data_output/landuse/LU-1990-NATURAL.asc
ncols        168
nrows        136
xllcorner    455000.000000000000
yllcorner    2107000.000000000000
cellsize     500.000000000000
NODATA_value  -99999
[rows 81 to 107 of 136, columns 0 to 59 of 168]
0 0 0 0 0 0 0 0 0 0 0 0 0 0 0 0 1 1 1 1 1 1 1 1 1 1 1 1 1 1 1 1 0.8559849858283996582 0.6544520258903503418 1 0.98588001728057861328 0.53611397743225097656 0.3178659975528717041 0.35262399911880493164 0.0071069998666644096375 0.0012929999502375721931 0.011536999605596065521 0.0023219999857246875763 0.060458000749349594116 0.79119700193405151367 0.52083897590637207031 0.07739699631929397583 0.084034003317356109619 0.15556600689888000488 0.14512500166893005371 0.31398800015449523926 0.67065101861953735352 0.10292000323534011841 0.012767000123858451843 0.02250799909234046936 0.030457999557256698608 0.42554399371147155762 0.20186799764633178711 0.023314999416470527649 0.13499499857425689697
0 0 0 0 0 0 0 0 0 0 0 0 0 0 0 0 0.99999600648880004883 1 1 1 1 1 1 1 1 1 1 1 1 1 1 1 1 1 1 1 1 0.98368102312088012695 0.1055260002613067627 0 0 0 0 0.081814996898174285889 0.86293202638626098633 0.55120301246643066406 0.68217599391937255859 0.66340899467468261719 0.87682998180389404297 0.40692099928855895996 0.38190099596977233887 0.2776750028133392334 0.019161999225616455078 0 0.038056001067161560059 0 0.021081000566482543945 0.02227099984884262085 0.034809000790119171143 0.037723999470472335815
0 0 0 0 0 0 0 0 0 0 0 0 0 0 0 0 0 1 1 1 1 1 1 1 1 1 1 1 1 1 1 1 1 1 1 1 1 0.78106802701950073242 0.0064670001156628131866 0.0079619996249675750732 0.00020599999697878956795 0.014356999658048152924 0 0.00039199998718686401844 0.12007299810647964478 0.80129200220108032227 0.99990898370742797852 1 1 1 0.96009302139282226563 0.03378799930214881897 0.013597999699413776398 0.14075399935245513916 0.073003001511096954346 0.0032309999223798513412 0 0.034867998212575912476 0.14269499480724334717 0.027313999831676483154
0 0 0 0 0 0 0 0 0 0 0 0 0 0 0 0 0 0 0.99999600648880004883 1 1 1 1 1 1 1 1 1 1 1 1 1 1 1 1 1 1 0.8014100193977355957 0.15148499608039855957 0.0004900000058114528656 0 0.027061000466346740723 0 0 0 0.47405299544334411621 0.98201197385787963867 0.927577972412109375 1 0.91404402256011962891 0.63619899749755859375 0.037007998675107955933 0.19123199582099914551 0 0.0010359999723732471466 0.059650000184774398804 0.029402000829577445984 0.15180000662803649902 0.16431300342082977295 0.0862599983811378479
0 0 0 0 0 0 0 0 0 0 0 0 0 0 0 0 0 0 0 1 1 1 1 1 1 1 1 1 1 1 1 1 1 1 1 1 1 1 0.93242698907852172852 0.060033999383449554443 0.0013370000524446368217 0.0069889998994767665863 0.0094689996913075447083 0 0 0.0032949999440461397171 0.067395001649856567383 0.031858000904321670532 0.059788998216390609741 0.0030890000052750110626 0.0042480002157390117645 0.26855298876762390137 0.11913499981164932251 0 0 0.011433999985456466675 0.30949598550796508789 0.78156101703643798828 0.37581101059913635254 0.084025003015995025635
0 0 0 0 0 0 0 0 0 0 0 0 0 0 0 0 0 0 0 1 1 1 1 1 1 1 1 1 1 1 1 1 1 1 1 1 1 1 0.59758400917053222656 0 0.0098280003294348716736 0 0 0 0 0 0 0.0079809995368123054504 0.12681099772453308105 0.47594100236892700195 0.0920619964599609375 0 0.00050999998347833752632 0 0.058040998876094818115 0.036612000316381454468 0.31990098953247070313 0.848423004150390625 0.70181697607040405273 0.45446300506591796875
0 0 0 0 0 0 0 0 0 0 0 0 0 0 0 0 0 0 0 1 1 1 1 1 1 1 1 1 1 1 1 1 1 1 1 1 1 1 0.8251330256462097168 0.0044300002045929431915 0 0 0.012742999941110610962 0.040176000446081161499 0.0074829999357461929321 0 0.18279899656772613525 0.97596502304077148438 1 0.84616398811340332031 0.3657970130443572998 6.7000000854022800922e-05 0.00089800002751871943474 0 0.00075100001413375139236 0.086537003517150878906 0.18275099992752075195 0.33259600400924682617 0.84663498401641845703 0.18303599953651428223
0 0 0 0 0 0 0 0 0 0 0 0 0 0 0 0 0 0 0 1 1 1 1 1 1 1 1 1 1 1 1 1 1 1 1 1 1 1 0.84575599431991577148 0.40856799483299255371 0.20929899811744689941 0.041643001139163970947 0 0.10872499644756317139 0.15134499967098236084 0.21520300209522247314 0.63520801067352294922 0.99274599552154541016 0.97064197063446044922 0.28710600733757019043 0.23043300211429595947 0.13578499853610992432 0.025260999798774719238 0.0013640000252053141594 0 0.00063299998873844742775 0 0.0034169999416917562485 0.55582398176193237305 0.16711699962615966797
0 0 0 0 0 0 0 0 0 0 0 0 0 0 0 0 0 0 0 1 1 1 1 1 1 1 1 1 1 1 1 1 1 1 1 1 1 1 1 1 1 0.87233400344848632813 0.59229201078414916992 0.97293901443481445313 1 0.91219002008438110352 1 1 1 1 1 0.79116100072860717773 0.54994601011276245117 0.016271000728011131287 0 0.023730000481009483337 0.30039700865745544434 0.4735609889030456543 0.56694298982620239258 0.49845799803733825684
0 0 0 0 0 0 0 0 0 0 0 0 0 0 0 0 0 0 0 1 1 1 1 1 1 1 1 1 1 1 1 1 1 1 1 1 1 1 1 1 1 1 1 1 1 1 1 1 1 1 1 0.89346301555633544922 0.59328997135162353516 0.49605700373649597168 0.54600900411605834961 0.86518102884292602539 1 0.92605698108673095703 0.68071800470352172852 1
0 0 0 0 0 0 0 0 0 0 0 0 0 0 0 0 0 0 0 1 1 1 1 1 1 1 1 1 1 1 1 1 1 1 1 1 1 1 1 1 1 1 1 1 1 1 1 1 1 1 1 1 1 1 1 1 1 0.92526197433471679688 0.58083701133728027344 0.95943701267242431641
0 0 0 0 0 0 0 0 0 0 0 0 0 0 0 0 0 0 1 1 1 1 1 1 1 1 1 1 1 1 1 1 1 1 1 1 1 1 1 1 1 1 1 1 1 1 1 1 1 1 1 1 1 1 1 1 1 1 1 1
0 0 0 0 0 0 0 0 0 0 0 0 0 0 0 0 0 0 1 1 1 1 1 1 1 1 1 1 1 1 1 1 1 1 1 1 1 1 1 1 1 1 1 1 1 1 1 1 1 1 1 1 1 1 1 1 1 1 1 1
0 0 0 0 0 0 0 0 0 0 0 0 0 0 0 0 0 0 1 1 1 1 1 1 1 1 1 1 1 1 1 1 1 1 1 1 1 1 1 1 1 1 1 1 1 1 1 1 1 1 1 1 1 1 1 1 1 1 1 1
0 0 0 0 0 0 0 0 0 0 0 0 0 0 0 0 0 0 0 0 1 1 1 1 1 1 1 1 1 1 1 1 1 1 1 1 1 1 1 1 1 1 1 1 1 1 1 1 1 1 1 1 1 1 1 1 1 1 1 1
0 0 0 0 0 0 0 0 0 0 0 0 0 0 0 0 0 0 0 0 0 1 1 1 1 1 1 1 1 1 1 1 1 1 1 1 1 1 1 1 1 1 1 1 1 1 1 1 1 1 1 1 1 1 1 1 1 1 1 1
0 0 0 0 0 0 0 0 0 0 0 0 0 0 0 0 0 0 0 0 0 0 0 0 1 1 1 1 1 1 1 1 1 1 1 1 1 1 1 1 1 1 1 1 1 1 1 1 1 1 1 1 1 1 1 1 1 1 1 1
0 0 0 0 0 0 0 0 0 0 0 0 0 0 0 0 0 0 0 0 0 0 0 0 1 1 1 1 1 1 1 1 1 1 1 1 1 1 1 1 1 1 1 1 1 1 1 1 1 1 1 1 1 1 1 1 1 1 1 1
0 0 0 0 0 0 0 0 0 0 0 0 0 0 0 0 0 0 0 0 0 0 0 0 1 1 1 1 1 1 1 1 1 1 1 1 1 1 1 1 1 1 1 1 1 1 1 1 1 1 1 1 1 1 1 1 1 1 1 1
0 0 0 0 0 0 0 0 0 0 0 0 0 0 0 0 0 0 0 0 0 0 0 0 0 1 1 1 1 1 1 1 1 1 1 1 1 1 1 1 1 1 1 1 1 1 1 1 1 1 1 1 1 1 1 1 1 1 1 1
0 0 0 0 0 0 0 0 0 0 0 0 0 0 0 0 0 0 0 0 0 0 0 0 0 0 1 1 1 1 1 1 1 1 0 1 1 1 1 1 1 1 1 1 1 1 1 1 1 1 1 1 1 1 1 1 1 1 1 1
0 0 0 0 0 0 0 0 0 0 0 0 0 0 0 0 0 0 0 0 0 0 0 0 0 0 0 0 0 0 1 0 0 0 0 0 1 1 1 1 1 1 1 1 1 1 1 1 1 1 1 1 1 1 1 1 1 1 0.88096702098846435547 1
0 0 0 0 0 0 0 0 0 0 0 0 0 0 0 0 0 0 0 0 0 0 0 0 0 0 0 0 0 0 0 0 0 0 0 0 0 0 0.99999600648880004883 1 1 1 1 1 1 1 1 1 1 1 1 1 1 1 1 1 1 0.99980998039245605469 0.13688999414443969727 0.176973000168800354
0 0 0 0 0 0 0 0 0 0 0 0 0 0 0 0 0 0 0 0 0 0 0 0 0 0 0 0 0 0 0 0 0 0 0 0 0 0 0 1 1 1 1 1 1 1 1 1 1 1 1 1 1 1 1 1 1 1 0.78122699260711669922 0.82249701023101806641
0 0 0 0 0 0 0 0 0 0 0 0 0 0 0 0 0 0 0 0 0 0 0 0 0 0 0 0 0 0 0 0 0 0 0 0 0 0 0 1 1 1 1 1 1 1 1 1 1 1 1 1 1 1 1 1 1 1 1 1
0 0 0 0 0 0 0 0 0 0 0 0 0 0 0 0 0 0 0 0 0 0 0 0 0 0 0 0 0 0 0 0 0 0 0 0 0 0 0 0 0 1 1 1 1 1 1 1 1 1 1 1 1 1 1 1 1 1 1 1
0 0 0 0 0 0 0 0 0 0 0 0 0 0 0 0 0 0 0 0 0 0 0 0 0 0 0 0 0 0 0 0 0 0 0 0 0 0 0 0 0 0.99999600648880004883 1 1 1 1 1 1 1 1 1 1 1 1 1 1 1 1 1 1
