data_output/RCH/Precip_1998_05.asc
ncols        168
nrows        136
xllcorner    455000
yllcorner    2107000
cellsize     500
NODATA_value     -99999
[rows 38 to 75 of 136, columns 0 to 83 of 168]
0.96 1.61 2.27 2.92 3.56 4.18 4.78 5.34 5.87 6.35 6.77 7.14 7.43 7.66 7.80 7.85 7.80 7.62 7.37 7.15 6.94 6.72 6.51 6.30 6.10 5.89 5.69 5.49 5.30 5.11 4.92 4.73 4.55 4.36 4.19 4.01 3.84 3.67 3.51 3.34 3.18 3.03 2.88 2.73 2.58 2.44 2.30 2.17 2.04 1.91 1.79 1.67 1.56 1.45 1.34 1.24 1.14 1.04 0.95 0.87 0.78 0.71 0.63 0.57 0.50 0.44 0.39 0.34 0.29 0.25 0.22 0.18 0.16 0.14 0.13 0.13 0.15 0.18 0.22 0.27 0.34 0.42 0.52 0.62
0.99 1.60 2.21 2.82 3.42 4.01 4.57 5.11 5.60 6.06 6.46 6.81 7.09 7.29 7.42 7.46 7.40 7.25 7.04 6.83 6.62 6.41 6.21 6.00 5.80 5.61 5.41 5.22 5.03 4.84 4.66 4.48 4.30 4.12 3.95 3.78 3.62 3.45 3.30 3.14 2.99 2.84 2.69 2.55 2.41 2.28 2.15 2.02 1.89 1.77 1.66 1.55 1.44 1.33 1.23 1.14 1.05 0.96 0.87 0.80 0.72 0.65 0.59 0.52 0.47 0.42 0.37 0.33 0.29 0.25 0.23 0.20 0.18 0.17 0.16 0.17 0.20 0.23 0.29 0.35 0.43 0.51 0.61 0.72
1.09 1.64 2.21 2.78 3.34 3.89 4.41 4.92 5.38 5.81 6.19 6.51 6.77 6.96 7.07 7.10 7.03 6.89 6.69 6.49 6.28 6.08 5.88 5.68 5.49 5.30 5.11 4.92 4.74 4.56 4.38 4.21 4.04 3.87 3.70 3.54 3.38 3.22 3.07 2.92 2.78 2.63 2.50 2.36 2.23 2.10 1.98 1.86 1.74 1.63 1.52 1.41 1.31 1.21 1.12 1.03 0.95 0.87 0.79 0.72 0.65 0.59 0.53 0.48 0.43 0.39 0.35 0.31 0.28 0.26 0.24 0.22 0.21 0.20 0.19 0.21 0.24 0.29 0.35 0.42 0.50 0.59 0.70 0.81
1.22 1.72 2.24 2.76 3.28 3.78 4.27 4.74 5.17 5.57 5.92 6.21 6.45 6.62 6.71 6.72 6.66 6.53 6.35 6.16 5.97 5.77 5.58 5.38 5.20 5.01 4.83 4.65 4.47 4.30 4.12 3.96 3.79 3.63 3.47 3.31 3.16 3.01 2.86 2.72 2.58 2.45 2.31 2.18 2.06 1.94 1.82 1.71 1.60 1.49 1.39 1.29 1.20 1.11 1.02 0.94 0.86 0.79 0.72 0.66 0.60 0.54 0.49 0.44 0.40 0.37 0.33 0.31 0.28 0.27 0.25 0.25 0.24 0.22 0.22 0.23 0.27 0.33 0.39 0.47 0.56 0.66 0.77 0.89
1.37 1.82 2.29 2.76 3.23 3.69 4.14 4.57 4.96 5.33 5.64 5.91 6.12 6.26 6.34 6.35 6.31 6.19 6.03 5.85 5.67 5.48 5.29 5.10 4.92 4.74 4.56 4.39 4.22 4.05 3.88 3.72 3.56 3.40 3.25 3.10 2.95 2.81 2.67 2.53 2.40 2.27 2.15 2.02 1.90 1.79 1.68 1.57 1.47 1.37 1.27 1.18 1.09 1.01 0.93 0.86 0.79 0.72 0.66 0.60 0.55 0.50 0.46 0.42 0.38 0.35 0.33 0.31 0.29 0.28 0.28 0.27 0.26 0.25 0.24 0.25 0.29 0.35 0.43 0.51 0.61 0.72 0.83 0.96
1.55 1.94 2.35 2.77 3.19 3.61 4.01 4.39 4.75 5.08 5.36 5.59 5.77 5.89 5.97 5.99 5.96 5.86 5.71 5.55 5.38 5.21 5.02 4.84 4.67 4.49 4.32 4.15 3.98 3.82 3.66 3.50 3.35 3.20 3.05 2.91 2.77 2.63 2.49 2.36 2.24 2.11 1.99 1.88 1.76 1.65 1.55 1.45 1.35 1.26 1.17 1.08 1.00 0.93 0.85 0.79 0.72 0.66 0.61 0.56 0.51 0.47 0.43 0.40 0.37 0.35 0.33 0.32 0.31 0.31 0.30 0.30 0.28 0.27 0.26 0.27 0.30 0.36 0.44 0.54 0.64 0.76 0.88 1.01
1.73 2.07 2.42 2.78 3.15 3.52 3.88 4.22 4.53 4.81 5.06 5.26 5.41 5.52 5.61 5.64 5.62 5.54 5.40 5.26 5.11 4.94 4.78 4.60 4.43 4.26 4.09 3.93 3.77 3.61 3.45 3.30 3.15 3.01 2.87 2.73 2.59 2.46 2.33 2.21 2.08 1.97 1.85 1.74 1.64 1.53 1.43 1.34 1.25 1.16 1.08 1.00 0.92 0.85 0.79 0.72 0.67 0.61 0.56 0.52 0.48 0.45 0.42 0.39 0.37 0.35 0.34 0.33 0.33 0.33 0.33 0.32 0.30 0.29 0.27 0.28 0.32 0.37 0.45 0.55 0.66 0.78 0.91 1.05
1.93 2.20 2.49 2.80 3.11 3.42 3.73 4.02 4.29 4.53 4.74 4.90 5.04 5.17 5.26 5.30 5.30 5.22 5.11 4.98 4.84 4.69 4.54 4.38 4.21 4.05 3.88 3.72 3.57 3.42 3.27 3.12 2.98 2.83 2.70 2.56 2.43 2.31 2.18 2.06 1.95 1.84 1.73 1.62 1.52 1.42 1.33 1.24 1.15 1.07 1.00 0.92 0.85 0.79 0.73 0.67 0.62 0.57 0.53 0.49 0.46 0.43 0.41 0.39 0.37 0.36 0.36 0.36 0.36 0.36 0.35 0.34 0.32 0.30 0.29 0.29 0.32 0.38 0.46 0.56 0.67 0.80 0.94 1.08
2.13 2.33 2.56 2.80 3.06 3.32 3.57 3.81 4.03 4.22 4.39 4.54 4.69 4.82 4.92 4.97 4.98 4.92 4.82 4.71 4.58 4.45 4.31 4.16 4.01 3.85 3.69 3.54 3.39 3.24 3.09 2.95 2.81 2.68 2.54 2.42 2.29 2.17 2.05 1.94 1.82 1.72 1.61 1.51 1.42 1.33 1.24 1.15 1.07 1.00 0.93 0.86 0.80 0.74 0.68 0.63 0.59 0.54 0.51 0.48 0.45 0.42 0.41 0.39 0.38 0.38 0.38 0.38 0.38 0.38 0.37 0.35 0.34 0.31 0.30 0.30 0.33 0.38 0.46 0.55 0.67 0.80 0.94 1.09
2.32 2.45 2.61 2.79 2.99 3.19 3.38 3.57 3.74 3.89 4.04 4.19 4.34 4.48 4.59 4.66 4.67 4.63 4.54 4.44 4.34 4.22 4.09 3.96 3.82 3.67 3.52 3.37 3.22 3.08 2.94 2.80 2.66 2.53 2.41 2.28 2.16 2.04 1.93 1.82 1.72 1.61 1.51 1.42 1.33 1.24 1.16 1.08 1.00 0.93 0.87 0.81 0.75 0.69 0.64 0.60 0.56 0.52 0.49 0.47 0.44 0.43 0.41 0.41 0.40 0.41 0.41 0.41 0.40 0.40 0.38 0.37 0.35 0.32 0.30 0.31 0.34 0.39 0.46 0.55 0.66 0.80 0.94 1.10
2.50 2.56 2.65 2.76 2.89 3.03 3.16 3.29 3.41 3.54 3.69 3.85 4.01 4.15 4.27 4.35 4.38 4.35 4.28 4.19 4.10 3.99 3.88 3.76 3.63 3.50 3.36 3.22 3.07 2.93 2.80 2.66 2.53 2.41 2.28 2.16 2.05 1.93 1.83 1.72 1.62 1.52 1.43 1.34 1.25 1.17 1.09 1.02 0.95 0.88 0.82 0.76 0.71 0.66 0.62 0.58 0.54 0.51 0.48 0.46 0.45 0.44 0.43 0.43 0.43 0.43 0.43 0.43 0.42 0.41 0.40 0.38 0.36 0.33 0.31 0.31 0.34 0.39 0.46 0.55 0.66 0.78 0.93 1.09
2.66 2.64 2.66 2.71 2.77 2.84 2.91 2.98 3.08 3.21 3.36 3.53 3.69 3.84 3.96 4.05 4.10 4.08 4.02 3.95 3.87 3.78 3.68 3.57 3.46 3.34 3.21 3.08 2.94 2.80 2.67 2.54 2.42 2.29 2.17 2.06 1.95 1.84 1.73 1.63 1.54 1.44 1.35 1.27 1.18 1.11 1.03 0.96 0.90 0.84 0.78 0.73 0.68 0.64 0.60 0.56 0.53 0.51 0.49 0.47 0.46 0.45 0.45 0.45 0.46 0.46 0.45 0.45 0.44 0.43 0.41 0.39 0.37 0.34 0.32 0.32 0.34 0.38 0.45 0.54 0.65 0.77 0.91 1.07
2.79 2.70 2.64 2.61 2.60 2.60 2.62 2.67 2.76 2.89 3.04 3.21 3.38 3.53 3.67 3.77 3.82 3.82 3.77 3.71 3.65 3.57 3.49 3.39 3.29 3.19 3.07 2.95 2.82 2.69 2.56 2.44 2.31 2.19 2.08 1.97 1.86 1.75 1.65 1.56 1.46 1.37 1.29 1.21 1.13 1.06 0.99 0.92 0.86 0.80 0.75 0.70 0.66 0.62 0.59 0.56 0.53 0.51 0.49 0.48 0.48 0.47 0.48 0.48 0.48 0.48 0.48 0.47 0.46 0.44 0.42 0.40 0.37 0.34 0.32 0.32 0.34 0.38 0.45 0.53 0.64 0.76 0.90 1.05
2.89 2.72 2.58 2.48 2.39 2.33 2.32 2.36 2.45 2.58 2.74 2.91 3.08 3.24 3.38 3.49 3.55 3.56 3.53 3.49 3.44 3.37 3.30 3.22 3.13 3.04 2.94 2.83 2.71 2.59 2.47 2.34 2.23 2.11 2.00 1.89 1.79 1.68 1.59 1.49 1.41 1.32 1.24 1.16 1.09 1.02 0.95 0.89 0.83 0.78 0.73 0.69 0.65 0.62 0.59 0.56 0.54 0.52 0.51 0.50 0.50 0.50 0.51 0.51 0.51 0.50 0.50 0.48 0.47 0.45 0.43 0.41 0.38 0.35 0.32 0.32 0.33 0.38 0.44 0.52 0.62 0.74 0.88 1.03
2.96 2.70 2.48 2.30 2.14 2.05 2.02 2.06 2.15 2.28 2.44 2.61 2.79 2.96 3.11 3.22 3.30 3.32 3.30 3.27 3.23 3.18 3.13 3.06 2.98 2.90 2.81 2.71 2.61 2.50 2.38 2.27 2.15 2.04 1.93 1.83 1.73 1.63 1.53 1.44 1.36 1.28 1.20 1.12 1.05 0.99 0.93 0.87 0.82 0.77 0.72 0.68 0.65 0.62 0.59 0.57 0.55 0.54 0.53 0.53 0.53 0.54 0.54 0.54 0.53 0.52 0.51 0.50 0.48 0.46 0.44 0.41 0.38 0.35 0.32 0.31 0.33 0.37 0.43 0.51 0.61 0.72 0.86 1.01
2.98 2.63 2.33 2.07 1.88 1.77 1.75 1.78 1.87 2.00 2.15 2.33 2.51 2.68 2.84 2.97 3.05 3.09 3.08 3.07 3.04 3.00 2.96 2.90 2.84 2.77 2.69 2.60 2.51 2.41 2.31 2.20 2.09 1.98 1.88 1.78 1.68 1.58 1.49 1.41 1.32 1.24 1.17 1.10 1.03 0.97 0.91 0.86 0.81 0.76 0.72 0.69 0.66 0.63 0.61 0.59 0.57 0.57 0.56 0.56 0.57 0.57 0.57 0.56 0.55 0.54 0.53 0.52 0.50 0.47 0.45 0.42 0.39 0.35 0.32 0.31 0.32 0.36 0.42 0.50 0.59 0.71 0.84 0.98
2.94 2.51 2.13 1.83 1.63 1.51 1.48 1.51 1.59 1.72 1.88 2.06 2.24 2.42 2.58 2.72 2.82 2.86 2.87 2.87 2.85 2.83 2.80 2.75 2.70 2.64 2.58 2.50 2.42 2.34 2.24 2.15 2.04 1.94 1.84 1.74 1.64 1.55 1.46 1.38 1.30 1.22 1.15 1.08 1.02 0.96 0.91 0.86 0.81 0.77 0.73 0.70 0.67 0.65 0.63 0.61 0.60 0.60 0.60 0.60 0.60 0.60 0.59 0.59 0.58 0.56 0.55 0.53 0.51 0.48 0.46 0.42 0.39 0.35 0.32 0.31 0.32 0.35 0.41 0.48 0.57 0.69 0.81 0.96
2.85 2.33 1.91 1.60 1.38 1.26 1.22 1.25 1.33 1.46 1.62 1.79 1.98 2.17 2.34 2.48 2.59 2.65 2.67 2.68 2.68 2.66 2.64 2.61 2.57 2.53 2.47 2.41 2.34 2.26 2.18 2.10 2.00 1.91 1.81 1.71 1.62 1.53 1.44 1.36 1.29 1.21 1.14 1.08 1.02 0.96 0.91 0.86 0.82 0.78 0.75 0.72 0.69 0.67 0.66 0.65 0.64 0.64 0.64 0.64 0.63 0.63 0.62 0.61 0.60 0.58 0.56 0.54 0.52 0.49 0.46 0.43 0.39 0.35 0.31 0.30 0.31 0.34 0.39 0.47 0.56 0.66 0.79 0.93
2.71 2.14 1.70 1.38 1.16 1.03 0.98 1.00 1.08 1.20 1.36 1.54 1.73 1.92 2.10 2.25 2.37 2.44 2.47 2.50 2.51 2.51 2.50 2.48 2.45 2.41 2.37 2.32 2.26 2.20 2.13 2.05 1.97 1.88 1.79 1.70 1.61 1.52 1.44 1.36 1.28 1.21 1.15 1.08 1.03 0.97 0.92 0.88 0.84 0.80 0.77 0.74 0.72 0.71 0.69 0.68 0.68 0.68 0.68 0.67 0.66 0.66 0.65 0.63 0.62 0.60 0.58 0.55 0.53 0.50 0.47 0.43 0.39 0.35 0.31 0.29 0.30 0.33 0.38 0.45 0.54 0.64 0.76 0.90
2.54 1.96 1.51 1.17 0.94 0.80 0.75 0.76 0.84 0.96 1.12 1.30 1.50 1.69 1.87 2.04 2.16 2.24 2.29 2.32 2.34 2.36 2.36 2.35 2.33 2.31 2.28 2.24 2.19 2.14 2.07 2.01 1.94 1.86 1.78 1.69 1.61 1.52 1.44 1.36 1.29 1.22 1.16 1.10 1.04 0.99 0.95 0.90 0.87 0.83 0.80 0.78 0.76 0.74 0.73 0.73 0.73 0.72 0.71 0.71 0.70 0.68 0.67 0.65 0.64 0.62 0.59 0.57 0.54 0.50 0.47 0.43 0.39 0.35 0.31 0.29 0.29 0.32 0.37 0.43 0.52 0.62 0.74 0.87
2.39 1.79 1.32 0.97 0.73 0.59 0.53 0.54 0.61 0.73 0.89 1.07 1.27 1.47 1.66 1.83 1.96 2.05 2.11 2.16 2.19 2.21 2.23 2.23 2.23 2.21 2.19 2.16 2.12 2.08 2.03 1.97 1.91 1.84 1.77 1.70 1.62 1.53 1.46 1.38 1.31 1.24 1.18 1.12 1.07 1.02 0.98 0.94 0.90 0.87 0.84 0.82 0.80 0.79 0.78 0.78 0.77 0.76 0.75 0.74 0.73 0.71 0.70 0.68 0.66 0.63 0.61 0.58 0.55 0.51 0.47 0.43 0.39 0.34 0.30 0.28 0.28 0.31 0.35 0.42 0.50 0.60 0.71 0.84
2.25 1.63 1.15 0.79 0.54 0.39 0.32 0.32 0.39 0.51 0.66 0.85 1.05 1.25 1.45 1.62 1.77 1.87 1.94 2.00 2.04 2.08 2.10 2.12 2.12 2.12 2.11 2.09 2.06 2.03 1.99 1.94 1.89 1.83 1.77 1.70 1.63 1.56 1.48 1.41 1.34 1.27 1.21 1.16 1.10 1.06 1.01 0.98 0.94 0.91 0.89 0.87 0.85 0.84 0.83 0.83 0.82 0.80 0.79 0.78 0.76 0.74 0.72 0.70 0.67 0.65 0.62 0.59 0.55 0.52 0.48 0.44 0.39 0.34 0.30 0.27 0.27 0.30 0.34 0.40 0.48 0.58 0.69 0.81
2.12 1.49 0.99 0.62 0.36 0.20 0.12 0.12 0.18 0.30 0.45 0.64 0.84 1.05 1.25 1.43 1.59 1.70 1.78 1.85 1.91 1.95 1.99 2.01 2.03 2.04 2.03 2.03 2.01 1.98 1.95 1.92 1.87 1.82 1.77 1.71 1.65 1.58 1.51 1.44 1.38 1.31 1.25 1.20 1.15 1.10 1.06 1.02 0.99 0.96 0.94 0.92 0.91 0.90 0.89 0.87 0.86 0.84 0.83 0.81 0.79 0.77 0.75 0.72 0.69 0.67 0.63 0.60 0.56 0.52 0.48 0.44 0.39 0.34 0.29 0.27 0.26 0.28 0.32 0.38 0.46 0.55 0.66 0.78
2.00 1.36 0.85 0.46 0.19 0.02 0.00 0.00 0.00 0.10 0.25 0.44 0.64 0.85 1.06 1.25 1.41 1.54 1.63 1.71 1.77 1.83 1.88 1.91 1.94 1.96 1.97 1.97 1.96 1.94 1.92 1.89 1.86 1.82 1.77 1.72 1.67 1.61 1.55 1.49 1.42 1.36 1.30 1.25 1.20 1.15 1.11 1.08 1.05 1.02 1.00 0.98 0.97 0.96 0.94 0.92 0.91 0.89 0.87 0.85 0.82 0.80 0.77 0.74 0.71 0.68 0.65 0.61 0.57 0.53 0.49 0.44 0.39 0.34 0.29 0.26 0.26 0.27 0.31 0.36 0.44 0.53 0.63 0.75
1.90 1.24 0.71 0.32 0.03 0.00 0.00 0.00 0.00 0.00 0.06 0.24 0.45 0.66 0.88 1.07 1.25 1.38 1.48 1.57 1.65 1.72 1.77 1.82 1.86 1.88 1.90 1.91 1.91 1.91 1.90 1.88 1.85 1.82 1.78 1.74 1.70 1.65 1.59 1.54 1.48 1.42 1.36 1.31 1.26 1.21 1.18 1.14 1.11 1.09 1.07 1.05 1.03 1.01 0.99 0.97 0.95 0.93 0.91 0.88 0.85 0.83 0.80 0.77 0.73 0.70 0.66 0.62 0.58 0.54 0.49 0.44 0.39 0.33 0.28 0.25 0.25 0.26 0.29 0.35 0.42 0.51 0.61 0.73
1.81 1.13 0.59 0.18 0.00 0.00 0.00 0.00 0.00 0.00 0.00 0.06 0.27 0.49 0.70 0.91 1.09 1.23 1.34 1.44 1.53 1.61 1.68 1.73 1.78 1.82 1.84 1.86 1.88 1.88 1.87 1.86 1.85 1.82 1.80 1.76 1.72 1.68 1.64 1.59 1.53 1.48 1.42 1.37 1.32 1.28 1.24 1.21 1.18 1.16 1.14 1.11 1.09 1.07 1.05 1.02 1.00 0.97 0.94 0.92 0.89 0.86 0.82 0.79 0.75 0.72 0.68 0.63 0.59 0.54 0.49 0.44 0.39 0.33 0.28 0.25 0.24 0.25 0.28 0.33 0.40 0.48 0.58 0.70
1.73 1.04 0.48 0.05 0.00 0.00 0.00 0.00 0.00 0.00 0.00 0.00 0.10 0.32 0.54 0.75 0.94 1.09 1.21 1.32 1.42 1.51 1.59 1.65 1.71 1.76 1.79 1.82 1.84 1.85 1.86 1.86 1.85 1.83 1.81 1.79 1.75 1.72 1.68 1.64 1.59 1.55 1.49 1.44 1.40 1.36 1.32 1.29 1.26 1.23 1.21 1.18 1.15 1.13 1.10 1.07 1.04 1.01 0.98 0.95 0.92 0.89 0.85 0.81 0.78 0.73 0.69 0.65 0.60 0.55 0.50 0.45 0.39 0.33 0.27 0.24 0.23 0.24 0.27 0.31 0.38 0.46 0.56 0.67
1.66 0.95 0.38 0.00 0.00 0.00 0.00 0.00 0.00 0.00 0.00 0.00 0.00 0.16 0.38 0.60 0.79 0.96 1.09 1.21 1.32 1.42 1.50 1.58 1.64 1.70 1.75 1.78 1.81 1.83 1.84 1.85 1.85 1.84 1.83 1.81 1.79 1.76 1.73 1.69 1.65 1.61 1.57 1.52 1.48 1.44 1.40 1.37 1.34 1.31 1.28 1.25 1.22 1.19 1.15 1.12 1.09 1.06 1.03 0.99 0.95 0.92 0.88 0.84 0.80 0.75 0.71 0.66 0.61 0.56 0.51 0.45 0.39 0.33 0.27 0.24 0.22 0.23 0.25 0.30 0.36 0.44 0.53 0.64
1.61 0.88 0.29 0.00 0.00 0.00 0.00 0.00 0.00 0.00 0.00 0.00 0.00 0.00 0.23 0.46 0.66 0.83 0.98 1.11 1.22 1.33 1.43 1.51 1.58 1.65 1.70 1.75 1.79 1.82 1.84 1.85 1.86 1.86 1.85 1.84 1.82 1.80 1.78 1.75 1.72 1.68 1.64 1.60 1.56 1.52 1.48 1.45 1.42 1.38 1.35 1.31 1.28 1.25 1.21 1.18 1.14 1.10 1.07 1.03 0.99 0.95 0.91 0.87 0.82 0.77 0.73 0.68 0.62 0.57 0.51 0.45 0.39 0.33 0.27 0.23 0.21 0.22 0.24 0.28 0.34 0.42 0.51 0.61
1.57 0.82 0.22 0.00 0.00 0.00 0.00 0.00 0.00 0.00 0.00 0.00 0.00 0.00 0.09 0.32 0.53 0.71 0.87 1.01 1.13 1.25 1.35 1.45 1.53 1.60 1.67 1.72 1.77 1.80 1.83 1.85 1.87 1.88 1.88 1.87 1.86 1.85 1.83 1.81 1.78 1.75 1.72 1.69 1.65 1.61 1.57 1.54 1.50 1.46 1.42 1.38 1.35 1.31 1.27 1.23 1.19 1.15 1.11 1.07 1.03 0.98 0.94 0.89 0.84 0.80 0.74 0.69 0.64 0.58 0.52 0.46 0.40 0.33 0.27 0.23 0.21 0.21 0.23 0.27 0.33 0.40 0.49 0.59
1.53 0.77 0.15 0.00 0.00 0.00 0.00 0.00 0.00 0.00 0.00 0.00 0.00 0.00 0.00 0.20 0.41 0.60 0.76 0.91 1.05 1.18 1.29 1.39 1.48 1.56 1.63 1.70 1.75 1.79 1.83 1.86 1.88 1.90 1.90 1.91 1.90 1.90 1.88 1.87 1.85 1.82 1.80 1.77 1.74 1.70 1.67 1.62 1.58 1.54 1.50 1.45 1.41 1.37 1.33 1.29 1.24 1.20 1.16 1.11 1.06 1.02 0.97 0.92 0.87 0.82 0.76 0.71 0.65 0.59 0.53 0.47 0.40 0.33 0.27 0.23 0.20 0.20 0.22 0.26 0.31 0.38 0.46 0.56
1.51 0.73 0.09 0.00 0.00 0.00 0.00 0.00 0.00 0.00 0.00 0.00 0.00 0.00 0.00 0.08 0.30 0.50 0.67 0.83 0.97 1.11 1.23 1.34 1.44 1.53 1.61 1.68 1.74 1.79 1.83 1.87 1.90 1.92 1.94 1.94 1.95 1.95 1.94 1.93 1.92 1.90 1.88 1.85 1.83 1.79 1.75 1.71 1.66 1.62 1.57 1.53 1.48 1.43 1.39 1.34 1.30 1.25 1.20 1.15 1.10 1.05 1.00 0.95 0.90 0.84 0.79 0.73 0.67 0.61 0.54 0.48 0.41 0.34 0.27 0.23 0.20 0.20 0.21 0.25 0.30 0.36 0.44 0.54
1.50 0.70 0.05 0.00 0.00 0.00 0.00 0.00 0.00 0.00 0.00 0.00 0.00 0.00 0.00 0.00 0.19 0.40 0.58 0.75 0.90 1.04 1.17 1.29 1.40 1.50 1.59 1.66 1.73 1.79 1.84 1.88 1.92 1.95 1.97 1.98 1.99 2.00 2.00 1.99 1.98 1.97 1.95 1.93 1.91 1.88 1.84 1.80 1.75 1.70 1.65 1.60 1.55 1.50 1.45 1.40 1.35 1.30 1.25 1.20 1.15 1.09 1.04 0.98 0.93 0.87 0.81 0.75 0.68 0.62 0.55 0.49 0.41 0.34 0.27 0.23 0.20 0.19 0.21 0.24 0.28 0.35 0.43 0.52
1.51 0.69 0.02 0.00 0.00 0.00 0.00 0.00 0.00 0.00 0.00 0.00 0.00 0.00 0.00 0.00 0.10 0.31 0.50 0.67 0.84 0.99 1.13 1.25 1.37 1.47 1.57 1.65 1.73 1.79 1.85 1.90 1.94 1.98 2.00 2.03 2.04 2.05 2.06 2.06 2.05 2.04 2.03 2.01 1.99 1.96 1.92 1.88 1.83 1.78 1.73 1.68 1.62 1.57 1.51 1.46 1.41 1.35 1.30 1.24 1.19 1.13 1.07 1.02 0.96 0.90 0.83 0.77 0.70 0.64 0.57 0.50 0.42 0.35 0.28 0.23 0.20 0.19 0.20 0.23 0.27 0.33 0.41 0.50
1.52 0.68 0.00 0.00 0.00 0.00 0.00 0.00 0.00 0.00 0.00 0.00 0.00 0.00 0.00 0.00 0.01 0.23 0.42 0.61 0.78 0.94 1.08 1.22 1.34 1.45 1.55 1.64 1.73 1.80 1.86 1.92 1.97 2.01 2.04 2.07 2.09 2.11 2.12 2.12 2.12 2.12 2.11 2.09 2.07 2.04 2.00 1.96 1.92 1.87 1.81 1.75 1.70 1.64 1.58 1.52 1.47 1.41 1.35 1.29 1.23 1.17 1.11 1.05 0.99 0.93 0.86 0.79 0.73 0.66 0.58 0.51 0.44 0.36 0.29 0.23 0.20 0.19 0.20 0.22 0.26 0.32 0.39 0.48
1.54 0.68 0.00 0.00 0.00 0.00 0.00 0.00 0.00 0.00 0.00 0.00 0.00 0.00 0.00 0.00 0.00 0.15 0.35 0.55 0.73 0.89 1.04 1.19 1.32 1.44 1.54 1.64 1.73 1.81 1.88 1.94 2.00 2.04 2.08 2.11 2.14 2.16 2.18 2.19 2.19 2.19 2.18 2.16 2.14 2.11 2.08 2.04 2.00 1.95 1.89 1.83 1.77 1.71 1.65 1.59 1.53 1.47 1.40 1.34 1.28 1.22 1.15 1.09 1.02 0.96 0.89 0.82 0.75 0.68 0.60 0.53 0.45 0.37 0.29 0.24 0.21 0.19 0.20 0.22 0.26 0.31 0.38 0.46
1.58 0.70 0.00 0.00 0.00 0.00 0.00 0.00 0.00 0.00 0.00 0.00 0.00 0.00 0.00 0.00 0.00 0.08 0.29 0.49 0.68 0.85 1.01 1.16 1.30 1.42 1.54 1.64 1.74 1.82 1.90 1.97 2.03 2.08 2.12 2.16 2.19 2.22 2.24 2.25 2.26 2.26 2.25 2.23 2.21 2.19 2.15 2.12 2.07 2.02 1.97 1.91 1.85 1.79 1.72 1.66 1.59 1.53 1.46 1.40 1.33 1.26 1.20 1.13 1.06 0.99 0.92 0.85 0.77 0.70 0.62 0.54 0.46 0.38 0.31 0.25 0.21 0.20 0.20 0.22 0.25 0.30 0.37 0.44
1.62 0.72 0.00 0.00 0.00 0.00 0.00 0.00 0.00 0.00 0.00 0.00 0.00 0.00 0.00 0.00 0.00 0.01 0.23 0.44 0.64 0.82 0.98 1.14 1.28 1.42 1.54 1.65 1.75 1.84 1.92 2.00 2.06 2.12 2.17 2.21 2.25 2.28 2.30 2.32 2.32 2.32 2.32 2.30 2.28 2.26 2.23 2.19 2.15 2.10 2.05 1.99 1.93 1.86 1.79 1.73 1.66 1.59 1.52 1.45 1.38 1.31 1.24 1.17 1.10 1.03 0.95 0.88 0.80 0.72 0.65 0.56 0.48 0.40 0.32 0.26 0.22 0.20 0.20 0.22 0.25 0.30 0.36 0.43
