data_output/RCH/Precip_2005_03.asc
ncols        168
nrows        136
xllcorner    455000
yllcorner    2107000
cellsize     500
NODATA_value     -99999
[rows 36 to 71 of 136, columns 81 to 161 of 168]
1.58 1.62 1.65 1.67 1.68 1.68 1.68 1.67 1.66 1.64 1.61 1.59 1.56 1.53 1.50 1.47 1.45 1.42 1.40 1.38 1.36 1.36 1.35 1.36 1.37 1.39 1.42 1.46 1.51 1.58 1.65 1.75 1.85 1.97 2.11 2.26 2.43 2.62 2.83 3.08 3.35 3.65 3.99 4.35 4.70 4.98 5.20 5.36 5.46 5.51 5.53 5.53 5.52 5.48 5.44 5.38 5.31 5.23 5.14 5.04 4.93 4.82 4.70 4.58 4.45 4.33 4.20 4.07 3.95 3.82 3.70 3.59 3.48 3.37 3.28 3.19 3.11 3.05 2.99 2.95 2.93
1.65 1.68 1.69 1.70 1.70 1.70 1.68 1.67 1.64 1.62 1.59 1.55 1.52 1.49 1.45 1.42 1.39 1.36 1.33 1.31 1.30 1.29 1.28 1.29 1.30 1.32 1.36 1.40 1.45 1.52 1.60 1.70 1.81 1.93 2.07 2.23 2.41 2.61 2.83 3.07 3.35 3.65 3.99 4.36 4.71 5.00 5.22 5.39 5.50 5.57 5.62 5.64 5.66 5.65 5.63 5.60 5.55 5.49 5.42 5.34 5.25 5.15 5.05 4.94 4.83 4.71 4.60 4.48 4.36 4.24 4.12 4.01 3.90 3.80 3.70 3.61 3.53 3.45 3.39 3.34 3.31
1.71 1.73 1.73 1.73 1.72 1.71 1.68 1.66 1.63 1.59 1.56 1.52 1.48 1.44 1.40 1.36 1.33 1.30 1.27 1.25 1.23 1.22 1.21 1.22 1.23 1.26 1.29 1.34 1.39 1.47 1.55 1.65 1.77 1.90 2.05 2.21 2.40 2.60 2.83 3.08 3.35 3.66 4.00 4.37 4.73 5.02 5.25 5.43 5.55 5.65 5.73 5.79 5.83 5.85 5.86 5.85 5.83 5.79 5.74 5.68 5.61 5.53 5.44 5.35 5.25 5.14 5.03 4.92 4.81 4.69 4.58 4.47 4.36 4.26 4.16 4.07 3.98 3.90 3.83 3.78 3.73
1.77 1.77 1.77 1.75 1.73 1.71 1.68 1.64 1.60 1.56 1.52 1.48 1.43 1.39 1.34 1.30 1.26 1.23 1.20 1.18 1.16 1.15 1.14 1.15 1.16 1.19 1.23 1.27 1.34 1.41 1.50 1.60 1.73 1.86 2.02 2.19 2.39 2.60 2.84 3.09 3.37 3.68 4.02 4.40 4.76 5.06 5.30 5.48 5.64 5.77 5.89 5.98 6.04 6.10 6.13 6.14 6.14 6.13 6.10 6.06 6.01 5.94 5.87 5.79 5.70 5.61 5.51 5.41 5.30 5.19 5.09 4.98 4.87 4.77 4.67 4.57 4.48 4.40 4.32 4.25 4.20
1.81 1.81 1.79 1.77 1.74 1.71 1.67 1.62 1.58 1.53 1.48 1.43 1.38 1.33 1.28 1.24 1.20 1.16 1.13 1.10 1.08 1.07 1.07 1.08 1.09 1.12 1.16 1.21 1.28 1.36 1.45 1.56 1.69 1.83 1.99 2.17 2.38 2.60 2.84 3.11 3.40 3.71 4.06 4.44 4.81 5.11 5.36 5.58 5.77 5.94 6.08 6.20 6.30 6.38 6.44 6.48 6.51 6.51 6.51 6.49 6.45 6.41 6.35 6.28 6.21 6.12 6.04 5.94 5.84 5.74 5.64 5.53 5.43 5.32 5.22 5.12 5.03 4.94 4.86 4.78 4.72
1.85 1.84 1.81 1.78 1.74 1.70 1.65 1.60 1.54 1.49 1.43 1.38 1.32 1.27 1.22 1.17 1.13 1.09 1.05 1.03 1.01 1.00 0.99 1.00 1.02 1.05 1.09 1.15 1.22 1.30 1.40 1.52 1.65 1.80 1.97 2.16 2.37 2.60 2.85 3.13 3.43 3.76 4.11 4.49 4.86 5.18 5.46 5.72 5.95 6.15 6.32 6.48 6.60 6.71 6.80 6.87 6.91 6.94 6.96 6.96 6.94 6.91 6.87 6.82 6.76 6.69 6.61 6.53 6.43 6.34 6.24 6.14 6.04 5.93 5.83 5.73 5.63 5.54 5.45 5.37 5.29
1.89 1.86 1.82 1.78 1.73 1.68 1.62 1.57 1.51 1.44 1.38 1.32 1.26 1.20 1.15 1.10 1.05 1.01 0.98 0.95 0.93 0.92 0.92 0.93 0.95 0.98 1.02 1.08 1.16 1.24 1.35 1.47 1.61 1.77 1.95 2.14 2.36 2.60 2.87 3.15 3.46 3.80 4.16 4.55 4.94 5.29 5.61 5.90 6.17 6.40 6.61 6.80 6.96 7.09 7.21 7.30 7.37 7.43 7.46 7.48 7.49 7.48 7.45 7.41 7.37 7.31 7.24 7.16 7.08 6.99 6.90 6.80 6.70 6.60 6.49 6.39 6.29 6.19 6.10 6.01 5.92
1.91 1.87 1.82 1.77 1.71 1.65 1.59 1.53 1.46 1.39 1.32 1.26 1.19 1.13 1.07 1.02 0.97 0.93 0.90 0.87 0.85 0.84 0.84 0.85 0.87 0.91 0.95 1.02 1.10 1.19 1.30 1.43 1.57 1.74 1.92 2.13 2.36 2.61 2.88 3.18 3.50 3.85 4.23 4.63 5.04 5.43 5.79 6.12 6.42 6.69 6.93 7.15 7.34 7.50 7.64 7.76 7.86 7.94 8.00 8.04 8.06 8.07 8.06 8.04 8.00 7.96 7.90 7.83 7.76 7.68 7.59 7.49 7.40 7.29 7.19 7.09 6.98 6.88 6.78 6.68 6.59
1.91 1.86 1.81 1.75 1.68 1.62 1.55 1.47 1.40 1.33 1.26 1.19 1.12 1.05 0.99 0.94 0.89 0.84 0.81 0.78 0.76 0.75 0.76 0.77 0.79 0.83 0.89 0.95 1.04 1.14 1.25 1.39 1.54 1.71 1.91 2.12 2.36 2.62 2.91 3.21 3.55 3.91 4.30 4.70 5.12 5.54 5.94 6.31 6.64 6.95 7.23 7.47 7.69 7.89 8.06 8.21 8.33 8.43 8.51 8.57 8.62 8.64 8.65 8.65 8.62 8.59 8.55 8.49 8.42 8.35 8.27 8.18 8.08 7.98 7.88 7.77 7.67 7.56 7.45 7.35 7.25
1.90 1.84 1.78 1.71 1.64 1.57 1.49 1.41 1.33 1.26 1.18 1.11 1.04 0.97 0.91 0.85 0.80 0.75 0.72 0.69 0.67 0.67 0.67 0.69 0.72 0.76 0.82 0.89 0.98 1.08 1.21 1.35 1.51 1.69 1.90 2.12 2.37 2.64 2.94 3.26 3.61 3.98 4.37 4.78 5.21 5.64 6.06 6.47 6.84 7.18 7.49 7.77 8.02 8.25 8.45 8.62 8.77 8.90 9.00 9.08 9.15 9.19 9.22 9.23 9.22 9.20 9.17 9.12 9.07 9.00 8.92 8.84 8.75 8.65 8.55 8.44 8.33 8.22 8.11 8.00 7.89
1.88 1.81 1.74 1.66 1.59 1.51 1.42 1.34 1.26 1.18 1.10 1.02 0.95 0.88 0.81 0.76 0.70 0.66 0.63 0.60 0.59 0.58 0.59 0.61 0.64 0.69 0.75 0.83 0.93 1.04 1.17 1.32 1.49 1.68 1.90 2.13 2.39 2.67 2.98 3.31 3.67 4.05 4.45 4.87 5.30 5.73 6.16 6.59 7.00 7.38 7.72 8.04 8.32 8.58 8.81 9.01 9.18 9.34 9.46 9.57 9.65 9.72 9.76 9.79 9.80 9.79 9.77 9.74 9.69 9.63 9.56 9.48 9.39 9.30 9.20 9.09 8.98 8.87 8.75 8.64 8.52
1.84 1.77 1.69 1.61 1.52 1.44 1.35 1.26 1.17 1.09 1.01 0.93 0.85 0.78 0.72 0.66 0.61 0.57 0.53 0.51 0.50 0.50 0.51 0.53 0.57 0.62 0.69 0.78 0.88 1.00 1.14 1.30 1.48 1.68 1.90 2.15 2.42 2.71 3.03 3.38 3.74 4.13 4.53 4.95 5.39 5.82 6.26 6.70 7.13 7.55 7.93 8.28 8.59 8.88 9.14 9.37 9.57 9.75 9.90 10.03 10.13 10.21 10.28 10.32 10.35 10.36 10.35 10.32 10.29 10.24 10.17 10.10 10.02 9.93 9.83 9.72 9.61 9.49 9.38 9.26 9.13
1.80 1.72 1.63 1.54 1.45 1.36 1.27 1.18 1.09 1.00 0.91 0.83 0.76 0.69 0.62 0.56 0.51 0.47 0.44 0.42 0.41 0.41 0.43 0.46 0.50 0.56 0.64 0.73 0.84 0.97 1.12 1.29 1.48 1.69 1.92 2.18 2.46 2.77 3.10 3.45 3.82 4.21 4.61 5.04 5.48 5.92 6.36 6.80 7.25 7.68 8.10 8.48 8.83 9.15 9.44 9.70 9.93 10.13 10.30 10.46 10.58 10.69 10.77 10.83 10.87 10.90 10.90 10.89 10.86 10.82 10.77 10.70 10.62 10.53 10.44 10.33 10.22 10.10 9.98 9.86 9.73
1.75 1.66 1.56 1.47 1.37 1.28 1.18 1.09 1.00 0.91 0.82 0.74 0.66 0.59 0.52 0.47 0.42 0.38 0.35 0.34 0.33 0.34 0.36 0.39 0.44 0.51 0.59 0.69 0.81 0.95 1.10 1.28 1.48 1.71 1.95 2.22 2.52 2.84 3.17 3.53 3.90 4.29 4.70 5.13 5.58 6.02 6.47 6.91 7.36 7.80 8.24 8.66 9.04 9.39 9.71 10.00 10.25 10.48 10.68 10.86 11.01 11.13 11.23 11.31 11.37 11.41 11.43 11.43 11.42 11.38 11.34 11.28 11.21 11.12 11.03 10.92 10.81 10.69 10.57 10.44 10.30
1.69 1.59 1.49 1.39 1.29 1.19 1.09 1.00 0.90 0.81 0.72 0.64 0.56 0.49 0.43 0.38 0.33 0.29 0.27 0.26 0.25 0.27 0.29 0.33 0.39 0.46 0.55 0.66 0.79 0.94 1.10 1.29 1.50 1.74 2.00 2.28 2.59 2.91 3.25 3.61 3.99 4.38 4.80 5.23 5.68 6.12 6.57 7.02 7.47 7.92 8.36 8.80 9.22 9.60 9.95 10.27 10.55 10.81 11.04 11.23 11.41 11.55 11.67 11.77 11.85 11.90 11.93 11.95 11.94 11.92 11.89 11.83 11.77 11.69 11.60 11.50 11.38 11.26 11.14 11.00 10.86
1.62 1.52 1.42 1.31 1.21 1.11 1.00 0.90 0.81 0.71 0.63 0.54 0.47 0.40 0.34 0.29 0.24 0.21 0.19 0.18 0.19 0.20 0.24 0.28 0.35 0.43 0.53 0.64 0.78 0.94 1.12 1.32 1.54 1.79 2.06 2.35 2.66 2.99 3.34 3.70 4.08 4.48 4.89 5.33 5.78 6.23 6.68 7.13 7.58 8.03 8.48 8.93 9.36 9.78 10.16 10.51 10.82 11.11 11.36 11.58 11.78 11.94 12.09 12.20 12.30 12.37 12.42 12.44 12.45 12.44 12.41 12.37 12.31 12.23 12.15 12.05 11.94 11.82 11.69 11.55 11.40
1.55 1.44 1.34 1.23 1.12 1.02 0.91 0.81 0.71 0.62 0.53 0.45 0.38 0.31 0.25 0.20 0.16 0.13 0.12 0.11 0.12 0.15 0.19 0.24 0.32 0.40 0.51 0.64 0.79 0.96 1.14 1.36 1.59 1.85 2.13 2.43 2.75 3.08 3.43 3.79 4.18 4.58 5.00 5.44 5.89 6.34 6.79 7.25 7.70 8.15 8.60 9.05 9.49 9.93 10.34 10.72 11.06 11.37 11.65 11.90 12.12 12.31 12.47 12.61 12.72 12.81 12.87 12.91 12.93 12.93 12.91 12.88 12.82 12.76 12.67 12.58 12.47 12.35 12.22 12.08 11.93
1.48 1.37 1.26 1.15 1.04 0.93 0.82 0.72 0.62 0.53 0.44 0.36 0.29 0.23 0.17 0.13 0.09 0.07 0.06 0.06 0.07 0.11 0.15 0.22 0.30 0.39 0.51 0.65 0.81 0.99 1.19 1.41 1.66 1.93 2.22 2.52 2.84 3.18 3.53 3.89 4.28 4.68 5.10 5.54 6.00 6.45 6.91 7.36 7.82 8.27 8.72 9.17 9.62 10.06 10.49 10.90 11.27 11.61 11.92 12.19 12.43 12.65 12.83 12.99 13.12 13.22 13.30 13.36 13.39 13.40 13.39 13.37 13.32 13.26 13.18 13.09 12.98 12.86 12.73 12.58 12.43
1.40 1.29 1.18 1.06 0.95 0.84 0.74 0.64 0.54 0.45 0.36 0.28 0.21 0.15 0.10 0.06 0.03 0.01 0.00 0.01 0.04 0.07 0.13 0.20 0.29 0.40 0.53 0.68 0.85 1.04 1.25 1.49 1.75 2.02 2.31 2.62 2.94 3.28 3.63 4.00 4.39 4.79 5.22 5.66 6.11 6.57 7.02 7.48 7.94 8.39 8.84 9.29 9.74 10.18 10.62 11.05 11.45 11.82 12.15 12.45 12.72 12.96 13.16 13.34 13.49 13.61 13.70 13.78 13.82 13.85 13.85 13.83 13.79 13.74 13.66 13.57 13.47 13.35 13.22 13.07 12.92
1.32 1.21 1.10 0.99 0.87 0.76 0.66 0.56 0.46 0.37 0.28 0.21 0.14 0.08 0.04 0.00 0.00 0.00 0.00 0.00 0.01 0.06 0.12 0.20 0.30 0.42 0.56 0.72 0.90 1.11 1.33 1.58 1.85 2.12 2.42 2.72 3.05 3.39 3.74 4.11 4.50 4.91 5.33 5.77 6.23 6.69 7.14 7.60 8.06 8.51 8.97 9.42 9.86 10.31 10.74 11.18 11.60 12.00 12.36 12.68 12.98 13.24 13.46 13.66 13.83 13.97 14.08 14.17 14.23 14.27 14.28 14.27 14.24 14.19 14.13 14.04 13.94 13.82 13.69 13.54 13.38
1.22 1.13 1.02 0.91 0.80 0.69 0.58 0.48 0.39 0.30 0.22 0.14 0.08 0.03 0.00 0.00 0.00 0.00 0.00 0.00 0.00 0.06 0.13 0.22 0.33 0.46 0.61 0.78 0.98 1.20 1.43 1.69 1.95 2.23 2.53 2.84 3.16 3.50 3.86 4.23 4.62 5.03 5.45 5.90 6.35 6.81 7.27 7.72 8.18 8.64 9.09 9.54 9.99 10.43 10.87 11.30 11.73 12.14 12.53 12.89 13.20 13.49 13.74 13.96 14.15 14.31 14.43 14.54 14.61 14.66 14.69 14.69 14.67 14.63 14.56 14.48 14.38 14.27 14.14 13.99 13.83
1.12 1.03 0.94 0.84 0.73 0.62 0.51 0.41 0.32 0.24 0.16 0.09 0.03 0.00 0.00 0.00 0.00 0.00 0.00 0.00 0.01 0.07 0.16 0.26 0.38 0.52 0.68 0.87 1.08 1.30 1.55 1.80 2.07 2.35 2.65 2.96 3.29 3.63 3.98 4.36 4.75 5.16 5.58 6.02 6.48 6.93 7.39 7.85 8.31 8.76 9.22 9.67 10.12 10.56 11.00 11.43 11.85 12.27 12.68 13.06 13.40 13.71 13.99 14.23 14.44 14.61 14.76 14.88 14.97 15.03 15.07 15.08 15.07 15.04 14.98 14.91 14.81 14.70 14.57 14.42 14.26
1.01 0.93 0.85 0.76 0.66 0.56 0.46 0.36 0.27 0.19 0.11 0.05 0.00 0.00 0.00 0.00 0.00 0.00 0.00 0.00 0.03 0.11 0.20 0.31 0.45 0.60 0.78 0.98 1.19 1.43 1.67 1.93 2.20 2.48 2.78 3.09 3.42 3.76 4.12 4.49 4.88 5.29 5.71 6.16 6.61 7.07 7.52 7.98 8.44 8.89 9.34 9.80 10.24 10.68 11.12 11.55 11.98 12.39 12.80 13.20 13.57 13.90 14.20 14.47 14.70 14.89 15.06 15.19 15.30 15.38 15.43 15.45 15.45 15.42 15.37 15.30 15.21 15.10 14.97 14.83 14.66
0.89 0.83 0.76 0.68 0.60 0.51 0.41 0.31 0.23 0.15 0.08 0.02 0.00 0.00 0.00 0.00 0.00 0.00 0.00 0.01 0.08 0.16 0.27 0.39 0.54 0.70 0.89 1.10 1.32 1.56 1.80 2.06 2.33 2.62 2.92 3.23 3.56 3.90 4.26 4.63 5.02 5.43 5.85 6.29 6.75 7.20 7.66 8.11 8.57 9.02 9.47 9.92 10.37 10.81 11.25 11.68 12.10 12.52 12.92 13.32 13.71 14.07 14.39 14.68 14.93 15.14 15.33 15.48 15.60 15.69 15.76 15.79 15.80 15.79 15.74 15.68 15.59 15.49 15.36 15.21 15.05
0.77 0.72 0.66 0.60 0.53 0.45 0.37 0.28 0.20 0.13 0.06 0.01 0.00 0.00 0.00 0.00 0.00 0.00 0.00 0.06 0.14 0.24 0.36 0.49 0.65 0.83 1.03 1.24 1.47 1.70 1.95 2.21 2.48 2.77 3.06 3.38 3.70 4.05 4.40 4.78 5.16 5.57 5.99 6.43 6.89 7.34 7.79 8.25 8.70 9.16 9.61 10.05 10.50 10.94 11.37 11.80 12.22 12.64 13.04 13.44 13.83 14.20 14.55 14.86 15.13 15.37 15.57 15.74 15.88 15.99 16.06 16.11 16.13 16.12 16.09 16.03 15.95 15.85 15.72 15.58 15.41
0.65 0.60 0.56 0.51 0.45 0.40 0.33 0.26 0.19 0.12 0.06 0.02 0.00 0.00 0.00 0.00 0.00 0.02 0.07 0.14 0.23 0.34 0.47 0.62 0.79 0.98 1.19 1.40 1.62 1.86 2.11 2.37 2.64 2.92 3.22 3.53 3.86 4.20 4.56 4.93 5.32 5.72 6.14 6.58 7.03 7.48 7.94 8.39 8.84 9.29 9.74 10.19 10.63 11.07 11.50 11.92 12.34 12.76 13.16 13.56 13.94 14.32 14.68 15.01 15.31 15.56 15.79 15.98 16.13 16.25 16.34 16.40 16.43 16.44 16.41 16.36 16.29 16.19 16.06 15.92 15.77
0.53 0.49 0.45 0.42 0.38 0.34 0.30 0.25 0.19 0.13 0.08 0.04 0.01 0.00 0.00 0.02 0.05 0.09 0.16 0.24 0.34 0.47 0.61 0.77 0.95 1.15 1.35 1.57 1.79 2.03 2.27 2.53 2.81 3.09 3.39 3.70 4.02 4.36 4.72 5.09 5.48 5.88 6.30 6.73 7.18 7.63 8.08 8.53 8.98 9.43 9.88 10.32 10.76 11.19 11.62 12.05 12.47 12.88 13.28 13.67 14.05 14.43 14.79 15.13 15.45 15.73 15.97 16.18 16.35 16.49 16.60 16.67 16.71 16.73 16.71 16.67 16.60 16.50 16.39 16.25 16.12
0.40 0.37 0.35 0.33 0.30 0.28 0.26 0.23 0.20 0.16 0.12 0.09 0.07 0.06 0.07 0.10 0.14 0.20 0.27 0.37 0.48 0.62 0.77 0.95 1.13 1.33 1.53 1.75 1.97 2.21 2.45 2.71 2.98 3.27 3.56 3.87 4.20 4.54 4.89 5.26 5.64 6.04 6.46 6.89 7.34 7.78 8.23 8.68 9.13 9.57 10.02 10.46 10.89 11.33 11.75 12.17 12.59 12.99 13.39 13.78 14.16 14.53 14.89 15.24 15.57 15.87 16.13 16.36 16.55 16.70 16.82 16.91 16.96 16.99 16.98 16.95 16.88 16.80 16.69 16.58 16.46
0.28 0.26 0.25 0.24 0.23 0.23 0.22 0.21 0.21 0.19 0.17 0.15 0.14 0.15 0.17 0.20 0.25 0.32 0.41 0.52 0.65 0.80 0.96 1.14 1.33 1.52 1.73 1.94 2.16 2.40 2.65 2.90 3.17 3.45 3.75 4.06 4.38 4.72 5.07 5.43 5.82 6.21 6.63 7.06 7.50 7.94 8.39 8.83 9.28 9.72 10.16 10.59 11.03 11.46 11.88 12.30 12.71 13.11 13.51 13.89 14.27 14.64 14.99 15.33 15.66 15.98 16.26 16.51 16.71 16.89 17.02 17.12 17.19 17.23 17.23 17.20 17.15 17.08 16.99 16.89 16.79
0.16 0.15 0.15 0.15 0.16 0.17 0.19 0.20 0.22 0.23 0.24 0.24 0.24 0.26 0.29 0.33 0.40 0.48 0.58 0.70 0.84 1.00 1.17 1.35 1.54 1.73 1.93 2.15 2.37 2.60 2.85 3.10 3.37 3.65 3.95 4.25 4.57 4.91 5.25 5.62 6.00 6.39 6.80 7.23 7.67 8.11 8.55 8.99 9.43 9.87 10.30 10.73 11.16 11.59 12.01 12.42 12.83 13.23 13.62 14.00 14.38 14.74 15.09 15.43 15.75 16.07 16.36 16.63 16.85 17.04 17.19 17.31 17.39 17.44 17.45 17.44 17.40 17.35 17.28 17.20 17.11
0.05 0.05 0.06 0.08 0.10 0.13 0.16 0.19 0.23 0.27 0.30 0.34 0.36 0.39 0.43 0.49 0.57 0.66 0.78 0.91 1.07 1.23 1.40 1.57 1.76 1.95 2.15 2.37 2.59 2.82 3.06 3.32 3.58 3.86 4.15 4.46 4.77 5.10 5.45 5.81 6.18 6.58 6.98 7.41 7.84 8.27 8.71 9.15 9.58 10.02 10.45 10.88 11.30 11.72 12.14 12.55 12.95 13.35 13.73 14.11 14.48 14.84 15.18 15.52 15.84 16.15 16.44 16.72 16.96 17.17 17.34 17.47 17.56 17.62 17.65 17.65 17.64 17.61 17.56 17.50 17.42
0.00 0.00 0.00 0.00 0.04 0.09 0.14 0.19 0.25 0.31 0.38 0.44 0.50 0.55 0.61 0.68 0.77 0.88 1.01 1.15 1.31 1.47 1.64 1.81 2.00 2.19 2.39 2.60 2.82 3.05 3.29 3.54 3.81 4.08 4.37 4.67 4.98 5.31 5.65 6.01 6.38 6.77 7.17 7.59 8.02 8.45 8.88 9.31 9.74 10.17 10.60 11.02 11.44 11.86 12.27 12.68 13.07 13.46 13.85 14.22 14.58 14.94 15.28 15.61 15.92 16.23 16.52 16.79 17.04 17.27 17.45 17.60 17.71 17.78 17.83 17.86 17.86 17.85 17.83 17.78 17.72
0.00 0.00 0.00 0.00 0.00 0.05 0.12 0.20 0.28 0.37 0.46 0.55 0.64 0.73 0.81 0.90 1.00 1.13 1.26 1.41 1.57 1.73 1.89 2.07 2.25 2.44 2.64 2.85 3.06 3.29 3.53 3.78 4.04 4.31 4.60 4.89 5.20 5.53 5.87 6.22 6.58 6.97 7.36 7.78 8.20 8.63 9.05 9.48 9.91 10.33 10.75 11.17 11.59 12.00 12.40 12.80 13.20 13.58 13.96 14.33 14.69 15.03 15.37 15.69 16.00 16.30 16.59 16.85 17.11 17.34 17.54 17.70 17.83 17.92 18.00 18.05 18.08 18.09 18.08 18.05 18.01
0.00 0.00 0.00 0.00 0.00 0.03 0.12 0.22 0.32 0.43 0.55 0.67 0.79 0.91 1.03 1.15 1.27 1.40 1.54 1.69 1.84 2.00 2.16 2.34 2.52 2.71 2.90 3.11 3.32 3.55 3.78 4.03 4.29 4.55 4.83 5.13 5.43 5.75 6.09 6.43 6.80 7.17 7.56 7.97 8.39 8.81 9.23 9.65 10.07 10.49 10.91 11.32 11.73 12.14 12.54 12.93 13.32 13.70 14.07 14.43 14.79 15.13 15.46 15.78 16.08 16.37 16.65 16.91 17.16 17.39 17.60 17.78 17.93 18.05 18.15 18.23 18.28 18.31 18.32 18.31 18.29
0.00 0.00 0.00 0.00 0.00 0.02 0.13 0.24 0.37 0.51 0.65 0.80 0.95 1.10 1.26 1.41 1.56 1.70 1.84 1.98 2.13 2.29 2.45 2.62 2.80 2.99 3.18 3.38 3.59 3.82 4.05 4.29 4.54 4.81 5.08 5.37 5.67 5.99 6.32 6.66 7.01 7.39 7.77 8.18 8.59 9.00 9.42 9.83 10.25 10.66 11.07 11.48 11.88 12.28 12.68 13.06 13.44 13.82 14.18 14.54 14.89 15.22 15.55 15.86 16.16 16.44 16.71 16.97 17.21 17.43 17.64 17.84 18.02 18.17 18.29 18.39 18.47 18.52 18.55 18.56 18.55
0.00 0.00 0.00 0.00 0.00 0.02 0.14 0.28 0.43 0.59 0.76 0.94 1.12 1.31 1.49 1.68 1.85 2.01 2.15 2.29 2.44 2.60 2.76 2.92 3.10 3.28 3.47 3.67 3.88 4.10 4.32 4.56 4.81 5.07 5.34 5.63 5.92 6.23 6.56 6.89 7.24 7.61 7.99 8.38 8.79 9.20 9.61 10.02 10.42 10.83 11.23 11.64 12.03 12.43 12.81 13.19 13.57 13.94 14.29 14.64 14.98 15.31 15.63 15.94 16.23 16.51 16.77 17.02 17.26 17.47 17.68 17.89 18.09 18.27 18.42 18.54 18.64 18.72 18.77 18.79 18.80
