data_output/RCH/Precip_1994_05.asc
ncols        168
nrows        136
xllcorner    455000
yllcorner    2107000
cellsize     500
NODATA_value     -99999
[rows 66 to 98 of 136, columns 0 to 74 of 168]
49.52 47.48 45.61 43.92 42.42 41.12 40.02 39.12 38.44 37.98 37.74 37.72 37.94 38.30 38.73 39.18 39.66 40.16 40.67 41.19 41.70 42.20 42.69 43.15 43.58 43.97 44.31 44.60 44.83 45.00 45.12 45.22 45.31 45.38 45.44 45.49 45.53 45.55 45.56 45.57 45.55 45.53 45.50 45.46 45.41 45.34 45.27 45.22 45.19 45.19 45.23 45.30 45.40 45.53 45.69 45.88 46.11 46.36 46.64 46.96 47.30 47.67 48.07 48.50 48.95 49.44 49.95 50.49 51.06 51.66 52.28 52.93 53.61 54.31 55.04
49.10 46.98 45.02 43.25 41.65 40.25 39.04 38.02 37.22 36.63 36.25 36.10 36.18 36.48 36.93 37.43 37.95 38.49 39.05 39.61 40.16 40.71 41.23 41.74 42.21 42.64 43.02 43.35 43.62 43.82 43.98 44.12 44.24 44.36 44.46 44.54 44.62 44.68 44.73 44.76 44.79 44.81 44.81 44.80 44.79 44.76 44.75 44.77 44.81 44.89 45.00 45.13 45.30 45.50 45.72 45.98 46.26 46.57 46.91 47.28 47.67 48.10 48.55 49.02 49.53 50.06 50.62 51.20 51.81 52.44 53.10 53.78 54.49 55.22 55.98
48.83 46.62 44.58 42.72 41.03 39.52 38.20 37.07 36.14 35.42 34.91 34.62 34.55 34.71 35.09 35.62 36.19 36.78 37.37 37.98 38.57 39.16 39.73 40.28 40.79 41.26 41.68 42.05 42.36 42.60 42.80 42.98 43.14 43.30 43.43 43.56 43.67 43.77 43.86 43.94 44.00 44.05 44.09 44.13 44.15 44.18 44.24 44.33 44.45 44.60 44.78 44.98 45.21 45.47 45.76 46.07 46.42 46.79 47.18 47.60 48.05 48.52 49.02 49.54 50.09 50.67 51.27 51.89 52.54 53.21 53.90 54.62 55.36 56.12 56.91
48.71 46.43 44.30 42.34 40.56 38.94 37.51 36.27 35.22 34.37 33.73 33.29 33.07 33.08 33.31 33.77 34.37 35.01 35.65 36.29 36.94 37.57 38.18 38.77 39.32 39.84 40.30 40.71 41.06 41.35 41.58 41.80 42.01 42.20 42.38 42.54 42.70 42.84 42.96 43.08 43.18 43.27 43.35 43.43 43.51 43.62 43.75 43.91 44.10 44.32 44.56 44.83 45.13 45.45 45.80 46.17 46.57 47.00 47.45 47.92 48.42 48.94 49.49 50.06 50.65 51.26 51.90 52.56 53.25 53.95 54.68 55.43 56.20 56.99 57.80
48.76 46.40 44.19 42.14 40.25 38.53 36.99 35.63 34.46 33.48 32.70 32.13 31.76 31.61 31.69 31.99 32.52 33.18 33.87 34.56 35.25 35.93 36.58 37.21 37.81 38.37 38.88 39.33 39.73 40.05 40.33 40.59 40.84 41.07 41.29 41.50 41.69 41.87 42.04 42.19 42.34 42.47 42.59 42.72 42.88 43.06 43.27 43.50 43.76 44.04 44.35 44.69 45.05 45.43 45.84 46.27 46.73 47.20 47.71 48.23 48.78 49.35 49.94 50.55 51.19 51.84 52.52 53.22 53.94 54.68 55.44 56.22 57.02 57.84 58.67
48.98 46.54 44.24 42.10 40.12 38.29 36.64 35.17 33.87 32.76 31.85 31.13 30.62 30.32 30.23 30.37 30.73 31.32 32.04 32.78 33.51 34.23 34.94 35.61 36.26 36.86 37.41 37.91 38.35 38.71 39.04 39.34 39.63 39.90 40.17 40.41 40.65 40.87 41.08 41.28 41.46 41.64 41.82 42.03 42.26 42.51 42.79 43.09 43.42 43.77 44.15 44.54 44.96 45.41 45.87 46.36 46.87 47.40 47.95 48.53 49.12 49.74 50.37 51.03 51.71 52.40 53.12 53.85 54.61 55.38 56.17 56.98 57.80 58.65 59.51
49.38 46.86 44.48 42.25 40.16 38.24 36.48 34.88 33.46 32.23 31.17 30.32 29.66 29.20 28.95 28.92 29.11 29.53 30.17 30.94 31.72 32.49 33.24 33.97 34.66 35.30 35.90 36.45 36.93 37.34 37.70 38.05 38.38 38.70 39.01 39.30 39.58 39.84 40.09 40.33 40.56 40.80 41.06 41.34 41.64 41.97 42.32 42.69 43.08 43.50 43.94 44.40 44.88 45.38 45.90 46.44 47.00 47.59 48.19 48.81 49.45 50.11 50.79 51.49 52.20 52.94 53.69 54.46 55.24 56.05 56.87 57.70 58.56 59.42 60.31
49.98 47.38 44.91 42.58 40.40 38.37 36.50 34.79 33.24 31.88 30.69 29.69 28.88 28.27 27.86 27.66 27.68 27.92 28.38 29.07 29.89 30.70 31.50 32.27 33.01 33.70 34.35 34.94 35.46 35.92 36.33 36.72 37.10 37.47 37.82 38.15 38.47 38.78 39.08 39.36 39.65 39.96 40.30 40.65 41.03 41.42 41.84 42.28 42.74 43.22 43.72 44.24 44.78 45.34 45.91 46.51 47.12 47.76 48.41 49.08 49.76 50.47 51.19 51.92 52.68 53.45 54.23 55.03 55.85 56.68 57.53 58.39 59.27 60.16 61.07
50.77 48.09 45.54 43.12 40.84 38.70 36.72 34.89 33.22 31.72 30.40 29.26 28.30 27.53 26.96 26.60 26.44 26.50 26.78 27.29 28.02 28.86 29.71 30.53 31.32 32.06 32.75 33.39 33.96 34.47 34.92 35.36 35.78 36.19 36.59 36.97 37.34 37.69 38.03 38.38 38.75 39.13 39.54 39.97 40.41 40.88 41.37 41.87 42.39 42.93 43.49 44.07 44.67 45.28 45.91 46.56 47.23 47.91 48.60 49.32 50.05 50.79 51.55 52.33 53.12 53.92 54.74 55.58 56.42 57.28 58.16 59.05 59.95 60.86 61.78
51.78 49.01 46.37 43.86 41.48 39.24 37.14 35.19 33.40 31.78 30.32 29.03 27.92 27.00 26.27 25.74 25.41 25.29 25.38 25.70 26.24 27.00 27.87 28.74 29.58 30.37 31.11 31.80 32.42 32.97 33.47 33.96 34.43 34.89 35.33 35.76 36.17 36.57 36.98 37.40 37.84 38.30 38.78 39.28 39.80 40.33 40.88 41.45 42.03 42.64 43.26 43.89 44.54 45.21 45.89 46.59 47.31 48.03 48.78 49.53 50.31 51.09 51.89 52.70 53.53 54.37 55.22 56.08 56.96 57.84 58.74 59.65 60.58 61.51 62.45
53.00 50.15 47.43 44.82 42.34 39.99 37.78 35.72 33.80 32.04 30.45 29.02 27.76 26.68 25.79 25.09 24.59 24.29 24.19 24.31 24.65 25.22 26.01 26.91 27.79 28.64 29.43 30.16 30.83 31.43 31.98 32.52 33.04 33.54 34.03 34.51 34.97 35.44 35.92 36.42 36.93 37.47 38.02 38.58 39.17 39.77 40.38 41.02 41.66 42.32 43.00 43.69 44.40 45.12 45.85 46.60 47.36 48.13 48.92 49.72 50.53 51.36 52.19 53.04 53.90 54.77 55.65 56.54 57.45 58.36 59.28 60.22 61.16 62.11 63.07
54.44 51.52 48.70 46.00 43.42 40.97 38.65 36.46 34.42 32.53 30.80 29.23 27.82 26.59 25.53 24.67 23.99 23.50 23.22 23.15 23.29 23.66 24.24 25.05 25.96 26.86 27.70 28.49 29.21 29.86 30.46 31.04 31.61 32.16 32.70 33.23 33.76 34.30 34.86 35.43 36.02 36.62 37.24 37.88 38.53 39.19 39.87 40.57 41.27 41.99 42.72 43.47 44.23 45.00 45.78 46.58 47.39 48.20 49.03 49.87 50.73 51.59 52.46 53.34 54.23 55.13 56.04 56.96 57.89 58.83 59.77 60.73 61.69 62.66 63.63
56.12 53.12 50.21 47.42 44.74 42.18 39.75 37.44 35.28 33.26 31.38 29.67 28.11 26.72 25.51 24.47 23.62 22.95 22.48 22.22 22.16 22.32 22.69 23.29 24.11 25.04 25.93 26.77 27.54 28.24 28.89 29.53 30.14 30.75 31.34 31.93 32.53 33.15 33.79 34.43 35.10 35.77 36.46 37.16 37.88 38.60 39.34 40.10 40.86 41.64 42.42 43.22 44.03 44.85 45.69 46.53 47.38 48.24 49.11 49.99 50.88 51.78 52.68 53.60 54.52 55.45 56.39 57.34 58.29 59.25 60.21 61.18 62.16 63.15 64.14
58.05 54.96 51.97 49.08 46.30 43.63 41.08 38.66 36.37 34.22 32.21 30.35 28.64 27.10 25.72 24.51 23.48 22.64 21.98 21.52 21.27 21.21 21.38 21.76 22.37 23.19 24.12 25.01 25.83 26.58 27.29 27.97 28.64 29.30 29.96 30.62 31.31 32.00 32.71 33.43 34.16 34.90 35.66 36.42 37.20 37.99 38.79 39.60 40.42 41.26 42.10 42.95 43.81 44.68 45.55 46.44 47.34 48.24 49.15 50.07 50.99 51.92 52.86 53.81 54.76 55.72 56.68 57.65 58.63 59.61 60.59 61.58 62.58 63.58 64.58
60.22 57.05 53.97 50.99 48.11 45.33 42.67 40.13 37.72 35.43 33.28 31.28 29.42 27.72 26.18 24.80 23.60 22.57 21.73 21.07 20.62 20.36 20.31 20.47 20.85 21.46 22.28 23.20 24.08 24.89 25.64 26.38 27.11 27.83 28.56 29.31 30.07 30.83 31.61 32.40 33.20 34.01 34.84 35.67 36.51 37.36 38.22 39.08 39.96 40.85 41.74 42.64 43.55 44.46 45.39 46.32 47.25 48.20 49.14 50.10 51.06 52.02 53.00 53.97 54.95 55.94 56.93 57.92 58.91 59.91 60.92 61.92 62.93 63.94 64.96
62.66 59.41 56.24 53.16 50.18 47.30 44.52 41.86 39.32 36.90 34.61 32.46 30.46 28.60 26.89 25.35 23.97 22.76 21.73 20.88 20.22 19.76 19.49 19.44 19.59 19.97 20.56 21.38 22.29 23.15 23.96 24.75 25.55 26.35 27.16 27.98 28.81 29.65 30.50 31.36 32.23 33.11 33.99 34.88 35.79 36.69 37.61 38.53 39.46 40.40 41.35 42.29 43.25 44.21 45.18 46.15 47.13 48.11 49.09 50.08 51.08 52.07 53.08 54.08 55.09 56.10 57.11 58.12 59.14 60.16 61.18 62.20 63.22 64.24 65.26
65.37 62.03 58.77 55.60 52.51 49.52 46.64 43.85 41.19 38.64 36.21 33.92 31.76 29.74 27.87 26.16 24.60 23.21 21.99 20.95 20.09 19.42 18.94 18.66 18.59 18.74 19.10 19.68 20.48 21.37 22.24 23.10 23.97 24.85 25.74 26.63 27.54 28.45 29.37 30.30 31.23 32.17 33.12 34.07 35.03 36.00 36.97 37.95 38.93 39.92 40.91 41.91 42.91 43.92 44.93 45.94 46.95 47.97 48.99 50.02 51.04 52.07 53.10 54.13 55.16 56.20 57.23 58.27 59.30 60.34 61.37 62.40 63.44 64.47 65.50
68.34 64.92 61.57 58.31 55.12 52.02 49.02 46.12 43.32 40.64 38.08 35.64 33.33 31.15 29.12 27.23 25.50 23.93 22.52 21.28 20.22 19.34 18.65 18.16 17.86 17.77 17.89 18.23 18.79 19.57 20.49 21.43 22.37 23.33 24.29 25.26 26.24 27.22 28.21 29.20 30.20 31.20 32.21 33.23 34.25 35.27 36.30 37.33 38.36 39.40 40.44 41.48 42.53 43.57 44.62 45.68 46.73 47.78 48.84 49.89 50.95 52.01 53.07 54.12 55.18 56.23 57.29 58.34 59.39 60.44 61.49 62.54 63.58 64.62 65.66
71.46 67.96 64.53 61.16 57.88 54.68 51.56 48.55 45.63 42.82 40.12 37.53 35.08 32.75 30.55 28.50 26.60 24.85 23.25 21.82 20.57 19.48 18.58 17.87 17.35 17.03 16.92 17.02 17.33 17.87 18.67 19.66 20.69 21.72 22.76 23.80 24.85 25.90 26.96 28.02 29.08 30.15 31.22 32.30 33.37 34.45 35.53 36.62 37.70 38.79 39.88 40.97 42.06 43.15 44.24 45.33 46.42 47.51 48.60 49.69 50.78 51.87 52.95 54.03 55.11 56.19 57.27 58.34 59.41 60.48 61.54 62.60 63.65 64.70 65.75
74.59 71.02 67.51 64.06 60.69 57.39 54.17 51.04 48.00 45.07 42.24 39.52 36.92 34.45 32.10 29.89 27.82 25.89 24.12 22.51 21.06 19.78 18.67 17.75 17.02 16.48 16.14 16.00 16.07 16.34 16.90 17.78 18.86 19.97 21.09 22.21 23.33 24.45 25.58 26.71 27.84 28.97 30.11 31.24 32.38 33.51 34.65 35.79 36.93 38.07 39.21 40.34 41.48 42.62 43.75 44.88 46.01 47.14 48.27 49.39 50.51 51.63 52.74 53.85 54.96 56.06 57.16 58.25 59.34 60.42 61.50 62.58 63.64 64.70 65.76
77.74 74.10 70.51 66.99 63.53 60.13 56.82 53.59 50.44 47.39 44.44 41.59 38.86 36.24 33.75 31.38 29.15 27.06 25.11 23.32 21.69 20.22 18.92 17.79 16.85 16.09 15.53 15.16 14.98 15.00 15.30 15.94 16.92 18.09 19.28 20.47 21.67 22.87 24.07 25.26 26.46 27.66 28.86 30.06 31.26 32.46 33.65 34.85 36.04 37.23 38.42 39.61 40.80 41.98 43.16 44.33 45.50 46.67 47.83 48.99 50.15 51.30 52.44 53.58 54.72 55.85 56.97 58.08 59.19 60.30 61.39 62.48 63.56 64.63 65.70
80.88 77.18 73.53 69.93 66.39 62.91 59.51 56.18 52.93 49.77 46.70 43.73 40.87 38.12 35.48 32.97 30.58 28.33 26.22 24.26 22.45 20.79 19.30 17.98 16.83 15.87 15.08 14.48 14.06 13.84 13.89 14.29 15.02 16.09 17.33 18.61 19.88 21.15 22.43 23.70 24.97 26.23 27.50 28.76 30.03 31.29 32.54 33.80 35.05 36.29 37.54 38.77 40.01 41.24 42.46 43.68 44.90 46.11 47.31 48.51 49.70 50.88 52.06 53.23 54.40 55.55 56.70 57.84 58.97 60.10 61.21 62.32 63.41 64.50 65.58
84.01 80.26 76.55 72.89 69.27 65.72 62.23 58.81 55.46 52.20 49.02 45.94 42.95 40.07 37.30 34.65 32.12 29.72 27.45 25.32 23.33 21.50 19.83 18.31 16.97 15.80 14.79 13.97 13.32 12.86 12.67 12.82 13.31 14.14 15.29 16.61 17.97 19.32 20.66 22.01 23.35 24.69 26.02 27.35 28.68 30.00 31.32 32.64 33.94 35.25 36.55 37.84 39.12 40.40 41.68 42.94 44.20 45.46 46.70 47.94 49.17 50.39 51.60 52.80 54.00 55.18 56.36 57.53 58.68 59.83 60.97 62.09 63.20 64.31 65.40
87.14 83.34 79.57 75.85 72.17 68.54 64.97 61.47 58.03 54.67 51.39 48.20 45.10 42.10 39.20 36.41 33.74 31.19 28.77 26.49 24.34 22.33 20.48 18.79 17.25 15.87 14.65 13.61 12.74 12.05 11.63 11.54 11.79 12.37 13.29 14.52 15.93 17.36 18.78 20.20 21.62 23.03 24.44 25.83 27.23 28.62 30.00 31.37 32.74 34.10 35.46 36.81 38.15 39.48 40.80 42.12 43.42 44.72 46.01 47.29 48.55 49.81 51.06 52.30 53.53 54.75 55.95 57.15 58.33 59.50 60.66 61.80 62.94 64.06 65.17
90.23 86.40 82.58 78.81 75.07 71.38 67.74 64.16 60.64 57.19 53.81 50.51 47.31 44.19 41.17 38.26 35.45 32.76 30.20 27.76 25.45 23.28 21.26 19.38 17.65 16.07 14.65 13.40 12.31 11.41 10.76 10.44 10.46 10.81 11.49 12.49 13.80 15.29 16.79 18.29 19.78 21.26 22.74 24.21 25.67 27.13 28.58 30.01 31.45 32.87 34.28 35.68 37.08 38.46 39.84 41.20 42.56 43.90 45.24 46.56 47.87 49.17 50.45 51.73 52.99 54.24 55.48 56.70 57.91 59.11 60.29 61.46 62.62 63.76 64.88
93.31 89.43 85.58 81.76 77.97 74.22 70.51 66.86 63.26 59.73 56.26 52.87 49.56 46.34 43.20 40.17 37.24 34.42 31.71 29.12 26.67 24.34 22.15 20.09 18.18 16.41 14.79 13.34 12.04 10.92 10.06 9.52 9.31 9.43 9.88 10.65 11.74 13.13 14.69 16.27 17.83 19.39 20.94 22.49 24.02 25.54 27.06 28.56 30.06 31.54 33.01 34.48 35.93 37.37 38.80 40.21 41.62 43.01 44.39 45.76 47.11 48.45 49.78 51.09 52.39 53.68 54.95 56.20 57.44 58.67 59.88 61.07 62.25 63.41 64.55
96.34 92.44 88.56 84.69 80.86 77.06 73.29 69.57 65.91 62.30 58.75 55.27 51.86 48.53 45.29 42.15 39.09 36.15 33.31 30.58 27.98 25.50 23.14 20.91 18.82 16.87 15.06 13.41 11.92 10.59 9.51 8.76 8.34 8.24 8.46 9.00 9.86 11.04 12.51 14.14 15.79 17.42 19.05 20.67 22.27 23.87 25.45 27.02 28.58 30.13 31.67 33.19 34.70 36.20 37.68 39.15 40.61 42.05 43.48 44.89 46.29 47.67 49.04 50.40 51.73 53.05 54.36 55.65 56.92 58.17 59.41 60.63 61.83 63.02 64.18
99.33 95.41 91.50 87.61 83.73 79.88 76.07 72.29 68.56 64.88 61.26 57.69 54.20 50.78 47.43 44.18 41.01 37.94 34.98 32.12 29.38 26.74 24.23 21.84 19.57 17.45 15.46 13.62 11.94 10.41 9.13 8.17 7.54 7.22 7.23 7.56 8.19 9.14 10.40 11.94 13.65 15.36 17.07 18.76 20.44 22.10 23.76 25.40 27.03 28.64 30.24 31.82 33.39 34.95 36.49 38.02 39.53 41.02 42.50 43.96 45.41 46.84 48.25 49.64 51.02 52.38 53.72 55.05 56.35 57.64 58.90 60.15 61.38 62.59 63.78
102.28 98.34 94.41 90.49 86.58 82.70 78.84 75.01 71.22 67.48 63.78 60.14 56.56 53.05 49.62 46.26 42.99 39.81 36.72 33.73 30.85 28.07 25.40 22.86 20.43 18.14 15.98 13.96 12.09 10.37 8.90 7.74 6.90 6.38 6.18 6.30 6.72 7.45 8.48 9.82 11.44 13.21 14.99 16.76 18.52 20.26 21.99 23.70 25.39 27.07 28.74 30.39 32.02 33.64 35.24 36.82 38.38 39.93 41.46 42.97 44.47 45.95 47.40 48.84 50.26 51.66 53.04 54.40 55.74 57.06 58.36 59.64 60.89 62.13 63.34
105.17 101.22 97.28 93.34 89.40 85.48 81.59 77.71 73.87 70.07 66.31 62.61 58.95 55.36 51.84 48.38 45.01 41.72 38.52 35.41 32.39 29.48 26.67 23.97 21.39 18.94 16.61 14.42 12.37 10.48 8.81 7.46 6.43 5.71 5.31 5.22 5.43 5.95 6.77 7.89 9.30 10.99 12.84 14.69 16.52 18.34 20.14 21.92 23.69 25.44 27.17 28.88 30.58 32.26 33.92 35.56 37.18 38.79 40.37 41.93 43.48 45.00 46.51 47.99 49.45 50.90 52.32 53.72 55.09 56.45 57.78 59.09 60.38 61.64 62.88
107.99 104.05 100.10 96.14 92.19 88.24 84.31 80.40 76.52 72.67 68.85 65.08 61.36 57.69 54.08 50.54 47.08 43.69 40.37 37.14 34.00 30.96 28.01 25.17 22.45 19.84 17.36 15.00 12.78 10.71 8.86 7.33 6.11 5.20 4.61 4.32 4.34 4.65 5.27 6.17 7.37 8.86 10.62 12.53 14.44 16.34 18.21 20.07 21.91 23.73 25.53 27.32 29.08 30.82 32.54 34.25 35.93 37.59 39.23 40.85 42.44 44.02 45.57 47.10 48.61 50.10 51.56 53.00 54.41 55.80 57.17 58.51 59.83 61.13 62.39
110.74 106.81 102.86 98.89 94.93 90.96 87.01 83.07 79.15 75.25 71.38 67.56 63.77 60.04 56.35 52.73 49.18 45.69 42.27 38.93 35.67 32.50 29.43 26.46 23.59 20.84 18.21 15.69 13.31 11.07 9.05 7.34 5.94 4.85 4.07 3.59 3.42 3.54 3.95 4.66 5.66 6.94 8.50 10.33 12.30 14.27 16.23 18.16 20.07 21.97 23.84 25.69 27.52 29.33 31.12 32.88 34.62 36.34 38.04 39.71 41.36 42.99 44.60 46.17 47.73 49.26 50.77 52.25 53.70 55.13 56.54 57.92 59.27 60.59 61.89
113.42 109.50 105.55 101.59 97.62 93.64 89.67 85.70 81.75 77.81 73.91 70.03 66.19 62.39 58.64 54.94 51.30 47.72 44.20 40.76 37.39 34.11 30.92 27.82 24.82 21.93 19.15 16.49 13.95 11.55 9.36 7.48 5.92 4.65 3.69 3.03 2.67 2.61 2.83 3.34 4.14 5.22 6.58 8.21 10.11 12.14 14.18 16.19 18.18 20.15 22.09 24.01 25.91 27.79 29.64 31.47 33.27 35.05 36.81 38.54 40.25 41.93 43.59 45.22 46.82 48.40 49.95 51.47 52.97 54.44 55.88 57.30 58.69 60.05 61.38
