data_output/RCH/Precip_1995_08.asc
ncols        168
nrows        136
xllcorner    455000
yllcorner    2107000
cellsize     500
NODATA_value     -99999
[rows 96 to 127 of 136, columns 0 to 70 of 168]
419.20 413.98 408.44 402.59 396.44 390.02 383.35 376.45 369.33 362.01 354.52 346.87 339.08 331.16 323.15 315.05 306.89 298.69 290.46 282.28 274.44 267.09 260.27 254.01 248.34 243.27 238.84 235.07 231.99 229.62 227.98 227.11 227.02 227.63 228.37 228.98 229.45 229.78 229.97 230.02 229.92 229.67 229.27 228.71 228.00 227.13 226.09 224.91 223.65 222.33 220.96 219.55 218.09 216.59 215.06 213.50 211.91 210.30 208.66 207.01 205.34 203.67 201.98 200.30 198.62 196.94 195.27 193.61 191.96 190.34 188.74
427.13 422.07 416.66 410.91 404.86 398.52 391.91 385.05 377.95 370.64 363.14 355.45 347.61 339.64 331.54 323.34 315.06 306.72 298.39 290.35 282.75 275.65 269.05 262.99 257.48 252.57 248.27 244.60 241.60 239.29 237.69 236.83 236.74 237.32 238.02 238.58 239.00 239.28 239.42 239.41 239.24 238.92 238.45 237.82 237.03 236.07 234.95 233.65 232.21 230.69 229.11 227.49 225.83 224.13 222.40 220.64 218.85 217.04 215.20 213.36 211.50 209.63 207.76 205.89 204.02 202.15 200.29 198.45 196.63 194.82 193.04
434.93 430.03 424.76 419.15 413.21 406.97 400.43 393.63 386.57 379.28 371.78 364.08 356.21 348.19 340.02 331.74 323.35 314.95 306.78 299.02 291.69 284.82 278.45 272.58 267.25 262.49 258.32 254.76 251.84 249.59 248.02 247.18 247.07 247.63 248.29 248.81 249.19 249.42 249.50 249.42 249.20 248.81 248.27 247.56 246.69 245.64 244.43 243.05 241.49 239.77 237.97 236.13 234.25 232.33 230.38 228.40 226.40 224.37 222.33 220.27 218.21 216.13 214.05 211.97 209.90 207.83 205.77 203.73 201.71 199.70 197.73
442.56 437.85 432.75 427.28 421.47 415.34 408.90 402.17 395.17 387.92 380.44 372.74 364.86 356.80 348.58 340.23 331.82 323.60 315.74 308.26 301.20 294.58 288.42 282.75 277.60 272.99 268.94 265.49 262.65 260.46 258.94 258.11 257.99 258.52 259.14 259.62 259.95 260.13 260.16 260.03 259.74 259.29 258.67 257.89 256.93 255.81 254.51 253.03 251.38 249.54 247.54 245.46 243.34 241.19 239.00 236.79 234.55 232.30 230.03 227.74 225.45 223.15 220.84 218.54 216.25 213.96 211.69 209.43 207.19 204.97 202.78
450.02 445.51 440.59 435.29 429.62 423.62 417.29 410.65 403.72 396.53 389.09 381.42 373.53 365.46 357.21 348.86 340.66 332.77 325.22 318.03 311.24 304.86 298.92 293.45 288.47 284.01 280.10 276.75 274.00 271.87 270.39 269.57 269.45 269.95 270.54 270.98 271.26 271.39 271.36 271.17 270.82 270.30 269.62 268.76 267.73 266.52 265.14 263.57 261.81 259.87 257.75 255.45 253.08 250.68 248.24 245.78 243.29 240.79 238.27 235.74 233.21 230.67 228.12 225.58 223.05 220.53 218.02 215.53 213.05 210.61 208.19
457.30 452.99 448.27 443.15 437.65 431.79 425.59 419.06 412.22 405.10 397.72 390.08 382.22 374.14 365.93 357.83 349.98 342.42 335.18 328.29 321.76 315.62 309.91 304.64 299.84 295.53 291.75 288.51 285.84 283.77 282.33 281.53 281.40 281.88 282.43 282.82 283.06 283.15 283.07 282.82 282.41 281.82 281.07 280.14 279.03 277.74 276.26 274.61 272.76 270.72 268.49 266.06 263.46 260.79 258.08 255.36 252.61 249.84 247.06 244.27 241.47 238.67 235.88 233.08 230.29 227.52 224.76 222.02 219.30 216.60 213.94
464.36 460.29 455.79 450.87 445.55 439.85 433.78 427.38 420.66 413.63 406.31 398.73 390.90 382.90 374.96 367.22 359.74 352.52 345.59 338.98 332.72 326.84 321.34 316.27 311.65 307.50 303.84 300.71 298.13 296.13 294.72 293.94 293.81 294.25 294.77 295.13 295.32 295.36 295.22 294.92 294.45 293.80 292.97 291.97 290.78 289.41 287.85 286.11 284.16 282.03 279.69 277.16 274.42 271.51 268.52 265.51 262.48 259.43 256.37 253.31 250.23 247.16 244.09 241.02 237.96 234.92 231.89 228.88 225.89 222.94 220.01
471.20 467.39 463.11 458.41 453.28 447.76 441.86 435.60 429.00 422.08 414.85 407.34 399.62 391.91 384.37 377.02 369.89 363.01 356.39 350.08 344.09 338.45 333.18 328.31 323.86 319.86 316.34 313.32 310.83 308.88 307.52 306.75 306.62 307.04 307.52 307.84 307.99 307.98 307.79 307.43 306.90 306.19 305.30 304.22 302.96 301.50 299.86 298.02 295.99 293.75 291.32 288.68 285.83 282.77 279.53 276.22 272.90 269.55 266.20 262.83 259.47 256.10 252.74 249.38 246.04 242.71 239.40 236.10 232.84 229.60 226.39
477.81 474.26 470.24 465.76 460.85 455.53 449.80 443.70 437.24 430.44 423.33 415.95 408.55 401.27 394.13 387.16 380.39 373.85 367.55 361.53 355.81 350.41 345.37 340.70 336.43 332.59 329.20 326.29 323.88 322.00 320.68 319.93 319.79 320.19 320.63 320.91 321.02 320.96 320.73 320.32 319.72 318.95 317.99 316.84 315.50 313.97 312.24 310.31 308.19 305.86 303.32 300.57 297.61 294.44 291.05 287.48 283.84 280.18 276.52 272.84 269.17 265.49 261.82 258.16 254.51 250.88 247.27 243.67 240.11 236.57 233.07
484.16 480.90 477.14 472.91 468.23 463.12 457.59 451.67 445.37 438.71 431.76 424.74 417.79 410.93 404.20 397.61 391.21 385.00 379.02 373.29 367.84 362.69 357.87 353.40 349.31 345.63 342.37 339.57 337.25 335.44 334.15 333.43 333.29 333.66 334.07 334.31 334.38 334.27 333.99 333.52 332.87 332.03 331.01 329.79 328.37 326.76 324.95 322.94 320.72 318.29 315.65 312.80 309.74 306.45 302.94 299.21 295.30 291.31 287.32 283.32 279.31 275.32 271.32 267.34 263.37 259.42 255.48 251.58 247.70 243.85 240.03
490.24 487.28 483.81 479.84 475.41 470.53 465.21 459.48 453.36 446.91 440.34 433.78 427.28 420.85 414.53 408.33 402.29 396.42 390.76 385.32 380.14 375.24 370.64 366.38 362.47 358.94 355.82 353.13 350.90 349.15 347.91 347.20 347.06 347.40 347.78 347.99 348.02 347.87 347.53 347.01 346.30 345.40 344.31 343.02 341.53 339.84 337.95 335.85 333.54 331.01 328.28 325.32 322.15 318.75 315.13 311.28 307.20 302.92 298.58 294.24 289.90 285.56 281.22 276.90 272.59 268.30 264.04 259.80 255.58 251.40 247.26
496.04 493.39 490.22 486.54 482.37 477.74 472.65 467.13 461.25 455.20 449.12 443.04 436.99 431.00 425.08 419.27 413.59 408.06 402.71 397.57 392.66 388.01 383.64 379.58 375.85 372.48 369.49 366.91 364.77 363.09 361.89 361.21 361.06 361.38 361.73 361.90 361.89 361.69 361.31 360.74 359.97 359.01 357.85 356.49 354.93 353.16 351.19 349.00 346.60 343.98 341.14 338.09 334.81 331.30 327.56 323.59 319.38 314.94 310.30 305.60 300.90 296.20 291.51 286.83 282.17 277.53 272.91 268.32 263.76 259.23 254.74
501.53 499.22 496.37 492.99 489.10 484.73 479.89 474.64 469.19 463.65 458.08 452.48 446.88 441.32 435.81 430.39 425.07 419.88 414.85 410.01 405.37 400.97 396.82 392.96 389.42 386.20 383.35 380.89 378.83 377.22 376.07 375.40 375.25 375.56 375.87 376.01 375.95 375.71 375.28 374.66 373.83 372.81 371.59 370.16 368.53 366.68 364.62 362.35 359.86 357.15 354.22 351.06 347.67 344.05 340.20 336.11 331.78 327.21 322.39 317.38 312.30 307.23 302.17 297.12 292.09 287.07 282.09 277.13 272.21 267.32 262.46
506.71 504.75 502.23 499.17 495.58 491.49 486.95 482.16 477.25 472.24 467.16 462.04 456.90 451.77 446.68 441.64 436.68 431.84 427.13 422.58 418.21 414.06 410.14 406.49 403.12 400.07 397.35 395.00 393.04 391.49 390.38 389.74 389.59 389.87 390.16 390.26 390.17 389.88 389.40 388.73 387.85 386.77 385.48 383.98 382.28 380.36 378.22 375.86 373.28 370.48 367.44 364.18 360.69 356.96 352.99 348.79 344.34 339.64 334.69 329.50 324.10 318.64 313.18 307.74 302.33 296.93 291.56 286.22 280.91 275.64 270.41
511.56 509.97 507.80 505.07 501.79 498.04 493.99 489.76 485.40 480.91 476.34 471.70 467.01 462.32 457.63 452.98 448.39 443.89 439.49 435.24 431.15 427.25 423.56 420.11 416.93 414.03 411.45 409.21 407.34 405.86 404.80 404.18 404.03 404.29 404.55 404.61 404.49 404.16 403.63 402.91 401.97 400.83 399.48 397.92 396.14 394.14 391.92 389.48 386.81 383.92 380.79 377.43 373.83 369.99 365.91 361.58 357.01 352.19 347.11 341.78 336.20 330.40 324.54 318.70 312.88 307.08 301.30 295.56 289.86 284.19 278.56
516.05 514.85 513.05 510.67 507.77 504.52 501.06 497.41 493.59 489.63 485.56 481.39 477.17 472.91 468.63 464.37 460.14 455.98 451.91 447.95 444.14 440.49 437.03 433.78 430.78 428.05 425.61 423.48 421.70 420.29 419.28 418.68 418.53 418.77 419.00 419.03 418.87 418.50 417.93 417.15 416.16 414.96 413.55 411.92 410.07 408.00 405.70 403.17 400.42 397.43 394.21 390.74 387.04 383.09 378.90 374.46 369.76 364.82 359.61 354.15 348.42 342.43 336.23 329.96 323.72 317.50 311.31 305.16 299.03 292.95 286.91
520.18 519.38 517.97 515.99 513.63 511.00 508.13 505.05 501.78 498.34 494.77 491.09 487.33 483.50 479.63 475.76 471.90 468.08 464.33 460.67 457.13 453.73 450.50 447.47 444.65 442.08 439.77 437.77 436.08 434.74 433.77 433.20 433.05 433.27 433.47 433.47 433.26 432.86 432.24 431.41 430.37 429.11 427.64 425.94 424.02 421.87 419.50 416.89 414.05 410.97 407.65 404.09 400.28 396.23 391.92 387.36 382.55 377.48 372.14 366.55 360.68 354.55 348.15 341.53 334.85 328.19 321.57 314.98 308.43 301.91 295.45
523.93 523.55 522.57 521.17 519.44 517.43 515.15 512.64 509.92 507.02 503.95 500.75 497.44 494.05 490.59 487.11 483.62 480.15 476.72 473.36 470.09 466.95 463.95 461.12 458.48 456.07 453.91 452.02 450.42 449.15 448.23 447.68 447.54 447.74 447.91 447.88 447.64 447.19 446.53 445.65 444.56 443.24 441.71 439.95 437.96 435.73 433.28 430.59 427.66 424.49 421.08 417.42 413.51 409.34 404.93 400.25 395.32 390.12 384.66 378.93 372.94 366.66 360.11 353.29 346.24 339.14 332.06 325.02 318.02 311.06 304.15
527.28 527.37 526.99 526.24 525.16 523.77 522.09 520.15 517.98 515.60 513.04 510.32 507.47 504.51 501.47 498.38 495.26 492.13 489.02 485.96 482.97 480.08 477.31 474.69 472.24 469.99 467.96 466.19 464.69 463.49 462.62 462.10 461.95 462.14 462.28 462.22 461.94 461.45 460.75 459.82 458.68 457.31 455.71 453.88 451.83 449.53 447.00 444.23 441.21 437.95 434.45 430.69 426.68 422.41 417.88 413.09 408.04 402.72 397.13 391.27 385.14 378.72 372.03 365.06 357.80 350.31 342.77 335.26 327.80 320.37 313.00
530.26 530.97 531.27 531.19 530.74 529.97 528.89 527.52 525.90 524.05 522.00 519.76 517.37 514.85 512.22 509.52 506.77 503.98 501.20 498.44 495.72 493.09 490.55 488.14 485.87 483.79 481.90 480.25 478.84 477.71 476.89 476.39 476.25 476.42 476.54 476.44 476.13 475.61 474.86 473.89 472.69 471.26 469.61 467.72 465.59 463.22 460.61 457.76 454.66 451.31 447.71 443.86 439.74 435.37 430.73 425.83 420.66 415.22 409.50 403.51 397.24 390.69 383.85 376.73 369.32 361.62 353.68 345.69 337.75 329.84 321.99
532.96 534.38 535.37 535.95 536.15 535.99 535.51 534.72 533.65 532.33 530.78 529.03 527.09 525.01 522.80 520.49 518.10 515.67 513.21 510.75 508.31 505.93 503.62 501.42 499.34 497.42 495.68 494.14 492.83 491.77 491.00 490.53 490.40 490.55 490.64 490.51 490.17 489.60 488.81 487.80 486.55 485.07 483.35 481.40 479.20 476.76 474.08 471.15 467.96 464.53 460.83 456.88 452.67 448.19 443.44 438.42 433.14 427.57 421.73 415.61 409.21 402.52 395.54 388.27 380.71 372.85 364.69 356.30 347.85 339.45 331.11
535.43 537.56 539.24 540.49 541.33 541.80 541.91 541.70 541.18 540.39 539.34 538.07 536.60 534.96 533.17 531.25 529.23 527.14 525.00 522.85 520.69 518.56 516.49 514.50 512.61 510.85 509.25 507.83 506.61 505.63 504.91 504.47 504.34 504.47 504.54 504.38 504.01 503.40 502.57 501.51 500.21 498.67 496.90 494.88 492.62 490.11 487.35 484.34 481.08 477.55 473.76 469.72 465.40 460.82 455.96 450.83 445.43 439.74 433.78 427.53 420.99 414.16 407.04 399.63 391.91 383.90 375.58 366.96 358.10 349.20 340.37
537.64 540.48 542.85 544.76 546.25 547.34 548.05 548.41 548.45 548.19 547.65 546.86 545.86 544.65 543.27 541.75 540.10 538.36 536.55 534.69 532.81 530.94 529.10 527.32 525.62 524.03 522.57 521.27 520.15 519.24 518.57 518.16 518.03 518.15 518.19 518.01 517.60 516.96 516.09 514.98 513.63 512.04 510.21 508.13 505.80 503.22 500.39 497.30 493.95 490.34 486.46 482.32 477.90 473.22 468.25 463.01 457.49 451.69 445.60 439.22 432.55 425.58 418.32 410.76 402.90 394.73 386.26 377.48 368.40 359.09 349.77
539.62 543.09 546.15 548.73 550.86 552.57 553.88 554.82 555.41 555.68 555.65 555.35 554.80 554.04 553.08 551.95 550.67 549.28 547.79 546.24 544.64 543.02 541.42 539.85 538.34 536.91 535.59 534.41 533.39 532.56 531.94 531.56 531.44 531.54 531.56 531.35 530.91 530.23 529.32 528.16 526.77 525.13 523.24 521.10 518.70 516.06 513.15 509.98 506.55 502.85 498.88 494.64 490.13 485.34 480.27 474.92 469.28 463.36 457.14 450.64 443.83 436.73 429.33 421.62 413.61 405.29 396.67 387.74 378.53 369.02 359.31
541.50 545.43 549.09 552.34 555.12 557.45 559.36 560.88 562.02 562.82 563.30 563.49 563.40 563.08 562.53 561.80 560.90 559.85 558.69 557.44 556.12 554.77 553.40 552.04 550.71 549.45 548.28 547.22 546.30 545.54 544.97 544.62 544.51 544.60 544.59 544.36 543.88 543.17 542.22 541.02 539.58 537.88 535.94 533.74 531.28 528.56 525.58 522.34 518.83 515.04 510.98 506.65 502.04 497.15 491.97 486.51 480.76 474.71 468.38 461.74 454.81 447.57 440.03 432.18 424.02 415.56 406.79 397.74 388.40 378.78 368.90
543.32 547.63 551.72 555.56 558.98 561.94 564.45 566.54 568.24 569.57 570.56 571.23 571.62 571.73 571.60 571.26 570.73 570.04 569.20 568.26 567.22 566.12 564.99 563.84 562.71 561.62 560.59 559.65 558.83 558.15 557.63 557.31 557.20 557.28 557.26 556.99 556.49 555.74 554.75 553.51 552.02 550.27 548.27 546.01 543.49 540.70 537.65 534.33 530.74 526.87 522.72 518.30 513.59 508.59 503.31 497.74 491.87 485.71 479.25 472.49 465.42 458.05 450.37 442.38 434.08 425.49 416.60 407.43 397.99 388.27 378.30
545.05 549.72 554.17 558.42 562.41 565.99 569.10 571.77 574.02 575.89 577.39 578.55 579.39 579.95 580.24 580.30 580.14 579.80 579.29 578.65 577.89 577.06 576.16 575.22 574.28 573.36 572.47 571.66 570.94 570.33 569.87 569.58 569.48 569.55 569.50 569.21 568.68 567.89 566.86 565.58 564.04 562.25 560.19 557.87 555.29 552.43 549.31 545.91 542.24 538.29 534.05 529.53 524.73 519.63 514.25 508.56 502.59 496.31 489.72 482.84 475.64 468.14 460.32 452.19 443.77 435.06 426.07 416.80 407.27 397.47 387.41
546.66 551.67 556.47 561.05 565.43 569.55 573.27 576.52 579.33 581.72 583.73 585.38 586.69 587.69 588.40 588.86 589.07 589.08 588.90 588.56 588.09 587.52 586.85 586.14 585.39 584.63 583.89 583.20 582.58 582.05 581.64 581.38 581.29 581.35 581.28 580.96 580.40 579.59 578.52 577.19 575.61 573.76 571.65 569.28 566.63 563.71 560.51 557.04 553.29 549.25 544.93 540.32 535.42 530.22 524.73 518.94 512.85 506.45 499.75 492.74 485.41 477.78 469.83 461.59 453.07 444.26 435.17 425.82 416.21 406.34 396.23
548.13 553.47 558.59 563.49 568.18 572.67 576.91 580.74 584.11 587.04 589.56 591.70 593.47 594.91 596.05 596.90 597.49 597.84 598.00 597.97 597.78 597.46 597.04 596.53 595.98 595.39 594.80 594.23 593.71 593.26 592.91 592.68 592.60 592.64 592.55 592.21 591.62 590.78 589.67 588.31 586.68 584.78 582.62 580.18 577.47 574.49 571.22 567.68 563.84 559.72 555.32 550.61 545.62 540.32 534.73 528.83 522.63 516.11 509.29 502.15 494.70 486.95 478.89 470.55 461.93 453.04 443.88 434.46 424.78 414.86 404.71
549.42 555.08 560.50 565.71 570.70 575.48 580.06 584.39 588.32 591.78 594.82 597.44 599.69 601.57 603.13 604.37 605.34 606.05 606.53 606.81 606.90 606.85 606.66 606.37 606.01 605.59 605.15 604.70 604.28 603.91 603.62 603.42 603.35 603.39 603.28 602.92 602.30 601.42 600.28 598.87 597.20 595.25 593.04 590.55 587.78 584.72 581.39 577.77 573.86 569.66 565.16 560.37 555.28 549.89 544.19 538.18 531.87 525.24 518.30 511.04 503.48 495.62 487.47 479.05 470.35 461.38 452.16 442.69 432.97 423.01 412.82
550.52 556.47 562.18 567.67 572.95 578.01 582.86 587.52 591.92 595.92 599.47 602.58 605.29 607.62 609.60 611.24 612.59 613.65 614.46 615.05 615.43 615.63 615.69 615.62 615.44 615.20 614.90 614.58 614.26 613.97 613.73 613.57 613.52 613.54 613.41 613.03 612.38 611.47 610.29 608.85 607.13 605.14 602.87 600.32 597.49 594.38 590.97 587.28 583.29 579.01 574.43 569.55 564.36 558.87 553.07 546.96 540.53 533.79 526.73 519.37 511.71 503.76 495.54 487.05 478.29 469.27 460.00 450.49 440.74 430.76 420.56
551.39 557.61 563.60 569.37 574.90 580.22 585.33 590.24 594.95 599.41 603.46 607.07 610.25 613.02 615.42 617.47 619.19 620.60 621.75 622.64 623.31 623.77 624.07 624.21 624.24 624.16 624.01 623.82 623.60 623.39 623.21 623.09 623.04 623.06 622.91 622.50 621.83 620.89 619.68 618.19 616.43 614.39 612.07 609.47 606.58 603.40 599.93 596.16 592.10 587.73 583.07 578.10 572.82 567.23 561.33 555.11 548.58 541.72 534.56 527.11 519.38 511.36 503.08 494.52 485.72 476.66 467.36 457.83 448.06 438.08 427.88
