data_output/RCH/Precip_1984_07.asc
ncols        168
nrows        136
xllcorner    455000
yllcorner    2107000
cellsize     500
NODATA_value     -99999
[rows 32 to 63 of 136, columns 71 to 141 of 168]
188.51 188.46 188.46 188.51 188.61 188.74 188.92 189.14 189.40 189.68 189.98 190.30 190.63 190.97 191.32 191.68 192.05 192.42 192.79 193.16 193.52 193.88 194.24 194.58 194.92 195.24 195.54 195.83 196.10 196.35 196.57 196.76 196.93 197.07 197.18 197.25 197.28 197.28 197.23 197.15 197.01 196.83 196.61 196.33 195.96 195.41 194.61 193.57 192.29 190.78 189.04 187.07 184.88 182.48 180.07 177.74 175.51 173.40 171.39 169.51 167.76 166.14 164.66 163.24 161.83 160.43 159.03 157.64 156.26 154.89 153.55
188.15 188.08 188.05 188.07 188.14 188.26 188.42 188.61 188.83 189.08 189.34 189.63 189.93 190.24 190.56 190.89 191.23 191.57 191.92 192.26 192.61 192.95 193.29 193.62 193.93 194.24 194.53 194.81 195.07 195.30 195.52 195.71 195.87 196.00 196.11 196.18 196.21 196.21 196.17 196.09 195.96 195.79 195.57 195.30 194.98 194.57 193.98 193.13 192.04 190.71 189.15 187.35 185.32 183.09 180.83 178.66 176.60 174.64 172.79 171.07 169.47 168.00 166.60 165.19 163.79 162.38 160.97 159.57 158.18 156.80 155.43
187.80 187.69 187.64 187.64 187.69 187.78 187.90 188.07 188.25 188.46 188.69 188.94 189.21 189.49 189.78 190.09 190.40 190.72 191.04 191.37 191.69 192.01 192.33 192.64 192.95 193.24 193.52 193.78 194.03 194.26 194.47 194.65 194.81 194.94 195.04 195.12 195.15 195.15 195.12 195.04 194.92 194.76 194.55 194.29 193.98 193.62 193.17 192.53 191.64 190.50 189.13 187.51 185.66 183.59 181.50 179.50 177.60 175.81 174.13 172.57 171.14 169.76 168.37 166.98 165.58 164.17 162.77 161.36 159.96 158.57 157.19
187.45 187.32 187.24 187.21 187.23 187.29 187.39 187.51 187.66 187.84 188.03 188.25 188.49 188.74 189.00 189.28 189.57 189.86 190.16 190.47 190.77 191.07 191.37 191.67 191.96 192.24 192.51 192.76 193.00 193.22 193.42 193.60 193.76 193.89 193.99 194.06 194.10 194.10 194.07 194.00 193.89 193.73 193.53 193.29 192.99 192.64 192.24 191.76 191.07 190.14 188.96 187.53 185.87 183.98 182.07 180.24 178.52 176.90 175.40 174.01 172.68 171.33 169.96 168.59 167.20 165.80 164.40 163.00 161.60 160.21 158.82
187.12 186.96 186.85 186.79 186.78 186.81 186.86 186.95 187.06 187.20 187.37 187.55 187.76 187.98 188.22 188.47 188.73 189.01 189.28 189.57 189.85 190.14 190.42 190.70 190.98 191.24 191.50 191.75 191.98 192.19 192.39 192.56 192.72 192.84 192.95 193.02 193.06 193.07 193.04 192.98 192.87 192.73 192.54 192.31 192.02 191.69 191.31 190.87 190.34 189.62 188.65 187.42 185.95 184.25 182.52 180.88 179.35 177.92 176.59 175.32 174.02 172.70 171.36 170.01 168.64 167.26 165.87 164.48 163.09 161.70 160.32
186.80 186.61 186.47 186.38 186.33 186.32 186.33 186.39 186.47 186.57 186.70 186.86 187.04 187.23 187.44 187.67 187.91 188.15 188.41 188.67 188.94 189.21 189.48 189.74 190.01 190.26 190.51 190.74 190.97 191.18 191.37 191.54 191.69 191.82 191.92 192.00 192.04 192.05 192.03 191.98 191.88 191.75 191.57 191.35 191.08 190.77 190.40 189.98 189.50 188.94 188.18 187.16 185.89 184.40 182.86 181.42 180.08 178.84 177.63 176.41 175.15 173.87 172.56 171.24 169.90 168.54 167.18 165.80 164.43 163.05 161.67
186.49 186.27 186.10 185.97 185.88 185.83 185.81 185.82 185.87 185.94 186.04 186.17 186.32 186.48 186.67 186.87 187.09 187.31 187.55 187.79 188.04 188.29 188.55 188.80 189.05 189.29 189.53 189.76 189.98 190.18 190.37 190.54 190.69 190.81 190.92 191.00 191.04 191.06 191.05 191.00 190.92 190.79 190.63 190.42 190.17 189.87 189.52 189.12 188.67 188.16 187.56 186.76 185.70 184.41 183.08 181.85 180.70 179.59 178.45 177.27 176.06 174.82 173.55 172.27 170.96 169.63 168.30 166.95 165.59 164.23 162.87
186.20 185.94 185.73 185.56 185.43 185.34 185.29 185.27 185.28 185.32 185.39 185.49 185.61 185.75 185.91 186.09 186.28 186.48 186.70 186.93 187.16 187.40 187.63 187.87 188.11 188.35 188.58 188.80 189.01 189.21 189.39 189.56 189.71 189.83 189.94 190.02 190.08 190.10 190.10 190.06 189.98 189.87 189.72 189.53 189.29 189.01 188.68 188.30 187.86 187.38 186.83 186.20 185.37 184.29 183.18 182.15 181.14 180.10 179.02 177.90 176.74 175.55 174.33 173.09 171.82 170.53 169.23 167.91 166.59 165.25 163.91
185.92 185.62 185.37 185.16 185.00 184.87 184.78 184.73 184.71 184.72 184.76 184.82 184.92 185.03 185.17 185.32 185.49 185.68 185.87 186.08 186.30 186.52 186.74 186.97 187.20 187.42 187.65 187.86 188.06 188.26 188.44 188.61 188.76 188.89 189.00 189.08 189.14 189.17 189.18 189.15 189.08 188.98 188.85 188.67 188.45 188.18 187.87 187.51 187.10 186.64 186.12 185.55 184.88 184.03 183.13 182.25 181.33 180.35 179.34 178.28 177.18 176.05 174.89 173.69 172.47 171.23 169.97 168.69 167.40 166.09 164.78
185.66 185.32 185.02 184.78 184.57 184.41 184.29 184.20 184.15 184.13 184.14 184.18 184.24 184.33 184.44 184.57 184.72 184.89 185.07 185.26 185.46 185.67 185.88 186.10 186.31 186.53 186.74 186.95 187.15 187.34 187.52 187.69 187.84 187.97 188.08 188.18 188.24 188.28 188.29 188.28 188.22 188.14 188.02 187.85 187.65 187.41 187.11 186.78 186.39 185.95 185.46 184.91 184.30 183.62 182.88 182.09 181.24 180.34 179.40 178.41 177.38 176.32 175.21 174.08 172.91 171.72 170.51 169.27 168.02 166.76 165.48
185.36 184.98 184.65 184.36 184.12 183.93 183.77 183.65 183.57 183.52 183.50 183.51 183.55 183.62 183.71 183.82 183.95 184.09 184.25 184.43 184.62 184.81 185.01 185.22 185.43 185.63 185.84 186.05 186.24 186.43 186.61 186.78 186.93 187.07 187.18 187.28 187.35 187.40 187.43 187.42 187.38 187.31 187.20 187.06 186.87 186.65 186.38 186.06 185.70 185.29 184.82 184.30 183.72 183.10 182.44 181.73 180.97 180.16 179.29 178.38 177.42 176.42 175.39 174.31 173.21 172.08 170.92 169.73 168.53 167.31 166.07
185.01 184.56 184.19 183.87 183.59 183.36 183.17 183.02 182.91 182.83 182.79 182.78 182.79 182.84 182.90 183.00 183.11 183.24 183.38 183.55 183.72 183.90 184.09 184.29 184.49 184.70 184.90 185.10 185.29 185.48 185.66 185.83 185.99 186.13 186.25 186.36 186.44 186.50 186.54 186.54 186.52 186.46 186.37 186.25 186.09 185.88 185.63 185.34 185.01 184.62 184.18 183.69 183.15 182.56 181.95 181.32 180.65 179.92 179.14 178.30 177.42 176.50 175.53 174.52 173.48 172.41 171.31 170.18 169.02 167.85 166.66
184.71 184.09 183.65 183.30 182.99 182.72 182.50 182.33 182.19 182.08 182.01 181.98 181.97 182.00 182.05 182.12 182.21 182.33 182.46 182.61 182.77 182.95 183.13 183.32 183.52 183.72 183.92 184.12 184.31 184.50 184.69 184.86 185.02 185.17 185.30 185.42 185.51 185.58 185.63 185.65 185.65 185.61 185.54 185.43 185.29 185.11 184.89 184.63 184.32 183.96 183.55 183.09 182.58 182.03 181.46 180.88 180.28 179.64 178.94 178.19 177.39 176.54 175.64 174.71 173.73 172.72 171.68 170.61 169.51 168.39 167.25
184.51 183.67 183.07 182.65 182.31 182.02 181.77 181.57 181.40 181.27 181.18 181.13 181.10 181.11 181.14 181.19 181.28 181.38 181.50 181.64 181.79 181.96 182.14 182.32 182.51 182.71 182.91 183.11 183.31 183.50 183.69 183.87 184.04 184.20 184.34 184.46 184.57 184.66 184.72 184.76 184.77 184.75 184.71 184.62 184.51 184.35 184.16 183.92 183.64 183.31 182.93 182.50 182.02 181.51 180.97 180.43 179.88 179.31 178.70 178.04 177.32 176.55 175.73 174.87 173.96 173.02 172.04 171.03 169.99 168.92 167.83
184.40 183.36 182.55 181.98 181.58 181.26 180.99 180.76 180.57 180.42 180.31 180.23 180.19 180.17 180.19 180.23 180.30 180.39 180.51 180.64 180.78 180.94 181.12 181.30 181.49 181.69 181.89 182.09 182.29 182.49 182.68 182.87 183.05 183.22 183.37 183.51 183.63 183.74 183.82 183.88 183.91 183.91 183.89 183.83 183.74 183.61 183.44 183.24 182.99 182.68 182.32 181.91 181.47 180.99 180.49 179.98 179.47 178.95 178.41 177.84 177.20 176.52 175.78 174.99 174.16 173.29 172.38 171.43 170.45 169.44 168.40
184.40 183.15 182.15 181.38 180.83 180.46 180.16 179.91 179.70 179.53 179.40 179.30 179.24 179.21 179.22 179.25 179.31 179.39 179.49 179.61 179.75 179.91 180.08 180.26 180.45 180.65 180.86 181.06 181.27 181.48 181.68 181.88 182.07 182.25 182.41 182.57 182.71 182.83 182.93 183.01 183.06 183.09 183.09 183.06 182.99 182.90 182.76 182.58 182.35 182.06 181.72 181.34 180.92 180.48 180.02 179.55 179.07 178.58 178.09 177.59 177.04 176.44 175.78 175.08 174.32 173.52 172.68 171.80 170.89 169.94 168.96
184.48 183.05 181.85 180.90 180.16 179.65 179.30 179.03 178.80 178.61 178.46 178.35 178.27 178.23 178.23 178.25 178.29 178.37 178.47 178.58 178.72 178.88 179.05 179.23 179.42 179.62 179.83 180.04 180.26 180.47 180.69 180.89 181.10 181.29 181.48 181.65 181.81 181.95 182.07 182.17 182.25 182.30 182.33 182.32 182.29 182.22 182.11 181.96 181.74 181.46 181.14 180.78 180.39 179.97 179.55 179.11 178.67 178.21 177.76 177.30 176.83 176.31 175.74 175.12 174.45 173.72 172.95 172.15 171.30 170.41 169.50
184.65 183.04 181.67 180.53 179.62 178.93 178.45 178.13 177.88 177.67 177.51 177.38 177.30 177.25 177.23 177.24 177.28 177.35 177.44 177.56 177.69 177.85 178.02 178.20 178.40 178.61 178.82 179.04 179.26 179.49 179.72 179.94 180.16 180.37 180.57 180.76 180.94 181.10 181.24 181.37 181.47 181.55 181.61 181.63 181.63 181.59 181.50 181.35 181.13 180.87 180.56 180.22 179.86 179.48 179.09 178.68 178.27 177.85 177.43 177.00 176.57 176.13 175.65 175.11 174.52 173.88 173.19 172.45 171.67 170.86 170.00
184.90 183.13 181.59 180.28 179.20 178.34 177.69 177.24 176.95 176.73 176.55 176.42 176.32 176.26 176.23 176.24 176.27 176.34 176.43 176.54 176.68 176.83 177.01 177.20 177.40 177.61 177.84 178.07 178.30 178.54 178.78 179.02 179.25 179.48 179.70 179.91 180.11 180.30 180.47 180.62 180.75 180.86 180.94 181.00 181.03 181.00 180.91 180.75 180.55 180.29 180.00 179.68 179.35 178.99 178.63 178.26 177.88 177.49 177.10 176.70 176.31 175.91 175.50 175.05 174.54 173.98 173.37 172.72 172.01 171.27 170.48
185.24 183.30 181.60 180.14 178.90 177.87 177.06 176.46 176.05 175.80 175.61 175.46 175.35 175.28 175.25 175.25 175.28 175.35 175.44 175.55 175.69 175.85 176.03 176.22 176.43 176.65 176.89 177.13 177.38 177.63 177.88 178.14 178.39 178.64 178.88 179.12 179.34 179.55 179.75 179.93 180.09 180.23 180.35 180.43 180.47 180.44 180.34 180.18 179.98 179.73 179.45 179.15 178.84 178.52 178.19 177.85 177.50 177.14 176.78 176.41 176.04 175.67 175.30 174.93 174.51 174.04 173.51 172.93 172.30 171.63 170.92
185.64 183.56 181.71 180.10 178.71 177.54 176.58 175.82 175.26 174.90 174.68 174.52 174.41 174.33 174.29 174.29 174.32 174.38 174.47 174.59 174.73 174.90 175.08 175.29 175.50 175.74 175.98 176.24 176.50 176.77 177.04 177.32 177.59 177.86 178.13 178.38 178.63 178.87 179.10 179.31 179.50 179.67 179.82 179.91 179.93 179.89 179.78 179.62 179.42 179.18 178.92 178.64 178.35 178.05 177.75 177.44 177.12 176.79 176.46 176.12 175.78 175.44 175.10 174.76 174.41 174.03 173.59 173.09 172.55 171.95 171.31
186.12 183.90 181.92 180.16 178.63 177.32 176.22 175.32 174.62 174.12 173.79 173.61 173.49 173.41 173.37 173.37 173.40 173.46 173.56 173.68 173.82 174.00 174.19 174.40 174.63 174.88 175.14 175.41 175.69 175.97 176.27 176.56 176.86 177.15 177.44 177.72 178.00 178.27 178.52 178.77 178.99 179.19 179.34 179.42 179.42 179.36 179.25 179.08 178.88 178.65 178.40 178.14 177.87 177.60 177.32 177.04 176.75 176.45 176.14 175.83 175.52 175.20 174.89 174.58 174.27 173.96 173.61 173.20 172.74 172.22 171.66
186.67 184.32 182.21 180.32 178.66 177.22 175.99 174.96 174.13 173.49 173.04 172.76 172.62 172.54 172.50 172.49 172.53 172.59 172.69 172.82 172.97 173.15 173.36 173.58 173.82 174.08 174.36 174.65 174.94 175.25 175.56 175.88 176.20 176.52 176.84 177.15 177.46 177.75 178.04 178.32 178.57 178.77 178.90 178.95 178.93 178.86 178.73 178.56 178.36 178.14 177.90 177.65 177.40 177.15 176.91 176.65 176.38 176.11 175.83 175.55 175.26 174.97 174.68 174.40 174.12 173.84 173.56 173.24 172.86 172.43 171.95
187.28 184.81 182.58 180.58 178.80 177.24 175.88 174.73 173.78 173.02 172.44 172.05 171.81 171.71 171.67 171.67 171.71 171.78 171.89 172.02 172.19 172.38 172.59 172.83 173.09 173.37 173.66 173.96 174.28 174.61 174.95 175.29 175.63 175.98 176.32 176.67 177.00 177.34 177.66 177.96 178.22 178.39 178.48 178.50 178.46 178.37 178.24 178.06 177.86 177.64 177.41 177.17 176.94 176.72 176.50 176.27 176.03 175.78 175.53 175.27 175.00 174.74 174.48 174.22 173.96 173.71 173.46 173.21 172.92 172.58 172.18
187.95 185.37 183.03 180.92 179.03 177.36 175.90 174.64 173.57 172.70 172.01 171.50 171.15 170.98 170.92 170.92 170.97 171.04 171.16 171.30 171.48 171.68 171.91 172.16 172.44 172.73 173.04 173.37 173.71 174.06 174.42 174.79 175.16 175.54 175.92 176.29 176.66 177.03 177.38 177.68 177.89 178.03 178.09 178.08 178.02 177.91 177.76 177.58 177.38 177.16 176.94 176.71 176.50 176.30 176.11 175.90 175.68 175.46 175.23 174.99 174.75 174.51 174.27 174.03 173.80 173.57 173.35 173.13 172.92 172.66 172.35
188.67 186.00 183.56 181.35 179.36 177.59 176.02 174.66 173.50 172.52 171.73 171.11 170.67 170.39 170.26 170.25 170.30 170.39 170.51 170.67 170.86 171.07 171.32 171.59 171.88 172.20 172.53 172.88 173.24 173.62 174.01 174.40 174.81 175.21 175.62 176.03 176.43 176.83 177.17 177.43 177.60 177.69 177.72 177.69 177.60 177.47 177.31 177.12 176.91 176.70 176.48 176.27 176.07 175.90 175.72 175.54 175.35 175.14 174.94 174.72 174.51 174.29 174.07 173.85 173.64 173.43 173.23 173.04 172.85 172.67 172.45
189.44 186.68 184.15 181.86 179.78 177.92 176.26 174.81 173.55 172.49 171.60 170.89 170.35 169.98 169.76 169.68 169.73 169.83 169.96 170.13 170.33 170.57 170.83 171.12 171.43 171.77 172.12 172.50 172.89 173.29 173.71 174.13 174.57 175.01 175.45 175.89 176.33 176.71 177.00 177.21 177.34 177.39 177.38 177.32 177.21 177.06 176.88 176.68 176.47 176.25 176.04 175.84 175.66 175.50 175.35 175.19 175.02 174.84 174.65 174.46 174.26 174.07 173.87 173.67 173.48 173.29 173.11 172.93 172.77 172.62 172.47
190.26 187.42 184.82 182.44 180.28 178.34 176.61 175.07 173.74 172.59 171.62 170.83 170.20 169.74 169.44 169.28 169.27 169.37 169.51 169.70 169.92 170.17 170.45 170.76 171.10 171.46 171.84 172.24 172.66 173.09 173.54 173.99 174.46 174.93 175.41 175.88 176.30 176.63 176.87 177.02 177.10 177.12 177.07 176.98 176.84 176.67 176.48 176.27 176.05 175.83 175.62 175.43 175.26 175.13 175.00 174.85 174.70 174.54 174.37 174.20 174.03 173.85 173.67 173.49 173.32 173.15 172.99 172.83 172.69 172.55 172.43
191.13 188.22 185.55 183.10 180.87 178.86 177.06 175.45 174.04 172.82 171.78 170.91 170.22 169.68 169.30 169.07 168.99 169.03 169.18 169.39 169.62 169.90 170.20 170.53 170.89 171.27 171.68 172.11 172.56 173.02 173.50 173.99 174.49 175.00 175.51 175.96 176.32 176.59 176.77 176.87 176.90 176.87 176.79 176.66 176.50 176.31 176.09 175.87 175.65 175.43 175.22 175.04 174.88 174.76 174.65 174.53 174.40 174.25 174.11 173.95 173.79 173.63 173.47 173.32 173.16 173.01 172.86 172.72 172.60 172.48 172.37
192.03 189.07 186.33 183.83 181.54 179.47 177.60 175.94 174.47 173.18 172.08 171.15 170.39 169.79 169.35 169.05 168.90 168.88 168.99 169.20 169.46 169.75 170.08 170.43 170.82 171.23 171.67 172.12 172.60 173.10 173.61 174.14 174.67 175.21 175.70 176.09 176.38 176.58 176.70 176.75 176.73 176.66 176.54 176.37 176.18 175.97 175.74 175.50 175.27 175.04 174.84 174.66 174.52 174.41 174.32 174.22 174.10 173.98 173.85 173.71 173.57 173.43 173.28 173.14 173.00 172.87 172.74 172.62 172.50 172.40 172.31
192.97 189.96 187.17 184.62 182.28 180.16 178.24 176.53 175.01 173.67 172.51 171.53 170.72 170.07 169.57 169.22 169.01 168.93 168.99 169.16 169.43 169.75 170.10 170.48 170.89 171.33 171.80 172.29 172.80 173.33 173.88 174.44 175.01 175.53 175.94 176.26 176.48 176.61 176.67 176.66 176.59 176.48 176.31 176.12 175.89 175.65 175.40 175.15 174.91 174.68 174.48 174.30 174.17 174.08 174.01 173.92 173.82 173.71 173.60 173.48 173.35 173.23 173.10 172.97 172.85 172.73 172.61 172.51 172.41 172.32 172.25
193.94 190.89 188.07 185.47 183.10 180.93 178.98 177.22 175.66 174.28 173.08 172.06 171.20 170.50 169.96 169.56 169.31 169.19 169.19 169.32 169.57 169.90 170.27 170.68 171.13 171.60 172.10 172.62 173.17 173.73 174.32 174.91 175.45 175.89 176.22 176.46 176.61 176.68 176.67 176.61 176.49 176.32 176.12 175.89 175.63 175.37 175.10 174.83 174.57 174.34 174.13 173.96 173.84 173.77 173.71 173.63 173.55 173.46 173.36 173.25 173.14 173.03 172.92 172.80 172.69 172.59 172.49 172.39 172.31 172.24 172.17
