data_output/RCH/Precip_2013_10.asc
ncols        168
nrows        136
xllcorner    455000
yllcorner    2107000
cellsize     500
NODATA_value     -99999
[rows 0 to 31 of 136, columns 0 to 70 of 168]
30.15 32.24 34.29 36.30 38.26 40.17 42.03 43.81 45.53 47.17 48.72 50.19 51.55 52.82 53.97 55.01 55.93 56.72 57.38 57.92 58.45 58.98 59.51 60.03 60.55 61.06 61.57 62.07 62.57 63.05 63.53 64.00 64.47 64.92 65.36 65.79 66.20 66.61 67.00 67.37 67.73 68.04 68.31 68.54 68.71 68.84 68.92 68.95 68.92 68.84 68.70 68.51 68.25 67.93 67.55 67.11 66.66 66.22 65.81 65.41 65.02 64.65 64.28 63.92 63.57 63.21 62.85 62.48 62.10 61.71 61.31
31.99 33.98 35.94 37.87 39.75 41.58 43.36 45.08 46.74 48.32 49.82 51.23 52.55 53.77 54.89 55.90 56.79 57.55 58.19 58.72 59.23 59.74 60.24 60.74 61.23 61.72 62.20 62.68 63.14 63.60 64.04 64.48 64.90 65.31 65.71 66.10 66.47 66.83 67.18 67.50 67.81 68.10 68.34 68.54 68.68 68.78 68.82 68.81 68.74 68.62 68.43 68.19 67.89 67.52 67.09 66.65 66.22 65.82 65.43 65.06 64.70 64.36 64.01 63.68 63.34 63.00 62.65 62.30 61.93 61.55 61.16
33.94 35.83 37.70 39.53 41.33 43.08 44.79 46.44 48.02 49.54 50.98 52.34 53.61 54.79 55.86 56.83 57.69 58.43 59.04 59.55 60.04 60.52 61.00 61.47 61.94 62.40 62.85 63.29 63.72 64.14 64.54 64.94 65.32 65.69 66.05 66.39 66.72 67.03 67.32 67.59 67.85 68.09 68.30 68.46 68.57 68.63 68.64 68.59 68.48 68.31 68.08 67.79 67.43 67.01 66.58 66.17 65.78 65.41 65.06 64.72 64.39 64.06 63.75 63.43 63.11 62.79 62.46 62.12 61.76 61.39 61.00
35.99 37.78 39.55 41.29 43.00 44.67 46.30 47.87 49.38 50.83 52.21 53.51 54.73 55.86 56.89 57.82 58.64 59.34 59.93 60.41 60.88 61.34 61.79 62.23 62.66 63.09 63.50 63.91 64.30 64.68 65.04 65.40 65.73 66.06 66.37 66.66 66.93 67.19 67.43 67.65 67.85 68.03 68.18 68.31 68.39 68.41 68.37 68.28 68.13 67.91 67.63 67.29 66.89 66.47 66.07 65.70 65.34 65.01 64.68 64.37 64.07 63.77 63.48 63.18 62.88 62.58 62.26 61.94 61.60 61.24 60.86
38.15 39.84 41.51 43.15 44.77 46.35 47.89 49.38 50.82 52.20 53.51 54.75 55.91 56.99 57.97 58.86 59.64 60.31 60.86 61.32 61.75 62.18 62.60 63.01 63.41 63.79 64.17 64.53 64.88 65.22 65.54 65.84 66.14 66.41 66.66 66.90 67.12 67.32 67.50 67.66 67.80 67.92 68.01 68.08 68.11 68.10 68.02 67.88 67.68 67.42 67.09 66.70 66.30 65.92 65.56 65.22 64.91 64.60 64.31 64.03 63.75 63.48 63.21 62.94 62.66 62.37 62.07 61.76 61.43 61.08 60.71
40.43 42.00 43.56 45.11 46.63 48.12 49.57 50.98 52.34 53.65 54.89 56.06 57.16 58.18 59.11 59.95 60.69 61.32 61.83 62.26 62.66 63.06 63.44 63.81 64.17 64.52 64.85 65.17 65.47 65.76 66.03 66.29 66.53 66.74 66.95 67.13 67.29 67.43 67.55 67.64 67.72 67.76 67.79 67.79 67.76 67.70 67.58 67.40 67.15 66.84 66.46 66.08 65.71 65.37 65.05 64.75 64.47 64.20 63.94 63.69 63.44 63.19 62.95 62.70 62.44 62.17 61.88 61.59 61.27 60.93 60.56
42.81 44.27 45.72 47.16 48.58 49.98 51.34 52.66 53.94 55.17 56.34 57.44 58.48 59.44 60.31 61.10 61.78 62.37 62.85 63.24 63.61 63.96 64.31 64.64 64.95 65.25 65.54 65.81 66.07 66.30 66.52 66.72 66.91 67.07 67.21 67.33 67.43 67.50 67.56 67.59 67.59 67.57 67.52 67.45 67.35 67.22 67.05 66.82 66.52 66.17 65.79 65.45 65.12 64.83 64.55 64.28 64.04 63.80 63.57 63.35 63.13 62.91 62.69 62.46 62.22 61.97 61.70 61.41 61.11 60.78 60.42
45.30 46.64 47.99 49.32 50.64 51.93 53.20 54.43 55.62 56.77 57.86 58.89 59.86 60.75 61.57 62.30 62.93 63.47 63.91 64.26 64.59 64.90 65.20 65.49 65.76 66.01 66.25 66.46 66.67 66.85 67.01 67.15 67.28 67.38 67.46 67.51 67.55 67.55 67.54 67.50 67.43 67.33 67.21 67.06 66.88 66.67 66.43 66.14 65.80 65.45 65.12 64.82 64.54 64.28 64.04 63.82 63.61 63.40 63.21 63.01 62.82 62.63 62.43 62.22 62.00 61.77 61.52 61.25 60.95 60.64 60.29
47.90 49.12 50.35 51.57 52.78 53.98 55.14 56.28 57.39 58.44 59.46 60.41 61.30 62.13 62.88 63.55 64.13 64.63 65.02 65.32 65.61 65.87 66.13 66.36 66.58 66.78 66.96 67.13 67.27 67.40 67.50 67.58 67.64 67.68 67.69 67.68 67.64 67.58 67.49 67.37 67.23 67.05 66.85 66.62 66.35 66.06 65.73 65.38 65.04 64.73 64.45 64.19 63.96 63.74 63.54 63.36 63.18 63.01 62.85 62.68 62.52 62.35 62.17 61.99 61.79 61.57 61.34 61.08 60.80 60.50 60.16
50.61 51.72 52.82 53.93 55.03 56.11 57.18 58.22 59.23 60.20 61.13 62.00 62.82 63.57 64.26 64.86 65.39 65.82 66.17 66.43 66.66 66.88 67.08 67.26 67.43 67.57 67.70 67.80 67.89 67.95 67.99 68.01 68.00 67.96 67.91 67.82 67.71 67.57 67.41 67.21 66.99 66.73 66.45 66.13 65.78 65.40 64.99 64.60 64.28 64.01 63.78 63.57 63.38 63.20 63.04 62.90 62.76 62.62 62.49 62.36 62.22 62.08 61.93 61.76 61.58 61.39 61.17 60.93 60.66 60.36 60.03
53.44 54.41 55.40 56.38 57.37 58.34 59.30 60.24 61.16 62.03 62.87 63.66 64.40 65.08 65.69 66.23 66.69 67.07 67.36 67.57 67.75 67.92 68.07 68.19 68.30 68.38 68.45 68.49 68.51 68.51 68.48 68.43 68.35 68.24 68.11 67.95 67.76 67.54 67.30 67.02 66.71 66.37 66.00 65.59 65.15 64.69 64.24 63.86 63.55 63.31 63.12 62.95 62.80 62.67 62.55 62.44 62.34 62.24 62.14 62.03 61.93 61.81 61.68 61.54 61.38 61.20 61.00 60.78 60.52 60.23 59.91
56.38 57.22 58.08 58.94 59.81 60.67 61.52 62.36 63.17 63.95 64.69 65.39 66.05 66.65 67.19 67.66 68.05 68.37 68.60 68.76 68.89 68.99 69.08 69.15 69.19 69.22 69.22 69.19 69.14 69.07 68.97 68.84 68.69 68.51 68.30 68.06 67.79 67.49 67.16 66.80 66.40 65.97 65.51 65.01 64.48 63.98 63.54 63.17 62.87 62.64 62.46 62.34 62.23 62.14 62.06 61.99 61.92 61.86 61.79 61.72 61.64 61.55 61.44 61.33 61.19 61.03 60.84 60.63 60.39 60.11 59.80
59.44 60.14 60.87 61.60 62.35 63.09 63.83 64.55 65.26 65.94 66.59 67.20 67.77 68.28 68.74 69.14 69.47 69.72 69.89 69.99 70.06 70.10 70.13 70.13 70.11 70.07 70.00 69.91 69.79 69.64 69.46 69.26 69.03 68.77 68.48 68.15 67.80 67.41 66.99 66.54 66.05 65.53 64.97 64.39 63.82 63.33 62.90 62.54 62.25 62.02 61.85 61.74 61.67 61.62 61.58 61.55 61.52 61.48 61.45 61.41 61.36 61.29 61.21 61.12 61.00 60.86 60.69 60.49 60.26 60.00 59.70
62.61 63.17 63.76 64.37 64.99 65.61 66.23 66.84 67.44 68.02 68.57 69.08 69.56 69.99 70.36 70.68 70.94 71.12 71.22 71.26 71.27 71.25 71.21 71.15 71.06 70.94 70.80 70.63 70.44 70.21 69.96 69.68 69.36 69.02 68.64 68.23 67.79 67.31 66.80 66.26 65.67 65.06 64.41 63.78 63.22 62.74 62.32 61.96 61.67 61.45 61.28 61.17 61.12 61.11 61.11 61.11 61.12 61.12 61.11 61.10 61.08 61.04 60.99 60.92 60.82 60.70 60.55 60.36 60.15 59.89 59.60
65.89 66.31 66.77 67.24 67.73 68.22 68.72 69.22 69.70 70.17 70.62 71.04 71.42 71.76 72.05 72.29 72.46 72.57 72.61 72.58 72.52 72.44 72.33 72.19 72.03 71.84 71.62 71.38 71.10 70.80 70.46 70.09 69.69 69.26 68.79 68.29 67.76 67.19 66.58 65.94 65.26 64.55 63.86 63.24 62.69 62.21 61.80 61.45 61.16 60.94 60.77 60.66 60.61 60.60 60.64 60.68 60.72 60.76 60.79 60.81 60.81 60.80 60.77 60.72 60.65 60.54 60.41 60.24 60.04 59.80 59.51
69.29 69.57 69.88 70.21 70.57 70.94 71.31 71.69 72.06 72.41 72.75 73.07 73.35 73.59 73.80 73.95 74.04 74.08 74.04 73.94 73.81 73.66 73.47 73.26 73.03 72.76 72.46 72.13 71.78 71.39 70.96 70.51 70.02 69.50 68.94 68.34 67.71 67.05 66.34 65.60 64.82 64.07 63.39 62.77 62.23 61.75 61.34 61.00 60.71 60.49 60.32 60.21 60.15 60.14 60.18 60.26 60.34 60.41 60.47 60.52 60.55 60.57 60.57 60.54 60.48 60.40 60.28 60.13 59.94 59.71 59.43
72.81 72.94 73.10 73.29 73.51 73.75 73.99 74.24 74.49 74.74 74.96 75.17 75.35 75.50 75.61 75.67 75.68 75.64 75.52 75.35 75.15 74.92 74.66 74.37 74.05 73.70 73.32 72.91 72.46 71.99 71.47 70.93 70.34 69.73 69.07 68.38 67.65 66.88 66.07 65.23 64.41 63.67 62.99 62.38 61.84 61.37 60.97 60.62 60.33 60.11 59.94 59.82 59.75 59.74 59.77 59.85 59.96 60.06 60.16 60.24 60.30 60.35 60.37 60.36 60.33 60.26 60.16 60.03 59.85 59.63 59.36
76.44 76.42 76.43 76.48 76.56 76.66 76.77 76.89 77.02 77.14 77.26 77.35 77.43 77.48 77.49 77.46 77.38 77.25 77.06 76.81 76.53 76.22 75.88 75.51 75.10 74.67 74.20 73.70 73.16 72.59 71.99 71.35 70.67 69.95 69.20 68.40 67.57 66.69 65.79 64.90 64.09 63.35 62.68 62.08 61.54 61.07 60.66 60.32 60.03 59.80 59.62 59.50 59.42 59.40 59.42 59.49 59.60 59.73 59.86 59.97 60.06 60.13 60.18 60.20 60.18 60.14 60.06 59.93 59.77 59.56 59.30
80.19 80.01 79.87 79.77 79.71 79.66 79.64 79.64 79.63 79.64 79.63 79.61 79.58 79.52 79.43 79.31 79.14 78.92 78.64 78.31 77.95 77.56 77.13 76.68 76.19 75.66 75.10 74.51 73.88 73.21 72.51 71.77 70.99 70.17 69.31 68.41 67.47 66.50 65.55 64.66 63.86 63.12 62.45 61.85 61.32 60.85 60.44 60.09 59.80 59.56 59.38 59.24 59.16 59.13 59.13 59.19 59.28 59.41 59.57 59.71 59.83 59.93 60.00 60.04 60.05 60.02 59.96 59.85 59.70 59.50 59.26
84.01 83.72 83.43 83.18 82.96 82.77 82.61 82.47 82.34 82.21 82.09 81.95 81.80 81.64 81.44 81.22 80.95 80.64 80.28 79.87 79.42 78.94 78.43 77.88 77.30 76.68 76.03 75.34 74.61 73.84 73.04 72.20 71.31 70.39 69.42 68.41 67.37 66.35 65.40 64.52 63.72 62.99 62.32 61.72 61.19 60.71 60.30 59.95 59.65 59.40 59.21 59.07 58.97 58.92 58.92 58.95 59.03 59.14 59.29 59.46 59.61 59.73 59.83 59.90 59.93 59.92 59.87 59.78 59.64 59.46 59.22
87.80 87.49 87.09 86.69 86.32 85.99 85.68 85.40 85.13 84.88 84.62 84.37 84.10 83.82 83.52 83.19 82.83 82.42 81.97 81.47 80.93 80.36 79.76 79.12 78.44 77.73 76.97 76.18 75.35 74.49 73.58 72.63 71.63 70.60 69.52 68.41 67.32 66.30 65.36 64.48 63.68 62.95 62.29 61.68 61.15 60.67 60.25 59.89 59.58 59.33 59.12 58.97 58.86 58.79 58.77 58.79 58.85 58.94 59.07 59.23 59.40 59.55 59.67 59.76 59.81 59.83 59.80 59.72 59.60 59.43 59.20
91.57 91.24 90.81 90.30 89.78 89.30 88.85 88.42 88.02 87.63 87.25 86.86 86.48 86.08 85.67 85.23 84.76 84.26 83.71 83.12 82.49 81.83 81.13 80.39 79.61 78.80 77.94 77.05 76.12 75.14 74.12 73.06 71.96 70.81 69.63 68.46 67.37 66.36 65.42 64.55 63.75 63.02 62.35 61.75 61.20 60.72 60.29 59.92 59.61 59.34 59.12 58.95 58.83 58.75 58.71 58.70 58.74 58.81 58.91 59.05 59.21 59.38 59.53 59.64 59.71 59.75 59.73 59.68 59.57 59.40 59.19
95.30 94.95 94.51 93.97 93.35 92.71 92.11 91.54 90.99 90.47 89.95 89.44 88.93 88.41 87.88 87.34 86.76 86.15 85.51 84.82 84.10 83.34 82.54 81.70 80.82 79.90 78.94 77.94 76.89 75.81 74.68 73.50 72.28 71.03 69.79 68.63 67.55 66.53 65.60 64.73 63.93 63.19 62.52 61.91 61.36 60.87 60.43 60.05 59.72 59.44 59.21 59.02 58.88 58.78 58.72 58.70 58.71 58.75 58.83 58.94 59.07 59.23 59.40 59.53 59.63 59.68 59.69 59.64 59.55 59.40 59.19
98.98 98.63 98.17 97.62 96.96 96.23 95.47 94.75 94.06 93.39 92.74 92.10 91.46 90.82 90.17 89.51 88.82 88.11 87.36 86.57 85.75 84.89 83.98 83.04 82.05 81.03 79.96 78.85 77.69 76.49 75.24 73.95 72.62 71.31 70.08 68.92 67.84 66.83 65.89 65.02 64.21 63.47 62.80 62.18 61.62 61.12 60.67 60.28 59.94 59.64 59.39 59.19 59.02 58.90 58.82 58.77 58.76 58.78 58.83 58.91 59.01 59.14 59.29 59.44 59.55 59.63 59.65 59.62 59.54 59.40 59.21
102.61 102.25 101.78 101.22 100.55 99.79 98.93 98.06 97.22 96.41 95.62 94.84 94.07 93.30 92.53 91.74 90.94 90.12 89.27 88.38 87.45 86.48 85.47 84.42 83.33 82.19 81.00 79.78 78.50 77.19 75.82 74.42 73.03 71.72 70.49 69.34 68.25 67.24 66.30 65.43 64.62 63.87 63.19 62.56 61.99 61.48 61.02 60.61 60.25 59.94 59.67 59.45 59.26 59.12 59.01 58.94 58.90 58.89 58.91 58.95 59.02 59.12 59.23 59.37 59.50 59.59 59.63 59.62 59.55 59.43 59.24
106.17 105.81 105.35 104.77 104.10 103.32 102.44 101.47 100.48 99.51 98.58 97.66 96.75 95.85 94.95 94.05 93.13 92.19 91.23 90.24 89.20 88.12 87.00 85.84 84.63 83.38 82.08 80.73 79.34 77.90 76.42 74.96 73.57 72.27 71.04 69.88 68.80 67.78 66.84 65.96 65.14 64.39 63.69 63.06 62.48 61.95 61.47 61.05 60.67 60.34 60.05 59.80 59.60 59.43 59.29 59.19 59.12 59.08 59.07 59.08 59.12 59.18 59.26 59.35 59.46 59.56 59.62 59.63 59.58 59.46 59.29
109.67 109.31 108.84 108.27 107.59 106.80 105.91 104.91 103.82 102.71 101.63 100.56 99.52 98.48 97.45 96.42 95.38 94.33 93.25 92.15 91.00 89.81 88.58 87.30 85.97 84.60 83.18 81.71 80.19 78.63 77.10 75.64 74.26 72.95 71.72 70.56 69.47 68.46 67.50 66.62 65.79 65.03 64.32 63.67 63.08 62.53 62.04 61.60 61.20 60.85 60.54 60.26 60.03 59.84 59.67 59.54 59.44 59.37 59.33 59.30 59.30 59.32 59.36 59.42 59.49 59.56 59.63 59.65 59.62 59.52 59.35
113.09 112.74 112.28 111.70 111.02 110.23 109.33 108.32 107.20 105.99 104.76 103.55 102.36 101.19 100.03 98.86 97.70 96.52 95.33 94.11 92.85 91.54 90.19 88.79 87.34 85.85 84.30 82.71 81.07 79.46 77.92 76.46 75.08 73.77 72.54 71.38 70.29 69.26 68.30 67.41 66.57 65.79 65.07 64.41 63.80 63.24 62.73 62.26 61.84 61.47 61.13 60.83 60.57 60.35 60.16 59.99 59.86 59.76 59.67 59.62 59.58 59.56 59.56 59.57 59.59 59.63 59.67 59.70 59.67 59.58 59.43
116.42 116.08 115.63 115.06 114.38 113.59 112.69 111.67 110.55 109.31 107.98 106.62 105.29 103.97 102.67 101.38 100.08 98.78 97.47 96.13 94.75 93.32 91.85 90.33 88.75 87.13 85.46 83.74 82.05 80.43 78.90 77.44 76.05 74.74 73.51 72.34 71.24 70.21 69.24 68.33 67.48 66.69 65.95 65.27 64.64 64.06 63.53 63.05 62.60 62.20 61.84 61.51 61.22 60.97 60.74 60.55 60.38 60.24 60.12 60.02 59.95 59.88 59.84 59.81 59.78 59.77 59.77 59.77 59.75 59.67 59.53
119.66 119.34 118.90 118.35 117.67 116.88 115.98 114.96 113.83 112.59 111.23 109.78 108.30 106.84 105.39 103.96 102.53 101.10 99.66 98.21 96.70 95.15 93.55 91.90 90.20 88.45 86.65 84.88 83.18 81.57 80.03 78.57 77.18 75.87 74.62 73.45 72.34 71.29 70.31 69.39 68.53 67.72 66.97 66.27 65.62 65.02 64.46 63.95 63.48 63.06 62.66 62.31 61.99 61.70 61.44 61.21 61.01 60.83 60.67 60.53 60.41 60.31 60.22 60.14 60.07 60.01 59.95 59.90 59.85 59.77 59.64
122.80 122.50 122.08 121.54 120.88 120.10 119.20 118.18 117.05 115.80 114.44 112.96 111.38 109.78 108.19 106.61 105.05 103.49 101.92 100.34 98.71 97.03 95.30 93.52 91.69 89.81 87.95 86.18 84.48 82.86 81.32 79.85 78.46 77.14 75.89 74.70 73.59 72.53 71.53 70.60 69.72 68.89 68.12 67.40 66.73 66.10 65.52 64.99 64.49 64.03 63.61 63.23 62.87 62.55 62.26 61.99 61.75 61.53 61.33 61.15 60.98 60.83 60.69 60.57 60.45 60.34 60.23 60.12 60.02 59.91 59.77
125.84 125.56 125.16 124.64 123.99 123.22 122.33 121.32 120.19 118.94 117.58 116.09 114.49 112.79 111.06 109.34 107.63 105.93 104.24 102.52 100.77 98.96 97.09 95.18 93.22 91.28 89.42 87.64 85.94 84.32 82.78 81.30 79.90 78.58 77.31 76.12 74.98 73.91 72.90 71.95 71.05 70.21 69.41 68.67 67.98 67.33 66.72 66.15 65.63 65.14 64.69 64.27 63.88 63.52 63.19 62.88 62.60 62.34 62.09 61.87 61.66 61.46 61.27 61.10 60.93 60.76 60.60 60.44 60.27 60.11 59.94
