data_output/RCH/Precip_2004_02.asc
ncols        168
nrows        136
xllcorner    455000
yllcorner    2107000
cellsize     500
NODATA_value     -99999
[rows 74 to 110 of 136, columns 84 to 167 of 168]
1.05 1.02 0.96 0.90 0.82 0.73 0.64 0.54 0.43 0.31 0.19 0.07 0.00 0.00 0.00 0.00 0.00 0.00 0.00 0.00 0.00 0.00 0.00 0.00 0.00 0.00 0.00 0.00 0.00 0.00 0.00 0.00 0.00 0.00 0.00 0.00 0.00 0.12 0.31 0.51 0.72 0.95 1.19 1.44 1.71 1.98 2.27 2.58 2.89 3.21 3.55 3.88 4.22 4.55 4.89 5.23 5.57 5.91 6.24 6.58 6.91 7.25 7.58 7.90 8.23 8.55 8.86 9.17 9.47 9.77 10.05 10.31 10.56 10.78 10.98 11.17 11.33 11.48 11.61 11.72 11.81 11.89 11.95 11.99
0.98 0.94 0.88 0.82 0.74 0.65 0.56 0.45 0.34 0.23 0.11 0.00 0.00 0.00 0.00 0.00 0.00 0.00 0.00 0.00 0.00 0.00 0.00 0.00 0.00 0.00 0.00 0.00 0.00 0.00 0.00 0.00 0.00 0.00 0.00 0.00 0.00 0.13 0.31 0.51 0.72 0.95 1.19 1.44 1.71 1.98 2.27 2.58 2.89 3.21 3.54 3.88 4.21 4.55 4.89 5.22 5.56 5.90 6.23 6.57 6.90 7.23 7.56 7.89 8.21 8.53 8.84 9.15 9.45 9.73 10.00 10.25 10.48 10.68 10.87 11.05 11.20 11.34 11.45 11.56 11.64 11.71 11.76 11.79
0.90 0.86 0.81 0.74 0.66 0.57 0.47 0.37 0.26 0.14 0.03 0.00 0.00 0.00 0.00 0.00 0.00 0.00 0.00 0.00 0.00 0.00 0.00 0.00 0.00 0.00 0.00 0.00 0.00 0.00 0.00 0.00 0.00 0.00 0.00 0.00 0.00 0.14 0.32 0.52 0.73 0.95 1.19 1.44 1.71 1.98 2.27 2.57 2.89 3.21 3.54 3.87 4.21 4.54 4.88 5.21 5.55 5.89 6.22 6.55 6.89 7.22 7.54 7.87 8.19 8.50 8.81 9.12 9.41 9.68 9.93 10.16 10.37 10.57 10.75 10.91 11.05 11.17 11.28 11.37 11.45 11.51 11.55 11.58
0.83 0.78 0.72 0.65 0.57 0.48 0.39 0.28 0.17 0.06 0.00 0.00 0.00 0.00 0.00 0.00 0.00 0.00 0.00 0.00 0.00 0.00 0.00 0.00 0.00 0.00 0.00 0.00 0.00 0.00 0.00 0.00 0.00 0.00 0.00 0.00 0.00 0.15 0.33 0.52 0.73 0.96 1.19 1.44 1.71 1.98 2.27 2.57 2.88 3.20 3.53 3.86 4.20 4.53 4.86 5.20 5.53 5.87 6.20 6.53 6.86 7.19 7.52 7.84 8.16 8.47 8.78 9.07 9.34 9.60 9.84 10.05 10.26 10.44 10.60 10.75 10.88 11.00 11.09 11.17 11.24 11.29 11.32 11.34
0.75 0.70 0.64 0.57 0.49 0.40 0.30 0.19 0.08 0.00 0.00 0.00 0.00 0.00 0.00 0.00 0.00 0.00 0.00 0.00 0.00 0.00 0.00 0.00 0.00 0.00 0.00 0.00 0.00 0.00 0.00 0.00 0.00 0.00 0.00 0.00 0.00 0.15 0.33 0.53 0.73 0.96 1.19 1.44 1.70 1.98 2.26 2.56 2.87 3.19 3.52 3.85 4.18 4.51 4.85 5.18 5.52 5.85 6.18 6.51 6.84 7.16 7.49 7.81 8.12 8.43 8.73 9.00 9.26 9.50 9.73 9.93 10.12 10.29 10.44 10.58 10.70 10.80 10.89 10.96 11.02 11.06 11.09 11.10
0.67 0.62 0.56 0.49 0.40 0.31 0.20 0.10 0.00 0.00 0.00 0.00 0.00 0.00 0.00 0.00 0.00 0.00 0.00 0.00 0.00 0.00 0.00 0.00 0.00 0.00 0.00 0.00 0.00 0.00 0.00 0.00 0.00 0.00 0.00 0.00 0.00 0.16 0.34 0.53 0.74 0.96 1.19 1.44 1.70 1.97 2.26 2.55 2.86 3.18 3.51 3.84 4.17 4.50 4.83 5.16 5.49 5.82 6.15 6.48 6.81 7.13 7.45 7.77 8.08 8.38 8.66 8.92 9.16 9.39 9.60 9.79 9.96 10.12 10.26 10.39 10.50 10.59 10.67 10.73 10.78 10.81 10.83 10.84
0.60 0.54 0.48 0.40 0.31 0.21 0.11 0.01 0.00 0.00 0.00 0.00 0.00 0.00 0.00 0.00 0.00 0.00 0.00 0.00 0.00 0.00 0.00 0.00 0.00 0.00 0.00 0.00 0.00 0.00 0.00 0.00 0.00 0.00 0.00 0.00 0.01 0.17 0.34 0.53 0.74 0.96 1.19 1.43 1.69 1.96 2.25 2.54 2.85 3.17 3.49 3.82 4.15 4.48 4.81 5.14 5.46 5.79 6.12 6.45 6.77 7.09 7.41 7.72 8.02 8.31 8.57 8.82 9.04 9.26 9.45 9.63 9.79 9.94 10.07 10.18 10.28 10.36 10.43 10.49 10.53 10.55 10.57 10.57
0.52 0.46 0.39 0.31 0.22 0.12 0.03 0.00 0.00 0.00 0.00 0.00 0.00 0.00 0.00 0.00 0.00 0.00 0.00 0.00 0.00 0.00 0.00 0.00 0.00 0.00 0.00 0.00 0.00 0.00 0.00 0.00 0.00 0.00 0.00 0.00 0.02 0.18 0.35 0.54 0.74 0.95 1.18 1.43 1.68 1.95 2.23 2.53 2.83 3.15 3.47 3.80 4.12 4.45 4.78 5.11 5.43 5.76 6.09 6.41 6.73 7.05 7.36 7.66 7.95 8.21 8.46 8.69 8.91 9.10 9.29 9.45 9.60 9.73 9.85 9.96 10.05 10.12 10.18 10.23 10.26 10.28 10.29 10.28
0.44 0.38 0.31 0.22 0.13 0.04 0.00 0.00 0.00 0.00 0.00 0.00 0.00 0.00 0.00 0.00 0.00 0.00 0.00 0.00 0.00 0.00 0.00 0.00 0.00 0.00 0.00 0.00 0.00 0.00 0.00 0.00 0.00 0.00 0.00 0.00 0.03 0.18 0.35 0.54 0.74 0.95 1.18 1.42 1.67 1.94 2.22 2.51 2.81 3.13 3.45 3.77 4.10 4.42 4.75 5.07 5.40 5.72 6.05 6.37 6.69 7.00 7.30 7.59 7.85 8.10 8.34 8.55 8.75 8.94 9.10 9.26 9.40 9.52 9.63 9.72 9.80 9.87 9.92 9.96 9.98 10.00 10.00 9.99
0.36 0.30 0.22 0.14 0.05 0.00 0.00 0.00 0.00 0.00 0.00 0.00 0.00 0.00 0.00 0.00 0.00 0.00 0.00 0.00 0.00 0.00 0.00 0.00 0.00 0.00 0.00 0.00 0.00 0.00 0.00 0.00 0.00 0.00 0.00 0.00 0.03 0.19 0.36 0.54 0.74 0.95 1.17 1.41 1.66 1.93 2.20 2.49 2.79 3.11 3.42 3.75 4.07 4.39 4.71 5.04 5.36 5.68 6.00 6.32 6.63 6.94 7.22 7.49 7.74 7.97 8.19 8.39 8.58 8.75 8.91 9.05 9.17 9.29 9.38 9.47 9.54 9.60 9.64 9.67 9.69 9.70 9.69 9.68
0.29 0.22 0.14 0.06 0.00 0.00 0.00 0.00 0.00 0.00 0.00 0.00 0.00 0.00 0.00 0.00 0.00 0.00 0.00 0.00 0.00 0.00 0.00 0.00 0.00 0.00 0.00 0.00 0.00 0.00 0.00 0.00 0.00 0.00 0.00 0.00 0.04 0.19 0.36 0.54 0.73 0.94 1.16 1.40 1.65 1.91 2.19 2.47 2.77 3.08 3.40 3.72 4.04 4.36 4.68 5.00 5.32 5.64 5.95 6.27 6.57 6.85 7.12 7.37 7.61 7.83 8.03 8.22 8.39 8.55 8.69 8.82 8.94 9.04 9.13 9.20 9.26 9.31 9.35 9.37 9.39 9.39 9.38 9.36
0.21 0.14 0.07 0.00 0.00 0.00 0.00 0.00 0.00 0.00 0.00 0.00 0.00 0.00 0.00 0.00 0.00 0.00 0.00 0.00 0.00 0.00 0.00 0.00 0.00 0.00 0.00 0.00 0.00 0.00 0.00 0.00 0.00 0.00 0.00 0.00 0.05 0.20 0.36 0.54 0.73 0.94 1.16 1.39 1.63 1.89 2.17 2.45 2.75 3.05 3.37 3.68 4.00 4.32 4.64 4.95 5.27 5.59 5.90 6.20 6.48 6.75 7.00 7.24 7.46 7.66 7.85 8.03 8.19 8.33 8.46 8.58 8.69 8.78 8.86 8.92 8.98 9.02 9.05 9.06 9.07 9.07 9.05 9.03
0.14 0.07 0.00 0.00 0.00 0.00 0.00 0.00 0.00 0.00 0.00 0.00 0.00 0.00 0.00 0.00 0.00 0.00 0.00 0.00 0.00 0.00 0.00 0.00 0.00 0.00 0.00 0.00 0.00 0.00 0.00 0.00 0.00 0.00 0.00 0.00 0.05 0.20 0.36 0.54 0.73 0.93 1.15 1.38 1.62 1.88 2.14 2.43 2.72 3.02 3.33 3.65 3.96 4.28 4.59 4.91 5.22 5.53 5.83 6.11 6.38 6.63 6.87 7.09 7.29 7.48 7.66 7.82 7.97 8.10 8.22 8.33 8.42 8.50 8.57 8.63 8.67 8.71 8.73 8.74 8.74 8.73 8.71 8.68
0.08 0.02 0.00 0.00 0.00 0.00 0.00 0.00 0.00 0.00 0.00 0.00 0.00 0.00 0.00 0.00 0.00 0.00 0.00 0.00 0.00 0.00 0.00 0.00 0.00 0.00 0.00 0.00 0.00 0.00 0.00 0.00 0.00 0.00 0.00 0.00 0.06 0.21 0.37 0.54 0.72 0.92 1.13 1.36 1.60 1.85 2.12 2.40 2.69 2.99 3.30 3.61 3.92 4.23 4.54 4.85 5.16 5.46 5.74 6.01 6.26 6.49 6.71 6.92 7.11 7.28 7.45 7.59 7.73 7.85 7.96 8.06 8.14 8.21 8.27 8.32 8.36 8.39 8.40 8.41 8.40 8.39 8.37 8.33
0.03 0.00 0.00 0.00 0.00 0.00 0.00 0.00 0.00 0.00 0.00 0.00 0.00 0.00 0.00 0.00 0.00 0.00 0.00 0.00 0.00 0.00 0.00 0.00 0.00 0.00 0.00 0.00 0.00 0.00 0.00 0.00 0.00 0.00 0.00 0.00 0.07 0.22 0.37 0.54 0.72 0.91 1.12 1.35 1.58 1.83 2.09 2.37 2.66 2.96 3.26 3.57 3.87 4.18 4.49 4.80 5.09 5.37 5.64 5.88 6.12 6.34 6.54 6.73 6.91 7.07 7.22 7.36 7.48 7.59 7.69 7.77 7.85 7.91 7.96 8.00 8.03 8.05 8.06 8.06 8.06 8.04 8.01 7.97
0.00 0.00 0.00 0.00 0.00 0.00 0.00 0.00 0.00 0.00 0.00 0.00 0.00 0.00 0.00 0.00 0.00 0.00 0.00 0.00 0.00 0.00 0.00 0.00 0.00 0.00 0.00 0.00 0.00 0.00 0.00 0.00 0.00 0.00 0.00 0.00 0.09 0.23 0.38 0.54 0.72 0.91 1.11 1.33 1.56 1.81 2.07 2.34 2.62 2.92 3.22 3.52 3.83 4.13 4.43 4.73 5.00 5.27 5.51 5.74 5.96 6.16 6.35 6.53 6.69 6.84 6.98 7.10 7.21 7.31 7.40 7.48 7.54 7.60 7.64 7.67 7.70 7.71 7.72 7.71 7.70 7.67 7.64 7.60
0.00 0.00 0.00 0.00 0.00 0.00 0.00 0.00 0.00 0.00 0.00 0.00 0.00 0.00 0.00 0.00 0.00 0.00 0.00 0.00 0.00 0.00 0.00 0.00 0.00 0.00 0.00 0.00 0.00 0.00 0.00 0.00 0.00 0.00 0.00 0.00 0.10 0.24 0.39 0.55 0.72 0.90 1.10 1.32 1.54 1.78 2.04 2.31 2.59 2.88 3.18 3.48 3.78 4.07 4.36 4.64 4.90 5.14 5.37 5.59 5.79 5.98 6.15 6.31 6.46 6.60 6.72 6.83 6.93 7.02 7.10 7.17 7.22 7.27 7.31 7.33 7.35 7.36 7.36 7.35 7.33 7.30 7.27 7.22
0.00 0.00 0.00 0.00 0.00 0.00 0.00 0.00 0.00 0.00 0.00 0.00 0.00 0.00 0.00 0.00 0.00 0.00 0.00 0.00 0.00 0.00 0.00 0.00 0.00 0.00 0.00 0.00 0.00 0.00 0.00 0.00 0.00 0.00 0.00 0.00 0.12 0.26 0.40 0.55 0.72 0.90 1.09 1.30 1.52 1.76 2.01 2.27 2.55 2.83 3.13 3.42 3.72 4.00 4.28 4.53 4.77 5.00 5.21 5.41 5.60 5.77 5.93 6.08 6.22 6.34 6.45 6.55 6.64 6.72 6.79 6.85 6.89 6.93 6.96 6.98 6.99 6.99 6.99 6.97 6.95 6.92 6.88 6.84
0.00 0.00 0.00 0.00 0.00 0.00 0.00 0.00 0.00 0.00 0.00 0.00 0.00 0.00 0.00 0.00 0.00 0.00 0.00 0.00 0.00 0.00 0.00 0.00 0.00 0.00 0.00 0.00 0.00 0.00 0.00 0.00 0.00 0.00 0.00 0.03 0.15 0.28 0.41 0.56 0.73 0.90 1.09 1.29 1.50 1.73 1.98 2.23 2.51 2.79 3.08 3.37 3.65 3.92 4.17 4.41 4.63 4.84 5.04 5.22 5.39 5.55 5.70 5.83 5.96 6.07 6.17 6.26 6.34 6.41 6.46 6.51 6.55 6.58 6.61 6.62 6.62 6.62 6.61 6.59 6.56 6.53 6.49 6.45
0.01 0.00 0.00 0.00 0.00 0.00 0.00 0.00 0.00 0.00 0.00 0.00 0.00 0.00 0.00 0.00 0.00 0.00 0.00 0.00 0.00 0.00 0.00 0.00 0.00 0.00 0.00 0.00 0.00 0.00 0.00 0.00 0.00 0.00 0.00 0.07 0.18 0.30 0.43 0.58 0.74 0.90 1.09 1.28 1.49 1.71 1.95 2.20 2.46 2.74 3.03 3.30 3.56 3.81 4.05 4.27 4.47 4.67 4.85 5.02 5.17 5.32 5.45 5.57 5.68 5.78 5.87 5.95 6.02 6.08 6.13 6.17 6.20 6.22 6.24 6.25 6.25 6.24 6.22 6.20 6.17 6.13 6.09 6.05
0.06 0.03 0.01 0.00 0.00 0.00 0.00 0.00 0.00 0.00 0.00 0.00 0.00 0.00 0.00 0.00 0.00 0.00 0.00 0.00 0.00 0.00 0.00 0.00 0.00 0.00 0.00 0.00 0.00 0.00 0.00 0.00 0.00 0.00 0.01 0.10 0.21 0.33 0.46 0.60 0.75 0.91 1.09 1.27 1.48 1.69 1.92 2.16 2.42 2.69 2.96 3.22 3.46 3.69 3.91 4.11 4.30 4.48 4.64 4.80 4.94 5.07 5.19 5.30 5.40 5.49 5.56 5.63 5.69 5.74 5.78 5.82 5.84 5.86 5.87 5.87 5.86 5.85 5.83 5.80 5.77 5.73 5.69 5.64
0.10 0.08 0.06 0.03 0.01 0.00 0.00 0.00 0.00 0.00 0.00 0.00 0.00 0.00 0.00 0.00 0.00 0.00 0.00 0.00 0.00 0.00 0.00 0.00 0.00 0.00 0.00 0.00 0.00 0.00 0.00 0.00 0.00 0.00 0.05 0.14 0.24 0.36 0.48 0.61 0.76 0.92 1.09 1.27 1.46 1.67 1.89 2.13 2.38 2.64 2.90 3.14 3.36 3.57 3.77 3.96 4.13 4.29 4.44 4.58 4.71 4.83 4.93 5.03 5.12 5.19 5.26 5.32 5.37 5.41 5.44 5.47 5.48 5.49 5.50 5.49 5.48 5.46 5.44 5.41 5.38 5.34 5.29 5.24
0.14 0.13 0.11 0.09 0.06 0.04 0.01 0.00 0.00 0.00 0.00 0.00 0.00 0.00 0.00 0.00 0.00 0.00 0.00 0.00 0.00 0.00 0.00 0.00 0.00 0.00 0.00 0.00 0.00 0.00 0.00 0.00 0.00 0.01 0.09 0.18 0.28 0.38 0.50 0.63 0.77 0.92 1.09 1.26 1.45 1.65 1.86 2.09 2.33 2.59 2.84 3.06 3.27 3.46 3.64 3.81 3.97 4.11 4.25 4.37 4.49 4.59 4.69 4.77 4.84 4.91 4.97 5.01 5.05 5.09 5.11 5.13 5.14 5.14 5.14 5.13 5.11 5.09 5.06 5.03 4.99 4.95 4.90 4.85
0.18 0.17 0.15 0.13 0.11 0.09 0.06 0.04 0.01 0.00 0.00 0.00 0.00 0.00 0.00 0.00 0.00 0.00 0.00 0.00 0.00 0.00 0.00 0.00 0.00 0.00 0.00 0.00 0.00 0.00 0.00 0.00 0.00 0.06 0.13 0.21 0.31 0.41 0.52 0.65 0.78 0.93 1.08 1.25 1.43 1.63 1.83 2.05 2.29 2.53 2.77 2.99 3.18 3.36 3.52 3.68 3.82 3.95 4.07 4.18 4.28 4.37 4.45 4.52 4.58 4.64 4.68 4.72 4.75 4.77 4.79 4.80 4.80 4.80 4.79 4.77 4.75 4.72 4.69 4.66 4.62 4.57 4.53 4.47
0.21 0.20 0.19 0.17 0.16 0.14 0.12 0.09 0.07 0.04 0.02 0.00 0.00 0.00 0.00 0.00 0.00 0.00 0.00 0.00 0.00 0.00 0.00 0.00 0.00 0.00 0.00 0.00 0.00 0.00 0.00 0.00 0.04 0.10 0.17 0.25 0.34 0.43 0.54 0.66 0.79 0.93 1.08 1.24 1.42 1.60 1.80 2.02 2.24 2.48 2.71 2.92 3.10 3.27 3.41 3.55 3.67 3.79 3.89 3.99 4.07 4.15 4.22 4.28 4.33 4.37 4.41 4.43 4.46 4.47 4.48 4.48 4.47 4.46 4.45 4.43 4.40 4.37 4.34 4.30 4.25 4.21 4.16 4.11
0.23 0.23 0.22 0.21 0.20 0.18 0.16 0.14 0.12 0.10 0.08 0.05 0.03 0.00 0.00 0.00 0.00 0.00 0.00 0.00 0.00 0.00 0.00 0.00 0.00 0.00 0.00 0.00 0.00 0.00 0.00 0.03 0.08 0.14 0.20 0.28 0.36 0.46 0.56 0.67 0.80 0.93 1.08 1.23 1.40 1.58 1.77 1.98 2.19 2.42 2.64 2.84 3.02 3.17 3.31 3.43 3.54 3.64 3.73 3.81 3.88 3.94 4.00 4.04 4.08 4.11 4.14 4.16 4.17 4.17 4.17 4.17 4.16 4.14 4.12 4.09 4.06 4.02 3.99 3.94 3.90 3.85 3.80 3.75
0.25 0.25 0.25 0.24 0.23 0.22 0.21 0.19 0.17 0.15 0.13 0.11 0.08 0.06 0.04 0.02 0.00 0.00 0.00 0.00 0.00 0.00 0.00 0.00 0.00 0.00 0.00 0.00 0.00 0.00 0.03 0.07 0.12 0.18 0.24 0.31 0.39 0.48 0.58 0.68 0.80 0.93 1.07 1.22 1.38 1.55 1.74 1.94 2.14 2.36 2.58 2.77 2.94 3.08 3.21 3.32 3.41 3.49 3.57 3.63 3.69 3.74 3.78 3.82 3.84 3.86 3.88 3.89 3.89 3.89 3.88 3.86 3.84 3.82 3.79 3.76 3.73 3.69 3.65 3.60 3.55 3.50 3.45 3.40
0.26 0.27 0.27 0.27 0.27 0.26 0.25 0.23 0.22 0.20 0.18 0.16 0.14 0.12 0.10 0.08 0.06 0.04 0.02 0.00 0.00 0.00 0.00 0.00 0.00 0.00 0.00 0.00 0.02 0.05 0.08 0.11 0.16 0.21 0.27 0.34 0.41 0.50 0.59 0.69 0.81 0.93 1.06 1.21 1.36 1.53 1.70 1.89 2.09 2.31 2.51 2.69 2.85 2.99 3.11 3.21 3.29 3.35 3.41 3.47 3.51 3.55 3.57 3.60 3.61 3.62 3.63 3.63 3.62 3.61 3.59 3.57 3.54 3.51 3.48 3.44 3.40 3.36 3.31 3.26 3.21 3.16 3.11 3.05
0.27 0.28 0.29 0.29 0.29 0.29 0.28 0.27 0.26 0.24 0.22 0.21 0.19 0.17 0.15 0.13 0.11 0.09 0.08 0.06 0.05 0.04 0.03 0.03 0.03 0.03 0.04 0.05 0.07 0.09 0.12 0.15 0.20 0.24 0.30 0.36 0.44 0.52 0.60 0.70 0.81 0.93 1.06 1.19 1.34 1.50 1.67 1.85 2.04 2.25 2.44 2.62 2.77 2.90 3.01 3.09 3.17 3.22 3.27 3.31 3.34 3.36 3.38 3.39 3.39 3.39 3.38 3.37 3.35 3.33 3.31 3.28 3.25 3.21 3.17 3.13 3.08 3.04 2.99 2.94 2.88 2.83 2.78 2.72
0.28 0.29 0.30 0.31 0.31 0.31 0.31 0.30 0.29 0.28 0.27 0.25 0.23 0.22 0.20 0.18 0.16 0.15 0.13 0.12 0.10 0.09 0.08 0.08 0.08 0.08 0.09 0.10 0.11 0.13 0.16 0.19 0.23 0.28 0.33 0.39 0.46 0.53 0.62 0.71 0.81 0.92 1.05 1.18 1.32 1.47 1.63 1.80 1.99 2.19 2.38 2.54 2.68 2.80 2.90 2.98 3.05 3.09 3.13 3.15 3.17 3.18 3.18 3.18 3.17 3.16 3.14 3.12 3.10 3.07 3.03 3.00 2.96 2.92 2.87 2.82 2.77 2.72 2.67 2.62 2.56 2.51 2.45 2.39
0.29 0.30 0.31 0.32 0.33 0.34 0.33 0.33 0.32 0.32 0.30 0.29 0.28 0.26 0.24 0.23 0.21 0.20 0.18 0.17 0.15 0.14 0.13 0.13 0.13 0.13 0.13 0.14 0.16 0.17 0.20 0.23 0.26 0.31 0.36 0.41 0.48 0.55 0.63 0.72 0.81 0.92 1.03 1.16 1.29 1.44 1.59 1.76 1.94 2.13 2.31 2.47 2.60 2.71 2.80 2.87 2.93 2.97 2.99 3.00 3.01 3.00 2.99 2.98 2.96 2.94 2.91 2.88 2.85 2.81 2.77 2.72 2.68 2.63 2.58 2.52 2.47 2.41 2.36 2.30 2.25 2.19 2.13 2.07
0.29 0.31 0.32 0.33 0.34 0.35 0.36 0.36 0.35 0.35 0.34 0.33 0.31 0.30 0.29 0.27 0.26 0.24 0.23 0.21 0.20 0.19 0.18 0.18 0.17 0.17 0.18 0.18 0.20 0.21 0.24 0.26 0.30 0.33 0.38 0.43 0.49 0.56 0.64 0.72 0.81 0.91 1.02 1.14 1.27 1.41 1.55 1.71 1.88 2.07 2.24 2.39 2.52 2.62 2.70 2.76 2.81 2.84 2.85 2.86 2.85 2.83 2.81 2.79 2.76 2.72 2.68 2.64 2.60 2.55 2.50 2.45 2.40 2.34 2.29 2.23 2.17 2.11 2.05 1.99 1.94 1.88 1.82 1.76
0.30 0.31 0.32 0.34 0.35 0.36 0.37 0.37 0.37 0.37 0.37 0.36 0.35 0.34 0.32 0.31 0.30 0.28 0.27 0.26 0.25 0.24 0.23 0.22 0.22 0.22 0.22 0.22 0.24 0.25 0.27 0.29 0.32 0.36 0.40 0.45 0.51 0.57 0.64 0.72 0.81 0.90 1.01 1.12 1.24 1.37 1.51 1.67 1.83 2.00 2.17 2.31 2.43 2.53 2.60 2.65 2.69 2.71 2.72 2.71 2.69 2.67 2.63 2.60 2.55 2.51 2.46 2.41 2.36 2.30 2.25 2.19 2.13 2.07 2.01 1.94 1.88 1.82 1.75 1.69 1.63 1.57 1.51 1.45
0.30 0.32 0.33 0.34 0.36 0.37 0.38 0.39 0.39 0.39 0.39 0.39 0.38 0.37 0.36 0.35 0.34 0.32 0.31 0.30 0.29 0.28 0.27 0.26 0.26 0.26 0.26 0.26 0.27 0.28 0.30 0.32 0.35 0.39 0.42 0.47 0.52 0.58 0.65 0.72 0.80 0.89 0.99 1.10 1.21 1.34 1.47 1.62 1.77 1.94 2.10 2.24 2.35 2.43 2.50 2.54 2.57 2.58 2.58 2.57 2.54 2.50 2.46 2.41 2.36 2.30 2.25 2.19 2.12 2.06 2.00 1.93 1.86 1.80 1.73 1.66 1.59 1.53 1.46 1.40 1.33 1.27 1.21 1.15
0.31 0.32 0.33 0.35 0.36 0.38 0.39 0.40 0.41 0.41 0.41 0.41 0.41 0.40 0.39 0.38 0.37 0.36 0.35 0.34 0.32 0.32 0.31 0.30 0.30 0.29 0.29 0.30 0.30 0.32 0.33 0.35 0.38 0.41 0.44 0.49 0.54 0.59 0.65 0.72 0.80 0.88 0.97 1.07 1.18 1.30 1.43 1.57 1.72 1.88 2.03 2.16 2.26 2.34 2.40 2.44 2.46 2.46 2.45 2.42 2.39 2.34 2.29 2.23 2.17 2.10 2.03 1.96 1.89 1.82 1.75 1.67 1.60 1.53 1.45 1.38 1.31 1.24 1.17 1.10 1.04 0.97 0.91 0.85
0.31 0.32 0.34 0.35 0.37 0.38 0.39 0.41 0.42 0.43 0.43 0.43 0.43 0.42 0.42 0.41 0.40 0.39 0.38 0.37 0.36 0.35 0.34 0.34 0.33 0.33 0.33 0.33 0.34 0.35 0.36 0.38 0.40 0.43 0.46 0.50 0.55 0.60 0.65 0.72 0.79 0.87 0.95 1.05 1.15 1.27 1.39 1.52 1.66 1.82 1.96 2.08 2.18 2.25 2.30 2.33 2.34 2.33 2.31 2.28 2.24 2.18 2.12 2.05 1.98 1.90 1.82 1.74 1.66 1.58 1.50 1.42 1.34 1.26 1.18 1.11 1.03 0.96 0.88 0.81 0.75 0.68 0.62 0.56
0.31 0.33 0.34 0.36 0.37 0.38 0.40 0.41 0.42 0.44 0.44 0.45 0.45 0.44 0.44 0.44 0.43 0.42 0.41 0.40 0.39 0.38 0.38 0.37 0.36 0.36 0.36 0.36 0.37 0.37 0.39 0.40 0.42 0.45 0.48 0.51 0.55 0.60 0.65 0.71 0.78 0.85 0.93 1.02 1.12 1.23 1.34 1.47 1.61 1.75 1.89 2.01 2.09 2.16 2.20 2.22 2.22 2.21 2.18 2.14 2.09 2.02 1.95 1.87 1.79 1.70 1.62 1.53 1.44 1.35 1.26 1.17 1.09 1.00 0.92 0.84 0.76 0.68 0.60 0.53 0.46 0.39 0.33 0.27
