data_output/RCH/Precip_1985_07.asc
ncols        168
nrows        136
xllcorner    455000
yllcorner    2107000
cellsize     500
NODATA_value     -99999
[rows 96 to 127 of 136, columns 73 to 145 of 168]
142.15 139.55 137.02 134.56 132.17 129.85 127.60 125.43 123.33 121.31 119.35 117.48 115.68 113.95 112.30 110.72 109.22 107.80 106.45 105.18 103.99 102.88 101.85 100.89 100.02 99.22 98.50 97.87 97.32 96.84 96.45 96.14 95.91 95.77 95.71 95.73 95.84 96.03 96.30 96.66 97.11 97.64 98.26 98.96 99.76 100.63 101.60 102.67 103.84 104.99 106.05 107.01 107.89 108.68 109.39 110.02 110.58 111.07 111.49 111.85 112.16 112.41 112.61 112.76 112.88 112.95 113.00 113.01 112.99 112.96 112.90 112.84 112.76
143.44 140.73 138.09 135.53 133.04 130.63 128.30 126.04 123.87 121.77 119.74 117.80 115.94 114.15 112.45 110.82 109.28 107.82 106.44 105.14 103.92 102.79 101.73 100.77 99.88 99.08 98.37 97.73 97.19 96.73 96.36 96.07 95.87 95.75 95.73 95.79 95.94 96.18 96.51 96.92 97.43 98.03 98.72 99.50 100.37 101.33 102.38 103.54 104.71 105.75 106.68 107.54 108.31 109.00 109.61 110.16 110.64 111.05 111.41 111.71 111.96 112.17 112.33 112.45 112.54 112.59 112.62 112.63 112.61 112.58 112.54 112.49 112.44
144.85 142.02 139.28 136.61 134.02 131.51 129.09 126.74 124.48 122.30 120.21 118.19 116.26 114.41 112.65 110.98 109.38 107.88 106.46 105.12 103.87 102.71 101.64 100.65 99.75 98.94 98.22 97.59 97.05 96.60 96.24 95.97 95.79 95.70 95.71 95.80 95.99 96.27 96.65 97.12 97.68 98.34 99.10 99.95 100.89 101.93 103.08 104.38 105.71 106.73 107.55 108.29 108.95 109.54 110.07 110.53 110.92 111.27 111.56 111.80 112.00 112.15 112.27 112.36 112.42 112.46 112.47 112.47 112.46 112.43 112.40 112.37 112.35
146.44 143.49 140.63 137.85 135.15 132.54 130.02 127.58 125.23 122.96 120.79 118.70 116.69 114.78 112.96 111.22 109.57 108.02 106.55 105.17 103.89 102.69 101.59 100.58 99.67 98.84 98.11 97.47 96.93 96.48 96.13 95.87 95.70 95.64 95.67 95.79 96.01 96.33 96.75 97.27 97.88 98.60 99.41 100.32 101.34 102.46 103.74 105.24 106.77 107.94 108.74 109.37 109.92 110.41 110.84 111.21 111.52 111.79 112.01 112.19 112.33 112.44 112.51 112.57 112.60 112.61 112.61 112.59 112.58 112.56 112.54 112.52 112.52
148.21 145.14 142.15 139.25 136.45 133.73 131.10 128.56 126.11 123.76 121.49 119.32 117.24 115.25 113.36 111.56 109.85 108.24 106.72 105.30 103.97 102.74 101.60 100.56 99.62 98.78 98.03 97.38 96.83 96.38 96.02 95.77 95.62 95.56 95.61 95.76 96.01 96.36 96.82 97.37 98.03 98.80 99.66 100.63 101.72 102.97 104.43 106.12 107.85 109.20 110.15 110.75 111.20 111.58 111.91 112.18 112.41 112.60 112.75 112.86 112.94 113.00 113.03 113.04 113.04 113.02 113.00 112.98 112.95 112.93 112.92 112.92 112.94
150.17 146.97 143.85 140.83 137.91 135.07 132.33 129.69 127.14 124.69 122.33 120.07 117.91 115.84 113.87 112.00 110.23 108.55 106.98 105.50 104.12 102.85 101.67 100.60 99.62 98.75 97.98 97.32 96.75 96.29 95.93 95.68 95.53 95.48 95.54 95.71 95.98 96.36 96.85 97.44 98.14 98.94 99.86 100.89 102.09 103.51 105.15 107.03 108.94 110.47 111.59 112.32 112.74 113.02 113.25 113.43 113.57 113.67 113.75 113.79 113.81 113.81 113.79 113.76 113.72 113.68 113.63 113.59 113.56 113.53 113.53 113.54 113.57
152.33 148.98 145.74 142.59 139.53 136.58 133.73 130.97 128.32 125.76 123.31 120.95 118.70 116.55 114.50 112.55 110.70 108.96 107.32 105.79 104.36 103.03 101.81 100.69 99.68 98.78 97.98 97.29 96.70 96.23 95.86 95.60 95.45 95.41 95.47 95.65 95.94 96.34 96.85 97.47 98.20 99.04 100.01 101.14 102.50 104.08 105.90 107.95 110.03 111.74 113.03 113.92 114.46 114.71 114.84 114.92 114.97 114.99 114.98 114.95 114.91 114.85 114.78 114.70 114.62 114.55 114.48 114.42 114.37 114.34 114.33 114.35 114.40
154.65 151.19 147.81 144.52 141.34 138.26 135.28 132.41 129.64 126.98 124.42 121.96 119.62 117.37 115.24 113.21 111.28 109.47 107.76 106.16 104.67 103.29 102.01 100.85 99.80 98.85 98.02 97.30 96.69 96.20 95.81 95.54 95.38 95.33 95.40 95.59 95.88 96.30 96.82 97.47 98.23 99.11 100.17 101.45 102.96 104.70 106.67 108.89 111.14 113.02 114.46 115.51 116.19 116.55 116.65 116.63 116.59 116.52 116.43 116.32 116.21 116.09 115.96 115.84 115.72 115.61 115.51 115.43 115.37 115.33 115.32 115.34 115.40
157.07 153.57 150.07 146.64 143.32 140.11 137.01 134.01 131.13 128.35 125.68 123.12 120.67 118.33 116.10 113.98 111.97 110.08 108.29 106.62 105.07 103.62 102.29 101.08 99.97 98.99 98.12 97.36 96.72 96.20 95.79 95.50 95.33 95.27 95.34 95.52 95.82 96.24 96.78 97.44 98.23 99.20 100.38 101.80 103.45 105.34 107.47 109.85 112.26 114.29 115.88 117.08 117.90 118.39 118.58 118.54 118.40 118.24 118.07 117.88 117.70 117.51 117.33 117.15 116.99 116.84 116.71 116.60 116.52 116.47 116.46 116.48 116.55
159.56 156.04 152.49 148.95 145.49 142.14 138.91 135.78 132.77 129.87 127.08 124.41 121.86 119.41 117.09 114.87 112.78 110.80 108.93 107.19 105.56 104.05 102.65 101.38 100.22 99.18 98.27 97.47 96.79 96.24 95.80 95.49 95.30 95.23 95.28 95.46 95.76 96.18 96.73 97.41 98.27 99.35 100.66 102.21 104.00 106.03 108.30 110.82 113.39 115.56 117.30 118.63 119.58 120.20 120.51 120.55 120.38 120.13 119.87 119.61 119.35 119.09 118.85 118.62 118.40 118.21 118.05 117.91 117.81 117.75 117.73 117.75 117.82
162.13 158.59 155.02 151.43 147.85 144.36 140.98 137.72 134.58 131.55 128.65 125.86 123.19 120.64 118.20 115.89 113.70 111.63 109.68 107.85 106.14 104.56 103.09 101.76 100.54 99.45 98.48 97.63 96.91 96.32 95.85 95.51 95.29 95.20 95.24 95.40 95.69 96.11 96.67 97.41 98.37 99.56 100.99 102.67 104.58 106.74 109.15 111.81 114.52 116.83 118.70 120.16 121.24 121.98 122.40 122.54 122.44 122.16 121.81 121.47 121.13 120.80 120.50 120.21 119.95 119.71 119.51 119.34 119.22 119.14 119.10 119.12 119.20
164.77 161.21 157.61 154.00 150.37 146.76 143.24 139.84 136.56 133.40 130.37 127.45 124.67 122.00 119.46 117.04 114.75 112.58 110.54 108.62 106.83 105.16 103.63 102.22 100.93 99.78 98.75 97.86 97.09 96.45 95.94 95.56 95.31 95.20 95.21 95.36 95.64 96.06 96.66 97.48 98.55 99.85 101.39 103.17 105.21 107.49 110.03 112.82 115.66 118.10 120.10 121.67 122.87 123.71 124.24 124.49 124.48 124.25 123.87 123.44 123.02 122.63 122.25 121.90 121.59 121.30 121.06 120.86 120.71 120.61 120.56 120.57 120.65
167.49 163.91 160.29 156.65 152.99 149.32 145.68 142.14 138.72 135.42 132.25 129.21 126.30 123.51 120.85 118.32 115.92 113.65 111.51 109.50 107.62 105.87 104.25 102.77 101.41 100.19 99.10 98.14 97.32 96.63 96.08 95.66 95.37 95.23 95.21 95.33 95.60 96.05 96.73 97.65 98.80 100.20 101.84 103.73 105.87 108.27 110.93 113.84 116.81 119.37 121.48 123.17 124.47 125.41 126.04 126.37 126.45 126.31 125.97 125.50 125.01 124.53 124.09 123.68 123.30 122.97 122.68 122.45 122.26 122.14 122.08 122.08 122.15
170.29 166.68 163.04 159.37 155.68 151.99 148.29 144.62 141.05 137.61 134.31 131.13 128.08 125.17 122.39 119.75 117.23 114.85 112.61 110.50 108.52 106.68 104.98 103.41 101.98 100.68 99.52 98.50 97.62 96.87 96.27 95.80 95.47 95.29 95.24 95.34 95.63 96.14 96.90 97.89 99.13 100.61 102.35 104.33 106.58 109.08 111.85 114.88 117.96 120.64 122.85 124.64 126.04 127.08 127.79 128.20 128.36 128.29 128.02 127.59 127.05 126.50 125.98 125.50 125.07 124.69 124.35 124.08 123.86 123.71 123.63 123.61 123.68
173.17 169.53 165.86 162.17 158.45 154.72 150.99 147.26 143.57 139.99 136.53 133.22 130.03 126.99 124.08 121.31 118.68 116.19 113.83 111.62 109.54 107.60 105.81 104.15 102.63 101.26 100.02 98.93 97.98 97.18 96.51 95.99 95.62 95.39 95.31 95.42 95.76 96.33 97.15 98.22 99.53 101.09 102.91 104.98 107.32 109.92 112.79 115.93 119.12 121.90 124.21 126.10 127.58 128.70 129.49 129.98 130.20 130.19 129.98 129.61 129.10 128.50 127.91 127.36 126.87 126.43 126.05 125.73 125.48 125.29 125.19 125.16 125.21
176.12 172.46 168.77 165.04 161.30 157.54 153.77 150.01 146.25 142.54 138.94 135.47 132.15 128.97 125.93 123.03 120.27 117.66 115.19 112.86 110.68 108.64 106.74 104.99 103.38 101.92 100.61 99.44 98.42 97.55 96.82 96.24 95.81 95.54 95.45 95.60 95.99 96.62 97.50 98.62 100.00 101.64 103.53 105.68 108.10 110.79 113.75 116.99 120.28 123.15 125.56 127.53 129.09 130.29 131.14 131.70 131.98 132.03 131.87 131.53 131.06 130.49 129.85 129.23 128.67 128.17 127.74 127.37 127.08 126.87 126.74 126.69 126.73
179.15 175.47 171.75 168.00 164.22 160.43 156.63 152.83 149.03 145.26 141.52 137.91 134.44 131.11 127.93 124.90 122.01 119.27 116.68 114.23 111.94 109.79 107.79 105.94 104.24 102.69 101.29 100.04 98.94 97.99 97.20 96.55 96.07 95.78 95.72 95.91 96.33 97.01 97.93 99.11 100.55 102.24 104.20 106.43 108.92 111.69 114.74 118.06 121.44 124.40 126.89 128.93 130.57 131.83 132.75 133.36 133.70 133.79 133.67 133.37 132.93 132.38 131.75 131.08 130.46 129.89 129.41 128.99 128.66 128.41 128.25 128.18 128.20
182.27 178.56 174.81 171.03 167.22 163.39 159.56 155.72 151.89 148.07 144.27 140.53 136.90 133.43 130.10 126.93 123.90 121.03 118.31 115.74 113.33 111.07 108.96 107.00 105.20 103.55 102.06 100.72 99.54 98.51 97.64 96.93 96.42 96.15 96.11 96.32 96.78 97.49 98.46 99.68 101.16 102.91 104.93 107.22 109.78 112.62 115.74 119.15 122.61 125.65 128.20 130.32 132.02 133.34 134.31 134.97 135.34 135.47 135.38 135.11 134.69 134.16 133.54 132.87 132.20 131.57 131.02 130.56 130.18 129.89 129.70 129.60 129.61
185.47 181.73 177.95 174.14 170.30 166.44 162.57 158.69 154.82 150.96 147.11 143.30 139.55 135.92 132.44 129.12 125.95 122.94 120.09 117.39 114.85 112.47 110.24 108.18 106.27 104.52 102.93 101.49 100.22 99.11 98.16 97.42 96.91 96.64 96.62 96.85 97.33 98.07 99.06 100.32 101.85 103.64 105.71 108.05 110.67 113.57 116.76 120.24 123.77 126.88 129.50 131.68 133.43 134.80 135.81 136.51 136.92 137.08 137.01 136.76 136.36 135.83 135.22 134.55 133.85 133.18 132.57 132.05 131.62 131.29 131.07 130.94 130.93
188.74 184.98 181.17 177.33 173.46 169.56 165.65 161.74 157.82 153.92 150.03 146.17 142.35 138.58 134.95 131.48 128.17 125.01 122.02 119.19 116.52 114.01 111.66 109.48 107.45 105.59 103.90 102.37 101.00 99.80 98.81 98.05 97.54 97.27 97.25 97.49 97.99 98.74 99.76 101.05 102.60 104.43 106.54 108.93 111.60 114.55 117.80 121.34 124.94 128.11 130.79 133.01 134.81 136.22 137.27 138.00 138.43 138.61 138.56 138.32 137.92 137.39 136.77 136.09 135.38 134.68 134.02 133.44 132.97 132.59 132.33 132.17 132.13
192.11 188.32 184.48 180.60 176.69 172.76 168.82 164.86 160.91 156.96 153.03 149.12 145.25 141.41 137.64 134.01 130.55 127.24 124.10 121.13 118.32 115.68 113.21 110.90 108.76 106.79 104.98 103.34 101.88 100.62 99.60 98.83 98.30 98.03 98.01 98.24 98.74 99.51 100.54 101.85 103.43 105.28 107.42 109.84 112.56 115.56 118.86 122.45 126.11 129.33 132.05 134.32 136.15 137.60 138.67 139.42 139.87 140.06 140.02 139.78 139.37 138.84 138.20 137.50 136.77 136.04 135.34 134.71 134.18 133.76 133.45 133.27 133.20
195.55 191.73 187.86 183.95 180.01 176.04 172.06 168.06 164.07 160.08 156.10 152.14 148.22 144.33 140.49 136.72 133.10 129.64 126.35 123.23 120.28 117.50 114.89 112.46 110.19 108.10 106.18 104.43 102.90 101.60 100.55 99.75 99.20 98.91 98.88 99.11 99.60 100.37 101.41 102.72 104.32 106.19 108.35 110.81 113.55 116.59 119.93 123.57 127.27 130.54 133.30 135.60 137.46 138.93 140.02 140.79 141.24 141.44 141.39 141.14 140.73 140.17 139.52 138.79 138.02 137.25 136.51 135.83 135.25 134.78 134.43 134.20 134.11
199.08 195.23 191.33 187.39 183.41 179.41 175.38 171.35 167.31 163.27 159.25 155.25 151.27 147.33 143.43 139.59 135.82 132.20 128.76 125.49 122.39 119.47 116.72 114.15 111.75 109.53 107.49 105.66 104.08 102.74 101.65 100.81 100.24 99.92 99.87 100.08 100.56 101.32 102.36 103.67 105.27 107.16 109.34 111.81 114.58 117.64 121.02 124.69 128.44 131.74 134.53 136.85 138.74 140.22 141.32 142.09 142.55 142.73 142.68 142.41 141.97 141.40 140.71 139.94 139.14 138.32 137.53 136.79 136.14 135.62 135.22 134.96 134.83
202.70 198.82 194.89 190.91 186.90 182.85 178.79 174.71 170.63 166.55 162.48 158.42 154.40 150.40 146.45 142.55 138.70 134.94 131.34 127.91 124.66 121.58 118.69 115.98 113.45 111.10 108.96 107.07 105.43 104.04 102.90 102.02 101.41 101.06 100.97 101.16 101.63 102.37 103.39 104.70 106.30 108.19 110.37 112.85 115.63 118.72 122.12 125.82 129.60 132.92 135.74 138.08 139.97 141.46 142.56 143.33 143.78 143.95 143.87 143.58 143.12 142.50 141.77 140.97 140.11 139.24 138.39 137.58 136.87 136.27 135.81 135.50 135.34
206.40 202.49 198.52 194.51 190.46 186.38 182.28 178.16 174.03 169.90 165.78 161.68 157.60 153.55 149.55 145.58 141.68 137.84 134.09 130.50 127.08 123.86 120.81 117.95 115.28 112.83 110.62 108.66 106.95 105.50 104.30 103.37 102.71 102.32 102.20 102.35 102.79 103.50 104.51 105.80 107.39 109.27 111.45 113.93 116.72 119.82 123.23 126.96 130.75 134.10 136.93 139.27 141.17 142.65 143.75 144.50 144.93 145.08 144.98 144.66 144.15 143.49 142.72 141.86 140.94 140.01 139.08 138.21 137.41 136.73 136.19 135.82 135.62
210.19 206.24 202.25 198.20 194.11 189.99 185.85 181.68 177.51 173.34 169.17 165.02 160.88 156.78 152.72 148.70 144.73 140.83 136.99 133.26 129.68 126.29 123.09 120.09 117.30 114.75 112.46 110.42 108.64 107.11 105.86 104.87 104.15 103.70 103.54 103.65 104.04 104.73 105.70 106.97 108.54 110.40 112.57 115.05 117.84 120.94 124.36 128.10 131.91 135.26 138.09 140.44 142.33 143.80 144.88 145.61 146.02 146.13 145.99 145.63 145.08 144.37 143.54 142.61 141.63 140.62 139.62 138.67 137.78 137.01 136.37 135.91 135.64
214.06 210.09 206.06 201.97 197.85 193.69 189.50 185.29 181.08 176.85 172.64 168.43 164.25 160.09 155.97 151.89 147.86 143.90 140.00 136.17 132.45 128.90 125.54 122.40 119.51 116.87 114.48 112.35 110.49 108.89 107.56 106.50 105.72 105.21 104.99 105.05 105.40 106.04 106.98 108.22 109.75 111.60 113.75 116.21 118.99 122.08 125.50 129.24 133.05 136.41 139.24 141.57 143.45 144.90 145.96 146.66 147.03 147.10 146.92 146.51 145.90 145.13 144.23 143.23 142.18 141.09 140.00 138.96 137.98 137.10 136.36 135.78 135.41
218.03 214.02 209.95 205.83 201.67 197.47 193.24 188.99 184.72 180.45 176.19 171.93 167.69 163.48 159.30 155.16 151.07 147.04 143.07 139.18 135.37 131.67 128.17 124.92 121.92 119.17 116.69 114.47 112.51 110.82 109.41 108.28 107.42 106.85 106.56 106.56 106.86 107.45 108.34 109.53 111.03 112.84 114.97 117.40 120.16 123.24 126.65 130.39 134.20 137.54 140.36 142.68 144.53 145.95 146.98 147.64 147.96 147.99 147.75 147.28 146.61 145.77 144.80 143.72 142.58 141.40 140.22 139.08 137.99 137.00 136.15 135.45 134.95
222.08 218.04 213.94 209.78 205.58 201.34 197.06 192.77 188.45 184.14 179.82 175.51 171.21 166.94 162.70 158.51 154.36 150.26 146.23 142.27 138.39 134.62 131.02 127.64 124.53 121.67 119.07 116.75 114.69 112.91 111.41 110.19 109.25 108.60 108.24 108.17 108.41 108.94 109.78 110.92 112.37 114.14 116.23 118.64 121.37 124.42 127.81 131.53 135.33 138.66 141.45 143.74 145.57 146.95 147.94 148.55 148.82 148.79 148.49 147.95 147.21 146.29 145.24 144.07 142.84 141.56 140.28 139.03 137.83 136.72 135.74 134.92 134.29
226.23 222.15 218.01 213.82 209.57 205.29 200.97 196.63 192.27 187.90 183.53 179.17 174.82 170.49 166.19 161.93 157.72 153.56 149.46 145.43 141.51 137.71 134.06 130.58 127.33 124.35 121.64 119.21 117.04 115.16 113.56 112.24 111.21 110.48 110.04 109.89 110.05 110.52 111.29 112.38 113.78 115.50 117.54 119.90 122.60 125.62 128.98 132.68 136.46 139.76 142.53 144.78 146.56 147.90 148.84 149.39 149.61 149.51 149.14 148.52 147.70 146.70 145.55 144.29 142.95 141.57 140.18 138.80 137.48 136.25 135.14 134.18 133.41
230.46 226.35 222.18 217.94 213.66 209.33 204.97 200.58 196.17 191.75 187.33 182.91 178.51 174.12 169.76 165.44 161.16 156.94 152.77 148.70 144.74 140.91 137.23 133.69 130.34 127.23 124.39 121.84 119.56 117.56 115.85 114.43 113.30 112.47 111.94 111.71 111.79 112.18 112.88 113.90 115.24 116.90 118.89 121.20 123.85 126.84 130.16 133.83 137.58 140.85 143.57 145.78 147.52 148.80 149.67 150.17 150.31 150.14 149.69 148.99 148.08 146.98 145.73 144.37 142.92 141.42 139.91 138.41 136.96 135.59 134.34 133.24 132.39
234.79 230.65 226.43 222.16 217.83 213.46 209.05 204.62 200.16 195.69 191.21 186.74 182.28 177.83 173.41 169.03 164.69 160.40 156.19 152.08 148.09 144.23 140.50 136.93 133.52 130.29 127.32 124.64 122.23 120.11 118.29 116.76 115.52 114.59 113.96 113.64 113.63 113.93 114.55 115.49 116.76 118.35 120.28 122.54 125.13 128.07 131.35 134.98 138.69 141.91 144.59 146.75 148.43 149.65 150.45 150.87 150.94 150.69 150.15 149.36 148.34 147.14 145.79 144.31 142.74 141.12 139.48 137.85 136.26 134.74 133.35 132.17 131.32
