data_output/RCH/Precip_1992_04.asc
ncols        168
nrows        136
xllcorner    455000
yllcorner    2107000
cellsize     500
NODATA_value     -99999
[rows 68 to 101 of 136, columns 0 to 76 of 168]
80.43 79.62 78.71 77.70 76.59 75.39 74.09 72.71 71.25 69.71 68.10 66.42 64.67 62.86 60.99 59.07 57.10 55.08 53.02 50.92 48.79 46.63 44.47 42.37 40.39 38.54 36.82 35.23 33.79 32.51 31.39 30.44 29.67 29.08 28.65 28.25 27.85 27.45 27.04 26.64 26.22 25.81 25.40 24.98 24.56 24.15 23.73 23.31 22.88 22.44 22.01 21.57 21.13 20.68 20.24 19.80 19.35 18.91 18.47 18.03 17.60 17.17 16.74 16.32 15.91 15.50 15.10 14.71 14.32 13.95 13.59 13.23 12.89 12.57 12.25 11.95 11.66
79.93 79.11 78.18 77.16 76.05 74.85 73.56 72.19 70.74 69.22 67.64 65.98 64.27 62.50 60.68 58.80 56.89 54.93 52.93 50.90 48.84 46.76 44.66 42.56 40.54 38.65 36.90 35.29 33.82 32.52 31.38 30.42 29.64 29.05 28.61 28.22 27.82 27.41 27.00 26.59 26.18 25.77 25.35 24.94 24.52 24.10 23.68 23.25 22.82 22.38 21.94 21.50 21.05 20.61 20.16 19.71 19.27 18.82 18.38 17.94 17.51 17.08 16.65 16.23 15.82 15.42 15.02 14.63 14.25 13.88 13.52 13.17 12.83 12.51 12.20 11.90 11.62
79.27 78.43 77.49 76.46 75.34 74.14 72.86 71.50 70.07 68.58 67.02 65.39 63.72 61.99 60.21 58.39 56.52 54.63 52.69 50.74 48.75 46.75 44.73 42.70 40.68 38.76 36.97 35.33 33.85 32.52 31.37 30.40 29.61 29.01 28.57 28.17 27.77 27.37 26.96 26.55 26.14 25.72 25.31 24.89 24.47 24.05 23.62 23.19 22.75 22.31 21.86 21.41 20.97 20.52 20.07 19.62 19.17 18.73 18.29 17.85 17.41 16.98 16.56 16.14 15.73 15.32 14.93 14.54 14.16 13.80 13.44 13.10 12.77 12.45 12.14 11.85 11.58
78.43 77.57 76.62 75.59 74.47 73.27 72.00 70.65 69.24 67.77 66.23 64.64 63.00 61.32 59.59 57.82 56.01 54.17 52.31 50.42 48.52 46.59 44.66 42.72 40.78 38.86 37.04 35.37 33.87 32.52 31.35 30.36 29.56 28.96 28.52 28.12 27.72 27.31 26.91 26.49 26.08 25.67 25.25 24.83 24.41 23.98 23.55 23.11 22.67 22.22 21.77 21.32 20.87 20.42 19.97 19.52 19.07 18.62 18.18 17.74 17.30 16.87 16.45 16.03 15.62 15.22 14.83 14.45 14.07 13.71 13.36 13.02 12.69 12.38 12.08 11.80 11.53
77.41 76.54 75.58 74.54 73.42 72.23 70.96 69.63 68.24 66.79 65.29 63.73 62.13 60.49 58.81 57.09 55.34 53.57 51.77 49.96 48.13 46.29 44.45 42.60 40.75 38.91 37.10 35.41 33.88 32.51 31.33 30.33 29.52 28.91 28.47 28.07 27.66 27.26 26.85 26.44 26.02 25.61 25.19 24.77 24.34 23.90 23.46 23.02 22.57 22.12 21.67 21.22 20.76 20.31 19.85 19.40 18.95 18.50 18.06 17.62 17.19 16.76 16.34 15.92 15.51 15.11 14.72 14.34 13.97 13.61 13.27 12.93 12.61 12.30 12.01 11.73 11.47
76.20 75.32 74.35 73.31 72.19 71.01 69.76 68.44 67.07 65.65 64.17 62.65 61.09 59.49 57.86 56.20 54.51 52.81 51.08 49.34 47.59 45.84 44.08 42.32 40.58 38.84 37.12 35.44 33.88 32.50 31.29 30.28 29.46 28.85 28.41 28.01 27.60 27.19 26.78 26.37 25.96 25.54 25.12 24.69 24.25 23.81 23.37 22.92 22.46 22.01 21.56 21.10 20.64 20.19 19.73 19.28 18.83 18.38 17.93 17.49 17.06 16.63 16.21 15.80 15.39 14.99 14.61 14.23 13.86 13.51 13.17 12.84 12.52 12.22 11.93 11.66 11.41
74.82 73.92 72.95 71.90 70.79 69.61 68.37 67.07 65.73 64.33 62.89 61.40 59.88 58.33 56.75 55.15 53.52 51.88 50.22 48.56 46.89 45.22 43.56 41.90 40.25 38.62 37.00 35.41 33.88 32.48 31.26 30.23 29.40 28.78 28.34 27.94 27.53 27.12 26.71 26.30 25.88 25.46 25.03 24.59 24.15 23.71 23.26 22.80 22.35 21.89 21.43 20.97 20.51 20.05 19.60 19.14 18.69 18.24 17.80 17.36 16.92 16.50 16.08 15.67 15.26 14.87 14.48 14.11 13.75 13.40 13.06 12.73 12.42 12.13 11.85 11.58 11.33
73.24 72.33 71.35 70.31 69.20 68.03 66.80 65.52 64.20 62.83 61.42 59.98 58.50 57.00 55.47 53.92 52.36 50.79 49.20 47.62 46.03 44.45 42.87 41.31 39.77 38.24 36.74 35.27 33.82 32.44 31.21 30.17 29.34 28.71 28.27 27.86 27.45 27.04 26.63 26.22 25.79 25.36 24.93 24.49 24.04 23.59 23.13 22.68 22.22 21.76 21.29 20.83 20.37 19.91 19.45 18.99 18.54 18.09 17.65 17.21 16.78 16.35 15.93 15.52 15.12 14.73 14.35 13.98 13.62 13.28 12.94 12.62 12.32 12.03 11.75 11.50 11.26
71.46 70.55 69.56 68.52 67.41 66.26 65.05 63.79 62.49 61.15 59.78 58.37 56.94 55.49 54.02 52.53 51.03 49.52 48.01 46.51 45.00 43.51 42.03 40.57 39.12 37.71 36.32 34.96 33.64 32.36 31.16 30.11 29.26 28.63 28.19 27.78 27.37 26.96 26.54 26.12 25.69 25.26 24.81 24.37 23.92 23.46 23.00 22.54 22.08 21.61 21.15 20.68 20.22 19.75 19.29 18.84 18.38 17.94 17.49 17.05 16.62 16.20 15.78 15.37 14.98 14.59 14.21 13.84 13.49 13.15 12.82 12.51 12.21 11.92 11.65 11.40 11.17
69.49 68.56 67.58 66.54 65.44 64.29 63.10 61.87 60.59 59.29 57.95 56.59 55.20 53.80 52.38 50.95 49.52 48.09 46.65 45.22 43.81 42.40 41.02 39.65 38.31 37.01 35.73 34.49 33.30 32.15 31.05 30.03 29.18 28.55 28.10 27.69 27.28 26.86 26.44 26.01 25.58 25.14 24.69 24.24 23.78 23.32 22.85 22.39 21.92 21.45 20.99 20.52 20.05 19.59 19.13 18.67 18.22 17.77 17.33 16.89 16.46 16.04 15.62 15.22 14.82 14.43 14.06 13.70 13.35 13.01 12.69 12.38 12.09 11.81 11.55 11.30 11.08
67.31 66.38 65.39 64.35 63.27 62.13 60.96 59.75 58.50 57.23 55.93 54.61 53.27 51.92 50.56 49.20 47.83 46.47 45.11 43.77 42.43 41.12 39.83 38.57 37.34 36.14 34.98 33.86 32.79 31.78 30.81 29.91 29.09 28.45 28.00 27.59 27.18 26.76 26.33 25.89 25.45 25.00 24.55 24.09 23.63 23.16 22.70 22.23 21.76 21.29 20.82 20.35 19.88 19.41 18.95 18.49 18.04 17.59 17.15 16.71 16.28 15.86 15.45 15.05 14.65 14.27 13.90 13.54 13.20 12.87 12.55 12.25 11.96 11.69 11.43 11.20 10.98
64.92 63.99 63.00 61.97 60.89 59.77 58.62 57.43 56.22 54.98 53.72 52.44 51.15 49.86 48.56 47.26 45.96 44.67 43.39 42.13 40.88 39.66 38.47 37.31 36.19 35.10 34.06 33.07 32.12 31.24 30.41 29.64 28.95 28.35 27.90 27.49 27.07 26.64 26.20 25.76 25.31 24.86 24.40 23.93 23.47 23.00 22.53 22.05 21.58 21.11 20.63 20.16 19.69 19.23 18.76 18.30 17.85 17.40 16.96 16.53 16.10 15.68 15.27 14.87 14.48 14.10 13.74 13.38 13.04 12.71 12.40 12.10 11.82 11.56 11.31 11.08 10.88
62.33 61.40 60.41 59.39 58.32 57.22 56.08 54.92 53.74 52.54 51.32 50.09 48.85 47.61 46.37 45.13 43.90 42.69 41.49 40.31 39.16 38.03 36.94 35.88 34.86 33.89 32.97 32.10 31.28 30.53 29.84 29.22 28.67 28.20 27.79 27.38 26.95 26.51 26.07 25.62 25.17 24.71 24.24 23.77 23.30 22.83 22.35 21.87 21.40 20.92 20.45 19.97 19.50 19.03 18.57 18.11 17.66 17.21 16.77 16.34 15.91 15.49 15.09 14.69 14.30 13.93 13.57 13.22 12.88 12.56 12.25 11.96 11.69 11.43 11.19 10.97 10.77
59.65 58.71 57.72 56.70 55.65 54.56 53.45 52.31 51.16 49.99 48.81 47.62 46.43 45.25 44.06 42.89 41.73 40.59 39.47 38.38 37.31 36.28 35.28 34.33 33.42 32.56 31.76 31.01 30.32 29.70 29.15 28.67 28.27 27.96 27.73 27.37 26.93 26.49 26.04 25.58 25.12 24.65 24.18 23.70 23.22 22.74 22.26 21.78 21.30 20.82 20.34 19.87 19.39 18.92 18.46 17.99 17.54 17.09 16.65 16.22 15.79 15.37 14.97 14.57 14.19 13.81 13.45 13.11 12.78 12.46 12.16 11.87 11.60 11.35 11.11 10.90 10.71
56.95 56.00 55.02 54.00 52.95 51.88 50.78 49.67 48.54 47.40 46.26 45.12 43.98 42.84 41.72 40.60 39.51 38.44 37.40 36.38 35.40 34.46 33.56 32.71 31.90 31.16 30.46 29.84 29.27 28.78 28.36 28.02 27.78 27.68 27.66 27.48 27.09 26.64 26.18 25.71 25.24 24.76 24.28 23.79 23.31 22.82 22.33 21.84 21.35 20.87 20.38 19.90 19.42 18.94 18.47 18.01 17.55 17.10 16.65 16.22 15.79 15.37 14.96 14.57 14.18 13.81 13.45 13.10 12.77 12.45 12.15 11.87 11.60 11.35 11.12 10.91 10.72
54.25 53.29 52.30 51.28 50.24 49.18 48.10 47.00 45.90 44.79 43.69 42.58 41.48 40.40 39.33 38.27 37.24 36.24 35.27 34.33 33.44 32.58 31.78 31.02 30.32 29.68 29.10 28.59 28.15 27.78 27.50 27.31 27.26 27.37 27.56 27.58 27.37 26.96 26.49 26.01 25.52 25.03 24.54 24.04 23.54 23.05 22.55 22.05 21.55 21.05 20.56 20.07 19.58 19.10 18.62 18.15 17.68 17.22 16.77 16.33 15.90 15.48 15.07 14.67 14.28 13.90 13.54 13.19 12.86 12.54 12.24 11.95 11.69 11.44 11.21 11.00 10.81
51.55 50.58 49.59 48.56 47.52 46.47 45.40 44.32 43.24 42.16 41.09 40.02 38.96 37.92 36.90 35.91 34.94 34.00 33.10 32.24 31.42 30.66 29.94 29.28 28.68 28.14 27.67 27.27 26.95 26.71 26.57 26.57 26.72 27.03 27.41 27.64 27.63 27.39 26.96 26.47 25.97 25.46 24.95 24.44 23.93 23.42 22.91 22.40 21.89 21.38 20.87 20.37 19.87 19.38 18.89 18.41 17.94 17.47 17.01 16.56 16.12 15.69 15.27 14.87 14.47 14.09 13.72 13.37 13.03 12.71 12.41 12.12 11.85 11.60 11.37 11.16 10.97
48.86 47.88 46.87 45.85 44.81 43.75 42.70 41.63 40.57 39.52 38.47 37.44 36.42 35.42 34.45 33.51 32.60 31.72 30.89 30.10 29.37 28.68 28.05 27.48 26.98 26.54 26.18 25.90 25.69 25.59 25.63 25.82 26.16 26.66 27.24 27.66 27.85 27.80 27.53 27.08 26.56 26.04 25.52 24.99 24.46 23.93 23.41 22.88 22.35 21.83 21.31 20.80 20.29 19.78 19.28 18.79 18.30 17.82 17.35 16.89 16.44 16.00 15.58 15.16 14.76 14.37 13.99 13.64 13.29 12.96 12.65 12.36 12.08 11.83 11.59 11.38 11.18
46.19 45.19 44.17 43.13 42.09 41.04 39.99 38.94 37.90 36.86 35.84 34.84 33.86 32.90 31.98 31.08 30.23 29.42 28.65 27.93 27.27 26.66 26.12 25.64 25.23 24.90 24.64 24.47 24.39 24.46 24.68 25.05 25.57 26.26 27.03 27.64 28.02 28.16 28.08 27.78 27.31 26.77 26.22 25.68 25.13 24.58 24.04 23.49 22.95 22.41 21.87 21.34 20.82 20.29 19.78 19.27 18.77 18.28 17.80 17.33 16.86 16.41 15.97 15.55 15.13 14.73 14.35 13.98 13.62 13.29 12.97 12.67 12.38 12.12 11.88 11.66 11.46
43.53 42.51 41.48 40.44 39.39 38.34 37.29 36.25 35.22 34.20 33.21 32.23 31.29 30.37 29.49 28.64 27.84 27.09 26.38 25.73 25.14 24.61 24.15 23.76 23.44 23.21 23.05 23.00 23.09 23.32 23.72 24.27 24.97 25.84 26.80 27.59 28.15 28.47 28.58 28.46 28.13 27.63 27.06 26.49 25.93 25.36 24.79 24.23 23.67 23.11 22.55 22.00 21.46 20.92 20.39 19.86 19.34 18.84 18.34 17.85 17.37 16.91 16.45 16.01 15.59 15.17 14.78 14.39 14.03 13.68 13.35 13.04 12.74 12.47 12.22 11.99 11.78
40.91 39.87 38.81 37.76 36.70 35.65 34.60 33.57 32.55 31.55 30.58 29.63 28.71 27.83 26.99 26.19 25.44 24.74 24.10 23.51 22.99 22.54 22.15 21.85 21.62 21.48 21.44 21.54 21.79 22.19 22.76 23.48 24.36 25.40 26.53 27.50 28.24 28.74 29.02 29.08 28.93 28.56 28.03 27.44 26.85 26.26 25.67 25.08 24.50 23.92 23.34 22.77 22.20 21.64 21.09 20.55 20.01 19.48 18.97 18.46 17.97 17.48 17.01 16.56 16.11 15.68 15.27 14.88 14.50 14.13 13.79 13.46 13.16 12.87 12.61 12.37 12.15
38.32 37.25 36.18 35.10 34.04 32.98 31.93 30.90 29.89 28.91 27.95 27.03 26.14 25.29 24.49 23.73 23.03 22.38 21.79 21.27 20.82 20.44 20.13 19.91 19.77 19.73 19.83 20.09 20.50 21.07 21.80 22.68 23.73 24.94 26.24 27.38 28.29 28.96 29.41 29.64 29.66 29.47 29.07 28.51 27.89 27.28 26.66 26.05 25.44 24.83 24.23 23.64 23.05 22.47 21.89 21.32 20.77 20.22 19.68 19.15 18.64 18.14 17.65 17.17 16.71 16.26 15.83 15.42 15.02 14.64 14.28 13.94 13.62 13.32 13.04 12.78 12.55
35.76 34.67 33.57 32.48 31.40 30.34 29.29 28.26 27.25 26.28 25.34 24.43 23.57 22.75 21.99 21.27 20.61 20.02 19.48 19.02 18.63 18.32 18.09 17.95 17.90 18.00 18.26 18.67 19.23 19.95 20.83 21.88 23.08 24.46 25.92 27.23 28.30 29.14 29.75 30.15 30.33 30.30 30.07 29.64 29.05 28.40 27.76 27.12 26.48 25.85 25.22 24.60 23.99 23.38 22.78 22.19 21.61 21.03 20.47 19.92 19.38 18.86 18.35 17.85 17.37 16.90 16.45 16.01 15.60 15.20 14.82 14.46 14.12 13.81 13.51 13.24 12.99
33.26 32.13 31.01 29.90 28.80 27.72 26.67 25.64 24.64 23.67 22.75 21.86 21.02 20.23 19.49 18.82 18.20 17.65 17.17 16.77 16.44 16.20 16.04 15.98 16.07 16.31 16.71 17.26 17.97 18.84 19.87 21.07 22.43 23.96 25.59 27.05 28.28 29.28 30.05 30.60 30.94 31.07 30.99 30.72 30.26 29.63 28.96 28.29 27.62 26.96 26.31 25.66 25.01 24.38 23.75 23.13 22.52 21.92 21.33 20.76 20.20 19.65 19.11 18.59 18.08 17.59 17.12 16.66 16.22 15.80 15.40 15.02 14.66 14.32 14.01 13.72 13.45
30.80 29.64 28.49 27.36 26.24 25.15 24.09 23.05 22.05 21.09 20.18 19.31 18.49 17.72 17.02 16.38 15.80 15.30 14.87 14.52 14.25 14.07 13.99 14.06 14.28 14.66 15.19 15.88 16.73 17.74 18.92 20.26 21.77 23.45 25.23 26.84 28.22 29.37 30.30 31.00 31.49 31.77 31.85 31.73 31.41 30.91 30.26 29.56 28.86 28.16 27.47 26.79 26.12 25.45 24.79 24.14 23.51 22.88 22.26 21.66 21.07 20.49 19.93 19.38 18.85 18.33 17.83 17.35 16.89 16.44 16.02 15.61 15.23 14.87 14.53 14.22 13.93
28.41 27.21 26.03 24.87 23.73 22.63 21.55 20.51 19.51 18.55 17.64 16.78 15.98 15.24 14.56 13.95 13.42 12.95 12.57 12.27 12.06 11.96 11.99 12.19 12.53 13.03 13.70 14.52 15.50 16.65 17.97 19.45 21.10 22.93 24.85 26.61 28.14 29.43 30.50 31.35 31.99 32.41 32.63 32.66 32.49 32.13 31.59 30.91 30.17 29.45 28.72 28.01 27.30 26.60 25.91 25.23 24.56 23.90 23.25 22.62 21.99 21.39 20.79 20.22 19.65 19.11 18.58 18.07 17.58 17.11 16.66 16.23 15.82 15.44 15.08 14.74 14.42
26.07 24.84 23.63 22.44 21.28 20.15 19.06 18.01 17.00 16.05 15.14 14.30 13.51 12.79 12.14 11.56 11.05 10.63 10.29 10.04 9.90 9.90 10.05 10.36 10.83 11.45 12.24 13.19 14.30 15.58 17.03 18.64 20.43 22.39 24.45 26.35 28.02 29.45 30.66 31.65 32.43 32.99 33.35 33.52 33.49 33.27 32.87 32.29 31.57 30.80 30.04 29.29 28.55 27.81 27.09 26.37 25.67 24.97 24.29 23.62 22.97 22.33 21.70 21.09 20.50 19.93 19.37 18.83 18.31 17.81 17.33 16.87 16.43 16.02 15.63 15.26 14.92
23.81 22.54 21.29 20.07 18.88 17.73 16.62 15.56 14.55 13.59 12.69 11.85 11.08 10.37 9.74 9.19 8.72 8.33 8.03 7.85 7.80 7.91 8.17 8.59 9.17 9.91 10.82 11.89 13.12 14.52 16.09 17.84 19.76 21.85 24.04 26.08 27.88 29.44 30.79 31.91 32.82 33.51 34.01 34.30 34.41 34.32 34.05 33.61 32.99 32.23 31.44 30.64 29.86 29.09 28.32 27.57 26.83 26.10 25.38 24.68 23.99 23.31 22.65 22.01 21.38 20.77 20.18 19.61 19.06 18.52 18.01 17.52 17.06 16.61 16.19 15.80 15.43
21.62 20.31 19.02 17.76 16.55 15.37 14.25 13.17 12.15 11.19 10.29 9.45 8.69 8.00 7.39 6.86 6.41 6.06 5.82 5.72 5.77 5.98 6.35 6.88 7.56 8.42 9.43 10.61 11.96 13.48 15.17 17.04 19.08 21.30 23.62 25.78 27.71 29.40 30.87 32.12 33.15 33.98 34.60 35.02 35.25 35.29 35.15 34.83 34.34 33.68 32.89 32.06 31.23 30.42 29.61 28.82 28.04 27.27 26.51 25.77 25.04 24.33 23.63 22.95 22.29 21.64 21.02 20.41 19.82 19.25 18.71 18.19 17.69 17.21 16.76 16.33 15.93
19.52 18.16 16.83 15.53 14.29 13.09 11.94 10.85 9.81 8.84 7.94 7.10 6.35 5.67 5.08 4.57 4.15 3.85 3.69 3.68 3.82 4.13 4.59 5.22 6.01 6.96 8.08 9.37 10.83 12.46 14.27 16.25 18.40 20.74 23.18 25.47 27.51 29.33 30.92 32.29 33.44 34.39 35.13 35.67 36.02 36.18 36.16 35.96 35.59 35.05 34.35 33.52 32.65 31.79 30.95 30.11 29.29 28.48 27.68 26.89 26.13 25.37 24.64 23.92 23.21 22.53 21.87 21.22 20.60 19.99 19.41 18.85 18.31 17.80 17.31 16.85 16.42
17.51 16.09 14.72 13.39 12.11 10.88 9.70 8.59 7.54 6.56 5.65 4.82 4.07 3.40 2.82 2.33 1.95 1.72 1.64 1.72 1.95 2.34 2.90 3.62 4.50 5.55 6.77 8.16 9.73 11.46 13.37 15.46 17.73 20.18 22.74 25.14 27.30 29.23 30.93 32.42 33.68 34.74 35.60 36.25 36.72 36.99 37.08 37.00 36.74 36.31 35.73 34.98 34.12 33.21 32.32 31.44 30.57 29.72 28.87 28.05 27.24 26.44 25.66 24.90 24.15 23.43 22.72 22.04 21.37 20.73 20.11 19.51 18.94 18.39 17.86 17.36 16.89
15.59 14.12 12.70 11.33 10.01 8.75 7.55 6.41 5.34 4.35 3.43 2.60 1.85 1.19 0.62 0.16 0.00 0.00 0.00 0.00 0.16 0.63 1.27 2.08 3.05 4.20 5.51 6.99 8.65 10.49 12.50 14.69 17.06 19.62 22.29 24.79 27.06 29.10 30.91 32.50 33.88 35.05 36.01 36.77 37.34 37.73 37.93 37.95 37.80 37.48 37.00 36.36 35.58 34.67 33.73 32.80 31.88 30.98 30.09 29.22 28.36 27.52 26.70 25.89 25.10 24.34 23.59 22.86 22.15 21.47 20.80 20.16 19.55 18.96 18.39 17.85 17.34
13.77 12.25 10.77 9.36 8.00 6.70 5.47 4.31 3.23 2.22 1.29 0.45 0.00 0.00 0.00 0.00 0.00 0.00 0.00 0.00 0.00 0.00 0.00 0.60 1.66 2.89 4.29 5.86 7.61 9.54 11.64 13.93 16.40 19.06 21.83 24.44 26.81 28.95 30.86 32.56 34.03 35.30 36.37 37.23 37.90 38.39 38.69 38.81 38.76 38.54 38.16 37.63 36.94 36.11 35.16 34.19 33.22 32.27 31.33 30.41 29.50 28.62 27.74 26.89 26.06 25.24 24.45 23.67 22.92 22.19 21.48 20.80 20.14 19.51 18.90 18.32 17.76
12.05 10.48 8.95 7.49 6.09 4.75 3.49 2.30 1.19 0.17 0.00 0.00 0.00 0.00 0.00 0.00 0.00 0.00 0.00 0.00 0.00 0.00 0.00 0.00 0.33 1.63 3.11 4.77 6.60 8.61 10.81 13.19 15.75 18.50 21.36 24.07 26.54 28.77 30.78 32.57 34.15 35.51 36.67 37.63 38.40 38.98 39.37 39.59 39.63 39.51 39.23 38.79 38.19 37.46 36.58 35.59 34.57 33.57 32.58 31.61 30.65 29.71 28.79 27.89 27.00 26.14 25.30 24.47 23.67 22.90 22.14 21.41 20.71 20.03 19.38 18.75 18.15
