data_output/RCH/Precip_1985_01.asc
ncols        168
nrows        136
xllcorner    455000
yllcorner    2107000
cellsize     500
NODATA_value     -99999
[rows 38 to 75 of 136, columns 0 to 83 of 168]
6.04 5.89 5.73 5.56 5.38 5.19 4.99 4.78 4.57 4.33 4.09 3.83 3.55 3.26 2.96 2.68 2.43 2.20 2.00 1.84 1.69 1.56 1.44 1.33 1.22 1.12 1.02 0.94 0.86 0.78 0.71 0.65 0.59 0.54 0.50 0.46 0.43 0.40 0.37 0.36 0.34 0.34 0.33 0.34 0.34 0.35 0.37 0.39 0.41 0.44 0.47 0.51 0.55 0.59 0.64 0.69 0.75 0.80 0.86 0.93 0.99 1.06 1.13 1.19 1.25 1.30 1.35 1.40 1.45 1.50 1.55 1.60 1.65 1.70 1.75 1.80 1.85 1.90 1.96 2.01 2.07 2.13 2.18 2.24
5.79 5.65 5.49 5.33 5.16 4.99 4.80 4.61 4.41 4.19 3.97 3.73 3.48 3.21 2.94 2.68 2.45 2.25 2.07 1.93 1.79 1.67 1.55 1.44 1.33 1.24 1.14 1.06 0.98 0.90 0.84 0.77 0.72 0.67 0.62 0.58 0.55 0.52 0.50 0.48 0.46 0.45 0.45 0.45 0.45 0.46 0.47 0.49 0.51 0.53 0.56 0.59 0.63 0.67 0.71 0.75 0.80 0.85 0.91 0.96 1.02 1.09 1.15 1.21 1.27 1.32 1.37 1.42 1.47 1.51 1.56 1.61 1.65 1.70 1.75 1.80 1.85 1.91 1.96 2.01 2.07 2.12 2.18 2.24
5.55 5.41 5.27 5.12 4.96 4.80 4.62 4.44 4.26 4.06 3.86 3.64 3.42 3.17 2.93 2.69 2.49 2.31 2.16 2.02 1.89 1.77 1.66 1.55 1.45 1.35 1.26 1.18 1.10 1.03 0.96 0.90 0.84 0.79 0.75 0.71 0.67 0.64 0.62 0.60 0.58 0.57 0.56 0.56 0.56 0.57 0.58 0.59 0.61 0.63 0.65 0.68 0.71 0.75 0.78 0.82 0.87 0.91 0.96 1.01 1.06 1.12 1.18 1.24 1.29 1.34 1.39 1.44 1.48 1.53 1.57 1.62 1.67 1.71 1.76 1.81 1.86 1.91 1.96 2.01 2.07 2.12 2.18 2.23
5.31 5.18 5.05 4.91 4.77 4.62 4.46 4.29 4.12 3.94 3.76 3.56 3.36 3.15 2.92 2.71 2.54 2.38 2.24 2.11 1.99 1.87 1.76 1.65 1.56 1.46 1.37 1.29 1.22 1.15 1.08 1.02 0.97 0.92 0.87 0.83 0.80 0.77 0.74 0.72 0.71 0.69 0.69 0.68 0.68 0.68 0.69 0.70 0.72 0.73 0.75 0.78 0.80 0.83 0.87 0.90 0.94 0.98 1.02 1.07 1.11 1.16 1.21 1.27 1.32 1.37 1.42 1.46 1.51 1.55 1.59 1.64 1.68 1.73 1.77 1.82 1.87 1.92 1.97 2.02 2.07 2.12 2.17 2.23
5.08 4.97 4.85 4.72 4.59 4.45 4.30 4.15 4.00 3.84 3.67 3.50 3.32 3.13 2.93 2.75 2.60 2.46 2.32 2.20 2.08 1.97 1.86 1.76 1.66 1.57 1.49 1.41 1.33 1.27 1.20 1.14 1.09 1.04 1.00 0.96 0.93 0.90 0.87 0.85 0.83 0.82 0.81 0.80 0.80 0.80 0.81 0.82 0.83 0.84 0.86 0.88 0.90 0.93 0.96 0.99 1.02 1.05 1.09 1.13 1.17 1.22 1.26 1.31 1.35 1.40 1.45 1.49 1.53 1.57 1.61 1.66 1.70 1.74 1.79 1.83 1.88 1.93 1.98 2.02 2.07 2.12 2.18 2.23
4.86 4.76 4.65 4.54 4.42 4.29 4.16 4.03 3.89 3.75 3.60 3.45 3.29 3.12 2.96 2.80 2.66 2.53 2.40 2.28 2.16 2.05 1.95 1.85 1.76 1.67 1.59 1.52 1.45 1.38 1.32 1.26 1.21 1.17 1.12 1.09 1.05 1.02 1.00 0.98 0.96 0.94 0.93 0.93 0.92 0.92 0.93 0.93 0.94 0.95 0.97 0.98 1.00 1.03 1.05 1.08 1.11 1.14 1.17 1.20 1.24 1.28 1.32 1.36 1.40 1.44 1.48 1.52 1.56 1.60 1.64 1.68 1.72 1.77 1.81 1.85 1.90 1.94 1.99 2.03 2.08 2.13 2.18 2.23
4.65 4.56 4.46 4.36 4.26 4.15 4.04 3.92 3.80 3.67 3.54 3.41 3.27 3.13 2.99 2.85 2.72 2.59 2.47 2.35 2.24 2.14 2.04 1.95 1.86 1.77 1.70 1.62 1.56 1.49 1.44 1.38 1.33 1.29 1.25 1.21 1.18 1.15 1.12 1.10 1.09 1.07 1.06 1.05 1.05 1.05 1.05 1.05 1.06 1.07 1.08 1.09 1.11 1.13 1.15 1.17 1.20 1.22 1.25 1.28 1.31 1.34 1.38 1.41 1.45 1.48 1.52 1.56 1.59 1.63 1.67 1.71 1.75 1.79 1.83 1.87 1.91 1.96 2.00 2.05 2.09 2.14 2.19 2.24
4.47 4.39 4.31 4.22 4.13 4.03 3.94 3.84 3.73 3.62 3.51 3.40 3.28 3.16 3.03 2.90 2.77 2.65 2.54 2.43 2.32 2.22 2.13 2.04 1.96 1.88 1.80 1.73 1.67 1.61 1.55 1.50 1.46 1.41 1.37 1.34 1.31 1.28 1.26 1.23 1.22 1.20 1.19 1.18 1.18 1.18 1.18 1.18 1.18 1.19 1.20 1.21 1.23 1.24 1.26 1.28 1.30 1.32 1.34 1.37 1.39 1.42 1.45 1.48 1.51 1.54 1.57 1.59 1.63 1.66 1.70 1.74 1.77 1.81 1.85 1.89 1.93 1.97 2.02 2.06 2.10 2.15 2.19 2.24
4.33 4.26 4.19 4.12 4.04 3.96 3.87 3.78 3.69 3.60 3.51 3.41 3.31 3.21 3.09 2.96 2.84 2.73 2.62 2.51 2.41 2.32 2.23 2.15 2.07 1.99 1.92 1.86 1.79 1.74 1.68 1.64 1.59 1.55 1.51 1.48 1.45 1.42 1.40 1.38 1.36 1.35 1.33 1.32 1.32 1.31 1.31 1.31 1.32 1.32 1.33 1.34 1.35 1.36 1.38 1.39 1.41 1.42 1.44 1.46 1.48 1.51 1.53 1.55 1.57 1.60 1.62 1.63 1.66 1.69 1.72 1.76 1.79 1.83 1.87 1.91 1.94 1.98 2.02 2.06 2.11 2.15 2.19 2.24
4.25 4.18 4.12 4.05 3.98 3.91 3.84 3.76 3.69 3.61 3.53 3.45 3.36 3.26 3.15 3.04 2.92 2.82 2.71 2.61 2.52 2.43 2.34 2.26 2.19 2.12 2.05 1.99 1.93 1.88 1.83 1.78 1.74 1.70 1.66 1.63 1.60 1.57 1.55 1.53 1.51 1.50 1.49 1.48 1.47 1.46 1.46 1.46 1.46 1.46 1.47 1.47 1.48 1.49 1.50 1.51 1.52 1.54 1.55 1.57 1.58 1.60 1.61 1.63 1.65 1.66 1.67 1.68 1.69 1.71 1.74 1.78 1.81 1.84 1.88 1.91 1.95 1.99 2.03 2.07 2.11 2.15 2.19 2.23
4.20 4.14 4.08 4.02 3.96 3.89 3.83 3.76 3.70 3.63 3.56 3.49 3.42 3.33 3.23 3.12 3.02 2.92 2.82 2.72 2.63 2.55 2.47 2.39 2.32 2.26 2.19 2.13 2.08 2.03 1.98 1.93 1.89 1.85 1.82 1.79 1.76 1.73 1.71 1.69 1.67 1.66 1.65 1.64 1.63 1.62 1.62 1.61 1.61 1.61 1.61 1.62 1.62 1.63 1.63 1.64 1.65 1.66 1.67 1.68 1.69 1.70 1.71 1.72 1.73 1.73 1.73 1.72 1.72 1.74 1.76 1.79 1.82 1.85 1.88 1.92 1.95 1.99 2.02 2.06 2.10 2.14 2.18 2.22
4.18 4.12 4.07 4.01 3.96 3.90 3.84 3.79 3.73 3.67 3.61 3.55 3.48 3.40 3.31 3.21 3.12 3.02 2.93 2.85 2.76 2.68 2.61 2.53 2.47 2.40 2.34 2.29 2.23 2.19 2.14 2.10 2.06 2.02 1.99 1.96 1.93 1.91 1.88 1.86 1.85 1.83 1.82 1.80 1.79 1.79 1.78 1.78 1.77 1.77 1.77 1.77 1.77 1.77 1.77 1.78 1.78 1.79 1.79 1.80 1.80 1.81 1.81 1.81 1.81 1.80 1.79 1.77 1.76 1.76 1.78 1.80 1.82 1.85 1.88 1.92 1.95 1.98 2.02 2.05 2.09 2.12 2.16 2.20
4.19 4.14 4.08 4.03 3.98 3.92 3.87 3.82 3.77 3.72 3.67 3.62 3.56 3.49 3.40 3.31 3.23 3.14 3.06 2.98 2.90 2.82 2.75 2.68 2.62 2.56 2.50 2.45 2.40 2.35 2.31 2.27 2.23 2.20 2.17 2.14 2.11 2.09 2.06 2.04 2.02 2.01 1.99 1.98 1.97 1.96 1.95 1.95 1.94 1.93 1.93 1.93 1.93 1.92 1.92 1.92 1.92 1.92 1.92 1.92 1.92 1.92 1.91 1.90 1.89 1.87 1.85 1.82 1.81 1.80 1.80 1.81 1.82 1.85 1.88 1.91 1.94 1.97 2.00 2.04 2.07 2.10 2.14 2.18
4.23 4.17 4.12 4.07 4.01 3.96 3.91 3.87 3.82 3.78 3.74 3.69 3.64 3.58 3.50 3.42 3.34 3.27 3.19 3.12 3.05 2.98 2.91 2.84 2.78 2.73 2.67 2.62 2.58 2.53 2.49 2.45 2.42 2.38 2.35 2.32 2.30 2.27 2.25 2.23 2.21 2.20 2.18 2.17 2.15 2.14 2.13 2.12 2.11 2.11 2.10 2.09 2.09 2.08 2.08 2.07 2.07 2.06 2.06 2.05 2.04 2.03 2.02 2.00 1.97 1.94 1.91 1.88 1.85 1.83 1.82 1.82 1.83 1.85 1.87 1.90 1.93 1.96 1.99 2.02 2.05 2.08 2.12 2.15
4.29 4.23 4.17 4.11 4.06 4.01 3.96 3.92 3.88 3.85 3.82 3.78 3.73 3.68 3.61 3.54 3.47 3.40 3.33 3.27 3.20 3.14 3.07 3.01 2.96 2.90 2.85 2.81 2.76 2.72 2.68 2.64 2.61 2.58 2.55 2.52 2.49 2.47 2.45 2.43 2.41 2.39 2.37 2.36 2.34 2.33 2.32 2.31 2.30 2.29 2.28 2.27 2.26 2.25 2.24 2.23 2.22 2.21 2.20 2.19 2.17 2.15 2.12 2.09 2.06 2.02 1.98 1.93 1.90 1.87 1.85 1.84 1.84 1.84 1.86 1.88 1.91 1.94 1.96 1.99 2.02 2.05 2.09 2.12
4.36 4.29 4.23 4.17 4.11 4.06 4.02 3.98 3.95 3.93 3.90 3.87 3.84 3.79 3.73 3.67 3.60 3.54 3.48 3.42 3.36 3.30 3.25 3.19 3.14 3.09 3.04 3.00 2.95 2.91 2.88 2.84 2.81 2.78 2.75 2.72 2.70 2.67 2.65 2.63 2.61 2.59 2.57 2.56 2.54 2.53 2.51 2.50 2.48 2.47 2.46 2.44 2.43 2.42 2.40 2.39 2.38 2.36 2.34 2.32 2.30 2.26 2.23 2.19 2.14 2.09 2.04 1.99 1.95 1.91 1.88 1.86 1.85 1.84 1.85 1.87 1.89 1.91 1.94 1.97 1.99 2.02 2.05 2.08
4.44 4.36 4.29 4.23 4.17 4.12 4.08 4.05 4.03 4.01 4.00 3.97 3.94 3.91 3.86 3.80 3.74 3.69 3.64 3.58 3.53 3.48 3.43 3.38 3.33 3.28 3.23 3.19 3.15 3.12 3.08 3.05 3.01 2.98 2.96 2.93 2.90 2.88 2.86 2.84 2.82 2.80 2.78 2.76 2.74 2.73 2.71 2.69 2.68 2.66 2.64 2.63 2.61 2.59 2.57 2.56 2.54 2.52 2.49 2.46 2.42 2.38 2.33 2.28 2.23 2.17 2.11 2.05 2.00 1.95 1.91 1.88 1.86 1.85 1.85 1.85 1.86 1.89 1.91 1.93 1.96 1.99 2.01 2.04
4.52 4.44 4.36 4.29 4.23 4.18 4.15 4.13 4.12 4.11 4.10 4.08 4.06 4.03 3.99 3.94 3.89 3.84 3.80 3.75 3.70 3.66 3.61 3.57 3.52 3.48 3.44 3.40 3.36 3.32 3.29 3.26 3.23 3.20 3.17 3.14 3.12 3.10 3.07 3.05 3.03 3.01 2.99 2.97 2.95 2.93 2.91 2.89 2.87 2.85 2.83 2.81 2.79 2.77 2.75 2.73 2.70 2.67 2.63 2.59 2.55 2.49 2.44 2.38 2.31 2.25 2.18 2.11 2.05 2.00 1.95 1.91 1.88 1.86 1.84 1.84 1.84 1.86 1.88 1.90 1.92 1.95 1.97 2.00
4.60 4.51 4.42 4.35 4.30 4.26 4.23 4.22 4.21 4.21 4.21 4.20 4.19 4.16 4.13 4.09 4.05 4.01 3.96 3.92 3.88 3.84 3.80 3.76 3.72 3.68 3.64 3.61 3.57 3.54 3.51 3.48 3.45 3.42 3.39 3.37 3.34 3.32 3.29 3.27 3.25 3.23 3.20 3.18 3.16 3.14 3.12 3.10 3.08 3.05 3.03 3.01 2.98 2.95 2.93 2.90 2.87 2.82 2.78 2.73 2.67 2.61 2.54 2.47 2.40 2.33 2.25 2.17 2.10 2.04 1.99 1.94 1.90 1.87 1.85 1.83 1.83 1.83 1.84 1.86 1.88 1.90 1.93 1.95
4.68 4.57 4.48 4.42 4.37 4.34 4.32 4.32 4.32 4.32 4.32 4.32 4.32 4.30 4.27 4.24 4.21 4.17 4.14 4.10 4.07 4.03 4.00 3.96 3.93 3.89 3.86 3.82 3.79 3.76 3.73 3.70 3.67 3.64 3.62 3.59 3.57 3.54 3.52 3.49 3.47 3.45 3.42 3.40 3.38 3.35 3.33 3.31 3.28 3.25 3.23 3.20 3.17 3.14 3.11 3.07 3.03 2.98 2.92 2.86 2.79 2.72 2.64 2.57 2.49 2.40 2.32 2.24 2.16 2.09 2.03 1.97 1.92 1.88 1.85 1.83 1.81 1.81 1.81 1.82 1.83 1.85 1.88 1.90
4.75 4.64 4.55 4.49 4.45 4.43 4.42 4.42 4.42 4.43 4.44 4.45 4.45 4.44 4.42 4.40 4.37 4.35 4.32 4.29 4.26 4.23 4.20 4.17 4.14 4.11 4.08 4.04 4.01 3.98 3.95 3.93 3.90 3.87 3.85 3.82 3.80 3.77 3.75 3.72 3.70 3.67 3.65 3.62 3.60 3.57 3.55 3.52 3.49 3.46 3.43 3.40 3.36 3.33 3.29 3.24 3.18 3.12 3.06 2.98 2.91 2.83 2.75 2.66 2.57 2.48 2.39 2.30 2.22 2.14 2.07 2.00 1.95 1.90 1.86 1.83 1.80 1.79 1.78 1.78 1.79 1.80 1.82 1.84
4.82 4.71 4.63 4.58 4.54 4.53 4.52 4.53 4.54 4.56 4.57 4.59 4.60 4.59 4.58 4.56 4.54 4.52 4.50 4.48 4.45 4.43 4.40 4.38 4.35 4.33 4.30 4.27 4.24 4.21 4.19 4.16 4.13 4.11 4.08 4.05 4.03 4.00 3.98 3.95 3.93 3.90 3.88 3.85 3.82 3.79 3.76 3.73 3.70 3.67 3.63 3.60 3.56 3.51 3.46 3.40 3.34 3.27 3.19 3.11 3.03 2.94 2.85 2.75 2.66 2.56 2.46 2.36 2.27 2.19 2.11 2.04 1.98 1.92 1.87 1.83 1.80 1.77 1.76 1.75 1.75 1.75 1.77 1.79
4.89 4.79 4.72 4.67 4.64 4.63 4.63 4.64 4.66 4.69 4.71 4.73 4.74 4.75 4.74 4.73 4.72 4.71 4.69 4.67 4.65 4.63 4.61 4.59 4.57 4.55 4.52 4.50 4.47 4.45 4.42 4.39 4.37 4.34 4.32 4.29 4.27 4.24 4.21 4.19 4.16 4.13 4.11 4.08 4.05 4.01 3.98 3.95 3.91 3.88 3.84 3.80 3.75 3.70 3.63 3.56 3.49 3.41 3.32 3.23 3.14 3.04 2.94 2.84 2.74 2.64 2.53 2.43 2.33 2.24 2.15 2.08 2.00 1.94 1.88 1.84 1.79 1.76 1.73 1.72 1.71 1.71 1.71 1.73
4.97 4.88 4.81 4.77 4.74 4.74 4.75 4.76 4.79 4.82 4.85 4.88 4.90 4.91 4.91 4.91 4.90 4.89 4.88 4.87 4.86 4.84 4.83 4.81 4.79 4.77 4.75 4.73 4.71 4.68 4.66 4.63 4.61 4.58 4.56 4.53 4.51 4.48 4.45 4.42 4.40 4.37 4.34 4.31 4.27 4.24 4.20 4.17 4.13 4.09 4.04 3.99 3.94 3.87 3.80 3.72 3.64 3.55 3.45 3.36 3.25 3.15 3.04 2.93 2.82 2.71 2.60 2.49 2.39 2.29 2.20 2.11 2.03 1.96 1.90 1.84 1.79 1.75 1.72 1.69 1.67 1.66 1.66 1.66
5.06 4.97 4.91 4.87 4.85 4.85 4.87 4.89 4.92 4.96 4.99 5.03 5.06 5.08 5.08 5.09 5.09 5.08 5.08 5.07 5.06 5.05 5.04 5.03 5.01 5.00 4.98 4.96 4.94 4.92 4.90 4.87 4.85 4.82 4.80 4.77 4.75 4.72 4.69 4.66 4.63 4.60 4.57 4.54 4.50 4.46 4.43 4.39 4.34 4.30 4.25 4.19 4.12 4.04 3.96 3.87 3.78 3.68 3.58 3.47 3.36 3.25 3.14 3.02 2.90 2.79 2.67 2.56 2.44 2.34 2.24 2.15 2.07 1.99 1.92 1.85 1.80 1.75 1.70 1.67 1.64 1.62 1.61 1.61
5.16 5.07 5.02 4.98 4.97 4.98 4.99 5.02 5.06 5.10 5.15 5.19 5.22 5.25 5.26 5.27 5.27 5.28 5.28 5.28 5.27 5.27 5.26 5.25 5.24 5.23 5.21 5.20 5.18 5.16 5.14 5.12 5.09 5.07 5.04 5.02 4.99 4.96 4.93 4.90 4.87 4.84 4.80 4.77 4.73 4.69 4.65 4.60 4.56 4.50 4.44 4.37 4.29 4.21 4.12 4.02 3.92 3.81 3.70 3.59 3.47 3.35 3.23 3.11 2.98 2.86 2.74 2.62 2.50 2.39 2.29 2.19 2.10 2.01 1.94 1.86 1.80 1.74 1.69 1.65 1.61 1.59 1.57 1.55
5.26 5.18 5.13 5.10 5.09 5.10 5.13 5.16 5.20 5.25 5.30 5.35 5.39 5.42 5.44 5.45 5.47 5.48 5.48 5.49 5.49 5.49 5.48 5.48 5.47 5.46 5.45 5.43 5.42 5.40 5.38 5.36 5.34 5.31 5.29 5.26 5.23 5.20 5.17 5.14 5.11 5.07 5.04 5.00 4.96 4.92 4.87 4.82 4.77 4.70 4.63 4.55 4.46 4.37 4.27 4.16 4.05 3.94 3.82 3.70 3.57 3.45 3.32 3.19 3.06 2.93 2.81 2.68 2.56 2.44 2.33 2.23 2.13 2.04 1.96 1.88 1.81 1.74 1.68 1.63 1.59 1.55 1.53 1.51
5.36 5.29 5.24 5.22 5.22 5.23 5.26 5.30 5.35 5.40 5.46 5.51 5.56 5.60 5.62 5.64 5.66 5.68 5.69 5.70 5.70 5.71 5.71 5.70 5.70 5.69 5.68 5.67 5.66 5.64 5.62 5.60 5.58 5.56 5.53 5.51 5.48 5.45 5.42 5.38 5.35 5.31 5.27 5.23 5.19 5.14 5.09 5.04 4.97 4.90 4.81 4.72 4.63 4.52 4.42 4.30 4.18 4.06 3.93 3.81 3.67 3.54 3.41 3.27 3.14 3.00 2.87 2.74 2.61 2.49 2.38 2.27 2.17 2.07 1.98 1.89 1.82 1.74 1.68 1.62 1.57 1.53 1.49 1.46
5.48 5.41 5.36 5.35 5.35 5.37 5.40 5.45 5.50 5.56 5.62 5.68 5.73 5.78 5.81 5.84 5.86 5.88 5.90 5.91 5.92 5.93 5.93 5.93 5.93 5.93 5.92 5.91 5.90 5.88 5.87 5.85 5.83 5.80 5.78 5.75 5.72 5.69 5.66 5.62 5.59 5.55 5.51 5.46 5.41 5.36 5.31 5.24 5.16 5.08 4.99 4.89 4.78 4.67 4.56 4.43 4.31 4.18 4.04 3.91 3.77 3.63 3.49 3.35 3.21 3.07 2.93 2.80 2.67 2.54 2.42 2.31 2.20 2.10 2.00 1.91 1.83 1.75 1.68 1.61 1.55 1.50 1.46 1.42
5.59 5.53 5.49 5.48 5.48 5.51 5.55 5.60 5.66 5.72 5.79 5.85 5.91 5.96 6.00 6.03 6.06 6.08 6.11 6.12 6.14 6.15 6.16 6.16 6.16 6.16 6.16 6.15 6.14 6.13 6.11 6.09 6.07 6.05 6.02 6.00 5.97 5.93 5.90 5.86 5.82 5.78 5.74 5.69 5.64 5.58 5.51 5.44 5.35 5.26 5.16 5.05 4.93 4.81 4.69 4.56 4.43 4.29 4.15 4.01 3.86 3.72 3.57 3.43 3.28 3.14 3.00 2.86 2.72 2.59 2.47 2.35 2.23 2.13 2.02 1.93 1.84 1.75 1.67 1.60 1.54 1.48 1.43 1.38
5.71 5.65 5.62 5.61 5.62 5.65 5.70 5.75 5.82 5.89 5.96 6.02 6.09 6.14 6.19 6.23 6.26 6.29 6.32 6.34 6.36 6.37 6.38 6.39 6.40 6.40 6.40 6.39 6.38 6.37 6.35 6.34 6.32 6.29 6.27 6.24 6.21 6.17 6.14 6.10 6.06 6.01 5.97 5.92 5.86 5.79 5.71 5.62 5.53 5.43 5.32 5.20 5.08 4.95 4.82 4.68 4.54 4.40 4.25 4.10 3.95 3.80 3.65 3.50 3.35 3.20 3.05 2.91 2.77 2.64 2.51 2.39 2.27 2.15 2.05 1.94 1.85 1.76 1.67 1.60 1.52 1.46 1.40 1.35
5.84 5.78 5.75 5.75 5.76 5.80 5.85 5.91 5.98 6.05 6.13 6.20 6.27 6.33 6.38 6.43 6.46 6.50 6.53 6.56 6.58 6.60 6.61 6.62 6.63 6.63 6.63 6.63 6.62 6.61 6.60 6.58 6.56 6.54 6.51 6.48 6.45 6.41 6.37 6.33 6.29 6.24 6.19 6.13 6.07 5.99 5.90 5.80 5.70 5.59 5.47 5.34 5.21 5.08 4.94 4.79 4.65 4.50 4.34 4.19 4.03 3.88 3.72 3.57 3.41 3.26 3.11 2.96 2.82 2.68 2.55 2.42 2.30 2.18 2.07 1.96 1.86 1.77 1.68 1.59 1.51 1.44 1.38 1.32
5.97 5.92 5.89 5.89 5.91 5.95 6.00 6.07 6.14 6.22 6.30 6.38 6.45 6.52 6.58 6.63 6.67 6.71 6.74 6.77 6.80 6.82 6.84 6.85 6.86 6.87 6.87 6.87 6.86 6.85 6.84 6.82 6.80 6.78 6.75 6.72 6.69 6.65 6.61 6.57 6.52 6.47 6.41 6.34 6.26 6.17 6.08 5.97 5.86 5.74 5.61 5.48 5.34 5.20 5.05 4.90 4.75 4.59 4.43 4.27 4.11 3.95 3.79 3.63 3.47 3.32 3.17 3.01 2.87 2.73 2.59 2.46 2.33 2.21 2.09 1.98 1.87 1.77 1.68 1.59 1.50 1.43 1.36 1.29
6.10 6.05 6.03 6.03 6.06 6.10 6.16 6.23 6.31 6.39 6.48 6.56 6.64 6.71 6.77 6.83 6.88 6.92 6.96 6.99 7.02 7.05 7.07 7.08 7.10 7.10 7.11 7.11 7.10 7.09 7.08 7.06 7.04 7.02 6.99 6.96 6.92 6.88 6.84 6.79 6.75 6.69 6.62 6.54 6.45 6.35 6.25 6.13 6.01 5.88 5.75 5.61 5.46 5.31 5.16 5.00 4.84 4.68 4.52 4.35 4.19 4.02 3.86 3.69 3.53 3.37 3.22 3.06 2.91 2.77 2.63 2.49 2.36 2.24 2.12 2.00 1.89 1.78 1.68 1.59 1.50 1.41 1.34 1.26
6.24 6.19 6.17 6.18 6.21 6.26 6.32 6.39 6.47 6.56 6.65 6.74 6.83 6.90 6.97 7.03 7.08 7.13 7.17 7.21 7.24 7.27 7.29 7.31 7.33 7.34 7.34 7.34 7.34 7.33 7.32 7.30 7.28 7.25 7.22 7.19 7.15 7.11 7.07 7.02 6.96 6.89 6.81 6.73 6.63 6.52 6.41 6.28 6.15 6.02 5.87 5.73 5.58 5.42 5.26 5.10 4.93 4.76 4.59 4.42 4.25 4.08 3.92 3.75 3.58 3.42 3.26 3.11 2.96 2.81 2.67 2.53 2.39 2.26 2.14 2.02 1.90 1.79 1.69 1.59 1.49 1.40 1.32 1.24
6.38 6.33 6.32 6.33 6.36 6.41 6.48 6.56 6.64 6.73 6.83 6.92 7.01 7.09 7.17 7.23 7.29 7.34 7.39 7.43 7.46 7.50 7.52 7.54 7.56 7.57 7.57 7.58 7.57 7.56 7.55 7.53 7.51 7.49 7.46 7.42 7.38 7.34 7.29 7.23 7.17 7.09 7.00 6.90 6.79 6.68 6.55 6.42 6.29 6.14 5.99 5.84 5.68 5.52 5.35 5.18 5.01 4.84 4.66 4.49 4.32 4.14 3.97 3.80 3.63 3.47 3.31 3.15 3.00 2.85 2.70 2.56 2.42 2.29 2.16 2.03 1.91 1.80 1.69 1.59 1.49 1.39 1.30 1.22
6.52 6.48 6.47 6.48 6.51 6.57 6.64 6.72 6.81 6.91 7.01 7.11 7.20 7.29 7.36 7.43 7.49 7.55 7.60 7.64 7.68 7.72 7.75 7.77 7.79 7.80 7.81 7.81 7.81 7.80 7.78 7.77 7.74 7.72 7.69 7.65 7.61 7.56 7.51 7.44 7.36 7.27 7.17 7.06 6.95 6.82 6.69 6.55 6.41 6.26 6.10 5.94 5.78 5.61 5.44 5.26 5.09 4.91 4.73 4.55 4.37 4.20 4.02 3.85 3.68 3.51 3.35 3.19 3.03 2.88 2.73 2.59 2.45 2.31 2.18 2.05 1.93 1.81 1.70 1.59 1.48 1.38 1.29 1.20
6.66 6.62 6.61 6.63 6.67 6.73 6.80 6.89 6.98 7.08 7.19 7.29 7.39 7.48 7.56 7.63 7.70 7.76 7.81 7.86 7.90 7.94 7.97 7.99 8.01 8.03 8.03 8.04 8.04 8.03 8.01 8.00 7.97 7.94 7.91 7.87 7.83 7.77 7.71 7.63 7.54 7.44 7.33 7.22 7.09 6.96 6.82 6.67 6.52 6.36 6.20 6.03 5.86 5.69 5.51 5.33 5.15 4.97 4.79 4.61 4.42 4.24 4.07 3.89 3.72 3.55 3.38 3.22 3.06 2.91 2.76 2.61 2.47 2.33 2.20 2.07 1.94 1.82 1.70 1.59 1.48 1.38 1.28 1.18
