data_output/RCH/Precip_1988_01.asc
ncols        168
nrows        136
xllcorner    455000
yllcorner    2107000
cellsize     500
NODATA_value     -99999
[rows 0 to 37 of 136, columns 0 to 83 of 168]
17.41 16.90 16.39 15.87 15.36 14.84 14.33 13.81 13.30 12.79 12.28 11.77 11.27 10.78 10.30 9.82 9.37 8.94 8.53 8.13 7.76 7.41 7.08 6.76 6.47 6.19 5.92 5.66 5.42 5.19 4.96 4.75 4.55 4.36 4.17 4.00 3.83 3.68 3.53 3.39 3.26 3.13 3.01 2.90 2.79 2.69 2.59 2.50 2.42 2.34 2.26 2.19 2.12 2.05 1.99 1.93 1.87 1.81 1.76 1.71 1.65 1.60 1.55 1.51 1.46 1.41 1.37 1.32 1.27 1.23 1.18 1.14 1.10 1.06 1.03 0.99 0.96 0.93 0.90 0.87 0.84 0.81 0.79 0.76
16.84 16.34 15.85 15.35 14.85 14.35 13.85 13.35 12.84 12.34 11.84 11.35 10.86 10.38 9.91 9.44 9.00 8.57 8.17 7.79 7.42 7.08 6.75 6.45 6.16 5.89 5.63 5.39 5.15 4.93 4.72 4.52 4.33 4.14 3.97 3.81 3.65 3.50 3.36 3.23 3.10 2.99 2.87 2.77 2.67 2.57 2.49 2.40 2.32 2.25 2.17 2.11 2.04 1.98 1.92 1.87 1.81 1.76 1.71 1.66 1.61 1.56 1.51 1.47 1.42 1.38 1.33 1.29 1.24 1.20 1.16 1.12 1.08 1.04 1.00 0.97 0.94 0.91 0.88 0.85 0.83 0.80 0.78 0.75
16.27 15.80 15.32 14.84 14.36 13.87 13.38 12.89 12.40 11.91 11.42 10.94 10.46 9.98 9.52 9.07 8.63 8.22 7.82 7.45 7.09 6.75 6.44 6.14 5.86 5.59 5.34 5.11 4.89 4.68 4.48 4.29 4.10 3.93 3.77 3.61 3.47 3.33 3.19 3.07 2.95 2.84 2.74 2.64 2.55 2.46 2.38 2.30 2.22 2.15 2.09 2.03 1.97 1.91 1.85 1.80 1.75 1.70 1.65 1.61 1.56 1.52 1.47 1.43 1.39 1.34 1.30 1.26 1.21 1.17 1.13 1.09 1.05 1.01 0.98 0.95 0.92 0.89 0.86 0.83 0.81 0.79 0.76 0.74
15.72 15.26 14.80 14.33 13.86 13.39 12.91 12.43 11.95 11.47 11.00 10.53 10.06 9.60 9.14 8.70 8.27 7.86 7.48 7.11 6.76 6.44 6.13 5.83 5.56 5.30 5.06 4.83 4.62 4.42 4.23 4.05 3.88 3.72 3.56 3.42 3.28 3.15 3.03 2.91 2.80 2.70 2.60 2.51 2.43 2.34 2.27 2.20 2.13 2.06 2.00 1.94 1.89 1.84 1.79 1.74 1.69 1.64 1.60 1.56 1.51 1.47 1.43 1.39 1.35 1.31 1.27 1.23 1.18 1.14 1.10 1.06 1.03 0.99 0.96 0.92 0.89 0.87 0.84 0.81 0.79 0.77 0.75 0.73
15.17 14.73 14.29 13.84 13.38 12.92 12.45 11.98 11.52 11.05 10.58 10.12 9.66 9.21 8.77 8.33 7.92 7.52 7.14 6.78 6.44 6.12 5.82 5.53 5.27 5.02 4.78 4.56 4.36 4.17 3.99 3.82 3.66 3.51 3.36 3.23 3.10 2.98 2.86 2.75 2.65 2.56 2.47 2.38 2.30 2.23 2.16 2.09 2.03 1.97 1.92 1.86 1.81 1.76 1.72 1.67 1.63 1.59 1.54 1.50 1.47 1.43 1.39 1.35 1.31 1.27 1.23 1.19 1.15 1.11 1.07 1.04 1.00 0.97 0.93 0.90 0.87 0.84 0.82 0.79 0.77 0.75 0.73 0.72
14.64 14.21 13.78 13.34 12.90 12.45 12.00 11.54 11.08 10.63 10.17 9.72 9.28 8.83 8.40 7.97 7.57 7.18 6.81 6.46 6.13 5.82 5.52 5.24 4.98 4.74 4.51 4.30 4.10 3.92 3.75 3.59 3.44 3.29 3.16 3.03 2.91 2.80 2.69 2.60 2.50 2.41 2.33 2.25 2.18 2.11 2.05 1.99 1.93 1.88 1.83 1.78 1.74 1.69 1.65 1.61 1.57 1.53 1.49 1.45 1.42 1.38 1.35 1.31 1.27 1.24 1.20 1.16 1.12 1.08 1.05 1.01 0.97 0.94 0.91 0.88 0.85 0.82 0.80 0.77 0.75 0.73 0.72 0.70
14.11 13.70 13.28 12.85 12.42 11.99 11.55 11.10 10.66 10.21 9.77 9.33 8.89 8.46 8.04 7.62 7.22 6.85 6.49 6.14 5.82 5.52 5.23 4.96 4.70 4.46 4.24 4.04 3.85 3.67 3.51 3.36 3.22 3.08 2.96 2.84 2.73 2.63 2.53 2.44 2.35 2.27 2.20 2.13 2.06 2.00 1.94 1.89 1.84 1.79 1.74 1.70 1.66 1.62 1.58 1.54 1.51 1.47 1.44 1.40 1.37 1.34 1.30 1.27 1.24 1.20 1.17 1.13 1.09 1.05 1.02 0.98 0.95 0.91 0.88 0.85 0.83 0.80 0.78 0.75 0.73 0.71 0.70 0.68
13.58 13.19 12.78 12.37 11.95 11.53 11.10 10.67 10.24 9.81 9.37 8.94 8.52 8.10 7.68 7.28 6.89 6.52 6.17 5.83 5.52 5.22 4.94 4.68 4.43 4.20 3.98 3.78 3.60 3.43 3.27 3.13 3.00 2.87 2.76 2.65 2.55 2.45 2.36 2.28 2.20 2.13 2.06 2.00 1.94 1.89 1.83 1.79 1.74 1.70 1.66 1.62 1.58 1.55 1.51 1.48 1.45 1.42 1.38 1.35 1.32 1.29 1.26 1.23 1.20 1.17 1.13 1.10 1.06 1.02 0.99 0.95 0.92 0.89 0.86 0.83 0.80 0.78 0.75 0.73 0.71 0.69 0.68 0.66
13.07 12.68 12.29 11.90 11.49 11.08 10.66 10.25 9.82 9.40 8.98 8.56 8.15 7.74 7.33 6.94 6.56 6.19 5.85 5.53 5.22 4.93 4.66 4.40 4.16 3.94 3.73 3.54 3.36 3.19 3.04 2.90 2.78 2.66 2.56 2.46 2.37 2.28 2.20 2.12 2.05 1.99 1.93 1.87 1.82 1.77 1.73 1.68 1.64 1.61 1.57 1.54 1.50 1.47 1.44 1.42 1.39 1.36 1.33 1.30 1.28 1.25 1.22 1.19 1.16 1.13 1.10 1.07 1.03 0.99 0.96 0.93 0.89 0.86 0.83 0.81 0.78 0.76 0.73 0.71 0.69 0.67 0.66 0.64
12.55 12.19 11.81 11.42 11.03 10.63 10.23 9.82 9.42 9.01 8.60 8.19 7.78 7.38 6.99 6.60 6.23 5.88 5.54 5.23 4.93 4.65 4.38 4.13 3.90 3.68 3.48 3.29 3.12 2.96 2.82 2.68 2.56 2.46 2.36 2.27 2.18 2.11 2.03 1.97 1.91 1.85 1.79 1.75 1.70 1.66 1.62 1.58 1.55 1.52 1.49 1.46 1.43 1.40 1.38 1.35 1.33 1.30 1.28 1.26 1.23 1.21 1.18 1.15 1.13 1.10 1.07 1.03 1.00 0.97 0.93 0.90 0.87 0.84 0.81 0.78 0.76 0.73 0.71 0.69 0.67 0.65 0.64 0.62
12.05 11.69 11.33 10.96 10.58 10.19 9.80 9.41 9.01 8.61 8.22 7.82 7.42 7.03 6.65 6.27 5.91 5.57 5.24 4.94 4.65 4.37 4.11 3.87 3.65 3.44 3.24 3.06 2.89 2.74 2.60 2.47 2.35 2.25 2.16 2.08 2.00 1.94 1.87 1.81 1.76 1.71 1.66 1.62 1.58 1.55 1.51 1.48 1.45 1.43 1.40 1.38 1.35 1.33 1.31 1.29 1.27 1.25 1.23 1.21 1.18 1.16 1.14 1.12 1.09 1.06 1.03 1.00 0.97 0.94 0.90 0.87 0.84 0.81 0.79 0.76 0.73 0.71 0.69 0.67 0.65 0.63 0.62 0.60
11.54 11.21 10.86 10.50 10.13 9.76 9.38 9.00 8.62 8.23 7.84 7.46 7.07 6.69 6.32 5.95 5.60 5.26 4.95 4.65 4.37 4.10 3.85 3.62 3.40 3.19 3.00 2.83 2.67 2.52 2.38 2.26 2.15 2.05 1.97 1.89 1.83 1.77 1.71 1.66 1.61 1.57 1.53 1.50 1.46 1.43 1.41 1.38 1.36 1.34 1.32 1.30 1.28 1.26 1.24 1.23 1.21 1.19 1.18 1.16 1.14 1.12 1.10 1.08 1.05 1.03 1.00 0.97 0.94 0.91 0.88 0.84 0.82 0.79 0.76 0.74 0.71 0.69 0.67 0.65 0.63 0.61 0.60 0.58
11.05 10.72 10.39 10.04 9.69 9.33 8.97 8.60 8.22 7.85 7.47 7.10 6.72 6.35 5.99 5.63 5.29 4.96 4.66 4.37 4.09 3.84 3.59 3.37 3.15 2.96 2.78 2.61 2.45 2.31 2.18 2.06 1.96 1.86 1.78 1.71 1.65 1.60 1.55 1.51 1.47 1.43 1.40 1.37 1.35 1.32 1.30 1.28 1.26 1.25 1.23 1.22 1.20 1.19 1.18 1.16 1.15 1.14 1.12 1.11 1.09 1.08 1.06 1.04 1.02 0.99 0.97 0.94 0.91 0.88 0.85 0.82 0.79 0.76 0.74 0.71 0.69 0.67 0.65 0.63 0.61 0.59 0.58 0.56
10.56 10.25 9.93 9.60 9.26 8.91 8.56 8.20 7.84 7.47 7.11 6.75 6.38 6.02 5.67 5.32 4.99 4.67 4.37 4.09 3.83 3.58 3.34 3.12 2.92 2.73 2.55 2.39 2.24 2.10 1.98 1.87 1.77 1.68 1.60 1.53 1.48 1.43 1.39 1.35 1.32 1.29 1.27 1.25 1.23 1.21 1.20 1.18 1.17 1.16 1.15 1.14 1.13 1.12 1.11 1.10 1.09 1.08 1.07 1.06 1.05 1.04 1.02 1.00 0.98 0.96 0.94 0.91 0.88 0.85 0.82 0.79 0.76 0.74 0.71 0.69 0.66 0.64 0.62 0.60 0.59 0.57 0.56 0.54
10.07 9.78 9.47 9.15 8.83 8.49 8.15 7.81 7.46 7.11 6.75 6.40 6.05 5.70 5.35 5.01 4.69 4.38 4.10 3.82 3.56 3.32 3.10 2.88 2.69 2.50 2.33 2.18 2.03 1.90 1.79 1.68 1.58 1.50 1.43 1.36 1.31 1.27 1.23 1.20 1.18 1.16 1.14 1.13 1.11 1.10 1.09 1.09 1.08 1.07 1.07 1.06 1.06 1.05 1.05 1.04 1.04 1.03 1.02 1.01 1.00 0.99 0.98 0.96 0.95 0.93 0.90 0.88 0.85 0.82 0.79 0.76 0.74 0.71 0.69 0.66 0.64 0.62 0.60 0.58 0.57 0.55 0.54 0.52
9.59 9.31 9.02 8.71 8.40 8.08 7.75 7.42 7.08 6.74 6.40 6.06 5.72 5.38 5.04 4.71 4.40 4.10 3.82 3.56 3.31 3.08 2.86 2.65 2.46 2.29 2.12 1.97 1.84 1.71 1.60 1.50 1.41 1.33 1.26 1.20 1.15 1.11 1.08 1.05 1.04 1.02 1.01 1.01 1.00 0.99 0.99 0.99 0.99 0.99 0.99 0.99 0.99 0.98 0.98 0.98 0.98 0.98 0.97 0.97 0.96 0.95 0.94 0.93 0.91 0.89 0.87 0.85 0.82 0.79 0.76 0.74 0.71 0.69 0.66 0.64 0.62 0.60 0.58 0.56 0.55 0.53 0.52 0.50
9.12 8.85 8.57 8.28 7.98 7.67 7.36 7.04 6.71 6.38 6.05 5.72 5.39 5.06 4.74 4.42 4.12 3.83 3.56 3.30 3.06 2.83 2.62 2.43 2.24 2.07 1.92 1.77 1.64 1.52 1.42 1.32 1.23 1.16 1.09 1.04 0.99 0.96 0.93 0.91 0.90 0.89 0.89 0.89 0.89 0.89 0.89 0.89 0.90 0.90 0.90 0.91 0.91 0.92 0.92 0.92 0.93 0.93 0.93 0.92 0.92 0.91 0.90 0.89 0.88 0.86 0.84 0.82 0.79 0.77 0.74 0.71 0.69 0.66 0.64 0.62 0.60 0.58 0.56 0.54 0.52 0.51 0.50 0.48
8.65 8.40 8.13 7.86 7.57 7.27 6.97 6.66 6.35 6.03 5.71 5.39 5.07 4.76 4.44 4.13 3.84 3.56 3.30 3.05 2.82 2.60 2.40 2.21 2.03 1.87 1.72 1.58 1.46 1.34 1.24 1.15 1.07 1.00 0.94 0.89 0.85 0.81 0.79 0.77 0.76 0.76 0.76 0.77 0.77 0.78 0.79 0.80 0.81 0.82 0.83 0.83 0.84 0.85 0.86 0.87 0.87 0.87 0.88 0.88 0.88 0.87 0.87 0.86 0.85 0.83 0.81 0.79 0.77 0.74 0.71 0.69 0.66 0.64 0.62 0.59 0.57 0.56 0.54 0.52 0.50 0.49 0.48 0.46
8.19 7.95 7.70 7.43 7.16 6.88 6.59 6.29 5.99 5.69 5.38 5.07 4.76 4.45 4.15 3.85 3.56 3.29 3.04 2.80 2.58 2.37 2.17 1.99 1.82 1.67 1.52 1.39 1.28 1.17 1.07 0.99 0.91 0.84 0.79 0.74 0.70 0.67 0.65 0.64 0.63 0.63 0.64 0.65 0.66 0.68 0.69 0.70 0.72 0.73 0.75 0.76 0.77 0.79 0.80 0.81 0.82 0.82 0.83 0.83 0.83 0.83 0.83 0.82 0.81 0.80 0.78 0.76 0.74 0.71 0.69 0.66 0.64 0.62 0.59 0.57 0.55 0.53 0.52 0.50 0.48 0.47 0.46 0.45
7.73 7.50 7.27 7.02 6.76 6.49 6.21 5.93 5.64 5.35 5.05 4.75 4.45 4.16 3.86 3.57 3.30 3.04 2.79 2.56 2.35 2.14 1.96 1.78 1.62 1.47 1.34 1.21 1.10 1.00 0.91 0.83 0.76 0.70 0.64 0.60 0.57 0.54 0.52 0.51 0.51 0.51 0.52 0.53 0.55 0.57 0.59 0.61 0.63 0.65 0.67 0.69 0.71 0.72 0.74 0.75 0.76 0.78 0.78 0.79 0.79 0.80 0.79 0.79 0.78 0.77 0.75 0.73 0.71 0.69 0.66 0.64 0.61 0.59 0.57 0.55 0.53 0.51 0.50 0.48 0.46 0.45 0.44 0.43
7.28 7.07 6.84 6.61 6.36 6.10 5.84 5.57 5.29 5.01 4.73 4.44 4.15 3.86 3.58 3.30 3.03 2.78 2.55 2.33 2.12 1.93 1.75 1.58 1.43 1.29 1.16 1.04 0.93 0.84 0.75 0.68 0.61 0.55 0.51 0.47 0.44 0.42 0.40 0.39 0.39 0.40 0.41 0.42 0.44 0.47 0.49 0.52 0.54 0.57 0.59 0.62 0.64 0.66 0.68 0.70 0.71 0.73 0.74 0.75 0.75 0.76 0.76 0.76 0.75 0.74 0.73 0.71 0.69 0.66 0.64 0.61 0.59 0.57 0.55 0.53 0.51 0.49 0.48 0.46 0.45 0.43 0.42 0.41
6.83 6.63 6.42 6.20 5.97 5.73 5.47 5.21 4.95 4.68 4.41 4.13 3.86 3.58 3.30 3.04 2.78 2.54 2.31 2.10 1.90 1.71 1.54 1.38 1.24 1.10 0.98 0.87 0.77 0.68 0.60 0.53 0.47 0.42 0.38 0.34 0.31 0.30 0.28 0.28 0.28 0.29 0.30 0.32 0.34 0.37 0.40 0.43 0.46 0.49 0.52 0.55 0.57 0.60 0.62 0.64 0.66 0.68 0.69 0.71 0.72 0.72 0.72 0.72 0.72 0.71 0.70 0.68 0.66 0.64 0.61 0.59 0.57 0.55 0.53 0.51 0.49 0.47 0.46 0.44 0.43 0.41 0.40 0.39
6.39 6.21 6.01 5.80 5.58 5.35 5.11 4.87 4.61 4.36 4.09 3.83 3.56 3.30 3.03 2.78 2.53 2.30 2.08 1.88 1.69 1.51 1.34 1.19 1.05 0.93 0.81 0.71 0.61 0.53 0.45 0.39 0.33 0.29 0.25 0.22 0.20 0.18 0.17 0.17 0.17 0.18 0.20 0.22 0.24 0.27 0.30 0.34 0.38 0.41 0.44 0.48 0.51 0.54 0.56 0.59 0.61 0.63 0.65 0.67 0.68 0.69 0.69 0.69 0.69 0.68 0.67 0.66 0.64 0.61 0.59 0.57 0.55 0.53 0.51 0.49 0.47 0.45 0.44 0.42 0.41 0.39 0.38 0.37
5.95 5.78 5.60 5.41 5.20 4.98 4.76 4.52 4.28 4.04 3.79 3.53 3.28 3.02 2.77 2.52 2.28 2.06 1.85 1.66 1.48 1.31 1.15 1.01 0.88 0.76 0.65 0.55 0.46 0.38 0.32 0.26 0.21 0.16 0.13 0.11 0.09 0.07 0.07 0.07 0.07 0.09 0.10 0.12 0.15 0.18 0.21 0.25 0.29 0.33 0.37 0.41 0.44 0.48 0.51 0.54 0.56 0.59 0.61 0.63 0.64 0.65 0.66 0.66 0.66 0.66 0.65 0.63 0.61 0.59 0.57 0.55 0.53 0.51 0.49 0.47 0.45 0.43 0.42 0.40 0.39 0.38 0.36 0.35
5.52 5.37 5.20 5.02 4.83 4.62 4.41 4.19 3.96 3.72 3.49 3.24 3.00 2.76 2.51 2.27 2.05 1.83 1.63 1.45 1.27 1.11 0.97 0.83 0.71 0.59 0.49 0.40 0.32 0.24 0.18 0.13 0.08 0.05 0.02 0.00 0.00 0.00 0.00 0.00 0.00 0.00 0.01 0.04 0.06 0.09 0.13 0.17 0.21 0.26 0.30 0.34 0.38 0.42 0.45 0.49 0.52 0.54 0.57 0.59 0.60 0.62 0.63 0.63 0.63 0.63 0.62 0.61 0.59 0.57 0.55 0.53 0.51 0.49 0.47 0.45 0.43 0.42 0.40 0.39 0.37 0.36 0.35 0.34
5.09 4.96 4.80 4.64 4.46 4.27 4.06 3.86 3.64 3.42 3.19 2.96 2.73 2.49 2.26 2.03 1.81 1.61 1.42 1.24 1.08 0.93 0.79 0.66 0.54 0.43 0.34 0.25 0.18 0.11 0.06 0.01 0.00 0.00 0.00 0.00 0.00 0.00 0.00 0.00 0.00 0.00 0.00 0.00 0.00 0.02 0.05 0.09 0.14 0.18 0.23 0.28 0.32 0.36 0.40 0.44 0.47 0.50 0.53 0.55 0.57 0.59 0.60 0.60 0.61 0.60 0.60 0.59 0.57 0.55 0.53 0.51 0.49 0.47 0.45 0.43 0.42 0.40 0.38 0.37 0.36 0.34 0.33 0.32
4.67 4.55 4.41 4.26 4.09 3.91 3.73 3.53 3.33 3.12 2.90 2.68 2.46 2.24 2.01 1.79 1.59 1.39 1.21 1.04 0.89 0.74 0.61 0.49 0.38 0.28 0.19 0.11 0.05 0.00 0.00 0.00 0.00 0.00 0.00 0.00 0.00 0.00 0.00 0.00 0.00 0.00 0.00 0.00 0.00 0.00 0.00 0.02 0.07 0.11 0.16 0.21 0.26 0.31 0.35 0.39 0.43 0.46 0.49 0.51 0.54 0.55 0.57 0.58 0.58 0.58 0.58 0.56 0.55 0.53 0.51 0.49 0.47 0.45 0.43 0.42 0.40 0.38 0.37 0.35 0.34 0.33 0.32 0.30
4.26 4.15 4.02 3.88 3.73 3.57 3.39 3.21 3.02 2.82 2.62 2.41 2.20 1.98 1.77 1.56 1.36 1.18 1.01 0.85 0.70 0.56 0.44 0.33 0.23 0.13 0.05 0.00 0.00 0.00 0.00 0.00 0.00 0.00 0.00 0.00 0.00 0.00 0.00 0.00 0.00 0.00 0.00 0.00 0.00 0.00 0.00 0.00 0.00 0.05 0.10 0.15 0.20 0.25 0.30 0.34 0.38 0.42 0.45 0.48 0.50 0.53 0.54 0.55 0.56 0.56 0.55 0.54 0.53 0.51 0.49 0.47 0.45 0.43 0.42 0.40 0.38 0.37 0.35 0.34 0.33 0.31 0.30 0.29
3.85 3.75 3.64 3.52 3.38 3.23 3.07 2.89 2.71 2.53 2.34 2.14 1.94 1.74 1.54 1.34 1.15 0.97 0.81 0.66 0.52 0.39 0.28 0.17 0.08 0.00 0.00 0.00 0.00 0.00 0.00 0.00 0.00 0.00 0.00 0.00 0.00 0.00 0.00 0.00 0.00 0.00 0.00 0.00 0.00 0.00 0.00 0.00 0.00 0.00 0.04 0.09 0.15 0.20 0.25 0.30 0.34 0.38 0.42 0.45 0.47 0.50 0.51 0.53 0.53 0.54 0.53 0.52 0.51 0.49 0.47 0.45 0.44 0.42 0.40 0.38 0.37 0.35 0.34 0.32 0.31 0.30 0.29 0.28
3.44 3.36 3.27 3.16 3.03 2.89 2.74 2.58 2.42 2.24 2.06 1.88 1.69 1.50 1.31 1.12 0.94 0.77 0.62 0.48 0.35 0.23 0.12 0.02 0.00 0.00 0.00 0.00 0.00 0.00 0.00 0.00 0.00 0.00 0.00 0.00 0.00 0.00 0.00 0.00 0.00 0.00 0.00 0.00 0.00 0.00 0.00 0.00 0.00 0.00 0.00 0.04 0.09 0.15 0.20 0.25 0.30 0.34 0.38 0.42 0.44 0.47 0.49 0.50 0.51 0.52 0.51 0.51 0.49 0.47 0.46 0.44 0.42 0.40 0.39 0.37 0.35 0.34 0.33 0.31 0.30 0.29 0.27 0.26
3.05 2.98 2.90 2.80 2.69 2.56 2.43 2.28 2.13 1.96 1.79 1.62 1.44 1.26 1.08 0.90 0.73 0.58 0.43 0.30 0.18 0.07 0.00 0.00 0.00 0.00 0.00 0.00 0.00 0.00 0.00 0.00 0.00 0.00 0.00 0.00 0.00 0.00 0.00 0.00 0.00 0.00 0.00 0.00 0.00 0.00 0.00 0.00 0.00 0.00 0.00 0.00 0.05 0.10 0.16 0.21 0.26 0.31 0.35 0.38 0.42 0.44 0.47 0.48 0.49 0.50 0.50 0.49 0.48 0.46 0.44 0.42 0.41 0.39 0.37 0.36 0.34 0.33 0.31 0.30 0.29 0.27 0.26 0.25
2.66 2.60 2.53 2.45 2.35 2.24 2.12 1.98 1.84 1.69 1.53 1.37 1.20 1.03 0.86 0.69 0.53 0.39 0.25 0.13 0.02 0.00 0.00 0.00 0.00 0.00 0.00 0.00 0.00 0.00 0.00 0.00 0.00 0.00 0.00 0.00 0.00 0.00 0.00 0.00 0.00 0.00 0.00 0.00 0.00 0.00 0.00 0.00 0.00 0.00 0.00 0.00 0.01 0.06 0.12 0.17 0.22 0.27 0.32 0.36 0.39 0.42 0.44 0.46 0.47 0.48 0.48 0.47 0.46 0.44 0.43 0.41 0.39 0.38 0.36 0.35 0.33 0.32 0.30 0.29 0.27 0.26 0.25 0.24
2.28 2.23 2.17 2.10 2.02 1.92 1.81 1.69 1.56 1.42 1.27 1.12 0.97 0.81 0.65 0.49 0.34 0.20 0.08 0.00 0.00 0.00 0.00 0.00 0.00 0.00 0.00 0.00 0.00 0.00 0.00 0.00 0.00 0.00 0.00 0.00 0.00 0.00 0.00 0.00 0.00 0.00 0.00 0.00 0.00 0.00 0.00 0.00 0.00 0.00 0.00 0.00 0.00 0.02 0.08 0.13 0.19 0.24 0.29 0.33 0.37 0.40 0.42 0.44 0.46 0.46 0.47 0.46 0.45 0.43 0.41 0.40 0.38 0.37 0.35 0.33 0.32 0.31 0.29 0.28 0.26 0.25 0.24 0.23
1.90 1.87 1.82 1.76 1.69 1.61 1.51 1.40 1.28 1.16 1.02 0.88 0.74 0.59 0.44 0.29 0.15 0.03 0.00 0.00 0.00 0.00 0.00 0.00 0.00 0.00 0.00 0.00 0.00 0.00 0.00 0.00 0.00 0.00 0.00 0.00 0.00 0.00 0.00 0.00 0.00 0.00 0.00 0.00 0.00 0.00 0.00 0.00 0.00 0.00 0.00 0.00 0.00 0.00 0.05 0.10 0.16 0.21 0.26 0.30 0.34 0.38 0.40 0.43 0.44 0.45 0.45 0.45 0.44 0.42 0.40 0.39 0.37 0.36 0.34 0.33 0.31 0.30 0.28 0.27 0.26 0.24 0.23 0.22
1.54 1.52 1.48 1.43 1.37 1.30 1.21 1.12 1.01 0.90 0.78 0.65 0.52 0.38 0.24 0.10 0.00 0.00 0.00 0.00 0.00 0.00 0.00 0.00 0.00 0.00 0.00 0.00 0.00 0.00 0.00 0.00 0.00 0.00 0.00 0.00 0.00 0.00 0.00 0.00 0.00 0.00 0.00 0.00 0.00 0.00 0.00 0.00 0.00 0.00 0.00 0.00 0.00 0.00 0.02 0.08 0.13 0.18 0.23 0.28 0.32 0.36 0.39 0.41 0.43 0.44 0.44 0.44 0.42 0.41 0.39 0.38 0.36 0.35 0.33 0.32 0.30 0.29 0.27 0.26 0.25 0.23 0.22 0.21
1.18 1.17 1.14 1.11 1.06 1.00 0.92 0.84 0.75 0.65 0.54 0.42 0.30 0.17 0.04 0.00 0.00 0.00 0.00 0.00 0.00 0.00 0.00 0.00 0.00 0.00 0.00 0.00 0.00 0.00 0.00 0.00 0.00 0.00 0.00 0.00 0.00 0.00 0.00 0.00 0.00 0.00 0.00 0.00 0.00 0.00 0.00 0.00 0.00 0.00 0.00 0.00 0.00 0.00 0.01 0.06 0.11 0.16 0.21 0.26 0.30 0.34 0.37 0.40 0.41 0.42 0.43 0.43 0.42 0.40 0.39 0.37 0.36 0.34 0.33 0.31 0.30 0.28 0.27 0.25 0.24 0.23 0.22 0.20
0.84 0.83 0.82 0.79 0.75 0.70 0.64 0.57 0.49 0.40 0.30 0.20 0.09 0.00 0.00 0.00 0.00 0.00 0.00 0.00 0.00 0.00 0.00 0.00 0.00 0.00 0.00 0.00 0.00 0.00 0.00 0.00 0.00 0.00 0.00 0.00 0.00 0.00 0.00 0.00 0.00 0.00 0.00 0.00 0.00 0.00 0.00 0.00 0.00 0.00 0.00 0.00 0.00 0.00 0.00 0.04 0.10 0.15 0.19 0.24 0.28 0.32 0.36 0.38 0.40 0.41 0.42 0.42 0.41 0.39 0.38 0.36 0.35 0.33 0.32 0.31 0.29 0.28 0.26 0.25 0.24 0.22 0.21 0.20
0.50 0.50 0.50 0.48 0.45 0.41 0.36 0.30 0.24 0.16 0.07 0.00 0.00 0.00 0.00 0.00 0.00 0.00 0.00 0.00 0.00 0.00 0.00 0.00 0.00 0.00 0.00 0.00 0.00 0.00 0.00 0.00 0.00 0.00 0.00 0.00 0.00 0.00 0.00 0.00 0.00 0.00 0.00 0.00 0.00 0.00 0.00 0.00 0.00 0.00 0.00 0.00 0.00 0.00 0.00 0.04 0.09 0.14 0.18 0.23 0.27 0.31 0.34 0.37 0.39 0.41 0.41 0.41 0.40 0.39 0.37 0.36 0.34 0.33 0.32 0.30 0.29 0.27 0.26 0.25 0.23 0.22 0.21 0.20
