data_output/RCH/Precip_1992_01.asc
ncols        168
nrows        136
xllcorner    455000
yllcorner    2107000
cellsize     500
NODATA_value     -99999
[rows 68 to 101 of 136, columns 77 to 153 of 168]
20.15 20.10 20.10 20.16 20.29 20.47 20.72 21.03 21.42 21.87 22.44 23.17 24.06 25.13 26.36 27.76 29.33 31.06 32.96 35.03 37.27 39.68 42.23 44.72 47.00 49.08 50.95 52.62 54.10 55.39 56.49 57.42 58.17 58.75 59.16 59.44 59.67 59.88 60.08 60.28 60.47 60.64 60.81 60.98 61.13 61.28 61.42 61.56 61.69 61.81 61.93 62.04 62.15 62.25 62.35 62.44 62.54 62.62 62.71 62.79 62.87 62.95 63.02 63.09 63.17 63.24 63.31 63.38 63.45 63.52 63.59 63.66 63.73 63.81 63.88 63.96 64.04
21.71 21.64 21.62 21.66 21.77 21.93 22.16 22.45 22.80 23.23 23.72 24.34 25.11 26.05 27.17 28.45 29.90 31.53 33.32 35.28 37.41 39.71 42.16 44.55 46.73 48.70 50.47 52.04 53.42 54.61 55.62 56.44 57.10 57.58 57.92 58.21 58.49 58.75 59.01 59.25 59.49 59.72 59.94 60.15 60.35 60.55 60.74 60.92 61.10 61.27 61.43 61.59 61.74 61.89 62.03 62.17 62.30 62.43 62.56 62.69 62.81 62.92 63.04 63.15 63.26 63.37 63.48 63.59 63.70 63.80 63.91 64.02 64.13 64.24 64.35 64.46 64.57
23.23 23.13 23.09 23.11 23.19 23.33 23.54 23.80 24.13 24.53 25.00 25.54 26.19 27.01 28.00 29.16 30.49 32.00 33.67 35.52 37.54 39.73 42.07 44.35 46.42 48.29 49.95 51.42 52.70 53.78 54.68 55.41 55.96 56.37 56.71 57.05 57.37 57.69 57.99 58.29 58.57 58.85 59.11 59.37 59.62 59.86 60.10 60.33 60.55 60.76 60.97 61.17 61.36 61.55 61.74 61.92 62.09 62.26 62.43 62.59 62.75 62.91 63.06 63.21 63.36 63.50 63.65 63.79 63.93 64.08 64.22 64.36 64.50 64.64 64.78 64.93 65.07
24.68 24.57 24.51 24.51 24.56 24.68 24.86 25.10 25.40 25.77 26.21 26.71 27.29 27.99 28.85 29.89 31.10 32.48 34.03 35.76 37.66 39.73 41.96 44.13 46.09 47.85 49.40 50.76 51.92 52.90 53.69 54.31 54.78 55.18 55.58 55.96 56.33 56.69 57.05 57.39 57.72 58.04 58.35 58.65 58.94 59.23 59.51 59.78 60.04 60.29 60.54 60.78 61.02 61.25 61.47 61.69 61.90 62.11 62.31 62.51 62.71 62.90 63.09 63.27 63.45 63.63 63.81 63.99 64.16 64.34 64.51 64.68 64.85 65.03 65.20 65.37 65.54
26.08 25.95 25.86 25.84 25.87 25.96 26.11 26.33 26.60 26.94 27.35 27.83 28.37 28.99 29.72 30.63 31.71 32.96 34.39 35.99 37.77 39.72 41.83 43.88 45.73 47.37 48.80 50.05 51.10 51.96 52.64 53.17 53.64 54.09 54.53 54.96 55.37 55.78 56.17 56.56 56.93 57.29 57.65 57.99 58.32 58.65 58.97 59.28 59.58 59.87 60.16 60.44 60.71 60.98 61.24 61.49 61.74 61.98 62.22 62.45 62.68 62.91 63.13 63.34 63.56 63.77 63.98 64.19 64.39 64.59 64.79 65.00 65.20 65.39 65.59 65.79 65.99
27.41 27.25 27.15 27.10 27.11 27.17 27.29 27.48 27.73 28.04 28.42 28.86 29.37 29.95 30.61 31.38 32.33 33.45 34.74 36.22 37.87 39.70 41.68 43.61 45.33 46.85 48.17 49.29 50.22 50.96 51.55 52.08 52.59 53.08 53.56 54.04 54.49 54.94 55.38 55.80 56.22 56.62 57.01 57.39 57.77 58.13 58.49 58.83 59.17 59.50 59.82 60.14 60.44 60.74 61.04 61.33 61.61 61.88 62.15 62.42 62.68 62.93 63.18 63.43 63.67 63.91 64.15 64.39 64.62 64.85 65.08 65.30 65.53 65.75 65.98 66.20 66.42
28.68 28.49 28.36 28.28 28.26 28.30 28.40 28.55 28.77 29.05 29.40 29.81 30.29 30.83 31.45 32.14 32.95 33.94 35.10 36.44 37.96 39.65 41.51 43.31 44.91 46.30 47.49 48.49 49.29 49.94 50.52 51.08 51.63 52.17 52.69 53.21 53.70 54.19 54.66 55.13 55.58 56.02 56.45 56.87 57.28 57.68 58.07 58.45 58.82 59.18 59.54 59.89 60.23 60.56 60.88 61.20 61.51 61.82 62.12 62.41 62.70 62.98 63.26 63.54 63.81 64.07 64.34 64.60 64.85 65.11 65.36 65.61 65.86 66.10 66.35 66.60 66.84
29.86 29.65 29.49 29.39 29.34 29.35 29.42 29.54 29.73 29.98 30.29 30.67 31.11 31.62 32.20 32.85 33.58 34.43 35.45 36.65 38.03 39.59 41.31 42.98 44.45 45.71 46.77 47.64 48.34 48.97 49.59 50.20 50.78 51.36 51.92 52.47 53.01 53.53 54.04 54.54 55.03 55.50 55.97 56.42 56.86 57.30 57.72 58.13 58.53 58.93 59.31 59.69 60.06 60.42 60.78 61.12 61.46 61.79 62.12 62.44 62.76 63.07 63.37 63.67 63.96 64.25 64.54 64.82 65.10 65.38 65.65 65.92 66.19 66.46 66.72 66.99 67.25
30.96 30.72 30.54 30.41 30.33 30.31 30.35 30.44 30.60 30.81 31.09 31.43 31.84 32.31 32.86 33.47 34.15 34.91 35.80 36.85 38.09 39.51 41.10 42.63 43.96 45.08 46.00 46.76 47.45 48.12 48.78 49.42 50.04 50.66 51.25 51.84 52.41 52.97 53.51 54.04 54.56 55.07 55.57 56.05 56.52 56.99 57.44 57.88 58.32 58.74 59.15 59.56 59.95 60.34 60.72 61.09 61.46 61.82 62.17 62.51 62.85 63.18 63.51 63.83 64.15 64.46 64.76 65.07 65.37 65.66 65.95 66.24 66.53 66.81 67.10 67.38 67.65
31.96 31.70 31.49 31.33 31.22 31.17 31.18 31.24 31.36 31.54 31.79 32.09 32.46 32.90 33.41 33.98 34.62 35.34 36.13 37.05 38.14 39.41 40.85 42.24 43.43 44.41 45.22 45.96 46.69 47.39 48.08 48.76 49.42 50.06 50.69 51.31 51.91 52.50 53.08 53.64 54.19 54.73 55.25 55.77 56.27 56.76 57.24 57.71 58.17 58.62 59.06 59.49 59.91 60.32 60.72 61.12 61.51 61.89 62.26 62.63 62.99 63.34 63.68 64.03 64.36 64.69 65.02 65.34 65.65 65.96 66.27 66.58 66.88 67.18 67.48 67.77 68.06
32.88 32.59 32.34 32.16 32.02 31.93 31.91 31.94 32.02 32.17 32.38 32.65 32.98 33.38 33.84 34.38 34.98 35.65 36.40 37.22 38.17 39.29 40.58 41.83 42.87 43.73 44.52 45.29 46.05 46.79 47.51 48.22 48.91 49.59 50.25 50.89 51.53 52.14 52.75 53.34 53.92 54.48 55.03 55.57 56.10 56.62 57.12 57.62 58.10 58.57 59.04 59.49 59.93 60.37 60.79 61.21 61.61 62.01 62.41 62.79 63.17 63.54 63.90 64.26 64.61 64.96 65.30 65.64 65.97 66.29 66.61 66.93 67.25 67.56 67.87 68.17 68.48
33.69 33.37 33.10 32.87 32.71 32.59 32.53 32.52 32.57 32.68 32.85 33.09 33.38 33.74 34.17 34.66 35.22 35.85 36.55 37.32 38.17 39.15 40.29 41.38 42.30 43.14 43.96 44.76 45.55 46.32 47.07 47.81 48.53 49.23 49.92 50.59 51.25 51.90 52.53 53.14 53.75 54.34 54.91 55.48 56.03 56.57 57.09 57.61 58.12 58.61 59.09 59.57 60.03 60.48 60.92 61.36 61.78 62.20 62.61 63.01 63.40 63.79 64.17 64.54 64.91 65.27 65.62 65.97 66.31 66.65 66.98 67.31 67.64 67.96 68.28 68.59 68.90
34.39 34.04 33.74 33.48 33.28 33.13 33.03 32.99 33.01 33.08 33.21 33.41 33.66 33.98 34.36 34.81 35.33 35.91 36.57 37.30 38.10 38.98 39.97 40.93 41.82 42.69 43.54 44.37 45.18 45.98 46.76 47.52 48.27 49.00 49.71 50.41 51.10 51.77 52.42 53.06 53.69 54.30 54.90 55.48 56.05 56.61 57.16 57.69 58.22 58.73 59.23 59.72 60.20 60.67 61.13 61.58 62.02 62.45 62.88 63.29 63.70 64.10 64.49 64.87 65.25 65.62 65.98 66.34 66.70 67.04 67.39 67.72 68.06 68.38 68.71 69.03 69.35
34.97 34.59 34.26 33.97 33.73 33.55 33.42 33.34 33.32 33.35 33.45 33.60 33.82 34.09 34.43 34.84 35.31 35.85 36.47 37.15 37.90 38.73 39.63 40.57 41.48 42.38 43.25 44.11 44.95 45.77 46.58 47.37 48.14 48.89 49.63 50.35 51.06 51.75 52.42 53.08 53.73 54.36 54.98 55.58 56.17 56.75 57.31 57.87 58.41 58.93 59.45 59.96 60.45 60.94 61.41 61.87 62.33 62.77 63.21 63.63 64.05 64.46 64.86 65.25 65.64 66.02 66.39 66.76 67.12 67.47 67.82 68.16 68.50 68.83 69.16 69.49 69.81
35.40 34.99 34.62 34.31 34.05 33.83 33.67 33.56 33.50 33.51 33.56 33.68 33.86 34.10 34.40 34.77 35.21 35.71 36.28 36.92 37.63 38.42 39.32 40.26 41.20 42.12 43.03 43.91 44.77 45.62 46.45 47.26 48.05 48.83 49.59 50.33 51.06 51.77 52.47 53.15 53.81 54.46 55.10 55.72 56.33 56.92 57.50 58.07 58.63 59.17 59.70 60.22 60.73 61.23 61.71 62.19 62.65 63.11 63.55 63.99 64.42 64.84 65.25 65.65 66.04 66.43 66.81 67.18 67.55 67.91 68.26 68.61 68.95 69.29 69.62 69.95 70.28
35.64 35.22 34.83 34.50 34.21 33.97 33.78 33.65 33.57 33.54 33.58 33.67 33.81 34.02 34.30 34.63 35.03 35.50 36.04 36.64 37.32 38.12 39.02 39.98 40.93 41.88 42.81 43.71 44.60 45.47 46.33 47.16 47.98 48.78 49.56 50.32 51.07 51.80 52.52 53.21 53.90 54.57 55.22 55.86 56.49 57.10 57.69 58.28 58.85 59.41 59.95 60.48 61.01 61.52 62.01 62.50 62.98 63.45 63.90 64.35 64.79 65.21 65.63 66.04 66.44 66.84 67.23 67.60 67.98 68.34 68.70 69.05 69.40 69.74 70.08 70.41 70.73
35.72 35.28 34.89 34.54 34.23 33.98 33.78 33.62 33.52 33.48 33.49 33.56 33.69 33.87 34.12 34.43 34.81 35.25 35.76 36.34 37.04 37.85 38.76 39.72 40.68 41.64 42.59 43.53 44.44 45.34 46.21 47.07 47.91 48.73 49.53 50.32 51.08 51.83 52.57 53.29 53.99 54.68 55.35 56.01 56.65 57.27 57.89 58.49 59.07 59.64 60.20 60.75 61.29 61.81 62.32 62.82 63.31 63.78 64.25 64.71 65.15 65.59 66.02 66.43 66.84 67.25 67.64 68.02 68.40 68.77 69.13 69.49 69.84 70.18 70.52 70.86 71.18
35.65 35.20 34.80 34.44 34.13 33.86 33.65 33.49 33.38 33.32 33.32 33.37 33.48 33.65 33.88 34.18 34.53 34.96 35.45 36.06 36.78 37.61 38.54 39.50 40.47 41.43 42.40 43.35 44.29 45.21 46.11 46.99 47.85 48.69 49.51 50.32 51.11 51.88 52.63 53.37 54.09 54.80 55.49 56.16 56.82 57.46 58.09 58.70 59.30 59.89 60.46 61.02 61.57 62.11 62.63 63.14 63.64 64.12 64.60 65.07 65.52 65.97 66.40 66.83 67.25 67.65 68.05 68.44 68.83 69.20 69.57 69.93 70.28 70.63 70.97 71.31 71.64
35.42 34.97 34.57 34.21 33.90 33.63 33.42 33.25 33.13 33.07 33.06 33.11 33.21 33.37 33.60 33.88 34.22 34.64 35.17 35.81 36.56 37.41 38.35 39.32 40.29 41.26 42.23 43.20 44.16 45.10 46.02 46.92 47.80 48.67 49.51 50.34 51.15 51.94 52.71 53.47 54.21 54.93 55.63 56.32 57.00 57.66 58.30 58.93 59.54 60.15 60.73 61.30 61.86 62.41 62.95 63.47 63.98 64.47 64.96 65.44 65.90 66.35 66.80 67.23 67.65 68.07 68.47 68.87 69.26 69.64 70.01 70.37 70.73 71.08 71.42 71.76 72.09
35.05 34.61 34.22 33.87 33.56 33.30 33.08 32.92 32.81 32.75 32.74 32.78 32.89 33.05 33.27 33.55 33.90 34.35 34.93 35.61 36.39 37.26 38.20 39.17 40.15 41.12 42.10 43.07 44.05 45.01 45.95 46.88 47.78 48.66 49.53 50.38 51.20 52.01 52.81 53.58 54.34 55.08 55.80 56.50 57.20 57.87 58.53 59.17 59.80 60.41 61.01 61.60 62.17 62.73 63.28 63.81 64.33 64.84 65.33 65.82 66.29 66.75 67.20 67.64 68.07 68.49 68.90 69.30 69.70 70.08 70.46 70.82 71.18 71.53 71.88 72.22 72.55
34.55 34.13 33.75 33.41 33.11 32.86 32.66 32.51 32.40 32.35 32.35 32.40 32.51 32.68 32.90 33.20 33.59 34.11 34.73 35.45 36.26 37.15 38.10 39.07 40.05 41.03 42.01 42.99 43.97 44.94 45.91 46.85 47.78 48.68 49.57 50.43 51.28 52.11 52.92 53.71 54.49 55.24 55.98 56.70 57.41 58.10 58.77 59.43 60.07 60.70 61.31 61.91 62.50 63.07 63.62 64.17 64.70 65.21 65.72 66.21 66.69 67.16 67.62 68.07 68.50 68.93 69.34 69.75 70.15 70.54 70.91 71.29 71.65 72.00 72.35 72.69 73.02
33.92 33.52 33.16 32.85 32.57 32.34 32.16 32.02 31.93 31.90 31.91 31.98 32.10 32.28 32.52 32.87 33.34 33.91 34.58 35.34 36.18 37.08 38.04 39.02 40.01 40.99 41.97 42.95 43.93 44.91 45.89 46.85 47.80 48.73 49.63 50.52 51.38 52.23 53.06 53.87 54.66 55.43 56.19 56.93 57.65 58.35 59.04 59.71 60.37 61.01 61.64 62.25 62.84 63.42 63.99 64.54 65.08 65.61 66.12 66.62 67.11 67.59 68.05 68.51 68.95 69.38 69.80 70.21 70.62 71.01 71.39 71.76 72.13 72.48 72.83 73.17 73.50
33.18 32.81 32.48 32.19 31.94 31.74 31.58 31.47 31.41 31.39 31.43 31.52 31.66 31.87 32.18 32.60 33.14 33.77 34.49 35.28 36.15 37.07 38.04 39.02 40.01 41.00 41.98 42.97 43.95 44.93 45.91 46.89 47.85 48.80 49.72 50.63 51.51 52.38 53.23 54.05 54.86 55.65 56.42 57.18 57.91 58.63 59.34 60.02 60.69 61.34 61.98 62.60 63.21 63.80 64.38 64.94 65.49 66.03 66.55 67.06 67.55 68.04 68.51 68.97 69.42 69.86 70.28 70.70 71.10 71.50 71.88 72.26 72.63 72.98 73.33 73.67 74.01
32.34 32.00 31.71 31.45 31.24 31.07 30.94 30.86 30.83 30.84 30.91 31.02 31.20 31.49 31.88 32.39 32.99 33.68 34.45 35.28 36.17 37.11 38.09 39.08 40.07 41.06 42.04 43.03 44.02 45.00 45.99 46.97 47.94 48.91 49.85 50.77 51.68 52.56 53.43 54.27 55.09 55.90 56.69 57.46 58.21 58.94 59.66 60.36 61.04 61.71 62.35 62.99 63.61 64.21 64.80 65.37 65.93 66.47 67.00 67.52 68.02 68.51 68.99 69.46 69.91 70.35 70.78 71.20 71.61 72.01 72.40 72.78 73.15 73.50 73.85 74.20 74.53
31.39 31.10 30.85 30.64 30.46 30.33 30.25 30.20 30.21 30.26 30.36 30.52 30.79 31.17 31.65 32.24 32.91 33.65 34.47 35.34 36.26 37.21 38.20 39.19 40.18 41.17 42.16 43.15 44.14 45.13 46.11 47.10 48.08 49.05 50.01 50.96 51.88 52.78 53.66 54.52 55.36 56.18 56.99 57.77 58.54 59.28 60.01 60.73 61.42 62.10 62.76 63.40 64.03 64.65 65.24 65.83 66.39 66.95 67.48 68.01 68.52 69.02 69.50 69.97 70.43 70.88 71.31 71.74 72.15 72.55 72.94 73.32 73.69 74.05 74.40 74.74 75.08
30.36 30.12 29.92 29.75 29.63 29.54 29.50 29.51 29.56 29.65 29.81 30.06 30.43 30.91 31.49 32.15 32.89 33.69 34.55 35.46 36.40 37.38 38.37 39.36 40.36 41.35 42.34 43.34 44.33 45.32 46.30 47.29 48.27 49.24 50.22 51.18 52.12 53.03 53.93 54.81 55.67 56.51 57.32 58.12 58.90 59.66 60.41 61.13 61.84 62.53 63.20 63.86 64.50 65.12 65.73 66.32 66.89 67.45 68.00 68.53 69.05 69.55 70.04 70.52 70.99 71.44 71.88 72.30 72.72 73.12 73.51 73.90 74.27 74.63 74.98 75.32 75.65
29.25 29.07 28.92 28.81 28.74 28.71 28.72 28.78 28.88 29.04 29.30 29.67 30.15 30.73 31.39 32.12 32.93 33.79 34.70 35.64 36.62 37.60 38.60 39.60 40.59 41.59 42.59 43.58 44.57 45.56 46.55 47.54 48.52 49.50 50.47 51.44 52.40 53.33 54.25 55.14 56.02 56.87 57.70 58.52 59.31 60.08 60.84 61.58 62.30 63.00 63.68 64.35 65.00 65.63 66.25 66.85 67.43 68.00 68.55 69.09 69.62 70.13 70.62 71.10 71.57 72.03 72.47 72.90 73.32 73.73 74.12 74.50 74.88 75.24 75.59 75.93 76.26
28.06 27.95 27.86 27.82 27.81 27.84 27.92 28.03 28.20 28.47 28.86 29.35 29.94 30.61 31.36 32.17 33.04 33.96 34.92 35.90 36.90 37.90 38.90 39.90 40.90 41.90 42.90 43.89 44.89 45.88 46.87 47.85 48.84 49.82 50.79 51.76 52.73 53.68 54.61 55.52 56.41 57.28 58.13 58.95 59.76 60.55 61.32 62.07 62.80 63.51 64.21 64.88 65.54 66.18 66.81 67.42 68.01 68.59 69.15 69.69 70.22 70.74 71.24 71.73 72.20 72.66 73.11 73.54 73.96 74.37 74.76 75.15 75.52 75.88 76.23 76.57 76.90
26.82 26.77 26.76 26.78 26.85 26.95 27.09 27.28 27.57 27.98 28.49 29.10 29.80 30.57 31.40 32.29 33.23 34.21 35.21 36.22 37.25 38.27 39.28 40.28 41.28 42.28 43.28 44.27 45.27 46.26 47.25 48.24 49.22 50.20 51.18 52.15 53.12 54.08 55.02 55.95 56.85 57.74 58.60 59.44 60.26 61.06 61.84 62.60 63.35 64.07 64.78 65.46 66.13 66.78 67.42 68.03 68.63 69.22 69.79 70.34 70.87 71.40 71.90 72.39 72.87 73.33 73.78 74.22 74.64 75.05 75.45 75.83 76.21 76.57 76.92 77.26 77.59
25.52 25.55 25.62 25.72 25.86 26.03 26.26 26.58 27.02 27.57 28.21 28.93 29.73 30.60 31.52 32.49 33.50 34.53 35.57 36.63 37.67 38.71 39.72 40.73 41.73 42.73 43.73 44.73 45.72 46.72 47.71 48.70 49.68 50.66 51.64 52.61 53.57 54.54 55.49 56.43 57.35 58.25 59.12 59.98 60.81 61.62 62.42 63.19 63.95 64.68 65.40 66.09 66.77 67.43 68.07 68.70 69.31 69.90 70.47 71.03 71.57 72.10 72.61 73.11 73.59 74.05 74.51 74.94 75.37 75.78 76.18 76.56 76.94 77.30 77.65 77.98 78.31
24.17 24.29 24.44 24.63 24.85 25.12 25.49 25.97 26.56 27.24 28.00 28.85 29.75 30.72 31.73 32.77 33.84 34.93 36.02 37.11 38.18 39.23 40.25 41.25 42.26 43.26 44.26 45.26 46.25 47.25 48.24 49.23 50.21 51.19 52.17 53.14 54.11 55.07 56.02 56.97 57.90 58.81 59.70 60.57 61.42 62.24 63.05 63.83 64.60 65.34 66.07 66.78 67.46 68.13 68.78 69.42 70.03 70.63 71.21 71.77 72.32 72.85 73.37 73.87 74.35 74.82 75.28 75.72 76.14 76.56 76.96 77.34 77.71 78.08 78.42 78.75 79.07
22.79 23.00 23.25 23.52 23.85 24.27 24.80 25.44 26.17 26.99 27.89 28.84 29.86 30.92 32.01 33.13 34.27 35.41 36.55 37.67 38.77 39.83 40.86 41.86 42.87 43.87 44.87 45.87 46.86 47.86 48.85 49.84 50.82 51.80 52.78 53.75 54.72 55.68 56.63 57.58 58.51 59.44 60.34 61.22 62.08 62.92 63.74 64.53 65.31 66.07 66.80 67.52 68.21 68.89 69.55 70.19 70.81 71.42 72.00 72.57 73.13 73.66 74.18 74.68 75.17 75.64 76.10 76.54 76.97 77.39 77.79 78.17 78.54 78.90 79.24 79.56 79.87
21.38 21.69 22.04 22.43 22.91 23.50 24.21 25.00 25.88 26.84 27.86 28.93 30.05 31.20 32.38 33.58 34.78 35.98 37.16 38.32 39.44 40.52 41.55 42.55 43.56 44.56 45.56 46.56 47.56 48.55 49.54 50.53 51.52 52.50 53.47 54.44 55.41 56.36 57.32 58.26 59.20 60.13 61.05 61.94 62.81 63.66 64.49 65.30 66.08 66.85 67.59 68.32 69.02 69.71 70.38 71.02 71.65 72.26 72.86 73.43 73.99 74.53 75.05 75.56 76.05 76.52 76.98 77.43 77.86 78.27 78.67 79.06 79.43 79.77 80.10 80.40 80.70
19.96 20.37 20.84 21.39 22.06 22.83 23.70 24.65 25.68 26.77 27.92 29.11 30.33 31.58 32.85 34.12 35.39 36.64 37.86 39.06 40.20 41.30 42.33 43.34 44.34 45.34 46.34 47.34 48.34 49.33 50.32 51.31 52.29 53.27 54.25 55.22 56.18 57.14 58.09 59.03 59.97 60.90 61.82 62.72 63.61 64.47 65.31 66.13 66.92 67.70 68.45 69.19 69.90 70.59 71.27 71.92 72.56 73.17 73.77 74.35 74.91 75.46 75.98 76.49 76.99 77.46 77.93 78.37 78.80 79.22 79.61 80.00 80.35 80.69 80.99 81.29 81.57
