data_output/RCH/Precip_2010_02.asc
ncols        168
nrows        136
xllcorner    455000
yllcorner    2107000
cellsize     500
NODATA_value     -99999
[rows 0 to 32 of 136, columns 75 to 149 of 168]
68.97 69.12 69.27 69.44 69.61 69.79 69.98 70.18 70.39 70.59 70.81 71.03 71.25 71.47 71.69 71.91 72.14 72.36 72.58 72.80 73.01 73.22 73.42 73.63 73.85 74.08 74.32 74.56 74.81 75.06 75.32 75.58 75.84 76.10 76.35 76.61 76.85 77.10 77.32 77.48 77.57 77.59 77.54 77.43 77.25 77.00 76.68 76.29 75.85 75.33 74.75 74.11 73.40 72.63 71.80 70.91 69.96 68.94 67.87 66.75 65.65 64.57 63.51 62.47 61.45 60.45 59.47 58.51 57.57 56.66 55.76 54.88 54.03 53.19 52.37
68.33 68.47 68.63 68.79 68.97 69.15 69.34 69.54 69.75 69.96 70.17 70.39 70.61 70.84 71.06 71.29 71.52 71.74 71.96 72.18 72.40 72.61 72.82 73.02 73.23 73.45 73.68 73.91 74.15 74.40 74.65 74.91 75.16 75.42 75.68 75.93 76.18 76.41 76.59 76.69 76.73 76.71 76.62 76.46 76.24 75.95 75.60 75.19 74.72 74.18 73.58 72.93 72.21 71.43 70.59 69.70 68.75 67.74 66.67 65.57 64.48 63.42 62.38 61.36 60.37 59.40 58.45 57.53 56.64 55.76 54.91 54.09 53.28 52.50 51.75
67.70 67.84 67.99 68.16 68.33 68.51 68.71 68.91 69.11 69.32 69.54 69.76 69.99 70.21 70.44 70.67 70.90 71.13 71.36 71.58 71.80 72.02 72.23 72.44 72.64 72.85 73.06 73.29 73.52 73.76 74.00 74.25 74.51 74.76 75.02 75.27 75.51 75.69 75.81 75.86 75.85 75.78 75.64 75.44 75.18 74.87 74.49 74.05 73.55 72.99 72.38 71.71 70.98 70.19 69.35 68.46 67.51 66.50 65.44 64.35 63.28 62.24 61.22 60.23 59.26 58.33 57.42 56.54 55.68 54.85 54.05 53.28 52.53 51.81 51.11
67.06 67.20 67.36 67.52 67.70 67.88 68.07 68.28 68.48 68.70 68.92 69.14 69.37 69.60 69.83 70.06 70.29 70.53 70.76 70.99 71.21 71.43 71.65 71.86 72.07 72.27 72.47 72.69 72.91 73.14 73.38 73.62 73.87 74.12 74.37 74.61 74.79 74.92 74.98 74.98 74.92 74.80 74.62 74.39 74.09 73.74 73.33 72.87 72.35 71.77 71.14 70.46 69.72 68.93 68.08 67.19 66.24 65.24 64.20 63.12 62.06 61.04 60.04 59.08 58.15 57.24 56.37 55.53 54.72 53.93 53.18 52.46 51.77 51.11 50.48
66.43 66.57 66.73 66.89 67.07 67.25 67.45 67.65 67.86 68.08 68.30 68.52 68.75 68.99 69.22 69.46 69.69 69.93 70.17 70.40 70.63 70.86 71.08 71.30 71.51 71.71 71.91 72.11 72.33 72.55 72.78 73.01 73.25 73.50 73.73 73.91 74.04 74.10 74.11 74.06 73.96 73.79 73.57 73.30 72.97 72.59 72.15 71.66 71.12 70.52 69.88 69.18 68.44 67.64 66.79 65.90 64.96 63.97 62.93 61.87 60.83 59.83 58.86 57.92 57.02 56.15 55.32 54.51 53.75 53.01 52.31 51.64 51.01 50.41 49.84
65.80 65.95 66.10 66.27 66.44 66.63 66.83 67.03 67.24 67.46 67.69 67.91 68.15 68.38 68.62 68.86 69.10 69.34 69.58 69.82 70.06 70.29 70.52 70.74 70.96 71.17 71.37 71.57 71.77 71.98 72.20 72.43 72.66 72.88 73.06 73.18 73.25 73.25 73.21 73.11 72.96 72.75 72.49 72.18 71.82 71.41 70.94 70.43 69.87 69.26 68.60 67.89 67.14 66.34 65.49 64.60 63.66 62.68 61.66 60.61 59.59 58.61 57.67 56.76 55.89 55.05 54.26 53.50 52.78 52.09 51.44 50.83 50.26 49.72 49.22
65.18 65.32 65.48 65.65 65.83 66.02 66.21 66.42 66.63 66.86 67.08 67.31 67.55 67.79 68.03 68.28 68.52 68.77 69.01 69.26 69.50 69.73 69.97 70.20 70.42 70.64 70.85 71.05 71.25 71.45 71.65 71.87 72.08 72.24 72.36 72.42 72.42 72.38 72.28 72.13 71.93 71.68 71.39 71.04 70.65 70.20 69.71 69.18 68.60 67.97 67.30 66.58 65.82 65.02 64.17 63.28 62.36 61.38 60.37 59.34 58.35 57.39 56.47 55.59 54.76 53.96 53.20 52.49 51.81 51.18 50.58 50.03 49.51 49.04 48.60
64.57 64.71 64.87 65.04 65.22 65.41 65.61 65.82 66.03 66.26 66.49 66.72 66.96 67.21 67.45 67.70 67.95 68.20 68.45 68.70 68.95 69.19 69.43 69.67 69.90 70.12 70.34 70.55 70.75 70.94 71.14 71.33 71.48 71.58 71.62 71.62 71.57 71.47 71.32 71.13 70.89 70.60 70.26 69.88 69.45 68.98 68.47 67.91 67.31 66.67 65.99 65.26 64.50 63.69 62.85 61.97 61.05 60.09 59.09 58.08 57.10 56.17 55.28 54.43 53.63 52.87 52.16 51.49 50.86 50.27 49.73 49.24 48.78 48.37 48.00
63.96 64.10 64.26 64.43 64.61 64.81 65.01 65.22 65.44 65.67 65.90 66.14 66.38 66.63 66.88 67.13 67.39 67.65 67.90 68.15 68.41 68.66 68.90 69.15 69.38 69.62 69.84 70.06 70.27 70.46 70.64 70.77 70.85 70.88 70.87 70.81 70.70 70.55 70.35 70.11 69.82 69.49 69.12 68.71 68.25 67.75 67.22 66.64 66.02 65.37 64.68 63.94 63.18 62.37 61.53 60.65 59.74 58.79 57.81 56.82 55.87 54.96 54.10 53.29 52.52 51.80 51.13 50.50 49.92 49.39 48.90 48.47 48.07 47.73 47.43
63.35 63.50 63.66 63.83 64.02 64.21 64.42 64.63 64.85 65.09 65.32 65.57 65.81 66.07 66.32 66.58 66.84 67.10 67.36 67.62 67.88 68.14 68.39 68.64 68.88 69.12 69.36 69.58 69.80 69.99 70.12 70.19 70.20 70.17 70.09 69.97 69.81 69.61 69.36 69.07 68.75 68.38 67.97 67.53 67.04 66.52 65.96 65.36 64.73 64.06 63.36 62.62 61.85 61.05 60.21 59.34 58.44 57.51 56.55 55.57 54.64 53.76 52.93 52.15 51.42 50.74 50.11 49.54 49.01 48.53 48.10 47.72 47.39 47.11 46.89
62.76 62.91 63.07 63.24 63.43 63.63 63.84 64.05 64.28 64.51 64.75 65.00 65.25 65.51 65.77 66.04 66.30 66.57 66.84 67.10 67.37 67.63 67.89 68.15 68.40 68.65 68.89 69.12 69.33 69.48 69.56 69.58 69.54 69.44 69.31 69.13 68.91 68.66 68.37 68.03 67.67 67.26 66.82 66.34 65.83 65.29 64.70 64.09 63.44 62.77 62.05 61.31 60.54 59.74 58.91 58.04 57.15 56.24 55.29 54.34 53.44 52.58 51.79 51.04 50.35 49.71 49.13 48.60 48.12 47.69 47.32 47.01 46.74 46.53 46.38
62.17 62.32 62.48 62.66 62.85 63.05 63.26 63.48 63.71 63.95 64.20 64.45 64.71 64.97 65.24 65.50 65.78 66.05 66.32 66.59 66.87 67.14 67.40 67.67 67.93 68.18 68.43 68.66 68.83 68.93 68.97 68.94 68.85 68.71 68.51 68.28 68.01 67.71 67.37 66.99 66.59 66.14 65.67 65.16 64.62 64.06 63.45 62.82 62.16 61.48 60.76 60.01 59.24 58.44 57.61 56.76 55.89 54.98 54.06 53.13 52.25 51.43 50.66 49.95 49.30 48.71 48.17 47.69 47.26 46.89 46.58 46.33 46.13 45.99 45.90
61.59 61.74 61.91 62.09 62.28 62.49 62.70 62.93 63.16 63.40 63.65 63.91 64.17 64.44 64.71 64.98 65.26 65.54 65.82 66.10 66.38 66.66 66.93 67.20 67.47 67.73 67.97 68.16 68.28 68.34 68.34 68.27 68.14 67.96 67.71 67.43 67.11 66.75 66.37 65.95 65.51 65.03 64.53 63.99 63.43 62.84 62.22 61.57 60.90 60.20 59.48 58.73 57.96 57.16 56.34 55.50 54.64 53.76 52.85 51.95 51.10 50.30 49.57 48.90 48.29 47.74 47.24 46.81 46.44 46.13 45.88 45.69 45.56 45.49 45.48
61.02 61.18 61.35 61.53 61.72 61.93 62.15 62.38 62.62 62.86 63.12 63.38 63.65 63.92 64.20 64.48 64.76 65.05 65.33 65.62 65.91 66.19 66.48 66.76 67.03 67.29 67.49 67.63 67.70 67.72 67.67 67.57 67.41 67.18 66.91 66.58 66.21 65.81 65.38 64.92 64.44 63.93 63.39 62.83 62.24 61.63 61.00 60.34 59.65 58.95 58.22 57.47 56.70 55.91 55.10 54.27 53.42 52.56 51.68 50.80 49.97 49.21 48.52 47.88 47.31 46.81 46.36 45.98 45.67 45.41 45.22 45.10 45.03 45.03 45.10
60.46 60.62 60.79 60.98 61.18 61.39 61.61 61.84 62.09 62.34 62.60 62.86 63.14 63.42 63.70 63.99 64.28 64.57 64.86 65.16 65.45 65.74 66.03 66.32 66.59 66.81 66.96 67.06 67.09 67.06 66.98 66.84 66.64 66.39 66.09 65.73 65.32 64.87 64.40 63.91 63.39 62.85 62.28 61.69 61.08 60.45 59.80 59.12 58.43 57.72 56.99 56.24 55.47 54.69 53.89 53.07 52.24 51.40 50.54 49.68 48.89 48.16 47.50 46.91 46.38 45.92 45.52 45.20 44.94 44.74 44.62 44.56 44.56 44.63 44.77
59.91 60.07 60.25 60.44 60.64 60.86 61.08 61.32 61.57 61.82 62.09 62.36 62.64 62.93 63.22 63.51 63.81 64.11 64.41 64.71 65.01 65.31 65.61 65.89 66.12 66.29 66.40 66.45 66.45 66.38 66.26 66.09 65.86 65.58 65.25 64.87 64.44 63.96 63.45 62.91 62.36 61.78 61.19 60.58 59.94 59.29 58.63 57.94 57.24 56.52 55.79 55.04 54.28 53.50 52.71 51.91 51.10 50.27 49.44 48.61 47.85 47.16 46.53 45.98 45.49 45.08 44.74 44.46 44.26 44.13 44.06 44.07 44.15 44.29 44.51
59.37 59.54 59.71 59.91 60.12 60.34 60.57 60.81 61.06 61.32 61.60 61.87 62.16 62.45 62.75 63.05 63.35 63.66 63.97 64.28 64.58 64.89 65.19 65.43 65.61 65.74 65.81 65.82 65.77 65.68 65.53 65.32 65.07 64.76 64.41 64.00 63.55 63.05 62.51 61.94 61.35 60.75 60.13 59.49 58.84 58.17 57.49 56.79 56.08 55.36 54.63 53.88 53.12 52.36 51.58 50.79 50.00 49.20 48.39 47.59 46.86 46.20 45.61 45.10 44.66 44.30 44.01 43.79 43.64 43.57 43.57 43.65 43.80 44.02 44.31
58.84 59.01 59.19 59.39 59.60 59.83 60.07 60.31 60.57 60.84 61.12 61.40 61.69 61.99 62.29 62.60 62.91 63.22 63.54 63.86 64.18 64.48 64.73 64.93 65.07 65.15 65.18 65.16 65.08 64.95 64.77 64.54 64.26 63.93 63.55 63.13 62.66 62.15 61.59 61.00 60.38 59.74 59.10 58.44 57.76 57.08 56.39 55.68 54.96 54.24 53.51 52.76 52.01 51.26 50.49 49.73 48.95 48.17 47.39 46.62 45.92 45.30 44.75 44.28 43.89 43.58 43.34 43.18 43.09 43.08 43.15 43.29 43.52 43.81 44.19
58.33 58.50 58.69 58.89 59.11 59.34 59.58 59.83 60.09 60.37 60.65 60.94 61.24 61.54 61.85 62.17 62.49 62.81 63.13 63.46 63.77 64.04 64.24 64.40 64.49 64.54 64.53 64.47 64.36 64.20 63.99 63.74 63.43 63.08 62.69 62.25 61.77 61.25 60.68 60.08 59.44 58.78 58.11 57.42 56.73 56.03 55.33 54.61 53.89 53.17 52.43 51.70 50.96 50.21 49.46 48.71 47.96 47.20 46.44 45.71 45.04 44.46 43.95 43.53 43.19 42.92 42.74 42.63 42.61 42.66 42.80 43.01 43.31 43.68 44.14
57.82 58.00 58.19 58.40 58.62 58.86 59.10 59.36 59.63 59.91 60.20 60.50 60.80 61.11 61.43 61.75 62.08 62.41 62.74 63.06 63.34 63.56 63.72 63.83 63.89 63.90 63.86 63.77 63.63 63.44 63.21 62.93 62.60 62.24 61.83 61.38 60.89 60.35 59.78 59.18 58.53 57.85 57.16 56.46 55.75 55.04 54.32 53.60 52.87 52.15 51.42 50.69 49.95 49.22 48.49 47.75 47.02 46.29 45.57 44.86 44.23 43.69 43.22 42.84 42.55 42.33 42.21 42.16 42.20 42.32 42.52 42.81 43.18 43.63 44.17
57.33 57.52 57.71 57.92 58.15 58.39 58.64 58.91 59.18 59.47 59.77 60.07 60.38 60.70 61.03 61.36 61.69 62.03 62.36 62.64 62.87 63.04 63.17 63.24 63.26 63.24 63.17 63.05 62.88 62.67 62.41 62.11 61.77 61.39 60.97 60.51 60.01 59.47 58.90 58.29 57.64 56.97 56.26 55.54 54.82 54.09 53.36 52.64 51.91 51.18 50.46 49.73 49.01 48.29 47.58 46.86 46.15 45.45 44.75 44.08 43.49 42.98 42.56 42.23 41.99 41.83 41.75 41.77 41.87 42.05 42.33 42.69 43.13 43.67 44.28
56.86 57.05 57.25 57.46 57.70 57.94 58.20 58.47 58.75 59.05 59.35 59.66 59.98 60.31 60.64 60.98 61.32 61.65 61.94 62.18 62.37 62.50 62.59 62.63 62.62 62.56 62.46 62.31 62.12 61.89 61.61 61.30 60.94 60.55 60.11 59.64 59.14 58.60 58.02 57.42 56.78 56.11 55.40 54.68 53.94 53.20 52.47 51.74 51.01 50.28 49.56 48.85 48.13 47.43 46.73 46.04 45.36 44.68 44.01 43.38 42.82 42.36 41.98 41.70 41.50 41.40 41.38 41.46 41.62 41.87 42.22 42.65 43.18 43.79 44.49
56.40 56.59 56.80 57.02 57.26 57.51 57.77 58.05 58.34 58.64 58.95 59.27 59.59 59.93 60.27 60.62 60.95 61.25 61.50 61.69 61.84 61.93 61.98 61.99 61.95 61.86 61.73 61.56 61.35 61.10 60.81 60.48 60.11 59.71 59.27 58.79 58.28 57.74 57.17 56.57 55.93 55.27 54.58 53.86 53.13 52.38 51.64 50.90 50.17 49.45 48.73 48.03 47.33 46.64 45.96 45.29 44.64 43.99 43.36 42.75 42.24 41.82 41.49 41.25 41.11 41.06 41.10 41.24 41.47 41.79 42.20 42.71 43.32 44.01 44.75
55.95 56.15 56.36 56.59 56.83 57.09 57.36 57.65 57.94 58.25 58.57 58.89 59.23 59.57 59.92 60.26 60.56 60.81 61.02 61.17 61.28 61.34 61.36 61.33 61.26 61.15 61.00 60.81 60.58 60.31 60.01 59.66 59.29 58.87 58.43 57.95 57.44 56.91 56.34 55.74 55.12 54.47 53.79 53.09 52.37 51.62 50.88 50.14 49.41 48.69 47.98 47.29 46.60 45.93 45.27 44.63 44.00 43.38 42.78 42.22 41.74 41.36 41.08 40.89 40.80 40.81 40.91 41.11 41.41 41.80 42.29 42.87 43.55 44.28 45.04
55.52 55.72 55.94 56.18 56.43 56.69 56.97 57.26 57.56 57.88 58.20 58.54 58.88 59.23 59.58 59.88 60.14 60.35 60.51 60.63 60.70 60.73 60.72 60.66 60.57 60.44 60.26 60.05 59.81 59.52 59.21 58.86 58.47 58.06 57.61 57.13 56.63 56.09 55.53 54.94 54.33 53.70 53.04 52.35 51.65 50.93 50.19 49.45 48.72 48.01 47.31 46.63 45.96 45.30 44.67 44.05 43.44 42.86 42.29 41.77 41.33 41.00 40.76 40.63 40.59 40.65 40.82 41.08 41.45 41.91 42.47 43.13 43.85 44.59 45.36
55.11 55.32 55.54 55.78 56.04 56.31 56.59 56.89 57.20 57.53 57.86 58.20 58.55 58.90 59.21 59.47 59.68 59.85 59.98 60.06 60.10 60.10 60.06 59.98 59.87 59.71 59.52 59.30 59.04 58.74 58.42 58.06 57.67 57.25 56.81 56.33 55.83 55.30 54.75 54.18 53.58 52.96 52.32 51.66 50.98 50.28 49.57 48.84 48.12 47.41 46.72 46.05 45.40 44.76 44.15 43.56 42.98 42.43 41.90 41.41 41.02 40.73 40.54 40.46 40.48 40.60 40.83 41.16 41.59 42.13 42.76 43.46 44.18 44.93 45.71
54.71 54.93 55.16 55.40 55.67 55.94 56.24 56.54 56.86 57.19 57.53 57.88 58.23 58.54 58.80 59.02 59.20 59.33 59.43 59.48 59.49 59.46 59.40 59.30 59.16 58.99 58.78 58.54 58.27 57.97 57.63 57.27 56.88 56.47 56.02 55.55 55.06 54.55 54.01 53.45 52.87 52.27 51.65 51.01 50.36 49.69 49.01 48.31 47.60 46.90 46.23 45.57 44.93 44.32 43.73 43.16 42.62 42.10 41.61 41.16 40.81 40.57 40.43 40.40 40.48 40.66 40.95 41.35 41.85 42.46 43.12 43.82 44.55 45.31 46.09
54.33 54.55 54.79 55.04 55.31 55.60 55.90 56.21 56.54 56.88 57.23 57.57 57.88 58.15 58.37 58.56 58.70 58.80 58.86 58.88 58.86 58.81 58.72 58.60 58.45 58.26 58.04 57.79 57.51 57.20 56.87 56.50 56.12 55.70 55.27 54.80 54.32 53.82 53.30 52.75 52.19 51.61 51.02 50.41 49.79 49.15 48.50 47.84 47.17 46.49 45.82 45.18 44.56 43.97 43.41 42.87 42.36 41.87 41.42 41.01 40.71 40.51 40.43 40.45 40.59 40.83 41.19 41.65 42.22 42.86 43.53 44.23 44.96 45.72 46.50
53.97 54.20 54.44 54.70 54.98 55.27 55.58 55.90 56.24 56.59 56.93 57.24 57.51 57.73 57.92 58.06 58.17 58.24 58.27 58.27 58.23 58.15 58.05 57.91 57.74 57.54 57.31 57.05 56.77 56.45 56.12 55.76 55.37 54.96 54.54 54.09 53.62 53.13 52.62 52.10 51.56 51.01 50.44 49.86 49.27 48.67 48.05 47.43 46.80 46.16 45.52 44.90 44.30 43.73 43.19 42.68 42.20 41.76 41.34 40.98 40.72 40.57 40.54 40.62 40.82 41.12 41.54 42.07 42.67 43.31 43.98 44.68 45.41 46.17 46.95
53.63 53.86 54.11 54.38 54.67 54.97 55.28 55.61 55.96 56.30 56.61 56.88 57.10 57.29 57.44 57.55 57.63 57.67 57.68 57.65 57.59 57.49 57.37 57.22 57.03 56.82 56.59 56.32 56.04 55.72 55.39 55.03 54.65 54.25 53.84 53.40 52.95 52.48 51.99 51.49 50.98 50.45 49.91 49.37 48.81 48.24 47.67 47.09 46.50 45.91 45.31 44.72 44.14 43.60 43.09 42.61 42.16 41.75 41.38 41.06 40.85 40.75 40.77 40.91 41.17 41.54 42.02 42.57 43.17 43.80 44.47 45.17 45.90 46.65 47.43
53.30 53.55 53.81 54.08 54.37 54.68 55.01 55.35 55.68 55.99 56.26 56.49 56.68 56.83 56.95 57.03 57.07 57.09 57.07 57.02 56.94 56.83 56.69 56.53 56.34 56.12 55.88 55.61 55.32 55.01 54.68 54.33 53.96 53.58 53.17 52.75 52.32 51.87 51.40 50.93 50.44 49.95 49.44 48.93 48.41 47.88 47.35 46.81 46.27 45.73 45.19 44.64 44.10 43.58 43.10 42.65 42.24 41.87 41.54 41.26 41.10 41.06 41.13 41.33 41.64 42.07 42.58 43.13 43.72 44.35 45.01 45.70 46.43 47.18 47.96
53.00 53.25 53.52 53.80 54.10 54.42 54.75 55.09 55.39 55.65 55.88 56.07 56.23 56.35 56.43 56.49 56.51 56.50 56.46 56.39 56.30 56.17 56.02 55.85 55.65 55.43 55.19 54.92 54.63 54.33 54.00 53.66 53.31 52.93 52.54 52.14 51.73 51.30 50.87 50.42 49.96 49.50 49.03 48.55 48.07 47.59 47.10 46.61 46.12 45.63 45.14 44.65 44.16 43.68 43.23 42.82 42.44 42.11 41.82 41.59 41.48 41.49 41.62 41.88 42.25 42.70 43.20 43.74 44.32 44.94 45.59 46.28 47.00 47.75 48.52
52.72 52.98 53.25 53.54 53.85 54.18 54.50 54.80 55.07 55.29 55.48 55.64 55.76 55.85 55.91 55.94 55.94 55.91 55.85 55.77 55.66 55.52 55.36 55.18 54.98 54.76 54.51 54.25 53.97 53.67 53.36 53.03 52.68 52.33 51.96 51.58 51.19 50.79 50.38 49.96 49.54 49.11 48.68 48.24 47.81 47.37 46.92 46.48 46.04 45.61 45.17 44.74 44.32 43.90 43.49 43.11 42.77 42.48 42.24 42.06 41.99 42.06 42.25 42.55 42.95 43.39 43.88 44.41 44.98 45.59 46.23 46.91 47.62 48.36 49.12
