data_output/RCH/Precip_2005_03.asc
ncols        168
nrows        136
xllcorner    455000
yllcorner    2107000
cellsize     500
NODATA_value     -99999
[rows 0 to 35 of 136, columns 81 to 161 of 168]
1.30 1.48 1.67 1.85 2.05 2.25 2.45 2.65 2.86 3.07 3.29 3.50 3.72 3.93 4.15 4.37 4.59 4.80 5.02 5.23 5.44 5.65 5.85 6.05 6.25 6.44 6.63 6.81 6.98 7.15 7.32 7.47 7.62 7.77 7.91 8.05 8.18 8.31 8.45 8.58 8.71 8.84 8.98 9.11 9.20 9.19 9.08 8.88 8.59 8.22 7.78 7.27 6.69 6.06 5.38 4.66 3.91 3.15 2.40 1.65 0.91 0.18 0.00 0.00 0.00 0.00 0.00 0.00 0.00 0.00 0.00 0.00 0.00 0.00 0.00 0.00 0.00 0.00 0.00 0.00 0.00
1.19 1.37 1.55 1.73 1.92 2.11 2.31 2.51 2.71 2.91 3.12 3.33 3.54 3.75 3.97 4.18 4.39 4.60 4.81 5.02 5.23 5.43 5.63 5.83 6.02 6.21 6.39 6.57 6.74 6.91 7.07 7.22 7.37 7.52 7.66 7.80 7.94 8.07 8.21 8.35 8.49 8.63 8.77 8.91 9.01 9.01 8.91 8.72 8.45 8.09 7.67 7.17 6.61 6.00 5.34 4.63 3.89 3.13 2.37 1.62 0.87 0.14 0.00 0.00 0.00 0.00 0.00 0.00 0.00 0.00 0.00 0.00 0.00 0.00 0.00 0.00 0.00 0.00 0.00 0.00 0.00
1.09 1.26 1.44 1.62 1.80 1.98 2.17 2.37 2.56 2.76 2.96 3.17 3.37 3.58 3.79 3.99 4.20 4.41 4.61 4.82 5.02 5.22 5.41 5.60 5.79 5.98 6.16 6.33 6.50 6.67 6.82 6.98 7.12 7.27 7.41 7.56 7.70 7.84 7.98 8.12 8.26 8.41 8.56 8.71 8.82 8.83 8.75 8.57 8.31 7.97 7.55 7.07 6.53 5.94 5.29 4.61 3.89 3.14 2.37 1.61 0.87 0.13 0.00 0.00 0.00 0.00 0.00 0.00 0.00 0.00 0.00 0.00 0.00 0.00 0.00 0.00 0.00 0.00 0.00 0.00 0.00
1.00 1.17 1.34 1.51 1.69 1.87 2.05 2.24 2.43 2.62 2.81 3.01 3.21 3.41 3.61 3.82 4.02 4.22 4.42 4.62 4.81 5.01 5.20 5.39 5.57 5.75 5.93 6.10 6.26 6.42 6.58 6.73 6.88 7.02 7.17 7.31 7.46 7.60 7.75 7.89 8.04 8.20 8.35 8.51 8.63 8.65 8.58 8.41 8.16 7.84 7.44 6.97 6.45 5.87 5.25 4.58 3.88 3.15 2.40 1.64 0.89 0.16 0.00 0.00 0.00 0.00 0.00 0.00 0.00 0.00 0.00 0.00 0.00 0.00 0.00 0.00 0.00 0.00 0.00 0.00 0.00
0.91 1.07 1.24 1.41 1.59 1.76 1.94 2.12 2.30 2.49 2.67 2.87 3.06 3.25 3.45 3.64 3.84 4.04 4.23 4.42 4.61 4.80 4.99 5.17 5.35 5.53 5.70 5.87 6.03 6.18 6.34 6.49 6.64 6.78 6.93 7.07 7.22 7.37 7.52 7.67 7.82 7.98 8.15 8.32 8.45 8.48 8.41 8.26 8.02 7.71 7.33 6.88 6.37 5.81 5.20 4.56 3.88 3.17 2.44 1.69 0.94 0.21 0.00 0.00 0.00 0.00 0.00 0.00 0.00 0.00 0.00 0.00 0.00 0.00 0.00 0.00 0.00 0.00 0.00 0.00 0.00
0.83 0.99 1.16 1.32 1.49 1.66 1.83 2.00 2.18 2.36 2.54 2.73 2.91 3.10 3.29 3.48 3.67 3.86 4.05 4.23 4.42 4.60 4.79 4.96 5.14 5.31 5.47 5.64 5.79 5.95 6.10 6.25 6.39 6.54 6.69 6.83 6.98 7.13 7.29 7.45 7.61 7.77 7.95 8.12 8.26 8.30 8.25 8.11 7.88 7.58 7.21 6.78 6.29 5.75 5.16 4.53 3.87 3.18 2.47 1.75 1.02 0.29 0.00 0.00 0.00 0.00 0.00 0.00 0.00 0.00 0.00 0.00 0.00 0.00 0.00 0.00 0.00 0.00 0.00 0.00 0.00
0.75 0.91 1.08 1.24 1.40 1.57 1.74 1.90 2.07 2.25 2.42 2.60 2.78 2.96 3.14 3.32 3.51 3.69 3.87 4.05 4.23 4.41 4.59 4.76 4.93 5.09 5.25 5.41 5.56 5.71 5.86 6.01 6.16 6.30 6.45 6.60 6.75 6.90 7.06 7.22 7.39 7.56 7.74 7.93 8.07 8.13 8.08 7.95 7.74 7.46 7.10 6.68 6.21 5.68 5.11 4.50 3.86 3.20 2.51 1.81 1.10 0.39 0.00 0.00 0.00 0.00 0.00 0.00 0.00 0.00 0.00 0.00 0.00 0.00 0.00 0.00 0.00 0.00 0.00 0.00 0.00
0.68 0.84 1.00 1.16 1.32 1.49 1.65 1.81 1.98 2.14 2.31 2.48 2.65 2.83 3.00 3.18 3.35 3.53 3.71 3.88 4.05 4.22 4.39 4.56 4.72 4.88 5.04 5.19 5.34 5.49 5.63 5.78 5.92 6.07 6.22 6.37 6.52 6.68 6.84 7.01 7.18 7.36 7.54 7.74 7.89 7.95 7.92 7.80 7.60 7.33 6.99 6.59 6.13 5.62 5.07 4.48 3.86 3.21 2.55 1.87 1.18 0.50 0.00 0.00 0.00 0.00 0.00 0.00 0.00 0.00 0.00 0.00 0.00 0.00 0.00 0.00 0.00 0.00 0.00 0.00 0.00
0.62 0.78 0.93 1.09 1.25 1.41 1.57 1.73 1.89 2.05 2.21 2.37 2.54 2.70 2.87 3.04 3.21 3.38 3.55 3.71 3.88 4.05 4.21 4.37 4.53 4.68 4.83 4.97 5.12 5.26 5.40 5.55 5.69 5.84 5.99 6.14 6.29 6.45 6.62 6.79 6.97 7.15 7.35 7.55 7.71 7.78 7.76 7.65 7.47 7.21 6.88 6.49 6.05 5.56 5.02 4.45 3.85 3.22 2.58 1.93 1.26 0.60 0.00 0.00 0.00 0.00 0.00 0.00 0.00 0.00 0.00 0.00 0.00 0.00 0.00 0.00 0.00 0.00 0.00 0.00 0.00
0.57 0.72 0.87 1.03 1.19 1.34 1.50 1.66 1.81 1.96 2.12 2.27 2.43 2.59 2.75 2.91 3.07 3.23 3.39 3.56 3.72 3.87 4.03 4.18 4.33 4.48 4.62 4.76 4.90 5.04 5.18 5.32 5.47 5.61 5.76 5.91 6.07 6.23 6.40 6.58 6.76 6.95 7.15 7.36 7.53 7.61 7.60 7.50 7.33 7.08 6.77 6.40 5.97 5.50 4.98 4.43 3.85 3.24 2.62 1.98 1.35 0.71 0.08 0.00 0.00 0.00 0.00 0.00 0.00 0.00 0.00 0.00 0.00 0.00 0.00 0.00 0.00 0.00 0.00 0.00 0.00
0.52 0.67 0.82 0.97 1.13 1.28 1.43 1.59 1.74 1.89 2.04 2.19 2.34 2.49 2.64 2.79 2.94 3.10 3.25 3.41 3.56 3.71 3.86 4.00 4.14 4.28 4.42 4.55 4.69 4.83 4.96 5.10 5.24 5.39 5.54 5.69 5.85 6.02 6.19 6.37 6.56 6.75 6.96 7.18 7.36 7.44 7.44 7.36 7.20 6.96 6.66 6.31 5.89 5.44 4.94 4.40 3.84 3.26 2.65 2.04 1.43 0.81 0.21 0.00 0.00 0.00 0.00 0.00 0.00 0.00 0.00 0.00 0.00 0.00 0.00 0.00 0.00 0.00 0.00 0.00 0.00
0.48 0.63 0.78 0.93 1.08 1.23 1.38 1.53 1.67 1.82 1.97 2.11 2.25 2.39 2.54 2.68 2.83 2.98 3.12 3.27 3.41 3.55 3.69 3.83 3.96 4.09 4.22 4.35 4.48 4.62 4.75 4.89 5.03 5.17 5.32 5.47 5.63 5.80 5.98 6.16 6.35 6.56 6.77 6.99 7.18 7.28 7.29 7.22 7.07 6.85 6.56 6.22 5.82 5.38 4.90 4.38 3.84 3.27 2.69 2.10 1.51 0.92 0.34 0.00 0.00 0.00 0.00 0.00 0.00 0.00 0.00 0.00 0.00 0.00 0.00 0.00 0.00 0.00 0.00 0.00 0.00
0.45 0.59 0.74 0.88 1.03 1.18 1.33 1.47 1.62 1.76 1.90 2.04 2.18 2.32 2.45 2.59 2.72 2.86 3.00 3.14 3.27 3.40 3.53 3.66 3.78 3.91 4.03 4.16 4.28 4.41 4.54 4.67 4.81 4.96 5.11 5.26 5.42 5.59 5.77 5.96 6.16 6.37 6.59 6.82 7.01 7.12 7.14 7.08 6.94 6.73 6.46 6.13 5.75 5.32 4.86 4.36 3.84 3.29 2.73 2.17 1.60 1.03 0.47 0.00 0.00 0.00 0.00 0.00 0.00 0.00 0.00 0.00 0.00 0.00 0.00 0.00 0.00 0.00 0.00 0.00 0.00
0.42 0.56 0.71 0.85 0.99 1.14 1.28 1.43 1.57 1.71 1.85 1.98 2.12 2.25 2.38 2.50 2.63 2.76 2.89 3.02 3.14 3.26 3.38 3.50 3.61 3.73 3.85 3.97 4.09 4.21 4.34 4.47 4.61 4.75 4.90 5.05 5.22 5.39 5.57 5.76 5.97 6.18 6.41 6.64 6.85 6.96 6.99 6.94 6.81 6.62 6.36 6.04 5.68 5.27 4.82 4.34 3.84 3.31 2.77 2.23 1.68 1.14 0.61 0.09 0.00 0.00 0.00 0.00 0.00 0.00 0.00 0.00 0.00 0.00 0.00 0.00 0.00 0.00 0.00 0.00 0.00
0.40 0.54 0.68 0.82 0.96 1.11 1.25 1.39 1.53 1.66 1.80 1.93 2.06 2.19 2.31 2.43 2.55 2.67 2.79 2.90 3.02 3.13 3.23 3.34 3.45 3.56 3.67 3.78 3.90 4.02 4.14 4.27 4.40 4.54 4.69 4.85 5.01 5.19 5.37 5.57 5.78 6.00 6.23 6.47 6.68 6.81 6.85 6.81 6.69 6.51 6.26 5.96 5.61 5.22 4.79 4.33 3.84 3.34 2.82 2.29 1.77 1.25 0.74 0.25 0.00 0.00 0.00 0.00 0.00 0.00 0.00 0.00 0.00 0.00 0.00 0.00 0.00 0.00 0.00 0.00 0.00
0.39 0.52 0.66 0.80 0.94 1.08 1.22 1.36 1.49 1.62 1.76 1.89 2.01 2.13 2.25 2.37 2.48 2.59 2.69 2.80 2.90 3.00 3.09 3.19 3.29 3.39 3.50 3.60 3.71 3.83 3.95 4.07 4.21 4.35 4.49 4.65 4.82 4.99 5.18 5.38 5.59 5.82 6.06 6.31 6.53 6.66 6.71 6.68 6.57 6.40 6.17 5.88 5.55 5.17 4.76 4.31 3.85 3.36 2.86 2.36 1.86 1.36 0.88 0.41 0.00 0.00 0.00 0.00 0.00 0.00 0.00 0.00 0.00 0.00 0.00 0.00 0.00 0.00 0.00 0.00 0.00
0.38 0.52 0.65 0.79 0.93 1.06 1.20 1.33 1.46 1.59 1.72 1.85 1.97 2.09 2.21 2.32 2.42 2.52 2.61 2.70 2.79 2.87 2.96 3.05 3.14 3.24 3.33 3.43 3.54 3.65 3.76 3.89 4.02 4.16 4.30 4.46 4.63 4.81 5.00 5.20 5.41 5.64 5.89 6.15 6.37 6.51 6.57 6.55 6.46 6.30 6.08 5.81 5.49 5.13 4.73 4.30 3.85 3.39 2.91 2.43 1.95 1.48 1.02 0.58 0.17 0.00 0.00 0.00 0.00 0.00 0.00 0.00 0.00 0.00 0.00 0.00 0.00 0.00 0.00 0.00 0.00
0.38 0.51 0.65 0.78 0.92 1.05 1.18 1.31 1.44 1.57 1.70 1.82 1.94 2.05 2.16 2.27 2.36 2.45 2.53 2.61 2.69 2.76 2.84 2.92 3.00 3.09 3.17 3.27 3.37 3.47 3.59 3.71 3.83 3.97 4.12 4.27 4.44 4.62 4.81 5.02 5.24 5.48 5.73 5.99 6.22 6.37 6.44 6.43 6.35 6.20 6.00 5.74 5.43 5.09 4.71 4.30 3.87 3.42 2.96 2.50 2.04 1.59 1.16 0.74 0.36 0.00 0.00 0.00 0.00 0.00 0.00 0.00 0.00 0.00 0.00 0.00 0.00 0.00 0.00 0.00 0.00
0.39 0.52 0.65 0.79 0.92 1.05 1.18 1.31 1.43 1.56 1.68 1.80 1.91 2.02 2.13 2.22 2.31 2.39 2.46 2.53 2.59 2.66 2.72 2.79 2.87 2.94 3.02 3.11 3.21 3.31 3.41 3.53 3.66 3.79 3.94 4.09 4.26 4.44 4.64 4.85 5.07 5.31 5.57 5.84 6.08 6.24 6.31 6.31 6.24 6.11 5.91 5.67 5.38 5.05 4.68 4.29 3.88 3.45 3.02 2.58 2.14 1.71 1.30 0.91 0.55 0.22 0.00 0.00 0.00 0.00 0.00 0.00 0.00 0.00 0.00 0.00 0.00 0.00 0.00 0.00 0.00
0.40 0.53 0.66 0.79 0.92 1.05 1.18 1.30 1.43 1.55 1.67 1.78 1.89 2.00 2.09 2.18 2.26 2.33 2.39 2.45 2.51 2.56 2.62 2.68 2.74 2.81 2.88 2.96 3.05 3.15 3.25 3.36 3.49 3.62 3.76 3.92 4.09 4.27 4.47 4.68 4.91 5.15 5.42 5.69 5.94 6.11 6.19 6.20 6.14 6.02 5.84 5.61 5.33 5.02 4.67 4.29 3.90 3.49 3.08 2.66 2.24 1.84 1.45 1.09 0.75 0.45 0.19 0.00 0.00 0.00 0.00 0.00 0.00 0.00 0.00 0.00 0.00 0.00 0.00 0.00 0.00
0.43 0.55 0.68 0.81 0.94 1.06 1.19 1.31 1.43 1.55 1.66 1.77 1.88 1.97 2.06 2.14 2.21 2.27 2.33 2.38 2.43 2.47 2.52 2.57 2.62 2.68 2.75 2.82 2.90 2.99 3.09 3.20 3.32 3.45 3.60 3.75 3.92 4.11 4.31 4.52 4.75 5.00 5.27 5.55 5.81 5.98 6.08 6.10 6.05 5.93 5.77 5.55 5.29 4.99 4.66 4.30 3.92 3.53 3.14 2.74 2.35 1.96 1.60 1.26 0.95 0.67 0.43 0.22 0.03 0.00 0.00 0.00 0.00 0.00 0.00 0.00 0.00 0.00 0.00 0.00 0.00
0.45 0.58 0.71 0.83 0.96 1.08 1.20 1.32 1.44 1.56 1.67 1.77 1.87 1.95 2.03 2.10 2.16 2.21 2.26 2.31 2.35 2.39 2.43 2.47 2.51 2.56 2.62 2.69 2.77 2.85 2.94 3.05 3.17 3.30 3.44 3.60 3.77 3.95 4.15 4.37 4.61 4.86 5.13 5.42 5.68 5.86 5.97 6.00 5.96 5.86 5.70 5.50 5.25 4.96 4.65 4.31 3.95 3.58 3.20 2.83 2.45 2.09 1.75 1.44 1.15 0.90 0.66 0.45 0.26 0.10 0.00 0.00 0.00 0.00 0.00 0.00 0.00 0.00 0.00 0.00 0.00
0.49 0.62 0.74 0.86 0.99 1.11 1.23 1.34 1.46 1.57 1.67 1.77 1.85 1.93 2.00 2.06 2.11 2.16 2.20 2.24 2.28 2.31 2.34 2.38 2.41 2.45 2.51 2.57 2.63 2.71 2.80 2.91 3.02 3.15 3.29 3.44 3.61 3.80 4.00 4.22 4.46 4.72 5.00 5.29 5.56 5.75 5.86 5.90 5.87 5.78 5.64 5.45 5.21 4.95 4.65 4.32 3.98 3.63 3.27 2.92 2.57 2.23 1.91 1.62 1.35 1.11 0.88 0.67 0.49 0.32 0.18 0.06 0.00 0.00 0.00 0.00 0.00 0.00 0.00 0.08 0.17
0.53 0.66 0.78 0.90 1.02 1.14 1.26 1.37 1.48 1.59 1.68 1.77 1.84 1.91 1.97 2.02 2.07 2.11 2.14 2.18 2.21 2.24 2.26 2.29 2.32 2.35 2.40 2.45 2.51 2.59 2.67 2.77 2.88 3.01 3.15 3.30 3.47 3.66 3.86 4.09 4.33 4.59 4.87 5.17 5.45 5.65 5.76 5.81 5.79 5.72 5.58 5.41 5.19 4.93 4.65 4.34 4.02 3.69 3.35 3.01 2.68 2.37 2.07 1.80 1.55 1.31 1.08 0.88 0.70 0.53 0.39 0.27 0.18 0.11 0.06 0.05 0.06 0.10 0.16 0.26 0.36
0.58 0.70 0.83 0.94 1.06 1.18 1.29 1.41 1.51 1.60 1.69 1.76 1.83 1.89 1.94 1.98 2.02 2.05 2.08 2.11 2.14 2.16 2.19 2.21 2.24 2.26 2.30 2.34 2.40 2.47 2.55 2.64 2.75 2.87 3.01 3.16 3.33 3.52 3.73 3.95 4.20 4.47 4.75 5.06 5.34 5.55 5.67 5.73 5.72 5.65 5.54 5.37 5.16 4.92 4.66 4.37 4.06 3.75 3.43 3.11 2.80 2.51 2.24 1.98 1.73 1.50 1.28 1.08 0.90 0.74 0.60 0.48 0.38 0.30 0.25 0.23 0.23 0.26 0.32 0.41 0.51
0.64 0.76 0.88 1.00 1.11 1.23 1.34 1.44 1.54 1.62 1.69 1.76 1.81 1.86 1.91 1.94 1.97 2.00 2.03 2.05 2.07 2.09 2.11 2.13 2.15 2.18 2.21 2.25 2.30 2.36 2.43 2.52 2.63 2.75 2.88 3.04 3.21 3.40 3.60 3.83 4.08 4.35 4.64 4.95 5.24 5.45 5.59 5.65 5.66 5.60 5.49 5.34 5.15 4.92 4.67 4.40 4.11 3.81 3.51 3.22 2.93 2.66 2.39 2.14 1.91 1.68 1.47 1.28 1.10 0.94 0.80 0.67 0.57 0.49 0.44 0.41 0.40 0.42 0.47 0.55 0.65
0.71 0.82 0.94 1.06 1.17 1.28 1.39 1.48 1.56 1.63 1.70 1.75 1.80 1.84 1.88 1.91 1.93 1.95 1.97 1.99 2.00 2.02 2.04 2.06 2.08 2.10 2.13 2.16 2.20 2.26 2.33 2.41 2.52 2.63 2.77 2.92 3.09 3.28 3.49 3.72 3.97 4.24 4.54 4.85 5.15 5.37 5.51 5.59 5.60 5.55 5.46 5.32 5.14 4.93 4.69 4.43 4.16 3.88 3.60 3.33 3.06 2.80 2.55 2.31 2.08 1.86 1.66 1.47 1.29 1.14 0.99 0.87 0.77 0.69 0.63 0.59 0.57 0.58 0.62 0.69 0.78
0.78 0.89 1.01 1.12 1.23 1.34 1.43 1.51 1.59 1.65 1.70 1.75 1.79 1.82 1.84 1.87 1.89 1.90 1.92 1.93 1.94 1.95 1.97 1.98 2.00 2.02 2.05 2.08 2.12 2.17 2.23 2.32 2.41 2.53 2.66 2.81 2.98 3.17 3.38 3.61 3.86 4.14 4.44 4.76 5.06 5.29 5.44 5.52 5.55 5.51 5.43 5.30 5.13 4.94 4.72 4.48 4.22 3.96 3.70 3.44 3.19 2.94 2.71 2.48 2.26 2.05 1.85 1.66 1.49 1.34 1.20 1.07 0.97 0.88 0.82 0.77 0.75 0.75 0.78 0.83 0.91
0.86 0.97 1.08 1.20 1.30 1.39 1.47 1.54 1.61 1.66 1.70 1.74 1.77 1.79 1.81 1.83 1.84 1.85 1.86 1.87 1.88 1.88 1.90 1.91 1.93 1.95 1.97 2.00 2.04 2.09 2.15 2.23 2.32 2.43 2.56 2.71 2.88 3.07 3.28 3.51 3.77 4.05 4.35 4.68 4.99 5.22 5.38 5.47 5.50 5.48 5.41 5.29 5.14 4.96 4.75 4.52 4.29 4.04 3.80 3.56 3.32 3.09 2.87 2.65 2.44 2.23 2.04 1.86 1.70 1.54 1.40 1.28 1.17 1.08 1.01 0.96 0.94 0.93 0.95 0.99 1.05
0.94 1.06 1.17 1.27 1.36 1.44 1.51 1.57 1.62 1.67 1.70 1.73 1.75 1.77 1.78 1.79 1.80 1.80 1.80 1.81 1.81 1.82 1.83 1.84 1.85 1.87 1.90 1.93 1.97 2.02 2.07 2.15 2.23 2.34 2.47 2.62 2.79 2.98 3.19 3.42 3.68 3.97 4.27 4.61 4.92 5.16 5.33 5.43 5.47 5.45 5.39 5.29 5.15 4.98 4.79 4.58 4.36 4.14 3.91 3.69 3.46 3.25 3.03 2.83 2.62 2.43 2.25 2.07 1.91 1.76 1.62 1.50 1.39 1.30 1.22 1.17 1.13 1.12 1.12 1.15 1.21
1.03 1.15 1.25 1.34 1.42 1.49 1.55 1.60 1.64 1.67 1.70 1.72 1.73 1.74 1.75 1.75 1.75 1.75 1.75 1.75 1.75 1.75 1.76 1.77 1.78 1.80 1.83 1.86 1.90 1.95 2.01 2.08 2.16 2.27 2.39 2.54 2.70 2.89 3.11 3.34 3.60 3.89 4.20 4.54 4.86 5.11 5.28 5.39 5.44 5.44 5.39 5.29 5.17 5.01 4.84 4.64 4.44 4.24 4.03 3.82 3.62 3.41 3.21 3.01 2.82 2.64 2.46 2.29 2.14 1.99 1.85 1.73 1.62 1.52 1.45 1.39 1.34 1.32 1.32 1.34 1.38
1.13 1.24 1.33 1.41 1.48 1.53 1.58 1.62 1.65 1.67 1.69 1.70 1.71 1.71 1.71 1.71 1.70 1.70 1.69 1.69 1.69 1.69 1.69 1.70 1.71 1.73 1.76 1.79 1.83 1.88 1.94 2.01 2.10 2.20 2.32 2.47 2.63 2.82 3.03 3.27 3.54 3.83 4.14 4.48 4.81 5.06 5.24 5.36 5.42 5.43 5.39 5.31 5.19 5.05 4.89 4.72 4.53 4.35 4.16 3.97 3.78 3.59 3.40 3.22 3.04 2.86 2.69 2.53 2.38 2.23 2.10 1.98 1.87 1.77 1.69 1.62 1.57 1.54 1.53 1.54 1.57
1.23 1.33 1.40 1.47 1.53 1.57 1.61 1.64 1.66 1.67 1.68 1.69 1.68 1.68 1.67 1.66 1.66 1.65 1.64 1.63 1.62 1.62 1.62 1.63 1.64 1.66 1.69 1.72 1.76 1.82 1.88 1.96 2.04 2.14 2.26 2.40 2.57 2.76 2.97 3.21 3.48 3.77 4.09 4.44 4.77 5.03 5.22 5.34 5.41 5.43 5.40 5.33 5.23 5.10 4.96 4.80 4.64 4.48 4.31 4.14 3.96 3.79 3.61 3.44 3.27 3.11 2.94 2.79 2.64 2.50 2.37 2.24 2.13 2.03 1.95 1.88 1.82 1.79 1.76 1.76 1.78
1.33 1.41 1.47 1.53 1.57 1.61 1.63 1.65 1.66 1.67 1.67 1.67 1.66 1.65 1.63 1.62 1.61 1.59 1.58 1.57 1.56 1.56 1.56 1.56 1.57 1.59 1.62 1.65 1.70 1.75 1.82 1.90 1.99 2.10 2.22 2.36 2.52 2.71 2.92 3.16 3.43 3.73 4.05 4.40 4.74 5.00 5.20 5.33 5.41 5.43 5.42 5.36 5.27 5.16 5.04 4.91 4.77 4.63 4.48 4.32 4.17 4.01 3.85 3.69 3.53 3.37 3.22 3.07 2.92 2.79 2.66 2.54 2.42 2.32 2.24 2.16 2.10 2.05 2.02 2.01 2.02
1.42 1.48 1.54 1.58 1.61 1.64 1.65 1.66 1.67 1.66 1.66 1.64 1.63 1.61 1.59 1.57 1.55 1.54 1.52 1.51 1.50 1.49 1.49 1.49 1.51 1.53 1.55 1.59 1.64 1.69 1.76 1.85 1.94 2.05 2.18 2.32 2.48 2.67 2.88 3.12 3.39 3.69 4.02 4.37 4.71 4.98 5.19 5.33 5.41 5.45 5.44 5.40 5.33 5.24 5.15 5.04 4.92 4.80 4.67 4.53 4.39 4.25 4.10 3.95 3.81 3.66 3.51 3.37 3.23 3.10 2.97 2.85 2.74 2.64 2.55 2.47 2.40 2.35 2.31 2.29 2.29
1.50 1.55 1.60 1.63 1.65 1.66 1.67 1.67 1.66 1.65 1.64 1.62 1.60 1.57 1.55 1.52 1.50 1.48 1.46 1.44 1.43 1.42 1.42 1.43 1.44 1.46 1.49 1.53 1.57 1.64 1.71 1.79 1.89 2.01 2.14 2.29 2.45 2.64 2.85 3.10 3.37 3.67 4.00 4.36 4.70 4.98 5.19 5.34 5.43 5.48 5.48 5.45 5.41 5.35 5.28 5.19 5.10 5.00 4.89 4.77 4.65 4.52 4.39 4.25 4.11 3.98 3.84 3.71 3.57 3.45 3.32 3.20 3.09 2.99 2.90 2.81 2.74 2.68 2.64 2.60 2.59
