data_output/RCH/Precip_2003_09.asc
ncols        168
nrows        136
xllcorner    455000
yllcorner    2107000
cellsize     500
NODATA_value     -99999
[rows 99 to 131 of 136, columns 0 to 72 of 168]
371.72 373.11 374.34 375.39 376.28 377.00 377.55 377.94 378.17 378.24 378.15 377.90 377.50 376.95 376.25 375.39 374.36 373.04 371.35 369.32 367.06 364.89 362.89 361.03 359.09 356.90 354.45 351.73 348.77 345.57 342.14 338.49 334.63 330.56 326.31 321.87 317.26 312.49 307.56 302.49 297.28 291.95 286.50 280.94 275.29 269.55 263.73 257.84 251.89 245.89 239.85 233.79 227.69 221.59 215.48 209.38 203.30 197.24 191.22 185.24 179.32 173.46 167.67 161.96 156.35 150.84 145.43 140.15 135.00 129.99 125.12 120.41 115.78
371.40 372.80 374.03 375.09 375.97 376.69 377.23 377.61 377.83 377.88 377.77 377.50 377.07 376.48 375.74 374.82 373.60 372.02 370.08 367.79 365.28 362.86 360.59 358.51 356.59 354.62 352.40 349.92 347.20 344.24 341.05 337.64 334.02 330.21 326.20 322.01 317.65 313.12 308.45 303.62 298.67 293.59 288.40 283.10 277.70 272.22 266.66 261.03 255.35 249.61 243.84 238.03 232.21 226.37 220.54 214.71 208.89 203.11 197.36 191.65 186.00 180.42 174.91 169.48 164.15 158.92 153.80 148.80 143.93 139.20 134.62 130.11 125.50
371.19 372.61 373.85 374.91 375.80 376.52 377.06 377.44 377.64 377.68 377.55 377.26 376.81 376.20 375.40 374.30 372.84 371.02 368.83 366.29 363.54 360.87 358.37 356.04 353.91 351.97 349.99 347.77 345.31 342.61 339.69 336.54 333.19 329.64 325.90 321.97 317.88 313.63 309.22 304.68 300.00 295.19 290.28 285.25 280.14 274.93 269.66 264.31 258.91 253.46 247.97 242.45 236.91 231.37 225.82 220.28 214.76 209.27 203.81 198.40 193.05 187.76 182.55 177.43 172.39 167.46 162.65 157.95 153.39 148.96 144.60 140.13 135.50
371.09 372.53 373.79 374.86 375.76 376.48 377.03 377.40 377.60 377.64 377.50 377.19 376.72 376.06 375.10 373.77 372.07 370.01 367.60 364.83 361.85 358.95 356.21 353.65 351.29 349.16 347.22 345.27 343.09 340.67 338.03 335.17 332.10 328.84 325.39 321.76 317.95 313.99 309.88 305.63 301.24 296.74 292.12 287.39 282.58 277.67 272.70 267.66 262.56 257.41 252.23 247.02 241.79 236.55 231.32 226.09 220.88 215.71 210.57 205.48 200.44 195.47 190.58 185.78 181.06 176.46 171.97 167.60 163.36 159.17 154.87 150.41 145.77
371.08 372.55 373.83 374.93 375.84 376.58 377.13 377.51 377.71 377.74 377.59 377.28 376.77 375.95 374.77 373.22 371.30 369.02 366.39 363.40 360.20 357.09 354.13 351.35 348.78 346.42 344.31 342.42 340.52 338.40 336.07 333.51 330.76 327.80 324.66 321.34 317.85 314.20 310.40 306.47 302.40 298.21 293.91 289.50 285.01 280.43 275.77 271.06 266.28 261.46 256.61 251.73 246.83 241.92 237.02 232.13 227.25 222.41 217.61 212.86 208.16 203.53 198.98 194.52 190.15 185.89 181.74 177.72 173.74 169.64 165.36 160.91 156.28
371.18 372.67 373.98 375.10 376.04 376.79 377.35 377.74 377.95 377.98 377.84 377.49 376.84 375.81 374.42 372.66 370.53 368.05 365.21 362.02 358.62 355.30 352.14 349.15 346.36 343.80 341.48 339.42 337.60 335.79 333.78 331.56 329.13 326.50 323.69 320.70 317.55 314.23 310.77 307.17 303.44 299.59 295.63 291.57 287.41 283.18 278.87 274.50 270.07 265.60 261.09 256.56 252.02 247.46 242.91 238.37 233.85 229.37 224.92 220.53 216.19 211.93 207.74 203.64 199.64 195.74 191.96 188.21 184.34 180.28 176.03 171.61 167.01
371.35 372.88 374.22 375.37 376.33 377.11 377.69 378.10 378.32 378.36 378.19 377.71 376.86 375.64 374.05 372.09 369.77 367.09 364.06 360.68 357.08 353.57 350.22 347.04 344.06 341.30 338.78 336.53 334.56 332.85 331.17 329.29 327.21 324.94 322.48 319.84 317.04 314.08 310.98 307.73 304.36 300.87 297.27 293.57 289.78 285.91 281.97 277.96 273.90 269.80 265.66 261.50 257.33 253.15 248.97 244.81 240.67 236.56 232.50 228.48 224.53 220.64 216.84 213.12 209.51 205.99 202.51 198.89 195.08 191.07 186.88 182.51 177.95
371.61 373.18 374.56 375.74 376.73 377.53 378.15 378.57 378.81 378.83 378.54 377.88 376.84 375.43 373.66 371.51 369.01 366.16 362.94 359.38 355.61 351.93 348.39 345.03 341.87 338.93 336.23 333.79 331.64 329.79 328.22 326.69 324.98 323.08 321.00 318.73 316.31 313.73 311.00 308.14 305.14 302.03 298.82 295.50 292.09 288.61 285.05 281.43 277.76 274.05 270.31 266.54 262.76 258.97 255.19 251.43 247.69 243.98 240.31 236.70 233.15 229.67 226.27 222.96 219.74 216.55 213.21 209.68 205.94 202.01 197.88 193.57 189.07
371.93 373.55 374.97 376.20 377.23 378.06 378.70 379.15 379.38 379.30 378.83 378.00 376.78 375.20 373.25 370.94 368.27 365.25 361.87 358.14 354.21 350.35 346.65 343.13 339.80 336.69 333.82 331.21 328.88 326.86 325.17 323.78 322.43 320.93 319.23 317.37 315.34 313.16 310.83 308.36 305.77 303.07 300.25 297.34 294.34 291.26 288.11 284.90 281.64 278.34 275.01 271.66 268.29 264.92 261.56 258.21 254.89 251.60 248.35 245.16 242.04 238.98 236.01 233.12 230.25 227.22 223.99 220.54 216.90 213.05 209.01 204.78 200.35
372.32 373.99 375.46 376.73 377.80 378.67 379.35 379.80 379.93 379.69 379.06 378.06 376.69 374.95 372.84 370.37 367.54 364.36 360.83 356.96 352.87 348.86 345.01 341.33 337.85 334.58 331.56 328.79 326.30 324.12 322.27 320.76 319.57 318.45 317.18 315.73 314.12 312.35 310.45 308.40 306.23 303.95 301.56 299.08 296.50 293.85 291.13 288.35 285.53 282.66 279.76 276.84 273.91 270.98 268.05 265.14 262.26 259.41 256.61 253.86 251.18 248.57 246.04 243.52 240.83 237.93 234.81 231.48 227.94 224.20 220.26 216.12 211.78
372.77 374.50 376.02 377.34 378.46 379.37 380.06 380.43 380.41 380.01 379.23 378.08 376.56 374.67 372.42 369.81 366.84 363.52 359.84 355.83 351.60 347.46 343.47 339.65 336.02 332.61 329.44 326.53 323.90 321.57 319.57 317.91 316.62 315.68 314.81 313.80 312.63 311.31 309.84 308.24 306.51 304.67 302.73 300.69 298.57 296.36 294.10 291.77 289.39 286.98 284.54 282.07 279.60 277.12 274.66 272.21 269.79 267.40 265.07 262.78 260.57 258.42 256.27 253.95 251.41 248.64 245.66 242.46 239.04 235.42 231.59 227.56 223.34
373.26 375.06 376.64 378.02 379.18 380.12 380.73 380.96 380.80 380.26 379.35 378.06 376.41 374.38 372.00 369.25 366.15 362.70 358.90 354.76 350.41 346.14 342.02 338.07 334.32 330.78 327.48 324.44 321.67 319.21 317.07 315.28 313.86 312.82 312.15 311.57 310.86 310.00 308.99 307.85 306.60 305.22 303.75 302.17 300.52 298.79 296.99 295.13 293.23 291.29 289.33 287.34 285.35 283.35 281.36 279.40 277.46 275.56 273.71 271.91 270.18 268.43 266.51 264.35 261.97 259.35 256.52 253.46 250.19 246.70 243.01 239.10 234.99
373.80 375.67 377.31 378.75 379.95 380.82 381.30 381.40 381.12 380.45 379.41 378.00 376.22 374.08 371.58 368.71 365.50 361.93 358.02 353.76 349.30 344.92 340.68 336.62 332.75 329.09 325.67 322.51 319.63 317.05 314.79 312.88 311.33 310.17 309.42 309.05 308.79 308.41 307.89 307.24 306.46 305.58 304.59 303.51 302.34 301.10 299.80 298.44 297.03 295.59 294.12 292.63 291.13 289.64 288.15 286.69 285.26 283.86 282.51 281.22 279.91 278.41 276.67 274.70 272.48 270.04 267.37 264.47 261.36 258.02 254.47 250.71 246.74
374.38 376.31 378.03 379.51 380.65 381.41 381.77 381.76 381.36 380.58 379.43 377.91 376.02 373.77 371.16 368.19 364.87 361.20 357.19 352.83 348.27 343.79 339.45 335.29 331.31 327.56 324.03 320.76 317.77 315.09 312.72 310.69 309.04 307.76 306.90 306.47 306.44 306.54 306.52 306.37 306.11 305.73 305.25 304.68 304.03 303.30 302.51 301.66 300.77 299.85 298.89 297.92 296.95 295.98 295.01 294.07 293.17 292.30 291.47 290.62 289.58 288.28 286.74 284.96 282.94 280.68 278.19 275.47 272.53 269.36 265.97 262.37 258.55
374.98 377.00 378.77 380.20 381.24 381.89 382.15 382.03 381.53 380.65 379.40 377.78 375.80 373.45 370.75 367.69 364.28 360.52 356.42 351.97 347.32 342.76 338.33 334.08 330.02 326.17 322.55 319.19 316.11 313.33 310.86 308.74 306.99 305.62 304.66 304.12 304.04 304.38 304.87 305.25 305.51 305.66 305.71 305.67 305.55 305.36 305.10 304.79 304.44 304.05 303.64 303.21 302.78 302.35 301.93 301.53 301.17 300.85 300.49 299.92 299.10 298.03 296.70 295.13 293.31 291.26 288.96 286.44 283.68 280.69 277.48 274.05 270.41
375.61 377.68 379.42 380.76 381.70 382.26 382.43 382.22 381.63 380.67 379.33 377.63 375.56 373.14 370.35 367.21 363.72 359.89 355.71 351.19 346.47 341.83 337.33 333.00 328.86 324.93 321.24 317.80 314.64 311.77 309.23 307.03 305.19 303.73 302.68 302.06 301.89 302.20 302.94 303.84 304.65 305.36 305.96 306.47 306.91 307.27 307.57 307.82 308.02 308.19 308.34 308.47 308.60 308.74 308.89 309.06 309.26 309.41 309.36 309.04 308.46 307.62 306.53 305.18 303.59 301.75 299.67 297.35 294.79 292.01 288.99 285.75 282.29
376.23 378.28 379.93 381.19 382.05 382.53 382.63 382.34 381.68 380.64 379.23 377.45 375.32 372.82 369.97 366.76 363.21 359.31 355.07 350.49 345.71 341.01 336.45 332.05 327.85 323.86 320.10 316.59 313.36 310.43 307.82 305.54 303.63 302.11 300.99 300.29 300.05 300.27 300.99 302.18 303.53 304.80 305.98 307.07 308.07 309.01 309.89 310.72 311.50 312.25 312.98 313.70 314.41 315.13 315.87 316.62 317.33 317.81 318.02 317.96 317.64 317.05 316.21 315.10 313.74 312.14 310.29 308.19 305.85 303.28 300.48 297.44 294.18
376.74 378.72 380.31 381.49 382.29 382.71 382.73 382.38 381.66 380.56 379.09 377.26 375.06 372.51 369.60 366.35 362.74 358.79 354.50 349.88 345.05 340.29 335.69 331.24 326.99 322.95 319.13 315.57 312.29 309.30 306.63 304.30 302.33 300.75 299.57 298.81 298.51 298.67 299.33 300.49 302.15 303.99 305.76 307.44 309.04 310.58 312.05 313.48 314.86 316.22 317.55 318.87 320.19 321.52 322.85 324.13 325.18 325.96 326.45 326.67 326.61 326.29 325.71 324.86 323.76 322.40 320.79 318.94 316.84 314.50 311.92 309.11 306.06
377.10 379.02 380.55 381.68 382.42 382.78 382.76 382.36 381.58 380.44 378.92 377.04 374.81 372.21 369.26 365.96 362.32 358.33 354.01 349.35 344.48 339.70 335.05 330.57 326.28 322.20 318.35 314.75 311.42 308.39 305.68 303.30 301.29 299.66 298.43 297.63 297.27 297.39 297.99 299.11 300.76 302.92 305.27 307.57 309.79 311.95 314.04 316.09 318.10 320.07 322.03 323.98 325.92 327.87 329.75 331.40 332.76 333.83 334.62 335.13 335.37 335.33 335.02 334.45 333.62 332.52 331.18 329.58 327.73 325.63 323.30 320.72 317.91
377.30 379.18 380.66 381.75 382.45 382.77 382.71 382.27 381.46 380.28 378.73 376.82 374.55 371.92 368.95 365.62 361.95 357.94 353.59 348.91 344.02 339.21 334.55 330.05 325.73 321.62 317.74 314.12 310.76 307.70 304.96 302.55 300.51 298.84 297.58 296.74 296.35 296.43 297.00 298.08 299.69 301.86 304.55 307.45 310.31 313.11 315.84 318.53 321.18 323.81 326.41 329.00 331.59 334.10 336.37 338.35 340.03 341.42 342.52 343.34 343.88 344.14 344.12 343.84 343.29 342.48 341.41 340.08 338.50 336.67 334.59 332.27 329.71
377.35 379.19 380.64 381.70 382.38 382.67 382.58 382.12 381.28 380.08 378.51 376.58 374.29 371.65 368.66 365.32 361.64 357.62 353.26 348.57 343.67 338.85 334.18 329.66 325.34 321.22 317.32 313.68 310.31 307.24 304.48 302.05 299.99 298.30 297.02 296.16 295.75 295.81 296.35 297.40 298.99 301.13 303.84 307.10 310.59 314.04 317.44 320.80 324.11 327.40 330.67 333.92 337.10 340.02 342.64 344.95 346.97 348.69 350.12 351.26 352.12 352.70 353.00 353.02 352.77 352.26 351.48 350.44 349.14 347.58 345.78 343.73 341.43
377.25 379.07 380.50 381.55 382.21 382.48 382.38 381.91 381.06 379.85 378.28 376.34 374.05 371.40 368.41 365.07 361.38 357.36 353.01 348.32 343.43 338.62 333.94 329.43 325.11 320.99 317.10 313.45 310.08 307.00 304.24 301.81 299.74 298.05 296.76 295.89 295.47 295.51 296.04 297.08 298.66 300.78 303.48 306.78 310.64 314.74 318.82 322.86 326.86 330.84 334.79 338.65 342.25 345.54 348.52 351.19 353.57 355.64 357.41 358.90 360.09 361.00 361.62 361.97 362.03 361.83 361.36 360.62 359.62 358.36 356.85 355.08 353.06
377.00 378.82 380.25 381.29 381.94 382.22 382.12 381.65 380.80 379.60 378.02 376.10 373.81 371.17 368.19 364.86 361.19 357.19 352.85 348.18 343.31 338.51 333.85 329.36 325.05 320.94 317.06 313.43 310.07 307.00 304.24 301.82 299.76 298.07 296.79 295.93 295.51 295.55 296.09 297.13 298.70 300.82 303.52 306.81 310.72 315.22 319.97 324.72 329.42 334.10 338.68 342.99 346.98 350.65 354.01 357.06 359.80 362.23 364.37 366.21 367.75 369.01 369.97 370.66 371.06 371.18 371.04 370.62 369.93 368.98 367.77 366.31 364.59
376.61 378.44 379.87 380.92 381.59 381.88 381.79 381.33 380.51 379.31 377.76 375.85 373.59 370.98 368.01 364.71 361.07 357.09 352.78 348.14 343.30 338.53 333.91 329.44 325.15 321.07 317.22 313.61 310.28 307.23 304.50 302.10 300.05 298.39 297.12 296.28 295.87 295.93 296.48 297.54 299.12 301.26 303.97 307.27 311.19 315.75 320.91 326.34 331.78 337.10 342.15 346.86 351.26 355.33 359.08 362.52 365.65 368.46 370.98 373.19 375.10 376.71 378.04 379.07 379.83 380.29 380.49 380.40 380.05 379.42 378.54 377.39 375.98
376.08 377.93 379.39 380.46 381.15 381.46 381.40 380.97 380.17 379.01 377.49 375.61 373.38 370.81 367.88 364.62 361.01 357.08 352.81 348.21 343.42 338.69 334.11 329.68 325.44 321.40 317.58 314.01 310.71 307.70 305.00 302.64 300.63 298.99 297.76 296.94 296.57 296.66 297.24 298.32 299.93 302.09 304.82 308.15 312.09 316.67 321.90 327.76 333.83 339.64 345.11 350.26 355.07 359.56 363.72 367.56 371.09 374.30 377.21 379.81 382.10 384.10 385.79 387.20 388.32 389.14 389.69 389.96 389.95 389.67 389.12 388.30 387.22
375.42 377.30 378.79 379.90 380.63 380.98 380.96 380.57 379.81 378.69 377.22 375.38 373.20 370.67 367.80 364.58 361.03 357.15 352.93 348.39 343.66 338.99 334.46 330.09 325.90 321.91 318.15 314.63 311.38 308.42 305.77 303.45 301.48 299.90 298.70 297.93 297.60 297.73 298.35 299.47 301.12 303.32 306.09 309.45 313.43 318.04 323.31 329.17 335.41 341.64 347.56 353.15 358.40 363.31 367.90 372.17 376.11 379.74 383.05 386.05 388.74 391.13 393.22 395.01 396.51 397.71 398.63 399.27 399.62 399.70 399.50 399.03 398.30
374.63 376.55 378.09 379.25 380.02 380.43 380.46 380.12 379.42 378.36 376.94 375.17 373.04 370.58 367.77 364.62 361.13 357.31 353.17 348.70 344.03 339.43 334.97 330.66 326.54 322.62 318.92 315.47 312.28 309.38 306.79 304.53 302.62 301.09 299.96 299.25 298.97 299.16 299.83 301.00 302.70 304.95 307.77 311.18 315.21 319.86 325.09 330.74 336.77 343.13 349.48 355.51 361.21 366.58 371.61 376.31 380.69 384.74 388.48 391.90 395.01 397.81 400.30 402.49 404.39 405.98 407.29 408.31 409.04 409.49 409.66 409.56 409.18
373.71 375.69 377.29 378.51 379.35 379.81 379.91 379.64 379.01 378.01 376.67 374.96 372.92 370.52 367.79 364.71 361.31 357.57 353.50 349.12 344.53 340.01 335.63 331.41 327.37 323.52 319.90 316.53 313.41 310.59 308.07 305.89 304.06 302.60 301.53 300.89 300.68 300.93 301.67 302.91 304.68 306.99 309.87 313.35 317.43 322.06 327.09 332.48 338.23 344.38 350.86 357.34 363.51 369.33 374.82 379.98 384.80 389.30 393.48 397.33 400.87 404.10 407.01 409.62 411.93 413.93 415.64 417.06 418.18 419.02 419.58 419.86 419.86
372.66 374.72 376.39 377.68 378.60 379.14 379.31 379.12 378.57 377.66 376.40 374.78 372.82 370.51 367.87 364.88 361.57 357.92 353.95 349.66 345.17 340.75 336.46 332.33 328.38 324.63 321.10 317.81 314.79 312.05 309.63 307.53 305.78 304.40 303.42 302.86 302.74 303.07 303.89 305.21 307.05 309.44 312.40 315.94 320.02 324.46 329.24 334.37 339.87 345.74 352.01 358.64 365.25 371.56 377.52 383.15 388.44 393.40 398.03 402.33 406.32 409.99 413.34 416.38 419.11 421.54 423.67 425.50 427.04 428.28 429.24 429.91 430.31
371.50 373.64 375.40 376.77 377.78 378.41 378.68 378.58 378.12 377.31 376.14 374.62 372.76 370.55 368.01 365.13 361.92 358.38 354.51 350.33 345.95 341.64 337.46 333.44 329.59 325.94 322.52 319.33 316.41 313.78 311.45 309.45 307.80 306.52 305.64 305.17 305.14 305.57 306.48 307.89 309.82 312.30 315.35 318.90 322.80 327.01 331.55 336.43 341.67 347.29 353.29 359.70 366.47 373.23 379.69 385.80 391.57 397.00 402.11 406.88 411.33 415.45 419.26 422.75 425.93 428.79 431.36 433.62 435.58 437.25 438.62 439.71 440.51
370.22 372.45 374.31 375.79 376.90 377.63 378.00 378.01 377.66 376.95 375.90 374.49 372.74 370.65 368.22 365.45 362.36 358.94 355.19 351.13 346.87 342.68 338.63 334.72 331.00 327.47 324.16 321.09 318.28 315.76 313.54 311.66 310.12 308.95 308.18 307.82 307.90 308.43 309.44 310.96 313.00 315.58 318.64 322.03 325.72 329.70 334.01 338.65 343.65 349.01 354.75 360.89 367.45 374.37 381.30 387.91 394.18 400.10 405.69 410.95 415.88 420.47 424.75 428.70 432.34 435.67 438.68 441.39 443.79 445.90 447.70 449.22 450.44
368.82 371.17 373.14 374.73 375.95 376.81 377.29 377.42 377.19 376.60 375.67 374.39 372.76 370.80 368.49 365.86 362.90 359.61 356.00 352.07 347.94 343.89 339.96 336.19 332.60 329.20 326.02 323.08 320.40 318.01 315.92 314.16 312.74 311.70 311.05 310.81 311.01 311.66 312.79 314.43 316.58 319.19 322.11 325.30 328.77 332.54 336.62 341.03 345.79 350.90 356.39 362.28 368.57 375.28 382.37 389.46 396.24 402.68 408.77 414.53 419.95 425.04 429.80 434.23 438.35 442.14 445.62 448.79 451.65 454.21 456.47 458.42 460.09
367.32 369.79 371.88 373.60 374.95 375.93 376.55 376.81 376.71 376.26 375.46 374.32 372.83 371.00 368.84 366.35 363.53 360.39 356.92 353.14 349.17 345.26 341.48 337.86 334.40 331.15 328.11 325.31 322.78 320.52 318.57 316.95 315.67 314.77 314.25 314.15 314.48 315.27 316.53 318.29 320.49 322.97 325.70 328.69 331.96 335.51 339.38 343.56 348.09 352.97 358.22 363.85 369.88 376.33 383.21 390.48 397.75 404.71 411.32 417.59 423.52 429.12 434.38 439.31 443.91 448.20 452.16 455.81 459.14 462.17 464.89 467.31 469.43
