data_output/RCH/Precip_1985_05.asc
ncols        168
nrows        136
xllcorner    455000
yllcorner    2107000
cellsize     500
NODATA_value     -99999
[rows 68 to 101 of 136, columns 0 to 74 of 168]
108.18 112.39 116.12 119.39 122.23 124.67 126.73 128.43 129.80 130.87 131.65 132.18 132.47 132.56 132.47 132.23 131.88 131.45 130.92 130.31 129.63 128.86 128.02 127.10 126.12 125.08 123.98 122.82 121.61 120.35 119.05 117.70 116.32 114.90 113.45 111.97 110.47 108.95 107.42 105.87 104.31 102.77 101.24 99.72 98.19 96.66 95.12 93.57 92.02 90.47 88.92 87.37 85.82 84.29 82.76 81.24 79.74 78.25 76.79 75.34 73.91 72.50 71.13 69.78 68.46 67.17 65.92 64.71 63.53 62.42 61.36 60.36 59.41 58.52 57.69
108.60 112.85 116.62 119.94 122.82 125.29 127.39 129.12 130.53 131.62 132.43 132.98 133.30 133.41 133.33 133.11 132.79 132.37 131.86 131.26 130.59 129.83 129.00 128.10 127.13 126.09 125.00 123.85 122.64 121.39 120.09 118.74 117.36 115.94 114.49 113.02 111.51 109.99 108.45 106.90 105.33 103.77 102.21 100.65 99.07 97.49 95.91 94.32 92.73 91.13 89.55 87.96 86.39 84.82 83.26 81.72 80.19 78.68 77.18 75.72 74.27 72.85 71.46 70.10 68.77 67.47 66.21 64.99 63.82 62.70 61.64 60.64 59.70 58.82 58.00
109.00 113.30 117.11 120.47 123.39 125.90 128.03 129.80 131.23 132.35 133.19 133.77 134.11 134.24 134.18 133.98 133.67 133.27 132.77 132.19 131.53 130.78 129.96 129.07 128.11 127.08 126.00 124.85 123.65 122.40 121.10 119.76 118.38 116.97 115.52 114.04 112.53 111.01 109.46 107.90 106.33 104.75 103.15 101.54 99.92 98.30 96.67 95.04 93.40 91.77 90.15 88.53 86.92 85.32 83.74 82.17 80.61 79.08 77.57 76.08 74.62 73.18 71.77 70.40 69.06 67.76 66.49 65.27 64.09 62.97 61.92 60.92 59.99 59.12 58.31
109.39 113.73 117.58 120.98 123.94 126.49 128.65 130.45 131.91 133.07 133.93 134.53 134.90 135.05 135.01 134.82 134.53 134.14 133.66 133.10 132.44 131.71 130.90 130.02 129.07 128.05 126.97 125.83 124.64 123.39 122.10 120.76 119.38 117.96 116.51 115.03 113.52 111.99 110.45 108.88 107.30 105.70 104.06 102.40 100.74 99.07 97.39 95.72 94.05 92.39 90.73 89.07 87.43 85.81 84.19 82.60 81.02 79.46 77.93 76.42 74.94 73.50 72.08 70.69 69.35 68.04 66.77 65.54 64.36 63.24 62.19 61.20 60.28 59.42 58.62
109.75 114.14 118.03 121.47 124.47 127.05 129.25 131.08 132.58 133.76 134.65 135.28 135.66 135.84 135.82 135.65 135.37 135.00 134.53 133.98 133.34 132.62 131.82 130.95 130.00 128.99 127.92 126.78 125.59 124.35 123.06 121.72 120.35 118.93 117.48 116.00 114.49 112.95 111.40 109.83 108.22 106.58 104.92 103.22 101.52 99.80 98.09 96.38 94.67 92.97 91.27 89.59 87.92 86.26 84.62 83.00 81.40 79.83 78.28 76.75 75.26 73.79 72.37 70.97 69.62 68.30 67.03 65.80 64.62 63.50 62.46 61.48 60.56 59.72 58.93
110.10 114.52 118.46 121.94 124.97 127.60 129.83 131.69 133.22 134.43 135.34 136.00 136.40 136.60 136.60 136.44 136.18 135.82 135.37 134.83 134.20 133.49 132.71 131.84 130.91 129.91 128.84 127.71 126.52 125.29 124.00 122.66 121.28 119.87 118.41 116.93 115.42 113.88 112.32 110.72 109.09 107.42 105.72 104.00 102.25 100.50 98.75 97.00 95.25 93.52 91.79 90.08 88.38 86.69 85.03 83.38 81.76 80.17 78.60 77.06 75.55 74.08 72.64 71.24 69.87 68.55 67.28 66.05 64.87 63.76 62.72 61.74 60.84 60.01 59.24
110.42 114.89 118.87 122.38 125.46 128.11 130.38 132.28 133.83 135.07 136.01 136.69 137.12 137.33 137.35 137.21 136.97 136.62 136.19 135.66 135.04 134.34 133.57 132.71 131.78 130.79 129.73 128.60 127.42 126.19 124.90 123.57 122.19 120.77 119.32 117.83 116.32 114.77 113.19 111.56 109.90 108.20 106.47 104.72 102.95 101.16 99.37 97.58 95.80 94.03 92.28 90.53 88.81 87.10 85.41 83.74 82.10 80.49 78.90 77.35 75.82 74.34 72.89 71.48 70.12 68.79 67.52 66.29 65.11 64.00 62.97 62.00 61.11 60.29 59.54
110.71 115.23 119.25 122.80 125.91 128.61 130.90 132.83 134.42 135.68 136.65 137.35 137.81 138.04 138.07 137.95 137.72 137.39 136.97 136.46 135.85 135.16 134.40 133.55 132.63 131.64 130.59 129.47 128.29 127.06 125.78 124.44 123.07 121.65 120.19 118.70 117.18 115.61 114.00 112.34 110.65 108.92 107.17 105.39 103.59 101.78 99.96 98.13 96.32 94.52 92.73 90.96 89.20 87.47 85.76 84.07 82.41 80.78 79.18 77.61 76.08 74.58 73.13 71.71 70.34 69.01 67.74 66.51 65.34 64.23 63.21 62.26 61.38 60.57 59.84
110.98 115.54 119.60 123.19 126.34 129.07 131.40 133.36 134.98 136.27 137.26 137.99 138.46 138.72 138.77 138.66 138.45 138.14 137.72 137.22 136.63 135.95 135.19 134.36 133.44 132.46 131.41 130.30 129.13 127.90 126.61 125.28 123.91 122.49 121.03 119.54 117.99 116.40 114.75 113.07 111.35 109.59 107.81 106.00 104.18 102.34 100.50 98.65 96.80 94.97 93.15 91.35 89.57 87.81 86.08 84.37 82.69 81.05 79.43 77.85 76.31 74.80 73.34 71.92 70.55 69.22 67.94 66.72 65.55 64.45 63.44 62.50 61.63 60.85 60.13
111.22 115.82 119.92 123.56 126.74 129.50 131.87 133.86 135.51 136.82 137.85 138.59 139.09 139.36 139.43 139.34 139.14 138.84 138.44 137.95 137.37 136.71 135.96 135.13 134.22 133.25 132.20 131.09 129.92 128.70 127.42 126.09 124.71 123.29 121.83 120.31 118.74 117.12 115.45 113.73 111.99 110.20 108.40 106.56 104.72 102.85 100.99 99.11 97.24 95.38 93.53 91.71 89.90 88.12 86.37 84.64 82.95 81.29 79.66 78.07 76.51 75.00 73.53 72.11 70.73 69.41 68.13 66.91 65.75 64.66 63.65 62.73 61.88 61.11 60.41
111.43 116.07 120.22 123.89 127.11 129.91 132.31 134.33 136.00 137.35 138.39 139.16 139.68 139.97 140.06 139.99 139.80 139.52 139.13 138.65 138.08 137.42 136.68 135.86 134.97 134.00 132.96 131.85 130.69 129.46 128.18 126.85 125.48 124.05 122.57 121.03 119.43 117.78 116.08 114.34 112.57 110.76 108.93 107.08 105.20 103.32 101.43 99.53 97.64 95.75 93.88 92.03 90.20 88.40 86.63 84.89 83.17 81.50 79.86 78.26 76.70 75.18 73.70 72.28 70.90 69.58 68.31 67.09 65.93 64.85 63.86 62.95 62.11 61.36 60.68
111.61 116.29 120.48 124.19 127.45 130.28 132.71 134.76 136.46 137.84 138.91 139.70 140.24 140.55 140.66 140.60 140.43 140.15 139.78 139.31 138.75 138.11 137.37 136.56 135.67 134.71 133.67 132.57 131.41 130.19 128.91 127.58 126.20 124.76 123.25 121.68 120.05 118.38 116.66 114.89 113.10 111.27 109.41 107.53 105.64 103.73 101.82 99.90 97.99 96.09 94.19 92.32 90.47 88.65 86.86 85.10 83.37 81.68 80.03 78.42 76.85 75.33 73.85 72.42 71.05 69.72 68.46 67.25 66.10 65.03 64.05 63.15 62.34 61.60 60.95
111.75 116.48 120.70 124.45 127.75 130.61 133.08 135.16 136.89 138.29 139.38 140.20 140.76 141.09 141.21 141.17 141.01 140.75 140.39 139.93 139.39 138.75 138.02 137.22 136.34 135.38 134.35 133.25 132.09 130.87 129.60 128.26 126.86 125.39 123.86 122.27 120.62 118.92 117.17 115.39 113.57 111.71 109.84 107.94 106.02 104.10 102.16 100.23 98.30 96.37 94.46 92.57 90.70 88.86 87.05 85.27 83.53 81.83 80.17 78.55 76.98 75.45 73.97 72.54 71.17 69.85 68.59 67.39 66.25 65.19 64.22 63.34 62.54 61.83 61.20
111.86 116.63 120.89 124.68 128.01 130.91 133.41 135.52 137.28 138.70 139.82 140.66 141.24 141.59 141.73 141.70 141.56 141.31 140.96 140.52 139.98 139.35 138.63 137.84 136.96 136.01 134.98 133.89 132.73 131.51 130.23 128.88 127.46 125.97 124.41 122.79 121.12 119.40 117.63 115.82 113.98 112.11 110.21 108.29 106.35 104.41 102.46 100.50 98.55 96.61 94.68 92.77 90.89 89.03 87.20 85.41 83.66 81.95 80.28 78.66 77.08 75.55 74.07 72.64 71.27 69.95 68.70 67.50 66.37 65.33 64.38 63.51 62.73 62.04 61.44
111.95 116.74 121.05 124.87 128.24 131.17 133.70 135.84 137.63 139.08 140.22 141.08 141.68 142.05 142.21 142.19 142.06 141.83 141.49 141.06 140.53 139.91 139.20 138.41 137.54 136.59 135.57 134.48 133.33 132.11 130.81 129.44 127.99 126.47 124.89 123.25 121.56 119.81 118.03 116.20 114.34 112.44 110.53 108.59 106.64 104.67 102.70 100.73 98.77 96.81 94.86 92.94 91.04 89.16 87.32 85.52 83.76 82.04 80.36 78.73 77.15 75.61 74.13 72.71 71.34 70.03 68.78 67.60 66.48 65.45 64.51 63.67 62.91 62.24 61.66
112.17 116.83 121.16 125.02 128.42 131.39 133.95 136.12 137.94 139.41 140.58 141.46 142.08 142.47 142.64 142.64 142.53 142.30 141.98 141.55 141.04 140.42 139.72 138.94 138.08 137.13 136.12 135.03 133.87 132.64 131.32 129.92 128.45 126.91 125.31 123.65 121.94 120.17 118.36 116.52 114.64 112.72 110.79 108.83 106.86 104.88 102.90 100.91 98.93 96.96 95.00 93.06 91.14 89.26 87.41 85.59 83.82 82.09 80.40 78.77 77.18 75.65 74.17 72.75 71.39 70.09 68.85 67.67 66.57 65.55 64.63 63.80 63.07 62.43 61.87
112.65 117.04 121.25 125.13 128.56 131.57 134.16 136.36 138.20 139.70 140.90 141.80 142.44 142.84 143.03 143.05 142.94 142.73 142.42 142.01 141.50 140.89 140.20 139.42 138.56 137.63 136.61 135.53 134.36 133.10 131.76 130.34 128.85 127.29 125.67 123.98 122.25 120.47 118.64 116.78 114.88 112.95 111.00 109.03 107.04 105.04 103.04 101.04 99.05 97.06 95.09 93.14 91.21 89.31 87.45 85.62 83.84 82.10 80.42 78.78 77.19 75.66 74.18 72.76 71.41 70.11 68.88 67.72 66.63 65.63 64.72 63.92 63.21 62.59 62.06
113.38 117.49 121.44 125.21 128.67 131.70 134.32 136.55 138.42 139.95 141.17 142.09 142.75 143.17 143.37 143.40 143.31 143.12 142.81 142.41 141.91 141.31 140.63 139.86 139.00 138.07 137.06 135.96 134.77 133.49 132.12 130.69 129.17 127.60 125.95 124.26 122.50 120.70 118.86 116.98 115.06 113.12 111.15 109.16 107.16 105.15 103.14 101.13 99.12 97.12 95.14 93.17 91.23 89.33 87.45 85.62 83.82 82.08 80.39 78.75 77.16 75.63 74.16 72.75 71.40 70.11 68.89 67.74 66.67 65.68 64.80 64.01 63.33 62.74 62.24
114.30 118.15 121.85 125.38 128.73 131.79 134.44 136.70 138.60 140.15 141.39 142.33 143.01 143.45 143.67 143.71 143.64 143.45 143.16 142.76 142.27 141.69 141.01 140.24 139.40 138.46 137.44 136.32 135.10 133.80 132.42 130.96 129.43 127.84 126.18 124.46 122.69 120.88 119.02 117.12 115.19 113.23 111.25 109.25 107.24 105.21 103.19 101.16 99.14 97.13 95.14 93.16 91.22 89.30 87.41 85.57 83.77 82.02 80.33 78.68 77.10 75.57 74.10 72.70 71.35 70.08 68.87 67.74 66.68 65.71 64.85 64.09 63.43 62.86 62.39
115.38 118.99 122.45 125.74 128.88 131.84 134.51 136.80 138.72 140.30 141.56 142.53 143.23 143.68 143.92 143.97 143.91 143.73 143.45 143.07 142.59 142.01 141.34 140.58 139.73 138.78 137.74 136.60 135.37 134.05 132.65 131.17 129.63 128.01 126.34 124.61 122.82 120.99 119.12 117.20 115.26 113.29 111.29 109.28 107.26 105.22 103.18 101.15 99.12 97.10 95.09 93.11 91.16 89.23 87.34 85.49 83.68 81.93 80.23 78.58 77.00 75.47 74.01 72.61 71.28 70.02 68.82 67.70 66.66 65.71 64.87 64.14 63.50 62.97 62.53
116.56 119.95 123.19 126.27 129.20 131.96 134.54 136.85 138.80 140.40 141.69 142.67 143.39 143.86 144.11 144.18 144.13 143.97 143.70 143.32 142.85 142.27 141.61 140.85 139.99 139.03 137.97 136.81 135.56 134.22 132.81 131.31 129.75 128.12 126.43 124.69 122.89 121.04 119.15 117.23 115.27 113.29 111.28 109.26 107.22 105.18 103.13 101.08 99.05 97.02 95.01 93.02 91.05 89.12 87.22 85.37 83.56 81.79 80.09 78.44 76.86 75.34 73.89 72.50 71.18 69.92 68.75 67.64 66.62 65.69 64.87 64.16 63.55 63.05 62.64
117.81 121.00 124.04 126.93 129.65 132.22 134.63 136.86 138.82 140.45 141.76 142.77 143.50 143.99 144.25 144.34 144.30 144.14 143.88 143.52 143.05 142.49 141.83 141.06 140.18 139.20 138.12 136.94 135.68 134.33 132.89 131.39 129.81 128.17 126.46 124.70 122.89 121.03 119.13 117.20 115.23 113.23 111.22 109.18 107.14 105.08 103.03 100.97 98.93 96.89 94.87 92.88 90.91 88.97 87.07 85.21 83.39 81.63 79.92 78.27 76.69 75.17 73.73 72.35 71.04 69.80 68.63 67.55 66.54 65.64 64.84 64.16 63.58 63.10 62.73
119.08 122.09 124.95 127.66 130.21 132.60 134.84 136.91 138.81 140.45 141.78 142.80 143.56 144.06 144.34 144.44 144.41 144.27 144.02 143.66 143.20 142.64 141.97 141.18 140.29 139.29 138.19 137.00 135.72 134.36 132.91 131.39 129.80 128.14 126.42 124.65 122.83 120.96 119.05 117.10 115.13 113.12 111.10 109.05 107.00 104.94 102.87 100.81 98.76 96.72 94.70 92.69 90.72 88.78 86.87 85.01 83.19 81.42 79.71 78.06 76.48 74.97 73.53 72.16 70.86 69.64 68.49 67.42 66.44 65.55 64.78 64.13 63.58 63.14 62.80
120.33 123.18 125.88 128.42 130.82 133.05 135.13 137.05 138.81 140.40 141.74 142.79 143.56 144.08 144.37 144.48 144.46 144.33 144.09 143.74 143.29 142.72 142.03 141.23 140.32 139.31 138.20 136.99 135.69 134.31 132.86 131.32 129.72 128.05 126.32 124.54 122.70 120.83 118.91 116.95 114.96 112.95 110.92 108.87 106.81 104.74 102.67 100.60 98.55 96.50 94.47 92.47 90.49 88.54 86.64 84.77 82.95 81.18 79.47 77.82 76.24 74.73 73.29 71.93 70.65 69.44 68.31 67.26 66.30 65.44 64.70 64.07 63.55 63.14 62.80
121.52 124.22 126.78 129.18 131.44 133.54 135.48 137.27 138.89 140.36 141.65 142.71 143.50 144.04 144.34 144.47 144.46 144.34 144.11 143.76 143.30 142.72 142.01 141.20 140.27 139.25 138.12 136.90 135.59 134.20 132.73 131.18 129.57 127.89 126.15 124.36 122.52 120.63 118.70 116.74 114.75 112.73 110.69 108.63 106.56 104.49 102.42 100.35 98.28 96.24 94.20 92.20 90.22 88.27 86.36 84.49 82.67 80.91 79.20 77.55 75.97 74.45 73.02 71.67 70.40 69.21 68.10 67.07 66.13 65.29 64.58 63.98 63.49 63.08 62.69
122.59 125.17 127.60 129.89 132.02 134.00 135.83 137.50 139.02 140.37 141.56 142.58 143.38 143.94 144.26 144.39 144.39 144.28 144.06 143.71 143.23 142.63 141.91 141.08 140.15 139.11 137.97 136.74 135.42 134.01 132.53 130.98 129.35 127.67 125.92 124.12 122.27 120.37 118.44 116.47 114.47 112.44 110.40 108.34 106.27 104.19 102.11 100.04 97.97 95.92 93.89 91.88 89.90 87.95 86.05 84.18 82.36 80.59 78.89 77.24 75.66 74.15 72.72 71.37 70.11 68.94 67.85 66.84 65.92 65.11 64.43 63.85 63.36 62.90 62.48
123.52 125.99 128.31 130.49 132.53 134.41 136.14 137.72 139.14 140.40 141.50 142.44 143.21 143.77 144.11 144.25 144.27 144.16 143.93 143.57 143.07 142.46 141.73 140.89 139.94 138.89 137.74 136.50 135.17 133.76 132.27 130.70 129.07 127.37 125.62 123.81 121.95 120.05 118.11 116.14 114.13 112.10 110.06 107.99 105.92 103.84 101.76 99.68 97.62 95.57 93.53 91.52 89.54 87.60 85.69 83.82 82.01 80.24 78.54 76.90 75.32 73.82 72.39 71.05 69.79 68.63 67.56 66.57 65.68 64.90 64.24 63.66 63.12 62.61 62.14
124.24 126.62 128.86 130.96 132.91 134.71 136.36 137.86 139.21 140.40 141.43 142.30 143.01 143.55 143.89 144.05 144.07 143.96 143.72 143.34 142.84 142.21 141.47 140.62 139.66 138.60 137.44 136.19 134.85 133.43 131.93 130.36 128.72 127.02 125.25 123.44 121.58 119.67 117.73 115.75 113.74 111.71 109.66 107.59 105.51 103.43 101.35 99.28 97.21 95.16 93.13 91.12 89.14 87.20 85.29 83.43 81.62 79.86 78.16 76.52 74.95 73.45 72.03 70.70 69.45 68.29 67.23 66.27 65.40 64.65 63.98 63.35 62.76 62.20 61.68
124.73 127.04 129.21 131.24 133.13 134.87 136.46 137.90 139.19 140.33 141.31 142.13 142.79 143.29 143.62 143.78 143.80 143.67 143.42 143.03 142.51 141.88 141.13 140.26 139.29 138.22 137.06 135.80 134.45 133.02 131.52 129.94 128.30 126.59 124.82 123.00 121.14 119.23 117.28 115.30 113.29 111.25 109.20 107.13 105.06 102.98 100.90 98.82 96.76 94.71 92.68 90.67 88.70 86.76 84.86 83.00 81.19 79.44 77.74 76.11 74.55 73.06 71.64 70.31 69.07 67.93 66.88 65.93 65.08 64.32 63.60 62.92 62.28 61.67 61.10
124.98 127.24 129.36 131.34 133.18 134.87 136.42 137.81 139.06 140.16 141.10 141.88 142.50 142.97 143.27 143.41 143.42 143.28 143.02 142.62 142.09 141.45 140.69 139.82 138.84 137.76 136.59 135.33 133.97 132.54 131.03 129.45 127.80 126.09 124.32 122.50 120.63 118.72 116.77 114.78 112.77 110.74 108.69 106.62 104.55 102.47 100.39 98.32 96.25 94.21 92.18 90.18 88.21 86.28 84.38 82.53 80.73 78.98 77.29 75.67 74.11 72.63 71.23 69.91 68.68 67.54 66.50 65.57 64.72 63.92 63.14 62.41 61.71 61.06 60.44
125.13 127.33 129.40 131.33 133.11 134.76 136.26 137.61 138.82 139.87 140.78 141.52 142.11 142.55 142.81 142.92 142.90 142.76 142.48 142.08 141.55 140.90 140.13 139.26 138.28 137.19 136.02 134.75 133.39 131.96 130.44 128.86 127.21 125.50 123.73 121.91 120.04 118.13 116.18 114.20 112.19 110.16 108.11 106.05 103.98 101.90 99.83 97.76 95.71 93.67 91.65 89.65 87.69 85.76 83.88 82.03 80.24 78.50 76.83 75.21 73.67 72.20 70.81 69.50 68.28 67.16 66.13 65.21 64.37 63.55 62.73 61.93 61.18 60.48 59.81
125.19 127.33 129.35 131.22 132.96 134.55 136.01 137.32 138.48 139.49 140.35 141.06 141.62 142.01 142.23 142.30 142.26 142.10 141.82 141.41 140.88 140.22 139.46 138.58 137.59 136.51 135.33 134.06 132.71 131.27 129.76 128.18 126.53 124.82 123.05 121.24 119.37 117.46 115.52 113.54 111.54 109.52 107.47 105.42 103.35 101.29 99.22 97.16 95.12 93.08 91.08 89.09 87.14 85.22 83.35 81.52 79.74 78.01 76.35 74.75 73.22 71.76 70.39 69.10 67.90 66.79 65.77 64.85 64.02 63.20 62.36 61.52 60.72 59.96 59.24
125.16 127.25 129.20 131.02 132.71 134.25 135.66 136.92 138.04 139.01 139.83 140.50 141.00 141.35 141.53 141.57 141.50 141.32 141.03 140.62 140.08 139.43 138.66 137.78 136.80 135.72 134.54 133.28 131.93 130.49 128.99 127.41 125.77 124.06 122.30 120.49 118.63 116.73 114.79 112.83 110.83 108.81 106.78 104.73 102.68 100.62 98.57 96.52 94.49 92.47 90.47 88.50 86.56 84.66 82.80 80.98 79.22 77.51 75.86 74.28 72.77 71.33 69.97 68.70 67.52 66.42 65.41 64.50 63.67 62.86 62.03 61.17 60.32 59.50 58.73
125.05 127.08 128.97 130.74 132.37 133.86 135.21 136.43 137.50 138.42 139.20 139.82 140.28 140.58 140.73 140.73 140.63 140.43 140.12 139.71 139.17 138.52 137.76 136.88 135.91 134.83 133.66 132.40 131.05 129.63 128.13 126.56 124.92 123.22 121.47 119.67 117.82 115.93 114.00 112.05 110.06 108.06 106.04 104.00 101.96 99.92 97.88 95.85 93.83 91.82 89.84 87.89 85.97 84.08 82.24 80.44 78.69 77.00 75.38 73.81 72.32 70.90 69.57 68.31 67.15 66.06 65.06 64.15 63.33 62.52 61.69 60.84 59.97 59.10 58.28
