data_output/RCH/Precip_2011_02.asc
ncols        168
nrows        136
xllcorner    455000
yllcorner    2107000
cellsize     500
NODATA_value     -99999
[rows 36 to 71 of 136, columns 82 to 163 of 168]
0.00 0.00 0.00 0.00 0.00 0.00 0.00 0.00 0.00 0.00 0.00 0.00 0.00 0.00 0.00 0.00 0.10 1.09 2.14 3.23 4.37 5.55 6.77 8.03 9.31 10.63 11.97 13.33 14.70 16.10 17.50 18.90 20.31 21.72 23.13 24.53 25.92 27.29 28.64 29.98 31.29 32.57 33.81 35.03 36.20 37.33 38.41 39.44 40.42 41.35 42.21 43.01 43.74 44.40 44.96 45.40 45.77 46.08 46.31 46.48 46.58 46.62 46.60 46.52 46.38 46.18 45.93 45.63 45.27 44.87 44.41 43.91 43.37 42.78 42.15 41.49 40.78 40.04 39.26 38.45 37.61 36.74
0.00 0.00 0.00 0.00 0.00 0.00 0.00 0.00 0.00 0.00 0.00 0.00 0.00 0.00 0.00 0.33 1.30 2.32 3.40 4.51 5.67 6.87 8.10 9.37 10.66 11.97 13.31 14.66 16.03 17.41 18.79 20.18 21.56 22.94 24.32 25.68 27.03 28.36 29.67 30.95 32.21 33.43 34.62 35.76 36.87 37.93 38.93 39.89 40.78 41.62 42.39 43.10 43.73 44.29 44.79 45.25 45.66 46.00 46.26 46.46 46.60 46.67 46.67 46.61 46.50 46.32 46.09 45.81 45.47 45.08 44.64 44.15 43.62 43.04 42.41 41.75 41.04 40.30 39.52 38.71 37.86 36.99
0.00 0.00 0.00 0.00 0.00 0.00 0.00 0.00 0.00 0.00 0.00 0.00 0.00 0.00 0.49 1.44 2.44 3.49 4.59 5.73 6.91 8.12 9.36 10.63 11.93 13.24 14.58 15.92 17.28 18.64 20.01 21.37 22.73 24.08 25.42 26.75 28.06 29.35 30.61 31.84 33.04 34.20 35.33 36.41 37.44 38.43 39.36 40.23 41.05 41.79 42.47 43.08 43.62 44.09 44.55 45.02 45.45 45.82 46.13 46.36 46.53 46.63 46.66 46.63 46.54 46.39 46.18 45.92 45.60 45.23 44.80 44.33 43.80 43.23 42.62 41.96 41.26 40.52 39.75 38.93 38.08 37.20
0.00 0.00 0.00 0.00 0.00 0.00 0.00 0.00 0.00 0.00 0.00 0.00 0.00 0.54 1.47 2.46 3.49 4.57 5.69 6.85 8.05 9.27 10.52 11.80 13.10 14.41 15.74 17.08 18.42 19.76 21.11 22.45 23.78 25.11 26.41 27.70 28.97 30.21 31.42 32.60 33.74 34.85 35.91 36.92 37.89 38.80 39.65 40.44 41.17 41.83 42.42 42.93 43.38 43.82 44.27 44.73 45.16 45.56 45.91 46.18 46.38 46.51 46.58 46.58 46.52 46.40 46.21 45.97 45.67 45.32 44.91 44.45 43.95 43.39 42.79 42.14 41.44 40.71 39.94 39.13 38.28 37.39
0.00 0.00 0.00 0.00 0.00 0.00 0.00 0.00 0.00 0.00 0.00 0.00 0.48 1.40 2.37 3.39 4.46 5.56 6.70 7.88 9.09 10.33 11.59 12.87 14.17 15.48 16.80 18.12 19.45 20.78 22.10 23.42 24.72 26.01 27.29 28.53 29.76 30.95 32.11 33.24 34.32 35.37 36.36 37.31 38.20 39.03 39.80 40.51 41.15 41.72 42.22 42.65 43.06 43.50 43.95 44.40 44.83 45.23 45.60 45.91 46.15 46.32 46.42 46.46 46.42 46.33 46.18 45.96 45.68 45.35 44.97 44.53 44.04 43.50 42.91 42.27 41.59 40.86 40.10 39.29 38.44 37.56
0.00 0.00 0.00 0.00 0.00 0.00 0.00 0.00 0.00 0.00 0.00 0.32 1.22 2.18 3.19 4.24 5.33 6.46 7.62 8.82 10.04 11.29 12.55 13.84 15.13 16.44 17.75 19.07 20.38 21.69 22.99 24.28 25.55 26.81 28.04 29.25 30.43 31.58 32.69 33.75 34.78 35.76 36.69 37.56 38.38 39.14 39.83 40.45 41.01 41.48 41.90 42.29 42.71 43.14 43.58 44.03 44.45 44.85 45.22 45.56 45.84 46.05 46.18 46.25 46.26 46.20 46.07 45.88 45.64 45.33 44.97 44.55 44.08 43.55 42.98 42.36 41.69 40.97 40.22 39.42 38.58 37.70
0.00 0.00 0.00 0.00 0.00 0.00 0.00 0.00 0.00 0.00 0.04 0.94 1.88 2.88 3.92 5.00 6.12 7.27 8.46 9.67 10.90 12.16 13.43 14.71 16.01 17.31 18.61 19.91 21.21 22.49 23.77 25.03 26.27 27.49 28.69 29.85 30.99 32.08 33.14 34.15 35.12 36.03 36.89 37.70 38.44 39.12 39.72 40.26 40.72 41.12 41.50 41.90 42.31 42.73 43.17 43.62 44.04 44.43 44.80 45.13 45.44 45.69 45.87 45.98 46.02 45.99 45.90 45.74 45.52 45.24 44.91 44.51 44.06 43.56 43.00 42.40 41.75 41.05 40.30 39.51 38.68 37.81
0.00 0.00 0.00 0.00 0.00 0.00 0.00 0.00 0.00 0.00 0.54 1.48 2.46 3.50 4.57 5.68 6.82 8.00 9.20 10.42 11.67 12.93 14.21 15.49 16.78 18.07 19.36 20.65 21.93 23.19 24.44 25.68 26.89 28.07 29.22 30.35 31.43 32.47 33.48 34.43 35.33 36.18 36.97 37.70 38.37 38.97 39.49 39.94 40.33 40.69 41.07 41.46 41.87 42.29 42.72 43.16 43.58 43.97 44.33 44.67 44.98 45.25 45.47 45.62 45.70 45.71 45.65 45.53 45.34 45.09 44.79 44.42 43.99 43.51 42.98 42.40 41.76 41.08 40.34 39.57 38.75 37.88
0.00 0.00 0.00 0.00 0.00 0.00 0.00 0.00 0.00 0.03 0.96 1.94 2.97 4.03 5.14 6.27 7.44 8.64 9.86 11.09 12.35 13.62 14.89 16.17 17.46 18.74 20.02 21.29 22.55 23.79 25.02 26.22 27.39 28.54 29.65 30.73 31.76 32.75 33.70 34.59 35.43 36.21 36.93 37.59 38.18 38.69 39.13 39.50 39.86 40.23 40.60 40.99 41.39 41.81 42.24 42.67 43.08 43.47 43.82 44.16 44.46 44.74 44.99 45.18 45.30 45.35 45.33 45.25 45.10 44.88 44.60 44.27 43.87 43.41 42.90 42.34 41.73 41.06 40.35 39.58 38.78 37.93
0.00 0.00 0.00 0.00 0.00 0.00 0.00 0.00 0.00 0.34 1.31 2.33 3.40 4.50 5.63 6.79 7.98 9.20 10.43 11.68 12.94 14.21 15.49 16.77 18.05 19.32 20.58 21.84 23.07 24.29 25.48 26.65 27.79 28.90 29.97 31.00 31.98 32.92 33.81 34.64 35.41 36.12 36.77 37.35 37.86 38.29 38.66 39.00 39.36 39.72 40.09 40.48 40.88 41.29 41.71 42.14 42.55 42.93 43.28 43.61 43.92 44.19 44.45 44.67 44.83 44.92 44.94 44.90 44.78 44.60 44.36 44.05 43.68 43.26 42.78 42.24 41.64 41.00 40.31 39.56 38.77 37.93
0.00 0.00 0.00 0.00 0.00 0.00 0.00 0.00 0.00 0.57 1.59 2.65 3.75 4.88 6.04 7.23 8.44 9.67 10.92 12.18 13.45 14.72 16.00 17.27 18.54 19.80 21.05 22.28 23.50 24.69 25.85 26.99 28.09 29.15 30.18 31.16 32.09 32.97 33.80 34.57 35.28 35.92 36.49 37.00 37.42 37.78 38.12 38.47 38.82 39.18 39.55 39.93 40.32 40.73 41.15 41.57 41.98 42.35 42.70 43.03 43.33 43.61 43.86 44.08 44.27 44.41 44.47 44.47 44.39 44.25 44.04 43.77 43.44 43.04 42.59 42.08 41.51 40.89 40.22 39.50 38.72 37.91
0.00 0.00 0.00 0.00 0.00 0.00 0.00 0.00 0.00 0.74 1.80 2.90 4.03 5.19 6.38 7.59 8.82 10.07 11.33 12.60 13.87 15.14 16.42 17.69 18.95 20.19 21.42 22.64 23.83 24.99 26.12 27.22 28.29 29.31 30.29 31.22 32.10 32.92 33.69 34.39 35.03 35.60 36.10 36.52 36.88 37.21 37.55 37.89 38.24 38.60 38.97 39.35 39.74 40.14 40.56 40.97 41.37 41.74 42.09 42.41 42.71 42.98 43.23 43.45 43.65 43.82 43.93 43.97 43.93 43.83 43.66 43.43 43.13 42.77 42.35 41.87 41.33 40.74 40.09 39.39 38.64 37.84
0.00 0.00 0.00 0.00 0.00 0.00 0.00 0.00 0.00 0.85 1.95 3.08 4.24 5.43 6.65 7.88 9.13 10.39 11.66 12.93 14.21 15.48 16.75 18.01 19.26 20.49 21.71 22.90 24.06 25.20 26.30 27.36 28.38 29.36 30.29 31.17 31.99 32.76 33.46 34.10 34.67 35.17 35.59 35.95 36.28 36.61 36.95 37.29 37.64 37.99 38.36 38.73 39.12 39.52 39.93 40.34 40.73 41.10 41.44 41.76 42.06 42.33 42.57 42.79 42.99 43.16 43.30 43.39 43.40 43.34 43.21 43.02 42.76 42.43 42.05 41.60 41.09 40.53 39.91 39.23 38.51 37.73
0.00 0.00 0.00 0.00 0.00 0.00 0.00 0.00 0.00 0.89 2.02 3.19 4.38 5.60 6.84 8.09 9.36 10.63 11.91 13.19 14.47 15.74 17.00 18.26 19.49 20.71 21.90 23.07 24.20 25.31 26.37 27.40 28.38 29.31 30.19 31.02 31.78 32.49 33.13 33.70 34.20 34.62 34.98 35.31 35.64 35.98 36.31 36.65 37.00 37.35 37.71 38.09 38.47 38.86 39.27 39.67 40.06 40.42 40.76 41.08 41.37 41.64 41.88 42.10 42.30 42.47 42.61 42.73 42.79 42.78 42.69 42.54 42.32 42.04 41.68 41.27 40.80 40.27 39.68 39.03 38.33 37.58
0.00 0.00 0.00 0.00 0.00 0.00 0.00 0.00 0.00 0.92 2.04 3.23 4.46 5.70 6.96 8.23 9.51 10.80 12.08 13.37 14.65 15.92 17.17 18.41 19.64 20.83 22.01 23.15 24.25 25.33 26.35 27.34 28.28 29.16 29.99 30.76 31.47 32.12 32.69 33.20 33.62 33.98 34.32 34.65 34.98 35.31 35.65 35.99 36.33 36.68 37.04 37.41 37.78 38.17 38.57 38.97 39.35 39.71 40.05 40.36 40.65 40.91 41.16 41.38 41.57 41.74 41.89 42.01 42.10 42.14 42.10 41.99 41.81 41.57 41.26 40.89 40.45 39.95 39.39 38.78 38.11 37.38
0.00 0.00 0.00 0.00 0.00 0.00 0.00 0.00 0.00 0.94 2.04 3.22 4.47 5.73 7.01 8.30 9.60 10.89 12.18 13.47 14.75 16.01 17.26 18.49 19.70 20.88 22.02 23.14 24.22 25.25 26.24 27.19 28.08 28.92 29.70 30.41 31.06 31.64 32.15 32.58 32.95 33.29 33.62 33.95 34.28 34.62 34.95 35.29 35.63 35.98 36.34 36.70 37.07 37.46 37.85 38.25 38.62 38.97 39.31 39.61 39.90 40.16 40.40 40.62 40.81 40.98 41.13 41.25 41.35 41.42 41.43 41.37 41.24 41.04 40.77 40.44 40.04 39.58 39.05 38.47 37.83 37.14
0.00 0.00 0.00 0.00 0.00 0.00 0.00 0.00 0.00 0.97 2.04 3.19 4.42 5.70 7.00 8.30 9.61 10.91 12.21 13.50 14.77 16.03 17.27 18.49 19.68 20.83 21.96 23.04 24.09 25.09 26.04 26.94 27.79 28.58 29.30 29.96 30.55 31.07 31.51 31.88 32.22 32.56 32.90 33.23 33.56 33.89 34.23 34.57 34.91 35.25 35.60 35.96 36.33 36.71 37.10 37.49 37.86 38.21 38.53 38.84 39.12 39.38 39.62 39.83 40.03 40.20 40.34 40.46 40.56 40.64 40.68 40.67 40.59 40.44 40.21 39.92 39.57 39.15 38.66 38.12 37.51 36.85
0.00 0.00 0.00 0.00 0.00 0.00 0.00 0.00 0.06 1.01 2.04 3.15 4.35 5.61 6.92 8.24 9.55 10.86 12.16 13.45 14.72 15.97 17.20 18.40 19.57 20.71 21.81 22.86 23.88 24.84 25.75 26.61 27.41 28.14 28.81 29.41 29.94 30.39 30.77 31.13 31.47 31.81 32.15 32.48 32.81 33.15 33.48 33.81 34.15 34.50 34.84 35.20 35.56 35.94 36.32 36.70 37.07 37.41 37.74 38.04 38.32 38.57 38.81 39.02 39.21 39.38 39.53 39.65 39.75 39.83 39.88 39.90 39.87 39.77 39.59 39.35 39.03 38.65 38.21 37.70 37.13 36.51
0.00 0.00 0.00 0.00 0.00 0.00 0.00 0.00 0.13 1.05 2.05 3.12 4.28 5.50 6.78 8.11 9.43 10.75 12.05 13.33 14.60 15.84 17.06 18.24 19.39 20.50 21.57 22.60 23.58 24.50 25.37 26.19 26.93 27.62 28.23 28.77 29.23 29.63 29.99 30.35 30.69 31.04 31.37 31.71 32.04 32.37 32.70 33.04 33.37 33.71 34.06 34.41 34.77 35.14 35.52 35.89 36.25 36.59 36.91 37.21 37.48 37.74 37.97 38.18 38.37 38.54 38.69 38.81 38.91 38.99 39.04 39.07 39.08 39.02 38.90 38.70 38.43 38.10 37.70 37.23 36.70 36.12
0.00 0.00 0.00 0.00 0.00 0.00 0.00 0.00 0.20 1.08 2.05 3.09 4.21 5.38 6.62 7.92 9.24 10.56 11.86 13.15 14.41 15.64 16.84 18.00 19.13 20.22 21.26 22.26 23.20 24.08 24.91 25.67 26.37 27.00 27.56 28.03 28.44 28.82 29.19 29.54 29.89 30.24 30.58 30.91 31.24 31.58 31.91 32.24 32.57 32.91 33.25 33.60 33.95 34.32 34.69 35.06 35.41 35.75 36.06 36.35 36.63 36.88 37.11 37.32 37.51 37.67 37.82 37.94 38.04 38.12 38.18 38.21 38.22 38.20 38.13 37.98 37.77 37.48 37.13 36.70 36.22 35.67
0.00 0.00 0.00 0.00 0.00 0.00 0.00 0.00 0.27 1.13 2.06 3.07 4.14 5.27 6.46 7.70 9.00 10.31 11.61 12.89 14.14 15.36 16.55 17.69 18.80 19.86 20.87 21.83 22.73 23.58 24.36 25.08 25.72 26.29 26.79 27.22 27.61 27.99 28.36 28.72 29.07 29.42 29.76 30.09 30.42 30.76 31.08 31.41 31.75 32.08 32.42 32.76 33.11 33.47 33.84 34.20 34.55 34.88 35.19 35.48 35.75 35.99 36.22 36.43 36.62 36.78 36.93 37.05 37.15 37.23 37.29 37.32 37.34 37.33 37.29 37.20 37.03 36.80 36.49 36.12 35.67 35.17
0.00 0.00 0.00 0.00 0.00 0.00 0.00 0.00 0.34 1.17 2.07 3.04 4.07 5.16 6.30 7.49 8.73 10.00 11.30 12.57 13.81 15.01 16.18 17.31 18.39 19.42 20.40 21.33 22.19 22.99 23.73 24.39 24.99 25.50 25.95 26.36 26.75 27.14 27.51 27.87 28.23 28.57 28.92 29.25 29.58 29.91 30.24 30.57 30.90 31.23 31.56 31.90 32.25 32.60 32.96 33.32 33.66 33.99 34.29 34.58 34.84 35.09 35.31 35.52 35.70 35.87 36.01 36.13 36.24 36.32 36.38 36.41 36.43 36.42 36.40 36.34 36.23 36.05 35.79 35.46 35.07 34.61
0.00 0.00 0.00 0.00 0.00 0.00 0.00 0.00 0.41 1.21 2.08 3.01 4.00 5.04 6.14 7.27 8.45 9.67 10.92 12.18 13.41 14.60 15.75 16.85 17.91 18.91 19.86 20.74 21.57 22.33 23.01 23.63 24.16 24.63 25.06 25.48 25.88 26.27 26.64 27.01 27.36 27.71 28.05 28.39 28.72 29.05 29.38 29.70 30.03 30.36 30.69 31.03 31.37 31.71 32.07 32.42 32.76 33.08 33.38 33.66 33.92 34.16 34.38 34.59 34.77 34.93 35.08 35.20 35.30 35.38 35.44 35.48 35.50 35.50 35.47 35.43 35.35 35.22 35.02 34.75 34.40 33.99
0.00 0.00 0.00 0.00 0.00 0.00 0.00 0.00 0.48 1.25 2.09 2.98 3.93 4.93 5.97 7.06 8.18 9.34 10.52 11.73 12.94 14.12 15.25 16.33 17.35 18.33 19.24 20.09 20.87 21.58 22.22 22.78 23.27 23.72 24.16 24.58 24.98 25.38 25.76 26.12 26.48 26.83 27.18 27.51 27.84 28.17 28.50 28.82 29.14 29.47 29.80 30.13 30.46 30.81 31.15 31.50 31.83 32.14 32.44 32.72 32.97 33.21 33.43 33.63 33.81 33.98 34.12 34.24 34.34 34.43 34.49 34.53 34.55 34.55 34.53 34.49 34.42 34.33 34.19 33.97 33.68 33.31
0.00 0.00 0.00 0.00 0.00 0.00 0.00 0.00 0.56 1.30 2.10 2.95 3.86 4.81 5.80 6.84 7.90 9.00 10.12 11.26 12.42 13.57 14.68 15.73 16.73 17.67 18.55 19.35 20.09 20.76 21.35 21.86 22.34 22.80 23.24 23.66 24.07 24.47 24.85 25.22 25.58 25.94 26.28 26.62 26.95 27.27 27.60 27.92 28.24 28.56 28.89 29.21 29.54 29.88 30.22 30.56 30.89 31.19 31.48 31.76 32.01 32.25 32.46 32.66 32.84 33.00 33.14 33.26 33.37 33.45 33.51 33.56 33.58 33.58 33.57 33.53 33.47 33.39 33.28 33.12 32.88 32.57
0.00 0.00 0.00 0.00 0.00 0.00 0.00 0.00 0.63 1.34 2.11 2.92 3.79 4.69 5.64 6.61 7.62 8.66 9.71 10.79 11.87 12.97 14.04 15.07 16.04 16.94 17.78 18.55 19.24 19.86 20.41 20.91 21.40 21.86 22.31 22.73 23.15 23.55 23.93 24.31 24.67 25.02 25.37 25.70 26.03 26.36 26.68 27.00 27.32 27.64 27.96 28.28 28.61 28.94 29.27 29.61 29.93 30.23 30.51 30.78 31.03 31.26 31.48 31.67 31.85 32.01 32.15 32.27 32.37 32.46 32.52 32.57 32.59 32.60 32.58 32.55 32.49 32.42 32.32 32.20 32.02 31.77
0.00 0.00 0.00 0.00 0.00 0.00 0.00 0.08 0.71 1.38 2.11 2.89 3.71 4.57 5.47 6.39 7.34 8.31 9.30 10.31 11.32 12.34 13.35 14.35 15.28 16.15 16.95 17.68 18.32 18.90 19.43 19.95 20.44 20.91 21.36 21.79 22.21 22.61 23.00 23.38 23.74 24.09 24.44 24.78 25.11 25.43 25.75 26.07 26.38 26.70 27.01 27.33 27.65 27.98 28.31 28.63 28.95 29.24 29.52 29.79 30.03 30.26 30.47 30.67 30.84 31.00 31.14 31.26 31.36 31.45 31.51 31.56 31.59 31.59 31.58 31.55 31.50 31.43 31.34 31.23 31.09 30.90
0.00 0.00 0.00 0.00 0.00 0.00 0.00 0.18 0.78 1.43 2.12 2.86 3.64 4.45 5.29 6.16 7.05 7.96 8.89 9.82 10.76 11.70 12.64 13.56 14.46 15.29 16.05 16.73 17.34 17.91 18.45 18.97 19.46 19.94 20.40 20.83 21.26 21.66 22.05 22.43 22.80 23.15 23.50 23.83 24.16 24.49 24.81 25.12 25.43 25.75 26.06 26.37 26.69 27.00 27.33 27.65 27.96 28.25 28.52 28.78 29.02 29.25 29.45 29.65 29.82 29.97 30.11 30.23 30.34 30.42 30.49 30.54 30.57 30.58 30.57 30.54 30.49 30.43 30.34 30.24 30.11 29.96
0.00 0.00 0.00 0.00 0.00 0.00 0.00 0.28 0.85 1.46 2.12 2.82 3.56 4.32 5.11 5.93 6.76 7.61 8.47 9.33 10.19 11.05 11.91 12.75 13.58 14.37 15.08 15.73 16.33 16.90 17.45 17.98 18.48 18.96 19.42 19.87 20.29 20.70 21.09 21.47 21.84 22.20 22.54 22.88 23.21 23.53 23.85 24.16 24.47 24.78 25.09 25.40 25.71 26.02 26.34 26.65 26.95 27.24 27.51 27.76 28.00 28.22 28.42 28.61 28.78 28.94 29.07 29.19 29.30 29.38 29.45 29.50 29.53 29.54 29.54 29.51 29.47 29.41 29.33 29.23 29.11 28.97
0.00 0.00 0.00 0.00 0.00 0.00 0.00 0.38 0.92 1.50 2.12 2.78 3.47 4.19 4.93 5.69 6.46 7.25 8.04 8.83 9.62 10.40 11.18 11.93 12.67 13.39 14.06 14.70 15.31 15.89 16.44 16.98 17.48 17.97 18.44 18.89 19.32 19.73 20.13 20.51 20.88 21.23 21.58 21.92 22.25 22.57 22.88 23.19 23.50 23.80 24.11 24.41 24.71 25.02 25.33 25.64 25.93 26.21 26.48 26.73 26.96 27.18 27.38 27.56 27.73 27.89 28.02 28.14 28.24 28.33 28.40 28.45 28.48 28.50 28.49 28.47 28.43 28.38 28.30 28.21 28.09 27.96
0.00 0.00 0.00 0.00 0.00 0.00 0.01 0.48 0.99 1.54 2.12 2.74 3.39 4.06 4.75 5.45 6.16 6.88 7.61 8.33 9.04 9.75 10.44 11.11 11.76 12.39 13.02 13.66 14.28 14.86 15.43 15.97 16.48 16.97 17.45 17.90 18.33 18.75 19.15 19.53 19.90 20.26 20.61 20.94 21.27 21.59 21.90 22.21 22.52 22.82 23.11 23.41 23.71 24.01 24.32 24.62 24.91 25.18 25.44 25.68 25.91 26.13 26.32 26.51 26.67 26.82 26.96 27.08 27.18 27.27 27.33 27.39 27.42 27.44 27.44 27.42 27.39 27.33 27.26 27.17 27.06 26.94
0.00 0.00 0.00 0.00 0.00 0.00 0.13 0.57 1.05 1.57 2.12 2.70 3.30 3.92 4.55 5.20 5.86 6.51 7.17 7.82 8.46 9.08 9.69 10.27 10.84 11.41 12.00 12.62 13.24 13.83 14.41 14.95 15.47 15.97 16.45 16.90 17.34 17.76 18.16 18.55 18.92 19.28 19.63 19.96 20.29 20.61 20.92 21.22 21.52 21.82 22.11 22.41 22.70 23.00 23.29 23.59 23.87 24.14 24.39 24.63 24.85 25.06 25.26 25.44 25.60 25.75 25.89 26.00 26.10 26.19 26.26 26.31 26.35 26.37 26.37 26.36 26.33 26.28 26.21 26.13 26.02 25.90
0.00 0.00 0.00 0.00 0.00 0.00 0.25 0.66 1.11 1.60 2.11 2.65 3.20 3.77 4.36 4.95 5.54 6.14 6.72 7.30 7.86 8.41 8.93 9.44 9.95 10.48 11.03 11.61 12.20 12.80 13.38 13.93 14.46 14.96 15.44 15.90 16.34 16.76 17.17 17.56 17.93 18.29 18.64 18.97 19.30 19.61 19.92 20.23 20.52 20.82 21.11 21.39 21.68 21.97 22.26 22.55 22.82 23.09 23.33 23.57 23.79 23.99 24.18 24.36 24.52 24.67 24.80 24.92 25.02 25.11 25.18 25.23 25.27 25.29 25.30 25.29 25.26 25.21 25.15 25.07 24.98 24.86
0.00 0.00 0.00 0.00 0.00 0.01 0.36 0.75 1.17 1.62 2.10 2.59 3.10 3.62 4.16 4.69 5.22 5.75 6.27 6.78 7.26 7.73 8.18 8.63 9.10 9.59 10.10 10.64 11.19 11.76 12.34 12.90 13.43 13.94 14.43 14.89 15.34 15.76 16.17 16.56 16.93 17.30 17.64 17.98 18.30 18.62 18.92 19.22 19.52 19.81 20.09 20.38 20.66 20.94 21.22 21.50 21.77 22.03 22.27 22.50 22.71 22.92 23.10 23.28 23.44 23.58 23.71 23.83 23.93 24.02 24.09 24.14 24.18 24.21 24.21 24.21 24.18 24.14 24.08 24.01 23.92 23.80
0.00 0.00 0.00 0.00 0.00 0.14 0.47 0.83 1.22 1.64 2.08 2.53 3.00 3.47 3.95 4.42 4.90 5.36 5.81 6.24 6.66 7.05 7.45 7.86 8.29 8.75 9.22 9.71 10.22 10.76 11.31 11.87 12.41 12.92 13.41 13.88 14.33 14.76 15.17 15.56 15.94 16.30 16.64 16.98 17.30 17.62 17.92 18.22 18.51 18.79 19.07 19.35 19.63 19.90 20.18 20.45 20.72 20.96 21.20 21.43 21.64 21.83 22.02 22.19 22.35 22.49 22.62 22.73 22.83 22.92 22.99 23.05 23.09 23.11 23.12 23.12 23.10 23.06 23.01 22.94 22.85 22.74
0.00 0.00 0.00 0.00 0.00 0.27 0.58 0.91 1.27 1.65 2.05 2.46 2.88 3.31 3.73 4.15 4.56 4.96 5.34 5.70 6.04 6.39 6.75 7.13 7.53 7.94 8.37 8.83 9.30 9.79 10.31 10.84 11.38 11.90 12.40 12.87 13.32 13.75 14.16 14.56 14.93 15.29 15.64 15.98 16.30 16.61 16.91 17.21 17.49 17.77 18.05 18.32 18.59 18.86 19.13 19.40 19.65 19.90 20.13 20.35 20.55 20.75 20.93 21.09 21.25 21.39 21.52 21.63 21.73 21.82 21.89 21.94 21.99 22.01 22.03 22.02 22.01 21.97 21.92 21.86 21.77 21.66
