data_output/RCH/Precip_2010_02.asc
ncols        168
nrows        136
xllcorner    455000
yllcorner    2107000
cellsize     500
NODATA_value     -99999
[rows 33 to 65 of 136, columns 75 to 149 of 168]
52.46 52.72 53.00 53.31 53.62 53.94 54.24 54.50 54.72 54.91 55.06 55.19 55.28 55.35 55.38 55.38 55.36 55.32 55.24 55.14 55.02 54.88 54.72 54.53 54.33 54.10 53.86 53.60 53.33 53.04 52.74 52.43 52.10 51.76 51.42 51.06 50.69 50.32 49.95 49.56 49.18 48.79 48.40 48.00 47.61 47.22 46.82 46.44 46.05 45.67 45.29 44.92 44.56 44.21 43.87 43.54 43.24 42.99 42.79 42.66 42.64 42.76 43.00 43.33 43.71 44.14 44.61 45.13 45.69 46.28 46.92 47.58 48.28 49.01 49.76
52.22 52.49 52.78 53.09 53.40 53.69 53.94 54.16 54.35 54.51 54.63 54.72 54.79 54.83 54.84 54.83 54.79 54.72 54.64 54.53 54.40 54.25 54.08 53.90 53.69 53.47 53.24 52.99 52.72 52.45 52.16 51.87 51.56 51.24 50.92 50.59 50.26 49.92 49.57 49.23 48.88 48.53 48.18 47.83 47.48 47.14 46.80 46.47 46.14 45.82 45.50 45.20 44.90 44.62 44.35 44.09 43.84 43.64 43.48 43.40 43.44 43.61 43.87 44.18 44.54 44.95 45.41 45.91 46.45 47.03 47.65 48.31 48.99 49.71 50.45
52.00 52.28 52.58 52.89 53.16 53.41 53.63 53.81 53.96 54.09 54.18 54.25 54.29 54.31 54.30 54.27 54.21 54.14 54.04 53.93 53.79 53.64 53.47 53.28 53.08 52.87 52.64 52.40 52.15 51.89 51.62 51.35 51.06 50.77 50.48 50.18 49.87 49.57 49.26 48.95 48.64 48.34 48.03 47.73 47.44 47.15 46.86 46.59 46.32 46.06 45.81 45.57 45.34 45.13 44.93 44.75 44.58 44.43 44.32 44.29 44.38 44.56 44.80 45.09 45.44 45.83 46.27 46.75 47.28 47.84 48.44 49.08 49.75 50.45 51.18
51.81 52.10 52.39 52.66 52.90 53.11 53.29 53.44 53.56 53.66 53.73 53.77 53.79 53.79 53.76 53.71 53.65 53.56 53.46 53.34 53.20 53.05 52.88 52.70 52.50 52.30 52.08 51.86 51.62 51.38 51.13 50.87 50.62 50.35 50.09 49.82 49.55 49.28 49.01 48.74 48.48 48.22 47.96 47.71 47.47 47.24 47.01 46.79 46.59 46.39 46.21 46.04 45.89 45.75 45.62 45.52 45.43 45.36 45.32 45.33 45.43 45.59 45.81 46.08 46.40 46.77 47.19 47.65 48.16 48.71 49.29 49.91 50.56 51.25 51.96
51.69 51.87 52.08 52.31 52.51 52.69 52.84 52.96 53.05 53.13 53.17 53.20 53.20 53.18 53.14 53.09 53.01 52.92 52.81 52.69 52.55 52.41 52.24 52.07 51.89 51.69 51.49 51.29 51.07 50.85 50.63 50.40 50.17 49.94 49.71 49.47 49.24 49.01 48.79 48.57 48.35 48.14 47.94 47.75 47.56 47.39 47.22 47.07 46.93 46.80 46.69 46.60 46.52 46.46 46.41 46.39 46.39 46.41 46.44 46.48 46.56 46.69 46.89 47.13 47.43 47.78 48.18 48.62 49.10 49.63 50.19 50.79 51.42 52.09 52.79
51.63 51.43 51.30 51.44 51.62 51.78 51.90 52.01 52.09 52.15 52.18 52.20 52.20 52.17 52.14 52.08 52.01 51.92 51.82 51.71 51.59 51.45 51.31 51.16 51.00 50.83 50.65 50.48 50.29 50.11 49.92 49.73 49.54 49.35 49.17 48.98 48.80 48.63 48.45 48.29 48.13 47.99 47.85 47.72 47.60 47.50 47.41 47.33 47.27 47.23 47.20 47.19 47.20 47.22 47.27 47.35 47.44 47.55 47.64 47.69 47.75 47.86 48.03 48.25 48.52 48.84 49.22 49.63 50.10 50.60 51.14 51.72 52.33 52.98 53.65
51.42 50.75 50.18 50.01 50.12 50.26 50.38 50.48 50.56 50.62 50.66 50.69 50.69 50.68 50.65 50.61 50.56 50.49 50.42 50.33 50.23 50.13 50.01 49.89 49.77 49.64 49.51 49.37 49.23 49.10 48.96 48.82 48.69 48.55 48.43 48.30 48.19 48.08 47.98 47.88 47.80 47.73 47.67 47.62 47.59 47.57 47.57 47.58 47.61 47.66 47.73 47.82 47.93 48.06 48.21 48.39 48.59 48.76 48.86 48.92 48.99 49.09 49.23 49.42 49.67 49.96 50.31 50.70 51.14 51.62 52.14 52.69 53.28 53.90 54.56
50.98 49.86 48.86 48.27 48.09 48.17 48.30 48.41 48.51 48.58 48.64 48.68 48.71 48.72 48.72 48.71 48.69 48.65 48.61 48.56 48.51 48.44 48.38 48.30 48.23 48.15 48.07 48.00 47.92 47.84 47.77 47.70 47.63 47.57 47.51 47.47 47.43 47.40 47.38 47.37 47.38 47.40 47.43 47.47 47.54 47.62 47.71 47.83 47.97 48.12 48.30 48.50 48.73 48.98 49.26 49.55 49.81 49.99 50.10 50.18 50.26 50.36 50.48 50.65 50.87 51.14 51.46 51.82 52.23 52.69 53.18 53.71 54.28 54.88 55.51
50.32 48.77 47.36 46.36 45.78 45.60 45.69 45.82 45.94 46.04 46.13 46.21 46.27 46.32 46.36 46.39 46.41 46.43 46.44 46.44 46.44 46.43 46.42 46.41 46.40 46.39 46.38 46.37 46.37 46.37 46.37 46.38 46.40 46.42 46.45 46.50 46.55 46.61 46.69 46.78 46.89 47.01 47.15 47.30 47.47 47.67 47.88 48.11 48.37 48.65 48.95 49.28 49.63 50.01 50.41 50.77 51.05 51.25 51.38 51.46 51.55 51.66 51.79 51.94 52.13 52.37 52.66 53.00 53.38 53.80 54.27 54.77 55.31 55.89 56.50
49.45 47.49 45.68 44.29 43.33 42.77 42.62 42.73 42.89 43.03 43.17 43.29 43.40 43.50 43.60 43.69 43.77 43.84 43.92 43.99 44.05 44.12 44.18 44.25 44.31 44.38 44.45 44.53 44.61 44.70 44.79 44.90 45.01 45.13 45.27 45.41 45.57 45.74 45.93 46.13 46.35 46.59 46.85 47.13 47.42 47.74 48.08 48.45 48.84 49.25 49.69 50.16 50.66 51.18 51.65 52.03 52.32 52.53 52.67 52.76 52.87 52.98 53.12 53.27 53.44 53.65 53.91 54.22 54.57 54.97 55.41 55.89 56.40 56.95 57.53
48.39 46.04 43.85 42.09 40.76 39.84 39.34 39.22 39.37 39.58 39.77 39.95 40.13 40.30 40.46 40.62 40.77 40.92 41.07 41.22 41.37 41.52 41.67 41.82 41.98 42.14 42.31 42.49 42.67 42.86 43.06 43.27 43.49 43.73 43.98 44.24 44.52 44.81 45.12 45.45 45.80 46.17 46.56 46.98 47.41 47.87 48.35 48.86 49.40 49.97 50.56 51.18 51.82 52.42 52.91 53.31 53.61 53.84 53.99 54.09 54.20 54.33 54.47 54.63 54.80 55.00 55.22 55.50 55.82 56.19 56.60 57.04 57.53 58.05 58.60
47.14 44.42 41.88 39.76 38.08 36.82 35.98 35.54 35.48 35.70 35.96 36.22 36.47 36.72 36.97 37.21 37.45 37.69 37.93 38.17 38.42 38.66 38.92 39.17 39.44 39.71 39.98 40.27 40.57 40.88 41.20 41.53 41.88 42.24 42.61 43.01 43.42 43.85 44.30 44.77 45.26 45.77 46.31 46.87 47.46 48.07 48.71 49.38 50.08 50.81 51.57 52.35 53.07 53.69 54.20 54.61 54.93 55.17 55.33 55.45 55.57 55.70 55.85 56.01 56.19 56.38 56.59 56.83 57.12 57.46 57.84 58.25 58.71 59.20 59.72
45.73 42.65 39.77 37.32 35.31 33.72 32.56 31.80 31.45 31.48 31.77 32.12 32.46 32.81 33.15 33.49 33.83 34.17 34.52 34.87 35.22 35.58 35.94 36.32 36.70 37.09 37.49 37.91 38.33 38.77 39.22 39.69 40.18 40.68 41.20 41.73 42.29 42.87 43.47 44.10 44.75 45.42 46.12 46.84 47.59 48.38 49.19 50.03 50.90 51.81 52.73 53.60 54.35 54.99 55.51 55.94 56.28 56.53 56.70 56.82 56.95 57.09 57.25 57.42 57.60 57.79 58.00 58.22 58.48 58.78 59.12 59.51 59.93 60.39 60.88
44.16 40.75 37.54 34.77 32.45 30.56 29.09 28.04 27.40 27.15 27.28 27.67 28.12 28.57 29.02 29.47 29.93 30.39 30.85 31.32 31.80 32.29 32.78 33.28 33.80 34.32 34.86 35.42 35.98 36.57 37.17 37.78 38.42 39.08 39.75 40.45 41.17 41.91 42.68 43.47 44.29 45.13 46.01 46.91 47.84 48.80 49.80 50.83 51.89 52.97 53.99 54.89 55.66 56.31 56.85 57.30 57.64 57.91 58.09 58.22 58.36 58.51 58.67 58.84 59.03 59.22 59.43 59.65 59.88 60.15 60.46 60.81 61.20 61.62 62.08
42.44 38.71 35.20 32.14 29.52 27.34 25.59 24.26 23.35 22.83 22.71 22.96 23.47 24.04 24.61 25.19 25.78 26.37 26.96 27.57 28.18 28.81 29.44 30.09 30.75 31.43 32.12 32.83 33.55 34.29 35.05 35.83 36.63 37.46 38.30 39.17 40.07 40.99 41.93 42.90 43.91 44.94 46.00 47.09 48.22 49.38 50.57 51.80 53.05 54.23 55.28 56.20 56.98 57.66 58.22 58.67 59.03 59.31 59.50 59.65 59.79 59.94 60.11 60.29 60.48 60.67 60.88 61.10 61.33 61.58 61.85 62.16 62.52 62.91 63.33
40.60 36.57 32.77 29.43 26.53 24.09 22.07 20.48 19.31 18.55 18.18 18.20 18.59 19.24 19.95 20.67 21.39 22.13 22.87 23.63 24.39 25.17 25.96 26.77 27.59 28.43 29.29 30.16 31.05 31.97 32.90 33.86 34.84 35.85 36.87 37.93 39.01 40.12 41.26 42.43 43.63 44.86 46.13 47.43 48.76 50.13 51.53 52.96 54.31 55.53 56.60 57.53 58.34 59.03 59.60 60.07 60.45 60.73 60.94 61.09 61.24 61.40 61.57 61.76 61.95 62.15 62.36 62.57 62.80 63.04 63.29 63.57 63.88 64.24 64.63
38.63 34.32 30.25 26.65 23.50 20.80 18.54 16.71 15.30 14.31 13.71 13.51 13.70 14.25 15.06 15.93 16.81 17.70 18.61 19.52 20.45 21.40 22.36 23.34 24.34 25.35 26.39 27.44 28.52 29.62 30.74 31.89 33.06 34.26 35.49 36.75 38.03 39.35 40.69 42.07 43.48 44.93 46.41 47.93 49.48 51.07 52.69 54.22 55.61 56.85 57.94 58.89 59.72 60.42 61.01 61.50 61.89 62.18 62.40 62.56 62.72 62.88 63.06 63.24 63.44 63.64 63.85 64.07 64.29 64.53 64.77 65.02 65.30 65.62 65.97
36.56 31.98 27.67 23.82 20.43 17.50 15.01 12.96 11.34 10.13 9.33 8.92 8.91 9.28 10.01 11.00 12.05 13.11 14.19 15.28 16.39 17.52 18.66 19.83 21.01 22.22 23.45 24.70 25.97 27.27 28.60 29.95 31.33 32.74 34.18 35.65 37.15 38.68 40.25 41.85 43.49 45.16 46.87 48.62 50.41 52.22 53.95 55.52 56.93 58.19 59.30 60.28 61.12 61.84 62.45 62.95 63.35 63.65 63.88 64.04 64.21 64.38 64.57 64.75 64.95 65.15 65.36 65.58 65.80 66.03 66.27 66.51 66.76 67.04 67.36
34.39 29.57 25.02 20.95 17.35 14.20 11.50 9.25 7.42 6.02 5.03 4.44 4.25 4.44 5.01 5.94 7.13 8.38 9.64 10.93 12.23 13.55 14.89 16.26 17.65 19.06 20.49 21.95 23.44 24.95 26.49 28.06 29.66 31.29 32.96 34.66 36.39 38.15 39.95 41.79 43.67 45.58 47.54 49.54 51.55 53.49 55.25 56.85 58.28 59.56 60.69 61.69 62.55 63.28 63.91 64.42 64.83 65.15 65.38 65.56 65.73 65.91 66.09 66.28 66.48 66.68 66.89 67.11 67.33 67.55 67.79 68.02 68.26 68.51 68.79
32.13 27.09 22.33 18.05 14.25 10.91 8.02 5.58 3.57 1.99 0.83 0.08 0.00 0.00 0.19 0.98 2.13 3.53 4.99 6.48 7.99 9.52 11.08 12.65 14.26 15.88 17.54 19.22 20.93 22.67 24.45 26.25 28.08 29.95 31.86 33.79 35.77 37.78 39.83 41.92 44.05 46.22 48.44 50.67 52.82 54.79 56.58 58.20 59.66 60.96 62.11 63.12 64.00 64.75 65.39 65.91 66.33 66.66 66.90 67.09 67.27 67.45 67.64 67.83 68.03 68.23 68.44 68.66 68.87 69.10 69.32 69.55 69.79 70.02 70.27
29.81 24.56 19.61 15.14 11.15 7.63 4.57 1.97 0.00 0.00 0.00 0.00 0.00 0.00 0.00 0.00 0.00 0.00 0.27 1.97 3.70 5.45 7.23 9.04 10.87 12.73 14.62 16.54 18.49 20.47 22.49 24.54 26.62 28.74 30.90 33.09 35.32 37.60 39.91 42.26 44.66 47.10 49.56 51.93 54.12 56.11 57.93 59.57 61.05 62.37 63.55 64.58 65.47 66.24 66.89 67.43 67.86 68.20 68.45 68.64 68.82 69.01 69.21 69.40 69.60 69.81 70.01 70.22 70.44 70.65 70.87 71.10 71.32 71.55 71.78
27.43 21.98 16.86 12.23 8.07 4.40 1.18 0.00 0.00 0.00 0.00 0.00 0.00 0.00 0.00 0.00 0.00 0.00 0.00 0.00 0.00 1.37 3.39 5.44 7.51 9.62 11.76 13.93 16.13 18.37 20.64 22.95 25.30 27.68 30.10 32.57 35.07 37.62 40.21 42.84 45.52 48.22 50.82 53.23 55.44 57.47 59.31 60.97 62.48 63.82 65.01 66.06 66.97 67.75 68.42 68.97 69.41 69.76 70.02 70.21 70.40 70.60 70.79 70.99 71.19 71.39 71.60 71.81 72.02 72.23 72.44 72.66 72.88 73.10 73.32
25.00 19.39 14.11 9.32 5.02 1.20 0.00 0.00 0.00 0.00 0.00 0.00 0.00 0.00 0.00 0.00 0.00 0.00 0.00 0.00 0.00 0.00 0.00 1.88 4.21 6.58 8.98 11.41 13.88 16.39 18.93 21.51 24.14 26.80 29.50 32.25 35.04 37.87 40.75 43.67 46.62 49.47 52.12 54.55 56.79 58.84 60.71 62.40 63.92 65.29 66.50 67.56 68.49 69.29 69.96 70.53 70.98 71.34 71.60 71.81 72.00 72.20 72.40 72.60 72.80 73.00 73.21 73.41 73.62 73.82 74.03 74.24 74.45 74.66 74.87
22.54 16.77 11.36 6.44 2.01 0.00 0.00 0.00 0.00 0.00 0.00 0.00 0.00 0.00 0.00 0.00 0.00 0.00 0.00 0.00 0.00 0.00 0.00 0.00 0.98 3.62 6.30 9.01 11.76 14.55 17.38 20.25 23.16 26.12 29.11 32.16 35.25 38.38 41.56 44.77 47.87 50.76 53.44 55.90 58.17 60.25 62.14 63.85 65.39 66.78 68.00 69.09 70.03 70.84 71.53 72.11 72.57 72.94 73.21 73.42 73.62 73.82 74.02 74.23 74.43 74.63 74.83 75.03 75.23 75.44 75.64 75.84 76.04 76.23 76.43
20.05 14.16 8.62 3.59 0.00 0.00 0.00 0.00 0.00 0.00 0.00 0.00 0.00 0.00 0.00 0.00 0.00 0.00 0.00 0.00 0.00 0.00 0.00 0.00 0.00 0.78 3.75 6.75 9.80 12.89 16.01 19.18 22.40 25.66 28.97 32.32 35.72 39.17 42.65 46.01 49.16 52.08 54.78 57.28 59.57 61.67 63.59 65.32 66.89 68.29 69.54 70.64 71.60 72.42 73.13 73.71 74.19 74.56 74.84 75.06 75.26 75.47 75.67 75.87 76.07 76.27 76.47 76.67 76.87 77.06 77.26 77.45 77.64 77.83 78.01
17.56 11.55 5.91 0.79 0.00 0.00 0.00 0.00 0.00 0.00 0.00 0.00 0.00 0.00 0.00 0.00 0.00 0.00 0.00 0.00 0.00 0.00 0.00 0.00 0.00 0.00 1.35 4.67 8.02 11.41 14.86 18.34 21.88 25.46 29.08 32.76 36.49 40.25 43.88 47.29 50.47 53.42 56.15 58.68 61.00 63.12 65.06 66.82 68.41 69.83 71.09 72.21 73.18 74.02 74.74 75.34 75.82 76.20 76.49 76.71 76.92 77.13 77.33 77.54 77.74 77.94 78.13 78.33 78.52 78.71 78.89 79.08 79.26 79.43 79.61
15.08 8.96 3.25 0.00 0.00 0.00 0.00 0.00 0.00 0.00 0.00 0.00 0.00 0.00 0.00 0.00 0.00 0.00 0.00 0.00 0.00 0.00 0.00 0.00 0.00 0.00 0.00 2.77 6.44 10.16 13.93 17.75 21.61 25.52 29.49 33.51 37.55 41.47 45.16 48.60 51.81 54.79 57.55 60.10 62.45 64.60 66.56 68.34 69.95 71.39 72.67 73.80 74.79 75.65 76.37 76.98 77.47 77.87 78.16 78.38 78.60 78.81 79.01 79.22 79.42 79.62 79.81 80.00 80.19 80.37 80.55 80.72 80.89 81.06 81.22
12.60 6.41 0.63 0.00 0.00 0.00 0.00 0.00 0.00 0.00 0.00 0.00 0.00 0.00 0.00 0.00 0.00 0.00 0.00 0.00 0.00 0.00 0.00 0.00 0.00 0.00 0.00 1.08 5.10 9.15 13.26 17.42 21.63 25.89 30.21 34.55 38.77 42.74 46.46 49.93 53.17 56.18 58.97 61.55 63.92 66.10 68.08 69.88 71.51 72.97 74.27 75.42 76.42 77.29 78.03 78.65 79.15 79.55 79.85 80.08 80.29 80.51 80.71 80.92 81.12 81.31 81.50 81.69 81.87 82.04 82.21 82.38 82.54 82.69 82.84
10.16 3.91 0.00 0.00 0.00 0.00 0.00 0.00 0.00 0.00 0.00 0.00 0.00 0.00 0.00 0.00 0.00 0.00 0.00 0.00 0.00 0.00 0.00 0.00 0.00 0.00 0.00 0.00 4.00 8.41 12.88 17.39 21.96 26.58 31.23 35.76 40.02 44.03 47.78 51.29 54.56 57.60 60.42 63.02 65.42 67.62 69.63 71.45 73.10 74.58 75.89 77.06 78.07 78.95 79.70 80.33 80.84 81.25 81.55 81.79 82.01 82.22 82.43 82.64 82.83 83.03 83.21 83.39 83.57 83.74 83.90 84.05 84.20 84.34 84.48
7.76 1.47 0.00 0.00 0.00 0.00 0.00 0.00 0.00 0.00 0.00 0.00 0.00 0.00 0.00 0.00 0.00 0.00 0.00 0.00 0.00 0.00 0.00 0.00 0.00 0.00 0.00 0.00 3.19 7.97 12.80 17.68 22.62 27.59 32.43 37.00 41.30 45.34 49.13 52.67 55.97 59.04 61.89 64.52 66.94 69.17 71.20 73.04 74.71 76.20 77.54 78.72 79.75 80.64 81.40 82.04 82.56 82.97 83.28 83.52 83.74 83.96 84.17 84.37 84.57 84.76 84.94 85.11 85.28 85.44 85.60 85.74 85.88 86.01 86.13
5.41 0.00 0.00 0.00 0.00 0.00 0.00 0.00 0.00 0.00 0.00 0.00 0.00 0.00 0.00 0.00 0.00 0.00 0.00 0.00 0.00 0.00 0.00 0.00 0.00 0.00 0.00 0.00 2.68 7.83 13.05 18.32 23.62 28.78 33.66 38.27 42.61 46.69 50.51 54.08 57.41 60.51 63.39 66.04 68.49 70.74 72.79 74.65 76.34 77.85 79.20 80.40 81.44 82.35 83.12 83.76 84.29 84.71 85.03 85.27 85.50 85.71 85.92 86.12 86.32 86.50 86.68 86.85 87.01 87.17 87.31 87.44 87.57 87.69 87.80
3.12 0.00 0.00 0.00 0.00 0.00 0.00 0.00 0.00 0.00 0.00 0.00 0.00 0.00 0.00 0.00 0.00 0.00 0.00 0.00 0.00 0.00 0.00 0.00 0.00 0.00 0.00 0.00 2.53 8.04 13.65 19.29 24.78 30.00 34.92 39.57 43.95 48.06 51.91 55.51 58.87 62.00 64.90 67.59 70.06 72.33 74.40 76.29 77.99 79.52 80.89 82.10 83.16 84.07 84.85 85.51 86.05 86.47 86.79 87.04 87.26 87.48 87.69 87.89 88.09 88.27 88.44 88.60 88.76 88.90 89.04 89.16 89.28 89.38 89.47
0.92 0.00 0.00 0.00 0.00 0.00 0.00 0.00 0.00 0.00 0.00 0.00 0.00 0.00 0.00 0.00 0.00 0.00 0.00 0.00 0.00 0.00 0.00 0.00 0.00 0.00 0.00 0.00 2.90 8.65 14.60 20.44 25.99 31.25 36.21 40.90 45.31 49.45 53.34 56.97 60.36 63.52 66.45 69.16 71.65 73.94 76.04 77.94 79.66 81.21 82.60 83.82 84.89 85.82 86.61 87.27 87.82 88.25 88.57 88.82 89.05 89.27 89.48 89.68 89.87 90.05 90.22 90.37 90.52 90.66 90.78 90.89 91.00 91.09 91.17
