data_output/RCH/Precip_1989_12.asc
ncols        168
nrows        136
xllcorner    455000
yllcorner    2107000
cellsize     500
NODATA_value     -99999
[rows 68 to 101 of 136, columns 77 to 153 of 168]
14.20 14.21 14.24 14.29 14.36 14.46 14.58 14.72 14.88 15.06 15.27 15.50 15.74 16.02 16.31 16.62 16.92 17.20 17.45 17.68 17.89 18.08 18.26 18.41 18.56 18.68 18.80 18.91 19.00 19.09 19.17 19.24 19.32 19.40 19.49 19.59 19.69 19.80 19.91 20.04 20.17 20.31 20.46 20.61 20.78 20.95 21.13 21.32 21.52 21.73 21.95 22.17 22.41 22.65 22.91 23.17 23.45 23.73 24.03 24.33 24.65 24.98 25.32 25.67 26.02 26.39 26.77 27.14 27.52 27.91 28.29 28.68 29.07 29.46 29.84 30.23 30.62
14.19 14.19 14.21 14.26 14.33 14.42 14.54 14.68 14.84 15.02 15.23 15.46 15.71 15.98 16.28 16.59 16.90 17.18 17.44 17.68 17.89 18.09 18.27 18.43 18.58 18.72 18.84 18.95 19.06 19.15 19.24 19.33 19.42 19.52 19.62 19.74 19.85 19.98 20.11 20.25 20.40 20.55 20.71 20.88 21.05 21.24 21.43 21.63 21.84 22.05 22.28 22.51 22.75 23.00 23.27 23.54 23.82 24.10 24.40 24.71 25.03 25.36 25.70 26.05 26.41 26.78 27.16 27.54 27.93 28.32 28.70 29.10 29.49 29.88 30.27 30.66 31.05
14.18 14.17 14.19 14.24 14.30 14.39 14.51 14.64 14.80 14.99 15.19 15.42 15.68 15.95 16.25 16.57 16.88 17.17 17.43 17.68 17.90 18.10 18.29 18.46 18.61 18.75 18.88 19.00 19.11 19.22 19.32 19.42 19.53 19.65 19.77 19.90 20.03 20.17 20.32 20.47 20.63 20.79 20.97 21.15 21.33 21.53 21.73 21.94 22.15 22.38 22.61 22.85 23.10 23.36 23.63 23.90 24.19 24.48 24.78 25.09 25.41 25.74 26.08 26.44 26.80 27.17 27.55 27.93 28.32 28.72 29.11 29.50 29.90 30.29 30.69 31.08 31.47
14.16 14.16 14.18 14.22 14.28 14.37 14.48 14.61 14.77 14.96 15.16 15.40 15.65 15.93 16.23 16.56 16.87 17.16 17.43 17.68 17.91 18.11 18.31 18.48 18.64 18.79 18.93 19.05 19.17 19.29 19.41 19.53 19.66 19.79 19.93 20.07 20.22 20.37 20.53 20.70 20.87 21.05 21.23 21.42 21.62 21.83 22.04 22.25 22.48 22.71 22.95 23.20 23.46 23.72 23.99 24.27 24.56 24.85 25.16 25.47 25.80 26.13 26.47 26.82 27.18 27.55 27.93 28.32 28.71 29.11 29.50 29.90 30.30 30.70 31.10 31.49 31.88
14.14 14.15 14.17 14.20 14.26 14.35 14.45 14.59 14.75 14.93 15.14 15.37 15.63 15.91 16.22 16.54 16.86 17.16 17.43 17.69 17.92 18.13 18.33 18.51 18.68 18.83 18.98 19.11 19.24 19.37 19.51 19.65 19.79 19.94 20.10 20.25 20.42 20.59 20.76 20.94 21.12 21.31 21.51 21.71 21.92 22.13 22.35 22.58 22.81 23.05 23.30 23.55 23.81 24.08 24.36 24.64 24.93 25.23 25.54 25.85 26.18 26.51 26.85 27.20 27.56 27.93 28.31 28.69 29.09 29.49 29.89 30.29 30.69 31.09 31.49 31.89 32.28
14.11 14.13 14.15 14.19 14.25 14.33 14.44 14.57 14.73 14.91 15.12 15.35 15.61 15.90 16.21 16.54 16.86 17.16 17.44 17.70 17.93 18.15 18.36 18.54 18.72 18.88 19.03 19.17 19.32 19.47 19.62 19.78 19.94 20.11 20.28 20.45 20.63 20.81 21.00 21.19 21.38 21.59 21.79 22.00 22.22 22.44 22.67 22.91 23.15 23.39 23.65 23.91 24.17 24.45 24.73 25.01 25.31 25.61 25.92 26.24 26.56 26.89 27.23 27.58 27.94 28.31 28.68 29.06 29.46 29.86 30.26 30.67 31.07 31.48 31.88 32.28 32.67
14.08 14.10 14.14 14.18 14.24 14.32 14.43 14.56 14.71 14.89 15.10 15.34 15.60 15.89 16.20 16.53 16.86 17.17 17.45 17.71 17.95 18.18 18.39 18.58 18.76 18.93 19.09 19.25 19.42 19.58 19.76 19.93 20.11 20.29 20.47 20.66 20.85 21.05 21.24 21.45 21.66 21.87 22.08 22.31 22.53 22.76 23.00 23.24 23.49 23.74 24.00 24.27 24.54 24.82 25.10 25.39 25.69 25.99 26.30 26.62 26.94 27.28 27.62 27.96 28.32 28.68 29.06 29.44 29.82 30.22 30.63 31.03 31.44 31.85 32.25 32.65 33.05
14.04 14.07 14.11 14.16 14.23 14.32 14.42 14.55 14.70 14.88 15.09 15.33 15.59 15.88 16.20 16.53 16.87 17.18 17.46 17.73 17.98 18.21 18.42 18.62 18.80 18.98 19.16 19.34 19.53 19.71 19.90 20.09 20.28 20.48 20.68 20.88 21.08 21.29 21.50 21.72 21.94 22.16 22.39 22.62 22.85 23.09 23.34 23.59 23.84 24.10 24.36 24.63 24.91 25.19 25.48 25.77 26.07 26.37 26.69 27.00 27.33 27.66 28.00 28.35 28.70 29.06 29.43 29.80 30.19 30.58 30.98 31.39 31.80 32.21 32.61 33.02 33.41
13.99 14.02 14.07 14.14 14.22 14.31 14.42 14.55 14.70 14.88 15.09 15.32 15.59 15.88 16.20 16.54 16.88 17.19 17.48 17.75 18.01 18.24 18.46 18.66 18.86 19.06 19.25 19.45 19.65 19.86 20.06 20.27 20.47 20.68 20.90 21.11 21.33 21.55 21.77 22.00 22.23 22.46 22.70 22.94 23.18 23.43 23.68 23.94 24.20 24.46 24.73 25.01 25.28 25.57 25.86 26.15 26.46 26.76 27.07 27.39 27.72 28.05 28.38 28.73 29.08 29.44 29.80 30.17 30.55 30.94 31.33 31.73 32.14 32.55 32.96 33.37 33.77
13.93 13.98 14.03 14.11 14.19 14.30 14.41 14.55 14.70 14.88 15.09 15.33 15.59 15.88 16.21 16.55 16.89 17.21 17.50 17.78 18.04 18.28 18.50 18.72 18.93 19.15 19.36 19.58 19.80 20.02 20.24 20.46 20.68 20.90 21.13 21.36 21.59 21.82 22.05 22.29 22.53 22.77 23.02 23.27 23.52 23.77 24.03 24.29 24.56 24.83 25.10 25.38 25.67 25.95 26.25 26.54 26.85 27.15 27.46 27.78 28.11 28.44 28.77 29.11 29.46 29.81 30.17 30.54 30.91 31.29 31.68 32.08 32.48 32.89 33.30 33.70 34.10
13.87 13.92 13.99 14.07 14.16 14.28 14.40 14.55 14.71 14.89 15.10 15.33 15.60 15.90 16.22 16.57 16.91 17.23 17.53 17.81 18.07 18.32 18.55 18.79 19.02 19.26 19.49 19.72 19.96 20.19 20.43 20.66 20.90 21.14 21.38 21.62 21.86 22.10 22.35 22.59 22.84 23.10 23.35 23.61 23.87 24.13 24.39 24.66 24.93 25.21 25.49 25.77 26.05 26.34 26.64 26.94 27.24 27.55 27.86 28.18 28.50 28.83 29.16 29.50 29.84 30.19 30.54 30.91 31.27 31.65 32.03 32.42 32.81 33.21 33.62 34.02 34.43
13.79 13.85 13.93 14.02 14.13 14.25 14.39 14.54 14.71 14.90 15.11 15.35 15.61 15.91 16.24 16.59 16.94 17.26 17.57 17.85 18.12 18.37 18.63 18.88 19.13 19.38 19.63 19.88 20.13 20.38 20.63 20.88 21.13 21.39 21.64 21.89 22.14 22.40 22.65 22.91 23.17 23.43 23.69 23.96 24.22 24.49 24.76 25.04 25.31 25.59 25.87 26.16 26.45 26.74 27.03 27.33 27.64 27.94 28.26 28.57 28.89 29.22 29.55 29.88 30.22 30.57 30.92 31.27 31.63 32.00 32.37 32.75 33.14 33.53 33.93 34.33 34.74
13.71 13.78 13.87 13.97 14.08 14.21 14.36 14.53 14.71 14.91 15.13 15.37 15.64 15.93 16.26 16.62 16.97 17.30 17.60 17.89 18.17 18.45 18.72 18.99 19.26 19.53 19.79 20.06 20.33 20.59 20.86 21.12 21.38 21.65 21.91 22.18 22.44 22.71 22.97 23.24 23.51 23.77 24.04 24.32 24.59 24.86 25.14 25.42 25.70 25.98 26.27 26.56 26.85 27.14 27.44 27.74 28.04 28.35 28.66 28.97 29.29 29.61 29.94 30.27 30.60 30.94 31.29 31.64 31.99 32.35 32.72 33.09 33.47 33.85 34.24 34.63 35.03
13.62 13.70 13.79 13.90 14.03 14.17 14.33 14.51 14.70 14.91 15.14 15.39 15.66 15.96 16.29 16.65 17.01 17.34 17.65 17.95 18.24 18.54 18.83 19.12 19.41 19.69 19.97 20.26 20.54 20.82 21.10 21.37 21.65 21.93 22.20 22.48 22.75 23.03 23.30 23.58 23.86 24.13 24.41 24.69 24.97 25.25 25.53 25.81 26.10 26.38 26.67 26.96 27.25 27.55 27.85 28.15 28.45 28.76 29.06 29.38 29.69 30.01 30.33 30.66 30.99 31.32 31.66 32.00 32.35 32.70 33.06 33.42 33.79 34.16 34.54 34.92 35.31
13.52 13.61 13.71 13.83 13.97 14.12 14.29 14.48 14.69 14.91 15.15 15.41 15.69 16.00 16.33 16.69 17.05 17.38 17.71 18.02 18.34 18.65 18.96 19.27 19.57 19.87 20.17 20.47 20.77 21.06 21.35 21.64 21.93 22.22 22.51 22.79 23.08 23.36 23.65 23.93 24.22 24.50 24.79 25.07 25.35 25.64 25.93 26.21 26.50 26.79 27.08 27.37 27.67 27.96 28.26 28.56 28.86 29.17 29.47 29.78 30.10 30.41 30.73 31.05 31.38 31.70 32.04 32.37 32.71 33.06 33.40 33.76 34.11 34.48 34.84 35.21 35.59
13.41 13.51 13.62 13.76 13.90 14.07 14.25 14.45 14.66 14.90 15.15 15.43 15.72 16.04 16.37 16.74 17.10 17.44 17.78 18.12 18.46 18.79 19.11 19.44 19.76 20.07 20.39 20.70 21.01 21.32 21.62 21.93 22.23 22.53 22.83 23.12 23.42 23.71 24.01 24.30 24.59 24.88 25.17 25.46 25.75 26.04 26.33 26.63 26.92 27.21 27.50 27.80 28.09 28.39 28.68 28.98 29.28 29.59 29.89 30.20 30.50 30.82 31.13 31.45 31.76 32.09 32.41 32.74 33.07 33.41 33.75 34.09 34.44 34.79 35.14 35.50 35.87
13.29 13.40 13.53 13.67 13.83 14.00 14.20 14.41 14.64 14.88 15.15 15.44 15.74 16.07 16.42 16.79 17.16 17.52 17.89 18.24 18.59 18.94 19.29 19.63 19.96 20.30 20.63 20.95 21.28 21.60 21.91 22.23 22.54 22.85 23.16 23.47 23.77 24.08 24.38 24.68 24.98 25.28 25.57 25.87 26.16 26.46 26.75 27.05 27.34 27.64 27.93 28.22 28.52 28.82 29.11 29.41 29.71 30.01 30.31 30.61 30.92 31.22 31.53 31.84 32.16 32.47 32.79 33.11 33.43 33.76 34.09 34.42 34.76 35.10 35.44 35.79 36.14
13.16 13.28 13.42 13.57 13.75 13.93 14.14 14.36 14.60 14.86 15.14 15.44 15.76 16.11 16.47 16.85 17.23 17.62 18.00 18.37 18.74 19.11 19.47 19.82 20.18 20.52 20.87 21.21 21.55 21.88 22.21 22.54 22.86 23.18 23.50 23.82 24.13 24.44 24.75 25.06 25.37 25.67 25.97 26.27 26.57 26.87 27.17 27.47 27.76 28.06 28.35 28.65 28.94 29.24 29.54 29.83 30.13 30.43 30.72 31.02 31.32 31.62 31.93 32.23 32.54 32.84 33.15 33.47 33.78 34.10 34.42 34.74 35.06 35.39 35.72 36.06 36.40
13.03 13.17 13.32 13.48 13.66 13.87 14.08 14.32 14.58 14.85 15.14 15.46 15.79 16.15 16.52 16.90 17.29 17.69 18.09 18.48 18.87 19.25 19.63 20.00 20.37 20.73 21.09 21.44 21.79 22.14 22.48 22.82 23.15 23.48 23.81 24.14 24.46 24.78 25.10 25.41 25.72 26.03 26.34 26.65 26.95 27.25 27.55 27.85 28.15 28.45 28.74 29.04 29.33 29.63 29.92 30.21 30.51 30.80 31.10 31.39 31.69 31.98 32.28 32.58 32.88 33.18 33.48 33.78 34.09 34.39 34.70 35.01 35.33 35.64 35.96 36.28 36.61
12.90 13.05 13.21 13.39 13.59 13.80 14.03 14.28 14.55 14.84 15.15 15.48 15.83 16.19 16.56 16.95 17.34 17.74 18.15 18.56 18.97 19.37 19.76 20.15 20.53 20.91 21.28 21.65 22.01 22.37 22.72 23.07 23.41 23.76 24.09 24.43 24.76 25.08 25.41 25.73 26.04 26.36 26.67 26.98 27.29 27.59 27.90 28.20 28.50 28.80 29.09 29.39 29.68 29.97 30.26 30.56 30.85 31.14 31.43 31.72 32.01 32.30 32.59 32.88 33.17 33.46 33.75 34.05 34.34 34.64 34.94 35.24 35.54 35.84 36.15 36.45 36.76
12.78 12.94 13.11 13.31 13.52 13.74 13.99 14.26 14.54 14.84 15.17 15.51 15.87 16.24 16.61 16.99 17.38 17.78 18.20 18.62 19.04 19.46 19.87 20.27 20.67 21.06 21.44 21.82 22.20 22.57 22.93 23.29 23.64 23.99 24.34 24.68 25.02 25.35 25.68 26.01 26.33 26.65 26.97 27.28 27.59 27.90 28.20 28.51 28.81 29.10 29.40 29.69 29.99 30.28 30.57 30.86 31.14 31.43 31.71 32.00 32.28 32.56 32.85 33.13 33.41 33.70 33.98 34.27 34.55 34.84 35.12 35.41 35.70 35.99 36.28 36.57 36.87
12.66 12.83 13.02 13.23 13.45 13.70 13.96 14.24 14.54 14.86 15.20 15.55 15.91 16.28 16.65 17.03 17.42 17.82 18.24 18.66 19.10 19.53 19.95 20.37 20.78 21.18 21.58 21.97 22.36 22.74 23.11 23.48 23.84 24.20 24.56 24.91 25.25 25.59 25.93 26.26 26.59 26.91 27.23 27.55 27.86 28.17 28.48 28.78 29.08 29.38 29.67 29.96 30.25 30.54 30.83 31.11 31.40 31.68 31.96 32.24 32.51 32.79 33.07 33.34 33.61 33.89 34.16 34.44 34.71 34.98 35.26 35.53 35.81 36.09 36.36 36.64 36.92
12.54 12.73 12.93 13.16 13.40 13.66 13.93 14.23 14.55 14.88 15.23 15.59 15.95 16.31 16.69 17.07 17.46 17.86 18.27 18.70 19.13 19.57 20.01 20.44 20.86 21.28 21.69 22.09 22.49 22.88 23.26 23.64 24.02 24.38 24.74 25.10 25.45 25.80 26.14 26.48 26.81 27.14 27.46 27.78 28.09 28.40 28.71 29.01 29.31 29.61 29.91 30.20 30.48 30.77 31.05 31.33 31.61 31.89 32.16 32.43 32.70 32.97 33.24 33.51 33.77 34.04 34.30 34.56 34.82 35.09 35.35 35.61 35.87 36.13 36.40 36.66 36.94
12.43 12.64 12.86 13.10 13.35 13.63 13.92 14.24 14.57 14.92 15.27 15.62 15.98 16.35 16.72 17.10 17.49 17.89 18.30 18.72 19.15 19.60 20.04 20.49 20.92 21.35 21.77 22.19 22.60 23.00 23.39 23.78 24.16 24.53 24.90 25.27 25.62 25.97 26.32 26.66 27.00 27.33 27.65 27.97 28.29 28.60 28.91 29.21 29.51 29.81 30.10 30.39 30.68 30.96 31.24 31.51 31.78 32.05 32.32 32.59 32.85 33.11 33.37 33.63 33.88 34.14 34.39 34.64 34.89 35.14 35.39 35.64 35.89 36.14 36.39 36.65 36.92
12.34 12.56 12.80 13.05 13.32 13.62 13.93 14.26 14.60 14.95 15.30 15.65 16.01 16.38 16.75 17.13 17.52 17.91 18.32 18.74 19.17 19.61 20.06 20.51 20.96 21.40 21.84 22.26 22.68 23.09 23.49 23.89 24.28 24.66 25.03 25.40 25.76 26.12 26.47 26.82 27.16 27.49 27.82 28.14 28.46 28.77 29.08 29.38 29.68 29.97 30.26 30.55 30.83 31.11 31.38 31.65 31.92 32.18 32.44 32.70 32.96 33.21 33.46 33.71 33.95 34.20 34.44 34.68 34.92 35.15 35.39 35.62 35.86 36.09 36.34 36.60 36.87
12.25 12.49 12.74 13.02 13.31 13.62 13.95 14.29 14.63 14.98 15.33 15.69 16.04 16.41 16.78 17.16 17.54 17.94 18.35 18.76 19.19 19.62 20.07 20.52 20.98 21.43 21.87 22.31 22.73 23.15 23.56 23.97 24.36 24.75 25.14 25.51 25.88 26.24 26.59 26.94 27.28 27.62 27.95 28.27 28.59 28.90 29.21 29.51 29.81 30.10 30.39 30.67 30.95 31.22 31.49 31.75 32.02 32.27 32.53 32.78 33.02 33.27 33.51 33.75 33.98 34.21 34.44 34.67 34.90 35.12 35.34 35.56 35.78 36.01 36.26 36.52 36.79
12.18 12.44 12.71 13.00 13.31 13.64 13.98 14.32 14.66 15.01 15.36 15.71 16.07 16.44 16.80 17.18 17.56 17.96 18.36 18.78 19.20 19.63 20.07 20.52 20.98 21.43 21.89 22.33 22.77 23.20 23.61 24.03 24.43 24.82 25.21 25.59 25.96 26.33 26.69 27.04 27.38 27.72 28.05 28.37 28.69 29.00 29.31 29.61 29.90 30.19 30.48 30.76 31.03 31.30 31.56 31.82 32.07 32.32 32.57 32.81 33.05 33.28 33.52 33.74 33.97 34.19 34.41 34.62 34.83 35.04 35.25 35.46 35.67 35.90 36.15 36.40 36.67
12.13 12.40 12.69 13.00 13.33 13.67 14.01 14.35 14.69 15.04 15.39 15.74 16.10 16.46 16.83 17.20 17.58 17.98 18.38 18.79 19.21 19.63 20.07 20.51 20.96 21.42 21.88 22.33 22.78 23.21 23.64 24.06 24.47 24.87 25.26 25.64 26.02 26.39 26.75 27.10 27.45 27.79 28.12 28.44 28.76 29.07 29.38 29.68 29.97 30.25 30.53 30.81 31.08 31.34 31.60 31.85 32.10 32.34 32.58 32.81 33.04 33.26 33.48 33.70 33.91 34.12 34.33 34.53 34.73 34.92 35.12 35.32 35.53 35.76 36.00 36.26 36.53
12.09 12.38 12.69 13.02 13.36 13.70 14.04 14.38 14.72 15.07 15.42 15.77 16.12 16.48 16.85 17.22 17.60 17.99 18.39 18.80 19.21 19.63 20.06 20.50 20.95 21.40 21.85 22.31 22.77 23.21 23.64 24.07 24.48 24.89 25.28 25.67 26.05 26.42 26.79 27.14 27.49 27.83 28.16 28.49 28.80 29.11 29.41 29.71 30.00 30.28 30.56 30.83 31.09 31.35 31.60 31.84 32.08 32.32 32.55 32.77 32.99 33.20 33.41 33.62 33.82 34.01 34.21 34.39 34.58 34.76 34.95 35.15 35.37 35.59 35.83 36.09 36.35
12.07 12.38 12.71 13.05 13.39 13.73 14.07 14.41 14.75 15.10 15.44 15.79 16.15 16.50 16.87 17.24 17.62 18.00 18.40 18.80 19.21 19.63 20.05 20.49 20.92 21.37 21.82 22.28 22.73 23.18 23.62 24.05 24.47 24.88 25.28 25.68 26.06 26.43 26.80 27.16 27.50 27.84 28.18 28.50 28.81 29.12 29.42 29.71 30.00 30.28 30.55 30.81 31.07 31.32 31.56 31.80 32.03 32.26 32.48 32.69 32.90 33.11 33.30 33.50 33.68 33.87 34.04 34.22 34.39 34.57 34.76 34.96 35.17 35.40 35.64 35.89 36.15
12.07 12.40 12.74 13.09 13.43 13.76 14.10 14.44 14.78 15.13 15.47 15.82 16.17 16.53 16.89 17.25 17.63 18.01 18.40 18.80 19.21 19.62 20.04 20.47 20.90 21.34 21.78 22.23 22.68 23.13 23.58 24.02 24.44 24.86 25.26 25.66 26.04 26.42 26.79 27.14 27.49 27.83 28.16 28.48 28.80 29.10 29.40 29.69 29.97 30.24 30.51 30.77 31.02 31.26 31.50 31.73 31.95 32.17 32.38 32.58 32.78 32.97 33.16 33.34 33.51 33.68 33.85 34.01 34.18 34.35 34.54 34.74 34.95 35.18 35.41 35.66 35.92
12.09 12.44 12.78 13.12 13.46 13.80 14.14 14.47 14.81 15.15 15.50 15.84 16.19 16.54 16.90 17.27 17.64 18.02 18.41 18.80 19.20 19.61 20.02 20.44 20.87 21.30 21.74 22.18 22.62 23.07 23.52 23.96 24.39 24.81 25.21 25.61 26.00 26.38 26.75 27.10 27.45 27.79 28.12 28.44 28.75 29.05 29.35 29.63 29.91 30.18 30.44 30.69 30.93 31.17 31.40 31.62 31.83 32.04 32.24 32.43 32.62 32.80 32.97 33.14 33.30 33.46 33.61 33.77 33.94 34.11 34.30 34.50 34.71 34.93 35.16 35.41 35.67
12.13 12.48 12.82 13.16 13.50 13.83 14.17 14.51 14.84 15.18 15.52 15.86 16.21 16.56 16.92 17.28 17.65 18.02 18.41 18.80 19.19 19.59 20.00 20.42 20.84 21.26 21.69 22.12 22.56 22.99 23.44 23.88 24.31 24.74 25.15 25.55 25.94 26.31 26.68 27.04 27.39 27.73 28.05 28.37 28.68 28.98 29.27 29.55 29.82 30.08 30.34 30.58 30.82 31.05 31.27 31.48 31.69 31.88 32.07 32.25 32.43 32.60 32.76 32.91 33.06 33.20 33.35 33.51 33.67 33.85 34.03 34.23 34.44 34.66 34.89 35.13 35.39
12.17 12.52 12.86 13.20 13.53 13.87 14.20 14.54 14.87 15.21 15.55 15.89 16.23 16.58 16.93 17.29 17.66 18.03 18.41 18.79 19.18 19.58 19.98 20.39 20.80 21.21 21.63 22.06 22.49 22.92 23.35 23.78 24.22 24.64 25.06 25.46 25.85 26.23 26.60 26.95 27.30 27.64 27.96 28.28 28.58 28.88 29.16 29.44 29.70 29.96 30.21 30.45 30.67 30.89 31.11 31.31 31.50 31.69 31.87 32.04 32.20 32.36 32.50 32.64 32.78 32.92 33.06 33.22 33.39 33.56 33.74 33.94 34.14 34.36 34.59 34.83 35.09
