data_output/RCH/Precip_2007_11.asc
ncols        168
nrows        136
xllcorner    455000
yllcorner    2107000
cellsize     500
NODATA_value     -99999
[rows 0 to 35 of 136, columns 0 to 80 of 168]
0.00 0.00 0.00 0.00 0.00 0.00 0.00 0.00 0.00 0.00 0.00 0.00 0.07 0.78 1.41 1.98 2.51 3.01 3.48 3.91 4.31 4.66 4.98 5.27 5.54 5.79 6.03 6.24 6.44 6.62 6.79 6.94 7.07 7.19 7.29 7.37 7.44 7.50 7.54 7.57 7.58 7.58 7.57 7.55 7.51 7.46 7.40 7.33 7.25 7.16 7.06 6.94 6.82 6.69 6.55 6.40 6.25 6.08 5.91 5.73 5.54 5.35 5.16 4.96 4.76 4.56 4.36 4.16 3.96 3.77 3.58 3.40 3.22 3.05 2.89 2.73 2.62 2.55 2.53 2.56 2.63
0.00 0.00 0.00 0.00 0.00 0.00 0.00 0.00 0.00 0.00 0.00 0.00 0.25 0.95 1.57 2.13 2.66 3.16 3.63 4.07 4.47 4.83 5.15 5.43 5.69 5.93 6.16 6.36 6.55 6.72 6.88 7.02 7.14 7.25 7.34 7.42 7.48 7.53 7.57 7.59 7.60 7.60 7.58 7.56 7.52 7.47 7.41 7.33 7.25 7.16 7.06 6.95 6.83 6.70 6.56 6.41 6.26 6.10 5.93 5.76 5.58 5.40 5.21 5.02 4.83 4.64 4.45 4.26 4.07 3.89 3.71 3.54 3.37 3.21 3.05 2.90 2.76 2.66 2.60 2.60 2.64
0.00 0.00 0.00 0.00 0.00 0.00 0.00 0.00 0.00 0.00 0.00 0.00 0.43 1.12 1.73 2.29 2.82 3.32 3.78 4.22 4.62 4.99 5.32 5.61 5.87 6.09 6.31 6.50 6.68 6.84 6.99 7.12 7.23 7.33 7.42 7.49 7.55 7.59 7.62 7.64 7.65 7.64 7.62 7.59 7.55 7.50 7.44 7.36 7.28 7.19 7.09 6.98 6.86 6.73 6.60 6.46 6.31 6.15 5.99 5.82 5.65 5.47 5.29 5.11 4.93 4.75 4.57 4.39 4.21 4.04 3.87 3.71 3.55 3.39 3.24 3.10 2.96 2.84 2.75 2.71 2.71
0.00 0.00 0.00 0.00 0.00 0.00 0.00 0.00 0.00 0.00 0.00 0.00 0.61 1.29 1.89 2.44 2.97 3.47 3.93 4.37 4.78 5.15 5.49 5.79 6.05 6.27 6.47 6.66 6.83 6.98 7.12 7.24 7.34 7.44 7.52 7.58 7.63 7.67 7.70 7.71 7.71 7.70 7.68 7.65 7.61 7.55 7.49 7.42 7.33 7.24 7.14 7.03 6.92 6.79 6.66 6.52 6.38 6.23 6.07 5.91 5.74 5.58 5.40 5.23 5.06 4.89 4.71 4.54 4.38 4.21 4.06 3.90 3.75 3.60 3.46 3.33 3.20 3.07 2.96 2.88 2.85
0.00 0.00 0.00 0.00 0.00 0.00 0.00 0.00 0.00 0.00 0.00 0.04 0.79 1.46 2.06 2.60 3.12 3.61 4.08 4.52 4.93 5.30 5.65 5.96 6.23 6.46 6.66 6.84 6.99 7.14 7.27 7.38 7.48 7.56 7.64 7.70 7.74 7.78 7.80 7.81 7.80 7.79 7.77 7.73 7.69 7.63 7.57 7.50 7.41 7.32 7.23 7.12 7.00 6.88 6.76 6.62 6.48 6.33 6.18 6.03 5.87 5.71 5.54 5.38 5.21 5.05 4.89 4.73 4.57 4.42 4.27 4.12 3.98 3.84 3.71 3.58 3.46 3.34 3.23 3.12 3.06
0.00 0.00 0.00 0.00 0.00 0.00 0.00 0.00 0.00 0.00 0.00 0.23 0.97 1.63 2.22 2.75 3.27 3.76 4.23 4.66 5.08 5.46 5.81 6.12 6.41 6.65 6.86 7.03 7.18 7.32 7.44 7.54 7.63 7.71 7.78 7.83 7.87 7.90 7.92 7.92 7.92 7.90 7.88 7.84 7.79 7.74 7.67 7.60 7.52 7.43 7.33 7.23 7.12 7.00 6.88 6.75 6.61 6.47 6.32 6.17 6.02 5.86 5.71 5.55 5.39 5.24 5.09 4.94 4.79 4.65 4.50 4.37 4.23 4.10 3.98 3.86 3.74 3.63 3.52 3.42 3.33
0.00 0.00 0.00 0.00 0.00 0.00 0.00 0.00 0.00 0.00 0.00 0.42 1.15 1.80 2.38 2.91 3.42 3.90 4.37 4.81 5.22 5.61 5.96 6.29 6.58 6.84 7.06 7.24 7.39 7.51 7.63 7.72 7.81 7.88 7.94 7.99 8.02 8.05 8.06 8.06 8.05 8.04 8.01 7.97 7.92 7.87 7.80 7.73 7.65 7.56 7.47 7.37 7.26 7.14 7.02 6.90 6.77 6.63 6.49 6.34 6.19 6.05 5.90 5.75 5.60 5.45 5.31 5.17 5.03 4.90 4.77 4.64 4.51 4.39 4.27 4.16 4.05 3.94 3.84 3.74 3.65
0.00 0.00 0.00 0.00 0.00 0.00 0.00 0.00 0.00 0.00 0.00 0.62 1.33 1.98 2.54 3.06 3.57 4.05 4.51 4.95 5.36 5.75 6.11 6.44 6.74 7.01 7.25 7.44 7.61 7.73 7.84 7.93 8.01 8.07 8.13 8.17 8.20 8.22 8.23 8.23 8.21 8.19 8.16 8.13 8.08 8.02 7.96 7.89 7.81 7.72 7.63 7.53 7.43 7.32 7.20 7.07 6.95 6.81 6.68 6.54 6.39 6.25 6.11 5.97 5.83 5.69 5.56 5.42 5.30 5.17 5.05 4.93 4.81 4.70 4.59 4.48 4.37 4.27 4.18 4.08 4.00
0.00 0.00 0.00 0.00 0.00 0.00 0.00 0.00 0.00 0.00 0.05 0.82 1.52 2.15 2.71 3.22 3.71 4.19 4.65 5.09 5.50 5.89 6.26 6.60 6.91 7.18 7.43 7.64 7.82 7.96 8.07 8.15 8.22 8.28 8.33 8.37 8.39 8.41 8.42 8.41 8.40 8.38 8.34 8.30 8.26 8.20 8.14 8.07 7.99 7.91 7.82 7.72 7.62 7.51 7.40 7.27 7.15 7.02 6.89 6.75 6.62 6.48 6.35 6.21 6.08 5.95 5.82 5.70 5.59 5.47 5.36 5.24 5.13 5.03 4.92 4.82 4.72 4.63 4.53 4.45 4.36
0.00 0.00 0.00 0.00 0.00 0.00 0.00 0.00 0.00 0.00 0.27 1.02 1.71 2.32 2.87 3.37 3.86 4.33 4.79 5.22 5.64 6.03 6.40 6.75 7.06 7.35 7.61 7.83 8.03 8.18 8.31 8.39 8.46 8.51 8.56 8.59 8.61 8.62 8.63 8.62 8.60 8.58 8.55 8.51 8.46 8.40 8.34 8.27 8.20 8.11 8.03 7.93 7.83 7.73 7.62 7.50 7.38 7.25 7.12 6.99 6.86 6.73 6.60 6.48 6.35 6.23 6.11 6.00 5.89 5.79 5.68 5.58 5.47 5.37 5.28 5.18 5.09 5.00 4.91 4.83 4.75
0.00 0.00 0.00 0.00 0.00 0.00 0.00 0.00 0.00 0.00 0.49 1.22 1.90 2.50 3.04 3.53 4.01 4.47 4.93 5.36 5.77 6.17 6.54 6.89 7.21 7.51 7.78 8.02 8.23 8.40 8.54 8.64 8.71 8.76 8.80 8.83 8.85 8.86 8.86 8.85 8.83 8.80 8.77 8.73 8.68 8.63 8.57 8.50 8.43 8.35 8.26 8.17 8.07 7.97 7.86 7.74 7.62 7.50 7.38 7.25 7.13 7.01 6.88 6.76 6.64 6.53 6.42 6.32 6.22 6.12 6.03 5.93 5.83 5.74 5.65 5.56 5.47 5.39 5.31 5.23 5.15
0.00 0.00 0.00 0.00 0.00 0.00 0.00 0.00 0.00 0.00 0.71 1.43 2.09 2.68 3.20 3.68 4.16 4.61 5.06 5.49 5.91 6.30 6.68 7.03 7.36 7.67 7.95 8.20 8.42 8.61 8.77 8.89 8.98 9.03 9.07 9.09 9.11 9.11 9.11 9.10 9.08 9.05 9.02 8.98 8.93 8.88 8.82 8.75 8.68 8.61 8.52 8.43 8.33 8.23 8.12 8.01 7.89 7.77 7.65 7.53 7.42 7.30 7.18 7.07 6.96 6.85 6.75 6.66 6.57 6.48 6.39 6.30 6.21 6.13 6.04 5.96 5.88 5.80 5.72 5.65 5.57
0.00 0.00 0.00 0.00 0.00 0.00 0.00 0.00 0.00 0.17 0.93 1.64 2.28 2.86 3.37 3.84 4.30 4.75 5.19 5.62 6.03 6.43 6.81 7.17 7.50 7.82 8.11 8.37 8.61 8.81 8.99 9.13 9.24 9.31 9.35 9.37 9.39 9.39 9.38 9.37 9.35 9.32 9.29 9.25 9.20 9.15 9.09 9.03 8.96 8.88 8.80 8.71 8.61 8.51 8.40 8.29 8.18 8.07 7.95 7.83 7.72 7.61 7.50 7.39 7.29 7.19 7.10 7.01 6.93 6.85 6.77 6.69 6.61 6.53 6.45 6.37 6.29 6.22 6.15 6.08 6.01
0.00 0.00 0.00 0.00 0.00 0.00 0.00 0.00 0.00 0.42 1.16 1.85 2.47 3.04 3.53 4.00 4.45 4.89 5.33 5.75 6.16 6.56 6.94 7.30 7.64 7.96 8.26 8.54 8.79 9.01 9.20 9.36 9.49 9.59 9.65 9.68 9.69 9.69 9.68 9.67 9.64 9.62 9.58 9.54 9.50 9.45 9.39 9.33 9.26 9.18 9.10 9.01 8.91 8.81 8.70 8.60 8.49 8.37 8.26 8.15 8.04 7.93 7.83 7.73 7.63 7.54 7.46 7.38 7.31 7.24 7.16 7.09 7.02 6.94 6.87 6.80 6.73 6.66 6.59 6.52 6.46
0.00 0.00 0.00 0.00 0.00 0.00 0.00 0.00 0.00 0.67 1.39 2.06 2.67 3.22 3.70 4.15 4.59 5.03 5.46 5.88 6.29 6.68 7.06 7.43 7.78 8.10 8.41 8.70 8.96 9.20 9.41 9.59 9.74 9.86 9.94 9.99 10.00 10.00 10.00 9.98 9.96 9.93 9.90 9.86 9.81 9.77 9.71 9.65 9.58 9.50 9.41 9.32 9.22 9.12 9.02 8.91 8.81 8.70 8.59 8.48 8.38 8.28 8.18 8.08 7.99 7.91 7.84 7.77 7.70 7.64 7.57 7.51 7.44 7.37 7.31 7.24 7.17 7.11 7.04 6.98 6.92
0.00 0.00 0.00 0.00 0.00 0.00 0.00 0.00 0.17 0.92 1.63 2.28 2.87 3.40 3.87 4.31 4.74 5.17 5.59 6.00 6.41 6.80 7.18 7.55 7.91 8.24 8.56 8.85 9.13 9.38 9.60 9.80 9.97 10.11 10.22 10.29 10.33 10.34 10.33 10.32 10.29 10.27 10.23 10.20 10.15 10.11 10.05 9.98 9.91 9.83 9.74 9.65 9.56 9.46 9.35 9.25 9.15 9.04 8.94 8.83 8.73 8.63 8.54 8.45 8.37 8.30 8.23 8.17 8.11 8.05 8.00 7.94 7.88 7.82 7.75 7.69 7.63 7.57 7.51 7.45 7.40
0.00 0.00 0.00 0.00 0.00 0.00 0.00 0.00 0.45 1.18 1.86 2.49 3.07 3.59 4.04 4.46 4.88 5.30 5.72 6.13 6.53 6.92 7.30 7.67 8.03 8.37 8.70 9.00 9.29 9.55 9.79 10.01 10.20 10.36 10.49 10.59 10.66 10.69 10.69 10.67 10.65 10.62 10.59 10.56 10.51 10.46 10.40 10.34 10.26 10.18 10.09 10.00 9.90 9.80 9.70 9.60 9.50 9.40 9.29 9.19 9.10 9.01 8.92 8.84 8.76 8.69 8.63 8.58 8.53 8.48 8.43 8.38 8.33 8.27 8.22 8.16 8.10 8.05 7.99 7.93 7.88
0.00 0.00 0.00 0.00 0.00 0.00 0.00 0.00 0.73 1.44 2.10 2.71 3.27 3.77 4.21 4.62 5.03 5.44 5.84 6.25 6.65 7.04 7.42 7.79 8.15 8.50 8.83 9.15 9.44 9.72 9.98 10.21 10.42 10.60 10.75 10.88 10.97 11.03 11.06 11.05 11.03 11.00 10.97 10.94 10.89 10.84 10.77 10.70 10.62 10.54 10.45 10.36 10.26 10.16 10.06 9.96 9.86 9.76 9.67 9.57 9.48 9.39 9.31 9.23 9.16 9.10 9.05 9.00 8.96 8.92 8.88 8.83 8.78 8.74 8.69 8.63 8.58 8.53 8.48 8.43 8.37
0.00 0.00 0.00 0.00 0.00 0.00 0.00 0.29 1.02 1.70 2.35 2.94 3.48 3.96 4.38 4.78 5.18 5.57 5.97 6.37 6.76 7.15 7.53 7.90 8.27 8.62 8.96 9.28 9.59 9.88 10.15 10.40 10.63 10.83 11.00 11.15 11.27 11.36 11.41 11.44 11.43 11.40 11.37 11.33 11.28 11.22 11.15 11.08 11.00 10.92 10.83 10.73 10.64 10.54 10.44 10.34 10.24 10.14 10.05 9.96 9.87 9.79 9.71 9.64 9.57 9.52 9.47 9.44 9.41 9.37 9.33 9.29 9.25 9.21 9.17 9.12 9.07 9.02 8.97 8.93 8.88
0.00 0.00 0.00 0.00 0.00 0.00 0.00 0.60 1.31 1.97 2.59 3.16 3.68 4.15 4.56 4.94 5.32 5.71 6.10 6.49 6.87 7.26 7.64 8.01 8.38 8.74 9.08 9.41 9.73 10.03 10.32 10.58 10.83 11.05 11.25 11.42 11.56 11.68 11.76 11.81 11.83 11.82 11.78 11.74 11.68 11.62 11.55 11.47 11.39 11.30 11.21 11.12 11.02 10.92 10.82 10.73 10.63 10.53 10.44 10.35 10.27 10.19 10.12 10.05 10.00 9.95 9.91 9.88 9.86 9.83 9.80 9.77 9.73 9.69 9.65 9.61 9.57 9.52 9.48 9.43 9.38
0.00 0.00 0.00 0.00 0.00 0.00 0.21 0.92 1.60 2.24 2.84 3.39 3.89 4.34 4.73 5.10 5.47 5.84 6.22 6.60 6.99 7.37 7.75 8.12 8.49 8.85 9.20 9.54 9.87 10.18 10.48 10.76 11.02 11.26 11.48 11.67 11.84 11.98 12.10 12.18 12.23 12.24 12.21 12.16 12.10 12.03 11.96 11.88 11.79 11.70 11.61 11.51 11.42 11.32 11.22 11.12 11.03 10.93 10.84 10.76 10.68 10.60 10.54 10.48 10.43 10.38 10.35 10.33 10.31 10.29 10.27 10.24 10.21 10.18 10.15 10.11 10.07 10.03 9.99 9.94 9.90
0.00 0.00 0.00 0.00 0.00 0.00 0.56 1.25 1.90 2.52 3.10 3.63 4.11 4.53 4.91 5.26 5.61 5.98 6.35 6.72 7.10 7.47 7.85 8.22 8.59 8.96 9.31 9.66 10.00 10.32 10.63 10.93 11.20 11.46 11.70 11.92 12.11 12.28 12.42 12.53 12.61 12.64 12.63 12.59 12.52 12.45 12.37 12.29 12.20 12.11 12.02 11.92 11.82 11.72 11.63 11.53 11.43 11.34 11.26 11.17 11.10 11.03 10.96 10.91 10.86 10.83 10.80 10.79 10.78 10.77 10.75 10.73 10.70 10.68 10.65 10.61 10.58 10.54 10.50 10.46 10.42
0.00 0.00 0.00 0.00 0.00 0.23 0.92 1.58 2.21 2.80 3.35 3.86 4.32 4.73 5.08 5.42 5.76 6.11 6.47 6.84 7.20 7.58 7.95 8.32 8.69 9.06 9.42 9.77 10.12 10.45 10.78 11.09 11.38 11.66 11.92 12.16 12.37 12.57 12.73 12.86 12.96 13.02 13.04 13.01 12.96 12.88 12.80 12.71 12.62 12.53 12.43 12.33 12.23 12.13 12.04 11.94 11.85 11.76 11.67 11.59 11.52 11.46 11.40 11.35 11.31 11.28 11.26 11.25 11.25 11.24 11.23 11.22 11.20 11.18 11.15 11.12 11.09 11.06 11.02 10.98 10.94
0.00 0.00 0.00 0.00 0.00 0.62 1.28 1.92 2.52 3.09 3.61 4.10 4.54 4.93 5.26 5.58 5.91 6.25 6.59 6.95 7.31 7.68 8.05 8.42 8.79 9.16 9.52 9.88 10.24 10.58 10.92 11.24 11.55 11.84 12.12 12.38 12.62 12.84 13.02 13.17 13.29 13.37 13.42 13.42 13.39 13.32 13.23 13.14 13.05 12.95 12.85 12.75 12.65 12.55 12.46 12.36 12.27 12.18 12.10 12.02 11.95 11.89 11.83 11.79 11.75 11.73 11.72 11.72 11.72 11.72 11.72 11.71 11.70 11.68 11.66 11.63 11.61 11.58 11.54 11.51 11.47
0.00 0.00 0.00 0.00 0.37 1.02 1.65 2.26 2.83 3.37 3.88 4.34 4.76 5.12 5.44 5.74 6.05 6.38 6.72 7.06 7.42 7.78 8.14 8.51 8.88 9.25 9.62 9.99 10.35 10.70 11.05 11.38 11.71 12.02 12.32 12.60 12.86 13.09 13.29 13.46 13.60 13.70 13.77 13.80 13.80 13.75 13.67 13.58 13.48 13.38 13.28 13.18 13.08 12.98 12.88 12.79 12.69 12.61 12.53 12.45 12.39 12.33 12.28 12.24 12.21 12.19 12.18 12.19 12.20 12.21 12.21 12.21 12.20 12.19 12.17 12.15 12.12 12.10 12.06 12.03 11.99
0.00 0.00 0.00 0.17 0.81 1.43 2.03 2.61 3.15 3.67 4.15 4.58 4.98 5.33 5.62 5.91 6.20 6.51 6.84 7.17 7.52 7.87 8.23 8.60 8.97 9.34 9.71 10.08 10.45 10.82 11.17 11.52 11.86 12.19 12.50 12.80 13.08 13.32 13.54 13.73 13.88 14.01 14.10 14.15 14.17 14.16 14.11 14.02 13.92 13.82 13.71 13.61 13.51 13.41 13.31 13.21 13.12 13.04 12.96 12.89 12.82 12.77 12.72 12.69 12.66 12.65 12.65 12.66 12.68 12.69 12.70 12.70 12.70 12.69 12.68 12.66 12.64 12.62 12.59 12.55 12.52
0.00 0.00 0.03 0.65 1.25 1.84 2.41 2.96 3.48 3.96 4.42 4.83 5.20 5.53 5.81 6.07 6.35 6.65 6.96 7.28 7.62 7.97 8.32 8.69 9.06 9.43 9.80 10.18 10.55 10.92 11.29 11.65 12.01 12.35 12.68 12.99 13.27 13.53 13.76 13.96 14.14 14.28 14.40 14.48 14.52 14.54 14.51 14.45 14.36 14.26 14.15 14.04 13.94 13.84 13.74 13.65 13.56 13.47 13.40 13.33 13.26 13.21 13.17 13.14 13.12 13.11 13.12 13.14 13.16 13.18 13.19 13.20 13.20 13.20 13.19 13.18 13.16 13.14 13.11 13.08 13.04
0.00 0.00 0.55 1.13 1.70 2.26 2.80 3.31 3.81 4.27 4.69 5.08 5.43 5.74 5.99 6.24 6.50 6.78 7.08 7.39 7.72 8.06 8.41 8.77 9.14 9.51 9.89 10.27 10.65 11.02 11.40 11.77 12.14 12.50 12.83 13.15 13.44 13.71 13.96 14.18 14.37 14.53 14.67 14.77 14.84 14.88 14.89 14.86 14.79 14.70 14.59 14.48 14.38 14.27 14.17 14.08 13.99 13.91 13.83 13.76 13.70 13.66 13.62 13.59 13.57 13.57 13.58 13.61 13.64 13.67 13.69 13.70 13.70 13.70 13.70 13.69 13.67 13.65 13.63 13.60 13.57
0.00 0.53 1.08 1.63 2.16 2.69 3.19 3.68 4.14 4.57 4.97 5.34 5.66 5.94 6.18 6.41 6.65 6.92 7.20 7.50 7.82 8.15 8.50 8.85 9.22 9.59 9.97 10.35 10.73 11.12 11.51 11.89 12.27 12.63 12.97 13.29 13.59 13.87 14.13 14.36 14.57 14.75 14.91 15.03 15.13 15.19 15.23 15.23 15.20 15.13 15.03 14.92 14.81 14.71 14.61 14.51 14.42 14.34 14.27 14.20 14.14 14.10 14.06 14.04 14.03 14.03 14.05 14.08 14.12 14.15 14.17 14.19 14.20 14.21 14.21 14.20 14.19 14.17 14.15 14.12 14.09
0.59 1.11 1.62 2.13 2.63 3.12 3.59 4.05 4.48 4.88 5.26 5.60 5.90 6.15 6.37 6.57 6.80 7.05 7.32 7.61 7.92 8.24 8.58 8.93 9.29 9.66 10.04 10.43 10.82 11.21 11.60 11.99 12.37 12.73 13.08 13.41 13.72 14.01 14.28 14.52 14.74 14.94 15.12 15.26 15.38 15.47 15.53 15.56 15.56 15.53 15.46 15.36 15.25 15.14 15.04 14.95 14.86 14.78 14.70 14.64 14.58 14.54 14.51 14.49 14.48 14.49 14.51 14.55 14.59 14.63 14.66 14.68 14.70 14.71 14.71 14.70 14.69 14.68 14.66 14.63 14.60
1.22 1.69 2.17 2.64 3.10 3.56 4.00 4.42 4.82 5.20 5.54 5.86 6.13 6.37 6.56 6.75 6.95 7.19 7.44 7.72 8.01 8.33 8.66 9.00 9.36 9.73 10.11 10.50 10.89 11.29 11.69 12.08 12.46 12.82 13.17 13.50 13.82 14.11 14.39 14.65 14.89 15.10 15.30 15.46 15.60 15.72 15.80 15.86 15.89 15.89 15.85 15.78 15.68 15.57 15.47 15.38 15.29 15.21 15.13 15.07 15.02 14.98 14.95 14.93 14.93 14.94 14.97 15.02 15.07 15.11 15.14 15.17 15.19 15.20 15.21 15.20 15.20 15.18 15.16 15.14 15.11
1.85 2.28 2.72 3.16 3.58 4.00 4.41 4.80 5.17 5.52 5.84 6.12 6.37 6.58 6.75 6.92 7.11 7.32 7.56 7.83 8.11 8.41 8.74 9.08 9.43 9.80 10.18 10.57 10.97 11.37 11.76 12.14 12.52 12.88 13.23 13.57 13.89 14.19 14.48 14.75 15.00 15.23 15.44 15.63 15.79 15.93 16.04 16.12 16.18 16.21 16.20 16.17 16.10 16.00 15.90 15.81 15.72 15.64 15.56 15.50 15.45 15.41 15.39 15.38 15.38 15.39 15.43 15.48 15.53 15.58 15.62 15.65 15.67 15.69 15.70 15.70 15.69 15.68 15.66 15.64 15.61
2.49 2.89 3.28 3.68 4.07 4.46 4.83 5.19 5.53 5.84 6.13 6.39 6.62 6.80 6.95 7.09 7.26 7.46 7.68 7.93 8.20 8.50 8.81 9.15 9.50 9.86 10.24 10.63 11.03 11.42 11.81 12.19 12.56 12.92 13.27 13.61 13.94 14.25 14.54 14.82 15.09 15.33 15.56 15.76 15.94 16.10 16.24 16.35 16.43 16.49 16.51 16.51 16.48 16.42 16.33 16.23 16.14 16.06 15.99 15.93 15.88 15.84 15.82 15.81 15.82 15.84 15.88 15.93 15.99 16.05 16.09 16.12 16.15 16.17 16.18 16.19 16.18 16.17 16.15 16.13 16.10
3.13 3.50 3.86 4.21 4.57 4.92 5.26 5.58 5.89 6.17 6.43 6.66 6.86 7.02 7.15 7.27 7.42 7.59 7.80 8.04 8.30 8.58 8.89 9.21 9.56 9.92 10.30 10.68 11.07 11.45 11.83 12.21 12.57 12.93 13.28 13.62 13.95 14.27 14.57 14.86 15.14 15.40 15.64 15.86 16.06 16.24 16.40 16.53 16.64 16.73 16.78 16.82 16.82 16.79 16.73 16.65 16.56 16.48 16.41 16.35 16.30 16.27 16.25 16.24 16.25 16.28 16.32 16.38 16.44 16.50 16.55 16.59 16.62 16.64 16.66 16.66 16.66 16.65 16.64 16.61 16.57
3.76 4.10 4.43 4.75 5.07 5.38 5.69 5.98 6.25 6.51 6.74 6.94 7.11 7.25 7.35 7.44 7.57 7.73 7.92 8.14 8.39 8.66 8.96 9.28 9.62 9.97 10.35 10.72 11.09 11.47 11.84 12.20 12.56 12.92 13.27 13.61 13.94 14.26 14.57 14.87 15.16 15.43 15.68 15.92 16.14 16.34 16.52 16.67 16.81 16.92 17.01 17.07 17.11 17.12 17.10 17.05 16.97 16.89 16.82 16.76 16.71 16.68 16.66 16.66 16.67 16.70 16.75 16.82 16.89 16.95 17.00 17.05 17.08 17.11 17.12 17.13 17.13 17.12 17.11 17.08 17.01
4.39 4.71 5.01 5.30 5.58 5.86 6.13 6.38 6.62 6.85 7.05 7.22 7.36 7.47 7.55 7.62 7.73 7.87 8.04 8.25 8.48 8.74 9.03 9.34 9.67 10.02 10.38 10.74 11.10 11.46 11.82 12.17 12.53 12.88 13.23 13.57 13.90 14.23 14.54 14.85 15.14 15.42 15.69 15.94 16.18 16.40 16.60 16.78 16.94 17.08 17.20 17.29 17.36 17.40 17.41 17.40 17.36 17.29 17.22 17.16 17.12 17.09 17.07 17.07 17.09 17.12 17.18 17.25 17.32 17.39 17.45 17.49 17.53 17.56 17.58 17.59 17.59 17.58 17.56 17.50 17.39
