data_output/RCH/Precip_1990_07.asc
ncols        168
nrows        136
xllcorner    455000
yllcorner    2107000
cellsize     500
NODATA_value     -99999
[rows 0 to 31 of 136, columns 0 to 70 of 168]
273.76 272.31 270.79 269.19 267.52 265.78 263.96 262.08 260.12 258.10 256.01 253.85 251.63 249.34 246.99 244.58 242.10 239.57 236.98 234.33 231.62 228.85 226.03 223.16 220.23 217.26 214.25 211.21 208.17 205.11 202.05 199.02 196.14 193.44 190.91 188.54 186.32 184.21 182.19 180.22 178.32 176.47 174.68 172.95 171.27 169.64 168.06 166.53 165.05 163.61 162.22 160.87 159.56 158.29 157.05 155.86 154.69 153.56 152.46 151.38 150.33 149.31 148.32 147.34 146.39 145.45 144.53 143.63 142.74 141.86 140.99
274.21 272.78 271.27 269.69 268.03 266.31 264.51 262.65 260.72 258.72 256.66 254.54 252.35 250.09 247.78 245.41 242.97 240.48 237.94 235.33 232.67 229.96 227.19 224.37 221.50 218.58 215.62 212.62 209.61 206.59 203.57 200.57 197.73 195.06 192.56 190.22 188.00 185.86 183.79 181.78 179.83 177.94 176.11 174.33 172.61 170.95 169.33 167.76 166.24 164.77 163.34 161.96 160.62 159.31 158.05 156.82 155.62 154.46 153.33 152.23 151.16 150.11 149.09 148.09 147.11 146.16 145.22 144.29 143.38 142.49 141.60
274.66 273.24 271.75 270.18 268.55 266.85 265.08 263.24 261.34 259.37 257.34 255.25 253.10 250.88 248.61 246.28 243.89 241.45 238.95 236.39 233.78 231.12 228.41 225.65 222.84 219.99 217.08 214.14 211.16 208.18 205.20 202.24 199.43 196.80 194.33 191.99 189.74 187.56 185.44 183.38 181.39 179.46 177.58 175.77 174.01 172.30 170.64 169.04 167.48 165.98 164.51 163.09 161.72 160.38 159.08 157.82 156.60 155.41 154.25 153.12 152.02 150.95 149.90 148.88 147.88 146.90 145.94 145.00 144.07 143.15 142.25
275.12 273.71 272.24 270.69 269.08 267.41 265.66 263.86 261.98 260.05 258.06 256.00 253.89 251.71 249.48 247.20 244.86 242.46 240.01 237.51 234.96 232.36 229.70 227.01 224.26 221.47 218.63 215.75 212.83 209.89 206.94 204.03 201.26 198.66 196.20 193.83 191.53 189.30 187.14 185.04 183.00 181.02 179.11 177.25 175.44 173.70 172.00 170.36 168.77 167.22 165.72 164.27 162.86 161.49 160.16 158.87 157.61 156.39 155.21 154.05 152.92 151.83 150.75 149.71 148.68 147.68 146.70 145.73 144.79 143.85 142.93
275.58 274.19 272.74 271.22 269.63 267.98 266.27 264.50 262.66 260.76 258.80 256.79 254.72 252.59 250.40 248.17 245.87 243.53 241.14 238.69 236.20 233.66 231.07 228.43 225.75 223.03 220.26 217.45 214.60 211.71 208.81 205.94 203.21 200.63 198.14 195.72 193.37 191.09 188.88 186.73 184.65 182.63 180.67 178.77 176.93 175.14 173.40 171.72 170.09 168.51 166.97 165.48 164.04 162.64 161.27 159.95 158.66 157.41 156.20 155.01 153.86 152.74 151.64 150.57 149.52 148.49 147.49 146.50 145.53 144.58 143.64
276.04 274.68 273.25 271.76 270.21 268.59 266.91 265.17 263.37 261.51 259.59 257.62 255.59 253.51 251.38 249.19 246.95 244.66 242.33 239.94 237.51 235.03 232.50 229.93 227.32 224.67 221.98 219.24 216.47 213.66 210.82 207.99 205.28 202.66 200.12 197.65 195.25 192.92 190.67 188.47 186.34 184.28 182.27 180.33 178.45 176.62 174.84 173.12 171.45 169.83 168.26 166.74 165.25 163.82 162.42 161.07 159.75 158.47 157.22 156.01 154.83 153.68 152.55 151.46 150.39 149.34 148.31 147.30 146.31 145.34 144.38
276.53 275.19 273.79 272.33 270.81 269.22 267.58 265.87 264.11 262.30 260.43 258.50 256.52 254.49 252.41 250.27 248.09 245.86 243.58 241.26 238.89 236.47 234.02 231.52 228.98 226.40 223.78 221.13 218.43 215.70 212.94 210.15 207.40 204.73 202.14 199.62 197.17 194.79 192.49 190.25 188.07 185.96 183.91 181.93 180.00 178.13 176.31 174.55 172.84 171.19 169.58 168.02 166.50 165.03 163.60 162.21 160.86 159.55 158.27 157.03 155.82 154.64 153.49 152.37 151.27 150.20 149.15 148.12 147.11 146.12 145.14
277.06 275.75 274.38 272.95 271.46 269.91 268.30 266.64 264.92 263.14 261.32 259.44 257.51 255.52 253.49 251.41 249.29 247.12 244.90 242.64 240.33 237.99 235.60 233.17 230.70 228.20 225.66 223.08 220.47 217.82 215.12 212.33 209.55 206.82 204.18 201.61 199.11 196.68 194.33 192.04 189.82 187.66 185.56 183.53 181.56 179.65 177.79 175.99 174.24 172.54 170.89 169.30 167.74 166.24 164.77 163.35 161.97 160.62 159.32 158.04 156.80 155.60 154.42 153.27 152.15 151.05 149.97 148.92 147.89 146.87 145.88
277.66 276.38 275.04 273.63 272.18 270.66 269.09 267.46 265.78 264.05 262.27 260.43 258.55 256.62 254.64 252.62 250.55 248.43 246.28 244.08 241.84 239.56 237.24 234.88 232.48 230.05 227.59 225.09 222.56 219.97 217.28 214.49 211.69 208.93 206.23 203.60 201.05 198.57 196.17 193.83 191.56 189.35 187.21 185.13 183.11 181.16 179.26 177.41 175.62 173.88 172.19 170.55 168.96 167.42 165.92 164.46 163.04 161.66 160.32 159.02 157.75 156.51 155.30 154.12 152.97 151.85 150.75 149.67 148.61 147.58 146.55
278.33 277.07 275.76 274.38 272.95 271.47 269.94 268.35 266.71 265.02 263.28 261.49 259.65 257.77 255.85 253.88 251.86 249.81 247.71 245.57 243.39 241.18 238.93 236.64 234.32 231.96 229.57 227.15 224.67 222.09 219.40 216.61 213.81 211.03 208.29 205.61 203.01 200.47 198.01 195.62 193.30 191.05 188.86 186.73 184.66 182.66 180.71 178.82 176.99 175.21 173.48 171.80 170.16 168.58 167.04 165.54 164.09 162.68 161.30 159.96 158.66 157.39 156.15 154.94 153.76 152.60 151.48 150.37 149.29 148.22 147.18
279.06 277.82 276.54 275.19 273.80 272.35 270.84 269.29 267.69 266.04 264.35 262.60 260.82 258.98 257.11 255.19 253.23 251.23 249.19 247.12 245.00 242.85 240.67 238.45 236.20 233.91 231.60 229.23 226.77 224.19 221.49 218.70 215.89 213.11 210.35 207.63 204.97 202.38 199.87 197.42 195.05 192.74 190.50 188.32 186.21 184.16 182.16 180.23 178.34 176.52 174.74 173.02 171.35 169.72 168.14 166.61 165.11 163.66 162.25 160.87 159.53 158.23 156.96 155.72 154.50 153.32 152.16 151.03 149.92 148.83 147.75
279.85 278.64 277.38 276.06 274.69 273.28 271.81 270.30 268.73 267.13 265.47 263.77 262.03 260.25 258.42 256.56 254.65 252.71 250.73 248.71 246.66 244.58 242.46 240.31 238.13 235.92 233.65 231.30 228.83 226.25 223.55 220.75 217.95 215.16 212.40 209.66 206.95 204.31 201.74 199.24 196.81 194.45 192.15 189.92 187.76 185.65 183.61 181.62 179.70 177.82 176.00 174.23 172.52 170.85 169.23 167.65 166.11 164.62 163.17 161.76 160.38 159.04 157.73 156.46 155.21 154.00 152.81 151.64 150.50 149.38 148.28
280.70 279.51 278.27 276.99 275.65 274.27 272.83 271.35 269.83 268.26 266.65 264.99 263.30 261.56 259.79 257.97 256.12 254.24 252.32 250.36 248.37 246.35 244.30 242.22 240.10 237.94 235.69 233.33 230.86 228.28 225.58 222.78 219.97 217.18 214.41 211.66 208.94 206.25 203.62 201.06 198.58 196.16 193.81 191.53 189.31 187.15 185.06 183.02 181.04 179.12 177.25 175.44 173.68 171.96 170.29 168.67 167.10 165.56 164.07 162.62 161.20 159.83 158.48 157.17 155.89 154.64 153.41 152.22 151.04 149.89 148.76
281.60 280.44 279.23 277.97 276.66 275.31 273.91 272.46 270.98 269.45 267.88 266.27 264.62 262.93 261.20 259.44 257.64 255.81 253.95 252.05 250.12 248.17 246.18 244.16 242.10 239.95 237.70 235.34 232.86 230.28 227.58 224.78 221.97 219.18 216.40 213.64 210.90 208.19 205.52 202.90 200.36 197.88 195.48 193.14 190.86 188.65 186.51 184.42 182.39 180.42 178.50 176.64 174.82 173.06 171.35 169.69 168.07 166.49 164.95 163.46 162.00 160.59 159.20 157.85 156.53 155.25 153.99 152.76 151.55 150.37 149.21
282.56 281.42 280.23 279.00 277.72 276.40 275.03 273.63 272.18 270.68 269.16 267.59 265.98 264.34 262.66 260.95 259.21 257.43 255.62 253.79 251.92 250.03 248.10 246.14 244.08 241.93 239.67 237.31 234.84 232.26 229.56 226.76 223.95 221.15 218.36 215.59 212.84 210.12 207.42 204.76 202.16 199.62 197.16 194.76 192.43 190.16 187.96 185.82 183.74 181.71 179.74 177.83 175.97 174.16 172.40 170.69 169.02 167.40 165.82 164.28 162.78 161.32 159.90 158.51 157.15 155.83 154.53 153.26 152.02 150.80 149.61
283.57 282.45 281.29 280.08 278.83 277.54 276.21 274.83 273.42 271.97 270.48 268.95 267.39 265.80 264.17 262.51 260.82 259.10 257.34 255.57 253.76 251.93 250.05 248.09 246.04 243.88 241.62 239.26 236.79 234.20 231.51 228.71 225.90 223.09 220.30 217.52 214.76 212.03 209.31 206.63 203.97 201.38 198.85 196.40 194.01 191.69 189.43 187.23 185.09 183.01 180.99 179.02 177.11 175.25 173.44 171.68 169.97 168.30 166.67 165.09 163.55 162.04 160.57 159.14 157.75 156.38 155.05 153.74 152.46 151.21 149.98
284.63 283.54 282.40 281.22 279.99 278.73 277.43 276.09 274.71 273.30 271.85 270.36 268.85 267.30 265.72 264.11 262.47 260.80 259.10 257.38 255.64 253.85 251.98 250.02 247.96 245.80 243.55 241.18 238.71 236.13 233.43 230.64 227.82 225.02 222.22 219.43 216.66 213.91 211.19 208.48 205.80 203.16 200.57 198.05 195.60 193.22 190.90 188.65 186.45 184.32 182.24 180.22 178.25 176.34 174.48 172.67 170.90 169.19 167.51 165.88 164.29 162.74 161.23 159.76 158.32 156.91 155.53 154.19 152.87 151.58 150.31
285.74 284.66 283.55 282.39 281.20 279.97 278.70 277.39 276.05 274.67 273.26 271.82 270.34 268.84 267.31 265.74 264.16 262.54 260.90 259.24 257.53 255.75 253.88 251.92 249.86 247.70 245.44 243.08 240.61 238.03 235.33 232.54 229.73 226.92 224.12 221.33 218.55 215.78 213.04 210.32 207.62 204.95 202.31 199.73 197.22 194.77 192.39 190.08 187.82 185.63 183.50 181.42 179.40 177.43 175.52 173.65 171.84 170.07 168.35 166.67 165.03 163.43 161.88 160.36 158.87 157.42 156.00 154.61 153.25 151.92 150.61
286.89 285.84 284.75 283.62 282.45 281.24 280.00 278.73 277.42 276.08 274.71 273.31 271.88 270.42 268.93 267.42 265.88 264.32 262.73 261.11 259.41 257.63 255.76 253.79 251.73 249.58 247.32 244.96 242.49 239.91 237.22 234.43 231.62 228.80 226.00 223.20 220.41 217.64 214.88 212.14 209.42 206.72 204.06 201.43 198.85 196.34 193.90 191.52 189.21 186.96 184.77 182.63 180.55 178.53 176.56 174.64 172.77 170.95 169.18 167.45 165.76 164.11 162.51 160.94 159.41 157.91 156.45 155.02 153.61 152.24 150.89
288.09 287.06 285.99 284.88 283.74 282.56 281.35 280.11 278.84 277.53 276.20 274.84 273.45 272.03 270.59 269.13 267.64 266.13 264.58 262.97 261.27 259.48 257.61 255.65 253.59 251.43 249.17 246.81 244.35 241.77 239.08 236.30 233.48 230.67 227.86 225.06 222.26 219.47 216.70 213.94 211.21 208.49 205.80 203.14 200.51 197.94 195.43 192.99 190.61 188.30 186.05 183.85 181.72 179.63 177.61 175.63 173.71 171.83 170.00 168.22 166.48 164.79 163.13 161.51 159.93 158.39 156.88 155.40 153.95 152.54 151.15
289.33 288.31 287.27 286.18 285.07 283.92 282.74 281.53 280.29 279.02 277.72 276.40 275.06 273.68 272.29 270.87 269.43 267.96 266.42 264.80 263.10 261.31 259.44 257.48 255.42 253.26 251.01 248.65 246.18 243.61 240.93 238.15 235.34 232.52 229.71 226.90 224.09 221.30 218.51 215.74 212.98 210.25 207.53 204.84 202.18 199.55 196.98 194.48 192.04 189.66 187.34 185.09 182.89 180.75 178.66 176.63 174.65 172.72 170.83 168.99 167.20 165.45 163.75 162.08 160.45 158.86 157.30 155.77 154.28 152.81 151.38
290.60 289.61 288.58 287.52 286.43 285.31 284.16 282.98 281.77 280.54 279.28 278.00 276.69 275.37 274.02 272.65 271.24 269.78 268.23 266.61 264.91 263.12 261.25 259.29 257.23 255.07 252.82 250.47 248.01 245.44 242.76 239.98 237.17 234.36 231.54 228.73 225.92 223.11 220.31 217.52 214.75 211.99 209.25 206.54 203.85 201.19 198.56 195.99 193.48 191.04 188.66 186.34 184.08 181.88 179.73 177.64 175.60 173.61 171.66 169.77 167.92 166.12 164.36 162.64 160.96 159.31 157.70 156.13 154.59 153.08 151.59
291.92 290.94 289.94 288.90 287.83 286.74 285.61 284.47 283.29 282.09 280.87 279.63 278.36 277.08 275.77 274.43 273.04 271.57 270.02 268.40 266.70 264.91 263.04 261.08 259.02 256.87 254.62 252.27 249.81 247.25 244.57 241.80 239.00 236.18 233.37 230.55 227.73 224.91 222.10 219.30 216.51 213.73 210.97 208.23 205.51 202.82 200.16 197.53 194.95 192.44 190.00 187.61 185.29 183.02 180.81 178.66 176.56 174.51 172.51 170.55 168.65 166.79 164.97 163.20 161.46 159.76 158.10 156.48 154.89 153.33 151.79
293.27 292.31 291.32 290.31 289.26 288.20 287.10 285.98 284.84 283.68 282.49 281.28 280.06 278.82 277.54 276.21 274.81 273.34 271.79 270.17 268.47 266.68 264.81 262.85 260.80 258.65 256.40 254.05 251.60 249.04 246.37 243.61 240.81 238.00 235.18 232.35 229.53 226.70 223.88 221.06 218.26 215.46 212.68 209.91 207.17 204.45 201.75 199.09 196.45 193.87 191.36 188.91 186.52 184.19 181.91 179.69 177.53 175.42 173.36 171.34 169.38 167.46 165.59 163.75 161.96 160.21 158.50 156.82 155.18 153.56 151.98
294.65 293.71 292.74 291.75 290.73 289.68 288.62 287.53 286.42 285.29 284.14 282.97 281.78 280.57 279.30 277.96 276.56 275.09 273.55 271.92 270.22 268.44 266.57 264.61 262.56 260.41 258.17 255.83 253.38 250.83 248.16 245.40 242.61 239.80 236.98 234.15 231.32 228.49 225.65 222.82 220.00 217.19 214.38 211.60 208.83 206.07 203.35 200.65 197.97 195.33 192.75 190.23 187.77 185.37 183.03 180.75 178.52 176.34 174.22 172.15 170.12 168.14 166.21 164.32 162.47 160.66 158.89 157.16 155.46 153.79 152.16
296.06 295.13 294.19 293.21 292.22 291.20 290.16 289.10 288.02 286.92 285.81 284.67 283.52 282.31 281.03 279.70 278.30 276.83 275.28 273.66 271.96 270.18 268.31 266.35 264.30 262.16 259.93 257.59 255.15 252.60 249.94 247.19 244.40 241.59 238.77 235.94 233.11 230.27 227.42 224.58 221.74 218.91 216.09 213.27 210.48 207.70 204.94 202.21 199.50 196.82 194.17 191.58 189.05 186.58 184.17 181.82 179.53 177.29 175.10 172.96 170.87 168.83 166.84 164.89 162.98 161.11 159.28 157.49 155.74 154.02 152.33
297.49 296.59 295.66 294.71 293.73 292.74 291.73 290.69 289.64 288.58 287.50 286.39 285.24 284.03 282.75 281.42 280.02 278.54 277.00 275.38 273.68 271.90 270.03 268.08 266.04 263.90 261.67 259.34 256.90 254.36 251.71 248.97 246.18 243.38 240.56 237.73 234.89 232.04 229.19 226.33 223.48 220.63 217.78 214.95 212.13 209.32 206.54 203.77 201.02 198.31 195.62 192.96 190.36 187.82 185.34 182.92 180.56 178.25 176.00 173.79 171.64 169.54 167.48 165.47 163.50 161.57 159.68 157.83 156.02 154.25 152.50
298.96 298.07 297.16 296.22 295.27 294.30 293.31 292.31 291.29 290.26 289.20 288.10 286.94 285.73 284.46 283.12 281.72 280.25 278.70 277.08 275.39 273.61 271.75 269.80 267.76 265.63 263.41 261.08 258.65 256.12 253.48 250.74 247.96 245.16 242.34 239.51 236.67 233.81 230.95 228.08 225.21 222.35 219.48 216.63 213.78 210.95 208.13 205.33 202.55 199.80 197.07 194.37 191.71 189.09 186.54 184.05 181.62 179.24 176.92 174.65 172.43 170.26 168.13 166.06 164.03 162.04 160.09 158.18 156.31 154.47 152.67
300.45 299.57 298.68 297.76 296.83 295.89 294.92 293.95 292.96 291.95 290.89 289.79 288.63 287.42 286.14 284.81 283.41 281.94 280.39 278.78 277.09 275.31 273.45 271.51 269.48 267.35 265.13 262.81 260.39 257.87 255.24 252.51 249.74 246.94 244.12 241.29 238.44 235.58 232.71 229.83 226.95 224.07 221.19 218.31 215.44 212.58 209.73 206.90 204.09 201.30 198.53 195.79 193.07 190.40 187.77 185.21 182.70 180.26 177.86 175.52 173.23 171.00 168.81 166.67 164.57 162.52 160.50 158.53 156.60 154.71 152.85
301.95 301.09 300.22 299.32 298.41 297.49 296.55 295.60 294.63 293.62 292.57 291.46 290.30 289.09 287.82 286.48 285.08 283.61 282.07 280.46 278.77 277.00 275.15 273.21 271.19 269.07 266.85 264.54 262.13 259.61 256.99 254.27 251.51 248.72 245.90 243.07 240.22 237.35 234.47 231.58 228.69 225.79 222.89 219.99 217.10 214.21 211.34 208.48 205.63 202.80 200.00 197.21 194.46 191.73 189.04 186.40 183.82 181.30 178.83 176.42 174.07 171.76 169.50 167.29 165.13 163.01 160.93 158.90 156.90 154.94 153.02
303.48 302.64 301.77 300.90 300.01 299.11 298.19 297.26 296.30 295.29 294.23 293.12 291.96 290.75 289.48 288.14 286.75 285.28 283.74 282.14 280.45 278.69 276.84 274.91 272.89 270.77 268.57 266.27 263.86 261.35 258.74 256.03 253.28 250.49 247.68 244.85 241.99 239.12 236.23 233.34 230.43 227.52 224.60 221.68 218.77 215.85 212.95 210.06 207.18 204.32 201.47 198.65 195.85 193.08 190.33 187.63 184.97 182.38 179.84 177.35 174.92 172.55 170.22 167.94 165.71 163.52 161.38 159.28 157.22 155.19 153.21
305.03 304.19 303.35 302.49 301.62 300.74 299.84 298.92 297.95 296.93 295.88 294.77 293.61 292.40 291.13 289.80 288.40 286.94 285.41 283.80 282.12 280.36 278.52 276.60 274.58 272.48 270.28 267.99 265.59 263.09 260.49 257.79 255.04 252.27 249.46 246.62 243.77 240.89 238.00 235.09 232.17 229.25 226.31 223.38 220.44 217.50 214.57 211.65 208.74 205.84 202.96 200.09 197.25 194.44 191.65 188.89 186.16 183.49 180.88 178.32 175.81 173.36 170.96 168.61 166.31 164.05 161.84 159.67 157.54 155.46 153.41
