data_output/RCH/Precip_2004_11.asc
ncols        168
nrows        136
xllcorner    455000
yllcorner    2107000
cellsize     500
NODATA_value     -99999
[rows 0 to 35 of 136, columns 80 to 159 of 168]
2.30 2.90 3.52 4.17 4.85 5.56 6.30 7.06 7.86 8.69 9.53 10.37 11.22 12.07 12.93 13.78 14.63 15.48 16.32 17.16 17.99 18.81 19.62 20.41 21.19 21.95 22.69 23.42 24.12 24.80 25.46 26.09 26.69 27.26 27.81 28.31 28.76 29.10 29.33 29.45 29.46 29.35 29.12 28.78 28.32 27.74 27.07 26.29 25.41 24.44 23.37 22.21 20.97 19.65 18.24 16.77 15.22 13.60 11.92 10.18 8.38 6.52 4.62 2.66 0.67 0.00 0.00 0.00 0.00 0.00 0.00 0.00 0.00 0.00 0.00 0.00 0.00 0.00 0.00 0.00
2.63 3.24 3.89 4.56 5.25 5.98 6.74 7.52 8.34 9.18 10.04 10.90 11.76 12.63 13.50 14.37 15.24 16.10 16.96 17.81 18.65 19.48 20.30 21.11 21.90 22.68 23.43 24.17 24.88 25.58 26.24 26.88 27.50 28.08 28.63 29.12 29.51 29.79 29.95 30.02 29.98 29.83 29.57 29.20 28.71 28.12 27.42 26.62 25.72 24.73 23.65 22.48 21.23 19.90 18.49 17.01 15.46 13.85 12.17 10.43 8.63 6.79 4.89 2.95 0.97 0.00 0.00 0.00 0.00 0.00 0.00 0.00 0.00 0.00 0.00 0.00 0.00 0.00 0.00 0.00
2.97 3.60 4.26 4.95 5.66 6.41 7.18 7.98 8.81 9.67 10.54 11.42 12.29 13.18 14.06 14.94 15.82 16.70 17.57 18.43 19.29 20.13 20.96 21.78 22.59 23.37 24.14 24.89 25.61 26.31 26.99 27.64 28.26 28.85 29.38 29.82 30.14 30.35 30.46 30.47 30.38 30.19 29.90 29.50 28.99 28.38 27.67 26.85 25.94 24.94 23.85 22.68 21.42 20.09 18.68 17.20 15.65 14.04 12.36 10.63 8.85 7.02 5.14 3.21 1.25 0.00 0.00 0.00 0.00 0.00 0.00 0.00 0.00 0.00 0.00 0.00 0.00 0.00 0.00 0.00
3.31 3.96 4.64 5.34 6.07 6.83 7.62 8.44 9.28 10.15 11.04 11.93 12.82 13.71 14.61 15.50 16.40 17.28 18.17 19.04 19.91 20.76 21.60 22.43 23.24 24.04 24.82 25.57 26.31 27.02 27.70 28.36 28.99 29.56 30.03 30.39 30.65 30.80 30.86 30.81 30.67 30.44 30.11 29.69 29.17 28.54 27.81 26.99 26.07 25.06 23.97 22.79 21.53 20.20 18.79 17.32 15.78 14.17 12.51 10.80 9.03 7.21 5.35 3.45 1.51 0.00 0.00 0.00 0.00 0.00 0.00 0.00 0.00 0.00 0.00 0.00 0.00 0.00 0.00 0.00
3.66 4.33 5.02 5.74 6.48 7.26 8.06 8.89 9.75 10.63 11.53 12.43 13.33 14.24 15.14 16.05 16.95 17.85 18.74 19.63 20.50 21.36 22.22 23.05 23.87 24.68 25.46 26.22 26.97 27.68 28.37 29.04 29.64 30.15 30.55 30.85 31.05 31.14 31.14 31.05 30.86 30.58 30.21 29.76 29.22 28.58 27.85 27.02 26.10 25.09 23.99 22.82 21.56 20.24 18.84 17.38 15.85 14.26 12.61 10.91 9.17 7.37 5.53 3.66 1.74 0.00 0.00 0.00 0.00 0.00 0.00 0.00 0.00 0.00 0.00 0.00 0.00 0.00 0.00 0.00
4.02 4.70 5.41 6.14 6.90 7.68 8.50 9.34 10.21 11.10 12.01 12.92 13.83 14.75 15.67 16.58 17.49 18.40 19.30 20.19 21.07 21.94 22.80 23.65 24.47 25.28 26.07 26.84 27.59 28.31 29.01 29.65 30.19 30.63 30.96 31.20 31.33 31.37 31.32 31.18 30.94 30.62 30.22 29.73 29.17 28.52 27.78 26.95 26.03 25.02 23.93 22.77 21.52 20.21 18.82 17.37 15.86 14.29 12.66 10.99 9.26 7.50 5.69 3.84 1.96 0.05 0.00 0.00 0.00 0.00 0.00 0.00 0.00 0.00 0.00 0.00 0.00 0.00 0.00 0.00
4.39 5.08 5.80 6.54 7.31 8.11 8.93 9.78 10.66 11.57 12.48 13.40 14.32 15.25 16.17 17.09 18.01 18.93 19.83 20.73 21.62 22.50 23.36 24.21 25.04 25.86 26.65 27.43 28.18 28.90 29.57 30.15 30.62 30.99 31.26 31.43 31.51 31.50 31.40 31.21 30.93 30.57 30.13 29.62 29.02 28.36 27.62 26.79 25.87 24.87 23.79 22.63 21.40 20.10 18.73 17.30 15.81 14.27 12.67 11.02 9.32 7.58 5.81 4.00 2.15 0.28 0.00 0.00 0.00 0.00 0.00 0.00 0.00 0.00 0.00 0.00 0.00 0.00 0.00 0.00
4.76 5.46 6.19 6.95 7.73 8.53 9.36 10.22 11.11 12.02 12.94 13.87 14.80 15.73 16.66 17.59 18.51 19.43 20.34 21.25 22.14 23.02 23.89 24.74 25.58 26.40 27.20 27.97 28.73 29.42 30.03 30.53 30.93 31.24 31.45 31.56 31.59 31.52 31.37 31.14 30.82 30.42 29.95 29.41 28.79 28.10 27.35 26.52 25.62 24.63 23.56 22.42 21.21 19.93 18.58 17.17 15.71 14.19 12.62 11.00 9.34 7.64 5.90 4.13 2.33 0.50 0.00 0.00 0.00 0.00 0.00 0.00 0.00 0.00 0.00 0.00 0.00 0.00 0.00 0.00
5.14 5.85 6.59 7.35 8.14 8.95 9.79 10.66 11.55 12.47 13.40 14.33 15.26 16.20 17.13 18.07 18.99 19.92 20.83 21.74 22.64 23.52 24.39 25.25 26.09 26.91 27.71 28.48 29.21 29.84 30.37 30.80 31.14 31.38 31.53 31.58 31.56 31.44 31.25 30.97 30.62 30.19 29.68 29.11 28.47 27.76 26.99 26.16 25.27 24.29 23.25 22.12 20.93 19.68 18.36 16.98 15.54 14.06 12.52 10.94 9.32 7.66 5.96 4.23 2.48 0.70 0.00 0.00 0.00 0.00 0.00 0.00 0.00 0.00 0.00 0.00 0.00 0.00 0.00 0.00
5.52 6.24 6.98 7.75 8.54 9.36 10.21 11.08 11.98 12.90 13.84 14.77 15.71 16.65 17.59 18.52 19.45 20.38 21.30 22.21 23.10 23.99 24.86 25.72 26.56 27.38 28.18 28.92 29.58 30.14 30.60 30.96 31.23 31.41 31.50 31.50 31.43 31.27 31.03 30.71 30.32 29.86 29.33 28.73 28.07 27.35 26.56 25.72 24.82 23.87 22.84 21.75 20.58 19.36 18.07 16.72 15.32 13.87 12.38 10.84 9.26 7.64 5.99 4.31 2.61 0.88 0.00 0.00 0.00 0.00 0.00 0.00 0.00 0.00 0.00 0.00 0.00 0.00 0.00 0.00
5.90 6.62 7.37 8.15 8.95 9.77 10.62 11.50 12.40 13.33 14.26 15.20 16.14 17.08 18.02 18.96 19.89 20.82 21.74 22.65 23.54 24.43 25.30 26.16 27.00 27.81 28.58 29.26 29.84 30.32 30.71 31.01 31.22 31.34 31.37 31.33 31.20 30.99 30.71 30.36 29.94 29.45 28.89 28.27 27.59 26.85 26.06 25.21 24.31 23.36 22.36 21.29 20.16 18.96 17.71 16.40 15.04 13.63 12.18 10.69 9.15 7.59 5.99 4.36 2.71 1.04 0.00 0.00 0.00 0.00 0.00 0.00 0.00 0.00 0.00 0.00 0.00 0.00 0.00 0.00
6.28 7.01 7.77 8.54 9.35 10.17 11.03 11.91 12.81 13.74 14.67 15.61 16.56 17.50 18.44 19.37 20.31 21.23 22.15 23.06 23.95 24.84 25.71 26.56 27.40 28.18 28.88 29.48 29.99 30.40 30.72 30.95 31.10 31.16 31.15 31.05 30.88 30.63 30.31 29.93 29.47 28.95 28.37 27.73 27.04 26.29 25.48 24.63 23.73 22.78 21.79 20.75 19.65 18.50 17.28 16.02 14.70 13.34 11.94 10.49 9.01 7.50 5.96 4.39 2.80 1.19 0.00 0.00 0.00 0.00 0.00 0.00 0.00 0.00 0.00 0.00 0.00 0.00 0.00 0.00
6.66 7.40 8.15 8.94 9.74 10.57 11.42 12.30 13.21 14.13 15.07 16.01 16.95 17.89 18.83 19.77 20.70 21.62 22.54 23.44 24.33 25.22 26.08 26.93 27.73 28.45 29.06 29.59 30.02 30.36 30.62 30.79 30.88 30.89 30.82 30.68 30.46 30.18 29.82 29.41 28.92 28.38 27.78 27.12 26.41 25.65 24.84 23.98 23.08 22.14 21.15 20.13 19.07 17.96 16.79 15.57 14.30 12.99 11.64 10.25 8.83 7.37 5.89 4.39 2.86 1.32 0.00 0.00 0.00 0.00 0.00 0.00 0.00 0.00 0.00 0.00 0.00 0.00 0.00 0.00
7.04 7.78 8.54 9.32 10.13 10.96 11.81 12.69 13.59 14.52 15.45 16.39 17.33 18.27 19.20 20.13 21.06 21.98 22.89 23.79 24.68 25.56 26.42 27.23 27.96 28.60 29.14 29.59 29.95 30.22 30.42 30.53 30.56 30.52 30.41 30.22 29.96 29.64 29.25 28.80 28.29 27.73 27.11 26.43 25.71 24.94 24.13 23.27 22.37 21.43 20.46 19.46 18.42 17.35 16.23 15.06 13.85 12.59 11.30 9.97 8.60 7.21 5.80 4.36 2.90 1.43 0.00 0.00 0.00 0.00 0.00 0.00 0.00 0.00 0.00 0.00 0.00 0.00 0.00 0.00
7.42 8.16 8.92 9.70 10.50 11.33 12.19 13.06 13.96 14.89 15.82 16.75 17.68 18.62 19.55 20.48 21.40 22.31 23.22 24.12 25.00 25.87 26.69 27.43 28.08 28.63 29.10 29.48 29.77 29.98 30.12 30.17 30.15 30.06 29.90 29.67 29.37 29.02 28.60 28.12 27.59 27.00 26.36 25.68 24.95 24.17 23.35 22.50 21.60 20.68 19.72 18.73 17.71 16.67 15.60 14.49 13.33 12.14 10.90 9.64 8.34 7.02 5.67 4.30 2.92 1.53 0.13 0.00 0.00 0.00 0.00 0.00 0.00 0.00 0.00 0.00 0.00 0.00 0.00 0.00
7.80 8.54 9.29 10.07 10.87 11.70 12.55 13.42 14.32 15.24 16.16 17.09 18.02 18.95 19.87 20.80 21.71 22.62 23.52 24.41 25.28 26.11 26.86 27.52 28.08 28.56 28.95 29.26 29.49 29.64 29.72 29.72 29.65 29.51 29.30 29.03 28.70 28.31 27.86 27.36 26.81 26.20 25.55 24.86 24.12 23.34 22.52 21.67 20.78 19.87 18.92 17.95 16.96 15.94 14.91 13.85 12.76 11.63 10.46 9.26 8.03 6.78 5.51 4.22 2.92 1.61 0.29 0.00 0.00 0.00 0.00 0.00 0.00 0.00 0.00 0.00 0.00 0.00 0.00 0.00
8.17 8.91 9.66 10.44 11.23 12.05 12.90 13.77 14.66 15.57 16.49 17.41 18.33 19.25 20.17 21.09 21.99 22.89 23.78 24.66 25.50 26.25 26.92 27.49 27.98 28.38 28.71 28.95 29.11 29.21 29.22 29.17 29.05 28.87 28.62 28.31 27.95 27.53 27.05 26.53 25.96 25.34 24.67 23.97 23.22 22.44 21.63 20.78 19.91 19.01 18.08 17.13 16.16 15.17 14.17 13.16 12.12 11.06 9.97 8.84 7.69 6.52 5.32 4.11 2.89 1.66 0.43 0.00 0.00 0.00 0.00 0.00 0.00 0.00 0.00 0.00 0.00 0.00 0.00 0.00
8.54 9.27 10.02 10.79 11.58 12.40 13.23 14.10 14.98 15.88 16.80 17.71 18.62 19.54 20.45 21.35 22.25 23.14 24.02 24.86 25.61 26.28 26.86 27.36 27.77 28.10 28.36 28.54 28.64 28.67 28.64 28.54 28.37 28.14 27.86 27.52 27.12 26.67 26.17 25.63 25.04 24.40 23.73 23.02 22.27 21.49 20.69 19.85 18.98 18.10 17.19 16.26 15.32 14.37 13.40 12.42 11.44 10.44 9.42 8.37 7.30 6.21 5.10 3.98 2.85 1.71 0.57 0.00 0.00 0.00 0.00 0.00 0.00 0.00 0.00 0.00 0.00 0.00 0.00 0.00
8.91 9.63 10.37 11.13 11.92 12.73 13.56 14.41 15.28 16.18 17.08 17.99 18.89 19.79 20.69 21.58 22.47 23.35 24.19 24.95 25.62 26.20 26.70 27.12 27.46 27.72 27.91 28.03 28.07 28.05 27.96 27.81 27.61 27.34 27.02 26.64 26.21 25.74 25.22 24.66 24.05 23.41 22.73 22.01 21.27 20.49 19.69 18.86 18.01 17.15 16.26 15.36 14.45 13.52 12.59 11.66 10.72 9.78 8.83 7.86 6.88 5.87 4.85 3.82 2.78 1.73 0.69 0.00 0.00 0.00 0.00 0.00 0.00 0.00 0.00 0.00 0.00 0.00 0.00 0.00
9.27 9.98 10.71 11.47 12.24 13.04 13.86 14.70 15.57 16.45 17.35 18.24 19.13 20.02 20.91 21.79 22.66 23.50 24.26 24.93 25.51 26.01 26.44 26.78 27.05 27.24 27.37 27.42 27.41 27.34 27.20 27.01 26.76 26.45 26.10 25.69 25.24 24.74 24.20 23.62 23.00 22.35 21.66 20.95 20.20 19.43 18.64 17.83 17.00 16.15 15.29 14.42 13.53 12.65 11.75 10.86 9.97 9.08 8.19 7.31 6.41 5.49 4.57 3.63 2.68 1.74 0.79 0.00 0.00 0.00 0.00 0.00 0.00 0.00 0.00 0.00 0.00 0.00 0.00 0.00
9.65 10.32 11.04 11.79 12.55 13.34 14.15 14.98 15.83 16.71 17.59 18.47 19.35 20.22 21.10 21.96 22.79 23.55 24.21 24.80 25.30 25.72 26.07 26.34 26.54 26.67 26.73 26.73 26.67 26.54 26.36 26.12 25.83 25.49 25.10 24.67 24.19 23.67 23.11 22.52 21.89 21.23 20.55 19.83 19.09 18.33 17.55 16.75 15.94 15.12 14.28 13.44 12.59 11.74 10.89 10.04 9.20 8.36 7.53 6.71 5.90 5.08 4.25 3.41 2.57 1.72 0.88 0.10 0.00 0.00 0.00 0.00 0.00 0.00 0.00 0.00 0.00 0.00 0.00 0.00
10.03 10.68 11.37 12.09 12.85 13.62 14.42 15.24 16.08 16.94 17.80 18.67 19.53 20.40 21.25 22.08 22.82 23.48 24.06 24.56 24.98 25.33 25.60 25.80 25.94 26.00 26.01 25.95 25.83 25.66 25.44 25.16 24.83 24.46 24.04 23.58 23.08 22.54 21.97 21.36 20.73 20.06 19.38 18.66 17.93 17.18 16.42 15.64 14.84 14.05 13.24 12.43 11.62 10.81 10.00 9.20 8.40 7.62 6.85 6.10 5.36 4.63 3.90 3.17 2.43 1.69 0.96 0.29 0.00 0.00 0.00 0.00 0.00 0.00 0.00 0.00 0.00 0.00 0.00 0.00
10.42 11.04 11.70 12.39 13.13 13.89 14.67 15.48 16.30 17.15 17.99 18.84 19.69 20.54 21.35 22.09 22.74 23.31 23.81 24.22 24.56 24.83 25.04 25.17 25.24 25.25 25.19 25.08 24.92 24.70 24.43 24.12 23.75 23.35 22.90 22.42 21.90 21.35 20.76 20.15 19.51 18.84 18.15 17.45 16.73 15.99 15.24 14.48 13.71 12.94 12.17 11.39 10.62 9.85 9.09 8.34 7.60 6.87 6.16 5.47 4.80 4.15 3.52 2.90 2.27 1.65 1.03 0.48 0.04 0.00 0.00 0.00 0.00 0.00 0.00 0.00 0.00 0.00 0.00 0.00
10.79 11.39 12.02 12.69 13.40 14.14 14.90 15.69 16.50 17.33 18.16 18.99 19.82 20.62 21.35 21.99 22.55 23.04 23.45 23.78 24.05 24.25 24.38 24.45 24.46 24.40 24.30 24.14 23.92 23.66 23.36 23.00 22.61 22.18 21.70 21.20 20.66 20.09 19.50 18.88 18.23 17.57 16.89 16.19 15.48 14.76 14.03 13.29 12.55 11.81 11.06 10.33 9.60 8.87 8.16 7.46 6.77 6.11 5.46 4.83 4.23 3.66 3.12 2.60 2.08 1.58 1.08 0.65 0.33 0.14 0.06 0.03 0.00 0.00 0.00 0.00 0.00 0.00 0.00 0.00
11.15 11.72 12.33 12.98 13.66 14.37 15.12 15.89 16.68 17.49 18.30 19.11 19.89 20.60 21.23 21.78 22.26 22.66 22.99 23.24 23.44 23.56 23.63 23.64 23.58 23.48 23.32 23.11 22.85 22.55 22.21 21.82 21.40 20.94 20.44 19.92 19.36 18.78 18.18 17.56 16.91 16.25 15.58 14.89 14.19 13.49 12.78 12.06 11.35 10.64 9.94 9.24 8.55 7.87 7.21 6.56 5.94 5.33 4.75 4.19 3.67 3.17 2.71 2.28 1.88 1.49 1.12 0.81 0.62 0.54 0.51 0.48 0.45 0.43 0.40 0.37 0.35 0.32 0.30 0.27
11.49 12.04 12.63 13.25 13.90 14.59 15.31 16.06 16.83 17.62 18.41 19.17 19.86 20.48 21.01 21.47 21.86 22.18 22.43 22.61 22.73 22.79 22.79 22.74 22.63 22.47 22.26 22.01 21.71 21.37 20.99 20.57 20.12 19.63 19.12 18.58 18.01 17.42 16.81 16.19 15.54 14.89 14.22 13.55 12.87 12.18 11.49 10.81 10.13 9.45 8.79 8.13 7.49 6.86 6.25 5.66 5.09 4.55 4.04 3.55 3.10 2.68 2.30 1.96 1.66 1.39 1.15 0.96 0.89 0.86 0.84 0.81 0.79 0.77 0.75 0.72 0.70 0.68 0.65 0.63
11.80 12.33 12.90 13.50 14.13 14.79 15.48 16.20 16.95 17.72 18.46 19.13 19.73 20.25 20.69 21.06 21.37 21.60 21.78 21.89 21.94 21.93 21.87 21.76 21.60 21.39 21.13 20.83 20.49 20.11 19.70 19.25 18.78 18.27 17.74 17.18 16.61 16.01 15.40 14.77 14.13 13.48 12.83 12.17 11.51 10.84 10.18 9.53 8.88 8.24 7.62 7.00 6.41 5.83 5.28 4.75 4.24 3.77 3.32 2.91 2.53 2.20 1.90 1.65 1.44 1.28 1.16 1.10 1.08 1.06 1.05 1.03 1.02 1.00 0.98 0.97 0.95 0.93 0.91 0.89
12.07 12.59 13.14 13.72 14.33 14.97 15.63 16.33 17.05 17.78 18.44 19.01 19.51 19.93 20.29 20.57 20.80 20.95 21.05 21.09 21.08 21.01 20.89 20.72 20.50 20.24 19.94 19.60 19.22 18.81 18.37 17.90 17.40 16.87 16.32 15.75 15.17 14.57 13.95 13.33 12.70 12.06 11.42 10.77 10.13 9.49 8.86 8.24 7.62 7.02 6.44 5.88 5.33 4.81 4.31 3.84 3.40 2.99 2.62 2.28 1.99 1.73 1.52 1.36 1.24 1.18 1.16 1.16 1.16 1.15 1.15 1.14 1.13 1.13 1.12 1.11 1.10 1.08 1.07 1.06
12.29 12.79 13.32 13.88 14.47 15.09 15.73 16.40 17.12 17.86 18.46 18.94 19.34 19.67 19.94 20.14 20.28 20.36 20.39 20.36 20.28 20.14 19.96 19.74 19.47 19.16 18.82 18.44 18.02 17.58 17.10 16.60 16.08 15.54 14.97 14.39 13.80 13.19 12.58 11.96 11.33 10.70 10.07 9.45 8.83 8.21 7.61 7.02 6.44 5.88 5.34 4.82 4.33 3.86 3.42 3.01 2.64 2.30 2.00 1.74 1.52 1.35 1.23 1.15 1.13 1.16 1.19 1.20 1.20 1.21 1.22 1.22 1.23 1.23 1.23 1.23 1.22 1.22 1.21 1.21
12.45 12.94 13.45 13.99 14.56 15.15 15.77 16.44 17.17 17.93 18.55 18.98 19.29 19.54 19.71 19.83 19.89 19.89 19.84 19.74 19.59 19.40 19.16 18.88 18.56 18.20 17.81 17.39 16.94 16.46 15.95 15.43 14.88 14.32 13.74 13.15 12.54 11.93 11.32 10.70 10.08 9.46 8.85 8.24 7.64 7.05 6.48 5.92 5.38 4.85 4.36 3.89 3.44 3.03 2.64 2.30 1.99 1.72 1.49 1.30 1.17 1.08 1.04 1.06 1.13 1.19 1.23 1.25 1.27 1.28 1.30 1.32 1.33 1.34 1.35 1.36 1.36 1.37 1.37 1.37
12.56 13.03 13.52 14.04 14.59 15.16 15.78 16.46 17.21 18.00 18.65 19.10 19.36 19.52 19.60 19.64 19.61 19.54 19.41 19.24 19.03 18.77 18.47 18.13 17.76 17.36 16.92 16.46 15.97 15.45 14.92 14.37 13.80 13.21 12.62 12.02 11.40 10.79 10.17 9.56 8.94 8.33 7.73 7.14 6.56 6.00 5.45 4.93 4.42 3.94 3.48 3.06 2.66 2.30 1.98 1.69 1.45 1.24 1.09 0.98 0.92 0.92 0.97 1.07 1.17 1.25 1.30 1.32 1.34 1.37 1.40 1.42 1.45 1.47 1.49 1.50 1.52 1.53 1.54 1.55
12.61 13.06 13.54 14.04 14.57 15.13 15.77 16.47 17.25 18.06 18.73 19.21 19.49 19.61 19.61 19.56 19.45 19.30 19.10 18.86 18.57 18.25 17.89 17.50 17.08 16.62 16.14 15.64 15.11 14.56 14.00 13.42 12.82 12.22 11.61 10.99 10.38 9.76 9.14 8.52 7.92 7.32 6.73 6.16 5.60 5.06 4.54 4.04 3.57 3.13 2.72 2.34 1.99 1.69 1.42 1.19 1.01 0.88 0.80 0.76 0.78 0.86 0.99 1.13 1.24 1.33 1.38 1.41 1.44 1.47 1.51 1.54 1.58 1.61 1.64 1.66 1.69 1.71 1.72 1.74
12.62 13.05 13.51 13.99 14.51 15.10 15.76 16.49 17.29 18.12 18.81 19.31 19.62 19.76 19.72 19.59 19.40 19.17 18.90 18.58 18.23 17.85 17.43 16.98 16.50 16.00 15.47 14.93 14.36 13.78 13.18 12.58 11.96 11.34 10.71 10.08 9.45 8.83 8.21 7.60 7.00 6.41 5.83 5.27 4.74 4.22 3.73 3.27 2.83 2.43 2.06 1.72 1.43 1.18 0.97 0.80 0.68 0.62 0.61 0.65 0.75 0.90 1.07 1.21 1.33 1.42 1.47 1.51 1.55 1.59 1.63 1.68 1.72 1.76 1.80 1.84 1.87 1.90 1.92 1.94
12.57 12.98 13.42 13.90 14.44 15.06 15.74 16.49 17.31 18.16 18.88 19.40 19.74 19.91 19.89 19.72 19.46 19.15 18.80 18.42 18.00 17.55 17.07 16.56 16.03 15.48 14.91 14.32 13.72 13.10 12.47 11.84 11.20 10.56 9.92 9.27 8.64 8.01 7.39 6.78 6.18 5.60 5.04 4.50 3.98 3.49 3.03 2.59 2.19 1.83 1.50 1.21 0.97 0.77 0.61 0.51 0.46 0.46 0.52 0.64 0.81 0.99 1.16 1.31 1.43 1.52 1.59 1.63 1.68 1.73 1.78 1.83 1.88 1.93 1.97 2.02 2.06 2.10 2.13 2.16
12.47 12.87 13.31 13.81 14.38 15.02 15.72 16.49 17.33 18.20 18.93 19.48 19.85 20.04 20.06 19.92 19.62 19.24 18.81 18.36 17.87 17.36 16.82 16.25 15.67 15.07 14.45 13.82 13.18 12.53 11.87 11.21 10.54 9.88 9.22 8.57 7.92 7.29 6.66 6.06 5.46 4.89 4.35 3.82 3.32 2.86 2.42 2.02 1.65 1.33 1.04 0.80 0.60 0.46 0.36 0.31 0.33 0.40 0.53 0.71 0.92 1.10 1.27 1.42 1.55 1.64 1.71 1.77 1.82 1.88 1.93 1.99 2.05 2.10 2.16 2.21 2.26 2.31 2.35 2.39
12.33 12.73 13.19 13.72 14.31 14.97 15.70 16.49 17.35 18.23 18.98 19.55 19.94 20.16 20.21 20.10 19.83 19.42 18.93 18.40 17.84 17.27 16.67 16.05 15.41 14.76 14.09 13.42 12.74 12.05 11.36 10.68 9.99 9.30 8.63 7.96 7.31 6.66 6.04 5.43 4.85 4.29 3.75 3.24 2.76 2.32 1.91 1.54 1.21 0.92 0.68 0.48 0.33 0.24 0.20 0.22 0.29 0.43 0.62 0.84 1.04 1.23 1.40 1.55 1.68 1.78 1.86 1.92 1.98 2.04 2.10 2.17 2.23 2.29 2.35 2.42 2.47 2.53 2.58 2.62
