data_output/RCH/Precip_2006_12.asc
ncols        168
nrows        136
xllcorner    455000
yllcorner    2107000
cellsize     500
NODATA_value     -99999
[rows 76 to 113 of 136, columns 84 to 167 of 168]
3.05 2.97 2.89 2.82 2.74 2.66 2.59 2.52 2.45 2.38 2.31 2.24 2.18 2.11 2.05 2.00 1.94 1.89 1.85 1.80 1.77 1.73 1.70 1.68 1.66 1.65 1.64 1.64 1.65 1.66 1.67 1.70 1.73 1.77 1.81 1.87 1.93 2.00 2.08 2.16 2.26 2.36 2.47 2.60 2.72 2.85 2.99 3.13 3.28 3.43 3.59 3.75 3.91 4.08 4.25 4.43 4.61 4.80 4.99 5.18 5.38 5.58 5.78 5.99 6.19 6.38 6.55 6.72 6.87 7.01 7.13 7.25 7.35 7.45 7.53 7.60 7.65 7.70 7.73 7.74 7.73 7.70 7.64 7.56
3.11 3.03 2.95 2.87 2.80 2.72 2.64 2.57 2.49 2.42 2.35 2.28 2.21 2.15 2.09 2.03 1.97 1.92 1.87 1.83 1.79 1.75 1.72 1.70 1.68 1.66 1.66 1.65 1.66 1.67 1.69 1.71 1.74 1.78 1.83 1.88 1.94 2.01 2.09 2.18 2.28 2.38 2.50 2.62 2.75 2.88 3.02 3.17 3.31 3.47 3.63 3.79 3.96 4.13 4.30 4.48 4.67 4.86 5.05 5.25 5.45 5.65 5.86 6.06 6.25 6.42 6.59 6.74 6.88 7.01 7.13 7.24 7.33 7.41 7.49 7.55 7.60 7.64 7.67 7.68 7.68 7.65 7.60 7.52
3.18 3.09 3.01 2.93 2.85 2.77 2.69 2.61 2.54 2.46 2.39 2.31 2.24 2.18 2.11 2.05 1.99 1.94 1.89 1.84 1.80 1.77 1.73 1.71 1.69 1.67 1.67 1.66 1.67 1.68 1.70 1.72 1.75 1.79 1.84 1.89 1.96 2.03 2.11 2.20 2.29 2.40 2.52 2.64 2.77 2.91 3.05 3.19 3.35 3.50 3.66 3.83 4.00 4.17 4.35 4.53 4.72 4.91 5.11 5.31 5.51 5.72 5.92 6.11 6.29 6.45 6.61 6.75 6.88 7.00 7.11 7.21 7.29 7.37 7.43 7.49 7.53 7.56 7.59 7.60 7.60 7.58 7.53 7.47
3.24 3.15 3.07 2.98 2.90 2.82 2.74 2.65 2.57 2.50 2.42 2.35 2.27 2.20 2.14 2.07 2.01 1.96 1.90 1.86 1.81 1.78 1.74 1.72 1.70 1.68 1.67 1.67 1.67 1.68 1.70 1.73 1.76 1.80 1.84 1.90 1.96 2.04 2.12 2.21 2.30 2.41 2.53 2.66 2.79 2.93 3.07 3.22 3.37 3.53 3.69 3.86 4.03 4.21 4.39 4.58 4.77 4.97 5.17 5.37 5.58 5.78 5.96 6.14 6.31 6.46 6.61 6.74 6.86 6.97 7.07 7.16 7.24 7.31 7.36 7.41 7.45 7.48 7.49 7.50 7.50 7.48 7.45 7.39
3.29 3.21 3.12 3.03 2.95 2.86 2.78 2.69 2.61 2.53 2.45 2.37 2.30 2.23 2.16 2.09 2.03 1.97 1.92 1.87 1.82 1.78 1.75 1.72 1.70 1.68 1.67 1.67 1.67 1.68 1.70 1.73 1.76 1.80 1.85 1.90 1.97 2.04 2.12 2.21 2.31 2.42 2.54 2.67 2.80 2.94 3.09 3.24 3.40 3.56 3.72 3.89 4.07 4.25 4.43 4.62 4.82 5.01 5.22 5.42 5.62 5.81 5.99 6.15 6.31 6.45 6.59 6.71 6.82 6.92 7.02 7.10 7.17 7.23 7.28 7.32 7.35 7.37 7.38 7.39 7.38 7.36 7.34 7.29
3.35 3.26 3.17 3.08 2.99 2.90 2.81 2.73 2.64 2.56 2.47 2.39 2.32 2.24 2.17 2.10 2.04 1.98 1.92 1.87 1.83 1.79 1.75 1.72 1.70 1.68 1.67 1.67 1.67 1.68 1.70 1.72 1.75 1.79 1.84 1.90 1.97 2.04 2.12 2.21 2.32 2.43 2.55 2.68 2.81 2.96 3.10 3.26 3.41 3.58 3.74 3.92 4.10 4.28 4.47 4.66 4.86 5.06 5.26 5.46 5.65 5.83 5.99 6.15 6.29 6.43 6.55 6.67 6.77 6.86 6.95 7.02 7.08 7.14 7.18 7.22 7.24 7.26 7.26 7.26 7.25 7.23 7.20 7.16
3.40 3.31 3.21 3.12 3.03 2.94 2.85 2.76 2.67 2.58 2.50 2.41 2.33 2.26 2.18 2.11 2.05 1.99 1.93 1.87 1.83 1.78 1.75 1.72 1.69 1.67 1.66 1.66 1.66 1.67 1.69 1.71 1.75 1.79 1.84 1.89 1.96 2.03 2.12 2.21 2.31 2.43 2.55 2.68 2.82 2.96 3.11 3.27 3.43 3.59 3.76 3.94 4.12 4.31 4.50 4.69 4.89 5.10 5.29 5.48 5.66 5.83 5.98 6.13 6.26 6.39 6.50 6.61 6.70 6.79 6.86 6.93 6.98 7.03 7.07 7.10 7.12 7.13 7.13 7.12 7.11 7.09 7.05 7.01
3.45 3.35 3.26 3.16 3.06 2.97 2.87 2.78 2.69 2.60 2.51 2.43 2.35 2.27 2.19 2.12 2.05 1.99 1.93 1.87 1.82 1.78 1.74 1.71 1.68 1.66 1.65 1.64 1.65 1.66 1.67 1.70 1.73 1.77 1.82 1.88 1.95 2.02 2.11 2.20 2.31 2.42 2.55 2.68 2.82 2.97 3.12 3.27 3.44 3.61 3.78 3.96 4.14 4.33 4.52 4.72 4.92 5.12 5.31 5.48 5.65 5.80 5.95 6.09 6.21 6.33 6.43 6.53 6.62 6.69 6.76 6.82 6.87 6.91 6.94 6.97 6.98 6.99 6.98 6.97 6.96 6.93 6.89 6.85
3.49 3.39 3.29 3.19 3.09 2.99 2.90 2.80 2.71 2.62 2.52 2.44 2.35 2.27 2.19 2.12 2.05 1.98 1.92 1.87 1.81 1.77 1.73 1.70 1.67 1.65 1.63 1.63 1.63 1.64 1.65 1.68 1.71 1.76 1.81 1.86 1.93 2.01 2.10 2.19 2.30 2.41 2.54 2.67 2.82 2.96 3.12 3.28 3.44 3.61 3.79 3.97 4.16 4.35 4.54 4.74 4.94 5.12 5.30 5.46 5.62 5.76 5.90 6.03 6.14 6.25 6.35 6.43 6.51 6.58 6.64 6.70 6.74 6.78 6.80 6.82 6.83 6.83 6.83 6.81 6.79 6.76 6.72 6.68
3.53 3.43 3.32 3.22 3.12 3.02 2.92 2.82 2.72 2.63 2.53 2.44 2.36 2.27 2.19 2.12 2.04 1.97 1.91 1.85 1.80 1.75 1.71 1.68 1.65 1.63 1.61 1.61 1.61 1.61 1.63 1.66 1.69 1.73 1.78 1.84 1.91 1.99 2.08 2.17 2.28 2.40 2.53 2.66 2.81 2.96 3.11 3.27 3.44 3.61 3.79 3.98 4.17 4.36 4.56 4.75 4.94 5.11 5.27 5.43 5.57 5.71 5.83 5.95 6.06 6.16 6.24 6.33 6.40 6.46 6.51 6.56 6.60 6.63 6.65 6.66 6.67 6.67 6.66 6.64 6.61 6.58 6.54 6.50
3.57 3.46 3.35 3.25 3.14 3.04 2.93 2.83 2.73 2.63 2.54 2.44 2.35 2.27 2.19 2.11 2.03 1.96 1.90 1.84 1.78 1.73 1.69 1.66 1.63 1.60 1.59 1.58 1.58 1.59 1.60 1.63 1.66 1.70 1.76 1.82 1.89 1.96 2.05 2.15 2.26 2.38 2.51 2.65 2.79 2.94 3.10 3.27 3.44 3.61 3.79 3.98 4.17 4.37 4.56 4.74 4.91 5.07 5.23 5.37 5.51 5.63 5.75 5.86 5.96 6.05 6.13 6.20 6.26 6.32 6.37 6.41 6.44 6.47 6.48 6.49 6.49 6.49 6.47 6.45 6.43 6.39 6.35 6.30
3.60 3.49 3.38 3.27 3.16 3.05 2.94 2.84 2.73 2.63 2.53 2.44 2.35 2.26 2.17 2.09 2.02 1.94 1.88 1.82 1.76 1.71 1.67 1.63 1.60 1.57 1.56 1.55 1.55 1.55 1.57 1.59 1.63 1.67 1.72 1.78 1.85 1.93 2.02 2.12 2.23 2.35 2.48 2.63 2.77 2.93 3.09 3.25 3.42 3.60 3.79 3.98 4.17 4.36 4.54 4.71 4.87 5.02 5.16 5.30 5.42 5.54 5.65 5.75 5.84 5.92 5.99 6.06 6.12 6.17 6.21 6.24 6.27 6.29 6.30 6.31 6.31 6.30 6.28 6.26 6.23 6.19 6.15 6.10
3.62 3.51 3.39 3.28 3.17 3.06 2.95 2.84 2.73 2.63 2.53 2.43 2.34 2.25 2.16 2.08 2.00 1.92 1.85 1.79 1.73 1.68 1.64 1.60 1.56 1.54 1.52 1.51 1.51 1.52 1.53 1.55 1.59 1.63 1.68 1.74 1.82 1.90 1.99 2.09 2.20 2.32 2.46 2.60 2.75 2.90 3.07 3.23 3.41 3.59 3.77 3.97 4.15 4.33 4.50 4.66 4.81 4.95 5.08 5.21 5.32 5.43 5.53 5.62 5.70 5.78 5.84 5.90 5.96 6.00 6.04 6.07 6.09 6.10 6.11 6.11 6.11 6.10 6.08 6.05 6.02 5.98 5.94 5.89
3.64 3.53 3.41 3.29 3.18 3.06 2.95 2.84 2.73 2.62 2.52 2.42 2.32 2.23 2.14 2.05 1.97 1.90 1.82 1.76 1.70 1.65 1.60 1.56 1.53 1.50 1.48 1.47 1.47 1.47 1.49 1.51 1.54 1.59 1.64 1.70 1.77 1.85 1.95 2.05 2.16 2.29 2.42 2.56 2.72 2.87 3.04 3.21 3.39 3.57 3.76 3.94 4.11 4.28 4.44 4.59 4.73 4.86 4.98 5.10 5.20 5.30 5.39 5.48 5.55 5.62 5.68 5.73 5.78 5.82 5.85 5.87 5.89 5.90 5.91 5.91 5.90 5.88 5.86 5.83 5.80 5.76 5.72 5.67
3.66 3.54 3.42 3.30 3.18 3.06 2.94 2.83 2.72 2.61 2.50 2.40 2.30 2.20 2.11 2.02 1.94 1.86 1.79 1.72 1.66 1.61 1.56 1.52 1.48 1.46 1.44 1.42 1.42 1.43 1.44 1.46 1.49 1.54 1.59 1.65 1.72 1.81 1.90 2.00 2.12 2.24 2.38 2.53 2.68 2.84 3.01 3.18 3.36 3.54 3.72 3.89 4.06 4.21 4.36 4.50 4.63 4.75 4.86 4.97 5.07 5.16 5.24 5.32 5.39 5.45 5.50 5.55 5.59 5.62 5.65 5.67 5.68 5.69 5.69 5.69 5.67 5.66 5.64 5.61 5.57 5.53 5.49 5.44
3.67 3.54 3.42 3.30 3.17 3.05 2.93 2.82 2.70 2.59 2.48 2.37 2.27 2.17 2.08 1.99 1.91 1.83 1.75 1.68 1.62 1.56 1.51 1.47 1.43 1.41 1.39 1.37 1.37 1.37 1.39 1.41 1.44 1.48 1.53 1.60 1.67 1.75 1.85 1.95 2.07 2.19 2.33 2.48 2.64 2.80 2.97 3.14 3.32 3.50 3.67 3.83 3.98 4.13 4.26 4.39 4.51 4.62 4.73 4.82 4.92 5.00 5.07 5.14 5.20 5.26 5.31 5.35 5.38 5.41 5.43 5.45 5.46 5.46 5.46 5.45 5.44 5.42 5.40 5.37 5.33 5.30 5.25 5.20
3.68 3.55 3.42 3.29 3.16 3.04 2.92 2.80 2.68 2.57 2.45 2.35 2.24 2.14 2.04 1.95 1.86 1.78 1.71 1.64 1.57 1.51 1.46 1.42 1.38 1.35 1.33 1.32 1.31 1.31 1.33 1.35 1.38 1.42 1.47 1.53 1.61 1.69 1.79 1.89 2.01 2.14 2.28 2.43 2.59 2.75 2.92 3.10 3.27 3.44 3.59 3.74 3.88 4.02 4.14 4.26 4.37 4.48 4.57 4.66 4.75 4.82 4.89 4.95 5.01 5.06 5.10 5.13 5.16 5.19 5.21 5.22 5.23 5.23 5.22 5.21 5.20 5.18 5.15 5.12 5.09 5.05 5.00 4.95
3.68 3.54 3.41 3.28 3.15 3.02 2.90 2.77 2.65 2.54 2.42 2.31 2.20 2.10 2.00 1.91 1.82 1.73 1.66 1.58 1.52 1.46 1.41 1.36 1.32 1.29 1.27 1.25 1.25 1.25 1.26 1.28 1.31 1.36 1.41 1.47 1.54 1.63 1.72 1.83 1.95 2.08 2.22 2.37 2.53 2.70 2.87 3.04 3.20 3.35 3.50 3.64 3.77 3.89 4.01 4.12 4.22 4.32 4.40 4.48 4.56 4.63 4.69 4.75 4.79 4.84 4.88 4.91 4.93 4.95 4.97 4.98 4.98 4.98 4.97 4.96 4.94 4.92 4.90 4.87 4.83 4.79 4.75 4.70
3.67 3.53 3.40 3.26 3.13 3.00 2.87 2.75 2.62 2.50 2.38 2.27 2.16 2.05 1.95 1.86 1.77 1.68 1.60 1.53 1.46 1.40 1.34 1.30 1.26 1.22 1.20 1.19 1.18 1.18 1.19 1.21 1.24 1.28 1.34 1.40 1.47 1.55 1.65 1.76 1.88 2.01 2.15 2.31 2.47 2.64 2.80 2.96 3.11 3.25 3.39 3.51 3.63 3.75 3.86 3.96 4.05 4.14 4.22 4.29 4.36 4.42 4.47 4.52 4.57 4.61 4.64 4.67 4.69 4.70 4.71 4.72 4.72 4.72 4.71 4.70 4.68 4.66 4.63 4.60 4.56 4.53 4.48 4.44
3.66 3.52 3.38 3.24 3.11 2.97 2.84 2.71 2.58 2.46 2.34 2.22 2.11 2.00 1.90 1.80 1.71 1.62 1.54 1.46 1.39 1.33 1.28 1.23 1.19 1.15 1.13 1.11 1.10 1.11 1.12 1.14 1.17 1.21 1.26 1.32 1.39 1.48 1.57 1.68 1.80 1.93 2.08 2.23 2.40 2.56 2.71 2.86 3.00 3.13 3.25 3.37 3.48 3.59 3.68 3.77 3.86 3.94 4.01 4.08 4.14 4.19 4.24 4.29 4.33 4.36 4.39 4.41 4.43 4.44 4.45 4.45 4.45 4.45 4.44 4.42 4.40 4.38 4.35 4.32 4.29 4.25 4.21 4.17
3.64 3.50 3.36 3.21 3.08 2.94 2.80 2.67 2.54 2.41 2.29 2.17 2.06 1.95 1.84 1.74 1.65 1.56 1.47 1.40 1.32 1.26 1.20 1.15 1.11 1.08 1.05 1.03 1.02 1.02 1.03 1.05 1.08 1.12 1.17 1.24 1.31 1.39 1.49 1.60 1.72 1.85 2.00 2.15 2.31 2.46 2.60 2.74 2.86 2.98 3.10 3.21 3.31 3.40 3.49 3.58 3.65 3.73 3.79 3.85 3.91 3.96 4.00 4.04 4.07 4.10 4.12 4.14 4.16 4.17 4.17 4.17 4.17 4.16 4.15 4.14 4.12 4.10 4.07 4.04 4.01 3.97 3.93 3.89
3.62 3.47 3.33 3.18 3.04 2.90 2.76 2.63 2.49 2.36 2.24 2.12 2.00 1.89 1.78 1.68 1.58 1.49 1.40 1.32 1.25 1.18 1.12 1.07 1.03 0.99 0.97 0.95 0.94 0.94 0.95 0.97 1.00 1.04 1.09 1.15 1.22 1.31 1.40 1.51 1.63 1.77 1.91 2.07 2.21 2.35 2.48 2.60 2.72 2.83 2.94 3.04 3.13 3.22 3.30 3.37 3.44 3.51 3.56 3.62 3.67 3.71 3.75 3.78 3.81 3.83 3.85 3.87 3.88 3.89 3.89 3.89 3.88 3.88 3.86 3.85 3.83 3.81 3.78 3.75 3.72 3.69 3.65 3.61
3.60 3.45 3.30 3.15 3.00 2.86 2.72 2.58 2.44 2.31 2.18 2.06 1.94 1.82 1.71 1.61 1.51 1.42 1.33 1.25 1.17 1.10 1.04 0.99 0.95 0.91 0.88 0.86 0.85 0.85 0.86 0.88 0.91 0.95 1.00 1.06 1.13 1.22 1.31 1.42 1.54 1.68 1.83 1.99 2.13 2.26 2.38 2.49 2.59 2.69 2.79 2.88 2.96 3.04 3.11 3.18 3.24 3.30 3.35 3.40 3.44 3.47 3.51 3.54 3.56 3.58 3.60 3.61 3.61 3.62 3.62 3.62 3.61 3.60 3.59 3.57 3.55 3.53 3.50 3.47 3.44 3.41 3.38 3.34
3.58 3.42 3.27 3.12 2.97 2.82 2.67 2.53 2.39 2.26 2.13 2.00 1.88 1.76 1.65 1.54 1.44 1.34 1.25 1.17 1.09 1.03 0.96 0.91 0.86 0.83 0.80 0.78 0.76 0.76 0.77 0.79 0.82 0.86 0.91 0.97 1.04 1.13 1.22 1.33 1.45 1.59 1.75 1.91 2.05 2.18 2.29 2.39 2.48 2.57 2.66 2.74 2.81 2.88 2.94 3.00 3.05 3.10 3.15 3.19 3.22 3.25 3.28 3.30 3.32 3.34 3.35 3.36 3.36 3.36 3.36 3.35 3.35 3.33 3.32 3.30 3.28 3.26 3.23 3.21 3.18 3.15 3.11 3.08
3.55 3.39 3.24 3.08 2.93 2.78 2.63 2.48 2.34 2.21 2.07 1.94 1.82 1.70 1.58 1.47 1.37 1.27 1.18 1.09 1.02 0.95 0.88 0.83 0.78 0.74 0.71 0.69 0.68 0.67 0.68 0.70 0.73 0.77 0.82 0.88 0.95 1.03 1.13 1.24 1.37 1.51 1.67 1.83 1.98 2.11 2.21 2.30 2.39 2.47 2.54 2.61 2.67 2.73 2.79 2.84 2.88 2.92 2.96 2.99 3.02 3.05 3.07 3.09 3.10 3.11 3.12 3.12 3.12 3.12 3.11 3.10 3.09 3.08 3.06 3.05 3.02 3.00 2.98 2.95 2.92 2.89 2.86 2.83
3.53 3.37 3.21 3.05 2.89 2.74 2.58 2.44 2.29 2.15 2.01 1.88 1.75 1.63 1.51 1.40 1.30 1.20 1.10 1.02 0.94 0.86 0.80 0.74 0.69 0.65 0.62 0.60 0.59 0.58 0.59 0.61 0.63 0.67 0.72 0.78 0.86 0.94 1.04 1.15 1.28 1.43 1.59 1.76 1.91 2.04 2.15 2.23 2.31 2.37 2.44 2.50 2.55 2.60 2.65 2.69 2.72 2.76 2.79 2.81 2.83 2.85 2.87 2.88 2.89 2.89 2.89 2.89 2.89 2.88 2.88 2.86 2.85 2.84 2.82 2.80 2.78 2.75 2.73 2.70 2.67 2.64 2.61 2.58
3.50 3.34 3.17 3.01 2.85 2.69 2.54 2.39 2.24 2.10 1.96 1.82 1.69 1.57 1.45 1.33 1.22 1.12 1.03 0.94 0.86 0.78 0.72 0.66 0.61 0.57 0.53 0.51 0.50 0.49 0.50 0.51 0.54 0.58 0.63 0.69 0.76 0.85 0.95 1.06 1.20 1.35 1.51 1.68 1.84 1.97 2.08 2.17 2.24 2.30 2.35 2.40 2.44 2.48 2.52 2.55 2.58 2.60 2.63 2.64 2.66 2.67 2.68 2.68 2.69 2.69 2.68 2.68 2.67 2.66 2.65 2.64 2.62 2.60 2.58 2.56 2.54 2.51 2.49 2.46 2.43 2.40 2.37 2.34
3.48 3.31 3.14 2.98 2.81 2.65 2.49 2.34 2.19 2.04 1.90 1.76 1.63 1.50 1.38 1.26 1.15 1.05 0.95 0.86 0.78 0.70 0.63 0.57 0.52 0.48 0.44 0.42 0.41 0.40 0.41 0.42 0.45 0.48 0.53 0.59 0.67 0.76 0.86 0.98 1.12 1.27 1.44 1.61 1.77 1.90 2.02 2.11 2.18 2.23 2.28 2.31 2.35 2.38 2.40 2.43 2.45 2.46 2.48 2.49 2.49 2.50 2.50 2.50 2.50 2.49 2.48 2.47 2.46 2.45 2.43 2.41 2.40 2.38 2.35 2.33 2.31 2.28 2.26 2.23 2.20 2.17 2.14 2.11
3.46 3.28 3.11 2.94 2.77 2.61 2.45 2.29 2.14 1.99 1.84 1.70 1.57 1.44 1.31 1.19 1.08 0.97 0.87 0.78 0.70 0.62 0.55 0.49 0.43 0.39 0.35 0.33 0.31 0.31 0.31 0.33 0.35 0.39 0.44 0.50 0.57 0.67 0.77 0.90 1.04 1.19 1.37 1.54 1.70 1.84 1.95 2.05 2.12 2.17 2.21 2.24 2.26 2.28 2.30 2.31 2.32 2.33 2.34 2.34 2.34 2.34 2.33 2.32 2.32 2.30 2.29 2.28 2.26 2.24 2.22 2.20 2.18 2.16 2.13 2.11 2.08 2.06 2.03 2.00 1.97 1.95 1.92 1.89
3.43 3.25 3.08 2.90 2.73 2.57 2.40 2.24 2.08 1.93 1.78 1.64 1.50 1.37 1.24 1.12 1.01 0.90 0.80 0.70 0.61 0.53 0.46 0.40 0.35 0.30 0.26 0.24 0.22 0.21 0.22 0.23 0.26 0.29 0.34 0.41 0.49 0.58 0.69 0.82 0.96 1.12 1.30 1.48 1.64 1.78 1.89 1.99 2.06 2.11 2.15 2.18 2.19 2.20 2.21 2.21 2.21 2.21 2.21 2.20 2.19 2.18 2.17 2.16 2.14 2.13 2.11 2.09 2.07 2.04 2.02 2.00 1.97 1.95 1.92 1.89 1.87 1.84 1.81 1.78 1.75 1.73 1.70 1.67
3.41 3.22 3.05 2.87 2.69 2.52 2.36 2.19 2.03 1.88 1.72 1.58 1.44 1.30 1.17 1.05 0.93 0.82 0.72 0.62 0.53 0.45 0.38 0.31 0.26 0.21 0.17 0.15 0.13 0.12 0.12 0.14 0.16 0.20 0.25 0.32 0.40 0.50 0.62 0.75 0.89 1.05 1.23 1.41 1.57 1.71 1.83 1.93 2.00 2.06 2.09 2.12 2.13 2.13 2.12 2.12 2.11 2.10 2.09 2.07 2.06 2.04 2.02 2.00 1.98 1.96 1.93 1.91 1.88 1.85 1.83 1.80 1.77 1.74 1.71 1.68 1.65 1.62 1.59 1.57 1.54 1.51 1.48 1.46
3.38 3.20 3.01 2.83 2.66 2.48 2.31 2.14 1.98 1.82 1.67 1.52 1.37 1.24 1.10 0.98 0.86 0.75 0.64 0.54 0.45 0.37 0.29 0.23 0.17 0.12 0.08 0.05 0.04 0.03 0.03 0.04 0.07 0.11 0.16 0.23 0.32 0.42 0.54 0.67 0.82 0.99 1.16 1.35 1.51 1.65 1.77 1.87 1.94 2.00 2.04 2.06 2.07 2.06 2.05 2.03 2.02 2.00 1.98 1.95 1.93 1.90 1.88 1.85 1.82 1.79 1.76 1.73 1.70 1.67 1.64 1.61 1.57 1.54 1.51 1.48 1.45 1.42 1.38 1.36 1.33 1.30 1.27 1.24
3.36 3.17 2.98 2.80 2.62 2.44 2.26 2.09 1.93 1.77 1.61 1.46 1.31 1.17 1.03 0.91 0.78 0.67 0.56 0.46 0.37 0.28 0.21 0.14 0.08 0.03 0.00 0.00 0.00 0.00 0.00 0.00 0.00 0.02 0.08 0.15 0.24 0.35 0.47 0.60 0.75 0.92 1.10 1.29 1.45 1.59 1.71 1.81 1.88 1.94 1.98 2.00 2.01 2.00 1.98 1.96 1.93 1.90 1.87 1.84 1.81 1.78 1.74 1.71 1.67 1.64 1.60 1.56 1.53 1.49 1.46 1.42 1.38 1.35 1.31 1.28 1.24 1.21 1.18 1.15 1.12 1.09 1.06 1.04
3.33 3.14 2.95 2.76 2.58 2.40 2.22 2.04 1.88 1.71 1.55 1.40 1.25 1.10 0.97 0.84 0.71 0.59 0.48 0.38 0.29 0.20 0.12 0.05 0.00 0.00 0.00 0.00 0.00 0.00 0.00 0.00 0.00 0.00 0.00 0.07 0.17 0.28 0.40 0.54 0.69 0.86 1.04 1.23 1.39 1.54 1.65 1.75 1.83 1.88 1.92 1.94 1.95 1.94 1.92 1.89 1.85 1.82 1.78 1.74 1.70 1.65 1.61 1.57 1.53 1.49 1.44 1.40 1.36 1.32 1.28 1.24 1.20 1.16 1.12 1.08 1.04 1.01 0.98 0.94 0.91 0.88 0.85 0.83
3.31 3.11 2.92 2.73 2.54 2.35 2.17 2.00 1.82 1.66 1.49 1.34 1.18 1.04 0.90 0.76 0.64 0.52 0.41 0.30 0.21 0.12 0.04 0.00 0.00 0.00 0.00 0.00 0.00 0.00 0.00 0.00 0.00 0.00 0.00 0.00 0.10 0.21 0.33 0.47 0.63 0.80 0.98 1.17 1.34 1.48 1.60 1.69 1.77 1.82 1.86 1.88 1.89 1.88 1.86 1.82 1.78 1.73 1.69 1.64 1.59 1.54 1.49 1.44 1.39 1.34 1.29 1.24 1.19 1.15 1.10 1.06 1.01 0.97 0.93 0.89 0.85 0.81 0.77 0.74 0.71 0.68 0.65 0.62
3.28 3.09 2.89 2.69 2.50 2.31 2.13 1.95 1.77 1.60 1.44 1.28 1.12 0.97 0.83 0.69 0.57 0.44 0.33 0.22 0.12 0.03 0.00 0.00 0.00 0.00 0.00 0.00 0.00 0.00 0.00 0.00 0.00 0.00 0.00 0.00 0.03 0.14 0.27 0.41 0.57 0.74 0.92 1.11 1.28 1.42 1.54 1.64 1.71 1.77 1.80 1.82 1.82 1.81 1.79 1.76 1.71 1.66 1.60 1.54 1.48 1.43 1.37 1.31 1.25 1.20 1.14 1.09 1.03 0.98 0.93 0.88 0.83 0.78 0.74 0.69 0.65 0.61 0.57 0.54 0.50 0.47 0.44 0.42
3.25 3.06 2.86 2.66 2.47 2.27 2.09 1.90 1.72 1.55 1.38 1.22 1.06 0.91 0.76 0.62 0.49 0.37 0.25 0.14 0.04 0.00 0.00 0.00 0.00 0.00 0.00 0.00 0.00 0.00 0.00 0.00 0.00 0.00 0.00 0.00 0.00 0.08 0.21 0.35 0.51 0.68 0.87 1.06 1.22 1.37 1.49 1.58 1.65 1.71 1.74 1.76 1.76 1.75 1.72 1.69 1.64 1.58 1.52 1.45 1.38 1.32 1.25 1.19 1.12 1.06 1.00 0.93 0.87 0.82 0.76 0.70 0.65 0.60 0.55 0.50 0.46 0.41 0.37 0.34 0.30 0.27 0.24 0.21
3.22 3.02 2.83 2.63 2.43 2.23 2.04 1.86 1.67 1.50 1.32 1.16 1.00 0.84 0.70 0.55 0.42 0.29 0.18 0.07 0.00 0.00 0.00 0.00 0.00 0.00 0.00 0.00 0.00 0.00 0.00 0.00 0.00 0.00 0.00 0.00 0.00 0.02 0.15 0.30 0.46 0.63 0.81 1.00 1.17 1.31 1.43 1.53 1.60 1.65 1.68 1.70 1.70 1.68 1.66 1.62 1.56 1.50 1.44 1.36 1.29 1.21 1.14 1.06 0.99 0.92 0.85 0.78 0.72 0.65 0.59 0.53 0.47 0.42 0.36 0.31 0.26 0.22 0.18 0.13 0.10 0.06 0.03 0.01
