data_output/RCH/Precip_1991_11.asc
ncols        168
nrows        136
xllcorner    455000
yllcorner    2107000
cellsize     500
NODATA_value     -99999
[rows 70 to 104 of 136, columns 0 to 79 of 168]
23.29 23.11 22.93 22.74 22.56 22.36 22.16 21.95 21.73 21.50 21.25 20.98 20.69 20.38 20.05 19.70 19.32 18.91 18.50 18.12 17.77 17.44 17.14 16.87 16.62 16.39 16.18 15.99 15.83 15.67 15.50 15.33 15.15 14.97 14.78 14.59 14.39 14.18 13.97 13.76 13.55 13.34 13.14 12.95 12.76 12.58 12.40 12.23 12.07 11.91 11.76 11.62 11.48 11.35 11.23 11.11 11.00 10.89 10.79 10.70 10.61 10.53 10.45 10.38 10.32 10.26 10.21 10.16 10.12 10.08 10.06 10.03 10.02 10.00 10.00 10.00 10.00 10.02 10.03 10.06
22.32 22.17 22.02 21.87 21.72 21.57 21.41 21.24 21.06 20.87 20.67 20.45 20.22 19.96 19.69 19.39 19.06 18.71 18.34 17.96 17.61 17.29 16.99 16.72 16.47 16.25 16.04 15.86 15.70 15.55 15.39 15.23 15.06 14.88 14.70 14.51 14.32 14.12 13.92 13.71 13.51 13.32 13.14 12.96 12.78 12.61 12.45 12.29 12.14 12.00 11.86 11.72 11.59 11.47 11.35 11.24 11.14 11.03 10.94 10.85 10.77 10.69 10.61 10.55 10.48 10.43 10.38 10.33 10.29 10.25 10.22 10.20 10.18 10.16 10.15 10.15 10.15 10.15 10.16 10.18
21.30 21.18 21.06 20.95 20.83 20.72 20.59 20.47 20.33 20.19 20.03 19.86 19.68 19.47 19.25 19.01 18.74 18.45 18.13 17.78 17.43 17.11 16.82 16.55 16.31 16.09 15.89 15.72 15.57 15.42 15.27 15.11 14.95 14.78 14.60 14.42 14.23 14.04 13.85 13.66 13.48 13.30 13.13 12.96 12.80 12.64 12.49 12.35 12.21 12.07 11.94 11.82 11.70 11.58 11.47 11.36 11.26 11.17 11.08 10.99 10.91 10.84 10.77 10.70 10.64 10.58 10.53 10.49 10.44 10.41 10.37 10.34 10.32 10.30 10.29 10.28 10.27 10.27 10.27 10.28
20.23 20.13 20.05 19.97 19.89 19.81 19.72 19.64 19.54 19.44 19.33 19.21 19.07 18.92 18.75 18.55 18.34 18.11 17.85 17.56 17.24 16.93 16.64 16.38 16.14 15.92 15.73 15.56 15.42 15.28 15.13 14.98 14.83 14.66 14.49 14.32 14.14 13.96 13.78 13.61 13.44 13.28 13.12 12.97 12.82 12.67 12.53 12.40 12.27 12.14 12.02 11.90 11.79 11.68 11.58 11.48 11.38 11.29 11.21 11.13 11.05 10.97 10.91 10.84 10.78 10.72 10.67 10.62 10.58 10.54 10.50 10.47 10.45 10.42 10.40 10.39 10.37 10.37 10.36 10.36
19.11 19.04 18.99 18.94 18.89 18.85 18.80 18.75 18.70 18.64 18.57 18.49 18.40 18.30 18.18 18.04 17.88 17.70 17.50 17.27 17.01 16.73 16.44 16.19 15.95 15.74 15.56 15.40 15.26 15.13 14.99 14.85 14.70 14.54 14.38 14.21 14.04 13.87 13.71 13.55 13.40 13.25 13.11 12.96 12.83 12.69 12.56 12.44 12.32 12.20 12.09 11.98 11.87 11.77 11.67 11.58 11.49 11.40 11.32 11.24 11.17 11.10 11.03 10.97 10.91 10.85 10.80 10.75 10.70 10.66 10.62 10.58 10.55 10.52 10.50 10.47 10.45 10.44 10.43 10.42
17.94 17.90 17.88 17.86 17.84 17.83 17.82 17.81 17.79 17.77 17.75 17.71 17.67 17.61 17.54 17.46 17.35 17.22 17.08 16.91 16.71 16.48 16.23 15.98 15.75 15.55 15.37 15.22 15.08 14.96 14.83 14.70 14.55 14.40 14.25 14.09 13.94 13.79 13.64 13.50 13.36 13.22 13.09 12.96 12.83 12.71 12.59 12.47 12.36 12.25 12.15 12.05 11.95 11.85 11.76 11.67 11.59 11.50 11.42 11.35 11.28 11.21 11.14 11.07 11.01 10.96 10.90 10.85 10.80 10.75 10.71 10.67 10.63 10.60 10.57 10.54 10.51 10.49 10.47 10.45
16.73 16.72 16.72 16.73 16.75 16.77 16.79 16.81 16.84 16.86 16.87 16.88 16.88 16.87 16.85 16.81 16.76 16.68 16.59 16.48 16.34 16.17 15.98 15.76 15.54 15.35 15.17 15.02 14.90 14.78 14.66 14.53 14.40 14.26 14.11 13.97 13.83 13.70 13.56 13.43 13.31 13.18 13.06 12.94 12.83 12.72 12.61 12.50 12.40 12.30 12.20 12.10 12.01 11.92 11.83 11.75 11.67 11.59 11.51 11.44 11.37 11.30 11.23 11.17 11.10 11.04 10.99 10.93 10.88 10.83 10.78 10.74 10.69 10.65 10.61 10.58 10.54 10.51 10.48 10.45
15.48 15.49 15.52 15.56 15.60 15.65 15.71 15.77 15.83 15.88 15.94 15.99 16.03 16.07 16.09 16.10 16.10 16.08 16.04 15.98 15.90 15.79 15.66 15.50 15.31 15.13 14.96 14.82 14.70 14.59 14.48 14.36 14.23 14.10 13.97 13.85 13.72 13.60 13.48 13.36 13.25 13.14 13.03 12.92 12.82 12.71 12.61 12.52 12.42 12.33 12.24 12.15 12.06 11.98 11.89 11.81 11.73 11.66 11.58 11.51 11.44 11.37 11.30 11.24 11.17 11.11 11.05 11.00 10.94 10.89 10.83 10.78 10.73 10.68 10.64 10.59 10.55 10.51 10.47 10.43
14.19 14.22 14.27 14.34 14.41 14.49 14.58 14.67 14.76 14.86 14.95 15.04 15.13 15.21 15.27 15.33 15.38 15.41 15.42 15.42 15.39 15.34 15.27 15.17 15.04 14.89 14.73 14.60 14.49 14.39 14.29 14.17 14.06 13.94 13.83 13.72 13.61 13.50 13.39 13.29 13.19 13.09 12.99 12.89 12.80 12.70 12.61 12.52 12.43 12.35 12.26 12.18 12.10 12.02 11.94 11.86 11.78 11.71 11.64 11.56 11.49 11.43 11.36 11.29 11.23 11.16 11.10 11.04 10.98 10.92 10.86 10.80 10.75 10.69 10.64 10.58 10.53 10.48 10.43 10.38
12.85 12.91 12.99 13.07 13.17 13.28 13.40 13.52 13.65 13.78 13.91 14.04 14.17 14.29 14.40 14.50 14.60 14.68 14.74 14.79 14.82 14.83 14.81 14.77 14.71 14.61 14.49 14.37 14.27 14.18 14.08 13.98 13.88 13.78 13.68 13.58 13.48 13.39 13.30 13.21 13.12 13.03 12.94 12.85 12.77 12.68 12.60 12.51 12.43 12.35 12.27 12.20 12.12 12.04 11.97 11.89 11.82 11.74 11.67 11.60 11.53 11.46 11.39 11.32 11.26 11.19 11.12 11.06 10.99 10.93 10.86 10.80 10.73 10.67 10.61 10.55 10.48 10.42 10.36 10.30
11.48 11.56 11.66 11.77 11.89 12.03 12.18 12.33 12.49 12.66 12.82 12.99 13.15 13.32 13.47 13.62 13.76 13.89 14.00 14.10 14.18 14.25 14.29 14.31 14.30 14.27 14.21 14.12 14.03 13.95 13.86 13.77 13.69 13.60 13.52 13.44 13.36 13.27 13.19 13.11 13.03 12.96 12.88 12.80 12.72 12.65 12.57 12.49 12.42 12.35 12.27 12.20 12.12 12.05 11.98 11.91 11.83 11.76 11.69 11.62 11.55 11.48 11.40 11.33 11.26 11.19 11.12 11.05 10.98 10.91 10.84 10.77 10.70 10.62 10.55 10.48 10.41 10.34 10.26 10.19
10.08 10.17 10.29 10.42 10.57 10.74 10.91 11.09 11.29 11.48 11.68 11.89 12.09 12.29 12.49 12.68 12.86 13.04 13.20 13.35 13.48 13.60 13.70 13.78 13.83 13.86 13.86 13.83 13.78 13.71 13.64 13.57 13.50 13.43 13.36 13.29 13.22 13.15 13.08 13.01 12.94 12.87 12.80 12.74 12.67 12.60 12.53 12.46 12.39 12.32 12.25 12.18 12.11 12.04 11.97 11.90 11.83 11.76 11.69 11.61 11.54 11.47 11.40 11.32 11.25 11.17 11.10 11.02 10.94 10.87 10.79 10.71 10.63 10.55 10.47 10.39 10.30 10.22 10.14 10.05
8.66 8.78 8.91 9.07 9.24 9.43 9.63 9.84 10.06 10.29 10.52 10.76 11.00 11.24 11.48 11.71 11.94 12.16 12.37 12.57 12.75 12.92 13.07 13.20 13.31 13.40 13.46 13.50 13.49 13.45 13.40 13.34 13.29 13.23 13.18 13.12 13.06 13.01 12.95 12.89 12.83 12.77 12.71 12.65 12.59 12.53 12.47 12.41 12.34 12.28 12.21 12.15 12.08 12.01 11.94 11.87 11.80 11.73 11.66 11.59 11.51 11.44 11.36 11.29 11.21 11.13 11.05 10.96 10.88 10.80 10.71 10.63 10.54 10.45 10.36 10.26 10.17 10.08 9.98 9.88
7.27 7.41 7.56 7.73 7.93 8.14 8.36 8.60 8.85 9.11 9.37 9.64 9.92 10.19 10.47 10.74 11.01 11.28 11.53 11.78 12.01 12.23 12.44 12.62 12.79 12.93 13.06 13.14 13.17 13.16 13.13 13.10 13.06 13.01 12.97 12.93 12.89 12.84 12.79 12.75 12.70 12.65 12.60 12.55 12.49 12.44 12.38 12.33 12.27 12.21 12.15 12.09 12.02 11.96 11.89 11.83 11.76 11.69 11.61 11.54 11.46 11.39 11.31 11.23 11.14 11.06 10.98 10.89 10.80 10.71 10.61 10.52 10.42 10.33 10.22 10.12 10.02 9.91 9.80 9.69
5.92 6.06 6.23 6.43 6.64 6.87 7.12 7.38 7.66 7.94 8.24 8.54 8.85 9.16 9.47 9.79 10.10 10.40 10.70 10.99 11.27 11.54 11.80 12.04 12.26 12.46 12.63 12.75 12.81 12.83 12.84 12.82 12.80 12.77 12.74 12.71 12.68 12.65 12.62 12.58 12.54 12.50 12.46 12.42 12.37 12.33 12.28 12.23 12.18 12.12 12.07 12.01 11.95 11.89 11.82 11.76 11.69 11.62 11.54 11.47 11.39 11.31 11.23 11.15 11.06 10.98 10.88 10.79 10.70 10.60 10.50 10.40 10.29 10.18 10.07 9.96 9.85 9.73 9.61 9.49
4.60 4.75 4.94 5.15 5.38 5.63 5.90 6.18 6.48 6.80 7.12 7.46 7.80 8.14 8.49 8.84 9.19 9.53 9.88 10.21 10.54 10.85 11.16 11.45 11.72 11.97 12.17 12.32 12.41 12.46 12.50 12.52 12.52 12.51 12.49 12.48 12.46 12.44 12.42 12.39 12.36 12.33 12.30 12.27 12.23 12.19 12.15 12.11 12.06 12.01 11.96 11.91 11.85 11.79 11.73 11.67 11.60 11.53 11.46 11.38 11.30 11.22 11.14 11.05 10.96 10.87 10.78 10.68 10.58 10.47 10.37 10.26 10.14 10.03 9.91 9.78 9.66 9.53 9.40 9.26
3.31 3.48 3.67 3.90 4.14 4.41 4.70 5.01 5.33 5.67 6.02 6.39 6.76 7.13 7.52 7.90 8.29 8.67 9.06 9.43 9.81 10.17 10.52 10.86 11.17 11.45 11.68 11.86 11.98 12.06 12.13 12.18 12.21 12.22 12.22 12.22 12.22 12.21 12.20 12.18 12.17 12.15 12.13 12.10 12.07 12.04 12.01 11.97 11.93 11.89 11.84 11.79 11.74 11.68 11.62 11.56 11.50 11.43 11.35 11.28 11.20 11.12 11.03 10.94 10.85 10.75 10.65 10.55 10.44 10.33 10.22 10.10 9.98 9.86 9.73 9.59 9.46 9.32 9.17 9.03
2.05 2.23 2.44 2.68 2.94 3.23 3.53 3.86 4.21 4.57 4.95 5.34 5.74 6.14 6.56 6.98 7.40 7.82 8.24 8.66 9.08 9.48 9.88 10.26 10.60 10.90 11.16 11.36 11.52 11.63 11.72 11.80 11.87 11.91 11.94 11.95 11.96 11.96 11.96 11.96 11.96 11.95 11.94 11.92 11.90 11.88 11.85 11.82 11.79 11.75 11.71 11.66 11.61 11.56 11.50 11.44 11.38 11.31 11.24 11.16 11.08 11.00 10.91 10.82 10.72 10.62 10.52 10.41 10.30 10.18 10.06 9.94 9.81 9.67 9.53 9.39 9.25 9.10 8.94 8.78
0.84 1.02 1.24 1.49 1.77 2.07 2.39 2.74 3.11 3.49 3.89 4.31 4.73 5.17 5.62 6.07 6.52 6.98 7.44 7.90 8.36 8.81 9.24 9.64 10.01 10.33 10.61 10.85 11.03 11.17 11.29 11.40 11.49 11.57 11.63 11.66 11.68 11.70 11.72 11.73 11.73 11.73 11.73 11.72 11.71 11.70 11.68 11.65 11.63 11.60 11.56 11.52 11.47 11.42 11.37 11.31 11.25 11.18 11.11 11.03 10.95 10.87 10.78 10.68 10.59 10.48 10.37 10.26 10.14 10.02 9.89 9.76 9.62 9.48 9.33 9.18 9.03 8.86 8.70 8.53
0.00 0.00 0.08 0.34 0.63 0.94 1.28 1.65 2.03 2.44 2.86 3.30 3.75 4.21 4.69 5.17 5.66 6.15 6.65 7.15 7.64 8.12 8.58 9.01 9.39 9.74 10.05 10.31 10.51 10.68 10.83 10.97 11.10 11.20 11.29 11.35 11.40 11.43 11.46 11.48 11.49 11.51 11.51 11.52 11.51 11.51 11.50 11.48 11.46 11.43 11.40 11.37 11.33 11.28 11.23 11.17 11.11 11.05 10.97 10.90 10.82 10.73 10.64 10.54 10.44 10.33 10.22 10.10 9.98 9.85 9.72 9.58 9.43 9.28 9.13 8.97 8.80 8.63 8.45 8.27
0.00 0.00 0.00 0.00 0.00 0.00 0.20 0.58 0.98 1.41 1.85 2.31 2.79 3.28 3.78 4.29 4.81 5.34 5.87 6.40 6.93 7.43 7.91 8.35 8.76 9.13 9.46 9.74 9.98 10.17 10.35 10.52 10.67 10.81 10.92 11.02 11.09 11.15 11.19 11.22 11.25 11.27 11.29 11.30 11.31 11.31 11.31 11.30 11.28 11.26 11.24 11.21 11.17 11.13 11.08 11.03 10.97 10.90 10.83 10.76 10.67 10.59 10.49 10.40 10.29 10.18 10.06 9.94 9.81 9.68 9.54 9.39 9.24 9.08 8.92 8.75 8.57 8.39 8.20 8.00
0.00 0.00 0.00 0.00 0.00 0.00 0.00 0.00 0.00 0.40 0.87 1.35 1.85 2.36 2.89 3.43 3.98 4.54 5.10 5.66 6.21 6.73 7.22 7.69 8.12 8.51 8.86 9.17 9.42 9.65 9.85 10.05 10.23 10.39 10.53 10.66 10.77 10.85 10.91 10.96 11.00 11.03 11.06 11.08 11.10 11.11 11.11 11.11 11.10 11.09 11.07 11.04 11.01 10.97 10.93 10.88 10.82 10.76 10.69 10.61 10.53 10.44 10.35 10.24 10.14 10.02 9.90 9.78 9.64 9.50 9.36 9.20 9.04 8.88 8.70 8.52 8.34 8.14 7.94 7.74
0.00 0.00 0.00 0.00 0.00 0.00 0.00 0.00 0.00 0.00 0.00 0.41 0.93 1.47 2.02 2.59 3.17 3.76 4.34 4.92 5.48 6.02 6.53 7.01 7.46 7.88 8.25 8.58 8.86 9.10 9.34 9.56 9.76 9.95 10.13 10.28 10.42 10.53 10.62 10.69 10.74 10.79 10.83 10.86 10.88 10.90 10.91 10.92 10.92 10.91 10.90 10.87 10.85 10.81 10.77 10.72 10.67 10.61 10.54 10.46 10.38 10.29 10.20 10.09 9.98 9.87 9.74 9.61 9.47 9.33 9.17 9.01 8.85 8.67 8.49 8.30 8.11 7.90 7.69 7.47
0.00 0.00 0.00 0.00 0.00 0.00 0.00 0.00 0.00 0.00 0.00 0.00 0.04 0.60 1.18 1.77 2.37 2.98 3.59 4.18 4.75 5.30 5.83 6.33 6.80 7.23 7.63 7.98 8.28 8.55 8.81 9.05 9.28 9.50 9.70 9.89 10.05 10.19 10.31 10.41 10.48 10.54 10.59 10.63 10.67 10.69 10.71 10.73 10.73 10.73 10.72 10.71 10.69 10.65 10.62 10.57 10.52 10.46 10.39 10.32 10.23 10.14 10.05 9.94 9.83 9.71 9.58 9.45 9.30 9.15 8.99 8.83 8.65 8.47 8.28 8.08 7.88 7.66 7.44 7.21
0.00 0.00 0.00 0.00 0.00 0.00 0.00 0.00 0.00 0.00 0.00 0.00 0.00 0.00 0.36 0.97 1.59 2.22 2.83 3.43 4.02 4.59 5.13 5.65 6.14 6.59 7.00 7.37 7.70 7.99 8.27 8.54 8.80 9.04 9.27 9.48 9.67 9.84 9.99 10.12 10.22 10.30 10.36 10.41 10.45 10.49 10.52 10.54 10.55 10.56 10.55 10.54 10.53 10.50 10.46 10.42 10.37 10.31 10.25 10.17 10.09 10.00 9.90 9.80 9.68 9.56 9.43 9.29 9.14 8.98 8.82 8.65 8.47 8.28 8.08 7.87 7.66 7.43 7.20 6.96
0.00 0.00 0.00 0.00 0.00 0.00 0.00 0.00 0.00 0.00 0.00 0.00 0.00 0.00 0.00 0.19 0.82 1.45 2.08 2.69 3.29 3.87 4.43 4.97 5.47 5.94 6.37 6.76 7.11 7.42 7.73 8.02 8.30 8.57 8.82 9.05 9.27 9.47 9.65 9.80 9.94 10.04 10.12 10.19 10.24 10.29 10.32 10.35 10.37 10.39 10.39 10.38 10.37 10.35 10.32 10.28 10.23 10.18 10.11 10.04 9.96 9.86 9.77 9.66 9.54 9.41 9.28 9.14 8.98 8.82 8.65 8.47 8.29 8.09 7.88 7.67 7.44 7.21 6.97 6.72
0.00 0.00 0.00 0.00 0.00 0.00 0.00 0.00 0.00 0.00 0.00 0.00 0.00 0.00 0.00 0.00 0.06 0.70 1.34 1.96 2.57 3.17 3.74 4.29 4.81 5.29 5.74 6.15 6.52 6.85 7.18 7.49 7.80 8.09 8.37 8.63 8.87 9.10 9.30 9.48 9.64 9.78 9.89 9.97 10.04 10.09 10.14 10.17 10.20 10.22 10.23 10.23 10.22 10.21 10.18 10.14 10.10 10.04 9.98 9.91 9.83 9.74 9.64 9.53 9.41 9.28 9.14 8.99 8.84 8.67 8.49 8.31 8.11 7.91 7.70 7.47 7.24 7.00 6.75 6.49
0.00 0.00 0.00 0.00 0.00 0.00 0.00 0.00 0.00 0.00 0.00 0.00 0.00 0.00 0.00 0.00 0.00 0.00 0.61 1.24 1.86 2.47 3.05 3.61 4.15 4.65 5.12 5.55 5.93 6.29 6.63 6.97 7.29 7.61 7.91 8.19 8.46 8.71 8.94 9.15 9.34 9.51 9.64 9.76 9.84 9.90 9.96 10.00 10.04 10.07 10.08 10.09 10.08 10.07 10.05 10.02 9.98 9.92 9.86 9.79 9.71 9.62 9.52 9.41 9.29 9.15 9.01 8.86 8.70 8.53 8.35 8.16 7.96 7.75 7.52 7.29 7.05 6.80 6.55 6.30
0.00 0.00 0.00 0.00 0.00 0.00 0.00 0.00 0.00 0.00 0.00 0.00 0.00 0.00 0.00 0.00 0.00 0.00 0.00 0.53 1.16 1.78 2.38 2.95 3.50 4.02 4.50 4.95 5.35 5.72 6.09 6.45 6.79 7.13 7.45 7.76 8.05 8.33 8.58 8.82 9.03 9.23 9.39 9.53 9.64 9.73 9.79 9.85 9.89 9.92 9.94 9.96 9.96 9.95 9.93 9.90 9.86 9.82 9.76 9.69 9.60 9.51 9.41 9.30 9.18 9.04 8.90 8.75 8.58 8.41 8.22 8.02 7.81 7.60 7.37 7.13 6.88 6.62 6.37 6.13
0.00 0.00 0.00 0.00 0.00 0.00 0.00 0.00 0.00 0.00 0.00 0.00 0.00 0.00 0.00 0.00 0.00 0.00 0.00 0.00 0.48 1.11 1.72 2.30 2.86 3.40 3.89 4.36 4.78 5.17 5.55 5.93 6.30 6.65 7.00 7.33 7.64 7.94 8.22 8.48 8.72 8.94 9.13 9.30 9.44 9.55 9.64 9.70 9.75 9.79 9.82 9.84 9.85 9.84 9.83 9.81 9.77 9.72 9.66 9.60 9.52 9.43 9.32 9.21 9.09 8.95 8.80 8.65 8.48 8.30 8.11 7.90 7.69 7.46 7.23 6.98 6.73 6.48 6.23 5.99
0.00 0.00 0.00 0.00 0.00 0.00 0.00 0.00 0.00 0.00 0.00 0.00 0.00 0.00 0.00 0.00 0.00 0.00 0.00 0.00 0.00 0.46 1.07 1.67 2.24 2.79 3.30 3.78 4.22 4.63 5.03 5.42 5.81 6.19 6.55 6.90 7.24 7.56 7.87 8.15 8.42 8.66 8.88 9.07 9.24 9.38 9.49 9.57 9.63 9.68 9.72 9.74 9.75 9.75 9.75 9.72 9.69 9.65 9.59 9.52 9.45 9.35 9.25 9.14 9.01 8.87 8.73 8.56 8.39 8.21 8.01 7.80 7.58 7.35 7.11 6.86 6.61 6.37 6.12 5.88
0.00 0.00 0.00 0.00 0.00 0.00 0.00 0.00 0.00 0.00 0.00 0.00 0.00 0.00 0.00 0.00 0.00 0.00 0.00 0.00 0.00 0.00 0.45 1.06 1.64 2.20 2.73 3.22 3.67 4.10 4.52 4.93 5.33 5.73 6.11 6.49 6.85 7.19 7.51 7.82 8.11 8.38 8.62 8.84 9.04 9.20 9.34 9.45 9.53 9.58 9.63 9.66 9.68 9.68 9.68 9.66 9.63 9.59 9.54 9.47 9.39 9.30 9.20 9.09 8.96 8.82 8.67 8.50 8.33 8.14 7.94 7.72 7.50 7.26 7.02 6.77 6.53 6.29 6.05 5.81
0.00 0.00 0.00 0.00 0.00 0.00 0.00 0.00 0.00 0.00 0.00 0.00 0.00 0.00 0.00 0.00 0.00 0.00 0.00 0.00 0.00 0.00 0.00 0.47 1.07 1.63 2.17 2.68 3.14 3.59 4.02 4.45 4.87 5.29 5.69 6.08 6.46 6.83 7.17 7.50 7.81 8.10 8.37 8.62 8.84 9.03 9.20 9.33 9.44 9.51 9.56 9.60 9.62 9.64 9.64 9.62 9.60 9.56 9.51 9.44 9.37 9.28 9.17 9.06 8.93 8.79 8.64 8.47 8.29 8.10 7.89 7.67 7.44 7.20 6.96 6.72 6.48 6.24 6.01 5.77
0.00 0.00 0.00 0.00 0.00 0.00 0.00 0.00 0.00 0.00 0.00 0.00 0.00 0.00 0.00 0.00 0.00 0.00 0.00 0.00 0.00 0.00 0.00 0.00 0.51 1.09 1.64 2.16 2.64 3.10 3.55 3.99 4.43 4.86 5.28 5.69 6.09 6.47 6.84 7.19 7.53 7.84 8.13 8.40 8.64 8.86 9.05 9.22 9.35 9.45 9.52 9.56 9.59 9.61 9.62 9.61 9.59 9.55 9.50 9.44 9.36 9.27 9.17 9.06 8.93 8.78 8.63 8.46 8.27 8.08 7.87 7.64 7.41 7.18 6.94 6.71 6.47 6.24 6.00 5.77
0.00 0.00 0.00 0.00 0.00 0.00 0.00 0.00 0.00 0.00 0.00 0.00 0.00 0.00 0.00 0.00 0.00 0.00 0.00 0.00 0.00 0.00 0.00 0.00 0.00 0.58 1.14 1.67 2.16 2.63 3.10 3.56 4.01 4.46 4.90 5.32 5.74 6.14 6.53 6.90 7.25 7.59 7.90 8.19 8.46 8.71 8.92 9.11 9.27 9.40 9.49 9.55 9.59 9.61 9.62 9.62 9.60 9.57 9.52 9.46 9.39 9.30 9.20 9.08 8.95 8.81 8.65 8.48 8.29 8.09 7.87 7.65 7.43 7.20 6.97 6.73 6.50 6.27 6.04 5.81
