data_output/RCH/Precip_2012_12.asc
ncols        168
nrows        136
xllcorner    455000
yllcorner    2107000
cellsize     500
NODATA_value     -99999
[rows 38 to 75 of 136, columns 0 to 83 of 168]
2.15 2.14 2.11 2.07 2.02 1.96 1.89 1.81 1.72 1.62 1.52 1.41 1.30 1.18 1.07 0.96 0.85 0.74 0.64 0.55 0.46 0.38 0.32 0.26 0.22 0.20 0.19 0.18 0.17 0.17 0.16 0.15 0.14 0.13 0.13 0.12 0.11 0.10 0.09 0.08 0.07 0.07 0.06 0.05 0.04 0.03 0.02 0.02 0.01 0.00 0.00 0.00 0.00 0.00 0.00 0.00 0.00 0.00 0.00 0.00 0.00 0.00 0.00 0.00 0.00 0.00 0.00 0.00 0.00 0.00 0.00 0.00 0.00 0.00 0.00 0.00 0.00 0.00 0.00 0.00 0.00 0.00 0.00 0.00
2.04 2.04 2.02 1.99 1.95 1.89 1.83 1.75 1.67 1.58 1.48 1.38 1.27 1.16 1.05 0.94 0.84 0.73 0.64 0.54 0.46 0.39 0.32 0.27 0.23 0.21 0.19 0.19 0.18 0.17 0.16 0.16 0.15 0.14 0.13 0.12 0.11 0.11 0.10 0.09 0.08 0.07 0.06 0.05 0.05 0.04 0.03 0.02 0.01 0.00 0.00 0.00 0.00 0.00 0.00 0.00 0.00 0.00 0.00 0.00 0.00 0.00 0.00 0.00 0.00 0.00 0.00 0.00 0.00 0.00 0.00 0.00 0.00 0.00 0.00 0.00 0.00 0.00 0.00 0.00 0.00 0.00 0.00 0.00
1.93 1.94 1.93 1.90 1.87 1.82 1.76 1.69 1.62 1.53 1.44 1.34 1.24 1.14 1.03 0.93 0.83 0.73 0.63 0.54 0.46 0.39 0.32 0.27 0.23 0.21 0.20 0.19 0.18 0.18 0.17 0.16 0.15 0.14 0.14 0.13 0.12 0.11 0.10 0.09 0.09 0.08 0.07 0.06 0.05 0.04 0.03 0.02 0.02 0.01 0.00 0.00 0.00 0.00 0.00 0.00 0.00 0.00 0.00 0.00 0.00 0.00 0.00 0.00 0.00 0.00 0.00 0.00 0.00 0.00 0.00 0.00 0.00 0.00 0.00 0.00 0.00 0.00 0.00 0.00 0.00 0.00 0.00 0.00
1.81 1.83 1.83 1.81 1.79 1.75 1.70 1.64 1.56 1.49 1.40 1.31 1.21 1.11 1.01 0.91 0.81 0.72 0.63 0.54 0.46 0.39 0.33 0.28 0.24 0.22 0.21 0.20 0.19 0.18 0.17 0.17 0.16 0.15 0.14 0.13 0.12 0.12 0.11 0.10 0.09 0.08 0.07 0.06 0.06 0.05 0.04 0.03 0.02 0.01 0.00 0.00 0.00 0.00 0.00 0.00 0.00 0.00 0.00 0.00 0.00 0.00 0.00 0.00 0.00 0.00 0.00 0.00 0.00 0.00 0.00 0.00 0.00 0.00 0.00 0.00 0.00 0.00 0.00 0.00 0.00 0.00 0.00 0.00
1.69 1.72 1.73 1.72 1.71 1.67 1.63 1.58 1.51 1.44 1.36 1.27 1.18 1.09 0.99 0.90 0.80 0.71 0.62 0.54 0.46 0.39 0.33 0.28 0.25 0.22 0.21 0.20 0.20 0.19 0.18 0.17 0.16 0.16 0.15 0.14 0.13 0.12 0.11 0.10 0.10 0.09 0.08 0.07 0.06 0.05 0.04 0.03 0.03 0.02 0.01 0.00 0.00 0.00 0.00 0.00 0.00 0.00 0.00 0.00 0.00 0.00 0.00 0.00 0.00 0.00 0.00 0.00 0.00 0.00 0.00 0.00 0.00 0.00 0.00 0.00 0.00 0.00 0.00 0.00 0.00 0.00 0.00 0.00
1.57 1.61 1.63 1.63 1.62 1.60 1.57 1.52 1.46 1.39 1.32 1.24 1.15 1.06 0.97 0.88 0.79 0.70 0.62 0.53 0.46 0.39 0.33 0.29 0.25 0.23 0.22 0.21 0.20 0.19 0.19 0.18 0.17 0.16 0.15 0.14 0.14 0.13 0.12 0.11 0.10 0.09 0.08 0.07 0.07 0.06 0.05 0.04 0.03 0.02 0.01 0.00 0.00 0.00 0.00 0.00 0.00 0.00 0.00 0.00 0.00 0.00 0.00 0.00 0.00 0.00 0.00 0.00 0.00 0.00 0.00 0.00 0.00 0.00 0.00 0.00 0.00 0.00 0.00 0.00 0.00 0.00 0.00 0.00
1.45 1.50 1.53 1.54 1.54 1.53 1.50 1.46 1.41 1.35 1.28 1.20 1.12 1.04 0.95 0.87 0.78 0.69 0.61 0.53 0.46 0.39 0.34 0.29 0.25 0.23 0.22 0.21 0.21 0.20 0.19 0.18 0.17 0.17 0.16 0.15 0.14 0.13 0.12 0.12 0.11 0.10 0.09 0.08 0.07 0.06 0.05 0.04 0.04 0.03 0.02 0.01 0.00 0.00 0.00 0.00 0.00 0.00 0.00 0.00 0.00 0.00 0.00 0.00 0.00 0.00 0.00 0.00 0.00 0.00 0.00 0.00 0.00 0.00 0.00 0.00 0.00 0.00 0.00 0.00 0.00 0.00 0.00 0.00
1.33 1.39 1.43 1.45 1.46 1.45 1.43 1.40 1.36 1.30 1.24 1.17 1.10 1.02 0.93 0.85 0.77 0.68 0.60 0.53 0.46 0.40 0.34 0.29 0.26 0.24 0.23 0.22 0.21 0.20 0.20 0.19 0.18 0.17 0.16 0.16 0.15 0.14 0.13 0.12 0.11 0.10 0.09 0.09 0.08 0.07 0.06 0.05 0.04 0.03 0.02 0.01 0.01 0.00 0.00 0.00 0.00 0.00 0.00 0.00 0.00 0.00 0.00 0.00 0.00 0.00 0.00 0.00 0.00 0.00 0.00 0.00 0.00 0.00 0.00 0.00 0.00 0.00 0.00 0.00 0.00 0.00 0.00 0.00
1.21 1.28 1.33 1.36 1.38 1.38 1.37 1.34 1.30 1.26 1.20 1.14 1.07 0.99 0.91 0.83 0.75 0.68 0.60 0.53 0.46 0.40 0.34 0.30 0.26 0.24 0.23 0.22 0.22 0.21 0.20 0.19 0.19 0.18 0.17 0.16 0.15 0.14 0.13 0.13 0.12 0.11 0.10 0.09 0.08 0.07 0.06 0.05 0.05 0.04 0.03 0.02 0.01 0.00 0.00 0.00 0.00 0.00 0.00 0.00 0.00 0.00 0.00 0.00 0.00 0.00 0.00 0.00 0.00 0.00 0.00 0.00 0.00 0.00 0.00 0.00 0.00 0.00 0.00 0.00 0.00 0.00 0.00 0.00
1.09 1.17 1.23 1.27 1.30 1.31 1.30 1.28 1.25 1.21 1.16 1.10 1.04 0.97 0.89 0.82 0.74 0.67 0.59 0.52 0.46 0.40 0.35 0.30 0.27 0.25 0.24 0.23 0.22 0.21 0.21 0.20 0.19 0.18 0.17 0.17 0.16 0.15 0.14 0.13 0.12 0.11 0.10 0.10 0.09 0.08 0.07 0.06 0.05 0.04 0.03 0.02 0.01 0.01 0.00 0.00 0.00 0.00 0.00 0.00 0.00 0.00 0.00 0.00 0.00 0.00 0.00 0.00 0.00 0.00 0.00 0.00 0.00 0.00 0.00 0.00 0.00 0.00 0.00 0.00 0.00 0.00 0.00 0.00
0.97 1.06 1.13 1.18 1.22 1.23 1.23 1.22 1.20 1.16 1.12 1.07 1.01 0.94 0.87 0.80 0.73 0.66 0.59 0.52 0.46 0.40 0.35 0.31 0.27 0.25 0.24 0.24 0.23 0.22 0.21 0.20 0.20 0.19 0.18 0.17 0.16 0.15 0.15 0.14 0.13 0.12 0.11 0.10 0.09 0.08 0.07 0.06 0.06 0.05 0.04 0.03 0.02 0.01 0.00 0.00 0.00 0.00 0.00 0.00 0.00 0.00 0.00 0.00 0.00 0.00 0.00 0.00 0.00 0.00 0.00 0.00 0.00 0.00 0.00 0.00 0.00 0.00 0.00 0.00 0.00 0.00 0.00 0.00
0.85 0.95 1.03 1.09 1.13 1.16 1.17 1.16 1.15 1.12 1.08 1.03 0.98 0.92 0.85 0.79 0.72 0.65 0.58 0.52 0.46 0.40 0.35 0.31 0.28 0.26 0.25 0.24 0.23 0.23 0.22 0.21 0.20 0.19 0.19 0.18 0.17 0.16 0.15 0.14 0.13 0.12 0.12 0.11 0.10 0.09 0.08 0.07 0.06 0.05 0.04 0.03 0.02 0.02 0.01 0.00 0.00 0.00 0.00 0.00 0.00 0.00 0.00 0.00 0.00 0.00 0.00 0.00 0.00 0.00 0.00 0.00 0.00 0.00 0.00 0.00 0.00 0.00 0.00 0.00 0.00 0.00 0.00 0.00
0.73 0.84 0.93 1.00 1.05 1.08 1.10 1.10 1.09 1.07 1.04 1.00 0.95 0.89 0.83 0.77 0.71 0.64 0.58 0.51 0.45 0.40 0.35 0.31 0.28 0.26 0.25 0.25 0.24 0.23 0.22 0.21 0.21 0.20 0.19 0.18 0.17 0.16 0.16 0.15 0.14 0.13 0.12 0.11 0.10 0.09 0.08 0.07 0.07 0.06 0.05 0.04 0.03 0.02 0.01 0.00 0.00 0.00 0.00 0.00 0.00 0.00 0.00 0.00 0.00 0.00 0.00 0.00 0.00 0.00 0.00 0.00 0.00 0.00 0.00 0.00 0.00 0.00 0.00 0.00 0.00 0.00 0.00 0.00
0.62 0.74 0.83 0.91 0.97 1.01 1.03 1.04 1.04 1.02 1.00 0.96 0.92 0.87 0.81 0.75 0.69 0.63 0.57 0.51 0.45 0.40 0.36 0.32 0.29 0.27 0.26 0.25 0.24 0.24 0.23 0.22 0.21 0.20 0.20 0.19 0.18 0.17 0.16 0.15 0.14 0.13 0.13 0.12 0.11 0.10 0.09 0.08 0.07 0.06 0.05 0.04 0.03 0.03 0.02 0.01 0.00 0.00 0.00 0.00 0.00 0.00 0.00 0.00 0.00 0.00 0.00 0.00 0.00 0.00 0.00 0.00 0.00 0.00 0.00 0.00 0.00 0.00 0.00 0.00 0.00 0.00 0.00 0.00
0.50 0.63 0.73 0.82 0.89 0.93 0.97 0.98 0.99 0.98 0.96 0.93 0.89 0.84 0.79 0.74 0.68 0.62 0.56 0.51 0.45 0.40 0.36 0.32 0.29 0.27 0.26 0.26 0.25 0.24 0.23 0.22 0.22 0.21 0.20 0.19 0.18 0.18 0.17 0.16 0.15 0.14 0.13 0.12 0.11 0.10 0.09 0.09 0.08 0.07 0.06 0.05 0.04 0.03 0.02 0.01 0.00 0.00 0.00 0.00 0.00 0.00 0.00 0.00 0.00 0.00 0.00 0.00 0.00 0.00 0.00 0.00 0.00 0.00 0.00 0.00 0.00 0.00 0.00 0.00 0.00 0.00 0.00 0.00
0.38 0.52 0.63 0.73 0.80 0.86 0.90 0.92 0.93 0.93 0.91 0.89 0.86 0.82 0.77 0.72 0.67 0.61 0.56 0.50 0.45 0.40 0.36 0.32 0.30 0.28 0.27 0.26 0.25 0.25 0.24 0.23 0.22 0.21 0.21 0.20 0.19 0.18 0.17 0.16 0.15 0.14 0.14 0.13 0.12 0.11 0.10 0.09 0.08 0.07 0.06 0.05 0.04 0.04 0.03 0.02 0.01 0.00 0.00 0.00 0.00 0.00 0.00 0.00 0.00 0.00 0.00 0.00 0.00 0.00 0.00 0.00 0.00 0.00 0.00 0.00 0.00 0.00 0.00 0.00 0.00 0.00 0.00 0.00
0.26 0.41 0.53 0.64 0.72 0.78 0.83 0.86 0.88 0.88 0.87 0.85 0.83 0.79 0.75 0.70 0.65 0.60 0.55 0.50 0.45 0.40 0.36 0.33 0.30 0.28 0.27 0.26 0.26 0.25 0.24 0.23 0.23 0.22 0.21 0.20 0.19 0.19 0.18 0.17 0.16 0.15 0.14 0.13 0.12 0.11 0.10 0.10 0.09 0.08 0.07 0.06 0.05 0.04 0.03 0.02 0.01 0.00 0.00 0.00 0.00 0.00 0.00 0.00 0.00 0.00 0.00 0.00 0.00 0.00 0.00 0.00 0.00 0.00 0.00 0.00 0.00 0.00 0.00 0.00 0.00 0.00 0.00 0.00
0.15 0.30 0.43 0.55 0.64 0.71 0.76 0.80 0.82 0.83 0.83 0.82 0.80 0.77 0.73 0.69 0.64 0.59 0.54 0.49 0.45 0.40 0.36 0.33 0.30 0.29 0.28 0.27 0.26 0.25 0.25 0.24 0.23 0.22 0.22 0.21 0.20 0.19 0.18 0.17 0.16 0.15 0.15 0.14 0.13 0.12 0.11 0.10 0.09 0.08 0.07 0.06 0.05 0.04 0.04 0.03 0.02 0.01 0.00 0.00 0.00 0.00 0.00 0.00 0.00 0.00 0.00 0.00 0.00 0.00 0.00 0.00 0.00 0.00 0.00 0.00 0.00 0.00 0.00 0.00 0.00 0.00 0.00 0.00
0.03 0.19 0.33 0.45 0.55 0.63 0.70 0.74 0.77 0.79 0.79 0.78 0.77 0.74 0.71 0.67 0.63 0.58 0.54 0.49 0.44 0.40 0.36 0.33 0.31 0.29 0.28 0.27 0.27 0.26 0.25 0.24 0.24 0.23 0.22 0.21 0.20 0.19 0.19 0.18 0.17 0.16 0.15 0.14 0.13 0.12 0.11 0.11 0.10 0.09 0.08 0.07 0.06 0.05 0.04 0.03 0.02 0.01 0.00 0.00 0.00 0.00 0.00 0.00 0.00 0.00 0.00 0.00 0.00 0.00 0.00 0.00 0.00 0.00 0.00 0.00 0.00 0.00 0.00 0.00 0.00 0.00 0.00 0.00
0.00 0.08 0.23 0.36 0.47 0.56 0.63 0.68 0.72 0.74 0.75 0.75 0.73 0.71 0.69 0.65 0.61 0.57 0.53 0.49 0.44 0.40 0.37 0.34 0.31 0.29 0.28 0.28 0.27 0.26 0.26 0.25 0.24 0.23 0.22 0.22 0.21 0.20 0.19 0.18 0.17 0.16 0.16 0.15 0.14 0.13 0.12 0.11 0.10 0.09 0.08 0.07 0.06 0.05 0.05 0.04 0.02 0.00 0.00 0.00 0.00 0.00 0.00 0.00 0.00 0.00 0.00 0.00 0.00 0.00 0.00 0.00 0.00 0.00 0.00 0.00 0.00 0.00 0.00 0.00 0.00 0.00 0.00 0.00
0.00 0.00 0.13 0.27 0.39 0.48 0.56 0.62 0.66 0.69 0.71 0.71 0.70 0.69 0.66 0.63 0.60 0.56 0.52 0.48 0.44 0.40 0.37 0.34 0.31 0.30 0.29 0.28 0.28 0.27 0.26 0.25 0.25 0.24 0.23 0.22 0.21 0.20 0.20 0.19 0.18 0.17 0.16 0.15 0.14 0.13 0.12 0.12 0.11 0.10 0.09 0.08 0.07 0.06 0.05 0.04 0.02 0.00 0.00 0.00 0.00 0.00 0.00 0.00 0.00 0.00 0.00 0.00 0.00 0.00 0.00 0.00 0.00 0.00 0.00 0.00 0.00 0.00 0.00 0.00 0.00 0.00 0.00 0.00
0.00 0.00 0.03 0.18 0.30 0.41 0.49 0.56 0.61 0.64 0.66 0.67 0.67 0.66 0.64 0.62 0.59 0.55 0.51 0.48 0.44 0.40 0.37 0.34 0.32 0.30 0.29 0.29 0.28 0.27 0.26 0.26 0.25 0.24 0.23 0.23 0.22 0.21 0.20 0.19 0.18 0.17 0.17 0.16 0.15 0.14 0.13 0.12 0.11 0.10 0.09 0.08 0.07 0.06 0.05 0.03 0.00 0.00 0.00 0.00 0.00 0.00 0.00 0.00 0.00 0.00 0.00 0.00 0.00 0.00 0.00 0.00 0.00 0.00 0.00 0.00 0.00 0.00 0.00 0.00 0.00 0.00 0.00 0.00
0.00 0.00 0.00 0.09 0.22 0.33 0.42 0.50 0.55 0.59 0.62 0.64 0.64 0.63 0.62 0.60 0.57 0.54 0.51 0.47 0.44 0.40 0.37 0.34 0.32 0.31 0.30 0.29 0.28 0.28 0.27 0.26 0.25 0.25 0.24 0.23 0.22 0.21 0.21 0.20 0.19 0.18 0.17 0.16 0.15 0.14 0.13 0.12 0.12 0.11 0.10 0.09 0.08 0.07 0.04 0.01 0.00 0.00 0.00 0.00 0.00 0.00 0.00 0.00 0.00 0.00 0.00 0.00 0.00 0.00 0.00 0.00 0.00 0.00 0.00 0.00 0.00 0.00 0.00 0.00 0.00 0.00 0.00 0.00
0.00 0.00 0.00 0.00 0.13 0.25 0.35 0.43 0.50 0.55 0.58 0.60 0.61 0.61 0.60 0.58 0.56 0.53 0.50 0.47 0.43 0.40 0.37 0.34 0.32 0.31 0.30 0.29 0.29 0.28 0.27 0.27 0.26 0.25 0.24 0.23 0.23 0.22 0.21 0.20 0.19 0.18 0.17 0.17 0.16 0.15 0.14 0.13 0.12 0.11 0.10 0.09 0.08 0.06 0.02 0.00 0.00 0.00 0.00 0.00 0.00 0.00 0.00 0.00 0.00 0.00 0.00 0.00 0.00 0.00 0.00 0.00 0.00 0.00 0.00 0.00 0.00 0.00 0.00 0.00 0.00 0.00 0.00 0.00
0.00 0.00 0.00 0.00 0.05 0.18 0.28 0.37 0.44 0.50 0.54 0.56 0.58 0.58 0.58 0.56 0.54 0.52 0.49 0.46 0.43 0.40 0.37 0.35 0.33 0.31 0.30 0.30 0.29 0.28 0.28 0.27 0.26 0.25 0.25 0.24 0.23 0.22 0.21 0.21 0.20 0.19 0.18 0.17 0.16 0.15 0.14 0.13 0.13 0.12 0.11 0.09 0.07 0.04 0.00 0.00 0.00 0.00 0.00 0.00 0.00 0.00 0.00 0.00 0.00 0.00 0.00 0.00 0.00 0.00 0.00 0.00 0.00 0.00 0.00 0.00 0.00 0.00 0.00 0.00 0.00 0.00 0.00 0.00
0.00 0.00 0.00 0.00 0.00 0.10 0.21 0.31 0.39 0.45 0.49 0.53 0.55 0.55 0.55 0.54 0.53 0.51 0.48 0.46 0.43 0.40 0.37 0.35 0.33 0.32 0.31 0.30 0.29 0.29 0.28 0.27 0.27 0.26 0.25 0.24 0.24 0.23 0.22 0.21 0.20 0.19 0.18 0.18 0.17 0.16 0.15 0.14 0.13 0.12 0.11 0.09 0.05 0.01 0.00 0.00 0.00 0.00 0.00 0.00 0.00 0.00 0.00 0.00 0.00 0.00 0.00 0.00 0.00 0.00 0.00 0.00 0.00 0.00 0.00 0.00 0.00 0.00 0.00 0.00 0.00 0.00 0.00 0.00
0.00 0.00 0.00 0.00 0.00 0.02 0.14 0.25 0.33 0.40 0.45 0.49 0.51 0.53 0.53 0.53 0.51 0.50 0.48 0.45 0.42 0.40 0.37 0.35 0.33 0.32 0.31 0.30 0.30 0.29 0.28 0.28 0.27 0.26 0.26 0.25 0.24 0.23 0.22 0.21 0.21 0.20 0.19 0.18 0.17 0.16 0.15 0.14 0.13 0.12 0.10 0.06 0.02 0.00 0.00 0.00 0.00 0.00 0.00 0.00 0.00 0.00 0.00 0.00 0.00 0.00 0.00 0.00 0.00 0.00 0.00 0.00 0.00 0.00 0.00 0.00 0.00 0.00 0.00 0.00 0.00 0.00 0.00 0.00
0.00 0.00 0.00 0.00 0.00 0.00 0.07 0.18 0.27 0.35 0.41 0.45 0.48 0.50 0.51 0.51 0.50 0.49 0.47 0.45 0.42 0.40 0.37 0.35 0.33 0.32 0.31 0.31 0.30 0.29 0.29 0.28 0.27 0.27 0.26 0.25 0.24 0.24 0.23 0.22 0.21 0.20 0.19 0.18 0.18 0.17 0.16 0.15 0.14 0.11 0.08 0.03 0.00 0.00 0.00 0.00 0.00 0.00 0.00 0.00 0.00 0.00 0.00 0.00 0.00 0.00 0.00 0.00 0.00 0.00 0.00 0.00 0.00 0.00 0.00 0.00 0.00 0.00 0.00 0.00 0.00 0.00 0.00 0.00
0.00 0.00 0.00 0.00 0.00 0.00 0.00 0.12 0.22 0.30 0.36 0.41 0.45 0.47 0.48 0.49 0.48 0.47 0.46 0.44 0.42 0.40 0.37 0.35 0.34 0.32 0.32 0.31 0.30 0.30 0.29 0.28 0.28 0.27 0.26 0.26 0.25 0.24 0.23 0.22 0.21 0.21 0.20 0.19 0.18 0.17 0.16 0.15 0.13 0.09 0.05 0.00 0.00 0.00 0.00 0.00 0.00 0.00 0.00 0.00 0.00 0.00 0.00 0.00 0.00 0.00 0.00 0.00 0.00 0.00 0.00 0.00 0.00 0.00 0.00 0.00 0.00 0.00 0.00 0.00 0.00 0.00 0.00 0.00
0.00 0.00 0.00 0.00 0.00 0.00 0.00 0.06 0.16 0.25 0.32 0.37 0.42 0.44 0.46 0.47 0.47 0.46 0.45 0.43 0.41 0.39 0.37 0.35 0.34 0.33 0.32 0.31 0.31 0.30 0.29 0.29 0.28 0.27 0.27 0.26 0.25 0.24 0.23 0.23 0.22 0.21 0.20 0.19 0.18 0.17 0.16 0.14 0.11 0.06 0.00 0.00 0.00 0.00 0.00 0.00 0.00 0.00 0.00 0.00 0.00 0.00 0.00 0.00 0.00 0.00 0.00 0.00 0.00 0.00 0.00 0.00 0.00 0.00 0.00 0.00 0.00 0.00 0.00 0.00 0.00 0.00 0.00 0.00
0.00 0.00 0.00 0.00 0.00 0.00 0.00 0.00 0.11 0.20 0.27 0.34 0.38 0.42 0.44 0.45 0.45 0.45 0.44 0.43 0.41 0.39 0.37 0.36 0.34 0.33 0.32 0.32 0.31 0.30 0.30 0.29 0.28 0.28 0.27 0.26 0.25 0.25 0.24 0.23 0.22 0.21 0.21 0.20 0.19 0.18 0.15 0.12 0.07 0.02 0.00 0.00 0.00 0.00 0.00 0.00 0.00 0.00 0.00 0.00 0.00 0.00 0.00 0.00 0.00 0.00 0.00 0.00 0.00 0.00 0.00 0.00 0.00 0.00 0.00 0.00 0.00 0.00 0.00 0.00 0.00 0.00 0.00 0.00
0.00 0.00 0.00 0.00 0.00 0.00 0.00 0.00 0.05 0.15 0.23 0.30 0.35 0.39 0.41 0.43 0.44 0.44 0.43 0.42 0.41 0.39 0.37 0.36 0.34 0.33 0.33 0.32 0.31 0.31 0.30 0.29 0.29 0.28 0.27 0.27 0.26 0.25 0.24 0.23 0.23 0.22 0.21 0.20 0.19 0.17 0.13 0.09 0.03 0.00 0.00 0.00 0.00 0.00 0.00 0.00 0.00 0.00 0.00 0.00 0.00 0.00 0.00 0.00 0.00 0.00 0.00 0.00 0.00 0.00 0.00 0.00 0.00 0.00 0.00 0.00 0.00 0.00 0.00 0.00 0.00 0.00 0.00 0.00
0.00 0.00 0.00 0.00 0.00 0.00 0.00 0.00 0.00 0.10 0.19 0.26 0.32 0.36 0.39 0.41 0.42 0.43 0.42 0.41 0.40 0.39 0.37 0.36 0.34 0.33 0.33 0.32 0.32 0.31 0.30 0.30 0.29 0.28 0.28 0.27 0.26 0.25 0.25 0.24 0.23 0.22 0.21 0.20 0.18 0.14 0.10 0.04 0.00 0.00 0.00 0.00 0.00 0.00 0.00 0.00 0.00 0.00 0.00 0.00 0.00 0.00 0.00 0.00 0.00 0.00 0.00 0.00 0.00 0.00 0.00 0.00 0.00 0.00 0.00 0.00 0.00 0.00 0.00 0.00 0.00 0.00 0.00 0.00
0.00 0.00 0.00 0.00 0.00 0.00 0.00 0.00 0.00 0.05 0.14 0.22 0.28 0.33 0.37 0.39 0.41 0.41 0.41 0.41 0.40 0.39 0.37 0.36 0.35 0.34 0.33 0.32 0.32 0.31 0.31 0.30 0.29 0.29 0.28 0.27 0.26 0.26 0.25 0.24 0.23 0.23 0.21 0.19 0.16 0.11 0.06 0.00 0.00 0.00 0.00 0.00 0.00 0.00 0.00 0.00 0.00 0.00 0.00 0.00 0.00 0.00 0.00 0.00 0.00 0.00 0.00 0.00 0.00 0.00 0.00 0.00 0.00 0.00 0.00 0.00 0.00 0.00 0.00 0.00 0.00 0.00 0.00 0.00
0.00 0.00 0.00 0.00 0.00 0.00 0.00 0.00 0.00 0.02 0.10 0.18 0.25 0.30 0.34 0.37 0.39 0.40 0.40 0.40 0.39 0.38 0.37 0.36 0.35 0.34 0.33 0.33 0.32 0.31 0.31 0.30 0.30 0.29 0.28 0.28 0.27 0.26 0.25 0.24 0.24 0.23 0.20 0.17 0.12 0.07 0.00 0.00 0.00 0.00 0.00 0.00 0.00 0.00 0.00 0.00 0.00 0.00 0.00 0.00 0.00 0.00 0.00 0.00 0.00 0.00 0.00 0.00 0.00 0.00 0.00 0.00 0.00 0.00 0.00 0.00 0.00 0.00 0.00 0.00 0.00 0.00 0.00 0.00
0.00 0.00 0.00 0.00 0.00 0.00 0.00 0.00 0.00 0.00 0.08 0.15 0.21 0.27 0.32 0.35 0.37 0.39 0.39 0.39 0.39 0.38 0.37 0.36 0.35 0.34 0.33 0.33 0.32 0.32 0.31 0.30 0.30 0.29 0.29 0.28 0.27 0.26 0.26 0.25 0.24 0.21 0.18 0.14 0.08 0.01 0.00 0.00 0.00 0.00 0.00 0.00 0.00 0.00 0.00 0.00 0.00 0.00 0.00 0.00 0.00 0.00 0.00 0.00 0.00 0.00 0.00 0.00 0.00 0.00 0.00 0.00 0.00 0.00 0.00 0.00 0.00 0.00 0.00 0.00 0.00 0.00 0.00 0.00
0.00 0.00 0.00 0.00 0.00 0.00 0.00 0.00 0.00 0.00 0.06 0.12 0.18 0.24 0.29 0.33 0.36 0.37 0.38 0.39 0.38 0.38 0.37 0.36 0.35 0.34 0.34 0.33 0.32 0.32 0.31 0.31 0.30 0.29 0.29 0.28 0.27 0.27 0.26 0.25 0.23 0.19 0.15 0.09 0.03 0.00 0.00 0.00 0.00 0.00 0.00 0.00 0.00 0.00 0.00 0.00 0.00 0.00 0.00 0.00 0.00 0.00 0.00 0.00 0.00 0.00 0.00 0.00 0.00 0.00 0.00 0.00 0.00 0.00 0.00 0.00 0.00 0.00 0.00 0.00 0.00 0.00 0.00 0.00
0.00 0.00 0.00 0.00 0.00 0.00 0.00 0.00 0.00 0.00 0.06 0.11 0.16 0.22 0.27 0.31 0.34 0.36 0.37 0.38 0.38 0.37 0.37 0.36 0.35 0.34 0.34 0.33 0.33 0.32 0.32 0.31 0.30 0.30 0.29 0.28 0.28 0.27 0.26 0.24 0.20 0.16 0.10 0.04 0.00 0.00 0.00 0.00 0.00 0.00 0.00 0.00 0.00 0.00 0.00 0.00 0.00 0.00 0.00 0.00 0.00 0.00 0.00 0.00 0.00 0.00 0.00 0.00 0.00 0.00 0.00 0.00 0.00 0.00 0.00 0.00 0.00 0.00 0.00 0.00 0.00 0.00 0.00 0.00
