data_output/RCH/Precip_1994_11.asc
ncols        168
nrows        136
xllcorner    455000
yllcorner    2107000
cellsize     500
NODATA_value     -99999
[rows 74 to 110 of 136, columns 0 to 83 of 168]
6.90 6.99 7.08 7.17 7.26 7.34 7.41 7.49 7.55 7.62 7.67 7.72 7.76 7.80 7.83 7.84 7.86 7.87 7.87 7.88 7.88 7.88 7.88 7.88 7.88 7.88 7.89 7.89 7.89 7.89 7.89 7.88 7.88 7.87 7.85 7.84 7.82 7.80 7.77 7.75 7.73 7.70 7.68 7.66 7.64 7.62 7.60 7.58 7.56 7.54 7.52 7.50 7.48 7.46 7.43 7.41 7.39 7.37 7.35 7.32 7.30 7.27 7.25 7.22 7.19 7.16 7.13 7.10 7.07 7.03 6.99 6.96 6.92 6.87 6.83 6.78 6.74 6.69 6.63 6.58 6.52 6.46 6.41 6.36
6.89 6.98 7.07 7.16 7.25 7.33 7.41 7.48 7.55 7.62 7.68 7.73 7.78 7.81 7.85 7.87 7.89 7.90 7.90 7.91 7.91 7.91 7.92 7.92 7.92 7.92 7.93 7.93 7.94 7.94 7.94 7.93 7.93 7.92 7.90 7.89 7.87 7.85 7.83 7.81 7.79 7.77 7.75 7.74 7.72 7.70 7.68 7.66 7.65 7.63 7.61 7.59 7.57 7.55 7.53 7.51 7.49 7.47 7.44 7.42 7.40 7.37 7.34 7.31 7.28 7.25 7.22 7.19 7.15 7.11 7.07 7.03 6.99 6.94 6.89 6.84 6.79 6.74 6.68 6.62 6.56 6.49 6.43 6.36
6.86 6.95 7.05 7.13 7.22 7.31 7.39 7.46 7.53 7.60 7.66 7.72 7.77 7.82 7.85 7.88 7.91 7.92 7.93 7.93 7.94 7.94 7.94 7.94 7.95 7.95 7.96 7.97 7.97 7.97 7.98 7.97 7.97 7.96 7.95 7.93 7.92 7.90 7.88 7.87 7.85 7.84 7.82 7.81 7.79 7.78 7.76 7.74 7.73 7.71 7.69 7.68 7.66 7.64 7.62 7.60 7.58 7.56 7.53 7.51 7.48 7.46 7.43 7.40 7.37 7.33 7.30 7.26 7.22 7.18 7.14 7.09 7.05 7.00 6.95 6.89 6.84 6.78 6.71 6.65 6.58 6.51 6.44 6.36
6.81 6.90 6.99 7.08 7.17 7.26 7.34 7.42 7.49 7.57 7.63 7.69 7.75 7.80 7.84 7.88 7.91 7.93 7.94 7.95 7.95 7.96 7.96 7.96 7.97 7.97 7.98 7.99 8.00 8.00 8.00 8.00 8.00 7.99 7.98 7.97 7.96 7.94 7.93 7.92 7.91 7.89 7.88 7.87 7.86 7.84 7.83 7.82 7.80 7.79 7.77 7.75 7.74 7.72 7.70 7.68 7.66 7.64 7.61 7.59 7.56 7.53 7.50 7.47 7.44 7.40 7.36 7.32 7.28 7.24 7.19 7.15 7.09 7.04 6.99 6.93 6.87 6.80 6.73 6.66 6.59 6.52 6.44 6.35
6.73 6.83 6.92 7.01 7.10 7.19 7.27 7.36 7.43 7.51 7.58 7.65 7.71 7.76 7.81 7.85 7.89 7.92 7.94 7.95 7.96 7.96 7.97 7.97 7.98 7.98 7.99 8.00 8.01 8.02 8.02 8.02 8.02 8.02 8.01 8.00 7.99 7.98 7.97 7.96 7.95 7.94 7.94 7.93 7.91 7.90 7.89 7.88 7.87 7.85 7.84 7.82 7.81 7.79 7.77 7.75 7.73 7.71 7.68 7.65 7.63 7.60 7.57 7.53 7.50 7.46 7.42 7.38 7.33 7.28 7.24 7.18 7.13 7.07 7.01 6.95 6.88 6.81 6.74 6.67 6.59 6.50 6.42 6.33
6.63 6.73 6.82 6.91 7.01 7.10 7.18 7.27 7.35 7.43 7.51 7.58 7.64 7.70 7.76 7.81 7.85 7.89 7.92 7.94 7.95 7.96 7.96 7.97 7.98 7.99 8.00 8.01 8.02 8.03 8.03 8.04 8.03 8.03 8.03 8.02 8.02 8.01 8.01 8.00 7.99 7.99 7.98 7.97 7.96 7.96 7.95 7.94 7.92 7.91 7.90 7.88 7.87 7.85 7.83 7.81 7.79 7.76 7.74 7.71 7.68 7.65 7.62 7.58 7.54 7.50 7.46 7.41 7.37 7.32 7.26 7.21 7.15 7.09 7.02 6.96 6.88 6.81 6.73 6.65 6.57 6.48 6.39 6.29
6.50 6.60 6.69 6.79 6.88 6.98 7.07 7.16 7.25 7.33 7.41 7.49 7.56 7.63 7.69 7.74 7.79 7.84 7.88 7.91 7.93 7.94 7.95 7.96 7.97 7.98 7.99 8.00 8.02 8.03 8.03 8.04 8.04 8.04 8.04 8.04 8.03 8.03 8.03 8.03 8.03 8.02 8.02 8.01 8.01 8.00 7.99 7.98 7.97 7.96 7.95 7.93 7.92 7.90 7.88 7.86 7.84 7.81 7.78 7.76 7.72 7.69 7.66 7.62 7.58 7.53 7.49 7.44 7.39 7.34 7.28 7.22 7.16 7.09 7.02 6.95 6.87 6.79 6.71 6.62 6.53 6.44 6.34 6.23
6.34 6.44 6.54 6.64 6.74 6.83 6.93 7.02 7.11 7.20 7.29 7.37 7.45 7.52 7.59 7.66 7.72 7.77 7.81 7.85 7.88 7.91 7.93 7.94 7.95 7.96 7.97 7.99 8.00 8.01 8.02 8.03 8.03 8.04 8.04 8.04 8.04 8.05 8.05 8.05 8.05 8.05 8.04 8.04 8.04 8.03 8.03 8.02 8.01 8.00 7.98 7.97 7.95 7.94 7.92 7.89 7.87 7.85 7.82 7.79 7.75 7.72 7.68 7.64 7.60 7.55 7.50 7.45 7.40 7.34 7.28 7.21 7.15 7.08 7.00 6.92 6.84 6.76 6.67 6.57 6.48 6.38 6.27 6.16
6.16 6.26 6.36 6.46 6.56 6.66 6.76 6.86 6.96 7.05 7.14 7.23 7.32 7.40 7.47 7.55 7.61 7.67 7.73 7.78 7.82 7.85 7.88 7.90 7.91 7.93 7.94 7.96 7.98 7.99 8.00 8.01 8.02 8.03 8.03 8.04 8.05 8.05 8.06 8.06 8.06 8.06 8.06 8.06 8.06 8.05 8.05 8.04 8.03 8.02 8.01 8.00 7.98 7.96 7.94 7.92 7.89 7.87 7.84 7.81 7.77 7.73 7.69 7.65 7.60 7.56 7.50 7.45 7.39 7.33 7.26 7.19 7.12 7.05 6.97 6.88 6.80 6.71 6.61 6.51 6.41 6.30 6.19 6.07
5.94 6.04 6.15 6.25 6.36 6.46 6.57 6.67 6.77 6.87 6.97 7.06 7.16 7.25 7.33 7.41 7.49 7.56 7.62 7.68 7.73 7.78 7.82 7.85 7.87 7.89 7.90 7.92 7.94 7.96 7.97 7.98 8.00 8.01 8.02 8.03 8.04 8.05 8.05 8.06 8.06 8.07 8.07 8.07 8.07 8.07 8.06 8.06 8.05 8.04 8.02 8.01 7.99 7.98 7.95 7.93 7.91 7.88 7.85 7.81 7.77 7.73 7.69 7.65 7.60 7.54 7.49 7.43 7.37 7.30 7.23 7.16 7.08 7.00 6.92 6.83 6.73 6.64 6.54 6.43 6.32 6.20 6.09 5.96
5.69 5.80 5.91 6.01 6.12 6.23 6.34 6.45 6.56 6.66 6.77 6.87 6.97 7.07 7.16 7.25 7.33 7.41 7.49 7.56 7.62 7.68 7.73 7.77 7.80 7.83 7.85 7.87 7.90 7.91 7.93 7.95 7.97 7.98 8.00 8.01 8.02 8.03 8.04 8.05 8.06 8.06 8.07 8.07 8.07 8.07 8.06 8.06 8.05 8.04 8.03 8.01 8.00 7.98 7.95 7.93 7.90 7.87 7.84 7.80 7.76 7.72 7.68 7.63 7.57 7.52 7.46 7.40 7.33 7.26 7.18 7.11 7.02 6.94 6.85 6.75 6.65 6.55 6.44 6.33 6.21 6.09 5.96 5.83
5.41 5.52 5.63 5.74 5.86 5.97 6.09 6.20 6.31 6.43 6.54 6.65 6.76 6.86 6.96 7.06 7.15 7.24 7.33 7.41 7.48 7.55 7.61 7.67 7.72 7.76 7.79 7.81 7.84 7.86 7.88 7.90 7.92 7.94 7.96 7.98 7.99 8.01 8.02 8.03 8.04 8.05 8.05 8.05 8.05 8.05 8.05 8.05 8.04 8.03 8.02 8.00 7.98 7.96 7.94 7.91 7.88 7.85 7.82 7.78 7.74 7.69 7.64 7.59 7.54 7.48 7.41 7.35 7.27 7.20 7.12 7.04 6.95 6.86 6.76 6.66 6.56 6.45 6.33 6.21 6.09 5.96 5.83 5.69
5.11 5.22 5.33 5.45 5.57 5.69 5.81 5.93 6.05 6.17 6.29 6.40 6.52 6.63 6.74 6.85 6.95 7.05 7.15 7.24 7.33 7.41 7.48 7.55 7.61 7.66 7.71 7.75 7.78 7.81 7.84 7.86 7.89 7.91 7.93 7.95 7.97 7.98 8.00 8.01 8.02 8.03 8.03 8.04 8.04 8.04 8.04 8.03 8.02 8.01 8.00 7.98 7.97 7.94 7.92 7.89 7.86 7.83 7.79 7.75 7.70 7.65 7.60 7.55 7.49 7.42 7.36 7.29 7.21 7.13 7.05 6.96 6.86 6.77 6.66 6.56 6.45 6.33 6.21 6.08 5.95 5.81 5.67 5.52
4.80 4.92 5.03 5.16 5.28 5.40 5.53 5.65 5.78 5.91 6.03 6.16 6.28 6.40 6.52 6.64 6.75 6.86 6.96 7.07 7.16 7.25 7.34 7.42 7.49 7.56 7.63 7.70 7.75 7.79 7.82 7.85 7.87 7.90 7.92 7.94 7.96 7.98 7.99 8.01 8.02 8.03 8.04 8.04 8.04 8.04 8.04 8.03 8.03 8.01 8.00 7.98 7.96 7.94 7.91 7.88 7.85 7.81 7.77 7.73 7.68 7.63 7.57 7.51 7.45 7.38 7.31 7.23 7.15 7.07 6.98 6.88 6.78 6.68 6.57 6.46 6.34 6.21 6.08 5.95 5.81 5.66 5.51 5.36
4.50 4.62 4.74 4.87 4.99 5.12 5.25 5.38 5.51 5.65 5.78 5.91 6.04 6.17 6.30 6.42 6.54 6.66 6.78 6.89 7.00 7.10 7.20 7.29 7.37 7.46 7.56 7.65 7.74 7.79 7.83 7.86 7.89 7.92 7.94 7.96 7.98 8.00 8.02 8.03 8.05 8.06 8.06 8.07 8.07 8.07 8.07 8.06 8.05 8.04 8.02 8.00 7.98 7.95 7.92 7.89 7.85 7.81 7.77 7.72 7.67 7.61 7.55 7.49 7.42 7.34 7.27 7.18 7.10 7.01 6.91 6.81 6.70 6.59 6.48 6.36 6.23 6.10 5.96 5.82 5.67 5.52 5.36 5.19
4.21 4.33 4.45 4.58 4.71 4.84 4.98 5.11 5.25 5.39 5.53 5.66 5.80 5.94 6.07 6.21 6.34 6.46 6.59 6.71 6.83 6.94 7.05 7.15 7.26 7.37 7.49 7.62 7.73 7.81 7.87 7.90 7.93 7.96 7.99 8.01 8.04 8.06 8.07 8.09 8.10 8.11 8.11 8.12 8.12 8.12 8.11 8.10 8.09 8.08 8.06 8.04 8.01 7.98 7.95 7.91 7.87 7.83 7.78 7.72 7.67 7.61 7.54 7.47 7.40 7.32 7.23 7.15 7.05 6.95 6.85 6.74 6.63 6.51 6.39 6.26 6.12 5.98 5.84 5.69 5.53 5.37 5.20 5.02
3.92 4.04 4.17 4.30 4.43 4.57 4.71 4.85 4.99 5.13 5.28 5.42 5.56 5.71 5.85 5.99 6.13 6.26 6.40 6.53 6.66 6.78 6.90 7.02 7.15 7.29 7.44 7.59 7.72 7.83 7.92 7.97 8.01 8.04 8.07 8.09 8.11 8.13 8.15 8.16 8.17 8.18 8.19 8.19 8.19 8.18 8.18 8.17 8.15 8.13 8.11 8.09 8.06 8.03 7.99 7.95 7.90 7.85 7.80 7.74 7.68 7.61 7.54 7.47 7.39 7.30 7.21 7.12 7.01 6.91 6.80 6.68 6.56 6.43 6.30 6.16 6.02 5.87 5.72 5.55 5.39 5.21 5.03 4.85
3.64 3.76 3.89 4.02 4.16 4.30 4.44 4.58 4.73 4.88 5.03 5.18 5.33 5.48 5.63 5.77 5.92 6.06 6.21 6.35 6.48 6.62 6.76 6.90 7.06 7.22 7.39 7.57 7.73 7.86 7.97 8.06 8.11 8.14 8.17 8.20 8.22 8.24 8.25 8.26 8.27 8.28 8.28 8.28 8.28 8.27 8.26 8.25 8.23 8.21 8.19 8.16 8.12 8.09 8.04 8.00 7.95 7.89 7.84 7.77 7.70 7.63 7.55 7.47 7.38 7.29 7.19 7.09 6.98 6.87 6.75 6.63 6.50 6.36 6.22 6.07 5.92 5.76 5.59 5.42 5.24 5.06 4.87 4.67
3.36 3.49 3.62 3.75 3.89 4.03 4.18 4.32 4.48 4.63 4.78 4.94 5.09 5.25 5.40 5.56 5.71 5.86 6.02 6.16 6.31 6.46 6.62 6.79 6.97 7.16 7.35 7.55 7.74 7.90 8.03 8.14 8.22 8.27 8.30 8.33 8.35 8.36 8.38 8.39 8.40 8.40 8.40 8.40 8.39 8.38 8.37 8.35 8.33 8.31 8.28 8.24 8.20 8.16 8.12 8.06 8.01 7.95 7.88 7.81 7.74 7.66 7.57 7.49 7.39 7.29 7.18 7.07 6.96 6.83 6.71 6.57 6.43 6.29 6.14 5.98 5.82 5.65 5.47 5.29 5.10 4.90 4.70 4.49
3.09 3.22 3.35 3.49 3.63 3.77 3.92 4.07 4.22 4.38 4.54 4.70 4.86 5.02 5.18 5.34 5.50 5.66 5.82 5.98 6.14 6.31 6.50 6.69 6.89 7.10 7.32 7.54 7.75 7.93 8.09 8.23 8.33 8.41 8.46 8.48 8.50 8.52 8.53 8.54 8.54 8.54 8.54 8.54 8.53 8.51 8.50 8.47 8.45 8.42 8.38 8.34 8.30 8.25 8.20 8.14 8.08 8.01 7.94 7.87 7.78 7.70 7.61 7.51 7.40 7.30 7.18 7.06 6.94 6.81 6.67 6.53 6.38 6.22 6.06 5.89 5.72 5.54 5.35 5.15 4.95 4.75 4.53 4.31
2.83 2.96 3.09 3.23 3.37 3.52 3.67 3.82 3.98 4.14 4.30 4.46 4.63 4.80 4.96 5.13 5.30 5.46 5.63 5.80 5.99 6.18 6.38 6.60 6.82 7.05 7.29 7.54 7.77 7.98 8.16 8.31 8.44 8.55 8.62 8.66 8.68 8.70 8.71 8.71 8.71 8.71 8.70 8.69 8.68 8.66 8.64 8.61 8.58 8.55 8.51 8.46 8.41 8.36 8.30 8.24 8.17 8.09 8.01 7.93 7.84 7.75 7.64 7.54 7.43 7.31 7.19 7.06 6.92 6.78 6.63 6.48 6.32 6.15 5.98 5.80 5.62 5.42 5.23 5.02 4.81 4.59 4.36 4.13
2.58 2.71 2.84 2.98 3.12 3.27 3.42 3.58 3.73 3.90 4.06 4.23 4.40 4.57 4.75 4.92 5.09 5.27 5.45 5.64 5.84 6.06 6.28 6.52 6.76 7.01 7.27 7.54 7.79 8.02 8.23 8.40 8.56 8.68 8.78 8.85 8.89 8.90 8.91 8.91 8.90 8.90 8.89 8.87 8.85 8.83 8.80 8.77 8.73 8.69 8.65 8.60 8.54 8.48 8.41 8.34 8.27 8.18 8.10 8.00 7.91 7.80 7.69 7.58 7.46 7.33 7.20 7.06 6.91 6.76 6.60 6.44 6.27 6.09 5.91 5.71 5.52 5.31 5.10 4.88 4.66 4.42 4.18 3.94
2.34 2.46 2.59 2.73 2.87 3.02 3.18 3.34 3.50 3.66 3.83 4.00 4.18 4.35 4.53 4.71 4.89 5.08 5.28 5.49 5.71 5.94 6.19 6.44 6.71 6.98 7.26 7.55 7.82 8.07 8.30 8.50 8.67 8.82 8.94 9.03 9.09 9.12 9.13 9.13 9.12 9.11 9.09 9.07 9.05 9.02 8.99 8.95 8.90 8.86 8.80 8.75 8.68 8.61 8.54 8.46 8.38 8.29 8.19 8.09 7.98 7.87 7.75 7.63 7.49 7.36 7.21 7.06 6.91 6.74 6.58 6.40 6.22 6.03 5.83 5.63 5.42 5.20 4.97 4.74 4.50 4.26 4.00 3.75
2.10 2.22 2.36 2.49 2.64 2.79 2.94 3.10 3.27 3.43 3.61 3.78 3.96 4.14 4.32 4.50 4.70 4.90 5.12 5.35 5.59 5.84 6.10 6.38 6.66 6.95 7.25 7.56 7.85 8.12 8.37 8.59 8.79 8.96 9.10 9.21 9.29 9.35 9.37 9.37 9.36 9.34 9.32 9.29 9.26 9.23 9.19 9.14 9.09 9.04 8.98 8.91 8.84 8.76 8.68 8.59 8.50 8.40 8.30 8.18 8.07 7.95 7.82 7.68 7.54 7.39 7.24 7.08 6.91 6.73 6.55 6.36 6.17 5.97 5.76 5.54 5.32 5.09 4.85 4.60 4.35 4.09 3.82 3.56
1.87 2.00 2.13 2.26 2.41 2.56 2.71 2.87 3.04 3.21 3.38 3.56 3.74 3.93 4.11 4.31 4.52 4.74 4.97 5.22 5.48 5.75 6.03 6.32 6.62 6.93 7.25 7.58 7.89 8.18 8.44 8.69 8.90 9.09 9.25 9.39 9.49 9.57 9.61 9.63 9.61 9.59 9.56 9.53 9.49 9.45 9.41 9.35 9.30 9.23 9.16 9.09 9.01 8.92 8.83 8.74 8.63 8.53 8.41 8.29 8.16 8.03 7.89 7.74 7.59 7.43 7.26 7.09 6.91 6.72 6.53 6.33 6.12 5.91 5.68 5.45 5.21 4.97 4.72 4.46 4.19 3.92 3.65 3.39
1.66 1.78 1.91 2.04 2.19 2.34 2.49 2.65 2.82 2.99 3.17 3.35 3.53 3.72 3.92 4.13 4.35 4.59 4.84 5.10 5.38 5.67 5.97 6.27 6.59 6.92 7.26 7.60 7.93 8.24 8.52 8.78 9.02 9.23 9.41 9.56 9.69 9.79 9.85 9.89 9.89 9.86 9.83 9.79 9.75 9.70 9.64 9.58 9.51 9.44 9.37 9.28 9.19 9.10 9.00 8.89 8.78 8.66 8.54 8.40 8.27 8.12 7.97 7.81 7.65 7.48 7.30 7.11 6.92 6.72 6.51 6.30 6.08 5.85 5.61 5.36 5.11 4.85 4.58 4.31 4.03 3.76 3.48 3.21
1.45 1.57 1.70 1.83 1.97 2.12 2.28 2.44 2.61 2.78 2.96 3.14 3.33 3.52 3.73 3.96 4.20 4.45 4.72 5.00 5.29 5.59 5.91 6.23 6.57 6.91 7.27 7.62 7.97 8.29 8.60 8.88 9.13 9.36 9.56 9.74 9.88 10.00 10.08 10.14 10.16 10.15 10.11 10.07 10.02 9.96 9.89 9.83 9.75 9.67 9.58 9.49 9.39 9.29 9.18 9.06 8.94 8.81 8.67 8.53 8.38 8.22 8.06 7.89 7.71 7.53 7.33 7.14 6.93 6.72 6.50 6.27 6.03 5.79 5.54 5.28 5.01 4.73 4.45 4.16 3.88 3.60 3.32 3.05
1.25 1.37 1.49 1.63 1.77 1.92 2.07 2.23 2.40 2.57 2.75 2.94 3.13 3.34 3.57 3.81 4.06 4.33 4.61 4.91 5.21 5.53 5.86 6.20 6.55 6.91 7.28 7.65 8.02 8.36 8.67 8.97 9.24 9.49 9.71 9.90 10.07 10.20 10.31 10.39 10.43 10.44 10.41 10.36 10.30 10.24 10.16 10.09 10.00 9.91 9.82 9.71 9.60 9.49 9.37 9.24 9.10 8.96 8.81 8.66 8.50 8.33 8.15 7.97 7.78 7.58 7.38 7.16 6.94 6.72 6.48 6.24 5.99 5.73 5.46 5.19 4.90 4.61 4.32 4.03 3.74 3.45 3.17 2.89
1.07 1.18 1.30 1.43 1.57 1.72 1.87 2.03 2.20 2.38 2.56 2.75 2.95 3.18 3.42 3.67 3.94 4.22 4.52 4.82 5.15 5.48 5.82 6.18 6.54 6.91 7.30 7.69 8.06 8.42 8.75 9.07 9.35 9.62 9.85 10.07 10.25 10.40 10.53 10.62 10.69 10.72 10.71 10.67 10.61 10.53 10.45 10.36 10.27 10.17 10.06 9.95 9.83 9.70 9.57 9.43 9.28 9.13 8.97 8.80 8.63 8.44 8.25 8.06 7.85 7.64 7.42 7.20 6.96 6.72 6.47 6.21 5.94 5.67 5.38 5.09 4.79 4.49 4.19 3.90 3.60 3.31 3.02 2.74
0.89 1.00 1.12 1.25 1.39 1.53 1.68 1.84 2.01 2.19 2.37 2.57 2.79 3.03 3.28 3.55 3.83 4.12 4.43 4.75 5.09 5.43 5.79 6.16 6.53 6.92 7.32 7.72 8.11 8.48 8.83 9.16 9.46 9.74 10.00 10.22 10.43 10.60 10.74 10.85 10.93 10.98 11.00 10.98 10.93 10.85 10.75 10.66 10.55 10.44 10.32 10.20 10.06 9.93 9.78 9.63 9.47 9.30 9.13 8.95 8.76 8.56 8.36 8.15 7.93 7.71 7.47 7.23 6.98 6.72 6.46 6.18 5.90 5.61 5.31 5.00 4.69 4.38 4.08 3.77 3.47 3.17 2.88 2.59
0.73 0.83 0.95 1.07 1.21 1.35 1.50 1.66 1.83 2.01 2.21 2.42 2.65 2.90 3.16 3.44 3.73 4.04 4.36 4.69 5.04 5.39 5.76 6.14 6.53 6.93 7.34 7.76 8.16 8.55 8.91 9.25 9.57 9.87 10.14 10.38 10.60 10.78 10.94 11.07 11.17 11.24 11.27 11.28 11.24 11.17 11.07 10.96 10.85 10.72 10.59 10.46 10.31 10.16 10.00 9.84 9.67 9.49 9.30 9.11 8.90 8.69 8.48 8.25 8.02 7.77 7.53 7.27 7.00 6.73 6.45 6.15 5.85 5.55 5.23 4.91 4.59 4.28 3.97 3.65 3.35 3.05 2.75 2.46
0.58 0.68 0.79 0.91 1.04 1.18 1.33 1.49 1.66 1.85 2.06 2.28 2.52 2.78 3.05 3.34 3.65 3.96 4.29 4.64 5.00 5.37 5.75 6.14 6.54 6.95 7.37 7.80 8.22 8.61 8.99 9.34 9.68 9.99 10.27 10.53 10.76 10.96 11.14 11.29 11.40 11.49 11.54 11.56 11.54 11.49 11.40 11.29 11.16 11.02 10.88 10.73 10.57 10.41 10.24 10.06 9.87 9.68 9.48 9.27 9.05 8.83 8.59 8.35 8.10 7.85 7.58 7.31 7.03 6.73 6.43 6.13 5.81 5.48 5.16 4.83 4.51 4.18 3.86 3.55 3.24 2.93 2.63 2.34
0.44 0.53 0.64 0.76 0.89 1.02 1.17 1.33 1.51 1.71 1.93 2.16 2.41 2.68 2.96 3.26 3.57 3.90 4.24 4.60 4.96 5.34 5.73 6.14 6.55 6.97 7.40 7.84 8.27 8.68 9.07 9.43 9.78 10.10 10.40 10.67 10.92 11.14 11.33 11.49 11.62 11.72 11.79 11.83 11.83 11.79 11.72 11.62 11.48 11.33 11.18 11.02 10.85 10.67 10.48 10.29 10.09 9.88 9.66 9.44 9.21 8.97 8.72 8.46 8.20 7.92 7.64 7.35 7.05 6.74 6.42 6.10 5.76 5.43 5.09 4.76 4.42 4.10 3.77 3.45 3.13 2.82 2.52 2.22
0.31 0.40 0.50 0.62 0.74 0.88 1.03 1.20 1.38 1.59 1.81 2.06 2.32 2.59 2.88 3.19 3.51 3.85 4.20 4.56 4.94 5.33 5.73 6.14 6.56 7.00 7.44 7.89 8.33 8.74 9.14 9.52 9.88 10.21 10.52 10.81 11.07 11.30 11.51 11.68 11.83 11.95 12.03 12.08 12.10 12.08 12.03 11.94 11.82 11.66 11.49 11.31 11.13 10.94 10.74 10.53 10.31 10.09 9.86 9.62 9.37 9.11 8.85 8.57 8.29 8.00 7.70 7.39 7.08 6.75 6.41 6.07 5.72 5.38 5.03 4.69 4.35 4.02 3.69 3.36 3.04 2.72 2.42 2.12
0.20 0.28 0.38 0.49 0.61 0.75 0.90 1.08 1.27 1.49 1.72 1.97 2.24 2.52 2.82 3.13 3.46 3.81 4.17 4.54 4.92 5.32 5.73 6.15 6.58 7.02 7.48 7.93 8.38 8.81 9.22 9.61 9.98 10.32 10.64 10.94 11.21 11.46 11.68 11.87 12.03 12.16 12.26 12.33 12.36 12.36 12.32 12.25 12.14 11.99 11.81 11.62 11.42 11.22 11.00 10.78 10.55 10.31 10.06 9.80 9.54 9.26 8.98 8.69 8.39 8.08 7.77 7.44 7.10 6.76 6.41 6.05 5.69 5.34 4.99 4.64 4.29 3.95 3.61 3.28 2.95 2.64 2.33 2.02
0.10 0.18 0.27 0.37 0.50 0.64 0.80 0.98 1.18 1.40 1.64 1.90 2.17 2.46 2.77 3.09 3.43 3.78 4.14 4.52 4.92 5.32 5.74 6.17 6.61 7.05 7.51 7.98 8.44 8.87 9.29 9.69 10.07 10.43 10.76 11.07 11.35 11.61 11.84 12.04 12.22 12.36 12.47 12.55 12.60 12.62 12.60 12.54 12.44 12.31 12.14 11.94 11.73 11.50 11.27 11.03 10.79 10.53 10.27 9.99 9.71 9.42 9.12 8.81 8.49 8.17 7.83 7.49 7.13 6.77 6.40 6.04 5.67 5.31 4.95 4.59 4.24 3.89 3.55 3.21 2.88 2.56 2.25 1.94
0.01 0.08 0.17 0.28 0.40 0.55 0.72 0.90 1.11 1.33 1.58 1.84 2.12 2.42 2.73 3.06 3.40 3.76 4.13 4.52 4.92 5.33 5.75 6.19 6.63 7.09 7.55 8.03 8.49 8.94 9.36 9.77 10.16 10.52 10.87 11.19 11.48 11.75 11.99 12.21 12.39 12.55 12.67 12.77 12.83 12.86 12.85 12.81 12.73 12.62 12.46 12.27 12.04 11.80 11.56 11.30 11.04 10.76 10.48 10.19 9.89 9.58 9.26 8.94 8.60 8.25 7.90 7.53 7.16 6.78 6.41 6.03 5.66 5.29 4.92 4.56 4.20 3.84 3.50 3.15 2.82 2.50 2.18 1.87
