data_output/RCH/Precip_1999_09.asc
ncols        168
nrows        136
xllcorner    455000
yllcorner    2107000
cellsize     500
NODATA_value     -99999
[rows 66 to 98 of 136, columns 0 to 72 of 168]
146.28 149.06 151.50 153.59 155.36 156.83 158.00 158.89 159.52 159.90 160.05 159.98 159.71 159.25 158.62 157.82 156.89 155.83 154.65 153.38 152.02 150.59 149.11 147.58 146.00 144.37 142.69 140.96 139.19 137.38 135.53 133.63 131.70 129.74 127.74 125.70 123.64 121.55 119.42 117.28 115.10 112.91 110.69 108.45 106.19 103.93 101.68 99.46 97.26 95.10 92.97 90.87 88.80 86.75 84.74 82.76 80.80 78.88 76.99 75.16 73.41 71.75 70.18 68.69 67.29 65.98 64.77 63.65 62.63 61.70 60.88 60.15 59.54
146.89 149.62 152.00 154.05 155.77 157.19 158.31 159.16 159.75 160.09 160.20 160.09 159.79 159.29 158.63 157.81 156.84 155.76 154.56 153.26 151.88 150.44 148.94 147.39 145.79 144.14 142.44 140.70 138.92 137.09 135.23 133.32 131.38 129.40 127.39 125.34 123.27 121.16 119.03 116.87 114.69 112.48 110.26 108.01 105.75 103.51 101.30 99.11 96.96 94.83 92.73 90.66 88.62 86.61 84.62 82.67 80.74 78.84 76.97 75.13 73.36 71.67 70.07 68.55 67.12 65.78 64.54 63.39 62.33 61.38 60.52 59.77 59.11
147.54 150.22 152.55 154.55 156.22 157.59 158.68 159.48 160.03 160.33 160.41 160.26 159.92 159.40 158.70 157.85 156.86 155.75 154.52 153.21 151.81 150.35 148.83 147.27 145.65 143.99 142.27 140.52 138.72 136.88 135.00 133.08 131.13 129.14 127.11 125.06 122.97 120.86 118.72 116.55 114.36 112.15 109.91 107.67 105.43 103.23 101.05 98.90 96.78 94.69 92.62 90.59 88.58 86.59 84.64 82.71 80.81 78.94 77.09 75.27 73.49 71.77 70.13 68.58 67.12 65.75 64.47 63.28 62.20 61.20 60.31 59.52 58.83
148.31 150.88 153.16 155.10 156.73 158.06 159.10 159.86 160.37 160.63 160.67 160.49 160.12 159.56 158.84 157.96 156.94 155.81 154.56 153.22 151.81 150.33 148.80 147.21 145.58 143.90 142.18 140.41 138.60 136.75 134.86 132.93 130.96 128.96 126.93 124.86 122.76 120.64 118.49 116.32 114.12 111.90 109.67 107.44 105.25 103.08 100.94 98.83 96.74 94.68 92.65 90.65 88.67 86.71 84.79 82.89 81.01 79.17 77.34 75.55 73.78 72.05 70.38 68.79 67.29 65.88 64.57 63.35 62.22 61.19 60.26 59.43 58.70
149.31 151.64 153.82 155.72 157.30 158.58 159.58 160.30 160.77 161.00 161.00 160.79 160.38 159.79 159.04 158.14 157.10 155.94 154.67 153.31 151.88 150.38 148.84 147.24 145.60 143.90 142.17 140.38 138.56 136.70 134.79 132.85 130.88 128.87 126.82 124.75 122.65 120.52 118.36 116.18 113.97 111.75 109.55 107.36 105.21 103.08 100.97 98.90 96.84 94.82 92.82 90.84 88.90 86.97 85.07 83.20 81.35 79.53 77.74 75.96 74.22 72.50 70.81 69.18 67.65 66.20 64.84 63.58 62.41 61.34 60.37 59.49 58.72
150.58 152.64 154.59 156.39 157.93 159.17 160.12 160.81 161.24 161.43 161.39 161.15 160.71 160.10 159.32 158.39 157.32 156.14 154.85 153.48 152.03 150.52 148.96 147.35 145.69 143.98 142.24 140.44 138.61 136.73 134.82 132.87 130.88 128.86 126.81 124.73 122.62 120.48 118.32 116.13 113.93 111.74 109.57 107.43 105.31 103.22 101.15 99.11 97.09 95.10 93.13 91.18 89.27 87.37 85.50 83.66 81.84 80.04 78.27 76.52 74.79 73.09 71.42 69.77 68.19 66.70 65.30 64.00 62.78 61.67 60.65 59.73 58.91
152.09 153.89 155.59 157.18 158.63 159.82 160.73 161.38 161.77 161.93 161.86 161.59 161.12 160.48 159.67 158.72 157.63 156.42 155.12 153.72 152.26 150.73 149.16 147.54 145.87 144.15 142.39 140.59 138.74 136.86 134.94 132.98 130.98 128.96 126.90 124.81 122.69 120.55 118.38 116.20 114.02 111.87 109.74 107.63 105.56 103.50 101.47 99.46 97.48 95.52 93.58 91.67 89.78 87.91 86.07 84.25 82.46 80.69 78.94 77.21 75.51 73.83 72.18 70.54 68.94 67.40 65.96 64.60 63.34 62.18 61.11 60.14 59.27
153.81 155.37 156.83 158.19 159.44 160.55 161.42 162.03 162.39 162.51 162.41 162.10 161.61 160.94 160.10 159.13 158.02 156.79 155.47 154.06 152.57 151.04 149.45 147.82 146.14 144.41 142.64 140.83 138.97 137.08 135.15 133.18 131.18 129.15 127.08 124.99 122.87 120.72 118.55 116.39 114.26 112.15 110.06 107.99 105.95 103.93 101.94 99.96 98.01 96.09 94.18 92.30 90.44 88.61 86.79 85.00 83.23 81.48 79.76 78.06 76.37 74.72 73.08 71.46 69.87 68.31 66.81 65.41 64.10 62.88 61.76 60.74 59.82
155.71 157.05 158.29 159.43 160.46 161.39 162.18 162.75 163.08 163.17 163.03 162.70 162.18 161.48 160.62 159.62 158.49 157.25 155.90 154.48 152.98 151.43 149.84 148.19 146.50 144.77 142.99 141.16 139.30 137.40 135.46 133.49 131.48 129.44 127.37 125.27 123.15 121.00 118.86 116.75 114.65 112.58 110.53 108.51 106.50 104.52 102.56 100.62 98.70 96.81 94.94 93.08 91.25 89.45 87.66 85.89 84.15 82.43 80.73 79.05 77.39 75.75 74.13 72.53 70.96 69.40 67.88 66.42 65.05 63.78 62.61 61.53 60.56
157.77 158.91 159.94 160.87 161.71 162.44 163.07 163.56 163.85 163.91 163.75 163.38 162.83 162.11 161.23 160.21 159.06 157.79 156.43 154.99 153.48 151.92 150.32 148.66 146.96 145.22 143.43 141.60 139.73 137.83 135.88 133.90 131.89 129.85 127.77 125.67 123.54 121.43 119.33 117.26 115.21 113.17 111.16 109.18 107.21 105.26 103.34 101.43 99.55 97.68 95.84 94.02 92.22 90.44 88.68 86.94 85.22 83.52 81.85 80.19 78.55 76.93 75.33 73.75 72.20 70.66 69.14 67.65 66.23 64.90 63.66 62.53 61.49
159.95 160.91 161.76 162.50 163.15 163.70 164.14 164.49 164.71 164.74 164.55 164.15 163.58 162.83 161.93 160.88 159.72 158.44 157.06 155.61 154.09 152.51 150.90 149.24 147.53 145.78 143.98 142.15 140.27 138.36 136.41 134.42 132.41 130.36 128.28 126.18 124.09 122.01 119.96 117.93 115.92 113.93 111.95 110.00 108.07 106.16 104.27 102.40 100.55 98.72 96.91 95.12 93.34 91.59 89.86 88.15 86.45 84.78 83.12 81.49 79.87 78.27 76.69 75.13 73.59 72.06 70.56 69.07 67.62 66.23 64.93 63.74 62.64
162.24 163.02 163.71 164.29 164.76 165.14 165.43 165.61 165.70 165.66 165.44 165.02 164.42 163.65 162.72 161.66 160.47 159.18 157.79 156.32 154.79 153.21 151.59 149.92 148.20 146.44 144.64 142.80 140.92 139.00 137.05 135.06 133.04 130.99 128.91 126.85 124.80 122.77 120.75 118.76 116.79 114.84 112.91 110.99 109.10 107.22 105.37 103.53 101.71 99.91 98.13 96.37 94.63 92.90 91.20 89.51 87.84 86.19 84.56 82.94 81.34 79.76 78.20 76.66 75.14 73.63 72.14 70.66 69.21 67.78 66.42 65.16 64.00
164.60 165.23 165.76 166.19 166.52 166.75 166.89 166.92 166.86 166.71 166.43 165.99 165.36 164.57 163.62 162.54 161.34 160.02 158.62 157.14 155.60 154.01 152.38 150.70 148.98 147.22 145.41 143.57 141.68 139.76 137.80 135.81 133.79 131.74 129.70 127.68 125.67 123.68 121.71 119.77 117.83 115.92 114.03 112.15 110.29 108.45 106.63 104.83 103.04 101.27 99.52 97.79 96.07 94.38 92.70 91.03 89.39 87.76 86.15 84.56 82.98 81.42 79.88 78.35 76.84 75.35 73.87 72.42 70.97 69.55 68.15 66.82 65.58
167.01 167.51 167.90 168.20 168.40 168.49 168.50 168.40 168.21 167.93 167.55 167.05 166.40 165.59 164.62 163.52 162.30 160.98 159.56 158.07 156.52 154.93 153.29 151.61 149.88 148.11 146.30 144.45 142.56 140.64 138.68 136.69 134.67 132.65 130.66 128.68 126.72 124.77 122.85 120.94 119.04 117.17 115.31 113.48 111.65 109.85 108.06 106.29 104.54 102.80 101.08 99.37 97.69 96.02 94.36 92.72 91.10 89.50 87.91 86.34 84.78 83.24 81.71 80.21 78.71 77.24 75.77 74.33 72.90 71.48 70.08 68.71 67.40
169.44 169.82 170.09 170.27 170.36 170.34 170.23 170.02 169.72 169.32 168.83 168.25 167.56 166.72 165.74 164.62 163.38 162.05 160.62 159.12 157.56 155.96 154.31 152.63 150.90 149.12 147.31 145.46 143.57 141.64 139.68 137.69 135.71 133.74 131.79 129.85 127.93 126.03 124.15 122.28 120.43 118.59 116.77 114.97 113.19 111.42 109.66 107.92 106.20 104.49 102.80 101.13 99.47 97.82 96.20 94.58 92.99 91.40 89.84 88.28 86.75 85.23 83.72 82.23 80.75 79.29 77.84 76.41 74.99 73.58 72.19 70.82 69.46
171.85 172.13 172.31 172.39 172.38 172.27 172.06 171.75 171.35 170.86 170.28 169.60 168.84 167.96 166.96 165.83 164.58 163.23 161.79 160.28 158.72 157.11 155.46 153.77 152.04 150.26 148.45 146.59 144.70 142.77 140.82 138.86 136.92 135.00 133.10 131.21 129.33 127.47 125.63 123.80 121.99 120.19 118.41 116.64 114.89 113.16 111.44 109.73 108.04 106.36 104.70 103.06 101.42 99.81 98.20 96.61 95.04 93.48 91.93 90.40 88.89 87.38 85.89 84.42 82.95 81.51 80.07 78.65 77.24 75.85 74.47 73.10 71.75
174.24 174.43 174.53 174.53 174.43 174.24 173.95 173.57 173.09 172.52 171.86 171.11 170.27 169.34 168.31 167.16 165.90 164.53 163.09 161.57 160.00 158.38 156.73 155.04 153.30 151.53 149.71 147.85 145.96 144.04 142.12 140.21 138.32 136.45 134.59 132.74 130.91 129.09 127.29 125.50 123.73 121.97 120.22 118.49 116.78 115.08 113.39 111.71 110.05 108.41 106.78 105.16 103.55 101.96 100.38 98.82 97.27 95.73 94.21 92.69 91.20 89.71 88.24 86.78 85.33 83.90 82.48 81.07 79.67 78.29 76.92 75.56 74.21
176.55 176.69 176.72 176.65 176.49 176.24 175.89 175.44 174.91 174.28 173.56 172.75 171.85 170.86 169.78 168.61 167.34 165.96 164.51 162.98 161.40 159.79 158.14 156.44 154.70 152.92 151.11 149.25 147.37 145.48 143.61 141.75 139.90 138.07 136.26 134.46 132.67 130.89 129.13 127.38 125.65 123.93 122.22 120.52 118.84 117.18 115.52 113.88 112.25 110.63 109.03 107.44 105.86 104.30 102.74 101.20 99.67 98.16 96.66 95.16 93.68 92.22 90.76 89.32 87.89 86.47 85.06 83.66 82.27 80.90 79.54 78.19 76.85
178.78 178.86 178.85 178.74 178.53 178.23 177.84 177.35 176.77 176.10 175.33 174.48 173.54 172.51 171.40 170.19 168.90 167.52 166.06 164.53 162.94 161.32 159.67 157.98 156.24 154.46 152.64 150.79 148.94 147.11 145.28 143.47 141.67 139.89 138.12 136.36 134.61 132.88 131.16 129.45 127.75 126.07 124.40 122.74 121.09 119.46 117.84 116.23 114.63 113.04 111.47 109.90 108.35 106.81 105.28 103.77 102.26 100.77 99.28 97.81 96.35 94.90 93.46 92.03 90.62 89.21 87.81 86.43 85.05 83.69 82.33 80.99 79.66
180.89 180.94 180.90 180.76 180.52 180.19 179.77 179.26 178.65 177.95 177.16 176.29 175.32 174.27 173.13 171.91 170.60 169.21 167.74 166.20 164.62 163.00 161.34 159.65 157.91 156.13 154.33 152.51 150.71 148.93 147.15 145.39 143.63 141.89 140.17 138.45 136.75 135.05 133.37 131.71 130.05 128.40 126.77 125.14 123.53 121.93 120.34 118.76 117.19 115.63 114.09 112.55 111.03 109.51 108.01 106.52 105.03 103.56 102.10 100.64 99.20 97.77 96.35 94.93 93.53 92.14 90.75 89.38 88.01 86.66 85.31 83.98 82.65
182.85 182.89 182.83 182.68 182.44 182.10 181.66 181.14 180.52 179.82 179.02 178.14 177.17 176.11 174.97 173.74 172.43 171.04 169.56 168.02 166.43 164.81 163.16 161.47 159.73 157.96 156.19 154.43 152.68 150.94 149.21 147.49 145.79 144.09 142.41 140.74 139.07 137.42 135.78 134.15 132.53 130.92 129.32 127.74 126.16 124.59 123.03 121.48 119.95 118.42 116.90 115.39 113.89 112.40 110.92 109.45 107.99 106.54 105.09 103.66 102.24 100.82 99.41 98.02 96.63 95.25 93.87 92.51 91.16 89.81 88.47 87.14 85.82
184.64 184.68 184.63 184.48 184.24 183.91 183.49 182.97 182.36 181.67 180.88 180.01 179.05 178.00 176.87 175.66 174.36 172.98 171.52 169.98 168.39 166.77 165.12 163.43 161.70 159.97 158.25 156.54 154.84 153.15 151.47 149.80 148.14 146.49 144.85 143.22 141.60 139.99 138.39 136.79 135.21 133.64 132.08 130.52 128.98 127.44 125.92 124.40 122.89 121.39 119.90 118.42 116.95 115.48 114.02 112.58 111.14 109.71 108.28 106.87 105.46 104.06 102.67 101.29 99.91 98.54 97.18 95.83 94.49 93.15 91.82 90.50 89.18
186.23 186.29 186.26 186.14 185.92 185.61 185.21 184.72 184.14 183.47 182.71 181.87 180.94 179.92 178.82 177.64 176.37 175.02 173.59 172.08 170.50 168.88 167.23 165.55 163.86 162.18 160.51 158.85 157.20 155.56 153.93 152.30 150.69 149.08 147.49 145.90 144.32 142.75 141.19 139.64 138.09 136.55 135.03 133.51 132.00 130.49 129.00 127.51 126.03 124.56 123.10 121.64 120.19 118.75 117.32 115.89 114.48 113.07 111.66 110.27 108.88 107.49 106.12 104.75 103.39 102.03 100.68 99.34 98.01 96.68 95.36 94.04 92.73
187.59 187.69 187.70 187.62 187.44 187.17 186.81 186.36 185.83 185.20 184.49 183.69 182.80 181.83 180.78 179.64 178.42 177.13 175.75 174.29 172.75 171.15 169.51 167.86 166.23 164.60 162.98 161.37 159.77 158.17 156.59 155.01 153.44 151.88 150.33 148.78 147.24 145.71 144.19 142.68 141.17 139.67 138.18 136.69 135.21 133.74 132.28 130.82 129.37 127.93 126.49 125.06 123.64 122.22 120.81 119.41 118.01 116.62 115.24 113.86 112.49 111.12 109.76 108.41 107.06 105.72 104.38 103.05 101.72 100.40 99.08 97.77 96.47
188.72 188.88 188.94 188.91 188.79 188.57 188.27 187.88 187.40 186.83 186.18 185.44 184.61 183.70 182.71 181.64 180.48 179.25 177.93 176.54 175.06 173.52 171.94 170.35 168.76 167.19 165.62 164.06 162.51 160.96 159.42 157.89 156.37 154.85 153.34 151.84 150.34 148.85 147.37 145.89 144.42 142.96 141.50 140.05 138.60 137.16 135.73 134.31 132.89 131.47 130.06 128.66 127.26 125.87 124.48 123.10 121.73 120.36 118.99 117.63 116.28 114.93 113.58 112.24 110.91 109.58 108.25 106.93 105.61 104.30 102.99 101.69 100.39
189.71 189.92 190.04 190.07 190.00 189.85 189.60 189.27 188.85 188.34 187.75 187.07 186.31 185.47 184.54 183.53 182.44 181.27 180.02 178.69 177.29 175.84 174.35 172.83 171.30 169.78 168.27 166.76 165.26 163.76 162.27 160.79 159.31 157.84 156.38 154.92 153.47 152.02 150.58 149.14 147.71 146.29 144.87 143.45 142.04 140.64 139.24 137.85 136.46 135.07 133.70 132.32 130.95 129.59 128.22 126.87 125.52 124.17 122.83 121.49 120.15 118.82 117.49 116.17 114.85 113.53 112.22 110.91 109.61 108.31 107.01 105.71 104.42
190.61 190.87 191.04 191.13 191.12 191.02 190.83 190.55 190.19 189.74 189.21 188.59 187.89 187.10 186.24 185.29 184.26 183.15 181.97 180.71 179.40 178.05 176.66 175.24 173.78 172.32 170.86 169.41 167.96 166.52 165.09 163.65 162.23 160.81 159.39 157.98 156.57 155.17 153.77 152.38 150.99 149.61 148.23 146.86 145.49 144.12 142.76 141.40 140.05 138.69 137.35 136.01 134.67 133.33 132.00 130.67 129.34 128.02 126.70 125.39 124.07 122.76 121.46 120.15 118.85 117.56 116.26 114.97 113.68 112.39 111.10 109.82 108.54
191.41 191.73 191.95 192.08 192.12 192.08 191.94 191.72 191.42 191.02 190.55 189.99 189.34 188.62 187.81 186.92 185.96 184.91 183.79 182.62 181.40 180.15 178.87 177.55 176.19 174.80 173.40 172.01 170.62 169.23 167.85 166.48 165.10 163.73 162.37 161.01 159.65 158.30 156.95 155.60 154.26 152.92 151.59 150.25 148.93 147.60 146.28 144.96 143.64 142.33 141.02 139.71 138.40 137.10 135.80 134.50 133.20 131.91 130.62 129.33 128.04 126.76 125.48 124.19 122.91 121.64 120.36 119.09 117.81 116.54 115.27 114.00 112.74
192.12 192.49 192.76 192.94 193.04 193.04 192.96 192.79 192.54 192.20 191.77 191.27 190.68 190.01 189.26 188.43 187.53 186.54 185.50 184.42 183.30 182.14 180.96 179.75 178.49 177.20 175.88 174.54 173.22 171.89 170.57 169.25 167.93 166.62 165.31 164.00 162.70 161.40 160.10 158.80 157.51 156.22 154.93 153.64 152.36 151.07 149.79 148.52 147.24 145.97 144.69 143.42 142.15 140.89 139.62 138.36 137.09 135.83 134.57 133.31 132.05 130.79 129.54 128.28 127.03 125.77 124.52 123.27 122.01 120.76 119.51 118.26 117.01
192.75 193.16 193.48 193.71 193.85 193.91 193.87 193.76 193.55 193.27 192.90 192.44 191.91 191.29 190.60 189.83 188.98 188.07 187.11 186.12 185.09 184.03 182.95 181.83 180.68 179.50 178.28 177.02 175.75 174.49 173.23 171.97 170.71 169.46 168.21 166.96 165.71 164.46 163.22 161.97 160.73 159.49 158.25 157.01 155.78 154.54 153.30 152.07 150.84 149.61 148.38 147.15 145.92 144.69 143.46 142.23 141.00 139.78 138.55 137.32 136.09 134.87 133.64 132.41 131.19 129.96 128.73 127.50 126.27 125.04 123.81 122.58 121.35
193.29 193.75 194.11 194.39 194.58 194.68 194.69 194.62 194.47 194.23 193.91 193.51 193.03 192.46 191.82 191.11 190.33 189.50 188.63 187.72 186.78 185.81 184.82 183.81 182.76 181.68 180.57 179.41 178.22 177.03 175.83 174.64 173.44 172.25 171.06 169.87 168.68 167.49 166.30 165.11 163.92 162.73 161.55 160.36 159.17 157.99 156.80 155.62 154.43 153.24 152.06 150.87 149.68 148.50 147.31 146.12 144.93 143.74 142.55 141.36 140.17 138.97 137.78 136.58 135.39 134.19 132.99 131.79 130.59 129.38 128.18 126.97 125.76
193.76 194.25 194.66 194.98 195.21 195.36 195.42 195.40 195.29 195.10 194.83 194.47 194.04 193.53 192.94 192.29 191.58 190.83 190.04 189.21 188.36 187.49 186.60 185.68 184.73 183.76 182.75 181.70 180.62 179.50 178.37 177.24 176.11 174.98 173.85 172.73 171.60 170.47 169.34 168.21 167.08 165.95 164.82 163.68 162.55 161.42 160.28 159.15 158.01 156.87 155.73 154.59 153.45 152.31 151.17 150.02 148.87 147.72 146.57 145.42 144.26 143.11 141.95 140.79 139.62 138.46 137.29 136.12 134.95 133.77 132.60 131.42 130.23
194.15 194.68 195.13 195.49 195.77 195.96 196.06 196.08 196.02 195.87 195.65 195.34 194.95 194.49 193.96 193.38 192.74 192.07 191.36 190.61 189.85 189.06 188.26 187.44 186.59 185.72 184.81 183.87 182.90 181.88 180.83 179.78 178.72 177.65 176.59 175.53 174.47 173.40 172.33 171.26 170.20 169.12 168.05 166.98 165.90 164.82 163.74 162.66 161.58 160.49 159.40 158.31 157.22 156.12 155.02 153.92 152.82 151.72 150.61 149.50 148.38 147.26 146.14 145.02 143.89 142.76 141.63 140.49 139.35 138.21 137.06 135.91 134.76
