data_output/RCH/Precip_2008_10.asc
ncols        168
nrows        136
xllcorner    455000
yllcorner    2107000
cellsize     500
NODATA_value     -99999
[rows 0 to 34 of 136, columns 79 to 157 of 168]
10.63 10.28 9.99 9.73 9.52 9.36 9.24 9.15 9.11 9.10 9.13 9.19 9.28 9.41 9.57 9.75 9.96 10.20 10.46 10.74 11.05 11.37 11.72 12.07 12.45 12.84 13.24 13.65 14.07 14.50 14.93 15.37 15.81 16.26 16.70 17.16 17.62 18.08 18.55 19.02 19.48 19.94 20.40 20.84 21.27 21.68 22.06 22.42 22.75 23.04 23.31 23.54 23.73 23.89 24.05 24.22 24.38 24.53 24.69 24.84 24.98 25.12 25.25 25.37 25.48 25.58 25.67 25.75 25.81 25.86 25.89 25.90 25.90 25.88 25.83 25.77 25.68 25.57 25.43
11.15 10.76 10.42 10.12 9.87 9.67 9.51 9.39 9.30 9.26 9.26 9.29 9.36 9.46 9.59 9.75 9.94 10.15 10.40 10.66 10.95 11.26 11.59 11.94 12.30 12.68 13.08 13.48 13.90 14.32 14.76 15.20 15.65 16.10 16.56 17.03 17.51 17.99 18.48 18.97 19.45 19.94 20.42 20.89 21.34 21.77 22.18 22.56 22.92 23.24 23.53 23.78 23.99 24.17 24.32 24.46 24.60 24.74 24.88 25.01 25.13 25.25 25.36 25.46 25.55 25.63 25.70 25.76 25.80 25.82 25.83 25.82 25.80 25.75 25.68 25.60 25.49 25.35 25.19
11.72 11.29 10.90 10.56 10.27 10.02 9.82 9.66 9.55 9.47 9.44 9.44 9.47 9.54 9.65 9.78 9.95 10.14 10.36 10.61 10.88 11.18 11.49 11.83 12.18 12.55 12.94 13.34 13.75 14.18 14.61 15.05 15.50 15.97 16.44 16.93 17.42 17.92 18.43 18.94 19.44 19.95 20.45 20.94 21.42 21.88 22.31 22.71 23.09 23.43 23.74 24.02 24.26 24.45 24.61 24.74 24.86 24.98 25.09 25.20 25.30 25.40 25.48 25.56 25.63 25.69 25.73 25.76 25.78 25.78 25.77 25.74 25.68 25.61 25.52 25.41 25.27 25.11 24.93
12.32 11.87 11.44 11.06 10.72 10.43 10.19 9.99 9.84 9.73 9.66 9.62 9.63 9.67 9.75 9.86 10.00 10.17 10.37 10.60 10.85 11.13 11.43 11.75 12.09 12.45 12.83 13.22 13.63 14.05 14.48 14.93 15.39 15.86 16.35 16.85 17.36 17.87 18.40 18.92 19.44 19.97 20.49 21.01 21.51 21.98 22.44 22.86 23.26 23.63 23.96 24.26 24.51 24.73 24.91 25.04 25.15 25.24 25.33 25.41 25.49 25.56 25.62 25.68 25.72 25.75 25.77 25.78 25.77 25.74 25.70 25.64 25.56 25.46 25.35 25.20 25.04 24.85 24.64
12.93 12.47 12.02 11.60 11.22 10.89 10.60 10.36 10.17 10.02 9.92 9.85 9.83 9.84 9.88 9.97 10.08 10.23 10.41 10.61 10.85 11.11 11.39 11.70 12.03 12.38 12.75 13.13 13.53 13.95 14.38 14.83 15.30 15.78 16.28 16.79 17.31 17.84 18.38 18.92 19.46 20.00 20.54 21.08 21.60 22.10 22.57 23.02 23.43 23.82 24.17 24.49 24.77 25.01 25.20 25.35 25.46 25.53 25.59 25.65 25.70 25.75 25.78 25.81 25.82 25.83 25.82 25.79 25.75 25.70 25.63 25.54 25.43 25.30 25.16 24.98 24.79 24.57 24.32
13.56 13.08 12.62 12.18 11.76 11.39 11.06 10.78 10.55 10.37 10.22 10.12 10.06 10.04 10.06 10.11 10.20 10.32 10.48 10.66 10.88 11.12 11.39 11.68 11.99 12.33 12.69 13.06 13.46 13.87 14.30 14.76 15.23 15.73 16.24 16.76 17.29 17.83 18.38 18.93 19.49 20.05 20.61 21.16 21.70 22.22 22.71 23.17 23.61 24.01 24.38 24.72 25.01 25.27 25.48 25.65 25.78 25.85 25.89 25.92 25.94 25.95 25.96 25.95 25.94 25.91 25.87 25.81 25.74 25.66 25.56 25.44 25.30 25.13 24.95 24.75 24.52 24.27 23.99
14.21 13.72 13.24 12.79 12.35 11.94 11.57 11.25 10.98 10.75 10.57 10.43 10.34 10.29 10.27 10.30 10.36 10.46 10.58 10.75 10.94 11.16 11.41 11.69 11.99 12.31 12.65 13.02 13.41 13.82 14.26 14.72 15.20 15.70 16.21 16.74 17.28 17.84 18.40 18.96 19.54 20.11 20.68 21.25 21.81 22.34 22.85 23.33 23.78 24.20 24.59 24.94 25.25 25.52 25.75 25.94 26.08 26.17 26.21 26.21 26.20 26.18 26.15 26.11 26.06 26.00 25.93 25.84 25.74 25.62 25.48 25.33 25.15 24.96 24.74 24.50 24.23 23.95 23.63
14.87 14.37 13.88 13.41 12.96 12.53 12.12 11.76 11.44 11.18 10.96 10.79 10.66 10.57 10.53 10.52 10.55 10.62 10.72 10.86 11.03 11.23 11.46 11.72 12.00 12.31 12.65 13.00 13.39 13.80 14.24 14.70 15.19 15.69 16.21 16.75 17.30 17.86 18.43 19.01 19.59 20.18 20.76 21.35 21.92 22.47 22.99 23.48 23.95 24.39 24.79 25.15 25.48 25.77 26.01 26.21 26.37 26.47 26.52 26.52 26.48 26.43 26.36 26.29 26.21 26.11 26.00 25.88 25.74 25.58 25.41 25.21 25.00 24.77 24.51 24.24 23.93 23.61 23.25
15.55 15.03 14.53 14.05 13.58 13.14 12.71 12.31 11.96 11.65 11.39 11.18 11.01 10.89 10.81 10.78 10.78 10.82 10.90 11.01 11.15 11.33 11.54 11.78 12.05 12.34 12.66 13.01 13.40 13.81 14.25 14.71 15.20 15.71 16.23 16.77 17.33 17.90 18.48 19.06 19.65 20.25 20.85 21.45 22.03 22.59 23.13 23.64 24.12 24.57 24.98 25.36 25.70 26.00 26.26 26.47 26.64 26.75 26.82 26.83 26.79 26.70 26.60 26.49 26.37 26.23 26.08 25.92 25.74 25.55 25.33 25.10 24.85 24.57 24.28 23.96 23.62 23.25 22.86
16.24 15.71 15.19 14.70 14.22 13.76 13.32 12.90 12.51 12.16 11.86 11.61 11.41 11.25 11.14 11.07 11.04 11.05 11.10 11.19 11.31 11.46 11.65 11.87 12.12 12.40 12.71 13.06 13.44 13.85 14.28 14.75 15.23 15.74 16.27 16.82 17.38 17.95 18.53 19.13 19.73 20.34 20.95 21.55 22.15 22.72 23.27 23.79 24.29 24.75 25.17 25.56 25.91 26.22 26.49 26.72 26.89 27.02 27.10 27.12 27.08 26.99 26.86 26.71 26.54 26.37 26.18 25.97 25.75 25.51 25.26 24.98 24.69 24.37 24.04 23.67 23.29 22.88 22.44
16.94 16.40 15.87 15.36 14.87 14.40 13.95 13.51 13.10 12.72 12.38 12.09 11.85 11.65 11.50 11.40 11.34 11.32 11.34 11.39 11.49 11.62 11.79 11.99 12.22 12.49 12.79 13.13 13.51 13.91 14.35 14.81 15.29 15.80 16.33 16.88 17.44 18.02 18.61 19.21 19.81 20.43 21.05 21.67 22.27 22.86 23.41 23.94 24.45 24.92 25.35 25.75 26.11 26.43 26.71 26.94 27.13 27.27 27.35 27.38 27.36 27.27 27.13 26.94 26.74 26.52 26.28 26.03 25.77 25.49 25.19 24.87 24.53 24.17 23.79 23.38 22.95 22.49 22.03
17.65 17.10 16.56 16.04 15.53 15.05 14.58 14.13 13.71 13.31 12.93 12.60 12.32 12.09 11.90 11.76 11.67 11.61 11.60 11.63 11.70 11.81 11.95 12.13 12.35 12.61 12.90 13.24 13.60 14.00 14.43 14.89 15.37 15.88 16.40 16.95 17.52 18.10 18.69 19.29 19.91 20.53 21.15 21.78 22.39 22.99 23.55 24.09 24.60 25.08 25.52 25.93 26.30 26.63 26.92 27.16 27.35 27.49 27.59 27.62 27.61 27.53 27.39 27.19 26.95 26.68 26.40 26.11 25.80 25.47 25.12 24.76 24.37 23.96 23.53 23.07 22.60 22.11 21.65
18.37 17.81 17.26 16.72 16.21 15.71 15.23 14.77 14.33 13.91 13.52 13.15 12.83 12.56 12.34 12.16 12.03 11.95 11.90 11.91 11.95 12.03 12.14 12.31 12.51 12.76 13.05 13.37 13.73 14.12 14.54 14.99 15.47 15.97 16.50 17.04 17.61 18.19 18.78 19.39 20.01 20.63 21.26 21.90 22.52 23.12 23.69 24.24 24.75 25.24 25.69 26.10 26.48 26.81 27.10 27.35 27.55 27.70 27.80 27.84 27.83 27.76 27.63 27.43 27.17 26.87 26.54 26.19 25.83 25.46 25.06 24.64 24.21 23.75 23.27 22.76 22.26 21.77 21.30
19.10 18.53 17.96 17.42 16.89 16.38 15.88 15.41 14.96 14.53 14.12 13.73 13.38 13.07 12.81 12.59 12.43 12.31 12.24 12.21 12.22 12.27 12.37 12.52 12.71 12.95 13.22 13.53 13.88 14.26 14.68 15.12 15.59 16.09 16.61 17.15 17.71 18.29 18.89 19.49 20.11 20.74 21.37 22.01 22.64 23.24 23.82 24.37 24.89 25.38 25.84 26.26 26.64 26.98 27.27 27.52 27.73 27.88 27.98 28.03 28.02 27.96 27.83 27.64 27.38 27.06 26.69 26.29 25.88 25.45 25.00 24.54 24.05 23.53 23.00 22.47 21.95 21.46 20.99
19.84 19.25 18.68 18.12 17.58 17.06 16.55 16.06 15.60 15.15 14.73 14.33 13.96 13.61 13.31 13.06 12.86 12.71 12.60 12.54 12.52 12.55 12.64 12.77 12.94 13.16 13.42 13.72 14.06 14.43 14.83 15.27 15.73 16.22 16.73 17.27 17.83 18.41 19.00 19.60 20.22 20.85 21.49 22.13 22.76 23.37 23.95 24.50 25.03 25.52 25.98 26.40 26.78 27.13 27.43 27.68 27.89 28.04 28.15 28.20 28.19 28.13 28.00 27.81 27.56 27.24 26.85 26.41 25.94 25.46 24.95 24.43 23.89 23.32 22.76 22.21 21.68 21.18 20.71
20.58 19.98 19.40 18.83 18.28 17.74 17.22 16.72 16.25 15.79 15.35 14.94 14.55 14.19 13.85 13.56 13.32 13.13 12.99 12.90 12.86 12.87 12.93 13.05 13.20 13.41 13.65 13.93 14.26 14.62 15.01 15.43 15.89 16.37 16.87 17.40 17.96 18.53 19.12 19.72 20.34 20.97 21.61 22.25 22.88 23.49 24.07 24.63 25.16 25.65 26.11 26.53 26.92 27.26 27.56 27.82 28.02 28.18 28.29 28.34 28.33 28.27 28.14 27.96 27.70 27.38 26.99 26.53 26.01 25.47 24.91 24.33 23.73 23.13 22.55 21.99 21.46 20.95 20.47
21.33 20.72 20.13 19.55 18.98 18.43 17.90 17.39 16.90 16.43 15.98 15.55 15.15 14.77 14.42 14.10 13.82 13.59 13.42 13.30 13.23 13.22 13.27 13.36 13.50 13.68 13.91 14.17 14.48 14.83 15.20 15.62 16.06 16.53 17.03 17.55 18.10 18.66 19.24 19.84 20.46 21.09 21.72 22.36 23.00 23.61 24.19 24.75 25.27 25.77 26.22 26.65 27.03 27.37 27.67 27.93 28.14 28.29 28.40 28.45 28.44 28.38 28.25 28.06 27.81 27.49 27.09 26.63 26.09 25.50 24.88 24.24 23.60 22.98 22.39 21.82 21.28 20.76 20.26
22.08 21.46 20.86 20.26 19.69 19.13 18.59 18.06 17.56 17.08 16.61 16.17 15.76 15.36 15.00 14.66 14.35 14.08 13.88 13.73 13.65 13.61 13.63 13.70 13.82 13.98 14.19 14.44 14.73 15.06 15.42 15.82 16.25 16.71 17.19 17.71 18.24 18.80 19.38 19.97 20.58 21.20 21.84 22.48 23.11 23.72 24.30 24.85 25.38 25.87 26.33 26.75 27.13 27.47 27.77 28.02 28.23 28.38 28.48 28.53 28.52 28.45 28.32 28.13 27.88 27.55 27.16 26.69 26.15 25.53 24.86 24.18 23.52 22.89 22.28 21.70 21.14 20.61 20.10
22.84 22.21 21.59 20.99 20.40 19.83 19.28 18.74 18.22 17.73 17.25 16.80 16.37 15.96 15.58 15.23 14.90 14.61 14.38 14.21 14.09 14.03 14.03 14.07 14.17 14.31 14.50 14.73 15.00 15.31 15.66 16.04 16.45 16.90 17.37 17.87 18.40 18.95 19.52 20.10 20.71 21.32 21.95 22.59 23.22 23.82 24.40 24.95 25.47 25.96 26.41 26.83 27.21 27.55 27.84 28.09 28.29 28.44 28.54 28.58 28.57 28.50 28.36 28.17 27.91 27.58 27.18 26.71 26.16 25.54 24.86 24.17 23.49 22.84 22.22 21.62 21.05 20.50 19.98
23.60 22.95 22.33 21.71 21.11 20.53 19.97 19.42 18.89 18.38 17.90 17.43 16.99 16.57 16.17 15.81 15.47 15.18 14.92 14.72 14.58 14.49 14.46 14.48 14.55 14.66 14.83 15.04 15.29 15.58 15.91 16.27 16.67 17.10 17.56 18.05 18.56 19.10 19.66 20.24 20.83 21.44 22.06 22.70 23.32 23.92 24.49 25.04 25.55 26.04 26.49 26.90 27.27 27.60 27.89 28.13 28.33 28.47 28.57 28.60 28.59 28.51 28.37 28.17 27.90 27.56 27.16 26.68 26.13 25.52 24.88 24.21 23.52 22.85 22.21 21.59 21.00 20.44 19.91
24.35 23.70 23.06 22.44 21.83 21.24 20.66 20.10 19.56 19.04 18.54 18.06 17.61 17.18 16.77 16.40 16.06 15.76 15.49 15.26 15.09 14.97 14.91 14.91 14.95 15.04 15.18 15.37 15.60 15.87 16.18 16.52 16.91 17.32 17.76 18.24 18.74 19.26 19.81 20.37 20.96 21.56 22.17 22.80 23.42 24.01 24.58 25.12 25.62 26.10 26.54 26.95 27.31 27.64 27.92 28.15 28.34 28.48 28.56 28.59 28.57 28.48 28.34 28.13 27.85 27.51 27.09 26.61 26.07 25.50 24.90 24.26 23.59 22.91 22.25 21.62 21.01 20.43 19.88
25.11 24.45 23.80 23.17 22.55 21.94 21.36 20.79 20.23 19.70 19.19 18.70 18.23 17.79 17.38 17.00 16.66 16.35 16.07 15.84 15.64 15.49 15.40 15.36 15.38 15.45 15.56 15.72 15.93 16.18 16.46 16.79 17.15 17.55 17.97 18.43 18.91 19.42 19.95 20.51 21.08 21.67 22.28 22.90 23.50 24.09 24.65 25.18 25.68 26.15 26.58 26.98 27.33 27.65 27.92 28.15 28.33 28.46 28.53 28.55 28.52 28.42 28.27 28.05 27.76 27.41 26.99 26.51 26.01 25.47 24.91 24.31 23.68 23.02 22.35 21.69 21.07 20.47 19.90
25.86 25.19 24.53 23.89 23.26 22.65 22.05 21.47 20.91 20.36 19.84 19.34 18.86 18.41 17.99 17.61 17.26 16.95 16.67 16.42 16.21 16.04 15.92 15.85 15.84 15.88 15.96 16.10 16.28 16.50 16.77 17.07 17.41 17.78 18.19 18.63 19.10 19.59 20.11 20.65 21.21 21.78 22.38 22.99 23.58 24.16 24.71 25.23 25.72 26.18 26.60 26.99 27.33 27.64 27.90 28.12 28.29 28.40 28.47 28.48 28.43 28.32 28.16 27.93 27.63 27.27 26.86 26.41 25.94 25.45 24.92 24.36 23.77 23.15 22.49 21.82 21.17 20.56 19.97
26.61 25.93 25.27 24.61 23.97 23.35 22.74 22.15 21.58 21.02 20.49 19.97 19.49 19.04 18.62 18.23 17.88 17.56 17.27 17.02 16.79 16.61 16.46 16.36 16.32 16.33 16.38 16.49 16.64 16.84 17.08 17.36 17.68 18.03 18.42 18.83 19.28 19.76 20.26 20.78 21.33 21.89 22.47 23.07 23.66 24.22 24.76 25.27 25.75 26.19 26.60 26.98 27.31 27.60 27.85 28.06 28.21 28.32 28.37 28.37 28.31 28.19 28.01 27.77 27.46 27.10 26.72 26.31 25.88 25.42 24.92 24.40 23.85 23.27 22.65 22.00 21.34 20.70 20.09
27.36 26.67 26.00 25.33 24.68 24.05 23.43 22.83 22.24 21.68 21.13 20.62 20.13 19.68 19.25 18.86 18.50 18.17 17.88 17.61 17.38 17.19 17.02 16.90 16.82 16.80 16.83 16.90 17.03 17.20 17.41 17.66 17.95 18.28 18.65 19.04 19.47 19.93 20.41 20.92 21.45 22.00 22.56 23.14 23.72 24.27 24.79 25.29 25.75 26.19 26.58 26.94 27.27 27.54 27.78 27.97 28.11 28.20 28.24 28.22 28.15 28.02 27.82 27.57 27.27 26.94 26.59 26.21 25.81 25.38 24.93 24.44 23.93 23.38 22.80 22.19 21.55 20.89 20.26
28.10 27.40 26.72 26.05 25.39 24.74 24.11 23.50 22.91 22.33 21.79 21.27 20.78 20.32 19.89 19.50 19.13 18.79 18.49 18.22 17.98 17.77 17.59 17.45 17.35 17.29 17.29 17.33 17.43 17.57 17.75 17.98 18.24 18.55 18.89 19.26 19.66 20.10 20.56 21.05 21.56 22.09 22.64 23.21 23.77 24.30 24.81 25.29 25.74 26.16 26.54 26.89 27.20 27.46 27.68 27.85 27.98 28.05 28.08 28.04 27.96 27.81 27.60 27.35 27.07 26.77 26.45 26.11 25.74 25.35 24.93 24.48 24.00 23.49 22.95 22.38 21.77 21.13 20.48
28.83 28.13 27.44 26.75 26.09 25.43 24.79 24.17 23.57 22.99 22.44 21.92 21.43 20.97 20.54 20.13 19.76 19.42 19.10 18.82 18.57 18.35 18.16 18.01 17.89 17.80 17.76 17.78 17.84 17.95 18.10 18.30 18.54 18.81 19.13 19.48 19.86 20.27 20.71 21.18 21.67 22.18 22.72 23.27 23.81 24.33 24.82 25.28 25.72 26.12 26.48 26.81 27.10 27.35 27.55 27.71 27.82 27.87 27.88 27.83 27.72 27.56 27.35 27.12 26.88 26.61 26.32 26.01 25.67 25.31 24.92 24.50 24.06 23.59 23.09 22.55 21.99 21.39 20.76
29.56 28.85 28.15 27.46 26.78 26.12 25.47 24.84 24.23 23.66 23.11 22.58 22.09 21.62 21.18 20.77 20.39 20.04 19.72 19.43 19.16 18.93 18.74 18.57 18.43 18.33 18.26 18.24 18.27 18.34 18.47 18.63 18.84 19.09 19.38 19.70 20.05 20.44 20.86 21.30 21.77 22.26 22.78 23.31 23.83 24.33 24.81 25.25 25.67 26.05 26.40 26.71 26.98 27.21 27.39 27.53 27.62 27.66 27.64 27.57 27.45 27.29 27.10 26.90 26.68 26.44 26.18 25.90 25.59 25.26 24.91 24.53 24.12 23.68 23.22 22.72 22.19 21.63 21.04
30.28 29.56 28.85 28.15 27.46 26.79 26.14 25.51 24.90 24.32 23.77 23.24 22.74 22.27 21.83 21.41 21.02 20.66 20.33 20.03 19.76 19.52 19.30 19.12 18.97 18.85 18.77 18.71 18.71 18.75 18.84 18.97 19.15 19.37 19.63 19.92 20.25 20.61 21.00 21.42 21.87 22.34 22.83 23.34 23.85 24.33 24.78 25.21 25.60 25.97 26.29 26.58 26.83 27.04 27.20 27.32 27.39 27.41 27.37 27.28 27.16 27.02 26.86 26.68 26.49 26.28 26.04 25.79 25.52 25.22 24.89 24.55 24.17 23.77 23.34 22.88 22.39 21.87 21.32
30.98 30.26 29.54 28.83 28.14 27.46 26.80 26.17 25.57 24.99 24.43 23.90 23.40 22.92 22.47 22.05 21.65 21.28 20.94 20.63 20.35 20.09 19.87 19.67 19.51 19.38 19.27 19.20 19.16 19.17 19.22 19.32 19.47 19.65 19.88 20.14 20.44 20.78 21.14 21.53 21.96 22.40 22.87 23.36 23.85 24.31 24.74 25.14 25.52 25.86 26.16 26.43 26.66 26.84 26.98 27.08 27.12 27.12 27.07 26.98 26.87 26.75 26.61 26.46 26.30 26.11 25.91 25.68 25.43 25.17 24.87 24.56 24.22 23.85 23.45 23.03 22.58 22.09 21.58
31.68 30.94 30.22 29.50 28.81 28.13 27.47 26.84 26.23 25.65 25.09 24.56 24.05 23.57 23.11 22.68 22.28 21.90 21.55 21.23 20.93 20.67 20.43 20.22 20.04 19.89 19.77 19.68 19.62 19.59 19.61 19.68 19.79 19.94 20.13 20.36 20.63 20.94 21.27 21.64 22.04 22.46 22.90 23.37 23.83 24.27 24.68 25.06 25.41 25.72 26.00 26.25 26.45 26.61 26.73 26.80 26.83 26.80 26.74 26.67 26.58 26.48 26.37 26.25 26.10 25.94 25.76 25.57 25.35 25.11 24.85 24.56 24.25 23.92 23.56 23.17 22.75 22.31 21.83
32.36 31.62 30.89 30.17 29.47 28.79 28.14 27.51 26.90 26.31 25.75 25.21 24.70 24.21 23.75 23.31 22.90 22.51 22.15 21.82 21.51 21.23 20.98 20.76 20.56 20.40 20.26 20.15 20.07 20.02 20.01 20.04 20.11 20.23 20.39 20.59 20.82 21.10 21.40 21.74 22.11 22.50 22.92 23.36 23.80 24.21 24.59 24.95 25.27 25.57 25.82 26.04 26.22 26.35 26.45 26.49 26.49 26.46 26.42 26.36 26.30 26.22 26.13 26.03 25.91 25.77 25.62 25.45 25.26 25.05 24.82 24.56 24.29 23.98 23.66 23.30 22.92 22.51 22.07
33.03 32.28 31.55 30.83 30.13 29.45 28.80 28.17 27.55 26.97 26.40 25.86 25.34 24.85 24.38 23.93 23.51 23.11 22.74 22.40 22.08 21.79 21.52 21.29 21.08 20.89 20.74 20.61 20.51 20.45 20.41 20.40 20.44 20.52 20.64 20.81 21.01 21.25 21.52 21.83 22.17 22.53 22.93 23.34 23.75 24.13 24.49 24.82 25.12 25.38 25.61 25.80 25.95 26.06 26.13 26.15 26.14 26.12 26.10 26.06 26.02 25.96 25.89 25.81 25.71 25.60 25.48 25.33 25.17 24.98 24.78 24.56 24.31 24.04 23.74 23.42 23.07 22.70 22.29
33.69 32.93 32.20 31.48 30.79 30.11 29.45 28.82 28.21 27.62 27.05 26.50 25.98 25.48 25.00 24.54 24.11 23.71 23.33 22.97 22.64 22.34 22.06 21.80 21.58 21.38 21.21 21.06 20.94 20.86 20.80 20.77 20.77 20.81 20.89 21.02 21.19 21.40 21.64 21.91 22.22 22.55 22.91 23.30 23.68 24.04 24.37 24.67 24.94 25.17 25.37 25.54 25.66 25.74 25.78 25.79 25.79 25.79 25.78 25.77 25.74 25.70 25.65 25.59 25.52 25.43 25.33 25.21 25.07 24.91 24.74 24.54 24.33 24.09 23.82 23.53 23.22 22.88 22.51
34.33 33.58 32.84 32.13 31.43 30.76 30.10 29.47 28.85 28.26 27.68 27.13 26.60 26.09 25.61 25.15 24.71 24.29 23.90 23.53 23.19 22.87 22.58 22.31 22.07 21.85 21.66 21.50 21.36 21.25 21.17 21.12 21.09 21.10 21.15 21.24 21.37 21.53 21.74 21.98 22.25 22.56 22.89 23.24 23.59 23.92 24.22 24.49 24.73 24.94 25.11 25.24 25.33 25.39 25.41 25.44 25.45 25.47 25.47 25.47 25.46 25.44 25.42 25.38 25.32 25.26 25.18 25.08 24.97 24.84 24.69 24.52 24.33 24.12 23.89 23.63 23.35 23.04 22.71
