data_output/RCH/Precip_1988_11.asc
ncols        168
nrows        136
xllcorner    455000
yllcorner    2107000
cellsize     500
NODATA_value     -99999
[rows 72 to 107 of 136, columns 0 to 80 of 168]
13.07 14.04 14.97 15.83 16.63 17.37 18.04 18.65 19.20 19.67 20.08 20.42 20.69 20.88 21.00 21.04 21.00 20.89 20.72 20.54 20.35 20.16 19.95 19.74 19.53 19.30 19.07 18.84 18.60 18.35 18.10 17.85 17.59 17.32 17.05 16.78 16.51 16.23 15.94 15.66 15.37 15.08 14.78 14.48 14.18 13.88 13.57 13.26 12.95 12.64 12.32 12.00 11.68 11.36 11.05 10.74 10.43 10.13 9.82 9.53 9.23 8.95 8.66 8.38 8.11 7.84 7.58 7.33 7.08 6.84 6.60 6.37 6.15 5.94 5.73 5.52 5.32 5.11 4.91 4.71 4.51
12.87 13.81 14.69 15.52 16.29 17.00 17.65 18.23 18.75 19.21 19.60 19.92 20.17 20.36 20.46 20.50 20.46 20.34 20.18 19.99 19.80 19.61 19.40 19.20 18.98 18.76 18.53 18.30 18.06 17.82 17.57 17.32 17.06 16.80 16.54 16.27 16.00 15.73 15.45 15.17 14.89 14.60 14.31 14.02 13.73 13.43 13.13 12.83 12.53 12.22 11.91 11.60 11.29 10.98 10.67 10.36 10.05 9.75 9.46 9.16 8.88 8.59 8.31 8.04 7.77 7.51 7.25 7.00 6.75 6.51 6.28 6.06 5.84 5.63 5.43 5.23 5.03 4.83 4.63 4.44 4.24
12.67 13.57 14.42 15.21 15.95 16.62 17.25 17.81 18.30 18.74 19.11 19.42 19.66 19.83 19.92 19.95 19.91 19.79 19.62 19.44 19.25 19.05 18.85 18.64 18.43 18.21 17.98 17.75 17.52 17.28 17.03 16.79 16.53 16.28 16.02 15.76 15.49 15.22 14.95 14.67 14.40 14.12 13.84 13.55 13.27 12.98 12.69 12.39 12.10 11.80 11.50 11.20 10.89 10.59 10.28 9.98 9.68 9.38 9.09 8.80 8.52 8.24 7.96 7.69 7.43 7.17 6.92 6.67 6.43 6.20 5.97 5.75 5.54 5.33 5.14 4.94 4.75 4.55 4.36 4.17 3.98
12.46 13.32 14.13 14.89 15.60 16.25 16.84 17.37 17.85 18.26 18.62 18.91 19.13 19.29 19.38 19.40 19.35 19.23 19.06 18.88 18.69 18.49 18.29 18.08 17.87 17.65 17.43 17.20 16.97 16.73 16.49 16.25 16.00 15.75 15.49 15.23 14.97 14.71 14.44 14.17 13.90 13.63 13.36 13.08 12.80 12.52 12.23 11.95 11.66 11.37 11.08 10.79 10.49 10.19 9.89 9.59 9.30 9.01 8.72 8.44 8.16 7.88 7.61 7.35 7.09 6.83 6.59 6.34 6.11 5.88 5.66 5.44 5.24 5.04 4.84 4.65 4.46 4.28 4.09 3.91 3.73
12.25 13.07 13.85 14.57 15.24 15.86 16.43 16.94 17.39 17.78 18.12 18.39 18.60 18.75 18.83 18.84 18.79 18.67 18.50 18.31 18.12 17.93 17.73 17.52 17.31 17.09 16.87 16.64 16.41 16.18 15.94 15.70 15.46 15.21 14.96 14.70 14.45 14.19 13.93 13.67 13.40 13.14 12.87 12.60 12.33 12.05 11.78 11.50 11.22 10.94 10.65 10.37 10.08 9.79 9.50 9.21 8.92 8.63 8.35 8.07 7.80 7.53 7.26 7.00 6.75 6.50 6.26 6.02 5.79 5.57 5.35 5.14 4.94 4.74 4.56 4.37 4.19 4.01 3.83 3.65 3.48
12.03 12.82 13.55 14.24 14.88 15.47 16.01 16.50 16.93 17.30 17.61 17.87 18.07 18.20 18.28 18.28 18.22 18.10 17.93 17.74 17.55 17.36 17.16 16.95 16.74 16.52 16.31 16.08 15.85 15.62 15.39 15.15 14.91 14.67 14.42 14.17 13.92 13.67 13.41 13.16 12.90 12.64 12.38 12.11 11.85 11.58 11.31 11.04 10.77 10.50 10.22 9.95 9.67 9.39 9.11 8.83 8.54 8.26 7.98 7.71 7.44 7.18 6.92 6.66 6.41 6.17 5.93 5.70 5.48 5.26 5.05 4.84 4.65 4.46 4.28 4.10 3.92 3.74 3.57 3.40 3.24
11.82 12.56 13.26 13.91 14.52 15.08 15.59 16.05 16.46 16.81 17.11 17.35 17.53 17.66 17.72 17.72 17.65 17.53 17.35 17.17 16.98 16.78 16.58 16.38 16.17 15.96 15.74 15.52 15.29 15.06 14.83 14.60 14.36 14.12 13.88 13.63 13.39 13.14 12.89 12.64 12.39 12.14 11.88 11.62 11.37 11.11 10.85 10.58 10.32 10.06 9.79 9.52 9.25 8.98 8.71 8.44 8.17 7.89 7.62 7.35 7.09 6.83 6.57 6.33 6.08 5.84 5.61 5.39 5.17 4.95 4.75 4.55 4.36 4.17 4.00 3.83 3.65 3.49 3.32 3.16 3.00
11.60 12.30 12.96 13.58 14.16 14.69 15.17 15.60 15.99 16.32 16.60 16.82 16.99 17.10 17.16 17.15 17.08 16.95 16.78 16.59 16.40 16.21 16.01 15.80 15.59 15.38 15.17 14.95 14.72 14.50 14.27 14.04 13.80 13.57 13.33 13.09 12.85 12.61 12.37 12.12 11.88 11.63 11.38 11.13 10.88 10.63 10.38 10.12 9.87 9.61 9.35 9.09 8.84 8.57 8.31 8.05 7.79 7.52 7.26 7.00 6.74 6.48 6.23 5.99 5.75 5.52 5.29 5.07 4.86 4.65 4.45 4.26 4.08 3.90 3.73 3.56 3.40 3.23 3.08 2.92 2.77
11.37 12.04 12.66 13.25 13.79 14.29 14.75 15.15 15.52 15.83 16.09 16.30 16.45 16.55 16.59 16.58 16.51 16.37 16.20 16.01 15.82 15.63 15.43 15.22 15.02 14.81 14.59 14.38 14.15 13.93 13.71 13.48 13.25 13.02 12.78 12.55 12.32 12.08 11.84 11.60 11.36 11.12 10.88 10.64 10.40 10.15 9.91 9.66 9.41 9.16 8.92 8.67 8.42 8.16 7.91 7.66 7.41 7.15 6.90 6.64 6.39 6.14 5.90 5.66 5.43 5.20 4.98 4.77 4.56 4.36 4.17 3.98 3.80 3.63 3.46 3.30 3.15 2.99 2.84 2.69 2.55
11.15 11.77 12.36 12.91 13.42 13.89 14.32 14.70 15.04 15.33 15.57 15.77 15.91 16.00 16.03 16.01 15.93 15.79 15.62 15.43 15.24 15.05 14.85 14.64 14.44 14.23 14.02 13.80 13.58 13.36 13.14 12.92 12.69 12.46 12.24 12.01 11.78 11.55 11.31 11.08 10.85 10.62 10.38 10.14 9.91 9.67 9.43 9.20 8.96 8.72 8.48 8.24 7.99 7.75 7.51 7.27 7.02 6.78 6.54 6.29 6.05 5.81 5.57 5.34 5.11 4.89 4.68 4.47 4.27 4.07 3.89 3.70 3.53 3.37 3.21 3.06 2.90 2.76 2.61 2.48 2.34
10.92 11.51 12.06 12.58 13.06 13.50 13.90 14.25 14.57 14.84 15.06 15.24 15.36 15.44 15.46 15.44 15.35 15.21 15.04 14.85 14.66 14.46 14.27 14.06 13.86 13.65 13.44 13.23 13.01 12.79 12.57 12.35 12.13 11.91 11.69 11.46 11.24 11.01 10.79 10.56 10.33 10.11 9.88 9.65 9.42 9.19 8.96 8.73 8.50 8.27 8.04 7.81 7.57 7.34 7.11 6.87 6.64 6.41 6.17 5.94 5.71 5.47 5.24 5.02 4.80 4.59 4.38 4.18 3.98 3.79 3.61 3.44 3.27 3.11 2.96 2.81 2.67 2.53 2.40 2.27 2.14
10.67 11.23 11.75 12.24 12.69 13.10 13.47 13.80 14.09 14.34 14.55 14.71 14.82 14.88 14.90 14.86 14.77 14.63 14.45 14.27 14.08 13.88 13.68 13.48 13.28 13.07 12.86 12.65 12.44 12.22 12.01 11.79 11.57 11.36 11.14 10.92 10.70 10.48 10.26 10.04 9.82 9.60 9.38 9.16 8.93 8.71 8.49 8.27 8.04 7.82 7.60 7.38 7.15 6.93 6.71 6.48 6.26 6.04 5.81 5.59 5.37 5.15 4.93 4.71 4.49 4.29 4.09 3.89 3.70 3.52 3.35 3.18 3.02 2.87 2.72 2.58 2.45 2.32 2.19 2.07 1.95
10.42 10.95 11.44 11.90 12.32 12.70 13.04 13.35 13.62 13.85 14.03 14.18 14.27 14.33 14.33 14.29 14.20 14.05 13.87 13.69 13.49 13.30 13.10 12.90 12.70 12.49 12.29 12.08 11.87 11.65 11.44 11.23 11.02 10.80 10.59 10.38 10.16 9.95 9.73 9.52 9.31 9.09 8.88 8.66 8.45 8.23 8.02 7.80 7.59 7.38 7.16 6.95 6.73 6.52 6.31 6.09 5.88 5.67 5.46 5.24 5.03 4.82 4.61 4.40 4.20 4.00 3.80 3.61 3.43 3.26 3.09 2.93 2.78 2.63 2.49 2.36 2.23 2.11 1.99 1.88 1.77
10.15 10.65 11.12 11.55 11.94 12.30 12.62 12.90 13.15 13.35 13.52 13.65 13.73 13.77 13.77 13.72 13.62 13.47 13.29 13.10 12.91 12.72 12.52 12.32 12.12 11.92 11.71 11.50 11.29 11.09 10.88 10.67 10.46 10.25 10.04 9.84 9.63 9.42 9.21 9.00 8.79 8.59 8.38 8.17 7.96 7.76 7.55 7.34 7.14 6.93 6.73 6.52 6.32 6.11 5.91 5.71 5.50 5.30 5.10 4.90 4.70 4.50 4.30 4.10 3.90 3.71 3.52 3.34 3.17 3.00 2.84 2.69 2.54 2.41 2.28 2.15 2.03 1.91 1.80 1.70 1.60
9.86 10.34 10.78 11.19 11.56 11.89 12.19 12.45 12.68 12.86 13.01 13.12 13.19 13.22 13.21 13.15 13.05 12.90 12.71 12.53 12.33 12.14 11.94 11.74 11.54 11.34 11.14 10.93 10.73 10.52 10.32 10.11 9.91 9.71 9.50 9.30 9.10 8.89 8.69 8.49 8.29 8.08 7.88 7.68 7.48 7.28 7.09 6.89 6.69 6.49 6.30 6.10 5.90 5.71 5.52 5.32 5.13 4.94 4.75 4.56 4.37 4.18 3.99 3.81 3.62 3.44 3.26 3.08 2.92 2.76 2.60 2.46 2.32 2.19 2.07 1.95 1.84 1.73 1.63 1.54 1.45
9.55 10.01 10.43 10.81 11.17 11.48 11.76 12.00 12.20 12.37 12.50 12.60 12.65 12.67 12.65 12.58 12.47 12.32 12.14 11.95 11.76 11.56 11.37 11.17 10.97 10.77 10.56 10.36 10.16 9.96 9.76 9.56 9.36 9.16 8.96 8.76 8.57 8.37 8.17 7.98 7.78 7.59 7.39 7.20 7.01 6.82 6.62 6.43 6.24 6.06 5.87 5.68 5.50 5.31 5.13 4.94 4.76 4.58 4.40 4.22 4.04 3.87 3.69 3.52 3.34 3.17 3.00 2.83 2.68 2.52 2.38 2.24 2.11 1.99 1.87 1.76 1.66 1.56 1.47 1.38 1.31
9.22 9.66 10.06 10.43 10.76 11.06 11.32 11.54 11.73 11.88 12.00 12.08 12.12 12.12 12.09 12.02 11.91 11.75 11.57 11.38 11.18 10.99 10.79 10.60 10.40 10.20 10.00 9.80 9.60 9.40 9.21 9.01 8.82 8.62 8.43 8.24 8.04 7.85 7.66 7.47 7.28 7.09 6.91 6.72 6.54 6.35 6.17 5.99 5.80 5.62 5.45 5.27 5.09 4.92 4.74 4.57 4.40 4.23 4.06 3.89 3.72 3.56 3.39 3.23 3.07 2.91 2.75 2.60 2.44 2.30 2.16 2.03 1.91 1.80 1.69 1.59 1.49 1.40 1.32 1.24 1.18
8.86 9.28 9.67 10.02 10.34 10.62 10.87 11.08 11.25 11.39 11.49 11.56 11.59 11.58 11.54 11.46 11.34 11.18 11.00 10.81 10.61 10.42 10.22 10.03 9.83 9.63 9.44 9.24 9.05 8.85 8.66 8.47 8.28 8.09 7.90 7.71 7.53 7.34 7.16 6.97 6.79 6.61 6.43 6.25 6.07 5.89 5.72 5.54 5.37 5.20 5.03 4.86 4.69 4.53 4.36 4.20 4.04 3.88 3.72 3.56 3.41 3.25 3.10 2.95 2.80 2.65 2.51 2.37 2.22 2.09 1.96 1.84 1.72 1.62 1.52 1.43 1.34 1.26 1.19 1.12 1.06
8.48 8.88 9.26 9.59 9.90 10.17 10.40 10.60 10.77 10.89 10.99 11.04 11.06 11.04 10.99 10.91 10.78 10.62 10.43 10.24 10.05 9.85 9.66 9.46 9.27 9.07 8.88 8.69 8.50 8.31 8.12 7.93 7.75 7.56 7.38 7.20 7.01 6.83 6.66 6.48 6.30 6.13 5.95 5.78 5.61 5.44 5.27 5.11 4.94 4.78 4.62 4.46 4.30 4.15 3.99 3.84 3.69 3.54 3.39 3.24 3.10 2.96 2.82 2.68 2.54 2.41 2.27 2.14 2.01 1.89 1.77 1.65 1.55 1.45 1.36 1.28 1.20 1.13 1.07 1.01 0.95
8.06 8.46 8.82 9.15 9.44 9.70 9.92 10.11 10.27 10.39 10.47 10.52 10.53 10.51 10.45 10.36 10.23 10.06 9.88 9.68 9.49 9.29 9.10 8.91 8.71 8.52 8.33 8.14 7.96 7.77 7.59 7.40 7.22 7.04 6.86 6.69 6.51 6.34 6.16 5.99 5.82 5.65 5.49 5.32 5.16 5.00 4.84 4.68 4.52 4.37 4.22 4.07 3.92 3.77 3.63 3.48 3.34 3.20 3.07 2.93 2.80 2.67 2.54 2.41 2.29 2.17 2.05 1.93 1.81 1.70 1.59 1.49 1.39 1.30 1.22 1.14 1.07 1.01 0.96 0.91 0.86
7.61 8.00 8.35 8.67 8.96 9.21 9.43 9.61 9.76 9.87 9.95 10.00 10.01 9.98 9.91 9.81 9.68 9.51 9.32 9.13 8.93 8.74 8.55 8.36 8.17 7.98 7.79 7.61 7.42 7.24 7.06 6.88 6.71 6.53 6.36 6.18 6.01 5.84 5.68 5.51 5.35 5.19 5.03 4.87 4.72 4.56 4.41 4.26 4.11 3.97 3.82 3.68 3.54 3.41 3.27 3.14 3.01 2.88 2.75 2.63 2.51 2.39 2.27 2.16 2.04 1.94 1.83 1.72 1.62 1.52 1.42 1.33 1.24 1.16 1.09 1.02 0.97 0.91 0.86 0.81 0.77
7.13 7.51 7.85 8.17 8.45 8.70 8.91 9.09 9.24 9.35 9.42 9.46 9.47 9.44 9.38 9.27 9.14 8.97 8.78 8.58 8.39 8.20 8.01 7.82 7.63 7.44 7.26 7.08 6.90 6.72 6.54 6.37 6.20 6.03 5.86 5.69 5.53 5.36 5.20 5.04 4.89 4.73 4.58 4.43 4.28 4.14 3.99 3.85 3.71 3.57 3.44 3.31 3.18 3.05 2.92 2.80 2.68 2.56 2.45 2.34 2.23 2.12 2.01 1.91 1.81 1.71 1.62 1.53 1.44 1.35 1.27 1.19 1.11 1.04 0.98 0.92 0.87 0.82 0.78 0.73 0.69
6.60 6.98 7.32 7.63 7.91 8.16 8.37 8.55 8.69 8.80 8.88 8.92 8.93 8.90 8.84 8.74 8.60 8.43 8.24 8.04 7.85 7.66 7.47 7.29 7.10 6.92 6.74 6.56 6.38 6.21 6.04 5.87 5.70 5.53 5.37 5.21 5.05 4.89 4.74 4.58 4.43 4.29 4.14 4.00 3.86 3.72 3.58 3.45 3.32 3.19 3.06 2.94 2.82 2.70 2.59 2.48 2.37 2.26 2.15 2.05 1.95 1.86 1.76 1.67 1.59 1.50 1.42 1.34 1.27 1.19 1.12 1.06 0.99 0.93 0.88 0.83 0.79 0.74 0.70 0.66 0.62
6.04 6.42 6.76 7.07 7.35 7.59 7.80 7.98 8.13 8.24 8.32 8.37 8.38 8.35 8.29 8.20 8.06 7.90 7.71 7.52 7.33 7.14 6.95 6.77 6.59 6.41 6.23 6.06 5.88 5.71 5.54 5.38 5.21 5.05 4.90 4.74 4.58 4.43 4.28 4.14 3.99 3.85 3.71 3.58 3.45 3.31 3.19 3.06 2.94 2.82 2.70 2.59 2.48 2.37 2.26 2.16 2.06 1.97 1.87 1.78 1.69 1.61 1.53 1.45 1.37 1.30 1.23 1.17 1.11 1.05 0.99 0.94 0.89 0.84 0.80 0.75 0.71 0.67 0.63 0.60 0.56
5.47 5.84 6.18 6.49 6.77 7.02 7.23 7.41 7.56 7.67 7.75 7.80 7.82 7.80 7.74 7.65 7.53 7.38 7.22 7.04 6.85 6.66 6.48 6.29 6.11 5.94 5.76 5.59 5.42 5.25 5.09 4.92 4.76 4.61 4.45 4.30 4.15 4.01 3.86 3.72 3.59 3.45 3.32 3.19 3.06 2.94 2.82 2.70 2.59 2.47 2.37 2.26 2.16 2.06 1.96 1.87 1.78 1.69 1.61 1.53 1.45 1.38 1.31 1.24 1.18 1.12 1.06 1.01 0.96 0.91 0.87 0.83 0.80 0.76 0.72 0.68 0.64 0.61 0.57 0.54 0.50
4.90 5.27 5.61 5.92 6.19 6.44 6.65 6.84 6.99 7.10 7.19 7.24 7.25 7.24 7.18 7.10 7.00 6.88 6.76 6.60 6.42 6.23 6.05 5.87 5.69 5.51 5.34 5.17 5.00 4.84 4.68 4.52 4.36 4.21 4.06 3.91 3.76 3.62 3.48 3.35 3.21 3.08 2.96 2.83 2.71 2.60 2.48 2.37 2.26 2.16 2.06 1.96 1.87 1.78 1.69 1.60 1.52 1.45 1.37 1.30 1.23 1.17 1.11 1.06 1.00 0.95 0.91 0.87 0.83 0.80 0.76 0.74 0.71 0.68 0.64 0.61 0.57 0.54 0.51 0.47 0.45
4.33 4.70 5.04 5.34 5.62 5.87 6.08 6.26 6.41 6.53 6.62 6.67 6.69 6.67 6.63 6.56 6.49 6.41 6.32 6.20 6.04 5.86 5.68 5.50 5.32 5.14 4.97 4.80 4.64 4.47 4.31 4.15 4.00 3.85 3.70 3.56 3.41 3.28 3.14 3.01 2.88 2.76 2.63 2.52 2.40 2.29 2.18 2.07 1.97 1.88 1.78 1.69 1.60 1.52 1.44 1.36 1.29 1.22 1.16 1.09 1.04 0.98 0.93 0.89 0.84 0.80 0.77 0.74 0.71 0.69 0.67 0.65 0.63 0.60 0.57 0.53 0.50 0.47 0.44 0.41 0.39
3.77 4.13 4.47 4.77 5.05 5.29 5.51 5.69 5.84 5.96 6.04 6.10 6.12 6.11 6.08 6.04 6.00 5.96 5.90 5.81 5.69 5.54 5.36 5.18 5.00 4.82 4.65 4.48 4.31 4.15 3.99 3.84 3.68 3.53 3.39 3.24 3.11 2.97 2.84 2.71 2.58 2.46 2.34 2.23 2.12 2.01 1.91 1.81 1.71 1.62 1.53 1.45 1.37 1.29 1.21 1.15 1.08 1.02 0.96 0.91 0.86 0.81 0.77 0.73 0.70 0.67 0.65 0.62 0.61 0.60 0.58 0.57 0.55 0.52 0.49 0.46 0.43 0.40 0.37 0.35 0.33
3.21 3.57 3.91 4.21 4.48 4.72 4.93 5.12 5.27 5.38 5.47 5.53 5.55 5.55 5.55 5.55 5.54 5.53 5.50 5.45 5.36 5.23 5.08 4.90 4.72 4.55 4.37 4.20 4.04 3.87 3.71 3.56 3.41 3.26 3.11 2.97 2.83 2.70 2.57 2.44 2.32 2.20 2.09 1.98 1.87 1.77 1.67 1.57 1.48 1.39 1.31 1.23 1.15 1.08 1.01 0.95 0.89 0.84 0.78 0.74 0.70 0.66 0.62 0.60 0.57 0.55 0.53 0.52 0.51 0.51 0.50 0.49 0.47 0.44 0.41 0.38 0.36 0.33 0.31 0.29 0.27
2.66 3.02 3.35 3.65 3.92 4.16 4.37 4.55 4.69 4.81 4.90 4.96 4.99 5.03 5.06 5.08 5.10 5.12 5.13 5.10 5.04 4.95 4.82 4.67 4.50 4.32 4.14 3.97 3.80 3.64 3.48 3.32 3.17 3.02 2.88 2.74 2.60 2.47 2.34 2.21 2.09 1.97 1.86 1.75 1.65 1.55 1.45 1.36 1.27 1.19 1.11 1.03 0.96 0.89 0.83 0.77 0.72 0.67 0.63 0.59 0.55 0.52 0.49 0.47 0.45 0.44 0.43 0.43 0.43 0.42 0.42 0.41 0.39 0.37 0.34 0.31 0.29 0.26 0.24 0.22 0.21
2.12 2.47 2.79 3.09 3.36 3.59 3.80 3.98 4.13 4.24 4.33 4.40 4.46 4.52 4.58 4.63 4.69 4.73 4.77 4.77 4.74 4.68 4.58 4.46 4.31 4.13 3.96 3.78 3.61 3.45 3.28 3.13 2.97 2.82 2.68 2.54 2.40 2.27 2.14 2.01 1.89 1.78 1.67 1.56 1.46 1.36 1.26 1.17 1.09 1.01 0.93 0.86 0.79 0.73 0.67 0.62 0.57 0.53 0.49 0.45 0.42 0.40 0.38 0.36 0.35 0.34 0.34 0.34 0.34 0.34 0.34 0.33 0.31 0.29 0.26 0.24 0.22 0.20 0.18 0.16 0.15
1.58 1.93 2.25 2.54 2.80 3.03 3.24 3.41 3.56 3.68 3.77 3.87 3.96 4.05 4.13 4.21 4.29 4.36 4.43 4.46 4.46 4.42 4.36 4.26 4.14 3.98 3.81 3.63 3.46 3.29 3.13 2.97 2.81 2.66 2.52 2.37 2.23 2.10 1.97 1.85 1.73 1.61 1.50 1.39 1.29 1.19 1.10 1.01 0.93 0.85 0.78 0.71 0.64 0.58 0.53 0.48 0.43 0.39 0.36 0.33 0.30 0.28 0.27 0.26 0.25 0.25 0.26 0.26 0.26 0.26 0.25 0.25 0.23 0.21 0.19 0.17 0.15 0.13 0.11 0.10 0.09
1.05 1.39 1.71 1.99 2.25 2.48 2.68 2.85 3.00 3.13 3.25 3.37 3.48 3.59 3.70 3.81 3.91 4.02 4.11 4.16 4.19 4.18 4.15 4.08 3.98 3.85 3.70 3.53 3.35 3.18 3.01 2.85 2.69 2.54 2.39 2.24 2.10 1.97 1.84 1.71 1.59 1.47 1.36 1.25 1.15 1.06 0.96 0.88 0.79 0.72 0.64 0.58 0.51 0.46 0.40 0.36 0.32 0.28 0.25 0.22 0.20 0.18 0.17 0.17 0.17 0.17 0.18 0.18 0.18 0.18 0.18 0.17 0.16 0.14 0.12 0.10 0.08 0.06 0.05 0.04 0.03
0.53 0.87 1.18 1.46 1.71 1.93 2.13 2.30 2.45 2.60 2.75 2.89 3.03 3.16 3.30 3.43 3.56 3.69 3.80 3.89 3.94 3.96 3.95 3.90 3.83 3.73 3.60 3.45 3.28 3.10 2.93 2.76 2.60 2.44 2.29 2.14 2.00 1.86 1.73 1.60 1.48 1.36 1.25 1.14 1.04 0.94 0.85 0.76 0.68 0.60 0.53 0.46 0.40 0.35 0.30 0.25 0.21 0.18 0.15 0.12 0.11 0.09 0.09 0.08 0.09 0.09 0.09 0.10 0.10 0.10 0.10 0.09 0.08 0.07 0.05 0.03 0.01 0.00 0.00 0.00 0.00
0.02 0.35 0.65 0.93 1.17 1.39 1.59 1.77 1.94 2.11 2.27 2.44 2.60 2.76 2.92 3.07 3.23 3.38 3.52 3.63 3.70 3.75 3.76 3.74 3.70 3.62 3.52 3.39 3.23 3.06 2.88 2.71 2.54 2.38 2.22 2.07 1.93 1.79 1.65 1.52 1.39 1.27 1.16 1.05 0.95 0.85 0.75 0.66 0.58 0.50 0.43 0.37 0.31 0.25 0.20 0.16 0.12 0.09 0.06 0.04 0.02 0.01 0.01 0.01 0.01 0.01 0.02 0.02 0.02 0.02 0.02 0.02 0.01 0.00 0.00 0.00 0.00 0.00 0.00 0.00 0.00
0.00 0.00 0.14 0.41 0.65 0.86 1.06 1.26 1.45 1.64 1.83 2.01 2.20 2.38 2.56 2.73 2.91 3.09 3.25 3.38 3.48 3.55 3.59 3.59 3.57 3.52 3.44 3.33 3.20 3.04 2.86 2.69 2.52 2.35 2.19 2.03 1.88 1.74 1.60 1.46 1.33 1.21 1.09 0.98 0.87 0.77 0.68 0.59 0.50 0.43 0.35 0.29 0.22 0.17 0.12 0.08 0.04 0.00 0.00 0.00 0.00 0.00 0.00 0.00 0.00 0.00 0.00 0.00 0.00 0.00 0.00 0.00 0.00 0.00 0.00 0.00 0.00 0.00 0.00 0.00 0.00
