data_output/RCH/Precip_1994_10.asc
ncols        168
nrows        136
xllcorner    455000
yllcorner    2107000
cellsize     500
NODATA_value     -99999
[rows 102 to 135 of 136, columns 77 to 153 of 168]
21.08 20.69 20.34 20.04 19.81 19.63 19.53 19.52 19.59 19.76 20.04 20.43 20.94 21.58 22.37 23.29 24.35 25.48 26.66 27.88 29.15 30.46 31.81 33.19 34.61 36.07 37.55 39.06 40.60 42.16 43.74 45.34 46.95 48.51 49.95 51.26 52.43 53.48 54.41 55.21 55.91 56.49 56.96 57.33 57.60 57.78 57.87 57.87 57.78 57.62 57.38 57.07 56.70 56.26 55.76 55.21 54.60 53.95 53.26 52.53 51.76 50.96 50.13 49.28 48.42 47.53 46.64 45.75 44.87 44.00 43.15 42.33 41.55 40.81 40.11 39.48 38.91
21.93 21.42 20.96 20.55 20.21 19.94 19.76 19.66 19.66 19.76 19.98 20.32 20.79 21.40 22.15 23.05 24.10 25.21 26.37 27.58 28.83 30.13 31.46 32.83 34.24 35.67 37.14 38.64 40.16 41.71 43.28 44.87 46.47 48.08 49.65 51.09 52.39 53.56 54.60 55.52 56.32 57.00 57.57 58.03 58.39 58.64 58.80 58.87 58.85 58.75 58.56 58.30 57.97 57.56 57.10 56.57 55.99 55.35 54.67 53.94 53.17 52.36 51.52 50.65 49.76 48.85 47.93 47.00 46.08 45.17 44.27 43.40 42.56 41.76 41.01 40.31 39.67
22.87 22.24 21.66 21.14 20.70 20.34 20.06 19.88 19.81 19.85 20.01 20.29 20.72 21.28 22.01 22.89 23.91 25.01 26.15 27.35 28.58 29.86 31.18 32.53 33.92 35.35 36.80 38.28 39.79 41.32 42.88 44.45 46.04 47.65 49.26 50.82 52.26 53.55 54.72 55.75 56.66 57.45 58.12 58.67 59.12 59.46 59.70 59.84 59.88 59.84 59.71 59.50 59.21 58.85 58.42 57.92 57.36 56.74 56.07 55.35 54.58 53.78 52.93 52.05 51.14 50.20 49.25 48.30 47.34 46.39 45.45 44.53 43.64 42.78 41.96 41.20 40.49
23.91 23.15 22.45 21.82 21.28 20.82 20.45 20.19 20.04 20.01 20.11 20.34 20.72 21.25 21.94 22.80 23.80 24.88 26.01 27.18 28.40 29.66 30.97 32.30 33.68 35.09 36.53 37.99 39.49 41.00 42.54 44.10 45.68 47.27 48.87 50.48 52.04 53.47 54.75 55.91 56.93 57.83 58.60 59.25 59.79 60.22 60.54 60.76 60.88 60.90 60.83 60.68 60.44 60.12 59.73 59.26 58.73 58.14 57.48 56.77 56.01 55.21 54.35 53.46 52.54 51.58 50.61 49.62 48.63 47.64 46.66 45.70 44.76 43.85 42.98 42.15 41.37
25.03 24.14 23.33 22.59 21.94 21.38 20.93 20.59 20.36 20.26 20.30 20.48 20.81 21.30 21.95 22.78 23.77 24.83 25.94 27.10 28.30 29.54 30.83 32.15 33.51 34.90 36.32 37.77 39.25 40.75 42.27 43.82 45.38 46.95 48.54 50.14 51.74 53.29 54.71 55.99 57.13 58.14 59.02 59.78 60.41 60.93 61.34 61.64 61.83 61.92 61.92 61.82 61.64 61.37 61.02 60.59 60.10 59.53 58.90 58.20 57.45 56.65 55.79 54.89 53.96 52.99 51.99 50.98 49.96 48.94 47.92 46.92 45.93 44.97 44.04 43.16 42.32
26.25 25.24 24.30 23.45 22.70 22.04 21.50 21.07 20.77 20.60 20.57 20.70 20.98 21.43 22.05 22.86 23.82 24.86 25.96 27.09 28.28 29.50 30.77 32.07 33.41 34.78 36.19 37.62 39.08 40.57 42.07 43.60 45.14 46.70 48.28 49.86 51.45 53.05 54.58 55.99 57.26 58.38 59.37 60.24 60.97 61.59 62.09 62.47 62.74 62.91 62.98 62.94 62.82 62.60 62.30 61.91 61.45 60.91 60.31 59.63 58.90 58.10 57.24 56.34 55.39 54.41 53.40 52.37 51.32 50.27 49.22 48.17 47.14 46.14 45.16 44.22 43.32
27.57 26.43 25.37 24.41 23.55 22.79 22.16 21.65 21.27 21.03 20.94 21.01 21.24 21.65 22.24 23.01 23.96 24.98 26.05 27.17 28.33 29.54 30.79 32.07 33.39 34.75 36.13 37.55 38.99 40.46 41.94 43.45 44.98 46.52 48.08 49.65 51.23 52.81 54.39 55.91 57.31 58.55 59.66 60.64 61.48 62.19 62.79 63.26 63.61 63.86 64.00 64.03 63.97 63.81 63.56 63.22 62.80 62.29 61.72 61.07 60.34 59.55 58.70 57.79 56.84 55.85 54.82 53.77 52.70 51.63 50.54 49.46 48.40 47.35 46.32 45.33 44.38
28.99 27.72 26.55 25.47 24.50 23.64 22.92 22.32 21.86 21.55 21.40 21.41 21.59 21.96 22.51 23.26 24.18 25.18 26.23 27.33 28.47 29.66 30.89 32.15 33.45 34.79 36.15 37.55 38.97 40.42 41.89 43.39 44.89 46.42 47.96 49.51 51.07 52.63 54.21 55.77 57.28 58.65 59.88 60.97 61.92 62.74 63.43 64.00 64.44 64.77 64.99 65.09 65.09 64.99 64.80 64.51 64.13 63.67 63.12 62.49 61.78 61.00 60.16 59.25 58.30 57.30 56.26 55.20 54.11 53.01 51.90 50.79 49.69 48.60 47.53 46.49 45.48
30.52 29.12 27.82 26.63 25.55 24.60 23.77 23.09 22.55 22.17 21.95 21.91 22.04 22.36 22.88 23.60 24.50 25.48 26.51 27.58 28.70 29.87 31.07 32.32 33.60 34.91 36.26 37.64 39.04 40.47 41.92 43.39 44.89 46.39 47.91 49.44 50.99 52.53 54.09 55.64 57.19 58.68 60.03 61.24 62.31 63.23 64.03 64.69 65.23 65.64 65.94 66.12 66.19 66.16 66.02 65.78 65.45 65.03 64.52 63.91 63.22 62.45 61.61 60.71 59.76 58.76 57.71 56.64 55.54 54.41 53.28 52.14 51.01 49.88 48.77 47.68 46.63
32.15 30.62 29.20 27.89 26.71 25.65 24.73 23.96 23.35 22.89 22.61 22.51 22.59 22.86 23.34 24.03 24.91 25.87 26.87 27.93 29.03 30.17 31.35 32.57 33.83 35.13 36.45 37.81 39.19 40.60 42.03 43.49 44.96 46.44 47.95 49.46 50.98 52.51 54.04 55.58 57.12 58.65 60.12 61.45 62.63 63.67 64.57 65.33 65.96 66.47 66.85 67.11 67.26 67.29 67.22 67.04 66.76 66.38 65.89 65.31 64.64 63.89 63.06 62.17 61.22 60.22 59.18 58.09 56.98 55.84 54.68 53.52 52.35 51.19 50.05 48.92 47.82
33.90 32.24 30.69 29.27 27.97 26.82 25.80 24.94 24.25 23.72 23.37 23.21 23.24 23.47 23.91 24.57 25.42 26.35 27.33 28.36 29.44 30.56 31.72 32.92 34.16 35.43 36.74 38.07 39.43 40.82 42.23 43.66 45.11 46.58 48.06 49.55 51.06 52.57 54.08 55.60 57.12 58.63 60.14 61.59 62.89 64.04 65.05 65.92 66.66 67.26 67.73 68.07 68.30 68.40 68.40 68.28 68.05 67.70 67.24 66.69 66.04 65.31 64.51 63.63 62.69 61.69 60.64 59.55 58.43 57.27 56.10 54.92 53.73 52.54 51.35 50.19 49.05
35.76 33.97 32.30 30.76 29.35 28.09 26.98 26.03 25.25 24.65 24.23 24.01 23.99 24.17 24.58 25.20 26.03 26.94 27.89 28.90 29.95 31.05 32.19 33.37 34.58 35.83 37.11 38.42 39.76 41.13 42.52 43.93 45.36 46.80 48.26 49.73 51.21 52.70 54.20 55.70 57.20 58.69 60.19 61.67 63.09 64.36 65.49 66.46 67.30 68.00 68.56 69.00 69.30 69.49 69.55 69.49 69.30 68.99 68.57 68.05 67.43 66.72 65.94 65.07 64.14 63.15 62.10 61.01 59.88 58.72 57.54 56.33 55.12 53.90 52.69 51.49 50.31
37.74 35.82 34.02 32.36 30.84 29.48 28.27 27.24 26.37 25.70 25.21 24.92 24.85 24.99 25.35 25.95 26.74 27.63 28.56 29.54 30.57 31.64 32.75 33.91 35.10 36.32 37.58 38.87 40.19 41.53 42.89 44.28 45.69 47.11 48.55 50.00 51.46 52.93 54.40 55.88 57.36 58.84 60.31 61.78 63.23 64.62 65.86 66.95 67.90 68.70 69.36 69.88 70.28 70.54 70.66 70.65 70.51 70.25 69.87 69.38 68.79 68.11 67.35 66.50 65.59 64.60 63.57 62.48 61.34 60.18 58.98 57.76 56.53 55.29 54.05 52.82 51.60
39.85 37.79 35.86 34.08 32.45 30.98 29.68 28.55 27.61 26.85 26.30 25.95 25.82 25.91 26.23 26.80 27.57 28.42 29.33 30.28 31.29 32.33 33.42 34.55 35.72 36.92 38.15 39.41 40.71 42.03 43.37 44.73 46.12 47.52 48.93 50.36 51.80 53.24 54.70 56.15 57.61 59.06 60.52 61.96 63.40 64.83 66.18 67.39 68.44 69.35 70.11 70.74 71.22 71.55 71.73 71.77 71.68 71.46 71.13 70.68 70.13 69.48 68.74 67.92 67.02 66.05 65.02 63.94 62.80 61.63 60.43 59.20 57.95 56.69 55.43 54.16 52.91
42.07 39.88 37.83 35.93 34.19 32.61 31.21 29.99 28.96 28.13 27.50 27.09 26.90 26.95 27.23 27.76 28.50 29.33 30.21 31.14 32.11 33.13 34.20 35.30 36.44 37.61 38.82 40.06 41.33 42.62 43.94 45.28 46.64 48.02 49.41 50.81 52.23 53.65 55.08 56.51 57.95 59.38 60.81 62.24 63.65 65.06 66.45 67.77 68.94 69.96 70.83 71.54 72.10 72.50 72.74 72.85 72.81 72.64 72.35 71.95 71.43 70.82 70.11 69.31 68.43 67.48 66.46 65.39 64.26 63.09 61.88 60.64 59.38 58.10 56.82 55.53 54.25
44.43 42.10 39.92 37.90 36.04 34.36 32.86 31.55 30.43 29.52 28.83 28.35 28.11 28.10 28.34 28.83 29.55 30.35 31.20 32.10 33.05 34.04 35.08 36.15 37.27 38.42 39.60 40.81 42.05 43.32 44.62 45.93 47.26 48.62 49.98 51.36 52.76 54.15 55.56 56.97 58.38 59.79 61.20 62.60 63.99 65.38 66.75 68.11 69.39 70.52 71.49 72.29 72.92 73.39 73.71 73.87 73.89 73.78 73.54 73.18 72.70 72.12 71.45 70.68 69.82 68.89 67.89 66.83 65.71 64.54 63.33 62.09 60.82 59.53 58.22 56.92 55.61
46.91 44.45 42.14 40.00 38.03 36.24 34.63 33.23 32.03 31.04 30.27 29.73 29.43 29.37 29.57 30.03 30.71 31.48 32.31 33.18 34.10 35.07 36.07 37.12 38.21 39.33 40.48 41.67 42.89 44.13 45.40 46.68 47.99 49.32 50.66 52.02 53.38 54.76 56.14 57.52 58.91 60.30 61.68 63.06 64.43 65.79 67.14 68.48 69.79 71.02 72.09 72.97 73.68 74.23 74.61 74.84 74.92 74.86 74.68 74.36 73.93 73.40 72.75 72.02 71.19 70.28 69.30 68.25 67.14 65.98 64.77 63.53 62.25 60.95 59.64 58.31 56.98
49.54 46.93 44.50 42.23 40.14 38.24 36.54 35.04 33.75 32.68 31.84 31.24 30.88 30.77 30.92 31.34 32.00 32.74 33.53 34.38 35.27 36.20 37.18 38.20 39.26 40.35 41.48 42.64 43.83 45.04 46.28 47.55 48.83 50.13 51.44 52.77 54.11 55.46 56.82 58.18 59.54 60.90 62.26 63.61 64.96 66.30 67.62 68.94 70.23 71.47 72.61 73.58 74.37 74.99 75.45 75.74 75.89 75.90 75.76 75.50 75.12 74.63 74.02 73.32 72.53 71.65 70.69 69.66 68.56 67.41 66.21 64.97 63.69 62.38 61.05 59.71 58.36
52.29 49.55 46.99 44.60 42.39 40.38 38.58 36.98 35.61 34.46 33.55 32.87 32.46 32.30 32.40 32.79 33.41 34.12 34.88 35.70 36.56 37.46 38.41 39.40 40.43 41.50 42.60 43.73 44.89 46.07 47.28 48.52 49.77 51.05 52.33 53.64 54.95 56.27 57.60 58.93 60.27 61.61 62.94 64.27 65.59 66.90 68.20 69.49 70.73 71.93 73.07 74.12 74.99 75.69 76.22 76.59 76.80 76.87 76.80 76.60 76.27 75.82 75.26 74.59 73.83 72.98 72.05 71.04 69.96 68.82 67.63 66.39 65.12 63.81 62.47 61.12 59.75
55.19 52.32 49.62 47.10 44.78 42.66 40.75 39.06 37.60 36.37 35.38 34.64 34.16 33.95 34.01 34.35 34.94 35.62 36.36 37.14 37.97 38.84 39.76 40.72 41.72 42.76 43.83 44.93 46.06 47.22 48.40 49.60 50.83 52.08 53.34 54.61 55.90 57.19 58.49 59.80 61.11 62.42 63.72 65.03 66.32 67.61 68.88 70.11 71.30 72.44 73.53 74.58 75.53 76.31 76.92 77.37 77.65 77.79 77.78 77.63 77.36 76.96 76.45 75.82 75.10 74.28 73.38 72.39 71.34 70.22 69.04 67.81 66.53 65.22 63.88 62.52 61.15
58.24 55.22 52.39 49.75 47.31 45.08 43.07 41.28 39.72 38.41 37.35 36.54 36.00 35.73 35.75 36.05 36.61 37.26 37.96 38.71 39.51 40.35 41.24 42.17 43.14 44.14 45.18 46.25 47.35 48.48 49.63 50.81 52.01 53.22 54.45 55.70 56.96 58.22 59.50 60.77 62.06 63.34 64.62 65.89 67.16 68.42 69.63 70.80 71.93 73.01 74.05 75.05 76.00 76.86 77.55 78.08 78.44 78.64 78.70 78.61 78.40 78.05 77.59 77.01 76.33 75.55 74.67 73.72 72.69 71.59 70.42 69.20 67.94 66.63 65.29 63.92 62.54
61.43 58.27 55.30 52.54 49.98 47.64 45.52 43.64 41.99 40.59 39.46 38.58 37.98 37.66 37.62 37.89 38.41 39.02 39.69 40.41 41.18 41.99 42.84 43.74 44.68 45.65 46.66 47.70 48.77 49.86 50.99 52.13 53.30 54.48 55.69 56.90 58.13 59.37 60.61 61.86 63.12 64.37 65.62 66.87 68.10 69.30 70.45 71.56 72.63 73.65 74.64 75.58 76.48 77.34 78.11 78.71 79.15 79.43 79.55 79.53 79.38 79.09 78.68 78.15 77.51 76.77 75.93 75.01 74.01 72.93 71.78 70.58 69.33 68.02 66.69 65.32 63.93
64.77 61.47 58.37 55.48 52.80 50.34 48.12 46.14 44.40 42.92 41.70 40.76 40.10 39.72 39.64 39.86 40.34 40.93 41.56 42.25 42.98 43.76 44.58 45.44 46.35 47.29 48.26 49.27 50.31 51.37 52.47 53.58 54.72 55.87 57.04 58.23 59.43 60.63 61.85 63.07 64.29 65.52 66.74 67.95 69.13 70.26 71.35 72.39 73.40 74.36 75.28 76.17 77.01 77.82 78.59 79.27 79.79 80.14 80.34 80.39 80.30 80.07 79.71 79.24 78.64 77.95 77.15 76.26 75.29 74.24 73.12 71.93 70.69 69.40 68.07 66.70 65.31
68.27 64.82 61.59 58.57 55.77 53.20 50.87 48.79 46.96 45.39 44.10 43.08 42.36 41.92 41.79 41.97 42.42 42.97 43.57 44.22 44.92 45.66 46.45 47.28 48.15 49.06 50.00 50.98 51.98 53.01 54.07 55.16 56.26 57.38 58.52 59.68 60.84 62.02 63.21 64.40 65.59 66.78 67.97 69.12 70.22 71.29 72.31 73.29 74.23 75.13 75.99 76.82 77.61 78.36 79.08 79.75 80.34 80.78 81.05 81.18 81.15 80.99 80.69 80.27 79.73 79.08 78.32 77.47 76.53 75.51 74.42 73.25 72.03 70.75 69.43 68.07 66.67
71.92 68.33 64.96 61.81 58.89 56.21 53.77 51.59 49.67 48.02 46.64 45.56 44.76 44.27 44.09 44.23 44.64 45.15 45.72 46.33 47.00 47.71 48.46 49.26 50.09 50.96 51.87 52.81 53.79 54.78 55.81 56.86 57.93 59.02 60.13 61.25 62.39 63.53 64.69 65.84 67.01 68.16 69.28 70.36 71.40 72.39 73.34 74.26 75.13 75.97 76.77 77.53 78.26 78.95 79.61 80.24 80.83 81.34 81.69 81.89 81.94 81.84 81.60 81.24 80.75 80.15 79.45 78.64 77.74 76.75 75.68 74.54 73.34 72.08 70.77 69.41 68.02
75.73 72.00 68.49 65.21 62.17 59.37 56.83 54.54 52.53 50.79 49.34 48.18 47.32 46.77 46.54 46.64 47.01 47.48 48.01 48.59 49.22 49.89 50.61 51.37 52.17 53.01 53.88 54.79 55.73 56.69 57.68 58.70 59.74 60.79 61.87 62.96 64.06 65.17 66.29 67.42 68.54 69.63 70.68 71.68 72.64 73.57 74.45 75.29 76.10 76.87 77.61 78.31 78.98 79.61 80.21 80.78 81.32 81.83 82.25 82.53 82.65 82.62 82.45 82.15 81.72 81.17 80.52 79.75 78.89 77.94 76.91 75.80 74.62 73.38 72.08 70.74 69.36
79.71 75.84 72.19 68.78 65.61 62.70 60.04 57.66 55.55 53.72 52.19 50.96 50.03 49.42 49.14 49.19 49.52 49.96 50.45 50.99 51.58 52.22 52.90 53.63 54.39 55.19 56.03 56.90 57.81 58.74 59.69 60.67 61.68 62.70 63.74 64.80 65.87 66.94 68.03 69.12 70.17 71.18 72.15 73.08 73.97 74.81 75.63 76.40 77.14 77.84 78.51 79.15 79.75 80.33 80.87 81.38 81.86 82.32 82.74 83.09 83.28 83.33 83.23 82.99 82.63 82.14 81.53 80.81 80.00 79.09 78.09 77.01 75.86 74.64 73.36 72.04 70.66
83.85 79.83 76.05 72.51 69.22 66.18 63.42 60.93 58.72 56.81 55.20 53.89 52.90 52.23 51.90 51.90 52.19 52.59 53.04 53.55 54.10 54.70 55.35 56.03 56.76 57.53 58.33 59.16 60.03 60.92 61.84 62.79 63.76 64.75 65.75 66.77 67.81 68.85 69.89 70.91 71.88 72.81 73.70 74.55 75.36 76.14 76.88 77.58 78.25 78.88 79.48 80.05 80.59 81.10 81.58 82.03 82.46 82.86 83.23 83.57 83.84 83.96 83.93 83.77 83.46 83.03 82.48 81.82 81.05 80.18 79.22 78.18 77.06 75.87 74.61 73.30 71.94
88.17 84.00 80.08 76.40 72.99 69.84 66.96 64.37 62.07 60.06 58.37 56.98 55.93 55.20 54.81 54.77 55.02 55.38 55.79 56.26 56.77 57.33 57.94 58.59 59.28 60.01 60.77 61.57 62.40 63.25 64.14 65.05 65.98 66.93 67.90 68.89 69.89 70.88 71.85 72.78 73.67 74.52 75.33 76.10 76.84 77.54 78.20 78.83 79.43 79.99 80.52 81.02 81.50 81.94 82.36 82.75 83.11 83.45 83.76 84.06 84.32 84.51 84.56 84.46 84.23 83.86 83.37 82.76 82.04 81.22 80.30 79.30 78.21 77.05 75.82 74.53 73.19
92.66 88.34 84.28 80.47 76.93 73.66 70.67 67.97 65.57 63.48 61.70 60.24 59.11 58.33 57.88 57.79 58.00 58.32 58.70 59.12 59.60 60.12 60.69 61.30 61.95 62.64 63.36 64.12 64.91 65.73 66.58 67.45 68.35 69.26 70.20 71.14 72.10 73.02 73.90 74.74 75.55 76.31 77.04 77.73 78.39 79.01 79.60 80.15 80.67 81.17 81.63 82.06 82.47 82.84 83.19 83.52 83.82 84.10 84.35 84.59 84.80 84.99 85.11 85.08 84.92 84.62 84.19 83.64 82.98 82.20 81.33 80.37 79.32 78.19 76.99 75.73 74.41
97.32 92.86 88.65 84.71 81.04 77.65 74.55 71.75 69.25 67.07 65.20 63.67 62.47 61.62 61.12 60.98 61.15 61.43 61.76 62.15 62.58 63.06 63.59 64.16 64.77 65.42 66.11 66.83 67.58 68.36 69.17 70.01 70.86 71.74 72.64 73.54 74.41 75.24 76.04 76.79 77.51 78.19 78.83 79.44 80.02 80.56 81.07 81.54 81.99 82.41 82.80 83.16 83.50 83.81 84.09 84.35 84.59 84.80 85.00 85.17 85.33 85.46 85.58 85.62 85.53 85.30 84.94 84.45 83.84 83.12 82.30 81.38 80.37 79.28 78.12 76.88 75.58
102.16 97.55 93.20 89.12 85.33 81.82 78.61 75.70 73.10 70.82 68.87 67.26 66.00 65.08 64.53 64.34 64.47 64.70 64.99 65.34 65.73 66.17 66.66 67.19 67.76 68.37 69.01 69.69 70.41 71.15 71.92 72.71 73.53 74.37 75.22 76.04 76.82 77.56 78.26 78.92 79.55 80.15 80.70 81.23 81.72 82.18 82.61 83.01 83.38 83.72 84.04 84.33 84.59 84.83 85.05 85.24 85.41 85.57 85.70 85.81 85.91 85.98 86.05 86.09 86.06 85.90 85.61 85.19 84.64 83.98 83.21 82.34 81.37 80.32 79.19 77.99 76.72
107.19 102.43 97.93 93.72 89.80 86.17 82.84 79.82 77.13 74.76 72.72 71.03 69.69 68.71 68.10 67.87 67.95 68.14 68.39 68.69 69.04 69.44 69.89 70.37 70.90 71.47 72.08 72.72 73.39 74.09 74.82 75.58 76.36 77.14 77.91 78.63 79.31 79.96 80.57 81.14 81.68 82.19 82.66 83.10 83.51 83.88 84.23 84.55 84.84 85.11 85.35 85.56 85.76 85.92 86.07 86.19 86.30 86.39 86.45 86.50 86.54 86.55 86.56 86.55 86.52 86.42 86.20 85.85 85.37 84.76 84.05 83.23 82.31 81.30 80.21 79.04 77.81
112.40 107.49 102.85 98.50 94.45 90.69 87.25 84.13 81.33 78.87 76.75 74.98 73.57 72.52 71.85 71.57 71.60 71.75 71.96 72.22 72.52 72.88 73.28 73.73 74.22 74.74 75.31 75.91 76.54 77.20 77.89 78.60 79.33 80.03 80.69 81.31 81.90 82.45 82.97 83.45 83.90 84.31 84.69 85.05 85.37 85.66 85.93 86.17 86.38 86.56 86.73 86.87 86.98 87.08 87.15 87.21 87.24 87.26 87.26 87.25 87.22 87.17 87.12 87.05 86.97 86.87 86.71 86.43 86.01 85.48 84.82 84.06 83.19 82.23 81.18 80.05 78.84
