data_output/RCH/Precip_1996_01.asc
ncols        168
nrows        136
xllcorner    455000
yllcorner    2107000
cellsize     500
NODATA_value     -99999
[rows 76 to 113 of 136, columns 0 to 83 of 168]
7.62 7.59 7.53 7.44 7.31 7.15 6.95 6.71 6.47 6.22 5.97 5.72 5.47 5.22 4.98 4.74 4.51 4.28 4.07 3.86 3.67 3.49 3.32 3.15 2.98 2.80 2.63 2.45 2.27 2.10 1.92 1.75 1.58 1.41 1.24 1.08 0.92 0.77 0.64 0.52 0.41 0.32 0.24 0.18 0.13 0.09 0.06 0.04 0.03 0.04 0.05 0.07 0.10 0.14 0.19 0.24 0.30 0.37 0.44 0.52 0.61 0.69 0.78 0.88 0.98 1.08 1.18 1.28 1.39 1.49 1.59 1.69 1.78 1.86 1.94 2.01 2.07 2.12 2.16 2.18 2.20 2.19 2.18 2.17
7.91 7.90 7.86 7.78 7.67 7.53 7.35 7.13 6.89 6.63 6.37 6.10 5.84 5.59 5.33 5.09 4.84 4.61 4.39 4.18 3.98 3.79 3.61 3.43 3.26 3.07 2.89 2.71 2.53 2.34 2.16 1.98 1.80 1.63 1.46 1.29 1.13 0.98 0.85 0.74 0.64 0.55 0.47 0.41 0.36 0.32 0.30 0.28 0.27 0.28 0.29 0.31 0.34 0.38 0.42 0.48 0.54 0.60 0.67 0.74 0.82 0.91 0.99 1.08 1.17 1.27 1.36 1.46 1.56 1.66 1.75 1.84 1.92 2.00 2.07 2.14 2.19 2.23 2.26 2.28 2.29 2.28 2.26 2.24
8.19 8.20 8.17 8.11 8.02 7.90 7.74 7.54 7.31 7.05 6.78 6.51 6.24 5.97 5.71 5.45 5.20 4.96 4.73 4.51 4.30 4.10 3.92 3.73 3.55 3.36 3.17 2.98 2.79 2.60 2.41 2.22 2.04 1.86 1.68 1.51 1.35 1.21 1.09 0.98 0.88 0.79 0.72 0.66 0.61 0.58 0.55 0.54 0.53 0.53 0.55 0.57 0.59 0.63 0.67 0.72 0.78 0.84 0.90 0.97 1.05 1.13 1.21 1.29 1.38 1.47 1.56 1.65 1.74 1.82 1.91 2.00 2.07 2.15 2.21 2.27 2.31 2.35 2.37 2.39 2.38 2.37 2.34 2.32
8.46 8.48 8.46 8.42 8.35 8.25 8.11 7.94 7.73 7.49 7.22 6.94 6.65 6.38 6.10 5.84 5.57 5.32 5.08 4.85 4.64 4.43 4.24 4.05 3.85 3.66 3.46 3.26 3.06 2.87 2.67 2.48 2.28 2.09 1.91 1.75 1.60 1.46 1.34 1.23 1.14 1.06 0.99 0.93 0.88 0.85 0.82 0.81 0.80 0.80 0.81 0.83 0.86 0.89 0.93 0.98 1.03 1.09 1.15 1.22 1.29 1.36 1.44 1.51 1.59 1.67 1.76 1.84 1.92 2.00 2.08 2.16 2.23 2.29 2.35 2.40 2.44 2.47 2.49 2.49 2.48 2.46 2.42 2.39
8.70 8.73 8.74 8.72 8.66 8.58 8.47 8.32 8.14 7.92 7.66 7.38 7.09 6.80 6.51 6.24 5.97 5.70 5.45 5.21 4.99 4.78 4.58 4.38 4.17 3.97 3.76 3.56 3.35 3.15 2.94 2.74 2.54 2.35 2.17 2.01 1.87 1.73 1.62 1.51 1.42 1.34 1.27 1.22 1.17 1.13 1.11 1.09 1.09 1.09 1.10 1.12 1.14 1.17 1.21 1.25 1.30 1.35 1.41 1.47 1.54 1.60 1.67 1.74 1.82 1.89 1.96 2.04 2.11 2.18 2.25 2.32 2.39 2.45 2.50 2.54 2.57 2.59 2.60 2.60 2.58 2.54 2.50 2.46
8.92 8.97 8.99 8.99 8.96 8.89 8.80 8.67 8.52 8.32 8.10 7.83 7.54 7.24 6.94 6.65 6.37 6.10 5.84 5.59 5.36 5.14 4.93 4.72 4.50 4.29 4.08 3.86 3.65 3.43 3.22 3.01 2.81 2.62 2.45 2.30 2.15 2.02 1.91 1.81 1.72 1.64 1.57 1.52 1.47 1.44 1.41 1.40 1.39 1.39 1.40 1.41 1.44 1.46 1.50 1.54 1.58 1.63 1.68 1.74 1.80 1.86 1.92 1.98 2.05 2.12 2.18 2.25 2.31 2.37 2.43 2.49 2.55 2.60 2.64 2.68 2.70 2.71 2.71 2.70 2.68 2.63 2.58 2.53
9.11 9.18 9.22 9.23 9.22 9.18 9.11 9.01 8.87 8.71 8.51 8.27 8.00 7.70 7.39 7.09 6.80 6.52 6.24 5.99 5.74 5.51 5.29 5.07 4.85 4.63 4.40 4.18 3.96 3.73 3.51 3.30 3.10 2.92 2.75 2.60 2.46 2.34 2.23 2.13 2.04 1.96 1.90 1.84 1.80 1.76 1.74 1.72 1.71 1.71 1.71 1.73 1.75 1.77 1.80 1.84 1.88 1.92 1.97 2.02 2.07 2.12 2.18 2.24 2.29 2.35 2.41 2.46 2.52 2.57 2.62 2.67 2.72 2.76 2.79 2.82 2.83 2.84 2.83 2.81 2.77 2.72 2.66 2.60
9.28 9.36 9.42 9.45 9.46 9.44 9.39 9.31 9.20 9.06 8.89 8.68 8.44 8.16 7.85 7.54 7.24 6.95 6.66 6.39 6.14 5.90 5.67 5.44 5.21 4.98 4.74 4.51 4.28 4.04 3.82 3.61 3.42 3.24 3.08 2.93 2.79 2.67 2.56 2.46 2.38 2.30 2.24 2.18 2.14 2.10 2.08 2.06 2.05 2.04 2.05 2.06 2.07 2.09 2.12 2.15 2.18 2.22 2.26 2.31 2.35 2.40 2.45 2.50 2.55 2.60 2.64 2.69 2.74 2.78 2.82 2.86 2.89 2.92 2.94 2.96 2.97 2.97 2.95 2.92 2.87 2.81 2.74 2.68
9.42 9.52 9.59 9.64 9.67 9.67 9.65 9.59 9.51 9.39 9.25 9.07 8.85 8.61 8.32 8.01 7.70 7.39 7.10 6.82 6.55 6.30 6.06 5.82 5.58 5.34 5.09 4.85 4.61 4.37 4.15 3.95 3.76 3.59 3.43 3.28 3.15 3.03 2.92 2.82 2.74 2.66 2.60 2.55 2.50 2.46 2.44 2.41 2.40 2.40 2.40 2.40 2.41 2.43 2.45 2.48 2.51 2.54 2.57 2.61 2.65 2.69 2.73 2.77 2.81 2.85 2.89 2.93 2.96 3.00 3.03 3.05 3.07 3.09 3.10 3.11 3.11 3.09 3.07 3.03 2.98 2.91 2.82 2.75
9.52 9.64 9.73 9.80 9.85 9.87 9.87 9.84 9.78 9.69 9.57 9.42 9.24 9.02 8.77 8.48 8.17 7.85 7.55 7.25 6.98 6.71 6.46 6.21 5.96 5.71 5.45 5.20 4.96 4.73 4.51 4.31 4.13 3.96 3.80 3.66 3.53 3.41 3.30 3.21 3.12 3.05 2.98 2.93 2.88 2.84 2.81 2.79 2.77 2.77 2.76 2.77 2.77 2.79 2.80 2.82 2.85 2.87 2.90 2.93 2.96 2.99 3.03 3.06 3.09 3.12 3.15 3.18 3.20 3.22 3.24 3.25 3.26 3.27 3.27 3.26 3.25 3.23 3.19 3.14 3.08 3.00 2.91 2.82
9.59 9.72 9.83 9.92 9.99 10.04 10.06 10.05 10.02 9.96 9.87 9.74 9.59 9.41 9.19 8.93 8.65 8.33 8.01 7.71 7.42 7.14 6.88 6.62 6.36 6.09 5.83 5.57 5.33 5.11 4.90 4.70 4.52 4.35 4.20 4.06 3.93 3.81 3.70 3.61 3.52 3.45 3.39 3.33 3.28 3.24 3.21 3.18 3.17 3.15 3.15 3.14 3.15 3.16 3.17 3.18 3.20 3.22 3.24 3.26 3.28 3.31 3.33 3.36 3.38 3.40 3.42 3.43 3.45 3.46 3.46 3.47 3.46 3.45 3.44 3.42 3.39 3.36 3.31 3.25 3.18 3.09 2.99 2.89
9.62 9.77 9.90 10.01 10.10 10.17 10.21 10.23 10.22 10.19 10.12 10.03 9.91 9.76 9.57 9.35 9.10 8.81 8.49 8.17 7.87 7.59 7.31 7.04 6.76 6.49 6.22 5.97 5.73 5.51 5.31 5.11 4.94 4.77 4.62 4.48 4.35 4.24 4.13 4.04 3.95 3.88 3.81 3.75 3.70 3.66 3.63 3.60 3.58 3.56 3.55 3.54 3.54 3.54 3.55 3.56 3.57 3.58 3.59 3.61 3.62 3.64 3.65 3.67 3.68 3.69 3.70 3.70 3.70 3.70 3.70 3.69 3.67 3.65 3.62 3.59 3.54 3.50 3.44 3.37 3.28 3.18 3.07 2.96
9.60 9.77 9.93 10.06 10.17 10.26 10.32 10.37 10.39 10.38 10.34 10.28 10.19 10.07 9.92 9.73 9.51 9.26 8.97 8.65 8.34 8.04 7.76 7.47 7.18 6.91 6.64 6.39 6.16 5.95 5.74 5.55 5.38 5.22 5.07 4.93 4.80 4.68 4.58 4.48 4.40 4.32 4.26 4.20 4.14 4.10 4.06 4.03 4.00 3.98 3.97 3.96 3.95 3.95 3.95 3.95 3.95 3.96 3.96 3.97 3.97 3.98 3.99 3.99 3.99 3.99 3.99 3.98 3.97 3.96 3.94 3.92 3.89 3.85 3.81 3.76 3.70 3.64 3.57 3.48 3.39 3.28 3.15 3.04
9.55 9.74 9.91 10.06 10.19 10.31 10.40 10.47 10.51 10.53 10.52 10.49 10.43 10.34 10.22 10.07 9.89 9.67 9.42 9.13 8.82 8.51 8.21 7.91 7.62 7.35 7.09 6.85 6.62 6.41 6.21 6.02 5.85 5.69 5.54 5.40 5.27 5.16 5.05 4.96 4.87 4.79 4.72 4.66 4.61 4.56 4.52 4.48 4.45 4.43 4.41 4.39 4.38 4.37 4.36 4.35 4.35 4.35 4.35 4.34 4.34 4.34 4.33 4.33 4.32 4.31 4.29 4.28 4.25 4.23 4.20 4.16 4.11 4.06 4.01 3.94 3.87 3.79 3.70 3.60 3.49 3.37 3.24 3.11
9.45 9.66 9.85 10.02 10.17 10.31 10.43 10.52 10.59 10.64 10.66 10.66 10.63 10.57 10.49 10.37 10.22 10.04 9.83 9.58 9.30 8.99 8.68 8.38 8.09 7.82 7.57 7.33 7.11 6.89 6.70 6.51 6.34 6.18 6.03 5.90 5.77 5.66 5.55 5.45 5.37 5.29 5.21 5.15 5.09 5.04 5.00 4.96 4.92 4.89 4.87 4.84 4.82 4.81 4.79 4.78 4.77 4.76 4.75 4.73 4.72 4.71 4.70 4.68 4.66 4.64 4.61 4.58 4.55 4.51 4.46 4.41 4.35 4.29 4.22 4.14 4.05 3.95 3.85 3.73 3.60 3.47 3.32 3.17
9.31 9.53 9.74 9.93 10.11 10.27 10.41 10.53 10.63 10.70 10.75 10.78 10.78 10.76 10.71 10.62 10.51 10.37 10.20 9.99 9.75 9.47 9.17 8.87 8.59 8.32 8.07 7.84 7.62 7.41 7.21 7.03 6.86 6.70 6.55 6.42 6.29 6.18 6.07 5.97 5.88 5.80 5.72 5.66 5.60 5.54 5.49 5.45 5.41 5.37 5.34 5.31 5.29 5.26 5.24 5.22 5.20 5.18 5.16 5.14 5.12 5.09 5.07 5.04 5.01 4.98 4.94 4.89 4.85 4.79 4.73 4.67 4.60 4.52 4.43 4.34 4.23 4.12 3.99 3.86 3.72 3.56 3.40 3.23
9.13 9.37 9.60 9.82 10.02 10.20 10.36 10.50 10.63 10.73 10.81 10.87 10.90 10.91 10.89 10.84 10.76 10.66 10.52 10.35 10.15 9.91 9.65 9.36 9.09 8.83 8.58 8.35 8.13 7.92 7.73 7.55 7.38 7.22 7.07 6.94 6.81 6.69 6.59 6.49 6.39 6.31 6.23 6.16 6.10 6.04 5.99 5.94 5.89 5.85 5.81 5.78 5.75 5.71 5.69 5.66 5.63 5.60 5.57 5.54 5.51 5.48 5.44 5.40 5.36 5.31 5.26 5.21 5.14 5.08 5.00 4.93 4.84 4.74 4.64 4.53 4.41 4.28 4.14 3.99 3.83 3.66 3.48 3.29
8.94 9.20 9.44 9.68 9.89 10.10 10.28 10.45 10.60 10.73 10.83 10.92 10.98 11.02 11.03 11.01 10.97 10.90 10.80 10.67 10.51 10.31 10.08 9.84 9.57 9.32 9.07 8.84 8.63 8.42 8.23 8.05 7.89 7.73 7.58 7.45 7.32 7.20 7.09 6.99 6.90 6.81 6.73 6.66 6.59 6.53 6.47 6.42 6.37 6.32 6.27 6.23 6.19 6.16 6.12 6.08 6.05 6.01 5.97 5.93 5.89 5.84 5.80 5.75 5.69 5.64 5.57 5.50 5.43 5.35 5.26 5.17 5.07 4.96 4.84 4.71 4.57 4.43 4.27 4.10 3.93 3.75 3.56 3.37
8.72 9.00 9.26 9.51 9.75 9.97 10.18 10.37 10.54 10.69 10.83 10.94 11.03 11.09 11.14 11.15 11.14 11.11 11.04 10.94 10.82 10.66 10.48 10.27 10.04 9.80 9.56 9.33 9.12 8.92 8.73 8.55 8.38 8.23 8.08 7.94 7.82 7.70 7.59 7.48 7.39 7.30 7.22 7.14 7.07 7.00 6.94 6.88 6.83 6.77 6.72 6.68 6.63 6.58 6.54 6.50 6.45 6.40 6.36 6.31 6.26 6.20 6.14 6.08 6.02 5.95 5.87 5.79 5.70 5.61 5.51 5.40 5.28 5.16 5.02 4.88 4.73 4.56 4.39 4.21 4.02 3.84 3.64 3.44
8.49 8.78 9.06 9.33 9.58 9.82 10.05 10.26 10.45 10.63 10.79 10.93 11.04 11.14 11.21 11.25 11.28 11.27 11.24 11.18 11.09 10.97 10.82 10.65 10.46 10.25 10.03 9.80 9.59 9.39 9.21 9.03 8.86 8.71 8.56 8.43 8.30 8.18 8.07 7.96 7.87 7.78 7.69 7.61 7.53 7.46 7.40 7.33 7.27 7.22 7.16 7.11 7.05 7.00 6.95 6.90 6.84 6.79 6.73 6.67 6.61 6.55 6.48 6.40 6.33 6.24 6.16 6.06 5.96 5.86 5.74 5.62 5.49 5.35 5.20 5.04 4.87 4.69 4.50 4.31 4.12 3.92 3.72 3.51
8.25 8.55 8.84 9.12 9.39 9.65 9.90 10.13 10.34 10.54 10.72 10.88 11.03 11.15 11.25 11.32 11.37 11.40 11.40 11.38 11.32 11.24 11.13 11.00 10.84 10.67 10.47 10.26 10.05 9.86 9.67 9.50 9.33 9.18 9.03 8.90 8.77 8.65 8.54 8.43 8.33 8.24 8.15 8.07 7.99 7.91 7.84 7.77 7.71 7.64 7.58 7.52 7.46 7.40 7.34 7.28 7.22 7.16 7.09 7.02 6.95 6.87 6.80 6.71 6.62 6.53 6.43 6.32 6.21 6.09 5.96 5.82 5.67 5.52 5.35 5.18 4.99 4.80 4.60 4.41 4.21 4.01 3.80 3.58
7.99 8.30 8.61 8.90 9.19 9.46 9.72 9.97 10.21 10.43 10.63 10.81 10.98 11.13 11.25 11.36 11.44 11.49 11.53 11.53 11.51 11.47 11.39 11.29 11.18 11.04 10.88 10.70 10.50 10.31 10.12 9.95 9.79 9.63 9.49 9.35 9.23 9.10 8.99 8.88 8.78 8.68 8.59 8.51 8.42 8.35 8.27 8.20 8.13 8.06 7.99 7.92 7.86 7.79 7.72 7.65 7.58 7.51 7.43 7.36 7.27 7.19 7.10 7.00 6.90 6.80 6.68 6.56 6.44 6.30 6.16 6.01 5.85 5.68 5.50 5.30 5.11 4.91 4.70 4.50 4.30 4.09 3.87 3.64
7.71 8.04 8.35 8.66 8.96 9.25 9.53 9.79 10.05 10.29 10.51 10.72 10.91 11.08 11.23 11.36 11.47 11.55 11.62 11.66 11.67 11.65 11.61 11.55 11.47 11.36 11.24 11.09 10.92 10.74 10.56 10.39 10.23 10.08 9.93 9.79 9.67 9.54 9.43 9.32 9.21 9.12 9.02 8.93 8.85 8.76 8.68 8.61 8.53 8.45 8.38 8.31 8.23 8.16 8.08 8.01 7.93 7.85 7.76 7.67 7.58 7.49 7.39 7.28 7.17 7.05 6.92 6.79 6.65 6.50 6.35 6.18 6.00 5.82 5.62 5.42 5.21 5.01 4.80 4.59 4.38 4.16 3.94 3.70
7.43 7.76 8.09 8.41 8.72 9.02 9.31 9.60 9.87 10.12 10.37 10.59 10.81 11.00 11.17 11.33 11.47 11.58 11.67 11.74 11.78 11.80 11.80 11.77 11.72 11.65 11.55 11.44 11.31 11.15 10.98 10.81 10.65 10.50 10.35 10.22 10.09 9.97 9.85 9.74 9.63 9.53 9.43 9.34 9.25 9.16 9.08 9.00 8.92 8.84 8.76 8.68 8.60 8.51 8.43 8.35 8.26 8.17 8.07 7.98 7.88 7.77 7.66 7.54 7.42 7.29 7.15 7.00 6.85 6.69 6.52 6.34 6.14 5.94 5.74 5.53 5.32 5.11 4.90 4.68 4.46 4.23 4.00 3.75
7.13 7.47 7.81 8.14 8.46 8.77 9.08 9.38 9.66 9.94 10.20 10.45 10.68 10.89 11.09 11.27 11.43 11.58 11.70 11.79 11.87 11.92 11.94 11.94 11.93 11.89 11.83 11.75 11.64 11.52 11.38 11.22 11.06 10.91 10.76 10.63 10.50 10.37 10.25 10.14 10.03 9.93 9.83 9.73 9.64 9.55 9.46 9.37 9.29 9.20 9.11 9.03 8.94 8.85 8.76 8.67 8.57 8.47 8.37 8.26 8.15 8.03 7.91 7.78 7.65 7.50 7.35 7.20 7.03 6.85 6.67 6.47 6.27 6.05 5.84 5.63 5.42 5.20 4.98 4.76 4.53 4.30 4.06 3.80
6.83 7.17 7.51 7.85 8.19 8.51 8.83 9.14 9.44 9.73 10.01 10.28 10.53 10.76 10.98 11.19 11.37 11.54 11.69 11.81 11.91 11.99 12.05 12.08 12.10 12.09 12.06 12.01 11.94 11.84 11.73 11.60 11.45 11.30 11.15 11.01 10.88 10.76 10.64 10.53 10.42 10.31 10.21 10.11 10.01 9.92 9.82 9.73 9.64 9.55 9.45 9.36 9.27 9.17 9.07 8.97 8.87 8.76 8.65 8.53 8.41 8.28 8.15 8.01 7.86 7.70 7.54 7.37 7.19 7.00 6.80 6.59 6.38 6.16 5.94 5.73 5.51 5.29 5.07 4.84 4.60 4.36 4.11 3.84
6.51 6.86 7.21 7.56 7.90 8.24 8.57 8.89 9.20 9.51 9.80 10.08 10.35 10.61 10.85 11.08 11.28 11.48 11.65 11.80 11.93 12.04 12.12 12.19 12.23 12.25 12.25 12.23 12.19 12.12 12.04 11.93 11.81 11.67 11.52 11.39 11.25 11.13 11.01 10.89 10.78 10.67 10.57 10.46 10.36 10.26 10.16 10.07 9.97 9.87 9.77 9.67 9.57 9.47 9.36 9.25 9.14 9.02 8.90 8.78 8.64 8.51 8.36 8.21 8.05 7.88 7.71 7.53 7.33 7.13 6.92 6.70 6.48 6.26 6.04 5.82 5.60 5.37 5.14 4.91 4.66 4.41 4.15 3.88
6.19 6.55 6.90 7.25 7.60 7.95 8.29 8.62 8.95 9.27 9.58 9.87 10.16 10.43 10.69 10.94 11.17 11.38 11.58 11.76 11.91 12.05 12.16 12.25 12.32 12.37 12.40 12.41 12.40 12.36 12.30 12.23 12.13 12.01 11.87 11.74 11.61 11.48 11.36 11.24 11.12 11.01 10.91 10.80 10.69 10.59 10.49 10.39 10.28 10.18 10.08 9.97 9.86 9.75 9.64 9.52 9.40 9.27 9.14 9.00 8.86 8.71 8.56 8.40 8.22 8.05 7.86 7.66 7.45 7.24 7.01 6.79 6.57 6.35 6.13 5.90 5.68 5.45 5.21 4.97 4.72 4.46 4.18 3.90
5.87 6.22 6.58 6.94 7.30 7.65 8.00 8.34 8.68 9.01 9.33 9.64 9.94 10.24 10.51 10.78 11.03 11.26 11.48 11.68 11.86 12.03 12.17 12.29 12.38 12.46 12.52 12.55 12.56 12.56 12.53 12.48 12.40 12.31 12.20 12.07 11.94 11.81 11.69 11.57 11.45 11.34 11.22 11.11 11.01 10.90 10.79 10.68 10.58 10.47 10.36 10.24 10.13 10.01 9.89 9.76 9.63 9.50 9.36 9.21 9.06 8.90 8.73 8.56 8.38 8.19 7.99 7.78 7.56 7.33 7.10 6.88 6.66 6.43 6.21 5.98 5.75 5.51 5.27 5.02 4.76 4.49 4.21 3.92
5.54 5.90 6.26 6.62 6.98 7.34 7.69 8.05 8.39 8.73 9.07 9.39 9.71 10.02 10.31 10.60 10.87 11.12 11.36 11.58 11.79 11.98 12.14 12.29 12.41 12.51 12.59 12.65 12.69 12.71 12.71 12.68 12.64 12.57 12.48 12.37 12.24 12.12 11.99 11.87 11.75 11.64 11.52 11.41 11.30 11.18 11.07 10.96 10.85 10.73 10.61 10.50 10.37 10.25 10.12 9.98 9.85 9.70 9.55 9.40 9.23 9.06 8.89 8.70 8.51 8.30 8.09 7.87 7.64 7.41 7.19 6.96 6.74 6.51 6.28 6.05 5.82 5.57 5.32 5.07 4.80 4.52 4.23 3.93
5.20 5.56 5.93 6.29 6.66 7.02 7.38 7.74 8.10 8.45 8.79 9.13 9.46 9.78 10.09 10.39 10.68 10.95 11.21 11.46 11.69 11.90 12.09 12.26 12.41 12.53 12.64 12.72 12.78 12.83 12.85 12.85 12.82 12.78 12.72 12.63 12.53 12.40 12.28 12.15 12.03 11.91 11.80 11.68 11.56 11.45 11.33 11.21 11.10 10.97 10.85 10.73 10.60 10.46 10.33 10.18 10.04 9.88 9.73 9.56 9.39 9.21 9.02 8.82 8.62 8.40 8.17 7.94 7.71 7.49 7.26 7.03 6.81 6.58 6.35 6.11 5.87 5.62 5.37 5.10 4.82 4.54 4.24 3.92
4.87 5.23 5.59 5.96 6.32 6.69 7.06 7.43 7.79 8.15 8.50 8.85 9.19 9.53 9.85 10.17 10.47 10.76 11.04 11.31 11.56 11.79 12.00 12.20 12.37 12.52 12.65 12.75 12.84 12.90 12.95 12.97 12.97 12.95 12.91 12.85 12.76 12.66 12.54 12.41 12.29 12.17 12.05 11.93 11.81 11.69 11.57 11.45 11.32 11.19 11.07 10.93 10.80 10.66 10.51 10.36 10.21 10.04 9.88 9.70 9.52 9.33 9.13 8.92 8.70 8.47 8.24 8.01 7.78 7.55 7.33 7.10 6.87 6.64 6.40 6.16 5.92 5.66 5.40 5.13 4.84 4.54 4.23 3.91
4.54 4.89 5.26 5.62 5.99 6.36 6.73 7.10 7.47 7.84 8.20 8.56 8.91 9.26 9.60 9.92 10.24 10.55 10.85 11.13 11.40 11.66 11.89 12.11 12.30 12.47 12.62 12.75 12.86 12.95 13.01 13.06 13.08 13.08 13.06 13.02 12.96 12.87 12.77 12.65 12.53 12.40 12.28 12.15 12.03 11.91 11.78 11.65 11.52 11.39 11.26 11.12 10.97 10.83 10.67 10.51 10.35 10.18 10.00 9.82 9.62 9.42 9.21 8.99 8.76 8.53 8.29 8.06 7.83 7.61 7.38 7.15 6.92 6.69 6.45 6.21 5.95 5.69 5.42 5.14 4.85 4.54 4.22 3.88
4.20 4.56 4.92 5.28 5.65 6.02 6.40 6.77 7.14 7.52 7.89 8.25 8.62 8.97 9.32 9.66 10.00 10.32 10.63 10.94 11.22 11.50 11.75 11.99 12.20 12.40 12.57 12.72 12.85 12.95 13.04 13.10 13.15 13.17 13.17 13.15 13.11 13.04 12.96 12.86 12.74 12.61 12.48 12.36 12.23 12.10 11.97 11.84 11.70 11.56 11.42 11.28 11.12 10.97 10.81 10.64 10.47 10.29 10.10 9.91 9.70 9.49 9.27 9.04 8.80 8.57 8.34 8.11 7.88 7.66 7.43 7.20 6.97 6.73 6.49 6.24 5.98 5.71 5.43 5.14 4.84 4.52 4.19 3.85
3.87 4.22 4.58 4.94 5.31 5.68 6.06 6.43 6.81 7.19 7.56 7.94 8.31 8.67 9.03 9.39 9.73 10.07 10.40 10.72 11.02 11.31 11.59 11.85 12.08 12.29 12.48 12.65 12.80 12.93 13.03 13.11 13.18 13.22 13.24 13.24 13.21 13.17 13.11 13.02 12.91 12.79 12.66 12.53 12.40 12.27 12.13 11.99 11.85 11.71 11.56 11.41 11.25 11.09 10.92 10.74 10.56 10.37 10.18 9.97 9.76 9.54 9.30 9.06 8.83 8.60 8.37 8.14 7.92 7.69 7.46 7.23 7.00 6.76 6.51 6.26 5.99 5.72 5.43 5.13 4.82 4.49 4.15 3.80
3.55 3.89 4.24 4.60 4.97 5.34 5.71 6.09 6.47 6.85 7.23 7.61 7.99 8.36 8.73 9.10 9.46 9.81 10.15 10.48 10.80 11.11 11.40 11.68 11.93 12.16 12.37 12.56 12.72 12.87 12.99 13.09 13.17 13.23 13.27 13.28 13.28 13.25 13.21 13.14 13.05 12.94 12.81 12.68 12.54 12.41 12.27 12.12 11.98 11.83 11.67 11.52 11.35 11.18 11.00 10.82 10.63 10.43 10.23 10.01 9.79 9.55 9.31 9.08 8.85 8.62 8.39 8.17 7.94 7.72 7.49 7.26 7.02 6.77 6.52 6.26 5.99 5.71 5.42 5.11 4.79 4.45 4.10 3.73
3.23 3.57 3.91 4.26 4.63 4.99 5.37 5.75 6.13 6.51 6.89 7.28 7.66 8.04 8.42 8.79 9.16 9.52 9.88 10.22 10.56 10.89 11.20 11.49 11.76 12.00 12.23 12.43 12.61 12.78 12.92 13.03 13.13 13.21 13.26 13.29 13.31 13.30 13.27 13.21 13.14 13.05 12.93 12.80 12.66 12.52 12.38 12.23 12.08 11.92 11.76 11.60 11.42 11.25 11.06 10.87 10.67 10.46 10.25 10.02 9.79 9.55 9.31 9.08 8.85 8.63 8.41 8.18 7.96 7.73 7.50 7.27 7.03 6.78 6.52 6.26 5.98 5.69 5.39 5.08 4.74 4.40 4.03 3.65
2.92 3.24 3.58 3.93 4.29 4.65 5.02 5.40 5.78 6.16 6.55 6.94 7.32 7.71 8.09 8.48 8.85 9.23 9.59 9.95 10.30 10.64 10.97 11.27 11.56 11.82 12.06 12.28 12.48 12.66 12.81 12.94 13.06 13.15 13.22 13.27 13.29 13.30 13.28 13.25 13.19 13.11 13.01 12.89 12.75 12.61 12.46 12.31 12.15 11.99 11.82 11.65 11.47 11.28 11.09 10.89 10.68 10.47 10.24 10.01 9.77 9.53 9.30 9.07 8.85 8.63 8.41 8.18 7.96 7.73 7.50 7.27 7.02 6.77 6.51 6.24 5.96 5.66 5.35 5.03 4.68 4.33 3.95 3.56
