data_output/RCH/Precip_1986_03.asc
ncols        168
nrows        136
xllcorner    455000
yllcorner    2107000
cellsize     500
NODATA_value     -99999
[rows 38 to 75 of 136, columns 0 to 83 of 168]
0.95 0.89 0.84 0.78 0.73 0.68 0.63 0.58 0.53 0.49 0.47 0.45 0.44 0.44 0.45 0.46 0.47 0.47 0.47 0.46 0.45 0.43 0.42 0.40 0.39 0.37 0.36 0.34 0.33 0.32 0.30 0.29 0.28 0.27 0.26 0.25 0.24 0.23 0.22 0.21 0.20 0.19 0.18 0.18 0.17 0.16 0.15 0.14 0.14 0.13 0.12 0.11 0.11 0.10 0.09 0.08 0.07 0.07 0.06 0.05 0.04 0.03 0.02 0.01 0.01 0.00 0.00 0.00 0.00 0.00 0.00 0.00 0.00 0.00 0.00 0.00 0.00 0.00 0.00 0.00 0.00 0.00 0.00 0.00
1.01 0.95 0.90 0.84 0.79 0.74 0.68 0.63 0.59 0.54 0.51 0.48 0.46 0.46 0.46 0.46 0.47 0.46 0.46 0.44 0.43 0.41 0.39 0.37 0.36 0.34 0.33 0.31 0.30 0.29 0.27 0.26 0.25 0.24 0.23 0.22 0.21 0.20 0.19 0.18 0.17 0.17 0.16 0.15 0.14 0.14 0.13 0.12 0.12 0.11 0.10 0.10 0.09 0.08 0.08 0.07 0.06 0.06 0.05 0.04 0.04 0.03 0.02 0.01 0.01 0.00 0.00 0.00 0.00 0.00 0.00 0.00 0.00 0.00 0.00 0.00 0.00 0.00 0.00 0.00 0.00 0.00 0.00 0.00
1.07 1.01 0.95 0.90 0.84 0.79 0.74 0.68 0.64 0.59 0.55 0.51 0.49 0.47 0.47 0.47 0.46 0.46 0.44 0.42 0.40 0.38 0.36 0.35 0.33 0.31 0.30 0.29 0.27 0.26 0.25 0.23 0.22 0.21 0.20 0.19 0.18 0.17 0.16 0.16 0.15 0.14 0.13 0.13 0.12 0.12 0.11 0.10 0.10 0.09 0.09 0.08 0.08 0.07 0.07 0.06 0.05 0.05 0.04 0.04 0.03 0.03 0.02 0.01 0.01 0.00 0.00 0.00 0.00 0.00 0.00 0.00 0.00 0.00 0.00 0.00 0.00 0.00 0.00 0.00 0.00 0.00 0.00 0.00
1.12 1.06 1.00 0.95 0.89 0.83 0.78 0.73 0.68 0.63 0.59 0.55 0.51 0.49 0.48 0.47 0.46 0.45 0.42 0.40 0.38 0.36 0.34 0.33 0.31 0.29 0.28 0.26 0.25 0.23 0.22 0.21 0.20 0.19 0.18 0.17 0.16 0.15 0.14 0.13 0.12 0.12 0.11 0.10 0.10 0.09 0.09 0.08 0.08 0.07 0.07 0.06 0.06 0.06 0.05 0.05 0.04 0.04 0.04 0.03 0.03 0.02 0.02 0.01 0.01 0.00 0.00 0.00 0.00 0.00 0.00 0.00 0.00 0.00 0.00 0.00 0.00 0.00 0.00 0.00 0.00 0.00 0.00 0.00
1.16 1.10 1.05 0.99 0.93 0.87 0.82 0.77 0.72 0.67 0.62 0.58 0.54 0.51 0.49 0.48 0.46 0.44 0.41 0.39 0.37 0.35 0.33 0.31 0.29 0.27 0.26 0.24 0.23 0.21 0.20 0.19 0.17 0.16 0.15 0.14 0.13 0.12 0.12 0.11 0.10 0.09 0.09 0.08 0.08 0.07 0.07 0.06 0.06 0.05 0.05 0.05 0.04 0.04 0.04 0.03 0.03 0.03 0.03 0.02 0.02 0.02 0.01 0.01 0.01 0.00 0.00 0.00 0.00 0.00 0.00 0.00 0.00 0.00 0.00 0.00 0.00 0.00 0.00 0.00 0.00 0.00 0.00 0.00
1.20 1.14 1.08 1.02 0.97 0.91 0.85 0.80 0.75 0.70 0.65 0.60 0.56 0.53 0.50 0.48 0.45 0.43 0.40 0.38 0.36 0.33 0.31 0.29 0.27 0.26 0.24 0.22 0.21 0.19 0.18 0.17 0.15 0.14 0.13 0.12 0.11 0.10 0.10 0.09 0.08 0.07 0.07 0.06 0.06 0.05 0.05 0.04 0.04 0.04 0.03 0.03 0.03 0.03 0.02 0.02 0.02 0.02 0.02 0.01 0.01 0.01 0.01 0.01 0.01 0.00 0.00 0.00 0.00 0.00 0.00 0.00 0.00 0.00 0.00 0.00 0.00 0.00 0.00 0.00 0.00 0.00 0.00 0.00
1.23 1.17 1.11 1.05 0.99 0.93 0.88 0.82 0.77 0.72 0.67 0.62 0.58 0.54 0.51 0.48 0.45 0.43 0.40 0.37 0.35 0.33 0.30 0.28 0.26 0.25 0.23 0.21 0.19 0.18 0.16 0.15 0.14 0.13 0.11 0.10 0.09 0.08 0.08 0.07 0.06 0.05 0.05 0.04 0.04 0.03 0.03 0.03 0.02 0.02 0.02 0.01 0.01 0.01 0.01 0.01 0.01 0.01 0.00 0.00 0.00 0.00 0.00 0.00 0.00 0.00 0.00 0.00 0.00 0.00 0.00 0.00 0.00 0.00 0.00 0.00 0.00 0.00 0.00 0.00 0.00 0.00 0.00 0.00
1.25 1.19 1.13 1.07 1.01 0.95 0.90 0.84 0.78 0.73 0.68 0.64 0.59 0.55 0.52 0.49 0.46 0.43 0.40 0.37 0.35 0.32 0.30 0.28 0.26 0.24 0.22 0.20 0.18 0.17 0.15 0.14 0.12 0.11 0.10 0.09 0.08 0.07 0.06 0.05 0.04 0.04 0.03 0.03 0.02 0.02 0.01 0.01 0.00 0.00 0.00 0.00 0.00 0.00 0.00 0.00 0.00 0.00 0.00 0.00 0.00 0.00 0.00 0.00 0.00 0.00 0.00 0.00 0.00 0.00 0.00 0.00 0.00 0.00 0.00 0.00 0.00 0.00 0.00 0.00 0.00 0.00 0.00 0.00
1.26 1.21 1.15 1.09 1.03 0.97 0.91 0.85 0.80 0.74 0.69 0.65 0.60 0.56 0.53 0.49 0.46 0.43 0.40 0.37 0.35 0.32 0.30 0.27 0.25 0.23 0.21 0.19 0.17 0.16 0.14 0.12 0.11 0.10 0.08 0.07 0.06 0.05 0.04 0.03 0.03 0.02 0.01 0.01 0.00 0.00 0.00 0.00 0.00 0.00 0.00 0.00 0.00 0.00 0.00 0.00 0.00 0.00 0.00 0.00 0.00 0.00 0.00 0.00 0.00 0.00 0.00 0.00 0.00 0.00 0.00 0.00 0.00 0.00 0.00 0.00 0.00 0.00 0.00 0.00 0.00 0.00 0.00 0.00
1.28 1.22 1.16 1.10 1.04 0.98 0.92 0.86 0.81 0.75 0.70 0.65 0.61 0.57 0.53 0.50 0.47 0.43 0.40 0.37 0.35 0.32 0.29 0.27 0.24 0.22 0.20 0.18 0.16 0.14 0.13 0.11 0.10 0.08 0.07 0.06 0.05 0.04 0.03 0.02 0.01 0.00 0.00 0.00 0.00 0.00 0.00 0.00 0.00 0.00 0.00 0.00 0.00 0.00 0.00 0.00 0.00 0.00 0.00 0.00 0.00 0.00 0.00 0.00 0.00 0.00 0.00 0.00 0.00 0.00 0.00 0.00 0.00 0.00 0.00 0.00 0.00 0.00 0.00 0.00 0.00 0.00 0.00 0.00
1.29 1.23 1.17 1.11 1.05 0.99 0.93 0.87 0.82 0.76 0.71 0.66 0.61 0.57 0.54 0.50 0.47 0.44 0.41 0.37 0.35 0.32 0.29 0.26 0.24 0.22 0.19 0.17 0.15 0.13 0.12 0.10 0.08 0.07 0.06 0.04 0.03 0.02 0.01 0.00 0.00 0.00 0.00 0.00 0.00 0.00 0.00 0.00 0.00 0.00 0.00 0.00 0.00 0.00 0.00 0.00 0.00 0.00 0.00 0.00 0.00 0.00 0.00 0.00 0.00 0.00 0.00 0.00 0.00 0.00 0.01 0.01 0.01 0.01 0.01 0.01 0.01 0.01 0.01 0.01 0.01 0.01 0.01 0.01
1.29 1.23 1.18 1.12 1.06 1.00 0.94 0.88 0.82 0.77 0.71 0.66 0.62 0.58 0.54 0.51 0.47 0.44 0.41 0.38 0.34 0.32 0.29 0.26 0.23 0.21 0.19 0.16 0.14 0.12 0.11 0.09 0.07 0.06 0.04 0.03 0.02 0.01 0.00 0.00 0.00 0.00 0.00 0.00 0.00 0.00 0.00 0.00 0.00 0.00 0.00 0.00 0.00 0.00 0.00 0.00 0.00 0.00 0.00 0.00 0.00 0.00 0.00 0.00 0.00 0.00 0.00 0.00 0.00 0.01 0.01 0.01 0.01 0.01 0.01 0.01 0.01 0.01 0.01 0.01 0.01 0.01 0.01 0.01
1.29 1.24 1.18 1.12 1.06 1.00 0.94 0.88 0.82 0.77 0.72 0.67 0.62 0.58 0.54 0.51 0.48 0.44 0.41 0.38 0.34 0.31 0.28 0.26 0.23 0.20 0.18 0.16 0.13 0.11 0.09 0.08 0.06 0.04 0.03 0.02 0.00 0.00 0.00 0.00 0.00 0.00 0.00 0.00 0.00 0.00 0.00 0.00 0.00 0.00 0.00 0.00 0.00 0.00 0.00 0.00 0.00 0.00 0.00 0.00 0.00 0.00 0.00 0.00 0.00 0.00 0.00 0.00 0.00 0.01 0.01 0.01 0.02 0.02 0.02 0.02 0.01 0.01 0.01 0.01 0.01 0.01 0.01 0.01
1.29 1.24 1.18 1.12 1.06 1.00 0.94 0.88 0.82 0.77 0.72 0.67 0.62 0.58 0.54 0.51 0.48 0.44 0.41 0.38 0.34 0.31 0.28 0.25 0.22 0.20 0.17 0.15 0.13 0.10 0.08 0.07 0.05 0.03 0.02 0.00 0.00 0.00 0.00 0.00 0.00 0.00 0.00 0.00 0.00 0.00 0.00 0.00 0.00 0.00 0.00 0.00 0.00 0.00 0.00 0.00 0.00 0.00 0.00 0.00 0.00 0.00 0.00 0.00 0.00 0.00 0.00 0.00 0.00 0.01 0.01 0.02 0.02 0.02 0.02 0.02 0.02 0.02 0.02 0.02 0.02 0.02 0.02 0.02
1.29 1.23 1.18 1.12 1.06 1.00 0.94 0.88 0.82 0.77 0.72 0.67 0.62 0.58 0.55 0.51 0.48 0.44 0.41 0.38 0.34 0.31 0.28 0.25 0.22 0.19 0.17 0.14 0.12 0.09 0.07 0.05 0.04 0.02 0.00 0.00 0.00 0.00 0.00 0.00 0.00 0.00 0.00 0.00 0.00 0.00 0.00 0.00 0.00 0.00 0.00 0.00 0.00 0.00 0.00 0.00 0.00 0.00 0.00 0.00 0.00 0.00 0.00 0.00 0.00 0.00 0.00 0.00 0.00 0.01 0.02 0.02 0.02 0.03 0.03 0.03 0.03 0.03 0.03 0.02 0.02 0.02 0.02 0.02
1.28 1.23 1.17 1.11 1.05 0.99 0.94 0.88 0.82 0.77 0.72 0.67 0.62 0.58 0.55 0.51 0.48 0.44 0.41 0.38 0.34 0.31 0.28 0.25 0.22 0.19 0.16 0.13 0.11 0.09 0.06 0.04 0.02 0.01 0.00 0.00 0.00 0.00 0.00 0.00 0.00 0.00 0.00 0.00 0.00 0.00 0.00 0.00 0.00 0.00 0.00 0.00 0.00 0.00 0.00 0.00 0.00 0.00 0.00 0.00 0.00 0.00 0.00 0.00 0.00 0.00 0.00 0.00 0.01 0.01 0.02 0.02 0.03 0.03 0.03 0.03 0.03 0.03 0.03 0.03 0.03 0.03 0.03 0.03
1.27 1.22 1.16 1.10 1.05 0.99 0.93 0.87 0.82 0.77 0.72 0.67 0.62 0.58 0.55 0.51 0.48 0.44 0.41 0.37 0.34 0.31 0.28 0.24 0.21 0.18 0.15 0.13 0.10 0.08 0.05 0.03 0.01 0.00 0.00 0.00 0.00 0.00 0.00 0.00 0.00 0.00 0.00 0.00 0.00 0.00 0.00 0.00 0.00 0.00 0.00 0.00 0.00 0.00 0.00 0.00 0.00 0.00 0.00 0.00 0.00 0.00 0.00 0.00 0.00 0.00 0.00 0.00 0.01 0.01 0.02 0.03 0.03 0.04 0.04 0.04 0.04 0.04 0.04 0.04 0.04 0.04 0.03 0.03
1.26 1.21 1.15 1.10 1.04 0.98 0.92 0.87 0.82 0.76 0.71 0.67 0.62 0.58 0.54 0.51 0.47 0.44 0.41 0.37 0.34 0.30 0.27 0.24 0.21 0.18 0.15 0.12 0.09 0.07 0.05 0.02 0.00 0.00 0.00 0.00 0.00 0.00 0.00 0.00 0.00 0.00 0.00 0.00 0.00 0.00 0.00 0.00 0.00 0.00 0.00 0.00 0.00 0.00 0.00 0.00 0.00 0.00 0.00 0.00 0.00 0.00 0.00 0.00 0.00 0.00 0.00 0.00 0.01 0.02 0.02 0.03 0.04 0.04 0.04 0.05 0.05 0.05 0.05 0.05 0.04 0.04 0.04 0.04
1.25 1.19 1.14 1.08 1.03 0.97 0.92 0.86 0.81 0.76 0.71 0.66 0.62 0.58 0.54 0.51 0.47 0.44 0.40 0.37 0.33 0.30 0.27 0.24 0.20 0.17 0.14 0.11 0.09 0.06 0.04 0.01 0.00 0.00 0.00 0.00 0.00 0.00 0.00 0.00 0.00 0.00 0.00 0.00 0.00 0.00 0.00 0.00 0.00 0.00 0.00 0.00 0.00 0.00 0.00 0.00 0.00 0.00 0.00 0.00 0.00 0.00 0.00 0.00 0.00 0.00 0.00 0.00 0.01 0.02 0.03 0.03 0.04 0.04 0.05 0.05 0.05 0.05 0.05 0.05 0.05 0.05 0.05 0.05
1.23 1.18 1.13 1.07 1.02 0.96 0.91 0.86 0.81 0.76 0.71 0.66 0.62 0.58 0.54 0.50 0.47 0.43 0.40 0.36 0.33 0.30 0.26 0.23 0.20 0.17 0.14 0.11 0.08 0.05 0.03 0.00 0.00 0.00 0.00 0.00 0.00 0.00 0.00 0.00 0.00 0.00 0.00 0.00 0.00 0.00 0.00 0.00 0.00 0.00 0.00 0.00 0.00 0.00 0.00 0.00 0.00 0.00 0.00 0.00 0.00 0.00 0.00 0.00 0.00 0.00 0.00 0.00 0.01 0.02 0.03 0.04 0.04 0.05 0.05 0.06 0.06 0.06 0.06 0.06 0.06 0.06 0.06 0.05
1.21 1.16 1.11 1.06 1.01 0.95 0.90 0.85 0.80 0.75 0.70 0.66 0.61 0.57 0.54 0.50 0.47 0.43 0.39 0.36 0.33 0.29 0.26 0.23 0.19 0.16 0.13 0.10 0.07 0.05 0.02 0.00 0.00 0.00 0.00 0.00 0.00 0.00 0.00 0.00 0.00 0.00 0.00 0.00 0.00 0.00 0.00 0.00 0.00 0.00 0.00 0.00 0.00 0.00 0.00 0.00 0.00 0.00 0.00 0.00 0.00 0.00 0.00 0.00 0.00 0.00 0.00 0.00 0.01 0.02 0.03 0.04 0.05 0.05 0.06 0.06 0.07 0.07 0.07 0.07 0.07 0.07 0.06 0.06
1.19 1.14 1.09 1.04 0.99 0.94 0.89 0.84 0.79 0.75 0.70 0.65 0.61 0.57 0.53 0.50 0.46 0.43 0.39 0.36 0.32 0.29 0.25 0.22 0.19 0.16 0.13 0.10 0.07 0.04 0.01 0.00 0.00 0.00 0.00 0.00 0.00 0.00 0.00 0.00 0.00 0.00 0.00 0.00 0.00 0.00 0.00 0.00 0.00 0.00 0.00 0.00 0.00 0.00 0.00 0.00 0.00 0.00 0.00 0.00 0.00 0.00 0.00 0.00 0.00 0.00 0.00 0.00 0.01 0.02 0.03 0.04 0.05 0.06 0.06 0.07 0.07 0.07 0.08 0.08 0.08 0.07 0.07 0.07
1.17 1.12 1.08 1.03 0.98 0.93 0.88 0.83 0.79 0.74 0.69 0.65 0.61 0.56 0.53 0.49 0.46 0.42 0.38 0.35 0.32 0.28 0.25 0.21 0.18 0.15 0.12 0.09 0.06 0.03 0.00 0.00 0.00 0.00 0.00 0.00 0.00 0.00 0.00 0.00 0.00 0.00 0.00 0.00 0.00 0.00 0.00 0.00 0.00 0.00 0.00 0.00 0.00 0.00 0.00 0.00 0.00 0.00 0.00 0.00 0.00 0.00 0.00 0.00 0.00 0.00 0.00 0.00 0.01 0.02 0.03 0.04 0.05 0.06 0.07 0.07 0.08 0.08 0.08 0.08 0.08 0.08 0.08 0.08
1.14 1.10 1.06 1.01 0.97 0.92 0.87 0.82 0.78 0.73 0.69 0.64 0.60 0.56 0.52 0.49 0.45 0.41 0.38 0.34 0.31 0.27 0.24 0.21 0.17 0.14 0.11 0.08 0.05 0.02 0.00 0.00 0.00 0.00 0.00 0.00 0.00 0.00 0.00 0.00 0.00 0.00 0.00 0.00 0.00 0.00 0.00 0.00 0.00 0.00 0.00 0.00 0.00 0.00 0.00 0.00 0.00 0.00 0.00 0.00 0.00 0.00 0.00 0.00 0.00 0.00 0.00 0.00 0.01 0.02 0.04 0.05 0.06 0.06 0.07 0.08 0.08 0.08 0.09 0.09 0.09 0.09 0.09 0.09
1.12 1.08 1.04 1.00 0.95 0.91 0.86 0.81 0.77 0.72 0.68 0.64 0.59 0.55 0.52 0.48 0.44 0.41 0.37 0.34 0.30 0.27 0.23 0.20 0.17 0.14 0.10 0.07 0.04 0.02 0.00 0.00 0.00 0.00 0.00 0.00 0.00 0.00 0.00 0.00 0.00 0.00 0.00 0.00 0.00 0.00 0.00 0.00 0.00 0.00 0.00 0.00 0.00 0.00 0.00 0.00 0.00 0.00 0.00 0.00 0.00 0.00 0.00 0.00 0.00 0.00 0.00 0.00 0.01 0.03 0.04 0.05 0.06 0.07 0.07 0.08 0.09 0.09 0.09 0.09 0.10 0.10 0.10 0.09
1.10 1.06 1.02 0.98 0.94 0.89 0.85 0.80 0.76 0.71 0.67 0.63 0.59 0.55 0.51 0.47 0.44 0.40 0.36 0.33 0.29 0.26 0.23 0.19 0.16 0.13 0.10 0.07 0.04 0.01 0.00 0.00 0.00 0.00 0.00 0.00 0.00 0.00 0.00 0.00 0.00 0.00 0.00 0.00 0.00 0.00 0.00 0.00 0.00 0.00 0.00 0.00 0.00 0.00 0.00 0.00 0.00 0.00 0.00 0.00 0.00 0.00 0.00 0.00 0.00 0.00 0.00 0.00 0.01 0.03 0.04 0.05 0.06 0.07 0.08 0.08 0.09 0.09 0.10 0.10 0.10 0.10 0.10 0.10
1.07 1.04 1.00 0.96 0.92 0.88 0.84 0.79 0.75 0.70 0.66 0.62 0.58 0.54 0.50 0.47 0.43 0.39 0.36 0.32 0.29 0.25 0.22 0.18 0.15 0.12 0.09 0.06 0.03 0.00 0.00 0.00 0.00 0.00 0.00 0.00 0.00 0.00 0.00 0.00 0.00 0.00 0.00 0.00 0.00 0.00 0.00 0.00 0.00 0.00 0.00 0.00 0.00 0.00 0.00 0.00 0.00 0.00 0.00 0.00 0.00 0.00 0.00 0.00 0.00 0.00 0.00 0.00 0.01 0.03 0.04 0.05 0.06 0.07 0.08 0.09 0.09 0.10 0.10 0.10 0.11 0.11 0.11 0.11
1.04 1.01 0.98 0.94 0.90 0.86 0.82 0.78 0.74 0.69 0.65 0.61 0.57 0.53 0.49 0.46 0.42 0.39 0.35 0.31 0.28 0.24 0.21 0.18 0.14 0.11 0.08 0.05 0.02 0.00 0.00 0.00 0.00 0.00 0.00 0.00 0.00 0.00 0.00 0.00 0.00 0.00 0.00 0.00 0.00 0.00 0.00 0.00 0.00 0.00 0.00 0.00 0.00 0.00 0.00 0.00 0.00 0.00 0.00 0.00 0.00 0.00 0.00 0.00 0.00 0.00 0.00 0.00 0.01 0.03 0.04 0.05 0.06 0.07 0.08 0.09 0.10 0.10 0.11 0.11 0.11 0.11 0.11 0.11
1.02 0.99 0.96 0.92 0.88 0.85 0.81 0.77 0.73 0.68 0.64 0.60 0.56 0.52 0.49 0.45 0.41 0.38 0.34 0.31 0.27 0.24 0.20 0.17 0.13 0.10 0.07 0.04 0.01 0.00 0.00 0.00 0.00 0.00 0.00 0.00 0.00 0.00 0.00 0.00 0.00 0.00 0.00 0.00 0.00 0.00 0.00 0.00 0.00 0.00 0.00 0.00 0.00 0.00 0.00 0.00 0.00 0.00 0.00 0.00 0.00 0.00 0.00 0.00 0.00 0.00 0.00 0.00 0.02 0.03 0.04 0.05 0.07 0.08 0.08 0.09 0.10 0.10 0.11 0.11 0.12 0.12 0.12 0.12
0.99 0.96 0.93 0.90 0.87 0.83 0.79 0.75 0.71 0.67 0.63 0.59 0.55 0.51 0.48 0.44 0.40 0.37 0.33 0.30 0.26 0.23 0.19 0.16 0.13 0.09 0.06 0.03 0.00 0.00 0.00 0.00 0.00 0.00 0.00 0.00 0.00 0.00 0.00 0.00 0.00 0.00 0.00 0.00 0.00 0.00 0.00 0.00 0.00 0.00 0.00 0.00 0.00 0.00 0.00 0.00 0.00 0.00 0.00 0.00 0.00 0.00 0.00 0.00 0.00 0.00 0.00 0.00 0.02 0.03 0.04 0.06 0.07 0.08 0.09 0.09 0.10 0.11 0.11 0.12 0.12 0.12 0.12 0.12
0.96 0.94 0.91 0.88 0.85 0.81 0.78 0.74 0.70 0.66 0.62 0.58 0.54 0.50 0.47 0.43 0.39 0.36 0.32 0.29 0.25 0.22 0.18 0.15 0.12 0.08 0.05 0.02 0.00 0.00 0.00 0.00 0.00 0.00 0.00 0.00 0.00 0.00 0.00 0.00 0.00 0.00 0.00 0.00 0.00 0.00 0.00 0.00 0.00 0.00 0.00 0.00 0.00 0.00 0.00 0.00 0.00 0.00 0.00 0.00 0.00 0.00 0.00 0.00 0.00 0.00 0.00 0.00 0.02 0.03 0.04 0.06 0.07 0.08 0.09 0.10 0.10 0.11 0.11 0.12 0.12 0.12 0.12 0.12
0.93 0.91 0.88 0.86 0.83 0.79 0.76 0.72 0.69 0.65 0.61 0.57 0.53 0.49 0.46 0.42 0.38 0.35 0.31 0.28 0.24 0.21 0.17 0.14 0.11 0.07 0.04 0.01 0.00 0.00 0.00 0.00 0.00 0.00 0.00 0.00 0.00 0.00 0.00 0.00 0.00 0.00 0.00 0.00 0.00 0.00 0.00 0.00 0.00 0.00 0.00 0.00 0.00 0.00 0.00 0.00 0.00 0.00 0.00 0.00 0.00 0.00 0.00 0.00 0.00 0.00 0.00 0.00 0.02 0.03 0.05 0.06 0.07 0.08 0.09 0.10 0.11 0.11 0.12 0.12 0.12 0.13 0.13 0.13
0.90 0.88 0.86 0.83 0.81 0.77 0.74 0.71 0.67 0.63 0.60 0.56 0.52 0.48 0.45 0.41 0.37 0.34 0.30 0.27 0.23 0.20 0.16 0.13 0.10 0.06 0.03 0.00 0.00 0.00 0.00 0.00 0.00 0.00 0.00 0.00 0.00 0.00 0.00 0.00 0.00 0.00 0.00 0.00 0.00 0.00 0.00 0.00 0.00 0.00 0.00 0.00 0.00 0.00 0.00 0.00 0.00 0.00 0.00 0.00 0.00 0.00 0.00 0.00 0.00 0.00 0.00 0.00 0.02 0.03 0.05 0.06 0.07 0.08 0.09 0.10 0.11 0.11 0.12 0.12 0.13 0.13 0.13 0.13
0.87 0.85 0.83 0.81 0.78 0.75 0.72 0.69 0.66 0.62 0.58 0.55 0.51 0.47 0.44 0.40 0.36 0.33 0.29 0.26 0.22 0.19 0.15 0.12 0.09 0.05 0.02 0.00 0.00 0.00 0.00 0.00 0.00 0.00 0.00 0.00 0.00 0.00 0.00 0.00 0.00 0.00 0.00 0.00 0.00 0.00 0.00 0.00 0.00 0.00 0.00 0.00 0.00 0.00 0.00 0.00 0.00 0.00 0.00 0.00 0.00 0.00 0.00 0.00 0.00 0.00 0.00 0.00 0.02 0.03 0.05 0.06 0.07 0.08 0.09 0.10 0.11 0.11 0.12 0.12 0.13 0.13 0.13 0.13
0.84 0.82 0.81 0.79 0.76 0.73 0.71 0.67 0.64 0.61 0.57 0.53 0.50 0.46 0.42 0.39 0.35 0.32 0.28 0.25 0.21 0.18 0.14 0.11 0.08 0.04 0.01 0.00 0.00 0.00 0.00 0.00 0.00 0.00 0.00 0.00 0.00 0.00 0.00 0.00 0.00 0.00 0.00 0.00 0.00 0.00 0.00 0.00 0.00 0.00 0.00 0.00 0.00 0.00 0.00 0.00 0.00 0.00 0.00 0.00 0.00 0.00 0.00 0.00 0.00 0.00 0.00 0.00 0.02 0.03 0.05 0.06 0.07 0.08 0.09 0.10 0.11 0.11 0.12 0.12 0.13 0.13 0.13 0.13
0.81 0.79 0.78 0.76 0.74 0.71 0.69 0.66 0.62 0.59 0.56 0.52 0.48 0.45 0.41 0.38 0.34 0.30 0.27 0.23 0.20 0.17 0.13 0.10 0.07 0.03 0.00 0.00 0.00 0.00 0.00 0.00 0.00 0.00 0.00 0.00 0.00 0.00 0.00 0.00 0.00 0.00 0.00 0.00 0.00 0.00 0.00 0.00 0.00 0.00 0.00 0.00 0.00 0.00 0.00 0.00 0.00 0.00 0.00 0.00 0.00 0.00 0.00 0.00 0.00 0.00 0.00 0.00 0.02 0.03 0.05 0.06 0.07 0.08 0.09 0.10 0.11 0.11 0.12 0.12 0.13 0.13 0.13 0.13
0.77 0.76 0.75 0.74 0.72 0.69 0.67 0.64 0.61 0.58 0.54 0.51 0.47 0.44 0.40 0.36 0.33 0.29 0.26 0.22 0.19 0.15 0.12 0.09 0.05 0.02 0.00 0.00 0.00 0.00 0.00 0.00 0.00 0.00 0.00 0.00 0.00 0.00 0.00 0.00 0.00 0.00 0.00 0.00 0.00 0.00 0.00 0.00 0.00 0.00 0.00 0.00 0.00 0.00 0.00 0.00 0.00 0.00 0.00 0.00 0.00 0.00 0.00 0.00 0.00 0.00 0.00 0.00 0.02 0.03 0.05 0.06 0.07 0.08 0.09 0.10 0.11 0.11 0.12 0.12 0.13 0.13 0.13 0.13
0.74 0.73 0.72 0.71 0.69 0.67 0.65 0.62 0.59 0.56 0.53 0.49 0.46 0.42 0.39 0.35 0.32 0.28 0.25 0.21 0.18 0.14 0.11 0.08 0.04 0.01 0.00 0.00 0.00 0.00 0.00 0.00 0.00 0.00 0.00 0.00 0.00 0.00 0.00 0.00 0.00 0.00 0.00 0.00 0.00 0.00 0.00 0.00 0.00 0.00 0.00 0.00 0.00 0.00 0.00 0.00 0.00 0.00 0.00 0.00 0.00 0.00 0.00 0.00 0.00 0.00 0.00 0.00 0.02 0.03 0.05 0.06 0.07 0.08 0.09 0.10 0.11 0.11 0.12 0.12 0.13 0.13 0.13 0.13
