data_output/RCH/Precip_2004_12.asc
ncols        168
nrows        136
xllcorner    455000
yllcorner    2107000
cellsize     500
NODATA_value     -99999
[rows 0 to 37 of 136, columns 0 to 83 of 168]
2.15 2.15 2.15 2.15 2.14 2.14 2.13 2.12 2.11 2.10 2.08 2.07 2.05 2.03 2.00 1.98 1.95 1.93 1.90 1.87 1.84 1.81 1.78 1.74 1.71 1.68 1.65 1.61 1.58 1.55 1.52 1.49 1.46 1.43 1.40 1.39 1.38 1.37 1.37 1.37 1.38 1.39 1.40 1.42 1.44 1.46 1.49 1.51 1.54 1.57 1.60 1.63 1.66 1.68 1.71 1.74 1.77 1.79 1.81 1.83 1.85 1.86 1.88 1.89 1.90 1.90 1.91 1.91 1.90 1.90 1.89 1.88 1.86 1.85 1.83 1.80 1.78 1.75 1.72 1.70 1.66 1.63 1.60 1.57
2.12 2.12 2.12 2.12 2.11 2.11 2.10 2.09 2.08 2.07 2.06 2.04 2.02 2.00 1.98 1.96 1.93 1.91 1.88 1.85 1.82 1.79 1.76 1.73 1.70 1.67 1.64 1.61 1.57 1.54 1.51 1.48 1.45 1.43 1.41 1.39 1.38 1.37 1.37 1.38 1.38 1.40 1.41 1.43 1.45 1.47 1.50 1.53 1.55 1.58 1.61 1.64 1.67 1.70 1.73 1.76 1.78 1.81 1.83 1.85 1.87 1.89 1.90 1.91 1.92 1.93 1.93 1.93 1.93 1.93 1.92 1.91 1.89 1.88 1.86 1.84 1.81 1.79 1.76 1.73 1.70 1.67 1.64 1.60
2.09 2.09 2.09 2.09 2.08 2.08 2.07 2.06 2.05 2.04 2.03 2.01 2.00 1.98 1.96 1.94 1.91 1.89 1.86 1.83 1.81 1.78 1.75 1.72 1.69 1.66 1.63 1.60 1.57 1.54 1.51 1.48 1.45 1.43 1.41 1.39 1.38 1.38 1.38 1.38 1.39 1.41 1.42 1.44 1.46 1.49 1.51 1.54 1.57 1.60 1.63 1.66 1.69 1.72 1.75 1.78 1.80 1.83 1.85 1.87 1.89 1.91 1.92 1.93 1.94 1.95 1.96 1.96 1.96 1.95 1.95 1.94 1.93 1.91 1.89 1.87 1.85 1.82 1.80 1.77 1.74 1.71 1.67 1.64
2.06 2.06 2.06 2.06 2.05 2.05 2.04 2.03 2.02 2.01 2.00 1.98 1.97 1.95 1.93 1.91 1.89 1.87 1.84 1.82 1.79 1.76 1.73 1.71 1.68 1.65 1.62 1.59 1.56 1.53 1.51 1.48 1.45 1.43 1.41 1.39 1.39 1.38 1.38 1.39 1.40 1.41 1.43 1.45 1.47 1.50 1.53 1.55 1.58 1.61 1.65 1.68 1.71 1.74 1.77 1.80 1.82 1.85 1.87 1.89 1.91 1.93 1.94 1.96 1.97 1.98 1.98 1.98 1.98 1.98 1.98 1.97 1.96 1.94 1.93 1.91 1.89 1.86 1.84 1.81 1.78 1.75 1.71 1.68
2.03 2.03 2.03 2.03 2.02 2.02 2.01 2.00 1.99 1.98 1.97 1.95 1.94 1.92 1.91 1.89 1.87 1.84 1.82 1.80 1.77 1.75 1.72 1.69 1.67 1.64 1.61 1.58 1.55 1.53 1.50 1.48 1.45 1.43 1.41 1.40 1.39 1.39 1.39 1.40 1.41 1.42 1.44 1.46 1.49 1.51 1.54 1.57 1.60 1.63 1.66 1.69 1.73 1.76 1.79 1.82 1.84 1.87 1.89 1.91 1.93 1.95 1.97 1.98 1.99 2.00 2.01 2.01 2.01 2.01 2.01 2.00 1.99 1.98 1.96 1.94 1.92 1.90 1.87 1.85 1.82 1.79 1.75 1.72
2.00 2.00 2.00 2.00 1.99 1.99 1.98 1.97 1.96 1.95 1.94 1.93 1.91 1.90 1.88 1.86 1.84 1.82 1.80 1.78 1.75 1.73 1.70 1.68 1.65 1.63 1.60 1.57 1.55 1.52 1.50 1.47 1.45 1.43 1.41 1.40 1.39 1.39 1.40 1.41 1.42 1.43 1.45 1.47 1.50 1.53 1.55 1.58 1.62 1.65 1.68 1.71 1.75 1.78 1.81 1.83 1.86 1.89 1.91 1.93 1.95 1.97 1.99 2.00 2.01 2.02 2.03 2.04 2.04 2.04 2.04 2.03 2.02 2.01 2.00 1.98 1.96 1.94 1.91 1.88 1.86 1.83 1.79 1.76
1.97 1.97 1.97 1.97 1.96 1.96 1.95 1.94 1.93 1.92 1.91 1.90 1.88 1.87 1.85 1.84 1.82 1.80 1.78 1.76 1.73 1.71 1.69 1.66 1.64 1.61 1.59 1.56 1.54 1.52 1.49 1.47 1.45 1.43 1.41 1.40 1.40 1.40 1.40 1.41 1.43 1.44 1.46 1.49 1.51 1.54 1.57 1.60 1.63 1.67 1.70 1.73 1.76 1.80 1.83 1.85 1.88 1.91 1.93 1.95 1.97 1.99 2.01 2.03 2.04 2.05 2.06 2.06 2.07 2.07 2.07 2.06 2.05 2.04 2.03 2.01 1.99 1.97 1.95 1.92 1.90 1.87 1.83 1.80
1.93 1.94 1.94 1.93 1.93 1.93 1.92 1.91 1.90 1.89 1.88 1.87 1.85 1.84 1.82 1.81 1.79 1.77 1.76 1.74 1.71 1.69 1.67 1.65 1.63 1.60 1.58 1.56 1.53 1.51 1.49 1.47 1.44 1.43 1.41 1.40 1.40 1.40 1.41 1.42 1.44 1.45 1.48 1.50 1.53 1.55 1.59 1.62 1.65 1.68 1.72 1.75 1.78 1.81 1.84 1.87 1.90 1.93 1.95 1.97 1.99 2.01 2.03 2.05 2.06 2.07 2.08 2.09 2.09 2.09 2.09 2.09 2.08 2.08 2.06 2.05 2.03 2.01 1.99 1.96 1.93 1.91 1.87 1.84
1.90 1.90 1.90 1.90 1.90 1.89 1.89 1.88 1.87 1.86 1.85 1.84 1.83 1.81 1.80 1.78 1.77 1.75 1.73 1.71 1.69 1.67 1.65 1.63 1.61 1.59 1.57 1.55 1.52 1.50 1.48 1.46 1.44 1.43 1.41 1.41 1.41 1.41 1.42 1.43 1.44 1.46 1.49 1.51 1.54 1.57 1.60 1.63 1.67 1.70 1.74 1.77 1.80 1.83 1.86 1.89 1.92 1.94 1.97 1.99 2.01 2.03 2.05 2.07 2.08 2.10 2.11 2.11 2.12 2.12 2.12 2.12 2.12 2.11 2.10 2.08 2.07 2.05 2.03 2.00 1.97 1.95 1.91 1.88
1.87 1.87 1.87 1.87 1.87 1.86 1.86 1.85 1.84 1.83 1.82 1.81 1.80 1.78 1.77 1.75 1.74 1.72 1.71 1.69 1.67 1.65 1.64 1.62 1.60 1.58 1.56 1.53 1.51 1.50 1.48 1.46 1.44 1.42 1.41 1.41 1.41 1.41 1.42 1.44 1.45 1.47 1.50 1.52 1.55 1.58 1.62 1.65 1.69 1.72 1.75 1.79 1.82 1.85 1.88 1.91 1.94 1.96 1.99 2.01 2.03 2.05 2.07 2.09 2.10 2.12 2.13 2.14 2.14 2.15 2.15 2.15 2.14 2.14 2.13 2.12 2.10 2.08 2.06 2.04 2.01 1.98 1.95 1.92
1.84 1.84 1.84 1.84 1.83 1.83 1.82 1.82 1.81 1.80 1.79 1.78 1.77 1.75 1.74 1.73 1.71 1.70 1.68 1.67 1.65 1.63 1.62 1.60 1.58 1.56 1.54 1.52 1.51 1.49 1.47 1.45 1.44 1.42 1.41 1.41 1.41 1.42 1.43 1.44 1.46 1.48 1.51 1.54 1.57 1.60 1.63 1.67 1.70 1.74 1.77 1.80 1.83 1.87 1.90 1.92 1.95 1.98 2.00 2.03 2.05 2.07 2.09 2.11 2.12 2.14 2.15 2.16 2.17 2.17 2.17 2.17 2.17 2.17 2.16 2.15 2.13 2.12 2.10 2.08 2.05 2.02 1.99 1.96
1.80 1.81 1.81 1.80 1.80 1.80 1.79 1.79 1.78 1.77 1.76 1.75 1.74 1.73 1.71 1.70 1.69 1.67 1.66 1.64 1.63 1.61 1.60 1.58 1.56 1.55 1.53 1.51 1.50 1.48 1.46 1.45 1.43 1.42 1.41 1.41 1.42 1.42 1.44 1.45 1.47 1.50 1.52 1.55 1.58 1.62 1.65 1.68 1.72 1.75 1.78 1.82 1.85 1.88 1.91 1.94 1.97 1.99 2.02 2.04 2.07 2.09 2.11 2.13 2.14 2.16 2.17 2.18 2.19 2.20 2.20 2.20 2.20 2.20 2.19 2.18 2.17 2.15 2.13 2.11 2.09 2.06 2.03 2.00
1.77 1.77 1.77 1.77 1.77 1.76 1.76 1.75 1.75 1.74 1.73 1.72 1.71 1.70 1.68 1.67 1.66 1.65 1.63 1.62 1.60 1.59 1.58 1.56 1.55 1.53 1.52 1.50 1.49 1.47 1.46 1.44 1.43 1.42 1.41 1.41 1.42 1.43 1.44 1.46 1.48 1.51 1.53 1.56 1.60 1.63 1.66 1.70 1.73 1.77 1.80 1.83 1.86 1.89 1.92 1.95 1.98 2.01 2.03 2.06 2.08 2.10 2.12 2.14 2.16 2.18 2.19 2.20 2.21 2.22 2.22 2.22 2.22 2.22 2.22 2.21 2.20 2.18 2.17 2.15 2.12 2.10 2.07 2.04
1.74 1.74 1.74 1.74 1.74 1.73 1.73 1.72 1.71 1.71 1.70 1.69 1.68 1.67 1.66 1.64 1.63 1.62 1.61 1.59 1.58 1.57 1.56 1.54 1.53 1.52 1.50 1.49 1.48 1.46 1.45 1.44 1.43 1.42 1.41 1.42 1.42 1.43 1.45 1.47 1.49 1.52 1.55 1.58 1.61 1.64 1.68 1.71 1.74 1.78 1.81 1.84 1.87 1.90 1.93 1.96 1.99 2.02 2.05 2.07 2.10 2.12 2.14 2.16 2.18 2.19 2.21 2.22 2.23 2.24 2.24 2.25 2.25 2.25 2.24 2.24 2.23 2.21 2.20 2.18 2.16 2.13 2.11 2.08
1.70 1.71 1.71 1.70 1.70 1.70 1.69 1.69 1.68 1.67 1.67 1.66 1.65 1.64 1.63 1.62 1.60 1.59 1.58 1.57 1.56 1.55 1.53 1.52 1.51 1.50 1.49 1.48 1.46 1.45 1.44 1.43 1.42 1.42 1.41 1.42 1.43 1.44 1.45 1.48 1.50 1.53 1.56 1.59 1.62 1.66 1.69 1.72 1.76 1.79 1.82 1.85 1.88 1.91 1.94 1.97 2.00 2.03 2.06 2.08 2.11 2.13 2.15 2.17 2.19 2.21 2.22 2.23 2.24 2.25 2.26 2.27 2.27 2.27 2.27 2.26 2.25 2.24 2.23 2.21 2.19 2.17 2.14 2.11
1.67 1.67 1.67 1.67 1.67 1.66 1.66 1.66 1.65 1.64 1.63 1.63 1.62 1.61 1.60 1.59 1.58 1.57 1.56 1.54 1.53 1.52 1.51 1.50 1.49 1.48 1.47 1.46 1.45 1.44 1.43 1.43 1.42 1.41 1.41 1.42 1.43 1.44 1.46 1.48 1.51 1.54 1.57 1.60 1.63 1.67 1.70 1.73 1.76 1.80 1.83 1.86 1.89 1.92 1.95 1.98 2.01 2.04 2.06 2.09 2.12 2.14 2.16 2.18 2.20 2.22 2.23 2.25 2.26 2.27 2.28 2.28 2.29 2.29 2.29 2.28 2.28 2.27 2.25 2.24 2.22 2.20 2.18 2.15
1.63 1.64 1.64 1.64 1.63 1.63 1.63 1.62 1.62 1.61 1.60 1.59 1.59 1.58 1.57 1.56 1.55 1.54 1.53 1.52 1.51 1.50 1.49 1.48 1.47 1.46 1.46 1.45 1.44 1.43 1.43 1.42 1.41 1.41 1.41 1.42 1.43 1.45 1.47 1.49 1.52 1.55 1.58 1.61 1.64 1.67 1.71 1.74 1.77 1.80 1.83 1.86 1.90 1.93 1.96 1.99 2.02 2.04 2.07 2.10 2.12 2.15 2.17 2.19 2.21 2.23 2.24 2.26 2.27 2.28 2.29 2.30 2.30 2.30 2.30 2.30 2.30 2.29 2.28 2.27 2.25 2.23 2.21 2.18
1.60 1.60 1.60 1.60 1.60 1.60 1.59 1.59 1.58 1.58 1.57 1.56 1.56 1.55 1.54 1.53 1.52 1.51 1.50 1.49 1.49 1.48 1.47 1.46 1.45 1.45 1.44 1.43 1.43 1.42 1.42 1.41 1.41 1.41 1.41 1.42 1.43 1.45 1.47 1.50 1.53 1.56 1.59 1.62 1.65 1.68 1.71 1.74 1.77 1.80 1.84 1.87 1.90 1.93 1.96 1.99 2.02 2.05 2.07 2.10 2.12 2.15 2.17 2.19 2.21 2.23 2.25 2.27 2.28 2.29 2.30 2.31 2.32 2.32 2.32 2.32 2.32 2.31 2.30 2.29 2.27 2.26 2.24 2.21
1.56 1.56 1.56 1.56 1.56 1.56 1.56 1.55 1.55 1.54 1.54 1.53 1.52 1.52 1.51 1.50 1.49 1.49 1.48 1.47 1.46 1.45 1.45 1.44 1.43 1.43 1.42 1.42 1.41 1.41 1.41 1.41 1.40 1.40 1.41 1.42 1.43 1.45 1.48 1.50 1.53 1.56 1.59 1.62 1.65 1.68 1.71 1.74 1.77 1.80 1.84 1.87 1.90 1.93 1.96 1.99 2.02 2.05 2.07 2.10 2.13 2.15 2.17 2.20 2.22 2.24 2.25 2.27 2.29 2.30 2.31 2.32 2.33 2.33 2.33 2.33 2.33 2.33 2.32 2.31 2.30 2.28 2.26 2.24
1.53 1.53 1.53 1.53 1.53 1.53 1.52 1.52 1.52 1.51 1.50 1.50 1.49 1.49 1.48 1.47 1.46 1.46 1.45 1.44 1.44 1.43 1.42 1.42 1.41 1.41 1.41 1.40 1.40 1.40 1.40 1.40 1.40 1.40 1.41 1.42 1.44 1.46 1.48 1.51 1.53 1.56 1.59 1.62 1.65 1.68 1.71 1.74 1.77 1.80 1.83 1.86 1.89 1.92 1.95 1.98 2.01 2.04 2.07 2.10 2.12 2.15 2.17 2.19 2.22 2.24 2.26 2.27 2.29 2.30 2.31 2.32 2.33 2.34 2.34 2.34 2.34 2.34 2.33 2.33 2.31 2.30 2.28 2.26
1.49 1.49 1.49 1.49 1.49 1.49 1.49 1.48 1.48 1.48 1.47 1.47 1.46 1.45 1.45 1.44 1.44 1.43 1.42 1.42 1.41 1.41 1.40 1.40 1.39 1.39 1.39 1.39 1.39 1.39 1.39 1.39 1.39 1.40 1.40 1.42 1.44 1.46 1.48 1.51 1.53 1.56 1.59 1.62 1.64 1.67 1.70 1.73 1.76 1.80 1.83 1.86 1.89 1.92 1.95 1.98 2.01 2.04 2.06 2.09 2.12 2.14 2.17 2.19 2.21 2.23 2.25 2.27 2.29 2.30 2.32 2.33 2.34 2.34 2.35 2.35 2.35 2.35 2.35 2.34 2.33 2.32 2.30 2.28
1.45 1.45 1.45 1.46 1.45 1.45 1.45 1.45 1.45 1.44 1.44 1.43 1.43 1.42 1.42 1.41 1.41 1.40 1.40 1.39 1.39 1.38 1.38 1.38 1.37 1.37 1.37 1.37 1.37 1.37 1.38 1.38 1.38 1.39 1.40 1.42 1.44 1.46 1.48 1.51 1.53 1.56 1.58 1.61 1.64 1.67 1.70 1.73 1.76 1.79 1.82 1.85 1.88 1.91 1.94 1.97 2.00 2.02 2.05 2.08 2.11 2.13 2.16 2.18 2.20 2.23 2.25 2.27 2.28 2.30 2.31 2.32 2.34 2.34 2.35 2.35 2.36 2.36 2.35 2.35 2.34 2.33 2.32 2.30
1.41 1.41 1.42 1.42 1.42 1.42 1.42 1.41 1.41 1.41 1.40 1.40 1.40 1.39 1.39 1.38 1.38 1.37 1.37 1.37 1.36 1.36 1.36 1.35 1.35 1.35 1.35 1.35 1.36 1.36 1.36 1.37 1.38 1.39 1.40 1.42 1.43 1.45 1.48 1.50 1.52 1.55 1.57 1.60 1.63 1.65 1.68 1.71 1.74 1.77 1.80 1.83 1.86 1.89 1.92 1.95 1.98 2.01 2.04 2.07 2.09 2.12 2.15 2.17 2.19 2.22 2.24 2.26 2.27 2.29 2.31 2.32 2.33 2.34 2.35 2.35 2.36 2.36 2.36 2.35 2.35 2.34 2.33 2.31
1.37 1.38 1.38 1.38 1.38 1.38 1.38 1.38 1.37 1.37 1.37 1.37 1.36 1.36 1.36 1.35 1.35 1.34 1.34 1.34 1.34 1.33 1.33 1.33 1.33 1.33 1.34 1.34 1.34 1.35 1.35 1.36 1.37 1.38 1.39 1.41 1.43 1.45 1.47 1.49 1.51 1.53 1.56 1.59 1.61 1.64 1.67 1.70 1.73 1.75 1.78 1.81 1.84 1.87 1.90 1.93 1.96 1.99 2.02 2.05 2.08 2.10 2.13 2.15 2.18 2.20 2.22 2.24 2.26 2.28 2.30 2.31 2.32 2.33 2.34 2.35 2.35 2.36 2.36 2.35 2.35 2.34 2.33 2.32
1.33 1.34 1.34 1.34 1.34 1.34 1.34 1.34 1.34 1.34 1.33 1.33 1.33 1.33 1.32 1.32 1.32 1.32 1.31 1.31 1.31 1.31 1.31 1.31 1.31 1.31 1.32 1.32 1.33 1.33 1.34 1.35 1.36 1.37 1.38 1.40 1.42 1.43 1.45 1.47 1.50 1.52 1.54 1.57 1.59 1.62 1.65 1.68 1.70 1.73 1.76 1.79 1.82 1.85 1.88 1.91 1.94 1.97 2.00 2.03 2.05 2.08 2.11 2.13 2.16 2.18 2.20 2.23 2.25 2.26 2.28 2.30 2.31 2.32 2.33 2.34 2.35 2.35 2.35 2.35 2.35 2.34 2.33 2.32
1.30 1.30 1.30 1.30 1.31 1.31 1.31 1.31 1.30 1.30 1.30 1.30 1.30 1.29 1.29 1.29 1.29 1.29 1.29 1.29 1.29 1.29 1.29 1.29 1.29 1.30 1.30 1.31 1.31 1.32 1.33 1.34 1.35 1.36 1.38 1.39 1.40 1.42 1.44 1.46 1.48 1.50 1.52 1.55 1.57 1.60 1.63 1.65 1.68 1.71 1.74 1.77 1.80 1.83 1.86 1.89 1.92 1.95 1.97 2.00 2.03 2.06 2.09 2.11 2.14 2.16 2.18 2.21 2.23 2.25 2.26 2.28 2.29 2.31 2.32 2.33 2.34 2.34 2.34 2.35 2.34 2.34 2.33 2.32
1.26 1.26 1.27 1.27 1.27 1.27 1.27 1.27 1.27 1.27 1.27 1.27 1.27 1.26 1.26 1.26 1.26 1.26 1.26 1.26 1.26 1.26 1.27 1.27 1.27 1.28 1.28 1.29 1.30 1.31 1.32 1.33 1.34 1.35 1.37 1.38 1.39 1.41 1.42 1.44 1.46 1.48 1.51 1.53 1.55 1.58 1.60 1.63 1.66 1.69 1.72 1.74 1.77 1.80 1.83 1.86 1.89 1.92 1.95 1.98 2.01 2.03 2.06 2.09 2.11 2.14 2.16 2.18 2.21 2.23 2.24 2.26 2.28 2.29 2.30 2.31 2.32 2.33 2.33 2.34 2.34 2.33 2.33 2.32
1.23 1.23 1.23 1.24 1.24 1.24 1.24 1.24 1.24 1.24 1.24 1.24 1.24 1.24 1.24 1.23 1.23 1.23 1.24 1.24 1.24 1.24 1.24 1.25 1.25 1.26 1.27 1.27 1.28 1.29 1.31 1.32 1.33 1.34 1.36 1.37 1.38 1.40 1.41 1.43 1.45 1.47 1.49 1.51 1.53 1.56 1.58 1.61 1.64 1.66 1.69 1.72 1.75 1.78 1.81 1.84 1.87 1.89 1.92 1.95 1.98 2.01 2.04 2.06 2.09 2.11 2.14 2.16 2.18 2.20 2.22 2.24 2.26 2.27 2.29 2.30 2.31 2.32 2.32 2.32 2.33 2.33 2.32 2.32
1.20 1.20 1.20 1.21 1.21 1.21 1.21 1.21 1.21 1.21 1.21 1.21 1.21 1.21 1.21 1.21 1.21 1.21 1.21 1.21 1.22 1.22 1.22 1.23 1.23 1.24 1.25 1.26 1.27 1.28 1.29 1.31 1.32 1.33 1.34 1.36 1.37 1.38 1.40 1.41 1.43 1.45 1.47 1.49 1.51 1.54 1.56 1.59 1.61 1.64 1.67 1.69 1.72 1.75 1.78 1.81 1.84 1.87 1.90 1.93 1.95 1.98 2.01 2.04 2.06 2.09 2.11 2.14 2.16 2.18 2.20 2.22 2.24 2.25 2.27 2.28 2.29 2.30 2.31 2.31 2.31 2.31 2.31 2.31
1.17 1.17 1.17 1.18 1.18 1.18 1.18 1.18 1.18 1.18 1.18 1.18 1.18 1.18 1.18 1.18 1.18 1.19 1.19 1.19 1.19 1.20 1.20 1.21 1.22 1.22 1.23 1.24 1.25 1.27 1.28 1.29 1.31 1.32 1.33 1.35 1.36 1.37 1.39 1.40 1.42 1.43 1.45 1.47 1.49 1.52 1.54 1.56 1.59 1.62 1.64 1.67 1.70 1.73 1.75 1.78 1.81 1.84 1.87 1.90 1.93 1.95 1.98 2.01 2.03 2.06 2.09 2.11 2.13 2.15 2.18 2.20 2.21 2.23 2.25 2.26 2.27 2.28 2.29 2.30 2.30 2.30 2.30 2.30
1.14 1.14 1.15 1.15 1.15 1.15 1.15 1.15 1.15 1.15 1.15 1.15 1.16 1.16 1.16 1.16 1.16 1.16 1.16 1.17 1.17 1.18 1.18 1.19 1.20 1.21 1.22 1.23 1.24 1.25 1.26 1.28 1.29 1.31 1.32 1.33 1.35 1.36 1.37 1.39 1.40 1.42 1.44 1.45 1.47 1.50 1.52 1.54 1.57 1.59 1.62 1.64 1.67 1.70 1.73 1.76 1.78 1.81 1.84 1.87 1.90 1.93 1.95 1.98 2.01 2.03 2.06 2.08 2.11 2.13 2.15 2.17 2.19 2.21 2.22 2.24 2.25 2.26 2.27 2.28 2.28 2.29 2.29 2.29
1.12 1.12 1.12 1.12 1.13 1.13 1.13 1.13 1.13 1.13 1.13 1.13 1.13 1.13 1.13 1.13 1.14 1.14 1.14 1.14 1.15 1.16 1.16 1.17 1.18 1.19 1.20 1.21 1.22 1.24 1.25 1.26 1.28 1.29 1.31 1.32 1.33 1.35 1.36 1.37 1.39 1.40 1.42 1.44 1.46 1.48 1.50 1.52 1.54 1.57 1.59 1.62 1.65 1.67 1.70 1.73 1.76 1.78 1.81 1.84 1.87 1.90 1.92 1.95 1.98 2.00 2.03 2.05 2.08 2.10 2.12 2.14 2.16 2.18 2.20 2.21 2.23 2.24 2.25 2.26 2.26 2.27 2.27 2.27
1.09 1.10 1.10 1.10 1.10 1.10 1.10 1.10 1.10 1.10 1.10 1.10 1.11 1.11 1.11 1.11 1.11 1.11 1.12 1.12 1.13 1.13 1.14 1.15 1.16 1.17 1.18 1.19 1.21 1.22 1.23 1.25 1.26 1.28 1.29 1.31 1.32 1.33 1.35 1.36 1.38 1.39 1.40 1.42 1.44 1.46 1.48 1.50 1.52 1.54 1.57 1.59 1.62 1.65 1.67 1.70 1.73 1.75 1.78 1.81 1.84 1.87 1.89 1.92 1.95 1.97 2.00 2.02 2.05 2.07 2.09 2.11 2.13 2.15 2.17 2.19 2.20 2.21 2.23 2.24 2.24 2.25 2.25 2.25
1.07 1.07 1.07 1.08 1.08 1.08 1.08 1.08 1.08 1.08 1.08 1.08 1.08 1.08 1.08 1.09 1.09 1.09 1.10 1.10 1.11 1.11 1.12 1.13 1.14 1.15 1.16 1.17 1.19 1.20 1.22 1.23 1.25 1.26 1.27 1.29 1.30 1.32 1.33 1.35 1.36 1.38 1.39 1.40 1.42 1.44 1.46 1.48 1.50 1.52 1.54 1.57 1.59 1.62 1.64 1.67 1.70 1.73 1.75 1.78 1.81 1.84 1.86 1.89 1.92 1.94 1.97 1.99 2.02 2.04 2.06 2.09 2.11 2.13 2.14 2.16 2.18 2.19 2.20 2.21 2.22 2.23 2.23 2.23
1.05 1.05 1.05 1.05 1.05 1.05 1.05 1.05 1.05 1.05 1.06 1.06 1.06 1.06 1.06 1.06 1.06 1.07 1.07 1.08 1.08 1.09 1.10 1.11 1.12 1.13 1.14 1.16 1.17 1.18 1.20 1.21 1.23 1.24 1.26 1.27 1.29 1.30 1.32 1.33 1.35 1.36 1.37 1.39 1.40 1.42 1.44 1.46 1.48 1.50 1.52 1.54 1.57 1.59 1.62 1.64 1.67 1.70 1.72 1.75 1.78 1.80 1.83 1.86 1.88 1.91 1.94 1.96 1.99 2.01 2.03 2.05 2.08 2.10 2.11 2.13 2.15 2.16 2.17 2.19 2.19 2.20 2.21 2.21
1.03 1.03 1.03 1.03 1.03 1.03 1.03 1.03 1.03 1.03 1.03 1.03 1.03 1.03 1.04 1.04 1.04 1.04 1.05 1.05 1.06 1.07 1.08 1.09 1.10 1.11 1.12 1.14 1.15 1.16 1.18 1.19 1.21 1.23 1.24 1.26 1.27 1.29 1.30 1.32 1.33 1.35 1.36 1.37 1.39 1.40 1.42 1.44 1.46 1.48 1.50 1.52 1.54 1.57 1.59 1.61 1.64 1.67 1.69 1.72 1.75 1.77 1.80 1.83 1.85 1.88 1.90 1.93 1.95 1.98 2.00 2.02 2.04 2.06 2.08 2.10 2.12 2.13 2.15 2.16 2.17 2.18 2.18 2.18
1.01 1.01 1.01 1.01 1.01 1.01 1.01 1.01 1.01 1.01 1.01 1.01 1.01 1.01 1.01 1.01 1.02 1.02 1.03 1.03 1.04 1.05 1.05 1.06 1.08 1.09 1.10 1.12 1.13 1.14 1.16 1.18 1.19 1.21 1.22 1.24 1.25 1.27 1.28 1.30 1.31 1.33 1.34 1.36 1.37 1.39 1.40 1.42 1.43 1.45 1.47 1.49 1.52 1.54 1.56 1.59 1.61 1.64 1.66 1.69 1.71 1.74 1.77 1.79 1.82 1.85 1.87 1.90 1.92 1.94 1.97 1.99 2.01 2.03 2.05 2.07 2.09 2.10 2.12 2.13 2.14 2.14 2.15 2.14
0.99 0.99 0.99 0.99 0.99 0.99 0.99 0.99 0.99 0.99 0.98 0.98 0.98 0.99 0.99 0.99 0.99 1.00 1.00 1.01 1.01 1.02 1.03 1.04 1.05 1.07 1.08 1.09 1.11 1.12 1.14 1.16 1.17 1.19 1.20 1.22 1.24 1.25 1.27 1.28 1.30 1.31 1.33 1.34 1.36 1.37 1.38 1.40 1.41 1.43 1.45 1.47 1.49 1.51 1.54 1.56 1.58 1.61 1.63 1.66 1.68 1.71 1.73 1.76 1.79 1.81 1.84 1.86 1.89 1.91 1.93 1.96 1.98 2.00 2.02 2.04 2.05 2.07 2.08 2.10 2.11 2.11 2.11 2.10
