data_output/RCH/Precip_2012_03.asc
ncols        168
nrows        136
xllcorner    455000
yllcorner    2107000
cellsize     500
NODATA_value     -99999
[rows 70 to 104 of 136, columns 79 to 157 of 168]
9.02 7.93 6.89 5.90 4.95 4.06 3.22 2.43 1.69 1.01 0.39 0.00 0.00 0.00 0.00 0.00 0.00 0.00 0.00 0.00 0.00 0.00 0.00 0.00 0.00 0.00 0.00 0.00 0.00 0.00 0.34 0.75 1.16 1.59 2.04 2.49 2.95 3.43 3.91 4.40 4.90 5.41 5.92 6.44 6.97 7.49 8.03 8.56 9.10 9.64 10.18 10.73 11.29 11.87 12.45 13.03 13.63 14.23 14.84 15.44 16.06 16.67 17.29 17.90 18.52 19.13 19.74 20.35 20.95 21.55 22.15 22.73 23.31 23.88 24.44 24.98 25.51 26.01 26.49
8.93 7.84 6.79 5.79 4.84 3.93 3.08 2.28 1.52 0.83 0.19 0.00 0.00 0.00 0.00 0.00 0.00 0.00 0.00 0.00 0.00 0.00 0.00 0.00 0.00 0.00 0.00 0.00 0.00 0.00 0.00 0.17 0.59 1.02 1.47 1.92 2.39 2.86 3.35 3.84 4.34 4.85 5.36 5.88 6.40 6.93 7.46 7.99 8.52 9.06 9.59 10.14 10.70 11.27 11.85 12.43 13.03 13.62 14.23 14.83 15.44 16.06 16.67 17.28 17.90 18.51 19.12 19.73 20.33 20.93 21.52 22.11 22.68 23.25 23.81 24.35 24.87 25.36 25.82
8.84 7.75 6.70 5.69 4.73 3.82 2.96 2.14 1.38 0.67 0.01 0.00 0.00 0.00 0.00 0.00 0.00 0.00 0.00 0.00 0.00 0.00 0.00 0.00 0.00 0.00 0.00 0.00 0.00 0.00 0.00 0.00 0.03 0.46 0.91 1.36 1.83 2.31 2.79 3.29 3.79 4.29 4.80 5.32 5.84 6.37 6.89 7.42 7.95 8.48 9.02 9.56 10.12 10.68 11.26 11.84 12.43 13.02 13.62 14.23 14.83 15.44 16.05 16.67 17.28 17.89 18.50 19.10 19.71 20.30 20.89 21.48 22.06 22.62 23.18 23.70 24.21 24.68 25.14
8.76 7.67 6.62 5.61 4.64 3.73 2.86 2.03 1.26 0.54 0.00 0.00 0.00 0.00 0.00 0.00 0.00 0.00 0.00 0.00 0.00 0.00 0.00 0.00 0.00 0.00 0.00 0.00 0.00 0.00 0.00 0.00 0.00 0.00 0.36 0.82 1.29 1.77 2.25 2.74 3.24 3.75 4.26 4.77 5.29 5.81 6.34 6.86 7.39 7.91 8.44 8.98 9.54 10.10 10.67 11.25 11.83 12.42 13.02 13.62 14.23 14.83 15.44 16.05 16.66 17.27 17.88 18.48 19.08 19.68 20.27 20.85 21.43 21.99 22.53 23.04 23.53 24.00 24.44
8.69 7.59 6.54 5.53 4.57 3.65 2.77 1.95 1.17 0.44 0.00 0.00 0.00 0.00 0.00 0.00 0.00 0.00 0.00 0.00 0.00 0.00 0.00 0.00 0.00 0.00 0.00 0.00 0.00 0.00 0.00 0.00 0.00 0.00 0.00 0.29 0.76 1.24 1.72 2.21 2.71 3.22 3.72 4.24 4.75 5.27 5.79 6.31 6.83 7.36 7.88 8.42 8.96 9.52 10.09 10.66 11.24 11.83 12.42 13.02 13.62 14.23 14.83 15.44 16.05 16.66 17.26 17.86 18.46 19.06 19.64 20.23 20.79 21.34 21.86 22.36 22.84 23.30 23.73
8.61 7.52 6.48 5.47 4.51 3.59 2.71 1.88 1.10 0.36 0.00 0.00 0.00 0.00 0.00 0.00 0.00 0.00 0.00 0.00 0.00 0.00 0.00 0.00 0.00 0.00 0.00 0.00 0.00 0.00 0.00 0.00 0.00 0.00 0.00 0.00 0.24 0.72 1.20 1.70 2.19 2.70 3.20 3.71 4.22 4.74 5.26 5.77 6.29 6.81 7.33 7.86 8.40 8.95 9.51 10.08 10.66 11.24 11.83 12.43 13.03 13.63 14.23 14.84 15.44 16.04 16.65 17.25 17.84 18.44 19.02 19.60 20.15 20.68 21.19 21.68 22.14 22.59 23.00
8.54 7.46 6.42 5.42 4.46 3.54 2.66 1.83 1.05 0.31 0.00 0.00 0.00 0.00 0.00 0.00 0.00 0.00 0.00 0.00 0.00 0.00 0.00 0.00 0.00 0.00 0.00 0.00 0.00 0.00 0.00 0.00 0.00 0.00 0.00 0.00 0.00 0.22 0.70 1.19 1.69 2.19 2.69 3.20 3.71 4.22 4.73 5.25 5.76 6.27 6.79 7.31 7.85 8.39 8.95 9.52 10.09 10.67 11.25 11.84 12.44 13.04 13.64 14.24 14.84 15.44 16.04 16.64 17.23 17.82 18.40 18.96 19.49 20.01 20.51 20.98 21.43 21.87 22.27
8.46 7.39 6.36 5.37 4.42 3.51 2.63 1.81 1.02 0.29 0.00 0.00 0.00 0.00 0.00 0.00 0.00 0.00 0.00 0.00 0.00 0.00 0.00 0.00 0.00 0.00 0.00 0.00 0.00 0.00 0.00 0.00 0.00 0.00 0.00 0.00 0.00 0.00 0.22 0.71 1.20 1.70 2.20 2.70 3.21 3.72 4.23 4.74 5.24 5.75 6.26 6.78 7.31 7.85 8.40 8.96 9.53 10.10 10.68 11.27 11.86 12.45 13.05 13.65 14.25 14.84 15.44 16.03 16.63 17.21 17.77 18.31 18.83 19.33 19.82 20.28 20.72 21.14 21.54
8.39 7.34 6.32 5.34 4.39 3.49 2.62 1.80 1.02 0.29 0.00 0.00 0.00 0.00 0.00 0.00 0.00 0.00 0.00 0.00 0.00 0.00 0.00 0.00 0.00 0.00 0.00 0.00 0.00 0.00 0.00 0.00 0.00 0.00 0.00 0.00 0.00 0.00 0.00 0.24 0.73 1.23 1.72 2.23 2.73 3.23 3.74 4.24 4.74 5.24 5.74 6.25 6.78 7.32 7.86 8.42 8.98 9.55 10.12 10.71 11.29 11.88 12.47 13.07 13.66 14.26 14.85 15.44 16.02 16.58 17.13 17.66 18.16 18.65 19.12 19.57 20.00 20.41 20.80
8.32 7.28 6.28 5.31 4.38 3.48 2.63 1.81 1.04 0.31 0.00 0.00 0.00 0.00 0.00 0.00 0.00 0.00 0.00 0.00 0.00 0.00 0.00 0.00 0.00 0.00 0.00 0.00 0.00 0.00 0.00 0.00 0.00 0.00 0.00 0.00 0.00 0.00 0.00 0.00 0.28 0.77 1.27 1.76 2.26 2.76 3.26 3.76 4.25 4.75 5.24 5.75 6.27 6.80 7.34 7.89 8.44 9.01 9.58 10.16 10.74 11.32 11.91 12.50 13.09 13.68 14.27 14.85 15.41 15.96 16.49 17.00 17.49 17.97 18.42 18.86 19.28 19.68 20.05
8.24 7.23 6.24 5.29 4.37 3.49 2.65 1.85 1.08 0.36 0.00 0.00 0.00 0.00 0.00 0.00 0.00 0.00 0.00 0.00 0.00 0.00 0.00 0.00 0.00 0.00 0.00 0.00 0.00 0.00 0.00 0.00 0.00 0.00 0.00 0.00 0.00 0.00 0.00 0.00 0.00 0.34 0.83 1.32 1.82 2.31 2.80 3.30 3.79 4.27 4.76 5.26 5.77 6.30 6.83 7.37 7.93 8.48 9.05 9.62 10.20 10.78 11.36 11.94 12.53 13.12 13.69 14.26 14.80 15.33 15.85 16.34 16.82 17.28 17.73 18.15 18.56 18.94 19.31
8.17 7.17 6.21 5.27 4.38 3.51 2.68 1.89 1.14 0.43 0.00 0.00 0.00 0.00 0.00 0.00 0.00 0.00 0.00 0.00 0.00 0.00 0.00 0.00 0.00 0.00 0.00 0.00 0.00 0.00 0.00 0.00 0.00 0.00 0.00 0.00 0.00 0.00 0.00 0.00 0.00 0.00 0.42 0.90 1.39 1.88 2.37 2.85 3.34 3.82 4.30 4.79 5.30 5.81 6.34 6.88 7.42 7.98 8.54 9.10 9.67 10.25 10.82 11.40 11.98 12.56 13.12 13.66 14.19 14.71 15.20 15.69 16.15 16.60 17.03 17.44 17.83 18.21 18.57
8.10 7.12 6.18 5.27 4.39 3.54 2.73 1.96 1.23 0.53 0.00 0.00 0.00 0.00 0.00 0.00 0.00 0.00 0.00 0.00 0.00 0.00 0.00 0.00 0.00 0.00 0.00 0.00 0.00 0.00 0.00 0.00 0.00 0.00 0.00 0.00 0.00 0.00 0.00 0.00 0.00 0.00 0.02 0.51 0.99 1.47 1.95 2.43 2.91 3.38 3.86 4.34 4.84 5.35 5.87 6.40 6.94 7.49 8.04 8.60 9.16 9.73 10.30 10.88 11.45 12.00 12.54 13.07 13.58 14.08 14.56 15.03 15.48 15.92 16.33 16.73 17.12 17.48 17.83
8.02 7.07 6.15 5.27 4.41 3.59 2.80 2.04 1.32 0.64 0.00 0.00 0.00 0.00 0.00 0.00 0.00 0.00 0.00 0.00 0.00 0.00 0.00 0.00 0.00 0.00 0.00 0.00 0.00 0.00 0.00 0.00 0.00 0.00 0.00 0.00 0.00 0.00 0.00 0.00 0.00 0.00 0.00 0.13 0.61 1.09 1.56 2.04 2.51 2.97 3.44 3.91 4.41 4.91 5.42 5.94 6.48 7.02 7.56 8.12 8.67 9.24 9.80 10.36 10.91 11.45 11.97 12.48 12.98 13.46 13.93 14.38 14.82 15.24 15.64 16.03 16.40 16.76 17.09
7.94 7.02 6.13 5.27 4.44 3.64 2.88 2.14 1.44 0.77 0.13 0.00 0.00 0.00 0.00 0.00 0.00 0.00 0.00 0.00 0.00 0.00 0.00 0.00 0.00 0.00 0.00 0.00 0.00 0.00 0.00 0.00 0.00 0.00 0.00 0.00 0.00 0.00 0.00 0.00 0.00 0.00 0.00 0.00 0.26 0.73 1.20 1.66 2.12 2.58 3.04 3.51 3.99 4.49 4.99 5.51 6.03 6.57 7.11 7.65 8.21 8.76 9.31 9.86 10.39 10.90 11.41 11.90 12.38 12.85 13.30 13.74 14.16 14.57 14.96 15.34 15.70 16.04 16.37
7.85 6.97 6.11 5.28 4.48 3.71 2.97 2.25 1.57 0.91 0.29 0.00 0.00 0.00 0.00 0.00 0.00 0.00 0.00 0.00 0.00 0.00 0.00 0.00 0.00 0.00 0.00 0.00 0.00 0.00 0.00 0.00 0.00 0.00 0.00 0.00 0.00 0.00 0.00 0.00 0.00 0.00 0.00 0.00 0.00 0.40 0.86 1.32 1.77 2.22 2.67 3.13 3.60 4.09 4.59 5.10 5.61 6.14 6.67 7.21 7.76 8.30 8.83 9.35 9.86 10.36 10.85 11.33 11.79 12.24 12.68 13.10 13.51 13.91 14.29 14.65 15.00 15.34 15.65
7.77 6.92 6.10 5.30 4.53 3.78 3.06 2.37 1.71 1.07 0.47 0.00 0.00 0.00 0.00 0.00 0.00 0.00 0.00 0.00 0.00 0.00 0.00 0.00 0.00 0.00 0.00 0.00 0.00 0.00 0.00 0.00 0.00 0.00 0.00 0.00 0.00 0.00 0.00 0.00 0.00 0.00 0.00 0.00 0.00 0.09 0.55 1.00 1.44 1.88 2.32 2.78 3.24 3.72 4.21 4.71 5.22 5.74 6.26 6.79 7.32 7.85 8.36 8.86 9.35 9.83 10.30 10.76 11.21 11.65 12.07 12.48 12.87 13.26 13.62 13.98 14.32 14.64 14.95
7.68 6.87 6.08 5.32 4.58 3.86 3.17 2.50 1.86 1.25 0.66 0.10 0.00 0.00 0.00 0.00 0.00 0.00 0.00 0.00 0.00 0.00 0.00 0.00 0.00 0.00 0.00 0.00 0.00 0.00 0.00 0.00 0.00 0.00 0.00 0.00 0.00 0.00 0.00 0.00 0.00 0.00 0.00 0.00 0.00 0.00 0.26 0.71 1.14 1.57 2.01 2.45 2.91 3.38 3.86 4.35 4.85 5.36 5.88 6.39 6.90 7.41 7.90 8.38 8.85 9.32 9.77 10.21 10.64 11.06 11.47 11.87 12.25 12.62 12.97 13.32 13.65 13.96 14.26
7.58 6.81 6.06 5.33 4.63 3.94 3.28 2.64 2.03 1.44 0.87 0.33 0.00 0.00 0.00 0.00 0.00 0.00 0.00 0.00 0.00 0.00 0.00 0.00 0.00 0.00 0.00 0.00 0.00 0.00 0.00 0.00 0.00 0.00 0.00 0.00 0.00 0.00 0.00 0.00 0.00 0.00 0.00 0.00 0.00 0.00 0.01 0.45 0.88 1.30 1.72 2.15 2.60 3.06 3.53 4.02 4.51 5.01 5.51 6.01 6.50 6.98 7.45 7.91 8.37 8.81 9.25 9.67 10.09 10.49 10.89 11.27 11.64 11.99 12.34 12.67 12.99 13.29 13.58
7.48 6.75 6.04 5.35 4.68 4.03 3.40 2.79 2.20 1.64 1.09 0.57 0.07 0.00 0.00 0.00 0.00 0.00 0.00 0.00 0.00 0.00 0.00 0.00 0.00 0.00 0.00 0.00 0.00 0.00 0.00 0.00 0.00 0.00 0.00 0.00 0.00 0.00 0.00 0.00 0.00 0.00 0.00 0.00 0.00 0.00 0.00 0.22 0.64 1.05 1.46 1.89 2.33 2.78 3.24 3.71 4.20 4.68 5.16 5.64 6.10 6.56 7.01 7.46 7.89 8.32 8.74 9.15 9.55 9.94 10.32 10.69 11.04 11.39 11.72 12.04 12.35 12.65 12.93
7.37 6.69 6.02 5.37 4.74 4.12 3.53 2.95 2.39 1.85 1.33 0.83 0.35 0.00 0.00 0.00 0.00 0.00 0.00 0.00 0.00 0.00 0.00 0.00 0.00 0.00 0.00 0.00 0.00 0.00 0.00 0.00 0.00 0.00 0.00 0.00 0.00 0.00 0.00 0.00 0.00 0.00 0.00 0.00 0.00 0.00 0.00 0.03 0.43 0.84 1.24 1.65 2.08 2.52 2.98 3.44 3.91 4.37 4.83 5.28 5.73 6.16 6.60 7.02 7.44 7.85 8.25 8.65 9.03 9.40 9.77 10.12 10.47 10.80 11.12 11.43 11.73 12.02 12.29
7.25 6.62 5.99 5.38 4.79 4.21 3.65 3.11 2.58 2.07 1.57 1.10 0.64 0.20 0.00 0.00 0.00 0.00 0.00 0.00 0.00 0.00 0.00 0.00 0.00 0.00 0.00 0.00 0.00 0.00 0.00 0.00 0.00 0.00 0.00 0.00 0.00 0.00 0.00 0.00 0.00 0.00 0.00 0.00 0.00 0.00 0.00 0.00 0.27 0.66 1.05 1.45 1.87 2.30 2.75 3.19 3.64 4.08 4.51 4.94 5.37 5.79 6.20 6.61 7.01 7.40 7.78 8.16 8.53 8.89 9.24 9.58 9.91 10.23 10.54 10.84 11.13 11.41 11.67
7.13 6.54 5.96 5.40 4.84 4.30 3.78 3.27 2.77 2.29 1.83 1.38 0.95 0.53 0.13 0.00 0.00 0.00 0.00 0.00 0.00 0.00 0.00 0.00 0.00 0.00 0.00 0.00 0.00 0.00 0.00 0.00 0.00 0.00 0.00 0.00 0.00 0.00 0.00 0.00 0.00 0.00 0.00 0.00 0.00 0.00 0.00 0.00 0.13 0.52 0.90 1.29 1.70 2.12 2.54 2.97 3.39 3.80 4.22 4.63 5.03 5.43 5.82 6.21 6.59 6.97 7.34 7.70 8.05 8.40 8.73 9.06 9.38 9.69 9.99 10.28 10.56 10.82 11.08
6.99 6.45 5.92 5.40 4.89 4.39 3.91 3.43 2.97 2.52 2.09 1.67 1.26 0.87 0.50 0.14 0.00 0.00 0.00 0.00 0.00 0.00 0.00 0.00 0.00 0.00 0.00 0.00 0.00 0.00 0.00 0.00 0.00 0.00 0.00 0.00 0.00 0.00 0.00 0.00 0.00 0.00 0.00 0.00 0.00 0.00 0.00 0.00 0.04 0.41 0.78 1.16 1.56 1.96 2.36 2.76 3.16 3.55 3.94 4.33 4.71 5.09 5.47 5.84 6.20 6.56 6.91 7.26 7.60 7.93 8.25 8.57 8.87 9.17 9.46 9.74 10.01 10.27 10.51
6.84 6.35 5.87 5.40 4.94 4.48 4.04 3.60 3.18 2.76 2.36 1.97 1.59 1.23 0.87 0.53 0.21 0.00 0.00 0.00 0.00 0.00 0.00 0.00 0.00 0.00 0.00 0.00 0.00 0.00 0.00 0.00 0.00 0.00 0.00 0.00 0.00 0.00 0.00 0.00 0.00 0.00 0.00 0.00 0.00 0.00 0.00 0.00 0.00 0.34 0.70 1.07 1.45 1.83 2.20 2.58 2.95 3.33 3.69 4.06 4.42 4.78 5.14 5.49 5.84 6.18 6.51 6.84 7.17 7.48 7.79 8.10 8.39 8.68 8.96 9.23 9.49 9.74 9.98
6.68 6.24 5.81 5.39 4.97 4.56 4.16 3.77 3.38 3.00 2.63 2.28 1.93 1.59 1.26 0.95 0.65 0.35 0.08 0.00 0.00 0.00 0.00 0.00 0.00 0.00 0.00 0.00 0.00 0.00 0.00 0.00 0.00 0.00 0.00 0.00 0.00 0.00 0.00 0.00 0.00 0.00 0.00 0.00 0.00 0.00 0.00 0.00 0.00 0.32 0.66 1.01 1.37 1.72 2.07 2.42 2.78 3.12 3.47 3.82 4.16 4.50 4.84 5.17 5.50 5.82 6.14 6.46 6.77 7.07 7.37 7.66 7.94 8.21 8.48 8.74 8.99 9.23 9.47
6.50 6.12 5.74 5.37 5.00 4.64 4.28 3.93 3.58 3.25 2.91 2.59 2.27 1.97 1.67 1.38 1.10 0.83 0.57 0.32 0.08 0.00 0.00 0.00 0.00 0.00 0.00 0.00 0.00 0.00 0.00 0.00 0.00 0.00 0.00 0.00 0.00 0.00 0.00 0.00 0.00 0.00 0.00 0.00 0.00 0.00 0.00 0.00 0.04 0.34 0.66 0.99 1.31 1.64 1.97 2.30 2.63 2.95 3.28 3.60 3.93 4.25 4.57 4.88 5.19 5.50 5.80 6.10 6.40 6.69 6.97 7.25 7.52 7.78 8.04 8.29 8.53 8.76 8.99
6.30 5.98 5.65 5.34 5.02 4.71 4.39 4.09 3.78 3.48 3.19 2.90 2.62 2.34 2.07 1.81 1.56 1.31 1.07 0.84 0.62 0.41 0.21 0.03 0.00 0.00 0.00 0.00 0.00 0.00 0.00 0.00 0.00 0.00 0.00 0.00 0.00 0.00 0.00 0.00 0.00 0.00 0.00 0.00 0.00 0.00 0.00 0.00 0.17 0.42 0.70 0.99 1.29 1.60 1.90 2.21 2.51 2.82 3.12 3.43 3.73 4.03 4.33 4.63 4.92 5.21 5.50 5.78 6.06 6.34 6.61 6.88 7.14 7.39 7.64 7.87 8.11 8.33 8.55
6.07 5.81 5.55 5.28 5.02 4.76 4.49 4.23 3.97 3.72 3.46 3.21 2.96 2.72 2.48 2.25 2.02 1.80 1.58 1.38 1.17 0.98 0.80 0.62 0.45 0.29 0.15 0.01 0.00 0.00 0.00 0.00 0.00 0.00 0.00 0.00 0.00 0.00 0.00 0.00 0.00 0.00 0.00 0.00 0.00 0.00 0.01 0.18 0.36 0.57 0.79 1.04 1.31 1.59 1.87 2.15 2.44 2.72 3.00 3.29 3.57 3.85 4.13 4.41 4.69 4.97 5.24 5.51 5.77 6.04 6.29 6.55 6.79 7.04 7.27 7.50 7.73 7.94 8.15
5.83 5.63 5.42 5.21 5.00 4.79 4.58 4.37 4.15 3.94 3.73 3.52 3.31 3.10 2.89 2.69 2.49 2.30 2.11 1.92 1.74 1.56 1.39 1.23 1.08 0.93 0.79 0.65 0.53 0.42 0.31 0.22 0.14 0.06 0.00 0.00 0.00 0.00 0.00 0.00 0.00 0.00 0.00 0.05 0.13 0.23 0.34 0.47 0.61 0.76 0.94 1.15 1.38 1.63 1.89 2.14 2.40 2.67 2.93 3.19 3.46 3.72 3.98 4.24 4.50 4.76 5.02 5.27 5.53 5.77 6.02 6.26 6.50 6.73 6.95 7.17 7.39 7.60 7.80
5.56 5.42 5.27 5.12 4.97 4.81 4.65 4.49 4.32 4.16 3.99 3.82 3.65 3.47 3.30 3.13 2.97 2.80 2.63 2.47 2.31 2.16 2.01 1.86 1.72 1.58 1.45 1.32 1.21 1.09 0.99 0.89 0.81 0.73 0.66 0.60 0.55 0.52 0.49 0.47 0.47 0.48 0.51 0.54 0.59 0.66 0.73 0.81 0.90 1.01 1.14 1.30 1.50 1.71 1.94 2.18 2.42 2.66 2.90 3.14 3.38 3.63 3.87 4.12 4.36 4.60 4.85 5.08 5.32 5.56 5.79 6.02 6.24 6.46 6.68 6.89 7.10 7.30 7.50
5.26 5.18 5.10 5.01 4.92 4.82 4.71 4.60 4.48 4.36 4.24 4.11 3.98 3.85 3.72 3.58 3.44 3.31 3.17 3.03 2.90 2.77 2.63 2.50 2.38 2.25 2.13 2.02 1.90 1.80 1.70 1.60 1.51 1.43 1.35 1.29 1.23 1.18 1.14 1.10 1.08 1.07 1.07 1.08 1.10 1.13 1.16 1.20 1.25 1.31 1.39 1.51 1.67 1.85 2.05 2.26 2.47 2.69 2.91 3.14 3.36 3.59 3.81 4.04 4.27 4.49 4.72 4.94 5.17 5.39 5.61 5.82 6.04 6.25 6.46 6.66 6.86 7.05 7.24
4.94 4.93 4.91 4.88 4.85 4.80 4.75 4.70 4.63 4.56 4.48 4.40 4.31 4.22 4.13 4.03 3.92 3.82 3.71 3.60 3.50 3.38 3.27 3.16 3.05 2.94 2.84 2.73 2.63 2.53 2.43 2.34 2.25 2.16 2.08 2.01 1.94 1.88 1.82 1.78 1.74 1.71 1.69 1.67 1.66 1.65 1.64 1.63 1.63 1.65 1.69 1.77 1.89 2.03 2.20 2.39 2.58 2.78 2.98 3.18 3.38 3.59 3.80 4.01 4.22 4.43 4.64 4.85 5.06 5.27 5.47 5.68 5.88 6.08 6.28 6.47 6.66 6.85 7.03
4.60 4.65 4.70 4.73 4.76 4.78 4.78 4.78 4.77 4.75 4.72 4.68 4.64 4.59 4.54 4.47 4.41 4.34 4.26 4.18 4.10 4.02 3.93 3.84 3.75 3.65 3.56 3.47 3.37 3.28 3.19 3.10 3.01 2.93 2.84 2.77 2.69 2.62 2.55 2.49 2.44 2.39 2.35 2.30 2.25 2.20 2.15 2.10 2.06 2.04 2.04 2.08 2.16 2.27 2.41 2.56 2.73 2.91 3.09 3.27 3.46 3.65 3.84 4.03 4.22 4.42 4.61 4.81 5.00 5.20 5.39 5.59 5.78 5.97 6.16 6.34 6.52 6.70 6.87
4.28 4.36 4.46 4.56 4.65 4.73 4.79 4.85 4.89 4.92 4.95 4.96 4.96 4.96 4.94 4.92 4.89 4.86 4.82 4.77 4.72 4.66 4.59 4.53 4.46 4.38 4.30 4.23 4.14 4.06 3.98 3.89 3.81 3.73 3.64 3.56 3.48 3.40 3.33 3.25 3.19 3.12 3.05 2.97 2.88 2.79 2.70 2.61 2.53 2.46 2.42 2.42 2.47 2.55 2.66 2.79 2.94 3.09 3.25 3.42 3.58 3.75 3.93 4.10 4.28 4.46 4.64 4.82 5.00 5.18 5.37 5.55 5.73 5.91 6.09 6.26 6.43 6.61 6.77
