data_output/RCH/Precip_1999_05.asc
ncols        168
nrows        136
xllcorner    455000
yllcorner    2107000
cellsize     500
NODATA_value     -99999
[rows 70 to 104 of 136, columns 0 to 79 of 168]
57.59 58.21 58.74 59.18 59.53 59.80 60.00 60.12 60.17 60.15 60.06 59.91 59.70 59.43 59.11 58.74 58.32 57.86 57.36 56.81 56.24 55.62 54.96 54.26 53.51 52.72 51.89 51.01 50.11 49.16 48.18 47.17 46.13 45.06 43.96 42.83 41.67 40.50 39.30 38.08 36.84 35.57 34.28 32.94 31.56 30.15 28.70 27.22 25.71 24.17 22.61 21.03 19.42 17.80 16.16 14.51 12.85 11.18 9.50 7.82 6.15 4.52 2.92 1.36 0.00 0.00 0.00 0.00 0.00 0.00 0.00 0.00 0.00 0.00 0.00 0.00 0.00 0.00 0.00 0.00
58.04 58.69 59.24 59.71 60.08 60.38 60.60 60.74 60.81 60.81 60.74 60.62 60.43 60.18 59.88 59.54 59.14 58.70 58.21 57.69 57.14 56.54 55.90 55.22 54.48 53.71 52.90 52.04 51.15 50.22 49.25 48.25 47.22 46.15 45.06 43.94 42.79 41.62 40.43 39.21 37.97 36.69 35.37 34.01 32.61 31.17 29.70 28.20 26.67 25.11 23.53 21.92 20.30 18.66 17.00 15.33 13.65 11.96 10.27 8.57 6.87 5.19 3.55 1.94 0.38 0.00 0.00 0.00 0.00 0.00 0.00 0.00 0.00 0.00 0.00 0.00 0.00 0.00 0.00 0.00
58.45 59.16 59.75 60.24 60.64 60.96 61.20 61.37 61.46 61.48 61.44 61.33 61.17 60.94 60.67 60.34 59.97 59.55 59.09 58.59 58.05 57.48 56.86 56.19 55.48 54.72 53.92 53.08 52.20 51.29 50.33 49.35 48.32 47.27 46.19 45.07 43.94 42.77 41.58 40.36 39.11 37.81 36.47 35.08 33.66 32.20 30.71 29.19 27.64 26.06 24.46 22.84 21.20 19.54 17.87 16.18 14.49 12.78 11.08 9.37 7.66 5.95 4.26 2.61 1.00 0.00 0.00 0.00 0.00 0.00 0.00 0.00 0.00 0.00 0.00 0.00 0.00 0.00 0.00 0.00
58.82 59.60 60.25 60.78 61.21 61.55 61.81 62.00 62.12 62.16 62.14 62.06 61.92 61.72 61.46 61.16 60.81 60.41 59.97 59.49 58.98 58.43 57.83 57.18 56.49 55.75 54.97 54.14 53.28 52.38 51.44 50.46 49.45 48.41 47.33 46.23 45.10 43.94 42.75 41.52 40.25 38.93 37.56 36.16 34.72 33.25 31.74 30.20 28.63 27.04 25.42 23.78 22.13 20.46 18.77 17.07 15.36 13.65 11.93 10.21 8.49 6.77 5.05 3.36 1.71 0.11 0.00 0.00 0.00 0.00 0.00 0.00 0.00 0.00 0.00 0.00 0.00 0.00 0.00 0.00
59.16 60.00 60.72 61.31 61.78 62.14 62.43 62.64 62.78 62.85 62.86 62.80 62.68 62.50 62.27 61.99 61.66 61.28 60.87 60.41 59.92 59.39 58.81 58.18 57.51 56.79 56.03 55.22 54.37 53.48 52.56 51.59 50.59 49.56 48.50 47.40 46.28 45.12 43.93 42.68 41.39 40.05 38.67 37.25 35.79 34.30 32.78 31.22 29.64 28.04 26.41 24.76 23.09 21.40 19.71 18.00 16.28 14.56 12.83 11.10 9.37 7.64 5.92 4.21 2.52 0.87 0.00 0.00 0.00 0.00 0.00 0.00 0.00 0.00 0.00 0.00 0.00 0.00 0.00 0.00
59.46 60.36 61.14 61.80 62.34 62.75 63.06 63.30 63.46 63.55 63.58 63.54 63.45 63.29 63.09 62.83 62.52 62.17 61.78 61.34 60.88 60.37 59.81 59.21 58.55 57.85 57.10 56.31 55.48 54.61 53.69 52.74 51.76 50.74 49.68 48.60 47.48 46.32 45.10 43.84 42.53 41.18 39.78 38.35 36.88 35.37 33.84 32.27 30.68 29.06 27.42 25.76 24.08 22.39 20.68 18.97 17.24 15.51 13.77 12.04 10.30 8.57 6.84 5.13 3.42 1.74 0.11 0.00 0.00 0.00 0.00 0.00 0.00 0.00 0.00 0.00 0.00 0.00 0.00 0.00
59.72 60.68 61.52 62.25 62.86 63.34 63.69 63.96 64.14 64.26 64.31 64.30 64.23 64.10 63.92 63.68 63.40 63.07 62.70 62.29 61.85 61.36 60.83 60.24 59.61 58.93 58.20 57.42 56.61 55.75 54.85 53.92 52.94 51.93 50.89 49.81 48.69 47.51 46.28 45.00 43.68 42.32 40.91 39.46 37.98 36.47 34.92 33.35 31.74 30.12 28.47 26.80 25.12 23.41 21.70 19.98 18.25 16.51 14.77 13.03 11.29 9.56 7.83 6.11 4.40 2.71 1.04 0.00 0.00 0.00 0.00 0.00 0.00 0.00 0.00 0.00 0.00 0.00 0.00 0.00
59.94 60.96 61.87 62.66 63.33 63.89 64.32 64.62 64.84 64.98 65.06 65.07 65.02 64.92 64.76 64.55 64.29 63.98 63.64 63.25 62.83 62.37 61.86 61.30 60.68 60.02 59.31 58.55 57.76 56.91 56.03 55.11 54.15 53.15 52.12 51.03 49.89 48.70 47.46 46.18 44.84 43.47 42.05 40.60 39.11 37.58 36.03 34.45 32.84 31.20 29.55 27.88 26.19 24.48 22.76 21.04 19.30 17.57 15.82 14.08 12.34 10.61 8.88 7.16 5.45 3.76 2.08 0.44 0.00 0.00 0.00 0.00 0.00 0.00 0.00 0.00 0.00 0.00 0.00 0.00
60.12 61.20 62.16 63.02 63.76 64.39 64.90 65.28 65.54 65.71 65.81 65.85 65.83 65.75 65.61 65.43 65.19 64.91 64.59 64.23 63.83 63.40 62.91 62.36 61.77 61.13 60.44 59.70 58.92 58.10 57.23 56.32 55.37 54.39 53.35 52.25 51.10 49.90 48.65 47.36 46.02 44.63 43.21 41.75 40.25 38.72 37.16 35.58 33.96 32.33 30.67 28.99 27.30 25.59 23.87 22.15 20.41 18.67 16.93 15.19 13.45 11.72 10.00 8.28 6.58 4.89 3.21 1.56 0.00 0.00 0.00 0.00 0.00 0.00 0.00 0.00 0.00 0.00 0.00 0.00
60.26 61.39 62.42 63.34 64.15 64.85 65.43 65.89 66.23 66.45 66.58 66.64 66.64 66.59 66.48 66.32 66.11 65.85 65.56 65.22 64.85 64.44 63.97 63.45 62.88 62.26 61.59 60.87 60.11 59.30 58.45 57.55 56.62 55.63 54.58 53.48 52.32 51.11 49.86 48.55 47.21 45.82 44.39 42.92 41.42 39.89 38.33 36.74 35.12 33.49 31.83 30.15 28.46 26.75 25.04 23.31 21.58 19.84 18.10 16.37 14.63 12.90 11.18 9.47 7.77 6.09 4.42 2.78 1.15 0.00 0.00 0.00 0.00 0.00 0.00 0.00 0.00 0.00 0.00 0.00
60.36 61.54 62.63 63.61 64.49 65.26 65.91 66.45 66.87 67.17 67.35 67.44 67.47 67.44 67.36 67.22 67.04 66.81 66.54 66.23 65.88 65.49 65.05 64.55 64.00 63.40 62.75 62.05 61.31 60.52 59.68 58.80 57.87 56.87 55.82 54.71 53.55 52.33 51.07 49.77 48.42 47.02 45.59 44.13 42.62 41.09 39.53 37.94 36.32 34.69 33.03 31.36 29.67 27.96 26.25 24.53 22.80 21.07 19.34 17.60 15.88 14.15 12.44 10.74 9.05 7.37 5.72 4.08 2.47 0.88 0.00 0.00 0.00 0.00 0.00 0.00 0.00 0.00 0.00 0.00
60.41 61.65 62.79 63.84 64.78 65.62 66.35 66.97 67.47 67.85 68.11 68.26 68.31 68.31 68.25 68.14 67.99 67.78 67.54 67.25 66.93 66.57 66.15 65.67 65.15 64.57 63.94 63.26 62.53 61.76 60.94 60.06 59.12 58.12 57.06 55.95 54.78 53.57 52.31 51.00 49.65 48.25 46.82 45.36 43.86 42.32 40.76 39.18 37.57 35.93 34.28 32.61 30.92 29.23 27.52 25.80 24.08 22.36 20.63 18.91 17.19 15.48 13.78 12.08 10.40 8.74 7.10 5.47 3.87 2.29 0.75 0.00 0.00 0.00 0.00 0.00 0.00 0.00 0.00 0.00
60.42 61.71 62.91 64.02 65.02 65.93 66.73 67.43 68.01 68.48 68.83 69.06 69.17 69.19 69.16 69.08 68.94 68.77 68.55 68.29 67.99 67.66 67.26 66.81 66.31 65.75 65.14 64.48 63.78 63.02 62.20 61.32 60.38 59.37 58.31 57.20 56.04 54.82 53.56 52.25 50.90 49.51 48.08 46.62 45.12 43.59 42.04 40.46 38.85 37.22 35.58 33.91 32.23 30.54 28.85 27.14 25.43 23.71 22.00 20.29 18.58 16.88 15.19 13.51 11.84 10.19 8.56 6.95 5.37 3.81 2.27 0.77 0.00 0.00 0.00 0.00 0.00 0.00 0.00 0.00
60.38 61.72 62.98 64.15 65.22 66.19 67.07 67.84 68.50 69.05 69.49 69.80 70.00 70.08 70.08 70.02 69.92 69.77 69.58 69.34 69.07 68.76 68.39 67.97 67.49 66.95 66.37 65.73 65.04 64.28 63.46 62.58 61.64 60.64 59.58 58.47 57.31 56.09 54.83 53.53 52.18 50.80 49.38 47.92 46.43 44.90 43.35 41.78 40.18 38.56 36.92 35.27 33.60 31.92 30.23 28.54 26.84 25.14 23.44 21.74 20.04 18.36 16.68 15.02 13.37 11.73 10.12 8.53 6.96 5.42 3.90 2.42 0.97 0.00 0.00 0.00 0.00 0.00 0.00 0.00
60.30 61.69 63.00 64.23 65.36 66.41 67.35 68.19 68.93 69.57 70.09 70.50 70.79 70.96 71.01 70.99 70.91 70.79 70.62 70.41 70.17 69.89 69.54 69.14 68.69 68.17 67.61 66.99 66.30 65.55 64.73 63.86 62.91 61.92 60.86 59.75 58.60 57.39 56.13 54.84 53.50 52.12 50.70 49.25 47.77 46.26 44.72 43.15 41.56 39.95 38.33 36.69 35.03 33.36 31.69 30.01 28.32 26.63 24.95 23.27 21.59 19.92 18.26 16.61 14.98 13.37 11.77 10.20 8.65 7.13 5.64 4.17 2.75 1.36 0.02 0.00 0.00 0.00 0.00 0.00
60.16 61.61 62.98 64.26 65.46 66.57 67.58 68.50 69.31 70.03 70.63 71.13 71.52 71.78 71.93 71.96 71.91 71.82 71.68 71.50 71.28 71.03 70.71 70.34 69.90 69.41 68.87 68.26 67.57 66.83 66.01 65.14 64.20 63.21 62.16 61.06 59.91 58.71 57.46 56.17 54.84 53.47 52.07 50.63 49.15 47.65 46.12 44.57 43.00 41.40 39.79 38.16 36.52 34.87 33.21 31.54 29.88 28.21 26.54 24.87 23.21 21.56 19.92 18.30 16.69 15.09 13.52 11.97 10.44 8.94 7.48 6.04 4.64 3.27 1.94 0.67 0.00 0.00 0.00 0.00
59.98 61.48 62.90 64.24 65.50 66.67 67.76 68.74 69.64 70.43 71.12 71.71 72.18 72.55 72.79 72.92 72.93 72.87 72.75 72.60 72.42 72.19 71.90 71.55 71.14 70.67 70.13 69.53 68.85 68.11 67.30 66.44 65.51 64.52 63.48 62.39 61.25 60.06 58.82 57.54 56.22 54.86 53.47 52.04 50.59 49.10 47.58 46.05 44.49 42.91 41.31 39.70 38.07 36.44 34.80 33.15 31.50 29.85 28.21 26.56 24.92 23.29 21.68 20.07 18.49 16.92 15.37 13.84 12.34 10.87 9.42 8.01 6.64 5.30 4.00 2.74 1.55 0.43 0.00 0.00
59.76 61.30 62.77 64.17 65.49 66.73 67.88 68.94 69.91 70.78 71.55 72.23 72.79 73.25 73.59 73.82 73.93 73.93 73.85 73.72 73.57 73.36 73.10 72.78 72.39 71.93 71.41 70.81 70.14 69.41 68.61 67.75 66.83 65.86 64.83 63.75 62.61 61.44 60.21 58.95 57.64 56.30 54.92 53.51 52.06 50.59 49.10 47.58 46.03 44.47 42.89 41.30 39.70 38.08 36.46 34.84 33.21 31.58 29.96 28.34 26.72 25.12 23.52 21.94 20.38 18.84 17.32 15.82 14.34 12.90 11.48 10.10 8.76 7.45 6.18 4.95 3.77 2.65 1.62 0.66
59.48 61.07 62.60 64.05 65.43 66.73 67.94 69.07 70.12 71.07 71.93 72.68 73.34 73.89 74.33 74.66 74.88 74.97 74.95 74.86 74.73 74.56 74.32 74.02 73.65 73.20 72.69 72.10 71.44 70.72 69.93 69.08 68.18 67.21 66.20 65.13 64.01 62.85 61.64 60.39 59.10 57.78 56.41 55.02 53.60 52.14 50.66 49.16 47.64 46.10 44.54 42.97 41.39 39.80 38.20 36.60 35.00 33.39 31.79 30.20 28.61 27.03 25.47 23.91 22.38 20.86 19.37 17.90 16.46 15.04 13.66 12.31 11.00 9.72 8.48 7.29 6.14 5.04 4.01 3.06
59.15 60.79 62.37 63.87 65.31 66.67 67.95 69.15 70.27 71.30 72.24 73.08 73.82 74.47 75.01 75.44 75.75 75.96 76.04 76.02 75.92 75.77 75.56 75.28 74.92 74.48 73.97 73.40 72.75 72.04 71.27 70.44 69.55 68.60 67.60 66.55 65.45 64.30 63.11 61.88 60.61 59.30 57.96 56.58 55.18 53.75 52.29 50.81 49.31 47.80 46.26 44.72 43.16 41.59 40.02 38.44 36.87 35.29 33.72 32.15 30.59 29.04 27.51 25.98 24.48 23.00 21.53 20.10 18.68 17.30 15.95 14.64 13.36 12.12 10.92 9.76 8.65 7.58 6.57 5.63
58.77 60.46 62.08 63.64 65.13 66.56 67.91 69.18 70.37 71.47 72.49 73.41 74.25 74.98 75.61 76.14 76.57 76.88 77.07 77.15 77.12 77.00 76.81 76.54 76.19 75.77 75.28 74.71 74.08 73.39 72.63 71.82 70.94 70.01 69.03 68.00 66.92 65.79 64.62 63.41 62.16 60.87 59.55 58.20 56.82 55.41 53.98 52.53 51.05 49.56 48.05 46.53 45.00 43.46 41.92 40.37 38.82 37.28 35.73 34.20 32.67 31.15 29.65 28.16 26.69 25.23 23.81 22.40 21.03 19.68 18.37 17.09 15.84 14.64 13.48 12.36 11.29 10.26 9.29 8.37
58.33 60.06 61.73 63.35 64.90 66.38 67.79 69.13 70.39 71.57 72.66 73.67 74.59 75.41 76.14 76.77 77.29 77.71 78.01 78.20 78.29 78.24 78.07 77.81 77.48 77.08 76.60 76.05 75.44 74.76 74.03 73.23 72.37 71.46 70.50 69.49 68.43 67.33 66.18 64.99 63.76 62.50 61.20 59.88 58.52 57.14 55.73 54.30 52.86 51.39 49.91 48.42 46.92 45.41 43.90 42.38 40.86 39.35 37.84 36.33 34.83 33.35 31.88 30.43 28.99 27.57 26.18 24.81 23.47 22.17 20.89 19.65 18.44 17.28 16.16 15.08 14.05 13.06 12.13 11.25
57.81 59.59 61.30 62.96 64.57 66.10 67.57 68.97 70.30 71.55 72.72 73.81 74.81 75.72 76.54 77.26 77.88 78.40 78.81 79.12 79.35 79.46 79.36 79.12 78.81 78.42 77.96 77.43 76.84 76.18 75.46 74.68 73.85 72.96 72.01 71.02 69.99 68.90 67.78 66.61 65.41 64.17 62.90 61.60 60.27 58.91 57.53 56.13 54.71 53.28 51.83 50.36 48.89 47.41 45.93 44.44 42.96 41.47 40.00 38.52 37.06 35.61 34.18 32.76 31.36 29.98 28.62 27.29 25.99 24.72 23.48 22.28 21.11 19.99 18.91 17.87 16.88 15.94 15.05 14.20
57.22 59.03 60.79 62.49 64.14 65.73 67.26 68.72 70.11 71.42 72.67 73.83 74.91 75.90 76.80 77.61 78.33 78.94 79.46 79.91 80.30 80.57 80.62 80.46 80.16 79.79 79.35 78.84 78.26 77.62 76.92 76.16 75.35 74.48 73.56 72.59 71.57 70.51 69.41 68.27 67.09 65.88 64.63 63.36 62.05 60.72 59.37 58.00 56.61 55.20 53.78 52.34 50.90 49.45 48.00 46.55 45.09 43.64 42.20 40.76 39.33 37.92 36.51 35.13 33.77 32.42 31.10 29.81 28.55 27.32 26.12 24.95 23.83 22.74 21.70 20.71 19.76 18.86 18.00 17.18
56.56 58.40 60.19 61.94 63.63 65.27 66.84 68.36 69.81 71.19 72.49 73.73 74.88 75.95 76.93 77.83 78.63 79.35 80.00 80.59 81.14 81.56 81.77 81.75 81.53 81.18 80.75 80.26 79.70 79.08 78.40 77.66 76.87 76.02 75.12 74.18 73.18 72.15 71.07 69.95 68.80 67.61 66.39 65.14 63.86 62.56 61.23 59.89 58.52 57.15 55.75 54.35 52.94 51.52 50.10 48.68 47.26 45.84 44.43 43.02 41.63 40.25 38.88 37.54 36.21 34.90 33.62 32.37 31.14 29.95 28.79 27.66 26.58 25.54 24.54 23.58 22.68 21.81 20.98 20.17
55.83 57.70 59.52 61.30 63.03 64.71 66.34 67.90 69.41 70.84 72.21 73.51 74.73 75.88 76.94 77.91 78.81 79.64 80.43 81.18 81.87 82.45 82.80 82.93 82.84 82.56 82.16 81.69 81.15 80.55 79.89 79.17 78.40 77.57 76.69 75.77 74.80 73.79 72.73 71.64 70.51 69.35 68.15 66.93 65.68 64.40 63.11 61.79 60.46 59.11 57.74 56.37 54.99 53.61 52.22 50.83 49.44 48.06 46.68 45.31 43.95 42.60 41.27 39.96 38.67 37.40 36.16 34.94 33.75 32.60 31.48 30.40 29.35 28.35 27.39 26.48 25.61 24.78 23.97 23.18
55.04 56.93 58.78 60.59 62.36 64.08 65.74 67.36 68.91 70.40 71.83 73.19 74.47 75.69 76.82 77.88 78.89 79.85 80.78 81.66 82.49 83.22 83.72 83.99 84.04 83.89 83.55 83.10 82.58 82.00 81.36 80.67 79.92 79.11 78.26 77.36 76.41 75.42 74.39 73.32 72.22 71.08 69.92 68.72 67.50 66.25 64.98 63.69 62.39 61.07 59.74 58.40 57.05 55.69 54.34 52.98 51.62 50.27 48.93 47.59 46.27 44.96 43.67 42.39 41.14 39.91 38.70 37.52 36.38 35.26 34.18 33.14 32.14 31.18 30.26 29.39 28.55 27.74 26.96 26.18
54.19 56.10 57.98 59.81 61.61 63.36 65.07 66.72 68.32 69.86 71.34 72.76 74.11 75.39 76.59 77.76 78.88 79.97 81.03 82.04 83.01 83.87 84.51 84.92 85.11 85.10 84.88 84.50 84.00 83.44 82.82 82.15 81.42 80.64 79.81 78.93 78.01 77.04 76.04 74.99 73.92 72.80 71.66 70.49 69.30 68.08 66.84 65.58 64.31 63.02 61.72 60.41 59.09 57.77 56.44 55.12 53.80 52.48 51.17 49.87 48.59 47.31 46.06 44.82 43.60 42.41 41.24 40.10 38.99 37.92 36.88 35.88 34.92 34.00 33.13 32.29 31.49 30.70 29.94 29.18
53.29 55.22 57.11 58.97 60.79 62.58 64.31 66.01 67.65 69.23 70.76 72.23 73.64 74.98 76.28 77.56 78.80 80.01 81.18 82.32 83.42 84.42 85.19 85.74 86.06 86.17 86.08 85.81 85.38 84.85 84.25 83.59 82.89 82.13 81.32 80.47 79.57 78.63 77.65 76.63 75.58 74.50 73.38 72.24 71.08 69.89 68.67 67.45 66.20 64.94 63.67 62.39 61.11 59.82 58.53 57.24 55.95 54.67 53.40 52.13 50.88 49.64 48.42 47.22 46.05 44.89 43.76 42.66 41.60 40.56 39.56 38.60 37.69 36.81 35.98 35.18 34.40 33.65 32.90 32.16
52.34 54.28 56.19 58.07 59.91 61.72 63.49 65.21 66.89 68.52 70.09 71.61 73.07 74.50 75.91 77.28 78.63 79.96 81.25 82.51 83.74 84.86 85.76 86.43 86.87 87.11 87.15 87.00 86.68 86.20 85.63 85.00 84.31 83.58 82.79 81.96 81.09 80.18 79.22 78.23 77.21 76.15 75.06 73.95 72.81 71.65 70.47 69.27 68.06 66.83 65.59 64.35 63.09 61.84 60.58 59.32 58.07 56.83 55.59 54.36 53.14 51.94 50.76 49.60 48.46 47.34 46.25 45.20 44.17 43.18 42.22 41.30 40.43 39.60 38.81 38.04 37.30 36.56 35.84 35.10
51.35 53.29 55.21 57.10 58.97 60.80 62.59 64.35 66.06 67.72 69.34 70.90 72.44 73.96 75.46 76.94 78.39 79.82 81.22 82.60 83.95 85.19 86.22 87.00 87.57 87.92 88.08 88.04 87.84 87.46 86.95 86.34 85.68 84.97 84.21 83.41 82.56 81.67 80.74 79.78 78.78 77.75 76.69 75.61 74.50 73.37 72.22 71.05 69.86 68.67 67.46 66.25 65.03 63.81 62.58 61.36 60.14 58.93 57.73 56.54 55.36 54.20 53.05 51.93 50.83 49.75 48.70 47.69 46.70 45.75 44.83 43.96 43.14 42.36 41.60 40.87 40.15 39.45 38.74 38.02
50.32 52.27 54.19 56.09 57.97 59.82 61.63 63.41 65.15 66.85 68.50 70.14 71.76 73.36 74.95 76.52 78.07 79.60 81.11 82.60 84.06 85.42 86.56 87.46 88.14 88.60 88.87 88.95 88.85 88.58 88.17 87.62 86.98 86.30 85.56 84.78 83.96 83.09 82.19 81.26 80.29 79.28 78.26 77.20 76.12 75.02 73.90 72.76 71.61 70.44 69.27 68.09 66.90 65.72 64.53 63.34 62.16 60.98 59.82 58.66 57.52 56.40 55.29 54.20 53.14 52.11 51.10 50.12 49.17 48.27 47.40 46.59 45.81 45.07 44.36 43.66 42.97 42.28 41.59 40.88
49.26 51.20 53.13 55.04 56.92 58.78 60.61 62.41 64.18 65.91 67.62 69.33 71.02 72.70 74.38 76.03 77.68 79.30 80.91 82.50 84.07 85.55 86.79 87.80 88.59 89.16 89.53 89.71 89.72 89.55 89.24 88.78 88.20 87.54 86.83 86.07 85.28 84.44 83.57 82.66 81.71 80.74 79.74 78.71 77.66 76.59 75.50 74.40 73.28 72.15 71.01 69.86 68.71 67.55 66.40 65.25 64.10 62.96 61.83 60.71 59.61 58.52 57.46 56.41 55.39 54.39 53.42 52.49 51.59 50.73 49.92 49.16 48.43 47.74 47.06 46.39 45.73 45.06 44.39 43.69
48.17 50.10 52.03 53.94 55.83 57.70 59.54 61.36 63.15 64.92 66.70 68.47 70.23 71.99 73.74 75.48 77.21 78.93 80.63 82.32 83.99 85.57 86.92 88.03 88.91 89.59 90.06 90.34 90.44 90.37 90.15 89.79 89.29 88.69 88.00 87.27 86.50 85.69 84.85 83.96 83.05 82.11 81.14 80.14 79.12 78.08 77.02 75.95 74.86 73.76 72.65 71.54 70.42 69.30 68.18 67.07 65.96 64.85 63.76 62.68 61.62 60.57 59.54 58.53 57.55 56.60 55.67 54.78 53.93 53.13 52.38 51.67 51.00 50.34 49.70 49.06 48.43 47.78 47.12 46.43
47.05 48.98 50.89 52.80 54.69 56.57 58.42 60.25 62.08 63.91 65.74 67.57 69.40 71.22 73.04 74.86 76.67 78.47 80.26 82.04 83.81 85.49 86.93 88.14 89.13 89.89 90.46 90.83 91.02 91.05 90.92 90.64 90.23 89.70 89.07 88.37 87.62 86.84 86.02 85.17 84.28 83.37 82.43 81.46 80.47 79.46 78.44 77.40 76.34 75.27 74.20 73.12 72.04 70.95 69.87 68.79 67.72 66.65 65.60 64.55 63.53 62.52 61.53 60.56 59.62 58.71 57.83 56.99 56.21 55.47 54.78 54.12 53.49 52.88 52.27 51.66 51.05 50.43 49.78 49.10
