data_output/RCH/Precip_1989_06.asc
ncols        168
nrows        136
xllcorner    455000
yllcorner    2107000
cellsize     500
NODATA_value     -99999
[rows 32 to 63 of 136, columns 72 to 143 of 168]
114.02 114.15 114.30 114.46 114.64 114.82 115.03 115.25 115.53 115.88 116.31 116.81 117.38 118.01 118.54 118.84 118.92 118.79 118.45 117.92 117.26 116.54 115.78 115.00 114.19 113.36 112.50 111.63 110.73 109.82 108.90 107.97 107.02 106.08 105.13 104.18 103.23 102.28 101.34 100.41 99.49 98.58 97.69 96.82 95.96 95.13 94.33 93.55 92.81 92.09 91.41 90.77 90.17 89.61 89.10 88.63 88.21 87.84 87.53 87.27 87.07 86.94 86.87 86.86 86.92 87.05 87.26 87.54 87.90 88.34 88.87 89.48
115.38 115.54 115.70 115.89 116.08 116.29 116.53 116.82 117.18 117.62 118.13 118.71 119.36 120.05 120.66 121.03 121.18 121.10 120.82 120.34 119.67 118.88 118.04 117.16 116.26 115.34 114.40 113.44 112.46 111.47 110.47 109.45 108.44 107.41 106.39 105.36 104.34 103.33 102.32 101.32 100.34 99.37 98.41 97.48 96.57 95.68 94.82 93.99 93.19 92.42 91.70 91.01 90.36 89.75 89.19 88.68 88.22 87.82 87.47 87.17 86.94 86.77 86.67 86.63 86.66 86.77 86.95 87.20 87.54 87.97 88.49 89.10
116.82 116.99 117.18 117.39 117.61 117.85 118.15 118.52 118.97 119.49 120.08 120.73 121.45 122.22 122.90 123.34 123.54 123.52 123.29 122.86 122.24 121.44 120.52 119.55 118.56 117.54 116.51 115.46 114.39 113.31 112.22 111.13 110.03 108.92 107.82 106.72 105.62 104.53 103.45 102.38 101.32 100.28 99.26 98.26 97.29 96.34 95.42 94.53 93.67 92.85 92.06 91.32 90.62 89.96 89.35 88.80 88.29 87.84 87.45 87.11 86.84 86.63 86.49 86.42 86.42 86.49 86.64 86.87 87.19 87.60 88.12 88.72
118.32 118.52 118.73 118.96 119.21 119.52 119.90 120.36 120.89 121.48 122.15 122.88 123.67 124.51 125.25 125.75 126.01 126.05 125.87 125.49 124.91 124.14 123.21 122.16 121.07 119.95 118.82 117.68 116.52 115.34 114.17 112.98 111.79 110.60 109.41 108.23 107.05 105.88 104.72 103.57 102.44 101.33 100.23 99.16 98.12 97.10 96.11 95.15 94.23 93.35 92.51 91.70 90.95 90.23 89.57 88.96 88.40 87.90 87.46 87.08 86.76 86.51 86.32 86.21 86.17 86.21 86.32 86.53 86.84 87.24 87.74 88.35
119.89 120.11 120.34 120.60 120.92 121.31 121.78 122.31 122.92 123.59 124.33 125.13 125.99 126.90 127.70 128.26 128.58 128.67 128.54 128.20 127.66 126.93 126.03 124.96 123.78 122.57 121.33 120.08 118.82 117.56 116.28 115.00 113.72 112.44 111.16 109.88 108.62 107.36 106.12 104.89 103.68 102.48 101.31 100.17 99.05 97.95 96.89 95.87 94.88 93.93 93.02 92.15 91.33 90.56 89.83 89.17 88.55 88.00 87.50 87.07 86.70 86.40 86.17 86.01 85.92 85.92 86.01 86.20 86.49 86.88 87.38 87.97
121.52 121.76 122.03 122.35 122.75 123.22 123.77 124.38 125.07 125.81 126.62 127.49 128.41 129.38 130.25 130.86 131.23 131.37 131.29 130.99 130.49 129.79 128.92 127.88 126.68 125.37 124.03 122.67 121.31 119.94 118.56 117.18 115.80 114.42 113.05 111.68 110.32 108.98 107.64 106.33 105.03 103.75 102.49 101.27 100.07 98.90 97.76 96.66 95.59 94.57 93.59 92.65 91.76 90.92 90.14 89.40 88.73 88.11 87.56 87.07 86.64 86.29 86.00 85.79 85.66 85.63 85.70 85.87 86.15 86.53 87.02 87.61
123.21 123.48 123.81 124.22 124.70 125.25 125.87 126.56 127.31 128.13 129.01 129.94 130.93 131.96 132.88 133.55 133.97 134.16 134.11 133.85 133.39 132.72 131.88 130.86 129.67 128.34 126.90 125.44 123.96 122.48 121.00 119.52 118.03 116.55 115.08 113.61 112.15 110.71 109.28 107.87 106.48 105.11 103.77 102.46 101.17 99.92 98.70 97.52 96.37 95.27 94.21 93.20 92.24 91.33 90.47 89.67 88.93 88.24 87.63 87.07 86.59 86.17 85.83 85.57 85.40 85.34 85.39 85.55 85.81 86.18 86.66 87.24
124.96 125.29 125.70 126.19 126.75 127.38 128.07 128.83 129.66 130.54 131.48 132.48 133.53 134.62 135.59 136.31 136.78 137.01 137.01 136.78 136.35 135.71 134.89 133.89 132.72 131.40 129.93 128.37 126.78 125.18 123.59 121.99 120.40 118.81 117.23 115.66 114.10 112.56 111.03 109.52 108.03 106.57 105.13 103.73 102.35 101.01 99.70 98.43 97.20 96.02 94.88 93.79 92.75 91.76 90.83 89.95 89.14 88.38 87.69 87.07 86.52 86.04 85.64 85.34 85.14 85.06 85.09 85.23 85.48 85.84 86.31 86.88
126.79 127.21 127.70 128.27 128.90 129.60 130.37 131.20 132.09 133.03 134.04 135.09 136.20 137.35 138.37 139.14 139.66 139.93 139.96 139.77 139.36 138.76 137.95 136.97 135.82 134.50 133.04 131.44 129.74 128.03 126.32 124.61 122.90 121.20 119.51 117.83 116.16 114.51 112.87 111.26 109.67 108.11 106.57 105.07 103.60 102.16 100.76 99.40 98.08 96.81 95.58 94.40 93.28 92.21 91.20 90.24 89.35 88.52 87.75 87.06 86.44 85.89 85.45 85.12 84.90 84.79 84.80 84.92 85.16 85.50 85.96 86.53
128.72 129.22 129.79 130.43 131.14 131.91 132.75 133.64 134.60 135.61 136.67 137.78 138.94 140.14 141.22 142.03 142.59 142.90 142.96 142.80 142.42 141.84 141.06 140.09 138.95 137.64 136.18 134.57 132.84 131.02 129.18 127.35 125.52 123.70 121.89 120.10 118.32 116.55 114.81 113.09 111.39 109.72 108.08 106.48 104.90 103.36 101.87 100.41 99.00 97.63 96.31 95.04 93.83 92.67 91.57 90.53 89.55 88.64 87.80 87.03 86.33 85.74 85.26 84.90 84.66 84.53 84.52 84.62 84.84 85.17 85.62 86.18
130.75 131.33 131.97 132.68 133.46 134.30 135.20 136.16 137.18 138.24 139.36 140.53 141.74 142.99 144.12 144.98 145.57 145.91 146.01 145.88 145.52 144.96 144.19 143.24 142.10 140.80 139.34 137.73 135.98 134.11 132.17 130.21 128.26 126.31 124.38 122.47 120.57 118.69 116.83 114.99 113.18 111.40 109.65 107.94 106.26 104.61 103.01 101.45 99.94 98.47 97.06 95.69 94.39 93.13 91.94 90.81 89.75 88.75 87.82 86.97 86.22 85.60 85.09 84.70 84.43 84.28 84.24 84.33 84.53 84.85 85.29 85.84
132.86 133.51 134.23 135.01 135.86 136.76 137.72 138.74 139.82 140.94 142.12 143.34 144.60 145.89 147.06 147.96 148.59 148.97 149.09 148.99 148.65 148.10 147.35 146.40 145.27 143.97 142.51 140.89 139.14 137.25 135.25 133.18 131.10 129.02 126.97 124.93 122.90 120.90 118.92 116.96 115.04 113.14 111.27 109.45 107.65 105.90 104.19 102.52 100.90 99.33 97.81 96.35 94.94 93.59 92.30 91.08 89.92 88.83 87.82 86.91 86.12 85.46 84.92 84.50 84.21 84.03 83.98 84.04 84.23 84.54 84.96 85.51
135.05 135.77 136.56 137.41 138.32 139.28 140.31 141.39 142.51 143.69 144.92 146.19 147.50 148.84 150.05 150.98 151.65 152.05 152.20 152.12 151.80 151.27 150.53 149.59 148.46 147.16 145.69 144.06 142.30 140.39 138.37 136.23 134.03 131.83 129.64 127.47 125.31 123.18 121.07 119.00 116.94 114.93 112.94 110.99 109.08 107.21 105.39 103.61 101.88 100.20 98.57 97.00 95.49 94.03 92.64 91.32 90.06 88.88 87.81 86.86 86.04 85.34 84.77 84.32 83.99 83.79 83.72 83.77 83.94 84.23 84.65 85.19
137.31 138.10 138.95 139.86 140.83 141.86 142.94 144.08 145.26 146.49 147.76 149.07 150.43 151.81 153.06 154.03 154.73 155.16 155.33 155.27 154.97 154.44 153.71 152.77 151.65 150.34 148.86 147.23 145.44 143.52 141.48 139.31 137.04 134.71 132.39 130.08 127.79 125.53 123.29 121.08 118.90 116.75 114.64 112.57 110.54 108.55 106.60 104.71 102.86 101.06 99.32 97.64 96.02 94.45 92.96 91.53 90.17 88.93 87.81 86.82 85.96 85.23 84.62 84.14 83.79 83.57 83.47 83.50 83.65 83.93 84.34 84.87
139.62 140.48 141.39 142.37 143.40 144.49 145.62 146.81 148.04 149.32 150.63 151.99 153.39 154.81 156.09 157.10 157.82 158.28 158.47 158.42 158.14 157.62 156.89 155.96 154.83 153.51 152.03 150.38 148.58 146.63 144.56 142.37 140.06 137.66 135.20 132.75 130.33 127.92 125.55 123.20 120.89 118.61 116.37 114.17 112.01 109.89 107.82 105.80 103.83 101.92 100.06 98.26 96.52 94.84 93.23 91.70 90.28 88.98 87.82 86.79 85.89 85.13 84.49 83.98 83.60 83.35 83.23 83.24 83.38 83.65 84.04 84.56
141.99 142.91 143.89 144.92 146.01 147.15 148.34 149.57 150.85 152.17 153.53 154.93 156.37 157.82 159.14 160.18 160.93 161.40 161.62 161.58 161.30 160.80 160.07 159.13 158.00 156.67 155.17 153.51 151.68 149.72 147.61 145.39 143.05 140.60 138.07 135.49 132.91 130.37 127.85 125.36 122.91 120.50 118.12 115.78 113.49 111.24 109.04 106.89 104.80 102.76 100.77 98.85 96.99 95.19 93.48 91.87 90.39 89.06 87.85 86.78 85.84 85.04 84.37 83.83 83.42 83.15 83.00 82.99 83.12 83.37 83.75 84.27
144.41 145.38 146.42 147.51 148.65 149.84 151.08 152.36 153.69 155.05 156.45 157.89 159.36 160.85 162.20 163.26 164.03 164.53 164.76 164.73 164.46 163.95 163.23 162.29 161.14 159.81 158.29 156.61 154.76 152.76 150.63 148.37 145.99 143.50 140.92 138.25 135.54 132.85 130.18 127.55 124.95 122.39 119.88 117.40 114.97 112.58 110.25 107.97 105.74 103.57 101.45 99.40 97.42 95.51 93.71 92.05 90.53 89.14 87.89 86.78 85.80 84.96 84.26 83.69 83.25 82.95 82.79 82.76 82.86 83.10 83.47 83.98
146.85 147.89 148.98 150.12 151.32 152.56 153.84 155.17 156.53 157.94 159.38 160.85 162.35 163.87 165.25 166.33 167.13 167.64 167.88 167.86 167.60 167.09 166.36 165.41 164.26 162.91 161.38 159.67 157.79 155.77 153.60 151.30 148.88 146.35 143.71 140.99 138.19 135.36 132.54 129.76 127.01 124.30 121.64 119.01 116.44 113.91 111.44 109.02 106.65 104.34 102.10 99.91 97.80 95.81 93.96 92.24 90.67 89.24 87.94 86.79 85.77 84.90 84.16 83.56 83.10 82.77 82.59 82.54 82.62 82.85 83.21 83.70
149.33 150.42 151.57 152.76 154.00 155.29 156.61 157.98 159.39 160.83 162.30 163.81 165.34 166.89 168.29 169.40 170.21 170.73 170.98 170.97 170.71 170.20 169.46 168.51 167.34 165.97 164.42 162.68 160.78 158.72 156.52 154.17 151.71 149.13 146.44 143.66 140.80 137.87 134.91 131.97 129.07 126.21 123.39 120.62 117.89 115.22 112.60 110.03 107.52 105.07 102.69 100.38 98.18 96.13 94.22 92.46 90.83 89.35 88.01 86.82 85.76 84.85 84.08 83.44 82.95 82.60 82.39 82.32 82.39 82.60 82.95 83.44
151.83 152.97 154.17 155.41 156.69 158.02 159.39 160.80 162.24 163.72 165.22 166.76 168.32 169.89 171.31 172.44 173.26 173.80 174.06 174.05 173.78 173.27 172.53 171.56 170.37 168.98 167.40 165.64 163.71 161.61 159.37 156.98 154.47 151.84 149.10 146.26 143.34 140.34 137.27 134.19 131.12 128.10 125.13 122.20 119.32 116.50 113.72 111.01 108.35 105.75 103.23 100.83 98.58 96.47 94.50 92.68 91.01 89.48 88.10 86.86 85.76 84.81 84.01 83.34 82.82 82.45 82.22 82.12 82.18 82.37 82.71 83.18
154.34 155.53 156.77 158.06 159.39 160.75 162.16 163.61 165.08 166.59 168.12 169.69 171.27 172.87 174.31 175.45 176.29 176.83 177.09 177.08 176.82 176.30 175.54 174.55 173.35 171.94 170.33 168.54 166.57 164.44 162.15 159.72 157.16 154.47 151.67 148.77 145.78 142.72 139.58 136.38 133.17 129.98 126.85 123.76 120.72 117.73 114.80 111.93 109.12 106.39 103.77 101.30 98.99 96.82 94.80 92.92 91.20 89.62 88.19 86.91 85.78 84.79 83.95 83.26 82.71 82.31 82.05 81.94 81.97 82.15 82.48 82.94
156.85 158.09 159.37 160.70 162.07 163.48 164.92 166.40 167.91 169.44 171.00 172.59 174.20 175.81 177.27 178.43 179.27 179.82 180.08 180.07 179.80 179.27 178.50 177.49 176.27 174.83 173.19 171.37 169.36 167.19 164.86 162.38 159.76 157.02 154.16 151.19 148.14 145.00 141.78 138.50 135.18 131.84 128.53 125.28 122.07 118.92 115.83 112.80 109.84 107.01 104.33 101.79 99.41 97.19 95.11 93.18 91.41 89.78 88.31 86.99 85.81 84.79 83.91 83.19 82.61 82.18 81.90 81.77 81.78 81.95 82.26 82.71
159.36 160.64 161.97 163.34 164.74 166.18 167.66 169.17 170.70 172.27 173.85 175.46 177.09 178.72 180.19 181.35 182.21 182.76 183.02 183.00 182.72 182.18 181.39 180.37 179.12 177.65 175.98 174.12 172.07 169.85 167.47 164.94 162.27 159.47 156.55 153.52 150.39 147.17 143.88 140.52 137.10 133.64 130.18 126.75 123.38 120.06 116.80 113.62 110.56 107.65 104.90 102.30 99.86 97.57 95.44 93.46 91.63 89.96 88.44 87.07 85.86 84.80 83.89 83.13 82.52 82.07 81.76 81.61 81.61 81.75 82.05 82.50
161.85 163.18 164.54 165.95 167.39 168.86 170.37 171.90 173.47 175.05 176.66 178.29 179.93 181.58 183.06 184.23 185.09 185.64 185.90 185.87 185.57 185.02 184.21 183.16 181.88 180.39 178.68 176.78 174.69 172.43 170.00 167.41 164.68 161.82 158.83 155.73 152.52 149.23 145.86 142.41 138.91 135.35 131.76 128.17 124.62 121.13 117.71 114.42 111.29 108.31 105.49 102.83 100.32 97.98 95.79 93.75 91.88 90.15 88.59 87.18 85.92 84.82 83.88 83.09 82.45 81.97 81.64 81.47 81.44 81.58 81.86 82.30
164.33 165.69 167.09 168.53 170.01 171.51 173.04 174.60 176.19 177.79 179.42 181.06 182.72 184.38 185.87 187.05 187.90 188.45 188.70 188.67 188.35 187.78 186.95 185.87 184.57 183.04 181.29 179.35 177.22 174.90 172.42 169.77 166.98 164.05 161.00 157.82 154.54 151.17 147.71 144.18 140.58 136.93 133.24 129.52 125.80 122.14 118.61 115.24 112.04 108.99 106.10 103.37 100.81 98.40 96.15 94.07 92.14 90.37 88.75 87.30 86.00 84.87 83.89 83.06 82.40 81.89 81.53 81.34 81.30 81.41 81.68 82.11
166.77 168.17 169.61 171.08 172.58 174.11 175.67 177.25 178.86 180.48 182.12 183.78 185.45 187.12 188.61 189.79 190.64 191.19 191.43 191.38 191.05 190.45 189.60 188.49 187.15 185.59 183.80 181.82 179.63 177.27 174.73 172.02 169.17 166.17 163.04 159.79 156.44 152.98 149.43 145.81 142.12 138.37 134.57 130.74 126.91 123.14 119.53 116.09 112.81 109.69 106.73 103.94 101.31 98.84 96.54 94.40 92.42 90.60 88.94 87.44 86.10 84.93 83.91 83.06 82.36 81.82 81.44 81.23 81.17 81.27 81.52 81.94
169.18 170.62 172.08 173.58 175.11 176.67 178.25 179.85 181.47 183.11 184.76 186.43 188.11 189.78 191.28 192.46 193.31 193.84 194.07 194.00 193.66 193.03 192.15 191.02 189.64 188.03 186.21 184.17 181.94 179.52 176.92 174.15 171.23 168.16 164.96 161.63 158.19 154.65 151.01 147.30 143.51 139.66 135.76 131.83 127.95 124.16 120.48 116.95 113.60 110.41 107.38 104.53 101.83 99.31 96.94 94.75 92.71 90.84 89.14 87.60 86.22 85.01 83.95 83.06 82.34 81.77 81.37 81.13 81.05 81.13 81.38 81.78
171.55 173.01 174.51 176.03 177.58 179.16 180.76 182.38 184.01 185.67 187.33 189.00 190.69 192.36 193.87 195.04 195.88 196.40 196.62 196.53 196.16 195.51 194.60 193.43 192.02 190.37 188.49 186.41 184.12 181.64 178.98 176.15 173.16 170.02 166.74 163.33 159.81 156.17 152.44 148.63 144.74 140.79 136.80 132.83 128.95 125.14 121.43 117.84 114.41 111.15 108.06 105.13 102.38 99.79 97.37 95.12 93.03 91.11 89.36 87.78 86.36 85.10 84.01 83.09 82.34 81.74 81.32 81.05 80.95 81.02 81.25 81.64
173.86 175.35 176.87 178.42 179.99 181.59 183.20 184.84 186.48 188.14 189.82 191.50 193.18 194.86 196.36 197.53 198.36 198.87 199.06 198.96 198.56 197.88 196.93 195.73 194.27 192.58 190.66 188.52 186.17 183.63 180.91 178.01 174.95 171.73 168.37 164.88 161.27 157.54 153.72 149.81 145.81 141.77 137.74 133.78 129.89 126.08 122.36 118.74 115.25 111.91 108.75 105.76 102.94 100.29 97.82 95.51 93.37 91.40 89.60 87.97 86.51 85.22 84.09 83.14 82.35 81.73 81.28 80.99 80.87 80.92 81.13 81.51
176.11 177.63 179.17 180.74 182.33 183.94 185.57 187.21 188.87 190.54 192.22 193.90 195.58 197.26 198.75 199.91 200.73 201.22 201.40 201.27 200.84 200.13 199.15 197.90 196.40 194.66 192.69 190.49 188.09 185.49 182.70 179.72 176.59 173.29 169.85 166.27 162.57 158.75 154.83 150.81 146.73 142.66 138.64 134.68 130.79 126.97 123.25 119.62 116.10 112.70 109.47 106.41 103.53 100.82 98.28 95.92 93.73 91.71 89.86 88.19 86.69 85.35 84.19 83.20 82.38 81.74 81.26 80.95 80.81 80.84 81.04 81.41
178.29 179.83 181.39 182.98 184.59 186.21 187.85 189.50 191.17 192.84 194.52 196.20 197.88 199.55 201.04 202.19 202.99 203.46 203.61 203.46 203.00 202.25 201.23 199.94 198.40 196.61 194.58 192.33 189.86 187.19 184.33 181.29 178.07 174.69 171.17 167.50 163.70 159.79 155.77 151.66 147.56 143.49 139.47 135.52 131.63 127.82 124.10 120.46 116.93 113.50 110.21 107.09 104.14 101.37 98.77 96.35 94.11 92.04 90.15 88.43 86.88 85.51 84.31 83.29 82.44 81.76 81.26 80.92 80.76 80.78 80.96 81.32
180.40 181.96 183.54 185.14 186.76 188.39 190.04 191.70 193.36 195.04 196.72 198.40 200.07 201.74 203.21 204.34 205.13 205.58 205.70 205.52 205.03 204.24 203.18 201.84 200.25 198.40 196.32 194.01 191.48 188.74 185.80 182.68 179.39 175.93 172.31 168.55 164.66 160.65 156.54 152.41 148.32 144.27 140.26 136.31 132.43 128.62 124.90 121.26 117.72 114.28 110.96 107.78 104.77 101.94 99.28 96.81 94.51 92.39 90.45 88.68 87.10 85.68 84.45 83.39 82.51 81.80 81.27 80.92 80.74 80.73 80.90 81.24
