data_output/RCH/Precip_1994_07.asc
ncols        168
nrows        136
xllcorner    455000
yllcorner    2107000
cellsize     500
NODATA_value     -99999
[rows 0 to 31 of 136, columns 71 to 141 of 168]
124.08 123.31 122.58 121.91 121.28 120.68 120.10 119.52 118.95 118.40 117.86 117.33 116.82 116.34 115.87 115.43 115.02 114.64 114.28 113.96 113.68 113.43 113.22 113.05 112.87 112.68 112.48 112.27 112.04 111.79 111.54 111.26 110.98 110.68 110.37 110.04 109.70 109.35 108.98 108.60 108.21 107.80 107.35 106.85 106.29 105.67 105.00 104.28 103.52 102.71 101.86 100.96 100.03 99.07 98.07 97.05 95.99 94.91 93.81 92.68 91.54 90.39 89.22 88.04 86.85 85.65 84.45 83.26 82.06 80.87 79.68
124.65 123.85 123.10 122.40 121.74 121.13 120.56 120.00 119.45 118.91 118.39 117.88 117.40 116.93 116.48 116.06 115.67 115.31 114.98 114.68 114.42 114.19 114.00 113.85 113.70 113.53 113.35 113.16 112.95 112.73 112.50 112.25 111.99 111.71 111.42 111.12 110.80 110.47 110.13 109.77 109.40 108.98 108.52 107.99 107.41 106.77 106.08 105.35 104.57 103.75 102.88 101.98 101.04 100.07 99.07 98.04 96.98 95.90 94.80 93.68 92.54 91.39 90.22 89.05 87.87 86.69 85.51 84.32 83.14 81.97 80.80
125.28 124.46 123.69 122.96 122.27 121.64 121.05 120.51 119.97 119.45 118.95 118.46 117.99 117.55 117.12 116.72 116.35 116.01 115.70 115.42 115.18 114.97 114.81 114.68 114.55 114.41 114.25 114.08 113.90 113.70 113.49 113.26 113.02 112.77 112.50 112.22 111.93 111.62 111.30 110.96 110.58 110.15 109.66 109.11 108.50 107.85 107.14 106.39 105.60 104.77 103.89 102.98 102.03 101.05 100.05 99.01 97.95 96.87 95.77 94.66 93.52 92.38 91.22 90.06 88.89 87.73 86.56 85.39 84.22 83.07 81.92
125.98 125.13 124.33 123.58 122.87 122.21 121.60 121.04 120.52 120.02 119.53 119.07 118.62 118.19 117.78 117.40 117.05 116.73 116.44 116.18 115.96 115.78 115.64 115.53 115.43 115.31 115.17 115.02 114.86 114.69 114.50 114.29 114.08 113.85 113.60 113.35 113.07 112.79 112.49 112.15 111.75 111.29 110.77 110.20 109.58 108.91 108.19 107.42 106.61 105.77 104.88 103.96 103.01 102.02 101.01 99.98 98.92 97.84 96.74 95.63 94.50 93.36 92.22 91.06 89.91 88.75 87.60 86.45 85.30 84.17 83.04
126.72 125.86 125.03 124.26 123.52 122.84 122.21 121.63 121.10 120.61 120.14 119.69 119.26 118.85 118.47 118.11 117.78 117.48 117.21 116.97 116.77 116.62 116.50 116.41 116.33 116.23 116.12 115.99 115.85 115.70 115.53 115.35 115.16 114.95 114.73 114.49 114.25 113.98 113.68 113.31 112.89 112.40 111.87 111.28 110.63 109.94 109.21 108.43 107.61 106.75 105.85 104.93 103.97 102.98 101.96 100.93 99.87 98.79 97.69 96.58 95.46 94.33 93.20 92.06 90.91 89.77 88.63 87.50 86.37 85.26 84.16
127.52 126.64 125.79 124.99 124.24 123.54 122.88 122.28 121.73 121.23 120.78 120.34 119.93 119.54 119.18 118.84 118.53 118.25 118.00 117.79 117.61 117.47 117.38 117.31 117.25 117.18 117.09 116.98 116.87 116.74 116.59 116.44 116.27 116.08 115.88 115.67 115.44 115.17 114.84 114.45 114.00 113.50 112.94 112.33 111.67 110.96 110.21 109.41 108.58 107.71 106.81 105.87 104.91 103.92 102.90 101.86 100.80 99.73 98.64 97.53 96.42 95.30 94.17 93.04 91.91 90.79 89.66 88.55 87.44 86.35 85.27
128.37 127.47 126.61 125.79 125.02 124.29 123.61 122.99 122.42 121.90 121.44 121.02 120.63 120.26 119.91 119.59 119.30 119.04 118.82 118.62 118.47 118.35 118.28 118.24 118.20 118.15 118.08 118.00 117.91 117.80 117.68 117.54 117.40 117.23 117.06 116.86 116.63 116.34 115.98 115.56 115.09 114.56 113.98 113.35 112.68 111.95 111.19 110.38 109.54 108.66 107.75 106.81 105.84 104.84 103.82 102.78 101.72 100.65 99.57 98.47 97.36 96.25 95.13 94.02 92.90 91.79 90.69 89.59 88.50 87.43 86.38
129.27 128.35 127.47 126.63 125.84 125.10 124.40 123.76 123.17 122.63 122.15 121.73 121.35 121.00 120.67 120.37 120.10 119.86 119.66 119.49 119.35 119.26 119.21 119.19 119.18 119.15 119.10 119.04 118.97 118.89 118.79 118.68 118.55 118.41 118.25 118.06 117.80 117.48 117.09 116.65 116.16 115.61 115.01 114.36 113.66 112.92 112.15 111.33 110.47 109.59 108.67 107.72 106.75 105.75 104.73 103.69 102.63 101.56 100.48 99.39 98.30 97.19 96.09 94.99 93.89 92.79 91.70 90.63 89.56 88.51 87.48
130.20 129.27 128.38 127.53 126.72 125.96 125.25 124.59 123.98 123.42 122.92 122.48 122.10 121.76 121.46 121.18 120.93 120.71 120.52 120.37 120.26 120.19 120.16 120.17 120.17 120.17 120.14 120.11 120.06 120.00 119.92 119.83 119.73 119.61 119.45 119.22 118.94 118.59 118.18 117.71 117.20 116.62 116.00 115.34 114.63 113.87 113.08 112.25 111.39 110.49 109.57 108.62 107.64 106.64 105.62 104.58 103.53 102.46 101.39 100.31 99.22 98.13 97.04 95.95 94.86 93.78 92.71 91.66 90.62 89.59 88.58
131.18 130.24 129.33 128.47 127.65 126.87 126.15 125.47 124.84 124.27 123.75 123.29 122.89 122.55 122.26 122.00 121.78 121.58 121.41 121.29 121.20 121.15 121.14 121.17 121.20 121.21 121.21 121.20 121.17 121.13 121.08 121.01 120.93 120.81 120.62 120.36 120.05 119.67 119.24 118.75 118.21 117.62 116.98 116.30 115.57 114.80 114.00 113.16 112.29 111.38 110.45 109.49 108.51 107.51 106.49 105.46 104.41 103.35 102.28 101.21 100.13 99.05 97.97 96.90 95.83 94.77 93.72 92.68 91.66 90.66 89.68
132.20 131.24 130.33 129.45 128.62 127.83 127.09 126.40 125.76 125.17 124.64 124.17 123.75 123.39 123.10 122.86 122.65 122.47 122.33 122.22 122.15 122.13 122.14 122.19 122.24 122.28 122.31 122.32 122.31 122.30 122.26 122.22 122.13 121.97 121.75 121.47 121.13 120.73 120.27 119.76 119.20 118.59 117.93 117.23 116.49 115.71 114.89 114.04 113.16 112.25 111.32 110.36 109.37 108.37 107.35 106.32 105.28 104.22 103.16 102.10 101.03 99.96 98.90 97.84 96.79 95.75 94.72 93.70 92.71 91.73 90.77
133.25 132.29 131.36 130.48 129.64 128.84 128.09 127.38 126.73 126.13 125.58 125.09 124.66 124.29 123.98 123.74 123.55 123.39 123.27 123.18 123.14 123.13 123.17 123.24 123.31 123.38 123.42 123.46 123.47 123.48 123.47 123.42 123.30 123.11 122.86 122.55 122.18 121.75 121.27 120.74 120.16 119.53 118.86 118.14 117.39 116.59 115.77 114.91 114.02 113.10 112.16 111.20 110.22 109.22 108.20 107.17 106.13 105.08 104.03 102.97 101.92 100.86 99.81 98.77 97.74 96.71 95.71 94.72 93.74 92.79 91.86
134.34 133.37 132.43 131.54 130.69 129.88 129.12 128.41 127.75 127.13 126.58 126.07 125.63 125.25 124.92 124.66 124.47 124.33 124.23 124.17 124.14 124.16 124.22 124.31 124.41 124.49 124.56 124.62 124.66 124.69 124.67 124.58 124.43 124.22 123.94 123.60 123.21 122.75 122.25 121.70 121.10 120.45 119.76 119.03 118.26 117.46 116.62 115.75 114.86 113.94 112.99 112.03 111.04 110.04 109.03 108.00 106.97 105.93 104.89 103.84 102.80 101.76 100.72 99.69 98.68 97.68 96.69 95.72 94.77 93.85 92.95
135.45 134.47 133.54 132.64 131.78 130.97 130.20 129.48 128.81 128.18 127.62 127.10 126.65 126.25 125.92 125.65 125.44 125.30 125.22 125.18 125.17 125.21 125.29 125.41 125.53 125.64 125.73 125.81 125.87 125.89 125.84 125.72 125.54 125.29 124.99 124.62 124.20 123.73 123.20 122.63 122.01 121.34 120.64 119.89 119.11 118.30 117.45 116.58 115.67 114.75 113.80 112.83 111.85 110.85 109.84 108.82 107.79 106.76 105.73 104.69 103.66 102.64 101.62 100.61 99.61 98.63 97.67 96.72 95.80 94.90 94.03
136.59 135.61 134.67 133.77 132.91 132.09 131.31 130.59 129.91 129.28 128.70 128.18 127.72 127.31 126.97 126.69 126.47 126.32 126.24 126.21 126.23 126.29 126.39 126.53 126.68 126.81 126.92 127.02 127.07 127.06 126.97 126.83 126.61 126.34 126.00 125.61 125.17 124.67 124.12 123.53 122.89 122.21 121.49 120.73 119.94 119.11 118.26 117.38 116.47 115.54 114.59 113.62 112.64 111.64 110.64 109.62 108.60 107.58 106.56 105.53 104.52 103.51 102.50 101.51 100.54 99.58 98.64 97.72 96.82 95.95 95.11
137.75 136.77 135.83 134.93 134.06 133.24 132.46 131.73 131.05 130.41 129.83 129.30 128.83 128.42 128.07 127.77 127.55 127.39 127.30 127.27 127.31 127.39 127.52 127.68 127.85 128.00 128.13 128.22 128.24 128.19 128.08 127.90 127.65 127.35 126.99 126.57 126.10 125.58 125.02 124.40 123.75 123.05 122.32 121.55 120.74 119.91 119.05 118.16 117.25 116.31 115.36 114.39 113.41 112.42 111.42 110.41 109.40 108.38 107.37 106.36 105.36 104.36 103.38 102.41 101.45 100.51 99.60 98.70 97.83 96.99 96.18
138.93 137.96 137.01 136.11 135.24 134.42 133.64 132.91 132.22 131.58 131.00 130.47 129.99 129.57 129.21 128.91 128.68 128.51 128.41 128.38 128.42 128.52 128.67 128.85 129.04 129.21 129.34 129.39 129.38 129.30 129.15 128.94 128.66 128.33 127.94 127.50 127.01 126.47 125.88 125.25 124.58 123.87 123.12 122.34 121.52 120.68 119.81 118.92 118.00 117.07 116.11 115.15 114.17 113.18 112.18 111.18 110.18 109.18 108.17 107.18 106.19 105.21 104.25 103.29 102.36 101.44 100.55 99.68 98.84 98.03 97.25
140.13 139.16 138.22 137.32 136.45 135.63 134.85 134.12 133.43 132.79 132.20 131.67 131.19 130.76 130.40 130.10 129.86 129.68 129.57 129.54 129.57 129.67 129.84 130.05 130.25 130.42 130.51 130.53 130.48 130.36 130.18 129.94 129.64 129.28 128.87 128.40 127.89 127.33 126.72 126.07 125.38 124.66 123.90 123.10 122.28 121.43 120.55 119.66 118.74 117.80 116.85 115.88 114.90 113.92 112.93 111.94 110.94 109.95 108.96 107.98 107.01 106.05 105.10 104.17 103.26 102.37 101.50 100.66 99.84 99.06 98.31
141.35 140.38 139.44 138.55 137.68 136.86 136.09 135.35 134.67 134.03 133.44 132.90 132.42 132.00 131.63 131.32 131.08 130.90 130.79 130.74 130.77 130.87 131.04 131.27 131.46 131.59 131.64 131.63 131.54 131.40 131.18 130.91 130.58 130.20 129.76 129.27 128.74 128.16 127.53 126.87 126.16 125.42 124.65 123.85 123.01 122.16 121.27 120.37 119.45 118.51 117.56 116.60 115.62 114.65 113.66 112.68 111.69 110.71 109.74 108.77 107.82 106.87 105.94 105.03 104.14 103.28 102.44 101.62 100.84 100.09 99.37
142.55 141.59 140.66 139.77 138.91 138.09 137.32 136.59 135.90 135.27 134.68 134.14 133.66 133.24 132.87 132.56 132.32 132.13 132.02 131.97 131.99 132.08 132.25 132.47 132.64 132.73 132.74 132.69 132.57 132.39 132.15 131.85 131.50 131.09 130.62 130.11 129.56 128.96 128.31 127.63 126.91 126.16 125.38 124.56 123.72 122.86 121.97 121.07 120.14 119.20 118.25 117.29 116.32 115.35 114.38 113.40 112.43 111.46 110.50 109.55 108.61 107.68 106.78 105.89 105.02 104.18 103.37 102.58 101.82 101.10 100.42
143.68 142.72 141.80 140.91 140.06 139.25 138.48 137.75 137.07 136.43 135.85 135.31 134.83 134.41 134.04 133.73 133.48 133.30 133.18 133.12 133.14 133.23 133.40 133.62 133.77 133.83 133.81 133.72 133.57 133.36 133.09 132.76 132.38 131.94 131.46 130.92 130.35 129.73 129.07 128.37 127.64 126.87 126.08 125.26 124.41 123.54 122.65 121.74 120.81 119.87 118.92 117.97 117.00 116.04 115.07 114.10 113.14 112.19 111.24 110.31 109.38 108.48 107.59 106.73 105.88 105.07 104.28 103.52 102.80 102.11 101.46
144.72 143.77 142.85 141.97 141.13 140.32 139.55 138.83 138.15 137.52 136.93 136.40 135.92 135.49 135.12 134.81 134.56 134.37 134.25 134.20 134.21 134.30 134.47 134.69 134.85 134.89 134.84 134.72 134.54 134.30 133.99 133.64 133.23 132.77 132.26 131.71 131.11 130.47 129.80 129.08 128.34 127.56 126.75 125.92 125.07 124.19 123.30 122.38 121.46 120.52 119.57 118.62 117.66 116.70 115.74 114.79 113.84 112.90 111.96 111.05 110.14 109.26 108.39 107.55 106.73 105.94 105.18 104.45 103.76 103.10 102.49
145.68 144.73 143.82 142.95 142.10 141.30 140.54 139.82 139.14 138.51 137.93 137.40 136.92 136.49 136.12 135.81 135.56 135.37 135.24 135.19 135.20 135.29 135.46 135.69 135.85 135.90 135.84 135.69 135.47 135.20 134.87 134.49 134.05 133.57 133.04 132.46 131.84 131.19 130.50 129.77 129.01 128.22 127.41 126.57 125.70 124.82 123.92 123.01 122.08 121.14 120.20 119.25 118.30 117.35 116.40 115.45 114.52 113.59 112.67 111.77 110.88 110.02 109.17 108.35 107.56 106.80 106.06 105.37 104.70 104.08 103.50
146.55 145.61 144.71 143.83 143.00 142.20 141.44 140.73 140.05 139.42 138.84 138.31 137.83 137.41 137.04 136.73 136.47 136.28 136.15 136.10 136.11 136.21 136.38 136.61 136.77 136.83 136.77 136.62 136.38 136.07 135.71 135.30 134.84 134.34 133.78 133.19 132.55 131.88 131.17 130.43 129.66 128.86 128.03 127.18 126.31 125.43 124.53 123.61 122.68 121.75 120.81 119.86 118.92 117.97 117.03 116.10 115.17 114.26 113.36 112.47 111.61 110.76 109.94 109.14 108.38 107.64 106.94 106.27 105.64 105.05 104.50
147.33 146.40 145.51 144.64 143.81 143.02 142.27 141.55 140.88 140.26 139.68 139.15 138.67 138.25 137.88 137.56 137.31 137.12 136.99 136.94 136.96 137.06 137.23 137.46 137.63 137.68 137.64 137.49 137.25 136.92 136.53 136.09 135.61 135.08 134.50 133.89 133.23 132.54 131.82 131.06 130.28 129.47 128.63 127.78 126.90 126.01 125.11 124.19 123.26 122.33 121.39 120.45 119.51 118.58 117.65 116.73 115.81 114.91 114.03 113.16 112.32 111.49 110.69 109.92 109.18 108.47 107.79 107.15 106.56 106.00 105.49
148.04 147.12 146.23 145.37 144.54 143.76 143.01 142.30 141.63 141.01 140.43 139.91 139.43 139.00 138.63 138.32 138.06 137.87 137.75 137.71 137.73 137.83 138.01 138.24 138.41 138.47 138.43 138.29 138.06 137.73 137.32 136.85 136.34 135.79 135.19 134.56 133.88 133.18 132.44 131.67 130.87 130.05 129.21 128.35 127.47 126.57 125.66 124.75 123.82 122.89 121.96 121.02 120.09 119.16 118.24 117.33 116.44 115.55 114.68 113.83 113.01 112.20 111.43 110.68 109.96 109.28 108.64 108.03 107.46 106.94 106.46
148.66 147.75 146.87 146.02 145.20 144.41 143.67 142.96 142.30 141.68 141.11 140.58 140.11 139.68 139.31 139.00 138.75 138.56 138.45 138.41 138.43 138.54 138.72 138.95 139.12 139.18 139.15 139.02 138.80 138.48 138.07 137.58 137.05 136.47 135.86 135.20 134.51 133.79 133.03 132.25 131.45 130.61 129.76 128.89 128.01 127.11 126.20 125.28 124.36 123.43 122.50 121.57 120.65 119.73 118.82 117.92 117.04 116.17 115.32 114.49 113.68 112.90 112.15 111.43 110.74 110.08 109.47 108.89 108.36 107.87 107.43
149.21 148.31 147.43 146.59 145.77 145.00 144.26 143.56 142.90 142.28 141.71 141.19 140.71 140.29 139.92 139.61 139.36 139.19 139.08 139.04 139.07 139.17 139.35 139.58 139.76 139.83 139.80 139.68 139.47 139.16 138.77 138.28 137.73 137.13 136.49 135.82 135.11 134.37 133.61 132.81 131.99 131.15 130.29 129.42 128.53 127.63 126.72 125.80 124.88 123.95 123.03 122.11 121.19 120.28 119.38 118.50 117.63 116.77 115.94 115.13 114.34 113.59 112.86 112.16 111.50 110.87 110.29 109.74 109.24 108.79 108.38
149.69 148.79 147.92 147.08 146.27 145.50 144.77 144.07 143.42 142.80 142.23 141.71 141.24 140.82 140.45 140.15 139.91 139.74 139.64 139.60 139.64 139.74 139.92 140.15 140.33 140.40 140.39 140.27 140.07 139.78 139.39 138.93 138.38 137.76 137.10 136.41 135.69 134.93 134.15 133.35 132.52 131.67 130.80 129.92 129.03 128.12 127.21 126.29 125.37 124.45 123.53 122.62 121.71 120.81 119.93 119.05 118.20 117.36 116.55 115.75 114.99 114.25 113.55 112.88 112.24 111.65 111.09 110.58 110.11 109.70 109.33
150.08 149.19 148.33 147.50 146.70 145.93 145.20 144.51 143.86 143.25 142.69 142.17 141.70 141.28 140.92 140.63 140.40 140.23 140.13 140.10 140.14 140.25 140.43 140.66 140.83 140.91 140.90 140.79 140.60 140.32 139.95 139.50 138.97 138.36 137.69 136.98 136.24 135.47 134.67 133.86 133.02 132.16 131.29 130.40 129.50 128.60 127.68 126.77 125.85 124.93 124.02 123.11 122.21 121.33 120.45 119.59 118.75 117.93 117.14 116.36 115.62 114.91 114.23 113.58 112.98 112.41 111.88 111.41 110.97 110.59 110.26
150.41 149.53 148.67 147.85 147.05 146.29 145.57 144.88 144.24 143.63 143.07 142.55 142.09 141.68 141.33 141.05 140.82 140.66 140.56 140.54 140.58 140.69 140.87 141.10 141.27 141.35 141.35 141.25 141.07 140.80 140.45 140.01 139.50 138.91 138.24 137.52 136.76 135.98 135.17 134.34 133.49 132.63 131.75 130.86 129.96 129.05 128.14 127.22 126.31 125.39 124.49 123.59 122.70 121.82 120.96 120.12 119.29 118.49 117.71 116.96 116.24 115.55 114.89 114.28 113.70 113.16 112.67 112.22 111.82 111.48 111.19
150.66 149.79 148.94 148.12 147.34 146.58 145.86 145.18 144.54 143.94 143.38 142.87 142.42 142.02 141.68 141.40 141.18 141.02 140.93 140.91 140.95 141.06 141.24 141.47 141.64 141.73 141.73 141.64 141.46 141.21 140.87 140.45 139.96 139.39 138.75 138.03 137.26 136.47 135.65 134.81 133.95 133.08 132.19 131.29 130.39 129.48 128.57 127.66 126.74 125.84 124.94 124.05 123.17 122.30 121.45 120.62 119.81 119.03 118.27 117.54 116.84 116.18 115.55 114.96 114.41 113.90 113.44 113.03 112.66 112.36 112.10
