data_output/RCH/Precip_1994_07.asc
ncols        168
nrows        136
xllcorner    455000
yllcorner    2107000
cellsize     500
NODATA_value     -99999
[rows 64 to 95 of 136, columns 0 to 70 of 168]
98.71 100.94 103.30 105.78 108.41 111.17 114.09 117.07 119.94 122.60 125.06 127.34 129.44 131.36 133.11 134.69 136.12 137.40 138.53 139.53 140.39 141.13 141.75 142.25 142.65 142.96 143.16 143.28 143.34 143.37 143.37 143.35 143.31 143.25 143.16 143.05 142.93 142.78 142.62 142.43 142.23 142.01 141.77 141.52 141.25 140.96 140.66 140.35 140.02 139.68 139.34 138.99 138.65 138.30 137.94 137.58 137.22 136.86 136.49 136.11 135.74 135.36 134.98 134.59 134.21 133.82 133.42 133.02 132.62 132.22 131.81
98.38 100.30 102.35 104.52 106.83 109.27 111.86 114.59 117.40 120.08 122.57 124.88 127.00 128.94 130.71 132.32 133.77 135.07 136.23 137.25 138.13 138.89 139.53 140.06 140.48 140.80 141.03 141.17 141.24 141.29 141.31 141.31 141.29 141.25 141.18 141.10 140.99 140.86 140.72 140.55 140.37 140.17 139.95 139.72 139.47 139.20 138.92 138.63 138.32 138.02 137.71 137.39 137.07 136.75 136.42 136.09 135.75 135.42 135.07 134.73 134.38 134.02 133.67 133.31 132.94 132.57 132.20 131.83 131.45 131.06 130.68
98.27 99.91 101.66 103.53 105.53 107.66 109.93 112.33 114.89 117.52 120.04 122.37 124.51 126.48 128.28 129.91 131.39 132.71 133.89 134.93 135.84 136.62 137.28 137.83 138.27 138.61 138.86 139.02 139.11 139.18 139.22 139.24 139.24 139.21 139.17 139.10 139.01 138.91 138.78 138.64 138.47 138.29 138.10 137.88 137.65 137.41 137.15 136.88 136.61 136.33 136.05 135.76 135.47 135.18 134.88 134.57 134.27 133.95 133.64 133.32 132.99 132.66 132.33 131.99 131.65 131.31 130.96 130.60 130.25 129.89 129.52
98.38 99.74 101.20 102.79 104.49 106.32 108.28 110.37 112.61 115.00 117.46 119.82 121.99 123.98 125.80 127.46 128.96 130.31 131.51 132.57 133.50 134.30 134.99 135.56 136.02 136.38 136.65 136.83 136.94 137.03 137.09 137.13 137.15 137.14 137.12 137.07 137.00 136.92 136.81 136.69 136.55 136.39 136.21 136.02 135.81 135.59 135.35 135.12 134.87 134.62 134.37 134.11 133.85 133.58 133.31 133.03 132.75 132.47 132.18 131.88 131.58 131.28 130.97 130.66 130.34 130.02 129.69 129.36 129.02 128.68 128.34
98.68 99.77 100.97 102.27 103.69 105.23 106.90 108.69 110.62 112.70 114.92 117.22 119.42 121.44 123.28 124.97 126.49 127.86 129.09 130.17 131.13 131.95 132.66 133.25 133.73 134.12 134.40 134.60 134.74 134.84 134.93 134.99 135.02 135.04 135.03 135.01 134.96 134.90 134.81 134.71 134.59 134.45 134.29 134.12 133.93 133.74 133.53 133.33 133.11 132.89 132.67 132.44 132.21 131.97 131.72 131.47 131.22 130.96 130.69 130.42 130.15 129.87 129.58 129.29 129.00 128.70 128.40 128.09 127.77 127.45 127.13
99.17 100.01 100.94 101.98 103.12 104.38 105.76 107.27 108.91 110.68 112.60 114.67 116.81 118.85 120.73 122.43 123.98 125.38 126.63 127.74 128.71 129.56 130.29 130.90 131.41 131.81 132.12 132.34 132.50 132.62 132.73 132.81 132.86 132.90 132.92 132.91 132.89 132.84 132.78 132.70 132.60 132.48 132.34 132.19 132.03 131.87 131.70 131.52 131.33 131.14 130.95 130.75 130.54 130.33 130.11 129.89 129.66 129.43 129.19 128.94 128.69 128.44 128.18 127.91 127.64 127.36 127.08 126.79 126.50 126.20 125.90
99.82 100.41 101.10 101.88 102.76 103.76 104.87 106.10 107.45 108.94 110.56 112.33 114.24 116.23 118.13 119.86 121.43 122.85 124.13 125.26 126.26 127.13 127.88 128.52 129.05 129.47 129.80 130.04 130.22 130.37 130.49 130.59 130.67 130.73 130.76 130.78 130.78 130.75 130.71 130.65 130.57 130.48 130.36 130.24 130.11 129.98 129.83 129.69 129.53 129.37 129.21 129.03 128.85 128.67 128.48 128.28 128.08 127.87 127.66 127.44 127.21 126.98 126.75 126.50 126.25 126.00 125.74 125.47 125.20 124.92 124.64
100.62 100.98 101.42 101.96 102.60 103.34 104.19 105.15 106.23 107.44 108.78 110.26 111.88 113.65 115.49 117.25 118.85 120.29 121.59 122.75 123.77 124.67 125.44 126.10 126.65 127.10 127.45 127.71 127.91 128.08 128.22 128.34 128.44 128.52 128.58 128.62 128.64 128.63 128.61 128.58 128.52 128.45 128.36 128.27 128.17 128.07 127.95 127.84 127.71 127.58 127.44 127.30 127.15 126.99 126.83 126.66 126.48 126.30 126.11 125.91 125.71 125.50 125.29 125.07 124.85 124.61 124.37 124.13 123.88 123.62 123.36
101.54 101.68 101.91 102.21 102.61 103.11 103.71 104.42 105.24 106.18 107.25 108.45 109.79 111.27 112.89 114.60 116.23 117.70 119.02 120.20 121.25 122.17 122.97 123.65 124.22 124.69 125.06 125.35 125.56 125.75 125.92 126.06 126.19 126.29 126.37 126.43 126.46 126.48 126.49 126.47 126.44 126.39 126.34 126.28 126.21 126.13 126.05 125.96 125.87 125.77 125.66 125.54 125.42 125.29 125.15 125.01 124.86 124.70 124.54 124.37 124.19 124.00 123.81 123.62 123.41 123.20 122.99 122.76 122.53 122.30 122.05
102.59 102.52 102.52 102.61 102.79 103.05 103.41 103.88 104.45 105.14 105.95 106.88 107.95 109.15 110.50 111.99 113.57 115.06 116.41 117.62 118.69 119.63 120.45 121.16 121.75 122.25 122.64 122.95 123.19 123.40 123.59 123.75 123.90 124.02 124.12 124.20 124.26 124.30 124.33 124.34 124.33 124.31 124.29 124.26 124.23 124.18 124.13 124.07 124.01 123.93 123.85 123.76 123.67 123.56 123.45 123.34 123.21 123.08 122.94 122.80 122.64 122.48 122.32 122.14 121.96 121.77 121.58 121.37 121.17 120.95 120.73
103.72 103.46 103.26 103.14 103.10 103.15 103.28 103.52 103.86 104.30 104.86 105.54 106.35 107.29 108.36 109.58 110.94 112.39 113.77 115.00 116.09 117.06 117.91 118.64 119.25 119.77 120.19 120.52 120.78 121.01 121.22 121.41 121.57 121.72 121.84 121.95 122.03 122.10 122.14 122.18 122.20 122.22 122.23 122.23 122.22 122.21 122.19 122.16 122.12 122.08 122.02 121.96 121.90 121.82 121.74 121.64 121.55 121.44 121.33 121.20 121.07 120.94 120.79 120.64 120.48 120.32 120.14 119.96 119.77 119.58 119.37
104.94 104.49 104.11 103.79 103.55 103.38 103.31 103.32 103.43 103.65 103.97 104.41 104.97 105.65 106.47 107.42 108.52 109.76 111.09 112.34 113.47 114.46 115.33 116.08 116.72 117.26 117.70 118.05 118.34 118.59 118.82 119.03 119.22 119.39 119.54 119.66 119.77 119.86 119.93 120.00 120.06 120.11 120.15 120.18 120.20 120.22 120.23 120.23 120.22 120.20 120.18 120.14 120.10 120.05 120.00 119.93 119.86 119.78 119.69 119.59 119.48 119.37 119.25 119.12 118.98 118.84 118.69 118.53 118.36 118.18 118.00
106.23 105.60 105.04 104.54 104.10 103.74 103.46 103.27 103.17 103.16 103.26 103.47 103.79 104.23 104.80 105.50 106.34 107.32 108.44 109.66 110.80 111.82 112.71 113.49 114.16 114.72 115.18 115.56 115.86 116.14 116.40 116.63 116.84 117.03 117.20 117.35 117.48 117.60 117.71 117.80 117.89 117.97 118.05 118.11 118.16 118.21 118.25 118.28 118.30 118.31 118.31 118.31 118.29 118.27 118.24 118.20 118.15 118.09 118.03 117.96 117.87 117.78 117.69 117.58 117.46 117.34 117.21 117.07 116.92 116.77 116.60
107.56 106.77 106.04 105.36 104.75 104.21 103.74 103.35 103.04 102.83 102.72 102.71 102.80 103.02 103.35 103.80 104.39 105.12 105.99 107.00 108.11 109.15 110.07 110.87 111.56 112.15 112.64 113.03 113.36 113.66 113.94 114.20 114.43 114.64 114.84 115.01 115.17 115.32 115.46 115.59 115.71 115.82 115.93 116.02 116.11 116.18 116.25 116.31 116.36 116.39 116.43 116.45 116.46 116.46 116.46 116.44 116.42 116.39 116.35 116.30 116.24 116.17 116.10 116.01 115.92 115.82 115.71 115.59 115.46 115.33 115.18
108.92 107.99 107.10 106.26 105.48 104.76 104.11 103.54 103.04 102.64 102.32 102.10 101.98 101.98 102.09 102.31 102.67 103.15 103.77 104.54 105.45 106.45 107.39 108.22 108.93 109.54 110.06 110.48 110.83 111.15 111.45 111.73 111.99 112.23 112.45 112.65 112.84 113.02 113.20 113.36 113.51 113.66 113.79 113.91 114.03 114.13 114.23 114.32 114.39 114.46 114.52 114.57 114.61 114.64 114.66 114.67 114.67 114.66 114.65 114.62 114.59 114.54 114.49 114.43 114.36 114.28 114.19 114.09 113.98 113.86 113.74
110.30 109.22 108.19 107.20 106.26 105.38 104.57 103.82 103.15 102.56 102.05 101.64 101.32 101.11 101.00 101.01 101.14 101.39 101.78 102.30 102.97 103.78 104.69 105.54 106.28 106.91 107.45 107.89 108.27 108.61 108.94 109.24 109.53 109.79 110.03 110.27 110.49 110.71 110.91 111.11 111.29 111.47 111.63 111.79 111.93 112.07 112.19 112.31 112.41 112.51 112.59 112.67 112.74 112.79 112.84 112.88 112.90 112.92 112.93 112.93 112.91 112.89 112.86 112.82 112.77 112.71 112.64 112.56 112.48 112.38 112.27
111.67 110.47 109.30 108.18 107.10 106.07 105.09 104.19 103.35 102.58 101.90 101.30 100.79 100.38 100.08 99.88 99.80 99.83 99.99 100.29 100.72 101.29 102.01 102.83 103.59 104.25 104.81 105.28 105.68 106.05 106.40 106.73 107.03 107.32 107.60 107.87 108.13 108.38 108.62 108.84 109.06 109.26 109.46 109.65 109.82 109.98 110.14 110.28 110.42 110.54 110.65 110.75 110.85 110.93 111.00 111.06 111.11 111.16 111.19 111.21 111.22 111.22 111.21 111.19 111.16 111.13 111.08 111.02 110.95 110.87 110.78
113.03 111.71 110.42 109.17 107.95 106.79 105.67 104.61 103.62 102.69 101.84 101.07 100.39 99.79 99.30 98.90 98.62 98.45 98.40 98.48 98.68 99.03 99.51 100.15 100.88 101.56 102.14 102.64 103.06 103.46 103.83 104.18 104.52 104.84 105.16 105.46 105.75 106.03 106.30 106.56 106.81 107.04 107.27 107.48 107.69 107.88 108.06 108.24 108.40 108.55 108.69 108.82 108.94 109.04 109.14 109.23 109.30 109.37 109.43 109.47 109.50 109.53 109.54 109.54 109.54 109.52 109.49 109.45 109.40 109.34 109.28
114.35 112.92 111.53 110.16 108.82 107.53 106.28 105.09 103.95 102.87 101.87 100.94 100.08 99.32 98.64 98.07 97.59 97.23 96.98 96.85 96.84 96.97 97.23 97.64 98.19 98.84 99.45 99.97 100.42 100.84 101.24 101.62 101.99 102.35 102.69 103.03 103.35 103.67 103.97 104.26 104.54 104.80 105.06 105.31 105.54 105.76 105.97 106.17 106.36 106.54 106.71 106.86 107.01 107.14 107.26 107.38 107.48 107.57 107.65 107.71 107.77 107.82 107.85 107.88 107.89 107.89 107.88 107.87 107.84 107.80 107.74
115.61 114.10 112.60 111.13 109.69 108.28 106.91 105.59 104.32 103.11 101.96 100.87 99.87 98.94 98.10 97.35 96.70 96.15 95.72 95.39 95.18 95.11 95.16 95.35 95.68 96.16 96.73 97.27 97.75 98.19 98.62 99.04 99.44 99.83 100.22 100.58 100.94 101.29 101.62 101.94 102.25 102.55 102.84 103.11 103.37 103.62 103.86 104.09 104.31 104.51 104.71 104.89 105.06 105.22 105.37 105.50 105.63 105.74 105.84 105.94 106.02 106.08 106.14 106.19 106.22 106.24 106.26 106.26 106.25 106.23 106.19
116.81 115.21 113.63 112.07 110.53 109.02 107.54 106.10 104.71 103.37 102.09 100.87 99.72 98.65 97.65 96.75 95.93 95.21 94.59 94.08 93.69 93.42 93.27 93.25 93.37 93.63 94.04 94.55 95.05 95.53 95.99 96.44 96.88 97.31 97.72 98.12 98.51 98.89 99.25 99.61 99.95 100.28 100.59 100.90 101.19 101.47 101.74 101.99 102.24 102.47 102.69 102.90 103.10 103.28 103.45 103.61 103.76 103.90 104.03 104.14 104.24 104.33 104.41 104.48 104.53 104.58 104.61 104.63 104.64 104.63 104.62
117.94 116.27 114.62 112.97 111.34 109.74 108.16 106.62 105.12 103.67 102.27 100.92 99.64 98.43 97.29 96.23 95.26 94.38 93.60 92.92 92.35 91.89 91.55 91.34 91.26 91.32 91.52 91.88 92.39 92.90 93.40 93.88 94.35 94.81 95.26 95.69 96.11 96.52 96.92 97.30 97.67 98.03 98.38 98.71 99.03 99.34 99.63 99.92 100.19 100.45 100.69 100.93 101.15 101.36 101.55 101.74 101.91 102.07 102.22 102.35 102.48 102.59 102.69 102.78 102.85 102.91 102.96 103.00 103.03 103.05 103.05
119.09 117.36 115.64 113.92 112.21 110.53 108.86 107.22 105.62 104.06 102.55 101.08 99.68 98.34 97.06 95.86 94.74 93.71 92.77 91.92 91.18 90.55 90.03 89.63 89.36 89.22 89.23 89.54 90.10 90.65 91.18 91.69 92.19 92.68 93.15 93.61 94.06 94.49 94.91 95.32 95.72 96.10 96.47 96.83 97.17 97.50 97.82 98.12 98.41 98.69 98.96 99.21 99.45 99.68 99.90 100.10 100.29 100.47 100.63 100.78 100.92 101.05 101.17 101.27 101.36 101.43 101.50 101.55 101.59 101.62 101.63
120.31 118.53 116.75 114.96 113.18 111.42 109.67 107.94 106.24 104.58 102.96 101.38 99.86 98.39 96.99 95.65 94.39 93.21 92.12 91.11 90.21 89.41 88.71 88.13 87.67 87.36 87.32 87.69 88.34 88.96 89.52 90.05 90.57 91.08 91.57 92.05 92.52 92.97 93.41 93.83 94.24 94.64 95.02 95.40 95.75 96.10 96.43 96.75 97.05 97.34 97.62 97.89 98.14 98.38 98.60 98.82 99.02 99.20 99.38 99.54 99.69 99.82 99.94 100.05 100.15 100.23 100.30 100.36 100.40 100.43 100.45
121.61 119.78 117.94 116.09 114.25 112.41 110.58 108.77 106.98 105.22 103.50 101.81 100.18 98.59 97.06 95.60 94.20 92.88 91.64 90.48 89.42 88.45 87.59 86.83 86.21 85.85 85.89 86.34 87.07 87.77 88.40 88.96 89.49 90.01 90.51 91.00 91.47 91.94 92.38 92.82 93.24 93.64 94.03 94.41 94.78 95.13 95.46 95.79 96.10 96.39 96.68 96.94 97.20 97.44 97.67 97.88 98.08 98.27 98.45 98.61 98.75 98.89 99.01 99.12 99.21 99.29 99.36 99.41 99.45 99.48 99.49
122.98 121.10 119.21 117.31 115.40 113.49 111.59 109.70 107.83 105.98 104.16 102.38 100.63 98.93 97.29 95.70 94.17 92.71 91.33 90.03 88.81 87.69 86.66 85.75 85.09 84.81 84.94 85.48 86.28 87.06 87.76 88.38 88.93 89.45 89.96 90.45 90.93 91.39 91.84 92.27 92.69 93.10 93.49 93.87 94.23 94.58 94.91 95.23 95.54 95.83 96.11 96.37 96.62 96.86 97.08 97.29 97.48 97.66 97.83 97.98 98.12 98.25 98.36 98.45 98.54 98.61 98.66 98.71 98.73 98.75 98.75
124.40 122.49 120.55 118.60 116.63 114.66 112.69 110.73 108.78 106.85 104.94 103.06 101.21 99.41 97.65 95.94 94.29 92.70 91.18 89.74 88.38 87.10 85.93 84.99 84.42 84.24 84.45 85.07 85.94 86.79 87.57 88.27 88.88 89.41 89.91 90.40 90.87 91.32 91.76 92.19 92.60 93.00 93.38 93.75 94.10 94.44 94.76 95.07 95.36 95.65 95.91 96.16 96.40 96.62 96.83 97.02 97.20 97.37 97.52 97.65 97.78 97.88 97.98 98.06 98.12 98.17 98.21 98.23 98.24 98.24 98.22
125.88 123.93 121.95 119.96 117.94 115.92 113.89 111.86 109.83 107.82 105.83 103.86 101.92 100.01 98.14 96.32 94.55 92.84 91.19 89.61 88.11 86.70 85.51 84.67 84.20 84.11 84.41 85.10 86.04 86.96 87.81 88.58 89.26 89.85 90.36 90.83 91.28 91.72 92.15 92.56 92.95 93.33 93.70 94.05 94.38 94.70 95.01 95.30 95.57 95.83 96.08 96.31 96.52 96.72 96.91 97.08 97.23 97.38 97.50 97.61 97.71 97.79 97.86 97.92 97.95 97.98 97.99 97.98 97.96 97.93 97.88
127.40 125.43 123.42 121.38 119.32 117.25 115.16 113.07 110.98 108.90 106.82 104.77 102.74 100.73 98.77 96.84 94.96 93.13 91.35 89.64 88.02 86.60 85.51 84.77 84.40 84.40 84.78 85.55 86.56 87.55 88.46 89.30 90.05 90.71 91.26 91.73 92.17 92.58 92.98 93.37 93.74 94.10 94.43 94.76 95.07 95.36 95.64 95.90 96.15 96.38 96.59 96.79 96.98 97.15 97.31 97.45 97.57 97.68 97.77 97.85 97.92 97.97 98.00 98.02 98.02 98.01 97.99 97.95 97.89 97.82 97.73
128.97 126.97 124.94 122.87 120.77 118.65 116.52 114.37 112.22 110.06 107.92 105.78 103.67 101.58 99.51 97.48 95.49 93.55 91.66 89.84 88.21 86.90 85.92 85.29 85.01 85.10 85.56 86.39 87.47 88.52 89.50 90.40 91.22 91.94 92.56 93.08 93.51 93.89 94.26 94.62 94.95 95.27 95.58 95.87 96.14 96.40 96.64 96.87 97.08 97.28 97.46 97.62 97.77 97.90 98.02 98.12 98.20 98.27 98.33 98.36 98.39 98.39 98.39 98.36 98.32 98.27 98.20 98.12 98.02 97.90 97.77
130.58 128.56 126.51 124.41 122.28 120.12 117.94 115.74 113.53 111.32 109.11 106.90 104.70 102.53 100.37 98.25 96.16 94.11 92.12 90.31 88.79 87.60 86.73 86.20 86.01 86.18 86.71 87.62 88.75 89.86 90.90 91.87 92.75 93.53 94.22 94.80 95.27 95.64 95.97 96.29 96.58 96.86 97.13 97.37 97.61 97.82 98.02 98.20 98.37 98.52 98.65 98.77 98.87 98.96 99.03 99.08 99.12 99.14 99.15 99.14 99.11 99.07 99.01 98.93 98.84 98.74 98.62 98.48 98.33 98.16 97.97
132.21 130.19 128.12 126.00 123.84 121.65 119.43 117.19 114.93 112.66 110.38 108.11 105.84 103.59 101.35 99.13 96.95 94.81 92.83 91.14 89.75 88.67 87.91 87.47 87.38 87.63 88.23 89.19 90.39 91.56 92.66 93.68 94.62 95.47 96.22 96.86 97.39 97.80 98.11 98.37 98.62 98.85 99.07 99.26 99.44 99.61 99.75 99.88 100.00 100.10 100.18 100.24 100.29 100.32 100.33 100.33 100.31 100.28 100.23 100.16 100.08 99.98 99.86 99.73 99.58 99.41 99.23 99.03 98.82 98.59 98.34
