data_output/RCH/Precip_2009_05.asc
ncols        168
nrows        136
xllcorner    455000
yllcorner    2107000
cellsize     500
NODATA_value     -99999
[rows 99 to 131 of 136, columns 75 to 149 of 168]
29.35 29.43 29.60 29.85 30.16 30.53 30.96 31.44 31.96 32.52 33.11 33.74 34.40 35.08 35.80 36.54 37.30 38.08 38.89 39.71 40.54 41.39 42.25 43.12 44.00 44.89 45.77 46.66 47.55 48.44 49.32 50.20 51.07 51.92 52.77 53.60 54.42 55.21 55.99 56.75 57.48 58.18 58.86 59.51 60.12 60.71 61.25 61.76 62.23 62.66 63.04 63.38 63.67 63.91 64.10 64.27 64.41 64.54 64.66 64.86 65.38 66.25 67.45 68.96 70.73 72.66 74.70 76.85 79.11 81.47 83.90 86.42 89.01 91.65 94.35
30.39 30.50 30.70 30.97 31.31 31.71 32.17 32.68 33.23 33.82 34.45 35.10 35.79 36.50 37.23 37.99 38.77 39.57 40.39 41.22 42.07 42.92 43.79 44.66 45.54 46.42 47.30 48.18 49.06 49.94 50.80 51.66 52.51 53.35 54.17 54.98 55.76 56.53 57.27 57.99 58.69 59.35 59.99 60.59 61.16 61.70 62.19 62.65 63.06 63.43 63.75 64.02 64.25 64.43 64.58 64.70 64.80 64.89 64.97 65.14 65.62 66.44 67.59 69.05 70.82 72.83 74.98 77.23 79.58 82.03 84.56 87.16 89.82 92.54 95.31
31.48 31.61 31.85 32.15 32.51 32.93 33.41 33.94 34.53 35.15 35.81 36.49 37.21 37.94 38.70 39.48 40.28 41.09 41.92 42.77 43.62 44.48 45.35 46.23 47.10 47.98 48.86 49.73 50.60 51.47 52.32 53.16 53.99 54.81 55.61 56.39 57.15 57.88 58.60 59.28 59.94 60.56 61.16 61.72 62.24 62.72 63.17 63.57 63.93 64.24 64.50 64.71 64.88 65.01 65.11 65.20 65.26 65.31 65.35 65.48 65.92 66.70 67.80 69.22 70.94 72.94 75.17 77.52 79.97 82.50 85.12 87.80 90.54 93.34 96.18
32.61 32.77 33.03 33.36 33.75 34.19 34.70 35.25 35.86 36.51 37.20 37.91 38.65 39.41 40.19 40.99 41.81 42.64 43.48 44.34 45.20 46.07 46.94 47.82 48.70 49.57 50.45 51.32 52.18 53.03 53.87 54.69 55.51 56.30 57.08 57.83 58.56 59.27 59.95 60.60 61.22 61.81 62.36 62.88 63.35 63.79 64.18 64.53 64.83 65.09 65.29 65.44 65.56 65.65 65.71 65.76 65.78 65.79 65.80 65.90 66.30 67.04 68.09 69.46 71.13 73.08 75.30 77.72 80.27 82.89 85.59 88.35 91.17 94.04 96.95
33.78 33.98 34.27 34.62 35.03 35.50 36.02 36.60 37.22 37.89 38.61 39.35 40.12 40.90 41.71 42.53 43.37 44.21 45.07 45.94 46.81 47.69 48.56 49.44 50.32 51.20 52.06 52.92 53.78 54.62 55.44 56.25 57.05 57.82 58.58 59.31 60.01 60.69 61.33 61.95 62.54 63.08 63.60 64.07 64.50 64.89 65.23 65.53 65.77 65.97 66.12 66.23 66.30 66.35 66.37 66.38 66.36 66.34 66.31 66.38 66.74 67.44 68.46 69.78 71.39 73.29 75.45 77.87 80.48 83.19 85.98 88.82 91.71 94.65 97.63
35.00 35.23 35.54 35.92 36.36 36.85 37.39 37.99 38.63 39.31 40.04 40.81 41.60 42.42 43.25 44.09 44.94 45.81 46.68 47.56 48.44 49.32 50.21 51.09 51.97 52.84 53.70 54.56 55.40 56.23 57.05 57.84 58.62 59.37 60.10 60.81 61.48 62.13 62.75 63.33 63.88 64.39 64.86 65.29 65.68 66.02 66.31 66.55 66.75 66.89 66.99 67.06 67.09 67.10 67.08 67.05 67.00 66.95 66.89 66.92 67.25 67.91 68.88 70.16 71.73 73.57 75.68 78.04 80.64 83.41 86.28 89.20 92.17 95.18 98.22
36.26 36.52 36.86 37.26 37.72 38.24 38.80 39.41 40.07 40.77 41.51 42.30 43.11 43.95 44.80 45.67 46.54 47.42 48.31 49.20 50.09 50.98 51.87 52.76 53.64 54.51 55.37 56.22 57.05 57.87 58.67 59.45 60.21 60.94 61.65 62.33 62.99 63.60 64.19 64.74 65.25 65.72 66.15 66.54 66.88 67.17 67.42 67.61 67.75 67.85 67.91 67.93 67.92 67.89 67.84 67.77 67.69 67.61 67.52 67.52 67.82 68.44 69.37 70.61 72.13 73.92 75.97 78.28 80.82 83.58 86.50 89.50 92.55 95.63 98.73
37.56 37.85 38.22 38.64 39.13 39.66 40.24 40.87 41.55 42.26 43.02 43.81 44.64 45.50 46.37 47.26 48.15 49.05 49.95 50.86 51.76 52.66 53.55 54.44 55.32 56.19 57.05 57.90 58.72 59.53 60.32 61.08 61.83 62.54 63.23 63.88 64.51 65.10 65.65 66.17 66.65 67.08 67.47 67.81 68.11 68.36 68.55 68.69 68.79 68.84 68.86 68.85 68.80 68.73 68.65 68.55 68.43 68.32 68.20 68.17 68.44 69.03 69.92 71.11 72.59 74.33 76.33 78.58 81.06 83.76 86.67 89.72 92.84 95.99 99.16
38.91 39.21 39.61 40.06 40.57 41.12 41.72 42.37 43.06 43.79 44.56 45.36 46.20 47.07 47.96 48.87 49.78 50.70 51.61 52.53 53.44 54.35 55.25 56.15 57.03 57.90 58.75 59.59 60.41 61.21 61.98 62.74 63.46 64.16 64.82 65.45 66.05 66.62 67.14 67.62 68.06 68.46 68.81 69.11 69.36 69.56 69.71 69.81 69.86 69.87 69.85 69.80 69.72 69.62 69.50 69.36 69.22 69.07 68.93 68.88 69.11 69.67 70.53 71.68 73.11 74.81 76.76 78.95 81.37 84.01 86.86 89.89 93.05 96.27 99.50
40.28 40.62 41.04 41.51 42.04 42.61 43.24 43.90 44.61 45.35 46.13 46.94 47.79 48.66 49.56 50.49 51.42 52.35 53.29 54.22 55.14 56.06 56.97 57.86 58.75 59.62 60.47 61.30 62.11 62.90 63.67 64.40 65.11 65.79 66.43 67.04 67.62 68.15 68.64 69.09 69.50 69.86 70.17 70.43 70.64 70.79 70.89 70.95 70.96 70.93 70.87 70.78 70.67 70.53 70.38 70.22 70.05 69.87 69.70 69.63 69.83 70.36 71.18 72.29 73.68 75.33 77.24 79.38 81.75 84.32 87.11 90.07 93.21 96.48 99.77
41.70 42.06 42.50 43.00 43.55 44.14 44.78 45.46 46.18 46.94 47.73 48.56 49.41 50.29 51.20 52.12 53.07 54.02 54.97 55.91 56.85 57.78 58.69 59.59 60.48 61.35 62.20 63.02 63.83 64.61 65.36 66.08 66.78 67.44 68.06 68.65 69.19 69.70 70.16 70.58 70.95 71.28 71.55 71.77 71.93 72.04 72.10 72.11 72.08 72.02 71.92 71.80 71.65 71.48 71.30 71.11 70.91 70.71 70.52 70.42 70.60 71.09 71.88 72.96 74.31 75.92 77.77 79.86 82.17 84.70 87.42 90.32 93.39 96.63 99.96
43.15 43.54 44.00 44.52 45.09 45.70 46.36 47.05 47.79 48.56 49.36 50.19 51.06 51.94 52.85 53.78 54.73 55.70 56.66 57.62 58.57 59.50 60.42 61.33 62.22 63.09 63.93 64.76 65.56 66.33 67.07 67.78 68.45 69.09 69.70 70.26 70.78 71.26 71.70 72.08 72.42 72.71 72.94 73.12 73.24 73.30 73.32 73.30 73.23 73.13 73.00 72.84 72.66 72.46 72.25 72.03 71.81 71.59 71.37 71.25 71.41 71.87 72.63 73.67 74.98 76.55 78.36 80.40 82.66 85.12 87.78 90.62 93.63 96.80 100.10
44.63 45.04 45.53 46.07 46.66 47.29 47.97 48.68 49.42 50.21 51.02 51.86 52.73 53.62 54.54 55.47 56.42 57.38 58.36 59.33 60.29 61.23 62.16 63.07 63.97 64.83 65.68 66.50 67.29 68.05 68.78 69.48 70.14 70.76 71.35 71.89 72.39 72.84 73.24 73.60 73.90 74.15 74.34 74.48 74.55 74.58 74.56 74.49 74.39 74.26 74.09 73.90 73.69 73.47 73.23 72.99 72.74 72.50 72.26 72.12 72.25 72.69 73.42 74.43 75.70 77.22 78.99 80.98 83.19 85.60 88.20 90.98 93.93 97.02 100.26
46.14 46.58 47.10 47.66 48.26 48.91 49.60 50.33 51.09 51.88 52.70 53.55 54.43 55.33 56.24 57.18 58.13 59.09 60.06 61.04 62.01 62.97 63.90 64.82 65.72 66.59 67.43 68.25 69.03 69.79 70.50 71.19 71.83 72.44 73.00 73.52 73.99 74.42 74.80 75.12 75.39 75.60 75.75 75.84 75.88 75.86 75.81 75.71 75.57 75.40 75.20 74.98 74.75 74.49 74.23 73.97 73.70 73.43 73.18 73.01 73.13 73.54 74.24 75.22 76.45 77.94 79.66 81.61 83.77 86.13 88.67 91.39 94.27 97.30 100.47
47.69 48.15 48.69 49.27 49.89 50.56 51.26 52.00 52.78 53.58 54.41 55.27 56.15 57.05 57.97 58.91 59.86 60.82 61.79 62.76 63.74 64.70 65.65 66.57 67.47 68.34 69.18 70.00 70.78 71.52 72.23 72.90 73.53 74.12 74.66 75.16 75.61 76.01 76.35 76.65 76.88 77.05 77.16 77.21 77.20 77.15 77.06 76.92 76.75 76.55 76.33 76.08 75.82 75.54 75.25 74.96 74.68 74.39 74.12 73.94 74.03 74.42 75.10 76.04 77.25 78.69 80.38 82.28 84.39 86.70 89.19 91.85 94.67 97.63 100.73
49.26 49.75 50.31 50.91 51.55 52.23 52.95 53.70 54.49 55.30 56.14 57.01 57.89 58.80 59.72 60.66 61.61 62.56 63.53 64.50 65.47 66.44 67.39 68.32 69.22 70.09 70.93 71.74 72.52 73.26 73.96 74.61 75.23 75.80 76.33 76.80 77.23 77.60 77.92 78.18 78.37 78.49 78.56 78.57 78.53 78.44 78.31 78.15 77.95 77.72 77.46 77.19 76.90 76.60 76.29 75.98 75.67 75.37 75.08 74.89 74.97 75.33 75.98 76.90 78.07 79.48 81.13 82.99 85.05 87.31 89.75 92.35 95.11 98.01 101.04
50.86 51.37 51.95 52.57 53.23 53.93 54.66 55.43 56.22 57.05 57.90 58.77 59.66 60.57 61.49 62.43 63.37 64.33 65.29 66.25 67.21 68.17 69.13 70.06 70.97 71.84 72.68 73.49 74.26 74.99 75.68 76.33 76.93 77.48 77.99 78.44 78.84 79.19 79.48 79.69 79.84 79.93 79.96 79.93 79.85 79.73 79.57 79.37 79.14 78.88 78.60 78.30 77.99 77.67 77.34 77.01 76.69 76.37 76.07 75.86 75.92 76.27 76.89 77.78 78.92 80.30 81.91 83.73 85.75 87.96 90.34 92.89 95.59 98.43 101.39
52.49 53.02 53.62 54.26 54.94 55.65 56.40 57.18 57.98 58.81 59.67 60.55 61.44 62.35 63.28 64.21 65.16 66.11 67.06 68.02 68.97 69.92 70.87 71.80 72.71 73.59 74.43 75.23 76.00 76.72 77.40 78.03 78.62 79.16 79.65 80.08 80.46 80.78 81.02 81.19 81.30 81.35 81.34 81.28 81.17 81.01 80.82 80.59 80.33 80.05 79.74 79.42 79.08 78.74 78.40 78.05 77.71 77.38 77.07 76.85 76.89 77.22 77.82 78.69 79.80 81.15 82.72 84.50 86.47 88.64 90.97 93.47 96.11 98.89 101.79
54.14 54.70 55.31 55.97 56.66 57.39 58.15 58.94 59.76 60.60 61.46 62.34 63.24 64.16 65.08 66.02 66.96 67.90 68.85 69.80 70.75 71.69 72.62 73.54 74.44 75.32 76.16 76.97 77.73 78.44 79.11 79.74 80.31 80.83 81.30 81.71 82.06 82.34 82.54 82.68 82.75 82.75 82.71 82.61 82.47 82.28 82.06 81.80 81.52 81.21 80.88 80.54 80.18 79.82 79.46 79.10 78.74 78.40 78.08 77.85 77.88 78.19 78.77 79.61 80.70 82.01 83.55 85.29 87.23 89.35 91.63 94.08 96.66 99.38 102.22
55.82 56.39 57.03 57.70 58.41 59.16 59.93 60.73 61.55 62.40 63.27 64.16 65.06 65.98 66.90 67.83 68.77 69.71 70.66 71.60 72.53 73.46 74.38 75.28 76.18 77.05 77.89 78.69 79.45 80.16 80.82 81.43 81.99 82.50 82.95 83.33 83.64 83.88 84.04 84.13 84.17 84.14 84.06 83.93 83.75 83.54 83.29 83.00 82.69 82.36 82.01 81.65 81.27 80.90 80.52 80.14 79.78 79.43 79.09 78.85 78.87 79.17 79.73 80.55 81.61 82.90 84.40 86.11 88.00 90.08 92.32 94.71 97.25 99.91 102.69
57.52 58.11 58.77 59.46 60.18 60.94 61.72 62.53 63.37 64.22 65.10 65.99 66.89 67.81 68.73 69.66 70.60 71.53 72.47 73.40 74.32 75.24 76.15 77.04 77.91 78.77 79.60 80.40 81.15 81.86 82.51 83.11 83.66 84.15 84.58 84.92 85.19 85.38 85.51 85.56 85.56 85.50 85.39 85.22 85.02 84.78 84.50 84.19 83.86 83.51 83.13 82.75 82.36 81.97 81.58 81.19 80.81 80.45 80.11 79.87 79.87 80.16 80.71 81.50 82.54 83.80 85.27 86.94 88.80 90.83 93.03 95.38 97.86 100.46 103.18
59.24 59.85 60.52 61.23 61.97 62.74 63.53 64.35 65.20 66.06 66.94 67.83 68.74 69.65 70.58 71.51 72.44 73.37 74.29 75.21 76.13 77.03 77.92 78.80 79.66 80.49 81.31 82.10 82.85 83.54 84.19 84.78 85.31 85.78 86.17 86.47 86.70 86.86 86.94 86.96 86.92 86.83 86.69 86.50 86.26 85.99 85.69 85.36 85.01 84.63 84.24 83.84 83.44 83.03 82.63 82.23 81.85 81.48 81.13 80.88 80.88 81.15 81.68 82.46 83.48 84.71 86.15 87.79 89.61 91.61 93.76 96.06 98.49 101.04 103.70
60.97 61.61 62.29 63.02 63.77 64.55 65.36 66.19 67.04 67.91 68.79 69.69 70.60 71.51 72.43 73.36 74.28 75.21 76.12 77.04 77.94 78.83 79.71 80.57 81.41 82.22 83.02 83.79 84.52 85.21 85.85 86.43 86.95 87.37 87.72 87.98 88.17 88.29 88.34 88.33 88.25 88.13 87.96 87.74 87.48 87.19 86.86 86.51 86.13 85.74 85.34 84.92 84.50 84.08 83.67 83.26 82.87 82.50 82.15 81.89 81.89 82.15 82.67 83.43 84.42 85.63 87.04 88.65 90.44 92.40 94.51 96.76 99.14 101.64 104.25
62.73 63.38 64.08 64.82 65.59 66.38 67.20 68.04 68.90 69.77 70.66 71.56 72.46 73.38 74.30 75.22 76.14 77.05 77.96 78.86 79.76 80.63 81.49 82.34 83.16 83.96 84.73 85.47 86.19 86.86 87.49 88.06 88.53 88.92 89.22 89.45 89.60 89.68 89.70 89.65 89.55 89.39 89.19 88.95 88.67 88.35 88.00 87.63 87.24 86.83 86.41 85.98 85.55 85.12 84.70 84.28 83.89 83.51 83.15 82.90 82.89 83.14 83.65 84.39 85.36 86.55 87.94 89.52 91.27 93.19 95.26 97.47 99.81 102.26 104.81
64.50 65.17 65.89 66.64 67.42 68.23 69.05 69.90 70.76 71.64 72.53 73.43 74.34 75.26 76.17 77.09 78.00 78.91 79.81 80.70 81.58 82.44 83.28 84.11 84.91 85.69 86.44 87.16 87.85 88.50 89.10 89.63 90.06 90.41 90.67 90.86 90.98 91.02 91.01 90.93 90.80 90.62 90.39 90.12 89.82 89.48 89.11 88.72 88.31 87.89 87.45 87.01 86.57 86.13 85.70 85.29 84.89 84.50 84.15 83.89 83.88 84.12 84.62 85.35 86.31 87.47 88.84 90.39 92.11 94.00 96.03 98.20 100.49 102.89 105.39
66.28 66.97 67.71 68.47 69.27 70.08 70.92 71.77 72.64 73.52 74.42 75.32 76.23 77.14 78.05 78.96 79.87 80.77 81.66 82.54 83.40 84.25 85.08 85.88 86.67 87.42 88.15 88.85 89.51 90.12 90.67 91.14 91.53 91.84 92.07 92.22 92.30 92.32 92.27 92.17 92.01 91.80 91.55 91.26 90.93 90.57 90.19 89.78 89.35 88.92 88.47 88.02 87.57 87.13 86.69 86.27 85.87 85.48 85.13 84.87 84.86 85.10 85.59 86.30 87.24 88.39 89.73 91.26 92.95 94.80 96.80 98.93 101.17 103.53 105.97
68.08 68.78 69.54 70.32 71.12 71.95 72.79 73.65 74.53 75.41 76.31 77.21 78.12 79.03 79.93 80.84 81.74 82.63 83.51 84.37 85.23 86.06 86.87 87.66 88.42 89.16 89.86 90.53 91.16 91.71 92.19 92.60 92.95 93.22 93.41 93.53 93.58 93.56 93.48 93.35 93.17 92.93 92.66 92.35 92.00 91.62 91.22 90.80 90.36 89.91 89.46 89.00 88.54 88.09 87.65 87.23 86.82 86.44 86.09 85.84 85.82 86.06 86.54 87.25 88.17 89.30 90.62 92.12 93.79 95.61 97.57 99.66 101.86 104.17 106.57
69.89 70.61 71.38 72.17 72.98 73.82 74.67 75.54 76.42 77.31 78.21 79.11 80.01 80.92 81.82 82.72 83.61 84.49 85.36 86.21 87.05 87.87 88.66 89.43 90.17 90.89 91.57 92.20 92.76 93.25 93.67 94.02 94.30 94.53 94.69 94.77 94.79 94.75 94.64 94.48 94.27 94.02 93.72 93.39 93.02 92.63 92.22 91.78 91.33 90.87 90.41 89.94 89.48 89.03 88.58 88.16 87.76 87.38 87.03 86.78 86.77 87.00 87.48 88.17 89.09 90.20 91.50 92.98 94.62 96.41 98.33 100.39 102.55 104.81 107.17
71.71 72.45 73.23 74.03 74.86 75.70 76.56 77.43 78.32 79.21 80.11 81.01 81.91 82.82 83.71 84.60 85.49 86.36 87.21 88.05 88.88 89.68 90.45 91.20 91.92 92.61 93.25 93.82 94.32 94.74 95.09 95.38 95.61 95.78 95.90 95.95 95.94 95.87 95.74 95.56 95.32 95.05 94.73 94.38 94.00 93.59 93.16 92.72 92.26 91.79 91.32 90.85 90.38 89.92 89.48 89.06 88.66 88.28 87.94 87.70 87.69 87.92 88.39 89.08 89.99 91.08 92.37 93.82 95.44 97.20 99.09 101.11 103.24 105.46 107.76
73.54 74.29 75.09 75.90 76.74 77.59 78.45 79.33 80.22 81.11 82.01 82.91 83.81 84.71 85.60 86.49 87.36 88.22 89.06 89.89 90.70 91.48 92.24 92.97 93.67 94.32 94.90 95.40 95.82 96.18 96.47 96.70 96.87 96.98 97.05 97.07 97.03 96.93 96.77 96.57 96.31 96.02 95.68 95.32 94.92 94.50 94.06 93.60 93.13 92.66 92.18 91.71 91.24 90.78 90.34 89.92 89.53 89.16 88.82 88.59 88.58 88.82 89.28 89.97 90.86 91.95 93.22 94.65 96.24 97.98 99.84 101.83 103.91 106.10 108.36
75.38 76.14 76.95 77.78 78.62 79.48 80.35 81.24 82.13 83.02 83.92 84.82 85.72 86.61 87.49 88.37 89.23 90.08 90.91 91.72 92.51 93.28 94.02 94.73 95.39 95.97 96.48 96.91 97.27 97.57 97.79 97.96 98.07 98.13 98.15 98.12 98.04 97.92 97.74 97.51 97.24 96.93 96.58 96.20 95.79 95.35 94.90 94.44 93.96 93.48 93.00 92.53 92.06 91.60 91.16 90.75 90.36 90.00 89.67 89.44 89.44 89.68 90.15 90.83 91.72 92.79 94.04 95.46 97.03 98.74 100.58 102.53 104.58 106.72 108.94
77.22 78.00 78.82 79.66 80.51 81.38 82.25 83.14 84.03 84.93 85.83 86.72 87.62 88.50 89.38 90.25 91.10 91.94 92.76 93.55 94.33 95.07 95.79 96.46 97.06 97.57 98.01 98.37 98.67 98.89 99.06 99.17 99.23 99.23 99.19 99.11 98.99 98.84 98.64 98.39 98.10 97.77 97.41 97.01 96.59 96.15 95.69 95.22 94.74 94.25 93.77 93.29 92.83 92.37 91.94 91.53 91.15 90.79 90.48 90.26 90.27 90.51 90.98 91.66 92.54 93.61 94.85 96.25 97.80 99.48 101.29 103.21 105.23 107.34 109.51
79.07 79.86 80.69 81.54 82.40 83.27 84.16 85.05 85.94 86.84 87.73 88.63 89.52 90.40 91.27 92.12 92.97 93.79 94.59 95.37 96.13 96.86 97.54 98.14 98.66 99.11 99.47 99.77 100.00 100.16 100.27 100.32 100.32 100.27 100.18 100.05 99.89 99.69 99.46 99.19 98.89 98.54 98.17 97.76 97.33 96.88 96.41 95.94 95.45 94.97 94.48 94.01 93.54 93.10 92.67 92.26 91.89 91.55 91.25 91.04 91.06 91.31 91.78 92.46 93.34 94.39 95.62 97.01 98.54 100.20 101.99 103.88 105.86 107.93 110.07
