data_output/RCH/Precip_1987_04.asc
ncols        168
nrows        136
xllcorner    455000
yllcorner    2107000
cellsize     500
NODATA_value     -99999
[rows 0 to 34 of 136, columns 0 to 77 of 168]
26.15 25.85 25.53 25.20 24.85 24.49 24.13 23.75 23.37 22.98 22.58 22.19 21.79 21.38 20.98 20.57 20.16 19.76 19.39 19.07 18.77 18.52 18.29 18.09 17.93 17.78 17.65 17.52 17.40 17.30 17.20 17.11 17.02 16.95 16.88 16.82 16.77 16.72 16.68 16.65 16.63 16.61 16.59 16.58 16.58 16.58 16.59 16.60 16.62 16.64 16.67 16.70 16.73 16.76 16.80 16.85 16.89 16.94 16.99 17.04 17.10 17.15 17.19 17.21 17.20 17.17 17.12 17.05 16.96 16.85 16.74 16.62 16.51 16.40 16.29 16.18 16.07 15.96
26.44 26.13 25.81 25.47 25.12 24.76 24.39 24.00 23.61 23.22 22.82 22.42 22.01 21.60 21.18 20.76 20.33 19.92 19.54 19.20 18.89 18.62 18.38 18.18 18.00 17.85 17.72 17.60 17.50 17.39 17.30 17.22 17.14 17.08 17.02 16.97 16.92 16.88 16.85 16.83 16.81 16.80 16.79 16.79 16.80 16.81 16.82 16.84 16.87 16.90 16.93 16.97 17.01 17.06 17.11 17.16 17.21 17.27 17.33 17.39 17.45 17.50 17.52 17.52 17.50 17.45 17.39 17.30 17.20 17.08 16.96 16.84 16.71 16.59 16.46 16.34 16.22 16.11
26.72 26.41 26.09 25.75 25.39 25.03 24.65 24.26 23.87 23.47 23.07 22.66 22.25 21.82 21.40 20.96 20.52 20.09 19.70 19.35 19.03 18.75 18.50 18.28 18.09 17.93 17.80 17.69 17.59 17.49 17.41 17.33 17.26 17.21 17.15 17.11 17.07 17.04 17.02 17.00 16.99 16.99 16.99 17.00 17.01 17.03 17.06 17.09 17.12 17.16 17.20 17.25 17.30 17.35 17.41 17.47 17.54 17.60 17.67 17.74 17.79 17.82 17.83 17.81 17.77 17.71 17.63 17.54 17.42 17.29 17.16 17.02 16.89 16.75 16.62 16.49 16.36 16.23
27.00 26.69 26.36 26.02 25.67 25.30 24.92 24.53 24.14 23.74 23.33 22.91 22.49 22.06 21.62 21.18 20.73 20.28 19.88 19.51 19.18 18.88 18.62 18.39 18.19 18.03 17.89 17.77 17.68 17.59 17.51 17.45 17.39 17.33 17.29 17.25 17.22 17.20 17.19 17.18 17.18 17.18 17.19 17.21 17.23 17.26 17.29 17.33 17.38 17.42 17.47 17.53 17.59 17.65 17.72 17.79 17.86 17.94 18.01 18.07 18.11 18.12 18.11 18.08 18.02 17.95 17.85 17.75 17.62 17.48 17.34 17.19 17.05 16.90 16.76 16.62 16.48 16.34
27.28 26.97 26.64 26.30 25.94 25.57 25.20 24.81 24.41 24.01 23.60 23.18 22.75 22.31 21.86 21.41 20.94 20.48 20.06 19.68 19.34 19.03 18.76 18.52 18.31 18.14 17.99 17.86 17.77 17.69 17.62 17.56 17.51 17.46 17.43 17.40 17.38 17.37 17.36 17.36 17.37 17.38 17.40 17.42 17.46 17.49 17.53 17.58 17.63 17.69 17.75 17.81 17.88 17.95 18.03 18.11 18.19 18.27 18.34 18.38 18.40 18.39 18.37 18.32 18.25 18.16 18.05 17.93 17.80 17.65 17.49 17.34 17.18 17.03 16.87 16.72 16.57 16.43
27.56 27.25 26.92 26.58 26.22 25.86 25.48 25.09 24.70 24.29 23.88 23.45 23.02 22.57 22.11 21.64 21.17 20.70 20.26 19.87 19.52 19.20 18.92 18.67 18.45 18.26 18.10 17.97 17.87 17.79 17.73 17.68 17.63 17.60 17.57 17.55 17.54 17.53 17.53 17.54 17.56 17.58 17.61 17.64 17.68 17.73 17.78 17.83 17.89 17.96 18.03 18.10 18.18 18.26 18.35 18.43 18.52 18.60 18.64 18.67 18.67 18.64 18.60 18.54 18.45 18.35 18.23 18.10 17.95 17.79 17.63 17.46 17.30 17.13 16.97 16.81 16.65 16.50
27.83 27.53 27.20 26.86 26.51 26.15 25.77 25.39 24.99 24.59 24.17 23.74 23.29 22.84 22.37 21.90 21.41 20.92 20.48 20.07 19.71 19.38 19.09 18.83 18.60 18.40 18.24 18.10 17.99 17.91 17.84 17.80 17.76 17.73 17.71 17.70 17.70 17.70 17.71 17.73 17.75 17.78 17.82 17.86 17.91 17.96 18.02 18.09 18.16 18.23 18.31 18.39 18.48 18.57 18.67 18.76 18.84 18.89 18.92 18.93 18.91 18.87 18.81 18.73 18.63 18.52 18.39 18.24 18.09 17.92 17.74 17.57 17.40 17.22 17.05 16.88 16.71 16.55
28.11 27.80 27.48 27.15 26.80 26.44 26.07 25.69 25.30 24.89 24.47 24.03 23.58 23.12 22.65 22.16 21.66 21.16 20.70 20.29 19.91 19.57 19.27 19.00 18.77 18.56 18.39 18.24 18.13 18.04 17.97 17.92 17.89 17.87 17.86 17.86 17.86 17.88 17.89 17.92 17.95 17.99 18.04 18.09 18.15 18.21 18.28 18.35 18.43 18.51 18.60 18.69 18.79 18.89 18.99 19.08 19.14 19.17 19.18 19.17 19.13 19.07 19.00 18.91 18.79 18.67 18.52 18.37 18.20 18.02 17.84 17.66 17.47 17.29 17.11 16.93 16.76 16.58
28.38 28.08 27.77 27.44 27.10 26.75 26.38 26.00 25.61 25.20 24.77 24.33 23.88 23.41 22.93 22.43 21.92 21.41 20.94 20.52 20.13 19.78 19.47 19.19 18.95 18.74 18.55 18.40 18.28 18.18 18.11 18.06 18.03 18.02 18.02 18.02 18.04 18.06 18.08 18.12 18.16 18.21 18.26 18.32 18.39 18.46 18.54 18.62 18.71 18.80 18.90 19.00 19.10 19.21 19.30 19.37 19.41 19.42 19.41 19.38 19.33 19.26 19.17 19.06 18.93 18.79 18.64 18.47 18.30 18.11 17.92 17.73 17.53 17.34 17.16 16.97 16.78 16.60
28.65 28.36 28.06 27.74 27.41 27.06 26.70 26.32 25.93 25.52 25.09 24.65 24.19 23.72 23.22 22.72 22.19 21.67 21.19 20.76 20.36 20.00 19.68 19.39 19.14 18.92 18.74 18.58 18.45 18.35 18.27 18.22 18.19 18.17 18.18 18.19 18.21 18.24 18.28 18.32 18.37 18.43 18.49 18.56 18.64 18.72 18.80 18.90 18.99 19.10 19.20 19.31 19.43 19.52 19.59 19.64 19.66 19.65 19.62 19.58 19.51 19.42 19.31 19.19 19.05 18.90 18.74 18.56 18.37 18.18 17.98 17.78 17.58 17.38 17.18 16.99 16.79 16.60
28.92 28.65 28.36 28.05 27.72 27.38 27.02 26.65 26.25 25.84 25.42 24.97 24.51 24.03 23.53 23.01 22.48 21.95 21.46 21.01 20.60 20.23 19.90 19.61 19.35 19.13 18.93 18.77 18.63 18.53 18.45 18.39 18.35 18.34 18.35 18.37 18.40 18.44 18.48 18.53 18.59 18.66 18.73 18.81 18.89 18.98 19.08 19.18 19.29 19.40 19.52 19.63 19.74 19.81 19.86 19.88 19.88 19.86 19.81 19.75 19.66 19.56 19.44 19.30 19.15 18.99 18.81 18.63 18.43 18.23 18.02 17.81 17.60 17.40 17.19 16.99 16.79 16.59
29.21 28.94 28.66 28.36 28.04 27.71 27.35 26.98 26.59 26.18 25.75 25.30 24.84 24.35 23.85 23.32 22.78 22.24 21.73 21.28 20.86 20.48 20.14 19.84 19.58 19.34 19.14 18.98 18.84 18.72 18.64 18.58 18.54 18.53 18.53 18.56 18.59 18.64 18.69 18.76 18.82 18.90 18.98 19.07 19.16 19.26 19.37 19.48 19.59 19.71 19.84 19.94 20.02 20.08 20.10 20.11 20.09 20.04 19.98 19.90 19.80 19.68 19.54 19.40 19.23 19.06 18.87 18.67 18.47 18.26 18.04 17.83 17.61 17.40 17.19 16.98 16.77 16.56
29.49 29.24 28.97 28.68 28.37 28.04 27.69 27.32 26.94 26.53 26.10 25.65 25.18 24.68 24.17 23.64 23.08 22.53 22.02 21.55 21.13 20.74 20.40 20.09 19.82 19.58 19.37 19.20 19.05 18.94 18.85 18.79 18.75 18.73 18.73 18.76 18.80 18.85 18.92 18.99 19.06 19.15 19.24 19.33 19.44 19.55 19.66 19.78 19.91 20.03 20.15 20.23 20.29 20.32 20.33 20.31 20.27 20.21 20.13 20.03 19.91 19.78 19.63 19.47 19.29 19.11 18.91 18.71 18.49 18.27 18.05 17.83 17.61 17.39 17.17 16.95 16.73 16.52
29.78 29.54 29.28 29.00 28.70 28.38 28.04 27.67 27.29 26.88 26.45 26.00 25.52 25.03 24.51 23.97 23.40 22.84 22.32 21.84 21.41 21.02 20.66 20.35 20.07 19.82 19.61 19.43 19.29 19.17 19.08 19.01 18.97 18.95 18.95 18.98 19.02 19.08 19.15 19.23 19.31 19.41 19.51 19.61 19.73 19.84 19.97 20.10 20.23 20.35 20.43 20.50 20.53 20.54 20.53 20.49 20.43 20.35 20.26 20.14 20.01 19.86 19.70 19.53 19.34 19.14 18.94 18.72 18.50 18.27 18.04 17.81 17.59 17.36 17.13 16.91 16.69 16.47
30.08 29.85 29.60 29.34 29.04 28.73 28.39 28.03 27.65 27.24 26.81 26.36 25.88 25.38 24.85 24.31 23.73 23.16 22.63 22.15 21.70 21.30 20.94 20.62 20.34 20.09 19.87 19.69 19.54 19.41 19.32 19.25 19.21 19.19 19.19 19.21 19.26 19.32 19.39 19.48 19.58 19.68 19.79 19.90 20.03 20.15 20.29 20.42 20.54 20.64 20.70 20.74 20.75 20.74 20.71 20.65 20.57 20.48 20.36 20.23 20.09 19.93 19.75 19.56 19.37 19.16 18.94 18.72 18.49 18.26 18.02 17.78 17.55 17.32 17.08 16.85 16.62 16.40
30.38 30.16 29.93 29.67 29.39 29.08 28.75 28.39 28.01 27.61 27.18 26.73 26.25 25.74 25.21 24.65 24.07 23.49 22.96 22.46 22.01 21.60 21.24 20.91 20.62 20.36 20.14 19.95 19.80 19.67 19.58 19.51 19.46 19.44 19.45 19.47 19.51 19.57 19.65 19.75 19.85 19.96 20.08 20.21 20.34 20.48 20.62 20.74 20.84 20.90 20.95 20.96 20.95 20.92 20.87 20.79 20.70 20.58 20.45 20.31 20.15 19.97 19.78 19.59 19.38 19.16 18.93 18.70 18.47 18.22 17.98 17.74 17.50 17.26 17.02 16.78 16.55 16.32
30.68 30.48 30.26 30.01 29.74 29.44 29.12 28.77 28.39 27.99 27.56 27.10 26.62 26.11 25.58 25.01 24.43 23.84 23.29 22.79 22.33 21.92 21.54 21.21 20.91 20.65 20.43 20.24 20.08 19.95 19.85 19.78 19.74 19.72 19.72 19.74 19.79 19.85 19.93 20.03 20.14 20.26 20.39 20.52 20.67 20.81 20.94 21.04 21.11 21.15 21.17 21.16 21.13 21.08 21.01 20.91 20.80 20.67 20.53 20.36 20.19 20.00 19.80 19.59 19.37 19.14 18.91 18.67 18.43 18.18 17.93 17.68 17.44 17.19 16.95 16.70 16.46 16.23
30.99 30.80 30.60 30.36 30.10 29.81 29.49 29.14 28.77 28.37 27.94 27.49 27.00 26.49 25.95 25.38 24.79 24.19 23.63 23.13 22.66 22.24 21.86 21.52 21.22 20.96 20.73 20.53 20.37 20.24 20.14 20.07 20.03 20.01 20.01 20.04 20.08 20.15 20.23 20.33 20.45 20.57 20.71 20.86 21.00 21.13 21.24 21.31 21.36 21.38 21.37 21.35 21.29 21.22 21.13 21.02 20.89 20.74 20.58 20.40 20.21 20.01 19.80 19.58 19.35 19.11 18.87 18.62 18.37 18.12 17.87 17.61 17.36 17.11 16.86 16.61 16.37 16.13
31.30 31.13 30.94 30.71 30.46 30.18 29.87 29.53 29.16 28.76 28.34 27.88 27.40 26.88 26.34 25.76 25.16 24.55 23.99 23.47 23.00 22.58 22.19 21.85 21.54 21.27 21.04 20.85 20.68 20.55 20.45 20.38 20.33 20.31 20.32 20.35 20.39 20.46 20.55 20.65 20.77 20.90 21.05 21.20 21.33 21.44 21.52 21.57 21.59 21.59 21.56 21.51 21.44 21.34 21.23 21.10 20.96 20.79 20.62 20.43 20.22 20.01 19.79 19.55 19.31 19.07 18.82 18.56 18.31 18.05 17.79 17.53 17.27 17.02 16.76 16.51 16.26 16.01
31.61 31.46 31.28 31.07 30.83 30.55 30.25 29.92 29.56 29.16 28.74 28.28 27.80 27.28 26.73 26.15 25.54 24.93 24.36 23.84 23.36 22.93 22.54 22.19 21.88 21.61 21.37 21.17 21.01 20.87 20.77 20.70 20.66 20.64 20.64 20.67 20.72 20.80 20.89 20.99 21.12 21.25 21.40 21.54 21.65 21.72 21.78 21.80 21.80 21.77 21.72 21.65 21.56 21.45 21.32 21.17 21.01 20.83 20.64 20.43 20.22 19.99 19.76 19.51 19.26 19.01 18.75 18.49 18.23 17.96 17.70 17.44 17.17 16.91 16.65 16.40 16.14 15.89
31.93 31.80 31.63 31.43 31.20 30.94 30.64 30.32 29.96 29.57 29.15 28.69 28.21 27.69 27.14 26.55 25.93 25.31 24.74 24.21 23.72 23.29 22.89 22.54 22.23 21.95 21.71 21.51 21.35 21.21 21.11 21.04 20.99 20.98 20.98 21.02 21.07 21.15 21.24 21.35 21.48 21.62 21.75 21.86 21.94 21.99 22.01 22.01 21.99 21.94 21.87 21.78 21.67 21.54 21.39 21.22 21.04 20.85 20.64 20.42 20.19 19.96 19.71 19.46 19.20 18.94 18.67 18.40 18.13 17.87 17.60 17.33 17.06 16.80 16.53 16.27 16.01 15.76
32.26 32.14 31.98 31.80 31.58 31.33 31.04 30.72 30.37 29.98 29.57 29.11 28.63 28.10 27.55 26.96 26.34 25.71 25.12 24.59 24.10 23.66 23.26 22.90 22.59 22.31 22.07 21.87 21.70 21.57 21.46 21.39 21.35 21.33 21.34 21.38 21.44 21.52 21.61 21.73 21.86 21.98 22.08 22.16 22.21 22.23 22.23 22.21 22.16 22.09 22.00 21.89 21.76 21.61 21.44 21.26 21.06 20.85 20.63 20.40 20.16 19.91 19.65 19.39 19.12 18.85 18.58 18.30 18.03 17.76 17.49 17.21 16.94 16.67 16.41 16.14 15.88 15.62
32.58 32.48 32.34 32.17 31.96 31.72 31.44 31.13 30.79 30.41 29.99 29.54 29.05 28.53 27.97 27.38 26.75 26.11 25.52 24.98 24.49 24.04 23.64 23.28 22.96 22.68 22.44 22.24 22.07 21.93 21.83 21.76 21.72 21.71 21.72 21.76 21.82 21.90 22.01 22.13 22.24 22.33 22.40 22.44 22.46 22.46 22.44 22.39 22.32 22.22 22.11 21.98 21.83 21.66 21.48 21.28 21.07 20.84 20.61 20.36 20.11 19.85 19.58 19.31 19.03 18.75 18.48 18.20 17.92 17.64 17.36 17.09 16.81 16.54 16.27 16.00 15.73 15.47
32.91 32.82 32.70 32.54 32.35 32.12 31.85 31.55 31.21 30.83 30.42 29.97 29.48 28.96 28.40 27.80 27.17 26.53 25.93 25.39 24.89 24.44 24.03 23.67 23.35 23.07 22.82 22.62 22.45 22.32 22.22 22.15 22.11 22.10 22.11 22.15 22.22 22.31 22.41 22.51 22.59 22.65 22.69 22.70 22.70 22.67 22.62 22.55 22.45 22.34 22.21 22.05 21.88 21.70 21.50 21.28 21.05 20.82 20.57 20.31 20.05 19.77 19.50 19.22 18.93 18.65 18.36 18.07 17.79 17.51 17.23 16.95 16.67 16.40 16.12 15.85 15.58 15.31
33.24 33.17 33.07 32.92 32.74 32.52 32.27 31.97 31.64 31.27 30.86 30.41 29.93 29.40 28.84 28.24 27.60 26.95 26.35 25.80 25.30 24.84 24.44 24.07 23.75 23.46 23.22 23.02 22.85 22.71 22.62 22.55 22.51 22.50 22.52 22.57 22.64 22.73 22.81 22.88 22.93 22.95 22.96 22.95 22.91 22.86 22.79 22.69 22.57 22.44 22.28 22.11 21.92 21.72 21.50 21.27 21.03 20.78 20.52 20.25 19.97 19.69 19.40 19.11 18.82 18.53 18.23 17.94 17.66 17.37 17.09 16.81 16.53 16.25 15.97 15.69 15.42 15.15
33.58 33.53 33.44 33.31 33.14 32.93 32.68 32.40 32.07 31.71 31.30 30.86 30.38 29.85 29.29 28.68 28.04 27.39 26.78 26.23 25.72 25.26 24.85 24.48 24.16 23.87 23.63 23.43 23.26 23.13 23.03 22.96 22.93 22.92 22.95 23.00 23.07 23.14 23.19 23.22 23.24 23.23 23.21 23.17 23.11 23.03 22.93 22.82 22.68 22.52 22.35 22.16 21.95 21.73 21.50 21.25 20.99 20.73 20.45 20.17 19.88 19.59 19.29 19.00 18.70 18.40 18.10 17.80 17.51 17.22 16.94 16.65 16.37 16.09 15.81 15.53 15.25 14.98
33.92 33.88 33.81 33.69 33.54 33.34 33.11 32.83 32.51 32.16 31.76 31.31 30.83 30.31 29.74 29.14 28.49 27.83 27.22 26.66 26.15 25.69 25.28 24.91 24.58 24.30 24.05 23.85 23.68 23.55 23.46 23.39 23.36 23.36 23.39 23.44 23.49 23.52 23.54 23.54 23.53 23.49 23.44 23.37 23.29 23.18 23.06 22.92 22.76 22.59 22.40 22.19 21.96 21.72 21.47 21.21 20.94 20.66 20.37 20.08 19.78 19.48 19.18 18.87 18.56 18.26 17.95 17.65 17.36 17.07 16.78 16.49 16.21 15.92 15.64 15.36 15.08 14.81
34.26 34.24 34.18 34.09 33.94 33.76 33.54 33.27 32.96 32.61 32.21 31.78 31.30 30.77 30.21 29.60 28.95 28.29 27.67 27.11 26.60 26.13 25.72 25.34 25.02 24.73 24.49 24.29 24.12 23.99 23.90 23.84 23.81 23.81 23.84 23.87 23.89 23.89 23.87 23.84 23.79 23.73 23.65 23.55 23.44 23.31 23.17 23.01 22.83 22.64 22.43 22.20 21.96 21.71 21.44 21.16 20.88 20.59 20.29 19.98 19.67 19.36 19.05 18.73 18.42 18.11 17.80 17.50 17.20 16.90 16.61 16.33 16.04 15.75 15.47 15.18 14.91 14.63
34.60 34.60 34.56 34.48 34.35 34.18 33.97 33.71 33.41 33.07 32.68 32.25 31.77 31.25 30.68 30.07 29.41 28.75 28.13 27.56 27.05 26.58 26.16 25.79 25.47 25.18 24.94 24.74 24.57 24.45 24.36 24.30 24.27 24.28 24.28 24.28 24.26 24.22 24.17 24.11 24.03 23.94 23.83 23.71 23.58 23.43 23.26 23.08 22.88 22.67 22.44 22.20 21.95 21.68 21.39 21.10 20.80 20.50 20.19 19.87 19.55 19.23 18.91 18.59 18.27 17.95 17.64 17.33 17.03 16.73 16.44 16.15 15.86 15.57 15.29 15.00 14.72 14.45
34.95 34.97 34.95 34.88 34.77 34.61 34.41 34.16 33.87 33.53 33.15 32.72 32.25 31.73 31.16 30.55 29.89 29.22 28.60 28.03 27.51 27.04 26.63 26.25 25.92 25.64 25.40 25.20 25.04 24.91 24.83 24.77 24.75 24.73 24.70 24.66 24.60 24.53 24.45 24.36 24.25 24.13 24.00 23.85 23.69 23.52 23.33 23.13 22.91 22.68 22.44 22.19 21.92 21.63 21.34 21.03 20.72 20.40 20.08 19.75 19.42 19.09 18.76 18.43 18.11 17.79 17.47 17.16 16.85 16.56 16.26 15.97 15.68 15.39 15.10 14.82 14.54 14.26
35.31 35.34 35.33 35.28 35.18 35.04 34.85 34.62 34.33 34.00 33.63 33.20 32.73 32.21 31.65 31.03 30.37 29.70 29.08 28.50 27.99 27.52 27.10 26.72 26.40 26.11 25.87 25.67 25.52 25.39 25.31 25.26 25.21 25.16 25.09 25.01 24.92 24.82 24.71 24.58 24.44 24.30 24.14 23.97 23.78 23.59 23.38 23.16 22.92 22.68 22.42 22.15 21.87 21.57 21.27 20.95 20.62 20.29 19.96 19.62 19.28 18.95 18.61 18.27 17.94 17.61 17.29 16.98 16.67 16.37 16.08 15.79 15.49 15.20 14.91 14.63 14.35 14.07
35.69 35.72 35.72 35.69 35.61 35.48 35.30 35.07 34.80 34.48 34.11 33.69 33.22 32.71 32.14 31.53 30.86 30.19 29.56 28.99 28.47 28.00 27.58 27.21 26.88 26.60 26.36 26.16 26.01 25.89 25.80 25.73 25.64 25.55 25.45 25.33 25.21 25.08 24.93 24.78 24.61 24.44 24.25 24.06 23.85 23.63 23.40 23.17 22.92 22.65 22.38 22.10 21.81 21.50 21.18 20.85 20.52 20.18 19.83 19.48 19.14 18.79 18.45 18.10 17.77 17.43 17.11 16.79 16.48 16.18 15.89 15.60 15.30 15.01 14.72 14.44 14.15 13.87
36.08 36.12 36.13 36.10 36.03 35.92 35.75 35.54 35.27 34.96 34.60 34.18 33.72 33.21 32.64 32.03 31.36 30.69 30.06 29.48 28.96 28.49 28.07 27.70 27.37 27.09 26.86 26.66 26.51 26.39 26.28 26.17 26.05 25.92 25.78 25.63 25.47 25.31 25.13 24.95 24.76 24.55 24.34 24.12 23.90 23.66 23.41 23.15 22.89 22.61 22.32 22.03 21.72 21.41 21.08 20.75 20.40 20.05 19.69 19.34 18.98 18.63 18.28 17.93 17.59 17.25 16.92 16.60 16.29 15.99 15.70 15.40 15.11 14.82 14.53 14.24 13.96 13.68
36.49 36.54 36.55 36.52 36.46 36.36 36.21 36.01 35.75 35.45 35.09 34.69 34.23 33.72 33.15 32.54 31.87 31.19 30.56 29.99 29.46 28.99 28.57 28.20 27.88 27.60 27.37 27.18 27.02 26.88 26.73 26.58 26.42 26.25 26.08 25.89 25.70 25.51 25.30 25.09 24.87 24.65 24.41 24.17 23.92 23.66 23.39 23.12 22.84 22.55 22.25 21.94 21.62 21.30 20.97 20.62 20.27 19.91 19.55 19.18 18.82 18.46 18.10 17.75 17.40 17.06 16.73 16.41 16.09 15.79 15.50 15.20 14.91 14.62 14.33 14.04 13.76 13.48
36.91 36.97 36.98 36.96 36.90 36.81 36.67 36.48 36.24 35.94 35.59 35.19 34.74 34.23 33.67 33.05 32.39 31.71 31.07 30.50 29.97 29.50 29.09 28.72 28.39 28.12 27.89 27.70 27.52 27.34 27.15 26.96 26.76 26.55 26.34 26.13 25.91 25.68 25.45 25.21 24.96 24.71 24.45 24.19 23.92 23.64 23.35 23.06 22.76 22.46 22.15 21.83 21.50 21.17 20.83 20.48 20.13 19.77 19.40 19.02 18.65 18.28 17.92 17.56 17.21 16.86 16.53 16.21 15.89 15.59 15.30 15.00 14.71 14.42 14.13 13.85 13.56 13.29
