data_output/RCH/Precip_1989_09.asc
ncols        168
nrows        136
xllcorner    455000
yllcorner    2107000
cellsize     500
NODATA_value     -99999
[rows 32 to 63 of 136, columns 0 to 72 of 168]
119.76 118.25 116.75 115.26 113.79 112.34 110.91 109.52 108.16 106.85 105.57 104.35 103.18 102.07 101.02 100.04 99.13 98.30 97.55 96.85 96.16 95.45 94.75 94.04 93.35 92.67 92.00 91.36 90.74 90.14 89.56 88.99 88.44 87.90 87.38 86.88 86.39 85.92 85.46 85.02 84.59 84.18 83.79 83.40 83.03 82.67 82.32 81.99 81.66 81.34 81.03 80.73 80.44 80.16 79.88 79.61 79.35 79.09 78.83 78.58 78.33 78.09 77.84 77.60 77.36 77.12 76.88 76.64 76.40 76.16 75.91 75.66 75.41
117.95 116.54 115.14 113.75 112.39 111.04 109.73 108.46 107.22 106.02 104.88 103.78 102.75 101.77 100.86 100.03 99.26 98.58 97.95 97.32 96.67 96.01 95.35 94.69 94.04 93.41 92.79 92.20 91.63 91.07 90.53 90.00 89.49 88.99 88.51 88.04 87.59 87.14 86.72 86.30 85.90 85.51 85.14 84.77 84.42 84.07 83.74 83.41 83.09 82.79 82.48 82.19 81.90 81.61 81.33 81.06 80.79 80.52 80.25 79.99 79.73 79.46 79.20 78.94 78.68 78.42 78.15 77.88 77.61 77.34 77.06 76.78 76.49
116.25 114.94 113.65 112.37 111.12 109.89 108.70 107.55 106.43 105.37 104.36 103.40 102.50 101.67 100.91 100.22 99.61 99.05 98.48 97.89 97.29 96.68 96.06 95.45 94.85 94.26 93.69 93.15 92.62 92.11 91.61 91.12 90.65 90.19 89.74 89.31 88.88 88.47 88.08 87.69 87.31 86.95 86.59 86.25 85.91 85.58 85.26 84.94 84.64 84.33 84.04 83.74 83.46 83.17 82.89 82.61 82.33 82.06 81.78 81.51 81.23 80.95 80.68 80.39 80.11 79.82 79.53 79.24 78.94 78.63 78.32 78.00 77.68
114.67 113.47 112.28 111.12 109.99 108.89 107.82 106.80 105.82 104.89 104.02 103.20 102.45 101.77 101.16 100.63 100.14 99.64 99.12 98.57 98.02 97.45 96.88 96.32 95.76 95.22 94.70 94.20 93.71 93.24 92.78 92.34 91.90 91.48 91.07 90.67 90.28 89.90 89.53 89.17 88.82 88.48 88.14 87.82 87.50 87.19 86.88 86.57 86.28 85.98 85.69 85.40 85.12 84.83 84.55 84.27 83.98 83.70 83.42 83.13 82.84 82.55 82.25 81.95 81.65 81.34 81.02 80.70 80.37 80.03 79.69 79.34 78.97
113.20 112.12 111.06 110.02 109.01 108.04 107.11 106.22 105.38 104.59 103.87 103.20 102.60 102.08 101.63 101.22 100.80 100.34 99.86 99.36 98.85 98.33 97.81 97.29 96.77 96.28 95.80 95.34 94.90 94.48 94.06 93.65 93.26 92.87 92.49 92.12 91.77 91.42 91.08 90.74 90.42 90.10 89.79 89.48 89.18 88.88 88.59 88.30 88.01 87.73 87.44 87.16 86.88 86.59 86.31 86.02 85.73 85.44 85.15 84.85 84.55 84.24 83.93 83.61 83.29 82.95 82.61 82.26 81.91 81.54 81.16 80.77 80.38
111.87 110.91 109.97 109.07 108.19 107.36 106.56 105.82 105.13 104.49 103.92 103.41 102.97 102.61 102.28 101.94 101.56 101.15 100.71 100.26 99.79 99.31 98.83 98.35 97.88 97.43 97.00 96.59 96.19 95.81 95.43 95.06 94.70 94.35 94.01 93.67 93.34 93.02 92.71 92.40 92.10 91.81 91.52 91.24 90.95 90.67 90.39 90.11 89.84 89.56 89.28 89.00 88.72 88.44 88.16 87.87 87.57 87.28 86.97 86.67 86.35 86.03 85.70 85.36 85.02 84.66 84.30 83.92 83.54 83.14 82.73 82.31 81.88
110.68 109.85 109.05 108.27 107.54 106.85 106.20 105.61 105.07 104.59 104.17 103.83 103.56 103.32 103.06 102.76 102.42 102.05 101.66 101.25 100.82 100.39 99.95 99.52 99.09 98.68 98.29 97.92 97.57 97.23 96.89 96.56 96.23 95.92 95.61 95.30 95.01 94.71 94.43 94.15 93.87 93.60 93.34 93.07 92.81 92.54 92.28 92.01 91.75 91.48 91.21 90.94 90.66 90.38 90.09 89.80 89.50 89.20 88.89 88.57 88.24 87.91 87.56 87.21 86.84 86.47 86.08 85.68 85.26 84.84 84.40 83.94 83.47
109.64 108.94 108.28 107.65 107.06 106.52 106.03 105.59 105.21 104.89 104.65 104.47 104.33 104.16 103.94 103.68 103.38 103.06 102.71 102.33 101.95 101.56 101.16 100.77 100.39 100.02 99.68 99.35 99.04 98.74 98.44 98.14 97.85 97.57 97.29 97.02 96.75 96.49 96.23 95.97 95.72 95.47 95.23 94.98 94.74 94.49 94.24 93.99 93.74 93.48 93.22 92.95 92.68 92.40 92.11 91.82 91.51 91.20 90.89 90.56 90.22 89.87 89.51 89.14 88.75 88.35 87.94 87.52 87.08 86.62 86.15 85.66 85.16
108.76 108.20 107.68 107.21 106.77 106.39 106.05 105.78 105.57 105.42 105.34 105.30 105.22 105.09 104.92 104.70 104.44 104.15 103.84 103.52 103.17 102.82 102.47 102.12 101.78 101.45 101.15 100.87 100.60 100.33 100.07 99.81 99.56 99.31 99.06 98.82 98.58 98.34 98.11 97.88 97.65 97.42 97.19 96.97 96.74 96.51 96.28 96.04 95.80 95.55 95.30 95.04 94.77 94.49 94.20 93.91 93.60 93.29 92.96 92.62 92.27 91.91 91.54 91.15 90.74 90.32 89.89 89.44 88.97 88.49 87.98 87.46 86.92
108.04 107.63 107.27 106.95 106.67 106.45 106.29 106.18 106.14 106.17 106.23 106.25 106.21 106.12 105.98 105.81 105.59 105.34 105.07 104.79 104.48 104.17 103.86 103.55 103.25 102.97 102.71 102.47 102.24 102.01 101.78 101.56 101.34 101.13 100.91 100.70 100.48 100.27 100.06 99.86 99.65 99.44 99.23 99.02 98.82 98.61 98.39 98.17 97.94 97.70 97.45 97.20 96.93 96.66 96.37 96.07 95.77 95.45 95.11 94.77 94.40 94.03 93.64 93.23 92.81 92.37 91.91 91.44 90.94 90.43 89.90 89.34 88.77
107.49 107.25 107.04 106.88 106.78 106.72 106.73 106.81 106.94 107.11 107.24 107.29 107.29 107.24 107.14 107.00 106.83 106.62 106.39 106.14 105.88 105.61 105.34 105.07 104.81 104.57 104.35 104.15 103.95 103.77 103.58 103.39 103.20 103.02 102.83 102.65 102.46 102.28 102.09 101.91 101.72 101.53 101.34 101.15 100.96 100.76 100.56 100.35 100.13 99.91 99.67 99.42 99.16 98.89 98.60 98.31 98.00 97.67 97.33 96.97 96.60 96.22 95.81 95.39 94.95 94.49 94.01 93.51 92.99 92.45 91.88 91.30 90.66
107.13 107.05 107.01 107.02 107.09 107.22 107.40 107.66 107.94 108.17 108.33 108.43 108.47 108.45 108.39 108.29 108.15 107.99 107.79 107.58 107.36 107.13 106.90 106.67 106.45 106.25 106.06 105.90 105.75 105.60 105.45 105.29 105.14 104.98 104.83 104.67 104.51 104.35 104.19 104.03 103.86 103.69 103.52 103.34 103.16 102.98 102.79 102.60 102.39 102.18 101.95 101.71 101.45 101.18 100.90 100.60 100.29 99.96 99.61 99.25 98.87 98.47 98.05 97.61 97.15 96.67 96.17 95.64 95.10 94.53 93.94 93.29 92.55
106.96 107.05 107.19 107.38 107.62 107.93 108.31 108.70 109.05 109.31 109.51 109.64 109.72 109.75 109.72 109.66 109.56 109.43 109.28 109.11 108.92 108.73 108.54 108.35 108.16 108.00 107.86 107.73 107.62 107.50 107.39 107.27 107.14 107.02 106.89 106.76 106.63 106.49 106.35 106.21 106.06 105.91 105.75 105.59 105.43 105.25 105.08 104.90 104.70 104.50 104.28 104.05 103.80 103.53 103.25 102.95 102.64 102.30 101.95 101.58 101.19 100.78 100.34 99.89 99.41 98.91 98.39 97.84 97.27 96.67 96.03 95.28 94.41
106.99 107.26 107.58 107.95 108.38 108.88 109.40 109.86 110.24 110.54 110.78 110.95 111.06 111.12 111.13 111.11 111.05 110.95 110.84 110.70 110.56 110.40 110.25 110.10 109.95 109.83 109.72 109.64 109.56 109.48 109.40 109.31 109.22 109.12 109.02 108.92 108.81 108.70 108.58 108.46 108.33 108.19 108.05 107.90 107.75 107.59 107.42 107.25 107.07 106.87 106.66 106.44 106.19 105.93 105.66 105.36 105.04 104.70 104.34 103.97 103.56 103.14 102.69 102.22 101.73 101.21 100.67 100.10 99.50 98.85 98.10 97.23 96.25
107.24 107.68 108.19 108.75 109.38 110.03 110.60 111.10 111.51 111.85 112.12 112.33 112.48 112.57 112.62 112.63 112.61 112.55 112.47 112.38 112.27 112.15 112.03 111.92 111.81 111.72 111.65 111.61 111.57 111.52 111.47 111.42 111.35 111.29 111.22 111.14 111.05 110.96 110.87 110.76 110.65 110.53 110.41 110.27 110.13 109.98 109.82 109.65 109.48 109.29 109.09 108.87 108.64 108.38 108.11 107.81 107.49 107.15 106.79 106.40 105.99 105.55 105.10 104.61 104.10 103.56 103.00 102.40 101.76 101.01 100.14 99.15 98.06
107.69 108.34 109.03 109.79 110.57 111.27 111.89 112.42 112.87 113.24 113.54 113.79 113.97 114.10 114.19 114.24 114.25 114.23 114.18 114.12 114.05 113.97 113.88 113.81 113.74 113.68 113.65 113.64 113.64 113.63 113.61 113.58 113.55 113.52 113.47 113.42 113.36 113.29 113.21 113.12 113.03 112.93 112.81 112.69 112.56 112.42 112.27 112.11 111.94 111.75 111.56 111.35 111.12 110.87 110.60 110.30 109.98 109.64 109.27 108.88 108.46 108.01 107.54 107.04 106.51 105.96 105.37 104.73 103.98 103.12 102.13 101.04 99.84
108.38 109.22 110.12 111.03 111.86 112.60 113.25 113.81 114.30 114.70 115.04 115.32 115.54 115.71 115.83 115.91 115.95 115.97 115.96 115.93 115.89 115.85 115.80 115.76 115.73 115.71 115.71 115.74 115.77 115.79 115.81 115.81 115.81 115.80 115.78 115.75 115.71 115.66 115.61 115.54 115.46 115.37 115.27 115.16 115.04 114.91 114.77 114.61 114.44 114.26 114.07 113.87 113.64 113.40 113.13 112.83 112.51 112.17 111.79 111.39 110.97 110.51 110.03 109.51 108.97 108.40 107.76 107.02 106.16 105.18 104.09 102.89 101.59
109.30 110.34 111.39 112.36 113.23 114.01 114.69 115.28 115.80 116.24 116.61 116.92 117.18 117.38 117.53 117.65 117.72 117.77 117.80 117.81 117.81 117.79 117.78 117.78 117.78 117.80 117.84 117.90 117.96 118.02 118.06 118.10 118.12 118.14 118.14 118.14 118.12 118.09 118.05 118.00 117.94 117.86 117.78 117.68 117.57 117.44 117.31 117.16 116.99 116.81 116.62 116.41 116.19 115.95 115.69 115.39 115.07 114.72 114.35 113.94 113.51 113.04 112.55 112.02 111.46 110.84 110.11 109.26 108.29 107.20 106.01 104.70 103.30
110.47 111.66 112.77 113.78 114.68 115.48 116.19 116.82 117.37 117.85 118.25 118.59 118.88 119.11 119.30 119.45 119.56 119.65 119.71 119.75 119.78 119.80 119.82 119.85 119.89 119.94 120.01 120.11 120.21 120.29 120.37 120.43 120.49 120.53 120.55 120.57 120.58 120.57 120.55 120.51 120.46 120.40 120.33 120.24 120.14 120.02 119.89 119.74 119.58 119.40 119.21 119.00 118.78 118.54 118.27 117.98 117.66 117.31 116.93 116.52 116.08 115.60 115.10 114.55 113.95 113.24 112.40 111.44 110.36 109.17 107.88 106.48 104.98
111.82 113.08 114.22 115.26 116.19 117.03 117.77 118.43 119.01 119.52 119.95 120.33 120.65 120.91 121.13 121.31 121.46 121.58 121.67 121.74 121.81 121.86 121.92 121.98 122.05 122.14 122.24 122.37 122.50 122.62 122.73 122.82 122.90 122.96 123.02 123.05 123.08 123.09 123.08 123.07 123.03 122.98 122.92 122.84 122.75 122.63 122.51 122.36 122.20 122.03 121.83 121.62 121.39 121.15 120.88 120.59 120.27 119.92 119.54 119.12 118.67 118.19 117.67 117.09 116.39 115.57 114.63 113.56 112.38 111.10 109.70 108.21 106.62
113.28 114.57 115.74 116.81 117.77 118.64 119.41 120.10 120.71 121.25 121.72 122.13 122.48 122.77 123.03 123.24 123.41 123.56 123.69 123.80 123.89 123.98 124.07 124.16 124.26 124.38 124.52 124.69 124.85 125.00 125.13 125.25 125.35 125.44 125.52 125.58 125.62 125.65 125.66 125.66 125.64 125.60 125.55 125.48 125.39 125.29 125.16 125.02 124.86 124.69 124.49 124.27 124.04 123.79 123.51 123.22 122.90 122.55 122.16 121.74 121.29 120.79 120.24 119.56 118.76 117.84 116.79 115.62 114.35 112.97 111.48 109.90 108.22
114.80 116.12 117.32 118.42 119.41 120.31 121.11 121.83 122.48 123.04 123.54 123.98 124.36 124.69 124.97 125.22 125.42 125.60 125.76 125.90 126.03 126.15 126.27 126.39 126.53 126.68 126.85 127.05 127.24 127.42 127.58 127.72 127.85 127.97 128.06 128.14 128.21 128.25 128.28 128.29 128.28 128.26 128.21 128.15 128.07 127.97 127.85 127.71 127.55 127.37 127.17 126.95 126.71 126.45 126.17 125.87 125.54 125.19 124.80 124.38 123.91 123.38 122.74 121.96 121.06 120.03 118.88 117.63 116.26 114.79 113.21 111.54 109.78
116.39 117.74 118.97 120.09 121.11 122.04 122.87 123.63 124.30 124.89 125.42 125.89 126.30 126.66 126.97 127.25 127.48 127.69 127.88 128.05 128.21 128.36 128.51 128.67 128.83 129.02 129.22 129.45 129.67 129.88 130.07 130.24 130.39 130.53 130.65 130.75 130.83 130.89 130.93 130.96 130.96 130.94 130.91 130.85 130.78 130.68 130.56 130.43 130.27 130.09 129.88 129.66 129.41 129.14 128.85 128.54 128.20 127.84 127.45 127.02 126.52 125.90 125.15 124.28 123.27 122.15 120.91 119.56 118.11 116.55 114.89 113.14 111.30
118.04 119.41 120.67 121.82 122.87 123.83 124.69 125.47 126.17 126.80 127.36 127.85 128.29 128.68 129.02 129.32 129.59 129.83 130.05 130.25 130.44 130.62 130.80 130.99 131.18 131.40 131.63 131.89 132.14 132.38 132.59 132.79 132.97 133.13 133.26 133.38 133.48 133.56 133.62 133.65 133.67 133.66 133.63 133.58 133.51 133.42 133.31 133.17 133.01 132.82 132.62 132.39 132.13 131.85 131.55 131.22 130.87 130.50 130.09 129.63 129.05 128.33 127.48 126.51 125.41 124.20 122.87 121.43 119.89 118.25 116.52 114.69 112.78
119.74 121.14 122.43 123.61 124.69 125.67 126.56 127.37 128.10 128.75 129.34 129.86 130.33 130.75 131.12 131.45 131.75 132.02 132.26 132.49 132.71 132.92 133.13 133.35 133.57 133.82 134.08 134.37 134.65 134.91 135.15 135.38 135.58 135.75 135.91 136.05 136.16 136.26 136.33 136.37 136.40 136.40 136.38 136.34 136.27 136.18 136.07 135.93 135.77 135.58 135.37 135.13 134.87 134.58 134.27 133.93 133.56 133.17 132.72 132.17 131.48 130.67 129.73 128.66 127.47 126.17 124.76 123.24 121.62 119.90 118.09 116.19 114.21
121.50 122.93 124.24 125.45 126.55 127.56 128.48 129.31 130.07 130.75 131.36 131.92 132.41 132.86 133.26 133.62 133.94 134.24 134.51 134.77 135.02 135.26 135.50 135.74 136.00 136.27 136.56 136.88 137.19 137.48 137.75 137.99 138.21 138.41 138.59 138.74 138.87 138.98 139.06 139.12 139.16 139.17 139.15 139.12 139.05 138.96 138.85 138.71 138.54 138.35 138.13 137.89 137.62 137.32 137.00 136.64 136.26 135.82 135.28 134.61 133.82 132.91 131.88 130.72 129.45 128.06 126.57 124.97 123.28 121.49 119.61 117.64 115.59
123.31 124.76 126.10 127.33 128.46 129.50 130.44 131.30 132.09 132.79 133.44 134.01 134.54 135.01 135.44 135.82 136.18 136.50 136.80 137.09 137.36 137.63 137.90 138.17 138.45 138.76 139.08 139.42 139.76 140.08 140.37 140.63 140.88 141.10 141.29 141.46 141.61 141.73 141.82 141.89 141.94 141.95 141.95 141.91 141.85 141.76 141.65 141.51 141.34 141.14 140.92 140.66 140.38 140.07 139.73 139.37 138.94 138.40 137.74 136.96 136.07 135.06 133.94 132.70 131.34 129.88 128.31 126.64 124.87 123.01 121.07 119.04 116.93
125.16 126.64 128.01 129.26 130.42 131.48 132.45 133.34 134.15 134.88 135.55 136.15 136.70 137.20 137.65 138.06 138.44 138.80 139.13 139.44 139.74 140.03 140.33 140.63 140.94 141.27 141.62 141.99 142.36 142.70 143.01 143.30 143.56 143.80 144.01 144.20 144.36 144.49 144.60 144.68 144.73 144.75 144.75 144.72 144.66 144.57 144.46 144.31 144.14 143.94 143.71 143.44 143.15 142.83 142.48 142.07 141.54 140.89 140.12 139.23 138.23 137.12 135.90 134.58 133.15 131.61 129.97 128.23 126.40 124.47 122.47 120.38 118.21
127.07 128.57 129.95 131.24 132.42 133.50 134.50 135.41 136.24 137.00 137.69 138.32 138.90 139.42 139.90 140.34 140.75 141.12 141.48 141.82 142.14 142.47 142.79 143.11 143.45 143.81 144.19 144.59 144.98 145.34 145.68 145.99 146.27 146.53 146.76 146.96 147.13 147.27 147.39 147.48 147.54 147.57 147.57 147.54 147.48 147.40 147.28 147.13 146.95 146.74 146.50 146.23 145.93 145.59 145.20 144.69 144.05 143.29 142.41 141.41 140.31 139.10 137.79 136.38 134.88 133.27 131.56 129.75 127.85 125.87 123.80 121.66 119.44
129.03 130.53 131.94 133.25 134.45 135.56 136.58 137.52 138.37 139.16 139.88 140.53 141.13 141.68 142.18 142.65 143.08 143.48 143.86 144.22 144.58 144.92 145.27 145.62 145.99 146.37 146.77 147.20 147.62 148.00 148.36 148.69 149.00 149.27 149.51 149.73 149.91 150.07 150.20 150.29 150.36 150.39 150.40 150.37 150.32 150.23 150.11 149.95 149.77 149.55 149.30 149.02 148.71 148.33 147.84 147.21 146.46 145.59 144.60 143.51 142.30 141.00 139.59 138.10 136.51 134.84 133.06 131.20 129.24 127.20 125.08 122.88 120.62
131.07 132.56 133.97 135.30 136.52 137.66 138.70 139.66 140.54 141.35 142.09 142.77 143.39 143.96 144.49 144.98 145.43 145.86 146.27 146.65 147.03 147.40 147.78 148.15 148.54 148.95 149.38 149.83 150.27 150.68 151.06 151.41 151.73 152.02 152.28 152.51 152.71 152.88 153.01 153.12 153.19 153.23 153.23 153.21 153.15 153.06 152.94 152.78 152.59 152.36 152.11 151.81 151.45 150.98 150.37 149.64 148.78 147.80 146.71 145.52 144.21 142.81 141.32 139.74 138.07 136.32 134.48 132.56 130.55 128.46 126.29 124.05 121.73
133.18 134.65 136.05 137.38 138.63 139.78 140.85 141.83 142.73 143.56 144.33 145.03 145.67 146.27 146.82 147.33 147.81 148.26 148.69 149.10 149.51 149.90 150.30 150.70 151.12 151.55 152.00 152.48 152.94 153.37 153.77 154.14 154.48 154.79 155.06 155.30 155.51 155.69 155.83 155.94 156.02 156.06 156.07 156.05 155.99 155.90 155.77 155.60 155.41 155.17 154.90 154.57 154.11 153.52 152.81 151.96 151.00 149.92 148.73 147.44 146.04 144.55 142.97 141.30 139.55 137.73 135.83 133.85 131.79 129.65 127.43 125.15 122.80
