data_output/RCH/Precip_2007_06.asc
ncols        168
nrows        136
xllcorner    455000
yllcorner    2107000
cellsize     500
NODATA_value     -99999
[rows 99 to 131 of 136, columns 0 to 73 of 168]
121.96 120.48 119.08 117.74 116.46 115.23 114.03 112.86 111.71 110.57 109.42 108.25 107.07 105.85 104.66 103.58 102.67 101.92 101.32 100.87 100.55 100.36 100.29 100.34 100.50 100.76 101.12 101.57 102.09 102.70 103.37 104.09 104.88 105.71 106.57 107.48 108.40 109.35 110.30 111.26 112.22 113.17 114.10 115.01 115.89 116.73 117.53 118.28 118.97 119.59 120.14 120.61 120.99 121.28 121.48 121.56 121.53 121.38 121.10 120.68 120.13 119.42 118.56 117.54 116.34 114.97 113.43 111.79 110.13 108.44 106.75 105.04 103.32 101.60
117.25 116.04 114.91 113.85 112.87 111.93 111.05 110.20 109.37 108.56 107.76 106.95 106.13 105.29 104.45 103.64 102.96 102.43 102.04 101.79 101.66 101.65 101.76 101.97 102.29 102.70 103.19 103.76 104.40 105.11 105.88 106.70 107.56 108.46 109.39 110.34 111.31 112.29 113.27 114.24 115.21 116.15 117.07 117.96 118.80 119.60 120.35 121.04 121.65 122.20 122.66 123.03 123.31 123.49 123.55 123.50 123.33 123.02 122.58 121.99 121.25 120.36 119.29 118.06 116.65 115.06 113.42 111.73 109.99 108.23 106.45 104.67 102.88 101.09
112.68 111.72 110.85 110.07 109.37 108.72 108.14 107.60 107.09 106.61 106.14 105.68 105.22 104.77 104.31 103.86 103.44 103.12 102.93 102.87 102.92 103.09 103.36 103.73 104.19 104.74 105.36 106.05 106.80 107.61 108.47 109.37 110.30 111.26 112.25 113.24 114.25 115.25 116.24 117.23 118.19 119.12 120.02 120.87 121.68 122.43 123.12 123.73 124.27 124.73 125.09 125.36 125.52 125.58 125.51 125.31 124.99 124.52 123.91 123.14 122.21 121.12 119.85 118.39 116.77 115.09 113.45 111.77 109.98 108.14 106.29 104.43 102.56 100.70
108.24 107.53 106.92 106.40 105.97 105.61 105.32 105.08 104.88 104.72 104.58 104.47 104.37 104.30 104.22 104.15 104.06 103.97 103.98 104.10 104.33 104.67 105.10 105.62 106.21 106.89 107.63 108.43 109.28 110.18 111.12 112.10 113.09 114.11 115.14 116.17 117.20 118.22 119.22 120.20 121.15 122.06 122.93 123.75 124.51 125.20 125.82 126.36 126.81 127.18 127.44 127.59 127.63 127.55 127.34 126.99 126.51 125.87 125.08 124.12 123.00 121.70 120.21 118.55 116.83 115.15 113.52 111.85 110.07 108.19 106.25 104.31 102.37 100.43
103.94 103.47 103.11 102.85 102.69 102.60 102.60 102.65 102.75 102.90 103.09 103.33 103.60 103.88 104.17 104.46 104.73 104.97 105.19 105.49 105.89 106.39 106.96 107.62 108.35 109.14 110.00 110.90 111.85 112.83 113.85 114.88 115.94 117.00 118.06 119.12 120.17 121.20 122.20 123.17 124.10 124.99 125.82 126.59 127.29 127.92 128.46 128.92 129.28 129.54 129.69 129.72 129.63 129.40 129.05 128.54 127.89 127.07 126.09 124.94 123.61 122.09 120.40 118.64 116.92 115.25 113.64 111.98 110.21 108.32 106.34 104.32 102.29 100.27
99.80 99.56 99.44 99.43 99.52 99.71 99.97 100.31 100.71 101.17 101.70 102.27 102.89 103.52 104.16 104.80 105.42 106.00 106.53 107.04 107.60 108.24 108.96 109.75 110.60 111.51 112.46 113.46 114.49 115.55 116.63 117.73 118.83 119.93 121.02 122.10 123.16 124.19 125.18 126.14 127.04 127.89 128.67 129.39 130.02 130.58 131.04 131.40 131.66 131.81 131.84 131.74 131.51 131.14 130.62 129.95 129.12 128.12 126.95 125.59 124.04 122.32 120.53 118.77 117.07 115.41 113.80 112.16 110.39 108.51 106.53 104.46 102.35 100.25
95.82 95.80 95.91 96.14 96.48 96.93 97.46 98.08 98.77 99.55 100.40 101.30 102.25 103.21 104.19 105.17 106.12 107.04 107.90 108.70 109.44 110.23 111.08 111.99 112.96 113.97 115.02 116.11 117.21 118.34 119.48 120.62 121.76 122.89 124.01 125.10 126.16 127.18 128.16 129.09 129.96 130.76 131.49 132.14 132.71 133.18 133.55 133.81 133.96 133.99 133.89 133.66 133.28 132.75 132.07 131.22 130.21 129.01 127.64 126.07 124.32 122.50 120.71 118.96 117.27 115.62 114.02 112.38 110.62 108.75 106.77 104.70 102.54 100.35
91.99 92.19 92.53 92.99 93.58 94.27 95.07 95.96 96.95 98.04 99.20 100.42 101.68 102.97 104.27 105.57 106.84 108.08 109.26 110.37 111.39 112.35 113.33 114.35 115.43 116.53 117.67 118.84 120.01 121.20 122.39 123.57 124.74 125.90 127.03 128.12 129.17 130.18 131.14 132.03 132.85 133.61 134.27 134.85 135.34 135.72 135.99 136.15 136.18 136.08 135.84 135.46 134.93 134.24 133.38 132.35 131.14 129.75 128.16 126.39 124.54 122.72 120.95 119.22 117.53 115.89 114.30 112.67 110.91 109.04 107.06 104.99 102.82 100.58
88.35 88.75 89.30 89.99 90.81 91.75 92.80 93.98 95.26 96.64 98.10 99.62 101.19 102.78 104.39 106.00 107.58 109.13 110.62 112.03 113.35 114.56 115.69 116.83 118.00 119.20 120.42 121.65 122.89 124.12 125.36 126.57 127.77 128.94 130.07 131.16 132.20 133.18 134.10 134.96 135.73 136.42 137.02 137.52 137.92 138.20 138.36 138.40 138.31 138.08 137.69 137.16 136.46 135.60 134.56 133.34 131.93 130.33 128.54 126.67 124.82 123.02 121.25 119.53 117.85 116.23 114.64 113.01 111.26 109.39 107.41 105.33 103.17 100.91
84.88 85.48 86.24 87.14 88.19 89.37 90.69 92.14 93.70 95.36 97.11 98.91 100.77 102.66 104.56 106.46 108.34 110.18 111.96 113.66 115.27 116.77 118.14 119.42 120.68 121.96 123.25 124.54 125.83 127.11 128.38 129.62 130.83 132.01 133.13 134.21 135.23 136.18 137.06 137.87 138.58 139.20 139.72 140.14 140.44 140.62 140.67 140.58 140.35 139.97 139.44 138.74 137.88 136.83 135.60 134.19 132.57 130.76 128.88 127.01 125.18 123.38 121.63 119.91 118.24 116.62 115.04 113.42 111.67 109.80 107.82 105.74 103.56 101.31
81.59 82.38 83.34 84.46 85.73 87.16 88.74 90.45 92.28 94.20 96.22 98.30 100.43 102.60 104.78 106.96 109.12 111.24 113.30 115.28 117.16 118.94 120.58 122.08 123.46 124.81 126.16 127.51 128.85 130.17 131.46 132.72 133.93 135.11 136.22 137.28 138.27 139.18 140.02 140.76 141.41 141.95 142.39 142.71 142.90 142.96 142.89 142.67 142.30 141.77 141.08 140.21 139.17 137.94 136.51 134.88 133.07 131.16 129.28 127.43 125.60 123.82 122.07 120.37 118.70 117.09 115.51 113.89 112.14 110.27 108.29 106.20 104.02 101.75
78.50 79.48 80.63 81.95 83.46 85.13 86.95 88.91 90.98 93.16 95.43 97.77 100.16 102.60 105.05 107.50 109.92 112.31 114.63 116.87 119.02 121.05 122.96 124.71 126.30 127.75 129.16 130.56 131.93 133.28 134.59 135.85 137.07 138.23 139.33 140.36 141.31 142.18 142.95 143.63 144.20 144.66 145.01 145.22 145.30 145.25 145.04 144.68 144.16 143.48 142.61 141.57 140.33 138.91 137.27 135.45 133.54 131.64 129.76 127.92 126.11 124.33 122.59 120.89 119.24 117.62 116.05 114.43 112.68 110.81 108.82 106.73 104.54 102.27
75.61 76.76 78.11 79.65 81.37 83.27 85.32 87.51 89.82 92.24 94.75 97.34 99.98 102.67 105.37 108.08 110.75 113.38 115.95 118.45 120.84 123.12 125.27 127.27 129.10 130.75 132.25 133.68 135.08 136.45 137.77 139.03 140.24 141.39 142.46 143.45 144.36 145.17 145.88 146.48 146.97 147.34 147.58 147.68 147.64 147.46 147.11 146.61 145.93 145.07 144.03 142.80 141.37 139.74 137.91 135.99 134.08 132.19 130.33 128.50 126.70 124.93 123.19 121.50 119.84 118.23 116.66 115.04 113.29 111.42 109.42 107.33 105.13 102.84
72.93 74.26 75.80 77.54 79.48 81.59 83.86 86.27 88.80 91.45 94.18 97.00 99.88 102.80 105.75 108.69 111.60 114.47 117.28 120.01 122.64 125.15 127.53 129.76 131.82 133.70 135.37 136.87 138.30 139.67 140.99 142.26 143.45 144.57 145.60 146.55 147.40 148.15 148.79 149.31 149.71 149.97 150.10 150.09 149.92 149.60 149.10 148.44 147.60 146.57 145.34 143.92 142.29 140.46 138.53 136.62 134.72 132.84 130.99 129.16 127.37 125.60 123.87 122.18 120.53 118.92 117.35 115.73 113.98 112.10 110.10 107.99 105.78 103.49
70.47 71.98 73.71 75.65 77.78 80.09 82.56 85.17 87.92 90.77 93.73 96.76 99.86 103.00 106.18 109.34 112.48 115.58 118.60 121.55 124.40 127.13 129.73 132.18 134.46 136.55 138.43 140.10 141.57 142.95 144.27 145.51 146.68 147.77 148.76 149.65 150.44 151.12 151.68 152.11 152.41 152.57 152.58 152.44 152.13 151.66 151.01 150.18 149.17 147.95 146.54 144.91 143.08 141.16 139.24 137.33 135.45 133.58 131.73 129.92 128.13 126.37 124.64 122.95 121.30 119.70 118.12 116.50 114.74 112.86 110.85 108.73 106.51 104.20
68.26 69.94 71.84 73.96 76.27 78.77 81.43 84.23 87.17 90.23 93.38 96.62 99.92 103.28 106.66 110.04 113.39 116.69 119.93 123.08 126.14 129.08 131.88 134.53 137.01 139.30 141.39 143.25 144.87 146.29 147.59 148.81 149.95 150.99 151.93 152.76 153.48 154.08 154.55 154.88 155.07 155.12 155.00 154.72 154.27 153.65 152.84 151.84 150.64 149.23 147.62 145.80 143.88 141.96 140.05 138.15 136.27 134.41 132.57 130.76 128.98 127.22 125.50 123.81 122.16 120.55 118.98 117.35 115.59 113.69 111.68 109.55 107.32 104.99
66.30 68.13 70.20 72.48 74.97 77.63 80.46 83.45 86.57 89.80 93.14 96.57 100.07 103.62 107.21 110.78 114.33 117.82 121.26 124.61 127.85 130.98 133.97 136.81 139.48 141.96 144.23 146.28 148.08 149.63 150.95 152.14 153.24 154.23 155.11 155.87 156.51 157.03 157.40 157.63 157.70 157.62 157.37 156.95 156.35 155.56 154.58 153.40 152.01 150.40 148.59 146.68 144.76 142.85 140.95 139.07 137.20 135.34 133.51 131.70 129.92 128.17 126.45 124.76 123.11 121.50 119.92 118.29 116.52 114.61 112.59 110.45 108.20 105.86
64.59 66.57 68.78 71.22 73.86 76.68 79.67 82.82 86.10 89.51 93.03 96.63 100.31 104.04 107.81 111.57 115.30 118.97 122.59 126.12 129.54 132.85 136.02 139.03 141.87 144.52 146.97 149.18 151.16 152.87 154.31 155.50 156.55 157.48 158.30 158.99 159.54 159.95 160.22 160.34 160.29 160.07 159.68 159.11 158.35 157.39 156.23 154.86 153.27 151.47 149.57 147.66 145.76 143.86 141.97 140.09 138.22 136.38 134.55 132.74 130.96 129.21 127.49 125.80 124.15 122.53 120.95 119.31 117.54 115.62 113.59 111.43 109.17 106.81
63.13 65.24 67.59 70.17 72.94 75.91 79.05 82.35 85.79 89.35 93.02 96.79 100.63 104.53 108.47 112.40 116.30 120.14 123.92 127.62 131.21 134.68 138.01 141.18 144.18 146.99 149.60 151.97 154.10 155.97 157.56 158.85 159.88 160.75 161.49 162.09 162.56 162.87 163.02 163.01 162.83 162.48 161.94 161.20 160.27 159.14 157.79 156.22 154.44 152.56 150.66 148.76 146.86 144.97 143.09 141.22 139.36 137.51 135.69 133.89 132.11 130.35 128.63 126.94 125.28 123.66 122.08 120.43 118.64 116.72 114.67 112.50 110.23 107.85
61.93 64.16 66.63 69.33 72.23 75.33 78.60 82.04 85.61 89.32 93.13 97.05 101.04 105.10 109.19 113.28 117.33 121.33 125.26 129.11 132.85 136.47 139.95 143.27 146.42 149.38 152.12 154.64 156.91 158.92 160.65 162.08 163.20 164.03 164.69 165.20 165.56 165.76 165.79 165.65 165.34 164.83 164.13 163.23 162.12 160.80 159.26 157.50 155.63 153.75 151.86 149.97 148.08 146.20 144.32 142.45 140.60 138.76 136.94 135.14 133.36 131.60 129.88 128.18 126.52 124.90 123.30 121.65 119.85 117.91 115.85 113.67 111.37 108.97
60.99 63.32 65.90 68.71 71.72 74.94 78.33 81.88 85.59 89.42 93.37 97.42 101.55 105.74 109.98 114.21 118.40 122.54 126.61 130.60 134.48 138.23 141.84 145.30 148.58 151.67 154.54 157.19 159.59 161.73 163.58 165.14 166.38 167.28 167.89 168.30 168.55 168.63 168.53 168.26 167.79 167.13 166.26 165.19 163.90 162.38 160.65 158.80 156.94 155.06 153.18 151.30 149.42 147.54 145.67 143.81 141.96 140.12 138.30 136.49 134.71 132.96 131.23 129.53 127.86 126.23 124.63 122.96 121.15 119.20 117.12 114.92 112.61 110.19
60.31 62.73 65.40 68.30 71.42 74.73 78.23 81.89 85.71 89.65 93.72 97.89 102.14 106.47 110.83 115.19 119.51 123.78 127.97 132.08 136.08 139.96 143.69 147.27 150.67 153.87 156.86 159.63 162.14 164.39 166.36 168.02 169.37 170.39 171.05 171.39 171.52 171.48 171.24 170.82 170.20 169.37 168.33 167.07 165.59 163.89 162.06 160.22 158.36 156.50 154.63 152.75 150.88 149.01 147.14 145.28 143.43 141.59 139.77 137.97 136.18 134.42 132.69 130.98 129.31 127.67 126.05 124.38 122.56 120.59 118.50 116.28 113.94 111.50
59.89 62.38 65.13 68.12 71.32 74.72 78.31 82.07 85.98 90.02 94.19 98.47 102.83 107.27 111.75 116.22 120.66 125.04 129.34 133.56 137.67 141.65 145.50 149.18 152.68 155.99 159.08 161.95 164.56 166.91 168.98 170.74 172.19 173.29 174.05 174.43 174.48 174.30 173.92 173.34 172.56 171.56 170.33 168.88 167.21 165.42 163.60 161.77 159.92 158.07 156.20 154.33 152.46 150.60 148.73 146.87 145.02 143.18 141.36 139.55 137.77 136.00 134.26 132.55 130.86 129.21 127.59 125.90 124.06 122.08 119.97 117.73 115.38 112.91
59.72 62.29 65.10 68.15 71.42 74.90 78.57 82.40 86.40 90.53 94.79 99.16 103.62 108.16 112.74 117.31 121.84 126.32 130.72 135.04 139.24 143.32 147.26 151.03 154.62 158.02 161.21 164.16 166.86 169.29 171.44 173.29 174.82 176.01 176.84 177.30 177.37 177.09 176.56 175.82 174.86 173.68 172.27 170.63 168.88 167.09 165.28 163.45 161.61 159.76 157.91 156.04 154.18 152.31 150.45 148.59 146.74 144.90 143.07 141.26 139.47 137.70 135.95 134.22 132.53 130.87 129.24 127.53 125.68 123.68 121.55 119.29 116.91 114.43
59.83 62.44 65.30 68.41 71.74 75.27 79.00 82.91 86.97 91.18 95.51 99.96 104.50 109.12 113.79 118.45 123.07 127.63 132.12 136.52 140.80 144.96 148.98 152.83 156.50 159.97 163.23 166.25 169.03 171.53 173.75 175.67 177.27 178.52 179.42 179.95 180.08 179.81 179.16 178.25 177.11 175.74 174.15 172.43 170.67 168.89 167.09 165.27 163.44 161.60 159.75 157.89 156.02 154.16 152.29 150.44 148.58 146.74 144.91 143.09 141.29 139.51 137.75 136.02 134.32 132.64 131.00 129.28 127.41 125.40 123.24 120.96 118.56 116.05
60.19 62.84 65.74 68.89 72.26 75.84 79.62 83.58 87.70 91.96 96.36 100.87 105.48 110.17 114.92 119.65 124.34 128.97 133.53 137.99 142.35 146.57 150.65 154.57 158.30 161.84 165.16 168.24 171.08 173.64 175.92 177.89 179.54 180.85 181.80 182.37 182.56 182.33 181.68 180.63 179.31 177.76 176.08 174.36 172.61 170.84 169.05 167.24 165.41 163.57 161.72 159.86 158.00 156.14 154.27 152.41 150.56 148.71 146.87 145.05 143.24 141.45 139.68 137.94 136.22 134.54 132.87 131.14 129.25 127.22 125.05 122.74 120.31 117.77
60.83 63.49 66.42 69.59 72.99 76.61 80.42 84.42 88.58 92.89 97.34 101.90 106.56 111.31 116.12 120.91 125.65 130.34 134.96 139.48 143.88 148.16 152.29 156.26 160.04 163.63 166.99 170.12 173.00 175.61 177.93 179.94 181.63 182.98 183.97 184.58 184.80 184.61 183.99 182.92 181.46 179.83 178.15 176.43 174.70 172.93 171.15 169.34 167.52 165.69 163.84 161.98 160.12 158.25 156.39 154.52 152.66 150.81 148.96 147.13 145.32 143.52 141.74 139.98 138.25 136.55 134.87 133.12 131.22 129.16 126.96 124.63 122.18 119.61
61.73 64.40 67.34 70.52 73.94 77.57 81.41 85.43 89.62 93.96 98.44 103.04 107.75 112.54 117.39 122.22 127.01 131.75 136.40 140.96 145.41 149.72 153.89 157.90 161.71 165.33 168.73 171.89 174.80 177.44 179.79 181.83 183.55 184.92 185.93 186.57 186.81 186.64 186.04 185.01 183.63 182.04 180.37 178.67 176.93 175.18 173.40 171.60 169.78 167.95 166.10 164.24 162.38 160.51 158.64 156.77 154.91 153.04 151.19 149.35 147.53 145.71 143.92 142.15 140.41 138.69 137.00 135.23 133.30 131.22 129.00 126.65 124.17 121.57
62.90 65.56 68.49 71.68 75.10 78.74 82.58 86.61 90.82 95.18 99.68 104.30 109.03 113.85 118.73 123.60 128.42 133.18 137.87 142.45 146.93 151.27 155.46 159.48 163.32 166.96 170.38 173.56 176.49 179.14 181.50 183.56 185.29 186.67 187.70 188.35 188.60 188.43 187.85 186.94 185.78 184.36 182.75 181.05 179.33 177.58 175.80 174.00 172.19 170.36 168.51 166.65 164.78 162.91 161.04 159.16 157.29 155.42 153.56 151.71 149.87 148.05 146.24 144.46 142.70 140.96 139.25 137.46 135.51 133.41 131.16 128.78 126.27 123.64
64.34 66.98 69.90 73.06 76.47 80.10 83.94 87.97 92.17 96.54 101.04 105.67 110.42 115.26 120.15 125.04 129.88 134.65 139.35 143.95 148.44 152.79 156.99 161.02 164.87 168.51 171.94 175.12 178.05 180.71 183.07 185.13 186.86 188.24 189.26 189.90 190.15 189.99 189.52 188.81 187.87 186.68 185.24 183.60 181.88 180.13 178.36 176.57 174.75 172.92 171.07 169.21 167.34 165.46 163.58 161.70 159.82 157.94 156.07 154.20 152.35 150.51 148.69 146.89 145.12 143.36 141.63 139.82 137.85 135.72 133.45 131.04 128.50 125.84
66.05 68.66 71.54 74.68 78.06 81.67 85.49 89.50 93.69 98.04 102.54 107.17 111.91 116.75 121.65 126.54 131.38 136.16 140.86 145.46 149.94 154.29 158.49 162.51 166.36 169.99 173.41 176.58 179.50 182.15 184.50 186.54 188.25 189.62 190.62 191.25 191.49 191.43 191.15 190.64 189.91 188.94 187.73 186.26 184.59 182.85 181.08 179.28 177.47 175.63 173.78 171.92 170.04 168.16 166.27 164.38 162.49 160.60 158.72 156.84 154.98 153.12 151.29 149.47 147.67 145.90 144.14 142.31 140.32 138.17 135.87 133.43 130.85 128.16
68.04 70.60 73.43 76.53 79.87 83.44 87.23 91.21 95.37 99.70 104.18 108.79 113.51 118.34 123.23 128.11 132.94 137.70 142.39 146.97 151.44 155.77 159.95 163.96 167.78 171.40 174.79 177.94 180.84 183.46 185.78 187.79 189.48 190.82 191.79 192.40 192.72 192.83 192.74 192.44 191.91 191.15 190.16 188.92 187.43 185.73 183.96 182.17 180.35 178.51 176.65 174.79 172.90 171.01 169.12 167.22 165.31 163.41 161.52 159.63 157.75 155.88 154.02 152.19 150.37 148.58 146.80 144.94 142.92 140.74 138.41 135.94 133.34 130.61
70.30 72.80 75.57 78.61 81.90 85.42 89.16 93.09 97.21 101.50 105.95 110.52 115.22 120.02 124.89 129.74 134.55 139.29 143.94 148.50 152.94 157.24 161.39 165.36 169.15 172.73 176.09 179.20 182.06 184.64 186.92 188.89 190.53 191.83 192.77 193.45 193.93 194.22 194.31 194.20 193.87 193.32 192.54 191.52 190.25 188.73 187.01 185.21 183.39 181.55 179.69 177.81 175.92 174.02 172.12 170.21 168.29 166.38 164.47 162.56 160.66 158.78 156.90 155.05 153.21 151.39 149.59 147.71 145.67 143.46 141.10 138.60 135.96 133.20
