data_output/RCH/Precip_1994_06.asc
ncols        168
nrows        136
xllcorner    455000
yllcorner    2107000
cellsize     500
NODATA_value     -99999
[rows 96 to 127 of 136, columns 0 to 71 of 168]
253.67 249.93 246.15 242.35 238.52 234.68 230.82 226.95 223.08 219.22 215.35 211.50 207.66 203.84 200.04 196.27 192.55 189.02 185.82 182.98 180.50 178.40 176.70 175.39 174.48 174.00 173.95 174.33 175.17 176.32 177.41 178.33 179.07 179.61 179.95 180.06 179.93 179.56 178.93 178.01 176.81 175.34 173.72 172.05 170.36 168.64 166.90 165.13 163.35 161.54 159.72 157.88 156.04 154.18 152.31 150.44 148.56 146.68 144.81 142.93 141.06 139.19 137.34 135.49 133.65 131.84 130.03 128.25 126.49 124.75 123.03 121.34
255.12 251.36 247.56 243.74 239.89 236.01 232.12 228.21 224.29 220.37 216.45 212.54 208.63 204.74 200.87 197.03 193.37 190.03 187.02 184.37 182.08 180.15 178.61 177.46 176.72 176.38 176.46 176.98 177.94 179.21 180.43 181.48 182.35 183.03 183.51 183.77 183.80 183.59 183.12 182.38 181.35 180.03 178.43 176.68 174.89 173.07 171.23 169.36 167.48 165.58 163.66 161.73 159.79 157.84 155.88 153.91 151.94 149.97 148.00 146.03 144.07 142.12 140.17 138.23 136.31 134.40 132.51 130.64 128.79 126.96 125.16 123.39
256.56 252.80 248.99 245.15 241.27 237.37 233.45 229.51 225.55 221.58 217.61 213.64 209.67 205.71 201.78 198.02 194.55 191.40 188.59 186.12 184.00 182.25 180.87 179.88 179.28 179.09 179.31 179.95 181.03 182.42 183.75 184.92 185.92 186.74 187.36 187.77 187.95 187.89 187.58 187.01 186.16 185.01 183.56 181.82 179.93 178.01 176.06 174.09 172.10 170.09 168.07 166.03 163.98 161.92 159.86 157.79 155.72 153.64 151.57 149.50 147.44 145.38 143.34 141.30 139.28 137.27 135.28 133.31 131.37 129.44 127.55 125.68
258.00 254.23 250.42 246.57 242.68 238.76 234.80 230.83 226.84 222.83 218.81 214.79 210.77 206.77 202.91 199.34 196.07 193.12 190.49 188.20 186.26 184.67 183.45 182.61 182.16 182.10 182.45 183.21 184.41 185.91 187.36 188.65 189.78 190.72 191.48 192.02 192.35 192.45 192.29 191.88 191.20 190.23 188.95 187.37 185.49 183.45 181.38 179.30 177.19 175.06 172.92 170.77 168.60 166.43 164.25 162.07 159.88 157.70 155.51 153.33 151.16 148.99 146.83 144.69 142.55 140.44 138.34 136.26 134.21 132.18 130.18 128.20
259.42 255.66 251.85 247.99 244.09 240.15 236.18 232.18 228.16 224.12 220.06 215.99 211.94 208.01 204.35 200.98 197.91 195.15 192.71 190.59 188.82 187.39 186.33 185.63 185.32 185.39 185.87 186.75 188.06 189.66 191.22 192.63 193.88 194.95 195.83 196.52 196.99 197.23 197.23 196.97 196.45 195.65 194.55 193.14 191.42 189.38 187.20 184.98 182.74 180.49 178.22 175.94 173.65 171.36 169.05 166.74 164.43 162.12 159.82 157.51 155.21 152.93 150.65 148.38 146.13 143.89 141.68 139.48 137.31 135.16 133.04 130.95
260.83 257.08 253.27 249.41 245.51 241.56 237.57 233.55 229.51 225.43 221.34 217.25 213.28 209.56 206.10 202.93 200.05 197.48 195.21 193.27 191.66 190.39 189.48 188.92 188.74 188.95 189.54 190.54 191.95 193.66 195.32 196.84 198.20 199.40 200.41 201.23 201.83 202.22 202.36 202.26 201.90 201.26 200.33 199.09 197.55 195.67 193.48 191.13 188.76 186.37 183.96 181.55 179.12 176.69 174.25 171.80 169.36 166.91 164.47 162.04 159.61 157.19 154.78 152.38 150.00 147.63 145.29 142.96 140.66 138.39 136.14 133.92
262.21 258.47 254.68 250.83 246.92 242.97 238.97 234.94 230.87 226.78 222.67 218.67 214.90 211.39 208.14 205.16 202.47 200.08 197.99 196.21 194.76 193.64 192.87 192.46 192.41 192.73 193.45 194.55 196.07 197.87 199.64 201.26 202.74 204.05 205.18 206.12 206.86 207.38 207.67 207.72 207.51 207.03 206.26 205.20 203.83 202.13 200.09 197.74 195.23 192.69 190.13 187.57 185.00 182.42 179.83 177.24 174.65 172.07 169.48 166.90 164.33 161.76 159.21 156.67 154.15 151.65 149.16 146.70 144.26 141.85 139.46 137.10
263.56 259.85 256.07 252.23 248.33 244.38 240.38 236.33 232.25 228.15 224.15 220.35 216.80 213.49 210.43 207.65 205.14 202.92 201.00 199.39 198.09 197.12 196.49 196.21 196.29 196.73 197.56 198.77 200.38 202.28 204.14 205.87 207.45 208.87 210.12 211.19 212.05 212.71 213.14 213.33 213.27 212.94 212.33 211.43 210.23 208.71 206.85 204.65 202.13 199.44 196.73 194.01 191.28 188.54 185.80 183.05 180.31 177.57 174.83 172.09 169.37 166.65 163.95 161.26 158.59 155.93 153.29 150.68 148.09 145.53 143.00 140.49
264.88 261.19 257.43 253.61 249.72 245.77 241.78 237.73 233.65 229.66 225.86 222.28 218.93 215.83 212.97 210.37 208.04 205.99 204.24 202.78 201.63 200.81 200.32 200.16 200.36 200.92 201.85 203.16 204.87 206.86 208.81 210.63 212.32 213.85 215.21 216.39 217.38 218.17 218.73 219.06 219.14 218.97 218.51 217.78 216.74 215.39 213.71 211.69 209.32 206.61 203.74 200.85 197.96 195.05 192.14 189.23 186.32 183.41 180.51 177.61 174.72 171.84 168.98 166.13 163.29 160.47 157.68 154.90 152.16 149.43 146.74 144.08
266.15 262.50 258.77 254.96 251.09 247.16 243.17 239.14 235.17 231.39 227.81 224.44 221.30 218.38 215.71 213.30 211.14 209.26 207.67 206.36 205.36 204.68 204.32 204.29 204.60 205.27 206.31 207.71 209.50 211.58 213.62 215.53 217.32 218.95 220.42 221.72 222.83 223.74 224.43 224.89 225.12 225.08 224.78 224.20 223.32 222.14 220.63 218.79 216.60 214.05 211.15 208.10 205.02 201.94 198.86 195.77 192.68 189.60 186.52 183.45 180.38 177.33 174.29 171.27 168.26 165.27 162.30 159.36 156.44 153.55 150.69 147.86
267.38 263.76 260.06 256.29 252.44 248.52 244.56 240.65 236.90 233.33 229.97 226.80 223.86 221.14 218.65 216.41 214.43 212.71 211.27 210.12 209.26 208.71 208.47 208.56 208.99 209.76 210.90 212.39 214.27 216.42 218.54 220.55 222.42 224.16 225.73 227.14 228.36 229.39 230.21 230.80 231.16 231.27 231.12 230.69 229.97 228.94 227.60 225.93 223.92 221.55 218.81 215.72 212.47 209.20 205.93 202.66 199.38 196.11 192.85 189.59 186.34 183.11 179.88 176.68 173.49 170.32 167.17 164.04 160.95 157.87 154.83 151.82
268.55 264.98 261.32 257.57 253.75 249.87 246.03 242.34 238.81 235.47 232.31 229.35 226.59 224.06 221.75 219.69 217.87 216.31 215.02 214.01 213.29 212.87 212.75 212.96 213.50 214.37 215.60 217.18 219.14 221.37 223.57 225.66 227.62 229.45 231.12 232.63 233.97 235.11 236.05 236.77 237.26 237.50 237.49 237.21 236.64 235.77 234.59 233.09 231.25 229.06 226.51 223.57 220.28 216.83 213.36 209.89 206.42 202.95 199.49 196.04 192.60 189.17 185.75 182.35 178.97 175.60 172.26 168.95 165.66 162.40 159.17 155.97
269.67 266.14 262.52 258.82 255.04 251.29 247.67 244.21 240.90 237.76 234.81 232.04 229.48 227.13 225.00 223.10 221.45 220.04 218.90 218.03 217.44 217.14 217.15 217.46 218.10 219.08 220.39 222.06 224.09 226.39 228.66 230.83 232.88 234.79 236.56 238.18 239.62 240.87 241.92 242.76 243.38 243.76 243.88 243.74 243.32 242.61 241.59 240.25 238.58 236.56 234.18 231.43 228.30 224.80 221.14 217.46 213.78 210.11 206.44 202.78 199.13 195.50 191.88 188.27 184.69 181.12 177.58 174.06 170.57 167.11 163.68 160.28
270.72 267.24 263.67 260.02 256.39 252.86 249.47 246.23 243.13 240.20 237.45 234.88 232.50 230.33 228.37 226.63 225.13 223.88 222.88 222.14 221.68 221.50 221.62 222.04 222.78 223.85 225.25 226.99 229.09 231.46 233.80 236.04 238.17 240.17 242.03 243.74 245.28 246.64 247.81 248.77 249.50 250.01 250.27 250.26 249.98 249.42 248.55 247.37 245.87 244.02 241.82 239.25 236.30 232.95 229.24 225.36 221.46 217.57 213.69 209.81 205.95 202.10 198.26 194.45 190.65 186.87 183.11 179.38 175.68 172.01 168.37 164.75
271.70 268.28 264.78 261.27 257.86 254.57 251.40 248.37 245.49 242.76 240.20 237.82 235.62 233.62 231.83 230.25 228.91 227.80 226.93 226.33 225.99 225.93 226.16 226.68 227.52 228.67 230.15 231.96 234.13 236.56 238.96 241.28 243.48 245.56 247.51 249.31 250.95 252.41 253.68 254.75 255.61 256.23 256.62 256.75 256.61 256.19 255.47 254.45 253.10 251.42 249.38 246.99 244.22 241.06 237.50 233.57 229.46 225.34 221.23 217.13 213.04 208.96 204.90 200.86 196.83 192.83 188.85 184.90 180.98 177.08 173.22 169.38
272.60 269.26 265.90 262.63 259.45 256.39 253.44 250.62 247.94 245.41 243.04 240.84 238.82 236.99 235.36 233.94 232.74 231.77 231.04 230.56 230.34 230.40 230.73 231.35 232.27 233.51 235.06 236.95 239.18 241.66 244.13 246.51 248.78 250.94 252.97 254.86 256.58 258.14 259.52 260.70 261.67 262.41 262.92 263.18 263.17 262.89 262.32 261.44 260.25 258.73 256.86 254.64 252.04 249.07 245.69 241.91 237.74 233.40 229.06 224.72 220.39 216.08 211.78 207.50 203.25 199.01 194.80 190.61 186.46 182.33 178.22 174.15
273.43 270.25 267.13 264.09 261.14 258.30 255.56 252.95 250.47 248.14 245.96 243.93 242.09 240.42 238.95 237.68 236.62 235.78 235.18 234.83 234.72 234.88 235.31 236.03 237.04 238.35 239.98 241.93 244.21 246.75 249.27 251.71 254.05 256.28 258.39 260.36 262.17 263.82 265.30 266.58 267.65 268.51 269.14 269.52 269.65 269.50 269.07 268.34 267.30 265.93 264.23 262.17 259.75 256.95 253.76 250.16 246.14 241.74 237.16 232.57 228.00 223.44 218.90 214.38 209.87 205.39 200.94 196.51 192.11 187.73 183.38 179.08
274.25 271.31 268.42 265.62 262.90 260.27 257.75 255.34 253.06 250.91 248.91 247.06 245.38 243.88 242.55 241.43 240.51 239.81 239.33 239.09 239.10 239.36 239.88 240.69 241.78 243.16 244.86 246.87 249.21 251.79 254.36 256.86 259.26 261.56 263.74 265.79 267.68 269.42 270.99 272.37 273.55 274.52 275.26 275.76 276.01 276.00 275.70 275.11 274.22 273.00 271.45 269.56 267.30 264.68 261.66 258.25 254.42 250.17 245.52 240.69 235.86 231.04 226.25 221.47 216.71 211.97 207.26 202.58 197.92 193.29 188.70 184.16
275.13 272.43 269.78 267.20 264.70 262.29 259.97 257.76 255.67 253.71 251.88 250.21 248.69 247.34 246.16 245.18 244.40 243.82 243.46 243.33 243.44 243.80 244.42 245.31 246.48 247.93 249.69 251.75 254.14 256.77 259.39 261.94 264.40 266.76 269.00 271.12 273.10 274.92 276.58 278.05 279.33 280.41 281.26 281.88 282.25 282.36 282.19 281.74 280.98 279.91 278.52 276.78 274.69 272.23 269.39 266.15 262.51 258.45 253.95 249.05 243.96 238.88 233.81 228.77 223.74 218.74 213.77 208.81 203.89 199.01 194.17 189.40
276.05 273.58 271.17 268.81 266.53 264.32 262.20 260.19 258.29 256.50 254.85 253.34 251.98 250.78 249.75 248.91 248.25 247.80 247.55 247.53 247.74 248.20 248.90 249.87 251.11 252.63 254.44 256.56 258.99 261.65 264.32 266.91 269.43 271.85 274.16 276.34 278.39 280.30 282.04 283.60 284.98 286.15 287.11 287.84 288.32 288.55 288.51 288.19 287.58 286.65 285.40 283.82 281.88 279.59 276.91 273.85 270.39 266.51 262.20 257.45 252.29 246.94 241.60 236.28 230.98 225.70 220.44 215.22 210.03 204.89 199.81 194.80
276.99 274.75 272.56 270.43 268.35 266.35 264.43 262.61 260.88 259.28 257.79 256.44 255.24 254.18 253.29 252.58 252.05 251.71 251.58 251.67 251.97 252.51 253.30 254.34 255.65 257.23 259.10 261.26 263.73 266.43 269.13 271.77 274.33 276.80 279.17 281.42 283.54 285.52 287.34 288.99 290.46 291.73 292.78 293.62 294.22 294.56 294.65 294.45 293.97 293.18 292.07 290.64 288.86 286.72 284.21 281.32 278.03 274.33 270.21 265.65 260.64 255.21 249.59 243.98 238.39 232.83 227.29 221.79 216.34 210.95 205.62 200.37
277.92 275.91 273.94 272.02 270.15 268.35 266.62 264.98 263.44 262.00 260.68 259.49 258.43 257.52 256.77 256.18 255.77 255.55 255.52 255.70 256.10 256.73 257.60 258.71 260.08 261.71 263.63 265.83 268.33 271.06 273.80 276.48 279.08 281.61 284.03 286.34 288.53 290.57 292.47 294.20 295.75 297.11 298.27 299.20 299.91 300.37 300.57 300.50 300.14 299.48 298.52 297.22 295.59 293.61 291.26 288.54 285.42 281.89 277.95 273.57 268.75 263.47 257.77 251.88 245.99 240.13 234.31 228.54 222.82 217.17 211.60 206.11
278.82 277.04 275.29 273.57 271.91 270.30 268.76 267.30 265.93 264.66 263.50 262.46 261.54 260.77 260.15 259.68 259.39 259.28 259.35 259.63 260.12 260.82 261.76 262.94 264.37 266.05 268.01 270.25 272.79 275.54 278.31 281.02 283.66 286.23 288.70 291.07 293.31 295.43 297.39 299.20 300.83 302.28 303.53 304.56 305.37 305.94 306.25 306.30 306.06 305.54 304.70 303.55 302.07 300.23 298.04 295.47 292.52 289.17 285.40 281.21 276.57 271.48 265.93 259.94 253.77 247.61 241.51 235.46 229.48 223.57 217.75 212.03
279.67 278.11 276.57 275.06 273.59 272.17 270.82 269.53 268.33 267.22 266.22 265.32 264.55 263.91 263.41 263.07 262.89 262.88 263.05 263.42 263.98 264.77 265.77 267.01 268.49 270.23 272.23 274.50 277.06 279.83 282.62 285.37 288.05 290.65 293.17 295.59 297.89 300.06 302.10 303.97 305.68 307.21 308.55 309.67 310.58 311.25 311.67 311.83 311.72 311.32 310.61 309.60 308.25 306.56 304.52 302.11 299.32 296.13 292.53 288.52 284.07 279.16 273.80 267.97 261.71 255.28 248.89 242.56 236.32 230.15 224.08 218.12
280.44 279.09 277.76 276.45 275.18 273.95 272.77 271.66 270.62 269.67 268.81 268.06 267.42 266.91 266.54 266.31 266.23 266.32 266.59 267.04 267.69 268.54 269.61 270.90 272.44 274.21 276.25 278.55 281.13 283.92 286.73 289.50 292.21 294.85 297.41 299.87 302.22 304.45 306.55 308.49 310.28 311.88 313.30 314.52 315.52 316.28 316.81 317.08 317.08 316.80 316.22 315.33 314.12 312.58 310.68 308.42 305.78 302.76 299.33 295.49 291.21 286.49 281.33 275.70 269.62 263.11 256.45 249.85 243.34 236.91 230.60 224.39
281.11 279.98 278.85 277.73 276.64 275.60 274.59 273.65 272.77 271.97 271.26 270.65 270.14 269.76 269.50 269.38 269.40 269.59 269.94 270.48 271.20 272.12 273.25 274.59 276.17 277.99 280.05 282.38 284.97 287.77 290.60 293.39 296.12 298.80 301.39 303.90 306.30 308.58 310.73 312.74 314.59 316.27 317.77 319.06 320.15 321.02 321.64 322.02 322.13 321.96 321.50 320.74 319.66 318.25 316.50 314.38 311.90 309.03 305.77 302.09 297.99 293.46 288.49 283.08 277.22 270.91 264.19 257.33 250.54 243.86 237.30 230.85
281.66 280.73 279.80 278.87 277.97 277.10 276.27 275.49 274.76 274.11 273.54 273.06 272.69 272.42 272.27 272.25 272.38 272.66 273.09 273.70 274.49 275.48 276.66 278.05 279.67 281.52 283.61 285.96 288.56 291.37 294.21 297.01 299.77 302.47 305.10 307.64 310.08 312.41 314.62 316.68 318.60 320.35 321.92 323.29 324.47 325.42 326.14 326.62 326.83 326.78 326.43 325.79 324.84 323.56 321.94 319.97 317.64 314.92 311.82 308.30 304.38 300.04 295.28 290.09 284.46 278.40 271.89 264.98 257.94 251.00 244.19 237.50
282.07 281.33 280.59 279.86 279.13 278.43 277.77 277.14 276.57 276.07 275.63 275.28 275.03 274.87 274.83 274.92 275.14 275.50 276.02 276.70 277.55 278.59 279.83 281.27 282.92 284.80 286.91 289.27 291.88 294.70 297.54 300.35 303.13 305.85 308.50 311.08 313.56 315.93 318.19 320.31 322.28 324.09 325.73 327.18 328.44 329.47 330.29 330.86 331.17 331.22 330.99 330.47 329.64 328.49 327.00 325.17 322.98 320.41 317.46 314.12 310.38 306.23 301.68 296.71 291.33 285.51 279.27 272.59 265.52 258.34 251.27 244.34
282.37 281.77 281.21 280.65 280.11 279.57 279.07 278.60 278.17 277.81 277.50 277.28 277.14 277.10 277.16 277.34 277.65 278.10 278.69 279.43 280.35 281.44 282.72 284.20 285.89 287.79 289.92 292.29 294.90 297.72 300.56 303.38 306.17 308.91 311.58 314.19 316.70 319.11 321.41 323.58 325.61 327.48 329.19 330.71 332.04 333.15 334.05 334.71 335.13 335.28 335.16 334.75 334.03 333.00 331.65 329.95 327.89 325.47 322.68 319.51 315.96 312.02 307.68 302.94 297.80 292.24 286.27 279.88 273.05 265.85 258.55 251.38
282.57 282.07 281.63 281.24 280.87 280.50 280.15 279.83 279.54 279.31 279.14 279.03 279.01 279.07 279.23 279.51 279.90 280.42 281.08 281.89 282.86 284.00 285.33 286.84 288.55 290.47 292.62 294.99 297.60 300.41 303.25 306.08 308.87 311.62 314.32 316.94 319.49 321.93 324.27 326.48 328.56 330.49 332.25 333.84 335.24 336.44 337.42 338.16 338.67 338.92 338.90 338.60 338.00 337.09 335.85 334.28 332.37 330.10 327.47 324.48 321.12 317.38 313.27 308.77 303.87 298.58 292.88 286.78 280.26 273.32 266.00 258.61
282.64 282.23 281.89 281.61 281.39 281.18 280.98 280.81 280.66 280.56 280.51 280.52 280.60 280.77 281.02 281.38 281.85 282.45 283.18 284.05 285.07 286.25 287.61 289.15 290.89 292.83 294.98 297.35 299.96 302.76 305.59 308.41 311.21 313.97 316.68 319.33 321.89 324.37 326.74 328.99 331.12 333.10 334.92 336.57 338.03 339.30 340.35 341.19 341.78 342.12 342.20 342.00 341.51 340.71 339.60 338.16 336.38 334.27 331.81 329.01 325.84 322.32 318.43 314.17 309.53 304.50 299.09 293.28 287.07 280.45 273.42 266.03
282.56 282.24 281.98 281.79 281.67 281.60 281.55 281.51 281.50 281.52 281.59 281.71 281.90 282.16 282.51 282.95 283.50 284.16 284.95 285.87 286.94 288.17 289.56 291.12 292.88 294.82 296.98 299.35 301.95 304.73 307.55 310.37 313.16 315.93 318.65 321.31 323.89 326.40 328.80 331.09 333.25 335.28 337.15 338.85 340.38 341.72 342.84 343.75 344.43 344.86 345.03 344.93 344.54 343.86 342.86 341.55 339.93 337.98 335.70 333.08 330.12 326.81 323.15 319.13 314.75 310.00 304.87 299.36 293.47 287.18 280.49 273.40
