data_output/RCH/Precip_1985_07.asc
ncols        168
nrows        136
xllcorner    455000
yllcorner    2107000
cellsize     500
NODATA_value     -99999
[rows 0 to 31 of 136, columns 0 to 72 of 168]
195.33 193.54 191.78 190.03 188.31 186.61 184.91 183.21 181.53 179.87 178.25 176.66 175.12 173.63 172.21 170.81 169.39 167.93 166.44 164.92 163.37 161.78 160.17 158.51 156.84 155.16 153.49 151.84 150.21 148.59 146.98 145.39 143.81 142.25 140.71 139.17 137.66 136.15 134.66 133.19 131.73 130.28 128.85 127.43 126.03 124.64 123.27 121.91 120.56 119.23 117.91 116.60 115.31 114.03 112.77 111.52 110.28 109.06 107.85 106.66 105.50 104.36 103.25 102.17 101.11 100.09 99.09 98.14 97.20 96.28 95.36 94.46 93.58
195.15 193.40 191.67 189.96 188.26 186.56 184.87 183.18 181.51 179.87 178.26 176.69 175.18 173.73 172.34 170.97 169.59 168.17 166.72 165.23 163.72 162.18 160.60 158.99 157.34 155.67 154.00 152.34 150.70 149.06 147.45 145.85 144.26 142.68 141.13 139.58 138.05 136.53 135.03 133.54 132.06 130.60 129.15 127.71 126.29 124.89 123.49 122.11 120.74 119.39 118.05 116.72 115.41 114.11 112.82 111.55 110.29 109.04 107.82 106.61 105.43 104.28 103.15 102.05 100.98 99.94 98.93 97.96 97.01 96.07 95.14 94.23 93.32
195.04 193.32 191.61 189.92 188.22 186.52 184.83 183.14 181.48 179.86 178.26 176.72 175.23 173.81 172.45 171.12 169.77 168.39 166.97 165.53 164.05 162.55 161.01 159.43 157.83 156.19 154.52 152.86 151.20 149.56 147.93 146.32 144.72 143.13 141.56 140.00 138.46 136.92 135.41 133.90 132.41 130.93 129.46 128.01 126.57 125.15 123.73 122.33 120.95 119.57 118.21 116.86 115.53 114.20 112.89 111.59 110.31 109.05 107.80 106.58 105.38 104.21 103.07 101.95 100.86 99.81 98.79 97.80 96.83 95.88 94.94 94.01 93.09
194.98 193.28 191.59 189.90 188.19 186.49 184.79 183.11 181.46 179.84 178.27 176.74 175.28 173.88 172.55 171.26 169.94 168.59 167.21 165.80 164.36 162.89 161.39 159.86 158.29 156.69 155.05 153.39 151.73 150.07 148.44 146.81 145.20 143.60 142.02 140.44 138.88 137.34 135.80 134.28 132.77 131.28 129.79 128.32 126.87 125.42 123.99 122.57 121.16 119.77 118.38 117.01 115.65 114.31 112.97 111.65 110.35 109.07 107.81 106.57 105.36 104.17 103.01 101.87 100.77 99.70 98.66 97.66 96.68 95.71 94.75 93.81 92.88
194.98 193.29 191.60 189.88 188.17 186.46 184.76 183.09 181.44 179.83 178.27 176.76 175.32 173.95 172.65 171.39 170.10 168.78 167.44 166.06 164.66 163.22 161.75 160.25 158.72 157.16 155.56 153.93 152.27 150.61 148.96 147.32 145.70 144.09 142.49 140.90 139.33 137.77 136.22 134.68 133.15 131.64 130.14 128.65 127.18 125.71 124.26 122.82 121.39 119.98 118.57 117.18 115.80 114.43 113.07 111.73 110.41 109.11 107.83 106.58 105.35 104.14 102.96 101.82 100.70 99.61 98.56 97.54 96.54 95.56 94.59 93.63 92.68
195.03 193.33 191.61 189.89 188.16 186.44 184.74 183.07 181.43 179.83 178.28 176.78 175.36 174.01 172.74 171.51 170.25 168.97 167.65 166.31 164.94 163.53 162.10 160.63 159.14 157.61 156.04 154.45 152.82 151.16 149.50 147.85 146.22 144.59 142.98 141.38 139.79 138.21 136.65 135.09 133.55 132.02 130.51 129.00 127.50 126.02 124.55 123.09 121.64 120.20 118.78 117.36 115.96 114.57 113.19 111.83 110.49 109.18 107.88 106.61 105.36 104.14 102.94 101.78 100.64 99.54 98.47 97.44 96.43 95.43 94.44 93.47 92.51
195.11 193.39 191.65 189.91 188.17 186.44 184.73 183.06 181.42 179.82 178.29 176.81 175.40 174.08 172.83 171.63 170.40 169.15 167.86 166.55 165.20 163.83 162.43 161.00 159.53 158.03 156.50 154.94 153.35 151.72 150.06 148.40 146.75 145.11 143.49 141.87 140.27 138.68 137.10 135.53 133.97 132.42 130.89 129.36 127.85 126.35 124.85 123.37 121.90 120.45 119.00 117.56 116.13 114.72 113.33 111.95 110.59 109.26 107.94 106.65 105.39 104.15 102.94 101.76 100.61 99.49 98.41 97.36 96.33 95.32 94.32 93.33 92.35
195.22 193.47 191.71 189.94 188.19 186.45 184.74 183.06 181.42 179.83 178.30 176.84 175.45 174.14 172.92 171.75 170.55 169.32 168.06 166.78 165.46 164.12 162.75 161.34 159.91 158.44 156.95 155.42 153.85 152.26 150.63 148.97 147.31 145.66 144.02 142.39 140.77 139.16 137.57 135.98 134.40 132.84 131.29 129.74 128.21 126.69 125.18 123.68 122.18 120.70 119.23 117.77 116.33 114.90 113.48 112.09 110.71 109.36 108.03 106.72 105.44 104.18 102.96 101.76 100.59 99.46 98.36 97.29 96.26 95.23 94.21 93.20 92.21
195.35 193.57 191.79 190.00 188.23 186.48 184.76 183.08 181.44 179.85 178.33 176.87 175.50 174.21 173.02 171.86 170.69 169.49 168.26 167.00 165.71 164.40 163.05 161.68 160.27 158.84 157.37 155.87 154.34 152.77 151.17 149.54 147.88 146.22 144.56 142.92 141.29 139.67 138.05 136.45 134.86 133.28 131.70 130.14 128.59 127.05 125.52 123.99 122.48 120.98 119.49 118.01 116.54 115.09 113.66 112.25 110.85 109.48 108.13 106.81 105.51 104.24 102.99 101.78 100.60 99.45 98.33 97.25 96.20 95.15 94.12 93.10 92.09
195.51 193.70 191.89 190.09 188.30 186.53 184.80 183.11 181.47 179.88 178.37 176.92 175.56 174.29 173.12 171.99 170.83 169.65 168.45 167.22 165.96 164.67 163.35 162.00 160.62 159.21 157.78 156.31 154.80 153.27 151.70 150.10 148.46 146.80 145.13 143.47 141.83 140.19 138.56 136.94 135.33 133.73 132.14 130.56 128.99 127.43 125.87 124.33 122.80 121.27 119.76 118.26 116.78 115.31 113.86 112.43 111.01 109.62 108.26 106.91 105.60 104.31 103.05 101.82 100.62 99.45 98.32 97.23 96.16 95.10 94.05 93.01 91.99
195.70 193.86 192.02 190.20 188.39 186.61 184.86 183.16 181.52 179.93 178.42 176.98 175.63 174.38 173.22 172.11 170.98 169.83 168.64 167.43 166.20 164.93 163.64 162.32 160.96 159.58 158.17 156.73 155.25 153.75 152.21 150.63 149.03 147.39 145.72 144.05 142.38 140.73 139.08 137.45 135.82 134.20 132.59 130.99 129.40 127.82 126.25 124.69 123.13 121.59 120.05 118.53 117.03 115.54 114.07 112.62 111.19 109.78 108.40 107.04 105.71 104.40 103.12 101.87 100.66 99.48 98.33 97.22 96.13 95.06 94.00 92.94 91.91
195.93 194.05 192.19 190.33 188.50 186.71 184.95 183.24 181.59 180.00 178.49 177.06 175.72 174.47 173.34 172.25 171.14 170.00 168.84 167.65 166.44 165.20 163.93 162.63 161.30 159.94 158.55 157.14 155.69 154.21 152.69 151.15 149.57 147.96 146.31 144.64 142.96 141.29 139.63 137.98 136.33 134.70 133.07 131.45 129.84 128.24 126.64 125.06 123.48 121.92 120.37 118.83 117.30 115.80 114.31 112.84 111.39 109.96 108.56 107.18 105.83 104.51 103.21 101.95 100.72 99.52 98.36 97.23 96.13 95.04 93.96 92.89 91.84
196.19 194.28 192.38 190.50 188.65 186.83 185.06 183.34 181.68 180.09 178.58 177.15 175.82 174.59 173.46 172.39 171.30 170.19 169.04 167.88 166.68 165.46 164.21 162.93 161.63 160.29 158.93 157.54 156.11 154.66 153.17 151.65 150.10 148.51 146.89 145.24 143.56 141.87 140.20 138.52 136.86 135.21 133.56 131.92 130.29 128.67 127.06 125.45 123.85 122.27 120.70 119.14 117.59 116.07 114.56 113.07 111.61 110.16 108.74 107.34 105.98 104.63 103.32 102.04 100.80 99.58 98.40 97.26 96.14 95.04 93.94 92.86 91.79
196.49 194.54 192.61 190.70 188.83 186.99 185.20 183.46 181.79 180.20 178.68 177.26 175.93 174.71 173.61 172.55 171.48 170.38 169.25 168.11 166.93 165.73 164.50 163.24 161.96 160.64 159.30 157.93 156.53 155.09 153.63 152.13 150.61 149.05 147.45 145.83 144.17 142.48 140.78 139.09 137.41 135.74 134.07 132.42 130.77 129.12 127.49 125.86 124.24 122.64 121.05 119.47 117.90 116.36 114.83 113.33 111.84 110.38 108.94 107.52 106.14 104.78 103.45 102.15 100.89 99.66 98.46 97.30 96.17 95.05 93.94 92.84 91.76
196.83 194.85 192.88 190.94 189.04 187.18 185.37 183.62 181.94 180.34 178.82 177.39 176.07 174.86 173.77 172.72 171.67 170.58 169.48 168.34 167.18 166.00 164.79 163.55 162.28 160.99 159.67 158.32 156.93 155.52 154.08 152.61 151.10 149.57 148.00 146.39 144.76 143.09 141.39 139.68 137.98 136.29 134.61 132.93 131.26 129.59 127.94 126.29 124.65 123.03 121.41 119.82 118.23 116.67 115.12 113.60 112.09 110.61 109.15 107.72 106.32 104.94 103.60 102.28 101.00 99.75 98.54 97.37 96.22 95.08 93.96 92.84 91.74
197.22 195.19 193.19 191.22 189.28 187.40 185.57 183.80 182.11 180.50 178.98 177.55 176.23 175.03 173.94 172.92 171.87 170.80 169.71 168.59 167.45 166.28 165.08 163.86 162.61 161.34 160.03 158.70 157.34 155.95 154.52 153.07 151.59 150.07 148.52 146.94 145.33 143.68 142.00 140.29 138.58 136.87 135.16 133.46 131.77 130.09 128.41 126.74 125.08 123.43 121.80 120.18 118.58 117.00 115.43 113.88 112.36 110.86 109.39 107.94 106.52 105.12 103.76 102.43 101.13 99.87 98.64 97.45 96.29 95.13 93.99 92.86 91.75
197.65 195.58 193.54 191.53 189.57 187.66 185.81 184.02 182.32 180.69 179.16 177.74 176.42 175.22 174.14 173.13 172.09 171.04 169.96 168.85 167.72 166.57 165.39 164.18 162.95 161.69 160.40 159.08 157.74 156.37 154.96 153.53 152.06 150.57 149.04 147.48 145.89 144.26 142.60 140.91 139.19 137.46 135.74 134.02 132.30 130.59 128.89 127.20 125.53 123.86 122.20 120.57 118.94 117.34 115.76 114.19 112.65 111.13 109.64 108.17 106.73 105.32 103.94 102.59 101.28 100.00 98.75 97.55 96.37 95.20 94.04 92.90 91.76
198.12 196.01 193.93 191.89 189.90 187.96 186.08 184.28 182.56 180.92 179.38 177.95 176.63 175.44 174.37 173.36 172.34 171.29 170.22 169.13 168.01 166.87 165.70 164.51 163.29 162.05 160.77 159.47 158.14 156.78 155.40 153.98 152.53 151.06 149.55 148.01 146.43 144.83 143.19 141.52 139.81 138.07 136.33 134.59 132.85 131.12 129.40 127.69 125.99 124.30 122.63 120.97 119.33 117.70 116.10 114.52 112.96 111.42 109.91 108.42 106.96 105.54 104.14 102.77 101.44 100.15 98.88 97.66 96.47 95.28 94.11 92.95 91.80
198.65 196.50 194.37 192.30 190.27 188.30 186.40 184.57 182.83 181.18 179.64 178.20 176.88 175.68 174.62 173.62 172.61 171.57 170.51 169.43 168.32 167.19 166.03 164.85 163.64 162.41 161.15 159.86 158.55 157.20 155.83 154.43 153.00 151.54 150.05 148.52 146.97 145.38 143.76 142.11 140.42 138.69 136.94 135.18 133.42 131.67 129.92 128.19 126.47 124.76 123.07 121.39 119.73 118.08 116.46 114.86 113.28 111.72 110.19 108.69 107.21 105.77 104.35 102.97 101.62 100.31 99.03 97.79 96.58 95.38 94.19 93.02 91.85
199.23 197.03 194.87 192.75 190.68 188.68 186.76 184.91 183.15 181.48 179.92 178.48 177.15 175.96 174.90 173.91 172.90 171.87 170.82 169.74 168.64 167.52 166.37 165.20 164.01 162.78 161.54 160.26 158.96 157.63 156.27 154.88 153.46 152.02 150.54 149.03 147.49 145.92 144.32 142.68 141.01 139.30 137.56 135.78 134.00 132.23 130.47 128.71 126.97 125.24 123.53 121.83 120.14 118.48 116.84 115.22 113.62 112.04 110.49 108.97 107.48 106.02 104.58 103.18 101.82 100.49 99.20 97.94 96.71 95.50 94.29 93.10 91.92
199.87 197.62 195.41 193.25 191.15 189.12 187.16 185.29 183.50 181.82 180.25 178.79 177.46 176.27 175.21 174.22 173.22 172.20 171.15 170.08 168.99 167.87 166.74 165.57 164.38 163.17 161.93 160.67 159.38 158.06 156.71 155.33 153.93 152.50 151.03 149.54 148.01 146.46 144.87 143.24 141.58 139.89 138.16 136.40 134.61 132.81 131.03 129.25 127.49 125.74 124.00 122.28 120.58 118.90 117.23 115.59 113.98 112.38 110.81 109.27 107.76 106.28 104.83 103.41 102.03 100.69 99.38 98.10 96.86 95.63 94.41 93.20 92.00
200.56 198.26 196.00 193.80 191.67 189.60 187.61 185.71 183.90 182.20 180.62 179.15 177.81 176.61 175.56 174.57 173.57 172.55 171.51 170.44 169.36 168.25 167.12 165.96 164.78 163.57 162.34 161.09 159.80 158.49 157.16 155.79 154.40 152.97 151.52 150.04 148.53 146.99 145.41 143.79 142.14 140.46 138.74 136.99 135.21 133.41 131.60 129.81 128.02 126.25 124.49 122.75 121.03 119.33 117.65 115.99 114.35 112.74 111.15 109.59 108.06 106.56 105.10 103.66 102.26 100.90 99.57 98.28 97.02 95.78 94.54 93.31 92.10
201.31 198.96 196.66 194.41 192.23 190.13 188.11 186.18 184.35 182.63 181.03 179.55 178.20 177.00 175.94 174.95 173.96 172.94 171.90 170.84 169.75 168.65 167.52 166.37 165.19 163.99 162.77 161.52 160.24 158.94 157.61 156.26 154.87 153.46 152.02 150.55 149.04 147.51 145.93 144.33 142.69 141.01 139.31 137.57 135.81 134.01 132.20 130.38 128.57 126.78 125.00 123.24 121.50 119.78 118.07 116.39 114.74 113.11 111.50 109.93 108.38 106.86 105.38 103.92 102.51 101.13 99.78 98.48 97.20 95.94 94.69 93.44 92.21
202.13 199.72 197.37 195.08 192.86 190.72 188.66 186.70 184.85 183.10 181.48 179.99 178.63 177.42 176.36 175.37 174.38 173.36 172.32 171.26 170.18 169.07 167.95 166.80 165.63 164.43 163.21 161.97 160.70 159.40 158.08 156.73 155.35 153.95 152.52 151.05 149.55 148.02 146.45 144.85 143.22 141.56 139.86 138.14 136.38 134.60 132.79 130.97 129.14 127.33 125.53 123.75 121.98 120.24 118.52 116.82 115.14 113.49 111.87 110.28 108.71 107.17 105.67 104.20 102.77 101.37 100.01 98.69 97.40 96.12 94.85 93.59 92.34
203.01 200.55 198.14 195.81 193.54 191.36 189.27 187.28 185.40 183.63 181.98 180.47 179.11 177.89 176.82 175.83 174.83 173.81 172.77 171.71 170.63 169.53 168.41 167.26 166.09 164.90 163.68 162.44 161.17 159.88 158.56 157.22 155.85 154.45 153.02 151.56 150.06 148.53 146.97 145.37 143.74 142.09 140.40 138.68 136.94 135.17 133.38 131.56 129.72 127.89 126.07 124.27 122.49 120.72 118.98 117.26 115.57 113.90 112.25 110.64 109.06 107.50 105.98 104.50 103.04 101.63 100.25 98.92 97.61 96.31 95.02 93.75 92.49
203.96 201.44 198.98 196.59 194.28 192.06 189.93 187.91 186.00 184.20 182.54 181.01 179.63 178.40 177.32 176.33 175.33 174.31 173.26 172.20 171.12 170.02 168.89 167.74 166.58 165.38 164.17 162.93 161.66 160.37 159.06 157.72 156.35 154.96 153.53 152.06 150.57 149.03 147.47 145.88 144.26 142.61 140.93 139.22 137.49 135.73 133.95 132.14 130.31 128.47 126.63 124.81 123.00 121.22 119.46 117.72 116.01 114.32 112.65 111.02 109.42 107.85 106.31 104.80 103.34 101.90 100.51 99.16 97.83 96.52 95.22 93.92 92.64
204.97 202.40 199.89 197.45 195.09 192.82 190.66 188.60 186.65 184.83 183.14 181.60 180.20 178.96 177.88 176.88 175.87 174.84 173.80 172.73 171.64 170.54 169.41 168.26 167.09 165.90 164.68 163.44 162.18 160.89 159.58 158.24 156.87 155.47 154.04 152.57 151.07 149.54 147.98 146.39 144.77 143.12 141.44 139.74 138.02 136.27 134.50 132.70 130.89 129.05 127.20 125.36 123.54 121.73 119.95 118.19 116.46 114.75 113.07 111.42 109.80 108.21 106.65 105.13 103.64 102.19 100.78 99.41 98.07 96.74 95.42 94.11 92.82
206.06 203.43 200.86 198.37 195.96 193.65 191.44 189.35 187.37 185.52 183.80 182.24 180.82 179.56 178.47 177.47 176.45 175.42 174.37 173.30 172.21 171.09 169.96 168.81 167.64 166.44 165.22 163.98 162.72 161.43 160.11 158.77 157.40 155.99 154.55 153.08 151.58 150.04 148.48 146.89 145.27 143.62 141.95 140.26 138.54 136.80 135.03 133.25 131.45 129.62 127.78 125.93 124.09 122.26 120.46 118.68 116.93 115.20 113.50 111.83 110.19 108.58 107.01 105.47 103.96 102.50 101.07 99.68 98.32 96.98 95.64 94.32 93.00
207.23 204.53 201.90 199.36 196.90 194.54 192.29 190.16 188.14 186.26 184.52 182.93 181.49 180.22 179.12 178.11 177.08 176.04 174.98 173.90 172.81 171.69 170.55 169.40 168.22 167.02 165.79 164.55 163.28 161.99 160.67 159.32 157.94 156.52 155.07 153.60 152.09 150.55 148.98 147.39 145.77 144.13 142.46 140.77 139.05 137.32 135.56 133.78 131.99 130.18 128.35 126.50 124.65 122.81 120.98 119.19 117.41 115.67 113.95 112.26 110.60 108.97 107.38 105.82 104.30 102.82 101.37 99.97 98.59 97.23 95.88 94.53 93.21
208.47 205.70 203.02 200.42 197.91 195.50 193.21 191.03 188.98 187.07 185.30 183.68 182.23 180.94 179.83 178.80 177.77 176.71 175.65 174.56 173.45 172.33 171.18 170.02 168.83 167.63 166.40 165.15 163.88 162.58 161.25 159.89 158.49 157.06 155.61 154.12 152.60 151.06 149.49 147.89 146.27 144.63 142.96 141.27 139.56 137.82 136.07 134.31 132.52 130.72 128.90 127.06 125.22 123.36 121.52 119.70 117.91 116.15 114.41 112.70 111.02 109.38 107.77 106.19 104.65 103.15 101.69 100.27 98.88 97.49 96.12 94.77 93.42
209.75 206.96 204.21 201.55 198.99 196.53 194.19 191.97 189.89 187.94 186.14 184.50 183.02 181.71 180.58 179.55 178.50 177.44 176.36 175.26 174.14 173.01 171.85 170.68 169.49 168.27 167.04 165.78 164.50 163.19 161.84 160.46 159.06 157.62 156.15 154.65 153.13 151.58 150.00 148.40 146.77 145.13 143.46 141.77 140.06 138.33 136.58 134.82 133.04 131.24 129.43 127.61 125.77 123.93 122.08 120.24 118.43 116.64 114.88 113.15 111.46 109.80 108.17 106.57 105.02 103.50 102.02 100.58 99.17 97.77 96.39 95.01 93.65
210.98 208.25 205.48 202.76 200.15 197.64 195.25 192.99 190.86 188.88 187.05 185.37 183.87 182.54 181.40 180.35 179.29 178.21 177.12 176.01 174.88 173.73 172.57 171.39 170.18 168.96 167.71 166.45 165.15 163.82 162.45 161.06 159.64 158.18 156.70 155.19 153.66 152.10 150.51 148.91 147.28 145.63 143.95 142.26 140.55 138.82 137.08 135.32 133.54 131.75 129.95 128.14 126.31 124.48 122.63 120.79 118.95 117.15 115.37 113.63 111.91 110.23 108.58 106.97 105.39 103.86 102.36 100.91 99.48 98.07 96.66 95.27 93.89
