data_output/RCH/Precip_1995_02.asc
ncols        168
nrows        136
xllcorner    455000
yllcorner    2107000
cellsize     500
NODATA_value     -99999
[rows 36 to 71 of 136, columns 82 to 163 of 168]
3.07 3.07 3.07 3.08 3.09 3.10 3.12 3.14 3.17 3.21 3.26 3.33 3.46 3.65 3.91 4.21 4.58 5.00 5.47 5.99 6.56 7.18 7.84 8.55 9.29 10.05 10.82 11.60 12.37 13.15 13.92 14.70 15.47 16.23 17.00 17.75 18.50 19.23 19.96 20.68 21.38 22.07 22.74 23.39 24.03 24.65 25.25 25.82 26.38 26.90 27.41 27.88 28.33 28.75 29.13 29.49 29.81 30.10 30.35 30.57 30.74 30.88 30.98 31.05 31.09 31.10 31.08 31.03 30.94 30.82 30.68 30.49 30.28 30.03 29.74 29.43 29.10 28.75 28.39 28.02 27.63 27.24
3.03 3.02 3.01 3.01 3.01 3.01 3.02 3.03 3.06 3.09 3.13 3.19 3.32 3.50 3.74 4.04 4.40 4.81 5.27 5.78 6.34 6.95 7.60 8.29 9.02 9.79 10.57 11.36 12.15 12.94 13.73 14.52 15.31 16.09 16.86 17.63 18.39 19.13 19.87 20.60 21.31 22.00 22.68 23.34 23.99 24.61 25.21 25.79 26.35 26.88 27.39 27.86 28.31 28.73 29.12 29.47 29.79 30.07 30.32 30.53 30.71 30.84 30.95 31.03 31.07 31.09 31.07 31.02 30.94 30.82 30.68 30.50 30.29 30.04 29.76 29.44 29.11 28.77 28.41 28.04 27.65 27.26
2.98 2.96 2.94 2.92 2.91 2.91 2.91 2.92 2.93 2.96 2.99 3.05 3.17 3.34 3.58 3.87 4.22 4.61 5.07 5.57 6.11 6.71 7.34 8.02 8.74 9.50 10.29 11.09 11.90 12.71 13.51 14.32 15.12 15.91 16.70 17.47 18.24 19.00 19.75 20.48 21.20 21.91 22.59 23.26 23.91 24.54 25.15 25.73 26.29 26.83 27.33 27.81 28.26 28.68 29.07 29.42 29.74 30.02 30.27 30.47 30.65 30.79 30.90 30.98 31.03 31.05 31.04 30.99 30.91 30.80 30.66 30.48 30.27 30.03 29.75 29.44 29.11 28.76 28.41 28.04 27.66 27.26
2.91 2.88 2.85 2.83 2.81 2.80 2.79 2.79 2.80 2.82 2.84 2.90 3.01 3.18 3.40 3.69 4.02 4.42 4.86 5.35 5.88 6.47 7.09 7.76 8.46 9.20 9.98 10.79 11.62 12.44 13.26 14.08 14.89 15.70 16.50 17.29 18.07 18.84 19.60 20.34 21.07 21.78 22.47 23.15 23.81 24.44 25.05 25.64 26.21 26.74 27.25 27.73 28.18 28.60 28.99 29.34 29.66 29.94 30.18 30.39 30.57 30.71 30.83 30.92 30.97 30.99 30.99 30.94 30.87 30.76 30.62 30.45 30.24 30.00 29.72 29.41 29.08 28.74 28.38 28.01 27.63 27.24
2.84 2.80 2.76 2.73 2.70 2.68 2.66 2.66 2.66 2.67 2.69 2.74 2.84 3.00 3.22 3.50 3.83 4.21 4.64 5.12 5.65 6.22 6.83 7.49 8.18 8.91 9.68 10.47 11.30 12.14 12.98 13.81 14.64 15.46 16.27 17.07 17.86 18.65 19.41 20.17 20.90 21.62 22.33 23.01 23.67 24.31 24.93 25.52 26.09 26.63 27.14 27.62 28.07 28.49 28.88 29.23 29.55 29.83 30.07 30.28 30.47 30.62 30.74 30.83 30.89 30.92 30.92 30.88 30.81 30.70 30.57 30.40 30.19 29.95 29.67 29.37 29.04 28.70 28.34 27.97 27.59 27.21
2.75 2.70 2.65 2.61 2.58 2.55 2.53 2.51 2.51 2.52 2.53 2.57 2.67 2.83 3.04 3.31 3.63 4.01 4.43 4.90 5.42 5.98 6.58 7.22 7.90 8.62 9.37 10.16 10.97 11.81 12.66 13.51 14.35 15.19 16.01 16.83 17.63 18.42 19.20 19.96 20.71 21.44 22.15 22.84 23.51 24.16 24.78 25.38 25.95 26.49 27.00 27.49 27.94 28.36 28.75 29.10 29.41 29.69 29.94 30.16 30.35 30.51 30.64 30.73 30.80 30.83 30.83 30.80 30.73 30.63 30.49 30.32 30.12 29.88 29.61 29.30 28.97 28.63 28.28 27.91 27.54 27.15
2.65 2.59 2.54 2.49 2.45 2.41 2.38 2.37 2.36 2.36 2.37 2.40 2.50 2.65 2.85 3.12 3.43 3.80 4.21 4.67 5.18 5.73 6.32 6.95 7.62 8.33 9.07 9.84 10.64 11.47 12.33 13.19 14.04 14.89 15.73 16.56 17.37 18.18 18.96 19.74 20.49 21.23 21.95 22.65 23.32 23.97 24.60 25.20 25.78 26.33 26.84 27.33 27.78 28.20 28.59 28.94 29.26 29.54 29.80 30.03 30.22 30.38 30.52 30.62 30.69 30.72 30.73 30.69 30.63 30.53 30.40 30.23 30.03 29.80 29.52 29.22 28.89 28.55 28.20 27.84 27.46 27.07
2.54 2.48 2.42 2.36 2.31 2.27 2.23 2.21 2.19 2.19 2.20 2.23 2.32 2.46 2.66 2.92 3.23 3.59 3.99 4.45 4.94 5.49 6.07 6.69 7.35 8.04 8.77 9.53 10.32 11.13 11.97 12.84 13.71 14.57 15.42 16.26 17.09 17.90 18.70 19.49 20.25 21.00 21.72 22.43 23.11 23.77 24.40 25.01 25.59 26.14 26.66 27.14 27.60 28.02 28.41 28.76 29.08 29.38 29.64 29.87 30.07 30.24 30.38 30.48 30.56 30.60 30.60 30.58 30.52 30.42 30.29 30.13 29.93 29.69 29.42 29.12 28.79 28.46 28.10 27.74 27.36 26.98
2.43 2.35 2.28 2.22 2.16 2.12 2.08 2.05 2.03 2.02 2.02 2.05 2.13 2.27 2.47 2.72 3.02 3.37 3.77 4.22 4.71 5.24 5.81 6.42 7.07 7.76 8.47 9.22 9.99 10.80 11.63 12.48 13.35 14.22 15.09 15.94 16.78 17.61 18.42 19.21 19.98 20.74 21.47 22.19 22.87 23.54 24.18 24.79 25.37 25.93 26.45 26.94 27.40 27.82 28.21 28.57 28.90 29.20 29.47 29.70 29.91 30.08 30.23 30.34 30.41 30.46 30.47 30.44 30.39 30.30 30.17 30.01 29.81 29.58 29.31 29.00 28.68 28.34 27.99 27.63 27.25 26.87
2.30 2.22 2.14 2.07 2.01 1.96 1.91 1.88 1.86 1.84 1.84 1.87 1.95 2.08 2.27 2.52 2.81 3.16 3.55 3.99 4.47 5.00 5.56 6.16 6.80 7.47 8.18 8.91 9.68 10.47 11.28 12.12 12.98 13.86 14.73 15.60 16.45 17.29 18.11 18.91 19.70 20.46 21.20 21.92 22.62 23.29 23.93 24.55 25.14 25.69 26.22 26.71 27.17 27.60 28.00 28.36 28.70 29.00 29.28 29.52 29.73 29.91 30.06 30.17 30.26 30.30 30.32 30.30 30.24 30.15 30.03 29.87 29.67 29.44 29.17 28.87 28.55 28.21 27.86 27.50 27.12 26.74
2.17 2.08 2.00 1.92 1.85 1.80 1.75 1.71 1.68 1.66 1.66 1.68 1.76 1.89 2.08 2.32 2.61 2.95 3.33 3.76 4.24 4.76 5.31 5.90 6.53 7.19 7.89 8.61 9.36 10.14 10.94 11.77 12.62 13.48 14.36 15.24 16.10 16.95 17.78 18.59 19.39 20.16 20.91 21.64 22.34 23.02 23.67 24.29 24.88 25.44 25.97 26.47 26.93 27.37 27.77 28.14 28.49 28.80 29.08 29.33 29.54 29.73 29.88 30.00 30.08 30.13 30.15 30.14 30.08 30.00 29.88 29.72 29.52 29.29 29.03 28.72 28.40 28.07 27.72 27.36 26.98 26.60
2.02 1.93 1.84 1.76 1.69 1.63 1.57 1.53 1.50 1.48 1.47 1.49 1.57 1.70 1.88 2.12 2.40 2.74 3.12 3.54 4.01 4.52 5.06 5.65 6.27 6.92 7.60 8.32 9.06 9.82 10.61 11.43 12.26 13.11 13.98 14.85 15.73 16.59 17.43 18.26 19.06 19.84 20.60 21.34 22.05 22.73 23.39 24.01 24.61 25.18 25.71 26.21 26.68 27.12 27.53 27.91 28.26 28.58 28.86 29.12 29.34 29.53 29.68 29.81 29.90 29.95 29.97 29.96 29.91 29.83 29.71 29.55 29.36 29.13 28.86 28.56 28.24 27.91 27.56 27.20 26.82 26.44
1.88 1.78 1.68 1.60 1.52 1.46 1.40 1.35 1.32 1.30 1.29 1.31 1.38 1.50 1.68 1.91 2.20 2.52 2.90 3.32 3.78 4.28 4.82 5.40 6.01 6.65 7.32 8.03 8.76 9.51 10.29 11.09 11.91 12.75 13.60 14.47 15.34 16.21 17.07 17.90 18.72 19.51 20.28 21.02 21.74 22.43 23.09 23.72 24.32 24.89 25.43 25.94 26.41 26.86 27.28 27.67 28.02 28.35 28.64 28.90 29.12 29.32 29.48 29.61 29.70 29.76 29.78 29.77 29.73 29.64 29.53 29.37 29.18 28.96 28.69 28.39 28.07 27.73 27.39 27.03 26.65 26.27
1.72 1.62 1.52 1.43 1.35 1.28 1.22 1.17 1.13 1.11 1.10 1.12 1.19 1.31 1.49 1.71 1.99 2.32 2.69 3.10 3.55 4.05 4.58 5.15 5.75 6.39 7.05 7.75 8.47 9.21 9.98 10.76 11.57 12.40 13.24 14.09 14.95 15.82 16.69 17.53 18.36 19.16 19.93 20.68 21.41 22.11 22.77 23.41 24.02 24.59 25.14 25.65 26.14 26.59 27.02 27.41 27.77 28.10 28.40 28.66 28.90 29.10 29.26 29.39 29.49 29.55 29.58 29.57 29.53 29.45 29.33 29.18 28.99 28.77 28.50 28.20 27.88 27.55 27.20 26.84 26.47 26.08
1.56 1.45 1.35 1.26 1.17 1.10 1.04 0.99 0.95 0.92 0.91 0.93 0.99 1.12 1.29 1.52 1.79 2.11 2.48 2.88 3.33 3.82 4.35 4.91 5.50 6.13 6.79 7.47 8.18 8.91 9.67 10.45 11.24 12.05 12.88 13.72 14.57 15.43 16.29 17.15 17.98 18.79 19.58 20.34 21.07 21.77 22.45 23.09 23.70 24.29 24.84 25.36 25.85 26.32 26.75 27.15 27.51 27.85 28.15 28.42 28.66 28.86 29.03 29.17 29.27 29.33 29.37 29.36 29.32 29.24 29.13 28.98 28.79 28.57 28.30 28.01 27.69 27.35 27.00 26.64 26.27 25.89
1.40 1.28 1.18 1.08 1.00 0.92 0.85 0.80 0.76 0.73 0.72 0.74 0.80 0.93 1.10 1.32 1.59 1.91 2.27 2.67 3.12 3.60 4.12 4.67 5.26 5.88 6.53 7.20 7.90 8.63 9.37 10.14 10.92 11.72 12.54 13.36 14.20 15.05 15.90 16.75 17.59 18.41 19.21 19.98 20.72 21.43 22.11 22.76 23.38 23.97 24.53 25.06 25.56 26.03 26.47 26.87 27.25 27.59 27.90 28.17 28.41 28.62 28.79 28.93 29.04 29.11 29.14 29.14 29.10 29.03 28.91 28.77 28.58 28.36 28.09 27.80 27.48 27.14 26.79 26.43 26.06 25.68
1.23 1.11 1.00 0.90 0.81 0.74 0.67 0.61 0.57 0.55 0.53 0.55 0.62 0.74 0.91 1.13 1.40 1.71 2.07 2.47 2.91 3.38 3.90 4.45 5.03 5.64 6.28 6.95 7.64 8.35 9.09 9.84 10.62 11.40 12.21 13.02 13.84 14.68 15.51 16.35 17.20 18.03 18.83 19.60 20.35 21.07 21.76 22.42 23.05 23.64 24.21 24.75 25.26 25.73 26.18 26.59 26.97 27.32 27.63 27.91 28.16 28.37 28.55 28.69 28.80 28.87 28.91 28.91 28.87 28.80 28.69 28.54 28.36 28.13 27.87 27.58 27.26 26.92 26.58 26.21 25.84 25.46
1.06 0.94 0.83 0.72 0.63 0.55 0.48 0.43 0.39 0.36 0.35 0.36 0.43 0.55 0.72 0.94 1.20 1.51 1.87 2.27 2.70 3.17 3.68 4.22 4.80 5.40 6.04 6.70 7.38 8.09 8.81 9.56 10.32 11.10 11.89 12.69 13.50 14.32 15.14 15.97 16.80 17.63 18.44 19.22 19.98 20.71 21.40 22.07 22.71 23.31 23.89 24.43 24.95 25.43 25.88 26.30 26.68 27.04 27.35 27.64 27.89 28.11 28.29 28.44 28.55 28.62 28.66 28.67 28.63 28.56 28.46 28.31 28.13 27.90 27.64 27.35 27.03 26.69 26.35 25.99 25.61 25.23
0.88 0.76 0.65 0.54 0.45 0.37 0.30 0.24 0.20 0.17 0.16 0.18 0.25 0.37 0.53 0.75 1.02 1.33 1.68 2.07 2.50 2.97 3.47 4.01 4.58 5.18 5.81 6.46 7.13 7.83 8.55 9.28 10.04 10.80 11.58 12.37 13.17 13.98 14.79 15.60 16.42 17.23 18.04 18.84 19.60 20.33 21.04 21.71 22.36 22.97 23.56 24.11 24.63 25.12 25.58 26.00 26.39 26.75 27.07 27.36 27.62 27.84 28.03 28.18 28.29 28.37 28.41 28.42 28.39 28.32 28.21 28.07 27.89 27.66 27.40 27.11 26.79 26.45 26.11 25.75 25.37 24.99
0.71 0.58 0.47 0.36 0.26 0.18 0.11 0.06 0.02 0.00 0.00 0.00 0.07 0.19 0.36 0.57 0.84 1.14 1.49 1.88 2.31 2.78 3.28 3.81 4.37 4.96 5.58 6.23 6.90 7.59 8.30 9.02 9.77 10.52 11.29 12.07 12.86 13.65 14.45 15.25 16.05 16.85 17.65 18.44 19.21 19.96 20.67 21.35 22.01 22.63 23.22 23.78 24.31 24.80 25.27 25.70 26.09 26.46 26.78 27.08 27.34 27.56 27.75 27.91 28.03 28.11 28.15 28.16 28.13 28.07 27.96 27.82 27.64 27.42 27.16 26.86 26.54 26.21 25.86 25.50 25.13 24.74
0.53 0.40 0.28 0.18 0.08 0.00 0.00 0.00 0.00 0.00 0.00 0.00 0.00 0.01 0.18 0.40 0.66 0.97 1.31 1.70 2.13 2.59 3.09 3.61 4.17 4.76 5.37 6.01 6.67 7.36 8.06 8.78 9.51 10.26 11.02 11.78 12.56 13.34 14.13 14.92 15.71 16.49 17.27 18.05 18.82 19.58 20.30 20.99 21.65 22.28 22.88 23.44 23.98 24.48 24.95 25.39 25.79 26.16 26.49 26.79 27.05 27.28 27.48 27.63 27.76 27.84 27.89 27.90 27.87 27.81 27.70 27.56 27.38 27.16 26.90 26.61 26.29 25.95 25.61 25.24 24.87 24.49
0.35 0.22 0.10 0.00 0.00 0.00 0.00 0.00 0.00 0.00 0.00 0.00 0.00 0.00 0.01 0.23 0.49 0.80 1.14 1.53 1.95 2.41 2.91 3.43 3.98 4.57 5.17 5.81 6.46 7.14 7.83 8.54 9.27 10.01 10.75 11.51 12.28 13.05 13.82 14.60 15.38 16.15 16.92 17.68 18.44 19.19 19.92 20.62 21.29 21.93 22.53 23.10 23.65 24.15 24.63 25.07 25.48 25.85 26.19 26.49 26.76 27.00 27.19 27.36 27.48 27.57 27.62 27.63 27.61 27.54 27.44 27.30 27.12 26.90 26.64 26.34 26.03 25.69 25.34 24.98 24.61 24.22
0.17 0.04 0.00 0.00 0.00 0.00 0.00 0.00 0.00 0.00 0.00 0.00 0.00 0.00 0.00 0.07 0.33 0.64 0.98 1.37 1.79 2.25 2.73 3.26 3.81 4.38 4.99 5.61 6.26 6.93 7.62 8.32 9.04 9.77 10.51 11.26 12.01 12.77 13.54 14.30 15.06 15.82 16.58 17.33 18.07 18.81 19.54 20.25 20.92 21.57 22.18 22.76 23.31 23.82 24.30 24.75 25.16 25.54 25.89 26.19 26.47 26.70 26.91 27.07 27.20 27.29 27.34 27.36 27.33 27.27 27.17 27.03 26.85 26.63 26.37 26.08 25.76 25.42 25.08 24.71 24.34 23.95
0.00 0.00 0.00 0.00 0.00 0.00 0.00 0.00 0.00 0.00 0.00 0.00 0.00 0.00 0.00 0.00 0.18 0.48 0.83 1.21 1.63 2.09 2.58 3.09 3.64 4.21 4.81 5.44 6.08 6.74 7.42 8.12 8.83 9.55 10.28 11.02 11.77 12.52 13.27 14.02 14.77 15.52 16.26 17.00 17.73 18.45 19.17 19.87 20.56 21.21 21.83 22.41 22.97 23.49 23.98 24.43 24.85 25.23 25.58 25.89 26.17 26.41 26.61 26.78 26.91 27.01 27.06 27.08 27.06 27.00 26.90 26.76 26.58 26.36 26.10 25.80 25.49 25.15 24.80 24.44 24.06 23.68
0.00 0.00 0.00 0.00 0.00 0.00 0.00 0.00 0.00 0.00 0.00 0.00 0.00 0.00 0.00 0.00 0.03 0.34 0.69 1.07 1.49 1.94 2.43 2.94 3.49 4.06 4.65 5.27 5.91 6.57 7.24 7.93 8.63 9.35 10.07 10.80 11.54 12.28 13.02 13.76 14.49 15.23 15.96 16.68 17.40 18.11 18.81 19.51 20.19 20.84 21.47 22.06 22.63 23.15 23.64 24.10 24.53 24.91 25.27 25.58 25.87 26.11 26.32 26.49 26.62 26.72 26.78 26.80 26.78 26.72 26.62 26.48 26.30 26.09 25.83 25.53 25.21 24.87 24.52 24.16 23.78 23.40
0.00 0.00 0.00 0.00 0.00 0.00 0.00 0.00 0.00 0.00 0.00 0.00 0.00 0.00 0.00 0.00 0.00 0.21 0.55 0.94 1.36 1.81 2.29 2.81 3.35 3.91 4.51 5.12 5.75 6.41 7.07 7.76 8.45 9.16 9.87 10.60 11.32 12.05 12.78 13.51 14.24 14.96 15.67 16.39 17.09 17.79 18.48 19.16 19.83 20.48 21.11 21.71 22.28 22.81 23.31 23.77 24.20 24.60 24.95 25.28 25.56 25.81 26.02 26.20 26.33 26.43 26.49 26.51 26.49 26.44 26.34 26.20 26.02 25.81 25.55 25.25 24.93 24.59 24.24 23.88 23.50 23.11
0.00 0.00 0.00 0.00 0.00 0.00 0.00 0.00 0.00 0.00 0.00 0.00 0.00 0.00 0.00 0.00 0.00 0.08 0.43 0.81 1.23 1.69 2.17 2.68 3.22 3.79 4.37 4.98 5.61 6.26 6.92 7.60 8.29 8.99 9.70 10.41 11.13 11.85 12.57 13.28 14.00 14.70 15.41 16.11 16.80 17.48 18.16 18.83 19.48 20.13 20.76 21.36 21.94 22.47 22.98 23.45 23.88 24.28 24.64 24.97 25.25 25.51 25.72 25.90 26.04 26.14 26.20 26.22 26.21 26.15 26.05 25.92 25.74 25.52 25.26 24.96 24.64 24.31 23.96 23.59 23.21 22.82
0.00 0.00 0.00 0.00 0.00 0.00 0.00 0.00 0.00 0.00 0.00 0.00 0.00 0.00 0.00 0.00 0.00 0.00 0.32 0.71 1.12 1.58 2.06 2.57 3.11 3.67 4.26 4.86 5.49 6.13 6.79 7.46 8.15 8.84 9.54 10.25 10.96 11.66 12.37 13.07 13.77 14.47 15.16 15.85 16.53 17.20 17.86 18.52 19.16 19.79 20.41 21.01 21.59 22.13 22.64 23.12 23.56 23.96 24.32 24.65 24.95 25.20 25.42 25.60 25.74 25.85 25.91 25.93 25.92 25.86 25.77 25.63 25.46 25.24 24.98 24.68 24.36 24.02 23.67 23.30 22.92 22.53
0.00 0.00 0.00 0.00 0.00 0.00 0.00 0.00 0.00 0.00 0.00 0.00 0.00 0.00 0.00 0.00 0.00 0.00 0.22 0.61 1.03 1.48 1.96 2.47 3.01 3.57 4.16 4.76 5.38 6.02 6.68 7.34 8.02 8.71 9.40 10.10 10.80 11.49 12.19 12.88 13.57 14.25 14.93 15.61 16.27 16.93 17.58 18.22 18.85 19.47 20.08 20.67 21.24 21.79 22.31 22.79 23.23 23.64 24.01 24.34 24.64 24.90 25.12 25.30 25.45 25.55 25.62 25.64 25.63 25.58 25.48 25.35 25.17 24.95 24.69 24.39 24.07 23.73 23.38 23.01 22.63 22.24
0.00 0.00 0.00 0.00 0.00 0.00 0.00 0.00 0.00 0.00 0.00 0.00 0.00 0.00 0.00 0.00 0.00 0.00 0.14 0.53 0.95 1.40 1.88 2.39 2.93 3.49 4.07 4.67 5.29 5.93 6.58 7.24 7.92 8.60 9.28 9.97 10.65 11.34 12.02 12.70 13.38 14.05 14.72 15.38 16.04 16.69 17.32 17.95 18.57 19.18 19.77 20.35 20.91 21.46 21.98 22.46 22.91 23.32 23.69 24.03 24.33 24.59 24.82 25.00 25.15 25.26 25.33 25.35 25.34 25.29 25.20 25.06 24.88 24.66 24.40 24.10 23.78 23.44 23.09 22.72 22.34 21.95
0.00 0.00 0.00 0.00 0.00 0.00 0.00 0.00 0.00 0.00 0.00 0.00 0.00 0.00 0.00 0.00 0.00 0.00 0.06 0.46 0.88 1.33 1.82 2.33 2.87 3.42 4.01 4.61 5.22 5.86 6.50 7.16 7.83 8.50 9.17 9.85 10.52 11.20 11.87 12.54 13.21 13.87 14.53 15.18 15.82 16.46 17.08 17.70 18.30 18.90 19.48 20.04 20.59 21.13 21.65 22.13 22.59 23.00 23.38 23.72 24.03 24.29 24.52 24.71 24.86 24.97 25.04 25.06 25.05 25.00 24.91 24.77 24.60 24.38 24.12 23.82 23.49 23.15 22.80 22.43 22.05 21.65
0.00 0.00 0.00 0.00 0.00 0.00 0.00 0.00 0.00 0.00 0.00 0.00 0.00 0.00 0.00 0.00 0.00 0.00 0.01 0.40 0.83 1.28 1.77 2.28 2.82 3.38 3.96 4.56 5.17 5.80 6.45 7.10 7.76 8.42 9.08 9.75 10.41 11.08 11.74 12.40 13.05 13.71 14.35 14.99 15.62 16.25 16.86 17.47 18.06 18.64 19.21 19.76 20.30 20.82 21.33 21.81 22.27 22.69 23.07 23.42 23.72 23.99 24.22 24.41 24.56 24.67 24.75 24.78 24.77 24.72 24.62 24.49 24.31 24.09 23.83 23.53 23.20 22.86 22.51 22.14 21.75 21.36
0.00 0.00 0.00 0.00 0.00 0.00 0.00 0.00 0.00 0.00 0.00 0.00 0.00 0.00 0.00 0.00 0.00 0.00 0.00 0.36 0.79 1.25 1.74 2.25 2.79 3.35 3.93 4.53 5.14 5.77 6.41 7.05 7.70 8.35 9.01 9.66 10.32 10.97 11.62 12.27 12.92 13.56 14.19 14.82 15.44 16.06 16.66 17.25 17.83 18.40 18.96 19.50 20.02 20.53 21.02 21.50 21.95 22.38 22.76 23.11 23.42 23.69 23.93 24.12 24.27 24.39 24.46 24.49 24.48 24.43 24.34 24.21 24.03 23.81 23.55 23.24 22.92 22.57 22.22 21.85 21.46 21.06
0.00 0.00 0.00 0.00 0.00 0.00 0.00 0.00 0.00 0.00 0.00 0.00 0.00 0.00 0.00 0.00 0.00 0.00 0.00 0.34 0.77 1.23 1.72 2.24 2.78 3.34 3.92 4.51 5.13 5.75 6.38 7.02 7.66 8.30 8.95 9.59 10.24 10.88 11.52 12.16 12.80 13.43 14.05 14.67 15.28 15.88 16.47 17.06 17.62 18.18 18.73 19.25 19.77 20.27 20.74 21.21 21.65 22.07 22.46 22.81 23.12 23.40 23.63 23.83 23.99 24.10 24.18 24.21 24.20 24.15 24.06 23.92 23.75 23.53 23.26 22.96 22.63 22.29 21.93 21.56 21.17 20.77
0.00 0.00 0.00 0.00 0.00 0.00 0.00 0.00 0.00 0.00 0.00 0.00 0.00 0.00 0.00 0.00 0.00 0.00 0.00 0.33 0.77 1.23 1.73 2.24 2.78 3.34 3.92 4.52 5.13 5.75 6.37 7.00 7.63 8.26 8.90 9.54 10.17 10.81 11.44 12.07 12.69 13.31 13.93 14.54 15.14 15.73 16.31 16.88 17.44 17.98 18.51 19.03 19.53 20.02 20.49 20.93 21.36 21.77 22.16 22.51 22.83 23.11 23.35 23.54 23.70 23.82 23.89 23.93 23.92 23.87 23.78 23.65 23.47 23.25 22.98 22.68 22.35 22.00 21.64 21.27 20.88 20.48
0.00 0.00 0.00 0.00 0.00 0.00 0.00 0.00 0.00 0.00 0.00 0.00 0.00 0.00 0.00 0.00 0.00 0.00 0.00 0.34 0.78 1.25 1.75 2.27 2.81 3.37 3.95 4.55 5.15 5.76 6.37 6.99 7.62 8.24 8.87 9.50 10.12 10.75 11.37 11.99 12.61 13.22 13.82 14.42 15.01 15.59 16.16 16.72 17.27 17.80 18.32 18.83 19.32 19.79 20.25 20.68 21.10 21.50 21.87 22.22 22.54 22.82 23.06 23.26 23.42 23.54 23.62 23.65 23.65 23.60 23.51 23.37 23.20 22.97 22.71 22.40 22.07 21.72 21.36 20.99 20.60 20.20
