data_output/RCH/Precip_1989_06.asc
ncols        168
nrows        136
xllcorner    455000
yllcorner    2107000
cellsize     500
NODATA_value     -99999
[rows 96 to 127 of 136, columns 72 to 143 of 168]
168.73 168.73 168.70 168.63 168.52 168.37 168.20 168.04 167.92 167.84 167.82 167.89 168.05 168.33 168.64 168.89 169.09 169.24 169.32 169.35 169.33 169.25 169.06 168.71 168.17 167.45 166.57 165.54 164.35 163.02 161.56 159.96 158.26 156.44 154.52 152.50 150.40 148.22 145.97 143.65 141.28 138.87 136.42 133.93 131.43 128.90 126.38 123.85 121.33 118.83 116.36 113.91 111.51 109.16 106.87 104.64 102.48 100.40 98.42 96.53 94.74 93.07 91.52 90.09 88.81 87.67 86.68 85.87 85.38 85.28 85.63 86.44
166.63 166.49 166.32 166.10 165.84 165.56 165.29 165.03 164.82 164.67 164.59 164.60 164.73 164.98 165.26 165.50 165.67 165.79 165.86 165.87 165.82 165.72 165.57 165.31 164.88 164.28 163.51 162.58 161.49 160.27 158.90 157.40 155.79 154.06 152.23 150.29 148.27 146.17 144.00 141.76 139.46 137.12 134.73 132.31 129.86 127.40 124.93 122.45 119.99 117.53 115.10 112.70 110.34 108.03 105.77 103.57 101.44 99.39 97.43 95.56 93.79 92.13 90.59 89.18 87.90 86.76 85.80 85.12 84.82 84.93 85.48 86.50
164.60 164.32 163.99 163.62 163.23 162.83 162.45 162.10 161.81 161.58 161.44 161.40 161.49 161.71 161.97 162.18 162.34 162.44 162.48 162.47 162.41 162.29 162.12 161.89 161.56 161.07 160.40 159.58 158.60 157.47 156.20 154.80 153.28 151.64 149.89 148.05 146.11 144.09 141.99 139.82 137.60 135.32 133.00 130.64 128.25 125.85 123.43 121.01 118.59 116.19 113.80 111.44 109.12 106.84 104.61 102.45 100.35 98.32 96.38 94.53 92.78 91.14 89.62 88.21 86.94 85.83 84.98 84.49 84.37 84.67 85.42 86.63
162.67 162.23 161.74 161.23 160.71 160.19 159.71 159.26 158.89 158.59 158.39 158.30 158.35 158.54 158.79 158.98 159.12 159.20 159.22 159.19 159.11 158.97 158.78 158.53 158.23 157.84 157.28 156.56 155.68 154.66 153.48 152.18 150.75 149.20 147.54 145.78 143.92 141.98 139.95 137.86 135.71 133.50 131.24 128.95 126.62 124.28 121.91 119.54 117.18 114.82 112.47 110.16 107.87 105.63 103.44 101.30 99.23 97.23 95.31 93.49 91.75 90.13 88.61 87.22 85.97 84.97 84.29 83.97 84.03 84.51 85.44 86.85
160.84 160.23 159.60 158.94 158.29 157.66 157.07 156.54 156.08 155.71 155.45 155.32 155.33 155.50 155.72 155.90 156.02 156.08 156.08 156.04 155.93 155.78 155.57 155.31 155.00 154.63 154.17 153.55 152.78 151.85 150.77 149.56 148.22 146.76 145.19 143.51 141.74 139.87 137.93 135.91 133.82 131.68 129.49 127.26 124.99 122.70 120.40 118.08 115.76 113.45 111.15 108.87 106.63 104.42 102.26 100.16 98.11 96.14 94.24 92.43 90.72 89.11 87.61 86.24 85.09 84.24 83.73 83.57 83.80 84.45 85.55 87.14
159.12 158.36 157.57 156.78 156.01 155.26 154.57 153.94 153.40 152.97 152.65 152.47 152.45 152.60 152.80 152.96 153.06 153.10 153.09 153.03 152.91 152.74 152.52 152.24 151.91 151.53 151.10 150.57 149.90 149.07 148.09 146.98 145.73 144.36 142.87 141.28 139.58 137.80 135.92 133.98 131.97 129.89 127.77 125.60 123.39 121.16 118.90 116.64 114.37 112.10 109.85 107.61 105.41 103.23 101.11 99.03 97.02 95.07 93.19 91.41 89.71 88.11 86.63 85.36 84.35 83.65 83.28 83.28 83.67 84.48 85.74 87.49
157.54 156.62 155.69 154.76 153.87 153.01 152.21 151.50 150.88 150.37 150.00 149.78 149.73 149.85 150.04 150.18 150.26 150.29 150.27 150.19 150.05 149.87 149.63 149.34 149.00 148.60 148.16 147.66 147.08 146.35 145.47 144.44 143.29 142.01 140.60 139.09 137.48 135.77 133.98 132.10 130.16 128.15 126.09 123.98 121.84 119.66 117.46 115.25 113.02 110.80 108.59 106.40 104.23 102.09 100.00 97.95 95.97 94.04 92.19 90.42 88.74 87.17 85.78 84.63 83.76 83.19 82.96 83.10 83.63 84.60 86.01 87.92
156.12 155.05 153.97 152.91 151.89 150.92 150.02 149.22 148.52 147.95 147.52 147.26 147.17 147.27 147.45 147.57 147.64 147.66 147.62 147.53 147.38 147.18 146.93 146.63 146.27 145.87 145.41 144.90 144.35 143.70 142.92 141.99 140.92 139.73 138.41 136.99 135.45 133.82 132.10 130.30 128.43 126.49 124.49 122.44 120.36 118.24 116.09 113.93 111.75 109.58 107.41 105.26 103.13 101.03 98.96 96.95 94.99 93.09 91.26 89.51 87.85 86.36 85.08 84.05 83.30 82.86 82.76 83.03 83.70 84.80 86.36 88.41
154.88 153.64 152.42 151.23 150.09 149.01 148.02 147.12 146.35 145.72 145.24 144.93 144.81 144.89 145.05 145.17 145.22 145.22 145.17 145.07 144.91 144.70 144.43 144.12 143.75 143.34 142.87 142.35 141.79 141.17 140.47 139.64 138.66 137.56 136.33 134.98 133.53 131.97 130.33 128.60 126.79 124.92 122.99 121.00 118.98 116.91 114.82 112.71 110.58 108.45 106.33 104.21 102.12 100.05 98.02 96.04 94.10 92.23 90.42 88.69 87.11 85.71 84.54 83.62 82.98 82.66 82.68 83.07 83.86 85.09 86.78 88.97
153.83 152.44 151.07 149.75 148.49 147.30 146.21 145.23 144.38 143.69 143.15 142.80 142.66 142.72 142.87 142.97 143.01 143.01 142.94 142.83 142.66 142.44 142.16 141.84 141.46 141.03 140.56 140.03 139.46 138.84 138.16 137.41 136.53 135.51 134.36 133.10 131.72 130.25 128.68 127.02 125.28 123.48 121.61 119.69 117.72 115.71 113.67 111.60 109.53 107.44 105.36 103.29 101.23 99.20 97.20 95.24 93.33 91.48 89.70 88.04 86.54 85.24 84.16 83.34 82.80 82.58 82.70 83.21 84.11 85.46 87.27 89.58
152.99 151.44 149.94 148.48 147.10 145.81 144.62 143.56 142.64 141.88 141.29 140.91 140.73 140.78 140.92 141.01 141.04 141.02 140.95 140.82 140.64 140.41 140.13 139.80 139.41 138.98 138.49 137.96 137.38 136.75 136.07 135.35 134.54 133.61 132.55 131.37 130.07 128.67 127.18 125.59 123.92 122.18 120.38 118.51 116.60 114.65 112.66 110.65 108.62 106.58 104.54 102.51 100.49 98.49 96.52 94.59 92.71 90.89 89.16 87.57 86.15 84.92 83.93 83.19 82.75 82.62 82.84 83.45 84.46 85.91 87.83 90.25
152.37 150.68 149.03 147.45 145.95 144.55 143.27 142.12 141.13 140.31 139.68 139.25 139.05 139.08 139.21 139.29 139.31 139.29 139.20 139.07 138.88 138.64 138.35 138.01 137.62 137.18 136.69 136.15 135.56 134.93 134.25 133.52 132.74 131.88 130.91 129.81 128.59 127.27 125.85 124.33 122.73 121.06 119.32 117.51 115.66 113.76 111.83 109.86 107.88 105.89 103.89 101.89 99.91 97.95 96.01 94.11 92.26 90.48 88.81 87.28 85.93 84.77 83.85 83.19 82.83 82.78 83.09 83.78 84.89 86.44 88.46 90.98
152.01 150.16 148.38 146.67 145.05 143.55 142.17 140.94 139.88 139.00 138.32 137.86 137.63 137.65 137.77 137.84 137.86 137.82 137.73 137.59 137.40 137.15 136.86 136.51 136.11 135.67 135.17 134.63 134.03 133.39 132.71 131.97 131.19 130.36 129.46 128.44 127.31 126.06 124.71 123.27 121.74 120.13 118.45 116.71 114.91 113.07 111.18 109.27 107.34 105.39 103.43 101.47 99.53 97.59 95.69 93.82 92.00 90.27 88.65 87.18 85.88 84.78 83.92 83.33 83.03 83.06 83.45 84.22 85.40 87.04 89.15 91.76
151.90 149.91 147.99 146.15 144.42 142.81 141.35 140.04 138.91 137.97 137.24 136.74 136.49 136.50 136.61 136.67 136.69 136.64 136.55 136.40 136.20 135.95 135.65 135.30 134.90 134.45 133.95 133.40 132.80 132.16 131.47 130.73 129.95 129.12 128.25 127.30 126.24 125.07 123.80 122.42 120.96 119.42 117.80 116.12 114.38 112.59 110.76 108.90 107.01 105.10 103.19 101.27 99.36 97.46 95.58 93.74 91.96 90.26 88.68 87.25 85.99 84.95 84.14 83.60 83.36 83.45 83.90 84.74 86.00 87.71 89.90 92.59
152.08 149.94 147.88 145.92 144.08 142.37 140.81 139.42 138.22 137.23 136.46 135.93 135.65 135.65 135.75 135.81 135.82 135.77 135.67 135.52 135.32 135.06 134.76 134.40 134.00 133.55 133.04 132.49 131.89 131.25 130.56 129.82 129.04 128.21 127.34 126.42 125.43 124.33 123.13 121.83 120.43 118.95 117.40 115.77 114.09 112.36 110.58 108.76 106.92 105.06 103.18 101.30 99.43 97.56 95.71 93.88 92.12 90.45 88.89 87.49 86.27 85.27 84.50 84.01 83.82 83.96 84.46 85.36 86.68 88.45 90.70 93.47
152.56 150.28 148.08 146.00 144.04 142.23 140.59 139.12 137.85 136.80 135.99 135.42 135.13 135.11 135.21 135.27 135.27 135.22 135.12 134.97 134.76 134.50 134.20 133.84 133.43 132.98 132.47 131.92 131.32 130.68 129.99 129.25 128.46 127.64 126.76 125.85 124.89 123.86 122.73 121.49 120.17 118.75 117.26 115.70 114.07 112.39 110.66 108.90 107.10 105.28 103.45 101.60 99.76 97.90 96.05 94.24 92.48 90.83 89.29 87.91 86.72 85.74 85.00 84.54 84.39 84.57 85.12 86.06 87.43 89.26 91.57 94.40
153.36 150.93 148.60 146.40 144.33 142.42 140.69 139.14 137.81 136.71 135.85 135.25 134.94 134.91 135.01 135.07 135.07 135.01 134.91 134.75 134.55 134.29 133.98 133.62 133.22 132.76 132.26 131.71 131.11 130.46 129.77 129.04 128.25 127.43 126.56 125.64 124.69 123.69 122.62 121.46 120.20 118.85 117.41 115.91 114.34 112.71 111.04 109.32 107.57 105.79 104.00 102.19 100.35 98.48 96.63 94.81 93.05 91.40 89.87 88.50 87.32 86.36 85.64 85.21 85.08 85.29 85.87 86.85 88.26 90.13 92.49 95.37
154.49 151.92 149.46 147.13 144.96 142.95 141.13 139.51 138.11 136.96 136.06 135.43 135.10 135.07 135.16 135.22 135.22 135.16 135.06 134.90 134.70 134.44 134.13 133.77 133.37 132.91 132.41 131.86 131.27 130.62 129.93 129.20 128.42 127.60 126.73 125.82 124.87 123.87 122.83 121.73 120.54 119.25 117.88 116.44 114.92 113.35 111.73 110.06 108.35 106.62 104.85 103.04 101.17 99.29 97.42 95.58 93.82 92.16 90.63 89.26 88.08 87.12 86.42 85.99 85.88 86.11 86.72 87.72 89.16 91.06 93.46 96.37
155.98 153.26 150.67 148.23 145.94 143.84 141.93 140.24 138.78 137.58 136.64 135.98 135.63 135.59 135.69 135.74 135.74 135.69 135.59 135.43 135.23 134.97 134.66 134.31 133.91 133.45 132.95 132.41 131.81 131.18 130.49 129.76 128.99 128.17 127.31 126.40 125.45 124.46 123.43 122.36 121.22 120.00 118.69 117.31 115.85 114.33 112.75 111.13 109.47 107.77 105.99 104.14 102.24 100.33 98.43 96.57 94.79 93.11 91.56 90.18 89.00 88.03 87.33 86.91 86.80 87.04 87.65 88.67 90.13 92.05 94.47 97.42
157.84 154.98 152.26 149.70 147.31 145.11 143.12 141.35 139.83 138.58 137.60 136.92 136.55 136.51 136.61 136.66 136.66 136.61 136.51 136.36 136.15 135.90 135.60 135.25 134.85 134.40 133.90 133.36 132.77 132.14 131.46 130.73 129.97 129.15 128.30 127.40 126.46 125.47 124.45 123.38 122.28 121.11 119.86 118.54 117.13 115.67 114.14 112.57 110.94 109.21 107.39 105.49 103.55 101.59 99.66 97.76 95.95 94.24 92.67 91.27 90.06 89.09 88.37 87.94 87.82 88.06 88.68 89.70 91.17 93.10 95.53 98.50
160.09 157.09 154.24 151.56 149.07 146.77 144.70 142.86 141.29 139.98 138.96 138.26 137.88 137.83 137.93 137.99 137.99 137.94 137.85 137.70 137.50 137.25 136.95 136.60 136.21 135.77 135.28 134.74 134.16 133.53 132.86 132.14 131.38 130.57 129.72 128.83 127.90 126.92 125.91 124.85 123.76 122.62 121.42 120.15 118.81 117.39 115.92 114.37 112.72 110.93 109.04 107.09 105.09 103.08 101.09 99.16 97.30 95.55 93.95 92.51 91.28 90.28 89.53 89.08 88.96 89.18 89.79 90.81 92.27 94.20 96.64 99.61
162.74 159.61 156.63 153.84 151.24 148.85 146.70 144.79 143.15 141.80 140.75 140.02 139.63 139.58 139.68 139.74 139.75 139.71 139.61 139.47 139.28 139.03 138.74 138.40 138.01 137.58 137.09 136.56 135.99 135.37 134.70 133.99 133.24 132.44 131.60 130.72 129.80 128.83 127.83 126.78 125.69 124.57 123.40 122.18 120.89 119.53 118.08 116.51 114.77 112.91 110.95 108.93 106.86 104.79 102.75 100.75 98.84 97.05 95.39 93.92 92.64 91.60 90.83 90.35 90.19 90.39 90.98 91.98 93.43 95.36 97.79 100.75
165.82 162.55 159.45 156.54 153.84 151.36 149.13 147.15 145.46 144.06 142.97 142.22 141.82 141.77 141.87 141.94 141.96 141.92 141.83 141.69 141.51 141.27 140.99 140.65 140.27 139.84 139.37 138.85 138.28 137.67 137.02 136.31 135.57 134.78 133.95 133.08 132.17 131.21 130.22 129.18 128.11 127.00 125.84 124.65 123.41 122.08 120.59 118.92 117.10 115.15 113.11 111.00 108.86 106.72 104.60 102.54 100.57 98.71 97.00 95.47 94.15 93.06 92.24 91.72 91.53 91.70 92.26 93.23 94.65 96.56 98.97 101.92
169.34 165.94 162.72 159.69 156.89 154.32 152.01 149.97 148.22 146.77 145.66 144.88 144.47 144.42 144.53 144.60 144.63 144.60 144.52 144.39 144.21 143.98 143.70 143.38 143.01 142.59 142.12 141.61 141.06 140.46 139.81 139.12 138.39 137.61 136.79 135.93 135.03 134.09 133.11 132.08 131.02 129.92 128.78 127.61 126.37 124.98 123.39 121.62 119.70 117.65 115.52 113.32 111.09 108.87 106.67 104.53 102.48 100.56 98.78 97.18 95.80 94.65 93.78 93.21 92.97 93.09 93.61 94.54 95.93 97.80 100.19 103.12
173.33 169.79 166.44 163.31 160.41 157.75 155.36 153.25 151.45 149.96 148.81 148.02 147.59 147.55 147.67 147.75 147.78 147.76 147.69 147.57 147.40 147.18 146.91 146.60 146.24 145.83 145.38 144.88 144.33 143.74 143.11 142.43 141.71 140.95 140.14 139.29 138.40 137.48 136.51 135.50 134.45 133.37 132.24 131.06 129.72 128.19 126.48 124.60 122.56 120.41 118.17 115.87 113.55 111.23 108.94 106.71 104.58 102.57 100.71 99.04 97.59 96.37 95.44 94.80 94.51 94.57 95.03 95.92 97.27 99.10 101.44 104.33
177.79 174.12 170.65 167.41 164.41 161.66 159.20 157.03 155.17 153.64 152.46 151.65 151.21 151.17 151.30 151.39 151.43 151.42 151.36 151.25 151.09 150.88 150.63 150.33 149.98 149.58 149.14 148.65 148.12 147.54 146.92 146.26 145.55 144.80 144.01 143.18 142.30 141.39 140.44 139.44 138.41 137.34 136.21 134.92 133.41 131.72 129.86 127.85 125.69 123.42 121.06 118.66 116.22 113.79 111.40 109.08 106.85 104.75 102.81 101.05 99.51 98.22 97.21 96.50 96.13 96.14 96.54 97.36 98.65 100.43 102.72 105.57
182.75 178.95 175.36 172.01 168.91 166.08 163.54 161.31 159.40 157.83 156.62 155.79 155.35 155.31 155.45 155.55 155.60 155.60 155.55 155.46 155.31 155.12 154.87 154.58 154.25 153.86 153.44 152.96 152.44 151.88 151.28 150.63 149.93 149.20 148.42 147.61 146.75 145.85 144.91 143.94 142.92 141.84 140.59 139.12 137.43 135.57 133.54 131.37 129.08 126.68 124.20 121.67 119.12 116.57 114.07 111.64 109.30 107.10 105.06 103.20 101.57 100.19 99.09 98.30 97.86 97.78 98.11 98.86 100.09 101.80 104.03 106.82
188.22 184.29 180.59 177.13 173.93 171.02 168.41 166.11 164.15 162.54 161.30 160.46 160.01 159.98 160.13 160.25 160.31 160.32 160.29 160.20 160.07 159.89 159.66 159.38 159.06 158.69 158.28 157.82 157.32 156.77 156.18 155.55 154.87 154.16 153.40 152.60 151.76 150.88 149.96 149.00 147.97 146.77 145.32 143.65 141.78 139.73 137.52 135.18 132.73 130.19 127.57 124.91 122.23 119.56 116.93 114.38 111.93 109.61 107.46 105.50 103.76 102.28 101.08 100.20 99.66 99.50 99.74 100.42 101.57 103.21 105.37 108.09
194.23 190.17 186.35 182.78 179.49 176.50 173.81 171.45 169.44 167.80 166.54 165.67 165.23 165.20 165.37 165.49 165.57 165.60 165.58 165.51 165.39 165.22 165.01 164.75 164.44 164.09 163.69 163.25 162.77 162.24 161.66 161.05 160.39 159.69 158.95 158.17 157.35 156.49 155.59 154.62 153.45 152.03 150.38 148.50 146.43 144.18 141.79 139.27 136.65 133.95 131.18 128.38 125.55 122.75 119.99 117.30 114.72 112.28 110.01 107.93 106.08 104.49 103.19 102.20 101.56 101.30 101.45 102.04 103.09 104.65 106.73 109.37
200.79 196.60 192.66 188.99 185.61 182.53 179.78 177.36 175.30 173.62 172.33 171.45 171.01 170.99 171.17 171.31 171.40 171.45 171.44 171.39 171.29 171.14 170.94 170.70 170.41 170.07 169.69 169.27 168.80 168.29 167.73 167.14 166.50 165.82 165.10 164.34 163.53 162.69 161.78 160.67 159.28 157.63 155.75 153.66 151.38 148.94 146.35 143.64 140.84 137.96 135.03 132.06 129.09 126.14 123.23 120.41 117.69 115.11 112.71 110.50 108.53 106.82 105.39 104.29 103.54 103.17 103.22 103.70 104.66 106.12 108.11 110.66
207.91 203.60 199.55 195.77 192.30 189.14 186.32 183.84 181.74 180.02 178.71 177.82 177.37 177.36 177.56 177.72 177.83 177.89 177.90 177.86 177.78 177.64 177.47 177.24 176.97 176.65 176.29 175.89 175.44 174.95 174.41 173.84 173.22 172.56 171.86 171.12 170.34 169.49 168.42 167.06 165.43 163.55 161.44 159.13 156.63 153.98 151.19 148.28 145.28 142.22 139.11 135.97 132.84 129.72 126.66 123.69 120.82 118.10 115.55 113.21 111.10 109.25 107.70 106.48 105.60 105.12 105.04 105.41 106.26 107.62 109.50 111.96
215.62 211.18 207.02 203.14 199.58 196.34 193.45 190.92 188.77 187.02 185.69 184.79 184.34 184.34 184.55 184.73 184.86 184.94 184.97 184.95 184.88 184.77 184.61 184.40 184.15 183.86 183.52 183.13 182.70 182.23 181.72 181.17 180.57 179.93 179.25 178.54 177.74 176.72 175.40 173.78 171.90 169.78 167.43 164.89 162.17 159.29 156.29 153.17 149.98 146.72 143.42 140.10 136.79 133.51 130.28 127.14 124.12 121.24 118.54 116.05 113.79 111.80 110.11 108.75 107.74 107.13 106.93 107.18 107.90 109.14 110.92 113.26
