data_output/RCH/Precip_1990_05.asc
ncols        168
nrows        136
xllcorner    455000
yllcorner    2107000
cellsize     500
NODATA_value     -99999
[rows 34 to 67 of 136, columns 77 to 153 of 168]
48.74 48.90 49.06 49.24 49.46 49.70 49.97 50.28 50.61 50.96 51.35 51.75 52.18 52.64 53.11 53.60 54.11 54.64 55.18 55.74 56.31 56.89 57.48 58.04 58.53 58.97 59.34 59.66 59.92 60.13 60.29 60.40 60.47 60.48 60.46 60.39 60.29 60.14 59.97 59.76 59.52 59.25 58.96 58.67 58.40 58.15 57.92 57.72 57.54 57.38 57.25 57.15 57.07 57.02 57.00 57.01 57.05 57.12 57.22 57.36 57.53 57.74 57.98 58.26 58.58 58.93 59.31 59.68 60.06 60.44 60.82 61.21 61.60 61.99 62.39 62.79 63.19
49.37 49.54 49.73 49.94 50.19 50.46 50.77 51.10 51.46 51.84 52.24 52.67 53.12 53.59 54.08 54.58 55.10 55.64 56.19 56.75 57.32 57.90 58.49 59.05 59.54 59.98 60.36 60.68 60.94 61.16 61.32 61.43 61.50 61.53 61.51 61.45 61.36 61.23 61.06 60.86 60.64 60.38 60.10 59.80 59.51 59.23 58.98 58.76 58.56 58.38 58.24 58.12 58.03 57.97 57.94 57.94 57.97 58.04 58.14 58.28 58.45 58.66 58.91 59.19 59.51 59.85 60.20 60.55 60.91 61.27 61.63 62.00 62.38 62.76 63.15 63.54 63.94
50.02 50.21 50.43 50.68 50.96 51.27 51.60 51.96 52.34 52.75 53.17 53.62 54.09 54.57 55.07 55.59 56.12 56.66 57.22 57.78 58.36 58.94 59.53 60.08 60.57 61.01 61.38 61.71 61.97 62.19 62.36 62.48 62.55 62.58 62.57 62.52 62.44 62.31 62.16 61.97 61.76 61.52 61.25 60.96 60.65 60.36 60.08 59.84 59.62 59.42 59.26 59.12 59.02 58.95 58.90 58.90 58.92 58.98 59.08 59.22 59.39 59.60 59.85 60.13 60.44 60.75 61.08 61.40 61.74 62.08 62.43 62.78 63.14 63.51 63.89 64.27 64.66
50.68 50.91 51.16 51.45 51.76 52.10 52.46 52.85 53.25 53.68 54.13 54.59 55.08 55.58 56.09 56.62 57.16 57.71 58.27 58.84 59.41 59.99 60.58 61.13 61.62 62.05 62.43 62.75 63.02 63.24 63.40 63.53 63.61 63.64 63.64 63.60 63.52 63.40 63.26 63.08 62.88 62.65 62.40 62.12 61.83 61.52 61.22 60.95 60.71 60.49 60.31 60.16 60.04 59.95 59.90 59.88 59.90 59.95 60.04 60.17 60.34 60.55 60.80 61.07 61.35 61.64 61.93 62.23 62.55 62.87 63.20 63.53 63.88 64.24 64.60 64.98 65.36
51.38 51.64 51.93 52.25 52.59 52.96 53.35 53.76 54.19 54.64 55.11 55.59 56.09 56.61 57.13 57.67 58.22 58.77 59.34 59.91 60.48 61.06 61.64 62.19 62.67 63.11 63.48 63.80 64.07 64.29 64.46 64.59 64.67 64.71 64.71 64.67 64.60 64.50 64.36 64.19 64.00 63.78 63.54 63.28 63.00 62.70 62.39 62.10 61.83 61.60 61.39 61.22 61.09 60.98 60.92 60.89 60.89 60.94 61.03 61.15 61.32 61.52 61.75 61.99 62.24 62.50 62.77 63.04 63.33 63.64 63.95 64.27 64.60 64.94 65.30 65.67 66.04
52.10 52.40 52.73 53.08 53.45 53.85 54.27 54.70 55.16 55.63 56.11 56.61 57.13 57.65 58.19 58.74 59.29 59.85 60.42 60.99 61.57 62.14 62.72 63.26 63.74 64.17 64.54 64.86 65.13 65.35 65.52 65.65 65.73 65.78 65.78 65.75 65.69 65.59 65.46 65.30 65.12 64.91 64.68 64.43 64.16 63.88 63.58 63.27 62.98 62.73 62.50 62.31 62.16 62.04 61.96 61.91 61.91 61.95 62.02 62.14 62.30 62.48 62.68 62.89 63.10 63.34 63.58 63.84 64.10 64.38 64.68 64.98 65.30 65.63 65.98 66.33 66.70
52.86 53.19 53.55 53.94 54.34 54.76 55.21 55.67 56.14 56.63 57.14 57.65 58.18 58.72 59.27 59.82 60.38 60.95 61.52 62.09 62.66 63.23 63.80 64.34 64.82 65.24 65.61 65.92 66.19 66.41 66.58 66.71 66.80 66.84 66.85 66.83 66.77 66.67 66.55 66.40 66.23 66.03 65.81 65.57 65.32 65.05 64.76 64.46 64.16 63.88 63.64 63.42 63.25 63.11 63.02 62.96 62.94 62.97 63.04 63.14 63.28 63.43 63.59 63.76 63.95 64.16 64.37 64.61 64.85 65.11 65.39 65.68 65.98 66.30 66.63 66.98 67.35
53.64 54.01 54.40 54.82 55.25 55.70 56.17 56.65 57.15 57.66 58.18 58.71 59.25 59.80 60.36 60.92 61.48 62.05 62.62 63.19 63.76 64.33 64.90 65.42 65.90 66.31 66.68 66.99 67.26 67.47 67.64 67.77 67.86 67.91 67.92 67.90 67.84 67.75 67.64 67.50 67.33 67.14 66.93 66.70 66.46 66.20 65.93 65.64 65.35 65.06 64.79 64.56 64.36 64.21 64.09 64.02 63.99 64.00 64.06 64.14 64.24 64.35 64.48 64.62 64.78 64.96 65.15 65.36 65.58 65.82 66.08 66.35 66.64 66.95 67.27 67.61 67.97
54.45 54.85 55.28 55.72 56.18 56.66 57.15 57.65 58.17 58.70 59.24 59.78 60.34 60.90 61.46 62.03 62.60 63.17 63.74 64.31 64.87 65.44 65.99 66.51 66.98 67.39 67.75 68.06 68.32 68.53 68.70 68.83 68.92 68.97 68.98 68.96 68.91 68.83 68.72 68.58 68.42 68.24 68.04 67.82 67.58 67.34 67.08 66.81 66.53 66.25 65.97 65.71 65.49 65.32 65.19 65.10 65.05 65.05 65.07 65.11 65.17 65.25 65.35 65.46 65.59 65.74 65.90 66.09 66.29 66.51 66.75 67.00 67.28 67.57 67.89 68.22 68.57
55.27 55.71 56.17 56.64 57.13 57.63 58.14 58.67 59.21 59.75 60.31 60.87 61.43 62.00 62.57 63.14 63.72 64.29 64.86 65.43 65.99 66.54 67.09 67.60 68.06 68.47 68.82 69.12 69.38 69.59 69.76 69.88 69.97 70.02 70.03 70.01 69.96 69.88 69.78 69.65 69.49 69.32 69.13 68.92 68.69 68.45 68.20 67.95 67.68 67.42 67.15 66.88 66.64 66.44 66.29 66.18 66.12 66.08 66.06 66.07 66.09 66.13 66.19 66.27 66.37 66.49 66.63 66.79 66.97 67.17 67.40 67.64 67.90 68.18 68.48 68.81 69.15
56.12 56.59 57.08 57.58 58.09 58.62 59.16 59.70 60.26 60.82 61.39 61.96 62.53 63.11 63.69 64.27 64.84 65.41 65.98 66.55 67.10 67.65 68.19 68.69 69.14 69.54 69.88 70.18 70.43 70.64 70.80 70.92 71.01 71.06 71.07 71.05 71.01 70.93 70.83 70.70 70.55 70.38 70.20 69.99 69.78 69.55 69.31 69.07 68.81 68.56 68.30 68.05 67.80 67.58 67.40 67.27 67.17 67.10 67.04 67.00 66.99 66.99 67.02 67.07 67.14 67.23 67.35 67.48 67.64 67.82 68.02 68.25 68.50 68.77 69.06 69.37 69.71
56.98 57.49 58.00 58.53 59.07 59.62 60.18 60.74 61.32 61.89 62.47 63.06 63.64 64.23 64.81 65.39 65.97 66.54 67.11 67.67 68.22 68.76 69.29 69.78 70.22 70.61 70.94 71.23 71.48 71.68 71.84 71.96 72.04 72.09 72.10 72.08 72.03 71.96 71.86 71.74 71.59 71.43 71.25 71.05 70.84 70.62 70.39 70.16 69.92 69.68 69.43 69.19 68.95 68.72 68.52 68.36 68.21 68.09 67.99 67.92 67.86 67.84 67.83 67.85 67.89 67.95 68.04 68.15 68.29 68.45 68.63 68.84 69.07 69.33 69.61 69.92 70.25
57.86 58.40 58.94 59.49 60.06 60.63 61.21 61.79 62.38 62.97 63.57 64.16 64.75 65.35 65.93 66.52 67.10 67.67 68.23 68.78 69.33 69.86 70.38 70.86 71.29 71.66 71.99 72.27 72.51 72.71 72.86 72.98 73.05 73.10 73.11 73.09 73.04 72.97 72.87 72.75 72.61 72.45 72.27 72.08 71.88 71.67 71.45 71.22 70.99 70.76 70.53 70.30 70.08 69.85 69.63 69.42 69.23 69.07 68.93 68.81 68.72 68.66 68.62 68.60 68.61 68.65 68.71 68.80 68.92 69.06 69.22 69.41 69.63 69.88 70.15 70.45 70.77
58.75 59.31 59.89 60.47 61.05 61.65 62.25 62.85 63.45 64.06 64.66 65.27 65.87 66.46 67.06 67.64 68.22 68.79 69.35 69.90 70.43 70.95 71.46 71.93 72.34 72.71 73.03 73.30 73.53 73.72 73.87 73.98 74.05 74.09 74.10 74.08 74.03 73.96 73.86 73.74 73.60 73.44 73.27 73.09 72.89 72.69 72.48 72.26 72.04 71.82 71.60 71.38 71.16 70.94 70.71 70.46 70.23 70.02 69.84 69.69 69.56 69.46 69.39 69.34 69.32 69.33 69.37 69.43 69.52 69.64 69.79 69.97 70.17 70.40 70.66 70.95 71.27
59.65 60.24 60.84 61.45 62.06 62.67 63.29 63.90 64.52 65.14 65.76 66.37 66.98 67.58 68.18 68.76 69.34 69.91 70.46 71.00 71.53 72.04 72.53 72.99 73.39 73.75 74.05 74.32 74.54 74.72 74.86 74.96 75.03 75.07 75.07 75.05 75.00 74.92 74.82 74.70 74.57 74.41 74.24 74.06 73.87 73.67 73.47 73.26 73.05 72.83 72.62 72.42 72.20 71.97 71.73 71.47 71.20 70.96 70.73 70.54 70.38 70.24 70.13 70.06 70.01 69.99 70.00 70.04 70.11 70.21 70.34 70.50 70.69 70.91 71.16 71.44 71.75
60.56 61.18 61.80 62.43 63.06 63.69 64.33 64.96 65.60 66.23 66.85 67.47 68.09 68.69 69.29 69.88 70.45 71.01 71.56 72.09 72.61 73.11 73.59 74.03 74.42 74.76 75.06 75.31 75.52 75.69 75.83 75.92 75.99 76.02 76.02 75.99 75.93 75.86 75.76 75.64 75.50 75.35 75.19 75.01 74.82 74.63 74.43 74.22 74.02 73.82 73.61 73.40 73.18 72.94 72.69 72.42 72.15 71.87 71.61 71.37 71.17 71.00 70.86 70.75 70.67 70.63 70.61 70.63 70.68 70.76 70.87 71.01 71.19 71.39 71.63 71.91 72.21
61.47 62.11 62.76 63.41 64.07 64.72 65.37 66.02 66.66 67.31 67.94 68.57 69.19 69.80 70.39 70.98 71.55 72.11 72.65 73.18 73.68 74.17 74.63 75.06 75.43 75.76 76.05 76.29 76.49 76.65 76.77 76.86 76.92 76.94 76.94 76.90 76.85 76.77 76.66 76.54 76.41 76.26 76.09 75.92 75.73 75.54 75.35 75.15 74.95 74.76 74.55 74.33 74.09 73.84 73.58 73.31 73.03 72.75 72.46 72.19 71.95 71.74 71.57 71.43 71.32 71.24 71.20 71.20 71.22 71.28 71.38 71.50 71.66 71.86 72.09 72.35 72.65
62.38 63.05 63.72 64.40 65.07 65.74 66.41 67.07 67.73 68.38 69.02 69.66 70.28 70.89 71.49 72.07 72.64 73.19 73.73 74.24 74.74 75.21 75.66 76.07 76.43 76.74 77.02 77.24 77.43 77.58 77.70 77.77 77.82 77.84 77.83 77.79 77.73 77.64 77.54 77.42 77.28 77.13 76.96 76.79 76.61 76.42 76.23 76.04 75.84 75.64 75.42 75.19 74.95 74.69 74.42 74.15 73.86 73.57 73.28 72.98 72.70 72.46 72.25 72.08 71.94 71.84 71.78 71.74 71.75 71.79 71.86 71.97 72.12 72.30 72.52 72.78 73.07
63.29 63.99 64.68 65.38 66.07 66.76 67.44 68.11 68.78 69.44 70.09 70.73 71.36 71.97 72.57 73.15 73.71 74.26 74.78 75.29 75.77 76.23 76.66 77.05 77.40 77.70 77.96 78.17 78.35 78.49 78.59 78.66 78.70 78.70 78.69 78.64 78.57 78.49 78.38 78.25 78.11 77.96 77.80 77.62 77.44 77.26 77.07 76.88 76.68 76.47 76.24 76.00 75.74 75.48 75.20 74.92 74.63 74.34 74.04 73.74 73.44 73.16 72.92 72.72 72.55 72.42 72.33 72.27 72.25 72.27 72.33 72.43 72.56 72.73 72.94 73.19 73.47
64.20 64.92 65.64 66.35 67.06 67.76 68.46 69.15 69.83 70.50 71.15 71.80 72.43 73.04 73.63 74.21 74.77 75.31 75.82 76.32 76.78 77.23 77.64 78.02 78.35 78.63 78.87 79.07 79.24 79.36 79.45 79.51 79.54 79.54 79.51 79.46 79.39 79.29 79.18 79.05 78.91 78.75 78.59 78.41 78.23 78.05 77.86 77.67 77.46 77.23 76.99 76.74 76.47 76.20 75.92 75.64 75.34 75.05 74.75 74.44 74.14 73.84 73.57 73.33 73.13 72.98 72.86 72.78 72.74 72.74 72.78 72.86 72.98 73.13 73.33 73.57 73.85
65.10 65.85 66.58 67.32 68.04 68.76 69.47 70.17 70.86 71.54 72.20 72.85 73.48 74.09 74.68 75.25 75.81 76.34 76.84 77.32 77.77 78.20 78.60 78.95 79.27 79.53 79.76 79.94 80.09 80.21 80.28 80.33 80.35 80.34 80.30 80.24 80.16 80.06 79.94 79.81 79.66 79.50 79.33 79.16 78.98 78.80 78.60 78.39 78.17 77.93 77.68 77.42 77.15 76.87 76.58 76.29 75.99 75.69 75.39 75.09 74.79 74.49 74.19 73.93 73.70 73.51 73.37 73.27 73.20 73.18 73.21 73.27 73.37 73.52 73.71 73.94 74.21
66.00 66.76 67.52 68.27 69.02 69.75 70.47 71.18 71.88 72.56 73.23 73.88 74.51 75.12 75.71 76.27 76.82 77.34 77.83 78.30 78.74 79.15 79.52 79.86 80.16 80.41 80.61 80.78 80.92 81.01 81.08 81.11 81.12 81.10 81.05 80.98 80.89 80.78 80.66 80.52 80.37 80.21 80.04 79.86 79.68 79.48 79.27 79.05 78.81 78.57 78.30 78.03 77.76 77.47 77.18 76.88 76.58 76.28 75.98 75.68 75.38 75.08 74.78 74.50 74.24 74.03 73.86 73.73 73.65 73.61 73.61 73.66 73.75 73.88 74.06 74.28 74.55
66.89 67.67 68.44 69.21 69.97 70.72 71.45 72.17 72.88 73.56 74.23 74.89 75.52 76.12 76.71 77.27 77.81 78.32 78.80 79.25 79.67 80.06 80.42 80.74 81.01 81.24 81.43 81.59 81.70 81.79 81.84 81.86 81.85 81.82 81.76 81.68 81.58 81.47 81.33 81.19 81.03 80.86 80.69 80.51 80.32 80.11 79.88 79.65 79.40 79.14 78.87 78.59 78.31 78.01 77.72 77.42 77.12 76.81 76.51 76.21 75.91 75.61 75.32 75.04 74.77 74.53 74.33 74.18 74.07 74.01 74.00 74.03 74.10 74.23 74.39 74.61 74.87
67.79 68.57 69.36 70.14 70.91 71.67 72.42 73.14 73.86 74.55 75.22 75.87 76.50 77.11 77.69 78.24 78.77 79.27 79.73 80.17 80.58 80.95 81.29 81.58 81.83 82.05 82.22 82.35 82.45 82.52 82.55 82.56 82.54 82.49 82.43 82.34 82.23 82.10 81.96 81.81 81.64 81.47 81.29 81.10 80.89 80.67 80.43 80.18 79.92 79.65 79.37 79.09 78.79 78.50 78.19 77.89 77.59 77.28 76.98 76.68 76.38 76.09 75.80 75.53 75.26 75.00 74.78 74.61 74.48 74.40 74.37 74.38 74.44 74.55 74.71 74.91 75.16
68.69 69.47 70.26 71.05 71.83 72.60 73.36 74.09 74.81 75.51 76.18 76.83 77.46 78.06 78.63 79.18 79.70 80.18 80.64 81.06 81.45 81.80 82.11 82.39 82.62 82.81 82.96 83.08 83.16 83.21 83.23 83.22 83.19 83.13 83.04 82.94 82.82 82.69 82.54 82.38 82.20 82.02 81.83 81.62 81.40 81.16 80.91 80.65 80.38 80.10 79.81 79.52 79.22 78.92 78.61 78.30 78.00 77.69 77.39 77.09 76.80 76.51 76.23 75.96 75.70 75.45 75.21 75.01 74.86 74.76 74.71 74.71 74.76 74.85 75.00 75.20 75.44
69.60 70.38 71.16 71.95 72.73 73.51 74.28 75.02 75.74 76.44 77.12 77.77 78.39 78.99 79.55 80.09 80.60 81.07 81.51 81.91 82.28 82.61 82.91 83.16 83.36 83.53 83.67 83.76 83.83 83.86 83.86 83.83 83.78 83.71 83.61 83.50 83.37 83.22 83.06 82.89 82.71 82.52 82.31 82.08 81.84 81.59 81.33 81.06 80.77 80.48 80.19 79.89 79.58 79.28 78.97 78.66 78.35 78.04 77.74 77.45 77.16 76.87 76.60 76.33 76.08 75.84 75.61 75.40 75.23 75.11 75.04 75.02 75.05 75.14 75.27 75.46 75.70
70.50 71.28 72.06 72.84 73.62 74.40 75.17 75.92 76.64 77.34 78.02 78.67 79.29 79.88 80.44 80.96 81.46 81.92 82.34 82.73 83.08 83.39 83.66 83.88 84.07 84.21 84.33 84.40 84.44 84.46 84.44 84.40 84.33 84.24 84.13 84.00 83.86 83.70 83.53 83.35 83.15 82.94 82.72 82.47 82.22 81.96 81.68 81.40 81.10 80.81 80.50 80.20 79.88 79.57 79.26 78.95 78.64 78.34 78.04 77.74 77.45 77.18 76.91 76.65 76.40 76.17 75.95 75.75 75.57 75.43 75.34 75.31 75.33 75.40 75.52 75.70 75.94
71.40 72.17 72.95 73.72 74.50 75.27 76.03 76.79 77.52 78.22 78.89 79.54 80.15 80.73 81.29 81.80 82.28 82.73 83.14 83.50 83.83 84.12 84.36 84.56 84.73 84.85 84.94 84.99 85.01 85.01 84.97 84.91 84.83 84.72 84.60 84.46 84.30 84.13 83.94 83.74 83.53 83.30 83.06 82.80 82.53 82.26 81.97 81.67 81.37 81.07 80.75 80.44 80.13 79.81 79.49 79.18 78.87 78.57 78.27 77.98 77.70 77.42 77.16 76.91 76.67 76.45 76.24 76.05 75.88 75.73 75.63 75.58 75.58 75.64 75.76 75.93 76.15
72.30 73.07 73.83 74.60 75.36 76.12 76.88 77.63 78.35 79.06 79.73 80.37 80.98 81.55 82.10 82.60 83.07 83.50 83.89 84.24 84.54 84.81 85.02 85.20 85.34 85.44 85.50 85.53 85.53 85.51 85.45 85.37 85.27 85.15 85.01 84.85 84.68 84.49 84.29 84.07 83.84 83.59 83.33 83.06 82.78 82.49 82.19 81.89 81.58 81.26 80.94 80.62 80.30 79.98 79.67 79.35 79.04 78.74 78.44 78.16 77.88 77.61 77.35 77.11 76.88 76.67 76.48 76.30 76.14 76.00 75.89 75.83 75.82 75.86 75.97 76.13 76.35
73.19 73.95 74.71 75.47 76.22 76.97 77.71 78.44 79.16 79.86 80.53 81.17 81.77 82.33 82.87 83.36 83.81 84.22 84.59 84.92 85.21 85.44 85.64 85.79 85.90 85.97 86.01 86.02 86.00 85.95 85.88 85.78 85.66 85.51 85.36 85.18 84.99 84.79 84.57 84.33 84.08 83.82 83.54 83.26 82.96 82.66 82.35 82.04 81.72 81.39 81.07 80.74 80.42 80.10 79.78 79.46 79.16 78.85 78.56 78.27 78.00 77.74 77.49 77.26 77.04 76.84 76.65 76.49 76.35 76.22 76.13 76.06 76.03 76.07 76.16 76.31 76.53
74.08 74.83 75.58 76.32 77.06 77.79 78.52 79.23 79.94 80.62 81.29 81.92 82.52 83.07 83.59 84.07 84.51 84.90 85.25 85.56 85.82 86.04 86.20 86.32 86.41 86.45 86.47 86.45 86.41 86.34 86.24 86.12 85.98 85.82 85.64 85.45 85.24 85.02 84.78 84.52 84.26 83.98 83.69 83.39 83.08 82.77 82.44 82.12 81.79 81.46 81.13 80.80 80.47 80.15 79.83 79.51 79.21 78.91 78.61 78.33 78.07 77.81 77.57 77.34 77.14 76.95 76.77 76.62 76.49 76.39 76.31 76.25 76.23 76.25 76.33 76.48 76.68
74.95 75.69 76.43 77.16 77.89 78.61 79.31 80.01 80.69 81.36 82.01 82.63 83.22 83.77 84.27 84.74 85.16 85.53 85.87 86.15 86.39 86.57 86.71 86.80 86.86 86.88 86.87 86.83 86.76 86.67 86.55 86.41 86.24 86.06 85.87 85.66 85.43 85.18 84.92 84.65 84.36 84.07 83.76 83.45 83.13 82.80 82.47 82.14 81.80 81.47 81.13 80.80 80.47 80.14 79.82 79.50 79.20 78.90 78.61 78.34 78.07 77.82 77.59 77.38 77.18 77.00 76.84 76.70 76.59 76.50 76.43 76.40 76.39 76.41 76.48 76.62 76.82
75.82 76.55 77.27 77.99 78.70 79.40 80.09 80.76 81.42 82.07 82.69 83.30 83.88 84.41 84.90 85.35 85.76 86.11 86.42 86.69 86.90 87.06 87.16 87.23 87.26 87.25 87.21 87.15 87.05 86.93 86.79 86.63 86.44 86.24 86.03 85.79 85.54 85.27 85.00 84.71 84.40 84.09 83.77 83.45 83.12 82.78 82.44 82.10 81.75 81.41 81.07 80.73 80.40 80.07 79.74 79.43 79.13 78.83 78.55 78.28 78.02 77.78 77.56 77.35 77.16 76.99 76.85 76.73 76.63 76.55 76.51 76.49 76.50 76.54 76.61 76.74 76.94
76.67 77.38 78.09 78.80 79.49 80.17 80.84 81.49 82.13 82.75 83.35 83.93 84.48 85.01 85.48 85.92 86.30 86.64 86.93 87.17 87.35 87.48 87.56 87.59 87.59 87.56 87.49 87.40 87.28 87.14 86.97 86.78 86.58 86.35 86.11 85.85 85.58 85.30 85.00 84.69 84.38 84.05 83.72 83.38 83.03 82.69 82.34 81.99 81.64 81.29 80.94 80.60 80.26 79.93 79.61 79.30 78.99 78.70 78.42 78.16 77.91 77.68 77.46 77.26 77.09 76.93 76.80 76.69 76.61 76.55 76.53 76.53 76.56 76.62 76.71 76.85 77.03
