data_output/RCH/Precip_2006_08.asc
ncols        168
nrows        136
xllcorner    455000
yllcorner    2107000
cellsize     500
NODATA_value     -99999
[rows 0 to 31 of 136, columns 0 to 70 of 168]
225.63 227.32 228.99 230.60 232.15 233.58 234.89 235.91 236.43 236.38 235.78 234.63 232.94 230.72 228.02 225.20 222.44 219.75 217.15 214.64 212.23 209.92 207.69 205.52 203.40 201.34 199.33 197.37 195.47 193.62 191.82 190.07 188.38 186.74 185.16 183.62 182.15 180.72 179.35 178.03 176.77 175.56 174.40 173.30 172.25 171.25 170.31 169.43 168.59 167.82 167.09 166.42 165.81 165.25 164.74 164.29 163.90 163.55 163.27 163.04 162.85 162.69 162.56 162.45 162.36 162.29 162.25 162.22 162.19 162.17 162.14
229.28 231.20 233.08 234.91 236.64 238.25 239.59 240.44 240.73 240.48 239.69 238.37 236.53 234.17 231.36 228.42 225.54 222.73 219.99 217.34 214.79 212.33 209.97 207.70 205.49 203.34 201.24 199.19 197.20 195.27 193.39 191.57 189.80 188.09 186.43 184.83 183.28 181.79 180.36 178.98 177.66 176.39 175.18 174.03 172.93 171.89 170.90 169.97 169.10 168.28 167.52 166.82 166.17 165.58 165.05 164.57 164.15 163.79 163.48 163.22 162.99 162.80 162.63 162.49 162.38 162.29 162.22 162.17 162.12 162.08 162.04
233.63 235.76 237.84 239.85 241.74 243.38 244.54 245.15 245.23 244.77 243.80 242.32 240.33 237.84 234.91 231.86 228.86 225.93 223.07 220.29 217.59 214.99 212.48 210.08 207.77 205.52 203.33 201.20 199.12 197.10 195.14 193.24 191.39 189.60 187.87 186.19 184.58 183.02 181.52 180.08 178.69 177.37 176.10 174.89 173.74 172.64 171.61 170.63 169.72 168.86 168.06 167.32 166.63 166.01 165.44 164.94 164.49 164.10 163.76 163.46 163.20 162.97 162.76 162.59 162.45 162.33 162.24 162.17 162.11 162.05 161.99
238.65 240.97 243.22 245.38 247.30 248.73 249.64 250.02 249.89 249.24 248.09 246.45 244.32 241.70 238.67 235.51 232.40 229.35 226.36 223.45 220.62 217.88 215.23 212.68 210.24 207.89 205.60 203.38 201.21 199.10 197.05 195.07 193.14 191.27 189.46 187.71 186.02 184.39 182.82 181.31 179.86 178.47 177.14 175.88 174.67 173.52 172.43 171.41 170.44 169.54 168.69 167.91 167.19 166.53 165.93 165.39 164.91 164.49 164.11 163.76 163.46 163.19 162.95 162.75 162.58 162.44 162.32 162.23 162.15 162.07 162.00
244.30 246.78 249.17 251.34 253.04 254.22 254.89 255.04 254.70 253.86 252.54 250.74 248.48 245.75 242.60 239.34 236.13 232.97 229.86 226.83 223.87 221.00 218.21 215.51 212.92 210.44 208.05 205.73 203.47 201.27 199.13 197.05 195.04 193.08 191.19 189.37 187.60 185.89 184.25 182.67 181.16 179.70 178.31 176.98 175.71 174.51 173.37 172.29 171.27 170.32 169.43 168.60 167.84 167.14 166.50 165.92 165.40 164.93 164.50 164.12 163.77 163.47 163.20 162.96 162.76 162.59 162.46 162.35 162.25 162.15 162.05
250.53 253.14 255.54 257.48 258.91 259.84 260.26 260.20 259.65 258.63 257.14 255.19 252.79 249.95 246.71 243.35 240.03 236.77 233.55 230.40 227.32 224.31 221.39 218.56 215.82 213.19 210.67 208.24 205.88 203.59 201.35 199.19 197.08 195.04 193.07 191.16 189.31 187.53 185.81 184.16 182.57 181.05 179.59 178.19 176.86 175.60 174.40 173.26 172.19 171.19 170.25 169.37 168.56 167.82 167.14 166.52 165.95 165.43 164.95 164.53 164.14 163.79 163.49 163.22 162.99 162.80 162.64 162.51 162.39 162.28 162.16
257.30 259.90 262.06 263.72 264.88 265.55 265.75 265.47 264.72 263.52 261.87 259.78 257.25 254.30 250.97 247.52 244.10 240.73 237.41 234.15 230.95 227.82 224.77 221.80 218.92 216.15 213.48 210.91 208.45 206.05 203.73 201.47 199.27 197.14 195.08 193.08 191.15 189.29 187.49 185.76 184.10 182.50 180.97 179.51 178.11 176.78 175.52 174.33 173.20 172.14 171.14 170.22 169.36 168.57 167.84 167.17 166.55 165.98 165.46 164.98 164.56 164.17 163.83 163.54 163.28 163.06 162.88 162.73 162.59 162.46 162.32
264.44 266.79 268.66 270.03 270.93 271.36 271.32 270.83 269.90 268.52 266.71 264.48 261.83 258.78 255.36 251.82 248.32 244.85 241.43 238.05 234.74 231.49 228.32 225.22 222.21 219.29 216.48 213.76 211.17 208.66 206.24 203.88 201.59 199.37 197.21 195.13 193.11 191.16 189.28 187.47 185.73 184.06 182.45 180.92 179.45 178.06 176.73 175.47 174.28 173.17 172.12 171.14 170.23 169.38 168.60 167.87 167.19 166.57 166.01 165.49 165.02 164.60 164.23 163.90 163.61 163.37 163.16 162.99 162.83 162.68 162.53
271.70 273.74 275.31 276.41 277.05 277.24 276.98 276.28 275.16 273.62 271.66 269.29 266.53 263.37 259.87 256.25 252.66 249.10 245.58 242.11 238.68 235.32 232.03 228.81 225.67 222.61 219.66 216.80 214.05 211.41 208.88 206.42 204.03 201.71 199.46 197.29 195.18 193.14 191.18 189.28 187.46 185.71 184.03 182.42 180.88 179.41 178.02 176.70 175.44 174.26 173.15 172.12 171.15 170.24 169.40 168.61 167.89 167.22 166.60 166.04 165.53 165.08 164.67 164.31 163.99 163.72 163.49 163.30 163.12 162.95 162.78
278.99 280.72 282.00 282.83 283.22 283.17 282.70 281.80 280.50 278.79 276.68 274.19 271.31 268.06 264.48 260.79 257.11 253.47 249.86 246.28 242.76 239.29 235.88 232.54 229.28 226.09 223.00 220.00 217.11 214.32 211.65 209.08 206.59 204.17 201.82 199.55 197.35 195.23 193.17 191.19 189.28 187.45 185.69 184.00 182.39 180.85 179.38 177.99 176.67 175.42 174.25 173.15 172.12 171.15 170.25 169.41 168.63 167.91 167.25 166.64 166.09 165.60 165.15 164.76 164.41 164.11 163.86 163.65 163.45 163.26 163.08
286.29 287.72 288.72 289.28 289.42 289.15 288.46 287.37 285.89 284.02 281.77 279.15 276.17 272.83 269.18 265.41 261.67 257.94 254.24 250.57 246.95 243.38 239.86 236.41 233.02 229.71 226.49 223.35 220.32 217.39 214.56 211.86 209.26 206.74 204.29 201.92 199.62 197.40 195.26 193.18 191.19 189.27 187.42 185.66 183.96 182.35 180.80 179.34 177.95 176.63 175.39 174.23 173.13 172.10 171.14 170.24 169.41 168.64 167.93 167.29 166.70 166.16 165.68 165.25 164.88 164.55 164.28 164.04 163.83 163.62 163.42
293.59 294.73 295.45 295.75 295.65 295.14 294.25 292.97 291.32 289.29 286.91 284.17 281.09 277.67 273.94 270.12 266.30 262.49 258.71 254.96 251.24 247.57 243.95 240.39 236.89 233.46 230.11 226.84 223.67 220.60 217.63 214.77 212.03 209.40 206.85 204.38 201.98 199.66 197.42 195.26 193.17 191.16 189.23 187.38 185.60 183.90 182.29 180.74 179.28 177.89 176.58 175.35 174.19 173.10 172.08 171.12 170.24 169.42 168.66 167.97 167.34 166.77 166.25 165.79 165.39 165.04 164.73 164.48 164.24 164.02 163.80
300.87 301.72 302.17 302.21 301.87 301.15 300.05 298.59 296.77 294.60 292.08 289.23 286.05 282.55 278.76 274.88 270.99 267.11 263.26 259.42 255.62 251.85 248.14 244.47 240.86 237.32 233.84 230.45 227.15 223.94 220.83 217.82 214.93 212.17 209.50 206.92 204.42 202.00 199.66 197.40 195.22 193.12 191.10 189.16 187.30 185.52 183.82 182.20 180.65 179.20 177.81 176.51 175.29 174.13 173.05 172.05 171.11 170.24 169.44 168.70 168.02 167.41 166.86 166.37 165.93 165.56 165.23 164.95 164.70 164.45 164.21
308.12 308.68 308.86 308.66 308.09 307.15 305.85 304.21 302.23 299.91 297.27 294.31 291.04 287.47 283.62 279.68 275.73 271.79 267.86 263.95 260.06 256.21 252.40 248.63 244.92 241.26 237.68 234.17 230.74 227.39 224.14 221.00 217.96 215.04 212.24 209.55 206.94 204.42 201.98 199.62 197.34 195.14 193.03 190.99 189.04 187.18 185.39 183.69 182.07 180.54 179.09 177.72 176.42 175.21 174.07 173.01 172.01 171.09 170.24 169.46 168.75 168.10 167.51 166.98 166.52 166.11 165.77 165.47 165.19 164.93 164.67
315.32 315.60 315.52 315.07 314.27 313.12 311.63 309.82 307.68 305.22 302.46 299.39 296.04 292.40 288.50 284.51 280.50 276.50 272.50 268.52 264.56 260.62 256.72 252.86 249.05 245.29 241.59 237.97 234.41 230.94 227.56 224.28 221.10 218.03 215.08 212.25 209.53 206.90 204.35 201.89 199.51 197.21 195.00 192.87 190.83 188.87 187.00 185.22 183.53 181.92 180.40 178.96 177.60 176.32 175.13 174.00 172.96 171.99 171.09 170.26 169.51 168.82 168.19 167.64 167.14 166.71 166.34 166.02 165.72 165.43 165.16
322.45 322.46 322.11 321.43 320.40 319.05 317.38 315.39 313.10 310.51 307.63 304.47 301.03 297.33 293.38 289.34 285.29 281.23 277.17 273.12 269.09 265.07 261.09 257.14 253.23 249.37 245.57 241.83 238.17 234.58 231.07 227.65 224.34 221.12 218.02 215.04 212.18 209.43 206.78 204.21 201.72 199.33 197.02 194.79 192.65 190.61 188.65 186.79 185.02 183.34 181.74 180.23 178.81 177.47 176.22 175.04 173.94 172.92 171.97 171.10 170.30 169.57 168.91 168.32 167.80 167.34 166.94 166.60 166.28 165.98 165.68
329.50 329.24 328.64 327.72 326.48 324.92 323.07 320.92 318.48 315.76 312.77 309.51 306.00 302.24 298.25 294.17 290.07 285.96 281.85 277.74 273.63 269.55 265.48 261.45 257.46 253.50 249.60 245.76 241.98 238.27 234.64 231.10 227.65 224.30 221.05 217.92 214.91 212.02 209.25 206.57 203.98 201.48 199.06 196.74 194.51 192.37 190.34 188.39 186.54 184.79 183.12 181.55 180.06 178.66 177.34 176.11 174.95 173.88 172.89 171.97 171.13 170.36 169.67 169.04 168.49 168.00 167.58 167.21 166.87 166.55 166.23
336.45 335.92 335.07 333.92 332.47 330.72 328.69 326.38 323.80 320.96 317.86 314.52 310.93 307.12 303.09 298.98 294.84 290.68 286.52 282.35 278.18 274.03 269.89 265.78 261.70 257.66 253.66 249.72 245.84 242.02 238.27 234.61 231.03 227.54 224.16 220.89 217.72 214.68 211.77 208.98 206.27 203.66 201.14 198.72 196.40 194.17 192.05 190.03 188.11 186.27 184.54 182.89 181.34 179.88 178.50 177.21 176.00 174.88 173.84 172.87 171.99 171.18 170.45 169.79 169.21 168.69 168.24 167.86 167.50 167.15 166.82
343.28 342.49 341.40 340.03 338.37 336.43 334.23 331.76 329.05 326.09 322.89 319.46 315.81 311.95 307.89 303.75 299.57 295.38 291.16 286.94 282.72 278.50 274.30 270.11 265.95 261.83 257.74 253.70 249.72 245.79 241.94 238.15 234.45 230.84 227.32 223.91 220.60 217.41 214.35 211.41 208.59 205.87 203.24 200.73 198.32 196.01 193.80 191.70 189.70 187.79 185.98 184.27 182.65 181.12 179.69 178.34 177.08 175.90 174.81 173.81 172.88 172.03 171.26 170.57 169.95 169.41 168.94 168.53 168.15 167.79 167.43
349.98 348.94 347.61 346.01 344.15 342.03 339.66 337.05 334.20 331.13 327.83 324.33 320.62 316.71 312.63 308.46 304.25 300.02 295.77 291.50 287.23 282.95 278.68 274.43 270.20 265.99 261.82 257.69 253.61 249.58 245.62 241.73 237.91 234.17 230.53 226.98 223.54 220.20 216.99 213.89 210.93 208.10 205.38 202.77 200.27 197.87 195.58 193.40 191.32 189.34 187.46 185.68 183.99 182.40 180.91 179.50 178.18 176.96 175.82 174.77 173.80 172.91 172.11 171.38 170.73 170.16 169.66 169.23 168.83 168.45 168.07
356.53 355.24 353.68 351.87 349.81 347.51 344.98 342.22 339.25 336.06 332.68 329.10 325.34 321.39 317.29 313.10 308.87 304.60 300.31 296.01 291.68 287.36 283.03 278.71 274.41 270.13 265.88 261.67 257.50 253.38 249.31 245.31 241.38 237.53 233.76 230.08 226.50 223.03 219.67 216.42 213.32 210.36 207.54 204.84 202.25 199.77 197.39 195.13 192.97 190.92 188.96 187.11 185.36 183.71 182.15 180.69 179.32 178.04 176.85 175.75 174.74 173.82 172.97 172.21 171.53 170.93 170.41 169.96 169.54 169.13 168.74
362.92 361.38 359.60 357.57 355.32 352.85 350.16 347.27 344.17 340.88 337.41 333.77 329.95 325.98 321.85 317.65 313.40 309.11 304.79 300.44 296.08 291.71 287.33 282.95 278.59 274.24 269.91 265.62 261.36 257.15 252.99 248.88 244.85 240.88 236.99 233.19 229.49 225.88 222.38 219.00 215.76 212.67 209.73 206.93 204.25 201.69 199.23 196.89 194.65 192.52 190.50 188.57 186.76 185.04 183.42 181.90 180.48 179.15 177.91 176.77 175.71 174.74 173.87 173.07 172.36 171.73 171.18 170.71 170.26 169.84 169.42
369.12 367.34 365.34 363.11 360.68 358.03 355.19 352.16 348.95 345.57 342.02 338.31 334.45 330.44 326.31 322.10 317.83 313.52 309.17 304.80 300.40 295.98 291.55 287.13 282.70 278.29 273.89 269.52 265.19 260.89 256.64 252.44 248.30 244.22 240.22 236.30 232.47 228.74 225.11 221.61 218.26 215.04 211.98 209.06 206.29 203.63 201.09 198.67 196.35 194.15 192.05 190.06 188.18 186.40 184.72 183.14 181.66 180.28 178.99 177.80 176.70 175.70 174.78 173.95 173.21 172.55 171.98 171.48 171.02 170.57 170.13
375.13 373.12 370.90 368.47 365.85 363.04 360.06 356.90 353.58 350.10 346.47 342.71 338.81 334.78 330.64 326.42 322.14 317.82 313.45 309.05 304.62 300.16 295.69 291.22 286.74 282.27 277.81 273.37 268.96 264.58 260.24 255.95 251.71 247.53 243.43 239.39 235.44 231.60 227.87 224.26 220.79 217.46 214.27 211.23 208.35 205.60 202.98 200.47 198.08 195.80 193.63 191.57 189.62 187.77 186.03 184.40 182.86 181.43 180.10 178.86 177.72 176.67 175.72 174.85 174.08 173.39 172.80 172.27 171.79 171.32 170.86
380.93 378.68 376.25 373.63 370.83 367.87 364.74 361.46 358.03 354.46 350.77 346.95 343.01 338.97 334.83 330.61 326.33 321.99 317.61 313.18 308.73 304.24 299.73 295.21 290.69 286.16 281.64 277.14 272.66 268.20 263.78 259.40 255.07 250.80 246.59 242.45 238.40 234.46 230.63 226.93 223.36 219.92 216.62 213.46 210.45 207.60 204.89 202.30 199.83 197.47 195.23 193.10 191.08 189.17 187.37 185.68 184.09 182.60 181.22 179.94 178.75 177.66 176.67 175.77 174.97 174.25 173.63 173.08 172.57 172.08 171.61
386.49 384.02 381.38 378.57 375.60 372.48 369.22 365.82 362.29 358.64 354.88 351.01 347.05 342.99 338.85 334.64 330.36 326.02 321.63 317.19 312.71 308.19 303.65 299.10 294.53 289.95 285.38 280.82 276.27 271.74 267.25 262.79 258.37 254.01 249.70 245.47 241.34 237.31 233.40 229.61 225.94 222.40 219.00 215.73 212.61 209.64 206.82 204.14 201.59 199.16 196.85 194.65 192.56 190.59 188.73 186.98 185.33 183.79 182.36 181.03 179.80 178.67 177.64 176.71 175.88 175.13 174.48 173.91 173.38 172.87 172.37
391.81 389.12 386.28 383.28 380.15 376.88 373.49 369.97 366.35 362.62 358.80 354.89 350.90 346.84 342.71 338.50 334.23 329.89 325.49 321.04 316.54 312.01 307.44 302.85 298.24 293.62 289.00 284.38 279.78 275.18 270.62 266.08 261.58 257.13 252.75 248.45 244.25 240.15 236.17 232.29 228.53 224.90 221.40 218.03 214.80 211.72 208.79 206.01 203.38 200.87 198.48 196.21 194.06 192.03 190.10 188.29 186.59 185.00 183.52 182.14 180.87 179.70 178.63 177.67 176.80 176.02 175.35 174.75 174.20 173.67 173.15
396.86 393.96 390.92 387.75 384.45 381.04 377.52 373.90 370.19 366.39 362.51 358.56 354.55 350.48 346.37 342.18 337.92 333.58 329.18 324.72 320.22 315.66 311.08 306.46 301.82 297.16 292.49 287.83 283.16 278.51 273.88 269.27 264.70 260.18 255.74 251.39 247.13 242.97 238.91 234.96 231.12 227.41 223.82 220.35 217.03 213.84 210.80 207.92 205.18 202.60 200.14 197.80 195.58 193.48 191.49 189.62 187.87 186.22 184.69 183.27 181.95 180.74 179.64 178.63 177.73 176.93 176.23 175.61 175.03 174.48 173.94
401.64 398.53 395.30 391.95 388.50 384.95 381.31 377.58 373.78 369.91 365.99 362.01 357.98 353.92 349.82 345.66 341.41 337.08 332.69 328.23 323.71 319.15 314.54 309.90 305.23 300.54 295.84 291.13 286.41 281.71 277.01 272.34 267.71 263.15 258.67 254.27 249.96 245.74 241.62 237.60 233.70 229.91 226.23 222.69 219.27 215.99 212.86 209.86 207.02 204.34 201.80 199.39 197.11 194.94 192.90 190.97 189.16 187.46 185.88 184.41 183.05 181.80 180.65 179.61 178.68 177.85 177.12 176.48 175.88 175.30 174.74
406.12 402.80 399.39 395.87 392.27 388.58 384.83 381.01 377.12 373.19 369.22 365.21 361.18 357.13 353.05 348.91 344.68 340.37 335.99 331.53 327.02 322.45 317.83 313.17 308.48 303.76 299.02 294.27 289.51 284.75 280.01 275.29 270.63 266.04 261.53 257.09 252.73 248.46 244.29 240.22 236.25 232.39 228.65 225.02 221.53 218.16 214.93 211.84 208.90 206.12 203.49 201.00 198.65 196.42 194.31 192.32 190.46 188.71 187.08 185.56 184.15 182.86 181.68 180.61 179.64 178.78 178.02 177.36 176.73 176.14 175.56
410.29 406.77 403.17 399.50 395.75 391.93 388.07 384.15 380.20 376.21 372.20 368.17 364.13 360.09 356.04 351.93 347.73 343.44 339.07 334.62 330.11 325.54 320.91 316.24 311.53 306.79 302.02 297.24 292.44 287.64 282.86 278.13 273.45 268.84 264.30 259.83 255.43 251.13 246.91 242.79 238.76 234.84 231.04 227.35 223.78 220.33 217.02 213.85 210.82 207.93 205.20 202.63 200.20 197.91 195.74 193.69 191.77 189.97 188.28 186.72 185.27 183.93 182.71 181.60 180.61 179.71 178.93 178.24 177.60 176.98 176.38
414.13 410.42 406.65 402.81 398.92 394.98 391.01 387.01 382.98 378.94 374.89 370.84 366.81 362.78 358.77 354.70 350.53 346.26 341.91 337.48 332.98 328.41 323.78 319.11 314.38 309.62 304.83 300.02 295.19 290.36 285.58 280.84 276.16 271.53 266.97 262.48 258.06 253.72 249.47 245.30 241.23 237.26 233.40 229.65 226.01 222.50 219.11 215.86 212.74 209.77 206.95 204.28 201.77 199.40 197.17 195.07 193.09 191.23 189.50 187.89 186.39 185.02 183.76 182.61 181.58 180.66 179.85 179.13 178.47 177.82 177.20
