data_output/RCH/Precip_1985_08.asc
ncols        168
nrows        136
xllcorner    455000
yllcorner    2107000
cellsize     500
NODATA_value     -99999
[rows 66 to 98 of 136, columns 0 to 73 of 168]
173.28 178.03 182.20 185.84 188.97 191.62 193.84 195.66 197.12 198.24 199.06 199.63 199.96 200.11 200.09 199.96 199.74 199.44 199.07 198.63 198.12 197.54 196.89 196.18 195.40 194.56 193.67 192.71 191.69 190.62 189.50 188.33 187.10 185.83 184.51 183.14 181.73 180.28 178.79 177.24 175.62 173.92 172.14 170.30 168.38 166.40 164.33 162.17 159.93 157.62 155.23 152.77 150.25 147.68 145.06 142.39 139.68 136.94 134.17 131.38 128.57 125.75 122.92 120.09 117.26 114.45 111.65 108.87 106.11 103.46 101.04 98.88 96.96 95.27
172.99 177.85 182.12 185.85 189.07 191.81 194.11 196.00 197.51 198.69 199.57 200.18 200.55 200.73 200.74 200.63 200.43 200.15 199.80 199.38 198.88 198.32 197.68 196.98 196.22 195.39 194.50 193.56 192.55 191.49 190.37 189.20 187.98 186.71 185.39 184.03 182.62 181.17 179.67 178.14 176.55 174.89 173.15 171.34 169.45 167.47 165.40 163.23 160.99 158.66 156.26 153.79 151.26 148.68 146.04 143.36 140.63 137.87 135.09 132.27 129.44 126.60 123.75 120.89 118.04 115.20 112.38 109.57 106.79 104.10 101.66 99.48 97.54 95.84
172.70 177.67 182.04 185.86 189.17 191.99 194.36 196.32 197.90 199.14 200.07 200.72 201.14 201.35 201.39 201.30 201.11 200.86 200.52 200.12 199.64 199.09 198.47 197.78 197.03 196.21 195.33 194.39 193.40 192.34 191.23 190.07 188.85 187.58 186.27 184.90 183.50 182.04 180.55 179.01 177.44 175.81 174.11 172.33 170.45 168.47 166.39 164.22 161.97 159.64 157.23 154.75 152.22 149.62 146.97 144.28 141.54 138.77 135.96 133.13 130.29 127.43 124.56 121.68 118.81 115.95 113.10 110.27 107.46 104.75 102.29 100.09 98.14 96.42
172.41 177.47 181.95 185.87 189.26 192.16 194.61 196.64 198.28 199.58 200.56 201.26 201.71 201.95 202.02 201.95 201.79 201.55 201.24 200.84 200.38 199.84 199.24 198.57 197.82 197.02 196.15 195.22 194.23 193.18 192.08 190.92 189.71 188.44 187.13 185.77 184.36 182.91 181.41 179.87 178.30 176.68 175.01 173.24 171.36 169.38 167.30 165.13 162.88 160.55 158.13 155.65 153.11 150.51 147.85 145.15 142.40 139.62 136.80 133.96 131.10 128.22 125.34 122.45 119.56 116.68 113.81 110.96 108.13 105.40 102.92 100.70 98.74 97.02
172.10 177.28 181.85 185.86 189.34 192.33 194.85 196.95 198.66 200.01 201.04 201.78 202.28 202.55 202.65 202.60 202.46 202.24 201.94 201.56 201.11 200.59 200.00 199.34 198.61 197.82 196.96 196.04 195.06 194.01 192.92 191.76 190.55 189.29 187.98 186.62 185.21 183.76 182.26 180.72 179.14 177.51 175.83 174.06 172.19 170.21 168.14 165.97 163.72 161.39 158.98 156.49 153.95 151.34 148.68 145.97 143.22 140.43 137.60 134.75 131.88 129.00 126.10 123.19 120.29 117.39 114.51 111.64 108.79 106.05 103.55 101.32 99.35 97.62
171.79 177.07 181.75 185.85 189.42 192.48 195.08 197.25 199.02 200.43 201.51 202.30 202.83 203.14 203.27 203.24 203.12 202.91 202.63 202.27 201.84 201.33 200.75 200.11 199.39 198.60 197.76 196.84 195.87 194.83 193.74 192.59 191.39 190.13 188.82 187.46 186.05 184.60 183.10 181.55 179.96 178.31 176.59 174.80 172.93 170.96 168.89 166.74 164.49 162.16 159.75 157.27 154.72 152.12 149.46 146.74 143.99 141.19 138.37 135.51 132.63 129.74 126.83 123.92 121.00 118.09 115.19 112.31 109.45 106.69 104.18 101.94 99.97 98.24
171.48 176.86 181.64 185.83 189.49 192.64 195.31 197.55 199.38 200.85 201.98 202.81 203.39 203.73 203.88 203.87 203.77 203.58 203.32 202.97 202.56 202.06 201.50 200.86 200.16 199.38 198.54 197.64 196.67 195.64 194.56 193.41 192.21 190.96 189.65 188.29 186.88 185.42 183.92 182.37 180.75 179.06 177.30 175.48 173.59 171.63 169.57 167.42 165.18 162.86 160.45 157.98 155.44 152.84 150.18 147.47 144.71 141.92 139.09 136.23 133.34 130.44 127.53 124.61 121.69 118.77 115.86 112.97 110.10 107.32 104.81 102.57 100.59 98.86
171.16 176.65 181.52 185.81 189.55 192.78 195.53 197.84 199.73 201.26 202.44 203.32 203.93 204.30 204.48 204.49 204.41 204.24 203.99 203.67 203.26 202.78 202.23 201.61 200.91 200.15 199.32 198.42 197.46 196.44 195.36 194.22 193.02 191.77 190.46 189.10 187.70 186.24 184.73 183.15 181.50 179.77 177.97 176.11 174.19 172.21 170.16 168.02 165.79 163.48 161.09 158.63 156.09 153.49 150.84 148.14 145.38 142.59 139.76 136.90 134.02 131.12 128.21 125.28 122.36 119.43 116.52 113.62 110.74 107.95 105.43 103.19 101.21 99.49
170.83 176.43 181.40 185.78 189.61 192.92 195.74 198.12 200.08 201.66 202.89 203.82 204.46 204.87 205.07 205.11 205.04 204.89 204.66 204.35 203.96 203.50 202.96 202.34 201.66 200.91 200.08 199.20 198.24 197.23 196.15 195.02 193.82 192.57 191.27 189.91 188.50 187.04 185.50 183.88 182.19 180.43 178.60 176.70 174.75 172.74 170.67 168.55 166.33 164.03 161.66 159.20 156.68 154.09 151.45 148.75 146.01 143.22 140.40 137.54 134.66 131.76 128.85 125.92 123.00 120.07 117.15 114.25 111.36 108.58 106.05 103.81 101.84 100.13
170.50 176.20 181.27 185.75 189.66 193.05 195.95 198.39 200.42 202.05 203.34 204.30 204.99 205.43 205.66 205.71 205.66 205.53 205.32 205.02 204.65 204.20 203.67 203.07 202.40 201.65 200.84 199.96 199.02 198.01 196.93 195.80 194.61 193.36 192.06 190.70 189.29 187.80 186.22 184.57 182.85 181.05 179.18 177.26 175.27 173.23 171.13 168.99 166.79 164.51 162.15 159.71 157.20 154.63 152.00 149.31 146.57 143.80 140.98 138.13 135.26 132.37 129.46 126.54 123.61 120.69 117.77 114.87 111.98 109.19 106.67 104.43 102.47 100.77
170.16 175.97 181.14 185.71 189.71 193.18 196.15 198.66 200.75 202.44 203.77 204.79 205.51 205.98 206.23 206.31 206.28 206.17 205.97 205.69 205.33 204.89 204.38 203.79 203.13 202.39 201.59 200.72 199.78 198.77 197.71 196.58 195.39 194.14 192.84 191.48 190.04 188.51 186.90 185.22 183.46 181.62 179.73 177.77 175.75 173.68 171.56 169.39 167.18 164.91 162.57 160.15 157.66 155.10 152.48 149.81 147.09 144.32 141.52 138.68 135.82 132.93 130.03 127.12 124.20 121.28 118.37 115.46 112.58 109.79 107.28 105.05 103.10 101.41
169.82 175.73 181.00 185.66 189.75 193.30 196.35 198.93 201.07 202.82 204.21 205.26 206.02 206.52 206.80 206.90 206.89 206.79 206.61 206.35 206.00 205.58 205.07 204.50 203.84 203.12 202.32 201.46 200.53 199.53 198.47 197.34 196.16 194.91 193.61 192.22 190.74 189.18 187.54 185.82 184.02 182.16 180.23 178.24 176.20 174.10 171.95 169.75 167.51 165.24 162.91 160.51 158.04 155.50 152.91 150.25 147.55 144.80 142.01 139.19 136.34 133.46 130.57 127.67 124.76 121.85 118.94 116.04 113.16 110.38 107.87 105.66 103.72 102.05
169.47 175.49 180.85 185.61 189.78 193.41 196.53 199.18 201.39 203.19 204.63 205.73 206.53 207.06 207.37 207.48 207.49 207.41 207.24 206.99 206.66 206.25 205.76 205.20 204.55 203.84 203.05 202.19 201.27 200.28 199.22 198.10 196.91 195.67 194.33 192.91 191.40 189.80 188.13 186.37 184.55 182.66 180.70 178.68 176.60 174.48 172.30 170.08 167.81 165.51 163.18 160.80 158.36 155.84 153.27 150.63 147.95 145.22 142.45 139.65 136.81 133.95 131.08 128.19 125.29 122.39 119.49 116.60 113.73 110.96 108.46 106.26 104.34 102.69
169.12 175.24 180.70 185.55 189.81 193.52 196.72 199.43 201.70 203.56 205.05 206.19 207.03 207.59 207.92 208.06 208.08 208.02 207.87 207.64 207.32 206.92 206.44 205.89 205.25 204.55 203.77 202.92 202.00 201.01 199.96 198.84 197.66 196.38 195.02 193.56 192.01 190.38 188.67 186.89 185.03 183.11 181.12 179.08 176.97 174.82 172.62 170.37 168.09 165.76 163.41 161.02 158.60 156.11 153.56 150.95 148.29 145.59 142.84 140.05 137.24 134.40 131.54 128.67 125.78 122.90 120.02 117.14 114.28 111.52 109.04 106.85 104.96 103.34
168.76 174.98 180.55 185.49 189.83 193.62 196.89 199.68 202.01 203.92 205.46 206.64 207.52 208.11 208.47 208.63 208.67 208.62 208.49 208.27 207.96 207.58 207.11 206.57 205.95 205.25 204.48 203.63 202.72 201.74 200.69 199.57 198.36 197.05 195.65 194.16 192.58 190.92 189.18 187.37 185.48 183.53 181.51 179.44 177.31 175.13 172.91 170.64 168.33 165.98 163.61 161.20 158.78 156.31 153.79 151.21 148.58 145.90 143.17 140.41 137.62 134.80 131.96 129.11 126.25 123.38 120.51 117.65 114.81 112.06 109.60 107.44 105.57 103.97
168.40 174.73 180.39 185.42 189.85 193.72 197.06 199.91 202.31 204.28 205.86 207.09 208.00 208.63 209.01 209.19 209.25 209.22 209.10 208.89 208.60 208.23 207.77 207.24 206.63 205.94 205.18 204.34 203.43 202.46 201.40 200.26 199.02 197.68 196.24 194.72 193.11 191.41 189.64 187.80 185.89 183.91 181.87 179.77 177.62 175.41 173.16 170.87 168.54 166.17 163.78 161.36 158.91 156.45 153.95 151.40 148.80 146.15 143.45 140.72 137.95 135.16 132.35 129.52 126.68 123.83 120.98 118.14 115.32 112.59 110.15 108.01 106.17 104.60
168.21 174.47 180.22 185.34 189.86 193.81 197.23 200.15 202.60 204.63 206.26 207.53 208.48 209.14 209.54 209.74 209.82 209.80 209.70 209.51 209.23 208.87 208.43 207.90 207.30 206.62 205.87 205.04 204.14 203.16 202.08 200.91 199.63 198.25 196.79 195.23 193.59 191.87 190.07 188.20 186.26 184.25 182.19 180.06 177.89 175.66 173.39 171.07 168.72 166.34 163.93 161.49 159.02 156.55 154.05 151.53 148.96 146.34 143.68 140.97 138.24 135.47 132.69 129.88 127.07 124.25 121.42 118.61 115.80 113.09 110.68 108.57 106.76 105.23
168.52 174.36 180.06 185.26 189.87 193.90 197.39 200.37 202.89 204.97 206.65 207.96 208.95 209.64 210.07 210.29 210.38 210.38 210.29 210.12 209.85 209.50 209.07 208.56 207.97 207.29 206.55 205.72 204.82 203.82 202.71 201.50 200.19 198.79 197.29 195.70 194.03 192.28 190.46 188.56 186.59 184.56 182.47 180.32 178.12 175.88 173.58 171.25 168.88 166.48 164.05 161.59 159.11 156.62 154.11 151.60 149.06 146.47 143.84 141.17 138.47 135.74 132.98 130.21 127.42 124.63 121.83 119.04 116.26 113.58 111.19 109.11 107.34 105.85
169.41 174.74 180.04 185.18 189.87 193.98 197.54 200.59 203.17 205.30 207.03 208.39 209.41 210.13 210.59 210.82 210.93 210.95 210.88 210.72 210.47 210.13 209.71 209.21 208.62 207.96 207.22 206.40 205.47 204.44 203.30 202.05 200.71 199.28 197.75 196.13 194.43 192.66 190.81 188.88 186.89 184.84 182.72 180.55 178.33 176.06 173.75 171.40 169.01 166.59 164.15 161.67 159.18 156.67 154.15 151.63 149.09 146.54 143.95 141.32 138.65 135.95 133.23 130.49 127.74 124.97 122.21 119.45 116.69 114.04 111.68 109.64 107.90 106.46
170.83 175.67 180.48 185.24 189.87 194.05 197.69 200.81 203.44 205.63 207.41 208.81 209.87 210.62 211.10 211.36 211.48 211.52 211.46 211.31 211.07 210.75 210.34 209.84 209.27 208.61 207.88 207.03 206.07 205.01 203.84 202.56 201.19 199.72 198.17 196.52 194.80 192.99 191.12 189.17 187.16 185.08 182.94 180.75 178.51 176.22 173.89 171.52 169.12 166.68 164.22 161.74 159.23 156.71 154.18 151.64 149.10 146.55 144.00 141.41 138.78 136.12 133.43 130.73 128.01 125.28 122.55 119.82 117.10 114.48 112.16 110.15 108.46 107.06
172.71 177.10 181.44 185.74 190.00 194.13 197.83 201.02 203.71 205.96 207.78 209.23 210.32 211.10 211.61 211.88 212.02 212.07 212.03 211.89 211.67 211.36 210.96 210.47 209.91 209.26 208.50 207.62 206.63 205.53 204.33 203.02 201.62 200.13 198.54 196.87 195.12 193.30 191.39 189.42 187.39 185.29 183.13 180.92 178.66 176.36 174.01 171.62 169.20 166.75 164.27 161.78 159.26 156.73 154.18 151.64 149.08 146.53 143.99 141.43 138.85 136.23 133.59 130.92 128.24 125.55 122.86 120.17 117.48 114.89 112.61 110.65 108.99 107.64
175.00 178.96 182.87 186.73 190.55 194.32 197.97 201.22 203.98 206.28 208.15 209.64 210.77 211.58 212.11 212.40 212.56 212.62 212.59 212.47 212.26 211.96 211.57 211.10 210.53 209.86 209.07 208.16 207.14 206.01 204.78 203.44 202.01 200.49 198.88 197.19 195.41 193.56 191.64 189.64 187.58 185.47 183.29 181.06 178.78 176.46 174.10 171.70 169.26 166.80 164.31 161.80 159.27 156.73 154.18 151.62 149.06 146.50 143.95 141.41 138.86 136.29 133.69 131.07 128.43 125.78 123.13 120.47 117.83 115.28 113.04 111.12 109.51 108.21
177.64 181.21 184.71 188.16 191.56 194.91 198.23 201.42 204.24 206.59 208.51 210.04 211.21 212.05 212.60 212.91 213.09 213.16 213.15 213.04 212.84 212.55 212.18 211.70 211.12 210.42 209.59 208.65 207.60 206.44 205.18 203.82 202.36 200.82 199.18 197.46 195.66 193.79 191.84 189.83 187.75 185.61 183.42 181.17 178.88 176.54 174.16 171.75 169.30 166.82 164.32 161.80 159.26 156.71 154.15 151.59 149.02 146.46 143.90 141.36 138.83 136.30 133.74 131.17 128.58 125.97 123.36 120.75 118.14 115.64 113.44 111.57 110.02 108.77
180.58 183.77 186.90 189.97 192.98 195.94 198.86 201.73 204.49 206.90 208.87 210.44 211.64 212.51 213.09 213.41 213.61 213.70 213.70 213.60 213.42 213.14 212.77 212.28 211.66 210.92 210.07 209.10 208.02 206.83 205.54 204.16 202.67 201.10 199.44 197.70 195.88 193.98 192.02 189.98 187.89 185.73 183.52 181.26 178.95 176.60 174.20 171.77 169.31 166.83 164.32 161.78 159.24 156.68 154.11 151.54 148.97 146.40 143.84 141.30 138.76 136.25 133.74 131.22 128.67 126.12 123.55 120.99 118.42 115.97 113.81 112.00 110.50 109.31
183.75 186.60 189.39 192.10 194.75 197.35 199.89 202.39 204.85 207.20 209.22 210.83 212.07 212.97 213.57 213.91 214.12 214.23 214.24 214.16 213.99 213.71 213.32 212.80 212.15 211.38 210.50 209.50 208.39 207.18 205.87 204.45 202.95 201.35 199.67 197.91 196.06 194.15 192.16 190.11 187.99 185.82 183.59 181.32 178.99 176.63 174.22 171.78 169.31 166.81 164.29 161.75 159.20 156.63 154.06 151.49 148.91 146.34 143.78 141.23 138.70 136.18 133.69 131.21 128.72 126.22 123.70 121.19 118.67 116.26 114.16 112.40 110.96 109.83
187.09 189.64 192.11 194.50 196.82 199.07 201.28 203.43 205.53 207.60 209.57 211.22 212.49 213.42 214.04 214.40 214.63 214.75 214.78 214.71 214.54 214.25 213.82 213.27 212.60 211.80 210.89 209.86 208.73 207.49 206.15 204.71 203.18 201.56 199.86 198.07 196.21 194.28 192.27 190.20 188.07 185.89 183.64 181.35 179.01 176.64 174.22 171.77 169.29 166.78 164.25 161.71 159.15 156.57 154.00 151.42 148.84 146.27 143.70 141.15 138.62 136.11 133.62 131.17 128.72 126.27 123.81 121.35 118.88 116.53 114.48 112.77 111.40 110.33
190.55 192.82 195.00 197.10 199.12 201.07 202.95 204.79 206.57 208.30 210.00 211.60 212.91 213.86 214.51 214.89 215.13 215.27 215.31 215.25 215.06 214.73 214.28 213.70 212.99 212.17 211.23 210.18 209.02 207.75 206.39 204.93 203.38 201.74 200.02 198.21 196.33 194.38 192.36 190.27 188.12 185.92 183.67 181.36 179.01 176.62 174.20 171.74 169.25 166.73 164.20 161.65 159.08 156.50 153.92 151.34 148.76 146.19 143.62 141.08 138.54 136.04 133.55 131.10 128.68 126.28 123.88 121.47 119.06 116.75 114.77 113.12 111.81 110.75
194.08 196.10 198.02 199.85 201.60 203.27 204.87 206.41 207.89 209.32 210.71 212.06 213.32 214.30 214.97 215.37 215.63 215.78 215.83 215.74 215.53 215.17 214.69 214.08 213.35 212.50 211.53 210.45 209.27 207.98 206.59 205.11 203.54 201.88 200.14 198.32 196.42 194.45 192.41 190.31 188.15 185.93 183.67 181.35 178.99 176.59 174.15 171.69 169.19 166.67 164.13 161.57 159.00 156.42 153.84 151.25 148.67 146.10 143.54 140.99 138.46 135.96 133.48 131.03 128.62 126.24 123.89 121.54 119.19 116.95 115.02 113.44 112.13 110.94
197.60 199.40 201.09 202.69 204.19 205.62 206.96 208.24 209.45 210.61 211.72 212.78 213.81 214.74 215.43 215.84 216.11 216.28 216.31 216.19 215.95 215.56 215.05 214.41 213.66 212.78 211.79 210.69 209.48 208.17 206.76 205.26 203.67 201.99 200.23 198.39 196.47 194.49 192.44 190.32 188.15 185.92 183.64 181.32 178.95 176.54 174.09 171.62 169.12 166.59 164.04 161.48 158.91 156.33 153.75 151.16 148.58 146.01 143.45 140.91 138.38 135.88 133.41 130.97 128.56 126.20 123.87 121.58 119.29 117.10 115.24 113.66 112.21 110.85
201.07 202.67 204.17 205.56 206.85 208.06 209.18 210.22 211.19 212.10 212.96 213.76 214.52 215.24 215.88 216.31 216.59 216.73 216.74 216.59 216.32 215.91 215.37 214.71 213.92 213.02 212.00 210.88 209.65 208.32 206.89 205.37 203.76 202.06 200.29 198.43 196.50 194.50 192.44 190.31 188.12 185.88 183.60 181.26 178.88 176.47 174.02 171.53 169.03 166.50 163.95 161.38 158.81 156.23 153.64 151.06 148.48 145.91 143.36 140.82 138.30 135.80 133.34 130.90 128.51 126.15 123.84 121.57 119.34 117.22 115.35 113.63 112.01 110.48
204.43 205.87 207.19 208.40 209.51 210.53 211.45 212.29 213.05 213.74 214.37 214.94 215.47 215.95 216.39 216.76 217.02 217.14 217.11 216.94 216.63 216.20 215.63 214.95 214.14 213.21 212.17 211.03 209.78 208.43 206.98 205.44 203.82 202.10 200.31 198.44 196.50 194.48 192.41 190.27 188.07 185.82 183.52 181.18 178.80 176.37 173.92 171.43 168.92 166.39 163.84 161.27 158.70 156.12 153.53 150.95 148.38 145.81 143.26 140.73 138.21 135.73 133.27 130.84 128.46 126.11 123.81 121.56 119.36 117.23 115.22 113.32 111.53 109.84
207.67 208.96 210.14 211.19 212.14 212.98 213.72 214.38 214.95 215.44 215.87 216.23 216.53 216.78 216.97 217.07 217.22 217.31 217.25 217.06 216.74 216.28 215.69 214.99 214.16 213.22 212.16 211.00 209.74 208.37 206.91 205.36 203.72 202.00 200.19 198.31 196.36 194.34 192.26 190.11 187.91 185.66 183.36 181.01 178.63 176.20 173.75 171.26 168.75 166.22 163.68 161.11 158.54 155.97 153.39 150.82 148.25 145.70 143.16 140.63 138.13 135.66 133.21 130.80 128.43 126.10 123.82 121.58 119.40 117.24 115.06 112.98 111.01 109.15
210.83 211.99 213.02 213.93 214.71 215.39 215.96 216.44 216.83 217.13 217.36 217.51 217.61 217.62 217.49 217.22 217.08 217.07 217.00 216.80 216.46 215.99 215.40 214.68 213.84 212.89 211.83 210.67 209.40 208.03 206.56 205.01 203.37 201.64 199.84 197.96 196.01 193.99 191.91 189.77 187.58 185.33 183.04 180.70 178.32 175.91 173.46 170.99 168.49 165.97 163.44 160.89 158.34 155.78 153.22 150.66 148.12 145.58 143.06 140.56 138.08 135.63 133.21 130.82 128.47 126.17 123.91 121.70 119.53 117.38 115.15 112.90 110.74 108.70
