data_output/RCH/Precip_2006_12.asc
ncols        168
nrows        136
xllcorner    455000
yllcorner    2107000
cellsize     500
NODATA_value     -99999
[rows 0 to 37 of 136, columns 84 to 167 of 168]
1.15 1.10 1.06 1.01 0.96 0.91 0.87 0.82 0.77 0.73 0.68 0.63 0.59 0.54 0.50 0.45 0.41 0.37 0.32 0.28 0.24 0.20 0.16 0.13 0.09 0.06 0.02 0.00 0.00 0.00 0.00 0.00 0.00 0.00 0.00 0.00 0.00 0.00 0.00 0.00 0.00 0.00 0.00 0.00 0.00 0.00 0.00 0.10 0.27 0.46 0.68 0.92 1.18 1.46 1.76 2.08 2.40 2.74 3.08 3.41 3.73 4.04 4.35 4.64 4.92 5.18 5.43 5.66 5.86 6.05 6.21 6.35 6.47 6.55 6.60 6.63 6.62 6.58 6.50 6.38 6.23 6.03 5.79 5.51
1.13 1.08 1.04 0.99 0.94 0.89 0.85 0.80 0.75 0.70 0.66 0.61 0.57 0.52 0.48 0.43 0.39 0.35 0.30 0.26 0.22 0.18 0.14 0.11 0.07 0.03 0.00 0.00 0.00 0.00 0.00 0.00 0.00 0.00 0.00 0.00 0.00 0.00 0.00 0.00 0.00 0.00 0.00 0.00 0.00 0.00 0.00 0.08 0.24 0.43 0.64 0.88 1.13 1.41 1.70 2.00 2.32 2.65 2.98 3.31 3.64 3.95 4.25 4.55 4.82 5.08 5.33 5.55 5.76 5.94 6.10 6.24 6.34 6.42 6.47 6.49 6.48 6.43 6.34 6.22 6.05 5.85 5.60 5.32
1.11 1.06 1.01 0.97 0.92 0.87 0.82 0.78 0.73 0.68 0.64 0.59 0.55 0.50 0.46 0.41 0.37 0.33 0.28 0.24 0.20 0.16 0.12 0.09 0.05 0.01 0.00 0.00 0.00 0.00 0.00 0.00 0.00 0.00 0.00 0.00 0.00 0.00 0.00 0.00 0.00 0.00 0.00 0.00 0.00 0.00 0.00 0.06 0.22 0.41 0.61 0.84 1.09 1.36 1.64 1.93 2.24 2.55 2.88 3.21 3.53 3.84 4.15 4.43 4.71 4.97 5.21 5.43 5.63 5.81 5.97 6.09 6.20 6.27 6.31 6.32 6.30 6.24 6.15 6.02 5.85 5.63 5.38 5.12
1.09 1.04 0.99 0.95 0.90 0.85 0.80 0.76 0.71 0.66 0.62 0.57 0.53 0.48 0.44 0.39 0.35 0.31 0.26 0.22 0.18 0.14 0.10 0.07 0.03 0.00 0.00 0.00 0.00 0.00 0.00 0.00 0.00 0.00 0.00 0.00 0.00 0.00 0.00 0.00 0.00 0.00 0.00 0.00 0.00 0.00 0.00 0.05 0.20 0.38 0.59 0.81 1.05 1.31 1.58 1.86 2.16 2.46 2.78 3.09 3.41 3.72 4.02 4.31 4.58 4.83 5.07 5.29 5.48 5.66 5.80 5.93 6.02 6.09 6.12 6.13 6.10 6.03 5.93 5.78 5.60 5.38 5.15 4.91
1.07 1.02 0.97 0.93 0.88 0.83 0.78 0.74 0.69 0.64 0.60 0.55 0.51 0.46 0.42 0.37 0.33 0.29 0.24 0.20 0.16 0.12 0.09 0.05 0.01 0.00 0.00 0.00 0.00 0.00 0.00 0.00 0.00 0.00 0.00 0.00 0.00 0.00 0.00 0.00 0.00 0.00 0.00 0.00 0.00 0.00 0.00 0.04 0.19 0.37 0.56 0.78 1.01 1.26 1.52 1.80 2.08 2.38 2.68 2.98 3.29 3.59 3.89 4.17 4.43 4.68 4.91 5.13 5.32 5.48 5.62 5.74 5.82 5.88 5.91 5.90 5.86 5.79 5.67 5.52 5.33 5.13 4.92 4.70
1.05 1.00 0.95 0.91 0.86 0.81 0.76 0.72 0.67 0.62 0.58 0.53 0.49 0.44 0.40 0.35 0.31 0.27 0.23 0.19 0.15 0.11 0.07 0.03 0.00 0.00 0.00 0.00 0.00 0.00 0.00 0.00 0.00 0.00 0.00 0.00 0.00 0.00 0.00 0.00 0.00 0.00 0.00 0.00 0.00 0.00 0.00 0.03 0.18 0.35 0.54 0.75 0.98 1.22 1.47 1.74 2.01 2.29 2.58 2.87 3.16 3.45 3.74 4.02 4.28 4.52 4.74 4.95 5.13 5.29 5.42 5.53 5.61 5.65 5.67 5.65 5.60 5.51 5.39 5.23 5.05 4.87 4.68 4.49
1.03 0.98 0.93 0.89 0.84 0.79 0.74 0.70 0.65 0.61 0.56 0.51 0.47 0.42 0.38 0.34 0.29 0.25 0.21 0.17 0.13 0.09 0.05 0.01 0.00 0.00 0.00 0.00 0.00 0.00 0.00 0.00 0.00 0.00 0.00 0.00 0.00 0.00 0.00 0.00 0.00 0.00 0.00 0.00 0.00 0.00 0.00 0.02 0.17 0.33 0.52 0.72 0.94 1.18 1.42 1.68 1.94 2.21 2.48 2.76 3.04 3.32 3.59 3.86 4.11 4.35 4.56 4.76 4.93 5.08 5.20 5.30 5.37 5.40 5.41 5.38 5.32 5.21 5.08 4.93 4.78 4.62 4.45 4.28
1.01 0.96 0.92 0.87 0.82 0.77 0.73 0.68 0.63 0.59 0.54 0.50 0.45 0.41 0.36 0.32 0.28 0.23 0.19 0.15 0.11 0.07 0.04 0.00 0.00 0.00 0.00 0.00 0.00 0.00 0.00 0.00 0.00 0.00 0.00 0.00 0.00 0.00 0.00 0.00 0.00 0.00 0.00 0.00 0.00 0.00 0.00 0.02 0.16 0.32 0.50 0.70 0.91 1.14 1.37 1.62 1.87 2.13 2.39 2.66 2.92 3.18 3.44 3.69 3.94 4.16 4.37 4.56 4.72 4.86 4.97 5.05 5.11 5.13 5.13 5.08 5.01 4.90 4.78 4.65 4.51 4.37 4.23 4.07
0.99 0.95 0.90 0.85 0.80 0.76 0.71 0.66 0.61 0.57 0.52 0.48 0.43 0.39 0.35 0.30 0.26 0.22 0.18 0.14 0.10 0.06 0.02 0.00 0.00 0.00 0.00 0.00 0.00 0.00 0.00 0.00 0.00 0.00 0.00 0.00 0.00 0.00 0.00 0.00 0.00 0.00 0.00 0.00 0.00 0.00 0.00 0.02 0.15 0.31 0.49 0.68 0.88 1.10 1.33 1.57 1.81 2.06 2.31 2.56 2.81 3.05 3.29 3.53 3.76 3.97 4.17 4.34 4.49 4.62 4.72 4.79 4.84 4.85 4.83 4.77 4.68 4.58 4.48 4.37 4.25 4.13 4.00 3.87
0.98 0.93 0.88 0.83 0.79 0.74 0.69 0.64 0.60 0.55 0.51 0.46 0.42 0.37 0.33 0.29 0.24 0.20 0.16 0.12 0.08 0.04 0.01 0.00 0.00 0.00 0.00 0.00 0.00 0.00 0.00 0.00 0.00 0.00 0.00 0.00 0.00 0.00 0.00 0.00 0.00 0.00 0.00 0.00 0.00 0.00 0.00 0.02 0.15 0.30 0.47 0.66 0.86 1.07 1.29 1.51 1.75 1.98 2.22 2.46 2.69 2.92 3.15 3.37 3.58 3.78 3.96 4.12 4.26 4.38 4.46 4.52 4.55 4.55 4.51 4.44 4.36 4.28 4.19 4.09 3.99 3.89 3.78 3.67
0.96 0.91 0.86 0.82 0.77 0.72 0.67 0.63 0.58 0.53 0.49 0.44 0.40 0.36 0.31 0.27 0.23 0.19 0.15 0.11 0.07 0.03 0.00 0.00 0.00 0.00 0.00 0.00 0.00 0.00 0.00 0.00 0.00 0.00 0.00 0.00 0.00 0.00 0.00 0.00 0.00 0.00 0.00 0.00 0.00 0.00 0.00 0.02 0.15 0.30 0.46 0.64 0.84 1.04 1.25 1.46 1.69 1.91 2.14 2.36 2.58 2.80 3.01 3.21 3.40 3.58 3.75 3.90 4.02 4.12 4.19 4.24 4.25 4.23 4.18 4.12 4.06 3.99 3.91 3.83 3.75 3.66 3.56 3.47
0.94 0.90 0.85 0.80 0.75 0.70 0.66 0.61 0.56 0.52 0.47 0.43 0.38 0.34 0.30 0.26 0.21 0.17 0.13 0.09 0.06 0.02 0.00 0.00 0.00 0.00 0.00 0.00 0.00 0.00 0.00 0.00 0.00 0.00 0.00 0.00 0.00 0.00 0.00 0.00 0.00 0.00 0.00 0.00 0.00 0.00 0.00 0.02 0.15 0.30 0.46 0.63 0.81 1.01 1.21 1.42 1.63 1.84 2.06 2.27 2.48 2.68 2.87 3.06 3.23 3.39 3.54 3.67 3.78 3.86 3.92 3.95 3.94 3.91 3.87 3.82 3.77 3.71 3.65 3.58 3.51 3.43 3.35 3.27
0.93 0.88 0.83 0.78 0.74 0.69 0.64 0.59 0.55 0.50 0.46 0.41 0.37 0.32 0.28 0.24 0.20 0.16 0.12 0.08 0.04 0.01 0.00 0.00 0.00 0.00 0.00 0.00 0.00 0.00 0.00 0.00 0.00 0.00 0.00 0.00 0.00 0.00 0.00 0.00 0.00 0.00 0.00 0.00 0.00 0.00 0.00 0.03 0.15 0.30 0.45 0.62 0.80 0.98 1.18 1.37 1.57 1.78 1.98 2.18 2.37 2.56 2.74 2.91 3.06 3.21 3.33 3.44 3.53 3.60 3.64 3.65 3.63 3.60 3.57 3.53 3.49 3.44 3.39 3.34 3.28 3.22 3.15 3.08
0.91 0.86 0.82 0.77 0.72 0.67 0.63 0.58 0.53 0.49 0.44 0.40 0.35 0.31 0.27 0.23 0.19 0.15 0.11 0.07 0.03 0.00 0.00 0.00 0.00 0.00 0.00 0.00 0.00 0.00 0.00 0.00 0.00 0.00 0.00 0.00 0.00 0.00 0.00 0.00 0.00 0.00 0.00 0.00 0.00 0.00 0.00 0.04 0.16 0.30 0.45 0.61 0.78 0.96 1.14 1.33 1.52 1.71 1.90 2.09 2.27 2.44 2.60 2.76 2.90 3.02 3.13 3.22 3.29 3.33 3.35 3.35 3.33 3.31 3.29 3.26 3.23 3.19 3.15 3.11 3.06 3.01 2.95 2.90
0.90 0.85 0.80 0.75 0.71 0.66 0.61 0.57 0.52 0.47 0.43 0.38 0.34 0.30 0.25 0.21 0.17 0.13 0.09 0.06 0.02 0.00 0.00 0.00 0.00 0.00 0.00 0.00 0.00 0.00 0.00 0.00 0.00 0.00 0.00 0.00 0.00 0.00 0.00 0.00 0.00 0.00 0.00 0.00 0.00 0.00 0.00 0.05 0.17 0.30 0.45 0.60 0.77 0.94 1.11 1.29 1.47 1.65 1.83 2.00 2.17 2.33 2.47 2.61 2.73 2.84 2.93 3.00 3.04 3.07 3.07 3.07 3.06 3.04 3.03 3.01 2.98 2.95 2.92 2.89 2.85 2.81 2.77 2.72
0.88 0.84 0.79 0.74 0.69 0.65 0.60 0.55 0.50 0.46 0.41 0.37 0.32 0.28 0.24 0.20 0.16 0.12 0.08 0.05 0.01 0.00 0.00 0.00 0.00 0.00 0.00 0.00 0.00 0.00 0.00 0.00 0.00 0.00 0.00 0.00 0.00 0.00 0.00 0.00 0.00 0.00 0.00 0.00 0.00 0.00 0.00 0.06 0.18 0.31 0.45 0.60 0.75 0.92 1.09 1.26 1.43 1.59 1.76 1.92 2.07 2.22 2.35 2.47 2.57 2.66 2.73 2.78 2.80 2.81 2.81 2.81 2.80 2.80 2.79 2.77 2.76 2.73 2.71 2.68 2.65 2.62 2.59 2.55
0.87 0.82 0.78 0.73 0.68 0.63 0.58 0.54 0.49 0.45 0.40 0.36 0.31 0.27 0.23 0.19 0.15 0.11 0.07 0.04 0.00 0.00 0.00 0.00 0.00 0.00 0.00 0.00 0.00 0.00 0.00 0.00 0.00 0.00 0.00 0.00 0.00 0.00 0.00 0.00 0.00 0.00 0.00 0.00 0.00 0.00 0.00 0.08 0.19 0.31 0.45 0.59 0.75 0.90 1.06 1.22 1.38 1.54 1.69 1.84 1.98 2.11 2.22 2.33 2.41 2.48 2.53 2.56 2.57 2.57 2.58 2.58 2.58 2.57 2.57 2.56 2.55 2.53 2.51 2.49 2.47 2.45 2.42 2.39
0.86 0.81 0.76 0.72 0.67 0.62 0.57 0.53 0.48 0.43 0.39 0.34 0.30 0.26 0.21 0.17 0.14 0.10 0.06 0.03 0.00 0.00 0.00 0.00 0.00 0.00 0.00 0.00 0.00 0.00 0.00 0.00 0.00 0.00 0.00 0.00 0.00 0.00 0.00 0.00 0.00 0.00 0.00 0.00 0.00 0.00 0.00 0.09 0.20 0.32 0.45 0.59 0.74 0.89 1.04 1.19 1.34 1.49 1.63 1.76 1.89 2.00 2.10 2.19 2.26 2.31 2.34 2.35 2.36 2.36 2.37 2.37 2.37 2.37 2.37 2.36 2.36 2.35 2.33 2.32 2.30 2.28 2.26 2.24
0.85 0.80 0.75 0.70 0.66 0.61 0.56 0.51 0.47 0.42 0.38 0.33 0.29 0.25 0.20 0.16 0.13 0.09 0.05 0.02 0.00 0.00 0.00 0.00 0.00 0.00 0.00 0.00 0.00 0.00 0.00 0.00 0.00 0.00 0.00 0.00 0.00 0.00 0.00 0.00 0.00 0.00 0.00 0.00 0.00 0.00 0.02 0.11 0.22 0.34 0.46 0.59 0.73 0.87 1.02 1.16 1.30 1.43 1.56 1.69 1.80 1.90 1.98 2.05 2.10 2.14 2.15 2.16 2.17 2.18 2.19 2.19 2.19 2.20 2.19 2.19 2.19 2.18 2.17 2.16 2.15 2.13 2.12 2.10
0.84 0.79 0.74 0.69 0.64 0.60 0.55 0.50 0.46 0.41 0.37 0.32 0.28 0.24 0.19 0.15 0.12 0.08 0.04 0.01 0.00 0.00 0.00 0.00 0.00 0.00 0.00 0.00 0.00 0.00 0.00 0.00 0.00 0.00 0.00 0.00 0.00 0.00 0.00 0.00 0.00 0.00 0.00 0.00 0.00 0.00 0.04 0.13 0.24 0.35 0.47 0.60 0.73 0.86 1.00 1.13 1.26 1.39 1.50 1.61 1.71 1.79 1.87 1.92 1.95 1.97 1.99 2.00 2.01 2.02 2.03 2.03 2.04 2.04 2.04 2.04 2.04 2.03 2.03 2.02 2.01 2.00 1.98 1.97
0.83 0.78 0.73 0.68 0.63 0.59 0.54 0.49 0.45 0.40 0.35 0.31 0.27 0.23 0.19 0.15 0.11 0.07 0.04 0.00 0.00 0.00 0.00 0.00 0.00 0.00 0.00 0.00 0.00 0.00 0.00 0.00 0.00 0.00 0.00 0.00 0.00 0.00 0.00 0.00 0.00 0.00 0.00 0.00 0.00 0.00 0.06 0.15 0.26 0.36 0.48 0.60 0.73 0.86 0.98 1.11 1.23 1.34 1.44 1.54 1.62 1.70 1.75 1.79 1.81 1.83 1.84 1.86 1.87 1.88 1.89 1.90 1.91 1.91 1.91 1.91 1.91 1.91 1.90 1.89 1.88 1.87 1.86 1.85
0.82 0.77 0.72 0.67 0.62 0.58 0.53 0.48 0.44 0.39 0.35 0.30 0.26 0.22 0.18 0.14 0.10 0.06 0.03 0.00 0.00 0.00 0.00 0.00 0.00 0.00 0.00 0.00 0.00 0.00 0.00 0.00 0.00 0.00 0.00 0.00 0.00 0.00 0.00 0.00 0.00 0.00 0.00 0.00 0.00 0.01 0.09 0.18 0.28 0.38 0.49 0.61 0.73 0.85 0.97 1.08 1.19 1.29 1.39 1.47 1.54 1.60 1.64 1.66 1.68 1.70 1.72 1.74 1.75 1.76 1.78 1.79 1.79 1.80 1.80 1.81 1.80 1.80 1.79 1.79 1.78 1.77 1.76 1.75
0.81 0.76 0.71 0.66 0.62 0.57 0.52 0.47 0.43 0.38 0.34 0.29 0.25 0.21 0.17 0.13 0.09 0.06 0.03 0.00 0.00 0.00 0.00 0.00 0.00 0.00 0.00 0.00 0.00 0.00 0.00 0.00 0.00 0.00 0.00 0.00 0.00 0.00 0.00 0.00 0.00 0.00 0.00 0.00 0.00 0.04 0.12 0.20 0.30 0.40 0.51 0.62 0.73 0.84 0.95 1.06 1.16 1.25 1.33 1.41 1.46 1.50 1.53 1.56 1.58 1.60 1.62 1.64 1.65 1.67 1.68 1.69 1.70 1.71 1.71 1.72 1.72 1.71 1.71 1.70 1.69 1.68 1.67 1.66
0.80 0.75 0.70 0.66 0.61 0.56 0.51 0.47 0.42 0.37 0.33 0.29 0.24 0.20 0.16 0.13 0.09 0.05 0.02 0.00 0.00 0.00 0.00 0.00 0.00 0.00 0.00 0.00 0.00 0.00 0.00 0.00 0.00 0.00 0.00 0.00 0.00 0.00 0.00 0.00 0.00 0.00 0.00 0.00 0.01 0.07 0.15 0.23 0.32 0.42 0.52 0.63 0.74 0.84 0.94 1.04 1.13 1.21 1.28 1.34 1.38 1.42 1.44 1.47 1.49 1.51 1.53 1.55 1.57 1.59 1.61 1.62 1.63 1.64 1.64 1.65 1.65 1.64 1.64 1.63 1.62 1.61 1.59 1.58
0.79 0.75 0.70 0.65 0.60 0.55 0.51 0.46 0.41 0.37 0.32 0.28 0.24 0.20 0.16 0.12 0.09 0.05 0.02 0.00 0.00 0.00 0.00 0.00 0.00 0.00 0.00 0.00 0.00 0.00 0.00 0.00 0.00 0.00 0.00 0.00 0.00 0.00 0.00 0.00 0.00 0.00 0.00 0.00 0.04 0.10 0.18 0.26 0.35 0.44 0.54 0.64 0.74 0.84 0.93 1.02 1.10 1.17 1.23 1.28 1.31 1.34 1.37 1.40 1.42 1.45 1.47 1.49 1.51 1.53 1.55 1.56 1.57 1.58 1.59 1.59 1.60 1.59 1.59 1.58 1.57 1.55 1.54 1.52
0.79 0.74 0.69 0.64 0.59 0.55 0.50 0.45 0.41 0.36 0.32 0.28 0.23 0.19 0.16 0.12 0.08 0.05 0.02 0.00 0.00 0.00 0.00 0.00 0.00 0.00 0.00 0.00 0.00 0.00 0.00 0.00 0.00 0.00 0.00 0.00 0.00 0.00 0.00 0.00 0.00 0.00 0.00 0.03 0.07 0.14 0.21 0.29 0.38 0.47 0.56 0.66 0.75 0.84 0.93 1.01 1.08 1.14 1.19 1.22 1.25 1.28 1.31 1.34 1.37 1.40 1.42 1.45 1.47 1.49 1.51 1.52 1.53 1.54 1.55 1.56 1.56 1.56 1.55 1.54 1.53 1.52 1.50 1.48
0.78 0.73 0.68 0.64 0.59 0.54 0.49 0.45 0.40 0.36 0.31 0.27 0.23 0.19 0.15 0.12 0.08 0.05 0.02 0.00 0.00 0.00 0.00 0.00 0.00 0.00 0.00 0.00 0.00 0.00 0.00 0.00 0.00 0.00 0.00 0.00 0.00 0.00 0.00 0.00 0.00 0.00 0.02 0.06 0.11 0.17 0.24 0.32 0.41 0.49 0.58 0.67 0.76 0.84 0.92 0.99 1.05 1.10 1.14 1.18 1.21 1.24 1.28 1.31 1.34 1.37 1.39 1.42 1.44 1.46 1.48 1.50 1.51 1.52 1.53 1.54 1.54 1.54 1.53 1.52 1.51 1.49 1.47 1.45
0.78 0.73 0.68 0.63 0.58 0.54 0.49 0.44 0.40 0.35 0.31 0.27 0.23 0.19 0.15 0.12 0.08 0.05 0.02 0.00 0.00 0.00 0.00 0.00 0.00 0.00 0.00 0.00 0.00 0.00 0.00 0.00 0.00 0.00 0.00 0.00 0.00 0.00 0.00 0.00 0.00 0.02 0.05 0.09 0.14 0.21 0.28 0.35 0.44 0.52 0.61 0.69 0.77 0.85 0.92 0.98 1.03 1.07 1.11 1.15 1.18 1.22 1.25 1.29 1.32 1.35 1.38 1.40 1.43 1.45 1.47 1.49 1.50 1.51 1.52 1.53 1.53 1.53 1.52 1.51 1.50 1.49 1.46 1.44
0.77 0.72 0.68 0.63 0.58 0.53 0.49 0.44 0.40 0.35 0.31 0.27 0.23 0.19 0.15 0.12 0.08 0.05 0.02 0.00 0.00 0.00 0.00 0.00 0.00 0.00 0.00 0.00 0.00 0.00 0.00 0.00 0.00 0.00 0.00 0.00 0.00 0.00 0.00 0.00 0.01 0.05 0.08 0.13 0.18 0.24 0.31 0.39 0.47 0.55 0.63 0.71 0.79 0.86 0.92 0.97 1.01 1.05 1.09 1.13 1.17 1.21 1.24 1.28 1.31 1.34 1.37 1.40 1.43 1.45 1.47 1.49 1.50 1.52 1.53 1.53 1.53 1.53 1.53 1.52 1.51 1.49 1.47 1.44
0.77 0.72 0.67 0.63 0.58 0.53 0.49 0.44 0.39 0.35 0.31 0.27 0.23 0.19 0.15 0.12 0.08 0.05 0.02 0.00 0.00 0.00 0.00 0.00 0.00 0.00 0.00 0.00 0.00 0.00 0.00 0.00 0.00 0.00 0.00 0.00 0.00 0.00 0.00 0.01 0.04 0.08 0.12 0.16 0.22 0.28 0.35 0.42 0.50 0.58 0.66 0.73 0.80 0.86 0.92 0.96 1.01 1.05 1.09 1.13 1.17 1.21 1.25 1.29 1.32 1.35 1.38 1.41 1.44 1.46 1.48 1.50 1.52 1.53 1.54 1.55 1.55 1.55 1.54 1.53 1.52 1.50 1.48 1.45
0.77 0.72 0.67 0.62 0.58 0.53 0.48 0.44 0.39 0.35 0.31 0.27 0.23 0.19 0.15 0.12 0.09 0.05 0.03 0.00 0.00 0.00 0.00 0.00 0.00 0.00 0.00 0.00 0.00 0.00 0.00 0.00 0.00 0.00 0.00 0.00 0.00 0.00 0.01 0.04 0.08 0.11 0.16 0.20 0.26 0.32 0.39 0.46 0.54 0.61 0.68 0.75 0.82 0.87 0.92 0.97 1.01 1.06 1.10 1.14 1.19 1.23 1.27 1.30 1.34 1.37 1.40 1.43 1.46 1.49 1.51 1.53 1.54 1.56 1.57 1.57 1.57 1.57 1.57 1.56 1.54 1.53 1.50 1.47
0.77 0.72 0.67 0.62 0.58 0.53 0.48 0.44 0.39 0.35 0.31 0.27 0.23 0.19 0.16 0.12 0.09 0.06 0.03 0.00 0.00 0.00 0.00 0.00 0.00 0.00 0.00 0.00 0.00 0.00 0.00 0.00 0.00 0.00 0.00 0.00 0.00 0.01 0.04 0.07 0.11 0.15 0.19 0.24 0.30 0.36 0.43 0.50 0.57 0.64 0.71 0.78 0.83 0.89 0.93 0.98 1.03 1.08 1.12 1.17 1.21 1.25 1.29 1.33 1.37 1.40 1.44 1.47 1.49 1.52 1.54 1.56 1.58 1.59 1.60 1.61 1.61 1.61 1.60 1.59 1.58 1.56 1.53 1.50
0.77 0.72 0.67 0.62 0.58 0.53 0.49 0.44 0.40 0.35 0.31 0.27 0.23 0.20 0.16 0.13 0.09 0.06 0.04 0.01 0.00 0.00 0.00 0.00 0.00 0.00 0.00 0.00 0.00 0.00 0.00 0.00 0.00 0.00 0.00 0.00 0.01 0.03 0.07 0.10 0.14 0.18 0.23 0.28 0.34 0.40 0.47 0.54 0.61 0.68 0.74 0.80 0.85 0.91 0.96 1.01 1.06 1.10 1.15 1.20 1.24 1.29 1.33 1.37 1.41 1.44 1.48 1.51 1.54 1.56 1.59 1.60 1.62 1.63 1.64 1.65 1.65 1.65 1.64 1.63 1.61 1.59 1.57 1.54
0.77 0.72 0.67 0.63 0.58 0.53 0.49 0.44 0.40 0.36 0.32 0.28 0.24 0.20 0.17 0.13 0.10 0.07 0.04 0.02 0.00 0.00 0.00 0.00 0.00 0.00 0.00 0.00 0.00 0.00 0.00 0.00 0.00 0.00 0.00 0.00 0.03 0.06 0.10 0.14 0.18 0.22 0.27 0.32 0.38 0.45 0.51 0.58 0.65 0.71 0.77 0.83 0.88 0.94 0.99 1.04 1.09 1.14 1.19 1.24 1.29 1.33 1.37 1.41 1.45 1.49 1.53 1.56 1.59 1.61 1.63 1.65 1.67 1.68 1.69 1.70 1.70 1.70 1.69 1.68 1.66 1.64 1.61 1.58
0.77 0.72 0.67 0.63 0.58 0.54 0.49 0.45 0.40 0.36 0.32 0.28 0.24 0.21 0.17 0.14 0.11 0.08 0.05 0.03 0.01 0.00 0.00 0.00 0.00 0.00 0.00 0.00 0.00 0.00 0.00 0.00 0.00 0.00 0.00 0.03 0.06 0.09 0.13 0.17 0.21 0.26 0.31 0.36 0.42 0.49 0.56 0.62 0.69 0.75 0.81 0.86 0.92 0.97 1.03 1.08 1.14 1.19 1.24 1.29 1.34 1.38 1.43 1.47 1.51 1.55 1.58 1.61 1.64 1.67 1.69 1.71 1.73 1.74 1.75 1.75 1.75 1.75 1.74 1.73 1.71 1.69 1.66 1.63
0.77 0.73 0.68 0.63 0.59 0.54 0.49 0.45 0.41 0.37 0.33 0.29 0.25 0.21 0.18 0.15 0.12 0.09 0.06 0.04 0.02 0.00 0.00 0.00 0.00 0.00 0.00 0.00 0.00 0.00 0.00 0.00 0.00 0.00 0.03 0.05 0.09 0.12 0.16 0.20 0.25 0.30 0.35 0.41 0.47 0.53 0.60 0.67 0.73 0.79 0.85 0.91 0.96 1.02 1.08 1.13 1.19 1.24 1.29 1.34 1.39 1.44 1.48 1.53 1.57 1.61 1.64 1.67 1.70 1.73 1.75 1.77 1.79 1.80 1.81 1.81 1.81 1.81 1.80 1.78 1.76 1.74 1.71 1.67
0.78 0.73 0.68 0.64 0.59 0.54 0.50 0.46 0.41 0.37 0.33 0.30 0.26 0.22 0.19 0.16 0.13 0.10 0.08 0.05 0.03 0.01 0.00 0.00 0.00 0.00 0.00 0.00 0.00 0.00 0.00 0.00 0.01 0.03 0.05 0.08 0.11 0.15 0.19 0.24 0.28 0.34 0.39 0.45 0.51 0.58 0.65 0.71 0.77 0.83 0.89 0.95 1.01 1.07 1.13 1.19 1.24 1.30 1.35 1.40 1.45 1.50 1.55 1.59 1.63 1.67 1.70 1.74 1.77 1.79 1.82 1.84 1.85 1.86 1.87 1.87 1.87 1.87 1.85 1.84 1.82 1.79 1.76 1.73
0.78 0.74 0.69 0.64 0.60 0.55 0.51 0.46 0.42 0.38 0.34 0.30 0.27 0.23 0.20 0.17 0.14 0.11 0.09 0.07 0.05 0.03 0.01 0.00 0.00 0.00 0.00 0.00 0.00 0.00 0.00 0.02 0.03 0.06 0.08 0.11 0.15 0.18 0.23 0.27 0.32 0.38 0.43 0.50 0.56 0.63 0.69 0.76 0.82 0.88 0.94 1.01 1.07 1.13 1.19 1.25 1.31 1.36 1.42 1.47 1.52 1.57 1.61 1.66 1.70 1.74 1.77 1.81 1.83 1.86 1.88 1.90 1.92 1.93 1.93 1.94 1.93 1.93 1.91 1.90 1.88 1.85 1.82 1.78
