data_output/RCH/Precip_1990_07.asc
ncols        168
nrows        136
xllcorner    455000
yllcorner    2107000
cellsize     500
NODATA_value     -99999
[rows 64 to 95 of 136, columns 71 to 141 of 168]
215.55 212.88 210.23 207.58 204.93 202.30 199.67 197.05 194.43 191.82 189.22 186.62 184.03 181.45 178.87 176.30 173.73 171.16 168.61 166.05 163.48 160.90 158.30 155.67 153.03 150.35 147.63 145.00 142.86 141.29 140.27 139.78 139.82 140.34 141.34 142.79 144.59 146.58 148.73 151.03 153.46 156.02 158.69 161.47 164.34 167.29 170.31 173.39 176.52 179.69 182.88 186.09 189.31 192.52 195.71 198.88 202.01 205.10 208.12 211.07 213.94 216.72 219.40 221.96 224.40 226.70 228.86 230.86 232.69 234.34 235.80
219.14 216.41 213.68 210.95 208.22 205.49 202.76 200.04 197.31 194.59 191.87 189.14 186.42 183.70 180.98 178.26 175.53 172.81 170.09 167.36 164.63 161.88 159.11 156.32 153.50 150.64 147.75 144.94 142.63 140.90 139.74 139.12 139.03 139.44 140.33 141.60 143.09 144.77 146.62 148.63 150.80 153.10 155.54 158.09 160.75 163.51 166.36 169.28 172.26 175.30 178.38 181.50 184.64 187.78 190.93 194.06 197.18 200.26 203.29 206.28 209.19 212.03 214.79 217.44 219.99 222.41 224.71 226.87 228.87 230.71 232.37
222.81 220.00 217.19 214.38 211.56 208.74 205.91 203.08 200.25 197.40 194.56 191.71 188.85 185.99 183.12 180.25 177.37 174.48 171.59 168.69 165.79 162.87 159.92 156.96 153.96 150.92 147.84 144.86 142.37 140.48 139.16 138.40 138.18 138.47 139.16 140.11 141.26 142.62 144.16 145.89 147.78 149.82 152.01 154.34 156.79 159.35 162.02 164.78 167.61 170.52 173.49 176.50 179.55 182.63 185.72 188.82 191.91 194.98 198.03 201.04 203.99 206.89 209.72 212.46 215.11 217.66 220.09 222.39 224.56 226.59 228.45
226.54 223.66 220.77 217.88 214.97 212.05 209.12 206.18 203.23 200.26 197.29 194.31 191.32 188.31 185.29 182.27 179.23 176.18 173.11 170.04 166.95 163.85 160.73 157.58 154.40 151.18 147.91 144.74 142.07 140.01 138.54 137.64 137.27 137.34 137.69 138.28 139.09 140.12 141.36 142.79 144.40 146.18 148.12 150.22 152.45 154.82 157.30 159.88 162.57 165.34 168.18 171.09 174.05 177.06 180.09 183.14 186.21 189.27 192.32 195.35 198.34 201.29 204.18 207.01 209.76 212.42 214.98 217.44 219.77 221.97 224.03
230.35 227.39 224.42 221.43 218.43 215.41 212.37 209.32 206.25 203.17 200.07 196.95 193.82 190.67 187.50 184.32 181.11 177.89 174.66 171.40 168.13 164.84 161.53 158.20 154.82 151.41 147.96 144.59 141.74 139.51 137.87 136.81 136.21 135.92 135.89 136.12 136.58 137.28 138.20 139.33 140.65 142.17 143.86 145.72 147.73 149.89 152.18 154.60 157.12 159.75 162.47 165.27 168.13 171.06 174.03 177.04 180.07 183.12 186.17 189.21 192.23 195.23 198.19 201.09 203.94 206.71 209.39 211.99 214.48 216.85 219.10
234.22 231.18 228.13 225.05 221.95 218.82 215.68 212.51 209.33 206.12 202.88 199.63 196.35 193.05 189.73 186.39 183.02 179.63 176.22 172.78 169.32 165.84 162.33 158.80 155.23 151.63 147.97 144.40 141.37 138.96 137.15 135.83 134.85 134.16 133.75 133.61 133.72 134.08 134.68 135.51 136.54 137.79 139.22 140.84 142.63 144.58 146.67 148.91 151.27 153.76 156.34 159.03 161.79 164.63 167.54 170.49 173.49 176.51 179.56 182.61 185.66 188.70 191.72 194.69 197.63 200.51 203.31 206.05 208.69 211.23 213.66
238.16 235.04 231.89 228.72 225.52 222.29 219.03 215.75 212.44 209.10 205.74 202.34 198.92 195.47 191.99 188.49 184.95 181.39 177.80 174.17 170.52 166.84 163.14 159.40 155.63 151.82 147.96 144.19 140.96 138.36 136.28 134.56 133.16 132.06 131.26 130.75 130.51 130.53 130.80 131.32 132.06 133.03 134.20 135.57 137.13 138.86 140.76 142.82 145.01 147.34 149.80 152.36 155.02 157.77 160.60 163.50 166.46 169.46 172.49 175.55 178.63 181.70 184.77 187.82 190.84 193.81 196.74 199.60 202.39 205.10 207.71
242.16 238.95 235.72 232.44 229.14 225.80 222.43 219.03 215.60 212.13 208.62 205.09 201.52 197.91 194.28 190.61 186.90 183.16 179.38 175.58 171.73 167.85 163.94 159.99 156.01 151.99 147.92 143.94 140.50 137.61 135.11 132.95 131.13 129.62 128.43 127.54 126.94 126.62 126.56 126.76 127.21 127.89 128.80 129.92 131.24 132.75 134.45 136.32 138.34 140.52 142.83 145.26 147.82 150.48 153.23 156.07 158.98 161.95 164.97 168.03 171.12 174.23 177.34 180.46 183.56 186.63 189.67 192.66 195.59 198.45 201.24
246.22 242.93 239.59 236.22 232.81 229.37 225.88 222.35 218.79 215.19 211.55 207.86 204.14 200.38 196.58 192.74 188.86 184.95 180.99 176.99 172.95 168.87 164.74 160.58 156.38 152.14 147.85 143.65 139.90 136.57 133.61 131.01 128.75 126.84 125.25 123.98 123.01 122.33 121.94 121.83 121.97 122.37 123.00 123.87 124.95 126.24 127.73 129.40 131.25 133.26 135.43 137.74 140.18 142.74 145.41 148.18 151.04 153.97 156.98 160.03 163.14 166.27 169.43 172.61 175.78 178.94 182.09 185.20 188.27 191.29 194.25
250.33 246.94 243.51 240.04 236.52 232.96 229.35 225.70 222.01 218.27 214.49 210.66 206.78 202.86 198.90 194.89 190.83 186.73 182.59 178.39 174.15 169.87 165.54 161.16 156.74 152.26 147.75 143.27 139.07 135.26 131.83 128.78 126.09 123.76 121.76 120.10 118.77 117.74 117.01 116.57 116.40 116.51 116.86 117.47 118.31 119.37 120.64 122.12 123.79 125.63 127.65 129.82 132.14 134.60 137.18 139.88 142.68 145.58 148.56 151.61 154.72 157.88 161.08 164.30 167.55 170.80 174.04 177.27 180.48 183.65 186.77
254.39 250.91 247.39 243.81 240.18 236.50 232.78 229.00 225.17 221.29 217.37 213.39 209.36 205.28 201.15 196.96 192.73 188.44 184.11 179.72 175.28 170.79 166.25 161.65 157.00 152.31 147.60 142.95 138.38 134.08 130.18 126.67 123.54 120.78 118.38 116.32 114.60 113.21 112.13 111.36 110.88 110.68 110.75 111.09 111.67 112.49 113.54 114.81 116.29 117.96 119.82 121.85 124.04 126.39 128.87 131.49 134.23 137.07 140.02 143.05 146.16 149.33 152.56 155.83 159.14 162.46 165.80 169.14 172.47 175.78 179.05
258.37 254.79 251.17 247.48 243.74 239.95 236.10 232.19 228.23 224.21 220.14 216.01 211.82 207.58 203.28 198.92 194.51 190.04 185.51 180.92 176.28 171.58 166.82 162.01 157.14 152.26 147.44 142.69 137.96 133.29 128.91 124.93 121.35 118.15 115.32 112.86 110.75 108.98 107.54 106.42 105.62 105.11 104.88 104.94 105.25 105.83 106.65 107.70 108.97 110.46 112.14 114.02 116.07 118.29 120.67 123.20 125.86 128.65 131.55 134.55 137.64 140.82 144.07 147.37 150.73 154.12 157.54 160.98 164.42 167.86 171.28
262.24 258.57 254.84 251.05 247.20 243.29 239.31 235.27 231.18 227.02 222.79 218.51 214.17 209.76 205.29 200.76 196.16 191.50 186.78 182.00 177.15 172.24 167.27 162.24 157.19 152.20 147.29 142.43 137.60 132.78 128.04 123.58 119.53 115.88 112.62 109.74 107.23 105.08 103.27 101.79 100.65 99.81 99.28 99.04 99.09 99.40 99.97 100.79 101.85 103.14 104.65 106.35 108.26 110.35 112.61 115.03 117.60 120.32 123.16 126.13 129.20 132.36 135.62 138.95 142.34 145.79 149.28 152.80 156.34 159.90 163.45
266.02 262.25 258.42 254.52 250.55 246.52 242.41 238.25 234.01 229.71 225.34 220.90 216.39 211.82 207.18 202.47 197.69 192.84 187.93 182.95 177.89 172.77 167.59 162.38 157.23 152.15 147.14 142.19 137.26 132.34 127.45 122.64 118.12 114.01 110.30 106.99 104.07 101.51 99.32 97.48 95.99 94.82 93.97 93.43 93.18 93.22 93.54 94.12 94.96 96.04 97.35 98.88 100.62 102.56 104.69 107.00 109.48 112.11 114.89 117.80 120.83 123.98 127.23 130.57 133.99 137.48 141.03 144.63 148.26 151.92 155.60
269.69 265.82 261.89 257.87 253.79 249.63 245.40 241.10 236.73 232.28 227.76 223.16 218.50 213.75 208.94 204.05 199.09 194.05 188.94 183.76 178.50 173.17 167.81 162.51 157.28 152.11 147.01 141.97 136.94 131.93 126.95 121.99 117.11 112.54 108.38 104.63 101.28 98.31 95.73 93.51 91.65 90.14 88.96 88.10 87.56 87.32 87.37 87.70 88.30 89.15 90.26 91.60 93.17 94.96 96.95 99.13 101.50 104.04 106.73 109.58 112.57 115.69 118.92 122.27 125.70 129.23 132.82 136.48 140.20 143.95 147.74
273.26 269.29 265.24 261.12 256.92 252.64 248.28 243.84 239.32 234.73 230.06 225.30 220.47 215.56 210.57 205.50 200.35 195.13 189.82 184.43 178.96 173.47 168.03 162.65 157.34 152.09 146.90 141.76 136.65 131.55 126.48 121.43 116.41 111.49 106.86 102.66 98.88 95.49 92.50 89.90 87.67 85.79 84.27 83.09 82.24 81.70 81.47 81.54 81.89 82.52 83.41 84.55 85.94 87.56 89.39 91.44 93.69 96.12 98.73 101.50 104.43 107.51 110.72 114.05 117.49 121.04 124.67 128.38 132.16 136.00 139.89
276.71 272.64 268.49 264.25 259.93 255.52 251.03 246.46 241.80 237.06 232.23 227.32 222.32 217.24 212.07 206.82 201.48 196.06 190.55 184.96 179.34 173.77 168.26 162.81 157.42 152.08 146.81 141.59 136.39 131.20 126.04 120.91 115.81 110.74 105.78 101.12 96.88 93.07 89.67 86.66 84.04 81.80 79.93 78.41 77.23 76.39 75.88 75.67 75.76 76.15 76.81 77.75 78.94 80.37 82.05 83.95 86.06 88.38 90.88 93.58 96.44 99.46 102.63 105.94 109.38 112.93 116.59 120.34 124.18 128.09 132.07
280.05 275.88 271.61 267.26 262.82 258.28 253.66 248.95 244.14 239.25 234.27 229.20 224.03 218.78 213.44 208.00 202.47 196.86 191.15 185.41 179.71 174.08 168.50 162.98 157.51 152.10 146.75 141.45 136.16 130.89 125.65 120.43 115.25 110.11 105.01 100.01 95.32 91.07 87.23 83.82 80.80 78.18 75.95 74.08 72.57 71.41 70.60 70.10 69.93 70.06 70.49 71.20 72.18 73.43 74.93 76.67 78.64 80.83 83.22 85.82 88.60 91.56 94.68 97.95 101.37 104.93 108.60 112.38 116.27 120.24 124.29
283.28 278.99 274.62 270.15 265.58 260.92 256.16 251.31 246.36 241.32 236.18 230.94 225.61 220.18 214.66 209.04 203.32 197.51 191.66 185.85 180.10 174.40 168.76 163.17 157.64 152.15 146.72 141.34 135.97 130.63 125.30 120.01 114.75 109.53 104.35 99.22 94.20 89.49 85.23 81.39 77.97 74.96 72.34 70.12 68.27 66.78 65.65 64.86 64.41 64.27 64.45 64.93 65.69 66.74 68.05 69.62 71.44 73.49 75.76 78.25 80.94 83.82 86.88 90.11 93.50 97.04 100.72 104.52 108.44 112.47 116.58
286.38 281.99 277.50 272.91 268.22 263.43 258.53 253.54 248.45 243.25 237.95 232.55 227.05 221.44 215.74 209.93 204.03 198.07 192.16 186.30 180.50 174.74 169.04 163.39 157.79 152.24 146.73 141.27 135.83 130.41 125.01 119.64 114.30 109.01 103.76 98.55 93.41 88.37 83.66 79.39 75.55 72.14 69.14 66.54 64.34 62.51 61.06 59.96 59.21 58.81 58.72 58.96 59.49 60.33 61.44 62.83 64.48 66.38 68.52 70.89 73.47 76.27 79.26 82.44 85.79 89.30 92.97 96.78 100.72 104.79 108.96
289.36 284.86 280.26 275.55 270.73 265.80 260.77 255.64 250.39 245.04 239.58 234.02 228.34 222.56 216.67 210.68 204.64 198.63 192.67 186.77 180.92 175.11 169.35 163.64 157.98 152.36 146.79 141.25 135.73 130.24 124.77 119.33 113.92 108.56 103.23 97.96 92.75 87.59 82.55 77.84 73.57 69.75 66.35 63.37 60.80 58.62 56.84 55.42 54.37 53.68 53.32 53.30 53.60 54.20 55.11 56.31 57.78 59.52 61.51 63.75 66.23 68.92 71.83 74.94 78.24 81.72 85.37 89.18 93.13 97.22 101.44
292.21 287.60 282.88 278.05 273.10 268.05 262.88 257.59 252.20 246.69 241.07 235.34 229.49 223.53 217.46 211.34 205.25 199.20 193.21 187.26 181.36 175.51 169.70 163.93 158.21 152.53 146.88 141.28 135.69 130.13 124.59 119.08 113.61 108.17 102.79 97.45 92.17 86.94 81.79 76.75 72.05 67.80 64.00 60.63 57.68 55.14 53.01 51.26 49.90 48.90 48.27 47.98 48.02 48.40 49.08 50.07 51.36 52.93 54.76 56.86 59.21 61.80 64.61 67.64 70.88 74.32 77.94 81.73 85.68 89.79 94.04
294.93 290.21 285.37 280.41 275.34 270.15 264.84 259.41 253.86 248.20 242.41 236.51 230.49 224.35 218.16 211.99 205.87 199.80 193.77 187.78 181.84 175.94 170.08 164.26 158.48 152.74 147.03 141.36 135.71 130.08 124.47 118.90 113.36 107.87 102.42 97.02 91.67 86.39 81.17 76.02 71.00 66.32 62.10 58.32 54.99 52.08 49.59 47.50 45.81 44.51 43.58 43.01 42.79 42.92 43.37 44.15 45.24 46.62 48.29 50.24 52.45 54.91 57.62 60.57 63.73 67.11 70.69 74.45 78.40 82.51 86.78
297.52 292.68 287.73 282.64 277.44 272.11 266.65 261.08 255.38 249.55 243.60 237.53 231.34 225.08 218.85 212.66 206.52 200.41 194.35 188.33 182.35 176.41 170.50 164.63 158.80 153.00 147.24 141.50 135.79 130.10 124.43 118.79 113.20 107.64 102.13 96.67 91.27 85.92 80.65 75.44 70.32 65.32 60.67 56.48 52.74 49.45 46.59 44.15 42.13 40.50 39.27 38.41 37.92 37.79 38.00 38.55 39.43 40.62 42.11 43.89 45.96 48.29 50.88 53.73 56.81 60.12 63.64 67.37 71.29 75.40 79.68
299.97 295.02 289.94 284.73 279.39 273.92 268.33 262.60 256.74 250.76 244.64 238.40 232.09 225.80 219.56 213.35 207.19 201.06 194.97 188.92 182.90 176.92 170.97 165.06 159.18 153.32 147.50 141.71 135.93 130.18 124.46 118.76 113.11 107.50 101.93 96.41 90.96 85.56 80.23 74.97 69.79 64.69 59.73 55.12 50.97 47.28 44.05 41.24 38.87 36.91 35.36 34.20 33.43 33.03 32.99 33.30 33.96 34.94 36.24 37.85 39.75 41.95 44.41 47.14 50.13 53.36 56.82 60.50 64.39 68.48 72.76
302.28 297.21 292.01 286.67 281.20 275.59 269.85 263.97 257.95 251.81 245.53 239.17 232.84 226.55 220.29 214.07 207.89 201.74 195.63 189.55 183.50 177.48 171.49 165.54 159.61 153.71 147.83 141.98 136.15 130.34 124.56 118.82 113.11 107.44 101.82 96.25 90.74 85.30 79.92 74.61 69.38 64.23 59.17 54.25 49.69 45.59 41.96 38.79 36.06 33.76 31.88 30.41 29.34 28.66 28.35 28.42 28.84 29.60 30.70 32.12 33.86 35.90 38.23 40.83 43.71 46.85 50.23 53.86 57.70 61.76 66.03
304.44 299.26 293.93 288.46 282.85 277.10 271.21 265.18 259.01 252.70 246.32 239.95 233.61 227.32 221.05 214.82 208.63 202.46 196.33 190.22 184.14 178.09 172.07 166.08 160.10 154.16 148.23 142.33 136.45 130.59 124.75 118.96 113.20 107.48 101.81 96.19 90.64 85.14 79.71 74.36 69.08 63.89 58.78 53.76 48.90 44.40 40.37 36.80 33.70 31.05 28.83 27.04 25.66 24.69 24.11 23.91 24.09 24.63 25.51 26.74 28.29 30.17 32.34 34.82 37.58 40.61 43.91 47.46 51.25 55.28 59.52
306.46 301.15 295.70 290.10 284.35 278.46 272.42 266.24 259.91 253.50 247.10 240.74 234.41 228.12 221.85 215.61 209.40 203.22 197.07 190.94 184.84 178.76 172.71 166.68 160.67 154.68 148.71 142.75 136.82 130.91 125.03 119.19 113.38 107.61 101.90 96.24 90.64 85.10 79.62 74.23 68.91 63.67 58.52 53.47 48.51 43.71 39.27 35.31 31.83 28.81 26.24 24.11 22.42 21.14 20.28 19.81 19.73 20.03 20.69 21.71 23.07 24.77 26.79 29.12 31.75 34.67 37.87 41.33 45.06 49.03 53.24
308.33 302.90 297.32 291.58 285.70 279.66 273.47 267.13 260.71 254.30 247.92 241.57 235.24 228.95 222.68 216.44 210.23 204.03 197.87 191.72 185.60 179.49 173.41 167.35 161.30 155.27 149.26 143.26 137.28 131.33 125.40 119.51 113.66 107.85 102.10 96.39 90.75 85.17 79.66 74.22 68.86 63.58 58.40 53.30 48.31 43.42 38.69 34.33 30.45 27.05 24.13 21.65 19.63 18.04 16.88 16.13 15.78 15.83 16.26 17.05 18.21 19.72 21.57 23.74 26.23 29.03 32.12 35.49 39.14 43.05 47.21
310.04 304.49 298.78 292.91 286.88 280.70 274.36 267.93 261.51 255.12 248.76 242.42 236.11 229.82 223.56 217.32 211.10 204.90 198.72 192.56 186.42 180.29 174.18 168.09 162.01 155.94 149.89 143.85 137.83 131.83 125.87 119.94 114.05 108.20 102.40 96.66 90.98 85.36 79.81 74.34 68.94 63.63 58.41 53.28 48.26 43.33 38.52 33.87 29.59 25.81 22.51 19.68 17.31 15.40 13.93 12.88 12.26 12.04 12.23 12.79 13.74 15.05 16.71 18.72 21.06 23.72 26.69 29.96 33.52 37.35 41.46
311.60 305.92 300.07 294.07 287.90 281.57 275.15 268.73 262.34 255.97 249.63 243.31 237.01 230.74 224.48 218.24 212.02 205.82 199.63 193.46 187.30 181.16 175.03 168.91 162.80 156.70 150.61 144.53 138.47 132.44 126.44 120.47 114.54 108.66 102.82 97.05 91.33 85.68 80.10 74.59 69.16 63.82 58.57 53.41 48.35 43.40 38.55 33.82 29.26 25.09 21.40 18.21 15.49 13.24 11.45 10.10 9.18 8.70 8.62 8.95 9.67 10.76 12.23 14.06 16.24 18.75 21.59 24.74 28.20 31.96 35.99
312.99 307.18 301.21 295.06 288.76 282.35 275.94 269.56 263.20 256.86 250.54 244.24 237.96 231.70 225.45 219.22 213.00 206.80 200.61 194.43 188.26 182.10 175.95 169.81 163.68 157.55 151.43 145.31 139.22 133.15 127.11 121.11 115.15 109.23 103.37 97.56 91.81 86.13 80.51 74.98 69.52 64.15 58.87 53.68 48.60 43.62 38.75 33.99 29.36 24.90 20.83 17.25 14.17 11.58 9.45 7.79 6.57 5.80 5.46 5.53 6.01 6.89 8.15 9.79 11.79 14.15 16.84 19.87 23.22 26.88 30.83
