data_output/RCH/Precip_2010_01.asc
ncols        168
nrows        136
xllcorner    455000
yllcorner    2107000
cellsize     500
NODATA_value     -99999
[rows 70 to 104 of 136, columns 0 to 77 of 168]
78.00 81.13 83.91 86.36 88.48 90.30 91.85 93.13 94.17 94.99 95.60 96.03 96.30 96.41 96.40 96.28 96.07 95.79 95.45 95.06 94.59 94.06 93.45 92.77 92.03 91.23 90.37 89.45 88.48 87.46 86.38 85.26 84.10 82.90 81.65 80.37 79.06 77.72 76.35 74.95 73.53 72.09 70.63 69.11 67.43 65.56 63.53 61.33 58.99 56.52 53.92 51.22 48.43 45.58 42.68 39.73 36.74 33.73 30.71 27.67 24.64 21.62 18.62 15.65 12.73 9.85 7.03 4.27 1.60 0.00 0.00 0.00 0.00 0.00 0.00 0.00 0.00 0.00
78.67 81.85 84.66 87.15 89.31 91.17 92.75 94.07 95.15 96.00 96.65 97.12 97.42 97.57 97.59 97.50 97.32 97.07 96.77 96.41 95.98 95.47 94.89 94.24 93.52 92.75 91.91 91.01 90.06 89.05 88.00 86.90 85.75 84.56 83.33 82.06 80.76 79.43 78.07 76.68 75.26 73.83 72.32 70.65 68.80 66.76 64.57 62.22 59.74 57.13 54.40 51.56 48.64 45.66 42.63 39.56 36.47 33.36 30.24 27.13 24.02 20.94 17.88 14.87 11.90 9.00 6.15 3.39 0.71 0.00 0.00 0.00 0.00 0.00 0.00 0.00 0.00 0.00
79.31 82.52 85.38 87.90 90.10 92.00 93.63 94.98 96.10 96.99 97.67 98.17 98.51 98.69 98.75 98.69 98.55 98.33 98.07 97.74 97.33 96.85 96.30 95.68 94.99 94.24 93.42 92.55 91.62 90.63 89.60 88.51 87.38 86.21 84.99 83.74 82.45 81.12 79.77 78.39 76.98 75.50 73.85 72.00 69.98 67.79 65.45 62.95 60.33 57.59 54.73 51.78 48.75 45.65 42.50 39.32 36.12 32.92 29.72 26.53 23.36 20.22 17.11 14.06 11.06 8.13 5.28 2.51 0.00 0.00 0.00 0.00 0.00 0.00 0.00 0.00 0.00 0.00
79.90 83.16 86.06 88.62 90.86 92.80 94.46 95.86 97.01 97.94 98.66 99.20 99.57 99.79 99.88 99.86 99.75 99.57 99.33 99.03 98.66 98.21 97.69 97.10 96.43 95.71 94.91 94.06 93.15 92.19 91.17 90.10 88.99 87.83 86.63 85.39 84.11 82.80 81.45 80.08 78.62 77.00 75.18 73.17 70.99 68.65 66.16 63.53 60.77 57.90 54.94 51.88 48.74 45.54 42.28 39.00 35.71 32.42 29.14 25.88 22.65 19.46 16.31 13.23 10.20 7.26 4.40 1.63 0.00 0.00 0.00 0.00 0.00 0.00 0.00 0.00 0.00 0.00
80.46 83.76 86.70 89.30 91.59 93.57 95.26 96.70 97.89 98.85 99.61 100.19 100.59 100.85 100.98 100.99 100.92 100.77 100.57 100.30 99.96 99.54 99.05 98.48 97.85 97.15 96.38 95.55 94.66 93.72 92.72 91.67 90.58 89.43 88.25 87.02 85.75 84.45 83.11 81.70 80.10 78.31 76.32 74.15 71.82 69.34 66.71 63.95 61.07 58.09 55.01 51.85 48.61 45.32 41.98 38.61 35.24 31.87 28.51 25.19 21.91 18.67 15.49 12.37 9.33 6.38 3.51 0.76 0.00 0.00 0.00 0.00 0.00 0.00 0.00 0.00 0.00 0.00
80.98 84.32 87.30 89.95 92.27 94.29 96.03 97.50 98.73 99.73 100.53 101.14 101.58 101.88 102.04 102.09 102.05 101.94 101.77 101.54 101.23 100.84 100.38 99.84 99.23 98.56 97.82 97.01 96.15 95.22 94.25 93.22 92.14 91.01 89.84 88.63 87.37 86.08 84.70 83.14 81.38 79.42 77.27 74.96 72.48 69.86 67.10 64.22 61.23 58.13 54.95 51.70 48.38 45.00 41.59 38.15 34.70 31.26 27.84 24.46 21.13 17.85 14.64 11.51 8.45 5.49 2.64 0.00 0.00 0.00 0.00 0.00 0.00 0.00 0.00 0.00 0.00 0.00
81.46 84.84 87.86 90.55 92.91 94.97 96.75 98.26 99.53 100.57 101.41 102.06 102.54 102.87 103.07 103.15 103.15 103.07 102.94 102.74 102.47 102.11 101.68 101.17 100.59 99.94 99.22 98.44 97.60 96.70 95.74 94.73 93.67 92.56 91.41 90.21 88.97 87.63 86.12 84.39 82.46 80.34 78.04 75.59 72.97 70.22 67.34 64.35 61.24 58.05 54.77 51.43 48.03 44.59 41.11 37.61 34.10 30.60 27.12 23.70 20.32 17.01 13.78 10.63 7.57 4.62 1.77 0.00 0.00 0.00 0.00 0.00 0.00 0.00 0.00 0.00 0.00 0.00
81.95 85.31 88.38 91.10 93.51 95.61 97.43 98.98 100.29 101.37 102.25 102.93 103.45 103.82 104.06 104.18 104.21 104.17 104.07 103.91 103.67 103.34 102.94 102.46 101.91 101.29 100.60 99.84 99.02 98.15 97.21 96.22 95.18 94.08 92.94 91.76 90.48 89.01 87.32 85.43 83.34 81.07 78.64 76.04 73.30 70.43 67.43 64.33 61.13 57.84 54.48 51.05 47.58 44.07 40.53 36.98 33.43 29.89 26.37 22.90 19.49 16.16 12.91 9.75 6.69 3.74 0.92 0.00 0.00 0.00 0.00 0.00 0.00 0.00 0.00 0.00 0.00 0.00
82.56 85.80 88.85 91.61 94.06 96.20 98.06 99.66 101.00 102.13 103.04 103.77 104.32 104.73 105.00 105.16 105.23 105.23 105.16 105.04 104.83 104.54 104.16 103.72 103.19 102.60 101.94 101.21 100.41 99.56 98.64 97.67 96.65 95.57 94.45 93.23 91.81 90.17 88.32 86.27 84.03 81.63 79.05 76.33 73.47 70.48 67.38 64.18 60.88 57.51 54.07 50.57 47.03 43.46 39.88 36.28 32.69 29.12 25.57 22.07 18.64 15.28 12.02 8.86 5.81 2.88 0.08 0.00 0.00 0.00 0.00 0.00 0.00 0.00 0.00 0.00 0.00 0.00
83.28 86.38 89.32 92.08 94.56 96.75 98.65 100.28 101.67 102.84 103.79 104.56 105.15 105.60 105.91 106.11 106.21 106.24 106.22 106.13 105.95 105.69 105.35 104.93 104.44 103.88 103.24 102.53 101.77 100.93 100.04 99.09 98.09 97.03 95.87 94.51 92.92 91.12 89.12 86.92 84.54 82.00 79.30 76.46 73.48 70.39 67.19 63.89 60.51 57.06 53.54 49.98 46.39 42.77 39.14 35.50 31.88 28.29 24.73 21.22 17.77 14.40 11.14 7.98 4.94 2.03 0.00 0.00 0.00 0.00 0.00 0.00 0.00 0.00 0.00 0.00 0.00 0.00
84.08 87.05 89.87 92.53 95.02 97.24 99.19 100.87 102.30 103.50 104.49 105.30 105.93 106.42 106.77 107.01 107.15 107.22 107.23 107.17 107.03 106.81 106.50 106.11 105.65 105.11 104.50 103.82 103.08 102.27 101.40 100.48 99.49 98.40 97.10 95.57 93.82 91.87 89.71 87.38 84.86 82.19 79.37 76.42 73.34 70.15 66.85 63.47 60.01 56.49 52.91 49.29 45.65 41.99 38.32 34.66 31.02 27.40 23.84 20.32 16.88 13.51 10.25 7.10 4.09 1.21 0.00 0.00 0.00 0.00 0.00 0.00 0.00 0.00 0.00 0.00 0.00 0.00
84.93 87.78 90.49 93.05 95.46 97.69 99.67 101.39 102.87 104.11 105.15 105.99 106.67 107.19 107.58 107.86 108.04 108.14 108.19 108.17 108.07 107.88 107.60 107.25 106.81 106.31 105.73 105.07 104.36 103.57 102.73 101.82 100.80 99.57 98.11 96.42 94.52 92.41 90.12 87.65 85.01 82.22 79.29 76.23 73.05 69.76 66.39 62.93 59.40 55.81 52.18 48.51 44.82 41.12 37.43 33.74 30.09 26.47 22.90 19.39 15.96 12.61 9.37 6.24 3.25 0.40 0.00 0.00 0.00 0.00 0.00 0.00 0.00 0.00 0.00 0.00 0.00 0.00
85.79 88.53 91.15 93.62 95.94 98.12 100.11 101.87 103.39 104.67 105.75 106.64 107.35 107.91 108.34 108.66 108.88 109.02 109.11 109.13 109.06 108.90 108.66 108.34 107.94 107.46 106.91 106.28 105.59 104.83 104.01 103.07 101.92 100.52 98.89 97.05 95.00 92.76 90.33 87.73 84.98 82.08 79.04 75.88 72.61 69.24 65.79 62.26 58.67 55.02 51.34 47.63 43.91 40.18 36.46 32.77 29.10 25.49 21.92 18.43 15.02 11.70 8.48 5.39 2.43 0.00 0.00 0.00 0.00 0.00 0.00 0.00 0.00 0.00 0.00 0.00 0.00 0.00
86.63 89.28 91.81 94.20 96.46 98.57 100.52 102.29 103.85 105.18 106.30 107.23 107.98 108.59 109.06 109.41 109.67 109.85 109.98 110.03 110.00 109.88 109.67 109.38 109.01 108.56 108.04 107.45 106.78 106.04 105.19 104.12 102.80 101.24 99.46 97.47 95.28 92.91 90.36 87.64 84.77 81.77 78.63 75.38 72.03 68.59 65.06 61.47 57.82 54.13 50.41 46.67 42.91 39.17 35.44 31.73 28.07 24.46 20.91 17.44 14.06 10.77 7.60 4.55 1.64 0.00 0.00 0.00 0.00 0.00 0.00 0.00 0.00 0.00 0.00 0.00 0.00 0.00
87.42 89.99 92.45 94.77 96.97 99.02 100.93 102.68 104.26 105.63 106.79 107.76 108.56 109.21 109.72 110.11 110.41 110.63 110.80 110.89 110.89 110.81 110.64 110.38 110.04 109.62 109.13 108.56 107.92 107.16 106.17 104.93 103.45 101.74 99.82 97.69 95.37 92.87 90.20 87.37 84.40 81.30 78.08 74.74 71.32 67.80 64.22 60.57 56.87 53.14 49.38 45.61 41.84 38.08 34.35 30.64 26.99 23.39 19.87 16.42 13.07 9.83 6.71 3.72 0.87 0.00 0.00 0.00 0.00 0.00 0.00 0.00 0.00 0.00 0.00 0.00 0.00 0.00
88.12 90.63 93.02 95.29 97.44 99.46 101.33 103.06 104.63 106.03 107.23 108.24 109.08 109.77 110.32 110.76 111.10 111.36 111.56 111.69 111.73 111.68 111.55 111.32 111.02 110.63 110.17 109.63 108.96 108.06 106.91 105.51 103.88 102.03 99.96 97.71 95.26 92.64 89.86 86.93 83.87 80.67 77.37 73.96 70.46 66.89 63.25 59.56 55.82 52.05 48.27 44.48 40.70 36.93 33.20 29.50 25.86 22.29 18.79 15.39 12.08 8.89 5.82 2.90 0.12 0.00 0.00 0.00 0.00 0.00 0.00 0.00 0.00 0.00 0.00 0.00 0.00 0.00
88.70 91.15 93.50 95.73 97.85 99.83 101.69 103.40 104.96 106.37 107.61 108.66 109.55 110.27 110.87 111.34 111.72 112.03 112.27 112.44 112.52 112.51 112.40 112.22 111.94 111.59 111.15 110.59 109.79 108.73 107.41 105.86 104.09 102.10 99.91 97.52 94.96 92.23 89.35 86.33 83.17 79.90 76.52 73.04 69.48 65.86 62.17 58.43 54.67 50.87 47.07 43.27 39.48 35.72 31.99 28.31 24.70 21.15 17.69 14.33 11.08 7.94 4.94 2.09 0.00 0.00 0.00 0.00 0.00 0.00 0.00 0.00 0.00 0.00 0.00 0.00 0.00 0.00
89.13 91.53 93.84 96.05 98.15 100.12 101.97 103.68 105.25 106.67 107.93 109.02 109.95 110.72 111.35 111.87 112.29 112.64 112.92 113.13 113.25 113.27 113.21 113.05 112.81 112.49 112.03 111.33 110.37 109.15 107.69 105.99 104.08 101.96 99.64 97.14 94.47 91.64 88.67 85.55 82.32 78.97 75.52 71.99 68.38 64.70 60.97 57.21 53.41 49.60 45.79 41.98 38.20 34.44 30.73 27.08 23.49 19.99 16.57 13.26 10.07 7.00 4.07 1.29 0.00 0.00 0.00 0.00 0.00 0.00 0.00 0.00 0.00 0.00 0.00 0.00 0.00 0.00
89.36 91.74 94.03 96.22 98.31 100.28 102.13 103.86 105.44 106.89 108.18 109.32 110.29 111.10 111.78 112.34 112.80 113.19 113.51 113.76 113.92 113.98 113.95 113.83 113.63 113.28 112.69 111.83 110.71 109.34 107.73 105.90 103.86 101.61 99.18 96.58 93.80 90.88 87.81 84.62 81.31 77.90 74.39 70.80 67.15 63.43 59.67 55.88 52.07 48.25 44.43 40.63 36.85 33.12 29.43 25.81 22.26 18.80 15.44 12.18 9.05 6.06 3.21 0.52 0.00 0.00 0.00 0.00 0.00 0.00 0.00 0.00 0.00 0.00 0.00 0.00 0.00 0.00
89.38 91.74 94.02 96.21 98.30 100.28 102.15 103.90 105.52 107.00 108.34 109.53 110.55 111.42 112.14 112.74 113.25 113.68 114.04 114.33 114.53 114.63 114.64 114.55 114.32 113.85 113.09 112.08 110.80 109.29 107.55 105.59 103.43 101.07 98.53 95.82 92.95 89.94 86.80 83.53 80.16 76.68 73.12 69.49 65.80 62.05 58.27 54.46 50.64 46.81 43.00 39.21 35.45 31.74 28.08 24.50 21.00 17.59 14.28 11.10 8.04 5.13 2.37 0.00 0.00 0.00 0.00 0.00 0.00 0.00 0.00 0.00 0.00 0.00 0.00 0.00 0.00 0.00
89.14 91.50 93.78 95.98 98.08 100.09 101.99 103.77 105.44 106.97 108.37 109.62 110.72 111.66 112.44 113.08 113.63 114.10 114.51 114.84 115.08 115.21 115.26 115.15 114.80 114.16 113.25 112.08 110.67 109.02 107.15 105.07 102.79 100.32 97.68 94.88 91.93 88.84 85.62 82.29 78.86 75.33 71.73 68.06 64.33 60.56 56.76 52.95 49.12 45.30 41.50 37.72 33.99 30.31 26.70 23.16 19.71 16.36 13.12 10.01 7.04 4.21 1.54 0.00 0.00 0.00 0.00 0.00 0.00 0.00 0.00 0.00 0.00 0.00 0.00 0.00 0.00 0.00
88.61 90.98 93.27 95.49 97.63 99.67 101.62 103.45 105.17 106.77 108.23 109.56 110.75 111.78 112.64 113.35 113.95 114.46 114.91 115.28 115.56 115.73 115.76 115.53 115.01 114.21 113.15 111.84 110.29 108.52 106.53 104.33 101.95 99.38 96.65 93.76 90.73 87.57 84.29 80.90 77.41 73.84 70.20 66.50 62.75 58.97 55.16 51.34 47.52 43.71 39.93 36.18 32.48 28.84 25.27 21.79 18.40 15.12 11.96 8.93 6.04 3.31 0.74 0.00 0.00 0.00 0.00 0.00 0.00 0.00 0.00 0.00 0.00 0.00 0.00 0.00 0.00 0.00
87.76 90.15 92.47 94.73 96.90 99.00 100.99 102.89 104.68 106.36 107.90 109.32 110.60 111.74 112.71 113.53 114.19 114.75 115.24 115.66 115.97 116.13 116.03 115.63 114.96 114.01 112.82 111.37 109.70 107.80 105.70 103.40 100.91 98.25 95.44 92.47 89.37 86.14 82.80 79.36 75.83 72.23 68.56 64.83 61.07 57.28 53.47 49.65 45.84 42.06 38.30 34.58 30.92 27.33 23.82 20.39 17.07 13.87 10.79 7.85 5.05 2.43 0.00 0.00 0.00 0.00 0.00 0.00 0.00 0.00 0.00 0.00 0.00 0.00 0.00 0.00 0.00 0.00
86.55 88.97 91.34 93.64 95.87 98.03 100.09 102.07 103.94 105.70 107.34 108.87 110.25 111.50 112.60 113.55 114.33 114.97 115.50 115.96 116.26 116.29 116.03 115.48 114.65 113.57 112.24 110.67 108.87 106.86 104.65 102.26 99.68 96.94 94.04 91.01 87.84 84.55 81.17 77.68 74.12 70.48 66.79 63.05 59.28 55.49 51.68 47.88 44.09 40.33 36.61 32.93 29.32 25.78 22.33 18.98 15.73 12.61 9.62 6.77 4.09 1.57 0.00 0.00 0.00 0.00 0.00 0.00 0.00 0.00 0.00 0.00 0.00 0.00 0.00 0.00 0.00 0.00
84.96 87.42 89.84 92.21 94.50 96.73 98.88 100.94 102.90 104.77 106.52 108.16 109.67 111.05 112.28 113.37 114.30 115.07 115.69 116.14 116.31 116.18 115.76 115.06 114.10 112.88 111.43 109.74 107.83 105.72 103.41 100.92 98.26 95.44 92.47 89.37 86.15 82.82 79.38 75.87 72.27 68.62 64.91 61.16 57.39 53.60 49.81 46.03 42.27 38.55 34.86 31.24 27.68 24.20 20.82 17.54 14.38 11.35 8.46 5.72 3.14 0.74 0.00 0.00 0.00 0.00 0.00 0.00 0.00 0.00 0.00 0.00 0.00 0.00 0.00 0.00 0.00 0.00
83.03 85.55 88.03 90.46 92.84 95.15 97.38 99.54 101.61 103.58 105.45 107.21 108.85 110.36 111.74 112.98 114.07 115.00 115.77 116.19 116.21 115.92 115.36 114.52 113.42 112.08 110.50 108.70 106.68 104.47 102.07 99.49 96.75 93.86 90.83 87.68 84.40 81.03 77.56 74.01 70.40 66.72 63.01 59.26 55.49 51.72 47.95 44.19 40.47 36.78 33.14 29.57 26.08 22.67 19.36 16.17 13.09 10.16 7.37 4.74 2.28 0.00 0.00 0.00 0.00 0.00 0.00 0.00 0.00 0.00 0.00 0.00 0.00 0.00 0.00 0.00 0.00 0.00
80.99 83.56 86.10 88.59 91.04 93.43 95.75 98.00 100.16 102.24 104.22 106.10 107.87 109.51 111.03 112.42 113.66 114.77 115.73 116.29 116.26 115.83 115.12 114.14 112.91 111.44 109.74 107.83 105.71 103.40 100.91 98.25 95.44 92.48 89.39 86.17 82.85 79.43 75.93 72.35 68.72 65.03 61.31 57.56 53.81 50.04 46.29 42.57 38.88 35.23 31.65 28.13 24.70 21.36 18.13 15.02 12.04 9.20 6.51 3.99 1.65 0.00 0.00 0.00 0.00 0.00 0.00 0.00 0.00 0.00 0.00 0.00 0.00 0.00 0.00 0.00 0.00 0.00
78.88 81.50 84.09 86.64 89.15 91.61 94.01 96.35 98.61 100.78 102.87 104.86 106.75 108.52 110.18 111.70 113.11 114.39 115.55 116.31 116.42 115.95 115.10 113.98 112.62 111.03 109.21 107.19 104.97 102.56 99.98 97.24 94.35 91.32 88.17 84.90 81.53 78.07 74.54 70.94 67.28 63.58 59.86 56.11 52.36 48.61 44.89 41.19 37.53 33.93 30.40 26.94 23.57 20.30 17.15 14.12 11.23 8.49 5.92 3.51 1.29 0.00 0.00 0.00 0.00 0.00 0.00 0.00 0.00 0.00 0.00 0.00 0.00 0.00 0.00 0.00 0.00 1.12
76.72 79.37 82.01 84.62 87.19 89.71 92.18 94.60 96.94 99.21 101.40 103.50 105.50 107.40 109.18 110.85 112.42 113.89 115.23 116.18 116.50 116.17 115.28 114.03 112.54 110.83 108.90 106.76 104.44 101.94 99.27 96.45 93.48 90.39 87.17 83.85 80.44 76.94 73.37 69.74 66.07 62.36 58.63 54.88 51.14 47.41 43.71 40.04 36.42 32.87 29.38 25.98 22.68 19.49 16.41 13.47 10.68 8.04 5.56 3.27 1.17 0.00 0.00 0.00 0.00 0.00 0.00 0.00 0.00 0.00 0.00 0.00 0.00 0.00 0.00 0.00 1.35 3.07
74.50 77.19 79.86 82.52 85.14 87.72 90.26 92.75 95.18 97.54 99.82 102.02 104.13 106.14 108.05 109.88 111.63 113.27 114.79 115.93 116.43 116.30 115.56 114.28 112.66 110.82 108.78 106.54 104.11 101.52 98.76 95.86 92.82 89.66 86.38 83.01 79.55 76.02 72.41 68.76 65.07 61.35 57.62 53.88 50.15 46.43 42.75 39.12 35.54 32.03 28.60 25.26 22.02 18.90 15.90 13.05 10.35 7.81 5.45 3.27 1.29 0.00 0.00 0.00 0.00 0.00 0.00 0.00 0.00 0.00 0.00 0.00 0.00 0.00 0.06 1.66 3.36 5.09
72.23 74.95 77.66 80.35 83.02 85.66 88.26 90.81 93.31 95.75 98.12 100.42 102.63 104.76 106.82 108.82 110.72 112.53 114.22 115.54 116.22 116.28 115.73 114.60 112.96 111.01 108.85 106.50 103.97 101.29 98.44 95.46 92.35 89.13 85.79 82.37 78.86 75.29 71.66 67.99 64.28 60.55 56.81 53.08 49.36 45.66 42.01 38.41 34.87 31.40 28.02 24.74 21.57 18.53 15.61 12.85 10.24 7.80 5.55 3.49 1.64 0.00 0.00 0.00 0.00 0.00 0.00 0.00 0.00 0.00 0.00 0.00 0.00 0.62 2.10 3.71 5.42 7.16
69.92 72.66 75.39 78.12 80.83 83.52 86.17 88.79 91.36 93.87 96.33 98.71 101.03 103.30 105.51 107.65 109.72 111.69 113.54 115.02 115.88 116.12 115.76 114.83 113.34 111.36 109.09 106.64 104.02 101.23 98.31 95.25 92.07 88.78 85.39 81.91 78.36 74.75 71.09 67.40 63.67 59.94 56.20 52.47 48.76 45.09 41.46 37.89 34.39 30.97 27.65 24.43 21.33 18.36 15.53 12.85 10.34 8.01 5.86 3.92 2.19 0.69 0.00 0.00 0.00 0.00 0.00 0.00 0.00 0.00 0.00 0.13 1.34 2.70 4.19 5.81 7.53 9.27
67.57 70.32 73.08 75.84 78.58 81.31 84.01 86.69 89.32 91.90 94.43 96.91 99.36 101.76 104.12 106.41 108.62 110.74 112.75 114.39 115.41 115.83 115.65 114.91 113.61 111.78 109.50 106.94 104.22 101.35 98.34 95.20 91.95 88.60 85.15 81.63 78.04 74.39 70.71 66.99 63.25 59.50 55.76 52.04 48.35 44.70 41.10 37.56 34.10 30.73 27.47 24.31 21.28 18.38 15.64 13.05 10.64 8.41 6.38 4.55 2.95 1.58 0.45 0.00 0.00 0.00 0.00 0.00 0.00 0.21 1.14 2.22 3.45 4.82 6.33 7.96 9.68 11.43
65.19 67.95 70.72 73.50 76.28 79.04 81.79 84.51 87.20 89.84 92.46 95.05 97.62 100.16 102.65 105.07 107.43 109.69 111.85 113.64 114.83 115.41 115.41 114.84 113.73 112.10 109.96 107.40 104.58 101.62 98.53 95.32 91.99 88.58 85.08 81.51 77.88 74.20 70.48 66.74 62.99 59.24 55.50 51.79 48.11 44.48 40.91 37.41 33.99 30.67 27.46 24.37 21.41 18.59 15.93 13.43 11.12 8.99 7.07 5.37 3.89 2.65 1.67 0.94 0.49 0.33 0.47 0.89 1.51 2.30 3.25 4.35 5.60 6.99 8.50 10.14 11.87 13.62
62.79 65.55 68.33 71.12 73.92 76.71 79.50 82.26 85.00 87.72 90.43 93.14 95.83 98.49 101.11 103.66 106.15 108.55 110.85 112.79 114.12 114.86 115.03 114.63 113.70 112.26 110.32 107.90 105.08 102.04 98.86 95.57 92.18 88.71 85.15 81.53 77.86 74.15 70.41 66.65 62.89 59.13 55.40 51.69 48.03 44.42 40.88 37.41 34.04 30.77 27.62 24.59 21.70 18.96 16.39 13.98 11.77 9.75 7.95 6.36 5.01 3.91 3.06 2.49 2.19 2.19 2.47 2.96 3.61 4.43 5.40 6.53 7.79 9.19 10.71 12.36 14.09 15.85
