data_output/RCH/Precip_2008_04.asc
ncols        168
nrows        136
xllcorner    455000
yllcorner    2107000
cellsize     500
NODATA_value     -99999
[rows 0 to 34 of 136, columns 0 to 78 of 168]
17.11 18.34 19.53 20.69 21.80 22.85 23.84 24.76 25.61 26.39 27.10 27.75 28.34 28.86 29.30 29.64 29.87 30.00 30.01 29.95 29.85 29.75 29.63 29.50 29.35 29.20 29.04 28.86 28.68 28.49 28.28 28.07 27.85 27.62 27.38 27.13 26.87 26.60 26.33 26.05 25.76 25.46 25.16 24.84 24.53 24.20 23.87 23.53 23.19 22.84 22.49 22.13 21.76 21.40 21.02 20.64 20.26 19.87 19.48 19.09 18.70 18.32 18.00 17.74 17.53 17.37 17.25 17.15 17.05 16.95 16.86 16.76 16.66 16.54 16.41 16.27 16.11 15.94 15.76
17.64 18.90 20.13 21.32 22.45 23.54 24.56 25.51 26.40 27.22 27.99 28.69 29.33 29.92 30.42 30.83 31.12 31.31 31.40 31.37 31.27 31.13 30.98 30.81 30.64 30.45 30.26 30.05 29.83 29.61 29.37 29.12 28.87 28.60 28.32 28.04 27.75 27.45 27.14 26.82 26.49 26.16 25.82 25.47 25.12 24.76 24.39 24.01 23.63 23.25 22.85 22.46 22.05 21.65 21.23 20.82 20.39 19.97 19.54 19.11 18.70 18.34 18.04 17.80 17.61 17.48 17.38 17.30 17.22 17.15 17.08 17.01 16.94 16.86 16.77 16.66 16.53 16.39 16.24
18.26 19.55 20.81 22.02 23.19 24.30 25.34 26.33 27.25 28.12 28.94 29.69 30.39 31.03 31.60 32.06 32.42 32.68 32.82 32.86 32.79 32.64 32.45 32.25 32.04 31.82 31.59 31.35 31.10 30.83 30.56 30.27 29.98 29.68 29.36 29.04 28.71 28.37 28.02 27.67 27.30 26.93 26.55 26.16 25.77 25.37 24.96 24.54 24.12 23.69 23.26 22.82 22.37 21.92 21.47 21.01 20.55 20.08 19.61 19.16 18.76 18.43 18.15 17.93 17.77 17.65 17.58 17.52 17.46 17.41 17.36 17.31 17.27 17.22 17.17 17.09 17.00 16.90 16.78
18.97 20.29 21.57 22.81 23.99 25.12 26.19 27.21 28.18 29.09 29.94 30.75 31.50 32.20 32.82 33.35 33.76 34.08 34.28 34.38 34.37 34.25 34.05 33.81 33.56 33.30 33.03 32.75 32.46 32.15 31.84 31.52 31.18 30.84 30.48 30.12 29.75 29.37 28.98 28.58 28.17 27.76 27.33 26.90 26.47 26.02 25.57 25.11 24.64 24.17 23.70 23.21 22.72 22.23 21.73 21.22 20.71 20.20 19.71 19.27 18.90 18.59 18.33 18.13 17.99 17.90 17.85 17.81 17.77 17.73 17.70 17.68 17.65 17.63 17.61 17.57 17.52 17.45 17.36
19.77 21.10 22.40 23.65 24.86 26.01 27.10 28.15 29.15 30.10 31.00 31.85 32.65 33.40 34.08 34.66 35.14 35.51 35.77 35.93 35.97 35.91 35.74 35.48 35.19 34.89 34.58 34.25 33.92 33.57 33.21 32.84 32.47 32.08 31.68 31.27 30.86 30.43 30.00 29.55 29.10 28.64 28.17 27.69 27.21 26.72 26.22 25.71 25.20 24.68 24.16 23.62 23.09 22.54 21.99 21.44 20.88 20.35 19.87 19.46 19.11 18.81 18.58 18.40 18.27 18.20 18.17 18.15 18.13 18.12 18.11 18.10 18.09 18.09 18.09 18.09 18.07 18.04 17.98
20.64 21.99 23.30 24.56 25.78 26.95 28.07 29.15 30.18 31.16 32.10 33.00 33.84 34.64 35.37 36.01 36.53 36.96 37.27 37.48 37.59 37.58 37.46 37.23 36.92 36.57 36.21 35.84 35.46 35.07 34.66 34.25 33.82 33.39 32.94 32.49 32.03 31.55 31.07 30.58 30.08 29.57 29.05 28.52 27.99 27.45 26.90 26.34 25.78 25.21 24.63 24.05 23.46 22.87 22.27 21.66 21.08 20.56 20.10 19.71 19.38 19.10 18.89 18.73 18.62 18.57 18.56 18.55 18.56 18.56 18.57 18.58 18.59 18.60 18.62 18.64 18.65 18.66 18.64
21.57 22.93 24.25 25.52 26.75 27.94 29.09 30.19 31.25 32.26 33.24 34.17 35.06 35.91 36.69 37.37 37.95 38.42 38.79 39.05 39.20 39.25 39.18 39.00 38.71 38.34 37.93 37.51 37.08 36.64 36.19 35.72 35.25 34.76 34.27 33.76 33.25 32.72 32.19 31.65 31.09 30.53 29.96 29.38 28.80 28.20 27.60 26.99 26.38 25.75 25.12 24.49 23.84 23.19 22.54 21.91 21.34 20.84 20.40 20.02 19.71 19.45 19.25 19.11 19.02 18.99 19.00 19.01 19.03 19.05 19.08 19.11 19.13 19.17 19.20 19.23 19.27 19.30 19.32
22.57 23.93 25.25 26.53 27.77 28.98 30.14 31.26 32.35 33.40 34.40 35.37 36.30 37.19 38.02 38.75 39.37 39.89 40.31 40.61 40.81 40.91 40.89 40.76 40.52 40.17 39.73 39.26 38.78 38.28 37.78 37.26 36.74 36.20 35.65 35.09 34.52 33.94 33.35 32.75 32.15 31.53 30.91 30.27 29.63 28.98 28.32 27.66 26.98 26.30 25.61 24.92 24.22 23.51 22.83 22.22 21.66 21.18 20.76 20.40 20.10 19.86 19.68 19.55 19.48 19.47 19.49 19.53 19.56 19.60 19.64 19.68 19.73 19.78 19.82 19.87 19.93 19.98 20.03
23.62 24.97 26.29 27.58 28.83 30.05 31.22 32.37 33.48 34.55 35.58 36.59 37.55 38.48 39.35 40.12 40.79 41.36 41.82 42.17 42.42 42.55 42.58 42.50 42.31 42.00 41.58 41.08 40.54 39.99 39.43 38.86 38.27 37.68 37.07 36.46 35.83 35.20 34.55 33.89 33.23 32.55 31.87 31.18 30.48 29.77 29.05 28.32 27.59 26.85 26.10 25.35 24.59 23.85 23.18 22.58 22.05 21.58 21.17 20.83 20.55 20.32 20.16 20.05 20.00 20.00 20.04 20.09 20.14 20.19 20.25 20.31 20.37 20.43 20.49 20.56 20.62 20.69 20.76
24.70 26.06 27.38 28.66 29.92 31.14 32.33 33.49 34.62 35.71 36.78 37.81 38.81 39.78 40.69 41.50 42.21 42.81 43.32 43.71 44.00 44.18 44.25 44.21 44.06 43.80 43.43 42.94 42.36 41.75 41.13 40.50 39.86 39.20 38.54 37.86 37.18 36.48 35.77 35.06 34.33 33.59 32.85 32.09 31.33 30.56 29.78 28.99 28.20 27.39 26.58 25.76 24.97 24.25 23.59 23.01 22.49 22.03 21.64 21.31 21.05 20.84 20.69 20.60 20.56 20.58 20.63 20.70 20.76 20.83 20.91 20.98 21.05 21.13 21.21 21.28 21.36 21.44 21.52
25.83 27.17 28.49 29.77 31.03 32.26 33.46 34.63 35.77 36.89 37.98 39.04 40.07 41.07 42.01 42.86 43.61 44.25 44.79 45.23 45.55 45.77 45.88 45.89 45.78 45.56 45.22 44.78 44.21 43.56 42.88 42.19 41.48 40.77 40.04 39.30 38.55 37.79 37.02 36.24 35.45 34.64 33.83 33.02 32.19 31.35 30.50 29.65 28.79 27.92 27.04 26.19 25.41 24.70 24.06 23.48 22.98 22.54 22.16 21.85 21.60 21.41 21.27 21.20 21.17 21.20 21.27 21.35 21.43 21.52 21.60 21.69 21.78 21.86 21.95 22.05 22.14 22.23 22.32
26.98 28.31 29.62 30.90 32.15 33.38 34.59 35.77 36.93 38.06 39.17 40.25 41.31 42.34 43.32 44.21 44.99 45.67 46.24 46.71 47.07 47.33 47.48 47.52 47.44 47.26 46.97 46.56 46.03 45.40 44.67 43.91 43.14 42.36 41.56 40.76 39.94 39.11 38.27 37.43 36.57 35.70 34.82 33.93 33.04 32.13 31.22 30.29 29.36 28.43 27.51 26.67 25.90 25.20 24.58 24.02 23.53 23.10 22.74 22.44 22.20 22.02 21.90 21.84 21.83 21.87 21.95 22.05 22.14 22.24 22.34 22.44 22.54 22.64 22.74 22.84 22.95 23.05 23.15
28.15 29.46 30.76 32.03 33.28 34.51 35.72 36.91 38.08 39.23 40.35 41.45 42.54 43.60 44.61 45.52 46.34 47.05 47.65 48.16 48.55 48.84 49.02 49.09 49.06 48.91 48.65 48.27 47.79 47.18 46.47 45.66 44.82 43.97 43.10 42.23 41.34 40.44 39.54 38.62 37.69 36.75 35.80 34.84 33.87 32.90 31.91 30.91 29.91 28.94 28.03 27.20 26.44 25.76 25.14 24.60 24.12 23.71 23.36 23.07 22.85 22.68 22.57 22.52 22.52 22.58 22.68 22.78 22.89 23.00 23.11 23.22 23.33 23.44 23.56 23.67 23.78 23.90 24.01
29.33 30.63 31.91 33.17 34.41 35.64 36.85 38.04 39.22 40.37 41.51 42.63 43.74 44.83 45.86 46.81 47.65 48.39 49.02 49.55 49.98 50.30 50.51 50.61 50.61 50.49 50.26 49.92 49.46 48.90 48.21 47.41 46.52 45.59 44.66 43.71 42.75 41.78 40.80 39.81 38.80 37.79 36.77 35.73 34.69 33.64 32.58 31.51 30.47 29.50 28.60 27.78 27.04 26.36 25.76 25.23 24.76 24.36 24.02 23.75 23.53 23.38 23.28 23.24 23.26 23.33 23.44 23.55 23.67 23.79 23.91 24.03 24.16 24.28 24.40 24.53 24.65 24.77 24.90
30.51 31.79 33.05 34.30 35.53 36.75 37.96 39.15 40.33 41.49 42.65 43.78 44.91 46.01 47.08 48.04 48.91 49.68 50.34 50.89 51.35 51.69 51.93 52.06 52.09 52.00 51.80 51.49 51.06 50.52 49.86 49.09 48.21 47.23 46.22 45.19 44.16 43.11 42.05 40.98 39.90 38.81 37.71 36.60 35.48 34.35 33.21 32.10 31.06 30.10 29.22 28.41 27.68 27.02 26.42 25.90 25.44 25.05 24.73 24.46 24.26 24.12 24.03 24.01 24.03 24.11 24.23 24.36 24.49 24.62 24.75 24.88 25.01 25.15 25.28 25.41 25.54 25.68 25.81
31.69 32.94 34.18 35.42 36.64 37.85 39.05 40.24 41.42 42.58 43.74 44.89 46.03 47.16 48.24 49.23 50.12 50.91 51.59 52.17 52.65 53.02 53.28 53.44 53.49 53.42 53.25 52.96 52.56 52.05 51.42 50.68 49.82 48.84 47.77 46.67 45.55 44.43 43.29 42.14 40.98 39.81 38.63 37.44 36.24 35.03 33.85 32.74 31.71 30.76 29.89 29.09 28.36 27.71 27.13 26.61 26.17 25.79 25.47 25.22 25.03 24.89 24.82 24.80 24.84 24.93 25.05 25.19 25.33 25.47 25.61 25.75 25.89 26.04 26.18 26.32 26.46 26.60 26.74
32.85 34.08 35.30 36.51 37.71 38.91 40.10 41.29 42.46 43.63 44.80 45.96 47.11 48.25 49.35 50.36 51.27 52.08 52.78 53.38 53.88 54.27 54.55 54.73 54.80 54.76 54.61 54.34 53.97 53.48 52.88 52.16 51.32 50.37 49.30 48.13 46.93 45.73 44.51 43.27 42.03 40.78 39.51 38.24 36.95 35.70 34.52 33.42 32.40 31.46 30.59 29.80 29.09 28.44 27.87 27.37 26.93 26.56 26.25 26.01 25.83 25.70 25.64 25.63 25.67 25.77 25.91 26.06 26.20 26.35 26.50 26.65 26.80 26.95 27.10 27.24 27.39 27.54 27.69
34.00 35.20 36.39 37.57 38.76 39.94 41.12 42.29 43.47 44.64 45.80 46.97 48.13 49.28 50.40 51.42 52.35 53.17 53.89 54.51 55.02 55.43 55.74 55.93 56.02 56.00 55.87 55.62 55.27 54.80 54.22 53.52 52.71 51.77 50.72 49.55 48.29 47.00 45.69 44.37 43.04 41.70 40.35 38.99 37.66 36.40 35.23 34.14 33.13 32.20 31.34 30.56 29.85 29.22 28.65 28.16 27.73 27.37 27.07 26.83 26.66 26.54 26.48 26.48 26.53 26.64 26.79 26.94 27.10 27.25 27.41 27.57 27.72 27.88 28.03 28.19 28.34 28.50 28.65
35.12 36.28 37.44 38.60 39.76 40.93 42.09 43.25 44.42 45.58 46.75 47.91 49.08 50.25 51.38 52.41 53.35 54.18 54.92 55.55 56.08 56.50 56.82 57.03 57.14 57.13 57.02 56.79 56.45 56.00 55.44 54.76 53.96 53.05 52.02 50.87 49.60 48.24 46.84 45.43 44.01 42.58 41.15 39.74 38.40 37.15 35.99 34.90 33.90 32.98 32.13 31.35 30.65 30.02 29.47 28.98 28.56 28.20 27.91 27.68 27.52 27.41 27.36 27.36 27.42 27.54 27.69 27.85 28.02 28.18 28.34 28.50 28.67 28.83 28.99 29.15 29.31 29.47 29.62
36.20 37.32 38.45 39.58 40.72 41.86 43.01 44.15 45.31 46.46 47.63 48.79 49.96 51.13 52.27 53.32 54.26 55.11 55.86 56.50 57.04 57.48 57.81 58.03 58.15 58.15 58.05 57.84 57.52 57.08 56.53 55.87 55.09 54.19 53.17 52.04 50.79 49.41 47.95 46.45 44.94 43.42 41.92 40.51 39.18 37.94 36.78 35.71 34.71 33.79 32.95 32.18 31.49 30.86 30.31 29.83 29.42 29.07 28.78 28.56 28.40 28.30 28.25 28.27 28.33 28.45 28.61 28.78 28.95 29.12 29.29 29.46 29.62 29.79 29.96 30.12 30.29 30.45 30.61
37.24 38.32 39.41 40.51 41.62 42.74 43.86 44.99 46.13 47.27 48.43 49.59 50.76 51.94 53.08 54.13 55.09 55.94 56.69 57.35 57.89 58.34 58.68 58.91 59.04 59.05 58.96 58.76 58.45 58.02 57.49 56.83 56.07 55.18 54.18 53.06 51.82 50.46 48.98 47.41 45.80 44.23 42.73 41.33 40.00 38.77 37.61 36.54 35.55 34.64 33.80 33.04 32.35 31.73 31.19 30.71 30.30 29.96 29.68 29.46 29.31 29.21 29.17 29.19 29.26 29.39 29.56 29.73 29.90 30.08 30.25 30.42 30.59 30.76 30.93 31.10 31.27 31.44 31.60
38.22 39.26 40.32 41.38 42.46 43.54 44.64 45.75 46.87 48.01 49.15 50.31 51.47 52.65 53.80 54.85 55.81 56.67 57.42 58.08 58.63 59.08 59.43 59.67 59.80 59.83 59.74 59.55 59.24 58.83 58.30 57.66 56.90 56.02 55.03 53.92 52.69 51.35 49.88 48.29 46.65 45.07 43.58 42.18 40.86 39.63 38.48 37.41 36.42 35.51 34.68 33.92 33.24 32.63 32.09 31.62 31.21 30.87 30.60 30.39 30.23 30.14 30.11 30.13 30.21 30.34 30.51 30.69 30.87 31.04 31.22 31.40 31.57 31.75 31.92 32.09 32.26 32.43 32.60
39.15 40.14 41.16 42.18 43.22 44.28 45.35 46.43 47.53 48.65 49.78 50.93 52.09 53.26 54.41 55.46 56.42 57.28 58.04 58.70 59.25 59.71 60.05 60.30 60.43 60.46 60.38 60.19 59.89 59.48 58.96 58.32 57.57 56.70 55.72 54.62 53.40 52.06 50.60 49.06 47.50 45.94 44.46 43.06 41.74 40.52 39.37 38.31 37.32 36.42 35.59 34.84 34.16 33.55 33.01 32.54 32.14 31.81 31.54 31.33 31.18 31.09 31.06 31.09 31.17 31.30 31.48 31.66 31.84 32.02 32.20 32.38 32.56 32.73 32.91 33.08 33.25 33.42 33.59
40.01 40.95 41.92 42.90 43.91 44.93 45.97 47.03 48.10 49.20 50.31 51.45 52.60 53.77 54.91 55.96 56.92 57.78 58.53 59.19 59.75 60.20 60.54 60.79 60.92 60.95 60.88 60.69 60.39 59.98 59.46 58.83 58.08 57.21 56.23 55.14 53.92 52.59 51.18 49.75 48.30 46.83 45.37 43.97 42.66 41.43 40.29 39.23 38.25 37.35 36.52 35.77 35.09 34.49 33.95 33.49 33.09 32.76 32.49 32.28 32.14 32.05 32.03 32.06 32.14 32.28 32.45 32.64 32.82 33.01 33.19 33.37 33.55 33.73 33.90 34.08 34.25 34.42 34.59
40.79 41.68 42.60 43.54 44.51 45.49 46.49 47.52 48.57 49.65 50.74 51.86 53.00 54.16 55.29 56.34 57.29 58.14 58.90 59.55 60.10 60.55 60.89 61.13 61.27 61.29 61.21 61.02 60.73 60.32 59.79 59.16 58.41 57.55 56.57 55.47 54.26 52.98 51.67 50.35 49.02 47.66 46.28 44.91 43.60 42.38 41.24 40.18 39.20 38.30 37.47 36.72 36.05 35.45 34.91 34.45 34.05 33.72 33.46 33.25 33.11 33.03 33.00 33.03 33.12 33.26 33.44 33.62 33.81 33.99 34.18 34.36 34.54 34.72 34.89 35.07 35.24 35.41 35.58
41.49 42.33 43.20 44.09 45.01 45.95 46.92 47.91 48.93 49.98 51.05 52.15 53.28 54.42 55.55 56.59 57.53 58.38 59.12 59.77 60.31 60.75 61.09 61.32 61.45 61.47 61.39 61.19 60.89 60.48 59.95 59.32 58.56 57.70 56.72 55.62 54.46 53.27 52.08 50.87 49.65 48.40 47.14 45.85 44.57 43.34 42.20 41.15 40.17 39.27 38.44 37.70 37.02 36.42 35.89 35.43 35.03 34.70 34.44 34.23 34.09 34.01 33.99 34.02 34.10 34.24 34.42 34.61 34.80 34.98 35.16 35.35 35.53 35.70 35.88 36.05 36.23 36.39 36.56
42.10 42.88 43.69 44.54 45.41 46.31 47.24 48.19 49.18 50.20 51.24 52.32 53.43 54.56 55.68 56.70 57.63 58.47 59.20 59.83 60.37 60.80 61.13 61.35 61.47 61.49 61.39 61.19 60.88 60.46 59.93 59.29 58.53 57.66 56.67 55.62 54.55 53.48 52.40 51.30 50.19 49.06 47.91 46.73 45.53 44.33 43.19 42.13 41.15 40.25 39.43 38.68 38.01 37.41 36.88 36.41 36.02 35.69 35.42 35.22 35.08 35.00 34.97 35.01 35.09 35.23 35.41 35.60 35.78 35.97 36.15 36.33 36.51 36.69 36.86 37.03 37.20 37.37 37.53
42.61 43.33 44.09 44.87 45.69 46.55 47.43 48.35 49.30 50.29 51.31 52.36 53.44 54.56 55.66 56.67 57.59 58.40 59.12 59.74 60.26 60.68 61.00 61.21 61.32 61.32 61.22 61.01 60.69 60.26 59.71 59.06 58.29 57.42 56.48 55.52 54.56 53.60 52.62 51.64 50.63 49.62 48.58 47.51 46.43 45.31 44.19 43.13 42.15 41.25 40.43 39.68 39.01 38.40 37.87 37.41 37.01 36.68 36.42 36.21 36.07 35.99 35.96 35.99 36.08 36.22 36.40 36.58 36.77 36.95 37.13 37.31 37.49 37.66 37.83 38.00 38.17 38.33 38.49
43.01 43.67 44.37 45.10 45.86 46.67 47.51 48.38 49.30 50.25 51.23 52.26 53.31 54.41 55.49 56.48 57.38 58.18 58.89 59.49 59.99 60.40 60.70 60.90 60.99 60.98 60.86 60.63 60.30 59.85 59.30 58.63 57.86 57.02 56.17 55.32 54.47 53.62 52.75 51.88 50.98 50.08 49.15 48.20 47.22 46.22 45.18 44.15 43.17 42.26 41.44 40.69 40.01 39.41 38.87 38.41 38.01 37.68 37.41 37.20 37.06 36.98 36.95 36.98 37.06 37.20 37.38 37.56 37.74 37.92 38.10 38.28 38.45 38.62 38.79 38.96 39.12 39.28 39.44
43.30 43.90 44.53 45.20 45.91 46.66 47.45 48.28 49.15 50.06 51.01 52.00 53.04 54.11 55.17 56.14 57.02 57.80 58.48 59.06 59.55 59.93 60.21 60.39 60.47 60.44 60.30 60.06 59.71 59.25 58.68 58.00 57.26 56.52 55.77 55.03 54.29 53.54 52.78 52.02 51.23 50.44 49.62 48.78 47.92 47.02 46.10 45.15 44.19 43.28 42.45 41.70 41.02 40.41 39.88 39.41 39.01 38.67 38.40 38.20 38.05 37.96 37.93 37.96 38.04 38.18 38.35 38.53 38.71 38.89 39.06 39.24 39.41 39.57 39.74 39.90 40.06 40.21 40.36
43.47 43.99 44.56 45.16 45.82 46.51 47.25 48.03 48.86 49.73 50.64 51.60 52.60 53.64 54.68 55.63 56.48 57.24 57.90 58.46 58.92 59.28 59.54 59.70 59.75 59.70 59.55 59.28 58.91 58.43 57.85 57.20 56.56 55.91 55.28 54.64 54.00 53.36 52.71 52.05 51.38 50.69 49.98 49.25 48.50 47.72 46.91 46.07 45.19 44.30 43.47 42.72 42.03 41.42 40.88 40.41 40.01 39.67 39.39 39.18 39.03 38.94 38.91 38.93 39.01 39.14 39.31 39.49 39.67 39.84 40.01 40.18 40.34 40.51 40.67 40.82 40.98 41.12 41.27
43.51 43.96 44.45 44.99 45.58 46.22 46.90 47.63 48.41 49.23 50.11 51.03 51.99 53.01 54.01 54.94 55.76 56.49 57.13 57.66 58.10 58.43 58.67 58.80 58.83 58.76 58.58 58.29 57.90 57.40 56.85 56.29 55.75 55.21 54.68 54.15 53.61 53.08 52.53 51.98 51.42 50.84 50.24 49.62 48.98 48.31 47.61 46.88 46.11 45.31 44.49 43.73 43.04 42.43 41.88 41.41 41.00 40.66 40.38 40.16 40.01 39.91 39.88 39.90 39.97 40.10 40.26 40.44 40.61 40.78 40.94 41.10 41.26 41.42 41.57 41.72 41.87 42.01 42.15
43.41 43.78 44.20 44.68 45.20 45.77 46.40 47.07 47.80 48.58 49.40 50.28 51.21 52.19 53.17 54.06 54.86 55.56 56.16 56.67 57.08 57.39 57.59 57.70 57.70 57.60 57.40 57.08 56.67 56.20 55.73 55.28 54.84 54.40 53.97 53.54 53.12 52.69 52.25 51.80 51.34 50.87 50.38 49.87 49.34 48.78 48.19 47.57 46.91 46.22 45.49 44.75 44.05 43.43 42.88 42.40 41.99 41.64 41.36 41.14 40.98 40.88 40.83 40.85 40.92 41.04 41.20 41.37 41.53 41.69 41.85 42.01 42.16 42.31 42.46 42.60 42.74 42.87 43.01
43.17 43.46 43.80 44.20 44.66 45.17 45.73 46.35 47.02 47.74 48.53 49.36 50.25 51.20 52.14 53.00 53.76 54.43 55.00 55.47 55.85 56.13 56.30 56.38 56.35 56.22 55.99 55.65 55.26 54.87 54.51 54.16 53.81 53.48 53.15 52.83 52.51 52.18 51.85 51.51 51.15 50.79 50.41 50.00 49.58 49.13 48.65 48.14 47.59 47.01 46.39 45.73 45.06 44.43 43.87 43.39 42.97 42.61 42.32 42.09 41.93 41.82 41.77 41.78 41.84 41.96 42.11 42.27 42.43 42.59 42.74 42.89 43.04 43.18 43.32 43.45 43.58 43.71 43.83
42.77 42.98 43.24 43.57 43.95 44.39 44.89 45.45 46.06 46.73 47.46 48.25 49.10 50.01 50.91 51.73 52.46 53.09 53.63 54.07 54.41 54.65 54.79 54.84 54.77 54.61 54.35 54.03 53.73 53.44 53.17 52.92 52.68 52.45 52.23 52.00 51.78 51.56 51.33 51.09 50.85 50.59 50.31 50.02 49.70 49.35 48.98 48.58 48.15 47.68 47.17 46.62 46.03 45.42 44.85 44.36 43.93 43.57 43.27 43.04 42.86 42.75 42.70 42.70 42.75 42.86 43.01 43.16 43.31 43.46 43.60 43.74 43.88 44.02 44.15 44.27 44.39 44.51 44.62
