data_output/RCH/Precip_1989_12.asc
ncols        168
nrows        136
xllcorner    455000
yllcorner    2107000
cellsize     500
NODATA_value     -99999
[rows 102 to 135 of 136, columns 0 to 76 of 168]
23.99 23.84 23.67 23.47 23.24 22.98 22.70 22.39 22.06 21.71 21.33 20.92 20.48 20.01 19.51 18.99 18.45 17.89 17.31 16.71 16.09 15.46 14.82 14.17 13.50 12.84 12.16 11.50 10.87 10.28 9.74 9.23 8.77 8.35 7.97 7.64 7.34 7.08 6.86 6.68 6.54 6.44 6.38 6.35 6.36 6.40 6.43 6.48 6.53 6.58 6.64 6.71 6.78 6.86 6.95 7.05 7.16 7.27 7.40 7.54 7.69 7.84 8.02 8.20 8.40 8.61 8.83 9.07 9.32 9.59 9.87 10.17 10.48 10.81 11.16 11.52 11.87
24.08 23.94 23.77 23.57 23.35 23.09 22.81 22.51 22.18 21.82 21.42 21.00 20.54 20.06 19.55 19.01 18.45 17.87 17.27 16.66 16.02 15.37 14.71 14.04 13.36 12.67 11.98 11.29 10.64 10.03 9.47 8.95 8.47 8.03 7.63 7.27 6.96 6.68 6.44 6.25 6.09 5.97 5.89 5.85 5.84 5.87 5.93 5.99 6.05 6.12 6.20 6.29 6.38 6.48 6.59 6.70 6.83 6.97 7.11 7.27 7.44 7.62 7.81 8.01 8.23 8.46 8.71 8.97 9.24 9.53 9.84 10.16 10.50 10.85 11.21 11.57 11.92
24.15 24.02 23.86 23.67 23.45 23.20 22.92 22.62 22.28 21.91 21.50 21.06 20.59 20.09 19.57 19.02 18.45 17.85 17.24 16.60 15.95 15.29 14.61 13.92 13.22 12.51 11.80 11.09 10.43 9.80 9.22 8.68 8.18 7.72 7.31 6.93 6.60 6.31 6.05 5.84 5.67 5.53 5.43 5.38 5.36 5.38 5.43 5.51 5.59 5.68 5.78 5.88 5.99 6.11 6.24 6.37 6.52 6.68 6.84 7.02 7.21 7.41 7.63 7.85 8.09 8.34 8.61 8.89 9.19 9.50 9.83 10.18 10.54 10.91 11.27 11.63 11.98
24.21 24.09 23.94 23.75 23.54 23.29 23.02 22.71 22.36 21.98 21.56 21.11 20.63 20.12 19.58 19.02 18.44 17.83 17.20 16.55 15.89 15.21 14.51 13.81 13.09 12.37 11.64 10.91 10.23 9.59 8.99 8.43 7.91 7.44 7.01 6.62 6.27 5.96 5.69 5.46 5.28 5.13 5.02 4.94 4.91 4.92 4.96 5.04 5.14 5.25 5.36 5.49 5.62 5.76 5.90 6.06 6.23 6.41 6.59 6.79 7.00 7.23 7.46 7.71 7.97 8.25 8.54 8.85 9.17 9.50 9.86 10.23 10.60 10.97 11.33 11.68 12.03
24.26 24.15 24.01 23.83 23.62 23.38 23.10 22.78 22.43 22.04 21.61 21.15 20.66 20.14 19.59 19.02 18.42 17.80 17.16 16.50 15.82 15.13 14.42 13.70 12.97 12.23 11.48 10.74 10.04 9.39 8.77 8.20 7.67 7.18 6.74 6.33 5.97 5.65 5.36 5.12 4.92 4.76 4.63 4.55 4.50 4.50 4.53 4.60 4.70 4.83 4.97 5.11 5.26 5.42 5.59 5.77 5.96 6.16 6.37 6.59 6.82 7.07 7.33 7.60 7.88 8.18 8.50 8.83 9.17 9.53 9.91 10.29 10.67 11.03 11.39 11.75 12.09
24.30 24.20 24.06 23.89 23.69 23.45 23.16 22.84 22.48 22.08 21.64 21.18 20.68 20.15 19.59 19.01 18.40 17.77 17.12 16.45 15.76 15.05 14.33 13.60 12.85 12.10 11.34 10.59 9.87 9.20 8.57 7.99 7.44 6.94 6.49 6.07 5.69 5.36 5.06 4.81 4.60 4.42 4.29 4.19 4.14 4.12 4.14 4.20 4.30 4.43 4.59 4.75 4.92 5.10 5.29 5.50 5.71 5.93 6.16 6.41 6.66 6.93 7.21 7.51 7.82 8.14 8.48 8.84 9.21 9.59 9.98 10.37 10.74 11.11 11.46 11.81 12.16
24.32 24.23 24.10 23.94 23.74 23.49 23.21 22.88 22.51 22.10 21.66 21.19 20.69 20.15 19.58 18.99 18.38 17.74 17.08 16.40 15.70 14.98 14.25 13.50 12.75 11.98 11.21 10.44 9.72 9.03 8.39 7.80 7.24 6.73 6.26 5.83 5.44 5.10 4.79 4.53 4.31 4.12 3.98 3.88 3.81 3.79 3.80 3.85 3.94 4.06 4.23 4.41 4.60 4.81 5.02 5.25 5.48 5.72 5.98 6.25 6.53 6.82 7.13 7.45 7.78 8.13 8.50 8.88 9.27 9.67 10.07 10.45 10.82 11.18 11.54 11.89 12.23
24.32 24.25 24.13 23.97 23.77 23.52 23.23 22.90 22.53 22.12 21.67 21.19 20.68 20.14 19.57 18.97 18.35 17.70 17.03 16.34 15.64 14.91 14.17 13.42 12.65 11.88 11.09 10.32 9.58 8.88 8.23 7.62 7.06 6.54 6.06 5.62 5.22 4.87 4.56 4.28 4.05 3.86 3.71 3.60 3.52 3.49 3.50 3.54 3.62 3.74 3.90 4.09 4.31 4.54 4.77 5.02 5.28 5.55 5.83 6.12 6.43 6.74 7.08 7.42 7.78 8.16 8.55 8.95 9.36 9.76 10.15 10.53 10.90 11.26 11.62 11.96 12.30
24.31 24.25 24.14 23.98 23.77 23.52 23.23 22.90 22.52 22.11 21.67 21.18 20.67 20.12 19.55 18.95 18.32 17.67 16.99 16.30 15.58 14.85 14.10 13.34 12.56 11.78 10.99 10.20 9.45 8.75 8.09 7.47 6.90 6.37 5.88 5.43 5.03 4.67 4.35 4.07 3.83 3.63 3.47 3.36 3.28 3.24 3.24 3.28 3.35 3.47 3.62 3.81 4.04 4.29 4.55 4.82 5.10 5.40 5.70 6.02 6.35 6.70 7.05 7.43 7.81 8.21 8.63 9.05 9.46 9.86 10.25 10.62 10.99 11.35 11.70 12.04 12.38
24.28 24.22 24.12 23.96 23.76 23.51 23.22 22.88 22.51 22.10 21.65 21.16 20.65 20.10 19.52 18.92 18.28 17.63 16.95 16.25 15.53 14.79 14.03 13.27 12.49 11.69 10.89 10.10 9.34 8.63 7.96 7.34 6.76 6.22 5.73 5.28 4.87 4.50 4.17 3.89 3.64 3.44 3.28 3.16 3.07 3.03 3.03 3.06 3.13 3.25 3.40 3.58 3.81 4.07 4.35 4.65 4.96 5.28 5.61 5.95 6.31 6.68 7.06 7.46 7.88 8.31 8.74 9.16 9.57 9.96 10.35 10.72 11.09 11.44 11.79 12.13 12.46
24.23 24.18 24.07 23.92 23.72 23.47 23.18 22.85 22.48 22.06 21.62 21.13 20.62 20.07 19.49 18.88 18.25 17.59 16.90 16.20 15.48 14.73 13.98 13.20 12.42 11.62 10.81 10.01 9.25 8.53 7.86 7.23 6.64 6.10 5.60 5.14 4.73 4.36 4.03 3.74 3.49 3.28 3.12 2.99 2.91 2.86 2.86 2.89 2.96 3.07 3.22 3.41 3.63 3.89 4.19 4.51 4.84 5.19 5.55 5.92 6.30 6.70 7.11 7.54 7.98 8.42 8.85 9.27 9.68 10.07 10.45 10.83 11.19 11.54 11.89 12.22 12.55
24.15 24.10 24.00 23.85 23.66 23.41 23.13 22.80 22.43 22.02 21.57 21.09 20.57 20.03 19.45 18.84 18.20 17.54 16.86 16.16 15.43 14.68 13.92 13.15 12.36 11.55 10.74 9.94 9.17 8.45 7.77 7.14 6.55 6.00 5.50 5.04 4.62 4.25 3.91 3.62 3.37 3.17 3.00 2.87 2.78 2.74 2.73 2.76 2.83 2.94 3.09 3.28 3.50 3.77 4.07 4.40 4.76 5.13 5.52 5.92 6.33 6.75 7.19 7.65 8.10 8.55 8.98 9.39 9.80 10.19 10.57 10.94 11.30 11.65 11.99 12.32 12.65
24.04 24.00 23.91 23.76 23.57 23.34 23.05 22.73 22.36 21.96 21.52 21.04 20.52 19.98 19.40 18.79 18.16 17.50 16.82 16.11 15.39 14.64 13.88 13.10 12.31 11.50 10.69 9.88 9.11 8.38 7.70 7.07 6.47 5.93 5.42 4.96 4.54 4.17 3.83 3.54 3.29 3.08 2.91 2.79 2.70 2.66 2.65 2.68 2.76 2.87 3.02 3.21 3.43 3.70 4.00 4.34 4.71 5.11 5.53 5.95 6.39 6.85 7.32 7.78 8.24 8.68 9.11 9.52 9.92 10.31 10.69 11.06 11.41 11.76 12.09 12.42 12.74
23.90 23.87 23.79 23.65 23.47 23.24 22.96 22.65 22.29 21.89 21.45 20.97 20.46 19.92 19.35 18.75 18.11 17.46 16.78 16.07 15.35 14.60 13.84 13.06 12.27 11.46 10.64 9.83 9.06 8.33 7.65 7.02 6.42 5.88 5.37 4.91 4.49 4.12 3.78 3.49 3.24 3.04 2.87 2.75 2.66 2.62 2.61 2.65 2.72 2.84 2.99 3.19 3.42 3.68 3.99 4.33 4.71 5.13 5.57 6.03 6.50 6.98 7.46 7.93 8.39 8.83 9.25 9.66 10.06 10.45 10.82 11.18 11.53 11.87 12.21 12.53 12.85
23.74 23.72 23.64 23.52 23.34 23.12 22.85 22.54 22.19 21.80 21.37 20.90 20.40 19.86 19.29 18.69 18.07 17.41 16.73 16.03 15.31 14.57 13.81 13.03 12.24 11.43 10.61 9.80 9.03 8.31 7.62 6.99 6.40 5.85 5.35 4.89 4.47 4.10 3.77 3.48 3.23 3.03 2.86 2.74 2.66 2.62 2.62 2.66 2.74 2.86 3.02 3.22 3.45 3.73 4.04 4.39 4.77 5.20 5.66 6.14 6.64 7.14 7.62 8.09 8.54 8.98 9.40 9.81 10.20 10.58 10.95 11.31 11.66 12.00 12.33 12.65 12.96
23.55 23.54 23.47 23.36 23.20 22.98 22.73 22.43 22.08 21.70 21.28 20.82 20.32 19.79 19.23 18.64 18.02 17.37 16.69 16.00 15.28 14.54 13.78 13.01 12.22 11.41 10.60 9.79 9.02 8.30 7.62 6.98 6.39 5.85 5.35 4.89 4.48 4.11 3.78 3.50 3.26 3.06 2.90 2.78 2.70 2.67 2.68 2.72 2.81 2.93 3.10 3.30 3.54 3.83 4.14 4.50 4.90 5.33 5.80 6.30 6.81 7.31 7.79 8.26 8.71 9.14 9.56 9.96 10.35 10.73 11.10 11.45 11.80 12.13 12.45 12.77 13.08
23.33 23.33 23.28 23.18 23.03 22.83 22.58 22.29 21.96 21.59 21.17 20.72 20.24 19.72 19.16 18.58 17.96 17.32 16.65 15.96 15.25 14.52 13.76 12.99 12.21 11.41 10.60 9.79 9.02 8.30 7.63 7.00 6.41 5.87 5.38 4.92 4.52 4.15 3.83 3.55 3.32 3.12 2.97 2.86 2.79 2.76 2.77 2.83 2.92 3.05 3.23 3.44 3.69 3.98 4.31 4.67 5.08 5.52 6.00 6.50 7.00 7.49 7.97 8.44 8.88 9.31 9.73 10.13 10.51 10.89 11.25 11.60 11.94 12.27 12.59 12.90 13.20
23.08 23.10 23.06 22.98 22.84 22.65 22.42 22.14 21.82 21.46 21.06 20.62 20.14 19.63 19.09 18.51 17.91 17.28 16.62 15.93 15.23 14.50 13.75 12.99 12.21 11.42 10.61 9.81 9.05 8.33 7.66 7.04 6.46 5.92 5.43 4.99 4.58 4.23 3.91 3.64 3.41 3.22 3.08 2.98 2.92 2.90 2.92 2.98 3.08 3.23 3.41 3.63 3.89 4.19 4.53 4.91 5.32 5.77 6.25 6.72 7.21 7.69 8.16 8.62 9.06 9.49 9.90 10.30 10.68 11.05 11.41 11.76 12.09 12.41 12.73 13.03 13.33
22.81 22.84 22.82 22.75 22.63 22.46 22.24 21.98 21.67 21.32 20.94 20.51 20.04 19.54 19.01 18.45 17.85 17.23 16.58 15.91 15.21 14.49 13.75 13.00 12.22 11.44 10.64 9.84 9.08 8.38 7.71 7.09 6.52 6.00 5.51 5.08 4.68 4.33 4.03 3.76 3.54 3.37 3.23 3.14 3.09 3.08 3.11 3.18 3.30 3.45 3.64 3.88 4.15 4.46 4.81 5.20 5.63 6.07 6.53 6.98 7.44 7.90 8.36 8.82 9.26 9.68 10.09 10.48 10.86 11.22 11.58 11.92 12.25 12.57 12.88 13.18 13.47
22.51 22.56 22.56 22.51 22.40 22.25 22.05 21.80 21.51 21.17 20.80 20.39 19.94 19.45 18.93 18.38 17.80 17.18 16.55 15.88 15.20 14.49 13.76 13.01 12.25 11.47 10.68 9.89 9.14 8.44 7.79 7.18 6.61 6.10 5.62 5.19 4.81 4.47 4.17 3.92 3.71 3.55 3.42 3.34 3.30 3.30 3.35 3.43 3.56 3.72 3.93 4.18 4.46 4.79 5.15 5.55 5.98 6.41 6.84 7.27 7.71 8.15 8.59 9.03 9.46 9.88 10.28 10.67 11.04 11.41 11.75 12.09 12.41 12.73 13.03 13.33 13.61
22.19 22.26 22.28 22.24 22.15 22.02 21.83 21.60 21.33 21.01 20.65 20.26 19.82 19.35 18.84 18.31 17.74 17.14 16.51 15.86 15.19 14.49 13.77 13.04 12.28 11.52 10.73 9.95 9.22 8.52 7.88 7.28 6.73 6.22 5.76 5.34 4.97 4.64 4.36 4.11 3.92 3.76 3.65 3.58 3.56 3.57 3.63 3.73 3.87 4.05 4.27 4.53 4.83 5.17 5.55 5.95 6.35 6.76 7.17 7.59 8.00 8.42 8.84 9.26 9.68 10.09 10.49 10.87 11.24 11.60 11.94 12.27 12.59 12.90 13.19 13.48 13.76
21.84 21.93 21.97 21.95 21.89 21.77 21.61 21.39 21.14 20.84 20.50 20.12 19.70 19.24 18.76 18.23 17.68 17.10 16.49 15.85 15.19 14.50 13.80 13.07 12.33 11.58 10.80 10.04 9.31 8.63 8.00 7.41 6.87 6.37 5.92 5.52 5.16 4.84 4.57 4.34 4.16 4.02 3.92 3.87 3.86 3.89 3.96 4.07 4.23 4.42 4.66 4.94 5.25 5.61 5.99 6.37 6.76 7.14 7.53 7.93 8.32 8.71 9.11 9.51 9.91 10.31 10.70 11.08 11.44 11.80 12.13 12.46 12.77 13.07 13.37 13.65 13.92
21.47 21.58 21.64 21.64 21.60 21.50 21.36 21.17 20.93 20.65 20.33 19.97 19.57 19.13 18.66 18.16 17.62 17.05 16.46 15.84 15.19 14.52 13.83 13.12 12.39 11.65 10.89 10.14 9.42 8.75 8.13 7.56 7.03 6.55 6.11 5.72 5.38 5.08 4.82 4.61 4.44 4.32 4.23 4.20 4.20 4.25 4.33 4.47 4.64 4.85 5.10 5.40 5.73 6.09 6.45 6.81 7.18 7.55 7.92 8.29 8.66 9.04 9.41 9.79 10.17 10.55 10.93 11.30 11.66 12.00 12.34 12.66 12.96 13.26 13.54 13.82 14.09
21.09 21.21 21.28 21.31 21.29 21.22 21.10 20.93 20.72 20.46 20.16 19.82 19.44 19.02 18.57 18.08 17.56 17.01 16.43 15.83 15.20 14.55 13.87 13.18 12.47 11.74 10.99 10.25 9.55 8.90 8.29 7.73 7.22 6.75 6.33 5.96 5.63 5.34 5.10 4.91 4.76 4.65 4.59 4.56 4.59 4.65 4.76 4.91 5.10 5.33 5.60 5.91 6.25 6.59 6.93 7.28 7.63 7.97 8.32 8.68 9.03 9.38 9.74 10.10 10.45 10.81 11.17 11.53 11.88 12.22 12.55 12.86 13.16 13.45 13.73 14.00 14.26
20.73 20.83 20.91 20.96 20.97 20.92 20.82 20.68 20.49 20.25 19.97 19.65 19.29 18.90 18.47 18.00 17.50 16.97 16.41 15.83 15.22 14.58 13.92 13.25 12.55 11.84 11.11 10.38 9.70 9.06 8.47 7.93 7.43 6.98 6.58 6.22 5.91 5.65 5.42 5.25 5.11 5.02 4.98 4.98 5.02 5.10 5.23 5.40 5.61 5.86 6.15 6.47 6.79 7.11 7.44 7.76 8.09 8.42 8.75 9.08 9.42 9.75 10.09 10.43 10.76 11.10 11.44 11.78 12.12 12.45 12.77 13.08 13.37 13.65 13.93 14.19 14.44
20.36 20.47 20.55 20.60 20.62 20.60 20.53 20.41 20.24 20.03 19.78 19.48 19.15 18.77 18.36 17.92 17.44 16.93 16.40 15.83 15.24 14.62 13.99 13.33 12.65 11.95 11.24 10.53 9.87 9.25 8.68 8.15 7.67 7.24 6.86 6.52 6.23 5.98 5.78 5.62 5.51 5.44 5.41 5.43 5.49 5.60 5.75 5.94 6.17 6.44 6.74 7.04 7.34 7.65 7.96 8.26 8.57 8.89 9.20 9.51 9.83 10.14 10.46 10.78 11.09 11.41 11.73 12.05 12.37 12.69 13.00 13.30 13.59 13.87 14.13 14.39 14.63
20.00 20.11 20.19 20.24 20.27 20.27 20.22 20.13 19.99 19.80 19.57 19.30 18.99 18.64 18.26 17.84 17.38 16.90 16.38 15.84 15.27 14.67 14.06 13.42 12.76 12.08 11.39 10.70 10.05 9.45 8.90 8.40 7.94 7.53 7.16 6.85 6.57 6.35 6.16 6.03 5.94 5.89 5.89 5.93 6.01 6.14 6.31 6.52 6.78 7.06 7.34 7.63 7.91 8.20 8.49 8.78 9.08 9.37 9.66 9.96 10.26 10.55 10.85 11.15 11.45 11.75 12.05 12.35 12.65 12.95 13.24 13.54 13.82 14.09 14.34 14.59 14.83
19.65 19.75 19.83 19.89 19.92 19.92 19.90 19.83 19.72 19.56 19.36 19.12 18.83 18.51 18.15 17.75 17.32 16.86 16.37 15.85 15.30 14.73 14.14 13.52 12.88 12.23 11.56 10.89 10.26 9.68 9.15 8.67 8.23 7.84 7.50 7.20 6.95 6.75 6.59 6.48 6.41 6.38 6.40 6.47 6.58 6.73 6.92 7.16 7.42 7.69 7.96 8.22 8.50 8.77 9.04 9.32 9.59 9.87 10.14 10.42 10.70 10.98 11.26 11.54 11.82 12.10 12.38 12.66 12.94 13.22 13.50 13.78 14.06 14.32 14.57 14.81 15.04
19.31 19.41 19.49 19.54 19.57 19.58 19.57 19.52 19.44 19.31 19.14 18.92 18.67 18.37 18.04 17.67 17.27 16.83 16.37 15.87 15.35 14.80 14.23 13.64 13.02 12.39 11.74 11.09 10.49 9.93 9.42 8.96 8.55 8.18 7.86 7.59 7.36 7.18 7.05 6.96 6.92 6.92 6.96 7.05 7.19 7.36 7.58 7.83 8.08 8.33 8.58 8.84 9.09 9.35 9.60 9.86 10.12 10.38 10.64 10.90 11.16 11.42 11.69 11.95 12.21 12.47 12.74 13.00 13.26 13.52 13.78 14.04 14.30 14.56 14.80 15.03 15.25
18.97 19.07 19.15 19.21 19.24 19.25 19.24 19.21 19.15 19.05 18.91 18.72 18.50 18.23 17.93 17.59 17.21 16.80 16.36 15.89 15.40 14.88 14.33 13.76 13.17 12.56 11.94 11.32 10.73 10.20 9.72 9.28 8.89 8.55 8.25 8.01 7.81 7.65 7.54 7.48 7.46 7.49 7.56 7.68 7.84 8.04 8.27 8.51 8.74 8.98 9.22 9.46 9.69 9.94 10.18 10.42 10.66 10.91 11.15 11.39 11.64 11.88 12.13 12.37 12.62 12.86 13.11 13.35 13.60 13.84 14.08 14.33 14.57 14.81 15.04 15.26 15.48
18.64 18.75 18.83 18.89 18.92 18.94 18.93 18.90 18.86 18.78 18.67 18.52 18.32 18.09 17.81 17.50 17.15 16.78 16.37 15.93 15.46 14.96 14.44 13.90 13.34 12.76 12.16 11.56 11.00 10.49 10.03 9.62 9.26 8.94 8.68 8.46 8.28 8.15 8.07 8.04 8.05 8.10 8.21 8.35 8.54 8.75 8.97 9.19 9.41 9.64 9.86 10.08 10.31 10.53 10.76 10.99 11.22 11.44 11.67 11.90 12.13 12.36 12.59 12.82 13.04 13.27 13.50 13.73 13.95 14.18 14.40 14.63 14.85 15.07 15.29 15.51 15.71
18.32 18.43 18.51 18.58 18.62 18.64 18.64 18.61 18.57 18.51 18.43 18.31 18.14 17.94 17.70 17.42 17.10 16.75 16.37 15.96 15.52 15.06 14.57 14.05 13.52 12.96 12.39 11.82 11.29 10.81 10.37 9.99 9.66 9.37 9.13 8.94 8.79 8.69 8.64 8.63 8.67 8.76 8.89 9.06 9.26 9.47 9.67 9.88 10.09 10.30 10.51 10.72 10.93 11.14 11.35 11.57 11.78 11.99 12.21 12.42 12.63 12.84 13.06 13.27 13.48 13.69 13.90 14.11 14.32 14.53 14.74 14.95 15.15 15.35 15.56 15.76 15.95
18.01 18.12 18.21 18.28 18.32 18.35 18.35 18.34 18.30 18.25 18.18 18.09 17.96 17.79 17.58 17.33 17.05 16.73 16.38 16.00 15.60 15.16 14.70 14.22 13.71 13.18 12.64 12.10 11.59 11.14 10.74 10.38 10.08 9.82 9.61 9.45 9.33 9.27 9.24 9.27 9.34 9.46 9.62 9.80 9.99 10.19 10.38 10.57 10.77 10.97 11.16 11.36 11.56 11.76 11.95 12.15 12.35 12.55 12.75 12.95 13.14 13.34 13.54 13.74 13.93 14.13 14.32 14.52 14.71 14.90 15.09 15.28 15.47 15.66 15.84 16.02 16.21
17.72 17.83 17.92 17.99 18.04 18.08 18.09 18.08 18.05 18.01 17.95 17.87 17.77 17.63 17.46 17.25 17.00 16.72 16.40 16.05 15.68 15.28 14.85 14.39 13.92 13.42 12.91 12.39 11.92 11.50 11.13 10.80 10.53 10.30 10.12 9.99 9.91 9.87 9.88 9.94 10.04 10.19 10.37 10.54 10.72 10.91 11.09 11.27 11.45 11.64 11.82 12.00 12.19 12.37 12.56 12.74 12.93 13.11 13.30 13.48 13.67 13.85 14.03 14.21 14.40 14.58 14.75 14.93 15.11 15.29 15.46 15.63 15.80 15.97 16.14 16.31 16.47
