data_output/RCH/Precip_1995_09.asc
ncols        168
nrows        136
xllcorner    455000
yllcorner    2107000
cellsize     500
NODATA_value     -99999
[rows 0 to 33 of 136, columns 0 to 75 of 168]
125.03 123.61 122.15 120.65 119.11 117.54 115.94 114.31 112.65 110.96 109.25 107.52 105.77 104.01 102.23 100.44 98.64 96.83 95.02 93.20 91.38 89.57 87.76 85.95 84.16 82.37 80.58 78.81 77.05 75.31 73.57 71.86 70.17 68.49 66.84 65.21 63.61 62.04 60.50 58.99 57.51 56.07 54.71 53.43 52.22 51.09 50.02 49.03 48.10 47.23 46.43 45.68 44.99 44.36 43.78 43.25 42.77 42.33 41.93 41.55 41.19 40.84 40.50 40.18 39.87 39.57 39.29 39.01 38.75 38.50 38.25 38.02 37.79 37.57 37.36 37.16
124.96 123.49 121.97 120.42 118.84 117.22 115.58 113.90 112.20 110.48 108.73 106.97 105.19 103.40 101.59 99.78 97.96 96.13 94.30 92.47 90.64 88.81 86.99 85.18 83.37 81.58 79.81 78.04 76.29 74.55 72.83 71.14 69.46 67.80 66.17 64.57 63.00 61.45 59.94 58.46 57.02 55.63 54.30 53.06 51.89 50.79 49.76 48.80 47.91 47.08 46.32 45.61 44.96 44.36 43.82 43.32 42.87 42.47 42.08 41.71 41.35 41.01 40.69 40.37 40.07 39.78 39.50 39.23 38.97 38.73 38.49 38.26 38.04 37.82 37.61 37.41
124.85 123.32 121.76 120.16 118.53 116.87 115.18 113.47 111.73 109.97 108.20 106.40 104.60 102.78 100.95 99.11 97.26 95.42 93.57 91.73 89.88 88.05 86.22 84.40 82.60 80.81 79.04 77.28 75.54 73.81 72.11 70.43 68.77 67.14 65.53 63.95 62.41 60.90 59.42 57.97 56.57 55.21 53.93 52.73 51.60 50.54 49.55 48.63 47.78 46.99 46.26 45.59 44.98 44.42 43.92 43.46 43.04 42.65 42.27 41.91 41.57 41.23 40.91 40.60 40.31 40.03 39.75 39.49 39.24 39.00 38.76 38.54 38.32 38.11 37.91 37.71
124.70 123.12 121.51 119.87 118.19 116.49 114.76 113.01 111.24 109.45 107.64 105.82 103.98 102.14 100.29 98.43 96.57 94.70 92.84 90.99 89.14 87.29 85.46 83.64 81.83 80.04 78.27 76.52 74.79 73.09 71.40 69.74 68.10 66.49 64.91 63.36 61.85 60.37 58.93 57.52 56.16 54.84 53.60 52.44 51.35 50.33 49.39 48.51 47.70 46.95 46.26 45.64 45.06 44.55 44.08 43.66 43.26 42.88 42.51 42.16 41.82 41.49 41.18 40.88 40.59 40.31 40.05 39.79 39.55 39.31 39.08 38.86 38.65 38.44 38.24 38.05
124.51 122.88 121.23 119.54 117.82 116.08 114.32 112.53 110.72 108.90 107.06 105.21 103.36 101.49 99.62 97.74 95.86 93.99 92.11 90.25 88.39 86.54 84.70 82.88 81.08 79.29 77.52 75.78 74.07 72.38 70.71 69.07 67.45 65.87 64.32 62.80 61.32 59.88 58.47 57.10 55.78 54.51 53.32 52.20 51.15 50.18 49.28 48.44 47.68 46.97 46.33 45.74 45.21 44.74 44.31 43.90 43.51 43.14 42.78 42.43 42.10 41.79 41.48 41.19 40.91 40.64 40.38 40.13 39.89 39.66 39.43 39.22 39.01 38.81 38.62 38.43
124.28 122.61 120.91 119.18 117.42 115.65 113.84 112.02 110.19 108.34 106.47 104.60 102.72 100.83 98.94 97.05 95.15 93.27 91.38 89.51 87.64 85.79 83.95 82.13 80.33 78.55 76.79 75.06 73.36 71.68 70.04 68.42 66.83 65.28 63.75 62.27 60.82 59.42 58.05 56.73 55.45 54.22 53.07 52.00 51.00 50.08 49.22 48.43 47.71 47.05 46.45 45.91 45.43 44.99 44.58 44.18 43.80 43.44 43.08 42.75 42.43 42.12 41.82 41.53 41.26 41.00 40.74 40.50 40.27 40.04 39.82 39.61 39.41 39.21 39.02 38.84
124.02 122.31 120.56 118.79 117.00 115.19 113.35 111.50 109.63 107.76 105.87 103.97 102.07 100.16 98.25 96.35 94.44 92.55 90.65 88.77 86.91 85.05 83.21 81.40 79.60 77.83 76.08 74.36 72.67 71.01 69.38 67.79 66.23 64.71 63.22 61.77 60.36 58.99 57.67 56.39 55.16 53.98 52.88 51.85 50.90 50.02 49.22 48.48 47.80 47.19 46.64 46.15 45.70 45.28 44.88 44.49 44.12 43.76 43.42 43.09 42.78 42.48 42.19 41.91 41.64 41.39 41.14 40.90 40.68 40.46 40.24 40.04 39.84 39.65 39.46 39.28
123.73 121.97 120.19 118.38 116.55 114.70 112.84 110.96 109.06 107.16 105.25 103.33 101.41 99.49 97.57 95.65 93.73 91.83 89.93 88.05 86.18 84.32 82.49 80.67 78.88 77.12 75.38 73.68 72.00 70.36 68.76 67.19 65.66 64.17 62.72 61.30 59.93 58.60 57.32 56.09 54.91 53.78 52.73 51.75 50.85 50.03 49.27 48.58 47.95 47.39 46.89 46.44 46.01 45.60 45.21 44.83 44.47 44.12 43.79 43.47 43.16 42.87 42.59 42.32 42.06 41.81 41.57 41.34 41.11 40.90 40.69 40.49 40.30 40.11 39.93 39.75
123.40 121.61 119.79 117.94 116.08 114.20 112.31 110.40 108.48 106.55 104.62 102.69 100.75 98.81 96.88 94.95 93.02 91.11 89.21 87.33 85.46 83.61 81.78 79.97 78.19 76.43 74.71 73.02 71.36 69.74 68.16 66.62 65.12 63.66 62.24 60.87 59.54 58.26 57.02 55.84 54.70 53.63 52.63 51.71 50.86 50.08 49.38 48.74 48.17 47.66 47.20 46.76 46.35 45.95 45.57 45.20 44.85 44.51 44.18 43.87 43.57 43.29 43.01 42.75 42.50 42.26 42.02 41.80 41.58 41.37 41.17 40.98 40.79 40.60 40.43 40.25
123.05 121.22 119.36 117.48 115.59 113.68 111.76 109.83 107.88 105.94 103.99 102.03 100.08 98.13 96.18 94.25 92.32 90.40 88.50 86.62 84.75 82.90 81.08 79.28 77.51 75.77 74.06 72.39 70.75 69.15 67.59 66.08 64.61 63.18 61.81 60.47 59.19 57.95 56.76 55.63 54.55 53.53 52.58 51.71 50.92 50.20 49.55 48.96 48.44 47.98 47.54 47.11 46.71 46.32 45.95 45.59 45.25 44.92 44.60 44.30 44.01 43.73 43.47 43.21 42.96 42.73 42.50 42.28 42.07 41.87 41.67 41.48 41.30 41.12 40.95 40.78
122.67 120.80 118.91 117.00 115.08 113.14 111.20 109.24 107.28 105.31 103.34 101.37 99.41 97.45 95.50 93.55 91.62 89.70 87.80 85.92 84.05 82.21 80.40 78.61 76.85 75.13 73.44 71.78 70.17 68.59 67.06 65.57 64.13 62.74 61.40 60.11 58.87 57.68 56.54 55.46 54.44 53.47 52.59 51.77 51.04 50.37 49.78 49.25 48.77 48.33 47.90 47.49 47.09 46.72 46.35 46.00 45.67 45.35 45.04 44.75 44.47 44.20 43.94 43.69 43.45 43.22 43.00 42.79 42.59 42.39 42.20 42.01 41.83 41.66 41.49 41.32
122.27 120.37 118.44 116.51 114.55 112.59 110.62 108.64 106.66 104.68 102.69 100.71 98.74 96.77 94.81 92.86 90.93 89.01 87.11 85.23 83.37 81.54 79.74 77.96 76.22 74.51 72.84 71.21 69.61 68.06 66.56 65.10 63.69 62.34 61.04 59.79 58.60 57.46 56.37 55.35 54.38 53.47 52.64 51.89 51.21 50.61 50.07 49.59 49.13 48.70 48.28 47.88 47.50 47.13 46.78 46.44 46.11 45.80 45.51 45.22 44.95 44.68 44.43 44.19 43.96 43.74 43.52 43.32 43.12 42.93 42.74 42.56 42.39 42.22 42.05 41.89
121.85 119.91 117.96 115.99 114.01 112.03 110.03 108.04 106.04 104.04 102.04 100.05 98.07 96.09 94.13 92.18 90.24 88.33 86.43 84.56 82.71 80.89 79.10 77.34 75.61 73.92 72.27 70.66 69.10 67.57 66.10 64.67 63.30 61.98 60.72 59.51 58.37 57.28 56.25 55.28 54.37 53.52 52.76 52.06 51.45 50.90 50.41 49.95 49.51 49.09 48.68 48.29 47.92 47.56 47.22 46.89 46.57 46.27 45.98 45.71 45.44 45.19 44.94 44.71 44.49 44.27 44.06 43.86 43.67 43.48 43.30 43.13 42.96 42.79 42.63 42.48
121.40 119.43 117.45 115.46 113.46 111.45 109.44 107.43 105.41 103.40 101.39 99.39 97.40 95.42 93.46 91.51 89.57 87.66 85.77 83.91 82.07 80.26 78.48 76.74 75.03 73.37 71.74 70.15 68.61 67.12 65.68 64.29 62.95 61.67 60.44 59.28 58.18 57.15 56.17 55.26 54.41 53.63 52.93 52.30 51.74 51.25 50.78 50.33 49.90 49.49 49.10 48.72 48.36 48.01 47.68 47.36 47.05 46.76 46.48 46.21 45.95 45.71 45.47 45.24 45.03 44.82 44.62 44.42 44.24 44.06 43.88 43.71 43.55 43.39 43.23 43.07
120.93 118.94 116.93 114.92 112.89 110.87 108.84 106.81 104.78 102.76 100.74 98.74 96.74 94.76 92.79 90.84 88.91 87.01 85.13 83.27 81.45 79.65 77.89 76.17 74.48 72.84 71.24 69.68 68.17 66.71 65.30 63.94 62.64 61.40 60.22 59.10 58.05 57.07 56.15 55.30 54.51 53.79 53.15 52.59 52.09 51.61 51.16 50.73 50.31 49.91 49.52 49.16 48.80 48.47 48.14 47.83 47.54 47.25 46.98 46.72 46.47 46.24 46.01 45.79 45.58 45.38 45.18 44.99 44.81 44.64 44.47 44.30 44.14 43.99 43.84 43.69
120.45 118.43 116.40 114.36 112.32 110.27 108.23 106.19 104.15 102.12 100.10 98.08 96.09 94.10 92.14 90.19 88.27 86.37 84.50 82.66 80.85 79.07 77.33 75.63 73.96 72.34 70.77 69.24 67.76 66.33 64.96 63.64 62.38 61.18 60.05 58.98 57.97 57.04 56.18 55.39 54.66 54.01 53.44 52.93 52.45 51.99 51.55 51.13 50.72 50.33 49.96 49.60 49.26 48.94 48.62 48.32 48.04 47.76 47.50 47.25 47.01 46.78 46.56 46.34 46.14 45.95 45.76 45.58 45.40 45.23 45.07 44.91 44.75 44.60 44.45 44.31
119.95 117.91 115.85 113.80 111.74 109.68 107.62 105.57 103.52 101.48 99.45 97.44 95.44 93.46 91.50 89.56 87.64 85.76 83.90 82.07 80.27 78.52 76.80 75.11 73.48 71.88 70.34 68.84 67.39 66.00 64.67 63.39 62.17 61.02 59.93 58.90 57.95 57.07 56.26 55.53 54.88 54.29 53.78 53.29 52.83 52.38 51.95 51.54 51.15 50.77 50.41 50.06 49.73 49.41 49.11 48.82 48.54 48.28 48.02 47.78 47.55 47.32 47.11 46.91 46.71 46.52 46.34 46.17 46.00 45.83 45.67 45.52 45.37 45.22 45.08 44.94
119.45 117.38 115.31 113.23 111.16 109.08 107.01 104.95 102.90 100.85 98.82 96.81 94.81 92.83 90.88 88.94 87.04 85.16 83.32 81.51 79.73 77.99 76.29 74.64 73.03 71.46 69.95 68.48 67.07 65.72 64.42 63.19 62.01 60.90 59.86 58.89 57.99 57.16 56.41 55.74 55.15 54.62 54.13 53.66 53.20 52.77 52.35 51.95 51.57 51.21 50.86 50.52 50.20 49.89 49.60 49.32 49.05 48.80 48.55 48.32 48.09 47.88 47.67 47.47 47.29 47.10 46.93 46.76 46.60 46.44 46.29 46.14 45.99 45.85 45.71 45.57
119.06 116.97 114.88 112.78 110.69 108.60 106.52 104.45 102.39 100.34 98.30 96.28 94.29 92.31 90.36 88.44 86.54 84.68 82.84 81.05 79.29 77.57 75.89 74.26 72.68 71.14 69.65 68.22 66.85 65.53 64.27 63.07 61.94 60.88 59.89 58.96 58.11 57.34 56.64 56.03 55.48 54.96 54.48 54.02 53.58 53.16 52.75 52.37 52.00 51.64 51.30 50.98 50.67 50.37 50.09 49.82 49.56 49.31 49.07 48.85 48.63 48.42 48.23 48.04 47.85 47.68 47.51 47.35 47.19 47.04 46.89 46.75 46.60 46.47 46.33 46.20
118.94 116.82 114.70 112.59 110.47 108.37 106.27 104.18 102.10 100.04 98.00 95.98 93.98 92.00 90.05 88.12 86.23 84.37 82.55 80.77 79.02 77.32 75.66 74.04 72.48 70.97 69.51 68.10 66.76 65.47 64.25 63.09 62.00 60.97 60.02 59.14 58.34 57.62 56.97 56.39 55.84 55.31 54.82 54.37 53.95 53.54 53.14 52.77 52.41 52.07 51.74 51.42 51.12 50.84 50.56 50.30 50.05 49.81 49.58 49.37 49.16 48.96 48.77 48.58 48.41 48.24 48.08 47.92 47.77 47.62 47.48 47.34 47.20 47.07 46.93 46.80
119.08 116.93 114.78 112.64 110.50 108.37 106.25 104.14 102.05 99.97 97.91 95.88 93.87 91.89 89.93 88.01 86.11 84.26 82.44 80.66 78.92 77.23 75.58 73.98 72.44 70.94 69.50 68.12 66.80 65.55 64.35 63.22 62.17 61.18 60.26 59.43 58.67 57.99 57.37 56.79 56.23 55.68 55.18 54.72 54.30 53.91 53.53 53.16 52.81 52.48 52.16 51.86 51.57 51.29 51.02 50.77 50.53 50.30 50.08 49.87 49.67 49.48 49.29 49.12 48.95 48.79 48.63 48.48 48.33 48.19 48.05 47.91 47.78 47.65 47.52 47.39
119.47 117.28 115.10 112.92 110.75 108.59 106.45 104.31 102.20 100.11 98.03 95.98 93.96 91.96 90.00 88.07 86.17 84.31 82.49 80.72 78.98 77.29 75.66 74.07 72.53 71.05 69.63 68.27 66.97 65.73 64.57 63.47 62.44 61.48 60.60 59.80 59.08 58.42 57.80 57.21 56.63 56.07 55.55 55.09 54.66 54.27 53.90 53.55 53.21 52.88 52.58 52.28 52.00 51.73 51.48 51.23 51.00 50.78 50.57 50.36 50.17 49.98 49.81 49.64 49.47 49.32 49.17 49.02 48.88 48.74 48.61 48.47 48.34 48.22 48.09 47.97
120.09 117.87 115.64 113.43 111.23 109.03 106.86 104.70 102.56 100.44 98.34 96.27 94.23 92.22 90.24 88.30 86.39 84.53 82.70 80.92 79.19 77.50 75.87 74.29 72.76 71.29 69.88 68.53 67.25 66.03 64.88 63.80 62.80 61.87 61.02 60.25 59.55 58.88 58.25 57.64 57.04 56.47 55.94 55.46 55.02 54.63 54.27 53.92 53.60 53.28 52.98 52.70 52.43 52.17 51.92 51.68 51.46 51.25 51.04 50.85 50.66 50.48 50.31 50.14 49.99 49.84 49.69 49.55 49.41 49.28 49.15 49.02 48.89 48.77 48.65 48.52
120.95 118.67 116.41 114.15 111.91 109.68 107.47 105.28 103.10 100.96 98.83 96.74 94.68 92.65 90.65 88.69 86.77 84.89 83.06 81.27 79.53 77.84 76.20 74.62 73.10 71.64 70.23 68.89 67.62 66.42 65.29 64.23 63.24 62.34 61.51 60.75 60.04 59.36 58.71 58.08 57.47 56.89 56.35 55.86 55.41 55.00 54.63 54.29 53.98 53.67 53.38 53.11 52.85 52.60 52.36 52.13 51.91 51.70 51.51 51.32 51.14 50.97 50.80 50.64 50.49 50.34 50.20 50.06 49.93 49.80 49.68 49.55 49.43 49.31 49.19 49.07
122.02 119.69 117.38 115.08 112.79 110.52 108.27 106.04 103.83 101.65 99.49 97.37 95.28 93.23 91.21 89.23 87.29 85.39 83.55 81.75 80.00 78.30 76.66 75.07 73.55 72.08 70.68 69.35 68.09 66.89 65.77 64.72 63.76 62.87 62.05 61.28 60.55 59.85 59.17 58.53 57.91 57.32 56.77 56.27 55.80 55.39 55.01 54.66 54.35 54.06 53.78 53.51 53.26 53.02 52.78 52.56 52.36 52.16 51.96 51.78 51.61 51.44 51.28 51.13 50.98 50.84 50.70 50.57 50.44 50.32 50.19 50.07 49.95 49.83 49.71 49.60
123.29 120.91 118.54 116.19 113.85 111.54 109.24 106.97 104.72 102.50 100.31 98.16 96.03 93.95 91.90 89.90 87.94 86.02 84.15 82.34 80.57 78.86 77.21 75.62 74.09 72.62 71.22 69.89 68.62 67.43 66.32 65.28 64.32 63.44 62.61 61.81 61.06 60.34 59.65 59.00 58.36 57.76 57.20 56.69 56.22 55.79 55.40 55.05 54.73 54.44 54.17 53.91 53.67 53.43 53.21 53.00 52.79 52.60 52.42 52.24 52.07 51.91 51.76 51.61 51.47 51.33 51.20 51.07 50.94 50.82 50.70 50.58 50.46 50.35 50.23 50.11
124.75 122.32 119.89 117.48 115.09 112.73 110.38 108.06 105.77 103.51 101.28 99.08 96.93 94.81 92.73 90.69 88.70 86.76 84.87 83.04 81.25 79.53 77.86 76.25 74.71 73.23 71.83 70.49 69.23 68.04 66.92 65.89 64.93 64.03 63.17 62.36 61.58 60.85 60.14 59.47 58.83 58.22 57.65 57.12 56.64 56.20 55.80 55.44 55.12 54.82 54.56 54.31 54.07 53.84 53.63 53.42 53.22 53.04 52.86 52.69 52.53 52.37 52.22 52.08 51.94 51.81 51.68 51.56 51.43 51.31 51.20 51.08 50.97 50.85 50.74 50.62
126.40 123.90 121.41 118.94 116.50 114.07 111.67 109.30 106.96 104.65 102.38 100.14 97.94 95.78 93.67 91.60 89.58 87.61 85.69 83.83 82.02 80.27 78.58 76.96 75.40 73.92 72.50 71.15 69.88 68.69 67.57 66.53 65.55 64.62 63.74 62.91 62.11 61.36 60.64 59.96 59.30 58.68 58.10 57.57 57.08 56.63 56.23 55.85 55.52 55.22 54.95 54.70 54.47 54.25 54.04 53.84 53.65 53.47 53.30 53.14 52.98 52.83 52.68 52.55 52.41 52.28 52.16 52.04 51.92 51.80 51.69 51.57 51.46 51.35 51.23 51.12
128.22 125.64 123.09 120.56 118.05 115.57 113.11 110.68 108.29 105.93 103.60 101.32 99.07 96.87 94.72 92.61 90.55 88.55 86.59 84.70 82.86 81.09 79.38 77.74 76.16 74.65 73.22 71.86 70.58 69.37 68.25 67.18 66.17 65.22 64.32 63.46 62.65 61.88 61.14 60.45 59.79 59.16 58.57 58.03 57.53 57.08 56.66 56.28 55.94 55.62 55.35 55.10 54.87 54.66 54.45 54.26 54.08 53.90 53.74 53.58 53.43 53.28 53.14 53.01 52.88 52.75 52.63 52.51 52.39 52.28 52.17 52.06 51.94 51.83 51.72 51.61
130.19 127.54 124.92 122.32 119.74 117.19 114.67 112.19 109.73 107.32 104.94 102.60 100.31 98.06 95.86 93.71 91.61 89.56 87.57 85.64 83.78 81.97 80.23 78.56 76.96 75.43 73.98 72.60 71.30 70.08 68.93 67.83 66.80 65.82 64.89 64.02 63.19 62.40 61.66 60.95 60.28 59.64 59.05 58.50 58.00 57.53 57.11 56.72 56.37 56.05 55.76 55.50 55.27 55.06 54.87 54.68 54.50 54.33 54.17 54.02 53.87 53.73 53.59 53.46 53.34 53.22 53.10 52.98 52.87 52.75 52.64 52.53 52.42 52.31 52.20 52.09
132.31 129.59 126.89 124.21 121.56 118.95 116.36 113.81 111.29 108.81 106.38 103.98 101.63 99.33 97.08 94.88 92.74 90.65 88.62 86.65 84.74 82.90 81.13 79.43 77.80 76.24 74.76 73.36 72.04 70.79 69.61 68.49 67.43 66.42 65.48 64.58 63.73 62.93 62.17 61.46 60.77 60.13 59.53 58.98 58.47 58.00 57.56 57.17 56.81 56.48 56.19 55.92 55.68 55.47 55.28 55.10 54.93 54.76 54.61 54.46 54.31 54.18 54.05 53.92 53.80 53.68 53.56 53.45 53.33 53.22 53.11 53.01 52.90 52.79 52.67 52.56
134.56 131.76 128.98 126.23 123.50 120.81 118.15 115.53 112.94 110.40 107.90 105.45 103.04 100.68 98.37 96.12 93.93 91.79 89.71 87.70 85.75 83.87 82.06 80.32 78.66 77.07 75.57 74.14 72.78 71.50 70.29 69.14 68.05 67.03 66.06 65.14 64.28 63.47 62.70 61.97 61.28 60.63 60.03 59.47 58.95 58.47 58.03 57.63 57.26 56.93 56.63 56.36 56.11 55.89 55.70 55.52 55.35 55.19 55.04 54.90 54.76 54.62 54.50 54.37 54.25 54.14 54.02 53.91 53.80 53.69 53.58 53.47 53.37 53.26 53.14 53.03
136.94 134.05 131.18 128.35 125.54 122.77 120.04 117.34 114.69 112.07 109.50 106.98 104.51 102.09 99.73 97.42 95.17 92.98 90.85 88.79 86.79 84.87 83.02 81.24 79.54 77.91 76.37 74.91 73.52 72.21 70.97 69.79 68.68 67.63 66.64 65.71 64.83 64.00 63.22 62.48 61.79 61.13 60.52 59.96 59.44 58.95 58.51 58.10 57.73 57.39 57.08 56.80 56.55 56.32 56.12 55.94 55.78 55.62 55.48 55.34 55.20 55.07 54.95 54.82 54.71 54.59 54.48 54.37 54.26 54.16 54.05 53.94 53.83 53.72 53.61 53.50
139.43 136.45 133.49 130.57 127.68 124.83 122.01 119.24 116.50 113.81 111.17 108.58 106.04 103.56 101.13 98.76 96.45 94.20 92.02 89.90 87.86 85.88 83.98 82.16 80.41 78.75 77.17 75.67 74.26 72.91 71.64 70.44 69.31 68.24 67.23 66.28 65.38 64.54 63.75 63.00 62.30 61.64 61.03 60.46 59.93 59.44 59.00 58.58 58.20 57.86 57.55 57.26 57.00 56.77 56.56 56.38 56.21 56.06 55.92 55.78 55.65 55.52 55.40 55.28 55.16 55.05 54.94 54.83 54.73 54.62 54.51 54.40 54.30 54.19 54.07 53.96
