data_output/RCH/Precip_1995_02.asc
ncols        168
nrows        136
xllcorner    455000
yllcorner    2107000
cellsize     500
NODATA_value     -99999
[rows 72 to 107 of 136, columns 82 to 163 of 168]
0.00 0.00 0.00 0.00 0.00 0.00 0.00 0.00 0.00 0.00 0.00 0.00 0.00 0.00 0.00 0.00 0.00 0.00 0.00 0.37 0.82 1.29 1.79 2.31 2.86 3.42 4.00 4.59 5.18 5.78 6.39 7.00 7.62 8.23 8.85 9.47 10.09 10.71 11.32 11.93 12.54 13.14 13.73 14.32 14.90 15.47 16.03 16.58 17.12 17.64 18.15 18.64 19.12 19.58 20.03 20.45 20.86 21.24 21.61 21.95 22.26 22.54 22.79 22.99 23.15 23.27 23.35 23.39 23.38 23.33 23.24 23.10 22.93 22.70 22.44 22.13 21.80 21.45 21.09 20.71 20.32 19.91
0.00 0.00 0.00 0.00 0.00 0.00 0.00 0.00 0.00 0.00 0.00 0.00 0.00 0.00 0.00 0.00 0.00 0.00 0.00 0.42 0.87 1.35 1.85 2.38 2.92 3.49 4.06 4.64 5.23 5.82 6.42 7.03 7.63 8.24 8.85 9.46 10.07 10.68 11.28 11.89 12.48 13.07 13.66 14.24 14.81 15.37 15.92 16.46 16.98 17.50 17.99 18.48 18.95 19.40 19.83 20.24 20.64 21.01 21.36 21.69 21.99 22.27 22.52 22.72 22.88 23.00 23.08 23.12 23.12 23.07 22.98 22.84 22.66 22.44 22.17 21.86 21.53 21.18 20.81 20.44 20.04 19.64
0.00 0.00 0.00 0.00 0.00 0.00 0.00 0.00 0.00 0.00 0.00 0.00 0.00 0.00 0.00 0.00 0.00 0.00 0.05 0.48 0.94 1.42 1.93 2.46 3.01 3.57 4.13 4.71 5.29 5.87 6.47 7.06 7.66 8.26 8.86 9.47 10.07 10.67 11.26 11.86 12.45 13.03 13.60 14.17 14.73 15.28 15.82 16.35 16.87 17.37 17.86 18.33 18.79 19.23 19.65 20.05 20.44 20.80 21.14 21.45 21.75 22.01 22.25 22.46 22.62 22.75 22.83 22.86 22.86 22.81 22.72 22.58 22.41 22.18 21.91 21.60 21.27 20.91 20.55 20.17 19.77 19.36
0.00 0.00 0.00 0.00 0.00 0.00 0.00 0.00 0.00 0.00 0.00 0.00 0.00 0.00 0.00 0.00 0.00 0.00 0.13 0.57 1.03 1.52 2.03 2.56 3.10 3.66 4.22 4.78 5.36 5.94 6.52 7.11 7.70 8.30 8.89 9.49 10.08 10.67 11.26 11.84 12.42 13.00 13.57 14.13 14.68 15.22 15.75 16.27 16.77 17.27 17.74 18.21 18.65 19.08 19.49 19.89 20.26 20.61 20.93 21.24 21.52 21.77 22.00 22.21 22.37 22.49 22.58 22.62 22.61 22.56 22.47 22.34 22.15 21.93 21.66 21.35 21.01 20.66 20.29 19.91 19.51 19.10
0.00 0.00 0.00 0.00 0.00 0.00 0.00 0.00 0.00 0.00 0.00 0.00 0.00 0.00 0.00 0.00 0.00 0.00 0.23 0.67 1.14 1.64 2.15 2.68 3.21 3.76 4.31 4.87 5.44 6.02 6.59 7.18 7.76 8.35 8.93 9.52 10.11 10.69 11.27 11.85 12.42 12.98 13.54 14.09 14.64 15.17 15.69 16.20 16.70 17.18 17.65 18.10 18.54 18.96 19.36 19.74 20.10 20.44 20.75 21.05 21.31 21.56 21.78 21.97 22.13 22.25 22.33 22.37 22.37 22.32 22.23 22.09 21.91 21.69 21.41 21.10 20.76 20.41 20.04 19.65 19.25 18.84
0.00 0.00 0.00 0.00 0.00 0.00 0.00 0.00 0.00 0.00 0.00 0.00 0.00 0.00 0.00 0.00 0.00 0.00 0.35 0.80 1.28 1.77 2.28 2.80 3.33 3.87 4.42 4.98 5.54 6.11 6.68 7.25 7.83 8.41 8.99 9.57 10.15 10.72 11.30 11.87 12.43 12.99 13.54 14.08 14.61 15.14 15.65 16.15 16.64 17.11 17.57 18.01 18.44 18.85 19.24 19.61 19.96 20.29 20.59 20.87 21.13 21.36 21.57 21.75 21.90 22.02 22.10 22.14 22.14 22.09 22.00 21.86 21.68 21.45 21.18 20.86 20.52 20.16 19.79 19.40 19.00 18.59
0.00 0.00 0.00 0.00 0.00 0.00 0.00 0.00 0.00 0.00 0.00 0.00 0.00 0.00 0.00 0.00 0.00 0.06 0.49 0.95 1.43 1.92 2.42 2.94 3.46 4.00 4.54 5.09 5.65 6.21 6.77 7.34 7.92 8.49 9.06 9.63 10.21 10.77 11.34 11.90 12.46 13.01 13.55 14.08 14.61 15.12 15.63 16.12 16.60 17.06 17.51 17.94 18.36 18.76 19.14 19.50 19.84 20.16 20.45 20.72 20.97 21.19 21.39 21.55 21.69 21.80 21.88 21.92 21.91 21.87 21.77 21.64 21.45 21.22 20.95 20.63 20.29 19.93 19.55 19.17 18.76 18.34
0.00 0.00 0.00 0.00 0.00 0.00 0.00 0.00 0.00 0.00 0.00 0.00 0.00 0.00 0.00 0.00 0.00 0.22 0.66 1.12 1.59 2.08 2.58 3.09 3.61 4.14 4.67 5.22 5.77 6.33 6.88 7.45 8.01 8.58 9.15 9.71 10.28 10.84 11.40 11.95 12.50 13.04 13.58 14.10 14.62 15.12 15.62 16.10 16.57 17.03 17.47 17.89 18.30 18.69 19.06 19.41 19.74 20.05 20.33 20.59 20.83 21.04 21.22 21.38 21.51 21.60 21.67 21.71 21.70 21.65 21.56 21.42 21.24 21.01 20.73 20.41 20.07 19.70 19.33 18.94 18.53 18.11
0.00 0.00 0.00 0.00 0.00 0.00 0.00 0.00 0.00 0.00 0.00 0.00 0.00 0.00 0.00 0.00 0.00 0.39 0.83 1.29 1.76 2.25 2.74 3.25 3.76 4.29 4.82 5.36 5.90 6.45 7.01 7.56 8.12 8.68 9.25 9.80 10.36 10.92 11.47 12.02 12.56 13.09 13.62 14.14 14.65 15.14 15.63 16.11 16.57 17.01 17.45 17.86 18.26 18.64 19.00 19.34 19.66 19.96 20.23 20.48 20.71 20.91 21.08 21.23 21.34 21.43 21.49 21.51 21.50 21.45 21.36 21.22 21.03 20.80 20.52 20.20 19.85 19.49 19.11 18.72 18.31 17.89
0.00 0.00 0.00 0.00 0.00 0.00 0.00 0.00 0.00 0.00 0.00 0.00 0.00 0.00 0.00 0.00 0.16 0.58 1.02 1.48 1.94 2.42 2.91 3.42 3.93 4.45 4.98 5.51 6.05 6.59 7.14 7.70 8.25 8.80 9.36 9.91 10.46 11.01 11.56 12.10 12.63 13.16 13.68 14.19 14.69 15.18 15.66 16.13 16.58 17.02 17.44 17.85 18.24 18.61 18.96 19.29 19.60 19.89 20.15 20.39 20.61 20.80 20.96 21.10 21.20 21.28 21.32 21.34 21.32 21.26 21.17 21.03 20.84 20.61 20.33 20.00 19.65 19.29 18.91 18.51 18.10 17.68
0.00 0.00 0.00 0.00 0.00 0.00 0.00 0.00 0.00 0.00 0.00 0.00 0.00 0.00 0.00 0.00 0.37 0.79 1.22 1.67 2.14 2.61 3.10 3.60 4.10 4.62 5.14 5.67 6.21 6.75 7.29 7.84 8.39 8.94 9.48 10.03 10.58 11.12 11.66 12.19 12.72 13.24 13.75 14.26 14.75 15.23 15.71 16.16 16.61 17.04 17.45 17.85 18.23 18.60 18.94 19.26 19.56 19.84 20.10 20.33 20.53 20.71 20.86 20.99 21.08 21.15 21.18 21.19 21.15 21.09 20.99 20.85 20.66 20.42 20.14 19.81 19.46 19.10 18.71 18.31 17.91 17.51
0.00 0.00 0.00 0.00 0.00 0.00 0.00 0.00 0.00 0.00 0.00 0.00 0.00 0.00 0.00 0.18 0.58 1.00 1.43 1.88 2.34 2.81 3.29 3.79 4.29 4.80 5.32 5.85 6.38 6.91 7.45 7.99 8.54 9.08 9.62 10.17 10.71 11.24 11.78 12.30 12.82 13.34 13.84 14.34 14.83 15.30 15.77 16.22 16.66 17.08 17.49 17.88 18.25 18.60 18.94 19.25 19.54 19.81 20.06 20.28 20.48 20.65 20.79 20.90 20.99 21.04 21.07 21.06 21.02 20.94 20.83 20.68 20.49 20.25 19.97 19.64 19.29 18.92 18.53 18.14 17.75 17.37
0.00 0.00 0.00 0.00 0.00 0.00 0.00 0.00 0.00 0.00 0.00 0.00 0.00 0.00 0.02 0.40 0.80 1.22 1.65 2.09 2.55 3.02 3.50 3.99 4.49 5.00 5.51 6.03 6.56 7.09 7.63 8.16 8.70 9.24 9.78 10.32 10.85 11.38 11.91 12.43 12.94 13.45 13.95 14.44 14.92 15.39 15.85 16.29 16.72 17.14 17.54 17.92 18.28 18.63 18.95 19.26 19.54 19.80 20.04 20.25 20.44 20.60 20.73 20.84 20.91 20.96 20.97 20.95 20.90 20.81 20.69 20.53 20.34 20.10 19.81 19.48 19.12 18.75 18.37 17.99 17.63 17.27
0.00 0.00 0.00 0.00 0.00 0.00 0.00 0.00 0.00 0.00 0.00 0.00 0.00 0.00 0.25 0.63 1.03 1.44 1.87 2.32 2.77 3.24 3.71 4.20 4.70 5.20 5.71 6.23 6.76 7.28 7.81 8.34 8.88 9.41 9.95 10.48 11.01 11.53 12.05 12.57 13.08 13.58 14.07 14.56 15.03 15.49 15.94 16.38 16.80 17.21 17.60 17.98 18.34 18.67 18.99 19.29 19.56 19.81 20.04 20.25 20.42 20.58 20.70 20.79 20.86 20.89 20.90 20.87 20.81 20.71 20.58 20.41 20.20 19.96 19.67 19.33 18.97 18.61 18.24 17.89 17.54 17.21
0.00 0.00 0.00 0.00 0.00 0.00 0.00 0.00 0.00 0.00 0.00 0.00 0.00 0.13 0.50 0.87 1.27 1.68 2.11 2.55 3.00 3.46 3.94 4.42 4.92 5.42 5.93 6.44 6.96 7.48 8.01 8.54 9.07 9.60 10.13 10.65 11.18 11.70 12.21 12.72 13.23 13.72 14.21 14.69 15.16 15.61 16.06 16.49 16.90 17.30 17.69 18.06 18.41 18.74 19.05 19.33 19.60 19.85 20.07 20.26 20.43 20.57 20.69 20.77 20.83 20.85 20.85 20.81 20.73 20.63 20.48 20.31 20.09 19.83 19.54 19.20 18.85 18.50 18.16 17.82 17.50 17.19
0.00 0.00 0.00 0.00 0.00 0.00 0.00 0.00 0.00 0.00 0.00 0.00 0.04 0.39 0.75 1.12 1.52 1.93 2.35 2.79 3.24 3.70 4.18 4.66 5.15 5.65 6.15 6.66 7.18 7.70 8.22 8.75 9.27 9.80 10.32 10.84 11.36 11.88 12.39 12.90 13.39 13.88 14.37 14.84 15.30 15.75 16.19 16.61 17.02 17.42 17.79 18.15 18.50 18.82 19.12 19.40 19.66 19.90 20.11 20.29 20.46 20.59 20.69 20.77 20.82 20.83 20.82 20.77 20.69 20.57 20.42 20.23 20.00 19.73 19.43 19.09 18.75 18.43 18.11 17.80 17.49 17.20
0.00 0.00 0.00 0.00 0.00 0.00 0.00 0.00 0.00 0.00 0.00 0.00 0.31 0.65 1.01 1.39 1.78 2.19 2.61 3.05 3.50 3.96 4.43 4.91 5.40 5.89 6.40 6.90 7.42 7.93 8.45 8.97 9.50 10.02 10.54 11.06 11.57 12.08 12.59 13.09 13.58 14.07 14.54 15.01 15.47 15.91 16.34 16.76 17.16 17.55 17.92 18.28 18.61 18.93 19.22 19.50 19.75 19.98 20.18 20.36 20.51 20.64 20.73 20.80 20.84 20.85 20.82 20.76 20.67 20.55 20.38 20.18 19.95 19.67 19.35 19.00 18.66 18.35 18.06 17.77 17.49 17.21
0.00 0.00 0.00 0.00 0.00 0.00 0.00 0.00 0.00 0.00 0.00 0.26 0.59 0.93 1.29 1.67 2.06 2.47 2.89 3.33 3.77 4.23 4.70 5.18 5.67 6.16 6.66 7.17 7.68 8.19 8.71 9.22 9.74 10.26 10.78 11.29 11.80 12.31 12.81 13.31 13.80 14.28 14.75 15.21 15.66 16.10 16.53 16.94 17.34 17.72 18.08 18.43 18.76 19.07 19.36 19.62 19.87 20.09 20.29 20.46 20.60 20.72 20.81 20.87 20.90 20.90 20.86 20.79 20.69 20.56 20.39 20.18 19.93 19.64 19.30 18.93 18.57 18.27 17.99 17.72 17.46 17.21
0.00 0.00 0.00 0.00 0.00 0.00 0.00 0.00 0.00 0.00 0.22 0.55 0.88 1.23 1.59 1.97 2.36 2.77 3.19 3.62 4.07 4.53 4.99 5.47 5.96 6.45 6.95 7.45 7.96 8.47 8.98 9.50 10.01 10.53 11.04 11.55 12.06 12.56 13.06 13.55 14.04 14.51 14.98 15.44 15.88 16.32 16.74 17.15 17.54 17.91 18.27 18.61 18.94 19.24 19.52 19.78 20.02 20.23 20.42 20.59 20.72 20.83 20.91 20.97 20.99 20.98 20.94 20.86 20.75 20.61 20.43 20.21 19.95 19.64 19.28 18.88 18.51 18.18 17.91 17.66 17.42 17.19
0.00 0.00 0.00 0.00 0.00 0.00 0.00 0.00 0.00 0.19 0.51 0.84 1.18 1.54 1.90 2.28 2.67 3.08 3.50 3.93 4.38 4.84 5.30 5.78 6.26 6.75 7.25 7.75 8.26 8.77 9.28 9.79 10.30 10.81 11.33 11.83 12.34 12.84 13.33 13.82 14.30 14.77 15.24 15.69 16.13 16.56 16.98 17.38 17.77 18.14 18.49 18.83 19.14 19.44 19.71 19.97 20.20 20.41 20.59 20.75 20.88 20.98 21.05 21.10 21.11 21.09 21.04 20.96 20.84 20.69 20.50 20.27 19.99 19.66 19.29 18.87 18.47 18.12 17.83 17.58 17.36 17.15
0.00 0.00 0.00 0.00 0.00 0.00 0.00 0.00 0.15 0.47 0.80 1.14 1.49 1.85 2.22 2.61 3.00 3.41 3.83 4.26 4.71 5.16 5.63 6.10 6.59 7.08 7.57 8.07 8.58 9.08 9.59 10.10 10.61 11.12 11.63 12.14 12.64 13.14 13.63 14.11 14.59 15.06 15.52 15.97 16.40 16.83 17.24 17.64 18.02 18.38 18.73 19.06 19.37 19.67 19.94 20.18 20.41 20.61 20.79 20.94 21.06 21.16 21.22 21.26 21.27 21.24 21.18 21.09 20.97 20.80 20.60 20.36 20.06 19.71 19.31 18.88 18.46 18.09 17.77 17.51 17.29 17.09
0.00 0.00 0.00 0.00 0.00 0.00 0.00 0.12 0.44 0.77 1.11 1.45 1.80 2.17 2.55 2.94 3.34 3.75 4.17 4.60 5.05 5.50 5.97 6.44 6.93 7.42 7.91 8.41 8.91 9.42 9.93 10.43 10.94 11.45 11.96 12.46 12.96 13.45 13.94 14.42 14.90 15.36 15.82 16.26 16.70 17.12 17.53 17.92 18.30 18.66 19.00 19.33 19.63 19.92 20.18 20.43 20.65 20.84 21.01 21.16 21.27 21.36 21.42 21.45 21.45 21.42 21.35 21.26 21.12 20.95 20.73 20.47 20.15 19.79 19.37 18.91 18.47 18.08 17.75 17.45 17.21 17.01
0.00 0.00 0.00 0.00 0.00 0.00 0.10 0.42 0.74 1.07 1.41 1.76 2.13 2.50 2.89 3.28 3.69 4.10 4.52 4.96 5.40 5.86 6.33 6.80 7.28 7.77 8.26 8.76 9.26 9.77 10.28 10.78 11.29 11.80 12.30 12.80 13.30 13.79 14.28 14.76 15.23 15.69 16.14 16.58 17.01 17.43 17.84 18.23 18.60 18.96 19.30 19.62 19.92 20.20 20.46 20.70 20.91 21.10 21.26 21.40 21.51 21.60 21.65 21.67 21.67 21.63 21.56 21.45 21.31 21.12 20.88 20.60 20.27 19.88 19.45 18.97 18.51 18.10 17.74 17.43 17.16 16.94
0.00 0.00 0.00 0.00 0.00 0.08 0.40 0.72 1.05 1.38 1.73 2.09 2.46 2.84 3.23 3.63 4.04 4.46 4.89 5.33 5.77 6.23 6.69 7.17 7.65 8.14 8.63 9.13 9.63 10.14 10.64 11.15 11.66 12.16 12.66 13.16 13.66 14.15 14.63 15.11 15.58 16.04 16.49 16.93 17.35 17.77 18.17 18.55 18.92 19.28 19.61 19.93 20.23 20.50 20.76 20.99 21.20 21.38 21.54 21.68 21.78 21.86 21.91 21.92 21.91 21.87 21.79 21.67 21.51 21.31 21.06 20.76 20.41 20.00 19.55 19.05 18.58 18.15 17.76 17.43 17.14 16.90
0.00 0.00 0.00 0.00 0.08 0.38 0.70 1.02 1.36 1.70 2.05 2.42 2.79 3.18 3.58 3.98 4.40 4.83 5.26 5.70 6.15 6.61 7.08 7.55 8.03 8.52 9.02 9.51 10.01 10.52 11.02 11.53 12.04 12.54 13.04 13.54 14.03 14.52 15.00 15.48 15.95 16.40 16.85 17.29 17.71 18.12 18.52 18.90 19.27 19.62 19.95 20.26 20.56 20.83 21.08 21.31 21.51 21.69 21.85 21.97 22.07 22.15 22.19 22.20 22.18 22.13 22.04 21.91 21.74 21.52 21.25 20.93 20.57 20.15 19.67 19.16 18.66 18.21 17.81 17.45 17.14 16.88
0.00 0.00 0.00 0.08 0.38 0.69 1.01 1.34 1.68 2.02 2.38 2.75 3.13 3.53 3.93 4.34 4.77 5.20 5.64 6.09 6.54 7.00 7.47 7.94 8.43 8.92 9.41 9.91 10.41 10.91 11.42 11.93 12.43 12.93 13.43 13.93 14.42 14.91 15.39 15.87 16.33 16.79 17.23 17.67 18.09 18.50 18.89 19.27 19.64 19.98 20.31 20.62 20.91 21.18 21.43 21.65 21.85 22.02 22.17 22.30 22.39 22.46 22.50 22.50 22.48 22.42 22.32 22.17 21.98 21.75 21.46 21.13 20.75 20.31 19.82 19.29 18.77 18.31 17.88 17.51 17.17 16.88
0.00 0.00 0.11 0.40 0.70 1.01 1.33 1.66 2.00 2.35 2.71 3.09 3.48 3.88 4.29 4.71 5.14 5.58 6.02 6.47 6.93 7.40 7.87 8.35 8.83 9.32 9.82 10.32 10.82 11.32 11.83 12.33 12.84 13.34 13.84 14.34 14.83 15.32 15.80 16.27 16.73 17.19 17.63 18.06 18.48 18.89 19.28 19.66 20.02 20.36 20.69 21.00 21.28 21.55 21.79 22.01 22.21 22.38 22.53 22.64 22.74 22.80 22.83 22.83 22.80 22.73 22.61 22.45 22.25 22.00 21.70 21.35 20.95 20.49 19.99 19.44 18.91 18.42 17.98 17.58 17.22 16.91
0.00 0.14 0.43 0.72 1.02 1.33 1.65 1.98 2.33 2.68 3.05 3.44 3.83 4.24 4.65 5.08 5.51 5.96 6.41 6.87 7.33 7.80 8.28 8.76 9.24 9.74 10.23 10.73 11.24 11.74 12.25 12.75 13.26 13.76 14.26 14.76 15.25 15.74 16.22 16.69 17.15 17.60 18.05 18.48 18.90 19.30 19.69 20.07 20.43 20.77 21.09 21.39 21.68 21.94 22.18 22.40 22.59 22.76 22.90 23.01 23.10 23.16 23.19 23.18 23.14 23.05 22.92 22.75 22.53 22.26 21.95 21.58 21.17 20.70 20.18 19.61 19.06 18.56 18.10 17.68 17.30 16.97
0.20 0.47 0.75 1.04 1.34 1.65 1.98 2.31 2.66 3.02 3.40 3.79 4.19 4.60 5.02 5.45 5.90 6.35 6.80 7.27 7.74 8.21 8.69 9.18 9.67 10.16 10.66 11.16 11.67 12.17 12.68 13.19 13.69 14.20 14.70 15.19 15.68 16.17 16.65 17.12 17.58 18.04 18.48 18.91 19.32 19.73 20.12 20.49 20.85 21.19 21.51 21.81 22.09 22.35 22.59 22.80 22.99 23.15 23.29 23.40 23.49 23.54 23.56 23.54 23.49 23.39 23.25 23.06 22.83 22.55 22.22 21.84 21.41 20.92 20.39 19.80 19.24 18.72 18.24 17.80 17.40 17.05
0.54 0.81 1.08 1.37 1.67 1.98 2.31 2.64 3.00 3.36 3.74 4.14 4.55 4.97 5.39 5.83 6.28 6.74 7.20 7.67 8.15 8.63 9.11 9.60 10.10 10.59 11.09 11.60 12.10 12.61 13.12 13.63 14.13 14.64 15.14 15.64 16.13 16.62 17.09 17.57 18.03 18.48 18.92 19.35 19.77 20.17 20.56 20.93 21.28 21.62 21.94 22.24 22.52 22.78 23.01 23.22 23.41 23.57 23.70 23.81 23.89 23.94 23.95 23.92 23.85 23.74 23.59 23.39 23.14 22.85 22.50 22.11 21.67 21.17 20.61 20.02 19.44 18.90 18.40 17.94 17.52 17.15
0.88 1.14 1.42 1.71 2.00 2.32 2.64 2.98 3.34 3.71 4.09 4.50 4.91 5.34 5.77 6.22 6.67 7.13 7.60 8.08 8.56 9.04 9.54 10.03 10.53 11.03 11.53 12.04 12.55 13.06 13.57 14.08 14.59 15.09 15.59 16.09 16.59 17.07 17.55 18.02 18.48 18.94 19.38 19.81 20.22 20.62 21.01 21.38 21.74 22.07 22.39 22.69 22.96 23.22 23.45 23.66 23.84 24.00 24.14 24.24 24.31 24.35 24.35 24.31 24.23 24.11 23.94 23.73 23.47 23.16 22.81 22.40 21.94 21.43 20.86 20.25 19.65 19.10 18.58 18.11 17.67 17.27
1.23 1.49 1.76 2.04 2.34 2.65 2.98 3.32 3.68 4.06 4.45 4.86 5.28 5.71 6.15 6.60 7.06 7.53 8.00 8.49 8.97 9.47 9.96 10.46 10.97 11.47 11.98 12.49 13.00 13.51 14.02 14.54 15.05 15.55 16.06 16.56 17.05 17.54 18.02 18.49 18.95 19.40 19.85 20.27 20.69 21.09 21.48 21.85 22.20 22.54 22.85 23.15 23.42 23.68 23.91 24.12 24.30 24.45 24.58 24.68 24.75 24.78 24.77 24.72 24.62 24.49 24.31 24.09 23.81 23.50 23.13 22.71 22.23 21.71 21.13 20.50 19.89 19.32 18.79 18.29 17.84 17.42
1.57 1.83 2.10 2.38 2.68 2.99 3.32 3.66 4.03 4.41 4.81 5.22 5.65 6.09 6.53 6.99 7.46 7.93 8.41 8.90 9.39 9.89 10.39 10.90 11.41 11.92 12.43 12.94 13.46 13.97 14.49 15.00 15.51 16.02 16.53 17.03 17.52 18.01 18.49 18.97 19.43 19.88 20.32 20.75 21.17 21.57 21.96 22.33 22.68 23.01 23.33 23.63 23.90 24.15 24.38 24.59 24.77 24.92 25.05 25.14 25.20 25.21 25.19 25.13 25.03 24.88 24.69 24.46 24.17 23.84 23.46 23.03 22.54 22.00 21.41 20.77 20.14 19.56 19.01 18.50 18.02 17.59
1.92 2.17 2.44 2.72 3.02 3.33 3.66 4.01 4.38 4.76 5.17 5.59 6.02 6.47 6.92 7.38 7.85 8.33 8.82 9.31 9.81 10.31 10.82 11.33 11.85 12.36 12.88 13.40 13.92 14.44 14.95 15.47 15.98 16.50 17.00 17.51 18.00 18.49 18.98 19.45 19.92 20.37 20.81 21.24 21.66 22.06 22.45 22.82 23.17 23.50 23.82 24.11 24.39 24.64 24.87 25.07 25.25 25.40 25.52 25.60 25.65 25.66 25.63 25.56 25.45 25.29 25.09 24.84 24.55 24.20 23.81 23.37 22.87 22.32 21.71 21.06 20.42 19.81 19.25 18.72 18.23 17.78
2.27 2.52 2.79 3.07 3.36 3.68 4.01 4.36 4.73 5.12 5.53 5.96 6.40 6.85 7.31 7.78 8.25 8.74 9.23 9.73 10.23 10.74 11.26 11.77 12.29 12.81 13.33 13.86 14.38 14.90 15.42 15.94 16.46 16.98 17.49 17.99 18.49 18.98 19.47 19.94 20.41 20.87 21.31 21.74 22.16 22.56 22.95 23.32 23.67 24.00 24.32 24.61 24.89 25.14 25.37 25.57 25.75 25.89 26.00 26.08 26.11 26.11 26.08 26.00 25.87 25.71 25.50 25.24 24.93 24.58 24.17 23.72 23.21 22.65 22.03 21.36 20.71 20.09 19.51 18.97 18.46 17.98
2.63 2.87 3.13 3.41 3.71 4.02 4.35 4.71 5.08 5.48 5.89 6.33 6.77 7.23 7.70 8.17 8.66 9.15 9.65 10.15 10.66 11.17 11.69 12.21 12.74 13.26 13.79 14.32 14.85 15.37 15.90 16.42 16.94 17.46 17.97 18.48 18.98 19.48 19.96 20.44 20.91 21.37 21.81 22.24 22.66 23.07 23.46 23.83 24.18 24.52 24.83 25.13 25.40 25.65 25.88 26.08 26.25 26.39 26.49 26.56 26.59 26.58 26.53 26.44 26.31 26.13 25.91 25.65 25.33 24.97 24.55 24.08 23.56 22.99 22.36 21.68 21.01 20.38 19.79 19.23 18.70 18.21
