data_output/RCH/Precip_1996_04.asc
ncols        168
nrows        136
xllcorner    455000
yllcorner    2107000
cellsize     500
NODATA_value     -99999
[rows 34 to 67 of 136, columns 0 to 76 of 168]
37.34 38.06 38.76 39.44 40.10 40.73 41.33 41.90 42.43 42.93 43.38 43.79 44.15 44.45 44.71 44.90 45.04 45.10 45.04 44.88 44.72 44.56 44.36 44.09 43.77 43.39 42.96 42.48 41.95 41.37 40.76 40.10 39.41 38.69 37.93 37.15 36.35 35.52 34.67 33.81 32.93 32.04 31.15 30.25 29.35 28.45 27.55 26.67 25.79 24.92 24.07 23.23 22.42 21.63 20.87 20.13 19.43 18.77 18.14 17.55 17.01 16.51 16.06 15.67 15.33 15.05 14.82 14.67 14.57 14.55 14.60 14.73 14.93 15.21 15.58 16.01 16.50
36.92 37.66 38.39 39.11 39.80 40.47 41.12 41.73 42.31 42.85 43.36 43.82 44.24 44.61 44.92 45.18 45.39 45.53 45.60 45.57 45.52 45.42 45.26 45.03 44.74 44.39 43.99 43.54 43.04 42.49 41.90 41.27 40.60 39.89 39.16 38.39 37.60 36.78 35.95 35.09 34.23 33.35 32.46 31.56 30.66 29.76 28.87 27.97 27.09 26.22 25.36 24.51 23.69 22.89 22.11 21.36 20.64 19.96 19.31 18.70 18.13 17.61 17.13 16.71 16.34 16.02 15.77 15.58 15.45 15.39 15.40 15.48 15.64 15.88 16.20 16.60 17.08
36.51 37.28 38.05 38.80 39.53 40.24 40.92 41.58 42.21 42.80 43.36 43.88 44.36 44.78 45.16 45.49 45.76 45.98 46.13 46.21 46.22 46.16 46.04 45.85 45.60 45.28 44.92 44.49 44.02 43.50 42.94 42.33 41.69 41.01 40.29 39.54 38.77 37.97 37.15 36.31 35.45 34.58 33.70 32.81 31.92 31.02 30.12 29.23 28.34 27.47 26.60 25.75 24.92 24.11 23.32 22.56 21.82 21.12 20.46 19.83 19.24 18.69 18.20 17.75 17.35 17.00 16.72 16.49 16.33 16.23 16.21 16.25 16.37 16.57 16.85 17.21 17.65
36.17 36.97 37.77 38.55 39.32 40.07 40.79 41.50 42.17 42.81 43.42 43.99 44.53 45.02 45.46 45.85 46.19 46.47 46.68 46.78 46.82 46.81 46.72 46.57 46.36 46.08 45.75 45.36 44.93 44.44 43.90 43.32 42.70 42.04 41.35 40.63 39.87 39.09 38.28 37.46 36.61 35.75 34.88 34.00 33.11 32.22 31.33 30.44 29.55 28.67 27.81 26.95 26.11 25.29 24.49 23.72 22.97 22.26 21.58 20.93 20.32 19.76 19.23 18.76 18.34 17.97 17.65 17.40 17.20 17.07 17.01 17.02 17.10 17.25 17.49 17.80 18.19
35.94 36.77 37.59 38.40 39.20 39.99 40.75 41.49 42.21 42.90 43.56 44.18 44.77 45.31 45.82 46.27 46.67 47.00 47.21 47.31 47.36 47.38 47.34 47.23 47.05 46.82 46.52 46.17 45.76 45.31 44.80 44.25 43.66 43.02 42.35 41.65 40.92 40.15 39.37 38.55 37.72 36.88 36.02 35.14 34.26 33.38 32.49 31.60 30.72 29.84 28.97 28.11 27.26 26.44 25.63 24.84 24.09 23.36 22.66 22.00 21.37 20.78 20.24 19.74 19.30 18.90 18.56 18.27 18.05 17.88 17.79 17.76 17.80 17.92 18.11 18.37 18.69
35.81 36.66 37.51 38.35 39.18 39.99 40.79 41.58 42.33 43.07 43.77 44.44 45.08 45.68 46.23 46.75 47.19 47.53 47.73 47.82 47.87 47.89 47.88 47.82 47.68 47.49 47.23 46.91 46.54 46.11 45.64 45.12 44.55 43.95 43.30 42.62 41.91 41.16 40.39 39.60 38.78 37.95 37.10 36.24 35.36 34.49 33.60 32.72 31.83 30.95 30.08 29.22 28.37 27.54 26.72 25.93 25.16 24.42 23.71 23.03 22.39 21.78 21.22 20.70 20.22 19.80 19.43 19.12 18.86 18.67 18.54 18.47 18.48 18.56 18.70 18.90 19.15
35.78 36.65 37.52 38.38 39.24 40.08 40.92 41.73 42.53 43.30 44.05 44.76 45.45 46.10 46.70 47.25 47.70 48.03 48.23 48.32 48.36 48.38 48.38 48.34 48.25 48.09 47.87 47.59 47.25 46.86 46.42 45.93 45.39 44.81 44.19 43.53 42.84 42.12 41.37 40.59 39.79 38.97 38.13 37.28 36.42 35.55 34.67 33.79 32.91 32.03 31.16 30.29 29.44 28.60 27.78 26.98 26.20 25.45 24.72 24.03 23.37 22.74 22.16 21.62 21.12 20.68 20.28 19.94 19.65 19.43 19.26 19.17 19.14 19.16 19.24 19.38 19.57
35.84 36.72 37.61 38.50 39.38 40.25 41.11 41.96 42.79 43.60 44.38 45.14 45.87 46.57 47.21 47.75 48.19 48.51 48.70 48.79 48.83 48.85 48.84 48.81 48.75 48.63 48.45 48.21 47.91 47.55 47.14 46.68 46.17 45.62 45.02 44.39 43.72 43.02 42.29 41.53 40.75 39.94 39.12 38.28 37.43 36.56 35.69 34.82 33.94 33.06 32.19 31.33 30.47 29.63 28.80 27.99 27.20 26.44 25.70 24.99 24.32 23.68 23.07 22.51 21.99 21.52 21.10 20.73 20.42 20.16 19.97 19.84 19.76 19.73 19.75 19.82 19.95
35.98 36.88 37.78 38.69 39.59 40.48 41.37 42.25 43.11 43.95 44.77 45.57 46.34 47.06 47.70 48.23 48.66 48.97 49.15 49.24 49.28 49.29 49.29 49.25 49.20 49.11 48.97 48.76 48.50 48.18 47.80 47.37 46.89 46.37 45.80 45.19 44.55 43.87 43.16 42.42 41.65 40.86 40.06 39.23 38.39 37.53 36.67 35.80 34.93 34.05 33.18 32.32 31.46 30.61 29.78 28.97 28.17 27.39 26.65 25.92 25.23 24.58 23.96 23.38 22.84 22.34 21.90 21.50 21.16 20.87 20.65 20.47 20.34 20.25 20.21 20.23 20.30
36.20 37.11 38.03 38.95 39.87 40.78 41.69 42.60 43.48 44.36 45.21 46.05 46.84 47.55 48.17 48.69 49.10 49.40 49.59 49.67 49.71 49.72 49.71 49.68 49.62 49.54 49.42 49.26 49.03 48.74 48.40 48.01 47.56 47.06 46.53 45.95 45.33 44.67 43.98 43.26 42.51 41.74 40.94 40.13 39.30 38.46 37.60 36.74 35.87 35.00 34.14 33.27 32.41 31.56 30.73 29.90 29.10 28.32 27.56 26.82 26.12 25.45 24.81 24.21 23.65 23.13 22.67 22.24 21.88 21.56 21.29 21.06 20.88 20.73 20.64 20.60 20.61
36.50 37.42 38.34 39.27 40.21 41.14 42.07 42.99 43.91 44.81 45.70 46.55 47.33 48.02 48.62 49.13 49.53 49.82 50.00 50.08 50.12 50.13 50.12 50.08 50.02 49.94 49.83 49.69 49.50 49.25 48.95 48.58 48.17 47.71 47.20 46.64 46.05 45.42 44.75 44.05 43.32 42.57 41.79 40.99 40.17 39.34 38.49 37.64 36.78 35.91 35.05 34.19 33.33 32.48 31.64 30.81 30.00 29.21 28.44 27.69 26.97 26.29 25.63 25.02 24.44 23.90 23.41 22.96 22.57 22.21 21.90 21.61 21.37 21.18 21.03 20.93 20.89
36.86 37.78 38.72 39.66 40.60 41.55 42.50 43.44 44.38 45.30 46.20 47.03 47.79 48.47 49.05 49.54 49.93 50.22 50.39 50.47 50.51 50.52 50.50 50.47 50.40 50.32 50.21 50.08 49.92 49.71 49.43 49.11 48.73 48.29 47.81 47.29 46.72 46.11 45.47 44.79 44.08 43.35 42.58 41.80 41.00 40.18 39.34 38.50 37.64 36.78 35.92 35.06 34.20 33.35 32.51 31.68 30.86 30.06 29.28 28.53 27.80 27.10 26.43 25.79 25.20 24.64 24.13 23.66 23.23 22.82 22.46 22.13 21.83 21.59 21.38 21.23 21.13
37.29 38.21 39.14 40.09 41.04 42.00 42.96 43.92 44.88 45.81 46.69 47.50 48.24 48.89 49.46 49.93 50.32 50.59 50.77 50.84 50.88 50.89 50.87 50.83 50.77 50.68 50.57 50.44 50.28 50.10 49.87 49.57 49.23 48.83 48.38 47.88 47.34 46.76 46.14 45.48 44.80 44.08 43.34 42.57 41.78 40.97 40.15 39.31 38.47 37.61 36.76 35.90 35.04 34.19 33.35 32.51 31.69 30.89 30.10 29.34 28.59 27.88 27.20 26.55 25.93 25.36 24.82 24.32 23.84 23.39 22.98 22.60 22.26 21.96 21.71 21.50 21.35
37.77 38.69 39.62 40.57 41.53 42.50 43.47 44.44 45.40 46.31 47.16 47.95 48.66 49.29 49.84 50.31 50.68 50.95 51.12 51.20 51.23 51.24 51.22 51.18 51.12 51.03 50.92 50.78 50.63 50.45 50.24 49.99 49.67 49.31 48.89 48.42 47.91 47.36 46.76 46.13 45.46 44.77 44.04 43.29 42.52 41.72 40.91 40.09 39.25 38.41 37.55 36.70 35.85 35.00 34.15 33.32 32.49 31.68 30.89 30.11 29.36 28.64 27.94 27.27 26.64 26.05 25.48 24.93 24.41 23.92 23.46 23.03 22.64 22.30 22.00 21.74 21.54
38.30 39.21 40.14 41.09 42.05 43.03 44.00 44.98 45.91 46.79 47.61 48.37 49.06 49.67 50.21 50.66 51.02 51.29 51.46 51.53 51.57 51.57 51.56 51.52 51.45 51.36 51.25 51.11 50.96 50.78 50.57 50.35 50.07 49.74 49.35 48.91 48.43 47.90 47.34 46.73 46.09 45.41 44.70 43.97 43.21 42.43 41.64 40.82 40.00 39.16 38.32 37.47 36.62 35.77 34.92 34.08 33.26 32.44 31.64 30.86 30.10 29.36 28.65 27.97 27.32 26.70 26.09 25.51 24.94 24.41 23.90 23.43 23.00 22.60 22.26 21.95 21.70
38.87 39.77 40.70 41.65 42.61 43.58 44.55 45.50 46.39 47.24 48.04 48.77 49.44 50.03 50.55 50.99 51.35 51.61 51.77 51.85 51.88 51.89 51.87 51.83 51.77 51.68 51.56 51.43 51.27 51.09 50.88 50.66 50.41 50.11 49.76 49.36 48.90 48.40 47.86 47.28 46.66 46.01 45.32 44.61 43.87 43.10 42.32 41.52 40.70 39.88 39.04 38.20 37.35 36.50 35.66 34.82 33.99 33.17 32.37 31.58 30.81 30.06 29.34 28.65 27.97 27.31 26.67 26.04 25.44 24.86 24.31 23.80 23.32 22.88 22.49 22.14 21.84
39.48 40.37 41.29 42.23 43.19 44.15 45.09 45.99 46.86 47.67 48.44 49.15 49.79 50.37 50.88 51.31 51.65 51.91 52.07 52.14 52.18 52.19 52.17 52.13 52.07 51.97 51.86 51.72 51.56 51.38 51.18 50.95 50.71 50.44 50.12 49.75 49.33 48.86 48.34 47.79 47.19 46.56 45.90 45.20 44.48 43.73 42.96 42.18 41.37 40.55 39.73 38.89 38.05 37.21 36.37 35.53 34.70 33.87 33.06 32.27 31.49 30.74 30.00 29.29 28.58 27.88 27.20 26.53 25.89 25.28 24.69 24.13 23.61 23.13 22.69 22.30 21.96
40.12 41.00 41.90 42.83 43.77 44.70 45.60 46.47 47.30 48.08 48.82 49.51 50.13 50.69 51.18 51.60 51.94 52.19 52.35 52.42 52.46 52.47 52.45 52.41 52.35 52.26 52.14 52.01 51.85 51.66 51.46 51.23 50.99 50.72 50.43 50.09 49.70 49.26 48.78 48.25 47.68 47.07 46.43 45.76 45.05 44.32 43.57 42.80 42.00 41.20 40.38 39.55 38.72 37.88 37.04 36.20 35.37 34.55 33.73 32.93 32.15 31.38 30.63 29.88 29.14 28.41 27.69 26.99 26.31 25.66 25.03 24.44 23.88 23.36 22.87 22.44 22.05
40.78 41.65 42.54 43.45 44.35 45.23 46.09 46.92 47.72 48.47 49.18 49.84 50.45 50.99 51.47 51.88 52.20 52.45 52.61 52.68 52.72 52.73 52.72 52.68 52.61 52.52 52.41 52.27 52.11 51.93 51.73 51.50 51.25 50.99 50.70 50.39 50.03 49.62 49.16 48.66 48.12 47.54 46.92 46.27 45.58 44.87 44.14 43.38 42.60 41.80 41.00 40.18 39.35 38.52 37.68 36.85 36.02 35.19 34.37 33.57 32.78 32.00 31.21 30.43 29.66 28.90 28.15 27.41 26.70 26.01 25.35 24.71 24.11 23.55 23.03 22.55 22.12
41.47 42.31 43.17 44.04 44.90 45.74 46.56 47.35 48.11 48.84 49.53 50.16 50.75 51.27 51.74 52.13 52.45 52.69 52.85 52.93 52.97 52.98 52.97 52.93 52.86 52.78 52.66 52.53 52.37 52.18 51.98 51.75 51.51 51.24 50.95 50.64 50.31 49.93 49.51 49.04 48.52 47.96 47.37 46.74 46.08 45.38 44.66 43.92 43.16 42.38 41.58 40.77 39.95 39.12 38.29 37.46 36.63 35.81 34.99 34.18 33.37 32.56 31.75 30.94 30.14 29.35 28.57 27.80 27.05 26.33 25.63 24.96 24.33 23.73 23.17 22.65 22.18
42.17 42.98 43.80 44.61 45.42 46.22 47.00 47.76 48.49 49.19 49.85 50.46 51.02 51.53 51.98 52.37 52.68 52.92 53.07 53.15 53.20 53.21 53.20 53.16 53.10 53.01 52.90 52.76 52.60 52.42 52.22 51.99 51.74 51.48 51.19 50.88 50.55 50.20 49.81 49.37 48.88 48.35 47.78 47.17 46.53 45.86 45.16 44.43 43.68 42.91 42.13 41.33 40.52 39.70 38.87 38.05 37.22 36.40 35.58 34.75 33.92 33.09 32.25 31.42 30.59 29.76 28.95 28.16 27.38 26.62 25.89 25.19 24.52 23.88 23.29 22.73 22.22
42.87 43.63 44.39 45.16 45.93 46.68 47.43 48.15 48.85 49.51 50.15 50.74 51.28 51.78 52.21 52.59 52.89 53.12 53.28 53.36 53.41 53.43 53.42 53.38 53.32 53.23 53.12 52.99 52.83 52.65 52.44 52.22 51.97 51.70 51.42 51.11 50.78 50.43 50.06 49.65 49.19 48.69 48.15 47.56 46.94 46.29 45.61 44.90 44.17 43.42 42.65 41.86 41.06 40.24 39.43 38.60 37.78 36.96 36.13 35.28 34.43 33.57 32.71 31.85 30.99 30.14 29.30 28.48 27.67 26.88 26.12 25.39 24.68 24.02 23.38 22.79 22.25
43.55 44.25 44.97 45.69 46.41 47.12 47.83 48.52 49.18 49.82 50.43 50.99 51.52 52.00 52.42 52.79 53.08 53.31 53.47 53.56 53.60 53.62 53.62 53.58 53.52 53.44 53.33 53.20 53.04 52.86 52.66 52.43 52.19 51.92 51.63 51.32 51.00 50.65 50.28 49.90 49.47 48.99 48.47 47.92 47.32 46.69 46.03 45.34 44.63 43.89 43.13 42.35 41.56 40.76 39.95 39.13 38.31 37.48 36.63 35.77 34.90 34.02 33.13 32.25 31.37 30.49 29.63 28.77 27.94 27.12 26.33 25.57 24.83 24.13 23.47 22.84 22.26
44.20 44.86 45.52 46.19 46.87 47.54 48.21 48.86 49.50 50.11 50.69 51.23 51.74 52.20 52.61 52.97 53.26 53.49 53.64 53.73 53.78 53.81 53.80 53.77 53.71 53.63 53.53 53.39 53.24 53.06 52.86 52.64 52.39 52.12 51.84 51.53 51.20 50.85 50.49 50.11 49.70 49.25 48.76 48.23 47.66 47.06 46.42 45.75 45.05 44.33 43.58 42.82 42.04 41.25 40.45 39.63 38.81 37.96 37.10 36.22 35.32 34.42 33.52 32.61 31.71 30.81 29.92 29.04 28.18 27.34 26.52 25.73 24.96 24.23 23.54 22.88 22.27
44.84 45.44 46.05 46.68 47.31 47.94 48.57 49.19 49.79 50.37 50.93 51.45 51.94 52.39 52.78 53.13 53.42 53.64 53.80 53.89 53.95 53.97 53.97 53.94 53.89 53.81 53.71 53.58 53.42 53.25 53.05 52.83 52.58 52.32 52.03 51.72 51.40 51.05 50.69 50.30 49.90 49.48 49.02 48.51 47.97 47.38 46.77 46.12 45.44 44.73 44.00 43.25 42.49 41.71 40.91 40.10 39.26 38.40 37.52 36.62 35.71 34.79 33.87 32.94 32.02 31.10 30.19 29.29 28.40 27.53 26.69 25.87 25.07 24.32 23.59 22.90 22.26
45.45 45.99 46.56 47.14 47.73 48.32 48.91 49.49 50.06 50.62 51.15 51.65 52.12 52.55 52.94 53.28 53.56 53.78 53.94 54.03 54.09 54.12 54.13 54.10 54.05 53.98 53.87 53.75 53.60 53.42 53.22 53.00 52.76 52.50 52.21 51.91 51.58 51.24 50.87 50.49 50.09 49.67 49.23 48.75 48.23 47.68 47.08 46.45 45.79 45.11 44.39 43.66 42.91 42.14 41.34 40.52 39.67 38.79 37.90 36.99 36.06 35.13 34.19 33.24 32.30 31.36 30.43 29.50 28.60 27.71 26.84 25.99 25.17 24.39 23.63 22.92 22.25
46.04 46.53 47.04 47.58 48.12 48.67 49.23 49.78 50.32 50.84 51.35 51.83 52.29 52.70 53.08 53.41 53.68 53.90 54.06 54.16 54.22 54.26 54.27 54.25 54.20 54.13 54.03 53.90 53.76 53.58 53.39 53.17 52.93 52.67 52.38 52.08 51.76 51.41 51.05 50.67 50.27 49.85 49.42 48.96 48.47 47.93 47.36 46.76 46.12 45.45 44.76 44.04 43.30 42.53 41.73 40.89 40.03 39.15 38.24 37.32 36.38 35.43 34.47 33.51 32.55 31.59 30.64 29.70 28.77 27.86 26.97 26.10 25.26 24.45 23.67 22.93 22.23
46.61 47.04 47.51 47.99 48.50 49.01 49.53 50.04 50.55 51.05 51.54 52.00 52.43 52.83 53.20 53.52 53.79 54.01 54.17 54.27 54.34 54.38 54.39 54.38 54.33 54.26 54.17 54.05 53.90 53.73 53.54 53.33 53.09 52.83 52.55 52.24 51.92 51.58 51.22 50.84 50.44 50.02 49.59 49.14 48.67 48.16 47.61 47.03 46.41 45.76 45.09 44.39 43.65 42.88 42.07 41.23 40.36 39.46 38.55 37.61 36.66 35.70 34.73 33.76 32.78 31.81 30.84 29.88 28.93 28.00 27.09 26.20 25.33 24.50 23.70 22.93 22.20
47.15 47.54 47.95 48.39 48.85 49.32 49.80 50.29 50.77 51.24 51.70 52.14 52.56 52.95 53.30 53.61 53.88 54.10 54.26 54.37 54.44 54.49 54.50 54.49 54.45 54.39 54.30 54.18 54.04 53.87 53.68 53.47 53.24 52.98 52.70 52.40 52.08 51.74 51.38 51.00 50.60 50.19 49.75 49.30 48.84 48.35 47.83 47.27 46.68 46.05 45.39 44.70 43.96 43.18 42.37 41.52 40.65 39.74 38.82 37.87 36.91 35.94 34.96 33.97 32.98 32.00 31.01 30.04 29.07 28.12 27.19 26.28 25.40 24.54 23.72 22.93 22.18
47.67 48.01 48.37 48.77 49.18 49.62 50.06 50.51 50.96 51.41 51.85 52.27 52.67 53.04 53.39 53.69 53.96 54.18 54.34 54.45 54.53 54.58 54.60 54.59 54.56 54.50 54.41 54.30 54.16 54.00 53.81 53.61 53.37 53.12 52.84 52.54 52.23 51.89 51.53 51.15 50.76 50.34 49.91 49.46 49.00 48.52 48.02 47.48 46.91 46.30 45.65 44.96 44.22 43.44 42.63 41.78 40.90 39.99 39.06 38.11 37.14 36.16 35.16 34.17 33.16 32.16 31.17 30.18 29.20 28.23 27.28 26.36 25.45 24.58 23.73 22.92 22.15
48.17 48.46 48.77 49.12 49.50 49.89 50.30 50.72 51.14 51.56 51.98 52.38 52.76 53.12 53.46 53.76 54.02 54.23 54.40 54.52 54.60 54.66 54.68 54.68 54.65 54.60 54.52 54.41 54.27 54.12 53.93 53.73 53.50 53.25 52.98 52.68 52.36 52.03 51.67 51.30 50.90 50.49 50.06 49.61 49.15 48.67 48.18 47.66 47.11 46.52 45.87 45.18 44.44 43.66 42.85 41.99 41.11 40.20 39.26 38.31 37.33 36.34 35.34 34.34 33.32 32.31 31.30 30.30 29.31 28.33 27.37 26.42 25.50 24.61 23.75 22.92 22.13
48.65 48.88 49.15 49.46 49.79 50.15 50.52 50.91 51.30 51.70 52.09 52.47 52.84 53.19 53.51 53.80 54.06 54.28 54.45 54.57 54.66 54.72 54.75 54.76 54.73 54.68 54.61 54.50 54.38 54.22 54.04 53.84 53.62 53.37 53.10 52.81 52.50 52.16 51.81 51.44 51.05 50.64 50.21 49.76 49.30 48.82 48.33 47.82 47.28 46.69 46.05 45.36 44.62 43.85 43.03 42.18 41.29 40.38 39.44 38.48 37.50 36.51 35.50 34.48 33.47 32.45 31.43 30.41 29.41 28.42 27.44 26.48 25.55 24.64 23.76 22.91 22.10
49.11 49.29 49.51 49.77 50.07 50.38 50.72 51.08 51.44 51.81 52.18 52.54 52.90 53.23 53.55 53.83 54.09 54.31 54.48 54.61 54.71 54.77 54.81 54.82 54.80 54.76 54.69 54.59 54.46 54.32 54.14 53.95 53.72 53.48 53.22 52.93 52.62 52.29 51.94 51.57 51.18 50.77 50.35 49.90 49.44 48.97 48.47 47.95 47.40 46.82 46.18 45.50 44.77 43.99 43.18 42.33 41.44 40.53 39.59 38.63 37.64 36.65 35.63 34.61 33.59 32.56 31.54 30.51 29.50 28.50 27.51 26.54 25.59 24.67 23.77 22.91 22.08
49.55 49.68 49.85 50.07 50.32 50.60 50.91 51.23 51.57 51.91 52.26 52.60 52.94 53.26 53.57 53.85 54.10 54.32 54.50 54.63 54.74 54.81 54.86 54.87 54.86 54.82 54.75 54.66 54.54 54.40 54.23 54.04 53.82 53.58 53.32 53.04 52.73 52.41 52.06 51.69 51.31 50.90 50.48 50.04 49.58 49.11 48.60 48.07 47.50 46.91 46.27 45.60 44.87 44.10 43.29 42.44 41.56 40.65 39.71 38.75 37.76 36.76 35.75 34.73 33.70 32.66 31.63 30.60 29.58 28.57 27.57 26.59 25.63 24.70 23.79 22.91 22.07
