data_output/RCH/Precip_1996_11.asc
ncols        168
nrows        136
xllcorner    455000
yllcorner    2107000
cellsize     500
NODATA_value     -99999
[rows 0 to 37 of 136, columns 0 to 83 of 168]
13.87 13.72 13.55 13.36 13.14 12.90 12.65 12.37 12.08 11.78 11.46 11.12 10.77 10.41 10.04 9.66 9.27 8.87 8.46 8.05 7.64 7.24 6.86 6.51 6.17 5.86 5.57 5.30 5.05 4.82 4.61 4.42 4.25 4.10 3.97 3.85 3.76 3.69 3.63 3.60 3.58 3.58 3.60 3.64 3.70 3.77 3.84 3.91 3.98 4.04 4.09 4.14 4.19 4.22 4.26 4.28 4.30 4.32 4.33 4.34 4.34 4.33 4.33 4.31 4.30 4.27 4.25 4.21 4.18 4.14 4.10 4.05 3.99 3.94 3.88 3.81 3.75 3.68 3.60 3.52 3.44 3.36 3.28 3.20
14.17 14.02 13.85 13.65 13.43 13.19 12.93 12.65 12.35 12.04 11.72 11.38 11.02 10.66 10.28 9.89 9.49 9.09 8.68 8.26 7.84 7.44 7.05 6.69 6.34 6.02 5.72 5.44 5.18 4.94 4.71 4.51 4.33 4.16 4.02 3.89 3.79 3.70 3.63 3.58 3.54 3.53 3.53 3.55 3.58 3.63 3.70 3.77 3.84 3.90 3.96 4.01 4.05 4.09 4.13 4.15 4.18 4.19 4.21 4.21 4.22 4.21 4.21 4.19 4.18 4.16 4.13 4.10 4.06 4.02 3.98 3.93 3.88 3.83 3.77 3.70 3.64 3.56 3.49 3.41 3.33 3.25 3.17 3.09
14.45 14.30 14.12 13.92 13.70 13.45 13.19 12.91 12.61 12.30 11.97 11.62 11.26 10.89 10.51 10.12 9.72 9.31 8.89 8.47 8.04 7.63 7.24 6.87 6.52 6.19 5.87 5.58 5.31 5.06 4.83 4.61 4.42 4.24 4.08 3.94 3.82 3.72 3.63 3.57 3.51 3.48 3.47 3.47 3.48 3.52 3.57 3.63 3.70 3.76 3.82 3.87 3.92 3.96 3.99 4.02 4.05 4.07 4.08 4.09 4.09 4.09 4.08 4.07 4.06 4.04 4.01 3.98 3.95 3.91 3.87 3.82 3.77 3.71 3.65 3.59 3.52 3.45 3.38 3.30 3.22 3.14 3.06 2.98
14.71 14.55 14.37 14.17 13.95 13.70 13.44 13.15 12.85 12.54 12.20 11.85 11.49 11.12 10.73 10.34 9.93 9.52 9.10 8.67 8.24 7.82 7.42 7.04 6.69 6.35 6.03 5.73 5.45 5.19 4.94 4.72 4.51 4.32 4.15 4.00 3.87 3.75 3.65 3.57 3.50 3.45 3.42 3.40 3.40 3.42 3.45 3.50 3.56 3.62 3.68 3.74 3.78 3.83 3.86 3.89 3.92 3.94 3.95 3.96 3.97 3.97 3.96 3.95 3.94 3.92 3.89 3.86 3.83 3.79 3.75 3.70 3.65 3.60 3.54 3.48 3.41 3.34 3.27 3.19 3.11 3.03 2.95 2.87
14.94 14.78 14.60 14.40 14.18 13.93 13.67 13.38 13.08 12.76 12.42 12.07 11.71 11.33 10.94 10.54 10.14 9.72 9.29 8.86 8.43 8.00 7.60 7.22 6.85 6.51 6.18 5.88 5.59 5.32 5.06 4.83 4.61 4.41 4.23 4.07 3.92 3.79 3.68 3.58 3.50 3.44 3.39 3.35 3.34 3.34 3.35 3.38 3.43 3.48 3.54 3.60 3.65 3.69 3.73 3.76 3.79 3.81 3.82 3.84 3.84 3.84 3.84 3.83 3.82 3.80 3.77 3.75 3.71 3.68 3.63 3.59 3.54 3.48 3.43 3.36 3.30 3.23 3.15 3.07 3.00 2.92 2.84 2.76
15.15 14.99 14.81 14.61 14.39 14.14 13.88 13.59 13.29 12.97 12.63 12.28 11.91 11.53 11.14 10.74 10.33 9.91 9.48 9.05 8.61 8.18 7.78 7.39 7.02 6.67 6.34 6.02 5.73 5.45 5.19 4.94 4.72 4.51 4.32 4.14 3.98 3.84 3.71 3.60 3.51 3.43 3.37 3.32 3.29 3.27 3.27 3.28 3.31 3.35 3.40 3.46 3.51 3.55 3.59 3.63 3.65 3.68 3.69 3.71 3.71 3.72 3.71 3.71 3.69 3.67 3.65 3.63 3.59 3.56 3.52 3.47 3.42 3.37 3.31 3.25 3.18 3.11 3.04 2.96 2.88 2.80 2.72 2.64
15.33 15.18 15.00 14.80 14.58 14.33 14.07 13.78 13.48 13.16 12.82 12.47 12.10 11.72 11.33 10.93 10.51 10.09 9.66 9.23 8.79 8.36 7.95 7.55 7.18 6.83 6.49 6.17 5.87 5.58 5.31 5.06 4.83 4.61 4.41 4.22 4.05 3.90 3.76 3.64 3.53 3.44 3.36 3.30 3.25 3.22 3.20 3.20 3.21 3.23 3.27 3.32 3.37 3.41 3.46 3.49 3.52 3.55 3.56 3.58 3.59 3.59 3.59 3.58 3.57 3.55 3.53 3.50 3.47 3.44 3.40 3.35 3.31 3.25 3.19 3.13 3.07 3.00 2.92 2.85 2.77 2.69 2.61 2.53
15.49 15.34 15.16 14.96 14.74 14.50 14.23 13.95 13.65 13.33 12.99 12.64 12.27 11.90 11.50 11.10 10.69 10.26 9.83 9.39 8.95 8.52 8.11 7.72 7.34 6.98 6.64 6.31 6.00 5.71 5.44 5.18 4.94 4.71 4.50 4.30 4.12 3.96 3.81 3.68 3.56 3.45 3.37 3.29 3.23 3.18 3.15 3.13 3.12 3.13 3.15 3.18 3.23 3.28 3.32 3.36 3.39 3.41 3.43 3.45 3.46 3.46 3.46 3.46 3.45 3.43 3.41 3.38 3.35 3.32 3.28 3.24 3.19 3.14 3.08 3.02 2.95 2.88 2.81 2.73 2.66 2.58 2.50 2.42
15.62 15.47 15.30 15.10 14.89 14.64 14.38 14.10 13.80 13.48 13.15 12.80 12.43 12.05 11.66 11.26 10.85 10.42 9.99 9.55 9.11 8.68 8.27 7.87 7.49 7.13 6.78 6.45 6.14 5.84 5.56 5.30 5.05 4.81 4.59 4.39 4.20 4.03 3.87 3.73 3.60 3.48 3.38 3.29 3.22 3.16 3.11 3.07 3.05 3.04 3.05 3.06 3.09 3.14 3.18 3.22 3.25 3.28 3.30 3.32 3.33 3.33 3.33 3.33 3.32 3.31 3.29 3.26 3.23 3.20 3.16 3.12 3.07 3.02 2.96 2.90 2.84 2.77 2.70 2.62 2.54 2.47 2.39 2.31
15.72 15.58 15.41 15.22 15.00 14.77 14.51 14.23 13.93 13.62 13.28 12.94 12.57 12.20 11.81 11.40 10.99 10.57 10.14 9.70 9.26 8.83 8.41 8.02 7.63 7.27 6.92 6.59 6.27 5.97 5.68 5.41 5.16 4.92 4.69 4.48 4.29 4.10 3.94 3.78 3.64 3.52 3.40 3.30 3.22 3.14 3.08 3.03 3.00 2.97 2.96 2.96 2.98 3.00 3.04 3.08 3.12 3.14 3.17 3.19 3.20 3.21 3.21 3.20 3.20 3.18 3.16 3.14 3.11 3.08 3.04 3.00 2.95 2.90 2.85 2.79 2.72 2.66 2.58 2.51 2.43 2.35 2.28 2.20
15.80 15.66 15.50 15.31 15.10 14.86 14.61 14.33 14.04 13.73 13.40 13.05 12.69 12.32 11.93 11.53 11.12 10.70 10.28 9.84 9.40 8.97 8.55 8.15 7.77 7.41 7.05 6.72 6.40 6.10 5.81 5.53 5.27 5.02 4.79 4.58 4.37 4.18 4.01 3.84 3.70 3.56 3.44 3.33 3.23 3.14 3.07 3.00 2.95 2.92 2.89 2.88 2.88 2.89 2.91 2.94 2.98 3.01 3.04 3.05 3.07 3.08 3.08 3.08 3.07 3.06 3.04 3.02 2.99 2.96 2.92 2.88 2.84 2.79 2.73 2.67 2.61 2.54 2.47 2.39 2.32 2.24 2.16 2.09
15.84 15.71 15.55 15.37 15.17 14.94 14.69 14.42 14.13 13.82 13.50 13.15 12.80 12.43 12.04 11.65 11.24 10.82 10.40 9.96 9.52 9.09 8.68 8.28 7.90 7.53 7.18 6.85 6.52 6.22 5.92 5.65 5.38 5.13 4.89 4.67 4.46 4.26 4.08 3.91 3.75 3.61 3.48 3.35 3.25 3.15 3.06 2.99 2.92 2.87 2.83 2.81 2.79 2.79 2.79 2.81 2.84 2.88 2.90 2.92 2.94 2.95 2.95 2.95 2.95 2.94 2.92 2.90 2.87 2.84 2.81 2.77 2.72 2.67 2.62 2.56 2.50 2.43 2.36 2.28 2.21 2.13 2.05 1.98
15.86 15.73 15.58 15.41 15.21 14.98 14.74 14.48 14.19 13.89 13.57 13.23 12.88 12.52 12.14 11.74 11.34 10.93 10.50 10.07 9.64 9.21 8.80 8.40 8.02 7.65 7.30 6.97 6.64 6.33 6.04 5.76 5.49 5.24 4.99 4.77 4.55 4.35 4.16 3.98 3.82 3.66 3.52 3.39 3.27 3.16 3.07 2.98 2.91 2.84 2.79 2.75 2.72 2.70 2.69 2.70 2.72 2.74 2.77 2.79 2.81 2.82 2.83 2.83 2.82 2.81 2.80 2.78 2.75 2.72 2.69 2.65 2.60 2.55 2.50 2.44 2.38 2.32 2.24 2.17 2.10 2.02 1.94 1.87
15.84 15.72 15.58 15.41 15.22 15.00 14.77 14.51 14.23 13.94 13.62 13.29 12.94 12.58 12.21 11.82 11.42 11.01 10.60 10.17 9.74 9.31 8.90 8.51 8.13 7.77 7.41 7.08 6.75 6.44 6.15 5.86 5.59 5.34 5.09 4.86 4.64 4.43 4.24 4.06 3.88 3.72 3.57 3.43 3.30 3.19 3.08 2.98 2.90 2.82 2.76 2.70 2.66 2.63 2.61 2.60 2.60 2.61 2.64 2.66 2.68 2.69 2.70 2.70 2.70 2.69 2.67 2.66 2.63 2.60 2.57 2.53 2.49 2.44 2.39 2.33 2.27 2.20 2.13 2.06 1.98 1.91 1.83 1.76
15.80 15.68 15.55 15.39 15.20 15.00 14.77 14.52 14.25 13.96 13.65 13.33 12.99 12.63 12.26 11.88 11.49 11.08 10.67 10.25 9.82 9.40 9.00 8.61 8.23 7.87 7.52 7.18 6.86 6.55 6.25 5.97 5.70 5.44 5.19 4.95 4.73 4.52 4.32 4.13 3.95 3.79 3.63 3.48 3.34 3.22 3.10 2.99 2.90 2.81 2.73 2.67 2.61 2.57 2.54 2.51 2.50 2.50 2.51 2.53 2.55 2.56 2.57 2.57 2.57 2.57 2.55 2.54 2.51 2.48 2.45 2.41 2.37 2.33 2.27 2.22 2.16 2.09 2.02 1.95 1.87 1.80 1.73 1.65
15.72 15.61 15.49 15.33 15.16 14.96 14.74 14.50 14.23 13.95 13.65 13.34 13.00 12.66 12.29 11.92 11.53 11.14 10.73 10.31 9.89 9.48 9.08 8.69 8.32 7.96 7.61 7.28 6.95 6.65 6.35 6.06 5.79 5.53 5.28 5.05 4.82 4.61 4.40 4.21 4.02 3.85 3.69 3.53 3.39 3.25 3.13 3.01 2.90 2.81 2.72 2.65 2.58 2.52 2.48 2.44 2.42 2.40 2.40 2.40 2.42 2.43 2.44 2.45 2.45 2.44 2.43 2.42 2.39 2.37 2.34 2.30 2.26 2.21 2.16 2.11 2.05 1.98 1.91 1.84 1.77 1.69 1.62 1.54
15.63 15.52 15.39 15.25 15.08 14.89 14.68 14.45 14.20 13.92 13.63 13.32 13.00 12.66 12.31 11.94 11.56 11.17 10.77 10.36 9.94 9.54 9.14 8.76 8.39 8.03 7.69 7.36 7.04 6.73 6.44 6.16 5.88 5.62 5.37 5.13 4.91 4.69 4.48 4.28 4.10 3.92 3.75 3.58 3.43 3.29 3.16 3.03 2.92 2.81 2.72 2.63 2.56 2.49 2.43 2.38 2.35 2.32 2.30 2.29 2.30 2.31 2.32 2.32 2.33 2.32 2.31 2.30 2.28 2.25 2.22 2.18 2.14 2.10 2.05 1.99 1.94 1.87 1.80 1.73 1.66 1.59 1.51 1.44
15.52 15.40 15.27 15.13 14.98 14.80 14.60 14.37 14.13 13.87 13.59 13.29 12.97 12.64 12.29 11.94 11.56 11.18 10.79 10.39 9.98 9.58 9.19 8.81 8.45 8.10 7.76 7.43 7.12 6.81 6.52 6.24 5.97 5.71 5.46 5.22 4.99 4.77 4.56 4.36 4.17 3.98 3.81 3.64 3.48 3.33 3.19 3.06 2.94 2.82 2.72 2.63 2.54 2.46 2.40 2.34 2.29 2.25 2.22 2.20 2.19 2.19 2.19 2.20 2.20 2.20 2.19 2.18 2.16 2.13 2.11 2.07 2.03 1.99 1.94 1.88 1.83 1.76 1.70 1.63 1.55 1.48 1.41 1.33
15.39 15.26 15.13 14.99 14.84 14.67 14.48 14.27 14.03 13.78 13.51 13.22 12.92 12.59 12.26 11.91 11.55 11.17 10.79 10.40 10.00 9.60 9.22 8.85 8.50 8.15 7.82 7.49 7.18 6.88 6.59 6.31 6.04 5.79 5.54 5.30 5.07 4.85 4.63 4.43 4.23 4.04 3.86 3.69 3.53 3.38 3.23 3.09 2.96 2.84 2.73 2.63 2.53 2.45 2.37 2.30 2.24 2.19 2.15 2.12 2.09 2.08 2.08 2.08 2.08 2.08 2.07 2.06 2.04 2.02 1.99 1.96 1.92 1.88 1.83 1.78 1.72 1.66 1.59 1.52 1.45 1.38 1.30 1.23
15.23 15.11 14.98 14.83 14.68 14.51 14.33 14.13 13.91 13.67 13.41 13.13 12.84 12.53 12.20 11.86 11.51 11.14 10.77 10.39 9.99 9.61 9.24 8.88 8.53 8.19 7.86 7.54 7.24 6.94 6.65 6.38 6.11 5.86 5.61 5.37 5.14 4.92 4.70 4.50 4.30 4.11 3.92 3.75 3.58 3.42 3.27 3.13 2.99 2.86 2.74 2.63 2.53 2.44 2.35 2.27 2.20 2.14 2.09 2.05 2.01 1.99 1.97 1.96 1.96 1.96 1.96 1.94 1.93 1.91 1.88 1.85 1.81 1.77 1.72 1.67 1.61 1.55 1.49 1.42 1.35 1.27 1.20 1.13
15.06 14.94 14.80 14.65 14.49 14.33 14.15 13.96 13.75 13.53 13.28 13.01 12.73 12.43 12.11 11.79 11.45 11.09 10.73 10.35 9.97 9.60 9.23 8.88 8.54 8.21 7.89 7.58 7.28 6.99 6.70 6.43 6.17 5.92 5.67 5.44 5.21 4.98 4.77 4.56 4.36 4.16 3.98 3.80 3.63 3.46 3.31 3.16 3.02 2.89 2.76 2.64 2.53 2.43 2.34 2.25 2.18 2.11 2.05 1.99 1.95 1.91 1.88 1.86 1.85 1.84 1.84 1.83 1.82 1.79 1.77 1.74 1.70 1.66 1.62 1.56 1.51 1.45 1.38 1.31 1.24 1.17 1.10 1.03
14.87 14.74 14.60 14.45 14.29 14.12 13.95 13.76 13.57 13.35 13.12 12.86 12.59 12.31 12.00 11.69 11.36 11.02 10.66 10.30 9.93 9.57 9.21 8.87 8.54 8.21 7.90 7.60 7.30 7.02 6.74 6.48 6.22 5.97 5.73 5.49 5.26 5.04 4.82 4.61 4.41 4.22 4.03 3.85 3.67 3.51 3.35 3.20 3.05 2.91 2.78 2.66 2.54 2.44 2.34 2.24 2.16 2.08 2.01 1.95 1.89 1.84 1.80 1.77 1.75 1.73 1.73 1.72 1.70 1.68 1.66 1.63 1.60 1.56 1.51 1.46 1.41 1.35 1.28 1.21 1.15 1.08 1.01 0.94
14.66 14.53 14.39 14.23 14.07 13.90 13.72 13.54 13.35 13.15 12.93 12.69 12.43 12.16 11.87 11.56 11.25 10.92 10.58 10.22 9.87 9.51 9.17 8.84 8.51 8.20 7.90 7.60 7.31 7.04 6.77 6.51 6.25 6.01 5.77 5.53 5.31 5.09 4.87 4.66 4.46 4.27 4.08 3.89 3.72 3.55 3.39 3.23 3.08 2.94 2.81 2.68 2.56 2.44 2.34 2.24 2.14 2.06 1.98 1.91 1.84 1.79 1.74 1.70 1.66 1.64 1.62 1.61 1.59 1.58 1.55 1.52 1.49 1.45 1.41 1.36 1.31 1.25 1.18 1.12 1.05 0.98 0.91 0.84
14.43 14.30 14.15 13.99 13.83 13.66 13.48 13.30 13.11 12.91 12.70 12.48 12.23 11.98 11.70 11.41 11.11 10.79 10.46 10.13 9.78 9.44 9.11 8.79 8.47 8.17 7.87 7.59 7.31 7.04 6.78 6.53 6.28 6.03 5.80 5.57 5.34 5.12 4.91 4.70 4.50 4.31 4.12 3.93 3.76 3.59 3.42 3.27 3.11 2.97 2.83 2.70 2.57 2.45 2.34 2.24 2.14 2.04 1.96 1.88 1.81 1.74 1.69 1.63 1.59 1.55 1.52 1.50 1.49 1.47 1.45 1.42 1.39 1.35 1.31 1.26 1.21 1.15 1.09 1.02 0.95 0.89 0.82 0.75
14.18 14.04 13.90 13.74 13.57 13.40 13.22 13.04 12.84 12.65 12.45 12.24 12.01 11.77 11.51 11.23 10.94 10.64 10.33 10.00 9.67 9.34 9.02 8.71 8.41 8.12 7.83 7.56 7.29 7.03 6.78 6.53 6.28 6.05 5.81 5.59 5.37 5.15 4.94 4.73 4.53 4.34 4.15 3.97 3.79 3.62 3.46 3.30 3.14 2.99 2.85 2.72 2.59 2.47 2.35 2.24 2.13 2.04 1.94 1.86 1.78 1.71 1.64 1.58 1.53 1.48 1.44 1.41 1.38 1.36 1.34 1.32 1.29 1.25 1.21 1.16 1.11 1.05 0.99 0.93 0.86 0.79 0.73 0.66
13.92 13.77 13.62 13.46 13.29 13.12 12.94 12.76 12.56 12.37 12.17 11.97 11.75 11.53 11.28 11.02 10.75 10.46 10.16 9.85 9.53 9.22 8.92 8.62 8.33 8.05 7.78 7.51 7.25 7.00 6.75 6.51 6.27 6.04 5.82 5.59 5.38 5.16 4.96 4.75 4.56 4.36 4.18 4.00 3.82 3.65 3.48 3.32 3.17 3.02 2.88 2.74 2.61 2.48 2.36 2.24 2.13 2.03 1.93 1.84 1.76 1.68 1.61 1.54 1.48 1.42 1.37 1.33 1.30 1.27 1.24 1.22 1.19 1.15 1.11 1.07 1.02 0.96 0.90 0.84 0.77 0.71 0.64 0.57
13.63 13.48 13.33 13.17 13.00 12.82 12.64 12.46 12.27 12.07 11.87 11.67 11.47 11.25 11.03 10.78 10.52 10.25 9.97 9.68 9.37 9.08 8.78 8.50 8.23 7.96 7.70 7.44 7.20 6.95 6.71 6.48 6.25 6.02 5.80 5.58 5.37 5.16 4.96 4.76 4.57 4.38 4.19 4.01 3.84 3.67 3.50 3.34 3.19 3.04 2.90 2.76 2.62 2.49 2.37 2.25 2.14 2.03 1.93 1.83 1.74 1.66 1.58 1.50 1.43 1.37 1.32 1.27 1.22 1.18 1.15 1.12 1.09 1.06 1.02 0.97 0.93 0.87 0.81 0.75 0.68 0.62 0.56 0.49
13.32 13.17 13.01 12.85 12.68 12.51 12.32 12.14 11.95 11.75 11.56 11.36 11.15 10.95 10.74 10.51 10.27 10.02 9.75 9.47 9.19 8.90 8.63 8.36 8.10 7.84 7.60 7.35 7.12 6.88 6.65 6.42 6.20 5.98 5.77 5.56 5.35 5.15 4.95 4.76 4.57 4.38 4.20 4.02 3.85 3.68 3.52 3.36 3.21 3.06 2.91 2.77 2.64 2.51 2.38 2.26 2.14 2.03 1.93 1.83 1.73 1.64 1.56 1.48 1.40 1.33 1.27 1.21 1.16 1.11 1.07 1.03 1.00 0.97 0.93 0.88 0.84 0.78 0.73 0.66 0.60 0.54 0.47 0.41
12.99 12.84 12.68 12.52 12.35 12.17 11.99 11.80 11.61 11.42 11.22 11.02 10.82 10.62 10.42 10.21 9.99 9.75 9.50 9.24 8.97 8.71 8.45 8.20 7.95 7.71 7.47 7.24 7.01 6.79 6.57 6.35 6.14 5.93 5.72 5.52 5.32 5.12 4.93 4.74 4.55 4.37 4.19 4.02 3.85 3.69 3.53 3.37 3.22 3.07 2.92 2.78 2.65 2.52 2.39 2.27 2.15 2.04 1.93 1.82 1.72 1.63 1.54 1.45 1.37 1.30 1.23 1.16 1.10 1.05 1.00 0.95 0.91 0.88 0.84 0.80 0.75 0.70 0.64 0.58 0.52 0.46 0.39 0.33
12.64 12.49 12.33 12.16 11.99 11.82 11.63 11.45 11.26 11.06 10.87 10.67 10.47 10.28 10.08 9.88 9.67 9.46 9.23 8.98 8.73 8.48 8.24 8.00 7.77 7.55 7.33 7.11 6.89 6.67 6.46 6.26 6.05 5.85 5.65 5.45 5.26 5.07 4.89 4.70 4.53 4.35 4.18 4.01 3.84 3.68 3.52 3.37 3.22 3.07 2.93 2.79 2.66 2.52 2.40 2.27 2.15 2.04 1.93 1.82 1.72 1.62 1.53 1.44 1.35 1.27 1.20 1.13 1.06 1.00 0.94 0.89 0.84 0.79 0.75 0.71 0.67 0.62 0.56 0.50 0.44 0.38 0.32 0.26
12.27 12.12 11.96 11.79 11.62 11.44 11.26 11.07 10.88 10.69 10.50 10.30 10.11 9.91 9.72 9.52 9.33 9.13 8.92 8.69 8.46 8.23 8.01 7.79 7.57 7.36 7.15 6.94 6.74 6.54 6.34 6.14 5.94 5.75 5.56 5.37 5.19 5.01 4.83 4.66 4.48 4.31 4.15 3.98 3.82 3.67 3.51 3.36 3.21 3.07 2.93 2.79 2.66 2.53 2.40 2.28 2.16 2.04 1.93 1.82 1.72 1.62 1.52 1.43 1.34 1.25 1.17 1.09 1.02 0.95 0.89 0.83 0.77 0.72 0.68 0.63 0.59 0.54 0.48 0.42 0.36 0.30 0.24 0.19
11.89 11.73 11.57 11.40 11.23 11.05 10.87 10.68 10.49 10.30 10.11 9.92 9.72 9.53 9.34 9.15 8.96 8.77 8.58 8.37 8.16 7.95 7.74 7.54 7.34 7.14 6.95 6.75 6.56 6.37 6.18 6.00 5.81 5.63 5.45 5.27 5.10 4.93 4.76 4.59 4.42 4.26 4.10 3.94 3.79 3.64 3.49 3.34 3.20 3.06 2.92 2.79 2.65 2.53 2.40 2.28 2.16 2.04 1.93 1.82 1.71 1.61 1.51 1.42 1.33 1.24 1.15 1.07 0.99 0.92 0.85 0.78 0.72 0.66 0.61 0.56 0.51 0.46 0.41 0.35 0.29 0.23 0.18 0.12
11.48 11.32 11.16 10.99 10.81 10.64 10.45 10.27 10.08 9.89 9.70 9.51 9.32 9.13 8.94 8.75 8.57 8.38 8.20 8.02 7.83 7.64 7.45 7.26 7.08 6.90 6.71 6.53 6.36 6.18 6.00 5.83 5.66 5.49 5.32 5.15 4.99 4.82 4.66 4.50 4.35 4.19 4.04 3.89 3.74 3.60 3.45 3.31 3.17 3.04 2.90 2.77 2.64 2.52 2.39 2.27 2.16 2.04 1.93 1.82 1.71 1.61 1.51 1.41 1.32 1.23 1.14 1.05 0.97 0.89 0.82 0.75 0.68 0.61 0.55 0.50 0.44 0.39 0.34 0.28 0.22 0.17 0.12 0.07
11.05 10.89 10.72 10.56 10.38 10.20 10.02 9.84 9.65 9.47 9.28 9.09 8.90 8.71 8.53 8.34 8.16 7.98 7.81 7.64 7.47 7.29 7.12 6.95 6.79 6.62 6.45 6.29 6.12 5.96 5.80 5.64 5.48 5.32 5.16 5.01 4.85 4.70 4.55 4.40 4.25 4.11 3.96 3.82 3.68 3.54 3.40 3.27 3.14 3.01 2.88 2.75 2.62 2.50 2.38 2.26 2.15 2.03 1.92 1.81 1.71 1.60 1.50 1.41 1.31 1.22 1.13 1.04 0.95 0.87 0.79 0.72 0.64 0.57 0.51 0.44 0.38 0.33 0.27 0.22 0.16 0.11 0.06 0.01
10.60 10.44 10.28 10.11 9.93 9.76 9.57 9.39 9.21 9.02 8.83 8.65 8.46 8.28 8.10 7.92 7.74 7.56 7.39 7.23 7.07 6.92 6.77 6.61 6.46 6.31 6.16 6.01 5.86 5.71 5.57 5.42 5.27 5.13 4.98 4.84 4.70 4.56 4.42 4.28 4.14 4.00 3.87 3.74 3.60 3.47 3.34 3.21 3.09 2.96 2.84 2.72 2.60 2.48 2.36 2.25 2.13 2.02 1.91 1.81 1.70 1.60 1.50 1.40 1.30 1.21 1.12 1.03 0.94 0.86 0.77 0.69 0.62 0.54 0.47 0.40 0.33 0.27 0.21 0.15 0.10 0.05 0.01 0.00
10.16 10.00 9.83 9.66 9.48 9.31 9.12 8.94 8.76 8.57 8.39 8.20 8.02 7.84 7.66 7.48 7.31 7.14 6.97 6.81 6.66 6.52 6.39 6.26 6.12 5.99 5.85 5.72 5.59 5.45 5.32 5.19 5.06 4.92 4.79 4.66 4.53 4.40 4.27 4.14 4.02 3.89 3.77 3.64 3.52 3.39 3.27 3.15 3.03 2.91 2.79 2.68 2.56 2.45 2.34 2.22 2.12 2.01 1.90 1.80 1.69 1.59 1.49 1.39 1.29 1.20 1.11 1.02 0.93 0.84 0.75 0.67 0.59 0.51 0.43 0.36 0.29 0.22 0.15 0.09 0.04 0.00 0.00 0.00
9.72 9.56 9.39 9.21 9.04 8.86 8.67 8.49 8.31 8.12 7.94 7.75 7.57 7.39 7.21 7.04 6.87 6.70 6.54 6.39 6.25 6.12 6.00 5.88 5.77 5.65 5.53 5.41 5.30 5.18 5.06 4.94 4.83 4.71 4.59 4.47 4.35 4.24 4.12 4.00 3.88 3.77 3.65 3.54 3.42 3.31 3.19 3.08 2.97 2.85 2.74 2.63 2.52 2.41 2.31 2.20 2.09 1.99 1.88 1.78 1.68 1.58 1.48 1.38 1.28 1.19 1.10 1.00 0.91 0.82 0.74 0.65 0.56 0.48 0.40 0.32 0.24 0.17 0.10 0.03 0.00 0.00 0.00 0.00
9.29 9.12 8.95 8.77 8.59 8.41 8.22 8.04 7.85 7.67 7.48 7.30 7.11 6.93 6.76 6.58 6.41 6.25 6.10 5.96 5.83 5.71 5.60 5.50 5.40 5.30 5.20 5.10 4.99 4.89 4.79 4.69 4.58 4.48 4.38 4.27 4.17 4.06 3.95 3.85 3.74 3.64 3.53 3.42 3.32 3.21 3.11 3.00 2.90 2.79 2.69 2.58 2.48 2.37 2.27 2.17 2.07 1.96 1.86 1.76 1.66 1.56 1.47 1.37 1.27 1.18 1.08 0.99 0.90 0.81 0.72 0.63 0.54 0.45 0.37 0.28 0.20 0.12 0.05 0.00 0.00 0.00 0.00 0.00
