data_output/RCH/Precip_1993_04.asc
ncols        168
nrows        136
xllcorner    455000
yllcorner    2107000
cellsize     500
NODATA_value     -99999
[rows 0 to 34 of 136, columns 79 to 157 of 168]
0.00 0.00 0.00 0.00 0.00 0.00 0.00 0.00 0.00 0.00 0.00 0.00 0.00 0.00 0.00 0.00 0.00 0.00 0.00 0.00 0.00 0.00 0.00 0.00 0.00 0.00 0.00 0.00 0.00 0.00 0.00 0.00 0.00 0.00 0.00 0.34 1.05 1.75 2.45 3.16 3.86 4.56 5.26 5.96 6.65 7.34 8.02 8.70 9.37 10.04 10.70 11.35 11.99 12.62 13.25 13.86 14.47 15.06 15.64 16.21 16.76 17.30 17.83 18.34 18.84 19.32 19.78 20.23 20.66 21.07 21.46 21.83 22.13 22.35 22.49 22.55 22.54 22.45 22.30
0.00 0.00 0.00 0.00 0.00 0.00 0.00 0.00 0.00 0.00 0.00 0.00 0.00 0.00 0.00 0.00 0.00 0.00 0.00 0.00 0.00 0.00 0.00 0.00 0.00 0.00 0.00 0.00 0.00 0.00 0.00 0.00 0.00 0.00 0.19 0.88 1.56 2.24 2.93 3.61 4.30 4.98 5.66 6.34 7.01 7.68 8.35 9.01 9.66 10.31 10.96 11.59 12.22 12.84 13.45 14.05 14.63 15.21 15.78 16.33 16.88 17.40 17.92 18.42 18.90 19.37 19.82 20.26 20.68 21.08 21.46 21.82 22.16 22.43 22.62 22.73 22.77 22.74 22.63
0.00 0.00 0.00 0.00 0.00 0.00 0.00 0.00 0.00 0.00 0.00 0.00 0.00 0.00 0.00 0.00 0.00 0.00 0.00 0.00 0.00 0.00 0.00 0.00 0.00 0.00 0.00 0.00 0.00 0.00 0.00 0.00 0.00 0.13 0.79 1.45 2.12 2.78 3.45 4.12 4.78 5.45 6.11 6.77 7.43 8.08 8.73 9.38 10.02 10.65 11.28 11.90 12.51 13.11 13.71 14.30 14.87 15.44 15.99 16.53 17.06 17.58 18.08 18.57 19.04 19.50 19.94 20.37 20.78 21.17 21.54 21.89 22.22 22.53 22.78 22.94 23.03 23.05 22.99
0.00 0.00 0.00 0.00 0.00 0.00 0.00 0.00 0.00 0.00 0.00 0.00 0.00 0.00 0.00 0.00 0.00 0.00 0.00 0.00 0.00 0.00 0.00 0.00 0.00 0.00 0.00 0.00 0.00 0.00 0.00 0.00 0.15 0.79 1.43 2.07 2.72 3.37 4.02 4.67 5.32 5.96 6.61 7.25 7.90 8.54 9.17 9.80 10.43 11.05 11.66 12.27 12.86 13.46 14.04 14.61 15.18 15.73 16.27 16.80 17.32 17.83 18.32 18.80 19.26 19.71 20.14 20.56 20.96 21.34 21.70 22.05 22.37 22.68 22.96 23.18 23.32 23.38 23.38
0.00 0.00 0.00 0.00 0.00 0.00 0.00 0.00 0.00 0.00 0.00 0.00 0.00 0.00 0.00 0.00 0.00 0.00 0.00 0.00 0.00 0.00 0.00 0.00 0.00 0.00 0.00 0.00 0.00 0.00 0.00 0.24 0.86 1.48 2.11 2.73 3.36 4.00 4.63 5.26 5.90 6.53 7.16 7.79 8.42 9.04 9.66 10.28 10.89 11.50 12.10 12.69 13.28 13.86 14.43 14.99 15.55 16.09 16.62 17.14 17.65 18.14 18.63 19.10 19.55 19.99 20.42 20.82 21.22 21.59 21.95 22.29 22.61 22.90 23.18 23.44 23.63 23.75 23.79
0.00 0.00 0.00 0.00 0.00 0.00 0.00 0.00 0.00 0.00 0.00 0.00 0.00 0.00 0.00 0.00 0.00 0.00 0.00 0.00 0.00 0.00 0.00 0.00 0.00 0.00 0.00 0.00 0.00 0.00 0.41 1.01 1.61 2.21 2.82 3.43 4.05 4.66 5.28 5.90 6.52 7.14 7.76 8.37 8.99 9.60 10.21 10.81 11.41 12.01 12.60 13.18 13.76 14.33 14.89 15.44 15.98 16.51 17.04 17.55 18.05 18.53 19.01 19.47 19.92 20.35 20.77 21.17 21.56 21.92 22.28 22.61 22.92 23.22 23.49 23.75 23.97 24.14 24.24
0.00 0.00 0.00 0.00 0.00 0.00 0.00 0.00 0.00 0.00 0.00 0.00 0.00 0.00 0.00 0.00 0.00 0.00 0.00 0.00 0.00 0.00 0.00 0.00 0.00 0.00 0.00 0.00 0.09 0.66 1.23 1.81 2.39 2.98 3.58 4.17 4.77 5.38 5.98 6.59 7.19 7.80 8.40 9.01 9.61 10.21 10.81 11.40 11.99 12.57 13.15 13.73 14.29 14.85 15.40 15.95 16.48 17.00 17.52 18.02 18.51 19.00 19.46 19.92 20.36 20.79 21.20 21.59 21.97 22.34 22.68 23.01 23.32 23.61 23.88 24.13 24.36 24.57 24.71
0.00 0.00 0.00 0.00 0.00 0.00 0.00 0.00 0.00 0.00 0.00 0.00 0.00 0.00 0.00 0.00 0.00 0.00 0.00 0.00 0.00 0.00 0.00 0.00 0.00 0.00 0.00 0.42 0.97 1.52 2.08 2.64 3.21 3.79 4.37 4.95 5.54 6.13 6.72 7.31 7.91 8.50 9.09 9.69 10.28 10.87 11.46 12.04 12.62 13.19 13.76 14.33 14.88 15.44 15.98 16.51 17.04 17.56 18.07 18.56 19.05 19.52 19.99 20.44 20.87 21.29 21.70 22.09 22.47 22.83 23.17 23.50 23.80 24.09 24.36 24.61 24.84 25.05 25.22
0.00 0.00 0.00 0.00 0.00 0.00 0.00 0.00 0.00 0.00 0.00 0.00 0.00 0.00 0.00 0.00 0.00 0.00 0.00 0.00 0.00 0.00 0.00 0.00 0.00 0.31 0.82 1.34 1.87 2.41 2.95 3.51 4.06 4.63 5.19 5.77 6.34 6.92 7.50 8.08 8.66 9.25 9.83 10.41 11.00 11.58 12.15 12.73 13.30 13.87 14.43 14.99 15.54 16.08 16.62 17.15 17.67 18.18 18.68 19.17 19.65 20.12 20.58 21.02 21.46 21.87 22.28 22.67 23.04 23.40 23.74 24.06 24.37 24.65 24.92 25.17 25.40 25.60 25.79
0.00 0.00 0.00 0.00 0.00 0.00 0.00 0.00 0.00 0.00 0.00 0.00 0.00 0.00 0.00 0.00 0.00 0.00 0.00 0.00 0.00 0.00 0.00 0.31 0.79 1.28 1.78 2.29 2.80 3.33 3.86 4.40 4.95 5.50 6.06 6.62 7.18 7.75 8.32 8.89 9.46 10.04 10.61 11.19 11.76 12.33 12.90 13.47 14.03 14.59 15.15 15.70 16.24 16.78 17.31 17.84 18.35 18.86 19.36 19.84 20.32 20.79 21.24 21.68 22.11 22.53 22.93 23.32 23.69 24.04 24.38 24.71 25.01 25.30 25.57 25.81 26.04 26.25 26.44
0.00 0.00 0.00 0.00 0.00 0.00 0.00 0.00 0.00 0.00 0.00 0.00 0.00 0.00 0.00 0.00 0.00 0.00 0.00 0.00 0.00 0.42 0.87 1.33 1.80 2.28 2.76 3.26 3.76 4.28 4.80 5.33 5.86 6.40 6.95 7.50 8.06 8.61 9.18 9.74 10.30 10.87 11.44 12.01 12.57 13.14 13.70 14.26 14.82 15.37 15.92 16.47 17.01 17.54 18.07 18.58 19.10 19.60 20.09 20.58 21.05 21.52 21.97 22.41 22.84 23.25 23.65 24.04 24.41 24.77 25.11 25.43 25.73 26.02 26.29 26.54 26.77 26.98 27.17
0.00 0.00 0.00 0.00 0.00 0.00 0.00 0.00 0.00 0.00 0.00 0.00 0.00 0.00 0.00 0.00 0.00 0.00 0.25 0.65 1.07 1.50 1.93 2.37 2.83 3.29 3.77 4.26 4.75 5.25 5.77 6.28 6.81 7.34 7.88 8.42 8.97 9.52 10.07 10.63 11.19 11.75 12.31 12.87 13.43 13.99 14.54 15.10 15.65 16.20 16.75 17.29 17.82 18.35 18.88 19.39 19.90 20.40 20.89 21.38 21.85 22.31 22.76 23.20 23.63 24.04 24.45 24.83 25.20 25.56 25.90 26.23 26.53 26.82 27.10 27.35 27.58 27.79 27.99
0.00 0.00 0.00 0.00 0.00 0.00 0.00 0.00 0.00 0.00 0.00 0.00 0.00 0.00 0.01 0.32 0.65 1.00 1.38 1.77 2.17 2.58 3.00 3.43 3.88 4.33 4.80 5.28 5.76 6.26 6.76 7.27 7.79 8.31 8.84 9.37 9.91 10.46 11.00 11.55 12.11 12.66 13.21 13.77 14.33 14.88 15.43 15.98 16.53 17.08 17.62 18.16 18.69 19.22 19.74 20.26 20.76 21.26 21.75 22.24 22.71 23.17 23.62 24.06 24.49 24.91 25.31 25.70 26.07 26.43 26.77 27.10 27.41 27.71 27.98 28.24 28.47 28.69 28.89
0.16 0.07 0.00 0.00 0.00 0.00 0.00 0.03 0.12 0.23 0.37 0.54 0.73 0.96 1.21 1.50 1.82 2.16 2.52 2.90 3.28 3.68 4.09 4.51 4.95 5.39 5.85 6.32 6.80 7.28 7.78 8.28 8.79 9.31 9.83 10.36 10.89 11.43 11.97 12.52 13.06 13.61 14.16 14.72 15.27 15.82 16.37 16.92 17.46 18.01 18.55 19.08 19.61 20.14 20.66 21.18 21.68 22.18 22.67 23.16 23.63 24.09 24.55 24.99 25.42 25.84 26.24 26.63 27.01 27.37 27.72 28.05 28.37 28.66 28.94 29.21 29.45 29.67 29.88
1.62 1.51 1.43 1.38 1.34 1.34 1.35 1.39 1.46 1.55 1.68 1.82 2.00 2.20 2.44 2.70 3.00 3.32 3.67 4.03 4.40 4.79 5.19 5.61 6.03 6.47 6.92 7.38 7.85 8.33 8.82 9.32 9.82 10.33 10.85 11.38 11.90 12.44 12.97 13.52 14.06 14.61 15.15 15.70 16.25 16.80 17.35 17.89 18.44 18.98 19.52 20.06 20.59 21.12 21.64 22.15 22.66 23.16 23.65 24.14 24.61 25.08 25.54 25.98 26.41 26.83 27.24 27.64 28.02 28.39 28.74 29.08 29.40 29.70 29.99 30.25 30.50 30.73 30.94
3.10 2.99 2.90 2.83 2.78 2.75 2.75 2.78 2.83 2.90 3.00 3.13 3.29 3.47 3.68 3.92 4.19 4.49 4.82 5.17 5.53 5.91 6.31 6.72 7.14 7.57 8.01 8.46 8.93 9.40 9.89 10.38 10.88 11.38 11.90 12.42 12.94 13.47 14.01 14.55 15.09 15.63 16.18 16.72 17.27 17.82 18.37 18.91 19.46 20.00 20.54 21.08 21.61 22.14 22.66 23.18 23.69 24.19 24.69 25.17 25.65 26.12 26.58 27.03 27.47 27.90 28.31 28.71 29.10 29.47 29.83 30.17 30.50 30.81 31.10 31.38 31.63 31.87 32.09
4.57 4.45 4.34 4.25 4.19 4.15 4.13 4.14 4.17 4.23 4.31 4.41 4.55 4.71 4.90 5.11 5.36 5.63 5.91 6.22 6.58 6.95 7.34 7.74 8.16 8.59 9.02 9.47 9.93 10.41 10.89 11.37 11.87 12.38 12.89 13.40 13.93 14.46 14.99 15.53 16.07 16.61 17.16 17.71 18.25 18.80 19.35 19.90 20.45 20.99 21.53 22.07 22.61 23.14 23.66 24.18 24.70 25.21 25.71 26.20 26.68 27.16 27.62 28.08 28.52 28.96 29.38 29.78 30.18 30.56 30.93 31.28 31.61 31.93 32.23 32.52 32.79 33.04 33.26
5.96 5.82 5.70 5.60 5.52 5.46 5.43 5.42 5.43 5.46 5.53 5.61 5.72 5.86 6.03 6.22 6.44 6.65 6.86 7.10 7.43 7.80 8.18 8.58 8.99 9.42 9.86 10.30 10.76 11.23 11.71 12.20 12.70 13.20 13.71 14.23 14.76 15.29 15.82 16.36 16.90 17.45 18.00 18.55 19.10 19.65 20.21 20.76 21.31 21.86 22.41 22.95 23.49 24.03 24.56 25.09 25.61 26.13 26.63 27.13 27.62 28.11 28.58 29.05 29.50 29.94 30.37 30.79 31.19 31.58 31.96 32.32 32.67 33.00 33.32 33.61 33.89 34.15 34.40
7.26 7.10 6.97 6.85 6.76 6.69 6.64 6.61 6.60 6.62 6.66 6.72 6.81 6.93 7.07 7.24 7.40 7.54 7.67 7.84 8.10 8.44 8.82 9.22 9.64 10.06 10.50 10.95 11.41 11.88 12.36 12.86 13.35 13.86 14.38 14.90 15.43 15.96 16.50 17.05 17.59 18.15 18.70 19.26 19.81 20.37 20.93 21.49 22.05 22.61 23.16 23.72 24.27 24.81 25.35 25.89 26.42 26.94 27.46 27.97 28.48 28.97 29.45 29.93 30.39 30.85 31.29 31.72 32.14 32.54 32.93 33.31 33.67 34.02 34.35 34.66 34.95 35.23 35.49
8.47 8.30 8.16 8.03 7.92 7.83 7.76 7.71 7.69 7.69 7.71 7.75 7.82 7.91 8.03 8.14 8.23 8.30 8.35 8.44 8.63 8.92 9.28 9.68 10.09 10.52 10.96 11.42 11.88 12.36 12.85 13.34 13.85 14.36 14.88 15.41 15.95 16.49 17.04 17.59 18.14 18.70 19.27 19.83 20.40 20.97 21.53 22.10 22.67 23.24 23.81 24.37 24.93 25.49 26.04 26.59 27.13 27.67 28.20 28.72 29.24 29.75 30.25 30.74 31.22 31.69 32.14 32.59 33.02 33.44 33.85 34.24 34.62 34.99 35.33 35.66 35.97 36.27 36.55
9.60 9.42 9.26 9.12 8.99 8.89 8.80 8.74 8.69 8.67 8.67 8.70 8.74 8.81 8.88 8.92 8.93 8.92 8.89 8.92 9.04 9.26 9.57 9.95 10.37 10.81 11.26 11.72 12.19 12.67 13.17 13.67 14.18 14.71 15.24 15.78 16.32 16.87 17.43 17.99 18.56 19.13 19.70 20.28 20.86 21.44 22.02 22.60 23.18 23.76 24.34 24.92 25.49 26.07 26.63 27.20 27.76 28.31 28.86 29.40 29.93 30.45 30.97 31.48 31.97 32.46 32.94 33.40 33.85 34.29 34.72 35.13 35.53 35.91 36.28 36.63 36.96 37.28 37.58
10.65 10.46 10.28 10.13 9.98 9.86 9.76 9.68 9.62 9.58 9.56 9.56 9.58 9.60 9.60 9.56 9.50 9.42 9.32 9.27 9.33 9.49 9.74 10.07 10.48 10.92 11.38 11.85 12.33 12.83 13.33 13.85 14.37 14.90 15.45 16.00 16.55 17.12 17.69 18.26 18.84 19.43 20.01 20.61 21.20 21.79 22.39 22.99 23.59 24.18 24.78 25.37 25.96 26.55 27.14 27.72 28.30 28.87 29.43 29.99 30.54 31.09 31.62 32.15 32.67 33.17 33.67 34.16 34.63 35.09 35.54 35.98 36.40 36.80 37.19 37.57 37.92 38.26 38.59
11.62 11.42 11.23 11.05 10.90 10.76 10.64 10.54 10.46 10.40 10.36 10.34 10.32 10.26 10.19 10.08 9.95 9.80 9.62 9.51 9.50 9.60 9.79 10.07 10.44 10.87 11.34 11.82 12.32 12.82 13.34 13.87 14.41 14.96 15.52 16.08 16.65 17.23 17.82 18.41 19.01 19.61 20.21 20.82 21.43 22.04 22.66 23.27 23.89 24.51 25.12 25.73 26.35 26.95 27.56 28.16 28.76 29.35 29.94 30.52 31.09 31.66 32.22 32.77 33.31 33.84 34.36 34.87 35.37 35.85 36.32 36.78 37.23 37.66 38.08 38.48 38.86 39.23 39.58
12.52 12.30 12.09 11.91 11.73 11.58 11.45 11.33 11.23 11.15 11.09 11.02 10.93 10.80 10.65 10.48 10.28 10.05 9.81 9.63 9.56 9.60 9.74 9.97 10.29 10.68 11.15 11.64 12.15 12.68 13.21 13.76 14.31 14.88 15.45 16.03 16.63 17.22 17.83 18.44 19.05 19.67 20.30 20.93 21.56 22.19 22.83 23.46 24.10 24.74 25.37 26.01 26.64 27.28 27.90 28.53 29.15 29.77 30.38 30.98 31.58 32.17 32.76 33.33 33.90 34.46 35.00 35.54 36.06 36.58 37.08 37.57 38.04 38.50 38.94 39.37 39.79 40.18 40.56
13.33 13.10 12.88 12.68 12.49 12.33 12.17 12.04 11.92 11.82 11.71 11.58 11.41 11.22 11.00 10.76 10.49 10.20 9.89 9.64 9.51 9.49 9.58 9.76 10.03 10.39 10.82 11.32 11.85 12.39 12.94 13.51 14.08 14.67 15.26 15.87 16.48 17.09 17.72 18.35 18.99 19.63 20.28 20.93 21.58 22.24 22.90 23.56 24.22 24.88 25.55 26.21 26.87 27.52 28.18 28.83 29.48 30.12 30.76 31.39 32.02 32.64 33.25 33.85 34.45 35.03 35.61 36.18 36.73 37.27 37.80 38.32 38.83 39.32 39.80 40.26 40.70 41.13 41.54
14.07 13.83 13.60 13.38 13.18 13.00 12.83 12.67 12.54 12.39 12.22 12.01 11.78 11.52 11.24 10.93 10.59 10.23 9.86 9.55 9.36 9.28 9.32 9.45 9.69 10.00 10.40 10.87 11.40 11.97 12.54 13.13 13.73 14.33 14.95 15.58 16.21 16.85 17.50 18.16 18.82 19.49 20.16 20.84 21.52 22.20 22.89 23.58 24.26 24.95 25.64 26.33 27.02 27.70 28.39 29.07 29.74 30.42 31.08 31.75 32.40 33.05 33.70 34.33 34.96 35.58 36.19 36.78 37.37 37.95 38.51 39.06 39.60 40.13 40.64 41.14 41.62 42.07 42.50
14.75 14.49 14.24 14.01 13.80 13.59 13.41 13.24 13.05 12.84 12.60 12.33 12.04 11.71 11.36 10.98 10.58 10.16 9.72 9.35 9.11 8.98 8.96 9.06 9.25 9.53 9.89 10.33 10.85 11.41 12.01 12.63 13.25 13.88 14.53 15.18 15.84 16.51 17.19 17.87 18.56 19.25 19.95 20.66 21.37 22.08 22.80 23.51 24.23 24.95 25.67 26.39 27.11 27.82 28.54 29.25 29.96 30.66 31.37 32.06 32.75 33.43 34.11 34.78 35.44 36.09 36.74 37.37 37.99 38.61 39.21 39.80 40.37 40.93 41.48 42.01 42.52 43.00 43.45
15.35 15.08 14.82 14.57 14.34 14.12 13.92 13.70 13.46 13.18 12.88 12.54 12.18 11.79 11.38 10.94 10.47 9.99 9.49 9.06 8.76 8.58 8.52 8.57 8.72 8.96 9.30 9.71 10.20 10.76 11.37 12.01 12.66 13.32 13.99 14.67 15.36 16.06 16.77 17.48 18.20 18.93 19.66 20.40 21.14 21.88 22.63 23.38 24.13 24.88 25.63 26.39 27.14 27.89 28.64 29.38 30.13 30.87 31.60 32.34 33.06 33.78 34.50 35.20 35.90 36.59 37.27 37.94 38.60 39.26 39.89 40.52 41.14 41.74 42.33 42.89 43.42 43.92 44.39
15.88 15.59 15.32 15.06 14.82 14.58 14.33 14.06 13.75 13.41 13.04 12.64 12.22 11.77 11.29 10.79 10.27 9.72 9.16 8.68 8.32 8.09 7.99 7.99 8.11 8.32 8.63 9.02 9.48 10.02 10.62 11.28 11.96 12.65 13.36 14.07 14.79 15.52 16.26 17.01 17.76 18.52 19.29 20.06 20.83 21.61 22.39 23.18 23.96 24.75 25.54 26.33 27.12 27.91 28.69 29.48 30.26 31.04 31.81 32.58 33.34 34.10 34.86 35.60 36.34 37.07 37.79 38.51 39.21 39.90 40.58 41.25 41.91 42.55 43.17 43.75 44.31 44.83 45.32
16.34 16.05 15.76 15.49 15.22 14.95 14.64 14.30 13.93 13.53 13.10 12.64 12.16 11.65 11.11 10.55 9.97 9.36 8.75 8.20 7.80 7.52 7.37 7.34 7.42 7.60 7.88 8.25 8.70 9.22 9.81 10.46 11.16 11.89 12.62 13.37 14.13 14.90 15.67 16.45 17.24 18.04 18.84 19.65 20.46 21.27 22.09 22.92 23.74 24.57 25.40 26.22 27.05 27.88 28.71 29.53 30.35 31.17 31.99 32.80 33.60 34.41 35.20 35.99 36.77 37.54 38.31 39.07 39.81 40.55 41.27 41.99 42.69 43.36 44.00 44.61 45.18 45.72 46.23
16.74 16.43 16.14 15.85 15.54 15.21 14.84 14.44 14.01 13.55 13.06 12.54 12.00 11.43 10.83 10.22 9.58 8.92 8.24 7.65 7.19 6.87 6.68 6.61 6.65 6.81 7.06 7.41 7.84 8.35 8.93 9.58 10.28 11.03 11.80 12.59 13.38 14.19 15.00 15.82 16.65 17.48 18.33 19.17 20.02 20.88 21.74 22.60 23.47 24.34 25.21 26.08 26.95 27.82 28.69 29.55 30.42 31.28 32.14 33.00 33.85 34.69 35.53 36.37 37.19 38.01 38.83 39.63 40.42 41.20 41.98 42.74 43.47 44.17 44.83 45.45 46.04 46.60 47.13
17.08 16.76 16.45 16.12 15.76 15.36 14.94 14.48 13.99 13.47 12.92 12.35 11.75 11.12 10.47 9.80 9.10 8.39 7.66 7.01 6.51 6.14 5.91 5.81 5.82 5.95 6.17 6.50 6.92 7.42 7.99 8.64 9.34 10.10 10.90 11.72 12.56 13.40 14.26 15.12 15.99 16.87 17.75 18.64 19.53 20.43 21.34 22.24 23.15 24.06 24.98 25.89 26.81 27.72 28.64 29.55 30.46 31.37 32.28 33.18 34.08 34.97 35.86 36.74 37.62 38.49 39.35 40.20 41.04 41.88 42.70 43.49 44.25 44.96 45.64 46.28 46.89 47.46 48.01
17.36 17.02 16.67 16.29 15.87 15.42 14.93 14.42 13.87 13.29 12.69 12.06 11.40 10.72 10.02 9.29 8.54 7.78 7.00 6.30 5.75 5.34 5.07 4.93 4.92 5.02 5.23 5.54 5.94 6.43 7.00 7.64 8.35 9.11 9.93 10.78 11.66 12.55 13.45 14.36 15.27 16.19 17.12 18.05 18.99 19.94 20.89 21.84 22.80 23.76 24.72 25.68 26.64 27.61 28.57 29.53 30.49 31.45 32.41 33.36 34.31 35.25 36.19 37.12 38.05 38.97 39.88 40.79 41.68 42.57 43.42 44.24 45.01 45.74 46.44 47.10 47.72 48.32 48.88
17.57 17.20 16.80 16.35 15.88 15.37 14.83 14.26 13.66 13.03 12.37 11.69 10.98 10.25 9.49 8.71 7.91 7.09 6.26 5.51 4.92 4.48 4.17 4.00 3.96 4.03 4.22 4.52 4.91 5.39 5.96 6.60 7.31 8.08 8.91 9.79 10.70 11.64 12.58 13.53 14.50 15.46 16.44 17.42 18.41 19.41 20.40 21.41 22.41 23.42 24.43 25.45 26.46 27.47 28.49 29.50 30.51 31.53 32.53 33.54 34.54 35.54 36.53 37.52 38.50 39.47 40.44 41.40 42.35 43.27 44.14 44.97 45.76 46.51 47.23 47.90 48.55 49.16 49.74
17.71 17.28 16.82 16.33 15.80 15.24 14.64 14.02 13.36 12.68 11.97 11.24 10.48 9.69 8.88 8.06 7.21 6.34 5.46 4.67 4.03 3.55 3.21 3.01 2.94 2.99 3.16 3.44 3.82 4.30 4.87 5.51 6.23 7.01 7.86 8.75 9.69 10.67 11.66 12.66 13.67 14.69 15.72 16.75 17.79 18.84 19.89 20.94 22.00 23.06 24.13 25.19 26.26 27.33 28.40 29.47 30.53 31.60 32.66 33.72 34.78 35.83 36.88 37.92 38.96 39.99 41.02 42.03 43.02 43.96 44.85 45.70 46.51 47.27 48.00 48.70 49.35 49.98 50.58
