data_output/RCH/Precip_1993_10.asc
ncols        168
nrows        136
xllcorner    455000
yllcorner    2107000
cellsize     500
NODATA_value     -99999
[rows 0 to 33 of 136, columns 77 to 153 of 168]
0.00 0.00 0.00 0.00 0.00 0.00 0.00 0.00 0.00 0.00 0.00 0.14 0.31 0.48 0.64 0.78 0.92 1.04 1.15 1.24 1.32 1.38 1.42 1.45 1.47 1.48 1.48 1.46 1.43 1.40 1.36 1.33 1.30 1.27 1.25 1.22 1.19 1.15 1.10 1.03 0.95 0.86 0.76 0.66 0.54 0.41 0.28 0.13 0.00 0.00 0.00 0.00 0.00 0.00 0.00 0.00 0.00 0.00 0.00 0.00 0.00 0.00 0.00 0.00 0.00 0.00 0.00 0.00 0.00 0.00 0.00 0.00 0.00 0.00 0.00 0.00 0.00
0.00 0.00 0.00 0.00 0.00 0.00 0.00 0.00 0.00 0.00 0.19 0.38 0.55 0.72 0.88 1.04 1.18 1.30 1.42 1.52 1.60 1.67 1.72 1.75 1.77 1.78 1.77 1.75 1.72 1.68 1.64 1.61 1.57 1.54 1.51 1.48 1.43 1.37 1.30 1.21 1.12 1.02 0.90 0.78 0.65 0.51 0.37 0.21 0.05 0.00 0.00 0.00 0.00 0.00 0.00 0.00 0.00 0.00 0.00 0.00 0.00 0.00 0.00 0.00 0.00 0.00 0.00 0.00 0.00 0.00 0.00 0.00 0.00 0.00 0.00 0.00 0.00
0.00 0.00 0.00 0.00 0.00 0.00 0.00 0.00 0.06 0.26 0.45 0.64 0.82 0.99 1.15 1.31 1.45 1.58 1.70 1.81 1.90 1.97 2.03 2.07 2.09 2.09 2.09 2.07 2.03 1.99 1.94 1.90 1.87 1.83 1.79 1.74 1.67 1.59 1.51 1.41 1.30 1.18 1.05 0.92 0.78 0.63 0.47 0.31 0.14 0.00 0.00 0.00 0.00 0.00 0.00 0.00 0.00 0.00 0.00 0.00 0.00 0.00 0.00 0.00 0.00 0.00 0.00 0.00 0.00 0.00 0.00 0.00 0.00 0.00 0.00 0.00 0.00
0.00 0.00 0.00 0.00 0.00 0.00 0.00 0.15 0.35 0.55 0.74 0.92 1.11 1.28 1.45 1.60 1.75 1.89 2.01 2.12 2.21 2.29 2.35 2.40 2.42 2.43 2.42 2.40 2.36 2.31 2.26 2.22 2.18 2.13 2.07 2.00 1.92 1.82 1.72 1.61 1.49 1.36 1.22 1.07 0.92 0.76 0.59 0.42 0.25 0.07 0.00 0.00 0.00 0.00 0.00 0.00 0.00 0.00 0.00 0.00 0.00 0.00 0.00 0.00 0.00 0.00 0.00 0.00 0.00 0.00 0.00 0.00 0.00 0.00 0.00 0.00 0.00
0.00 0.00 0.00 0.00 0.00 0.08 0.28 0.47 0.67 0.86 1.05 1.24 1.42 1.60 1.76 1.92 2.07 2.21 2.33 2.45 2.54 2.63 2.69 2.74 2.77 2.78 2.77 2.74 2.70 2.65 2.60 2.55 2.50 2.43 2.36 2.27 2.17 2.06 1.95 1.82 1.68 1.54 1.39 1.24 1.07 0.90 0.73 0.55 0.37 0.19 0.00 0.00 0.00 0.00 0.00 0.00 0.00 0.00 0.00 0.00 0.00 0.00 0.00 0.00 0.00 0.00 0.00 0.00 0.00 0.00 0.00 0.00 0.00 0.00 0.00 0.00 0.00
0.00 0.00 0.00 0.06 0.25 0.44 0.64 0.83 1.02 1.21 1.40 1.59 1.77 1.94 2.11 2.27 2.42 2.55 2.68 2.79 2.89 2.98 3.05 3.10 3.13 3.15 3.14 3.11 3.07 3.01 2.96 2.90 2.83 2.74 2.65 2.55 2.43 2.31 2.18 2.04 1.89 1.74 1.58 1.42 1.24 1.07 0.89 0.70 0.52 0.33 0.13 0.00 0.00 0.00 0.00 0.00 0.00 0.00 0.00 0.00 0.00 0.00 0.00 0.00 0.00 0.00 0.00 0.00 0.00 0.00 0.00 0.00 0.00 0.00 0.00 0.00 0.00
0.00 0.12 0.29 0.47 0.66 0.84 1.03 1.22 1.41 1.60 1.79 1.97 2.14 2.32 2.48 2.64 2.79 2.92 3.05 3.16 3.26 3.35 3.42 3.47 3.51 3.52 3.52 3.49 3.45 3.39 3.32 3.25 3.16 3.06 2.95 2.83 2.71 2.57 2.43 2.28 2.12 1.96 1.79 1.61 1.43 1.25 1.06 0.87 0.68 0.49 0.29 0.10 0.00 0.00 0.00 0.00 0.00 0.00 0.00 0.00 0.00 0.00 0.00 0.00 0.00 0.00 0.00 0.00 0.00 0.00 0.00 0.00 0.00 0.00 0.00 0.00 0.00
0.43 0.59 0.75 0.93 1.10 1.28 1.47 1.65 1.83 2.02 2.20 2.38 2.55 2.72 2.88 3.03 3.18 3.31 3.44 3.55 3.65 3.74 3.81 3.86 3.90 3.92 3.91 3.89 3.84 3.77 3.69 3.60 3.49 3.38 3.26 3.13 2.99 2.84 2.68 2.52 2.36 2.18 2.01 1.82 1.64 1.45 1.26 1.06 0.87 0.67 0.48 0.28 0.08 0.00 0.00 0.00 0.00 0.00 0.00 0.00 0.00 0.00 0.00 0.00 0.00 0.00 0.00 0.00 0.00 0.00 0.00 0.00 0.00 0.00 0.00 0.00 0.00
0.92 1.07 1.23 1.39 1.56 1.73 1.91 2.09 2.27 2.44 2.62 2.79 2.96 3.13 3.29 3.44 3.58 3.71 3.84 3.95 4.05 4.13 4.20 4.26 4.29 4.31 4.31 4.29 4.23 4.15 4.05 3.94 3.82 3.69 3.56 3.41 3.26 3.10 2.94 2.76 2.59 2.41 2.22 2.03 1.84 1.65 1.45 1.25 1.06 0.86 0.66 0.46 0.27 0.07 0.00 0.00 0.00 0.00 0.00 0.00 0.00 0.00 0.00 0.00 0.00 0.00 0.00 0.00 0.00 0.00 0.00 0.00 0.00 0.00 0.00 0.00 0.00
1.40 1.55 1.70 1.85 2.02 2.18 2.35 2.52 2.70 2.87 3.04 3.21 3.37 3.53 3.69 3.84 3.98 4.11 4.23 4.34 4.44 4.52 4.59 4.65 4.68 4.70 4.70 4.67 4.61 4.51 4.39 4.27 4.13 3.99 3.84 3.68 3.52 3.35 3.17 2.99 2.81 2.62 2.43 2.23 2.03 1.84 1.64 1.44 1.23 1.03 0.84 0.64 0.44 0.25 0.06 0.00 0.00 0.00 0.00 0.00 0.00 0.00 0.00 0.00 0.00 0.00 0.00 0.00 0.00 0.00 0.00 0.00 0.00 0.00 0.00 0.00 0.00
1.89 2.02 2.17 2.31 2.47 2.63 2.79 2.96 3.12 3.29 3.46 3.62 3.78 3.94 4.09 4.24 4.37 4.50 4.62 4.73 4.83 4.91 4.98 5.04 5.07 5.09 5.09 5.04 4.96 4.84 4.71 4.57 4.43 4.27 4.11 3.94 3.76 3.58 3.40 3.21 3.01 2.82 2.62 2.42 2.22 2.01 1.81 1.61 1.40 1.20 1.00 0.81 0.61 0.42 0.24 0.06 0.00 0.00 0.00 0.00 0.00 0.00 0.00 0.00 0.00 0.00 0.00 0.00 0.00 0.00 0.00 0.00 0.00 0.00 0.00 0.00 0.00
2.37 2.50 2.63 2.77 2.92 3.07 3.23 3.39 3.55 3.71 3.87 4.03 4.19 4.34 4.49 4.63 4.77 4.90 5.01 5.12 5.22 5.30 5.37 5.42 5.46 5.47 5.45 5.39 5.29 5.16 5.02 4.87 4.70 4.53 4.36 4.18 3.99 3.80 3.61 3.41 3.21 3.01 2.80 2.59 2.39 2.18 1.98 1.77 1.57 1.36 1.17 0.97 0.78 0.59 0.41 0.23 0.06 0.00 0.00 0.00 0.00 0.00 0.00 0.00 0.00 0.00 0.00 0.00 0.00 0.00 0.00 0.00 0.00 0.00 0.00 0.00 0.00
2.85 2.97 3.09 3.23 3.37 3.51 3.66 3.82 3.97 4.13 4.28 4.44 4.59 4.74 4.89 5.03 5.16 5.28 5.40 5.51 5.60 5.68 5.75 5.81 5.84 5.83 5.80 5.72 5.61 5.46 5.31 5.14 4.96 4.78 4.60 4.40 4.21 4.01 3.80 3.60 3.39 3.18 2.97 2.76 2.55 2.34 2.13 1.92 1.72 1.52 1.32 1.13 0.94 0.75 0.57 0.40 0.23 0.07 0.00 0.00 0.00 0.00 0.00 0.00 0.00 0.00 0.00 0.00 0.00 0.00 0.00 0.00 0.00 0.00 0.00 0.00 0.00
3.33 3.44 3.55 3.68 3.81 3.95 4.09 4.24 4.39 4.54 4.69 4.84 4.99 5.14 5.28 5.42 5.55 5.67 5.78 5.89 5.98 6.06 6.13 6.18 6.19 6.18 6.12 6.04 5.91 5.75 5.58 5.40 5.21 5.02 4.82 4.61 4.41 4.20 3.99 3.78 3.56 3.35 3.13 2.92 2.70 2.49 2.28 2.07 1.86 1.66 1.47 1.27 1.09 0.91 0.73 0.56 0.40 0.25 0.11 0.00 0.00 0.00 0.00 0.00 0.00 0.00 0.00 0.00 0.00 0.00 0.00 0.00 0.00 0.00 0.00 0.00 0.00
3.80 3.90 4.01 4.13 4.25 4.38 4.52 4.66 4.81 4.95 5.10 5.24 5.39 5.53 5.67 5.80 5.93 6.05 6.16 6.27 6.36 6.44 6.50 6.53 6.53 6.50 6.43 6.33 6.19 6.02 5.84 5.64 5.44 5.24 5.03 4.81 4.60 4.38 4.16 3.94 3.72 3.50 3.28 3.06 2.84 2.63 2.42 2.21 2.00 1.80 1.61 1.42 1.23 1.06 0.89 0.72 0.57 0.42 0.29 0.16 0.05 0.00 0.00 0.00 0.00 0.00 0.00 0.00 0.00 0.00 0.00 0.00 0.00 0.00 0.00 0.00 0.08
4.27 4.36 4.46 4.57 4.69 4.81 4.94 5.08 5.22 5.36 5.50 5.64 5.78 5.92 6.05 6.19 6.31 6.43 6.54 6.64 6.73 6.81 6.85 6.87 6.85 6.81 6.73 6.61 6.46 6.27 6.08 5.87 5.66 5.44 5.22 5.00 4.77 4.54 4.32 4.09 3.87 3.64 3.42 3.19 2.97 2.76 2.55 2.34 2.13 1.93 1.74 1.55 1.37 1.20 1.04 0.88 0.73 0.59 0.47 0.35 0.25 0.15 0.07 0.00 0.00 0.00 0.00 0.00 0.00 0.00 0.00 0.00 0.06 0.15 0.26 0.39 0.54
4.73 4.82 4.91 5.01 5.12 5.24 5.36 5.49 5.62 5.76 5.90 6.03 6.17 6.30 6.44 6.56 6.69 6.80 6.91 7.01 7.09 7.15 7.18 7.19 7.16 7.10 7.01 6.88 6.71 6.51 6.31 6.09 5.87 5.64 5.40 5.17 4.93 4.70 4.46 4.23 4.00 3.77 3.54 3.32 3.10 2.88 2.67 2.46 2.25 2.06 1.87 1.68 1.51 1.34 1.18 1.03 0.89 0.76 0.64 0.54 0.44 0.36 0.29 0.24 0.19 0.17 0.16 0.16 0.18 0.22 0.28 0.35 0.45 0.56 0.69 0.84 1.01
5.19 5.27 5.35 5.45 5.55 5.66 5.78 5.90 6.03 6.16 6.29 6.42 6.55 6.69 6.81 6.94 7.06 7.17 7.28 7.37 7.44 7.48 7.50 7.49 7.45 7.38 7.27 7.13 6.95 6.74 6.52 6.29 6.06 5.82 5.58 5.33 5.09 4.84 4.60 4.36 4.12 3.89 3.66 3.43 3.21 2.99 2.78 2.57 2.37 2.17 1.99 1.81 1.64 1.47 1.32 1.18 1.05 0.93 0.82 0.72 0.64 0.57 0.51 0.47 0.44 0.43 0.43 0.46 0.50 0.55 0.63 0.72 0.83 0.97 1.12 1.29 1.49
5.65 5.72 5.79 5.88 5.98 6.08 6.19 6.31 6.43 6.55 6.68 6.81 6.93 7.06 7.19 7.31 7.43 7.54 7.64 7.71 7.77 7.80 7.80 7.78 7.72 7.64 7.52 7.36 7.17 6.95 6.72 6.48 6.24 5.99 5.74 5.48 5.23 4.97 4.72 4.48 4.24 4.00 3.77 3.54 3.31 3.10 2.88 2.68 2.48 2.29 2.10 1.93 1.76 1.60 1.46 1.32 1.20 1.09 0.99 0.90 0.83 0.77 0.73 0.70 0.69 0.69 0.71 0.75 0.81 0.88 0.98 1.09 1.23 1.38 1.56 1.76 1.98
6.10 6.16 6.23 6.31 6.40 6.49 6.60 6.71 6.82 6.94 7.06 7.19 7.31 7.43 7.56 7.67 7.79 7.89 7.98 8.04 8.08 8.10 8.09 8.05 7.98 7.88 7.75 7.59 7.38 7.15 6.91 6.66 6.41 6.15 5.89 5.62 5.36 5.10 4.84 4.59 4.34 4.10 3.86 3.63 3.41 3.19 2.98 2.77 2.58 2.39 2.21 2.04 1.88 1.73 1.59 1.46 1.35 1.25 1.16 1.09 1.02 0.98 0.95 0.94 0.94 0.96 1.00 1.05 1.13 1.22 1.33 1.47 1.62 1.80 2.00 2.22 2.47
6.55 6.60 6.66 6.73 6.81 6.90 7.00 7.10 7.21 7.33 7.44 7.56 7.68 7.80 7.92 8.03 8.14 8.23 8.30 8.35 8.38 8.38 8.36 8.31 8.23 8.12 7.97 7.80 7.58 7.34 7.09 6.83 6.57 6.30 6.03 5.76 5.49 5.22 4.95 4.69 4.44 4.19 3.95 3.72 3.50 3.28 3.07 2.87 2.67 2.49 2.31 2.15 1.99 1.85 1.72 1.60 1.50 1.41 1.33 1.27 1.22 1.19 1.17 1.17 1.19 1.23 1.28 1.35 1.45 1.56 1.70 1.85 2.03 2.23 2.45 2.70 2.97
6.99 7.03 7.08 7.15 7.22 7.30 7.39 7.49 7.60 7.70 7.82 7.93 8.05 8.16 8.28 8.38 8.47 8.55 8.61 8.64 8.66 8.65 8.61 8.55 8.46 8.34 8.18 8.00 7.77 7.52 7.26 6.99 6.72 6.44 6.16 5.88 5.60 5.33 5.05 4.79 4.52 4.27 4.03 3.80 3.57 3.36 3.15 2.95 2.76 2.58 2.41 2.25 2.10 1.97 1.85 1.74 1.64 1.56 1.49 1.44 1.41 1.39 1.39 1.41 1.44 1.49 1.57 1.66 1.77 1.90 2.06 2.24 2.44 2.66 2.91 3.18 3.47
7.43 7.46 7.50 7.56 7.62 7.70 7.78 7.88 7.97 8.08 8.18 8.29 8.41 8.52 8.62 8.72 8.79 8.85 8.90 8.92 8.92 8.90 8.85 8.78 8.68 8.55 8.38 8.18 7.95 7.69 7.42 7.14 6.86 6.58 6.29 6.00 5.71 5.43 5.15 4.88 4.61 4.35 4.10 3.87 3.64 3.43 3.22 3.03 2.84 2.67 2.50 2.35 2.21 2.08 1.97 1.87 1.78 1.71 1.66 1.62 1.60 1.60 1.61 1.64 1.69 1.76 1.86 1.97 2.10 2.25 2.43 2.63 2.85 3.10 3.37 3.66 3.99
7.86 7.88 7.91 7.96 8.02 8.09 8.17 8.25 8.35 8.44 8.55 8.65 8.76 8.86 8.95 9.03 9.10 9.15 9.18 9.19 9.18 9.14 9.08 9.00 8.89 8.74 8.57 8.36 8.12 7.85 7.57 7.28 6.99 6.70 6.41 6.11 5.82 5.53 5.24 4.96 4.69 4.43 4.17 3.93 3.70 3.49 3.29 3.10 2.92 2.75 2.59 2.44 2.31 2.19 2.09 2.00 1.92 1.87 1.82 1.80 1.79 1.80 1.83 1.88 1.95 2.04 2.15 2.28 2.43 2.61 2.80 3.03 3.27 3.54 3.84 4.16 4.51
8.28 8.29 8.32 8.36 8.41 8.48 8.55 8.63 8.71 8.81 8.90 9.00 9.10 9.19 9.27 9.33 9.39 9.42 9.44 9.44 9.42 9.37 9.30 9.21 9.08 8.93 8.75 8.53 8.28 8.00 7.71 7.42 7.12 6.82 6.52 6.22 5.92 5.62 5.33 5.04 4.77 4.50 4.24 4.00 3.76 3.55 3.35 3.16 2.98 2.82 2.67 2.53 2.41 2.30 2.20 2.13 2.06 2.02 1.99 1.98 1.98 2.01 2.06 2.12 2.21 2.31 2.44 2.59 2.77 2.96 3.18 3.43 3.70 3.99 4.31 4.66 5.04
8.70 8.70 8.72 8.76 8.80 8.86 8.92 8.99 9.07 9.16 9.25 9.34 9.43 9.50 9.57 9.62 9.66 9.68 9.69 9.68 9.64 9.59 9.51 9.40 9.27 9.11 8.92 8.69 8.43 8.14 7.85 7.55 7.24 6.93 6.62 6.32 6.01 5.71 5.41 5.12 4.84 4.57 4.31 4.06 3.82 3.60 3.40 3.22 3.05 2.89 2.75 2.62 2.50 2.40 2.32 2.25 2.20 2.17 2.15 2.15 2.18 2.22 2.28 2.36 2.47 2.59 2.74 2.91 3.11 3.32 3.57 3.84 4.13 4.45 4.80 5.17 5.57
9.11 9.10 9.12 9.14 9.18 9.23 9.29 9.35 9.43 9.51 9.59 9.67 9.74 9.80 9.85 9.90 9.92 9.93 9.93 9.91 9.86 9.80 9.71 9.59 9.45 9.28 9.07 8.84 8.57 8.28 7.97 7.67 7.35 7.04 6.73 6.41 6.10 5.79 5.49 5.20 4.91 4.64 4.37 4.12 3.88 3.66 3.46 3.27 3.10 2.95 2.82 2.70 2.59 2.50 2.43 2.37 2.33 2.31 2.31 2.33 2.37 2.43 2.50 2.60 2.73 2.87 3.04 3.23 3.45 3.69 3.96 4.25 4.57 4.92 5.29 5.69 6.12
9.51 9.50 9.50 9.52 9.55 9.59 9.64 9.71 9.77 9.85 9.91 9.98 10.04 10.09 10.13 10.16 10.17 10.17 10.16 10.12 10.07 9.99 9.89 9.77 9.62 9.44 9.23 8.98 8.71 8.41 8.10 7.78 7.46 7.14 6.82 6.50 6.19 5.88 5.57 5.27 4.98 4.70 4.43 4.18 3.94 3.72 3.51 3.32 3.16 3.01 2.89 2.77 2.68 2.60 2.54 2.49 2.47 2.46 2.47 2.51 2.56 2.63 2.73 2.85 2.99 3.16 3.35 3.56 3.80 4.06 4.35 4.67 5.01 5.39 5.79 6.22 6.68
9.91 9.89 9.88 9.89 9.92 9.95 10.00 10.05 10.11 10.17 10.22 10.28 10.32 10.36 10.39 10.40 10.41 10.40 10.37 10.33 10.26 10.18 10.07 9.94 9.78 9.59 9.37 9.12 8.84 8.53 8.21 7.89 7.57 7.24 6.92 6.59 6.27 5.96 5.65 5.34 5.05 4.77 4.50 4.24 4.00 3.77 3.57 3.38 3.21 3.07 2.95 2.85 2.76 2.69 2.64 2.61 2.60 2.61 2.63 2.68 2.75 2.84 2.96 3.10 3.26 3.44 3.65 3.89 4.15 4.44 4.75 5.10 5.47 5.87 6.29 6.75 7.24
10.30 10.27 10.26 10.26 10.27 10.30 10.34 10.38 10.43 10.48 10.52 10.56 10.59 10.62 10.64 10.64 10.64 10.62 10.58 10.52 10.45 10.36 10.24 10.10 9.93 9.73 9.51 9.25 8.96 8.65 8.33 8.00 7.67 7.34 7.01 6.68 6.35 6.04 5.72 5.42 5.12 4.84 4.56 4.30 4.06 3.83 3.63 3.44 3.27 3.13 3.01 2.92 2.84 2.78 2.75 2.73 2.73 2.75 2.79 2.86 2.95 3.06 3.19 3.35 3.53 3.74 3.97 4.23 4.51 4.82 5.16 5.53 5.93 6.35 6.81 7.29 7.81
10.68 10.64 10.62 10.62 10.62 10.64 10.67 10.70 10.74 10.77 10.80 10.83 10.85 10.87 10.87 10.87 10.85 10.82 10.78 10.71 10.63 10.53 10.40 10.25 10.08 9.87 9.64 9.38 9.08 8.76 8.43 8.10 7.77 7.43 7.10 6.76 6.44 6.11 5.80 5.49 5.19 4.90 4.63 4.37 4.13 3.90 3.69 3.50 3.34 3.19 3.08 2.98 2.92 2.87 2.85 2.84 2.86 2.90 2.96 3.04 3.14 3.27 3.42 3.60 3.80 4.03 4.28 4.57 4.87 5.21 5.57 5.97 6.39 6.85 7.33 7.85 8.39
11.05 11.01 10.98 10.96 10.96 10.98 10.99 11.01 11.03 11.05 11.07 11.09 11.10 11.10 11.10 11.08 11.06 11.02 10.96 10.89 10.80 10.69 10.56 10.40 10.22 10.01 9.77 9.50 9.20 8.87 8.54 8.20 7.86 7.52 7.18 6.85 6.52 6.19 5.87 5.56 5.26 4.97 4.70 4.44 4.19 3.97 3.76 3.57 3.40 3.26 3.15 3.06 2.99 2.96 2.95 2.96 2.99 3.04 3.12 3.22 3.34 3.49 3.66 3.86 4.08 4.33 4.61 4.91 5.24 5.60 5.99 6.41 6.87 7.35 7.86 8.41 8.98
11.42 11.36 11.33 11.31 11.30 11.29 11.30 11.30 11.31 11.32 11.33 11.34 11.34 11.33 11.32 11.29 11.26 11.21 11.14 11.06 10.97 10.85 10.71 10.54 10.35 10.14 9.89 9.62 9.31 8.98 8.64 8.30 7.96 7.61 7.27 6.93 6.60 6.27 5.95 5.64 5.34 5.05 4.77 4.51 4.26 4.04 3.83 3.64 3.48 3.34 3.22 3.14 3.08 3.05 3.05 3.07 3.12 3.19 3.28 3.40 3.54 3.70 3.90 4.11 4.36 4.63 4.93 5.26 5.62 6.00 6.42 6.87 7.35 7.86 8.40 8.97 9.57
11.77 11.71 11.67 11.64 11.61 11.60 11.59 11.58 11.58 11.58 11.58 11.57 11.56 11.55 11.52 11.49 11.45 11.39 11.32 11.23 11.12 11.00 10.85 10.68 10.48 10.26 10.01 9.73 9.42 9.08 8.74 8.40 8.05 7.70 7.36 7.02 6.68 6.35 6.03 5.72 5.41 5.12 4.85 4.58 4.34 4.11 3.91 3.72 3.56 3.42 3.31 3.22 3.17 3.14 3.15 3.18 3.25 3.33 3.44 3.58 3.74 3.92 4.14 4.37 4.64 4.94 5.26 5.61 6.00 6.41 6.85 7.33 7.84 8.38 8.95 9.54 10.15
