data_output/RCH/Precip_1988_08.asc
ncols        168
nrows        136
xllcorner    455000
yllcorner    2107000
cellsize     500
NODATA_value     -99999
[rows 0 to 32 of 136, columns 0 to 73 of 168]
249.51 241.77 234.45 227.55 221.12 215.18 209.74 204.85 200.51 196.76 193.62 191.11 189.27 188.11 187.67 187.96 189.01 190.84 193.01 194.94 196.59 197.95 199.05 199.87 200.45 200.76 200.84 200.68 200.28 199.67 198.83 197.79 196.55 195.10 193.47 191.66 189.69 187.63 185.56 183.49 181.42 179.34 177.26 175.17 173.07 170.97 168.85 166.72 164.58 162.42 160.25 158.06 155.85 153.63 151.38 149.16 147.05 145.09 143.28 141.60 140.05 138.63 137.33 136.14 135.06 134.08 133.19 132.40 131.69 131.06 130.50 130.00 129.57 129.19
248.00 240.39 233.19 226.43 220.12 214.30 208.98 204.20 199.97 196.33 193.30 190.91 189.17 188.12 187.77 188.17 189.32 191.24 193.50 195.52 197.25 198.70 199.87 200.77 201.41 201.79 201.92 201.82 201.48 200.91 200.12 199.12 197.91 196.50 194.90 193.11 191.14 189.02 186.81 184.58 182.36 180.12 177.88 175.64 173.38 171.11 168.83 166.54 164.23 161.90 159.56 157.20 154.82 152.43 150.05 147.79 145.69 143.74 141.93 140.25 138.71 137.29 135.99 134.81 133.73 132.75 131.87 131.07 130.36 129.73 129.17 128.67 128.24 127.85
246.66 239.17 232.08 225.43 219.24 213.52 208.32 203.64 199.52 195.98 193.05 190.75 189.11 188.15 187.90 188.38 189.62 191.62 193.97 196.06 197.87 199.38 200.62 201.58 202.28 202.72 202.90 202.84 202.54 202.01 201.26 200.28 199.10 197.71 196.13 194.36 192.40 190.27 187.98 185.60 183.21 180.82 178.41 176.00 173.58 171.14 168.69 166.22 163.74 161.24 158.72 156.18 153.63 151.09 148.69 146.44 144.34 142.39 140.59 138.92 137.38 135.96 134.66 133.48 132.40 131.42 130.54 129.74 129.03 128.40 127.83 127.33 126.89 126.51
245.47 238.09 231.12 224.57 218.48 212.86 207.75 203.17 199.14 195.70 192.85 190.64 189.09 188.21 188.04 188.60 189.91 191.99 194.41 196.57 198.44 200.01 201.31 202.32 203.06 203.55 203.77 203.74 203.48 202.97 202.24 201.29 200.12 198.74 197.17 195.40 193.44 191.30 188.99 186.53 183.98 181.41 178.84 176.25 173.65 171.04 168.41 165.76 163.10 160.42 157.72 155.00 152.30 149.73 147.33 145.09 143.00 141.05 139.25 137.58 136.05 134.63 133.34 132.15 131.07 130.09 129.21 128.41 127.70 127.06 126.50 125.99 125.55 125.16
244.45 237.17 230.29 223.83 217.83 212.31 207.28 202.79 198.84 195.48 192.71 190.58 189.10 188.29 188.19 188.82 190.20 192.34 194.82 197.04 198.96 200.59 201.92 202.98 203.76 204.27 204.53 204.53 204.28 203.79 203.07 202.13 200.97 199.59 198.01 196.23 194.27 192.11 189.79 187.29 184.64 181.90 179.15 176.38 173.60 170.80 167.99 165.16 162.31 159.43 156.54 153.68 150.95 148.38 145.99 143.75 141.66 139.72 137.92 136.26 134.72 133.31 132.01 130.83 129.75 128.77 127.89 127.09 126.37 125.73 125.16 124.65 124.20 123.81
243.59 236.39 229.60 223.23 217.31 211.86 206.91 202.49 198.62 195.33 192.63 190.56 189.14 188.40 188.36 189.04 190.48 192.68 195.20 197.47 199.44 201.10 202.47 203.56 204.36 204.90 205.17 205.19 204.95 204.47 203.75 202.81 201.64 200.25 198.66 196.87 194.88 192.70 190.34 187.81 185.11 182.26 179.33 176.37 173.40 170.41 167.41 164.38 161.34 158.27 155.23 152.33 149.61 147.05 144.66 142.42 140.34 138.40 136.60 134.94 133.41 132.00 130.70 129.52 128.44 127.46 126.57 125.77 125.05 124.40 123.83 123.31 122.86 122.46
242.88 235.77 229.04 222.75 216.90 211.52 206.64 202.28 198.47 195.24 192.60 190.59 189.22 188.53 188.54 189.27 190.75 192.99 195.56 197.86 199.86 201.55 202.95 204.05 204.88 205.43 205.70 205.72 205.49 205.00 204.28 203.32 202.14 200.73 199.11 197.29 195.27 193.06 190.66 188.08 185.34 182.42 179.37 176.22 173.06 169.87 166.67 163.44 160.20 156.98 153.90 151.00 148.28 145.73 143.34 141.11 139.03 137.10 135.30 133.64 132.11 130.69 129.40 128.21 127.13 126.15 125.26 124.45 123.73 123.08 122.50 121.98 121.52 121.11
242.34 235.28 228.63 222.39 216.60 211.28 206.46 202.15 198.40 195.21 192.62 190.65 189.33 188.68 188.73 189.50 191.02 193.29 195.88 198.21 200.23 201.94 203.35 204.47 205.30 205.85 206.12 206.13 205.89 205.39 204.65 203.67 202.46 201.02 199.37 197.51 195.44 193.18 190.74 188.11 185.30 182.33 179.19 175.91 172.55 169.16 165.75 162.32 158.91 155.66 152.58 149.69 146.98 144.43 142.04 139.81 137.74 135.80 134.01 132.35 130.81 129.40 128.11 126.92 125.83 124.85 123.95 123.14 122.41 121.76 121.17 120.65 120.18 119.76
241.94 234.95 228.35 222.16 216.42 211.15 206.37 202.11 198.39 195.25 192.70 190.76 189.47 188.85 188.93 189.73 191.27 193.56 196.18 198.52 200.55 202.27 203.68 204.80 205.62 206.16 206.43 206.42 206.15 205.63 204.86 203.85 202.60 201.12 199.43 197.52 195.40 193.08 190.57 187.88 185.00 181.96 178.75 175.38 171.86 168.27 164.65 161.05 157.61 154.36 151.29 148.40 145.69 143.15 140.76 138.54 136.46 134.53 132.73 131.07 129.54 128.13 126.83 125.64 124.55 123.56 122.66 121.85 121.11 120.45 119.86 119.33 118.85 118.42
241.71 234.76 228.20 222.05 216.35 211.12 206.37 202.15 198.46 195.34 192.82 190.91 189.64 189.05 189.14 189.95 191.51 193.81 196.44 198.79 200.82 202.53 203.94 205.04 205.85 206.37 206.61 206.58 206.28 205.72 204.91 203.86 202.56 201.03 199.28 197.31 195.13 192.75 190.17 187.40 184.44 181.31 178.02 174.55 170.94 167.19 163.40 159.77 156.33 153.08 150.02 147.14 144.43 141.89 139.50 137.28 135.20 133.27 131.48 129.82 128.28 126.86 125.56 124.37 123.28 122.28 121.38 120.56 119.82 119.15 118.55 118.01 117.53 117.09
241.62 234.71 228.18 222.07 216.40 211.19 206.47 202.26 198.60 195.50 192.99 191.10 189.84 189.25 189.35 190.17 191.73 194.04 196.66 199.01 201.03 202.73 204.11 205.20 205.98 206.47 206.68 206.61 206.27 205.67 204.81 203.70 202.34 200.75 198.94 196.90 194.64 192.18 189.52 186.66 183.62 180.40 177.00 173.44 169.72 165.90 162.13 158.51 155.08 151.83 148.78 145.90 143.19 140.65 138.27 136.04 133.97 132.04 130.24 128.58 127.04 125.62 124.32 123.12 122.02 121.02 120.11 119.29 118.54 117.87 117.26 116.71 116.21 115.77
241.69 234.80 228.30 222.20 216.55 211.36 206.65 202.46 198.81 195.71 193.21 191.32 190.07 189.48 189.58 190.39 191.94 194.24 196.85 199.18 201.18 202.85 204.21 205.26 206.01 206.47 206.63 206.51 206.12 205.46 204.54 203.36 201.94 200.28 198.39 196.27 193.93 191.38 188.63 185.67 182.53 179.20 175.70 172.03 168.25 164.50 160.84 157.28 153.85 150.61 147.56 144.68 141.97 139.44 137.06 134.83 132.76 130.82 129.03 127.36 125.82 124.40 123.09 121.89 120.79 119.78 118.86 118.03 117.28 116.59 115.98 115.42 114.91 114.46
241.91 235.03 228.54 222.46 216.81 211.63 206.93 202.74 199.08 195.99 193.48 191.58 190.32 189.72 189.80 190.60 192.13 194.41 197.00 199.30 201.27 202.92 204.24 205.24 205.95 206.35 206.46 206.28 205.83 205.10 204.11 202.86 201.36 199.62 197.64 195.43 193.00 190.35 187.49 184.43 181.18 177.73 174.11 170.38 166.67 163.03 159.49 156.02 152.65 149.42 146.37 143.49 140.79 138.25 135.87 133.65 131.57 129.63 127.83 126.17 124.62 123.20 121.88 120.67 119.57 118.56 117.63 116.79 116.03 115.34 114.71 114.14 113.63 113.16
242.27 235.40 228.91 222.83 217.18 211.99 207.28 203.09 199.42 196.31 193.79 191.87 190.59 189.97 190.03 190.80 192.31 194.56 197.11 199.38 201.31 202.91 204.18 205.13 205.78 206.12 206.16 205.92 205.39 204.59 203.52 202.18 200.59 198.76 196.68 194.37 191.83 189.07 186.10 182.93 179.55 175.99 172.30 168.63 165.03 161.51 158.07 154.71 151.44 148.26 145.21 142.34 139.63 137.09 134.71 132.49 130.41 128.47 126.67 125.00 123.45 122.02 120.70 119.48 118.37 117.35 116.42 115.57 114.80 114.10 113.46 112.88 112.36 111.88
242.79 235.91 229.41 223.32 217.66 212.45 207.73 203.51 199.82 196.69 194.14 192.20 190.89 190.24 190.26 191.00 192.47 194.68 197.19 199.41 201.28 202.83 204.04 204.93 205.51 205.78 205.75 205.42 204.81 203.92 202.76 201.33 199.64 197.70 195.52 193.10 190.44 187.57 184.47 181.17 177.66 174.02 170.40 166.84 163.35 159.94 156.61 153.35 150.17 147.08 144.08 141.21 138.51 135.97 133.59 131.36 129.28 127.34 125.53 123.85 122.30 120.86 119.54 118.32 117.20 116.17 115.23 114.37 113.59 112.88 112.23 111.64 111.11 110.61
243.45 236.56 230.04 223.93 218.24 213.01 208.26 204.01 200.29 197.13 194.54 192.56 191.21 190.51 190.50 191.19 192.60 194.76 197.22 199.38 201.20 202.67 203.82 204.64 205.14 205.32 205.21 204.79 204.09 203.10 201.84 200.30 198.50 196.45 194.15 191.60 188.82 185.82 182.59 179.15 175.57 171.99 168.47 165.03 161.65 158.34 155.10 151.94 148.86 145.86 142.94 140.12 137.42 134.87 132.49 130.26 128.18 126.23 124.42 122.74 121.18 119.74 118.40 117.18 116.05 115.01 114.07 113.20 112.41 111.68 111.02 110.42 109.87 109.37
244.26 237.34 230.79 224.64 218.93 213.66 208.87 204.58 200.82 197.61 194.98 192.95 191.55 190.80 190.73 191.36 192.72 194.82 197.21 199.31 201.05 202.45 203.51 204.25 204.66 204.75 204.54 204.03 203.22 202.12 200.74 199.09 197.18 195.00 192.57 189.89 186.98 183.83 180.46 176.94 173.41 169.95 166.54 163.20 159.92 156.71 153.57 150.51 147.52 144.60 141.77 139.02 136.35 133.82 131.43 129.20 127.11 125.16 123.34 121.65 120.09 118.64 117.30 116.06 114.93 113.88 112.93 112.05 111.24 110.51 109.84 109.22 108.66 108.14
245.21 238.25 231.66 225.48 219.71 214.40 209.56 205.23 201.41 198.15 195.46 193.37 191.91 191.10 190.96 191.52 192.82 194.84 197.16 199.17 200.84 202.15 203.12 203.76 204.07 204.07 203.75 203.12 202.20 200.99 199.49 197.71 195.66 193.35 190.78 187.96 184.90 181.60 178.14 174.68 171.26 167.90 164.60 161.36 158.19 155.07 152.03 149.05 146.15 143.32 140.56 137.89 135.30 132.79 130.40 128.17 126.07 124.12 122.30 120.60 119.03 117.57 116.23 114.98 113.84 112.78 111.81 110.92 110.11 109.36 108.68 108.05 107.47 106.94
246.31 239.30 232.66 226.42 220.60 215.24 210.34 205.94 202.06 198.73 195.98 193.82 192.29 191.40 191.19 191.67 192.89 194.83 197.06 198.99 200.56 201.77 202.65 203.18 203.38 203.26 202.83 202.08 201.03 199.69 198.06 196.14 193.95 191.50 188.78 185.80 182.59 179.20 175.80 172.44 169.13 165.88 162.68 159.54 156.45 153.43 150.48 147.59 144.76 142.01 139.34 136.74 134.21 131.77 129.41 127.17 125.07 123.11 121.29 119.59 118.01 116.54 115.18 113.93 112.77 111.71 110.73 109.83 109.00 108.24 107.54 106.90 106.31 105.76
247.54 240.48 233.78 227.48 221.59 216.16 211.19 206.72 202.77 199.37 196.53 194.30 192.68 191.71 191.41 191.81 192.93 194.78 196.92 198.75 200.21 201.32 202.08 202.50 202.59 202.34 201.78 200.90 199.72 198.23 196.46 194.40 192.05 189.44 186.56 183.43 180.11 176.78 173.48 170.23 167.03 163.88 160.77 157.73 154.73 151.80 148.93 146.12 143.38 140.70 138.10 135.57 133.11 130.73 128.43 126.22 124.11 122.15 120.31 118.60 117.02 115.54 114.18 112.91 111.74 110.67 109.68 108.76 107.92 107.15 106.44 105.78 105.18 104.61
248.92 241.78 235.02 228.64 222.68 217.17 212.12 207.57 203.54 200.05 197.13 194.80 193.09 192.03 191.63 191.93 192.95 194.70 196.73 198.45 199.80 200.79 201.43 201.72 201.68 201.30 200.60 199.58 198.25 196.62 194.69 192.47 189.96 187.18 184.14 180.90 177.64 174.41 171.22 168.07 164.97 161.91 158.90 155.94 153.04 150.19 147.40 144.67 142.00 139.40 136.86 134.40 132.00 129.68 127.44 125.27 123.19 121.22 119.38 117.66 116.06 114.58 113.20 111.93 110.75 109.66 108.66 107.73 106.88 106.09 105.36 104.69 104.07 103.49
250.36 243.22 236.37 229.91 223.87 218.27 213.13 208.49 204.36 200.77 197.75 195.32 193.51 192.34 191.84 192.03 192.94 194.58 196.49 198.09 199.32 200.18 200.69 200.84 200.66 200.14 199.29 198.12 196.63 194.84 192.74 190.35 187.68 184.72 181.57 178.38 175.22 172.10 169.01 165.96 162.96 159.99 157.07 154.20 151.38 148.61 145.90 143.24 140.64 138.11 135.64 133.23 130.90 128.63 126.44 124.32 122.29 120.33 118.48 116.76 115.15 113.66 112.27 110.98 109.79 108.69 107.67 106.73 105.87 105.06 104.32 103.63 102.99 102.40
251.77 244.71 237.84 231.29 225.15 219.45 214.22 209.47 205.24 201.54 198.41 195.88 193.95 192.67 192.05 192.12 192.90 194.41 196.20 197.67 198.76 199.49 199.85 199.86 199.53 198.85 197.84 196.51 194.86 192.89 190.62 188.05 185.20 182.13 179.02 175.94 172.89 169.87 166.88 163.92 161.01 158.13 155.30 152.51 149.76 147.07 144.43 141.85 139.32 136.84 134.43 132.09 129.81 127.59 125.45 123.38 121.38 119.47 117.63 115.90 114.28 112.77 111.37 110.08 108.87 107.76 106.73 105.77 104.89 104.07 103.31 102.61 101.95 101.33
253.14 246.17 239.36 232.77 226.53 220.72 215.38 210.52 206.17 202.36 199.11 196.45 194.40 192.99 192.24 192.18 192.84 194.21 195.87 197.19 198.14 198.72 198.93 198.78 198.28 197.44 196.26 194.76 192.93 190.78 188.33 185.57 182.60 179.58 176.57 173.59 170.64 167.71 164.82 161.96 159.13 156.34 153.58 150.87 148.21 145.59 143.02 140.49 138.03 135.62 133.26 130.97 128.74 126.57 124.48 122.45 120.49 118.61 116.80 115.08 113.45 111.93 110.52 109.21 107.99 106.87 105.82 104.85 103.95 103.12 102.34 101.62 100.94 100.31
254.45 247.57 240.84 234.30 228.00 222.08 216.61 211.62 207.15 203.21 199.83 197.04 194.86 193.31 192.43 192.23 192.74 193.97 195.48 196.65 197.44 197.86 197.91 197.59 196.92 195.91 194.55 192.86 190.84 188.50 185.86 182.98 180.05 177.13 174.23 171.35 168.49 165.66 162.85 160.08 157.33 154.62 151.95 149.31 146.72 144.16 141.66 139.20 136.79 134.44 132.14 129.89 127.71 125.59 123.53 121.54 119.62 117.76 115.99 114.28 112.66 111.14 109.71 108.39 107.16 106.01 104.95 103.97 103.05 102.20 101.41 100.67 99.97 99.32
255.71 248.91 242.25 235.77 229.50 223.51 217.91 212.79 208.18 204.11 200.59 197.65 195.33 193.64 192.60 192.25 192.61 193.69 195.03 196.05 196.67 196.92 196.79 196.30 195.45 194.25 192.70 190.81 188.60 186.06 183.28 180.45 177.62 174.80 172.00 169.22 166.45 163.71 160.99 158.29 155.63 153.00 150.40 147.83 145.30 142.82 140.37 137.97 135.62 133.32 131.06 128.87 126.73 124.64 122.62 120.67 118.77 116.95 115.20 113.52 111.91 110.38 108.95 107.61 106.36 105.20 104.13 103.13 102.19 101.32 100.51 99.75 99.04 98.36
256.92 250.20 243.60 237.17 230.94 224.96 219.28 214.02 209.27 205.04 201.37 198.29 195.80 193.96 192.76 192.25 192.45 193.36 194.54 195.38 195.83 195.89 195.58 194.90 193.86 192.46 190.71 188.62 186.20 183.53 180.79 178.06 175.33 172.61 169.90 167.21 164.53 161.87 159.24 156.62 154.03 151.47 148.94 146.44 143.98 141.55 139.17 136.82 134.52 132.26 130.06 127.90 125.80 123.75 121.77 119.84 117.97 116.17 114.44 112.78 111.19 109.67 108.23 106.88 105.62 104.44 103.35 102.33 101.38 100.49 99.66 98.88 98.15 97.45
258.07 251.42 244.89 238.50 232.31 226.35 220.66 215.31 210.40 206.02 202.19 198.94 196.29 194.27 192.91 192.23 192.25 192.98 193.98 194.64 194.90 194.78 194.27 193.39 192.15 190.54 188.58 186.28 183.72 181.09 178.45 175.81 173.18 170.56 167.94 165.34 162.74 160.17 157.61 155.07 152.55 150.06 147.60 145.16 142.76 140.39 138.05 135.76 133.50 131.29 129.13 127.01 124.94 122.93 120.97 119.07 117.23 115.45 113.73 112.08 110.50 108.99 107.55 106.19 104.92 103.72 102.61 101.58 100.61 99.70 98.85 98.05 97.30 96.58
259.18 252.59 246.11 239.76 233.60 227.66 221.98 216.60 211.58 207.03 203.02 199.60 196.78 194.58 193.04 192.18 192.01 192.56 193.37 193.84 193.90 193.58 192.87 191.78 190.32 188.49 186.32 183.87 181.35 178.81 176.27 173.74 171.20 168.66 166.13 163.61 161.10 158.60 156.11 153.65 151.20 148.77 146.37 143.99 141.64 139.33 137.04 134.79 132.58 130.41 128.29 126.20 124.17 122.18 120.25 118.37 116.54 114.78 113.07 111.43 109.86 108.35 106.92 105.55 104.26 103.06 101.93 100.87 99.88 98.96 98.09 97.27 96.49 95.75
260.23 253.70 247.26 240.95 234.81 228.88 223.20 217.81 212.74 208.07 203.89 200.28 197.27 194.89 193.16 192.10 191.74 192.09 192.70 192.96 192.82 192.28 191.36 190.05 188.37 186.32 183.99 181.58 179.15 176.72 174.28 171.83 169.38 166.93 164.48 162.04 159.61 157.18 154.77 152.36 149.98 147.61 145.27 142.95 140.65 138.38 136.15 133.94 131.77 129.64 127.54 125.49 123.48 121.52 119.61 117.74 115.93 114.18 112.49 110.85 109.28 107.77 106.33 104.96 103.66 102.44 101.29 100.22 99.21 98.26 97.37 96.53 95.73 94.97
261.24 254.76 248.36 242.07 235.95 230.02 224.33 218.92 213.83 209.09 204.77 200.97 197.77 195.19 193.25 191.99 191.43 191.57 191.98 192.02 191.66 190.90 189.75 188.21 186.30 184.09 181.80 179.49 177.16 174.82 172.46 170.11 167.74 165.37 163.01 160.64 158.28 155.92 153.57 151.24 148.91 146.60 144.31 142.04 139.79 137.57 135.37 133.21 131.07 128.97 126.91 124.88 122.89 120.95 119.06 117.21 115.41 113.67 111.97 110.34 108.77 107.26 105.81 104.43 103.12 101.88 100.71 99.61 98.58 97.62 96.70 95.84 95.02 94.23
262.19 255.75 249.38 243.12 237.01 231.08 225.38 219.94 214.81 210.03 205.63 201.68 198.27 195.48 193.33 191.86 191.08 191.01 191.19 191.01 190.42 189.43 188.04 186.26 184.19 182.02 179.82 177.60 175.37 173.12 170.85 168.58 166.29 164.00 161.71 159.42 157.12 154.83 152.55 150.27 148.00 145.75 143.51 141.28 139.08 136.90 134.74 132.61 130.50 128.43 126.39 124.39 122.42 120.50 118.61 116.77 114.98 113.24 111.55 109.92 108.34 106.82 105.36 103.96 102.63 101.37 100.18 99.06 98.01 97.02 96.09 95.20 94.36 93.55
263.08 256.69 250.35 244.10 237.99 232.05 226.33 220.86 215.69 210.85 206.39 202.34 198.76 195.76 193.39 191.69 190.69 190.39 190.34 189.92 189.10 187.86 186.23 184.29 182.24 180.16 178.06 175.94 173.79 171.63 169.45 167.25 165.05 162.83 160.61 158.38 156.15 153.92 151.70 149.48 147.26 145.06 142.86 140.68 138.52 136.37 134.25 132.15 130.07 128.02 126.00 124.02 122.07 120.16 118.28 116.45 114.66 112.92 111.23 109.59 108.00 106.47 104.99 103.58 102.23 100.94 99.72 98.57 97.50 96.48 95.53 94.61 93.74 92.91
