data_output/RCH/Precip_1989_01.asc
ncols        168
nrows        136
xllcorner    455000
yllcorner    2107000
cellsize     500
NODATA_value     -99999
[rows 0 to 34 of 136, columns 79 to 157 of 168]
1.05 1.03 1.01 0.98 0.95 0.92 0.88 0.84 0.80 0.76 0.71 0.67 0.63 0.58 0.53 0.49 0.44 0.39 0.34 0.29 0.24 0.18 0.13 0.08 0.02 0.00 0.00 0.00 0.00 0.00 0.00 0.00 0.00 0.00 0.00 0.00 0.00 0.00 0.00 0.00 0.00 0.00 0.00 0.00 0.00 0.00 0.00 0.00 0.00 0.00 0.00 0.00 0.00 0.00 0.00 0.00 0.07 0.15 0.23 0.31 0.39 0.48 0.57 0.67 0.76 0.86 0.96 1.06 1.17 1.28 1.39 1.49 1.56 1.61 1.64 1.65 1.65 1.62 1.58
1.06 1.04 1.02 0.98 0.95 0.91 0.87 0.83 0.78 0.73 0.69 0.64 0.59 0.54 0.49 0.44 0.39 0.33 0.28 0.22 0.17 0.11 0.05 0.00 0.00 0.00 0.00 0.00 0.00 0.00 0.00 0.00 0.00 0.00 0.00 0.00 0.00 0.00 0.00 0.00 0.00 0.00 0.00 0.00 0.00 0.00 0.00 0.00 0.00 0.00 0.00 0.00 0.00 0.00 0.00 0.00 0.04 0.12 0.20 0.28 0.37 0.46 0.55 0.64 0.74 0.83 0.93 1.04 1.14 1.25 1.36 1.45 1.52 1.57 1.60 1.61 1.61 1.59 1.55
1.08 1.05 1.02 0.99 0.95 0.91 0.86 0.82 0.77 0.72 0.67 0.61 0.56 0.51 0.45 0.40 0.34 0.28 0.22 0.17 0.10 0.04 0.00 0.00 0.00 0.00 0.00 0.00 0.00 0.00 0.00 0.00 0.00 0.00 0.00 0.00 0.00 0.00 0.00 0.00 0.00 0.00 0.00 0.00 0.00 0.00 0.00 0.00 0.00 0.00 0.00 0.00 0.00 0.00 0.00 0.00 0.02 0.10 0.18 0.27 0.36 0.44 0.53 0.63 0.72 0.82 0.92 1.02 1.12 1.22 1.33 1.42 1.49 1.54 1.57 1.58 1.58 1.56 1.52
1.10 1.07 1.03 1.00 0.95 0.91 0.86 0.81 0.76 0.70 0.65 0.59 0.54 0.48 0.42 0.36 0.30 0.24 0.18 0.11 0.05 0.00 0.00 0.00 0.00 0.00 0.00 0.00 0.00 0.00 0.00 0.00 0.00 0.00 0.00 0.00 0.00 0.00 0.00 0.00 0.00 0.00 0.00 0.00 0.00 0.00 0.00 0.00 0.00 0.00 0.00 0.00 0.00 0.00 0.00 0.00 0.02 0.10 0.18 0.27 0.35 0.44 0.53 0.62 0.72 0.81 0.91 1.01 1.11 1.21 1.31 1.40 1.47 1.52 1.55 1.56 1.55 1.53 1.50
1.12 1.09 1.05 1.01 0.96 0.91 0.86 0.81 0.75 0.70 0.64 0.58 0.52 0.46 0.39 0.33 0.27 0.20 0.14 0.07 0.00 0.00 0.00 0.00 0.00 0.00 0.00 0.00 0.00 0.00 0.00 0.00 0.00 0.00 0.00 0.00 0.00 0.00 0.00 0.00 0.00 0.00 0.00 0.00 0.00 0.00 0.00 0.00 0.00 0.00 0.00 0.00 0.00 0.00 0.00 0.00 0.02 0.10 0.19 0.27 0.36 0.45 0.54 0.63 0.72 0.82 0.91 1.01 1.10 1.20 1.30 1.39 1.45 1.50 1.53 1.54 1.53 1.51 1.48
1.14 1.11 1.07 1.02 0.97 0.92 0.87 0.81 0.75 0.69 0.63 0.57 0.50 0.44 0.37 0.31 0.24 0.17 0.10 0.03 0.00 0.00 0.00 0.00 0.00 0.00 0.00 0.00 0.00 0.00 0.00 0.00 0.00 0.00 0.00 0.00 0.00 0.00 0.00 0.00 0.00 0.00 0.00 0.00 0.00 0.00 0.00 0.00 0.00 0.00 0.00 0.00 0.00 0.00 0.00 0.00 0.04 0.12 0.21 0.29 0.38 0.47 0.56 0.65 0.74 0.83 0.92 1.02 1.11 1.21 1.30 1.38 1.45 1.49 1.52 1.53 1.52 1.50 1.47
1.17 1.13 1.09 1.04 0.99 0.93 0.88 0.82 0.75 0.69 0.63 0.56 0.49 0.43 0.36 0.29 0.22 0.14 0.07 0.00 0.00 0.00 0.00 0.00 0.00 0.00 0.00 0.00 0.00 0.00 0.00 0.00 0.00 0.00 0.00 0.00 0.00 0.00 0.00 0.00 0.00 0.00 0.00 0.00 0.00 0.00 0.00 0.00 0.00 0.00 0.00 0.00 0.00 0.00 0.00 0.00 0.07 0.15 0.24 0.32 0.41 0.50 0.58 0.67 0.76 0.85 0.94 1.03 1.12 1.22 1.31 1.39 1.45 1.49 1.51 1.52 1.52 1.50 1.47
1.20 1.15 1.11 1.06 1.01 0.95 0.89 0.83 0.76 0.70 0.63 0.56 0.49 0.42 0.35 0.27 0.20 0.12 0.05 0.00 0.00 0.00 0.00 0.00 0.00 0.00 0.00 0.00 0.00 0.00 0.00 0.00 0.00 0.00 0.00 0.00 0.00 0.00 0.00 0.00 0.00 0.00 0.00 0.00 0.00 0.00 0.00 0.00 0.00 0.00 0.00 0.00 0.00 0.00 0.00 0.02 0.11 0.19 0.28 0.36 0.45 0.54 0.62 0.71 0.80 0.88 0.97 1.06 1.15 1.24 1.32 1.40 1.45 1.49 1.52 1.52 1.52 1.50 1.47
1.23 1.18 1.13 1.08 1.03 0.97 0.90 0.84 0.77 0.70 0.63 0.56 0.49 0.42 0.34 0.26 0.19 0.11 0.03 0.00 0.00 0.00 0.00 0.00 0.00 0.00 0.00 0.00 0.00 0.00 0.00 0.00 0.00 0.00 0.00 0.00 0.00 0.00 0.00 0.00 0.00 0.00 0.00 0.00 0.00 0.00 0.00 0.00 0.00 0.00 0.00 0.00 0.00 0.00 0.00 0.08 0.16 0.25 0.33 0.42 0.50 0.59 0.67 0.76 0.84 0.93 1.01 1.10 1.18 1.26 1.35 1.42 1.47 1.51 1.53 1.53 1.53 1.51 1.48
1.26 1.21 1.16 1.11 1.05 0.99 0.92 0.86 0.79 0.71 0.64 0.57 0.49 0.42 0.34 0.26 0.18 0.10 0.02 0.00 0.00 0.00 0.00 0.00 0.00 0.00 0.00 0.00 0.00 0.00 0.00 0.00 0.00 0.00 0.00 0.00 0.00 0.00 0.00 0.00 0.00 0.00 0.00 0.00 0.00 0.00 0.00 0.00 0.00 0.00 0.00 0.00 0.00 0.00 0.05 0.14 0.23 0.31 0.40 0.48 0.56 0.65 0.73 0.81 0.90 0.98 1.06 1.14 1.22 1.30 1.38 1.44 1.49 1.53 1.54 1.55 1.54 1.52 1.49
1.29 1.24 1.19 1.14 1.08 1.01 0.94 0.87 0.80 0.73 0.65 0.58 0.50 0.42 0.34 0.26 0.18 0.09 0.01 0.00 0.00 0.00 0.00 0.00 0.00 0.00 0.00 0.00 0.00 0.00 0.00 0.00 0.00 0.00 0.00 0.00 0.00 0.00 0.00 0.00 0.00 0.00 0.00 0.00 0.00 0.00 0.00 0.00 0.00 0.00 0.00 0.00 0.00 0.04 0.13 0.22 0.30 0.39 0.47 0.55 0.64 0.72 0.80 0.88 0.96 1.04 1.12 1.19 1.27 1.34 1.42 1.48 1.52 1.55 1.57 1.57 1.56 1.54 1.51
1.33 1.28 1.22 1.17 1.10 1.04 0.97 0.90 0.82 0.75 0.67 0.59 0.51 0.43 0.35 0.27 0.18 0.09 0.01 0.00 0.00 0.00 0.00 0.00 0.00 0.00 0.00 0.00 0.00 0.00 0.00 0.00 0.00 0.00 0.00 0.00 0.00 0.00 0.00 0.00 0.00 0.00 0.00 0.00 0.00 0.00 0.00 0.00 0.00 0.00 0.00 0.00 0.05 0.14 0.22 0.30 0.39 0.47 0.56 0.64 0.72 0.80 0.88 0.96 1.03 1.11 1.18 1.26 1.33 1.40 1.46 1.52 1.56 1.59 1.60 1.60 1.59 1.57 1.54
1.36 1.31 1.26 1.20 1.13 1.07 1.00 0.92 0.85 0.77 0.69 0.61 0.53 0.45 0.36 0.27 0.19 0.10 0.01 0.00 0.00 0.00 0.00 0.00 0.00 0.00 0.00 0.00 0.00 0.00 0.00 0.00 0.00 0.00 0.00 0.00 0.00 0.00 0.00 0.00 0.00 0.00 0.00 0.00 0.00 0.00 0.00 0.00 0.00 0.00 0.00 0.08 0.16 0.24 0.32 0.41 0.49 0.57 0.66 0.74 0.82 0.89 0.97 1.04 1.12 1.19 1.26 1.33 1.39 1.46 1.52 1.57 1.61 1.63 1.64 1.64 1.62 1.60 1.57
1.40 1.35 1.29 1.23 1.17 1.10 1.03 0.95 0.87 0.79 0.71 0.63 0.55 0.46 0.38 0.29 0.20 0.11 0.02 0.00 0.00 0.00 0.00 0.00 0.00 0.00 0.00 0.00 0.00 0.00 0.00 0.00 0.00 0.00 0.00 0.00 0.00 0.00 0.00 0.00 0.00 0.00 0.00 0.00 0.00 0.00 0.00 0.00 0.00 0.05 0.13 0.20 0.28 0.36 0.44 0.52 0.60 0.68 0.76 0.84 0.92 1.00 1.07 1.14 1.21 1.28 1.34 1.40 1.47 1.53 1.58 1.63 1.66 1.68 1.68 1.68 1.66 1.64 1.61
1.44 1.39 1.33 1.27 1.20 1.13 1.06 0.98 0.90 0.82 0.74 0.66 0.57 0.48 0.40 0.31 0.21 0.12 0.03 0.00 0.00 0.00 0.00 0.00 0.00 0.00 0.00 0.00 0.00 0.00 0.00 0.00 0.00 0.00 0.00 0.00 0.00 0.00 0.00 0.00 0.00 0.00 0.00 0.00 0.00 0.00 0.00 0.04 0.12 0.19 0.26 0.34 0.41 0.49 0.57 0.65 0.73 0.81 0.88 0.96 1.03 1.11 1.18 1.24 1.31 1.37 1.43 1.49 1.55 1.60 1.65 1.69 1.72 1.73 1.73 1.73 1.71 1.68 1.65
1.48 1.43 1.37 1.31 1.24 1.17 1.09 1.01 0.93 0.85 0.77 0.68 0.60 0.51 0.42 0.33 0.23 0.14 0.04 0.00 0.00 0.00 0.00 0.00 0.00 0.00 0.00 0.00 0.00 0.00 0.00 0.00 0.00 0.00 0.00 0.00 0.00 0.00 0.00 0.00 0.00 0.00 0.00 0.00 0.00 0.06 0.13 0.20 0.27 0.34 0.41 0.49 0.56 0.64 0.71 0.79 0.87 0.94 1.02 1.09 1.16 1.23 1.30 1.36 1.42 1.48 1.54 1.59 1.64 1.69 1.73 1.76 1.79 1.79 1.79 1.78 1.76 1.73 1.70
1.52 1.47 1.41 1.34 1.27 1.20 1.13 1.05 0.97 0.88 0.80 0.71 0.62 0.54 0.44 0.35 0.26 0.16 0.07 0.00 0.00 0.00 0.00 0.00 0.00 0.00 0.00 0.00 0.00 0.00 0.00 0.00 0.00 0.00 0.00 0.00 0.00 0.00 0.00 0.00 0.00 0.00 0.03 0.09 0.16 0.22 0.29 0.36 0.43 0.50 0.57 0.65 0.72 0.79 0.87 0.94 1.01 1.09 1.16 1.23 1.30 1.36 1.42 1.48 1.54 1.59 1.65 1.69 1.74 1.78 1.82 1.84 1.86 1.86 1.86 1.84 1.82 1.79 1.75
1.56 1.51 1.45 1.38 1.31 1.24 1.16 1.08 1.00 0.92 0.83 0.75 0.66 0.57 0.47 0.38 0.29 0.19 0.11 0.04 0.00 0.00 0.00 0.00 0.00 0.00 0.00 0.00 0.00 0.00 0.00 0.00 0.00 0.00 0.00 0.00 0.00 0.00 0.00 0.04 0.09 0.15 0.21 0.27 0.33 0.40 0.46 0.53 0.60 0.67 0.75 0.82 0.89 0.96 1.03 1.11 1.18 1.24 1.31 1.38 1.44 1.50 1.56 1.62 1.67 1.72 1.76 1.81 1.84 1.88 1.91 1.93 1.94 1.94 1.93 1.91 1.88 1.85 1.81
1.61 1.55 1.49 1.42 1.35 1.28 1.20 1.12 1.04 0.96 0.87 0.78 0.69 0.60 0.51 0.41 0.32 0.24 0.17 0.10 0.05 0.00 0.00 0.00 0.00 0.00 0.00 0.00 0.00 0.00 0.00 0.00 0.00 0.00 0.00 0.03 0.07 0.12 0.16 0.22 0.27 0.33 0.39 0.45 0.52 0.58 0.65 0.72 0.79 0.86 0.93 1.00 1.07 1.14 1.21 1.28 1.35 1.41 1.48 1.54 1.60 1.66 1.71 1.76 1.81 1.85 1.89 1.93 1.96 1.99 2.01 2.02 2.03 2.02 2.00 1.98 1.95 1.92 1.88
1.65 1.59 1.53 1.47 1.40 1.32 1.24 1.16 1.08 0.99 0.91 0.82 0.73 0.64 0.54 0.45 0.37 0.30 0.24 0.18 0.13 0.09 0.06 0.04 0.02 0.01 0.00 0.00 0.01 0.03 0.04 0.07 0.10 0.13 0.17 0.21 0.25 0.30 0.35 0.41 0.46 0.52 0.59 0.65 0.71 0.78 0.85 0.92 0.99 1.06 1.13 1.20 1.27 1.33 1.40 1.47 1.53 1.59 1.65 1.71 1.77 1.82 1.87 1.91 1.95 1.99 2.03 2.06 2.08 2.10 2.12 2.13 2.12 2.11 2.09 2.06 2.03 1.99 1.95
1.69 1.63 1.57 1.51 1.44 1.36 1.29 1.20 1.12 1.04 0.95 0.86 0.77 0.68 0.59 0.51 0.44 0.37 0.32 0.27 0.23 0.20 0.18 0.16 0.15 0.15 0.15 0.16 0.17 0.19 0.21 0.24 0.27 0.31 0.35 0.40 0.45 0.50 0.55 0.61 0.67 0.73 0.79 0.86 0.92 0.99 1.06 1.13 1.20 1.27 1.33 1.40 1.47 1.53 1.60 1.66 1.72 1.78 1.84 1.89 1.94 1.99 2.03 2.07 2.11 2.14 2.17 2.19 2.21 2.22 2.23 2.23 2.22 2.20 2.18 2.14 2.11 2.07 2.03
1.73 1.68 1.62 1.55 1.48 1.41 1.33 1.25 1.16 1.08 0.99 0.90 0.81 0.72 0.65 0.58 0.51 0.46 0.42 0.38 0.35 0.32 0.31 0.30 0.30 0.30 0.31 0.32 0.34 0.36 0.39 0.43 0.46 0.51 0.55 0.60 0.65 0.70 0.76 0.82 0.88 0.95 1.01 1.08 1.14 1.21 1.28 1.35 1.42 1.48 1.55 1.62 1.68 1.75 1.81 1.87 1.93 1.98 2.03 2.08 2.13 2.17 2.21 2.24 2.27 2.30 2.32 2.34 2.35 2.35 2.35 2.35 2.33 2.30 2.27 2.24 2.20 2.16 2.12
1.77 1.72 1.66 1.59 1.52 1.45 1.37 1.29 1.21 1.12 1.03 0.95 0.86 0.78 0.72 0.66 0.60 0.56 0.52 0.50 0.47 0.46 0.45 0.45 0.45 0.46 0.48 0.50 0.52 0.55 0.58 0.62 0.67 0.71 0.76 0.81 0.87 0.92 0.98 1.05 1.11 1.17 1.24 1.31 1.37 1.44 1.51 1.58 1.64 1.71 1.78 1.84 1.90 1.97 2.03 2.08 2.14 2.19 2.24 2.28 2.32 2.36 2.39 2.42 2.45 2.47 2.48 2.49 2.49 2.49 2.48 2.47 2.44 2.41 2.38 2.34 2.30 2.26 2.22
1.81 1.76 1.70 1.64 1.57 1.49 1.42 1.34 1.25 1.17 1.08 1.00 0.92 0.86 0.80 0.75 0.71 0.67 0.65 0.63 0.61 0.60 0.60 0.61 0.62 0.64 0.66 0.68 0.71 0.75 0.79 0.83 0.88 0.93 0.98 1.04 1.09 1.15 1.22 1.28 1.34 1.41 1.48 1.55 1.61 1.68 1.75 1.82 1.88 1.95 2.01 2.08 2.14 2.20 2.25 2.31 2.36 2.40 2.45 2.49 2.53 2.56 2.59 2.61 2.63 2.64 2.65 2.65 2.65 2.64 2.62 2.60 2.57 2.53 2.49 2.45 2.41 2.37 2.33
1.84 1.79 1.74 1.68 1.61 1.54 1.46 1.38 1.30 1.21 1.13 1.06 1.00 0.94 0.89 0.85 0.82 0.80 0.78 0.77 0.76 0.76 0.77 0.78 0.80 0.82 0.85 0.88 0.92 0.96 1.00 1.05 1.10 1.15 1.21 1.27 1.33 1.39 1.46 1.52 1.59 1.66 1.73 1.79 1.86 1.93 2.00 2.06 2.13 2.19 2.26 2.32 2.38 2.43 2.49 2.54 2.59 2.63 2.67 2.71 2.74 2.77 2.79 2.81 2.82 2.82 2.82 2.82 2.81 2.79 2.76 2.73 2.69 2.65 2.61 2.57 2.53 2.49 2.46
1.87 1.82 1.77 1.71 1.65 1.58 1.51 1.43 1.35 1.27 1.20 1.14 1.08 1.04 1.00 0.97 0.95 0.93 0.92 0.92 0.92 0.93 0.94 0.96 0.99 1.02 1.05 1.09 1.13 1.18 1.23 1.28 1.33 1.39 1.45 1.51 1.58 1.64 1.71 1.78 1.84 1.91 1.98 2.05 2.12 2.19 2.26 2.32 2.39 2.45 2.51 2.57 2.63 2.68 2.73 2.78 2.82 2.86 2.90 2.93 2.96 2.98 3.00 3.01 3.01 3.01 3.01 2.99 2.97 2.95 2.91 2.88 2.83 2.79 2.75 2.71 2.67 2.63 2.59
1.90 1.85 1.80 1.75 1.69 1.62 1.55 1.48 1.40 1.33 1.27 1.22 1.18 1.15 1.12 1.10 1.08 1.08 1.08 1.08 1.09 1.11 1.13 1.16 1.19 1.22 1.26 1.31 1.36 1.41 1.46 1.52 1.58 1.64 1.70 1.77 1.83 1.90 1.97 2.04 2.11 2.18 2.25 2.32 2.39 2.45 2.52 2.59 2.65 2.71 2.77 2.83 2.88 2.93 2.98 3.02 3.06 3.10 3.13 3.16 3.18 3.20 3.21 3.21 3.21 3.21 3.19 3.17 3.15 3.11 3.07 3.03 2.99 2.94 2.90 2.86 2.82 2.78 2.74
1.93 1.89 1.84 1.79 1.73 1.67 1.60 1.53 1.47 1.41 1.36 1.32 1.29 1.27 1.25 1.24 1.23 1.23 1.24 1.25 1.27 1.30 1.33 1.36 1.40 1.44 1.48 1.53 1.59 1.64 1.70 1.76 1.82 1.89 1.95 2.02 2.09 2.16 2.23 2.30 2.38 2.45 2.52 2.59 2.66 2.72 2.79 2.85 2.92 2.97 3.03 3.09 3.14 3.19 3.23 3.27 3.31 3.34 3.37 3.39 3.40 3.42 3.42 3.42 3.41 3.40 3.38 3.35 3.32 3.28 3.23 3.19 3.15 3.10 3.06 3.02 2.98 2.93 2.89
1.97 1.93 1.88 1.83 1.78 1.72 1.66 1.60 1.55 1.50 1.46 1.43 1.41 1.40 1.39 1.38 1.39 1.40 1.41 1.44 1.46 1.49 1.53 1.57 1.61 1.66 1.71 1.76 1.82 1.88 1.94 2.01 2.08 2.14 2.21 2.28 2.35 2.43 2.50 2.57 2.64 2.71 2.79 2.86 2.92 2.99 3.06 3.12 3.18 3.24 3.29 3.34 3.39 3.44 3.48 3.51 3.54 3.57 3.59 3.61 3.62 3.63 3.63 3.62 3.60 3.58 3.55 3.52 3.48 3.44 3.40 3.36 3.31 3.27 3.22 3.18 3.14 3.09 3.05
2.01 1.97 1.93 1.88 1.83 1.78 1.73 1.68 1.64 1.60 1.57 1.55 1.54 1.54 1.54 1.54 1.56 1.57 1.60 1.62 1.66 1.70 1.74 1.78 1.83 1.89 1.94 2.00 2.06 2.13 2.19 2.26 2.33 2.40 2.47 2.55 2.62 2.69 2.77 2.84 2.91 2.98 3.05 3.12 3.19 3.26 3.32 3.38 3.44 3.50 3.55 3.60 3.64 3.68 3.72 3.75 3.78 3.80 3.82 3.83 3.83 3.83 3.82 3.81 3.79 3.76 3.72 3.68 3.64 3.60 3.56 3.52 3.48 3.44 3.39 3.35 3.30 3.26 3.22
2.07 2.03 1.99 1.94 1.90 1.85 1.81 1.77 1.74 1.71 1.70 1.69 1.68 1.69 1.69 1.71 1.73 1.76 1.79 1.82 1.86 1.91 1.95 2.01 2.06 2.12 2.18 2.24 2.31 2.38 2.45 2.52 2.59 2.66 2.74 2.81 2.89 2.96 3.04 3.11 3.18 3.25 3.32 3.39 3.46 3.52 3.58 3.64 3.70 3.75 3.80 3.85 3.89 3.92 3.96 3.98 4.00 4.02 4.03 4.04 4.04 4.03 4.01 3.99 3.96 3.93 3.88 3.84 3.80 3.76 3.72 3.69 3.65 3.61 3.56 3.52 3.47 3.43 3.38
2.13 2.09 2.05 2.01 1.98 1.94 1.91 1.88 1.85 1.84 1.83 1.83 1.83 1.85 1.86 1.89 1.91 1.95 1.98 2.03 2.07 2.12 2.18 2.23 2.29 2.36 2.42 2.49 2.56 2.63 2.70 2.78 2.85 2.93 3.00 3.08 3.15 3.23 3.30 3.38 3.45 3.52 3.59 3.66 3.72 3.79 3.85 3.90 3.95 4.00 4.05 4.09 4.13 4.16 4.19 4.21 4.23 4.24 4.24 4.24 4.23 4.22 4.20 4.17 4.13 4.09 4.04 4.00 3.96 3.92 3.89 3.85 3.82 3.78 3.73 3.69 3.64 3.60 3.55
2.20 2.16 2.13 2.10 2.07 2.04 2.02 2.00 1.98 1.97 1.97 1.98 1.99 2.01 2.04 2.07 2.11 2.15 2.19 2.24 2.29 2.35 2.41 2.47 2.53 2.60 2.67 2.74 2.81 2.89 2.96 3.04 3.12 3.19 3.27 3.35 3.42 3.50 3.57 3.65 3.72 3.79 3.86 3.92 3.99 4.05 4.10 4.16 4.21 4.25 4.30 4.33 4.37 4.39 4.42 4.43 4.44 4.45 4.45 4.44 4.42 4.40 4.37 4.33 4.29 4.25 4.20 4.16 4.12 4.09 4.05 4.02 3.99 3.95 3.91 3.86 3.82 3.77 3.73
2.27 2.24 2.21 2.19 2.17 2.15 2.14 2.13 2.12 2.12 2.12 2.14 2.16 2.19 2.22 2.26 2.30 2.35 2.40 2.46 2.51 2.58 2.64 2.71 2.78 2.85 2.92 2.99 3.07 3.15 3.22 3.30 3.38 3.46 3.54 3.62 3.69 3.77 3.84 3.92 3.99 4.06 4.12 4.19 4.25 4.31 4.36 4.41 4.46 4.50 4.54 4.57 4.60 4.62 4.64 4.65 4.65 4.65 4.64 4.63 4.61 4.58 4.54 4.49 4.45 4.40 4.36 4.32 4.29 4.25 4.22 4.19 4.16 4.12 4.08 4.04 4.00 3.95 3.90
2.36 2.33 2.31 2.30 2.29 2.28 2.27 2.26 2.26 2.27 2.29 2.31 2.34 2.38 2.42 2.46 2.51 2.56 2.62 2.68 2.74 2.81 2.88 2.95 3.02 3.10 3.17 3.25 3.33 3.41 3.49 3.57 3.65 3.73 3.81 3.89 3.96 4.04 4.11 4.19 4.26 4.32 4.39 4.45 4.51 4.56 4.61 4.66 4.70 4.74 4.77 4.80 4.83 4.84 4.85 4.86 4.86 4.85 4.83 4.81 4.78 4.74 4.70 4.65 4.61 4.56 4.52 4.48 4.45 4.42 4.39 4.36 4.33 4.29 4.25 4.21 4.17 4.13 4.08
