data_output/RCH/Precip_1993_04.asc
ncols        168
nrows        136
xllcorner    455000
yllcorner    2107000
cellsize     500
NODATA_value     -99999
[rows 35 to 69 of 136, columns 0 to 78 of 168]
27.90 28.52 29.12 29.69 30.23 30.75 31.25 31.72 32.16 32.57 32.95 33.28 33.56 33.80 34.01 34.17 34.30 34.39 34.45 34.49 34.49 34.47 34.44 34.38 34.30 34.21 34.10 33.99 33.86 33.73 33.59 33.43 33.27 33.09 32.90 32.70 32.49 32.27 32.05 31.81 31.56 31.31 31.05 30.79 30.52 30.24 29.96 29.68 29.39 29.10 28.80 28.49 28.17 27.85 27.51 27.16 26.81 26.45 26.08 25.71 25.33 24.95 24.56 24.17 23.78 23.38 22.98 22.58 22.18 21.77 21.37 20.97 20.57 20.17 19.77 19.38 18.99 18.60 18.19
28.02 28.64 29.23 29.80 30.35 30.87 31.37 31.84 32.28 32.68 33.04 33.35 33.61 33.84 34.03 34.18 34.29 34.37 34.43 34.45 34.46 34.43 34.39 34.33 34.25 34.16 34.06 33.95 33.83 33.70 33.57 33.42 33.26 33.09 32.91 32.71 32.51 32.30 32.07 31.84 31.60 31.35 31.10 30.84 30.57 30.30 30.02 29.74 29.46 29.17 28.88 28.58 28.27 27.95 27.62 27.28 26.93 26.58 26.22 25.85 25.47 25.09 24.71 24.32 23.92 23.52 23.12 22.72 22.31 21.91 21.50 21.09 20.68 20.28 19.87 19.47 19.07 18.65 18.19
28.16 28.78 29.37 29.94 30.49 31.01 31.51 31.98 32.40 32.79 33.12 33.41 33.66 33.87 34.04 34.18 34.28 34.35 34.39 34.41 34.41 34.38 34.33 34.27 34.19 34.10 34.00 33.89 33.77 33.65 33.52 33.38 33.23 33.06 32.89 32.70 32.50 32.29 32.07 31.84 31.60 31.36 31.11 30.85 30.59 30.32 30.04 29.76 29.48 29.19 28.90 28.61 28.31 28.00 27.68 27.35 27.01 26.66 26.30 25.93 25.56 25.18 24.80 24.41 24.01 23.62 23.21 22.81 22.40 21.99 21.58 21.16 20.75 20.34 19.92 19.51 19.08 18.61 18.10
28.34 28.96 29.55 30.12 30.66 31.18 31.68 32.13 32.54 32.89 33.21 33.48 33.71 33.90 34.05 34.17 34.26 34.32 34.35 34.36 34.35 34.31 34.26 34.19 34.11 34.02 33.92 33.81 33.70 33.58 33.46 33.33 33.18 33.01 32.84 32.66 32.46 32.25 32.04 31.81 31.58 31.34 31.09 30.83 30.57 30.30 30.02 29.75 29.46 29.18 28.89 28.60 28.30 28.00 27.68 27.36 27.03 26.68 26.33 25.97 25.60 25.22 24.84 24.45 24.06 23.66 23.25 22.84 22.43 22.02 21.60 21.18 20.76 20.34 19.92 19.48 19.00 18.48 17.92
28.56 29.18 29.77 30.33 30.88 31.39 31.87 32.30 32.68 33.01 33.30 33.55 33.75 33.93 34.06 34.17 34.24 34.29 34.31 34.31 34.28 34.24 34.18 34.11 34.03 33.93 33.83 33.72 33.61 33.50 33.38 33.25 33.11 32.95 32.78 32.59 32.40 32.20 31.98 31.76 31.53 31.28 31.04 30.78 30.52 30.25 29.98 29.70 29.41 29.13 28.84 28.54 28.25 27.95 27.64 27.33 27.00 26.66 26.31 25.95 25.59 25.21 24.83 24.45 24.05 23.65 23.24 22.83 22.42 22.00 21.58 21.15 20.73 20.30 19.85 19.36 18.83 18.26 17.66
28.83 29.44 30.02 30.59 31.13 31.62 32.07 32.47 32.82 33.13 33.40 33.62 33.81 33.96 34.08 34.17 34.23 34.26 34.27 34.25 34.22 34.17 34.10 34.02 33.93 33.84 33.73 33.62 33.52 33.41 33.29 33.16 33.02 32.86 32.69 32.51 32.32 32.12 31.90 31.68 31.45 31.21 30.96 30.70 30.44 30.17 29.90 29.62 29.33 29.04 28.75 28.45 28.16 27.86 27.55 27.24 26.92 26.59 26.25 25.89 25.53 25.16 24.78 24.39 24.00 23.60 23.19 22.78 22.36 21.94 21.51 21.08 20.65 20.19 19.69 19.16 18.58 17.97 17.32
29.14 29.75 30.33 30.89 31.41 31.88 32.29 32.66 32.99 33.27 33.51 33.71 33.87 34.00 34.10 34.17 34.21 34.23 34.22 34.20 34.15 34.09 34.02 33.93 33.84 33.74 33.63 33.52 33.41 33.31 33.19 33.06 32.92 32.77 32.60 32.42 32.23 32.02 31.81 31.59 31.35 31.11 30.86 30.61 30.34 30.07 29.79 29.51 29.22 28.93 28.63 28.33 28.03 27.73 27.42 27.12 26.80 26.47 26.14 25.79 25.43 25.06 24.68 24.29 23.90 23.50 23.09 22.67 22.25 21.83 21.40 20.96 20.50 20.00 19.46 18.88 18.26 17.60 16.91
29.51 30.12 30.69 31.23 31.71 32.15 32.53 32.87 33.17 33.42 33.63 33.81 33.95 34.06 34.14 34.19 34.21 34.21 34.19 34.15 34.09 34.02 33.94 33.84 33.74 33.63 33.52 33.41 33.30 33.20 33.08 32.96 32.82 32.66 32.49 32.31 32.12 31.92 31.70 31.48 31.24 31.00 30.75 30.49 30.22 29.95 29.67 29.38 29.09 28.79 28.49 28.19 27.88 27.57 27.26 26.95 26.64 26.31 25.98 25.64 25.28 24.91 24.54 24.15 23.76 23.35 22.94 22.53 22.10 21.67 21.24 20.77 20.27 19.73 19.14 18.52 17.86 17.16 16.42
29.95 30.54 31.09 31.59 32.04 32.44 32.80 33.10 33.37 33.59 33.78 33.93 34.04 34.13 34.19 34.22 34.22 34.20 34.17 34.11 34.04 33.96 33.86 33.76 33.65 33.54 33.42 33.31 33.20 33.09 32.98 32.85 32.71 32.55 32.38 32.20 32.00 31.80 31.58 31.36 31.12 30.87 30.62 30.35 30.08 29.80 29.52 29.23 28.93 28.63 28.33 28.02 27.71 27.39 27.07 26.76 26.44 26.11 25.79 25.44 25.09 24.73 24.35 23.97 23.57 23.17 22.76 22.34 21.91 21.48 21.02 20.51 19.97 19.38 18.76 18.09 17.39 16.65 15.88
30.44 31.01 31.53 31.99 32.40 32.77 33.08 33.36 33.59 33.79 33.94 34.07 34.16 34.22 34.25 34.26 34.25 34.21 34.15 34.08 34.00 33.90 33.80 33.68 33.57 33.45 33.33 33.21 33.09 32.98 32.87 32.74 32.60 32.44 32.27 32.08 31.88 31.68 31.46 31.23 30.98 30.73 30.48 30.21 29.93 29.65 29.36 29.06 28.76 28.45 28.14 27.83 27.51 27.19 26.86 26.54 26.21 25.88 25.55 25.21 24.86 24.50 24.13 23.75 23.35 22.95 22.54 22.11 21.68 21.22 20.72 20.18 19.60 18.97 18.30 17.60 16.86 16.08 15.27
30.99 31.52 31.99 32.42 32.79 33.12 33.40 33.64 33.84 34.01 34.14 34.23 34.29 34.33 34.34 34.33 34.29 34.23 34.16 34.07 33.97 33.86 33.74 33.62 33.49 33.36 33.24 33.11 32.99 32.88 32.77 32.63 32.49 32.33 32.15 31.96 31.76 31.55 31.33 31.09 30.85 30.59 30.33 30.05 29.77 29.48 29.19 28.88 28.57 28.26 27.94 27.62 27.29 26.96 26.63 26.29 25.96 25.62 25.28 24.95 24.60 24.24 23.87 23.49 23.09 22.69 22.27 21.85 21.39 20.90 20.36 19.78 19.15 18.49 17.79 17.05 16.27 15.45 14.60
31.58 32.06 32.50 32.88 33.22 33.51 33.75 33.96 34.13 34.26 34.36 34.42 34.46 34.47 34.45 34.41 34.36 34.28 34.19 34.08 33.97 33.84 33.71 33.57 33.43 33.30 33.16 33.03 32.91 32.79 32.67 32.54 32.38 32.22 32.04 31.85 31.64 31.43 31.20 30.96 30.70 30.44 30.17 29.89 29.60 29.31 29.00 28.69 28.38 28.05 27.73 27.40 27.06 26.72 26.38 26.03 25.69 25.34 24.99 24.65 24.30 23.94 23.57 23.19 22.80 22.39 21.97 21.53 21.04 20.50 19.93 19.31 18.65 17.95 17.21 16.43 15.62 14.77 13.89
32.21 32.65 33.04 33.38 33.68 33.93 34.14 34.31 34.44 34.54 34.61 34.64 34.65 34.63 34.59 34.53 34.45 34.35 34.24 34.11 33.98 33.84 33.69 33.54 33.39 33.24 33.10 32.96 32.83 32.71 32.59 32.45 32.29 32.12 31.94 31.74 31.53 31.30 31.07 30.82 30.56 30.29 30.02 29.73 29.43 29.13 28.82 28.50 28.17 27.84 27.50 27.16 26.82 26.47 26.12 25.76 25.40 25.05 24.69 24.33 23.97 23.61 23.24 22.86 22.47 22.06 21.62 21.14 20.62 20.05 19.43 18.78 18.08 17.35 16.58 15.77 14.92 14.04 13.12
32.89 33.28 33.63 33.93 34.18 34.39 34.57 34.70 34.80 34.86 34.90 34.90 34.88 34.83 34.76 34.68 34.57 34.45 34.32 34.17 34.02 33.86 33.70 33.54 33.37 33.21 33.06 32.91 32.77 32.65 32.52 32.37 32.21 32.04 31.84 31.64 31.42 31.19 30.95 30.69 30.43 30.15 29.86 29.57 29.26 28.95 28.63 28.30 27.96 27.62 27.28 26.92 26.57 26.21 25.84 25.48 25.11 24.74 24.37 23.99 23.62 23.25 22.88 22.50 22.10 21.68 21.21 20.69 20.13 19.53 18.88 18.19 17.47 16.70 15.89 15.05 14.17 13.26 12.31
33.61 33.96 34.27 34.52 34.73 34.90 35.04 35.13 35.19 35.22 35.22 35.20 35.14 35.07 34.97 34.86 34.73 34.58 34.43 34.26 34.09 33.91 33.73 33.55 33.38 33.20 33.04 32.88 32.74 32.60 32.47 32.32 32.15 31.96 31.77 31.55 31.33 31.09 30.84 30.57 30.30 30.01 29.72 29.41 29.10 28.77 28.44 28.10 27.76 27.40 27.04 26.68 26.31 25.94 25.56 25.18 24.80 24.42 24.03 23.65 23.26 22.88 22.49 22.10 21.69 21.23 20.73 20.18 19.59 18.95 18.27 17.55 16.80 16.00 15.16 14.29 13.38 12.44 11.47
34.39 34.70 34.95 35.16 35.33 35.46 35.55 35.61 35.63 35.63 35.59 35.53 35.45 35.34 35.22 35.07 34.92 34.75 34.57 34.38 34.19 33.99 33.80 33.60 33.41 33.22 33.05 32.88 32.72 32.58 32.44 32.28 32.10 31.91 31.71 31.48 31.25 31.00 30.74 30.47 30.18 29.89 29.58 29.26 28.94 28.60 28.26 27.91 27.55 27.18 26.81 26.44 26.06 25.67 25.28 24.89 24.49 24.09 23.69 23.29 22.89 22.49 22.09 21.67 21.22 20.73 20.20 19.62 18.99 18.33 17.62 16.87 16.08 15.25 14.39 13.49 12.55 11.58 10.58
35.23 35.48 35.69 35.86 35.98 36.07 36.12 36.14 36.12 36.08 36.01 35.91 35.80 35.66 35.50 35.33 35.15 34.95 34.75 34.54 34.32 34.11 33.89 33.68 33.47 33.27 33.08 32.90 32.74 32.59 32.44 32.27 32.08 31.88 31.67 31.44 31.19 30.93 30.66 30.38 30.08 29.77 29.45 29.13 28.79 28.44 28.09 27.72 27.35 26.97 26.59 26.20 25.80 25.40 25.00 24.59 24.18 23.77 23.35 22.93 22.52 22.10 21.66 21.20 20.70 20.18 19.61 19.00 18.35 17.65 16.91 16.14 15.32 14.47 13.58 12.65 11.69 10.70 9.67
36.13 36.33 36.49 36.61 36.69 36.73 36.74 36.72 36.66 36.58 36.47 36.34 36.19 36.02 35.83 35.63 35.42 35.20 34.97 34.74 34.50 34.26 34.03 33.80 33.57 33.36 33.15 32.96 32.78 32.62 32.46 32.28 32.09 31.88 31.65 31.41 31.15 30.88 30.60 30.30 30.00 29.68 29.35 29.01 28.65 28.29 27.92 27.55 27.16 26.77 26.37 25.96 25.55 25.14 24.72 24.30 23.87 23.44 23.01 22.57 22.14 21.69 21.20 20.69 20.15 19.58 18.97 18.34 17.66 16.93 16.17 15.37 14.53 13.65 12.73 11.78 10.80 9.78 8.73
37.09 37.24 37.35 37.42 37.46 37.45 37.42 37.35 37.26 37.14 36.99 36.82 36.64 36.43 36.22 35.98 35.74 35.49 35.24 34.98 34.72 34.46 34.20 33.95 33.71 33.48 33.26 33.05 32.86 32.69 32.52 32.33 32.12 31.90 31.66 31.41 31.14 30.86 30.56 30.26 29.93 29.60 29.26 28.90 28.54 28.16 27.78 27.39 26.99 26.58 26.16 25.74 25.32 24.88 24.45 24.01 23.56 23.12 22.67 22.21 21.74 21.24 20.71 20.15 19.56 18.95 18.30 17.63 16.93 16.18 15.39 14.56 13.70 12.80 11.86 10.88 9.88 8.84 7.77
38.11 38.21 38.28 38.30 38.28 38.24 38.16 38.05 37.91 37.75 37.56 37.36 37.14 36.90 36.65 36.38 36.11 35.83 35.55 35.27 34.98 34.70 34.42 34.15 33.89 33.64 33.40 33.18 32.98 32.80 32.61 32.41 32.19 31.96 31.71 31.44 31.16 30.86 30.56 30.23 29.90 29.55 29.19 28.82 28.44 28.05 27.65 27.24 26.83 26.40 25.97 25.53 25.09 24.64 24.19 23.73 23.27 22.80 22.33 21.84 21.33 20.78 20.20 19.59 18.96 18.29 17.61 16.90 16.16 15.39 14.58 13.73 12.84 11.92 10.96 9.96 8.94 7.88 6.79
39.17 39.25 39.27 39.24 39.18 39.08 38.96 38.80 38.63 38.42 38.20 37.96 37.70 37.42 37.14 36.84 36.54 36.23 35.92 35.60 35.29 34.99 34.69 34.39 34.11 33.84 33.59 33.35 33.14 32.94 32.74 32.53 32.30 32.05 31.79 31.51 31.21 30.90 30.58 30.24 29.89 29.53 29.15 28.77 28.37 27.96 27.55 27.12 26.69 26.25 25.80 25.34 24.88 24.41 23.94 23.46 22.98 22.49 21.99 21.45 20.89 20.29 19.67 19.01 18.33 17.63 16.90 16.14 15.37 14.57 13.74 12.87 11.96 11.02 10.04 9.03 7.98 6.90 5.79
40.22 40.33 40.33 40.25 40.14 40.00 39.83 39.63 39.41 39.16 38.90 38.61 38.32 38.00 37.68 37.35 37.02 36.68 36.34 36.00 35.66 35.33 35.00 34.69 34.38 34.09 33.82 33.57 33.34 33.13 32.92 32.69 32.44 32.18 31.90 31.61 31.30 30.97 30.63 30.28 29.91 29.53 29.14 28.74 28.33 27.90 27.47 27.02 26.57 26.11 25.65 25.17 24.69 24.20 23.71 23.21 22.71 22.19 21.63 21.05 20.44 19.79 19.12 18.42 17.70 16.95 16.18 15.38 14.57 13.73 12.87 11.98 11.06 10.10 9.10 8.07 7.01 5.92 4.79
41.24 41.40 41.43 41.34 41.18 40.99 40.77 40.52 40.25 39.97 39.66 39.34 39.00 38.65 38.29 37.93 37.56 37.19 36.82 36.45 36.08 35.72 35.37 35.03 34.71 34.40 34.11 33.84 33.59 33.36 33.14 32.89 32.63 32.36 32.06 31.75 31.42 31.08 30.73 30.36 29.97 29.58 29.17 28.75 28.31 27.87 27.42 26.96 26.49 26.01 25.52 25.02 24.52 24.01 23.50 22.98 22.44 21.87 21.27 20.64 19.98 19.29 18.57 17.83 17.06 16.27 15.45 14.62 13.76 12.89 11.99 11.08 10.14 9.16 8.15 7.11 6.03 4.92 3.79
42.24 42.44 42.51 42.46 42.29 42.05 41.78 41.49 41.17 40.84 40.49 40.13 39.75 39.36 38.97 38.57 38.16 37.76 37.36 36.96 36.56 36.18 35.80 35.44 35.09 34.76 34.45 34.16 33.89 33.65 33.41 33.15 32.87 32.58 32.27 31.94 31.59 31.23 30.86 30.47 30.07 29.65 29.23 28.79 28.34 27.87 27.40 26.92 26.43 25.93 25.42 24.90 24.38 23.85 23.31 22.76 22.17 21.55 20.90 20.22 19.52 18.78 18.02 17.23 16.42 15.59 14.74 13.86 12.96 12.05 11.12 10.17 9.21 8.22 7.19 6.14 5.05 3.93 2.78
43.21 43.45 43.57 43.56 43.43 43.19 42.87 42.53 42.17 41.79 41.40 40.99 40.57 40.15 39.71 39.28 38.84 38.40 37.96 37.53 37.11 36.69 36.29 35.90 35.53 35.17 34.84 34.53 34.25 33.99 33.73 33.45 33.16 32.85 32.52 32.17 31.81 31.43 31.04 30.63 30.21 29.78 29.33 28.87 28.40 27.91 27.42 26.92 26.40 25.88 25.35 24.81 24.27 23.72 23.14 22.54 21.90 21.23 20.54 19.81 19.06 18.28 17.47 16.64 15.79 14.92 14.02 13.11 12.18 11.23 10.26 9.28 8.28 7.27 6.23 5.16 4.06 2.93 1.77
44.16 44.43 44.60 44.64 44.57 44.36 44.04 43.65 43.25 42.82 42.38 41.93 41.47 41.00 40.53 40.06 39.58 39.11 38.64 38.17 37.72 37.27 36.84 36.43 36.03 35.65 35.29 34.96 34.66 34.38 34.11 33.81 33.50 33.17 32.82 32.46 32.08 31.68 31.27 30.84 30.40 29.94 29.47 28.99 28.50 27.99 27.48 26.95 26.42 25.87 25.32 24.76 24.19 23.60 22.98 22.32 21.64 20.92 20.18 19.41 18.61 17.79 16.94 16.07 15.18 14.26 13.33 12.38 11.40 10.42 9.42 8.40 7.37 6.33 5.27 4.19 3.08 1.95 0.78
45.07 45.39 45.59 45.69 45.67 45.52 45.25 44.86 44.40 43.93 43.45 42.95 42.45 41.94 41.43 40.91 40.40 39.89 39.38 38.88 38.40 37.92 37.46 37.02 36.59 36.19 35.81 35.46 35.14 34.84 34.54 34.23 33.90 33.55 33.18 32.80 32.39 31.98 31.54 31.09 30.63 30.15 29.66 29.16 28.65 28.12 27.58 27.03 26.47 25.91 25.33 24.74 24.13 23.49 22.82 22.12 21.39 20.63 19.84 19.02 18.18 17.31 16.42 15.51 14.58 13.62 12.65 11.66 10.66 9.63 8.60 7.55 6.48 5.41 4.33 3.23 2.11 0.97 0.00
45.94 46.30 46.56 46.70 46.74 46.65 46.44 46.10 45.64 45.13 44.59 44.05 43.51 42.95 42.40 41.84 41.29 40.74 40.20 39.67 39.15 38.65 38.15 37.68 37.23 36.80 36.40 36.02 35.68 35.36 35.04 34.71 34.36 33.99 33.60 33.19 32.77 32.33 31.87 31.40 30.92 30.42 29.91 29.38 28.84 28.29 27.73 27.16 26.57 25.98 25.38 24.75 24.10 23.41 22.69 21.94 21.16 20.35 19.51 18.65 17.77 16.86 15.93 14.98 14.00 13.01 12.00 10.98 9.93 8.88 7.81 6.72 5.63 4.52 3.41 2.29 1.16 0.01 0.00
46.79 47.19 47.49 47.68 47.77 47.74 47.59 47.32 46.93 46.41 45.83 45.24 44.65 44.05 43.46 42.86 42.27 41.68 41.10 40.54 39.98 39.44 38.92 38.42 37.94 37.48 37.05 36.65 36.29 35.95 35.61 35.26 34.88 34.49 34.08 33.65 33.21 32.74 32.27 31.77 31.26 30.74 30.20 29.65 29.09 28.51 27.93 27.33 26.72 26.10 25.46 24.78 24.08 23.34 22.57 21.77 20.95 20.09 19.22 18.31 17.39 16.44 15.46 14.47 13.46 12.43 11.39 10.32 9.25 8.16 7.05 5.94 4.81 3.68 2.53 1.38 0.23 0.00 0.00
47.59 48.03 48.38 48.63 48.77 48.80 48.71 48.51 48.18 47.73 47.15 46.52 45.88 45.24 44.60 43.96 43.33 42.70 42.09 41.48 40.89 40.32 39.77 39.23 38.72 38.24 37.79 37.36 36.97 36.61 36.25 35.87 35.48 35.06 34.63 34.18 33.71 33.22 32.72 32.20 31.67 31.12 30.56 29.98 29.39 28.79 28.18 27.55 26.92 26.26 25.57 24.84 24.09 23.30 22.49 21.64 20.77 19.87 18.95 18.00 17.04 16.05 15.03 14.00 12.96 11.89 10.81 9.71 8.60 7.47 6.34 5.19 4.04 2.87 1.70 0.52 0.00 0.00 0.00
48.35 48.84 49.23 49.53 49.73 49.82 49.80 49.66 49.41 49.03 48.52 47.89 47.20 46.52 45.83 45.15 44.48 43.81 43.15 42.51 41.89 41.28 40.69 40.13 39.59 39.08 38.59 38.14 37.72 37.34 36.96 36.56 36.14 35.70 35.24 34.77 34.27 33.76 33.23 32.69 32.13 31.56 30.97 30.37 29.75 29.13 28.49 27.83 27.16 26.45 25.71 24.93 24.13 23.30 22.43 21.54 20.63 19.69 18.72 17.74 16.73 15.70 14.65 13.58 12.49 11.39 10.27 9.14 8.00 6.84 5.67 4.50 3.31 2.12 0.92 0.00 0.00 0.00 0.00
49.07 49.60 50.04 50.39 50.64 50.79 50.84 50.77 50.59 50.28 49.86 49.30 48.62 47.89 47.16 46.43 45.71 45.01 44.31 43.63 42.97 42.33 41.71 41.11 40.54 39.99 39.48 39.00 38.56 38.15 37.75 37.32 36.88 36.41 35.93 35.43 34.91 34.37 33.82 33.25 32.66 32.06 31.45 30.82 30.18 29.52 28.85 28.16 27.43 26.67 25.88 25.06 24.21 23.33 22.42 21.49 20.53 19.55 18.54 17.51 16.46 15.39 14.30 13.20 12.08 10.94 9.79 8.62 7.45 6.26 5.06 3.85 2.64 1.42 0.19 0.00 0.00 0.00 0.00
49.74 50.31 50.80 51.21 51.51 51.73 51.84 51.84 51.73 51.50 51.15 50.68 50.08 49.35 48.58 47.81 47.05 46.30 45.56 44.84 44.14 43.46 42.81 42.17 41.57 41.00 40.45 39.95 39.48 39.04 38.61 38.16 37.69 37.20 36.69 36.17 35.62 35.06 34.48 33.88 33.27 32.64 32.00 31.34 30.67 29.98 29.27 28.53 27.75 26.94 26.10 25.23 24.34 23.41 22.46 21.48 20.48 19.45 18.41 17.34 16.25 15.14 14.02 12.87 11.72 10.54 9.36 8.16 6.95 5.73 4.51 3.27 2.03 0.78 0.00 0.00 0.00 0.00 0.00
50.36 50.98 51.52 51.97 52.34 52.61 52.79 52.86 52.82 52.68 52.41 52.02 51.51 50.86 50.10 49.29 48.48 47.69 46.91 46.15 45.41 44.69 44.00 43.33 42.69 42.09 41.52 40.98 40.48 40.02 39.56 39.09 38.59 38.07 37.54 36.98 36.41 35.82 35.21 34.58 33.94 33.29 32.61 31.93 31.22 30.50 29.74 28.94 28.12 27.26 26.37 25.46 24.51 23.54 22.55 21.53 20.48 19.41 18.33 17.22 16.09 14.95 13.79 12.61 11.42 10.21 8.99 7.76 6.52 5.28 4.02 2.76 1.49 0.21 0.00 0.00 0.00 0.00 0.00
50.93 51.60 52.19 52.70 53.12 53.45 53.69 53.84 53.87 53.80 53.62 53.32 52.90 52.35 51.66 50.86 50.01 49.18 48.36 47.55 46.77 46.02 45.29 44.58 43.91 43.27 42.67 42.10 41.57 41.08 40.60 40.10 39.57 39.03 38.47 37.88 37.28 36.66 36.02 35.37 34.69 34.01 33.30 32.59 31.84 31.07 30.25 29.41 28.54 27.63 26.70 25.74 24.75 23.73 22.69 21.63 20.54 19.44 18.31 17.16 16.00 14.82 13.62 12.41 11.18 9.94 8.69 7.43 6.16 4.89 3.60 2.31 1.02 0.00 0.00 0.00 0.00 0.00 0.00
