data_output/RCH/Precip_2011_11.asc
ncols        168
nrows        136
xllcorner    455000
yllcorner    2107000
cellsize     500
NODATA_value     -99999
[rows 0 to 34 of 136, columns 78 to 155 of 168]
29.38 29.88 30.38 30.88 31.38 31.88 32.39 32.88 33.38 33.87 34.35 34.83 35.30 35.73 36.10 36.41 36.66 36.85 36.99 37.08 37.12 37.10 37.04 36.94 36.79 36.60 36.37 36.10 35.80 35.46 35.09 34.69 34.26 33.81 33.33 32.82 32.25 31.63 30.95 30.23 29.47 28.66 27.82 26.94 26.03 25.10 24.15 23.18 22.20 21.21 20.21 19.21 18.21 17.21 16.22 15.24 14.28 13.34 12.42 11.53 10.67 9.85 9.07 8.33 7.65 7.01 6.43 5.91 5.46 5.06 4.72 4.42 4.18 3.98 3.83 3.73 3.68 3.68
29.33 29.82 30.32 30.83 31.33 31.83 32.34 32.84 33.33 33.83 34.32 34.80 35.27 35.73 36.16 36.52 36.83 37.07 37.26 37.39 37.47 37.50 37.48 37.41 37.29 37.13 36.93 36.69 36.41 36.10 35.75 35.36 34.95 34.51 34.03 33.49 32.89 32.24 31.53 30.77 29.97 29.13 28.25 27.34 26.40 25.43 24.44 23.43 22.41 21.38 20.34 19.29 18.25 17.21 16.18 15.17 14.16 13.18 12.22 11.29 10.40 9.54 8.72 7.94 7.21 6.54 5.92 5.37 4.88 4.45 4.10 3.79 3.54 3.34 3.19 3.10 3.05 3.06
29.26 29.76 30.26 30.76 31.26 31.77 32.27 32.78 33.28 33.77 34.27 34.75 35.23 35.70 36.16 36.58 36.93 37.23 37.47 37.65 37.78 37.85 37.87 37.83 37.76 37.63 37.46 37.25 37.00 36.70 36.38 36.01 35.61 35.18 34.68 34.11 33.49 32.80 32.07 31.28 30.45 29.58 28.67 27.72 26.74 25.74 24.72 23.68 22.62 21.55 20.47 19.39 18.32 17.24 16.17 15.12 14.08 13.06 12.07 11.10 10.17 9.28 8.42 7.61 6.85 6.14 5.49 4.90 4.38 3.92 3.54 3.23 2.97 2.77 2.62 2.54 2.50 2.53
29.18 29.67 30.17 30.68 31.18 31.69 32.20 32.70 33.21 33.71 34.20 34.69 35.17 35.65 36.11 36.57 36.98 37.33 37.62 37.85 38.03 38.14 38.21 38.22 38.17 38.09 37.95 37.77 37.55 37.28 36.98 36.63 36.25 35.79 35.27 34.68 34.03 33.32 32.56 31.75 30.89 29.99 29.05 28.08 27.08 26.05 24.99 23.92 22.83 21.73 20.62 19.51 18.40 17.29 16.19 15.10 14.03 12.98 11.96 10.96 10.00 9.07 8.18 7.34 6.55 5.81 5.13 4.51 3.96 3.48 3.07 2.74 2.47 2.27 2.13 2.05 2.03 2.07
29.08 29.58 30.08 30.58 31.09 31.60 32.11 32.62 33.12 33.63 34.12 34.62 35.10 35.58 36.05 36.52 36.96 37.37 37.72 38.00 38.22 38.39 38.49 38.55 38.55 38.50 38.40 38.25 38.06 37.82 37.55 37.22 36.82 36.35 35.81 35.20 34.53 33.80 33.02 32.18 31.30 30.38 29.42 28.42 27.39 26.34 25.26 24.16 23.04 21.91 20.78 19.64 18.50 17.36 16.23 15.11 14.02 12.94 11.88 10.86 9.87 8.92 8.00 7.14 6.32 5.56 4.85 4.21 3.63 3.12 2.68 2.33 2.05 1.85 1.72 1.65 1.64 1.70
28.97 29.47 29.97 30.48 30.99 31.50 32.01 32.52 33.03 33.53 34.03 34.53 35.02 35.51 35.98 36.45 36.90 37.34 37.75 38.08 38.36 38.58 38.73 38.83 38.87 38.87 38.80 38.69 38.54 38.33 38.07 37.74 37.33 36.84 36.28 35.66 34.98 34.23 33.43 32.58 31.68 30.74 29.76 28.74 27.69 26.61 25.51 24.39 23.25 22.10 20.94 19.77 18.61 17.45 16.29 15.15 14.03 12.93 11.85 10.81 9.79 8.81 7.88 6.99 6.15 5.37 4.64 3.97 3.37 2.84 2.39 2.01 1.72 1.51 1.38 1.32 1.33 1.40
28.85 29.35 29.85 30.36 30.86 31.38 31.89 32.40 32.91 33.42 33.93 34.43 34.92 35.41 35.89 36.37 36.83 37.28 37.71 38.11 38.44 38.71 38.91 39.06 39.15 39.19 39.17 39.09 38.97 38.79 38.53 38.19 37.77 37.27 36.70 36.07 35.37 34.62 33.80 32.94 32.03 31.07 30.07 29.04 27.97 26.88 25.76 24.62 23.46 22.29 21.11 19.92 18.74 17.55 16.38 15.22 14.08 12.96 11.86 10.79 9.76 8.76 7.81 6.90 6.05 5.24 4.50 3.82 3.20 2.65 2.18 1.79 1.48 1.26 1.13 1.08 1.10 1.19
28.71 29.21 29.71 30.22 30.73 31.25 31.76 32.28 32.79 33.30 33.81 34.32 34.81 35.31 35.79 36.27 36.74 37.19 37.64 38.07 38.45 38.78 39.04 39.24 39.38 39.46 39.48 39.45 39.36 39.18 38.91 38.57 38.14 37.64 37.07 36.42 35.72 34.95 34.13 33.26 32.33 31.37 30.36 29.31 28.24 27.13 26.00 24.84 23.67 22.48 21.28 20.08 18.88 17.68 16.49 15.31 14.15 13.02 11.91 10.82 9.78 8.77 7.80 6.88 6.00 5.19 4.43 3.73 3.10 2.55 2.06 1.66 1.34 1.10 0.96 0.91 0.95 1.06
28.56 29.06 29.56 30.07 30.58 31.10 31.62 32.13 32.65 33.17 33.68 34.19 34.69 35.19 35.68 36.16 36.63 37.10 37.55 37.99 38.41 38.79 39.10 39.36 39.55 39.67 39.74 39.75 39.66 39.48 39.22 38.87 38.45 37.94 37.37 36.72 36.01 35.24 34.42 33.54 32.61 31.63 30.62 29.57 28.48 27.36 26.22 25.05 23.87 22.67 21.46 20.25 19.03 17.82 16.62 15.43 14.26 13.11 11.99 10.90 9.84 8.82 7.84 6.91 6.03 5.20 4.43 3.73 3.09 2.52 2.03 1.62 1.29 1.05 0.90 0.84 0.88 1.02
28.40 28.90 29.40 29.91 30.42 30.94 31.46 31.98 32.50 33.02 33.53 34.05 34.55 35.06 35.55 36.04 36.52 36.99 37.44 37.89 38.32 38.74 39.11 39.42 39.66 39.84 39.95 39.96 39.88 39.71 39.45 39.11 38.68 38.18 37.60 36.96 36.25 35.48 34.65 33.77 32.84 31.87 30.85 29.79 28.70 27.58 26.43 25.26 24.07 22.87 21.65 20.43 19.20 17.98 16.77 15.57 14.39 13.24 12.11 11.01 9.94 8.92 7.93 6.99 6.11 5.27 4.50 3.79 3.15 2.58 2.08 1.66 1.33 1.09 0.93 0.88 0.92 1.06
28.22 28.72 29.22 29.74 30.25 30.77 31.29 31.81 32.33 32.86 33.38 33.89 34.40 34.91 35.41 35.90 36.39 36.86 37.33 37.78 38.22 38.64 39.05 39.41 39.71 39.93 40.06 40.09 40.02 39.85 39.60 39.26 38.85 38.35 37.78 37.14 36.44 35.67 34.85 33.97 33.04 32.07 31.05 29.99 28.90 27.78 26.63 25.46 24.26 23.06 21.84 20.61 19.38 18.15 16.94 15.74 14.56 13.40 12.26 11.16 10.09 9.06 8.08 7.14 6.25 5.42 4.64 3.93 3.29 2.71 2.22 1.80 1.47 1.22 1.07 1.02 1.06 1.21
28.03 28.53 29.04 29.55 30.06 30.58 31.11 31.63 32.16 32.68 33.20 33.72 34.24 34.75 35.26 35.76 36.25 36.73 37.20 37.66 38.10 38.53 38.95 39.35 39.69 39.94 40.08 40.12 40.06 39.91 39.67 39.35 38.94 38.45 37.89 37.27 36.57 35.81 35.00 34.12 33.20 32.23 31.22 30.17 29.08 27.96 26.81 25.64 24.45 23.25 22.03 20.80 19.57 18.34 17.13 15.93 14.75 13.59 12.45 11.35 10.29 9.26 8.27 7.34 6.45 5.62 4.85 4.14 3.50 2.93 2.44 2.03 1.70 1.46 1.31 1.26 1.31 1.46
27.83 28.33 28.83 29.35 29.86 30.38 30.91 31.44 31.96 32.49 33.02 33.54 34.06 34.58 35.09 35.59 36.09 36.58 37.05 37.52 37.97 38.41 38.84 39.24 39.58 39.84 40.00 40.06 40.02 39.89 39.66 39.35 38.96 38.49 37.94 37.33 36.65 35.90 35.09 34.23 33.32 32.36 31.36 30.32 29.24 28.12 26.98 25.82 24.63 23.43 22.22 20.99 19.77 18.54 17.33 16.14 14.96 13.81 12.68 11.58 10.52 9.50 8.52 7.59 6.71 5.89 5.12 4.42 3.79 3.23 2.74 2.34 2.02 1.79 1.65 1.61 1.67 1.83
27.61 28.11 28.62 29.13 29.65 30.17 30.70 31.23 31.76 32.29 32.82 33.35 33.87 34.39 34.91 35.42 35.92 36.41 36.90 37.37 37.83 38.28 38.70 39.07 39.39 39.65 39.83 39.91 39.89 39.78 39.57 39.28 38.91 38.46 37.93 37.33 36.66 35.93 35.15 34.30 33.40 32.46 31.47 30.44 29.37 28.27 27.14 25.98 24.81 23.62 22.41 21.19 19.97 18.76 17.56 16.37 15.20 14.06 12.94 11.85 10.80 9.79 8.82 7.90 7.03 6.21 5.46 4.77 4.15 3.60 3.13 2.74 2.43 2.21 2.09 2.06 2.13 2.31
27.38 27.88 28.39 28.90 29.42 29.95 30.48 31.01 31.54 32.08 32.61 33.14 33.67 34.20 34.72 35.23 35.74 36.24 36.73 37.20 37.67 38.12 38.51 38.85 39.14 39.38 39.56 39.66 39.67 39.58 39.40 39.13 38.78 38.35 37.85 37.27 36.63 35.92 35.15 34.32 33.44 32.51 31.54 30.53 29.48 28.39 27.28 26.14 24.97 23.79 22.60 21.40 20.19 18.99 17.80 16.62 15.47 14.33 13.23 12.15 11.12 10.12 9.16 8.26 7.40 6.60 5.87 5.19 4.59 4.05 3.60 3.22 2.93 2.73 2.62 2.61 2.70 2.88
27.14 27.64 28.15 28.66 29.18 29.71 30.24 30.77 31.31 31.85 32.38 32.92 33.45 33.98 34.51 35.03 35.54 36.05 36.54 37.03 37.49 37.91 38.27 38.58 38.84 39.05 39.21 39.32 39.36 39.30 39.15 38.91 38.59 38.18 37.70 37.15 36.53 35.85 35.10 34.30 33.44 32.53 31.58 30.59 29.56 28.49 27.40 26.28 25.13 23.97 22.79 21.60 20.41 19.23 18.05 16.89 15.75 14.64 13.55 12.49 11.47 10.49 9.56 8.67 7.83 7.05 6.33 5.68 5.09 4.58 4.15 3.79 3.52 3.34 3.26 3.27 3.36 3.51
26.88 27.38 27.89 28.41 28.93 29.46 29.99 30.53 31.07 31.61 32.15 32.69 33.22 33.76 34.29 34.81 35.33 35.84 36.34 36.83 37.26 37.65 37.98 38.26 38.50 38.68 38.82 38.91 38.96 38.93 38.81 38.60 38.31 37.94 37.49 36.97 36.38 35.72 35.00 34.22 33.39 32.51 31.59 30.62 29.61 28.57 27.50 26.40 25.28 24.14 22.98 21.81 20.64 19.47 18.32 17.18 16.06 14.97 13.90 12.87 11.87 10.91 10.00 9.13 8.32 7.56 6.87 6.24 5.67 5.19 4.77 4.44 4.20 4.04 3.98 4.00 4.07 4.16
26.61 27.11 27.62 28.14 28.66 29.19 29.73 30.27 30.81 31.35 31.90 32.44 32.98 33.52 34.05 34.59 35.11 35.63 36.12 36.58 36.98 37.33 37.64 37.89 38.10 38.27 38.38 38.46 38.49 38.47 38.39 38.22 37.96 37.62 37.21 36.72 36.16 35.54 34.85 34.10 33.31 32.46 31.56 30.62 29.64 28.63 27.58 26.51 25.41 24.30 23.17 22.02 20.87 19.73 18.60 17.49 16.40 15.33 14.28 13.28 12.30 11.37 10.48 9.64 8.86 8.13 7.46 6.86 6.33 5.86 5.48 5.18 4.96 4.84 4.79 4.78 4.81 4.85
26.33 26.83 27.34 27.86 28.38 28.91 29.45 29.99 30.54 31.08 31.63 32.18 32.72 33.27 33.81 34.34 34.87 35.38 35.85 36.27 36.64 36.97 37.25 37.48 37.66 37.81 37.90 37.96 37.98 37.95 37.88 37.75 37.53 37.23 36.86 36.41 35.88 35.30 34.65 33.94 33.17 32.36 31.49 30.59 29.64 28.66 27.65 26.60 25.54 24.45 23.35 22.23 21.11 20.00 18.90 17.81 16.75 15.71 14.70 13.72 12.77 11.87 11.02 10.21 9.45 8.75 8.12 7.55 7.05 6.62 6.27 6.00 5.82 5.71 5.64 5.59 5.57 5.57
26.03 26.53 27.04 27.56 28.09 28.62 29.16 29.71 30.25 30.80 31.35 31.91 32.46 33.00 33.55 34.09 34.61 35.10 35.53 35.92 36.26 36.55 36.81 37.01 37.18 37.30 37.38 37.42 37.43 37.39 37.32 37.20 37.03 36.77 36.44 36.03 35.55 35.00 34.39 33.72 32.99 32.22 31.39 30.52 29.61 28.67 27.69 26.68 25.65 24.60 23.53 22.44 21.36 20.27 19.21 18.15 17.12 16.11 15.14 14.19 13.28 12.41 11.59 10.82 10.10 9.44 8.84 8.30 7.84 7.44 7.13 6.90 6.74 6.61 6.51 6.42 6.36 6.32
25.72 26.23 26.74 27.26 27.78 28.32 28.86 29.41 29.96 30.51 31.06 31.62 32.17 32.73 33.28 33.81 34.30 34.75 35.15 35.51 35.82 36.09 36.32 36.51 36.65 36.75 36.82 36.85 36.84 36.79 36.71 36.60 36.44 36.23 35.95 35.58 35.15 34.64 34.08 33.45 32.77 32.03 31.25 30.42 29.55 28.65 27.71 26.74 25.75 24.73 23.70 22.65 21.60 20.56 19.52 18.51 17.51 16.54 15.60 14.70 13.83 13.00 12.21 11.48 10.80 10.17 9.61 9.12 8.69 8.34 8.07 7.86 7.69 7.53 7.39 7.27 7.17 7.10
25.40 25.90 26.42 26.94 27.47 28.00 28.55 29.09 29.65 30.20 30.76 31.32 31.88 32.44 32.98 33.48 33.94 34.36 34.73 35.05 35.34 35.58 35.79 35.95 36.08 36.17 36.22 36.24 36.22 36.16 36.08 35.96 35.81 35.62 35.38 35.07 34.68 34.23 33.71 33.13 32.50 31.81 31.07 30.29 29.46 28.60 27.71 26.78 25.83 24.86 23.87 22.86 21.85 20.84 19.85 18.88 17.93 17.00 16.10 15.23 14.40 13.62 12.88 12.18 11.55 10.97 10.45 10.00 9.62 9.31 9.07 8.85 8.65 8.47 8.30 8.14 8.01 7.90
25.07 25.57 26.08 26.60 27.13 27.67 28.22 28.77 29.32 29.88 30.44 31.01 31.57 32.12 32.63 33.10 33.53 33.91 34.25 34.55 34.81 35.03 35.21 35.36 35.47 35.54 35.58 35.59 35.56 35.50 35.41 35.29 35.14 34.96 34.75 34.49 34.16 33.76 33.29 32.76 32.18 31.54 30.85 30.12 29.34 28.53 27.68 26.80 25.90 24.97 24.03 23.06 22.10 21.14 20.19 19.26 18.35 17.47 16.62 15.80 15.02 14.28 13.58 12.94 12.35 11.82 11.35 10.94 10.61 10.34 10.09 9.85 9.63 9.41 9.22 9.03 8.87 8.72
24.72 25.22 25.73 26.26 26.79 27.33 27.88 28.43 28.99 29.55 30.12 30.68 31.24 31.76 32.23 32.67 33.06 33.41 33.72 34.00 34.24 34.43 34.60 34.73 34.82 34.88 34.91 34.91 34.87 34.81 34.71 34.59 34.45 34.27 34.07 33.84 33.57 33.22 32.81 32.34 31.81 31.23 30.59 29.91 29.19 28.43 27.63 26.81 25.95 25.07 24.18 23.26 22.35 21.44 20.54 19.66 18.80 17.97 17.16 16.39 15.66 14.97 14.33 13.74 13.20 12.72 12.30 11.95 11.65 11.38 11.11 10.86 10.61 10.37 10.15 9.94 9.74 9.56
24.36 24.86 25.37 25.90 26.43 26.97 27.52 28.08 28.64 29.21 29.77 30.33 30.86 31.34 31.78 32.18 32.54 32.87 33.15 33.40 33.62 33.80 33.94 34.05 34.13 34.18 34.20 34.19 34.15 34.08 33.99 33.87 33.73 33.56 33.36 33.15 32.91 32.63 32.28 31.86 31.39 30.87 30.29 29.67 29.01 28.30 27.56 26.79 25.99 25.16 24.32 23.46 22.59 21.74 20.89 20.06 19.26 18.48 17.73 17.02 16.34 15.70 15.12 14.58 14.09 13.67 13.31 13.00 12.71 12.42 12.14 11.86 11.60 11.34 11.09 10.86 10.64 10.43
23.99 24.49 25.00 25.53 26.06 26.60 27.16 27.71 28.28 28.85 29.41 29.93 30.42 30.87 31.27 31.64 31.98 32.27 32.53 32.76 32.95 33.11 33.24 33.34 33.41 33.45 33.46 33.44 33.40 33.33 33.24 33.12 32.98 32.82 32.64 32.44 32.21 31.97 31.68 31.33 30.93 30.47 29.95 29.39 28.79 28.14 27.46 26.75 26.01 25.24 24.45 23.65 22.84 22.04 21.25 20.48 19.74 19.01 18.32 17.67 17.05 16.47 15.94 15.46 15.04 14.67 14.36 14.06 13.76 13.46 13.17 12.88 12.59 12.32 12.05 11.79 11.54 11.31
23.60 24.10 24.62 25.14 25.68 26.22 26.78 27.34 27.90 28.46 28.99 29.48 29.93 30.34 30.72 31.06 31.36 31.63 31.87 32.08 32.25 32.39 32.51 32.59 32.65 32.68 32.69 32.67 32.62 32.55 32.46 32.35 32.22 32.07 31.89 31.70 31.50 31.27 31.03 30.75 30.41 30.01 29.57 29.07 28.53 27.95 27.33 26.69 26.01 25.30 24.58 23.84 23.09 22.35 21.62 20.91 20.23 19.57 18.94 18.34 17.79 17.27 16.81 16.39 16.03 15.72 15.41 15.11 14.80 14.49 14.19 13.89 13.59 13.30 13.01 12.73 12.47 12.21
23.20 23.70 24.22 24.74 25.28 25.83 26.38 26.95 27.50 28.03 28.52 28.97 29.39 29.77 30.11 30.42 30.70 30.95 31.17 31.35 31.51 31.64 31.74 31.81 31.86 31.89 31.89 31.86 31.82 31.75 31.66 31.56 31.43 31.29 31.13 30.96 30.77 30.56 30.34 30.11 29.84 29.51 29.14 28.71 28.24 27.73 27.18 26.60 25.99 25.35 24.69 24.01 23.33 22.65 21.99 21.35 20.73 20.14 19.57 19.04 18.56 18.11 17.71 17.36 17.06 16.76 16.45 16.15 15.84 15.52 15.21 14.90 14.59 14.28 13.98 13.69 13.40 13.12
22.79 23.29 23.81 24.33 24.87 25.42 25.98 26.53 27.06 27.54 27.99 28.41 28.79 29.14 29.46 29.74 30.00 30.22 30.42 30.59 30.73 30.84 30.93 31.00 31.04 31.06 31.05 31.03 30.99 30.92 30.84 30.74 30.63 30.50 30.35 30.19 30.02 29.84 29.64 29.44 29.22 28.97 28.66 28.31 27.91 27.48 27.00 26.49 25.95 25.38 24.79 24.18 23.57 22.96 22.37 21.80 21.25 20.72 20.23 19.77 19.35 18.98 18.65 18.36 18.07 17.78 17.48 17.17 16.86 16.55 16.23 15.91 15.59 15.27 14.96 14.65 14.34 14.04
22.36 22.87 23.38 23.91 24.45 25.00 25.55 26.07 26.55 27.00 27.42 27.80 28.15 28.47 28.76 29.02 29.25 29.45 29.63 29.78 29.91 30.01 30.09 30.15 30.19 30.20 30.20 30.17 30.13 30.07 30.00 29.91 29.81 29.69 29.56 29.42 29.27 29.10 28.93 28.75 28.57 28.37 28.14 27.87 27.55 27.19 26.79 26.35 25.89 25.39 24.88 24.34 23.80 23.27 22.75 22.25 21.77 21.32 20.90 20.52 20.18 19.88 19.61 19.35 19.07 18.78 18.49 18.19 17.87 17.56 17.24 16.91 16.59 16.26 15.94 15.61 15.29 14.98
21.93 22.43 22.95 23.48 24.02 24.56 25.07 25.55 25.99 26.41 26.79 27.14 27.46 27.75 28.01 28.25 28.46 28.65 28.81 28.94 29.06 29.15 29.22 29.27 29.30 29.32 29.31 29.29 29.25 29.20 29.14 29.06 28.97 28.87 28.75 28.63 28.50 28.36 28.22 28.07 27.91 27.75 27.58 27.39 27.15 26.87 26.55 26.19 25.80 25.39 24.95 24.50 24.03 23.57 23.13 22.71 22.31 21.94 21.60 21.30 21.03 20.80 20.56 20.31 20.04 19.77 19.48 19.18 18.87 18.56 18.24 17.91 17.58 17.25 16.92 16.59 16.25 15.92
21.48 21.98 22.50 23.03 23.56 24.06 24.53 24.97 25.38 25.76 26.11 26.43 26.72 26.99 27.23 27.44 27.63 27.80 27.94 28.07 28.17 28.25 28.32 28.36 28.39 28.41 28.40 28.39 28.36 28.31 28.26 28.19 28.11 28.03 27.94 27.83 27.73 27.61 27.50 27.37 27.25 27.12 26.99 26.86 26.71 26.51 26.28 26.00 25.70 25.37 25.01 24.64 24.25 23.88 23.52 23.18 22.86 22.57 22.31 22.09 21.90 21.70 21.48 21.24 20.99 20.73 20.45 20.16 19.86 19.55 19.23 18.90 18.57 18.24 17.90 17.56 17.22 16.88
21.01 21.52 22.03 22.55 23.05 23.51 23.94 24.35 24.72 25.06 25.38 25.67 25.94 26.18 26.40 26.59 26.76 26.92 27.05 27.16 27.25 27.33 27.39 27.43 27.46 27.47 27.47 27.46 27.44 27.40 27.36 27.31 27.25 27.18 27.11 27.03 26.95 26.86 26.77 26.68 26.59 26.50 26.41 26.32 26.23 26.12 25.97 25.79 25.57 25.33 25.06 24.77 24.47 24.18 23.90 23.65 23.42 23.21 23.04 22.90 22.74 22.56 22.36 22.15 21.91 21.66 21.40 21.12 20.83 20.52 20.21 19.89 19.56 19.22 18.88 18.53 18.18 17.83
20.54 21.04 21.55 22.03 22.48 22.91 23.30 23.67 24.01 24.32 24.61 24.87 25.11 25.33 25.53 25.70 25.86 26.00 26.11 26.22 26.30 26.37 26.43 26.47 26.50 26.51 26.52 26.51 26.50 26.48 26.45 26.41 26.37 26.32 26.27 26.22 26.16 26.10 26.04 25.99 25.93 25.87 25.82 25.78 25.73 25.69 25.64 25.54 25.42 25.26 25.08 24.88 24.67 24.47 24.29 24.12 23.98 23.87 23.78 23.67 23.54 23.39 23.22 23.02 22.80 22.57 22.32 22.05 21.77 21.48 21.17 20.86 20.53 20.19 19.85 19.50 19.15 18.80
20.05 20.54 21.01 21.45 21.86 22.25 22.60 22.94 23.24 23.53 23.79 24.03 24.24 24.44 24.62 24.78 24.92 25.04 25.15 25.24 25.32 25.39 25.44 25.48 25.51 25.53 25.54 25.55 25.54 25.54 25.52 25.50 25.48 25.45 25.43 25.40 25.37 25.34 25.31 25.29 25.27 25.25 25.24 25.24 25.24 25.25 25.27 25.27 25.24 25.18 25.10 24.99 24.87 24.76 24.67 24.60 24.56 24.52 24.48 24.41 24.31 24.18 24.03 23.86 23.67 23.45 23.22 22.97 22.70 22.42 22.12 21.81 21.49 21.16 20.82 20.47 20.12 19.76
