data_output/RCH/Precip_1992_05.asc
ncols        168
nrows        136
xllcorner    455000
yllcorner    2107000
cellsize     500
NODATA_value     -99999
[rows 0 to 32 of 136, columns 0 to 73 of 168]
121.49 120.90 120.29 119.66 119.01 118.35 117.67 116.98 116.27 115.55 114.82 114.08 113.33 112.56 111.80 111.02 110.24 109.45 108.66 107.87 107.07 106.28 105.48 104.69 103.90 103.12 102.41 101.82 101.35 100.99 100.73 100.57 100.51 100.54 100.65 100.80 100.85 100.79 100.61 100.33 99.93 99.44 98.84 98.15 97.37 96.54 95.71 94.87 94.03 93.19 92.36 91.52 90.69 89.87 89.05 88.23 87.43 86.64 85.85 85.08 84.32 83.58 82.85 82.13 81.44 80.77 80.11 79.48 78.87 78.28 77.72 77.19 76.68 76.20
121.86 121.28 120.69 120.07 119.43 118.78 118.12 117.44 116.75 116.04 115.32 114.60 113.86 113.12 112.36 111.61 110.84 110.08 109.30 108.53 107.76 106.98 106.21 105.44 104.67 103.90 103.15 102.47 101.91 101.47 101.13 100.91 100.78 100.74 100.80 100.89 100.89 100.78 100.55 100.20 99.75 99.20 98.54 97.79 97.00 96.19 95.38 94.56 93.75 92.93 92.11 91.29 90.47 89.66 88.85 88.05 87.26 86.47 85.70 84.93 84.18 83.43 82.71 82.00 81.30 80.63 79.97 79.33 78.72 78.12 77.56 77.01 76.50 76.01
122.17 121.60 121.02 120.41 119.79 119.15 118.50 117.83 117.15 116.46 115.76 115.05 114.33 113.60 112.87 112.13 111.38 110.63 109.88 109.13 108.38 107.62 106.87 106.12 105.37 104.63 103.89 103.17 102.53 102.00 101.58 101.28 101.08 100.98 100.98 101.02 100.96 100.79 100.50 100.10 99.59 98.97 98.26 97.49 96.72 95.93 95.14 94.35 93.55 92.75 91.94 91.14 90.34 89.54 88.74 87.95 87.17 86.39 85.62 84.86 84.11 83.37 82.64 81.93 81.23 80.56 79.89 79.25 78.63 78.03 77.45 76.90 76.37 75.87
122.42 121.86 121.28 120.69 120.08 119.45 118.81 118.16 117.50 116.82 116.14 115.44 114.74 114.03 113.31 112.59 111.86 111.13 110.40 109.67 108.93 108.20 107.47 106.74 106.02 105.30 104.59 103.88 103.19 102.58 102.08 101.70 101.43 101.26 101.20 101.17 101.06 100.83 100.48 100.01 99.44 98.76 98.03 97.29 96.54 95.77 95.00 94.23 93.45 92.66 91.87 91.08 90.29 89.50 88.72 87.94 87.16 86.38 85.62 84.86 84.11 83.38 82.65 81.94 81.24 80.56 79.89 79.24 78.62 78.01 77.42 76.86 76.31 75.80
122.60 122.05 121.48 120.90 120.30 119.69 119.07 118.43 117.78 117.11 116.44 115.76 115.08 114.38 113.68 112.98 112.27 111.56 110.85 110.14 109.42 108.71 108.00 107.30 106.60 105.90 105.21 104.53 103.86 103.20 102.62 102.16 101.82 101.58 101.45 101.36 101.19 100.89 100.48 99.95 99.31 98.62 97.91 97.19 96.46 95.72 94.96 94.21 93.44 92.67 91.90 91.12 90.34 89.56 88.79 88.01 87.24 86.47 85.71 84.95 84.21 83.47 82.74 82.03 81.33 80.64 79.97 79.31 78.68 78.06 77.46 76.88 76.33 75.80
122.71 122.17 121.62 121.05 120.46 119.86 119.25 118.63 117.99 117.34 116.69 116.02 115.35 114.68 113.99 113.31 112.62 111.93 111.24 110.54 109.85 109.16 108.47 107.79 107.11 106.44 105.78 105.12 104.47 103.83 103.21 102.67 102.25 101.94 101.74 101.59 101.35 100.99 100.50 99.91 99.26 98.59 97.90 97.20 96.49 95.77 95.03 94.29 93.54 92.78 92.02 91.26 90.49 89.72 88.95 88.18 87.41 86.65 85.89 85.14 84.39 83.65 82.92 82.20 81.50 80.80 80.13 79.46 78.81 78.18 77.57 76.98 76.41 75.87
122.76 122.23 121.69 121.13 120.56 119.97 119.37 118.76 118.14 117.50 116.86 116.22 115.56 114.90 114.24 113.57 112.90 112.23 111.56 110.88 110.21 109.54 108.88 108.22 107.56 106.91 106.27 105.64 105.02 104.40 103.80 103.22 102.72 102.33 102.06 101.85 101.54 101.11 100.56 99.95 99.32 98.67 98.01 97.33 96.63 95.93 95.21 94.48 93.75 93.00 92.25 91.50 90.74 89.98 89.21 88.45 87.69 86.92 86.17 85.41 84.67 83.93 83.19 82.47 81.76 81.06 80.37 79.69 79.04 78.39 77.77 77.16 76.58 76.01
122.74 122.22 121.69 121.14 120.58 120.01 119.42 118.82 118.22 117.60 116.98 116.34 115.71 115.06 114.42 113.77 113.12 112.46 111.81 111.16 110.51 109.86 109.22 108.58 107.95 107.32 106.71 106.10 105.50 104.91 104.34 103.77 103.24 102.78 102.43 102.14 101.77 101.27 100.70 100.11 99.51 98.88 98.23 97.57 96.89 96.20 95.50 94.79 94.07 93.33 92.59 91.85 91.10 90.34 89.58 88.82 88.06 87.30 86.54 85.79 85.04 84.30 83.56 82.83 82.11 81.40 80.70 80.02 79.35 78.69 78.05 77.43 76.83 76.25
122.65 122.14 121.62 121.09 120.54 119.98 119.41 118.82 118.23 117.63 117.02 116.41 115.78 115.16 114.53 113.90 113.27 112.63 112.00 111.37 110.74 110.11 109.49 108.88 108.27 107.67 107.07 106.49 105.92 105.36 104.81 104.27 103.75 103.25 102.84 102.48 102.03 101.52 100.97 100.40 99.81 99.21 98.58 97.94 97.28 96.60 95.91 95.21 94.50 93.78 93.05 92.31 91.57 90.81 90.06 89.30 88.54 87.79 87.03 86.27 85.52 84.77 84.03 83.29 82.56 81.84 81.13 80.44 79.75 79.08 78.43 77.79 77.17 76.56
122.49 122.00 121.49 120.97 120.43 119.88 119.32 118.76 118.18 117.59 117.00 116.40 115.80 115.19 114.58 113.96 113.35 112.74 112.12 111.51 110.90 110.30 109.70 109.11 108.52 107.95 107.38 106.82 106.27 105.73 105.21 104.70 104.21 103.73 103.28 102.86 102.39 101.89 101.37 100.82 100.26 99.67 99.06 98.43 97.79 97.13 96.45 95.76 95.06 94.35 93.62 92.89 92.15 91.41 90.65 89.90 89.14 88.38 87.62 86.86 86.10 85.35 84.60 83.85 83.11 82.38 81.66 80.95 80.25 79.57 78.89 78.24 77.60 76.97
122.30 121.82 121.32 120.81 120.28 119.75 119.20 118.65 118.08 117.51 116.93 116.35 115.76 115.17 114.58 113.98 113.39 112.79 112.20 111.61 111.02 110.44 109.86 109.29 108.73 108.17 107.63 107.09 106.57 106.06 105.56 105.08 104.62 104.17 103.73 103.31 102.86 102.38 101.88 101.36 100.81 100.24 99.65 99.04 98.41 97.76 97.09 96.42 95.72 95.02 94.30 93.58 92.84 92.10 91.35 90.59 89.84 89.07 88.31 87.55 86.78 86.02 85.26 84.51 83.76 83.02 82.28 81.56 80.84 80.14 79.45 78.77 78.11 77.47
122.17 121.70 121.21 120.70 120.19 119.66 119.13 118.59 118.03 117.47 116.91 116.34 115.77 115.19 114.61 114.03 113.45 112.87 112.30 111.72 111.16 110.59 110.03 109.48 108.94 108.41 107.88 107.37 106.87 106.38 105.91 105.45 105.01 104.59 104.18 103.77 103.34 102.89 102.41 101.91 101.38 100.83 100.26 99.66 99.05 98.41 97.76 97.10 96.41 95.72 95.01 94.29 93.56 92.82 92.07 91.32 90.56 89.80 89.03 88.26 87.50 86.73 85.96 85.20 84.44 83.69 82.94 82.20 81.48 80.76 80.05 79.35 78.67 78.01
122.13 121.66 121.18 120.68 120.17 119.65 119.13 118.59 118.05 117.50 116.94 116.38 115.82 115.26 114.69 114.12 113.56 112.99 112.43 111.87 111.32 110.77 110.23 109.70 109.17 108.66 108.15 107.66 107.18 106.71 106.26 105.82 105.40 105.00 104.62 104.23 103.82 103.39 102.93 102.45 101.95 101.41 100.86 100.28 99.68 99.07 98.43 97.77 97.10 96.42 95.72 95.01 94.28 93.55 92.80 92.05 91.30 90.53 89.77 89.00 88.22 87.45 86.68 85.91 85.14 84.38 83.62 82.87 82.13 81.39 80.67 79.96 79.26 78.57
122.16 121.69 121.21 120.72 120.22 119.70 119.18 118.65 118.11 117.57 117.02 116.47 115.91 115.36 114.80 114.24 113.69 113.13 112.58 112.04 111.49 110.96 110.43 109.91 109.40 108.90 108.41 107.93 107.47 107.02 106.59 106.17 105.78 105.41 105.05 104.68 104.29 103.87 103.44 102.98 102.50 101.99 101.45 100.89 100.31 99.71 99.09 98.45 97.79 97.12 96.43 95.72 95.01 94.28 93.54 92.79 92.04 91.28 90.51 89.74 88.96 88.19 87.41 86.63 85.86 85.09 84.32 83.56 82.80 82.05 81.32 80.59 79.87 79.17
122.25 121.78 121.30 120.81 120.30 119.79 119.27 118.74 118.21 117.67 117.13 116.58 116.03 115.48 114.93 114.38 113.83 113.28 112.74 112.20 111.67 111.14 110.63 110.12 109.62 109.13 108.65 108.19 107.74 107.30 106.88 106.50 106.15 105.82 105.48 105.13 104.75 104.35 103.94 103.50 103.04 102.55 102.04 101.50 100.93 100.35 99.74 99.12 98.47 97.81 97.13 96.44 95.73 95.01 94.28 93.54 92.78 92.02 91.26 90.49 89.71 88.93 88.15 87.37 86.59 85.81 85.03 84.26 83.49 82.73 81.98 81.24 80.50 79.78
122.38 121.91 121.42 120.93 120.42 119.91 119.39 118.86 118.32 117.78 117.24 116.70 116.15 115.60 115.05 114.51 113.96 113.42 112.88 112.35 111.82 111.31 110.80 110.29 109.80 109.32 108.86 108.40 107.96 107.54 107.16 106.83 106.52 106.22 105.90 105.56 105.20 104.82 104.42 104.00 103.56 103.10 102.61 102.09 101.54 100.98 100.39 99.78 99.15 98.50 97.83 97.15 96.45 95.74 95.02 94.28 93.53 92.78 92.01 91.24 90.47 89.69 88.90 88.12 87.33 86.55 85.76 84.98 84.20 83.43 82.67 81.91 81.16 80.42
122.54 122.06 121.57 121.07 120.56 120.04 119.51 118.98 118.44 117.90 117.36 116.81 116.26 115.71 115.16 114.62 114.07 113.53 113.00 112.47 111.95 111.43 110.93 110.43 109.95 109.47 109.01 108.57 108.14 107.76 107.43 107.14 106.88 106.61 106.32 105.99 105.65 105.28 104.90 104.50 104.07 103.63 103.16 102.67 102.14 101.60 101.03 100.43 99.82 99.19 98.53 97.86 97.17 96.47 95.76 95.03 94.29 93.53 92.77 92.01 91.23 90.45 89.66 88.88 88.09 87.30 86.50 85.72 84.93 84.15 83.37 82.60 81.84 81.08
122.71 122.22 121.72 121.21 120.69 120.16 119.63 119.09 118.55 118.00 117.45 116.90 116.35 115.79 115.24 114.70 114.15 113.61 113.07 112.54 112.02 111.51 111.00 110.51 110.03 109.56 109.10 108.66 108.28 107.96 107.69 107.46 107.23 106.99 106.72 106.42 106.09 105.74 105.37 104.98 104.58 104.15 103.70 103.23 102.73 102.20 101.65 101.08 100.48 99.86 99.22 98.57 97.89 97.20 96.49 95.77 95.04 94.29 93.54 92.77 92.00 91.22 90.43 89.64 88.85 88.05 87.26 86.46 85.67 84.88 84.09 83.31 82.53 81.76
122.87 122.37 121.86 121.34 120.81 120.27 119.73 119.18 118.63 118.07 117.51 116.95 116.39 115.84 115.28 114.73 114.18 113.63 113.09 112.56 112.04 111.52 111.01 110.52 110.04 109.57 109.12 108.72 108.41 108.16 107.95 107.76 107.57 107.37 107.12 106.83 106.52 106.18 105.83 105.46 105.07 104.66 104.23 103.78 103.30 102.80 102.26 101.71 101.13 100.53 99.91 99.26 98.60 97.92 97.23 96.51 95.79 95.05 94.30 93.54 92.77 91.99 91.21 90.42 89.62 88.82 88.02 87.22 86.42 85.62 84.82 84.03 83.24 82.46
123.02 122.50 121.98 121.44 120.90 120.34 119.79 119.23 118.66 118.10 117.53 116.96 116.39 115.82 115.26 114.69 114.14 113.58 113.04 112.50 111.97 111.45 110.94 110.44 109.95 109.49 109.08 108.77 108.53 108.35 108.20 108.06 107.91 107.74 107.51 107.24 106.94 106.62 106.28 105.93 105.55 105.16 104.74 104.31 103.85 103.37 102.86 102.33 101.77 101.19 100.58 99.95 99.30 98.64 97.95 97.25 96.54 95.81 95.06 94.31 93.54 92.77 91.98 91.19 90.40 89.60 88.79 87.99 87.18 86.38 85.57 84.77 83.97 83.18
123.14 122.60 122.05 121.50 120.94 120.37 119.80 119.22 118.64 118.06 117.48 116.89 116.31 115.73 115.16 114.58 114.01 113.45 112.90 112.35 111.81 111.28 110.76 110.26 109.77 109.36 109.04 108.81 108.65 108.53 108.44 108.35 108.24 108.09 107.89 107.63 107.35 107.04 106.72 106.38 106.02 105.65 105.25 104.83 104.39 103.93 103.45 102.93 102.39 101.83 101.24 100.63 100.00 99.35 98.67 97.98 97.28 96.56 95.82 95.07 94.31 93.54 92.76 91.97 91.18 90.38 89.57 88.76 87.95 87.14 86.33 85.52 84.71 83.91
123.20 122.64 122.07 121.50 120.92 120.33 119.74 119.14 118.55 117.95 117.35 116.75 116.15 115.56 114.96 114.38 113.80 113.22 112.65 112.09 111.54 111.00 110.47 109.97 109.54 109.22 108.99 108.85 108.76 108.71 108.67 108.63 108.56 108.45 108.27 108.02 107.75 107.46 107.15 106.83 106.49 106.12 105.74 105.34 104.92 104.47 104.01 103.52 103.00 102.46 101.89 101.30 100.68 100.04 99.39 98.71 98.02 97.30 96.58 95.84 95.08 94.32 93.54 92.76 91.96 91.16 90.36 89.55 88.73 87.91 87.10 86.28 85.46 84.65
123.20 122.62 122.03 121.43 120.82 120.21 119.60 118.98 118.37 117.75 117.13 116.51 115.89 115.28 114.67 114.06 113.46 112.87 112.29 111.71 111.15 110.60 110.06 109.61 109.29 109.07 108.94 108.87 108.86 108.87 108.89 108.90 108.87 108.79 108.63 108.40 108.14 107.87 107.57 107.27 106.94 106.59 106.22 105.84 105.43 105.01 104.56 104.09 103.59 103.07 102.52 101.95 101.35 100.73 100.09 99.43 98.74 98.04 97.33 96.60 95.85 95.09 94.32 93.54 92.75 91.95 91.14 90.33 89.51 88.69 87.87 87.05 86.23 85.40
123.12 122.51 121.89 121.27 120.64 120.00 119.36 118.72 118.08 117.44 116.79 116.15 115.52 114.88 114.25 113.63 113.01 112.40 111.79 111.20 110.62 110.06 109.59 109.25 109.03 108.91 108.87 108.89 108.95 109.03 109.11 109.16 109.17 109.12 108.98 108.77 108.52 108.26 107.98 107.69 107.38 107.04 106.69 106.32 105.93 105.52 105.09 104.64 104.17 103.67 103.14 102.59 102.01 101.40 100.78 100.13 99.46 98.78 98.07 97.35 96.61 95.86 95.10 94.32 93.53 92.74 91.93 91.12 90.30 89.48 88.65 87.83 87.00 86.17
122.95 122.31 121.66 121.00 120.34 119.68 119.01 118.35 117.68 117.01 116.34 115.67 115.01 114.35 113.70 113.05 112.41 111.78 111.15 110.54 109.95 109.45 109.10 108.88 108.77 108.75 108.80 108.90 109.04 109.18 109.31 109.41 109.46 109.44 109.33 109.12 108.89 108.65 108.38 108.10 107.80 107.49 107.15 106.80 106.42 106.03 105.61 105.18 104.72 104.24 103.74 103.21 102.65 102.06 101.45 100.82 100.17 99.50 98.81 98.10 97.37 96.63 95.87 95.10 94.32 93.52 92.72 91.91 91.09 90.27 89.44 88.61 87.77 86.94
122.67 121.99 121.31 120.62 119.93 119.23 118.54 117.84 117.14 116.44 115.74 115.05 114.36 113.67 112.99 112.32 111.65 110.99 110.35 109.72 109.19 108.82 108.60 108.49 108.49 108.58 108.72 108.90 109.11 109.32 109.51 109.66 109.74 109.75 109.66 109.47 109.25 109.02 108.77 108.50 108.22 107.92 107.60 107.26 106.90 106.52 106.12 105.70 105.26 104.80 104.32 103.81 103.27 102.70 102.11 101.50 100.87 100.21 99.53 98.83 98.12 97.38 96.63 95.87 95.10 94.31 93.51 92.70 91.88 91.06 90.23 89.40 88.56 87.72
122.26 121.55 120.83 120.11 119.38 118.65 117.92 117.19 116.45 115.72 114.99 114.27 113.55 112.83 112.12 111.42 110.72 110.04 109.37 108.82 108.43 108.19 108.09 108.10 108.21 108.39 108.63 108.90 109.18 109.45 109.69 109.89 110.01 110.05 109.98 109.81 109.60 109.38 109.15 108.89 108.62 108.33 108.03 107.71 107.36 107.00 106.62 106.21 105.79 105.34 104.88 104.39 103.87 103.33 102.76 102.16 101.55 100.90 100.24 99.56 98.85 98.13 97.39 96.64 95.87 95.09 94.29 93.49 92.68 91.85 91.02 90.19 89.35 88.50
121.71 120.96 120.20 119.44 118.68 117.91 117.14 116.37 115.60 114.84 114.07 113.32 112.56 111.81 111.07 110.33 109.61 108.90 108.31 107.90 107.65 107.55 107.58 107.71 107.92 108.20 108.53 108.88 109.23 109.57 109.87 110.11 110.27 110.34 110.29 110.13 109.94 109.73 109.51 109.27 109.01 108.74 108.45 108.14 107.81 107.46 107.10 106.71 106.30 105.87 105.42 104.95 104.46 103.93 103.39 102.81 102.21 101.58 100.94 100.27 99.58 98.87 98.14 97.40 96.64 95.86 95.07 94.27 93.46 92.64 91.81 90.98 90.14 89.29
121.01 120.21 119.41 118.61 117.81 117.00 116.19 115.38 114.58 113.77 112.97 112.17 111.38 110.60 109.82 109.05 108.30 107.67 107.23 106.97 106.87 106.90 107.05 107.30 107.62 108.00 108.42 108.85 109.28 109.68 110.03 110.32 110.52 110.62 110.59 110.44 110.26 110.07 109.86 109.63 109.39 109.13 108.85 108.56 108.24 107.91 107.56 107.19 106.80 106.39 105.95 105.50 105.02 104.52 103.99 103.44 102.86 102.25 101.62 100.96 100.29 99.59 98.88 98.14 97.39 96.63 95.85 95.05 94.25 93.43 92.60 91.77 90.93 90.08
120.13 119.30 118.45 117.60 116.75 115.90 115.05 114.20 113.35 112.51 111.67 110.83 110.00 109.17 108.36 107.56 106.89 106.42 106.15 106.04 106.07 106.24 106.52 106.88 107.31 107.79 108.30 108.81 109.31 109.78 110.19 110.52 110.76 110.88 110.87 110.74 110.57 110.39 110.19 109.98 109.75 109.51 109.24 108.96 108.66 108.35 108.01 107.65 107.28 106.88 106.46 106.03 105.56 105.08 104.57 104.04 103.48 102.90 102.28 101.65 100.99 100.31 99.60 98.88 98.14 97.39 96.61 95.83 95.03 94.21 93.39 92.56 91.71 90.86
119.08 118.19 117.30 116.40 115.51 114.61 113.71 112.82 111.92 111.03 110.15 109.27 108.39 107.53 106.68 105.97 105.47 105.17 105.05 105.09 105.27 105.57 105.98 106.46 107.00 107.57 108.17 108.76 109.33 109.86 110.33 110.71 110.98 111.14 111.14 111.03 110.87 110.70 110.52 110.32 110.10 109.87 109.62 109.35 109.07 108.77 108.44 108.10 107.74 107.36 106.96 106.54 106.09 105.63 105.14 104.63 104.09 103.52 102.93 102.31 101.67 101.00 100.31 99.61 98.88 98.13 97.37 96.59 95.80 94.99 94.17 93.34 92.50 91.65
117.82 116.88 115.94 114.99 114.04 113.10 112.15 111.21 110.27 109.33 108.40 107.47 106.55 105.66 104.90 104.36 104.04 103.90 103.95 104.14 104.46 104.90 105.42 106.02 106.67 107.34 108.03 108.70 109.35 109.94 110.46 110.88 111.20 111.38 111.40 111.30 111.16 111.00 110.83 110.64 110.44 110.22 109.98 109.73 109.46 109.17 108.86 108.54 108.19 107.83 107.44 107.03 106.61 106.16 105.68 105.19 104.67 104.13 103.55 102.95 102.33 101.68 101.01 100.31 99.60 98.87 98.11 97.34 96.56 95.76 94.94 94.12 93.28 92.43
116.34 115.35 114.35 113.35 112.35 111.36 110.36 109.36 108.37 107.38 106.40 105.43 104.48 103.67 103.09 102.74 102.59 102.63 102.83 103.18 103.64 104.21 104.86 105.57 106.33 107.10 107.88 108.63 109.35 110.00 110.57 111.05 111.40 111.61 111.65 111.56 111.43 111.28 111.12 110.95 110.76 110.55 110.33 110.09 109.83 109.56 109.26 108.95 108.62 108.27 107.90 107.51 107.10 106.67 106.21 105.73 105.23 104.71 104.16 103.58 102.97 102.34 101.69 101.01 100.31 99.59 98.84 98.09 97.31 96.52 95.71 94.89 94.06 93.21
