data_output/RCH/Precip_2012_09.asc
ncols        168
nrows        136
xllcorner    455000
yllcorner    2107000
cellsize     500
NODATA_value     -99999
[rows 0 to 33 of 136, columns 0 to 76 of 168]
32.52 34.71 36.93 39.17 41.43 43.69 45.95 48.21 50.45 52.67 54.87 57.02 59.13 61.20 63.20 65.14 67.00 68.79 70.49 72.09 73.59 74.97 76.21 77.34 78.34 79.22 79.99 80.65 81.21 81.65 82.00 82.25 82.40 82.47 82.44 82.33 82.14 81.87 81.52 81.11 80.62 80.07 79.45 78.78 78.05 77.30 76.51 75.70 74.87 74.00 73.10 72.16 71.19 70.18 69.14 68.14 67.23 66.41 65.69 65.05 64.49 64.02 63.63 63.31 63.06 62.89 62.78 62.73 62.75 62.82 62.96 63.14 63.37 63.65 63.98 64.35 64.75
34.20 36.45 38.73 41.04 43.36 45.68 48.01 50.32 52.63 54.91 57.16 59.38 61.55 63.67 65.73 67.73 69.66 71.50 73.26 74.92 76.48 77.90 79.19 80.35 81.38 82.29 83.08 83.75 84.31 84.75 85.09 85.32 85.45 85.49 85.42 85.27 85.03 84.70 84.29 83.80 83.24 82.60 81.90 81.13 80.29 79.40 78.48 77.52 76.53 75.51 74.45 73.36 72.22 71.06 69.93 68.90 67.97 67.13 66.38 65.72 65.14 64.64 64.22 63.88 63.61 63.41 63.28 63.21 63.20 63.25 63.36 63.52 63.73 63.99 64.29 64.64 65.02
36.02 38.33 40.67 43.03 45.41 47.79 50.17 52.54 54.90 57.24 59.54 61.81 64.04 66.22 68.33 70.38 72.36 74.26 76.07 77.78 79.39 80.86 82.19 83.38 84.44 85.36 86.16 86.84 87.39 87.83 88.15 88.36 88.46 88.46 88.36 88.15 87.86 87.47 86.99 86.42 85.78 85.05 84.25 83.37 82.43 81.42 80.35 79.24 78.10 76.91 75.69 74.43 73.13 71.88 70.73 69.68 68.72 67.85 67.08 66.39 65.79 65.26 64.82 64.45 64.16 63.94 63.78 63.69 63.66 63.68 63.77 63.91 64.09 64.33 64.61 64.93 65.29
37.98 40.34 42.73 45.15 47.57 50.00 52.43 54.86 57.26 59.65 62.00 64.32 66.60 68.82 70.98 73.08 75.11 77.05 78.91 80.67 82.32 83.83 85.19 86.41 87.49 88.43 89.23 89.91 90.45 90.87 91.18 91.36 91.43 91.38 91.23 90.97 90.61 90.15 89.60 88.95 88.22 87.40 86.49 85.51 84.45 83.32 82.12 80.85 79.54 78.19 76.79 75.37 73.99 72.71 71.53 70.45 69.47 68.58 67.78 67.07 66.44 65.89 65.42 65.03 64.71 64.47 64.29 64.17 64.11 64.12 64.18 64.29 64.46 64.67 64.92 65.22 65.56
40.07 42.47 44.91 47.36 49.83 52.31 54.78 57.25 59.70 62.13 64.53 66.89 69.21 71.47 73.68 75.82 77.89 79.87 81.77 83.57 85.26 86.81 88.19 89.43 90.52 91.47 92.27 92.94 93.48 93.88 94.15 94.30 94.33 94.24 94.03 93.71 93.28 92.75 92.12 91.38 90.55 89.63 88.62 87.52 86.34 85.08 83.75 82.34 80.86 79.33 77.77 76.26 74.85 73.55 72.34 71.24 70.23 69.31 68.49 67.75 67.10 66.53 66.03 65.62 65.27 65.00 64.80 64.65 64.58 64.56 64.59 64.68 64.82 65.01 65.24 65.51 65.83
42.27 44.71 47.19 49.68 52.19 54.70 57.22 59.72 62.21 64.68 67.11 69.51 71.87 74.17 76.41 78.59 80.69 82.71 84.64 86.48 88.20 89.77 91.18 92.44 93.54 94.48 95.28 95.94 96.45 96.83 97.07 97.18 97.16 97.01 96.75 96.36 95.86 95.25 94.53 93.70 92.77 91.74 90.62 89.40 88.09 86.70 85.22 83.67 82.03 80.35 78.70 77.15 75.72 74.39 73.16 72.03 70.99 70.05 69.20 68.44 67.76 67.16 66.65 66.20 65.84 65.54 65.31 65.14 65.04 65.00 65.01 65.07 65.19 65.35 65.56 65.81 66.10
44.57 47.05 49.55 52.08 54.62 57.17 59.72 62.25 64.78 67.27 69.74 72.17 74.56 76.89 79.16 81.37 83.50 85.55 87.52 89.38 91.13 92.73 94.15 95.41 96.51 97.46 98.24 98.88 99.37 99.71 99.92 99.98 99.91 99.71 99.38 98.92 98.34 97.64 96.83 95.90 94.87 93.73 92.48 91.14 89.70 88.16 86.54 84.83 83.05 81.30 79.62 78.06 76.59 75.24 73.98 72.82 71.76 70.80 69.92 69.13 68.43 67.81 67.26 66.80 66.40 66.08 65.83 65.64 65.51 65.44 65.43 65.47 65.56 65.70 65.88 66.11 66.37
46.96 49.47 52.01 54.56 57.13 59.70 62.28 64.84 67.39 69.91 72.41 74.86 77.27 79.63 81.93 84.16 86.32 88.39 90.38 92.27 94.04 95.65 97.09 98.35 99.45 100.38 101.15 101.76 102.22 102.53 102.69 102.70 102.57 102.30 101.90 101.37 100.70 99.91 99.00 97.97 96.82 95.56 94.19 92.72 91.14 89.46 87.69 85.84 84.00 82.23 80.55 78.96 77.48 76.09 74.81 73.63 72.54 71.55 70.65 69.83 69.10 68.46 67.89 67.40 66.98 66.63 66.35 66.13 65.98 65.89 65.85 65.86 65.93 66.05 66.20 66.41 66.65
49.44 51.97 54.53 57.10 59.69 62.29 64.88 67.47 70.04 72.58 75.10 77.57 80.00 82.38 84.70 86.95 89.12 91.22 93.22 95.13 96.92 98.54 99.98 101.24 102.32 103.24 103.99 104.57 104.99 105.26 105.37 105.32 105.13 104.79 104.31 103.70 102.94 102.06 101.04 99.90 98.63 97.25 95.75 94.14 92.42 90.59 88.67 86.76 84.92 83.15 81.47 79.87 78.37 76.96 75.65 74.44 73.33 72.31 71.38 70.54 69.78 69.11 68.52 68.00 67.56 67.18 66.88 66.64 66.46 66.34 66.28 66.27 66.31 66.40 66.53 66.71 66.92
51.99 54.53 57.11 59.70 62.31 64.92 67.53 70.13 72.71 75.27 77.80 80.29 82.73 85.13 87.46 89.72 91.91 94.01 96.03 97.95 99.75 101.38 102.81 104.07 105.14 106.03 106.75 107.30 107.68 107.89 107.95 107.84 107.58 107.17 106.60 105.90 105.05 104.06 102.93 101.67 100.29 98.77 97.14 95.38 93.51 91.54 89.57 87.66 85.82 84.06 82.38 80.78 79.26 77.83 76.49 75.26 74.12 73.07 72.12 71.25 70.47 69.77 69.15 68.61 68.14 67.74 67.41 67.14 66.94 66.79 66.71 66.67 66.69 66.75 66.86 67.01 67.20
54.60 57.16 59.74 62.35 64.96 67.58 70.20 72.81 75.41 77.97 80.51 83.01 85.46 87.86 90.20 92.47 94.66 96.78 98.80 100.73 102.53 104.16 105.59 106.82 107.88 108.74 109.43 109.93 110.26 110.42 110.42 110.24 109.91 109.41 108.76 107.96 107.01 105.91 104.67 103.29 101.77 100.12 98.35 96.44 94.43 92.41 90.44 88.55 86.72 84.96 83.28 81.67 80.15 78.70 77.35 76.09 74.92 73.85 72.87 71.97 71.17 70.44 69.79 69.22 68.73 68.30 67.95 67.65 67.42 67.25 67.14 67.08 67.07 67.11 67.19 67.32 67.49
57.26 59.83 62.41 65.02 67.65 70.27 72.89 75.51 78.10 80.67 83.21 85.71 88.17 90.57 92.91 95.18 97.38 99.49 101.52 103.44 105.25 106.87 108.28 109.50 110.53 111.36 112.00 112.46 112.74 112.84 112.77 112.52 112.10 111.52 110.77 109.87 108.81 107.60 106.24 104.73 103.08 101.29 99.36 97.32 95.26 93.25 91.30 89.42 87.60 85.85 84.17 82.56 81.03 79.57 78.20 76.92 75.73 74.63 73.62 72.70 71.87 71.11 70.44 69.84 69.32 68.87 68.49 68.17 67.91 67.72 67.58 67.49 67.46 67.47 67.53 67.63 67.77
59.97 62.53 65.12 67.73 70.35 72.97 75.59 78.20 80.80 83.36 85.90 88.40 90.85 93.25 95.58 97.85 100.04 102.15 104.17 106.10 107.89 109.50 110.90 112.09 113.08 113.87 114.47 114.88 115.10 115.13 114.98 114.66 114.15 113.48 112.63 111.62 110.45 109.12 107.63 105.99 104.20 102.26 100.20 98.11 96.07 94.08 92.15 90.28 88.47 86.72 85.04 83.44 81.90 80.44 79.06 77.76 76.54 75.42 74.38 73.43 72.57 71.79 71.09 70.47 69.92 69.45 69.04 68.69 68.41 68.19 68.02 67.91 67.85 67.84 67.87 67.95 68.06
62.70 65.26 67.84 70.44 73.05 75.67 78.28 80.89 83.47 86.03 88.56 91.05 93.49 95.88 98.21 100.47 102.65 104.75 106.76 108.67 110.45 112.04 113.41 114.58 115.53 116.28 116.82 117.17 117.33 117.29 117.06 116.65 116.05 115.28 114.33 113.21 111.92 110.46 108.84 107.06 105.12 103.05 100.95 98.88 96.86 94.89 92.98 91.12 89.32 87.59 85.91 84.30 82.77 81.30 79.91 78.60 77.36 76.21 75.15 74.18 73.29 72.48 71.76 71.11 70.53 70.03 69.59 69.22 68.91 68.66 68.47 68.33 68.25 68.21 68.22 68.27 68.36
65.46 68.00 70.57 73.16 75.76 78.36 80.96 83.55 86.13 88.67 91.19 93.66 96.09 98.46 100.77 103.02 105.18 107.27 109.26 111.15 112.92 114.48 115.83 116.95 117.86 118.56 119.05 119.33 119.41 119.30 118.99 118.48 117.79 116.91 115.85 114.61 113.20 111.61 109.85 107.92 105.85 103.74 101.66 99.63 97.64 95.69 93.80 91.96 90.17 88.44 86.77 85.17 83.63 82.16 80.76 79.43 78.19 77.02 75.93 74.93 74.01 73.18 72.42 71.75 71.15 70.61 70.15 69.75 69.42 69.14 68.93 68.76 68.65 68.59 68.57 68.59 68.66
68.22 70.75 73.30 75.87 78.45 81.04 83.62 86.19 88.74 91.27 93.76 96.22 98.62 100.98 103.27 105.49 107.63 109.70 111.67 113.54 115.28 116.82 118.12 119.20 120.06 120.71 121.13 121.35 121.35 121.15 120.75 120.15 119.36 118.37 117.19 115.82 114.28 112.55 110.65 108.59 106.49 104.41 102.36 100.36 98.40 96.48 94.60 92.78 91.01 89.29 87.63 86.02 84.49 83.01 81.61 80.27 79.01 77.82 76.71 75.69 74.74 73.88 73.10 72.40 71.77 71.21 70.72 70.29 69.93 69.63 69.39 69.20 69.06 68.97 68.92 68.92 68.96
70.97 73.49 76.02 78.57 81.12 83.68 86.24 88.79 91.31 93.82 96.28 98.71 101.09 103.42 105.68 107.88 109.99 112.03 113.97 115.81 117.53 119.03 120.29 121.32 122.13 122.71 123.07 123.21 123.13 122.84 122.34 121.64 120.74 119.63 118.33 116.84 115.15 113.29 111.25 109.16 107.09 105.05 103.05 101.07 99.14 97.24 95.39 93.59 91.83 90.12 88.47 86.88 85.34 83.86 82.45 81.11 79.83 78.63 77.50 76.45 75.48 74.59 73.78 73.05 72.40 71.81 71.29 70.84 70.45 70.12 69.85 69.63 69.47 69.35 69.28 69.25 69.26
73.67 76.19 78.71 81.23 83.76 86.29 88.82 91.33 93.83 96.30 98.74 101.13 103.48 105.77 108.01 110.17 112.25 114.25 116.16 117.97 119.65 121.11 122.32 123.30 124.05 124.56 124.84 124.90 124.74 124.35 123.75 122.94 121.92 120.70 119.27 117.64 115.81 113.82 111.75 109.70 107.68 105.68 103.71 101.77 99.87 98.00 96.17 94.39 92.65 90.95 89.31 87.72 86.19 84.71 83.30 81.94 80.66 79.44 78.29 77.22 76.23 75.31 74.48 73.72 73.03 72.42 71.87 71.39 70.98 70.62 70.32 70.08 69.89 69.74 69.64 69.59 69.57
76.30 78.83 81.35 83.86 86.35 88.85 91.34 93.82 96.28 98.71 101.11 103.47 105.78 108.03 110.23 112.35 114.40 116.36 118.23 120.00 121.64 123.05 124.21 125.13 125.81 126.24 126.45 126.42 126.16 125.68 124.97 124.04 122.90 121.55 119.99 118.22 116.27 114.24 112.22 110.22 108.25 106.29 104.36 102.46 100.58 98.74 96.94 95.18 93.46 91.78 90.15 88.56 87.03 85.56 84.14 82.78 81.49 80.25 79.09 78.00 76.98 76.04 75.17 74.39 73.68 73.03 72.46 71.95 71.51 71.13 70.80 70.53 70.31 70.14 70.01 69.93 69.89
78.85 81.38 83.91 86.41 88.89 91.35 93.80 96.23 98.65 101.04 103.39 105.71 107.98 110.19 112.34 114.42 116.42 118.34 120.16 121.89 123.48 124.84 125.94 126.79 127.40 127.76 127.87 127.75 127.39 126.80 125.98 124.94 123.67 122.18 120.48 118.59 116.61 114.64 112.67 110.72 108.79 106.88 104.99 103.12 101.28 99.48 97.70 95.96 94.26 92.59 90.97 89.40 87.88 86.40 84.98 83.62 82.32 81.07 79.90 78.79 77.75 76.78 75.88 75.07 74.33 73.66 73.06 72.52 72.05 71.64 71.29 70.99 70.74 70.54 70.39 70.28 70.21
81.30 83.83 86.35 88.86 91.33 93.77 96.17 98.56 100.93 103.27 105.58 107.85 110.07 112.23 114.33 116.36 118.31 120.17 121.95 123.62 125.16 126.46 127.50 128.28 128.81 129.08 129.11 128.89 128.42 127.72 126.78 125.61 124.21 122.59 120.76 118.84 116.92 115.01 113.10 111.20 109.32 107.45 105.60 103.78 101.97 100.20 98.45 96.73 95.05 93.40 91.80 90.24 88.72 87.25 85.83 84.46 83.15 81.90 80.71 79.58 78.52 77.53 76.60 75.76 74.99 74.29 73.66 73.10 72.60 72.16 71.78 71.45 71.18 70.95 70.77 70.63 70.54
83.62 86.15 88.67 91.18 93.65 96.08 98.46 100.80 103.12 105.41 107.66 109.87 112.03 114.14 116.18 118.16 120.05 121.86 123.58 125.20 126.68 127.92 128.88 129.59 130.03 130.21 130.14 129.82 129.24 128.42 127.36 126.06 124.52 122.77 120.93 119.07 117.21 115.36 113.51 111.67 109.83 108.01 106.21 104.42 102.65 100.90 99.19 97.49 95.83 94.21 92.62 91.07 89.56 88.09 86.68 85.31 83.99 82.73 81.52 80.38 79.30 78.28 77.34 76.46 75.66 74.93 74.27 73.68 73.15 72.69 72.28 71.92 71.62 71.37 71.16 70.99 70.87
85.81 88.33 90.85 93.35 95.82 98.25 100.62 102.94 105.20 107.42 109.62 111.77 113.87 115.92 117.90 119.81 121.64 123.39 125.05 126.60 128.02 129.19 130.08 130.70 131.05 131.14 130.96 130.53 129.84 128.89 127.70 126.26 124.60 122.84 121.06 119.27 117.48 115.69 113.90 112.11 110.33 108.55 106.79 105.04 103.31 101.60 99.91 98.25 96.61 95.01 93.44 91.90 90.40 88.94 87.52 86.15 84.83 83.57 82.35 81.19 80.09 79.06 78.08 77.18 76.34 75.58 74.89 74.27 73.72 73.22 72.78 72.40 72.07 71.79 71.55 71.36 71.21
87.83 90.36 92.87 95.36 97.83 100.25 102.62 104.92 107.15 109.32 111.44 113.53 115.57 117.55 119.46 121.31 123.07 124.75 126.34 127.83 129.17 130.27 131.08 131.61 131.86 131.85 131.56 131.01 130.20 129.13 127.80 126.24 124.57 122.88 121.17 119.45 117.73 116.00 114.27 112.53 110.80 109.08 107.36 105.66 103.97 102.29 100.64 99.00 97.39 95.80 94.25 92.73 91.24 89.79 88.38 87.01 85.68 84.41 83.18 82.01 80.90 79.84 78.84 77.91 77.05 76.25 75.53 74.87 74.29 73.77 73.30 72.89 72.53 72.22 71.95 71.73 71.55
89.68 92.20 94.70 97.19 99.65 102.06 104.42 106.72 108.94 111.07 113.13 115.15 117.11 119.02 120.86 122.63 124.32 125.93 127.44 128.86 130.13 131.14 131.86 132.30 132.46 132.33 131.93 131.26 130.32 129.11 127.66 126.10 124.50 122.89 121.26 119.61 117.95 116.29 114.62 112.94 111.27 109.59 107.92 106.26 104.61 102.97 101.35 99.74 98.16 96.60 95.06 93.55 92.08 90.64 89.23 87.86 86.54 85.26 84.03 82.84 81.71 80.64 79.62 78.66 77.77 76.94 76.18 75.49 74.87 74.32 73.82 73.38 72.99 72.65 72.36 72.11 71.91
91.33 93.84 96.34 98.82 101.27 103.67 106.03 108.31 110.52 112.64 114.66 116.61 118.49 120.32 122.09 123.78 125.39 126.92 128.35 129.69 130.88 131.80 132.43 132.77 132.82 132.58 132.06 131.26 130.18 128.86 127.41 125.92 124.41 122.87 121.32 119.74 118.16 116.56 114.95 113.33 111.71 110.09 108.47 106.86 105.25 103.64 102.06 100.48 98.92 97.39 95.87 94.38 92.92 91.49 90.09 88.73 87.40 86.12 84.88 83.68 82.54 81.45 80.41 79.43 78.50 77.64 76.85 76.12 75.46 74.88 74.35 73.88 73.47 73.10 72.78 72.50 72.26
92.77 95.27 97.76 100.23 102.66 105.06 107.40 109.68 111.87 113.98 115.99 117.89 119.70 121.45 123.13 124.73 126.26 127.71 129.06 130.30 131.41 132.24 132.77 133.00 132.94 132.58 131.93 131.00 129.81 128.48 127.12 125.72 124.29 122.83 121.36 119.86 118.34 116.81 115.26 113.71 112.14 110.58 109.01 107.44 105.87 104.31 102.76 101.21 99.69 98.17 96.68 95.21 93.76 92.34 90.95 89.59 88.27 86.99 85.74 84.54 83.38 82.27 81.21 80.21 79.26 78.37 77.54 76.78 76.08 75.45 74.89 74.39 73.95 73.55 73.20 72.90 72.63
93.97 96.46 98.94 101.39 103.82 106.21 108.53 110.80 112.98 115.08 117.07 118.96 120.72 122.38 123.97 125.49 126.93 128.28 129.54 130.70 131.71 132.44 132.87 132.99 132.80 132.32 131.54 130.50 129.31 128.07 126.79 125.49 124.14 122.77 121.37 119.95 118.50 117.04 115.56 114.07 112.56 111.05 109.53 108.01 106.49 104.97 103.45 101.94 100.44 98.96 97.49 96.04 94.61 93.20 91.82 90.47 89.15 87.86 86.61 85.40 84.23 83.11 82.03 81.01 80.03 79.11 78.25 77.45 76.72 76.05 75.45 74.91 74.44 74.01 73.63 73.30 73.00
94.91 97.39 99.86 102.30 104.72 107.09 109.40 111.65 113.82 115.91 117.89 119.76 121.50 123.11 124.62 126.04 127.38 128.64 129.80 130.86 131.77 132.40 132.71 132.72 132.41 131.80 130.90 129.86 128.77 127.63 126.45 125.23 123.97 122.69 121.37 120.02 118.65 117.26 115.84 114.41 112.97 111.51 110.04 108.57 107.09 105.62 104.14 102.67 101.20 99.74 98.30 96.87 95.46 94.07 92.70 91.35 90.03 88.75 87.50 86.28 85.10 83.96 82.87 81.82 80.83 79.88 78.99 78.16 77.38 76.67 76.02 75.45 74.93 74.48 74.07 73.71 73.38
95.59 98.05 100.51 102.94 105.34 107.69 109.99 112.23 114.38 116.45 118.41 120.27 121.99 123.59 125.04 126.37 127.61 128.76 129.82 130.78 131.58 132.10 132.30 132.18 131.74 131.02 130.13 129.19 128.20 127.16 126.07 124.95 123.78 122.58 121.34 120.07 118.78 117.45 116.11 114.74 113.36 111.96 110.55 109.12 107.69 106.26 104.82 103.39 101.96 100.53 99.11 97.70 96.31 94.93 93.58 92.24 90.93 89.65 88.39 87.17 85.98 84.83 83.73 82.66 81.64 80.67 79.75 78.88 78.07 77.32 76.63 76.01 75.45 74.96 74.52 74.13 73.77
95.97 98.42 100.86 103.28 105.66 108.00 110.28 112.50 114.64 116.69 118.63 120.47 122.18 123.75 125.18 126.45 127.59 128.64 129.59 130.44 131.14 131.54 131.62 131.37 130.82 130.11 129.33 128.49 127.60 126.66 125.67 124.64 123.56 122.45 121.29 120.11 118.89 117.64 116.36 115.06 113.74 112.40 111.04 109.67 108.29 106.90 105.50 104.11 102.71 101.31 99.92 98.54 97.17 95.81 94.46 93.14 91.83 90.55 89.30 88.07 86.88 85.72 84.60 83.52 82.48 81.48 80.53 79.63 78.79 78.00 77.27 76.60 75.99 75.45 74.98 74.55 74.17
96.05 98.48 100.90 103.30 105.67 107.99 110.25 112.45 114.57 116.60 118.53 120.34 122.04 123.59 125.00 126.24 127.33 128.27 129.10 129.84 130.42 130.70 130.65 130.29 129.76 129.15 128.49 127.76 126.98 126.14 125.25 124.31 123.33 122.30 121.23 120.12 118.98 117.80 116.60 115.36 114.11 112.83 111.52 110.21 108.88 107.53 106.18 104.82 103.46 102.10 100.74 99.38 98.03 96.69 95.36 94.05 92.75 91.47 90.22 88.99 87.79 86.63 85.49 84.39 83.33 82.31 81.34 80.41 79.53 78.71 77.94 77.22 76.57 75.98 75.45 74.99 74.57
95.79 98.21 100.61 102.99 105.34 107.64 109.89 112.07 114.17 116.18 118.08 119.88 121.55 123.08 124.46 125.69 126.74 127.62 128.35 128.96 129.42 129.58 129.42 129.08 128.66 128.17 127.62 127.00 126.32 125.59 124.80 123.96 123.06 122.13 121.14 120.12 119.05 117.95 116.82 115.66 114.46 113.24 112.00 110.74 109.46 108.16 106.86 105.54 104.21 102.88 101.55 100.22 98.90 97.57 96.26 94.96 93.68 92.41 91.16 89.93 88.72 87.55 86.40 85.29 84.21 83.17 82.17 81.21 80.30 79.44 78.63 77.87 77.17 76.53 75.96 75.44 74.99
95.19 97.59 99.97 102.33 104.66 106.94 109.16 111.32 113.40 115.39 117.27 119.04 120.69 122.20 123.56 124.76 125.80 126.65 127.30 127.80 128.14 128.19 128.05 127.82 127.53 127.16 126.72 126.21 125.64 125.01 124.32 123.58 122.78 121.93 121.04 120.10 119.11 118.09 117.03 115.94 114.81 113.65 112.47 111.26 110.04 108.79 107.53 106.25 104.97 103.67 102.37 101.07 99.77 98.47 97.18 95.89 94.61 93.35 92.11 90.88 89.67 88.49 87.33 86.21 85.11 84.05 83.03 82.04 81.10 80.21 79.36 78.56 77.82 77.13 76.50 75.93 75.42
