data_output/RCH/Precip_1985_05.asc
ncols        168
nrows        136
xllcorner    455000
yllcorner    2107000
cellsize     500
NODATA_value     -99999
[rows 68 to 101 of 136, columns 75 to 149 of 168]
56.90 56.17 55.48 54.84 54.24 53.68 53.17 52.69 52.25 51.84 51.47 51.13 50.82 50.53 50.27 50.04 49.82 49.63 49.45 49.31 49.22 49.16 49.13 49.08 49.03 48.97 48.90 48.83 48.76 48.69 48.63 48.58 48.53 48.50 48.49 48.49 48.51 48.55 48.62 48.72 48.84 49.00 49.19 49.43 49.70 50.01 50.37 50.76 51.16 51.56 51.96 52.37 52.77 53.16 53.55 53.94 54.32 54.69 55.04 55.39 55.72 56.03 56.32 56.60 56.86 57.09 57.30 57.49 57.64 57.77 57.87 57.94 58.01 58.12 58.28
57.23 56.51 55.84 55.22 54.64 54.11 53.62 53.17 52.77 52.40 52.06 51.76 51.49 51.25 51.03 50.85 50.68 50.54 50.43 50.33 50.26 50.21 50.16 50.09 50.01 49.92 49.84 49.74 49.66 49.57 49.49 49.42 49.36 49.31 49.28 49.26 49.27 49.30 49.36 49.45 49.57 49.72 49.91 50.13 50.40 50.71 51.07 51.45 51.85 52.25 52.65 53.04 53.44 53.83 54.22 54.60 54.97 55.33 55.68 56.02 56.34 56.64 56.93 57.20 57.45 57.67 57.87 58.04 58.19 58.30 58.39 58.44 58.47 58.49 58.54
57.55 56.85 56.20 55.60 55.05 54.54 54.08 53.67 53.29 52.96 52.66 52.40 52.17 51.98 51.81 51.68 51.57 51.48 51.42 51.38 51.33 51.26 51.18 51.08 50.98 50.87 50.76 50.65 50.54 50.44 50.34 50.25 50.17 50.11 50.07 50.04 50.04 50.06 50.11 50.18 50.29 50.44 50.62 50.84 51.10 51.41 51.77 52.15 52.55 52.94 53.34 53.73 54.12 54.51 54.89 55.27 55.63 55.99 56.33 56.66 56.98 57.27 57.55 57.81 58.05 58.26 58.45 58.62 58.75 58.86 58.93 58.97 58.98 58.95 58.88
57.88 57.19 56.56 55.99 55.46 54.98 54.56 54.17 53.83 53.53 53.28 53.06 52.87 52.72 52.61 52.52 52.47 52.44 52.43 52.42 52.38 52.30 52.19 52.07 51.94 51.82 51.68 51.55 51.42 51.30 51.18 51.08 50.99 50.91 50.85 50.81 50.80 50.81 50.85 50.92 51.02 51.16 51.33 51.55 51.81 52.12 52.47 52.85 53.25 53.64 54.03 54.43 54.81 55.20 55.58 55.95 56.31 56.66 57.00 57.32 57.63 57.92 58.19 58.44 58.67 58.87 59.05 59.21 59.33 59.43 59.49 59.52 59.51 59.44 59.30
58.21 57.54 56.93 56.38 55.88 55.43 55.03 54.68 54.38 54.12 53.90 53.72 53.59 53.49 53.42 53.39 53.39 53.41 53.44 53.43 53.39 53.30 53.18 53.04 52.90 52.74 52.59 52.44 52.29 52.15 52.02 51.90 51.79 51.70 51.63 51.58 51.56 51.56 51.59 51.65 51.74 51.88 52.05 52.26 52.52 52.82 53.17 53.56 53.95 54.34 54.73 55.12 55.51 55.89 56.27 56.63 56.99 57.34 57.67 57.99 58.29 58.57 58.84 59.08 59.30 59.50 59.67 59.81 59.93 60.01 60.07 60.08 60.03 59.91 59.73
58.53 57.88 57.30 56.77 56.30 55.88 55.51 55.20 54.93 54.71 54.53 54.40 54.31 54.26 54.25 54.27 54.32 54.38 54.40 54.39 54.35 54.27 54.15 54.00 53.83 53.66 53.49 53.32 53.15 53.00 52.85 52.71 52.59 52.49 52.40 52.34 52.31 52.30 52.32 52.38 52.46 52.59 52.76 52.97 53.22 53.52 53.88 54.26 54.65 55.04 55.44 55.82 56.21 56.59 56.96 57.32 57.68 58.02 58.35 58.66 58.95 59.23 59.49 59.73 59.94 60.13 60.30 60.43 60.54 60.61 60.65 60.62 60.53 60.37 60.15
58.85 58.23 57.67 57.16 56.72 56.33 56.00 55.72 55.49 55.31 55.18 55.09 55.05 55.05 55.08 55.16 55.24 55.29 55.32 55.31 55.26 55.19 55.08 54.93 54.76 54.56 54.37 54.18 54.00 53.83 53.66 53.51 53.38 53.26 53.17 53.10 53.05 53.03 53.05 53.10 53.18 53.30 53.46 53.67 53.92 54.23 54.58 54.96 55.36 55.75 56.14 56.53 56.91 57.29 57.66 58.02 58.37 58.71 59.03 59.34 59.63 59.90 60.15 60.39 60.59 60.78 60.93 61.06 61.16 61.22 61.21 61.14 61.01 60.81 60.55
59.17 58.57 58.03 57.56 57.14 56.79 56.49 56.24 56.05 55.92 55.83 55.79 55.79 55.84 55.93 56.03 56.11 56.16 56.18 56.17 56.13 56.05 55.95 55.81 55.65 55.45 55.24 55.03 54.83 54.64 54.46 54.30 54.15 54.03 53.92 53.84 53.78 53.76 53.77 53.81 53.89 54.00 54.17 54.37 54.62 54.92 55.28 55.66 56.06 56.45 56.84 57.23 57.61 57.99 58.35 58.71 59.06 59.40 59.72 60.02 60.31 60.58 60.82 61.05 61.25 61.43 61.58 61.70 61.78 61.80 61.75 61.64 61.46 61.23 60.93
59.48 58.90 58.39 57.95 57.56 57.24 56.98 56.77 56.62 56.53 56.48 56.49 56.54 56.64 56.76 56.85 56.92 56.96 56.98 56.97 56.93 56.86 56.77 56.64 56.49 56.30 56.09 55.86 55.65 55.44 55.25 55.07 54.91 54.77 54.66 54.57 54.51 54.47 54.47 54.51 54.58 54.70 54.86 55.06 55.31 55.61 55.97 56.36 56.75 57.15 57.54 57.93 58.31 58.68 59.05 59.41 59.75 60.09 60.40 60.71 60.99 61.25 61.50 61.72 61.91 62.08 62.23 62.33 62.38 62.35 62.26 62.11 61.90 61.62 61.29
59.79 59.23 58.75 58.33 57.98 57.69 57.47 57.30 57.19 57.14 57.14 57.20 57.30 57.42 57.53 57.61 57.67 57.71 57.73 57.71 57.68 57.62 57.53 57.41 57.27 57.10 56.90 56.67 56.44 56.22 56.02 55.83 55.66 55.51 55.38 55.28 55.21 55.17 55.17 55.20 55.27 55.38 55.54 55.74 55.99 56.30 56.65 57.05 57.44 57.84 58.23 58.62 59.00 59.38 59.74 60.10 60.45 60.78 61.09 61.39 61.67 61.93 62.17 62.39 62.58 62.74 62.87 62.94 62.94 62.87 62.74 62.55 62.30 61.99 61.63
60.08 59.56 59.10 58.71 58.39 58.14 57.95 57.83 57.76 57.76 57.81 57.91 58.03 58.15 58.24 58.31 58.36 58.40 58.41 58.40 58.36 58.31 58.23 58.12 57.99 57.84 57.66 57.45 57.22 56.99 56.77 56.57 56.38 56.22 56.09 55.98 55.90 55.86 55.85 55.88 55.94 56.05 56.21 56.41 56.66 56.97 57.33 57.72 58.12 58.52 58.92 59.31 59.69 60.07 60.43 60.79 61.13 61.46 61.78 62.07 62.35 62.61 62.85 63.06 63.25 63.40 63.49 63.51 63.47 63.36 63.19 62.96 62.68 62.34 61.95
60.37 59.87 59.44 59.09 58.81 58.59 58.44 58.36 58.33 58.37 58.47 58.59 58.70 58.80 58.88 58.94 58.99 59.02 59.02 59.01 58.98 58.93 58.86 58.77 58.65 58.51 58.35 58.17 57.96 57.73 57.50 57.28 57.09 56.92 56.78 56.66 56.58 56.53 56.51 56.54 56.60 56.71 56.87 57.07 57.32 57.63 57.99 58.39 58.79 59.19 59.59 59.98 60.37 60.75 61.12 61.47 61.82 62.15 62.46 62.75 63.03 63.29 63.52 63.73 63.90 64.02 64.06 64.04 63.96 63.81 63.60 63.34 63.03 62.66 62.24
60.65 60.18 59.78 59.46 59.21 59.03 58.92 58.88 58.90 58.99 59.10 59.21 59.30 59.38 59.45 59.51 59.54 59.57 59.57 59.56 59.54 59.49 59.43 59.35 59.25 59.12 58.98 58.82 58.63 58.43 58.20 57.98 57.77 57.60 57.45 57.32 57.23 57.18 57.16 57.18 57.24 57.35 57.51 57.71 57.97 58.28 58.64 59.05 59.45 59.86 60.26 60.65 61.04 61.42 61.79 62.15 62.49 62.82 63.13 63.43 63.70 63.96 64.19 64.39 64.52 64.59 64.59 64.53 64.40 64.22 63.98 63.69 63.34 62.95 62.50
60.91 60.47 60.11 59.82 59.61 59.47 59.40 59.40 59.47 59.57 59.66 59.75 59.83 59.90 59.95 60.00 60.03 60.05 60.05 60.04 60.02 59.98 59.93 59.86 59.77 59.66 59.54 59.40 59.24 59.06 58.86 58.65 58.44 58.25 58.09 57.96 57.87 57.81 57.79 57.80 57.87 57.97 58.13 58.33 58.59 58.91 59.28 59.69 60.10 60.51 60.91 61.31 61.70 62.08 62.45 62.81 63.16 63.49 63.80 64.10 64.37 64.62 64.84 65.00 65.09 65.12 65.08 64.97 64.81 64.59 64.32 64.00 63.62 63.20 62.74
61.17 60.75 60.42 60.17 59.99 59.90 59.87 59.91 59.99 60.07 60.15 60.22 60.28 60.33 60.37 60.41 60.43 60.45 60.45 60.45 60.43 60.40 60.35 60.29 60.22 60.13 60.03 59.91 59.78 59.63 59.46 59.27 59.07 58.88 58.71 58.58 58.48 58.42 58.39 58.41 58.47 58.58 58.73 58.94 59.20 59.52 59.90 60.31 60.73 61.14 61.55 61.95 62.35 62.73 63.11 63.47 63.81 64.15 64.46 64.75 65.03 65.27 65.45 65.57 65.61 65.59 65.51 65.37 65.18 64.93 64.62 64.27 63.87 63.43 62.94
61.41 61.02 60.73 60.51 60.37 60.31 60.33 60.39 60.45 60.50 60.55 60.60 60.65 60.69 60.72 60.75 60.76 60.78 60.78 60.77 60.76 60.74 60.70 60.66 60.60 60.53 60.45 60.35 60.24 60.12 59.98 59.83 59.66 59.48 59.31 59.17 59.07 59.00 58.97 58.99 59.05 59.16 59.31 59.53 59.79 60.11 60.50 60.92 61.34 61.76 62.17 62.58 62.98 63.37 63.74 64.11 64.46 64.79 65.11 65.40 65.67 65.87 66.01 66.08 66.08 66.02 65.90 65.73 65.50 65.22 64.88 64.51 64.08 63.62 63.11
61.63 61.28 61.02 60.84 60.74 60.72 60.75 60.78 60.81 60.85 60.88 60.91 60.93 60.96 60.98 61.00 61.01 61.02 61.03 61.02 61.01 61.00 60.97 60.94 60.90 60.85 60.79 60.71 60.63 60.54 60.43 60.31 60.18 60.03 59.87 59.73 59.62 59.56 59.53 59.54 59.60 59.71 59.87 60.09 60.36 60.69 61.07 61.50 61.93 62.36 62.78 63.19 63.59 63.98 64.36 64.73 65.08 65.42 65.74 66.03 66.25 66.41 66.50 66.53 66.49 66.39 66.24 66.03 65.77 65.46 65.10 64.70 64.26 63.77 63.25
61.83 61.52 61.29 61.15 61.09 61.08 61.08 61.09 61.09 61.10 61.11 61.12 61.14 61.15 61.16 61.17 61.18 61.18 61.19 61.19 61.18 61.17 61.16 61.14 61.12 61.08 61.04 60.99 60.94 60.87 60.80 60.71 60.62 60.51 60.39 60.26 60.16 60.08 60.06 60.07 60.13 60.24 60.41 60.63 60.90 61.24 61.63 62.07 62.50 62.93 63.36 63.78 64.19 64.58 64.97 65.34 65.70 66.04 66.34 66.59 66.77 66.89 66.94 66.92 66.85 66.71 66.53 66.29 66.00 65.66 65.28 64.85 64.39 63.89 63.35
62.02 61.74 61.55 61.45 61.40 61.36 61.33 61.30 61.28 61.27 61.26 61.25 61.25 61.25 61.25 61.25 61.25 61.26 61.26 61.27 61.27 61.27 61.26 61.26 61.25 61.23 61.22 61.19 61.16 61.13 61.08 61.03 60.98 60.91 60.83 60.75 60.65 60.58 60.55 60.57 60.63 60.75 60.92 61.14 61.42 61.76 62.16 62.61 63.05 63.49 63.92 64.34 64.76 65.16 65.55 65.93 66.29 66.62 66.89 67.10 67.23 67.30 67.31 67.25 67.14 66.98 66.76 66.49 66.17 65.81 65.41 64.96 64.48 63.96 63.41
62.19 61.95 61.79 61.69 61.61 61.54 61.48 61.43 61.38 61.34 61.31 61.29 61.27 61.26 61.25 61.24 61.24 61.24 61.25 61.25 61.26 61.27 61.28 61.29 61.29 61.30 61.30 61.30 61.30 61.30 61.29 61.27 61.25 61.22 61.19 61.15 61.10 61.05 61.02 61.04 61.11 61.22 61.40 61.62 61.91 62.26 62.67 63.12 63.57 64.02 64.46 64.89 65.31 65.72 66.12 66.50 66.85 67.15 67.37 67.53 67.62 67.65 67.61 67.52 67.38 67.18 66.93 66.64 66.30 65.91 65.49 65.02 64.53 63.99 63.43
62.34 62.13 61.98 61.85 61.73 61.63 61.53 61.45 61.38 61.32 61.27 61.23 61.20 61.17 61.15 61.14 61.14 61.14 61.14 61.15 61.17 61.18 61.20 61.23 61.25 61.27 61.30 61.33 61.35 61.38 61.40 61.42 61.44 61.45 61.46 61.47 61.47 61.46 61.46 61.48 61.55 61.67 61.84 62.08 62.37 62.73 63.15 63.61 64.07 64.52 64.97 65.41 65.84 66.25 66.66 67.03 67.35 67.59 67.77 67.89 67.94 67.93 67.86 67.73 67.56 67.33 67.05 66.73 66.37 65.96 65.52 65.04 64.53 63.98 63.41
62.46 62.25 62.07 61.90 61.75 61.61 61.49 61.38 61.28 61.20 61.13 61.07 61.02 60.99 60.96 60.94 60.93 60.93 60.94 60.95 60.97 61.00 61.03 61.07 61.11 61.16 61.21 61.26 61.31 61.36 61.42 61.48 61.53 61.59 61.64 61.69 61.74 61.79 61.83 61.88 61.95 62.08 62.26 62.50 62.80 63.17 63.60 64.07 64.54 65.00 65.46 65.90 66.34 66.76 67.16 67.50 67.77 67.97 68.10 68.17 68.18 68.13 68.03 67.87 67.67 67.41 67.11 66.77 66.38 65.96 65.50 65.01 64.48 63.93 63.35
62.53 62.28 62.06 61.85 61.66 61.49 61.34 61.20 61.08 60.98 60.89 60.81 60.75 60.70 60.67 60.64 60.63 60.63 60.64 60.66 60.68 60.72 60.77 60.82 60.88 60.94 61.01 61.09 61.17 61.26 61.35 61.44 61.53 61.63 61.73 61.83 61.93 62.03 62.12 62.22 62.32 62.45 62.64 62.89 63.20 63.57 64.01 64.49 64.97 65.45 65.91 66.37 66.81 67.23 67.59 67.88 68.10 68.26 68.35 68.38 68.35 68.27 68.14 67.95 67.71 67.43 67.11 66.74 66.34 65.90 65.43 64.92 64.39 63.83 63.25
62.49 62.20 61.94 61.69 61.47 61.27 61.09 60.92 60.78 60.65 60.54 60.45 60.38 60.32 60.27 60.24 60.23 60.22 60.23 60.26 60.29 60.34 60.40 60.47 60.54 60.63 60.72 60.83 60.94 61.05 61.18 61.31 61.44 61.58 61.72 61.87 62.02 62.17 62.32 62.48 62.63 62.79 62.99 63.24 63.56 63.94 64.39 64.89 65.38 65.86 66.34 66.80 67.24 67.62 67.93 68.18 68.35 68.47 68.52 68.51 68.45 68.34 68.17 67.96 67.69 67.39 67.04 66.66 66.24 65.78 65.30 64.78 64.24 63.68 63.09
62.34 62.01 61.71 61.43 61.17 60.93 60.72 60.53 60.36 60.22 60.09 59.98 59.89 59.82 59.77 59.73 59.72 59.71 59.73 59.76 59.80 59.86 59.93 60.01 60.11 60.21 60.33 60.46 60.60 60.75 60.91 61.07 61.25 61.43 61.62 61.81 62.01 62.21 62.42 62.63 62.85 63.07 63.29 63.56 63.89 64.28 64.74 65.24 65.75 66.24 66.73 67.19 67.59 67.93 68.19 68.39 68.52 68.60 68.61 68.57 68.47 68.33 68.13 67.89 67.61 67.28 66.92 66.51 66.08 65.61 65.12 64.59 64.05 63.48 62.89
62.08 61.71 61.36 61.04 60.75 60.49 60.25 60.03 59.84 59.67 59.52 59.40 59.30 59.22 59.16 59.12 59.10 59.10 59.11 59.15 59.20 59.27 59.35 59.45 59.56 59.69 59.84 59.99 60.16 60.34 60.53 60.74 60.95 61.17 61.41 61.65 61.90 62.16 62.42 62.69 62.97 63.25 63.54 63.84 64.17 64.58 65.05 65.57 66.08 66.59 67.07 67.50 67.85 68.14 68.35 68.51 68.60 68.64 68.62 68.54 68.42 68.24 68.02 67.76 67.45 67.10 66.72 66.30 65.86 65.38 64.87 64.35 63.80 63.23 62.64
61.70 61.28 60.90 60.55 60.22 59.92 59.66 59.41 59.20 59.01 58.85 58.71 58.59 58.50 58.43 58.39 58.37 58.37 58.39 58.43 58.49 58.57 58.66 58.78 58.91 59.06 59.23 59.41 59.61 59.83 60.05 60.29 60.55 60.82 61.09 61.38 61.68 62.00 62.32 62.65 62.98 63.33 63.68 64.05 64.42 64.84 65.32 65.85 66.38 66.88 67.33 67.70 68.01 68.25 68.43 68.54 68.60 68.60 68.54 68.44 68.28 68.08 67.83 67.54 67.22 66.85 66.46 66.03 65.57 65.08 64.57 64.04 63.49 62.92 62.34
61.20 60.74 60.32 59.93 59.57 59.24 58.95 58.68 58.44 58.23 58.05 57.90 57.77 57.67 57.60 57.55 57.52 57.52 57.55 57.59 57.66 57.75 57.87 58.00 58.15 58.32 58.52 58.73 58.96 59.20 59.46 59.74 60.04 60.35 60.67 61.01 61.36 61.73 62.11 62.49 62.89 63.31 63.73 64.16 64.60 65.05 65.55 66.09 66.62 67.09 67.48 67.81 68.07 68.27 68.40 68.48 68.50 68.47 68.38 68.24 68.06 67.83 67.57 67.26 66.91 66.53 66.12 65.68 65.22 64.72 64.21 63.68 63.13 62.56 61.99
60.57 60.08 59.62 59.19 58.80 58.44 58.12 57.82 57.56 57.33 57.14 56.97 56.83 56.72 56.64 56.59 56.56 56.56 56.59 56.64 56.72 56.82 56.95 57.10 57.27 57.47 57.69 57.93 58.19 58.46 58.76 59.08 59.42 59.77 60.14 60.53 60.93 61.35 61.79 62.23 62.70 63.17 63.66 64.16 64.67 65.20 65.74 66.28 66.77 67.19 67.54 67.82 68.03 68.19 68.29 68.33 68.31 68.24 68.13 67.97 67.76 67.51 67.22 66.89 66.53 66.14 65.72 65.27 64.80 64.30 63.79 63.25 62.71 62.15 61.58
59.87 59.33 58.83 58.37 57.95 57.56 57.20 56.89 56.60 56.35 56.14 55.95 55.80 55.68 55.60 55.54 55.51 55.51 55.54 55.60 55.69 55.81 55.95 56.11 56.31 56.52 56.77 57.03 57.32 57.63 57.97 58.32 58.70 59.09 59.51 59.95 60.40 60.87 61.37 61.87 62.40 62.94 63.49 64.06 64.65 65.25 65.86 66.43 66.87 67.24 67.54 67.78 67.95 68.07 68.13 68.13 68.08 67.99 67.84 67.65 67.42 67.15 66.84 66.50 66.12 65.72 65.29 64.83 64.35 63.85 63.34 62.81 62.26 61.71 61.15
59.19 58.61 58.07 57.57 57.11 56.69 56.30 55.96 55.65 55.38 55.14 54.94 54.77 54.64 54.54 54.48 54.45 54.45 54.48 54.54 54.64 54.76 54.91 55.09 55.30 55.54 55.80 56.10 56.41 56.75 57.12 57.51 57.93 58.36 58.82 59.30 59.81 60.33 60.88 61.44 62.02 62.63 63.25 63.88 64.54 65.22 65.94 66.59 67.05 67.37 67.63 67.82 67.95 68.03 68.05 68.02 67.93 67.81 67.63 67.42 67.16 66.87 66.54 66.18 65.79 65.37 64.93 64.47 63.98 63.48 62.96 62.43 61.89 61.35 60.79
58.57 57.94 57.36 56.81 56.31 55.86 55.44 55.06 54.72 54.43 54.17 53.94 53.76 53.61 53.50 53.43 53.39 53.39 53.42 53.48 53.58 53.71 53.87 54.06 54.28 54.54 54.82 55.13 55.47 55.84 56.24 56.66 57.11 57.59 58.09 58.61 59.16 59.73 60.33 60.95 61.59 62.25 62.93 63.63 64.36 65.13 65.96 66.72 67.27 67.60 67.81 67.96 68.04 68.08 68.06 67.99 67.88 67.72 67.51 67.27 66.99 66.67 66.33 65.95 65.54 65.11 64.66 64.18 63.69 63.19 62.67 62.14 61.60 61.06 60.51
58.00 57.32 56.69 56.11 55.56 55.07 54.61 54.20 53.83 53.50 53.22 52.97 52.77 52.60 52.48 52.39 52.34 52.33 52.36 52.42 52.51 52.65 52.81 53.01 53.25 53.51 53.81 54.14 54.51 54.90 55.32 55.78 56.26 56.77 57.30 57.87 58.46 59.08 59.72 60.39 61.08 61.80 62.54 63.31 64.13 65.01 65.94 66.80 67.44 67.86 68.07 68.18 68.22 68.21 68.16 68.05 67.90 67.71 67.47 67.20 66.89 66.55 66.19 65.79 65.37 64.92 64.45 63.97 63.47 62.96 62.44 61.91 61.37 60.84 60.30
57.50 56.76 56.08 55.45 54.86 54.32 53.83 53.38 52.98 52.62 52.30 52.03 51.80 51.62 51.47 51.37 51.31 51.28 51.30 51.36 51.45 51.58 51.75 51.96 52.20 52.48 52.79 53.14 53.52 53.93 54.38 54.86 55.37 55.91 56.48 57.09 57.72 58.38 59.06 59.78 60.52 61.29 62.10 62.95 63.87 64.84 65.87 66.83 67.57 68.07 68.36 68.47 68.47 68.42 68.32 68.18 67.99 67.76 67.50 67.20 66.86 66.50 66.11 65.69 65.25 64.79 64.31 63.82 63.31 62.79 62.27 61.74 61.20 60.67 60.13
