data_output/RCH/Precip_2011_02.asc
ncols        168
nrows        136
xllcorner    455000
yllcorner    2107000
cellsize     500
NODATA_value     -99999
[rows 36 to 71 of 136, columns 0 to 81 of 168]
5.12 5.33 5.53 5.72 5.91 6.09 6.26 6.42 6.58 6.73 6.86 6.99 7.11 7.21 7.31 7.40 7.47 7.53 7.58 7.62 7.64 7.65 7.66 7.67 7.68 7.69 7.71 7.73 7.74 7.76 7.78 7.80 7.82 7.84 7.85 7.86 7.86 7.87 7.86 7.85 7.84 7.82 7.79 7.75 7.70 7.65 7.58 7.51 7.42 7.32 7.21 7.09 6.95 6.80 6.64 6.45 6.26 6.04 5.81 5.56 5.30 5.01 4.70 4.38 4.03 3.66 3.27 2.86 2.42 1.96 1.47 0.96 0.43 0.00 0.00 0.00 0.00 0.00 0.00 0.00 0.00 0.00
5.34 5.55 5.75 5.94 6.12 6.30 6.47 6.62 6.77 6.91 7.04 7.15 7.26 7.36 7.44 7.51 7.57 7.61 7.65 7.67 7.67 7.66 7.65 7.64 7.63 7.63 7.63 7.63 7.64 7.64 7.65 7.65 7.66 7.66 7.66 7.66 7.66 7.65 7.64 7.62 7.60 7.57 7.53 7.49 7.44 7.38 7.31 7.23 7.14 7.04 6.93 6.81 6.67 6.52 6.35 6.17 5.98 5.77 5.54 5.29 5.03 4.75 4.45 4.13 3.79 3.43 3.05 2.64 2.22 1.77 1.29 0.79 0.27 0.00 0.00 0.00 0.00 0.00 0.00 0.00 0.00 0.00
5.54 5.75 5.94 6.13 6.31 6.49 6.65 6.80 6.94 7.07 7.19 7.29 7.39 7.47 7.54 7.60 7.64 7.67 7.69 7.69 7.68 7.66 7.64 7.62 7.59 7.57 7.56 7.54 7.53 7.52 7.51 7.51 7.50 7.49 7.48 7.47 7.45 7.44 7.41 7.39 7.36 7.32 7.28 7.23 7.18 7.11 7.04 6.96 6.86 6.76 6.65 6.52 6.39 6.24 6.07 5.89 5.70 5.49 5.27 5.03 4.77 4.49 4.20 3.89 3.55 3.20 2.83 2.43 2.02 1.58 1.11 0.62 0.11 0.00 0.00 0.00 0.00 0.00 0.00 0.00 0.00 0.00
5.71 5.92 6.12 6.30 6.48 6.65 6.80 6.95 7.08 7.20 7.31 7.41 7.49 7.56 7.62 7.66 7.69 7.70 7.70 7.69 7.67 7.65 7.62 7.59 7.55 7.52 7.48 7.45 7.43 7.40 7.38 7.36 7.34 7.32 7.30 7.28 7.25 7.23 7.20 7.16 7.12 7.08 7.03 6.98 6.92 6.85 6.77 6.69 6.59 6.49 6.37 6.25 6.11 5.96 5.80 5.62 5.43 5.22 5.00 4.77 4.51 4.24 3.96 3.65 3.32 2.98 2.61 2.23 1.82 1.39 0.94 0.46 0.00 0.00 0.00 0.00 0.00 0.00 0.00 0.00 0.00 0.00
5.86 6.07 6.26 6.45 6.62 6.78 6.93 7.07 7.20 7.31 7.41 7.50 7.57 7.63 7.67 7.70 7.71 7.71 7.69 7.67 7.65 7.62 7.59 7.56 7.51 7.46 7.41 7.37 7.33 7.29 7.25 7.22 7.19 7.15 7.12 7.09 7.05 7.02 6.98 6.94 6.89 6.84 6.79 6.73 6.66 6.59 6.51 6.42 6.32 6.22 6.10 5.97 5.84 5.69 5.52 5.35 5.16 4.96 4.74 4.51 4.26 4.00 3.72 3.42 3.10 2.76 2.41 2.03 1.63 1.21 0.77 0.31 0.00 0.00 0.00 0.00 0.00 0.00 0.00 0.00 0.00 0.00
5.99 6.19 6.38 6.57 6.74 6.89 7.04 7.17 7.29 7.39 7.48 7.56 7.62 7.67 7.70 7.71 7.71 7.70 7.67 7.65 7.62 7.59 7.55 7.51 7.46 7.41 7.34 7.28 7.23 7.18 7.13 7.08 7.03 6.99 6.95 6.90 6.86 6.81 6.77 6.72 6.66 6.61 6.55 6.48 6.41 6.33 6.25 6.16 6.06 5.95 5.83 5.70 5.57 5.42 5.26 5.09 4.90 4.70 4.49 4.26 4.02 3.76 3.48 3.19 2.88 2.55 2.21 1.84 1.45 1.04 0.61 0.16 0.00 0.00 0.00 0.00 0.00 0.00 0.00 0.00 0.00 0.00
6.09 6.29 6.48 6.66 6.83 6.98 7.12 7.25 7.36 7.45 7.53 7.60 7.65 7.68 7.70 7.70 7.69 7.67 7.64 7.61 7.57 7.54 7.50 7.45 7.40 7.34 7.27 7.20 7.13 7.07 7.00 6.94 6.89 6.83 6.78 6.72 6.67 6.61 6.56 6.50 6.44 6.38 6.31 6.24 6.16 6.08 5.99 5.90 5.80 5.69 5.57 5.44 5.30 5.16 5.00 4.83 4.64 4.45 4.24 4.02 3.78 3.53 3.26 2.97 2.67 2.35 2.01 1.65 1.28 0.88 0.46 0.02 0.00 0.00 0.00 0.00 0.00 0.00 0.00 0.00 0.00 0.00
6.16 6.37 6.56 6.73 6.90 7.04 7.18 7.30 7.40 7.49 7.56 7.62 7.66 7.68 7.68 7.67 7.65 7.63 7.59 7.56 7.52 7.48 7.44 7.39 7.33 7.27 7.20 7.12 7.04 6.96 6.88 6.81 6.74 6.67 6.61 6.54 6.48 6.42 6.35 6.29 6.22 6.15 6.08 6.00 5.92 5.83 5.74 5.65 5.54 5.43 5.31 5.18 5.05 4.90 4.74 4.57 4.39 4.20 4.00 3.78 3.55 3.30 3.04 2.76 2.46 2.15 1.82 1.47 1.11 0.72 0.31 0.00 0.00 0.00 0.00 0.00 0.00 0.00 0.00 0.00 0.00 0.00
6.22 6.42 6.61 6.78 6.94 7.09 7.22 7.33 7.42 7.50 7.57 7.61 7.64 7.65 7.64 7.63 7.60 7.57 7.54 7.50 7.46 7.42 7.37 7.31 7.25 7.18 7.11 7.03 6.94 6.85 6.76 6.68 6.60 6.52 6.44 6.37 6.29 6.22 6.15 6.08 6.00 5.93 5.85 5.77 5.68 5.59 5.50 5.40 5.29 5.18 5.06 4.93 4.79 4.65 4.49 4.32 4.15 3.96 3.76 3.54 3.32 3.08 2.82 2.55 2.26 1.96 1.64 1.30 0.94 0.57 0.17 0.00 0.00 0.00 0.00 0.00 0.00 0.00 0.00 0.00 0.00 0.00
6.25 6.45 6.64 6.81 6.97 7.11 7.23 7.34 7.43 7.50 7.55 7.59 7.60 7.60 7.59 7.57 7.55 7.51 7.47 7.43 7.39 7.34 7.29 7.23 7.16 7.09 7.01 6.93 6.84 6.75 6.65 6.55 6.46 6.37 6.28 6.19 6.11 6.03 5.95 5.87 5.79 5.70 5.62 5.53 5.44 5.35 5.25 5.15 5.04 4.93 4.81 4.68 4.54 4.40 4.24 4.08 3.91 3.72 3.52 3.32 3.09 2.86 2.61 2.35 2.07 1.77 1.46 1.13 0.79 0.42 0.04 0.00 0.00 0.00 0.00 0.00 0.00 0.00 0.00 0.00 0.00 0.00
6.26 6.46 6.65 6.82 6.97 7.11 7.23 7.33 7.41 7.47 7.51 7.54 7.55 7.54 7.53 7.51 7.48 7.44 7.40 7.35 7.31 7.25 7.20 7.14 7.07 6.99 6.91 6.82 6.73 6.63 6.53 6.42 6.32 6.22 6.12 6.02 5.93 5.84 5.75 5.66 5.58 5.49 5.40 5.31 5.21 5.11 5.01 4.91 4.80 4.68 4.56 4.43 4.30 4.15 4.00 3.84 3.67 3.49 3.30 3.09 2.88 2.65 2.41 2.15 1.88 1.59 1.29 0.97 0.64 0.28 0.00 0.00 0.00 0.00 0.00 0.00 0.00 0.00 0.00 0.00 0.00 0.00
6.26 6.46 6.64 6.81 6.96 7.09 7.20 7.29 7.37 7.42 7.46 7.47 7.48 7.47 7.45 7.43 7.40 7.36 7.32 7.27 7.21 7.16 7.10 7.03 6.96 6.88 6.80 6.71 6.61 6.51 6.41 6.29 6.18 6.07 5.96 5.86 5.76 5.66 5.56 5.46 5.37 5.27 5.18 5.08 4.98 4.88 4.78 4.67 4.56 4.44 4.32 4.19 4.06 3.92 3.77 3.61 3.44 3.26 3.07 2.88 2.66 2.44 2.21 1.96 1.70 1.42 1.12 0.82 0.49 0.15 0.00 0.00 0.00 0.00 0.00 0.00 0.00 0.00 0.00 0.00 0.00 0.00
6.23 6.43 6.61 6.77 6.92 7.05 7.15 7.24 7.31 7.35 7.38 7.40 7.40 7.39 7.37 7.34 7.31 7.27 7.22 7.17 7.11 7.05 6.99 6.92 6.85 6.76 6.68 6.58 6.49 6.38 6.27 6.16 6.04 5.92 5.81 5.69 5.58 5.47 5.37 5.27 5.16 5.06 4.96 4.86 4.76 4.65 4.55 4.44 4.32 4.21 4.08 3.96 3.82 3.68 3.53 3.38 3.21 3.04 2.86 2.66 2.46 2.24 2.01 1.77 1.52 1.25 0.97 0.67 0.36 0.04 0.00 0.00 0.00 0.00 0.00 0.00 0.00 0.00 0.00 0.00 0.00 0.00
6.18 6.38 6.56 6.72 6.86 6.99 7.09 7.17 7.23 7.27 7.29 7.31 7.31 7.30 7.28 7.25 7.21 7.17 7.12 7.06 7.00 6.94 6.88 6.80 6.72 6.64 6.55 6.45 6.35 6.25 6.14 6.02 5.90 5.78 5.65 5.53 5.41 5.29 5.18 5.07 4.96 4.86 4.75 4.64 4.54 4.43 4.32 4.21 4.09 3.97 3.85 3.72 3.59 3.45 3.31 3.15 2.99 2.82 2.64 2.45 2.26 2.05 1.82 1.59 1.35 1.09 0.81 0.53 0.23 0.00 0.00 0.00 0.00 0.00 0.00 0.00 0.00 0.00 0.00 0.00 0.00 0.00
6.11 6.31 6.49 6.65 6.79 6.91 7.01 7.08 7.13 7.17 7.20 7.21 7.21 7.20 7.17 7.14 7.10 7.06 7.01 6.95 6.89 6.82 6.75 6.68 6.59 6.51 6.41 6.31 6.21 6.10 5.99 5.87 5.75 5.63 5.50 5.37 5.24 5.12 5.00 4.88 4.77 4.65 4.54 4.43 4.32 4.21 4.10 3.98 3.87 3.75 3.62 3.50 3.36 3.23 3.08 2.93 2.77 2.61 2.43 2.25 2.06 1.86 1.64 1.42 1.18 0.93 0.67 0.40 0.12 0.00 0.00 0.00 0.00 0.00 0.00 0.00 0.00 0.00 0.00 0.00 0.00 0.00
6.03 6.23 6.41 6.56 6.70 6.81 6.90 6.97 7.03 7.06 7.09 7.10 7.10 7.08 7.06 7.03 6.99 6.94 6.89 6.83 6.76 6.69 6.62 6.54 6.46 6.36 6.27 6.17 6.06 5.95 5.84 5.72 5.60 5.47 5.34 5.21 5.08 4.94 4.82 4.69 4.57 4.45 4.34 4.22 4.11 3.99 3.88 3.76 3.64 3.52 3.40 3.27 3.14 3.00 2.86 2.72 2.56 2.40 2.23 2.05 1.87 1.67 1.46 1.25 1.02 0.78 0.54 0.29 0.03 0.00 0.00 0.00 0.00 0.00 0.00 0.00 0.00 0.00 0.00 0.00 0.00 0.00
5.93 6.13 6.31 6.46 6.59 6.70 6.79 6.86 6.91 6.95 6.97 6.98 6.98 6.96 6.94 6.91 6.86 6.81 6.76 6.69 6.63 6.55 6.48 6.40 6.31 6.22 6.12 6.02 5.91 5.80 5.68 5.56 5.44 5.31 5.18 5.05 4.91 4.77 4.64 4.51 4.38 4.26 4.13 4.01 3.90 3.78 3.66 3.54 3.42 3.30 3.18 3.05 2.92 2.79 2.65 2.50 2.35 2.20 2.03 1.86 1.68 1.49 1.29 1.08 0.87 0.64 0.42 0.18 0.00 0.00 0.00 0.00 0.00 0.00 0.00 0.00 0.00 0.00 0.00 0.00 0.00 0.00
5.81 6.01 6.19 6.34 6.47 6.57 6.66 6.73 6.78 6.82 6.84 6.85 6.85 6.83 6.81 6.77 6.73 6.68 6.62 6.55 6.48 6.41 6.33 6.25 6.16 6.06 5.96 5.86 5.75 5.63 5.52 5.40 5.27 5.14 5.01 4.88 4.74 4.60 4.46 4.32 4.19 4.06 3.93 3.81 3.69 3.57 3.45 3.33 3.21 3.09 2.96 2.84 2.71 2.58 2.44 2.30 2.15 2.00 1.84 1.67 1.50 1.32 1.12 0.93 0.73 0.52 0.31 0.09 0.00 0.00 0.00 0.00 0.00 0.00 0.00 0.00 0.00 0.00 0.00 0.00 0.00 0.00
5.68 5.88 6.05 6.20 6.33 6.43 6.52 6.59 6.64 6.68 6.71 6.71 6.71 6.70 6.67 6.63 6.59 6.54 6.47 6.41 6.34 6.26 6.18 6.09 6.00 5.90 5.80 5.69 5.58 5.47 5.35 5.23 5.10 4.97 4.84 4.70 4.57 4.43 4.29 4.14 4.00 3.87 3.74 3.61 3.48 3.36 3.24 3.12 2.99 2.87 2.75 2.62 2.50 2.37 2.23 2.10 1.95 1.81 1.65 1.49 1.32 1.15 0.97 0.78 0.60 0.41 0.21 0.01 0.00 0.00 0.00 0.00 0.00 0.00 0.00 0.00 0.00 0.00 0.00 0.00 0.00 0.00
5.53 5.73 5.90 6.05 6.18 6.28 6.37 6.44 6.50 6.54 6.56 6.57 6.57 6.55 6.52 6.49 6.44 6.38 6.32 6.25 6.18 6.10 6.02 5.93 5.83 5.73 5.63 5.52 5.41 5.29 5.17 5.05 4.92 4.79 4.66 4.53 4.39 4.25 4.11 3.96 3.82 3.68 3.54 3.41 3.28 3.16 3.03 2.91 2.79 2.66 2.54 2.42 2.29 2.16 2.03 1.90 1.76 1.62 1.47 1.31 1.15 0.99 0.82 0.65 0.48 0.31 0.13 0.00 0.00 0.00 0.00 0.00 0.00 0.00 0.00 0.00 0.00 0.00 0.00 0.00 0.00 0.00
5.37 5.57 5.74 5.89 6.02 6.13 6.22 6.29 6.34 6.38 6.40 6.41 6.41 6.39 6.37 6.33 6.28 6.23 6.16 6.09 6.01 5.93 5.85 5.76 5.66 5.56 5.45 5.34 5.23 5.11 4.99 4.87 4.74 4.61 4.48 4.34 4.20 4.07 3.92 3.78 3.64 3.50 3.35 3.22 3.09 2.96 2.83 2.71 2.58 2.46 2.34 2.21 2.09 1.96 1.84 1.70 1.57 1.43 1.29 1.14 0.99 0.84 0.69 0.53 0.38 0.22 0.06 0.00 0.00 0.00 0.00 0.00 0.00 0.00 0.00 0.00 0.00 0.00 0.00 0.00 0.00 0.00
5.20 5.39 5.57 5.72 5.85 5.96 6.05 6.12 6.18 6.22 6.24 6.25 6.25 6.23 6.20 6.17 6.12 6.06 6.00 5.92 5.84 5.76 5.67 5.58 5.48 5.38 5.27 5.16 5.05 4.93 4.81 4.68 4.55 4.42 4.29 4.15 4.02 3.88 3.74 3.60 3.45 3.31 3.17 3.03 2.89 2.76 2.63 2.50 2.38 2.26 2.14 2.01 1.89 1.77 1.64 1.51 1.38 1.25 1.11 0.97 0.84 0.70 0.56 0.43 0.29 0.14 0.00 0.00 0.00 0.00 0.00 0.00 0.00 0.00 0.00 0.00 0.00 0.00 0.00 0.00 0.00 0.00
5.01 5.21 5.38 5.54 5.67 5.78 5.87 5.95 6.00 6.05 6.07 6.08 6.08 6.06 6.03 5.99 5.95 5.89 5.82 5.75 5.67 5.58 5.49 5.40 5.30 5.19 5.09 4.97 4.86 4.74 4.62 4.49 4.36 4.23 4.10 3.96 3.83 3.69 3.55 3.41 3.27 3.12 2.98 2.84 2.70 2.57 2.44 2.31 2.18 2.06 1.94 1.82 1.70 1.58 1.45 1.33 1.20 1.07 0.95 0.82 0.70 0.57 0.45 0.33 0.20 0.07 0.00 0.00 0.00 0.00 0.00 0.00 0.00 0.00 0.00 0.00 0.00 0.00 0.00 0.00 0.00 0.00
4.81 5.01 5.19 5.35 5.48 5.59 5.69 5.77 5.82 5.87 5.89 5.90 5.90 5.88 5.86 5.82 5.77 5.71 5.64 5.57 5.48 5.40 5.31 5.21 5.11 5.00 4.89 4.78 4.66 4.54 4.42 4.30 4.17 4.04 3.90 3.77 3.63 3.50 3.36 3.22 3.08 2.93 2.79 2.65 2.51 2.38 2.24 2.11 1.99 1.87 1.74 1.62 1.51 1.39 1.27 1.15 1.03 0.91 0.79 0.68 0.57 0.46 0.35 0.24 0.13 0.02 0.00 0.00 0.00 0.00 0.00 0.00 0.00 0.00 0.00 0.00 0.00 0.00 0.00 0.00 0.00 0.00
4.60 4.81 4.99 5.15 5.28 5.40 5.50 5.57 5.63 5.68 5.71 5.72 5.71 5.70 5.67 5.63 5.58 5.52 5.45 5.38 5.30 5.21 5.11 5.02 4.91 4.81 4.70 4.58 4.47 4.35 4.22 4.10 3.97 3.84 3.70 3.57 3.44 3.30 3.16 3.02 2.88 2.74 2.60 2.46 2.33 2.19 2.05 1.92 1.80 1.67 1.55 1.44 1.32 1.20 1.09 0.97 0.86 0.75 0.65 0.55 0.45 0.36 0.26 0.17 0.07 0.00 0.00 0.00 0.00 0.00 0.00 0.00 0.00 0.00 0.00 0.00 0.00 0.00 0.00 0.00 0.00 0.00
4.39 4.59 4.78 4.94 5.08 5.20 5.30 5.38 5.44 5.48 5.51 5.52 5.52 5.51 5.48 5.44 5.39 5.33 5.26 5.19 5.10 5.01 4.92 4.82 4.71 4.61 4.49 4.38 4.26 4.14 4.02 3.89 3.76 3.63 3.50 3.37 3.23 3.10 2.96 2.83 2.69 2.55 2.41 2.27 2.14 2.00 1.87 1.74 1.61 1.49 1.37 1.25 1.14 1.02 0.91 0.80 0.70 0.61 0.52 0.43 0.35 0.26 0.18 0.10 0.02 0.00 0.00 0.00 0.00 0.00 0.00 0.00 0.00 0.00 0.00 0.00 0.00 0.00 0.00 0.00 0.00 0.00
4.16 4.37 4.56 4.72 4.87 4.99 5.09 5.17 5.23 5.28 5.31 5.32 5.32 5.31 5.28 5.24 5.19 5.13 5.06 4.99 4.90 4.81 4.71 4.61 4.51 4.40 4.29 4.17 4.06 3.94 3.81 3.69 3.56 3.43 3.30 3.17 3.03 2.90 2.76 2.63 2.49 2.35 2.22 2.08 1.95 1.82 1.68 1.55 1.43 1.30 1.19 1.07 0.96 0.85 0.74 0.64 0.56 0.47 0.39 0.32 0.25 0.18 0.11 0.04 0.00 0.00 0.00 0.00 0.00 0.00 0.00 0.00 0.00 0.00 0.00 0.00 0.00 0.00 0.00 0.00 0.00 0.00
3.93 4.14 4.33 4.50 4.64 4.77 4.87 4.96 5.02 5.07 5.10 5.12 5.12 5.10 5.08 5.04 4.99 4.93 4.86 4.78 4.70 4.60 4.51 4.41 4.30 4.19 4.08 3.96 3.85 3.73 3.60 3.48 3.35 3.22 3.09 2.96 2.83 2.69 2.56 2.43 2.29 2.16 2.02 1.89 1.76 1.63 1.50 1.37 1.24 1.12 1.01 0.89 0.78 0.68 0.58 0.50 0.42 0.35 0.28 0.22 0.16 0.11 0.05 0.00 0.00 0.00 0.00 0.00 0.00 0.00 0.00 0.00 0.00 0.00 0.00 0.00 0.00 0.00 0.00 0.00 0.00 0.00
3.68 3.90 4.10 4.27 4.42 4.54 4.65 4.74 4.80 4.85 4.89 4.90 4.91 4.89 4.87 4.83 4.78 4.72 4.65 4.57 4.49 4.39 4.30 4.19 4.09 3.98 3.87 3.75 3.63 3.51 3.39 3.26 3.14 3.01 2.88 2.75 2.62 2.49 2.35 2.22 2.09 1.96 1.83 1.70 1.57 1.44 1.31 1.19 1.07 0.95 0.83 0.72 0.61 0.52 0.44 0.36 0.30 0.24 0.18 0.14 0.09 0.04 0.00 0.00 0.00 0.00 0.00 0.00 0.00 0.00 0.00 0.00 0.00 0.00 0.00 0.00 0.00 0.00 0.00 0.00 0.00 0.00
3.43 3.66 3.85 4.03 4.18 4.31 4.42 4.51 4.58 4.63 4.67 4.69 4.69 4.68 4.65 4.62 4.57 4.51 4.44 4.36 4.27 4.18 4.08 3.98 3.87 3.76 3.65 3.53 3.41 3.29 3.17 3.05 2.92 2.80 2.67 2.54 2.41 2.28 2.15 2.02 1.89 1.76 1.63 1.50 1.38 1.25 1.13 1.01 0.89 0.77 0.66 0.55 0.46 0.37 0.30 0.24 0.19 0.14 0.09 0.06 0.02 0.00 0.00 0.00 0.00 0.00 0.00 0.00 0.00 0.00 0.00 0.00 0.00 0.00 0.00 0.00 0.00 0.00 0.00 0.00 0.00 0.00
3.17 3.40 3.60 3.78 3.94 4.07 4.18 4.28 4.35 4.40 4.44 4.46 4.47 4.46 4.43 4.40 4.35 4.29 4.22 4.14 4.05 3.96 3.86 3.76 3.65 3.54 3.43 3.31 3.19 3.08 2.95 2.83 2.71 2.58 2.45 2.33 2.20 2.07 1.94 1.81 1.69 1.56 1.43 1.31 1.19 1.06 0.94 0.83 0.71 0.60 0.49 0.39 0.31 0.24 0.18 0.13 0.08 0.05 0.01 0.00 0.00 0.00 0.00 0.00 0.00 0.00 0.00 0.00 0.00 0.00 0.00 0.00 0.00 0.00 0.00 0.00 0.00 0.00 0.00 0.00 0.00 0.00
2.91 3.14 3.35 3.53 3.69 3.82 3.94 4.04 4.11 4.17 4.21 4.23 4.24 4.23 4.21 4.17 4.12 4.06 4.00 3.92 3.83 3.74 3.64 3.53 3.43 3.32 3.20 3.09 2.97 2.85 2.73 2.61 2.49 2.36 2.24 2.11 1.99 1.86 1.73 1.61 1.48 1.36 1.24 1.11 0.99 0.88 0.76 0.64 0.53 0.43 0.33 0.25 0.18 0.12 0.06 0.02 0.00 0.00 0.00 0.00 0.00 0.00 0.00 0.00 0.00 0.00 0.00 0.00 0.00 0.00 0.00 0.00 0.00 0.00 0.00 0.00 0.00 0.00 0.00 0.00 0.00 0.00
2.63 2.87 3.08 3.27 3.43 3.57 3.69 3.79 3.87 3.93 3.97 3.99 4.00 4.00 3.97 3.94 3.89 3.84 3.77 3.69 3.60 3.51 3.41 3.30 3.20 3.09 2.98 2.86 2.75 2.63 2.51 2.39 2.27 2.14 2.02 1.90 1.77 1.65 1.52 1.40 1.28 1.16 1.04 0.92 0.80 0.69 0.57 0.46 0.36 0.27 0.19 0.11 0.05 0.00 0.00 0.00 0.00 0.00 0.00 0.00 0.00 0.00 0.00 0.00 0.00 0.00 0.00 0.00 0.00 0.00 0.00 0.00 0.00 0.00 0.00 0.00 0.00 0.00 0.00 0.00 0.00 0.00
2.35 2.60 2.81 3.00 3.17 3.31 3.44 3.54 3.62 3.68 3.73 3.75 3.76 3.76 3.74 3.71 3.66 3.60 3.54 3.46 3.37 3.28 3.18 3.07 2.97 2.86 2.75 2.63 2.52 2.40 2.28 2.16 2.04 1.92 1.80 1.68 1.56 1.44 1.32 1.19 1.08 0.96 0.84 0.72 0.61 0.50 0.39 0.29 0.20 0.12 0.05 0.00 0.00 0.00 0.00 0.00 0.00 0.00 0.00 0.00 0.00 0.00 0.00 0.00 0.00 0.00 0.00 0.00 0.00 0.00 0.00 0.00 0.00 0.00 0.00 0.00 0.00 0.00 0.00 0.00 0.00 0.00
2.07 2.31 2.53 2.73 2.90 3.05 3.17 3.28 3.36 3.43 3.48 3.51 3.52 3.52 3.50 3.47 3.42 3.37 3.30 3.23 3.14 3.04 2.94 2.84 2.74 2.63 2.52 2.40 2.29 2.17 2.06 1.94 1.82 1.70 1.58 1.46 1.34 1.22 1.11 0.99 0.87 0.76 0.64 0.53 0.42 0.31 0.21 0.12 0.04 0.00 0.00 0.00 0.00 0.00 0.00 0.00 0.00 0.00 0.00 0.00 0.00 0.00 0.00 0.00 0.00 0.00 0.00 0.00 0.00 0.00 0.00 0.00 0.00 0.00 0.00 0.00 0.00 0.00 0.00 0.00 0.00 0.00
1.77 2.02 2.25 2.45 2.63 2.78 2.91 3.02 3.10 3.17 3.22 3.26 3.27 3.27 3.26 3.23 3.18 3.13 3.06 2.99 2.90 2.81 2.71 2.61 2.50 2.39 2.28 2.17 2.06 1.94 1.83 1.71 1.60 1.48 1.36 1.24 1.13 1.01 0.90 0.78 0.67 0.56 0.45 0.34 0.23 0.13 0.04 0.00 0.00 0.00 0.00 0.00 0.00 0.00 0.00 0.00 0.00 0.00 0.00 0.00 0.00 0.00 0.00 0.00 0.00 0.00 0.00 0.00 0.00 0.00 0.00 0.00 0.00 0.00 0.00 0.00 0.00 0.00 0.00 0.00 0.00 0.00
