data_output/RCH/Precip_1988_07.asc
ncols        168
nrows        136
xllcorner    455000
yllcorner    2107000
cellsize     500
NODATA_value     -99999
[rows 32 to 63 of 136, columns 0 to 71 of 168]
287.95 286.29 284.55 282.74 280.85 278.90 276.87 274.78 272.63 270.44 268.23 265.99 263.73 261.45 259.14 256.82 254.48 252.10 249.63 247.10 244.49 241.83 239.10 236.31 233.48 230.60 227.67 224.70 221.70 218.66 215.59 212.50 209.39 206.25 203.11 199.95 196.79 193.63 190.47 187.32 184.18 181.05 177.94 174.85 171.78 168.75 165.75 162.79 159.87 156.99 154.17 151.40 148.68 146.03 143.44 140.92 138.48 136.11 133.82 131.62 129.51 127.49 125.56 123.74 122.01 120.39 118.86 117.44 116.11 114.88 113.74 112.70
291.25 289.65 287.97 286.22 284.39 282.48 280.50 278.44 276.30 274.11 271.88 269.62 267.33 265.01 262.67 260.31 257.92 255.48 252.97 250.38 247.72 245.00 242.22 239.37 236.48 233.53 230.55 227.52 224.45 221.35 218.22 215.06 211.88 208.68 205.47 202.26 199.03 195.80 192.58 189.36 186.15 182.95 179.77 176.62 173.49 170.38 167.32 164.29 161.30 158.35 155.46 152.62 149.83 147.11 144.45 141.86 139.34 136.90 134.55 132.27 130.09 127.99 126.00 124.10 122.31 120.62 119.03 117.55 116.17 114.89 113.71 112.62
294.41 292.88 291.26 289.57 287.79 285.93 283.99 281.97 279.87 277.69 275.44 273.16 270.84 268.50 266.12 263.71 261.28 258.80 256.23 253.59 250.88 248.10 245.26 242.36 239.41 236.40 233.35 230.26 227.14 223.97 220.78 217.57 214.33 211.07 207.80 204.52 201.23 197.94 194.65 191.37 188.09 184.83 181.59 178.37 175.18 172.01 168.88 165.78 162.73 159.72 156.75 153.85 151.00 148.21 145.48 142.82 140.24 137.73 135.30 132.96 130.71 128.55 126.48 124.51 122.65 120.90 119.25 117.71 116.27 114.94 113.71 112.59
297.41 295.95 294.40 292.77 291.05 289.24 287.35 285.37 283.30 281.15 278.92 276.62 274.27 271.90 269.48 267.04 264.56 262.02 259.41 256.72 253.95 251.12 248.22 245.27 242.26 239.20 236.09 232.95 229.76 226.54 223.29 220.02 216.72 213.41 210.08 206.74 203.39 200.04 196.69 193.35 190.01 186.69 183.39 180.11 176.85 173.62 170.43 167.27 164.15 161.08 158.06 155.09 152.17 149.32 146.53 143.81 141.16 138.59 136.09 133.69 131.37 129.14 127.01 124.97 123.04 121.22 119.51 117.91 116.42 115.04 113.77 112.60
300.26 298.87 297.39 295.82 294.15 292.40 290.56 288.62 286.59 284.48 282.27 279.97 277.61 275.20 272.75 270.27 267.74 265.16 262.50 259.75 256.94 254.05 251.10 248.09 245.03 241.92 238.76 235.56 232.32 229.05 225.75 222.42 219.06 215.69 212.31 208.91 205.51 202.10 198.70 195.30 191.91 188.53 185.17 181.83 178.52 175.23 171.98 168.76 165.58 162.45 159.37 156.33 153.36 150.44 147.59 144.81 142.10 139.47 136.91 134.44 132.06 129.77 127.57 125.48 123.49 121.60 119.83 118.17 116.62 115.19 113.87 112.66
302.93 301.62 300.21 298.70 297.10 295.40 293.61 291.72 289.73 287.65 285.48 283.21 280.84 278.41 275.93 273.40 270.83 268.20 265.49 262.70 259.83 256.89 253.89 250.84 247.72 244.56 241.35 238.10 234.82 231.49 228.14 224.76 221.35 217.93 214.49 211.04 207.59 204.13 200.67 197.22 193.77 190.34 186.93 183.53 180.16 176.82 173.51 170.24 167.00 163.82 160.68 157.59 154.56 151.58 148.67 145.83 143.07 140.37 137.76 135.23 132.79 130.44 128.18 126.03 123.97 122.03 120.19 118.47 116.87 115.39 114.02 112.76
305.43 304.19 302.85 301.41 299.87 298.23 296.49 294.65 292.71 290.67 288.53 286.29 283.95 281.51 279.00 276.43 273.82 271.14 268.38 265.54 262.62 259.64 256.60 253.49 250.34 247.13 243.87 240.58 237.24 233.87 230.47 227.04 223.58 220.11 216.62 213.13 209.62 206.11 202.60 199.10 195.61 192.12 188.66 185.21 181.79 178.39 175.03 171.71 168.42 165.18 161.99 158.84 155.76 152.73 149.77 146.87 144.05 141.30 138.63 136.05 133.55 131.14 128.83 126.61 124.50 122.50 120.61 118.83 117.17 115.64 114.22 112.92
307.74 306.58 305.32 303.95 302.47 300.89 299.20 297.41 295.52 293.52 291.41 289.20 286.89 284.47 281.95 279.35 276.70 273.98 271.17 268.28 265.32 262.30 259.21 256.07 252.86 249.61 246.31 242.97 239.59 236.18 232.73 229.25 225.76 222.24 218.71 215.16 211.61 208.05 204.50 200.95 197.41 193.87 190.36 186.87 183.40 179.95 176.54 173.17 169.83 166.54 163.29 160.10 156.96 153.89 150.87 147.93 145.05 142.25 139.53 136.89 134.34 131.88 129.51 127.24 125.08 123.02 121.08 119.24 117.53 115.94 114.47 113.13
309.85 308.78 307.59 306.29 304.88 303.36 301.73 299.99 298.14 296.19 294.12 291.94 289.66 287.27 284.76 282.16 279.46 276.70 273.85 270.92 267.92 264.86 261.73 258.55 255.31 252.02 248.68 245.29 241.87 238.41 234.93 231.41 227.87 224.31 220.73 217.15 213.55 209.95 206.35 202.76 199.17 195.60 192.04 188.50 184.98 181.49 178.03 174.61 171.23 167.89 164.60 161.36 158.18 155.05 151.99 148.99 146.07 143.22 140.44 137.76 135.16 132.64 130.23 127.91 125.69 123.59 121.59 119.70 117.94 116.29 114.78 113.39
311.77 310.77 309.66 308.43 307.09 305.64 304.07 302.38 300.59 298.67 296.65 294.51 292.25 289.89 287.41 284.82 282.11 279.30 276.42 273.46 270.42 267.33 264.16 260.94 257.66 254.33 250.96 247.54 244.08 240.58 237.05 233.50 229.92 226.32 222.70 219.08 215.44 211.80 208.16 204.53 200.90 197.28 193.68 190.10 186.54 183.01 179.51 176.04 172.62 169.23 165.90 162.61 159.38 156.21 153.10 150.06 147.09 144.20 141.38 138.64 136.00 133.44 130.97 128.61 126.35 124.19 122.14 120.21 118.39 116.70 115.13 113.69
313.53 312.62 311.59 310.44 309.17 307.78 306.27 304.65 302.90 301.04 299.05 296.95 294.73 292.39 289.94 287.36 284.65 281.82 278.90 275.90 272.84 269.70 266.50 263.25 259.93 256.57 253.16 249.70 246.20 242.67 239.11 235.52 231.90 228.26 224.61 220.94 217.27 213.59 209.91 206.24 202.57 198.91 195.27 191.65 188.05 184.48 180.93 177.43 173.96 170.54 167.16 163.83 160.56 157.34 154.19 151.11 148.09 145.15 142.29 139.51 136.82 134.21 131.70 129.29 126.98 124.78 122.69 120.71 118.84 117.10 115.48 113.97
315.21 314.38 313.44 312.36 311.17 309.85 308.40 306.83 305.14 303.32 301.39 299.32 297.14 294.83 292.40 289.82 287.09 284.24 281.29 278.27 275.17 272.00 268.77 265.48 262.13 258.73 255.28 251.79 248.26 244.69 241.09 237.46 233.81 230.13 226.44 222.74 219.03 215.31 211.60 207.88 204.17 200.48 196.80 193.14 189.50 185.88 182.30 178.75 175.25 171.78 168.36 164.99 161.68 158.42 155.23 152.10 149.04 146.06 143.15 140.33 137.59 134.94 132.39 129.93 127.57 125.32 123.18 121.16 119.25 117.46 115.77 114.17
316.79 316.06 315.20 314.20 313.08 311.83 310.45 308.95 307.31 305.55 303.65 301.63 299.49 297.21 294.78 292.19 289.44 286.57 283.61 280.55 277.42 274.22 270.96 267.63 264.25 260.82 257.34 253.81 250.24 246.64 243.00 239.34 235.65 231.94 228.21 224.47 220.73 216.97 213.22 209.46 205.72 201.99 198.27 194.56 190.89 187.23 183.61 180.02 176.48 172.97 169.51 166.10 162.74 159.44 156.21 153.04 149.94 146.91 143.96 141.09 138.31 135.62 133.02 130.52 128.12 125.82 123.64 121.57 119.61 117.75 115.98 114.29
318.30 317.66 316.88 315.97 314.93 313.75 312.44 310.99 309.42 307.71 305.86 303.89 301.78 299.51 297.07 294.47 291.71 288.82 285.84 282.76 279.61 276.37 273.08 269.72 266.31 262.84 259.32 255.76 252.16 248.53 244.86 241.16 237.43 233.69 229.92 226.15 222.36 218.57 214.78 210.99 207.21 203.44 199.68 195.94 192.22 188.53 184.87 181.24 177.65 174.11 170.61 167.16 163.76 160.42 157.14 153.93 150.79 147.72 144.73 141.82 138.99 136.26 133.61 131.07 128.63 126.29 124.06 121.94 119.91 117.97 116.11 114.33
319.73 319.18 318.50 317.67 316.70 315.60 314.36 312.98 311.47 309.81 308.02 306.09 303.99 301.72 299.27 296.66 293.88 290.98 287.98 284.90 281.72 278.46 275.13 271.74 268.30 264.80 261.25 257.66 254.02 250.35 246.65 242.91 239.15 235.37 231.58 227.77 223.94 220.12 216.29 212.46 208.65 204.84 201.04 197.26 193.51 189.78 186.08 182.41 178.79 175.20 171.66 168.17 164.73 161.35 158.03 154.78 151.60 148.49 145.45 142.50 139.64 136.86 134.17 131.58 129.10 126.71 124.44 122.25 120.15 118.12 116.17 114.30
321.09 320.64 320.04 319.30 318.42 317.40 316.23 314.92 313.46 311.87 310.12 308.21 306.11 303.83 301.38 298.76 295.98 293.07 290.05 286.95 283.76 280.48 277.13 273.71 270.23 266.70 263.12 259.49 255.83 252.12 248.39 244.62 240.83 237.01 233.18 229.33 225.48 221.62 217.75 213.89 210.03 206.19 202.36 198.54 194.75 190.98 187.25 183.54 179.88 176.25 172.67 169.14 165.67 162.25 158.89 155.60 152.37 149.22 146.15 143.15 140.25 137.43 134.70 132.07 129.54 127.11 124.77 122.50 120.31 118.20 116.16 114.22
322.39 322.04 321.53 320.88 320.08 319.14 318.04 316.80 315.41 313.87 312.16 310.25 308.15 305.86 303.41 300.78 297.99 295.07 292.05 288.93 285.73 282.43 279.06 275.62 272.11 268.55 264.94 261.28 257.58 253.84 250.07 246.27 242.45 238.60 234.73 230.85 226.96 223.07 219.17 215.27 211.38 207.50 203.63 199.78 195.95 192.15 188.38 184.64 180.93 177.27 173.65 170.08 166.57 163.11 159.71 156.38 153.12 149.93 146.81 143.78 140.83 137.97 135.20 132.53 129.95 127.46 125.04 122.69 120.42 118.22 116.10 114.07
323.63 323.38 322.97 322.41 321.70 320.83 319.81 318.64 317.32 315.81 314.10 312.19 310.09 307.81 305.35 302.72 299.92 297.00 293.97 290.84 287.62 284.32 280.93 277.47 273.94 270.35 266.71 263.02 259.29 255.52 251.72 247.89 244.03 240.15 236.25 232.33 228.41 224.48 220.55 216.62 212.69 208.78 204.87 200.99 197.12 193.28 189.47 185.70 181.95 178.26 174.60 170.99 167.44 163.94 160.51 157.14 153.83 150.60 147.45 144.38 141.39 138.48 135.67 132.96 130.32 127.76 125.25 122.83 120.47 118.19 115.99 113.88
324.82 324.67 324.36 323.89 323.26 322.48 321.54 320.44 319.15 317.65 315.95 314.04 311.95 309.67 307.21 304.58 301.78 298.85 295.82 292.68 289.46 286.14 282.74 279.27 275.72 272.11 268.43 264.72 260.95 257.16 253.32 249.46 245.57 241.66 237.72 233.78 229.82 225.86 221.89 217.93 213.97 210.02 206.08 202.16 198.26 194.39 190.54 186.73 182.95 179.21 175.52 171.88 168.29 164.75 161.28 157.87 154.53 151.26 148.07 144.95 141.92 138.98 136.13 133.36 130.64 128.00 125.42 122.91 120.48 118.12 115.84 113.65
325.96 325.91 325.70 325.33 324.79 324.10 323.23 322.17 320.90 319.41 317.71 315.81 313.72 311.45 308.99 306.36 303.57 300.64 297.60 294.46 291.23 287.90 284.50 281.01 277.45 273.82 270.12 266.38 262.58 258.75 254.89 251.00 247.07 243.13 239.17 235.19 231.20 227.21 223.21 219.21 215.22 211.23 207.26 203.31 199.37 195.46 191.58 187.73 183.92 180.15 176.42 172.74 169.12 165.54 162.03 158.59 155.21 151.90 148.67 145.52 142.45 139.47 136.56 133.71 130.92 128.19 125.54 122.95 120.44 118.01 115.65 113.38
327.05 327.11 327.01 326.73 326.29 325.68 324.86 323.82 322.55 321.08 319.39 317.50 315.42 313.15 310.70 308.07 305.28 302.35 299.32 296.17 292.94 289.61 286.19 282.70 279.12 275.48 271.77 268.00 264.18 260.32 256.43 252.50 248.55 244.58 240.58 236.58 232.56 228.53 224.50 220.47 216.44 212.42 208.42 204.43 200.46 196.52 192.61 188.72 184.88 181.07 177.31 173.59 169.93 166.32 162.77 159.29 155.87 152.53 149.26 146.07 142.96 139.92 136.94 134.02 131.15 128.35 125.62 122.96 120.37 117.86 115.43 113.08
328.12 328.28 328.28 328.10 327.75 327.19 326.39 325.37 324.12 322.66 320.99 319.11 317.04 314.78 312.34 309.72 306.93 304.01 300.97 297.83 294.59 291.26 287.84 284.33 280.75 277.10 273.38 269.59 265.75 261.86 257.94 253.99 250.01 246.00 241.98 237.94 233.89 229.83 225.77 221.71 217.65 213.60 209.56 205.54 201.54 197.56 193.61 189.70 185.82 181.98 178.18 174.43 170.73 167.09 163.50 159.98 156.53 153.15 149.84 146.62 143.45 140.34 137.29 134.29 131.35 128.48 125.67 122.94 120.28 117.69 115.19 112.77
329.15 329.43 329.53 329.45 329.15 328.62 327.84 326.84 325.61 324.16 322.50 320.64 318.58 316.34 313.90 311.29 308.51 305.59 302.56 299.43 296.19 292.85 289.43 285.92 282.33 278.67 274.94 271.14 267.29 263.38 259.43 255.45 251.44 247.41 243.35 239.28 235.20 231.11 227.02 222.93 218.84 214.76 210.69 206.64 202.60 198.60 194.61 190.66 186.75 182.87 179.04 175.26 171.53 167.85 164.23 160.67 157.19 153.77 150.43 147.14 143.91 140.73 137.60 134.53 131.53 128.58 125.70 122.90 120.16 117.50 114.93 112.43
330.15 330.54 330.75 330.73 330.46 329.95 329.20 328.22 327.01 325.58 323.94 322.10 320.06 317.82 315.40 312.80 310.04 307.12 304.10 300.97 297.73 294.40 290.98 287.47 283.87 280.21 276.47 272.66 268.80 264.88 260.91 256.90 252.86 248.80 244.71 240.61 236.50 232.39 228.26 224.14 220.02 215.91 211.81 207.73 203.66 199.62 195.61 191.62 187.68 183.77 179.91 176.09 172.32 168.61 164.96 161.37 157.84 154.39 150.99 147.64 144.34 141.09 137.89 134.76 131.68 128.66 125.72 122.84 120.03 117.31 114.66 112.09
331.14 331.64 331.91 331.93 331.69 331.20 330.48 329.52 328.33 326.93 325.31 323.49 321.46 319.24 316.84 314.25 311.50 308.60 305.58 302.46 299.23 295.90 292.48 288.97 285.38 281.70 277.96 274.15 270.27 266.34 262.36 258.33 254.27 250.18 246.07 241.94 237.80 233.65 229.50 225.35 221.20 217.06 212.93 208.81 204.72 200.65 196.60 192.59 188.61 184.67 180.77 176.92 173.12 169.37 165.69 162.06 158.50 155.00 151.54 148.12 144.75 141.43 138.17 134.96 131.82 128.73 125.72 122.77 119.90 117.10 114.38 111.75
332.10 332.68 332.99 333.03 332.83 332.37 331.67 330.74 329.58 328.20 326.61 324.80 322.80 320.60 318.21 315.64 312.90 310.02 307.01 303.90 300.68 297.36 293.94 290.43 286.84 283.17 279.42 275.60 271.72 267.79 263.79 259.75 255.67 251.55 247.41 243.26 239.09 234.92 230.74 226.55 222.38 218.21 214.05 209.90 205.78 201.67 197.60 193.55 189.54 185.57 181.64 177.76 173.93 170.15 166.43 162.77 159.16 155.59 152.07 148.58 145.15 141.76 138.43 135.16 131.95 128.80 125.71 122.70 119.76 116.90 114.11 111.41
333.01 333.63 333.97 334.05 333.88 333.46 332.79 331.89 330.76 329.40 327.83 326.05 324.07 321.89 319.53 316.98 314.26 311.39 308.40 305.29 302.08 298.77 295.36 291.86 288.27 284.60 280.85 277.03 273.15 269.21 265.21 261.15 257.06 252.92 248.76 244.58 240.39 236.18 231.97 227.76 223.56 219.36 215.17 211.00 206.84 202.71 198.60 194.53 190.49 186.48 182.52 178.61 174.75 170.94 167.18 163.48 159.81 156.17 152.58 149.04 145.54 142.09 138.69 135.36 132.08 128.86 125.72 122.64 119.63 116.70 113.85 111.09
333.84 334.49 334.87 334.99 334.85 334.47 333.83 332.96 331.86 330.54 328.99 327.24 325.29 323.13 320.79 318.26 315.56 312.70 309.73 306.64 303.45 300.14 296.74 293.25 289.67 286.00 282.26 278.44 274.55 270.61 266.60 262.54 258.44 254.29 250.11 245.91 241.69 237.46 233.22 228.98 224.75 220.52 216.31 212.10 207.92 203.76 199.62 195.52 191.45 187.41 183.42 179.48 175.58 171.74 167.94 164.17 160.44 156.75 153.09 149.49 145.92 142.41 138.96 135.55 132.21 128.94 125.73 122.58 119.51 116.52 113.61 110.78
334.57 335.27 335.69 335.85 335.75 335.40 334.80 333.97 332.90 331.60 330.09 328.37 326.44 324.31 321.99 319.49 316.81 313.98 311.02 307.95 304.77 301.48 298.10 294.61 291.04 287.38 283.64 279.82 275.94 271.99 267.98 263.92 259.81 255.66 251.47 247.24 243.00 238.74 234.48 230.22 225.96 221.70 217.46 213.23 209.01 204.82 200.66 196.53 192.43 188.36 184.34 180.37 176.44 172.55 168.70 164.87 161.08 157.32 153.61 149.94 146.32 142.75 139.23 135.77 132.36 129.02 125.75 122.55 119.42 116.36 113.38 110.49
335.22 335.96 336.43 336.63 336.57 336.26 335.70 334.90 333.87 332.61 331.13 329.44 327.54 325.44 323.15 320.67 318.02 315.21 312.28 309.22 306.06 302.79 299.41 295.94 292.38 288.73 285.00 281.19 277.31 273.36 269.35 265.29 261.18 257.02 252.82 248.59 244.32 240.04 235.76 231.47 227.18 222.90 218.63 214.37 210.13 205.91 201.72 197.56 193.43 189.34 185.29 181.28 177.31 173.37 169.45 165.57 161.72 157.90 154.13 150.40 146.72 143.09 139.51 135.99 132.53 129.13 125.80 122.54 119.35 116.23 113.19 110.24
335.79 336.58 337.09 337.34 337.32 337.05 336.53 335.77 334.78 333.55 332.11 330.45 328.59 326.52 324.26 321.81 319.18 316.40 313.49 310.46 307.32 304.06 300.71 297.25 293.70 290.06 286.34 282.54 278.66 274.72 270.71 266.65 262.54 258.38 254.17 249.93 245.66 241.37 237.05 232.74 228.43 224.12 219.82 215.54 211.27 207.03 202.81 198.62 194.46 190.34 186.26 182.21 178.19 174.19 170.22 166.28 162.37 158.50 154.67 150.89 147.15 143.46 139.82 136.25 132.73 129.27 125.88 122.56 119.31 116.13 113.04 110.03
336.28 337.12 337.68 337.97 338.00 337.77 337.30 336.58 335.63 334.44 333.04 331.41 329.58 327.55 325.32 322.90 320.30 317.55 314.67 311.66 308.54 305.31 301.97 298.53 295.00 291.37 287.66 283.87 280.01 276.07 272.07 268.01 263.90 259.74 255.53 251.29 247.01 242.70 238.38 234.04 229.70 225.37 221.05 216.74 212.45 208.17 203.93 199.71 195.53 191.38 187.26 183.16 179.08 175.03 171.00 167.00 163.04 159.12 155.23 151.39 147.60 143.85 140.16 136.53 132.95 129.44 125.99 122.62 119.31 116.08 112.93 109.86
