data_output/RCH/Precip_1990_02.asc
ncols        168
nrows        136
xllcorner    455000
yllcorner    2107000
cellsize     500
NODATA_value     -99999
[rows 35 to 69 of 136, columns 0 to 79 of 168]
30.38 30.03 29.68 29.32 28.94 28.56 28.17 27.77 27.35 26.93 26.51 26.07 25.63 25.18 24.73 24.29 23.85 23.41 22.97 22.53 22.09 21.64 21.19 20.73 20.26 19.79 19.31 18.83 18.35 17.86 17.38 16.89 16.40 15.91 15.43 14.94 14.47 14.01 13.56 13.13 12.72 12.32 11.94 11.57 11.22 10.88 10.56 10.26 9.98 9.71 9.46 9.23 9.01 8.82 8.64 8.48 8.33 8.21 8.11 8.02 7.96 7.91 7.89 7.88 7.89 7.93 7.98 8.06 8.15 8.27 8.41 8.57 8.76 8.96 9.19 9.44 9.71 9.99 10.29 10.61
30.43 30.07 29.70 29.33 28.94 28.54 28.13 27.72 27.30 26.87 26.43 25.98 25.53 25.08 24.63 24.19 23.76 23.32 22.89 22.45 22.01 21.57 21.12 20.66 20.20 19.72 19.25 18.77 18.29 17.80 17.32 16.83 16.35 15.86 15.38 14.89 14.41 13.94 13.49 13.05 12.62 12.21 11.82 11.44 11.08 10.74 10.41 10.10 9.81 9.54 9.28 9.04 8.82 8.62 8.44 8.27 8.13 8.00 7.89 7.81 7.74 7.69 7.67 7.66 7.67 7.71 7.76 7.84 7.94 8.06 8.20 8.36 8.55 8.75 8.98 9.24 9.51 9.79 10.09 10.40
30.47 30.10 29.72 29.32 28.92 28.51 28.09 27.66 27.23 26.78 26.33 25.88 25.42 24.98 24.54 24.10 23.67 23.24 22.81 22.37 21.94 21.50 21.05 20.59 20.13 19.66 19.19 18.71 18.23 17.75 17.27 16.78 16.30 15.82 15.33 14.85 14.37 13.89 13.42 12.97 12.54 12.12 11.71 11.33 10.96 10.61 10.27 9.95 9.66 9.37 9.11 8.87 8.64 8.43 8.24 8.08 7.93 7.80 7.69 7.60 7.52 7.48 7.45 7.44 7.45 7.48 7.54 7.62 7.71 7.84 7.98 8.14 8.33 8.54 8.77 9.02 9.29 9.57 9.86 10.17
30.51 30.12 29.72 29.31 28.90 28.47 28.04 27.60 27.15 26.69 26.23 25.77 25.32 24.88 24.44 24.01 23.58 23.16 22.73 22.30 21.87 21.43 20.98 20.53 20.07 19.60 19.13 18.66 18.18 17.70 17.22 16.74 16.26 15.77 15.29 14.81 14.33 13.85 13.38 12.92 12.47 12.04 11.62 11.23 10.85 10.49 10.14 9.82 9.51 9.22 8.95 8.70 8.47 8.25 8.06 7.88 7.73 7.59 7.48 7.39 7.31 7.26 7.23 7.22 7.23 7.26 7.32 7.39 7.49 7.61 7.76 7.92 8.11 8.32 8.55 8.80 9.06 9.33 9.62 9.93
30.54 30.13 29.72 29.29 28.86 28.42 27.97 27.51 27.05 26.58 26.12 25.67 25.22 24.78 24.35 23.92 23.50 23.08 22.65 22.23 21.80 21.36 20.92 20.47 20.01 19.55 19.08 18.61 18.13 17.66 17.18 16.70 16.22 15.74 15.26 14.78 14.30 13.82 13.35 12.88 12.42 11.97 11.55 11.14 10.75 10.38 10.03 9.69 9.38 9.08 8.80 8.54 8.30 8.08 7.88 7.70 7.54 7.40 7.28 7.18 7.10 7.05 7.01 7.00 7.01 7.04 7.09 7.17 7.27 7.39 7.53 7.70 7.89 8.09 8.32 8.56 8.81 9.08 9.37 9.67
30.55 30.13 29.70 29.26 28.81 28.35 27.89 27.41 26.94 26.47 26.01 25.56 25.12 24.69 24.26 23.84 23.42 23.00 22.58 22.15 21.73 21.30 20.86 20.41 19.96 19.49 19.03 18.56 18.09 17.61 17.14 16.66 16.18 15.70 15.22 14.74 14.27 13.79 13.32 12.85 12.38 11.93 11.49 11.07 10.67 10.29 9.93 9.58 9.25 8.95 8.66 8.39 8.15 7.92 7.71 7.52 7.36 7.21 7.09 6.98 6.90 6.84 6.80 6.79 6.79 6.82 6.87 6.94 7.04 7.16 7.30 7.47 7.65 7.86 8.07 8.30 8.55 8.82 9.10 9.40
30.56 30.11 29.66 29.20 28.74 28.26 27.78 27.30 26.82 26.36 25.90 25.46 25.02 24.60 24.17 23.75 23.34 22.92 22.50 22.09 21.66 21.24 20.80 20.36 19.90 19.45 18.98 18.52 18.05 17.57 17.10 16.62 16.15 15.67 15.19 14.72 14.24 13.77 13.30 12.83 12.36 11.90 11.45 11.02 10.61 10.21 9.84 9.48 9.15 8.83 8.53 8.26 8.00 7.77 7.55 7.36 7.18 7.03 6.90 6.79 6.70 6.64 6.60 6.58 6.58 6.60 6.65 6.72 6.82 6.94 7.08 7.24 7.41 7.61 7.81 8.04 8.28 8.54 8.82 9.12
30.54 30.08 29.61 29.13 28.65 28.16 27.66 27.18 26.70 26.24 25.80 25.36 24.93 24.50 24.08 23.67 23.26 22.85 22.43 22.02 21.60 21.18 20.74 20.30 19.85 19.40 18.94 18.47 18.01 17.54 17.07 16.59 16.12 15.64 15.17 14.69 14.22 13.75 13.28 12.81 12.34 11.88 11.43 10.98 10.56 10.15 9.77 9.40 9.05 8.73 8.42 8.13 7.87 7.62 7.40 7.20 7.02 6.86 6.72 6.61 6.51 6.44 6.39 6.37 6.37 6.39 6.43 6.50 6.59 6.71 6.84 6.99 7.16 7.35 7.55 7.77 8.00 8.26 8.53 8.82
30.50 30.02 29.53 29.04 28.54 28.03 27.54 27.05 26.59 26.13 25.69 25.26 24.83 24.41 24.00 23.59 23.18 22.77 22.37 21.95 21.54 21.12 20.69 20.25 19.81 19.35 18.90 18.44 17.97 17.50 17.03 16.56 16.09 15.62 15.15 14.67 14.20 13.73 13.26 12.80 12.33 11.87 11.42 10.97 10.53 10.11 9.71 9.33 8.97 8.64 8.32 8.02 7.75 7.49 7.26 7.05 6.86 6.69 6.55 6.43 6.33 6.25 6.20 6.17 6.16 6.18 6.22 6.28 6.37 6.48 6.60 6.74 6.90 7.08 7.27 7.49 7.72 7.96 8.23 8.51
30.45 29.95 29.44 28.92 28.41 27.90 27.41 26.93 26.47 26.02 25.58 25.16 24.74 24.32 23.91 23.51 23.10 22.70 22.30 21.89 21.48 21.06 20.64 20.20 19.76 19.31 18.86 18.40 17.94 17.47 17.01 16.54 16.07 15.60 15.13 14.66 14.19 13.72 13.25 12.79 12.32 11.87 11.41 10.96 10.51 10.08 9.67 9.28 8.91 8.56 8.23 7.93 7.64 7.38 7.13 6.91 6.72 6.54 6.39 6.26 6.15 6.07 6.01 5.97 5.96 5.97 6.01 6.07 6.15 6.24 6.36 6.49 6.64 6.81 6.99 7.20 7.42 7.66 7.92 8.20
30.37 29.85 29.32 28.79 28.27 27.76 27.28 26.81 26.35 25.91 25.48 25.06 24.64 24.23 23.83 23.43 23.03 22.63 22.23 21.83 21.42 21.01 20.59 20.16 19.72 19.27 18.82 18.36 17.91 17.44 16.98 16.51 16.05 15.58 15.11 14.64 14.18 13.71 13.24 12.78 12.32 11.86 11.41 10.96 10.51 10.08 9.65 9.25 8.86 8.50 8.16 7.84 7.55 7.27 7.02 6.79 6.58 6.40 6.24 6.10 5.98 5.89 5.83 5.78 5.77 5.77 5.80 5.85 5.92 6.00 6.11 6.23 6.37 6.53 6.70 6.90 7.12 7.35 7.60 7.87
30.26 29.72 29.17 28.64 28.13 27.63 27.15 26.69 26.24 25.80 25.37 24.96 24.55 24.14 23.74 23.35 22.96 22.56 22.17 21.77 21.36 20.96 20.54 20.11 19.68 19.23 18.78 18.33 17.88 17.42 16.96 16.49 16.03 15.56 15.10 14.63 14.17 13.70 13.24 12.78 12.32 11.86 11.41 10.96 10.52 10.08 9.65 9.23 8.83 8.46 8.11 7.78 7.47 7.18 6.92 6.68 6.46 6.27 6.10 5.95 5.83 5.73 5.65 5.60 5.58 5.58 5.60 5.63 5.69 5.76 5.85 5.97 6.10 6.24 6.41 6.60 6.81 7.03 7.28 7.54
30.13 29.57 29.02 28.49 27.98 27.49 27.02 26.56 26.12 25.69 25.27 24.86 24.45 24.05 23.66 23.27 22.88 22.49 22.10 21.71 21.31 20.90 20.49 20.07 19.64 19.20 18.75 18.30 17.85 17.39 16.94 16.48 16.01 15.55 15.09 14.62 14.16 13.70 13.24 12.78 12.32 11.87 11.42 10.97 10.53 10.09 9.66 9.23 8.82 8.43 8.07 7.72 7.40 7.11 6.83 6.58 6.35 6.15 5.97 5.81 5.68 5.57 5.49 5.43 5.40 5.38 5.39 5.41 5.46 5.52 5.60 5.70 5.82 5.96 6.12 6.29 6.49 6.71 6.95 7.21
29.97 29.40 28.86 28.34 27.84 27.36 26.89 26.44 26.00 25.58 25.16 24.76 24.36 23.97 23.58 23.19 22.81 22.42 22.04 21.65 21.25 20.85 20.44 20.03 19.60 19.16 18.72 18.27 17.83 17.37 16.92 16.46 16.00 15.54 15.08 14.62 14.16 13.70 13.24 12.78 12.33 11.87 11.43 10.98 10.54 10.10 9.67 9.25 8.83 8.43 8.05 7.69 7.36 7.05 6.76 6.50 6.26 6.04 5.85 5.68 5.54 5.43 5.33 5.27 5.22 5.19 5.19 5.20 5.23 5.28 5.34 5.43 5.54 5.67 5.82 5.99 6.18 6.39 6.62 6.87
29.80 29.24 28.71 28.19 27.70 27.22 26.76 26.32 25.89 25.47 25.06 24.66 24.27 23.88 23.50 23.11 22.74 22.36 21.97 21.59 21.20 20.80 20.40 19.98 19.56 19.13 18.69 18.25 17.80 17.35 16.90 16.45 15.99 15.53 15.08 14.62 14.16 13.70 13.24 12.79 12.34 11.89 11.44 10.99 10.55 10.12 9.69 9.27 8.85 8.44 8.04 7.67 7.33 7.00 6.70 6.43 6.18 5.95 5.75 5.57 5.42 5.29 5.19 5.11 5.05 5.01 4.98 4.98 5.00 5.03 5.09 5.17 5.26 5.38 5.52 5.68 5.86 6.06 6.28 6.52
29.62 29.07 28.55 28.04 27.55 27.08 26.63 26.19 25.77 25.35 24.95 24.56 24.17 23.79 23.41 23.04 22.66 22.29 21.91 21.53 21.15 20.75 20.35 19.94 19.52 19.09 18.66 18.22 17.78 17.33 16.89 16.43 15.98 15.53 15.07 14.62 14.16 13.70 13.25 12.80 12.35 11.90 11.45 11.01 10.57 10.14 9.71 9.29 8.87 8.46 8.06 7.68 7.31 6.98 6.66 6.37 6.11 5.87 5.66 5.47 5.31 5.17 5.05 4.95 4.88 4.82 4.78 4.77 4.77 4.79 4.84 4.90 4.99 5.09 5.22 5.37 5.54 5.73 5.94 6.18
29.45 28.91 28.39 27.89 27.41 26.94 26.50 26.07 25.65 25.24 24.85 24.46 24.08 23.70 23.33 22.96 22.59 22.22 21.85 21.47 21.09 20.71 20.31 19.90 19.49 19.06 18.63 18.20 17.76 17.32 16.87 16.42 15.97 15.52 15.07 14.62 14.16 13.71 13.26 12.81 12.36 11.91 11.47 11.03 10.60 10.16 9.74 9.32 8.90 8.49 8.09 7.70 7.32 6.97 6.64 6.34 6.06 5.81 5.58 5.38 5.21 5.05 4.92 4.81 4.71 4.64 4.59 4.56 4.54 4.55 4.58 4.64 4.71 4.80 4.92 5.06 5.22 5.40 5.60 5.83
29.27 28.74 28.22 27.73 27.26 26.80 26.36 25.94 25.53 25.13 24.74 24.36 23.98 23.61 23.24 22.88 22.52 22.15 21.79 21.42 21.04 20.66 20.27 19.86 19.45 19.03 18.61 18.17 17.74 17.30 16.86 16.42 15.97 15.52 15.07 14.62 14.17 13.72 13.27 12.82 12.38 11.93 11.49 11.05 10.62 10.19 9.77 9.35 8.93 8.52 8.12 7.73 7.35 6.98 6.64 6.32 6.03 5.76 5.52 5.31 5.12 4.95 4.80 4.67 4.56 4.47 4.40 4.35 4.33 4.32 4.34 4.38 4.44 4.52 4.62 4.75 4.90 5.07 5.27 5.48
29.09 28.56 28.06 27.57 27.11 26.66 26.23 25.81 25.41 25.01 24.63 24.25 23.88 23.52 23.16 22.80 22.44 22.09 21.72 21.36 20.99 20.61 20.22 19.83 19.42 19.00 18.58 18.15 17.72 17.29 16.85 16.41 15.96 15.52 15.07 14.63 14.18 13.73 13.29 12.84 12.40 11.95 11.52 11.08 10.65 10.22 9.80 9.38 8.97 8.56 8.16 7.77 7.38 7.01 6.65 6.32 6.01 5.74 5.48 5.25 5.04 4.85 4.68 4.53 4.40 4.30 4.22 4.15 4.11 4.09 4.10 4.12 4.17 4.24 4.33 4.45 4.59 4.75 4.93 5.14
28.91 28.39 27.89 27.42 26.96 26.52 26.09 25.68 25.28 24.90 24.52 24.15 23.79 23.43 23.07 22.72 22.37 22.02 21.66 21.30 20.94 20.56 20.18 19.79 19.38 18.97 18.55 18.13 17.70 17.27 16.84 16.40 15.96 15.52 15.08 14.63 14.19 13.74 13.30 12.86 12.42 11.98 11.54 11.11 10.68 10.25 9.83 9.42 9.00 8.60 8.20 7.81 7.43 7.05 6.69 6.34 6.02 5.72 5.45 5.20 4.97 4.76 4.57 4.41 4.26 4.14 4.04 3.96 3.91 3.87 3.86 3.87 3.91 3.96 4.04 4.15 4.27 4.42 4.60 4.80
28.72 28.21 27.72 27.25 26.80 26.37 25.95 25.55 25.16 24.78 24.41 24.04 23.69 23.34 22.99 22.64 22.30 21.95 21.60 21.24 20.88 20.51 20.14 19.75 19.35 18.94 18.53 18.11 17.69 17.26 16.83 16.40 15.96 15.52 15.08 14.64 14.20 13.76 13.32 12.88 12.44 12.00 11.57 11.14 10.71 10.29 9.87 9.45 9.05 8.64 8.25 7.86 7.47 7.10 6.73 6.38 6.04 5.73 5.43 5.16 4.91 4.68 4.48 4.29 4.13 3.99 3.87 3.78 3.71 3.66 3.63 3.63 3.65 3.69 3.76 3.85 3.97 4.11 4.27 4.46
28.54 28.03 27.55 27.09 26.65 26.22 25.81 25.42 25.03 24.66 24.29 23.94 23.59 23.24 22.90 22.56 22.22 21.88 21.53 21.18 20.83 20.46 20.09 19.71 19.31 18.91 18.50 18.09 17.67 17.25 16.82 16.39 15.96 15.52 15.09 14.65 14.21 13.77 13.34 12.90 12.46 12.03 11.60 11.17 10.75 10.32 9.91 9.50 9.09 8.69 8.29 7.90 7.52 7.15 6.79 6.43 6.08 5.74 5.43 5.14 4.87 4.62 4.39 4.19 4.01 3.85 3.72 3.61 3.52 3.45 3.41 3.40 3.40 3.43 3.49 3.56 3.67 3.79 3.95 4.12
28.35 27.85 27.38 26.92 26.49 26.07 25.67 25.28 24.90 24.54 24.18 23.83 23.49 23.15 22.81 22.48 22.14 21.81 21.47 21.12 20.77 20.42 20.05 19.67 19.28 18.88 18.48 18.07 17.65 17.23 16.81 16.39 15.96 15.53 15.09 14.66 14.23 13.79 13.36 12.92 12.49 12.06 11.63 11.21 10.78 10.36 9.95 9.54 9.13 8.73 8.34 7.96 7.58 7.20 6.84 6.48 6.13 5.78 5.44 5.13 4.84 4.57 4.32 4.10 3.90 3.73 3.57 3.45 3.34 3.26 3.20 3.17 3.16 3.18 3.22 3.28 3.37 3.49 3.63 3.79
28.15 27.67 27.20 26.75 26.33 25.92 25.52 25.14 24.77 24.41 24.06 23.72 23.38 23.05 22.72 22.39 22.06 21.73 21.40 21.06 20.72 20.37 20.00 19.63 19.25 18.85 18.45 18.05 17.64 17.22 16.80 16.38 15.96 15.53 15.10 14.67 14.24 13.81 13.38 12.95 12.52 12.09 11.66 11.24 10.82 10.40 9.99 9.58 9.18 8.78 8.39 8.01 7.63 7.26 6.89 6.53 6.17 5.82 5.47 5.13 4.82 4.53 4.27 4.03 3.81 3.61 3.44 3.30 3.18 3.08 3.00 2.96 2.93 2.93 2.96 3.01 3.09 3.19 3.32 3.47
27.95 27.48 27.02 26.58 26.16 25.76 25.37 25.00 24.64 24.29 23.94 23.61 23.28 22.95 22.63 22.31 21.99 21.66 21.33 21.00 20.66 20.31 19.96 19.59 19.21 18.82 18.43 18.03 17.62 17.21 16.80 16.38 15.96 15.53 15.11 14.68 14.26 13.83 13.40 12.97 12.55 12.12 11.70 11.28 10.86 10.45 10.04 9.63 9.23 8.84 8.45 8.06 7.69 7.32 6.95 6.58 6.22 5.86 5.50 5.15 4.82 4.51 4.23 3.96 3.73 3.51 3.33 3.16 3.02 2.91 2.82 2.75 2.71 2.70 2.71 2.75 2.81 2.90 3.02 3.16
27.75 27.28 26.84 26.41 26.00 25.60 25.22 24.86 24.50 24.16 23.82 23.49 23.17 22.85 22.54 22.22 21.90 21.59 21.26 20.94 20.60 20.26 19.91 19.55 19.17 18.79 18.40 18.00 17.60 17.20 16.79 16.37 15.96 15.54 15.12 14.70 14.27 13.85 13.42 13.00 12.58 12.15 11.74 11.32 10.90 10.49 10.08 9.68 9.28 8.89 8.50 8.12 7.74 7.37 7.00 6.63 6.26 5.90 5.54 5.18 4.84 4.51 4.20 3.92 3.66 3.43 3.22 3.04 2.88 2.75 2.65 2.56 2.51 2.48 2.48 2.50 2.55 2.63 2.73 2.86
27.55 27.09 26.65 26.23 25.83 25.44 25.07 24.71 24.36 24.03 23.70 23.38 23.06 22.75 22.44 22.13 21.82 21.51 21.19 20.87 20.55 20.21 19.86 19.51 19.14 18.76 18.37 17.98 17.58 17.18 16.78 16.37 15.96 15.54 15.13 14.71 14.29 13.87 13.45 13.03 12.61 12.19 11.77 11.36 10.95 10.54 10.13 9.73 9.34 8.95 8.56 8.18 7.80 7.42 7.04 6.67 6.30 5.94 5.57 5.22 4.87 4.52 4.20 3.89 3.62 3.36 3.14 2.94 2.76 2.61 2.49 2.39 2.32 2.27 2.25 2.26 2.30 2.36 2.45 2.57
27.34 26.89 26.46 26.05 25.65 25.27 24.91 24.56 24.22 23.89 23.57 23.26 22.95 22.64 22.34 22.04 21.74 21.43 21.12 20.81 20.48 20.15 19.81 19.46 19.10 18.72 18.34 17.96 17.57 17.17 16.77 16.37 15.96 15.55 15.14 14.72 14.30 13.89 13.47 13.05 12.64 12.22 11.81 11.40 10.99 10.58 10.18 9.79 9.39 9.00 8.62 8.23 7.85 7.47 7.09 6.71 6.34 5.97 5.61 5.25 4.90 4.55 4.21 3.88 3.59 3.31 3.07 2.85 2.65 2.48 2.34 2.23 2.14 2.08 2.05 2.04 2.06 2.11 2.18 2.28
27.13 26.69 26.26 25.86 25.48 25.11 24.75 24.41 24.08 23.75 23.44 23.13 22.83 22.54 22.24 21.94 21.65 21.35 21.05 20.74 20.42 20.10 19.76 19.42 19.06 18.69 18.31 17.93 17.55 17.16 16.76 16.36 15.96 15.55 15.14 14.73 14.32 13.91 13.50 13.08 12.67 12.26 11.85 11.44 11.03 10.63 10.23 9.84 9.45 9.06 8.67 8.28 7.90 7.51 7.13 6.76 6.38 6.01 5.64 5.28 4.93 4.58 4.23 3.89 3.58 3.28 3.02 2.78 2.56 2.38 2.22 2.08 1.98 1.90 1.85 1.83 1.83 1.87 1.93 2.02
26.89 26.48 26.07 25.67 25.29 24.93 24.59 24.25 23.93 23.61 23.31 23.01 22.72 22.42 22.14 21.85 21.56 21.27 20.97 20.67 20.36 20.04 19.71 19.37 19.02 18.65 18.28 17.91 17.53 17.14 16.75 16.36 15.96 15.56 15.15 14.75 14.34 13.93 13.52 13.11 12.70 12.29 11.89 11.48 11.08 10.68 10.29 9.89 9.50 9.11 8.72 8.33 7.94 7.56 7.18 6.80 6.42 6.05 5.68 5.32 4.96 4.60 4.26 3.92 3.59 3.27 2.98 2.72 2.49 2.29 2.11 1.96 1.84 1.74 1.67 1.63 1.62 1.64 1.69 1.76
26.62 26.25 25.86 25.48 25.11 24.76 24.42 24.09 23.78 23.47 23.17 22.88 22.59 22.31 22.03 21.75 21.47 21.18 20.89 20.59 20.29 19.98 19.66 19.32 18.97 18.62 18.25 17.88 17.51 17.12 16.74 16.35 15.95 15.56 15.16 14.76 14.35 13.95 13.54 13.14 12.73 12.33 11.93 11.53 11.13 10.73 10.34 9.95 9.55 9.16 8.77 8.38 7.99 7.60 7.22 6.84 6.46 6.08 5.72 5.35 4.99 4.63 4.29 3.94 3.61 3.28 2.97 2.69 2.44 2.22 2.02 1.85 1.71 1.60 1.51 1.46 1.43 1.43 1.47 1.53
26.31 25.98 25.64 25.28 24.92 24.58 24.25 23.93 23.62 23.32 23.03 22.75 22.47 22.19 21.92 21.65 21.37 21.09 20.81 20.52 20.22 19.92 19.60 19.27 18.93 18.58 18.22 17.85 17.48 17.11 16.73 16.34 15.95 15.56 15.17 14.77 14.37 13.97 13.57 13.17 12.77 12.37 11.97 11.57 11.17 10.78 10.39 9.99 9.60 9.21 8.81 8.42 8.03 7.64 7.26 6.88 6.50 6.12 5.75 5.38 5.02 4.67 4.32 3.97 3.64 3.31 2.99 2.68 2.41 2.17 1.95 1.76 1.60 1.47 1.37 1.30 1.26 1.24 1.26 1.31
25.96 25.68 25.38 25.06 24.73 24.39 24.07 23.76 23.46 23.17 22.89 22.61 22.34 22.07 21.81 21.54 21.27 21.00 20.72 20.44 20.15 19.85 19.54 19.22 18.88 18.54 18.18 17.82 17.46 17.09 16.71 16.33 15.95 15.56 15.17 14.78 14.38 13.99 13.59 13.19 12.80 12.40 12.01 11.61 11.22 10.83 10.43 10.04 9.65 9.25 8.86 8.47 8.07 7.69 7.30 6.92 6.54 6.16 5.79 5.42 5.06 4.70 4.35 4.00 3.67 3.33 3.01 2.70 2.40 2.14 1.90 1.70 1.52 1.37 1.25 1.16 1.10 1.07 1.07 1.10
25.59 25.34 25.08 24.81 24.51 24.20 23.89 23.59 23.30 23.02 22.74 22.48 22.21 21.95 21.69 21.43 21.17 20.91 20.64 20.36 20.08 19.78 19.48 19.16 18.83 18.49 18.15 17.79 17.43 17.07 16.70 16.32 15.94 15.56 15.18 14.79 14.40 14.01 13.61 13.22 12.83 12.44 12.04 11.65 11.26 10.87 10.48 10.08 9.69 9.29 8.90 8.51 8.12 7.73 7.34 6.96 6.57 6.20 5.82 5.46 5.09 4.73 4.38 4.04 3.70 3.37 3.04 2.73 2.42 2.13 1.88 1.65 1.45 1.29 1.15 1.04 0.97 0.92 0.90 0.92
25.19 24.98 24.76 24.52 24.26 23.99 23.70 23.41 23.13 22.86 22.59 22.33 22.08 21.82 21.57 21.32 21.07 20.81 20.55 20.28 20.00 19.71 19.42 19.11 18.78 18.45 18.11 17.76 17.40 17.04 16.68 16.31 15.94 15.56 15.18 14.80 14.41 14.02 13.64 13.25 12.86 12.47 12.08 11.69 11.30 10.91 10.52 10.12 9.73 9.33 8.94 8.55 8.15 7.77 7.38 6.99 6.61 6.24 5.86 5.49 5.13 4.77 4.42 4.07 3.73 3.40 3.08 2.76 2.45 2.15 1.88 1.63 1.41 1.23 1.07 0.95 0.85 0.79 0.76 0.75
