data_output/RCH/Precip_1993_09.asc
ncols        168
nrows        136
xllcorner    455000
yllcorner    2107000
cellsize     500
NODATA_value     -99999
[rows 64 to 95 of 136, columns 73 to 145 of 168]
98.18 94.02 89.94 85.95 82.06 78.27 74.59 71.02 67.57 64.24 61.04 57.97 55.05 52.25 49.55 46.91 44.35 41.85 39.41 37.02 34.69 32.41 30.18 27.99 25.84 23.72 21.64 19.58 17.55 15.55 13.87 12.78 12.30 12.40 13.07 14.28 16.02 18.26 20.99 24.19 27.84 31.92 36.41 41.29 46.54 52.14 58.02 63.97 69.91 75.83 81.71 87.55 93.33 99.04 104.67 110.21 115.65 120.98 126.18 131.25 136.17 140.94 145.53 149.95 154.18 158.21 162.02 165.62 168.97 172.09 174.94 177.53 179.84
98.13 93.91 89.77 85.72 81.77 77.91 74.16 70.53 67.01 63.61 60.34 57.20 54.21 51.35 48.63 46.00 43.44 40.95 38.52 36.15 33.83 31.57 29.35 27.18 25.05 22.95 20.89 18.86 16.86 14.90 13.25 12.20 11.77 11.93 12.65 13.93 15.74 18.06 20.88 24.17 27.92 32.10 36.70 41.69 47.06 52.73 58.50 64.28 70.05 75.81 81.54 87.23 92.88 98.46 103.98 109.41 114.75 119.99 125.11 130.10 134.96 139.67 144.22 148.60 152.80 156.81 160.61 164.20 167.56 170.68 173.56 176.18 178.53
98.23 93.95 89.75 85.64 81.62 77.70 73.89 70.19 66.60 63.13 59.79 56.59 53.52 50.59 47.82 45.18 42.62 40.14 37.72 35.37 33.07 30.82 28.63 26.48 24.37 22.30 20.27 18.27 16.30 14.37 12.76 11.76 11.38 11.59 12.38 13.73 15.62 18.02 20.93 24.31 28.16 32.45 37.16 42.27 47.71 53.26 58.85 64.44 70.05 75.65 81.23 86.78 92.29 97.75 103.15 108.47 113.71 118.86 123.90 128.82 133.61 138.26 142.77 147.11 151.28 155.26 159.05 162.64 166.00 169.14 172.04 174.69 177.08
98.48 94.15 89.89 85.72 81.64 77.66 73.78 70.02 66.36 62.83 59.42 56.14 53.00 50.00 47.15 44.46 41.90 39.43 37.03 34.69 32.41 30.19 28.01 25.89 23.81 21.78 19.78 17.81 15.88 13.98 12.42 11.46 11.14 11.41 12.27 13.69 15.65 18.14 21.14 24.62 28.58 32.97 37.80 42.97 48.29 53.65 59.05 64.47 69.90 75.34 80.77 86.18 91.55 96.89 102.17 107.39 112.53 117.58 122.54 127.39 132.12 136.72 141.17 145.48 149.61 153.58 157.36 160.94 164.31 167.46 170.38 173.06 175.49
98.92 94.53 90.21 85.98 81.84 77.80 73.86 70.03 66.31 62.71 59.23 55.88 52.67 49.60 46.68 43.91 41.29 38.82 36.44 34.12 31.87 29.67 27.52 25.43 23.38 21.38 19.42 17.49 15.59 13.74 12.22 11.32 11.05 11.39 12.31 13.81 15.86 18.44 21.53 25.11 29.17 33.68 38.57 43.61 48.72 53.89 59.10 64.35 69.61 74.89 80.17 85.43 90.68 95.89 101.05 106.16 111.20 116.17 121.04 125.82 130.48 135.02 139.43 143.70 147.81 151.75 155.52 159.09 162.47 165.64 168.58 171.29 173.76
99.55 95.10 90.73 86.44 82.24 78.14 74.13 70.24 66.45 62.78 59.24 55.82 52.54 49.40 46.41 43.56 40.87 38.34 35.96 33.67 31.44 29.27 27.16 25.10 23.09 21.12 19.19 17.31 15.45 13.65 12.17 11.33 11.12 11.53 12.53 14.10 16.24 18.91 22.10 25.79 29.96 34.52 39.27 44.10 49.01 53.98 59.01 64.08 69.18 74.29 79.42 84.54 89.65 94.74 99.78 104.78 109.73 114.60 119.40 124.10 128.70 133.19 137.55 141.77 145.85 149.78 153.53 157.10 160.49 163.67 166.63 169.38 171.89
100.39 95.89 91.45 87.11 82.85 78.68 74.62 70.66 66.81 63.08 59.46 55.98 52.63 49.42 46.35 43.43 40.67 38.07 35.63 33.34 31.14 29.01 26.93 24.90 22.93 21.00 19.12 17.28 15.47 13.71 12.29 11.51 11.36 11.84 12.91 14.57 16.80 19.57 22.86 26.65 30.87 35.29 39.82 44.44 49.15 53.93 58.77 63.66 68.59 73.54 78.52 83.50 88.48 93.43 98.37 103.26 108.10 112.89 117.60 122.23 126.77 131.20 135.51 139.70 143.75 147.65 151.40 154.97 158.35 161.55 164.54 167.31 169.86
101.46 96.90 92.41 88.00 83.68 79.46 75.33 71.31 67.40 63.60 59.92 56.37 52.95 49.67 46.53 43.54 40.70 38.02 35.51 33.17 30.98 28.88 26.84 24.85 22.92 21.04 19.20 17.41 15.65 13.94 12.58 11.85 11.77 12.33 13.48 15.23 17.55 20.41 23.81 27.65 31.71 35.91 40.22 44.63 49.13 53.71 58.37 63.08 67.84 72.64 77.47 82.30 87.15 91.98 96.80 101.58 106.33 111.02 115.65 120.21 124.68 129.06 133.33 137.48 141.50 145.38 149.11 152.68 156.07 159.28 162.29 165.10 167.69
102.76 98.15 93.60 89.14 84.76 80.48 76.29 72.21 68.23 64.37 60.62 57.00 53.52 50.16 46.96 43.89 40.98 38.23 35.64 33.23 30.98 28.89 26.89 24.95 23.07 21.23 19.44 17.70 15.99 14.34 13.03 12.38 12.37 13.00 14.24 16.08 18.49 21.46 24.89 28.57 32.40 36.37 40.46 44.66 48.96 53.35 57.82 62.35 66.95 71.59 76.26 80.96 85.66 90.37 95.07 99.75 104.40 109.00 113.55 118.04 122.45 126.77 130.99 135.10 139.10 142.96 146.67 150.24 153.64 156.86 159.90 162.74 165.37
104.33 99.65 95.05 90.54 86.10 81.76 77.51 73.36 69.32 65.40 61.59 57.90 54.35 50.93 47.65 44.51 41.53 38.71 36.04 33.55 31.23 29.09 27.10 25.21 23.37 21.58 19.85 18.16 16.51 14.92 13.67 13.08 13.15 13.86 15.19 17.12 19.63 22.63 25.91 29.34 32.94 36.67 40.54 44.53 48.63 52.82 57.11 61.47 65.89 70.37 74.89 79.45 84.02 88.61 93.19 97.77 102.31 106.83 111.30 115.71 120.05 124.32 128.50 132.57 136.53 140.38 144.08 147.64 151.05 154.29 157.35 160.22 162.89
106.16 101.43 96.78 92.20 87.71 83.31 79.00 74.79 70.69 66.70 62.83 59.08 55.46 51.97 48.62 45.41 42.36 39.46 36.72 34.15 31.76 29.54 27.50 25.63 23.84 22.11 20.43 18.80 17.21 15.68 14.50 13.98 14.13 14.92 16.34 18.37 20.91 23.74 26.76 29.95 33.31 36.82 40.47 44.24 48.14 52.14 56.24 60.42 64.68 69.00 73.37 77.78 82.23 86.69 91.16 95.62 100.07 104.49 108.88 113.22 117.50 121.71 125.84 129.88 133.82 137.64 141.33 144.89 148.30 151.55 154.64 157.54 160.25
108.28 103.50 98.79 94.16 89.61 85.15 80.79 76.52 72.35 68.30 64.36 60.55 56.86 53.30 49.88 46.61 43.48 40.51 37.70 35.06 32.59 30.29 28.18 26.25 24.49 22.81 21.19 19.62 18.10 16.63 15.52 15.08 15.31 16.19 17.70 19.75 22.12 24.69 27.45 30.40 33.52 36.80 40.23 43.79 47.49 51.29 55.21 59.21 63.30 67.46 71.69 75.96 80.27 84.60 88.96 93.31 97.67 102.00 106.31 110.57 114.79 118.95 123.03 127.03 130.94 134.74 138.42 141.98 145.40 148.66 151.77 154.71 157.46
110.70 105.87 101.11 96.42 91.82 87.30 82.87 78.55 74.32 70.21 66.21 62.33 58.57 54.95 51.46 48.12 44.92 41.88 39.00 36.28 33.73 31.36 29.16 27.16 25.35 23.70 22.14 20.64 19.18 17.78 16.74 16.38 16.69 17.66 19.20 21.07 23.16 25.47 27.98 30.68 33.56 36.61 39.82 43.18 46.67 50.28 54.01 57.84 61.76 65.76 69.84 73.97 78.14 82.35 86.59 90.84 95.10 99.34 103.57 107.76 111.92 116.02 120.06 124.02 127.90 131.68 135.35 138.91 142.33 145.61 148.74 151.71 154.50
113.44 108.56 103.74 99.00 94.34 89.77 85.29 80.90 76.61 72.44 68.37 64.43 60.61 56.92 53.37 49.95 46.69 43.57 40.62 37.82 35.20 32.75 30.48 28.40 26.51 24.81 23.29 21.85 20.46 19.14 18.17 17.89 18.29 19.28 20.63 22.22 24.04 26.08 28.34 30.80 33.44 36.26 39.25 42.39 45.68 49.10 52.65 56.30 60.06 63.90 67.82 71.81 75.85 79.94 84.06 88.21 92.36 96.52 100.66 104.79 108.88 112.93 116.92 120.84 124.69 128.45 132.12 135.67 139.10 142.40 145.55 148.55 151.38
116.51 111.58 106.71 101.92 97.20 92.57 88.03 83.59 79.24 75.01 70.88 66.87 62.99 59.23 55.61 52.13 48.79 45.61 42.58 39.72 37.02 34.49 32.15 29.99 28.02 26.24 24.67 23.27 21.95 20.70 19.82 19.62 20.04 20.83 21.88 23.19 24.75 26.53 28.53 30.74 33.15 35.74 38.51 41.44 44.53 47.76 51.11 54.59 58.18 61.86 65.64 69.48 73.39 77.36 81.36 85.40 89.46 93.53 97.59 101.64 105.67 109.67 113.61 117.50 121.32 125.06 128.71 132.26 135.70 139.01 142.19 145.22 148.10
119.93 114.95 110.03 105.18 100.42 95.73 91.13 86.63 82.23 77.93 73.74 69.67 65.72 61.90 58.21 54.67 51.26 48.01 44.91 41.97 39.20 36.60 34.18 31.94 29.89 28.03 26.38 24.93 23.66 22.48 21.68 21.49 21.70 22.20 22.97 24.00 25.28 26.80 28.55 30.51 32.68 35.05 37.60 40.32 43.20 46.24 49.41 52.71 56.13 59.66 63.28 66.99 70.76 74.60 78.50 82.43 86.39 90.37 94.35 98.33 102.30 106.24 110.14 113.99 117.78 121.50 125.14 128.69 132.13 135.46 138.66 141.73 144.64
123.72 118.68 113.71 108.82 103.99 99.25 94.60 90.04 85.58 81.22 76.97 72.84 68.83 64.94 61.19 57.57 54.10 50.78 47.61 44.60 41.75 39.08 36.58 34.27 32.14 30.21 28.47 26.94 25.62 24.49 23.69 23.29 23.20 23.40 23.88 24.63 25.64 26.90 28.39 30.11 32.04 34.18 36.51 39.02 41.70 44.54 47.53 50.66 53.91 57.28 60.75 64.32 67.96 71.68 75.46 79.28 83.14 87.03 90.94 94.85 98.75 102.63 106.49 110.30 114.07 117.77 121.40 124.95 128.40 131.74 134.97 138.06 141.02
127.89 122.80 117.78 112.83 107.95 103.16 98.45 93.83 89.31 84.89 80.58 76.38 72.31 68.35 64.53 60.85 57.31 53.91 50.67 47.59 44.67 41.92 39.35 36.95 34.75 32.73 30.91 29.30 27.90 26.71 25.74 25.03 24.63 24.53 24.72 25.19 25.92 26.92 28.15 29.63 31.32 33.23 35.34 37.64 40.12 42.77 45.57 48.52 51.60 54.81 58.13 61.55 65.07 68.66 72.32 76.04 79.80 83.60 87.43 91.26 95.10 98.93 102.74 106.52 110.25 113.93 117.55 121.09 124.55 127.91 131.16 134.28 137.28
132.47 127.32 122.24 117.23 112.29 107.43 102.65 97.97 93.38 88.89 84.51 80.24 76.09 72.07 68.17 64.41 60.79 57.32 54.00 50.83 47.83 45.00 42.34 39.86 37.57 35.46 33.56 31.85 30.37 29.13 28.07 27.10 26.39 25.98 25.88 26.06 26.52 27.24 28.22 29.44 30.89 32.57 34.45 36.53 38.80 41.25 43.86 46.63 49.54 52.58 55.74 59.02 62.39 65.85 69.39 73.00 76.66 80.36 84.10 87.86 91.62 95.39 99.15 102.88 106.58 110.24 113.84 117.37 120.83 124.19 127.46 130.62 133.65
137.44 132.23 127.08 121.99 116.98 112.05 107.19 102.43 97.77 93.20 88.74 84.39 80.16 76.05 72.07 68.22 64.51 60.95 57.54 54.28 51.19 48.26 45.51 42.93 40.54 38.34 36.33 34.54 33.00 31.73 30.63 29.58 28.61 27.90 27.49 27.38 27.55 27.99 28.70 29.66 30.87 32.30 33.95 35.81 37.86 40.10 42.51 45.09 47.82 50.69 53.69 56.81 60.04 63.36 66.77 70.25 73.80 77.40 81.04 84.72 88.41 92.11 95.80 99.49 103.15 106.77 110.34 113.86 117.31 120.68 123.95 127.13 130.19
142.81 137.51 132.28 127.11 122.02 117.00 112.06 107.21 102.46 97.80 93.25 88.81 84.48 80.28 76.20 72.26 68.46 64.79 61.28 57.92 54.73 51.70 48.84 46.15 43.66 41.34 39.24 37.38 35.80 34.50 33.38 32.29 31.23 30.27 29.55 29.13 29.01 29.18 29.61 30.30 31.25 32.43 33.84 35.47 37.30 39.32 41.53 43.91 46.45 49.14 51.97 54.93 58.00 61.18 64.45 67.81 71.24 74.73 78.27 81.85 85.45 89.08 92.71 96.34 99.94 103.53 107.07 110.56 114.00 117.36 120.64 123.82 126.90
148.54 143.16 137.83 132.57 127.38 122.27 117.24 112.29 107.44 102.68 98.03 93.49 89.06 84.75 80.57 76.52 72.60 68.83 65.21 61.74 58.43 55.28 52.31 49.51 46.89 44.48 42.30 40.39 38.76 37.44 36.29 35.17 34.09 33.03 32.06 31.34 30.92 30.79 30.94 31.36 32.04 32.97 34.13 35.51 37.11 38.92 40.91 43.09 45.43 47.94 50.59 53.37 56.29 59.31 62.44 65.66 68.97 72.34 75.77 79.25 82.77 86.31 89.87 93.43 96.98 100.51 104.02 107.48 110.89 114.24 117.52 120.70 123.80
154.62 149.14 143.72 138.35 133.06 127.84 122.70 117.65 112.69 107.82 103.06 98.40 93.86 89.44 85.14 80.97 76.94 73.05 69.30 65.71 62.28 59.01 55.91 52.98 50.25 47.75 45.51 43.55 41.89 40.53 39.36 38.22 37.11 36.02 34.96 33.99 33.27 32.84 32.70 32.84 33.25 33.91 34.81 35.95 37.32 38.89 40.67 42.63 44.77 47.08 49.55 52.16 54.90 57.77 60.75 63.83 67.00 70.24 73.56 76.93 80.35 83.80 87.28 90.76 94.25 97.73 101.19 104.62 108.00 111.33 114.59 117.78 120.87
161.05 155.45 149.91 144.44 139.03 133.70 128.44 123.27 118.19 113.20 108.32 103.54 98.88 94.33 89.90 85.61 81.45 77.43 73.55 69.83 66.26 62.86 59.62 56.57 53.74 51.18 48.88 46.87 45.17 43.79 42.59 41.43 40.29 39.18 38.09 37.03 36.06 35.33 34.89 34.74 34.87 35.26 35.90 36.79 37.91 39.24 40.79 42.54 44.47 46.58 48.85 51.27 53.84 56.54 59.36 62.30 65.32 68.44 71.63 74.89 78.20 81.56 84.94 88.35 91.77 95.19 98.59 101.97 105.32 108.62 111.86 115.04 118.14
167.79 162.07 156.41 150.81 145.28 139.82 134.44 129.14 123.93 118.82 113.80 108.89 104.09 99.41 94.85 90.41 86.11 81.95 77.94 74.07 70.36 66.81 63.44 60.29 57.39 54.75 52.40 50.34 48.61 47.20 45.98 44.79 43.63 42.50 41.38 40.29 39.23 38.25 37.51 37.07 36.91 37.02 37.39 38.02 38.89 39.98 41.29 42.81 44.52 46.42 48.50 50.73 53.12 55.64 58.30 61.07 63.96 66.93 69.99 73.13 76.33 79.58 82.87 86.19 89.53 92.88 96.22 99.55 102.85 106.12 109.34 112.50 115.58
174.83 168.98 163.19 157.46 151.80 146.20 140.68 135.25 129.90 124.64 119.48 114.43 109.48 104.66 99.95 95.37 90.92 86.61 82.44 78.42 74.56 70.86 67.38 64.15 61.17 58.47 56.06 53.96 52.19 50.75 49.51 48.31 47.13 45.97 44.83 43.71 42.62 41.55 40.57 39.82 39.37 39.20 39.29 39.65 40.26 41.10 42.17 43.46 44.95 46.63 48.49 50.53 52.73 55.07 57.56 60.17 62.89 65.72 68.65 71.65 74.73 77.87 81.06 84.29 87.54 90.81 94.09 97.36 100.61 103.83 107.02 110.15 113.22
182.16 176.18 170.24 164.37 158.56 152.82 147.15 141.56 136.07 130.66 125.35 120.14 115.04 110.06 105.19 100.46 95.85 91.38 87.05 82.86 78.85 75.04 71.46 68.14 65.09 62.32 59.86 57.72 55.91 54.45 53.19 51.97 50.77 49.58 48.42 47.29 46.17 45.07 44.00 43.01 42.25 41.79 41.60 41.68 42.02 42.61 43.43 44.48 45.73 47.19 48.84 50.67 52.67 54.83 57.14 59.57 62.14 64.82 67.60 70.47 73.42 76.44 79.52 82.64 85.80 88.99 92.19 95.39 98.58 101.76 104.90 108.00 111.05
189.76 183.63 177.54 171.51 165.55 159.65 153.83 148.08 142.42 136.86 131.38 126.01 120.75 115.60 110.57 105.66 100.88 96.24 91.74 87.40 83.25 79.34 75.67 72.27 69.14 66.31 63.80 61.61 59.78 58.29 57.01 55.77 54.55 53.35 52.16 51.00 49.86 48.74 47.64 46.56 45.56 44.80 44.32 44.12 44.19 44.51 45.07 45.87 46.89 48.12 49.55 51.17 52.96 54.92 57.04 59.30 61.70 64.21 66.84 69.57 72.38 75.28 78.24 81.25 84.32 87.41 90.53 93.66 96.78 99.90 103.00 106.06 109.08
197.62 191.32 185.08 178.88 172.75 166.69 160.70 154.79 148.96 143.22 137.57 132.03 126.59 121.27 116.06 110.97 106.01 101.19 96.52 92.04 87.78 83.77 80.01 76.52 73.32 70.43 67.87 65.64 63.77 62.27 60.97 59.71 58.47 57.25 56.05 54.86 53.70 52.56 51.43 50.32 49.24 48.23 47.46 46.97 46.75 46.80 47.10 47.64 48.42 49.41 50.61 52.01 53.59 55.35 57.27 59.35 61.57 63.91 66.38 68.96 71.63 74.39 77.23 80.13 83.08 86.08 89.11 92.16 95.21 98.27 101.31 104.33 107.31
205.72 199.25 192.83 186.46 180.16 173.92 167.75 161.66 155.65 149.73 143.90 138.17 132.55 127.04 121.64 116.37 111.22 106.22 101.40 96.80 92.43 88.31 84.46 80.90 77.63 74.68 72.06 69.79 67.89 66.37 65.06 63.78 62.52 61.28 60.06 58.86 57.68 56.51 55.36 54.23 53.12 52.03 51.01 50.23 49.72 49.49 49.52 49.80 50.32 51.07 52.03 53.20 54.57 56.11 57.84 59.72 61.75 63.93 66.23 68.65 71.17 73.79 76.50 79.27 82.11 85.00 87.93 90.89 93.87 96.85 99.83 102.80 105.73
214.04 207.39 200.78 194.23 187.74 181.32 174.96 168.68 162.48 156.37 150.35 144.42 138.61 132.90 127.30 121.83 116.49 111.34 106.39 101.67 97.19 92.98 89.04 85.39 82.05 79.04 76.38 74.07 72.14 70.60 69.27 67.98 66.71 65.45 64.21 62.99 61.79 60.60 59.43 58.28 57.14 56.02 54.92 53.89 53.10 52.58 52.33 52.34 52.60 53.09 53.82 54.75 55.89 57.22 58.73 60.42 62.26 64.25 66.38 68.63 71.00 73.47 76.04 78.69 81.40 84.18 87.01 89.87 92.76 95.67 98.58 101.48 104.36
222.57 215.72 208.93 202.18 195.49 188.87 182.31 175.83 169.43 163.12 156.90 150.77 144.75 138.83 133.03 127.36 121.86 116.56 111.49 106.65 102.07 97.75 93.72 90.00 86.59 83.52 80.81 78.47 76.51 74.95 73.61 72.31 71.02 69.75 68.49 67.25 66.03 64.82 63.63 62.46 61.30 60.15 59.03 57.91 56.88 56.07 55.53 55.27 55.26 55.49 55.96 56.66 57.56 58.67 59.97 61.44 63.09 64.89 66.84 68.92 71.12 73.44 75.86 78.37 80.96 83.62 86.33 89.09 91.89 94.71 97.54 100.37 103.20
