data_output/RCH/Precip_2008_05.asc
ncols        168
nrows        136
xllcorner    455000
yllcorner    2107000
cellsize     500
NODATA_value     -99999
[rows 102 to 135 of 136, columns 0 to 76 of 168]
100.67 104.78 108.82 112.77 116.62 120.35 123.93 127.35 130.60 133.64 136.47 139.15 141.85 144.62 147.35 149.51 150.83 151.38 151.42 151.22 150.81 150.21 149.43 148.46 147.33 146.02 144.56 142.95 141.19 139.30 137.27 135.12 132.86 130.49 128.02 125.45 122.80 120.06 117.26 114.38 111.45 108.47 105.44 102.37 99.28 96.16 93.03 89.88 86.74 83.60 80.47 77.37 74.29 71.24 68.24 65.28 62.38 59.54 56.77 54.08 51.47 48.95 46.53 44.22 42.04 40.03 38.19 36.51 34.94 33.47 32.11 30.84 29.66 28.57 27.57 26.66 25.83
99.02 103.07 107.08 111.02 114.87 118.61 122.22 125.70 129.00 132.13 135.15 138.22 141.38 144.63 147.84 150.49 152.31 153.32 153.56 153.31 152.83 152.16 151.30 150.26 149.05 147.68 146.14 144.46 142.64 140.68 138.59 136.38 134.05 131.62 129.09 126.46 123.75 120.96 118.10 115.17 112.19 109.15 106.07 102.96 99.82 96.65 93.47 90.28 87.10 83.92 80.75 77.60 74.48 71.40 68.36 65.37 62.43 59.56 56.76 54.04 51.40 48.85 46.41 44.10 41.96 40.00 38.22 36.58 35.07 33.65 32.33 31.11 29.97 28.93 27.98 27.11 26.32
97.26 101.25 105.21 109.12 112.95 116.69 120.33 123.83 127.20 130.48 133.85 137.35 140.95 144.64 148.32 151.43 153.72 155.20 155.89 155.83 155.30 154.54 153.59 152.47 151.17 149.71 148.10 146.34 144.44 142.40 140.23 137.94 135.55 133.04 130.43 127.74 124.96 122.10 119.17 116.17 113.13 110.03 106.89 103.71 100.51 97.28 94.05 90.80 87.56 84.32 81.10 77.91 74.74 71.60 68.52 65.48 62.50 59.58 56.74 53.97 51.29 48.71 46.26 43.99 41.90 39.99 38.25 36.67 35.21 33.84 32.57 31.39 30.30 29.31 28.40 27.57 26.82
95.41 99.33 103.22 107.08 110.89 114.62 118.26 121.79 125.27 128.87 132.63 136.53 140.55 144.67 148.78 152.33 155.07 157.00 158.14 158.51 158.15 157.32 156.28 155.05 153.66 152.11 150.41 148.55 146.56 144.43 142.17 139.80 137.31 134.72 132.03 129.25 126.39 123.45 120.44 117.37 114.24 111.07 107.85 104.60 101.33 98.03 94.73 91.41 88.10 84.80 81.52 78.26 75.02 71.83 68.68 65.58 62.54 59.57 56.67 53.85 51.12 48.53 46.12 43.89 41.85 39.99 38.31 36.78 35.36 34.04 32.82 31.69 30.65 29.70 28.83 28.05 27.34
93.49 97.31 101.13 104.93 108.69 112.39 116.02 119.65 123.41 127.37 131.50 135.78 140.19 144.71 149.23 153.20 156.36 158.71 160.29 161.09 161.13 160.46 159.33 158.00 156.50 154.85 153.03 151.07 148.97 146.74 144.39 141.91 139.33 136.64 133.86 130.98 128.02 124.99 121.89 118.73 115.51 112.25 108.95 105.62 102.26 98.88 95.49 92.10 88.71 85.33 81.96 78.63 75.32 72.05 68.83 65.66 62.56 59.51 56.55 53.66 50.91 48.35 45.99 43.81 41.82 40.01 38.38 36.90 35.53 34.26 33.09 32.00 31.01 30.10 29.28 28.54 27.87
91.50 95.22 98.94 102.67 106.37 110.04 113.73 117.60 121.68 125.97 130.45 135.08 139.85 144.75 149.66 154.02 157.58 160.34 162.31 163.52 163.97 163.69 162.71 161.29 159.67 157.89 155.96 153.88 151.67 149.32 146.86 144.27 141.57 138.78 135.88 132.90 129.84 126.70 123.50 120.23 116.92 113.55 110.15 106.72 103.27 99.79 96.31 92.82 89.34 85.87 82.42 79.00 75.60 72.25 68.94 65.69 62.50 59.38 56.34 53.42 50.71 48.19 45.87 43.74 41.80 40.05 38.46 37.04 35.72 34.50 33.38 32.34 31.39 30.53 29.75 29.05 28.43
89.46 93.05 96.68 100.31 103.95 107.64 111.54 115.70 120.08 124.68 129.47 134.43 139.55 144.80 150.07 154.81 158.73 161.87 164.22 165.82 166.66 166.76 166.15 164.85 163.13 161.22 159.16 156.96 154.62 152.15 149.55 146.84 144.02 141.10 138.09 134.99 131.81 128.55 125.23 121.86 118.43 114.95 111.44 107.90 104.33 100.75 97.17 93.58 89.99 86.42 82.87 79.34 75.85 72.40 69.00 65.65 62.36 59.15 56.07 53.19 50.51 48.04 45.77 43.70 41.80 40.10 38.57 37.19 35.93 34.76 33.68 32.69 31.79 30.97 30.24 29.58 29.00
87.38 90.84 94.34 97.87 101.50 105.37 109.53 113.94 118.60 123.48 128.57 133.84 139.27 144.85 150.46 155.54 159.82 163.31 166.02 167.97 169.17 169.65 169.40 168.45 166.84 164.82 162.62 160.27 157.79 155.18 152.45 149.60 146.65 143.60 140.45 137.22 133.91 130.52 127.08 123.57 120.02 116.42 112.79 109.12 105.44 101.74 98.03 94.32 90.62 86.94 83.27 79.63 76.03 72.47 68.96 65.51 62.12 58.86 55.81 52.97 50.34 47.92 45.69 43.66 41.82 40.17 38.69 37.37 36.16 35.04 34.01 33.07 32.21 31.44 30.74 30.13 29.59
85.28 88.58 91.95 95.45 99.22 103.30 107.68 112.33 117.24 122.38 127.74 133.29 139.02 144.90 150.83 156.23 160.83 164.65 167.69 169.98 171.52 172.34 172.44 171.84 170.55 168.63 166.30 163.80 161.17 158.41 155.53 152.53 149.43 146.23 142.94 139.57 136.11 132.59 129.00 125.36 121.67 117.93 114.17 110.37 106.55 102.72 98.88 95.05 91.22 87.41 83.62 79.85 76.13 72.45 68.82 65.25 61.80 58.57 55.56 52.76 50.18 47.81 45.63 43.65 41.86 40.26 38.83 37.56 36.40 35.33 34.35 33.46 32.65 31.92 31.27 30.70 30.20
83.15 86.29 89.59 93.20 97.15 101.43 106.01 110.87 116.00 121.38 126.98 132.79 138.79 144.95 151.17 156.87 161.77 165.89 169.24 171.84 173.70 174.83 175.25 174.98 174.03 172.41 170.16 167.52 164.73 161.80 158.76 155.61 152.35 148.99 145.54 142.01 138.41 134.73 130.99 127.20 123.36 119.47 115.56 111.61 107.65 103.68 99.70 95.72 91.75 87.80 83.87 79.98 76.12 72.30 68.54 64.91 61.49 58.30 55.33 52.58 50.04 47.72 45.59 43.66 41.92 40.36 38.99 37.78 36.67 35.65 34.72 33.88 33.11 32.43 31.82 31.29 30.84
81.03 84.06 87.44 91.19 95.30 99.74 104.49 109.55 114.88 120.47 126.29 132.33 138.58 145.00 151.48 157.45 162.63 167.03 170.67 173.55 175.70 177.13 177.85 177.88 177.23 175.92 173.96 171.39 168.44 165.34 162.13 158.80 155.37 151.84 148.23 144.53 140.76 136.91 133.01 129.06 125.05 121.01 116.94 112.83 108.72 104.59 100.45 96.32 92.20 88.10 84.02 79.98 75.97 72.01 68.18 64.57 61.19 58.04 55.12 52.41 49.93 47.64 45.57 43.68 42.00 40.49 39.17 38.01 36.96 35.99 35.11 34.31 33.60 32.96 32.40 31.91 31.49
78.98 82.06 85.55 89.42 93.65 98.24 103.15 108.37 113.87 119.65 125.67 131.92 138.38 145.04 151.77 157.98 163.41 168.07 171.97 175.11 177.53 179.23 180.22 180.53 180.16 179.13 177.46 175.15 172.26 169.00 165.60 162.09 158.48 154.77 150.97 147.09 143.14 139.12 135.05 130.91 126.74 122.52 118.28 114.01 109.72 105.42 101.12 96.83 92.54 88.28 84.04 79.83 75.67 71.63 67.82 64.24 60.91 57.81 54.93 52.27 49.83 47.59 45.56 43.73 42.10 40.65 39.38 38.27 37.27 36.35 35.52 34.78 34.11 33.51 33.00 32.55 32.18
77.20 80.35 83.91 87.88 92.22 96.92 101.96 107.32 112.98 118.91 125.11 131.55 138.21 145.07 152.02 158.46 164.12 169.01 173.14 176.52 179.18 181.13 182.37 182.93 182.82 182.05 180.64 178.61 175.95 172.73 169.16 165.45 161.64 157.74 153.75 149.68 145.54 141.33 137.07 132.75 128.39 123.99 119.56 115.10 110.64 106.16 101.68 97.21 92.75 88.31 83.90 79.52 75.27 71.25 67.47 63.94 60.65 57.59 54.76 52.15 49.75 47.56 45.58 43.80 42.22 40.82 39.60 38.55 37.60 36.74 35.96 35.26 34.64 34.09 33.62 33.22 32.89
75.71 78.91 82.54 86.57 91.00 95.79 100.93 106.41 112.19 118.27 124.62 131.22 138.05 145.09 152.23 158.88 164.74 169.83 174.18 177.78 180.65 182.82 184.29 185.08 185.20 184.67 183.50 181.71 179.30 176.31 172.75 168.86 164.85 160.74 156.54 152.27 147.93 143.52 139.05 134.53 129.97 125.38 120.75 116.11 111.45 106.78 102.11 97.45 92.80 88.17 83.58 79.11 74.87 70.88 67.15 63.66 60.41 57.40 54.61 52.04 49.70 47.56 45.63 43.90 42.36 41.02 39.86 38.86 37.96 37.15 36.42 35.77 35.20 34.70 34.27 33.91 33.62
74.53 77.75 81.41 85.49 89.98 94.84 100.07 105.63 111.52 117.71 124.18 130.92 137.90 145.10 152.41 159.23 165.28 170.55 175.08 178.87 181.95 184.31 185.98 186.98 187.31 186.99 186.03 184.46 182.28 179.51 176.16 172.27 168.06 163.73 159.32 154.83 150.27 145.65 140.97 136.25 131.48 126.67 121.84 116.99 112.12 107.25 102.38 97.52 92.67 87.85 83.15 78.69 74.49 70.54 66.85 63.41 60.20 57.23 54.48 51.96 49.66 47.58 45.69 44.01 42.53 41.24 40.13 39.19 38.35 37.59 36.91 36.31 35.78 35.33 34.95 34.63 34.39
73.64 76.87 80.54 84.65 89.16 94.07 99.35 104.98 110.95 117.23 123.81 130.65 137.76 145.10 152.56 159.53 165.72 171.16 175.85 179.81 183.05 185.59 187.44 188.62 189.13 189.00 188.24 186.86 184.88 182.31 179.16 175.46 171.24 166.71 162.07 157.35 152.56 147.72 142.81 137.86 132.87 127.85 122.79 117.72 112.64 107.55 102.47 97.39 92.34 87.40 82.71 78.29 74.13 70.22 66.57 63.17 60.01 57.08 54.38 51.91 49.66 47.62 45.79 44.16 42.73 41.49 40.43 39.55 38.76 38.05 37.42 36.87 36.39 35.99 35.65 35.38 35.18
73.06 76.26 79.92 84.02 88.55 93.48 98.79 104.47 110.49 116.83 123.49 130.42 137.63 145.08 152.66 159.76 166.09 171.66 176.49 180.59 183.98 186.66 188.67 190.00 190.67 190.70 190.11 188.90 187.10 184.70 181.74 178.23 174.17 169.61 164.75 159.79 154.77 149.68 144.54 139.36 134.13 128.88 123.59 118.29 112.98 107.66 102.35 97.06 91.88 86.95 82.29 77.91 73.79 69.93 66.32 62.96 59.84 56.96 54.30 51.88 49.67 47.68 45.90 44.33 42.95 41.76 40.76 39.93 39.19 38.54 37.96 37.46 37.03 36.68 36.39 36.16 36.00
72.77 75.92 79.54 83.62 88.13 93.06 98.38 104.08 110.13 116.52 123.22 130.22 137.50 145.04 152.72 159.92 166.36 172.04 176.98 181.20 184.71 187.52 189.65 191.12 191.93 192.10 191.65 190.59 188.93 186.70 183.89 180.54 176.64 172.23 167.33 162.14 156.87 151.53 146.14 140.71 135.24 129.74 124.21 118.67 113.11 107.56 102.01 96.59 91.41 86.52 81.90 77.56 73.48 69.65 66.09 62.77 59.69 56.86 54.25 51.87 49.72 47.78 46.05 44.52 43.19 42.06 41.12 40.34 39.66 39.06 38.53 38.08 37.70 37.39 37.15 36.97 36.85
72.77 75.85 79.41 83.44 87.91 92.81 98.12 103.81 109.87 116.27 123.01 130.05 137.38 144.98 152.73 160.01 166.53 172.30 177.34 181.65 185.25 188.17 190.40 191.98 192.90 193.19 192.86 191.92 190.39 188.28 185.61 182.39 178.64 174.37 169.59 164.35 158.83 153.24 147.59 141.89 136.17 130.41 124.62 118.83 113.02 107.22 101.53 96.11 90.97 86.11 81.53 77.23 73.19 69.41 65.88 62.61 59.58 56.78 54.23 51.90 49.79 47.90 46.22 44.74 43.47 42.39 41.50 40.78 40.15 39.61 39.13 38.73 38.40 38.14 37.94 37.80 37.73
73.07 76.05 79.53 83.48 87.89 92.74 98.00 103.66 109.71 116.10 122.84 129.90 137.26 144.90 152.70 160.03 166.61 172.45 177.55 181.93 185.61 188.60 190.91 192.57 193.58 193.96 193.72 192.88 191.46 189.45 186.89 183.79 180.15 176.00 171.35 166.21 160.62 154.77 148.85 142.89 136.89 130.86 124.81 118.75 112.68 106.73 101.04 95.65 90.55 85.73 81.19 76.92 72.92 69.19 65.70 62.47 59.48 56.74 54.23 51.94 49.88 48.04 46.41 44.99 43.77 42.75 41.91 41.25 40.68 40.18 39.76 39.41 39.13 38.92 38.76 38.67 38.64
73.66 76.52 79.88 83.74 88.06 92.83 98.03 103.64 109.64 116.01 122.73 129.78 137.14 144.79 152.62 159.98 166.60 172.47 177.61 182.04 185.77 188.81 191.18 192.90 193.97 194.42 194.25 193.49 192.14 190.22 187.74 184.73 181.18 177.13 172.57 167.54 162.03 156.09 149.91 143.66 137.38 131.07 124.74 118.41 112.19 106.23 100.58 95.22 90.16 85.38 80.88 76.65 72.69 68.99 65.55 62.36 59.42 56.72 54.26 52.02 50.01 48.22 46.64 45.27 44.10 43.13 42.36 41.75 41.23 40.79 40.42 40.12 39.89 39.73 39.62 39.58 39.59
74.53 77.24 80.48 84.21 88.42 93.09 98.20 103.74 109.67 115.98 122.66 129.68 137.02 144.66 152.49 159.86 166.48 172.37 177.53 181.98 185.73 188.80 191.21 192.96 194.07 194.56 194.44 193.73 192.43 190.57 188.15 185.20 181.73 177.74 173.27 168.31 162.88 157.01 150.72 144.20 137.62 131.02 124.41 117.91 111.68 105.76 100.14 94.82 89.79 85.05 80.58 76.40 72.48 68.82 65.43 62.28 59.38 56.73 54.31 52.13 50.17 48.42 46.90 45.58 44.47 43.55 42.83 42.28 41.82 41.43 41.12 40.87 40.69 40.57 40.51 40.51 40.57
75.69 78.23 81.31 84.89 88.97 93.52 98.52 103.95 109.79 116.02 122.63 129.59 136.89 144.50 152.30 159.66 166.27 172.14 177.29 181.74 185.49 188.57 190.98 192.75 193.87 194.38 194.29 193.60 192.33 190.50 188.12 185.21 181.78 177.85 173.42 168.52 163.15 157.34 151.09 144.45 137.59 130.69 123.90 117.39 111.20 105.31 99.73 94.45 89.45 84.75 80.32 76.17 72.30 68.68 65.33 62.23 59.38 56.77 54.40 52.26 50.35 48.66 47.19 45.92 44.86 44.00 43.34 42.84 42.44 42.10 41.84 41.65 41.51 41.44 41.43 41.48 41.58
77.13 79.48 82.38 85.79 89.71 94.11 98.97 104.27 110.00 116.13 122.65 129.53 136.75 144.31 152.06 159.37 165.95 171.79 176.91 181.33 185.06 188.11 190.51 192.26 193.38 193.88 193.79 193.10 191.84 190.02 187.65 184.76 181.35 177.43 173.04 168.16 162.83 157.06 150.85 144.24 137.25 130.18 123.39 116.91 110.75 104.89 99.35 94.10 89.14 84.47 80.09 75.98 72.14 68.57 65.26 62.21 59.40 56.84 54.52 52.43 50.57 48.93 47.51 46.29 45.29 44.48 43.87 43.43 43.09 42.81 42.60 42.46 42.37 42.35 42.39 42.48 42.63
78.85 80.99 83.68 86.89 90.63 94.85 99.55 104.71 110.30 116.30 122.70 129.48 136.61 144.08 151.76 159.01 165.52 171.30 176.37 180.74 184.42 187.43 189.79 191.50 192.59 193.06 192.94 192.23 190.95 189.11 186.74 183.83 180.42 176.51 172.11 167.24 161.92 156.16 149.98 143.39 136.54 129.64 122.89 116.45 110.32 104.50 98.99 93.78 88.86 84.23 79.88 75.82 72.02 68.49 65.23 62.22 59.46 56.94 54.67 52.63 50.82 49.23 47.86 46.70 45.75 45.00 44.45 44.06 43.77 43.55 43.39 43.30 43.27 43.30 43.38 43.52 43.71
80.86 82.75 85.21 88.21 91.73 95.76 100.27 105.25 110.68 116.53 122.79 129.44 136.46 143.82 151.41 158.56 164.99 170.69 175.67 179.97 183.58 186.52 188.81 190.47 191.50 191.92 191.74 190.98 189.66 187.79 185.38 182.44 179.00 175.06 170.64 165.76 160.42 154.65 148.47 142.02 135.50 128.96 122.41 116.02 109.92 104.14 98.66 93.49 88.61 84.01 79.71 75.68 71.93 68.44 65.22 62.26 59.54 57.07 54.85 52.86 51.10 49.56 48.24 47.14 46.24 45.55 45.05 44.73 44.49 44.32 44.22 44.18 44.20 44.28 44.41 44.60 44.84
83.14 84.76 86.96 89.72 93.01 96.82 101.13 105.91 111.15 116.82 122.92 129.41 136.29 143.52 150.99 158.03 164.34 169.94 174.82 179.01 182.53 185.38 187.58 189.15 190.10 190.44 190.19 189.36 187.97 186.04 183.56 180.57 177.08 173.09 168.63 163.70 158.33 152.54 146.47 140.33 134.17 127.99 121.79 115.60 109.56 103.81 98.37 93.23 88.38 83.83 79.57 75.58 71.87 68.43 65.25 62.33 59.66 57.24 55.06 53.12 51.41 49.93 48.66 47.61 46.77 46.13 45.69 45.43 45.25 45.14 45.09 45.10 45.17 45.30 45.48 45.71 46.00
85.69 87.03 88.95 91.44 94.48 98.04 102.11 106.67 111.70 117.17 123.08 129.40 136.10 143.18 150.50 157.41 163.59 169.05 173.81 177.88 181.27 184.01 186.10 187.55 188.40 188.64 188.29 187.37 185.88 183.86 181.30 178.23 174.66 170.60 166.07 161.08 155.65 149.95 144.18 138.38 132.57 126.75 120.90 115.05 109.20 103.51 98.10 93.00 88.19 83.68 79.45 75.51 71.84 68.44 65.31 62.43 59.81 57.44 55.31 53.42 51.76 50.33 49.12 48.12 47.33 46.75 46.37 46.16 46.04 45.98 45.99 46.06 46.18 46.36 46.59 46.87 47.19
88.52 89.54 91.16 93.36 96.11 99.41 103.22 107.53 112.32 117.58 123.27 129.39 135.90 142.80 149.96 156.70 162.72 168.02 172.63 176.55 179.80 182.40 184.35 185.67 186.39 186.50 186.03 184.99 183.39 181.25 178.59 175.41 171.74 167.58 162.96 157.89 152.53 147.11 141.67 136.21 130.73 125.24 119.75 114.24 108.72 103.22 97.87 92.80 88.03 83.56 79.38 75.47 71.85 68.49 65.40 62.57 60.00 57.68 55.60 53.75 52.15 50.77 49.61 48.67 47.94 47.41 47.09 46.93 46.87 46.87 46.93 47.05 47.22 47.45 47.73 48.06 48.43
91.62 92.30 93.59 95.47 97.92 100.92 104.46 108.50 113.03 118.03 123.49 129.38 135.68 142.38 149.34 155.90 161.73 166.86 171.29 175.04 178.12 180.55 182.34 183.51 184.07 184.03 183.41 182.23 180.49 178.22 175.42 172.12 168.32 164.04 159.31 154.28 149.19 144.08 138.96 133.82 128.67 123.51 118.34 113.17 107.99 102.81 97.65 92.64 87.91 83.48 79.33 75.47 71.89 68.57 65.53 62.75 60.22 57.95 55.92 54.12 52.57 51.24 50.14 49.25 48.57 48.11 47.84 47.75 47.74 47.80 47.91 48.08 48.31 48.59 48.92 49.29 49.71
94.98 95.31 96.25 97.79 99.91 102.59 105.81 109.56 113.81 118.54 123.74 129.38 135.44 141.91 148.65 155.00 160.63 165.55 169.78 173.33 176.22 178.46 180.07 181.06 181.43 181.22 180.43 179.08 177.18 174.75 171.80 168.34 164.39 159.98 155.27 150.49 145.70 140.89 136.07 131.24 126.40 121.56 116.71 111.86 107.01 102.16 97.32 92.49 87.82 83.42 79.32 75.50 71.96 68.69 65.70 62.96 60.48 58.25 56.27 54.53 53.03 51.75 50.70 49.87 49.25 48.84 48.63 48.60 48.65 48.76 48.93 49.16 49.44 49.76 50.14 50.57 51.03
98.62 98.55 99.12 100.29 102.06 104.40 107.30 110.72 114.66 119.10 124.01 129.38 135.18 141.39 147.90 154.01 159.41 164.10 168.11 171.44 174.11 176.14 177.53 178.31 178.49 178.08 177.09 175.55 173.46 170.85 167.71 164.08 159.97 155.55 151.07 146.58 142.07 137.56 133.03 128.50 123.96 119.43 114.89 110.35 105.81 101.28 96.75 92.24 87.75 83.41 79.35 75.57 72.07 68.85 65.90 63.21 60.78 58.60 56.67 54.98 53.52 52.30 51.31 50.53 49.97 49.61 49.46 49.49 49.60 49.77 49.99 50.27 50.60 50.98 51.41 51.88 52.40
102.52 102.04 102.20 102.99 104.38 106.36 108.90 111.98 115.59 119.70 124.30 129.37 134.89 140.83 147.07 152.92 158.06 162.50 166.26 169.35 171.78 173.57 174.73 175.28 175.23 174.59 173.39 171.63 169.33 166.51 163.17 159.34 155.21 151.01 146.80 142.57 138.34 134.10 129.86 125.62 121.37 117.12 112.88 108.64 104.41 100.18 95.97 91.76 87.57 83.41 79.41 75.67 72.22 69.04 66.14 63.49 61.11 58.98 57.10 55.46 54.06 52.89 51.95 51.23 50.72 50.43 50.33 50.42 50.59 50.81 51.09 51.43 51.81 52.24 52.72 53.24 53.80
106.68 105.76 105.50 105.88 106.87 108.45 110.61 113.33 116.58 120.35 124.62 129.36 134.57 140.21 146.16 151.73 156.59 160.75 164.24 167.06 169.22 170.75 171.65 171.95 171.65 170.77 169.32 167.32 164.79 161.73 158.17 154.30 150.36 146.41 142.46 138.50 134.53 130.56 126.58 122.61 118.64 114.68 110.72 106.77 102.82 98.89 94.98 91.07 87.19 83.32 79.49 75.82 72.41 69.27 66.41 63.82 61.48 59.40 57.57 55.98 54.64 53.52 52.63 51.97 51.52 51.28 51.25 51.39 51.62 51.90 52.24 52.63 53.06 53.55 54.07 54.64 55.25
