data_output/RCH/Precip_1989_07.asc
ncols        168
nrows        136
xllcorner    455000
yllcorner    2107000
cellsize     500
NODATA_value     -99999
[rows 32 to 63 of 136, columns 73 to 145 of 168]
65.97 65.32 64.74 64.25 63.84 63.52 63.30 63.24 63.37 63.70 64.22 64.93 65.82 66.74 67.54 68.22 68.79 69.25 69.62 69.95 70.33 70.76 71.26 71.81 72.41 73.07 73.77 74.51 75.30 76.12 76.98 77.86 78.78 79.72 80.69 81.67 82.67 83.68 84.71 85.74 86.77 87.81 88.84 89.87 90.89 91.89 92.89 93.86 94.82 95.75 96.66 97.54 98.38 99.19 99.96 100.68 101.36 102.00 102.58 103.11 103.58 104.00 104.34 104.63 104.84 104.98 105.05 105.03 104.94 104.74 104.44 104.01 103.47
66.18 65.53 64.97 64.50 64.10 63.81 63.68 63.74 64.00 64.45 65.09 65.92 66.93 67.96 68.86 69.64 70.31 70.86 71.32 71.68 72.00 72.37 72.80 73.28 73.82 74.41 75.05 75.73 76.45 77.21 78.01 78.84 79.70 80.59 81.50 82.43 83.38 84.35 85.32 86.30 87.29 88.28 89.27 90.25 91.23 92.20 93.15 94.09 95.01 95.90 96.78 97.62 98.43 99.21 99.94 100.64 101.30 101.91 102.46 102.97 103.42 103.81 104.14 104.40 104.60 104.72 104.77 104.74 104.62 104.40 104.07 103.63 103.06
66.43 65.80 65.25 64.79 64.43 64.23 64.22 64.40 64.78 65.34 66.10 67.04 68.16 69.29 70.30 71.18 71.93 72.57 73.11 73.54 73.89 74.20 74.56 74.97 75.43 75.95 76.52 77.14 77.79 78.49 79.22 79.99 80.79 81.61 82.47 83.34 84.23 85.14 86.05 86.98 87.92 88.86 89.79 90.73 91.66 92.58 93.49 94.38 95.26 96.11 96.94 97.74 98.52 99.26 99.96 100.62 101.24 101.82 102.35 102.82 103.24 103.60 103.91 104.14 104.31 104.41 104.44 104.39 104.24 103.99 103.64 103.18 102.60
66.73 66.11 65.58 65.14 64.87 64.79 64.90 65.20 65.69 66.36 67.23 68.28 69.50 70.74 71.85 72.81 73.66 74.38 74.99 75.50 75.91 76.24 76.53 76.86 77.25 77.69 78.18 78.72 79.31 79.93 80.60 81.29 82.02 82.78 83.57 84.37 85.20 86.05 86.90 87.77 88.65 89.53 90.41 91.29 92.16 93.03 93.89 94.73 95.56 96.36 97.15 97.90 98.63 99.33 99.99 100.61 101.19 101.73 102.22 102.66 103.04 103.37 103.64 103.85 103.99 104.06 104.05 103.97 103.79 103.52 103.15 102.67 102.07
67.08 66.47 65.97 65.62 65.46 65.49 65.72 66.13 66.73 67.51 68.48 69.63 70.96 72.29 73.49 74.55 75.47 76.27 76.96 77.53 78.00 78.39 78.68 78.95 79.25 79.61 80.02 80.48 80.99 81.53 82.12 82.74 83.40 84.08 84.80 85.53 86.29 87.07 87.86 88.66 89.47 90.28 91.10 91.92 92.74 93.55 94.34 95.13 95.90 96.65 97.38 98.09 98.77 99.41 100.02 100.60 101.13 101.63 102.07 102.47 102.81 103.10 103.33 103.50 103.60 103.64 103.60 103.49 103.29 102.99 102.60 102.10 101.49
67.47 66.89 66.47 66.24 66.19 66.34 66.67 67.19 67.89 68.78 69.85 71.10 72.52 73.95 75.23 76.37 77.37 78.25 79.00 79.63 80.16 80.60 80.94 81.21 81.44 81.71 82.03 82.40 82.82 83.29 83.79 84.33 84.90 85.51 86.14 86.80 87.48 88.18 88.90 89.63 90.37 91.12 91.87 92.62 93.37 94.11 94.84 95.57 96.28 96.97 97.64 98.29 98.91 99.50 100.05 100.58 101.06 101.50 101.90 102.24 102.54 102.78 102.97 103.09 103.16 103.16 103.09 102.95 102.72 102.41 101.99 101.48 100.85
67.93 67.43 67.12 67.00 67.06 67.31 67.75 68.37 69.17 70.16 71.32 72.67 74.18 75.69 77.06 78.28 79.35 80.29 81.11 81.80 82.39 82.87 83.25 83.55 83.78 83.97 84.20 84.48 84.80 85.18 85.59 86.04 86.53 87.05 87.60 88.17 88.77 89.39 90.03 90.68 91.34 92.01 92.69 93.37 94.04 94.71 95.38 96.03 96.67 97.30 97.90 98.49 99.04 99.57 100.07 100.53 100.96 101.34 101.68 101.97 102.22 102.41 102.54 102.63 102.65 102.62 102.53 102.35 102.10 101.76 101.33 100.79 100.15
68.50 68.11 67.91 67.89 68.06 68.41 68.95 69.66 70.56 71.64 72.90 74.33 75.93 77.53 78.97 80.26 81.40 82.41 83.28 84.03 84.66 85.18 85.61 85.94 86.19 86.36 86.51 86.69 86.92 87.20 87.51 87.87 88.27 88.69 89.15 89.64 90.15 90.68 91.23 91.80 92.38 92.97 93.56 94.16 94.76 95.35 95.94 96.52 97.08 97.64 98.17 98.68 99.17 99.63 100.06 100.46 100.82 101.14 101.42 101.65 101.83 101.96 102.05 102.10 102.09 102.03 101.90 101.70 101.42 101.06 100.61 100.06 99.41
69.21 68.93 68.83 68.91 69.18 69.63 70.26 71.07 72.06 73.22 74.56 76.08 77.76 79.44 80.96 82.32 83.52 84.58 85.51 86.30 86.98 87.54 88.00 88.36 88.63 88.82 88.94 89.04 89.16 89.33 89.55 89.81 90.10 90.43 90.80 91.19 91.60 92.04 92.50 92.98 93.47 93.97 94.47 94.98 95.50 96.01 96.51 97.01 97.50 97.97 98.43 98.86 99.27 99.66 100.02 100.34 100.63 100.88 101.09 101.26 101.38 101.46 101.51 101.52 101.48 101.38 101.22 100.99 100.69 100.31 99.84 99.27 98.61
70.06 69.87 69.87 70.05 70.41 70.95 71.67 72.57 73.65 74.90 76.32 77.92 79.68 81.43 83.01 84.43 85.70 86.81 87.79 88.63 89.34 89.94 90.42 90.81 91.10 91.30 91.43 91.49 91.52 91.58 91.69 91.84 92.03 92.26 92.52 92.81 93.12 93.46 93.82 94.20 94.59 95.00 95.41 95.83 96.25 96.67 97.09 97.50 97.90 98.29 98.66 99.01 99.35 99.65 99.93 100.18 100.39 100.56 100.70 100.80 100.86 100.90 100.91 100.88 100.80 100.67 100.49 100.23 99.91 99.51 99.02 98.44 97.76
71.03 70.94 71.03 71.31 71.76 72.39 73.19 74.17 75.33 76.66 78.16 79.83 81.66 83.48 85.13 86.61 87.93 89.09 90.11 90.99 91.74 92.36 92.87 93.28 93.58 93.79 93.92 93.98 93.97 93.93 93.92 93.96 94.04 94.16 94.31 94.49 94.70 94.93 95.19 95.46 95.76 96.06 96.37 96.69 97.02 97.34 97.66 97.98 98.29 98.59 98.87 99.13 99.38 99.60 99.79 99.95 100.08 100.17 100.23 100.27 100.29 100.29 100.26 100.19 100.08 99.92 99.71 99.43 99.08 98.66 98.15 97.56 96.87
72.12 72.13 72.31 72.67 73.20 73.91 74.80 75.86 77.09 78.50 80.07 81.81 83.71 85.59 87.30 88.84 90.20 91.41 92.47 93.38 94.16 94.81 95.34 95.75 96.07 96.29 96.41 96.46 96.44 96.35 96.24 96.16 96.12 96.12 96.16 96.22 96.32 96.44 96.59 96.75 96.94 97.13 97.34 97.56 97.78 98.00 98.22 98.44 98.65 98.85 99.03 99.20 99.35 99.48 99.58 99.65 99.69 99.71 99.70 99.69 99.67 99.63 99.56 99.45 99.31 99.12 98.87 98.57 98.20 97.76 97.24 96.63 95.93
73.33 73.42 73.69 74.13 74.74 75.53 76.50 77.63 78.93 80.41 82.05 83.85 85.81 87.76 89.52 91.11 92.52 93.77 94.86 95.80 96.60 97.27 97.81 98.24 98.56 98.77 98.90 98.94 98.90 98.79 98.62 98.43 98.26 98.14 98.05 98.00 97.98 97.98 98.01 98.06 98.13 98.22 98.31 98.42 98.53 98.64 98.76 98.87 98.97 99.07 99.15 99.22 99.27 99.30 99.30 99.28 99.23 99.17 99.12 99.07 99.00 98.91 98.80 98.66 98.49 98.27 98.00 97.67 97.28 96.82 96.28 95.66 94.95
74.65 74.82 75.17 75.68 76.38 77.24 78.27 79.48 80.85 82.38 84.09 85.95 87.97 89.97 91.78 93.41 94.87 96.15 97.27 98.24 99.06 99.74 100.29 100.73 101.04 101.25 101.37 101.39 101.33 101.20 100.99 100.74 100.46 100.21 99.99 99.81 99.66 99.54 99.45 99.38 99.33 99.29 99.27 99.26 99.26 99.26 99.26 99.26 99.25 99.24 99.21 99.17 99.11 99.04 98.94 98.82 98.70 98.59 98.49 98.39 98.28 98.15 98.01 97.83 97.62 97.37 97.08 96.73 96.31 95.84 95.28 94.65 93.93
76.07 76.32 76.74 77.33 78.09 79.02 80.12 81.39 82.82 84.42 86.18 88.10 90.18 92.22 94.08 95.75 97.24 98.55 99.70 100.68 101.52 102.21 102.77 103.20 103.52 103.72 103.82 103.82 103.73 103.57 103.33 103.03 102.68 102.30 101.96 101.65 101.37 101.12 100.89 100.70 100.52 100.36 100.21 100.08 99.95 99.83 99.71 99.59 99.47 99.34 99.20 99.05 98.88 98.69 98.49 98.29 98.12 97.96 97.81 97.66 97.51 97.35 97.16 96.95 96.71 96.44 96.11 95.74 95.31 94.81 94.25 93.60 92.87
77.58 77.90 78.39 79.05 79.88 80.88 82.04 83.36 84.85 86.51 88.32 90.30 92.42 94.51 96.41 98.11 99.63 100.97 102.14 103.14 103.98 104.68 105.24 105.67 105.97 106.16 106.24 106.22 106.10 105.90 105.63 105.28 104.88 104.42 103.94 103.49 103.08 102.69 102.33 102.00 101.69 101.40 101.12 100.86 100.60 100.35 100.11 99.87 99.62 99.37 99.11 98.84 98.55 98.25 97.97 97.72 97.50 97.29 97.09 96.90 96.70 96.50 96.28 96.03 95.76 95.46 95.11 94.72 94.26 93.75 93.17 92.52 91.78
79.18 79.57 80.13 80.85 81.74 82.79 84.01 85.39 86.94 88.64 90.50 92.52 94.69 96.82 98.76 100.49 102.04 103.40 104.58 105.59 106.44 107.14 107.70 108.11 108.40 108.57 108.62 108.57 108.42 108.19 107.86 107.47 107.01 106.49 105.93 105.34 104.78 104.25 103.75 103.28 102.83 102.40 101.99 101.59 101.20 100.82 100.45 100.07 99.70 99.32 98.93 98.53 98.13 97.75 97.41 97.11 96.83 96.57 96.32 96.09 95.85 95.61 95.35 95.08 94.78 94.44 94.07 93.65 93.18 92.66 92.06 91.40 90.65
80.87 81.32 81.93 82.72 83.66 84.77 86.04 87.47 89.07 90.81 92.72 94.78 96.99 99.16 101.13 102.89 104.45 105.82 107.02 108.04 108.89 109.58 110.13 110.53 110.80 110.95 110.97 110.89 110.70 110.41 110.04 109.60 109.08 108.49 107.86 107.17 106.47 105.80 105.15 104.53 103.94 103.36 102.81 102.27 101.74 101.22 100.71 100.20 99.69 99.17 98.65 98.13 97.64 97.20 96.81 96.45 96.11 95.81 95.52 95.23 94.96 94.68 94.39 94.08 93.75 93.39 92.99 92.56 92.07 91.53 90.92 90.24 89.49
82.63 83.13 83.81 84.64 85.64 86.80 88.12 89.60 91.23 93.02 94.97 97.07 99.31 101.51 103.50 105.28 106.86 108.25 109.45 110.47 111.32 112.00 112.53 112.92 113.16 113.28 113.27 113.15 112.91 112.58 112.16 111.65 111.07 110.42 109.71 108.94 108.14 107.31 106.51 105.74 105.00 104.27 103.57 102.88 102.21 101.54 100.88 100.23 99.58 98.92 98.27 97.66 97.11 96.61 96.16 95.74 95.36 95.01 94.67 94.35 94.03 93.71 93.39 93.05 92.69 92.30 91.88 91.43 90.92 90.36 89.75 89.06 88.30
84.45 85.01 85.74 86.62 87.67 88.87 90.24 91.75 93.43 95.25 97.23 99.37 101.64 103.86 105.88 107.68 109.27 110.66 111.86 112.88 113.72 114.39 114.90 115.27 115.48 115.56 115.52 115.35 115.07 114.68 114.20 113.63 112.98 112.25 111.46 110.61 109.72 108.78 107.83 106.90 106.00 105.12 104.26 103.42 102.59 101.77 100.97 100.16 99.36 98.57 97.83 97.15 96.54 95.98 95.47 95.00 94.57 94.17 93.79 93.42 93.06 92.71 92.35 91.98 91.59 91.18 90.74 90.26 89.74 89.17 88.54 87.85 87.09
86.34 86.95 87.72 88.65 89.74 90.99 92.39 93.94 95.65 97.51 99.52 101.68 103.97 106.22 108.25 110.06 111.66 113.05 114.25 115.26 116.09 116.74 117.23 117.56 117.75 117.79 117.70 117.48 117.15 116.71 116.16 115.52 114.80 113.99 113.12 112.18 111.19 110.16 109.08 108.00 106.93 105.89 104.87 103.87 102.88 101.91 100.94 99.99 99.04 98.16 97.35 96.61 95.93 95.31 94.75 94.23 93.74 93.29 92.87 92.46 92.06 91.67 91.28 90.88 90.47 90.03 89.57 89.08 88.54 87.95 87.31 86.61 85.85
88.29 88.94 89.75 90.72 91.85 93.13 94.56 96.15 97.89 99.77 101.81 103.99 106.30 108.57 110.61 112.43 114.03 115.42 116.61 117.61 118.42 119.05 119.51 119.81 119.96 119.96 119.82 119.55 119.16 118.65 118.04 117.32 116.52 115.63 114.67 113.64 112.56 111.42 110.23 109.02 107.79 106.58 105.39 104.22 103.07 101.94 100.81 99.70 98.66 97.70 96.82 96.02 95.29 94.61 93.99 93.42 92.88 92.39 91.92 91.47 91.04 90.61 90.19 89.76 89.32 88.86 88.37 87.86 87.31 86.71 86.06 85.35 84.58
90.28 90.97 91.82 92.83 93.99 95.30 96.76 98.37 100.13 102.04 104.10 106.30 108.63 110.91 112.96 114.78 116.38 117.76 118.94 119.92 120.70 121.31 121.74 122.00 122.10 122.05 121.86 121.53 121.08 120.51 119.82 119.03 118.14 117.17 116.12 114.99 113.80 112.55 111.26 109.92 108.55 107.17 105.81 104.47 103.15 101.84 100.56 99.35 98.24 97.21 96.27 95.40 94.60 93.87 93.20 92.57 91.99 91.45 90.94 90.45 89.98 89.52 89.06 88.60 88.14 87.65 87.15 86.62 86.05 85.44 84.78 84.07 83.29
92.31 93.04 93.93 94.96 96.15 97.49 98.97 100.61 102.39 104.31 106.39 108.60 110.94 113.23 115.28 117.10 118.69 120.06 121.22 122.18 122.94 123.51 123.90 124.12 124.18 124.07 123.83 123.44 122.91 122.27 121.50 120.63 119.66 118.59 117.44 116.21 114.91 113.55 112.14 110.68 109.19 107.66 106.13 104.61 103.11 101.64 100.25 98.96 97.78 96.68 95.67 94.75 93.89 93.10 92.37 91.70 91.07 90.48 89.93 89.40 88.89 88.40 87.91 87.42 86.93 86.43 85.90 85.35 84.77 84.15 83.48 82.77 81.99
94.39 95.15 96.06 97.12 98.33 99.69 101.19 102.84 104.64 106.58 108.66 110.88 113.23 115.52 117.57 119.38 120.96 122.32 123.45 124.38 125.11 125.65 126.00 126.17 126.17 126.01 125.70 125.25 124.65 123.93 123.08 122.12 121.06 119.89 118.64 117.30 115.89 114.42 112.88 111.30 109.67 108.00 106.31 104.62 102.95 101.37 99.90 98.54 97.28 96.12 95.05 94.06 93.15 92.30 91.52 90.79 90.12 89.49 88.89 88.32 87.78 87.25 86.73 86.22 85.70 85.18 84.63 84.07 83.47 82.84 82.17 81.44 80.67
96.49 97.27 98.21 99.29 100.52 101.89 103.41 105.08 106.88 108.83 110.92 113.15 115.50 117.78 119.83 121.63 123.19 124.52 125.63 126.53 127.22 127.71 128.02 128.14 128.08 127.86 127.49 126.96 126.29 125.48 124.55 123.50 122.33 121.07 119.71 118.26 116.73 115.13 113.47 111.75 109.99 108.18 106.35 104.50 102.72 101.06 99.52 98.09 96.76 95.53 94.40 93.35 92.37 91.47 90.64 89.87 89.14 88.47 87.83 87.22 86.64 86.08 85.54 85.00 84.46 83.91 83.35 82.77 82.16 81.52 80.84 80.11 79.33
98.61 99.42 100.37 101.47 102.71 104.10 105.63 107.30 109.11 111.06 113.15 115.38 117.73 120.01 122.04 123.82 125.36 126.67 127.75 128.61 129.26 129.70 129.96 130.02 129.91 129.62 129.17 128.56 127.81 126.92 125.90 124.75 123.48 122.11 120.64 119.08 117.43 115.70 113.91 112.05 110.15 108.19 106.22 104.29 102.46 100.72 99.11 97.60 96.21 94.91 93.71 92.60 91.58 90.62 89.74 88.91 88.14 87.42 86.74 86.10 85.49 84.90 84.32 83.75 83.19 82.62 82.04 81.45 80.83 80.18 79.49 78.76 77.98
100.75 101.57 102.54 103.65 104.90 106.30 107.83 109.51 111.32 113.27 115.35 117.57 119.92 122.19 124.20 125.96 127.48 128.75 129.79 130.61 131.22 131.61 131.81 131.81 131.63 131.27 130.75 130.06 129.22 128.24 127.12 125.87 124.50 123.02 121.43 119.74 117.97 116.11 114.18 112.18 110.13 108.04 105.99 104.02 102.14 100.35 98.66 97.09 95.63 94.27 93.01 91.84 90.75 89.74 88.81 87.94 87.12 86.36 85.64 84.96 84.31 83.69 83.09 82.49 81.91 81.32 80.72 80.11 79.48 78.82 78.13 77.40 76.61
102.90 103.73 104.70 105.82 107.08 108.48 110.01 111.69 113.50 115.44 117.52 119.73 122.06 124.31 126.31 128.04 129.53 130.76 131.77 132.54 133.09 133.43 133.57 133.50 133.25 132.82 132.21 131.44 130.51 129.43 128.21 126.85 125.37 123.77 122.06 120.25 118.35 116.35 114.28 112.14 109.95 107.79 105.71 103.70 101.77 99.94 98.19 96.55 95.02 93.60 92.28 91.05 89.91 88.85 87.86 86.94 86.08 85.28 84.52 83.80 83.12 82.47 81.84 81.22 80.61 80.00 79.39 78.77 78.13 77.46 76.76 76.02 75.24
105.05 105.89 106.87 107.99 109.24 110.64 112.17 113.84 115.64 117.57 119.64 121.83 124.15 126.38 128.35 130.05 131.50 132.70 133.66 134.38 134.88 135.15 135.22 135.09 134.76 134.25 133.56 132.69 131.67 130.49 129.16 127.69 126.10 124.38 122.54 120.60 118.56 116.42 114.21 111.93 109.68 107.48 105.36 103.32 101.36 99.48 97.69 95.99 94.40 92.91 91.53 90.24 89.04 87.93 86.89 85.92 85.02 84.18 83.38 82.63 81.92 81.23 80.57 79.93 79.30 78.68 78.05 77.41 76.76 76.08 75.38 74.64 73.86
107.19 108.04 109.02 110.13 111.39 112.77 114.30 115.95 117.74 119.66 121.71 123.88 126.17 128.38 130.32 131.99 133.40 134.55 135.46 136.12 136.56 136.77 136.77 136.56 136.16 135.56 134.77 133.82 132.69 131.40 129.97 128.38 126.67 124.82 122.86 120.78 118.60 116.32 113.97 111.63 109.35 107.13 104.98 102.90 100.90 98.98 97.14 95.40 93.75 92.20 90.75 89.41 88.16 86.99 85.91 84.89 83.95 83.06 82.23 81.44 80.70 79.98 79.30 78.63 77.98 77.34 76.70 76.05 75.39 74.70 74.00 73.26 72.48
109.33 110.17 111.14 112.25 113.50 114.88 116.38 118.02 119.79 121.69 123.72 125.87 128.13 130.31 132.22 133.85 135.21 136.31 137.16 137.77 138.14 138.28 138.21 137.92 137.43 136.74 135.86 134.80 133.57 132.17 130.62 128.92 127.08 125.10 123.00 120.78 118.46 116.05 113.64 111.27 108.97 106.72 104.54 102.43 100.40 98.44 96.56 94.77 93.07 91.47 89.97 88.57 87.26 86.04 84.91 83.85 82.86 81.94 81.07 80.25 79.47 78.73 78.02 77.33 76.66 76.00 75.34 74.68 74.01 73.32 72.61 71.87 71.10
