data_output/RCH/Precip_1987_12.asc
ncols        168
nrows        136
xllcorner    455000
yllcorner    2107000
cellsize     500
NODATA_value     -99999
[rows 38 to 75 of 136, columns 84 to 167 of 168]
0.00 0.00 0.00 0.00 0.00 0.00 0.00 0.00 0.00 0.00 0.00 0.00 0.00 0.00 0.00 0.00 0.00 0.00 0.00 0.00 0.00 0.00 0.00 0.00 0.00 0.00 0.00 0.00 0.00 0.00 0.00 0.00 0.00 0.00 0.00 0.02 0.04 0.07 0.09 0.12 0.16 0.19 0.23 0.27 0.31 0.36 0.40 0.44 0.48 0.51 0.55 0.58 0.61 0.65 0.68 0.71 0.74 0.77 0.80 0.82 0.85 0.87 0.90 0.92 0.94 0.96 0.98 1.00 1.01 1.03 1.04 1.05 1.06 1.07 1.08 1.08 1.09 1.09 1.09 1.09 1.08 1.08 1.07 1.06
0.00 0.00 0.00 0.00 0.00 0.00 0.00 0.00 0.00 0.00 0.00 0.00 0.00 0.00 0.00 0.00 0.00 0.00 0.00 0.00 0.00 0.00 0.00 0.00 0.00 0.00 0.00 0.00 0.00 0.00 0.00 0.00 0.00 0.00 0.00 0.01 0.03 0.06 0.09 0.12 0.15 0.19 0.23 0.27 0.31 0.36 0.40 0.44 0.48 0.52 0.55 0.59 0.63 0.66 0.70 0.73 0.76 0.79 0.82 0.85 0.88 0.91 0.94 0.96 0.98 1.01 1.03 1.05 1.06 1.08 1.10 1.11 1.12 1.13 1.14 1.15 1.16 1.16 1.16 1.16 1.16 1.16 1.15 1.15
0.00 0.00 0.00 0.00 0.00 0.00 0.00 0.00 0.00 0.00 0.00 0.00 0.00 0.00 0.00 0.00 0.00 0.00 0.00 0.00 0.00 0.00 0.00 0.00 0.00 0.00 0.00 0.00 0.00 0.00 0.00 0.00 0.00 0.00 0.00 0.00 0.02 0.05 0.08 0.11 0.15 0.18 0.22 0.26 0.31 0.36 0.40 0.44 0.48 0.52 0.56 0.60 0.64 0.68 0.72 0.75 0.79 0.82 0.85 0.89 0.92 0.95 0.97 1.00 1.03 1.05 1.08 1.10 1.12 1.14 1.16 1.17 1.19 1.20 1.21 1.22 1.23 1.24 1.24 1.24 1.24 1.24 1.24 1.23
0.00 0.00 0.00 0.00 0.00 0.00 0.00 0.00 0.00 0.00 0.00 0.00 0.00 0.00 0.00 0.00 0.00 0.00 0.00 0.00 0.00 0.00 0.00 0.00 0.00 0.00 0.00 0.00 0.00 0.00 0.00 0.00 0.00 0.00 0.00 0.00 0.01 0.04 0.07 0.10 0.14 0.18 0.22 0.26 0.31 0.35 0.40 0.44 0.49 0.53 0.57 0.62 0.66 0.70 0.74 0.78 0.81 0.85 0.88 0.92 0.95 0.98 1.02 1.05 1.07 1.10 1.13 1.15 1.17 1.20 1.22 1.23 1.25 1.27 1.28 1.29 1.30 1.31 1.32 1.32 1.33 1.33 1.33 1.33
0.00 0.00 0.00 0.00 0.00 0.00 0.00 0.00 0.00 0.00 0.00 0.00 0.00 0.00 0.00 0.00 0.00 0.00 0.00 0.00 0.00 0.00 0.00 0.00 0.00 0.00 0.00 0.00 0.00 0.00 0.00 0.00 0.00 0.00 0.00 0.00 0.00 0.03 0.06 0.10 0.13 0.17 0.21 0.26 0.30 0.35 0.40 0.45 0.49 0.54 0.59 0.63 0.67 0.72 0.76 0.80 0.84 0.88 0.92 0.95 0.99 1.02 1.06 1.09 1.12 1.15 1.18 1.21 1.23 1.26 1.28 1.30 1.32 1.34 1.35 1.37 1.38 1.39 1.40 1.41 1.41 1.42 1.42 1.42
0.00 0.00 0.00 0.00 0.00 0.00 0.00 0.00 0.00 0.00 0.00 0.00 0.00 0.00 0.00 0.00 0.00 0.00 0.00 0.00 0.00 0.00 0.00 0.00 0.00 0.00 0.00 0.00 0.00 0.00 0.00 0.00 0.00 0.00 0.00 0.00 0.00 0.02 0.05 0.09 0.13 0.16 0.21 0.25 0.30 0.35 0.40 0.45 0.50 0.55 0.60 0.64 0.69 0.74 0.78 0.83 0.87 0.91 0.95 0.99 1.03 1.07 1.10 1.14 1.17 1.20 1.23 1.26 1.29 1.32 1.34 1.37 1.39 1.41 1.43 1.44 1.46 1.47 1.48 1.49 1.50 1.51 1.51 1.51
0.00 0.00 0.00 0.00 0.00 0.00 0.00 0.00 0.00 0.00 0.00 0.00 0.00 0.00 0.00 0.00 0.00 0.00 0.00 0.00 0.00 0.00 0.00 0.00 0.00 0.00 0.00 0.00 0.00 0.00 0.00 0.00 0.00 0.00 0.00 0.00 0.00 0.01 0.05 0.08 0.12 0.16 0.20 0.25 0.30 0.35 0.40 0.45 0.51 0.56 0.61 0.66 0.71 0.76 0.80 0.85 0.90 0.94 0.98 1.03 1.07 1.11 1.15 1.18 1.22 1.26 1.29 1.32 1.35 1.38 1.41 1.43 1.46 1.48 1.50 1.52 1.54 1.56 1.57 1.58 1.59 1.60 1.61 1.61
0.00 0.00 0.00 0.00 0.00 0.00 0.00 0.00 0.00 0.00 0.00 0.00 0.00 0.00 0.00 0.00 0.00 0.00 0.00 0.00 0.00 0.00 0.00 0.00 0.00 0.00 0.00 0.00 0.00 0.00 0.00 0.00 0.00 0.00 0.00 0.00 0.00 0.00 0.04 0.07 0.11 0.15 0.19 0.24 0.29 0.35 0.40 0.46 0.51 0.57 0.62 0.67 0.72 0.78 0.83 0.88 0.92 0.97 1.02 1.06 1.11 1.15 1.19 1.23 1.27 1.31 1.35 1.38 1.41 1.45 1.48 1.50 1.53 1.56 1.58 1.60 1.62 1.64 1.66 1.67 1.69 1.70 1.71 1.71
0.00 0.00 0.00 0.00 0.00 0.00 0.00 0.00 0.00 0.00 0.00 0.00 0.00 0.00 0.00 0.00 0.00 0.00 0.00 0.00 0.00 0.00 0.00 0.00 0.00 0.00 0.00 0.00 0.00 0.00 0.00 0.00 0.00 0.00 0.00 0.00 0.00 0.00 0.03 0.06 0.10 0.14 0.19 0.24 0.29 0.35 0.40 0.46 0.51 0.57 0.63 0.68 0.74 0.79 0.85 0.90 0.95 1.00 1.05 1.10 1.15 1.19 1.24 1.28 1.32 1.36 1.40 1.44 1.48 1.51 1.54 1.58 1.61 1.63 1.66 1.69 1.71 1.73 1.75 1.77 1.78 1.80 1.81 1.82
0.00 0.00 0.00 0.00 0.00 0.00 0.00 0.00 0.00 0.00 0.00 0.00 0.00 0.00 0.00 0.00 0.00 0.00 0.00 0.00 0.00 0.00 0.00 0.00 0.00 0.00 0.00 0.00 0.00 0.00 0.00 0.00 0.00 0.00 0.00 0.00 0.00 0.00 0.02 0.05 0.09 0.14 0.18 0.24 0.29 0.34 0.40 0.46 0.52 0.58 0.64 0.70 0.75 0.81 0.87 0.92 0.98 1.03 1.08 1.14 1.19 1.23 1.28 1.33 1.37 1.42 1.46 1.50 1.54 1.58 1.61 1.65 1.68 1.71 1.74 1.77 1.79 1.82 1.84 1.86 1.88 1.90 1.91 1.92
0.00 0.00 0.00 0.00 0.00 0.00 0.00 0.00 0.00 0.00 0.00 0.00 0.00 0.00 0.00 0.00 0.00 0.00 0.00 0.00 0.00 0.00 0.00 0.00 0.00 0.00 0.00 0.00 0.00 0.00 0.00 0.00 0.00 0.00 0.00 0.00 0.00 0.00 0.01 0.05 0.09 0.13 0.18 0.23 0.29 0.34 0.40 0.46 0.52 0.58 0.64 0.71 0.77 0.83 0.89 0.95 1.01 1.06 1.12 1.17 1.23 1.28 1.33 1.38 1.42 1.47 1.52 1.56 1.60 1.64 1.68 1.72 1.76 1.79 1.82 1.85 1.88 1.91 1.93 1.96 1.98 2.00 2.02 2.03
0.00 0.00 0.00 0.00 0.00 0.00 0.00 0.00 0.00 0.00 0.00 0.00 0.00 0.00 0.00 0.00 0.00 0.00 0.00 0.00 0.00 0.00 0.00 0.00 0.00 0.00 0.00 0.00 0.00 0.00 0.00 0.00 0.00 0.00 0.00 0.00 0.00 0.00 0.00 0.04 0.08 0.13 0.18 0.23 0.29 0.34 0.40 0.46 0.53 0.59 0.65 0.72 0.78 0.85 0.91 0.97 1.03 1.09 1.15 1.21 1.26 1.32 1.37 1.43 1.48 1.53 1.57 1.62 1.67 1.71 1.75 1.79 1.83 1.87 1.90 1.94 1.97 2.00 2.03 2.06 2.08 2.10 2.12 2.14
0.00 0.00 0.00 0.00 0.00 0.00 0.00 0.00 0.00 0.00 0.00 0.00 0.00 0.00 0.00 0.00 0.00 0.00 0.00 0.00 0.00 0.00 0.00 0.00 0.00 0.00 0.00 0.00 0.00 0.00 0.00 0.00 0.00 0.00 0.00 0.00 0.00 0.00 0.00 0.03 0.07 0.12 0.17 0.23 0.28 0.34 0.41 0.47 0.53 0.59 0.66 0.73 0.79 0.86 0.93 0.99 1.06 1.12 1.18 1.24 1.30 1.36 1.42 1.47 1.53 1.58 1.63 1.68 1.73 1.78 1.82 1.87 1.91 1.95 1.99 2.03 2.06 2.09 2.12 2.15 2.18 2.21 2.23 2.25
0.00 0.00 0.00 0.00 0.00 0.00 0.00 0.00 0.00 0.00 0.00 0.00 0.00 0.00 0.00 0.00 0.00 0.00 0.00 0.00 0.00 0.00 0.00 0.00 0.00 0.00 0.00 0.00 0.00 0.00 0.00 0.00 0.00 0.00 0.00 0.00 0.00 0.00 0.00 0.02 0.07 0.12 0.17 0.22 0.28 0.34 0.41 0.47 0.54 0.60 0.67 0.73 0.80 0.87 0.94 1.01 1.08 1.15 1.21 1.28 1.34 1.40 1.46 1.52 1.58 1.63 1.69 1.74 1.79 1.84 1.89 1.94 1.99 2.03 2.07 2.11 2.15 2.19 2.22 2.25 2.28 2.31 2.34 2.36
0.00 0.00 0.00 0.00 0.00 0.00 0.00 0.00 0.00 0.00 0.00 0.00 0.00 0.00 0.00 0.00 0.00 0.00 0.00 0.00 0.00 0.00 0.00 0.00 0.00 0.00 0.00 0.00 0.00 0.00 0.00 0.00 0.00 0.00 0.00 0.00 0.00 0.00 0.00 0.01 0.06 0.11 0.17 0.22 0.28 0.34 0.41 0.47 0.54 0.61 0.67 0.74 0.81 0.88 0.96 1.03 1.10 1.17 1.24 1.31 1.37 1.44 1.50 1.57 1.63 1.69 1.75 1.80 1.86 1.91 1.96 2.01 2.06 2.11 2.16 2.20 2.24 2.28 2.32 2.35 2.39 2.42 2.45 2.48
0.00 0.00 0.00 0.00 0.00 0.00 0.00 0.00 0.00 0.00 0.00 0.00 0.00 0.00 0.00 0.00 0.00 0.00 0.00 0.00 0.00 0.00 0.00 0.00 0.00 0.00 0.00 0.00 0.00 0.00 0.00 0.00 0.00 0.00 0.00 0.00 0.00 0.00 0.00 0.01 0.06 0.11 0.16 0.22 0.28 0.35 0.41 0.48 0.54 0.61 0.68 0.75 0.82 0.90 0.97 1.05 1.12 1.19 1.27 1.34 1.41 1.48 1.54 1.61 1.68 1.74 1.80 1.86 1.92 1.98 2.03 2.09 2.14 2.19 2.24 2.29 2.33 2.37 2.42 2.46 2.49 2.53 2.56 2.59
0.00 0.00 0.00 0.00 0.00 0.00 0.00 0.00 0.00 0.00 0.00 0.00 0.00 0.00 0.00 0.00 0.00 0.00 0.00 0.00 0.00 0.00 0.00 0.00 0.00 0.00 0.00 0.00 0.00 0.00 0.00 0.00 0.00 0.00 0.00 0.00 0.00 0.00 0.00 0.00 0.05 0.10 0.16 0.22 0.28 0.35 0.41 0.48 0.55 0.62 0.69 0.76 0.84 0.91 0.99 1.06 1.14 1.22 1.29 1.37 1.44 1.51 1.59 1.65 1.72 1.79 1.86 1.92 1.98 2.04 2.10 2.16 2.22 2.27 2.32 2.37 2.42 2.47 2.51 2.56 2.60 2.64 2.67 2.71
0.00 0.00 0.00 0.00 0.00 0.00 0.00 0.00 0.00 0.00 0.00 0.00 0.00 0.00 0.00 0.00 0.00 0.00 0.00 0.00 0.00 0.00 0.00 0.00 0.00 0.00 0.00 0.00 0.00 0.00 0.00 0.00 0.00 0.00 0.00 0.00 0.00 0.00 0.00 0.00 0.05 0.10 0.16 0.22 0.28 0.35 0.41 0.48 0.55 0.62 0.70 0.77 0.85 0.92 1.00 1.08 1.16 1.24 1.32 1.39 1.47 1.55 1.62 1.70 1.77 1.84 1.91 1.98 2.04 2.11 2.17 2.23 2.29 2.35 2.41 2.46 2.51 2.56 2.61 2.66 2.70 2.74 2.79 2.82
0.00 0.00 0.00 0.00 0.00 0.00 0.00 0.00 0.00 0.00 0.00 0.00 0.00 0.00 0.00 0.00 0.00 0.00 0.00 0.00 0.00 0.00 0.00 0.00 0.00 0.00 0.00 0.00 0.00 0.00 0.00 0.00 0.00 0.00 0.00 0.00 0.00 0.00 0.00 0.00 0.04 0.10 0.15 0.22 0.28 0.35 0.42 0.49 0.56 0.63 0.71 0.78 0.86 0.93 1.01 1.09 1.17 1.25 1.34 1.42 1.50 1.58 1.66 1.74 1.81 1.89 1.96 2.03 2.10 2.17 2.24 2.30 2.37 2.43 2.49 2.55 2.60 2.66 2.71 2.76 2.81 2.85 2.90 2.94
0.00 0.00 0.00 0.00 0.00 0.00 0.00 0.00 0.00 0.00 0.00 0.00 0.00 0.00 0.00 0.00 0.00 0.00 0.00 0.00 0.00 0.00 0.00 0.00 0.00 0.00 0.00 0.00 0.00 0.00 0.00 0.00 0.00 0.00 0.00 0.00 0.00 0.00 0.00 0.00 0.04 0.09 0.15 0.21 0.28 0.35 0.42 0.49 0.56 0.64 0.71 0.79 0.87 0.95 1.03 1.11 1.19 1.27 1.36 1.44 1.53 1.61 1.70 1.78 1.86 1.94 2.01 2.09 2.16 2.24 2.31 2.37 2.44 2.51 2.57 2.63 2.69 2.75 2.81 2.86 2.91 2.96 3.01 3.06
0.00 0.00 0.00 0.00 0.00 0.00 0.00 0.00 0.00 0.00 0.00 0.00 0.00 0.00 0.00 0.00 0.00 0.00 0.00 0.00 0.00 0.00 0.00 0.00 0.00 0.00 0.00 0.00 0.00 0.00 0.00 0.00 0.00 0.00 0.00 0.00 0.00 0.00 0.00 0.00 0.03 0.09 0.15 0.21 0.28 0.35 0.42 0.49 0.57 0.64 0.72 0.80 0.88 0.96 1.04 1.12 1.21 1.29 1.38 1.47 1.55 1.64 1.73 1.81 1.90 1.98 2.06 2.14 2.22 2.30 2.37 2.44 2.52 2.58 2.65 2.72 2.78 2.84 2.90 2.96 3.02 3.07 3.12 3.17
0.00 0.00 0.00 0.00 0.00 0.00 0.00 0.00 0.00 0.00 0.00 0.00 0.00 0.00 0.00 0.00 0.00 0.00 0.00 0.00 0.00 0.00 0.00 0.00 0.00 0.00 0.00 0.00 0.00 0.00 0.00 0.00 0.00 0.00 0.00 0.00 0.00 0.00 0.00 0.00 0.03 0.09 0.15 0.21 0.28 0.35 0.42 0.50 0.57 0.65 0.73 0.81 0.89 0.97 1.05 1.14 1.22 1.31 1.40 1.49 1.58 1.67 1.76 1.85 1.94 2.02 2.11 2.19 2.28 2.36 2.43 2.51 2.59 2.66 2.73 2.80 2.87 2.94 3.00 3.06 3.12 3.18 3.23 3.28
0.00 0.00 0.00 0.00 0.00 0.00 0.00 0.00 0.00 0.00 0.00 0.00 0.00 0.00 0.00 0.00 0.00 0.00 0.00 0.00 0.00 0.00 0.00 0.00 0.00 0.00 0.00 0.00 0.00 0.00 0.00 0.00 0.00 0.00 0.00 0.00 0.00 0.00 0.00 0.00 0.02 0.08 0.15 0.21 0.28 0.35 0.43 0.50 0.58 0.65 0.73 0.82 0.90 0.98 1.07 1.15 1.24 1.33 1.42 1.51 1.60 1.69 1.79 1.88 1.97 2.06 2.15 2.24 2.33 2.41 2.50 2.58 2.66 2.74 2.81 2.88 2.96 3.03 3.09 3.16 3.22 3.28 3.33 3.37
0.00 0.00 0.00 0.00 0.00 0.00 0.00 0.00 0.00 0.00 0.00 0.00 0.00 0.00 0.00 0.00 0.00 0.00 0.00 0.00 0.00 0.00 0.00 0.00 0.00 0.00 0.00 0.00 0.00 0.00 0.00 0.00 0.00 0.00 0.00 0.00 0.00 0.00 0.00 0.00 0.02 0.08 0.14 0.21 0.28 0.35 0.43 0.50 0.58 0.66 0.74 0.82 0.91 0.99 1.08 1.17 1.26 1.35 1.44 1.53 1.62 1.72 1.81 1.91 2.01 2.10 2.20 2.29 2.38 2.47 2.56 2.64 2.73 2.81 2.89 2.97 3.04 3.12 3.19 3.26 3.32 3.38 3.43 3.46
0.00 0.00 0.00 0.00 0.00 0.00 0.00 0.00 0.00 0.00 0.00 0.00 0.00 0.00 0.00 0.00 0.00 0.00 0.00 0.00 0.00 0.00 0.00 0.00 0.00 0.00 0.00 0.00 0.00 0.00 0.00 0.00 0.00 0.00 0.00 0.00 0.00 0.00 0.00 0.00 0.01 0.08 0.14 0.21 0.28 0.35 0.43 0.51 0.59 0.67 0.75 0.83 0.92 1.00 1.09 1.18 1.27 1.36 1.46 1.55 1.65 1.74 1.84 1.94 2.04 2.14 2.24 2.33 2.43 2.52 2.61 2.70 2.79 2.88 2.96 3.05 3.13 3.20 3.28 3.35 3.42 3.47 3.51 3.55
0.00 0.00 0.00 0.00 0.00 0.00 0.00 0.00 0.00 0.00 0.00 0.00 0.00 0.00 0.00 0.00 0.00 0.00 0.00 0.00 0.00 0.00 0.00 0.00 0.00 0.00 0.00 0.00 0.00 0.00 0.00 0.00 0.00 0.00 0.00 0.00 0.00 0.00 0.00 0.00 0.01 0.07 0.14 0.21 0.28 0.35 0.43 0.51 0.59 0.67 0.75 0.84 0.93 1.01 1.10 1.20 1.29 1.38 1.48 1.57 1.67 1.77 1.87 1.97 2.07 2.17 2.27 2.38 2.48 2.57 2.67 2.76 2.86 2.95 3.04 3.12 3.21 3.29 3.37 3.44 3.50 3.55 3.59 3.62
0.00 0.00 0.00 0.00 0.00 0.00 0.00 0.00 0.00 0.00 0.00 0.00 0.00 0.00 0.00 0.00 0.00 0.00 0.00 0.00 0.00 0.00 0.00 0.00 0.00 0.00 0.00 0.00 0.00 0.00 0.00 0.00 0.00 0.00 0.00 0.00 0.00 0.00 0.00 0.00 0.01 0.07 0.14 0.21 0.28 0.36 0.43 0.51 0.59 0.68 0.76 0.85 0.94 1.03 1.12 1.21 1.30 1.40 1.50 1.59 1.69 1.79 1.89 2.00 2.10 2.20 2.31 2.41 2.52 2.62 2.72 2.82 2.92 3.01 3.11 3.20 3.29 3.37 3.45 3.52 3.57 3.62 3.66 3.69
0.00 0.00 0.00 0.00 0.00 0.00 0.00 0.00 0.00 0.00 0.00 0.00 0.00 0.00 0.00 0.00 0.00 0.00 0.00 0.00 0.00 0.00 0.00 0.00 0.00 0.00 0.00 0.00 0.00 0.00 0.00 0.00 0.00 0.00 0.00 0.00 0.00 0.00 0.00 0.00 0.00 0.07 0.13 0.21 0.28 0.36 0.43 0.51 0.60 0.68 0.77 0.85 0.94 1.04 1.13 1.22 1.32 1.41 1.51 1.61 1.71 1.82 1.92 2.02 2.13 2.24 2.34 2.45 2.56 2.67 2.77 2.88 2.98 3.08 3.18 3.27 3.36 3.45 3.52 3.58 3.64 3.68 3.72 3.75
0.00 0.00 0.00 0.00 0.00 0.00 0.00 0.00 0.00 0.00 0.00 0.00 0.00 0.00 0.00 0.00 0.00 0.00 0.00 0.00 0.00 0.00 0.00 0.00 0.00 0.00 0.00 0.00 0.00 0.00 0.00 0.00 0.00 0.00 0.00 0.00 0.00 0.00 0.00 0.00 0.00 0.06 0.13 0.20 0.28 0.36 0.44 0.52 0.60 0.69 0.77 0.86 0.95 1.04 1.14 1.23 1.33 1.43 1.53 1.63 1.73 1.84 1.94 2.05 2.16 2.27 2.38 2.49 2.60 2.71 2.82 2.93 3.03 3.14 3.24 3.34 3.43 3.51 3.58 3.64 3.70 3.74 3.77 3.80
0.00 0.00 0.00 0.00 0.00 0.00 0.00 0.00 0.00 0.00 0.00 0.00 0.00 0.00 0.00 0.00 0.00 0.00 0.00 0.00 0.00 0.00 0.00 0.00 0.00 0.00 0.00 0.00 0.00 0.00 0.00 0.00 0.00 0.00 0.00 0.00 0.00 0.00 0.00 0.00 0.00 0.06 0.13 0.20 0.28 0.36 0.44 0.52 0.60 0.69 0.78 0.87 0.96 1.05 1.15 1.25 1.35 1.45 1.55 1.65 1.76 1.86 1.97 2.08 2.19 2.30 2.41 2.52 2.63 2.75 2.86 2.98 3.09 3.20 3.30 3.40 3.49 3.57 3.63 3.69 3.74 3.79 3.82 3.84
0.00 0.00 0.00 0.00 0.00 0.00 0.00 0.00 0.00 0.00 0.00 0.00 0.00 0.00 0.00 0.00 0.00 0.00 0.00 0.00 0.00 0.00 0.00 0.00 0.00 0.00 0.00 0.00 0.00 0.00 0.00 0.00 0.00 0.00 0.00 0.00 0.00 0.00 0.00 0.00 0.00 0.06 0.13 0.20 0.28 0.36 0.44 0.52 0.61 0.69 0.78 0.87 0.97 1.06 1.16 1.26 1.36 1.46 1.56 1.67 1.77 1.88 1.99 2.10 2.21 2.33 2.44 2.55 2.67 2.79 2.90 3.02 3.14 3.25 3.35 3.45 3.53 3.61 3.68 3.74 3.78 3.82 3.85 3.87
0.00 0.00 0.00 0.00 0.00 0.00 0.00 0.00 0.00 0.00 0.00 0.00 0.00 0.00 0.00 0.00 0.00 0.00 0.00 0.00 0.00 0.00 0.00 0.00 0.00 0.00 0.00 0.00 0.00 0.00 0.00 0.00 0.00 0.00 0.00 0.00 0.00 0.00 0.00 0.00 0.00 0.05 0.13 0.20 0.28 0.36 0.44 0.52 0.61 0.70 0.79 0.88 0.97 1.07 1.17 1.27 1.37 1.47 1.58 1.69 1.79 1.90 2.01 2.13 2.24 2.35 2.47 2.59 2.70 2.82 2.94 3.06 3.18 3.29 3.40 3.49 3.57 3.65 3.71 3.77 3.81 3.85 3.88 3.90
0.00 0.00 0.00 0.00 0.00 0.00 0.00 0.00 0.00 0.00 0.00 0.00 0.00 0.00 0.00 0.00 0.00 0.00 0.00 0.00 0.00 0.00 0.00 0.00 0.00 0.00 0.00 0.00 0.00 0.00 0.00 0.00 0.00 0.00 0.00 0.00 0.00 0.00 0.00 0.00 0.00 0.05 0.12 0.20 0.28 0.36 0.44 0.52 0.61 0.70 0.79 0.89 0.98 1.08 1.18 1.28 1.38 1.49 1.59 1.70 1.81 1.92 2.04 2.15 2.27 2.38 2.50 2.62 2.74 2.86 2.98 3.10 3.22 3.33 3.43 3.52 3.60 3.67 3.74 3.79 3.84 3.87 3.90 3.92
0.00 0.00 0.00 0.00 0.00 0.00 0.00 0.00 0.00 0.00 0.00 0.00 0.00 0.00 0.00 0.00 0.00 0.00 0.00 0.00 0.00 0.00 0.00 0.00 0.00 0.00 0.00 0.00 0.00 0.00 0.00 0.00 0.00 0.00 0.00 0.00 0.00 0.00 0.00 0.00 0.00 0.05 0.12 0.20 0.27 0.36 0.44 0.52 0.61 0.70 0.80 0.89 0.99 1.09 1.19 1.29 1.39 1.50 1.61 1.72 1.83 1.94 2.06 2.17 2.29 2.41 2.53 2.65 2.77 2.90 3.02 3.13 3.25 3.35 3.45 3.54 3.62 3.69 3.75 3.81 3.85 3.88 3.91 3.92
0.00 0.00 0.00 0.00 0.00 0.00 0.00 0.00 0.00 0.00 0.00 0.00 0.00 0.00 0.00 0.00 0.00 0.00 0.00 0.00 0.00 0.00 0.00 0.00 0.00 0.00 0.00 0.00 0.00 0.00 0.00 0.00 0.00 0.00 0.00 0.00 0.00 0.00 0.00 0.00 0.00 0.04 0.12 0.19 0.27 0.35 0.44 0.53 0.61 0.71 0.80 0.90 0.99 1.09 1.20 1.30 1.41 1.51 1.62 1.73 1.85 1.96 2.08 2.20 2.31 2.44 2.56 2.68 2.80 2.93 3.05 3.16 3.26 3.37 3.46 3.55 3.63 3.70 3.76 3.81 3.85 3.89 3.91 3.93
0.00 0.00 0.00 0.00 0.00 0.00 0.00 0.00 0.00 0.00 0.00 0.00 0.00 0.00 0.00 0.00 0.00 0.00 0.00 0.00 0.00 0.00 0.00 0.00 0.00 0.00 0.00 0.00 0.00 0.00 0.00 0.00 0.00 0.00 0.00 0.00 0.00 0.00 0.00 0.00 0.00 0.04 0.11 0.19 0.27 0.35 0.44 0.53 0.62 0.71 0.80 0.90 1.00 1.10 1.20 1.31 1.42 1.53 1.64 1.75 1.86 1.98 2.10 2.22 2.34 2.46 2.58 2.71 2.83 2.95 3.07 3.17 3.28 3.37 3.46 3.55 3.63 3.70 3.76 3.81 3.85 3.88 3.91 3.92
0.00 0.00 0.00 0.00 0.00 0.00 0.00 0.00 0.00 0.00 0.00 0.00 0.00 0.00 0.00 0.00 0.00 0.00 0.00 0.00 0.00 0.00 0.00 0.00 0.00 0.00 0.00 0.00 0.00 0.00 0.00 0.00 0.00 0.00 0.00 0.00 0.00 0.00 0.00 0.00 0.00 0.04 0.11 0.19 0.27 0.35 0.44 0.53 0.62 0.71 0.81 0.90 1.00 1.11 1.21 1.32 1.43 1.54 1.65 1.76 1.88 2.00 2.12 2.24 2.36 2.48 2.61 2.74 2.86 2.97 3.08 3.18 3.28 3.37 3.46 3.54 3.62 3.68 3.74 3.79 3.84 3.87 3.89 3.91
0.00 0.00 0.00 0.00 0.00 0.00 0.00 0.00 0.00 0.00 0.00 0.00 0.00 0.00 0.00 0.00 0.00 0.00 0.00 0.00 0.00 0.00 0.00 0.00 0.00 0.00 0.00 0.00 0.00 0.00 0.00 0.00 0.00 0.00 0.00 0.00 0.00 0.00 0.00 0.00 0.00 0.03 0.11 0.18 0.27 0.35 0.44 0.52 0.62 0.71 0.81 0.91 1.01 1.11 1.22 1.32 1.43 1.55 1.66 1.78 1.89 2.01 2.13 2.26 2.38 2.51 2.63 2.75 2.87 2.98 3.09 3.19 3.28 3.37 3.45 3.53 3.60 3.66 3.72 3.77 3.81 3.85 3.87 3.88
