data_output/RCH/Precip_2004_05.asc
ncols        168
nrows        136
xllcorner    455000
yllcorner    2107000
cellsize     500
NODATA_value     -99999
[rows 0 to 32 of 136, columns 0 to 74 of 168]
135.04 134.72 134.24 133.63 132.87 131.98 130.96 129.82 128.55 127.18 125.69 124.11 122.42 120.64 118.77 116.82 114.80 112.70 110.53 108.34 106.16 103.98 101.81 99.65 97.51 95.37 93.26 91.16 89.08 87.03 84.99 82.98 81.00 79.05 77.12 75.23 73.37 71.55 69.76 68.00 66.26 64.53 62.83 61.15 59.49 57.87 56.27 54.71 53.19 51.70 50.25 48.84 47.48 46.17 44.90 43.69 42.48 41.26 40.02 38.75 37.47 36.17 34.85 33.52 32.17 30.82 29.45 28.08 26.69 25.30 23.91 22.51 21.11 19.71 18.31
135.79 135.41 134.89 134.21 133.40 132.45 131.38 130.17 128.85 127.41 125.87 124.22 122.47 120.62 118.69 116.67 114.58 112.41 110.18 107.92 105.67 103.43 101.20 98.99 96.79 94.61 92.45 90.32 88.20 86.11 84.05 82.01 80.01 78.04 76.10 74.20 72.33 70.51 68.72 66.97 65.26 63.57 61.90 60.26 58.65 57.08 55.53 54.03 52.56 51.13 49.75 48.41 47.12 45.88 44.69 43.51 42.31 41.09 39.85 38.58 37.30 36.01 34.69 33.37 32.03 30.68 29.31 27.94 26.57 25.18 23.80 22.40 21.01 19.62 18.23
136.33 135.91 135.33 134.61 133.75 132.75 131.62 130.36 128.98 127.49 125.89 124.18 122.37 120.47 118.48 116.40 114.24 112.01 109.72 107.40 105.09 102.79 100.51 98.25 96.01 93.79 91.60 89.42 87.28 85.16 83.08 81.02 79.00 77.02 75.07 73.16 71.30 69.47 67.69 65.96 64.27 62.62 61.00 59.40 57.84 56.32 54.83 53.39 51.98 50.62 49.31 48.04 46.83 45.67 44.51 43.34 42.15 40.93 39.69 38.43 37.16 35.86 34.56 33.23 31.90 30.55 29.20 27.83 26.46 25.09 23.71 22.32 20.94 19.55 18.17
136.66 136.20 135.58 134.82 133.91 132.87 131.69 130.39 128.96 127.42 125.77 124.01 122.15 120.19 118.15 116.02 113.80 111.52 109.16 106.78 104.42 102.08 99.76 97.45 95.17 92.92 90.69 88.49 86.32 84.19 82.09 80.02 77.99 76.00 74.05 72.14 70.28 68.46 66.69 64.97 63.31 61.69 60.12 58.58 57.07 55.61 54.19 52.80 51.47 50.18 48.94 47.76 46.62 45.50 44.36 43.19 42.00 40.78 39.55 38.29 37.02 35.74 34.43 33.12 31.79 30.45 29.10 27.74 26.38 25.01 23.64 22.27 20.89 19.52 18.14
136.80 136.30 135.65 134.85 133.90 132.82 131.60 130.26 128.79 127.21 125.51 123.71 121.80 119.80 117.71 115.52 113.26 110.92 108.52 106.09 103.68 101.30 98.93 96.60 94.28 92.00 89.75 87.53 85.34 83.19 81.08 79.00 76.97 74.98 73.03 71.13 69.28 67.48 65.73 64.03 62.39 60.80 59.27 57.79 56.35 54.95 53.60 52.29 51.03 49.82 48.66 47.56 46.47 45.35 44.21 43.05 41.86 40.65 39.42 38.17 36.91 35.63 34.33 33.02 31.70 30.37 29.03 27.68 26.32 24.96 23.60 22.24 20.87 19.50 18.14
136.75 136.22 135.54 134.71 133.73 132.62 131.36 129.99 128.48 126.86 125.13 123.29 121.34 119.30 117.16 114.94 112.63 110.25 107.80 105.33 102.88 100.45 98.06 95.69 93.35 91.05 88.78 86.54 84.34 82.18 80.06 77.99 75.96 73.97 72.04 70.15 68.31 66.53 64.80 63.13 61.52 59.97 58.48 57.06 55.68 54.35 53.07 51.84 50.66 49.54 48.47 47.41 46.32 45.21 44.08 42.92 41.74 40.53 39.31 38.07 36.81 35.53 34.25 32.94 31.63 30.31 28.98 27.64 26.29 24.94 23.59 22.23 20.88 19.52 18.17
136.52 135.97 135.26 134.40 133.40 132.26 130.98 129.57 128.04 126.39 124.62 122.75 120.77 118.69 116.52 114.26 111.91 109.49 107.00 104.49 102.01 99.56 97.13 94.74 92.38 90.06 87.78 85.53 83.33 81.17 79.05 76.98 74.96 72.98 71.06 69.20 67.38 65.63 63.93 62.29 60.72 59.21 57.76 56.39 55.08 53.82 52.62 51.48 50.39 49.35 48.32 47.27 46.19 45.09 43.96 42.80 41.63 40.43 39.21 37.98 36.73 35.46 34.18 32.89 31.58 30.27 28.95 27.62 26.28 24.94 23.60 22.26 20.91 19.57 18.23
136.11 135.55 134.82 133.94 132.92 131.76 130.46 129.03 127.47 125.79 124.00 122.10 120.09 117.99 115.79 113.50 111.12 108.67 106.14 103.60 101.09 98.61 96.17 93.76 91.39 89.06 86.76 84.52 82.31 80.15 78.04 75.98 73.98 72.02 70.12 68.28 66.50 64.77 63.11 61.51 59.98 58.52 57.12 55.80 54.55 53.37 52.26 51.20 50.20 49.21 48.19 47.14 46.07 44.97 43.85 42.70 41.53 40.34 39.14 37.91 36.67 35.41 34.14 32.85 31.56 30.25 28.94 27.62 26.30 24.97 23.64 22.31 20.98 19.65 18.32
135.54 134.96 134.23 133.34 132.30 131.12 129.81 128.36 126.78 125.09 123.28 121.36 119.33 117.20 114.97 112.66 110.26 107.78 105.23 102.66 100.13 97.63 95.17 92.75 90.37 88.03 85.74 83.50 81.30 79.15 77.05 75.01 73.02 71.09 69.22 67.41 65.66 63.98 62.36 60.81 59.32 57.91 56.57 55.31 54.12 53.01 51.98 51.01 50.06 49.08 48.07 47.03 45.96 44.87 43.76 42.62 41.46 40.27 39.07 37.86 36.62 35.38 34.11 32.84 31.56 30.26 28.96 27.66 26.34 25.03 23.71 22.39 21.07 19.76 18.44
134.81 134.23 133.48 132.59 131.54 130.36 129.03 127.57 125.99 124.28 122.45 120.52 118.47 116.33 114.09 111.75 109.33 106.83 104.26 101.67 99.13 96.61 94.15 91.72 89.34 87.00 84.72 82.48 80.29 78.16 76.09 74.07 72.11 70.21 68.37 66.59 64.89 63.25 61.67 60.17 58.75 57.39 56.12 54.92 53.80 52.77 51.81 50.88 49.94 48.96 47.96 46.93 45.87 44.79 43.68 42.55 41.40 40.22 39.03 37.82 36.60 35.36 34.11 32.85 31.58 30.30 29.01 27.71 26.41 25.11 23.81 22.50 21.20 19.90 18.60
133.93 133.34 132.60 131.70 130.66 129.47 128.14 126.68 125.09 123.37 121.54 119.59 117.54 115.38 113.13 110.78 108.35 105.84 103.25 100.65 98.09 95.58 93.10 90.68 88.30 85.97 83.70 81.48 79.31 77.20 75.15 73.16 71.23 69.37 67.57 65.84 64.18 62.59 61.07 59.63 58.26 56.97 55.77 54.64 53.60 52.63 51.71 50.77 49.83 48.86 47.86 46.84 45.79 44.71 43.62 42.49 41.35 40.19 39.01 37.81 36.60 35.37 34.13 32.88 31.62 30.36 29.08 27.80 26.51 25.22 23.93 22.64 21.35 20.07 18.79
132.90 132.32 131.59 130.69 129.65 128.47 127.14 125.68 124.09 122.37 120.54 118.59 116.54 114.38 112.12 109.76 107.32 104.80 102.20 99.60 97.04 94.52 92.05 89.63 87.26 84.95 82.69 80.49 78.35 76.27 74.25 72.29 70.40 68.58 66.83 65.15 63.54 62.01 60.55 59.17 57.87 56.66 55.52 54.48 53.51 52.58 51.64 50.69 49.74 48.77 47.78 46.77 45.72 44.66 43.57 42.46 41.33 40.18 39.01 37.82 36.62 35.41 34.18 32.94 31.70 30.44 29.18 27.91 26.64 25.37 24.09 22.82 21.54 20.27 19.01
131.73 131.17 130.45 129.57 128.53 127.36 126.04 124.59 123.00 121.29 119.46 117.52 115.47 113.31 111.05 108.70 106.26 103.73 101.13 98.52 95.96 93.45 90.99 88.59 86.24 83.94 81.71 79.53 77.42 75.38 73.39 71.48 69.64 67.86 66.16 64.54 62.99 61.52 60.13 58.82 57.59 56.45 55.40 54.43 53.50 52.56 51.61 50.65 49.68 48.70 47.71 46.71 45.67 44.62 43.54 42.44 41.32 40.18 39.02 37.85 36.66 35.46 34.25 33.03 31.79 30.55 29.31 28.05 26.80 25.54 24.28 23.02 21.77 20.51 19.27
130.43 129.89 129.19 128.33 127.31 126.15 124.85 123.41 121.84 120.14 118.32 116.39 114.34 112.19 109.94 107.59 105.16 102.63 100.04 97.44 94.88 92.38 89.94 87.55 85.22 82.96 80.75 78.61 76.54 74.53 72.59 70.72 68.93 67.21 65.57 64.01 62.52 61.12 59.80 58.57 57.43 56.37 55.40 54.46 53.52 52.57 51.60 50.63 49.65 48.66 47.67 46.66 45.64 44.60 43.53 42.44 41.33 40.21 39.06 37.90 36.73 35.54 34.35 33.14 31.92 30.69 29.46 28.23 26.99 25.74 24.50 23.26 22.02 20.79 19.56
129.02 128.50 127.82 126.98 125.99 124.85 123.57 122.15 120.60 118.92 117.11 115.20 113.17 111.03 108.79 106.46 104.03 101.52 98.93 96.34 93.80 91.32 88.90 86.53 84.24 82.00 79.83 77.73 75.70 73.74 71.85 70.04 68.30 66.64 65.06 63.57 62.16 60.83 59.59 58.44 57.38 56.40 55.47 54.52 53.57 52.61 51.63 50.65 49.66 48.66 47.65 46.64 45.63 44.59 43.54 42.46 41.37 40.26 39.13 37.98 36.82 35.65 34.47 33.27 32.07 30.86 29.65 28.43 27.20 25.98 24.76 23.53 22.31 21.10 19.89
127.48 127.00 126.35 125.54 124.58 123.47 122.21 120.82 119.29 117.63 115.85 113.96 111.95 109.83 107.61 105.30 102.89 100.39 97.82 95.25 92.73 90.27 87.87 85.54 83.28 81.08 78.95 76.90 74.91 73.00 71.17 69.42 67.75 66.15 64.65 63.23 61.89 60.64 59.49 58.43 57.45 56.51 55.57 54.62 53.65 52.68 51.69 50.70 49.70 48.69 47.68 46.66 45.64 44.61 43.57 42.51 41.43 40.33 39.21 38.08 36.94 35.78 34.61 33.44 32.25 31.06 29.86 28.66 27.46 26.25 25.04 23.84 22.64 21.44 20.25
125.84 125.40 124.78 124.01 123.08 122.00 120.78 119.42 117.92 116.30 114.55 112.68 110.70 108.60 106.41 104.12 101.73 99.26 96.71 94.16 91.67 89.24 86.88 84.58 82.36 80.20 78.12 76.12 74.19 72.34 70.57 68.88 67.28 65.76 64.33 62.99 61.74 60.58 59.51 58.54 57.60 56.66 55.70 54.74 53.76 52.78 51.78 50.78 49.77 48.76 47.74 46.71 45.68 44.65 43.62 42.57 41.50 40.42 39.32 38.21 37.08 35.94 34.79 33.63 32.46 31.29 30.11 28.92 27.74 26.55 25.37 24.18 23.00 21.83 20.66
124.10 123.70 123.13 122.40 121.51 120.47 119.29 117.96 116.50 114.91 113.20 111.37 109.42 107.36 105.19 102.93 100.58 98.13 95.61 93.09 90.63 88.23 85.91 83.66 81.48 79.38 77.35 75.41 73.54 71.75 70.05 68.44 66.91 65.47 64.12 62.86 61.70 60.63 59.66 58.73 57.78 56.83 55.87 54.89 53.90 52.91 51.91 50.90 49.88 48.86 47.83 46.80 45.77 44.73 43.69 42.65 41.60 40.54 39.45 38.36 37.25 36.12 34.99 33.85 32.70 31.54 30.38 29.22 28.06 26.89 25.72 24.56 23.40 22.25 21.10
122.27 121.92 121.39 120.71 119.87 118.88 117.74 116.46 115.04 113.50 111.82 110.03 108.12 106.10 103.97 101.75 99.42 97.01 94.52 92.04 89.62 87.27 84.99 82.79 80.66 78.62 76.65 74.77 72.97 71.25 69.62 68.08 66.64 65.28 64.02 62.86 61.79 60.82 59.88 58.94 57.99 57.03 56.05 55.07 54.08 53.07 52.06 51.05 50.03 49.00 47.97 46.93 45.89 44.85 43.81 42.77 41.73 40.68 39.61 38.53 37.44 36.34 35.22 34.10 32.97 31.83 30.69 29.55 28.41 27.26 26.12 24.98 23.84 22.71 21.58
120.35 120.05 119.59 118.96 118.17 117.23 116.14 114.91 113.54 112.04 110.42 108.67 106.81 104.83 102.75 100.56 98.28 95.91 93.46 91.02 88.64 86.34 84.11 81.97 79.90 77.92 76.02 74.20 72.48 70.84 69.29 67.84 66.48 65.21 64.05 62.98 62.01 61.08 60.14 59.19 58.23 57.26 56.27 55.28 54.28 53.27 52.25 51.23 50.20 49.17 48.14 47.10 46.06 45.01 43.97 42.93 41.89 40.84 39.80 38.74 37.66 36.58 35.48 34.38 33.27 32.16 31.04 29.91 28.79 27.67 26.55 25.43 24.31 23.20 22.10
118.41 118.12 117.71 117.14 116.42 115.53 114.50 113.33 112.02 110.57 109.00 107.30 105.49 103.56 101.53 99.39 97.16 94.84 92.44 90.04 87.71 85.46 83.29 81.21 79.21 77.29 75.47 73.73 72.08 70.52 69.06 67.70 66.43 65.26 64.20 63.23 62.30 61.37 60.42 59.46 58.49 57.51 56.52 55.52 54.51 53.50 52.48 51.45 50.42 49.38 48.34 47.30 46.26 45.21 44.17 43.13 42.08 41.05 40.01 38.97 37.91 36.85 35.77 34.69 33.60 32.51 31.41 30.31 29.21 28.11 27.01 25.92 24.83 23.74 22.66
116.48 116.17 115.78 115.28 114.62 113.80 112.83 111.72 110.47 109.08 107.57 105.93 104.17 102.31 100.33 98.25 96.07 93.80 91.44 89.10 86.83 84.64 82.54 80.52 78.59 76.75 75.00 73.34 71.78 70.31 68.95 67.68 66.51 65.45 64.48 63.56 62.63 61.68 60.73 59.76 58.78 57.79 56.80 55.79 54.78 53.76 52.73 51.70 50.66 49.63 48.58 47.54 46.50 45.45 44.41 43.37 42.33 41.29 40.26 39.23 38.19 37.15 36.10 35.04 33.97 32.90 31.82 30.75 29.67 28.59 27.52 26.45 25.38 24.32 23.27
114.59 114.25 113.85 113.37 112.78 112.03 111.13 110.09 108.90 107.58 106.14 104.56 102.87 101.06 99.15 97.13 95.01 92.80 90.50 88.21 86.01 83.89 81.85 79.91 78.06 76.30 74.63 73.06 71.59 70.22 68.95 67.78 66.72 65.76 64.84 63.91 62.97 62.02 61.06 60.08 59.10 58.10 57.10 56.09 55.07 54.05 53.02 51.99 50.95 49.91 48.87 47.82 46.78 45.73 44.69 43.65 42.61 41.58 40.55 39.52 38.50 37.48 36.45 35.41 34.37 33.32 32.27 31.22 30.16 29.11 28.06 27.02 25.98 24.94 23.92
112.74 112.38 111.95 111.47 110.91 110.23 109.41 108.44 107.33 106.09 104.71 103.21 101.58 99.84 98.00 96.04 93.99 91.84 89.61 87.39 85.25 83.20 81.25 79.38 77.61 75.94 74.36 72.89 71.51 70.24 69.08 68.02 67.06 66.15 65.23 64.29 63.35 62.39 61.42 60.44 59.44 58.45 57.44 56.42 55.40 54.37 53.34 52.31 51.27 50.23 49.18 48.14 47.10 46.06 45.02 43.98 42.94 41.91 40.89 39.87 38.85 37.85 36.84 35.82 34.80 33.78 32.75 31.72 30.70 29.67 28.65 27.63 26.61 25.60 24.61
110.94 110.56 110.12 109.62 109.06 108.43 107.68 106.79 105.76 104.59 103.29 101.87 100.32 98.66 96.88 95.00 93.02 90.94 88.78 86.63 84.57 82.60 80.72 78.94 77.26 75.68 74.20 72.83 71.56 70.39 69.34 68.39 67.48 66.57 65.64 64.70 63.74 62.78 61.80 60.81 59.82 58.81 57.80 56.79 55.76 54.73 53.70 52.66 51.62 50.58 49.54 48.50 47.46 46.42 45.38 44.35 43.32 42.29 41.27 40.26 39.25 38.25 37.26 36.27 35.27 34.27 33.27 32.27 31.27 30.27 29.27 28.28 27.29 26.31 25.34
109.20 108.80 108.35 107.84 107.27 106.64 105.95 105.14 104.20 103.12 101.90 100.56 99.09 97.51 95.81 94.01 92.11 90.11 88.02 85.95 83.97 82.08 80.29 78.61 77.02 75.54 74.16 72.89 71.73 70.68 69.73 68.84 67.93 67.01 66.07 65.12 64.16 63.19 62.21 61.22 60.22 59.21 58.20 57.18 56.15 55.12 54.09 53.06 52.02 50.98 49.94 48.90 47.86 46.82 45.79 44.76 43.73 42.71 41.70 40.69 39.69 38.70 37.72 36.75 35.78 34.81 33.83 32.85 31.88 30.90 29.93 28.97 28.01 27.06 26.12
107.52 107.11 106.65 106.13 105.57 104.94 104.26 103.51 102.65 101.66 100.53 99.28 97.90 96.40 94.79 93.08 91.26 89.34 87.34 85.35 83.45 81.66 79.96 78.38 76.89 75.51 74.25 73.09 72.04 71.10 70.21 69.31 68.40 67.47 66.53 65.57 64.61 63.63 62.65 61.65 60.65 59.64 58.63 57.61 56.58 55.55 54.52 53.48 52.45 51.41 50.37 49.34 48.30 47.27 46.24 45.22 44.20 43.18 42.18 41.18 40.19 39.21 38.23 37.27 36.32 35.37 34.43 33.48 32.53 31.58 30.64 29.71 28.78 27.85 26.94
105.90 105.49 105.02 104.51 103.95 103.33 102.65 101.92 101.13 100.23 99.20 98.04 96.75 95.35 93.83 92.21 90.48 88.65 86.73 84.83 83.03 81.34 79.74 78.26 76.88 75.61 74.46 73.42 72.49 71.61 70.71 69.81 68.88 67.95 67.00 66.05 65.08 64.10 63.11 62.11 61.11 60.10 59.08 58.06 57.04 56.01 54.98 53.95 52.91 51.88 50.84 49.81 48.78 47.76 46.73 45.72 44.71 43.70 42.70 41.71 40.73 39.76 38.80 37.85 36.91 35.98 35.06 34.14 33.22 32.30 31.39 30.48 29.58 28.69 27.81
104.36 103.94 103.48 102.98 102.42 101.81 101.15 100.44 99.67 98.84 97.91 96.85 95.67 94.36 92.94 91.41 89.78 88.04 86.22 84.42 82.72 81.12 79.64 78.26 77.00 75.85 74.82 73.89 73.02 72.13 71.23 70.32 69.39 68.46 67.51 66.54 65.57 64.59 63.60 62.60 61.60 60.59 59.57 58.55 57.53 56.50 55.48 54.45 53.42 52.39 51.36 50.33 49.31 48.29 47.27 46.26 45.26 44.26 43.27 42.29 41.32 40.36 39.41 38.47 37.55 36.63 35.74 34.84 33.95 33.07 32.18 31.31 30.44 29.58 28.73
102.89 102.48 102.03 101.53 100.99 100.40 99.76 99.07 98.32 97.53 96.67 95.72 94.64 93.44 92.12 90.70 89.16 87.53 85.81 84.11 82.51 81.03 79.65 78.39 77.25 76.22 75.31 74.44 73.57 72.68 71.77 70.86 69.93 68.98 68.03 67.07 66.09 65.11 64.12 63.12 62.12 61.11 60.09 59.08 58.06 57.03 56.01 54.98 53.96 52.93 51.91 50.89 49.87 48.86 47.85 46.85 45.86 44.87 43.89 42.92 41.96 41.01 40.08 39.15 38.24 37.34 36.46 35.59 34.73 33.87 33.02 32.18 31.34 30.51 29.69
101.51 101.11 100.67 100.19 99.66 99.09 98.48 97.81 97.10 96.34 95.52 94.65 93.68 92.59 91.38 90.07 88.64 87.12 85.50 83.91 82.42 81.05 79.80 78.66 77.64 76.74 75.88 75.02 74.14 73.24 72.34 71.41 70.48 69.54 68.58 67.61 66.64 65.66 64.67 63.67 62.67 61.66 60.65 59.63 58.61 57.60 56.57 55.55 54.53 53.52 52.50 51.49 50.48 49.48 48.48 47.49 46.50 45.53 44.56 43.60 42.65 41.72 40.79 39.88 38.98 38.10 37.23 36.38 35.55 34.72 33.90 33.09 32.29 31.49 30.71
100.21 99.83 99.41 98.95 98.45 97.90 97.32 96.68 96.01 95.28 94.51 93.68 92.80 91.82 90.73 89.53 88.22 86.81 85.31 83.83 82.46 81.21 80.08 79.07 78.18 77.33 76.48 75.61 74.73 73.83 72.92 71.99 71.06 70.11 69.15 68.19 67.21 66.23 65.24 64.25 63.25 62.24 61.23 60.22 59.21 58.19 57.18 56.16 55.15 54.14 53.13 52.13 51.13 50.13 49.15 48.17 47.19 46.23 45.27 44.33 43.39 42.47 41.56 40.67 39.78 38.92 38.07 37.23 36.42 35.62 34.83 34.05 33.28 32.52 31.77
99.02 98.65 98.25 97.82 97.35 96.83 96.28 95.68 95.05 94.36 93.63 92.86 92.03 91.15 90.18 89.10 87.91 86.62 85.24 83.88 82.63 81.51 80.51 79.62 78.79 77.95 77.09 76.22 75.33 74.43 73.52 72.59 71.65 70.71 69.75 68.78 67.81 66.83 65.84 64.85 63.85 62.85 61.85 60.84 59.84 58.83 57.82 56.81 55.81 54.80 53.81 52.81 51.82 50.84 49.86 48.89 47.93 46.98 46.04 45.10 44.19 43.28 42.38 41.50 40.64 39.79 38.96 38.14 37.34 36.57 35.81 35.06 34.32 33.60 32.88
