data_output/RCH/Precip_1994_08.asc
ncols        168
nrows        136
xllcorner    455000
yllcorner    2107000
cellsize     500
NODATA_value     -99999
[rows 64 to 95 of 136, columns 71 to 141 of 168]
139.62 136.55 133.64 130.90 128.32 125.92 123.68 121.61 119.72 117.99 116.44 115.06 113.85 112.81 111.95 111.27 110.76 110.42 110.26 110.28 110.48 110.86 111.40 112.08 112.88 113.81 114.85 116.00 117.27 118.64 120.11 121.68 123.35 125.10 126.95 128.88 130.89 132.98 135.14 137.38 139.68 142.04 144.46 146.93 149.42 151.91 154.39 156.85 159.30 161.73 164.14 166.52 168.87 171.18 173.45 175.68 177.86 179.99 182.06 184.07 186.02 187.90 189.71 191.45 193.10 194.67 196.17 197.63 199.12 200.63 202.17
140.22 137.13 134.15 131.33 128.67 126.19 123.88 121.75 119.78 117.99 116.37 114.93 113.66 112.57 111.66 110.92 110.36 109.98 109.77 109.75 109.90 110.24 110.75 111.40 112.17 113.07 114.09 115.23 116.48 117.85 119.31 120.89 122.56 124.33 126.19 128.14 130.17 132.28 134.48 136.74 139.08 141.49 143.95 146.44 148.94 151.43 153.92 156.40 158.87 161.33 163.76 166.17 168.55 170.90 173.21 175.49 177.72 179.90 182.03 184.11 186.12 188.07 189.96 191.77 193.51 195.16 196.74 198.23 199.70 201.19 202.71
140.74 137.67 134.66 131.77 129.04 126.48 124.10 121.89 119.86 118.00 116.32 114.81 113.48 112.34 111.36 110.57 109.96 109.53 109.28 109.21 109.32 109.62 110.09 110.70 111.44 112.32 113.32 114.44 115.68 117.03 118.50 120.07 121.74 123.52 125.39 127.36 129.41 131.55 133.77 136.07 138.45 140.89 143.37 145.86 148.35 150.85 153.35 155.85 158.33 160.81 163.27 165.71 168.12 170.51 172.86 175.18 177.46 179.69 181.88 184.02 186.09 188.11 190.07 191.96 193.77 195.51 197.18 198.75 200.25 201.72 203.22
141.18 138.13 135.14 132.23 129.42 126.79 124.33 122.05 119.95 118.02 116.27 114.70 113.31 112.10 111.07 110.22 109.56 109.08 108.78 108.66 108.73 108.98 109.41 109.99 110.70 111.55 112.53 113.63 114.85 116.20 117.65 119.22 120.90 122.68 124.57 126.55 128.62 130.78 133.03 135.37 137.77 140.22 142.69 145.17 147.67 150.17 152.68 155.19 157.69 160.18 162.67 165.13 167.58 170.00 172.39 174.75 177.08 179.36 181.60 183.80 185.94 188.02 190.05 192.01 193.91 195.73 197.47 199.14 200.73 202.23 203.71
141.53 138.50 135.54 132.64 129.82 127.11 124.58 122.22 120.04 118.05 116.23 114.60 113.14 111.87 110.78 109.88 109.16 108.62 108.27 108.11 108.13 108.34 108.73 109.27 109.95 110.77 111.72 112.80 114.01 115.34 116.79 118.36 120.03 121.82 123.71 125.71 127.80 129.98 132.26 134.61 137.02 139.46 141.92 144.40 146.89 149.39 151.91 154.42 156.94 159.45 161.95 164.45 166.92 169.37 171.80 174.21 176.58 178.91 181.20 183.45 185.65 187.80 189.90 191.93 193.90 195.80 197.63 199.39 201.06 202.66 204.17
141.80 138.79 135.85 132.97 130.17 127.45 124.84 122.41 120.16 118.09 116.20 114.50 112.98 111.64 110.50 109.53 108.76 108.17 107.76 107.55 107.52 107.69 108.03 108.53 109.18 109.97 110.89 111.95 113.14 114.46 115.90 117.46 119.14 120.93 122.83 124.84 126.94 129.15 131.44 133.79 136.18 138.60 141.05 143.52 146.01 148.52 151.03 153.56 156.08 158.61 161.13 163.65 166.15 168.64 171.10 173.54 175.95 178.34 180.68 182.98 185.24 187.46 189.62 191.72 193.76 195.74 197.66 199.50 201.26 202.95 204.55
141.97 138.99 136.07 133.22 130.44 127.73 125.11 122.61 120.28 118.14 116.18 114.41 112.82 111.42 110.21 109.19 108.35 107.71 107.25 106.99 106.91 107.03 107.33 107.79 108.40 109.16 110.05 111.09 112.26 113.56 114.99 116.55 118.22 120.01 121.92 123.93 126.06 128.27 130.56 132.89 135.25 137.66 140.09 142.55 145.04 147.54 150.06 152.59 155.12 157.67 160.21 162.74 165.27 167.78 170.28 172.76 175.21 177.64 180.03 182.39 184.71 186.98 189.20 191.37 193.49 195.55 197.54 199.46 201.32 203.09 204.79
142.04 139.09 136.21 133.38 130.63 127.94 125.34 122.82 120.42 118.20 116.17 114.33 112.68 111.21 109.94 108.85 107.96 107.25 106.74 106.42 106.30 106.36 106.62 107.04 107.61 108.33 109.20 110.21 111.36 112.65 114.06 115.61 117.28 119.07 120.98 123.01 125.13 127.34 129.59 131.89 134.24 136.62 139.04 141.49 143.96 146.46 148.98 151.52 154.06 156.61 159.17 161.73 164.28 166.82 169.35 171.86 174.35 176.82 179.26 181.67 184.04 186.37 188.66 190.90 193.08 195.22 197.29 199.29 201.23 203.10 204.89
142.02 139.10 136.25 133.45 130.72 128.06 125.48 122.98 120.57 118.28 116.18 114.26 112.54 111.00 109.66 108.51 107.56 106.80 106.23 105.85 105.68 105.69 105.90 106.28 106.81 107.50 108.33 109.32 110.44 111.71 113.12 114.65 116.32 118.11 120.02 122.04 124.15 126.32 128.54 130.81 133.13 135.49 137.89 140.33 142.80 145.29 147.81 150.34 152.89 155.46 158.03 160.60 163.17 165.74 168.30 170.85 173.38 175.88 178.37 180.83 183.25 185.64 187.99 190.29 192.55 194.75 196.90 198.98 201.00 202.96 204.84
141.90 139.02 136.19 133.42 130.72 128.09 125.54 123.06 120.67 118.37 116.19 114.20 112.41 110.81 109.40 108.18 107.16 106.34 105.72 105.29 105.05 105.02 105.18 105.51 106.00 106.65 107.45 108.41 109.51 110.76 112.15 113.67 115.33 117.12 119.02 121.02 123.09 125.21 127.40 129.64 131.93 134.27 136.66 139.08 141.53 144.02 146.53 149.07 151.62 154.19 156.78 159.37 161.96 164.55 167.14 169.71 172.28 174.83 177.36 179.86 182.34 184.78 187.19 189.55 191.87 194.15 196.37 198.53 200.64 202.68 204.65
141.68 138.83 136.03 133.30 130.63 128.03 125.50 123.05 120.69 118.40 116.21 114.16 112.29 110.62 109.14 107.86 106.77 105.89 105.20 104.72 104.43 104.34 104.45 104.73 105.18 105.79 106.56 107.49 108.56 109.79 111.16 112.67 114.32 116.10 117.97 119.92 121.94 124.03 126.18 128.39 130.65 132.97 135.33 137.73 140.17 142.65 145.16 147.69 150.25 152.83 155.42 158.02 160.63 163.25 165.86 168.47 171.07 173.65 176.22 178.77 181.30 183.79 186.26 188.68 191.07 193.41 195.70 197.95 200.13 202.26 204.32
141.35 138.54 135.78 133.08 130.44 127.87 125.38 122.95 120.61 118.36 116.19 114.12 112.18 110.44 108.89 107.54 106.39 105.44 104.69 104.15 103.80 103.66 103.71 103.95 104.35 104.92 105.66 106.55 107.60 108.81 110.16 111.65 113.29 115.02 116.85 118.75 120.72 122.77 124.88 127.05 129.28 131.57 133.91 136.29 138.72 141.19 143.69 146.22 148.78 151.36 153.96 156.57 159.20 161.83 164.47 167.10 169.74 172.36 174.97 177.56 180.13 182.68 185.20 187.68 190.13 192.54 194.91 197.22 199.49 201.69 203.84
140.91 138.14 135.42 132.75 130.15 127.62 125.15 122.76 120.45 118.22 116.08 114.03 112.08 110.27 108.65 107.23 106.01 105.00 104.18 103.58 103.17 102.97 102.98 103.16 103.52 104.05 104.75 105.61 106.63 107.81 109.14 110.61 112.20 113.88 115.64 117.49 119.42 121.42 123.49 125.63 127.83 130.09 132.40 134.76 137.17 139.62 142.12 144.64 147.20 149.78 152.39 155.02 157.66 160.31 162.97 165.63 168.29 170.94 173.59 176.23 178.84 181.44 184.01 186.56 189.07 191.54 193.97 196.36 198.70 200.99 203.22
140.36 137.63 134.95 132.32 129.76 127.26 124.83 122.47 120.19 117.99 115.87 113.85 111.92 110.10 108.41 106.92 105.64 104.56 103.68 103.01 102.55 102.29 102.23 102.37 102.68 103.16 103.82 104.65 105.64 106.79 108.09 109.52 111.04 112.66 114.37 116.16 118.04 119.99 122.02 124.12 126.28 128.51 130.80 133.14 135.53 137.97 140.45 142.97 145.52 148.11 150.72 153.35 156.01 158.67 161.35 164.04 166.73 169.41 172.10 174.77 177.43 180.08 182.70 185.30 187.87 190.41 192.91 195.37 197.78 200.15 202.46
139.70 137.01 134.37 131.79 129.26 126.80 124.40 122.08 119.83 117.66 115.58 113.58 111.68 109.88 108.18 106.63 105.27 104.12 103.18 102.44 101.92 101.60 101.49 101.57 101.83 102.27 102.89 103.68 104.64 105.76 107.00 108.36 109.81 111.37 113.02 114.75 116.58 118.48 120.47 122.53 124.66 126.85 129.11 131.43 133.80 136.22 138.69 141.20 143.75 146.33 148.94 151.58 154.25 156.93 159.63 162.33 165.05 167.77 170.48 173.20 175.90 178.59 181.26 183.91 186.54 189.14 191.70 194.23 196.72 199.17 201.56
138.92 136.28 133.68 131.14 128.65 126.23 123.87 121.59 119.37 117.24 115.19 113.22 111.35 109.57 107.90 106.33 104.91 103.69 102.68 101.88 101.29 100.91 100.74 100.77 100.98 101.38 101.95 102.70 103.62 104.68 105.85 107.13 108.52 110.00 111.59 113.27 115.04 116.90 118.84 120.85 122.95 125.11 127.33 129.62 131.97 134.37 136.83 139.33 141.87 144.45 147.06 149.71 152.38 155.08 157.79 160.52 163.26 166.00 168.75 171.50 174.24 176.98 179.70 182.40 185.08 187.74 190.37 192.97 195.53 198.04 200.52
138.02 135.42 132.88 130.38 127.94 125.55 123.24 120.99 118.81 116.71 114.70 112.76 110.92 109.18 107.53 105.98 104.55 103.27 102.19 101.32 100.67 100.23 100.00 99.96 100.12 100.47 101.00 101.71 102.56 103.54 104.63 105.83 107.15 108.57 110.09 111.71 113.43 115.23 117.12 119.10 121.15 123.27 125.47 127.73 130.05 132.44 134.87 137.36 139.89 142.47 145.08 147.73 150.41 153.12 155.84 158.59 161.35 164.12 166.90 169.69 172.47 175.24 178.01 180.76 183.50 186.21 188.90 191.57 194.19 196.79 199.34
137.00 134.45 131.95 129.50 127.10 124.77 122.49 120.28 118.14 116.08 114.10 112.20 110.40 108.68 107.06 105.55 104.14 102.84 101.70 100.77 100.05 99.54 99.25 99.16 99.27 99.56 100.04 100.68 101.44 102.33 103.34 104.47 105.71 107.06 108.52 110.08 111.74 113.49 115.33 117.26 119.27 121.36 123.52 125.75 128.05 130.41 132.82 135.30 137.82 140.39 143.00 145.65 148.33 151.05 153.79 156.55 159.33 162.13 164.94 167.75 170.57 173.38 176.19 179.00 181.78 184.55 187.30 190.03 192.73 195.39 198.02
135.85 133.36 130.91 128.51 126.16 123.86 121.63 119.46 117.37 115.35 113.40 111.54 109.77 108.09 106.50 105.02 103.64 102.37 101.22 100.22 99.43 98.86 98.50 98.35 98.40 98.64 99.05 99.59 100.26 101.06 101.99 103.04 104.21 105.49 106.88 108.37 109.97 111.67 113.46 115.34 117.30 119.35 121.48 123.68 125.95 128.28 130.68 133.13 135.64 138.21 140.81 143.46 146.15 148.87 151.62 154.40 157.20 160.02 162.85 165.70 168.55 171.40 174.26 177.10 179.94 182.77 185.57 188.36 191.12 193.86 196.55
134.58 132.14 129.74 127.39 125.09 122.84 120.66 118.53 116.48 114.50 112.60 110.78 109.04 107.40 105.84 104.39 103.04 101.80 100.67 99.67 98.82 98.18 97.76 97.55 97.53 97.69 97.99 98.44 99.02 99.73 100.57 101.54 102.63 103.84 105.16 106.60 108.13 109.77 111.51 113.34 115.26 117.26 119.35 121.52 123.76 126.07 128.44 130.88 133.37 135.92 138.52 141.17 143.86 146.59 149.35 152.14 154.96 157.80 160.65 163.53 166.41 169.30 172.19 175.09 177.97 180.85 183.71 186.56 189.38 192.19 194.96
133.18 130.79 128.45 126.15 123.90 121.70 119.56 117.49 115.48 113.54 111.68 109.90 108.20 106.60 105.08 103.67 102.35 101.14 100.04 99.06 98.20 97.50 97.01 96.73 96.63 96.68 96.88 97.23 97.71 98.34 99.09 99.98 100.99 102.13 103.38 104.74 106.22 107.80 109.48 111.26 113.13 115.09 117.14 119.27 121.48 123.76 126.11 128.53 131.01 133.54 136.14 138.78 141.47 144.20 146.96 149.77 152.60 155.46 158.34 161.24 164.15 167.08 170.01 172.94 175.88 178.80 181.72 184.63 187.51 190.38 193.22
131.64 129.32 127.03 124.78 122.58 120.44 118.35 116.32 114.36 112.47 110.65 108.92 107.26 105.69 104.22 102.84 101.56 100.38 99.32 98.36 97.53 96.82 96.27 95.89 95.68 95.62 95.72 95.96 96.35 96.88 97.55 98.36 99.29 100.34 101.52 102.82 104.23 105.75 107.37 109.10 110.92 112.84 114.84 116.93 119.11 121.36 123.69 126.08 128.54 131.07 133.65 136.28 138.97 141.70 144.47 147.29 150.13 153.01 155.91 158.83 161.78 164.74 167.70 170.68 173.65 176.63 179.60 182.56 185.51 188.44 191.35
130.11 127.83 125.60 123.40 121.26 119.16 117.12 115.14 113.22 111.38 109.60 107.90 106.29 104.76 103.32 101.97 100.72 99.58 98.54 97.62 96.81 96.12 95.54 95.06 94.73 94.56 94.55 94.70 94.99 95.43 96.01 96.72 97.57 98.55 99.65 100.88 102.22 103.67 105.24 106.91 108.68 110.55 112.51 114.57 116.70 118.92 121.22 123.59 126.03 128.54 131.11 133.74 136.42 139.15 141.93 144.74 147.60 150.49 153.41 156.36 159.33 162.32 165.32 168.33 171.35 174.37 177.39 180.41 183.41 186.41 189.38
128.84 126.61 124.42 122.26 120.16 118.10 116.09 114.15 112.27 110.45 108.71 107.04 105.45 103.95 102.53 101.21 99.98 98.86 97.84 96.94 96.14 95.46 94.88 94.35 93.92 93.64 93.52 93.56 93.75 94.09 94.58 95.20 95.96 96.86 97.89 99.04 100.31 101.70 103.20 104.81 106.53 108.35 110.27 112.28 114.38 116.56 118.83 121.17 123.59 126.08 128.63 131.25 133.92 136.65 139.43 142.25 145.11 148.02 150.96 153.92 156.92 159.93 162.97 166.01 169.07 172.14 175.20 178.27 181.33 184.38 187.42
127.88 125.68 123.52 121.39 119.31 117.28 115.30 113.38 111.52 109.72 108.00 106.34 104.77 103.28 101.88 100.57 99.35 98.24 97.23 96.32 95.52 94.84 94.25 93.73 93.26 92.87 92.64 92.57 92.66 92.90 93.29 93.82 94.50 95.31 96.25 97.33 98.53 99.85 101.29 102.84 104.50 106.26 108.13 110.09 112.15 114.30 116.53 118.85 121.24 123.70 126.24 128.84 131.50 134.23 137.00 139.82 142.69 145.61 148.56 151.54 154.56 157.60 160.66 163.74 166.83 169.94 173.05 176.16 179.28 182.38 185.48
127.22 125.04 122.90 120.79 118.72 116.70 114.73 112.82 110.97 109.18 107.46 105.81 104.24 102.75 101.35 100.03 98.82 97.70 96.68 95.76 94.94 94.25 93.68 93.16 92.68 92.26 91.92 91.74 91.72 91.86 92.15 92.59 93.17 93.90 94.76 95.75 96.88 98.13 99.50 100.98 102.58 104.29 106.11 108.02 110.04 112.14 114.34 116.62 118.98 121.42 123.94 126.52 129.17 131.88 134.65 137.47 140.35 143.27 146.23 149.22 152.26 155.32 158.41 161.52 164.65 167.79 170.94 174.10 177.26 180.42 183.57
126.85 124.68 122.54 120.43 118.37 116.35 114.38 112.47 110.61 108.81 107.09 105.43 103.85 102.35 100.93 99.61 98.37 97.23 96.19 95.24 94.41 93.71 93.14 92.63 92.16 91.74 91.37 91.08 90.95 90.98 91.17 91.51 92.00 92.63 93.41 94.32 95.37 96.54 97.84 99.26 100.80 102.45 104.21 106.07 108.04 110.10 112.25 114.50 116.83 119.24 121.73 124.30 126.93 129.63 132.39 135.21 138.08 141.00 143.97 146.98 150.03 153.11 156.22 159.35 162.51 165.69 168.88 172.08 175.29 178.50 181.71
126.77 124.59 122.44 120.32 118.25 116.22 114.23 112.30 110.43 108.62 106.87 105.19 103.59 102.07 100.62 99.27 98.01 96.83 95.75 94.77 93.93 93.23 92.66 92.16 91.69 91.28 90.91 90.58 90.35 90.27 90.36 90.59 90.99 91.53 92.21 93.04 94.00 95.10 96.32 97.67 99.14 100.73 102.43 104.24 106.16 108.17 110.29 112.49 114.79 117.17 119.64 122.18 124.79 127.47 130.22 133.03 135.90 138.82 141.79 144.81 147.87 150.97 154.10 157.26 160.44 163.65 166.88 170.12 173.37 176.63 179.88
126.96 124.76 122.59 120.45 118.35 116.30 114.29 112.33 110.42 108.58 106.80 105.09 103.45 101.89 100.41 99.02 97.70 96.48 95.36 94.36 93.50 92.79 92.23 91.73 91.28 90.87 90.51 90.19 89.91 89.74 89.71 89.85 90.14 90.58 91.17 91.91 92.79 93.81 94.95 96.23 97.63 99.15 100.79 102.55 104.41 106.38 108.44 110.61 112.87 115.22 117.65 120.16 122.75 125.42 128.15 130.95 133.82 136.74 139.71 142.73 145.80 148.91 152.05 155.24 158.45 161.68 164.94 168.22 171.51 174.81 178.12
127.41 125.18 122.97 120.80 118.67 116.57 114.53 112.53 110.58 108.70 106.87 105.11 103.43 101.82 100.29 98.83 97.46 96.19 95.03 94.01 93.13 92.42 91.86 91.37 90.92 90.52 90.17 89.85 89.59 89.37 89.24 89.27 89.46 89.80 90.30 90.95 91.74 92.67 93.74 94.94 96.27 97.72 99.30 100.99 102.80 104.71 106.73 108.85 111.07 113.38 115.78 118.27 120.83 123.48 126.19 128.98 131.83 134.75 137.72 140.74 143.81 146.93 150.10 153.29 156.53 159.79 163.08 166.39 169.71 173.06 176.41
128.12 125.84 123.59 121.37 119.19 117.05 114.95 112.89 110.89 108.95 107.07 105.25 103.51 101.83 100.23 98.71 97.28 95.96 94.77 93.72 92.83 92.11 91.56 91.07 90.63 90.24 89.89 89.59 89.33 89.11 88.95 88.88 88.96 89.20 89.60 90.15 90.85 91.70 92.68 93.81 95.06 96.45 97.95 99.58 101.33 103.19 105.16 107.23 109.40 111.67 114.04 116.49 119.03 121.65 124.35 127.12 129.96 132.86 135.83 138.85 141.93 145.05 148.23 151.44 154.69 157.98 161.29 164.63 167.99 171.37 174.77
129.07 126.74 124.43 122.15 119.91 117.70 115.54 113.42 111.35 109.34 107.39 105.50 103.68 101.93 100.24 98.65 97.16 95.80 94.57 93.49 92.59 91.87 91.32 90.84 90.41 90.02 89.68 89.39 89.14 88.93 88.77 88.66 88.65 88.78 89.08 89.54 90.14 90.90 91.80 92.84 94.02 95.33 96.76 98.33 100.01 101.81 103.72 105.75 107.87 110.10 112.43 114.85 117.35 119.95 122.62 125.37 128.19 131.09 134.05 137.06 140.14 143.27 146.45 149.68 152.95 156.25 159.59 162.96 166.35 169.76 173.20
