data_output/RCH/Precip_2000_10.asc
ncols        168
nrows        136
xllcorner    455000
yllcorner    2107000
cellsize     500
NODATA_value     -99999
[rows 102 to 135 of 136, columns 77 to 153 of 168]
94.91 95.58 96.15 96.62 97.00 97.28 97.46 97.56 97.56 97.47 97.29 97.02 96.67 96.22 95.70 95.09 94.41 93.68 92.92 92.12 91.29 90.41 89.51 88.57 87.59 86.59 85.55 84.49 83.40 82.28 81.13 79.95 78.76 77.54 76.30 75.05 73.78 72.51 71.23 69.94 68.64 67.34 66.03 64.73 63.42 62.11 60.80 59.49 58.18 56.88 55.59 54.30 53.02 51.75 50.50 49.25 48.01 46.79 45.59 44.40 43.22 42.07 40.94 39.84 38.89 38.19 37.75 37.57 37.63 37.93 38.46 39.23 40.22 41.42 42.83 44.45 46.27
94.38 95.03 95.57 96.01 96.36 96.60 96.76 96.82 96.78 96.65 96.44 96.13 95.73 95.25 94.68 94.02 93.29 92.52 91.71 90.86 89.98 89.06 88.10 87.11 86.09 85.03 83.94 82.83 81.68 80.51 79.31 78.08 76.83 75.55 74.25 72.94 71.61 70.27 68.93 67.58 66.22 64.85 63.49 62.12 60.75 59.38 58.01 56.64 55.28 53.92 52.56 51.22 49.88 48.55 47.24 45.93 44.64 43.36 42.10 40.86 39.63 38.42 37.25 36.22 35.45 34.93 34.68 34.66 34.89 35.36 36.06 36.97 38.11 39.46 41.01 42.77 44.71
93.81 94.43 94.94 95.35 95.67 95.88 96.00 96.02 95.95 95.79 95.53 95.18 94.74 94.21 93.59 92.89 92.11 91.30 90.44 89.54 88.60 87.63 86.62 85.58 84.51 83.40 82.26 81.09 79.89 78.66 77.41 76.12 74.82 73.49 72.13 70.76 69.36 67.96 66.55 65.13 63.71 62.28 60.85 59.41 57.98 56.54 55.11 53.68 52.26 50.84 49.42 48.01 46.62 45.23 43.85 42.49 41.13 39.80 38.48 37.17 35.89 34.64 33.53 32.68 32.09 31.76 31.67 31.83 32.22 32.85 33.70 34.76 36.04 37.53 39.22 41.10 43.16
93.19 93.78 94.26 94.65 94.93 95.11 95.19 95.18 95.07 94.87 94.57 94.18 93.69 93.12 92.45 91.70 90.88 90.01 89.10 88.15 87.16 86.14 85.08 83.99 82.86 81.70 80.50 79.28 78.02 76.74 75.43 74.09 72.73 71.34 69.93 68.50 67.04 65.57 64.09 62.60 61.11 59.61 58.12 56.62 55.11 53.61 52.12 50.62 49.13 47.64 46.16 44.69 43.23 41.78 40.34 38.91 37.50 36.10 34.72 33.35 32.02 30.84 29.91 29.24 28.83 28.66 28.75 29.06 29.61 30.39 31.39 32.60 34.01 35.63 37.44 39.44 41.63
92.53 93.09 93.54 93.89 94.14 94.29 94.34 94.28 94.14 93.89 93.55 93.11 92.58 91.96 91.25 90.45 89.57 88.65 87.69 86.69 85.66 84.58 83.47 82.32 81.14 79.92 78.67 77.39 76.08 74.75 73.38 71.98 70.56 69.12 67.65 66.15 64.64 63.10 61.55 59.99 58.43 56.87 55.30 53.73 52.16 50.59 49.02 47.46 45.90 44.34 42.80 41.26 39.73 38.21 36.71 35.21 33.74 32.27 30.83 29.41 28.14 27.13 26.38 25.89 25.65 25.65 25.89 26.37 27.07 27.99 29.13 30.47 32.02 33.76 35.69 37.81 40.10
91.83 92.35 92.77 93.09 93.31 93.42 93.43 93.34 93.15 92.86 92.48 92.00 91.42 90.75 89.99 89.14 88.21 87.24 86.23 85.18 84.08 82.95 81.79 80.58 79.35 78.08 76.77 75.44 74.07 72.67 71.25 69.80 68.32 66.81 65.28 63.73 62.15 60.56 58.94 57.31 55.67 54.03 52.39 50.75 49.11 47.47 45.83 44.19 42.56 40.94 39.32 37.71 36.12 34.53 32.96 31.39 29.85 28.32 26.82 25.47 24.37 23.54 22.96 22.64 22.56 22.73 23.12 23.75 24.59 25.65 26.92 28.39 30.06 31.92 33.97 36.19 38.58
91.07 91.57 91.96 92.24 92.42 92.49 92.47 92.34 92.11 91.78 91.35 90.82 90.20 89.48 88.67 87.77 86.79 85.76 84.70 83.59 82.45 81.26 80.04 78.78 77.49 76.16 74.80 73.41 71.98 70.53 69.04 67.53 65.99 64.43 62.84 61.22 59.59 57.93 56.25 54.55 52.84 51.12 49.41 47.69 45.97 44.25 42.54 40.83 39.13 37.43 35.74 34.06 32.39 30.73 29.09 27.45 25.84 24.25 22.81 21.63 20.71 20.05 19.65 19.49 19.57 19.88 20.43 21.19 22.18 23.37 24.76 26.36 28.14 30.12 32.27 34.59 37.08
90.28 90.74 91.10 91.35 91.49 91.52 91.46 91.29 91.01 90.64 90.16 89.59 88.92 88.16 87.29 86.34 85.30 84.23 83.10 81.94 80.74 79.50 78.22 76.91 75.56 74.17 72.75 71.30 69.82 68.30 66.76 65.19 63.59 61.96 60.31 58.64 56.94 55.22 53.47 51.71 49.93 48.14 46.34 44.54 42.75 40.95 39.16 37.38 35.60 33.83 32.06 30.31 28.56 26.83 25.11 23.40 21.72 20.20 18.92 17.92 17.17 16.68 16.44 16.43 16.67 17.13 17.81 18.71 19.83 21.15 22.66 24.37 26.27 28.35 30.60 33.02 35.60
89.44 89.87 90.19 90.40 90.51 90.50 90.40 90.18 89.87 89.45 88.93 88.31 87.59 86.77 85.86 84.85 83.76 82.63 81.45 80.23 78.97 77.68 76.34 74.97 73.56 72.11 70.64 69.13 67.58 66.01 64.40 62.77 61.11 59.42 57.71 55.97 54.21 52.42 50.61 48.79 46.94 45.07 43.20 41.32 39.44 37.57 35.70 33.83 31.98 30.12 28.28 26.45 24.62 22.81 21.02 19.25 17.63 16.26 15.17 14.33 13.75 13.42 13.33 13.48 13.86 14.46 15.28 16.31 17.55 18.98 20.62 22.43 24.43 26.61 28.95 31.46 34.13
88.56 88.95 89.24 89.41 89.48 89.44 89.29 89.03 88.67 88.20 87.64 86.97 86.20 85.33 84.36 83.30 82.15 80.96 79.73 78.45 77.14 75.78 74.39 72.96 71.49 69.99 68.45 66.88 65.27 63.64 61.97 60.28 58.55 56.80 55.02 53.22 51.39 49.54 47.67 45.78 43.86 41.93 39.98 38.02 36.06 34.10 32.15 30.20 28.26 26.33 24.40 22.49 20.59 18.69 16.83 15.12 13.66 12.47 11.55 10.88 10.45 10.28 10.34 10.63 11.14 11.88 12.83 13.98 15.34 16.89 18.62 20.55 22.64 24.91 27.34 29.93 32.67
87.63 87.99 88.24 88.38 88.40 88.32 88.13 87.83 87.42 86.91 86.29 85.57 84.75 83.83 82.81 81.69 80.49 79.24 77.95 76.62 75.24 73.83 72.37 70.88 69.35 67.79 66.19 64.56 62.89 61.19 59.46 57.70 55.92 54.10 52.26 50.39 48.50 46.58 44.64 42.68 40.70 38.70 36.68 34.65 32.60 30.56 28.52 26.49 24.46 22.44 20.43 18.44 16.45 14.49 12.68 11.13 9.84 8.82 8.06 7.55 7.28 7.25 7.45 7.88 8.53 9.39 10.46 11.73 13.19 14.85 16.69 18.71 20.89 23.25 25.76 28.42 31.23
86.66 86.99 87.20 87.29 87.28 87.15 86.92 86.57 86.12 85.56 84.89 84.12 83.25 82.27 81.20 80.02 78.76 77.45 76.10 74.71 73.28 71.80 70.29 68.74 67.15 65.52 63.86 62.16 60.43 58.67 56.88 55.06 53.20 51.32 49.42 47.48 45.52 43.54 41.53 39.50 37.45 35.38 33.30 31.19 29.07 26.94 24.81 22.69 20.58 18.47 16.37 14.29 12.23 10.32 8.67 7.29 6.18 5.32 4.71 4.35 4.22 4.34 4.67 5.23 6.00 6.99 8.17 9.55 11.12 12.88 14.81 16.92 19.19 21.62 24.21 26.94 29.82
85.65 85.94 86.11 86.17 86.11 85.94 85.66 85.27 84.76 84.16 83.44 82.62 81.69 80.66 79.53 78.29 76.97 75.61 74.20 72.75 71.25 69.72 68.14 66.53 64.87 63.18 61.46 59.70 57.91 56.08 54.22 52.33 50.41 48.47 46.49 44.49 42.46 40.41 38.34 36.24 34.12 31.98 29.82 27.65 25.45 23.24 21.03 18.81 16.61 14.41 12.23 10.07 8.06 6.31 4.83 3.61 2.66 1.95 1.50 1.28 1.30 1.54 2.01 2.69 3.58 4.68 5.97 7.45 9.12 10.97 12.99 15.18 17.53 20.04 22.69 25.49 28.42
84.60 84.85 84.98 84.99 84.89 84.68 84.35 83.91 83.36 82.70 81.93 81.06 80.08 78.99 77.80 76.50 75.13 73.70 72.23 70.72 69.16 67.56 65.93 64.25 62.53 60.78 58.99 57.16 55.31 53.41 51.49 49.53 47.55 45.53 43.49 41.42 39.33 37.20 35.06 32.89 30.70 28.49 26.26 24.01 21.75 19.46 17.17 14.86 12.56 10.28 8.01 5.90 4.05 2.46 1.15 0.09 0.00 0.00 0.00 0.00 0.00 0.00 0.00 0.25 1.26 2.46 3.85 5.44 7.20 9.13 11.24 13.50 15.92 18.49 21.21 24.06 27.04
83.50 83.71 83.80 83.77 83.63 83.37 82.99 82.51 81.91 81.20 80.37 79.45 78.41 77.26 76.01 74.66 73.22 71.74 70.20 68.63 67.01 65.35 63.64 61.90 60.12 58.30 56.45 54.56 52.63 50.67 48.68 46.66 44.61 42.52 40.41 38.27 36.11 33.92 31.70 29.46 27.20 24.92 22.62 20.29 17.95 15.60 13.22 10.84 8.44 6.08 3.85 1.90 0.21 0.00 0.00 0.00 0.00 0.00 0.00 0.00 0.00 0.00 0.00 0.00 0.00 0.34 1.83 3.50 5.34 7.36 9.54 11.87 14.36 16.99 19.76 22.66 25.68
82.37 82.53 82.58 82.51 82.32 82.01 81.59 81.05 80.40 79.64 78.76 77.78 76.68 75.48 74.17 72.76 71.26 69.71 68.11 66.47 64.79 63.06 61.30 59.49 57.64 55.76 53.84 51.88 49.89 47.86 45.80 43.71 41.59 39.43 37.25 35.04 32.81 30.54 28.26 25.95 23.61 21.26 18.88 16.49 14.07 11.64 9.19 6.73 4.26 1.94 0.00 0.00 0.00 0.00 0.00 0.00 0.00 0.00 0.00 0.00 0.00 0.00 0.00 0.00 0.00 0.00 0.00 1.64 3.57 5.66 7.90 10.30 12.84 15.53 18.34 21.29 24.35
81.18 81.31 81.31 81.20 80.96 80.61 80.13 79.55 78.84 78.03 77.10 76.06 74.91 73.64 72.27 70.80 69.23 67.62 65.96 64.26 62.51 60.72 58.88 57.01 55.10 53.15 51.16 49.13 47.07 44.97 42.85 40.68 38.49 36.27 34.01 31.73 29.43 27.09 24.73 22.35 19.94 17.51 15.06 12.59 10.10 7.59 5.07 2.54 0.14 0.00 0.00 0.00 0.00 0.00 0.00 0.00 0.00 0.00 0.00 0.00 0.00 0.00 0.00 0.00 0.00 0.00 0.00 0.00 1.87 4.02 6.33 8.78 11.38 14.11 16.97 19.94 23.04
79.96 80.05 80.00 79.84 79.56 79.16 78.63 77.99 77.24 76.37 75.38 74.28 73.07 71.75 70.32 68.78 67.15 65.47 63.75 61.98 60.16 58.31 56.41 54.47 52.48 50.46 48.41 46.31 44.18 42.02 39.82 37.58 35.32 33.02 30.70 28.35 25.96 23.56 21.12 18.66 16.18 13.68 11.15 8.60 6.04 3.45 0.87 0.00 0.00 0.00 0.00 0.00 0.00 0.00 0.00 0.00 0.00 0.00 0.00 0.00 0.00 0.00 0.00 0.00 0.00 0.00 0.00 0.00 0.24 2.46 4.82 7.33 9.97 12.73 15.63 18.64 21.75
78.70 78.74 78.65 78.44 78.11 77.66 77.08 76.39 75.58 74.66 73.61 72.46 71.19 69.80 68.31 66.70 65.01 63.27 61.48 59.64 57.76 55.83 53.86 51.85 49.80 47.72 45.59 43.42 41.22 38.99 36.71 34.41 32.07 29.71 27.31 24.88 22.42 19.94 17.43 14.90 12.34 9.76 7.16 4.53 1.89 0.00 0.00 0.00 0.00 0.00 0.00 0.00 0.00 0.00 0.00 0.00 0.00 0.00 0.00 0.00 0.00 0.00 0.00 0.00 0.00 0.00 0.00 0.00 0.00 0.96 3.38 5.93 8.60 11.41 14.33 17.36 20.50
77.40 77.39 77.26 77.00 76.62 76.11 75.49 74.74 73.88 72.89 71.79 70.58 69.24 67.80 66.24 64.57 62.81 61.00 59.14 57.24 55.29 53.29 51.26 49.18 47.06 44.90 42.70 40.46 38.19 35.88 33.54 31.16 28.75 26.31 23.84 21.33 18.80 16.25 13.66 11.05 8.42 5.76 3.08 0.38 0.00 0.00 0.00 0.00 0.00 0.00 0.00 0.00 0.00 0.00 0.00 0.00 0.00 0.00 0.00 0.00 0.00 0.00 0.00 0.00 0.00 0.00 0.00 0.00 0.00 0.00 2.00 4.58 7.30 10.12 13.07 16.11 19.26
76.05 76.00 75.82 75.51 75.08 74.52 73.84 73.04 72.12 71.08 69.92 68.64 67.25 65.74 64.12 62.38 60.55 58.68 56.75 54.77 52.76 50.69 48.58 46.44 44.24 42.01 39.74 37.43 35.09 32.71 30.29 27.84 25.35 22.84 20.29 17.71 15.10 12.47 9.81 7.12 4.41 1.67 0.00 0.00 0.00 0.00 0.00 0.00 0.00 0.00 0.00 0.00 0.00 0.00 0.00 0.00 0.00 0.00 0.00 0.00 0.00 0.00 0.00 0.00 0.00 0.00 0.00 0.00 0.00 0.00 0.69 3.30 6.04 8.89 11.85 14.90 18.06
74.66 74.56 74.33 73.98 73.49 72.89 72.15 71.30 70.32 69.22 68.00 66.66 65.20 63.63 61.94 60.13 58.24 56.29 54.29 52.25 50.16 48.03 45.85 43.63 41.37 39.06 36.72 34.34 31.92 29.46 26.97 24.44 21.88 19.29 16.66 14.01 11.33 8.61 5.87 3.11 0.32 0.00 0.00 0.00 0.00 0.00 0.00 0.00 0.00 0.00 0.00 0.00 0.00 0.00 0.00 0.00 0.00 0.00 0.00 0.00 0.00 0.00 0.00 0.00 0.00 0.00 0.00 0.00 0.00 0.00 0.00 2.09 4.84 7.70 10.67 13.73 16.88
73.24 73.09 72.81 72.40 71.87 71.20 70.41 69.50 68.46 67.30 66.02 64.62 63.10 61.46 59.70 57.83 55.87 53.85 51.78 49.67 47.51 45.30 43.05 40.76 38.42 36.04 33.62 31.17 28.67 26.14 23.57 20.97 18.33 15.67 12.96 10.23 7.47 4.68 1.86 0.00 0.00 0.00 0.00 0.00 0.00 0.00 0.00 0.00 0.00 0.00 0.00 0.00 0.00 0.00 0.00 0.00 0.00 0.00 0.00 0.00 0.00 0.00 0.00 0.00 0.00 0.00 0.00 0.00 0.00 0.00 0.00 0.93 3.70 6.57 9.54 12.59 15.74
71.77 71.57 71.24 70.78 70.19 69.47 68.63 67.66 66.56 65.34 64.00 62.53 60.94 59.24 57.41 55.47 53.44 51.35 49.21 47.02 44.79 42.51 40.19 37.82 35.41 32.96 30.46 27.93 25.36 22.75 20.11 17.43 14.71 11.97 9.19 6.37 3.53 0.66 0.00 0.00 0.00 0.00 0.00 0.00 0.00 0.00 0.00 0.00 0.00 0.00 0.00 0.00 0.00 0.00 0.00 0.00 0.00 0.00 0.00 0.00 0.00 0.00 0.00 0.00 0.00 0.00 0.00 0.00 0.00 0.00 0.00 0.00 2.61 5.48 8.44 11.49 14.62
70.26 70.01 69.63 69.12 68.47 67.70 66.80 65.77 64.61 63.33 61.92 60.39 58.74 56.96 55.07 53.06 50.95 48.79 46.58 44.32 42.01 39.66 37.26 34.82 32.33 29.80 27.23 24.63 21.98 19.29 16.57 13.81 11.02 8.19 5.33 2.44 0.00 0.00 0.00 0.00 0.00 0.00 0.00 0.00 0.00 0.00 0.00 0.00 0.00 0.00 0.00 0.00 0.00 0.00 0.00 0.00 0.00 0.00 0.00 0.00 0.00 0.00 0.00 0.00 0.00 0.00 0.00 0.00 0.00 0.00 0.00 0.00 1.58 4.45 7.40 10.43 13.54
68.72 68.42 67.98 67.41 66.71 65.88 64.92 63.83 62.61 61.26 59.79 58.20 56.48 54.63 52.67 50.59 48.41 46.17 43.88 41.55 39.17 36.74 34.27 31.75 29.19 26.58 23.94 21.25 18.53 15.76 12.96 10.12 7.25 4.34 1.40 0.00 0.00 0.00 0.00 0.00 0.00 0.00 0.00 0.00 0.00 0.00 0.00 0.00 0.00 0.00 0.00 0.00 0.00 0.00 0.00 0.00 0.00 0.00 0.00 0.00 0.00 0.00 0.00 0.00 0.00 0.00 0.00 0.00 0.00 0.00 0.00 0.00 0.61 3.47 6.40 9.41 12.49
67.13 66.78 66.29 65.66 64.91 64.02 63.00 61.84 60.56 59.15 57.62 55.95 54.16 52.25 50.22 48.06 45.81 43.50 41.14 38.73 36.27 33.76 31.21 28.62 25.98 23.30 20.57 17.81 15.00 12.16 9.28 6.36 3.41 0.42 0.00 0.00 0.00 0.00 0.00 0.00 0.00 0.00 0.00 0.00 0.00 0.00 0.00 0.00 0.00 0.00 0.00 0.00 0.00 0.00 0.00 0.00 0.00 0.00 0.00 0.00 0.00 0.00 0.00 0.00 0.00 0.00 0.00 0.00 0.00 0.00 0.00 0.00 0.00 2.54 5.45 8.43 11.48
65.50 65.10 64.55 63.87 63.06 62.11 61.03 59.81 58.47 56.99 55.39 53.66 51.80 49.82 47.71 45.48 43.15 40.76 38.33 35.84 33.31 30.73 28.10 25.42 22.71 19.95 17.14 14.30 11.41 8.49 5.52 2.53 0.00 0.00 0.00 0.00 0.00 0.00 0.00 0.00 0.00 0.00 0.00 0.00 0.00 0.00 0.00 0.00 0.00 0.00 0.00 0.00 0.00 0.00 0.00 0.00 0.00 0.00 0.00 0.00 0.00 0.00 0.00 0.00 0.00 0.00 0.00 0.00 0.00 0.00 0.00 0.00 0.00 1.66 4.55 7.49 10.50
63.84 63.38 62.78 62.04 61.17 60.16 59.01 57.73 56.32 54.78 53.11 51.31 49.38 47.33 45.15 42.84 40.43 37.97 35.46 32.90 30.28 27.63 24.92 22.17 19.37 16.53 13.64 10.72 7.75 4.75 1.70 0.00 0.00 0.00 0.00 0.00 0.00 0.00 0.00 0.00 0.00 0.00 0.00 0.00 0.00 0.00 0.00 0.00 0.00 0.00 0.00 0.00 0.00 0.00 0.00 0.00 0.00 0.00 0.00 0.00 0.00 0.00 0.00 0.00 0.00 0.00 0.00 0.00 0.00 0.00 0.00 0.00 0.00 0.85 3.69 6.59 9.55
62.14 61.62 60.96 60.17 59.23 58.16 56.95 55.61 54.13 52.53 50.79 48.91 46.91 44.79 42.53 40.15 37.67 35.13 32.53 29.89 27.20 24.46 21.68 18.84 15.97 13.04 10.08 7.07 4.02 0.93 0.00 0.00 0.00 0.00 0.00 0.00 0.00 0.00 0.00 0.00 0.00 0.00 0.00 0.00 0.00 0.00 0.00 0.00 0.00 0.00 0.00 0.00 0.00 0.00 0.00 0.00 0.00 0.00 0.00 0.00 0.00 0.00 0.00 0.00 0.00 0.00 0.00 0.00 0.00 0.00 0.00 0.00 0.00 0.09 2.89 5.74 8.65
60.39 59.82 59.10 58.25 57.25 56.12 54.85 53.44 51.90 50.22 48.41 46.47 44.39 42.19 39.86 37.40 34.84 32.22 29.55 26.83 24.06 21.24 18.37 15.46 12.50 9.50 6.45 3.36 0.22 0.00 0.00 0.00 0.00 0.00 0.00 0.00 0.00 0.00 0.00 0.00 0.00 0.00 0.00 0.00 0.00 0.00 0.00 0.00 0.00 0.00 0.00 0.00 0.00 0.00 0.00 0.00 0.00 0.00 0.00 0.00 0.00 0.00 0.00 0.00 0.00 0.00 0.00 0.00 0.00 0.00 0.00 0.00 0.00 0.00 2.13 4.93 7.78
58.61 57.98 57.21 56.29 55.23 54.03 52.70 51.22 49.61 47.87 45.98 43.97 41.82 39.54 37.14 34.60 31.96 29.26 26.51 23.71 20.86 17.96 15.01 12.01 8.97 5.88 2.75 0.00 0.00 0.00 0.00 0.00 0.00 0.00 0.00 0.00 0.00 0.00 0.00 0.00 0.00 0.00 0.00 0.00 0.00 0.00 0.00 0.00 0.00 0.00 0.00 0.00 0.00 0.00 0.00 0.00 0.00 0.00 0.00 0.00 0.00 0.00 0.00 0.00 0.00 0.00 0.00 0.00 0.00 0.00 0.00 0.00 0.00 0.00 1.43 4.17 6.95
56.79 56.10 55.27 54.29 53.17 51.91 50.50 48.96 47.28 45.46 43.51 41.42 39.20 36.85 34.36 31.74 29.02 26.25 23.41 20.53 17.60 14.61 11.58 8.50 5.37 2.20 0.00 0.00 0.00 0.00 0.00 0.00 0.00 0.00 0.00 0.00 0.00 0.00 0.00 0.00 0.00 0.00 0.00 0.00 0.00 0.00 0.00 0.00 0.00 0.00 0.00 0.00 0.00 0.00 0.00 0.00 0.00 0.00 0.00 0.00 0.00 0.00 0.00 0.00 0.00 0.00 0.00 0.00 0.00 0.00 0.00 0.00 0.00 0.00 0.79 3.46 6.16
54.95 54.19 53.29 52.25 51.06 49.73 48.26 46.65 44.90 43.01 40.99 38.83 36.53 34.10 31.53 28.83 26.03 23.17 20.26 17.29 14.28 11.21 8.09 4.93 1.72 0.00 0.00 0.00 0.00 0.00 0.00 0.00 0.00 0.00 0.00 0.00 0.00 0.00 0.00 0.00 0.00 0.00 0.00 0.00 0.00 0.00 0.00 0.00 0.00 0.00 0.00 0.00 0.00 0.00 0.00 0.00 0.00 0.00 0.00 0.00 0.00 0.00 0.00 0.00 0.00 0.00 0.00 0.00 0.00 0.00 0.00 0.00 0.00 0.00 0.19 2.79 5.41
