data_output/RCH/Precip_2007_03.asc
ncols        168
nrows        136
xllcorner    455000
yllcorner    2107000
cellsize     500
NODATA_value     -99999
[rows 70 to 104 of 136, columns 0 to 78 of 168]
0.00 0.00 0.00 0.00 0.00 0.00 0.00 0.00 0.00 0.00 0.00 0.00 0.00 0.00 0.00 0.00 0.00 0.00 0.00 0.00 0.00 0.00 0.00 0.00 0.00 0.00 0.00 0.00 0.05 0.59 1.15 1.73 2.34 2.96 3.62 4.30 5.00 5.72 6.45 7.19 7.94 8.70 9.48 10.26 11.08 11.91 12.76 13.63 14.51 15.39 16.28 17.16 18.04 18.91 19.76 20.59 21.40 22.19 22.94 23.65 24.33 24.96 25.54 26.07 26.55 26.96 27.31 27.61 27.86 28.06 28.21 28.33 28.40 28.43 28.42 28.38 28.31 28.20 28.07
0.00 0.00 0.00 0.00 0.00 0.00 0.00 0.00 0.00 0.00 0.00 0.00 0.00 0.00 0.00 0.00 0.00 0.00 0.00 0.00 0.00 0.00 0.00 0.00 0.00 0.00 0.00 0.00 0.00 0.21 0.77 1.35 1.96 2.60 3.26 3.94 4.65 5.39 6.14 6.91 7.68 8.47 9.28 10.11 10.96 11.84 12.73 13.64 14.55 15.47 16.39 17.30 18.21 19.10 19.98 20.83 21.66 22.47 23.23 23.96 24.65 25.29 25.89 26.42 26.90 27.32 27.67 27.97 28.22 28.42 28.57 28.68 28.75 28.78 28.77 28.73 28.65 28.54 28.40
0.00 0.00 0.00 0.00 0.00 0.00 0.00 0.00 0.00 0.00 0.00 0.00 0.00 0.00 0.00 0.00 0.00 0.00 0.00 0.00 0.00 0.00 0.00 0.00 0.00 0.00 0.00 0.00 0.00 0.00 0.41 1.00 1.61 2.25 2.91 3.60 4.32 5.06 5.83 6.62 7.42 8.24 9.09 9.96 10.86 11.78 12.71 13.65 14.60 15.55 16.50 17.45 18.38 19.30 20.20 21.08 21.93 22.75 23.53 24.28 24.98 25.63 26.23 26.77 27.25 27.67 28.02 28.32 28.57 28.77 28.92 29.03 29.10 29.12 29.11 29.06 28.98 28.86 28.71
0.00 0.00 0.00 0.00 0.00 0.00 0.00 0.00 0.00 0.00 0.00 0.00 0.00 0.00 0.00 0.00 0.00 0.00 0.00 0.00 0.00 0.00 0.00 0.00 0.00 0.00 0.00 0.00 0.00 0.00 0.07 0.66 1.27 1.91 2.58 3.27 4.00 4.75 5.52 6.33 7.16 8.03 8.92 9.84 10.78 11.73 12.71 13.68 14.67 15.65 16.63 17.60 18.56 19.51 20.43 21.33 22.20 23.03 23.83 24.59 25.30 25.96 26.57 27.12 27.60 28.02 28.37 28.67 28.92 29.11 29.26 29.37 29.43 29.45 29.43 29.38 29.29 29.17 29.01
0.00 0.00 0.00 0.00 0.00 0.00 0.00 0.00 0.00 0.00 0.00 0.00 0.00 0.00 0.00 0.00 0.00 0.00 0.00 0.00 0.00 0.00 0.00 0.00 0.00 0.00 0.00 0.00 0.00 0.00 0.00 0.34 0.95 1.59 2.26 2.96 3.69 4.45 5.23 6.05 6.92 7.83 8.76 9.73 10.71 11.70 12.71 13.73 14.74 15.76 16.77 17.77 18.75 19.72 20.67 21.58 22.47 23.32 24.14 24.90 25.63 26.30 26.91 27.46 27.95 28.37 28.72 29.01 29.26 29.45 29.60 29.70 29.75 29.77 29.75 29.68 29.59 29.46 29.30
0.00 0.00 0.00 0.00 0.00 0.00 0.00 0.00 0.00 0.00 0.00 0.00 0.00 0.00 0.00 0.00 0.00 0.00 0.00 0.00 0.00 0.00 0.00 0.00 0.00 0.00 0.00 0.00 0.00 0.00 0.00 0.04 0.65 1.29 1.96 2.66 3.39 4.16 4.95 5.80 6.70 7.64 8.62 9.63 10.65 11.68 12.73 13.78 14.83 15.87 16.91 17.94 18.95 19.94 20.91 21.84 22.75 23.61 24.44 25.22 25.95 26.63 27.24 27.80 28.29 28.71 29.06 29.35 29.59 29.78 29.92 30.02 30.07 30.08 30.05 29.98 29.87 29.73 29.56
0.00 0.00 0.00 0.00 0.00 0.00 0.00 0.00 0.00 0.00 0.00 0.00 0.00 0.00 0.00 0.00 0.00 0.00 0.00 0.00 0.00 0.00 0.00 0.00 0.00 0.00 0.00 0.00 0.00 0.00 0.00 0.00 0.37 1.01 1.68 2.38 3.11 3.89 4.71 5.59 6.51 7.49 8.50 9.54 10.60 11.68 12.76 13.84 14.92 16.00 17.06 18.12 19.15 20.16 21.15 22.10 23.02 23.91 24.74 25.53 26.27 26.96 27.58 28.14 28.63 29.04 29.39 29.68 29.91 30.10 30.23 30.32 30.37 30.37 30.33 30.25 30.14 29.99 29.81
0.00 0.00 0.00 0.00 0.00 0.00 0.00 0.00 0.00 0.00 0.00 0.00 0.00 0.00 0.00 0.00 0.00 0.00 0.00 0.00 0.00 0.00 0.00 0.00 0.00 0.00 0.00 0.00 0.00 0.00 0.00 0.00 0.10 0.74 1.41 2.11 2.85 3.65 4.50 5.41 6.36 7.36 8.40 9.47 10.57 11.68 12.79 13.91 15.02 16.13 17.22 18.30 19.36 20.39 21.39 22.37 23.30 24.20 25.05 25.85 26.59 27.28 27.91 28.47 28.96 29.37 29.71 30.00 30.23 30.41 30.54 30.62 30.66 30.65 30.60 30.52 30.39 30.23 30.04
0.00 0.00 0.00 0.00 0.00 0.00 0.00 0.00 0.00 0.00 0.00 0.00 0.00 0.00 0.00 0.00 0.00 0.00 0.00 0.00 0.00 0.00 0.00 0.00 0.00 0.00 0.00 0.00 0.00 0.00 0.00 0.00 0.00 0.49 1.16 1.87 2.63 3.46 4.34 5.27 6.25 7.27 8.33 9.43 10.55 11.69 12.84 13.99 15.13 16.26 17.38 18.49 19.57 20.62 21.64 22.63 23.58 24.49 25.35 26.16 26.91 27.60 28.23 28.79 29.28 29.69 30.03 30.31 30.53 30.70 30.83 30.90 30.93 30.92 30.86 30.76 30.63 30.46 30.26
0.00 0.00 0.00 0.00 0.00 0.00 0.00 0.00 0.00 0.00 0.00 0.00 0.00 0.00 0.00 0.00 0.00 0.00 0.00 0.00 0.00 0.00 0.00 0.00 0.00 0.00 0.00 0.00 0.00 0.00 0.00 0.00 0.00 0.26 0.93 1.66 2.46 3.31 4.22 5.17 6.17 7.22 8.30 9.41 10.55 11.72 12.90 14.08 15.25 16.41 17.55 18.68 19.78 20.85 21.89 22.90 23.86 24.78 25.65 26.46 27.22 27.92 28.55 29.11 29.60 30.00 30.34 30.61 30.82 30.99 31.10 31.17 31.19 31.16 31.10 30.99 30.85 30.66 30.45
0.00 0.00 0.00 0.00 0.00 0.00 0.00 0.00 0.00 0.00 0.00 0.00 0.00 0.00 0.00 0.00 0.00 0.00 0.00 0.00 0.00 0.00 0.00 0.00 0.00 0.00 0.00 0.00 0.00 0.00 0.00 0.00 0.00 0.05 0.75 1.51 2.33 3.21 4.14 5.11 6.14 7.20 8.30 9.42 10.58 11.76 12.96 14.17 15.37 16.55 17.72 18.87 19.99 21.08 22.14 23.16 24.14 25.07 25.94 26.77 27.53 28.23 28.86 29.42 29.90 30.31 30.63 30.90 31.11 31.26 31.37 31.42 31.43 31.40 31.32 31.20 31.04 30.85 30.62
0.00 0.00 0.00 0.00 0.00 0.00 0.00 0.00 0.00 0.00 0.00 0.00 0.00 0.00 0.00 0.00 0.00 0.00 0.00 0.00 0.00 0.00 0.00 0.00 0.00 0.00 0.00 0.00 0.00 0.00 0.00 0.00 0.00 0.00 0.62 1.40 2.25 3.15 4.10 5.10 6.14 7.22 8.33 9.47 10.64 11.84 13.05 14.27 15.49 16.71 17.90 19.07 20.21 21.32 22.39 23.42 24.41 25.35 26.24 27.06 27.83 28.53 29.17 29.72 30.20 30.60 30.92 31.17 31.37 31.52 31.62 31.66 31.66 31.62 31.53 31.39 31.22 31.01 30.77
0.00 0.00 0.00 0.00 0.00 0.00 0.00 0.00 0.00 0.00 0.00 0.00 0.00 0.00 0.00 0.00 0.00 0.00 0.00 0.00 0.00 0.00 0.00 0.00 0.00 0.00 0.00 0.00 0.00 0.00 0.00 0.00 0.00 0.00 0.54 1.35 2.22 3.14 4.11 5.12 6.18 7.27 8.40 9.56 10.74 11.94 13.16 14.39 15.63 16.86 18.08 19.27 20.43 21.55 22.64 23.68 24.68 25.63 26.52 27.36 28.13 28.83 29.46 30.02 30.49 30.88 31.19 31.44 31.63 31.77 31.85 31.89 31.87 31.81 31.71 31.57 31.38 31.16 30.90
0.00 0.00 0.00 0.00 0.00 0.00 0.00 0.00 0.00 0.00 0.00 0.00 0.00 0.00 0.00 0.00 0.00 0.00 0.00 0.00 0.00 0.00 0.00 0.00 0.00 0.00 0.00 0.00 0.00 0.00 0.00 0.00 0.00 0.00 0.51 1.34 2.23 3.17 4.16 5.19 6.26 7.37 8.51 9.68 10.87 12.07 13.30 14.53 15.78 17.02 18.26 19.46 20.64 21.78 22.89 23.94 24.95 25.91 26.81 27.64 28.42 29.12 29.75 30.30 30.77 31.15 31.45 31.69 31.87 32.00 32.07 32.09 32.07 31.99 31.88 31.72 31.52 31.28 31.01
0.00 0.00 0.00 0.00 0.00 0.00 0.00 0.00 0.00 0.00 0.00 0.00 0.00 0.00 0.00 0.00 0.00 0.00 0.00 0.00 0.00 0.00 0.00 0.00 0.00 0.00 0.00 0.00 0.00 0.00 0.00 0.00 0.00 0.00 0.54 1.39 2.30 3.26 4.26 5.31 6.39 7.51 8.66 9.83 11.03 12.24 13.47 14.71 15.95 17.20 18.44 19.66 20.86 22.01 23.13 24.20 25.22 26.18 27.08 27.92 28.70 29.40 30.03 30.57 31.04 31.41 31.70 31.93 32.10 32.21 32.27 32.28 32.24 32.16 32.02 31.85 31.63 31.38 31.09
0.00 0.00 0.00 0.00 0.00 0.00 0.00 0.00 0.00 0.00 0.00 0.00 0.00 0.00 0.00 0.00 0.00 0.00 0.00 0.00 0.00 0.00 0.00 0.00 0.00 0.00 0.00 0.00 0.00 0.00 0.00 0.00 0.00 0.00 0.63 1.50 2.42 3.39 4.41 5.47 6.56 7.69 8.84 10.02 11.23 12.44 13.67 14.91 16.15 17.40 18.63 19.86 21.07 22.24 23.37 24.45 25.47 26.44 27.35 28.20 28.97 29.67 30.29 30.84 31.29 31.66 31.94 32.15 32.31 32.41 32.46 32.45 32.40 32.30 32.15 31.96 31.73 31.46 31.15
0.90 0.00 0.00 0.00 0.00 0.00 0.00 0.00 0.00 0.00 0.00 0.00 0.00 0.00 0.00 0.00 0.00 0.00 0.00 0.00 0.00 0.00 0.00 0.00 0.00 0.00 0.00 0.00 0.00 0.00 0.00 0.00 0.00 0.00 0.77 1.65 2.59 3.58 4.60 5.67 6.77 7.91 9.07 10.26 11.46 12.68 13.91 15.14 16.38 17.62 18.85 20.08 21.29 22.47 23.61 24.69 25.73 26.70 27.61 28.46 29.23 29.93 30.55 31.09 31.53 31.89 32.16 32.36 32.50 32.59 32.62 32.60 32.53 32.42 32.25 32.05 31.80 31.51 31.18
1.89 0.94 0.07 0.00 0.00 0.00 0.00 0.00 0.00 0.00 0.00 0.00 0.00 0.00 0.00 0.00 0.00 0.00 0.00 0.00 0.00 0.00 0.00 0.00 0.00 0.00 0.00 0.00 0.00 0.00 0.00 0.00 0.00 0.12 0.97 1.87 2.82 3.81 4.85 5.92 7.03 8.17 9.34 10.53 11.73 12.95 14.18 15.41 16.64 17.87 19.10 20.31 21.51 22.69 23.84 24.93 25.97 26.95 27.87 28.71 29.49 30.18 30.80 31.32 31.76 32.11 32.36 32.55 32.68 32.75 32.77 32.74 32.65 32.52 32.34 32.11 31.84 31.53 31.19
2.85 1.92 1.04 0.24 0.00 0.00 0.00 0.00 0.00 0.00 0.00 0.00 0.00 0.00 0.00 0.00 0.00 0.00 0.00 0.00 0.00 0.00 0.00 0.00 0.00 0.00 0.00 0.00 0.00 0.00 0.00 0.00 0.00 0.37 1.22 2.14 3.10 4.10 5.14 6.23 7.34 8.48 9.65 10.84 12.04 13.25 14.48 15.71 16.93 18.16 19.37 20.57 21.76 22.92 24.06 25.17 26.21 27.19 28.11 28.96 29.73 30.42 31.03 31.55 31.98 32.31 32.55 32.72 32.84 32.90 32.90 32.85 32.74 32.59 32.39 32.15 31.86 31.54 31.18
3.78 2.89 2.03 1.20 0.46 0.00 0.00 0.00 0.00 0.00 0.00 0.00 0.00 0.00 0.00 0.00 0.00 0.00 0.00 0.00 0.00 0.00 0.00 0.00 0.00 0.00 0.00 0.00 0.00 0.00 0.00 0.00 0.00 0.67 1.54 2.46 3.43 4.44 5.49 6.58 7.69 8.84 10.00 11.19 12.39 13.60 14.82 16.04 17.25 18.47 19.67 20.86 22.03 23.18 24.30 25.39 26.44 27.43 28.35 29.19 29.96 30.64 31.24 31.76 32.17 32.49 32.72 32.88 32.98 33.02 33.00 32.94 32.82 32.65 32.43 32.16 31.86 31.52 31.16
4.71 3.84 3.00 2.19 1.42 0.72 0.11 0.00 0.00 0.00 0.00 0.00 0.00 0.00 0.00 0.00 0.00 0.00 0.00 0.00 0.00 0.00 0.00 0.00 0.00 0.00 0.00 0.00 0.00 0.00 0.00 0.00 0.22 1.04 1.92 2.85 3.82 4.84 5.89 6.98 8.10 9.24 10.40 11.58 12.78 13.98 15.19 16.40 17.61 18.81 20.00 21.17 22.32 23.45 24.56 25.63 26.67 27.65 28.57 29.41 30.17 30.86 31.45 31.95 32.36 32.66 32.87 33.02 33.10 33.12 33.09 33.00 32.86 32.68 32.44 32.16 31.84 31.50 31.14
5.65 4.80 3.98 3.18 2.41 1.68 1.01 0.43 0.00 0.00 0.00 0.00 0.00 0.00 0.00 0.00 0.00 0.00 0.00 0.00 0.00 0.00 0.00 0.00 0.00 0.00 0.00 0.00 0.00 0.00 0.00 0.00 0.64 1.47 2.36 3.29 4.27 5.29 6.35 7.43 8.55 9.69 10.85 12.02 13.21 14.40 15.60 16.80 17.99 19.18 20.35 21.51 22.64 23.75 24.84 25.88 26.90 27.87 28.78 29.62 30.38 31.05 31.64 32.13 32.52 32.81 33.01 33.13 33.20 33.20 33.15 33.05 32.89 32.68 32.42 32.13 31.81 31.47 31.10
6.62 5.79 4.97 4.17 3.40 2.66 1.96 1.33 0.75 0.24 0.00 0.00 0.00 0.00 0.00 0.00 0.00 0.00 0.00 0.00 0.00 0.00 0.00 0.00 0.00 0.00 0.00 0.00 0.00 0.00 0.00 0.35 1.13 1.97 2.86 3.80 4.78 5.80 6.85 7.94 9.05 10.18 11.34 12.50 13.68 14.87 16.05 17.24 18.42 19.58 20.74 21.87 22.99 24.08 25.14 26.16 27.14 28.09 28.98 29.81 30.57 31.23 31.81 32.29 32.67 32.94 33.12 33.23 33.28 33.27 33.19 33.07 32.89 32.66 32.40 32.10 31.78 31.43 31.06
7.65 6.81 5.99 5.19 4.42 3.67 2.95 2.27 1.65 1.08 0.56 0.07 0.00 0.00 0.00 0.00 0.00 0.00 0.00 0.00 0.00 0.00 0.00 0.00 0.00 0.00 0.00 0.00 0.00 0.00 0.17 0.90 1.69 2.54 3.43 4.37 5.35 6.37 7.42 8.50 9.60 10.73 11.88 13.03 14.20 15.37 16.54 17.71 18.87 20.02 21.16 22.27 23.36 24.43 25.46 26.45 27.41 28.32 29.19 30.00 30.74 31.40 31.97 32.43 32.80 33.06 33.22 33.31 33.33 33.30 33.21 33.07 32.87 32.63 32.36 32.06 31.73 31.38 31.00
8.74 7.90 7.07 6.26 5.47 4.71 3.97 3.26 2.59 1.97 1.40 0.86 0.34 0.00 0.00 0.00 0.00 0.00 0.00 0.00 0.00 0.00 0.00 0.00 0.00 0.00 0.00 0.00 0.00 0.11 0.79 1.53 2.32 3.17 4.06 5.00 5.98 6.99 8.04 9.11 10.21 11.33 12.46 13.61 14.76 15.92 17.07 18.22 19.36 20.49 21.61 22.70 23.76 24.80 25.81 26.77 27.70 28.58 29.41 30.19 30.90 31.55 32.10 32.56 32.91 33.15 33.29 33.36 33.37 33.32 33.20 33.04 32.83 32.59 32.32 32.01 31.68 31.33 30.94
9.91 9.06 8.23 7.40 6.59 5.79 5.03 4.29 3.58 2.91 2.29 1.70 1.13 0.57 0.03 0.00 0.00 0.00 0.00 0.00 0.00 0.00 0.00 0.00 0.00 0.00 0.00 0.00 0.18 0.80 1.48 2.22 3.02 3.86 4.76 5.69 6.67 7.68 8.72 9.78 10.87 11.98 13.10 14.23 15.37 16.51 17.64 18.77 19.89 21.00 22.09 23.16 24.19 25.20 26.18 27.11 28.01 28.85 29.65 30.39 31.07 31.69 32.22 32.66 33.00 33.22 33.34 33.39 33.38 33.31 33.17 33.00 32.79 32.54 32.27 31.96 31.63 31.26 30.88
11.19 10.32 9.46 8.61 7.77 6.95 6.14 5.37 4.62 3.90 3.22 2.58 1.96 1.36 0.77 0.23 0.00 0.00 0.00 0.00 0.00 0.00 0.00 0.00 0.00 0.00 0.00 0.39 0.94 1.56 2.25 2.99 3.79 4.63 5.52 6.45 7.42 8.42 9.45 10.51 11.59 12.68 13.79 14.90 16.02 17.14 18.26 19.37 20.46 21.55 22.61 23.65 24.66 25.63 26.58 27.48 28.34 29.15 29.90 30.60 31.25 31.82 32.33 32.75 33.07 33.27 33.37 33.40 33.37 33.27 33.13 32.95 32.74 32.49 32.21 31.90 31.56 31.20 30.81
12.58 11.70 10.81 9.93 9.05 8.19 7.34 6.52 5.72 4.95 4.21 3.51 2.84 2.19 1.56 0.98 0.46 0.05 0.00 0.00 0.00 0.00 0.00 0.00 0.00 0.31 0.73 1.22 1.78 2.41 3.09 3.83 4.63 5.47 6.35 7.28 8.24 9.23 10.25 11.29 12.36 13.43 14.52 15.62 16.72 17.82 18.91 20.00 21.07 22.13 23.16 24.17 25.15 26.09 27.00 27.87 28.69 29.46 30.18 30.84 31.44 31.97 32.43 32.82 33.11 33.30 33.38 33.39 33.33 33.23 33.09 32.90 32.69 32.44 32.15 31.84 31.49 31.13 30.73
14.11 13.20 12.28 11.36 10.44 9.53 8.63 7.76 6.90 6.07 5.27 4.50 3.77 3.07 2.39 1.78 1.27 0.87 0.58 0.40 0.31 0.32 0.42 0.60 0.87 1.22 1.65 2.14 2.71 3.33 4.01 4.75 5.54 6.38 7.25 8.17 9.12 10.10 11.11 12.14 13.18 14.24 15.31 16.39 17.47 18.55 19.62 20.68 21.72 22.75 23.75 24.73 25.67 26.58 27.46 28.29 29.07 29.80 30.47 31.09 31.64 32.13 32.55 32.88 33.14 33.30 33.36 33.35 33.28 33.18 33.03 32.85 32.63 32.37 32.09 31.77 31.42 31.05 30.65
15.80 14.85 13.89 12.92 11.95 10.99 10.04 9.10 8.18 7.28 6.41 5.57 4.76 3.99 3.28 2.68 2.18 1.80 1.53 1.35 1.28 1.29 1.40 1.60 1.87 2.22 2.65 3.15 3.71 4.33 5.01 5.74 6.53 7.35 8.22 9.13 10.07 11.03 12.03 13.04 14.07 15.11 16.16 17.21 18.27 19.32 20.36 21.39 22.41 23.40 24.38 25.32 26.23 27.10 27.94 28.73 29.47 30.16 30.79 31.36 31.87 32.31 32.67 32.96 33.17 33.29 33.32 33.30 33.23 33.12 32.98 32.79 32.57 32.31 32.02 31.70 31.35 30.97 30.57
17.60 16.61 15.60 14.58 13.57 12.55 11.54 10.53 9.54 8.57 7.63 6.71 5.82 4.96 4.19 3.60 3.12 2.76 2.49 2.33 2.26 2.29 2.41 2.61 2.89 3.24 3.67 4.17 4.73 5.35 6.02 6.75 7.52 8.34 9.20 10.10 11.02 11.97 12.95 13.95 14.96 15.98 17.01 18.04 19.07 20.09 21.11 22.11 23.10 24.06 25.00 25.91 26.78 27.62 28.42 29.17 29.87 30.51 31.10 31.62 32.08 32.47 32.79 33.02 33.18 33.25 33.27 33.24 33.17 33.06 32.91 32.72 32.49 32.23 31.94 31.62 31.26 30.88 30.48
19.40 18.37 17.32 16.26 15.19 14.12 13.05 11.99 10.93 9.89 8.87 7.87 6.89 5.92 5.05 4.41 3.94 3.59 3.34 3.19 3.14 3.17 3.30 3.50 3.79 4.15 4.58 5.08 5.64 6.26 6.93 7.65 8.42 9.24 10.09 10.97 11.88 12.82 13.79 14.77 15.76 16.76 17.77 18.78 19.79 20.79 21.78 22.76 23.71 24.65 25.55 26.43 27.27 28.07 28.83 29.54 30.20 30.80 31.35 31.83 32.24 32.58 32.85 33.04 33.14 33.19 33.20 33.17 33.10 32.98 32.83 32.63 32.41 32.14 31.85 31.52 31.16 30.78 30.37
21.19 20.12 19.03 17.93 16.82 15.69 14.57 13.45 12.33 11.23 10.14 9.05 7.97 6.88 5.88 5.13 4.63 4.29 4.05 3.92 3.88 3.93 4.06 4.28 4.57 4.94 5.37 5.88 6.44 7.06 7.73 8.45 9.22 10.02 10.87 11.74 12.65 13.58 14.52 15.49 16.47 17.45 18.45 19.44 20.42 21.40 22.37 23.32 24.25 25.15 26.03 26.87 27.68 28.45 29.17 29.85 30.47 31.03 31.53 31.97 32.34 32.64 32.86 33.00 33.08 33.12 33.12 33.08 33.00 32.88 32.73 32.53 32.30 32.03 31.73 31.40 31.05 30.66 30.25
22.96 21.86 20.74 19.60 18.44 17.27 16.09 14.92 13.74 12.57 11.41 10.22 9.03 7.82 6.72 5.86 5.24 4.86 4.64 4.52 4.50 4.56 4.71 4.93 5.24 5.61 6.05 6.56 7.13 7.75 8.42 9.14 9.90 10.71 11.55 12.42 13.31 14.23 15.17 16.12 17.09 18.06 19.03 20.01 20.97 21.93 22.87 23.80 24.71 25.58 26.43 27.25 28.03 28.76 29.45 30.09 30.67 31.20 31.66 32.06 32.39 32.64 32.82 32.94 33.01 33.04 33.03 32.98 32.89 32.77 32.61 32.41 32.18 31.91 31.61 31.27 30.91 30.52 30.11
24.72 23.59 22.43 21.25 20.05 18.84 17.62 16.39 15.16 13.92 12.66 11.37 10.07 8.76 7.55 6.58 5.85 5.37 5.11 5.00 5.00 5.07 5.24 5.47 5.79 6.17 6.62 7.14 7.71 8.33 9.01 9.73 10.49 11.30 12.13 13.00 13.89 14.80 15.73 16.67 17.62 18.58 19.54 20.50 21.45 22.39 23.31 24.21 25.10 25.95 26.77 27.56 28.31 29.01 29.67 30.28 30.83 31.32 31.74 32.10 32.39 32.60 32.76 32.86 32.93 32.94 32.92 32.86 32.77 32.64 32.47 32.27 32.04 31.76 31.46 31.13 30.76 30.37 29.95
