data_output/RCH/Precip_1990_01.asc
ncols        168
nrows        136
xllcorner    455000
yllcorner    2107000
cellsize     500
NODATA_value     -99999
[rows 70 to 104 of 136, columns 0 to 79 of 168]
16.08 15.63 15.19 14.75 14.33 13.91 13.50 13.10 12.70 12.32 11.95 11.59 11.26 10.95 10.65 10.37 10.10 9.85 9.62 9.39 9.18 8.99 8.80 8.63 8.46 8.31 8.16 8.01 7.87 7.72 7.59 7.45 7.32 7.19 7.07 6.95 6.83 6.72 6.61 6.50 6.40 6.30 6.21 6.13 6.06 5.99 5.93 5.88 5.84 5.81 5.78 5.77 5.76 5.75 5.76 5.77 5.78 5.81 5.84 5.88 5.92 5.97 6.02 6.08 6.15 6.22 6.30 6.38 6.47 6.57 6.66 6.77 6.87 6.99 7.11 7.26 7.43 7.62 7.84 8.07
15.93 15.49 15.06 14.64 14.22 13.81 13.41 13.02 12.64 12.26 11.90 11.54 11.21 10.89 10.60 10.31 10.05 9.80 9.56 9.34 9.13 8.94 8.75 8.58 8.42 8.26 8.11 7.97 7.83 7.69 7.55 7.42 7.29 7.16 7.04 6.92 6.81 6.70 6.59 6.49 6.39 6.29 6.21 6.14 6.07 6.01 5.96 5.92 5.88 5.85 5.83 5.82 5.82 5.82 5.83 5.84 5.86 5.89 5.92 5.97 6.01 6.06 6.12 6.19 6.26 6.33 6.41 6.50 6.59 6.68 6.78 6.88 6.99 7.10 7.22 7.35 7.51 7.68 7.88 8.10
15.76 15.33 14.91 14.50 14.09 13.70 13.31 12.93 12.55 12.19 11.83 11.48 11.15 10.83 10.53 10.25 9.99 9.74 9.50 9.28 9.07 8.88 8.70 8.52 8.36 8.21 8.06 7.92 7.78 7.64 7.51 7.38 7.25 7.13 7.01 6.89 6.78 6.67 6.57 6.47 6.37 6.29 6.21 6.14 6.08 6.03 5.98 5.95 5.92 5.90 5.88 5.87 5.87 5.88 5.89 5.91 5.94 5.97 6.01 6.05 6.10 6.16 6.22 6.29 6.36 6.44 6.52 6.60 6.70 6.79 6.89 7.00 7.11 7.22 7.34 7.46 7.60 7.76 7.93 8.13
15.58 15.16 14.75 14.35 13.95 13.56 13.19 12.81 12.45 12.10 11.75 11.41 11.08 10.76 10.46 10.18 9.92 9.67 9.43 9.21 9.01 8.81 8.63 8.46 8.30 8.15 8.01 7.87 7.73 7.59 7.46 7.34 7.21 7.09 6.97 6.86 6.75 6.64 6.54 6.44 6.36 6.28 6.21 6.15 6.09 6.05 6.01 5.98 5.95 5.94 5.93 5.93 5.93 5.94 5.96 5.98 6.01 6.05 6.09 6.14 6.19 6.25 6.31 6.38 6.46 6.54 6.62 6.71 6.80 6.90 7.00 7.11 7.22 7.33 7.45 7.57 7.70 7.84 8.00 8.18
15.38 14.97 14.57 14.18 13.79 13.41 13.04 12.68 12.33 11.98 11.65 11.32 11.00 10.69 10.39 10.11 9.84 9.59 9.36 9.14 8.93 8.74 8.56 8.39 8.24 8.09 7.95 7.81 7.67 7.54 7.41 7.28 7.16 7.04 6.93 6.82 6.71 6.61 6.51 6.42 6.34 6.27 6.21 6.15 6.11 6.06 6.03 6.01 5.99 5.98 5.97 5.97 5.98 6.00 6.02 6.05 6.08 6.12 6.17 6.22 6.27 6.34 6.40 6.47 6.55 6.63 6.72 6.81 6.91 7.00 7.11 7.21 7.33 7.44 7.56 7.68 7.80 7.93 8.08 8.24
15.16 14.76 14.37 13.99 13.61 13.24 12.89 12.53 12.19 11.85 11.53 11.21 10.90 10.59 10.30 10.02 9.75 9.51 9.27 9.06 8.85 8.66 8.48 8.32 8.16 8.02 7.88 7.74 7.61 7.48 7.35 7.23 7.11 6.99 6.88 6.77 6.67 6.57 6.48 6.40 6.33 6.26 6.21 6.16 6.11 6.08 6.05 6.03 6.02 6.01 6.01 6.02 6.03 6.05 6.08 6.11 6.15 6.19 6.24 6.30 6.36 6.42 6.49 6.56 6.64 6.73 6.81 6.91 7.00 7.10 7.21 7.32 7.43 7.54 7.66 7.78 7.91 8.03 8.17 8.31
14.93 14.54 14.16 13.78 13.42 13.06 12.71 12.37 12.03 11.71 11.39 11.08 10.78 10.48 10.20 9.92 9.66 9.41 9.18 8.96 8.76 8.57 8.40 8.23 8.08 7.93 7.80 7.66 7.53 7.41 7.28 7.16 7.05 6.93 6.82 6.72 6.62 6.53 6.45 6.37 6.31 6.25 6.20 6.16 6.12 6.09 6.07 6.06 6.05 6.05 6.05 6.06 6.08 6.11 6.14 6.17 6.21 6.26 6.31 6.37 6.43 6.50 6.57 6.65 6.73 6.81 6.90 7.00 7.10 7.20 7.30 7.41 7.52 7.64 7.76 7.88 8.00 8.13 8.26 8.39
14.68 14.30 13.93 13.56 13.21 12.86 12.52 12.18 11.86 11.54 11.23 10.93 10.64 10.36 10.08 9.81 9.56 9.31 9.08 8.86 8.66 8.47 8.30 8.14 7.99 7.85 7.71 7.58 7.45 7.33 7.21 7.09 6.98 6.87 6.76 6.66 6.57 6.49 6.41 6.35 6.29 6.24 6.19 6.16 6.13 6.10 6.09 6.08 6.07 6.08 6.09 6.10 6.13 6.15 6.19 6.23 6.27 6.32 6.38 6.44 6.50 6.57 6.65 6.73 6.81 6.90 6.99 7.08 7.18 7.29 7.39 7.50 7.61 7.73 7.85 7.97 8.09 8.22 8.35 8.48
14.42 14.05 13.68 13.33 12.98 12.64 12.31 11.99 11.67 11.36 11.06 10.77 10.49 10.21 9.95 9.69 9.44 9.20 8.97 8.75 8.56 8.37 8.20 8.04 7.89 7.75 7.62 7.49 7.37 7.24 7.13 7.01 6.90 6.79 6.70 6.60 6.52 6.44 6.38 6.32 6.26 6.22 6.18 6.15 6.13 6.11 6.10 6.09 6.10 6.11 6.12 6.14 6.17 6.20 6.24 6.28 6.33 6.38 6.44 6.50 6.57 6.64 6.72 6.80 6.89 6.98 7.07 7.16 7.26 7.37 7.48 7.59 7.70 7.81 7.93 8.05 8.18 8.30 8.43 8.56
14.14 13.78 13.42 13.08 12.74 12.41 12.09 11.77 11.47 11.17 10.88 10.60 10.32 10.05 9.80 9.55 9.31 9.07 8.85 8.64 8.44 8.26 8.09 7.93 7.78 7.65 7.52 7.39 7.27 7.15 7.04 6.93 6.82 6.72 6.63 6.54 6.47 6.40 6.34 6.28 6.24 6.20 6.17 6.14 6.12 6.11 6.11 6.11 6.11 6.13 6.15 6.17 6.20 6.24 6.28 6.33 6.38 6.43 6.50 6.56 6.63 6.71 6.79 6.87 6.96 7.05 7.14 7.24 7.34 7.44 7.55 7.66 7.78 7.89 8.01 8.13 8.25 8.38 8.51 8.64
13.85 13.50 13.15 12.82 12.49 12.16 11.85 11.55 11.25 10.96 10.68 10.40 10.14 9.88 9.63 9.39 9.16 8.93 8.72 8.51 8.31 8.13 7.96 7.81 7.67 7.54 7.41 7.29 7.17 7.05 6.94 6.83 6.73 6.64 6.56 6.48 6.41 6.35 6.29 6.25 6.21 6.17 6.15 6.13 6.12 6.11 6.11 6.12 6.13 6.15 6.17 6.20 6.23 6.27 6.32 6.37 6.42 6.48 6.55 6.61 6.69 6.76 6.85 6.93 7.02 7.11 7.21 7.31 7.41 7.51 7.62 7.73 7.84 7.96 8.08 8.20 8.32 8.45 8.57 8.70
13.55 13.20 12.87 12.54 12.22 11.91 11.60 11.30 11.01 10.73 10.46 10.20 9.94 9.69 9.45 9.22 8.99 8.78 8.57 8.37 8.18 8.00 7.83 7.68 7.54 7.41 7.29 7.17 7.06 6.95 6.84 6.74 6.64 6.56 6.48 6.41 6.35 6.29 6.25 6.21 6.17 6.15 6.13 6.11 6.10 6.10 6.11 6.12 6.14 6.16 6.19 6.22 6.26 6.30 6.35 6.40 6.46 6.52 6.59 6.66 6.74 6.81 6.90 6.98 7.07 7.17 7.26 7.36 7.47 7.57 7.68 7.79 7.91 8.02 8.14 8.26 8.38 8.50 8.63 8.76
13.24 12.90 12.57 12.25 11.94 11.63 11.34 11.05 10.77 10.50 10.23 9.97 9.73 9.48 9.25 9.03 8.81 8.60 8.41 8.21 8.03 7.86 7.70 7.55 7.41 7.28 7.17 7.05 6.94 6.83 6.73 6.64 6.55 6.47 6.40 6.34 6.28 6.24 6.20 6.16 6.13 6.11 6.10 6.09 6.09 6.09 6.10 6.12 6.14 6.16 6.20 6.23 6.28 6.32 6.37 6.43 6.49 6.56 6.63 6.70 6.78 6.86 6.94 7.03 7.12 7.22 7.32 7.42 7.52 7.63 7.73 7.85 7.96 8.07 8.19 8.31 8.43 8.55 8.68 8.80
12.91 12.58 12.26 11.95 11.65 11.35 11.06 10.78 10.51 10.24 9.99 9.74 9.50 9.27 9.04 8.83 8.62 8.42 8.23 8.05 7.87 7.70 7.55 7.40 7.27 7.15 7.03 6.92 6.81 6.71 6.62 6.53 6.45 6.38 6.32 6.26 6.22 6.17 6.14 6.11 6.09 6.07 6.06 6.06 6.06 6.07 6.09 6.11 6.13 6.16 6.20 6.24 6.29 6.34 6.39 6.45 6.52 6.58 6.66 6.73 6.81 6.89 6.98 7.07 7.16 7.26 7.36 7.46 7.56 7.67 7.78 7.89 8.00 8.12 8.23 8.35 8.47 8.59 8.72 8.84
12.58 12.26 11.94 11.64 11.34 11.06 10.78 10.50 10.24 9.98 9.73 9.49 9.26 9.04 8.82 8.61 8.41 8.22 8.04 7.86 7.70 7.54 7.39 7.25 7.12 7.00 6.89 6.78 6.68 6.58 6.50 6.42 6.35 6.29 6.23 6.18 6.14 6.10 6.08 6.05 6.04 6.03 6.03 6.03 6.04 6.05 6.07 6.09 6.12 6.16 6.20 6.24 6.29 6.35 6.40 6.47 6.53 6.60 6.68 6.76 6.84 6.92 7.01 7.10 7.19 7.29 7.39 7.49 7.60 7.71 7.81 7.92 8.04 8.15 8.27 8.39 8.50 8.62 8.74 8.87
12.23 11.92 11.62 11.32 11.03 10.75 10.48 10.21 9.96 9.71 9.47 9.23 9.01 8.79 8.58 8.38 8.19 8.01 7.83 7.66 7.51 7.36 7.21 7.08 6.96 6.84 6.73 6.63 6.54 6.45 6.38 6.31 6.24 6.19 6.14 6.10 6.06 6.03 6.01 5.99 5.98 5.98 5.98 5.99 6.00 6.02 6.04 6.07 6.11 6.14 6.19 6.24 6.29 6.35 6.41 6.47 6.54 6.61 6.69 6.77 6.85 6.94 7.03 7.12 7.22 7.32 7.42 7.52 7.62 7.73 7.84 7.95 8.06 8.18 8.29 8.41 8.52 8.64 8.76 8.88
11.88 11.57 11.28 10.99 10.71 10.44 10.17 9.91 9.67 9.42 9.19 8.97 8.75 8.54 8.34 8.14 7.96 7.78 7.62 7.46 7.30 7.16 7.03 6.90 6.78 6.68 6.57 6.48 6.40 6.32 6.25 6.19 6.13 6.08 6.04 6.00 5.97 5.95 5.93 5.92 5.92 5.92 5.93 5.94 5.96 5.98 6.01 6.04 6.08 6.12 6.17 6.22 6.28 6.34 6.40 6.47 6.54 6.62 6.70 6.78 6.86 6.95 7.04 7.14 7.23 7.33 7.43 7.53 7.64 7.75 7.85 7.96 8.08 8.19 8.30 8.42 8.53 8.65 8.77 8.89
11.53 11.23 10.94 10.66 10.39 10.12 9.87 9.62 9.37 9.14 8.91 8.70 8.49 8.29 8.09 7.91 7.73 7.56 7.40 7.25 7.10 6.97 6.84 6.72 6.61 6.51 6.42 6.33 6.25 6.18 6.12 6.06 6.01 5.97 5.94 5.91 5.88 5.87 5.86 5.85 5.85 5.86 5.87 5.89 5.91 5.94 5.97 6.01 6.05 6.10 6.15 6.20 6.26 6.33 6.39 6.46 6.54 6.62 6.70 6.78 6.87 6.96 7.05 7.14 7.24 7.34 7.44 7.54 7.65 7.76 7.86 7.97 8.08 8.20 8.31 8.42 8.54 8.65 8.77 8.88
11.18 10.90 10.61 10.34 10.08 9.82 9.57 9.33 9.09 8.87 8.65 8.44 8.23 8.04 7.85 7.68 7.51 7.35 7.19 7.05 6.91 6.78 6.66 6.55 6.45 6.35 6.26 6.18 6.11 6.05 5.99 5.94 5.90 5.87 5.84 5.81 5.80 5.79 5.78 5.78 5.79 5.80 5.82 5.84 5.87 5.90 5.94 5.98 6.02 6.07 6.13 6.19 6.25 6.31 6.38 6.46 6.53 6.61 6.69 6.78 6.87 6.96 7.05 7.15 7.25 7.35 7.45 7.55 7.66 7.76 7.87 7.98 8.09 8.20 8.31 8.42 8.54 8.65 8.76 8.88
10.85 10.57 10.30 10.03 9.77 9.52 9.28 9.05 8.82 8.60 8.39 8.19 7.99 7.80 7.63 7.45 7.29 7.14 6.99 6.85 6.73 6.60 6.49 6.39 6.29 6.19 6.11 6.04 5.97 5.92 5.87 5.83 5.79 5.76 5.74 5.72 5.71 5.71 5.71 5.71 5.73 5.74 5.76 5.79 5.82 5.86 5.90 5.94 5.99 6.05 6.11 6.17 6.23 6.30 6.37 6.45 6.53 6.61 6.69 6.78 6.87 6.96 7.05 7.15 7.25 7.35 7.45 7.55 7.66 7.76 7.87 7.98 8.09 8.20 8.31 8.42 8.53 8.64 8.75 8.87
10.53 10.25 9.99 9.73 9.48 9.23 9.00 8.77 8.55 8.34 8.14 7.94 7.76 7.58 7.40 7.24 7.09 6.94 6.80 6.67 6.55 6.44 6.33 6.23 6.13 6.05 5.97 5.90 5.84 5.79 5.74 5.71 5.68 5.66 5.64 5.63 5.63 5.63 5.63 5.64 5.66 5.68 5.71 5.74 5.78 5.82 5.86 5.91 5.96 6.02 6.08 6.15 6.21 6.28 6.36 6.44 6.52 6.60 6.69 6.77 6.86 6.96 7.05 7.15 7.25 7.35 7.45 7.55 7.66 7.76 7.87 7.98 8.09 8.19 8.30 8.41 8.52 8.63 8.74 8.85
10.21 9.94 9.69 9.44 9.19 8.96 8.73 8.51 8.30 8.09 7.90 7.71 7.53 7.36 7.19 7.04 6.89 6.75 6.62 6.50 6.38 6.27 6.17 6.08 5.99 5.90 5.83 5.76 5.71 5.66 5.62 5.59 5.57 5.55 5.54 5.54 5.54 5.55 5.56 5.57 5.60 5.62 5.65 5.69 5.73 5.77 5.82 5.87 5.93 5.99 6.05 6.12 6.19 6.27 6.34 6.42 6.50 6.59 6.68 6.77 6.86 6.95 7.05 7.14 7.24 7.34 7.45 7.55 7.65 7.76 7.86 7.97 8.08 8.18 8.29 8.40 8.51 8.61 8.72 8.83
9.90 9.65 9.39 9.15 8.92 8.69 8.47 8.25 8.05 7.85 7.66 7.48 7.31 7.15 6.99 6.84 6.70 6.57 6.45 6.33 6.22 6.12 6.02 5.93 5.85 5.77 5.70 5.63 5.58 5.54 5.50 5.48 5.46 5.45 5.45 5.45 5.45 5.46 5.48 5.50 5.53 5.56 5.60 5.64 5.68 5.73 5.78 5.84 5.90 5.96 6.03 6.10 6.17 6.24 6.32 6.40 6.49 6.57 6.66 6.75 6.85 6.94 7.04 7.13 7.23 7.33 7.44 7.54 7.64 7.75 7.85 7.96 8.06 8.17 8.27 8.38 8.48 8.59 8.69 8.80
9.61 9.36 9.11 8.88 8.65 8.43 8.21 8.01 7.81 7.62 7.44 7.27 7.10 6.95 6.80 6.66 6.52 6.40 6.28 6.17 6.07 5.97 5.88 5.79 5.71 5.64 5.57 5.51 5.46 5.42 5.38 5.36 5.35 5.35 5.35 5.35 5.37 5.38 5.40 5.43 5.46 5.50 5.54 5.58 5.63 5.68 5.74 5.80 5.86 5.92 5.99 6.07 6.14 6.22 6.30 6.38 6.47 6.56 6.65 6.74 6.83 6.93 7.02 7.12 7.22 7.32 7.42 7.52 7.63 7.73 7.83 7.94 8.04 8.15 8.25 8.35 8.46 8.56 8.66 8.76
9.32 9.07 8.84 8.61 8.39 8.18 7.97 7.77 7.58 7.40 7.23 7.06 6.90 6.75 6.61 6.48 6.35 6.23 6.12 6.02 5.92 5.82 5.74 5.65 5.58 5.51 5.45 5.39 5.34 5.30 5.27 5.25 5.24 5.24 5.25 5.26 5.28 5.30 5.32 5.36 5.39 5.43 5.47 5.52 5.57 5.63 5.69 5.75 5.82 5.89 5.96 6.03 6.11 6.19 6.27 6.36 6.44 6.53 6.62 6.72 6.81 6.91 7.00 7.10 7.20 7.30 7.40 7.50 7.61 7.71 7.81 7.91 8.01 8.12 8.22 8.32 8.42 8.52 8.62 8.72
9.04 8.80 8.57 8.35 8.14 7.93 7.74 7.54 7.36 7.19 7.02 6.86 6.71 6.57 6.43 6.31 6.19 6.08 5.97 5.87 5.77 5.69 5.60 5.53 5.45 5.39 5.33 5.28 5.23 5.20 5.17 5.15 5.14 5.14 5.14 5.16 5.18 5.21 5.24 5.28 5.32 5.36 5.41 5.46 5.52 5.58 5.64 5.70 5.77 5.84 5.92 6.00 6.08 6.16 6.24 6.33 6.42 6.51 6.60 6.69 6.79 6.88 6.98 7.08 7.18 7.28 7.38 7.48 7.58 7.68 7.78 7.88 7.98 8.08 8.18 8.28 8.38 8.47 8.57 8.66
8.77 8.54 8.32 8.10 7.90 7.70 7.51 7.33 7.15 6.98 6.82 6.67 6.53 6.39 6.27 6.15 6.03 5.93 5.82 5.73 5.64 5.55 5.47 5.40 5.33 5.27 5.22 5.17 5.13 5.09 5.07 5.05 5.04 5.03 5.04 5.06 5.09 5.12 5.16 5.20 5.24 5.29 5.34 5.40 5.46 5.52 5.58 5.65 5.72 5.80 5.88 5.95 6.04 6.12 6.21 6.29 6.38 6.47 6.57 6.66 6.76 6.85 6.95 7.05 7.14 7.24 7.34 7.44 7.54 7.64 7.74 7.84 7.94 8.04 8.13 8.23 8.33 8.42 8.51 8.60
8.51 8.29 8.07 7.87 7.67 7.48 7.29 7.12 6.95 6.79 6.64 6.49 6.36 6.23 6.11 5.99 5.89 5.78 5.68 5.59 5.51 5.43 5.35 5.28 5.22 5.16 5.11 5.07 5.03 4.99 4.97 4.95 4.94 4.94 4.95 4.96 4.99 5.03 5.07 5.11 5.16 5.21 5.27 5.33 5.39 5.46 5.53 5.60 5.67 5.75 5.83 5.91 5.99 6.08 6.16 6.25 6.34 6.43 6.53 6.62 6.72 6.81 6.91 7.01 7.11 7.20 7.30 7.40 7.50 7.60 7.70 7.79 7.89 7.99 8.08 8.17 8.27 8.36 8.45 8.54
8.26 8.04 7.84 7.64 7.45 7.26 7.09 6.92 6.76 6.60 6.46 6.32 6.19 6.07 5.96 5.85 5.74 5.64 5.55 5.46 5.38 5.30 5.23 5.17 5.11 5.06 5.01 4.97 4.93 4.90 4.88 4.86 4.85 4.85 4.85 4.87 4.90 4.93 4.98 5.03 5.08 5.14 5.19 5.26 5.32 5.39 5.46 5.54 5.61 5.69 5.77 5.86 5.94 6.03 6.12 6.21 6.30 6.39 6.48 6.58 6.67 6.77 6.87 6.96 7.06 7.16 7.26 7.35 7.45 7.55 7.64 7.74 7.83 7.93 8.02 8.11 8.20 8.29 8.38 8.47
8.02 7.81 7.61 7.42 7.23 7.06 6.89 6.73 6.57 6.43 6.29 6.16 6.04 5.92 5.81 5.71 5.61 5.51 5.42 5.34 5.26 5.19 5.12 5.06 5.01 4.96 4.91 4.88 4.84 4.81 4.79 4.77 4.76 4.76 4.76 4.78 4.80 4.84 4.88 4.94 4.99 5.05 5.11 5.18 5.25 5.32 5.39 5.47 5.55 5.63 5.71 5.80 5.88 5.97 6.06 6.15 6.24 6.34 6.43 6.53 6.62 6.72 6.81 6.91 7.01 7.10 7.20 7.30 7.39 7.49 7.58 7.67 7.77 7.86 7.95 8.03 8.12 8.21 8.30 8.40
7.78 7.58 7.39 7.21 7.03 6.86 6.70 6.55 6.40 6.26 6.13 6.01 5.89 5.78 5.67 5.57 5.47 5.38 5.30 5.22 5.15 5.08 5.01 4.96 4.91 4.86 4.82 4.79 4.75 4.72 4.70 4.68 4.67 4.67 4.68 4.69 4.71 4.74 4.79 4.84 4.90 4.96 5.03 5.10 5.17 5.24 5.32 5.40 5.48 5.56 5.65 5.73 5.82 5.91 6.00 6.09 6.18 6.28 6.37 6.47 6.56 6.66 6.75 6.85 6.95 7.04 7.14 7.23 7.32 7.42 7.51 7.60 7.69 7.78 7.86 7.95 8.04 8.13 8.22 8.32
7.56 7.37 7.18 7.01 6.84 6.67 6.52 6.37 6.23 6.10 5.98 5.86 5.75 5.64 5.54 5.44 5.35 5.26 5.18 5.11 5.04 4.97 4.91 4.86 4.81 4.77 4.74 4.70 4.67 4.64 4.62 4.60 4.59 4.59 4.59 4.60 4.62 4.65 4.69 4.74 4.80 4.87 4.94 5.01 5.08 5.16 5.24 5.32 5.40 5.49 5.57 5.66 5.75 5.84 5.93 6.02 6.12 6.21 6.31 6.40 6.50 6.59 6.69 6.78 6.88 6.97 7.06 7.16 7.25 7.34 7.43 7.52 7.60 7.69 7.77 7.86 7.95 8.04 8.14 8.23
7.35 7.16 6.98 6.81 6.65 6.50 6.35 6.21 6.08 5.95 5.84 5.72 5.61 5.51 5.41 5.32 5.23 5.15 5.07 5.00 4.93 4.87 4.82 4.77 4.72 4.69 4.65 4.62 4.59 4.57 4.54 4.53 4.52 4.51 4.51 4.52 4.54 4.57 4.60 4.64 4.70 4.77 4.84 4.91 4.99 5.07 5.15 5.23 5.32 5.40 5.49 5.58 5.67 5.76 5.86 5.95 6.04 6.14 6.23 6.33 6.42 6.51 6.61 6.70 6.80 6.89 6.98 7.07 7.16 7.25 7.34 7.42 7.51 7.59 7.68 7.77 7.86 7.95 8.05 8.15
7.14 6.97 6.80 6.63 6.48 6.33 6.19 6.06 5.93 5.81 5.70 5.59 5.48 5.38 5.29 5.20 5.12 5.04 4.96 4.89 4.83 4.77 4.72 4.68 4.64 4.60 4.57 4.54 4.52 4.49 4.47 4.46 4.44 4.44 4.44 4.44 4.46 4.48 4.51 4.55 4.60 4.66 4.73 4.81 4.89 4.97 5.05 5.14 5.23 5.31 5.40 5.49 5.59 5.68 5.77 5.86 5.96 6.05 6.15 6.24 6.33 6.43 6.52 6.61 6.71 6.80 6.89 6.98 7.07 7.15 7.24 7.32 7.40 7.49 7.58 7.67 7.76 7.86 7.95 8.05
6.95 6.78 6.62 6.46 6.31 6.17 6.04 5.91 5.79 5.68 5.57 5.46 5.36 5.26 5.17 5.09 5.01 4.93 4.86 4.80 4.74 4.68 4.64 4.59 4.56 4.53 4.50 4.47 4.45 4.42 4.40 4.39 4.37 4.37 4.37 4.37 4.38 4.40 4.43 4.46 4.51 4.56 4.62 4.70 4.78 4.87 4.95 5.04 5.13 5.22 5.31 5.40 5.49 5.58 5.68 5.77 5.86 5.96 6.05 6.15 6.24 6.33 6.43 6.52 6.61 6.70 6.79 6.87 6.96 7.04 7.13 7.21 7.29 7.38 7.47 7.56 7.66 7.75 7.85 7.95
