data_output/RCH/Precip_2006_10.asc
ncols        168
nrows        136
xllcorner    455000
yllcorner    2107000
cellsize     500
NODATA_value     -99999
[rows 34 to 67 of 136, columns 75 to 149 of 168]
91.17 90.65 90.12 89.59 89.01 88.37 87.64 86.85 86.00 85.08 84.11 83.08 82.01 80.88 79.72 78.52 77.29 76.02 74.73 73.42 72.09 70.75 69.40 68.04 66.68 65.32 63.96 62.62 61.29 59.98 58.69 57.43 56.19 54.99 53.83 52.71 51.63 50.60 49.63 48.73 47.92 47.20 46.59 46.08 45.68 45.39 45.22 45.18 45.16 44.84 44.16 43.17 41.90 40.40 38.70 36.84 34.87 32.82 30.75 28.66 26.58 24.52 22.48 20.48 18.52 16.61 14.77 13.01 11.33 9.75 8.27 6.90 5.67 4.56 3.61
91.89 91.34 90.79 90.19 89.52 88.78 87.98 87.10 86.17 85.18 84.14 83.05 81.91 80.74 79.52 78.28 77.00 75.70 74.38 73.04 71.69 70.33 68.96 67.59 66.22 64.87 63.52 62.18 60.87 59.57 58.31 57.07 55.87 54.70 53.58 52.51 51.48 50.51 49.59 48.74 47.97 47.30 46.73 46.28 45.93 45.71 45.61 45.63 45.69 45.45 44.85 43.94 42.75 41.33 39.71 37.94 36.05 34.10 32.13 30.14 28.14 26.14 24.15 22.19 20.26 18.38 16.55 14.78 13.08 11.47 9.95 8.53 7.23 6.05 5.01
92.55 91.98 91.36 90.68 89.92 89.09 88.20 87.25 86.24 85.19 84.08 82.93 81.74 80.51 79.25 77.96 76.65 75.32 73.97 72.60 71.23 69.86 68.48 67.11 65.74 64.39 63.05 61.73 60.43 59.16 57.92 56.71 55.55 54.42 53.35 52.32 51.35 50.44 49.59 48.80 48.09 47.47 46.95 46.55 46.27 46.11 46.08 46.18 46.32 46.16 45.64 44.82 43.71 42.37 40.84 39.15 37.38 35.55 33.69 31.80 29.88 27.96 26.04 24.13 22.24 20.38 18.56 16.79 15.09 13.46 11.90 10.44 9.08 7.84 6.71
93.16 92.53 91.82 91.04 90.20 89.29 88.32 87.29 86.22 85.09 83.93 82.72 81.48 80.21 78.90 77.58 76.23 74.87 73.50 72.12 70.73 69.35 67.97 66.59 65.23 63.89 62.56 61.26 59.98 58.74 57.53 56.36 55.23 54.16 53.13 52.16 51.24 50.39 49.61 48.90 48.26 47.71 47.25 46.90 46.69 46.60 46.64 46.82 47.04 46.97 46.54 45.80 44.78 43.53 42.09 40.53 38.89 37.20 35.45 33.67 31.85 30.01 28.16 26.31 24.46 22.64 20.85 19.09 17.39 15.74 14.16 12.66 11.26 9.95 8.75
93.68 92.95 92.15 91.29 90.36 89.37 88.33 87.24 86.10 84.91 83.69 82.43 81.14 79.83 78.49 77.13 75.76 74.37 72.98 71.59 70.19 68.80 67.42 66.05 64.69 63.36 62.05 60.77 59.52 58.31 57.14 56.01 54.93 53.90 52.93 52.01 51.16 50.38 49.67 49.04 48.48 48.01 47.63 47.35 47.20 47.18 47.30 47.56 47.87 47.88 47.54 46.89 45.96 44.81 43.51 42.11 40.63 39.07 37.45 35.78 34.06 32.32 30.54 28.76 26.97 25.19 23.43 21.69 19.99 18.34 16.75 15.22 13.78 12.42 11.15
94.08 93.26 92.37 91.42 90.41 89.35 88.24 87.08 85.88 84.64 83.37 82.06 80.73 79.38 78.01 76.62 75.22 73.82 72.41 71.01 69.61 68.21 66.84 65.47 64.13 62.82 61.53 60.27 59.06 57.88 56.75 55.66 54.63 53.66 52.74 51.89 51.11 50.40 49.77 49.21 48.74 48.36 48.07 47.88 47.80 47.86 48.06 48.41 48.80 48.91 48.66 48.10 47.27 46.27 45.15 43.92 42.60 41.19 39.71 38.16 36.55 34.90 33.22 31.51 29.78 28.06 26.33 24.62 22.94 21.29 19.69 18.15 16.67 15.26 13.94
94.35 93.44 92.47 91.44 90.36 89.23 88.05 86.83 85.57 84.28 82.96 81.61 80.25 78.86 77.46 76.05 74.63 73.21 71.80 70.38 68.98 67.59 66.22 64.87 63.55 62.25 60.99 59.77 58.59 57.45 56.36 55.33 54.35 53.43 52.58 51.80 51.09 50.45 49.90 49.43 49.05 48.77 48.58 48.49 48.50 48.64 48.93 49.36 49.85 50.05 49.90 49.44 48.78 47.98 47.04 46.00 44.84 43.59 42.25 40.83 39.34 37.80 36.21 34.58 32.93 31.26 29.59 27.91 26.25 24.62 23.02 21.46 19.95 18.51 17.15
94.49 93.50 92.45 91.35 90.20 89.00 87.76 86.49 85.18 83.84 82.48 81.09 79.69 78.27 76.85 75.42 73.99 72.56 71.13 69.72 68.32 66.94 65.58 64.25 62.95 61.68 60.45 59.26 58.11 57.02 55.98 55.00 54.08 53.23 52.44 51.73 51.09 50.54 50.07 49.70 49.41 49.22 49.14 49.16 49.28 49.53 49.90 50.43 51.01 51.31 51.27 50.99 50.54 49.95 49.22 48.36 47.38 46.29 45.10 43.82 42.46 41.03 39.55 38.01 36.44 34.84 33.22 31.59 29.96 28.34 26.75 25.19 23.67 22.20 20.79
94.52 93.45 92.32 91.15 89.93 88.67 87.38 86.05 84.69 83.31 81.91 80.49 79.06 77.62 76.18 74.73 73.29 71.85 70.43 69.02 67.62 66.26 64.91 63.60 62.33 61.09 59.89 58.74 57.64 56.60 55.61 54.69 53.83 53.04 52.33 51.69 51.14 50.67 50.29 50.01 49.82 49.74 49.76 49.89 50.14 50.50 50.98 51.61 52.29 52.70 52.85 52.81 52.60 52.22 51.70 51.03 50.23 49.32 48.28 47.15 45.93 44.63 43.25 41.82 40.33 38.81 37.25 35.67 34.08 32.50 30.92 29.36 27.83 26.34 24.91
94.42 93.28 92.08 90.84 89.56 88.25 86.90 85.53 84.13 82.71 81.27 79.82 78.37 76.91 75.45 73.99 72.54 71.10 69.68 68.28 66.90 65.54 64.22 62.94 61.69 60.49 59.33 58.22 57.17 56.18 55.25 54.39 53.60 52.88 52.24 51.69 51.22 50.84 50.56 50.37 50.29 50.31 50.45 50.69 51.06 51.55 52.16 52.91 53.71 54.33 54.73 54.94 54.97 54.82 54.51 54.05 53.44 52.70 51.84 50.86 49.78 48.61 47.36 46.03 44.64 43.20 41.71 40.19 38.66 37.10 35.55 34.00 32.48 30.98 29.51
94.27 93.05 91.79 90.49 89.15 87.78 86.39 84.97 83.53 82.07 80.61 79.13 77.65 76.18 74.70 73.24 71.79 70.35 68.93 67.54 66.17 64.84 63.54 62.29 61.07 59.91 58.79 57.73 56.73 55.80 54.93 54.13 53.41 52.77 52.21 51.74 51.36 51.07 50.89 50.80 50.82 50.96 51.21 51.58 52.07 52.68 53.43 54.30 55.24 56.11 56.78 57.25 57.53 57.62 57.53 57.28 56.87 56.32 55.63 54.82 53.89 52.86 51.73 50.52 49.23 47.88 46.48 45.03 43.54 42.04 40.51 38.99 37.47 35.97 34.49
94.21 92.92 91.59 90.22 88.83 87.41 85.96 84.50 83.02 81.53 80.03 78.53 77.04 75.54 74.06 72.58 71.13 69.69 68.28 66.90 65.55 64.24 62.97 61.74 60.56 59.43 58.36 57.35 56.40 55.52 54.71 53.98 53.33 52.76 52.28 51.89 51.60 51.41 51.32 51.34 51.47 51.71 52.08 52.57 53.18 53.93 54.80 55.74 56.72 57.72 58.65 59.39 59.92 60.25 60.40 60.36 60.16 59.81 59.30 58.66 57.89 57.01 56.02 54.93 53.75 52.50 51.19 49.81 48.39 46.94 45.46 43.96 42.45 40.95 39.47
94.26 92.90 91.50 90.08 88.62 87.15 85.66 84.15 82.63 81.10 79.58 78.05 76.53 75.02 73.52 72.04 70.58 69.15 67.75 66.38 65.04 63.75 62.50 61.30 60.15 59.06 58.03 57.07 56.17 55.35 54.61 53.94 53.36 52.87 52.46 52.16 51.96 51.86 51.87 51.99 52.22 52.58 53.06 53.67 54.41 55.28 56.22 57.19 58.19 59.23 60.29 61.28 62.07 62.65 63.04 63.23 63.24 63.09 62.78 62.31 61.71 60.98 60.14 59.18 58.13 56.98 55.76 54.47 53.12 51.73 50.29 48.83 47.35 45.86 44.38
94.43 93.00 91.53 90.04 88.53 87.01 85.46 83.91 82.35 80.79 79.24 77.68 76.14 74.61 73.10 71.62 70.15 68.72 67.32 65.96 64.64 63.37 62.15 60.98 59.86 58.81 57.82 56.91 56.06 55.30 54.61 54.01 53.50 53.08 52.76 52.54 52.42 52.42 52.52 52.74 53.09 53.56 54.15 54.88 55.74 56.67 57.63 58.63 59.65 60.71 61.81 62.93 63.97 64.81 65.44 65.87 66.11 66.16 66.05 65.77 65.35 64.78 64.08 63.27 62.34 61.31 60.19 58.99 57.73 56.40 55.02 53.60 52.15 50.68 49.21
94.71 93.21 91.68 90.13 88.56 86.97 85.38 83.79 82.19 80.59 79.01 77.43 75.86 74.32 72.80 71.30 69.84 68.41 67.01 65.66 64.36 63.10 61.90 60.76 59.68 58.67 57.72 56.85 56.06 55.35 54.73 54.19 53.75 53.41 53.16 53.03 53.00 53.08 53.29 53.61 54.06 54.64 55.35 56.19 57.11 58.06 59.05 60.07 61.11 62.20 63.32 64.47 65.63 66.72 67.60 68.27 68.74 69.02 69.11 69.03 68.78 68.39 67.85 67.18 66.39 65.48 64.48 63.38 62.20 60.94 59.63 58.26 56.85 55.41 53.95
95.11 93.53 91.93 90.32 88.69 87.05 85.41 83.77 82.14 80.51 78.89 77.28 75.70 74.14 72.60 71.10 69.63 68.20 66.81 65.47 64.18 62.95 61.77 60.66 59.61 58.64 57.73 56.91 56.17 55.52 54.95 54.48 54.11 53.84 53.68 53.62 53.68 53.86 54.16 54.59 55.14 55.83 56.65 57.55 58.48 59.46 60.46 61.50 62.57 63.68 64.82 65.99 67.18 68.39 69.51 70.44 71.14 71.64 71.95 72.07 72.02 71.80 71.43 70.92 70.27 69.49 68.61 67.61 66.53 65.36 64.11 62.81 61.44 60.04 58.60
95.60 93.96 92.30 90.62 88.93 87.25 85.56 83.87 82.19 80.53 78.88 77.25 75.64 74.06 72.51 71.00 69.53 68.10 66.72 65.39 64.12 62.90 61.75 60.66 59.65 58.71 57.85 57.08 56.39 55.79 55.28 54.88 54.58 54.38 54.30 54.33 54.47 54.74 55.14 55.67 56.33 57.12 57.99 58.91 59.86 60.85 61.88 62.93 64.03 65.16 66.31 67.50 68.71 69.95 71.20 72.35 73.31 74.04 74.57 74.90 75.05 75.02 74.82 74.47 73.97 73.33 72.57 71.70 70.71 69.63 68.47 67.23 65.92 64.56 63.15
96.11 94.49 92.77 91.03 89.29 87.54 85.81 84.08 82.36 80.66 78.98 77.32 75.69 74.09 72.53 71.01 69.54 68.11 66.73 65.42 64.16 62.96 61.83 60.77 59.79 58.89 58.08 57.35 56.71 56.16 55.72 55.38 55.15 55.03 55.02 55.13 55.37 55.73 56.23 56.86 57.61 58.46 59.34 60.27 61.24 62.24 63.29 64.36 65.48 66.63 67.81 69.01 70.24 71.49 72.76 74.04 75.22 76.20 76.96 77.51 77.86 78.03 78.01 77.83 77.49 77.00 76.37 75.62 74.75 73.77 72.69 71.52 70.28 68.97 67.60
96.61 95.04 93.34 91.55 89.75 87.95 86.16 84.39 82.63 80.89 79.18 77.50 75.85 74.23 72.66 71.13 69.65 68.23 66.86 65.55 64.30 63.12 62.02 60.99 60.04 59.18 58.40 57.72 57.13 56.65 56.26 55.99 55.82 55.78 55.85 56.05 56.37 56.82 57.42 58.14 58.94 59.80 60.69 61.63 62.61 63.64 64.69 65.79 66.93 68.09 69.29 70.51 71.76 73.03 74.31 75.61 76.91 78.12 79.11 79.89 80.46 80.82 81.00 80.99 80.82 80.48 80.00 79.37 78.62 77.75 76.76 75.68 74.51 73.26 71.94
97.08 95.57 93.93 92.16 90.32 88.46 86.63 84.81 83.01 81.23 79.49 77.78 76.11 74.48 72.89 71.36 69.87 68.45 67.08 65.78 64.55 63.39 62.31 61.31 60.40 59.57 58.84 58.20 57.66 57.23 56.91 56.70 56.60 56.63 56.78 57.06 57.47 58.02 58.70 59.46 60.28 61.14 62.05 63.00 63.99 65.03 66.10 67.22 68.37 69.56 70.77 72.01 73.27 74.55 75.85 77.16 78.48 79.80 81.02 82.03 82.82 83.40 83.77 83.95 83.95 83.78 83.44 82.96 82.33 81.57 80.69 79.70 78.60 77.42 76.15
97.54 96.08 94.50 92.79 90.97 89.08 87.19 85.33 83.49 81.68 79.91 78.17 76.47 74.83 73.23 71.68 70.19 68.77 67.41 66.12 64.90 63.76 62.71 61.73 60.85 60.06 59.37 58.78 58.29 57.92 57.65 57.51 57.48 57.58 57.81 58.17 58.67 59.30 60.02 60.80 61.62 62.49 63.40 64.36 65.37 66.42 67.51 68.64 69.81 71.01 72.24 73.50 74.78 76.07 77.38 78.70 80.03 81.37 82.70 83.93 84.95 85.74 86.32 86.70 86.88 86.88 86.70 86.36 85.87 85.23 84.46 83.56 82.56 81.45 80.24
97.98 96.57 95.05 93.40 91.65 89.78 87.86 85.95 84.07 82.23 80.42 78.66 76.94 75.28 73.66 72.11 70.62 69.19 67.84 66.56 65.36 64.24 63.20 62.26 61.41 60.65 60.00 59.46 59.03 58.70 58.50 58.42 58.46 58.64 58.95 59.39 59.97 60.64 61.36 62.13 62.96 63.83 64.76 65.73 66.74 67.80 68.91 70.06 71.25 72.47 73.71 74.98 76.27 77.58 78.90 80.23 81.57 82.92 84.27 85.61 86.84 87.86 88.65 89.23 89.60 89.77 89.76 89.58 89.23 88.72 88.07 87.28 86.36 85.33 84.20
98.40 97.04 95.57 93.99 92.30 90.51 88.62 86.68 84.76 82.88 81.04 79.25 77.51 75.83 74.20 72.64 71.14 69.72 68.37 67.10 65.91 64.81 63.80 62.88 62.06 61.35 60.74 60.24 59.86 59.59 59.45 59.43 59.54 59.79 60.18 60.69 61.31 61.98 62.70 63.48 64.30 65.18 66.11 67.09 68.12 69.19 70.31 71.47 72.68 73.91 75.18 76.46 77.76 79.08 80.41 81.76 83.10 84.46 85.81 87.16 88.50 89.73 90.75 91.53 92.10 92.46 92.63 92.60 92.40 92.03 91.50 90.83 90.02 89.08 88.02
98.79 97.49 96.08 94.56 92.93 91.21 89.39 87.49 85.54 83.63 81.76 79.94 78.18 76.48 74.84 73.26 71.77 70.34 69.00 67.73 66.56 65.48 64.49 63.60 62.82 62.14 61.57 61.12 60.78 60.57 60.49 60.54 60.72 61.04 61.49 62.04 62.65 63.32 64.04 64.82 65.65 66.53 67.47 68.46 69.49 70.57 71.71 72.88 74.11 75.36 76.63 77.93 79.24 80.57 81.92 83.27 84.62 85.98 87.34 88.70 90.05 91.38 92.61 93.61 94.38 94.94 95.28 95.43 95.38 95.16 94.76 94.21 93.51 92.67 91.70
99.17 97.92 96.56 95.10 93.54 91.89 90.14 88.32 86.41 84.47 82.57 80.73 78.94 77.22 75.57 73.99 72.49 71.06 69.72 68.47 67.31 66.24 65.28 64.42 63.66 63.02 62.50 62.09 61.81 61.65 61.63 61.74 61.99 62.38 62.86 63.40 64.01 64.67 65.39 66.17 67.00 67.89 68.83 69.82 70.86 71.96 73.10 74.29 75.53 76.79 78.08 79.39 80.72 82.06 83.41 84.77 86.13 87.50 88.86 90.22 91.58 92.92 94.24 95.45 96.43 97.19 97.72 98.04 98.16 98.09 97.84 97.42 96.83 96.10 95.22
99.53 98.33 97.03 95.62 94.13 92.54 90.87 89.12 87.30 85.40 83.48 81.61 79.80 78.07 76.40 74.81 73.30 71.88 70.54 69.30 68.15 67.11 66.16 65.33 64.61 64.00 63.52 63.16 62.93 62.83 62.86 63.04 63.35 63.76 64.23 64.77 65.37 66.03 66.74 67.52 68.35 69.24 70.19 71.18 72.24 73.34 74.49 75.70 76.95 78.23 79.53 80.85 82.18 83.53 84.89 86.26 87.63 89.00 90.37 91.73 93.08 94.43 95.76 97.06 98.25 99.21 99.94 100.45 100.74 100.83 100.73 100.44 99.99 99.36 98.59
99.87 98.72 97.47 96.12 94.69 93.17 91.57 89.90 88.16 86.35 84.48 82.59 80.76 79.00 77.32 75.73 74.21 72.79 71.46 70.22 69.09 68.06 67.14 66.34 65.65 65.08 64.64 64.32 64.14 64.09 64.19 64.42 64.75 65.15 65.61 66.14 66.73 67.39 68.10 68.88 69.71 70.60 71.55 72.55 73.61 74.72 75.88 77.10 78.36 79.65 80.96 82.29 83.64 85.00 86.36 87.74 89.11 90.49 91.86 93.22 94.58 95.92 97.25 98.56 99.84 101.00 101.94 102.64 103.11 103.37 103.42 103.28 102.96 102.46 101.79
100.20 99.09 97.89 96.60 95.23 93.78 92.25 90.65 88.99 87.26 85.48 83.65 81.81 80.04 78.34 76.73 75.22 73.79 72.46 71.24 70.12 69.11 68.21 67.44 66.78 66.25 65.84 65.57 65.44 65.45 65.60 65.84 66.16 66.55 67.00 67.52 68.11 68.75 69.46 70.23 71.07 71.96 72.91 73.91 74.98 76.10 77.27 78.50 79.77 81.07 82.40 83.74 85.09 86.45 87.83 89.20 90.58 91.96 93.34 94.70 96.06 97.40 98.73 100.03 101.32 102.57 103.70 104.60 105.26 105.70 105.91 105.93 105.74 105.37 104.82
100.50 99.44 98.29 97.06 95.75 94.36 92.90 91.38 89.79 88.15 86.46 84.72 82.94 81.16 79.45 77.83 76.31 74.89 73.56 72.35 71.24 70.25 69.38 68.62 68.00 67.50 67.14 66.92 66.83 66.89 67.05 67.28 67.59 67.96 68.40 68.91 69.48 70.12 70.83 71.60 72.43 73.32 74.27 75.28 76.35 77.47 78.65 79.89 81.18 82.49 83.82 85.17 86.53 87.90 89.28 90.66 92.04 93.42 94.80 96.17 97.52 98.86 100.19 101.49 102.77 104.02 105.24 106.33 107.19 107.81 108.20 108.37 108.33 108.10 107.67
100.78 99.77 98.67 97.49 96.24 94.92 93.53 92.08 90.57 89.02 87.41 85.76 84.08 82.36 80.65 79.02 77.50 76.07 74.75 73.55 72.45 71.48 70.63 69.90 69.31 68.85 68.53 68.35 68.31 68.37 68.52 68.73 69.02 69.38 69.81 70.30 70.87 71.50 72.20 72.96 73.79 74.68 75.63 76.64 77.71 78.84 80.03 81.28 82.58 83.90 85.24 86.59 87.96 89.34 90.72 92.11 93.49 94.88 96.25 97.62 98.97 100.31 101.63 102.93 104.20 105.45 106.66 107.84 108.88 109.69 110.26 110.60 110.72 110.63 110.34
101.04 100.08 99.03 97.90 96.71 95.45 94.13 92.76 91.33 89.85 88.33 86.78 85.19 83.57 81.92 80.30 78.77 77.35 76.03 74.83 73.75 72.80 71.97 71.27 70.71 70.28 70.00 69.86 69.83 69.87 70.00 70.19 70.46 70.80 71.22 71.70 72.26 72.88 73.57 74.33 75.15 76.04 76.99 78.00 79.08 80.22 81.41 82.66 83.97 85.30 86.65 88.01 89.39 90.77 92.15 93.54 94.93 96.31 97.69 99.05 100.40 101.74 103.05 104.35 105.61 106.85 108.06 109.23 110.36 111.35 112.11 112.63 112.91 112.97 112.82
101.29 100.36 99.36 98.29 97.16 95.96 94.71 93.41 92.06 90.66 89.23 87.76 86.27 84.75 83.21 81.66 80.13 78.71 77.40 76.21 75.14 74.20 73.39 72.72 72.19 71.80 71.56 71.42 71.36 71.38 71.48 71.66 71.91 72.24 72.64 73.11 73.65 74.27 74.95 75.70 76.52 77.40 78.35 79.37 80.44 81.58 82.78 84.05 85.36 86.70 88.05 89.42 90.80 92.19 93.58 94.97 96.35 97.74 99.11 100.47 101.82 103.15 104.46 105.75 107.01 108.24 109.43 110.59 111.72 112.79 113.72 114.43 114.88 115.10 115.10
101.52 100.63 99.68 98.66 97.59 96.45 95.26 94.03 92.76 91.44 90.10 88.72 87.32 85.90 84.46 83.01 81.56 80.15 78.85 77.66 76.61 75.69 74.90 74.26 73.76 73.40 73.15 72.99 72.91 72.91 72.98 73.14 73.37 73.68 74.06 74.52 75.05 75.65 76.33 77.07 77.88 78.77 79.71 80.73 81.81 82.95 84.15 85.42 86.74 88.09 89.45 90.83 92.21 93.60 94.99 96.38 97.77 99.15 100.52 101.88 103.22 104.55 105.85 107.13 108.38 109.60 110.79 111.94 113.05 114.11 115.13 116.00 116.64 117.03 117.18
101.72 100.88 99.98 99.01 97.99 96.92 95.79 94.63 93.43 92.20 90.93 89.65 88.34 87.02 85.68 84.34 83.00 81.67 80.38 79.21 78.17 77.26 76.50 75.88 75.41 75.04 74.77 74.58 74.47 74.44 74.49 74.63 74.84 75.13 75.50 75.94 76.46 77.05 77.71 78.45 79.25 80.13 81.07 82.09 83.17 84.31 85.52 86.79 88.12 89.48 90.84 92.22 93.61 95.00 96.39 97.78 99.17 100.55 101.91 103.27 104.61 105.93 107.22 108.49 109.74 110.95 112.12 113.26 114.35 115.41 116.41 117.36 118.16 118.73 119.04
