data_output/RCH/Precip_2006_03.asc
ncols        168
nrows        136
xllcorner    455000
yllcorner    2107000
cellsize     500
NODATA_value     -99999
[rows 70 to 104 of 136, columns 79 to 157 of 168]
27.00 26.73 26.40 26.01 25.58 25.09 24.57 24.00 23.39 22.75 22.09 21.39 20.67 19.94 19.21 18.51 17.83 17.19 16.57 15.99 15.44 14.91 14.42 13.96 13.52 13.12 12.75 12.40 12.09 11.81 11.56 11.33 11.14 10.98 10.85 10.75 10.67 10.63 10.62 10.64 10.69 10.76 10.86 10.97 11.09 11.22 11.36 11.51 11.66 11.83 12.01 12.19 12.38 12.58 12.78 12.99 13.21 13.43 13.66 13.89 14.12 14.36 14.60 14.84 15.08 15.33 15.59 15.91 16.34 16.86 17.48 18.20 19.02 19.92 20.89 21.93 23.03 24.18 25.37
26.79 26.53 26.21 25.85 25.43 24.97 24.46 23.91 23.33 22.72 22.07 21.40 20.71 20.00 19.28 18.57 17.89 17.24 16.61 16.02 15.46 14.93 14.43 13.96 13.53 13.12 12.74 12.39 12.07 11.79 11.53 11.30 11.11 10.94 10.81 10.70 10.63 10.58 10.57 10.58 10.63 10.70 10.80 10.91 11.03 11.16 11.30 11.45 11.61 11.78 11.96 12.14 12.34 12.54 12.75 12.96 13.18 13.41 13.64 13.88 14.12 14.36 14.61 14.86 15.12 15.37 15.63 15.90 16.24 16.68 17.24 17.91 18.68 19.53 20.46 21.47 22.54 23.66 24.83
26.56 26.31 26.01 25.66 25.26 24.81 24.32 23.80 23.24 22.64 22.02 21.38 20.71 20.03 19.33 18.63 17.94 17.28 16.65 16.05 15.49 14.95 14.44 13.97 13.52 13.11 12.73 12.38 12.05 11.76 11.50 11.27 11.07 10.90 10.76 10.66 10.58 10.53 10.52 10.53 10.57 10.65 10.74 10.85 10.97 11.10 11.24 11.39 11.55 11.73 11.91 12.10 12.29 12.50 12.71 12.93 13.16 13.39 13.63 13.88 14.12 14.38 14.63 14.89 15.16 15.42 15.69 15.96 16.25 16.63 17.13 17.74 18.45 19.25 20.14 21.10 22.13 23.23 24.37
26.31 26.07 25.78 25.45 25.06 24.63 24.16 23.65 23.11 22.54 21.94 21.31 20.67 20.01 19.34 18.66 17.98 17.32 16.68 16.08 15.50 14.96 14.45 13.97 13.52 13.10 12.71 12.36 12.03 11.74 11.47 11.24 11.03 10.86 10.72 10.61 10.53 10.48 10.46 10.48 10.52 10.59 10.69 10.79 10.91 11.04 11.19 11.34 11.50 11.68 11.86 12.06 12.26 12.47 12.69 12.91 13.14 13.38 13.63 13.88 14.14 14.40 14.66 14.93 15.20 15.48 15.76 16.05 16.37 16.71 17.14 17.68 18.33 19.08 19.92 20.84 21.83 22.89 24.00
26.05 25.82 25.54 25.21 24.84 24.42 23.96 23.47 22.95 22.39 21.81 21.21 20.59 19.95 19.31 18.66 18.00 17.34 16.70 16.09 15.52 14.97 14.45 13.97 13.51 13.09 12.70 12.33 12.00 11.71 11.44 11.20 11.00 10.82 10.68 10.56 10.48 10.43 10.41 10.42 10.47 10.54 10.63 10.74 10.86 10.99 11.13 11.29 11.46 11.63 11.82 12.02 12.22 12.44 12.66 12.89 13.13 13.38 13.63 13.89 14.15 14.42 14.70 14.98 15.26 15.55 15.85 16.17 16.52 16.88 17.28 17.75 18.34 19.02 19.81 20.67 21.62 22.64 23.71
25.77 25.55 25.28 24.96 24.60 24.19 23.74 23.27 22.76 22.22 21.65 21.07 20.47 19.86 19.24 18.62 17.99 17.36 16.72 16.11 15.52 14.97 14.45 13.96 13.50 13.07 12.67 12.31 11.98 11.67 11.40 11.16 10.95 10.78 10.63 10.52 10.43 10.38 10.36 10.37 10.41 10.48 10.58 10.68 10.80 10.94 11.08 11.24 11.41 11.59 11.78 11.98 12.19 12.41 12.64 12.88 13.13 13.38 13.64 13.91 14.18 14.46 14.74 15.03 15.32 15.63 15.97 16.32 16.70 17.09 17.51 17.95 18.46 19.08 19.80 20.62 21.51 22.48 23.52
25.48 25.27 25.00 24.69 24.33 23.93 23.50 23.03 22.53 22.01 21.46 20.90 20.32 19.74 19.14 18.54 17.94 17.33 16.72 16.11 15.52 14.96 14.44 13.94 13.48 13.05 12.65 12.28 11.94 11.64 11.36 11.12 10.91 10.73 10.58 10.47 10.38 10.33 10.31 10.32 10.36 10.43 10.52 10.63 10.75 10.89 11.03 11.19 11.37 11.55 11.75 11.95 12.17 12.39 12.63 12.87 13.12 13.38 13.65 13.93 14.21 14.49 14.79 15.09 15.40 15.74 16.11 16.50 16.90 17.33 17.77 18.23 18.71 19.26 19.92 20.67 21.51 22.43 23.41
25.18 24.97 24.71 24.40 24.05 23.66 23.23 22.77 22.28 21.77 21.24 20.70 20.14 19.58 19.01 18.43 17.85 17.27 16.68 16.10 15.52 14.95 14.42 13.92 13.46 13.02 12.62 12.24 11.90 11.60 11.32 11.07 10.86 10.68 10.53 10.41 10.33 10.27 10.25 10.26 10.30 10.37 10.47 10.57 10.70 10.83 10.98 11.15 11.32 11.51 11.71 11.92 12.14 12.37 12.61 12.86 13.12 13.39 13.67 13.95 14.24 14.54 14.84 15.16 15.51 15.88 16.28 16.70 17.14 17.59 18.06 18.54 19.04 19.56 20.14 20.83 21.61 22.47 23.41
24.87 24.66 24.40 24.09 23.74 23.36 22.94 22.49 22.01 21.51 21.00 20.47 19.94 19.40 18.85 18.30 17.74 17.18 16.61 16.05 15.49 14.94 14.40 13.90 13.43 12.99 12.58 12.21 11.86 11.55 11.27 11.03 10.81 10.63 10.48 10.36 10.27 10.22 10.19 10.20 10.24 10.32 10.41 10.52 10.64 10.78 10.94 11.10 11.28 11.47 11.68 11.89 12.12 12.36 12.60 12.86 13.13 13.40 13.69 13.98 14.28 14.59 14.91 15.27 15.65 16.05 16.48 16.92 17.39 17.87 18.37 18.88 19.41 19.94 20.49 21.10 21.81 22.61 23.49
24.55 24.34 24.08 23.77 23.42 23.04 22.62 22.18 21.71 21.23 20.73 20.23 19.71 19.19 18.66 18.13 17.59 17.05 16.51 15.97 15.43 14.90 14.37 13.86 13.39 12.95 12.54 12.16 11.81 11.50 11.22 10.97 10.76 10.57 10.42 10.30 10.21 10.16 10.13 10.14 10.18 10.26 10.35 10.46 10.59 10.73 10.89 11.06 11.24 11.44 11.64 11.87 12.10 12.34 12.59 12.86 13.13 13.42 13.71 14.01 14.32 14.65 15.01 15.39 15.81 16.24 16.70 17.17 17.67 18.18 18.71 19.24 19.79 20.35 20.91 21.49 22.13 22.86 23.68
24.23 24.01 23.74 23.43 23.08 22.70 22.29 21.85 21.40 20.93 20.45 19.97 19.47 18.97 18.46 17.94 17.42 16.90 16.38 15.86 15.35 14.83 14.32 13.82 13.35 12.90 12.49 12.11 11.76 11.45 11.16 10.91 10.70 10.51 10.36 10.24 10.15 10.09 10.07 10.08 10.12 10.20 10.29 10.41 10.54 10.68 10.84 11.01 11.20 11.40 11.61 11.84 12.08 12.33 12.59 12.86 13.14 13.43 13.74 14.05 14.38 14.74 15.13 15.55 15.99 16.46 16.94 17.45 17.97 18.51 19.06 19.62 20.20 20.78 21.36 21.95 22.56 23.22 23.97
23.89 23.67 23.39 23.08 22.73 22.35 21.94 21.51 21.07 20.62 20.16 19.69 19.21 18.72 18.23 17.73 17.23 16.73 16.23 15.73 15.23 14.74 14.25 13.77 13.30 12.85 12.43 12.05 11.70 11.39 11.10 10.85 10.63 10.45 10.29 10.17 10.08 10.03 10.01 10.02 10.06 10.13 10.23 10.35 10.48 10.63 10.79 10.97 11.16 11.36 11.58 11.81 12.06 12.31 12.58 12.86 13.15 13.45 13.77 14.10 14.46 14.86 15.28 15.73 16.20 16.69 17.21 17.74 18.29 18.86 19.43 20.02 20.62 21.22 21.83 22.45 23.06 23.68 24.36
23.55 23.31 23.04 22.72 22.36 21.98 21.58 21.17 20.74 20.31 19.86 19.40 18.93 18.46 17.99 17.50 17.02 16.54 16.05 15.57 15.09 14.62 14.15 13.68 13.23 12.79 12.37 11.99 11.64 11.32 11.03 10.78 10.56 10.38 10.22 10.10 10.01 9.96 9.94 9.95 9.99 10.07 10.17 10.29 10.42 10.57 10.74 10.92 11.12 11.33 11.55 11.79 12.04 12.30 12.58 12.87 13.16 13.48 13.81 14.17 14.57 15.00 15.45 15.93 16.43 16.95 17.50 18.06 18.63 19.22 19.83 20.44 21.06 21.69 22.32 22.95 23.59 24.22 24.86
23.20 22.96 22.67 22.34 21.99 21.62 21.23 20.83 20.41 19.99 19.55 19.10 18.65 18.19 17.73 17.26 16.79 16.32 15.86 15.39 14.93 14.47 14.02 13.57 13.14 12.71 12.30 11.92 11.57 11.25 10.96 10.71 10.49 10.30 10.15 10.03 9.94 9.89 9.86 9.88 9.92 10.00 10.10 10.22 10.36 10.51 10.68 10.87 11.07 11.29 11.52 11.76 12.02 12.29 12.57 12.87 13.18 13.51 13.88 14.27 14.70 15.16 15.64 16.15 16.68 17.23 17.80 18.39 18.99 19.61 20.24 20.87 21.52 22.17 22.82 23.47 24.13 24.78 25.43
22.85 22.59 22.29 21.97 21.62 21.25 20.88 20.48 20.08 19.66 19.24 18.80 18.36 17.91 17.46 17.01 16.55 16.10 15.64 15.19 14.74 14.30 13.87 13.44 13.02 12.61 12.22 11.84 11.49 11.17 10.88 10.63 10.41 10.22 10.07 9.95 9.86 9.81 9.79 9.80 9.85 9.93 10.03 10.16 10.30 10.46 10.63 10.82 11.03 11.25 11.48 11.74 12.00 12.28 12.57 12.88 13.21 13.57 13.97 14.40 14.86 15.34 15.86 16.39 16.95 17.53 18.13 18.74 19.37 20.01 20.66 21.32 21.99 22.66 23.33 24.01 24.68 25.35 26.02
22.50 22.22 21.92 21.60 21.26 20.90 20.53 20.14 19.74 19.34 18.92 18.50 18.06 17.63 17.19 16.75 16.30 15.86 15.42 14.98 14.54 14.12 13.70 13.28 12.88 12.49 12.11 11.75 11.40 11.08 10.79 10.54 10.32 10.13 9.98 9.86 9.77 9.72 9.71 9.72 9.77 9.85 9.96 10.09 10.23 10.39 10.57 10.77 10.98 11.21 11.45 11.71 11.98 12.27 12.57 12.90 13.26 13.65 14.08 14.55 15.04 15.55 16.09 16.66 17.25 17.85 18.47 19.11 19.77 20.43 21.10 21.79 22.48 23.17 23.86 24.56 25.25 25.94 26.62
22.14 21.86 21.56 21.24 20.91 20.55 20.19 19.81 19.42 19.02 18.61 18.19 17.77 17.34 16.91 16.48 16.04 15.61 15.18 14.75 14.33 13.92 13.51 13.11 12.72 12.34 11.98 11.63 11.30 10.98 10.70 10.44 10.22 10.04 9.89 9.77 9.68 9.63 9.62 9.64 9.69 9.77 9.88 10.01 10.16 10.33 10.51 10.71 10.93 11.16 11.41 11.68 11.96 12.25 12.58 12.94 13.33 13.76 14.22 14.71 15.23 15.78 16.35 16.94 17.56 18.19 18.84 19.50 20.18 20.86 21.56 22.26 22.97 23.69 24.40 25.11 25.82 26.53 27.23
21.80 21.52 21.22 20.90 20.57 20.22 19.86 19.48 19.10 18.70 18.30 17.89 17.47 17.05 16.63 16.21 15.78 15.36 14.94 14.52 14.11 13.70 13.31 12.92 12.54 12.18 11.83 11.49 11.17 10.87 10.59 10.34 10.12 9.94 9.79 9.67 9.59 9.54 9.53 9.55 9.60 9.69 9.80 9.94 10.09 10.26 10.45 10.65 10.88 11.12 11.37 11.65 11.94 12.25 12.61 13.00 13.43 13.89 14.38 14.90 15.45 16.02 16.62 17.24 17.88 18.54 19.21 19.90 20.60 21.31 22.03 22.75 23.48 24.22 24.95 25.68 26.41 27.13 27.85
21.47 21.19 20.90 20.58 20.25 19.90 19.54 19.17 18.79 18.40 18.00 17.59 17.18 16.77 16.35 15.93 15.52 15.10 14.69 14.28 13.88 13.48 13.10 12.72 12.35 12.00 11.66 11.34 11.03 10.74 10.47 10.23 10.01 9.83 9.68 9.56 9.48 9.44 9.43 9.45 9.51 9.60 9.72 9.85 10.01 10.19 10.38 10.59 10.82 11.07 11.33 11.62 11.93 12.28 12.66 13.09 13.55 14.04 14.56 15.11 15.69 16.29 16.91 17.56 18.23 18.91 19.61 20.32 21.04 21.77 22.51 23.26 24.01 24.76 25.51 26.26 27.00 27.74 28.47
21.18 20.90 20.60 20.28 19.95 19.60 19.24 18.87 18.49 18.11 17.71 17.31 16.90 16.49 16.08 15.67 15.25 14.84 14.44 14.04 13.64 13.26 12.88 12.51 12.15 11.81 11.48 11.17 10.87 10.60 10.34 10.10 9.89 9.71 9.56 9.45 9.37 9.33 9.32 9.35 9.41 9.50 9.62 9.76 9.93 10.11 10.31 10.53 10.76 11.02 11.29 11.59 11.94 12.32 12.74 13.19 13.68 14.21 14.76 15.34 15.94 16.57 17.22 17.89 18.58 19.29 20.01 20.75 21.49 22.24 23.00 23.77 24.54 25.31 26.07 26.84 27.60 28.36 29.10
20.91 20.62 20.32 20.01 19.67 19.33 18.97 18.60 18.22 17.83 17.43 17.03 16.63 16.22 15.81 15.40 15.00 14.59 14.19 13.80 13.41 13.03 12.65 12.29 11.95 11.61 11.29 10.99 10.70 10.43 10.19 9.96 9.76 9.59 9.44 9.33 9.25 9.21 9.21 9.24 9.30 9.40 9.53 9.67 9.84 10.02 10.23 10.46 10.70 10.96 11.26 11.59 11.97 12.38 12.84 13.32 13.84 14.39 14.97 15.58 16.21 16.87 17.54 18.24 18.96 19.69 20.43 21.19 21.95 22.73 23.51 24.29 25.08 25.86 26.65 27.43 28.21 28.98 29.74
20.67 20.38 20.08 19.76 19.42 19.07 18.71 18.34 17.96 17.57 17.18 16.78 16.37 15.97 15.56 15.15 14.75 14.34 13.95 13.56 13.17 12.80 12.43 12.07 11.73 11.40 11.09 10.80 10.52 10.26 10.02 9.81 9.62 9.45 9.31 9.20 9.13 9.09 9.09 9.12 9.19 9.29 9.42 9.57 9.74 9.94 10.15 10.38 10.63 10.92 11.24 11.61 12.02 12.47 12.95 13.47 14.02 14.60 15.20 15.84 16.50 17.18 17.88 18.60 19.34 20.09 20.86 21.64 22.42 23.22 24.02 24.82 25.62 26.43 27.23 28.03 28.82 29.60 30.38
20.47 20.18 19.87 19.54 19.20 18.85 18.48 18.11 17.72 17.33 16.94 16.54 16.13 15.72 15.32 14.91 14.51 14.11 13.71 13.32 12.94 12.57 12.21 11.86 11.52 11.20 10.89 10.60 10.33 10.08 9.85 9.64 9.46 9.30 9.17 9.06 8.99 8.96 8.96 9.00 9.07 9.18 9.31 9.47 9.64 9.84 10.06 10.30 10.58 10.89 11.25 11.65 12.09 12.57 13.08 13.63 14.21 14.82 15.45 16.11 16.80 17.50 18.23 18.97 19.74 20.51 21.30 22.10 22.90 23.72 24.53 25.35 26.18 27.00 27.81 28.63 29.43 30.23 31.02
20.31 20.01 19.69 19.36 19.01 18.65 18.28 17.90 17.51 17.12 16.72 16.32 15.91 15.50 15.09 14.69 14.28 13.88 13.49 13.10 12.72 12.35 11.99 11.64 11.30 10.99 10.68 10.40 10.13 9.89 9.66 9.46 9.28 9.13 9.01 8.92 8.85 8.82 8.83 8.87 8.94 9.05 9.19 9.35 9.54 9.74 9.97 10.23 10.54 10.89 11.28 11.71 12.18 12.69 13.23 13.81 14.42 15.05 15.71 16.40 17.11 17.84 18.59 19.36 20.14 20.94 21.75 22.57 23.39 24.22 25.06 25.90 26.74 27.57 28.40 29.23 30.05 30.86 31.66
20.19 19.88 19.55 19.21 18.86 18.49 18.11 17.73 17.33 16.93 16.53 16.12 15.71 15.30 14.89 14.48 14.07 13.67 13.27 12.88 12.50 12.13 11.77 11.43 11.10 10.78 10.48 10.20 9.93 9.69 9.47 9.28 9.11 8.96 8.84 8.76 8.70 8.67 8.68 8.73 8.81 8.92 9.07 9.24 9.43 9.64 9.89 10.18 10.52 10.90 11.33 11.79 12.29 12.83 13.40 14.00 14.64 15.30 15.99 16.70 17.43 18.19 18.96 19.75 20.56 21.38 22.20 23.04 23.89 24.74 25.59 26.44 27.30 28.15 29.00 29.84 30.67 31.49 32.30
20.11 19.79 19.45 19.10 18.74 18.36 17.98 17.59 17.19 16.78 16.37 15.95 15.54 15.12 14.71 14.29 13.88 13.48 13.08 12.69 12.31 11.93 11.57 11.23 10.89 10.58 10.28 10.00 9.74 9.50 9.28 9.09 8.92 8.78 8.67 8.59 8.53 8.52 8.53 8.58 8.66 8.79 8.94 9.11 9.31 9.54 9.82 10.15 10.52 10.94 11.39 11.89 12.42 12.98 13.58 14.21 14.87 15.56 16.28 17.01 17.77 18.55 19.34 20.16 20.98 21.82 22.67 23.53 24.39 25.26 26.12 27.00 27.86 28.73 29.59 30.44 31.29 32.12 32.94
20.08 19.74 19.40 19.04 18.66 18.28 17.88 17.48 17.07 16.66 16.24 15.82 15.39 14.97 14.55 14.13 13.71 13.31 12.90 12.51 12.12 11.75 11.39 11.04 10.70 10.39 10.09 9.81 9.55 9.31 9.09 8.90 8.74 8.60 8.49 8.41 8.36 8.35 8.37 8.42 8.51 8.64 8.79 8.98 9.19 9.46 9.77 10.13 10.54 10.98 11.47 12.00 12.56 13.15 13.78 14.44 15.12 15.84 16.57 17.33 18.12 18.92 19.74 20.57 21.41 22.27 23.14 24.01 24.89 25.78 26.66 27.55 28.43 29.31 30.18 31.05 31.91 32.75 33.58
20.10 19.75 19.39 19.02 18.63 18.23 17.83 17.42 17.00 16.57 16.14 15.71 15.28 14.85 14.42 14.00 13.57 13.16 12.75 12.35 11.96 11.58 11.21 10.86 10.53 10.21 9.90 9.62 9.36 9.12 8.91 8.72 8.55 8.42 8.31 8.23 8.19 8.17 8.20 8.26 8.35 8.48 8.65 8.85 9.10 9.40 9.75 10.14 10.57 11.05 11.57 12.12 12.71 13.33 13.99 14.67 15.38 16.12 16.88 17.67 18.47 19.29 20.13 20.99 21.85 22.73 23.61 24.51 25.40 26.30 27.20 28.10 29.00 29.89 30.78 31.66 32.52 33.38 34.22
20.17 19.81 19.43 19.04 18.64 18.24 17.82 17.39 16.96 16.52 16.09 15.64 15.20 14.76 14.32 13.89 13.46 13.04 12.62 12.21 11.82 11.43 11.06 10.70 10.36 10.04 9.74 9.45 9.19 8.94 8.73 8.54 8.37 8.23 8.13 8.05 8.01 8.00 8.02 8.08 8.18 8.32 8.50 8.74 9.02 9.36 9.73 10.16 10.62 11.13 11.68 12.26 12.88 13.53 14.21 14.92 15.65 16.42 17.20 18.01 18.83 19.68 20.54 21.41 22.30 23.19 24.09 25.00 25.91 26.83 27.75 28.66 29.57 30.47 31.37 32.26 33.14 34.00 34.85
20.27 19.89 19.50 19.10 18.69 18.26 17.83 17.39 16.95 16.50 16.05 15.60 15.15 14.70 14.25 13.80 13.37 12.93 12.51 12.10 11.69 11.30 10.92 10.56 10.21 9.89 9.58 9.29 9.02 8.78 8.56 8.36 8.20 8.06 7.95 7.88 7.83 7.82 7.85 7.91 8.01 8.16 8.37 8.63 8.95 9.32 9.73 10.18 10.68 11.22 11.79 12.40 13.04 13.72 14.43 15.16 15.92 16.71 17.52 18.34 19.19 20.06 20.94 21.83 22.73 23.64 24.56 25.49 26.42 27.35 28.28 29.20 30.13 31.04 31.95 32.85 33.74 34.61 35.47
20.38 19.99 19.58 19.16 18.74 18.30 17.85 17.40 16.95 16.48 16.02 15.56 15.10 14.64 14.18 13.72 13.28 12.84 12.40 11.98 11.57 11.17 10.79 10.42 10.07 9.74 9.42 9.13 8.86 8.61 8.39 8.20 8.03 7.89 7.78 7.70 7.66 7.65 7.68 7.74 7.85 8.01 8.23 8.52 8.87 9.27 9.71 10.20 10.72 11.29 11.89 12.53 13.20 13.90 14.63 15.39 16.18 16.99 17.82 18.67 19.54 20.42 21.32 22.23 23.15 24.08 25.02 25.96 26.90 27.85 28.79 29.73 30.66 31.59 32.51 33.42 34.31 35.20 36.06
20.49 20.08 19.66 19.23 18.78 18.33 17.87 17.41 16.94 16.47 16.00 15.52 15.05 14.58 14.11 13.65 13.19 12.74 12.30 11.87 11.45 11.05 10.66 10.29 9.93 9.59 9.27 8.98 8.70 8.45 8.23 8.03 7.86 7.72 7.61 7.54 7.50 7.49 7.52 7.59 7.71 7.87 8.11 8.41 8.79 9.22 9.69 10.20 10.76 11.35 11.98 12.65 13.34 14.07 14.83 15.61 16.42 17.25 18.10 18.97 19.86 20.77 21.69 22.61 23.55 24.50 25.45 26.41 27.37 28.32 29.28 30.23 31.18 32.12 33.05 33.96 34.87 35.76 36.63
20.60 20.17 19.74 19.29 18.83 18.37 17.90 17.42 16.94 16.45 15.97 15.48 15.00 14.52 14.04 13.57 13.10 12.65 12.20 11.76 11.34 10.93 10.53 10.15 9.79 9.45 9.13 8.83 8.55 8.30 8.07 7.87 7.70 7.56 7.45 7.37 7.33 7.33 7.36 7.45 7.58 7.75 7.99 8.31 8.70 9.15 9.66 10.20 10.78 11.41 12.06 12.75 13.48 14.23 15.01 15.82 16.65 17.50 18.38 19.27 20.18 21.10 22.04 22.98 23.94 24.90 25.87 26.84 27.81 28.78 29.75 30.72 31.67 32.62 33.56 34.49 35.40 36.30 37.18
20.70 20.26 19.81 19.35 18.88 18.40 17.92 17.43 16.93 16.44 15.94 15.45 14.95 14.46 13.97 13.49 13.02 12.55 12.10 11.65 11.22 10.81 10.41 10.02 9.65 9.31 8.98 8.68 8.40 8.14 7.91 7.71 7.54 7.40 7.29 7.21 7.17 7.17 7.22 7.32 7.46 7.64 7.89 8.22 8.63 9.09 9.62 10.19 10.80 11.45 12.14 12.85 13.60 14.38 15.18 16.01 16.87 17.74 18.64 19.55 20.48 21.42 22.37 23.34 24.31 25.29 26.27 27.26 28.24 29.23 30.21 31.18 32.15 33.11 34.06 34.99 35.91 36.82 37.70
20.81 20.35 19.89 19.41 18.93 18.43 17.94 17.43 16.93 16.42 15.91 15.41 14.90 14.40 13.90 13.41 12.93 12.46 12.00 11.54 11.11 10.68 10.28 9.89 9.52 9.17 8.84 8.53 8.25 7.99 7.76 7.55 7.38 7.24 7.13 7.05 7.02 7.03 7.09 7.20 7.35 7.54 7.81 8.15 8.56 9.04 9.58 10.18 10.82 11.49 12.20 12.95 13.72 14.52 15.35 16.20 17.08 17.97 18.89 19.82 20.77 21.73 22.70 23.68 24.67 25.66 26.66 27.66 28.66 29.65 30.64 31.63 32.61 33.58 34.53 35.48 36.40 37.31 38.20
