data_output/RCH/Precip_1984_11.asc
ncols        168
nrows        136
xllcorner    455000
yllcorner    2107000
cellsize     500
NODATA_value     -99999
[rows 0 to 36 of 136, columns 84 to 167 of 168]
2.69 2.72 2.74 2.77 2.79 2.80 2.82 2.84 2.85 2.86 2.87 2.88 2.88 2.89 2.89 2.90 2.90 2.90 2.90 2.90 2.90 2.90 2.89 2.89 2.89 2.89 2.88 2.88 2.88 2.87 2.86 2.85 2.84 2.83 2.82 2.81 2.80 2.79 2.78 2.78 2.78 2.79 2.81 2.84 2.88 2.92 2.97 3.03 3.10 3.17 3.25 3.33 3.41 3.50 3.58 3.66 3.74 3.81 3.89 3.96 4.04 4.11 4.17 4.24 4.30 4.36 4.41 4.46 4.51 4.55 4.59 4.62 4.65 4.67 4.69 4.70 4.71 4.71 4.70 4.68 4.66 4.64 4.61 4.59
2.66 2.68 2.71 2.73 2.75 2.77 2.79 2.80 2.82 2.83 2.84 2.84 2.85 2.86 2.86 2.86 2.86 2.86 2.86 2.86 2.86 2.86 2.86 2.85 2.85 2.85 2.84 2.84 2.83 2.82 2.81 2.80 2.79 2.77 2.76 2.75 2.73 2.72 2.71 2.70 2.71 2.71 2.73 2.75 2.78 2.82 2.87 2.92 2.98 3.05 3.13 3.21 3.29 3.37 3.45 3.53 3.61 3.69 3.76 3.84 3.91 3.97 4.04 4.10 4.16 4.22 4.27 4.31 4.36 4.40 4.43 4.46 4.48 4.50 4.51 4.52 4.52 4.51 4.50 4.48 4.45 4.43 4.40 4.38
2.62 2.65 2.67 2.70 2.72 2.74 2.75 2.77 2.78 2.79 2.80 2.81 2.82 2.82 2.83 2.83 2.83 2.83 2.83 2.83 2.82 2.82 2.82 2.81 2.81 2.81 2.80 2.79 2.78 2.77 2.75 2.74 2.72 2.71 2.69 2.68 2.66 2.65 2.64 2.63 2.63 2.63 2.64 2.66 2.69 2.73 2.77 2.81 2.87 2.93 3.00 3.08 3.16 3.24 3.32 3.40 3.48 3.56 3.63 3.70 3.77 3.84 3.90 3.96 4.02 4.07 4.12 4.16 4.20 4.24 4.26 4.29 4.31 4.32 4.33 4.33 4.32 4.31 4.29 4.27 4.24 4.22 4.20 4.18
2.59 2.61 2.64 2.66 2.69 2.70 2.72 2.74 2.75 2.76 2.77 2.78 2.78 2.79 2.79 2.79 2.79 2.79 2.79 2.79 2.79 2.78 2.78 2.78 2.77 2.76 2.75 2.74 2.73 2.71 2.70 2.68 2.66 2.64 2.63 2.61 2.59 2.58 2.56 2.55 2.55 2.55 2.56 2.58 2.60 2.63 2.66 2.71 2.76 2.81 2.88 2.95 3.02 3.10 3.18 3.26 3.34 3.42 3.49 3.56 3.63 3.69 3.75 3.81 3.86 3.91 3.96 4.00 4.04 4.07 4.09 4.11 4.13 4.14 4.14 4.13 4.12 4.11 4.08 4.06 4.04 4.02 4.00 3.98
2.55 2.58 2.61 2.63 2.65 2.67 2.69 2.70 2.72 2.73 2.74 2.74 2.75 2.75 2.76 2.76 2.76 2.76 2.76 2.75 2.75 2.75 2.74 2.74 2.73 2.72 2.70 2.69 2.67 2.66 2.64 2.62 2.60 2.58 2.56 2.54 2.52 2.50 2.49 2.47 2.47 2.47 2.47 2.49 2.51 2.53 2.56 2.60 2.65 2.70 2.75 2.82 2.89 2.96 3.04 3.12 3.20 3.27 3.34 3.41 3.48 3.54 3.60 3.66 3.71 3.75 3.80 3.83 3.87 3.90 3.92 3.93 3.94 3.95 3.94 3.93 3.92 3.90 3.88 3.86 3.84 3.82 3.80 3.79
2.51 2.54 2.57 2.60 2.62 2.64 2.65 2.67 2.68 2.69 2.70 2.71 2.72 2.72 2.72 2.72 2.72 2.72 2.72 2.72 2.71 2.71 2.70 2.69 2.68 2.67 2.65 2.64 2.62 2.60 2.57 2.55 2.53 2.51 2.49 2.46 2.44 2.43 2.41 2.40 2.39 2.39 2.39 2.40 2.41 2.44 2.46 2.50 2.54 2.58 2.63 2.69 2.75 2.82 2.89 2.97 3.04 3.12 3.19 3.26 3.32 3.38 3.44 3.50 3.54 3.59 3.63 3.66 3.69 3.72 3.73 3.75 3.75 3.75 3.74 3.73 3.71 3.69 3.67 3.65 3.64 3.62 3.61 3.60
2.48 2.51 2.54 2.56 2.58 2.60 2.62 2.63 2.65 2.66 2.67 2.68 2.68 2.68 2.69 2.69 2.69 2.69 2.68 2.68 2.68 2.67 2.66 2.65 2.64 2.62 2.60 2.58 2.56 2.53 2.51 2.49 2.46 2.44 2.41 2.39 2.37 2.35 2.33 2.32 2.31 2.30 2.30 2.31 2.32 2.34 2.36 2.39 2.43 2.46 2.51 2.56 2.61 2.68 2.74 2.81 2.89 2.96 3.03 3.10 3.16 3.22 3.28 3.33 3.38 3.42 3.45 3.49 3.51 3.53 3.55 3.55 3.56 3.55 3.54 3.52 3.50 3.49 3.47 3.46 3.45 3.43 3.42 3.41
2.44 2.47 2.50 2.53 2.55 2.57 2.59 2.60 2.61 2.62 2.63 2.64 2.65 2.65 2.65 2.65 2.65 2.65 2.65 2.64 2.64 2.63 2.62 2.60 2.59 2.57 2.54 2.52 2.50 2.47 2.45 2.42 2.39 2.37 2.34 2.32 2.30 2.27 2.25 2.24 2.23 2.22 2.22 2.22 2.23 2.25 2.26 2.29 2.32 2.35 2.39 2.43 2.48 2.54 2.59 2.66 2.73 2.80 2.87 2.93 3.00 3.05 3.11 3.16 3.20 3.24 3.28 3.30 3.33 3.34 3.35 3.36 3.35 3.35 3.33 3.32 3.30 3.29 3.28 3.27 3.26 3.25 3.24 3.23
2.41 2.44 2.47 2.49 2.51 2.53 2.55 2.57 2.58 2.59 2.60 2.61 2.61 2.62 2.62 2.62 2.62 2.61 2.61 2.60 2.60 2.59 2.57 2.55 2.53 2.51 2.49 2.46 2.44 2.41 2.38 2.35 2.32 2.30 2.27 2.24 2.22 2.20 2.18 2.16 2.15 2.14 2.13 2.14 2.14 2.15 2.17 2.19 2.21 2.24 2.27 2.31 2.35 2.40 2.45 2.50 2.56 2.63 2.70 2.76 2.82 2.88 2.93 2.98 3.02 3.06 3.09 3.12 3.14 3.15 3.16 3.16 3.15 3.14 3.12 3.11 3.10 3.09 3.08 3.08 3.07 3.06 3.06 3.05
2.38 2.41 2.43 2.46 2.48 2.50 2.52 2.53 2.55 2.56 2.57 2.57 2.58 2.58 2.58 2.58 2.58 2.58 2.57 2.57 2.55 2.54 2.52 2.50 2.48 2.45 2.43 2.40 2.37 2.34 2.31 2.28 2.25 2.22 2.20 2.17 2.14 2.12 2.10 2.08 2.07 2.06 2.05 2.05 2.05 2.06 2.07 2.08 2.10 2.13 2.15 2.19 2.22 2.26 2.31 2.35 2.41 2.46 2.52 2.59 2.65 2.70 2.75 2.80 2.84 2.87 2.90 2.92 2.94 2.95 2.95 2.95 2.94 2.93 2.92 2.91 2.91 2.90 2.90 2.89 2.89 2.88 2.88 2.87
2.34 2.37 2.40 2.42 2.44 2.46 2.48 2.50 2.51 2.52 2.53 2.54 2.54 2.55 2.55 2.55 2.54 2.54 2.53 2.52 2.51 2.49 2.47 2.45 2.42 2.40 2.37 2.34 2.31 2.28 2.24 2.21 2.18 2.15 2.12 2.09 2.07 2.04 2.02 2.00 1.99 1.98 1.97 1.96 1.96 1.97 1.97 1.98 2.00 2.02 2.04 2.07 2.09 2.13 2.16 2.21 2.25 2.30 2.35 2.41 2.46 2.52 2.57 2.61 2.65 2.68 2.71 2.73 2.74 2.75 2.75 2.74 2.73 2.73 2.72 2.72 2.72 2.71 2.71 2.71 2.71 2.70 2.70 2.70
2.31 2.34 2.36 2.39 2.41 2.43 2.45 2.46 2.48 2.49 2.50 2.50 2.51 2.51 2.51 2.51 2.51 2.50 2.49 2.48 2.46 2.44 2.42 2.39 2.36 2.34 2.30 2.27 2.24 2.21 2.17 2.14 2.11 2.08 2.05 2.02 1.99 1.97 1.94 1.92 1.91 1.89 1.89 1.88 1.88 1.88 1.88 1.89 1.90 1.91 1.93 1.95 1.97 2.00 2.03 2.06 2.10 2.14 2.18 2.23 2.28 2.33 2.38 2.42 2.45 2.48 2.51 2.52 2.53 2.54 2.54 2.53 2.53 2.53 2.53 2.53 2.53 2.53 2.53 2.53 2.53 2.53 2.53 2.53
2.28 2.30 2.33 2.35 2.38 2.40 2.41 2.43 2.44 2.45 2.46 2.47 2.47 2.48 2.48 2.47 2.47 2.46 2.45 2.43 2.41 2.39 2.36 2.33 2.30 2.27 2.24 2.21 2.17 2.14 2.10 2.07 2.04 2.00 1.97 1.94 1.92 1.89 1.87 1.85 1.83 1.82 1.80 1.80 1.79 1.79 1.79 1.79 1.80 1.80 1.82 1.83 1.85 1.87 1.89 1.92 1.95 1.98 2.01 2.05 2.09 2.14 2.18 2.22 2.25 2.28 2.30 2.32 2.32 2.33 2.33 2.33 2.33 2.34 2.34 2.34 2.34 2.35 2.35 2.36 2.36 2.36 2.37 2.37
2.24 2.27 2.30 2.32 2.34 2.36 2.38 2.40 2.41 2.42 2.43 2.43 2.44 2.44 2.44 2.44 2.43 2.42 2.40 2.38 2.36 2.33 2.31 2.28 2.24 2.21 2.18 2.14 2.11 2.07 2.03 2.00 1.96 1.93 1.90 1.87 1.84 1.81 1.79 1.77 1.75 1.74 1.72 1.71 1.70 1.70 1.70 1.70 1.70 1.70 1.71 1.72 1.73 1.74 1.76 1.78 1.80 1.82 1.85 1.88 1.91 1.95 1.98 2.02 2.05 2.08 2.09 2.11 2.11 2.12 2.12 2.13 2.14 2.14 2.15 2.16 2.16 2.17 2.18 2.18 2.19 2.20 2.20 2.21
2.21 2.24 2.26 2.29 2.31 2.33 2.35 2.36 2.37 2.39 2.39 2.40 2.40 2.41 2.40 2.40 2.39 2.37 2.35 2.33 2.30 2.28 2.25 2.21 2.18 2.15 2.11 2.07 2.04 2.00 1.96 1.93 1.89 1.86 1.82 1.79 1.76 1.74 1.71 1.69 1.68 1.66 1.64 1.63 1.62 1.61 1.61 1.60 1.60 1.60 1.60 1.61 1.61 1.62 1.63 1.64 1.66 1.67 1.69 1.71 1.73 1.76 1.79 1.81 1.84 1.87 1.88 1.89 1.90 1.91 1.92 1.94 1.95 1.96 1.97 1.98 1.99 2.00 2.01 2.02 2.03 2.04 2.04 2.05
2.18 2.20 2.23 2.25 2.27 2.29 2.31 2.33 2.34 2.35 2.36 2.37 2.37 2.37 2.36 2.35 2.34 2.32 2.30 2.28 2.25 2.22 2.19 2.15 2.12 2.08 2.04 2.01 1.97 1.93 1.89 1.85 1.82 1.78 1.75 1.72 1.69 1.66 1.64 1.62 1.60 1.58 1.57 1.55 1.54 1.53 1.52 1.51 1.51 1.50 1.50 1.50 1.50 1.50 1.50 1.51 1.52 1.52 1.54 1.55 1.56 1.58 1.59 1.61 1.63 1.65 1.67 1.68 1.70 1.71 1.73 1.74 1.76 1.77 1.79 1.80 1.82 1.83 1.84 1.85 1.87 1.88 1.89 1.90
2.15 2.17 2.20 2.22 2.24 2.26 2.28 2.29 2.31 2.32 2.33 2.33 2.33 2.33 2.32 2.31 2.29 2.27 2.25 2.22 2.19 2.16 2.13 2.09 2.05 2.01 1.98 1.94 1.90 1.86 1.82 1.78 1.74 1.71 1.68 1.64 1.62 1.59 1.57 1.55 1.53 1.51 1.49 1.48 1.46 1.45 1.43 1.42 1.41 1.41 1.40 1.39 1.39 1.38 1.38 1.38 1.38 1.38 1.38 1.39 1.39 1.40 1.41 1.41 1.42 1.44 1.46 1.48 1.50 1.52 1.54 1.55 1.57 1.59 1.61 1.63 1.65 1.66 1.68 1.69 1.71 1.72 1.74 1.75
2.11 2.14 2.16 2.19 2.21 2.23 2.24 2.26 2.27 2.28 2.29 2.30 2.29 2.29 2.28 2.26 2.24 2.22 2.19 2.16 2.13 2.10 2.06 2.03 1.99 1.95 1.91 1.87 1.83 1.79 1.75 1.71 1.67 1.64 1.60 1.57 1.54 1.52 1.49 1.47 1.45 1.43 1.42 1.40 1.38 1.37 1.35 1.34 1.32 1.31 1.30 1.29 1.28 1.27 1.26 1.25 1.25 1.24 1.24 1.23 1.23 1.22 1.22 1.22 1.22 1.23 1.25 1.27 1.30 1.32 1.35 1.37 1.39 1.42 1.44 1.46 1.48 1.50 1.52 1.54 1.56 1.57 1.59 1.60
2.08 2.11 2.13 2.15 2.17 2.19 2.21 2.22 2.24 2.25 2.26 2.26 2.25 2.24 2.23 2.21 2.19 2.17 2.14 2.11 2.07 2.04 2.00 1.96 1.92 1.88 1.84 1.80 1.76 1.72 1.68 1.64 1.60 1.56 1.53 1.50 1.47 1.44 1.42 1.40 1.38 1.36 1.34 1.33 1.31 1.29 1.27 1.26 1.24 1.22 1.21 1.19 1.18 1.16 1.15 1.13 1.12 1.11 1.09 1.08 1.07 1.06 1.05 1.04 1.03 1.04 1.05 1.08 1.10 1.13 1.16 1.19 1.22 1.24 1.27 1.29 1.32 1.34 1.36 1.39 1.41 1.42 1.44 1.46
2.05 2.07 2.10 2.12 2.14 2.16 2.17 2.19 2.20 2.21 2.22 2.21 2.21 2.20 2.18 2.16 2.14 2.11 2.08 2.05 2.01 1.97 1.94 1.90 1.85 1.81 1.77 1.73 1.69 1.64 1.60 1.56 1.53 1.49 1.46 1.43 1.40 1.37 1.35 1.33 1.31 1.29 1.27 1.25 1.23 1.21 1.19 1.18 1.16 1.14 1.12 1.09 1.07 1.05 1.03 1.01 0.99 0.97 0.95 0.93 0.91 0.89 0.87 0.86 0.86 0.86 0.87 0.89 0.91 0.95 0.98 1.01 1.04 1.07 1.10 1.13 1.16 1.19 1.21 1.24 1.26 1.28 1.30 1.32
2.01 2.04 2.06 2.08 2.10 2.12 2.14 2.15 2.17 2.17 2.17 2.17 2.16 2.15 2.13 2.11 2.08 2.05 2.02 1.99 1.95 1.91 1.87 1.83 1.79 1.74 1.70 1.66 1.62 1.57 1.53 1.49 1.46 1.42 1.39 1.36 1.33 1.31 1.28 1.27 1.25 1.23 1.21 1.19 1.16 1.14 1.12 1.10 1.07 1.05 1.03 1.00 0.98 0.95 0.93 0.90 0.87 0.85 0.82 0.79 0.76 0.74 0.71 0.70 0.69 0.69 0.70 0.71 0.73 0.77 0.80 0.84 0.87 0.91 0.94 0.97 1.01 1.04 1.06 1.09 1.12 1.14 1.16 1.19
1.98 2.00 2.03 2.05 2.07 2.09 2.10 2.12 2.12 2.13 2.13 2.12 2.11 2.09 2.07 2.05 2.02 1.99 1.96 1.92 1.89 1.85 1.80 1.76 1.72 1.68 1.63 1.59 1.55 1.50 1.46 1.42 1.39 1.35 1.32 1.29 1.26 1.24 1.22 1.20 1.18 1.16 1.14 1.12 1.10 1.07 1.05 1.02 1.00 0.97 0.94 0.91 0.88 0.85 0.82 0.79 0.76 0.72 0.69 0.65 0.62 0.59 0.57 0.55 0.54 0.54 0.54 0.55 0.57 0.59 0.63 0.67 0.71 0.75 0.78 0.82 0.85 0.89 0.92 0.95 0.98 1.01 1.03 1.05
1.95 1.97 1.99 2.01 2.03 2.05 2.07 2.08 2.08 2.08 2.08 2.07 2.06 2.04 2.02 1.99 1.97 1.93 1.90 1.86 1.82 1.78 1.74 1.70 1.65 1.61 1.56 1.52 1.48 1.43 1.39 1.35 1.32 1.28 1.25 1.22 1.19 1.17 1.15 1.14 1.12 1.10 1.08 1.06 1.03 1.01 0.98 0.95 0.92 0.89 0.86 0.83 0.80 0.76 0.72 0.69 0.65 0.61 0.56 0.52 0.49 0.46 0.43 0.41 0.40 0.39 0.39 0.40 0.42 0.44 0.47 0.50 0.55 0.59 0.63 0.67 0.71 0.74 0.78 0.81 0.84 0.87 0.90 0.93
1.91 1.94 1.96 1.98 2.00 2.01 2.02 2.03 2.03 2.03 2.02 2.01 2.00 1.98 1.96 1.93 1.90 1.87 1.84 1.80 1.76 1.72 1.67 1.63 1.58 1.54 1.50 1.45 1.41 1.37 1.33 1.29 1.25 1.22 1.18 1.16 1.13 1.11 1.09 1.08 1.06 1.04 1.02 0.99 0.97 0.94 0.92 0.89 0.85 0.82 0.79 0.75 0.71 0.67 0.63 0.59 0.54 0.49 0.45 0.40 0.37 0.33 0.31 0.29 0.27 0.26 0.26 0.26 0.27 0.29 0.32 0.35 0.39 0.43 0.48 0.52 0.56 0.60 0.64 0.68 0.71 0.74 0.77 0.80
1.88 1.90 1.92 1.94 1.96 1.97 1.98 1.98 1.98 1.98 1.97 1.96 1.94 1.92 1.90 1.87 1.84 1.81 1.77 1.73 1.69 1.65 1.61 1.56 1.52 1.47 1.43 1.38 1.34 1.30 1.26 1.22 1.18 1.15 1.12 1.09 1.07 1.05 1.03 1.02 1.00 0.98 0.96 0.94 0.91 0.88 0.85 0.82 0.79 0.75 0.71 0.67 0.63 0.59 0.54 0.49 0.44 0.39 0.34 0.30 0.26 0.22 0.20 0.17 0.15 0.14 0.14 0.14 0.15 0.16 0.18 0.21 0.24 0.29 0.33 0.38 0.42 0.47 0.51 0.55 0.58 0.62 0.65 0.68
1.84 1.87 1.89 1.91 1.92 1.93 1.93 1.93 1.93 1.92 1.91 1.90 1.88 1.86 1.83 1.81 1.78 1.74 1.71 1.67 1.63 1.58 1.54 1.50 1.45 1.40 1.36 1.32 1.27 1.23 1.19 1.15 1.12 1.09 1.06 1.03 1.01 0.99 0.97 0.96 0.94 0.93 0.90 0.88 0.86 0.83 0.80 0.76 0.72 0.69 0.64 0.60 0.55 0.50 0.45 0.40 0.34 0.29 0.24 0.20 0.16 0.13 0.10 0.07 0.05 0.04 0.03 0.03 0.03 0.04 0.06 0.08 0.11 0.15 0.19 0.24 0.29 0.33 0.38 0.42 0.46 0.50 0.53 0.57
1.81 1.83 1.85 1.86 1.87 1.88 1.88 1.88 1.87 1.86 1.85 1.83 1.82 1.79 1.77 1.74 1.71 1.68 1.64 1.60 1.56 1.52 1.47 1.43 1.38 1.34 1.29 1.25 1.21 1.17 1.13 1.09 1.06 1.02 1.00 0.97 0.95 0.93 0.92 0.91 0.89 0.87 0.85 0.83 0.80 0.77 0.74 0.71 0.67 0.62 0.58 0.53 0.48 0.43 0.37 0.31 0.26 0.21 0.16 0.11 0.07 0.04 0.01 0.00 0.00 0.00 0.00 0.00 0.00 0.00 0.00 0.00 0.00 0.02 0.06 0.11 0.16 0.21 0.25 0.30 0.34 0.38 0.42 0.45
1.77 1.79 1.81 1.82 1.82 1.83 1.83 1.82 1.81 1.80 1.79 1.77 1.75 1.73 1.70 1.67 1.64 1.61 1.57 1.53 1.49 1.45 1.41 1.36 1.32 1.27 1.23 1.18 1.14 1.10 1.06 1.03 0.99 0.96 0.94 0.91 0.89 0.88 0.87 0.86 0.84 0.83 0.81 0.78 0.75 0.72 0.69 0.65 0.61 0.57 0.52 0.47 0.42 0.36 0.30 0.24 0.19 0.13 0.09 0.04 0.00 0.00 0.00 0.00 0.00 0.00 0.00 0.00 0.00 0.00 0.00 0.00 0.00 0.00 0.00 0.00 0.03 0.08 0.13 0.18 0.22 0.27 0.31 0.34
1.73 1.75 1.76 1.77 1.77 1.77 1.77 1.76 1.75 1.74 1.72 1.70 1.68 1.66 1.63 1.60 1.57 1.54 1.50 1.46 1.42 1.38 1.34 1.30 1.25 1.21 1.16 1.12 1.08 1.04 1.00 0.97 0.93 0.91 0.88 0.86 0.84 0.83 0.82 0.81 0.80 0.78 0.76 0.74 0.71 0.68 0.64 0.60 0.56 0.52 0.47 0.41 0.35 0.29 0.23 0.18 0.12 0.07 0.03 0.00 0.00 0.00 0.00 0.00 0.00 0.00 0.00 0.00 0.00 0.00 0.00 0.00 0.00 0.00 0.00 0.00 0.00 0.00 0.01 0.06 0.11 0.16 0.20 0.24
1.69 1.70 1.71 1.71 1.72 1.71 1.71 1.70 1.69 1.67 1.65 1.63 1.61 1.59 1.56 1.53 1.50 1.46 1.43 1.39 1.35 1.31 1.27 1.23 1.19 1.14 1.10 1.06 1.02 0.98 0.94 0.91 0.88 0.85 0.83 0.81 0.79 0.78 0.77 0.76 0.75 0.74 0.72 0.70 0.67 0.64 0.60 0.56 0.52 0.47 0.41 0.36 0.30 0.24 0.18 0.13 0.07 0.02 0.00 0.00 0.00 0.00 0.00 0.00 0.00 0.00 0.00 0.00 0.00 0.00 0.00 0.00 0.00 0.00 0.00 0.00 0.00 0.00 0.00 0.00 0.00 0.05 0.09 0.14
1.65 1.65 1.66 1.66 1.66 1.65 1.64 1.63 1.62 1.60 1.58 1.56 1.54 1.51 1.48 1.45 1.42 1.39 1.36 1.32 1.28 1.24 1.20 1.16 1.12 1.08 1.04 1.00 0.96 0.92 0.88 0.85 0.82 0.80 0.77 0.76 0.74 0.73 0.73 0.72 0.71 0.70 0.68 0.66 0.63 0.60 0.56 0.52 0.48 0.42 0.37 0.31 0.25 0.20 0.14 0.09 0.04 0.00 0.00 0.00 0.00 0.00 0.00 0.00 0.00 0.00 0.00 0.00 0.00 0.00 0.00 0.00 0.00 0.00 0.00 0.00 0.00 0.00 0.00 0.00 0.00 0.00 0.00 0.04
1.59 1.60 1.60 1.60 1.59 1.59 1.58 1.56 1.55 1.53 1.51 1.49 1.46 1.44 1.41 1.38 1.35 1.32 1.28 1.25 1.21 1.17 1.14 1.10 1.06 1.02 0.98 0.94 0.90 0.86 0.83 0.80 0.77 0.75 0.73 0.71 0.70 0.69 0.69 0.68 0.68 0.67 0.65 0.63 0.60 0.57 0.53 0.49 0.44 0.39 0.33 0.27 0.22 0.16 0.11 0.06 0.01 0.00 0.00 0.00 0.00 0.00 0.00 0.00 0.00 0.00 0.00 0.00 0.00 0.00 0.00 0.00 0.00 0.00 0.00 0.00 0.00 0.00 0.00 0.00 0.00 0.00 0.00 0.00
1.54 1.54 1.54 1.54 1.53 1.52 1.51 1.49 1.47 1.45 1.43 1.41 1.39 1.36 1.33 1.30 1.27 1.24 1.21 1.17 1.14 1.10 1.07 1.03 0.99 0.95 0.92 0.88 0.84 0.81 0.78 0.75 0.72 0.70 0.68 0.66 0.66 0.65 0.65 0.65 0.65 0.64 0.62 0.60 0.57 0.54 0.50 0.46 0.41 0.36 0.30 0.25 0.20 0.14 0.09 0.04 0.00 0.00 0.00 0.00 0.00 0.00 0.00 0.00 0.00 0.00 0.00 0.00 0.00 0.00 0.00 0.00 0.00 0.00 0.00 0.00 0.00 0.00 0.00 0.00 0.00 0.00 0.00 0.00
1.48 1.48 1.48 1.47 1.46 1.45 1.43 1.42 1.40 1.38 1.36 1.33 1.31 1.28 1.25 1.22 1.19 1.16 1.13 1.10 1.06 1.03 0.99 0.96 0.93 0.89 0.86 0.82 0.79 0.76 0.73 0.70 0.67 0.65 0.64 0.62 0.62 0.61 0.62 0.62 0.62 0.61 0.59 0.57 0.55 0.51 0.48 0.43 0.38 0.33 0.28 0.23 0.18 0.13 0.08 0.04 0.00 0.00 0.00 0.00 0.00 0.00 0.00 0.00 0.00 0.00 0.00 0.00 0.00 0.00 0.00 0.00 0.00 0.00 0.00 0.00 0.00 0.00 0.00 0.00 0.00 0.00 0.00 0.00
1.42 1.42 1.41 1.40 1.39 1.37 1.36 1.34 1.32 1.30 1.28 1.25 1.23 1.20 1.17 1.14 1.11 1.08 1.05 1.02 0.99 0.96 0.92 0.89 0.86 0.83 0.80 0.77 0.74 0.71 0.68 0.65 0.63 0.61 0.60 0.59 0.58 0.58 0.59 0.59 0.59 0.59 0.57 0.55 0.53 0.50 0.46 0.41 0.37 0.32 0.28 0.23 0.18 0.13 0.09 0.04 0.00 0.00 0.00 0.00 0.00 0.00 0.00 0.00 0.00 0.00 0.00 0.00 0.00 0.00 0.00 0.00 0.00 0.00 0.00 0.00 0.00 0.00 0.00 0.00 0.00 0.00 0.00 0.00
1.36 1.35 1.34 1.33 1.31 1.30 1.28 1.26 1.24 1.22 1.19 1.17 1.14 1.12 1.09 1.06 1.03 1.00 0.97 0.94 0.91 0.88 0.85 0.82 0.79 0.76 0.74 0.71 0.68 0.66 0.63 0.61 0.59 0.57 0.56 0.55 0.55 0.55 0.56 0.57 0.57 0.57 0.56 0.54 0.51 0.48 0.44 0.41 0.36 0.32 0.28 0.24 0.19 0.15 0.10 0.06 0.01 0.00 0.00 0.00 0.00 0.00 0.00 0.00 0.00 0.00 0.00 0.00 0.00 0.00 0.00 0.00 0.00 0.00 0.00 0.00 0.00 0.00 0.00 0.00 0.00 0.00 0.00 0.00
1.29 1.28 1.27 1.25 1.24 1.22 1.20 1.18 1.16 1.13 1.11 1.08 1.06 1.03 1.00 0.98 0.95 0.92 0.89 0.86 0.83 0.81 0.78 0.75 0.73 0.70 0.67 0.65 0.63 0.61 0.59 0.57 0.55 0.54 0.53 0.52 0.52 0.53 0.54 0.55 0.56 0.56 0.55 0.53 0.50 0.47 0.44 0.41 0.37 0.33 0.29 0.25 0.21 0.17 0.13 0.09 0.04 0.00 0.00 0.00 0.00 0.00 0.00 0.00 0.00 0.00 0.00 0.00 0.00 0.00 0.00 0.00 0.00 0.00 0.00 0.00 0.00 0.00 0.00 0.00 0.00 0.00 0.00 0.00
