data_output/RCH/Precip_2009_12.asc
ncols        168
nrows        136
xllcorner    455000
yllcorner    2107000
cellsize     500
NODATA_value     -99999
[rows 0 to 36 of 136, columns 84 to 167 of 168]
2.60 2.76 2.93 3.11 3.29 3.49 3.68 3.87 4.06 4.25 4.43 4.61 4.79 4.96 5.13 5.29 5.45 5.60 5.75 5.89 6.04 6.18 6.32 6.46 6.60 6.74 6.87 7.00 7.13 7.25 7.37 7.49 7.61 7.72 7.84 7.95 8.05 8.15 8.25 8.35 8.44 8.53 8.62 8.70 8.77 8.84 8.91 8.97 9.03 9.08 9.13 9.17 9.20 9.23 9.26 9.28 9.29 9.30 9.30 9.29 9.27 9.25 9.23 9.19 9.15 9.10 9.04 8.98 8.90 8.82 8.73 8.63 8.53 8.41 8.29 8.14 7.96 7.74 7.49 7.20 6.88 6.52 6.13 5.70
2.14 2.29 2.45 2.61 2.79 2.97 3.16 3.35 3.53 3.72 3.90 4.08 4.26 4.43 4.60 4.76 4.92 5.07 5.22 5.37 5.52 5.66 5.81 5.95 6.09 6.23 6.37 6.50 6.63 6.76 6.89 7.01 7.14 7.26 7.37 7.49 7.60 7.71 7.82 7.92 8.02 8.11 8.20 8.29 8.37 8.45 8.53 8.60 8.66 8.72 8.77 8.82 8.87 8.91 8.94 8.97 8.99 9.00 9.01 9.01 9.01 9.00 8.98 8.95 8.92 8.88 8.83 8.78 8.72 8.65 8.57 8.48 8.38 8.28 8.17 8.04 7.90 7.72 7.51 7.25 6.97 6.64 6.28 5.89
1.69 1.83 1.98 2.13 2.30 2.47 2.65 2.83 3.02 3.20 3.38 3.56 3.74 3.91 4.08 4.24 4.40 4.55 4.70 4.85 5.00 5.15 5.30 5.44 5.59 5.73 5.87 6.01 6.14 6.28 6.41 6.54 6.67 6.79 6.92 7.04 7.15 7.27 7.38 7.49 7.59 7.70 7.79 7.89 7.98 8.06 8.14 8.22 8.29 8.36 8.42 8.48 8.53 8.58 8.62 8.65 8.68 8.71 8.72 8.74 8.74 8.74 8.73 8.71 8.69 8.66 8.62 8.58 8.52 8.46 8.39 8.32 8.23 8.14 8.04 7.93 7.81 7.66 7.49 7.27 7.02 6.74 6.41 6.06
1.26 1.39 1.52 1.67 1.82 1.98 2.15 2.33 2.51 2.69 2.87 3.05 3.22 3.40 3.56 3.73 3.89 4.04 4.19 4.35 4.50 4.65 4.80 4.94 5.09 5.24 5.38 5.52 5.66 5.80 5.94 6.07 6.20 6.33 6.46 6.59 6.71 6.83 6.95 7.06 7.17 7.28 7.39 7.49 7.58 7.67 7.76 7.85 7.93 8.00 8.07 8.13 8.19 8.25 8.30 8.34 8.38 8.41 8.44 8.46 8.47 8.48 8.48 8.47 8.46 8.43 8.41 8.37 8.33 8.28 8.22 8.15 8.08 7.99 7.90 7.80 7.69 7.57 7.44 7.26 7.05 6.80 6.51 6.19
0.84 0.96 1.09 1.22 1.37 1.52 1.68 1.84 2.01 2.19 2.37 2.54 2.72 2.89 3.06 3.22 3.38 3.54 3.69 3.85 4.00 4.15 4.30 4.45 4.60 4.75 4.90 5.04 5.19 5.33 5.47 5.61 5.75 5.88 6.02 6.15 6.28 6.40 6.52 6.64 6.76 6.87 6.98 7.09 7.19 7.29 7.39 7.48 7.56 7.64 7.72 7.79 7.86 7.92 7.98 8.03 8.07 8.11 8.15 8.18 8.20 8.21 8.22 8.22 8.22 8.21 8.19 8.16 8.13 8.09 8.04 7.98 7.92 7.84 7.76 7.67 7.58 7.47 7.35 7.21 7.04 6.83 6.58 6.29
0.44 0.55 0.67 0.80 0.93 1.07 1.22 1.37 1.53 1.70 1.88 2.05 2.23 2.40 2.56 2.73 2.89 3.05 3.20 3.36 3.51 3.67 3.82 3.97 4.13 4.28 4.43 4.58 4.72 4.87 5.02 5.16 5.30 5.44 5.58 5.71 5.85 5.98 6.10 6.23 6.35 6.47 6.59 6.70 6.81 6.91 7.01 7.11 7.20 7.29 7.37 7.45 7.53 7.59 7.66 7.72 7.77 7.82 7.86 7.90 7.92 7.95 7.97 7.98 7.98 7.98 7.97 7.95 7.93 7.90 7.86 7.81 7.75 7.69 7.62 7.54 7.45 7.36 7.25 7.14 7.00 6.83 6.62 6.37
0.05 0.16 0.27 0.38 0.51 0.64 0.78 0.92 1.08 1.24 1.40 1.57 1.75 1.92 2.08 2.25 2.41 2.57 2.72 2.88 3.04 3.19 3.35 3.50 3.66 3.81 3.97 4.12 4.27 4.42 4.57 4.72 4.86 5.01 5.15 5.29 5.43 5.56 5.69 5.82 5.95 6.07 6.19 6.31 6.43 6.54 6.64 6.75 6.85 6.94 7.03 7.12 7.20 7.27 7.34 7.41 7.47 7.52 7.57 7.62 7.65 7.69 7.71 7.73 7.74 7.75 7.75 7.74 7.72 7.70 7.67 7.63 7.59 7.54 7.47 7.40 7.33 7.24 7.15 7.04 6.93 6.79 6.62 6.41
0.00 0.00 0.00 0.00 0.11 0.23 0.36 0.50 0.64 0.79 0.95 1.11 1.28 1.45 1.62 1.78 1.94 2.10 2.26 2.42 2.57 2.73 2.89 3.05 3.20 3.36 3.52 3.67 3.83 3.98 4.13 4.28 4.43 4.58 4.73 4.87 5.01 5.15 5.29 5.42 5.56 5.69 5.81 5.93 6.05 6.17 6.28 6.39 6.50 6.60 6.69 6.78 6.87 6.95 7.03 7.10 7.17 7.23 7.29 7.34 7.39 7.43 7.46 7.49 7.51 7.52 7.53 7.53 7.52 7.51 7.49 7.46 7.42 7.38 7.33 7.27 7.20 7.12 7.04 6.94 6.84 6.73 6.60 6.43
0.00 0.00 0.00 0.00 0.00 0.00 0.00 0.09 0.23 0.37 0.52 0.67 0.83 1.00 1.16 1.33 1.49 1.65 1.81 1.97 2.13 2.29 2.45 2.61 2.77 2.92 3.08 3.24 3.40 3.56 3.71 3.86 4.02 4.17 4.32 4.47 4.61 4.76 4.90 5.04 5.17 5.31 5.44 5.56 5.69 5.81 5.93 6.04 6.15 6.26 6.36 6.46 6.55 6.64 6.73 6.80 6.88 6.95 7.01 7.07 7.12 7.17 7.21 7.24 7.27 7.29 7.31 7.32 7.32 7.32 7.30 7.28 7.26 7.22 7.18 7.13 7.07 7.00 6.93 6.84 6.75 6.65 6.54 6.41
0.00 0.00 0.00 0.00 0.00 0.00 0.00 0.00 0.00 0.00 0.11 0.25 0.41 0.57 0.73 0.89 1.06 1.21 1.37 1.53 1.70 1.86 2.02 2.18 2.34 2.50 2.66 2.82 2.98 3.14 3.30 3.46 3.61 3.77 3.92 4.07 4.22 4.37 4.52 4.66 4.80 4.94 5.07 5.21 5.33 5.46 5.58 5.70 5.82 5.93 6.04 6.14 6.24 6.34 6.43 6.51 6.59 6.67 6.74 6.80 6.86 6.92 6.96 7.01 7.04 7.07 7.10 7.11 7.12 7.13 7.12 7.11 7.09 7.07 7.03 6.99 6.94 6.88 6.82 6.74 6.66 6.57 6.47 6.36
0.00 0.00 0.00 0.00 0.00 0.00 0.00 0.00 0.00 0.00 0.00 0.00 0.01 0.16 0.31 0.48 0.64 0.80 0.96 1.12 1.28 1.44 1.61 1.77 1.93 2.10 2.26 2.42 2.58 2.75 2.91 3.07 3.22 3.38 3.54 3.69 3.85 4.00 4.15 4.29 4.44 4.58 4.72 4.86 4.99 5.12 5.25 5.37 5.49 5.61 5.72 5.83 5.94 6.04 6.13 6.23 6.31 6.39 6.47 6.54 6.61 6.67 6.72 6.77 6.82 6.85 6.89 6.91 6.93 6.94 6.94 6.94 6.93 6.91 6.89 6.86 6.81 6.77 6.71 6.65 6.57 6.49 6.40 6.30
0.00 0.00 0.00 0.00 0.00 0.00 0.00 0.00 0.00 0.00 0.00 0.00 0.00 0.00 0.00 0.08 0.24 0.40 0.56 0.72 0.89 1.05 1.21 1.38 1.54 1.71 1.87 2.04 2.20 2.36 2.53 2.69 2.85 3.01 3.17 3.33 3.48 3.64 3.79 3.94 4.09 4.24 4.38 4.52 4.66 4.79 4.92 5.05 5.18 5.30 5.42 5.53 5.64 5.75 5.85 5.95 6.04 6.13 6.21 6.29 6.36 6.43 6.49 6.55 6.60 6.64 6.68 6.71 6.74 6.76 6.77 6.77 6.77 6.76 6.75 6.72 6.69 6.65 6.60 6.55 6.48 6.41 6.33 6.24
0.00 0.00 0.00 0.00 0.00 0.00 0.00 0.00 0.00 0.00 0.00 0.00 0.00 0.00 0.00 0.00 0.00 0.02 0.18 0.35 0.51 0.67 0.84 1.00 1.17 1.34 1.50 1.67 1.83 2.00 2.16 2.33 2.49 2.66 2.82 2.98 3.14 3.29 3.45 3.60 3.75 3.90 4.05 4.20 4.34 4.48 4.61 4.75 4.88 5.00 5.12 5.24 5.36 5.47 5.58 5.68 5.78 5.87 5.96 6.05 6.12 6.20 6.27 6.33 6.39 6.44 6.48 6.52 6.55 6.58 6.60 6.61 6.62 6.62 6.61 6.59 6.57 6.54 6.50 6.45 6.40 6.33 6.26 6.18
0.00 0.00 0.00 0.00 0.00 0.00 0.00 0.00 0.00 0.00 0.00 0.00 0.00 0.00 0.00 0.00 0.00 0.00 0.00 0.00 0.14 0.31 0.47 0.64 0.81 0.97 1.14 1.31 1.48 1.64 1.81 1.98 2.14 2.31 2.47 2.64 2.80 2.96 3.12 3.27 3.43 3.58 3.73 3.88 4.02 4.17 4.31 4.44 4.58 4.71 4.84 4.96 5.08 5.20 5.31 5.42 5.52 5.62 5.72 5.81 5.89 5.97 6.04 6.11 6.18 6.23 6.29 6.33 6.37 6.41 6.43 6.45 6.47 6.47 6.47 6.46 6.45 6.43 6.40 6.36 6.31 6.26 6.19 6.12
0.00 0.00 0.00 0.00 0.00 0.00 0.00 0.00 0.00 0.00 0.00 0.00 0.00 0.00 0.00 0.00 0.00 0.00 0.00 0.00 0.00 0.00 0.11 0.28 0.45 0.62 0.79 0.95 1.12 1.29 1.46 1.63 1.80 1.96 2.13 2.29 2.46 2.62 2.78 2.94 3.10 3.26 3.41 3.56 3.71 3.86 4.00 4.14 4.28 4.42 4.55 4.68 4.80 4.92 5.04 5.15 5.26 5.37 5.47 5.56 5.65 5.74 5.82 5.90 5.97 6.03 6.09 6.14 6.19 6.23 6.26 6.29 6.31 6.33 6.33 6.33 6.33 6.31 6.29 6.26 6.22 6.18 6.12 6.06
0.00 0.00 0.00 0.00 0.00 0.00 0.00 0.00 0.00 0.00 0.00 0.00 0.00 0.00 0.00 0.00 0.00 0.00 0.00 0.00 0.00 0.00 0.00 0.00 0.09 0.26 0.43 0.60 0.77 0.94 1.11 1.28 1.45 1.62 1.79 1.96 2.12 2.29 2.45 2.61 2.78 2.93 3.09 3.25 3.40 3.55 3.70 3.84 3.99 4.13 4.26 4.39 4.52 4.65 4.77 4.89 5.01 5.12 5.22 5.32 5.42 5.51 5.60 5.68 5.75 5.83 5.89 5.95 6.00 6.05 6.09 6.13 6.16 6.18 6.19 6.20 6.20 6.19 6.18 6.16 6.13 6.09 6.05 6.00
0.00 0.00 0.00 0.00 0.00 0.00 0.00 0.00 0.00 0.00 0.00 0.00 0.00 0.00 0.00 0.00 0.00 0.00 0.00 0.00 0.00 0.00 0.00 0.00 0.00 0.00 0.08 0.25 0.42 0.59 0.76 0.94 1.11 1.28 1.45 1.62 1.79 1.96 2.12 2.29 2.45 2.61 2.77 2.93 3.09 3.24 3.39 3.54 3.69 3.83 3.97 4.11 4.25 4.38 4.50 4.63 4.75 4.86 4.97 5.08 5.18 5.28 5.37 5.46 5.54 5.62 5.69 5.76 5.82 5.87 5.92 5.96 6.00 6.03 6.05 6.06 6.07 6.07 6.07 6.06 6.04 6.01 5.97 5.93
0.00 0.00 0.00 0.00 0.00 0.00 0.00 0.00 0.00 0.00 0.00 0.00 0.00 0.00 0.00 0.00 0.00 0.00 0.00 0.00 0.00 0.00 0.00 0.00 0.00 0.00 0.00 0.00 0.07 0.25 0.42 0.59 0.77 0.94 1.11 1.28 1.45 1.62 1.79 1.96 2.13 2.29 2.46 2.62 2.78 2.93 3.09 3.24 3.39 3.54 3.69 3.83 3.97 4.10 4.23 4.36 4.49 4.61 4.72 4.83 4.94 5.05 5.14 5.24 5.33 5.41 5.49 5.56 5.63 5.69 5.74 5.79 5.84 5.87 5.90 5.93 5.94 5.95 5.95 5.95 5.94 5.92 5.89 5.85
0.00 0.00 0.00 0.00 0.00 0.00 0.00 0.00 0.00 0.00 0.00 0.00 0.00 0.00 0.00 0.00 0.00 0.00 0.00 0.00 0.00 0.00 0.00 0.00 0.00 0.00 0.00 0.00 0.00 0.00 0.08 0.25 0.42 0.60 0.77 0.95 1.12 1.29 1.46 1.63 1.80 1.97 2.14 2.30 2.47 2.63 2.79 2.94 3.10 3.25 3.40 3.54 3.69 3.83 3.96 4.09 4.22 4.35 4.47 4.59 4.70 4.81 4.91 5.01 5.11 5.20 5.28 5.36 5.43 5.50 5.56 5.62 5.67 5.72 5.75 5.78 5.81 5.82 5.84 5.84 5.83 5.82 5.80 5.78
0.00 0.00 0.00 0.00 0.00 0.00 0.00 0.00 0.00 0.00 0.00 0.00 0.00 0.00 0.00 0.00 0.00 0.00 0.00 0.00 0.00 0.00 0.00 0.00 0.00 0.00 0.00 0.00 0.00 0.00 0.00 0.00 0.09 0.26 0.44 0.61 0.79 0.96 1.14 1.31 1.48 1.65 1.82 1.99 2.16 2.32 2.48 2.64 2.80 2.95 3.11 3.26 3.40 3.55 3.69 3.83 3.96 4.09 4.22 4.34 4.46 4.57 4.68 4.79 4.89 4.98 5.08 5.16 5.24 5.32 5.38 5.45 5.50 5.56 5.60 5.64 5.67 5.70 5.71 5.72 5.73 5.73 5.72 5.70
0.00 0.00 0.00 0.00 0.00 0.00 0.00 0.00 0.00 0.00 0.00 0.00 0.00 0.00 0.00 0.00 0.00 0.00 0.00 0.00 0.00 0.00 0.00 0.00 0.00 0.00 0.00 0.00 0.00 0.00 0.00 0.00 0.00 0.00 0.10 0.28 0.46 0.63 0.81 0.98 1.16 1.33 1.50 1.68 1.84 2.01 2.18 2.34 2.50 2.66 2.82 2.97 3.12 3.27 3.42 3.56 3.70 3.83 3.96 4.09 4.22 4.34 4.45 4.56 4.67 4.77 4.87 4.96 5.04 5.13 5.20 5.27 5.33 5.39 5.44 5.49 5.53 5.56 5.59 5.61 5.62 5.63 5.63 5.62
0.00 0.00 0.00 0.00 0.00 0.00 0.00 0.00 0.00 0.00 0.00 0.00 0.00 0.00 0.00 0.00 0.00 0.00 0.00 0.00 0.00 0.00 0.00 0.00 0.00 0.00 0.00 0.00 0.00 0.00 0.00 0.00 0.00 0.00 0.00 0.00 0.13 0.30 0.48 0.66 0.84 1.01 1.19 1.36 1.53 1.70 1.87 2.04 2.20 2.37 2.53 2.69 2.84 2.99 3.14 3.29 3.43 3.57 3.71 3.84 3.97 4.10 4.22 4.33 4.45 4.55 4.66 4.75 4.85 4.93 5.01 5.09 5.16 5.23 5.29 5.34 5.39 5.43 5.46 5.49 5.51 5.53 5.54 5.54
0.00 0.00 0.00 0.00 0.00 0.00 0.00 0.00 0.00 0.00 0.00 0.00 0.00 0.00 0.00 0.00 0.00 0.00 0.00 0.00 0.00 0.00 0.00 0.00 0.00 0.00 0.00 0.00 0.00 0.00 0.00 0.00 0.00 0.00 0.00 0.00 0.00 0.00 0.16 0.34 0.52 0.69 0.87 1.05 1.22 1.40 1.57 1.74 1.91 2.07 2.24 2.40 2.56 2.71 2.87 3.02 3.17 3.31 3.45 3.59 3.72 3.85 3.98 4.10 4.22 4.33 4.44 4.55 4.64 4.74 4.83 4.91 4.99 5.06 5.12 5.18 5.24 5.29 5.33 5.37 5.40 5.43 5.44 5.45
0.00 0.00 0.00 0.00 0.00 0.00 0.00 0.00 0.00 0.00 0.00 0.00 0.00 0.00 0.00 0.00 0.00 0.00 0.00 0.00 0.00 0.00 0.00 0.00 0.00 0.00 0.00 0.00 0.00 0.00 0.00 0.00 0.00 0.00 0.00 0.00 0.00 0.00 0.00 0.01 0.19 0.37 0.55 0.73 0.91 1.09 1.26 1.44 1.61 1.78 1.94 2.11 2.27 2.43 2.59 2.75 2.90 3.05 3.19 3.34 3.48 3.61 3.74 3.87 3.99 4.11 4.23 4.34 4.44 4.54 4.63 4.72 4.81 4.89 4.96 5.03 5.09 5.15 5.20 5.25 5.29 5.32 5.35 5.36
0.00 0.00 0.00 0.00 0.00 0.00 0.00 0.00 0.00 0.00 0.00 0.00 0.00 0.00 0.00 0.00 0.00 0.00 0.00 0.00 0.00 0.00 0.00 0.00 0.00 0.00 0.00 0.00 0.00 0.00 0.00 0.00 0.00 0.00 0.00 0.00 0.00 0.00 0.00 0.00 0.00 0.06 0.24 0.42 0.60 0.78 0.96 1.13 1.31 1.48 1.65 1.82 1.99 2.15 2.31 2.47 2.63 2.78 2.93 3.08 3.22 3.36 3.50 3.63 3.76 3.89 4.01 4.12 4.23 4.34 4.44 4.54 4.63 4.71 4.79 4.87 4.94 5.01 5.07 5.13 5.18 5.22 5.25 5.27
0.00 0.00 0.00 0.00 0.00 0.00 0.00 0.00 0.00 0.00 0.00 0.00 0.00 0.00 0.00 0.00 0.00 0.00 0.00 0.00 0.00 0.00 0.00 0.00 0.00 0.00 0.00 0.00 0.00 0.00 0.00 0.00 0.00 0.00 0.00 0.00 0.00 0.00 0.00 0.00 0.00 0.00 0.00 0.10 0.29 0.47 0.65 0.83 1.01 1.18 1.36 1.53 1.70 1.87 2.03 2.20 2.36 2.52 2.67 2.82 2.97 3.12 3.26 3.40 3.53 3.66 3.79 3.91 4.02 4.14 4.24 4.34 4.44 4.53 4.62 4.71 4.79 4.87 4.94 5.00 5.06 5.11 5.15 5.18
0.00 0.00 0.00 0.00 0.00 0.00 0.00 0.00 0.00 0.00 0.00 0.00 0.00 0.00 0.00 0.00 0.00 0.00 0.00 0.00 0.00 0.00 0.00 0.00 0.00 0.00 0.00 0.00 0.00 0.00 0.00 0.00 0.00 0.00 0.00 0.00 0.00 0.00 0.00 0.00 0.00 0.00 0.00 0.00 0.00 0.16 0.34 0.52 0.71 0.88 1.06 1.24 1.41 1.58 1.75 1.92 2.09 2.25 2.41 2.56 2.72 2.87 3.01 3.16 3.30 3.43 3.56 3.69 3.81 3.93 4.04 4.15 4.25 4.35 4.45 4.55 4.64 4.72 4.81 4.88 4.94 5.00 5.05 5.08
0.00 0.00 0.00 0.00 0.00 0.00 0.00 0.00 0.00 0.00 0.00 0.00 0.00 0.00 0.00 0.00 0.00 0.00 0.00 0.00 0.00 0.00 0.00 0.00 0.00 0.00 0.00 0.00 0.00 0.00 0.00 0.00 0.00 0.00 0.00 0.00 0.00 0.00 0.00 0.00 0.00 0.00 0.00 0.00 0.00 0.00 0.03 0.22 0.40 0.59 0.77 0.95 1.12 1.30 1.47 1.64 1.81 1.98 2.14 2.30 2.46 2.62 2.77 2.91 3.06 3.20 3.34 3.47 3.60 3.72 3.84 3.95 4.06 4.17 4.28 4.39 4.49 4.58 4.67 4.75 4.83 4.89 4.94 4.99
0.00 0.00 0.00 0.00 0.00 0.00 0.00 0.00 0.00 0.00 0.00 0.00 0.00 0.00 0.00 0.00 0.00 0.00 0.00 0.00 0.00 0.00 0.00 0.00 0.00 0.00 0.00 0.00 0.00 0.00 0.00 0.00 0.00 0.00 0.00 0.00 0.00 0.00 0.00 0.00 0.00 0.00 0.00 0.00 0.00 0.00 0.00 0.00 0.10 0.29 0.47 0.65 0.83 1.01 1.19 1.36 1.54 1.71 1.87 2.04 2.20 2.36 2.52 2.67 2.82 2.96 3.11 3.24 3.38 3.51 3.63 3.75 3.88 4.00 4.11 4.23 4.34 4.44 4.54 4.63 4.71 4.78 4.84 4.89
0.00 0.00 0.00 0.00 0.00 0.00 0.00 0.00 0.00 0.00 0.00 0.00 0.00 0.00 0.00 0.00 0.00 0.00 0.00 0.00 0.00 0.00 0.00 0.00 0.00 0.00 0.00 0.00 0.00 0.00 0.00 0.00 0.00 0.00 0.00 0.00 0.00 0.00 0.00 0.00 0.00 0.00 0.00 0.00 0.00 0.00 0.00 0.00 0.00 0.00 0.17 0.36 0.54 0.72 0.90 1.08 1.26 1.43 1.60 1.77 1.94 2.10 2.26 2.42 2.58 2.73 2.87 3.02 3.16 3.29 3.42 3.56 3.69 3.82 3.95 4.07 4.19 4.30 4.40 4.50 4.59 4.67 4.74 4.79
0.00 0.00 0.00 0.00 0.00 0.00 0.00 0.00 0.00 0.00 0.00 0.00 0.00 0.00 0.00 0.00 0.00 0.00 0.00 0.00 0.00 0.00 0.00 0.00 0.00 0.00 0.00 0.00 0.00 0.00 0.00 0.00 0.00 0.00 0.00 0.00 0.00 0.00 0.00 0.00 0.00 0.00 0.00 0.00 0.00 0.00 0.00 0.00 0.00 0.00 0.00 0.06 0.25 0.43 0.62 0.80 0.98 1.16 1.33 1.51 1.68 1.84 2.01 2.17 2.33 2.49 2.64 2.79 2.93 3.07 3.22 3.36 3.50 3.64 3.78 3.91 4.04 4.16 4.27 4.38 4.47 4.56 4.63 4.69
0.00 0.00 0.00 0.00 0.00 0.00 0.00 0.00 0.00 0.00 0.00 0.00 0.00 0.00 0.00 0.00 0.00 0.00 0.00 0.00 0.00 0.00 0.00 0.00 0.00 0.00 0.00 0.00 0.00 0.00 0.00 0.00 0.00 0.00 0.00 0.00 0.00 0.00 0.00 0.00 0.00 0.00 0.00 0.00 0.00 0.00 0.00 0.00 0.00 0.00 0.00 0.00 0.00 0.14 0.33 0.51 0.70 0.88 1.06 1.24 1.41 1.58 1.75 1.92 2.08 2.24 2.40 2.55 2.71 2.86 3.01 3.17 3.32 3.47 3.61 3.75 3.89 4.02 4.14 4.25 4.35 4.44 4.52 4.59
0.00 0.00 0.00 0.00 0.00 0.00 0.00 0.00 0.00 0.00 0.00 0.00 0.00 0.00 0.00 0.00 0.00 0.00 0.00 0.00 0.00 0.00 0.00 0.00 0.00 0.00 0.00 0.00 0.00 0.00 0.00 0.00 0.00 0.00 0.00 0.00 0.00 0.00 0.00 0.00 0.00 0.00 0.00 0.00 0.00 0.00 0.00 0.00 0.00 0.00 0.00 0.00 0.00 0.00 0.04 0.23 0.41 0.60 0.78 0.96 1.14 1.32 1.49 1.66 1.83 2.00 2.16 2.32 2.48 2.65 2.81 2.97 3.13 3.29 3.45 3.60 3.74 3.88 4.00 4.12 4.23 4.33 4.41 4.49
0.00 0.00 0.00 0.00 0.00 0.00 0.00 0.00 0.00 0.00 0.00 0.00 0.00 0.00 0.00 0.00 0.00 0.00 0.00 0.00 0.00 0.00 0.00 0.00 0.00 0.00 0.00 0.00 0.00 0.00 0.00 0.00 0.00 0.00 0.00 0.00 0.00 0.00 0.00 0.00 0.00 0.00 0.00 0.00 0.00 0.00 0.00 0.00 0.00 0.00 0.00 0.00 0.00 0.00 0.00 0.00 0.13 0.32 0.50 0.69 0.87 1.05 1.23 1.40 1.58 1.75 1.92 2.09 2.26 2.44 2.61 2.78 2.95 3.12 3.28 3.44 3.59 3.74 3.87 4.00 4.11 4.22 4.31 4.38
0.00 0.00 0.00 0.00 0.00 0.00 0.00 0.00 0.00 0.00 0.00 0.00 0.00 0.00 0.00 0.00 0.00 0.00 0.00 0.00 0.00 0.00 0.00 0.00 0.00 0.00 0.00 0.00 0.00 0.00 0.00 0.00 0.00 0.00 0.00 0.00 0.00 0.00 0.00 0.00 0.00 0.00 0.00 0.00 0.00 0.00 0.00 0.00 0.00 0.00 0.00 0.00 0.00 0.00 0.00 0.00 0.00 0.03 0.22 0.41 0.60 0.78 0.96 1.14 1.32 1.50 1.68 1.86 2.04 2.23 2.41 2.60 2.78 2.95 3.12 3.29 3.45 3.60 3.74 3.87 3.99 4.10 4.20 4.28
0.00 0.00 0.00 0.00 0.00 0.00 0.00 0.00 0.00 0.00 0.00 0.00 0.00 0.00 0.00 0.00 0.00 0.00 0.00 0.00 0.00 0.00 0.00 0.00 0.00 0.00 0.00 0.00 0.00 0.00 0.00 0.00 0.00 0.00 0.00 0.00 0.00 0.00 0.00 0.00 0.00 0.00 0.00 0.00 0.00 0.00 0.00 0.00 0.00 0.00 0.00 0.00 0.00 0.00 0.00 0.00 0.00 0.00 0.00 0.13 0.32 0.51 0.69 0.88 1.06 1.25 1.44 1.64 1.83 2.02 2.22 2.41 2.60 2.78 2.96 3.14 3.30 3.46 3.61 3.75 3.87 3.99 4.09 4.18
0.00 0.00 0.00 0.00 0.00 0.00 0.00 0.00 0.00 0.00 0.00 0.00 0.00 0.00 0.00 0.00 0.00 0.00 0.00 0.00 0.00 0.00 0.00 0.00 0.00 0.00 0.00 0.00 0.00 0.00 0.00 0.00 0.00 0.00 0.00 0.00 0.00 0.00 0.00 0.00 0.00 0.00 0.00 0.00 0.00 0.00 0.00 0.00 0.00 0.00 0.00 0.00 0.00 0.00 0.00 0.00 0.00 0.00 0.00 0.00 0.04 0.23 0.42 0.61 0.81 1.01 1.21 1.41 1.62 1.82 2.03 2.23 2.42 2.62 2.80 2.99 3.16 3.32 3.48 3.62 3.76 3.88 3.98 4.07
