data_output/RCH/Precip_1988_03.asc
ncols        168
nrows        136
xllcorner    455000
yllcorner    2107000
cellsize     500
NODATA_value     -99999
[rows 68 to 101 of 136, columns 76 to 151 of 168]
30.22 30.44 30.68 30.95 31.25 31.58 31.94 32.32 32.73 33.17 33.63 34.13 34.64 35.19 35.76 36.35 36.98 37.62 38.29 38.99 39.71 40.46 41.23 42.01 42.80 43.59 44.36 45.13 45.88 46.61 47.33 48.04 48.72 49.38 50.02 50.63 51.22 51.77 52.30 52.80 53.26 53.68 54.07 54.42 54.73 54.99 55.21 55.39 55.51 55.59 55.63 55.66 55.67 55.68 55.68 55.67 55.64 55.61 55.56 55.51 55.44 55.36 55.27 55.16 55.04 54.91 54.76 54.60 54.43 54.24 54.04 53.82 53.58 53.33 53.07 52.79
30.40 30.60 30.84 31.11 31.40 31.73 32.08 32.46 32.87 33.31 33.78 34.27 34.80 35.34 35.92 36.52 37.15 37.81 38.49 39.20 39.94 40.70 41.48 42.27 43.05 43.83 44.60 45.36 46.10 46.83 47.55 48.24 48.92 49.58 50.21 50.82 51.40 51.95 52.48 52.97 53.42 53.84 54.23 54.57 54.88 55.14 55.35 55.53 55.65 55.72 55.76 55.78 55.80 55.80 55.80 55.78 55.75 55.72 55.67 55.61 55.54 55.46 55.36 55.25 55.13 55.00 54.85 54.68 54.51 54.32 54.11 53.89 53.65 53.40 53.13 52.85
30.60 30.79 31.02 31.28 31.57 31.89 32.24 32.62 33.03 33.47 33.94 34.43 34.96 35.51 36.10 36.71 37.35 38.01 38.71 39.43 40.17 40.94 41.73 42.51 43.29 44.06 44.82 45.57 46.31 47.04 47.74 48.44 49.11 49.76 50.39 50.99 51.57 52.12 52.63 53.12 53.57 53.99 54.37 54.71 55.01 55.27 55.48 55.65 55.77 55.84 55.87 55.90 55.91 55.91 55.90 55.88 55.86 55.82 55.77 55.70 55.63 55.54 55.45 55.34 55.21 55.08 54.93 54.76 54.58 54.39 54.18 53.96 53.72 53.47 53.20 52.91
30.82 31.01 31.23 31.48 31.76 32.08 32.42 32.80 33.21 33.65 34.11 34.61 35.14 35.70 36.29 36.90 37.55 38.22 38.93 39.66 40.42 41.18 41.96 42.73 43.50 44.26 45.02 45.77 46.50 47.22 47.92 48.61 49.28 49.92 50.55 51.15 51.72 52.26 52.78 53.26 53.71 54.12 54.50 54.84 55.13 55.39 55.60 55.76 55.88 55.95 55.98 56.00 56.01 56.01 56.00 55.98 55.95 55.91 55.85 55.79 55.72 55.63 55.53 55.42 55.29 55.15 55.00 54.83 54.65 54.46 54.25 54.03 53.79 53.53 53.26 52.97
31.06 31.24 31.45 31.70 31.97 32.28 32.62 33.00 33.40 33.84 34.31 34.81 35.34 35.90 36.49 37.11 37.77 38.45 39.16 39.90 40.65 41.41 42.17 42.93 43.69 44.45 45.20 45.94 46.67 47.39 48.09 48.77 49.43 50.07 50.69 51.29 51.85 52.39 52.91 53.38 53.83 54.24 54.61 54.95 55.24 55.50 55.70 55.87 55.98 56.05 56.08 56.09 56.10 56.10 56.09 56.06 56.03 55.99 55.94 55.87 55.79 55.70 55.60 55.49 55.36 55.22 55.07 54.90 54.72 54.52 54.31 54.09 53.85 53.59 53.31 53.01
31.33 31.50 31.70 31.94 32.21 32.51 32.84 33.21 33.62 34.05 34.52 35.02 35.55 36.12 36.71 37.34 38.00 38.69 39.40 40.14 40.88 41.63 42.37 43.12 43.87 44.62 45.37 46.10 46.83 47.54 48.23 48.91 49.57 50.21 50.82 51.41 51.98 52.51 53.02 53.50 53.94 54.35 54.72 55.05 55.34 55.59 55.80 55.96 56.07 56.13 56.16 56.18 56.18 56.18 56.17 56.14 56.11 56.06 56.01 55.94 55.86 55.77 55.67 55.56 55.43 55.29 55.13 54.96 54.78 54.59 54.37 54.15 53.91 53.64 53.35 53.02
31.63 31.78 31.97 32.20 32.46 32.76 33.09 33.45 33.85 34.28 34.75 35.25 35.78 36.35 36.95 37.58 38.24 38.93 39.65 40.37 41.10 41.83 42.57 43.30 44.04 44.78 45.52 46.24 46.96 47.67 48.36 49.03 49.69 50.32 50.93 51.52 52.08 52.62 53.12 53.59 54.03 54.44 54.81 55.14 55.43 55.67 55.88 56.04 56.15 56.21 56.24 56.25 56.26 56.25 56.24 56.21 56.18 56.13 56.08 56.01 55.93 55.84 55.73 55.62 55.49 55.35 55.19 55.02 54.84 54.64 54.43 54.20 53.96 53.68 53.37 53.02
31.95 32.09 32.27 32.49 32.74 33.03 33.35 33.71 34.10 34.53 35.00 35.49 36.03 36.59 37.20 37.83 38.50 39.18 39.88 40.59 41.30 42.02 42.75 43.47 44.20 44.93 45.65 46.37 47.08 47.79 48.47 49.14 49.79 50.42 51.03 51.62 52.18 52.71 53.21 53.68 54.12 54.52 54.88 55.21 55.50 55.75 55.95 56.11 56.22 56.28 56.30 56.32 56.32 56.32 56.30 56.27 56.24 56.19 56.14 56.07 55.99 55.90 55.79 55.67 55.55 55.40 55.25 55.08 54.90 54.70 54.49 54.25 53.99 53.69 53.36 53.00
32.30 32.43 32.59 32.80 33.04 33.32 33.63 33.99 34.38 34.80 35.26 35.76 36.29 36.86 37.46 38.10 38.76 39.43 40.11 40.80 41.50 42.21 42.92 43.63 44.35 45.07 45.78 46.49 47.19 47.89 48.57 49.24 49.88 50.51 51.12 51.70 52.25 52.78 53.28 53.75 54.19 54.59 54.95 55.28 55.56 55.81 56.01 56.17 56.28 56.34 56.36 56.37 56.38 56.37 56.36 56.33 56.29 56.25 56.19 56.12 56.04 55.95 55.84 55.73 55.60 55.46 55.30 55.13 54.95 54.75 54.53 54.29 54.00 53.68 53.33 52.95
32.67 32.79 32.94 33.13 33.36 33.63 33.94 34.29 34.67 35.09 35.55 36.04 36.57 37.14 37.74 38.37 39.01 39.67 40.33 41.01 41.70 42.39 43.09 43.79 44.49 45.19 45.90 46.59 47.29 47.97 48.65 49.31 49.96 50.58 51.19 51.77 52.32 52.85 53.34 53.81 54.24 54.64 55.01 55.33 55.62 55.86 56.06 56.22 56.33 56.39 56.41 56.42 56.43 56.42 56.40 56.38 56.34 56.29 56.24 56.17 56.09 56.00 55.89 55.78 55.65 55.50 55.35 55.18 55.00 54.80 54.56 54.29 53.99 53.65 53.28 52.88
33.07 33.17 33.31 33.49 33.71 33.97 34.27 34.61 34.99 35.40 35.85 36.35 36.87 37.44 38.03 38.64 39.26 39.90 40.55 41.21 41.89 42.56 43.25 43.94 44.63 45.32 46.01 46.69 47.38 48.05 48.72 49.38 50.02 50.64 51.24 51.82 52.37 52.90 53.39 53.86 54.29 54.69 55.05 55.37 55.66 55.90 56.10 56.26 56.37 56.43 56.45 56.46 56.47 56.46 56.44 56.42 56.38 56.34 56.28 56.21 56.13 56.04 55.94 55.82 55.69 55.55 55.39 55.23 55.04 54.82 54.57 54.28 53.95 53.60 53.21 52.80
33.50 33.59 33.71 33.88 34.09 34.34 34.62 34.95 35.32 35.73 36.18 36.67 37.19 37.74 38.32 38.91 39.51 40.14 40.77 41.42 42.07 42.74 43.41 44.08 44.76 45.44 46.11 46.79 47.46 48.12 48.78 49.43 50.07 50.69 51.29 51.86 52.41 52.93 53.43 53.89 54.32 54.72 55.08 55.41 55.69 55.93 56.13 56.29 56.40 56.46 56.48 56.49 56.50 56.49 56.48 56.45 56.42 56.37 56.31 56.25 56.17 56.08 55.97 55.86 55.73 55.59 55.44 55.27 55.06 54.82 54.54 54.23 53.89 53.52 53.12 52.69
33.96 34.02 34.14 34.29 34.49 34.72 35.00 35.32 35.68 36.08 36.53 37.01 37.52 38.05 38.60 39.18 39.77 40.37 40.99 41.62 42.26 42.91 43.56 44.22 44.89 45.55 46.21 46.88 47.54 48.19 48.84 49.48 50.10 50.72 51.32 51.89 52.44 52.96 53.45 53.92 54.35 54.74 55.10 55.43 55.71 55.96 56.16 56.31 56.42 56.48 56.51 56.52 56.52 56.52 56.50 56.48 56.45 56.40 56.35 56.28 56.20 56.11 56.01 55.90 55.77 55.63 55.47 55.28 55.06 54.80 54.50 54.17 53.81 53.42 53.01 52.57
34.44 34.49 34.59 34.73 34.91 35.13 35.40 35.71 36.06 36.46 36.89 37.36 37.85 38.36 38.90 39.45 40.02 40.61 41.21 41.82 42.44 43.08 43.72 44.36 45.01 45.66 46.31 46.96 47.61 48.25 48.89 49.52 50.13 50.74 51.33 51.90 52.45 52.97 53.47 53.93 54.36 54.76 55.12 55.44 55.72 55.97 56.17 56.32 56.43 56.50 56.52 56.54 56.54 56.54 56.53 56.50 56.47 56.43 56.37 56.31 56.23 56.14 56.04 55.93 55.81 55.66 55.49 55.28 55.03 54.74 54.43 54.08 53.71 53.31 52.88 52.43
34.95 34.99 35.07 35.19 35.36 35.57 35.83 36.13 36.47 36.85 37.27 37.72 38.19 38.68 39.19 39.73 40.28 40.85 41.43 42.03 42.63 43.25 43.87 44.50 45.14 45.77 46.41 47.05 47.68 48.31 48.94 49.55 50.16 50.76 51.34 51.91 52.46 52.98 53.47 53.93 54.36 54.76 55.12 55.44 55.73 55.97 56.17 56.33 56.44 56.50 56.53 56.55 56.55 56.55 56.54 56.52 56.49 56.45 56.39 56.33 56.26 56.17 56.07 55.96 55.83 55.67 55.47 55.24 54.97 54.67 54.34 53.97 53.58 53.17 52.73 52.26
35.49 35.51 35.57 35.68 35.83 36.03 36.28 36.57 36.90 37.26 37.66 38.08 38.53 39.00 39.50 40.01 40.54 41.09 41.66 42.23 42.82 43.42 44.03 44.65 45.27 45.89 46.51 47.13 47.76 48.37 48.99 49.59 50.19 50.77 51.34 51.90 52.45 52.97 53.46 53.92 54.35 54.75 55.11 55.44 55.72 55.97 56.17 56.33 56.44 56.51 56.53 56.55 56.56 56.56 56.55 56.53 56.50 56.46 56.41 56.35 56.28 56.19 56.10 55.98 55.84 55.65 55.43 55.18 54.89 54.57 54.22 53.84 53.44 53.01 52.56 52.08
36.06 36.06 36.11 36.20 36.34 36.52 36.75 37.03 37.34 37.68 38.06 38.46 38.88 39.33 39.81 40.30 40.81 41.34 41.89 42.45 43.02 43.60 44.19 44.79 45.40 46.00 46.61 47.22 47.83 48.43 49.03 49.63 50.21 50.79 51.35 51.90 52.43 52.95 53.44 53.90 54.33 54.73 55.09 55.42 55.71 55.95 56.16 56.32 56.43 56.50 56.53 56.55 56.56 56.56 56.55 56.54 56.51 56.47 56.42 56.37 56.30 56.21 56.12 55.98 55.81 55.61 55.36 55.09 54.78 54.45 54.08 53.69 53.27 52.83 52.37 51.88
36.66 36.64 36.67 36.74 36.87 37.04 37.25 37.51 37.79 38.11 38.46 38.84 39.25 39.67 40.13 40.60 41.09 41.60 42.13 42.67 43.22 43.79 44.36 44.94 45.53 46.12 46.72 47.31 47.91 48.50 49.08 49.66 50.24 50.80 51.35 51.89 52.41 52.92 53.41 53.87 54.31 54.70 55.07 55.40 55.68 55.93 56.14 56.30 56.42 56.49 56.52 56.54 56.56 56.56 56.55 56.54 56.52 56.48 56.44 56.38 56.31 56.23 56.11 55.95 55.76 55.53 55.27 54.98 54.65 54.30 53.92 53.51 53.08 52.63 52.16 51.67
37.30 37.25 37.26 37.32 37.42 37.58 37.77 38.00 38.26 38.56 38.89 39.24 39.62 40.03 40.46 40.91 41.38 41.87 42.38 42.90 43.44 43.98 44.54 45.10 45.67 46.25 46.83 47.41 47.99 48.56 49.14 49.70 50.26 50.82 51.36 51.88 52.40 52.89 53.37 53.83 54.27 54.67 55.03 55.36 55.65 55.90 56.11 56.28 56.40 56.47 56.50 56.53 56.54 56.55 56.55 56.54 56.52 56.48 56.44 56.39 56.32 56.22 56.07 55.89 55.68 55.43 55.15 54.84 54.50 54.13 53.73 53.31 52.87 52.41 51.93 51.43
37.96 37.90 37.88 37.92 38.01 38.14 38.31 38.51 38.75 39.02 39.32 39.65 40.01 40.39 40.80 41.23 41.68 42.15 42.64 43.14 43.66 44.19 44.72 45.27 45.82 46.38 46.95 47.51 48.07 48.64 49.20 49.75 50.30 50.84 51.36 51.88 52.38 52.87 53.34 53.79 54.22 54.62 54.99 55.32 55.61 55.87 56.08 56.25 56.37 56.44 56.48 56.51 56.53 56.54 56.54 56.53 56.51 56.49 56.45 56.39 56.30 56.17 56.01 55.81 55.57 55.30 55.00 54.67 54.32 53.93 53.53 53.10 52.65 52.18 51.69 51.18
38.65 38.57 38.54 38.55 38.62 38.72 38.86 39.04 39.25 39.49 39.77 40.08 40.41 40.77 41.16 41.57 42.00 42.44 42.91 43.39 43.89 44.40 44.92 45.45 45.98 46.53 47.07 47.62 48.17 48.72 49.26 49.80 50.34 50.86 51.38 51.88 52.37 52.85 53.31 53.75 54.17 54.57 54.94 55.27 55.57 55.82 56.04 56.21 56.33 56.41 56.45 56.49 56.51 56.52 56.53 56.52 56.51 56.48 56.44 56.37 56.25 56.10 55.91 55.69 55.43 55.15 54.83 54.48 54.11 53.72 53.30 52.86 52.40 51.92 51.43 50.92
39.38 39.27 39.22 39.21 39.24 39.32 39.43 39.58 39.77 39.99 40.24 40.52 40.83 41.17 41.53 41.92 42.32 42.75 43.20 43.66 44.14 44.62 45.13 45.64 46.15 46.68 47.21 47.74 48.27 48.81 49.33 49.86 50.38 50.89 51.40 51.89 52.37 52.83 53.28 53.71 54.12 54.52 54.88 55.22 55.52 55.77 55.99 56.17 56.29 56.38 56.42 56.46 56.48 56.50 56.51 56.51 56.50 56.47 56.41 56.31 56.17 56.00 55.79 55.54 55.27 54.96 54.63 54.27 53.88 53.48 53.05 52.60 52.13 51.65 51.15 50.63
40.14 40.01 39.92 39.89 39.89 39.94 40.03 40.15 40.31 40.50 40.73 40.98 41.27 41.58 41.92 42.28 42.67 43.07 43.50 43.94 44.39 44.86 45.35 45.84 46.34 46.84 47.36 47.87 48.39 48.90 49.42 49.93 50.43 50.93 51.42 51.90 52.37 52.82 53.26 53.68 54.08 54.46 54.82 55.16 55.46 55.72 55.94 56.12 56.25 56.33 56.39 56.42 56.46 56.48 56.49 56.49 56.48 56.43 56.35 56.22 56.06 55.86 55.63 55.37 55.08 54.75 54.41 54.03 53.63 53.22 52.78 52.32 51.84 51.35 50.85 50.33
40.93 40.77 40.66 40.59 40.57 40.58 40.64 40.74 40.87 41.04 41.24 41.47 41.73 42.02 42.33 42.67 43.03 43.41 43.82 44.24 44.67 45.12 45.58 46.05 46.53 47.02 47.52 48.01 48.51 49.01 49.51 50.01 50.50 50.98 51.46 51.93 52.38 52.82 53.25 53.66 54.05 54.42 54.77 55.09 55.39 55.66 55.88 56.06 56.20 56.29 56.34 56.39 56.42 56.45 56.47 56.47 56.44 56.36 56.25 56.10 55.92 55.70 55.45 55.17 54.86 54.52 54.16 53.77 53.36 52.93 52.48 52.02 51.54 51.04 50.54 50.02
41.75 41.56 41.41 41.32 41.26 41.25 41.28 41.35 41.45 41.59 41.77 41.97 42.21 42.47 42.76 43.08 43.41 43.77 44.15 44.55 44.96 45.39 45.83 46.29 46.75 47.22 47.69 48.17 48.65 49.14 49.62 50.10 50.58 51.04 51.51 51.96 52.40 52.83 53.24 53.64 54.02 54.38 54.72 55.03 55.33 55.59 55.82 56.00 56.14 56.24 56.30 56.35 56.39 56.42 56.43 56.42 56.36 56.26 56.12 55.95 55.75 55.51 55.24 54.94 54.61 54.26 53.88 53.49 53.07 52.63 52.17 51.70 51.21 50.72 50.21 49.69
42.59 42.37 42.20 42.07 41.99 41.95 41.95 41.99 42.06 42.17 42.32 42.50 42.71 42.95 43.21 43.50 43.82 44.15 44.51 44.88 45.28 45.68 46.10 46.53 46.98 47.43 47.88 48.34 48.81 49.28 49.74 50.20 50.66 51.12 51.57 52.00 52.43 52.85 53.25 53.64 54.00 54.35 54.68 54.99 55.27 55.52 55.75 55.94 56.08 56.18 56.25 56.30 56.35 56.38 56.37 56.33 56.24 56.12 55.96 55.77 55.54 55.28 55.00 54.68 54.34 53.98 53.59 53.18 52.75 52.30 51.84 51.36 50.87 50.37 49.86 49.34
43.47 43.22 43.01 42.85 42.74 42.67 42.64 42.65 42.70 42.78 42.90 43.05 43.23 43.45 43.69 43.95 44.24 44.55 44.89 45.24 45.61 45.99 46.39 46.80 47.22 47.66 48.09 48.54 48.98 49.43 49.88 50.33 50.77 51.21 51.64 52.06 52.48 52.88 53.27 53.64 54.00 54.33 54.65 54.95 55.22 55.46 55.68 55.87 56.02 56.13 56.20 56.26 56.30 56.31 56.28 56.21 56.10 55.95 55.77 55.56 55.31 55.03 54.73 54.40 54.05 53.67 53.27 52.85 52.41 51.96 51.49 51.01 50.51 50.01 49.50 48.98
44.38 44.09 43.86 43.67 43.52 43.42 43.36 43.34 43.36 43.42 43.51 43.63 43.79 43.97 44.19 44.43 44.69 44.98 45.29 45.62 45.96 46.33 46.70 47.09 47.49 47.90 48.32 48.74 49.17 49.60 50.03 50.46 50.89 51.31 51.73 52.14 52.54 52.93 53.30 53.66 54.00 54.33 54.63 54.92 55.18 55.42 55.62 55.80 55.95 56.06 56.14 56.20 56.22 56.20 56.15 56.05 55.92 55.75 55.55 55.31 55.05 54.75 54.44 54.09 53.72 53.33 52.92 52.50 52.05 51.59 51.12 50.63 50.14 49.63 49.12 48.61
45.32 45.00 44.73 44.51 44.33 44.20 44.11 44.06 44.05 44.08 44.14 44.24 44.37 44.52 44.71 44.93 45.16 45.43 45.71 46.02 46.34 46.68 47.04 47.40 47.78 48.17 48.57 48.97 49.38 49.79 50.21 50.62 51.03 51.44 51.84 52.23 52.61 52.99 53.35 53.69 54.02 54.34 54.63 54.90 55.15 55.38 55.58 55.75 55.89 56.00 56.08 56.11 56.11 56.06 55.98 55.86 55.70 55.51 55.29 55.04 54.76 54.45 54.11 53.76 53.38 52.98 52.56 52.12 51.67 51.20 50.73 50.24 49.74 49.24 48.73 48.22
46.29 45.94 45.63 45.38 45.17 45.01 44.89 44.81 44.77 44.76 44.80 44.87 44.97 45.10 45.26 45.45 45.66 45.90 46.16 46.44 46.74 47.06 47.39 47.74 48.10 48.46 48.84 49.22 49.61 50.01 50.40 50.80 51.19 51.58 51.96 52.34 52.71 53.07 53.41 53.75 54.06 54.36 54.65 54.91 55.15 55.36 55.55 55.71 55.84 55.94 55.99 56.00 55.96 55.89 55.79 55.64 55.46 55.25 55.01 54.74 54.44 54.12 53.77 53.40 53.01 52.60 52.17 51.73 51.27 50.81 50.33 49.84 49.34 48.84 48.33 47.83
47.26 46.87 46.54 46.25 46.01 45.82 45.67 45.56 45.49 45.46 45.47 45.51 45.58 45.68 45.82 45.98 46.17 46.38 46.62 46.88 47.15 47.45 47.76 48.08 48.42 48.77 49.13 49.49 49.86 50.24 50.61 50.99 51.37 51.74 52.11 52.47 52.82 53.17 53.50 53.82 54.13 54.41 54.68 54.93 55.16 55.37 55.55 55.70 55.82 55.88 55.89 55.87 55.81 55.71 55.58 55.41 55.22 54.99 54.73 54.44 54.12 53.79 53.43 53.05 52.65 52.23 51.79 51.34 50.88 50.41 49.93 49.44 48.95 48.45 47.95 47.44
48.23 47.81 47.45 47.13 46.86 46.64 46.46 46.32 46.22 46.16 46.14 46.15 46.20 46.28 46.39 46.52 46.69 46.88 47.09 47.33 47.58 47.85 48.14 48.45 48.76 49.09 49.43 49.77 50.13 50.48 50.84 51.20 51.56 51.92 52.27 52.62 52.96 53.29 53.61 53.92 54.21 54.49 54.74 54.98 55.20 55.40 55.57 55.70 55.79 55.82 55.79 55.73 55.64 55.52 55.37 55.18 54.96 54.71 54.44 54.13 53.80 53.45 53.08 52.69 52.28 51.86 51.41 50.96 50.50 50.02 49.54 49.05 48.56 48.06 47.57 47.07
49.20 48.76 48.36 48.01 47.71 47.45 47.24 47.08 46.95 46.87 46.82 46.80 46.82 46.88 46.96 47.07 47.21 47.38 47.57 47.78 48.01 48.27 48.53 48.82 49.11 49.42 49.74 50.07 50.40 50.74 51.08 51.43 51.77 52.11 52.45 52.79 53.11 53.43 53.74 54.03 54.31 54.58 54.83 55.05 55.26 55.45 55.60 55.71 55.76 55.75 55.69 55.59 55.47 55.32 55.14 54.94 54.70 54.43 54.14 53.82 53.48 53.12 52.74 52.34 51.92 51.49 51.04 50.58 50.12 49.64 49.16 48.67 48.18 47.69 47.20 46.71
50.17 49.69 49.27 48.89 48.56 48.27 48.04 47.84 47.69 47.57 47.50 47.46 47.45 47.48 47.54 47.63 47.75 47.89 48.06 48.25 48.46 48.69 48.94 49.20 49.48 49.77 50.07 50.38 50.69 51.02 51.34 51.67 52.00 52.33 52.65 52.97 53.28 53.59 53.88 54.17 54.43 54.69 54.93 55.15 55.35 55.52 55.64 55.71 55.73 55.68 55.59 55.46 55.30 55.12 54.91 54.69 54.43 54.15 53.84 53.51 53.16 52.78 52.39 51.98 51.56 51.12 50.67 50.21 49.74 49.27 48.79 48.30 47.82 47.33 46.85 46.37
