data_output/RCH/Precip_1989_09.asc
ncols        168
nrows        136
xllcorner    455000
yllcorner    2107000
cellsize     500
NODATA_value     -99999
[rows 96 to 127 of 136, columns 73 to 145 of 168]
131.80 129.43 127.13 124.91 122.76 120.69 118.70 116.81 115.00 113.22 111.46 109.72 107.99 106.29 104.60 102.92 101.26 99.63 98.05 96.55 95.14 93.82 92.58 91.43 90.37 89.39 88.51 87.74 87.10 86.60 86.23 86.00 85.89 85.91 86.05 86.31 86.69 87.18 87.79 88.50 89.33 90.26 91.30 92.43 93.67 94.99 96.42 97.93 99.53 101.22 102.99 104.84 106.77 108.77 110.85 113.00 115.22 117.50 119.84 122.25 124.72 127.24 129.81 132.44 135.11 137.83 140.59 143.39 146.24 149.11 152.03 154.97 157.98
132.39 130.06 127.80 125.61 123.51 121.49 119.56 117.70 115.88 114.08 112.30 110.53 108.79 107.06 105.35 103.65 101.97 100.30 98.70 97.18 95.74 94.38 93.11 91.92 90.82 89.80 88.87 88.03 87.30 86.70 86.24 85.92 85.72 85.66 85.72 85.90 86.20 86.62 87.16 87.81 88.57 89.44 90.42 91.49 92.67 93.95 95.32 96.79 98.35 99.99 101.73 103.54 105.44 107.41 109.46 111.59 113.78 116.04 118.37 120.76 123.22 125.73 128.30 130.92 133.59 136.31 139.08 141.89 144.74 147.63 150.56 153.55 156.62
133.06 130.77 128.55 126.41 124.35 122.38 120.48 118.62 116.78 114.95 113.15 111.37 109.60 107.85 106.11 104.39 102.69 101.00 99.37 97.83 96.36 94.97 93.66 92.43 91.29 90.23 89.25 88.36 87.56 86.87 86.31 85.89 85.60 85.45 85.42 85.52 85.74 86.08 86.54 87.12 87.81 88.61 89.52 90.53 91.65 92.87 94.19 95.60 97.11 98.71 100.40 102.17 104.03 105.96 107.98 110.07 112.24 114.48 116.78 119.15 121.59 124.08 126.64 129.25 131.91 134.63 137.40 140.21 143.06 145.96 148.92 151.96 155.07
133.81 131.56 129.38 127.29 125.27 123.34 121.43 119.55 117.69 115.85 114.03 112.22 110.43 108.66 106.90 105.16 103.44 101.73 100.07 98.50 97.00 95.58 94.24 92.97 91.79 90.69 89.67 88.73 87.88 87.11 86.45 85.93 85.55 85.29 85.17 85.18 85.31 85.57 85.95 86.44 87.05 87.78 88.62 89.56 90.61 91.77 93.03 94.38 95.83 97.38 99.01 100.74 102.55 104.44 106.42 108.47 110.60 112.81 115.09 117.43 119.84 122.31 124.85 127.44 130.10 132.80 135.56 138.36 141.22 144.13 147.12 150.19 153.35
134.65 132.44 130.30 128.25 126.27 124.33 122.41 120.51 118.63 116.77 114.92 113.10 111.29 109.50 107.72 105.96 104.21 102.48 100.80 99.20 97.67 96.22 94.84 93.54 92.32 91.18 90.12 89.14 88.23 87.41 86.68 86.05 85.56 85.21 84.98 84.89 84.93 85.10 85.38 85.79 86.32 86.97 87.73 88.60 89.57 90.66 91.85 93.14 94.52 96.01 97.59 99.26 101.02 102.86 104.79 106.80 108.89 111.06 113.30 115.61 117.99 120.43 122.94 125.51 128.15 130.83 133.57 136.37 139.22 142.15 145.16 148.26 151.45
135.57 133.40 131.31 129.29 127.31 125.35 123.41 121.49 119.59 117.71 115.85 114.00 112.17 110.36 108.56 106.78 105.01 103.26 101.56 99.93 98.37 96.89 95.48 94.15 92.89 91.71 90.61 89.58 88.63 87.76 86.97 86.26 85.66 85.20 84.87 84.67 84.61 84.68 84.87 85.19 85.62 86.18 86.85 87.64 88.54 89.55 90.66 91.88 93.20 94.62 96.13 97.74 99.44 101.23 103.11 105.07 107.11 109.23 111.43 113.70 116.04 118.45 120.93 123.47 126.08 128.74 131.46 134.24 137.09 140.03 143.05 146.16 149.39
136.58 134.45 132.39 130.37 128.37 126.40 124.44 122.50 120.58 118.68 116.80 114.94 113.09 111.26 109.44 107.64 105.85 104.07 102.35 100.70 99.12 97.60 96.16 94.79 93.50 92.28 91.13 90.06 89.06 88.14 87.30 86.53 85.85 85.28 84.84 84.53 84.36 84.32 84.41 84.63 84.97 85.44 86.02 86.72 87.53 88.45 89.49 90.63 91.87 93.22 94.66 96.20 97.84 99.56 101.38 103.28 105.27 107.34 109.49 111.71 114.01 116.38 118.82 121.33 123.90 126.53 129.23 131.99 134.83 137.76 140.79 143.92 147.16
137.68 135.58 133.52 131.48 129.47 127.47 125.50 123.54 121.61 119.69 117.79 115.91 114.04 112.19 110.35 108.53 106.72 104.93 103.18 101.51 99.90 98.35 96.88 95.48 94.15 92.89 91.70 90.58 89.54 88.57 87.68 86.86 86.12 85.46 84.90 84.48 84.20 84.05 84.03 84.14 84.38 84.74 85.23 85.83 86.55 87.38 88.33 89.39 90.55 91.82 93.18 94.65 96.22 97.87 99.62 101.46 103.39 105.40 107.49 109.67 111.92 114.24 116.64 119.10 121.63 124.22 126.88 129.62 132.44 135.36 138.39 141.52 144.78
138.85 136.75 134.68 132.62 130.59 128.58 126.59 124.62 122.67 120.73 118.82 116.92 115.03 113.16 111.31 109.46 107.63 105.82 104.06 102.36 100.72 99.15 97.65 96.21 94.84 93.55 92.32 91.16 90.07 89.05 88.11 87.24 86.44 85.72 85.07 84.53 84.13 83.86 83.73 83.73 83.86 84.11 84.49 85.00 85.62 86.36 87.21 88.17 89.25 90.43 91.71 93.10 94.59 96.17 97.85 99.62 101.48 103.43 105.46 107.57 109.76 112.03 114.38 116.79 119.27 121.81 124.43 127.13 129.93 132.83 135.85 138.98 142.25
140.07 137.96 135.87 133.80 131.75 129.73 127.72 125.73 123.77 121.82 119.88 117.96 116.06 114.17 112.30 110.44 108.59 106.76 104.97 103.25 101.59 99.99 98.46 96.99 95.59 94.25 92.98 91.78 90.65 89.58 88.59 87.67 86.81 86.03 85.33 84.69 84.17 83.78 83.53 83.41 83.42 83.56 83.83 84.23 84.74 85.38 86.13 87.00 87.98 89.07 90.26 91.56 92.97 94.47 96.07 97.76 99.55 101.43 103.39 105.44 107.57 109.78 112.06 114.40 116.82 119.30 121.87 124.54 127.30 130.18 133.18 136.30 139.57
141.33 139.21 137.10 135.02 132.96 130.92 128.89 126.89 124.91 122.94 120.99 119.06 117.14 115.23 113.34 111.46 109.60 107.75 105.94 104.20 102.51 100.88 99.32 97.82 96.38 95.01 93.70 92.46 91.28 90.17 89.13 88.15 87.25 86.41 85.64 84.95 84.33 83.81 83.43 83.19 83.08 83.10 83.25 83.53 83.94 84.46 85.11 85.87 86.75 87.74 88.84 90.05 91.37 92.78 94.29 95.91 97.61 99.41 101.30 103.28 105.34 107.48 109.68 111.94 114.28 116.71 119.22 121.84 124.56 127.41 130.38 133.49 136.75
142.63 140.49 138.38 136.28 134.20 132.15 130.11 128.09 126.10 124.11 122.15 120.20 118.26 116.34 114.43 112.54 110.66 108.79 106.96 105.19 103.48 101.83 100.24 98.71 97.24 95.83 94.48 93.20 91.97 90.82 89.73 88.70 87.74 86.85 86.02 85.27 84.58 83.96 83.45 83.08 82.84 82.74 82.77 82.93 83.21 83.63 84.16 84.81 85.59 86.47 87.47 88.58 89.80 91.12 92.54 94.06 95.68 97.40 99.21 101.11 103.08 105.13 107.23 109.41 111.67 114.03 116.48 119.04 121.72 124.52 127.46 130.55 133.79
143.98 141.83 139.70 137.59 135.50 133.43 131.38 129.35 127.33 125.34 123.35 121.39 119.44 117.50 115.58 113.67 111.77 109.88 108.04 106.25 104.51 102.84 101.22 99.65 98.15 96.70 95.32 93.99 92.73 91.53 90.39 89.31 88.30 87.35 86.47 85.65 84.90 84.22 83.61 83.10 82.73 82.49 82.39 82.43 82.59 82.88 83.29 83.83 84.49 85.26 86.15 87.16 88.27 89.49 90.82 92.24 93.77 95.40 97.12 98.92 100.79 102.73 104.73 106.82 108.99 111.27 113.65 116.15 118.77 121.53 124.43 127.49 130.70
145.37 143.21 141.06 138.94 136.84 134.76 132.70 130.65 128.62 126.61 124.62 122.64 120.67 118.72 116.78 114.85 112.94 111.04 109.17 107.36 105.61 103.90 102.25 100.66 99.12 97.64 96.22 94.85 93.55 92.30 91.11 89.99 88.92 87.92 86.98 86.11 85.29 84.55 83.87 83.25 82.75 82.37 82.14 82.04 82.07 82.23 82.52 82.93 83.47 84.13 84.91 85.80 86.80 87.91 89.14 90.46 91.89 93.42 95.04 96.72 98.47 100.28 102.18 104.16 106.24 108.43 110.74 113.16 115.73 118.43 121.29 124.31 127.49
146.82 144.64 142.49 140.35 138.24 136.14 134.07 132.01 129.97 127.94 125.94 123.94 121.96 120.00 118.04 116.10 114.17 112.25 110.37 108.54 106.76 105.03 103.36 101.73 100.16 98.65 97.19 95.79 94.44 93.15 91.91 90.74 89.62 88.56 87.57 86.63 85.76 84.95 84.20 83.52 82.90 82.39 82.01 81.77 81.67 81.70 81.85 82.14 82.55 83.09 83.74 84.51 85.40 86.40 87.51 88.73 90.06 91.47 92.95 94.49 96.11 97.80 99.58 101.45 103.43 105.53 107.75 110.10 112.59 115.24 118.04 121.01 124.16
148.32 146.13 143.97 141.82 139.69 137.59 135.50 133.43 131.38 129.34 127.32 125.31 123.32 121.34 119.37 117.41 115.46 113.53 111.63 109.78 107.98 106.23 104.53 102.88 101.28 99.73 98.23 96.79 95.40 94.06 92.78 91.56 90.39 89.28 88.23 87.24 86.31 85.43 84.62 83.87 83.18 82.56 82.03 81.65 81.40 81.29 81.31 81.46 81.74 82.14 82.67 83.32 84.08 84.96 85.96 87.06 88.26 89.53 90.85 92.25 93.72 95.28 96.93 98.69 100.57 102.56 104.69 106.96 109.37 111.95 114.69 117.61 120.71
149.88 147.68 145.50 143.35 141.21 139.09 136.99 134.91 132.85 130.80 128.76 126.74 124.74 122.74 120.76 118.79 116.83 114.88 112.97 111.10 109.28 107.50 105.77 104.09 102.46 100.88 99.35 97.86 96.43 95.06 93.73 92.46 91.24 90.08 88.97 87.92 86.93 85.99 85.12 84.30 83.54 82.84 82.21 81.67 81.28 81.02 80.89 80.90 81.04 81.31 81.70 82.22 82.86 83.61 84.48 85.45 86.49 87.58 88.75 89.99 91.31 92.73 94.25 95.89 97.65 99.54 101.56 103.74 106.07 108.57 111.25 114.10 117.16
151.50 149.29 147.11 144.94 142.79 140.66 138.55 136.46 134.38 132.32 130.28 128.24 126.22 124.22 122.22 120.24 118.27 116.30 114.37 112.49 110.65 108.85 107.09 105.38 103.72 102.11 100.54 99.02 97.55 96.13 94.76 93.44 92.18 90.96 89.80 88.69 87.64 86.64 85.70 84.81 83.99 83.22 82.51 81.86 81.31 80.90 80.62 80.48 80.48 80.60 80.85 81.23 81.74 82.36 83.08 83.88 84.73 85.64 86.64 87.71 88.89 90.16 91.54 93.05 94.68 96.46 98.38 100.45 102.70 105.11 107.71 110.50 113.50
153.18 150.97 148.77 146.60 144.44 142.30 140.18 138.08 135.99 133.92 131.86 129.82 127.79 125.77 123.76 121.76 119.78 117.80 115.86 113.95 112.09 110.27 108.49 106.76 105.06 103.42 101.82 100.26 98.75 97.29 95.87 94.51 93.19 91.93 90.71 89.55 88.44 87.38 86.37 85.42 84.52 83.68 82.90 82.17 81.51 80.94 80.51 80.21 80.05 80.03 80.14 80.37 80.73 81.20 81.74 82.33 82.98 83.72 84.53 85.44 86.45 87.57 88.81 90.17 91.68 93.33 95.14 97.11 99.25 101.58 104.09 106.81 109.74
154.94 152.72 150.51 148.33 146.16 144.01 141.88 139.77 137.67 135.59 133.52 131.47 129.42 127.39 125.38 123.37 121.37 119.38 117.42 115.50 113.62 111.78 109.97 108.21 106.49 104.81 103.18 101.58 100.04 98.53 97.07 95.66 94.30 92.98 91.71 90.50 89.33 88.21 87.14 86.12 85.16 84.25 83.39 82.59 81.84 81.15 80.56 80.11 79.79 79.61 79.56 79.65 79.84 80.11 80.43 80.81 81.26 81.80 82.43 83.16 84.01 84.96 86.05 87.27 88.64 90.16 91.84 93.70 95.74 97.97 100.39 103.03 105.88
156.77 154.54 152.32 150.13 147.96 145.80 143.66 141.54 139.43 137.34 135.26 133.20 131.14 129.10 127.07 125.05 123.04 121.04 119.07 117.13 115.23 113.37 111.54 109.75 108.00 106.29 104.62 103.00 101.41 99.87 98.37 96.91 95.50 94.13 92.81 91.54 90.31 89.13 88.00 86.92 85.89 84.90 83.98 83.10 82.27 81.50 80.79 80.17 79.69 79.35 79.15 79.05 79.03 79.06 79.16 79.32 79.57 79.91 80.35 80.90 81.56 82.35 83.28 84.35 85.57 86.95 88.51 90.24 92.17 94.29 96.62 99.17 101.94
158.67 156.43 154.21 152.01 149.83 147.67 145.52 143.39 141.27 139.17 137.08 135.01 132.94 130.89 128.85 126.82 124.80 122.79 120.80 118.85 116.93 115.05 113.20 111.38 109.61 107.87 106.17 104.50 102.88 101.30 99.75 98.25 96.79 95.38 94.00 92.67 91.39 90.15 88.96 87.81 86.72 85.67 84.66 83.71 82.81 81.96 81.16 80.42 79.78 79.27 78.88 78.55 78.28 78.07 77.94 77.88 77.91 78.05 78.28 78.64 79.12 79.73 80.49 81.40 82.47 83.71 85.13 86.74 88.54 90.55 92.78 95.23 97.91
160.65 158.41 156.18 153.98 151.79 149.62 147.46 145.32 143.20 141.09 138.99 136.90 134.83 132.77 130.72 128.68 126.65 124.63 122.63 120.66 118.72 116.82 114.95 113.11 111.30 109.53 107.80 106.10 104.44 102.82 101.24 99.69 98.19 96.72 95.30 93.91 92.57 91.28 90.02 88.81 87.65 86.53 85.46 84.43 83.46 82.53 81.65 80.82 80.05 79.35 78.71 78.12 77.60 77.14 76.77 76.48 76.29 76.21 76.24 76.40 76.69 77.12 77.70 78.45 79.36 80.45 81.72 83.19 84.87 86.76 88.87 91.22 93.81
162.72 160.47 158.24 156.02 153.83 151.65 149.49 147.34 145.21 143.09 140.98 138.89 136.81 134.74 132.68 130.63 128.59 126.56 124.55 122.56 120.61 118.69 116.79 114.93 113.10 111.30 109.54 107.81 106.11 104.45 102.82 101.23 99.68 98.17 96.69 95.26 93.86 92.51 91.19 89.92 88.69 87.50 86.36 85.27 84.21 83.21 82.25 81.34 80.45 79.54 78.63 77.78 76.99 76.28 75.66 75.14 74.72 74.41 74.23 74.18 74.27 74.51 74.91 75.48 76.23 77.16 78.28 79.61 81.15 82.92 84.91 87.14 89.63
164.87 162.62 160.38 158.16 155.96 153.77 151.60 149.45 147.31 145.19 143.07 140.97 138.88 136.80 134.74 132.68 130.63 128.58 126.56 124.57 122.60 120.65 118.74 116.85 115.00 113.17 111.37 109.61 107.88 106.18 104.51 102.88 101.28 99.72 98.20 96.71 95.26 93.84 92.47 91.14 89.84 88.59 87.38 86.21 85.08 84.00 82.96 81.94 80.89 79.78 78.64 77.51 76.46 75.49 74.62 73.85 73.19 72.66 72.25 71.99 71.88 71.92 72.13 72.52 73.09 73.85 74.82 76.00 77.40 79.03 80.89 83.01 85.38
167.11 164.85 162.61 160.39 158.18 155.99 153.81 151.65 149.51 147.38 145.26 143.15 141.05 138.97 136.89 134.82 132.76 130.71 128.68 126.67 124.68 122.72 120.79 118.88 117.00 115.14 113.32 111.52 109.75 108.02 106.31 104.64 103.00 101.39 99.81 98.27 96.77 95.30 93.86 92.47 91.11 89.79 88.51 87.27 86.07 84.91 83.77 82.58 81.33 80.03 78.69 77.34 76.01 74.77 73.64 72.62 71.72 70.95 70.32 69.83 69.50 69.34 69.36 69.55 69.94 70.53 71.33 72.36 73.61 75.09 76.83 78.82 81.07
169.45 167.18 164.94 162.71 160.50 158.30 156.12 153.96 151.81 149.67 147.54 145.43 143.32 141.23 139.15 137.07 135.00 132.94 130.90 128.88 126.88 124.90 122.94 121.01 119.11 117.23 115.37 113.54 111.74 109.97 108.22 106.51 104.82 103.16 101.54 99.95 98.39 96.86 95.37 93.92 92.49 91.11 89.76 88.45 87.18 85.91 84.60 83.21 81.77 80.28 78.75 77.20 75.65 74.14 72.74 71.46 70.30 69.29 68.42 67.71 67.16 66.79 66.60 66.60 66.80 67.21 67.84 68.69 69.79 71.13 72.72 74.58 76.70
171.88 169.61 167.36 165.13 162.91 160.71 158.53 156.36 154.20 152.06 149.93 147.81 145.70 143.60 141.51 139.42 137.35 135.28 133.23 131.19 129.18 127.19 125.21 123.26 121.33 119.42 117.54 115.68 113.84 112.03 110.25 108.49 106.76 105.06 103.39 101.75 100.13 98.55 97.00 95.49 94.00 92.55 91.13 89.75 88.38 86.94 85.43 83.84 82.20 80.52 78.80 77.07 75.32 73.59 71.92 70.37 68.96 67.69 66.58 65.63 64.86 64.26 63.86 63.66 63.66 63.88 64.33 65.02 65.95 67.13 68.57 70.29 72.29
174.41 172.14 169.89 167.65 165.43 163.23 161.04 158.87 156.71 154.56 152.42 150.29 148.18 146.07 143.98 141.89 139.81 137.73 135.67 133.62 131.60 129.58 127.59 125.62 123.66 121.73 119.82 117.93 116.06 114.21 112.39 110.59 108.82 107.08 105.36 103.66 102.00 100.36 98.76 97.18 95.63 94.12 92.63 91.15 89.60 87.96 86.25 84.46 82.63 80.75 78.84 76.92 74.99 73.07 71.17 69.35 67.68 66.15 64.79 63.60 62.59 61.77 61.15 60.73 60.54 60.56 60.82 61.33 62.09 63.11 64.39 65.96 67.82
177.05 174.78 172.52 170.28 168.06 165.85 163.66 161.48 159.32 157.16 155.02 152.89 150.77 148.66 146.56 144.46 142.38 140.29 138.22 136.17 134.13 132.10 130.09 128.10 126.12 124.16 122.22 120.30 118.40 116.52 114.66 112.82 111.01 109.22 107.45 105.71 103.99 102.30 100.64 99.00 97.39 95.81 94.23 92.57 90.82 88.97 87.05 85.07 83.04 80.97 78.87 76.76 74.65 72.54 70.46 68.42 66.47 64.68 63.06 61.62 60.37 59.32 58.47 57.83 57.43 57.25 57.32 57.64 58.21 59.06 60.19 61.60 63.31
179.79 177.52 175.26 173.02 170.80 168.59 166.39 164.21 162.04 159.88 157.74 155.60 153.48 151.36 149.26 147.16 145.06 142.98 140.90 138.83 136.78 134.74 132.71 130.69 128.70 126.71 124.74 122.79 120.86 118.95 117.05 115.17 113.32 111.48 109.67 107.88 106.11 104.37 102.65 100.95 99.28 97.61 95.85 93.98 92.01 89.97 87.84 85.66 83.43 81.17 78.88 76.58 74.28 72.00 69.74 67.51 65.34 63.29 61.40 59.70 58.20 56.90 55.82 54.96 54.34 53.95 53.82 53.94 54.33 55.00 55.96 57.21 58.77
182.64 180.37 178.11 175.87 173.64 171.43 169.24 167.05 164.88 162.72 160.57 158.43 156.31 154.19 152.07 149.97 147.87 145.78 143.69 141.62 139.55 137.50 135.45 133.42 131.40 129.39 127.40 125.42 123.45 121.50 119.57 117.66 115.76 113.88 112.02 110.18 108.37 106.57 104.79 103.04 101.28 99.42 97.45 95.37 93.19 90.94 88.62 86.24 83.81 81.35 78.87 76.38 73.90 71.43 68.99 66.59 64.24 61.96 59.81 57.85 56.09 54.54 53.22 52.13 51.28 50.68 50.33 50.25 50.45 50.94 51.71 52.80 54.19
