data_output/RCH/Precip_2010_03.asc
ncols        168
nrows        136
xllcorner    455000
yllcorner    2107000
cellsize     500
NODATA_value     -99999
[rows 76 to 113 of 136, columns 84 to 167 of 168]
1.27 1.37 1.49 1.64 1.80 1.99 2.19 2.41 2.64 2.89 3.16 3.42 3.68 3.93 4.17 4.41 4.64 4.85 5.06 5.26 5.45 5.63 5.79 5.94 6.08 6.21 6.32 6.41 6.50 6.56 6.61 6.64 6.66 6.66 6.66 6.64 6.61 6.57 6.53 6.47 6.41 6.34 6.26 6.17 6.08 5.98 5.88 5.77 5.65 5.53 5.41 5.28 5.15 5.01 4.87 4.73 4.59 4.44 4.30 4.15 4.00 3.84 3.69 3.54 3.38 3.23 3.08 2.93 2.78 2.64 2.52 2.40 2.30 2.21 2.13 2.07 2.01 1.96 1.92 1.89 1.87 1.86 1.86 1.87
1.45 1.56 1.68 1.83 2.00 2.19 2.40 2.63 2.87 3.12 3.38 3.64 3.89 4.13 4.36 4.59 4.81 5.02 5.23 5.42 5.60 5.78 5.94 6.09 6.22 6.35 6.46 6.55 6.63 6.70 6.75 6.79 6.80 6.80 6.79 6.77 6.74 6.71 6.66 6.60 6.53 6.46 6.38 6.29 6.20 6.10 5.99 5.88 5.77 5.65 5.52 5.39 5.26 5.13 4.99 4.84 4.70 4.55 4.40 4.25 4.10 3.95 3.79 3.64 3.48 3.33 3.17 3.02 2.88 2.75 2.64 2.53 2.44 2.35 2.28 2.22 2.17 2.12 2.09 2.06 2.05 2.04 2.04 2.04
1.63 1.74 1.87 2.03 2.20 2.40 2.62 2.85 3.09 3.35 3.60 3.84 4.08 4.31 4.54 4.76 4.97 5.18 5.38 5.57 5.74 5.91 6.07 6.22 6.35 6.48 6.59 6.68 6.76 6.83 6.88 6.92 6.94 6.94 6.93 6.91 6.88 6.83 6.78 6.72 6.66 6.58 6.50 6.41 6.32 6.22 6.11 6.00 5.88 5.76 5.64 5.51 5.37 5.24 5.10 4.96 4.81 4.66 4.51 4.36 4.21 4.05 3.90 3.74 3.58 3.42 3.27 3.13 3.00 2.88 2.77 2.67 2.58 2.51 2.44 2.38 2.34 2.30 2.27 2.25 2.23 2.22 2.23 2.23
1.81 1.93 2.07 2.23 2.41 2.61 2.83 3.07 3.31 3.55 3.79 4.03 4.26 4.48 4.70 4.92 5.12 5.32 5.51 5.70 5.87 6.04 6.19 6.34 6.47 6.59 6.70 6.80 6.88 6.95 7.00 7.04 7.07 7.07 7.06 7.04 7.00 6.96 6.91 6.84 6.78 6.70 6.62 6.53 6.43 6.33 6.22 6.11 5.99 5.87 5.75 5.62 5.49 5.35 5.21 5.07 4.92 4.77 4.62 4.47 4.31 4.15 4.00 3.84 3.68 3.52 3.38 3.24 3.12 3.01 2.91 2.82 2.74 2.67 2.61 2.56 2.52 2.48 2.46 2.44 2.43 2.42 2.42 2.43
2.00 2.11 2.26 2.42 2.61 2.82 3.05 3.28 3.51 3.74 3.97 4.20 4.42 4.64 4.85 5.06 5.26 5.45 5.64 5.82 5.99 6.15 6.30 6.44 6.57 6.70 6.80 6.90 6.98 7.06 7.11 7.15 7.18 7.19 7.19 7.16 7.13 7.08 7.03 6.96 6.89 6.81 6.73 6.64 6.54 6.44 6.33 6.22 6.10 5.98 5.86 5.73 5.59 5.46 5.32 5.17 5.03 4.88 4.72 4.57 4.41 4.26 4.10 3.94 3.78 3.63 3.50 3.37 3.26 3.16 3.06 2.98 2.91 2.85 2.79 2.75 2.71 2.68 2.66 2.64 2.63 2.63 2.63 2.64
2.17 2.30 2.45 2.62 2.81 3.03 3.25 3.47 3.70 3.92 4.13 4.35 4.56 4.77 4.98 5.18 5.37 5.56 5.74 5.92 6.08 6.24 6.39 6.53 6.66 6.78 6.89 6.99 7.08 7.15 7.21 7.25 7.28 7.30 7.30 7.28 7.25 7.20 7.14 7.08 7.00 6.93 6.84 6.75 6.65 6.55 6.44 6.33 6.21 6.09 5.96 5.83 5.70 5.56 5.42 5.28 5.13 4.98 4.83 4.67 4.52 4.36 4.20 4.04 3.89 3.75 3.63 3.51 3.41 3.31 3.23 3.16 3.09 3.03 2.98 2.94 2.91 2.88 2.87 2.85 2.85 2.85 2.85 2.86
2.35 2.48 2.64 2.81 3.01 3.22 3.44 3.65 3.86 4.07 4.28 4.49 4.69 4.89 5.09 5.28 5.47 5.66 5.83 6.00 6.17 6.32 6.47 6.61 6.74 6.86 6.97 7.07 7.15 7.23 7.29 7.34 7.37 7.39 7.40 7.38 7.36 7.31 7.26 7.19 7.12 7.03 6.95 6.85 6.76 6.65 6.54 6.43 6.31 6.19 6.07 5.94 5.81 5.67 5.53 5.38 5.24 5.09 4.93 4.78 4.62 4.46 4.30 4.15 4.01 3.89 3.77 3.67 3.57 3.48 3.41 3.34 3.28 3.23 3.19 3.15 3.12 3.10 3.09 3.08 3.08 3.08 3.08 3.10
2.53 2.66 2.82 3.01 3.20 3.40 3.60 3.80 4.00 4.20 4.40 4.60 4.80 4.99 5.18 5.37 5.55 5.73 5.91 6.07 6.23 6.39 6.53 6.67 6.80 6.92 7.03 7.13 7.21 7.29 7.36 7.41 7.45 7.47 7.48 7.48 7.45 7.42 7.37 7.30 7.22 7.14 7.05 6.96 6.86 6.75 6.64 6.53 6.41 6.29 6.17 6.04 5.91 5.77 5.63 5.49 5.34 5.19 5.03 4.88 4.72 4.56 4.41 4.27 4.15 4.03 3.93 3.83 3.74 3.67 3.60 3.54 3.48 3.44 3.40 3.37 3.35 3.33 3.32 3.31 3.31 3.32 3.33 3.34
2.70 2.84 3.01 3.19 3.37 3.56 3.75 3.94 4.13 4.32 4.51 4.70 4.89 5.07 5.26 5.44 5.62 5.79 5.96 6.12 6.28 6.43 6.58 6.71 6.84 6.96 7.07 7.17 7.26 7.34 7.41 7.46 7.50 7.53 7.55 7.55 7.54 7.51 7.46 7.40 7.33 7.24 7.15 7.06 6.96 6.85 6.74 6.63 6.51 6.39 6.27 6.14 6.01 5.87 5.73 5.59 5.44 5.29 5.13 4.97 4.82 4.67 4.53 4.41 4.29 4.19 4.09 4.00 3.93 3.86 3.80 3.74 3.70 3.66 3.63 3.60 3.58 3.57 3.56 3.56 3.56 3.57 3.58 3.59
2.87 3.02 3.18 3.35 3.52 3.69 3.87 4.05 4.23 4.41 4.59 4.77 4.95 5.13 5.31 5.49 5.66 5.83 5.99 6.15 6.31 6.46 6.60 6.74 6.86 6.98 7.09 7.20 7.29 7.37 7.44 7.50 7.55 7.58 7.60 7.61 7.61 7.58 7.55 7.49 7.42 7.34 7.25 7.16 7.05 6.95 6.84 6.73 6.61 6.49 6.37 6.24 6.11 5.97 5.83 5.69 5.54 5.38 5.23 5.07 4.93 4.79 4.67 4.55 4.45 4.35 4.27 4.19 4.12 4.06 4.01 3.96 3.92 3.89 3.86 3.84 3.83 3.82 3.82 3.82 3.82 3.83 3.84 3.85
3.03 3.18 3.33 3.48 3.64 3.80 3.97 4.14 4.31 4.48 4.65 4.83 5.00 5.17 5.35 5.52 5.68 5.85 6.01 6.17 6.32 6.46 6.61 6.74 6.87 6.99 7.10 7.21 7.30 7.38 7.46 7.52 7.58 7.62 7.64 7.66 7.66 7.64 7.62 7.57 7.51 7.44 7.35 7.25 7.15 7.04 6.93 6.82 6.70 6.59 6.46 6.34 6.20 6.07 5.93 5.78 5.63 5.48 5.33 5.18 5.05 4.93 4.82 4.71 4.62 4.53 4.46 4.39 4.33 4.28 4.23 4.19 4.16 4.13 4.11 4.10 4.09 4.08 4.08 4.08 4.09 4.10 4.11 4.13
3.18 3.31 3.45 3.59 3.74 3.89 4.04 4.20 4.36 4.53 4.69 4.86 5.03 5.19 5.36 5.52 5.68 5.84 6.00 6.16 6.31 6.45 6.59 6.73 6.85 6.98 7.09 7.20 7.29 7.38 7.46 7.53 7.58 7.63 7.66 7.69 7.69 7.69 7.67 7.63 7.58 7.52 7.44 7.34 7.24 7.13 7.02 6.91 6.79 6.68 6.55 6.43 6.30 6.16 6.02 5.87 5.72 5.58 5.43 5.30 5.18 5.07 4.97 4.88 4.80 4.72 4.66 4.60 4.55 4.50 4.46 4.43 4.41 4.39 4.37 4.36 4.35 4.35 4.36 4.36 4.37 4.38 4.39 4.41
3.31 3.42 3.55 3.68 3.81 3.95 4.10 4.24 4.40 4.55 4.71 4.87 5.03 5.19 5.35 5.51 5.66 5.82 5.97 6.13 6.27 6.42 6.56 6.69 6.82 6.94 7.06 7.17 7.27 7.36 7.44 7.51 7.57 7.63 7.67 7.70 7.71 7.71 7.70 7.68 7.64 7.58 7.51 7.42 7.32 7.22 7.11 7.00 6.88 6.76 6.64 6.52 6.39 6.25 6.11 5.96 5.82 5.68 5.55 5.44 5.33 5.23 5.14 5.06 4.99 4.93 4.87 4.82 4.78 4.74 4.71 4.68 4.66 4.65 4.64 4.63 4.63 4.64 4.64 4.65 4.66 4.67 4.69 4.70
3.41 3.51 3.62 3.74 3.86 3.99 4.12 4.26 4.40 4.55 4.70 4.85 5.00 5.16 5.31 5.47 5.62 5.77 5.92 6.07 6.22 6.36 6.50 6.63 6.76 6.89 7.00 7.11 7.22 7.31 7.40 7.48 7.55 7.60 7.65 7.69 7.71 7.72 7.72 7.70 7.68 7.63 7.57 7.50 7.41 7.30 7.19 7.08 6.96 6.85 6.73 6.60 6.47 6.34 6.20 6.06 5.92 5.80 5.69 5.58 5.49 5.40 5.33 5.26 5.19 5.14 5.09 5.05 5.02 4.99 4.96 4.95 4.93 4.92 4.92 4.92 4.92 4.93 4.94 4.95 4.96 4.97 4.99 5.01
3.48 3.56 3.66 3.77 3.88 4.00 4.12 4.25 4.38 4.52 4.66 4.81 4.95 5.10 5.25 5.40 5.55 5.70 5.85 6.00 6.14 6.28 6.42 6.56 6.69 6.81 6.93 7.04 7.15 7.25 7.34 7.42 7.50 7.56 7.61 7.66 7.69 7.71 7.72 7.71 7.69 7.66 7.61 7.55 7.47 7.38 7.27 7.16 7.04 6.93 6.81 6.68 6.56 6.42 6.28 6.16 6.04 5.93 5.83 5.74 5.66 5.58 5.52 5.46 5.41 5.36 5.33 5.29 5.27 5.25 5.23 5.22 5.21 5.21 5.21 5.22 5.22 5.23 5.24 5.26 5.27 5.29 5.30 5.32
3.52 3.59 3.68 3.77 3.87 3.98 4.09 4.21 4.34 4.47 4.60 4.74 4.88 5.02 5.17 5.31 5.46 5.60 5.75 5.90 6.04 6.18 6.32 6.45 6.58 6.71 6.83 6.95 7.06 7.16 7.26 7.35 7.43 7.50 7.56 7.61 7.65 7.68 7.70 7.70 7.69 7.67 7.64 7.59 7.52 7.44 7.34 7.23 7.12 7.01 6.89 6.76 6.63 6.50 6.38 6.27 6.17 6.07 5.99 5.91 5.84 5.78 5.72 5.68 5.64 5.60 5.57 5.55 5.53 5.52 5.51 5.50 5.50 5.51 5.51 5.52 5.53 5.54 5.56 5.58 5.59 5.61 5.63 5.64
3.53 3.59 3.66 3.75 3.84 3.93 4.04 4.15 4.27 4.39 4.51 4.64 4.78 4.92 5.06 5.20 5.34 5.48 5.63 5.77 5.91 6.05 6.19 6.33 6.46 6.59 6.71 6.83 6.94 7.05 7.15 7.25 7.33 7.41 7.48 7.54 7.59 7.63 7.65 7.67 7.67 7.66 7.64 7.60 7.55 7.48 7.40 7.30 7.19 7.08 6.96 6.84 6.72 6.60 6.49 6.39 6.31 6.23 6.15 6.09 6.03 5.98 5.94 5.90 5.87 5.85 5.83 5.81 5.80 5.80 5.80 5.80 5.81 5.81 5.82 5.84 5.85 5.87 5.89 5.90 5.92 5.94 5.96 5.98
3.51 3.56 3.62 3.69 3.77 3.86 3.95 4.06 4.16 4.28 4.40 4.52 4.65 4.78 4.92 5.05 5.19 5.33 5.48 5.62 5.76 5.90 6.04 6.17 6.31 6.44 6.57 6.69 6.81 6.92 7.03 7.13 7.22 7.30 7.38 7.45 7.50 7.55 7.59 7.62 7.63 7.63 7.62 7.60 7.56 7.51 7.44 7.36 7.26 7.15 7.03 6.91 6.81 6.70 6.61 6.53 6.46 6.39 6.33 6.28 6.24 6.20 6.17 6.14 6.12 6.11 6.10 6.09 6.09 6.09 6.10 6.11 6.12 6.13 6.15 6.16 6.18 6.20 6.22 6.24 6.26 6.28 6.30 6.32
3.46 3.50 3.55 3.61 3.68 3.75 3.84 3.93 4.03 4.14 4.25 4.37 4.49 4.62 4.75 4.89 5.02 5.16 5.30 5.44 5.58 5.72 5.86 6.00 6.13 6.27 6.40 6.52 6.65 6.76 6.87 6.98 7.08 7.17 7.25 7.33 7.40 7.46 7.50 7.54 7.57 7.58 7.58 7.57 7.55 7.51 7.46 7.39 7.31 7.21 7.10 7.00 6.91 6.82 6.75 6.68 6.62 6.57 6.52 6.48 6.45 6.43 6.41 6.39 6.38 6.38 6.37 6.38 6.38 6.39 6.41 6.42 6.44 6.46 6.48 6.50 6.52 6.55 6.57 6.59 6.62 6.64 6.66 6.67
3.40 3.43 3.46 3.51 3.57 3.64 3.71 3.80 3.89 3.99 4.10 4.21 4.33 4.45 4.57 4.70 4.84 4.97 5.11 5.25 5.39 5.53 5.67 5.81 5.95 6.08 6.21 6.34 6.47 6.59 6.71 6.82 6.93 7.03 7.12 7.20 7.28 7.35 7.40 7.45 7.49 7.52 7.53 7.53 7.52 7.50 7.46 7.41 7.35 7.26 7.17 7.09 7.01 6.94 6.88 6.83 6.78 6.75 6.71 6.69 6.67 6.65 6.65 6.64 6.64 6.65 6.65 6.67 6.68 6.70 6.72 6.74 6.76 6.79 6.81 6.84 6.87 6.89 6.92 6.94 6.97 6.99 7.01 7.03
3.35 3.36 3.39 3.42 3.47 3.53 3.60 3.67 3.76 3.85 3.95 4.05 4.16 4.28 4.40 4.53 4.66 4.79 4.92 5.06 5.20 5.34 5.48 5.62 5.76 5.90 6.03 6.17 6.30 6.42 6.54 6.66 6.77 6.88 6.98 7.07 7.16 7.23 7.30 7.36 7.41 7.45 7.47 7.49 7.49 7.49 7.46 7.43 7.38 7.31 7.24 7.17 7.11 7.06 7.01 6.97 6.94 6.92 6.90 6.89 6.88 6.88 6.88 6.88 6.89 6.91 6.93 6.95 6.97 6.99 7.02 7.05 7.08 7.11 7.14 7.17 7.20 7.23 7.26 7.28 7.31 7.33 7.35 7.37
3.31 3.31 3.32 3.35 3.38 3.43 3.49 3.55 3.63 3.71 3.80 3.90 4.01 4.12 4.23 4.35 4.48 4.61 4.74 4.88 5.02 5.15 5.29 5.43 5.57 5.71 5.85 5.99 6.12 6.25 6.38 6.50 6.62 6.73 6.84 6.94 7.03 7.12 7.20 7.26 7.32 7.37 7.41 7.44 7.46 7.46 7.46 7.43 7.40 7.35 7.29 7.24 7.20 7.16 7.13 7.11 7.09 7.08 7.08 7.08 7.08 7.09 7.10 7.12 7.14 7.16 7.19 7.22 7.25 7.28 7.31 7.35 7.38 7.42 7.45 7.49 7.52 7.55 7.58 7.61 7.64 7.66 7.69 7.70
3.28 3.26 3.27 3.28 3.30 3.34 3.39 3.44 3.51 3.58 3.67 3.76 3.86 3.96 4.07 4.19 4.31 4.44 4.57 4.70 4.83 4.97 5.11 5.25 5.39 5.53 5.67 5.81 5.95 6.08 6.21 6.34 6.46 6.58 6.70 6.80 6.91 7.00 7.09 7.17 7.24 7.30 7.35 7.39 7.42 7.44 7.44 7.44 7.42 7.39 7.35 7.31 7.28 7.26 7.25 7.24 7.23 7.24 7.24 7.26 7.27 7.29 7.32 7.34 7.37 7.41 7.44 7.48 7.52 7.56 7.60 7.64 7.68 7.72 7.76 7.80 7.83 7.87 7.90 7.93 7.96 7.99 8.01 8.03
3.26 3.23 3.22 3.22 3.23 3.26 3.29 3.34 3.40 3.46 3.54 3.62 3.71 3.81 3.92 4.03 4.15 4.27 4.39 4.52 4.66 4.79 4.93 5.07 5.21 5.36 5.50 5.64 5.78 5.91 6.05 6.18 6.31 6.43 6.56 6.67 6.78 6.88 6.98 7.07 7.15 7.22 7.28 7.33 7.38 7.41 7.43 7.44 7.43 7.42 7.39 7.37 7.36 7.35 7.35 7.36 7.37 7.38 7.40 7.43 7.46 7.49 7.52 7.56 7.60 7.64 7.69 7.73 7.78 7.82 7.87 7.92 7.96 8.01 8.05 8.09 8.13 8.17 8.21 8.24 8.27 8.30 8.32 8.34
3.25 3.21 3.19 3.17 3.17 3.19 3.21 3.25 3.30 3.35 3.42 3.49 3.58 3.67 3.77 3.88 3.99 4.11 4.23 4.36 4.49 4.62 4.76 4.90 5.04 5.18 5.32 5.47 5.61 5.75 5.89 6.02 6.16 6.29 6.41 6.53 6.65 6.76 6.87 6.96 7.05 7.14 7.21 7.27 7.33 7.37 7.41 7.43 7.44 7.44 7.43 7.43 7.43 7.44 7.45 7.47 7.49 7.52 7.56 7.59 7.63 7.68 7.72 7.77 7.82 7.87 7.92 7.98 8.03 8.08 8.13 8.19 8.24 8.29 8.34 8.38 8.43 8.47 8.51 8.54 8.57 8.60 8.62 8.64
3.26 3.20 3.16 3.14 3.13 3.13 3.14 3.17 3.20 3.25 3.31 3.38 3.45 3.54 3.63 3.73 3.84 3.95 4.07 4.19 4.32 4.45 4.59 4.73 4.87 5.01 5.15 5.30 5.44 5.58 5.73 5.87 6.00 6.14 6.27 6.40 6.52 6.64 6.75 6.86 6.96 7.05 7.14 7.21 7.28 7.34 7.39 7.42 7.45 7.46 7.47 7.48 7.49 7.51 7.54 7.57 7.61 7.65 7.70 7.75 7.80 7.86 7.91 7.97 8.03 8.09 8.15 8.21 8.27 8.33 8.39 8.45 8.50 8.56 8.61 8.66 8.71 8.75 8.79 8.83 8.86 8.89 8.91 8.93
3.28 3.21 3.15 3.11 3.09 3.08 3.08 3.09 3.12 3.16 3.21 3.27 3.33 3.41 3.50 3.59 3.69 3.80 3.91 4.03 4.16 4.29 4.42 4.56 4.70 4.84 4.99 5.13 5.28 5.42 5.57 5.71 5.85 5.99 6.13 6.26 6.39 6.52 6.64 6.75 6.86 6.97 7.06 7.15 7.23 7.30 7.36 7.41 7.45 7.48 7.50 7.52 7.55 7.59 7.63 7.67 7.72 7.78 7.84 7.90 7.96 8.02 8.09 8.16 8.23 8.30 8.37 8.43 8.50 8.57 8.63 8.70 8.76 8.82 8.88 8.93 8.98 9.03 9.07 9.11 9.14 9.17 9.19 9.20
3.30 3.22 3.16 3.10 3.06 3.04 3.03 3.03 3.05 3.08 3.11 3.16 3.22 3.29 3.37 3.46 3.55 3.66 3.77 3.88 4.00 4.13 4.26 4.40 4.54 4.68 4.82 4.97 5.12 5.26 5.41 5.56 5.70 5.85 5.99 6.13 6.27 6.40 6.53 6.65 6.77 6.88 6.98 7.08 7.17 7.26 7.33 7.40 7.45 7.49 7.53 7.56 7.61 7.65 7.71 7.76 7.83 7.89 7.96 8.03 8.11 8.19 8.26 8.34 8.42 8.50 8.57 8.65 8.72 8.80 8.87 8.94 9.01 9.07 9.13 9.19 9.24 9.29 9.33 9.37 9.41 9.43 9.46 9.47
3.33 3.25 3.17 3.10 3.05 3.01 2.99 2.98 2.99 3.00 3.03 3.07 3.12 3.18 3.26 3.34 3.43 3.52 3.63 3.74 3.86 3.98 4.11 4.24 4.38 4.52 4.66 4.81 4.96 5.11 5.26 5.41 5.56 5.71 5.85 6.00 6.14 6.28 6.41 6.54 6.67 6.79 6.91 7.02 7.12 7.21 7.30 7.38 7.45 7.50 7.55 7.60 7.66 7.72 7.78 7.85 7.92 8.00 8.08 8.16 8.25 8.34 8.42 8.51 8.60 8.69 8.77 8.85 8.94 9.02 9.10 9.17 9.24 9.31 9.38 9.44 9.49 9.54 9.59 9.63 9.66 9.69 9.71 9.73
3.35 3.27 3.19 3.12 3.05 3.00 2.96 2.94 2.94 2.94 2.96 2.99 3.03 3.09 3.15 3.22 3.30 3.40 3.49 3.60 3.71 3.83 3.96 4.09 4.23 4.37 4.51 4.66 4.80 4.96 5.11 5.26 5.41 5.56 5.72 5.87 6.01 6.16 6.30 6.44 6.57 6.70 6.83 6.95 7.07 7.17 7.27 7.36 7.44 7.51 7.57 7.63 7.70 7.78 7.85 7.93 8.02 8.10 8.19 8.29 8.38 8.48 8.58 8.67 8.77 8.86 8.96 9.05 9.14 9.23 9.31 9.39 9.47 9.54 9.61 9.67 9.73 9.78 9.83 9.87 9.91 9.94 9.96 9.97
3.38 3.29 3.21 3.14 3.06 3.00 2.95 2.92 2.90 2.89 2.90 2.92 2.95 3.00 3.05 3.12 3.19 3.28 3.37 3.47 3.58 3.70 3.82 3.95 4.08 4.22 4.36 4.51 4.66 4.81 4.96 5.12 5.27 5.43 5.58 5.74 5.89 6.04 6.19 6.34 6.48 6.62 6.76 6.89 7.01 7.13 7.24 7.34 7.43 7.51 7.59 7.66 7.75 7.83 7.92 8.01 8.10 8.20 8.30 8.40 8.51 8.61 8.72 8.83 8.93 9.04 9.14 9.24 9.33 9.42 9.51 9.60 9.68 9.76 9.83 9.90 9.96 10.02 10.06 10.11 10.14 10.17 10.19 10.20
3.40 3.32 3.24 3.16 3.08 3.01 2.95 2.90 2.87 2.85 2.85 2.86 2.88 2.92 2.96 3.02 3.09 3.17 3.25 3.35 3.45 3.57 3.68 3.81 3.94 4.08 4.22 4.36 4.51 4.66 4.82 4.98 5.13 5.29 5.45 5.61 5.77 5.92 6.08 6.23 6.39 6.54 6.68 6.82 6.96 7.08 7.20 7.32 7.42 7.52 7.60 7.69 7.79 7.88 7.98 8.08 8.19 8.29 8.40 8.51 8.62 8.74 8.85 8.97 9.08 9.20 9.30 9.41 9.51 9.61 9.71 9.80 9.89 9.97 10.04 10.11 10.18 10.23 10.29 10.33 10.37 10.39 10.41 10.42
3.42 3.34 3.26 3.18 3.10 3.03 2.96 2.90 2.86 2.83 2.81 2.81 2.82 2.85 2.89 2.94 3.00 3.07 3.15 3.24 3.34 3.44 3.56 3.68 3.81 3.94 4.08 4.22 4.37 4.53 4.68 4.84 5.00 5.16 5.32 5.49 5.65 5.81 5.97 6.14 6.30 6.45 6.61 6.76 6.90 7.04 7.17 7.30 7.41 7.52 7.62 7.72 7.82 7.93 8.04 8.15 8.26 8.38 8.50 8.62 8.74 8.86 8.98 9.10 9.23 9.35 9.46 9.58 9.69 9.79 9.89 9.99 10.08 10.17 10.24 10.32 10.38 10.44 10.50 10.54 10.58 10.60 10.62 10.63
3.45 3.36 3.28 3.20 3.12 3.05 2.98 2.91 2.85 2.81 2.78 2.77 2.78 2.79 2.82 2.86 2.91 2.97 3.05 3.13 3.23 3.33 3.44 3.56 3.68 3.81 3.95 4.09 4.24 4.39 4.55 4.71 4.87 5.03 5.20 5.36 5.53 5.70 5.87 6.04 6.21 6.37 6.54 6.69 6.85 7.00 7.14 7.27 7.40 7.52 7.63 7.74 7.86 7.97 8.09 8.21 8.34 8.46 8.59 8.71 8.84 8.97 9.10 9.23 9.36 9.49 9.61 9.73 9.85 9.96 10.07 10.17 10.26 10.35 10.43 10.51 10.58 10.64 10.69 10.74 10.78 10.80 10.82 10.83
3.47 3.38 3.30 3.22 3.14 3.07 3.00 2.93 2.86 2.81 2.77 2.75 2.74 2.74 2.76 2.79 2.84 2.89 2.96 3.04 3.12 3.22 3.33 3.44 3.56 3.69 3.82 3.97 4.11 4.26 4.42 4.58 4.74 4.91 5.08 5.25 5.42 5.60 5.77 5.95 6.12 6.30 6.47 6.63 6.80 6.95 7.11 7.25 7.39 7.52 7.64 7.76 7.89 8.02 8.15 8.28 8.41 8.54 8.67 8.81 8.94 9.08 9.21 9.35 9.48 9.62 9.75 9.88 10.00 10.12 10.23 10.33 10.43 10.53 10.61 10.69 10.76 10.83 10.88 10.93 10.96 10.99 11.01 11.02
3.49 3.40 3.32 3.24 3.16 3.09 3.02 2.95 2.88 2.82 2.77 2.73 2.71 2.71 2.72 2.74 2.77 2.82 2.88 2.95 3.03 3.12 3.22 3.33 3.45 3.58 3.71 3.85 3.99 4.14 4.30 4.46 4.62 4.79 4.96 5.14 5.32 5.50 5.68 5.86 6.04 6.22 6.40 6.58 6.75 6.91 7.08 7.23 7.38 7.52 7.65 7.79 7.92 8.06 8.20 8.34 8.48 8.62 8.76 8.90 9.04 9.18 9.32 9.46 9.60 9.74 9.88 10.01 10.14 10.26 10.38 10.49 10.59 10.69 10.78 10.86 10.94 11.00 11.06 11.10 11.14 11.17 11.18 11.19
3.51 3.42 3.34 3.26 3.18 3.11 3.04 2.97 2.90 2.84 2.78 2.73 2.70 2.69 2.68 2.70 2.72 2.76 2.81 2.88 2.95 3.03 3.13 3.23 3.35 3.47 3.60 3.73 3.88 4.03 4.18 4.34 4.51 4.68 4.86 5.04 5.22 5.40 5.59 5.78 5.97 6.15 6.34 6.52 6.70 6.88 7.05 7.21 7.37 7.52 7.66 7.81 7.95 8.10 8.25 8.39 8.54 8.69 8.84 8.99 9.13 9.28 9.42 9.57 9.71 9.85 10.00 10.13 10.27 10.40 10.52 10.64 10.74 10.84 10.94 11.02 11.10 11.16 11.22 11.27 11.30 11.33 11.34 11.35
3.53 3.45 3.36 3.28 3.20 3.13 3.06 2.99 2.92 2.86 2.80 2.75 2.70 2.68 2.66 2.67 2.68 2.71 2.75 2.81 2.88 2.96 3.04 3.14 3.25 3.37 3.50 3.63 3.77 3.92 4.07 4.23 4.40 4.58 4.75 4.94 5.12 5.32 5.51 5.70 5.89 6.09 6.28 6.47 6.66 6.84 7.02 7.19 7.36 7.52 7.67 7.83 7.98 8.14 8.29 8.45 8.60 8.76 8.91 9.07 9.22 9.37 9.52 9.67 9.82 9.97 10.11 10.25 10.39 10.52 10.65 10.77 10.88 10.99 11.08 11.17 11.25 11.31 11.37 11.42 11.45 11.48 11.49 11.50
