data_output/RCH/Precip_1999_05.asc
ncols        168
nrows        136
xllcorner    455000
yllcorner    2107000
cellsize     500
NODATA_value     -99999
[rows 0 to 34 of 136, columns 80 to 159 of 168]
2.79 2.86 2.93 3.01 3.09 3.18 3.27 3.37 3.47 3.58 3.70 3.82 3.95 4.09 4.23 4.38 4.53 4.70 4.87 5.05 5.23 5.42 5.62 5.83 6.04 6.27 6.50 6.74 6.99 7.24 7.51 7.78 8.06 8.33 8.61 8.89 9.16 9.43 9.70 9.97 10.24 10.49 10.75 11.00 11.24 11.48 11.70 11.92 12.14 12.34 12.53 12.71 12.89 13.04 13.19 13.33 13.45 13.55 13.65 13.72 13.78 13.82 13.85 13.86 13.86 13.86 13.84 13.82 13.81 13.79 13.77 13.76 13.76 13.77 13.79 13.83 13.88 13.95 14.05 14.17
2.46 2.52 2.59 2.67 2.75 2.83 2.92 3.02 3.12 3.23 3.34 3.46 3.59 3.72 3.86 4.01 4.16 4.32 4.49 4.67 4.85 5.04 5.24 5.44 5.66 5.88 6.11 6.35 6.59 6.85 7.11 7.38 7.65 7.92 8.18 8.45 8.72 8.99 9.25 9.52 9.77 10.03 10.28 10.52 10.76 10.99 11.22 11.44 11.64 11.84 12.04 12.22 12.39 12.54 12.69 12.82 12.94 13.05 13.14 13.22 13.28 13.32 13.35 13.36 13.37 13.36 13.35 13.33 13.32 13.30 13.29 13.28 13.28 13.29 13.32 13.36 13.42 13.49 13.59 13.72
2.14 2.20 2.26 2.33 2.41 2.49 2.58 2.67 2.77 2.88 2.99 3.11 3.23 3.36 3.50 3.64 3.79 3.95 4.12 4.29 4.47 4.66 4.86 5.06 5.27 5.49 5.72 5.95 6.20 6.45 6.71 6.97 7.23 7.49 7.76 8.02 8.28 8.55 8.81 9.06 9.32 9.57 9.81 10.05 10.29 10.52 10.74 10.96 11.16 11.36 11.55 11.73 11.90 12.06 12.21 12.34 12.46 12.57 12.66 12.74 12.80 12.85 12.87 12.89 12.90 12.89 12.88 12.87 12.86 12.84 12.84 12.83 12.84 12.85 12.88 12.93 12.99 13.07 13.17 13.30
1.82 1.88 1.94 2.01 2.08 2.16 2.24 2.33 2.43 2.53 2.64 2.76 2.88 3.00 3.14 3.28 3.43 3.59 3.75 3.92 4.10 4.28 4.48 4.68 4.89 5.11 5.33 5.57 5.81 6.06 6.31 6.56 6.82 7.07 7.33 7.59 7.85 8.11 8.36 8.62 8.87 9.11 9.36 9.59 9.83 10.06 10.28 10.49 10.70 10.89 11.08 11.26 11.43 11.59 11.74 11.87 12.00 12.10 12.20 12.28 12.34 12.39 12.42 12.44 12.45 12.45 12.44 12.44 12.43 12.42 12.41 12.41 12.42 12.45 12.48 12.53 12.60 12.68 12.79 12.93
1.51 1.57 1.63 1.69 1.76 1.83 1.91 2.00 2.09 2.19 2.30 2.41 2.53 2.65 2.79 2.93 3.07 3.22 3.39 3.55 3.73 3.91 4.10 4.30 4.51 4.73 4.95 5.18 5.42 5.66 5.90 6.15 6.40 6.65 6.91 7.16 7.42 7.67 7.92 8.17 8.42 8.67 8.91 9.14 9.38 9.60 9.82 10.04 10.24 10.44 10.63 10.81 10.98 11.14 11.29 11.42 11.55 11.66 11.76 11.84 11.91 11.96 12.00 12.02 12.03 12.04 12.03 12.03 12.03 12.02 12.02 12.03 12.04 12.07 12.11 12.17 12.24 12.33 12.45 12.59
1.22 1.26 1.32 1.38 1.44 1.52 1.59 1.68 1.77 1.86 1.96 2.07 2.19 2.31 2.44 2.58 2.72 2.87 3.03 3.19 3.37 3.55 3.74 3.93 4.14 4.35 4.57 4.80 5.03 5.26 5.50 5.74 5.98 6.23 6.48 6.73 6.98 7.24 7.49 7.73 7.98 8.22 8.46 8.70 8.93 9.16 9.38 9.59 9.80 10.00 10.19 10.37 10.54 10.70 10.86 11.00 11.12 11.24 11.34 11.43 11.50 11.55 11.59 11.62 11.64 11.65 11.65 11.65 11.65 11.66 11.66 11.68 11.70 11.73 11.78 11.84 11.92 12.02 12.15 12.30
0.92 0.97 1.02 1.08 1.14 1.21 1.28 1.36 1.45 1.54 1.64 1.74 1.86 1.97 2.10 2.23 2.37 2.52 2.68 2.84 3.01 3.19 3.37 3.57 3.77 3.98 4.20 4.42 4.64 4.87 5.10 5.33 5.57 5.81 6.06 6.31 6.56 6.81 7.05 7.30 7.55 7.79 8.03 8.27 8.50 8.73 8.95 9.16 9.37 9.57 9.76 9.95 10.12 10.29 10.44 10.58 10.72 10.84 10.94 11.04 11.11 11.17 11.22 11.25 11.27 11.29 11.30 11.31 11.31 11.32 11.34 11.36 11.38 11.43 11.48 11.55 11.64 11.75 11.88 12.04
0.64 0.69 0.73 0.78 0.84 0.91 0.98 1.05 1.14 1.22 1.32 1.42 1.53 1.65 1.77 1.90 2.04 2.18 2.33 2.49 2.66 2.84 3.02 3.21 3.41 3.61 3.82 4.04 4.25 4.47 4.70 4.93 5.16 5.40 5.64 5.88 6.13 6.38 6.63 6.88 7.12 7.36 7.60 7.84 8.07 8.30 8.53 8.74 8.95 9.16 9.35 9.54 9.72 9.89 10.05 10.19 10.33 10.45 10.57 10.66 10.75 10.81 10.86 10.90 10.93 10.96 10.97 10.99 11.00 11.02 11.04 11.07 11.10 11.15 11.22 11.30 11.39 11.51 11.65 11.82
0.37 0.41 0.45 0.50 0.56 0.62 0.68 0.75 0.83 0.92 1.01 1.11 1.21 1.33 1.45 1.57 1.71 1.85 2.00 2.15 2.32 2.49 2.67 2.86 3.05 3.25 3.45 3.66 3.87 4.08 4.30 4.52 4.75 4.98 5.22 5.46 5.71 5.96 6.21 6.45 6.70 6.94 7.19 7.42 7.66 7.89 8.12 8.34 8.55 8.76 8.96 9.15 9.33 9.50 9.67 9.82 9.96 10.09 10.21 10.32 10.41 10.48 10.54 10.58 10.62 10.65 10.68 10.70 10.72 10.75 10.78 10.81 10.86 10.92 10.99 11.08 11.18 11.31 11.46 11.64
0.12 0.15 0.19 0.23 0.28 0.34 0.40 0.47 0.54 0.62 0.71 0.81 0.91 1.02 1.13 1.25 1.39 1.52 1.67 1.82 1.98 2.15 2.33 2.51 2.70 2.89 3.09 3.29 3.49 3.70 3.91 4.13 4.35 4.58 4.81 5.05 5.29 5.54 5.79 6.04 6.29 6.53 6.78 7.02 7.26 7.49 7.72 7.94 8.16 8.37 8.58 8.77 8.96 9.14 9.31 9.47 9.62 9.75 9.88 9.99 10.09 10.17 10.24 10.29 10.34 10.37 10.41 10.44 10.47 10.51 10.54 10.59 10.65 10.71 10.80 10.90 11.01 11.15 11.31 11.50
0.00 0.00 0.00 0.00 0.02 0.07 0.13 0.19 0.26 0.34 0.42 0.51 0.61 0.72 0.83 0.95 1.07 1.21 1.35 1.50 1.66 1.83 2.00 2.17 2.35 2.54 2.73 2.92 3.12 3.32 3.53 3.74 3.96 4.18 4.41 4.65 4.88 5.13 5.38 5.63 5.88 6.13 6.38 6.62 6.86 7.10 7.33 7.56 7.78 8.00 8.21 8.41 8.61 8.79 8.97 9.13 9.29 9.44 9.57 9.69 9.79 9.88 9.96 10.02 10.08 10.13 10.17 10.21 10.25 10.30 10.35 10.40 10.47 10.55 10.64 10.75 10.88 11.03 11.20 11.40
0.00 0.00 0.00 0.00 0.00 0.00 0.00 0.00 0.00 0.06 0.14 0.23 0.33 0.43 0.54 0.65 0.77 0.90 1.04 1.19 1.34 1.50 1.67 1.84 2.01 2.19 2.37 2.56 2.75 2.95 3.16 3.36 3.58 3.80 4.02 4.25 4.49 4.73 4.97 5.22 5.48 5.73 5.98 6.23 6.48 6.72 6.96 7.19 7.42 7.64 7.86 8.07 8.27 8.46 8.65 8.82 8.99 9.14 9.28 9.41 9.53 9.62 9.71 9.78 9.85 9.91 9.96 10.01 10.06 10.12 10.18 10.25 10.33 10.42 10.52 10.64 10.78 10.95 11.13 11.35
0.00 0.00 0.00 0.00 0.00 0.00 0.00 0.00 0.00 0.00 0.00 0.00 0.05 0.15 0.25 0.37 0.48 0.61 0.75 0.89 1.04 1.19 1.35 1.51 1.68 1.85 2.03 2.21 2.40 2.59 2.79 3.00 3.21 3.42 3.64 3.87 4.10 4.34 4.58 4.83 5.09 5.34 5.60 5.85 6.10 6.35 6.60 6.84 7.07 7.30 7.53 7.74 7.95 8.15 8.35 8.53 8.70 8.86 9.02 9.15 9.28 9.39 9.48 9.57 9.64 9.71 9.78 9.84 9.91 9.97 10.05 10.13 10.22 10.32 10.44 10.57 10.73 10.90 11.10 11.32
0.00 0.00 0.00 0.00 0.00 0.00 0.00 0.00 0.00 0.00 0.00 0.00 0.00 0.00 0.00 0.09 0.21 0.33 0.46 0.60 0.74 0.89 1.04 1.19 1.36 1.52 1.70 1.87 2.06 2.24 2.44 2.64 2.84 3.06 3.27 3.50 3.73 3.96 4.20 4.45 4.70 4.96 5.22 5.48 5.74 6.00 6.25 6.50 6.74 6.98 7.21 7.43 7.65 7.86 8.06 8.26 8.44 8.61 8.77 8.92 9.06 9.18 9.29 9.38 9.47 9.55 9.63 9.70 9.78 9.86 9.94 10.04 10.14 10.26 10.39 10.54 10.71 10.89 11.10 11.31
0.00 0.00 0.00 0.00 0.00 0.00 0.00 0.00 0.00 0.00 0.00 0.00 0.00 0.00 0.00 0.00 0.00 0.06 0.19 0.32 0.45 0.59 0.74 0.89 1.04 1.21 1.37 1.55 1.72 1.91 2.10 2.30 2.50 2.71 2.92 3.14 3.37 3.60 3.84 4.08 4.34 4.60 4.86 5.13 5.39 5.65 5.91 6.17 6.42 6.67 6.91 7.14 7.37 7.59 7.80 8.00 8.20 8.38 8.55 8.72 8.86 9.00 9.11 9.22 9.32 9.42 9.51 9.60 9.69 9.78 9.88 9.98 10.10 10.23 10.38 10.54 10.72 10.92 11.12 11.33
0.00 0.00 0.00 0.00 0.00 0.00 0.00 0.00 0.00 0.00 0.00 0.00 0.00 0.00 0.00 0.00 0.00 0.00 0.00 0.04 0.17 0.31 0.45 0.59 0.74 0.90 1.06 1.23 1.41 1.59 1.77 1.97 2.16 2.37 2.58 2.80 3.02 3.25 3.49 3.74 3.99 4.24 4.51 4.78 5.05 5.32 5.59 5.85 6.11 6.37 6.62 6.86 7.10 7.33 7.56 7.77 7.98 8.17 8.36 8.53 8.69 8.84 8.97 9.09 9.20 9.31 9.42 9.52 9.62 9.73 9.84 9.97 10.10 10.24 10.40 10.58 10.77 10.96 11.16 11.36
0.00 0.00 0.00 0.00 0.00 0.00 0.00 0.00 0.00 0.00 0.00 0.00 0.00 0.00 0.00 0.00 0.00 0.00 0.00 0.00 0.00 0.04 0.17 0.31 0.46 0.61 0.77 0.93 1.10 1.28 1.46 1.65 1.85 2.05 2.26 2.47 2.70 2.93 3.16 3.40 3.65 3.91 4.17 4.45 4.72 5.00 5.28 5.55 5.82 6.09 6.35 6.61 6.86 7.10 7.33 7.56 7.78 7.98 8.18 8.37 8.55 8.70 8.85 8.99 9.11 9.24 9.35 9.47 9.59 9.71 9.84 9.98 10.13 10.29 10.47 10.65 10.84 11.03 11.22 11.42
0.00 0.00 0.00 0.00 0.00 0.00 0.00 0.00 0.00 0.00 0.00 0.00 0.00 0.00 0.00 0.00 0.00 0.00 0.00 0.00 0.00 0.00 0.00 0.05 0.19 0.33 0.49 0.65 0.82 0.99 1.17 1.35 1.55 1.75 1.95 2.17 2.39 2.62 2.85 3.09 3.34 3.60 3.86 4.13 4.41 4.70 4.98 5.27 5.55 5.83 6.10 6.37 6.63 6.88 7.13 7.37 7.60 7.82 8.03 8.24 8.42 8.60 8.76 8.91 9.05 9.19 9.32 9.46 9.59 9.73 9.88 10.03 10.19 10.37 10.56 10.74 10.93 11.12 11.31 11.50
0.00 0.00 0.00 0.00 0.00 0.00 0.00 0.00 0.00 0.00 0.00 0.00 0.00 0.00 0.00 0.00 0.00 0.00 0.00 0.00 0.00 0.00 0.00 0.00 0.00 0.08 0.23 0.38 0.55 0.72 0.89 1.08 1.27 1.46 1.67 1.88 2.10 2.33 2.56 2.80 3.05 3.31 3.57 3.84 4.12 4.41 4.70 5.00 5.29 5.58 5.86 6.14 6.42 6.68 6.95 7.20 7.44 7.68 7.91 8.12 8.33 8.52 8.69 8.86 9.02 9.17 9.32 9.47 9.62 9.78 9.94 10.11 10.30 10.48 10.67 10.86 11.04 11.23 11.42 11.60
0.00 0.00 0.00 0.00 0.00 0.00 0.00 0.00 0.00 0.00 0.00 0.00 0.00 0.00 0.00 0.00 0.00 0.00 0.00 0.00 0.00 0.00 0.00 0.00 0.00 0.00 0.00 0.13 0.29 0.46 0.64 0.82 1.01 1.20 1.41 1.62 1.83 2.06 2.29 2.53 2.78 3.04 3.30 3.57 3.85 4.14 4.44 4.74 5.04 5.35 5.64 5.94 6.23 6.51 6.78 7.05 7.31 7.56 7.81 8.04 8.26 8.46 8.66 8.84 9.02 9.19 9.35 9.52 9.69 9.86 10.04 10.23 10.42 10.62 10.80 10.99 11.18 11.36 11.55 11.73
0.00 0.00 0.00 0.00 0.00 0.00 0.00 0.00 0.00 0.00 0.00 0.00 0.00 0.00 0.00 0.00 0.00 0.00 0.00 0.00 0.00 0.00 0.00 0.00 0.00 0.00 0.00 0.00 0.06 0.23 0.40 0.58 0.77 0.96 1.16 1.37 1.59 1.81 2.05 2.29 2.54 2.79 3.06 3.33 3.61 3.90 4.20 4.50 4.82 5.13 5.44 5.75 6.05 6.35 6.64 6.92 7.20 7.47 7.73 7.98 8.21 8.44 8.65 8.85 9.04 9.23 9.42 9.60 9.79 9.98 10.18 10.38 10.58 10.77 10.96 11.15 11.33 11.52 11.70 11.88
0.00 0.00 0.00 0.00 0.00 0.00 0.00 0.00 0.00 0.00 0.00 0.00 0.00 0.00 0.00 0.00 0.00 0.00 0.00 0.00 0.00 0.00 0.00 0.00 0.00 0.00 0.00 0.00 0.00 0.02 0.19 0.37 0.55 0.74 0.94 1.15 1.37 1.59 1.83 2.07 2.32 2.57 2.84 3.11 3.39 3.68 3.98 4.29 4.61 4.93 5.26 5.58 5.90 6.21 6.52 6.82 7.11 7.40 7.67 7.94 8.20 8.44 8.66 8.88 9.10 9.30 9.51 9.71 9.92 10.13 10.34 10.55 10.75 10.95 11.14 11.33 11.51 11.70 11.87 12.05
0.00 0.00 0.00 0.00 0.00 0.00 0.00 0.00 0.00 0.00 0.00 0.00 0.00 0.00 0.00 0.00 0.00 0.00 0.00 0.00 0.00 0.00 0.00 0.00 0.00 0.00 0.00 0.00 0.00 0.00 0.00 0.17 0.36 0.55 0.75 0.96 1.17 1.40 1.63 1.87 2.12 2.38 2.65 2.92 3.21 3.50 3.80 4.11 4.43 4.76 5.09 5.43 5.77 6.10 6.42 6.74 7.05 7.35 7.64 7.93 8.20 8.46 8.71 8.95 9.18 9.41 9.63 9.86 10.08 10.31 10.53 10.74 10.94 11.14 11.34 11.53 11.72 11.90 12.07 12.25
0.00 0.00 0.00 0.00 0.00 0.00 0.00 0.00 0.00 0.00 0.00 0.00 0.00 0.00 0.00 0.00 0.00 0.00 0.00 0.00 0.00 0.00 0.00 0.00 0.00 0.00 0.00 0.00 0.00 0.00 0.00 0.01 0.19 0.38 0.58 0.79 1.01 1.23 1.46 1.71 1.96 2.21 2.48 2.76 3.05 3.34 3.64 3.96 4.28 4.61 4.95 5.30 5.65 6.00 6.34 6.68 7.00 7.33 7.64 7.94 8.24 8.52 8.78 9.04 9.29 9.54 9.79 10.03 10.27 10.51 10.73 10.95 11.16 11.37 11.56 11.75 11.94 12.12 12.30 12.47
0.00 0.00 0.00 0.00 0.00 0.00 0.00 0.00 0.00 0.00 0.00 0.00 0.00 0.00 0.00 0.00 0.00 0.00 0.00 0.00 0.00 0.00 0.00 0.00 0.00 0.00 0.00 0.00 0.00 0.00 0.00 0.00 0.05 0.24 0.44 0.65 0.87 1.09 1.32 1.57 1.82 2.08 2.35 2.63 2.92 3.21 3.52 3.84 4.16 4.50 4.84 5.20 5.56 5.92 6.28 6.64 6.99 7.33 7.66 7.98 8.30 8.60 8.89 9.17 9.44 9.71 9.97 10.23 10.49 10.73 10.96 11.18 11.40 11.61 11.81 12.00 12.19 12.37 12.55 12.72
0.00 0.00 0.00 0.00 0.00 0.00 0.00 0.00 0.00 0.00 0.00 0.00 0.00 0.00 0.00 0.00 0.00 0.00 0.00 0.00 0.00 0.00 0.00 0.00 0.00 0.00 0.00 0.00 0.00 0.00 0.00 0.00 0.00 0.13 0.33 0.54 0.76 0.98 1.22 1.46 1.71 1.98 2.25 2.53 2.82 3.12 3.43 3.75 4.08 4.42 4.76 5.12 5.49 5.87 6.25 6.62 6.99 7.35 7.71 8.05 8.39 8.71 9.02 9.32 9.61 9.90 10.19 10.46 10.72 10.97 11.21 11.44 11.66 11.88 12.08 12.28 12.46 12.65 12.82 12.99
0.00 0.00 0.00 0.00 0.00 0.00 0.00 0.00 0.00 0.00 0.00 0.00 0.00 0.00 0.00 0.00 0.00 0.00 0.00 0.00 0.00 0.00 0.00 0.00 0.00 0.00 0.00 0.00 0.00 0.00 0.00 0.00 0.00 0.05 0.25 0.46 0.68 0.90 1.14 1.38 1.64 1.90 2.18 2.46 2.76 3.06 3.37 3.69 4.03 4.37 4.72 5.08 5.46 5.84 6.23 6.63 7.02 7.40 7.78 8.14 8.50 8.84 9.18 9.50 9.82 10.13 10.42 10.70 10.98 11.24 11.48 11.72 11.95 12.17 12.37 12.57 12.76 12.95 13.12 13.29
0.00 0.00 0.00 0.00 0.00 0.00 0.00 0.00 0.00 0.00 0.00 0.00 0.00 0.00 0.00 0.00 0.00 0.00 0.00 0.00 0.00 0.00 0.00 0.00 0.00 0.00 0.00 0.00 0.00 0.00 0.00 0.00 0.00 0.00 0.20 0.41 0.63 0.86 1.10 1.34 1.60 1.87 2.14 2.43 2.73 3.03 3.35 3.67 4.01 4.36 4.72 5.08 5.46 5.85 6.25 6.66 7.07 7.47 7.87 8.26 8.64 9.01 9.36 9.71 10.05 10.37 10.68 10.97 11.25 11.52 11.78 12.02 12.26 12.48 12.69 12.89 13.09 13.27 13.44 13.61
0.00 0.00 0.00 0.00 0.00 0.00 0.00 0.00 0.00 0.00 0.00 0.00 0.00 0.00 0.00 0.00 0.00 0.00 0.00 0.00 0.00 0.00 0.00 0.00 0.00 0.00 0.00 0.00 0.00 0.00 0.00 0.00 0.00 0.00 0.19 0.40 0.62 0.85 1.09 1.33 1.59 1.86 2.14 2.43 2.73 3.04 3.36 3.69 4.03 4.39 4.75 5.12 5.50 5.90 6.30 6.72 7.14 7.57 7.99 8.41 8.81 9.20 9.58 9.95 10.30 10.63 10.96 11.26 11.55 11.83 12.10 12.35 12.59 12.82 13.04 13.24 13.44 13.62 13.80 13.96
0.00 0.00 0.00 0.00 0.00 0.00 0.00 0.00 0.00 0.00 0.00 0.00 0.00 0.00 0.00 0.00 0.00 0.00 0.00 0.00 0.00 0.00 0.00 0.00 0.00 0.00 0.00 0.00 0.00 0.00 0.00 0.00 0.00 0.00 0.20 0.42 0.64 0.87 1.11 1.36 1.62 1.90 2.18 2.47 2.78 3.09 3.41 3.75 4.09 4.45 4.82 5.20 5.58 5.98 6.40 6.82 7.25 7.70 8.14 8.58 9.01 9.42 9.82 10.21 10.57 10.92 11.26 11.58 11.88 12.17 12.44 12.70 12.95 13.18 13.40 13.61 13.81 14.00 14.17 14.34
0.00 0.00 0.00 0.00 0.00 0.00 0.00 0.00 0.00 0.00 0.00 0.00 0.00 0.00 0.00 0.00 0.00 0.00 0.00 0.00 0.00 0.00 0.00 0.00 0.00 0.00 0.00 0.00 0.00 0.00 0.00 0.00 0.00 0.05 0.26 0.47 0.70 0.93 1.17 1.43 1.69 1.97 2.25 2.55 2.86 3.18 3.50 3.84 4.19 4.56 4.93 5.31 5.71 6.11 6.53 6.96 7.40 7.85 8.31 8.78 9.23 9.67 10.09 10.49 10.87 11.23 11.58 11.91 12.23 12.52 12.81 13.08 13.33 13.57 13.80 14.01 14.21 14.40 14.58 14.74
0.00 0.00 0.00 0.00 0.00 0.00 0.00 0.00 0.00 0.00 0.00 0.00 0.00 0.00 0.00 0.00 0.00 0.00 0.00 0.00 0.00 0.00 0.00 0.00 0.00 0.00 0.00 0.00 0.00 0.00 0.00 0.00 0.00 0.14 0.35 0.56 0.79 1.03 1.27 1.53 1.80 2.08 2.37 2.67 2.98 3.30 3.64 3.98 4.34 4.70 5.08 5.47 5.87 6.28 6.71 7.14 7.59 8.05 8.52 9.00 9.48 9.93 10.37 10.79 11.19 11.57 11.93 12.27 12.60 12.91 13.20 13.48 13.74 13.98 14.22 14.43 14.64 14.83 15.01 15.17
0.00 0.00 0.00 0.00 0.00 0.00 0.00 0.00 0.00 0.00 0.00 0.00 0.00 0.00 0.00 0.00 0.00 0.00 0.00 0.00 0.00 0.00 0.00 0.00 0.00 0.00 0.00 0.00 0.00 0.00 0.00 0.00 0.04 0.23 0.44 0.66 0.89 1.13 1.38 1.64 1.92 2.20 2.50 2.80 3.12 3.45 3.79 4.14 4.50 4.87 5.26 5.65 6.06 6.48 6.91 7.36 7.81 8.28 8.76 9.25 9.73 10.21 10.66 11.10 11.51 11.91 12.28 12.64 12.98 13.30 13.60 13.89 14.16 14.41 14.65 14.87 15.08 15.27 15.45 15.62
0.00 0.00 0.00 0.00 0.00 0.00 0.00 0.00 0.00 0.00 0.00 0.00 0.00 0.00 0.00 0.00 0.00 0.00 0.00 0.00 0.00 0.00 0.00 0.00 0.00 0.00 0.00 0.00 0.00 0.00 0.00 0.00 0.09 0.29 0.51 0.73 0.97 1.21 1.47 1.74 2.02 2.31 2.61 2.92 3.25 3.58 3.93 4.29 4.66 5.04 5.44 5.85 6.26 6.69 7.14 7.59 8.06 8.53 9.02 9.51 9.99 10.48 10.95 11.40 11.83 12.25 12.64 13.01 13.36 13.69 14.00 14.30 14.58 14.84 15.08 15.31 15.52 15.72 15.90 16.07
0.00 0.00 0.00 0.00 0.00 0.00 0.00 0.00 0.00 0.00 0.00 0.00 0.00 0.00 0.00 0.00 0.00 0.00 0.00 0.00 0.00 0.00 0.00 0.00 0.00 0.00 0.00 0.00 0.00 0.00 0.00 0.00 0.11 0.32 0.54 0.77 1.01 1.27 1.53 1.81 2.10 2.40 2.71 3.03 3.37 3.72 4.07 4.44 4.83 5.22 5.63 6.04 6.47 6.92 7.37 7.84 8.32 8.80 9.29 9.78 10.26 10.75 11.23 11.70 12.15 12.58 12.98 13.37 13.73 14.08 14.40 14.71 15.00 15.26 15.52 15.75 15.97 16.17 16.35 16.52
