data_output/RCH/Precip_2008_04.asc
ncols        168
nrows        136
xllcorner    455000
yllcorner    2107000
cellsize     500
NODATA_value     -99999
[rows 35 to 69 of 136, columns 79 to 157 of 168]
45.44 45.48 45.49 45.48 45.44 45.39 45.31 45.22 45.11 44.99 44.86 44.72 44.57 44.42 44.27 44.11 43.96 43.81 43.66 43.53 43.40 43.28 43.18 43.10 43.03 42.98 42.95 42.94 42.93 42.91 42.88 42.85 42.81 42.78 42.74 42.72 42.70 42.70 42.71 42.71 42.50 42.01 41.29 40.34 39.20 37.90 36.47 34.93 33.31 31.65 29.96 28.27 26.60 24.94 23.32 21.73 20.19 18.71 17.28 15.93 14.67 13.49 12.41 11.44 10.59 9.86 9.26 8.81 8.52 8.38 8.41 8.62 9.02 9.61 10.41 11.42 12.65 14.12 15.82
46.09 46.10 46.08 46.03 45.96 45.88 45.77 45.65 45.52 45.38 45.22 45.06 44.89 44.72 44.55 44.38 44.22 44.05 43.90 43.75 43.61 43.49 43.38 43.29 43.22 43.17 43.15 43.14 43.16 43.19 43.20 43.21 43.22 43.22 43.23 43.25 43.28 43.32 43.37 43.41 43.24 42.80 42.10 41.19 40.09 38.83 37.43 35.92 34.33 32.69 31.03 29.36 27.69 26.04 24.40 22.79 21.22 19.70 18.24 16.83 15.51 14.26 13.10 12.05 11.10 10.27 9.57 9.00 8.57 8.30 8.19 8.25 8.48 8.91 9.53 10.36 11.40 12.66 14.16
46.68 46.65 46.59 46.52 46.42 46.30 46.17 46.02 45.86 45.70 45.52 45.34 45.15 44.96 44.77 44.59 44.41 44.23 44.07 43.91 43.77 43.64 43.52 43.43 43.35 43.30 43.28 43.28 43.31 43.36 43.42 43.47 43.52 43.58 43.63 43.69 43.76 43.85 43.95 44.03 43.90 43.50 42.85 41.98 40.92 39.69 38.32 36.85 35.29 33.69 32.05 30.40 28.75 27.09 25.45 23.84 22.25 20.70 19.19 17.75 16.37 15.06 13.83 12.70 11.67 10.74 9.93 9.26 8.71 8.31 8.06 7.98 8.06 8.33 8.78 9.43 10.29 11.36 12.66
47.20 47.13 47.04 46.93 46.80 46.66 46.50 46.32 46.14 45.95 45.75 45.55 45.34 45.13 44.93 44.73 44.53 44.34 44.17 44.00 43.85 43.71 43.59 43.50 43.42 43.37 43.34 43.34 43.38 43.44 43.53 43.64 43.73 43.83 43.94 44.04 44.16 44.29 44.44 44.57 44.49 44.13 43.52 42.69 41.67 40.48 39.15 37.71 36.19 34.63 33.03 31.41 29.77 28.13 26.50 24.88 23.27 21.70 20.17 18.69 17.26 15.90 14.61 13.41 12.30 11.29 10.38 9.60 8.95 8.43 8.05 7.83 7.77 7.89 8.18 8.66 9.34 10.23 11.33
47.64 47.54 47.42 47.28 47.12 46.94 46.75 46.55 46.34 46.13 45.91 45.68 45.46 45.23 45.01 44.80 44.59 44.39 44.20 44.02 43.86 43.72 43.60 43.50 43.42 43.36 43.34 43.34 43.38 43.45 43.55 43.69 43.84 43.99 44.14 44.30 44.46 44.64 44.84 45.02 44.98 44.67 44.11 43.32 42.34 41.19 39.90 38.51 37.04 35.53 33.97 32.39 30.78 29.16 27.54 25.92 24.32 22.73 21.18 19.67 18.20 16.79 15.45 14.19 13.00 11.91 10.93 10.05 9.29 8.66 8.16 7.81 7.62 7.59 7.73 8.05 8.56 9.27 10.19
48.01 47.88 47.72 47.55 47.36 47.15 46.94 46.71 46.48 46.24 45.99 45.75 45.50 45.26 45.02 44.79 44.57 44.36 44.16 43.97 43.81 43.66 43.53 43.42 43.34 43.29 43.26 43.27 43.31 43.39 43.50 43.65 43.83 44.03 44.24 44.45 44.67 44.90 45.14 45.37 45.39 45.13 44.61 43.87 42.93 41.83 40.59 39.26 37.86 36.40 34.90 33.36 31.79 30.20 28.60 26.99 25.39 23.80 22.23 20.70 19.20 17.76 16.37 15.05 13.80 12.64 11.57 10.61 9.75 9.02 8.41 7.94 7.62 7.45 7.45 7.61 7.96 8.50 9.24
48.31 48.14 47.95 47.74 47.52 47.29 47.04 46.79 46.53 46.27 46.00 45.74 45.47 45.21 44.96 44.71 44.48 44.25 44.04 43.85 43.68 43.52 43.39 43.28 43.20 43.14 43.12 43.13 43.17 43.25 43.37 43.53 43.73 43.97 44.22 44.49 44.76 45.05 45.34 45.63 45.70 45.48 45.02 44.33 43.44 42.38 41.22 39.97 38.65 37.27 35.83 34.34 32.81 31.26 29.68 28.09 26.50 24.91 23.34 21.79 20.27 18.80 17.37 16.00 14.70 13.48 12.34 11.30 10.35 9.52 8.81 8.23 7.78 7.49 7.34 7.37 7.56 7.94 8.51
48.52 48.32 48.09 47.86 47.60 47.34 47.07 46.79 46.51 46.22 45.94 45.65 45.37 45.09 44.82 44.56 44.31 44.07 43.85 43.65 43.47 43.31 43.17 43.06 42.97 42.92 42.89 42.91 42.95 43.04 43.16 43.33 43.54 43.80 44.10 44.42 44.74 45.08 45.44 45.78 45.90 45.74 45.33 44.69 43.86 42.89 41.83 40.68 39.44 38.13 36.76 35.33 33.85 32.34 30.80 29.24 27.66 26.09 24.52 22.96 21.43 19.93 18.47 17.07 15.72 14.44 13.24 12.12 11.10 10.18 9.37 8.68 8.13 7.71 7.44 7.32 7.37 7.59 8.00
48.66 48.42 48.16 47.89 47.61 47.32 47.02 46.72 46.41 46.10 45.79 45.48 45.18 44.89 44.60 44.33 44.06 43.82 43.59 43.37 43.18 43.02 42.87 42.76 42.67 42.62 42.59 42.61 42.66 42.75 42.88 43.06 43.28 43.55 43.86 44.23 44.61 45.01 45.42 45.82 46.00 45.90 45.54 44.96 44.23 43.38 42.43 41.37 40.23 39.01 37.71 36.35 34.93 33.47 31.97 30.44 28.89 27.34 25.78 24.22 22.68 21.17 19.69 18.25 16.87 15.54 14.28 13.10 12.00 11.00 10.11 9.32 8.66 8.13 7.73 7.49 7.40 7.47 7.72
48.71 48.43 48.14 47.84 47.53 47.21 46.89 46.55 46.22 45.89 45.56 45.23 44.91 44.60 44.30 44.01 43.73 43.48 43.23 43.01 42.82 42.64 42.50 42.38 42.29 42.23 42.21 42.23 42.29 42.38 42.52 42.70 42.93 43.21 43.54 43.93 44.36 44.82 45.29 45.75 45.99 45.94 45.65 45.19 44.59 43.87 43.03 42.08 41.04 39.91 38.69 37.41 36.06 34.65 33.20 31.72 30.20 28.67 27.13 25.59 24.05 22.53 21.03 19.57 18.15 16.79 15.48 14.24 13.08 12.01 11.03 10.16 9.39 8.76 8.25 7.88 7.66 7.60 7.70
48.67 48.36 48.04 47.71 47.37 47.02 46.67 46.31 45.95 45.60 45.25 44.90 44.56 44.23 43.91 43.61 43.32 43.05 42.80 42.57 42.37 42.19 42.04 41.91 41.83 41.77 41.75 41.77 41.83 41.93 42.08 42.27 42.51 42.80 43.14 43.54 43.99 44.50 45.04 45.55 45.86 45.89 45.72 45.41 44.95 44.36 43.64 42.81 41.88 40.84 39.72 38.52 37.24 35.91 34.51 33.08 31.61 30.11 28.59 27.06 25.54 24.02 22.51 21.04 19.59 18.19 16.85 15.56 14.34 13.20 12.15 11.20 10.35 9.61 9.00 8.51 8.17 7.98 7.94
48.55 48.21 47.85 47.49 47.12 46.74 46.36 45.98 45.60 45.22 44.85 44.48 44.12 43.78 43.44 43.12 42.82 42.54 42.28 42.04 41.83 41.65 41.49 41.37 41.28 41.22 41.20 41.23 41.29 41.40 41.55 41.75 42.00 42.30 42.66 43.07 43.54 44.07 44.66 45.24 45.62 45.79 45.79 45.63 45.32 44.87 44.29 43.58 42.76 41.83 40.81 39.69 38.50 37.24 35.91 34.54 33.11 31.66 30.17 28.67 27.16 25.65 24.14 22.66 21.20 19.78 18.39 17.07 15.80 14.60 13.49 12.46 11.53 10.70 9.99 9.40 8.94 8.62 8.45
48.34 47.96 47.57 47.18 46.78 46.37 45.97 45.56 45.15 44.75 44.36 43.97 43.60 43.23 42.89 42.55 42.24 41.95 41.68 41.43 41.21 41.02 40.86 40.73 40.64 40.59 40.57 40.60 40.66 40.78 40.94 41.15 41.41 41.72 42.09 42.52 43.00 43.55 44.16 44.81 45.34 45.69 45.86 45.86 45.71 45.41 44.96 44.39 43.69 42.88 41.96 40.94 39.84 38.66 37.41 36.10 34.73 33.32 31.88 30.41 28.92 27.43 25.93 24.45 22.98 21.54 20.13 18.77 17.46 16.22 15.04 13.95 12.94 12.03 11.23 10.54 9.97 9.54 9.25
48.09 47.68 47.26 46.83 46.40 45.97 45.53 45.10 44.67 44.25 43.83 43.43 43.03 42.65 42.29 41.94 41.61 41.31 41.03 40.77 40.55 40.35 40.19 40.06 39.97 39.91 39.90 39.92 40.00 40.12 40.28 40.50 40.77 41.10 41.48 41.92 42.42 42.99 43.61 44.29 44.96 45.49 45.84 46.02 46.03 45.88 45.58 45.14 44.58 43.89 43.08 42.17 41.17 40.08 38.91 37.67 36.37 35.01 33.62 32.19 30.73 29.26 27.78 26.30 24.83 23.38 21.96 20.57 19.23 17.94 16.72 15.56 14.49 13.50 12.62 11.84 11.17 10.63 10.22
47.85 47.40 46.95 46.49 46.03 45.57 45.11 44.65 44.19 43.75 43.31 42.88 42.47 42.07 41.69 41.33 40.99 40.68 40.38 40.12 39.89 39.68 39.52 39.38 39.29 39.23 39.22 39.25 39.33 39.45 39.62 39.85 40.13 40.47 40.86 41.31 41.83 42.41 43.05 43.74 44.43 45.10 45.64 45.99 46.17 46.19 46.04 45.75 45.32 44.76 44.08 43.28 42.38 41.39 40.30 39.15 37.92 36.63 35.29 33.90 32.49 31.05 29.59 28.12 26.66 25.21 23.77 22.37 21.00 19.67 18.41 17.20 16.07 15.01 14.05 13.18 12.43 11.78 11.27
47.62 47.14 46.65 46.16 45.67 45.18 44.69 44.20 43.72 43.25 42.79 42.35 41.91 41.50 41.10 40.73 40.37 40.04 39.74 39.47 39.23 39.02 38.84 38.71 38.61 38.55 38.54 38.57 38.65 38.78 38.96 39.19 39.48 39.83 40.24 40.71 41.24 41.83 42.47 43.17 43.87 44.57 45.24 45.78 46.14 46.32 46.34 46.20 45.91 45.49 44.94 44.26 43.47 42.58 41.59 40.52 39.37 38.15 36.87 35.54 34.17 32.77 31.34 29.90 28.45 27.00 25.56 24.14 22.75 21.40 20.10 18.84 17.66 16.54 15.51 14.57 13.72 12.99 12.37
47.40 46.89 46.36 45.84 45.32 44.80 44.28 43.76 43.26 42.77 42.28 41.81 41.36 40.93 40.51 40.12 39.75 39.41 39.10 38.82 38.57 38.35 38.17 38.03 37.93 37.87 37.86 37.89 37.97 38.11 38.29 38.53 38.83 39.19 39.61 40.09 40.63 41.23 41.89 42.58 43.30 44.00 44.71 45.38 45.92 46.28 46.46 46.48 46.35 46.07 45.65 45.10 44.43 43.65 42.76 41.78 40.72 39.58 38.37 37.10 35.78 34.42 33.03 31.62 30.19 28.75 27.32 25.89 24.49 23.12 21.78 20.49 19.26 18.09 17.00 15.98 15.06 14.24 13.52
47.19 46.64 46.08 45.52 44.97 44.42 43.87 43.33 42.80 42.28 41.77 41.28 40.81 40.36 39.93 39.52 39.14 38.78 38.46 38.16 37.90 37.68 37.49 37.35 37.25 37.19 37.17 37.21 37.29 37.43 37.62 37.87 38.17 38.54 38.97 39.46 40.01 40.62 41.29 41.99 42.71 43.42 44.13 44.84 45.51 46.05 46.41 46.60 46.62 46.49 46.21 45.80 45.25 44.59 43.81 42.94 41.96 40.91 39.78 38.58 37.32 36.01 34.66 33.28 31.88 30.46 29.04 27.62 26.21 24.82 23.46 22.14 20.87 19.66 18.51 17.43 16.43 15.53 14.73
46.98 46.39 45.80 45.21 44.63 44.04 43.47 42.90 42.34 41.80 41.27 40.75 40.26 39.79 39.34 38.91 38.52 38.15 37.81 37.51 37.24 37.01 36.81 36.66 36.56 36.49 36.48 36.51 36.60 36.74 36.94 37.19 37.51 37.88 38.32 38.83 39.39 40.01 40.67 41.38 42.11 42.83 43.54 44.26 44.96 45.63 46.17 46.54 46.73 46.75 46.62 46.35 45.94 45.40 44.74 43.97 43.10 42.13 41.08 39.96 38.77 37.52 36.22 34.88 33.51 32.12 30.72 29.30 27.90 26.50 25.13 23.79 22.48 21.23 20.03 18.90 17.84 16.86 15.98
46.78 46.15 45.53 44.90 44.28 43.67 43.06 42.47 41.88 41.31 40.76 40.22 39.71 39.22 38.75 38.31 37.89 37.51 37.16 36.84 36.57 36.33 36.13 35.97 35.86 35.79 35.78 35.81 35.90 36.04 36.25 36.50 36.83 37.22 37.67 38.18 38.76 39.38 40.06 40.77 41.50 42.22 42.95 43.66 44.38 45.08 45.75 46.29 46.66 46.85 46.88 46.75 46.48 46.07 45.53 44.88 44.11 43.25 42.29 41.25 40.13 38.95 37.71 36.42 35.09 33.73 32.35 30.95 29.56 28.16 26.78 25.42 24.09 22.80 21.56 20.38 19.27 18.22 17.27
46.58 45.92 45.25 44.60 43.94 43.30 42.66 42.03 41.42 40.83 40.25 39.69 39.15 38.64 38.15 37.69 37.26 36.87 36.50 36.18 35.89 35.64 35.43 35.27 35.15 35.08 35.07 35.10 35.19 35.34 35.54 35.81 36.14 36.54 37.01 37.54 38.12 38.75 39.43 40.15 40.88 41.61 42.34 43.06 43.78 44.50 45.20 45.87 46.41 46.77 46.97 46.99 46.87 46.60 46.19 45.66 45.01 44.25 43.39 42.44 41.40 40.29 39.11 37.88 36.60 35.28 33.93 32.56 31.18 29.79 28.41 27.04 25.69 24.38 23.11 21.88 20.71 19.61 18.59
46.38 45.68 44.98 44.29 43.60 42.92 42.25 41.60 40.96 40.34 39.73 39.15 38.59 38.06 37.55 37.07 36.63 36.21 35.84 35.50 35.20 34.94 34.73 34.56 34.43 34.36 34.34 34.38 34.47 34.61 34.82 35.10 35.45 35.87 36.35 36.88 37.47 38.11 38.80 39.52 40.25 40.99 41.72 42.45 43.18 43.90 44.61 45.32 45.99 46.53 46.89 47.08 47.11 46.98 46.72 46.31 45.78 45.13 44.38 43.52 42.57 41.54 40.44 39.27 38.04 36.77 35.46 34.12 32.76 31.39 30.01 28.64 27.28 25.95 24.65 23.39 22.18 21.02 19.94
46.18 45.44 44.70 43.97 43.25 42.54 41.84 41.16 40.49 39.84 39.21 38.60 38.02 37.47 36.94 36.45 35.98 35.55 35.16 34.81 34.50 34.23 34.01 33.83 33.70 33.63 33.61 33.64 33.73 33.88 34.10 34.40 34.76 35.19 35.68 36.23 36.83 37.47 38.16 38.88 39.62 40.36 41.10 41.83 42.57 43.29 44.02 44.73 45.43 46.10 46.64 47.00 47.19 47.21 47.09 46.82 46.42 45.89 45.25 44.50 43.64 42.70 41.67 40.58 39.41 38.19 36.93 35.63 34.29 32.94 31.58 30.21 28.85 27.51 26.19 24.90 23.65 22.45 21.32
45.97 45.19 44.42 43.66 42.90 42.16 41.42 40.71 40.01 39.34 38.68 38.05 37.44 36.87 36.32 35.81 35.33 34.88 34.48 34.11 33.79 33.51 33.28 33.09 32.96 32.88 32.85 32.88 32.98 33.14 33.38 33.69 34.07 34.51 35.01 35.57 36.17 36.82 37.52 38.24 38.98 39.72 40.47 41.21 41.95 42.68 43.41 44.13 44.84 45.55 46.21 46.74 47.10 47.29 47.32 47.19 46.93 46.53 46.00 45.36 44.61 43.76 42.82 41.80 40.70 39.55 38.33 37.07 35.78 34.46 33.11 31.76 30.40 29.05 27.72 26.41 25.13 23.90 22.71
45.76 44.95 44.13 43.33 42.54 41.76 41.00 40.25 39.53 38.82 38.14 37.49 36.86 36.26 35.69 35.16 34.66 34.20 33.78 33.40 33.06 32.77 32.53 32.34 32.20 32.11 32.08 32.12 32.22 32.41 32.66 32.99 33.38 33.84 34.35 34.91 35.52 36.18 36.87 37.60 38.34 39.09 39.83 40.58 41.32 42.06 42.80 43.53 44.25 44.96 45.66 46.32 46.85 47.20 47.39 47.42 47.29 47.02 46.62 46.10 45.46 44.71 43.86 42.93 41.91 40.82 39.67 38.46 37.21 35.92 34.60 33.27 31.92 30.57 29.23 27.91 26.61 25.34 24.12
45.55 44.69 43.84 43.00 42.17 41.36 40.57 39.79 39.03 38.30 37.59 36.91 36.26 35.63 35.05 34.49 33.98 33.50 33.06 32.67 32.32 32.02 31.77 31.57 31.42 31.33 31.30 31.34 31.47 31.67 31.95 32.29 32.70 33.16 33.68 34.25 34.87 35.53 36.23 36.96 37.70 38.45 39.20 39.94 40.69 41.44 42.18 42.92 43.64 44.36 45.07 45.77 46.42 46.95 47.30 47.49 47.51 47.38 47.12 46.72 46.19 45.55 44.80 43.96 43.02 42.01 40.93 39.78 38.58 37.33 36.05 34.74 33.41 32.07 30.73 29.40 28.09 26.80 25.54
45.31 44.42 43.54 42.66 41.80 40.95 40.12 39.31 38.53 37.76 37.03 36.32 35.64 35.00 34.39 33.81 33.28 32.78 32.33 31.92 31.56 31.25 30.98 30.78 30.62 30.53 30.51 30.58 30.73 30.95 31.24 31.59 32.01 32.49 33.02 33.60 34.22 34.88 35.58 36.31 37.06 37.81 38.56 39.31 40.06 40.81 41.56 42.30 43.04 43.76 44.48 45.18 45.88 46.53 47.05 47.40 47.58 47.60 47.47 47.20 46.80 46.28 45.64 44.89 44.05 43.12 42.10 41.02 39.88 38.68 37.44 36.16 34.86 33.54 32.21 30.87 29.55 28.25 26.97
45.02 44.14 43.22 42.30 41.41 40.52 39.66 38.82 38.00 37.21 36.45 35.71 35.01 34.34 33.71 33.11 32.56 32.05 31.58 31.15 30.78 30.45 30.18 29.96 29.81 29.73 29.73 29.82 29.99 30.22 30.53 30.90 31.33 31.82 32.36 32.94 33.57 34.24 34.94 35.67 36.41 37.16 37.92 38.67 39.43 40.18 40.93 41.68 42.42 43.16 43.88 44.60 45.30 45.99 46.63 47.15 47.49 47.67 47.69 47.56 47.29 46.88 46.36 45.72 44.97 44.13 43.20 42.19 41.11 39.97 38.78 37.54 36.27 34.97 33.65 32.33 31.01 29.70 28.42
44.67 43.80 42.88 41.94 41.00 40.08 39.19 38.31 37.47 36.64 35.85 35.09 34.36 33.67 33.01 32.40 31.82 31.29 30.81 30.37 29.98 29.64 29.36 29.13 28.99 28.94 28.96 29.07 29.26 29.51 29.83 30.22 30.66 31.15 31.70 32.29 32.93 33.60 34.30 35.03 35.77 36.52 37.28 38.03 38.79 39.55 40.31 41.06 41.81 42.55 43.28 44.00 44.72 45.41 46.09 46.74 47.25 47.59 47.76 47.78 47.64 47.37 46.96 46.43 45.79 45.05 44.21 43.28 42.27 41.19 40.05 38.86 37.63 36.36 35.07 33.76 32.45 31.15 29.86
44.25 43.39 42.49 41.55 40.58 39.63 38.70 37.79 36.91 36.06 35.24 34.45 33.70 32.98 32.30 31.66 31.07 30.52 30.01 29.56 29.15 28.80 28.51 28.30 28.19 28.15 28.20 28.33 28.53 28.81 29.14 29.54 29.99 30.50 31.05 31.65 32.29 32.96 33.66 34.39 35.14 35.88 36.64 37.40 38.16 38.92 39.68 40.44 41.19 41.94 42.68 43.41 44.13 44.84 45.53 46.21 46.84 47.35 47.68 47.85 47.86 47.72 47.44 47.04 46.51 45.86 45.12 44.27 43.35 42.34 41.26 40.13 38.94 37.71 36.44 35.16 33.87 32.59 31.31
43.78 42.93 42.04 41.10 40.14 39.15 38.19 37.25 36.34 35.45 34.60 33.79 33.01 32.26 31.56 30.90 30.28 29.71 29.19 28.72 28.30 27.95 27.67 27.49 27.39 27.39 27.46 27.60 27.82 28.11 28.46 28.87 29.33 29.85 30.41 31.01 31.65 32.33 33.03 33.76 34.50 35.25 36.01 36.77 37.53 38.29 39.06 39.82 40.58 41.33 42.08 42.81 43.54 44.26 44.96 45.65 46.32 46.95 47.44 47.77 47.93 47.94 47.80 47.52 47.11 46.57 45.93 45.18 44.34 43.41 42.40 41.33 40.19 39.01 37.79 36.54 35.29 34.02 32.76
43.25 42.41 41.52 40.60 39.64 38.65 37.66 36.69 35.74 34.83 33.95 33.10 32.29 31.53 30.80 30.12 29.48 28.89 28.35 27.86 27.43 27.09 26.84 26.69 26.62 26.63 26.72 26.89 27.12 27.43 27.79 28.21 28.68 29.21 29.78 30.38 31.03 31.70 32.41 33.13 33.87 34.62 35.38 36.14 36.90 37.67 38.43 39.20 39.96 40.72 41.47 42.22 42.95 43.68 44.39 45.09 45.77 46.43 47.05 47.54 47.86 48.02 48.02 47.87 47.59 47.17 46.64 45.99 45.24 44.39 43.46 42.46 41.38 40.26 39.09 37.89 36.67 35.44 34.19
42.68 41.84 40.96 40.03 39.08 38.10 37.10 36.10 35.12 34.18 33.27 32.39 31.56 30.76 30.01 29.31 28.65 28.04 27.48 26.98 26.57 26.25 26.03 25.90 25.85 25.89 26.00 26.19 26.44 26.76 27.13 27.56 28.05 28.58 29.15 29.76 30.41 31.09 31.79 32.51 33.25 34.00 34.75 35.51 36.28 37.05 37.82 38.58 39.35 40.11 40.87 41.62 42.36 43.10 43.82 44.52 45.22 45.89 46.55 47.16 47.64 47.96 48.11 48.10 47.95 47.66 47.24 46.70 46.05 45.29 44.45 43.52 42.52 41.46 40.36 39.21 38.03 36.83 35.62
42.06 41.22 40.34 39.42 38.47 37.49 36.49 35.48 34.48 33.50 32.56 31.66 30.79 29.97 29.20 28.47 27.79 27.15 26.58 26.10 25.72 25.43 25.24 25.13 25.11 25.17 25.30 25.50 25.77 26.10 26.49 26.93 27.42 27.96 28.54 29.16 29.80 30.48 31.18 31.90 32.64 33.38 34.14 34.90 35.66 36.43 37.20 37.97 38.74 39.51 40.27 41.03 41.78 42.52 43.25 43.96 44.66 45.35 46.02 46.66 47.27 47.74 48.05 48.19 48.18 48.02 47.72 47.30 46.76 46.10 45.35 44.50 43.59 42.61 41.57 40.49 39.36 38.21 37.02
41.40 40.56 39.67 38.75 37.80 36.82 35.82 34.82 33.80 32.80 31.83 30.89 30.00 29.15 28.35 27.60 26.89 26.25 25.70 25.24 24.89 24.63 24.46 24.38 24.38 24.46 24.61 24.83 25.11 25.46 25.86 26.31 26.81 27.36 27.94 28.56 29.21 29.89 30.59 31.30 32.03 32.78 33.53 34.29 35.05 35.82 36.59 37.37 38.14 38.91 39.68 40.44 41.20 41.94 42.68 43.40 44.11 44.81 45.49 46.15 46.78 47.38 47.85 48.14 48.28 48.26 48.09 47.79 47.36 46.81 46.16 45.42 44.60 43.70 42.74 41.72 40.66 39.55 38.40
