data_output/RCH/Precip_2002_11.asc
ncols        168
nrows        136
xllcorner    455000
yllcorner    2107000
cellsize     500
NODATA_value     -99999
[rows 70 to 104 of 136, columns 79 to 157 of 168]
6.03 5.22 4.47 3.76 3.11 2.51 1.96 1.46 1.01 0.62 0.28 0.00 0.00 0.00 0.00 0.00 0.00 0.00 0.00 0.00 0.00 0.03 0.32 0.65 1.03 1.45 1.90 2.40 2.93 3.50 4.10 4.74 5.41 6.08 6.76 7.43 8.10 8.76 9.41 10.06 10.70 11.32 11.93 12.53 13.12 13.69 14.24 14.77 15.28 15.78 16.25 16.69 17.12 17.51 17.88 18.23 18.56 18.89 19.24 19.60 19.96 20.34 20.71 21.10 21.49 21.88 22.27 22.67 23.07 23.47 23.86 24.26 24.65 25.04 25.43 25.81 26.18 26.55 26.90
6.17 5.36 4.60 3.89 3.23 2.62 2.07 1.57 1.12 0.72 0.38 0.09 0.00 0.00 0.00 0.00 0.00 0.00 0.00 0.00 0.00 0.13 0.41 0.74 1.11 1.52 1.96 2.45 2.97 3.52 4.12 4.74 5.40 6.08 6.77 7.46 8.14 8.82 9.49 10.15 10.80 11.43 12.06 12.67 13.26 13.84 14.40 14.94 15.47 15.97 16.44 16.90 17.32 17.72 18.10 18.44 18.77 19.11 19.46 19.82 20.19 20.56 20.94 21.33 21.72 22.11 22.50 22.90 23.30 23.70 24.09 24.49 24.88 25.26 25.65 26.02 26.40 26.76 27.12
6.35 5.53 4.76 4.05 3.39 2.78 2.22 1.72 1.26 0.87 0.52 0.23 0.00 0.00 0.00 0.00 0.00 0.00 0.00 0.00 0.04 0.27 0.55 0.87 1.23 1.62 2.06 2.53 3.04 3.59 4.17 4.78 5.42 6.09 6.79 7.49 8.19 8.88 9.57 10.24 10.90 11.55 12.19 12.81 13.42 14.00 14.57 15.12 15.65 16.16 16.64 17.10 17.53 17.94 18.32 18.66 19.00 19.34 19.69 20.05 20.42 20.80 21.18 21.56 21.95 22.34 22.74 23.13 23.53 23.93 24.32 24.72 25.11 25.49 25.87 26.25 26.62 26.98 27.34
6.57 5.74 4.97 4.25 3.59 2.97 2.41 1.91 1.45 1.05 0.71 0.42 0.18 0.00 0.00 0.00 0.00 0.00 0.00 0.05 0.23 0.46 0.73 1.04 1.39 1.77 2.20 2.66 3.16 3.69 4.26 4.86 5.48 6.14 6.82 7.53 8.25 8.95 9.65 10.34 11.01 11.68 12.32 12.96 13.57 14.17 14.75 15.31 15.84 16.36 16.85 17.31 17.75 18.16 18.54 18.89 19.23 19.57 19.92 20.29 20.66 21.03 21.41 21.80 22.19 22.58 22.98 23.37 23.77 24.16 24.56 24.95 25.34 25.72 26.10 26.47 26.84 27.21 27.58
6.82 6.00 5.22 4.50 3.83 3.21 2.65 2.14 1.69 1.29 0.95 0.65 0.42 0.24 0.11 0.04 0.03 0.07 0.15 0.29 0.47 0.68 0.95 1.25 1.59 1.97 2.38 2.83 3.32 3.84 4.39 4.97 5.59 6.23 6.90 7.59 8.31 9.03 9.74 10.44 11.13 11.81 12.47 13.11 13.74 14.34 14.93 15.50 16.04 16.56 17.06 17.53 17.97 18.38 18.77 19.12 19.46 19.81 20.16 20.53 20.90 21.27 21.65 22.04 22.43 22.82 23.22 23.61 24.01 24.40 24.80 25.19 25.57 25.96 26.33 26.70 27.08 27.45 27.83
7.12 6.29 5.51 4.78 4.11 3.50 2.93 2.43 1.97 1.57 1.23 0.94 0.71 0.53 0.41 0.34 0.33 0.36 0.45 0.57 0.74 0.96 1.21 1.50 1.83 2.20 2.60 3.04 3.52 4.02 4.56 5.13 5.73 6.36 7.01 7.69 8.39 9.12 9.84 10.56 11.26 11.94 12.61 13.27 13.91 14.52 15.12 15.69 16.24 16.77 17.27 17.75 18.20 18.61 19.00 19.36 19.70 20.05 20.40 20.77 21.14 21.52 21.90 22.29 22.68 23.07 23.46 23.86 24.25 24.65 25.04 25.43 25.81 26.19 26.57 26.95 27.33 27.71 28.09
7.46 6.62 5.84 5.11 4.44 3.83 3.26 2.75 2.30 1.90 1.56 1.28 1.04 0.87 0.75 0.69 0.67 0.71 0.78 0.90 1.07 1.27 1.51 1.80 2.12 2.48 2.87 3.30 3.76 4.25 4.78 5.33 5.91 6.52 7.16 7.82 8.51 9.22 9.95 10.67 11.39 12.09 12.77 13.43 14.08 14.71 15.31 15.89 16.45 16.99 17.50 17.98 18.43 18.85 19.24 19.60 19.94 20.29 20.65 21.02 21.39 21.77 22.15 22.54 22.93 23.32 23.72 24.11 24.50 24.90 25.29 25.67 26.06 26.44 26.82 27.20 27.58 27.97 28.36
7.84 7.00 6.22 5.49 4.82 4.20 3.64 3.13 2.68 2.28 1.94 1.66 1.43 1.26 1.15 1.08 1.06 1.09 1.16 1.28 1.43 1.63 1.86 2.14 2.45 2.79 3.18 3.59 4.04 4.52 5.03 5.57 6.14 6.73 7.35 8.00 8.67 9.36 10.07 10.80 11.52 12.23 12.93 13.60 14.26 14.90 15.51 16.10 16.67 17.21 17.72 18.21 18.66 19.09 19.48 19.84 20.19 20.54 20.90 21.27 21.64 22.02 22.41 22.79 23.18 23.58 23.97 24.36 24.76 25.15 25.54 25.92 26.31 26.69 27.07 27.46 27.85 28.25 28.65
8.26 7.42 6.64 5.91 5.24 4.62 4.06 3.56 3.11 2.72 2.38 2.10 1.88 1.71 1.59 1.52 1.50 1.52 1.59 1.69 1.84 2.03 2.25 2.52 2.82 3.16 3.53 3.93 4.37 4.83 5.33 5.85 6.40 6.98 7.59 8.21 8.86 9.54 10.23 10.94 11.67 12.39 13.10 13.78 14.45 15.09 15.72 16.31 16.89 17.43 17.95 18.45 18.91 19.34 19.73 20.10 20.44 20.80 21.16 21.53 21.90 22.28 22.67 23.05 23.44 23.84 24.23 24.62 25.01 25.40 25.79 26.18 26.56 26.95 27.34 27.74 28.13 28.54 28.94
8.73 7.89 7.11 6.38 5.71 5.10 4.54 4.03 3.59 3.20 2.87 2.59 2.37 2.21 2.09 2.01 1.98 2.00 2.06 2.16 2.30 2.47 2.69 2.95 3.24 3.56 3.92 4.31 4.73 5.19 5.67 6.18 6.71 7.27 7.86 8.47 9.10 9.76 10.43 11.12 11.83 12.55 13.27 13.96 14.64 15.30 15.93 16.53 17.11 17.67 18.19 18.69 19.15 19.59 19.99 20.35 20.70 21.06 21.42 21.79 22.17 22.55 22.93 23.32 23.71 24.10 24.49 24.89 25.28 25.67 26.05 26.44 26.83 27.23 27.62 28.02 28.43 28.83 29.24
9.24 8.41 7.62 6.90 6.23 5.62 5.06 4.56 4.12 3.74 3.41 3.14 2.92 2.75 2.62 2.55 2.51 2.52 2.57 2.66 2.79 2.96 3.17 3.42 3.70 4.01 4.36 4.73 5.14 5.58 6.05 6.54 7.06 7.61 8.18 8.77 9.38 10.02 10.67 11.34 12.03 12.73 13.45 14.15 14.84 15.50 16.14 16.76 17.35 17.91 18.44 18.94 19.41 19.84 20.25 20.61 20.97 21.32 21.69 22.06 22.43 22.82 23.20 23.59 23.98 24.37 24.76 25.15 25.54 25.93 26.32 26.71 27.11 27.51 27.91 28.32 28.73 29.14 29.55
9.81 8.97 8.19 7.47 6.80 6.19 5.64 5.14 4.71 4.33 4.01 3.73 3.51 3.34 3.21 3.13 3.09 3.09 3.13 3.22 3.34 3.50 3.70 3.93 4.20 4.50 4.84 5.20 5.60 6.02 6.47 6.95 7.46 7.98 8.54 9.11 9.70 10.32 10.95 11.60 12.27 12.95 13.65 14.35 15.05 15.72 16.37 16.99 17.58 18.15 18.69 19.19 19.67 20.11 20.51 20.88 21.24 21.59 21.96 22.33 22.71 23.09 23.48 23.86 24.25 24.64 25.04 25.43 25.82 26.21 26.60 27.00 27.40 27.80 28.21 28.62 29.03 29.45 29.88
10.42 9.58 8.81 8.09 7.42 6.82 6.27 5.78 5.35 4.97 4.65 4.38 4.15 3.98 3.84 3.75 3.71 3.70 3.74 3.81 3.93 4.08 4.27 4.49 4.75 5.04 5.36 5.71 6.09 6.50 6.94 7.40 7.89 8.40 8.94 9.49 10.07 10.66 11.27 11.90 12.55 13.21 13.88 14.57 15.26 15.94 16.60 17.23 17.83 18.40 18.94 19.45 19.93 20.37 20.78 21.16 21.51 21.87 22.24 22.61 22.99 23.37 23.76 24.14 24.53 24.92 25.31 25.70 26.10 26.49 26.89 27.29 27.70 28.10 28.52 28.93 29.35 29.78 30.20
11.08 10.25 9.47 8.76 8.10 7.50 6.96 6.47 6.04 5.67 5.35 5.07 4.84 4.66 4.52 4.43 4.37 4.36 4.39 4.46 4.57 4.71 4.89 5.10 5.34 5.62 5.93 6.27 6.64 7.03 7.45 7.90 8.37 8.86 9.38 9.92 10.47 11.05 11.64 12.25 12.87 13.51 14.16 14.82 15.49 16.17 16.83 17.47 18.08 18.66 19.20 19.72 20.20 20.65 21.06 21.43 21.79 22.15 22.52 22.89 23.27 23.65 24.04 24.43 24.82 25.21 25.60 25.99 26.39 26.78 27.19 27.59 28.00 28.41 28.83 29.25 29.68 30.11 30.54
11.79 10.96 10.19 9.48 8.83 8.23 7.70 7.22 6.79 6.42 6.09 5.81 5.58 5.39 5.25 5.15 5.09 5.07 5.09 5.15 5.25 5.38 5.55 5.75 5.98 6.25 6.55 6.87 7.22 7.60 8.01 8.44 8.89 9.37 9.87 10.38 10.92 11.48 12.05 12.63 13.23 13.85 14.47 15.11 15.76 16.41 17.07 17.72 18.33 18.92 19.47 19.99 20.48 20.93 21.34 21.72 22.08 22.44 22.81 23.18 23.56 23.95 24.33 24.72 25.11 25.50 25.89 26.28 26.68 27.09 27.49 27.90 28.31 28.73 29.15 29.58 30.01 30.45 30.89
12.56 11.73 10.97 10.26 9.61 9.02 8.49 8.02 7.59 7.21 6.88 6.60 6.37 6.17 6.02 5.92 5.85 5.83 5.84 5.89 5.98 6.10 6.26 6.45 6.67 6.92 7.21 7.52 7.85 8.22 8.61 9.02 9.46 9.92 10.40 10.90 11.41 11.95 12.50 13.06 13.64 14.23 14.83 15.45 16.07 16.70 17.34 17.97 18.60 19.19 19.75 20.27 20.76 21.21 21.63 22.01 22.37 22.73 23.10 23.48 23.86 24.24 24.63 25.01 25.40 25.79 26.19 26.59 26.99 27.39 27.80 28.22 28.63 29.06 29.48 29.91 30.35 30.79 31.24
13.38 12.56 11.80 11.10 10.46 9.87 9.35 8.87 8.44 8.06 7.73 7.44 7.20 7.00 6.85 6.74 6.66 6.63 6.63 6.68 6.75 6.87 7.01 7.19 7.40 7.64 7.91 8.21 8.53 8.88 9.25 9.65 10.07 10.51 10.97 11.45 11.95 12.46 12.99 13.53 14.09 14.66 15.24 15.82 16.42 17.02 17.64 18.25 18.87 19.46 20.03 20.56 21.05 21.51 21.93 22.31 22.67 23.03 23.40 23.78 24.16 24.54 24.93 25.32 25.71 26.10 26.50 26.90 27.30 27.71 28.12 28.54 28.96 29.39 29.82 30.25 30.70 31.14 31.59
14.25 13.44 12.68 11.99 11.36 10.78 10.25 9.77 9.34 8.96 8.62 8.33 8.08 7.88 7.72 7.60 7.52 7.48 7.48 7.51 7.58 7.68 7.82 7.98 8.18 8.41 8.66 8.95 9.25 9.59 9.95 10.33 10.73 11.15 11.59 12.05 12.53 13.02 13.53 14.05 14.58 15.12 15.68 16.24 16.81 17.39 17.98 18.56 19.16 19.74 20.31 20.85 21.34 21.81 22.23 22.61 22.97 23.34 23.71 24.09 24.47 24.85 25.23 25.62 26.02 26.41 26.81 27.21 27.62 28.03 28.45 28.87 29.30 29.73 30.16 30.60 31.05 31.50 31.96
15.18 14.38 13.63 12.94 12.31 11.73 11.20 10.72 10.29 9.90 9.56 9.27 9.02 8.81 8.64 8.52 8.43 8.38 8.37 8.39 8.45 8.54 8.67 8.82 9.01 9.22 9.46 9.73 10.02 10.34 10.68 11.04 11.43 11.83 12.25 12.69 13.15 13.62 14.11 14.60 15.11 15.64 16.17 16.70 17.25 17.80 18.36 18.92 19.48 20.05 20.61 21.14 21.65 22.11 22.53 22.92 23.28 23.65 24.02 24.40 24.78 25.16 25.55 25.94 26.33 26.73 27.13 27.54 27.95 28.36 28.78 29.21 29.64 30.07 30.51 30.95 31.41 31.86 32.33
16.17 15.37 14.63 13.95 13.32 12.73 12.20 11.72 11.29 10.90 10.56 10.26 10.00 9.79 9.62 9.48 9.39 9.33 9.31 9.32 9.37 9.45 9.56 9.71 9.88 10.08 10.31 10.56 10.84 11.14 11.46 11.81 12.18 12.56 12.96 13.38 13.82 14.27 14.73 15.21 15.69 16.19 16.70 17.21 17.73 18.25 18.78 19.32 19.85 20.39 20.92 21.45 21.95 22.42 22.85 23.23 23.60 23.97 24.34 24.72 25.10 25.48 25.87 26.26 26.66 27.05 27.46 27.87 28.28 28.70 29.12 29.55 29.98 30.42 30.86 31.31 31.77 32.23 32.70
17.22 16.42 15.69 15.01 14.37 13.79 13.26 12.78 12.34 11.95 11.60 11.30 11.04 10.82 10.64 10.50 10.40 10.33 10.30 10.30 10.34 10.41 10.51 10.64 10.80 10.99 11.20 11.44 11.70 11.98 12.29 12.62 12.97 13.33 13.72 14.12 14.53 14.96 15.40 15.85 16.32 16.79 17.27 17.76 18.25 18.75 19.25 19.75 20.26 20.77 21.27 21.77 22.27 22.74 23.17 23.55 23.92 24.29 24.66 25.04 25.42 25.81 26.19 26.59 26.98 27.39 27.79 28.20 28.62 29.04 29.46 29.89 30.33 30.77 31.22 31.68 32.14 32.60 33.08
18.32 17.53 16.80 16.12 15.48 14.90 14.37 13.88 13.44 13.05 12.70 12.39 12.12 11.90 11.71 11.56 11.45 11.38 11.34 11.33 11.36 11.42 11.51 11.62 11.77 11.94 12.14 12.36 12.61 12.88 13.17 13.48 13.81 14.15 14.52 14.90 15.29 15.70 16.11 16.54 16.98 17.43 17.89 18.35 18.82 19.29 19.76 20.24 20.71 21.19 21.66 22.14 22.60 23.06 23.49 23.88 24.25 24.62 24.99 25.37 25.75 26.14 26.53 26.92 27.32 27.72 28.13 28.54 28.96 29.38 29.81 30.25 30.69 31.13 31.58 32.04 32.51 32.98 33.46
19.48 18.70 17.96 17.28 16.65 16.07 15.53 15.04 14.60 14.20 13.84 13.53 13.26 13.03 12.83 12.68 12.56 12.48 12.43 12.41 12.43 12.47 12.55 12.65 12.79 12.94 13.13 13.34 13.57 13.82 14.09 14.38 14.69 15.02 15.36 15.72 16.09 16.48 16.87 17.28 17.69 18.12 18.55 18.98 19.42 19.87 20.31 20.76 21.21 21.66 22.10 22.54 22.98 23.41 23.83 24.22 24.58 24.95 25.33 25.70 26.09 26.47 26.86 27.26 27.66 28.06 28.47 28.89 29.31 29.73 30.16 30.60 31.04 31.49 31.95 32.41 32.88 33.36 33.84
20.70 19.92 19.18 18.50 17.87 17.28 16.74 16.25 15.81 15.40 15.04 14.73 14.45 14.21 14.01 13.85 13.72 13.63 13.57 13.54 13.54 13.58 13.64 13.73 13.85 14.00 14.16 14.36 14.57 14.80 15.06 15.33 15.62 15.93 16.26 16.59 16.94 17.30 17.68 18.06 18.45 18.85 19.25 19.66 20.08 20.49 20.91 21.33 21.75 22.16 22.58 22.99 23.39 23.79 24.18 24.56 24.92 25.29 25.67 26.04 26.43 26.81 27.20 27.60 28.00 28.41 28.82 29.23 29.66 30.09 30.52 30.96 31.41 31.86 32.32 32.79 33.26 33.74 34.23
21.96 21.17 20.44 19.76 19.12 18.54 18.00 17.50 17.05 16.65 16.28 15.96 15.68 15.43 15.22 15.05 14.91 14.81 14.74 14.71 14.70 14.72 14.77 14.85 14.96 15.08 15.24 15.41 15.61 15.83 16.07 16.32 16.59 16.88 17.18 17.50 17.83 18.17 18.52 18.88 19.24 19.62 19.99 20.38 20.76 21.15 21.54 21.93 22.32 22.71 23.09 23.47 23.84 24.20 24.56 24.91 25.26 25.63 26.00 26.38 26.76 27.15 27.54 27.94 28.34 28.75 29.16 29.58 30.00 30.43 30.87 31.32 31.77 32.22 32.69 33.16 33.64 34.12 34.62
23.23 22.44 21.71 21.03 20.39 19.80 19.26 18.77 18.31 17.90 17.53 17.20 16.91 16.66 16.44 16.27 16.12 16.01 15.93 15.88 15.86 15.87 15.91 15.98 16.07 16.18 16.32 16.48 16.66 16.86 17.08 17.32 17.57 17.84 18.12 18.41 18.72 19.04 19.36 19.70 20.04 20.39 20.74 21.10 21.46 21.82 22.18 22.54 22.90 23.25 23.61 23.95 24.29 24.62 24.95 25.26 25.58 25.94 26.31 26.69 27.07 27.46 27.85 28.25 28.66 29.07 29.48 29.90 30.33 30.77 31.21 31.65 32.11 32.57 33.04 33.52 34.00 34.49 34.99
24.50 23.72 22.98 22.30 21.66 21.08 20.53 20.03 19.57 19.16 18.78 18.45 18.15 17.89 17.67 17.48 17.33 17.21 17.12 17.06 17.03 17.03 17.05 17.11 17.18 17.28 17.40 17.55 17.71 17.90 18.10 18.31 18.55 18.80 19.06 19.33 19.61 19.91 20.21 20.52 20.84 21.16 21.49 21.82 22.15 22.49 22.82 23.15 23.48 23.81 24.13 24.44 24.75 25.05 25.33 25.61 25.90 26.23 26.59 26.97 27.35 27.74 28.14 28.54 28.95 29.36 29.78 30.21 30.64 31.08 31.52 31.97 32.43 32.90 33.38 33.86 34.35 34.85 35.35
25.78 25.00 24.26 23.58 22.94 22.35 21.80 21.30 20.84 20.42 20.04 19.70 19.40 19.13 18.90 18.71 18.54 18.41 18.31 18.24 18.20 18.19 18.20 18.24 18.30 18.39 18.49 18.62 18.77 18.93 19.12 19.32 19.53 19.76 20.00 20.25 20.51 20.79 21.07 21.35 21.65 21.94 22.25 22.55 22.86 23.16 23.46 23.77 24.07 24.36 24.65 24.93 25.21 25.47 25.72 25.96 26.22 26.51 26.85 27.22 27.61 28.00 28.40 28.81 29.22 29.63 30.06 30.49 30.93 31.37 31.82 32.28 32.74 33.22 33.70 34.19 34.68 35.19 35.70
27.06 26.28 25.55 24.87 24.23 23.63 23.09 22.58 22.12 21.69 21.31 20.96 20.65 20.38 20.14 19.94 19.77 19.63 19.52 19.43 19.38 19.36 19.36 19.38 19.43 19.50 19.59 19.70 19.83 19.98 20.15 20.33 20.52 20.73 20.95 21.18 21.42 21.67 21.93 22.19 22.46 22.73 23.01 23.28 23.56 23.84 24.11 24.39 24.66 24.92 25.18 25.43 25.67 25.90 26.11 26.32 26.54 26.80 27.11 27.46 27.84 28.24 28.64 29.05 29.47 29.89 30.32 30.75 31.20 31.65 32.10 32.57 33.04 33.52 34.01 34.51 35.01 35.53 36.05
28.36 27.58 26.84 26.16 25.52 24.93 24.37 23.87 23.40 22.97 22.58 22.23 21.91 21.63 21.39 21.17 20.99 20.84 20.72 20.63 20.57 20.53 20.52 20.53 20.56 20.62 20.69 20.79 20.90 21.03 21.18 21.34 21.52 21.70 21.90 22.11 22.33 22.56 22.79 23.03 23.28 23.52 23.77 24.02 24.27 24.52 24.77 25.01 25.25 25.49 25.71 25.93 26.13 26.32 26.50 26.67 26.86 27.09 27.38 27.70 28.07 28.46 28.87 29.28 29.70 30.13 30.56 31.01 31.46 31.91 32.38 32.85 33.33 33.82 34.31 34.82 35.33 35.86 36.39
29.66 28.88 28.15 27.46 26.82 26.23 25.67 25.16 24.69 24.25 23.86 23.50 23.18 22.89 22.64 22.42 22.23 22.07 21.94 21.84 21.76 21.71 21.69 21.68 21.70 21.74 21.80 21.88 21.98 22.09 22.22 22.37 22.52 22.69 22.87 23.06 23.25 23.46 23.67 23.88 24.10 24.32 24.55 24.77 24.99 25.21 25.43 25.65 25.86 26.06 26.25 26.43 26.60 26.75 26.90 27.03 27.19 27.39 27.65 27.95 28.29 28.67 29.07 29.49 29.92 30.35 30.80 31.25 31.70 32.17 32.64 33.12 33.61 34.11 34.61 35.13 35.65 36.18 36.73
30.96 30.19 29.46 28.77 28.13 27.54 26.98 26.46 25.99 25.55 25.15 24.79 24.46 24.17 23.91 23.68 23.48 23.31 23.17 23.05 22.97 22.90 22.86 22.85 22.85 22.88 22.92 22.99 23.07 23.16 23.27 23.40 23.53 23.68 23.84 24.01 24.18 24.36 24.55 24.74 24.93 25.13 25.33 25.53 25.72 25.91 26.10 26.29 26.47 26.64 26.79 26.94 27.07 27.19 27.30 27.40 27.52 27.69 27.92 28.20 28.52 28.88 29.27 29.69 30.13 30.57 31.02 31.48 31.94 32.41 32.90 33.39 33.88 34.39 34.91 35.43 35.97 36.51 37.06
32.28 31.50 30.77 30.09 29.45 28.85 28.30 27.78 27.30 26.86 26.45 26.08 25.75 25.45 25.18 24.94 24.73 24.56 24.40 24.28 24.18 24.11 24.05 24.02 24.01 24.03 24.06 24.10 24.16 24.24 24.34 24.44 24.56 24.68 24.82 24.97 25.12 25.28 25.44 25.61 25.78 25.95 26.12 26.29 26.46 26.62 26.79 26.94 27.08 27.22 27.34 27.45 27.54 27.63 27.70 27.77 27.85 28.00 28.20 28.45 28.75 29.09 29.47 29.89 30.32 30.77 31.23 31.70 32.17 32.66 33.15 33.65 34.16 34.67 35.20 35.74 36.28 36.84 37.40
33.59 32.82 32.10 31.42 30.78 30.18 29.63 29.11 28.62 28.18 27.77 27.39 27.05 26.74 26.47 26.22 26.00 25.81 25.65 25.52 25.41 25.32 25.25 25.21 25.19 25.18 25.20 25.23 25.27 25.33 25.41 25.49 25.59 25.70 25.81 25.94 26.07 26.20 26.34 26.49 26.63 26.78 26.92 27.07 27.21 27.34 27.48 27.60 27.71 27.80 27.89 27.96 28.03 28.08 28.12 28.14 28.20 28.31 28.48 28.71 28.99 29.32 29.68 30.09 30.52 30.97 31.44 31.92 32.40 32.89 33.40 33.91 34.43 34.96 35.49 36.04 36.60 37.17 37.75
34.91 34.14 33.42 32.75 32.11 31.52 30.96 30.44 29.96 29.51 29.09 28.71 28.37 28.05 27.77 27.51 27.29 27.09 26.91 26.77 26.65 26.55 26.47 26.41 26.37 26.35 26.35 26.37 26.39 26.44 26.49 26.56 26.64 26.72 26.82 26.92 27.03 27.14 27.26 27.38 27.50 27.62 27.74 27.85 27.97 28.08 28.17 28.26 28.33 28.39 28.45 28.48 28.51 28.53 28.53 28.53 28.54 28.63 28.77 28.98 29.24 29.55 29.90 30.29 30.72 31.17 31.64 32.13 32.63 33.13 33.64 34.17 34.70 35.24 35.79 36.35 36.92 37.51 38.10
