data_output/RCH/Precip_1988_02.asc
ncols        168
nrows        136
xllcorner    455000
yllcorner    2107000
cellsize     500
NODATA_value     -99999
[rows 37 to 73 of 136, columns 83 to 165 of 168]
5.06 5.12 5.20 5.29 5.40 5.52 5.65 5.80 5.96 6.13 6.30 6.49 6.68 6.88 7.09 7.30 7.52 7.74 7.96 8.19 8.41 8.64 8.86 9.08 9.30 9.52 9.74 9.94 10.15 10.34 10.53 10.71 10.88 11.06 11.26 11.46 11.68 11.90 12.13 12.36 12.57 12.73 12.86 12.95 13.01 13.03 13.03 13.02 13.02 13.02 13.02 13.04 13.05 13.07 13.10 13.14 13.18 13.23 13.29 13.35 13.43 13.51 13.60 13.70 13.81 13.93 14.07 14.21 14.36 14.53 14.71 14.90 15.10 15.32 15.55 15.79 16.05 16.32 16.61 16.91 17.23 17.56 17.91
5.25 5.32 5.41 5.52 5.63 5.77 5.91 6.06 6.23 6.40 6.58 6.78 6.97 7.18 7.39 7.60 7.82 8.04 8.26 8.48 8.70 8.92 9.15 9.36 9.58 9.79 10.00 10.20 10.39 10.58 10.75 10.92 11.08 11.23 11.39 11.55 11.73 11.92 12.11 12.30 12.47 12.60 12.69 12.75 12.77 12.77 12.76 12.76 12.76 12.77 12.78 12.80 12.82 12.85 12.89 12.93 12.98 13.04 13.11 13.19 13.27 13.37 13.47 13.59 13.72 13.85 14.00 14.16 14.33 14.51 14.71 14.92 15.14 15.37 15.62 15.89 16.16 16.46 16.77 17.09 17.43 17.79 18.16
5.45 5.54 5.64 5.75 5.88 6.02 6.17 6.33 6.50 6.68 6.87 7.06 7.26 7.47 7.68 7.89 8.11 8.33 8.55 8.77 8.99 9.21 9.42 9.64 9.84 10.05 10.25 10.44 10.62 10.80 10.96 11.12 11.27 11.40 11.53 11.65 11.79 11.94 12.09 12.25 12.37 12.47 12.52 12.54 12.54 12.53 12.52 12.52 12.53 12.54 12.56 12.58 12.61 12.64 12.69 12.74 12.80 12.87 12.95 13.03 13.13 13.24 13.35 13.48 13.62 13.77 13.93 14.10 14.29 14.48 14.70 14.92 15.16 15.41 15.68 15.96 16.26 16.57 16.90 17.25 17.61 17.99 18.39
5.66 5.76 5.87 5.99 6.13 6.28 6.43 6.60 6.78 6.96 7.15 7.35 7.55 7.76 7.97 8.19 8.40 8.62 8.84 9.05 9.27 9.48 9.69 9.90 10.10 10.30 10.49 10.67 10.84 11.01 11.16 11.31 11.44 11.56 11.67 11.76 11.86 11.96 12.07 12.19 12.28 12.33 12.35 12.34 12.32 12.31 12.31 12.31 12.32 12.33 12.35 12.38 12.41 12.45 12.50 12.56 12.63 12.70 12.79 12.88 12.99 13.10 13.23 13.37 13.52 13.68 13.85 14.04 14.24 14.45 14.67 14.91 15.17 15.44 15.72 16.02 16.34 16.67 17.02 17.38 17.76 18.16 18.58
5.88 5.98 6.10 6.24 6.38 6.54 6.70 6.87 7.06 7.24 7.44 7.64 7.84 8.05 8.26 8.48 8.69 8.91 9.12 9.33 9.54 9.75 9.96 10.16 10.35 10.54 10.72 10.89 11.05 11.20 11.35 11.48 11.59 11.70 11.79 11.87 11.93 11.99 12.06 12.13 12.18 12.19 12.17 12.15 12.14 12.13 12.12 12.12 12.13 12.15 12.17 12.20 12.23 12.28 12.33 12.40 12.47 12.55 12.64 12.74 12.85 12.98 13.11 13.26 13.42 13.59 13.77 13.97 14.18 14.40 14.64 14.90 15.16 15.45 15.75 16.06 16.39 16.74 17.11 17.49 17.89 18.31 18.75
6.10 6.22 6.35 6.49 6.64 6.80 6.97 7.15 7.34 7.53 7.72 7.93 8.13 8.34 8.55 8.76 8.97 9.19 9.40 9.61 9.81 10.01 10.21 10.40 10.59 10.76 10.93 11.09 11.24 11.38 11.51 11.63 11.73 11.82 11.90 11.96 12.00 12.03 12.05 12.08 12.08 12.06 12.03 12.00 11.98 11.97 11.96 11.96 11.97 11.99 12.01 12.04 12.08 12.12 12.18 12.24 12.32 12.41 12.50 12.61 12.73 12.86 13.00 13.15 13.32 13.50 13.69 13.90 14.12 14.35 14.60 14.87 15.15 15.44 15.76 16.09 16.43 16.80 17.18 17.58 17.99 18.43 18.88
6.33 6.46 6.59 6.74 6.90 7.07 7.24 7.43 7.61 7.81 8.01 8.21 8.42 8.62 8.83 9.04 9.25 9.46 9.67 9.87 10.07 10.26 10.45 10.64 10.81 10.98 11.14 11.29 11.42 11.55 11.67 11.77 11.86 11.93 11.99 12.03 12.05 12.05 12.04 12.02 11.99 11.95 11.91 11.88 11.86 11.84 11.83 11.83 11.84 11.85 11.87 11.90 11.94 11.98 12.04 12.11 12.18 12.27 12.37 12.48 12.60 12.74 12.89 13.05 13.22 13.41 13.61 13.82 14.05 14.29 14.55 14.83 15.12 15.43 15.75 16.09 16.45 16.83 17.22 17.64 18.07 18.52 18.99
6.56 6.70 6.84 7.00 7.16 7.34 7.51 7.70 7.89 8.09 8.29 8.49 8.70 8.90 9.11 9.32 9.52 9.73 9.93 10.12 10.32 10.50 10.68 10.86 11.02 11.18 11.33 11.46 11.59 11.70 11.80 11.89 11.96 12.01 12.05 12.08 12.08 12.06 12.03 11.98 11.92 11.88 11.83 11.80 11.77 11.75 11.73 11.72 11.72 11.73 11.75 11.78 11.81 11.86 11.92 11.98 12.06 12.15 12.25 12.36 12.49 12.63 12.78 12.94 13.12 13.31 13.52 13.74 13.97 14.23 14.49 14.78 15.08 15.40 15.73 16.08 16.45 16.84 17.25 17.68 18.12 18.59 19.07
6.79 6.93 7.08 7.24 7.41 7.59 7.77 7.96 8.15 8.35 8.55 8.75 8.96 9.16 9.37 9.57 9.77 9.97 10.17 10.36 10.54 10.72 10.89 11.06 11.21 11.36 11.49 11.62 11.73 11.83 11.91 11.98 12.04 12.07 12.09 12.10 12.08 12.04 11.99 11.93 11.87 11.81 11.76 11.72 11.68 11.65 11.63 11.62 11.61 11.62 11.63 11.65 11.69 11.73 11.78 11.85 11.93 12.02 12.12 12.23 12.36 12.50 12.65 12.82 13.00 13.19 13.41 13.63 13.87 14.13 14.41 14.70 15.01 15.33 15.68 16.04 16.42 16.82 17.24 17.68 18.13 18.61 19.11
6.98 7.13 7.29 7.46 7.63 7.81 8.00 8.19 8.39 8.59 8.79 8.99 9.19 9.40 9.60 9.80 10.00 10.19 10.38 10.56 10.74 10.91 11.07 11.23 11.37 11.51 11.63 11.74 11.84 11.92 11.99 12.04 12.08 12.10 12.10 12.09 12.05 12.00 11.94 11.87 11.81 11.74 11.68 11.63 11.58 11.54 11.52 11.50 11.48 11.48 11.49 11.51 11.54 11.58 11.63 11.69 11.77 11.86 11.96 12.07 12.20 12.34 12.49 12.66 12.84 13.04 13.26 13.49 13.74 14.00 14.28 14.58 14.89 15.23 15.58 15.95 16.34 16.75 17.18 17.63 18.10 18.59 19.10
7.15 7.31 7.48 7.65 7.83 8.02 8.21 8.40 8.60 8.80 9.00 9.20 9.40 9.60 9.80 10.00 10.19 10.38 10.56 10.74 10.91 11.07 11.22 11.37 11.50 11.62 11.73 11.83 11.91 11.98 12.04 12.07 12.10 12.10 12.08 12.04 11.99 11.93 11.87 11.80 11.73 11.66 11.59 11.53 11.47 11.43 11.39 11.36 11.34 11.33 11.34 11.35 11.37 11.41 11.46 11.51 11.59 11.67 11.77 11.88 12.01 12.15 12.30 12.47 12.66 12.86 13.08 13.31 13.56 13.83 14.11 14.42 14.74 15.08 15.44 15.81 16.21 16.63 17.07 17.53 18.01 18.51 19.03
7.30 7.47 7.64 7.82 8.00 8.19 8.38 8.58 8.78 8.98 9.18 9.38 9.58 9.78 9.98 10.17 10.36 10.54 10.72 10.89 11.05 11.20 11.35 11.48 11.60 11.71 11.81 11.89 11.96 12.02 12.06 12.08 12.08 12.06 12.03 11.97 11.91 11.85 11.78 11.71 11.64 11.57 11.49 11.42 11.36 11.30 11.25 11.22 11.19 11.17 11.17 11.17 11.19 11.22 11.26 11.32 11.38 11.47 11.56 11.67 11.79 11.93 12.09 12.26 12.44 12.64 12.86 13.10 13.35 13.62 13.91 14.22 14.54 14.89 15.25 15.64 16.04 16.47 16.91 17.38 17.87 18.38 18.91
7.42 7.60 7.77 7.96 8.15 8.34 8.54 8.74 8.94 9.14 9.34 9.54 9.74 9.93 10.13 10.31 10.50 10.67 10.84 11.01 11.16 11.30 11.44 11.56 11.67 11.77 11.86 11.93 11.98 12.02 12.04 12.05 12.03 12.00 11.95 11.89 11.82 11.76 11.69 11.61 11.54 11.46 11.38 11.31 11.23 11.17 11.11 11.06 11.02 11.00 10.99 10.98 10.99 11.02 11.05 11.10 11.16 11.24 11.33 11.44 11.56 11.69 11.85 12.01 12.20 12.40 12.62 12.86 13.11 13.38 13.67 13.98 14.31 14.66 15.03 15.42 15.83 16.26 16.72 17.19 17.69 18.21 18.75
7.52 7.70 7.88 8.07 8.27 8.46 8.66 8.86 9.07 9.27 9.47 9.67 9.87 10.06 10.25 10.43 10.61 10.78 10.94 11.10 11.24 11.38 11.50 11.62 11.72 11.80 11.87 11.93 11.97 11.99 12.00 11.99 11.95 11.90 11.85 11.79 11.72 11.65 11.58 11.50 11.42 11.34 11.26 11.18 11.11 11.03 10.96 10.90 10.85 10.82 10.79 10.78 10.78 10.80 10.83 10.87 10.93 11.00 11.08 11.18 11.30 11.43 11.58 11.75 11.93 12.13 12.35 12.58 12.84 13.11 13.40 13.72 14.05 14.40 14.77 15.17 15.58 16.02 16.48 16.96 17.46 17.99 18.54
7.60 7.78 7.97 8.17 8.36 8.56 8.77 8.97 9.17 9.37 9.57 9.77 9.97 10.16 10.34 10.52 10.69 10.86 11.02 11.16 11.30 11.43 11.54 11.64 11.73 11.81 11.86 11.91 11.93 11.94 11.93 11.90 11.85 11.80 11.74 11.67 11.61 11.53 11.46 11.38 11.30 11.21 11.13 11.05 10.97 10.89 10.81 10.74 10.68 10.63 10.60 10.57 10.57 10.57 10.59 10.63 10.67 10.74 10.82 10.91 11.02 11.15 11.30 11.46 11.64 11.84 12.05 12.29 12.54 12.81 13.11 13.42 13.75 14.11 14.48 14.88 15.30 15.74 16.20 16.69 17.20 17.73 18.29
7.65 7.84 8.04 8.23 8.44 8.64 8.84 9.05 9.25 9.46 9.66 9.85 10.04 10.23 10.41 10.59 10.75 10.91 11.06 11.20 11.33 11.45 11.55 11.64 11.72 11.78 11.82 11.85 11.86 11.86 11.83 11.78 11.73 11.67 11.61 11.55 11.48 11.40 11.33 11.24 11.16 11.07 10.99 10.90 10.82 10.73 10.65 10.57 10.50 10.44 10.39 10.36 10.34 10.34 10.35 10.37 10.41 10.47 10.54 10.63 10.73 10.86 10.99 11.15 11.33 11.52 11.73 11.97 12.22 12.49 12.78 13.09 13.43 13.78 14.16 14.56 14.98 15.42 15.89 16.38 16.89 17.43 17.99
7.68 7.87 8.08 8.28 8.49 8.69 8.90 9.11 9.31 9.51 9.71 9.91 10.09 10.28 10.46 10.63 10.79 10.94 11.08 11.21 11.33 11.44 11.53 11.61 11.68 11.73 11.76 11.77 11.77 11.74 11.70 11.65 11.60 11.54 11.48 11.41 11.34 11.26 11.18 11.10 11.01 10.92 10.83 10.75 10.66 10.57 10.49 10.40 10.32 10.25 10.19 10.14 10.11 10.10 10.09 10.11 10.14 10.19 10.25 10.33 10.43 10.54 10.68 10.83 11.00 11.19 11.40 11.62 11.87 12.14 12.43 12.74 13.07 13.43 13.81 14.20 14.63 15.07 15.54 16.04 16.55 17.10 17.66
7.68 7.89 8.09 8.30 8.51 8.72 8.93 9.14 9.34 9.54 9.74 9.93 10.12 10.30 10.47 10.64 10.80 10.94 11.08 11.20 11.31 11.41 11.49 11.56 11.61 11.65 11.66 11.66 11.64 11.61 11.56 11.51 11.46 11.40 11.33 11.26 11.19 11.11 11.03 10.94 10.85 10.76 10.67 10.58 10.49 10.40 10.31 10.22 10.14 10.05 9.98 9.92 9.88 9.85 9.84 9.84 9.86 9.90 9.95 10.02 10.11 10.22 10.34 10.49 10.65 10.83 11.04 11.26 11.51 11.77 12.06 12.37 12.70 13.05 13.43 13.82 14.25 14.69 15.16 15.66 16.18 16.72 17.30
7.67 7.88 8.09 8.30 8.51 8.73 8.94 9.15 9.35 9.55 9.75 9.94 10.12 10.30 10.47 10.63 10.78 10.92 11.04 11.16 11.26 11.35 11.42 11.48 11.52 11.54 11.54 11.53 11.49 11.45 11.41 11.36 11.30 11.24 11.18 11.11 11.03 10.95 10.87 10.77 10.68 10.59 10.50 10.40 10.31 10.22 10.13 10.04 9.95 9.86 9.78 9.70 9.65 9.60 9.58 9.57 9.58 9.60 9.64 9.70 9.78 9.88 10.00 10.14 10.29 10.47 10.66 10.88 11.12 11.38 11.66 11.97 12.30 12.65 13.02 13.42 13.84 14.29 14.76 15.25 15.77 16.32 16.90
7.63 7.84 8.06 8.28 8.49 8.71 8.92 9.13 9.34 9.54 9.73 9.92 10.10 10.27 10.44 10.59 10.74 10.87 10.99 11.09 11.18 11.26 11.32 11.37 11.39 11.40 11.39 11.37 11.33 11.29 11.24 11.19 11.14 11.08 11.01 10.94 10.86 10.78 10.69 10.60 10.50 10.41 10.31 10.22 10.12 10.03 9.93 9.84 9.75 9.66 9.57 9.49 9.41 9.36 9.32 9.29 9.29 9.30 9.33 9.38 9.45 9.54 9.65 9.77 9.92 10.09 10.28 10.49 10.72 10.98 11.25 11.55 11.88 12.22 12.59 12.99 13.41 13.85 14.32 14.82 15.34 15.90 16.49
7.57 7.79 8.01 8.23 8.45 8.67 8.88 9.09 9.30 9.50 9.69 9.88 10.06 10.22 10.38 10.53 10.67 10.79 10.90 11.00 11.08 11.15 11.20 11.23 11.25 11.24 11.22 11.19 11.16 11.12 11.07 11.02 10.96 10.90 10.84 10.76 10.68 10.60 10.51 10.41 10.32 10.22 10.12 10.02 9.92 9.83 9.73 9.63 9.54 9.45 9.36 9.27 9.19 9.11 9.06 9.02 9.00 9.00 9.02 9.06 9.11 9.19 9.29 9.40 9.54 9.70 9.88 10.08 10.31 10.56 10.83 11.12 11.44 11.78 12.15 12.54 12.96 13.40 13.87 14.36 14.89 15.45 16.06
7.49 7.72 7.94 8.17 8.39 8.61 8.82 9.03 9.24 9.44 9.63 9.81 9.99 10.15 10.30 10.45 10.58 10.69 10.80 10.89 10.96 11.01 11.05 11.07 11.08 11.06 11.04 11.01 10.97 10.93 10.89 10.84 10.78 10.72 10.65 10.58 10.50 10.41 10.32 10.22 10.12 10.02 9.92 9.82 9.72 9.62 9.52 9.42 9.33 9.23 9.14 9.05 8.96 8.88 8.81 8.75 8.72 8.70 8.71 8.73 8.77 8.84 8.92 9.03 9.15 9.30 9.47 9.67 9.88 10.12 10.39 10.67 10.99 11.32 11.68 12.07 12.48 12.92 13.39 13.88 14.42 15.00 15.62
7.39 7.62 7.85 8.08 8.30 8.52 8.74 8.95 9.15 9.35 9.54 9.72 9.89 10.05 10.20 10.34 10.46 10.57 10.67 10.75 10.81 10.85 10.88 10.89 10.88 10.86 10.84 10.81 10.78 10.74 10.69 10.64 10.59 10.52 10.46 10.38 10.30 10.21 10.12 10.02 9.92 9.81 9.71 9.61 9.50 9.40 9.30 9.20 9.10 9.01 8.91 8.82 8.73 8.64 8.56 8.49 8.44 8.41 8.39 8.40 8.43 8.48 8.55 8.65 8.76 8.90 9.06 9.24 9.45 9.68 9.94 10.21 10.52 10.85 11.20 11.58 11.99 12.42 12.89 13.40 13.94 14.54 15.17
7.27 7.50 7.74 7.97 8.20 8.42 8.64 8.85 9.05 9.25 9.43 9.61 9.78 9.93 10.08 10.21 10.32 10.43 10.51 10.58 10.63 10.67 10.68 10.68 10.67 10.66 10.63 10.61 10.57 10.54 10.49 10.44 10.39 10.32 10.25 10.18 10.10 10.01 9.91 9.81 9.70 9.60 9.49 9.39 9.28 9.18 9.08 8.97 8.87 8.77 8.68 8.58 8.49 8.40 8.31 8.23 8.16 8.12 8.09 8.08 8.09 8.13 8.19 8.27 8.37 8.49 8.64 8.81 9.01 9.23 9.48 9.75 10.04 10.36 10.71 11.08 11.48 11.92 12.39 12.90 13.46 14.06 14.70
7.15 7.37 7.60 7.84 8.07 8.29 8.51 8.72 8.92 9.12 9.30 9.48 9.64 9.79 9.93 10.05 10.16 10.26 10.33 10.39 10.44 10.46 10.47 10.46 10.45 10.44 10.42 10.40 10.36 10.33 10.28 10.23 10.18 10.11 10.04 9.97 9.88 9.79 9.70 9.59 9.48 9.38 9.27 9.16 9.06 8.95 8.84 8.74 8.64 8.54 8.44 8.34 8.25 8.15 8.06 7.98 7.90 7.83 7.79 7.76 7.76 7.78 7.82 7.89 7.98 8.09 8.22 8.38 8.57 8.77 9.01 9.27 9.55 9.87 10.20 10.57 10.97 11.41 11.88 12.40 12.97 13.58 14.23
7.01 7.23 7.46 7.69 7.92 8.15 8.36 8.57 8.78 8.97 9.15 9.32 9.48 9.63 9.76 9.88 9.98 10.06 10.13 10.18 10.21 10.23 10.23 10.23 10.23 10.22 10.20 10.17 10.14 10.11 10.07 10.02 9.96 9.90 9.83 9.75 9.66 9.57 9.47 9.37 9.26 9.15 9.04 8.93 8.82 8.71 8.61 8.50 8.40 8.29 8.19 8.09 8.00 7.90 7.81 7.72 7.64 7.56 7.50 7.45 7.43 7.44 7.46 7.51 7.59 7.68 7.80 7.95 8.12 8.32 8.54 8.79 9.06 9.36 9.69 10.05 10.45 10.89 11.38 11.90 12.47 13.08 13.74
6.87 7.08 7.30 7.53 7.75 7.98 8.20 8.41 8.61 8.80 8.98 9.15 9.30 9.44 9.57 9.68 9.77 9.85 9.91 9.95 9.97 9.99 10.00 10.00 9.99 9.98 9.97 9.95 9.92 9.88 9.84 9.79 9.74 9.67 9.60 9.52 9.44 9.35 9.24 9.14 9.03 8.91 8.80 8.69 8.58 8.47 8.36 8.25 8.15 8.04 7.94 7.84 7.74 7.64 7.55 7.46 7.38 7.29 7.22 7.16 7.12 7.10 7.11 7.14 7.20 7.28 7.39 7.52 7.67 7.86 8.07 8.30 8.56 8.85 9.18 9.54 9.94 10.38 10.87 11.39 11.97 12.58 13.25
6.71 6.92 7.13 7.35 7.57 7.79 8.01 8.22 8.42 8.61 8.78 8.95 9.10 9.23 9.35 9.46 9.54 9.61 9.66 9.70 9.72 9.74 9.75 9.75 9.75 9.75 9.73 9.71 9.68 9.65 9.61 9.56 9.50 9.44 9.37 9.29 9.21 9.11 9.01 8.90 8.79 8.67 8.56 8.45 8.34 8.22 8.11 8.00 7.89 7.79 7.68 7.58 7.48 7.38 7.29 7.20 7.11 7.02 6.94 6.87 6.81 6.78 6.77 6.78 6.82 6.88 6.97 7.09 7.23 7.40 7.59 7.82 8.07 8.35 8.67 9.03 9.43 9.87 10.35 10.88 11.46 12.08 12.75
6.55 6.75 6.96 7.17 7.38 7.59 7.81 8.01 8.21 8.40 8.57 8.73 8.87 9.00 9.12 9.21 9.29 9.35 9.40 9.43 9.46 9.48 9.49 9.50 9.50 9.50 9.49 9.47 9.44 9.41 9.37 9.32 9.27 9.20 9.13 9.05 8.97 8.87 8.77 8.66 8.54 8.43 8.31 8.20 8.08 7.97 7.86 7.75 7.64 7.53 7.42 7.32 7.22 7.12 7.02 6.93 6.84 6.75 6.67 6.59 6.52 6.47 6.44 6.43 6.45 6.50 6.57 6.67 6.79 6.94 7.12 7.33 7.57 7.85 8.16 8.52 8.92 9.36 9.84 10.37 10.95 11.57 12.24
6.38 6.57 6.77 6.98 7.18 7.38 7.59 7.79 7.98 8.17 8.34 8.49 8.63 8.76 8.86 8.95 9.02 9.08 9.12 9.16 9.19 9.21 9.23 9.24 9.25 9.25 9.24 9.22 9.20 9.16 9.12 9.08 9.02 8.96 8.89 8.81 8.72 8.63 8.52 8.41 8.29 8.18 8.06 7.94 7.83 7.71 7.60 7.49 7.37 7.26 7.16 7.05 6.95 6.85 6.75 6.65 6.56 6.47 6.39 6.31 6.24 6.17 6.12 6.09 6.09 6.12 6.17 6.25 6.36 6.50 6.66 6.85 7.09 7.36 7.67 8.02 8.42 8.85 9.33 9.86 10.43 11.06 11.72
6.20 6.39 6.58 6.77 6.97 7.16 7.36 7.55 7.74 7.92 8.08 8.23 8.37 8.49 8.59 8.67 8.73 8.79 8.84 8.88 8.91 8.94 8.96 8.98 8.99 8.99 8.98 8.96 8.94 8.91 8.87 8.83 8.77 8.71 8.64 8.56 8.47 8.38 8.27 8.16 8.04 7.92 7.80 7.69 7.57 7.45 7.34 7.22 7.11 7.00 6.89 6.78 6.68 6.57 6.47 6.38 6.28 6.19 6.11 6.03 5.95 5.88 5.82 5.77 5.75 5.76 5.79 5.85 5.94 6.06 6.21 6.39 6.62 6.88 7.18 7.53 7.92 8.35 8.83 9.35 9.92 10.54 11.21
6.01 6.19 6.38 6.56 6.75 6.94 7.12 7.30 7.48 7.65 7.81 7.95 8.08 8.20 8.29 8.37 8.43 8.49 8.55 8.59 8.63 8.66 8.69 8.71 8.72 8.72 8.72 8.70 8.68 8.66 8.62 8.57 8.52 8.46 8.39 8.31 8.22 8.12 8.01 7.90 7.78 7.66 7.54 7.42 7.30 7.19 7.07 6.95 6.84 6.73 6.62 6.51 6.40 6.30 6.20 6.10 6.00 5.91 5.83 5.74 5.67 5.59 5.52 5.46 5.42 5.41 5.42 5.46 5.53 5.63 5.77 5.94 6.16 6.41 6.71 7.05 7.43 7.85 8.32 8.84 9.41 10.02 10.68
5.82 5.99 6.17 6.35 6.52 6.70 6.87 7.04 7.20 7.36 7.52 7.66 7.78 7.89 7.97 8.05 8.13 8.19 8.25 8.30 8.34 8.38 8.41 8.43 8.44 8.45 8.45 8.44 8.42 8.39 8.36 8.31 8.26 8.20 8.13 8.05 7.96 7.86 7.75 7.64 7.52 7.40 7.28 7.16 7.04 6.92 6.80 6.68 6.57 6.45 6.34 6.23 6.12 6.02 5.92 5.82 5.72 5.63 5.54 5.46 5.38 5.30 5.23 5.17 5.11 5.08 5.07 5.09 5.14 5.22 5.35 5.51 5.72 5.96 6.24 6.57 6.95 7.36 7.83 8.34 8.89 9.50 10.16
5.62 5.79 5.95 6.12 6.29 6.45 6.62 6.77 6.93 7.07 7.21 7.34 7.46 7.56 7.65 7.74 7.81 7.88 7.95 8.00 8.05 8.09 8.12 8.15 8.17 8.18 8.18 8.17 8.15 8.13 8.09 8.05 8.00 7.94 7.87 7.79 7.70 7.60 7.49 7.37 7.25 7.13 7.01 6.89 6.77 6.65 6.53 6.41 6.29 6.18 6.06 5.95 5.84 5.74 5.63 5.53 5.44 5.34 5.25 5.17 5.09 5.01 4.94 4.88 4.81 4.76 4.73 4.73 4.77 4.84 4.95 5.10 5.29 5.52 5.79 6.11 6.47 6.88 7.33 7.83 8.38 8.98 9.63
5.41 5.57 5.73 5.89 6.05 6.20 6.35 6.50 6.64 6.77 6.90 7.01 7.12 7.22 7.32 7.41 7.50 7.57 7.64 7.70 7.75 7.80 7.83 7.86 7.88 7.90 7.90 7.89 7.88 7.86 7.82 7.78 7.73 7.67 7.60 7.52 7.43 7.33 7.22 7.11 6.98 6.86 6.74 6.62 6.49 6.37 6.25 6.13 6.01 5.90 5.78 5.67 5.56 5.45 5.35 5.25 5.15 5.06 4.97 4.88 4.80 4.72 4.65 4.58 4.52 4.46 4.42 4.40 4.42 4.47 4.57 4.70 4.88 5.10 5.36 5.66 6.01 6.40 6.85 7.34 7.88 8.47 9.11
5.20 5.35 5.50 5.65 5.80 5.94 6.08 6.21 6.34 6.46 6.57 6.68 6.78 6.88 6.99 7.08 7.17 7.25 7.33 7.39 7.45 7.50 7.54 7.57 7.60 7.61 7.62 7.62 7.60 7.58 7.55 7.51 7.46 7.40 7.33 7.25 7.17 7.07 6.96 6.84 6.71 6.59 6.47 6.34 6.22 6.10 5.98 5.85 5.74 5.62 5.50 5.39 5.28 5.17 5.06 4.96 4.86 4.77 4.68 4.59 4.51 4.43 4.36 4.29 4.22 4.17 4.13 4.10 4.10 4.13 4.21 4.33 4.49 4.69 4.93 5.22 5.56 5.94 6.37 6.85 7.37 7.95 8.58
4.98 5.13 5.27 5.41 5.54 5.68 5.80 5.92 6.04 6.14 6.24 6.34 6.44 6.55 6.65 6.75 6.85 6.93 7.01 7.08 7.14 7.20 7.24 7.28 7.31 7.32 7.33 7.33 7.32 7.31 7.28 7.24 7.19 7.13 7.06 6.98 6.89 6.79 6.68 6.56 6.44 6.32 6.19 6.07 5.94 5.82 5.70 5.58 5.46 5.34 5.22 5.11 4.99 4.89 4.78 4.68 4.58 4.48 4.39 4.30 4.22 4.14 4.06 3.99 3.93 3.88 3.84 3.81 3.80 3.82 3.87 3.97 4.11 4.30 4.52 4.80 5.12 5.48 5.90 6.36 6.88 7.44 8.06
