data_output/RCH/Precip_1989_01.asc
ncols        168
nrows        136
xllcorner    455000
yllcorner    2107000
cellsize     500
NODATA_value     -99999
[rows 70 to 104 of 136, columns 0 to 78 of 168]
12.89 13.05 13.19 13.32 13.43 13.52 13.61 13.68 13.75 13.82 13.87 13.93 13.98 14.02 14.06 14.10 14.13 14.15 14.18 14.20 14.21 14.23 14.24 14.25 14.25 14.25 14.24 14.22 14.20 14.17 14.13 14.08 14.03 13.97 13.91 13.84 13.76 13.68 13.59 13.50 13.40 13.29 13.19 13.08 12.96 12.85 12.74 12.63 12.52 12.42 12.31 12.20 12.09 11.98 11.88 11.77 11.67 11.56 11.46 11.36 11.26 11.16 11.06 10.96 10.87 10.77 10.68 10.59 10.49 10.41 10.33 10.26 10.19 10.13 10.08 10.03 9.99 9.95 9.92
13.02 13.18 13.33 13.46 13.58 13.68 13.77 13.85 13.92 13.98 14.04 14.10 14.15 14.19 14.23 14.27 14.30 14.33 14.36 14.38 14.40 14.41 14.43 14.44 14.45 14.45 14.44 14.43 14.41 14.38 14.35 14.30 14.25 14.20 14.14 14.07 13.99 13.91 13.83 13.73 13.64 13.54 13.43 13.33 13.22 13.12 13.01 12.91 12.80 12.70 12.59 12.49 12.38 12.28 12.17 12.07 11.97 11.86 11.76 11.66 11.56 11.46 11.36 11.27 11.17 11.07 10.98 10.88 10.79 10.70 10.61 10.53 10.46 10.39 10.33 10.28 10.22 10.18 10.13
13.12 13.29 13.45 13.59 13.72 13.83 13.93 14.01 14.08 14.14 14.20 14.26 14.31 14.35 14.40 14.44 14.47 14.50 14.53 14.55 14.58 14.60 14.61 14.63 14.64 14.65 14.64 14.63 14.61 14.59 14.56 14.52 14.47 14.42 14.36 14.29 14.22 14.14 14.06 13.97 13.87 13.77 13.67 13.58 13.48 13.38 13.27 13.17 13.07 12.97 12.87 12.77 12.67 12.57 12.46 12.36 12.26 12.16 12.06 11.96 11.86 11.76 11.66 11.56 11.46 11.37 11.27 11.18 11.08 10.99 10.90 10.81 10.73 10.65 10.58 10.51 10.45 10.40 10.35
13.21 13.38 13.55 13.70 13.83 13.95 14.06 14.15 14.23 14.30 14.36 14.41 14.46 14.51 14.55 14.59 14.63 14.66 14.69 14.72 14.75 14.77 14.79 14.81 14.82 14.83 14.83 14.83 14.81 14.79 14.76 14.72 14.68 14.63 14.57 14.51 14.44 14.36 14.28 14.19 14.10 14.01 13.92 13.82 13.73 13.63 13.54 13.44 13.34 13.24 13.15 13.05 12.95 12.85 12.75 12.65 12.55 12.45 12.35 12.25 12.15 12.05 11.95 11.85 11.75 11.65 11.56 11.46 11.36 11.27 11.17 11.08 10.99 10.90 10.82 10.75 10.68 10.61 10.55
13.28 13.46 13.63 13.79 13.93 14.06 14.18 14.28 14.37 14.44 14.50 14.56 14.61 14.66 14.70 14.74 14.78 14.82 14.85 14.88 14.91 14.93 14.96 14.98 15.00 15.01 15.02 15.01 15.00 14.98 14.96 14.92 14.88 14.83 14.78 14.72 14.65 14.58 14.50 14.41 14.33 14.24 14.15 14.06 13.97 13.88 13.79 13.70 13.61 13.51 13.42 13.32 13.22 13.13 13.03 12.93 12.83 12.73 12.63 12.53 12.43 12.33 12.23 12.13 12.03 11.93 11.83 11.73 11.63 11.54 11.44 11.34 11.24 11.15 11.06 10.97 10.90 10.82 10.75
13.32 13.51 13.69 13.85 14.01 14.15 14.27 14.39 14.49 14.57 14.64 14.70 14.75 14.80 14.85 14.89 14.93 14.97 15.00 15.03 15.06 15.09 15.12 15.14 15.17 15.18 15.19 15.19 15.18 15.17 15.14 15.11 15.08 15.03 14.98 14.92 14.85 14.78 14.71 14.63 14.55 14.47 14.39 14.30 14.22 14.13 14.04 13.95 13.86 13.77 13.68 13.59 13.49 13.40 13.30 13.20 13.11 13.01 12.91 12.81 12.71 12.61 12.51 12.41 12.31 12.20 12.10 12.00 11.90 11.79 11.69 11.59 11.49 11.39 11.29 11.20 11.11 11.02 10.94
13.35 13.54 13.73 13.90 14.06 14.21 14.35 14.47 14.58 14.68 14.76 14.83 14.88 14.93 14.98 15.02 15.06 15.10 15.14 15.18 15.21 15.24 15.27 15.30 15.33 15.35 15.36 15.36 15.36 15.35 15.32 15.30 15.26 15.22 15.17 15.11 15.05 14.98 14.91 14.84 14.77 14.69 14.61 14.54 14.45 14.37 14.29 14.20 14.12 14.03 13.94 13.85 13.75 13.66 13.57 13.47 13.37 13.28 13.18 13.08 12.98 12.88 12.77 12.67 12.57 12.46 12.36 12.25 12.15 12.04 11.94 11.83 11.72 11.62 11.51 11.41 11.31 11.22 11.13
13.35 13.56 13.75 13.93 14.10 14.26 14.41 14.54 14.66 14.77 14.86 14.94 15.00 15.05 15.10 15.15 15.19 15.23 15.27 15.31 15.35 15.38 15.42 15.45 15.48 15.50 15.52 15.53 15.52 15.51 15.50 15.47 15.44 15.40 15.35 15.30 15.24 15.18 15.11 15.05 14.98 14.91 14.84 14.76 14.69 14.61 14.53 14.45 14.36 14.28 14.19 14.10 14.01 13.92 13.82 13.73 13.63 13.53 13.44 13.34 13.23 13.13 13.03 12.92 12.82 12.71 12.61 12.50 12.39 12.28 12.17 12.06 11.95 11.84 11.73 11.62 11.51 11.40 11.30
13.34 13.55 13.75 13.94 14.11 14.28 14.44 14.58 14.71 14.83 14.94 15.03 15.10 15.17 15.22 15.27 15.31 15.35 15.40 15.44 15.48 15.51 15.55 15.59 15.62 15.65 15.67 15.68 15.68 15.67 15.66 15.64 15.61 15.57 15.53 15.48 15.42 15.37 15.31 15.25 15.19 15.12 15.06 14.99 14.91 14.84 14.76 14.68 14.60 14.52 14.43 14.34 14.26 14.16 14.07 13.98 13.88 13.78 13.68 13.58 13.48 13.38 13.27 13.17 13.06 12.95 12.84 12.73 12.62 12.51 12.39 12.28 12.16 12.05 11.93 11.81 11.69 11.58 11.47
13.30 13.51 13.72 13.92 14.11 14.28 14.45 14.60 14.75 14.88 14.99 15.10 15.19 15.26 15.32 15.37 15.42 15.47 15.51 15.55 15.60 15.64 15.68 15.72 15.75 15.79 15.81 15.82 15.83 15.82 15.81 15.79 15.77 15.73 15.69 15.65 15.60 15.55 15.50 15.45 15.39 15.33 15.27 15.20 15.13 15.06 14.99 14.91 14.83 14.75 14.67 14.58 14.49 14.40 14.31 14.22 14.12 14.02 13.92 13.82 13.72 13.61 13.51 13.40 13.29 13.18 13.07 12.95 12.84 12.72 12.60 12.48 12.36 12.24 12.12 11.99 11.87 11.75 11.62
13.23 13.46 13.67 13.88 14.07 14.26 14.44 14.60 14.75 14.90 15.03 15.14 15.24 15.33 15.41 15.47 15.52 15.57 15.61 15.66 15.70 15.75 15.79 15.84 15.88 15.91 15.94 15.96 15.97 15.97 15.96 15.94 15.92 15.89 15.85 15.82 15.78 15.73 15.69 15.64 15.58 15.53 15.47 15.41 15.34 15.27 15.20 15.13 15.05 14.97 14.89 14.81 14.72 14.63 14.54 14.45 14.35 14.25 14.15 14.05 13.95 13.84 13.73 13.62 13.51 13.39 13.28 13.16 13.04 12.92 12.80 12.67 12.55 12.42 12.29 12.16 12.03 11.90 11.77
13.15 13.38 13.60 13.81 14.02 14.21 14.40 14.57 14.74 14.89 15.03 15.16 15.28 15.38 15.47 15.55 15.61 15.66 15.71 15.76 15.80 15.85 15.90 15.95 15.99 16.03 16.06 16.08 16.09 16.10 16.09 16.08 16.06 16.04 16.01 15.98 15.95 15.91 15.87 15.82 15.77 15.72 15.67 15.61 15.55 15.48 15.41 15.34 15.27 15.19 15.11 15.03 14.94 14.85 14.76 14.67 14.57 14.47 14.37 14.27 14.16 14.05 13.94 13.83 13.71 13.59 13.47 13.35 13.23 13.10 12.98 12.85 12.72 12.59 12.45 12.32 12.18 12.04 11.90
13.03 13.27 13.50 13.72 13.94 14.14 14.34 14.52 14.70 14.86 15.02 15.16 15.29 15.41 15.51 15.60 15.68 15.74 15.79 15.84 15.89 15.94 15.99 16.05 16.10 16.14 16.17 16.20 16.21 16.22 16.22 16.21 16.20 16.18 16.16 16.13 16.11 16.07 16.04 16.00 15.95 15.90 15.85 15.80 15.74 15.68 15.61 15.54 15.47 15.39 15.32 15.23 15.15 15.06 14.97 14.87 14.78 14.68 14.58 14.47 14.36 14.25 14.14 14.02 13.90 13.78 13.66 13.53 13.41 13.28 13.14 13.01 12.87 12.74 12.60 12.45 12.31 12.16 12.02
12.90 13.14 13.38 13.61 13.83 14.04 14.25 14.44 14.63 14.81 14.97 15.13 15.27 15.40 15.52 15.63 15.72 15.80 15.86 15.92 15.97 16.03 16.08 16.13 16.19 16.23 16.27 16.30 16.32 16.33 16.33 16.33 16.32 16.31 16.30 16.28 16.26 16.23 16.20 16.16 16.12 16.08 16.03 15.98 15.92 15.86 15.80 15.73 15.66 15.59 15.51 15.43 15.34 15.26 15.17 15.07 14.97 14.87 14.77 14.66 14.55 14.44 14.32 14.20 14.08 13.96 13.83 13.70 13.57 13.43 13.30 13.16 13.01 12.87 12.72 12.57 12.42 12.27 12.12
12.73 12.98 13.23 13.46 13.70 13.92 14.13 14.34 14.54 14.73 14.91 15.07 15.23 15.38 15.51 15.63 15.74 15.83 15.91 15.98 16.04 16.10 16.15 16.21 16.27 16.32 16.36 16.39 16.41 16.43 16.44 16.45 16.45 16.44 16.43 16.42 16.40 16.38 16.35 16.32 16.28 16.24 16.20 16.15 16.10 16.04 15.98 15.91 15.84 15.77 15.69 15.61 15.53 15.44 15.35 15.25 15.16 15.05 14.95 14.84 14.73 14.61 14.49 14.37 14.24 14.12 13.98 13.85 13.71 13.57 13.43 13.29 13.14 12.99 12.83 12.68 12.52 12.36 12.20
12.54 12.80 13.05 13.30 13.54 13.77 13.99 14.21 14.42 14.62 14.81 14.99 15.16 15.32 15.47 15.61 15.73 15.84 15.94 16.02 16.09 16.16 16.22 16.28 16.34 16.39 16.44 16.47 16.50 16.52 16.54 16.55 16.56 16.56 16.56 16.55 16.54 16.52 16.50 16.47 16.44 16.40 16.36 16.31 16.26 16.21 16.15 16.08 16.01 15.94 15.87 15.79 15.70 15.61 15.52 15.42 15.32 15.22 15.11 15.00 14.89 14.77 14.65 14.52 14.39 14.26 14.12 13.98 13.84 13.70 13.55 13.40 13.24 13.09 12.93 12.77 12.60 12.43 12.26
12.32 12.59 12.84 13.10 13.35 13.59 13.82 14.05 14.27 14.49 14.69 14.88 15.07 15.24 15.40 15.56 15.70 15.82 15.94 16.04 16.13 16.20 16.27 16.33 16.40 16.46 16.50 16.55 16.58 16.61 16.63 16.65 16.66 16.67 16.67 16.67 16.66 16.65 16.63 16.61 16.58 16.54 16.50 16.46 16.41 16.36 16.30 16.24 16.17 16.10 16.02 15.94 15.86 15.77 15.68 15.58 15.48 15.37 15.26 15.15 15.03 14.91 14.78 14.66 14.52 14.39 14.25 14.10 13.96 13.81 13.65 13.49 13.33 13.17 13.00 12.83 12.66 12.48 12.31
12.07 12.34 12.61 12.87 13.13 13.38 13.63 13.87 14.10 14.32 14.54 14.74 14.94 15.13 15.31 15.47 15.63 15.78 15.91 16.03 16.13 16.23 16.30 16.38 16.44 16.51 16.56 16.61 16.65 16.69 16.72 16.74 16.76 16.77 16.78 16.78 16.78 16.77 16.75 16.73 16.71 16.68 16.64 16.60 16.55 16.50 16.44 16.38 16.32 16.25 16.17 16.09 16.00 15.91 15.82 15.72 15.62 15.51 15.40 15.28 15.16 15.04 14.91 14.78 14.64 14.50 14.35 14.20 14.05 13.90 13.74 13.57 13.40 13.23 13.06 12.88 12.70 12.52 12.33
11.80 12.08 12.35 12.62 12.89 13.15 13.40 13.65 13.89 14.13 14.36 14.58 14.79 14.99 15.18 15.37 15.54 15.70 15.85 15.99 16.11 16.22 16.32 16.40 16.48 16.55 16.61 16.66 16.71 16.75 16.79 16.82 16.84 16.86 16.87 16.88 16.88 16.87 16.86 16.85 16.82 16.80 16.76 16.72 16.68 16.63 16.57 16.51 16.45 16.38 16.30 16.22 16.13 16.04 15.95 15.85 15.74 15.63 15.52 15.40 15.28 15.15 15.01 14.88 14.74 14.59 14.44 14.29 14.13 13.97 13.80 13.63 13.46 13.28 13.10 12.91 12.72 12.53 12.33
11.50 11.78 12.06 12.34 12.62 12.89 13.15 13.41 13.66 13.91 14.15 14.38 14.61 14.82 15.03 15.23 15.42 15.59 15.76 15.92 16.06 16.19 16.31 16.41 16.50 16.58 16.64 16.71 16.76 16.81 16.85 16.89 16.92 16.94 16.96 16.97 16.97 16.97 16.96 16.95 16.93 16.90 16.87 16.83 16.79 16.74 16.69 16.63 16.56 16.49 16.42 16.34 16.25 16.16 16.06 15.96 15.85 15.74 15.62 15.50 15.37 15.24 15.10 14.96 14.82 14.67 14.51 14.35 14.19 14.02 13.85 13.67 13.49 13.30 13.11 12.92 12.72 12.52 12.32
11.18 11.47 11.76 12.05 12.33 12.61 12.88 13.15 13.42 13.68 13.93 14.17 14.41 14.64 14.86 15.07 15.28 15.47 15.65 15.82 15.98 16.13 16.27 16.39 16.50 16.59 16.67 16.73 16.80 16.85 16.90 16.94 16.97 17.00 17.02 17.04 17.05 17.05 17.04 17.03 17.02 16.99 16.96 16.93 16.89 16.84 16.79 16.73 16.66 16.59 16.51 16.43 16.34 16.25 16.15 16.05 15.94 15.82 15.70 15.58 15.45 15.31 15.17 15.02 14.87 14.72 14.56 14.39 14.22 14.05 13.87 13.69 13.50 13.30 13.11 12.91 12.70 12.49 12.28
10.86 11.16 11.45 11.75 12.04 12.32 12.60 12.88 13.16 13.43 13.69 13.94 14.19 14.44 14.67 14.90 15.12 15.32 15.52 15.71 15.89 16.05 16.21 16.35 16.47 16.58 16.67 16.75 16.82 16.88 16.93 16.98 17.02 17.05 17.07 17.09 17.11 17.11 17.11 17.10 17.09 17.07 17.04 17.00 16.96 16.92 16.86 16.81 16.74 16.67 16.59 16.51 16.42 16.33 16.22 16.12 16.01 15.89 15.76 15.64 15.50 15.36 15.22 15.07 14.91 14.75 14.58 14.41 14.24 14.06 13.87 13.68 13.48 13.28 13.08 12.87 12.65 12.44 12.21
10.53 10.83 11.13 11.43 11.73 12.02 12.31 12.60 12.88 13.16 13.44 13.70 13.96 14.22 14.47 14.71 14.94 15.16 15.37 15.58 15.77 15.95 16.12 16.28 16.43 16.55 16.66 16.75 16.82 16.89 16.95 17.00 17.04 17.08 17.11 17.13 17.15 17.16 17.16 17.15 17.14 17.12 17.10 17.06 17.02 16.98 16.93 16.87 16.80 16.73 16.65 16.57 16.48 16.38 16.28 16.17 16.05 15.93 15.81 15.67 15.54 15.39 15.24 15.09 14.93 14.76 14.59 14.41 14.23 14.04 13.85 13.65 13.45 13.24 13.03 12.81 12.58 12.36 12.12
10.20 10.50 10.81 11.11 11.42 11.72 12.01 12.31 12.60 12.89 13.17 13.45 13.72 13.98 14.24 14.50 14.74 14.98 15.20 15.42 15.63 15.83 16.02 16.19 16.35 16.50 16.62 16.73 16.81 16.89 16.95 17.01 17.05 17.10 17.13 17.16 17.17 17.19 17.19 17.19 17.18 17.16 17.13 17.10 17.07 17.02 16.97 16.91 16.84 16.77 16.69 16.61 16.51 16.42 16.31 16.20 16.08 15.96 15.83 15.69 15.55 15.40 15.25 15.09 14.92 14.75 14.57 14.39 14.20 14.00 13.80 13.60 13.39 13.17 12.95 12.72 12.49 12.25 12.01
9.86 10.17 10.48 10.79 11.09 11.40 11.70 12.01 12.30 12.60 12.89 13.18 13.46 13.74 14.01 14.27 14.53 14.78 15.02 15.25 15.47 15.69 15.89 16.08 16.26 16.42 16.56 16.68 16.78 16.87 16.94 17.00 17.05 17.09 17.13 17.16 17.18 17.20 17.20 17.20 17.20 17.18 17.16 17.13 17.09 17.04 16.99 16.93 16.87 16.79 16.71 16.63 16.53 16.43 16.33 16.21 16.09 15.96 15.83 15.69 15.54 15.39 15.23 15.07 14.89 14.72 14.53 14.34 14.15 13.95 13.74 13.53 13.31 13.08 12.85 12.62 12.37 12.13 11.87
9.52 9.83 10.14 10.45 10.76 11.08 11.39 11.69 12.00 12.30 12.60 12.90 13.19 13.47 13.76 14.03 14.30 14.56 14.81 15.06 15.30 15.52 15.74 15.94 16.14 16.31 16.47 16.61 16.73 16.82 16.91 16.97 17.03 17.08 17.12 17.15 17.18 17.19 17.20 17.20 17.20 17.18 17.16 17.13 17.10 17.05 17.00 16.94 16.87 16.80 16.72 16.63 16.53 16.43 16.32 16.20 16.08 15.95 15.81 15.67 15.52 15.36 15.19 15.02 14.85 14.66 14.47 14.28 14.07 13.86 13.65 13.43 13.20 12.97 12.73 12.48 12.23 11.98 11.71
9.17 9.48 9.80 10.11 10.43 10.74 11.06 11.37 11.68 11.99 12.30 12.60 12.90 13.20 13.49 13.78 14.06 14.33 14.59 14.85 15.10 15.34 15.57 15.79 16.00 16.19 16.36 16.51 16.65 16.76 16.85 16.93 16.99 17.05 17.09 17.13 17.15 17.17 17.19 17.19 17.18 17.17 17.15 17.12 17.08 17.04 16.99 16.93 16.86 16.78 16.70 16.61 16.51 16.41 16.29 16.17 16.05 15.91 15.77 15.62 15.47 15.30 15.14 14.96 14.78 14.59 14.39 14.19 13.98 13.76 13.54 13.31 13.07 12.83 12.58 12.33 12.07 11.80 11.53
8.82 9.13 9.45 9.77 10.09 10.40 10.72 11.04 11.36 11.68 11.99 12.30 12.61 12.91 13.21 13.51 13.80 14.08 14.36 14.63 14.89 15.14 15.38 15.62 15.84 16.04 16.23 16.40 16.54 16.67 16.78 16.87 16.94 17.00 17.05 17.08 17.12 17.14 17.15 17.16 17.15 17.14 17.12 17.09 17.05 17.01 16.96 16.90 16.83 16.75 16.67 16.57 16.47 16.37 16.25 16.13 16.00 15.86 15.71 15.56 15.40 15.23 15.06 14.87 14.69 14.49 14.29 14.08 13.86 13.64 13.40 13.17 12.92 12.67 12.42 12.15 11.88 11.61 11.32
8.46 8.78 9.10 9.42 9.74 10.06 10.38 10.71 11.03 11.35 11.67 11.99 12.30 12.61 12.92 13.23 13.52 13.82 14.10 14.38 14.66 14.92 15.18 15.42 15.66 15.88 16.08 16.26 16.42 16.56 16.68 16.78 16.87 16.93 16.98 17.03 17.06 17.08 17.10 17.11 17.10 17.09 17.07 17.04 17.01 16.96 16.91 16.85 16.78 16.70 16.61 16.52 16.41 16.30 16.19 16.06 15.92 15.78 15.63 15.47 15.31 15.14 14.96 14.77 14.57 14.37 14.16 13.94 13.72 13.49 13.25 13.00 12.75 12.49 12.22 11.95 11.67 11.39 11.10
8.11 8.42 8.74 9.06 9.39 9.71 10.04 10.36 10.69 11.02 11.34 11.66 11.99 12.30 12.62 12.93 13.24 13.54 13.84 14.13 14.41 14.68 14.95 15.21 15.46 15.69 15.91 16.10 16.27 16.42 16.56 16.67 16.77 16.85 16.91 16.95 16.99 17.01 17.03 17.04 17.04 17.03 17.01 16.98 16.94 16.90 16.84 16.78 16.71 16.63 16.54 16.44 16.34 16.22 16.10 15.97 15.83 15.69 15.53 15.37 15.20 15.02 14.83 14.64 14.44 14.23 14.01 13.79 13.56 13.32 13.07 12.82 12.55 12.29 12.01 11.73 11.44 11.15 10.87
7.75 8.07 8.39 8.71 9.03 9.36 9.69 10.02 10.35 10.68 11.00 11.33 11.66 11.99 12.31 12.63 12.94 13.25 13.55 13.85 14.15 14.43 14.71 14.98 15.25 15.49 15.71 15.92 16.10 16.27 16.41 16.54 16.65 16.74 16.81 16.86 16.90 16.93 16.95 16.95 16.95 16.94 16.93 16.90 16.86 16.81 16.76 16.69 16.62 16.54 16.45 16.35 16.24 16.12 16.00 15.86 15.72 15.57 15.41 15.24 15.07 14.88 14.69 14.49 14.28 14.07 13.84 13.61 13.37 13.12 12.87 12.61 12.34 12.06 11.77 11.48 11.19 10.90 10.62
7.40 7.71 8.03 8.35 8.67 9.00 9.33 9.66 10.00 10.33 10.66 11.00 11.33 11.66 11.98 12.31 12.63 12.95 13.26 13.57 13.87 14.17 14.46 14.74 15.01 15.27 15.50 15.72 15.92 16.09 16.25 16.39 16.51 16.61 16.69 16.75 16.79 16.82 16.84 16.85 16.85 16.84 16.83 16.80 16.76 16.71 16.66 16.59 16.52 16.43 16.34 16.24 16.12 16.00 15.88 15.74 15.59 15.44 15.27 15.10 14.92 14.73 14.53 14.32 14.11 13.89 13.65 13.41 13.17 12.91 12.65 12.37 12.10 11.81 11.51 11.22 10.93 10.65 10.36
7.04 7.36 7.67 7.99 8.32 8.64 8.97 9.31 9.64 9.98 10.31 10.65 10.99 11.32 11.65 11.98 12.31 12.63 12.95 13.27 13.58 13.89 14.19 14.48 14.76 15.03 15.28 15.50 15.71 15.90 16.06 16.21 16.34 16.45 16.54 16.61 16.67 16.70 16.73 16.74 16.74 16.73 16.71 16.68 16.64 16.59 16.54 16.47 16.39 16.31 16.21 16.10 15.99 15.87 15.73 15.59 15.44 15.28 15.11 14.93 14.75 14.55 14.35 14.13 13.91 13.68 13.44 13.19 12.94 12.67 12.40 12.12 11.83 11.54 11.24 10.95 10.66 10.38 10.10
6.69 7.00 7.31 7.63 7.96 8.28 8.61 8.95 9.28 9.62 9.96 10.30 10.64 10.97 11.31 11.65 11.98 12.31 12.64 12.96 13.28 13.59 13.90 14.20 14.50 14.78 15.03 15.27 15.49 15.68 15.86 16.02 16.15 16.27 16.37 16.46 16.52 16.56 16.59 16.60 16.60 16.59 16.58 16.55 16.51 16.46 16.40 16.33 16.25 16.16 16.06 15.95 15.84 15.71 15.57 15.43 15.27 15.10 14.93 14.75 14.55 14.35 14.14 13.92 13.69 13.45 13.21 12.95 12.69 12.42 12.13 11.84 11.55 11.25 10.96 10.67 10.38 10.10 9.82
6.34 6.65 6.96 7.27 7.59 7.92 8.25 8.58 8.92 9.26 9.60 9.94 10.28 10.62 10.96 11.30 11.64 11.97 12.31 12.64 12.96 13.28 13.60 13.91 14.22 14.51 14.77 15.02 15.24 15.45 15.64 15.80 15.95 16.08 16.19 16.28 16.35 16.40 16.43 16.45 16.45 16.44 16.42 16.39 16.35 16.30 16.24 16.17 16.09 16.00 15.90 15.78 15.66 15.53 15.39 15.24 15.08 14.91 14.73 14.54 14.34 14.13 13.92 13.69 13.45 13.21 12.95 12.69 12.42 12.13 11.84 11.55 11.25 10.95 10.66 10.38 10.09 9.81 9.54
