data_output/RCH/Precip_1987_10.asc
ncols        168
nrows        136
xllcorner    455000
yllcorner    2107000
cellsize     500
NODATA_value     -99999
[rows 0 to 36 of 136, columns 83 to 165 of 168]
0.03 0.03 0.02 0.02 0.01 0.01 0.01 0.00 0.00 0.00 0.00 0.00 0.00 0.00 0.00 0.00 0.00 0.00 0.00 0.00 0.00 0.00 0.00 0.00 0.00 0.00 0.00 0.00 0.00 0.00 0.00 0.00 0.00 0.00 0.00 0.01 0.03 0.05 0.07 0.09 0.12 0.14 0.17 0.20 0.23 0.26 0.29 0.32 0.35 0.37 0.36 0.31 0.22 0.10 0.00 0.00 0.00 0.00 0.00 0.00 0.00 0.00 0.00 0.00 0.00 0.00 0.00 0.00 0.00 0.00 0.00 0.00 0.00 0.00 0.00 0.00 0.00 0.00 0.00 0.00 0.00 0.00 0.00
0.03 0.03 0.02 0.02 0.02 0.01 0.01 0.00 0.00 0.00 0.00 0.00 0.00 0.00 0.00 0.00 0.00 0.00 0.00 0.00 0.00 0.00 0.00 0.00 0.00 0.00 0.00 0.00 0.00 0.00 0.00 0.00 0.00 0.00 0.01 0.03 0.05 0.07 0.09 0.11 0.14 0.17 0.20 0.23 0.26 0.29 0.32 0.35 0.38 0.40 0.39 0.34 0.26 0.14 0.00 0.00 0.00 0.00 0.00 0.00 0.00 0.00 0.00 0.00 0.00 0.00 0.00 0.00 0.00 0.00 0.00 0.00 0.00 0.00 0.00 0.00 0.00 0.00 0.00 0.00 0.00 0.00 0.00
0.03 0.03 0.02 0.02 0.02 0.01 0.01 0.00 0.00 0.00 0.00 0.00 0.00 0.00 0.00 0.00 0.00 0.00 0.00 0.00 0.00 0.00 0.00 0.00 0.00 0.00 0.00 0.00 0.00 0.00 0.00 0.00 0.00 0.01 0.03 0.04 0.07 0.09 0.11 0.14 0.17 0.20 0.23 0.26 0.29 0.32 0.35 0.38 0.42 0.44 0.43 0.38 0.30 0.18 0.04 0.00 0.00 0.00 0.00 0.00 0.00 0.00 0.00 0.00 0.00 0.00 0.00 0.00 0.00 0.00 0.00 0.00 0.00 0.00 0.00 0.00 0.00 0.00 0.00 0.00 0.00 0.00 0.00
0.03 0.03 0.02 0.02 0.02 0.01 0.01 0.00 0.00 0.00 0.00 0.00 0.00 0.00 0.00 0.00 0.00 0.00 0.00 0.00 0.00 0.00 0.00 0.00 0.00 0.00 0.00 0.00 0.00 0.00 0.00 0.00 0.01 0.02 0.04 0.06 0.09 0.11 0.14 0.17 0.19 0.22 0.26 0.29 0.32 0.35 0.38 0.42 0.45 0.47 0.46 0.41 0.33 0.22 0.09 0.00 0.00 0.00 0.00 0.00 0.00 0.00 0.00 0.00 0.00 0.00 0.00 0.00 0.00 0.00 0.00 0.00 0.00 0.00 0.00 0.00 0.00 0.00 0.00 0.00 0.00 0.00 0.00
0.03 0.03 0.02 0.02 0.02 0.01 0.01 0.01 0.00 0.00 0.00 0.00 0.00 0.00 0.00 0.00 0.00 0.00 0.00 0.00 0.00 0.00 0.00 0.00 0.00 0.00 0.00 0.00 0.00 0.00 0.00 0.01 0.02 0.04 0.06 0.09 0.11 0.14 0.16 0.19 0.22 0.25 0.29 0.32 0.35 0.38 0.42 0.45 0.48 0.50 0.49 0.45 0.37 0.27 0.13 0.00 0.00 0.00 0.00 0.00 0.00 0.00 0.00 0.00 0.00 0.00 0.00 0.00 0.00 0.00 0.00 0.00 0.00 0.00 0.00 0.00 0.00 0.00 0.00 0.00 0.00 0.00 0.00
0.03 0.03 0.03 0.02 0.02 0.01 0.01 0.01 0.00 0.00 0.00 0.00 0.00 0.00 0.00 0.00 0.00 0.00 0.00 0.00 0.00 0.00 0.00 0.00 0.00 0.00 0.00 0.00 0.00 0.00 0.01 0.02 0.04 0.06 0.08 0.11 0.13 0.16 0.19 0.22 0.25 0.28 0.32 0.35 0.38 0.42 0.45 0.48 0.51 0.53 0.52 0.48 0.41 0.30 0.17 0.02 0.00 0.00 0.00 0.00 0.00 0.00 0.00 0.00 0.00 0.00 0.00 0.00 0.00 0.00 0.00 0.00 0.00 0.00 0.00 0.00 0.00 0.00 0.00 0.00 0.00 0.00 0.00
0.03 0.03 0.03 0.02 0.02 0.01 0.01 0.01 0.00 0.00 0.00 0.00 0.00 0.00 0.00 0.00 0.00 0.00 0.00 0.00 0.00 0.00 0.00 0.00 0.00 0.00 0.00 0.00 0.00 0.00 0.02 0.04 0.06 0.08 0.11 0.13 0.16 0.19 0.22 0.25 0.28 0.32 0.35 0.38 0.41 0.45 0.48 0.51 0.54 0.56 0.55 0.51 0.44 0.34 0.22 0.07 0.00 0.00 0.00 0.00 0.00 0.00 0.00 0.00 0.00 0.00 0.00 0.00 0.00 0.00 0.00 0.00 0.00 0.00 0.00 0.00 0.00 0.00 0.00 0.00 0.00 0.00 0.00
0.03 0.03 0.03 0.02 0.02 0.01 0.01 0.01 0.00 0.00 0.00 0.00 0.00 0.00 0.00 0.00 0.00 0.00 0.00 0.00 0.00 0.00 0.00 0.00 0.00 0.00 0.00 0.00 0.00 0.02 0.04 0.06 0.08 0.11 0.13 0.16 0.19 0.22 0.25 0.28 0.32 0.35 0.38 0.41 0.45 0.48 0.51 0.54 0.57 0.59 0.58 0.54 0.48 0.38 0.26 0.11 0.00 0.00 0.00 0.00 0.00 0.00 0.00 0.00 0.00 0.00 0.00 0.00 0.00 0.00 0.00 0.00 0.00 0.00 0.00 0.00 0.00 0.00 0.00 0.00 0.00 0.00 0.00
0.03 0.03 0.03 0.02 0.02 0.01 0.01 0.01 0.00 0.00 0.00 0.00 0.00 0.00 0.00 0.00 0.00 0.00 0.00 0.00 0.00 0.00 0.00 0.00 0.00 0.00 0.00 0.00 0.02 0.04 0.06 0.08 0.10 0.13 0.16 0.19 0.22 0.25 0.28 0.31 0.35 0.38 0.41 0.45 0.48 0.51 0.54 0.57 0.60 0.62 0.61 0.57 0.51 0.41 0.30 0.16 0.00 0.00 0.00 0.00 0.00 0.00 0.00 0.00 0.00 0.00 0.00 0.00 0.00 0.00 0.00 0.00 0.00 0.00 0.00 0.00 0.00 0.00 0.00 0.00 0.00 0.00 0.00
0.03 0.03 0.03 0.02 0.02 0.01 0.01 0.01 0.00 0.00 0.00 0.00 0.00 0.00 0.00 0.00 0.00 0.00 0.00 0.00 0.00 0.00 0.00 0.00 0.00 0.00 0.00 0.02 0.04 0.06 0.08 0.10 0.13 0.16 0.19 0.22 0.25 0.28 0.31 0.35 0.38 0.41 0.45 0.48 0.51 0.54 0.57 0.60 0.63 0.65 0.64 0.60 0.54 0.45 0.33 0.20 0.04 0.00 0.00 0.00 0.00 0.00 0.00 0.00 0.00 0.00 0.00 0.00 0.00 0.00 0.00 0.00 0.00 0.00 0.00 0.00 0.00 0.00 0.00 0.00 0.00 0.00 0.00
0.03 0.03 0.03 0.02 0.02 0.02 0.01 0.01 0.00 0.00 0.00 0.00 0.00 0.00 0.00 0.00 0.00 0.00 0.00 0.00 0.00 0.00 0.00 0.00 0.00 0.00 0.02 0.04 0.06 0.08 0.10 0.13 0.16 0.19 0.22 0.25 0.28 0.31 0.35 0.38 0.41 0.45 0.48 0.51 0.54 0.57 0.60 0.63 0.66 0.67 0.67 0.63 0.57 0.48 0.37 0.24 0.09 0.00 0.00 0.00 0.00 0.00 0.00 0.00 0.00 0.00 0.00 0.00 0.00 0.00 0.00 0.00 0.00 0.00 0.00 0.00 0.00 0.00 0.00 0.00 0.00 0.00 0.00
0.03 0.03 0.03 0.02 0.02 0.02 0.01 0.01 0.00 0.00 0.00 0.00 0.00 0.00 0.00 0.00 0.00 0.00 0.00 0.00 0.00 0.00 0.00 0.00 0.01 0.02 0.04 0.06 0.08 0.10 0.13 0.16 0.19 0.22 0.25 0.28 0.31 0.34 0.38 0.41 0.45 0.48 0.51 0.54 0.57 0.60 0.63 0.66 0.68 0.70 0.69 0.65 0.59 0.51 0.40 0.28 0.13 0.00 0.00 0.00 0.00 0.00 0.00 0.00 0.00 0.00 0.00 0.00 0.00 0.00 0.00 0.00 0.00 0.00 0.00 0.00 0.00 0.00 0.00 0.00 0.00 0.00 0.00
0.03 0.03 0.03 0.02 0.02 0.02 0.01 0.01 0.01 0.00 0.00 0.00 0.00 0.00 0.00 0.00 0.00 0.00 0.00 0.00 0.00 0.00 0.00 0.01 0.02 0.04 0.06 0.08 0.10 0.13 0.16 0.19 0.22 0.25 0.28 0.31 0.34 0.38 0.41 0.44 0.48 0.51 0.54 0.57 0.60 0.63 0.66 0.68 0.71 0.72 0.71 0.68 0.62 0.53 0.43 0.31 0.17 0.02 0.00 0.00 0.00 0.00 0.00 0.00 0.00 0.00 0.00 0.00 0.00 0.00 0.00 0.00 0.00 0.00 0.00 0.00 0.00 0.00 0.00 0.00 0.00 0.00 0.00
0.03 0.03 0.03 0.02 0.02 0.02 0.01 0.01 0.01 0.00 0.00 0.00 0.00 0.00 0.00 0.00 0.00 0.00 0.00 0.00 0.00 0.00 0.01 0.02 0.04 0.06 0.08 0.10 0.13 0.16 0.19 0.22 0.25 0.28 0.31 0.34 0.38 0.41 0.44 0.48 0.51 0.54 0.57 0.60 0.63 0.66 0.68 0.71 0.73 0.74 0.73 0.70 0.64 0.56 0.46 0.34 0.21 0.06 0.00 0.00 0.00 0.00 0.00 0.00 0.00 0.00 0.00 0.00 0.00 0.00 0.00 0.00 0.00 0.00 0.00 0.00 0.00 0.00 0.00 0.00 0.00 0.00 0.00
0.03 0.03 0.03 0.02 0.02 0.02 0.01 0.01 0.01 0.00 0.00 0.00 0.00 0.00 0.00 0.00 0.00 0.00 0.00 0.00 0.00 0.01 0.02 0.04 0.06 0.08 0.10 0.13 0.16 0.19 0.22 0.25 0.28 0.31 0.34 0.38 0.41 0.44 0.48 0.51 0.54 0.57 0.60 0.63 0.66 0.69 0.71 0.73 0.75 0.76 0.75 0.72 0.66 0.58 0.48 0.37 0.24 0.10 0.00 0.00 0.00 0.00 0.00 0.00 0.00 0.00 0.00 0.00 0.00 0.00 0.00 0.00 0.00 0.00 0.00 0.00 0.00 0.00 0.00 0.00 0.00 0.00 0.00
0.03 0.03 0.03 0.02 0.02 0.02 0.01 0.01 0.01 0.00 0.00 0.00 0.00 0.00 0.00 0.00 0.00 0.00 0.00 0.00 0.01 0.03 0.04 0.06 0.08 0.11 0.13 0.16 0.19 0.22 0.25 0.28 0.31 0.34 0.38 0.41 0.44 0.48 0.51 0.54 0.57 0.60 0.63 0.66 0.69 0.71 0.73 0.75 0.77 0.78 0.77 0.73 0.68 0.60 0.51 0.40 0.27 0.14 0.00 0.00 0.00 0.00 0.00 0.00 0.00 0.00 0.00 0.00 0.00 0.00 0.00 0.00 0.00 0.00 0.00 0.00 0.00 0.00 0.00 0.00 0.00 0.00 0.00
0.03 0.03 0.03 0.02 0.02 0.02 0.01 0.01 0.01 0.00 0.00 0.00 0.00 0.00 0.00 0.00 0.00 0.00 0.00 0.01 0.03 0.04 0.06 0.08 0.11 0.13 0.16 0.19 0.22 0.25 0.28 0.31 0.34 0.38 0.41 0.44 0.48 0.51 0.54 0.57 0.60 0.63 0.66 0.69 0.71 0.73 0.75 0.77 0.79 0.79 0.78 0.75 0.69 0.62 0.52 0.42 0.30 0.17 0.03 0.00 0.00 0.00 0.00 0.00 0.00 0.00 0.00 0.00 0.00 0.00 0.00 0.00 0.00 0.00 0.00 0.00 0.00 0.00 0.00 0.00 0.00 0.00 0.00
0.03 0.03 0.03 0.02 0.02 0.02 0.01 0.01 0.01 0.00 0.00 0.00 0.00 0.00 0.00 0.00 0.00 0.01 0.02 0.03 0.05 0.06 0.09 0.11 0.13 0.16 0.19 0.22 0.25 0.28 0.31 0.34 0.38 0.41 0.44 0.48 0.51 0.54 0.57 0.60 0.63 0.66 0.69 0.71 0.74 0.76 0.77 0.79 0.80 0.81 0.79 0.76 0.70 0.63 0.54 0.44 0.32 0.20 0.07 0.00 0.00 0.00 0.00 0.00 0.00 0.00 0.00 0.00 0.00 0.00 0.00 0.00 0.00 0.00 0.00 0.00 0.00 0.00 0.00 0.00 0.00 0.00 0.00
0.03 0.03 0.03 0.02 0.02 0.02 0.01 0.01 0.01 0.00 0.00 0.00 0.00 0.00 0.00 0.00 0.01 0.02 0.03 0.05 0.07 0.09 0.11 0.14 0.16 0.19 0.22 0.25 0.28 0.31 0.35 0.38 0.41 0.44 0.48 0.51 0.54 0.57 0.61 0.63 0.66 0.69 0.71 0.74 0.76 0.78 0.79 0.80 0.81 0.82 0.80 0.76 0.71 0.64 0.55 0.45 0.34 0.22 0.10 0.00 0.00 0.00 0.00 0.00 0.00 0.00 0.00 0.00 0.00 0.00 0.00 0.00 0.00 0.00 0.00 0.00 0.00 0.00 0.00 0.00 0.00 0.00 0.00
0.03 0.03 0.03 0.02 0.02 0.02 0.01 0.01 0.01 0.00 0.00 0.00 0.00 0.00 0.00 0.01 0.02 0.03 0.05 0.07 0.09 0.11 0.14 0.16 0.19 0.22 0.25 0.28 0.31 0.35 0.38 0.41 0.45 0.48 0.51 0.54 0.58 0.61 0.64 0.66 0.69 0.71 0.74 0.76 0.78 0.79 0.81 0.82 0.82 0.82 0.81 0.77 0.71 0.64 0.56 0.46 0.36 0.25 0.12 0.00 0.00 0.00 0.00 0.00 0.00 0.00 0.00 0.00 0.00 0.00 0.00 0.00 0.00 0.00 0.00 0.00 0.00 0.00 0.00 0.00 0.00 0.00 0.00
0.03 0.03 0.03 0.02 0.02 0.02 0.01 0.01 0.01 0.00 0.00 0.00 0.00 0.00 0.01 0.02 0.04 0.05 0.07 0.09 0.11 0.14 0.16 0.19 0.22 0.25 0.28 0.31 0.35 0.38 0.41 0.45 0.48 0.51 0.54 0.58 0.61 0.64 0.66 0.69 0.72 0.74 0.76 0.78 0.80 0.81 0.82 0.83 0.83 0.83 0.81 0.77 0.71 0.65 0.56 0.47 0.37 0.26 0.15 0.03 0.00 0.00 0.00 0.00 0.00 0.00 0.00 0.00 0.00 0.00 0.00 0.00 0.00 0.00 0.00 0.00 0.00 0.00 0.00 0.00 0.00 0.00 0.00
0.03 0.03 0.03 0.02 0.02 0.02 0.01 0.01 0.01 0.00 0.00 0.00 0.01 0.01 0.03 0.04 0.05 0.07 0.09 0.12 0.14 0.17 0.19 0.22 0.25 0.28 0.32 0.35 0.38 0.41 0.45 0.48 0.51 0.55 0.58 0.61 0.64 0.67 0.69 0.72 0.74 0.76 0.78 0.80 0.81 0.82 0.83 0.83 0.84 0.83 0.81 0.77 0.71 0.64 0.56 0.47 0.38 0.27 0.16 0.05 0.00 0.00 0.00 0.00 0.00 0.00 0.00 0.00 0.00 0.00 0.00 0.00 0.00 0.00 0.00 0.00 0.00 0.00 0.00 0.00 0.00 0.00 0.00
0.03 0.03 0.03 0.02 0.02 0.02 0.01 0.01 0.01 0.00 0.01 0.01 0.02 0.03 0.04 0.06 0.07 0.10 0.12 0.14 0.17 0.20 0.23 0.26 0.29 0.32 0.35 0.38 0.42 0.45 0.48 0.51 0.55 0.58 0.61 0.64 0.67 0.69 0.72 0.74 0.76 0.78 0.80 0.81 0.82 0.83 0.84 0.84 0.84 0.83 0.80 0.76 0.71 0.64 0.56 0.47 0.38 0.28 0.18 0.07 0.00 0.00 0.00 0.00 0.00 0.00 0.00 0.00 0.00 0.00 0.00 0.00 0.00 0.00 0.00 0.00 0.00 0.00 0.00 0.00 0.00 0.00 0.00
0.03 0.03 0.03 0.02 0.02 0.02 0.01 0.01 0.01 0.01 0.01 0.02 0.03 0.04 0.06 0.08 0.10 0.12 0.14 0.17 0.20 0.23 0.26 0.29 0.32 0.35 0.38 0.42 0.45 0.48 0.52 0.55 0.58 0.61 0.64 0.67 0.69 0.72 0.74 0.76 0.78 0.80 0.81 0.83 0.83 0.84 0.84 0.84 0.83 0.82 0.79 0.75 0.70 0.63 0.55 0.47 0.38 0.28 0.19 0.09 0.00 0.00 0.00 0.00 0.00 0.00 0.00 0.00 0.00 0.00 0.00 0.00 0.00 0.00 0.00 0.00 0.00 0.00 0.00 0.00 0.00 0.00 0.00
0.03 0.03 0.02 0.02 0.02 0.01 0.01 0.01 0.01 0.01 0.02 0.03 0.05 0.06 0.08 0.10 0.12 0.15 0.17 0.20 0.23 0.26 0.29 0.32 0.35 0.39 0.42 0.45 0.49 0.52 0.55 0.58 0.61 0.64 0.67 0.70 0.72 0.75 0.77 0.79 0.80 0.82 0.83 0.84 0.84 0.84 0.84 0.84 0.83 0.81 0.78 0.74 0.68 0.61 0.54 0.46 0.37 0.28 0.19 0.10 0.01 0.00 0.00 0.00 0.00 0.00 0.00 0.00 0.00 0.00 0.00 0.00 0.00 0.00 0.00 0.00 0.00 0.00 0.00 0.00 0.00 0.00 0.00
0.03 0.03 0.02 0.02 0.02 0.01 0.01 0.01 0.02 0.02 0.03 0.05 0.06 0.08 0.10 0.12 0.15 0.17 0.20 0.23 0.26 0.29 0.32 0.36 0.39 0.42 0.45 0.49 0.52 0.55 0.58 0.61 0.64 0.67 0.70 0.72 0.75 0.77 0.79 0.80 0.82 0.83 0.84 0.85 0.85 0.85 0.84 0.83 0.82 0.80 0.77 0.72 0.66 0.60 0.52 0.44 0.36 0.27 0.19 0.10 0.02 0.00 0.00 0.00 0.00 0.00 0.00 0.00 0.00 0.00 0.00 0.00 0.00 0.00 0.00 0.00 0.00 0.00 0.00 0.00 0.00 0.00 0.00
0.03 0.03 0.02 0.02 0.02 0.02 0.02 0.02 0.03 0.04 0.05 0.07 0.08 0.10 0.13 0.15 0.18 0.20 0.23 0.26 0.29 0.33 0.36 0.39 0.42 0.46 0.49 0.52 0.55 0.59 0.62 0.65 0.67 0.70 0.73 0.75 0.77 0.79 0.81 0.82 0.83 0.84 0.85 0.85 0.85 0.84 0.84 0.82 0.81 0.78 0.75 0.70 0.64 0.57 0.50 0.42 0.34 0.26 0.18 0.10 0.02 0.00 0.00 0.00 0.00 0.00 0.00 0.00 0.00 0.00 0.00 0.00 0.00 0.00 0.00 0.00 0.00 0.00 0.00 0.00 0.00 0.00 0.00
0.03 0.03 0.02 0.02 0.02 0.02 0.02 0.03 0.04 0.05 0.07 0.09 0.11 0.13 0.15 0.18 0.21 0.24 0.27 0.30 0.33 0.36 0.39 0.43 0.46 0.49 0.52 0.56 0.59 0.62 0.65 0.68 0.70 0.73 0.75 0.77 0.79 0.81 0.82 0.84 0.84 0.85 0.85 0.85 0.85 0.84 0.83 0.81 0.79 0.76 0.72 0.67 0.61 0.55 0.47 0.40 0.32 0.24 0.16 0.09 0.02 0.00 0.00 0.00 0.00 0.00 0.00 0.00 0.00 0.00 0.00 0.00 0.00 0.00 0.00 0.00 0.00 0.00 0.00 0.00 0.00 0.00 0.00
0.03 0.03 0.02 0.02 0.02 0.02 0.03 0.04 0.05 0.07 0.09 0.11 0.13 0.16 0.18 0.21 0.24 0.27 0.30 0.33 0.36 0.39 0.43 0.46 0.49 0.53 0.56 0.59 0.62 0.65 0.68 0.71 0.73 0.75 0.78 0.80 0.81 0.83 0.84 0.85 0.85 0.86 0.86 0.85 0.84 0.83 0.81 0.79 0.77 0.73 0.69 0.64 0.58 0.51 0.44 0.37 0.29 0.22 0.15 0.08 0.01 0.00 0.00 0.00 0.00 0.00 0.00 0.00 0.00 0.00 0.00 0.00 0.00 0.00 0.00 0.00 0.00 0.00 0.00 0.00 0.00 0.00 0.00
0.03 0.02 0.02 0.02 0.03 0.03 0.04 0.06 0.07 0.09 0.11 0.13 0.16 0.18 0.21 0.24 0.27 0.30 0.33 0.36 0.40 0.43 0.46 0.50 0.53 0.56 0.59 0.62 0.65 0.68 0.71 0.73 0.76 0.78 0.80 0.82 0.83 0.84 0.85 0.86 0.86 0.86 0.85 0.85 0.83 0.82 0.80 0.77 0.74 0.70 0.66 0.60 0.54 0.47 0.40 0.33 0.26 0.19 0.12 0.05 0.00 0.00 0.00 0.00 0.00 0.00 0.00 0.00 0.00 0.00 0.00 0.00 0.00 0.00 0.00 0.00 0.00 0.00 0.00 0.00 0.00 0.00 0.00
0.03 0.02 0.03 0.03 0.04 0.05 0.06 0.08 0.09 0.11 0.14 0.16 0.19 0.21 0.24 0.27 0.30 0.33 0.37 0.40 0.43 0.47 0.50 0.53 0.56 0.59 0.63 0.66 0.68 0.71 0.74 0.76 0.78 0.80 0.82 0.83 0.84 0.85 0.86 0.86 0.86 0.86 0.85 0.84 0.82 0.80 0.78 0.75 0.71 0.67 0.62 0.56 0.50 0.43 0.36 0.29 0.22 0.15 0.08 0.02 0.00 0.00 0.00 0.00 0.00 0.00 0.00 0.00 0.00 0.00 0.00 0.00 0.00 0.00 0.00 0.00 0.00 0.00 0.00 0.00 0.00 0.00 0.00
0.03 0.03 0.03 0.04 0.05 0.06 0.08 0.10 0.12 0.14 0.16 0.19 0.22 0.24 0.27 0.31 0.34 0.37 0.40 0.44 0.47 0.50 0.53 0.57 0.60 0.63 0.66 0.69 0.71 0.74 0.76 0.78 0.80 0.82 0.84 0.85 0.86 0.86 0.87 0.87 0.86 0.85 0.84 0.83 0.81 0.78 0.75 0.72 0.68 0.63 0.58 0.52 0.45 0.38 0.31 0.24 0.17 0.11 0.04 0.00 0.00 0.00 0.00 0.00 0.00 0.00 0.00 0.00 0.00 0.00 0.00 0.00 0.00 0.00 0.00 0.00 0.00 0.00 0.00 0.00 0.00 0.00 0.00
0.03 0.03 0.04 0.05 0.06 0.08 0.10 0.12 0.14 0.16 0.19 0.22 0.25 0.28 0.31 0.34 0.37 0.40 0.44 0.47 0.50 0.54 0.57 0.60 0.63 0.66 0.69 0.72 0.74 0.77 0.79 0.81 0.82 0.84 0.85 0.86 0.87 0.87 0.87 0.87 0.86 0.85 0.83 0.81 0.79 0.76 0.72 0.68 0.64 0.59 0.53 0.47 0.40 0.33 0.26 0.19 0.12 0.05 0.00 0.00 0.00 0.00 0.00 0.00 0.00 0.00 0.00 0.00 0.00 0.00 0.00 0.00 0.00 0.00 0.00 0.00 0.00 0.00 0.00 0.00 0.00 0.00 0.00
0.04 0.04 0.05 0.07 0.08 0.10 0.12 0.14 0.17 0.19 0.22 0.25 0.28 0.31 0.34 0.37 0.41 0.44 0.47 0.51 0.54 0.57 0.60 0.63 0.66 0.69 0.72 0.75 0.77 0.79 0.81 0.83 0.84 0.86 0.86 0.87 0.87 0.87 0.87 0.86 0.85 0.84 0.82 0.79 0.76 0.73 0.69 0.64 0.59 0.54 0.48 0.41 0.34 0.27 0.20 0.13 0.06 0.00 0.00 0.00 0.00 0.00 0.00 0.00 0.00 0.00 0.00 0.00 0.00 0.00 0.00 0.00 0.00 0.00 0.00 0.00 0.00 0.00 0.00 0.00 0.00 0.00 0.00
0.05 0.06 0.07 0.08 0.10 0.12 0.14 0.17 0.19 0.22 0.25 0.28 0.31 0.34 0.38 0.41 0.44 0.48 0.51 0.54 0.57 0.61 0.64 0.67 0.70 0.72 0.75 0.77 0.79 0.81 0.83 0.85 0.86 0.87 0.88 0.88 0.88 0.87 0.87 0.86 0.84 0.82 0.80 0.77 0.73 0.69 0.65 0.60 0.54 0.48 0.42 0.35 0.27 0.20 0.13 0.06 0.00 0.00 0.00 0.00 0.00 0.00 0.00 0.00 0.00 0.00 0.00 0.00 0.00 0.00 0.00 0.00 0.00 0.00 0.00 0.00 0.00 0.00 0.00 0.00 0.00 0.00 0.00
0.06 0.07 0.09 0.10 0.12 0.15 0.17 0.20 0.22 0.25 0.28 0.31 0.35 0.38 0.41 0.45 0.48 0.51 0.54 0.58 0.61 0.64 0.67 0.70 0.73 0.75 0.78 0.80 0.82 0.84 0.85 0.86 0.87 0.88 0.88 0.88 0.88 0.87 0.86 0.85 0.83 0.80 0.77 0.74 0.70 0.66 0.61 0.55 0.49 0.42 0.35 0.28 0.20 0.13 0.06 0.00 0.00 0.00 0.00 0.00 0.00 0.00 0.00 0.00 0.00 0.00 0.00 0.00 0.00 0.00 0.00 0.00 0.00 0.00 0.00 0.00 0.00 0.00 0.00 0.00 0.00 0.00 0.00
0.07 0.09 0.11 0.13 0.15 0.17 0.20 0.23 0.26 0.29 0.32 0.35 0.38 0.41 0.45 0.48 0.51 0.55 0.58 0.61 0.64 0.67 0.70 0.73 0.76 0.78 0.80 0.82 0.84 0.86 0.87 0.88 0.88 0.89 0.89 0.88 0.88 0.87 0.85 0.83 0.81 0.78 0.74 0.71 0.66 0.61 0.56 0.50 0.43 0.36 0.28 0.20 0.13 0.05 0.00 0.00 0.00 0.00 0.00 0.00 0.00 0.00 0.00 0.00 0.00 0.00 0.00 0.00 0.00 0.00 0.00 0.00 0.00 0.00 0.00 0.00 0.00 0.00 0.00 0.00 0.00 0.00 0.00
