data_output/RCH/Precip_2003_08.asc
ncols        168
nrows        136
xllcorner    455000
yllcorner    2107000
cellsize     500
NODATA_value     -99999
[rows 0 to 31 of 136, columns 0 to 71 of 168]
291.62 287.68 283.51 279.13 274.58 269.93 265.22 260.48 255.72 250.99 246.30 241.68 237.17 232.78 228.54 224.49 220.65 217.05 213.70 210.65 207.84 205.13 202.49 199.92 197.44 195.05 192.75 190.55 188.45 186.46 184.58 182.82 181.19 179.68 178.31 177.07 175.93 174.82 173.72 172.63 171.55 170.48 169.43 168.38 167.34 166.32 165.30 164.29 163.30 162.31 161.33 160.36 159.40 158.45 157.50 156.57 155.64 154.72 153.81 152.91 152.02 151.16 150.33 149.53 148.77 148.05 147.37 146.73 146.14 145.60 145.12 144.69
294.75 290.78 286.57 282.16 277.62 272.99 268.28 263.54 258.78 254.03 249.32 244.68 240.14 235.71 231.44 227.34 223.45 219.78 216.38 213.26 210.37 207.57 204.84 202.18 199.59 197.09 194.67 192.35 190.11 187.99 185.96 184.05 182.26 180.58 179.04 177.62 176.34 175.15 173.99 172.85 171.71 170.59 169.47 168.36 167.27 166.18 165.10 164.04 162.98 161.93 160.89 159.85 158.83 157.81 156.81 155.81 154.82 153.83 152.86 151.90 150.96 150.05 149.18 148.34 147.54 146.77 146.05 145.38 144.76 144.19 143.68 143.22
297.76 293.77 289.55 285.16 280.65 276.03 271.34 266.60 261.84 257.09 252.37 247.71 243.14 238.69 234.38 230.24 226.30 222.58 219.12 215.93 212.97 210.10 207.28 204.53 201.85 199.24 196.71 194.26 191.91 189.64 187.48 185.42 183.48 181.64 179.93 178.34 176.87 175.54 174.31 173.10 171.91 170.72 169.55 168.38 167.22 166.07 164.93 163.80 162.68 161.56 160.46 159.36 158.27 157.19 156.12 155.05 153.99 152.94 151.91 150.90 149.91 148.96 148.04 147.16 146.31 145.51 144.76 144.05 143.39 142.79 142.25 141.77
300.66 296.67 292.49 288.14 283.65 279.06 274.38 269.66 264.90 260.15 255.42 250.76 246.17 241.69 237.35 233.18 229.20 225.43 221.92 218.67 215.65 212.70 209.81 206.97 204.20 201.49 198.85 196.29 193.82 191.43 189.13 186.93 184.84 182.85 180.97 179.21 177.58 176.07 174.69 173.40 172.14 170.89 169.65 168.42 167.20 165.99 164.79 163.59 162.40 161.22 160.05 158.89 157.73 156.58 155.44 154.31 153.18 152.07 150.98 149.92 148.88 147.88 146.92 145.99 145.11 144.27 143.47 142.73 142.04 141.41 140.83 140.32
303.47 299.52 295.38 291.07 286.62 282.06 277.41 272.70 267.96 263.21 258.49 253.81 249.22 244.72 240.36 236.16 232.14 228.34 224.77 221.47 218.39 215.38 212.41 209.49 206.63 203.83 201.10 198.43 195.84 193.33 190.91 188.57 186.33 184.20 182.16 180.24 178.44 176.75 175.19 173.76 172.42 171.11 169.80 168.51 167.22 165.94 164.67 163.41 162.15 160.90 159.67 158.43 157.21 155.99 154.78 153.58 152.39 151.22 150.07 148.96 147.88 146.83 145.82 144.85 143.92 143.04 142.21 141.43 140.70 140.04 139.44 138.90
306.21 302.32 298.23 293.97 289.56 285.03 280.41 275.73 271.00 266.27 261.55 256.88 252.27 247.77 243.39 239.16 235.12 231.28 227.67 224.33 221.19 218.12 215.09 212.10 209.15 206.26 203.43 200.67 197.97 195.34 192.80 190.34 187.96 185.68 183.50 181.42 179.45 177.59 175.86 174.24 172.76 171.36 169.99 168.62 167.27 165.92 164.58 163.25 161.93 160.61 159.30 158.00 156.70 155.41 154.13 152.86 151.62 150.39 149.19 148.03 146.90 145.80 144.74 143.73 142.76 141.84 140.97 140.15 139.39 138.69 138.06 137.49
308.87 305.05 301.03 296.82 292.46 287.97 283.38 278.73 274.03 269.31 264.60 259.94 255.33 250.82 246.43 242.19 238.12 234.25 230.61 227.23 224.05 220.92 217.82 214.77 211.75 208.78 205.86 203.00 200.20 197.46 194.80 192.21 189.71 187.29 184.97 182.74 180.61 178.59 176.68 174.89 173.22 171.67 170.22 168.78 167.36 165.94 164.53 163.13 161.74 160.35 158.97 157.59 156.22 154.86 153.51 152.18 150.87 149.59 148.34 147.12 145.94 144.80 143.69 142.63 141.62 140.66 139.75 138.90 138.10 137.37 136.70 136.11
311.47 307.72 303.76 299.61 295.30 290.86 286.32 281.70 277.03 272.33 267.65 262.99 258.39 253.88 249.49 245.23 241.14 237.25 233.58 230.16 226.94 223.77 220.62 217.50 214.41 211.37 208.37 205.41 202.52 199.68 196.91 194.20 191.58 189.03 186.56 184.19 181.91 179.73 177.66 175.69 173.84 172.11 170.50 168.98 167.49 166.00 164.52 163.04 161.58 160.11 158.66 157.21 155.77 154.33 152.92 151.53 150.17 148.83 147.52 146.25 145.02 143.82 142.67 141.57 140.51 139.51 138.56 137.67 136.84 136.07 135.38 134.75
313.99 310.31 306.42 302.34 298.09 293.70 289.20 284.63 279.99 275.33 270.66 266.03 261.44 256.94 252.54 248.28 244.18 240.27 236.58 233.13 229.88 226.66 223.46 220.29 217.14 214.02 210.94 207.91 204.92 201.99 199.11 196.30 193.55 190.88 188.28 185.77 183.34 181.01 178.78 176.65 174.62 172.71 170.92 169.25 167.66 166.10 164.54 162.99 161.45 159.91 158.38 156.86 155.34 153.85 152.37 150.92 149.49 148.10 146.74 145.41 144.13 142.88 141.69 140.54 139.44 138.39 137.40 136.47 135.61 134.81 134.08 133.42
316.41 312.82 309.01 304.99 300.81 296.48 292.04 287.51 282.92 278.29 273.65 269.04 264.47 259.98 255.59 251.33 247.23 243.31 239.60 236.13 232.84 229.59 226.35 223.12 219.92 216.74 213.59 210.48 207.41 204.38 201.40 198.49 195.63 192.83 190.11 187.47 184.90 182.42 180.04 177.74 175.55 173.47 171.49 169.63 167.89 166.24 164.61 162.98 161.36 159.75 158.14 156.54 154.96 153.40 151.86 150.34 148.86 147.41 145.99 144.61 143.28 141.98 140.74 139.54 138.39 137.31 136.28 135.31 134.41 133.57 132.81 132.12
318.75 315.25 311.51 307.58 303.46 299.20 294.82 290.34 285.79 281.21 276.61 272.03 267.48 263.01 258.63 254.38 250.28 246.35 242.63 239.14 235.83 232.55 229.27 226.00 222.75 219.51 216.30 213.11 209.96 206.85 203.78 200.76 197.80 194.89 192.05 189.28 186.58 183.96 181.42 178.98 176.62 174.37 172.22 170.18 168.25 166.44 164.72 163.01 161.31 159.62 157.94 156.27 154.62 152.99 151.39 149.81 148.27 146.76 145.29 143.85 142.46 141.12 139.82 138.58 137.39 136.26 135.19 134.19 133.25 132.38 131.58 130.86
320.98 317.57 313.93 310.08 306.04 301.85 297.53 293.11 288.62 284.08 279.52 274.98 270.46 266.01 261.66 257.41 253.32 249.39 245.67 242.17 238.84 235.53 232.22 228.92 225.61 222.33 219.05 215.80 212.58 209.39 206.24 203.12 200.06 197.04 194.09 191.20 188.37 185.61 182.94 180.34 177.83 175.41 173.10 170.88 168.77 166.77 164.89 163.09 161.31 159.54 157.78 156.04 154.32 152.63 150.96 149.33 147.72 146.15 144.62 143.14 141.69 140.30 138.95 137.66 136.43 135.26 134.14 133.10 132.12 131.22 130.39 129.64
323.11 319.80 316.25 312.48 308.53 304.42 300.17 295.82 291.38 286.90 282.39 277.88 273.41 268.99 264.65 260.43 256.34 252.43 248.70 245.20 241.86 238.53 235.20 231.86 228.52 225.18 221.86 218.55 215.26 211.99 208.76 205.56 202.40 199.28 196.22 193.21 190.26 187.38 184.56 181.83 179.17 176.59 174.11 171.72 169.44 167.25 165.18 163.22 161.35 159.50 157.67 155.86 154.08 152.32 150.59 148.89 147.22 145.59 144.01 142.47 140.97 139.52 138.13 136.79 135.51 134.29 133.14 132.06 131.04 130.10 129.24 128.45
325.12 321.92 318.47 314.80 310.93 306.90 302.73 298.45 294.08 289.66 285.20 280.74 276.31 271.92 267.62 263.42 259.35 255.45 251.73 248.22 244.88 241.54 238.19 234.82 231.45 228.07 224.70 221.34 217.99 214.65 211.34 208.06 204.82 201.61 198.44 195.32 192.26 189.25 186.30 183.43 180.63 177.90 175.26 172.71 170.25 167.89 165.63 163.49 161.46 159.52 157.62 155.74 153.89 152.06 150.26 148.50 146.77 145.09 143.44 141.84 140.29 138.80 137.35 135.97 134.64 133.38 132.18 131.06 130.01 129.03 128.13 127.31
327.01 323.92 320.57 317.00 313.24 309.29 305.21 301.00 296.70 292.34 287.95 283.54 279.16 274.81 270.54 266.38 262.33 258.45 254.74 251.24 247.90 244.55 241.19 237.80 234.40 230.99 227.58 224.16 220.76 217.36 213.99 210.63 207.30 204.00 200.74 197.51 194.34 191.21 188.15 185.14 182.20 179.33 176.54 173.83 171.20 168.67 166.23 163.91 161.70 159.62 157.63 155.67 153.75 151.86 149.99 148.17 146.38 144.63 142.93 141.28 139.67 138.12 136.63 135.19 133.82 132.51 131.28 130.11 129.02 128.00 127.07 126.22
328.77 325.80 322.57 319.10 315.43 311.59 307.59 303.46 299.25 294.96 290.63 286.28 281.95 277.65 273.43 269.29 265.28 261.42 257.73 254.24 250.91 247.56 244.19 240.79 237.36 233.93 230.48 227.02 223.57 220.12 216.68 213.25 209.84 206.46 203.11 199.79 196.51 193.27 190.09 186.95 183.88 180.87 177.94 175.07 172.29 169.59 166.99 164.49 162.11 159.84 157.70 155.67 153.67 151.71 149.78 147.89 146.04 144.23 142.47 140.76 139.10 137.50 135.96 134.47 133.05 131.70 130.42 129.21 128.08 127.03 126.06 125.18
330.39 327.55 324.43 321.08 317.52 313.77 309.87 305.84 301.70 297.49 293.23 288.95 284.67 280.43 276.25 272.16 268.19 264.35 260.69 257.22 253.90 250.56 247.18 243.77 240.33 236.87 233.40 229.91 226.41 222.91 219.41 215.92 212.44 208.98 205.54 202.13 198.75 195.41 192.11 188.86 185.67 182.52 179.45 176.43 173.50 170.64 167.88 165.22 162.67 160.23 157.92 155.74 153.66 151.62 149.63 147.67 145.76 143.89 142.07 140.31 138.59 136.94 135.34 133.81 132.34 130.94 129.62 128.37 127.20 126.11 125.10 124.19
331.88 329.16 326.17 322.94 319.49 315.85 312.05 308.11 304.06 299.93 295.75 291.54 287.33 283.15 279.02 274.98 271.05 267.25 263.61 260.17 256.86 253.54 250.16 246.75 243.31 239.83 236.33 232.81 229.27 225.73 222.18 218.63 215.09 211.56 208.04 204.54 201.07 197.63 194.23 190.86 187.54 184.27 181.06 177.91 174.83 171.83 168.92 166.10 163.38 160.78 158.30 155.94 153.72 151.60 149.54 147.52 145.55 143.62 141.74 139.91 138.14 136.43 134.79 133.20 131.69 130.25 128.88 127.59 126.37 125.25 124.20 123.25
333.21 330.63 327.77 324.66 321.33 317.80 314.11 310.27 306.32 302.28 298.18 294.05 289.91 285.79 281.73 277.74 273.85 270.10 266.50 263.09 259.80 256.49 253.13 249.72 246.27 242.78 239.27 235.72 232.15 228.57 224.98 221.38 217.78 214.18 210.59 207.01 203.45 199.92 196.41 192.94 189.51 186.12 182.78 179.50 176.28 173.14 170.08 167.11 164.25 161.48 158.84 156.31 153.92 151.67 149.52 147.44 145.40 143.40 141.47 139.58 137.76 135.99 134.29 132.66 131.10 129.61 128.20 126.86 125.61 124.44 123.36 122.38
334.39 331.95 329.23 326.25 323.04 319.63 316.05 312.32 308.47 304.52 300.51 296.46 292.40 288.36 284.36 280.43 276.59 272.89 269.33 265.95 262.70 259.41 256.07 252.67 249.22 245.73 242.20 238.64 235.05 231.43 227.80 224.15 220.50 216.84 213.18 209.53 205.89 202.27 198.67 195.10 191.56 188.05 184.59 181.19 177.84 174.57 171.37 168.26 165.25 162.33 159.53 156.85 154.29 151.87 149.58 147.42 145.31 143.26 141.26 139.32 137.44 135.62 133.87 132.18 130.57 129.04 127.58 126.20 124.91 123.70 122.59 121.56
335.41 333.11 330.53 327.69 324.61 321.33 317.86 314.24 310.50 306.66 302.74 298.78 294.80 290.84 286.91 283.04 279.27 275.62 272.11 268.77 265.56 262.30 258.98 255.59 252.15 248.66 245.13 241.55 237.94 234.30 230.63 226.95 223.24 219.53 215.81 212.10 208.38 204.68 200.99 197.32 193.68 190.07 186.50 182.97 179.51 176.11 172.78 169.54 166.38 163.32 160.37 157.54 154.82 152.24 149.79 147.49 145.30 143.19 141.13 139.13 137.19 135.32 133.51 131.78 130.12 128.53 127.03 125.61 124.27 123.03 121.87 120.81
336.27 334.12 331.68 328.98 326.04 322.89 319.54 316.04 312.41 308.67 304.86 301.00 297.11 293.22 289.37 285.58 281.87 278.28 274.82 271.54 268.36 265.14 261.84 258.48 255.05 251.57 248.04 244.45 240.83 237.17 233.47 229.75 226.01 222.25 218.48 214.70 210.91 207.14 203.36 199.61 195.87 192.16 188.48 184.85 181.27 177.75 174.30 170.93 167.65 164.45 161.36 158.37 155.51 152.77 150.16 147.70 145.38 143.19 141.07 139.01 137.01 135.09 133.23 131.44 129.73 128.10 126.55 125.08 123.71 122.42 121.23 120.13
337.01 334.96 332.67 330.11 327.31 324.30 321.09 317.71 314.19 310.57 306.86 303.10 299.31 295.51 291.74 288.03 284.39 280.86 277.47 274.24 271.11 267.93 264.66 261.33 257.92 254.45 250.92 247.34 243.71 240.03 236.32 232.57 228.79 224.99 221.17 217.33 213.48 209.64 205.79 201.95 198.12 194.32 190.54 186.81 183.13 179.50 175.93 172.44 169.03 165.71 162.48 159.36 156.35 153.46 150.70 148.08 145.61 143.28 141.09 138.97 136.91 134.93 133.02 131.18 129.42 127.74 126.14 124.63 123.21 121.89 120.66 119.52
337.63 335.68 333.50 331.08 328.43 325.55 322.48 319.23 315.84 312.34 308.74 305.08 301.39 297.69 294.01 290.38 286.82 283.37 280.04 276.86 273.79 270.65 267.43 264.13 260.75 257.30 253.78 250.21 246.57 242.89 239.16 235.38 231.58 227.74 223.87 219.99 216.08 212.17 208.25 204.33 200.43 196.54 192.68 188.85 185.07 181.33 177.66 174.06 170.53 167.08 163.73 160.48 157.33 154.30 151.40 148.63 146.00 143.52 141.20 139.01 136.89 134.85 132.88 130.99 129.18 127.45 125.81 124.26 122.80 121.43 120.16 118.99
338.12 336.27 334.19 331.89 329.38 326.65 323.72 320.61 317.35 313.97 310.49 306.94 303.36 299.76 296.18 292.63 289.16 285.78 282.52 279.41 276.40 273.32 270.14 266.88 263.53 260.10 256.61 253.04 249.41 245.72 241.98 238.19 234.36 230.49 226.59 222.66 218.71 214.73 210.75 206.76 202.78 198.82 194.87 190.96 187.09 183.26 179.49 175.78 172.14 168.58 165.10 161.73 158.46 155.30 152.25 149.34 146.57 143.94 141.46 139.14 136.95 134.86 132.83 130.89 129.03 127.25 125.56 123.96 122.46 121.05 119.74 118.53
338.48 336.73 334.75 332.56 330.17 327.58 324.79 321.82 318.70 315.45 312.10 308.67 305.20 301.71 298.23 294.78 291.39 288.10 284.92 281.88 278.93 275.91 272.78 269.56 266.25 262.86 259.39 255.84 252.22 248.53 244.79 240.99 237.14 233.25 229.31 225.34 221.34 217.32 213.28 209.23 205.18 201.15 197.13 193.14 189.18 185.26 181.40 177.59 173.85 170.18 166.60 163.10 159.71 156.42 153.25 150.21 147.29 144.52 141.89 139.42 137.11 134.95 132.87 130.87 128.96 127.13 125.39 123.75 122.20 120.75 119.40 118.15
338.70 337.05 335.18 333.10 330.81 328.34 325.70 322.88 319.90 316.79 313.56 310.26 306.91 303.53 300.15 296.81 293.52 290.31 287.21 284.26 281.38 278.42 275.35 272.18 268.92 265.56 262.12 258.59 254.99 251.31 247.57 243.76 239.90 235.99 232.03 228.03 223.98 219.92 215.83 211.73 207.62 203.52 199.44 195.37 191.34 187.34 183.39 179.49 175.65 171.89 168.20 164.60 161.09 157.69 154.40 151.22 148.17 145.26 142.50 139.88 137.42 135.13 132.99 130.94 128.97 127.09 125.31 123.62 122.02 120.53 119.14 117.85
338.77 337.23 335.46 333.49 331.32 328.96 326.45 323.77 320.94 317.96 314.88 311.71 308.48 305.22 301.96 298.71 295.53 292.41 289.41 286.53 283.73 280.84 277.84 274.73 271.51 268.20 264.79 261.29 257.71 254.05 250.32 246.51 242.65 238.72 234.74 230.70 226.63 222.52 218.39 214.25 210.09 205.94 201.79 197.66 193.56 189.49 185.46 181.48 177.55 173.69 169.91 166.21 162.59 159.08 155.67 152.38 149.21 146.17 143.26 140.51 137.91 135.48 133.21 131.09 129.07 127.15 125.31 123.57 121.94 120.40 118.97 117.64
338.68 337.25 335.59 333.73 331.67 329.44 327.04 324.49 321.80 318.98 316.03 313.00 309.90 306.77 303.62 300.49 297.41 294.40 291.49 288.70 285.99 283.17 280.24 277.19 274.03 270.76 267.40 263.94 260.38 256.74 253.02 249.23 245.36 241.42 237.42 233.37 229.27 225.13 220.97 216.78 212.59 208.38 204.19 200.00 195.83 191.70 187.59 183.54 179.53 175.59 171.72 167.92 164.21 160.59 157.07 153.67 150.38 147.22 144.19 141.31 138.57 136.00 133.59 131.35 129.27 127.29 125.41 123.62 121.94 120.36 118.89 117.52
338.43 337.11 335.57 333.82 331.88 329.76 327.48 325.06 322.50 319.82 317.03 314.13 311.17 308.17 305.15 302.14 299.17 296.27 293.46 290.77 288.14 285.41 282.55 279.57 276.47 273.26 269.94 266.52 263.00 259.38 255.68 251.90 248.03 244.09 240.08 236.01 231.90 227.74 223.55 219.33 215.10 210.86 206.61 202.38 198.16 193.96 189.80 185.67 181.59 177.57 173.62 169.73 165.93 162.22 158.60 155.09 151.69 148.42 145.27 142.26 139.40 136.69 134.15 131.77 129.57 127.53 125.60 123.76 122.03 120.41 118.90 117.49
338.02 336.80 335.37 333.74 331.92 329.92 327.77 325.47 323.04 320.49 317.85 315.10 312.28 309.41 306.52 303.64 300.79 298.00 295.30 292.71 290.17 287.53 284.75 281.85 278.82 275.67 272.40 269.02 265.54 261.97 258.29 254.51 250.66 246.72 242.71 238.64 234.51 230.34 226.13 221.89 217.63 213.35 209.07 204.79 200.52 196.27 192.05 187.87 183.73 179.63 175.60 171.64 167.76 163.95 160.24 156.64 153.14 149.75 146.49 143.37 140.39 137.55 134.88 132.37 130.03 127.88 125.88 124.00 122.23 120.56 119.00 117.56
337.43 336.33 335.01 333.49 331.79 329.91 327.88 325.71 323.41 321.00 318.49 315.90 313.22 310.50 307.75 304.99 302.27 299.59 297.00 294.52 292.09 289.54 286.85 284.03 281.07 277.98 274.78 271.46 268.02 264.48 260.82 257.07 253.23 249.30 245.30 241.23 237.10 232.92 228.70 224.44 220.16 215.86 211.54 207.23 202.92 198.63 194.36 190.12 185.92 181.77 177.67 173.64 169.67 165.79 162.00 158.30 154.70 151.22 147.86 144.63 141.53 138.58 135.78 133.14 130.68 128.39 126.28 124.34 122.52 120.81 119.21 117.72
