data_output/RCH/Precip_2012_03.asc
ncols        168
nrows        136
xllcorner    455000
yllcorner    2107000
cellsize     500
NODATA_value     -99999
[rows 0 to 34 of 136, columns 79 to 157 of 168]
23.57 23.80 24.02 24.24 24.46 24.67 24.87 25.08 25.27 25.47 25.65 25.81 25.95 26.06 26.16 26.22 26.27 26.30 26.31 26.30 26.27 26.22 26.16 26.09 26.00 25.89 25.77 25.65 25.51 25.36 25.20 25.03 24.86 24.68 24.49 24.30 24.11 23.91 23.72 23.52 23.32 23.13 22.93 22.74 22.56 22.38 22.20 22.03 21.87 21.72 21.53 21.22 20.81 20.28 19.65 18.92 18.10 17.20 16.22 15.18 14.08 12.92 11.71 10.47 9.19 7.88 6.59 5.35 4.17 3.04 1.98 0.99 0.07 0.00 0.00 0.00 0.00 0.00 0.00
23.37 23.59 23.81 24.02 24.23 24.44 24.64 24.84 25.04 25.23 25.42 25.59 25.75 25.88 25.99 26.08 26.14 26.18 26.21 26.21 26.20 26.16 26.12 26.05 25.97 25.88 25.77 25.66 25.53 25.39 25.23 25.08 24.91 24.73 24.55 24.37 24.18 23.99 23.80 23.61 23.42 23.22 23.03 22.85 22.66 22.48 22.31 22.14 21.98 21.82 21.63 21.34 20.92 20.40 19.78 19.06 18.26 17.37 16.42 15.40 14.31 13.18 12.00 10.79 9.54 8.27 6.99 5.73 4.52 3.38 2.30 1.30 0.38 0.00 0.00 0.00 0.00 0.00 0.00
23.15 23.37 23.58 23.79 24.00 24.20 24.40 24.59 24.79 24.97 25.16 25.34 25.51 25.66 25.79 25.89 25.98 26.04 26.07 26.09 26.09 26.08 26.04 25.99 25.92 25.84 25.75 25.64 25.52 25.39 25.24 25.09 24.93 24.77 24.60 24.42 24.24 24.05 23.87 23.68 23.49 23.30 23.12 22.93 22.75 22.58 22.40 22.24 22.08 21.92 21.73 21.44 21.03 20.52 19.90 19.20 18.41 17.55 16.61 15.61 14.55 13.45 12.30 11.12 9.90 8.67 7.42 6.17 4.95 3.79 2.70 1.69 0.76 0.00 0.00 0.00 0.00 0.00 0.00
22.92 23.13 23.34 23.55 23.75 23.95 24.14 24.33 24.52 24.71 24.89 25.07 25.25 25.41 25.56 25.68 25.78 25.85 25.91 25.94 25.96 25.96 25.94 25.90 25.84 25.77 25.69 25.59 25.48 25.36 25.23 25.09 24.94 24.78 24.62 24.45 24.27 24.10 23.92 23.74 23.55 23.37 23.19 23.01 22.83 22.66 22.49 22.32 22.17 22.01 21.83 21.54 21.13 20.63 20.03 19.34 18.57 17.72 16.80 15.83 14.80 13.72 12.60 11.45 10.27 9.07 7.87 6.65 5.44 4.27 3.17 2.15 1.22 0.37 0.00 0.00 0.00 0.00 0.00
22.68 22.89 23.09 23.29 23.49 23.68 23.87 24.06 24.25 24.43 24.61 24.78 24.96 25.13 25.29 25.43 25.55 25.64 25.71 25.76 25.79 25.81 25.80 25.78 25.74 25.68 25.61 25.52 25.42 25.31 25.19 25.06 24.92 24.77 24.62 24.45 24.29 24.12 23.95 23.77 23.60 23.42 23.25 23.07 22.90 22.73 22.56 22.40 22.25 22.10 21.91 21.63 21.23 20.74 20.15 19.47 18.72 17.89 17.00 16.04 15.04 13.99 12.90 11.78 10.64 9.48 8.32 7.15 5.98 4.83 3.72 2.69 1.75 0.90 0.15 0.00 0.00 0.00 0.00
22.44 22.64 22.83 23.03 23.22 23.41 23.60 23.78 23.96 24.14 24.31 24.48 24.65 24.82 24.99 25.14 25.28 25.39 25.48 25.55 25.60 25.63 25.63 25.62 25.60 25.55 25.50 25.42 25.34 25.24 25.12 25.00 24.88 24.74 24.59 24.44 24.29 24.13 23.96 23.80 23.63 23.46 23.29 23.12 22.95 22.79 22.63 22.47 22.32 22.17 21.99 21.71 21.33 20.84 20.27 19.61 18.87 18.06 17.19 16.26 15.28 14.26 13.21 12.12 11.02 9.90 8.77 7.65 6.53 5.42 4.34 3.31 2.36 1.52 0.77 0.12 0.00 0.00 0.00
22.18 22.38 22.57 22.76 22.94 23.13 23.31 23.49 23.66 23.83 24.01 24.17 24.34 24.51 24.67 24.83 24.98 25.11 25.22 25.30 25.37 25.41 25.44 25.44 25.43 25.40 25.36 25.30 25.22 25.13 25.04 24.93 24.81 24.69 24.55 24.41 24.27 24.12 23.96 23.80 23.64 23.48 23.32 23.16 23.00 22.84 22.68 22.53 22.38 22.24 22.07 21.79 21.42 20.94 20.38 19.74 19.02 18.23 17.38 16.48 15.53 14.54 13.52 12.47 11.40 10.32 9.24 8.15 7.08 6.02 4.99 3.99 3.05 2.20 1.46 0.83 0.30 0.00 0.00
21.92 22.11 22.29 22.48 22.66 22.84 23.01 23.18 23.35 23.52 23.69 23.85 24.02 24.18 24.34 24.49 24.65 24.80 24.92 25.03 25.11 25.17 25.21 25.23 25.24 25.22 25.19 25.14 25.08 25.01 24.93 24.83 24.73 24.61 24.49 24.36 24.23 24.09 23.94 23.79 23.64 23.49 23.34 23.18 23.03 22.88 22.73 22.58 22.44 22.30 22.13 21.87 21.50 21.04 20.49 19.87 19.17 18.40 17.58 16.70 15.78 14.82 13.83 12.82 11.79 10.75 9.71 8.67 7.65 6.64 5.66 4.71 3.80 2.96 2.23 1.60 1.10 0.70 0.43
21.65 21.83 22.01 22.19 22.36 22.54 22.71 22.87 23.04 23.20 23.36 23.52 23.68 23.84 23.99 24.15 24.30 24.45 24.59 24.72 24.82 24.90 24.95 24.99 25.01 25.01 24.99 24.96 24.92 24.86 24.79 24.71 24.62 24.52 24.41 24.29 24.17 24.04 23.91 23.77 23.63 23.49 23.34 23.20 23.05 22.91 22.76 22.62 22.49 22.36 22.20 21.94 21.58 21.13 20.60 19.99 19.31 18.57 17.77 16.92 16.03 15.10 14.15 13.17 12.18 11.19 10.19 9.20 8.22 7.26 6.33 5.44 4.59 3.79 3.07 2.46 1.96 1.59 1.34
21.38 21.55 21.73 21.90 22.06 22.23 22.39 22.55 22.71 22.87 23.03 23.19 23.34 23.49 23.64 23.79 23.94 24.09 24.24 24.38 24.49 24.59 24.67 24.72 24.76 24.77 24.77 24.76 24.73 24.69 24.63 24.57 24.49 24.41 24.31 24.21 24.10 23.98 23.86 23.73 23.60 23.47 23.33 23.20 23.06 22.92 22.79 22.66 22.53 22.41 22.25 22.00 21.66 21.22 20.71 20.12 19.46 18.74 17.97 17.15 16.29 15.39 14.47 13.53 12.58 11.63 10.68 9.73 8.80 7.90 7.03 6.19 5.40 4.65 3.97 3.38 2.90 2.55 2.33
21.10 21.27 21.43 21.60 21.76 21.92 22.07 22.23 22.38 22.54 22.69 22.84 22.99 23.14 23.28 23.43 23.57 23.72 23.86 24.00 24.14 24.25 24.35 24.42 24.47 24.51 24.53 24.53 24.52 24.49 24.45 24.40 24.34 24.27 24.19 24.10 24.00 23.90 23.79 23.68 23.56 23.44 23.31 23.19 23.06 22.93 22.81 22.69 22.57 22.45 22.30 22.06 21.73 21.31 20.81 20.24 19.61 18.91 18.16 17.37 16.54 15.68 14.80 13.90 12.99 12.08 11.17 10.28 9.40 8.55 7.73 6.95 6.21 5.53 4.92 4.37 3.91 3.59 3.39
20.82 20.98 21.14 21.29 21.45 21.60 21.75 21.90 22.05 22.19 22.34 22.48 22.63 22.77 22.91 23.06 23.20 23.34 23.48 23.62 23.75 23.88 24.00 24.09 24.16 24.21 24.25 24.27 24.28 24.27 24.25 24.22 24.17 24.12 24.05 23.98 23.89 23.81 23.71 23.61 23.50 23.39 23.28 23.16 23.05 22.93 22.82 22.70 22.59 22.49 22.35 22.12 21.80 21.40 20.92 20.37 19.75 19.08 18.36 17.60 16.81 15.98 15.13 14.27 13.41 12.54 11.68 10.83 10.00 9.20 8.44 7.72 7.05 6.43 5.88 5.39 4.99 4.69 4.52
20.53 20.69 20.83 20.98 21.13 21.27 21.42 21.56 21.70 21.84 21.98 22.12 22.26 22.40 22.54 22.67 22.81 22.95 23.08 23.22 23.35 23.49 23.62 23.73 23.82 23.90 23.95 23.99 24.02 24.03 24.03 24.01 23.98 23.94 23.89 23.84 23.77 23.69 23.61 23.52 23.43 23.34 23.24 23.13 23.03 22.92 22.82 22.72 22.61 22.52 22.39 22.17 21.87 21.48 21.02 20.49 19.90 19.26 18.57 17.83 17.07 16.28 15.47 14.65 13.83 13.00 12.19 11.39 10.62 9.87 9.17 8.51 7.89 7.34 6.85 6.44 6.10 5.85 5.69
20.25 20.39 20.53 20.67 20.81 20.95 21.09 21.22 21.36 21.49 21.62 21.76 21.89 22.02 22.15 22.29 22.42 22.55 22.68 22.81 22.94 23.08 23.21 23.34 23.45 23.55 23.63 23.69 23.73 23.76 23.78 23.78 23.77 23.75 23.72 23.68 23.63 23.57 23.50 23.43 23.35 23.27 23.18 23.09 23.00 22.91 22.81 22.72 22.63 22.54 22.42 22.22 21.93 21.56 21.12 20.61 20.05 19.43 18.77 18.07 17.34 16.59 15.82 15.04 14.26 13.48 12.71 11.97 11.25 10.56 9.91 9.30 8.76 8.27 7.85 7.50 7.24 7.03 6.86
19.96 20.09 20.22 20.36 20.49 20.62 20.75 20.88 21.00 21.13 21.26 21.39 21.51 21.64 21.77 21.89 22.02 22.15 22.27 22.40 22.53 22.66 22.79 22.93 23.06 23.18 23.28 23.36 23.43 23.48 23.51 23.53 23.54 23.54 23.53 23.50 23.47 23.42 23.37 23.32 23.25 23.18 23.11 23.04 22.96 22.88 22.80 22.72 22.64 22.56 22.45 22.27 21.99 21.64 21.22 20.74 20.20 19.61 18.98 18.31 17.61 16.90 16.17 15.43 14.69 13.96 13.25 12.55 11.88 11.25 10.66 10.12 9.63 9.21 8.86 8.58 8.36 8.17 8.01
19.67 19.79 19.92 20.04 20.16 20.29 20.41 20.53 20.65 20.77 20.89 21.01 21.13 21.25 21.37 21.49 21.61 21.74 21.86 21.98 22.11 22.24 22.37 22.51 22.65 22.78 22.90 23.01 23.10 23.17 23.22 23.26 23.29 23.31 23.31 23.31 23.29 23.27 23.23 23.19 23.14 23.09 23.03 22.97 22.91 22.84 22.78 22.71 22.64 22.58 22.48 22.31 22.05 21.72 21.32 20.86 20.35 19.79 19.18 18.55 17.89 17.21 16.52 15.83 15.14 14.46 13.79 13.15 12.53 11.96 11.42 10.94 10.52 10.17 9.88 9.65 9.45 9.27 9.11
19.38 19.49 19.61 19.72 19.84 19.95 20.07 20.18 20.29 20.41 20.52 20.63 20.75 20.86 20.98 21.09 21.20 21.32 21.44 21.56 21.68 21.81 21.94 22.08 22.22 22.36 22.51 22.63 22.74 22.84 22.91 22.98 23.02 23.06 23.08 23.10 23.10 23.09 23.08 23.05 23.02 22.99 22.95 22.90 22.85 22.80 22.75 22.69 22.64 22.59 22.50 22.35 22.11 21.80 21.42 20.98 20.50 19.97 19.40 18.80 18.18 17.54 16.89 16.24 15.59 14.96 14.34 13.75 13.19 12.67 12.20 11.79 11.43 11.14 10.90 10.69 10.49 10.32 10.17
19.09 19.20 19.30 19.41 19.51 19.62 19.72 19.83 19.93 20.04 20.15 20.25 20.36 20.47 20.57 20.68 20.79 20.90 21.02 21.14 21.26 21.38 21.52 21.65 21.79 21.94 22.09 22.23 22.37 22.48 22.58 22.67 22.74 22.79 22.84 22.87 22.89 22.90 22.91 22.90 22.89 22.87 22.85 22.82 22.78 22.75 22.71 22.67 22.63 22.59 22.52 22.38 22.16 21.87 21.52 21.11 20.65 20.15 19.61 19.05 18.46 17.86 17.26 16.65 16.05 15.47 14.90 14.37 13.87 13.41 13.00 12.64 12.35 12.11 11.88 11.68 11.50 11.33 11.19
18.80 18.90 19.00 19.09 19.19 19.28 19.38 19.48 19.58 19.67 19.77 19.87 19.97 20.07 20.17 20.27 20.38 20.48 20.60 20.71 20.83 20.96 21.09 21.22 21.36 21.51 21.66 21.81 21.97 22.11 22.23 22.34 22.43 22.51 22.57 22.63 22.67 22.70 22.72 22.74 22.74 22.74 22.74 22.72 22.71 22.69 22.67 22.64 22.62 22.59 22.54 22.42 22.21 21.95 21.62 21.23 20.80 20.33 19.83 19.30 18.76 18.20 17.64 17.07 16.52 15.99 15.48 14.99 14.55 14.15 13.80 13.51 13.26 13.04 12.83 12.64 12.46 12.30 12.17
18.52 18.60 18.69 18.78 18.86 18.95 19.04 19.13 19.22 19.31 19.40 19.49 19.58 19.67 19.77 19.86 19.96 20.07 20.17 20.29 20.41 20.53 20.66 20.80 20.94 21.08 21.23 21.39 21.55 21.71 21.86 21.99 22.10 22.21 22.29 22.37 22.43 22.48 22.53 22.56 22.59 22.61 22.62 22.62 22.62 22.62 22.62 22.61 22.60 22.59 22.55 22.45 22.27 22.02 21.72 21.36 20.96 20.52 20.06 19.56 19.06 18.54 18.02 17.51 17.00 16.52 16.06 15.63 15.25 14.91 14.62 14.38 14.15 13.94 13.74 13.56 13.39 13.24 13.11
18.24 18.31 18.39 18.47 18.54 18.62 18.70 18.78 18.86 18.94 19.02 19.10 19.19 19.27 19.36 19.45 19.55 19.65 19.76 19.87 19.99 20.11 20.24 20.37 20.51 20.66 20.81 20.96 21.13 21.30 21.47 21.62 21.76 21.89 22.00 22.09 22.18 22.25 22.32 22.37 22.42 22.46 22.49 22.51 22.53 22.55 22.56 22.57 22.58 22.58 22.57 22.48 22.32 22.09 21.82 21.49 21.12 20.71 20.28 19.83 19.36 18.89 18.41 17.94 17.49 17.06 16.65 16.28 15.96 15.68 15.44 15.21 15.00 14.80 14.61 14.44 14.28 14.14 14.01
17.96 18.02 18.09 18.16 18.22 18.29 18.36 18.43 18.50 18.57 18.65 18.72 18.80 18.88 18.96 19.05 19.14 19.24 19.34 19.45 19.57 19.69 19.82 19.95 20.09 20.23 20.39 20.54 20.71 20.88 21.06 21.23 21.40 21.55 21.68 21.80 21.91 22.01 22.10 22.17 22.24 22.30 22.35 22.39 22.43 22.47 22.50 22.53 22.55 22.58 22.57 22.50 22.37 22.17 21.92 21.62 21.28 20.91 20.51 20.10 19.67 19.24 18.81 18.39 17.99 17.61 17.26 16.95 16.68 16.44 16.22 16.01 15.81 15.63 15.45 15.29 15.14 15.00 14.88
17.69 17.74 17.80 17.85 17.91 17.97 18.03 18.09 18.15 18.21 18.27 18.34 18.41 18.48 18.56 18.64 18.73 18.83 18.93 19.04 19.15 19.27 19.40 19.53 19.67 19.82 19.97 20.13 20.29 20.47 20.65 20.83 21.02 21.19 21.35 21.50 21.63 21.75 21.86 21.96 22.05 22.13 22.20 22.27 22.33 22.38 22.43 22.48 22.52 22.56 22.58 22.53 22.42 22.24 22.02 21.75 21.45 21.11 20.75 20.37 19.99 19.60 19.22 18.85 18.50 18.17 17.88 17.62 17.40 17.19 16.98 16.79 16.60 16.43 16.26 16.11 15.97 15.84 15.72
17.42 17.46 17.51 17.55 17.60 17.65 17.70 17.75 17.80 17.85 17.91 17.96 18.03 18.09 18.17 18.25 18.34 18.43 18.53 18.63 18.74 18.86 18.99 19.12 19.26 19.40 19.56 19.72 19.88 20.06 20.24 20.43 20.62 20.82 21.01 21.18 21.34 21.48 21.61 21.74 21.85 21.95 22.04 22.13 22.21 22.29 22.36 22.42 22.49 22.55 22.58 22.56 22.46 22.32 22.12 21.89 21.61 21.31 20.99 20.66 20.31 19.97 19.64 19.31 19.02 18.74 18.51 18.29 18.09 17.90 17.71 17.53 17.36 17.19 17.04 16.90 16.76 16.64 16.53
17.16 17.19 17.22 17.26 17.29 17.33 17.37 17.41 17.45 17.49 17.54 17.59 17.65 17.71 17.78 17.86 17.94 18.03 18.13 18.23 18.34 18.46 18.58 18.71 18.85 19.00 19.15 19.31 19.48 19.66 19.84 20.03 20.23 20.44 20.65 20.84 21.03 21.20 21.35 21.50 21.64 21.76 21.88 21.99 22.09 22.19 22.28 22.37 22.45 22.53 22.58 22.58 22.51 22.39 22.23 22.02 21.78 21.52 21.24 20.94 20.64 20.35 20.06 19.79 19.54 19.33 19.13 18.94 18.76 18.58 18.41 18.25 18.09 17.94 17.79 17.66 17.53 17.42 17.32
16.91 16.93 16.95 16.97 17.00 17.02 17.05 17.08 17.11 17.14 17.18 17.23 17.28 17.34 17.41 17.48 17.56 17.65 17.74 17.84 17.95 18.06 18.19 18.32 18.46 18.60 18.75 18.92 19.08 19.26 19.45 19.64 19.84 20.05 20.27 20.49 20.70 20.90 21.08 21.25 21.41 21.56 21.71 21.84 21.96 22.08 22.19 22.30 22.41 22.51 22.59 22.60 22.56 22.47 22.34 22.16 21.96 21.73 21.49 21.24 20.98 20.73 20.49 20.28 20.08 19.91 19.74 19.57 19.41 19.25 19.09 18.94 18.79 18.65 18.52 18.40 18.28 18.17 18.07
16.66 16.67 16.68 16.69 16.70 16.72 16.73 16.75 16.77 16.80 16.84 16.88 16.93 16.98 17.04 17.11 17.19 17.27 17.36 17.46 17.57 17.68 17.80 17.93 18.07 18.21 18.37 18.53 18.70 18.88 19.06 19.26 19.47 19.68 19.90 20.13 20.37 20.59 20.80 21.00 21.18 21.36 21.52 21.68 21.83 21.97 22.11 22.24 22.36 22.49 22.58 22.63 22.61 22.55 22.44 22.30 22.14 21.95 21.75 21.54 21.33 21.12 20.94 20.77 20.62 20.47 20.32 20.17 20.03 19.88 19.74 19.61 19.47 19.35 19.23 19.11 19.00 18.90 18.81
16.43 16.42 16.42 16.42 16.42 16.42 16.43 16.44 16.45 16.47 16.50 16.54 16.58 16.63 16.69 16.75 16.82 16.90 16.99 17.09 17.19 17.30 17.42 17.55 17.69 17.84 17.99 18.15 18.32 18.50 18.69 18.89 19.10 19.31 19.54 19.78 20.02 20.27 20.50 20.73 20.94 21.14 21.33 21.52 21.69 21.85 22.01 22.17 22.32 22.46 22.58 22.65 22.66 22.63 22.56 22.45 22.32 22.17 22.01 21.84 21.68 21.53 21.39 21.26 21.14 21.01 20.88 20.76 20.63 20.50 20.38 20.26 20.14 20.02 19.91 19.80 19.70 19.61 19.52
16.20 16.18 16.17 16.15 16.14 16.13 16.13 16.13 16.14 16.15 16.18 16.21 16.24 16.29 16.34 16.40 16.47 16.55 16.64 16.73 16.83 16.94 17.06 17.19 17.32 17.47 17.62 17.79 17.96 18.14 18.33 18.53 18.74 18.96 19.19 19.43 19.68 19.94 20.20 20.45 20.69 20.92 21.14 21.34 21.54 21.73 21.92 22.09 22.27 22.43 22.58 22.67 22.71 22.71 22.67 22.60 22.51 22.40 22.28 22.16 22.04 21.94 21.84 21.74 21.64 21.53 21.43 21.32 21.21 21.10 20.99 20.88 20.78 20.67 20.57 20.47 20.38 20.29 20.21
15.99 15.96 15.93 15.90 15.88 15.86 15.84 15.84 15.84 15.85 15.86 15.89 15.92 15.96 16.01 16.07 16.13 16.21 16.29 16.38 16.48 16.59 16.71 16.84 16.97 17.12 17.27 17.43 17.61 17.79 17.98 18.19 18.40 18.62 18.85 19.10 19.35 19.61 19.89 20.16 20.43 20.69 20.93 21.16 21.39 21.61 21.82 22.02 22.22 22.41 22.58 22.70 22.77 22.79 22.79 22.75 22.70 22.63 22.55 22.48 22.41 22.34 22.28 22.20 22.12 22.04 21.96 21.87 21.78 21.68 21.59 21.50 21.40 21.31 21.22 21.13 21.04 20.96 20.88
15.78 15.74 15.70 15.66 15.62 15.59 15.57 15.56 15.55 15.56 15.57 15.59 15.61 15.65 15.70 15.75 15.81 15.88 15.96 16.05 16.15 16.25 16.37 16.50 16.63 16.78 16.93 17.10 17.27 17.45 17.65 17.85 18.07 18.29 18.53 18.78 19.03 19.30 19.58 19.87 20.16 20.45 20.72 20.98 21.23 21.48 21.71 21.94 22.16 22.38 22.57 22.72 22.82 22.88 22.91 22.91 22.90 22.87 22.84 22.81 22.78 22.74 22.70 22.65 22.60 22.54 22.47 22.40 22.33 22.25 22.17 22.09 22.01 21.93 21.85 21.77 21.69 21.62 21.54
15.59 15.53 15.48 15.43 15.38 15.35 15.32 15.30 15.29 15.28 15.29 15.30 15.32 15.35 15.39 15.44 15.50 15.57 15.65 15.73 15.83 15.93 16.05 16.17 16.31 16.45 16.61 16.77 16.95 17.13 17.33 17.54 17.75 17.98 18.22 18.47 18.73 19.00 19.29 19.58 19.89 20.20 20.50 20.79 21.07 21.34 21.60 21.86 22.11 22.35 22.57 22.75 22.88 22.97 23.03 23.07 23.10 23.11 23.12 23.13 23.14 23.13 23.11 23.09 23.06 23.02 22.97 22.92 22.87 22.81 22.74 22.68 22.61 22.54 22.47 22.40 22.33 22.26 22.19
15.41 15.34 15.27 15.21 15.16 15.12 15.08 15.05 15.03 15.02 15.02 15.03 15.05 15.08 15.11 15.16 15.21 15.28 15.35 15.43 15.53 15.63 15.74 15.87 16.00 16.15 16.30 16.47 16.64 16.83 17.03 17.24 17.46 17.69 17.93 18.18 18.45 18.72 19.01 19.31 19.62 19.95 20.27 20.59 20.90 21.20 21.49 21.78 22.05 22.32 22.57 22.77 22.93 23.06 23.16 23.24 23.30 23.36 23.41 23.46 23.49 23.50 23.51 23.51 23.50 23.49 23.46 23.43 23.39 23.35 23.30 23.25 23.19 23.14 23.07 23.01 22.95 22.88 22.82
15.25 15.16 15.09 15.02 14.96 14.90 14.86 14.83 14.80 14.78 14.78 14.78 14.79 14.81 14.85 14.89 14.94 15.00 15.07 15.15 15.24 15.34 15.46 15.58 15.71 15.86 16.01 16.18 16.35 16.54 16.74 16.95 17.17 17.41 17.65 17.91 18.18 18.46 18.75 19.06 19.37 19.70 20.05 20.39 20.73 21.06 21.38 21.69 21.99 22.29 22.57 22.80 22.99 23.16 23.29 23.41 23.52 23.61 23.70 23.77 23.83 23.87 23.91 23.93 23.95 23.95 23.95 23.93 23.91 23.89 23.85 23.81 23.77 23.72 23.67 23.62 23.56 23.50 23.44
15.10 15.01 14.92 14.84 14.77 14.71 14.66 14.62 14.59 14.56 14.55 14.55 14.55 14.57 14.60 14.64 14.68 14.74 14.81 14.89 14.98 15.08 15.19 15.31 15.44 15.59 15.74 15.91 16.09 16.27 16.48 16.69 16.91 17.15 17.40 17.66 17.93 18.22 18.51 18.82 19.15 19.48 19.83 20.19 20.55 20.91 21.26 21.60 21.93 22.26 22.56 22.83 23.06 23.25 23.43 23.59 23.73 23.86 23.98 24.08 24.16 24.24 24.30 24.34 24.38 24.41 24.42 24.43 24.43 24.41 24.40 24.37 24.34 24.30 24.26 24.21 24.17 24.11 24.06
