data_output/RCH/Precip_2005_09.asc
ncols        168
nrows        136
xllcorner    455000
yllcorner    2107000
cellsize     500
NODATA_value     -99999
[rows 34 to 67 of 136, columns 0 to 74 of 168]
168.39 170.06 171.54 172.83 174.00 175.20 176.48 177.79 179.12 180.43 181.70 182.90 183.99 184.96 185.77 186.34 186.59 186.53 186.16 185.47 184.48 183.17 181.57 179.67 177.47 175.00 172.39 169.70 166.96 164.17 161.32 158.42 155.47 152.48 149.45 146.38 143.28 140.15 136.98 133.79 130.58 127.35 124.10 120.84 117.57 114.29 111.01 107.72 104.44 101.15 97.88 94.62 91.37 88.13 84.92 81.73 78.56 75.46 72.53 69.85 67.42 65.24 63.31 61.62 60.18 58.99 58.04 57.34 56.82 56.32 55.82 55.31 54.80 54.28 53.76
174.49 176.13 177.56 178.80 179.82 180.71 181.61 182.56 183.53 184.50 185.43 186.30 187.07 187.73 188.23 188.51 188.47 188.11 187.44 186.46 185.17 183.58 181.69 179.50 177.04 174.43 171.76 169.03 166.25 163.42 160.55 157.63 154.68 151.68 148.66 145.60 142.51 139.40 136.27 133.11 129.95 126.77 123.57 120.38 117.17 113.97 110.77 107.57 104.38 101.21 98.04 94.90 91.77 88.67 85.59 82.54 79.53 76.54 73.63 70.91 68.44 66.22 64.26 62.55 61.09 59.88 58.93 58.23 57.71 57.22 56.72 56.21 55.70 55.19 54.68
180.30 181.89 183.28 184.45 185.41 186.14 186.72 187.29 187.89 188.50 189.07 189.60 190.04 190.37 190.55 190.51 190.16 189.49 188.51 187.22 185.63 183.73 181.53 179.06 176.44 173.77 171.04 168.26 165.44 162.58 159.68 156.74 153.77 150.77 147.74 144.69 141.61 138.52 135.41 132.29 129.16 126.02 122.89 119.75 116.61 113.48 110.36 107.24 104.15 101.07 98.01 94.98 91.97 88.99 86.05 83.14 80.27 77.44 74.66 71.95 69.44 67.19 65.19 63.46 61.98 60.77 59.81 59.11 58.59 58.10 57.61 57.11 56.60 56.09 55.58
185.77 187.33 188.67 189.78 190.67 191.32 191.73 191.97 192.19 192.42 192.62 192.79 192.87 192.86 192.71 192.34 191.66 190.66 189.36 187.74 185.82 183.60 181.11 178.47 175.78 173.03 170.25 167.42 164.55 161.65 158.72 155.75 152.76 149.75 146.71 143.66 140.59 137.51 134.42 131.33 128.23 125.14 122.05 118.96 115.89 112.82 109.77 106.74 103.74 100.75 97.80 94.87 91.98 89.12 86.30 83.53 80.80 78.12 75.49 72.91 70.42 68.14 66.12 64.36 62.87 61.64 60.68 59.98 59.47 58.98 58.49 57.99 57.49 56.99 56.48
190.91 192.43 193.72 194.77 195.58 196.15 196.47 196.54 196.41 196.25 196.07 195.86 195.57 195.20 194.70 193.98 192.96 191.62 189.97 188.02 185.76 183.23 180.55 177.82 175.05 172.24 169.39 166.50 163.58 160.64 157.66 154.67 151.65 148.62 145.58 142.52 139.45 136.38 133.31 130.24 127.18 124.12 121.07 118.03 115.01 112.01 109.03 106.08 103.15 100.26 97.40 94.58 91.79 89.05 86.36 83.71 81.12 78.58 76.10 73.68 71.33 69.07 67.02 65.24 63.73 62.50 61.53 60.83 60.32 59.84 59.36 58.87 58.37 57.87 57.36
195.69 197.16 198.40 199.39 200.13 200.62 200.85 200.81 200.50 199.98 199.40 198.80 198.13 197.38 196.51 195.43 194.05 192.35 190.35 188.04 185.45 182.72 179.94 177.13 174.27 171.38 168.46 165.52 162.54 159.55 156.53 153.50 150.46 147.41 144.34 141.28 138.21 135.15 132.09 129.04 125.99 122.97 119.96 116.96 114.00 111.05 108.14 105.26 102.41 99.60 96.83 94.11 91.43 88.80 86.23 83.71 81.25 78.85 76.51 74.25 72.05 69.93 67.91 66.11 64.59 63.34 62.37 61.67 61.17 60.69 60.21 59.73 59.23 58.73 58.21
200.08 201.51 202.70 203.62 204.29 204.70 204.83 204.68 204.26 203.55 202.61 201.60 200.53 199.39 198.14 196.68 194.92 192.85 190.47 187.82 185.02 182.18 179.30 176.39 173.45 170.48 167.49 164.48 161.44 158.39 155.33 152.26 149.19 146.10 143.02 139.95 136.87 133.81 130.75 127.72 124.70 121.69 118.72 115.77 112.85 109.96 107.10 104.29 101.52 98.79 96.11 93.48 90.90 88.38 85.92 83.52 81.19 78.92 76.73 74.61 72.57 70.61 68.73 66.97 65.43 64.17 63.19 62.49 62.00 61.53 61.05 60.57 60.08 59.57 59.02
204.07 205.46 206.59 207.45 208.05 208.37 208.40 208.15 207.61 206.77 205.63 204.25 202.77 201.22 199.57 197.72 195.57 193.11 190.37 187.49 184.57 181.62 178.64 175.63 172.60 169.54 166.47 163.39 160.29 157.18 154.07 150.95 147.84 144.73 141.62 138.53 135.44 132.37 129.32 126.29 123.29 120.31 117.36 114.45 111.57 108.73 105.93 103.18 100.48 97.83 95.23 92.69 90.20 87.79 85.44 83.15 80.94 78.81 76.75 74.77 72.88 71.08 69.36 67.74 66.24 64.98 63.99 63.30 62.81 62.35 61.88 61.40 60.90 60.36 59.79
207.64 208.98 210.06 210.86 211.38 211.61 211.55 211.19 210.53 209.57 208.29 206.69 204.84 202.86 200.80 198.54 195.98 193.14 190.17 187.16 184.11 181.04 177.95 174.84 171.71 168.57 165.42 162.26 159.09 155.92 152.75 149.59 146.43 143.28 140.15 137.03 133.93 130.85 127.80 124.78 121.78 118.82 115.90 113.02 110.18 107.38 104.63 101.94 99.30 96.72 94.20 91.74 89.36 87.04 84.79 82.62 80.53 78.52 76.59 74.75 73.01 71.35 69.80 68.34 66.99 65.77 64.79 64.09 63.61 63.15 62.69 62.20 61.67 61.11 60.51
210.77 212.07 213.09 213.82 214.26 214.40 214.25 213.78 213.00 211.91 210.49 208.74 206.66 204.31 201.81 199.13 196.18 193.09 189.97 186.82 183.65 180.47 177.26 174.04 170.81 167.58 164.34 161.09 157.85 154.62 151.39 148.17 144.97 141.78 138.61 135.47 132.35 129.26 126.20 123.17 120.18 117.24 114.33 111.48 108.67 105.92 103.22 100.58 98.00 95.48 93.04 90.66 88.36 86.13 83.99 81.92 79.94 78.06 76.26 74.55 72.95 71.44 70.04 68.74 67.56 66.48 65.55 64.87 64.39 63.94 63.46 62.95 62.40 61.81 61.19
213.44 214.69 215.65 216.31 216.68 216.73 216.48 215.90 215.01 213.78 212.22 210.32 208.08 205.49 202.61 199.52 196.30 193.06 189.79 186.50 183.20 179.89 176.56 173.23 169.90 166.57 163.23 159.91 156.59 153.28 149.99 146.71 143.46 140.22 137.02 133.84 130.70 127.59 124.52 121.49 118.50 115.56 112.68 109.84 107.06 104.34 101.69 99.10 96.57 94.12 91.74 89.44 87.22 85.09 83.04 81.08 79.21 77.43 75.76 74.18 72.71 71.35 70.10 68.96 67.94 67.03 66.25 65.62 65.15 64.69 64.19 63.65 63.07 62.46 61.81
215.66 216.87 217.77 218.36 218.64 218.61 218.25 217.57 216.55 215.19 213.49 211.44 209.03 206.26 203.15 199.83 196.44 193.04 189.62 186.20 182.76 179.31 175.87 172.42 168.98 165.54 162.11 158.70 155.29 151.91 148.55 145.21 141.90 138.62 135.37 132.16 128.98 125.85 122.76 119.73 116.74 113.81 110.93 108.11 105.36 102.67 100.05 97.51 95.03 92.64 90.33 88.10 85.96 83.90 81.95 80.08 78.32 76.66 75.10 73.65 72.31 71.09 69.98 68.99 68.13 67.39 66.78 66.30 65.90 65.41 64.89 64.32 63.72 63.08 62.41
217.63 218.78 219.61 220.13 220.32 220.19 219.72 218.91 217.76 216.27 214.41 212.20 209.62 206.69 203.49 200.10 196.58 193.01 189.44 185.87 182.29 178.71 175.14 171.57 168.02 164.47 160.95 157.44 153.95 150.48 147.05 143.64 140.27 136.94 133.64 130.39 127.19 124.03 120.92 117.87 114.88 111.94 109.08 106.27 103.54 100.88 98.30 95.79 93.37 91.03 88.77 86.61 84.54 82.57 80.70 78.93 77.27 75.72 74.27 72.95 71.73 70.64 69.68 68.84 68.13 67.55 67.11 66.86 66.66 66.24 65.68 65.09 64.46 63.79 63.10
219.42 220.50 221.25 221.68 221.77 221.53 220.94 220.00 218.71 217.06 215.05 212.66 209.92 206.90 203.67 200.24 196.66 192.97 189.24 185.52 181.79 178.08 174.38 170.69 167.01 163.36 159.73 156.12 152.54 149.00 145.49 142.01 138.58 135.19 131.84 128.55 125.31 122.12 118.99 115.92 112.92 109.98 107.12 104.33 101.61 98.97 96.42 93.95 91.57 89.28 87.09 84.99 82.99 81.10 79.31 77.64 76.07 74.62 73.29 72.08 70.99 70.03 69.20 68.51 67.95 67.54 67.31 67.29 67.34 67.13 66.63 66.00 65.34 64.65 63.93
221.02 222.02 222.68 223.01 222.99 222.63 221.91 220.83 219.38 217.57 215.38 212.83 210.00 206.95 203.69 200.24 196.64 192.88 189.03 185.15 181.28 177.43 173.59 169.77 165.98 162.21 158.47 154.77 151.10 147.46 143.87 140.32 136.82 133.37 129.98 126.63 123.35 120.13 116.98 113.89 110.87 107.93 105.07 102.28 99.58 96.96 94.44 92.00 89.66 87.42 85.28 83.25 81.32 79.50 77.79 76.20 74.73 73.38 72.16 71.06 70.09 69.26 68.57 68.02 67.61 67.39 67.40 67.62 67.91 67.93 67.63 67.06 66.36 65.64 64.88
222.42 223.33 223.89 224.10 223.96 223.46 222.60 221.37 219.76 217.78 215.42 212.78 209.92 206.84 203.56 200.09 196.47 192.70 188.79 184.78 180.76 176.77 172.79 168.84 164.93 161.04 157.20 153.39 149.62 145.89 142.22 138.60 135.02 131.51 128.06 124.67 121.34 118.08 114.90 111.79 108.76 105.80 102.94 100.16 97.46 94.87 92.36 89.96 87.66 85.46 83.37 81.39 79.52 77.78 76.15 74.64 73.26 72.01 70.89 69.90 69.06 68.35 67.79 67.38 67.16 67.17 67.41 67.85 68.37 68.61 68.54 68.16 67.51 66.75 65.96
223.61 224.41 224.86 224.95 224.68 224.03 223.02 221.62 219.84 217.68 215.24 212.57 209.68 206.58 203.28 199.80 196.16 192.38 188.45 184.39 180.25 176.11 172.00 167.91 163.87 159.87 155.90 151.99 148.12 144.30 140.54 136.84 133.19 129.61 126.10 122.65 119.28 115.99 112.77 109.63 106.58 103.61 100.74 97.96 95.27 92.69 90.21 87.83 85.56 83.40 81.36 79.44 77.63 75.95 74.40 72.97 71.68 70.52 69.50 68.62 67.89 67.30 66.87 66.64 66.64 66.88 67.33 68.00 68.72 69.18 69.33 69.17 68.70 67.98 67.15
224.57 225.25 225.58 225.54 225.12 224.32 223.14 221.57 219.62 217.37 214.90 212.20 209.29 206.17 202.86 199.37 195.72 191.93 187.99 183.92 179.73 175.47 171.21 167.00 162.82 158.69 154.61 150.59 146.62 142.70 138.85 135.06 131.34 127.69 124.11 120.61 117.19 113.85 110.60 107.43 104.35 101.37 98.49 95.70 93.02 90.45 87.98 85.63 83.39 81.27 79.27 77.40 75.65 74.03 72.55 71.20 69.99 68.92 68.00 67.23 66.61 66.14 65.88 65.86 66.08 66.52 67.19 68.05 68.98 69.64 70.00 70.05 69.79 69.25 68.45
225.29 225.85 226.04 225.85 225.28 224.31 222.95 221.21 219.17 216.90 214.40 211.68 208.75 205.63 202.31 198.81 195.16 191.35 187.41 183.33 179.14 174.83 170.46 166.10 161.79 157.54 153.34 149.20 145.12 141.11 137.16 133.28 129.48 125.76 122.12 118.55 115.08 111.69 108.40 105.20 102.10 99.09 96.20 93.41 90.73 88.16 85.71 83.37 81.16 79.07 77.12 75.29 73.59 72.04 70.62 69.35 68.22 67.24 66.41 65.74 65.23 64.92 64.87 65.06 65.47 66.12 66.97 68.03 69.15 70.01 70.55 70.80 70.75 70.40 69.78
225.75 226.18 226.23 225.88 225.14 224.00 222.47 220.64 218.57 216.27 213.75 211.01 208.08 204.94 201.62 198.12 194.47 190.66 186.71 182.64 178.44 174.13 169.71 165.24 160.80 156.41 152.09 147.83 143.64 139.52 135.48 131.52 127.63 123.83 120.12 116.49 112.96 109.52 106.18 102.95 99.81 96.79 93.88 91.08 88.39 85.83 83.39 81.07 78.88 76.82 74.90 73.12 71.48 69.98 68.62 67.42 66.37 65.47 64.73 64.16 63.80 63.70 63.84 64.22 64.83 65.66 66.70 67.94 69.23 70.27 71.00 71.43 71.57 71.42 70.99
225.96 226.24 226.13 225.62 224.70 223.39 221.77 219.91 217.81 215.49 212.95 210.21 207.26 204.12 200.80 197.31 193.65 189.85 185.90 181.83 177.63 173.32 168.91 164.40 159.85 155.33 150.88 146.50 142.20 137.97 133.83 129.77 125.80 121.92 118.13 114.44 110.84 107.35 103.97 100.69 97.53 94.47 91.54 88.73 86.04 83.47 81.04 78.73 76.56 74.54 72.65 70.90 69.31 67.86 66.57 65.43 64.45 63.64 62.99 62.56 62.39 62.48 62.81 63.37 64.16 65.17 66.38 67.79 69.25 70.45 71.36 71.96 72.28 72.31 72.06
225.89 226.02 225.73 225.04 223.95 222.55 220.90 219.02 216.90 214.56 212.02 209.26 206.31 203.18 199.86 196.37 192.72 188.93 184.99 180.92 176.73 172.42 168.01 163.51 158.93 154.30 149.72 145.22 140.80 136.46 132.22 128.06 124.00 120.03 116.17 112.40 108.75 105.20 101.76 98.44 95.24 92.16 89.20 86.37 83.67 81.10 78.67 76.38 74.23 72.22 70.36 68.65 67.10 65.70 64.47 63.39 62.49 61.75 61.24 61.00 61.01 61.27 61.77 62.51 63.47 64.64 66.01 67.57 69.19 70.55 71.62 72.38 72.86 73.06 72.99
225.54 225.49 225.03 224.17 222.99 221.56 219.88 217.98 215.84 213.50 210.94 208.19 205.24 202.10 198.80 195.32 191.69 187.90 183.97 179.91 175.73 171.43 167.04 162.54 157.96 153.31 148.63 144.00 139.46 135.01 130.65 126.40 122.24 118.19 114.24 110.40 106.68 103.07 99.58 96.22 92.97 89.86 86.87 84.02 81.31 78.73 76.30 74.01 71.88 69.89 68.06 66.38 64.87 63.52 62.34 61.32 60.49 59.88 59.54 59.47 59.65 60.08 60.75 61.64 62.76 64.08 65.60 67.31 69.07 70.58 71.79 72.71 73.34 73.70 73.78
224.89 224.66 224.03 223.07 221.86 220.41 218.71 216.79 214.65 212.29 209.73 206.98 204.04 200.91 197.62 194.16 190.54 186.77 182.85 178.81 174.64 170.36 165.97 161.49 156.93 152.29 147.58 142.85 138.19 133.62 129.15 124.79 120.54 116.40 112.37 108.45 104.66 100.99 97.44 94.02 90.73 87.58 84.57 81.69 78.96 76.38 73.94 71.66 69.53 67.56 65.75 64.10 62.63 61.32 60.19 59.24 58.52 58.07 57.90 57.99 58.33 58.92 59.74 60.78 62.04 63.50 65.16 67.00 68.89 70.54 71.89 72.95 73.72 74.22 74.46
223.92 223.53 222.80 221.82 220.58 219.10 217.40 215.46 213.31 210.96 208.40 205.65 202.72 199.61 196.33 192.89 189.29 185.54 181.64 177.62 173.47 169.20 164.84 160.37 155.83 151.20 146.51 141.76 137.00 132.31 127.73 123.26 118.91 114.67 110.55 106.56 102.69 98.95 95.35 91.87 88.54 85.35 82.30 79.39 76.64 74.04 71.60 69.32 67.19 65.24 63.45 61.83 60.39 59.12 58.04 57.20 56.63 56.35 56.33 56.57 57.06 57.79 58.75 59.93 61.32 62.91 64.70 66.66 68.67 70.44 71.91 73.10 74.01 74.64 75.01
222.66 222.17 221.41 220.40 219.15 217.66 215.94 214.00 211.85 209.49 206.94 204.20 201.28 198.19 194.93 191.52 187.94 184.21 180.34 176.34 172.21 167.97 163.63 159.19 154.66 150.05 145.38 140.65 135.88 131.10 126.40 121.82 117.36 113.03 108.82 104.74 100.79 96.98 93.31 89.78 86.40 83.16 80.07 77.14 74.37 71.75 69.30 67.01 64.89 62.94 61.17 59.58 58.16 56.94 55.96 55.26 54.85 54.71 54.83 55.21 55.84 56.70 57.79 59.09 60.60 62.31 64.21 66.29 68.41 70.28 71.87 73.18 74.20 74.96 75.46
221.17 220.65 219.87 218.84 217.57 216.07 214.35 212.40 210.25 207.90 205.36 202.63 199.73 196.66 193.44 190.05 186.50 182.80 178.96 174.98 170.88 166.67 162.35 157.93 153.43 148.85 144.21 139.50 134.75 129.96 125.17 120.48 115.91 111.47 107.17 103.01 98.98 95.09 91.36 87.77 84.33 81.04 77.91 74.95 72.14 69.51 67.04 64.75 62.63 60.68 58.93 57.35 55.97 54.83 53.99 53.44 53.16 53.16 53.42 53.92 54.67 55.66 56.86 58.28 59.90 61.72 63.72 65.89 68.11 70.09 71.78 73.18 74.32 75.19 75.80
219.52 218.97 218.18 217.13 215.85 214.35 212.62 210.68 208.53 206.19 203.67 200.96 198.08 195.04 191.84 188.49 184.97 181.30 177.49 173.55 169.48 165.30 161.01 156.62 152.15 147.60 142.98 138.31 133.58 128.82 124.02 119.24 114.57 110.03 105.63 101.37 97.26 93.30 89.49 85.83 82.34 79.00 75.83 72.82 69.99 67.33 64.84 62.54 60.42 58.48 56.73 55.17 53.87 52.87 52.16 51.74 51.59 51.71 52.09 52.71 53.58 54.67 55.98 57.50 59.22 61.13 63.22 65.48 67.78 69.85 71.63 73.13 74.36 75.33 76.04
217.71 217.15 216.34 215.29 214.00 212.49 210.76 208.83 206.70 204.37 201.86 199.18 196.32 193.31 190.15 186.83 183.35 179.72 175.95 172.04 168.01 163.86 159.61 155.26 150.82 146.30 141.72 137.08 132.38 127.65 122.89 118.10 113.34 108.70 104.20 99.84 95.64 91.60 87.72 84.00 80.44 77.05 73.83 70.78 67.92 65.23 62.72 60.40 58.27 56.33 54.59 53.11 51.94 51.06 50.47 50.17 50.14 50.37 50.85 51.58 52.55 53.74 55.14 56.75 58.56 60.55 62.72 65.06 67.44 69.58 71.44 73.02 74.34 75.39 76.19
215.76 215.18 214.36 213.30 212.01 210.51 208.79 206.86 204.74 202.44 199.95 197.29 194.47 191.49 188.37 185.10 181.66 178.07 174.34 170.47 166.47 162.37 158.15 153.84 149.44 144.96 140.42 135.81 131.16 126.46 121.73 116.98 112.22 107.50 102.89 98.44 94.15 90.02 86.06 82.27 78.65 75.20 71.93 68.84 65.93 63.22 60.69 58.35 56.21 54.27 52.59 51.23 50.17 49.41 48.93 48.74 48.81 49.14 49.72 50.55 51.60 52.87 54.36 56.05 57.93 60.00 62.24 64.64 67.08 69.28 71.21 72.86 74.25 75.38 76.26
213.66 213.07 212.25 211.18 209.90 208.40 206.69 204.78 202.68 200.40 197.94 195.31 192.52 189.59 186.51 183.28 179.89 176.34 172.65 168.83 164.88 160.82 156.65 152.38 148.02 143.59 139.08 134.52 129.90 125.25 120.56 115.85 111.13 106.41 101.73 97.18 92.79 88.58 84.53 80.67 76.98 73.47 70.14 67.01 64.06 61.30 58.75 56.39 54.24 52.36 50.79 49.53 48.58 47.92 47.55 47.45 47.61 48.03 48.70 49.60 50.74 52.08 53.64 55.40 57.34 59.47 61.76 64.22 66.71 68.97 70.95 72.66 74.11 75.31 76.25
211.42 210.83 210.00 208.94 207.66 206.17 204.48 202.59 200.51 198.25 195.83 193.23 190.49 187.60 184.56 181.38 178.04 174.55 170.91 167.13 163.23 159.22 155.09 150.87 146.56 142.18 137.72 133.20 128.63 124.02 119.38 114.72 110.04 105.36 100.68 96.06 91.58 87.27 83.14 79.20 75.44 71.86 68.48 65.29 62.30 59.51 56.92 54.55 52.44 50.66 49.19 48.03 47.18 46.61 46.32 46.31 46.55 47.05 47.79 48.77 49.96 51.38 52.99 54.80 56.80 58.98 61.32 63.81 66.34 68.64 70.66 72.43 73.93 75.18 76.18
209.05 208.45 207.62 206.57 205.31 203.83 202.16 200.29 198.24 196.01 193.62 191.07 188.37 185.52 182.54 179.42 176.13 172.69 169.10 165.38 161.54 157.57 153.50 149.33 145.07 140.74 136.33 131.86 127.34 122.78 118.19 113.58 108.95 104.31 99.69 95.07 90.52 86.12 81.91 77.88 74.04 70.40 66.96 63.71 60.68 57.84 55.23 52.89 50.87 49.18 47.81 46.74 45.97 45.48 45.27 45.33 45.64 46.21 47.01 48.04 49.29 50.76 52.42 54.28 56.31 58.52 60.90 63.42 65.98 68.31 70.37 72.16 73.70 74.99 76.04
206.54 205.95 205.13 204.09 202.83 201.38 199.73 197.89 195.87 193.68 191.33 188.82 186.17 183.37 180.45 177.38 174.16 170.77 167.24 163.58 159.79 155.88 151.87 147.76 143.55 139.27 134.92 130.51 126.04 121.54 117.00 112.44 107.86 103.28 98.70 94.14 89.61 85.14 80.83 76.72 72.81 69.09 65.59 62.28 59.19 56.32 53.73 51.48 49.55 47.94 46.65 45.65 44.95 44.53 44.39 44.51 44.88 45.50 46.35 47.43 48.73 50.23 51.93 53.82 55.88 58.12 60.51 63.06 65.63 67.98 70.06 71.88 73.44 74.76 75.84
