data_output/RCH/Precip_1985_08.asc
ncols        168
nrows        136
xllcorner    455000
yllcorner    2107000
cellsize     500
NODATA_value     -99999
[rows 33 to 65 of 136, columns 74 to 147 of 168]
86.31 85.63 84.98 84.36 83.78 83.24 82.75 82.32 81.93 81.59 81.29 81.03 80.81 80.62 80.47 80.35 80.27 80.20 80.17 80.15 80.15 80.18 80.21 80.26 80.32 80.39 80.47 80.55 80.63 80.71 80.79 80.86 80.92 80.97 81.01 81.04 81.05 81.04 81.01 80.94 80.77 80.46 80.02 79.43 78.70 77.83 76.80 75.63 74.32 73.10 72.24 71.72 71.52 71.61 71.97 72.57 73.37 74.36 75.47 76.60 77.72 78.82 79.91 80.97 82.01 83.01 83.97 84.88 85.74 86.55 87.30 87.98 88.58 89.12
86.39 85.69 85.02 84.39 83.80 83.27 82.79 82.36 81.97 81.63 81.33 81.08 80.86 80.67 80.52 80.40 80.31 80.24 80.20 80.18 80.18 80.20 80.23 80.27 80.32 80.38 80.45 80.52 80.59 80.65 80.72 80.78 80.83 80.86 80.89 80.90 80.89 80.86 80.81 80.74 80.62 80.40 80.04 79.53 78.88 78.08 77.13 76.03 74.78 73.63 72.83 72.39 72.26 72.43 72.86 73.54 74.42 75.45 76.52 77.60 78.68 79.76 80.84 81.90 82.94 83.97 84.96 85.92 86.84 87.72 88.55 89.32 90.04 90.69
86.47 85.75 85.06 84.43 83.85 83.32 82.85 82.42 82.04 81.70 81.41 81.15 80.93 80.75 80.59 80.47 80.38 80.31 80.26 80.24 80.23 80.24 80.27 80.30 80.35 80.40 80.45 80.51 80.57 80.63 80.68 80.72 80.76 80.78 80.79 80.79 80.76 80.72 80.65 80.55 80.43 80.26 79.99 79.57 79.00 78.28 77.40 76.37 75.19 74.12 73.39 73.02 72.97 73.22 73.73 74.49 75.41 76.40 77.41 78.44 79.49 80.55 81.61 82.67 83.73 84.78 85.81 86.82 87.80 88.75 89.66 90.54 91.36 92.14
86.54 85.81 85.12 84.50 83.92 83.40 82.93 82.51 82.13 81.80 81.50 81.25 81.03 80.85 80.69 80.57 80.48 80.40 80.35 80.33 80.31 80.32 80.34 80.36 80.40 80.44 80.49 80.54 80.59 80.63 80.67 80.70 80.72 80.73 80.73 80.71 80.66 80.60 80.52 80.40 80.26 80.09 79.87 79.53 79.05 78.41 77.62 76.67 75.56 74.56 73.92 73.62 73.65 73.98 74.58 75.37 76.25 77.16 78.12 79.11 80.12 81.16 82.21 83.28 84.35 85.43 86.50 87.56 88.60 89.63 90.63 91.60 92.54 93.44
86.62 85.89 85.21 84.59 84.03 83.51 83.05 82.63 82.26 81.92 81.63 81.38 81.16 80.98 80.83 80.70 80.61 80.53 80.48 80.45 80.43 80.43 80.44 80.46 80.49 80.52 80.56 80.60 80.64 80.67 80.70 80.72 80.73 80.72 80.70 80.66 80.61 80.53 80.42 80.29 80.13 79.94 79.71 79.43 79.04 78.49 77.78 76.91 75.89 74.96 74.40 74.19 74.30 74.72 75.35 76.09 76.88 77.73 78.63 79.58 80.56 81.58 82.63 83.70 84.79 85.90 87.01 88.12 89.24 90.34 91.43 92.51 93.56 94.58
86.73 86.00 85.34 84.72 84.16 83.66 83.20 82.78 82.41 82.09 81.80 81.55 81.33 81.15 81.00 80.87 80.77 80.70 80.64 80.60 80.58 80.58 80.58 80.60 80.62 80.65 80.67 80.70 80.73 80.75 80.77 80.77 80.77 80.75 80.72 80.66 80.59 80.49 80.37 80.22 80.04 79.83 79.58 79.30 78.96 78.50 77.88 77.09 76.16 75.32 74.84 74.71 74.92 75.37 75.94 76.58 77.30 78.09 78.94 79.84 80.80 81.80 82.85 83.93 85.04 86.17 87.33 88.50 89.68 90.87 92.05 93.23 94.40 95.55
86.87 86.16 85.50 84.89 84.34 83.84 83.39 82.98 82.61 82.29 82.01 81.76 81.54 81.36 81.21 81.08 80.98 80.90 80.85 80.80 80.78 80.77 80.77 80.78 80.79 80.81 80.83 80.85 80.87 80.88 80.88 80.88 80.86 80.83 80.78 80.71 80.62 80.51 80.37 80.20 80.00 79.77 79.50 79.20 78.85 78.45 77.92 77.23 76.38 75.62 75.23 75.20 75.44 75.81 76.28 76.85 77.49 78.22 79.02 79.89 80.82 81.81 82.85 83.94 85.07 86.25 87.45 88.68 89.93 91.20 92.48 93.76 95.05 96.33
87.06 86.35 85.70 85.11 84.56 84.07 83.62 83.22 82.86 82.54 82.26 82.01 81.80 81.62 81.46 81.34 81.24 81.16 81.10 81.05 81.02 81.01 81.00 81.00 81.01 81.02 81.03 81.04 81.05 81.05 81.05 81.03 81.00 80.95 80.89 80.80 80.70 80.57 80.41 80.23 80.01 79.76 79.47 79.15 78.78 78.37 77.90 77.30 76.54 75.88 75.58 75.58 75.74 76.01 76.38 76.86 77.44 78.10 78.86 79.69 80.60 81.58 82.62 83.73 84.88 86.09 87.34 88.64 89.96 91.32 92.69 94.09 95.50 96.91
87.29 86.59 85.95 85.36 84.83 84.34 83.90 83.50 83.15 82.83 82.56 82.31 82.10 81.92 81.77 81.64 81.54 81.46 81.40 81.35 81.32 81.30 81.29 81.28 81.28 81.29 81.29 81.29 81.29 81.28 81.26 81.23 81.19 81.13 81.05 80.95 80.83 80.69 80.51 80.31 80.08 79.81 79.50 79.15 78.77 78.34 77.86 77.32 76.65 76.08 75.82 75.73 75.77 75.94 76.22 76.62 77.12 77.73 78.44 79.24 80.13 81.10 82.15 83.27 84.45 85.70 87.01 88.36 89.76 91.20 92.68 94.19 95.72 97.27
87.57 86.89 86.25 85.68 85.15 84.67 84.23 83.84 83.49 83.18 82.91 82.67 82.46 82.28 82.13 82.00 81.90 81.82 81.75 81.70 81.67 81.64 81.63 81.62 81.61 81.61 81.60 81.60 81.58 81.57 81.54 81.49 81.44 81.37 81.28 81.16 81.03 80.87 80.68 80.45 80.20 79.91 79.59 79.22 78.81 78.36 77.86 77.31 76.71 76.17 75.81 75.59 75.52 75.58 75.78 76.09 76.54 77.09 77.76 78.53 79.40 80.36 81.41 82.55 83.77 85.06 86.42 87.84 89.32 90.85 92.43 94.05 95.71 97.40
87.87 87.20 86.58 86.01 85.49 85.02 84.59 84.20 83.86 83.56 83.29 83.05 82.84 82.67 82.52 82.39 82.29 82.20 82.14 82.09 82.05 82.02 82.00 81.98 81.97 81.96 81.95 81.93 81.91 81.89 81.85 81.79 81.73 81.64 81.54 81.41 81.26 81.08 80.88 80.64 80.37 80.06 79.72 79.33 78.90 78.43 77.91 77.34 76.72 76.12 75.62 75.28 75.09 75.04 75.14 75.38 75.75 76.25 76.87 77.61 78.46 79.41 80.47 81.62 82.87 84.19 85.60 87.09 88.64 90.26 91.94 93.67 95.46 97.28
88.11 87.45 86.84 86.28 85.77 85.31 84.89 84.51 84.18 83.88 83.61 83.38 83.18 83.01 82.86 82.74 82.64 82.55 82.49 82.43 82.39 82.36 82.34 82.32 82.30 82.29 82.27 82.25 82.22 82.18 82.13 82.07 81.99 81.90 81.78 81.64 81.48 81.29 81.07 80.81 80.53 80.20 79.84 79.44 78.99 78.50 77.95 77.37 76.77 76.15 75.56 75.07 74.75 74.58 74.57 74.72 75.00 75.43 75.99 76.68 77.49 78.42 79.46 80.61 81.87 83.22 84.67 86.20 87.81 89.50 91.27 93.09 94.99 96.93
88.28 87.63 87.04 86.49 85.99 85.54 85.13 84.76 84.44 84.14 83.89 83.66 83.47 83.30 83.16 83.04 82.94 82.86 82.79 82.74 82.70 82.66 82.64 82.62 82.60 82.58 82.56 82.53 82.50 82.45 82.40 82.33 82.24 82.13 82.01 81.86 81.68 81.48 81.24 80.98 80.68 80.34 79.96 79.54 79.07 78.56 78.01 77.43 76.84 76.24 75.63 75.05 74.58 74.27 74.14 74.16 74.35 74.68 75.16 75.78 76.54 77.43 78.44 79.57 80.82 82.18 83.64 85.20 86.86 88.60 90.43 92.34 94.32 96.37
88.39 87.75 87.17 86.64 86.15 85.71 85.32 84.96 84.64 84.36 84.11 83.89 83.71 83.54 83.41 83.29 83.20 83.12 83.06 83.01 82.97 82.93 82.91 82.89 82.87 82.84 82.82 82.79 82.75 82.70 82.64 82.56 82.47 82.35 82.22 82.06 81.87 81.66 81.41 81.13 80.82 80.46 80.07 79.63 79.15 78.63 78.08 77.51 76.94 76.36 75.77 75.17 74.59 74.13 73.85 73.75 73.81 74.03 74.42 74.95 75.64 76.46 77.43 78.52 79.75 81.09 82.55 84.13 85.81 87.59 89.46 91.43 93.48 95.61
88.43 87.82 87.25 86.73 86.26 85.84 85.45 85.11 84.80 84.53 84.29 84.08 83.90 83.75 83.62 83.51 83.42 83.35 83.29 83.24 83.21 83.18 83.15 83.13 83.11 83.09 83.06 83.03 82.99 82.93 82.87 82.79 82.69 82.57 82.42 82.26 82.06 81.84 81.58 81.29 80.96 80.60 80.19 79.74 79.25 78.72 78.18 77.63 77.07 76.50 75.93 75.34 74.75 74.19 73.75 73.49 73.41 73.51 73.78 74.21 74.80 75.55 76.45 77.49 78.67 79.98 81.43 82.99 84.68 86.47 88.38 90.39 92.49 94.69
88.43 87.83 87.28 86.78 86.33 85.91 85.54 85.21 84.92 84.66 84.43 84.24 84.07 83.92 83.80 83.70 83.62 83.55 83.50 83.46 83.43 83.40 83.38 83.36 83.34 83.32 83.29 83.26 83.21 83.16 83.09 83.00 82.90 82.77 82.63 82.45 82.25 82.02 81.75 81.45 81.11 80.74 80.32 79.86 79.36 78.85 78.31 77.77 77.22 76.67 76.11 75.54 74.97 74.39 73.83 73.41 73.18 73.13 73.26 73.58 74.06 74.71 75.52 76.49 77.61 78.88 80.28 81.82 83.49 85.29 87.21 89.24 91.38 93.62
88.43 87.80 87.27 86.79 86.35 85.96 85.60 85.29 85.01 84.76 84.55 84.36 84.21 84.07 83.96 83.87 83.80 83.74 83.69 83.66 83.63 83.61 83.59 83.58 83.56 83.54 83.51 83.48 83.44 83.38 83.31 83.22 83.11 82.99 82.83 82.65 82.44 82.21 81.93 81.62 81.28 80.89 80.46 80.00 79.51 78.99 78.47 77.93 77.40 76.87 76.32 75.77 75.21 74.65 74.08 73.53 73.13 72.92 72.90 73.07 73.43 73.97 74.67 75.55 76.59 77.79 79.14 80.64 82.28 84.06 85.97 88.00 90.16 92.43
88.47 87.78 87.23 86.76 86.34 85.96 85.63 85.33 85.07 84.84 84.64 84.47 84.32 84.20 84.10 84.02 83.96 83.91 83.87 83.84 83.82 83.81 83.80 83.79 83.78 83.76 83.74 83.71 83.66 83.61 83.54 83.45 83.34 83.21 83.05 82.87 82.66 82.41 82.13 81.82 81.46 81.07 80.63 80.17 79.68 79.16 78.64 78.12 77.60 77.09 76.56 76.02 75.48 74.93 74.37 73.82 73.29 72.90 72.71 72.73 72.94 73.34 73.93 74.70 75.64 76.75 78.03 79.47 81.06 82.80 84.68 86.71 88.86 91.15
88.55 87.80 87.19 86.71 86.31 85.95 85.63 85.35 85.11 84.89 84.71 84.55 84.42 84.32 84.23 84.16 84.11 84.07 84.04 84.03 84.01 84.01 84.00 84.00 83.99 83.98 83.96 83.94 83.90 83.84 83.77 83.69 83.58 83.45 83.29 83.10 82.89 82.64 82.36 82.04 81.67 81.27 80.83 80.36 79.87 79.36 78.85 78.34 77.83 77.33 76.82 76.30 75.77 75.23 74.69 74.15 73.60 73.09 72.72 72.56 72.61 72.86 73.31 73.95 74.77 75.78 76.97 78.33 79.85 81.54 83.38 85.37 87.51 89.79
88.67 87.86 87.20 86.67 86.25 85.91 85.62 85.36 85.13 84.94 84.77 84.63 84.52 84.42 84.35 84.30 84.26 84.23 84.22 84.21 84.21 84.21 84.22 84.22 84.22 84.22 84.21 84.18 84.15 84.10 84.03 83.95 83.84 83.71 83.55 83.36 83.15 82.90 82.61 82.28 81.91 81.49 81.05 80.57 80.08 79.58 79.07 78.57 78.08 77.60 77.10 76.60 76.08 75.56 75.04 74.51 73.97 73.44 72.94 72.59 72.46 72.54 72.83 73.33 74.02 74.91 75.99 77.25 78.69 80.30 82.08 84.02 86.12 88.38
88.82 87.96 87.25 86.67 86.22 85.87 85.59 85.35 85.15 84.97 84.82 84.70 84.61 84.53 84.48 84.44 84.41 84.40 84.40 84.40 84.41 84.43 84.44 84.46 84.47 84.47 84.46 84.45 84.42 84.38 84.31 84.23 84.13 84.00 83.84 83.65 83.44 83.19 82.89 82.55 82.17 81.74 81.29 80.81 80.32 79.82 79.32 78.83 78.36 77.89 77.41 76.92 76.42 75.91 75.40 74.89 74.37 73.85 73.33 72.84 72.52 72.41 72.52 72.86 73.40 74.15 75.10 76.24 77.58 79.10 80.80 82.68 84.73 86.93
89.02 88.11 87.35 86.73 86.23 85.85 85.57 85.35 85.16 85.01 84.88 84.78 84.70 84.65 84.61 84.58 84.58 84.58 84.59 84.61 84.64 84.66 84.69 84.71 84.73 84.75 84.75 84.74 84.72 84.68 84.63 84.55 84.45 84.32 84.17 83.99 83.77 83.51 83.20 82.85 82.45 82.01 81.55 81.07 80.58 80.09 79.59 79.12 78.65 78.20 77.73 77.26 76.78 76.29 75.79 75.29 74.78 74.28 73.77 73.27 72.80 72.49 72.41 72.56 72.94 73.53 74.33 75.34 76.56 77.97 79.58 81.37 83.34 85.49
89.25 88.29 87.49 86.83 86.29 85.88 85.57 85.35 85.18 85.05 84.95 84.87 84.81 84.77 84.75 84.75 84.76 84.78 84.81 84.84 84.88 84.92 84.96 85.00 85.03 85.05 85.07 85.07 85.05 85.02 84.98 84.90 84.81 84.69 84.54 84.36 84.14 83.86 83.53 83.16 82.75 82.30 81.83 81.35 80.86 80.37 79.89 79.42 78.97 78.53 78.08 77.62 77.15 76.68 76.20 75.71 75.22 74.73 74.23 73.74 73.25 72.80 72.52 72.47 72.65 73.07 73.71 74.57 75.65 76.93 78.42 80.11 81.99 84.06
89.52 88.52 87.67 86.97 86.40 85.96 85.62 85.38 85.22 85.11 85.03 84.97 84.93 84.92 84.92 84.93 84.96 85.00 85.05 85.10 85.15 85.21 85.26 85.31 85.36 85.39 85.42 85.43 85.43 85.41 85.37 85.31 85.22 85.11 84.96 84.78 84.54 84.24 83.89 83.49 83.07 82.61 82.14 81.65 81.16 80.67 80.20 79.74 79.31 78.88 78.45 78.01 77.55 77.09 76.62 76.15 75.68 75.20 74.72 74.24 73.76 73.29 72.85 72.59 72.57 72.79 73.25 73.94 74.86 76.00 77.36 78.92 80.69 82.67
89.82 88.78 87.89 87.16 86.56 86.09 85.73 85.46 85.29 85.18 85.13 85.09 85.08 85.09 85.11 85.15 85.19 85.25 85.32 85.39 85.46 85.53 85.60 85.67 85.73 85.78 85.82 85.84 85.85 85.84 85.81 85.76 85.68 85.58 85.43 85.22 84.95 84.63 84.26 83.85 83.41 82.94 82.46 81.97 81.48 81.00 80.53 80.08 79.66 79.26 78.84 78.41 77.97 77.52 77.07 76.61 76.15 75.68 75.22 74.75 74.29 73.83 73.37 72.95 72.72 72.73 72.99 73.49 74.23 75.21 76.41 77.84 79.48 81.34
90.16 89.07 88.16 87.39 86.76 86.27 85.88 85.60 85.41 85.30 85.25 85.24 85.26 85.29 85.33 85.39 85.46 85.54 85.63 85.72 85.81 85.90 85.99 86.07 86.15 86.21 86.27 86.31 86.33 86.33 86.31 86.27 86.20 86.09 85.92 85.68 85.38 85.04 84.64 84.22 83.76 83.29 82.80 82.31 81.82 81.34 80.88 80.44 80.04 79.65 79.24 78.83 78.41 77.97 77.54 77.09 76.64 76.19 75.74 75.28 74.83 74.38 73.94 73.50 73.10 72.89 72.93 73.23 73.78 74.57 75.61 76.88 78.37 80.10
90.52 89.40 88.45 87.66 87.01 86.49 86.09 85.80 85.60 85.48 85.43 85.43 85.47 85.53 85.60 85.68 85.78 85.88 85.99 86.10 86.21 86.32 86.43 86.53 86.62 86.70 86.77 86.83 86.87 86.88 86.88 86.85 86.78 86.64 86.43 86.16 85.83 85.46 85.05 84.61 84.14 83.65 83.16 82.67 82.18 81.70 81.25 80.82 80.43 80.05 79.67 79.27 78.86 78.44 78.02 77.59 77.15 76.72 76.28 75.83 75.40 74.96 74.53 74.10 73.68 73.30 73.11 73.19 73.52 74.12 74.96 76.06 77.39 78.96
90.91 89.77 88.79 87.97 87.30 86.76 86.35 86.05 85.84 85.72 85.66 85.67 85.73 85.81 85.91 86.02 86.14 86.26 86.39 86.53 86.66 86.79 86.92 87.04 87.16 87.26 87.34 87.41 87.47 87.50 87.51 87.48 87.38 87.20 86.96 86.66 86.30 85.91 85.47 85.01 84.53 84.04 83.54 83.04 82.55 82.08 81.63 81.21 80.84 80.48 80.11 79.72 79.33 78.93 78.52 78.10 77.68 77.26 76.83 76.40 75.97 75.55 75.13 74.71 74.30 73.90 73.55 73.38 73.49 73.87 74.51 75.41 76.56 77.96
91.33 90.16 89.16 88.32 87.63 87.08 86.66 86.34 86.13 86.01 85.96 85.98 86.04 86.15 86.27 86.41 86.55 86.70 86.86 87.02 87.18 87.33 87.48 87.62 87.76 87.88 87.98 88.07 88.14 88.19 88.20 88.13 87.99 87.78 87.50 87.17 86.79 86.37 85.91 85.44 84.94 84.44 83.93 83.43 82.94 82.47 82.03 81.62 81.26 80.92 80.56 80.19 79.82 79.43 79.03 78.63 78.22 77.81 77.40 76.98 76.57 76.16 75.75 75.34 74.95 74.55 74.17 73.84 73.70 73.84 74.26 74.95 75.90 77.12
91.78 90.58 89.56 88.70 88.00 87.44 87.01 86.69 86.48 86.36 86.32 86.34 86.42 86.54 86.69 86.86 87.03 87.21 87.39 87.58 87.76 87.94 88.11 88.28 88.43 88.57 88.70 88.81 88.90 88.95 88.92 88.81 88.62 88.37 88.06 87.70 87.29 86.84 86.37 85.87 85.37 84.85 84.34 83.83 83.34 82.88 82.44 82.05 81.70 81.37 81.03 80.68 80.32 79.94 79.56 79.17 78.78 78.38 77.98 77.58 77.18 76.78 76.38 75.99 75.60 75.22 74.85 74.49 74.18 74.07 74.25 74.70 75.44 76.45
92.25 91.03 89.99 89.12 88.41 87.84 87.40 87.09 86.88 86.76 86.73 86.77 86.87 87.01 87.18 87.37 87.58 87.78 87.99 88.20 88.41 88.62 88.82 89.01 89.18 89.35 89.50 89.63 89.72 89.73 89.65 89.49 89.27 88.98 88.63 88.24 87.80 87.33 86.84 86.33 85.80 85.28 84.76 84.25 83.76 83.30 82.87 82.49 82.15 81.84 81.52 81.18 80.83 80.47 80.11 79.73 79.35 78.97 78.58 78.19 77.80 77.42 77.03 76.65 76.27 75.90 75.54 75.19 74.85 74.57 74.49 74.70 75.20 75.98
92.75 91.51 90.45 89.57 88.85 88.28 87.84 87.53 87.33 87.22 87.20 87.26 87.37 87.54 87.74 87.96 88.19 88.43 88.67 88.91 89.15 89.38 89.61 89.82 90.02 90.21 90.38 90.52 90.56 90.52 90.40 90.20 89.93 89.60 89.22 88.79 88.33 87.84 87.32 86.79 86.26 85.72 85.19 84.68 84.19 83.74 83.32 82.94 82.62 82.32 82.02 81.69 81.36 81.02 80.66 80.30 79.94 79.57 79.19 78.82 78.44 78.06 77.69 77.32 76.96 76.60 76.25 75.91 75.58 75.26 75.00 74.95 75.20 75.74
93.27 92.01 90.95 90.06 89.33 88.76 88.32 88.02 87.82 87.73 87.73 87.80 87.94 88.13 88.36 88.62 88.89 89.16 89.43 89.70 89.97 90.23 90.48 90.73 90.96 91.17 91.34 91.43 91.42 91.33 91.15 90.91 90.60 90.23 89.82 89.36 88.87 88.35 87.82 87.27 86.72 86.18 85.64 85.13 84.64 84.18 83.77 83.41 83.10 82.82 82.53 82.22 81.90 81.57 81.23 80.89 80.53 80.18 79.82 79.45 79.09 78.73 78.36 78.01 77.65 77.31 76.97 76.64 76.32 76.01 75.72 75.48 75.46 75.74
