data_output/RCH/Precip_2004_01.asc
ncols        168
nrows        136
xllcorner    455000
yllcorner    2107000
cellsize     500
NODATA_value     -99999
[rows 68 to 101 of 136, columns 78 to 155 of 168]
6.41 6.07 5.82 5.67 5.59 5.60 5.68 5.84 6.06 6.35 6.70 7.11 7.57 8.09 8.65 9.26 9.90 10.58 11.29 12.03 12.80 13.59 14.39 15.20 15.97 16.68 17.33 17.91 18.44 18.91 19.33 19.70 20.02 20.29 20.52 20.71 20.85 20.96 21.04 21.07 21.08 21.06 21.01 20.93 20.83 20.70 20.56 20.40 20.22 20.03 19.83 19.62 19.40 19.17 18.94 18.71 18.47 18.23 17.99 17.75 17.50 17.26 17.01 16.76 16.50 16.25 15.99 15.74 15.48 15.23 14.97 14.72 14.46 14.20 13.95 13.70 13.44 13.19
6.31 5.98 5.74 5.59 5.53 5.55 5.65 5.82 6.07 6.39 6.77 7.21 7.71 8.26 8.86 9.51 10.20 10.92 11.69 12.48 13.30 14.15 15.00 15.83 16.59 17.30 17.95 18.53 19.06 19.52 19.94 20.30 20.61 20.88 21.11 21.29 21.43 21.53 21.60 21.63 21.63 21.60 21.55 21.46 21.36 21.23 21.08 20.91 20.73 20.53 20.32 20.10 19.88 19.65 19.41 19.17 18.93 18.68 18.44 18.19 17.93 17.68 17.42 17.16 16.91 16.65 16.38 16.12 15.86 15.60 15.33 15.07 14.81 14.55 14.28 14.02 13.76 13.51
6.25 5.93 5.70 5.56 5.51 5.55 5.67 5.87 6.14 6.48 6.89 7.37 7.90 8.49 9.13 9.82 10.56 11.34 12.15 13.00 13.88 14.78 15.64 16.46 17.22 17.93 18.57 19.16 19.68 20.15 20.56 20.91 21.22 21.49 21.70 21.88 22.02 22.11 22.17 22.20 22.20 22.16 22.10 22.01 21.89 21.76 21.60 21.43 21.24 21.04 20.82 20.60 20.37 20.13 19.89 19.64 19.39 19.14 18.89 18.63 18.37 18.11 17.85 17.58 17.32 17.05 16.78 16.51 16.24 15.97 15.70 15.43 15.16 14.89 14.63 14.36 14.09 13.83
6.25 5.93 5.71 5.58 5.55 5.61 5.75 5.97 6.27 6.64 7.08 7.59 8.16 8.79 9.48 10.21 11.00 11.82 12.69 13.60 14.53 15.43 16.29 17.10 17.85 18.55 19.20 19.79 20.31 20.78 21.19 21.54 21.84 22.10 22.31 22.48 22.61 22.70 22.76 22.78 22.77 22.73 22.66 22.56 22.44 22.30 22.14 21.96 21.76 21.56 21.33 21.10 20.86 20.62 20.37 20.12 19.86 19.61 19.35 19.08 18.82 18.55 18.28 18.01 17.73 17.46 17.19 16.91 16.63 16.36 16.08 15.80 15.53 15.25 14.97 14.70 14.43 14.16
6.29 5.98 5.77 5.66 5.65 5.72 5.88 6.13 6.46 6.86 7.34 7.88 8.49 9.16 9.89 10.67 11.51 12.39 13.31 14.27 15.20 16.09 16.94 17.73 18.48 19.18 19.82 20.41 20.94 21.41 21.82 22.17 22.47 22.72 22.93 23.09 23.22 23.30 23.35 23.37 23.35 23.30 23.23 23.13 23.00 22.85 22.68 22.50 22.30 22.08 21.85 21.62 21.37 21.12 20.87 20.61 20.34 20.08 19.81 19.54 19.27 19.00 18.72 18.44 18.16 17.88 17.60 17.32 17.03 16.75 16.47 16.18 15.90 15.61 15.33 15.05 14.77 14.50
6.39 6.09 5.89 5.80 5.80 5.90 6.08 6.36 6.71 7.15 7.66 8.24 8.89 9.61 10.38 11.21 12.10 13.04 14.00 14.96 15.88 16.75 17.59 18.38 19.12 19.81 20.45 21.04 21.57 22.04 22.46 22.81 23.11 23.35 23.55 23.71 23.83 23.91 23.96 23.96 23.94 23.89 23.81 23.70 23.57 23.41 23.24 23.05 22.84 22.62 22.38 22.14 21.89 21.63 21.37 21.10 20.83 20.56 20.29 20.01 19.73 19.45 19.17 18.88 18.60 18.31 18.02 17.73 17.44 17.15 16.86 16.57 16.28 15.99 15.70 15.41 15.13 14.87
6.55 6.26 6.08 6.00 6.02 6.14 6.35 6.66 7.04 7.51 8.06 8.68 9.37 10.13 10.96 11.84 12.78 13.75 14.72 15.66 16.56 17.42 18.24 19.02 19.75 20.44 21.07 21.66 22.19 22.67 23.09 23.45 23.75 24.00 24.19 24.34 24.46 24.53 24.57 24.57 24.54 24.48 24.40 24.28 24.14 23.98 23.80 23.60 23.39 23.16 22.92 22.67 22.41 22.15 21.88 21.61 21.33 21.05 20.77 20.49 20.20 19.92 19.63 19.33 19.04 18.75 18.45 18.15 17.86 17.56 17.26 16.96 16.66 16.37 16.07 15.79 15.51 15.25
6.76 6.49 6.32 6.27 6.31 6.46 6.70 7.03 7.45 7.95 8.54 9.20 9.93 10.74 11.61 12.55 13.53 14.50 15.45 16.37 17.25 18.09 18.90 19.66 20.38 21.06 21.69 22.28 22.81 23.29 23.71 24.08 24.39 24.65 24.84 24.99 25.09 25.16 25.19 25.19 25.15 25.09 24.99 24.87 24.73 24.56 24.38 24.17 23.95 23.71 23.47 23.21 22.95 22.68 22.40 22.12 21.84 21.56 21.27 20.98 20.68 20.39 20.09 19.79 19.49 19.19 18.89 18.58 18.28 17.97 17.67 17.36 17.06 16.76 16.46 16.18 15.91 15.64
7.05 6.79 6.64 6.61 6.67 6.84 7.11 7.48 7.93 8.47 9.10 9.80 10.58 11.43 12.36 13.33 14.31 15.26 16.18 17.08 17.94 18.76 19.55 20.30 21.02 21.69 22.31 22.89 23.42 23.90 24.33 24.71 25.03 25.29 25.49 25.64 25.74 25.80 25.82 25.82 25.77 25.70 25.60 25.48 25.32 25.15 24.96 24.75 24.52 24.28 24.02 23.76 23.49 23.21 22.93 22.64 22.36 22.06 21.77 21.47 21.17 20.87 20.57 20.26 19.95 19.64 19.33 19.02 18.71 18.40 18.09 17.77 17.46 17.16 16.87 16.59 16.32 16.06
7.41 7.16 7.03 7.02 7.11 7.31 7.61 8.00 8.49 9.07 9.74 10.49 11.32 12.22 13.18 14.15 15.10 16.02 16.92 17.79 18.63 19.43 20.21 20.95 21.65 22.31 22.93 23.50 24.03 24.51 24.94 25.32 25.65 25.92 26.14 26.29 26.39 26.45 26.47 26.45 26.40 26.33 26.22 26.09 25.93 25.75 25.55 25.33 25.10 24.85 24.59 24.32 24.04 23.76 23.47 23.18 22.88 22.58 22.28 21.98 21.67 21.36 21.05 20.74 20.42 20.11 19.79 19.47 19.15 18.83 18.51 18.20 17.89 17.59 17.30 17.02 16.76 16.50
7.83 7.61 7.50 7.51 7.63 7.86 8.19 8.62 9.15 9.77 10.47 11.27 12.14 13.08 14.04 14.97 15.89 16.78 17.65 18.50 19.32 20.11 20.86 21.59 22.27 22.92 23.54 24.11 24.63 25.11 25.55 25.93 26.27 26.55 26.77 26.94 27.05 27.11 27.12 27.10 27.04 26.96 26.85 26.71 26.54 26.36 26.15 25.93 25.69 25.43 25.17 24.89 24.60 24.31 24.02 23.72 23.42 23.11 22.80 22.49 22.18 21.86 21.54 21.22 20.90 20.58 20.25 19.93 19.60 19.27 18.95 18.63 18.33 18.03 17.75 17.47 17.21 16.95
8.34 8.14 8.05 8.08 8.23 8.49 8.85 9.32 9.89 10.55 11.30 12.14 13.05 13.98 14.90 15.80 16.69 17.55 18.39 19.21 20.01 20.78 21.52 22.22 22.90 23.54 24.14 24.71 25.23 25.71 26.14 26.53 26.87 27.16 27.40 27.58 27.70 27.77 27.78 27.76 27.70 27.60 27.48 27.34 27.17 26.98 26.76 26.53 26.28 26.02 25.75 25.47 25.17 24.88 24.57 24.27 23.96 23.65 23.33 23.01 22.69 22.37 22.04 21.72 21.39 21.06 20.72 20.39 20.06 19.73 19.40 19.09 18.79 18.50 18.22 17.94 17.68 17.42
8.93 8.74 8.68 8.74 8.92 9.21 9.61 10.12 10.72 11.43 12.23 13.10 14.00 14.89 15.77 16.63 17.49 18.32 19.14 19.93 20.70 21.45 22.17 22.86 23.52 24.15 24.74 25.30 25.82 26.29 26.73 27.12 27.47 27.76 28.01 28.20 28.34 28.43 28.45 28.42 28.36 28.26 28.13 27.98 27.80 27.60 27.38 27.15 26.89 26.62 26.34 26.05 25.75 25.45 25.14 24.83 24.51 24.19 23.87 23.54 23.22 22.88 22.55 22.22 21.88 21.54 21.20 20.86 20.53 20.20 19.88 19.57 19.27 18.98 18.70 18.43 18.17 17.92
9.60 9.44 9.41 9.50 9.70 10.03 10.46 11.01 11.65 12.40 13.24 14.10 14.95 15.80 16.64 17.47 18.29 19.09 19.88 20.64 21.39 22.12 22.82 23.49 24.14 24.75 25.34 25.88 26.40 26.87 27.31 27.70 28.05 28.35 28.61 28.81 28.96 29.06 29.11 29.09 29.03 28.92 28.79 28.63 28.45 28.24 28.02 27.77 27.51 27.23 26.95 26.65 26.34 26.03 25.72 25.40 25.07 24.75 24.42 24.08 23.75 23.41 23.07 22.73 22.38 22.04 21.69 21.35 21.01 20.69 20.37 20.07 19.77 19.49 19.21 18.94 18.68 18.43
10.36 10.23 10.22 10.34 10.58 10.94 11.41 12.00 12.69 13.47 14.28 15.10 15.91 16.72 17.52 18.31 19.09 19.86 20.62 21.36 22.08 22.78 23.46 24.12 24.75 25.35 25.92 26.46 26.97 27.44 27.87 28.27 28.62 28.93 29.19 29.40 29.57 29.68 29.75 29.75 29.70 29.60 29.46 29.29 29.10 28.89 28.66 28.40 28.14 27.85 27.56 27.26 26.94 26.62 26.30 25.97 25.64 25.31 24.97 24.63 24.29 23.94 23.60 23.25 22.90 22.54 22.19 21.85 21.52 21.20 20.89 20.59 20.30 20.01 19.74 19.47 19.22 18.97
11.22 11.11 11.13 11.28 11.56 11.95 12.47 13.09 13.81 14.57 15.34 16.10 16.87 17.64 18.40 19.15 19.90 20.63 21.36 22.07 22.77 23.44 24.10 24.74 25.35 25.94 26.50 27.03 27.53 28.00 28.43 28.82 29.17 29.49 29.76 29.98 30.16 30.29 30.37 30.39 30.36 30.27 30.13 29.96 29.76 29.55 29.31 29.05 28.77 28.48 28.18 27.87 27.55 27.23 26.89 26.56 26.22 25.88 25.54 25.19 24.84 24.49 24.13 23.78 23.42 23.06 22.71 22.38 22.05 21.73 21.43 21.13 20.84 20.56 20.29 20.02 19.77 19.52
12.17 12.09 12.14 12.32 12.63 13.07 13.62 14.28 14.98 15.68 16.40 17.12 17.84 18.56 19.28 19.99 20.70 21.40 22.10 22.78 23.45 24.10 24.74 25.35 25.95 26.52 27.07 27.59 28.08 28.54 28.97 29.36 29.72 30.03 30.31 30.54 30.73 30.87 30.97 31.01 31.00 30.93 30.81 30.64 30.44 30.21 29.97 29.70 29.42 29.12 28.81 28.50 28.17 27.84 27.50 27.16 26.81 26.46 26.11 25.76 25.40 25.04 24.68 24.31 23.95 23.60 23.26 22.92 22.60 22.29 21.98 21.69 21.40 21.13 20.86 20.60 20.34 20.10
13.22 13.17 13.25 13.47 13.82 14.29 14.88 15.50 16.15 16.80 17.46 18.13 18.81 19.48 20.16 20.83 21.51 22.17 22.84 23.49 24.13 24.76 25.37 25.96 26.54 27.10 27.63 28.14 28.62 29.08 29.50 29.89 30.25 30.57 30.85 31.09 31.29 31.44 31.55 31.61 31.62 31.57 31.48 31.32 31.12 30.89 30.64 30.36 30.07 29.77 29.46 29.13 28.80 28.46 28.11 27.76 27.41 27.05 26.70 26.33 25.97 25.60 25.23 24.86 24.51 24.16 23.82 23.49 23.17 22.86 22.56 22.27 21.99 21.72 21.45 21.19 20.94 20.70
14.38 14.36 14.47 14.73 15.12 15.62 16.17 16.74 17.32 17.92 18.53 19.15 19.78 20.41 21.04 21.68 22.31 22.94 23.57 24.19 24.80 25.40 25.99 26.57 27.12 27.66 28.18 28.68 29.15 29.60 30.02 30.40 30.76 31.08 31.37 31.61 31.82 31.99 32.11 32.18 32.21 32.19 32.12 31.99 31.81 31.58 31.32 31.04 30.74 30.43 30.11 29.77 29.43 29.09 28.73 28.38 28.02 27.65 27.29 26.92 26.55 26.17 25.80 25.43 25.08 24.74 24.40 24.08 23.77 23.46 23.16 22.88 22.60 22.33 22.06 21.81 21.56 21.32
15.65 15.65 15.81 16.10 16.51 16.98 17.47 17.98 18.51 19.05 19.60 20.17 20.75 21.33 21.92 22.52 23.11 23.71 24.30 24.89 25.47 26.04 26.61 27.16 27.70 28.22 28.72 29.21 29.67 30.11 30.52 30.90 31.26 31.58 31.87 32.12 32.34 32.51 32.65 32.74 32.79 32.78 32.73 32.63 32.47 32.26 32.01 31.72 31.42 31.10 30.77 30.43 30.08 29.73 29.37 29.00 28.64 28.26 27.89 27.51 27.13 26.76 26.39 26.03 25.68 25.34 25.01 24.69 24.38 24.08 23.79 23.50 23.23 22.96 22.70 22.45 22.20 21.96
17.02 17.07 17.25 17.57 17.94 18.35 18.77 19.22 19.69 20.18 20.68 21.20 21.72 22.26 22.81 23.36 23.91 24.47 25.03 25.58 26.13 26.68 27.22 27.74 28.26 28.76 29.25 29.72 30.17 30.60 31.00 31.38 31.74 32.06 32.35 32.61 32.83 33.02 33.17 33.27 33.33 33.35 33.32 33.24 33.11 32.93 32.70 32.41 32.10 31.78 31.44 31.09 30.74 30.37 30.01 29.64 29.26 28.88 28.50 28.12 27.73 27.36 27.00 26.64 26.30 25.97 25.64 25.33 25.02 24.72 24.44 24.16 23.88 23.62 23.36 23.11 22.86 22.63
18.52 18.59 18.80 19.08 19.39 19.72 20.09 20.47 20.88 21.31 21.76 22.22 22.70 23.19 23.69 24.19 24.71 25.23 25.75 26.27 26.79 27.31 27.82 28.32 28.81 29.30 29.77 30.22 30.66 31.08 31.48 31.85 32.20 32.52 32.82 33.08 33.31 33.50 33.66 33.78 33.86 33.89 33.89 33.83 33.73 33.57 33.37 33.10 32.80 32.47 32.12 31.77 31.40 31.03 30.66 30.28 29.90 29.51 29.12 28.74 28.36 27.99 27.63 27.28 26.94 26.62 26.30 25.99 25.68 25.39 25.11 24.83 24.56 24.30 24.04 23.79 23.55 23.32
20.13 20.22 20.39 20.60 20.84 21.11 21.40 21.73 22.07 22.44 22.83 23.24 23.67 24.11 24.56 25.03 25.50 25.98 26.46 26.95 27.44 27.92 28.41 28.89 29.36 29.82 30.27 30.71 31.13 31.54 31.93 32.30 32.64 32.97 33.26 33.53 33.76 33.96 34.13 34.26 34.36 34.41 34.42 34.39 34.31 34.18 34.01 33.78 33.49 33.16 32.81 32.45 32.08 31.70 31.32 30.93 30.54 30.15 29.76 29.37 29.00 28.64 28.29 27.94 27.61 27.29 26.97 26.67 26.37 26.08 25.80 25.53 25.26 25.00 24.75 24.50 24.26 24.03
21.84 21.90 22.00 22.13 22.29 22.49 22.72 22.98 23.27 23.58 23.91 24.27 24.64 25.03 25.44 25.86 26.29 26.72 27.17 27.62 28.08 28.53 28.99 29.44 29.89 30.33 30.76 31.18 31.59 31.99 32.37 32.73 33.07 33.39 33.68 33.95 34.19 34.40 34.58 34.72 34.83 34.90 34.93 34.92 34.86 34.76 34.61 34.42 34.17 33.86 33.51 33.14 32.76 32.38 31.99 31.60 31.20 30.80 30.41 30.04 29.67 29.31 28.97 28.63 28.30 27.98 27.67 27.37 27.08 26.80 26.52 26.25 25.98 25.73 25.48 25.23 25.00 24.76
23.61 23.58 23.60 23.66 23.76 23.89 24.05 24.24 24.47 24.72 24.99 25.29 25.61 25.95 26.31 26.68 27.07 27.46 27.87 28.29 28.71 29.13 29.56 29.98 30.41 30.82 31.24 31.64 32.04 32.42 32.79 33.14 33.48 33.79 34.09 34.36 34.60 34.82 35.00 35.16 35.28 35.36 35.41 35.42 35.39 35.31 35.19 35.02 34.80 34.53 34.21 33.85 33.46 33.07 32.67 32.27 31.87 31.48 31.10 30.73 30.36 30.01 29.67 29.34 29.02 28.71 28.40 28.10 27.81 27.53 27.26 26.99 26.73 26.48 26.23 25.99 25.76 25.53
25.38 25.28 25.22 25.20 25.22 25.28 25.38 25.50 25.66 25.85 26.07 26.31 26.58 26.87 27.18 27.50 27.84 28.20 28.57 28.94 29.33 29.72 30.12 30.51 30.91 31.31 31.70 32.09 32.46 32.83 33.19 33.54 33.86 34.17 34.47 34.74 34.98 35.20 35.40 35.56 35.70 35.80 35.86 35.89 35.88 35.83 35.73 35.59 35.41 35.17 34.89 34.55 34.17 33.77 33.36 32.96 32.56 32.18 31.80 31.44 31.08 30.74 30.40 30.08 29.76 29.45 29.15 28.86 28.57 28.30 28.03 27.76 27.51 27.26 27.01 26.77 26.54 26.31
27.16 26.97 26.84 26.74 26.69 26.68 26.70 26.77 26.86 26.99 27.15 27.33 27.54 27.78 28.04 28.31 28.61 28.92 29.25 29.59 29.94 30.30 30.66 31.03 31.40 31.77 32.14 32.51 32.87 33.23 33.57 33.91 34.23 34.54 34.82 35.09 35.34 35.57 35.77 35.94 36.09 36.20 36.29 36.33 36.34 36.31 36.25 36.13 35.98 35.78 35.52 35.22 34.87 34.47 34.07 33.67 33.28 32.90 32.53 32.17 31.83 31.49 31.16 30.84 30.53 30.22 29.93 29.64 29.36 29.09 28.82 28.56 28.31 28.06 27.82 27.58 27.35 27.12
28.96 28.70 28.48 28.31 28.18 28.10 28.06 28.05 28.08 28.14 28.24 28.37 28.52 28.71 28.91 29.14 29.39 29.66 29.95 30.24 30.56 30.88 31.21 31.55 31.90 32.24 32.59 32.94 33.28 33.62 33.95 34.28 34.59 34.89 35.17 35.44 35.69 35.92 36.13 36.31 36.47 36.60 36.69 36.76 36.79 36.78 36.74 36.65 36.53 36.36 36.14 35.87 35.56 35.18 34.78 34.39 34.01 33.64 33.28 32.92 32.58 32.25 31.93 31.61 31.31 31.01 30.72 30.43 30.16 29.89 29.63 29.37 29.12 28.87 28.64 28.40 28.17 27.95
30.86 30.51 30.21 29.96 29.76 29.60 29.49 29.41 29.37 29.37 29.41 29.48 29.57 29.70 29.86 30.03 30.24 30.46 30.70 30.96 31.23 31.52 31.82 32.13 32.44 32.76 33.09 33.41 33.74 34.06 34.38 34.69 34.99 35.28 35.56 35.83 36.08 36.31 36.52 36.71 36.88 37.01 37.13 37.21 37.25 37.27 37.25 37.19 37.09 36.95 36.77 36.54 36.25 35.88 35.47 35.09 34.71 34.35 34.00 33.65 33.32 32.99 32.67 32.37 32.07 31.77 31.49 31.21 30.94 30.67 30.41 30.16 29.92 29.67 29.44 29.21 28.98 28.76
32.85 32.42 32.04 31.71 31.43 31.19 31.00 30.86 30.75 30.69 30.66 30.66 30.70 30.77 30.87 31.00 31.15 31.33 31.53 31.74 31.98 32.23 32.49 32.77 33.05 33.34 33.64 33.94 34.25 34.55 34.85 35.15 35.44 35.72 36.00 36.26 36.51 36.74 36.95 37.15 37.32 37.47 37.59 37.68 37.75 37.79 37.79 37.75 37.68 37.57 37.41 37.21 36.92 36.55 36.14 35.76 35.39 35.03 34.69 34.35 34.02 33.70 33.39 33.09 32.80 32.51 32.23 31.96 31.69 31.43 31.18 30.93 30.69 30.45 30.22 29.99 29.77 29.55
34.93 34.41 33.95 33.54 33.18 32.87 32.60 32.38 32.21 32.08 31.98 31.92 31.90 31.92 31.96 32.03 32.14 32.26 32.41 32.59 32.78 32.99 33.22 33.46 33.71 33.97 34.24 34.52 34.80 35.09 35.37 35.65 35.93 36.20 36.47 36.72 36.97 37.20 37.41 37.61 37.79 37.95 38.08 38.19 38.27 38.32 38.34 38.33 38.28 38.20 38.06 37.86 37.57 37.20 36.79 36.41 36.04 35.69 35.35 35.02 34.70 34.39 34.09 33.79 33.50 33.22 32.95 32.68 32.42 32.17 31.92 31.68 31.44 31.21 30.98 30.76 30.54 30.32
37.08 36.49 35.94 35.45 35.01 34.62 34.28 33.99 33.74 33.54 33.38 33.25 33.17 33.12 33.11 33.13 33.18 33.26 33.36 33.49 33.64 33.81 34.00 34.20 34.42 34.65 34.89 35.14 35.40 35.66 35.93 36.19 36.45 36.72 36.97 37.22 37.46 37.69 37.90 38.10 38.28 38.45 38.59 38.71 38.80 38.87 38.91 38.92 38.90 38.83 38.70 38.49 38.20 37.83 37.43 37.04 36.66 36.31 35.98 35.66 35.35 35.05 34.75 34.46 34.18 33.91 33.64 33.38 33.13 32.88 32.64 32.40 32.17 31.94 31.72 31.50 31.28 31.07
39.25 38.63 38.02 37.44 36.91 36.44 36.03 35.66 35.34 35.06 34.83 34.65 34.50 34.39 34.32 34.28 34.28 34.30 34.36 34.44 34.54 34.67 34.82 34.99 35.17 35.37 35.58 35.80 36.03 36.27 36.52 36.76 37.01 37.26 37.50 37.74 37.97 38.20 38.41 38.61 38.79 38.96 39.11 39.24 39.35 39.43 39.49 39.52 39.51 39.44 39.31 39.10 38.81 38.44 38.04 37.65 37.28 36.92 36.59 36.27 35.97 35.68 35.39 35.11 34.83 34.57 34.31 34.06 33.81 33.57 33.33 33.10 32.87 32.65 32.43 32.22 32.01 31.80
41.44 40.79 40.14 39.49 38.89 38.33 37.84 37.39 37.00 36.65 36.35 36.10 35.89 35.72 35.58 35.49 35.43 35.40 35.40 35.43 35.49 35.58 35.68 35.81 35.96 36.12 36.30 36.50 36.70 36.91 37.13 37.36 37.59 37.82 38.05 38.28 38.50 38.72 38.93 39.13 39.32 39.49 39.65 39.78 39.90 40.00 40.07 40.11 40.10 40.03 39.89 39.68 39.40 39.03 38.63 38.24 37.87 37.52 37.18 36.86 36.56 36.28 36.00 35.73 35.46 35.20 34.95 34.71 34.47 34.23 34.00 33.78 33.56 33.34 33.13 32.92 32.71 32.51
