data_output/RCH/Precip_1984_10.asc
ncols        168
nrows        136
xllcorner    455000
yllcorner    2107000
cellsize     500
NODATA_value     -99999
[rows 0 to 32 of 136, columns 75 to 149 of 168]
31.36 32.18 33.04 33.93 34.85 35.81 36.78 37.79 38.82 39.87 40.94 42.05 43.17 44.32 45.50 46.69 47.90 49.12 50.36 51.61 52.87 54.13 55.41 56.68 57.96 59.24 60.52 61.80 63.06 64.33 65.58 66.82 68.05 69.26 70.45 71.63 72.79 73.92 75.04 76.13 77.20 78.25 79.27 80.26 81.22 82.15 83.05 83.91 84.74 85.53 86.26 86.68 86.71 86.35 85.65 84.60 83.25 81.62 79.71 77.57 75.21 72.66 69.93 67.05 64.06 61.04 58.03 55.05 52.10 49.19 46.34 43.54 40.81 38.15 35.57
31.28 32.08 32.93 33.80 34.70 35.64 36.60 37.58 38.59 39.63 40.69 41.76 42.87 44.00 45.15 46.32 47.50 48.71 49.92 51.15 52.39 53.64 54.89 56.15 57.41 58.68 59.94 61.20 62.45 63.69 64.93 66.16 67.37 68.57 69.75 70.92 72.06 73.19 74.30 75.39 76.45 77.49 78.50 79.49 80.45 81.38 82.27 83.14 83.97 84.76 85.49 85.92 85.95 85.61 84.92 83.90 82.57 80.96 79.09 76.98 74.66 72.15 69.46 66.64 63.69 60.65 57.60 54.59 51.62 48.70 45.84 43.05 40.34 37.72 35.18
31.20 31.99 32.82 33.67 34.56 35.47 36.42 37.39 38.38 39.40 40.44 41.49 42.58 43.68 44.81 45.95 47.12 48.30 49.50 50.71 51.93 53.15 54.39 55.63 56.87 58.12 59.36 60.60 61.84 63.07 64.29 65.50 66.70 67.88 69.05 70.21 71.34 72.46 73.56 74.64 75.70 76.73 77.74 78.72 79.68 80.61 81.50 82.37 83.20 83.99 84.72 85.16 85.20 84.87 84.20 83.19 81.89 80.30 78.46 76.39 74.11 71.63 69.00 66.22 63.32 60.33 57.28 54.23 51.24 48.31 45.46 42.68 39.99 37.40 34.91
31.14 31.91 32.72 33.56 34.42 35.32 36.24 37.20 38.17 39.17 40.19 41.23 42.30 43.38 44.48 45.60 46.75 47.91 49.08 50.27 51.47 52.68 53.89 55.11 56.34 57.56 58.79 60.01 61.23 62.45 63.65 64.85 66.03 67.20 68.36 69.50 70.63 71.74 72.83 73.90 74.95 75.98 76.99 77.96 78.92 79.84 80.74 81.60 82.43 83.23 83.96 84.40 84.45 84.13 83.47 82.49 81.21 79.65 77.84 75.80 73.55 71.12 68.53 65.80 62.96 60.02 57.02 53.98 50.97 48.03 45.17 42.41 39.74 37.18 34.73
31.09 31.84 32.63 33.45 34.29 35.17 36.08 37.01 37.97 38.95 39.96 40.98 42.02 43.08 44.17 45.27 46.39 47.52 48.68 49.84 51.02 52.21 53.40 54.61 55.81 57.02 58.23 59.43 60.63 61.83 63.02 64.20 65.37 66.52 67.67 68.80 69.92 71.02 72.10 73.17 74.21 75.23 76.23 77.21 78.16 79.08 79.97 80.83 81.67 82.46 83.19 83.64 83.70 83.40 82.75 81.79 80.53 79.00 77.22 75.21 73.00 70.61 68.07 65.39 62.59 59.71 56.77 53.78 50.78 47.84 44.98 42.23 39.59 37.06 34.66
31.04 31.78 32.55 33.35 34.18 35.04 35.92 36.84 37.78 38.74 39.73 40.73 41.76 42.80 43.86 44.94 46.04 47.15 48.28 49.43 50.58 51.75 52.93 54.11 55.29 56.48 57.67 58.86 60.04 61.22 62.39 63.55 64.71 65.85 66.99 68.11 69.22 70.31 71.38 72.44 73.48 74.49 75.49 76.46 77.40 78.32 79.21 80.07 80.91 81.70 82.44 82.89 82.95 82.66 82.03 81.09 79.85 78.35 76.60 74.62 72.45 70.10 67.60 64.97 62.23 59.40 56.52 53.59 50.65 47.73 44.88 42.14 39.52 37.02 34.67
31.01 31.72 32.47 33.25 34.07 34.91 35.78 36.67 37.59 38.54 39.51 40.49 41.50 42.53 43.57 44.63 45.70 46.79 47.90 49.02 50.16 51.30 52.46 53.62 54.78 55.95 57.12 58.29 59.46 60.62 61.77 62.92 64.06 65.19 66.31 67.42 68.52 69.60 70.67 71.72 72.75 73.76 74.75 75.71 76.66 77.57 78.46 79.32 80.15 80.95 81.68 82.14 82.21 81.93 81.32 80.39 79.18 77.70 75.98 74.04 71.91 69.60 67.14 64.55 61.87 59.10 56.27 53.41 50.53 47.67 44.85 42.12 39.53 37.07 34.76
30.99 31.68 32.41 33.17 33.97 34.79 35.64 36.52 37.42 38.35 39.30 40.26 41.25 42.26 43.29 44.33 45.38 46.45 47.53 48.63 49.74 50.87 52.00 53.14 54.28 55.43 56.58 57.73 58.88 60.02 61.16 62.29 63.42 64.54 65.65 66.75 67.83 68.91 69.96 71.00 72.03 73.03 74.02 74.98 75.91 76.83 77.71 78.57 79.40 80.20 80.94 81.39 81.48 81.21 80.61 79.70 78.51 77.06 75.37 73.46 71.36 69.09 66.68 64.14 61.51 58.79 56.02 53.22 50.42 47.62 44.87 42.18 39.61 37.19 34.92
30.97 31.65 32.36 33.10 33.88 34.68 35.51 36.37 37.26 38.16 39.09 40.04 41.01 42.00 43.01 44.03 45.07 46.11 47.18 48.25 49.34 50.44 51.55 52.67 53.79 54.92 56.05 57.18 58.31 59.44 60.56 61.68 62.79 63.90 64.99 66.08 67.16 68.22 69.27 70.30 71.32 72.31 73.29 74.25 75.18 76.09 76.97 77.83 78.66 79.46 80.19 80.66 80.75 80.49 79.90 79.01 77.84 76.42 74.76 72.88 70.82 68.59 66.22 63.73 61.15 58.49 55.78 53.04 50.30 47.58 44.89 42.28 39.75 37.37 35.15
30.98 31.63 32.32 33.05 33.80 34.59 35.40 36.24 37.10 37.99 38.90 39.83 40.79 41.76 42.74 43.75 44.76 45.79 46.83 47.89 48.95 50.03 51.12 52.21 53.32 54.42 55.53 56.64 57.75 58.86 59.97 61.07 62.17 63.26 64.35 65.42 66.49 67.54 68.58 69.60 70.61 71.60 72.57 73.52 74.45 75.36 76.24 77.10 77.92 78.72 79.46 79.92 80.02 79.78 79.20 78.33 77.19 75.78 74.15 72.31 70.29 68.10 65.77 63.33 60.80 58.19 55.54 52.86 50.19 47.53 44.92 42.38 39.93 37.60 35.43
30.99 31.63 32.30 33.00 33.74 34.50 35.29 36.11 36.96 37.83 38.72 39.63 40.57 41.52 42.49 43.47 44.47 45.48 46.50 47.53 48.58 49.63 50.70 51.77 52.85 53.94 55.03 56.12 57.21 58.30 59.39 60.48 61.57 62.64 63.72 64.78 65.83 66.87 67.90 68.92 69.92 70.90 71.87 72.81 73.74 74.64 75.52 76.37 77.20 78.00 78.73 79.20 79.31 79.07 78.51 77.66 76.53 75.16 73.55 71.75 69.76 67.61 65.33 62.93 60.45 57.90 55.30 52.69 50.08 47.49 44.96 42.49 40.12 37.87 35.76
31.02 31.63 32.28 32.97 33.68 34.43 35.20 36.00 36.83 37.68 38.55 39.44 40.36 41.29 42.24 43.20 44.18 45.18 46.18 47.19 48.22 49.25 50.29 51.34 52.40 53.46 54.53 55.60 56.68 57.75 58.83 59.90 60.97 62.03 63.09 64.14 65.19 66.22 67.24 68.24 69.24 70.21 71.17 72.11 73.03 73.93 74.80 75.65 76.48 77.28 78.01 78.49 78.60 78.37 77.83 76.99 75.89 74.54 72.96 71.19 69.23 67.13 64.89 62.54 60.10 57.61 55.07 52.52 49.97 47.46 44.99 42.60 40.31 38.15 36.12
31.06 31.65 32.28 32.95 33.64 34.37 35.12 35.90 36.71 37.54 38.39 39.26 40.16 41.07 42.00 42.95 43.91 44.88 45.87 46.86 47.87 48.88 49.90 50.92 51.96 53.00 54.05 55.10 56.16 57.22 58.28 59.33 60.39 61.44 62.48 63.52 64.55 65.57 66.58 67.58 68.56 69.53 70.48 71.42 72.33 73.23 74.10 74.95 75.77 76.57 77.30 77.78 77.90 77.68 77.15 76.34 75.25 73.93 72.38 70.64 68.72 66.65 64.45 62.15 59.77 57.33 54.85 52.36 49.88 47.43 45.04 42.72 40.51 38.43 36.49
31.11 31.69 32.30 32.94 33.62 34.32 35.05 35.81 36.60 37.41 38.24 39.10 39.97 40.87 41.78 42.70 43.65 44.60 45.57 46.54 47.53 48.52 49.52 50.52 51.54 52.56 53.59 54.62 55.66 56.70 57.74 58.78 59.82 60.86 61.89 62.91 63.93 64.94 65.94 66.93 67.91 68.87 69.81 70.74 71.65 72.54 73.41 74.25 75.07 75.87 76.61 77.08 77.21 77.00 76.49 75.69 74.62 73.32 71.80 70.09 68.21 66.18 64.03 61.77 59.44 57.05 54.63 52.20 49.78 47.40 45.08 42.85 40.72 38.71 36.86
31.18 31.74 32.33 32.95 33.60 34.29 35.00 35.74 36.51 37.30 38.11 38.94 39.80 40.67 41.56 42.47 43.39 44.33 45.28 46.23 47.20 48.17 49.15 50.14 51.13 52.13 53.14 54.15 55.17 56.19 57.22 58.24 59.27 60.29 61.31 62.32 63.33 64.32 65.31 66.29 67.26 68.21 69.15 70.07 70.98 71.86 72.72 73.57 74.39 75.18 75.92 76.40 76.53 76.33 75.83 75.05 74.00 72.73 71.24 69.56 67.71 65.72 63.61 61.40 59.12 56.78 54.42 52.05 49.70 47.39 45.14 42.98 40.92 39.00 37.24
31.27 31.80 32.37 32.97 33.60 34.27 34.96 35.68 36.43 37.20 37.99 38.80 39.64 40.49 41.36 42.25 43.15 44.07 45.00 45.93 46.88 47.84 48.80 49.76 50.74 51.72 52.71 53.70 54.70 55.70 56.71 57.72 58.73 59.74 60.74 61.74 62.73 63.72 64.70 65.67 66.63 67.57 68.50 69.42 70.32 71.20 72.06 72.89 73.71 74.50 75.24 75.72 75.86 75.67 75.18 74.42 73.40 72.14 70.68 69.03 67.22 65.27 63.20 61.04 58.80 56.52 54.22 51.91 49.62 47.38 45.20 43.11 41.14 39.30 37.63
31.37 31.88 32.43 33.01 33.62 34.26 34.94 35.63 36.36 37.11 37.88 38.68 39.49 40.33 41.18 42.04 42.93 43.82 44.73 45.65 46.58 47.51 48.45 49.40 50.36 51.32 52.29 53.27 54.25 55.23 56.22 57.21 58.21 59.20 60.19 61.18 62.16 63.13 64.10 65.06 66.01 66.94 67.87 68.78 69.67 70.54 71.40 72.24 73.05 73.84 74.58 75.06 75.20 75.03 74.55 73.80 72.80 71.57 70.14 68.52 66.74 64.83 62.80 60.69 58.50 56.27 54.02 51.78 49.55 47.38 45.27 43.26 41.37 39.61 38.02
31.49 31.98 32.50 33.06 33.65 34.28 34.93 35.60 36.31 37.04 37.79 38.56 39.36 40.17 41.00 41.85 42.71 43.59 44.48 45.37 46.28 47.20 48.13 49.06 50.00 50.94 51.89 52.85 53.81 54.78 55.75 56.73 57.70 58.68 59.66 60.63 61.60 62.56 63.52 64.47 65.41 66.33 67.25 68.15 69.04 69.91 70.76 71.59 72.40 73.19 73.93 74.41 74.56 74.39 73.93 73.20 72.21 71.01 69.60 68.02 66.27 64.40 62.41 60.34 58.21 56.03 53.84 51.65 49.49 47.38 45.35 43.41 41.60 39.92 38.40
31.62 32.09 32.60 33.13 33.70 34.30 34.93 35.59 36.27 36.98 37.71 38.47 39.24 40.03 40.84 41.67 42.51 43.37 44.24 45.12 46.00 46.90 47.81 48.73 49.65 50.58 51.51 52.45 53.39 54.34 55.30 56.26 57.22 58.18 59.14 60.10 61.05 62.01 62.95 63.89 64.82 65.74 66.65 67.54 68.42 69.28 70.13 70.96 71.77 72.55 73.29 73.78 73.93 73.77 73.32 72.60 71.64 70.46 69.08 67.52 65.82 63.98 62.04 60.01 57.93 55.80 53.67 51.54 49.44 47.40 45.44 43.58 41.84 40.23 38.74
31.77 32.22 32.71 33.22 33.77 34.35 34.96 35.59 36.25 36.94 37.65 38.38 39.14 39.91 40.70 41.51 42.33 43.16 44.01 44.87 45.74 46.62 47.51 48.41 49.32 50.23 51.15 52.07 53.00 53.93 54.86 55.80 56.75 57.69 58.64 59.59 60.53 61.47 62.40 63.33 64.25 65.16 66.06 66.95 67.82 68.68 69.52 70.34 71.15 71.93 72.67 73.16 73.31 73.16 72.73 72.02 71.08 69.92 68.57 67.05 65.37 63.57 61.67 59.69 57.66 55.59 53.51 51.44 49.41 47.43 45.54 43.75 42.08 40.51 39.05
31.95 32.37 32.83 33.33 33.85 34.41 35.00 35.61 36.25 36.92 37.61 38.32 39.05 39.80 40.57 41.36 42.16 42.97 43.80 44.64 45.49 46.36 47.23 48.11 49.00 49.89 50.80 51.70 52.61 53.53 54.45 55.37 56.30 57.23 58.16 59.09 60.02 60.95 61.87 62.79 63.70 64.60 65.49 66.37 67.24 68.09 68.93 69.75 70.55 71.33 72.06 72.55 72.71 72.57 72.15 71.46 70.54 69.40 68.08 66.58 64.94 63.18 61.32 59.39 57.40 55.38 53.36 51.35 49.38 47.47 45.65 43.93 42.30 40.77 39.34
32.14 32.54 32.98 33.45 33.96 34.49 35.06 35.65 36.27 36.91 37.58 38.27 38.98 39.71 40.46 41.22 42.00 42.80 43.61 44.43 45.26 46.11 46.96 47.82 48.70 49.58 50.46 51.35 52.25 53.15 54.05 54.96 55.87 56.78 57.70 58.62 59.53 60.45 61.36 62.26 63.16 64.06 64.94 65.81 66.67 67.52 68.35 69.16 69.96 70.74 71.47 71.96 72.13 72.00 71.58 70.91 70.01 68.90 67.60 66.13 64.53 62.80 60.98 59.09 57.15 55.19 53.22 51.27 49.36 47.52 45.76 44.09 42.50 41.00 39.60
32.35 32.73 33.14 33.59 34.08 34.59 35.13 35.70 36.30 36.92 37.57 38.24 38.92 39.63 40.36 41.10 41.86 42.64 43.43 44.23 45.05 45.87 46.71 47.56 48.41 49.27 50.14 51.02 51.90 52.79 53.68 54.57 55.46 56.36 57.26 58.16 59.07 59.97 60.87 61.76 62.65 63.53 64.40 65.27 66.12 66.96 67.79 68.60 69.39 70.17 70.90 71.39 71.56 71.44 71.03 70.38 69.50 68.41 67.13 65.70 64.13 62.44 60.66 58.82 56.92 55.01 53.10 51.21 49.36 47.58 45.88 44.24 42.69 41.23 39.86
32.58 32.93 33.33 33.76 34.22 34.71 35.23 35.77 36.35 36.95 37.57 38.22 38.89 39.58 40.28 41.00 41.74 42.50 43.27 44.05 44.85 45.66 46.48 47.30 48.14 48.99 49.84 50.71 51.57 52.44 53.32 54.20 55.07 55.96 56.84 57.73 58.62 59.51 60.39 61.28 62.15 63.03 63.89 64.75 65.59 66.43 67.25 68.05 68.84 69.62 70.34 70.83 71.01 70.89 70.50 69.86 69.00 67.93 66.68 65.28 63.74 62.09 60.35 58.55 56.71 54.85 52.99 51.16 49.38 47.65 45.99 44.40 42.89 41.46 40.12
32.83 33.16 33.53 33.94 34.37 34.84 35.34 35.87 36.42 37.00 37.60 38.22 38.87 39.54 40.22 40.92 41.64 42.38 43.13 43.89 44.67 45.46 46.26 47.07 47.89 48.72 49.56 50.41 51.26 52.12 52.98 53.84 54.71 55.58 56.45 57.32 58.19 59.07 59.94 60.81 61.68 62.54 63.40 64.25 65.08 65.91 66.73 67.53 68.31 69.08 69.81 70.30 70.48 70.37 69.99 69.36 68.52 67.47 66.25 64.88 63.37 61.76 60.06 58.31 56.51 54.70 52.90 51.12 49.40 47.73 46.11 44.57 43.09 41.69 40.38
33.10 33.41 33.76 34.14 34.55 35.00 35.48 35.98 36.51 37.06 37.64 38.25 38.87 39.51 40.18 40.86 41.56 42.27 43.00 43.75 44.51 45.28 46.06 46.86 47.66 48.48 49.30 50.13 50.97 51.81 52.66 53.51 54.36 55.22 56.07 56.93 57.79 58.65 59.51 60.37 61.23 62.08 62.93 63.77 64.60 65.42 66.22 67.02 67.80 68.57 69.29 69.78 69.97 69.86 69.49 68.89 68.06 67.03 65.84 64.49 63.02 61.44 59.79 58.08 56.33 54.57 52.82 51.11 49.44 47.82 46.26 44.75 43.31 41.95 40.66
33.39 33.68 34.01 34.36 34.76 35.18 35.63 36.11 36.62 37.15 37.71 38.29 38.89 39.51 40.15 40.81 41.49 42.19 42.90 43.62 44.37 45.12 45.89 46.66 47.45 48.25 49.06 49.87 50.69 51.52 52.36 53.19 54.03 54.88 55.72 56.56 57.41 58.26 59.11 59.95 60.80 61.64 62.48 63.31 64.13 64.94 65.74 66.53 67.31 68.07 68.79 69.28 69.47 69.38 69.02 68.42 67.61 66.61 65.44 64.13 62.69 61.15 59.53 57.86 56.16 54.46 52.78 51.13 49.51 47.95 46.43 44.96 43.56 42.23 40.97
33.71 33.97 34.27 34.61 34.98 35.38 35.81 36.26 36.75 37.26 37.79 38.35 38.93 39.53 40.15 40.79 41.45 42.12 42.81 43.52 44.24 44.98 45.73 46.49 47.26 48.04 48.83 49.63 50.44 51.26 52.07 52.90 53.73 54.56 55.39 56.22 57.05 57.89 58.72 59.56 60.39 61.22 62.05 62.87 63.68 64.49 65.29 66.07 66.84 67.60 68.32 68.81 69.00 68.91 68.56 67.98 67.19 66.21 65.07 63.78 62.37 60.87 59.29 57.67 56.02 54.39 52.77 51.18 49.62 48.11 46.63 45.21 43.84 42.54 41.30
34.05 34.29 34.57 34.88 35.22 35.60 36.00 36.44 36.90 37.39 37.90 38.43 38.99 39.57 40.17 40.78 41.42 42.08 42.75 43.44 44.14 44.86 45.59 46.34 47.09 47.86 48.63 49.42 50.21 51.01 51.81 52.62 53.44 54.26 55.08 55.90 56.72 57.54 58.37 59.19 60.01 60.83 61.65 62.46 63.26 64.06 64.85 65.63 66.40 67.15 67.86 68.35 68.55 68.47 68.13 67.56 66.79 65.83 64.71 63.45 62.08 60.61 59.08 57.50 55.93 54.36 52.81 51.28 49.78 48.31 46.88 45.50 44.17 42.89 41.68
34.41 34.63 34.88 35.17 35.49 35.84 36.22 36.63 37.07 37.53 38.02 38.53 39.07 39.63 40.20 40.80 41.42 42.06 42.71 43.38 44.06 44.76 45.48 46.20 46.94 47.69 48.45 49.22 50.00 50.78 51.58 52.37 53.17 53.98 54.79 55.60 56.41 57.22 58.03 58.84 59.65 60.46 61.27 62.07 62.87 63.66 64.44 65.21 65.97 66.72 67.43 67.92 68.12 68.04 67.72 67.17 66.41 65.47 64.38 63.15 61.80 60.37 58.89 57.39 55.89 54.40 52.91 51.44 49.99 48.57 47.18 45.84 44.54 43.30 42.11
34.79 34.99 35.22 35.48 35.78 36.11 36.46 36.85 37.27 37.71 38.17 38.66 39.17 39.71 40.26 40.84 41.44 42.06 42.69 43.34 44.01 44.69 45.39 46.10 46.82 47.55 48.30 49.05 49.81 50.58 51.36 52.14 52.93 53.73 54.52 55.32 56.12 56.92 57.72 58.52 59.32 60.12 60.91 61.71 62.49 63.28 64.05 64.82 65.57 66.32 67.02 67.51 67.71 67.64 67.33 66.79 66.05 65.13 64.06 62.86 61.55 60.17 58.77 57.35 55.92 54.49 53.07 51.66 50.26 48.89 47.55 46.24 44.98 43.76 42.60
35.20 35.37 35.58 35.82 36.09 36.40 36.73 37.09 37.48 37.90 38.34 38.81 39.30 39.81 40.35 40.90 41.48 42.08 42.69 43.32 43.97 44.64 45.32 46.01 46.71 47.43 48.16 48.90 49.65 50.40 51.17 51.94 52.71 53.49 54.28 55.07 55.85 56.65 57.44 58.22 59.01 59.80 60.58 61.37 62.15 62.92 63.69 64.45 65.20 65.94 66.64 67.13 67.33 67.27 66.96 66.44 65.71 64.82 63.77 62.60 61.34 60.04 58.72 57.38 56.02 54.66 53.30 51.95 50.61 49.28 47.98 46.72 45.48 44.30 43.16
35.64 35.79 35.97 36.18 36.43 36.71 37.02 37.36 37.72 38.12 38.53 38.98 39.45 39.94 40.45 40.99 41.55 42.12 42.72 43.33 43.96 44.61 45.27 45.95 46.63 47.34 48.05 48.77 49.51 50.25 51.00 51.76 52.52 53.29 54.06 54.83 55.61 56.39 57.17 57.95 58.73 59.51 60.28 61.06 61.83 62.59 63.35 64.10 64.85 65.58 66.28 66.77 66.97 66.91 66.62 66.11 65.40 64.53 63.51 62.38 61.21 60.00 58.76 57.49 56.21 54.91 53.62 52.32 51.03 49.75 48.50 47.27 46.07 44.91 43.79
