data_output/RCH/Precip_1984_10.asc
ncols        168
nrows        136
xllcorner    455000
yllcorner    2107000
cellsize     500
NODATA_value     -99999
[rows 66 to 98 of 136, columns 0 to 74 of 168]
145.20 148.39 151.27 153.85 156.14 158.16 159.94 161.48 162.81 163.94 164.89 165.69 166.33 166.85 167.27 167.59 167.83 167.98 168.05 168.03 167.93 167.75 167.49 167.14 166.72 166.22 165.65 165.01 164.30 163.51 162.66 161.74 160.76 159.71 158.61 157.44 156.22 154.94 153.60 152.22 150.78 149.28 147.72 146.07 144.33 142.49 140.49 138.30 135.93 133.38 130.68 127.83 124.83 121.71 118.47 115.12 111.68 108.15 104.55 100.88 97.15 93.39 89.58 85.76 81.93 78.09 74.27 70.46 66.69 62.96 59.28 55.74 52.44 49.39 46.58
147.12 150.28 153.13 155.69 157.96 159.96 161.73 163.26 164.58 165.71 166.66 167.46 168.11 168.65 169.07 169.41 169.67 169.85 169.94 169.94 169.86 169.69 169.44 169.11 168.70 168.22 167.66 167.03 166.32 165.55 164.70 163.79 162.81 161.77 160.67 159.51 158.28 157.00 155.67 154.28 152.84 151.34 149.80 148.18 146.46 144.57 142.47 140.19 137.73 135.10 132.31 129.38 126.30 123.10 119.79 116.37 112.85 109.25 105.58 101.85 98.06 94.23 90.37 86.49 82.61 78.72 74.84 70.99 67.17 63.39 59.67 56.09 52.76 49.67 46.82
149.01 152.15 154.97 157.49 159.74 161.73 163.48 165.00 166.32 167.45 168.40 169.20 169.86 170.40 170.84 171.20 171.48 171.68 171.79 171.81 171.74 171.59 171.36 171.04 170.65 170.18 169.63 169.00 168.31 167.54 166.70 165.80 164.83 163.79 162.69 161.53 160.30 159.02 157.69 156.29 154.85 153.35 151.80 150.19 148.41 146.43 144.26 141.89 139.35 136.64 133.77 130.76 127.61 124.34 120.96 117.47 113.89 110.23 106.50 102.71 98.86 94.98 91.07 87.14 83.21 79.27 75.35 71.46 67.60 63.79 60.03 56.42 53.05 49.93 47.05
150.87 153.98 156.77 159.27 161.50 163.47 165.21 166.72 168.03 169.15 170.10 170.90 171.57 172.13 172.58 172.95 173.26 173.47 173.60 173.64 173.59 173.45 173.23 172.93 172.55 172.09 171.55 170.94 170.25 169.49 168.66 167.76 166.79 165.76 164.66 163.50 162.28 161.00 159.66 158.26 156.82 155.31 153.74 152.03 150.15 148.09 145.84 143.39 140.78 137.99 135.06 131.98 128.77 125.43 121.99 118.44 114.80 111.08 107.30 103.45 99.56 95.63 91.68 87.71 83.73 79.76 75.80 71.87 67.98 64.14 60.36 56.72 53.32 50.18 47.27
152.70 155.77 158.54 161.02 163.22 165.18 166.90 168.40 169.70 170.81 171.77 172.57 173.25 173.81 174.28 174.67 174.99 175.23 175.37 175.43 175.39 175.27 175.07 174.78 174.41 173.96 173.44 172.83 172.15 171.40 170.57 169.68 168.71 167.68 166.59 165.43 164.21 162.92 161.58 160.19 158.73 157.20 155.54 153.70 151.70 149.54 147.21 144.70 142.02 139.17 136.17 133.03 129.76 126.36 122.86 119.26 115.57 111.81 107.98 104.09 100.15 96.18 92.19 88.18 84.17 80.17 76.18 72.23 68.31 64.45 60.64 56.98 53.57 50.41 47.48
154.50 157.54 160.27 162.72 164.91 166.84 168.55 170.04 171.33 172.44 173.39 174.20 174.88 175.45 175.93 176.34 176.68 176.94 177.10 177.17 177.16 177.05 176.86 176.59 176.23 175.79 175.27 174.68 174.00 173.26 172.44 171.55 170.59 169.56 168.46 167.30 166.08 164.80 163.46 162.05 160.58 158.96 157.16 155.20 153.08 150.81 148.39 145.81 143.06 140.16 137.10 133.91 130.58 127.14 123.59 119.94 116.21 112.41 108.53 104.61 100.64 96.64 92.61 88.57 84.54 80.51 76.50 72.52 68.59 64.71 60.89 57.22 53.79 50.62 47.69
156.26 159.26 161.97 164.39 166.56 168.47 170.16 171.64 172.92 174.03 174.98 175.79 176.47 177.06 177.55 177.97 178.33 178.60 178.79 178.87 178.87 178.78 178.60 178.34 178.00 177.57 177.06 176.47 175.81 175.07 174.25 173.37 172.41 171.38 170.29 169.13 167.91 166.62 165.27 163.85 162.28 160.53 158.61 156.53 154.29 151.90 149.38 146.72 143.92 140.96 137.86 134.61 131.24 127.76 124.17 120.48 116.71 112.87 108.97 105.01 101.01 96.98 92.93 88.88 84.82 80.77 76.75 72.76 68.81 64.92 61.09 57.42 53.99 50.81 47.88
157.98 160.95 163.62 166.02 168.16 170.06 171.73 173.19 174.47 175.57 176.52 177.33 178.02 178.61 179.12 179.55 179.93 180.22 180.42 180.53 180.54 180.46 180.30 180.05 179.71 179.30 178.80 178.22 177.56 176.82 176.01 175.13 174.18 173.15 172.06 170.90 169.67 168.39 167.02 165.50 163.80 161.92 159.88 157.68 155.33 152.84 150.21 147.46 144.59 141.58 138.43 135.15 131.74 128.22 124.59 120.88 117.08 113.21 109.28 105.30 101.28 97.23 93.16 89.09 85.02 80.96 76.93 72.93 68.98 65.08 61.26 57.58 54.16 50.98 48.05
159.66 162.59 165.24 167.61 169.72 171.60 173.26 174.71 175.97 177.07 178.01 178.83 179.52 180.12 180.64 181.09 181.49 181.80 182.01 182.13 182.16 182.09 181.94 181.70 181.38 180.97 180.48 179.91 179.25 178.53 177.72 176.84 175.89 174.86 173.77 172.61 171.38 170.07 168.61 166.96 165.14 163.14 160.98 158.67 156.21 153.61 150.89 148.04 145.08 142.01 138.83 135.51 132.07 128.52 124.87 121.12 117.30 113.41 109.46 105.46 101.43 97.37 93.29 89.21 85.13 81.07 77.04 73.04 69.09 65.20 61.38 57.71 54.29 51.13 48.21
161.29 164.19 166.81 169.15 171.24 173.10 174.73 176.17 177.43 178.52 179.46 180.27 180.97 181.58 182.11 182.57 182.99 183.31 183.54 183.68 183.72 183.67 183.53 183.30 182.99 182.59 182.11 181.54 180.89 180.17 179.37 178.49 177.54 176.52 175.43 174.26 173.02 171.61 170.02 168.24 166.29 164.18 161.91 159.49 156.92 154.23 151.41 148.47 145.43 142.28 139.04 135.69 132.23 128.66 124.98 121.22 117.38 113.48 109.52 105.51 101.47 97.40 93.32 89.24 85.16 81.10 77.07 73.08 69.14 65.26 61.46 57.81 54.40 51.25 48.35
162.88 165.74 168.33 170.64 172.71 174.54 176.16 177.59 178.83 179.92 180.85 181.67 182.37 182.98 183.52 184.00 184.44 184.78 185.02 185.18 185.23 185.19 185.07 184.85 184.54 184.15 183.68 183.12 182.48 181.76 180.96 180.08 179.13 178.11 177.02 175.84 174.49 172.96 171.24 169.34 167.27 165.05 162.66 160.14 157.48 154.68 151.77 148.75 145.63 142.40 139.10 135.71 132.22 128.63 124.95 121.17 117.32 113.41 109.45 105.44 101.39 97.33 93.25 89.17 85.10 81.05 77.04 73.06 69.14 65.27 61.49 57.86 54.48 51.35 48.48
164.41 167.24 169.80 172.08 174.12 175.94 177.54 178.95 180.19 181.26 182.20 183.01 183.72 184.34 184.88 185.38 185.83 186.19 186.45 186.61 186.68 186.66 186.54 186.33 186.04 185.65 185.18 184.63 184.00 183.28 182.49 181.61 180.67 179.64 178.53 177.25 175.78 174.12 172.27 170.26 168.07 165.74 163.25 160.63 157.87 154.99 151.99 148.89 145.68 142.39 139.01 135.56 132.04 128.44 124.75 120.97 117.12 113.21 109.24 105.24 101.20 97.14 93.08 89.01 84.96 80.92 76.92 72.97 69.07 65.23 61.47 57.87 54.52 51.43 48.58
165.90 168.70 171.21 173.47 175.49 177.28 178.87 180.26 181.48 182.55 183.48 184.29 185.00 185.63 186.19 186.70 187.16 187.54 187.81 187.99 188.07 188.06 187.95 187.76 187.47 187.09 186.63 186.08 185.45 184.74 183.95 183.08 182.13 181.09 179.88 178.47 176.87 175.08 173.12 170.99 168.70 166.26 163.67 160.95 158.10 155.13 152.05 148.87 145.60 142.24 138.80 135.29 131.72 128.09 124.40 120.62 116.78 112.87 108.91 104.92 100.89 96.85 92.80 88.75 84.72 80.71 76.74 72.81 68.94 65.14 61.41 57.85 54.53 51.47 48.67
167.33 170.09 172.58 174.81 176.80 178.57 180.13 181.51 182.72 183.78 184.71 185.52 186.23 186.86 187.43 187.96 188.43 188.83 189.12 189.31 189.40 189.40 189.30 189.12 188.84 188.47 188.01 187.47 186.84 186.13 185.34 184.47 183.51 182.37 181.03 179.49 177.77 175.86 173.79 171.55 169.15 166.61 163.93 161.11 158.18 155.13 151.97 148.72 145.37 141.95 138.45 134.89 131.27 127.60 123.88 120.12 116.28 112.39 108.45 104.47 100.46 96.44 92.42 88.40 84.39 80.42 76.47 72.58 68.75 64.98 61.30 57.78 54.51 51.49 48.73
168.73 171.43 173.88 176.08 178.05 179.80 181.34 182.71 183.91 184.96 185.88 186.69 187.40 188.04 188.62 189.15 189.64 190.05 190.36 190.56 190.67 190.68 190.59 190.41 190.14 189.78 189.33 188.79 188.17 187.46 186.67 185.78 184.72 183.45 181.98 180.32 178.48 176.46 174.27 171.93 169.43 166.79 164.01 161.11 158.10 154.97 151.74 148.42 145.01 141.52 137.97 134.36 130.69 126.98 123.24 119.46 115.64 111.77 107.85 103.90 99.92 95.93 91.93 87.94 83.97 80.03 76.13 72.28 68.49 64.77 61.13 57.66 54.44 51.48 48.77
170.15 172.73 175.13 177.30 179.24 180.96 182.49 183.84 185.02 186.07 186.98 187.79 188.51 189.15 189.73 190.28 190.79 191.21 191.53 191.75 191.86 191.88 191.81 191.64 191.37 191.02 190.57 190.04 189.42 188.71 187.91 186.92 185.73 184.33 182.74 180.96 179.00 176.87 174.57 172.13 169.53 166.80 163.94 160.96 157.86 154.66 151.36 147.97 144.51 140.97 137.36 133.70 130.00 126.25 122.47 118.67 114.85 111.01 107.12 103.20 99.25 95.29 91.34 87.39 83.46 79.57 75.71 71.91 68.17 64.50 60.92 57.50 54.34 51.44 48.79
171.58 174.03 176.33 178.46 180.37 182.07 183.57 184.91 186.08 187.11 188.02 188.83 189.54 190.19 190.78 191.34 191.87 192.30 192.63 192.86 192.99 193.02 192.95 192.79 192.53 192.18 191.74 191.21 190.60 189.87 188.97 187.86 186.53 185.01 183.30 181.40 179.33 177.09 174.70 172.15 169.47 166.65 163.70 160.64 157.47 154.20 150.84 147.39 143.87 140.28 136.63 132.92 129.18 125.40 121.60 117.77 113.94 110.10 106.25 102.36 98.46 94.55 90.63 86.73 82.85 79.01 75.21 71.46 67.78 64.17 60.65 57.30 54.20 51.36 48.78
173.00 175.33 177.52 179.56 181.43 183.11 184.59 185.91 187.07 188.09 188.99 189.80 190.51 191.16 191.77 192.33 192.87 193.32 193.66 193.91 194.05 194.08 194.03 193.87 193.62 193.28 192.84 192.31 191.68 190.86 189.83 188.58 187.13 185.49 183.66 181.65 179.48 177.14 174.65 172.01 169.23 166.33 163.31 160.17 156.93 153.59 150.17 146.67 143.09 139.46 135.76 132.03 128.25 124.44 120.61 116.77 112.93 109.08 105.24 101.40 97.55 93.68 89.82 85.97 82.15 78.36 74.62 70.94 67.32 63.78 60.33 57.04 54.02 51.25 48.74
174.36 176.59 178.68 180.63 182.43 184.08 185.54 186.84 187.99 189.00 189.90 190.70 191.41 192.07 192.68 193.26 193.81 194.27 194.62 194.88 195.03 195.08 195.02 194.88 194.63 194.29 193.86 193.32 192.59 191.64 190.47 189.10 187.53 185.77 183.83 181.72 179.44 177.00 174.42 171.69 168.83 165.85 162.75 159.54 156.24 152.84 149.36 145.81 142.19 138.51 134.78 131.01 127.20 123.37 119.52 115.67 111.81 107.96 104.13 100.31 96.51 92.70 88.90 85.11 81.35 77.63 73.95 70.34 66.79 63.32 59.95 56.74 53.79 51.10 48.67
175.62 177.76 179.78 181.65 183.39 184.98 186.42 187.70 188.84 189.84 190.73 191.52 192.24 192.90 193.51 194.10 194.67 195.14 195.51 195.77 195.93 195.99 195.95 195.80 195.56 195.23 194.78 194.14 193.28 192.20 190.91 189.42 187.73 185.86 183.81 181.59 179.22 176.69 174.01 171.20 168.26 165.21 162.04 158.76 155.40 151.94 148.41 144.81 141.15 137.43 133.67 129.87 126.04 122.19 118.32 114.46 110.60 106.74 102.91 99.11 95.35 91.60 87.86 84.14 80.45 76.80 73.20 69.66 66.19 62.80 59.51 56.39 53.52 50.92 48.58
176.74 178.82 180.77 182.59 184.28 185.83 187.23 188.49 189.61 190.60 191.48 192.27 192.99 193.65 194.27 194.87 195.45 195.93 196.31 196.59 196.76 196.82 196.79 196.65 196.42 196.07 195.52 194.75 193.76 192.55 191.14 189.53 187.73 185.75 183.60 181.29 178.81 176.19 173.43 170.54 167.53 164.40 161.17 157.83 154.41 150.90 147.32 143.68 139.98 136.23 132.43 128.61 124.76 120.89 117.02 113.15 109.29 105.44 101.62 97.83 94.08 90.38 86.71 83.07 79.45 75.88 72.36 68.90 65.52 62.22 59.01 55.98 53.21 50.70 48.45
177.69 179.71 181.62 183.40 185.06 186.58 187.96 189.20 190.31 191.29 192.16 192.95 193.66 194.32 194.95 195.56 196.15 196.65 197.04 197.32 197.50 197.57 197.55 197.42 197.17 196.72 196.04 195.14 194.02 192.69 191.16 189.44 187.53 185.45 183.20 180.79 178.23 175.52 172.68 169.72 166.63 163.44 160.14 156.75 153.27 149.72 146.10 142.41 138.68 134.90 131.08 127.24 123.37 119.49 115.62 111.74 107.88 104.04 100.23 96.46 92.73 89.06 85.45 81.88 78.35 74.86 71.43 68.06 64.77 61.56 58.46 55.52 52.85 50.44 48.29
178.42 180.41 182.29 184.05 185.68 187.20 188.57 189.82 190.92 191.90 192.76 193.54 194.25 194.92 195.55 196.17 196.77 197.28 197.68 197.98 198.16 198.24 198.22 198.07 197.73 197.15 196.34 195.31 194.07 192.62 190.98 189.15 187.14 184.96 182.61 180.11 177.47 174.68 171.76 168.73 165.58 162.32 158.96 155.52 151.99 148.40 144.74 141.02 137.25 133.45 129.61 125.75 121.87 117.99 114.11 110.24 106.38 102.55 98.76 95.01 91.31 87.67 84.09 80.59 77.15 73.75 70.42 67.14 63.95 60.84 57.84 55.01 52.44 50.14 48.10
178.89 180.87 182.73 184.49 186.13 187.64 189.03 190.30 191.42 192.41 193.28 194.05 194.76 195.43 196.07 196.70 197.31 197.83 198.24 198.54 198.74 198.82 198.79 198.54 198.07 197.35 196.42 195.27 193.91 192.35 190.59 188.66 186.55 184.27 181.84 179.25 176.52 173.66 170.68 167.57 164.36 161.04 157.63 154.14 150.57 146.93 143.24 139.49 135.70 131.87 128.02 124.14 120.26 116.38 112.50 108.63 104.79 100.98 97.21 93.48 89.81 86.20 82.67 79.21 75.84 72.55 69.31 66.14 63.05 60.05 57.16 54.44 51.99 49.80 47.87
179.06 181.04 182.92 184.68 186.34 187.88 189.30 190.60 191.77 192.80 193.70 194.48 195.19 195.86 196.50 197.13 197.76 198.29 198.71 199.02 199.22 199.29 199.16 198.79 198.18 197.34 196.28 195.01 193.53 191.86 190.01 187.97 185.77 183.40 180.88 178.21 175.41 172.47 169.42 166.25 162.98 159.61 156.15 152.61 149.01 145.33 141.61 137.83 134.02 130.18 126.31 122.43 118.55 114.66 110.79 106.94 103.11 99.32 95.57 91.87 88.24 84.67 81.18 77.77 74.46 71.24 68.11 65.05 62.08 59.19 56.42 53.82 51.48 49.41 47.61
178.90 180.90 182.80 184.59 186.28 187.87 189.33 190.68 191.91 193.01 193.97 194.81 195.53 196.20 196.84 197.49 198.12 198.66 199.09 199.41 199.59 199.57 199.31 198.80 198.06 197.10 195.92 194.53 192.95 191.18 189.22 187.09 184.79 182.34 179.74 176.99 174.11 171.11 167.99 164.77 161.44 158.02 154.52 150.94 147.30 143.60 139.84 136.05 132.22 128.36 124.49 120.61 116.72 112.84 108.98 105.14 101.34 97.57 93.85 90.19 86.59 83.07 79.62 76.27 73.01 69.86 66.82 63.88 61.02 58.26 55.61 53.13 50.92 48.98 47.30
178.36 180.39 182.33 184.18 185.92 187.56 189.09 190.51 191.81 192.99 194.04 194.97 195.76 196.44 197.09 197.74 198.39 198.94 199.38 199.68 199.77 199.62 199.22 198.58 197.72 196.64 195.34 193.85 192.16 190.29 188.23 186.01 183.63 181.09 178.41 175.59 172.65 169.58 166.41 163.13 159.75 156.29 152.74 149.13 145.46 141.73 137.95 134.14 130.29 126.43 122.55 118.67 114.79 110.93 107.08 103.26 99.48 95.74 92.06 88.43 84.88 81.40 78.01 74.71 71.52 68.43 65.46 62.62 59.89 57.26 54.73 52.39 50.31 48.50 46.90
177.40 179.49 181.49 183.40 185.21 186.93 188.54 190.04 191.44 192.71 193.87 194.90 195.81 196.58 197.25 197.91 198.56 199.12 199.55 199.76 199.71 199.42 198.89 198.13 197.15 195.96 194.55 192.95 191.16 189.19 187.05 184.74 182.27 179.66 176.91 174.02 171.01 167.89 164.65 161.32 157.90 154.40 150.82 147.17 143.47 139.72 135.93 132.10 128.25 124.38 120.51 116.63 112.76 108.91 105.08 101.29 97.53 93.83 90.18 86.60 83.09 79.67 76.33 73.10 69.97 66.95 64.06 61.30 58.68 56.18 53.79 51.59 49.65 47.92 46.32
175.99 178.15 180.22 182.21 184.11 185.92 187.63 189.24 190.74 192.14 193.41 194.57 195.61 196.52 197.29 197.98 198.64 199.19 199.52 199.59 199.42 199.00 198.34 197.46 196.37 195.06 193.55 191.85 189.96 187.90 185.67 183.28 180.73 178.04 175.22 172.27 169.20 166.02 162.74 159.36 155.90 152.36 148.75 145.08 141.35 137.58 133.78 129.94 126.09 122.22 118.35 114.48 110.63 106.79 102.99 99.22 95.50 91.84 88.23 84.70 81.24 77.87 74.60 71.42 68.36 65.42 62.61 59.94 57.40 55.02 52.78 50.72 48.87 47.15 45.52
174.08 176.33 178.50 180.59 182.59 184.51 186.34 188.07 189.70 191.22 192.64 193.94 195.12 196.18 197.12 197.93 198.60 199.06 199.25 199.19 198.88 198.34 197.56 196.57 195.36 193.95 192.34 190.54 188.56 186.41 184.09 181.62 179.01 176.25 173.36 170.35 167.23 164.00 160.67 157.25 153.75 150.18 146.54 142.84 139.10 135.32 131.50 127.66 123.81 119.94 116.08 112.23 108.39 104.58 100.81 97.07 93.39 89.77 86.21 82.72 79.32 76.01 72.80 69.70 66.72 63.85 61.13 58.54 56.10 53.82 51.70 49.73 47.89 46.15 44.51
171.82 174.16 176.43 178.63 180.75 182.78 184.73 186.59 188.36 190.02 191.58 193.03 194.37 195.60 196.70 197.67 198.42 198.78 198.84 198.65 198.21 197.55 196.66 195.55 194.23 192.72 191.01 189.12 187.05 184.81 182.42 179.87 177.18 174.36 171.41 168.35 165.17 161.89 158.52 155.06 151.53 147.93 144.27 140.55 136.79 133.00 129.18 125.34 121.48 117.63 113.78 109.94 106.13 102.35 98.60 94.90 91.26 87.68 84.17 80.74 77.40 74.16 71.01 67.98 65.08 62.30 59.66 57.16 54.82 52.63 50.60 48.66 46.81 45.05 43.39
169.44 171.87 174.24 176.54 178.76 180.91 182.98 184.96 186.86 188.65 190.36 191.95 193.45 194.83 196.09 197.19 198.05 198.47 198.44 198.12 197.56 196.77 195.77 194.55 193.13 191.51 189.70 187.72 185.56 183.25 180.77 178.15 175.40 172.51 169.50 166.38 163.15 159.83 156.42 152.92 149.36 145.73 142.05 138.31 134.54 130.74 126.91 123.07 119.23 115.38 111.55 107.73 103.94 100.19 96.47 92.81 89.21 85.68 82.22 78.85 75.57 72.39 69.32 66.36 63.53 60.84 58.28 55.88 53.63 51.53 49.56 47.66 45.82 44.04 42.37
166.99 169.50 171.95 174.35 176.67 178.93 181.10 183.20 185.22 187.15 188.98 190.72 192.36 193.88 195.26 196.47 197.45 197.99 198.02 197.62 196.94 196.03 194.91 193.59 192.06 190.34 188.44 186.37 184.13 181.73 179.18 176.49 173.67 170.72 167.65 164.48 161.20 157.83 154.38 150.85 147.26 143.60 139.90 136.15 132.37 128.56 124.73 120.89 117.05 113.22 109.40 105.60 101.84 98.12 94.44 90.82 87.26 83.78 80.37 77.06 73.84 70.72 67.73 64.85 62.10 59.49 57.03 54.72 52.55 50.51 48.57 46.73 44.92 43.15 41.46
