data_output/RCH/Precip_2007_12.asc
ncols        168
nrows        136
xllcorner    455000
yllcorner    2107000
cellsize     500
NODATA_value     -99999
[rows 38 to 75 of 136, columns 84 to 167 of 168]
3.90 3.77 3.66 3.55 3.44 3.35 3.26 3.18 3.11 3.05 2.99 2.94 2.90 2.87 2.85 2.83 2.82 2.82 2.82 2.84 2.86 2.89 2.93 2.98 3.03 3.10 3.17 3.25 3.33 3.43 3.54 3.65 3.77 3.90 4.04 4.19 4.34 4.51 4.68 4.86 5.04 5.23 5.39 5.47 5.46 5.36 5.19 4.98 4.75 4.50 4.22 3.92 3.60 3.26 2.91 2.54 2.16 1.78 1.38 0.98 0.57 0.17 0.00 0.00 0.00 0.00 0.00 0.00 0.00 0.00 0.00 0.00 0.00 0.00 0.00 0.00 0.00 0.00 0.00 0.00 0.00 0.00 0.00 0.00
4.02 3.90 3.79 3.69 3.59 3.50 3.41 3.34 3.27 3.20 3.15 3.10 3.06 3.03 3.00 2.98 2.97 2.97 2.98 2.99 3.01 3.04 3.07 3.11 3.16 3.22 3.29 3.36 3.44 3.53 3.63 3.74 3.85 3.97 4.10 4.24 4.39 4.54 4.71 4.88 5.05 5.23 5.39 5.47 5.45 5.36 5.23 5.06 4.87 4.66 4.41 4.15 3.86 3.56 3.23 2.89 2.54 2.17 1.80 1.42 1.03 0.64 0.24 0.00 0.00 0.00 0.00 0.00 0.00 0.00 0.00 0.00 0.00 0.00 0.00 0.00 0.00 0.00 0.00 0.00 0.00 0.00 0.00 0.00
4.16 4.05 3.94 3.84 3.74 3.66 3.57 3.50 3.43 3.37 3.32 3.27 3.23 3.20 3.18 3.16 3.15 3.14 3.15 3.16 3.17 3.20 3.23 3.27 3.32 3.37 3.43 3.50 3.58 3.66 3.75 3.85 3.96 4.07 4.20 4.33 4.46 4.61 4.76 4.92 5.09 5.27 5.42 5.49 5.48 5.43 5.34 5.22 5.07 4.90 4.69 4.46 4.20 3.93 3.63 3.32 2.99 2.65 2.30 1.94 1.56 1.19 0.81 0.42 0.04 0.00 0.00 0.00 0.00 0.00 0.00 0.00 0.00 0.00 0.00 0.00 0.00 0.00 0.00 0.00 0.00 0.00 0.00 0.00
4.31 4.20 4.10 4.00 3.91 3.83 3.75 3.68 3.62 3.56 3.51 3.47 3.43 3.40 3.37 3.35 3.34 3.34 3.34 3.35 3.36 3.39 3.41 3.45 3.49 3.54 3.60 3.67 3.74 3.82 3.90 3.99 4.09 4.20 4.32 4.44 4.57 4.70 4.85 5.00 5.16 5.32 5.47 5.55 5.59 5.58 5.54 5.46 5.36 5.22 5.05 4.85 4.63 4.38 4.12 3.83 3.53 3.21 2.88 2.53 2.18 1.82 1.45 1.08 0.70 0.33 0.00 0.00 0.00 0.00 0.00 0.00 0.00 0.00 0.00 0.00 0.00 0.00 0.00 0.00 0.00 0.00 0.00 0.00
4.47 4.37 4.27 4.18 4.10 4.02 3.94 3.88 3.82 3.76 3.71 3.67 3.63 3.60 3.58 3.56 3.55 3.55 3.55 3.56 3.57 3.59 3.62 3.65 3.69 3.74 3.79 3.85 3.92 3.99 4.07 4.16 4.25 4.35 4.46 4.57 4.70 4.82 4.96 5.10 5.25 5.41 5.56 5.69 5.77 5.81 5.82 5.78 5.71 5.61 5.48 5.32 5.13 4.91 4.67 4.42 4.14 3.84 3.53 3.20 2.87 2.52 2.17 1.81 1.44 1.07 0.71 0.34 0.00 0.00 0.00 0.00 0.00 0.00 0.00 0.00 0.00 0.00 0.00 0.00 0.00 0.00 0.00 0.00
4.60 4.51 4.42 4.33 4.25 4.18 4.11 4.05 3.99 3.94 3.89 3.85 3.82 3.79 3.77 3.75 3.74 3.74 3.74 3.75 3.76 3.78 3.80 3.84 3.87 3.92 3.97 4.02 4.09 4.16 4.23 4.31 4.40 4.49 4.60 4.70 4.82 4.94 5.06 5.20 5.34 5.49 5.66 5.82 5.95 6.04 6.09 6.10 6.07 6.01 5.91 5.78 5.63 5.44 5.23 5.00 4.75 4.48 4.19 3.88 3.56 3.23 2.89 2.54 2.18 1.82 1.46 1.10 0.74 0.39 0.04 0.00 0.00 0.00 0.00 0.00 0.00 0.00 0.00 0.00 0.00 0.00 0.00 0.00
4.68 4.59 4.51 4.43 4.36 4.29 4.23 4.17 4.12 4.07 4.03 3.99 3.96 3.94 3.92 3.90 3.89 3.89 3.89 3.90 3.91 3.93 3.95 3.98 4.02 4.06 4.11 4.16 4.22 4.29 4.36 4.43 4.52 4.61 4.70 4.80 4.91 5.02 5.14 5.27 5.41 5.56 5.74 5.91 6.08 6.22 6.31 6.36 6.37 6.35 6.29 6.20 6.08 5.92 5.75 5.54 5.31 5.06 4.80 4.51 4.21 3.89 3.56 3.23 2.88 2.53 2.18 1.82 1.46 1.11 0.75 0.41 0.07 0.00 0.00 0.00 0.00 0.00 0.00 0.00 0.00 0.00 0.00 0.00
4.71 4.63 4.55 4.48 4.41 4.35 4.30 4.24 4.20 4.16 4.12 4.09 4.06 4.04 4.02 4.01 4.00 4.00 4.00 4.01 4.02 4.04 4.07 4.10 4.13 4.17 4.22 4.27 4.32 4.39 4.45 4.53 4.61 4.69 4.78 4.88 4.98 5.08 5.20 5.32 5.46 5.63 5.80 5.98 6.16 6.34 6.47 6.57 6.62 6.64 6.62 6.56 6.48 6.36 6.21 6.03 5.83 5.60 5.36 5.09 4.81 4.51 4.20 3.87 3.54 3.19 2.85 2.49 2.14 1.78 1.43 1.08 0.74 0.40 0.08 0.00 0.00 0.00 0.00 0.00 0.00 0.00 0.00 0.00
4.68 4.61 4.54 4.48 4.42 4.37 4.32 4.27 4.23 4.20 4.17 4.14 4.12 4.10 4.08 4.08 4.07 4.07 4.08 4.09 4.10 4.12 4.15 4.18 4.21 4.25 4.29 4.34 4.40 4.46 4.52 4.59 4.67 4.75 4.83 4.92 5.02 5.12 5.23 5.36 5.51 5.68 5.86 6.04 6.23 6.41 6.58 6.72 6.82 6.88 6.90 6.88 6.82 6.74 6.62 6.47 6.30 6.10 5.87 5.63 5.36 5.08 4.78 4.47 4.15 3.82 3.47 3.13 2.78 2.42 2.07 1.72 1.37 1.03 0.69 0.37 0.05 0.00 0.00 0.00 0.00 0.00 0.00 0.00
4.61 4.55 4.49 4.44 4.39 4.34 4.30 4.26 4.23 4.20 4.17 4.15 4.13 4.12 4.11 4.11 4.11 4.11 4.12 4.13 4.15 4.17 4.19 4.22 4.26 4.30 4.34 4.39 4.44 4.50 4.56 4.63 4.70 4.78 4.86 4.95 5.04 5.14 5.26 5.40 5.55 5.72 5.91 6.09 6.28 6.47 6.65 6.82 6.96 7.06 7.12 7.14 7.12 7.07 6.98 6.86 6.71 6.54 6.34 6.12 5.87 5.61 5.33 5.03 4.72 4.39 4.06 3.72 3.37 3.02 2.67 2.31 1.96 1.61 1.27 0.94 0.61 0.30 0.00 0.00 0.00 0.00 0.00 0.00
4.50 4.44 4.40 4.35 4.31 4.28 4.24 4.21 4.18 4.16 4.14 4.13 4.12 4.11 4.10 4.10 4.11 4.11 4.13 4.14 4.16 4.18 4.21 4.24 4.28 4.32 4.36 4.41 4.46 4.52 4.58 4.65 4.72 4.79 4.87 4.96 5.05 5.15 5.28 5.42 5.58 5.75 5.94 6.13 6.32 6.51 6.70 6.88 7.05 7.19 7.29 7.35 7.36 7.34 7.29 7.20 7.08 6.94 6.76 6.56 6.33 6.09 5.82 5.54 5.24 4.93 4.60 4.27 3.93 3.58 3.23 2.87 2.52 2.16 1.81 1.47 1.13 0.81 0.49 0.19 0.00 0.00 0.00 0.00
4.34 4.30 4.26 4.23 4.20 4.17 4.14 4.12 4.10 4.09 4.08 4.07 4.06 4.06 4.06 4.07 4.08 4.09 4.10 4.12 4.15 4.17 4.20 4.24 4.27 4.32 4.36 4.41 4.46 4.52 4.58 4.64 4.71 4.78 4.86 4.95 5.04 5.16 5.29 5.44 5.60 5.78 5.97 6.17 6.36 6.55 6.73 6.92 7.10 7.27 7.41 7.50 7.56 7.57 7.55 7.49 7.40 7.28 7.13 6.95 6.75 6.52 6.28 6.01 5.72 5.42 5.11 4.78 4.44 4.10 3.75 3.39 3.03 2.68 2.32 1.97 1.62 1.28 0.95 0.63 0.32 0.03 0.00 0.00
4.14 4.11 4.09 4.06 4.04 4.02 4.01 4.00 3.99 3.98 3.98 3.98 3.98 3.98 3.99 4.00 4.02 4.03 4.05 4.08 4.11 4.14 4.17 4.21 4.25 4.29 4.34 4.39 4.44 4.50 4.56 4.62 4.69 4.76 4.84 4.93 5.04 5.16 5.29 5.44 5.61 5.80 5.99 6.19 6.38 6.57 6.76 6.95 7.13 7.31 7.48 7.61 7.70 7.75 7.76 7.74 7.68 7.58 7.46 7.30 7.12 6.92 6.68 6.43 6.16 5.87 5.57 5.25 4.92 4.57 4.23 3.87 3.51 3.15 2.79 2.43 2.07 1.72 1.38 1.04 0.72 0.41 0.11 0.00
3.90 3.89 3.87 3.86 3.85 3.85 3.84 3.84 3.84 3.84 3.85 3.85 3.86 3.88 3.89 3.91 3.93 3.95 3.98 4.01 4.04 4.08 4.11 4.15 4.20 4.24 4.29 4.34 4.40 4.46 4.52 4.58 4.65 4.72 4.81 4.91 5.02 5.15 5.29 5.45 5.62 5.80 6.00 6.20 6.40 6.59 6.78 6.97 7.15 7.33 7.50 7.67 7.80 7.88 7.93 7.93 7.90 7.84 7.74 7.61 7.45 7.26 7.05 6.81 6.56 6.28 5.98 5.67 5.35 5.01 4.67 4.31 3.95 3.59 3.22 2.85 2.49 2.12 1.77 1.42 1.08 0.75 0.43 0.13
3.63 3.63 3.63 3.63 3.63 3.64 3.64 3.65 3.66 3.67 3.69 3.70 3.72 3.74 3.77 3.79 3.82 3.85 3.88 3.92 3.95 3.99 4.04 4.08 4.13 4.18 4.23 4.28 4.34 4.40 4.46 4.53 4.60 4.68 4.78 4.88 5.00 5.14 5.28 5.44 5.62 5.81 6.01 6.21 6.41 6.60 6.79 6.98 7.16 7.34 7.51 7.68 7.84 7.96 8.04 8.08 8.08 8.04 7.97 7.87 7.73 7.56 7.37 7.15 6.91 6.64 6.36 6.06 5.74 5.41 5.07 4.71 4.35 3.98 3.61 3.24 2.87 2.49 2.12 1.76 1.40 1.06 0.72 0.40
3.33 3.34 3.35 3.36 3.38 3.40 3.41 3.43 3.46 3.48 3.50 3.53 3.56 3.59 3.62 3.65 3.69 3.73 3.76 3.81 3.85 3.89 3.94 3.99 4.04 4.10 4.15 4.21 4.27 4.33 4.40 4.47 4.55 4.64 4.74 4.85 4.98 5.12 5.27 5.43 5.61 5.80 6.01 6.21 6.41 6.60 6.79 6.98 7.16 7.34 7.51 7.68 7.84 7.99 8.11 8.18 8.21 8.20 8.16 8.08 7.96 7.82 7.64 7.44 7.22 6.97 6.69 6.40 6.09 5.77 5.43 5.08 4.72 4.35 3.97 3.59 3.21 2.83 2.45 2.07 1.70 1.33 0.98 0.63
2.99 3.02 3.04 3.07 3.10 3.13 3.16 3.19 3.22 3.26 3.29 3.33 3.37 3.41 3.45 3.49 3.54 3.58 3.63 3.68 3.73 3.78 3.83 3.89 3.94 4.00 4.06 4.12 4.19 4.25 4.32 4.40 4.49 4.59 4.70 4.82 4.95 5.10 5.25 5.42 5.60 5.79 6.00 6.20 6.40 6.60 6.79 6.97 7.15 7.33 7.50 7.67 7.83 7.98 8.12 8.23 8.29 8.31 8.30 8.24 8.15 8.03 7.88 7.69 7.48 7.25 6.99 6.71 6.41 6.09 5.75 5.40 5.04 4.67 4.29 3.91 3.52 3.13 2.74 2.35 1.96 1.58 1.20 0.84
2.63 2.67 2.71 2.75 2.79 2.84 2.88 2.92 2.97 3.02 3.06 3.11 3.16 3.21 3.26 3.31 3.37 3.42 3.48 3.53 3.59 3.65 3.71 3.77 3.83 3.90 3.96 4.03 4.10 4.17 4.25 4.34 4.43 4.54 4.66 4.79 4.92 5.07 5.23 5.40 5.58 5.78 5.98 6.19 6.39 6.58 6.77 6.96 7.14 7.31 7.48 7.65 7.80 7.96 8.10 8.23 8.32 8.38 8.39 8.36 8.30 8.20 8.07 7.90 7.71 7.49 7.24 6.97 6.68 6.37 6.04 5.69 5.33 4.96 4.58 4.19 3.79 3.39 2.99 2.59 2.19 1.79 1.40 1.01
2.25 2.29 2.35 2.40 2.46 2.52 2.58 2.64 2.69 2.75 2.81 2.87 2.93 2.99 3.06 3.12 3.18 3.24 3.31 3.37 3.44 3.51 3.57 3.64 3.71 3.78 3.85 3.93 4.00 4.08 4.17 4.27 4.38 4.49 4.61 4.75 4.89 5.04 5.20 5.38 5.56 5.76 5.97 6.17 6.37 6.56 6.75 6.94 7.12 7.29 7.46 7.62 7.77 7.92 8.06 8.19 8.31 8.40 8.44 8.44 8.40 8.32 8.21 8.07 7.89 7.68 7.45 7.19 6.91 6.61 6.28 5.94 5.58 5.21 4.83 4.43 4.03 3.63 3.21 2.80 2.38 1.97 1.56 1.17
1.86 1.90 1.97 2.04 2.11 2.18 2.26 2.33 2.40 2.47 2.55 2.62 2.69 2.76 2.84 2.91 2.98 3.06 3.13 3.21 3.28 3.36 3.43 3.51 3.58 3.66 3.74 3.82 3.91 4.00 4.10 4.20 4.32 4.44 4.57 4.71 4.85 5.01 5.18 5.35 5.54 5.74 5.94 6.15 6.35 6.54 6.73 6.91 7.09 7.26 7.42 7.58 7.73 7.88 8.01 8.14 8.26 8.37 8.44 8.47 8.45 8.40 8.31 8.19 8.03 7.84 7.62 7.37 7.10 6.81 6.49 6.15 5.80 5.43 5.04 4.65 4.24 3.82 3.40 2.98 2.55 2.12 1.71 1.34
1.48 1.51 1.57 1.65 1.74 1.83 1.92 2.00 2.09 2.18 2.26 2.35 2.44 2.52 2.61 2.69 2.78 2.86 2.94 3.03 3.11 3.20 3.28 3.37 3.45 3.54 3.62 3.72 3.81 3.91 4.02 4.14 4.26 4.38 4.52 4.66 4.82 4.98 5.15 5.32 5.51 5.71 5.92 6.12 6.32 6.51 6.70 6.88 7.05 7.22 7.38 7.54 7.68 7.82 7.96 8.08 8.19 8.30 8.39 8.45 8.46 8.44 8.37 8.27 8.13 7.95 7.75 7.52 7.26 6.97 6.66 6.33 5.97 5.61 5.22 4.82 4.41 3.99 3.56 3.12 2.68 2.26 1.86 1.51
1.11 1.13 1.18 1.26 1.35 1.46 1.56 1.67 1.77 1.87 1.97 2.07 2.17 2.27 2.36 2.46 2.56 2.66 2.75 2.85 2.94 3.04 3.13 3.22 3.32 3.41 3.51 3.61 3.72 3.83 3.95 4.07 4.20 4.33 4.47 4.62 4.78 4.94 5.11 5.29 5.48 5.68 5.89 6.09 6.28 6.47 6.66 6.84 7.01 7.18 7.33 7.48 7.63 7.76 7.89 8.01 8.12 8.22 8.31 8.39 8.43 8.43 8.38 8.30 8.18 8.03 7.84 7.62 7.37 7.09 6.79 6.46 6.12 5.75 5.36 4.96 4.54 4.12 3.68 3.23 2.80 2.39 2.02 1.69
0.74 0.76 0.80 0.87 0.96 1.08 1.20 1.31 1.43 1.55 1.66 1.78 1.89 2.01 2.12 2.23 2.34 2.45 2.55 2.66 2.77 2.87 2.98 3.08 3.18 3.29 3.40 3.51 3.63 3.75 3.87 4.00 4.14 4.28 4.42 4.58 4.74 4.90 5.08 5.26 5.45 5.65 5.85 6.05 6.25 6.44 6.62 6.79 6.96 7.13 7.28 7.43 7.57 7.70 7.82 7.93 8.04 8.13 8.22 8.29 8.35 8.37 8.36 8.29 8.19 8.06 7.89 7.68 7.44 7.18 6.88 6.56 6.22 5.85 5.47 5.06 4.65 4.21 3.77 3.33 2.92 2.54 2.19 1.87
0.38 0.39 0.43 0.49 0.58 0.69 0.82 0.95 1.09 1.22 1.35 1.48 1.61 1.74 1.86 1.99 2.11 2.23 2.35 2.47 2.59 2.71 2.82 2.94 3.05 3.17 3.29 3.41 3.54 3.67 3.80 3.94 4.08 4.23 4.38 4.53 4.70 4.87 5.04 5.22 5.42 5.61 5.82 6.02 6.21 6.39 6.57 6.75 6.91 7.07 7.22 7.36 7.50 7.62 7.74 7.85 7.94 8.03 8.11 8.18 8.24 8.28 8.28 8.25 8.17 8.05 7.89 7.70 7.48 7.22 6.94 6.62 6.29 5.92 5.54 5.13 4.71 4.28 3.84 3.43 3.05 2.69 2.36 2.06
0.02 0.03 0.07 0.13 0.21 0.31 0.44 0.59 0.74 0.89 1.03 1.18 1.33 1.47 1.61 1.75 1.88 2.02 2.15 2.28 2.41 2.54 2.67 2.80 2.93 3.06 3.19 3.32 3.46 3.59 3.73 3.88 4.02 4.18 4.33 4.49 4.66 4.83 5.01 5.19 5.38 5.58 5.78 5.98 6.17 6.35 6.53 6.70 6.86 7.01 7.16 7.29 7.42 7.54 7.65 7.76 7.85 7.93 8.00 8.06 8.11 8.15 8.17 8.15 8.10 8.00 7.86 7.68 7.47 7.23 6.95 6.65 6.32 5.96 5.57 5.17 4.75 4.32 3.92 3.53 3.18 2.84 2.54 2.26
0.00 0.00 0.00 0.00 0.00 0.00 0.08 0.22 0.38 0.55 0.71 0.88 1.04 1.20 1.35 1.51 1.66 1.81 1.96 2.10 2.24 2.39 2.53 2.67 2.81 2.95 3.09 3.23 3.37 3.52 3.67 3.82 3.97 4.13 4.29 4.45 4.62 4.79 4.97 5.15 5.34 5.54 5.74 5.93 6.12 6.30 6.48 6.64 6.80 6.95 7.09 7.22 7.34 7.46 7.56 7.66 7.74 7.82 7.88 7.93 7.97 8.00 8.02 8.02 7.99 7.91 7.79 7.63 7.43 7.20 6.93 6.64 6.31 5.95 5.57 5.17 4.77 4.37 4.00 3.64 3.31 3.00 2.72 2.46
0.00 0.00 0.00 0.00 0.00 0.00 0.00 0.00 0.03 0.21 0.39 0.57 0.75 0.93 1.10 1.27 1.44 1.60 1.76 1.92 2.08 2.23 2.39 2.54 2.69 2.84 3.00 3.15 3.30 3.45 3.61 3.76 3.92 4.08 4.24 4.41 4.58 4.76 4.94 5.12 5.31 5.50 5.70 5.89 6.08 6.25 6.42 6.58 6.74 6.88 7.02 7.14 7.26 7.37 7.47 7.55 7.63 7.70 7.75 7.80 7.83 7.85 7.86 7.86 7.83 7.77 7.67 7.53 7.35 7.13 6.87 6.59 6.27 5.92 5.54 5.16 4.78 4.42 4.08 3.75 3.45 3.16 2.90 2.66
0.00 0.00 0.00 0.00 0.00 0.00 0.00 0.00 0.00 0.00 0.07 0.27 0.47 0.66 0.85 1.03 1.22 1.40 1.58 1.75 1.92 2.09 2.26 2.42 2.58 2.75 2.91 3.07 3.23 3.39 3.55 3.71 3.87 4.04 4.20 4.37 4.55 4.72 4.90 5.08 5.27 5.46 5.66 5.85 6.03 6.20 6.37 6.52 6.67 6.81 6.94 7.06 7.17 7.27 7.37 7.45 7.51 7.57 7.62 7.66 7.68 7.69 7.69 7.68 7.65 7.60 7.52 7.39 7.23 7.02 6.78 6.50 6.19 5.85 5.49 5.14 4.80 4.48 4.17 3.87 3.59 3.33 3.09 2.87
0.00 0.00 0.00 0.00 0.00 0.00 0.00 0.00 0.00 0.00 0.00 0.00 0.19 0.40 0.60 0.81 1.01 1.21 1.40 1.59 1.77 1.96 2.13 2.31 2.48 2.65 2.82 2.99 3.16 3.33 3.49 3.66 3.83 4.00 4.17 4.34 4.51 4.69 4.87 5.05 5.24 5.43 5.62 5.80 5.98 6.15 6.31 6.46 6.61 6.74 6.86 6.98 7.08 7.18 7.26 7.33 7.39 7.44 7.48 7.51 7.52 7.52 7.51 7.49 7.45 7.40 7.33 7.22 7.07 6.88 6.65 6.38 6.07 5.76 5.44 5.13 4.83 4.54 4.26 3.99 3.74 3.50 3.28 3.08
0.00 0.00 0.00 0.00 0.00 0.00 0.00 0.00 0.00 0.00 0.00 0.00 0.00 0.14 0.37 0.59 0.81 1.02 1.23 1.44 1.63 1.83 2.02 2.21 2.39 2.57 2.75 2.93 3.10 3.27 3.45 3.62 3.79 3.96 4.14 4.31 4.48 4.66 4.84 5.02 5.20 5.39 5.58 5.76 5.93 6.10 6.25 6.40 6.54 6.67 6.78 6.89 6.99 7.08 7.15 7.22 7.27 7.31 7.34 7.35 7.36 7.35 7.33 7.29 7.24 7.18 7.10 7.01 6.87 6.69 6.48 6.22 5.94 5.66 5.39 5.12 4.85 4.60 4.35 4.11 3.88 3.67 3.47 3.29
0.00 0.00 0.00 0.00 0.00 0.00 0.00 0.00 0.00 0.00 0.00 0.00 0.00 0.00 0.15 0.39 0.62 0.85 1.08 1.29 1.50 1.71 1.91 2.11 2.30 2.49 2.68 2.87 3.05 3.23 3.40 3.58 3.76 3.93 4.11 4.28 4.46 4.63 4.81 4.99 5.17 5.36 5.54 5.72 5.89 6.05 6.20 6.34 6.47 6.59 6.70 6.80 6.89 6.97 7.04 7.09 7.14 7.17 7.19 7.20 7.19 7.17 7.14 7.09 7.03 6.96 6.87 6.76 6.64 6.47 6.27 6.04 5.81 5.57 5.34 5.11 4.88 4.66 4.44 4.23 4.03 3.85 3.67 3.51
0.00 0.00 0.00 0.00 0.00 0.00 0.00 0.00 0.00 0.00 0.00 0.00 0.00 0.00 0.00 0.20 0.45 0.69 0.93 1.16 1.38 1.60 1.82 2.02 2.23 2.43 2.62 2.81 3.00 3.19 3.37 3.55 3.73 3.91 4.08 4.26 4.43 4.61 4.79 4.97 5.14 5.32 5.50 5.68 5.84 6.00 6.14 6.28 6.40 6.52 6.62 6.71 6.79 6.87 6.92 6.97 7.01 7.03 7.04 7.03 7.02 6.99 6.94 6.88 6.81 6.72 6.62 6.50 6.37 6.22 6.04 5.86 5.67 5.48 5.29 5.10 4.91 4.72 4.54 4.36 4.19 4.03 3.87 3.73
0.00 0.00 0.00 0.00 0.00 0.00 0.00 0.00 0.00 0.00 0.00 0.00 0.00 0.00 0.00 0.02 0.28 0.54 0.79 1.04 1.27 1.50 1.73 1.95 2.16 2.37 2.57 2.77 2.96 3.15 3.34 3.52 3.71 3.89 4.06 4.24 4.42 4.59 4.77 4.94 5.12 5.29 5.47 5.64 5.80 5.95 6.08 6.21 6.33 6.44 6.54 6.62 6.69 6.76 6.81 6.84 6.87 6.88 6.88 6.87 6.84 6.80 6.74 6.67 6.59 6.48 6.37 6.24 6.09 5.95 5.82 5.68 5.54 5.40 5.25 5.09 4.94 4.79 4.63 4.49 4.34 4.21 4.08 3.96
0.00 0.00 0.00 0.00 0.00 0.00 0.00 0.00 0.00 0.00 0.00 0.00 0.00 0.00 0.00 0.00 0.13 0.41 0.67 0.93 1.18 1.42 1.65 1.88 2.10 2.31 2.52 2.73 2.93 3.13 3.32 3.51 3.69 3.87 4.05 4.23 4.40 4.58 4.75 4.92 5.10 5.27 5.44 5.60 5.75 5.90 6.03 6.15 6.26 6.36 6.45 6.53 6.59 6.65 6.69 6.72 6.73 6.73 6.72 6.70 6.66 6.60 6.54 6.45 6.35 6.24 6.11 5.97 5.83 5.70 5.59 5.50 5.41 5.31 5.20 5.09 4.97 4.85 4.73 4.61 4.50 4.39 4.28 4.18
0.00 0.00 0.00 0.00 0.00 0.00 0.00 0.00 0.00 0.00 0.00 0.00 0.00 0.00 0.00 0.00 0.00 0.28 0.56 0.83 1.09 1.34 1.58 1.82 2.05 2.27 2.49 2.70 2.91 3.11 3.30 3.49 3.68 3.86 4.05 4.22 4.40 4.57 4.74 4.91 5.08 5.25 5.41 5.57 5.72 5.85 5.98 6.09 6.20 6.29 6.37 6.44 6.49 6.54 6.57 6.59 6.59 6.58 6.56 6.52 6.47 6.41 6.33 6.23 6.12 5.99 5.85 5.71 5.59 5.48 5.40 5.33 5.28 5.22 5.15 5.08 5.00 4.92 4.83 4.74 4.66 4.57 4.49 4.41
0.00 0.00 0.00 0.00 0.00 0.00 0.00 0.00 0.00 0.00 0.00 0.00 0.00 0.00 0.00 0.00 0.00 0.18 0.46 0.74 1.01 1.28 1.53 1.77 2.01 2.24 2.47 2.68 2.89 3.10 3.30 3.49 3.68 3.86 4.05 4.22 4.40 4.57 4.74 4.90 5.07 5.23 5.39 5.54 5.68 5.81 5.93 6.03 6.13 6.21 6.29 6.35 6.39 6.43 6.45 6.46 6.45 6.43 6.40 6.35 6.29 6.21 6.11 6.00 5.88 5.74 5.60 5.48 5.38 5.29 5.23 5.18 5.15 5.13 5.11 5.07 5.03 4.99 4.93 4.87 4.82 4.76 4.70 4.64
0.00 0.00 0.00 0.00 0.00 0.00 0.00 0.00 0.00 0.00 0.00 0.00 0.00 0.00 0.00 0.00 0.00 0.10 0.38 0.67 0.95 1.22 1.49 1.74 1.99 2.22 2.45 2.67 2.89 3.10 3.30 3.50 3.69 3.87 4.05 4.23 4.40 4.57 4.74 4.90 5.06 5.21 5.37 5.51 5.65 5.77 5.88 5.98 6.07 6.14 6.21 6.26 6.29 6.32 6.33 6.33 6.31 6.28 6.23 6.17 6.10 6.00 5.90 5.77 5.64 5.50 5.38 5.28 5.20 5.14 5.09 5.06 5.05 5.05 5.06 5.07 5.07 5.05 5.03 5.01 4.98 4.94 4.91 4.87
0.00 0.00 0.00 0.00 0.00 0.00 0.00 0.00 0.00 0.00 0.00 0.00 0.00 0.00 0.00 0.00 0.00 0.06 0.33 0.61 0.90 1.18 1.45 1.72 1.97 2.21 2.45 2.68 2.90 3.11 3.31 3.51 3.70 3.89 4.07 4.24 4.41 4.58 4.74 4.90 5.06 5.21 5.35 5.49 5.62 5.73 5.84 5.93 6.01 6.07 6.13 6.17 6.20 6.21 6.21 6.20 6.17 6.12 6.07 5.99 5.90 5.80 5.68 5.54 5.41 5.29 5.19 5.11 5.05 5.01 4.98 4.97 4.97 4.99 5.02 5.06 5.10 5.12 5.13 5.14 5.13 5.13 5.12 5.10
