data_output/RCH/Precip_2010_06.asc
ncols        168
nrows        136
xllcorner    455000
yllcorner    2107000
cellsize     500
NODATA_value     -99999
[rows 102 to 135 of 136, columns 0 to 75 of 168]
36.34 32.08 27.89 23.78 19.78 15.89 12.14 8.53 5.09 1.82 0.00 0.00 0.00 0.00 0.00 0.00 0.00 0.00 0.00 0.00 0.00 0.00 0.00 0.00 0.00 0.00 0.00 0.00 0.00 0.00 0.76 3.56 6.43 9.38 12.38 15.43 18.52 21.64 24.79 27.95 31.11 34.28 37.43 40.56 43.66 46.72 49.74 52.70 55.59 58.41 61.14 63.79 66.33 68.76 71.08 73.26 75.32 77.22 78.97 80.56 81.98 83.22 84.26 85.11 85.75 86.18 86.38 86.35 86.06 85.49 84.57 83.30 81.70 79.76 77.62 75.60
43.45 39.14 34.88 30.70 26.60 22.60 18.72 14.97 11.37 7.93 4.66 1.59 0.00 0.00 0.00 0.00 0.00 0.00 0.00 0.00 0.00 0.00 0.00 0.00 0.00 0.00 0.00 0.00 0.00 0.00 2.18 4.98 7.86 10.81 13.82 16.88 19.99 23.13 26.30 29.48 32.67 35.86 39.04 42.21 45.34 48.44 51.50 54.50 57.44 60.30 63.09 65.78 68.38 70.87 73.25 75.50 77.61 79.59 81.41 83.07 84.56 85.88 87.01 87.94 88.66 89.18 89.47 89.52 89.28 88.71 87.80 86.56 84.97 83.06 80.95 78.96
50.63 46.28 41.98 37.73 33.55 29.46 25.47 21.60 17.85 14.25 10.82 7.55 4.47 1.58 0.00 0.00 0.00 0.00 0.00 0.00 0.00 0.00 0.00 0.00 0.00 0.00 0.00 0.00 0.00 1.00 3.72 6.52 9.41 12.36 15.39 18.46 21.59 24.75 27.94 31.14 34.36 37.58 40.80 44.00 47.17 50.31 53.41 56.45 59.44 62.35 65.19 67.94 70.60 73.15 75.58 77.90 80.08 82.13 84.02 85.76 87.33 88.72 89.93 90.95 91.76 92.37 92.74 92.84 92.60 92.04 91.13 89.90 88.34 86.45 84.37 82.40
57.85 53.49 49.16 44.86 40.63 36.46 32.37 28.39 24.52 20.78 17.18 13.74 10.46 7.35 4.42 1.70 0.00 0.00 0.00 0.00 0.00 0.00 0.00 0.00 0.00 0.00 0.00 0.00 0.04 2.65 5.37 8.18 11.08 14.05 17.08 20.18 23.32 26.50 29.71 32.95 36.20 39.45 42.70 45.93 49.15 52.33 55.47 58.56 61.60 64.56 67.46 70.27 72.98 75.59 78.09 80.48 82.73 84.85 86.81 88.63 90.28 91.75 93.05 94.15 95.06 95.75 96.16 96.25 96.01 95.45 94.55 93.33 91.79 89.93 87.88 85.94
65.10 60.75 56.40 52.08 47.79 43.56 39.40 35.33 31.35 27.48 23.74 20.13 16.66 13.35 10.20 7.24 4.47 1.91 0.00 0.00 0.00 0.00 0.00 0.00 0.00 0.00 0.00 0.00 1.81 4.42 7.15 9.97 12.87 15.86 18.91 22.02 25.19 28.39 31.63 34.90 38.18 41.46 44.75 48.02 51.28 54.50 57.69 60.83 63.92 66.94 69.89 72.76 75.54 78.21 80.78 83.23 85.56 87.75 89.79 91.69 93.42 94.98 96.36 97.55 98.54 99.26 99.67 99.75 99.50 98.94 98.05 96.84 95.32 93.48 91.46 89.54
72.37 68.03 63.69 59.35 55.04 50.77 46.55 42.39 38.32 34.35 30.47 26.70 23.06 19.56 16.21 13.02 10.01 7.20 4.59 2.25 0.41 0.00 0.00 0.00 0.00 0.00 0.11 1.75 3.84 6.33 9.05 11.88 14.80 17.80 20.87 24.01 27.20 30.43 33.70 36.99 40.31 43.63 46.95 50.27 53.57 56.84 60.08 63.27 66.41 69.49 72.50 75.43 78.27 81.01 83.65 86.17 88.57 90.84 92.96 94.94 96.75 98.40 99.87 101.15 102.17 102.87 103.26 103.32 103.07 102.51 101.63 100.43 98.93 97.11 95.12 93.22
79.63 75.33 71.01 66.67 62.35 58.05 53.79 49.57 45.42 41.34 37.34 33.44 29.64 25.97 22.43 19.04 15.81 12.75 9.88 7.28 5.16 3.56 2.49 1.92 1.85 2.26 3.14 4.48 6.26 8.48 11.10 13.93 16.87 19.89 22.98 26.14 29.35 32.61 35.91 39.24 42.59 45.95 49.32 52.68 56.02 59.34 62.63 65.88 69.07 72.21 75.28 78.27 81.18 83.99 86.70 89.30 91.77 94.12 96.32 98.38 100.28 102.02 103.57 104.88 105.87 106.55 106.92 106.97 106.71 106.15 105.27 104.09 102.60 100.81 98.84 96.97
86.87 82.62 78.34 74.03 69.71 65.39 61.10 56.84 52.62 48.45 44.35 40.32 36.39 32.56 28.84 25.26 21.82 18.54 15.43 12.58 10.19 8.34 7.00 6.16 5.81 5.95 6.55 7.61 9.11 11.04 13.40 16.13 19.07 22.11 25.23 28.41 31.66 34.95 38.28 41.65 45.03 48.44 51.84 55.25 58.64 62.01 65.36 68.66 71.91 75.11 78.24 81.30 84.28 87.16 89.94 92.62 95.17 97.60 99.89 102.03 104.02 105.84 107.42 108.69 109.65 110.30 110.65 110.69 110.42 109.85 108.98 107.81 106.34 104.57 102.62 100.78
94.07 89.89 85.66 81.39 77.09 72.78 68.48 64.18 59.90 55.66 51.47 47.34 43.28 39.31 35.44 31.68 28.05 24.56 21.23 18.13 15.50 13.40 11.81 10.72 10.12 9.99 10.33 11.12 12.35 14.02 16.10 18.58 21.43 24.49 27.63 30.84 34.11 37.44 40.81 44.21 47.64 51.09 54.54 57.99 61.44 64.86 68.26 71.62 74.93 78.19 81.39 84.52 87.57 90.52 93.38 96.13 98.76 101.27 103.65 105.88 107.95 109.79 111.33 112.57 113.49 114.12 114.45 114.47 114.19 113.62 112.75 111.59 110.13 108.38 106.46 104.64
101.22 97.12 92.96 88.74 84.48 80.19 75.88 71.56 67.25 62.95 58.68 54.46 50.30 46.20 42.19 38.28 34.47 30.79 27.25 23.92 21.07 18.73 16.91 15.58 14.74 14.37 14.46 15.00 15.98 17.39 19.21 21.44 24.06 27.02 30.18 33.43 36.73 40.09 43.50 46.94 50.41 53.90 57.41 60.91 64.40 67.88 71.34 74.76 78.14 81.47 84.73 87.93 91.05 94.08 97.01 99.85 102.56 105.16 107.62 109.93 112.02 113.82 115.31 116.50 117.40 118.00 118.30 118.31 118.02 117.44 116.58 115.42 113.98 112.25 110.35 108.55
108.29 104.30 100.22 96.07 91.86 87.60 83.30 78.98 74.64 70.30 65.98 61.68 57.42 53.22 49.08 45.03 41.06 37.21 33.47 29.94 26.87 24.32 22.28 20.73 19.66 19.06 18.93 19.23 19.98 21.15 22.73 24.71 27.08 29.82 32.91 36.17 39.51 42.91 46.36 49.84 53.36 56.90 60.45 64.00 67.55 71.09 74.61 78.09 81.53 84.93 88.26 91.53 94.73 97.84 100.85 103.77 106.57 109.25 111.79 114.12 116.16 117.90 119.34 120.50 121.36 121.92 122.20 122.19 121.90 121.32 120.45 119.30 117.87 116.16 114.29 112.50
115.26 111.39 107.42 103.35 99.21 94.99 90.72 86.40 82.06 77.69 73.33 68.97 64.64 60.35 56.10 51.92 47.81 43.80 39.88 36.16 32.90 30.15 27.90 26.14 24.87 24.06 23.71 23.80 24.32 25.27 26.62 28.37 30.51 33.02 35.90 39.09 42.46 45.90 49.39 52.92 56.48 60.07 63.67 67.28 70.89 74.49 78.06 81.61 85.12 88.59 91.99 95.34 98.61 101.80 104.90 107.89 110.78 113.55 116.10 118.37 120.34 122.03 123.43 124.54 125.36 125.90 126.16 126.13 125.82 125.23 124.37 123.23 121.81 120.12 118.26 116.50
122.13 118.40 114.54 110.57 106.50 102.34 98.11 93.82 89.48 85.11 80.72 76.33 71.94 67.56 63.23 58.93 54.70 50.54 46.46 42.57 39.12 36.19 33.75 31.81 30.34 29.34 28.79 28.68 29.00 29.74 30.88 32.42 34.34 36.63 39.28 42.28 45.59 49.06 52.59 56.17 59.78 63.42 67.08 70.75 74.41 78.07 81.71 85.33 88.91 92.44 95.93 99.35 102.70 105.97 109.15 112.24 115.21 117.97 120.46 122.66 124.58 126.21 127.56 128.62 129.41 129.92 130.15 130.10 129.78 129.19 128.32 127.19 125.78 124.11 122.27 120.53
128.87 125.28 121.55 117.69 113.72 109.63 105.46 101.22 96.90 92.54 88.14 83.72 79.29 74.85 70.44 66.05 61.71 57.42 53.20 49.14 45.53 42.43 39.82 37.71 36.06 34.88 34.14 33.85 33.98 34.53 35.48 36.82 38.54 40.63 43.08 45.87 48.99 52.40 55.98 59.60 63.27 66.96 70.68 74.40 78.13 81.85 85.56 89.25 92.90 96.51 100.07 103.57 107.00 110.36 113.62 116.79 119.76 122.45 124.87 127.00 128.85 130.43 131.73 132.75 133.50 133.98 134.18 134.11 133.78 133.18 132.31 131.18 129.78 128.12 126.31 124.58
135.46 132.04 128.45 124.71 120.85 116.86 112.76 108.57 104.30 99.96 95.57 91.14 86.67 82.20 77.72 73.26 68.82 64.41 60.06 55.87 52.11 48.85 46.09 43.82 42.01 40.67 39.77 39.30 39.26 39.64 40.41 41.57 43.11 45.01 47.26 49.86 52.79 56.03 59.55 63.22 66.94 70.69 74.47 78.25 82.05 85.84 89.61 93.37 97.09 100.78 104.42 108.00 111.52 114.96 118.30 121.47 124.36 126.97 129.31 131.38 133.17 134.68 135.93 136.91 137.62 138.06 138.24 138.15 137.81 137.20 136.32 135.20 133.81 132.17 130.38 128.66
141.89 138.63 135.20 131.61 127.87 123.99 119.98 115.87 111.65 107.35 102.98 98.56 94.08 89.58 85.06 80.53 76.01 71.51 67.05 62.72 58.83 55.44 52.54 50.13 48.18 46.68 45.63 45.02 44.82 45.03 45.64 46.64 48.01 49.74 51.82 54.24 56.99 60.05 63.41 67.04 70.81 74.62 78.46 82.31 86.16 90.02 93.87 97.70 101.50 105.27 108.99 112.65 116.25 119.77 123.11 126.19 128.99 131.53 133.79 135.78 137.51 138.97 140.16 141.10 141.77 142.18 142.33 142.22 141.85 141.23 140.36 139.23 137.86 136.23 134.46 132.75
148.12 145.06 141.80 138.37 134.77 131.01 127.11 123.08 118.94 114.70 110.37 105.96 101.50 96.98 92.43 87.85 83.27 78.69 74.13 69.70 65.69 62.18 59.16 56.62 54.54 52.91 51.73 50.97 50.64 50.71 51.17 52.02 53.23 54.81 56.73 58.99 61.58 64.47 67.67 71.15 74.89 78.75 82.65 86.56 90.49 94.42 98.34 102.24 106.12 109.97 113.77 117.52 121.20 124.71 127.96 130.94 133.66 136.11 138.29 140.22 141.88 143.28 144.42 145.31 145.94 146.31 146.43 146.30 145.92 145.29 144.41 143.29 141.92 140.31 138.55 136.86
154.14 151.29 148.23 144.97 141.52 137.90 134.13 130.21 126.15 121.98 117.71 113.34 108.89 104.38 99.82 95.21 90.58 85.94 81.30 76.77 72.66 69.04 65.92 63.26 61.07 59.33 58.03 57.16 56.69 56.64 56.97 57.68 58.77 60.20 61.99 64.10 66.53 69.28 72.32 75.65 79.25 83.09 87.04 91.03 95.03 99.03 103.02 107.01 110.97 114.90 118.78 122.61 126.28 129.69 132.83 135.72 138.35 140.71 142.82 144.67 146.27 147.61 148.70 149.53 150.12 150.46 150.55 150.40 150.00 149.36 148.48 147.35 145.99 144.39 142.65 140.97
159.95 157.32 154.46 151.39 148.11 144.65 141.02 137.22 133.27 129.19 124.98 120.67 116.26 111.76 107.20 102.59 97.92 93.23 88.53 83.92 79.72 76.02 72.80 70.06 67.77 65.93 64.53 63.54 62.98 62.81 63.03 63.62 64.58 65.90 67.56 69.54 71.84 74.45 77.36 80.54 84.00 87.72 91.66 95.71 99.78 103.85 107.93 111.99 116.03 120.05 124.01 127.82 131.38 134.68 137.73 140.52 143.05 145.33 147.36 149.14 150.67 151.95 152.98 153.77 154.32 154.62 154.68 154.51 154.09 153.43 152.55 151.42 150.06 148.48 146.75 145.09
165.50 163.12 160.48 157.62 154.53 151.24 147.76 144.10 140.27 136.29 132.17 127.93 123.57 119.12 114.57 109.96 105.28 100.56 95.80 91.13 86.86 83.09 79.80 76.98 74.61 72.68 71.19 70.12 69.46 69.20 69.32 69.82 70.67 71.88 73.43 75.30 77.49 79.98 82.76 85.82 89.15 92.74 96.57 100.61 104.75 108.90 113.06 117.20 121.33 125.42 129.36 133.06 136.50 139.70 142.64 145.33 147.77 149.97 151.91 153.62 155.08 156.30 157.28 158.02 158.52 158.79 158.82 158.61 158.18 157.51 156.61 155.49 154.14 152.56 150.85 149.19
170.80 168.67 166.27 163.63 160.75 157.65 154.34 150.83 147.14 143.28 139.27 135.11 130.82 126.41 121.91 117.31 112.63 107.89 103.10 98.38 94.07 90.24 86.89 84.00 81.57 79.58 78.02 76.87 76.14 75.79 75.83 76.24 77.01 78.13 79.58 81.36 83.45 85.84 88.51 91.47 94.68 98.16 101.87 105.81 109.95 114.18 118.41 122.64 126.85 130.91 134.73 138.31 141.64 144.72 147.55 150.15 152.50 154.60 156.47 158.10 159.50 160.65 161.58 162.26 162.72 162.95 162.95 162.72 162.26 161.58 160.68 159.55 158.20 156.63 154.94 153.29
175.82 173.96 171.82 169.42 166.76 163.86 160.73 157.40 153.86 150.14 146.24 142.18 137.98 133.64 129.19 124.62 119.96 115.22 110.42 105.66 101.31 97.44 94.05 91.12 88.64 86.60 84.98 83.78 82.98 82.58 82.55 82.89 83.59 84.63 86.00 87.70 89.70 92.01 94.59 97.45 100.58 103.95 107.56 111.40 115.45 119.69 124.01 128.31 132.48 136.42 140.11 143.57 146.78 149.75 152.48 154.97 157.22 159.24 161.03 162.59 163.91 165.00 165.87 166.51 166.92 167.11 167.07 166.81 166.34 165.64 164.73 163.60 162.25 160.69 159.01 157.38
180.55 178.98 177.11 174.95 172.53 169.85 166.93 163.78 160.41 156.84 153.08 149.14 145.04 140.78 136.39 131.88 127.25 122.53 117.72 112.95 108.58 104.69 101.27 98.31 95.80 93.72 92.06 90.82 89.98 89.53 89.45 89.74 90.38 91.36 92.68 94.31 96.24 98.47 100.99 103.77 106.81 110.11 113.63 117.38 121.34 125.51 129.82 134.09 138.13 141.93 145.50 148.82 151.92 154.77 157.40 159.79 161.95 163.88 165.58 167.06 168.32 169.34 170.15 170.74 171.10 171.25 171.18 170.90 170.40 169.69 168.76 167.63 166.29 164.74 163.06 161.44
184.96 183.69 182.11 180.23 178.06 175.61 172.91 169.96 166.78 163.37 159.76 155.96 151.97 147.82 143.51 139.06 134.49 129.79 125.00 120.23 115.86 111.96 108.53 105.55 103.02 100.92 99.25 97.98 97.11 96.63 96.52 96.77 97.37 98.31 99.58 101.16 103.04 105.22 107.68 110.40 113.38 116.60 120.06 123.74 127.63 131.69 135.82 139.89 143.78 147.44 150.88 154.08 157.05 159.79 162.31 164.60 166.66 168.51 170.13 171.53 172.71 173.67 174.42 174.95 175.27 175.38 175.27 174.96 174.44 173.71 172.78 171.64 170.30 168.75 167.09 165.47
189.04 188.09 186.81 185.22 183.32 181.12 178.66 175.92 172.94 169.72 166.28 162.62 158.77 154.73 150.52 146.16 141.64 137.00 132.24 127.49 123.12 119.23 115.80 112.83 110.30 108.20 106.52 105.24 104.36 103.86 103.73 103.96 104.54 105.45 106.69 108.24 110.09 112.23 114.64 117.32 120.25 123.43 126.83 130.45 134.26 138.14 141.97 145.74 149.43 152.95 156.25 159.32 162.17 164.80 167.21 169.39 171.36 173.12 174.65 175.97 177.08 177.98 178.67 179.15 179.42 179.48 179.34 179.00 178.45 177.71 176.76 175.62 174.28 172.74 171.09 169.48
192.77 192.16 191.20 189.90 188.29 186.37 184.15 181.65 178.88 175.86 172.60 169.11 165.41 161.50 157.41 153.14 148.71 144.13 139.41 134.70 130.36 126.49 123.09 120.13 117.62 115.53 113.86 112.59 111.71 111.21 111.08 111.30 111.87 112.78 114.00 115.53 117.36 119.48 121.86 124.52 127.42 130.56 133.92 137.49 141.13 144.72 148.25 151.72 155.12 158.44 161.60 164.55 167.28 169.79 172.09 174.17 176.04 177.71 179.16 180.40 181.44 182.27 182.89 183.32 183.54 183.56 183.38 183.01 182.44 181.67 180.71 179.56 178.22 176.69 175.05 173.44
196.14 195.88 195.25 194.27 192.96 191.32 189.37 187.12 184.59 181.78 178.72 175.41 171.87 168.12 164.15 160.00 155.66 151.16 146.51 141.84 137.54 133.72 130.35 127.43 124.95 122.89 121.24 120.00 119.14 118.66 118.54 118.77 119.35 120.26 121.48 123.02 124.84 126.95 129.33 131.97 134.85 137.98 141.30 144.71 148.07 151.38 154.62 157.80 160.92 163.97 166.94 169.76 172.36 174.76 176.95 178.93 180.70 182.27 183.63 184.80 185.76 186.52 187.09 187.45 187.63 187.60 187.39 186.98 186.39 185.60 184.63 183.47 182.13 180.60 178.96 177.36
199.12 199.23 198.95 198.31 197.31 195.97 194.30 192.32 190.04 187.46 184.61 181.51 178.15 174.55 170.74 166.71 162.49 158.09 153.51 148.91 144.67 140.90 137.59 134.72 132.28 130.27 128.66 127.45 126.63 126.18 126.09 126.36 126.96 127.89 129.13 130.68 132.52 134.63 137.02 139.66 142.55 145.65 148.83 151.98 155.07 158.10 161.07 163.97 166.82 169.60 172.31 174.94 177.42 179.70 181.78 183.65 185.32 186.80 188.08 189.16 190.05 190.74 191.24 191.55 191.67 191.61 191.35 190.92 190.29 189.49 188.50 187.33 185.99 184.47 182.84 181.24
201.70 202.19 202.28 201.99 201.32 200.30 198.93 197.23 195.21 192.88 190.27 187.37 184.21 180.79 177.14 173.26 169.17 164.88 160.40 155.87 151.71 148.01 144.77 141.97 139.60 137.64 136.09 134.94 134.17 133.77 133.73 134.03 134.67 135.64 136.92 138.50 140.36 142.51 144.91 147.58 150.46 153.43 156.37 159.25 162.08 164.85 167.55 170.20 172.78 175.30 177.76 180.14 182.45 184.61 186.57 188.34 189.91 191.29 192.48 193.48 194.30 194.92 195.36 195.61 195.68 195.57 195.27 194.80 194.15 193.32 192.32 191.15 189.80 188.28 186.65 185.06
203.86 204.75 205.22 205.29 204.98 204.29 203.23 201.83 200.09 198.03 195.66 192.99 190.04 186.83 183.35 179.63 175.68 171.52 167.15 162.72 158.65 155.04 151.89 149.17 146.87 145.00 143.52 142.44 141.73 141.40 141.42 141.79 142.48 143.50 144.83 146.45 148.37 150.55 153.00 155.68 158.45 161.19 163.87 166.50 169.08 171.60 174.06 176.45 178.79 181.06 183.27 185.41 187.49 189.48 191.32 192.99 194.46 195.75 196.85 197.76 198.50 199.05 199.42 199.62 199.64 199.48 199.14 198.64 197.96 197.11 196.09 194.90 193.55 192.03 190.41 188.82
205.58 206.88 207.76 208.21 208.26 207.92 207.19 206.10 204.66 202.88 200.77 198.35 195.63 192.63 189.35 185.81 182.02 178.00 173.76 169.44 165.48 161.97 158.92 156.30 154.10 152.31 150.93 149.93 149.31 149.06 149.16 149.60 150.37 151.45 152.85 154.54 156.51 158.75 161.23 163.81 166.36 168.86 171.31 173.70 176.04 178.32 180.55 182.71 184.81 186.85 188.83 190.73 192.58 194.35 196.04 197.59 198.96 200.15 201.16 201.99 202.65 203.13 203.44 203.57 203.54 203.33 202.96 202.41 201.71 200.83 199.80 198.60 197.24 195.72 194.11 192.52
206.87 208.58 209.87 210.72 211.15 211.17 210.79 210.03 208.91 207.42 205.59 203.43 200.96 198.18 195.11 191.76 188.15 184.29 180.20 176.01 172.17 168.78 165.84 163.34 161.25 159.57 158.29 157.40 156.88 156.72 156.92 157.45 158.30 159.48 160.95 162.72 164.77 167.07 169.47 171.84 174.16 176.43 178.66 180.82 182.94 185.00 187.00 188.94 190.82 192.64 194.39 196.08 197.70 199.26 200.74 202.14 203.40 204.50 205.42 206.17 206.75 207.15 207.39 207.47 207.38 207.12 206.71 206.13 205.39 204.49 203.44 202.23 200.87 199.35 197.74 196.15
207.92 209.85 211.54 212.81 213.63 214.03 214.02 213.60 212.80 211.63 210.10 208.22 206.00 203.47 200.62 197.49 194.07 190.39 186.45 182.40 178.70 175.45 172.65 170.27 168.31 166.76 165.60 164.83 164.42 164.38 164.68 165.32 166.28 167.56 169.13 170.99 173.11 175.34 177.55 179.71 181.81 183.87 185.88 187.84 189.74 191.59 193.38 195.11 196.79 198.39 199.94 201.42 202.84 204.19 205.46 206.67 207.80 208.79 209.62 210.28 210.78 211.11 211.29 211.30 211.15 210.85 210.39 209.77 209.00 208.08 207.01 205.79 204.42 202.90 201.29 199.70
208.94 210.87 212.78 214.45 215.69 216.48 216.85 216.79 216.34 215.49 214.27 212.68 210.75 208.47 205.87 202.96 199.75 196.26 192.50 188.61 185.07 181.97 179.31 177.08 175.27 173.86 172.84 172.20 171.93 172.01 172.44 173.20 174.28 175.67 177.36 179.31 181.39 183.43 185.43 187.39 189.30 191.16 192.97 194.72 196.43 198.08 199.67 201.21 202.68 204.10 205.45 206.74 207.96 209.11 210.20 211.21 212.16 213.02 213.75 214.33 214.75 215.01 215.11 215.06 214.86 214.50 214.00 213.35 212.54 211.60 210.50 209.27 207.89 206.37 204.76 203.17
