data_output/RCH/Precip_2008_05.asc
ncols        168
nrows        136
xllcorner    455000
yllcorner    2107000
cellsize     500
NODATA_value     -99999
[rows 34 to 67 of 136, columns 77 to 153 of 168]
21.93 22.18 22.41 22.61 22.77 22.88 22.96 23.00 23.01 22.99 22.94 22.87 22.78 22.68 22.55 22.42 22.28 22.13 21.99 21.84 21.69 21.55 21.42 21.31 21.20 21.12 21.06 21.02 21.01 21.02 21.08 21.17 21.34 21.59 21.92 22.34 22.85 23.45 24.15 24.95 25.86 26.87 27.98 29.16 30.30 31.39 32.44 33.46 34.45 35.44 36.41 37.40 38.40 39.42 40.47 41.54 42.63 43.72 44.81 45.91 47.01 48.11 49.21 50.32 51.42 52.53 53.63 54.74 55.85 56.95 58.05 59.15 60.25 61.35 62.44 63.53 64.62
22.08 22.30 22.48 22.62 22.71 22.77 22.79 22.78 22.74 22.68 22.59 22.48 22.36 22.21 22.06 21.90 21.73 21.56 21.39 21.23 21.07 20.91 20.78 20.65 20.54 20.46 20.40 20.36 20.36 20.39 20.45 20.55 20.71 20.94 21.26 21.66 22.17 22.77 23.46 24.27 25.18 26.20 27.33 28.52 29.68 30.79 31.87 32.91 33.94 34.95 35.97 36.99 38.03 39.09 40.18 41.27 42.36 43.46 44.56 45.67 46.77 47.87 48.98 50.09 51.19 52.30 53.40 54.50 55.61 56.70 57.80 58.89 59.98 61.07 62.15 63.23 64.30
22.21 22.37 22.49 22.57 22.60 22.61 22.58 22.52 22.43 22.33 22.20 22.05 21.88 21.71 21.53 21.34 21.15 20.95 20.76 20.58 20.41 20.24 20.10 19.97 19.86 19.77 19.71 19.68 19.68 19.72 19.80 19.91 20.08 20.30 20.60 21.00 21.49 22.09 22.79 23.59 24.51 25.53 26.68 27.89 29.07 30.20 31.30 32.37 33.43 34.47 35.52 36.58 37.66 38.76 39.86 40.96 42.07 43.18 44.29 45.40 46.51 47.62 48.73 49.83 50.94 52.05 53.15 54.25 55.35 56.44 57.53 58.62 59.70 60.78 61.85 62.91 63.97
22.29 22.39 22.45 22.47 22.45 22.40 22.32 22.21 22.08 21.93 21.76 21.57 21.37 21.17 20.95 20.74 20.52 20.31 20.10 19.90 19.71 19.54 19.38 19.25 19.14 19.05 18.99 18.97 18.98 19.03 19.12 19.26 19.44 19.67 19.96 20.35 20.84 21.43 22.12 22.93 23.85 24.89 26.04 27.27 28.46 29.62 30.74 31.84 32.92 34.00 35.09 36.18 37.29 38.41 39.52 40.64 41.76 42.87 43.99 45.11 46.23 47.34 48.46 49.57 50.68 51.78 52.89 53.99 55.08 56.17 57.26 58.34 59.41 60.48 61.54 62.60 63.64
22.33 22.36 22.36 22.32 22.24 22.14 22.01 21.85 21.68 21.48 21.27 21.05 20.82 20.58 20.34 20.10 19.86 19.62 19.40 19.18 18.98 18.80 18.64 18.50 18.39 18.30 18.25 18.23 18.25 18.31 18.42 18.57 18.77 19.03 19.34 19.72 20.20 20.78 21.48 22.28 23.21 24.25 25.42 26.66 27.87 29.05 30.19 31.31 32.43 33.54 34.66 35.78 36.91 38.04 39.17 40.30 41.43 42.56 43.69 44.82 45.94 47.06 48.18 49.30 50.41 51.52 52.62 53.72 54.82 55.90 56.99 58.06 59.13 60.19 61.24 62.29 63.32
22.31 22.28 22.21 22.11 21.99 21.83 21.65 21.45 21.23 20.99 20.74 20.49 20.22 19.95 19.68 19.42 19.16 18.90 18.66 18.43 18.22 18.03 17.86 17.72 17.61 17.52 17.48 17.47 17.50 17.57 17.69 17.87 18.09 18.37 18.70 19.10 19.58 20.16 20.85 21.66 22.58 23.64 24.81 26.07 27.30 28.49 29.66 30.81 31.95 33.09 34.23 35.38 36.53 37.67 38.82 39.97 41.11 42.25 43.39 44.53 45.66 46.79 47.92 49.04 50.15 51.27 52.37 53.47 54.56 55.65 56.73 57.80 58.86 59.92 60.96 62.00 63.02
22.23 22.14 22.02 21.86 21.68 21.47 21.25 21.00 20.73 20.46 20.17 19.88 19.58 19.29 18.99 18.70 18.42 18.15 17.89 17.65 17.43 17.23 17.05 16.91 16.80 16.72 16.68 16.68 16.72 16.81 16.95 17.14 17.38 17.69 18.05 18.48 18.98 19.55 20.24 21.05 21.98 23.04 24.23 25.49 26.74 27.95 29.14 30.31 31.48 32.65 33.82 34.98 36.15 37.31 38.48 39.64 40.80 41.95 43.10 44.25 45.39 46.53 47.67 48.79 49.91 51.03 52.14 53.24 54.33 55.42 56.49 57.56 58.62 59.67 60.71 61.73 62.75
22.11 21.95 21.77 21.56 21.33 21.07 20.79 20.50 20.20 19.88 19.56 19.23 18.91 18.58 18.26 17.94 17.64 17.35 17.08 16.83 16.60 16.39 16.21 16.07 15.96 15.88 15.85 15.86 15.91 16.02 16.17 16.38 16.65 16.98 17.38 17.84 18.37 18.97 19.66 20.47 21.40 22.47 23.66 24.94 26.20 27.43 28.64 29.84 31.03 32.22 33.41 34.60 35.79 36.97 38.15 39.33 40.50 41.67 42.84 44.00 45.15 46.30 47.44 48.58 49.70 50.82 51.93 53.04 54.13 55.22 56.29 57.36 58.41 59.46 60.49 61.51 62.52
21.93 21.72 21.48 21.21 20.92 20.62 20.29 19.96 19.61 19.26 18.90 18.54 18.18 17.83 17.49 17.15 16.83 16.52 16.24 15.97 15.73 15.52 15.34 15.20 15.09 15.02 14.99 15.01 15.08 15.20 15.38 15.61 15.90 16.26 16.68 17.17 17.74 18.38 19.10 19.91 20.85 21.92 23.12 24.42 25.69 26.94 28.17 29.39 30.61 31.82 33.04 34.25 35.45 36.66 37.86 39.05 40.24 41.43 42.60 43.78 44.94 46.10 47.25 48.39 49.53 50.65 51.77 52.88 53.97 55.06 56.13 57.20 58.25 59.29 60.32 61.33 62.33
21.69 21.42 21.13 20.81 20.47 20.12 19.75 19.37 18.98 18.59 18.20 17.81 17.42 17.04 16.67 16.32 15.98 15.66 15.36 15.08 14.84 14.62 14.44 14.29 14.19 14.13 14.11 14.14 14.22 14.36 14.55 14.81 15.13 15.51 15.97 16.49 17.10 17.78 18.54 19.38 20.33 21.40 22.61 23.92 25.21 26.47 27.72 28.97 30.21 31.46 32.69 33.93 35.16 36.38 37.60 38.81 40.02 41.22 42.41 43.60 44.78 45.95 47.11 48.26 49.40 50.53 51.65 52.76 53.86 54.95 56.03 57.09 58.14 59.18 60.20 61.21 62.20
21.41 21.08 20.73 20.36 19.97 19.57 19.16 18.74 18.31 17.88 17.46 17.04 16.62 16.22 15.82 15.45 15.09 14.75 14.44 14.16 13.91 13.69 13.50 13.36 13.26 13.20 13.20 13.24 13.34 13.50 13.71 13.99 14.33 14.75 15.23 15.80 16.43 17.15 17.96 18.85 19.83 20.91 22.13 23.45 24.75 26.04 27.32 28.59 29.86 31.13 32.40 33.65 34.91 36.15 37.39 38.62 39.85 41.07 42.27 43.47 44.67 45.85 47.02 48.18 49.33 50.47 51.60 52.71 53.82 54.91 55.99 57.05 58.10 59.13 60.15 61.16 62.15
21.07 20.69 20.28 19.86 19.42 18.97 18.52 18.06 17.59 17.13 16.67 16.22 15.78 15.35 14.93 14.54 14.17 13.82 13.49 13.20 12.94 12.72 12.54 12.40 12.30 12.26 12.26 12.32 12.43 12.61 12.84 13.15 13.52 13.96 14.48 15.08 15.75 16.52 17.36 18.30 19.33 20.45 21.69 23.01 24.33 25.65 26.96 28.27 29.57 30.86 32.15 33.43 34.71 35.98 37.24 38.49 39.74 40.97 42.20 43.41 44.62 45.81 47.00 48.17 49.33 50.48 51.61 52.73 53.84 54.94 56.02 57.08 58.13 59.16 60.18 61.18 62.17
20.69 20.25 19.79 19.31 18.83 18.33 17.84 17.34 16.83 16.34 15.85 15.37 14.90 14.45 14.01 13.60 13.21 12.85 12.51 12.22 11.95 11.73 11.55 11.41 11.32 11.28 11.30 11.37 11.50 11.70 11.96 12.29 12.69 13.16 13.71 14.35 15.06 15.86 16.76 17.74 18.82 20.00 21.27 22.62 23.97 25.32 26.66 28.00 29.33 30.65 31.97 33.28 34.58 35.87 37.15 38.42 39.69 40.94 42.19 43.42 44.64 45.85 47.04 48.23 49.40 50.55 51.70 52.83 53.94 55.04 56.12 57.19 58.24 59.27 60.29 61.29 62.27
20.30 19.80 19.29 18.76 18.23 17.70 17.16 16.62 16.08 15.55 15.03 14.52 14.03 13.55 13.10 12.67 12.27 11.89 11.55 11.25 10.98 10.76 10.58 10.44 10.36 10.34 10.36 10.45 10.60 10.82 11.10 11.46 11.89 12.40 12.98 13.65 14.41 15.25 16.19 17.22 18.35 19.58 20.89 22.24 23.62 25.00 26.38 27.75 29.11 30.46 31.80 33.13 34.46 35.77 37.08 38.37 39.66 40.93 42.19 43.44 44.68 45.90 47.11 48.30 49.48 50.65 51.80 52.94 54.06 55.16 56.25 57.32 58.37 59.40 60.42 61.41 62.39
19.93 19.38 18.82 18.25 17.67 17.09 16.51 15.94 15.36 14.80 14.25 13.72 13.20 12.71 12.23 11.79 11.37 10.99 10.64 10.33 10.06 9.84 9.67 9.54 9.47 9.45 9.50 9.60 9.77 10.01 10.32 10.70 11.16 11.70 12.33 13.04 13.84 14.73 15.71 16.79 17.97 19.23 20.54 21.88 23.26 24.67 26.08 27.47 28.86 30.24 31.61 32.97 34.32 35.66 36.99 38.30 39.60 40.89 42.17 43.44 44.69 45.92 47.15 48.35 49.54 50.72 51.88 53.02 54.15 55.25 56.34 57.41 58.47 59.50 60.51 61.51 62.48
19.60 18.99 18.38 17.76 17.14 16.52 15.90 15.29 14.69 14.10 13.52 12.96 12.42 11.91 11.42 10.96 10.53 10.14 9.79 9.47 9.21 8.99 8.81 8.70 8.64 8.63 8.69 8.82 9.01 9.27 9.61 10.02 10.51 11.09 11.75 12.50 13.34 14.28 15.31 16.44 17.66 18.92 20.21 21.55 22.92 24.32 25.75 27.18 28.60 30.00 31.40 32.78 34.16 35.52 36.87 38.20 39.52 40.83 42.13 43.41 44.67 45.92 47.16 48.37 49.57 50.76 51.92 53.07 54.20 55.31 56.41 57.48 58.53 59.56 60.58 61.57 62.53
19.29 18.63 17.97 17.31 16.65 15.99 15.33 14.69 14.05 13.43 12.83 12.25 11.69 11.15 10.65 10.18 9.74 9.34 8.99 8.67 8.40 8.19 8.02 7.92 7.87 7.88 7.96 8.10 8.32 8.60 8.97 9.41 9.94 10.55 11.25 12.05 12.93 13.91 15.00 16.16 17.37 18.62 19.91 21.23 22.59 23.99 25.42 26.86 28.31 29.74 31.16 32.57 33.97 35.35 36.72 38.08 39.42 40.75 42.06 43.35 44.63 45.89 47.14 48.37 49.58 50.77 51.94 53.09 54.23 55.34 56.44 57.51 58.56 59.59 60.60 61.59 62.55
19.01 18.30 17.60 16.89 16.19 15.49 14.80 14.12 13.45 12.81 12.18 11.58 11.00 10.45 9.93 9.45 9.00 8.60 8.24 7.92 7.66 7.45 7.29 7.20 7.16 7.19 7.28 7.45 7.69 8.01 8.40 8.88 9.44 10.09 10.83 11.67 12.60 13.63 14.74 15.90 17.11 18.35 19.63 20.94 22.29 23.68 25.09 26.54 28.00 29.46 30.91 32.34 33.76 35.17 36.56 37.93 39.29 40.63 41.96 43.27 44.56 45.84 47.09 48.33 49.55 50.75 51.93 53.09 54.23 55.34 56.44 57.51 58.56 59.59 60.60 61.58 62.54
18.75 18.00 17.25 16.50 15.76 15.02 14.30 13.59 12.90 12.22 11.57 10.95 10.35 9.79 9.26 8.76 8.31 7.90 7.54 7.23 6.97 6.77 6.62 6.53 6.51 6.56 6.68 6.87 7.13 7.48 7.90 8.41 9.01 9.70 10.49 11.37 12.35 13.41 14.52 15.67 16.87 18.11 19.38 20.68 22.02 23.39 24.79 26.22 27.69 29.16 30.63 32.09 33.53 34.96 36.37 37.76 39.14 40.50 41.84 43.16 44.47 45.76 47.02 48.27 49.50 50.70 51.89 53.05 54.19 55.31 56.41 57.48 58.54 59.56 60.56 61.54 62.49
18.52 17.73 16.93 16.14 15.36 14.59 13.83 13.09 12.37 11.68 11.00 10.36 9.75 9.17 8.63 8.13 7.67 7.26 6.90 6.59 6.34 6.14 6.01 5.93 5.93 6.00 6.13 6.35 6.64 7.02 7.47 8.02 8.66 9.39 10.22 11.14 12.15 13.21 14.32 15.47 16.66 17.89 19.15 20.44 21.76 23.12 24.51 25.93 27.38 28.85 30.34 31.82 33.28 34.73 36.16 37.57 38.97 40.34 41.70 43.04 44.35 45.65 46.93 48.18 49.42 50.63 51.82 52.99 54.13 55.26 56.35 57.43 58.48 59.50 60.50 61.47 62.42
18.32 17.48 16.64 15.81 15.00 14.19 13.40 12.64 11.89 11.17 10.48 9.82 9.19 8.60 8.05 7.54 7.08 6.67 6.31 6.01 5.76 5.57 5.45 5.39 5.41 5.49 5.65 5.89 6.22 6.62 7.12 7.70 8.38 9.15 10.02 10.98 11.99 13.04 14.14 15.29 16.47 17.69 18.94 20.22 21.53 22.88 24.26 25.66 27.09 28.55 30.04 31.53 33.02 34.48 35.93 37.36 38.77 40.16 41.53 42.88 44.21 45.52 46.81 48.07 49.31 50.53 51.73 52.90 54.05 55.17 56.27 57.34 58.39 59.41 60.40 61.37 62.31
18.14 17.25 16.38 15.51 14.66 13.82 13.01 12.21 11.44 10.70 9.99 9.31 8.67 8.07 7.51 7.00 6.54 6.13 5.77 5.47 5.23 5.06 4.95 4.91 4.94 5.05 5.24 5.51 5.86 6.30 6.83 7.45 8.17 8.98 9.88 10.84 11.85 12.90 13.99 15.13 16.31 17.51 18.76 20.03 21.33 22.66 24.03 25.42 26.83 28.28 29.74 31.23 32.73 34.22 35.68 37.13 38.56 39.96 41.35 42.71 44.05 45.37 46.67 47.94 49.19 50.41 51.61 52.79 53.94 55.06 56.16 57.23 58.27 59.29 60.28 61.24 62.17
17.98 17.06 16.14 15.24 14.36 13.49 12.64 11.82 11.03 10.27 9.54 8.85 8.20 7.59 7.02 6.51 6.04 5.64 5.28 4.99 4.76 4.60 4.51 4.49 4.54 4.67 4.89 5.18 5.57 6.04 6.61 7.27 8.03 8.87 9.77 10.73 11.73 12.78 13.87 15.00 16.17 17.37 18.60 19.86 21.15 22.47 23.82 25.19 26.60 28.02 29.47 30.94 32.43 33.93 35.42 36.88 38.32 39.74 41.14 42.52 43.87 45.20 46.50 47.78 49.04 50.27 51.47 52.65 53.80 54.92 56.02 57.09 58.13 59.14 60.13 61.08 62.00
17.85 16.89 15.94 15.00 14.08 13.18 12.31 11.47 10.65 9.87 9.13 8.43 7.76 7.15 6.58 6.06 5.60 5.19 4.85 4.56 4.35 4.20 4.12 4.12 4.20 4.35 4.59 4.92 5.34 5.85 6.45 7.16 7.94 8.79 9.69 10.64 11.64 12.68 13.77 14.89 16.05 17.24 18.46 19.71 20.99 22.30 23.63 24.99 26.38 27.79 29.22 30.67 32.15 33.64 35.13 36.61 38.07 39.51 40.92 42.30 43.67 45.00 46.32 47.60 48.86 50.10 51.31 52.49 53.64 54.76 55.86 56.93 57.96 58.97 59.95 60.89 61.81
17.74 16.74 15.75 14.78 13.83 12.91 12.01 11.15 10.31 9.52 8.76 8.04 7.37 6.75 6.18 5.66 5.20 4.80 4.46 4.18 3.98 3.85 3.79 3.81 3.91 4.09 4.36 4.72 5.18 5.72 6.37 7.10 7.89 8.73 9.63 10.58 11.58 12.61 13.69 14.81 15.96 17.14 18.35 19.59 20.85 22.15 23.47 24.82 26.19 27.58 29.00 30.43 31.88 33.35 34.84 36.33 37.80 39.25 40.67 42.07 43.44 44.79 46.11 47.41 48.67 49.91 51.12 52.30 53.46 54.58 55.67 56.74 57.77 58.77 59.74 60.68 61.59
17.64 16.61 15.59 14.59 13.62 12.67 11.75 10.86 10.01 9.19 8.42 7.70 7.02 6.39 5.82 5.30 4.84 4.45 4.12 3.86 3.67 3.55 3.51 3.56 3.68 3.89 4.19 4.59 5.08 5.66 6.33 7.07 7.86 8.70 9.60 10.55 11.54 12.57 13.64 14.75 15.89 17.06 18.26 19.49 20.74 22.02 23.33 24.66 26.02 27.39 28.79 30.21 31.64 33.09 34.56 36.04 37.52 38.98 40.41 41.82 43.20 44.56 45.89 47.19 48.46 49.70 50.91 52.10 53.25 54.37 55.46 56.52 57.55 58.55 59.51 60.44 61.34
17.55 16.50 15.46 14.43 13.43 12.45 11.51 10.60 9.73 8.91 8.13 7.39 6.71 6.08 5.50 4.99 4.53 4.15 3.83 3.58 3.41 3.31 3.29 3.36 3.51 3.75 4.09 4.51 5.04 5.65 6.33 7.06 7.85 8.70 9.59 10.53 11.52 12.55 13.61 14.71 15.85 17.01 18.20 19.41 20.65 21.92 23.22 24.53 25.87 27.23 28.61 30.01 31.42 32.85 34.30 35.75 37.22 38.69 40.14 41.55 42.95 44.31 45.64 46.95 48.22 49.47 50.69 51.87 53.02 54.14 55.23 56.29 57.31 58.30 59.26 60.18 61.07
17.48 16.40 15.34 14.29 13.26 12.27 11.30 10.38 9.49 8.66 7.86 7.12 6.43 5.80 5.23 4.72 4.27 3.89 3.59 3.35 3.20 3.12 3.13 3.22 3.40 3.67 4.04 4.50 5.05 5.67 6.35 7.08 7.87 8.72 9.61 10.55 11.53 12.55 13.61 14.70 15.83 16.98 18.16 19.36 20.59 21.84 23.12 24.42 25.75 27.09 28.45 29.83 31.23 32.64 34.06 35.49 36.94 38.39 39.84 41.27 42.67 44.04 45.38 46.69 47.97 49.22 50.44 51.62 52.77 53.89 54.98 56.03 57.05 58.03 58.98 59.90 60.77
17.43 16.32 15.23 14.17 13.12 12.11 11.13 10.19 9.29 8.44 7.64 6.89 6.20 5.57 5.00 4.49 4.05 3.68 3.39 3.17 3.04 2.98 3.01 3.13 3.34 3.65 4.05 4.53 5.09 5.71 6.39 7.13 7.92 8.76 9.65 10.59 11.56 12.58 13.63 14.72 15.83 16.97 18.14 19.33 20.55 21.79 23.05 24.34 25.65 26.97 28.32 29.68 31.05 32.44 33.84 35.25 36.67 38.10 39.54 40.97 42.38 43.76 45.11 46.42 47.70 48.95 50.17 51.36 52.51 53.62 54.71 55.75 56.77 57.74 58.68 59.59 60.45
17.39 16.26 15.15 14.06 13.00 11.97 10.98 10.02 9.11 8.25 7.45 6.70 6.00 5.37 4.80 4.31 3.88 3.52 3.24 3.04 2.93 2.89 2.95 3.10 3.34 3.68 4.10 4.60 5.16 5.78 6.46 7.20 7.99 8.83 9.72 10.65 11.62 12.63 13.68 14.75 15.86 16.99 18.15 19.33 20.53 21.76 23.01 24.28 25.57 26.88 28.20 29.54 30.90 32.27 33.65 35.04 36.43 37.84 39.25 40.67 42.08 43.46 44.81 46.13 47.42 48.67 49.89 51.07 52.22 53.34 54.41 55.46 56.46 57.43 58.36 59.26 60.11
17.36 16.21 15.08 13.97 12.90 11.86 10.85 9.89 8.97 8.10 7.29 6.54 5.84 5.22 4.65 4.16 3.75 3.40 3.14 2.96 2.87 2.86 2.94 3.12 3.39 3.75 4.19 4.69 5.25 5.88 6.56 7.30 8.09 8.93 9.81 10.74 11.70 12.71 13.74 14.81 15.91 17.03 18.18 19.34 20.53 21.75 22.98 24.24 25.51 26.80 28.11 29.43 30.77 32.11 33.47 34.84 36.21 37.60 38.98 40.37 41.76 43.15 44.51 45.83 47.12 48.37 49.59 50.77 51.92 53.03 54.10 55.14 56.14 57.10 58.02 58.91 59.75
17.35 16.17 15.03 13.91 12.82 11.77 10.75 9.78 8.86 7.99 7.17 6.41 5.72 5.10 4.54 4.06 3.66 3.33 3.09 2.93 2.85 2.87 2.98 3.19 3.49 3.86 4.30 4.81 5.37 6.00 6.68 7.42 8.21 9.05 9.93 10.85 11.81 12.81 13.84 14.90 15.99 17.10 18.23 19.39 20.56 21.76 22.98 24.22 25.48 26.75 28.04 29.34 30.66 31.98 33.32 34.66 36.02 37.37 38.73 40.10 41.46 42.83 44.18 45.51 46.80 48.06 49.27 50.46 51.60 52.71 53.78 54.81 55.80 56.75 57.66 58.53 59.37
17.34 16.15 14.99 13.86 12.76 11.70 10.67 9.70 8.77 7.90 7.08 6.33 5.64 5.02 4.47 4.00 3.61 3.30 3.08 2.94 2.89 2.94 3.08 3.31 3.62 3.99 4.44 4.95 5.52 6.15 6.83 7.57 8.36 9.19 10.07 10.99 11.94 12.93 13.96 15.01 16.09 17.19 18.31 19.45 20.61 21.80 23.00 24.23 25.47 26.72 27.99 29.28 30.57 31.88 33.19 34.51 35.84 37.17 38.51 39.84 41.18 42.52 43.86 45.18 46.47 47.73 48.94 50.12 51.26 52.37 53.43 54.45 55.44 56.38 57.28 58.14 58.97
17.36 16.15 14.97 13.82 12.71 11.64 10.62 9.64 8.71 7.84 7.02 6.27 5.59 4.98 4.44 3.98 3.61 3.31 3.11 3.00 2.97 3.05 3.21 3.46 3.77 4.15 4.60 5.12 5.69 6.32 7.01 7.74 8.53 9.36 10.23 11.15 12.10 13.08 14.10 15.14 16.21 17.30 18.41 19.54 20.69 21.86 23.05 24.26 25.48 26.72 27.97 29.23 30.51 31.79 33.08 34.38 35.68 36.99 38.30 39.61 40.92 42.23 43.54 44.84 46.13 47.38 48.60 49.78 50.91 52.01 53.07 54.09 55.06 55.99 56.89 57.75 58.58
