data_output/RCH/Precip_2000_05.asc
ncols        168
nrows        136
xllcorner    455000
yllcorner    2107000
cellsize     500
NODATA_value     -99999
[rows 33 to 65 of 136, columns 0 to 73 of 168]
178.74 177.91 176.96 175.87 174.65 173.32 171.87 170.32 168.66 166.90 165.06 163.13 161.12 159.04 156.89 154.68 152.41 150.08 147.67 145.14 142.54 139.87 137.16 134.45 131.75 129.11 126.52 123.97 121.47 119.02 116.64 114.35 112.14 110.01 107.97 106.00 104.11 102.29 100.55 98.87 97.26 95.72 94.23 92.81 91.45 90.14 88.88 87.68 86.53 85.42 84.35 83.33 82.35 81.40 80.49 79.61 78.76 77.94 77.15 76.38 75.63 74.90 74.19 73.49 72.80 72.13 71.46 70.80 70.14 69.48 68.81 68.15 67.48 66.80
172.41 171.76 170.97 170.05 169.01 167.85 166.59 165.21 163.74 162.17 160.51 158.78 156.96 155.07 153.12 151.11 149.04 146.86 144.55 142.14 139.64 137.08 134.48 131.88 129.30 126.76 124.27 121.83 119.44 117.08 114.78 112.55 110.39 108.32 106.33 104.41 102.58 100.81 99.11 97.49 95.93 94.43 93.00 91.62 90.30 89.04 87.83 86.66 85.55 84.48 83.46 82.48 81.53 80.62 79.75 78.91 78.09 77.31 76.55 75.81 75.10 74.40 73.71 73.05 72.39 71.74 71.10 70.46 69.83 69.19 68.55 67.91 67.26 66.60
166.05 165.58 164.98 164.25 163.40 162.44 161.37 160.20 158.93 157.56 156.12 154.59 152.98 151.31 149.58 147.77 145.86 143.79 141.58 139.27 136.88 134.42 131.94 129.44 126.97 124.54 122.16 119.82 117.52 115.27 113.06 110.90 108.80 106.78 104.84 102.97 101.18 99.47 97.82 96.24 94.73 93.27 91.88 90.55 89.28 88.05 86.88 85.76 84.69 83.66 82.67 81.73 80.82 79.94 79.11 78.30 77.52 76.76 76.04 75.33 74.64 73.97 73.32 72.67 72.04 71.42 70.80 70.19 69.58 68.96 68.35 67.73 67.10 66.46
159.68 159.41 159.02 158.50 157.87 157.12 156.27 155.31 154.26 153.12 151.90 150.60 149.23 147.79 146.28 144.64 142.82 140.85 138.75 136.54 134.25 131.90 129.52 127.13 124.77 122.44 120.16 117.92 115.72 113.57 111.45 109.38 107.35 105.38 103.49 101.67 99.93 98.26 96.66 95.12 93.65 92.24 90.90 89.60 88.37 87.19 86.06 84.97 83.93 82.94 81.99 81.08 80.20 79.36 78.56 77.78 77.03 76.31 75.61 74.93 74.27 73.62 72.99 72.38 71.77 71.17 70.57 69.98 69.39 68.79 68.20 67.59 66.98 66.36
153.34 153.30 153.14 152.85 152.44 151.93 151.31 150.59 149.79 148.89 147.91 146.86 145.74 144.54 143.20 141.66 139.94 138.07 136.06 133.95 131.76 129.52 127.24 124.95 122.69 120.47 118.29 116.15 114.04 111.98 109.96 107.98 106.03 104.13 102.29 100.51 98.82 97.19 95.63 94.14 92.71 91.34 90.03 88.78 87.58 86.43 85.34 84.29 83.29 82.33 81.41 80.53 79.69 78.88 78.10 77.35 76.63 75.93 75.26 74.60 73.97 73.35 72.74 72.15 71.56 70.98 70.40 69.83 69.25 68.68 68.10 67.51 66.91 66.30
147.09 147.29 147.37 147.32 147.17 146.91 146.54 146.09 145.54 144.90 144.19 143.40 142.54 141.51 140.27 138.82 137.19 135.42 133.51 131.50 129.41 127.26 125.08 122.90 120.74 118.62 116.53 114.49 112.48 110.51 108.58 106.68 104.82 103.00 101.22 99.49 97.84 96.25 94.73 93.28 91.89 90.56 89.28 88.07 86.90 85.79 84.73 83.72 82.75 81.82 80.93 80.08 79.26 78.48 77.73 77.01 76.31 75.64 74.99 74.36 73.75 73.15 72.56 71.98 71.42 70.85 70.29 69.74 69.18 68.62 68.05 67.47 66.89 66.29
140.94 141.41 141.75 141.97 142.09 142.10 142.01 141.82 141.55 141.20 140.77 140.25 139.57 138.64 137.48 136.13 134.59 132.91 131.09 129.18 127.18 125.13 123.06 120.97 118.91 116.89 114.90 112.95 111.03 109.15 107.30 105.49 103.72 101.98 100.27 98.60 96.99 95.44 93.96 92.54 91.19 89.89 88.66 87.47 86.34 85.26 84.23 83.25 82.31 81.41 80.55 79.72 78.94 78.18 77.45 76.75 76.08 75.43 74.80 74.19 73.60 73.02 72.45 71.89 71.34 70.79 70.24 69.70 69.15 68.60 68.05 67.48 66.90 66.31
134.96 135.70 136.33 136.84 137.24 137.54 137.74 137.85 137.88 137.82 137.68 137.35 136.75 135.91 134.84 133.57 132.13 130.54 128.81 126.99 125.09 123.14 121.15 119.17 117.21 115.28 113.38 111.52 109.69 107.90 106.14 104.41 102.71 101.05 99.42 97.83 96.27 94.76 93.31 91.93 90.61 89.35 88.14 86.99 85.89 84.84 83.84 82.88 81.97 81.10 80.26 79.46 78.70 77.96 77.26 76.58 75.93 75.30 74.69 74.09 73.52 72.95 72.40 71.85 71.32 70.78 70.25 69.72 69.18 68.64 68.09 67.53 66.96 66.30
129.17 130.21 131.13 131.95 132.66 133.27 133.78 134.20 134.55 134.79 134.84 134.60 134.09 133.33 132.35 131.16 129.81 128.30 126.67 124.94 123.13 121.27 119.38 117.49 115.62 113.78 111.98 110.21 108.46 106.75 105.08 103.43 101.81 100.23 98.68 97.15 95.66 94.20 92.79 91.44 90.15 88.92 87.74 86.62 85.55 84.53 83.55 82.62 81.73 80.88 80.07 79.29 78.55 77.83 77.15 76.49 75.86 75.24 74.65 74.07 73.51 72.96 72.42 71.88 71.36 70.83 70.31 69.79 69.26 68.72 68.18 67.62 66.99 66.22
123.61 124.97 126.22 127.35 128.39 129.33 130.17 130.93 131.58 132.03 132.16 132.00 131.57 130.89 129.99 128.89 127.62 126.20 124.66 123.01 121.29 119.52 117.73 115.93 114.15 112.41 110.69 109.01 107.35 105.72 104.12 102.55 101.02 99.51 98.02 96.57 95.15 93.75 92.39 91.07 89.81 88.61 87.46 86.36 85.31 84.32 83.36 82.46 81.59 80.76 79.97 79.21 78.49 77.79 77.12 76.48 75.86 75.26 74.68 74.11 73.56 73.02 72.49 71.97 71.45 70.94 70.42 69.90 69.38 68.85 68.31 67.69 66.94 66.06
118.33 120.03 121.61 123.09 124.47 125.75 126.95 128.04 128.89 129.42 129.63 129.55 129.20 128.60 127.78 126.76 125.57 124.23 122.77 121.22 119.58 117.90 116.20 114.49 112.81 111.15 109.52 107.92 106.34 104.79 103.27 101.78 100.32 98.88 97.47 96.08 94.73 93.40 92.09 90.82 89.58 88.40 87.28 86.21 85.18 84.21 83.28 82.39 81.54 80.73 79.96 79.22 78.51 77.83 77.17 76.54 75.94 75.35 74.78 74.23 73.69 73.15 72.63 72.12 71.60 71.09 70.58 70.07 69.55 69.01 68.41 67.68 66.82 65.82
113.36 115.42 117.36 119.20 120.94 122.59 124.13 125.43 126.37 126.97 127.26 127.25 126.97 126.44 125.70 124.76 123.66 122.40 121.02 119.55 118.00 116.41 114.79 113.17 111.57 110.00 108.46 106.94 105.44 103.97 102.53 101.11 99.72 98.35 97.01 95.69 94.39 93.12 91.88 90.66 89.47 88.31 87.21 86.16 85.16 84.20 83.29 82.42 81.59 80.79 80.03 79.31 78.61 77.94 77.30 76.69 76.09 75.51 74.95 74.40 73.87 73.35 72.83 72.32 71.81 71.30 70.79 70.28 69.75 69.16 68.44 67.59 66.62 65.52
108.75 111.18 113.50 115.72 117.85 119.86 121.61 122.99 124.00 124.67 125.02 125.09 124.88 124.43 123.77 122.90 121.87 120.70 119.40 118.01 116.54 115.03 113.50 111.97 110.46 108.97 107.51 106.06 104.65 103.25 101.88 100.54 99.21 97.91 96.64 95.38 94.15 92.94 91.75 90.59 89.44 88.33 87.24 86.21 85.23 84.29 83.39 82.54 81.72 80.94 80.20 79.48 78.80 78.14 77.51 76.90 76.31 75.74 75.19 74.64 74.12 73.59 73.08 72.57 72.06 71.56 71.05 70.53 69.94 69.23 68.40 67.44 66.35 65.15
104.53 107.36 110.08 112.69 115.19 117.42 119.26 120.70 121.78 122.51 122.94 123.07 122.94 122.56 121.97 121.18 120.22 119.12 117.91 116.59 115.21 113.78 112.33 110.88 109.45 108.05 106.66 105.30 103.96 102.64 101.34 100.06 98.81 97.57 96.36 95.16 93.99 92.84 91.71 90.59 89.50 88.43 87.38 86.37 85.40 84.47 83.59 82.75 81.94 81.18 80.44 79.74 79.06 78.41 77.79 77.18 76.60 76.04 75.48 74.95 74.42 73.90 73.39 72.88 72.37 71.86 71.34 70.75 70.05 69.23 68.28 67.21 66.02 64.72
100.75 103.99 107.12 110.13 112.86 115.16 117.06 118.56 119.70 120.51 121.00 121.20 121.13 120.82 120.30 119.59 118.70 117.68 116.54 115.30 114.00 112.65 111.28 109.91 108.56 107.24 105.93 104.64 103.37 102.13 100.90 99.69 98.49 97.32 96.17 95.03 93.92 92.82 91.74 90.68 89.64 88.61 87.61 86.62 85.66 84.75 83.88 83.05 82.26 81.50 80.77 80.07 79.40 78.76 78.14 77.54 76.96 76.39 75.85 75.31 74.78 74.26 73.74 73.23 72.72 72.20 71.61 70.92 70.10 69.16 68.10 66.93 65.64 64.23
97.44 101.11 104.65 107.89 110.69 113.06 115.01 116.57 117.78 118.64 119.20 119.46 119.46 119.22 118.77 118.13 117.32 116.36 115.30 114.13 112.90 111.63 110.34 109.05 107.79 106.54 105.30 104.09 102.89 101.71 100.55 99.40 98.28 97.16 96.07 94.99 93.93 92.88 91.86 90.84 89.85 88.87 87.90 86.96 86.02 85.12 84.26 83.44 82.65 81.90 81.17 80.48 79.82 79.18 78.56 77.96 77.38 76.82 76.26 75.73 75.19 74.67 74.15 73.63 73.11 72.52 71.82 71.01 70.07 69.03 67.86 66.59 65.20 63.70
94.65 98.74 102.52 105.83 108.68 111.10 113.11 114.74 116.00 116.93 117.54 117.87 117.93 117.76 117.37 116.80 116.06 115.17 114.18 113.09 111.93 110.73 109.52 108.31 107.12 105.94 104.78 103.64 102.51 101.40 100.30 99.22 98.15 97.10 96.06 95.03 94.02 93.03 92.05 91.08 90.13 89.19 88.27 87.36 86.46 85.58 84.73 83.91 83.13 82.38 81.66 80.97 80.30 79.66 79.04 78.45 77.86 77.30 76.74 76.20 75.66 75.13 74.60 74.07 73.48 72.78 71.96 71.03 69.99 68.84 67.57 66.20 64.71 63.12
92.38 96.71 100.56 103.92 106.83 109.30 111.36 113.05 114.37 115.35 116.03 116.41 116.54 116.43 116.11 115.60 114.92 114.11 113.18 112.16 111.08 109.95 108.81 107.68 106.56 105.46 104.37 103.29 102.23 101.18 100.14 99.12 98.11 97.12 96.13 95.16 94.20 93.25 92.32 91.40 90.49 89.59 88.70 87.83 86.97 86.12 85.28 84.46 83.68 82.94 82.22 81.53 80.86 80.22 79.60 78.99 78.41 77.84 77.27 76.72 76.18 75.64 75.10 74.50 73.79 72.97 72.04 71.00 69.85 68.59 67.23 65.76 64.19 62.51
90.46 94.86 98.76 102.17 105.13 107.65 109.77 111.50 112.88 113.92 114.65 115.10 115.28 115.23 114.97 114.52 113.91 113.16 112.30 111.35 110.34 109.28 108.21 107.15 106.11 105.07 104.05 103.04 102.05 101.06 100.08 99.12 98.16 97.22 96.29 95.37 94.46 93.56 92.67 91.79 90.92 90.06 89.21 88.36 87.53 86.71 85.90 85.10 84.32 83.57 82.85 82.16 81.49 80.84 80.21 79.60 79.01 78.43 77.86 77.30 76.75 76.19 75.58 74.86 74.04 73.10 72.06 70.91 69.66 68.30 66.84 65.28 63.62 61.86
88.73 93.17 97.11 100.57 103.57 106.15 108.32 110.10 111.53 112.62 113.41 113.91 114.16 114.17 113.96 113.58 113.03 112.34 111.55 110.66 109.71 108.73 107.73 106.74 105.76 104.80 103.84 102.90 101.96 101.03 100.11 99.21 98.31 97.41 96.53 95.66 94.79 93.94 93.09 92.25 91.41 90.59 89.77 88.96 88.16 87.37 86.58 85.80 85.03 84.28 83.55 82.85 82.18 81.52 80.89 80.27 79.67 79.08 78.50 77.92 77.35 76.72 76.00 75.16 74.22 73.18 72.03 70.78 69.42 67.97 66.42 64.77 63.02 61.18
87.15 91.64 95.62 99.12 102.17 104.79 107.01 108.84 110.32 111.47 112.31 112.86 113.16 113.23 113.09 112.76 112.27 111.64 110.91 110.09 109.21 108.28 107.35 106.43 105.52 104.62 103.73 102.85 101.97 101.10 100.24 99.38 98.53 97.69 96.86 96.03 95.21 94.39 93.58 92.78 91.98 91.19 90.40 89.62 88.85 88.08 87.31 86.56 85.80 85.06 84.32 83.62 82.93 82.27 81.63 81.00 80.38 79.78 79.18 78.59 77.95 77.20 76.36 75.41 74.35 73.20 71.95 70.60 69.15 67.60 65.96 64.23 62.40 60.48
85.74 90.26 94.28 97.83 100.92 103.59 105.85 107.73 109.26 110.45 111.34 111.95 112.30 112.42 112.33 112.06 111.63 111.06 110.39 109.63 108.81 107.95 107.08 106.23 105.38 104.55 103.72 102.89 102.07 101.26 100.45 99.65 98.85 98.05 97.26 96.48 95.70 94.92 94.15 93.38 92.61 91.85 91.09 90.34 89.59 88.85 88.10 87.36 86.63 85.89 85.16 84.45 83.75 83.08 82.42 81.78 81.15 80.53 79.91 79.25 78.48 77.62 76.66 75.60 74.44 73.18 71.83 70.38 68.84 67.20 65.47 63.66 61.75 59.76
84.48 89.04 93.10 96.69 99.82 102.53 104.83 106.76 108.33 109.57 110.51 111.17 111.57 111.74 111.70 111.49 111.11 110.60 109.99 109.28 108.52 107.73 106.92 106.13 105.35 104.57 103.80 103.04 102.27 101.51 100.75 100.00 99.24 98.49 97.75 97.00 96.26 95.52 94.78 94.05 93.31 92.58 91.85 91.12 90.39 89.67 88.94 88.22 87.50 86.78 86.06 85.34 84.63 83.94 83.27 82.61 81.96 81.32 80.63 79.85 78.97 77.99 76.91 75.74 74.47 73.12 71.67 70.12 68.49 66.77 64.96 63.07 61.09 59.03
83.37 87.97 92.07 95.69 98.86 101.61 103.95 105.92 107.54 108.83 109.81 110.51 110.96 111.18 111.20 111.03 110.71 110.26 109.70 109.05 108.35 107.61 106.87 106.13 105.42 104.70 103.99 103.27 102.56 101.85 101.14 100.43 99.72 99.02 98.31 97.60 96.90 96.19 95.49 94.78 94.08 93.37 92.66 91.96 91.25 90.54 89.83 89.13 88.41 87.70 86.99 86.28 85.56 84.86 84.17 83.49 82.82 82.10 81.29 80.39 79.39 78.30 77.12 75.84 74.47 73.02 71.47 69.84 68.12 66.32 64.44 62.47 60.42 58.28
82.42 87.05 91.18 94.84 98.05 100.83 103.22 105.23 106.88 108.21 109.24 109.99 110.49 110.75 110.82 110.70 110.43 110.03 109.52 108.93 108.28 107.60 106.91 106.24 105.58 104.92 104.26 103.60 102.94 102.28 101.62 100.95 100.29 99.62 98.95 98.28 97.61 96.94 96.26 95.58 94.90 94.22 93.54 92.85 92.16 91.47 90.78 90.08 89.38 88.67 87.97 87.26 86.54 85.83 85.12 84.41 83.67 82.83 81.91 80.89 79.77 78.57 77.28 75.90 74.44 72.89 71.25 69.54 67.74 65.86 63.89 61.85 59.74 57.54
81.62 86.28 90.45 94.14 97.38 100.20 102.62 104.67 106.36 107.73 108.80 109.59 110.13 110.45 110.56 110.49 110.26 109.91 109.45 108.92 108.32 107.70 107.06 106.45 105.85 105.24 104.63 104.02 103.41 102.79 102.17 101.55 100.93 100.30 99.67 99.03 98.39 97.75 97.10 96.45 95.79 95.13 94.47 93.80 93.13 92.45 91.77 91.08 90.39 89.69 88.98 88.28 87.56 86.84 86.11 85.33 84.47 83.51 82.47 81.33 80.11 78.80 77.41 75.94 74.38 72.74 71.01 69.21 67.33 65.38 63.34 61.24 59.05 56.80
80.98 85.67 89.86 93.58 96.86 99.71 102.16 104.25 105.98 107.39 108.49 109.33 109.91 110.26 110.42 110.39 110.21 109.91 109.50 109.01 108.47 107.90 107.32 106.76 106.21 105.65 105.10 104.53 103.97 103.40 102.82 102.24 101.65 101.05 100.46 99.85 99.24 98.63 98.00 97.38 96.74 96.10 95.46 94.80 94.14 93.48 92.80 92.12 91.43 90.74 90.04 89.33 88.61 87.88 87.09 86.20 85.22 84.14 82.98 81.74 80.41 79.00 77.51 75.94 74.29 72.56 70.76 68.88 66.92 64.89 62.79 60.62 58.38 56.07
80.48 85.20 89.42 93.17 96.47 99.36 101.84 103.96 105.72 107.17 108.31 109.18 109.80 110.20 110.39 110.41 110.28 110.02 109.66 109.22 108.72 108.20 107.67 107.16 106.66 106.16 105.65 105.13 104.61 104.08 103.54 103.00 102.45 101.89 101.32 100.74 100.16 99.57 98.97 98.37 97.75 97.13 96.50 95.86 95.21 94.55 93.89 93.21 92.53 91.83 91.13 90.42 89.69 88.90 88.01 87.02 85.92 84.73 83.46 82.11 80.68 79.17 77.58 75.92 74.18 72.37 70.49 68.53 66.50 64.41 62.24 60.01 57.71 55.34
80.13 84.87 89.12 92.90 96.23 99.14 101.66 103.80 105.60 107.08 108.26 109.16 109.82 110.25 110.49 110.55 110.46 110.24 109.92 109.52 109.08 108.60 108.12 107.66 107.21 106.76 106.30 105.82 105.34 104.85 104.35 103.84 103.32 102.79 102.25 101.71 101.15 100.58 100.01 99.42 98.82 98.21 97.59 96.96 96.32 95.67 95.01 94.34 93.66 92.96 92.26 91.53 90.75 89.86 88.87 87.77 86.57 85.28 83.91 82.45 80.92 79.32 77.64 75.89 74.07 72.17 70.21 68.18 66.09 63.92 61.70 59.41 57.05 54.64
79.93 84.69 88.96 92.76 96.12 99.06 101.60 103.78 105.61 107.11 108.32 109.26 109.96 110.43 110.70 110.80 110.74 110.57 110.29 109.94 109.53 109.10 108.67 108.26 107.86 107.45 107.03 106.60 106.15 105.70 105.23 104.76 104.27 103.77 103.26 102.74 102.20 101.66 101.10 100.53 99.94 99.35 98.74 98.12 97.49 96.84 96.18 95.51 94.83 94.13 93.41 92.63 91.75 90.76 89.66 88.47 87.18 85.79 84.32 82.77 81.14 79.44 77.68 75.84 73.94 71.97 69.93 67.84 65.67 63.45 61.17 58.82 56.42 53.96
79.88 84.66 88.95 92.77 96.15 99.11 101.68 103.88 105.74 107.28 108.52 109.49 110.21 110.72 111.02 111.16 111.14 111.00 110.77 110.45 110.09 109.71 109.32 108.95 108.60 108.23 107.85 107.46 107.05 106.63 106.20 105.75 105.29 104.82 104.34 103.84 103.32 102.79 102.25 101.70 101.12 100.54 99.94 99.33 98.70 98.05 97.40 96.72 96.03 95.32 94.55 93.67 92.69 91.60 90.41 89.12 87.74 86.26 84.70 83.06 81.34 79.56 77.71 75.79 73.81 71.77 69.66 67.50 65.27 62.99 60.65 58.26 55.81 53.31
79.97 84.77 89.08 92.92 96.32 99.30 101.89 104.12 106.00 107.56 108.83 109.83 110.59 111.12 111.46 111.63 111.65 111.55 111.35 111.07 110.75 110.41 110.06 109.74 109.42 109.10 108.76 108.40 108.03 107.64 107.24 106.82 106.39 105.94 105.48 105.00 104.50 103.99 103.46 102.92 102.36 101.78 101.19 100.58 99.95 99.31 98.65 97.97 97.27 96.50 95.63 94.65 93.57 92.39 91.10 89.73 88.26 86.70 85.06 83.33 81.53 79.66 77.73 75.74 73.68 71.57 69.40 67.17 64.89 62.55 60.16 57.72 55.23 52.69
80.21 85.02 89.34 93.20 96.62 99.62 102.24 104.48 106.39 107.97 109.27 110.30 111.08 111.64 112.01 112.21 112.26 112.19 112.03 111.79 111.51 111.20 110.89 110.61 110.34 110.05 109.75 109.42 109.09 108.73 108.36 107.96 107.56 107.13 106.69 106.23 105.75 105.25 104.73 104.20 103.65 103.08 102.49 101.88 101.25 100.61 99.94 99.25 98.50 97.63 96.66 95.59 94.41 93.13 91.76 90.30 88.74 87.11 85.39 83.59 81.71 79.76 77.75 75.69 73.56 71.38 69.15 66.86 64.52 62.14 59.70 57.21 54.68 52.10
