data_output/RCH/Precip_1999_08.asc
ncols        168
nrows        136
xllcorner    455000
yllcorner    2107000
cellsize     500
NODATA_value     -99999
[rows 32 to 63 of 136, columns 71 to 141 of 168]
220.80 219.86 218.83 217.70 216.48 215.15 213.72 212.18 210.57 209.08 207.78 206.68 205.76 204.88 203.87 202.71 201.36 199.89 198.44 197.06 195.75 194.50 193.31 192.17 191.09 190.06 189.08 188.14 187.24 186.38 185.55 184.75 183.98 183.24 182.51 181.81 181.11 180.43 179.76 179.10 178.43 177.77 177.10 176.42 175.73 175.02 174.30 173.56 172.80 172.00 171.18 170.33 169.43 168.50 167.52 166.50 165.43 164.30 163.12 161.88 160.58 159.21 157.77 156.26 154.68 153.01 151.27 149.44 147.52 145.54 143.64
220.58 219.68 218.68 217.59 216.40 215.12 213.73 212.28 210.94 209.80 208.85 208.11 207.54 207.01 206.35 205.53 204.54 203.36 202.04 200.73 199.48 198.29 197.15 196.07 195.03 194.03 193.08 192.16 191.28 190.43 189.61 188.82 188.04 187.29 186.55 185.82 185.10 184.39 183.68 182.97 182.26 181.53 180.80 180.06 179.29 178.51 177.71 176.87 176.01 175.12 174.19 173.22 172.20 171.15 170.04 168.88 167.67 166.39 165.06 163.66 162.19 160.65 159.03 157.34 155.57 153.71 151.77 149.73 147.63 145.61 143.75
220.17 219.29 218.33 217.27 216.12 214.87 213.57 212.37 211.38 210.59 209.99 209.58 209.34 209.15 208.82 208.34 207.69 206.85 205.81 204.62 203.43 202.28 201.19 200.14 199.13 198.17 197.23 196.33 195.46 194.62 193.79 192.99 192.20 191.43 190.66 189.90 189.15 188.39 187.63 186.87 186.09 185.31 184.50 183.68 182.83 181.96 181.06 180.13 179.16 178.16 177.11 176.02 174.87 173.68 172.43 171.13 169.76 168.33 166.83 165.26 163.62 161.90 160.10 158.21 156.24 154.18 152.02 149.80 147.65 145.67 143.86
219.56 218.72 217.78 216.76 215.64 214.47 213.41 212.56 211.91 211.45 211.18 211.10 211.18 211.30 211.29 211.14 210.82 210.31 209.60 208.67 207.58 206.48 205.42 204.40 203.41 202.46 201.54 200.64 199.77 198.92 198.08 197.26 196.45 195.65 194.85 194.05 193.24 192.44 191.62 190.79 189.94 189.08 188.20 187.29 186.35 185.38 184.37 183.33 182.25 181.12 179.94 178.72 177.44 176.10 174.70 173.24 171.71 170.11 168.44 166.69 164.86 162.95 160.95 158.86 156.68 154.41 152.06 149.79 147.67 145.73 143.97
218.79 217.96 217.05 216.05 215.01 214.08 213.36 212.83 212.51 212.37 212.42 212.64 213.03 213.46 213.76 213.92 213.91 213.72 213.32 212.72 211.88 210.86 209.83 208.82 207.85 206.91 205.99 205.09 204.21 203.34 202.48 201.63 200.78 199.94 199.10 198.24 197.39 196.52 195.63 194.73 193.80 192.85 191.88 190.87 189.83 188.75 187.63 186.47 185.26 184.00 182.69 181.32 179.89 178.40 176.84 175.21 173.51 171.73 169.88 167.94 165.91 163.80 161.60 159.30 156.90 154.43 152.02 149.77 147.69 145.79 144.09
217.84 217.04 216.15 215.22 214.41 213.80 213.40 213.19 213.18 213.35 213.70 214.22 214.90 215.62 216.22 216.67 216.96 217.07 216.98 216.69 216.16 215.38 214.42 213.43 212.46 211.51 210.58 209.66 208.76 207.87 206.98 206.09 205.20 204.31 203.41 202.50 201.57 200.63 199.67 198.68 197.67 196.62 195.54 194.43 193.28 192.08 190.84 189.54 188.20 186.80 185.34 183.81 182.23 180.57 178.84 177.04 175.15 173.19 171.14 169.00 166.77 164.45 162.03 159.51 156.91 154.38 151.99 149.77 147.73 145.87 144.21
216.73 215.95 215.12 214.42 213.92 213.63 213.54 213.64 213.92 214.38 215.02 215.83 216.79 217.78 218.65 219.39 219.97 220.37 220.57 220.57 220.34 219.86 219.13 218.19 217.22 216.26 215.31 214.37 213.44 212.51 211.58 210.64 209.70 208.75 207.78 206.80 205.80 204.77 203.72 202.64 201.53 200.38 199.19 197.96 196.68 195.36 193.98 192.55 191.06 189.50 187.89 186.20 184.44 182.61 180.70 178.71 176.64 174.48 172.23 169.88 167.44 164.89 162.24 159.52 156.85 154.33 151.97 149.78 147.77 145.95 144.34
215.48 214.75 214.14 213.74 213.55 213.56 213.76 214.15 214.72 215.46 216.38 217.45 218.67 219.93 221.07 222.08 222.92 223.60 224.09 224.36 224.42 224.23 223.79 223.07 222.13 221.15 220.17 219.20 218.23 217.25 216.27 215.28 214.27 213.25 212.21 211.15 210.06 208.94 207.79 206.61 205.39 204.12 202.81 201.45 200.05 198.58 197.06 195.48 193.83 192.12 190.33 188.48 186.54 184.53 182.43 180.24 177.96 175.60 173.13 170.56 167.90 165.12 162.27 159.47 156.81 154.30 151.96 149.80 147.83 146.05 144.48
214.12 213.60 213.29 213.19 213.29 213.59 214.07 214.74 215.58 216.59 217.76 219.09 220.56 222.07 223.46 224.72 225.83 226.77 227.52 228.06 228.39 228.48 228.31 227.87 227.14 226.18 225.17 224.15 223.13 222.09 221.05 219.99 218.91 217.81 216.69 215.54 214.35 213.13 211.88 210.58 209.24 207.85 206.41 204.91 203.36 201.75 200.08 198.33 196.52 194.64 192.68 190.64 188.51 186.30 184.00 181.61 179.12 176.54 173.85 171.06 168.15 165.17 162.23 159.43 156.78 154.30 151.98 149.85 147.90 146.16 144.64
212.83 212.60 212.58 212.76 213.14 213.71 214.46 215.39 216.48 217.74 219.16 220.74 222.45 224.19 225.82 227.32 228.67 229.86 230.86 231.66 232.24 232.59 232.69 232.51 232.05 231.29 230.29 229.22 228.13 227.04 225.92 224.78 223.62 222.43 221.22 219.96 218.67 217.34 215.97 214.55 213.08 211.55 209.97 208.33 206.63 204.86 203.02 201.11 199.12 197.06 194.91 192.67 190.35 187.94 185.43 182.82 180.11 177.30 174.38 171.35 168.23 165.16 162.21 159.42 156.78 154.31 152.02 149.91 148.00 146.30 144.81
211.69 211.75 212.00 212.45 213.09 213.92 214.92 216.10 217.44 218.94 220.59 222.39 224.32 226.28 228.14 229.87 231.45 232.87 234.11 235.15 235.98 236.58 236.92 237.00 236.80 236.29 235.47 234.40 233.24 232.07 230.87 229.65 228.40 227.11 225.79 224.42 223.02 221.56 220.06 218.51 216.90 215.23 213.50 211.70 209.84 207.90 205.89 203.80 201.63 199.37 197.03 194.59 192.06 189.43 186.70 183.87 180.93 177.88 174.72 171.47 168.25 165.17 162.23 159.44 156.81 154.35 152.08 150.00 148.12 146.45 145.01
210.71 211.03 211.54 212.24 213.14 214.21 215.45 216.86 218.43 220.16 222.03 224.04 226.19 228.35 230.42 232.37 234.17 235.81 237.27 238.54 239.59 240.42 241.00 241.32 241.36 241.10 240.52 239.62 238.45 237.20 235.91 234.59 233.23 231.83 230.40 228.91 227.38 225.80 224.16 222.46 220.70 218.88 216.99 215.03 212.99 210.87 208.68 206.40 204.03 201.58 199.02 196.38 193.63 190.78 187.82 184.75 181.57 178.27 174.89 171.53 168.31 165.21 162.27 159.48 156.86 154.42 152.17 150.11 148.26 146.63 145.23
209.87 210.44 211.20 212.15 213.27 214.58 216.05 217.68 219.46 221.40 223.48 225.69 228.03 230.39 232.66 234.80 236.80 238.65 240.32 241.80 243.08 244.12 244.93 245.47 245.74 245.71 245.37 244.70 243.69 242.40 241.02 239.59 238.12 236.61 235.04 233.43 231.76 230.04 228.25 226.40 224.48 222.50 220.44 218.30 216.08 213.78 211.39 208.91 206.34 203.67 200.90 198.03 195.06 191.97 188.77 185.46 182.03 178.51 175.01 171.64 168.39 165.29 162.35 159.56 156.95 154.52 152.29 150.25 148.43 146.84 145.47
209.17 209.98 210.97 212.15 213.50 215.02 216.70 218.54 220.52 222.66 224.93 227.33 229.85 232.39 234.84 237.17 239.36 241.40 243.27 244.95 246.43 247.68 248.69 249.45 249.93 250.12 250.00 249.56 248.77 247.63 246.19 244.65 243.06 241.42 239.72 237.97 236.16 234.28 232.34 230.32 228.24 226.08 223.84 221.51 219.10 216.60 214.01 211.32 208.54 205.65 202.65 199.55 196.34 193.01 189.56 186.00 182.33 178.70 175.17 171.78 168.52 165.41 162.46 159.68 157.08 154.66 152.44 150.43 148.64 147.07 145.75
208.61 209.64 210.85 212.24 213.80 215.52 217.41 219.44 221.61 223.93 226.38 228.95 231.64 234.35 236.97 239.47 241.84 244.06 246.11 247.97 249.64 251.08 252.29 253.24 253.93 254.32 254.41 254.18 253.60 252.67 251.37 249.77 248.05 246.27 244.43 242.53 240.56 238.52 236.41 234.23 231.96 229.62 227.18 224.66 222.05 219.35 216.54 213.64 210.62 207.51 204.28 200.93 197.47 193.89 190.18 186.38 182.60 178.93 175.38 171.96 168.69 165.57 162.62 159.84 157.24 154.83 152.63 150.64 148.87 147.34 146.05
208.18 209.42 210.84 212.43 214.18 216.10 218.16 220.37 222.72 225.21 227.82 230.55 233.40 236.26 239.03 241.69 244.22 246.61 248.83 250.86 252.70 254.33 255.71 256.85 257.72 258.31 258.59 258.56 258.18 257.46 256.36 254.88 253.08 251.15 249.16 247.10 244.97 242.76 240.47 238.10 235.65 233.11 230.48 227.75 224.93 222.01 218.98 215.85 212.60 209.24 205.77 202.17 198.45 194.61 190.66 186.73 182.91 179.21 175.63 172.19 168.91 165.78 162.82 160.03 157.44 155.04 152.86 150.89 149.15 147.65 146.39
207.88 209.32 210.93 212.70 214.64 216.73 218.96 221.34 223.85 226.49 229.25 232.13 235.11 238.12 241.03 243.84 246.52 249.05 251.43 253.62 255.62 257.41 258.96 260.27 261.32 262.08 262.54 262.69 262.50 261.97 261.06 259.77 258.08 256.07 253.91 251.68 249.37 246.99 244.51 241.95 239.30 236.56 233.72 230.78 227.73 224.58 221.32 217.95 214.46 210.85 207.12 203.26 199.28 195.19 191.11 187.14 183.27 179.54 175.93 172.47 169.17 166.03 163.06 160.28 157.69 155.30 153.13 151.18 149.46 147.99 146.77
207.70 209.32 211.11 213.05 215.16 217.41 219.80 222.33 224.99 227.77 230.67 233.68 236.79 239.91 242.96 245.90 248.71 251.38 253.90 256.24 258.38 260.32 262.03 263.50 264.70 265.63 266.26 266.57 266.56 266.20 265.47 264.37 262.86 260.94 258.68 256.27 253.78 251.20 248.53 245.77 242.91 239.95 236.89 233.72 230.45 227.06 223.56 219.94 216.19 212.33 208.33 204.20 199.97 195.74 191.61 187.59 183.69 179.92 176.29 172.81 169.48 166.33 163.35 160.57 157.98 155.60 153.44 151.51 149.82 148.37 147.19
207.64 209.42 211.38 213.48 215.74 218.14 220.67 223.34 226.13 229.04 232.06 235.19 238.41 241.65 244.81 247.87 250.80 253.60 256.24 258.71 260.99 263.06 264.91 266.52 267.87 268.94 269.73 270.20 270.35 270.15 269.59 268.65 267.31 265.57 263.39 260.86 258.18 255.40 252.52 249.55 246.47 243.29 240.00 236.60 233.08 229.45 225.69 221.81 217.81 213.67 209.39 205.01 200.64 196.35 192.17 188.11 184.17 180.36 176.70 173.19 169.85 166.68 163.70 160.91 158.32 155.95 153.80 151.89 150.22 148.80 147.65
207.68 209.63 211.73 213.98 216.38 218.91 221.58 224.37 227.28 230.30 233.43 236.66 239.99 243.32 246.58 249.74 252.78 255.69 258.44 261.03 263.43 265.62 267.60 269.34 270.82 272.03 272.95 273.57 273.86 273.81 273.40 272.61 271.44 269.85 267.84 265.38 262.56 259.57 256.48 253.29 249.98 246.57 243.04 239.39 235.62 231.73 227.72 223.57 219.29 214.87 210.34 205.81 201.37 197.03 192.80 188.68 184.70 180.86 177.17 173.63 170.27 167.09 164.09 161.30 158.71 156.35 154.21 152.31 150.67 149.28 148.16
207.84 209.92 212.16 214.54 217.07 219.72 222.50 225.40 228.42 231.55 234.77 238.09 241.50 244.92 248.26 251.51 254.65 257.65 260.51 263.19 265.70 268.01 270.09 271.95 273.55 274.88 275.93 276.67 277.09 277.17 276.90 276.26 275.23 273.79 271.93 269.62 266.86 263.73 260.41 256.98 253.44 249.78 246.00 242.10 238.07 233.92 229.63 225.20 220.64 215.96 211.28 206.68 202.17 197.77 193.49 189.33 185.30 181.42 177.70 174.14 170.75 167.55 164.55 161.75 159.16 156.80 154.68 152.79 151.17 149.80 148.71
208.10 210.31 212.67 215.17 217.80 220.56 223.45 226.45 229.55 232.77 236.07 239.47 242.95 246.44 249.86 253.18 256.40 259.48 262.42 265.20 267.80 270.20 272.38 274.34 276.04 277.49 278.64 279.50 280.04 280.24 280.10 279.58 278.68 277.37 275.65 273.48 270.86 267.77 264.30 260.63 256.84 252.93 248.89 244.72 240.43 235.99 231.42 226.71 221.88 217.04 212.28 207.61 203.04 198.58 194.24 190.03 185.97 182.05 178.29 174.70 171.30 168.08 165.06 162.26 159.67 157.31 155.19 153.33 151.72 150.38 149.32
208.45 210.78 213.24 215.85 218.58 221.43 224.41 227.49 230.68 233.96 237.33 240.79 244.33 247.88 251.35 254.74 258.02 261.18 264.19 267.04 269.72 272.20 274.47 276.51 278.31 279.84 281.10 282.06 282.70 283.01 282.97 282.57 281.78 280.60 279.00 276.96 274.47 271.51 268.07 264.22 260.18 256.00 251.70 247.25 242.68 237.96 233.09 228.11 223.12 218.19 213.36 208.62 203.98 199.46 195.07 190.81 186.70 182.74 178.95 175.34 171.91 168.67 165.64 162.83 160.24 157.88 155.77 153.92 152.33 151.01 149.98
208.89 211.32 213.88 216.58 219.39 222.33 225.38 228.53 231.78 235.12 238.55 242.06 245.64 249.23 252.75 256.19 259.52 262.73 265.80 268.71 271.45 274.00 276.34 278.46 280.33 281.95 283.29 284.33 285.06 285.47 285.53 285.23 284.54 283.46 281.97 280.04 277.67 274.83 271.50 267.68 263.45 259.00 254.42 249.69 244.82 239.81 234.67 229.52 224.43 219.43 214.51 209.70 205.00 200.42 195.97 191.66 187.51 183.51 179.68 176.04 172.58 169.33 166.28 163.46 160.87 158.51 156.41 154.57 152.99 151.70 150.70
209.43 211.94 214.58 217.35 220.24 223.24 226.35 229.56 232.86 236.24 239.71 243.26 246.87 250.48 254.04 257.51 260.88 264.13 267.24 270.21 273.00 275.60 278.00 280.18 282.11 283.80 285.20 286.32 287.13 287.61 287.76 287.54 286.94 285.96 284.56 282.73 280.46 277.72 274.51 270.79 266.57 261.92 257.05 252.03 246.86 241.56 236.25 231.00 225.83 220.74 215.75 210.87 206.10 201.45 196.95 192.59 188.38 184.35 180.48 176.81 173.33 170.05 166.99 164.16 161.56 159.21 157.11 155.28 153.72 152.45 151.48
210.04 212.63 215.34 218.17 221.11 224.17 227.32 230.57 233.91 237.33 240.82 244.39 248.01 251.65 255.22 258.71 262.10 265.38 268.53 271.52 274.35 276.99 279.44 281.66 283.65 285.38 286.84 288.02 288.89 289.44 289.65 289.51 288.99 288.08 286.76 285.02 282.83 280.19 277.07 273.45 269.33 264.68 259.58 254.26 248.81 243.34 237.92 232.57 227.31 222.14 217.07 212.11 207.28 202.57 198.01 193.59 189.34 185.26 181.36 177.65 174.15 170.85 167.77 164.93 162.33 159.97 157.88 156.06 154.52 153.27 152.32
210.73 213.38 216.14 219.02 222.01 225.10 228.29 231.56 234.92 238.36 241.87 245.44 249.07 252.70 256.28 259.78 263.18 266.47 269.64 272.65 275.50 278.17 280.64 282.90 284.92 286.70 288.20 289.43 290.35 290.95 291.21 291.13 290.67 289.82 288.57 286.90 284.79 282.22 279.18 275.65 271.61 267.05 261.94 256.41 250.78 245.19 239.68 234.24 228.88 223.63 218.48 213.44 208.54 203.77 199.14 194.68 190.38 186.25 182.32 178.57 175.04 171.72 168.63 165.77 163.16 160.81 158.72 156.91 155.38 154.15 153.23
211.50 214.18 216.99 219.90 222.92 226.04 229.24 232.53 235.90 239.34 242.85 246.42 250.03 253.66 257.22 260.71 264.12 267.41 270.57 273.59 276.45 279.14 281.62 283.90 285.94 287.74 289.28 290.53 291.49 292.13 292.43 292.39 291.98 291.18 289.99 288.37 286.32 283.82 280.85 277.38 273.42 268.93 263.93 258.51 252.84 247.15 241.53 235.99 230.55 225.20 219.97 214.86 209.89 205.05 200.37 195.85 191.50 187.33 183.35 179.58 176.01 172.67 169.56 166.69 164.07 161.72 159.63 157.83 156.31 155.10 154.20
212.33 215.05 217.88 220.81 223.85 226.97 230.18 233.47 236.84 240.27 243.76 247.31 250.90 254.49 258.04 261.51 264.89 268.17 271.32 274.34 277.19 279.88 282.36 284.64 286.70 288.51 290.06 291.33 292.31 292.97 293.30 293.29 292.92 292.16 291.00 289.43 287.43 284.97 282.05 278.65 274.74 270.34 265.54 260.39 254.91 249.19 243.47 237.84 232.30 226.87 221.56 216.37 211.32 206.42 201.68 197.10 192.70 188.49 184.47 180.66 177.07 173.70 170.57 167.69 165.06 162.70 160.62 158.82 157.32 156.12 155.24
213.22 215.95 218.80 221.74 224.78 227.90 231.10 234.38 237.73 241.13 244.60 248.11 251.66 255.22 258.72 262.16 265.51 268.76 271.89 274.88 277.72 280.39 282.87 285.14 287.19 288.99 290.54 291.82 292.80 293.48 293.82 293.83 293.47 292.74 291.61 290.07 288.10 285.68 282.80 279.43 275.60 271.38 266.83 261.97 256.78 251.26 245.52 239.79 234.15 228.64 223.24 217.98 212.86 207.89 203.08 198.45 193.99 189.73 185.68 181.83 178.21 174.81 171.66 168.76 166.13 163.76 161.68 159.89 158.40 157.22 156.36
214.17 216.91 219.75 222.68 225.71 228.81 232.00 235.25 238.56 241.93 245.35 248.81 252.32 255.82 259.27 262.66 265.97 269.18 272.27 275.22 278.03 280.67 283.12 285.37 287.40 289.19 290.73 291.99 292.97 293.64 293.99 294.00 293.65 292.92 291.80 290.28 288.33 285.93 283.07 279.76 276.09 272.11 267.83 263.24 258.33 253.11 247.58 241.83 236.11 230.50 225.02 219.68 214.48 209.44 204.57 199.88 195.38 191.07 186.97 183.09 179.43 176.01 172.84 169.93 167.28 164.91 162.82 161.04 159.56 158.39 157.56
215.17 217.90 220.72 223.64 226.64 229.71 232.86 236.07 239.34 242.65 246.02 249.42 252.86 256.29 259.68 263.01 266.26 269.41 272.45 275.36 278.12 280.71 283.12 285.34 287.33 289.09 290.60 291.85 292.80 293.46 293.79 293.79 293.43 292.70 291.58 290.06 288.11 285.72 282.90 279.74 276.28 272.55 268.52 264.20 259.58 254.66 249.43 243.90 238.16 232.46 226.90 221.48 216.21 211.10 206.16 201.41 196.85 192.50 188.35 184.43 180.75 177.30 174.10 171.17 168.51 166.14 164.05 162.27 160.80 159.65 158.83
