data_output/RCH/Precip_2000_05.asc
ncols        168
nrows        136
xllcorner    455000
yllcorner    2107000
cellsize     500
NODATA_value     -99999
[rows 66 to 98 of 136, columns 0 to 73 of 168]
80.60 85.41 89.75 93.62 97.05 100.08 102.71 104.97 106.90 108.51 109.82 110.88 111.68 112.27 112.67 112.90 112.98 112.95 112.81 112.61 112.36 112.09 111.82 111.58 111.34 111.09 110.82 110.53 110.22 109.89 109.55 109.18 108.79 108.39 107.96 107.52 107.05 106.56 106.06 105.53 104.99 104.42 103.83 103.22 102.59 101.94 101.27 100.52 99.67 98.71 97.64 96.47 95.21 93.84 92.38 90.84 89.20 87.49 85.69 83.82 81.88 79.86 77.78 75.64 73.45 71.21 68.92 66.58 64.19 61.75 59.27 56.74 54.18 51.57
81.32 85.96 90.29 94.17 97.62 100.66 103.30 105.59 107.53 109.16 110.50 111.57 112.40 113.02 113.44 113.70 113.81 113.80 113.70 113.53 113.31 113.07 112.84 112.63 112.43 112.22 111.98 111.72 111.44 111.13 110.81 110.46 110.10 109.71 109.30 108.87 108.41 107.94 107.44 106.92 106.37 105.81 105.22 104.61 103.98 103.31 102.58 101.74 100.79 99.74 98.58 97.32 95.97 94.52 92.98 91.35 89.64 87.85 85.99 84.05 82.04 79.96 77.82 75.62 73.36 71.06 68.71 66.32 63.88 61.40 58.88 56.32 53.72 51.08
82.53 86.81 90.98 94.86 98.32 101.37 104.03 106.33 108.29 109.93 111.29 112.38 113.24 113.87 114.32 114.60 114.74 114.76 114.68 114.54 114.35 114.15 113.95 113.78 113.61 113.42 113.21 112.98 112.73 112.45 112.15 111.82 111.47 111.10 110.70 110.28 109.83 109.37 108.87 108.35 107.81 107.25 106.65 106.04 105.39 104.68 103.85 102.92 101.87 100.73 99.48 98.13 96.70 95.17 93.55 91.85 90.07 88.21 86.27 84.27 82.20 80.06 77.86 75.60 73.29 70.94 68.53 66.09 63.61 61.09 58.53 55.94 53.30 50.64
84.21 88.13 91.97 95.69 99.15 102.20 104.88 107.19 109.16 110.82 112.20 113.31 114.18 114.84 115.30 115.61 115.77 115.81 115.76 115.65 115.49 115.32 115.15 115.00 114.87 114.71 114.53 114.32 114.09 113.83 113.55 113.24 112.91 112.55 112.16 111.75 111.31 110.85 110.36 109.84 109.30 108.73 108.13 107.50 106.80 105.99 105.07 104.05 102.91 101.68 100.35 98.92 97.40 95.80 94.10 92.33 90.48 88.55 86.56 84.49 82.36 80.17 77.91 75.61 73.25 70.84 68.39 65.91 63.38 60.82 58.23 55.61 52.95 50.26
86.31 89.89 93.39 96.81 100.11 103.17 105.85 108.17 110.16 111.83 113.22 114.34 115.23 115.91 116.39 116.72 116.90 116.96 116.94 116.85 116.72 116.57 116.43 116.32 116.21 116.08 115.93 115.74 115.53 115.29 115.03 114.73 114.41 114.06 113.68 113.28 112.85 112.39 111.90 111.38 110.83 110.26 109.65 108.96 108.17 107.27 106.26 105.14 103.92 102.60 101.19 99.68 98.09 96.41 94.65 92.81 90.89 88.90 86.84 84.72 82.53 80.29 77.99 75.63 73.23 70.78 68.29 65.76 63.20 60.61 57.99 55.33 52.65 49.95
88.79 92.05 95.23 98.33 101.35 104.27 106.94 109.27 111.27 112.95 114.35 115.49 116.39 117.08 117.59 117.93 118.13 118.22 118.21 118.15 118.04 117.92 117.80 117.72 117.64 117.53 117.40 117.23 117.04 116.82 116.57 116.29 115.98 115.64 115.27 114.86 114.43 113.97 113.48 112.96 112.41 111.82 111.16 110.39 109.50 108.51 107.41 106.20 104.90 103.50 102.01 100.43 98.77 97.02 95.19 93.28 91.30 89.26 87.14 84.96 82.73 80.43 78.09 75.69 73.24 70.76 68.23 65.67 63.07 60.45 57.80 55.12 52.43 49.70
91.59 94.55 97.43 100.24 102.97 105.62 108.17 110.50 112.50 114.19 115.60 116.75 117.66 118.37 118.88 119.24 119.46 119.56 119.58 119.53 119.45 119.35 119.26 119.20 119.14 119.06 118.95 118.80 118.62 118.42 118.18 117.91 117.60 117.27 116.90 116.51 116.07 115.61 115.12 114.59 114.02 113.38 112.63 111.77 110.79 109.71 108.53 107.24 105.86 104.39 102.82 101.17 99.43 97.62 95.73 93.76 91.72 89.62 87.45 85.23 82.94 80.60 78.21 75.78 73.30 70.77 68.22 65.62 63.00 60.35 57.68 54.98 52.27 49.53
94.66 97.35 99.96 102.49 104.95 107.33 109.64 111.85 113.84 115.54 116.96 118.12 119.04 119.75 120.28 120.65 120.88 121.00 121.04 121.01 120.94 120.86 120.79 120.76 120.72 120.66 120.57 120.44 120.28 120.08 119.85 119.59 119.29 118.96 118.60 118.20 117.77 117.30 116.80 116.26 115.64 114.91 114.07 113.12 112.05 110.89 109.62 108.26 106.80 105.26 103.62 101.90 100.10 98.23 96.27 94.25 92.16 90.00 87.79 85.51 83.19 80.81 78.38 75.90 73.39 70.84 68.25 65.63 62.99 60.31 57.62 54.91 52.18 49.44
97.97 100.39 102.75 105.03 107.24 109.37 111.43 113.42 115.31 117.00 118.42 119.59 120.52 121.24 121.78 122.16 122.41 122.54 122.59 122.58 122.53 122.46 122.41 122.40 122.39 122.34 122.26 122.15 122.00 121.81 121.59 121.33 121.04 120.71 120.35 119.95 119.51 119.04 118.52 117.93 117.22 116.40 115.47 114.44 113.29 112.05 110.71 109.27 107.74 106.12 104.42 102.64 100.78 98.84 96.83 94.76 92.61 90.41 88.15 85.83 83.46 81.05 78.58 76.08 73.53 70.95 68.34 65.70 63.04 60.35 57.64 54.92 52.18 49.44
101.45 103.64 105.76 107.81 109.79 111.70 113.54 115.30 116.99 118.58 120.00 121.17 122.10 122.83 123.38 123.77 124.02 124.17 124.23 124.23 124.19 124.15 124.11 124.12 124.12 124.09 124.03 123.92 123.78 123.61 123.39 123.14 122.85 122.52 122.15 121.74 121.30 120.81 120.25 119.57 118.78 117.87 116.85 115.73 114.51 113.19 111.78 110.27 108.67 106.99 105.22 103.38 101.46 99.47 97.41 95.28 93.10 90.85 88.54 86.19 83.78 81.33 78.84 76.30 73.73 71.13 68.50 65.84 63.16 60.46 57.74 55.01 52.27 49.52
105.07 107.04 108.95 110.79 112.56 114.26 115.89 117.45 118.94 120.36 121.69 122.85 123.79 124.52 125.07 125.47 125.73 125.88 125.96 125.97 125.94 125.91 125.89 125.91 125.93 125.92 125.86 125.77 125.64 125.46 125.25 125.00 124.71 124.38 124.00 123.59 123.14 122.60 121.95 121.18 120.30 119.31 118.21 117.02 115.72 114.33 112.84 111.27 109.60 107.86 106.04 104.14 102.16 100.12 98.01 95.84 93.61 91.32 88.98 86.59 84.15 81.67 79.14 76.59 73.99 71.37 68.72 66.05 63.35 60.64 57.92 55.19 52.44 49.70
108.76 110.55 112.26 113.91 115.50 117.01 118.46 119.84 121.15 122.39 123.56 124.64 125.58 126.31 126.86 127.26 127.53 127.69 127.77 127.79 127.78 127.76 127.75 127.78 127.82 127.81 127.77 127.68 127.56 127.39 127.17 126.92 126.63 126.29 125.91 125.48 124.98 124.35 123.62 122.76 121.80 120.73 119.56 118.29 116.92 115.46 113.91 112.27 110.55 108.74 106.87 104.91 102.89 100.80 98.65 96.43 94.16 91.83 89.46 87.03 84.57 82.06 79.51 76.93 74.32 71.68 69.02 66.34 63.63 60.92 58.19 55.46 52.72 49.97
112.50 114.11 115.65 117.13 118.55 119.90 121.18 122.40 123.55 124.64 125.65 126.60 127.47 128.20 128.75 129.15 129.42 129.59 129.67 129.70 129.70 129.68 129.69 129.73 129.78 129.78 129.74 129.66 129.54 129.37 129.15 128.90 128.60 128.25 127.86 127.39 126.79 126.08 125.26 124.33 123.29 122.15 120.90 119.56 118.12 116.60 114.98 113.28 111.50 109.65 107.72 105.71 103.64 101.51 99.31 97.06 94.75 92.39 89.99 87.53 85.04 82.51 79.94 77.35 74.72 72.07 69.40 66.71 64.00 61.28 58.56 55.82 53.09 50.36
116.21 117.67 119.07 120.40 121.67 122.88 124.02 125.10 126.11 127.06 127.94 128.76 129.51 130.18 130.73 131.13 131.40 131.57 131.66 131.69 131.69 131.69 131.70 131.75 131.80 131.82 131.78 131.70 131.58 131.41 131.19 130.93 130.62 130.26 129.82 129.26 128.59 127.79 126.89 125.88 124.77 123.55 122.24 120.83 119.33 117.74 116.07 114.31 112.48 110.57 108.59 106.55 104.43 102.26 100.02 97.74 95.40 93.01 90.57 88.10 85.58 83.03 80.45 77.84 75.20 72.54 69.86 67.17 64.46 61.74 59.02 56.30 53.57 50.85
119.87 121.19 122.46 123.67 124.81 125.90 126.92 127.88 128.78 129.61 130.38 131.09 131.73 132.30 132.81 133.20 133.47 133.64 133.73 133.76 133.77 133.76 133.78 133.84 133.90 133.92 133.89 133.81 133.68 133.51 133.29 133.02 132.69 132.29 131.76 131.12 130.36 129.49 128.51 127.43 126.24 124.96 123.58 122.11 120.55 118.90 117.17 115.37 113.48 111.53 109.50 107.41 105.26 103.05 100.78 98.46 96.10 93.68 91.22 88.73 86.19 83.63 81.03 78.41 75.76 73.10 70.42 67.72 65.02 62.31 59.59 56.88 54.17 51.47
123.41 124.62 125.78 126.88 127.93 128.91 129.83 130.69 131.50 132.24 132.92 133.53 134.09 134.58 135.00 135.36 135.63 135.79 135.88 135.91 135.92 135.92 135.94 136.00 136.07 136.09 136.06 135.98 135.84 135.66 135.44 135.15 134.78 134.29 133.68 132.96 132.12 131.18 130.13 128.97 127.72 126.37 124.93 123.40 121.78 120.08 118.30 116.45 114.52 112.52 110.45 108.33 106.14 103.89 101.60 99.25 96.86 94.42 91.94 89.43 86.88 84.30 81.69 79.07 76.42 73.75 71.07 68.38 65.68 62.98 60.28 57.58 54.89 52.20
126.79 127.91 128.99 130.00 130.96 131.86 132.71 133.49 134.22 134.89 135.50 136.05 136.53 136.96 137.33 137.63 137.87 138.03 138.11 138.14 138.15 138.15 138.17 138.24 138.30 138.32 138.29 138.20 138.07 137.88 137.63 137.30 136.85 136.28 135.59 134.79 133.88 132.86 131.74 130.52 129.21 127.80 126.30 124.71 123.04 121.29 119.46 117.56 115.59 113.55 111.45 109.29 107.07 104.79 102.47 100.10 97.68 95.23 92.73 90.20 87.65 85.06 82.45 79.82 77.17 74.50 71.83 69.15 66.46 63.77 61.08 58.40 55.73 53.07
129.96 131.02 132.02 132.97 133.87 134.71 135.50 136.23 136.90 137.52 138.08 138.58 139.02 139.41 139.73 140.00 140.20 140.34 140.42 140.45 140.45 140.45 140.47 140.54 140.60 140.62 140.58 140.49 140.34 140.14 139.85 139.44 138.90 138.25 137.49 136.62 135.64 134.55 133.37 132.08 130.71 129.24 127.69 126.05 124.33 122.53 120.66 118.72 116.71 114.63 112.50 110.30 108.05 105.76 103.41 101.02 98.58 96.11 93.61 91.07 88.50 85.91 83.30 80.67 78.02 75.36 72.70 70.02 67.35 64.68 62.01 59.35 56.70 54.07
132.87 133.88 134.84 135.75 136.61 137.41 138.16 138.86 139.50 140.08 140.61 141.09 141.51 141.87 142.17 142.42 142.61 142.74 142.81 142.83 142.82 142.82 142.84 142.90 142.97 142.98 142.93 142.83 142.67 142.42 142.05 141.56 140.95 140.22 139.39 138.45 137.40 136.25 135.00 133.66 132.23 130.71 129.10 127.42 125.65 123.81 121.90 119.92 117.87 115.77 113.60 111.38 109.11 106.79 104.42 102.01 99.56 97.08 94.56 92.02 89.45 86.86 84.25 81.62 78.98 76.33 73.68 71.02 68.37 65.71 63.07 60.43 57.81 55.21
135.48 136.46 137.40 138.29 139.12 139.91 140.64 141.32 141.95 142.53 143.05 143.52 143.94 144.30 144.60 144.85 145.04 145.18 145.26 145.28 145.27 145.26 145.27 145.33 145.39 145.40 145.34 145.23 145.02 144.69 144.24 143.67 142.99 142.20 141.29 140.28 139.17 137.96 136.66 135.26 133.78 132.21 130.55 128.82 127.01 125.13 123.19 121.17 119.09 116.96 114.77 112.52 110.23 107.89 105.51 103.08 100.63 98.14 95.62 93.07 90.50 87.91 85.30 82.69 80.06 77.42 74.78 72.15 69.51 66.88 64.26 61.66 59.07 56.50
137.73 138.71 139.64 140.53 141.36 142.15 142.89 143.58 144.22 144.81 145.34 145.83 146.26 146.64 146.97 147.24 147.46 147.62 147.73 147.79 147.79 147.77 147.78 147.83 147.88 147.88 147.81 147.64 147.36 146.95 146.43 145.79 145.03 144.17 143.20 142.13 140.96 139.70 138.34 136.89 135.36 133.74 132.04 130.27 128.42 126.51 124.53 122.48 120.38 118.22 116.00 113.74 111.43 109.07 106.68 104.25 101.78 99.29 96.76 94.22 91.65 89.07 86.47 83.87 81.25 78.63 76.02 73.40 70.79 68.19 65.60 63.03 60.47 57.94
139.58 140.58 141.52 142.43 143.29 144.10 144.86 145.58 146.25 146.87 147.44 147.96 148.43 148.85 149.22 149.54 149.81 150.02 150.18 150.29 150.34 150.35 150.35 150.39 150.43 150.41 150.29 150.06 149.69 149.21 148.62 147.91 147.09 146.16 145.13 144.00 142.78 141.46 140.05 138.55 136.97 135.31 133.58 131.77 129.89 127.94 125.93 123.86 121.73 119.54 117.31 115.03 112.71 110.34 107.94 105.50 103.03 100.54 98.02 95.48 92.92 90.35 87.76 85.17 82.57 79.98 77.38 74.79 72.21 69.64 67.08 64.55 62.03 59.55
140.98 142.01 143.00 143.94 144.84 145.70 146.51 147.27 147.99 148.67 149.29 149.87 150.40 150.88 151.32 151.70 152.04 152.32 152.55 152.73 152.86 152.94 152.97 153.01 153.03 152.97 152.78 152.46 152.03 151.48 150.81 150.04 149.16 148.17 147.08 145.90 144.62 143.25 141.80 140.26 138.64 136.94 135.16 133.32 131.41 129.43 127.40 125.30 123.15 120.95 118.70 116.41 114.07 111.70 109.29 106.85 104.39 101.89 99.38 96.85 94.30 91.74 89.17 86.60 84.03 81.45 78.88 76.32 73.77 71.24 68.72 66.23 63.76 61.31
141.89 142.97 144.02 145.02 145.99 146.91 147.79 148.62 149.41 150.16 150.86 151.52 152.13 152.69 153.21 153.68 154.10 154.48 154.80 155.08 155.30 155.48 155.60 155.68 155.67 155.53 155.27 154.88 154.38 153.76 153.03 152.19 151.25 150.21 149.07 147.83 146.51 145.09 143.59 142.01 140.35 138.62 136.81 134.94 133.00 131.00 128.94 126.83 124.66 122.44 120.18 117.88 115.54 113.16 110.75 108.32 105.85 103.37 100.86 98.34 95.81 93.27 90.72 88.17 85.62 83.07 80.54 78.01 75.50 73.00 70.52 68.07 65.64 63.25
142.49 143.65 144.76 145.84 146.87 147.87 148.82 149.74 150.61 151.44 152.22 152.97 153.67 154.32 154.93 155.50 156.02 156.49 156.92 157.30 157.63 157.91 158.16 158.40 158.47 158.26 157.92 157.47 156.89 156.21 155.42 154.52 153.52 152.42 151.23 149.94 148.57 147.11 145.56 143.94 142.25 140.48 138.64 136.74 134.77 132.74 130.66 128.53 126.35 124.12 121.85 119.54 117.19 114.81 112.40 109.96 107.50 105.03 102.53 100.02 97.51 94.98 92.46 89.93 87.40 84.89 82.38 79.89 77.41 74.95 72.52 70.11 67.73 65.38
143.05 144.26 145.44 146.58 147.69 148.76 149.78 150.77 151.72 152.63 153.50 154.33 155.11 155.86 156.56 157.22 157.83 158.40 158.93 159.41 159.84 160.24 160.66 161.15 161.44 161.31 160.91 160.38 159.73 158.98 158.12 157.16 156.10 154.94 153.69 152.35 150.93 149.42 147.83 146.17 144.43 142.63 140.75 138.82 136.82 134.77 132.67 130.51 128.31 126.06 123.78 121.46 119.10 116.72 114.30 111.87 109.41 106.94 104.45 101.95 99.45 96.94 94.43 91.92 89.42 86.93 84.45 81.99 79.55 77.13 74.73 72.37 70.03 67.73
143.56 144.84 146.08 147.29 148.46 149.59 150.69 151.75 152.77 153.76 154.70 155.61 156.48 157.31 158.10 158.84 159.55 160.21 160.83 161.41 161.95 162.52 163.18 163.91 164.44 164.54 164.21 163.62 162.90 162.07 161.15 160.12 158.99 157.78 156.47 155.07 153.59 152.04 150.40 148.69 146.91 145.07 143.16 141.19 139.16 137.08 134.95 132.77 130.54 128.28 125.98 123.64 121.28 118.88 116.46 114.02 111.57 109.10 106.61 104.12 101.63 99.13 96.64 94.15 91.67 89.20 86.75 84.32 81.90 79.52 77.16 74.83 72.54 70.28
144.05 145.39 146.68 147.95 149.18 150.38 151.54 152.67 153.77 154.82 155.84 156.83 157.78 158.68 159.56 160.39 161.18 161.93 162.64 163.32 164.03 164.82 165.71 166.67 167.45 167.79 167.68 167.16 166.38 165.48 164.48 163.38 162.19 160.91 159.54 158.08 156.55 154.94 153.25 151.50 149.67 147.78 145.83 143.82 141.76 139.65 137.49 135.28 133.03 130.75 128.43 126.08 123.70 121.29 118.86 116.42 113.96 111.49 109.01 106.52 104.03 101.55 99.07 96.59 94.13 91.68 89.25 86.85 84.46 82.11 79.78 77.49 75.24 73.02
144.52 145.90 147.26 148.58 149.87 151.13 152.35 153.55 154.71 155.83 156.92 157.98 159.00 159.99 160.94 161.85 162.73 163.57 164.37 165.21 166.13 167.14 168.25 169.44 170.45 171.02 171.15 170.85 170.14 169.17 168.10 166.93 165.67 164.32 162.89 161.38 159.78 158.12 156.38 154.57 152.70 150.76 148.77 146.72 144.62 142.47 140.28 138.04 135.77 133.46 131.12 128.75 126.35 123.93 121.49 119.04 116.57 114.10 111.62 109.13 106.65 104.17 101.70 99.24 96.79 94.37 91.96 89.57 87.21 84.88 82.59 80.33 78.12 75.94
144.97 146.40 147.80 149.18 150.52 151.84 153.12 154.37 155.60 156.79 157.95 159.07 160.17 161.23 162.25 163.24 164.20 165.13 166.08 167.12 168.25 169.48 170.81 172.21 173.44 174.23 174.60 174.53 174.04 173.14 172.01 170.76 169.43 168.01 166.51 164.94 163.28 161.56 159.76 157.90 155.98 153.99 151.96 149.86 147.72 145.54 143.31 141.04 138.74 136.40 134.03 131.64 129.23 126.79 124.34 121.87 119.40 116.92 114.43 111.95 109.47 107.00 104.53 102.08 99.65 97.23 94.84 92.48 90.14 87.84 85.57 83.35 81.16 79.02
145.41 146.88 148.33 149.75 151.15 152.51 153.85 155.17 156.45 157.70 158.92 160.11 161.27 162.40 163.50 164.57 165.60 166.67 167.82 169.07 170.40 171.84 173.37 174.98 176.41 177.43 178.01 178.18 177.92 177.24 176.17 174.86 173.45 171.96 170.40 168.75 167.03 165.24 163.39 161.47 159.50 157.46 155.38 153.24 151.06 148.83 146.57 144.26 141.93 139.56 137.17 134.75 132.31 129.86 127.39 124.91 122.42 119.93 117.44 114.96 112.48 110.00 107.54 105.10 102.67 100.27 97.90 95.55 93.23 90.95 88.71 86.52 84.36 82.26
145.83 147.35 148.84 150.31 151.75 153.17 154.56 155.92 157.26 158.57 159.85 161.11 162.33 163.53 164.69 165.83 167.00 168.26 169.60 171.04 172.57 174.21 175.93 177.74 179.38 180.60 181.40 181.78 181.74 181.30 180.44 179.20 177.73 176.16 174.52 172.81 171.02 169.17 167.26 165.28 163.25 161.16 159.02 156.84 154.61 152.34 150.03 147.69 145.32 142.92 140.50 138.05 135.59 133.12 130.63 128.13 125.63 123.13 120.63 118.14 115.66 113.18 110.72 108.28 105.87 103.48 101.11 98.78 96.48 94.22 92.00 89.83 87.71 85.63
146.26 147.81 149.34 150.85 152.34 153.80 155.24 156.65 158.04 159.40 160.74 162.05 163.34 164.60 165.83 167.10 168.45 169.89 171.42 173.04 174.76 176.58 178.50 180.50 182.32 183.74 184.74 185.34 185.52 185.29 184.66 183.63 182.22 180.60 178.88 177.09 175.24 173.32 171.34 169.31 167.21 165.07 162.88 160.64 158.37 156.05 153.70 151.32 148.91 146.48 144.02 141.55 139.06 136.56 134.05 131.53 129.02 126.50 123.99 121.49 119.00 116.52 114.06 111.62 109.21 106.83 104.47 102.15 99.87 97.63 95.43 93.28 91.18 89.14
