data_output/RCH/Precip_1994_05.asc
ncols        168
nrows        136
xllcorner    455000
yllcorner    2107000
cellsize     500
NODATA_value     -99999
[rows 66 to 98 of 136, columns 75 to 149 of 168]
55.79 56.57 57.37 58.20 59.06 59.94 60.88 61.93 63.10 64.39 65.80 67.32 68.95 70.70 72.56 74.53 76.61 78.79 81.08 83.48 85.98 88.58 91.28 93.99 96.54 98.95 101.19 103.29 105.23 107.02 108.67 110.16 111.51 112.72 113.78 114.70 115.49 116.13 116.64 117.02 117.31 117.56 117.77 117.94 118.08 118.19 118.27 118.31 118.31 118.29 118.23 118.14 118.02 117.86 117.67 117.45 117.20 116.92 116.61 116.26 115.88 115.48 115.04 114.57 114.07 113.55 112.99 112.40 111.79 111.14 110.46 109.76 109.03 108.27 107.51
56.76 57.57 58.40 59.25 60.13 61.02 61.95 62.93 64.02 65.23 66.55 68.00 69.55 71.22 73.01 74.90 76.90 79.01 81.23 83.55 85.98 88.51 91.13 93.76 96.25 98.58 100.76 102.79 104.66 106.39 107.96 109.40 110.68 111.83 112.83 113.70 114.42 115.01 115.47 115.84 116.16 116.45 116.71 116.93 117.12 117.28 117.41 117.50 117.56 117.59 117.59 117.56 117.49 117.40 117.27 117.11 116.93 116.71 116.46 116.18 115.87 115.54 115.17 114.77 114.35 113.89 113.41 112.90 112.36 111.79 111.20 110.57 109.92 109.25 108.54
57.71 58.54 59.40 60.27 61.16 62.08 63.02 63.98 64.99 66.12 67.36 68.72 70.20 71.78 73.48 75.30 77.22 79.25 81.38 83.63 85.97 88.42 90.97 93.53 95.94 98.19 100.30 102.25 104.06 105.71 107.22 108.58 109.80 110.88 111.82 112.62 113.28 113.81 114.25 114.65 115.02 115.35 115.65 115.92 116.16 116.37 116.54 116.68 116.80 116.88 116.93 116.95 116.94 116.90 116.84 116.74 116.61 116.45 116.27 116.05 115.81 115.54 115.24 114.91 114.55 114.17 113.76 113.32 112.85 112.36 111.84 111.30 110.73 110.13 109.50
58.64 59.49 60.36 61.26 62.17 63.10 64.05 65.03 66.02 67.06 68.22 69.49 70.88 72.38 73.99 75.72 77.55 79.50 81.55 83.71 85.97 88.34 90.81 93.28 95.61 97.79 99.81 101.69 103.41 104.99 106.43 107.72 108.87 109.88 110.74 111.48 112.07 112.58 113.05 113.48 113.89 114.26 114.60 114.92 115.20 115.45 115.67 115.86 116.02 116.15 116.25 116.32 116.37 116.38 116.37 116.32 116.25 116.15 116.03 115.87 115.69 115.48 115.25 114.98 114.69 114.38 114.03 113.67 113.27 112.85 112.40 111.93 111.44 110.92 110.37
59.53 60.41 61.30 62.21 63.14 64.09 65.05 66.04 67.03 68.05 69.13 70.31 71.60 73.01 74.53 76.17 77.91 79.77 81.73 83.80 85.98 88.26 90.63 93.02 95.26 97.36 99.30 101.09 102.74 104.24 105.59 106.81 107.88 108.81 109.60 110.27 110.84 111.37 111.87 112.34 112.78 113.19 113.57 113.92 114.24 114.53 114.79 115.02 115.23 115.41 115.55 115.67 115.77 115.83 115.87 115.88 115.86 115.82 115.75 115.65 115.53 115.38 115.20 115.00 114.77 114.52 114.24 113.94 113.61 113.26 112.89 112.49 112.06 111.61 111.14
60.39 61.28 62.20 63.13 64.07 65.03 66.01 67.00 68.01 69.03 70.07 71.17 72.36 73.68 75.10 76.64 78.29 80.05 81.92 83.90 85.98 88.17 90.46 92.75 94.90 96.91 98.76 100.47 102.03 103.44 104.72 105.85 106.84 107.69 108.41 109.04 109.62 110.18 110.71 111.21 111.69 112.13 112.54 112.93 113.29 113.61 113.92 114.19 114.44 114.65 114.85 115.01 115.15 115.26 115.35 115.41 115.44 115.45 115.43 115.39 115.32 115.22 115.11 114.96 114.80 114.60 114.39 114.15 113.89 113.60 113.29 112.96 112.60 112.23 111.83
61.21 62.12 63.05 64.00 64.96 65.93 66.92 67.92 68.93 69.96 71.00 72.06 73.17 74.38 75.71 77.15 78.70 80.36 82.13 84.01 85.99 88.08 90.27 92.47 94.53 96.44 98.20 99.82 101.29 102.61 103.79 104.84 105.74 106.51 107.19 107.83 108.45 109.03 109.59 110.12 110.62 111.09 111.54 111.95 112.34 112.71 113.05 113.36 113.64 113.90 114.13 114.34 114.52 114.67 114.80 114.91 114.99 115.05 115.08 115.09 115.07 115.03 114.96 114.88 114.77 114.63 114.48 114.30 114.09 113.87 113.62 113.36 113.07 112.76 112.42
61.99 62.92 63.87 64.82 65.80 66.78 67.78 68.79 69.81 70.84 71.88 72.94 74.01 75.12 76.35 77.68 79.13 80.68 82.35 84.13 86.01 88.00 90.09 92.18 94.14 95.95 97.62 99.14 100.51 101.74 102.83 103.78 104.60 105.33 106.02 106.68 107.31 107.92 108.50 109.05 109.58 110.08 110.55 111.00 111.42 111.81 112.18 112.53 112.85 113.14 113.41 113.66 113.88 114.07 114.24 114.39 114.52 114.62 114.70 114.75 114.78 114.79 114.78 114.74 114.69 114.61 114.51 114.38 114.24 114.08 113.89 113.68 113.46 113.21 112.94
62.72 63.67 64.63 65.60 66.58 67.58 68.58 69.60 70.62 71.66 72.70 73.76 74.82 75.89 77.02 78.24 79.58 81.03 82.59 84.26 86.03 87.91 89.90 91.89 93.74 95.45 97.01 98.43 99.70 100.84 101.83 102.69 103.46 104.19 104.89 105.57 106.22 106.85 107.45 108.02 108.57 109.09 109.59 110.06 110.51 110.94 111.33 111.71 112.06 112.39 112.69 112.97 113.23 113.46 113.67 113.86 114.02 114.17 114.29 114.39 114.46 114.52 114.56 114.57 114.56 114.53 114.48 114.42 114.33 114.22 114.09 113.94 113.77 113.59 113.38
63.40 64.37 65.34 66.33 67.32 68.32 69.33 70.35 71.38 72.41 73.46 74.51 75.57 76.64 77.71 78.84 80.06 81.40 82.84 84.40 86.06 87.83 89.70 91.58 93.33 94.93 96.38 97.70 98.87 99.90 100.79 101.59 102.36 103.11 103.82 104.51 105.18 105.82 106.44 107.03 107.60 108.14 108.66 109.16 109.63 110.08 110.50 110.90 111.28 111.64 111.97 112.28 112.57 112.84 113.09 113.31 113.51 113.70 113.86 114.00 114.12 114.22 114.30 114.36 114.39 114.41 114.41 114.40 114.36 114.30 114.23 114.13 114.02 113.89 113.74
64.04 65.01 66.00 66.99 67.99 69.00 70.02 71.04 72.07 73.11 74.15 75.20 76.25 77.31 78.37 79.45 80.57 81.78 83.11 84.55 86.10 87.75 89.51 91.27 92.91 94.39 95.74 96.94 98.00 98.92 99.76 100.56 101.33 102.08 102.81 103.51 104.19 104.84 105.47 106.08 106.66 107.23 107.76 108.28 108.77 109.24 109.69 110.11 110.52 110.90 111.26 111.60 111.92 112.22 112.50 112.76 112.99 113.21 113.41 113.59 113.74 113.88 114.00 114.11 114.19 114.25 114.30 114.33 114.34 114.33 114.31 114.27 114.21 114.13 114.04
64.61 65.60 66.60 67.60 68.61 69.62 70.64 71.67 72.70 73.73 74.77 75.81 76.86 77.91 78.96 80.02 81.09 82.19 83.40 84.72 86.14 87.68 89.31 90.96 92.47 93.84 95.07 96.16 97.11 97.97 98.79 99.60 100.37 101.13 101.86 102.57 103.26 103.92 104.56 105.18 105.77 106.35 106.90 107.43 107.94 108.43 108.90 109.34 109.77 110.18 110.56 110.93 111.27 111.60 111.91 112.19 112.46 112.71 112.94 113.16 113.35 113.53 113.69 113.83 113.95 114.06 114.14 114.22 114.27 114.31 114.33 114.34 114.33 114.31 114.26
65.13 66.13 67.13 68.14 69.16 70.17 71.20 72.22 73.25 74.28 75.31 76.35 77.39 78.43 79.47 80.52 81.56 82.61 83.71 84.90 86.20 87.60 89.12 90.64 92.03 93.28 94.38 95.35 96.23 97.08 97.91 98.71 99.49 100.24 100.98 101.69 102.38 103.05 103.70 104.32 104.93 105.51 106.08 106.62 107.15 107.65 108.13 108.60 109.04 109.47 109.88 110.26 110.63 110.98 111.32 111.63 111.93 112.21 112.47 112.71 112.94 113.15 113.34 113.52 113.68 113.82 113.95 114.06 114.16 114.24 114.31 114.36 114.40 114.42 114.43
65.58 66.59 67.60 68.62 69.64 70.66 71.68 72.70 73.73 74.76 75.78 76.81 77.84 78.87 79.90 80.93 81.96 82.99 84.02 85.09 86.26 87.54 88.92 90.31 91.58 92.70 93.68 94.58 95.44 96.28 97.10 97.90 98.67 99.43 100.16 100.88 101.57 102.24 102.89 103.52 104.14 104.73 105.30 105.86 106.39 106.91 107.40 107.88 108.34 108.78 109.21 109.61 110.00 110.38 110.73 111.07 111.39 111.69 111.98 112.26 112.51 112.75 112.98 113.19 113.38 113.56 113.73 113.88 114.01 114.13 114.24 114.33 114.41 114.48 114.53
65.97 66.99 68.01 69.02 70.05 71.07 72.09 73.11 74.13 75.15 76.17 77.19 78.21 79.23 80.24 81.26 82.27 83.28 84.28 85.29 86.34 87.48 88.73 89.99 91.12 92.11 93.02 93.89 94.74 95.57 96.38 97.17 97.94 98.69 99.42 100.13 100.82 101.49 102.15 102.78 103.40 103.99 104.57 105.13 105.67 106.20 106.71 107.19 107.67 108.12 108.56 108.98 109.39 109.78 110.15 110.51 110.86 111.18 111.49 111.79 112.07 112.34 112.60 112.83 113.06 113.27 113.47 113.65 113.82 113.98 114.13 114.26 114.38 114.49 114.58
66.29 67.31 68.33 69.36 70.38 71.40 72.42 73.43 74.45 75.46 76.47 77.48 78.49 79.49 80.49 81.49 82.48 83.47 84.45 85.43 86.41 87.43 88.54 89.66 90.65 91.56 92.44 93.30 94.14 94.95 95.75 96.53 97.29 98.04 98.76 99.46 100.15 100.82 101.47 102.10 102.71 103.31 103.89 104.46 105.00 105.53 106.05 106.54 107.03 107.49 107.94 108.38 108.80 109.20 109.59 109.97 110.33 110.67 111.01 111.33 111.63 111.92 112.20 112.47 112.72 112.96 113.19 113.40 113.60 113.80 113.97 114.14 114.30 114.45 114.58
66.53 67.56 68.58 69.61 70.63 71.65 72.66 73.68 74.68 75.69 76.69 77.69 78.68 79.67 80.65 81.63 82.60 83.56 84.52 85.48 86.43 87.37 88.35 89.33 90.24 91.11 91.97 92.81 93.63 94.43 95.22 95.98 96.73 97.46 98.17 98.87 99.55 100.21 100.85 101.48 102.09 102.69 103.27 103.83 104.38 104.91 105.43 105.93 106.42 106.89 107.35 107.79 108.22 108.64 109.04 109.43 109.81 110.17 110.52 110.86 111.18 111.50 111.80 112.08 112.36 112.63 112.88 113.12 113.36 113.58 113.79 113.99 114.18 114.36 114.53
66.70 67.73 68.76 69.78 70.80 71.81 72.82 73.83 74.83 75.83 76.81 77.80 78.78 79.75 80.71 81.67 82.62 83.56 84.49 85.42 86.34 87.25 88.16 89.05 89.92 90.78 91.61 92.43 93.23 94.01 94.78 95.53 96.26 96.97 97.67 98.36 99.02 99.67 100.31 100.93 101.54 102.13 102.70 103.26 103.81 104.34 104.86 105.36 105.85 106.33 106.79 107.24 107.68 108.10 108.52 108.92 109.30 109.68 110.04 110.40 110.74 111.07 111.39 111.70 111.99 112.28 112.56 112.83 113.08 113.33 113.57 113.80 114.02 114.23 114.44
66.79 67.82 68.85 69.88 70.89 71.91 72.91 73.91 74.90 75.89 76.87 77.84 78.80 79.75 80.70 81.64 82.56 83.48 84.39 85.29 86.18 87.07 87.95 88.83 89.67 90.50 91.32 92.11 92.89 93.65 94.40 95.13 95.85 96.54 97.23 97.90 98.55 99.19 99.82 100.43 101.03 101.61 102.18 102.74 103.28 103.81 104.33 104.83 105.32 105.80 106.27 106.73 107.17 107.60 108.02 108.43 108.83 109.22 109.60 109.96 110.32 110.67 111.01 111.33 111.65 111.96 112.26 112.55 112.83 113.11 113.37 113.63 113.88 114.12 114.36
66.80 67.84 68.88 69.90 70.92 71.93 72.94 73.93 74.92 75.89 76.86 77.82 78.77 79.71 80.64 81.56 82.47 83.36 84.25 85.13 85.99 86.85 87.73 88.61 89.45 90.25 91.04 91.82 92.58 93.32 94.05 94.76 95.46 96.14 96.82 97.47 98.12 98.75 99.36 99.97 100.56 101.13 101.70 102.25 102.79 103.32 103.84 104.34 104.84 105.32 105.79 106.25 106.70 107.15 107.58 108.00 108.41 108.81 109.20 109.58 109.95 110.32 110.67 111.02 111.36 111.69 112.01 112.33 112.63 112.93 113.23 113.51 113.79 114.07 114.33
66.76 67.80 68.84 69.87 70.89 71.91 72.91 73.90 74.88 75.85 76.81 77.76 78.70 79.62 80.54 81.44 82.33 83.21 84.07 84.93 85.78 86.64 87.51 88.39 89.22 90.02 90.79 91.55 92.28 93.01 93.72 94.42 95.10 95.77 96.43 97.07 97.71 98.33 98.93 99.53 100.11 100.69 101.25 101.80 102.34 102.87 103.38 103.89 104.39 104.88 105.35 105.82 106.28 106.73 107.17 107.60 108.02 108.44 108.84 109.24 109.63 110.01 110.39 110.76 111.12 111.47 111.82 112.16 112.49 112.82 113.14 113.46 113.77 114.07 114.37
66.65 67.70 68.75 69.79 70.81 71.82 72.83 73.82 74.80 75.76 76.72 77.66 78.58 79.50 80.40 81.29 82.16 83.02 83.87 84.71 85.55 86.41 87.28 88.16 88.99 89.79 90.56 91.29 92.01 92.72 93.41 94.09 94.76 95.42 96.07 96.70 97.32 97.93 98.53 99.12 99.70 100.27 100.83 101.38 101.92 102.45 102.96 103.47 103.98 104.47 104.95 105.43 105.89 106.35 106.80 107.25 107.68 108.11 108.53 108.95 109.35 109.75 110.15 110.54 110.92 111.30 111.67 112.03 112.40 112.75 113.10 113.45 113.79 114.13 114.46
66.48 67.55 68.60 69.65 70.68 71.69 72.70 73.69 74.67 75.63 76.58 77.51 78.43 79.34 80.23 81.10 81.96 82.81 83.64 84.48 85.32 86.18 87.05 87.92 88.76 89.56 90.32 91.05 91.76 92.45 93.12 93.79 94.45 95.09 95.72 96.35 96.96 97.57 98.16 98.74 99.32 99.88 100.44 100.99 101.52 102.05 102.58 103.09 103.60 104.09 104.58 105.07 105.54 106.01 106.48 106.93 107.38 107.82 108.26 108.69 109.12 109.54 109.96 110.37 110.77 111.17 111.57 111.96 112.35 112.74 113.12 113.49 113.87 114.24 114.61
66.26 67.34 68.41 69.46 70.50 71.52 72.53 73.52 74.50 75.46 76.41 77.34 78.25 79.15 80.03 80.90 81.74 82.58 83.41 84.24 85.08 85.94 86.81 87.67 88.51 89.31 90.08 90.82 91.52 92.19 92.85 93.51 94.15 94.78 95.40 96.02 96.62 97.22 97.81 98.39 98.96 99.52 100.07 100.62 101.16 101.69 102.22 102.74 103.25 103.75 104.25 104.74 105.23 105.71 106.18 106.65 107.12 107.58 108.03 108.48 108.93 109.37 109.80 110.24 110.67 111.09 111.52 111.93 112.35 112.77 113.18 113.59 113.99 114.40 114.80
65.99 67.09 68.17 69.23 70.28 71.31 72.32 73.32 74.30 75.26 76.21 77.14 78.05 78.94 79.81 80.67 81.50 82.34 83.17 84.00 84.84 85.69 86.55 87.42 88.26 89.06 89.83 90.57 91.27 91.95 92.60 93.24 93.87 94.49 95.10 95.71 96.30 96.89 97.48 98.05 98.62 99.18 99.73 100.28 100.82 101.36 101.89 102.41 102.93 103.44 103.94 104.45 104.94 105.44 105.92 106.41 106.89 107.36 107.84 108.30 108.77 109.23 109.69 110.15 110.60 111.05 111.50 111.95 112.40 112.84 113.29 113.73 114.17 114.61 115.05
65.68 66.79 67.89 68.96 70.02 71.06 72.08 73.09 74.07 75.04 75.98 76.91 77.82 78.70 79.57 80.42 81.26 82.09 82.91 83.74 84.58 85.43 86.29 87.15 87.99 88.79 89.57 90.31 91.02 91.70 92.35 92.98 93.60 94.21 94.81 95.41 96.00 96.59 97.16 97.74 98.30 98.86 99.41 99.96 100.51 101.05 101.58 102.11 102.63 103.15 103.67 104.18 104.69 105.19 105.70 106.19 106.69 107.18 107.67 108.16 108.65 109.13 109.62 110.10 110.58 111.06 111.53 112.01 112.49 112.96 113.44 113.91 114.39 114.87 115.34
65.33 66.46 67.57 68.66 69.73 70.78 71.81 72.83 73.82 74.79 75.74 76.66 77.57 78.45 79.32 80.17 81.00 81.83 82.65 83.48 84.31 85.16 86.02 86.88 87.71 88.52 89.29 90.04 90.75 91.44 92.10 92.73 93.34 93.94 94.54 95.13 95.72 96.29 96.87 97.44 98.00 98.56 99.12 99.67 100.21 100.76 101.29 101.83 102.36 102.89 103.42 103.94 104.46 104.98 105.50 106.01 106.52 107.04 107.55 108.05 108.56 109.07 109.58 110.08 110.59 111.09 111.60 112.11 112.61 113.12 113.63 114.14 114.65 115.16 115.68
64.95 66.10 67.22 68.33 69.42 70.48 71.52 72.54 73.54 74.52 75.47 76.40 77.31 78.19 79.06 79.90 80.73 81.56 82.38 83.20 84.03 84.88 85.73 86.59 87.42 88.23 89.00 89.75 90.48 91.17 91.84 92.48 93.09 93.69 94.28 94.86 95.44 96.02 96.59 97.15 97.72 98.28 98.83 99.39 99.94 100.49 101.03 101.57 102.11 102.65 103.19 103.73 104.26 104.79 105.33 105.86 106.39 106.92 107.45 107.98 108.51 109.04 109.57 110.10 110.63 111.17 111.70 112.24 112.78 113.32 113.86 114.41 114.96 115.51 116.06
64.53 65.70 66.85 67.98 69.08 70.16 71.21 72.25 73.25 74.24 75.20 76.13 77.04 77.92 78.78 79.62 80.45 81.28 82.10 82.92 83.74 84.58 85.44 86.29 87.12 87.93 88.70 89.46 90.18 90.89 91.56 92.21 92.84 93.44 94.02 94.60 95.18 95.75 96.32 96.88 97.45 98.01 98.57 99.12 99.68 100.23 100.79 101.34 101.89 102.44 102.98 103.53 104.08 104.63 105.18 105.73 106.28 106.83 107.38 107.93 108.48 109.04 109.59 110.15 110.71 111.28 111.84 112.41 112.98 113.55 114.13 114.71 115.30 115.89 116.48
64.10 65.29 66.46 67.60 68.72 69.82 70.89 71.93 72.95 73.95 74.91 75.85 76.76 77.64 78.50 79.34 80.16 80.98 81.80 82.62 83.44 84.28 85.13 85.98 86.81 87.61 88.39 89.15 89.88 90.59 91.27 91.93 92.57 93.18 93.77 94.35 94.92 95.49 96.06 96.62 97.19 97.75 98.31 98.87 99.44 100.00 100.56 101.12 101.68 102.24 102.80 103.36 103.92 104.49 105.05 105.62 106.19 106.76 107.33 107.91 108.48 109.06 109.65 110.23 110.82 111.41 112.01 112.61 113.21 113.82 114.44 115.05 115.68 116.30 116.94
63.64 64.86 66.05 67.21 68.35 69.47 70.55 71.61 72.65 73.65 74.62 75.56 76.46 77.34 78.20 79.04 79.86 80.68 81.49 82.31 83.13 83.96 84.80 85.65 86.48 87.28 88.06 88.82 89.56 90.27 90.97 91.64 92.28 92.91 93.52 94.10 94.67 95.24 95.81 96.37 96.94 97.50 98.07 98.64 99.20 99.77 100.34 100.91 101.48 102.05 102.63 103.21 103.78 104.36 104.95 105.53 106.12 106.71 107.31 107.91 108.51 109.12 109.73 110.34 110.96 111.58 112.21 112.84 113.48 114.12 114.77 115.43 116.09 116.76 117.43
63.16 64.41 65.63 66.82 67.98 69.11 70.21 71.29 72.34 73.35 74.32 75.25 76.16 77.03 77.89 78.72 79.54 80.36 81.17 81.98 82.80 83.62 84.46 85.31 86.13 86.94 87.72 88.48 89.22 89.94 90.64 91.32 91.98 92.62 93.24 93.84 94.42 94.99 95.56 96.13 96.69 97.26 97.84 98.41 98.98 99.56 100.14 100.72 101.30 101.89 102.47 103.07 103.66 104.26 104.86 105.47 106.08 106.69 107.31 107.93 108.56 109.19 109.83 110.47 111.12 111.77 112.43 113.10 113.77 114.45 115.14 115.83 116.53 117.24 117.96
62.68 63.95 65.20 66.41 67.60 68.75 69.87 70.97 72.02 73.03 74.00 74.94 75.84 76.71 77.56 78.39 79.21 80.02 80.83 81.64 82.45 83.27 84.11 84.95 85.77 86.57 87.36 88.12 88.87 89.60 90.30 90.99 91.66 92.32 92.95 93.57 94.16 94.74 95.31 95.88 96.46 97.03 97.61 98.19 98.77 99.35 99.94 100.53 101.13 101.73 102.33 102.94 103.55 104.17 104.79 105.41 106.05 106.68 107.32 107.97 108.63 109.29 109.95 110.63 111.31 111.99 112.69 113.39 114.10 114.81 115.54 116.27 117.01 117.76 118.51
