data_output/RCH/Precip_2001_02.asc
ncols        168
nrows        136
xllcorner    455000
yllcorner    2107000
cellsize     500
NODATA_value     -99999
[rows 0 to 35 of 136, columns 0 to 82 of 168]
12.41 11.67 10.89 10.07 9.22 8.33 7.41 6.46 5.47 4.44 3.38 2.29 1.17 0.01 0.00 0.00 0.00 0.00 0.00 0.00 0.00 0.00 0.00 0.00 0.00 0.00 0.00 0.00 0.00 0.00 0.00 0.00 0.00 0.00 0.00 0.00 0.00 0.00 0.00 0.00 0.00 0.00 0.00 0.00 0.00 0.00 0.00 0.00 0.00 0.00 0.00 0.00 0.62 1.66 2.64 3.55 4.41 5.20 5.94 6.62 7.24 7.81 8.33 8.80 9.23 9.60 9.94 10.23 10.47 10.68 10.85 10.99 11.08 11.15 11.19 11.19 11.17 11.12 11.04 10.95 10.83 10.70 10.55
12.33 11.62 10.87 10.09 9.27 8.41 7.51 6.58 5.61 4.61 3.58 2.51 1.40 0.26 0.00 0.00 0.00 0.00 0.00 0.00 0.00 0.00 0.00 0.00 0.00 0.00 0.00 0.00 0.00 0.00 0.00 0.00 0.00 0.00 0.00 0.00 0.00 0.00 0.00 0.00 0.00 0.00 0.00 0.00 0.00 0.00 0.00 0.00 0.00 0.00 0.00 0.00 0.41 1.46 2.44 3.36 4.21 5.01 5.75 6.43 7.05 7.63 8.15 8.62 9.04 9.42 9.75 10.04 10.29 10.49 10.66 10.79 10.89 10.95 10.99 10.99 10.96 10.91 10.83 10.73 10.61 10.47 10.32
12.25 11.57 10.86 10.10 9.31 8.48 7.62 6.71 5.77 4.79 3.78 2.73 1.65 0.53 0.00 0.00 0.00 0.00 0.00 0.00 0.00 0.00 0.00 0.00 0.00 0.00 0.00 0.00 0.00 0.00 0.00 0.00 0.00 0.00 0.00 0.00 0.00 0.00 0.00 0.00 0.00 0.00 0.00 0.00 0.00 0.00 0.00 0.00 0.00 0.00 0.00 0.00 0.20 1.25 2.23 3.16 4.01 4.81 5.55 6.23 6.86 7.44 7.96 8.43 8.85 9.23 9.56 9.85 10.09 10.30 10.47 10.60 10.69 10.75 10.78 10.78 10.75 10.70 10.62 10.51 10.38 10.24 10.09
12.16 11.52 10.84 10.12 9.36 8.56 7.72 6.85 5.93 4.98 4.00 2.97 1.91 0.82 0.00 0.00 0.00 0.00 0.00 0.00 0.00 0.00 0.00 0.00 0.00 0.00 0.00 0.00 0.00 0.00 0.00 0.00 0.00 0.00 0.00 0.00 0.00 0.00 0.00 0.00 0.00 0.00 0.00 0.00 0.00 0.00 0.00 0.00 0.00 0.00 0.00 0.00 0.00 1.04 2.03 2.95 3.81 4.61 5.35 6.04 6.67 7.24 7.76 8.24 8.66 9.04 9.37 9.66 9.90 10.11 10.27 10.40 10.49 10.55 10.58 10.58 10.54 10.49 10.40 10.29 10.16 10.02 9.86
12.05 11.45 10.81 10.12 9.40 8.63 7.83 6.98 6.10 5.18 4.22 3.22 2.19 1.12 0.01 0.00 0.00 0.00 0.00 0.00 0.00 0.00 0.00 0.00 0.00 0.00 0.00 0.00 0.00 0.00 0.00 0.00 0.00 0.00 0.00 0.00 0.00 0.00 0.00 0.00 0.00 0.00 0.00 0.00 0.00 0.00 0.00 0.00 0.00 0.00 0.00 0.00 0.00 0.82 1.81 2.74 3.60 4.40 5.15 5.83 6.46 7.04 7.57 8.04 8.46 8.84 9.17 9.46 9.70 9.91 10.07 10.20 10.29 10.35 10.37 10.37 10.33 10.27 10.18 10.07 9.94 9.79 9.63
11.93 11.37 10.76 10.12 9.43 8.70 7.93 7.12 6.27 5.38 4.45 3.48 2.47 1.43 0.34 0.00 0.00 0.00 0.00 0.00 0.00 0.00 0.00 0.00 0.00 0.00 0.00 0.00 0.00 0.00 0.00 0.00 0.00 0.00 0.00 0.00 0.00 0.00 0.00 0.00 0.00 0.00 0.00 0.00 0.00 0.00 0.00 0.00 0.00 0.00 0.00 0.00 0.00 0.62 1.59 2.52 3.39 4.19 4.94 5.63 6.26 6.84 7.36 7.84 8.26 8.64 8.97 9.26 9.50 9.71 9.87 10.00 10.09 10.14 10.17 10.16 10.12 10.06 9.97 9.85 9.71 9.56 9.40
11.79 11.27 10.71 10.10 9.45 8.76 8.02 7.25 6.43 5.57 4.67 3.74 2.76 1.74 0.69 0.00 0.00 0.00 0.00 0.00 0.00 0.00 0.00 0.00 0.00 0.00 0.00 0.00 0.00 0.00 0.00 0.00 0.00 0.00 0.00 0.00 0.00 0.00 0.00 0.00 0.00 0.00 0.00 0.00 0.00 0.00 0.00 0.00 0.00 0.00 0.00 0.00 0.00 0.46 1.38 2.30 3.17 3.98 4.73 5.42 6.05 6.63 7.16 7.64 8.06 8.44 8.77 9.06 9.30 9.51 9.67 9.79 9.88 9.94 9.96 9.95 9.91 9.84 9.75 9.63 9.49 9.33 9.17
11.63 11.16 10.64 10.07 9.46 8.81 8.11 7.37 6.59 5.77 4.90 3.99 3.05 2.06 1.03 0.00 0.00 0.00 0.00 0.00 0.00 0.00 0.00 0.00 0.00 0.00 0.00 0.00 0.00 0.00 0.00 0.00 0.00 0.00 0.00 0.00 0.00 0.00 0.00 0.00 0.00 0.00 0.00 0.00 0.00 0.00 0.00 0.00 0.00 0.00 0.00 0.00 0.00 0.35 1.22 2.09 2.95 3.76 4.51 5.20 5.84 6.42 6.95 7.43 7.86 8.23 8.57 8.85 9.10 9.30 9.46 9.59 9.68 9.73 9.75 9.74 9.70 9.63 9.53 9.41 9.26 9.11 8.94
11.45 11.02 10.54 10.02 9.45 8.84 8.18 7.48 6.74 5.95 5.12 4.25 3.34 2.38 1.38 0.35 0.00 0.00 0.00 0.00 0.00 0.00 0.00 0.00 0.00 0.00 0.00 0.00 0.00 0.00 0.00 0.00 0.00 0.00 0.00 0.00 0.00 0.00 0.00 0.00 0.00 0.00 0.00 0.00 0.00 0.00 0.00 0.00 0.00 0.00 0.00 0.00 0.00 0.30 1.11 1.92 2.74 3.53 4.29 4.98 5.62 6.21 6.74 7.22 7.65 8.03 8.36 8.65 8.89 9.10 9.26 9.38 9.47 9.52 9.54 9.53 9.48 9.41 9.31 9.19 9.04 8.88 8.71
11.24 10.86 10.42 9.95 9.42 8.85 8.24 7.58 6.88 6.13 5.33 4.50 3.62 2.70 1.73 0.73 0.00 0.00 0.00 0.00 0.00 0.00 0.00 0.00 0.00 0.00 0.00 0.00 0.00 0.00 0.00 0.00 0.00 0.00 0.00 0.00 0.00 0.00 0.00 0.00 0.00 0.00 0.00 0.00 0.00 0.00 0.00 0.00 0.00 0.00 0.00 0.00 0.00 0.30 1.06 1.81 2.57 3.32 4.06 4.76 5.40 5.99 6.52 7.00 7.43 7.82 8.15 8.44 8.68 8.89 9.05 9.17 9.26 9.31 9.33 9.31 9.27 9.19 9.09 8.96 8.81 8.65 8.48
11.00 10.66 10.28 9.85 9.37 8.85 8.28 7.66 7.00 6.29 5.54 4.74 3.90 3.01 2.08 1.11 0.10 0.00 0.00 0.00 0.00 0.00 0.00 0.00 0.00 0.00 0.00 0.00 0.00 0.00 0.00 0.00 0.00 0.00 0.00 0.00 0.00 0.00 0.00 0.00 0.00 0.00 0.00 0.00 0.00 0.00 0.00 0.00 0.00 0.00 0.00 0.00 0.00 0.34 1.04 1.75 2.45 3.15 3.85 4.54 5.18 5.77 6.31 6.79 7.22 7.60 7.94 8.23 8.47 8.68 8.84 8.96 9.05 9.10 9.11 9.10 9.05 8.97 8.87 8.74 8.59 8.42 8.25
10.73 10.44 10.11 9.73 9.30 8.82 8.30 7.72 7.10 6.44 5.73 4.97 4.16 3.32 2.42 1.49 0.51 0.00 0.00 0.00 0.00 0.00 0.00 0.00 0.00 0.00 0.00 0.00 0.00 0.00 0.00 0.00 0.00 0.00 0.00 0.00 0.00 0.00 0.00 0.00 0.00 0.00 0.00 0.00 0.00 0.00 0.00 0.00 0.00 0.00 0.00 0.00 0.00 0.43 1.08 1.73 2.38 3.03 3.68 4.32 4.96 5.55 6.08 6.57 7.00 7.39 7.72 8.01 8.26 8.46 8.63 8.75 8.84 8.89 8.90 8.88 8.83 8.76 8.65 8.52 8.36 8.20 8.02
10.45 10.19 9.90 9.57 9.19 8.77 8.29 7.76 7.19 6.57 5.90 5.18 4.42 3.61 2.76 1.86 0.91 0.00 0.00 0.00 0.00 0.00 0.00 0.00 0.00 0.00 0.00 0.00 0.00 0.00 0.00 0.00 0.00 0.00 0.00 0.00 0.00 0.00 0.00 0.00 0.00 0.00 0.00 0.00 0.00 0.00 0.00 0.00 0.00 0.00 0.00 0.00 0.00 0.54 1.14 1.75 2.35 2.95 3.55 4.15 4.74 5.32 5.86 6.35 6.78 7.17 7.51 7.80 8.05 8.25 8.41 8.54 8.62 8.67 8.69 8.67 8.62 8.54 8.43 8.30 8.14 7.97 7.79
10.19 9.93 9.67 9.39 9.06 8.68 8.25 7.78 7.25 6.67 6.05 5.38 4.66 3.89 3.08 2.22 1.31 0.36 0.00 0.00 0.00 0.00 0.00 0.00 0.00 0.00 0.00 0.00 0.00 0.00 0.00 0.00 0.00 0.00 0.00 0.00 0.00 0.00 0.00 0.00 0.00 0.00 0.00 0.00 0.00 0.00 0.00 0.00 0.00 0.00 0.00 0.00 0.14 0.69 1.25 1.80 2.36 2.91 3.46 4.01 4.56 5.10 5.63 6.12 6.56 6.95 7.29 7.58 7.83 8.04 8.20 8.32 8.41 8.46 8.47 8.45 8.40 8.32 8.21 8.08 7.92 7.74 7.56
9.93 9.68 9.43 9.17 8.89 8.56 8.19 7.76 7.28 6.75 6.18 5.55 4.88 4.15 3.38 2.56 1.70 0.78 0.00 0.00 0.00 0.00 0.00 0.00 0.00 0.00 0.00 0.00 0.00 0.00 0.00 0.00 0.00 0.00 0.00 0.00 0.00 0.00 0.00 0.00 0.00 0.00 0.00 0.00 0.00 0.00 0.00 0.00 0.00 0.00 0.00 0.00 0.36 0.87 1.38 1.89 2.40 2.91 3.42 3.92 4.42 4.92 5.42 5.90 6.34 6.73 7.07 7.36 7.61 7.82 7.98 8.11 8.19 8.24 8.26 8.24 8.18 8.10 7.99 7.85 7.69 7.52 7.34
9.68 9.44 9.19 8.94 8.69 8.41 8.09 7.71 7.29 6.81 6.28 5.70 5.07 4.40 3.67 2.89 2.07 1.20 0.28 0.00 0.00 0.00 0.00 0.00 0.00 0.00 0.00 0.00 0.00 0.00 0.00 0.00 0.00 0.00 0.00 0.00 0.00 0.00 0.00 0.00 0.00 0.00 0.00 0.00 0.00 0.00 0.00 0.00 0.00 0.00 0.00 0.14 0.60 1.07 1.54 2.01 2.47 2.94 3.41 3.87 4.33 4.78 5.23 5.68 6.11 6.50 6.85 7.14 7.39 7.60 7.77 7.89 7.98 8.03 8.04 8.02 7.97 7.88 7.77 7.63 7.47 7.30 7.11
9.45 9.21 8.97 8.72 8.48 8.23 7.95 7.63 7.26 6.83 6.35 5.83 5.25 4.61 3.93 3.20 2.42 1.59 0.71 0.00 0.00 0.00 0.00 0.00 0.00 0.00 0.00 0.00 0.00 0.00 0.00 0.00 0.00 0.00 0.00 0.00 0.00 0.00 0.00 0.00 0.00 0.00 0.00 0.00 0.00 0.00 0.00 0.00 0.00 0.00 0.01 0.43 0.86 1.29 1.71 2.14 2.57 3.00 3.42 3.85 4.26 4.68 5.09 5.50 5.89 6.28 6.62 6.92 7.17 7.38 7.55 7.68 7.76 7.81 7.82 7.80 7.75 7.67 7.55 7.41 7.25 7.07 6.89
9.22 8.99 8.75 8.52 8.27 8.03 7.78 7.51 7.19 6.82 6.40 5.92 5.39 4.81 4.18 3.49 2.76 1.97 1.14 0.25 0.00 0.00 0.00 0.00 0.00 0.00 0.00 0.00 0.00 0.00 0.00 0.00 0.00 0.00 0.00 0.00 0.00 0.00 0.00 0.00 0.00 0.00 0.00 0.00 0.00 0.00 0.00 0.00 0.00 0.00 0.35 0.74 1.13 1.52 1.91 2.30 2.69 3.08 3.47 3.85 4.23 4.61 4.98 5.35 5.71 6.06 6.40 6.70 6.95 7.16 7.33 7.46 7.54 7.59 7.61 7.59 7.53 7.45 7.34 7.19 7.03 6.85 6.66
9.00 8.78 8.55 8.32 8.08 7.84 7.60 7.36 7.09 6.77 6.40 5.98 5.50 4.97 4.39 3.75 3.07 2.33 1.54 0.70 0.00 0.00 0.00 0.00 0.00 0.00 0.00 0.00 0.00 0.00 0.00 0.00 0.00 0.00 0.00 0.00 0.00 0.00 0.00 0.00 0.00 0.00 0.00 0.00 0.00 0.00 0.00 0.00 0.00 0.35 0.70 1.05 1.41 1.76 2.12 2.47 2.83 3.18 3.53 3.88 4.23 4.57 4.90 5.23 5.56 5.87 6.18 6.48 6.73 6.94 7.11 7.24 7.33 7.38 7.39 7.37 7.32 7.23 7.12 6.98 6.81 6.63 6.44
8.80 8.58 8.35 8.13 7.90 7.66 7.43 7.19 6.95 6.69 6.37 6.01 5.58 5.11 4.57 3.99 3.35 2.66 1.92 1.13 0.28 0.00 0.00 0.00 0.00 0.00 0.00 0.00 0.00 0.00 0.00 0.00 0.00 0.00 0.00 0.00 0.00 0.00 0.00 0.00 0.00 0.00 0.00 0.00 0.00 0.00 0.00 0.10 0.41 0.73 1.04 1.36 1.69 2.01 2.33 2.66 2.98 3.30 3.62 3.93 4.24 4.55 4.85 5.15 5.44 5.72 5.99 6.26 6.51 6.72 6.89 7.02 7.11 7.16 7.18 7.16 7.10 7.02 6.90 6.76 6.59 6.41 6.22
8.60 8.38 8.17 7.95 7.72 7.50 7.27 7.04 6.80 6.56 6.30 5.99 5.62 5.20 4.73 4.19 3.61 2.97 2.28 1.53 0.73 0.00 0.00 0.00 0.00 0.00 0.00 0.00 0.00 0.00 0.00 0.00 0.00 0.00 0.00 0.00 0.00 0.00 0.00 0.00 0.00 0.00 0.00 0.00 0.00 0.00 0.25 0.53 0.81 1.10 1.38 1.68 1.97 2.26 2.55 2.85 3.14 3.43 3.71 4.00 4.28 4.55 4.82 5.09 5.34 5.59 5.84 6.07 6.29 6.50 6.67 6.80 6.89 6.95 6.96 6.94 6.89 6.80 6.69 6.54 6.37 6.19 6.01
8.41 8.20 7.99 7.77 7.56 7.34 7.11 6.89 6.66 6.43 6.19 5.94 5.63 5.26 4.84 4.36 3.83 3.25 2.60 1.91 1.16 0.41 0.00 0.00 0.00 0.00 0.00 0.00 0.00 0.00 0.00 0.00 0.00 0.00 0.00 0.00 0.00 0.00 0.00 0.00 0.00 0.00 0.00 0.00 0.20 0.44 0.69 0.94 1.20 1.45 1.72 1.98 2.24 2.51 2.77 3.04 3.30 3.56 3.82 4.08 4.33 4.57 4.81 5.05 5.27 5.49 5.71 5.91 6.10 6.29 6.45 6.59 6.68 6.73 6.75 6.73 6.67 6.59 6.47 6.33 6.16 5.98 5.79
8.23 8.03 7.82 7.61 7.40 7.18 6.97 6.75 6.52 6.30 6.07 5.84 5.59 5.28 4.92 4.50 4.02 3.49 2.90 2.26 1.56 0.86 0.25 0.00 0.00 0.00 0.00 0.00 0.00 0.00 0.00 0.00 0.00 0.00 0.00 0.00 0.00 0.00 0.00 0.00 0.00 0.06 0.25 0.46 0.67 0.89 1.11 1.33 1.56 1.80 2.03 2.27 2.51 2.75 2.99 3.23 3.47 3.70 3.93 4.16 4.38 4.60 4.82 5.02 5.22 5.42 5.60 5.78 5.94 6.10 6.24 6.37 6.46 6.52 6.53 6.51 6.46 6.38 6.26 6.12 5.95 5.76 5.58
8.06 7.86 7.66 7.46 7.25 7.04 6.83 6.62 6.40 6.18 5.96 5.73 5.51 5.25 4.95 4.59 4.17 3.69 3.16 2.57 1.93 1.28 0.72 0.25 0.00 0.00 0.00 0.00 0.00 0.00 0.00 0.00 0.00 0.00 0.00 0.00 0.00 0.00 0.08 0.23 0.39 0.56 0.73 0.92 1.10 1.30 1.50 1.70 1.91 2.12 2.33 2.55 2.77 2.98 3.20 3.41 3.62 3.84 4.04 4.25 4.45 4.64 4.83 5.01 5.19 5.35 5.51 5.66 5.80 5.93 6.05 6.16 6.24 6.30 6.32 6.30 6.25 6.16 6.05 5.90 5.73 5.55 5.36
7.90 7.71 7.51 7.31 7.11 6.91 6.70 6.49 6.28 6.07 5.85 5.63 5.41 5.19 4.94 4.64 4.28 3.86 3.39 2.85 2.26 1.67 1.16 0.74 0.42 0.18 0.02 0.00 0.00 0.00 0.00 0.00 0.03 0.10 0.17 0.26 0.36 0.47 0.60 0.73 0.87 1.02 1.17 1.33 1.50 1.68 1.86 2.04 2.23 2.42 2.61 2.81 3.00 3.20 3.39 3.59 3.78 3.97 4.15 4.33 4.51 4.68 4.85 5.01 5.16 5.30 5.44 5.57 5.68 5.79 5.88 5.97 6.04 6.09 6.11 6.09 6.04 5.95 5.84 5.69 5.52 5.34 5.15
7.75 7.56 7.37 7.18 6.98 6.78 6.58 6.38 6.17 5.96 5.75 5.54 5.32 5.11 4.89 4.64 4.34 3.99 3.57 3.09 2.56 2.02 1.56 1.20 0.92 0.73 0.62 0.57 0.54 0.53 0.54 0.56 0.59 0.64 0.70 0.77 0.86 0.95 1.06 1.17 1.30 1.43 1.57 1.71 1.86 2.02 2.18 2.35 2.52 2.69 2.87 3.04 3.22 3.39 3.57 3.74 3.92 4.09 4.25 4.41 4.57 4.72 4.87 5.01 5.14 5.26 5.38 5.48 5.58 5.66 5.74 5.80 5.84 5.88 5.89 5.88 5.83 5.75 5.63 5.49 5.32 5.14 4.95
7.60 7.42 7.23 7.05 6.86 6.66 6.47 6.27 6.07 5.87 5.66 5.45 5.25 5.03 4.82 4.60 4.36 4.07 3.71 3.29 2.82 2.34 1.94 1.62 1.40 1.26 1.17 1.12 1.08 1.06 1.05 1.06 1.08 1.11 1.16 1.22 1.29 1.37 1.46 1.56 1.67 1.79 1.91 2.04 2.18 2.32 2.47 2.62 2.77 2.93 3.09 3.25 3.41 3.57 3.73 3.88 4.04 4.19 4.34 4.48 4.62 4.76 4.89 5.01 5.12 5.23 5.32 5.41 5.49 5.55 5.60 5.65 5.67 5.69 5.69 5.67 5.62 5.54 5.42 5.28 5.11 4.93 4.74
7.46 7.29 7.11 6.93 6.74 6.55 6.36 6.17 5.98 5.78 5.58 5.38 5.17 4.97 4.76 4.55 4.34 4.10 3.80 3.45 3.04 2.61 2.27 2.01 1.84 1.73 1.65 1.58 1.53 1.50 1.48 1.48 1.49 1.51 1.55 1.59 1.65 1.72 1.80 1.89 1.99 2.09 2.20 2.32 2.45 2.58 2.71 2.85 2.99 3.13 3.27 3.42 3.57 3.71 3.86 4.00 4.14 4.28 4.41 4.54 4.67 4.79 4.90 5.00 5.10 5.19 5.27 5.34 5.40 5.45 5.48 5.51 5.52 5.52 5.50 5.47 5.42 5.33 5.22 5.08 4.91 4.73 4.54
7.34 7.17 6.99 6.81 6.64 6.45 6.27 6.08 5.89 5.70 5.50 5.31 5.11 4.91 4.70 4.50 4.29 4.08 3.85 3.56 3.21 2.85 2.56 2.36 2.22 2.11 2.02 1.95 1.89 1.85 1.82 1.81 1.81 1.83 1.86 1.90 1.95 2.01 2.08 2.15 2.24 2.34 2.44 2.55 2.66 2.78 2.90 3.03 3.16 3.29 3.42 3.56 3.69 3.83 3.96 4.09 4.22 4.34 4.46 4.58 4.69 4.80 4.90 4.99 5.07 5.15 5.21 5.27 5.32 5.35 5.37 5.38 5.38 5.36 5.33 5.28 5.21 5.13 5.02 4.88 4.71 4.53 4.34
7.22 7.05 6.88 6.71 6.54 6.36 6.18 6.00 5.81 5.63 5.44 5.24 5.05 4.86 4.66 4.46 4.26 4.05 3.85 3.62 3.33 3.03 2.80 2.64 2.51 2.40 2.30 2.22 2.16 2.11 2.08 2.06 2.06 2.07 2.09 2.12 2.16 2.22 2.28 2.35 2.43 2.52 2.61 2.71 2.82 2.93 3.04 3.16 3.28 3.40 3.53 3.65 3.78 3.90 4.03 4.15 4.27 4.38 4.49 4.60 4.70 4.79 4.88 4.96 5.03 5.10 5.15 5.20 5.23 5.25 5.26 5.26 5.24 5.21 5.17 5.10 5.03 4.93 4.82 4.68 4.51 4.33 4.15
7.10 6.94 6.78 6.61 6.44 6.27 6.10 5.92 5.74 5.56 5.38 5.19 5.00 4.81 4.62 4.42 4.23 4.03 3.83 3.63 3.40 3.17 2.98 2.83 2.69 2.58 2.48 2.40 2.33 2.28 2.25 2.22 2.22 2.22 2.24 2.26 2.30 2.35 2.41 2.48 2.55 2.63 2.72 2.82 2.92 3.02 3.13 3.24 3.35 3.47 3.59 3.71 3.82 3.94 4.06 4.17 4.28 4.39 4.49 4.59 4.68 4.77 4.85 4.92 4.98 5.03 5.08 5.11 5.14 5.15 5.15 5.14 5.11 5.07 5.01 4.94 4.85 4.75 4.62 4.48 4.31 4.14 3.96
7.00 6.85 6.69 6.53 6.36 6.19 6.02 5.85 5.68 5.50 5.32 5.14 4.96 4.77 4.59 4.40 4.21 4.01 3.82 3.62 3.43 3.23 3.06 2.90 2.77 2.65 2.55 2.47 2.40 2.35 2.31 2.29 2.28 2.28 2.30 2.32 2.36 2.41 2.46 2.53 2.60 2.68 2.76 2.85 2.95 3.05 3.15 3.26 3.37 3.48 3.60 3.71 3.82 3.93 4.04 4.15 4.26 4.36 4.46 4.55 4.63 4.71 4.79 4.85 4.91 4.96 4.99 5.02 5.04 5.04 5.03 5.01 4.98 4.93 4.86 4.78 4.69 4.57 4.44 4.29 4.12 3.95 3.80
6.93 6.77 6.62 6.46 6.30 6.14 5.97 5.80 5.63 5.46 5.28 5.10 4.93 4.74 4.56 4.37 4.19 4.00 3.81 3.62 3.42 3.24 3.07 2.92 2.78 2.67 2.57 2.48 2.42 2.37 2.33 2.31 2.30 2.30 2.31 2.34 2.37 2.42 2.47 2.53 2.60 2.68 2.76 2.85 2.95 3.05 3.15 3.25 3.36 3.47 3.58 3.69 3.80 3.91 4.01 4.12 4.22 4.31 4.41 4.49 4.57 4.65 4.72 4.78 4.83 4.87 4.90 4.92 4.93 4.93 4.92 4.89 4.85 4.79 4.72 4.63 4.53 4.41 4.27 4.11 3.93 3.77 3.63
6.90 6.74 6.59 6.43 6.27 6.11 5.94 5.78 5.61 5.43 5.26 5.08 4.90 4.72 4.54 4.35 4.17 3.98 3.79 3.60 3.42 3.24 3.08 2.93 2.79 2.68 2.58 2.50 2.43 2.38 2.34 2.32 2.31 2.31 2.33 2.35 2.39 2.43 2.48 2.54 2.61 2.69 2.77 2.86 2.95 3.05 3.15 3.25 3.35 3.46 3.57 3.67 3.78 3.88 3.99 4.09 4.18 4.28 4.36 4.45 4.52 4.59 4.66 4.71 4.76 4.79 4.82 4.84 4.84 4.83 4.81 4.78 4.73 4.67 4.59 4.49 4.38 4.25 4.10 3.94 3.75 3.58 3.44
6.91 6.75 6.60 6.44 6.27 6.11 5.94 5.77 5.60 5.42 5.25 5.07 4.89 4.70 4.52 4.33 4.14 3.95 3.76 3.58 3.41 3.24 3.08 2.94 2.81 2.69 2.60 2.52 2.45 2.40 2.36 2.34 2.33 2.33 2.35 2.37 2.40 2.45 2.50 2.56 2.63 2.70 2.78 2.87 2.96 3.05 3.15 3.25 3.35 3.46 3.56 3.66 3.77 3.87 3.97 4.06 4.16 4.25 4.33 4.41 4.48 4.55 4.60 4.65 4.70 4.73 4.75 4.76 4.76 4.74 4.72 4.68 4.62 4.55 4.47 4.37 4.25 4.11 3.95 3.77 3.58 3.40 3.25
6.96 6.80 6.63 6.47 6.30 6.13 5.96 5.78 5.60 5.42 5.24 5.06 4.87 4.68 4.49 4.30 4.11 3.91 3.73 3.56 3.39 3.23 3.08 2.95 2.82 2.71 2.61 2.53 2.47 2.42 2.38 2.36 2.35 2.35 2.37 2.39 2.43 2.47 2.52 2.58 2.65 2.72 2.80 2.88 2.97 3.06 3.16 3.26 3.36 3.46 3.56 3.66 3.76 3.86 3.96 4.05 4.14 4.22 4.30 4.38 4.45 4.51 4.56 4.61 4.64 4.67 4.69 4.69 4.68 4.66 4.63 4.59 4.53 4.45 4.36 4.25 4.12 3.98 3.81 3.62 3.41 3.22 3.07
