data_output/RCH/Precip_2002_07.asc
ncols        168
nrows        136
xllcorner    455000
yllcorner    2107000
cellsize     500
NODATA_value     -99999
[rows 66 to 98 of 136, columns 0 to 72 of 168]
273.93 274.50 275.18 275.95 276.80 277.70 278.64 279.61 280.60 281.58 282.55 283.48 284.37 285.19 285.93 286.58 287.13 287.54 287.83 287.95 287.92 287.74 287.40 286.92 286.30 285.54 284.65 283.64 282.49 281.23 279.85 278.36 276.77 275.07 273.27 271.38 269.40 267.33 265.18 262.95 260.65 258.28 255.84 253.35 250.80 248.19 245.54 242.81 239.98 237.05 234.03 230.90 227.64 224.25 220.73 217.09 213.33 209.47 205.50 201.44 197.28 193.03 188.70 184.30 179.83 175.29 170.69 166.04 161.35 156.61 151.83 147.03 142.19
273.43 273.95 274.59 275.32 276.12 276.99 277.90 278.85 279.82 280.79 281.74 282.67 283.55 284.37 285.12 285.79 286.34 286.78 287.09 287.25 287.24 287.09 286.78 286.33 285.74 285.00 284.14 283.14 282.02 280.78 279.43 277.96 276.38 274.70 272.92 271.04 269.07 267.02 264.88 262.67 260.38 258.02 255.59 253.10 250.56 247.96 245.28 242.49 239.61 236.62 233.55 230.40 227.14 223.76 220.25 216.62 212.88 209.03 205.07 201.02 196.87 192.64 188.32 183.94 179.48 174.95 170.37 165.74 161.06 156.34 151.58 146.79 141.97
272.96 273.44 274.03 274.71 275.48 276.31 277.20 278.12 279.07 280.02 280.96 281.88 282.76 283.58 284.34 285.01 285.58 286.04 286.37 286.55 286.58 286.45 286.17 285.75 285.18 284.47 283.63 282.66 281.56 280.34 279.00 277.55 275.99 274.33 272.56 270.70 268.75 266.71 264.58 262.38 260.10 257.75 255.33 252.85 250.31 247.68 244.94 242.10 239.16 236.13 233.01 229.81 226.53 223.16 219.67 216.05 212.33 208.49 204.55 200.52 196.39 192.18 187.88 183.52 179.08 174.58 170.02 165.40 160.74 156.04 151.31 146.54 141.75
272.54 272.97 273.51 274.15 274.87 275.67 276.53 277.42 278.35 279.28 280.21 281.12 281.99 282.82 283.58 284.26 284.84 285.32 285.67 285.88 285.94 285.84 285.58 285.18 284.64 283.95 283.13 282.18 281.11 279.90 278.59 277.15 275.61 273.96 272.21 270.36 268.42 266.39 264.28 262.08 259.81 257.47 255.06 252.58 250.01 247.33 244.54 241.65 238.66 235.57 232.41 229.16 225.84 222.45 218.98 215.39 211.68 207.87 203.96 199.95 195.84 191.65 187.39 183.04 178.63 174.16 169.62 165.04 160.41 155.73 151.03 146.29 141.53
272.17 272.54 273.03 273.62 274.31 275.07 275.89 276.76 277.66 278.57 279.49 280.39 281.26 282.08 282.85 283.53 284.13 284.62 284.99 285.23 285.31 285.24 285.01 284.63 284.11 283.45 282.65 281.72 280.66 279.48 278.18 276.76 275.23 273.60 271.86 270.03 268.10 266.08 263.97 261.78 259.52 257.18 254.78 252.27 249.65 246.92 244.08 241.13 238.09 234.96 231.75 228.46 225.10 221.68 218.19 214.62 210.95 207.16 203.28 199.30 195.23 191.07 186.83 182.52 178.14 173.70 169.20 164.64 160.05 155.41 150.73 146.03 141.31
271.84 272.15 272.59 273.14 273.78 274.51 275.30 276.14 277.01 277.91 278.80 279.69 280.55 281.38 282.14 282.84 283.45 283.95 284.34 284.60 284.71 284.66 284.46 284.10 283.60 282.96 282.18 281.27 280.23 279.07 277.78 276.38 274.86 273.24 271.52 269.69 267.77 265.76 263.67 261.49 259.23 256.90 254.46 251.91 249.23 246.45 243.56 240.57 237.48 234.31 231.05 227.72 224.32 220.86 217.34 213.77 210.12 206.37 202.52 198.58 194.54 190.42 186.22 181.95 177.60 173.20 168.74 164.22 159.67 155.07 150.43 145.77 141.09
271.56 271.81 272.20 272.70 273.30 273.99 274.74 275.55 276.40 277.27 278.16 279.03 279.89 280.70 281.47 282.17 282.79 283.31 283.72 284.00 284.13 284.11 283.93 283.59 283.12 282.49 281.73 280.84 279.82 278.67 277.40 276.01 274.51 272.90 271.18 269.37 267.46 265.46 263.37 261.20 258.94 256.58 254.10 251.49 248.76 245.93 242.99 239.95 236.82 233.61 230.31 226.94 223.51 220.01 216.46 212.86 209.21 205.50 201.69 197.79 193.79 189.71 185.55 181.32 177.03 172.66 168.25 163.78 159.27 154.71 150.13 145.51 140.87
271.33 271.53 271.86 272.31 272.87 273.51 274.23 275.01 275.83 276.68 277.55 278.41 279.26 280.07 280.83 281.54 282.17 282.70 283.13 283.43 283.58 283.58 283.42 283.11 282.65 282.05 281.31 280.43 279.42 278.29 277.03 275.65 274.16 272.57 270.86 269.06 267.15 265.16 263.07 260.90 258.62 256.21 253.68 251.02 248.25 245.36 242.38 239.30 236.13 232.88 229.54 226.14 222.67 219.14 215.56 211.93 208.26 204.55 200.78 196.92 192.98 188.95 184.84 180.66 176.41 172.10 167.73 163.31 158.85 154.35 149.81 145.25 140.66
271.12 271.29 271.57 271.97 272.48 273.09 273.77 274.52 275.31 276.14 276.98 277.83 278.66 279.47 280.23 280.94 281.58 282.12 282.56 282.89 283.06 283.08 282.94 282.65 282.21 281.62 280.90 280.04 279.04 277.92 276.68 275.31 273.84 272.25 270.55 268.75 266.86 264.87 262.79 260.59 258.26 255.80 253.21 250.51 247.69 244.76 241.74 238.62 235.41 232.12 228.75 225.31 221.81 218.25 214.64 210.99 207.29 203.56 199.80 195.99 192.10 188.13 184.07 179.94 175.75 171.49 167.18 162.82 158.42 153.97 149.50 144.99 140.46
270.73 271.08 271.33 271.68 272.15 272.71 273.35 274.07 274.83 275.63 276.46 277.29 278.11 278.91 279.67 280.38 281.02 281.58 282.04 282.38 282.58 282.62 282.49 282.22 281.80 281.23 280.52 279.67 278.69 277.58 276.35 274.99 273.53 271.94 270.26 268.47 266.58 264.59 262.48 260.24 257.86 255.35 252.71 249.96 247.10 244.13 241.07 237.91 234.66 231.34 227.94 224.47 220.94 217.35 213.72 210.04 206.32 202.57 198.80 195.00 191.16 187.25 183.25 179.19 175.05 170.86 166.61 162.31 157.97 153.59 149.18 144.73 140.27
269.99 270.69 271.12 271.45 271.86 272.38 272.99 273.67 274.40 275.18 275.98 276.79 277.61 278.40 279.15 279.86 280.51 281.07 281.54 281.91 282.12 282.18 282.08 281.82 281.41 280.86 280.16 279.33 278.36 277.26 276.04 274.70 273.24 271.66 269.98 268.19 266.31 264.29 262.14 259.84 257.41 254.86 252.18 249.39 246.48 243.48 240.37 237.18 233.90 230.54 227.12 223.62 220.06 216.45 212.79 209.09 205.36 201.59 197.80 194.00 190.18 186.32 182.39 178.39 174.32 170.20 166.02 161.79 157.51 153.20 148.86 144.48 140.09
268.88 269.95 270.74 271.24 271.64 272.11 272.68 273.32 274.02 274.77 275.55 276.35 277.14 277.93 278.68 279.39 280.04 280.61 281.09 281.47 281.71 281.78 281.70 281.46 281.06 280.52 279.84 279.02 278.06 276.97 275.76 274.42 272.97 271.40 269.72 267.94 266.03 263.97 261.76 259.42 256.95 254.35 251.62 248.79 245.85 242.81 239.67 236.44 233.13 229.75 226.29 222.77 219.19 215.55 211.88 208.16 204.40 200.62 196.82 193.00 189.18 185.34 181.48 177.55 173.56 169.51 165.40 161.24 157.04 152.80 148.54 144.24 139.92
267.44 268.87 270.02 270.87 271.44 271.90 272.42 273.03 273.70 274.42 275.17 275.95 276.73 277.50 278.25 278.96 279.61 280.19 280.68 281.08 281.33 281.42 281.35 281.12 280.75 280.22 279.55 278.73 277.79 276.71 275.50 274.17 272.73 271.16 269.49 267.68 265.72 263.61 261.36 258.97 256.45 253.81 251.05 248.18 245.20 242.13 238.96 235.70 232.36 228.95 225.47 221.92 218.32 214.67 210.97 207.23 203.47 199.68 195.86 192.04 188.20 184.37 180.53 176.68 172.76 168.79 164.76 160.68 156.56 152.41 148.22 144.00 139.77
265.69 267.45 268.95 270.17 271.09 271.71 272.22 272.79 273.43 274.12 274.85 275.60 276.37 277.13 277.87 278.57 279.22 279.81 280.32 280.72 280.99 281.10 281.04 280.83 280.46 279.95 279.29 278.49 277.55 276.48 275.28 273.95 272.51 270.95 269.25 267.39 265.39 263.23 260.94 258.51 255.95 253.27 250.47 247.56 244.55 241.44 238.24 234.96 231.59 228.16 224.65 221.09 217.47 213.80 210.08 206.34 202.56 198.75 194.93 191.10 187.26 183.43 179.59 175.77 171.93 168.04 164.10 160.11 156.08 152.01 147.90 143.78 139.63
263.65 265.74 267.57 269.13 270.40 271.38 272.06 272.61 273.21 273.87 274.58 275.31 276.06 276.81 277.54 278.24 278.89 279.48 279.99 280.42 280.70 280.82 280.78 280.58 280.22 279.72 279.07 278.27 277.34 276.28 275.08 273.76 272.32 270.74 268.99 267.09 265.04 262.84 260.50 258.03 255.43 252.72 249.89 246.95 243.90 240.77 237.54 234.23 230.84 227.38 223.86 220.27 216.63 212.95 209.23 205.47 201.68 197.87 194.04 190.21 186.37 182.53 178.70 174.88 171.08 167.28 163.43 159.53 155.58 151.61 147.60 143.56 139.51
261.36 263.75 265.89 267.78 269.40 270.72 271.74 272.47 273.06 273.69 274.37 275.08 275.81 276.54 277.26 277.95 278.61 279.20 279.72 280.15 280.45 280.59 280.56 280.37 280.02 279.53 278.88 278.10 277.17 276.11 274.92 273.60 272.14 270.51 268.72 266.77 264.67 262.43 260.06 257.55 254.92 252.17 249.30 246.33 243.26 240.10 236.85 233.51 230.10 226.62 223.08 219.48 215.83 212.13 208.40 204.63 200.84 197.02 193.19 189.36 185.52 181.68 177.85 174.05 170.26 166.50 162.73 158.93 155.09 151.21 147.30 143.36 139.41
258.83 261.51 263.95 266.15 268.09 269.75 271.12 272.18 272.94 273.57 274.21 274.90 275.61 276.33 277.04 277.73 278.37 278.97 279.50 279.94 280.26 280.40 280.38 280.20 279.87 279.38 278.74 277.96 277.04 275.99 274.80 273.46 271.95 270.27 268.43 266.44 264.31 262.03 259.62 257.07 254.41 251.63 248.73 245.73 242.64 239.45 236.18 232.82 229.39 225.90 222.34 218.73 215.06 211.36 207.62 203.84 200.04 196.23 192.40 188.56 184.72 180.89 177.07 173.27 169.50 165.75 162.04 158.33 154.59 150.81 147.01 143.17 139.33
256.10 259.05 261.77 264.27 266.51 268.49 270.19 271.59 272.69 273.48 274.12 274.79 275.48 276.18 276.87 277.55 278.20 278.80 279.33 279.78 280.11 280.27 280.26 280.08 279.76 279.27 278.64 277.87 276.95 275.90 274.69 273.30 271.74 270.03 268.15 266.12 263.94 261.63 259.18 256.61 253.91 251.10 248.18 245.16 242.04 238.83 235.53 232.16 228.72 225.20 221.63 218.01 214.34 210.63 206.88 203.10 199.30 195.48 191.65 187.82 183.99 180.17 176.36 172.57 168.80 165.07 161.38 157.73 154.09 150.42 146.72 143.00 139.27
253.18 256.39 259.38 262.15 264.68 266.96 268.98 270.71 272.14 273.26 274.08 274.74 275.40 276.08 276.77 277.44 278.08 278.68 279.22 279.68 280.01 280.18 280.18 280.02 279.69 279.22 278.59 277.82 276.90 275.83 274.57 273.14 271.54 269.78 267.87 265.80 263.59 261.24 258.76 256.16 253.43 250.59 247.65 244.60 241.46 238.23 234.92 231.53 228.08 224.55 220.97 217.34 213.66 209.95 206.19 202.42 198.62 194.80 190.98 187.15 183.33 179.51 175.72 171.94 168.19 164.48 160.80 157.17 153.59 150.04 146.46 142.85 139.23
250.11 253.55 256.79 259.83 262.63 265.20 267.51 269.55 271.30 272.76 273.90 274.73 275.39 276.06 276.73 277.39 278.02 278.62 279.16 279.63 279.97 280.15 280.16 280.00 279.68 279.21 278.59 277.82 276.88 275.76 274.46 272.99 271.35 269.55 267.60 265.49 263.25 260.87 258.36 255.73 252.98 250.12 247.15 244.09 240.93 237.68 234.35 230.95 227.48 223.95 220.36 216.73 213.04 209.32 205.57 201.79 198.00 194.19 190.37 186.55 182.74 178.94 175.16 171.40 167.66 163.97 160.32 156.71 153.16 149.67 146.20 142.72 139.22
246.91 250.57 254.04 257.32 260.38 263.22 265.81 268.14 270.20 271.97 273.44 274.59 275.43 276.10 276.75 277.40 278.03 278.62 279.17 279.64 279.99 280.17 280.19 280.04 279.72 279.26 278.63 277.84 276.86 275.69 274.35 272.84 271.17 269.33 267.34 265.21 262.94 260.53 257.99 255.33 252.56 249.68 246.69 243.61 240.43 237.17 233.83 230.42 226.94 223.40 219.81 216.17 212.49 208.77 205.02 201.24 197.45 193.65 189.84 186.04 182.24 178.45 174.68 170.94 167.23 163.56 159.93 156.35 152.83 149.36 145.97 142.61 139.24
243.60 247.46 251.16 254.66 257.96 261.05 263.91 266.52 268.87 270.94 272.72 274.19 275.34 276.18 276.84 277.48 278.10 278.69 279.23 279.71 280.07 280.26 280.28 280.13 279.82 279.35 278.71 277.87 276.85 275.64 274.26 272.72 271.00 269.14 267.12 264.95 262.65 260.22 257.66 254.98 252.18 249.28 246.28 243.18 239.99 236.72 233.37 229.95 226.46 222.92 219.32 215.68 212.00 208.28 204.54 200.77 196.99 193.20 189.40 185.61 181.82 178.05 174.31 170.58 166.90 163.25 159.65 156.09 152.60 149.17 145.81 142.53 139.28
240.21 244.26 248.15 251.87 255.40 258.72 261.83 264.70 267.32 269.67 271.75 273.53 275.00 276.15 276.98 277.62 278.23 278.82 279.36 279.85 280.21 280.40 280.43 280.28 279.97 279.48 278.80 277.92 276.86 275.61 274.20 272.61 270.87 268.97 266.92 264.73 262.40 259.95 257.36 254.66 251.85 248.93 245.91 242.80 239.60 236.32 232.96 229.54 226.05 222.50 218.91 215.27 211.59 207.88 204.14 200.38 196.61 192.83 189.05 185.27 181.51 177.76 174.03 170.33 166.67 163.05 159.47 155.95 152.49 149.10 145.77 142.53 139.36
236.76 240.99 245.06 248.98 252.71 256.25 259.59 262.70 265.58 268.20 270.56 272.63 274.40 275.87 277.00 277.81 278.44 279.02 279.56 280.05 280.42 280.61 280.64 280.49 280.16 279.63 278.90 277.99 276.89 275.61 274.16 272.54 270.77 268.84 266.77 264.55 262.20 259.72 257.12 254.40 251.57 248.64 245.61 242.49 239.28 235.99 232.63 229.20 225.71 222.17 218.57 214.94 211.26 207.56 203.83 200.08 196.33 192.56 188.80 185.04 181.29 177.56 173.86 170.19 166.56 162.96 159.42 155.93 152.51 149.15 145.86 142.66 139.54
233.29 237.67 241.91 246.00 249.93 253.67 257.22 260.56 263.68 266.55 269.17 271.52 273.58 275.34 276.79 277.90 278.69 279.29 279.83 280.32 280.69 280.89 280.91 280.74 280.37 279.80 279.04 278.08 276.95 275.64 274.15 272.51 270.71 268.75 266.65 264.42 262.05 259.55 256.93 254.20 251.35 248.41 245.37 242.24 239.02 235.73 232.37 228.94 225.45 221.91 218.32 214.69 211.03 207.33 203.62 199.88 196.14 192.39 188.65 184.91 181.19 177.49 173.81 170.17 166.56 163.00 159.49 156.04 152.65 149.33 146.09 142.93 139.85
229.81 234.33 238.72 242.97 247.07 251.01 254.75 258.30 261.64 264.75 267.61 270.22 272.55 274.60 276.34 277.76 278.85 279.61 280.17 280.66 281.03 281.23 281.23 281.02 280.61 280.00 279.20 278.21 277.05 275.70 274.19 272.52 270.69 268.72 266.60 264.34 261.95 259.43 256.80 254.06 251.20 248.25 245.20 242.07 238.85 235.56 232.19 228.76 225.28 221.74 218.16 214.54 210.89 207.21 203.50 199.79 196.06 192.34 188.61 184.90 181.20 177.53 173.88 170.27 166.69 163.17 159.70 156.28 152.93 149.66 146.46 143.34 140.31
226.35 230.99 235.52 239.92 244.17 248.28 252.21 255.95 259.49 262.82 265.92 268.76 271.35 273.66 275.68 277.39 278.78 279.84 280.56 281.07 281.44 281.62 281.58 281.34 280.89 280.24 279.41 278.39 277.19 275.82 274.28 272.59 270.74 268.74 266.60 264.32 261.92 259.39 256.74 253.99 251.13 248.17 245.12 241.98 238.76 235.46 232.10 228.68 225.20 221.67 218.10 214.49 210.85 207.19 203.50 199.80 196.10 192.40 188.70 185.01 181.34 177.69 174.08 170.50 166.96 163.47 160.04 156.67 153.36 150.13 146.97 143.90 140.93
222.94 227.68 232.32 236.85 241.25 245.51 249.61 253.53 257.26 260.79 264.10 267.17 270.00 272.56 274.84 276.82 278.50 279.85 280.86 281.54 281.92 282.06 281.99 281.71 281.22 280.55 279.68 278.63 277.40 276.01 274.45 272.73 270.86 268.84 266.68 264.39 261.97 259.43 256.78 254.01 251.15 248.18 245.13 241.99 238.77 235.48 232.12 228.71 225.24 221.72 218.16 214.56 210.94 207.29 203.62 199.95 196.27 192.59 188.91 185.25 181.61 178.00 174.42 170.88 167.38 163.93 160.53 157.20 153.94 150.75 147.65 144.63 141.70
219.55 224.39 229.14 233.78 238.31 242.71 246.96 251.05 254.96 258.67 262.18 265.47 268.52 271.32 273.85 276.09 278.04 279.68 281.01 282.10 282.76 282.89 282.77 282.45 281.93 281.21 280.31 279.23 277.97 276.54 274.96 273.21 271.31 269.28 267.10 264.79 262.35 259.80 257.13 254.35 251.48 248.50 245.44 242.30 239.08 235.79 232.43 229.02 225.55 222.04 218.49 214.90 211.29 207.66 204.01 200.35 196.69 193.03 189.38 185.74 182.13 178.54 174.99 171.48 168.01 164.60 161.24 157.95 154.73 151.59 148.53 145.55 142.68
216.18 221.10 225.94 230.70 235.35 239.87 244.27 248.51 252.59 256.48 260.19 263.68 266.94 269.97 272.74 275.24 277.45 279.38 281.12 282.76 283.95 284.36 284.23 283.86 283.29 282.53 281.58 280.45 279.16 277.69 276.06 274.28 272.35 270.28 268.08 265.74 263.28 260.70 258.01 255.21 252.31 249.32 246.25 243.09 239.86 236.56 233.19 229.77 226.30 222.79 219.24 215.65 212.04 208.41 204.77 201.12 197.46 193.82 190.18 186.56 182.97 179.40 175.87 172.38 168.94 165.55 162.22 158.96 155.77 152.66 149.63 146.70 143.86
212.81 217.81 222.74 227.59 232.35 237.00 241.53 245.92 250.16 254.23 258.11 261.80 265.27 268.51 271.51 274.25 276.74 279.06 281.33 283.51 285.25 286.19 286.32 285.93 285.30 284.49 283.48 282.31 280.96 279.44 277.77 275.95 273.97 271.86 269.61 267.24 264.74 262.13 259.41 256.58 253.65 250.64 247.54 244.36 241.10 237.78 234.40 230.97 227.48 223.95 220.39 216.80 213.18 209.55 205.90 202.25 198.60 194.95 191.32 187.71 184.12 180.56 177.04 173.56 170.14 166.77 163.46 160.22 157.05 153.96 150.96 148.06 145.25
209.47 214.53 219.54 224.48 229.34 234.11 238.76 243.29 247.68 251.90 255.96 259.83 263.50 266.96 270.18 273.17 276.03 278.85 281.64 284.35 286.62 288.09 288.75 288.61 287.96 287.07 286.01 284.77 283.36 281.79 280.06 278.18 276.16 273.99 271.70 269.28 266.73 264.08 261.31 258.45 255.48 252.43 249.30 246.08 242.80 239.45 236.04 232.58 229.07 225.52 221.94 218.33 214.70 211.05 207.39 203.73 200.06 196.41 192.77 189.16 185.57 182.01 178.49 175.02 171.60 168.24 164.94 161.71 158.55 155.48 152.50 149.61 146.82
206.15 211.26 216.34 221.37 226.32 231.19 235.96 240.62 245.14 249.53 253.75 257.80 261.66 265.31 268.76 272.10 275.44 278.76 282.05 285.26 288.05 290.04 291.23 291.60 291.20 290.28 289.14 287.83 286.36 284.72 282.92 280.98 278.89 276.67 274.31 271.84 269.24 266.53 263.71 260.80 257.79 254.69 251.51 248.26 244.93 241.54 238.10 234.60 231.06 227.48 223.87 220.23 216.57 212.90 209.22 205.53 201.86 198.19 194.53 190.90 187.30 183.74 180.21 176.73 173.31 169.94 166.64 163.41 160.26 157.20 154.22 151.34 148.56
