data_output/RCH/Precip_2008_11.asc
ncols        168
nrows        136
xllcorner    455000
yllcorner    2107000
cellsize     500
NODATA_value     -99999
[rows 76 to 113 of 136, columns 84 to 167 of 168]
4.58 4.44 4.29 4.14 3.98 3.82 3.66 3.49 3.32 3.16 2.99 2.82 2.66 2.50 2.34 2.18 2.02 1.87 1.72 1.58 1.44 1.30 1.17 1.05 0.94 0.83 0.73 0.63 0.54 0.46 0.38 0.32 0.25 0.20 0.15 0.11 0.07 0.04 0.02 0.01 0.00 0.00 0.00 0.00 0.00 0.00 0.00 0.00 0.00 0.00 0.00 0.00 0.00 0.00 0.00 0.00 0.00 0.00 0.00 0.00 0.00 0.00 0.00 0.00 0.00 0.00 0.00 0.00 0.00 0.00 0.00 0.00 0.00 0.00 0.00 0.00 0.00 0.00 0.00 0.00 0.00 0.00 0.00 0.00
4.76 4.61 4.46 4.30 4.14 3.97 3.80 3.63 3.46 3.28 3.11 2.94 2.77 2.60 2.44 2.27 2.11 1.95 1.80 1.65 1.51 1.36 1.23 1.10 0.98 0.87 0.76 0.66 0.57 0.48 0.40 0.33 0.26 0.21 0.16 0.11 0.08 0.05 0.02 0.01 0.00 0.00 0.00 0.00 0.00 0.00 0.00 0.00 0.00 0.00 0.00 0.00 0.00 0.00 0.00 0.00 0.00 0.00 0.00 0.00 0.00 0.00 0.00 0.00 0.00 0.00 0.00 0.00 0.00 0.00 0.00 0.00 0.00 0.00 0.00 0.00 0.00 0.00 0.00 0.00 0.00 0.00 0.00 0.00
4.94 4.78 4.62 4.45 4.28 4.11 3.94 3.76 3.58 3.41 3.23 3.05 2.88 2.71 2.53 2.37 2.20 2.04 1.88 1.72 1.57 1.43 1.29 1.15 1.03 0.91 0.80 0.69 0.59 0.50 0.42 0.35 0.28 0.22 0.16 0.12 0.08 0.05 0.02 0.01 0.00 0.00 0.00 0.00 0.00 0.00 0.00 0.00 0.00 0.00 0.00 0.00 0.00 0.00 0.00 0.00 0.00 0.00 0.00 0.00 0.00 0.00 0.00 0.00 0.00 0.00 0.00 0.00 0.00 0.00 0.00 0.00 0.00 0.00 0.00 0.00 0.00 0.00 0.00 0.00 0.00 0.00 0.00 0.00
5.10 4.94 4.77 4.60 4.43 4.25 4.07 3.89 3.70 3.52 3.34 3.16 2.98 2.80 2.63 2.45 2.28 2.12 1.95 1.79 1.64 1.49 1.34 1.21 1.07 0.95 0.83 0.72 0.62 0.53 0.44 0.36 0.29 0.23 0.17 0.12 0.08 0.05 0.03 0.01 0.00 0.00 0.00 0.00 0.00 0.00 0.00 0.00 0.00 0.00 0.00 0.00 0.00 0.00 0.00 0.00 0.00 0.00 0.00 0.00 0.00 0.00 0.00 0.00 0.00 0.00 0.00 0.00 0.00 0.00 0.00 0.00 0.00 0.00 0.00 0.00 0.00 0.00 0.00 0.00 0.00 0.00 0.00 0.00
5.26 5.09 4.92 4.74 4.56 4.38 4.19 4.00 3.82 3.63 3.45 3.26 3.08 2.90 2.72 2.54 2.37 2.19 2.03 1.86 1.70 1.55 1.40 1.26 1.12 0.99 0.87 0.75 0.65 0.55 0.46 0.38 0.30 0.23 0.18 0.13 0.09 0.05 0.03 0.01 0.00 0.00 0.00 0.00 0.00 0.00 0.00 0.00 0.00 0.00 0.00 0.00 0.00 0.00 0.00 0.00 0.00 0.00 0.00 0.00 0.00 0.00 0.00 0.00 0.00 0.00 0.00 0.00 0.00 0.00 0.00 0.00 0.00 0.00 0.00 0.00 0.00 0.00 0.00 0.00 0.00 0.00 0.00 0.00
5.41 5.23 5.05 4.87 4.68 4.50 4.31 4.12 3.93 3.74 3.55 3.36 3.17 2.99 2.80 2.62 2.44 2.27 2.10 1.93 1.76 1.61 1.45 1.30 1.16 1.03 0.90 0.78 0.67 0.57 0.48 0.39 0.31 0.24 0.18 0.13 0.09 0.05 0.03 0.01 0.00 0.00 0.00 0.00 0.00 0.00 0.00 0.00 0.00 0.00 0.00 0.00 0.00 0.00 0.00 0.00 0.00 0.00 0.00 0.00 0.00 0.00 0.00 0.00 0.00 0.00 0.00 0.00 0.00 0.00 0.00 0.00 0.00 0.00 0.00 0.00 0.00 0.00 0.00 0.00 0.00 0.00 0.00 0.00
5.55 5.36 5.18 4.99 4.80 4.61 4.42 4.23 4.03 3.84 3.65 3.45 3.26 3.07 2.88 2.70 2.52 2.34 2.16 1.99 1.82 1.66 1.50 1.35 1.21 1.07 0.94 0.81 0.70 0.59 0.49 0.41 0.32 0.25 0.19 0.14 0.09 0.06 0.03 0.01 0.00 0.00 0.00 0.00 0.00 0.00 0.00 0.00 0.00 0.00 0.00 0.00 0.00 0.00 0.00 0.00 0.00 0.00 0.00 0.00 0.00 0.00 0.00 0.00 0.00 0.00 0.00 0.00 0.00 0.00 0.00 0.00 0.00 0.00 0.00 0.00 0.00 0.00 0.00 0.00 0.00 0.00 0.00 0.00
5.67 5.49 5.30 5.11 4.91 4.72 4.52 4.33 4.13 3.93 3.73 3.54 3.34 3.15 2.96 2.77 2.59 2.40 2.22 2.05 1.88 1.71 1.55 1.40 1.25 1.11 0.97 0.84 0.72 0.61 0.51 0.42 0.34 0.26 0.20 0.14 0.10 0.06 0.03 0.01 0.00 0.00 0.00 0.00 0.00 0.00 0.00 0.00 0.00 0.00 0.00 0.00 0.00 0.00 0.00 0.00 0.00 0.00 0.00 0.00 0.00 0.00 0.00 0.00 0.00 0.00 0.00 0.00 0.00 0.00 0.00 0.00 0.00 0.00 0.00 0.00 0.00 0.00 0.00 0.00 0.00 0.00 0.00 0.00
5.79 5.60 5.41 5.21 5.02 4.82 4.62 4.42 4.22 4.02 3.82 3.62 3.42 3.23 3.03 2.84 2.65 2.46 2.28 2.10 1.93 1.76 1.60 1.44 1.29 1.14 1.00 0.87 0.75 0.64 0.53 0.44 0.35 0.27 0.20 0.15 0.10 0.06 0.03 0.01 0.00 0.00 0.00 0.00 0.00 0.00 0.00 0.00 0.00 0.00 0.00 0.00 0.00 0.00 0.00 0.00 0.00 0.00 0.00 0.00 0.00 0.00 0.00 0.00 0.00 0.00 0.00 0.00 0.00 0.00 0.00 0.00 0.00 0.00 0.00 0.00 0.00 0.00 0.00 0.00 0.00 0.00 0.00 0.00
5.89 5.70 5.51 5.31 5.11 4.91 4.71 4.50 4.30 4.10 3.90 3.69 3.49 3.29 3.10 2.90 2.71 2.52 2.34 2.16 1.98 1.81 1.64 1.48 1.33 1.18 1.04 0.90 0.78 0.66 0.55 0.45 0.36 0.28 0.21 0.15 0.10 0.06 0.03 0.01 0.00 0.00 0.00 0.00 0.00 0.00 0.00 0.00 0.00 0.00 0.00 0.00 0.00 0.00 0.00 0.00 0.00 0.00 0.00 0.00 0.00 0.00 0.00 0.00 0.00 0.00 0.00 0.00 0.00 0.00 0.00 0.00 0.00 0.00 0.00 0.00 0.00 0.00 0.00 0.00 0.00 0.00 0.00 0.00
5.99 5.79 5.60 5.40 5.20 4.99 4.79 4.58 4.38 4.17 3.97 3.76 3.56 3.36 3.16 2.96 2.76 2.57 2.39 2.20 2.02 1.85 1.68 1.52 1.36 1.21 1.07 0.93 0.80 0.68 0.57 0.47 0.37 0.29 0.22 0.16 0.11 0.06 0.03 0.01 0.00 0.00 0.00 0.00 0.00 0.00 0.00 0.00 0.00 0.00 0.00 0.00 0.00 0.00 0.00 0.00 0.00 0.00 0.00 0.00 0.00 0.00 0.00 0.00 0.00 0.00 0.00 0.00 0.00 0.00 0.00 0.00 0.00 0.00 0.00 0.00 0.00 0.00 0.00 0.00 0.00 0.00 0.00 0.00
6.07 5.88 5.68 5.48 5.27 5.07 4.86 4.65 4.45 4.24 4.03 3.82 3.62 3.41 3.21 3.01 2.81 2.62 2.43 2.25 2.06 1.89 1.72 1.55 1.39 1.24 1.09 0.95 0.82 0.70 0.59 0.48 0.38 0.30 0.23 0.16 0.11 0.07 0.03 0.01 0.00 0.00 0.00 0.00 0.00 0.00 0.00 0.00 0.00 0.00 0.00 0.00 0.00 0.00 0.00 0.00 0.00 0.00 0.00 0.00 0.00 0.00 0.00 0.00 0.00 0.00 0.00 0.00 0.00 0.00 0.00 0.00 0.00 0.00 0.00 0.00 0.00 0.00 0.00 0.00 0.00 0.00 0.00 0.00
6.15 5.95 5.75 5.55 5.34 5.13 4.92 4.72 4.51 4.30 4.09 3.88 3.67 3.46 3.26 3.06 2.86 2.66 2.47 2.28 2.10 1.92 1.75 1.58 1.42 1.27 1.12 0.98 0.84 0.72 0.60 0.49 0.40 0.31 0.23 0.17 0.11 0.07 0.04 0.01 0.00 0.00 0.00 0.00 0.00 0.00 0.00 0.00 0.00 0.00 0.00 0.00 0.00 0.00 0.00 0.00 0.00 0.00 0.00 0.00 0.00 0.00 0.00 0.00 0.00 0.00 0.00 0.00 0.00 0.00 0.00 0.00 0.00 0.00 0.00 0.00 0.00 0.00 0.00 0.00 0.00 0.00 0.00 0.00
6.22 6.02 5.81 5.61 5.40 5.19 4.98 4.77 4.56 4.35 4.13 3.92 3.71 3.51 3.30 3.10 2.90 2.70 2.51 2.32 2.13 1.95 1.78 1.61 1.45 1.29 1.14 1.00 0.86 0.74 0.62 0.51 0.41 0.32 0.24 0.17 0.12 0.07 0.04 0.01 0.00 0.00 0.00 0.00 0.00 0.00 0.00 0.00 0.00 0.00 0.00 0.00 0.00 0.00 0.00 0.00 0.00 0.00 0.00 0.00 0.00 0.00 0.00 0.00 0.00 0.00 0.00 0.00 0.00 0.00 0.00 0.00 0.00 0.00 0.00 0.00 0.00 0.00 0.00 0.00 0.00 0.00 0.00 0.00
6.27 6.07 5.86 5.66 5.45 5.24 5.03 4.81 4.60 4.39 4.18 3.96 3.75 3.54 3.34 3.13 2.93 2.73 2.54 2.35 2.16 1.98 1.80 1.63 1.47 1.31 1.16 1.01 0.88 0.75 0.63 0.52 0.42 0.33 0.25 0.18 0.12 0.07 0.04 0.01 0.00 0.00 0.00 0.00 0.00 0.00 0.00 0.00 0.00 0.00 0.00 0.00 0.00 0.00 0.00 0.00 0.00 0.00 0.00 0.00 0.00 0.00 0.00 0.00 0.00 0.00 0.00 0.00 0.00 0.00 0.00 0.00 0.00 0.00 0.00 0.00 0.00 0.00 0.00 0.00 0.00 0.00 0.00 0.00
6.31 6.11 5.91 5.70 5.49 5.28 5.06 4.85 4.64 4.42 4.21 4.00 3.78 3.57 3.37 3.16 2.96 2.76 2.56 2.37 2.18 2.00 1.82 1.65 1.48 1.33 1.17 1.03 0.89 0.76 0.64 0.53 0.43 0.34 0.25 0.18 0.12 0.07 0.04 0.01 0.00 0.00 0.00 0.00 0.00 0.00 0.00 0.00 0.00 0.00 0.00 0.00 0.00 0.00 0.00 0.00 0.00 0.00 0.00 0.00 0.00 0.00 0.00 0.00 0.00 0.00 0.00 0.00 0.00 0.00 0.00 0.00 0.00 0.00 0.00 0.00 0.00 0.00 0.00 0.00 0.00 0.00 0.00 0.00
6.35 6.14 5.94 5.73 5.52 5.31 5.09 4.88 4.66 4.45 4.23 4.02 3.81 3.60 3.39 3.18 2.98 2.78 2.58 2.39 2.20 2.01 1.84 1.66 1.50 1.34 1.19 1.04 0.90 0.77 0.65 0.54 0.44 0.34 0.26 0.19 0.13 0.08 0.04 0.01 0.00 0.00 0.00 0.00 0.00 0.00 0.00 0.00 0.00 0.00 0.00 0.00 0.00 0.00 0.00 0.00 0.00 0.00 0.00 0.00 0.00 0.00 0.00 0.00 0.00 0.00 0.00 0.00 0.00 0.00 0.00 0.00 0.00 0.00 0.00 0.00 0.00 0.00 0.00 0.00 0.00 0.00 0.00 0.00
6.37 6.16 5.96 5.75 5.54 5.32 5.11 4.89 4.68 4.46 4.25 4.03 3.82 3.61 3.40 3.19 2.99 2.79 2.59 2.40 2.21 2.03 1.85 1.67 1.51 1.35 1.19 1.05 0.91 0.78 0.66 0.54 0.44 0.35 0.26 0.19 0.13 0.08 0.04 0.02 0.00 0.00 0.00 0.00 0.00 0.00 0.00 0.00 0.00 0.00 0.00 0.00 0.00 0.00 0.00 0.00 0.00 0.00 0.00 0.00 0.00 0.00 0.00 0.00 0.00 0.00 0.00 0.00 0.00 0.00 0.00 0.00 0.00 0.00 0.00 0.00 0.00 0.00 0.00 0.00 0.00 0.00 0.00 0.00
6.38 6.17 5.97 5.76 5.55 5.33 5.12 4.90 4.69 4.47 4.26 4.04 3.83 3.62 3.41 3.20 3.00 2.79 2.60 2.40 2.21 2.03 1.85 1.68 1.51 1.35 1.20 1.05 0.91 0.78 0.66 0.55 0.44 0.35 0.27 0.19 0.13 0.08 0.04 0.02 0.00 0.00 0.00 0.00 0.00 0.00 0.00 0.00 0.00 0.00 0.00 0.00 0.00 0.00 0.00 0.00 0.00 0.00 0.00 0.00 0.00 0.00 0.00 0.00 0.00 0.00 0.00 0.00 0.00 0.00 0.00 0.00 0.00 0.00 0.00 0.00 0.00 0.00 0.00 0.00 0.00 0.00 0.00 0.00
6.38 6.17 5.96 5.75 5.54 5.33 5.12 4.90 4.68 4.47 4.25 4.04 3.83 3.61 3.41 3.20 2.99 2.79 2.60 2.40 2.21 2.03 1.85 1.68 1.51 1.35 1.20 1.05 0.91 0.78 0.66 0.55 0.44 0.35 0.27 0.19 0.13 0.08 0.04 0.02 0.00 0.00 0.00 0.00 0.00 0.00 0.00 0.00 0.00 0.00 0.00 0.00 0.00 0.00 0.00 0.00 0.00 0.00 0.00 0.00 0.00 0.00 0.00 0.00 0.00 0.00 0.00 0.00 0.00 0.00 0.00 0.00 0.00 0.00 0.00 0.00 0.00 0.00 0.00 0.00 0.00 0.00 0.00 0.00
6.36 6.16 5.95 5.74 5.53 5.32 5.10 4.89 4.67 4.46 4.24 4.03 3.82 3.60 3.40 3.19 2.99 2.78 2.59 2.39 2.21 2.02 1.84 1.67 1.51 1.35 1.19 1.05 0.91 0.78 0.66 0.54 0.44 0.35 0.27 0.19 0.13 0.08 0.04 0.02 0.00 0.00 0.00 0.00 0.00 0.00 0.00 0.00 0.00 0.00 0.00 0.00 0.00 0.00 0.00 0.00 0.00 0.00 0.00 0.00 0.00 0.00 0.00 0.00 0.01 0.01 0.01 0.01 0.01 0.01 0.01 0.01 0.01 0.01 0.01 0.01 0.01 0.01 0.01 0.01 0.01 0.01 0.01 0.00
6.33 6.13 5.92 5.72 5.51 5.29 5.08 4.87 4.65 4.44 4.22 4.01 3.80 3.59 3.38 3.17 2.97 2.77 2.57 2.38 2.19 2.01 1.83 1.66 1.49 1.33 1.18 1.04 0.90 0.77 0.65 0.54 0.44 0.34 0.26 0.19 0.13 0.08 0.04 0.01 0.00 0.00 0.00 0.00 0.00 0.00 0.00 0.00 0.00 0.00 0.00 0.00 0.00 0.00 0.00 0.00 0.00 0.00 0.00 0.01 0.01 0.01 0.01 0.01 0.01 0.01 0.01 0.01 0.01 0.01 0.01 0.01 0.01 0.01 0.01 0.01 0.01 0.01 0.01 0.01 0.01 0.01 0.01 0.01
6.29 6.09 5.88 5.68 5.47 5.26 5.04 4.83 4.62 4.40 4.19 3.98 3.77 3.56 3.35 3.14 2.94 2.74 2.55 2.36 2.17 1.99 1.81 1.64 1.47 1.32 1.16 1.02 0.88 0.75 0.63 0.52 0.42 0.33 0.25 0.18 0.12 0.07 0.03 0.01 0.00 0.00 0.01 0.01 0.01 0.01 0.01 0.01 0.01 0.01 0.01 0.01 0.01 0.01 0.01 0.01 0.01 0.01 0.01 0.01 0.01 0.01 0.01 0.01 0.01 0.01 0.01 0.01 0.01 0.01 0.01 0.01 0.02 0.02 0.02 0.02 0.02 0.02 0.02 0.02 0.02 0.02 0.02 0.02
6.24 6.04 5.83 5.63 5.42 5.21 5.00 4.78 4.57 4.36 4.15 3.93 3.72 3.51 3.31 3.10 2.90 2.70 2.51 2.32 2.13 1.95 1.78 1.61 1.44 1.29 1.13 0.99 0.86 0.73 0.61 0.50 0.40 0.31 0.23 0.16 0.10 0.05 0.02 0.00 0.00 0.01 0.02 0.02 0.02 0.02 0.02 0.02 0.02 0.02 0.02 0.02 0.02 0.02 0.02 0.02 0.02 0.02 0.02 0.02 0.02 0.02 0.02 0.02 0.02 0.02 0.02 0.02 0.02 0.03 0.03 0.03 0.03 0.03 0.03 0.03 0.03 0.03 0.03 0.03 0.03 0.03 0.03 0.02
6.17 5.97 5.77 5.56 5.35 5.14 4.93 4.72 4.51 4.30 4.09 3.88 3.67 3.46 3.26 3.05 2.85 2.65 2.46 2.27 2.09 1.91 1.73 1.56 1.40 1.24 1.09 0.95 0.82 0.69 0.57 0.47 0.37 0.28 0.20 0.13 0.07 0.02 0.00 0.00 0.00 0.01 0.04 0.05 0.05 0.05 0.05 0.05 0.05 0.04 0.04 0.04 0.04 0.04 0.04 0.04 0.04 0.04 0.04 0.04 0.04 0.04 0.04 0.04 0.04 0.04 0.04 0.04 0.04 0.04 0.04 0.04 0.04 0.04 0.04 0.04 0.04 0.04 0.04 0.04 0.04 0.04 0.04 0.04
6.09 5.89 5.69 5.49 5.28 5.07 4.86 4.65 4.44 4.23 4.02 3.81 3.60 3.40 3.19 2.99 2.79 2.59 2.40 2.21 2.03 1.85 1.68 1.51 1.35 1.19 1.04 0.90 0.77 0.65 0.53 0.42 0.32 0.23 0.16 0.09 0.03 0.00 0.00 0.00 0.00 0.02 0.05 0.07 0.08 0.08 0.08 0.08 0.08 0.08 0.08 0.07 0.07 0.07 0.07 0.07 0.07 0.07 0.07 0.07 0.07 0.07 0.07 0.07 0.06 0.06 0.06 0.06 0.06 0.06 0.06 0.06 0.06 0.06 0.06 0.06 0.06 0.05 0.05 0.05 0.05 0.05 0.05 0.05
6.00 5.80 5.60 5.40 5.19 4.99 4.78 4.57 4.36 4.15 3.94 3.73 3.53 3.32 3.12 2.92 2.72 2.52 2.33 2.15 1.96 1.79 1.61 1.45 1.29 1.13 0.99 0.85 0.71 0.59 0.47 0.37 0.27 0.18 0.11 0.04 0.00 0.00 0.00 0.00 0.00 0.02 0.06 0.09 0.11 0.12 0.12 0.12 0.12 0.12 0.11 0.11 0.11 0.11 0.11 0.11 0.10 0.10 0.10 0.10 0.10 0.10 0.10 0.09 0.09 0.09 0.09 0.09 0.09 0.09 0.08 0.08 0.08 0.08 0.08 0.08 0.08 0.07 0.07 0.07 0.07 0.07 0.07 0.06
5.90 5.70 5.50 5.30 5.09 4.89 4.68 4.47 4.27 4.06 3.85 3.64 3.44 3.23 3.03 2.83 2.64 2.44 2.25 2.07 1.89 1.71 1.54 1.37 1.22 1.06 0.92 0.78 0.65 0.53 0.41 0.31 0.21 0.13 0.05 0.00 0.00 0.00 0.00 0.00 0.00 0.03 0.08 0.12 0.14 0.16 0.17 0.17 0.17 0.16 0.16 0.16 0.16 0.15 0.15 0.15 0.15 0.14 0.14 0.14 0.14 0.13 0.13 0.13 0.13 0.12 0.12 0.12 0.12 0.11 0.11 0.11 0.11 0.10 0.10 0.10 0.10 0.09 0.09 0.09 0.09 0.08 0.08 0.08
5.78 5.59 5.39 5.19 4.99 4.78 4.58 4.37 4.16 3.96 3.75 3.55 3.34 3.14 2.94 2.74 2.55 2.35 2.17 1.98 1.80 1.63 1.46 1.29 1.14 0.98 0.84 0.70 0.57 0.45 0.34 0.24 0.14 0.06 0.00 0.00 0.00 0.00 0.00 0.00 0.00 0.03 0.09 0.14 0.17 0.20 0.22 0.22 0.22 0.22 0.21 0.21 0.21 0.20 0.20 0.20 0.19 0.19 0.18 0.18 0.18 0.17 0.17 0.17 0.16 0.16 0.16 0.15 0.15 0.15 0.14 0.14 0.13 0.13 0.13 0.12 0.12 0.12 0.11 0.11 0.11 0.10 0.10 0.10
5.66 5.46 5.27 5.07 4.87 4.67 4.46 4.26 4.05 3.85 3.64 3.44 3.24 3.04 2.84 2.64 2.45 2.26 2.07 1.89 1.71 1.54 1.37 1.20 1.05 0.90 0.76 0.62 0.49 0.37 0.26 0.16 0.07 0.00 0.00 0.00 0.00 0.00 0.00 0.00 0.00 0.04 0.10 0.16 0.20 0.24 0.26 0.28 0.28 0.28 0.28 0.27 0.26 0.26 0.25 0.25 0.24 0.24 0.23 0.23 0.22 0.22 0.21 0.21 0.20 0.20 0.19 0.19 0.19 0.18 0.18 0.17 0.17 0.16 0.16 0.15 0.15 0.14 0.14 0.13 0.13 0.12 0.12 0.11
5.52 5.33 5.14 4.94 4.74 4.54 4.34 4.13 3.93 3.73 3.53 3.32 3.12 2.92 2.73 2.53 2.34 2.15 1.96 1.78 1.61 1.44 1.27 1.11 0.95 0.81 0.66 0.53 0.40 0.29 0.18 0.08 0.00 0.00 0.00 0.00 0.00 0.00 0.00 0.00 0.00 0.04 0.11 0.18 0.23 0.27 0.31 0.33 0.34 0.35 0.34 0.34 0.33 0.32 0.32 0.31 0.30 0.30 0.29 0.28 0.28 0.27 0.26 0.26 0.25 0.24 0.24 0.23 0.22 0.22 0.21 0.21 0.20 0.19 0.19 0.18 0.17 0.17 0.16 0.16 0.15 0.14 0.14 0.13
5.38 5.19 5.00 4.80 4.61 4.41 4.21 4.00 3.80 3.60 3.40 3.20 3.00 2.80 2.61 2.41 2.22 2.04 1.85 1.67 1.50 1.33 1.16 1.00 0.85 0.71 0.57 0.43 0.31 0.19 0.09 0.00 0.00 0.00 0.00 0.00 0.00 0.00 0.00 0.00 0.00 0.04 0.13 0.20 0.26 0.31 0.35 0.38 0.40 0.41 0.41 0.41 0.40 0.39 0.38 0.37 0.36 0.36 0.35 0.34 0.33 0.32 0.32 0.31 0.30 0.29 0.28 0.27 0.27 0.26 0.25 0.24 0.23 0.23 0.22 0.21 0.20 0.19 0.19 0.18 0.17 0.16 0.15 0.15
5.23 5.04 4.85 4.66 4.46 4.26 4.06 3.87 3.67 3.47 3.27 3.07 2.87 2.67 2.48 2.29 2.10 1.91 1.73 1.56 1.38 1.21 1.05 0.90 0.74 0.60 0.46 0.33 0.21 0.10 0.00 0.00 0.00 0.00 0.00 0.00 0.00 0.00 0.00 0.00 0.00 0.05 0.14 0.21 0.28 0.34 0.39 0.43 0.45 0.47 0.48 0.48 0.47 0.46 0.45 0.44 0.43 0.42 0.41 0.40 0.39 0.38 0.37 0.36 0.35 0.34 0.33 0.32 0.31 0.30 0.29 0.28 0.27 0.26 0.25 0.24 0.23 0.22 0.21 0.20 0.19 0.18 0.17 0.16
5.07 4.88 4.69 4.50 4.31 4.11 3.92 3.72 3.52 3.32 3.13 2.93 2.73 2.54 2.35 2.16 1.97 1.79 1.61 1.43 1.26 1.10 0.93 0.78 0.63 0.49 0.35 0.22 0.10 0.00 0.00 0.00 0.00 0.00 0.00 0.00 0.00 0.00 0.00 0.00 0.00 0.05 0.15 0.23 0.30 0.37 0.42 0.47 0.51 0.53 0.55 0.55 0.55 0.54 0.53 0.52 0.50 0.49 0.48 0.47 0.45 0.44 0.43 0.42 0.41 0.39 0.38 0.37 0.36 0.35 0.33 0.32 0.31 0.30 0.29 0.27 0.26 0.25 0.24 0.23 0.21 0.20 0.19 0.18
4.90 4.72 4.53 4.34 4.15 3.96 3.76 3.57 3.37 3.17 2.98 2.78 2.59 2.40 2.21 2.02 1.84 1.65 1.48 1.30 1.13 0.97 0.81 0.66 0.51 0.37 0.24 0.11 0.00 0.00 0.00 0.00 0.00 0.00 0.00 0.00 0.00 0.00 0.00 0.00 0.00 0.05 0.15 0.25 0.33 0.40 0.46 0.51 0.55 0.59 0.61 0.62 0.63 0.62 0.61 0.59 0.58 0.56 0.55 0.54 0.52 0.51 0.49 0.48 0.46 0.45 0.43 0.42 0.41 0.39 0.38 0.36 0.35 0.33 0.32 0.31 0.29 0.28 0.26 0.25 0.23 0.22 0.21 0.19
4.73 4.55 4.36 4.17 3.98 3.79 3.60 3.41 3.21 3.02 2.83 2.63 2.44 2.25 2.06 1.88 1.70 1.52 1.34 1.17 1.00 0.84 0.68 0.53 0.39 0.25 0.12 0.00 0.00 0.00 0.00 0.00 0.00 0.00 0.00 0.00 0.00 0.00 0.00 0.00 0.00 0.06 0.16 0.26 0.35 0.42 0.49 0.55 0.60 0.64 0.67 0.69 0.70 0.70 0.69 0.68 0.66 0.64 0.62 0.61 0.59 0.57 0.56 0.54 0.52 0.51 0.49 0.47 0.45 0.44 0.42 0.40 0.39 0.37 0.35 0.34 0.32 0.30 0.29 0.27 0.25 0.24 0.22 0.21
4.55 4.37 4.19 4.00 3.81 3.62 3.43 3.24 3.05 2.86 2.67 2.48 2.29 2.10 1.91 1.73 1.55 1.37 1.20 1.03 0.87 0.71 0.55 0.40 0.26 0.12 0.00 0.00 0.00 0.00 0.00 0.00 0.00 0.00 0.00 0.00 0.00 0.00 0.00 0.00 0.00 0.06 0.17 0.27 0.37 0.45 0.52 0.59 0.64 0.69 0.72 0.75 0.76 0.77 0.77 0.76 0.74 0.72 0.70 0.68 0.66 0.64 0.62 0.60 0.58 0.56 0.54 0.52 0.50 0.49 0.47 0.45 0.43 0.41 0.39 0.37 0.35 0.33 0.31 0.29 0.27 0.26 0.24 0.23
4.37 4.19 4.00 3.82 3.64 3.45 3.26 3.07 2.88 2.69 2.50 2.32 2.13 1.94 1.76 1.58 1.40 1.23 1.05 0.89 0.73 0.57 0.42 0.27 0.13 0.00 0.00 0.00 0.00 0.00 0.00 0.00 0.00 0.00 0.00 0.00 0.00 0.00 0.00 0.00 0.00 0.06 0.18 0.29 0.38 0.47 0.55 0.62 0.68 0.73 0.77 0.80 0.83 0.84 0.84 0.84 0.82 0.80 0.78 0.76 0.74 0.71 0.69 0.67 0.65 0.62 0.60 0.58 0.56 0.53 0.51 0.49 0.47 0.44 0.42 0.40 0.38 0.36 0.33 0.31 0.29 0.27 0.26 0.25
