data_output/RCH/Precip_2004_12.asc
ncols        168
nrows        136
xllcorner    455000
yllcorner    2107000
cellsize     500
NODATA_value     -99999
[rows 0 to 37 of 136, columns 84 to 167 of 168]
1.53 1.50 1.46 1.42 1.39 1.35 1.32 1.28 1.25 1.21 1.18 1.14 1.10 1.06 1.02 0.98 0.94 0.90 0.86 0.81 0.77 0.73 0.68 0.64 0.60 0.55 0.51 0.46 0.42 0.37 0.33 0.29 0.25 0.21 0.17 0.14 0.10 0.07 0.05 0.02 0.00 0.00 0.00 0.00 0.00 0.00 0.00 0.00 0.00 0.00 0.00 0.00 0.03 0.06 0.10 0.14 0.19 0.24 0.30 0.37 0.44 0.51 0.59 0.67 0.76 0.85 0.95 1.05 1.14 1.22 1.30 1.36 1.41 1.46 1.49 1.52 1.54 1.55 1.55 1.55 1.54 1.52 1.49 1.46
1.57 1.53 1.50 1.46 1.42 1.39 1.35 1.32 1.28 1.25 1.21 1.17 1.13 1.09 1.05 1.01 0.97 0.93 0.88 0.84 0.80 0.75 0.71 0.66 0.62 0.58 0.53 0.49 0.44 0.40 0.36 0.31 0.27 0.24 0.20 0.17 0.14 0.11 0.09 0.06 0.04 0.02 0.01 0.00 0.00 0.00 0.00 0.00 0.00 0.00 0.01 0.03 0.06 0.09 0.13 0.17 0.21 0.27 0.32 0.38 0.45 0.52 0.60 0.68 0.77 0.86 0.95 1.05 1.14 1.22 1.29 1.36 1.41 1.45 1.48 1.51 1.53 1.54 1.54 1.53 1.52 1.50 1.47 1.44
1.61 1.57 1.53 1.50 1.46 1.42 1.39 1.35 1.32 1.28 1.24 1.20 1.16 1.12 1.08 1.04 1.00 0.95 0.91 0.87 0.82 0.78 0.74 0.69 0.65 0.60 0.56 0.51 0.47 0.43 0.38 0.34 0.31 0.27 0.24 0.21 0.18 0.15 0.13 0.11 0.09 0.07 0.06 0.04 0.03 0.02 0.02 0.02 0.02 0.03 0.05 0.07 0.09 0.12 0.16 0.20 0.24 0.29 0.35 0.41 0.47 0.54 0.61 0.69 0.78 0.87 0.96 1.06 1.15 1.22 1.29 1.35 1.40 1.44 1.47 1.50 1.51 1.52 1.52 1.51 1.49 1.47 1.44 1.41
1.65 1.61 1.57 1.54 1.50 1.46 1.43 1.39 1.35 1.31 1.28 1.24 1.20 1.16 1.11 1.07 1.03 0.99 0.94 0.90 0.85 0.81 0.76 0.72 0.68 0.63 0.59 0.54 0.50 0.46 0.42 0.38 0.34 0.31 0.28 0.25 0.22 0.20 0.18 0.16 0.14 0.12 0.11 0.10 0.09 0.08 0.07 0.07 0.07 0.08 0.09 0.11 0.13 0.16 0.19 0.23 0.27 0.32 0.37 0.43 0.49 0.56 0.63 0.71 0.79 0.88 0.97 1.06 1.15 1.22 1.29 1.35 1.39 1.43 1.46 1.48 1.49 1.50 1.50 1.49 1.47 1.44 1.41 1.37
1.69 1.65 1.61 1.58 1.54 1.50 1.46 1.43 1.39 1.35 1.31 1.27 1.23 1.19 1.15 1.10 1.06 1.02 0.97 0.93 0.89 0.84 0.80 0.75 0.71 0.66 0.62 0.57 0.53 0.49 0.45 0.42 0.38 0.35 0.32 0.30 0.27 0.25 0.23 0.21 0.19 0.18 0.17 0.16 0.15 0.14 0.13 0.13 0.13 0.13 0.14 0.16 0.18 0.20 0.23 0.27 0.31 0.35 0.40 0.46 0.52 0.58 0.65 0.73 0.80 0.89 0.98 1.07 1.15 1.23 1.29 1.34 1.39 1.42 1.45 1.47 1.48 1.48 1.47 1.46 1.44 1.41 1.38 1.34
1.73 1.69 1.65 1.62 1.58 1.54 1.50 1.46 1.43 1.39 1.35 1.31 1.27 1.22 1.18 1.14 1.10 1.05 1.01 0.96 0.92 0.87 0.83 0.78 0.74 0.70 0.65 0.61 0.57 0.53 0.49 0.46 0.43 0.40 0.37 0.35 0.32 0.30 0.28 0.27 0.25 0.24 0.23 0.22 0.21 0.20 0.20 0.19 0.19 0.19 0.20 0.21 0.23 0.25 0.28 0.31 0.35 0.39 0.44 0.49 0.54 0.61 0.67 0.74 0.82 0.90 0.99 1.07 1.16 1.23 1.29 1.34 1.38 1.41 1.43 1.45 1.46 1.45 1.45 1.43 1.40 1.37 1.34 1.29
1.77 1.73 1.69 1.66 1.62 1.58 1.54 1.50 1.47 1.43 1.39 1.35 1.30 1.26 1.22 1.18 1.13 1.09 1.04 1.00 0.95 0.91 0.86 0.82 0.78 0.73 0.69 0.65 0.61 0.57 0.54 0.51 0.48 0.45 0.42 0.40 0.38 0.36 0.34 0.33 0.31 0.30 0.29 0.28 0.27 0.27 0.26 0.26 0.26 0.26 0.26 0.27 0.28 0.30 0.33 0.36 0.39 0.43 0.47 0.52 0.57 0.63 0.70 0.76 0.84 0.91 1.00 1.08 1.16 1.23 1.28 1.33 1.37 1.40 1.42 1.43 1.43 1.43 1.42 1.40 1.37 1.33 1.29 1.25
1.81 1.77 1.74 1.70 1.66 1.62 1.58 1.54 1.51 1.47 1.42 1.38 1.34 1.30 1.26 1.21 1.17 1.12 1.08 1.03 0.99 0.95 0.90 0.86 0.81 0.77 0.73 0.69 0.65 0.62 0.59 0.56 0.53 0.50 0.48 0.46 0.44 0.42 0.40 0.39 0.38 0.36 0.36 0.35 0.34 0.34 0.33 0.33 0.33 0.33 0.33 0.34 0.35 0.36 0.38 0.41 0.44 0.47 0.51 0.56 0.61 0.66 0.72 0.78 0.85 0.93 1.01 1.09 1.16 1.23 1.28 1.32 1.36 1.38 1.40 1.41 1.41 1.40 1.38 1.36 1.33 1.29 1.25 1.20
1.85 1.81 1.78 1.74 1.70 1.66 1.62 1.58 1.55 1.50 1.46 1.42 1.38 1.34 1.29 1.25 1.21 1.16 1.12 1.07 1.03 0.98 0.94 0.89 0.85 0.81 0.77 0.73 0.70 0.67 0.64 0.61 0.58 0.56 0.54 0.52 0.50 0.48 0.47 0.45 0.44 0.43 0.42 0.42 0.41 0.41 0.40 0.40 0.40 0.40 0.40 0.40 0.41 0.42 0.44 0.46 0.49 0.52 0.55 0.59 0.64 0.69 0.75 0.81 0.87 0.94 1.02 1.10 1.17 1.23 1.28 1.32 1.35 1.37 1.38 1.39 1.38 1.37 1.35 1.32 1.29 1.25 1.20 1.15
1.89 1.85 1.82 1.78 1.74 1.70 1.67 1.63 1.59 1.54 1.50 1.46 1.42 1.38 1.33 1.29 1.24 1.20 1.16 1.11 1.07 1.02 0.98 0.93 0.89 0.85 0.82 0.78 0.75 0.72 0.69 0.67 0.64 0.62 0.60 0.58 0.56 0.55 0.53 0.52 0.51 0.50 0.49 0.49 0.48 0.48 0.47 0.47 0.47 0.47 0.48 0.48 0.48 0.49 0.50 0.52 0.54 0.57 0.60 0.64 0.68 0.73 0.78 0.83 0.89 0.96 1.03 1.11 1.17 1.23 1.27 1.31 1.34 1.35 1.36 1.36 1.35 1.34 1.31 1.28 1.24 1.20 1.15 1.10
1.93 1.90 1.86 1.82 1.78 1.75 1.71 1.67 1.63 1.58 1.54 1.50 1.46 1.41 1.37 1.33 1.28 1.24 1.19 1.15 1.11 1.06 1.02 0.98 0.94 0.90 0.87 0.83 0.80 0.77 0.75 0.72 0.70 0.68 0.66 0.64 0.63 0.61 0.60 0.59 0.58 0.57 0.56 0.56 0.55 0.55 0.55 0.55 0.55 0.55 0.55 0.55 0.56 0.56 0.57 0.58 0.60 0.62 0.65 0.68 0.72 0.76 0.81 0.86 0.92 0.98 1.05 1.12 1.18 1.23 1.27 1.30 1.32 1.34 1.34 1.34 1.32 1.30 1.27 1.24 1.19 1.15 1.10 1.05
1.97 1.94 1.90 1.86 1.83 1.79 1.75 1.71 1.67 1.62 1.58 1.54 1.50 1.45 1.41 1.37 1.32 1.28 1.23 1.19 1.15 1.10 1.06 1.02 0.98 0.95 0.92 0.89 0.86 0.83 0.81 0.78 0.76 0.74 0.73 0.71 0.69 0.68 0.67 0.66 0.65 0.64 0.64 0.63 0.63 0.62 0.62 0.62 0.62 0.62 0.62 0.63 0.63 0.63 0.64 0.65 0.66 0.68 0.70 0.73 0.76 0.80 0.84 0.89 0.94 1.00 1.06 1.13 1.18 1.23 1.27 1.29 1.31 1.32 1.32 1.31 1.29 1.26 1.23 1.19 1.14 1.10 1.05 1.01
2.01 1.98 1.94 1.90 1.87 1.83 1.79 1.75 1.71 1.66 1.62 1.58 1.54 1.49 1.45 1.41 1.36 1.32 1.27 1.23 1.19 1.14 1.11 1.07 1.03 1.00 0.97 0.94 0.92 0.89 0.87 0.85 0.83 0.81 0.79 0.78 0.76 0.75 0.74 0.73 0.72 0.72 0.71 0.71 0.70 0.70 0.70 0.70 0.70 0.70 0.70 0.70 0.70 0.71 0.71 0.72 0.73 0.74 0.76 0.78 0.81 0.84 0.88 0.92 0.97 1.02 1.08 1.14 1.19 1.23 1.26 1.28 1.30 1.30 1.29 1.28 1.26 1.23 1.19 1.14 1.10 1.05 1.01 0.97
2.05 2.01 1.98 1.94 1.91 1.87 1.83 1.79 1.75 1.70 1.66 1.62 1.58 1.53 1.49 1.45 1.40 1.36 1.31 1.27 1.23 1.19 1.15 1.12 1.09 1.06 1.03 1.00 0.97 0.95 0.93 0.91 0.89 0.87 0.86 0.85 0.83 0.82 0.81 0.80 0.80 0.79 0.78 0.78 0.78 0.77 0.77 0.77 0.77 0.77 0.77 0.78 0.78 0.78 0.79 0.79 0.79 0.80 0.82 0.83 0.86 0.88 0.92 0.95 0.99 1.04 1.09 1.15 1.19 1.23 1.26 1.27 1.28 1.28 1.27 1.25 1.22 1.18 1.14 1.10 1.06 1.01 0.97 0.93
2.08 2.05 2.02 1.98 1.94 1.91 1.87 1.83 1.78 1.74 1.70 1.66 1.61 1.57 1.53 1.48 1.44 1.40 1.35 1.31 1.27 1.24 1.20 1.17 1.14 1.11 1.08 1.06 1.04 1.01 0.99 0.97 0.96 0.94 0.93 0.92 0.90 0.89 0.88 0.88 0.87 0.86 0.86 0.86 0.85 0.85 0.85 0.85 0.85 0.85 0.85 0.85 0.85 0.86 0.86 0.86 0.87 0.87 0.88 0.89 0.91 0.93 0.96 0.99 1.02 1.06 1.11 1.16 1.20 1.23 1.25 1.26 1.27 1.26 1.24 1.22 1.18 1.14 1.10 1.06 1.02 0.98 0.94 0.90
2.12 2.09 2.05 2.02 1.98 1.94 1.90 1.86 1.82 1.78 1.74 1.70 1.65 1.61 1.57 1.52 1.48 1.44 1.40 1.36 1.32 1.29 1.25 1.22 1.19 1.17 1.14 1.12 1.10 1.08 1.06 1.04 1.02 1.01 1.00 0.99 0.97 0.97 0.96 0.95 0.94 0.94 0.93 0.93 0.93 0.93 0.92 0.92 0.92 0.92 0.92 0.93 0.93 0.93 0.93 0.93 0.94 0.94 0.94 0.95 0.96 0.98 1.00 1.02 1.05 1.09 1.13 1.17 1.21 1.23 1.25 1.25 1.25 1.23 1.21 1.18 1.14 1.11 1.07 1.03 0.99 0.95 0.91 0.88
2.15 2.12 2.09 2.05 2.02 1.98 1.94 1.90 1.86 1.82 1.77 1.73 1.69 1.65 1.60 1.56 1.52 1.48 1.44 1.40 1.37 1.34 1.31 1.28 1.25 1.22 1.20 1.18 1.16 1.14 1.12 1.11 1.09 1.08 1.07 1.06 1.05 1.04 1.03 1.02 1.02 1.01 1.01 1.00 1.00 1.00 1.00 1.00 1.00 1.00 1.00 1.00 1.00 1.00 1.00 1.00 1.01 1.01 1.01 1.01 1.02 1.03 1.04 1.06 1.09 1.11 1.15 1.19 1.22 1.23 1.24 1.24 1.23 1.21 1.18 1.15 1.11 1.08 1.04 1.00 0.97 0.93 0.89 0.86
2.19 2.16 2.12 2.09 2.05 2.02 1.98 1.94 1.89 1.85 1.81 1.77 1.73 1.68 1.64 1.60 1.56 1.52 1.48 1.45 1.42 1.39 1.36 1.33 1.31 1.28 1.26 1.24 1.22 1.20 1.19 1.17 1.16 1.15 1.14 1.13 1.12 1.11 1.10 1.09 1.09 1.08 1.08 1.08 1.07 1.07 1.07 1.07 1.07 1.07 1.07 1.07 1.07 1.07 1.07 1.07 1.07 1.07 1.07 1.07 1.07 1.08 1.09 1.10 1.12 1.14 1.17 1.20 1.22 1.24 1.24 1.23 1.21 1.19 1.15 1.12 1.09 1.05 1.02 0.98 0.95 0.91 0.88 0.84
2.22 2.19 2.16 2.12 2.09 2.05 2.01 1.97 1.93 1.89 1.85 1.80 1.76 1.72 1.68 1.64 1.60 1.56 1.53 1.50 1.47 1.44 1.41 1.39 1.36 1.34 1.32 1.30 1.28 1.27 1.25 1.24 1.23 1.21 1.20 1.19 1.19 1.18 1.17 1.17 1.16 1.16 1.15 1.15 1.15 1.14 1.14 1.14 1.14 1.14 1.14 1.14 1.14 1.14 1.14 1.14 1.14 1.14 1.14 1.14 1.13 1.13 1.14 1.14 1.15 1.17 1.19 1.21 1.23 1.24 1.23 1.22 1.19 1.16 1.13 1.10 1.07 1.03 1.00 0.97 0.93 0.90 0.87 0.83
2.24 2.21 2.18 2.15 2.12 2.08 2.04 2.00 1.96 1.92 1.88 1.84 1.79 1.75 1.71 1.68 1.64 1.61 1.57 1.54 1.52 1.49 1.46 1.44 1.42 1.40 1.38 1.36 1.35 1.33 1.32 1.30 1.29 1.28 1.27 1.26 1.26 1.25 1.24 1.24 1.23 1.23 1.22 1.22 1.22 1.22 1.21 1.21 1.21 1.21 1.21 1.21 1.21 1.20 1.20 1.20 1.20 1.20 1.20 1.19 1.19 1.19 1.19 1.19 1.19 1.20 1.21 1.23 1.24 1.24 1.23 1.21 1.18 1.15 1.12 1.09 1.06 1.02 0.99 0.96 0.93 0.90 0.86 0.83
2.26 2.24 2.21 2.18 2.15 2.11 2.07 2.03 1.99 1.95 1.91 1.87 1.83 1.79 1.75 1.72 1.68 1.65 1.62 1.59 1.57 1.54 1.52 1.50 1.48 1.46 1.44 1.42 1.41 1.39 1.38 1.37 1.36 1.35 1.34 1.33 1.32 1.32 1.31 1.31 1.30 1.30 1.29 1.29 1.29 1.28 1.28 1.28 1.28 1.28 1.27 1.27 1.27 1.27 1.27 1.26 1.26 1.26 1.25 1.25 1.25 1.24 1.24 1.23 1.23 1.23 1.24 1.25 1.25 1.24 1.22 1.20 1.17 1.14 1.11 1.08 1.05 1.02 0.99 0.96 0.93 0.90 0.87 0.84
2.28 2.26 2.23 2.20 2.17 2.14 2.10 2.06 2.02 1.98 1.94 1.90 1.86 1.82 1.79 1.75 1.72 1.69 1.67 1.64 1.62 1.59 1.57 1.55 1.53 1.51 1.50 1.48 1.47 1.45 1.44 1.43 1.42 1.41 1.40 1.40 1.39 1.38 1.38 1.37 1.37 1.36 1.36 1.36 1.35 1.35 1.35 1.34 1.34 1.34 1.34 1.33 1.33 1.33 1.32 1.32 1.32 1.31 1.31 1.30 1.30 1.29 1.28 1.28 1.27 1.26 1.26 1.26 1.26 1.24 1.22 1.19 1.17 1.14 1.11 1.08 1.06 1.03 1.00 0.97 0.94 0.91 0.88 0.85
2.30 2.27 2.25 2.22 2.20 2.16 2.13 2.09 2.05 2.01 1.97 1.93 1.89 1.86 1.82 1.79 1.76 1.74 1.71 1.69 1.66 1.64 1.62 1.60 1.59 1.57 1.55 1.54 1.53 1.51 1.50 1.49 1.48 1.48 1.47 1.46 1.45 1.45 1.44 1.44 1.43 1.43 1.42 1.42 1.42 1.41 1.41 1.41 1.40 1.40 1.40 1.39 1.39 1.39 1.38 1.38 1.37 1.36 1.36 1.35 1.34 1.34 1.33 1.32 1.31 1.29 1.29 1.28 1.27 1.25 1.22 1.20 1.17 1.15 1.12 1.10 1.07 1.04 1.01 0.98 0.96 0.93 0.90 0.87
2.31 2.29 2.27 2.24 2.21 2.18 2.15 2.11 2.07 2.03 1.99 1.96 1.92 1.89 1.86 1.83 1.81 1.78 1.76 1.73 1.71 1.69 1.67 1.65 1.64 1.62 1.61 1.60 1.58 1.57 1.56 1.55 1.54 1.54 1.53 1.52 1.52 1.51 1.50 1.50 1.49 1.49 1.49 1.48 1.48 1.47 1.47 1.47 1.46 1.46 1.45 1.45 1.44 1.44 1.43 1.43 1.42 1.41 1.40 1.40 1.39 1.38 1.37 1.35 1.34 1.33 1.31 1.30 1.28 1.26 1.24 1.21 1.19 1.17 1.14 1.12 1.09 1.06 1.04 1.01 0.98 0.95 0.92 0.89
2.31 2.29 2.27 2.25 2.23 2.20 2.17 2.13 2.09 2.06 2.02 1.99 1.95 1.92 1.90 1.87 1.84 1.82 1.80 1.78 1.76 1.74 1.72 1.70 1.69 1.68 1.66 1.65 1.64 1.63 1.62 1.61 1.60 1.59 1.59 1.58 1.57 1.57 1.56 1.56 1.55 1.55 1.54 1.54 1.54 1.53 1.53 1.52 1.52 1.51 1.51 1.50 1.49 1.49 1.48 1.47 1.47 1.46 1.45 1.44 1.43 1.41 1.40 1.39 1.37 1.35 1.34 1.32 1.30 1.28 1.26 1.24 1.22 1.19 1.17 1.15 1.12 1.09 1.07 1.04 1.01 0.98 0.96 0.93
2.31 2.30 2.28 2.26 2.24 2.21 2.18 2.15 2.11 2.07 2.04 2.01 1.98 1.95 1.92 1.90 1.88 1.85 1.83 1.81 1.80 1.78 1.76 1.75 1.73 1.72 1.71 1.70 1.69 1.68 1.67 1.66 1.65 1.65 1.64 1.63 1.63 1.62 1.62 1.61 1.61 1.60 1.60 1.59 1.59 1.58 1.58 1.57 1.57 1.56 1.55 1.55 1.54 1.53 1.52 1.51 1.50 1.49 1.48 1.47 1.46 1.44 1.43 1.41 1.40 1.38 1.36 1.34 1.32 1.31 1.29 1.27 1.24 1.22 1.20 1.18 1.15 1.13 1.10 1.07 1.05 1.02 0.99 0.96
2.31 2.30 2.28 2.27 2.24 2.22 2.19 2.16 2.12 2.08 2.05 2.02 1.99 1.97 1.94 1.92 1.90 1.88 1.86 1.84 1.83 1.81 1.80 1.78 1.77 1.76 1.75 1.74 1.73 1.72 1.71 1.70 1.70 1.69 1.68 1.68 1.67 1.67 1.66 1.66 1.65 1.65 1.64 1.64 1.63 1.63 1.62 1.61 1.61 1.60 1.59 1.59 1.58 1.57 1.56 1.55 1.54 1.53 1.51 1.50 1.48 1.47 1.45 1.43 1.41 1.39 1.38 1.36 1.34 1.33 1.31 1.29 1.27 1.25 1.22 1.20 1.18 1.15 1.13 1.10 1.08 1.05 1.02 0.99
2.31 2.30 2.28 2.27 2.25 2.22 2.20 2.16 2.12 2.08 2.05 2.03 2.00 1.98 1.95 1.93 1.91 1.90 1.88 1.86 1.85 1.84 1.82 1.81 1.80 1.79 1.78 1.77 1.76 1.75 1.75 1.74 1.73 1.73 1.72 1.72 1.71 1.71 1.70 1.70 1.69 1.69 1.68 1.67 1.67 1.66 1.66 1.65 1.64 1.64 1.63 1.62 1.61 1.60 1.59 1.58 1.56 1.55 1.54 1.52 1.51 1.49 1.47 1.45 1.43 1.41 1.39 1.38 1.36 1.34 1.33 1.31 1.29 1.27 1.25 1.23 1.20 1.18 1.16 1.13 1.11 1.08 1.05 1.02
2.30 2.29 2.28 2.27 2.25 2.22 2.19 2.16 2.12 2.08 2.05 2.02 2.00 1.98 1.96 1.94 1.92 1.91 1.89 1.88 1.86 1.85 1.84 1.83 1.82 1.81 1.80 1.79 1.79 1.78 1.77 1.77 1.76 1.76 1.75 1.75 1.74 1.74 1.73 1.73 1.72 1.72 1.71 1.71 1.70 1.69 1.69 1.68 1.67 1.66 1.66 1.65 1.64 1.62 1.61 1.60 1.59 1.57 1.56 1.54 1.52 1.50 1.48 1.46 1.44 1.42 1.40 1.39 1.37 1.36 1.34 1.32 1.31 1.29 1.27 1.25 1.23 1.20 1.18 1.16 1.13 1.11 1.08 1.05
2.29 2.29 2.28 2.26 2.24 2.22 2.19 2.15 2.11 2.07 2.04 2.01 1.99 1.97 1.95 1.93 1.92 1.91 1.89 1.88 1.87 1.86 1.85 1.84 1.83 1.82 1.82 1.81 1.80 1.80 1.79 1.79 1.78 1.78 1.77 1.77 1.77 1.76 1.76 1.75 1.75 1.74 1.74 1.73 1.72 1.72 1.71 1.70 1.70 1.69 1.68 1.67 1.66 1.64 1.63 1.62 1.60 1.59 1.57 1.55 1.53 1.51 1.49 1.47 1.45 1.43 1.41 1.40 1.38 1.37 1.35 1.34 1.32 1.30 1.28 1.26 1.24 1.22 1.20 1.18 1.15 1.13 1.10 1.08
2.28 2.28 2.27 2.25 2.23 2.21 2.17 2.14 2.10 2.06 2.03 2.00 1.97 1.95 1.94 1.92 1.91 1.90 1.89 1.88 1.87 1.86 1.85 1.84 1.84 1.83 1.83 1.82 1.81 1.81 1.81 1.80 1.80 1.79 1.79 1.79 1.78 1.78 1.77 1.77 1.77 1.76 1.76 1.75 1.74 1.74 1.73 1.72 1.71 1.70 1.69 1.68 1.67 1.66 1.64 1.63 1.61 1.59 1.58 1.56 1.53 1.51 1.49 1.47 1.45 1.44 1.42 1.41 1.39 1.38 1.36 1.35 1.33 1.31 1.30 1.28 1.26 1.24 1.22 1.20 1.17 1.15 1.13 1.10
2.27 2.26 2.25 2.24 2.21 2.19 2.16 2.12 2.08 2.04 2.01 1.98 1.95 1.93 1.92 1.90 1.89 1.88 1.87 1.87 1.86 1.85 1.85 1.84 1.83 1.83 1.83 1.82 1.82 1.81 1.81 1.81 1.81 1.80 1.80 1.80 1.79 1.79 1.79 1.78 1.78 1.77 1.77 1.76 1.76 1.75 1.74 1.73 1.72 1.71 1.70 1.69 1.68 1.66 1.65 1.63 1.62 1.60 1.58 1.56 1.53 1.51 1.49 1.47 1.46 1.44 1.43 1.41 1.40 1.38 1.37 1.35 1.34 1.32 1.31 1.29 1.27 1.25 1.23 1.21 1.19 1.17 1.14 1.12
2.25 2.24 2.23 2.22 2.19 2.17 2.13 2.10 2.05 2.02 1.98 1.95 1.93 1.91 1.89 1.88 1.87 1.86 1.85 1.85 1.84 1.84 1.83 1.83 1.83 1.82 1.82 1.82 1.82 1.81 1.81 1.81 1.81 1.80 1.80 1.80 1.80 1.79 1.79 1.79 1.78 1.78 1.77 1.77 1.76 1.75 1.75 1.74 1.73 1.72 1.71 1.69 1.68 1.67 1.65 1.63 1.62 1.60 1.57 1.55 1.53 1.51 1.49 1.48 1.46 1.44 1.43 1.42 1.40 1.39 1.38 1.36 1.35 1.33 1.32 1.30 1.28 1.26 1.25 1.23 1.21 1.18 1.16 1.14
2.23 2.22 2.21 2.19 2.17 2.14 2.11 2.07 2.03 1.99 1.95 1.92 1.90 1.88 1.86 1.85 1.84 1.83 1.83 1.82 1.82 1.82 1.81 1.81 1.81 1.81 1.81 1.81 1.81 1.80 1.80 1.80 1.80 1.80 1.80 1.80 1.80 1.79 1.79 1.79 1.78 1.78 1.77 1.77 1.76 1.76 1.75 1.74 1.73 1.72 1.71 1.69 1.68 1.66 1.65 1.63 1.61 1.59 1.57 1.55 1.53 1.51 1.49 1.47 1.46 1.44 1.43 1.42 1.40 1.39 1.38 1.36 1.35 1.34 1.32 1.30 1.29 1.27 1.26 1.24 1.22 1.20 1.17 1.15
2.20 2.19 2.18 2.16 2.14 2.11 2.07 2.03 1.99 1.95 1.92 1.89 1.86 1.84 1.82 1.81 1.80 1.79 1.79 1.79 1.79 1.79 1.79 1.79 1.79 1.79 1.79 1.79 1.79 1.79 1.79 1.79 1.79 1.79 1.79 1.79 1.79 1.79 1.78 1.78 1.78 1.77 1.77 1.76 1.76 1.75 1.74 1.73 1.72 1.71 1.70 1.69 1.67 1.66 1.64 1.62 1.60 1.58 1.56 1.54 1.52 1.50 1.49 1.47 1.46 1.44 1.43 1.42 1.40 1.39 1.38 1.37 1.35 1.34 1.32 1.31 1.29 1.28 1.26 1.24 1.23 1.21 1.19 1.16
2.17 2.16 2.15 2.12 2.10 2.07 2.04 2.00 1.96 1.92 1.88 1.85 1.83 1.80 1.79 1.77 1.76 1.75 1.75 1.75 1.75 1.75 1.75 1.76 1.76 1.76 1.76 1.76 1.77 1.77 1.77 1.77 1.77 1.77 1.77 1.77 1.77 1.77 1.77 1.77 1.77 1.76 1.76 1.75 1.75 1.74 1.73 1.72 1.71 1.70 1.69 1.68 1.66 1.64 1.63 1.61 1.59 1.57 1.55 1.53 1.51 1.49 1.48 1.46 1.45 1.44 1.42 1.41 1.40 1.39 1.38 1.36 1.35 1.34 1.32 1.31 1.29 1.28 1.26 1.25 1.23 1.21 1.19 1.17
2.14 2.12 2.11 2.09 2.06 2.03 2.00 1.96 1.92 1.88 1.84 1.81 1.78 1.76 1.74 1.73 1.72 1.71 1.71 1.71 1.71 1.71 1.71 1.72 1.72 1.73 1.73 1.73 1.74 1.74 1.74 1.75 1.75 1.75 1.75 1.75 1.76 1.76 1.75 1.75 1.75 1.75 1.74 1.74 1.73 1.73 1.72 1.71 1.70 1.69 1.67 1.66 1.64 1.63 1.61 1.59 1.57 1.55 1.53 1.52 1.50 1.49 1.47 1.46 1.44 1.43 1.42 1.41 1.40 1.39 1.37 1.36 1.35 1.33 1.32 1.31 1.29 1.28 1.26 1.25 1.23 1.22 1.20 1.18
2.10 2.08 2.06 2.04 2.02 1.99 1.95 1.91 1.87 1.83 1.80 1.77 1.74 1.72 1.70 1.68 1.67 1.66 1.66 1.66 1.66 1.66 1.67 1.68 1.68 1.69 1.69 1.70 1.70 1.71 1.71 1.72 1.72 1.72 1.73 1.73 1.73 1.73 1.73 1.73 1.73 1.73 1.72 1.72 1.71 1.71 1.70 1.69 1.68 1.67 1.66 1.64 1.62 1.61 1.59 1.57 1.55 1.54 1.52 1.50 1.49 1.47 1.46 1.45 1.43 1.42 1.41 1.40 1.39 1.38 1.37 1.36 1.34 1.33 1.32 1.30 1.29 1.28 1.26 1.25 1.23 1.22 1.20 1.18
