data_output/RCH/Precip_2006_05.asc
ncols        168
nrows        136
xllcorner    455000
yllcorner    2107000
cellsize     500
NODATA_value     -99999
[rows 33 to 65 of 136, columns 0 to 75 of 168]
83.80 85.07 86.63 88.46 90.52 92.80 95.26 97.87 100.62 103.46 106.38 109.34 112.32 115.28 118.14 120.81 123.30 125.60 127.71 129.63 131.36 132.90 134.24 135.40 136.36 137.13 137.70 138.09 138.36 138.59 138.76 138.88 138.94 138.94 138.88 138.75 138.55 138.28 137.93 137.50 136.99 136.39 135.71 134.93 134.06 133.08 132.01 130.83 129.54 128.14 126.63 125.00 123.31 121.63 119.98 118.36 116.78 115.24 113.73 112.27 110.85 109.49 108.18 106.92 105.73 104.60 103.50 102.41 101.32 100.23 99.15 98.08 97.02 95.96 94.92 93.89
86.84 87.67 88.80 90.22 91.91 93.84 95.98 98.31 100.79 103.40 106.11 108.89 111.72 114.56 117.31 119.87 122.26 124.46 126.47 128.29 129.93 131.38 132.64 133.71 134.59 135.27 135.78 136.18 136.54 136.85 137.11 137.32 137.48 137.58 137.63 137.61 137.52 137.37 137.14 136.84 136.45 135.99 135.44 134.80 134.07 133.24 132.32 131.30 130.17 128.93 127.58 126.12 124.54 122.91 121.28 119.69 118.13 116.61 115.12 113.68 112.28 110.93 109.63 108.39 107.20 106.07 104.98 103.89 102.81 101.73 100.65 99.58 98.51 97.46 96.41 95.38
89.64 90.18 90.90 91.91 93.21 94.79 96.60 98.62 100.83 103.20 105.69 108.29 110.96 113.67 116.30 118.75 121.03 123.12 125.02 126.75 128.28 129.63 130.80 131.77 132.56 133.17 133.68 134.15 134.59 134.98 135.33 135.63 135.89 136.09 136.24 136.32 136.35 136.31 136.20 136.01 135.76 135.42 135.00 134.50 133.91 133.23 132.45 131.58 130.61 129.53 128.34 127.05 125.64 124.12 122.53 120.97 119.43 117.93 116.46 115.04 113.66 112.32 111.04 109.81 108.63 107.52 106.43 105.35 104.27 103.19 102.12 101.05 99.98 98.93 97.88 96.85
92.05 92.45 92.89 93.50 94.42 95.63 97.10 98.82 100.75 102.86 105.13 107.53 110.04 112.60 115.11 117.45 119.60 121.57 123.37 124.98 126.40 127.65 128.71 129.58 130.29 130.89 131.46 132.01 132.52 132.99 133.43 133.82 134.16 134.46 134.71 134.89 135.03 135.10 135.10 135.04 134.90 134.69 134.40 134.03 133.58 133.04 132.41 131.68 130.86 129.94 128.91 127.78 126.54 125.18 123.71 122.19 120.68 119.20 117.76 116.35 114.99 113.67 112.40 111.19 110.02 108.92 107.84 106.77 105.69 104.62 103.55 102.48 101.42 100.37 99.33 98.29
94.05 94.32 94.62 94.98 95.51 96.35 97.48 98.88 100.53 102.38 104.42 106.61 108.94 111.36 113.74 115.94 117.97 119.82 121.49 122.98 124.29 125.42 126.37 127.14 127.83 128.49 129.13 129.74 130.33 130.88 131.39 131.87 132.30 132.69 133.03 133.32 133.56 133.73 133.85 133.90 133.88 133.80 133.63 133.39 133.08 132.67 132.18 131.60 130.93 130.16 129.29 128.32 127.24 126.05 124.75 123.34 121.87 120.41 119.00 117.61 116.27 114.97 113.72 112.52 111.37 110.27 109.21 108.14 107.08 106.01 104.95 103.89 102.83 101.78 100.73 99.70
95.61 95.76 95.95 96.18 96.47 96.95 97.73 98.81 100.15 101.74 103.54 105.52 107.66 109.93 112.16 114.23 116.12 117.84 119.38 120.74 121.92 122.93 123.77 124.53 125.26 125.98 126.68 127.36 128.01 128.64 129.23 129.79 130.31 130.79 131.22 131.61 131.94 132.22 132.45 132.61 132.71 132.74 132.70 132.59 132.40 132.13 131.78 131.34 130.81 130.19 129.47 128.66 127.74 126.71 125.58 124.34 122.98 121.57 120.18 118.82 117.50 116.22 114.98 113.80 112.66 111.58 110.53 109.47 108.42 107.36 106.30 105.25 104.20 103.15 102.10 101.03
96.73 96.76 96.84 96.96 97.14 97.39 97.84 98.58 99.62 100.93 102.48 104.25 106.20 108.30 110.38 112.30 114.05 115.62 117.02 118.25 119.30 120.19 121.00 121.80 122.58 123.36 124.12 124.86 125.58 126.28 126.94 127.58 128.18 128.74 129.27 129.75 130.18 130.56 130.89 131.16 131.37 131.52 131.60 131.61 131.55 131.41 131.19 130.89 130.50 130.03 129.46 128.80 128.04 127.18 126.21 125.13 123.95 122.65 121.29 119.96 118.66 117.41 116.19 115.02 113.90 112.84 111.80 110.75 109.71 108.66 107.61 106.56 105.52 104.47 103.40 102.27
97.39 97.32 97.29 97.31 97.39 97.54 97.77 98.19 98.92 99.95 101.24 102.78 104.53 106.46 108.38 110.15 111.74 113.17 114.42 115.51 116.43 117.28 118.12 118.96 119.80 120.62 121.44 122.24 123.03 123.79 124.53 125.24 125.92 126.56 127.17 127.74 128.27 128.75 129.18 129.55 129.87 130.13 130.33 130.46 130.52 130.51 130.42 130.26 130.01 129.68 129.26 128.75 128.14 127.44 126.63 125.72 124.70 123.57 122.33 121.04 119.77 118.53 117.34 116.19 115.09 114.03 113.01 111.98 110.95 109.91 108.87 107.83 106.79 105.72 104.59 103.41
97.58 97.40 97.28 97.21 97.20 97.26 97.40 97.62 98.05 98.78 99.81 101.11 102.65 104.40 106.16 107.76 109.20 110.47 111.57 112.51 113.38 114.26 115.14 116.02 116.90 117.78 118.65 119.51 120.35 121.18 121.98 122.76 123.52 124.25 124.94 125.59 126.21 126.78 127.31 127.79 128.21 128.58 128.89 129.14 129.32 129.44 129.48 129.45 129.33 129.14 128.86 128.50 128.04 127.49 126.84 126.10 125.24 124.28 123.21 122.04 120.80 119.59 118.42 117.29 116.21 115.17 114.16 113.15 112.13 111.10 110.08 109.05 107.98 106.85 105.67 104.43
97.28 97.01 96.79 96.63 96.54 96.52 96.58 96.73 96.97 97.42 98.18 99.24 100.56 102.12 103.70 105.13 106.40 107.50 108.45 109.34 110.23 111.14 112.05 112.97 113.90 114.82 115.74 116.65 117.55 118.44 119.31 120.16 120.99 121.79 122.56 123.30 124.00 124.67 125.29 125.86 126.39 126.87 127.29 127.65 127.95 128.18 128.35 128.45 128.47 128.41 128.27 128.05 127.74 127.35 126.85 126.26 125.57 124.78 123.88 122.87 121.75 120.58 119.43 118.33 117.27 116.25 115.26 114.26 113.25 112.24 111.22 110.17 109.05 107.87 106.63 105.35
96.48 96.12 95.82 95.58 95.41 95.32 95.31 95.39 95.56 95.84 96.34 97.14 98.24 99.60 101.00 102.26 103.35 104.29 105.17 106.07 106.99 107.92 108.87 109.82 110.78 111.75 112.71 113.68 114.63 115.58 116.51 117.42 118.32 119.19 120.04 120.86 121.65 122.40 123.11 123.78 124.41 124.99 125.52 125.99 126.40 126.75 127.04 127.26 127.42 127.49 127.49 127.41 127.25 127.00 126.65 126.22 125.69 125.06 124.33 123.49 122.54 121.48 120.38 119.29 118.25 117.25 116.28 115.30 114.31 113.31 112.27 111.17 110.00 108.76 107.48 106.14
95.16 94.72 94.34 94.03 93.79 93.63 93.56 93.58 93.70 93.92 94.26 94.82 95.69 96.84 98.05 99.12 100.04 100.91 101.80 102.71 103.65 104.61 105.58 106.57 107.56 108.57 109.57 110.58 111.59 112.59 113.58 114.56 115.52 116.46 117.38 118.28 119.15 119.98 120.78 121.55 122.27 122.95 123.58 124.16 124.68 125.15 125.56 125.90 126.18 126.38 126.51 126.57 126.55 126.44 126.25 125.97 125.59 125.12 124.55 123.88 123.10 122.22 121.23 120.18 119.16 118.19 117.23 116.27 115.30 114.28 113.19 112.03 110.81 109.53 108.20 106.82
93.32 92.80 92.34 91.96 91.66 91.44 91.32 91.29 91.36 91.53 91.83 92.25 92.89 93.83 94.84 95.73 96.57 97.43 98.33 99.26 100.21 101.19 102.19 103.20 104.23 105.27 106.32 107.37 108.42 109.47 110.52 111.55 112.58 113.59 114.58 115.55 116.50 117.41 118.30 119.15 119.97 120.74 121.47 122.15 122.79 123.36 123.89 124.35 124.75 125.08 125.34 125.53 125.65 125.68 125.64 125.50 125.28 124.97 124.56 124.05 123.44 122.73 121.91 120.98 120.00 119.05 118.11 117.17 116.18 115.11 113.97 112.76 111.50 110.17 108.80 107.38
90.92 90.33 89.82 89.38 89.02 88.75 88.57 88.49 88.52 88.66 88.92 89.30 89.82 90.56 91.38 92.17 93.00 93.87 94.77 95.71 96.68 97.67 98.69 99.73 100.79 101.86 102.95 104.04 105.14 106.23 107.33 108.42 109.51 110.58 111.64 112.68 113.70 114.69 115.66 116.60 117.50 118.37 119.20 119.98 120.72 121.40 122.04 122.61 123.13 123.59 123.98 124.30 124.55 124.72 124.82 124.83 124.76 124.60 124.35 124.00 123.56 123.01 122.36 121.60 120.74 119.83 118.91 117.95 116.91 115.80 114.61 113.36 112.05 110.68 109.27 107.81
88.00 87.35 86.77 86.28 85.87 85.55 85.33 85.21 85.20 85.31 85.54 85.90 86.39 87.02 87.75 88.52 89.35 90.21 91.12 92.07 93.05 94.06 95.09 96.16 97.24 98.34 99.46 100.59 101.73 102.87 104.01 105.16 106.30 107.43 108.55 109.66 110.75 111.82 112.87 113.89 114.88 115.83 116.75 117.64 118.47 119.27 120.01 120.70 121.33 121.91 122.42 122.87 123.25 123.56 123.80 123.95 124.03 124.02 123.92 123.73 123.45 123.07 122.59 122.00 121.31 120.51 119.60 118.59 117.51 116.34 115.11 113.82 112.47 111.06 109.61 108.12
84.92 84.20 83.55 82.99 82.52 82.14 81.87 81.70 81.65 81.72 81.91 82.23 82.70 83.30 84.00 84.77 85.59 86.45 87.36 88.31 89.30 90.32 91.38 92.46 93.57 94.70 95.85 97.02 98.19 99.38 100.57 101.77 102.96 104.15 105.34 106.51 107.67 108.81 109.94 111.04 112.11 113.16 114.17 115.15 116.09 116.98 117.84 118.64 119.39 120.08 120.72 121.29 121.81 122.25 122.62 122.92 123.14 123.28 123.33 123.30 123.18 122.96 122.65 122.23 121.72 121.09 120.26 119.22 118.09 116.88 115.61 114.27 112.88 111.44 109.95 108.43
81.96 81.14 80.41 79.76 79.20 78.75 78.40 78.16 78.05 78.05 78.18 78.46 78.88 79.46 80.14 80.89 81.70 82.56 83.47 84.43 85.43 86.47 87.54 88.64 89.78 90.94 92.12 93.32 94.54 95.77 97.01 98.26 99.51 100.76 102.00 103.24 104.47 105.69 106.89 108.08 109.24 110.37 111.48 112.55 113.59 114.59 115.55 116.46 117.33 118.14 118.90 119.61 120.25 120.82 121.33 121.77 122.14 122.43 122.64 122.76 122.80 122.75 122.60 122.36 122.02 121.56 120.88 119.93 118.76 117.51 116.19 114.81 113.38 111.90 110.37 108.81
79.10 78.17 77.32 76.56 75.90 75.34 74.90 74.57 74.36 74.28 74.34 74.56 74.96 75.50 76.16 76.89 77.69 78.55 79.47 80.43 81.44 82.49 83.58 84.71 85.87 87.06 88.27 89.51 90.77 92.05 93.33 94.63 95.94 97.25 98.56 99.87 101.17 102.46 103.74 105.01 106.25 107.48 108.68 109.85 110.99 112.09 113.16 114.19 115.17 116.10 116.98 117.81 118.59 119.30 119.95 120.53 121.04 121.48 121.84 122.12 122.32 122.44 122.46 122.39 122.22 121.92 121.41 120.60 119.51 118.23 116.87 115.44 113.97 112.45 110.88 109.28
76.30 75.23 74.24 73.35 72.56 71.89 71.32 70.88 70.56 70.38 70.38 70.57 70.93 71.45 72.08 72.79 73.58 74.43 75.35 76.32 77.34 78.41 79.52 80.67 81.85 83.07 84.32 85.60 86.89 88.21 89.55 90.90 92.26 93.63 95.01 96.38 97.76 99.12 100.48 101.83 103.16 104.48 105.77 107.04 108.28 109.49 110.67 111.81 112.91 113.96 114.97 115.93 116.83 117.68 118.47 119.19 119.85 120.44 120.96 121.40 121.76 122.04 122.23 122.34 122.33 122.18 121.82 121.17 120.23 119.02 117.63 116.16 114.64 113.08 111.47 109.83
73.52 72.28 71.14 70.10 69.16 68.34 67.64 67.06 66.61 66.36 66.32 66.48 66.81 67.30 67.90 68.59 69.36 70.21 71.12 72.10 73.13 74.22 75.35 76.52 77.73 78.98 80.26 81.58 82.92 84.28 85.67 87.07 88.49 89.92 91.36 92.80 94.25 95.69 97.13 98.56 99.98 101.39 102.78 104.14 105.49 106.80 108.09 109.34 110.56 111.73 112.86 113.95 114.99 115.97 116.90 117.77 118.57 119.31 119.98 120.58 121.11 121.56 121.93 122.19 122.34 122.34 122.13 121.63 120.84 119.78 118.45 116.96 115.39 113.78 112.14 110.46
70.72 69.30 67.98 66.76 65.65 64.66 63.80 63.07 62.54 62.24 62.17 62.30 62.60 63.06 63.64 64.31 65.06 65.90 66.81 67.79 68.83 69.93 71.08 72.27 73.51 74.79 76.11 77.46 78.84 80.26 81.69 83.15 84.63 86.12 87.62 89.13 90.65 92.17 93.69 95.20 96.71 98.21 99.69 101.16 102.60 104.03 105.42 106.79 108.12 109.42 110.68 111.89 113.06 114.18 115.25 116.26 117.21 118.11 118.93 119.69 120.39 121.01 121.54 121.97 122.27 122.42 122.35 121.99 121.34 120.42 119.24 117.81 116.22 114.57 112.88 111.16
67.86 66.23 64.71 63.30 62.00 60.82 59.78 58.95 58.38 58.05 57.94 58.04 58.31 58.74 59.29 59.94 60.68 61.50 62.40 63.38 64.43 65.55 66.72 67.93 69.20 70.51 71.87 73.26 74.68 76.14 77.63 79.14 80.67 82.23 83.80 85.38 86.97 88.56 90.16 91.76 93.36 94.95 96.53 98.09 99.64 101.17 102.68 104.16 105.61 107.03 108.41 109.76 111.06 112.31 113.52 114.68 115.78 116.83 117.81 118.74 119.61 120.40 121.09 121.67 122.12 122.40 122.47 122.24 121.74 120.96 119.92 118.63 117.11 115.42 113.69 111.93
64.90 63.05 61.30 59.67 58.16 56.78 55.63 54.75 54.15 53.78 53.64 53.70 53.94 54.35 54.87 55.50 56.22 57.03 57.92 58.90 59.96 61.08 62.27 63.51 64.81 66.15 67.54 68.97 70.44 71.95 73.48 75.05 76.64 78.26 79.89 81.54 83.21 84.88 86.56 88.24 89.93 91.61 93.28 94.95 96.60 98.24 99.86 101.45 103.02 104.56 106.07 107.55 108.99 110.38 111.73 113.03 114.28 115.48 116.63 117.74 118.78 119.73 120.58 121.30 121.89 122.31 122.50 122.41 122.04 121.40 120.49 119.34 117.95 116.33 114.57 112.76
61.81 59.70 57.71 55.84 54.11 52.60 51.40 50.49 49.85 49.45 49.27 49.30 49.51 49.88 50.38 50.99 51.69 52.49 53.38 54.35 55.41 56.54 57.75 59.01 60.34 61.71 63.14 64.61 66.12 67.68 69.26 70.89 72.54 74.22 75.92 77.64 79.38 81.13 82.89 84.66 86.43 88.20 89.98 91.74 93.50 95.24 96.97 98.68 100.37 102.04 103.67 105.28 106.85 108.38 109.87 111.32 112.72 114.09 115.42 116.69 117.89 119.00 120.00 120.87 121.59 122.14 122.45 122.49 122.24 121.73 120.96 119.94 118.68 117.19 115.49 113.66
58.54 56.16 53.91 51.79 49.91 48.36 47.12 46.17 45.49 45.05 44.84 44.84 45.02 45.36 45.83 46.41 47.10 47.89 48.77 49.74 50.80 51.94 53.15 54.44 55.80 57.21 58.67 60.18 61.74 63.34 64.98 66.66 68.37 70.11 71.87 73.67 75.48 77.31 79.15 81.01 82.87 84.74 86.61 88.47 90.33 92.19 94.03 95.86 97.66 99.45 101.22 102.95 104.66 106.33 107.96 109.56 111.13 112.67 114.17 115.61 116.97 118.23 119.37 120.38 121.22 121.89 122.33 122.48 122.35 121.96 121.32 120.43 119.30 117.94 116.37 114.59
55.05 52.38 49.86 47.59 45.66 44.07 42.79 41.80 41.08 40.61 40.36 40.33 40.47 40.78 41.23 41.79 42.46 43.23 44.10 45.07 46.13 47.28 48.51 49.81 51.19 52.63 54.13 55.68 57.29 58.94 60.63 62.36 64.13 65.94 67.77 69.64 71.52 73.43 75.36 77.30 79.25 81.21 83.18 85.15 87.11 89.08 91.03 92.97 94.90 96.82 98.71 100.57 102.42 104.23 106.01 107.77 109.51 111.23 112.90 114.50 116.01 117.41 118.69 119.83 120.79 121.58 122.13 122.39 122.38 122.11 121.58 120.81 119.81 118.57 117.13 115.48
51.31 48.35 45.66 43.34 41.37 39.73 38.41 37.38 36.62 36.12 35.84 35.77 35.88 36.16 36.58 37.11 37.77 38.53 39.39 40.36 41.42 42.57 43.81 45.13 46.53 48.00 49.54 51.13 52.78 54.48 56.23 58.02 59.85 61.72 63.62 65.55 67.52 69.50 71.51 73.54 75.58 77.64 79.70 81.77 83.85 85.92 87.99 90.05 92.10 94.13 96.15 98.15 100.13 102.08 104.03 105.97 107.89 109.78 111.61 113.36 115.02 116.56 117.97 119.23 120.31 121.20 121.86 122.23 122.33 122.17 121.76 121.10 120.21 119.10 117.77 116.25
47.30 44.17 41.42 39.05 37.04 35.36 34.00 32.93 32.13 31.59 31.27 31.17 31.25 31.50 31.89 32.40 33.03 33.78 34.64 35.60 36.66 37.82 39.07 40.41 41.83 43.33 44.90 46.53 48.23 49.97 51.77 53.62 55.51 57.45 59.42 61.42 63.46 65.53 67.62 69.74 71.87 74.02 76.19 78.36 80.54 82.72 84.90 87.08 89.25 91.41 93.56 95.69 97.81 99.93 102.05 104.17 106.26 108.31 110.30 112.20 113.99 115.67 117.20 118.58 119.78 120.77 121.53 122.00 122.21 122.15 121.85 121.30 120.52 119.52 118.31 116.90
43.14 39.94 37.15 34.73 32.68 30.95 29.55 28.44 27.61 27.02 26.67 26.53 26.58 26.80 27.16 27.65 28.27 29.00 29.85 30.81 31.87 33.04 34.30 35.65 37.09 38.61 40.21 41.89 43.63 45.43 47.28 49.18 51.14 53.14 55.18 57.26 59.37 61.52 63.70 65.90 68.13 70.37 72.63 74.91 77.19 79.49 81.78 84.08 86.37 88.66 90.94 93.21 95.48 97.78 100.09 102.38 104.64 106.84 108.97 111.02 112.95 114.75 116.41 117.89 119.20 120.29 121.14 121.71 122.01 122.06 121.85 121.41 120.74 119.84 118.74 117.44
38.94 35.70 32.85 30.39 28.29 26.53 25.08 23.93 23.06 22.44 22.05 21.88 21.89 22.08 22.41 22.88 23.48 24.20 25.03 25.99 27.05 28.22 29.50 30.86 32.32 33.87 35.50 37.21 38.99 40.84 42.75 44.71 46.73 48.79 50.90 53.06 55.25 57.48 59.74 62.03 64.35 66.69 69.05 71.43 73.82 76.23 78.64 81.05 83.47 85.88 88.29 90.72 93.19 95.66 98.14 100.60 103.01 105.37 107.64 109.82 111.88 113.81 115.58 117.17 118.57 119.76 120.70 121.36 121.75 121.89 121.78 121.44 120.86 120.07 119.08 117.88
34.73 31.43 28.54 26.04 23.89 22.08 20.59 19.40 18.49 17.83 17.41 17.20 17.19 17.34 17.65 18.09 18.66 19.37 20.20 21.15 22.21 23.39 24.67 26.05 27.53 29.11 30.77 32.51 34.33 36.23 38.19 40.21 42.29 44.42 46.60 48.83 51.10 53.41 55.76 58.14 60.55 62.98 65.45 67.93 70.43 72.94 75.47 78.00 80.54 83.09 85.66 88.27 90.92 93.57 96.22 98.83 101.40 103.90 106.31 108.62 110.81 112.85 114.72 116.42 117.91 119.19 120.21 120.95 121.43 121.66 121.64 121.39 120.91 120.21 119.31 118.22
30.51 27.16 24.23 21.67 19.48 17.63 16.10 14.87 13.92 13.22 12.76 12.52 12.47 12.59 12.86 13.28 13.84 14.53 15.35 16.30 17.36 18.54 19.83 21.23 22.73 24.33 26.02 27.79 29.66 31.60 33.61 35.69 37.83 40.03 42.28 44.58 46.93 49.32 51.75 54.22 56.73 59.26 61.82 64.41 67.02 69.65 72.29 74.94 77.61 80.31 83.07 85.87 88.69 91.51 94.32 97.09 99.80 102.44 104.99 107.42 109.72 111.87 113.85 115.64 117.22 118.57 119.67 120.50 121.06 121.37 121.43 121.27 120.87 120.27 119.46 118.46
26.29 22.89 19.91 17.30 15.07 13.17 11.60 10.33 9.34 8.60 8.11 7.83 7.74 7.83 8.08 8.47 9.01 9.69 10.50 11.44 12.50 13.69 14.99 16.40 17.92 19.54 21.26 23.07 24.97 26.95 29.02 31.15 33.36 35.62 37.94 40.32 42.75 45.22 47.74 50.30 52.90 55.53 58.19 60.88 63.60 66.34 69.10 71.88 74.70 77.59 80.54 83.51 86.51 89.49 92.45 95.37 98.22 101.00 103.67 106.22 108.63 110.88 112.96 114.84 116.50 117.93 119.10 120.00 120.63 121.02 121.16 121.08 120.77 120.25 119.52 118.61
