data_output/RCH/Precip_1992_01.asc
ncols        168
nrows        136
xllcorner    455000
yllcorner    2107000
cellsize     500
NODATA_value     -99999
[rows 34 to 67 of 136, columns 77 to 153 of 168]
0.00 0.00 0.00 0.00 0.13 1.48 2.93 4.48 6.14 7.91 9.78 11.76 13.85 16.04 18.33 20.73 23.24 25.85 28.57 31.39 34.32 37.35 40.47 43.49 46.28 48.84 51.18 53.30 55.20 56.89 58.37 59.66 60.75 61.65 62.36 62.90 63.25 63.44 63.46 63.32 63.02 62.57 61.98 61.24 60.38 59.45 58.52 57.61 56.72 55.85 55.00 54.17 53.37 52.59 51.83 51.11 50.41 49.74 49.10 48.50 47.93 47.40 46.90 46.44 46.01 45.63 45.29 45.00 44.75 44.54 44.40 44.33 44.33 44.39 44.51 44.68 44.91
0.00 0.00 0.00 0.00 0.00 0.61 2.09 3.68 5.39 7.19 9.11 11.13 13.27 15.51 17.85 20.31 22.87 25.53 28.31 31.19 34.18 37.28 40.46 43.55 46.41 49.04 51.44 53.63 55.60 57.36 58.92 60.28 61.44 62.41 63.20 63.80 64.24 64.50 64.59 64.53 64.31 63.94 63.42 62.76 61.97 61.05 60.08 59.11 58.15 57.23 56.32 55.43 54.57 53.74 52.94 52.16 51.41 50.70 50.01 49.36 48.75 48.17 47.64 47.14 46.68 46.26 45.88 45.55 45.27 45.06 44.92 44.85 44.84 44.90 45.02 45.19 45.41
0.00 0.00 0.00 0.00 0.00 0.00 1.35 2.98 4.71 6.56 8.51 10.58 12.75 15.03 17.43 19.93 22.54 25.26 28.09 31.02 34.07 37.22 40.47 43.62 46.54 49.23 51.70 53.95 55.99 57.81 59.44 60.86 62.09 63.13 63.98 64.66 65.16 65.49 65.66 65.67 65.52 65.22 64.78 64.20 63.48 62.63 61.66 60.63 59.62 58.63 57.66 56.72 55.80 54.91 54.05 53.22 52.42 51.66 50.93 50.23 49.57 48.95 48.37 47.82 47.32 46.87 46.45 46.09 45.80 45.58 45.44 45.37 45.36 45.41 45.53 45.70 45.92
0.00 0.00 0.00 0.00 0.00 0.00 0.70 2.35 4.12 6.00 7.99 10.09 12.30 14.62 17.05 19.60 22.25 25.02 27.89 30.88 33.98 37.19 40.49 43.70 46.67 49.42 51.95 54.26 56.35 58.24 59.93 61.41 62.70 63.81 64.72 65.46 66.03 66.43 66.66 66.73 66.65 66.42 66.05 65.53 64.88 64.11 63.20 62.18 61.11 60.06 59.03 58.02 57.05 56.10 55.18 54.29 53.44 52.62 51.84 51.09 50.38 49.71 49.08 48.50 47.95 47.45 47.00 46.63 46.33 46.11 45.96 45.89 45.88 45.93 46.04 46.21 46.43
0.00 0.00 0.00 0.00 0.00 0.00 0.14 1.82 3.61 5.51 7.53 9.66 11.91 14.26 16.73 19.31 22.01 24.81 27.73 30.77 33.91 37.17 40.52 43.78 46.81 49.61 52.19 54.55 56.71 58.65 60.39 61.93 63.28 64.44 65.42 66.22 66.84 67.30 67.59 67.73 67.71 67.54 67.23 66.78 66.19 65.48 64.64 63.68 62.62 61.51 60.41 59.34 58.30 57.29 56.31 55.37 54.45 53.58 52.74 51.94 51.18 50.46 49.78 49.14 48.55 48.02 47.55 47.17 46.87 46.64 46.49 46.41 46.40 46.45 46.56 46.73 46.95
0.00 0.00 0.00 0.00 0.00 0.00 0.00 1.37 3.18 5.11 7.15 9.30 11.57 13.96 16.46 19.07 21.80 24.65 27.61 30.68 33.86 37.17 40.56 43.87 46.94 49.80 52.42 54.84 57.04 59.03 60.82 62.41 63.81 65.03 66.06 66.91 67.59 68.11 68.46 68.65 68.69 68.58 68.32 67.93 67.41 66.75 65.97 65.08 64.07 62.96 61.80 60.66 59.56 58.48 57.44 56.43 55.46 54.53 53.63 52.77 51.96 51.18 50.45 49.76 49.13 48.58 48.11 47.72 47.41 47.18 47.03 46.94 46.93 46.97 47.08 47.25 47.47
0.00 0.00 0.00 0.00 0.00 0.00 0.00 1.00 2.83 4.77 6.83 9.01 11.30 13.71 16.24 18.88 21.64 24.51 27.51 30.61 33.84 37.18 40.61 43.96 47.08 49.97 52.65 55.10 57.35 59.39 61.22 62.86 64.31 65.57 66.65 67.55 68.28 68.85 69.25 69.49 69.58 69.53 69.33 68.99 68.52 67.92 67.20 66.36 65.40 64.34 63.18 61.99 60.81 59.67 58.56 57.49 56.45 55.46 54.50 53.58 52.71 51.88 51.09 50.36 49.71 49.14 48.67 48.27 47.96 47.73 47.57 47.48 47.46 47.50 47.61 47.77 47.98
0.00 0.00 0.00 0.00 0.00 0.00 0.00 0.72 2.56 4.51 6.59 8.78 11.09 13.52 16.06 18.73 21.51 24.41 27.43 30.57 33.83 37.20 40.67 44.06 47.21 50.15 52.86 55.35 57.64 59.72 61.59 63.28 64.77 66.07 67.19 68.14 68.92 69.52 69.97 70.26 70.40 70.39 70.24 69.95 69.53 68.98 68.31 67.52 66.62 65.61 64.50 63.30 62.06 60.85 59.67 58.53 57.43 56.36 55.34 54.36 53.43 52.54 51.70 50.95 50.29 49.72 49.23 48.84 48.52 48.28 48.12 48.02 48.00 48.03 48.13 48.29 48.51
0.00 0.00 0.00 0.00 0.00 0.00 0.00 0.52 2.36 4.33 6.41 8.61 10.93 13.38 15.94 18.62 21.42 24.35 27.39 30.55 33.84 37.24 40.74 44.16 47.35 50.31 53.06 55.59 57.91 60.02 61.93 63.65 65.18 66.52 67.68 68.67 69.48 70.13 70.62 70.95 71.13 71.17 71.06 70.81 70.44 69.93 69.31 68.57 67.71 66.75 65.69 64.53 63.28 62.01 60.76 59.55 58.37 57.24 56.16 55.11 54.11 53.17 52.31 51.55 50.88 50.30 49.81 49.41 49.08 48.84 48.67 48.57 48.54 48.57 48.67 48.82 49.03
0.00 0.00 0.00 0.00 0.00 0.00 0.00 0.41 2.25 4.21 6.30 8.50 10.83 13.29 15.86 18.56 21.37 24.31 27.37 30.56 33.86 37.29 40.82 44.26 47.48 50.47 53.24 55.80 58.15 60.30 62.24 63.99 65.55 66.93 68.12 69.14 69.99 70.67 71.20 71.57 71.78 71.85 71.79 71.58 71.24 70.78 70.20 69.50 68.69 67.77 66.75 65.63 64.42 63.14 61.82 60.53 59.29 58.09 56.93 55.82 54.76 53.79 52.92 52.15 51.48 50.89 50.39 49.98 49.65 49.40 49.22 49.12 49.08 49.11 49.20 49.35 49.56
0.00 0.00 0.00 0.00 0.00 0.00 0.00 0.37 2.20 4.16 6.25 8.46 10.79 13.25 15.83 18.53 21.36 24.31 27.38 30.58 33.90 37.35 40.90 44.36 47.60 50.62 53.41 56.00 58.37 60.54 62.51 64.29 65.88 67.28 68.50 69.55 70.43 71.15 71.70 72.10 72.35 72.46 72.42 72.25 71.95 71.52 70.97 70.31 69.53 68.65 67.67 66.60 65.43 64.17 62.84 61.49 60.17 58.90 57.67 56.49 55.41 54.43 53.55 52.77 52.08 51.49 50.99 50.57 50.23 49.97 49.79 49.68 49.63 49.66 49.74 49.89 50.09
0.00 0.00 0.00 0.00 0.00 0.00 0.00 0.41 2.24 4.19 6.27 8.47 10.80 13.26 15.84 18.54 21.38 24.34 27.42 30.63 33.96 37.42 40.99 44.46 47.72 50.76 53.57 56.17 58.57 60.76 62.75 64.55 66.16 67.59 68.83 69.91 70.81 71.55 72.13 72.56 72.83 72.97 72.96 72.82 72.55 72.15 71.63 71.00 70.26 69.41 68.46 67.42 66.29 65.07 63.77 62.40 61.01 59.66 58.36 57.16 56.06 55.07 54.18 53.39 52.70 52.10 51.59 51.16 50.81 50.55 50.36 50.24 50.19 50.21 50.29 50.43 50.62
0.00 0.00 0.00 0.00 0.00 0.00 0.00 0.53 2.34 4.28 6.35 8.54 10.87 13.32 15.89 18.60 21.43 24.39 27.48 30.69 34.03 37.50 41.08 44.57 47.84 50.88 53.71 56.33 58.74 60.94 62.95 64.77 66.40 67.84 69.11 70.20 71.12 71.88 72.48 72.93 73.23 73.39 73.40 73.29 73.04 72.67 72.18 71.57 70.86 70.04 69.12 68.10 67.00 65.81 64.54 63.20 61.79 60.38 59.05 57.83 56.73 55.73 54.83 54.03 53.33 52.72 52.19 51.76 51.40 51.13 50.93 50.81 50.75 50.76 50.84 50.97 51.16
0.00 0.00 0.00 0.00 0.00 0.00 0.00 0.73 2.52 4.44 6.50 8.68 10.98 13.42 15.99 18.69 21.52 24.47 27.56 30.77 34.12 37.59 41.17 44.67 47.94 51.00 53.84 56.46 58.88 61.10 63.12 64.95 66.59 68.04 69.32 70.43 71.37 72.14 72.76 73.23 73.54 73.72 73.75 73.65 73.43 73.07 72.60 72.02 71.33 70.53 69.64 68.65 67.57 66.40 65.16 63.84 62.47 61.08 59.75 58.52 57.40 56.39 55.48 54.67 53.96 53.34 52.81 52.37 52.00 51.72 51.52 51.38 51.32 51.32 51.39 51.51 51.70
0.00 0.00 0.00 0.00 0.00 0.00 0.00 1.01 2.78 4.67 6.70 8.86 11.16 13.58 16.13 18.82 21.64 24.58 27.66 30.87 34.21 37.68 41.26 44.77 48.04 51.10 53.94 56.57 59.00 61.22 63.25 65.08 66.73 68.19 69.48 70.60 71.55 72.33 72.96 73.44 73.77 73.95 74.00 73.92 73.71 73.37 72.92 72.35 71.67 70.90 70.02 69.05 67.99 66.84 65.62 64.34 63.04 61.74 60.45 59.22 58.09 57.07 56.15 55.33 54.61 53.98 53.44 52.98 52.61 52.32 52.10 51.96 51.89 51.89 51.95 52.07 52.24
0.00 0.00 0.00 0.00 0.00 0.00 0.00 1.36 3.10 4.97 6.97 9.11 11.38 13.78 16.32 18.98 21.79 24.72 27.79 30.99 34.32 37.78 41.36 44.86 48.14 51.19 54.03 56.66 59.09 61.31 63.34 65.17 66.82 68.29 69.58 70.70 71.66 72.45 73.08 73.57 73.90 74.10 74.15 74.08 73.88 73.55 73.11 72.55 71.89 71.13 70.26 69.31 68.26 67.13 65.94 64.73 63.52 62.31 61.11 59.93 58.79 57.76 56.83 56.00 55.26 54.62 54.07 53.60 53.22 52.92 52.70 52.55 52.47 52.46 52.51 52.62 52.79
0.00 0.00 0.00 0.00 0.00 0.00 0.22 1.79 3.49 5.33 7.30 9.41 11.65 14.03 16.54 19.18 21.97 24.88 27.93 31.12 34.44 37.89 41.46 44.95 48.22 51.27 54.10 56.73 59.15 61.36 63.39 65.22 66.87 68.33 69.62 70.74 71.70 72.49 73.13 73.61 73.95 74.15 74.21 74.14 73.94 73.62 73.18 72.63 71.98 71.22 70.37 69.42 68.38 67.28 66.15 65.03 63.91 62.80 61.69 60.59 59.50 58.46 57.51 56.67 55.93 55.27 54.71 54.24 53.85 53.54 53.30 53.14 53.06 53.03 53.08 53.18 53.34
0.00 0.00 0.00 0.00 0.00 0.00 0.77 2.29 3.95 5.75 7.69 9.76 11.97 14.32 16.80 19.42 22.18 25.07 28.10 31.26 34.56 38.00 41.56 45.03 48.29 51.33 54.15 56.76 59.17 61.38 63.40 65.22 66.86 68.32 69.60 70.72 71.67 72.46 73.09 73.57 73.91 74.10 74.16 74.09 73.89 73.57 73.14 72.59 71.94 71.18 70.33 69.39 68.37 67.33 66.29 65.26 64.23 63.21 62.19 61.17 60.16 59.16 58.21 57.36 56.60 55.94 55.36 54.88 54.48 54.16 53.91 53.74 53.65 53.62 53.65 53.75 53.90
0.00 0.00 0.00 0.00 0.00 0.05 1.39 2.87 4.48 6.24 8.13 10.17 12.34 14.65 17.10 19.69 22.41 25.28 28.28 31.42 34.70 38.12 41.65 45.11 48.35 51.37 54.18 56.78 59.17 61.36 63.37 65.18 66.80 68.25 69.52 70.63 71.57 72.35 72.97 73.44 73.77 73.96 74.01 73.94 73.73 73.41 72.97 72.42 71.76 71.01 70.16 69.23 68.27 67.32 66.37 65.42 64.48 63.54 62.60 61.67 60.75 59.83 58.92 58.05 57.28 56.61 56.02 55.53 55.11 54.78 54.53 54.35 54.24 54.20 54.23 54.31 54.46
0.00 0.00 0.00 0.00 0.00 0.80 2.09 3.51 5.08 6.79 8.64 10.63 12.76 15.03 17.44 19.99 22.68 25.51 28.48 31.59 34.84 38.23 41.75 45.18 48.40 51.40 54.18 56.76 59.13 61.31 63.29 65.09 66.69 68.13 69.38 70.47 71.39 72.16 72.77 73.23 73.54 73.72 73.76 73.68 73.46 73.13 72.68 72.12 71.46 70.70 69.85 68.98 68.11 67.24 66.37 65.51 64.65 63.80 62.94 62.10 61.25 60.41 59.58 58.76 57.98 57.29 56.69 56.19 55.76 55.42 55.15 54.97 54.85 54.80 54.81 54.89 55.02
0.00 0.00 0.00 0.00 0.55 1.63 2.86 4.23 5.74 7.40 9.20 11.14 13.22 15.44 17.81 20.32 22.97 25.76 28.70 31.78 34.99 38.35 41.84 45.24 48.43 51.40 54.16 56.72 59.07 61.22 63.18 64.95 66.53 67.94 69.18 70.24 71.15 71.89 72.48 72.93 73.23 73.38 73.41 73.31 73.08 72.73 72.27 71.70 71.02 70.26 69.47 68.68 67.90 67.11 66.33 65.54 64.77 63.99 63.22 62.45 61.69 60.93 60.17 59.42 58.68 57.98 57.37 56.85 56.42 56.06 55.79 55.59 55.46 55.40 55.40 55.47 55.59
0.00 0.00 0.00 0.66 1.53 2.55 3.71 5.02 6.47 8.07 9.81 11.70 13.73 15.90 18.22 20.68 23.29 26.04 28.93 31.97 35.15 38.47 41.92 45.30 48.45 51.39 54.12 56.64 58.96 61.08 63.01 64.76 66.32 67.70 68.91 69.95 70.83 71.55 72.12 72.54 72.81 72.95 72.95 72.83 72.58 72.22 71.73 71.15 70.47 69.76 69.05 68.34 67.63 66.93 66.22 65.52 64.82 64.12 63.43 62.74 62.05 61.37 60.69 60.01 59.34 58.68 58.06 57.53 57.08 56.71 56.43 56.21 56.07 56.00 56.00 56.05 56.17
0.26 0.63 1.14 1.79 2.59 3.54 4.64 5.88 7.27 8.80 10.48 12.31 14.28 16.40 18.66 21.07 23.63 26.33 29.18 32.17 35.31 38.59 42.00 45.34 48.46 51.36 54.05 56.54 58.82 60.91 62.81 64.52 66.05 67.40 68.57 69.58 70.43 71.12 71.66 72.06 72.30 72.41 72.39 72.24 71.97 71.58 71.07 70.48 69.85 69.22 68.59 67.96 67.33 66.70 66.07 65.45 64.82 64.20 63.58 62.97 62.35 61.74 61.14 60.53 59.94 59.34 58.76 58.22 57.75 57.37 57.07 56.85 56.70 56.62 56.60 56.64 56.75
1.73 2.01 2.44 3.01 3.74 4.61 5.64 6.81 8.12 9.59 11.21 12.97 14.88 16.94 19.14 21.50 24.00 26.64 29.44 32.38 35.47 38.71 42.08 45.37 48.45 51.31 53.96 56.41 58.65 60.70 62.56 64.23 65.72 67.03 68.17 69.15 69.96 70.62 71.13 71.48 71.70 71.78 71.73 71.55 71.24 70.82 70.31 69.76 69.20 68.65 68.09 67.54 66.99 66.43 65.88 65.33 64.78 64.23 63.68 63.14 62.60 62.06 61.52 60.99 60.46 59.94 59.42 58.91 58.44 58.04 57.73 57.49 57.33 57.23 57.21 57.24 57.33
3.30 3.49 3.83 4.33 4.97 5.76 6.71 7.80 9.04 10.44 11.98 13.67 15.52 17.51 19.65 21.94 24.39 26.98 29.72 32.60 35.64 38.83 42.14 45.39 48.42 51.24 53.84 56.24 58.44 60.44 62.26 63.89 65.33 66.61 67.71 68.64 69.42 70.03 70.50 70.82 71.00 71.04 70.95 70.74 70.40 69.96 69.49 69.01 68.53 68.05 67.57 67.09 66.61 66.13 65.65 65.17 64.69 64.21 63.73 63.26 62.79 62.32 61.85 61.38 60.92 60.47 60.01 59.56 59.12 58.72 58.39 58.14 57.97 57.86 57.82 57.84 57.92
4.96 5.07 5.32 5.72 6.28 6.99 7.85 8.86 10.03 11.34 12.81 14.43 16.20 18.12 20.19 22.42 24.80 27.32 30.00 32.83 35.81 38.94 42.20 45.40 48.37 51.14 53.69 56.04 58.19 60.15 61.91 63.49 64.89 66.12 67.17 68.06 68.79 69.37 69.79 70.07 70.20 70.20 70.07 69.82 69.46 69.06 68.66 68.25 67.84 67.44 67.03 66.62 66.21 65.79 65.38 64.97 64.56 64.15 63.74 63.33 62.93 62.52 62.12 61.72 61.33 60.93 60.54 60.16 59.78 59.40 59.07 58.80 58.61 58.49 58.44 58.45 58.52
6.68 6.74 6.90 7.21 7.67 8.29 9.06 9.99 11.07 12.30 13.69 15.23 16.92 18.77 20.77 22.92 25.23 27.69 30.30 33.06 35.98 39.05 42.25 45.39 48.31 51.02 53.52 55.81 57.90 59.81 61.52 63.04 64.39 65.57 66.57 67.41 68.09 68.61 68.99 69.22 69.31 69.26 69.08 68.80 68.48 68.15 67.82 67.48 67.14 66.81 66.46 66.12 65.78 65.44 65.09 64.75 64.40 64.06 63.71 63.37 63.03 62.69 62.35 62.01 61.68 61.35 61.02 60.69 60.37 60.05 59.74 59.47 59.27 59.13 59.07 59.06 59.12
8.40 8.45 8.56 8.78 9.14 9.67 10.35 11.18 12.17 13.32 14.62 16.07 17.68 19.45 21.37 23.45 25.68 28.07 30.61 33.30 36.15 39.16 42.30 45.37 48.23 50.87 53.31 55.54 57.58 59.42 61.07 62.54 63.83 64.95 65.90 66.68 67.31 67.78 68.10 68.27 68.31 68.21 68.00 67.75 67.50 67.24 66.97 66.71 66.44 66.16 65.89 65.61 65.33 65.06 64.78 64.49 64.21 63.93 63.65 63.37 63.09 62.81 62.53 62.25 61.98 61.71 61.44 61.17 60.91 60.65 60.39 60.14 59.93 59.78 59.70 59.68 59.73
10.13 10.16 10.26 10.42 10.69 11.12 11.70 12.44 13.33 14.38 15.59 16.96 18.49 20.17 22.00 24.00 26.15 28.46 30.92 33.54 36.32 39.26 42.33 45.33 48.12 50.70 53.07 55.24 57.21 58.99 60.58 61.98 63.21 64.27 65.15 65.88 66.44 66.85 67.12 67.23 67.21 67.08 66.90 66.71 66.52 66.33 66.13 65.93 65.72 65.52 65.31 65.09 64.88 64.66 64.44 64.22 64.00 63.78 63.56 63.34 63.11 62.89 62.67 62.46 62.24 62.02 61.81 61.60 61.39 61.18 60.98 60.78 60.59 60.43 60.34 60.31 60.34
11.85 11.87 11.95 12.10 12.32 12.64 13.12 13.76 14.55 15.51 16.62 17.89 19.33 20.92 22.67 24.57 26.64 28.86 31.25 33.79 36.49 39.35 42.34 45.27 47.99 50.50 52.80 54.90 56.80 58.51 60.03 61.37 62.53 63.52 64.34 65.00 65.50 65.84 66.04 66.10 66.04 65.93 65.81 65.69 65.56 65.43 65.30 65.16 65.02 64.87 64.72 64.57 64.41 64.26 64.10 63.93 63.77 63.61 63.44 63.28 63.11 62.95 62.79 62.62 62.46 62.30 62.14 61.98 61.82 61.67 61.52 61.37 61.23 61.09 60.99 60.94 60.96
13.56 13.56 13.63 13.77 13.96 14.23 14.61 15.14 15.83 16.68 17.69 18.87 20.20 21.70 23.35 25.17 27.15 29.28 31.58 34.04 36.65 39.43 42.35 45.20 47.84 50.28 52.50 54.52 56.35 57.98 59.43 60.70 61.79 62.70 63.45 64.04 64.47 64.75 64.88 64.89 64.85 64.80 64.75 64.69 64.62 64.55 64.48 64.40 64.32 64.23 64.14 64.04 63.94 63.84 63.74 63.64 63.53 63.42 63.31 63.20 63.09 62.98 62.87 62.76 62.65 62.54 62.43 62.32 62.21 62.11 62.01 61.91 61.82 61.72 61.64 61.58 61.59
15.25 15.24 15.29 15.41 15.59 15.84 16.15 16.58 17.16 17.91 18.81 19.88 21.11 22.51 24.07 25.79 27.67 29.71 31.92 34.29 36.82 39.51 42.34 45.11 47.67 50.02 52.16 54.11 55.85 57.41 58.78 59.97 60.98 61.82 62.49 63.00 63.36 63.56 63.64 63.67 63.69 63.70 63.71 63.71 63.70 63.69 63.68 63.65 63.63 63.60 63.56 63.52 63.48 63.43 63.39 63.33 63.28 63.23 63.17 63.11 63.05 62.99 62.93 62.87 62.81 62.74 62.68 62.63 62.57 62.51 62.46 62.40 62.35 62.31 62.26 62.23 62.22
16.91 16.89 16.93 17.03 17.19 17.42 17.71 18.07 18.55 19.18 19.98 20.94 22.06 23.35 24.81 26.42 28.21 30.15 32.26 34.54 36.97 39.57 42.32 45.00 47.47 49.74 51.80 53.65 55.31 56.79 58.07 59.18 60.11 60.87 61.46 61.89 62.17 62.31 62.41 62.49 62.57 62.64 62.70 62.76 62.81 62.86 62.89 62.93 62.96 62.98 63.00 63.01 63.02 63.03 63.03 63.03 63.03 63.02 63.02 63.01 63.00 62.98 62.97 62.96 62.94 62.93 62.91 62.90 62.89 62.88 62.87 62.86 62.85 62.85 62.84 62.85 62.85
18.55 18.51 18.53 18.62 18.76 18.97 19.24 19.57 19.98 20.50 21.19 22.03 23.05 24.23 25.57 27.08 28.76 30.60 32.61 34.79 37.13 39.63 42.28 44.87 47.25 49.42 51.39 53.16 54.73 56.11 57.31 58.33 59.17 59.84 60.35 60.70 60.91 61.07 61.22 61.36 61.49 61.62 61.74 61.85 61.95 62.05 62.14 62.23 62.31 62.38 62.45 62.52 62.58 62.63 62.68 62.73 62.78 62.82 62.86 62.90 62.93 62.97 63.00 63.03 63.06 63.09 63.12 63.15 63.18 63.21 63.24 63.27 63.31 63.34 63.38 63.42 63.47
