data_output/RCH/Precip_2001_03.asc
ncols        168
nrows        136
xllcorner    455000
yllcorner    2107000
cellsize     500
NODATA_value     -99999
[rows 72 to 107 of 136, columns 81 to 161 of 168]
0.00 0.00 0.00 0.00 0.00 0.00 0.00 0.00 0.00 0.00 0.00 0.21 0.69 1.22 1.79 2.40 3.04 3.71 4.39 5.07 5.76 6.44 7.13 7.81 8.50 9.18 9.86 10.53 11.20 11.86 12.52 13.16 13.80 14.43 15.05 15.66 16.25 16.83 17.39 17.92 18.43 18.91 19.37 19.80 20.21 20.59 20.95 21.28 21.59 21.87 22.13 22.36 22.56 22.74 22.89 23.01 23.11 23.20 23.27 23.34 23.39 23.43 23.47 23.49 23.50 23.50 23.49 23.47 23.44 23.40 23.34 23.28 23.21 23.12 23.03 22.93 22.82 22.70 22.59 22.47 22.34
0.00 0.00 0.00 0.00 0.00 0.00 0.00 0.00 0.00 0.00 0.06 0.53 1.04 1.59 2.18 2.81 3.47 4.14 4.81 5.48 6.16 6.84 7.52 8.20 8.88 9.55 10.22 10.89 11.55 12.21 12.86 13.51 14.14 14.77 15.38 15.99 16.58 17.16 17.72 18.26 18.78 19.27 19.73 20.17 20.59 20.98 21.34 21.68 21.99 22.28 22.54 22.78 22.99 23.17 23.33 23.46 23.56 23.65 23.73 23.80 23.86 23.91 23.94 23.97 23.98 23.99 23.98 23.96 23.93 23.89 23.84 23.78 23.71 23.63 23.54 23.44 23.34 23.23 23.12 23.01 22.88
0.00 0.00 0.00 0.00 0.00 0.00 0.00 0.00 0.00 0.00 0.38 0.87 1.40 1.97 2.59 3.23 3.89 4.55 5.22 5.88 6.55 7.23 7.90 8.57 9.24 9.91 10.58 11.25 11.90 12.56 13.20 13.84 14.47 15.10 15.71 16.31 16.90 17.48 18.04 18.59 19.11 19.61 20.08 20.53 20.95 21.35 21.72 22.06 22.38 22.68 22.95 23.19 23.40 23.59 23.75 23.89 24.00 24.09 24.18 24.25 24.32 24.37 24.41 24.44 24.46 24.46 24.46 24.45 24.42 24.38 24.34 24.28 24.21 24.13 24.04 23.95 23.86 23.76 23.65 23.54 23.42
0.00 0.00 0.00 0.00 0.00 0.00 0.00 0.00 0.00 0.24 0.71 1.22 1.78 2.38 3.01 3.65 4.30 4.95 5.61 6.27 6.94 7.60 8.27 8.94 9.60 10.27 10.93 11.59 12.24 12.89 13.54 14.17 14.80 15.42 16.03 16.63 17.21 17.79 18.35 18.90 19.43 19.93 20.41 20.87 21.30 21.70 22.08 22.43 22.76 23.06 23.33 23.58 23.80 24.00 24.17 24.31 24.42 24.52 24.62 24.69 24.76 24.82 24.86 24.90 24.92 24.93 24.93 24.92 24.90 24.86 24.82 24.76 24.70 24.62 24.55 24.46 24.37 24.28 24.18 24.07 23.95
0.00 0.00 0.00 0.00 0.00 0.00 0.00 0.00 0.12 0.57 1.06 1.60 2.18 2.79 3.42 4.05 4.69 5.34 5.99 6.65 7.31 7.97 8.63 9.29 9.95 10.61 11.27 11.92 12.57 13.22 13.86 14.49 15.11 15.73 16.34 16.93 17.52 18.09 18.65 19.20 19.73 20.24 20.73 21.19 21.63 22.04 22.42 22.78 23.12 23.42 23.71 23.96 24.19 24.39 24.56 24.71 24.83 24.94 25.04 25.12 25.19 25.26 25.31 25.34 25.37 25.39 25.39 25.38 25.36 25.33 25.29 25.24 25.18 25.11 25.04 24.96 24.88 24.79 24.69 24.59 24.48
0.00 0.00 0.00 0.00 0.00 0.00 0.00 0.01 0.43 0.91 1.42 1.99 2.58 3.20 3.82 4.44 5.08 5.72 6.36 7.01 7.66 8.32 8.97 9.63 10.29 10.94 11.59 12.24 12.89 13.53 14.17 14.80 15.42 16.03 16.64 17.23 17.81 18.38 18.94 19.49 20.01 20.53 21.02 21.49 21.94 22.36 22.75 23.12 23.46 23.77 24.06 24.32 24.56 24.77 24.95 25.10 25.23 25.34 25.44 25.53 25.61 25.68 25.73 25.78 25.81 25.83 25.83 25.83 25.82 25.79 25.75 25.70 25.65 25.59 25.53 25.46 25.38 25.29 25.20 25.10 24.99
0.00 0.00 0.00 0.00 0.00 0.00 0.00 0.32 0.77 1.26 1.81 2.39 2.98 3.58 4.20 4.82 5.44 6.08 6.71 7.36 8.00 8.65 9.30 9.96 10.61 11.26 11.91 12.55 13.20 13.83 14.47 15.09 15.71 16.32 16.92 17.51 18.10 18.66 19.22 19.76 20.29 20.81 21.30 21.78 22.23 22.66 23.06 23.44 23.79 24.11 24.40 24.67 24.91 25.13 25.31 25.47 25.61 25.73 25.84 25.93 26.02 26.09 26.15 26.20 26.23 26.25 26.27 26.27 26.25 26.23 26.20 26.16 26.12 26.07 26.01 25.94 25.87 25.79 25.70 25.60 25.49
0.00 0.00 0.00 0.00 0.00 0.00 0.21 0.64 1.11 1.63 2.19 2.77 3.36 3.95 4.56 5.17 5.79 6.42 7.05 7.69 8.33 8.97 9.62 10.27 10.91 11.56 12.21 12.85 13.49 14.12 14.75 15.37 15.99 16.60 17.20 17.79 18.37 18.93 19.49 20.03 20.56 21.07 21.57 22.05 22.51 22.95 23.35 23.74 24.09 24.42 24.72 25.00 25.25 25.47 25.66 25.83 25.97 26.10 26.21 26.31 26.40 26.48 26.55 26.60 26.64 26.67 26.68 26.69 26.68 26.67 26.64 26.61 26.57 26.53 26.48 26.41 26.35 26.27 26.18 26.09 25.98
0.00 0.00 0.00 0.00 0.00 0.12 0.52 0.97 1.47 2.01 2.57 3.13 3.71 4.30 4.90 5.51 6.12 6.75 7.37 8.00 8.64 9.28 9.92 10.56 11.21 11.85 12.49 13.13 13.76 14.39 15.02 15.64 16.25 16.86 17.46 18.05 18.62 19.19 19.75 20.29 20.81 21.33 21.82 22.30 22.77 23.21 23.63 24.02 24.38 24.72 25.03 25.31 25.57 25.80 26.00 26.17 26.32 26.45 26.57 26.68 26.78 26.86 26.93 26.99 27.03 27.07 27.09 27.10 27.10 27.09 27.07 27.05 27.02 26.98 26.93 26.88 26.81 26.73 26.65 26.56 26.45
0.00 0.00 0.00 0.00 0.04 0.41 0.84 1.32 1.83 2.37 2.92 3.48 4.05 4.63 5.23 5.83 6.44 7.05 7.67 8.30 8.93 9.57 10.20 10.84 11.48 12.12 12.75 13.39 14.02 14.65 15.27 15.89 16.50 17.11 17.70 18.29 18.87 19.43 19.99 20.53 21.05 21.57 22.06 22.55 23.01 23.45 23.88 24.28 24.65 24.99 25.31 25.60 25.87 26.10 26.31 26.49 26.65 26.79 26.91 27.03 27.13 27.22 27.29 27.36 27.41 27.45 27.47 27.49 27.50 27.50 27.49 27.48 27.45 27.42 27.37 27.32 27.26 27.19 27.10 27.01 26.91
0.00 0.00 0.00 0.00 0.32 0.72 1.17 1.67 2.18 2.71 3.25 3.80 4.37 4.94 5.53 6.13 6.73 7.34 7.95 8.58 9.20 9.83 10.46 11.10 11.73 12.37 13.00 13.63 14.26 14.89 15.51 16.13 16.74 17.34 17.93 18.52 19.09 19.66 20.21 20.75 21.28 21.79 22.29 22.77 23.24 23.68 24.11 24.52 24.90 25.25 25.58 25.88 26.15 26.39 26.61 26.79 26.96 27.10 27.24 27.36 27.47 27.56 27.64 27.71 27.77 27.81 27.85 27.87 27.89 27.90 27.90 27.89 27.87 27.84 27.80 27.75 27.69 27.62 27.54 27.45 27.34
0.00 0.00 0.00 0.23 0.61 1.03 1.50 1.99 2.50 3.02 3.56 4.10 4.66 5.23 5.81 6.40 7.00 7.60 8.21 8.83 9.45 10.08 10.71 11.34 11.97 12.60 13.23 13.86 14.49 15.11 15.73 16.34 16.95 17.55 18.14 18.73 19.30 19.87 20.42 20.96 21.49 22.00 22.50 22.98 23.45 23.90 24.33 24.74 25.12 25.49 25.82 26.13 26.41 26.66 26.88 27.08 27.25 27.40 27.54 27.67 27.78 27.88 27.97 28.05 28.11 28.16 28.20 28.24 28.26 28.28 28.29 28.28 28.27 28.24 28.21 28.16 28.10 28.04 27.96 27.86 27.76
0.00 0.00 0.16 0.50 0.90 1.35 1.82 2.30 2.80 3.31 3.84 4.38 4.93 5.50 6.07 6.65 7.25 7.85 8.45 9.06 9.68 10.30 10.93 11.55 12.18 12.81 13.44 14.06 14.69 15.31 15.93 16.54 17.14 17.74 18.34 18.92 19.49 20.06 20.61 21.15 21.68 22.19 22.69 23.18 23.64 24.09 24.53 24.94 25.33 25.70 26.04 26.36 26.64 26.90 27.13 27.34 27.52 27.68 27.82 27.96 28.08 28.19 28.28 28.36 28.43 28.50 28.55 28.59 28.62 28.64 28.66 28.66 28.65 28.63 28.60 28.55 28.50 28.43 28.35 28.26 28.15
0.00 0.09 0.41 0.78 1.20 1.64 2.10 2.58 3.07 3.58 4.10 4.63 5.18 5.74 6.30 6.88 7.47 8.06 8.67 9.27 9.89 10.50 11.12 11.75 12.37 13.00 13.62 14.25 14.87 15.49 16.10 16.71 17.32 17.92 18.51 19.09 19.67 20.23 20.78 21.32 21.85 22.37 22.87 23.35 23.82 24.27 24.71 25.12 25.52 25.89 26.24 26.56 26.86 27.13 27.37 27.58 27.76 27.93 28.09 28.23 28.36 28.47 28.57 28.66 28.74 28.81 28.87 28.92 28.96 28.99 29.01 29.01 29.01 28.99 28.96 28.92 28.87 28.80 28.72 28.63 28.52
0.04 0.32 0.67 1.06 1.47 1.91 2.36 2.83 3.31 3.81 4.33 4.86 5.40 5.95 6.51 7.09 7.67 8.26 8.86 9.46 10.07 10.68 11.30 11.92 12.54 13.16 13.78 14.41 15.03 15.64 16.26 16.87 17.47 18.07 18.66 19.24 19.82 20.38 20.93 21.48 22.01 22.52 23.02 23.51 23.98 24.43 24.87 25.29 25.68 26.06 26.42 26.75 27.05 27.33 27.58 27.80 27.99 28.17 28.33 28.48 28.61 28.73 28.84 28.94 29.03 29.11 29.18 29.24 29.28 29.32 29.34 29.35 29.35 29.33 29.31 29.27 29.21 29.15 29.07 28.97 28.86
0.24 0.56 0.92 1.31 1.72 2.14 2.59 3.05 3.53 4.02 4.53 5.05 5.59 6.14 6.69 7.26 7.84 8.43 9.02 9.62 10.22 10.83 11.45 12.06 12.68 13.30 13.92 14.54 15.16 15.78 16.39 17.00 17.60 18.20 18.79 19.37 19.94 20.51 21.06 21.61 22.14 22.65 23.16 23.64 24.12 24.57 25.01 25.43 25.83 26.21 26.57 26.91 27.22 27.50 27.76 27.99 28.19 28.38 28.55 28.70 28.85 28.98 29.10 29.21 29.30 29.39 29.47 29.53 29.58 29.62 29.65 29.66 29.66 29.65 29.63 29.59 29.53 29.47 29.39 29.29 29.18
0.46 0.79 1.15 1.53 1.93 2.35 2.79 3.24 3.72 4.20 4.71 5.22 5.75 6.29 6.85 7.41 7.98 8.56 9.15 9.75 10.35 10.96 11.57 12.18 12.80 13.42 14.04 14.65 15.27 15.88 16.50 17.10 17.71 18.30 18.89 19.48 20.05 20.61 21.17 21.71 22.24 22.76 23.27 23.76 24.23 24.69 25.13 25.56 25.96 26.34 26.71 27.05 27.36 27.66 27.92 28.16 28.37 28.56 28.74 28.90 29.06 29.20 29.33 29.45 29.55 29.65 29.73 29.80 29.86 29.90 29.93 29.95 29.95 29.94 29.92 29.88 29.83 29.76 29.68 29.58 29.47
0.66 0.99 1.35 1.72 2.11 2.52 2.96 3.40 3.87 4.35 4.85 5.36 5.89 6.42 6.97 7.53 8.10 8.68 9.26 9.85 10.45 11.06 11.66 12.27 12.89 13.50 14.12 14.74 15.35 15.97 16.58 17.18 17.79 18.38 18.97 19.56 20.13 20.70 21.25 21.80 22.33 22.85 23.36 23.85 24.33 24.79 25.23 25.66 26.06 26.45 26.82 27.16 27.49 27.78 28.06 28.30 28.52 28.72 28.91 29.09 29.25 29.40 29.54 29.66 29.78 29.88 29.97 30.04 30.11 30.15 30.19 30.21 30.22 30.21 30.18 30.15 30.09 30.02 29.94 29.84 29.72
0.84 1.16 1.51 1.87 2.26 2.67 3.09 3.53 3.99 4.47 4.96 5.47 5.99 6.52 7.06 7.62 8.18 8.76 9.34 9.93 10.52 11.12 11.73 12.34 12.95 13.56 14.18 14.79 15.41 16.02 16.63 17.24 17.84 18.43 19.03 19.61 20.18 20.75 21.31 21.85 22.39 22.91 23.42 23.92 24.40 24.86 25.31 25.74 26.15 26.54 26.91 27.26 27.58 27.89 28.17 28.42 28.65 28.86 29.06 29.24 29.42 29.58 29.72 29.86 29.98 30.09 30.18 30.26 30.33 30.38 30.42 30.44 30.45 30.44 30.42 30.38 30.33 30.25 30.17 30.06 29.94
0.99 1.30 1.64 2.00 2.38 2.77 3.19 3.63 4.08 4.56 5.04 5.54 6.06 6.59 7.12 7.68 8.24 8.81 9.38 9.97 10.56 11.16 11.76 12.37 12.98 13.59 14.21 14.82 15.43 16.05 16.65 17.26 17.86 18.46 19.05 19.64 20.21 20.78 21.34 21.89 22.42 22.95 23.46 23.96 24.44 24.91 25.36 25.79 26.20 26.60 26.97 27.33 27.66 27.97 28.25 28.51 28.75 28.97 29.18 29.38 29.56 29.73 29.88 30.03 30.15 30.27 30.37 30.45 30.52 30.58 30.62 30.64 30.65 30.65 30.62 30.58 30.53 30.45 30.36 30.26 30.13
1.11 1.42 1.75 2.10 2.47 2.86 3.28 3.71 4.16 4.62 5.10 5.60 6.11 6.63 7.17 7.71 8.27 8.84 9.41 10.00 10.59 11.18 11.78 12.39 13.00 13.61 14.22 14.83 15.44 16.05 16.66 17.27 17.87 18.47 19.06 19.64 20.22 20.79 21.35 21.90 22.44 22.97 23.48 23.98 24.47 24.94 25.39 25.83 26.25 26.65 27.02 27.38 27.72 28.03 28.32 28.59 28.83 29.06 29.28 29.49 29.68 29.86 30.02 30.17 30.30 30.42 30.53 30.62 30.69 30.75 30.79 30.82 30.83 30.82 30.80 30.76 30.70 30.63 30.53 30.42 30.29
1.24 1.54 1.87 2.21 2.58 2.96 3.37 3.80 4.24 4.70 5.17 5.66 6.17 6.69 7.22 7.76 8.31 8.88 9.45 10.03 10.61 11.21 11.80 12.41 13.01 13.62 14.23 14.84 15.45 16.06 16.67 17.28 17.88 18.48 19.07 19.66 20.23 20.80 21.37 21.92 22.46 22.99 23.50 24.01 24.49 24.97 25.42 25.86 26.29 26.69 27.07 27.44 27.78 28.10 28.39 28.66 28.90 29.14 29.37 29.58 29.78 29.97 30.14 30.30 30.44 30.56 30.68 30.77 30.85 30.91 30.95 30.98 30.99 30.99 30.96 30.92 30.86 30.78 30.69 30.57 30.44
1.39 1.69 2.00 2.34 2.70 3.08 3.48 3.89 4.33 4.78 5.25 5.74 6.24 6.75 7.28 7.82 8.37 8.92 9.49 10.07 10.65 11.24 11.84 12.44 13.04 13.65 14.25 14.86 15.47 16.08 16.69 17.29 17.90 18.49 19.09 19.67 20.25 20.82 21.38 21.94 22.48 23.01 23.53 24.03 24.52 25.00 25.46 25.90 26.33 26.73 27.12 27.49 27.83 28.16 28.45 28.72 28.97 29.21 29.44 29.66 29.87 30.07 30.25 30.41 30.56 30.69 30.81 30.91 30.99 31.05 31.10 31.13 31.14 31.14 31.11 31.07 31.01 30.93 30.83 30.71 30.57
1.55 1.84 2.15 2.48 2.83 3.20 3.59 4.01 4.44 4.88 5.35 5.83 6.32 6.83 7.35 7.88 8.43 8.98 9.54 10.12 10.70 11.28 11.88 12.47 13.07 13.68 14.28 14.89 15.50 16.11 16.71 17.32 17.92 18.51 19.11 19.69 20.27 20.84 21.40 21.96 22.50 23.03 23.55 24.06 24.55 25.03 25.49 25.94 26.37 26.78 27.17 27.54 27.89 28.21 28.51 28.78 29.03 29.27 29.50 29.73 29.95 30.15 30.34 30.51 30.67 30.81 30.93 31.03 31.12 31.19 31.24 31.27 31.28 31.28 31.25 31.21 31.15 31.07 30.96 30.84 30.70
1.73 2.01 2.31 2.63 2.98 3.34 3.73 4.13 4.55 4.99 5.45 5.93 6.41 6.92 7.43 7.96 8.50 9.05 9.61 10.18 10.75 11.33 11.92 12.52 13.11 13.72 14.32 14.93 15.53 16.14 16.74 17.34 17.94 18.54 19.13 19.72 20.29 20.87 21.43 21.98 22.53 23.06 23.58 24.09 24.59 25.07 25.53 25.98 26.41 26.82 27.22 27.59 27.94 28.27 28.57 28.84 29.09 29.33 29.56 29.79 30.01 30.23 30.42 30.60 30.77 30.91 31.04 31.15 31.24 31.31 31.36 31.40 31.41 31.41 31.38 31.34 31.27 31.19 31.09 30.96 30.81
1.91 2.19 2.48 2.80 3.14 3.49 3.87 4.27 4.68 5.12 5.57 6.04 6.52 7.02 7.53 8.05 8.58 9.13 9.68 10.24 10.82 11.40 11.98 12.57 13.17 13.76 14.36 14.97 15.57 16.17 16.78 17.38 17.98 18.57 19.16 19.75 20.32 20.90 21.46 22.01 22.56 23.09 23.61 24.12 24.62 25.10 25.57 26.02 26.45 26.87 27.27 27.64 27.99 28.32 28.62 28.89 29.14 29.38 29.62 29.85 30.07 30.29 30.49 30.68 30.85 31.00 31.13 31.25 31.34 31.42 31.47 31.51 31.53 31.52 31.50 31.46 31.39 31.31 31.20 31.07 30.92
2.10 2.37 2.67 2.98 3.31 3.66 4.03 4.42 4.83 5.26 5.70 6.16 6.64 7.13 7.63 8.15 8.68 9.22 9.77 10.32 10.89 11.47 12.05 12.63 13.22 13.82 14.42 15.02 15.62 16.22 16.82 17.42 18.02 18.61 19.20 19.78 20.36 20.93 21.49 22.05 22.59 23.13 23.65 24.16 24.66 25.14 25.61 26.06 26.50 26.92 27.31 27.69 28.04 28.36 28.66 28.94 29.19 29.43 29.67 29.90 30.13 30.34 30.55 30.75 30.92 31.08 31.22 31.34 31.44 31.52 31.58 31.62 31.64 31.63 31.61 31.57 31.50 31.41 31.30 31.17 31.02
2.29 2.57 2.86 3.17 3.50 3.84 4.20 4.59 4.99 5.41 5.84 6.30 6.77 7.25 7.75 8.26 8.78 9.31 9.86 10.41 10.98 11.55 12.12 12.70 13.29 13.88 14.48 15.07 15.67 16.27 16.87 17.47 18.06 18.65 19.24 19.82 20.40 20.97 21.53 22.09 22.63 23.17 23.69 24.20 24.70 25.19 25.66 26.11 26.55 26.96 27.36 27.73 28.08 28.41 28.71 28.98 29.23 29.48 29.72 29.95 30.18 30.40 30.61 30.80 30.99 31.15 31.30 31.42 31.52 31.61 31.67 31.71 31.73 31.73 31.71 31.67 31.60 31.51 31.40 31.26 31.11
2.50 2.77 3.06 3.37 3.70 4.04 4.39 4.77 5.16 5.57 6.00 6.45 6.91 7.38 7.88 8.38 8.90 9.43 9.96 10.51 11.07 11.64 12.21 12.79 13.37 13.96 14.55 15.14 15.74 16.33 16.93 17.52 18.11 18.70 19.29 19.87 20.45 21.02 21.58 22.13 22.68 23.21 23.73 24.25 24.75 25.23 25.70 26.16 26.59 27.01 27.40 27.77 28.12 28.45 28.75 29.02 29.28 29.52 29.76 30.00 30.23 30.45 30.65 30.85 31.04 31.21 31.36 31.49 31.60 31.69 31.76 31.80 31.82 31.82 31.80 31.76 31.69 31.60 31.49 31.35 31.19
2.72 2.99 3.27 3.58 3.90 4.24 4.59 4.96 5.34 5.75 6.17 6.61 7.06 7.53 8.02 8.52 9.03 9.55 10.08 10.62 11.18 11.74 12.30 12.88 13.45 14.04 14.63 15.21 15.81 16.40 16.99 17.58 18.17 18.76 19.34 19.92 20.50 21.07 21.63 22.18 22.72 23.26 23.78 24.29 24.79 25.28 25.75 26.21 26.64 27.05 27.44 27.82 28.16 28.49 28.79 29.06 29.32 29.56 29.81 30.04 30.27 30.49 30.70 30.90 31.09 31.26 31.42 31.56 31.67 31.76 31.83 31.88 31.91 31.91 31.89 31.84 31.78 31.68 31.57 31.43 31.26
2.94 3.21 3.49 3.80 4.12 4.45 4.80 5.16 5.54 5.94 6.35 6.78 7.23 7.69 8.17 8.66 9.17 9.68 10.21 10.75 11.29 11.85 12.41 12.98 13.55 14.13 14.71 15.30 15.89 16.47 17.06 17.65 18.24 18.83 19.41 19.98 20.56 21.12 21.68 22.23 22.78 23.31 23.83 24.35 24.85 25.33 25.80 26.25 26.68 27.09 27.49 27.85 28.20 28.53 28.83 29.10 29.36 29.60 29.85 30.08 30.31 30.54 30.75 30.95 31.14 31.31 31.47 31.61 31.73 31.83 31.90 31.95 31.98 31.98 31.96 31.92 31.85 31.76 31.64 31.50 31.33
3.18 3.44 3.72 4.02 4.34 4.67 5.02 5.38 5.76 6.14 6.55 6.97 7.41 7.87 8.34 8.82 9.32 9.83 10.35 10.88 11.42 11.97 12.52 13.09 13.66 14.23 14.81 15.39 15.97 16.56 17.15 17.73 18.31 18.90 19.48 20.05 20.62 21.19 21.74 22.29 22.84 23.37 23.89 24.40 24.90 25.39 25.85 26.30 26.73 27.14 27.53 27.89 28.24 28.56 28.86 29.14 29.40 29.64 29.89 30.13 30.36 30.58 30.79 30.99 31.18 31.35 31.51 31.66 31.78 31.88 31.96 32.02 32.05 32.05 32.04 31.99 31.92 31.83 31.71 31.57 31.40
3.42 3.68 3.96 4.26 4.57 4.90 5.24 5.60 5.98 6.36 6.76 7.18 7.61 8.05 8.52 8.99 9.48 9.99 10.50 11.02 11.56 12.10 12.65 13.21 13.77 14.34 14.92 15.49 16.07 16.65 17.23 17.82 18.40 18.98 19.55 20.12 20.69 21.26 21.81 22.36 22.90 23.43 23.95 24.46 24.96 25.44 25.90 26.35 26.77 27.18 27.56 27.93 28.28 28.60 28.90 29.18 29.43 29.68 29.93 30.16 30.40 30.62 30.83 31.03 31.22 31.40 31.56 31.70 31.83 31.94 32.02 32.08 32.11 32.12 32.10 32.06 31.99 31.90 31.78 31.63 31.46
3.68 3.93 4.21 4.50 4.81 5.14 5.48 5.84 6.21 6.59 6.99 7.39 7.82 8.26 8.71 9.18 9.66 10.16 10.66 11.18 11.71 12.24 12.79 13.34 13.90 14.46 15.03 15.60 16.18 16.75 17.33 17.91 18.49 19.06 19.64 20.21 20.77 21.33 21.88 22.43 22.97 23.50 24.02 24.53 25.02 25.49 25.95 26.39 26.82 27.22 27.60 27.97 28.31 28.64 28.94 29.21 29.47 29.72 29.97 30.20 30.44 30.66 30.87 31.07 31.26 31.44 31.60 31.75 31.87 31.98 32.07 32.13 32.16 32.17 32.16 32.12 32.05 31.96 31.83 31.69 31.51
3.94 4.19 4.47 4.76 5.06 5.39 5.73 6.08 6.45 6.83 7.22 7.62 8.04 8.47 8.92 9.38 9.85 10.34 10.84 11.35 11.87 12.40 12.94 13.48 14.04 14.59 15.16 15.72 16.29 16.87 17.44 18.01 18.59 19.16 19.73 20.29 20.86 21.41 21.97 22.51 23.05 23.57 24.09 24.59 25.08 25.55 26.00 26.44 26.86 27.26 27.65 28.01 28.35 28.67 28.97 29.25 29.51 29.76 30.00 30.24 30.48 30.70 30.91 31.12 31.31 31.48 31.64 31.79 31.91 32.02 32.11 32.18 32.21 32.23 32.21 32.17 32.11 32.01 31.89 31.74 31.56
4.21 4.46 4.73 5.02 5.32 5.64 5.98 6.33 6.69 7.07 7.46 7.86 8.27 8.70 9.14 9.59 10.06 10.53 11.03 11.53 12.04 12.57 13.10 13.64 14.18 14.74 15.29 15.86 16.42 16.99 17.56 18.13 18.69 19.26 19.83 20.39 20.95 21.50 22.05 22.59 23.13 23.65 24.16 24.66 25.14 25.61 26.06 26.49 26.91 27.31 27.69 28.05 28.39 28.71 29.01 29.29 29.55 29.80 30.04 30.28 30.51 30.74 30.95 31.16 31.35 31.52 31.68 31.83 31.96 32.06 32.15 32.22 32.26 32.28 32.26 32.23 32.16 32.06 31.94 31.79 31.61
