data_output/RCH/Precip_1991_02.asc
ncols        168
nrows        136
xllcorner    455000
yllcorner    2107000
cellsize     500
NODATA_value     -99999
[rows 0 to 37 of 136, columns 84 to 167 of 168]
0.94 0.88 0.82 0.76 0.71 0.67 0.63 0.60 0.58 0.57 0.56 0.56 0.57 0.59 0.62 0.66 0.71 0.77 0.84 0.92 1.01 1.11 1.23 1.36 1.54 1.77 2.06 2.39 2.76 3.18 3.65 4.15 4.70 5.28 5.89 6.54 7.22 7.93 8.66 9.42 10.21 11.01 11.83 12.68 13.55 14.45 15.39 16.37 17.37 18.40 19.46 20.53 21.63 22.74 23.86 24.99 26.13 27.27 28.42 29.56 30.70 31.83 32.95 34.06 35.15 36.13 36.94 37.57 38.05 38.37 38.54 38.58 38.49 38.28 37.96 37.53 37.01 36.41 35.72 34.97 34.15 33.28 32.37 31.42
0.64 0.58 0.53 0.48 0.43 0.40 0.36 0.34 0.33 0.32 0.32 0.33 0.35 0.37 0.41 0.46 0.52 0.59 0.66 0.75 0.86 0.97 1.11 1.28 1.52 1.80 2.13 2.51 2.93 3.39 3.90 4.44 5.02 5.64 6.29 6.97 7.68 8.42 9.18 9.97 10.78 11.60 12.45 13.31 14.18 15.08 16.02 16.98 17.97 18.99 20.03 21.09 22.16 23.25 24.36 25.47 26.58 27.70 28.82 29.94 31.05 32.16 33.25 34.33 35.38 36.33 37.11 37.73 38.18 38.49 38.65 38.68 38.59 38.38 38.06 37.64 37.14 36.55 35.88 35.15 34.36 33.52 32.65 31.73
0.34 0.29 0.24 0.20 0.16 0.12 0.10 0.08 0.07 0.07 0.08 0.10 0.12 0.16 0.21 0.26 0.33 0.41 0.50 0.60 0.71 0.84 1.02 1.25 1.53 1.86 2.24 2.66 3.13 3.63 4.18 4.76 5.38 6.03 6.72 7.43 8.17 8.93 9.72 10.53 11.36 12.21 13.08 13.95 14.84 15.75 16.67 17.62 18.59 19.60 20.62 21.66 22.72 23.79 24.87 25.96 27.05 28.15 29.24 30.33 31.41 32.48 33.55 34.59 35.61 36.53 37.28 37.87 38.30 38.59 38.74 38.76 38.67 38.46 38.14 37.73 37.23 36.66 36.01 35.30 34.54 33.73 32.89 32.01
0.05 0.00 0.00 0.00 0.00 0.00 0.00 0.00 0.00 0.00 0.00 0.00 0.00 0.00 0.00 0.07 0.14 0.23 0.33 0.44 0.57 0.75 0.98 1.26 1.59 1.97 2.39 2.85 3.36 3.91 4.49 5.11 5.76 6.45 7.16 7.90 8.67 9.46 10.28 11.11 11.96 12.83 13.71 14.61 15.51 16.42 17.34 18.28 19.24 20.23 21.23 22.25 23.29 24.34 25.40 26.46 27.53 28.59 29.66 30.72 31.77 32.81 33.84 34.85 35.84 36.72 37.44 38.00 38.41 38.68 38.82 38.83 38.73 38.51 38.20 37.79 37.30 36.74 36.11 35.42 34.68 33.90 33.09 32.25
0.00 0.00 0.00 0.00 0.00 0.00 0.00 0.00 0.00 0.00 0.00 0.00 0.00 0.00 0.00 0.00 0.00 0.06 0.17 0.30 0.47 0.70 0.98 1.31 1.69 2.11 2.57 3.08 3.63 4.21 4.83 5.49 6.17 6.89 7.63 8.40 9.20 10.01 10.85 11.70 12.57 13.46 14.36 15.27 16.18 17.11 18.03 18.97 19.91 20.88 21.86 22.86 23.88 24.90 25.93 26.97 28.01 29.05 30.08 31.11 32.13 33.14 34.13 35.10 36.05 36.90 37.59 38.12 38.51 38.76 38.88 38.88 38.76 38.54 38.23 37.83 37.35 36.79 36.18 35.51 34.79 34.04 33.25 32.43
0.00 0.00 0.00 0.00 0.00 0.00 0.00 0.00 0.00 0.00 0.00 0.00 0.00 0.00 0.00 0.00 0.00 0.00 0.02 0.20 0.42 0.70 1.03 1.40 1.82 2.29 2.80 3.34 3.93 4.55 5.20 5.89 6.61 7.35 8.12 8.92 9.74 10.58 11.43 12.31 13.20 14.10 15.01 15.93 16.86 17.79 18.73 19.66 20.60 21.55 22.51 23.49 24.47 25.47 26.48 27.49 28.50 29.50 30.51 31.50 32.49 33.46 34.41 35.35 36.26 37.07 37.72 38.23 38.59 38.82 38.92 38.90 38.78 38.55 38.23 37.83 37.36 36.81 36.21 35.56 34.86 34.13 33.37 32.57
0.00 0.00 0.00 0.00 0.00 0.00 0.00 0.00 0.00 0.00 0.00 0.00 0.00 0.00 0.00 0.00 0.00 0.00 0.00 0.14 0.41 0.74 1.11 1.53 2.00 2.50 3.05 3.63 4.26 4.91 5.60 6.32 7.06 7.84 8.63 9.45 10.30 11.16 12.03 12.92 13.83 14.74 15.67 16.60 17.54 18.48 19.42 20.36 21.30 22.23 23.17 24.12 25.09 26.06 27.03 28.01 28.99 29.96 30.93 31.89 32.84 33.78 34.69 35.59 36.46 37.23 37.85 38.32 38.65 38.86 38.94 38.90 38.77 38.53 38.21 37.81 37.34 36.80 36.21 35.57 34.89 34.18 33.44 32.67
0.00 0.00 0.00 0.00 0.00 0.00 0.00 0.00 0.00 0.00 0.00 0.00 0.00 0.00 0.00 0.00 0.00 0.00 0.00 0.12 0.45 0.82 1.24 1.70 2.21 2.75 3.34 3.96 4.62 5.30 6.02 6.77 7.54 8.34 9.17 10.01 10.87 11.75 12.64 13.55 14.47 15.40 16.33 17.27 18.22 19.16 20.11 21.05 21.99 22.92 23.85 24.77 25.71 26.65 27.59 28.54 29.49 30.43 31.36 32.28 33.19 34.09 34.96 35.82 36.65 37.37 37.96 38.39 38.70 38.87 38.93 38.88 38.73 38.49 38.16 37.76 37.28 36.75 36.17 35.55 34.89 34.20 33.48 32.73
0.00 0.00 0.00 0.00 0.00 0.00 0.00 0.00 0.00 0.00 0.00 0.00 0.00 0.00 0.00 0.00 0.00 0.00 0.00 0.16 0.53 0.94 1.41 1.91 2.46 3.04 3.66 4.31 5.00 5.72 6.47 7.25 8.05 8.87 9.71 10.58 11.46 12.36 13.27 14.19 15.12 16.06 17.00 17.95 18.90 19.85 20.80 21.74 22.68 23.60 24.52 25.43 26.34 27.25 28.16 29.07 29.98 30.89 31.78 32.67 33.54 34.39 35.23 36.04 36.82 37.51 38.05 38.45 38.72 38.87 38.91 38.84 38.67 38.41 38.08 37.67 37.20 36.67 36.10 35.50 34.86 34.19 33.49 32.75
0.00 0.00 0.00 0.00 0.00 0.00 0.00 0.00 0.00 0.00 0.00 0.00 0.00 0.00 0.00 0.00 0.00 0.00 0.00 0.23 0.65 1.11 1.61 2.15 2.74 3.36 4.01 4.70 5.42 6.17 6.94 7.74 8.57 9.41 10.28 11.16 12.06 12.97 13.90 14.83 15.77 16.72 17.67 18.63 19.58 20.53 21.48 22.42 23.35 24.28 25.19 26.09 26.98 27.85 28.73 29.61 30.48 31.35 32.21 33.05 33.88 34.69 35.48 36.24 36.98 37.62 38.12 38.49 38.73 38.85 38.86 38.76 38.58 38.31 37.96 37.55 37.07 36.56 36.00 35.42 34.80 34.15 33.46 32.75
0.00 0.00 0.00 0.00 0.00 0.00 0.00 0.00 0.00 0.00 0.00 0.00 0.00 0.00 0.00 0.00 0.00 0.00 0.00 0.35 0.81 1.31 1.85 2.43 3.05 3.71 4.39 5.11 5.86 6.64 7.44 8.26 9.11 9.98 10.86 11.76 12.68 13.60 14.54 15.48 16.43 17.39 18.34 19.30 20.26 21.21 22.16 23.09 24.02 24.94 25.85 26.74 27.61 28.46 29.31 30.15 30.98 31.81 32.62 33.42 34.21 34.98 35.72 36.44 37.12 37.72 38.18 38.50 38.71 38.79 38.78 38.66 38.46 38.17 37.81 37.39 36.92 36.42 35.89 35.32 34.72 34.08 33.42 32.72
0.00 0.00 0.00 0.00 0.00 0.00 0.00 0.00 0.00 0.00 0.00 0.00 0.00 0.00 0.00 0.00 0.00 0.00 0.05 0.51 1.01 1.55 2.13 2.74 3.40 4.08 4.80 5.55 6.33 7.13 7.96 8.80 9.67 10.56 11.46 12.37 13.30 14.24 15.19 16.14 17.10 18.06 19.02 19.98 20.93 21.88 22.83 23.76 24.68 25.59 26.49 27.37 28.23 29.06 29.88 30.68 31.48 32.26 33.03 33.79 34.53 35.25 35.95 36.61 37.25 37.80 38.21 38.50 38.66 38.72 38.67 38.53 38.30 38.00 37.63 37.21 36.76 36.27 35.75 35.20 34.61 33.99 33.34 32.66
0.00 0.00 0.00 0.00 0.00 0.00 0.00 0.00 0.00 0.00 0.00 0.00 0.00 0.00 0.00 0.00 0.00 0.00 0.21 0.71 1.24 1.82 2.44 3.09 3.78 4.49 5.24 6.02 6.82 7.64 8.49 9.36 10.25 11.15 12.07 13.00 13.94 14.89 15.84 16.80 17.77 18.73 19.69 20.65 21.61 22.55 23.49 24.42 25.33 26.23 27.12 27.98 28.82 29.65 30.44 31.21 31.97 32.71 33.44 34.15 34.84 35.51 36.16 36.78 37.36 37.86 38.22 38.46 38.59 38.61 38.53 38.37 38.12 37.80 37.43 37.02 36.58 36.11 35.60 35.06 34.49 33.89 33.26 32.59
0.00 0.00 0.00 0.00 0.00 0.00 0.00 0.00 0.00 0.00 0.00 0.00 0.00 0.00 0.00 0.00 0.00 0.00 0.41 0.94 1.52 2.13 2.78 3.47 4.18 4.93 5.71 6.51 7.33 8.18 9.05 9.94 10.84 11.76 12.69 13.63 14.58 15.54 16.50 17.47 18.44 19.40 20.36 21.32 22.27 23.22 24.15 25.07 25.97 26.86 27.73 28.58 29.40 30.21 30.98 31.73 32.45 33.15 33.83 34.49 35.14 35.76 36.35 36.92 37.45 37.89 38.21 38.41 38.49 38.48 38.37 38.17 37.90 37.58 37.22 36.82 36.40 35.94 35.44 34.92 34.36 33.77 33.15 32.51
0.00 0.00 0.00 0.00 0.00 0.00 0.00 0.00 0.00 0.00 0.00 0.00 0.00 0.00 0.00 0.00 0.00 0.11 0.64 1.22 1.83 2.48 3.16 3.88 4.62 5.40 6.20 7.02 7.87 8.74 9.63 10.53 11.45 12.38 13.33 14.28 15.24 16.20 17.17 18.14 19.11 20.07 21.03 21.99 22.93 23.87 24.79 25.70 26.60 27.47 28.32 29.16 29.96 30.75 31.50 32.23 32.92 33.58 34.21 34.83 35.42 35.99 36.53 37.04 37.52 37.91 38.17 38.33 38.37 38.31 38.17 37.95 37.67 37.35 37.00 36.62 36.21 35.76 35.28 34.76 34.22 33.65 33.04 32.41
0.00 0.00 0.00 0.00 0.00 0.00 0.00 0.00 0.00 0.00 0.00 0.00 0.00 0.00 0.00 0.00 0.00 0.35 0.92 1.53 2.18 2.86 3.57 4.31 5.09 5.89 6.71 7.56 8.43 9.32 10.22 11.14 12.07 13.02 13.97 14.93 15.90 16.87 17.84 18.81 19.78 20.74 21.70 22.65 23.59 24.52 25.43 26.33 27.21 28.06 28.90 29.72 30.50 31.26 32.00 32.69 33.36 33.99 34.58 35.15 35.69 36.20 36.69 37.14 37.56 37.90 38.11 38.21 38.21 38.12 37.94 37.71 37.44 37.13 36.79 36.42 36.01 35.58 35.11 34.61 34.07 33.51 32.92 32.30
0.00 0.00 0.00 0.00 0.00 0.00 0.00 0.00 0.00 0.00 0.00 0.00 0.00 0.00 0.00 0.00 0.06 0.63 1.23 1.88 2.56 3.27 4.01 4.78 5.58 6.40 7.25 8.12 9.01 9.91 10.83 11.76 12.71 13.66 14.62 15.59 16.56 17.54 18.51 19.48 20.45 21.41 22.36 23.30 24.23 25.15 26.05 26.94 27.80 28.64 29.46 30.25 31.02 31.76 32.46 33.13 33.77 34.37 34.93 35.45 35.94 36.40 36.83 37.22 37.58 37.86 38.02 38.07 38.03 37.89 37.70 37.48 37.21 36.92 36.59 36.22 35.83 35.40 34.94 34.45 33.93 33.38 32.80 32.19
0.00 0.00 0.00 0.00 0.00 0.00 0.00 0.00 0.00 0.00 0.00 0.00 0.00 0.00 0.00 0.00 0.34 0.94 1.58 2.26 2.97 3.71 4.48 5.28 6.10 6.94 7.81 8.70 9.60 10.52 11.45 12.40 13.36 14.32 15.29 16.26 17.23 18.21 19.18 20.15 21.11 22.07 23.02 23.95 24.87 25.78 26.66 27.53 28.38 29.20 30.00 30.77 31.51 32.23 32.90 33.55 34.15 34.72 35.25 35.73 36.17 36.57 36.94 37.28 37.58 37.79 37.90 37.90 37.81 37.66 37.48 37.25 37.00 36.71 36.39 36.03 35.64 35.23 34.78 34.29 33.78 33.24 32.68 32.08
0.00 0.00 0.00 0.00 0.00 0.00 0.00 0.00 0.00 0.00 0.00 0.00 0.00 0.00 0.00 0.06 0.66 1.30 1.97 2.68 3.41 4.18 4.98 5.80 6.64 7.51 8.39 9.30 10.22 11.15 12.09 13.05 14.01 14.98 15.96 16.93 17.91 18.88 19.85 20.82 21.78 22.73 23.66 24.59 25.50 26.39 27.26 28.11 28.94 29.74 30.52 31.27 31.98 32.67 33.32 33.93 34.50 35.04 35.53 35.97 36.37 36.72 37.04 37.31 37.55 37.70 37.75 37.70 37.59 37.45 37.26 37.05 36.80 36.52 36.20 35.85 35.47 35.06 34.62 34.15 33.65 33.12 32.56 31.97
0.00 0.00 0.00 0.00 0.00 0.00 0.00 0.00 0.00 0.00 0.00 0.00 0.00 0.00 0.00 0.38 1.02 1.69 2.39 3.12 3.89 4.68 5.50 6.34 7.21 8.09 8.99 9.91 10.85 11.79 12.75 13.71 14.68 15.65 16.63 17.61 18.59 19.56 20.53 21.49 22.44 23.38 24.30 25.22 26.11 26.99 27.84 28.68 29.48 30.26 31.02 31.74 32.43 33.08 33.70 34.28 34.82 35.32 35.77 36.18 36.54 36.84 37.10 37.31 37.48 37.58 37.57 37.50 37.39 37.25 37.07 36.86 36.62 36.34 36.03 35.69 35.32 34.91 34.48 34.01 33.52 33.00 32.45 31.87
0.00 0.00 0.00 0.00 0.00 0.00 0.00 0.00 0.00 0.00 0.00 0.00 0.00 0.00 0.11 0.74 1.41 2.11 2.84 3.60 4.39 5.21 6.05 6.91 7.80 8.70 9.62 10.55 11.49 12.45 13.41 14.38 15.36 16.33 17.31 18.29 19.26 20.23 21.20 22.15 23.09 24.02 24.94 25.83 26.71 27.57 28.41 29.22 30.01 30.76 31.49 32.18 32.84 33.47 34.05 34.60 35.10 35.56 35.98 36.34 36.66 36.92 37.13 37.29 37.39 37.43 37.40 37.33 37.22 37.08 36.91 36.70 36.46 36.19 35.88 35.54 35.18 34.78 34.35 33.89 33.41 32.89 32.35 31.78
0.00 0.00 0.00 0.00 0.00 0.00 0.00 0.00 0.00 0.00 0.00 0.00 0.00 0.00 0.47 1.14 1.83 2.56 3.32 4.11 4.92 5.76 6.62 7.50 8.40 9.32 10.25 11.19 12.15 13.11 14.08 15.06 16.04 17.02 17.99 18.97 19.94 20.90 21.86 22.80 23.74 24.65 25.55 26.44 27.30 28.14 28.96 29.74 30.51 31.24 31.94 32.60 33.23 33.82 34.37 34.88 35.35 35.77 36.14 36.47 36.74 36.96 37.12 37.22 37.27 37.28 37.24 37.18 37.07 36.93 36.76 36.56 36.32 36.05 35.75 35.42 35.05 34.66 34.24 33.79 33.31 32.80 32.26 31.70
0.00 0.00 0.00 0.00 0.00 0.00 0.00 0.00 0.00 0.00 0.00 0.00 0.00 0.16 0.82 1.51 2.24 2.99 3.78 4.59 5.43 6.29 7.17 8.06 8.98 9.91 10.85 11.81 12.77 13.74 14.72 15.70 16.68 17.66 18.63 19.60 20.57 21.53 22.48 23.41 24.33 25.23 26.12 26.99 27.83 28.65 29.44 30.21 30.95 31.65 32.32 32.96 33.55 34.11 34.63 35.10 35.53 35.91 36.24 36.52 36.74 36.91 37.03 37.09 37.11 37.11 37.08 37.01 36.91 36.78 36.61 36.41 36.17 35.90 35.61 35.28 34.92 34.53 34.12 33.67 33.20 32.70 32.17 31.61
0.00 0.00 0.00 0.00 0.00 0.00 0.00 0.00 0.00 0.00 0.00 0.00 0.00 0.41 1.10 1.82 2.57 3.36 4.17 5.00 5.86 6.74 7.64 8.55 9.48 10.43 11.38 12.35 13.32 14.30 15.28 16.26 17.24 18.22 19.19 20.16 21.12 22.07 23.01 23.94 24.84 25.73 26.60 27.45 28.28 29.08 29.85 30.59 31.30 31.98 32.62 33.22 33.79 34.31 34.79 35.22 35.61 35.95 36.24 36.47 36.65 36.78 36.84 36.88 36.90 36.90 36.87 36.80 36.70 36.57 36.40 36.21 35.98 35.71 35.42 35.10 34.74 34.36 33.95 33.51 33.05 32.55 32.03 31.49
0.00 0.00 0.00 0.00 0.00 0.00 0.00 0.00 0.00 0.00 0.00 0.00 0.00 0.59 1.31 2.07 2.85 3.66 4.49 5.35 6.23 7.13 8.04 8.97 9.92 10.87 11.84 12.81 13.79 14.78 15.76 16.74 17.73 18.70 19.68 20.64 21.59 22.54 23.47 24.38 25.27 26.15 27.00 27.83 28.64 29.42 30.17 30.88 31.57 32.21 32.83 33.40 33.93 34.42 34.86 35.26 35.60 35.90 36.15 36.33 36.47 36.55 36.59 36.62 36.64 36.64 36.61 36.54 36.45 36.32 36.15 35.96 35.73 35.48 35.19 34.87 34.53 34.15 33.75 33.31 32.86 32.37 31.86 31.32
0.00 0.00 0.00 0.00 0.00 0.00 0.00 0.00 0.00 0.00 0.00 0.00 0.00 0.71 1.46 2.25 3.06 3.89 4.75 5.63 6.53 7.45 8.38 9.33 10.28 11.25 12.23 13.21 14.19 15.18 16.17 17.16 18.14 19.11 20.08 21.04 21.99 22.92 23.84 24.74 25.62 26.48 27.32 28.13 28.92 29.67 30.40 31.09 31.75 32.37 32.95 33.49 33.98 34.44 34.84 35.20 35.51 35.76 35.96 36.10 36.19 36.25 36.29 36.32 36.34 36.34 36.30 36.24 36.14 36.02 35.86 35.67 35.45 35.20 34.91 34.60 34.26 33.90 33.50 33.08 32.63 32.15 31.65 31.12
0.00 0.00 0.00 0.00 0.00 0.00 0.00 0.00 0.00 0.00 0.00 0.00 0.02 0.77 1.56 2.37 3.20 4.06 4.94 5.85 6.76 7.70 8.65 9.61 10.58 11.56 12.55 13.53 14.53 15.52 16.51 17.50 18.48 19.45 20.42 21.37 22.31 23.23 24.14 25.03 25.90 26.74 27.56 28.35 29.12 29.85 30.55 31.21 31.84 32.43 32.98 33.49 33.95 34.37 34.73 35.05 35.32 35.53 35.68 35.78 35.85 35.90 35.94 35.97 35.99 35.98 35.95 35.88 35.79 35.67 35.51 35.33 35.11 34.87 34.59 34.29 33.96 33.60 33.21 32.80 32.36 31.89 31.40 30.88
0.00 0.00 0.00 0.00 0.00 0.00 0.00 0.00 0.00 0.00 0.00 0.00 0.00 0.78 1.59 2.43 3.29 4.17 5.08 6.00 6.94 7.89 8.85 9.83 10.81 11.80 12.80 13.79 14.79 15.79 16.78 17.77 18.75 19.72 20.68 21.62 22.55 23.47 24.37 25.24 26.09 26.92 27.72 28.49 29.23 29.94 30.62 31.26 31.86 32.42 32.93 33.41 33.83 34.21 34.54 34.82 35.04 35.21 35.32 35.40 35.46 35.52 35.55 35.58 35.59 35.59 35.55 35.49 35.39 35.27 35.12 34.94 34.74 34.50 34.23 33.94 33.61 33.26 32.88 32.48 32.05 31.59 31.11 30.60
0.00 0.00 0.00 0.00 0.00 0.00 0.00 0.00 0.00 0.00 0.00 0.00 0.00 0.73 1.57 2.43 3.32 4.23 5.15 6.09 7.05 8.02 9.00 9.99 10.98 11.98 12.98 13.99 14.99 15.99 16.98 17.97 18.94 19.91 20.87 21.81 22.73 23.63 24.52 25.38 26.21 27.02 27.80 28.56 29.28 29.96 30.61 31.22 31.79 32.32 32.80 33.24 33.63 33.97 34.26 34.50 34.68 34.80 34.90 34.97 35.04 35.08 35.12 35.15 35.16 35.15 35.11 35.05 34.95 34.83 34.69 34.51 34.31 34.08 33.83 33.54 33.22 32.88 32.51 32.12 31.70 31.25 30.78 30.29
0.00 0.00 0.00 0.00 0.00 0.00 0.00 0.00 0.00 0.00 0.00 0.00 0.00 0.62 1.49 2.38 3.29 4.22 5.17 6.13 7.10 8.09 9.08 10.08 11.09 12.10 13.11 14.11 15.12 16.12 17.12 18.10 19.08 20.04 20.99 21.92 22.83 23.72 24.59 25.44 26.26 27.05 27.81 28.54 29.24 29.90 30.52 31.11 31.65 32.14 32.59 33.00 33.35 33.65 33.90 34.10 34.24 34.34 34.43 34.51 34.57 34.61 34.65 34.67 34.68 34.67 34.63 34.57 34.47 34.36 34.21 34.04 33.85 33.63 33.38 33.10 32.79 32.46 32.11 31.72 31.31 30.88 30.42 29.94
0.00 0.00 0.00 0.00 0.00 0.00 0.00 0.00 0.00 0.00 0.00 0.00 0.00 0.46 1.36 2.27 3.21 4.16 5.13 6.11 7.10 8.10 9.11 10.12 11.13 12.15 13.17 14.18 15.19 16.19 17.19 18.17 19.14 20.10 21.04 21.96 22.87 23.75 24.60 25.43 26.24 27.01 27.75 28.46 29.13 29.77 30.36 30.91 31.42 31.89 32.31 32.67 32.99 33.25 33.46 33.62 33.74 33.84 33.93 34.00 34.06 34.10 34.14 34.16 34.17 34.15 34.11 34.05 33.96 33.84 33.70 33.53 33.34 33.12 32.88 32.62 32.32 32.00 31.66 31.29 30.89 30.47 30.03 29.56
0.00 0.00 0.00 0.00 0.00 0.00 0.00 0.00 0.00 0.00 0.00 0.00 0.00 0.25 1.17 2.11 3.07 4.05 5.03 6.03 7.04 8.05 9.07 10.10 11.12 12.15 13.17 14.19 15.20 16.20 17.20 18.18 19.14 20.10 21.03 21.94 22.83 23.70 24.55 25.36 26.15 26.90 27.62 28.30 28.95 29.56 30.13 30.65 31.13 31.56 31.94 32.27 32.55 32.78 32.95 33.08 33.20 33.30 33.39 33.46 33.51 33.56 33.59 33.61 33.61 33.60 33.56 33.49 33.40 33.28 33.14 32.98 32.79 32.58 32.35 32.09 31.81 31.50 31.17 30.81 30.43 30.02 29.59 29.14
0.00 0.00 0.00 0.00 0.00 0.00 0.00 0.00 0.00 0.00 0.00 0.00 0.00 0.00 0.94 1.91 2.89 3.88 4.89 5.90 6.92 7.95 8.98 10.02 11.05 12.08 13.11 14.13 15.15 16.15 17.14 18.12 19.08 20.03 20.95 21.86 22.74 23.59 24.42 25.22 25.99 26.72 27.42 28.08 28.70 29.28 29.82 30.31 30.76 31.16 31.50 31.80 32.04 32.22 32.38 32.51 32.62 32.72 32.81 32.88 32.93 32.97 33.00 33.02 33.02 33.01 32.97 32.90 32.81 32.69 32.56 32.39 32.21 32.00 31.78 31.53 31.26 30.97 30.65 30.30 29.93 29.54 29.12 28.68
0.00 0.00 0.00 0.00 0.00 0.00 0.00 0.00 0.00 0.00 0.00 0.00 0.00 0.00 0.66 1.65 2.65 3.67 4.69 5.72 6.76 7.80 8.84 9.89 10.93 11.97 13.00 14.02 15.04 16.04 17.03 18.01 18.96 19.90 20.82 21.71 22.58 23.42 24.23 25.01 25.76 26.47 27.15 27.79 28.38 28.94 29.44 29.91 30.32 30.68 30.99 31.25 31.45 31.62 31.77 31.90 32.02 32.11 32.20 32.26 32.32 32.36 32.38 32.40 32.40 32.38 32.34 32.27 32.18 32.07 31.93 31.77 31.59 31.39 31.17 30.93 30.67 30.39 30.08 29.75 29.40 29.02 28.62 28.20
0.00 0.00 0.00 0.00 0.00 0.00 0.00 0.00 0.00 0.00 0.00 0.00 0.00 0.00 0.35 1.35 2.37 3.40 4.44 5.49 6.54 7.60 8.65 9.70 10.75 11.80 12.83 13.86 14.88 15.88 16.87 17.84 18.79 19.72 20.62 21.50 22.36 23.19 23.98 24.74 25.47 26.16 26.82 27.43 28.00 28.52 29.00 29.43 29.81 30.14 30.41 30.63 30.82 30.99 31.13 31.26 31.38 31.47 31.55 31.62 31.67 31.71 31.73 31.74 31.74 31.73 31.68 31.62 31.53 31.41 31.28 31.12 30.94 30.75 30.53 30.30 30.04 29.77 29.48 29.16 28.82 28.46 28.08 27.67
0.00 0.00 0.00 0.00 0.00 0.00 0.00 0.00 0.00 0.00 0.00 0.00 0.00 0.00 0.05 1.02 2.04 3.09 4.15 5.21 6.28 7.34 8.41 9.47 10.53 11.57 12.61 13.64 14.66 15.66 16.64 17.61 18.55 19.47 20.37 21.24 22.08 22.89 23.67 24.41 25.12 25.79 26.42 27.00 27.55 28.04 28.49 28.89 29.24 29.53 29.77 29.97 30.15 30.32 30.46 30.59 30.70 30.80 30.88 30.94 30.99 31.03 31.05 31.06 31.06 31.04 30.99 30.93 30.84 30.72 30.59 30.44 30.26 30.07 29.86 29.63 29.38 29.12 28.84 28.54 28.21 27.87 27.50 27.11
0.00 0.00 0.00 0.00 0.00 0.00 0.00 0.00 0.00 0.00 0.00 0.00 0.00 0.00 0.00 0.69 1.69 2.74 3.81 4.89 5.97 7.04 8.12 9.19 10.25 11.30 12.35 13.37 14.39 15.39 16.37 17.33 18.26 19.17 20.06 20.92 21.74 22.54 23.30 24.02 24.71 25.36 25.96 26.52 27.03 27.50 27.92 28.28 28.59 28.85 29.08 29.28 29.46 29.62 29.76 29.89 30.00 30.09 30.17 30.23 30.28 30.32 30.34 30.34 30.34 30.32 30.27 30.21 30.12 30.01 29.88 29.72 29.55 29.37 29.16 28.93 28.69 28.44 28.16 27.88 27.57 27.24 26.89 26.52
0.00 0.00 0.00 0.00 0.00 0.00 0.00 0.00 0.00 0.00 0.00 0.00 0.00 0.00 0.00 0.38 1.34 2.36 3.43 4.52 5.61 6.70 7.78 8.86 9.93 10.98 12.03 13.06 14.07 15.07 16.04 16.99 17.92 18.82 19.70 20.54 21.35 22.13 22.87 23.58 24.24 24.86 25.44 25.97 26.46 26.90 27.28 27.61 27.89 28.13 28.35 28.55 28.73 28.89 29.04 29.16 29.27 29.36 29.44 29.50 29.54 29.58 29.59 29.60 29.59 29.57 29.53 29.46 29.37 29.26 29.13 28.98 28.82 28.63 28.43 28.21 27.98 27.73 27.46 27.18 26.89 26.58 26.25 25.90
