data_output/RCH/Precip_2010_01.asc
ncols        168
nrows        136
xllcorner    455000
yllcorner    2107000
cellsize     500
NODATA_value     -99999
[rows 35 to 69 of 136, columns 78 to 155 of 168]
6.71 6.44 6.24 6.12 6.08 6.10 6.19 6.35 6.58 6.86 7.21 7.61 8.06 8.57 9.12 9.72 10.36 11.05 11.77 12.53 13.32 14.15 15.00 15.88 16.78 17.70 18.64 19.60 20.57 21.56 22.55 23.54 24.54 25.55 26.55 27.54 28.53 29.51 30.48 31.44 32.37 33.29 34.19 35.06 35.91 36.73 37.51 38.26 38.98 39.65 40.29 40.88 41.42 41.90 42.29 42.61 42.83 43.00 43.13 43.24 43.34 43.42 43.49 43.55 43.59 43.62 43.63 43.64 43.63 43.60 43.57 43.52 43.46 43.39 43.32 43.23 43.13 43.02
6.78 6.57 6.43 6.37 6.38 6.45 6.60 6.80 7.07 7.40 7.78 8.22 8.71 9.25 9.83 10.46 11.12 11.83 12.57 13.35 14.16 14.99 15.86 16.74 17.65 18.58 19.52 20.47 21.44 22.42 23.40 24.38 25.37 26.35 27.33 28.30 29.27 30.22 31.16 32.08 32.99 33.87 34.73 35.56 36.36 37.13 37.87 38.57 39.23 39.84 40.42 40.95 41.42 41.85 42.21 42.48 42.68 42.85 43.00 43.14 43.26 43.37 43.46 43.53 43.60 43.64 43.68 43.70 43.71 43.70 43.68 43.65 43.61 43.56 43.50 43.42 43.34 43.24
6.94 6.79 6.71 6.70 6.76 6.89 7.08 7.33 7.64 8.01 8.43 8.90 9.43 9.99 10.60 11.26 11.95 12.67 13.44 14.23 15.05 15.89 16.77 17.66 18.57 19.49 20.43 21.39 22.34 23.31 24.28 25.25 26.22 27.18 28.14 29.09 30.03 30.95 31.86 32.75 33.62 34.46 35.27 36.06 36.82 37.54 38.22 38.87 39.47 40.03 40.54 41.01 41.42 41.78 42.08 42.32 42.53 42.72 42.90 43.06 43.20 43.33 43.44 43.53 43.62 43.68 43.74 43.77 43.80 43.81 43.81 43.80 43.77 43.74 43.69 43.63 43.55 43.47
7.07 6.97 6.95 7.00 7.11 7.29 7.53 7.82 8.18 8.59 9.04 9.55 10.11 10.70 11.34 12.02 12.73 13.48 14.26 15.07 15.90 16.76 17.64 18.53 19.45 20.37 21.31 22.26 23.21 24.17 25.12 26.08 27.03 27.98 28.91 29.84 30.75 31.65 32.52 33.37 34.20 35.01 35.78 36.53 37.23 37.91 38.54 39.13 39.68 40.18 40.63 41.03 41.37 41.66 41.91 42.15 42.38 42.60 42.79 42.97 43.14 43.29 43.42 43.53 43.64 43.72 43.79 43.85 43.89 43.92 43.94 43.94 43.93 43.91 43.87 43.83 43.77 43.70
6.94 6.91 6.94 7.05 7.22 7.45 7.74 8.08 8.48 8.93 9.43 9.98 10.57 11.20 11.87 12.57 13.31 14.08 14.88 15.71 16.56 17.43 18.32 19.22 20.14 21.07 22.01 22.96 23.91 24.86 25.81 26.75 27.69 28.62 29.53 30.44 31.33 32.19 33.04 33.86 34.66 35.43 36.16 36.86 37.53 38.15 38.74 39.28 39.77 40.22 40.61 40.95 41.23 41.47 41.71 41.96 42.21 42.44 42.66 42.87 43.05 43.22 43.37 43.51 43.63 43.73 43.82 43.90 43.96 44.00 44.03 44.05 44.06 44.05 44.03 44.00 43.95 43.89
6.54 6.57 6.67 6.83 7.06 7.35 7.69 8.09 8.54 9.03 9.58 10.17 10.79 11.46 12.17 12.90 13.67 14.47 15.29 16.14 17.01 17.90 18.80 19.72 20.65 21.58 22.53 23.48 24.42 25.37 26.31 27.25 28.18 29.09 30.00 30.88 31.75 32.59 33.42 34.21 34.98 35.71 36.41 37.07 37.70 38.28 38.82 39.31 39.76 40.15 40.49 40.77 41.01 41.24 41.49 41.75 42.01 42.26 42.50 42.72 42.93 43.12 43.29 43.45 43.58 43.71 43.82 43.91 43.98 44.05 44.09 44.13 44.15 44.16 44.15 44.13 44.10 44.06
5.96 5.97 6.13 6.36 6.65 7.00 7.40 7.85 8.35 8.90 9.49 10.12 10.80 11.50 12.24 13.02 13.82 14.65 15.50 16.37 17.26 18.17 19.09 20.02 20.97 21.91 22.87 23.82 24.77 25.72 26.66 27.59 28.51 29.42 30.31 31.18 32.03 32.85 33.65 34.42 35.16 35.87 36.54 37.17 37.75 38.30 38.80 39.24 39.64 39.98 40.27 40.51 40.75 40.99 41.25 41.52 41.79 42.05 42.30 42.55 42.78 42.99 43.18 43.35 43.51 43.65 43.78 43.89 43.98 44.06 44.12 44.17 44.21 44.23 44.24 44.23 44.21 44.18
5.32 5.21 5.35 5.64 6.00 6.41 6.87 7.38 7.94 8.54 9.18 9.86 10.58 11.33 12.11 12.92 13.76 14.62 15.51 16.41 17.33 18.26 19.20 20.15 21.11 22.07 23.03 24.00 24.95 25.90 26.85 27.78 28.70 29.60 30.48 31.34 32.17 32.98 33.77 34.52 35.23 35.91 36.55 37.15 37.70 38.21 38.67 39.08 39.43 39.73 39.98 40.22 40.47 40.73 41.00 41.28 41.55 41.82 42.09 42.34 42.59 42.82 43.03 43.23 43.40 43.56 43.71 43.83 43.94 44.04 44.12 44.18 44.23 44.27 44.29 44.30 44.29 44.28
4.62 4.39 4.42 4.69 5.11 5.59 6.11 6.69 7.30 7.96 8.66 9.39 10.16 10.96 11.78 12.64 13.51 14.41 15.33 16.26 17.21 18.17 19.14 20.11 21.09 22.07 23.05 24.02 24.99 25.95 26.89 27.83 28.74 29.64 30.52 31.37 32.20 33.00 33.76 34.49 35.19 35.85 36.46 37.03 37.56 38.03 38.46 38.83 39.14 39.41 39.67 39.92 40.19 40.46 40.74 41.02 41.30 41.58 41.85 42.11 42.37 42.62 42.85 43.07 43.26 43.44 43.60 43.75 43.87 43.99 44.08 44.16 44.23 44.28 44.31 44.34 44.34 44.34
3.87 3.52 3.44 3.60 4.01 4.54 5.14 5.78 6.46 7.17 7.93 8.72 9.54 10.39 11.26 12.16 13.08 14.02 14.98 15.95 16.93 17.92 18.91 19.91 20.91 21.91 22.91 23.90 24.88 25.85 26.80 27.74 28.66 29.56 30.44 31.29 32.11 32.89 33.65 34.37 35.05 35.69 36.28 36.83 37.33 37.77 38.17 38.50 38.79 39.07 39.34 39.61 39.89 40.17 40.46 40.75 41.04 41.32 41.60 41.87 42.14 42.40 42.65 42.88 43.09 43.29 43.47 43.63 43.77 43.90 44.01 44.11 44.19 44.25 44.30 44.34 44.36 44.36
3.08 2.62 2.42 2.47 2.77 3.30 3.96 4.66 5.41 6.19 7.01 7.85 8.73 9.63 10.56 11.51 12.47 13.46 14.46 15.46 16.48 17.51 18.53 19.56 20.59 21.61 22.63 23.64 24.64 25.62 26.59 27.54 28.46 29.37 30.24 31.09 31.91 32.69 33.44 34.15 34.81 35.44 36.01 36.54 37.02 37.44 37.80 38.12 38.42 38.71 39.00 39.29 39.58 39.87 40.17 40.47 40.76 41.05 41.33 41.61 41.88 42.15 42.41 42.66 42.89 43.11 43.30 43.48 43.64 43.79 43.91 44.02 44.12 44.20 44.26 44.31 44.34 44.36
2.25 1.69 1.38 1.32 1.51 1.94 2.58 3.35 4.17 5.02 5.90 6.81 7.74 8.70 9.69 10.69 11.70 12.74 13.78 14.83 15.89 16.95 18.01 19.07 20.13 21.18 22.22 23.26 24.27 25.27 26.26 27.22 28.16 29.07 29.95 30.80 31.62 32.40 33.14 33.84 34.50 35.11 35.67 36.18 36.64 37.04 37.39 37.72 38.04 38.35 38.66 38.96 39.26 39.57 39.87 40.17 40.47 40.76 41.05 41.33 41.61 41.88 42.15 42.41 42.66 42.89 43.11 43.30 43.48 43.64 43.78 43.91 44.02 44.11 44.19 44.25 44.29 44.32
1.38 0.73 0.32 0.16 0.24 0.55 1.10 1.86 2.75 3.67 4.61 5.59 6.59 7.61 8.65 9.71 10.78 11.86 12.95 14.05 15.15 16.25 17.35 18.45 19.54 20.63 21.70 22.75 23.80 24.82 25.82 26.80 27.75 28.67 29.56 30.42 31.24 32.03 32.77 33.46 34.11 34.72 35.27 35.76 36.20 36.59 36.96 37.31 37.65 37.99 38.31 38.63 38.94 39.25 39.56 39.87 40.17 40.47 40.76 41.05 41.33 41.60 41.87 42.14 42.40 42.65 42.88 43.09 43.29 43.46 43.62 43.76 43.88 43.99 44.08 44.16 44.21 44.26
0.49 0.00 0.00 0.00 0.00 0.00 0.00 0.28 1.16 2.14 3.17 4.21 5.28 6.36 7.47 8.58 9.71 10.85 11.99 13.13 14.28 15.43 16.57 17.71 18.84 19.96 21.06 22.15 23.22 24.26 25.29 26.28 27.25 28.19 29.09 29.96 30.79 31.58 32.32 33.02 33.67 34.26 34.81 35.29 35.73 36.14 36.53 36.90 37.27 37.61 37.95 38.29 38.61 38.93 39.24 39.55 39.86 40.16 40.46 40.75 41.03 41.31 41.59 41.86 42.12 42.38 42.63 42.85 43.06 43.26 43.43 43.58 43.72 43.84 43.95 44.03 44.10 44.16
0.00 0.00 0.00 0.00 0.00 0.00 0.00 0.00 0.00 0.47 1.56 2.68 3.82 4.97 6.14 7.32 8.50 9.70 10.90 12.10 13.29 14.49 15.68 16.86 18.03 19.18 20.32 21.44 22.54 23.62 24.67 25.69 26.68 27.63 28.55 29.43 30.27 31.07 31.82 32.52 33.17 33.76 34.30 34.79 35.25 35.68 36.10 36.49 36.87 37.24 37.60 37.94 38.27 38.60 38.92 39.23 39.54 39.85 40.15 40.44 40.73 41.01 41.29 41.56 41.82 42.09 42.34 42.59 42.81 43.02 43.21 43.38 43.53 43.66 43.78 43.88 43.96 44.03
0.00 0.00 0.00 0.00 0.00 0.00 0.00 0.00 0.00 0.00 0.00 1.00 2.21 3.44 4.67 5.92 7.17 8.43 9.68 10.94 12.19 13.44 14.68 15.90 17.12 18.31 19.49 20.65 21.78 22.89 23.97 25.02 26.03 27.01 27.95 28.84 29.70 30.50 31.26 31.97 32.62 33.22 33.77 34.28 34.76 35.22 35.66 36.08 36.48 36.87 37.23 37.59 37.93 38.27 38.59 38.91 39.22 39.53 39.83 40.12 40.41 40.70 40.97 41.25 41.52 41.78 42.04 42.29 42.53 42.75 42.96 43.14 43.31 43.46 43.59 43.70 43.79 43.87
0.00 0.00 0.00 0.00 0.00 0.00 0.00 0.00 0.00 0.00 0.00 0.00 0.48 1.78 3.09 4.40 5.72 7.04 8.36 9.68 10.99 12.29 13.58 14.86 16.12 17.36 18.58 19.78 20.95 22.09 23.20 24.28 25.32 26.32 27.29 28.20 29.07 29.90 30.67 31.39 32.05 32.66 33.23 33.77 34.28 34.77 35.23 35.67 36.09 36.49 36.87 37.24 37.59 37.93 38.26 38.58 38.89 39.20 39.50 39.80 40.09 40.37 40.65 40.93 41.20 41.46 41.72 41.98 42.22 42.46 42.68 42.88 43.06 43.22 43.36 43.49 43.60 43.68
0.00 0.00 0.00 0.00 0.00 0.00 0.00 0.00 0.00 0.00 0.00 0.00 0.00 0.01 1.39 2.78 4.17 5.56 6.94 8.32 9.69 11.05 12.40 13.73 15.04 16.33 17.60 18.84 20.05 21.23 22.38 23.49 24.56 25.59 26.58 27.52 28.41 29.26 30.04 30.77 31.45 32.09 32.69 33.26 33.80 34.32 34.80 35.26 35.70 36.11 36.51 36.89 37.25 37.59 37.92 38.24 38.56 38.87 39.17 39.47 39.76 40.04 40.32 40.60 40.87 41.13 41.39 41.65 41.90 42.14 42.37 42.59 42.78 42.96 43.11 43.25 43.37 43.47
0.00 0.00 0.00 0.00 0.00 0.00 0.00 0.00 0.00 0.00 0.00 0.00 0.00 0.00 0.00 1.05 2.52 3.98 5.43 6.88 8.31 9.73 11.14 12.53 13.89 15.24 16.55 17.84 19.10 20.32 21.51 22.65 23.76 24.82 25.84 26.81 27.73 28.59 29.40 30.15 30.86 31.53 32.16 32.77 33.33 33.87 34.38 34.86 35.31 35.74 36.15 36.53 36.90 37.25 37.58 37.91 38.22 38.53 38.83 39.13 39.42 39.71 39.99 40.26 40.53 40.80 41.05 41.31 41.56 41.80 42.04 42.27 42.47 42.66 42.83 42.98 43.11 43.22
0.00 0.00 0.00 0.00 0.00 0.00 0.00 0.00 0.00 0.00 0.00 0.00 0.00 0.00 0.00 0.00 0.78 2.31 3.84 5.36 6.86 8.35 9.81 11.26 12.69 14.08 15.45 16.79 18.09 19.36 20.59 21.78 22.93 24.03 25.08 26.07 27.02 27.91 28.74 29.53 30.27 30.98 31.64 32.27 32.87 33.43 33.96 34.46 34.93 35.37 35.79 36.18 36.56 36.91 37.25 37.57 37.88 38.19 38.49 38.79 39.08 39.37 39.64 39.92 40.19 40.45 40.71 40.96 41.21 41.45 41.69 41.92 42.14 42.34 42.52 42.69 42.83 42.95
0.00 0.00 0.00 0.00 0.00 0.00 0.00 0.00 0.00 0.00 0.00 0.00 0.00 0.00 0.00 0.00 0.00 0.57 2.18 3.77 5.34 6.90 8.43 9.94 11.43 12.88 14.31 15.70 17.06 18.38 19.65 20.88 22.07 23.21 24.30 25.33 26.31 27.23 28.10 28.92 29.70 30.44 31.13 31.79 32.41 33.00 33.54 34.06 34.55 35.00 35.43 35.84 36.22 36.57 36.91 37.23 37.54 37.85 38.15 38.45 38.74 39.02 39.30 39.57 39.84 40.10 40.35 40.60 40.85 41.09 41.33 41.56 41.78 42.00 42.19 42.36 42.52 42.65
0.00 0.00 0.00 0.00 0.00 0.00 0.00 0.00 0.00 0.00 0.00 0.00 0.00 0.00 0.00 0.00 0.00 0.00 0.45 2.12 3.77 5.40 7.00 8.58 10.13 11.65 13.13 14.58 15.99 17.36 18.69 19.97 21.20 22.38 23.51 24.58 25.59 26.55 27.46 28.32 29.14 29.91 30.63 31.32 31.96 32.57 33.14 33.67 34.17 34.64 35.08 35.50 35.88 36.24 36.58 36.90 37.21 37.51 37.81 38.10 38.39 38.67 38.95 39.22 39.48 39.74 39.99 40.24 40.48 40.72 40.95 41.18 41.41 41.62 41.83 42.01 42.18 42.33
0.00 0.00 0.00 0.00 0.00 0.00 0.00 0.00 0.00 0.00 0.00 0.00 0.00 0.00 0.00 0.00 0.00 0.00 0.00 0.42 2.15 3.85 5.53 7.18 8.80 10.38 11.93 13.44 14.91 16.34 17.72 19.05 20.33 21.55 22.73 23.84 24.89 25.89 26.84 27.74 28.59 29.39 30.15 30.86 31.53 32.15 32.74 33.29 33.81 34.29 34.74 35.16 35.55 35.91 36.25 36.56 36.87 37.17 37.47 37.76 38.04 38.32 38.60 38.86 39.12 39.38 39.63 39.87 40.11 40.35 40.58 40.80 41.02 41.23 41.44 41.64 41.82 41.97
0.00 0.00 0.00 0.00 0.00 0.00 0.00 0.00 0.00 0.00 0.00 0.00 0.00 0.00 0.00 0.00 0.00 0.00 0.00 0.00 0.50 2.28 4.04 5.76 7.45 9.10 10.72 12.29 13.82 15.31 16.74 18.13 19.46 20.74 21.95 23.11 24.21 25.25 26.24 27.17 28.06 28.89 29.67 30.41 31.10 31.75 32.36 32.92 33.45 33.95 34.40 34.83 35.22 35.58 35.92 36.23 36.54 36.84 37.13 37.42 37.70 37.97 38.24 38.51 38.76 39.01 39.26 39.50 39.74 39.97 40.19 40.41 40.62 40.83 41.04 41.24 41.43 41.59
0.00 0.00 0.00 0.00 0.00 0.00 0.00 0.00 0.00 0.00 0.00 0.00 0.00 0.00 0.00 0.00 0.00 0.00 0.00 0.00 0.00 0.68 2.52 4.32 6.09 7.81 9.50 11.14 12.74 14.28 15.78 17.22 18.61 19.94 21.20 22.41 23.55 24.63 25.65 26.62 27.54 28.40 29.21 29.97 30.69 31.36 31.98 32.56 33.11 33.61 34.08 34.51 34.90 35.27 35.60 35.91 36.21 36.51 36.80 37.08 37.35 37.63 37.89 38.15 38.40 38.65 38.89 39.12 39.35 39.58 39.80 40.01 40.22 40.43 40.63 40.82 41.01 41.19
0.00 0.00 0.00 0.00 0.00 0.00 0.00 0.00 0.00 0.00 0.00 0.00 0.00 0.00 0.00 0.00 0.00 0.00 0.00 0.00 0.00 0.00 0.99 2.88 4.72 6.52 8.28 10.00 11.66 13.27 14.83 16.34 17.78 19.16 20.47 21.72 22.90 24.02 25.08 26.09 27.03 27.93 28.76 29.55 30.29 30.98 31.62 32.22 32.77 33.28 33.76 34.19 34.59 34.95 35.29 35.59 35.89 36.18 36.46 36.74 37.01 37.28 37.54 37.79 38.04 38.28 38.52 38.75 38.97 39.19 39.41 39.61 39.82 40.02 40.21 40.40 40.58 40.76
0.00 0.00 0.00 0.00 0.00 0.00 0.00 0.00 0.00 0.00 0.00 0.00 0.00 0.00 0.00 0.00 0.00 0.00 0.00 0.00 0.00 0.00 0.00 1.44 3.36 5.24 7.08 8.87 10.61 12.29 13.92 15.48 16.98 18.41 19.76 21.05 22.28 23.44 24.54 25.57 26.55 27.47 28.34 29.15 29.91 30.61 31.27 31.88 32.45 32.97 33.45 33.89 34.29 34.65 34.98 35.28 35.57 35.86 36.14 36.41 36.68 36.94 37.19 37.44 37.68 37.92 38.14 38.37 38.59 38.80 39.01 39.21 39.41 39.60 39.79 39.97 40.15 40.32
0.00 0.00 0.00 0.00 0.00 0.00 0.00 0.00 0.00 0.00 0.00 0.00 0.00 0.00 0.00 0.00 0.00 0.00 0.00 0.00 0.00 0.00 0.00 0.01 2.02 3.98 5.90 7.77 9.58 11.34 13.03 14.65 16.20 17.68 19.08 20.41 21.68 22.87 24.01 25.08 26.09 27.03 27.93 28.76 29.54 30.26 30.94 31.56 32.14 32.67 33.16 33.60 34.00 34.36 34.69 34.98 35.27 35.55 35.82 36.09 36.35 36.60 36.85 37.09 37.32 37.55 37.77 37.99 38.20 38.41 38.61 38.81 39.00 39.18 39.36 39.53 39.70 39.87
0.00 0.00 0.00 0.00 0.00 0.00 0.00 0.00 0.00 0.00 0.00 0.00 0.00 0.00 0.00 0.00 0.00 0.00 0.00 0.00 0.00 0.00 0.00 0.00 0.70 2.76 4.76 6.70 8.60 10.43 12.18 13.85 15.45 16.97 18.42 19.79 21.10 22.33 23.50 24.60 25.64 26.62 27.53 28.39 29.19 29.93 30.62 31.26 31.85 32.39 32.88 33.32 33.72 34.08 34.40 34.69 34.97 35.24 35.51 35.77 36.02 36.27 36.51 36.74 36.97 37.19 37.41 37.62 37.82 38.02 38.21 38.40 38.58 38.76 38.93 39.10 39.26 39.41
0.00 0.00 0.00 0.00 0.00 0.00 0.00 0.00 0.00 0.00 0.00 0.00 0.00 0.00 0.00 0.00 0.00 0.00 0.00 0.00 0.00 0.00 0.00 0.00 0.00 1.57 3.65 5.69 7.66 9.55 11.35 13.08 14.73 16.29 17.79 19.20 20.55 21.82 23.02 24.15 25.22 26.22 27.16 28.04 28.86 29.62 30.32 30.97 31.57 32.11 32.61 33.06 33.46 33.82 34.13 34.41 34.68 34.95 35.21 35.46 35.71 35.94 36.18 36.40 36.62 36.84 37.04 37.24 37.44 37.63 37.81 37.99 38.17 38.33 38.50 38.66 38.81 38.96
0.00 0.00 0.00 0.00 0.00 0.00 0.00 0.00 0.00 0.00 0.00 0.00 0.00 0.00 0.00 0.00 0.00 0.00 0.00 0.00 0.00 0.00 0.00 0.00 0.00 0.43 2.60 4.72 6.75 8.70 10.56 12.34 14.03 15.64 17.18 18.64 20.02 21.33 22.56 23.73 24.82 25.85 26.81 27.71 28.55 29.33 30.04 30.71 31.31 31.86 32.36 32.81 33.21 33.56 33.87 34.15 34.41 34.67 34.92 35.16 35.40 35.63 35.85 36.07 36.28 36.49 36.68 36.88 37.06 37.24 37.42 37.59 37.75 37.91 38.07 38.21 38.36 38.49
0.00 0.00 0.00 0.00 0.00 0.00 0.00 0.00 0.00 0.00 0.00 0.00 0.00 0.00 0.00 0.00 0.00 0.00 0.00 0.00 0.00 0.00 0.00 0.00 0.00 0.00 1.62 3.79 5.88 7.88 9.80 11.62 13.36 15.02 16.60 18.10 19.52 20.86 22.13 23.32 24.45 25.50 26.49 27.41 28.26 29.05 29.79 30.46 31.07 31.63 32.13 32.58 32.98 33.33 33.63 33.89 34.15 34.40 34.64 34.87 35.10 35.32 35.54 35.75 35.95 36.14 36.33 36.51 36.69 36.86 37.03 37.19 37.34 37.49 37.63 37.77 37.90 38.03
0.00 0.00 0.00 0.00 0.00 0.00 0.00 0.00 0.00 0.00 0.00 0.00 0.00 0.00 0.00 0.00 0.00 0.00 0.00 0.00 0.00 0.00 0.00 0.00 0.00 0.00 0.73 2.90 5.05 7.10 9.07 10.94 12.73 14.43 16.05 17.59 19.05 20.42 21.72 22.95 24.10 25.18 26.19 27.12 28.00 28.80 29.55 30.23 30.85 31.41 31.92 32.37 32.76 33.11 33.40 33.66 33.90 34.14 34.37 34.60 34.82 35.03 35.23 35.43 35.62 35.81 35.99 36.16 36.33 36.49 36.64 36.79 36.93 37.07 37.20 37.33 37.45 37.57
0.00 0.00 0.00 0.00 0.00 0.00 0.00 0.00 0.00 0.00 0.00 0.00 0.00 0.00 0.00 0.00 0.00 0.00 0.00 0.00 0.00 0.00 0.00 0.00 0.00 0.00 0.01 2.11 4.25 6.35 8.37 10.29 12.13 13.87 15.53 17.11 18.60 20.01 21.35 22.60 23.78 24.88 25.91 26.87 27.76 28.58 29.33 30.02 30.65 31.22 31.72 32.17 32.56 32.90 33.19 33.44 33.67 33.90 34.12 34.34 34.55 34.75 34.94 35.13 35.31 35.48 35.65 35.81 35.97 36.12 36.26 36.40 36.53 36.66 36.78 36.89 37.00 37.11
0.00 0.00 0.00 0.00 0.00 0.00 0.00 0.00 0.00 0.00 0.00 0.00 0.00 0.00 0.00 0.00 0.00 0.00 0.00 0.00 0.00 0.00 0.00 0.00 0.00 0.00 0.00 1.49 3.55 5.65 7.71 9.68 11.56 13.35 15.05 16.66 18.19 19.64 21.00 22.28 23.48 24.61 25.66 26.64 27.54 28.37 29.14 29.84 30.47 31.04 31.55 32.00 32.39 32.72 33.00 33.23 33.46 33.68 33.89 34.09 34.29 34.48 34.66 34.84 35.01 35.17 35.33 35.48 35.62 35.76 35.89 36.01 36.13 36.25 36.36 36.46 36.56 36.65
