data_output/RCH/Precip_1998_01.asc
ncols        168
nrows        136
xllcorner    455000
yllcorner    2107000
cellsize     500
NODATA_value     -99999
[rows 0 to 35 of 136, columns 0 to 79 of 168]
14.98 14.62 14.23 13.83 13.41 12.97 12.52 12.05 11.56 11.06 10.55 10.03 9.49 8.95 8.39 7.83 7.28 6.76 6.30 5.88 5.51 5.19 4.91 4.67 4.48 4.33 4.21 4.14 4.11 4.09 4.08 4.08 4.08 4.09 4.11 4.13 4.17 4.20 4.24 4.29 4.35 4.41 4.47 4.54 4.62 4.70 4.78 4.87 4.96 5.06 5.16 5.27 5.38 5.49 5.61 5.73 5.85 5.97 6.10 6.23 6.36 6.49 6.63 6.77 6.91 7.06 7.21 7.37 7.53 7.70 7.88 8.05 8.22 8.38 8.54 8.69 8.84 8.98 9.12 9.24
15.57 15.20 14.81 14.39 13.96 13.51 13.04 12.56 12.06 11.55 11.02 10.48 9.92 9.36 8.78 8.20 7.62 7.08 6.60 6.16 5.76 5.41 5.11 4.85 4.63 4.46 4.32 4.23 4.17 4.15 4.14 4.14 4.15 4.17 4.19 4.22 4.25 4.29 4.33 4.39 4.44 4.50 4.57 4.64 4.72 4.80 4.88 4.97 5.06 5.16 5.26 5.37 5.47 5.58 5.70 5.82 5.93 6.06 6.18 6.30 6.43 6.56 6.69 6.83 6.96 7.11 7.25 7.40 7.56 7.73 7.90 8.06 8.23 8.39 8.54 8.69 8.83 8.96 9.09 9.22
16.15 15.78 15.38 14.95 14.51 14.05 13.57 13.07 12.56 12.03 11.49 10.93 10.36 9.78 9.18 8.58 7.98 7.42 6.91 6.45 6.03 5.66 5.33 5.05 4.81 4.61 4.45 4.34 4.25 4.21 4.20 4.21 4.22 4.24 4.26 4.30 4.33 4.37 4.42 4.48 4.53 4.60 4.67 4.74 4.82 4.90 4.98 5.07 5.17 5.26 5.36 5.47 5.57 5.68 5.80 5.91 6.03 6.15 6.26 6.38 6.51 6.63 6.76 6.89 7.02 7.16 7.30 7.45 7.60 7.76 7.92 8.08 8.24 8.39 8.54 8.68 8.82 8.95 9.08 9.20
16.73 16.35 15.94 15.51 15.06 14.59 14.10 13.59 13.06 12.52 11.96 11.39 10.80 10.20 9.59 8.96 8.34 7.77 7.23 6.75 6.31 5.92 5.58 5.27 5.01 4.79 4.61 4.47 4.36 4.30 4.26 4.27 4.28 4.31 4.34 4.37 4.41 4.46 4.51 4.57 4.63 4.69 4.76 4.84 4.92 5.00 5.09 5.18 5.27 5.37 5.47 5.57 5.68 5.79 5.90 6.01 6.12 6.24 6.35 6.47 6.59 6.70 6.83 6.95 7.08 7.21 7.35 7.49 7.64 7.79 7.95 8.11 8.26 8.41 8.55 8.69 8.82 8.95 9.07 9.18
17.30 16.91 16.50 16.06 15.61 15.13 14.63 14.11 13.57 13.01 12.44 11.85 11.25 10.63 10.00 9.36 8.72 8.12 7.57 7.07 6.61 6.20 5.83 5.51 5.22 4.98 4.78 4.62 4.49 4.40 4.35 4.33 4.35 4.37 4.41 4.45 4.49 4.54 4.60 4.66 4.72 4.79 4.86 4.94 5.02 5.11 5.19 5.29 5.38 5.48 5.58 5.68 5.79 5.90 6.01 6.11 6.22 6.33 6.44 6.56 6.67 6.78 6.90 7.02 7.14 7.27 7.40 7.54 7.68 7.83 7.98 8.13 8.28 8.42 8.56 8.70 8.82 8.94 9.06 9.17
17.86 17.47 17.05 16.61 16.15 15.66 15.15 14.62 14.07 13.51 12.92 12.32 11.70 11.07 10.42 9.76 9.11 8.49 7.92 7.40 6.92 6.49 6.10 5.76 5.46 5.19 4.97 4.79 4.64 4.53 4.46 4.42 4.42 4.44 4.48 4.52 4.57 4.63 4.69 4.75 4.82 4.89 4.97 5.04 5.13 5.21 5.30 5.40 5.49 5.59 5.69 5.80 5.90 6.01 6.12 6.22 6.33 6.43 6.54 6.65 6.75 6.87 6.98 7.09 7.21 7.34 7.46 7.59 7.73 7.87 8.02 8.17 8.31 8.45 8.58 8.71 8.83 8.95 9.06 9.17
18.42 18.02 17.60 17.15 16.68 16.19 15.67 15.13 14.58 14.00 13.40 12.79 12.16 11.51 10.85 10.17 9.50 8.86 8.28 7.74 7.24 6.79 6.39 6.03 5.70 5.42 5.18 4.98 4.81 4.68 4.59 4.53 4.51 4.51 4.55 4.60 4.65 4.71 4.77 4.84 4.91 4.99 5.07 5.15 5.24 5.33 5.42 5.51 5.61 5.71 5.81 5.92 6.02 6.13 6.23 6.33 6.43 6.53 6.64 6.74 6.84 6.95 7.06 7.17 7.28 7.40 7.52 7.65 7.78 7.92 8.06 8.20 8.34 8.47 8.60 8.73 8.84 8.96 9.07 9.17
18.96 18.56 18.14 17.69 17.21 16.71 16.19 15.65 15.08 14.49 13.88 13.26 12.62 11.96 11.28 10.59 9.90 9.25 8.64 8.09 7.58 7.11 6.69 6.31 5.97 5.67 5.41 5.19 5.00 4.86 4.74 4.67 4.62 4.61 4.63 4.67 4.73 4.80 4.86 4.94 5.01 5.09 5.17 5.26 5.35 5.44 5.53 5.63 5.73 5.83 5.94 6.04 6.14 6.24 6.34 6.44 6.54 6.64 6.74 6.84 6.94 7.04 7.14 7.25 7.36 7.47 7.59 7.71 7.84 7.97 8.11 8.24 8.38 8.50 8.63 8.75 8.86 8.97 9.07 9.17
19.49 19.09 18.67 18.21 17.74 17.23 16.70 16.15 15.58 14.98 14.37 13.73 13.08 12.40 11.71 11.01 10.30 9.64 9.02 8.45 7.92 7.44 7.00 6.60 6.24 5.93 5.65 5.41 5.21 5.05 4.92 4.82 4.76 4.73 4.73 4.76 4.81 4.88 4.95 5.03 5.11 5.19 5.28 5.37 5.46 5.56 5.65 5.75 5.86 5.96 6.06 6.17 6.27 6.36 6.46 6.56 6.65 6.74 6.84 6.93 7.03 7.13 7.23 7.33 7.44 7.54 7.66 7.77 7.90 8.02 8.15 8.29 8.41 8.54 8.66 8.77 8.88 8.99 9.09 9.18
20.01 19.61 19.19 18.73 18.25 17.74 17.21 16.65 16.07 15.47 14.84 14.20 13.53 12.85 12.15 11.43 10.71 10.03 9.40 8.81 8.27 7.77 7.32 6.90 6.53 6.20 5.91 5.65 5.44 5.25 5.11 4.99 4.91 4.87 4.85 4.86 4.90 4.97 5.05 5.13 5.21 5.30 5.39 5.49 5.58 5.68 5.78 5.88 5.99 6.09 6.19 6.29 6.39 6.49 6.58 6.67 6.76 6.85 6.94 7.03 7.13 7.22 7.32 7.41 7.52 7.62 7.73 7.84 7.96 8.08 8.21 8.33 8.46 8.57 8.69 8.80 8.90 9.01 9.10 9.19
20.52 20.12 19.69 19.24 18.76 18.25 17.71 17.15 16.56 15.95 15.32 14.67 13.99 13.30 12.59 11.86 11.12 10.43 9.78 9.18 8.63 8.12 7.65 7.22 6.83 6.49 6.18 5.91 5.68 5.48 5.32 5.19 5.09 5.03 4.99 4.99 5.01 5.07 5.14 5.23 5.32 5.41 5.51 5.60 5.70 5.81 5.91 6.02 6.12 6.23 6.33 6.42 6.52 6.61 6.70 6.79 6.87 6.96 7.05 7.14 7.22 7.31 7.41 7.50 7.60 7.70 7.80 7.91 8.02 8.14 8.26 8.38 8.50 8.61 8.72 8.83 8.93 9.03 9.12 9.21
21.01 20.61 20.19 19.73 19.25 18.74 18.20 17.64 17.05 16.43 15.79 15.13 14.45 13.75 13.02 12.28 11.54 10.83 10.17 9.56 8.99 8.47 7.99 7.55 7.15 6.79 6.46 6.18 5.93 5.72 5.54 5.40 5.29 5.21 5.16 5.14 5.15 5.18 5.25 5.33 5.43 5.52 5.62 5.73 5.83 5.94 6.05 6.15 6.26 6.36 6.46 6.55 6.64 6.73 6.82 6.90 6.99 7.07 7.15 7.24 7.32 7.41 7.50 7.59 7.68 7.78 7.87 7.98 8.09 8.20 8.32 8.43 8.55 8.66 8.76 8.86 8.96 9.05 9.14 9.23
21.48 21.09 20.67 20.22 19.73 19.22 18.68 18.11 17.52 16.90 16.26 15.59 14.90 14.19 13.46 12.71 11.95 11.24 10.57 9.94 9.36 8.83 8.33 7.88 7.47 7.09 6.76 6.46 6.20 5.98 5.79 5.63 5.50 5.41 5.34 5.31 5.30 5.32 5.37 5.44 5.54 5.64 5.75 5.86 5.96 6.08 6.19 6.29 6.40 6.49 6.59 6.68 6.77 6.85 6.94 7.02 7.10 7.18 7.26 7.34 7.42 7.51 7.59 7.68 7.76 7.86 7.95 8.05 8.15 8.26 8.37 8.49 8.60 8.70 8.80 8.90 8.99 9.08 9.17 9.25
21.94 21.55 21.14 20.69 20.20 19.69 19.15 18.58 17.99 17.37 16.72 16.05 15.35 14.63 13.89 13.13 12.37 11.64 10.96 10.33 9.74 9.19 8.68 8.22 7.80 7.41 7.07 6.76 6.48 6.25 6.04 5.87 5.73 5.63 5.55 5.50 5.48 5.49 5.52 5.58 5.66 5.76 5.87 5.99 6.10 6.22 6.33 6.43 6.53 6.63 6.72 6.81 6.89 6.98 7.06 7.14 7.21 7.29 7.37 7.45 7.52 7.60 7.68 7.76 7.85 7.94 8.03 8.12 8.22 8.32 8.43 8.54 8.65 8.75 8.84 8.94 9.03 9.11 9.19 9.27
22.38 22.00 21.59 21.14 20.66 20.15 19.61 19.04 18.45 17.82 17.17 16.50 15.80 15.07 14.33 13.56 12.78 12.05 11.36 10.71 10.11 9.56 9.04 8.57 8.13 7.74 7.38 7.06 6.78 6.53 6.31 6.13 5.98 5.86 5.77 5.71 5.68 5.67 5.69 5.74 5.81 5.90 6.01 6.13 6.24 6.36 6.47 6.57 6.67 6.76 6.85 6.94 7.02 7.10 7.18 7.25 7.33 7.40 7.48 7.55 7.62 7.70 7.78 7.85 7.93 8.02 8.10 8.20 8.29 8.39 8.49 8.60 8.70 8.79 8.89 8.98 9.06 9.15 9.22 9.30
22.80 22.43 22.02 21.58 21.10 20.60 20.06 19.49 18.90 18.27 17.62 16.94 16.23 15.51 14.75 13.98 13.20 12.45 11.75 11.10 10.49 9.93 9.40 8.92 8.48 8.07 7.71 7.38 7.08 6.82 6.60 6.40 6.24 6.11 6.01 5.94 5.89 5.88 5.88 5.92 5.97 6.05 6.15 6.27 6.39 6.50 6.61 6.71 6.80 6.89 6.98 7.06 7.14 7.22 7.30 7.37 7.44 7.51 7.58 7.65 7.72 7.80 7.87 7.94 8.02 8.10 8.18 8.27 8.36 8.45 8.55 8.65 8.75 8.84 8.93 9.02 9.10 9.18 9.25 9.32
23.20 22.84 22.44 22.00 21.53 21.03 20.49 19.93 19.33 18.71 18.05 17.37 16.66 15.93 15.17 14.39 13.60 12.85 12.15 11.49 10.87 10.30 9.77 9.28 8.83 8.41 8.04 7.70 7.40 7.13 6.89 6.69 6.52 6.38 6.27 6.18 6.13 6.10 6.10 6.12 6.16 6.23 6.32 6.42 6.53 6.64 6.74 6.84 6.93 7.02 7.11 7.19 7.27 7.34 7.41 7.49 7.55 7.62 7.69 7.76 7.82 7.89 7.96 8.03 8.11 8.18 8.26 8.34 8.43 8.52 8.62 8.71 8.80 8.89 8.98 9.06 9.14 9.21 9.29 9.35
23.58 23.23 22.83 22.40 21.94 21.44 20.91 20.35 19.76 19.13 18.48 17.80 17.09 16.35 15.59 14.80 14.01 13.25 12.54 11.88 11.25 10.67 10.14 9.64 9.18 8.76 8.38 8.03 7.72 7.44 7.20 6.99 6.81 6.66 6.54 6.44 6.38 6.34 6.33 6.34 6.37 6.43 6.50 6.58 6.67 6.77 6.88 6.97 7.07 7.15 7.24 7.31 7.39 7.46 7.53 7.60 7.67 7.73 7.80 7.86 7.92 7.99 8.05 8.12 8.19 8.26 8.34 8.42 8.50 8.59 8.68 8.77 8.86 8.94 9.02 9.10 9.18 9.25 9.32 9.38
23.94 23.59 23.21 22.79 22.33 21.84 21.31 20.76 20.17 19.54 18.89 18.21 17.50 16.76 16.00 15.21 14.41 13.65 12.93 12.26 11.63 11.05 10.50 10.00 9.53 9.11 8.72 8.36 8.05 7.76 7.51 7.29 7.11 6.95 6.82 6.72 6.65 6.60 6.58 6.58 6.60 6.64 6.69 6.75 6.83 6.91 7.01 7.10 7.19 7.28 7.36 7.44 7.51 7.58 7.65 7.71 7.78 7.84 7.90 7.96 8.02 8.08 8.15 8.21 8.28 8.34 8.42 8.49 8.57 8.65 8.74 8.83 8.91 8.99 9.07 9.14 9.22 9.29 9.35 9.41
24.28 23.94 23.57 23.15 22.70 22.22 21.70 21.15 20.56 19.94 19.29 18.61 17.90 17.16 16.40 15.60 14.80 14.04 13.32 12.64 12.01 11.42 10.87 10.36 9.89 9.46 9.06 8.71 8.38 8.09 7.83 7.61 7.42 7.25 7.12 7.01 6.93 6.87 6.84 6.83 6.84 6.86 6.89 6.94 7.00 7.06 7.14 7.23 7.32 7.40 7.48 7.56 7.63 7.69 7.76 7.82 7.88 7.94 8.00 8.06 8.12 8.18 8.24 8.30 8.36 8.42 8.49 8.56 8.64 8.72 8.80 8.88 8.96 9.04 9.12 9.19 9.26 9.32 9.38 9.44
24.59 24.26 23.90 23.50 23.06 22.58 22.07 21.52 20.94 20.32 19.68 19.00 18.29 17.55 16.79 15.99 15.19 14.42 13.70 13.02 12.38 11.79 11.24 10.72 10.25 9.81 9.41 9.05 8.72 8.43 8.17 7.93 7.73 7.56 7.42 7.31 7.22 7.16 7.12 7.10 7.09 7.09 7.11 7.14 7.18 7.23 7.29 7.36 7.44 7.52 7.60 7.67 7.74 7.81 7.87 7.93 7.99 8.05 8.10 8.16 8.21 8.27 8.33 8.38 8.44 8.50 8.57 8.64 8.71 8.78 8.86 8.94 9.02 9.09 9.16 9.23 9.29 9.36 9.42 9.47
24.87 24.56 24.21 23.82 23.39 22.92 22.42 21.88 21.30 20.69 20.05 19.37 18.67 17.93 17.17 16.37 15.57 14.80 14.07 13.39 12.75 12.16 11.60 11.09 10.61 10.17 9.77 9.40 9.07 8.77 8.50 8.27 8.06 7.89 7.74 7.62 7.53 7.46 7.41 7.37 7.34 7.33 7.33 7.34 7.36 7.40 7.45 7.50 7.57 7.64 7.72 7.79 7.85 7.92 7.98 8.04 8.09 8.15 8.20 8.25 8.31 8.36 8.41 8.47 8.52 8.58 8.64 8.70 8.77 8.84 8.92 8.99 9.07 9.14 9.20 9.27 9.33 9.39 9.45 9.50
25.13 24.83 24.50 24.12 23.70 23.24 22.75 22.21 21.65 21.04 20.41 19.73 19.03 18.30 17.53 16.74 15.93 15.16 14.44 13.76 13.12 12.52 11.96 11.45 10.97 10.52 10.12 9.75 9.41 9.11 8.84 8.60 8.40 8.22 8.07 7.94 7.85 7.76 7.70 7.64 7.60 7.57 7.56 7.55 7.56 7.58 7.61 7.65 7.70 7.76 7.83 7.90 7.96 8.02 8.08 8.14 8.19 8.25 8.30 8.35 8.40 8.45 8.50 8.55 8.60 8.66 8.71 8.77 8.84 8.90 8.98 9.05 9.12 9.18 9.25 9.31 9.37 9.43 9.48 9.53
25.36 25.08 24.76 24.39 23.98 23.54 23.05 22.53 21.97 21.38 20.74 20.08 19.38 18.65 17.89 17.09 16.29 15.52 14.80 14.11 13.48 12.88 12.32 11.80 11.32 10.88 10.47 10.10 9.76 9.46 9.19 8.95 8.74 8.56 8.40 8.27 8.16 8.07 7.98 7.91 7.86 7.82 7.79 7.77 7.76 7.77 7.78 7.81 7.84 7.89 7.94 8.01 8.07 8.13 8.18 8.24 8.29 8.34 8.39 8.44 8.48 8.53 8.58 8.63 8.68 8.73 8.78 8.84 8.90 8.96 9.03 9.10 9.16 9.23 9.29 9.35 9.40 9.46 9.51 9.56
25.57 25.30 24.99 24.64 24.25 23.81 23.34 22.83 22.28 21.69 21.07 20.41 19.71 18.99 18.23 17.44 16.64 15.87 15.14 14.46 13.83 13.23 12.67 12.15 11.67 11.23 10.82 10.45 10.11 9.81 9.54 9.29 9.08 8.90 8.74 8.60 8.48 8.37 8.27 8.19 8.12 8.06 8.02 7.99 7.96 7.96 7.96 7.97 7.99 8.02 8.06 8.11 8.17 8.23 8.28 8.33 8.38 8.43 8.48 8.52 8.57 8.61 8.66 8.70 8.75 8.80 8.85 8.90 8.96 9.02 9.08 9.15 9.21 9.27 9.33 9.38 9.44 9.49 9.54 9.58
25.74 25.49 25.20 24.86 24.48 24.06 23.60 23.10 22.56 21.98 21.37 20.72 20.03 19.31 18.55 17.77 16.97 16.20 15.48 14.80 14.17 13.57 13.02 12.50 12.02 11.58 11.17 10.80 10.46 10.16 9.89 9.64 9.43 9.25 9.08 8.93 8.79 8.66 8.56 8.46 8.38 8.31 8.25 8.20 8.17 8.15 8.14 8.14 8.14 8.16 8.19 8.23 8.27 8.32 8.38 8.43 8.47 8.52 8.56 8.61 8.65 8.69 8.73 8.77 8.82 8.86 8.91 8.96 9.02 9.07 9.13 9.19 9.25 9.31 9.37 9.42 9.47 9.52 9.57 9.61
25.88 25.65 25.38 25.06 24.69 24.29 23.84 23.35 22.82 22.25 21.65 21.01 20.33 19.61 18.86 18.08 17.29 16.52 15.81 15.13 14.50 13.91 13.35 12.84 12.36 11.92 11.52 11.15 10.81 10.51 10.24 10.00 9.78 9.59 9.41 9.24 9.09 8.96 8.84 8.73 8.63 8.55 8.48 8.42 8.38 8.34 8.32 8.30 8.30 8.31 8.32 8.35 8.38 8.42 8.47 8.51 8.56 8.60 8.64 8.68 8.72 8.76 8.80 8.84 8.88 8.93 8.97 9.02 9.07 9.12 9.18 9.24 9.29 9.35 9.40 9.45 9.50 9.55 9.59 9.63
26.00 25.78 25.52 25.22 24.87 24.48 24.05 23.58 23.06 22.50 21.91 21.28 20.61 19.90 19.16 18.38 17.59 16.83 16.12 15.45 14.82 14.23 13.68 13.17 12.70 12.26 11.86 11.49 11.16 10.86 10.59 10.35 10.12 9.92 9.73 9.55 9.39 9.24 9.11 8.99 8.88 8.79 8.71 8.64 8.58 8.53 8.50 8.47 8.46 8.45 8.46 8.47 8.49 8.52 8.55 8.60 8.64 8.68 8.72 8.76 8.80 8.83 8.87 8.91 8.95 8.99 9.03 9.07 9.12 9.17 9.22 9.28 9.33 9.38 9.43 9.48 9.53 9.57 9.61 9.65
26.09 25.88 25.64 25.36 25.03 24.65 24.24 23.78 23.27 22.73 22.15 21.52 20.86 20.17 19.43 18.66 17.88 17.13 16.42 15.75 15.13 14.54 14.00 13.49 13.03 12.59 12.20 11.83 11.50 11.20 10.94 10.69 10.45 10.24 10.03 9.85 9.67 9.52 9.37 9.24 9.13 9.02 8.93 8.85 8.78 8.72 8.68 8.64 8.61 8.60 8.59 8.59 8.60 8.62 8.64 8.68 8.72 8.75 8.79 8.83 8.86 8.90 8.93 8.97 9.00 9.04 9.08 9.12 9.17 9.21 9.26 9.32 9.37 9.41 9.46 9.51 9.55 9.59 9.63 9.67
26.17 25.96 25.73 25.46 25.15 24.80 24.39 23.95 23.46 22.93 22.36 21.75 21.10 20.41 19.69 18.93 18.15 17.40 16.70 16.04 15.42 14.85 14.31 13.81 13.34 12.92 12.52 12.17 11.84 11.54 11.27 11.01 10.77 10.54 10.33 10.13 9.95 9.78 9.63 9.49 9.36 9.25 9.14 9.05 8.98 8.91 8.85 8.81 8.77 8.74 8.72 8.72 8.72 8.72 8.74 8.76 8.79 8.82 8.86 8.89 8.93 8.96 8.99 9.02 9.06 9.09 9.13 9.17 9.21 9.25 9.30 9.35 9.40 9.44 9.49 9.53 9.57 9.61 9.65 9.68
26.23 26.03 25.80 25.54 25.25 24.91 24.52 24.09 23.62 23.11 22.55 21.95 21.31 20.64 19.92 19.17 18.40 17.66 16.97 16.32 15.71 15.14 14.60 14.11 13.65 13.23 12.85 12.49 12.17 11.87 11.58 11.32 11.06 10.83 10.61 10.40 10.21 10.03 9.87 9.72 9.58 9.46 9.35 9.25 9.16 9.09 9.02 8.96 8.92 8.88 8.86 8.84 8.83 8.83 8.83 8.84 8.86 8.89 8.92 8.95 8.98 9.01 9.05 9.08 9.11 9.14 9.17 9.21 9.25 9.29 9.33 9.38 9.42 9.47 9.51 9.55 9.59 9.62 9.66 9.69
26.28 26.08 25.85 25.60 25.31 24.99 24.62 24.21 23.76 23.26 22.72 22.13 21.51 20.84 20.14 19.39 18.63 17.90 17.22 16.58 15.97 15.41 14.89 14.40 13.95 13.54 13.16 12.81 12.48 12.17 11.88 11.60 11.34 11.10 10.87 10.65 10.46 10.27 10.10 9.94 9.80 9.66 9.55 9.44 9.34 9.26 9.18 9.12 9.06 9.02 8.98 8.96 8.94 8.93 8.92 8.93 8.94 8.96 8.98 9.01 9.04 9.06 9.09 9.12 9.15 9.18 9.21 9.24 9.28 9.32 9.36 9.40 9.44 9.48 9.52 9.56 9.60 9.63 9.67 9.70
26.32 26.12 25.89 25.64 25.35 25.04 24.69 24.30 23.86 23.38 22.85 22.28 21.67 21.02 20.33 19.60 18.84 18.13 17.45 16.82 16.22 15.67 15.16 14.68 14.24 13.83 13.46 13.10 12.77 12.45 12.15 11.87 11.60 11.35 11.11 10.89 10.68 10.49 10.31 10.15 10.00 9.86 9.73 9.61 9.51 9.42 9.33 9.26 9.20 9.15 9.10 9.07 9.04 9.02 9.01 9.01 9.01 9.02 9.04 9.06 9.08 9.11 9.14 9.16 9.19 9.22 9.24 9.28 9.31 9.34 9.38 9.42 9.46 9.50 9.54 9.57 9.61 9.64 9.67 9.70
26.34 26.15 25.92 25.67 25.38 25.07 24.73 24.36 23.94 23.47 22.96 22.41 21.81 21.17 20.50 19.78 19.04 18.33 17.66 17.04 16.46 15.92 15.41 14.94 14.51 14.11 13.73 13.37 13.03 12.71 12.40 12.11 11.84 11.58 11.34 11.11 10.89 10.69 10.51 10.34 10.18 10.03 9.90 9.77 9.66 9.56 9.47 9.40 9.33 9.27 9.22 9.17 9.14 9.12 9.10 9.09 9.08 9.08 9.09 9.11 9.12 9.15 9.17 9.20 9.22 9.25 9.27 9.30 9.33 9.36 9.40 9.44 9.47 9.51 9.54 9.58 9.61 9.64 9.67 9.70
26.35 26.16 25.93 25.68 25.40 25.09 24.75 24.38 23.98 23.54 23.04 22.51 21.93 21.30 20.64 19.93 19.20 18.51 17.86 17.25 16.67 16.14 15.65 15.19 14.77 14.36 13.98 13.62 13.27 12.94 12.63 12.33 12.05 11.79 11.54 11.30 11.08 10.88 10.69 10.51 10.34 10.19 10.05 9.92 9.80 9.70 9.60 9.52 9.44 9.38 9.32 9.27 9.23 9.20 9.18 9.16 9.15 9.14 9.14 9.15 9.16 9.18 9.20 9.22 9.25 9.27 9.29 9.32 9.35 9.38 9.41 9.45 9.48 9.51 9.54 9.58 9.61 9.64 9.66 9.69
26.35 26.15 25.93 25.68 25.40 25.09 24.75 24.39 24.00 23.57 23.10 22.58 22.01 21.41 20.76 20.06 19.35 18.67 18.03 17.43 16.87 16.35 15.87 15.42 14.99 14.59 14.20 13.83 13.48 13.14 12.82 12.52 12.24 11.97 11.71 11.47 11.25 11.04 10.84 10.66 10.49 10.33 10.18 10.05 9.93 9.82 9.72 9.63 9.54 9.47 9.41 9.36 9.31 9.27 9.24 9.22 9.20 9.19 9.19 9.19 9.20 9.21 9.23 9.24 9.26 9.29 9.31 9.33 9.36 9.39 9.42 9.45 9.48 9.51 9.54 9.57 9.60 9.63 9.65 9.67
