data_output/RCH/Precip_2006_04.asc
ncols        168
nrows        136
xllcorner    455000
yllcorner    2107000
cellsize     500
NODATA_value     -99999
[rows 34 to 67 of 136, columns 0 to 75 of 168]
64.71 65.12 65.42 65.56 65.53 65.31 64.91 64.33 63.59 62.69 61.63 60.41 59.05 57.54 55.92 54.30 52.73 51.22 49.76 48.35 47.01 45.72 44.50 43.34 42.25 41.22 40.24 39.27 38.31 37.36 36.41 35.47 34.55 33.63 32.73 31.85 30.98 30.13 29.30 28.49 27.71 26.95 26.21 25.50 24.82 24.17 23.56 22.97 22.42 21.91 21.44 21.00 20.60 20.25 19.94 19.68 19.45 19.28 19.15 19.07 19.05 19.08 19.17 19.31 19.52 19.80 20.14 20.54 20.96 21.38 21.82 22.27 22.73 23.20 23.67 24.15
64.51 64.95 65.29 65.50 65.56 65.43 65.11 64.61 63.93 63.08 62.06 60.88 59.54 58.04 56.43 54.81 53.25 51.75 50.30 48.91 47.58 46.31 45.11 43.97 42.90 41.87 40.86 39.86 38.86 37.86 36.88 35.90 34.94 33.99 33.06 32.14 31.24 30.36 29.50 28.66 27.84 27.06 26.29 25.56 24.85 24.18 23.54 22.93 22.36 21.83 21.33 20.88 20.46 20.09 19.77 19.49 19.25 19.07 18.93 18.85 18.82 18.84 18.92 19.07 19.28 19.55 19.90 20.30 20.71 21.14 21.58 22.03 22.49 22.96 23.44 23.92
64.42 64.89 65.25 65.49 65.62 65.58 65.34 64.91 64.30 63.50 62.53 61.38 60.06 58.59 56.98 55.37 53.83 52.33 50.90 49.52 48.21 46.96 45.78 44.67 43.60 42.54 41.49 40.45 39.41 38.38 37.35 36.34 35.35 34.36 33.39 32.44 31.51 30.60 29.71 28.84 28.00 27.18 26.40 25.64 24.91 24.21 23.55 22.92 22.32 21.77 21.26 20.78 20.35 19.97 19.62 19.33 19.08 18.89 18.74 18.65 18.61 18.63 18.71 18.85 19.06 19.33 19.68 20.07 20.49 20.92 21.36 21.81 22.27 22.74 23.22 23.70
64.45 64.94 65.32 65.59 65.73 65.75 65.59 65.24 64.69 63.96 63.03 61.92 60.63 59.17 57.58 55.98 54.45 52.97 51.55 50.20 48.91 47.68 46.52 45.41 44.31 43.22 42.13 41.04 39.96 38.90 37.84 36.79 35.76 34.74 33.74 32.76 31.80 30.86 29.94 29.04 28.17 27.33 26.52 25.73 24.98 24.26 23.57 22.92 22.31 21.74 21.21 20.72 20.27 19.87 19.51 19.20 18.94 18.73 18.58 18.48 18.43 18.44 18.52 18.66 18.86 19.13 19.48 19.87 20.29 20.72 21.16 21.61 22.07 22.54 23.02 23.49
64.59 65.11 65.51 65.79 65.94 65.98 65.87 65.60 65.12 64.44 63.57 62.50 61.24 59.81 58.22 56.64 55.12 53.66 52.27 50.93 49.66 48.46 47.31 46.17 45.03 43.89 42.76 41.64 40.53 39.42 38.33 37.25 36.18 35.13 34.10 33.09 32.10 31.13 30.18 29.26 28.36 27.49 26.65 25.85 25.07 24.33 23.62 22.95 22.32 21.73 21.18 20.67 20.21 19.79 19.42 19.10 18.83 18.61 18.45 18.34 18.28 18.29 18.36 18.49 18.69 18.96 19.30 19.70 20.12 20.55 20.99 21.44 21.90 22.36 22.83 23.29
64.86 65.40 65.82 66.11 66.27 66.31 66.22 65.99 65.58 64.96 64.14 63.12 61.90 60.48 58.92 57.36 55.85 54.41 53.04 51.73 50.48 49.29 48.10 46.92 45.74 44.57 43.40 42.24 41.09 39.95 38.82 37.71 36.61 35.53 34.47 33.43 32.41 31.41 30.43 29.48 28.56 27.67 26.81 25.98 25.18 24.42 23.69 23.00 22.35 21.75 21.18 20.66 20.18 19.75 19.37 19.03 18.75 18.52 18.35 18.23 18.16 18.16 18.22 18.35 18.55 18.82 19.16 19.55 19.97 20.40 20.84 21.29 21.74 22.21 22.65 23.07
65.26 65.82 66.25 66.55 66.72 66.77 66.67 66.45 66.07 65.52 64.75 63.78 62.59 61.21 59.66 58.12 56.64 55.22 53.87 52.58 51.35 50.12 48.90 47.67 46.46 45.24 44.04 42.84 41.66 40.48 39.32 38.18 37.05 35.94 34.84 33.77 32.72 31.70 30.70 29.72 28.78 27.86 26.98 26.12 25.31 24.52 23.78 23.07 22.41 21.78 21.20 20.66 20.17 19.73 19.33 18.99 18.70 18.46 18.27 18.15 18.08 18.07 18.12 18.25 18.44 18.70 19.04 19.43 19.85 20.27 20.71 21.16 21.61 22.05 22.46 22.83
65.79 66.36 66.81 67.12 67.30 67.34 67.25 67.01 66.64 66.12 65.41 64.48 63.33 61.98 60.46 58.93 57.48 56.08 54.76 53.48 52.21 50.95 49.68 48.42 47.17 45.92 44.68 43.45 42.23 41.02 39.83 38.65 37.49 36.35 35.23 34.13 33.05 32.00 30.97 29.97 29.00 28.07 27.16 26.29 25.45 24.65 23.88 23.16 22.48 21.84 21.24 20.69 20.18 19.73 19.32 18.97 18.67 18.42 18.23 18.10 18.02 18.01 18.05 18.17 18.36 18.62 18.95 19.34 19.76 20.18 20.61 21.06 21.49 21.88 22.25 22.58
66.45 67.05 67.51 67.83 68.01 68.05 67.95 67.71 67.32 66.79 66.10 65.22 64.12 62.80 61.30 59.80 58.37 57.01 55.69 54.38 53.07 51.77 50.46 49.17 47.87 46.59 45.31 44.05 42.79 41.55 40.33 39.12 37.93 36.76 35.61 34.49 33.38 32.31 31.25 30.23 29.24 28.28 27.35 26.46 25.60 24.78 24.00 23.26 22.56 21.91 21.30 20.73 20.22 19.75 19.34 18.97 18.66 18.41 18.21 18.07 17.99 17.97 18.02 18.13 18.31 18.56 18.89 19.28 19.69 20.11 20.54 20.96 21.35 21.70 22.03 22.32
67.27 67.87 68.34 68.67 68.85 68.89 68.78 68.53 68.13 67.58 66.88 66.02 64.96 63.67 62.20 60.73 59.33 57.97 56.62 55.27 53.92 52.58 51.24 49.90 48.57 47.25 45.94 44.64 43.36 42.09 40.83 39.60 38.38 37.18 36.00 34.85 33.72 32.62 31.55 30.50 29.49 28.51 27.56 26.65 25.77 24.93 24.14 23.38 22.67 22.00 21.38 20.80 20.27 19.80 19.37 19.00 18.68 18.42 18.22 18.07 17.99 17.97 18.01 18.12 18.29 18.54 18.87 19.26 19.66 20.08 20.48 20.86 21.20 21.51 21.80 22.06
68.23 68.85 69.32 69.65 69.83 69.87 69.75 69.49 69.07 68.50 67.77 66.89 65.84 64.59 63.15 61.71 60.32 58.93 57.54 56.15 54.76 53.38 52.00 50.63 49.27 47.91 46.57 45.24 43.92 42.62 41.33 40.07 38.82 37.60 36.39 35.22 34.06 32.94 31.84 30.77 29.74 28.74 27.77 26.84 25.95 25.10 24.28 23.51 22.79 22.11 21.47 20.88 20.35 19.86 19.43 19.05 18.72 18.46 18.25 18.10 18.01 17.99 18.03 18.14 18.31 18.56 18.88 19.26 19.66 20.05 20.41 20.74 21.04 21.32 21.56 21.79
69.35 69.97 70.45 70.78 70.96 70.99 70.87 70.59 70.15 69.56 68.80 67.89 66.82 65.57 64.16 62.73 61.30 59.87 58.44 57.02 55.59 54.17 52.76 51.35 49.95 48.57 47.19 45.83 44.48 43.15 41.83 40.54 39.27 38.01 36.79 35.58 34.41 33.26 32.14 31.05 30.00 28.98 27.99 27.05 26.14 25.27 24.44 23.66 22.92 22.23 21.58 20.98 20.44 19.94 19.50 19.11 18.79 18.51 18.30 18.15 18.06 18.04 18.08 18.19 18.36 18.61 18.93 19.30 19.68 20.02 20.34 20.62 20.88 21.12 21.33 21.52
70.60 71.23 71.72 72.05 72.22 72.24 72.11 71.81 71.35 70.74 69.96 69.01 67.90 66.63 65.21 63.75 62.28 60.81 59.35 57.88 56.42 54.96 53.51 52.07 50.64 49.22 47.81 46.42 45.04 43.68 42.34 41.02 39.72 38.44 37.19 35.96 34.76 33.59 32.45 31.34 30.27 29.23 28.23 27.27 26.34 25.46 24.62 23.82 23.07 22.36 21.71 21.10 20.54 20.04 19.59 19.20 18.87 18.59 18.38 18.22 18.13 18.11 18.15 18.26 18.44 18.69 19.01 19.36 19.69 19.99 20.26 20.51 20.73 20.93 21.10 21.25
71.81 72.46 72.96 73.29 73.47 73.49 73.34 73.04 72.57 71.93 71.13 70.15 69.01 67.72 66.33 64.85 63.35 61.84 60.33 58.83 57.33 55.83 54.35 52.87 51.40 49.95 48.51 47.08 45.67 44.28 42.91 41.56 40.23 38.93 37.65 36.40 35.17 33.98 32.82 31.69 30.60 29.54 28.52 27.53 26.59 25.69 24.84 24.02 23.26 22.54 21.87 21.26 20.69 20.18 19.72 19.33 18.98 18.70 18.48 18.33 18.23 18.21 18.25 18.36 18.54 18.79 19.11 19.47 19.76 20.01 20.24 20.45 20.63 20.79 20.93 21.05
72.93 73.60 74.11 74.46 74.64 74.67 74.52 74.21 73.74 73.09 72.27 71.28 70.14 68.87 67.50 66.06 64.54 62.99 61.44 59.89 58.35 56.82 55.29 53.78 52.27 50.78 49.31 47.85 46.40 44.98 43.58 42.19 40.84 39.50 38.20 36.92 35.67 34.45 33.26 32.11 30.99 29.91 28.87 27.87 26.91 25.99 25.11 24.29 23.51 22.77 22.09 21.46 20.88 20.36 19.90 19.49 19.14 18.85 18.62 18.46 18.36 18.33 18.37 18.47 18.65 18.90 19.24 19.60 19.89 20.11 20.30 20.46 20.60 20.72 20.82 20.91
73.95 74.65 75.19 75.56 75.76 75.80 75.66 75.36 74.88 74.23 73.41 72.42 71.30 70.07 68.74 67.32 65.82 64.26 62.67 61.08 59.49 57.92 56.35 54.79 53.25 51.72 50.21 48.71 47.23 45.77 44.34 42.92 41.53 40.17 38.83 37.52 36.24 35.00 33.78 32.61 31.46 30.36 29.29 28.27 27.29 26.35 25.45 24.61 23.81 23.06 22.36 21.71 21.12 20.59 20.11 19.69 19.33 19.03 18.79 18.62 18.52 18.48 18.51 18.61 18.79 19.04 19.38 19.75 20.05 20.27 20.43 20.54 20.64 20.72 20.79 20.84
74.90 75.64 76.21 76.61 76.84 76.89 76.78 76.49 76.02 75.37 74.56 73.60 72.51 71.31 70.02 68.63 67.16 65.62 64.01 62.38 60.75 59.13 57.52 55.92 54.34 52.77 51.21 49.68 48.16 46.67 45.19 43.74 42.32 40.92 39.55 38.21 36.90 35.62 34.38 33.18 32.01 30.87 29.78 28.73 27.73 26.77 25.85 24.98 24.16 23.40 22.68 22.02 21.41 20.86 20.36 19.93 19.56 19.24 19.00 18.82 18.70 18.66 18.68 18.78 18.95 19.20 19.54 19.92 20.23 20.46 20.61 20.70 20.76 20.80 20.83 20.84
75.80 76.58 77.19 77.63 77.89 77.97 77.88 77.61 77.16 76.54 75.75 74.83 73.77 72.61 71.34 69.99 68.55 67.04 65.45 63.80 62.12 60.46 58.80 57.16 55.53 53.92 52.32 50.75 49.19 47.65 46.14 44.65 43.19 41.76 40.35 38.98 37.64 36.33 35.06 33.82 32.62 31.46 30.34 29.26 28.23 27.25 26.31 25.41 24.57 23.78 23.05 22.36 21.74 21.17 20.66 20.21 19.82 19.49 19.23 19.04 18.91 18.86 18.87 18.96 19.13 19.38 19.73 20.11 20.43 20.66 20.82 20.91 20.94 20.94 20.93 20.91
76.65 77.49 78.15 78.63 78.93 79.05 79.00 78.76 78.33 77.74 76.99 76.10 75.08 73.94 72.72 71.40 69.99 68.50 66.94 65.30 63.61 61.90 60.19 58.50 56.83 55.17 53.53 51.91 50.31 48.74 47.18 45.66 44.16 42.68 41.24 39.83 38.45 37.11 35.80 34.53 33.30 32.11 30.96 29.86 28.80 27.78 26.82 25.90 25.03 24.22 23.46 22.76 22.11 21.52 20.99 20.52 20.11 19.77 19.50 19.29 19.15 19.08 19.08 19.16 19.32 19.58 19.92 20.31 20.64 20.88 21.05 21.15 21.18 21.15 21.10 21.04
77.49 78.38 79.10 79.63 79.98 80.15 80.14 79.93 79.54 78.98 78.26 77.40 76.42 75.32 74.13 72.84 71.47 70.01 68.47 66.86 65.18 63.45 61.70 59.96 58.23 56.53 54.84 53.18 51.53 49.91 48.32 46.75 45.20 43.69 42.21 40.76 39.35 37.97 36.62 35.32 34.05 32.83 31.65 30.51 29.42 28.38 27.38 26.44 25.55 24.71 23.92 23.19 22.52 21.91 21.36 20.87 20.44 20.08 19.79 19.56 19.40 19.32 19.31 19.38 19.54 19.79 20.14 20.53 20.86 21.11 21.29 21.40 21.43 21.41 21.33 21.23
78.31 79.27 80.06 80.65 81.06 81.28 81.31 81.14 80.78 80.25 79.57 78.74 77.79 76.73 75.58 74.32 72.98 71.55 70.04 68.45 66.80 65.08 63.30 61.51 59.74 57.99 56.25 54.54 52.85 51.18 49.54 47.92 46.34 44.78 43.26 41.77 40.32 38.90 37.52 36.18 34.87 33.61 32.40 31.23 30.11 29.03 28.00 27.03 26.11 25.24 24.43 23.67 22.97 22.34 21.76 21.25 20.80 20.42 20.11 19.86 19.68 19.58 19.56 19.62 19.77 20.02 20.37 20.77 21.10 21.36 21.54 21.66 21.70 21.69 21.61 21.48
79.14 80.19 81.04 81.71 82.18 82.45 82.52 82.38 82.05 81.56 80.91 80.12 79.21 78.18 77.06 75.84 74.53 73.13 71.65 70.08 68.45 66.75 64.99 63.17 61.35 59.54 57.76 55.99 54.25 52.54 50.85 49.19 47.56 45.96 44.39 42.86 41.36 39.90 38.48 37.10 35.76 34.46 33.21 32.01 30.85 29.74 28.68 27.67 26.72 25.82 24.98 24.19 23.47 22.81 22.20 21.67 21.19 20.79 20.45 20.18 19.98 19.86 19.83 19.88 20.02 20.27 20.62 21.02 21.36 21.62 21.81 21.93 21.98 21.97 21.91 21.78
80.00 81.13 82.07 82.81 83.34 83.65 83.75 83.64 83.35 82.89 82.28 81.53 80.65 79.66 78.58 77.39 76.11 74.74 73.29 71.75 70.14 68.46 66.71 64.91 63.06 61.20 59.36 57.55 55.75 53.99 52.25 50.54 48.86 47.22 45.60 44.03 42.48 40.98 39.52 38.09 36.71 35.38 34.09 32.84 31.65 30.50 29.41 28.36 27.38 26.45 25.57 24.76 24.00 23.31 22.68 22.12 21.62 21.18 20.82 20.52 20.30 20.16 20.11 20.15 20.29 20.53 20.88 21.28 21.62 21.89 22.09 22.21 22.27 22.27 22.21 22.10
80.91 82.13 83.15 83.96 84.53 84.88 85.01 84.93 84.68 84.25 83.68 82.96 82.12 81.17 80.12 78.97 77.73 76.39 74.96 73.45 71.86 70.20 68.47 66.68 64.84 62.95 61.06 59.19 57.35 55.53 53.74 51.98 50.25 48.55 46.89 45.27 43.68 42.13 40.62 39.15 37.73 36.35 35.02 33.74 32.50 31.32 30.18 29.11 28.08 27.12 26.21 25.36 24.57 23.85 23.19 22.59 22.06 21.60 21.20 20.88 20.64 20.48 20.41 20.44 20.57 20.81 21.16 21.56 21.90 22.17 22.37 22.50 22.57 22.58 22.53 22.42
81.87 83.19 84.29 85.14 85.74 86.12 86.28 86.25 86.03 85.64 85.09 84.41 83.61 82.70 81.69 80.58 79.36 78.05 76.65 75.17 73.60 71.96 70.26 68.49 66.66 64.78 62.86 60.93 59.03 57.16 55.31 53.50 51.72 49.97 48.26 46.58 44.95 43.35 41.79 40.28 38.81 37.39 36.01 34.69 33.41 32.18 31.01 29.90 28.83 27.83 26.89 26.00 25.18 24.42 23.73 23.10 22.53 22.03 21.61 21.26 20.99 20.81 20.73 20.75 20.87 21.10 21.44 21.85 22.19 22.47 22.67 22.81 22.88 22.89 22.85 22.75
82.90 84.31 85.45 86.33 86.97 87.38 87.58 87.58 87.39 87.04 86.53 85.89 85.12 84.25 83.28 82.20 81.03 79.75 78.38 76.92 75.38 73.76 72.07 70.32 68.50 66.63 64.71 62.76 60.80 58.87 56.97 55.10 53.27 51.46 49.70 47.97 46.29 44.64 43.03 41.47 39.96 38.49 37.06 35.69 34.37 33.10 31.89 30.73 29.63 28.59 27.61 26.68 25.83 25.03 24.30 23.63 23.02 22.49 22.03 21.65 21.36 21.16 21.06 21.07 21.18 21.40 21.75 22.15 22.50 22.77 22.97 23.11 23.19 23.21 23.17 23.09
84.00 85.45 86.62 87.54 88.21 88.66 88.89 88.92 88.77 88.46 87.99 87.38 86.65 85.82 84.89 83.85 82.71 81.46 80.12 78.69 77.17 75.58 73.91 72.17 70.37 68.51 66.60 64.65 62.66 60.67 58.71 56.79 54.89 53.04 51.22 49.44 47.70 46.00 44.34 42.73 41.16 39.64 38.17 36.76 35.39 34.08 32.82 31.62 30.47 29.39 28.36 27.40 26.50 25.67 24.89 24.18 23.53 22.96 22.47 22.07 21.75 21.53 21.41 21.40 21.50 21.72 22.06 22.46 22.81 23.08 23.29 23.43 23.51 23.54 23.51 23.43
85.11 86.60 87.80 88.75 89.46 89.94 90.21 90.28 90.17 89.89 89.46 88.89 88.20 87.40 86.51 85.51 84.40 83.19 81.88 80.48 78.99 77.41 75.76 74.04 72.26 70.41 68.51 66.57 64.58 62.56 60.54 58.55 56.60 54.69 52.81 50.97 49.18 47.42 45.71 44.05 42.43 40.86 39.34 37.87 36.46 35.10 33.79 32.54 31.36 30.23 29.16 28.16 27.21 26.32 25.50 24.74 24.06 23.45 22.93 22.49 22.15 21.91 21.78 21.75 21.84 22.05 22.38 22.78 23.13 23.40 23.61 23.76 23.84 23.87 23.84 23.77
86.24 87.75 88.99 89.98 90.72 91.24 91.54 91.65 91.57 91.33 90.94 90.41 89.76 89.00 88.15 87.19 86.12 84.94 83.66 82.28 80.81 79.26 77.64 75.93 74.16 72.33 70.45 68.51 66.52 64.50 62.45 60.40 58.39 56.41 54.47 52.58 50.72 48.91 47.15 45.43 43.76 42.13 40.56 39.04 37.58 36.17 34.81 33.52 32.28 31.11 29.99 28.94 27.94 27.00 26.13 25.33 24.60 23.96 23.40 22.94 22.57 22.31 22.15 22.11 22.19 22.39 22.71 23.11 23.46 23.73 23.94 24.09 24.17 24.20 24.18 24.11
87.36 88.91 90.18 91.20 91.98 92.53 92.87 93.02 92.98 92.78 92.42 91.93 91.32 90.61 89.80 88.88 87.84 86.69 85.44 84.10 82.66 81.13 79.52 77.84 76.09 74.27 72.39 70.46 68.48 66.46 64.41 62.32 60.25 58.21 56.21 54.25 52.34 50.47 48.65 46.87 45.14 43.46 41.84 40.26 38.74 37.28 35.88 34.53 33.25 32.02 30.86 29.74 28.69 27.70 26.78 25.93 25.17 24.49 23.89 23.40 23.01 22.72 22.54 22.48 22.54 22.73 23.06 23.45 23.79 24.07 24.27 24.42 24.51 24.54 24.52 24.46
88.48 90.07 91.38 92.43 93.25 93.83 94.21 94.39 94.39 94.23 93.91 93.46 92.89 92.22 91.45 90.57 89.57 88.46 87.24 85.92 84.51 83.01 81.42 79.76 78.02 76.22 74.35 72.43 70.46 68.44 66.39 64.30 62.18 60.08 58.02 56.00 54.02 52.09 50.21 48.37 46.58 44.85 43.17 41.54 39.96 38.45 36.99 35.59 34.25 32.97 31.74 30.57 29.46 28.42 27.45 26.55 25.75 25.03 24.40 23.87 23.45 23.14 22.94 22.86 22.91 23.09 23.41 23.80 24.14 24.41 24.61 24.76 24.85 24.88 24.87 24.81
89.60 91.22 92.57 93.66 94.51 95.13 95.55 95.77 95.80 95.68 95.40 95.00 94.47 93.84 93.11 92.26 91.30 90.23 89.04 87.75 86.37 84.89 83.33 81.68 79.96 78.17 76.32 74.41 72.44 70.43 68.38 66.29 64.17 62.03 59.90 57.81 55.77 53.78 51.83 49.93 48.08 46.29 44.55 42.86 41.23 39.66 38.14 36.69 35.29 33.94 32.65 31.41 30.25 29.15 28.13 27.19 26.34 25.58 24.92 24.36 23.91 23.57 23.35 23.26 23.29 23.46 23.77 24.15 24.48 24.75 24.96 25.10 25.19 25.23 25.22 25.16
90.71 92.37 93.75 94.88 95.76 96.43 96.88 97.14 97.21 97.13 96.89 96.53 96.04 95.45 94.76 93.96 93.04 92.00 90.84 89.59 88.23 86.78 85.24 83.61 81.91 80.14 78.30 76.39 74.44 72.43 70.38 68.29 66.16 64.01 61.85 59.70 57.59 55.53 53.51 51.55 49.64 47.78 45.98 44.23 42.54 40.91 39.34 37.82 36.35 34.93 33.57 32.28 31.05 29.90 28.83 27.85 26.95 26.15 25.45 24.86 24.38 24.02 23.77 23.66 23.68 23.83 24.13 24.51 24.84 25.10 25.31 25.45 25.54 25.57 25.56 25.50
91.81 93.50 94.92 96.09 97.01 97.71 98.20 98.50 98.62 98.57 98.38 98.05 97.61 97.06 96.42 95.66 94.77 93.76 92.65 91.42 90.09 88.66 87.15 85.54 83.86 82.10 80.27 78.38 76.43 74.43 72.38 70.29 68.17 66.01 63.83 61.64 59.47 57.34 55.26 53.23 51.25 49.33 47.46 45.65 43.90 42.21 40.56 38.97 37.43 35.94 34.52 33.16 31.88 30.67 29.55 28.52 27.58 26.74 26.00 25.37 24.86 24.47 24.20 24.07 24.07 24.21 24.50 24.88 25.20 25.46 25.66 25.80 25.89 25.92 25.91 25.85
