data_output/RCH/Precip_1995_03.asc
ncols        168
nrows        136
xllcorner    455000
yllcorner    2107000
cellsize     500
NODATA_value     -99999
[rows 74 to 110 of 136, columns 0 to 82 of 168]
8.19 8.16 8.14 8.11 8.10 8.09 8.09 8.09 8.10 8.12 8.15 8.18 8.23 8.28 8.35 8.42 8.50 8.59 8.66 8.71 8.75 8.76 8.77 8.76 8.73 8.70 8.65 8.59 8.53 8.46 8.38 8.31 8.25 8.18 8.12 8.06 8.00 7.94 7.89 7.83 7.78 7.73 7.68 7.62 7.57 7.51 7.45 7.39 7.32 7.26 7.19 7.12 7.05 6.98 6.91 6.84 6.77 6.70 6.62 6.55 6.47 6.40 6.33 6.25 6.18 6.10 6.03 5.95 5.88 5.81 5.73 5.66 5.59 5.52 5.45 5.39 5.32 5.26 5.19 5.13 5.07 5.01 4.96
8.22 8.17 8.12 8.08 8.04 8.01 7.99 7.97 7.96 7.95 7.96 7.97 7.99 8.02 8.06 8.10 8.16 8.23 8.30 8.35 8.39 8.41 8.42 8.41 8.39 8.36 8.31 8.26 8.19 8.12 8.05 7.98 7.92 7.86 7.80 7.74 7.68 7.63 7.57 7.52 7.47 7.42 7.37 7.31 7.26 7.20 7.14 7.08 7.02 6.95 6.89 6.82 6.76 6.69 6.62 6.55 6.48 6.41 6.34 6.27 6.20 6.13 6.06 5.99 5.92 5.85 5.78 5.71 5.64 5.58 5.51 5.44 5.38 5.32 5.26 5.20 5.14 5.08 5.02 4.97 4.92 4.87 4.82
8.24 8.17 8.11 8.05 7.99 7.94 7.90 7.86 7.83 7.80 7.78 7.77 7.77 7.77 7.79 7.81 7.84 7.89 7.94 7.99 8.04 8.06 8.07 8.06 8.05 8.01 7.97 7.92 7.86 7.79 7.72 7.65 7.59 7.53 7.47 7.42 7.36 7.31 7.26 7.21 7.16 7.11 7.06 7.00 6.95 6.89 6.83 6.77 6.71 6.65 6.59 6.52 6.46 6.39 6.33 6.26 6.19 6.13 6.06 5.99 5.93 5.86 5.79 5.73 5.66 5.60 5.53 5.47 5.41 5.35 5.29 5.23 5.17 5.12 5.06 5.01 4.96 4.91 4.86 4.81 4.77 4.73 4.69
8.26 8.18 8.10 8.02 7.95 7.88 7.82 7.76 7.71 7.66 7.62 7.59 7.56 7.55 7.54 7.54 7.55 7.57 7.60 7.63 7.67 7.70 7.71 7.71 7.70 7.67 7.63 7.58 7.52 7.45 7.38 7.32 7.26 7.20 7.15 7.09 7.04 6.99 6.95 6.90 6.85 6.80 6.74 6.69 6.64 6.58 6.52 6.46 6.40 6.34 6.28 6.22 6.16 6.09 6.03 5.97 5.90 5.84 5.78 5.72 5.65 5.59 5.53 5.47 5.41 5.35 5.29 5.23 5.18 5.12 5.07 5.01 4.96 4.92 4.87 4.82 4.78 4.74 4.70 4.66 4.63 4.60 4.57
8.28 8.18 8.09 7.99 7.90 7.82 7.74 7.66 7.59 7.53 7.47 7.42 7.37 7.33 7.30 7.28 7.27 7.27 7.27 7.29 7.31 7.34 7.36 7.36 7.34 7.32 7.28 7.23 7.17 7.11 7.05 6.99 6.93 6.87 6.82 6.77 6.72 6.67 6.63 6.58 6.53 6.48 6.43 6.37 6.32 6.26 6.21 6.15 6.09 6.03 5.97 5.91 5.85 5.79 5.73 5.67 5.61 5.55 5.50 5.44 5.38 5.32 5.26 5.21 5.15 5.10 5.05 4.99 4.94 4.90 4.85 4.80 4.76 4.72 4.68 4.64 4.61 4.57 4.54 4.51 4.49 4.46 4.44
8.29 8.18 8.07 7.96 7.86 7.76 7.66 7.57 7.48 7.40 7.33 7.25 7.19 7.13 7.09 7.04 7.01 6.99 6.97 6.96 6.97 6.98 7.00 7.00 6.99 6.97 6.93 6.89 6.83 6.77 6.71 6.65 6.59 6.54 6.49 6.44 6.40 6.35 6.31 6.26 6.21 6.16 6.11 6.05 6.00 5.94 5.89 5.83 5.78 5.72 5.66 5.61 5.55 5.49 5.44 5.38 5.32 5.27 5.21 5.16 5.10 5.05 5.00 4.95 4.90 4.85 4.80 4.76 4.71 4.67 4.63 4.59 4.56 4.52 4.49 4.46 4.43 4.41 4.39 4.37 4.35 4.34 4.33
8.30 8.17 8.05 7.93 7.81 7.70 7.59 7.48 7.38 7.28 7.19 7.10 7.02 6.95 6.88 6.82 6.77 6.72 6.69 6.66 6.64 6.63 6.63 6.64 6.63 6.61 6.58 6.54 6.48 6.43 6.37 6.31 6.26 6.21 6.16 6.12 6.07 6.03 5.98 5.93 5.88 5.83 5.78 5.73 5.68 5.62 5.57 5.52 5.46 5.41 5.35 5.30 5.24 5.19 5.14 5.08 5.03 4.98 4.93 4.88 4.83 4.78 4.74 4.69 4.65 4.60 4.56 4.52 4.49 4.45 4.42 4.39 4.36 4.33 4.31 4.29 4.27 4.25 4.24 4.23 4.22 4.22 4.21
8.29 8.16 8.02 7.89 7.76 7.63 7.51 7.39 7.27 7.16 7.06 6.95 6.86 6.77 6.68 6.61 6.53 6.47 6.42 6.37 6.33 6.31 6.29 6.28 6.27 6.25 6.23 6.19 6.14 6.08 6.02 5.97 5.92 5.88 5.83 5.79 5.74 5.70 5.65 5.60 5.55 5.50 5.45 5.40 5.35 5.30 5.25 5.19 5.14 5.09 5.04 4.99 4.94 4.89 4.84 4.79 4.74 4.69 4.64 4.60 4.56 4.51 4.47 4.43 4.39 4.36 4.32 4.29 4.26 4.23 4.21 4.18 4.16 4.14 4.13 4.11 4.10 4.10 4.09 4.09 4.09 4.10 4.11
8.27 8.13 7.98 7.84 7.70 7.57 7.43 7.30 7.17 7.05 6.93 6.81 6.70 6.59 6.49 6.40 6.31 6.24 6.16 6.10 6.04 6.00 5.96 5.93 5.91 5.90 5.87 5.83 5.79 5.73 5.68 5.63 5.59 5.54 5.50 5.45 5.41 5.36 5.32 5.27 5.22 5.17 5.12 5.07 5.02 4.97 4.92 4.87 4.82 4.77 4.72 4.68 4.63 4.58 4.54 4.49 4.45 4.40 4.36 4.32 4.28 4.24 4.21 4.17 4.14 4.11 4.08 4.06 4.04 4.01 4.00 3.98 3.97 3.96 3.95 3.94 3.94 3.94 3.95 3.96 3.97 3.98 4.00
8.24 8.09 7.94 7.79 7.64 7.49 7.35 7.20 7.06 6.93 6.80 6.67 6.54 6.43 6.31 6.20 6.10 6.01 5.92 5.84 5.77 5.70 5.65 5.60 5.57 5.54 5.51 5.48 5.44 5.39 5.34 5.29 5.25 5.20 5.16 5.12 5.07 5.02 4.98 4.93 4.88 4.83 4.79 4.74 4.69 4.64 4.59 4.55 4.50 4.45 4.41 4.36 4.32 4.28 4.23 4.19 4.15 4.11 4.08 4.04 4.01 3.98 3.95 3.92 3.89 3.87 3.85 3.83 3.81 3.80 3.79 3.78 3.77 3.77 3.77 3.78 3.78 3.80 3.81 3.83 3.85 3.88 3.91
8.19 8.03 7.87 7.72 7.56 7.41 7.25 7.10 6.95 6.81 6.66 6.52 6.39 6.26 6.13 6.01 5.90 5.79 5.69 5.59 5.51 5.43 5.35 5.29 5.24 5.19 5.16 5.12 5.08 5.04 4.99 4.95 4.90 4.86 4.82 4.77 4.73 4.68 4.64 4.59 4.54 4.50 4.45 4.40 4.36 4.31 4.26 4.22 4.18 4.13 4.09 4.05 4.01 3.97 3.93 3.89 3.86 3.83 3.79 3.76 3.74 3.71 3.69 3.66 3.65 3.63 3.61 3.60 3.59 3.59 3.58 3.58 3.59 3.59 3.60 3.61 3.63 3.65 3.68 3.70 3.74 3.77 3.81
8.12 7.96 7.80 7.63 7.47 7.31 7.15 6.99 6.83 6.68 6.53 6.38 6.24 6.09 5.96 5.83 5.70 5.58 5.46 5.36 5.25 5.16 5.07 5.00 4.93 4.86 4.81 4.77 4.73 4.69 4.64 4.60 4.56 4.51 4.47 4.43 4.38 4.33 4.29 4.24 4.20 4.15 4.11 4.06 4.02 3.98 3.93 3.89 3.85 3.81 3.77 3.73 3.70 3.66 3.63 3.60 3.57 3.54 3.51 3.49 3.46 3.44 3.43 3.41 3.40 3.39 3.38 3.38 3.37 3.38 3.38 3.39 3.40 3.42 3.43 3.46 3.48 3.51 3.55 3.58 3.63 3.67 3.72
8.03 7.87 7.70 7.53 7.37 7.20 7.04 6.87 6.71 6.55 6.39 6.23 6.08 5.93 5.78 5.64 5.50 5.37 5.25 5.13 5.01 4.90 4.81 4.71 4.63 4.55 4.49 4.43 4.38 4.34 4.29 4.25 4.21 4.16 4.12 4.07 4.03 3.98 3.94 3.90 3.85 3.81 3.77 3.72 3.68 3.64 3.60 3.56 3.52 3.49 3.45 3.42 3.38 3.35 3.32 3.30 3.27 3.25 3.23 3.21 3.19 3.18 3.17 3.16 3.15 3.15 3.15 3.15 3.16 3.17 3.18 3.20 3.22 3.24 3.27 3.30 3.34 3.38 3.42 3.47 3.52 3.58 3.64
7.93 7.77 7.60 7.43 7.26 7.09 6.92 6.75 6.58 6.41 6.25 6.09 5.93 5.77 5.61 5.46 5.32 5.18 5.04 4.91 4.78 4.66 4.55 4.45 4.35 4.26 4.18 4.11 4.05 4.00 3.96 3.92 3.87 3.83 3.79 3.74 3.70 3.65 3.61 3.57 3.52 3.48 3.44 3.40 3.36 3.32 3.28 3.25 3.21 3.18 3.15 3.12 3.09 3.06 3.04 3.02 3.00 2.98 2.96 2.95 2.94 2.93 2.92 2.92 2.92 2.93 2.93 2.95 2.96 2.98 3.00 3.02 3.05 3.08 3.12 3.16 3.21 3.25 3.31 3.37 3.43 3.50 3.57
7.85 7.68 7.51 7.34 7.17 6.99 6.82 6.65 6.47 6.30 6.13 5.96 5.79 5.63 5.47 5.31 5.15 5.00 4.86 4.72 4.58 4.45 4.33 4.21 4.10 4.00 3.90 3.82 3.76 3.73 3.69 3.64 3.60 3.55 3.51 3.46 3.42 3.38 3.33 3.29 3.25 3.21 3.17 3.13 3.09 3.05 3.02 2.98 2.95 2.92 2.89 2.86 2.84 2.82 2.79 2.78 2.76 2.75 2.74 2.73 2.72 2.72 2.72 2.72 2.73 2.74 2.75 2.77 2.79 2.82 2.85 2.88 2.91 2.95 3.00 3.05 3.10 3.16 3.22 3.29 3.36 3.44 3.52
7.78 7.61 7.44 7.26 7.09 6.91 6.74 6.56 6.38 6.21 6.03 5.85 5.68 5.51 5.34 5.18 5.01 4.85 4.70 4.55 4.40 4.26 4.13 4.00 3.88 3.76 3.66 3.58 3.53 3.50 3.47 3.43 3.39 3.34 3.29 3.25 3.20 3.16 3.11 3.07 3.03 2.99 2.95 2.91 2.87 2.83 2.80 2.77 2.74 2.71 2.68 2.66 2.63 2.61 2.60 2.58 2.57 2.56 2.55 2.55 2.55 2.55 2.55 2.56 2.58 2.59 2.61 2.63 2.66 2.69 2.73 2.77 2.81 2.86 2.91 2.97 3.03 3.10 3.17 3.24 3.33 3.41 3.51
7.72 7.55 7.38 7.20 7.03 6.85 6.67 6.49 6.31 6.13 5.95 5.77 5.59 5.41 5.24 5.07 4.90 4.73 4.57 4.41 4.25 4.10 3.96 3.82 3.68 3.56 3.46 3.39 3.34 3.33 3.30 3.27 3.23 3.18 3.13 3.09 3.04 2.99 2.95 2.90 2.86 2.82 2.78 2.74 2.70 2.67 2.63 2.60 2.57 2.54 2.52 2.50 2.48 2.46 2.44 2.43 2.42 2.41 2.41 2.41 2.41 2.42 2.43 2.44 2.46 2.48 2.50 2.53 2.56 2.60 2.64 2.69 2.74 2.79 2.85 2.92 2.99 3.06 3.14 3.22 3.31 3.41 3.51
7.68 7.51 7.34 7.16 6.98 6.80 6.62 6.44 6.26 6.07 5.89 5.70 5.52 5.34 5.16 4.98 4.80 4.63 4.46 4.29 4.12 3.96 3.81 3.66 3.52 3.40 3.31 3.24 3.21 3.20 3.19 3.16 3.13 3.08 3.03 2.98 2.93 2.88 2.84 2.79 2.75 2.70 2.66 2.62 2.58 2.55 2.51 2.48 2.45 2.43 2.40 2.38 2.36 2.34 2.33 2.32 2.31 2.31 2.31 2.31 2.32 2.32 2.34 2.36 2.38 2.40 2.43 2.46 2.50 2.54 2.59 2.64 2.70 2.76 2.82 2.89 2.97 3.05 3.14 3.23 3.33 3.43 3.54
7.64 7.48 7.31 7.13 6.95 6.77 6.59 6.41 6.22 6.03 5.85 5.66 5.47 5.28 5.10 4.91 4.73 4.55 4.37 4.19 4.02 3.85 3.69 3.53 3.40 3.29 3.20 3.15 3.12 3.12 3.11 3.10 3.07 3.03 2.98 2.93 2.88 2.83 2.78 2.73 2.68 2.64 2.60 2.55 2.52 2.48 2.44 2.41 2.38 2.35 2.33 2.31 2.29 2.27 2.26 2.25 2.25 2.24 2.24 2.25 2.26 2.27 2.28 2.30 2.33 2.36 2.39 2.43 2.47 2.51 2.57 2.62 2.68 2.75 2.82 2.90 2.98 3.06 3.16 3.26 3.36 3.47 3.59
7.62 7.46 7.29 7.12 6.94 6.76 6.57 6.39 6.20 6.01 5.82 5.63 5.44 5.25 5.05 4.86 4.68 4.49 4.30 4.12 3.94 3.76 3.60 3.44 3.32 3.22 3.14 3.10 3.08 3.09 3.09 3.08 3.06 3.03 2.98 2.94 2.88 2.83 2.77 2.72 2.67 2.62 2.58 2.53 2.49 2.45 2.42 2.38 2.35 2.33 2.30 2.28 2.26 2.24 2.23 2.22 2.22 2.21 2.22 2.22 2.23 2.25 2.26 2.29 2.31 2.34 2.38 2.42 2.47 2.51 2.57 2.63 2.70 2.77 2.84 2.92 3.01 3.10 3.20 3.31 3.42 3.53 3.66
7.62 7.45 7.29 7.11 6.94 6.76 6.57 6.39 6.20 6.01 5.81 5.62 5.42 5.23 5.03 4.84 4.64 4.45 4.26 4.07 3.88 3.70 3.54 3.40 3.28 3.19 3.13 3.09 3.08 3.10 3.10 3.10 3.08 3.06 3.03 2.98 2.93 2.87 2.82 2.76 2.71 2.66 2.61 2.56 2.52 2.48 2.44 2.40 2.37 2.34 2.31 2.29 2.27 2.25 2.24 2.23 2.23 2.22 2.23 2.23 2.24 2.26 2.28 2.30 2.33 2.36 2.40 2.44 2.49 2.54 2.60 2.67 2.73 2.81 2.89 2.97 3.07 3.16 3.27 3.38 3.49 3.61 3.74
7.62 7.46 7.29 7.12 6.95 6.77 6.58 6.40 6.21 6.01 5.82 5.62 5.43 5.23 5.03 4.83 4.63 4.43 4.24 4.04 3.85 3.68 3.52 3.40 3.29 3.21 3.16 3.13 3.13 3.15 3.16 3.16 3.15 3.14 3.11 3.07 3.02 2.97 2.91 2.85 2.79 2.73 2.68 2.63 2.58 2.54 2.50 2.46 2.43 2.39 2.36 2.34 2.32 2.30 2.29 2.28 2.27 2.27 2.27 2.28 2.29 2.30 2.32 2.35 2.38 2.41 2.45 2.49 2.54 2.60 2.66 2.73 2.80 2.88 2.96 3.05 3.14 3.24 3.35 3.47 3.59 3.71 3.85
7.63 7.47 7.31 7.14 6.97 6.79 6.61 6.42 6.23 6.04 5.84 5.65 5.45 5.25 5.04 4.84 4.64 4.44 4.24 4.04 3.85 3.69 3.55 3.43 3.34 3.27 3.22 3.20 3.21 3.23 3.25 3.26 3.26 3.25 3.23 3.20 3.15 3.10 3.05 2.98 2.92 2.86 2.80 2.75 2.70 2.65 2.60 2.56 2.52 2.49 2.46 2.43 2.40 2.38 2.37 2.36 2.35 2.35 2.35 2.35 2.36 2.38 2.40 2.42 2.45 2.49 2.53 2.57 2.62 2.68 2.74 2.81 2.88 2.96 3.05 3.14 3.24 3.35 3.46 3.58 3.70 3.83 3.97
7.65 7.50 7.34 7.17 7.00 6.83 6.65 6.46 6.27 6.08 5.88 5.68 5.48 5.28 5.08 4.87 4.67 4.46 4.26 4.07 3.89 3.75 3.62 3.51 3.43 3.37 3.33 3.32 3.33 3.36 3.39 3.40 3.41 3.40 3.38 3.36 3.32 3.28 3.22 3.16 3.09 3.03 2.96 2.90 2.85 2.80 2.75 2.70 2.66 2.62 2.58 2.55 2.53 2.50 2.48 2.47 2.46 2.46 2.45 2.46 2.47 2.48 2.50 2.53 2.55 2.59 2.63 2.68 2.73 2.79 2.85 2.92 2.99 3.07 3.16 3.26 3.36 3.47 3.58 3.70 3.83 3.96 4.11
7.68 7.53 7.38 7.22 7.05 6.88 6.70 6.51 6.32 6.13 5.94 5.74 5.54 5.33 5.13 4.92 4.71 4.50 4.31 4.13 3.97 3.84 3.72 3.62 3.55 3.50 3.47 3.47 3.48 3.52 3.55 3.57 3.58 3.58 3.57 3.55 3.52 3.48 3.43 3.37 3.31 3.24 3.17 3.10 3.04 2.98 2.93 2.88 2.83 2.79 2.75 2.71 2.68 2.66 2.63 2.62 2.60 2.60 2.59 2.60 2.60 2.62 2.63 2.66 2.68 2.72 2.76 2.80 2.86 2.91 2.98 3.05 3.12 3.20 3.29 3.39 3.49 3.60 3.72 3.84 3.97 4.11 4.25
7.72 7.58 7.43 7.27 7.11 6.93 6.76 6.58 6.39 6.20 6.00 5.80 5.60 5.40 5.19 4.98 4.77 4.57 4.39 4.23 4.09 3.96 3.86 3.77 3.71 3.67 3.65 3.65 3.67 3.72 3.75 3.78 3.80 3.80 3.79 3.78 3.75 3.72 3.67 3.62 3.56 3.49 3.41 3.34 3.27 3.21 3.15 3.09 3.04 2.99 2.95 2.91 2.87 2.84 2.82 2.79 2.78 2.77 2.76 2.76 2.77 2.77 2.79 2.81 2.84 2.87 2.91 2.95 3.00 3.06 3.12 3.19 3.27 3.35 3.44 3.54 3.64 3.75 3.87 4.00 4.13 4.27 4.41
7.77 7.63 7.48 7.33 7.17 7.00 6.83 6.65 6.47 6.28 6.08 5.89 5.68 5.48 5.27 5.06 4.86 4.68 4.51 4.36 4.23 4.12 4.03 3.95 3.90 3.87 3.85 3.86 3.89 3.94 3.99 4.02 4.04 4.05 4.05 4.03 4.01 3.98 3.94 3.89 3.84 3.77 3.70 3.62 3.54 3.47 3.41 3.34 3.28 3.23 3.18 3.13 3.09 3.06 3.03 3.00 2.98 2.97 2.96 2.95 2.95 2.96 2.97 2.99 3.02 3.05 3.08 3.12 3.17 3.23 3.29 3.36 3.44 3.52 3.61 3.70 3.81 3.92 4.04 4.16 4.30 4.43 4.57
7.82 7.69 7.55 7.40 7.24 7.08 6.91 6.74 6.56 6.37 6.18 5.98 5.78 5.57 5.37 5.17 4.99 4.82 4.67 4.53 4.41 4.31 4.23 4.16 4.12 4.09 4.09 4.11 4.14 4.20 4.25 4.28 4.31 4.32 4.33 4.32 4.30 4.28 4.24 4.19 4.14 4.08 4.01 3.93 3.85 3.77 3.70 3.63 3.56 3.50 3.44 3.39 3.35 3.31 3.27 3.24 3.21 3.19 3.18 3.17 3.17 3.17 3.18 3.19 3.21 3.24 3.28 3.32 3.36 3.42 3.48 3.54 3.62 3.70 3.79 3.88 3.99 4.10 4.22 4.34 4.47 4.60 4.73
7.88 7.75 7.62 7.48 7.33 7.17 7.00 6.83 6.65 6.47 6.28 6.09 5.89 5.68 5.49 5.31 5.14 4.99 4.85 4.73 4.62 4.53 4.46 4.40 4.37 4.35 4.36 4.38 4.42 4.48 4.53 4.58 4.60 4.62 4.63 4.63 4.62 4.59 4.56 4.52 4.47 4.41 4.35 4.27 4.19 4.10 4.02 3.94 3.87 3.80 3.74 3.68 3.63 3.58 3.54 3.50 3.47 3.45 3.43 3.41 3.40 3.40 3.41 3.42 3.43 3.46 3.49 3.53 3.57 3.62 3.68 3.74 3.82 3.89 3.98 4.08 4.18 4.29 4.40 4.52 4.65 4.77 4.89
7.94 7.82 7.70 7.56 7.42 7.27 7.11 6.94 6.76 6.58 6.40 6.20 6.01 5.82 5.64 5.48 5.32 5.18 5.06 4.95 4.86 4.78 4.72 4.67 4.64 4.64 4.65 4.68 4.73 4.79 4.85 4.89 4.93 4.95 4.96 4.96 4.95 4.94 4.91 4.87 4.82 4.77 4.70 4.63 4.55 4.47 4.38 4.29 4.21 4.14 4.06 4.00 3.94 3.88 3.83 3.79 3.75 3.72 3.70 3.68 3.66 3.66 3.66 3.66 3.67 3.69 3.72 3.75 3.79 3.84 3.90 3.96 4.03 4.10 4.19 4.28 4.38 4.49 4.60 4.71 4.83 4.94 5.06
8.01 7.90 7.78 7.65 7.51 7.37 7.21 7.05 6.88 6.70 6.52 6.33 6.15 5.98 5.82 5.67 5.53 5.41 5.30 5.20 5.12 5.05 5.00 4.96 4.95 4.94 4.96 5.00 5.05 5.12 5.18 5.23 5.27 5.30 5.31 5.32 5.31 5.30 5.27 5.24 5.20 5.14 5.08 5.02 4.94 4.86 4.76 4.67 4.58 4.50 4.42 4.34 4.27 4.21 4.16 4.10 4.06 4.02 3.99 3.96 3.94 3.93 3.92 3.92 3.93 3.95 3.97 4.00 4.03 4.07 4.13 4.18 4.25 4.32 4.40 4.49 4.59 4.69 4.79 4.90 5.01 5.12 5.23
8.08 7.98 7.87 7.75 7.62 7.48 7.33 7.17 7.01 6.84 6.66 6.49 6.32 6.17 6.02 5.89 5.77 5.66 5.56 5.47 5.40 5.35 5.31 5.28 5.27 5.28 5.30 5.34 5.40 5.47 5.54 5.59 5.64 5.67 5.69 5.70 5.69 5.68 5.66 5.63 5.59 5.54 5.48 5.42 5.34 5.26 5.17 5.08 4.98 4.88 4.80 4.71 4.64 4.57 4.50 4.44 4.39 4.34 4.30 4.27 4.24 4.22 4.21 4.20 4.21 4.21 4.23 4.25 4.28 4.32 4.37 4.42 4.48 4.55 4.63 4.72 4.81 4.90 4.99 5.09 5.19 5.29 5.40
8.16 8.07 7.96 7.85 7.73 7.59 7.45 7.30 7.14 6.98 6.82 6.66 6.51 6.38 6.25 6.13 6.02 5.93 5.84 5.77 5.71 5.66 5.63 5.62 5.61 5.63 5.66 5.71 5.77 5.85 5.92 5.97 6.02 6.06 6.08 6.09 6.09 6.08 6.07 6.04 6.00 5.95 5.90 5.83 5.76 5.68 5.60 5.50 5.40 5.30 5.20 5.11 5.02 4.94 4.87 4.80 4.74 4.68 4.64 4.60 4.56 4.53 4.51 4.50 4.50 4.50 4.51 4.52 4.55 4.58 4.62 4.67 4.73 4.79 4.86 4.94 5.02 5.11 5.19 5.28 5.38 5.47 5.57
8.24 8.16 8.06 7.96 7.84 7.72 7.58 7.44 7.29 7.14 6.99 6.86 6.73 6.61 6.50 6.39 6.30 6.22 6.14 6.08 6.04 6.00 5.98 5.97 5.98 6.00 6.03 6.09 6.16 6.24 6.31 6.37 6.42 6.46 6.49 6.50 6.51 6.50 6.48 6.46 6.42 6.38 6.33 6.26 6.20 6.12 6.03 5.94 5.84 5.74 5.63 5.53 5.43 5.34 5.26 5.18 5.11 5.04 4.99 4.94 4.90 4.86 4.83 4.81 4.80 4.79 4.80 4.81 4.82 4.85 4.89 4.93 4.98 5.04 5.10 5.17 5.24 5.31 5.39 5.48 5.56 5.65 5.75
8.32 8.25 8.16 8.07 7.96 7.84 7.72 7.58 7.45 7.32 7.19 7.07 6.96 6.86 6.76 6.67 6.59 6.53 6.47 6.42 6.38 6.36 6.34 6.34 6.36 6.38 6.43 6.48 6.56 6.64 6.72 6.79 6.84 6.88 6.91 6.93 6.93 6.93 6.92 6.89 6.86 6.82 6.77 6.71 6.64 6.56 6.48 6.39 6.29 6.19 6.08 5.97 5.86 5.76 5.66 5.58 5.50 5.42 5.36 5.30 5.25 5.20 5.17 5.14 5.12 5.10 5.10 5.10 5.11 5.13 5.16 5.19 5.24 5.29 5.34 5.40 5.46 5.52 5.59 5.67 5.75 5.83 5.92
8.40 8.34 8.27 8.18 8.08 7.98 7.86 7.74 7.63 7.51 7.41 7.31 7.21 7.13 7.05 6.97 6.91 6.85 6.80 6.77 6.74 6.73 6.72 6.73 6.75 6.79 6.83 6.90 6.98 7.06 7.14 7.21 7.27 7.31 7.34 7.36 7.37 7.37 7.36 7.34 7.31 7.27 7.22 7.16 7.10 7.02 6.94 6.85 6.75 6.65 6.54 6.42 6.31 6.19 6.09 5.99 5.90 5.82 5.74 5.67 5.61 5.56 5.51 5.47 5.44 5.42 5.41 5.40 5.40 5.42 5.44 5.46 5.50 5.54 5.58 5.63 5.68 5.73 5.80 5.86 5.93 6.01 6.09
8.48 8.43 8.37 8.30 8.21 8.11 8.01 7.92 7.82 7.73 7.64 7.56 7.48 7.41 7.35 7.29 7.24 7.19 7.16 7.13 7.12 7.11 7.11 7.13 7.16 7.20 7.25 7.32 7.40 7.49 7.58 7.65 7.71 7.75 7.79 7.81 7.82 7.83 7.82 7.80 7.77 7.73 7.68 7.62 7.56 7.49 7.41 7.32 7.22 7.12 7.01 6.89 6.77 6.65 6.53 6.42 6.32 6.23 6.14 6.06 5.99 5.92 5.87 5.82 5.78 5.75 5.73 5.71 5.71 5.71 5.72 5.74 5.76 5.79 5.82 5.85 5.90 5.94 6.00 6.05 6.12 6.19 6.26
