data_output/RCH/Precip_1991_11.asc
ncols        168
nrows        136
xllcorner    455000
yllcorner    2107000
cellsize     500
NODATA_value     -99999
[rows 35 to 69 of 136, columns 0 to 79 of 168]
24.38 23.99 23.60 23.21 22.80 22.40 21.99 21.57 21.15 20.72 20.29 19.87 19.46 19.07 18.70 18.33 17.98 17.64 17.30 16.98 16.66 16.35 16.05 15.75 15.45 15.15 14.86 14.56 14.26 13.97 13.66 13.36 13.05 12.74 12.43 12.11 11.79 11.48 11.16 10.84 10.51 10.19 9.87 9.55 9.23 8.91 8.59 8.28 7.98 7.69 7.42 7.16 6.92 6.69 6.47 6.27 6.09 5.91 5.75 5.61 5.47 5.35 5.25 5.15 5.07 5.00 4.94 4.89 4.85 4.83 4.81 4.81 4.82 4.84 4.86 4.91 4.98 5.07 5.20 5.34
24.94 24.52 24.10 23.67 23.23 22.79 22.35 21.90 21.44 20.98 20.53 20.10 19.69 19.29 18.90 18.53 18.17 17.83 17.49 17.16 16.84 16.53 16.22 15.91 15.62 15.32 15.02 14.73 14.43 14.13 13.83 13.53 13.22 12.91 12.60 12.28 11.97 11.65 11.33 11.01 10.69 10.37 10.05 9.73 9.41 9.09 8.77 8.45 8.14 7.83 7.55 7.28 7.02 6.78 6.55 6.34 6.14 5.96 5.79 5.63 5.48 5.35 5.23 5.13 5.04 4.96 4.89 4.83 4.78 4.75 4.73 4.72 4.72 4.73 4.76 4.81 4.89 4.99 5.13 5.28
25.49 25.03 24.57 24.11 23.63 23.16 22.68 22.19 21.70 21.23 20.77 20.33 19.90 19.50 19.10 18.73 18.36 18.01 17.67 17.33 17.01 16.69 16.38 16.08 15.78 15.48 15.18 14.89 14.59 14.30 14.00 13.69 13.39 13.08 12.77 12.45 12.14 11.82 11.50 11.18 10.86 10.54 10.22 9.90 9.58 9.26 8.94 8.62 8.30 7.99 7.69 7.41 7.14 6.88 6.64 6.42 6.21 6.01 5.83 5.66 5.50 5.36 5.23 5.12 5.01 4.92 4.85 4.78 4.73 4.68 4.65 4.63 4.63 4.64 4.67 4.73 4.82 4.94 5.08 5.24
26.02 25.52 25.02 24.52 24.01 23.50 22.98 22.46 21.95 21.46 20.99 20.54 20.11 19.70 19.30 18.91 18.54 18.18 17.84 17.50 17.17 16.85 16.54 16.23 15.93 15.63 15.34 15.04 14.75 14.46 14.16 13.86 13.55 13.24 12.93 12.62 12.31 11.99 11.67 11.35 11.03 10.71 10.39 10.07 9.75 9.43 9.11 8.79 8.47 8.16 7.85 7.55 7.27 7.00 6.75 6.51 6.29 6.08 5.88 5.70 5.53 5.38 5.24 5.12 5.00 4.90 4.81 4.74 4.68 4.63 4.59 4.56 4.55 4.57 4.61 4.68 4.78 4.90 5.05 5.22
26.52 25.99 25.45 24.90 24.35 23.80 23.24 22.70 22.18 21.69 21.21 20.75 20.31 19.89 19.48 19.09 18.72 18.35 18.00 17.66 17.33 17.01 16.69 16.38 16.08 15.78 15.49 15.19 14.90 14.61 14.31 14.01 13.71 13.40 13.09 12.78 12.47 12.15 11.84 11.52 11.20 10.88 10.56 10.24 9.92 9.60 9.28 8.96 8.64 8.33 8.01 7.70 7.41 7.13 6.86 6.61 6.37 6.15 5.95 5.75 5.58 5.41 5.26 5.12 5.00 4.89 4.79 4.71 4.64 4.58 4.53 4.50 4.50 4.52 4.57 4.65 4.76 4.89 5.04 5.22
26.99 26.42 25.84 25.25 24.66 24.07 23.49 22.94 22.41 21.90 21.42 20.95 20.50 20.07 19.66 19.26 18.88 18.51 18.16 17.81 17.48 17.15 16.84 16.53 16.22 15.93 15.63 15.34 15.05 14.76 14.46 14.16 13.86 13.56 13.25 12.94 12.63 12.31 12.00 11.68 11.36 11.04 10.72 10.40 10.08 9.76 9.44 9.13 8.81 8.49 8.18 7.86 7.56 7.26 6.98 6.72 6.47 6.24 6.02 5.82 5.63 5.45 5.29 5.14 5.01 4.89 4.78 4.69 4.61 4.54 4.49 4.46 4.47 4.50 4.56 4.64 4.75 4.89 5.05 5.24
27.44 26.82 26.19 25.56 24.93 24.32 23.73 23.17 22.63 22.11 21.62 21.14 20.69 20.25 19.83 19.43 19.04 18.67 18.31 17.96 17.62 17.30 16.98 16.67 16.36 16.06 15.77 15.48 15.19 14.90 14.61 14.31 14.01 13.71 13.40 13.09 12.78 12.47 12.15 11.84 11.52 11.20 10.88 10.56 10.24 9.92 9.61 9.29 8.97 8.65 8.34 8.03 7.72 7.41 7.12 6.84 6.58 6.34 6.11 5.89 5.69 5.50 5.33 5.17 5.03 4.90 4.78 4.67 4.58 4.51 4.47 4.45 4.46 4.50 4.57 4.66 4.77 4.92 5.08 5.28
27.85 27.18 26.51 25.84 25.19 24.56 23.96 23.39 22.84 22.31 21.81 21.32 20.86 20.42 19.99 19.58 19.19 18.81 18.45 18.10 17.76 17.43 17.11 16.80 16.49 16.19 15.90 15.61 15.32 15.03 14.74 14.45 14.15 13.85 13.54 13.24 12.93 12.62 12.30 11.99 11.67 11.36 11.04 10.72 10.40 10.08 9.77 9.45 9.13 8.82 8.50 8.19 7.88 7.57 7.27 6.98 6.70 6.44 6.20 5.97 5.76 5.56 5.38 5.21 5.05 4.91 4.79 4.67 4.58 4.51 4.47 4.46 4.48 4.52 4.59 4.69 4.81 4.96 5.13 5.33
28.22 27.50 26.79 26.09 25.43 24.79 24.18 23.59 23.03 22.50 21.99 21.50 21.03 20.58 20.14 19.73 19.33 18.95 18.58 18.23 17.88 17.55 17.23 16.92 16.61 16.32 16.02 15.73 15.45 15.16 14.88 14.58 14.29 13.99 13.68 13.38 13.07 12.76 12.45 12.14 11.82 11.51 11.19 10.87 10.56 10.24 9.92 9.60 9.29 8.97 8.66 8.35 8.04 7.73 7.42 7.12 6.84 6.56 6.31 6.07 5.84 5.63 5.44 5.26 5.09 4.94 4.80 4.69 4.60 4.53 4.50 4.50 4.52 4.57 4.64 4.74 4.87 5.02 5.20 5.40
28.54 27.78 27.04 26.34 25.66 25.01 24.39 23.79 23.22 22.68 22.16 21.66 21.18 20.73 20.29 19.87 19.47 19.08 18.71 18.35 18.00 17.67 17.35 17.03 16.73 16.43 16.14 15.85 15.57 15.29 15.00 14.71 14.42 14.12 13.82 13.52 13.21 12.90 12.59 12.28 11.97 11.65 11.34 11.02 10.71 10.39 10.07 9.76 9.44 9.13 8.81 8.50 8.19 7.88 7.58 7.28 6.98 6.69 6.43 6.17 5.94 5.72 5.51 5.32 5.14 4.98 4.84 4.72 4.64 4.58 4.55 4.55 4.58 4.63 4.71 4.82 4.95 5.10 5.28 5.48
28.83 28.04 27.29 26.57 25.88 25.22 24.58 23.98 23.40 22.85 22.32 21.81 21.33 20.87 20.42 20.00 19.59 19.20 18.82 18.46 18.12 17.78 17.46 17.14 16.84 16.54 16.25 15.96 15.68 15.40 15.12 14.83 14.54 14.25 13.95 13.65 13.34 13.04 12.73 12.42 12.11 11.80 11.48 11.17 10.85 10.54 10.22 9.91 9.59 9.28 8.97 8.66 8.35 8.04 7.73 7.43 7.13 6.84 6.55 6.29 6.04 5.81 5.59 5.39 5.20 5.03 4.89 4.78 4.70 4.65 4.63 4.63 4.66 4.71 4.80 4.91 5.04 5.20 5.38 5.58
29.09 28.29 27.52 26.79 26.09 25.42 24.77 24.16 23.57 23.01 22.47 21.96 21.47 21.00 20.55 20.12 19.71 19.31 18.93 18.57 18.22 17.88 17.56 17.24 16.94 16.64 16.35 16.07 15.79 15.51 15.23 14.95 14.66 14.37 14.07 13.77 13.47 13.17 12.86 12.55 12.24 11.93 11.62 11.31 10.99 10.68 10.37 10.05 9.74 9.43 9.11 8.80 8.50 8.19 7.88 7.58 7.28 6.98 6.69 6.42 6.16 5.91 5.68 5.47 5.27 5.11 4.97 4.87 4.79 4.74 4.72 4.72 4.76 4.82 4.90 5.01 5.15 5.31 5.49 5.69
29.33 28.52 27.74 27.00 26.29 25.60 24.95 24.33 23.73 23.16 22.61 22.09 21.59 21.12 20.66 20.23 19.81 19.41 19.03 18.67 18.32 17.98 17.65 17.34 17.03 16.74 16.45 16.17 15.89 15.62 15.34 15.06 14.77 14.48 14.19 13.89 13.59 13.29 12.99 12.68 12.37 12.07 11.76 11.44 11.13 10.82 10.51 10.19 9.88 9.57 9.26 8.95 8.64 8.34 8.03 7.73 7.43 7.13 6.84 6.55 6.28 6.02 5.78 5.56 5.37 5.21 5.08 4.97 4.90 4.85 4.83 4.84 4.87 4.94 5.02 5.13 5.27 5.43 5.61 5.82
29.57 28.74 27.95 27.20 26.47 25.78 25.12 24.48 23.88 23.30 22.74 22.22 21.71 21.23 20.77 20.33 19.91 19.51 19.12 18.76 18.40 18.06 17.74 17.42 17.12 16.82 16.54 16.26 15.99 15.71 15.44 15.16 14.88 14.59 14.30 14.01 13.71 13.41 13.11 12.81 12.50 12.19 11.88 11.57 11.26 10.95 10.64 10.33 10.02 9.71 9.40 9.09 8.79 8.48 8.18 7.88 7.58 7.28 6.99 6.70 6.42 6.15 5.90 5.68 5.49 5.33 5.20 5.10 5.03 4.98 4.97 4.97 5.01 5.07 5.16 5.27 5.41 5.57 5.75 5.95
29.79 28.96 28.15 27.38 26.65 25.94 25.27 24.63 24.01 23.43 22.87 22.33 21.82 21.33 20.87 20.42 20.00 19.59 19.21 18.83 18.48 18.14 17.81 17.50 17.19 16.90 16.62 16.34 16.07 15.80 15.53 15.26 14.98 14.69 14.40 14.11 13.82 13.52 13.22 12.92 12.62 12.31 12.01 11.70 11.39 11.08 10.77 10.47 10.16 9.85 9.54 9.23 8.93 8.62 8.32 8.02 7.72 7.43 7.13 6.85 6.56 6.29 6.04 5.82 5.63 5.48 5.35 5.25 5.18 5.13 5.12 5.13 5.16 5.22 5.31 5.42 5.56 5.71 5.90 6.10
30.00 29.15 28.34 27.56 26.81 26.10 25.42 24.76 24.14 23.54 22.98 22.43 21.92 21.42 20.95 20.51 20.08 19.67 19.28 18.91 18.55 18.21 17.88 17.57 17.26 16.97 16.69 16.42 16.15 15.88 15.62 15.34 15.07 14.79 14.50 14.21 13.92 13.63 13.33 13.03 12.73 12.43 12.13 11.82 11.52 11.21 10.90 10.59 10.29 9.98 9.67 9.37 9.06 8.76 8.46 8.16 7.86 7.57 7.28 6.99 6.71 6.45 6.20 5.99 5.80 5.64 5.52 5.42 5.35 5.30 5.28 5.29 5.33 5.39 5.47 5.58 5.72 5.88 6.06 6.26
30.20 29.34 28.51 27.72 26.96 26.24 25.55 24.89 24.25 23.65 23.08 22.53 22.01 21.51 21.03 20.58 20.15 19.73 19.34 18.97 18.61 18.27 17.94 17.62 17.32 17.03 16.75 16.48 16.22 15.96 15.69 15.43 15.15 14.87 14.59 14.31 14.02 13.73 13.44 13.14 12.84 12.54 12.24 11.94 11.63 11.33 11.02 10.72 10.41 10.11 9.80 9.50 9.20 8.90 8.60 8.30 8.00 7.71 7.42 7.14 6.87 6.62 6.39 6.17 5.99 5.83 5.70 5.60 5.53 5.49 5.47 5.48 5.51 5.57 5.65 5.76 5.89 6.05 6.22 6.42
30.39 29.51 28.68 27.87 27.10 26.37 25.67 25.00 24.36 23.75 23.17 22.61 22.08 21.58 21.10 20.64 20.21 19.79 19.40 19.02 18.66 18.32 17.99 17.68 17.37 17.09 16.81 16.54 16.28 16.03 15.76 15.50 15.23 14.95 14.68 14.40 14.11 13.82 13.53 13.24 12.94 12.65 12.35 12.05 11.75 11.44 11.14 10.84 10.53 10.23 9.93 9.63 9.33 9.03 8.73 8.43 8.14 7.84 7.56 7.29 7.04 6.80 6.58 6.38 6.20 6.04 5.91 5.81 5.73 5.69 5.67 5.67 5.71 5.76 5.84 5.95 6.08 6.23 6.40 6.60
30.56 29.68 28.83 28.01 27.23 26.49 25.78 25.10 24.45 23.83 23.24 22.68 22.15 21.64 21.15 20.69 20.25 19.84 19.44 19.06 18.70 18.36 18.03 17.72 17.42 17.13 16.86 16.59 16.34 16.08 15.83 15.56 15.30 15.03 14.75 14.48 14.19 13.91 13.62 13.33 13.04 12.75 12.45 12.15 11.85 11.55 11.25 10.95 10.65 10.35 10.05 9.75 9.45 9.15 8.86 8.56 8.27 7.98 7.71 7.46 7.22 6.99 6.79 6.59 6.42 6.26 6.13 6.03 5.95 5.91 5.88 5.89 5.91 5.97 6.04 6.15 6.27 6.42 6.59 6.78
30.69 29.82 28.96 28.14 27.35 26.60 25.88 25.19 24.53 23.91 23.31 22.74 22.20 21.69 21.20 20.73 20.29 19.87 19.47 19.09 18.73 18.39 18.06 17.75 17.45 17.17 16.89 16.63 16.38 16.13 15.88 15.62 15.36 15.09 14.82 14.55 14.27 13.99 13.71 13.42 13.13 12.84 12.55 12.25 11.96 11.66 11.36 11.06 10.76 10.46 10.17 9.87 9.57 9.27 8.98 8.69 8.40 8.13 7.87 7.63 7.40 7.19 7.00 6.82 6.65 6.50 6.37 6.27 6.19 6.14 6.11 6.11 6.13 6.18 6.26 6.35 6.47 6.62 6.78 6.97
30.74 29.92 29.08 28.25 27.45 26.69 25.96 25.26 24.60 23.97 23.37 22.79 22.25 21.73 21.23 20.77 20.32 19.90 19.50 19.12 18.75 18.41 18.08 17.77 17.48 17.19 16.92 16.67 16.42 16.17 15.93 15.67 15.41 15.15 14.89 14.61 14.34 14.06 13.78 13.50 13.21 12.93 12.64 12.34 12.05 11.76 11.46 11.17 10.87 10.57 10.28 9.98 9.69 9.39 9.10 8.81 8.54 8.28 8.04 7.81 7.60 7.40 7.21 7.05 6.89 6.75 6.63 6.52 6.44 6.38 6.35 6.35 6.37 6.41 6.48 6.57 6.68 6.82 6.98 7.16
30.71 29.95 29.16 28.35 27.54 26.77 26.03 25.33 24.66 24.02 23.41 22.83 22.28 21.76 21.26 20.79 20.34 19.91 19.51 19.13 18.77 18.42 18.10 17.79 17.49 17.21 16.95 16.69 16.45 16.21 15.96 15.71 15.46 15.20 14.94 14.67 14.40 14.13 13.85 13.57 13.29 13.01 12.72 12.43 12.14 11.85 11.56 11.26 10.97 10.68 10.38 10.09 9.80 9.50 9.22 8.95 8.69 8.44 8.21 8.00 7.80 7.61 7.44 7.28 7.13 7.00 6.89 6.79 6.70 6.64 6.60 6.59 6.61 6.65 6.71 6.79 6.90 7.03 7.18 7.36
30.61 29.90 29.16 28.40 27.62 26.84 26.09 25.38 24.70 24.06 23.44 22.86 22.30 21.77 21.27 20.80 20.34 19.92 19.51 19.13 18.77 18.42 18.10 17.79 17.50 17.22 16.96 16.71 16.47 16.23 15.99 15.75 15.50 15.24 14.99 14.72 14.46 14.19 13.91 13.64 13.36 13.08 12.80 12.51 12.22 11.94 11.65 11.36 11.07 10.77 10.48 10.19 9.90 9.62 9.35 9.09 8.84 8.61 8.39 8.19 8.00 7.82 7.66 7.51 7.38 7.26 7.15 7.06 6.97 6.91 6.87 6.85 6.86 6.89 6.95 7.02 7.12 7.25 7.39 7.56
30.44 29.78 29.09 28.38 27.65 26.89 26.14 25.42 24.74 24.08 23.46 22.87 22.31 21.78 21.27 20.79 20.34 19.91 19.50 19.12 18.76 18.41 18.09 17.78 17.49 17.22 16.96 16.71 16.48 16.25 16.01 15.77 15.53 15.28 15.02 14.77 14.50 14.24 13.97 13.70 13.42 13.14 12.86 12.58 12.30 12.02 11.73 11.44 11.15 10.87 10.58 10.29 10.01 9.74 9.48 9.23 9.00 8.78 8.58 8.39 8.21 8.04 7.89 7.75 7.63 7.51 7.41 7.32 7.25 7.19 7.14 7.12 7.12 7.14 7.19 7.26 7.35 7.47 7.60 7.76
30.20 29.58 28.95 28.29 27.61 26.90 26.17 25.45 24.76 24.10 23.47 22.87 22.31 21.77 21.26 20.78 20.32 19.89 19.49 19.10 18.74 18.40 18.07 17.77 17.48 17.21 16.95 16.71 16.48 16.25 16.02 15.79 15.55 15.30 15.05 14.80 14.54 14.28 14.02 13.75 13.48 13.20 12.93 12.65 12.37 12.09 11.81 11.52 11.24 10.95 10.67 10.39 10.12 9.86 9.62 9.39 9.17 8.96 8.77 8.59 8.42 8.26 8.12 7.99 7.87 7.77 7.67 7.59 7.52 7.47 7.42 7.39 7.39 7.40 7.44 7.50 7.59 7.69 7.82 7.97
29.89 29.32 28.73 28.12 27.49 26.84 26.16 25.46 24.76 24.10 23.46 22.86 22.29 21.75 21.24 20.75 20.30 19.86 19.46 19.07 18.71 18.37 18.04 17.74 17.46 17.19 16.93 16.70 16.47 16.25 16.03 15.80 15.56 15.32 15.08 14.83 14.57 14.32 14.06 13.79 13.52 13.26 12.98 12.71 12.43 12.16 11.88 11.60 11.31 11.03 10.76 10.49 10.23 9.99 9.76 9.54 9.34 9.14 8.96 8.79 8.63 8.49 8.35 8.23 8.12 8.02 7.93 7.86 7.79 7.74 7.70 7.67 7.66 7.67 7.70 7.75 7.82 7.92 8.03 8.17
29.51 28.98 28.44 27.88 27.30 26.70 26.07 25.43 24.75 24.08 23.45 22.84 22.26 21.72 21.20 20.72 20.26 19.82 19.41 19.03 18.67 18.33 18.01 17.70 17.42 17.16 16.91 16.67 16.45 16.24 16.02 15.79 15.56 15.33 15.09 14.84 14.59 14.34 14.09 13.83 13.56 13.30 13.03 12.76 12.49 12.22 11.94 11.66 11.39 11.11 10.85 10.60 10.36 10.13 9.91 9.70 9.51 9.33 9.15 8.99 8.85 8.71 8.58 8.47 8.36 8.27 8.19 8.12 8.06 8.01 7.98 7.95 7.94 7.94 7.96 8.00 8.06 8.15 8.25 8.38
29.06 28.58 28.08 27.57 27.04 26.49 25.92 25.32 24.70 24.06 23.42 22.80 22.23 21.68 21.16 20.67 20.21 19.77 19.36 18.98 18.61 18.27 17.96 17.66 17.38 17.11 16.87 16.64 16.43 16.22 16.00 15.78 15.56 15.33 15.09 14.85 14.61 14.36 14.11 13.85 13.60 13.34 13.07 12.81 12.54 12.27 12.00 11.72 11.45 11.19 10.95 10.71 10.48 10.26 10.06 9.87 9.68 9.51 9.35 9.20 9.06 8.93 8.81 8.70 8.61 8.52 8.44 8.38 8.32 8.28 8.25 8.22 8.21 8.21 8.22 8.25 8.30 8.38 8.47 8.58
28.55 28.11 27.66 27.19 26.71 26.20 25.68 25.14 24.58 23.98 23.37 22.76 22.17 21.62 21.10 20.61 20.14 19.71 19.30 18.91 18.55 18.21 17.89 17.60 17.32 17.06 16.82 16.60 16.39 16.18 15.98 15.76 15.54 15.32 15.09 14.85 14.61 14.37 14.12 13.87 13.62 13.36 13.10 12.84 12.58 12.31 12.05 11.78 11.53 11.28 11.05 10.82 10.61 10.41 10.21 10.03 9.86 9.69 9.54 9.40 9.27 9.15 9.04 8.94 8.84 8.76 8.69 8.63 8.58 8.54 8.51 8.49 8.48 8.48 8.48 8.51 8.55 8.61 8.69 8.79
27.98 27.58 27.17 26.74 26.31 25.85 25.38 24.89 24.38 23.84 23.28 22.69 22.11 21.55 21.03 20.53 20.07 19.63 19.22 18.84 18.47 18.14 17.82 17.53 17.25 17.00 16.76 16.54 16.34 16.14 15.94 15.73 15.52 15.30 15.07 14.84 14.61 14.37 14.13 13.88 13.64 13.38 13.13 12.87 12.61 12.35 12.09 11.84 11.60 11.37 11.15 10.94 10.74 10.55 10.36 10.19 10.03 9.88 9.73 9.60 9.48 9.36 9.26 9.16 9.08 9.00 8.94 8.88 8.83 8.79 8.76 8.74 8.73 8.73 8.74 8.76 8.79 8.83 8.90 8.99
27.34 26.98 26.61 26.23 25.84 25.43 25.01 24.57 24.11 23.62 23.12 22.58 22.03 21.47 20.95 20.45 19.98 19.54 19.13 18.75 18.39 18.05 17.74 17.45 17.18 16.93 16.69 16.48 16.28 16.09 15.89 15.69 15.48 15.27 15.05 14.82 14.60 14.36 14.13 13.89 13.64 13.40 13.15 12.89 12.64 12.39 12.14 11.91 11.68 11.46 11.25 11.06 10.87 10.69 10.52 10.35 10.20 10.06 9.92 9.80 9.68 9.57 9.48 9.39 9.31 9.23 9.17 9.12 9.07 9.04 9.01 8.99 8.98 8.98 8.98 9.00 9.03 9.06 9.11 9.19
26.65 26.32 25.99 25.66 25.31 24.95 24.57 24.18 23.77 23.34 22.88 22.40 21.90 21.37 20.85 20.35 19.88 19.44 19.03 18.65 18.29 17.95 17.64 17.36 17.09 16.84 16.61 16.41 16.21 16.03 15.84 15.64 15.44 15.23 15.01 14.80 14.57 14.35 14.12 13.88 13.64 13.40 13.15 12.91 12.66 12.42 12.19 11.97 11.76 11.56 11.36 11.17 11.00 10.83 10.67 10.51 10.37 10.24 10.11 9.99 9.88 9.78 9.69 9.60 9.53 9.46 9.40 9.35 9.30 9.27 9.24 9.22 9.21 9.21 9.22 9.23 9.25 9.28 9.32 9.38
25.89 25.61 25.31 25.02 24.71 24.39 24.06 23.72 23.36 22.98 22.58 22.15 21.71 21.23 20.74 20.24 19.77 19.33 18.92 18.54 18.18 17.85 17.54 17.25 16.99 16.75 16.52 16.32 16.13 15.95 15.77 15.58 15.38 15.18 14.97 14.76 14.54 14.32 14.09 13.86 13.63 13.39 13.16 12.92 12.68 12.46 12.25 12.04 11.84 11.65 11.47 11.29 11.12 10.96 10.81 10.67 10.54 10.41 10.29 10.18 10.07 9.98 9.89 9.81 9.74 9.67 9.62 9.57 9.53 9.49 9.47 9.45 9.44 9.43 9.44 9.45 9.46 9.49 9.52 9.57
25.08 24.83 24.58 24.32 24.05 23.78 23.49 23.19 22.88 22.55 22.20 21.83 21.44 21.02 20.58 20.11 19.64 19.20 18.79 18.41 18.05 17.72 17.42 17.14 16.88 16.64 16.42 16.22 16.04 15.87 15.69 15.51 15.32 15.12 14.92 14.71 14.50 14.28 14.06 13.84 13.61 13.38 13.15 12.93 12.71 12.50 12.30 12.10 11.92 11.74 11.57 11.40 11.25 11.10 10.96 10.82 10.70 10.58 10.46 10.36 10.26 10.17 10.09 10.01 9.94 9.88 9.82 9.78 9.74 9.70 9.68 9.66 9.64 9.64 9.64 9.65 9.66 9.68 9.71 9.75
24.21 24.00 23.78 23.56 23.33 23.10 22.86 22.60 22.34 22.06 21.76 21.44 21.10 20.74 20.35 19.94 19.50 19.07 18.66 18.27 17.92 17.59 17.29 17.01 16.75 16.52 16.31 16.11 15.94 15.77 15.60 15.42 15.24 15.05 14.85 14.65 14.45 14.24 14.02 13.81 13.58 13.36 13.15 12.94 12.73 12.54 12.35 12.17 12.00 11.83 11.67 11.51 11.37 11.23 11.10 10.97 10.85 10.74 10.63 10.53 10.44 10.35 10.27 10.20 10.13 10.07 10.02 9.97 9.93 9.90 9.87 9.85 9.84 9.83 9.83 9.83 9.84 9.86 9.88 9.91
