data_output/RCH/Precip_1995_09.asc
ncols        168
nrows        136
xllcorner    455000
yllcorner    2107000
cellsize     500
NODATA_value     -99999
[rows 68 to 101 of 136, columns 76 to 151 of 168]
73.68 73.56 73.41 73.24 73.04 72.81 72.55 72.26 71.93 71.57 71.18 70.74 70.27 69.76 69.20 68.60 67.97 67.31 66.64 65.95 65.25 64.53 63.79 63.04 62.27 61.49 60.68 59.86 59.03 58.17 57.30 56.41 55.54 54.79 54.20 53.73 53.40 53.19 53.09 53.09 53.19 53.39 53.66 54.00 54.41 54.88 55.39 55.94 56.53 57.14 57.77 58.43 59.10 59.80 60.51 61.25 62.00 62.78 63.57 64.38 65.20 66.04 66.90 67.77 68.65 69.55 70.46 71.38 72.32 73.27 74.22 75.19 76.17 77.15 78.15 79.15
74.28 74.17 74.04 73.88 73.70 73.49 73.24 72.97 72.66 72.32 71.94 71.52 71.07 70.57 70.03 69.45 68.83 68.16 67.48 66.78 66.07 65.33 64.59 63.82 63.04 62.24 61.43 60.60 59.75 58.88 58.00 57.10 56.21 55.46 54.85 54.37 54.03 53.80 53.69 53.68 53.77 53.95 54.20 54.53 54.93 55.38 55.88 56.42 56.98 57.57 58.19 58.83 59.49 60.18 60.88 61.61 62.37 63.14 63.93 64.74 65.57 66.42 67.28 68.16 69.06 69.98 70.91 71.85 72.81 73.78 74.77 75.76 76.77 77.79 78.82 79.86
74.87 74.78 74.66 74.52 74.36 74.16 73.93 73.68 73.39 73.06 72.70 72.30 71.87 71.39 70.87 70.31 69.70 69.05 68.36 67.65 66.92 66.18 65.42 64.64 63.85 63.04 62.21 61.37 60.51 59.63 58.73 57.82 56.93 56.16 55.53 55.05 54.69 54.45 54.32 54.30 54.38 54.54 54.79 55.10 55.48 55.92 56.40 56.91 57.46 58.03 58.62 59.24 59.89 60.56 61.26 61.98 62.73 63.50 64.29 65.10 65.93 66.78 67.65 68.55 69.46 70.38 71.33 72.29 73.27 74.27 75.28 76.30 77.34 78.39 79.45 80.53
75.44 75.37 75.28 75.15 75.00 74.83 74.62 74.38 74.11 73.80 73.46 73.08 72.67 72.21 71.71 71.17 70.58 69.95 69.27 68.55 67.81 67.06 66.29 65.50 64.69 63.87 63.03 62.18 61.30 60.41 59.51 58.58 57.68 56.90 56.26 55.76 55.39 55.14 55.00 54.97 55.03 55.18 55.41 55.71 56.08 56.49 56.95 57.43 57.95 58.49 59.07 59.67 60.30 60.96 61.64 62.35 63.09 63.85 64.63 65.44 66.27 67.13 68.00 68.90 69.82 70.76 71.72 72.70 73.69 74.71 75.74 76.79 77.85 78.93 80.03 81.14
76.01 75.96 75.88 75.78 75.65 75.49 75.30 75.08 74.83 74.55 74.22 73.87 73.47 73.03 72.55 72.03 71.47 70.86 70.20 69.49 68.75 67.98 67.20 66.39 65.58 64.74 63.89 63.03 62.14 61.24 60.32 59.38 58.47 57.67 57.03 56.51 56.13 55.87 55.71 55.67 55.72 55.85 56.07 56.36 56.70 57.09 57.51 57.96 58.45 58.97 59.51 60.09 60.70 61.34 62.01 62.71 63.43 64.18 64.96 65.77 66.59 67.45 68.33 69.23 70.15 71.10 72.07 73.06 74.07 75.11 76.16 77.23 78.32 79.42 80.54 81.68
76.57 76.53 76.48 76.39 76.28 76.14 75.98 75.78 75.55 75.28 74.98 74.65 74.27 73.86 73.40 72.90 72.36 71.77 71.13 70.45 69.72 68.94 68.15 67.33 66.50 65.66 64.80 63.92 63.02 62.11 61.18 60.23 59.30 58.49 57.83 57.31 56.91 56.63 56.47 56.41 56.44 56.57 56.77 57.04 57.35 57.69 58.08 58.50 58.95 59.44 59.96 60.52 61.10 61.72 62.37 63.05 63.76 64.50 65.27 66.06 66.89 67.74 68.62 69.52 70.45 71.40 72.38 73.38 74.40 75.45 76.52 77.61 78.72 79.85 81.00 82.16
77.11 77.10 77.06 77.00 76.91 76.79 76.65 76.47 76.26 76.02 75.74 75.43 75.07 74.68 74.25 73.77 73.25 72.69 72.07 71.41 70.70 69.94 69.14 68.32 67.47 66.62 65.74 64.85 63.94 63.02 62.07 61.11 60.17 59.35 58.68 58.14 57.74 57.45 57.27 57.19 57.21 57.32 57.50 57.73 58.00 58.31 58.65 59.03 59.45 59.91 60.40 60.93 61.49 62.08 62.71 63.37 64.06 64.79 65.54 66.33 67.15 67.99 68.87 69.77 70.70 71.65 72.64 73.64 74.68 75.74 76.82 77.92 79.05 80.20 81.37 82.57
77.64 77.65 77.63 77.59 77.53 77.43 77.31 77.15 76.97 76.75 76.49 76.20 75.87 75.50 75.09 74.64 74.15 73.61 73.02 72.38 71.70 70.96 70.17 69.34 68.49 67.62 66.73 65.83 64.91 63.97 63.02 62.04 61.09 60.26 59.57 59.03 58.60 58.30 58.11 58.02 58.03 58.11 58.25 58.43 58.66 58.92 59.22 59.56 59.95 60.37 60.82 61.32 61.85 62.42 63.03 63.66 64.34 65.04 65.79 66.56 67.36 68.20 69.07 69.97 70.89 71.85 72.84 73.85 74.89 75.96 77.05 78.17 79.31 80.48 81.67 82.89
78.16 78.19 78.20 78.18 78.13 78.06 77.96 77.83 77.67 77.47 77.24 76.97 76.67 76.33 75.94 75.51 75.04 74.53 73.97 73.36 72.70 71.99 71.22 70.41 69.55 68.67 67.77 66.85 65.92 64.97 64.00 63.02 62.05 61.21 60.51 59.95 59.52 59.20 59.00 58.89 58.88 58.92 59.00 59.13 59.31 59.52 59.78 60.08 60.42 60.81 61.23 61.69 62.19 62.73 63.31 63.92 64.57 65.26 65.98 66.74 67.53 68.36 69.22 70.11 71.03 71.99 72.97 73.99 75.03 76.11 77.21 78.34 79.50 80.68 81.89 83.13
78.66 78.71 78.74 78.75 78.73 78.68 78.61 78.50 78.36 78.19 77.99 77.74 77.46 77.15 76.79 76.39 75.94 75.45 74.92 74.33 73.70 73.02 72.28 71.49 70.65 69.76 68.85 67.92 66.98 66.02 65.04 64.04 63.06 62.21 61.50 60.92 60.47 60.15 59.93 59.80 59.74 59.72 59.75 59.82 59.94 60.11 60.32 60.58 60.88 61.22 61.61 62.03 62.50 63.01 63.56 64.14 64.77 65.43 66.14 66.88 67.65 68.46 69.31 70.19 71.11 72.06 73.04 74.05 75.10 76.18 77.29 78.43 79.59 80.79 82.02 83.27
79.15 79.23 79.28 79.31 79.32 79.29 79.24 79.16 79.05 78.90 78.72 78.51 78.25 77.96 77.63 77.26 76.84 76.38 75.87 75.31 74.71 74.05 73.34 72.58 71.77 70.90 69.98 69.04 68.08 67.11 66.12 65.11 64.12 63.25 62.53 61.94 61.48 61.14 60.90 60.72 60.59 60.51 60.48 60.50 60.57 60.68 60.84 61.05 61.31 61.61 61.95 62.34 62.77 63.24 63.76 64.32 64.91 65.55 66.23 66.95 67.71 68.50 69.34 70.21 71.11 72.05 73.03 74.04 75.09 76.17 77.28 78.42 79.60 80.81 82.04 83.31
79.62 79.72 79.80 79.86 79.89 79.89 79.87 79.81 79.73 79.61 79.46 79.27 79.04 78.78 78.47 78.12 77.73 77.30 76.82 76.29 75.72 75.09 74.41 73.68 72.89 72.05 71.15 70.21 69.24 68.25 67.25 66.23 65.23 64.35 63.61 63.01 62.54 62.17 61.87 61.62 61.43 61.29 61.19 61.15 61.17 61.23 61.34 61.49 61.70 61.95 62.25 62.60 62.99 63.43 63.91 64.44 65.00 65.62 66.27 66.96 67.70 68.48 69.29 70.15 71.04 71.97 72.94 73.95 74.99 76.07 77.18 78.33 79.51 80.72 81.97 83.25
80.07 80.20 80.31 80.39 80.45 80.48 80.48 80.45 80.40 80.30 80.18 80.02 79.82 79.58 79.31 78.99 78.63 78.22 77.77 77.28 76.73 76.13 75.48 74.78 74.03 73.22 72.35 71.42 70.45 69.45 68.43 67.40 66.38 65.49 64.74 64.13 63.63 63.20 62.83 62.51 62.25 62.04 61.88 61.78 61.73 61.74 61.79 61.90 62.05 62.26 62.51 62.81 63.16 63.56 64.01 64.50 65.03 65.61 66.24 66.91 67.62 68.37 69.17 70.01 70.88 71.80 72.76 73.76 74.79 75.87 76.98 78.13 79.31 80.53 81.78 83.07
80.51 80.66 80.80 80.91 80.99 81.05 81.08 81.08 81.05 80.99 80.89 80.76 80.59 80.39 80.14 79.85 79.52 79.15 78.73 78.26 77.74 77.18 76.56 75.89 75.17 74.39 73.55 72.65 71.70 70.69 69.66 68.62 67.59 66.69 65.93 65.29 64.72 64.21 63.77 63.38 63.04 62.76 62.54 62.38 62.27 62.21 62.21 62.26 62.36 62.51 62.72 62.97 63.28 63.63 64.04 64.49 64.99 65.54 66.13 66.77 67.46 68.19 68.96 69.78 70.64 71.54 72.49 73.47 74.50 75.57 76.67 77.82 79.00 80.22 81.48 82.78
80.92 81.11 81.27 81.41 81.52 81.61 81.67 81.70 81.70 81.67 81.60 81.50 81.36 81.18 80.97 80.71 80.41 80.07 79.68 79.24 78.76 78.22 77.64 77.00 76.31 75.56 74.75 73.89 72.97 71.99 70.95 69.89 68.86 67.94 67.15 66.44 65.79 65.20 64.68 64.21 63.80 63.46 63.17 62.93 62.76 62.64 62.57 62.57 62.61 62.71 62.87 63.07 63.33 63.64 64.00 64.42 64.88 65.39 65.95 66.56 67.21 67.92 68.66 69.46 70.30 71.18 72.11 73.09 74.10 75.16 76.26 77.40 78.58 79.80 81.06 82.36
81.32 81.54 81.73 81.90 82.04 82.16 82.25 82.31 82.34 82.33 82.30 82.23 82.12 81.97 81.79 81.56 81.29 80.98 80.63 80.22 79.77 79.27 78.72 78.11 77.45 76.74 75.97 75.14 74.25 73.30 72.29 71.22 70.17 69.23 68.37 67.57 66.84 66.17 65.56 65.01 64.53 64.11 63.74 63.44 63.20 63.01 62.89 62.82 62.81 62.85 62.95 63.10 63.31 63.58 63.89 64.26 64.68 65.15 65.68 66.25 66.88 67.55 68.27 69.04 69.86 70.72 71.63 72.59 73.59 74.63 75.72 76.86 78.03 79.25 80.51 81.81
81.70 81.95 82.17 82.37 82.54 82.69 82.81 82.90 82.96 82.99 82.99 82.95 82.87 82.76 82.61 82.41 82.18 81.90 81.58 81.20 80.79 80.32 79.80 79.23 78.60 77.92 77.19 76.39 75.54 74.62 73.65 72.60 71.53 70.51 69.56 68.67 67.85 67.09 66.40 65.77 65.21 64.71 64.28 63.90 63.59 63.33 63.14 63.01 62.94 62.92 62.96 63.06 63.22 63.43 63.70 64.02 64.40 64.83 65.32 65.85 66.44 67.08 67.78 68.52 69.31 70.15 71.04 71.97 72.96 73.99 75.07 76.19 77.35 78.57 79.82 81.12
82.21 82.48 82.74 82.96 83.16 83.34 83.49 83.61 83.70 83.76 83.78 83.77 83.73 83.64 83.52 83.36 83.15 82.91 82.61 82.27 81.89 81.45 80.96 80.42 79.83 79.18 78.48 77.72 76.90 76.01 75.07 74.04 72.92 71.81 70.76 69.78 68.87 68.02 67.25 66.53 65.89 65.31 64.79 64.34 63.95 63.63 63.37 63.17 63.03 62.95 62.93 62.97 63.07 63.23 63.45 63.72 64.05 64.44 64.88 65.37 65.92 66.53 67.19 67.90 68.66 69.47 70.33 71.25 72.21 73.22 74.28 75.39 76.55 77.75 78.99 80.29
83.01 83.30 83.58 83.83 84.05 84.25 84.42 84.57 84.68 84.76 84.81 84.83 84.81 84.75 84.65 84.51 84.33 84.11 83.84 83.53 83.17 82.76 82.29 81.78 81.22 80.60 79.92 79.18 78.39 77.53 76.60 75.54 74.37 73.20 72.05 70.97 69.96 69.02 68.15 67.35 66.61 65.95 65.35 64.81 64.35 63.95 63.61 63.33 63.12 62.98 62.89 62.87 62.91 63.01 63.17 63.38 63.66 64.00 64.39 64.84 65.35 65.91 66.52 67.20 67.92 68.70 69.53 70.42 71.36 72.34 73.38 74.47 75.61 76.80 78.03 79.31
84.10 84.41 84.70 84.97 85.21 85.43 85.62 85.78 85.91 86.01 86.08 86.11 86.11 86.07 85.99 85.87 85.71 85.51 85.26 84.97 84.63 84.24 83.79 83.30 82.76 82.16 81.50 80.79 80.02 79.16 78.19 77.08 75.86 74.64 73.43 72.25 71.14 70.10 69.13 68.23 67.40 66.64 65.95 65.33 64.78 64.30 63.88 63.53 63.24 63.02 62.86 62.77 62.74 62.77 62.87 63.03 63.25 63.52 63.86 64.26 64.72 65.23 65.80 66.43 67.12 67.86 68.66 69.51 70.41 71.37 72.38 73.44 74.56 75.72 76.94 78.20
85.48 85.80 86.10 86.38 86.63 86.86 87.07 87.24 87.38 87.50 87.58 87.62 87.63 87.60 87.54 87.43 87.29 87.10 86.86 86.58 86.26 85.88 85.46 84.98 84.45 83.86 83.22 82.53 81.75 80.86 79.83 78.67 77.41 76.13 74.87 73.63 72.42 71.27 70.19 69.19 68.27 67.41 66.63 65.91 65.27 64.70 64.19 63.75 63.39 63.09 62.85 62.68 62.58 62.54 62.57 62.66 62.82 63.03 63.31 63.65 64.05 64.51 65.04 65.62 66.25 66.95 67.70 68.52 69.38 70.31 71.28 72.31 73.40 74.54 75.73 76.98
87.14 87.47 87.77 88.06 88.32 88.55 88.76 88.94 89.09 89.21 89.30 89.35 89.37 89.35 89.29 89.19 89.05 88.87 88.65 88.37 88.06 87.69 87.27 86.81 86.28 85.71 85.08 84.37 83.55 82.59 81.51 80.30 79.00 77.68 76.37 75.07 73.79 72.54 71.36 70.25 69.22 68.26 67.37 66.56 65.82 65.15 64.56 64.03 63.57 63.19 62.87 62.62 62.44 62.33 62.28 62.30 62.38 62.53 62.75 63.02 63.36 63.77 64.23 64.76 65.34 65.99 66.70 67.46 68.28 69.17 70.10 71.10 72.15 73.26 74.42 75.64
89.07 89.40 89.70 89.99 90.25 90.48 90.69 90.87 91.02 91.14 91.23 91.29 91.31 91.29 91.23 91.14 91.00 90.82 90.60 90.33 90.01 89.65 89.24 88.77 88.26 87.68 87.04 86.28 85.39 84.38 83.24 81.99 80.64 79.28 77.93 76.58 75.24 73.92 72.63 71.41 70.26 69.20 68.20 67.29 66.45 65.68 64.98 64.36 63.81 63.34 62.93 62.60 62.33 62.13 62.01 61.95 61.96 62.03 62.18 62.38 62.66 63.00 63.40 63.86 64.39 64.98 65.64 66.35 67.13 67.96 68.86 69.81 70.82 71.89 73.02 74.20
91.27 91.59 91.89 92.17 92.43 92.66 92.86 93.03 93.18 93.30 93.38 93.43 93.44 93.42 93.36 93.26 93.12 92.94 92.71 92.44 92.13 91.76 91.34 90.88 90.36 89.77 89.06 88.23 87.28 86.21 85.02 83.72 82.34 80.94 79.54 78.14 76.75 75.37 74.01 72.68 71.42 70.24 69.13 68.11 67.16 66.28 65.49 64.77 64.12 63.54 63.04 62.62 62.26 61.98 61.77 61.62 61.55 61.55 61.61 61.75 61.95 62.22 62.55 62.95 63.42 63.95 64.54 65.20 65.92 66.70 67.55 68.45 69.42 70.45 71.53 72.68
93.73 94.04 94.33 94.60 94.84 95.06 95.25 95.42 95.55 95.66 95.73 95.77 95.77 95.74 95.67 95.56 95.41 95.22 94.99 94.71 94.38 94.01 93.58 93.11 92.56 91.91 91.13 90.23 89.22 88.09 86.86 85.52 84.09 82.65 81.21 79.77 78.33 76.89 75.47 74.07 72.70 71.39 70.17 69.03 67.97 66.98 66.08 65.25 64.50 63.82 63.22 62.70 62.25 61.87 61.57 61.33 61.18 61.09 61.07 61.13 61.25 61.44 61.70 62.03 62.43 62.89 63.42 64.02 64.68 65.41 66.19 67.05 67.96 68.94 69.98 71.08
96.45 96.74 97.01 97.26 97.49 97.69 97.86 98.01 98.13 98.22 98.28 98.30 98.29 98.24 98.16 98.03 97.87 97.66 97.41 97.12 96.78 96.39 95.95 95.44 94.83 94.10 93.25 92.28 91.21 90.02 88.74 87.36 85.91 84.43 82.94 81.46 79.97 78.48 77.01 75.54 74.09 72.68 71.33 70.07 68.89 67.79 66.77 65.83 64.96 64.18 63.47 62.85 62.29 61.82 61.42 61.09 60.84 60.67 60.56 60.53 60.57 60.68 60.86 61.12 61.44 61.83 62.29 62.82 63.41 64.07 64.80 65.60 66.45 67.38 68.36 69.41
99.41 99.68 99.93 100.15 100.35 100.53 100.69 100.81 100.91 100.98 101.01 101.01 100.98 100.91 100.81 100.66 100.48 100.25 99.98 99.66 99.30 98.90 98.42 97.84 97.14 96.33 95.41 94.38 93.24 92.01 90.68 89.27 87.78 86.26 84.74 83.21 81.68 80.14 78.62 77.09 75.58 74.08 72.62 71.23 69.93 68.70 67.56 66.50 65.53 64.63 63.81 63.08 62.42 61.84 61.34 60.91 60.56 60.29 60.09 59.97 59.92 59.95 60.04 60.21 60.46 60.77 61.15 61.61 62.13 62.72 63.39 64.11 64.91 65.77 66.70 67.69
102.61 102.85 103.07 103.27 103.44 103.59 103.71 103.81 103.88 103.92 103.93 103.90 103.84 103.75 103.62 103.44 103.23 102.98 102.68 102.34 101.96 101.51 100.95 100.28 99.50 98.61 97.62 96.53 95.34 94.05 92.68 91.23 89.71 88.16 86.60 85.03 83.46 81.88 80.30 78.72 77.15 75.59 74.04 72.53 71.10 69.75 68.48 67.30 66.20 65.19 64.25 63.40 62.63 61.94 61.33 60.80 60.35 59.97 59.68 59.46 59.31 59.25 59.25 59.34 59.49 59.72 60.03 60.40 60.85 61.37 61.96 62.61 63.34 64.14 65.00 65.94
106.05 106.25 106.43 106.60 106.74 106.85 106.94 107.01 107.04 107.05 107.02 106.96 106.87 106.74 106.58 106.37 106.13 105.84 105.52 105.14 104.71 104.18 103.53 102.77 101.91 100.95 99.88 98.73 97.48 96.15 94.74 93.26 91.71 90.13 88.53 86.92 85.30 83.68 82.05 80.42 78.80 77.18 75.57 73.97 72.41 70.93 69.53 68.22 66.99 65.85 64.80 63.83 62.94 62.13 61.41 60.77 60.21 59.73 59.32 59.00 58.76 58.59 58.51 58.50 58.56 58.70 58.92 59.21 59.57 60.01 60.52 61.10 61.76 62.48 63.28 64.15
109.71 109.87 110.01 110.13 110.23 110.31 110.36 110.39 110.38 110.35 110.28 110.19 110.06 109.89 109.69 109.44 109.16 108.84 108.47 108.05 107.52 106.89 106.15 105.31 104.37 103.33 102.20 100.99 99.69 98.31 96.87 95.35 93.77 92.16 90.53 88.89 87.23 85.56 83.88 82.20 80.52 78.85 77.18 75.51 73.87 72.26 70.72 69.28 67.92 66.65 65.47 64.37 63.36 62.43 61.59 60.83 60.15 59.56 59.05 58.62 58.27 58.00 57.81 57.70 57.67 57.72 57.84 58.04 58.32 58.67 59.10 59.60 60.17 60.82 61.54 62.34
113.58 113.70 113.80 113.87 113.93 113.96 113.97 113.94 113.90 113.82 113.71 113.57 113.39 113.18 112.93 112.65 112.32 111.95 111.53 111.01 110.38 109.65 108.82 107.89 106.87 105.77 104.57 103.30 101.96 100.54 99.05 97.50 95.90 94.26 92.60 90.92 89.23 87.52 85.79 84.07 82.33 80.60 78.87 77.15 75.43 73.73 72.07 70.48 68.99 67.58 66.27 65.04 63.90 62.84 61.88 60.99 60.20 59.49 58.86 58.32 57.86 57.48 57.18 56.97 56.84 56.78 56.81 56.91 57.09 57.36 57.69 58.11 58.60 59.16 59.81 60.52
117.68 117.74 117.79 117.81 117.81 117.79 117.75 117.67 117.57 117.45 117.29 117.09 116.87 116.61 116.31 115.98 115.60 115.17 114.65 114.02 113.29 112.46 111.54 110.53 109.43 108.26 107.00 105.68 104.28 102.82 101.30 99.72 98.09 96.43 94.75 93.03 91.30 89.55 87.79 86.01 84.23 82.44 80.66 78.87 77.09 75.33 73.57 71.85 70.21 68.67 67.21 65.84 64.57 63.38 62.28 61.28 60.35 59.52 58.77 58.11 57.53 57.04 56.63 56.31 56.06 55.90 55.83 55.83 55.91 56.08 56.32 56.64 57.04 57.52 58.08 58.71
121.97 121.98 121.97 121.93 121.88 121.80 121.70 121.57 121.41 121.23 121.01 120.76 120.48 120.17 119.81 119.42 118.98 118.44 117.81 117.07 116.24 115.32 114.31 113.22 112.05 110.81 109.49 108.11 106.67 105.17 103.62 102.01 100.36 98.68 96.97 95.22 93.46 91.67 89.86 88.04 86.21 84.38 82.53 80.69 78.85 77.01 75.19 73.38 71.60 69.91 68.31 66.80 65.38 64.06 62.83 61.68 60.63 59.67 58.79 58.00 57.30 56.69 56.17 55.72 55.37 55.10 54.91 54.81 54.79 54.85 54.99 55.21 55.52 55.90 56.37 56.91
126.47 126.41 126.34 126.24 126.12 125.98 125.82 125.63 125.41 125.16 124.88 124.57 124.23 123.85 123.44 122.97 122.42 121.76 121.01 120.17 119.24 118.23 117.13 115.97 114.72 113.42 112.04 110.61 109.13 107.59 106.00 104.38 102.71 101.00 99.26 97.49 95.69 93.87 92.02 90.16 88.29 86.40 84.50 82.60 80.70 78.80 76.91 75.03 73.15 71.32 69.57 67.91 66.35 64.89 63.51 62.23 61.04 59.94 58.93 58.01 57.19 56.45 55.80 55.24 54.76 54.37 54.07 53.86 53.72 53.68 53.71 53.83 54.04 54.32 54.69 55.14
