data_output/RCH/Precip_1994_10.asc
ncols        168
nrows        136
xllcorner    455000
yllcorner    2107000
cellsize     500
NODATA_value     -99999
[rows 0 to 33 of 136, columns 0 to 76 of 168]
49.81 49.61 49.40 49.18 48.95 48.71 48.45 48.18 47.92 47.66 47.41 47.17 46.94 46.72 46.50 46.28 46.07 45.86 45.65 45.43 45.21 44.99 44.76 44.52 44.27 44.00 43.73 43.45 43.19 42.98 42.80 42.66 42.56 42.49 42.45 42.44 42.45 42.48 42.54 42.62 42.71 42.81 42.93 43.06 43.20 43.33 43.48 43.62 43.76 43.91 44.06 44.20 44.35 44.49 44.64 44.78 44.92 45.06 45.20 45.33 45.46 45.59 45.71 45.83 45.95 46.06 46.17 46.27 46.36 46.45 46.53 46.60 46.67 46.73 46.77 46.77 46.74
50.52 50.32 50.12 49.90 49.67 49.43 49.18 48.92 48.64 48.37 48.10 47.84 47.60 47.36 47.12 46.89 46.67 46.44 46.22 45.99 45.76 45.53 45.29 45.05 44.79 44.53 44.25 43.97 43.71 43.49 43.31 43.17 43.06 42.98 42.93 42.91 42.91 42.93 42.98 43.04 43.12 43.21 43.31 43.42 43.54 43.66 43.78 43.91 44.03 44.16 44.29 44.41 44.54 44.67 44.80 44.93 45.05 45.18 45.30 45.42 45.53 45.65 45.76 45.86 45.97 46.06 46.16 46.25 46.33 46.41 46.48 46.54 46.60 46.65 46.69 46.71 46.69
51.23 51.04 50.84 50.62 50.40 50.16 49.92 49.66 49.38 49.10 48.82 48.54 48.28 48.02 47.77 47.53 47.29 47.05 46.82 46.58 46.34 46.10 45.86 45.60 45.34 45.08 44.80 44.51 44.25 44.03 43.84 43.69 43.58 43.49 43.43 43.40 43.39 43.41 43.44 43.49 43.55 43.63 43.71 43.80 43.90 44.00 44.11 44.21 44.32 44.43 44.54 44.65 44.76 44.87 44.99 45.10 45.21 45.32 45.42 45.53 45.63 45.73 45.83 45.92 46.01 46.10 46.18 46.25 46.33 46.39 46.45 46.51 46.55 46.59 46.63 46.65 46.65
51.94 51.76 51.56 51.35 51.13 50.90 50.65 50.40 50.13 49.85 49.56 49.27 48.99 48.72 48.45 48.19 47.94 47.69 47.44 47.20 46.95 46.70 46.45 46.19 45.92 45.65 45.36 45.08 44.81 44.59 44.40 44.24 44.12 44.03 43.96 43.92 43.90 43.90 43.92 43.95 44.00 44.06 44.13 44.20 44.28 44.37 44.45 44.54 44.63 44.72 44.81 44.91 45.00 45.10 45.20 45.29 45.39 45.48 45.57 45.67 45.75 45.84 45.93 46.01 46.08 46.16 46.23 46.29 46.35 46.41 46.46 46.50 46.54 46.57 46.60 46.62 46.62
52.66 52.48 52.29 52.08 51.86 51.64 51.40 51.15 50.88 50.61 50.32 50.03 49.73 49.44 49.16 48.88 48.62 48.35 48.09 47.84 47.58 47.32 47.06 46.79 46.52 46.24 45.96 45.67 45.40 45.17 44.98 44.81 44.68 44.58 44.51 44.45 44.42 44.41 44.42 44.44 44.47 44.52 44.57 44.62 44.68 44.75 44.82 44.89 44.96 45.03 45.11 45.19 45.27 45.35 45.43 45.51 45.59 45.67 45.75 45.83 45.91 45.98 46.05 46.12 46.19 46.25 46.31 46.36 46.41 46.46 46.50 46.54 46.56 46.59 46.60 46.61 46.61
53.38 53.20 53.02 52.82 52.60 52.38 52.14 51.90 51.64 51.37 51.09 50.79 50.49 50.19 49.89 49.60 49.32 49.04 48.77 48.50 48.24 47.97 47.70 47.43 47.15 46.87 46.58 46.28 46.01 45.78 45.58 45.41 45.27 45.16 45.08 45.01 44.97 44.95 44.94 44.95 44.96 44.99 45.02 45.06 45.10 45.15 45.20 45.25 45.31 45.37 45.43 45.49 45.56 45.62 45.69 45.76 45.82 45.89 45.95 46.02 46.08 46.15 46.21 46.26 46.32 46.37 46.42 46.46 46.50 46.54 46.57 46.60 46.62 46.63 46.64 46.64 46.64
54.11 53.93 53.75 53.55 53.35 53.13 52.90 52.65 52.40 52.13 51.86 51.57 51.27 50.96 50.65 50.34 50.05 49.76 49.48 49.20 48.92 48.64 48.36 48.08 47.80 47.51 47.22 46.92 46.64 46.41 46.20 46.03 45.88 45.76 45.67 45.59 45.54 45.50 45.48 45.47 45.48 45.48 45.50 45.52 45.54 45.57 45.61 45.64 45.68 45.73 45.77 45.82 45.87 45.92 45.97 46.02 46.08 46.13 46.18 46.24 46.29 46.34 46.39 46.43 46.48 46.52 46.56 46.59 46.62 46.65 46.67 46.69 46.71 46.71 46.71 46.71 46.70
54.84 54.67 54.49 54.30 54.09 53.88 53.65 53.41 53.16 52.90 52.63 52.35 52.05 51.75 51.43 51.12 50.80 50.50 50.21 49.91 49.63 49.34 49.05 48.77 48.48 48.18 47.88 47.58 47.30 47.06 46.85 46.67 46.51 46.38 46.28 46.19 46.13 46.08 46.04 46.02 46.01 46.00 45.99 46.00 46.00 46.02 46.03 46.05 46.08 46.11 46.14 46.17 46.20 46.24 46.28 46.32 46.36 46.40 46.44 46.48 46.52 46.56 46.60 46.63 46.67 46.70 46.73 46.75 46.78 46.79 46.81 46.82 46.82 46.82 46.82 46.81 46.79
55.57 55.41 55.23 55.04 54.84 54.63 54.41 54.18 53.93 53.68 53.41 53.13 52.84 52.54 52.23 51.91 51.59 51.27 50.96 50.66 50.36 50.06 49.77 49.47 49.18 48.88 48.57 48.27 47.98 47.73 47.52 47.33 47.17 47.03 46.91 46.82 46.74 46.68 46.63 46.59 46.55 46.53 46.51 46.49 46.48 46.48 46.48 46.49 46.49 46.51 46.52 46.54 46.56 46.59 46.61 46.64 46.66 46.69 46.72 46.75 46.78 46.81 46.84 46.86 46.89 46.91 46.93 46.94 46.96 46.97 46.98 46.98 46.98 46.97 46.96 46.94 46.92
56.31 56.15 55.98 55.80 55.60 55.40 55.18 54.95 54.71 54.46 54.20 53.92 53.64 53.34 53.04 52.72 52.40 52.07 51.74 51.43 51.12 50.81 50.51 50.20 49.90 49.59 49.28 48.97 48.69 48.43 48.21 48.01 47.84 47.69 47.57 47.46 47.37 47.29 47.23 47.17 47.12 47.08 47.04 47.01 46.98 46.96 46.95 46.94 46.93 46.93 46.93 46.94 46.94 46.95 46.97 46.98 47.00 47.01 47.03 47.05 47.07 47.08 47.10 47.12 47.13 47.15 47.16 47.17 47.17 47.17 47.17 47.17 47.16 47.15 47.13 47.11 47.08
57.05 56.90 56.73 56.55 56.36 56.16 55.95 55.73 55.49 55.24 54.99 54.72 54.44 54.15 53.85 53.54 53.22 52.89 52.55 52.22 51.90 51.58 51.27 50.96 50.65 50.33 50.02 49.71 49.41 49.15 48.92 48.72 48.54 48.38 48.24 48.13 48.02 47.93 47.85 47.77 47.71 47.65 47.59 47.54 47.50 47.47 47.44 47.41 47.39 47.38 47.36 47.35 47.35 47.35 47.35 47.35 47.35 47.36 47.36 47.37 47.38 47.39 47.40 47.40 47.41 47.41 47.42 47.42 47.42 47.41 47.40 47.39 47.38 47.36 47.34 47.31 47.28
57.80 57.65 57.49 57.31 57.13 56.93 56.72 56.51 56.28 56.04 55.78 55.52 55.25 54.96 54.67 54.36 54.05 53.72 53.38 53.04 52.71 52.38 52.06 51.74 51.42 51.10 50.78 50.46 50.16 49.90 49.66 49.45 49.26 49.09 48.94 48.81 48.69 48.58 48.48 48.39 48.31 48.23 48.16 48.10 48.04 47.99 47.95 47.91 47.87 47.84 47.82 47.80 47.78 47.76 47.75 47.74 47.73 47.73 47.73 47.72 47.72 47.72 47.72 47.72 47.71 47.71 47.71 47.70 47.69 47.68 47.67 47.65 47.63 47.61 47.58 47.55 47.51
58.55 58.41 58.25 58.08 57.90 57.71 57.51 57.29 57.07 56.83 56.59 56.33 56.06 55.78 55.49 55.19 54.88 54.56 54.23 53.89 53.54 53.20 52.87 52.54 52.21 51.89 51.56 51.24 50.94 50.66 50.42 50.20 50.00 49.82 49.66 49.52 49.38 49.25 49.14 49.03 48.93 48.84 48.75 48.67 48.60 48.54 48.48 48.42 48.38 48.33 48.29 48.26 48.23 48.20 48.18 48.16 48.14 48.13 48.11 48.10 48.09 48.08 48.07 48.06 48.05 48.04 48.03 48.01 48.00 47.98 47.96 47.94 47.91 47.89 47.85 47.82 47.78
59.31 59.17 59.02 58.85 58.68 58.49 58.29 58.08 57.86 57.63 57.39 57.14 56.88 56.60 56.32 56.03 55.72 55.41 55.08 54.75 54.40 54.05 53.71 53.37 53.03 52.70 52.37 52.04 51.73 51.45 51.20 50.97 50.76 50.57 50.40 50.24 50.08 49.94 49.81 49.68 49.57 49.46 49.36 49.27 49.18 49.10 49.03 48.96 48.90 48.85 48.79 48.75 48.71 48.67 48.64 48.60 48.58 48.55 48.53 48.51 48.49 48.47 48.45 48.43 48.41 48.39 48.38 48.36 48.34 48.31 48.29 48.26 48.23 48.20 48.16 48.12 48.08
60.07 59.94 59.79 59.63 59.46 59.28 59.08 58.88 58.67 58.44 58.21 57.96 57.70 57.44 57.16 56.87 56.57 56.26 55.94 55.61 55.27 54.92 54.57 54.22 53.88 53.54 53.20 52.86 52.55 52.26 52.00 51.76 51.54 51.34 51.15 50.97 50.80 50.65 50.50 50.36 50.22 50.10 49.99 49.88 49.78 49.69 49.60 49.52 49.45 49.38 49.32 49.26 49.21 49.16 49.11 49.07 49.04 49.00 48.97 48.94 48.91 48.88 48.86 48.83 48.81 48.78 48.76 48.73 48.70 48.68 48.65 48.62 48.58 48.54 48.51 48.46 48.41
60.84 60.71 60.56 60.41 60.24 60.07 59.88 59.68 59.47 59.25 59.02 58.78 58.53 58.27 58.00 57.72 57.42 57.12 56.81 56.48 56.15 55.81 55.45 55.10 54.75 54.40 54.05 53.71 53.39 53.10 52.83 52.58 52.35 52.13 51.92 51.73 51.54 51.37 51.20 51.05 50.90 50.76 50.63 50.51 50.40 50.29 50.19 50.10 50.02 49.94 49.86 49.79 49.73 49.67 49.62 49.57 49.52 49.48 49.43 49.40 49.36 49.33 49.29 49.26 49.23 49.20 49.17 49.14 49.11 49.07 49.04 49.00 48.96 48.92 48.88 48.84 48.79
61.61 61.48 61.35 61.20 61.04 60.87 60.68 60.49 60.29 60.07 59.85 59.62 59.37 59.11 58.85 58.57 58.28 57.99 57.68 57.36 57.04 56.70 56.35 56.00 55.64 55.28 54.93 54.58 54.25 53.95 53.67 53.41 53.17 52.93 52.71 52.50 52.29 52.10 51.92 51.75 51.59 51.44 51.30 51.16 51.04 50.92 50.81 50.70 50.61 50.52 50.43 50.35 50.28 50.21 50.15 50.09 50.03 49.98 49.93 49.88 49.84 49.80 49.76 49.72 49.68 49.65 49.61 49.57 49.54 49.50 49.46 49.42 49.38 49.34 49.29 49.24 49.19
62.39 62.27 62.13 61.99 61.83 61.67 61.49 61.31 61.11 60.90 60.68 60.45 60.21 59.96 59.70 59.43 59.15 58.86 58.56 58.25 57.93 57.60 57.26 56.91 56.55 56.19 55.83 55.47 55.14 54.83 54.54 54.26 54.00 53.75 53.51 53.28 53.06 52.86 52.66 52.48 52.30 52.14 51.98 51.84 51.70 51.57 51.44 51.33 51.22 51.12 51.02 50.93 50.85 50.77 50.70 50.63 50.57 50.51 50.45 50.40 50.35 50.30 50.25 50.21 50.16 50.12 50.08 50.04 50.00 49.96 49.92 49.88 49.83 49.79 49.74 49.69 49.64
63.17 63.05 62.93 62.79 62.64 62.48 62.31 62.13 61.93 61.73 61.52 61.30 61.06 60.82 60.57 60.30 60.03 59.74 59.45 59.14 58.83 58.51 58.17 57.83 57.48 57.11 56.75 56.39 56.05 55.73 55.42 55.13 54.85 54.58 54.32 54.08 53.85 53.63 53.42 53.22 53.03 52.86 52.69 52.53 52.38 52.24 52.10 51.97 51.86 51.74 51.64 51.54 51.45 51.36 51.28 51.20 51.13 51.06 51.00 50.94 50.88 50.82 50.77 50.72 50.68 50.63 50.58 50.54 50.49 50.45 50.41 50.36 50.31 50.27 50.22 50.17 50.11
63.96 63.85 63.73 63.59 63.45 63.29 63.13 62.95 62.77 62.57 62.36 62.15 61.92 61.68 61.43 61.18 60.91 60.63 60.34 60.05 59.74 59.42 59.09 58.76 58.41 58.06 57.69 57.33 56.97 56.64 56.31 56.00 55.71 55.43 55.16 54.90 54.65 54.42 54.20 53.99 53.78 53.59 53.41 53.24 53.08 52.92 52.78 52.64 52.51 52.39 52.28 52.17 52.07 51.97 51.88 51.80 51.72 51.64 51.57 51.50 51.44 51.38 51.32 51.27 51.22 51.17 51.12 51.07 51.02 50.97 50.93 50.88 50.83 50.78 50.73 50.68 50.63
64.75 64.64 64.53 64.40 64.26 64.11 63.95 63.78 63.60 63.41 63.21 63.00 62.78 62.55 62.31 62.05 61.79 61.52 61.24 60.95 60.65 60.34 60.02 59.69 59.35 59.00 58.65 58.28 57.91 57.56 57.22 56.89 56.58 56.29 56.00 55.73 55.47 55.22 54.99 54.76 54.55 54.34 54.15 53.97 53.79 53.63 53.47 53.33 53.19 53.06 52.93 52.82 52.71 52.60 52.51 52.41 52.33 52.24 52.17 52.09 52.03 51.96 51.90 51.84 51.78 51.73 51.67 51.62 51.57 51.52 51.47 51.42 51.37 51.32 51.27 51.22 51.17
65.52 65.42 65.31 65.19 65.05 64.91 64.76 64.60 64.42 64.24 64.04 63.84 63.63 63.40 63.17 62.92 62.67 62.41 62.13 61.85 61.56 61.25 60.94 60.62 60.29 59.95 59.59 59.22 58.85 58.48 58.12 57.78 57.46 57.14 56.85 56.56 56.29 56.02 55.78 55.54 55.31 55.10 54.89 54.70 54.51 54.34 54.17 54.01 53.86 53.72 53.59 53.47 53.35 53.23 53.13 53.03 52.94 52.85 52.76 52.69 52.61 52.54 52.47 52.41 52.35 52.29 52.23 52.18 52.12 52.07 52.02 51.97 51.92 51.87 51.82 51.76 51.71
66.26 66.17 66.07 65.95 65.83 65.69 65.55 65.39 65.22 65.05 64.86 64.66 64.46 64.24 64.01 63.78 63.53 63.28 63.01 62.74 62.45 62.16 61.85 61.54 61.22 60.88 60.53 60.15 59.77 59.40 59.03 58.67 58.33 58.00 57.69 57.39 57.10 56.82 56.56 56.31 56.07 55.84 55.63 55.42 55.22 55.04 54.86 54.69 54.53 54.38 54.24 54.11 53.98 53.86 53.75 53.64 53.54 53.45 53.36 53.27 53.19 53.11 53.04 52.97 52.91 52.85 52.79 52.73 52.67 52.62 52.56 52.51 52.46 52.40 52.35 52.30 52.24
66.98 66.90 66.80 66.69 66.58 66.45 66.31 66.16 66.00 65.84 65.66 65.47 65.27 65.06 64.85 64.62 64.38 64.13 63.88 63.61 63.33 63.05 62.75 62.45 62.13 61.80 61.44 61.06 60.68 60.30 59.92 59.55 59.19 58.85 58.52 58.21 57.91 57.62 57.34 57.08 56.83 56.59 56.36 56.14 55.93 55.73 55.55 55.37 55.20 55.04 54.89 54.75 54.61 54.48 54.36 54.25 54.14 54.04 53.94 53.85 53.76 53.68 53.60 53.53 53.46 53.39 53.33 53.27 53.21 53.15 53.10 53.04 52.99 52.93 52.88 52.83 52.77
67.67 67.60 67.51 67.41 67.30 67.18 67.05 66.91 66.76 66.60 66.43 66.26 66.07 65.87 65.66 65.44 65.21 64.97 64.73 64.47 64.20 63.93 63.64 63.35 63.03 62.70 62.34 61.96 61.57 61.19 60.81 60.43 60.06 59.70 59.35 59.02 58.71 58.41 58.12 57.84 57.58 57.32 57.08 56.85 56.63 56.43 56.23 56.04 55.86 55.69 55.53 55.38 55.23 55.10 54.97 54.85 54.73 54.62 54.52 54.42 54.33 54.24 54.16 54.08 54.01 53.94 53.87 53.81 53.74 53.68 53.62 53.57 53.51 53.46 53.40 53.35 53.29
68.34 68.27 68.19 68.10 68.00 67.89 67.77 67.64 67.50 67.35 67.19 67.02 66.84 66.65 66.45 66.25 66.03 65.80 65.56 65.32 65.06 64.80 64.52 64.22 63.91 63.58 63.22 62.83 62.44 62.06 61.67 61.29 60.91 60.54 60.18 59.84 59.51 59.19 58.89 58.60 58.32 58.06 57.80 57.56 57.33 57.11 56.90 56.70 56.51 56.34 56.17 56.00 55.85 55.71 55.57 55.44 55.32 55.20 55.09 54.99 54.89 54.80 54.71 54.63 54.55 54.47 54.40 54.33 54.27 54.21 54.14 54.09 54.03 53.97 53.92 53.86 53.81
68.97 68.91 68.84 68.76 68.67 68.57 68.46 68.34 68.21 68.07 67.93 67.77 67.60 67.42 67.23 67.03 66.83 66.61 66.38 66.15 65.90 65.65 65.37 65.08 64.77 64.43 64.07 63.69 63.30 62.91 62.52 62.14 61.76 61.38 61.00 60.64 60.30 59.97 59.65 59.35 59.06 58.78 58.52 58.26 58.02 57.79 57.57 57.36 57.16 56.97 56.79 56.62 56.46 56.31 56.16 56.03 55.90 55.77 55.66 55.55 55.44 55.35 55.25 55.16 55.08 55.00 54.93 54.85 54.79 54.72 54.66 54.60 54.54 54.48 54.42 54.37 54.31
69.58 69.53 69.47 69.40 69.32 69.23 69.13 69.02 68.90 68.78 68.64 68.49 68.33 68.16 67.99 67.80 67.61 67.40 67.19 66.96 66.73 66.48 66.21 65.92 65.61 65.27 64.91 64.53 64.13 63.74 63.35 62.97 62.58 62.20 61.82 61.45 61.09 60.74 60.41 60.10 59.79 59.50 59.23 58.96 58.71 58.46 58.23 58.01 57.80 57.61 57.42 57.24 57.07 56.91 56.75 56.61 56.47 56.34 56.22 56.10 55.99 55.89 55.79 55.69 55.61 55.52 55.44 55.37 55.30 55.23 55.16 55.10 55.04 54.98 54.92 54.86 54.81
70.15 70.11 70.06 70.01 69.94 69.86 69.77 69.68 69.57 69.45 69.32 69.19 69.04 68.89 68.72 68.55 68.37 68.17 67.97 67.76 67.53 67.28 67.02 66.73 66.43 66.09 65.73 65.34 64.95 64.55 64.16 63.77 63.39 63.00 62.62 62.24 61.87 61.51 61.17 60.84 60.52 60.22 59.93 59.65 59.38 59.13 58.89 58.66 58.44 58.23 58.03 57.84 57.66 57.49 57.33 57.18 57.03 56.90 56.77 56.64 56.53 56.42 56.32 56.22 56.12 56.04 55.95 55.87 55.80 55.73 55.66 55.59 55.53 55.47 55.41 55.35 55.29
70.69 70.66 70.63 70.58 70.53 70.46 70.39 70.30 70.21 70.10 69.99 69.86 69.73 69.59 69.44 69.28 69.10 68.92 68.73 68.53 68.31 68.07 67.81 67.53 67.22 66.89 66.53 66.14 65.74 65.35 64.95 64.56 64.18 63.79 63.41 63.02 62.64 62.27 61.92 61.57 61.24 60.93 60.62 60.33 60.06 59.79 59.54 59.30 59.07 58.85 58.64 58.44 58.25 58.08 57.91 57.75 57.59 57.45 57.31 57.18 57.06 56.94 56.83 56.73 56.63 56.54 56.45 56.37 56.29 56.22 56.15 56.08 56.01 55.95 55.89 55.83 55.77
71.20 71.19 71.16 71.13 71.09 71.03 70.97 70.90 70.82 70.73 70.62 70.51 70.39 70.27 70.13 69.98 69.82 69.66 69.47 69.28 69.07 68.83 68.58 68.30 67.99 67.66 67.30 66.91 66.51 66.12 65.72 65.33 64.94 64.56 64.17 63.79 63.41 63.03 62.66 62.30 61.96 61.63 61.31 61.01 60.72 60.45 60.18 59.93 59.69 59.46 59.24 59.04 58.84 58.65 58.47 58.30 58.14 57.99 57.85 57.71 57.58 57.46 57.35 57.24 57.14 57.04 56.95 56.86 56.78 56.70 56.63 56.55 56.49 56.42 56.36 56.30 56.24
71.67 71.67 71.66 71.64 71.61 71.57 71.53 71.47 71.40 71.32 71.23 71.14 71.03 70.92 70.79 70.66 70.52 70.36 70.19 70.00 69.80 69.57 69.32 69.05 68.75 68.41 68.05 67.66 67.26 66.87 66.47 66.08 65.69 65.30 64.91 64.53 64.15 63.77 63.39 63.02 62.66 62.32 62.00 61.68 61.38 61.09 60.82 60.56 60.30 60.07 59.84 59.62 59.41 59.22 59.03 58.85 58.69 58.53 58.38 58.23 58.10 57.97 57.85 57.74 57.63 57.53 57.43 57.34 57.25 57.17 57.10 57.02 56.95 56.89 56.82 56.76 56.70
72.11 72.13 72.13 72.12 72.11 72.08 72.05 72.01 71.95 71.89 71.82 71.74 71.65 71.55 71.44 71.32 71.19 71.04 70.88 70.70 70.50 70.28 70.04 69.77 69.47 69.14 68.78 68.39 67.99 67.59 67.20 66.81 66.41 66.02 65.64 65.25 64.87 64.49 64.11 63.73 63.37 63.01 62.67 62.34 62.03 61.73 61.45 61.17 60.91 60.66 60.42 60.20 59.98 59.78 59.58 59.40 59.22 59.05 58.89 58.75 58.60 58.47 58.34 58.22 58.11 58.01 57.91 57.81 57.72 57.64 57.56 57.48 57.41 57.34 57.28 57.21 57.15
72.52 72.54 72.56 72.57 72.57 72.56 72.54 72.51 72.48 72.43 72.37 72.31 72.23 72.15 72.05 71.95 71.83 71.70 71.55 71.38 71.19 70.97 70.74 70.47 70.17 69.85 69.49 69.10 68.70 68.30 67.90 67.51 67.12 66.73 66.34 65.95 65.57 65.19 64.81 64.43 64.06 63.69 63.34 63.00 62.68 62.36 62.07 61.78 61.51 61.25 61.00 60.77 60.54 60.33 60.12 59.93 59.75 59.57 59.41 59.25 59.10 58.96 58.83 58.70 58.59 58.48 58.37 58.27 58.18 58.09 58.01 57.93 57.86 57.79 57.72 57.65 57.59
