data_output/RCH/Precip_2008_12.asc
ncols        168
nrows        136
xllcorner    455000
yllcorner    2107000
cellsize     500
NODATA_value     -99999
[rows 0 to 37 of 136, columns 0 to 83 of 168]
0.00 0.00 0.00 0.00 0.00 0.00 0.00 0.00 0.00 0.00 0.00 0.02 0.13 0.24 0.37 0.50 0.64 0.78 0.90 1.00 1.09 1.17 1.23 1.27 1.30 1.32 1.33 1.32 1.30 1.27 1.23 1.20 1.17 1.14 1.12 1.09 1.07 1.05 1.04 1.02 1.00 0.99 0.98 0.96 0.95 0.94 0.93 0.92 0.90 0.89 0.88 0.86 0.85 0.83 0.82 0.80 0.78 0.76 0.73 0.71 0.70 0.69 0.68 0.68 0.68 0.68 0.69 0.70 0.71 0.72 0.73 0.74 0.76 0.77 0.78 0.80 0.81 0.82 0.83 0.84 0.85 0.86 0.87 0.88
0.00 0.00 0.00 0.00 0.00 0.00 0.00 0.00 0.00 0.00 0.00 0.00 0.06 0.19 0.33 0.47 0.63 0.77 0.91 1.02 1.13 1.21 1.29 1.35 1.39 1.42 1.44 1.44 1.44 1.41 1.38 1.34 1.31 1.28 1.25 1.22 1.20 1.17 1.15 1.13 1.11 1.09 1.07 1.05 1.03 1.01 1.00 0.98 0.96 0.94 0.92 0.90 0.88 0.86 0.83 0.81 0.78 0.75 0.73 0.71 0.69 0.68 0.68 0.67 0.67 0.68 0.68 0.69 0.70 0.71 0.73 0.74 0.75 0.77 0.78 0.79 0.80 0.81 0.82 0.84 0.85 0.85 0.86 0.87
0.00 0.00 0.00 0.00 0.00 0.00 0.00 0.00 0.00 0.00 0.00 0.00 0.00 0.14 0.28 0.44 0.61 0.77 0.91 1.04 1.16 1.26 1.34 1.41 1.47 1.51 1.54 1.56 1.56 1.55 1.53 1.49 1.45 1.42 1.38 1.35 1.32 1.29 1.26 1.23 1.21 1.18 1.16 1.13 1.11 1.09 1.06 1.04 1.01 0.99 0.96 0.93 0.90 0.87 0.84 0.81 0.78 0.75 0.72 0.70 0.69 0.68 0.67 0.67 0.67 0.67 0.68 0.69 0.70 0.71 0.72 0.73 0.75 0.76 0.77 0.79 0.80 0.81 0.82 0.83 0.84 0.85 0.86 0.87
0.00 0.00 0.00 0.00 0.00 0.00 0.00 0.00 0.00 0.00 0.00 0.00 0.00 0.08 0.24 0.41 0.59 0.76 0.92 1.06 1.19 1.30 1.39 1.48 1.54 1.60 1.64 1.66 1.68 1.68 1.66 1.64 1.60 1.56 1.52 1.48 1.44 1.41 1.37 1.34 1.31 1.28 1.25 1.22 1.19 1.15 1.12 1.09 1.06 1.03 0.99 0.96 0.92 0.88 0.85 0.81 0.77 0.74 0.72 0.70 0.68 0.67 0.66 0.66 0.66 0.67 0.67 0.68 0.69 0.70 0.71 0.73 0.74 0.75 0.77 0.78 0.79 0.80 0.81 0.82 0.83 0.84 0.85 0.86
0.00 0.00 0.00 0.00 0.00 0.00 0.00 0.00 0.00 0.00 0.00 0.00 0.00 0.04 0.20 0.39 0.57 0.76 0.92 1.08 1.21 1.33 1.44 1.53 1.61 1.67 1.72 1.76 1.78 1.79 1.79 1.77 1.74 1.70 1.65 1.61 1.57 1.52 1.48 1.45 1.41 1.37 1.33 1.29 1.26 1.22 1.18 1.14 1.10 1.06 1.02 0.98 0.93 0.89 0.84 0.80 0.76 0.73 0.71 0.69 0.67 0.66 0.66 0.65 0.66 0.66 0.66 0.67 0.68 0.69 0.71 0.72 0.73 0.75 0.76 0.77 0.78 0.80 0.81 0.82 0.83 0.84 0.85 0.86
0.00 0.00 0.00 0.00 0.00 0.00 0.00 0.00 0.00 0.00 0.00 0.00 0.00 0.00 0.17 0.36 0.56 0.75 0.93 1.09 1.23 1.36 1.48 1.58 1.67 1.74 1.80 1.85 1.88 1.89 1.90 1.89 1.87 1.83 1.79 1.74 1.69 1.64 1.59 1.55 1.50 1.46 1.41 1.37 1.32 1.28 1.23 1.18 1.14 1.09 1.04 0.99 0.93 0.88 0.83 0.79 0.76 0.73 0.70 0.68 0.67 0.66 0.65 0.65 0.65 0.65 0.66 0.67 0.68 0.69 0.70 0.71 0.73 0.74 0.75 0.76 0.78 0.79 0.80 0.81 0.82 0.83 0.84 0.85
0.00 0.00 0.00 0.00 0.00 0.00 0.00 0.00 0.00 0.00 0.00 0.00 0.00 0.00 0.13 0.33 0.54 0.74 0.92 1.10 1.25 1.39 1.52 1.63 1.72 1.80 1.87 1.92 1.96 1.99 2.00 2.00 1.98 1.95 1.91 1.86 1.81 1.75 1.70 1.64 1.59 1.54 1.49 1.43 1.38 1.33 1.27 1.22 1.16 1.11 1.05 0.99 0.93 0.87 0.83 0.78 0.75 0.72 0.69 0.67 0.66 0.65 0.64 0.64 0.64 0.64 0.65 0.66 0.67 0.68 0.69 0.70 0.72 0.73 0.74 0.76 0.77 0.78 0.79 0.80 0.81 0.82 0.83 0.84
0.00 0.00 0.00 0.00 0.00 0.00 0.00 0.00 0.00 0.00 0.00 0.00 0.00 0.00 0.09 0.30 0.52 0.73 0.92 1.10 1.26 1.41 1.54 1.66 1.77 1.85 1.93 1.99 2.04 2.07 2.09 2.09 2.08 2.06 2.03 1.98 1.92 1.86 1.80 1.74 1.68 1.62 1.56 1.50 1.44 1.37 1.31 1.25 1.18 1.12 1.05 0.98 0.92 0.86 0.82 0.77 0.74 0.71 0.68 0.66 0.65 0.64 0.63 0.63 0.63 0.63 0.64 0.65 0.66 0.67 0.68 0.70 0.71 0.72 0.73 0.75 0.76 0.77 0.78 0.79 0.80 0.81 0.82 0.83
0.00 0.00 0.00 0.00 0.00 0.00 0.00 0.00 0.00 0.00 0.00 0.00 0.00 0.00 0.06 0.27 0.50 0.72 0.92 1.10 1.27 1.43 1.57 1.69 1.80 1.90 1.98 2.05 2.10 2.14 2.16 2.17 2.17 2.16 2.13 2.09 2.03 1.97 1.90 1.83 1.76 1.69 1.62 1.55 1.48 1.41 1.34 1.27 1.19 1.12 1.04 0.97 0.91 0.86 0.81 0.76 0.73 0.70 0.67 0.65 0.64 0.63 0.62 0.62 0.62 0.62 0.63 0.64 0.65 0.66 0.67 0.69 0.70 0.71 0.72 0.74 0.75 0.76 0.77 0.78 0.79 0.80 0.81 0.82
0.00 0.00 0.00 0.00 0.00 0.00 0.00 0.00 0.00 0.00 0.00 0.00 0.00 0.00 0.03 0.25 0.48 0.70 0.91 1.10 1.28 1.44 1.59 1.72 1.84 1.94 2.02 2.09 2.15 2.20 2.23 2.24 2.25 2.23 2.21 2.17 2.12 2.06 1.99 1.91 1.83 1.76 1.68 1.60 1.52 1.44 1.36 1.28 1.19 1.11 1.03 0.96 0.90 0.85 0.80 0.75 0.72 0.69 0.66 0.64 0.63 0.62 0.61 0.61 0.61 0.61 0.62 0.63 0.64 0.65 0.66 0.67 0.69 0.70 0.71 0.73 0.74 0.75 0.76 0.77 0.78 0.79 0.80 0.81
0.00 0.00 0.00 0.00 0.00 0.00 0.00 0.00 0.00 0.00 0.00 0.00 0.00 0.00 0.00 0.22 0.46 0.69 0.90 1.10 1.28 1.45 1.60 1.74 1.86 1.97 2.06 2.13 2.20 2.24 2.28 2.30 2.31 2.30 2.28 2.25 2.20 2.14 2.07 1.99 1.90 1.82 1.73 1.64 1.55 1.46 1.37 1.28 1.19 1.10 1.02 0.95 0.89 0.83 0.79 0.74 0.71 0.68 0.65 0.63 0.62 0.61 0.60 0.60 0.60 0.60 0.61 0.62 0.63 0.64 0.65 0.66 0.68 0.69 0.70 0.71 0.73 0.74 0.75 0.76 0.77 0.78 0.79 0.80
0.00 0.00 0.00 0.00 0.00 0.00 0.00 0.00 0.00 0.00 0.00 0.00 0.00 0.00 0.00 0.20 0.44 0.67 0.89 1.10 1.28 1.46 1.61 1.75 1.88 1.99 2.08 2.16 2.23 2.28 2.32 2.34 2.35 2.35 2.33 2.30 2.26 2.20 2.14 2.06 1.96 1.87 1.77 1.67 1.57 1.47 1.37 1.27 1.18 1.09 1.01 0.94 0.88 0.82 0.78 0.73 0.70 0.67 0.64 0.62 0.61 0.60 0.59 0.59 0.59 0.59 0.60 0.60 0.61 0.63 0.64 0.65 0.66 0.68 0.69 0.70 0.71 0.73 0.74 0.75 0.76 0.77 0.78 0.79
0.00 0.00 0.00 0.00 0.00 0.00 0.00 0.00 0.00 0.00 0.00 0.00 0.00 0.00 0.00 0.17 0.42 0.66 0.88 1.09 1.28 1.46 1.61 1.76 1.89 2.00 2.10 2.18 2.25 2.31 2.35 2.38 2.39 2.39 2.37 2.34 2.30 2.25 2.18 2.10 2.01 1.91 1.80 1.69 1.58 1.47 1.36 1.26 1.16 1.08 1.00 0.93 0.87 0.81 0.76 0.72 0.69 0.65 0.63 0.61 0.60 0.58 0.58 0.57 0.57 0.58 0.58 0.59 0.60 0.61 0.63 0.64 0.65 0.66 0.68 0.69 0.70 0.71 0.72 0.74 0.75 0.76 0.77 0.77
0.00 0.00 0.00 0.00 0.00 0.00 0.00 0.00 0.00 0.00 0.00 0.00 0.00 0.00 0.00 0.15 0.40 0.64 0.87 1.08 1.27 1.45 1.61 1.76 1.89 2.01 2.11 2.20 2.27 2.32 2.37 2.39 2.41 2.41 2.40 2.37 2.33 2.28 2.21 2.13 2.04 1.94 1.82 1.71 1.58 1.47 1.35 1.25 1.15 1.07 0.99 0.92 0.86 0.80 0.75 0.71 0.67 0.64 0.62 0.60 0.58 0.57 0.57 0.56 0.56 0.57 0.57 0.58 0.59 0.60 0.61 0.63 0.64 0.65 0.66 0.68 0.69 0.70 0.71 0.72 0.73 0.74 0.75 0.76
0.00 0.00 0.00 0.00 0.00 0.00 0.00 0.00 0.00 0.00 0.00 0.00 0.00 0.00 0.00 0.13 0.38 0.62 0.85 1.07 1.26 1.44 1.61 1.76 1.89 2.01 2.11 2.20 2.27 2.33 2.37 2.40 2.42 2.42 2.41 2.38 2.34 2.29 2.22 2.14 2.05 1.95 1.83 1.71 1.58 1.45 1.34 1.24 1.14 1.06 0.98 0.91 0.84 0.79 0.74 0.70 0.66 0.63 0.61 0.59 0.57 0.56 0.55 0.55 0.55 0.55 0.56 0.57 0.58 0.59 0.60 0.61 0.63 0.64 0.65 0.66 0.67 0.69 0.70 0.71 0.72 0.73 0.74 0.75
0.00 0.00 0.00 0.00 0.00 0.00 0.00 0.00 0.00 0.00 0.00 0.00 0.00 0.00 0.00 0.10 0.36 0.61 0.84 1.05 1.25 1.43 1.60 1.75 1.88 2.00 2.10 2.19 2.26 2.32 2.37 2.40 2.41 2.41 2.40 2.37 2.33 2.28 2.21 2.13 2.04 1.94 1.82 1.69 1.56 1.44 1.33 1.22 1.13 1.04 0.96 0.89 0.83 0.78 0.73 0.68 0.65 0.62 0.59 0.57 0.56 0.55 0.54 0.54 0.54 0.54 0.54 0.55 0.56 0.57 0.58 0.60 0.61 0.62 0.64 0.65 0.66 0.67 0.68 0.69 0.70 0.71 0.72 0.73
0.00 0.00 0.00 0.00 0.00 0.00 0.00 0.00 0.00 0.00 0.00 0.00 0.00 0.00 0.00 0.08 0.34 0.59 0.82 1.03 1.23 1.41 1.58 1.73 1.86 1.98 2.09 2.17 2.25 2.30 2.35 2.38 2.39 2.39 2.38 2.35 2.31 2.26 2.19 2.11 2.01 1.91 1.79 1.67 1.55 1.43 1.32 1.21 1.12 1.03 0.95 0.88 0.82 0.76 0.71 0.67 0.63 0.60 0.58 0.56 0.54 0.53 0.52 0.52 0.52 0.52 0.53 0.54 0.55 0.56 0.57 0.58 0.60 0.61 0.62 0.63 0.65 0.66 0.67 0.68 0.69 0.70 0.71 0.72
0.00 0.00 0.00 0.00 0.00 0.00 0.00 0.00 0.00 0.00 0.00 0.00 0.00 0.00 0.00 0.06 0.32 0.57 0.80 1.01 1.21 1.39 1.56 1.71 1.84 1.96 2.06 2.15 2.22 2.28 2.32 2.35 2.36 2.36 2.34 2.31 2.27 2.21 2.14 2.06 1.96 1.86 1.75 1.64 1.52 1.41 1.30 1.20 1.10 1.02 0.94 0.87 0.81 0.75 0.70 0.66 0.62 0.59 0.56 0.54 0.53 0.52 0.51 0.51 0.51 0.51 0.52 0.52 0.53 0.54 0.56 0.57 0.58 0.59 0.61 0.62 0.63 0.64 0.65 0.66 0.67 0.68 0.69 0.70
0.00 0.00 0.00 0.00 0.00 0.00 0.00 0.00 0.00 0.00 0.00 0.00 0.00 0.00 0.00 0.04 0.30 0.54 0.78 0.99 1.19 1.37 1.53 1.68 1.81 1.93 2.03 2.11 2.18 2.24 2.28 2.30 2.31 2.31 2.29 2.26 2.21 2.15 2.08 1.99 1.90 1.80 1.69 1.59 1.49 1.39 1.29 1.19 1.09 1.00 0.93 0.86 0.79 0.74 0.69 0.64 0.61 0.58 0.55 0.53 0.51 0.50 0.50 0.49 0.49 0.50 0.50 0.51 0.52 0.53 0.54 0.55 0.57 0.58 0.59 0.60 0.61 0.63 0.64 0.65 0.66 0.67 0.68 0.69
0.00 0.00 0.00 0.00 0.00 0.00 0.00 0.00 0.00 0.00 0.00 0.00 0.00 0.00 0.00 0.02 0.28 0.52 0.75 0.96 1.16 1.34 1.50 1.65 1.78 1.89 1.99 2.07 2.14 2.19 2.23 2.25 2.26 2.25 2.23 2.19 2.14 2.08 2.00 1.91 1.82 1.73 1.63 1.54 1.45 1.36 1.26 1.17 1.08 0.99 0.91 0.84 0.78 0.72 0.67 0.63 0.59 0.56 0.54 0.52 0.50 0.49 0.48 0.48 0.48 0.48 0.49 0.49 0.50 0.51 0.52 0.54 0.55 0.56 0.58 0.59 0.60 0.61 0.62 0.63 0.64 0.65 0.66 0.67
0.00 0.00 0.00 0.00 0.00 0.00 0.00 0.00 0.00 0.00 0.00 0.00 0.00 0.00 0.00 0.01 0.26 0.50 0.73 0.94 1.13 1.31 1.47 1.61 1.73 1.84 1.94 2.02 2.08 2.13 2.16 2.18 2.18 2.17 2.15 2.11 2.05 1.98 1.90 1.82 1.74 1.65 1.57 1.48 1.40 1.32 1.23 1.15 1.06 0.98 0.90 0.83 0.76 0.71 0.66 0.62 0.58 0.55 0.52 0.50 0.49 0.47 0.47 0.46 0.46 0.46 0.47 0.48 0.49 0.50 0.51 0.52 0.53 0.55 0.56 0.57 0.58 0.59 0.60 0.62 0.63 0.64 0.64 0.65
0.00 0.00 0.00 0.00 0.00 0.00 0.00 0.00 0.00 0.00 0.00 0.00 0.00 0.00 0.00 0.00 0.24 0.48 0.70 0.91 1.10 1.27 1.42 1.56 1.69 1.79 1.88 1.96 2.02 2.06 2.09 2.10 2.10 2.08 2.05 2.00 1.95 1.87 1.80 1.72 1.65 1.57 1.50 1.42 1.34 1.27 1.19 1.11 1.04 0.96 0.89 0.81 0.75 0.69 0.64 0.60 0.56 0.53 0.51 0.49 0.47 0.46 0.45 0.45 0.45 0.45 0.45 0.46 0.47 0.48 0.49 0.51 0.52 0.53 0.54 0.55 0.57 0.58 0.59 0.60 0.61 0.62 0.63 0.64
0.00 0.00 0.00 0.00 0.00 0.00 0.00 0.00 0.00 0.00 0.00 0.00 0.00 0.00 0.00 0.00 0.22 0.45 0.67 0.88 1.06 1.23 1.38 1.51 1.63 1.73 1.82 1.89 1.94 1.98 2.00 2.01 2.00 1.98 1.94 1.89 1.83 1.76 1.69 1.62 1.56 1.49 1.42 1.35 1.28 1.21 1.14 1.08 1.01 0.94 0.87 0.80 0.74 0.68 0.63 0.59 0.55 0.52 0.49 0.47 0.46 0.44 0.44 0.43 0.43 0.43 0.44 0.45 0.45 0.46 0.48 0.49 0.50 0.51 0.53 0.54 0.55 0.56 0.57 0.58 0.59 0.60 0.61 0.62
0.00 0.00 0.00 0.00 0.00 0.00 0.00 0.00 0.00 0.00 0.00 0.00 0.00 0.00 0.00 0.00 0.20 0.43 0.64 0.84 1.02 1.18 1.33 1.46 1.57 1.67 1.74 1.81 1.86 1.89 1.90 1.90 1.89 1.86 1.82 1.76 1.70 1.64 1.58 1.52 1.46 1.40 1.34 1.28 1.21 1.15 1.09 1.03 0.97 0.91 0.85 0.78 0.72 0.67 0.62 0.57 0.53 0.50 0.48 0.46 0.44 0.43 0.42 0.42 0.42 0.42 0.42 0.43 0.44 0.45 0.46 0.47 0.48 0.50 0.51 0.52 0.53 0.54 0.55 0.56 0.57 0.58 0.59 0.60
0.00 0.00 0.00 0.00 0.00 0.00 0.00 0.00 0.00 0.00 0.00 0.00 0.00 0.00 0.00 0.00 0.18 0.41 0.61 0.81 0.98 1.14 1.27 1.40 1.50 1.59 1.66 1.72 1.76 1.79 1.79 1.79 1.77 1.73 1.68 1.63 1.57 1.52 1.47 1.41 1.36 1.31 1.25 1.20 1.14 1.09 1.03 0.98 0.92 0.87 0.82 0.76 0.70 0.65 0.60 0.56 0.52 0.49 0.46 0.44 0.42 0.41 0.40 0.40 0.40 0.40 0.41 0.41 0.42 0.43 0.44 0.46 0.47 0.48 0.49 0.50 0.51 0.53 0.54 0.55 0.56 0.57 0.57 0.58
0.00 0.00 0.00 0.00 0.00 0.00 0.00 0.00 0.00 0.00 0.00 0.00 0.00 0.00 0.00 0.00 0.16 0.38 0.58 0.77 0.93 1.08 1.21 1.33 1.43 1.51 1.57 1.62 1.66 1.67 1.67 1.66 1.63 1.59 1.54 1.49 1.45 1.40 1.35 1.31 1.26 1.21 1.16 1.12 1.07 1.02 0.97 0.92 0.88 0.83 0.78 0.73 0.68 0.63 0.59 0.54 0.50 0.47 0.45 0.43 0.41 0.40 0.39 0.38 0.38 0.38 0.39 0.40 0.40 0.41 0.43 0.44 0.45 0.46 0.47 0.49 0.50 0.51 0.52 0.53 0.54 0.55 0.56 0.57
0.00 0.00 0.00 0.00 0.00 0.00 0.00 0.00 0.00 0.00 0.00 0.00 0.00 0.00 0.00 0.00 0.14 0.36 0.55 0.73 0.89 1.03 1.15 1.26 1.35 1.42 1.48 1.52 1.54 1.55 1.54 1.52 1.48 1.44 1.40 1.36 1.32 1.28 1.24 1.20 1.16 1.11 1.07 1.03 0.99 0.95 0.91 0.86 0.82 0.78 0.74 0.70 0.65 0.61 0.57 0.53 0.49 0.46 0.43 0.41 0.39 0.38 0.37 0.37 0.37 0.37 0.37 0.38 0.39 0.40 0.41 0.42 0.43 0.44 0.46 0.47 0.48 0.49 0.50 0.51 0.52 0.53 0.54 0.55
0.00 0.00 0.00 0.00 0.00 0.00 0.00 0.00 0.00 0.00 0.00 0.00 0.00 0.00 0.00 0.00 0.12 0.33 0.52 0.68 0.83 0.97 1.08 1.18 1.26 1.33 1.37 1.40 1.42 1.42 1.40 1.37 1.33 1.30 1.26 1.23 1.19 1.16 1.12 1.09 1.05 1.02 0.98 0.95 0.91 0.87 0.84 0.80 0.76 0.73 0.69 0.66 0.62 0.58 0.55 0.51 0.47 0.44 0.42 0.39 0.38 0.36 0.36 0.35 0.35 0.35 0.36 0.36 0.37 0.38 0.39 0.40 0.42 0.43 0.44 0.45 0.46 0.47 0.48 0.49 0.50 0.51 0.52 0.53
0.00 0.00 0.00 0.00 0.00 0.00 0.00 0.00 0.00 0.00 0.00 0.00 0.00 0.00 0.00 0.00 0.11 0.30 0.48 0.64 0.78 0.90 1.01 1.10 1.17 1.22 1.26 1.28 1.29 1.27 1.25 1.22 1.19 1.16 1.13 1.10 1.07 1.04 1.01 0.98 0.95 0.92 0.89 0.86 0.83 0.80 0.77 0.74 0.70 0.67 0.64 0.61 0.58 0.55 0.52 0.49 0.46 0.43 0.40 0.38 0.36 0.35 0.34 0.34 0.33 0.34 0.34 0.35 0.35 0.36 0.37 0.39 0.40 0.41 0.42 0.43 0.44 0.45 0.46 0.47 0.48 0.49 0.50 0.51
0.00 0.00 0.00 0.00 0.00 0.00 0.00 0.00 0.00 0.00 0.00 0.00 0.00 0.00 0.00 0.00 0.09 0.28 0.44 0.59 0.72 0.84 0.93 1.01 1.07 1.11 1.14 1.15 1.14 1.12 1.10 1.07 1.05 1.02 1.00 0.97 0.95 0.92 0.90 0.87 0.85 0.82 0.80 0.77 0.75 0.72 0.69 0.67 0.64 0.62 0.59 0.56 0.54 0.51 0.49 0.46 0.44 0.41 0.38 0.36 0.35 0.33 0.32 0.32 0.32 0.32 0.32 0.33 0.34 0.35 0.36 0.37 0.38 0.39 0.40 0.41 0.42 0.43 0.44 0.45 0.46 0.47 0.48 0.49
0.00 0.00 0.00 0.00 0.00 0.00 0.00 0.00 0.00 0.00 0.00 0.00 0.00 0.00 0.00 0.00 0.07 0.25 0.41 0.54 0.66 0.77 0.85 0.92 0.97 1.00 1.01 1.01 0.99 0.97 0.95 0.93 0.91 0.89 0.87 0.85 0.83 0.81 0.79 0.77 0.75 0.73 0.71 0.68 0.66 0.64 0.62 0.60 0.58 0.56 0.54 0.52 0.49 0.47 0.45 0.43 0.41 0.39 0.37 0.35 0.33 0.32 0.31 0.30 0.30 0.30 0.31 0.31 0.32 0.33 0.34 0.35 0.36 0.37 0.38 0.40 0.41 0.42 0.43 0.44 0.45 0.45 0.46 0.47
0.00 0.00 0.00 0.00 0.00 0.00 0.00 0.00 0.00 0.00 0.00 0.00 0.00 0.00 0.00 0.00 0.06 0.22 0.37 0.49 0.60 0.69 0.76 0.82 0.85 0.87 0.88 0.86 0.85 0.83 0.82 0.80 0.78 0.77 0.75 0.73 0.72 0.70 0.68 0.67 0.65 0.63 0.62 0.60 0.58 0.57 0.55 0.53 0.51 0.50 0.48 0.46 0.45 0.43 0.41 0.40 0.38 0.36 0.35 0.33 0.31 0.30 0.29 0.29 0.28 0.29 0.29 0.29 0.30 0.31 0.32 0.33 0.34 0.36 0.37 0.38 0.39 0.40 0.41 0.42 0.43 0.44 0.44 0.45
0.10 0.00 0.00 0.00 0.00 0.00 0.00 0.00 0.00 0.00 0.00 0.00 0.00 0.00 0.00 0.00 0.04 0.19 0.33 0.44 0.54 0.61 0.67 0.71 0.74 0.74 0.74 0.72 0.71 0.70 0.69 0.67 0.66 0.65 0.63 0.62 0.61 0.60 0.58 0.57 0.56 0.54 0.53 0.52 0.50 0.49 0.48 0.46 0.45 0.44 0.42 0.41 0.40 0.39 0.37 0.36 0.35 0.33 0.32 0.31 0.30 0.29 0.28 0.27 0.27 0.27 0.27 0.28 0.29 0.29 0.30 0.32 0.33 0.34 0.35 0.36 0.37 0.38 0.39 0.40 0.41 0.42 0.43 0.44
0.27 0.15 0.04 0.00 0.00 0.00 0.00 0.00 0.00 0.00 0.00 0.00 0.00 0.00 0.00 0.00 0.03 0.17 0.29 0.39 0.47 0.53 0.58 0.60 0.61 0.61 0.60 0.59 0.58 0.57 0.56 0.55 0.54 0.53 0.52 0.51 0.51 0.50 0.49 0.48 0.47 0.46 0.45 0.44 0.43 0.42 0.41 0.40 0.39 0.38 0.37 0.36 0.35 0.34 0.33 0.32 0.31 0.30 0.29 0.29 0.28 0.27 0.26 0.25 0.25 0.25 0.26 0.26 0.27 0.28 0.29 0.30 0.31 0.32 0.33 0.34 0.35 0.36 0.37 0.38 0.39 0.40 0.41 0.42
0.43 0.31 0.20 0.09 0.00 0.00 0.00 0.00 0.00 0.00 0.00 0.00 0.00 0.00 0.00 0.00 0.01 0.14 0.24 0.33 0.40 0.45 0.48 0.49 0.49 0.48 0.48 0.47 0.46 0.46 0.45 0.44 0.44 0.43 0.42 0.42 0.41 0.40 0.39 0.39 0.38 0.37 0.37 0.36 0.35 0.35 0.34 0.33 0.33 0.32 0.31 0.31 0.30 0.30 0.29 0.28 0.28 0.27 0.27 0.26 0.25 0.25 0.24 0.24 0.24 0.24 0.24 0.24 0.25 0.26 0.27 0.28 0.29 0.30 0.31 0.32 0.33 0.34 0.35 0.36 0.37 0.38 0.39 0.40
0.59 0.47 0.35 0.24 0.13 0.02 0.00 0.00 0.00 0.00 0.00 0.00 0.00 0.00 0.00 0.00 0.00 0.11 0.20 0.27 0.32 0.36 0.37 0.37 0.37 0.37 0.36 0.36 0.35 0.35 0.35 0.34 0.34 0.33 0.33 0.32 0.32 0.31 0.31 0.31 0.30 0.30 0.29 0.29 0.29 0.28 0.28 0.27 0.27 0.27 0.26 0.26 0.25 0.25 0.25 0.24 0.24 0.24 0.23 0.23 0.23 0.23 0.22 0.22 0.22 0.22 0.22 0.23 0.24 0.24 0.25 0.26 0.27 0.28 0.30 0.31 0.31 0.32 0.33 0.34 0.35 0.36 0.38 0.39
0.76 0.63 0.51 0.39 0.27 0.16 0.06 0.00 0.00 0.00 0.00 0.00 0.00 0.00 0.00 0.00 0.00 0.08 0.16 0.21 0.25 0.27 0.27 0.27 0.26 0.26 0.26 0.26 0.26 0.25 0.25 0.25 0.25 0.24 0.24 0.24 0.24 0.24 0.23 0.23 0.23 0.23 0.23 0.22 0.22 0.22 0.22 0.22 0.21 0.21 0.21 0.21 0.21 0.21 0.21 0.21 0.20 0.20 0.20 0.20 0.20 0.20 0.20 0.20 0.20 0.20 0.21 0.21 0.22 0.23 0.24 0.25 0.26 0.27 0.28 0.29 0.30 0.31 0.32 0.33 0.34 0.35 0.36 0.37
0.92 0.79 0.66 0.54 0.41 0.30 0.19 0.09 0.00 0.00 0.00 0.00 0.00 0.00 0.00 0.00 0.00 0.05 0.11 0.15 0.17 0.17 0.17 0.17 0.17 0.17 0.17 0.17 0.17 0.17 0.17 0.17 0.17 0.17 0.17 0.17 0.17 0.16 0.16 0.16 0.16 0.16 0.16 0.16 0.16 0.16 0.16 0.16 0.16 0.16 0.16 0.17 0.17 0.17 0.17 0.17 0.17 0.17 0.17 0.17 0.18 0.18 0.18 0.18 0.19 0.19 0.19 0.20 0.20 0.21 0.22 0.23 0.24 0.25 0.26 0.27 0.28 0.29 0.30 0.31 0.32 0.33 0.34 0.36
