data_output/RCH/Precip_2011_04.asc
ncols        168
nrows        136
xllcorner    455000
yllcorner    2107000
cellsize     500
NODATA_value     -99999
[rows 70 to 104 of 136, columns 78 to 155 of 168]
52.91 53.60 54.18 54.64 55.00 55.24 55.38 55.41 55.33 55.15 54.85 54.45 53.94 53.33 52.61 51.79 50.86 49.82 48.68 47.44 46.10 44.72 43.33 41.94 40.55 39.17 37.79 36.42 35.06 33.70 32.36 31.02 29.69 28.37 27.07 25.77 24.48 23.21 21.95 20.70 19.46 18.24 17.03 15.84 14.66 13.50 12.35 11.22 10.10 9.01 7.93 6.88 5.85 4.85 3.89 2.96 2.07 1.22 0.42 0.00 0.00 0.00 0.00 0.00 0.00 0.00 0.00 0.00 0.00 0.00 0.00 0.00 0.00 0.00 0.00 0.00 0.00 0.00
52.63 53.30 53.86 54.30 54.64 54.86 54.97 54.97 54.86 54.64 54.30 53.86 53.32 52.66 51.89 51.02 50.04 48.95 47.75 46.46 45.12 43.77 42.42 41.06 39.71 38.36 37.01 35.67 34.34 33.01 31.69 30.38 29.08 27.79 26.51 25.23 23.97 22.72 21.48 20.25 19.03 17.83 16.64 15.46 14.30 13.15 12.02 10.90 9.80 8.71 7.65 6.61 5.59 4.61 3.67 2.76 1.89 1.06 0.27 0.00 0.00 0.00 0.00 0.00 0.00 0.00 0.00 0.00 0.00 0.00 0.00 0.00 0.00 0.00 0.00 0.00 0.00 0.00
52.32 52.98 53.51 53.93 54.24 54.43 54.51 54.48 54.33 54.07 53.70 53.21 52.62 51.91 51.10 50.17 49.13 47.99 46.74 45.44 44.13 42.82 41.50 40.18 38.86 37.54 36.23 34.92 33.62 32.32 31.04 29.75 28.48 27.21 25.95 24.71 23.47 22.24 21.02 19.81 18.62 17.43 16.26 15.10 13.96 12.82 11.71 10.60 9.51 8.44 7.39 6.36 5.37 4.40 3.47 2.58 1.73 0.92 0.16 0.00 0.00 0.00 0.00 0.00 0.00 0.00 0.00 0.00 0.00 0.00 0.00 0.00 0.00 0.00 0.00 0.00 0.00 0.00
52.00 52.63 53.14 53.53 53.81 53.97 54.01 53.94 53.75 53.45 53.03 52.50 51.86 51.10 50.23 49.24 48.15 46.95 45.69 44.43 43.15 41.87 40.59 39.30 38.02 36.73 35.45 34.18 32.90 31.64 30.38 29.13 27.88 26.64 25.41 24.19 22.97 21.77 20.57 19.39 18.21 17.05 15.90 14.76 13.63 12.51 11.41 10.33 9.25 8.19 7.15 6.14 5.16 4.22 3.31 2.43 1.60 0.82 0.08 0.00 0.00 0.00 0.00 0.00 0.00 0.00 0.00 0.00 0.00 0.00 0.00 0.00 0.00 0.00 0.00 0.00 0.00 0.00
51.67 52.27 52.75 53.11 53.35 53.47 53.47 53.36 53.13 52.78 52.31 51.73 51.03 50.21 49.28 48.24 47.09 45.88 44.66 43.42 42.18 40.94 39.68 38.43 37.18 35.92 34.67 33.43 32.19 30.96 29.73 28.51 27.29 26.08 24.87 23.68 22.49 21.31 20.14 18.98 17.82 16.68 15.55 14.43 13.32 12.23 11.14 10.07 9.01 7.97 6.94 5.95 4.99 4.06 3.17 2.32 1.51 0.75 0.03 0.00 0.00 0.00 0.00 0.00 0.00 0.00 0.00 0.00 0.00 0.00 0.00 0.00 0.00 0.00 0.00 0.00 0.00 0.00
51.32 51.89 52.33 52.65 52.86 52.94 52.90 52.74 52.45 52.05 51.53 50.90 50.14 49.26 48.27 47.17 46.01 44.83 43.64 42.44 41.23 40.01 38.79 37.57 36.34 35.12 33.90 32.69 31.48 30.28 29.08 27.89 26.70 25.52 24.35 23.18 22.02 20.86 19.72 18.58 17.45 16.33 15.22 14.12 13.03 11.96 10.89 9.84 8.80 7.77 6.76 5.78 4.83 3.93 3.06 2.23 1.44 0.71 0.02 0.00 0.00 0.00 0.00 0.00 0.00 0.00 0.00 0.00 0.00 0.00 0.00 0.00 0.00 0.00 0.00 0.00 0.00 1.05
50.96 51.49 51.90 52.18 52.34 52.37 52.28 52.07 51.74 51.28 50.71 50.01 49.19 48.25 47.20 46.08 44.95 43.80 42.64 41.47 40.29 39.11 37.92 36.72 35.53 34.33 33.14 31.95 30.77 29.60 28.44 27.28 26.12 24.97 23.83 22.69 21.55 20.43 19.31 18.19 17.09 15.99 14.91 13.83 12.76 11.71 10.66 9.63 8.60 7.59 6.60 5.64 4.71 3.82 2.98 2.17 1.41 0.70 0.04 0.00 0.00 0.00 0.00 0.00 0.00 0.00 0.00 0.00 0.00 0.00 0.00 0.00 0.00 0.00 0.00 0.06 1.11 2.28
50.59 51.08 51.44 51.68 51.79 51.77 51.63 51.37 50.98 50.46 49.82 49.06 48.18 47.18 46.11 45.03 43.92 42.81 41.68 40.53 39.38 38.23 37.06 35.90 34.73 33.56 32.40 31.24 30.08 28.93 27.80 26.67 25.55 24.43 23.31 22.20 21.10 20.00 18.91 17.82 16.74 15.67 14.61 13.56 12.51 11.48 10.45 9.44 8.43 7.44 6.46 5.52 4.61 3.75 2.92 2.14 1.41 0.72 0.09 0.00 0.00 0.00 0.00 0.00 0.00 0.00 0.00 0.00 0.00 0.00 0.00 0.00 0.00 0.00 0.20 1.22 2.36 3.63
50.20 50.65 50.97 51.16 51.22 51.15 50.95 50.63 50.18 49.60 48.89 48.06 47.12 46.10 45.06 44.01 42.93 41.84 40.74 39.63 38.50 37.37 36.24 35.09 33.95 32.81 31.67 30.54 29.41 28.28 27.17 26.07 24.98 23.89 22.81 21.73 20.66 19.59 18.52 17.47 16.41 15.37 14.33 13.30 12.28 11.27 10.26 9.27 8.28 7.31 6.35 5.43 4.55 3.70 2.90 2.14 1.44 0.78 0.17 0.00 0.00 0.00 0.00 0.00 0.00 0.00 0.00 0.00 0.00 0.00 0.00 0.00 0.00 0.38 1.37 2.48 3.72 5.07
49.82 50.22 50.48 50.62 50.62 50.50 50.24 49.85 49.34 48.69 47.92 47.02 46.06 45.07 44.06 43.03 41.98 40.92 39.84 38.75 37.66 36.55 35.44 34.32 33.21 32.09 30.97 29.86 28.75 27.65 26.56 25.49 24.42 23.37 22.32 21.27 20.23 19.19 18.15 17.12 16.10 15.08 14.07 13.06 12.06 11.08 10.09 9.12 8.16 7.20 6.27 5.37 4.50 3.68 2.91 2.18 1.50 0.87 0.29 0.00 0.00 0.00 0.00 0.00 0.00 0.00 0.00 0.00 0.00 0.00 0.00 0.00 0.61 1.56 2.65 3.86 5.19 6.62
49.42 49.77 49.98 50.06 50.00 49.82 49.49 49.04 48.46 47.74 46.90 45.99 45.05 44.09 43.10 42.10 41.07 40.04 38.99 37.92 36.85 35.77 34.68 33.59 32.49 31.40 30.30 29.21 28.13 27.05 25.98 24.92 23.88 22.85 21.83 20.82 19.80 18.80 17.79 16.79 15.80 14.81 13.82 12.84 11.87 10.90 9.95 9.00 8.06 7.12 6.21 5.33 4.49 3.69 2.94 2.24 1.59 0.99 0.44 0.00 0.00 0.00 0.00 0.00 0.00 0.00 0.00 0.00 0.00 0.00 0.08 0.87 1.80 2.86 4.04 5.34 6.75 8.27
49.02 49.31 49.47 49.48 49.36 49.11 48.72 48.20 47.54 46.75 45.90 45.01 44.09 43.16 42.20 41.22 40.22 39.20 38.17 37.13 36.08 35.02 33.96 32.89 31.81 30.74 29.67 28.60 27.53 26.47 25.42 24.39 23.36 22.35 21.36 20.37 19.39 18.42 17.45 16.48 15.51 14.55 13.59 12.64 11.69 10.75 9.82 8.90 7.98 7.07 6.17 5.32 4.50 3.73 3.01 2.33 1.71 1.14 0.63 0.18 0.00 0.00 0.00 0.00 0.00 0.00 0.00 0.00 0.00 0.42 1.18 2.08 3.11 4.27 5.55 6.93 8.43 10.02
48.62 48.85 48.94 48.89 48.71 48.38 47.92 47.32 46.59 45.79 44.95 44.09 43.20 42.28 41.35 40.39 39.41 38.42 37.42 36.40 35.37 34.33 33.28 32.23 31.18 30.12 29.07 28.02 26.97 25.93 24.90 23.88 22.87 21.88 20.90 19.94 19.00 18.05 17.11 16.18 15.24 14.31 13.38 12.46 11.54 10.63 9.72 8.82 7.92 7.03 6.16 5.33 4.54 3.80 3.10 2.46 1.86 1.33 0.85 0.43 0.08 0.00 0.00 0.00 0.00 0.00 0.00 0.20 0.79 1.52 2.40 3.40 4.54 5.79 7.15 8.63 10.20 11.86
48.22 48.38 48.41 48.29 48.03 47.63 47.09 46.42 45.68 44.89 44.08 43.24 42.37 41.48 40.56 39.62 38.67 37.70 36.71 35.71 34.70 33.68 32.66 31.62 30.59 29.55 28.52 27.48 26.45 25.43 24.42 23.41 22.42 21.44 20.48 19.54 18.61 17.70 16.79 15.89 14.99 14.08 13.19 12.29 11.40 10.52 9.64 8.76 7.89 7.03 6.18 5.37 4.61 3.89 3.23 2.61 2.05 1.55 1.10 0.72 0.40 0.15 0.00 0.00 0.00 0.22 0.63 1.19 1.90 2.75 3.73 4.84 6.07 7.42 8.87 10.42 12.06 13.79
47.82 47.91 47.87 47.67 47.34 46.86 46.25 45.56 44.83 44.07 43.28 42.46 41.61 40.74 39.84 38.92 37.99 37.04 36.07 35.09 34.10 33.09 32.08 31.07 30.05 29.03 28.01 27.00 25.98 24.98 23.98 22.99 22.01 21.04 20.10 19.17 18.25 17.36 16.49 15.62 14.75 13.88 13.01 12.15 11.29 10.43 9.58 8.73 7.88 7.05 6.22 5.44 4.71 4.02 3.38 2.80 2.27 1.80 1.39 1.05 0.77 0.56 0.45 0.50 0.72 1.10 1.63 2.31 3.14 4.10 5.19 6.39 7.72 9.15 10.68 12.31 14.02 15.82
47.42 47.44 47.32 47.05 46.63 46.08 45.45 44.77 44.07 43.32 42.55 41.75 40.92 40.07 39.19 38.29 37.38 36.44 35.49 34.53 33.55 32.57 31.57 30.57 29.57 28.57 27.56 26.56 25.56 24.57 23.58 22.60 21.64 20.69 19.75 18.83 17.93 17.06 16.20 15.36 14.52 13.69 12.85 12.02 11.19 10.36 9.54 8.72 7.90 7.09 6.29 5.54 4.83 4.17 3.57 3.02 2.52 2.09 1.72 1.41 1.17 1.03 1.05 1.24 1.59 2.10 2.76 3.56 4.50 5.56 6.75 8.06 9.47 10.99 12.60 14.30 16.08 17.94
47.02 46.97 46.76 46.41 45.92 45.35 44.73 44.08 43.38 42.66 41.91 41.12 40.31 39.48 38.62 37.74 36.83 35.92 34.98 34.03 33.07 32.10 31.12 30.14 29.15 28.16 27.17 26.18 25.19 24.21 23.24 22.27 21.32 20.38 19.46 18.55 17.66 16.79 15.94 15.12 14.32 13.51 12.71 11.91 11.11 10.32 9.52 8.73 7.94 7.16 6.39 5.66 4.99 4.36 3.78 3.27 2.81 2.41 2.07 1.80 1.64 1.63 1.79 2.12 2.60 3.24 4.02 4.93 5.98 7.15 8.43 9.83 11.33 12.92 14.61 16.38 18.22 20.14
46.63 46.49 46.21 45.78 45.26 44.70 44.10 43.47 42.79 42.09 41.35 40.58 39.79 38.97 38.12 37.26 36.37 35.47 34.55 33.61 32.67 31.71 30.74 29.77 28.80 27.82 26.84 25.86 24.89 23.92 22.95 22.00 21.05 20.12 19.21 18.31 17.43 16.57 15.73 14.92 14.13 13.36 12.59 11.82 11.06 10.29 9.53 8.77 8.01 7.25 6.51 5.82 5.17 4.57 4.03 3.55 3.12 2.76 2.47 2.27 2.24 2.37 2.68 3.14 3.75 4.50 5.40 6.43 7.58 8.84 10.22 11.71 13.29 14.96 16.72 18.55 20.46 22.42
46.24 46.02 45.66 45.20 44.70 44.16 43.57 42.95 42.30 41.61 40.88 40.13 39.35 38.55 37.72 36.86 35.99 35.10 34.19 33.27 32.34 31.39 30.44 29.48 28.51 27.54 26.58 25.61 24.64 23.68 22.73 21.78 20.85 19.92 19.02 18.12 17.25 16.40 15.57 14.76 13.98 13.22 12.49 11.76 11.02 10.29 9.56 8.83 8.10 7.37 6.66 5.99 5.38 4.82 4.31 3.86 3.47 3.15 2.93 2.87 2.98 3.26 3.70 4.29 5.02 5.90 6.90 8.04 9.29 10.65 12.12 13.69 15.35 17.09 18.92 20.81 22.77 24.79
45.87 45.57 45.17 44.73 44.24 43.71 43.15 42.54 41.90 41.22 40.51 39.77 39.01 38.22 37.40 36.56 35.70 34.82 33.92 33.01 32.09 31.15 30.21 29.26 28.30 27.34 26.38 25.42 24.47 23.51 22.57 21.63 20.70 19.79 18.88 18.00 17.13 16.28 15.46 14.65 13.88 13.13 12.41 11.71 11.01 10.31 9.61 8.91 8.21 7.52 6.84 6.20 5.62 5.09 4.62 4.21 3.86 3.61 3.53 3.61 3.87 4.28 4.85 5.57 6.42 7.41 8.53 9.76 11.11 12.57 14.12 15.77 17.51 19.32 21.21 23.16 25.18 27.24
45.51 45.18 44.79 44.37 43.89 43.38 42.82 42.23 41.60 40.94 40.24 39.52 38.76 37.98 37.17 36.34 35.49 34.63 33.74 32.84 31.92 31.00 30.06 29.12 28.17 27.22 26.27 25.32 24.37 23.42 22.48 21.55 20.63 19.71 18.82 17.94 17.07 16.23 15.41 14.61 13.83 13.09 12.37 11.68 11.02 10.35 9.69 9.02 8.36 7.69 7.04 6.44 5.89 5.39 4.96 4.59 4.31 4.20 4.27 4.50 4.89 5.44 6.14 6.98 7.95 9.05 10.27 11.60 13.05 14.59 16.23 17.96 19.76 21.64 23.59 25.60 27.66 29.77
45.22 44.90 44.53 44.12 43.66 43.16 42.61 42.03 41.42 40.76 40.08 39.36 38.62 37.85 37.05 36.23 35.39 34.53 33.65 32.76 31.85 30.93 30.01 29.07 28.13 27.18 26.24 25.29 24.34 23.40 22.47 21.54 20.62 19.71 18.82 17.94 17.08 16.24 15.42 14.62 13.85 13.10 12.39 11.70 11.05 10.41 9.78 9.15 8.52 7.89 7.27 6.70 6.19 5.73 5.33 5.04 4.90 4.94 5.15 5.53 6.06 6.73 7.56 8.51 9.60 10.80 12.13 13.56 15.09 16.72 18.44 20.24 22.11 24.05 26.06 28.12 30.22 32.37
45.06 44.75 44.40 43.99 43.54 43.05 42.52 41.95 41.34 40.70 40.02 39.32 38.58 37.82 37.03 36.22 35.38 34.53 33.66 32.77 31.87 30.96 30.04 29.11 28.17 27.23 26.29 25.35 24.40 23.47 22.53 21.61 20.69 19.79 18.90 18.02 17.16 16.32 15.50 14.70 13.93 13.19 12.47 11.78 11.13 10.51 9.91 9.31 8.71 8.11 7.53 6.99 6.51 6.10 5.78 5.62 5.64 5.83 6.18 6.69 7.36 8.16 9.10 10.17 11.37 12.68 14.10 15.62 17.24 18.95 20.74 22.61 24.55 26.55 28.61 30.71 32.86 35.05
45.03 44.73 44.38 43.99 43.55 43.07 42.55 41.98 41.39 40.75 40.08 39.38 38.66 37.90 37.12 36.31 35.48 34.64 33.77 32.89 31.99 31.09 30.17 29.24 28.31 27.37 26.43 25.49 24.55 23.62 22.69 21.76 20.85 19.94 19.05 18.18 17.32 16.48 15.65 14.86 14.08 13.33 12.62 11.93 11.27 10.65 10.06 9.49 8.93 8.36 7.81 7.31 6.87 6.53 6.35 6.35 6.52 6.86 7.35 8.00 8.79 9.71 10.77 11.95 13.25 14.66 16.18 17.79 19.49 21.28 23.15 25.08 27.08 29.13 31.24 33.39 35.57 37.79
45.13 44.84 44.50 44.12 43.69 43.21 42.70 42.14 41.55 40.92 40.26 39.57 38.85 38.10 37.32 36.52 35.69 34.85 33.99 33.11 32.22 31.32 30.40 29.48 28.55 27.61 26.67 25.73 24.79 23.86 22.93 22.00 21.09 20.18 19.29 18.41 17.55 16.71 15.89 15.08 14.31 13.56 12.83 12.14 11.48 10.85 10.26 9.70 9.17 8.64 8.13 7.67 7.30 7.10 7.08 7.24 7.55 8.03 8.66 9.44 10.35 11.39 12.57 13.86 15.26 16.76 18.37 20.07 21.85 23.71 25.64 27.64 29.69 31.80 33.95 36.14 38.36 40.61
45.37 45.09 44.76 44.38 43.95 43.49 42.98 42.43 41.84 41.22 40.56 39.88 39.16 38.41 37.64 36.84 36.02 35.18 34.32 33.45 32.56 31.65 30.74 29.81 28.88 27.95 27.01 26.07 25.13 24.20 23.26 22.34 21.42 20.51 19.62 18.74 17.87 17.03 16.20 15.39 14.61 13.86 13.13 12.43 11.76 11.13 10.53 9.97 9.45 8.95 8.47 8.09 7.87 7.83 7.96 8.27 8.73 9.34 10.10 11.00 12.04 13.20 14.48 15.88 17.38 18.98 20.67 22.45 24.30 26.23 28.23 30.29 32.39 34.55 36.74 38.97 41.22 43.49
45.75 45.47 45.15 44.77 44.36 43.89 43.39 42.85 42.26 41.65 40.99 40.31 39.59 38.85 38.08 37.28 36.46 35.62 34.77 33.89 33.00 32.10 31.18 30.26 29.33 28.39 27.45 26.51 25.57 24.63 23.70 22.77 21.85 20.93 20.04 19.15 18.28 17.43 16.60 15.79 15.00 14.24 13.50 12.80 12.12 11.48 10.88 10.31 9.77 9.28 8.88 8.64 8.58 8.70 8.99 9.43 10.04 10.78 11.67 12.70 13.85 15.12 16.51 18.00 19.60 21.29 23.06 24.92 26.85 28.85 30.90 33.01 35.17 37.37 39.60 41.86 44.14 46.43
46.18 45.92 45.60 45.23 44.82 44.36 43.86 43.32 42.74 42.12 41.47 40.79 40.08 39.34 38.57 37.77 36.96 36.12 35.26 34.39 33.50 32.59 31.68 30.75 29.82 28.88 27.94 27.00 26.05 25.11 24.17 23.24 22.32 21.40 20.50 19.61 18.73 17.88 17.04 16.22 15.43 14.66 13.92 13.20 12.52 11.87 11.26 10.68 10.14 9.65 9.31 9.22 9.32 9.59 10.03 10.62 11.36 12.24 13.25 14.40 15.67 17.05 18.54 20.13 21.82 23.59 25.45 27.38 29.38 31.44 33.55 35.72 37.92 40.16 42.42 44.71 47.01 49.32
46.59 46.33 46.01 45.65 45.24 44.79 44.30 43.76 43.19 42.58 41.93 41.25 40.54 39.80 39.03 38.24 37.43 36.59 35.73 34.86 33.97 33.07 32.15 31.23 30.29 29.36 28.41 27.47 26.52 25.58 24.64 23.70 22.77 21.85 20.95 20.05 19.17 18.31 17.47 16.65 15.85 15.07 14.33 13.61 12.92 12.26 11.64 11.05 10.52 10.05 9.73 9.71 9.95 10.38 10.96 11.69 12.56 13.57 14.71 15.98 17.36 18.85 20.44 22.12 23.90 25.76 27.70 29.70 31.77 33.89 36.06 38.27 40.52 42.80 45.10 47.42 49.74 52.06
46.95 46.69 46.39 46.03 45.63 45.19 44.70 44.17 43.60 42.99 42.35 41.67 40.97 40.23 39.47 38.68 37.87 37.03 36.18 35.31 34.42 33.52 32.60 31.68 30.74 29.80 28.86 27.91 26.97 26.02 25.08 24.14 23.21 22.29 21.38 20.48 19.60 18.73 17.89 17.06 16.26 15.48 14.72 14.00 13.30 12.64 12.01 11.43 10.91 10.47 10.17 10.18 10.49 11.04 11.77 12.64 13.65 14.79 16.05 17.43 18.92 20.51 22.20 23.99 25.85 27.79 29.80 31.88 34.01 36.20 38.42 40.68 42.98 45.29 47.62 49.96 52.31 54.65
47.27 47.02 46.72 46.37 45.98 45.54 45.06 44.53 43.97 43.37 42.73 42.06 41.36 40.63 39.87 39.08 38.28 37.44 36.59 35.72 34.84 33.94 33.02 32.10 31.17 30.23 29.28 28.34 27.39 26.44 25.50 24.56 23.63 22.71 21.80 20.90 20.01 19.14 18.29 17.46 16.65 15.87 15.11 14.38 13.68 13.01 12.39 11.82 11.33 10.91 10.64 10.66 10.99 11.61 12.46 13.47 14.61 15.88 17.26 18.75 20.35 22.05 23.84 25.71 27.66 29.69 31.77 33.92 36.12 38.36 40.64 42.95 45.28 47.63 49.99 52.36 54.72 57.07
47.54 47.30 47.01 46.67 46.28 45.85 45.38 44.86 44.30 43.71 43.08 42.41 41.72 40.99 40.24 39.45 38.65 37.82 36.97 36.11 35.22 34.33 33.42 32.49 31.56 30.63 29.68 28.74 27.79 26.84 25.90 24.96 24.03 23.10 22.19 21.29 20.40 19.53 18.68 17.84 17.03 16.24 15.48 14.75 14.04 13.38 12.77 12.24 11.77 11.37 11.12 11.16 11.51 12.15 13.06 14.19 15.46 16.84 18.35 19.95 21.66 23.46 25.35 27.31 29.35 31.45 33.61 35.82 38.08 40.38 42.71 45.06 47.44 49.82 52.21 54.60 56.98 59.34
47.76 47.53 47.25 46.92 46.54 46.12 45.65 45.14 44.59 44.01 43.38 42.72 42.03 41.31 40.56 39.79 38.99 38.16 37.32 36.46 35.58 34.68 33.78 32.86 31.93 30.99 30.05 29.11 28.16 27.22 26.27 25.34 24.40 23.48 22.56 21.66 20.77 19.90 19.04 18.21 17.39 16.60 15.84 15.10 14.40 13.76 13.18 12.67 12.23 11.85 11.62 11.68 12.04 12.70 13.62 14.80 16.18 17.70 19.31 21.03 22.85 24.75 26.73 28.78 30.90 33.08 35.31 37.59 39.91 42.26 44.64 47.04 49.45 51.87 54.28 56.69 59.09 61.46
47.94 47.71 47.44 47.12 46.76 46.34 45.88 45.38 44.84 44.26 43.64 42.99 42.31 41.60 40.85 40.08 39.29 38.47 37.63 36.77 35.90 35.01 34.11 33.19 32.26 31.33 30.39 29.45 28.51 27.56 26.62 25.68 24.75 23.83 22.91 22.01 21.12 20.25 19.39 18.55 17.73 16.94 16.17 15.44 14.77 14.16 13.61 13.12 12.70 12.35 12.13 12.21 12.59 13.25 14.19 15.38 16.81 18.43 20.17 22.00 23.91 25.91 27.98 30.12 32.32 34.58 36.88 39.23 41.61 44.01 46.44 48.88 51.32 53.77 56.21 58.64 61.05 63.43
48.10 47.86 47.59 47.28 46.92 46.52 46.07 45.58 45.04 44.47 43.86 43.22 42.55 41.84 41.10 40.34 39.55 38.74 37.91 37.05 36.18 35.30 34.40 33.49 32.57 31.64 30.70 29.76 28.82 27.88 26.94 26.00 25.07 24.15 23.24 22.33 21.44 20.57 19.71 18.87 18.06 17.26 16.50 15.80 15.15 14.57 14.04 13.58 13.18 12.85 12.66 12.75 13.14 13.82 14.77 15.97 17.41 19.07 20.90 22.84 24.86 26.95 29.12 31.34 33.62 35.95 38.33 40.73 43.17 45.63 48.10 50.58 53.06 55.54 58.00 60.45 62.87 65.26
