data_output/RCH/Precip_1995_07.asc
ncols        168
nrows        136
xllcorner    455000
yllcorner    2107000
cellsize     500
NODATA_value     -99999
[rows 0 to 31 of 136, columns 72 to 143 of 168]
107.14 107.20 107.23 107.22 107.16 107.07 106.92 106.73 106.50 106.20 105.86 105.46 105.01 104.49 103.91 103.27 102.56 101.79 100.98 100.11 99.21 98.28 97.33 96.36 95.38 94.40 93.42 92.45 91.51 90.58 89.63 88.67 87.68 86.69 85.67 84.65 83.61 82.56 81.50 80.44 79.36 78.28 77.20 76.12 75.06 74.03 73.04 72.08 71.15 70.26 69.39 68.56 67.76 66.98 66.23 65.51 64.82 64.15 63.51 62.89 62.30 61.72 61.17 60.65 60.14 59.65 59.18 58.73 58.30 57.88 57.49 57.10
107.09 107.11 107.09 107.04 106.95 106.82 106.65 106.44 106.18 105.87 105.52 105.11 104.64 104.12 103.55 102.91 102.21 101.46 100.65 99.79 98.90 97.98 97.03 96.07 95.09 94.12 93.15 92.18 91.24 90.31 89.37 88.41 87.44 86.45 85.44 84.42 83.39 82.35 81.30 80.25 79.18 78.12 77.05 76.00 74.99 74.02 73.07 72.16 71.29 70.44 69.62 68.84 68.08 67.35 66.65 65.97 65.32 64.70 64.10 63.53 62.98 62.45 61.94 61.45 60.99 60.54 60.11 59.70 59.31 58.93 58.57 58.23
107.04 107.01 106.96 106.87 106.75 106.59 106.40 106.16 105.88 105.56 105.19 104.77 104.30 103.78 103.21 102.58 101.89 101.14 100.34 99.50 98.61 97.70 96.76 95.80 94.84 93.87 92.90 91.94 91.01 90.08 89.14 88.19 87.22 86.24 85.24 84.23 83.21 82.18 81.14 80.09 79.04 77.99 76.96 75.96 75.00 74.08 73.19 72.32 71.50 70.70 69.93 69.19 68.48 67.80 67.14 66.51 65.91 65.33 64.78 64.24 63.74 63.25 62.79 62.34 61.92 61.51 61.13 60.76 60.40 60.07 59.75 59.44
106.99 106.92 106.83 106.70 106.55 106.36 106.14 105.89 105.59 105.25 104.87 104.45 103.98 103.46 102.89 102.27 101.59 100.85 100.06 99.23 98.35 97.45 96.51 95.57 94.61 93.64 92.68 91.73 90.80 89.88 88.95 88.00 87.03 86.06 85.07 84.07 83.05 82.03 81.00 79.97 78.93 77.92 76.94 76.00 75.09 74.22 73.37 72.56 71.78 71.03 70.31 69.62 68.96 68.32 67.71 67.13 66.57 66.04 65.53 65.04 64.58 64.13 63.71 63.31 62.93 62.56 62.22 61.89 61.58 61.28 61.00 60.73
106.92 106.82 106.69 106.53 106.35 106.13 105.89 105.61 105.30 104.95 104.57 104.14 103.66 103.14 102.58 101.96 101.30 100.58 99.80 98.98 98.11 97.22 96.29 95.35 94.40 93.44 92.49 91.54 90.62 89.70 88.78 87.83 86.88 85.91 84.92 83.93 82.93 81.92 80.90 79.88 78.89 77.93 77.00 76.11 75.25 74.43 73.63 72.87 72.14 71.44 70.77 70.13 69.51 68.92 68.36 67.82 67.31 66.82 66.36 65.92 65.50 65.10 64.72 64.36 64.02 63.70 63.39 63.11 62.83 62.58 62.34 62.11
106.84 106.70 106.53 106.34 106.13 105.89 105.63 105.33 105.01 104.65 104.25 103.82 103.34 102.83 102.27 101.67 101.01 100.31 99.56 98.75 97.89 97.01 96.09 95.16 94.21 93.26 92.32 91.38 90.46 89.55 88.63 87.69 86.75 85.78 84.81 83.83 82.83 81.83 80.83 79.85 78.91 78.00 77.13 76.29 75.48 74.71 73.97 73.26 72.57 71.92 71.30 70.71 70.14 69.60 69.08 68.59 68.13 67.68 67.26 66.87 66.49 66.14 65.80 65.49 65.19 64.91 64.65 64.40 64.17 63.95 63.75 63.56
106.73 106.55 106.35 106.13 105.89 105.63 105.35 105.04 104.70 104.33 103.93 103.49 103.02 102.51 101.96 101.36 100.73 100.04 99.31 98.53 97.69 96.82 95.91 94.99 94.05 93.11 92.17 91.24 90.32 89.42 88.51 87.58 86.64 85.69 84.72 83.75 82.77 81.78 80.82 79.90 79.01 78.15 77.33 76.54 75.79 75.07 74.37 73.71 73.08 72.48 71.91 71.36 70.84 70.35 69.88 69.44 69.02 68.62 68.25 67.89 67.56 67.25 66.96 66.69 66.43 66.20 65.98 65.77 65.58 65.41 65.25 65.10
106.59 106.37 106.14 105.89 105.63 105.35 105.04 104.72 104.37 103.99 103.58 103.15 102.68 102.17 101.63 101.05 100.43 99.77 99.06 98.30 97.50 96.64 95.75 94.84 93.91 92.97 92.04 91.12 90.21 89.31 88.41 87.49 86.55 85.61 84.66 83.69 82.73 81.78 80.88 80.01 79.17 78.37 77.60 76.87 76.16 75.49 74.85 74.24 73.66 73.11 72.58 72.09 71.62 71.17 70.75 70.35 69.98 69.63 69.30 69.00 68.71 68.45 68.20 67.97 67.76 67.56 67.39 67.22 67.07 66.94 66.82 66.71
106.41 106.16 105.89 105.62 105.33 105.03 104.71 104.37 104.01 103.62 103.21 102.78 102.31 101.81 101.28 100.72 100.11 99.47 98.79 98.06 97.29 96.47 95.60 94.70 93.78 92.86 91.93 91.02 90.12 89.23 88.33 87.42 86.49 85.56 84.61 83.67 82.74 81.85 81.00 80.18 79.40 78.65 77.94 77.26 76.61 75.99 75.40 74.84 74.31 73.81 73.33 72.89 72.46 72.07 71.69 71.35 71.02 70.72 70.44 70.17 69.93 69.71 69.51 69.32 69.16 69.01 68.87 68.75 68.64 68.55 68.47 68.40
106.18 105.89 105.60 105.30 104.99 104.66 104.33 103.98 103.61 103.22 102.81 102.37 101.91 101.43 100.91 100.36 99.77 99.16 98.50 97.80 97.06 96.28 95.45 94.58 93.67 92.76 91.84 90.93 90.04 89.16 88.27 87.36 86.45 85.52 84.60 83.69 82.82 81.99 81.19 80.43 79.70 79.01 78.35 77.72 77.12 76.55 76.02 75.51 75.03 74.58 74.15 73.76 73.38 73.03 72.71 72.41 72.13 71.88 71.64 71.42 71.23 71.05 70.90 70.75 70.63 70.52 70.43 70.35 70.29 70.24 70.20 70.17
105.89 105.57 105.25 104.92 104.59 104.25 103.90 103.54 103.16 102.77 102.36 101.93 101.48 101.00 100.50 99.96 99.40 98.81 98.18 97.51 96.81 96.06 95.28 94.45 93.57 92.67 91.76 90.87 89.98 89.11 88.22 87.33 86.42 85.52 84.63 83.78 82.97 82.19 81.45 80.74 80.07 79.43 78.82 78.25 77.70 77.19 76.70 76.25 75.82 75.42 75.04 74.70 74.37 74.07 73.80 73.54 73.31 73.10 72.92 72.75 72.60 72.47 72.35 72.26 72.18 72.11 72.06 72.03 72.01 72.00 72.00 72.01
105.53 105.18 104.84 104.49 104.14 103.78 103.42 103.05 102.67 102.27 101.86 101.44 100.99 100.53 100.04 99.53 98.99 98.42 97.82 97.19 96.52 95.82 95.07 94.29 93.46 92.59 91.70 90.81 89.93 89.07 88.20 87.31 86.42 85.56 84.73 83.93 83.18 82.46 81.77 81.12 80.50 79.92 79.37 78.84 78.35 77.89 77.46 77.05 76.68 76.33 76.00 75.70 75.43 75.18 74.95 74.75 74.57 74.41 74.26 74.14 74.04 73.95 73.89 73.83 73.80 73.78 73.77 73.78 73.80 73.83 73.88 73.93
105.10 104.73 104.35 103.99 103.62 103.25 102.87 102.50 102.11 101.71 101.31 100.89 100.45 100.00 99.53 99.04 98.52 97.98 97.41 96.82 96.19 95.52 94.83 94.09 93.32 92.50 91.65 90.77 89.90 89.05 88.18 87.31 86.47 85.66 84.89 84.15 83.45 82.79 82.16 81.56 81.00 80.47 79.97 79.51 79.07 78.66 78.28 77.93 77.60 77.30 77.03 76.78 76.56 76.36 76.18 76.02 75.89 75.78 75.68 75.61 75.55 75.51 75.49 75.48 75.49 75.51 75.55 75.60 75.67 75.74 75.83 75.92
104.60 104.19 103.80 103.41 103.02 102.64 102.26 101.87 101.48 101.09 100.69 100.28 99.85 99.42 98.96 98.49 98.00 97.49 96.96 96.39 95.80 95.18 94.53 93.85 93.13 92.37 91.57 90.73 89.88 89.03 88.19 87.36 86.57 85.82 85.11 84.43 83.79 83.18 82.61 82.07 81.56 81.09 80.64 80.23 79.85 79.49 79.16 78.87 78.59 78.35 78.12 77.93 77.75 77.60 77.47 77.37 77.28 77.21 77.17 77.14 77.13 77.14 77.16 77.20 77.25 77.32 77.40 77.50 77.61 77.72 77.85 77.99
104.00 103.57 103.15 102.74 102.34 101.95 101.56 101.17 100.78 100.39 99.99 99.59 99.18 98.76 98.33 97.88 97.42 96.94 96.44 95.91 95.36 94.79 94.19 93.55 92.89 92.19 91.45 90.68 89.86 89.04 88.23 87.47 86.74 86.05 85.39 84.77 84.19 83.64 83.12 82.64 82.19 81.77 81.38 81.02 80.69 80.39 80.12 79.87 79.65 79.45 79.28 79.14 79.01 78.91 78.83 78.78 78.74 78.72 78.72 78.74 78.78 78.83 78.90 78.99 79.09 79.20 79.33 79.47 79.62 79.78 79.95 80.13
103.34 102.89 102.45 102.02 101.61 101.20 100.81 100.41 100.02 99.63 99.25 98.85 98.46 98.05 97.64 97.22 96.78 96.33 95.87 95.38 94.87 94.34 93.79 93.21 92.60 91.96 91.28 90.57 89.83 89.08 88.33 87.63 86.96 86.33 85.73 85.17 84.64 84.15 83.69 83.26 82.87 82.50 82.17 81.86 81.59 81.34 81.12 80.93 80.76 80.61 80.49 80.40 80.33 80.28 80.25 80.24 80.25 80.28 80.33 80.40 80.48 80.58 80.70 80.83 80.97 81.13 81.30 81.48 81.67 81.88 82.09 82.31
102.71 102.23 101.77 101.32 100.89 100.47 100.06 99.66 99.27 98.89 98.50 98.12 97.73 97.34 96.95 96.55 96.14 95.72 95.28 94.83 94.37 93.88 93.37 92.84 92.28 91.70 91.09 90.45 89.80 89.14 88.48 87.83 87.22 86.65 86.11 85.61 85.13 84.70 84.29 83.92 83.58 83.27 82.99 82.74 82.51 82.32 82.15 82.01 81.89 81.80 81.73 81.68 81.66 81.66 81.68 81.72 81.77 81.85 81.95 82.06 82.19 82.33 82.50 82.67 82.86 83.06 83.27 83.50 83.73 83.98 84.23 84.50
102.12 101.60 101.12 100.65 100.20 99.76 99.34 98.94 98.54 98.15 97.77 97.39 97.02 96.64 96.26 95.88 95.50 95.10 94.70 94.28 93.85 93.41 92.94 92.46 91.96 91.43 90.88 90.32 89.76 89.20 88.64 88.08 87.53 87.01 86.53 86.08 85.66 85.28 84.93 84.61 84.32 84.07 83.84 83.64 83.47 83.32 83.20 83.11 83.04 83.00 82.98 82.98 83.00 83.05 83.12 83.20 83.31 83.43 83.57 83.73 83.90 84.09 84.29 84.51 84.74 84.99 85.24 85.51 85.78 86.07 86.36 86.67
101.56 101.01 100.50 100.01 99.53 99.08 98.65 98.23 97.83 97.44 97.06 96.68 96.31 95.95 95.59 95.22 94.86 94.49 94.11 93.73 93.33 92.93 92.50 92.07 91.61 91.14 90.66 90.19 89.73 89.27 88.81 88.34 87.87 87.41 86.98 86.59 86.22 85.89 85.60 85.33 85.09 84.89 84.71 84.56 84.44 84.34 84.27 84.23 84.21 84.21 84.24 84.29 84.36 84.45 84.56 84.69 84.84 85.01 85.20 85.40 85.61 85.85 86.09 86.35 86.62 86.91 87.20 87.51 87.82 88.15 88.48 88.82
101.04 100.46 99.91 99.40 98.90 98.43 97.98 97.55 97.14 96.74 96.36 95.98 95.62 95.27 94.91 94.57 94.22 93.87 93.52 93.17 92.81 92.44 92.06 91.66 91.26 90.85 90.46 90.08 89.70 89.34 88.97 88.60 88.22 87.84 87.47 87.13 86.82 86.54 86.29 86.08 85.89 85.73 85.61 85.51 85.43 85.39 85.36 85.37 85.39 85.44 85.52 85.61 85.73 85.86 86.02 86.19 86.39 86.60 86.82 87.07 87.33 87.60 87.88 88.18 88.50 88.82 89.15 89.50 89.85 90.21 90.58 90.96
100.56 99.95 99.37 98.82 98.30 97.81 97.34 96.89 96.47 96.07 95.68 95.30 94.94 94.59 94.25 93.92 93.59 93.26 92.93 92.61 92.28 91.94 91.60 91.25 90.90 90.58 90.26 89.96 89.68 89.41 89.14 88.86 88.57 88.28 87.99 87.70 87.44 87.21 87.02 86.85 86.71 86.60 86.52 86.47 86.45 86.44 86.47 86.52 86.59 86.69 86.80 86.94 87.10 87.28 87.48 87.70 87.93 88.18 88.45 88.74 89.03 89.35 89.67 90.01 90.36 90.72 91.09 91.47 91.86 92.26 92.67 93.08
100.12 99.47 98.85 98.28 97.73 97.21 96.72 96.26 95.83 95.41 95.02 94.64 94.28 93.93 93.60 93.28 92.96 92.65 92.35 92.04 91.74 91.44 91.13 90.84 90.57 90.31 90.07 89.86 89.66 89.48 89.30 89.11 88.92 88.72 88.51 88.30 88.09 87.91 87.76 87.65 87.56 87.50 87.46 87.46 87.48 87.52 87.59 87.68 87.80 87.94 88.10 88.28 88.48 88.71 88.95 89.20 89.48 89.77 90.08 90.40 90.74 91.09 91.45 91.83 92.21 92.61 93.02 93.44 93.86 94.30 94.74 95.18
99.72 99.03 98.38 97.77 97.19 96.65 96.14 95.66 95.21 94.78 94.37 93.99 93.63 93.29 92.96 92.64 92.34 92.05 91.76 91.48 91.21 90.93 90.68 90.45 90.24 90.05 89.89 89.76 89.64 89.55 89.45 89.36 89.25 89.14 89.03 88.90 88.77 88.64 88.54 88.47 88.42 88.41 88.42 88.46 88.52 88.61 88.73 88.86 89.02 89.20 89.40 89.63 89.87 90.13 90.41 90.71 91.02 91.35 91.70 92.06 92.44 92.82 93.22 93.64 94.06 94.49 94.93 95.39 95.84 96.31 96.78 97.26
99.37 98.64 97.95 97.30 96.69 96.12 95.58 95.08 94.61 94.17 93.75 93.36 93.00 92.65 92.33 92.02 91.73 91.45 91.18 90.92 90.67 90.44 90.24 90.07 89.92 89.81 89.72 89.66 89.63 89.62 89.61 89.60 89.58 89.56 89.53 89.49 89.44 89.39 89.33 89.31 89.31 89.34 89.40 89.48 89.58 89.72 89.87 90.05 90.25 90.47 90.72 90.98 91.26 91.56 91.88 92.22 92.57 92.94 93.32 93.72 94.13 94.55 94.99 95.43 95.89 96.36 96.83 97.32 97.81 98.31 98.81 99.32
99.06 98.28 97.55 96.87 96.22 95.62 95.06 94.53 94.04 93.58 93.16 92.76 92.38 92.04 91.71 91.41 91.12 90.85 90.60 90.36 90.15 89.97 89.82 89.70 89.62 89.57 89.55 89.57 89.61 89.68 89.76 89.83 89.90 89.96 90.02 90.07 90.11 90.13 90.15 90.17 90.22 90.29 90.39 90.51 90.66 90.83 91.03 91.25 91.49 91.75 92.03 92.33 92.65 92.99 93.35 93.72 94.11 94.51 94.93 95.36 95.81 96.27 96.73 97.21 97.70 98.20 98.71 99.23 99.75 100.28 100.81 101.35
98.80 97.97 97.20 96.47 95.80 95.16 94.57 94.02 93.50 93.02 92.58 92.17 91.79 91.44 91.11 90.81 90.53 90.27 90.03 89.82 89.65 89.52 89.42 89.36 89.33 89.34 89.39 89.48 89.60 89.75 89.91 90.06 90.21 90.36 90.50 90.63 90.75 90.86 90.96 91.05 91.14 91.25 91.39 91.56 91.75 91.96 92.19 92.45 92.73 93.03 93.35 93.69 94.05 94.42 94.81 95.22 95.64 96.08 96.54 97.00 97.48 97.97 98.47 98.98 99.50 100.03 100.57 101.12 101.67 102.23 102.79 103.36
98.58 97.71 96.89 96.12 95.40 94.73 94.11 93.53 92.99 92.49 92.03 91.61 91.21 90.86 90.53 90.22 89.95 89.70 89.48 89.31 89.17 89.08 89.03 89.02 89.05 89.12 89.24 89.39 89.59 89.82 90.05 90.29 90.52 90.74 90.96 91.17 91.38 91.57 91.75 91.92 92.07 92.23 92.41 92.61 92.84 93.09 93.37 93.66 93.98 94.31 94.67 95.05 95.44 95.85 96.27 96.72 97.17 97.65 98.13 98.63 99.14 99.66 100.19 100.74 101.29 101.85 102.41 102.99 103.57 104.16 104.75 105.34
98.42 97.49 96.62 95.81 95.05 94.34 93.69 93.08 92.51 91.99 91.51 91.07 90.66 90.29 89.96 89.65 89.38 89.15 88.96 88.82 88.72 88.67 88.66 88.70 88.78 88.91 89.09 89.31 89.58 89.88 90.19 90.50 90.81 91.11 91.41 91.70 91.98 92.26 92.52 92.76 93.00 93.22 93.44 93.68 93.95 94.23 94.54 94.88 95.23 95.60 95.99 96.40 96.83 97.27 97.73 98.20 98.69 99.20 99.71 100.24 100.78 101.34 101.90 102.47 103.05 103.64 104.23 104.84 105.44 106.06 106.67 107.29
98.30 97.32 96.40 95.54 94.74 93.99 93.30 92.66 92.06 91.51 91.01 90.55 90.13 89.75 89.41 89.10 88.84 88.62 88.46 88.35 88.28 88.27 88.30 88.39 88.52 88.71 88.95 89.23 89.57 89.95 90.33 90.71 91.10 91.47 91.85 92.21 92.57 92.92 93.26 93.58 93.90 94.19 94.47 94.76 95.06 95.38 95.73 96.09 96.48 96.89 97.31 97.75 98.21 98.69 99.18 99.68 100.21 100.74 101.29 101.84 102.41 102.99 103.58 104.18 104.79 105.41 106.03 106.66 107.29 107.93 108.57 109.22
98.23 97.20 96.22 95.32 94.47 93.68 92.95 92.27 91.64 91.07 90.54 90.06 89.62 89.23 88.88 88.57 88.32 88.13 87.99 87.90 87.87 87.89 87.96 88.09 88.28 88.52 88.81 89.16 89.56 90.01 90.46 90.92 91.37 91.82 92.27 92.71 93.14 93.56 93.98 94.38 94.77 95.14 95.49 95.83 96.17 96.53 96.91 97.31 97.73 98.17 98.63 99.10 99.59 100.10 100.62 101.15 101.70 102.27 102.84 103.43 104.03 104.64 105.25 105.88 106.51 107.15 107.80 108.45 109.11 109.77 110.44 111.11
98.21 97.12 96.10 95.14 94.24 93.41 92.64 91.92 91.26 90.65 90.10 89.60 89.14 88.73 88.38 88.08 87.84 87.66 87.54 87.48 87.47 87.53 87.64 87.81 88.04 88.33 88.68 89.09 89.56 90.07 90.59 91.12 91.64 92.16 92.67 93.19 93.69 94.18 94.67 95.14 95.60 96.05 96.48 96.89 97.29 97.68 98.10 98.53 98.98 99.45 99.94 100.44 100.96 101.50 102.05 102.61 103.19 103.78 104.38 105.00 105.62 106.26 106.90 107.55 108.21 108.87 109.54 110.22 110.90 111.58 112.27 112.96
98.25 97.10 96.02 95.00 94.06 93.18 92.36 91.61 90.91 90.27 89.69 89.16 88.69 88.27 87.91 87.62 87.39 87.22 87.12 87.07 87.10 87.18 87.33 87.54 87.81 88.15 88.55 89.02 89.55 90.13 90.72 91.31 91.89 92.48 93.07 93.65 94.22 94.78 95.34 95.88 96.41 96.93 97.43 97.92 98.39 98.84 99.28 99.74 100.23 100.73 101.24 101.78 102.32 102.89 103.47 104.06 104.66 105.28 105.91 106.55 107.20 107.86 108.52 109.20 109.88 110.57 111.26 111.96 112.66 113.36 114.07 114.78
