data_output/RCH/Precip_2006_10.asc
ncols        168
nrows        136
xllcorner    455000
yllcorner    2107000
cellsize     500
NODATA_value     -99999
[rows 0 to 33 of 136, columns 0 to 74 of 168]
42.75 52.01 61.18 70.20 79.02 87.48 95.37 102.64 109.24 115.17 120.38 124.86 128.57 131.50 133.61 134.92 135.69 136.08 136.10 135.76 135.07 134.04 132.67 130.98 128.96 126.65 124.14 121.59 119.04 116.51 113.98 111.47 108.98 106.50 104.05 101.62 99.22 96.85 94.52 92.22 89.96 87.74 85.57 83.44 81.37 79.35 77.38 75.47 73.63 71.85 70.14 68.49 66.92 65.43 64.02 62.68 61.43 60.27 59.20 58.23 57.39 56.66 56.03 55.51 55.07 54.73 54.45 54.25 54.11 54.02 53.96 53.91 53.88 53.87 53.87
41.52 50.96 60.32 69.53 78.45 86.85 94.69 101.92 108.52 114.47 119.74 124.30 128.13 131.20 133.50 135.01 136.00 136.61 136.85 136.73 136.27 135.46 134.32 132.85 131.07 128.98 126.59 124.02 121.41 118.82 116.23 113.66 111.11 108.58 106.07 103.59 101.14 98.72 96.34 93.99 91.68 89.42 87.20 85.03 82.91 80.85 78.84 76.90 75.01 73.20 71.45 69.77 68.17 66.64 65.19 63.83 62.55 61.36 60.28 59.33 58.49 57.77 57.15 56.63 56.19 55.85 55.57 55.37 55.22 55.12 55.05 54.99 54.96 54.93 54.92
40.79 50.39 59.90 69.17 78.00 86.30 94.06 101.24 107.83 113.79 119.11 123.75 127.68 130.90 133.35 135.07 136.26 137.08 137.53 137.62 137.37 136.77 135.85 134.60 133.04 131.16 129.00 126.54 123.91 121.25 118.60 115.97 113.35 110.76 108.20 105.66 103.15 100.67 98.23 95.83 93.47 91.16 88.89 86.67 84.50 82.39 80.34 78.35 76.43 74.57 72.78 71.06 69.42 67.86 66.38 64.98 63.67 62.47 61.40 60.45 59.62 58.91 58.29 57.77 57.34 57.00 56.72 56.51 56.36 56.25 56.17 56.11 56.06 56.03 56.01
40.57 50.28 59.81 68.95 77.63 85.81 93.48 100.61 107.17 113.14 118.49 123.20 127.23 130.57 133.18 135.08 136.47 137.48 138.13 138.43 138.37 137.98 137.26 136.22 134.86 133.20 131.25 129.00 126.48 123.78 121.07 118.37 115.69 113.03 110.40 107.80 105.23 102.69 100.19 97.73 95.32 92.95 90.62 88.35 86.14 83.97 81.87 79.84 77.86 75.96 74.12 72.36 70.68 69.07 67.55 66.12 64.79 63.60 62.54 61.61 60.79 60.08 59.47 58.95 58.52 58.17 57.89 57.68 57.52 57.41 57.32 57.25 57.19 57.15 57.12
40.81 50.51 59.86 68.81 77.33 85.39 92.96 100.03 106.55 112.51 117.89 122.65 126.76 130.22 132.98 135.05 136.62 137.82 138.66 139.15 139.29 139.09 138.56 137.71 136.55 135.09 133.33 131.29 128.97 126.38 123.62 120.85 118.10 115.38 112.68 110.01 107.37 104.77 102.21 99.68 97.21 94.78 92.39 90.06 87.79 85.57 83.42 81.33 79.30 77.35 75.46 73.65 71.92 70.27 68.71 67.25 65.94 64.76 63.71 62.79 61.98 61.27 60.67 60.16 59.73 59.38 59.09 58.87 58.71 58.59 58.49 58.41 58.34 58.29 58.25
41.40 50.88 60.01 68.76 77.11 85.03 92.50 99.48 105.96 111.90 117.29 122.09 126.29 129.84 132.74 134.97 136.72 138.10 139.11 139.78 140.10 140.08 139.74 139.08 138.10 136.83 135.26 133.41 131.27 128.87 126.22 123.41 120.58 117.78 115.01 112.27 109.56 106.89 104.26 101.67 99.12 96.63 94.18 91.79 89.45 87.18 84.96 82.81 80.73 78.72 76.78 74.92 73.14 71.44 69.85 68.41 67.11 65.95 64.91 64.00 63.19 62.49 61.89 61.38 60.96 60.60 60.32 60.09 59.92 59.79 59.68 59.59 59.51 59.45 59.40
42.15 51.36 60.25 68.79 76.96 84.73 92.08 98.97 105.39 111.31 116.70 121.54 125.80 129.45 132.47 134.85 136.76 138.31 139.49 140.32 140.81 140.96 140.79 140.31 139.51 138.41 137.02 135.35 133.40 131.18 128.70 125.98 123.11 120.23 117.38 114.56 111.78 109.04 106.33 103.67 101.06 98.49 95.98 93.52 91.11 88.77 86.50 84.28 82.14 80.07 78.07 76.15 74.31 72.59 71.02 69.59 68.31 67.16 66.13 65.23 64.43 63.74 63.14 62.63 62.21 61.85 61.56 61.33 61.15 61.01 60.89 60.79 60.70 60.63 60.57
43.02 51.94 60.58 68.90 76.88 84.49 91.71 98.51 104.86 110.74 116.12 120.98 125.29 129.02 132.15 134.68 136.75 138.44 139.78 140.77 141.42 141.73 141.73 141.40 140.77 139.84 138.61 137.11 135.33 133.29 130.98 128.43 125.65 122.72 119.78 116.88 114.02 111.20 108.42 105.68 102.99 100.35 97.76 95.23 92.76 90.35 88.00 85.72 83.51 81.38 79.31 77.34 75.47 73.76 72.21 70.80 69.53 68.39 67.38 66.48 65.69 65.00 64.41 63.90 63.48 63.12 62.83 62.59 62.40 62.25 62.12 62.01 61.91 61.83 61.75
43.99 52.63 61.00 69.09 76.87 84.31 91.39 98.08 104.35 110.18 115.54 120.41 124.76 128.57 131.80 134.46 136.67 138.51 139.99 141.13 141.93 142.39 142.53 142.36 141.88 141.11 140.04 138.69 137.07 135.19 133.05 130.66 128.04 125.19 122.20 119.22 116.27 113.36 110.50 107.68 104.91 102.19 99.52 96.92 94.37 91.88 89.46 87.11 84.83 82.63 80.50 78.49 76.64 74.95 73.42 72.03 70.77 69.64 68.64 67.75 66.97 66.29 65.70 65.19 64.76 64.40 64.11 63.86 63.67 63.51 63.37 63.25 63.14 63.04 62.95
45.08 53.41 61.51 69.36 76.93 84.19 91.11 97.68 103.86 109.63 114.96 119.83 124.22 128.08 131.41 134.19 136.53 138.50 140.12 141.39 142.33 142.93 143.21 143.18 142.85 142.21 141.30 140.10 138.63 136.89 134.91 132.67 130.20 127.50 124.59 121.54 118.51 115.51 112.56 109.65 106.80 104.00 101.25 98.56 95.93 93.37 90.87 88.45 86.09 83.81 81.66 79.66 77.84 76.17 74.65 73.27 72.03 70.91 69.92 69.04 68.27 67.59 67.00 66.50 66.07 65.70 65.40 65.15 64.95 64.78 64.63 64.49 64.37 64.26 64.16
46.27 54.29 62.11 69.70 77.05 84.11 90.88 97.31 103.39 109.09 114.39 119.25 123.65 127.57 130.98 133.86 136.32 138.42 140.16 141.56 142.62 143.35 143.76 143.86 143.66 143.16 142.38 141.32 139.99 138.39 136.55 134.46 132.13 129.57 126.80 123.82 120.72 117.63 114.59 111.59 108.65 105.76 102.93 100.15 97.44 94.79 92.21 89.71 87.27 84.96 82.82 80.85 79.05 77.39 75.89 74.53 73.30 72.20 71.22 70.34 69.58 68.90 68.32 67.81 67.38 67.01 66.71 66.45 66.24 66.06 65.89 65.75 65.61 65.49 65.38
47.57 55.26 62.79 70.12 77.23 84.09 90.69 96.98 102.95 108.57 113.81 118.65 123.06 127.02 130.50 133.48 136.05 138.26 140.12 141.63 142.80 143.65 144.18 144.40 144.32 143.95 143.29 142.35 141.15 139.68 137.97 136.01 133.82 131.40 128.76 125.91 122.87 119.71 116.57 113.48 110.45 107.46 104.54 101.67 98.87 96.14 93.47 90.88 88.41 86.12 84.00 82.06 80.27 78.64 77.15 75.81 74.59 73.50 72.53 71.66 70.90 70.23 69.64 69.14 68.71 68.34 68.02 67.76 67.53 67.34 67.17 67.01 66.87 66.73 66.61
48.97 56.33 63.55 70.61 77.47 84.12 90.53 96.67 102.52 108.05 113.23 118.03 122.45 126.43 129.97 133.05 135.71 138.02 139.98 141.59 142.88 143.83 144.47 144.80 144.83 144.57 144.02 143.20 142.12 140.77 139.17 137.34 135.27 132.97 130.46 127.74 124.82 121.71 118.50 115.31 112.18 109.10 106.07 103.11 100.22 97.39 94.64 92.01 89.56 87.29 85.20 83.27 81.51 79.89 78.42 77.09 75.89 74.81 73.84 72.99 72.23 71.56 70.98 70.48 70.04 69.67 69.35 69.07 68.84 68.64 68.45 68.28 68.12 67.98 67.84
50.48 57.49 64.40 71.17 77.78 84.20 90.42 96.39 102.11 107.53 112.64 117.40 121.80 125.81 129.40 132.55 135.31 137.70 139.75 141.46 142.84 143.89 144.62 145.05 145.18 145.02 144.58 143.86 142.88 141.64 140.16 138.43 136.47 134.29 131.89 129.29 126.49 123.50 120.33 117.06 113.82 110.64 107.52 104.46 101.47 98.55 95.75 93.14 90.72 88.47 86.40 84.50 82.75 81.16 79.71 78.39 77.20 76.13 75.17 74.32 73.57 72.90 72.32 71.82 71.38 71.00 70.68 70.40 70.15 69.94 69.74 69.56 69.39 69.22 69.07
52.08 58.74 65.32 71.79 78.14 84.33 90.34 96.14 101.71 107.02 112.04 116.76 121.13 125.15 128.77 131.99 134.83 137.30 139.43 141.22 142.68 143.82 144.64 145.16 145.38 145.31 144.96 144.34 143.45 142.31 140.92 139.29 137.44 135.36 133.06 130.56 127.87 124.99 121.92 118.69 115.37 112.09 108.86 105.69 102.60 99.64 96.86 94.28 91.88 89.67 87.62 85.74 84.01 82.43 80.99 79.69 78.51 77.45 76.51 75.66 74.91 74.25 73.67 73.17 72.72 72.34 72.01 71.72 71.47 71.24 71.03 70.83 70.65 70.47 70.31
53.79 60.08 66.32 72.49 78.56 84.50 90.30 95.91 101.33 106.51 111.44 116.09 120.43 124.45 128.10 131.37 134.27 136.82 139.02 140.88 142.41 143.62 144.52 145.12 145.41 145.42 145.16 144.62 143.82 142.76 141.46 139.92 138.15 136.17 133.97 131.56 128.96 126.18 123.21 120.08 116.79 113.42 110.08 106.81 103.67 100.73 97.98 95.43 93.06 90.86 88.84 86.98 85.27 83.71 82.29 81.00 79.83 78.78 77.84 77.01 76.26 75.60 75.02 74.51 74.07 73.68 73.34 73.05 72.78 72.54 72.32 72.11 71.91 71.72 71.54
55.59 61.50 67.39 73.25 79.03 84.72 90.28 95.70 100.95 106.00 110.83 115.40 119.70 123.70 127.37 130.69 133.64 136.25 138.51 140.43 142.02 143.30 144.26 144.92 145.29 145.37 145.17 144.70 143.98 143.00 141.77 140.31 138.62 136.72 134.60 132.28 129.77 127.07 124.19 121.15 117.94 114.59 111.17 107.85 104.74 101.82 99.11 96.58 94.24 92.07 90.07 88.23 86.54 84.99 83.59 82.31 81.16 80.12 79.18 78.35 77.61 76.95 76.37 75.86 75.42 75.02 74.68 74.37 74.09 73.84 73.61 73.38 73.17 72.96 72.77
57.49 63.01 68.54 74.07 79.55 84.97 90.30 95.52 100.59 105.49 110.20 114.69 118.94 122.91 126.59 129.94 132.94 135.59 137.90 139.87 141.51 142.84 143.86 144.58 145.00 145.14 145.00 144.60 143.93 143.02 141.86 140.46 138.85 137.01 134.96 132.72 130.28 127.66 124.86 121.89 118.77 115.50 112.16 108.89 105.80 102.92 100.24 97.74 95.42 93.28 91.30 89.48 87.81 86.28 84.89 83.62 82.48 81.45 80.52 79.70 78.96 78.30 77.72 77.21 76.76 76.36 76.01 75.69 75.40 75.14 74.89 74.65 74.42 74.20 73.99
59.48 64.60 69.77 74.95 80.13 85.27 90.35 95.35 100.23 104.98 109.56 113.96 118.14 122.07 125.74 129.12 132.16 134.84 137.19 139.20 140.88 142.25 143.32 144.08 144.55 144.73 144.65 144.29 143.68 142.82 141.71 140.38 138.82 137.04 135.06 132.87 130.50 127.94 125.21 122.31 119.26 116.14 113.01 109.90 106.88 104.02 101.37 98.90 96.60 94.48 92.53 90.73 89.07 87.56 86.19 84.93 83.80 82.78 81.86 81.04 80.30 79.65 79.07 78.55 78.10 77.69 77.33 77.00 76.71 76.43 76.16 75.91 75.67 75.43 75.21
61.56 66.27 71.06 75.89 80.75 85.60 90.43 95.19 99.88 104.46 108.91 113.20 117.30 121.19 124.84 128.23 131.29 134.00 136.38 138.42 140.13 141.53 142.63 143.42 143.93 144.15 144.10 143.79 143.22 142.40 141.34 140.05 138.54 136.81 134.87 132.74 130.42 127.92 125.24 122.41 119.49 116.58 113.68 110.79 107.92 105.13 102.50 100.05 97.79 95.69 93.76 91.97 90.34 88.84 87.48 86.24 85.12 84.10 83.19 82.37 81.64 80.99 80.41 79.89 79.43 79.02 78.65 78.31 78.00 77.71 77.43 77.16 76.90 76.65 76.41
63.73 68.02 72.42 76.89 81.42 85.97 90.53 95.06 99.53 103.94 108.23 112.40 116.42 120.26 123.88 127.27 130.35 133.07 135.46 137.52 139.25 140.67 141.79 142.61 143.14 143.39 143.37 143.08 142.54 141.76 140.73 139.48 138.00 136.31 134.42 132.32 130.05 127.59 124.96 122.25 119.54 116.85 114.17 111.50 108.85 106.20 103.63 101.21 98.97 96.89 94.98 93.22 91.60 90.12 88.77 87.54 86.43 85.42 84.52 83.70 82.97 82.32 81.74 81.22 80.75 80.33 79.95 79.61 79.28 78.98 78.68 78.40 78.12 77.86 77.60
65.99 69.85 73.84 77.95 82.13 86.38 90.65 94.93 99.19 103.40 107.54 111.58 115.50 119.27 122.86 126.24 129.32 132.05 134.44 136.50 138.25 139.68 140.81 141.64 142.18 142.45 142.44 142.18 141.66 140.89 139.89 138.66 137.21 135.55 133.68 131.62 129.37 126.95 124.44 121.93 119.44 116.96 114.50 112.04 109.60 107.16 104.73 102.36 100.14 98.09 96.20 94.45 92.85 91.39 90.05 88.84 87.73 86.73 85.83 85.02 84.30 83.64 83.06 82.54 82.06 81.64 81.25 80.89 80.55 80.23 79.92 79.62 79.33 79.05 78.78
68.34 71.76 75.34 79.06 82.89 86.81 90.80 94.82 98.85 102.86 106.83 110.73 114.54 118.23 121.77 125.13 128.20 130.92 133.31 135.37 137.11 138.54 139.67 140.50 141.05 141.32 141.32 141.07 140.56 139.80 138.81 137.59 136.16 134.51 132.67 130.62 128.41 126.09 123.78 121.48 119.20 116.93 114.67 112.42 110.18 107.94 105.71 103.48 101.31 99.28 97.41 95.68 94.10 92.65 91.32 90.12 89.02 88.03 87.14 86.33 85.61 84.95 84.37 83.84 83.36 82.93 82.53 82.16 81.81 81.47 81.15 80.83 80.53 80.23 79.93
70.77 73.73 76.89 80.22 83.69 87.28 90.96 94.71 98.50 102.30 106.09 109.85 113.53 117.14 120.62 123.95 127.00 129.70 132.08 134.12 135.85 137.27 138.38 139.21 139.75 140.01 140.01 139.75 139.24 138.48 137.49 136.28 134.85 133.21 131.37 129.34 127.22 125.10 122.99 120.90 118.82 116.75 114.70 112.65 110.60 108.56 106.52 104.48 102.44 100.46 98.60 96.90 95.33 93.90 92.58 91.39 90.30 89.32 88.43 87.63 86.90 86.25 85.66 85.13 84.64 84.20 83.79 83.41 83.05 82.70 82.36 82.02 81.70 81.38 81.07
73.28 75.78 78.51 81.43 84.53 87.78 91.15 94.61 98.15 101.73 105.33 108.92 112.48 115.98 119.40 122.69 125.71 128.38 130.73 132.75 134.45 135.85 136.94 137.75 138.27 138.52 138.50 138.23 137.70 136.94 135.94 134.72 133.28 131.63 129.80 127.86 125.92 124.00 122.09 120.20 118.32 116.45 114.59 112.73 110.88 109.02 107.17 105.32 103.46 101.60 99.79 98.10 96.55 95.13 93.83 92.65 91.57 90.59 89.71 88.90 88.18 87.53 86.94 86.40 85.91 85.46 85.04 84.64 84.27 83.90 83.54 83.19 82.85 82.52 82.19
75.88 77.90 80.18 82.69 85.41 88.30 91.35 94.52 97.80 101.15 104.54 107.96 111.38 114.77 118.11 121.34 124.32 126.96 129.27 131.25 132.92 134.28 135.35 136.12 136.62 136.84 136.79 136.49 135.95 135.16 134.14 132.90 131.45 129.79 128.03 126.27 124.53 122.80 121.09 119.39 117.70 116.02 114.35 112.68 111.01 109.34 107.67 106.00 104.32 102.63 100.94 99.29 97.75 96.35 95.06 93.88 92.82 91.84 90.96 90.16 89.44 88.79 88.19 87.65 87.15 86.69 86.26 85.86 85.47 85.08 84.71 84.34 83.98 83.63 83.29
78.56 80.09 81.92 84.00 86.32 88.85 91.57 94.44 97.44 100.54 103.73 106.97 110.23 113.50 116.75 119.92 122.85 125.43 127.69 129.63 131.25 132.57 133.59 134.33 134.78 134.96 134.88 134.55 133.97 133.15 132.10 130.83 129.36 127.77 126.18 124.62 123.06 121.53 120.00 118.49 116.99 115.49 113.99 112.50 111.01 109.52 108.03 106.53 105.02 103.51 101.98 100.44 98.94 97.55 96.27 95.10 94.04 93.08 92.20 91.40 90.68 90.02 89.43 88.88 88.37 87.91 87.47 87.05 86.64 86.24 85.85 85.46 85.09 84.72 84.35
81.31 82.35 83.71 85.36 87.27 89.43 91.79 94.35 97.07 99.92 102.88 105.93 109.03 112.17 115.31 118.41 121.28 123.80 126.00 127.88 129.45 130.71 131.68 132.36 132.77 132.90 132.77 132.39 131.77 130.90 129.81 128.51 127.09 125.68 124.28 122.90 121.53 120.18 118.83 117.50 116.17 114.85 113.53 112.22 110.90 109.58 108.25 106.92 105.58 104.22 102.86 101.48 100.09 98.72 97.46 96.30 95.25 94.29 93.42 92.62 91.90 91.24 90.64 90.08 89.57 89.09 88.64 88.21 87.79 87.37 86.96 86.56 86.17 85.78 85.39
84.13 84.67 85.55 86.76 88.25 90.02 92.03 94.27 96.69 99.28 102.00 104.85 107.78 110.77 113.80 116.82 119.61 122.06 124.19 126.00 127.51 128.70 129.61 130.23 130.57 130.64 130.46 130.02 129.34 128.42 127.29 126.04 124.78 123.55 122.33 121.13 119.94 118.76 117.59 116.43 115.28 114.13 112.98 111.83 110.67 109.52 108.35 107.18 106.00 104.80 103.59 102.37 101.12 99.86 98.63 97.48 96.43 95.48 94.61 93.81 93.09 92.43 91.82 91.26 90.74 90.25 89.79 89.34 88.91 88.47 88.05 87.63 87.21 86.81 86.40
86.97 87.05 87.45 88.19 89.27 90.64 92.28 94.18 96.30 98.61 101.09 103.72 106.47 109.31 112.22 115.14 117.84 120.22 122.27 124.00 125.42 126.54 127.37 127.92 128.19 128.19 127.94 127.43 126.68 125.71 124.62 123.52 122.45 121.39 120.35 119.32 118.30 117.29 116.29 115.30 114.31 113.32 112.33 111.34 110.35 109.35 108.34 107.32 106.29 105.25 104.19 103.11 102.01 100.89 99.75 98.63 97.59 96.64 95.77 94.98 94.25 93.59 92.98 92.41 91.88 91.39 90.91 90.45 90.00 89.55 89.10 88.66 88.23 87.80 87.38
89.58 89.43 89.39 89.67 90.31 91.27 92.54 94.09 95.89 97.92 100.15 102.55 105.10 107.78 110.55 113.37 115.98 118.26 120.22 121.86 123.19 124.23 124.97 125.43 125.62 125.54 125.21 124.63 123.81 122.87 121.93 121.00 120.10 119.21 118.33 117.47 116.62 115.78 114.94 114.10 113.27 112.44 111.61 110.77 109.93 109.08 108.22 107.35 106.47 105.57 104.65 103.71 102.75 101.77 100.77 99.73 98.72 97.77 96.91 96.11 95.39 94.72 94.10 93.53 92.99 92.49 92.00 91.52 91.05 90.58 90.12 89.66 89.21 88.77 88.32
91.87 91.58 91.32 91.19 91.38 91.92 92.80 94.00 95.47 97.20 99.16 101.33 103.68 106.18 108.81 111.50 114.01 116.19 118.04 119.58 120.82 121.76 122.40 122.77 122.87 122.70 122.27 121.61 120.81 120.02 119.24 118.49 117.75 117.02 116.31 115.61 114.91 114.22 113.54 112.86 112.18 111.50 110.82 110.13 109.43 108.73 108.01 107.28 106.54 105.77 104.99 104.19 103.36 102.52 101.64 100.73 99.80 98.87 98.01 97.22 96.49 95.82 95.20 94.62 94.07 93.55 93.05 92.56 92.08 91.59 91.10 90.63 90.16 89.69 89.23
93.82 93.40 93.02 92.68 92.47 92.59 93.07 93.89 95.03 96.45 98.14 100.06 102.19 104.51 106.98 109.55 111.94 114.00 115.75 117.18 118.30 119.13 119.67 119.93 119.92 119.65 119.13 118.48 117.83 117.20 116.58 115.99 115.40 114.83 114.28 113.73 113.19 112.65 112.11 111.58 111.05 110.51 109.97 109.42 108.86 108.30 107.72 107.12 106.51 105.88 105.23 104.55 103.85 103.13 102.37 101.59 100.77 99.93 99.08 98.29 97.56 96.88 96.26 95.67 95.11 94.58 94.07 93.56 93.06 92.55 92.05 91.56 91.07 90.58 90.09
95.40 94.87 94.37 93.92 93.52 93.27 93.34 93.79 94.57 95.68 97.08 98.74 100.64 102.76 105.07 107.50 109.76 111.70 113.32 114.63 115.63 116.34 116.77 116.91 116.79 116.41 115.90 115.38 114.88 114.41 113.95 113.51 113.08 112.66 112.25 111.85 111.45 111.06 110.66 110.27 109.88 109.48 109.07 108.66 108.23 107.80 107.35 106.88 106.39 105.89 105.36 104.81 104.23 103.62 102.99 102.32 101.61 100.88 100.10 99.32 98.59 97.91 97.28 96.68 96.12 95.58 95.05 94.53 94.01 93.48 92.96 92.44 91.93 91.42 90.92
