data_output/RCH/Precip_2008_10.asc
ncols        168
nrows        136
xllcorner    455000
yllcorner    2107000
cellsize     500
NODATA_value     -99999
[rows 35 to 69 of 136, columns 79 to 157 of 168]
34.96 34.21 33.48 32.77 32.07 31.40 30.74 30.10 29.49 28.89 28.31 27.75 27.22 26.70 26.21 25.74 25.29 24.86 24.46 24.08 23.72 23.39 23.08 22.80 22.54 22.31 22.10 21.91 21.76 21.63 21.53 21.45 21.40 21.38 21.39 21.44 21.54 21.67 21.84 22.04 22.28 22.55 22.85 23.17 23.49 23.78 24.05 24.29 24.50 24.67 24.81 24.91 24.98 25.02 25.05 25.09 25.12 25.14 25.16 25.18 25.19 25.19 25.18 25.16 25.13 25.08 25.02 24.95 24.86 24.76 24.64 24.50 24.33 24.15 23.95 23.72 23.47 23.20 22.90
35.59 34.84 34.11 33.40 32.70 32.03 31.37 30.73 30.11 29.51 28.92 28.36 27.82 27.30 26.80 26.32 25.86 25.42 25.00 24.61 24.24 23.90 23.57 23.27 23.00 22.74 22.52 22.32 22.14 21.99 21.87 21.77 21.70 21.65 21.63 21.65 21.70 21.79 21.92 22.09 22.29 22.52 22.79 23.08 23.36 23.62 23.86 24.07 24.24 24.38 24.49 24.56 24.60 24.65 24.70 24.74 24.79 24.83 24.86 24.89 24.92 24.93 24.94 24.94 24.93 24.90 24.87 24.82 24.75 24.67 24.57 24.46 24.33 24.17 24.00 23.80 23.58 23.34 23.07
36.20 35.45 34.73 34.02 33.32 32.65 31.99 31.34 30.72 30.11 29.52 28.96 28.41 27.88 27.37 26.88 26.41 25.96 25.53 25.13 24.74 24.38 24.04 23.73 23.44 23.17 22.92 22.70 22.50 22.33 22.18 22.06 21.97 21.90 21.85 21.84 21.85 21.90 21.99 22.12 22.28 22.48 22.71 22.96 23.22 23.44 23.64 23.81 23.95 24.06 24.13 24.18 24.24 24.29 24.35 24.41 24.46 24.51 24.56 24.61 24.64 24.68 24.70 24.72 24.73 24.72 24.71 24.68 24.64 24.58 24.51 24.42 24.31 24.18 24.04 23.87 23.68 23.47 23.23
36.80 36.06 35.33 34.62 33.93 33.25 32.59 31.94 31.31 30.70 30.11 29.53 28.98 28.44 27.92 27.42 26.94 26.48 26.04 25.63 25.23 24.85 24.50 24.17 23.85 23.57 23.30 23.06 22.84 22.65 22.48 22.34 22.22 22.12 22.05 22.01 21.99 22.01 22.05 22.14 22.26 22.42 22.61 22.83 23.05 23.24 23.40 23.53 23.64 23.71 23.76 23.82 23.88 23.94 24.01 24.07 24.14 24.20 24.26 24.32 24.37 24.42 24.46 24.50 24.52 24.54 24.54 24.53 24.51 24.48 24.43 24.37 24.28 24.18 24.07 23.93 23.77 23.58 23.38
37.39 36.65 35.92 35.21 34.52 33.84 33.17 32.52 31.89 31.28 30.68 30.10 29.53 28.99 28.46 27.95 27.46 26.99 26.54 26.10 25.69 25.30 24.93 24.58 24.25 23.95 23.66 23.40 23.16 22.95 22.75 22.59 22.44 22.32 22.23 22.16 22.11 22.09 22.10 22.15 22.23 22.35 22.50 22.68 22.85 23.01 23.13 23.23 23.29 23.35 23.40 23.46 23.53 23.60 23.67 23.75 23.82 23.90 23.97 24.04 24.11 24.17 24.23 24.28 24.32 24.35 24.37 24.39 24.39 24.38 24.35 24.31 24.25 24.18 24.08 23.97 23.84 23.69 23.51
37.96 37.22 36.50 35.79 35.09 34.41 33.74 33.09 32.45 31.83 31.23 30.64 30.07 29.51 28.97 28.46 27.95 27.47 27.01 26.56 26.13 25.73 25.34 24.97 24.63 24.30 24.00 23.72 23.46 23.22 23.00 22.81 22.64 22.49 22.37 22.28 22.20 22.15 22.13 22.14 22.17 22.25 22.36 22.50 22.64 22.75 22.83 22.89 22.94 22.99 23.05 23.12 23.19 23.26 23.34 23.43 23.51 23.59 23.68 23.76 23.84 23.91 23.99 24.05 24.11 24.16 24.20 24.23 24.25 24.26 24.26 24.24 24.21 24.16 24.09 24.01 23.90 23.78 23.63
38.51 37.77 37.05 36.34 35.64 34.96 34.29 33.63 32.99 32.37 31.76 31.16 30.58 30.02 29.47 28.94 28.43 27.93 27.45 26.99 26.55 26.13 25.73 25.34 24.98 24.63 24.31 24.01 23.72 23.46 23.22 23.01 22.81 22.64 22.49 22.37 22.26 22.19 22.13 22.10 22.10 22.14 22.20 22.30 22.40 22.47 22.51 22.55 22.59 22.64 22.71 22.78 22.85 22.93 23.02 23.11 23.20 23.29 23.39 23.48 23.57 23.66 23.75 23.83 23.90 23.97 24.03 24.08 24.12 24.14 24.16 24.17 24.15 24.13 24.09 24.03 23.95 23.85 23.74
39.04 38.31 37.59 36.87 36.18 35.49 34.82 34.16 33.51 32.88 32.26 31.66 31.07 30.50 29.94 29.40 28.87 28.37 27.87 27.40 26.94 26.50 26.08 25.68 25.30 24.94 24.59 24.27 23.96 23.68 23.42 23.18 22.96 22.76 22.58 22.43 22.30 22.19 22.10 22.04 22.01 22.00 22.02 22.08 22.13 22.16 22.18 22.21 22.26 22.31 22.37 22.44 22.52 22.61 22.70 22.80 22.90 23.00 23.10 23.20 23.31 23.41 23.50 23.60 23.69 23.77 23.84 23.91 23.97 24.02 24.06 24.08 24.09 24.09 24.07 24.04 23.99 23.92 23.83
39.56 38.82 38.10 37.39 36.69 36.00 35.32 34.66 34.01 33.37 32.74 32.13 31.54 30.95 30.39 29.83 29.30 28.78 28.27 27.78 27.31 26.85 26.42 26.00 25.59 25.21 24.85 24.50 24.17 23.87 23.58 23.31 23.07 22.84 22.64 22.46 22.30 22.16 22.04 21.95 21.88 21.84 21.82 21.83 21.84 21.84 21.86 21.89 21.93 21.98 22.05 22.12 22.20 22.29 22.39 22.49 22.60 22.70 22.82 22.93 23.04 23.15 23.26 23.37 23.47 23.57 23.66 23.74 23.82 23.89 23.94 23.99 24.02 24.04 24.04 24.03 24.01 23.96 23.90
40.05 39.31 38.59 37.88 37.17 36.48 35.80 35.13 34.48 33.83 33.20 32.58 31.98 31.38 30.80 30.24 29.69 29.16 28.64 28.13 27.65 27.17 26.72 26.28 25.86 25.45 25.07 24.70 24.35 24.02 23.71 23.42 23.15 22.89 22.66 22.45 22.26 22.09 21.95 21.82 21.72 21.64 21.59 21.55 21.54 21.53 21.55 21.57 21.61 21.67 21.73 21.81 21.89 21.98 22.08 22.19 22.30 22.41 22.53 22.65 22.77 22.90 23.02 23.13 23.25 23.36 23.47 23.57 23.66 23.74 23.82 23.88 23.94 23.98 24.01 24.02 24.02 24.00 23.96
40.49 39.75 39.03 38.31 37.61 36.92 36.23 35.56 34.90 34.25 33.61 32.98 32.36 31.76 31.17 30.60 30.04 29.49 28.96 28.44 27.93 27.45 26.97 26.52 26.08 25.65 25.25 24.86 24.49 24.13 23.80 23.48 23.18 22.90 22.64 22.40 22.19 21.99 21.81 21.65 21.52 21.41 21.32 21.27 21.24 21.24 21.24 21.27 21.31 21.36 21.42 21.49 21.58 21.67 21.78 21.89 22.00 22.12 22.25 22.38 22.51 22.64 22.77 22.90 23.03 23.15 23.27 23.39 23.49 23.60 23.69 23.77 23.85 23.91 23.96 23.99 24.01 24.02 24.01
40.83 40.09 39.37 38.66 37.95 37.26 36.57 35.89 35.23 34.57 33.93 33.29 32.67 32.06 31.46 30.88 30.30 29.74 29.20 28.67 28.15 27.65 27.16 26.68 26.23 25.78 25.36 24.95 24.55 24.18 23.82 23.48 23.16 22.85 22.57 22.30 22.05 21.83 21.62 21.43 21.27 21.12 21.02 20.97 20.96 20.94 20.95 20.97 21.00 21.05 21.11 21.19 21.27 21.37 21.47 21.59 21.71 21.83 21.96 22.10 22.24 22.38 22.52 22.66 22.80 22.94 23.07 23.20 23.32 23.44 23.55 23.65 23.74 23.83 23.90 23.95 24.00 24.03 24.04
41.06 40.34 39.62 38.90 38.20 37.50 36.81 36.14 35.47 34.81 34.16 33.52 32.89 32.27 31.67 31.07 30.49 29.92 29.37 28.82 28.29 27.77 27.27 26.78 26.31 25.85 25.40 24.97 24.56 24.16 23.78 23.42 23.07 22.75 22.44 22.14 21.87 21.61 21.38 21.16 20.97 20.81 20.71 20.67 20.66 20.66 20.66 20.67 20.70 20.75 20.81 20.88 20.97 21.07 21.17 21.29 21.41 21.54 21.68 21.82 21.97 22.12 22.27 22.42 22.57 22.72 22.86 23.01 23.15 23.28 23.41 23.53 23.64 23.74 23.83 23.91 23.97 24.02 24.06
41.21 40.48 39.77 39.06 38.35 37.66 36.97 36.29 35.62 34.96 34.31 33.67 33.03 32.41 31.80 31.20 30.61 30.03 29.46 28.90 28.36 27.83 27.31 26.81 26.32 25.85 25.38 24.94 24.51 24.09 23.69 23.31 22.94 22.59 22.25 21.94 21.64 21.36 21.09 20.85 20.64 20.49 20.40 20.37 20.36 20.36 20.37 20.38 20.41 20.45 20.51 20.58 20.67 20.76 20.87 20.99 21.12 21.25 21.39 21.54 21.70 21.85 22.01 22.17 22.33 22.49 22.65 22.81 22.96 23.11 23.25 23.39 23.52 23.64 23.75 23.85 23.94 24.01 24.07
41.26 40.54 39.83 39.12 38.42 37.73 37.04 36.37 35.70 35.03 34.38 33.73 33.10 32.47 31.85 31.25 30.65 30.06 29.48 28.92 28.37 27.83 27.30 26.78 26.28 25.79 25.31 24.85 24.40 23.97 23.55 23.14 22.75 22.38 22.02 21.68 21.36 21.05 20.77 20.52 20.31 20.17 20.08 20.06 20.06 20.06 20.07 20.09 20.12 20.16 20.21 20.28 20.37 20.46 20.57 20.69 20.82 20.96 21.11 21.26 21.42 21.59 21.75 21.92 22.09 22.27 22.44 22.61 22.77 22.94 23.10 23.25 23.40 23.53 23.66 23.78 23.89 23.99 24.07
41.22 40.51 39.80 39.10 38.41 37.72 37.04 36.36 35.69 35.03 34.38 33.73 33.09 32.46 31.84 31.23 30.62 30.03 29.45 28.87 28.31 27.76 27.22 26.69 26.18 25.67 25.18 24.71 24.24 23.79 23.35 22.93 22.52 22.13 21.75 21.39 21.05 20.72 20.42 20.17 19.98 19.84 19.76 19.74 19.75 19.76 19.78 19.80 19.83 19.87 19.92 19.99 20.07 20.17 20.28 20.40 20.53 20.67 20.82 20.98 21.15 21.32 21.49 21.67 21.85 22.04 22.22 22.40 22.58 22.76 22.93 23.10 23.27 23.42 23.57 23.71 23.84 23.96 24.07
41.10 40.40 39.70 39.01 38.32 37.63 36.96 36.28 35.62 34.96 34.30 33.66 33.02 32.38 31.76 31.14 30.54 29.94 29.35 28.77 28.20 27.64 27.09 26.55 26.03 25.51 25.01 24.52 24.04 23.57 23.12 22.68 22.25 21.84 21.44 21.06 20.70 20.36 20.07 19.83 19.64 19.51 19.44 19.42 19.43 19.45 19.47 19.50 19.54 19.58 19.63 19.70 19.78 19.88 19.99 20.11 20.24 20.39 20.54 20.70 20.87 21.05 21.23 21.42 21.61 21.80 22.00 22.19 22.38 22.57 22.76 22.95 23.13 23.30 23.47 23.63 23.78 23.92 24.05
40.90 40.20 39.52 38.83 38.15 37.47 36.80 36.13 35.47 34.81 34.16 33.52 32.88 32.25 31.62 31.00 30.39 29.79 29.20 28.61 28.04 27.47 26.91 26.36 25.83 25.30 24.79 24.28 23.79 23.31 22.84 22.39 21.95 21.52 21.10 20.70 20.33 20.00 19.72 19.49 19.31 19.18 19.11 19.10 19.12 19.14 19.17 19.20 19.24 19.29 19.35 19.41 19.49 19.59 19.70 19.82 19.95 20.10 20.26 20.42 20.60 20.78 20.97 21.16 21.36 21.57 21.77 21.98 22.18 22.39 22.59 22.79 22.99 23.18 23.36 23.54 23.71 23.87 24.02
40.62 39.94 39.26 38.59 37.91 37.24 36.58 35.92 35.26 34.61 33.96 33.32 32.68 32.05 31.42 30.81 30.19 29.59 28.99 28.40 27.82 27.25 26.69 26.13 25.59 25.05 24.53 24.01 23.51 23.01 22.53 22.06 21.61 21.16 20.73 20.32 19.96 19.64 19.36 19.14 18.97 18.85 18.78 18.78 18.80 18.82 18.86 18.90 18.95 19.00 19.06 19.13 19.21 19.30 19.41 19.53 19.67 19.82 19.98 20.15 20.32 20.51 20.71 20.91 21.12 21.33 21.54 21.76 21.98 22.19 22.41 22.62 22.84 23.04 23.25 23.44 23.63 23.81 23.98
40.27 39.60 38.94 38.27 37.61 36.95 36.29 35.64 34.99 34.34 33.70 33.06 32.43 31.80 31.18 30.56 29.95 29.34 28.74 28.15 27.56 26.99 26.42 25.86 25.31 24.76 24.23 23.70 23.19 22.69 22.19 21.71 21.24 20.78 20.34 19.95 19.59 19.28 19.01 18.79 18.63 18.51 18.45 18.45 18.47 18.51 18.54 18.59 18.64 18.70 18.77 18.85 18.93 19.02 19.13 19.25 19.38 19.53 19.70 19.87 20.05 20.24 20.45 20.65 20.87 21.09 21.31 21.54 21.77 22.00 22.23 22.45 22.68 22.90 23.12 23.34 23.55 23.75 23.94
39.86 39.20 38.55 37.90 37.25 36.60 35.95 35.31 34.66 34.02 33.39 32.75 32.12 31.50 30.88 30.26 29.65 29.05 28.45 27.85 27.27 26.69 26.11 25.55 24.99 24.44 23.90 23.37 22.84 22.33 21.82 21.33 20.85 20.39 19.96 19.57 19.22 18.92 18.66 18.45 18.29 18.18 18.12 18.12 18.15 18.19 18.23 18.28 18.34 18.40 18.48 18.56 18.65 18.74 18.85 18.97 19.10 19.25 19.42 19.59 19.78 19.98 20.18 20.40 20.62 20.85 21.08 21.32 21.55 21.80 22.04 22.28 22.52 22.76 23.00 23.23 23.45 23.67 23.89
39.40 38.74 38.10 37.46 36.83 36.19 35.55 34.92 34.28 33.65 33.02 32.40 31.77 31.15 30.54 29.93 29.32 28.71 28.11 27.52 26.93 26.35 25.78 25.21 24.64 24.09 23.54 23.00 22.47 21.95 21.43 20.93 20.45 19.99 19.58 19.20 18.86 18.56 18.31 18.10 17.95 17.84 17.79 17.80 17.83 17.87 17.91 17.97 18.03 18.10 18.18 18.26 18.36 18.46 18.57 18.69 18.83 18.98 19.14 19.32 19.51 19.71 19.92 20.14 20.37 20.60 20.84 21.09 21.34 21.59 21.85 22.10 22.36 22.61 22.86 23.11 23.35 23.59 23.82
38.91 38.24 37.60 36.98 36.35 35.73 35.10 34.48 33.86 33.24 32.62 32.00 31.38 30.77 30.16 29.55 28.95 28.34 27.75 27.16 26.57 25.99 25.41 24.84 24.27 23.71 23.16 22.62 22.08 21.55 21.03 20.52 20.05 19.60 19.20 18.83 18.49 18.20 17.96 17.76 17.61 17.51 17.46 17.47 17.50 17.55 17.60 17.65 17.72 17.80 17.88 17.97 18.07 18.18 18.29 18.42 18.56 18.71 18.87 19.05 19.24 19.44 19.66 19.88 20.12 20.36 20.61 20.86 21.12 21.39 21.65 21.92 22.19 22.46 22.72 22.99 23.25 23.51 23.76
38.40 37.72 37.06 36.44 35.83 35.22 34.61 34.00 33.39 32.78 32.17 31.56 30.95 30.35 29.74 29.14 28.54 27.94 27.35 26.76 26.18 25.59 25.02 24.45 23.88 23.32 22.76 22.21 21.67 21.13 20.61 20.12 19.65 19.22 18.82 18.46 18.13 17.85 17.61 17.42 17.27 17.18 17.13 17.14 17.18 17.22 17.28 17.34 17.41 17.49 17.58 17.67 17.78 17.89 18.01 18.15 18.29 18.44 18.60 18.78 18.97 19.18 19.40 19.63 19.87 20.12 20.37 20.64 20.91 21.18 21.46 21.74 22.02 22.30 22.58 22.86 23.14 23.41 23.68
37.87 37.17 36.51 35.87 35.26 34.67 34.07 33.48 32.88 32.28 31.68 31.08 30.49 29.89 29.29 28.70 28.11 27.52 26.93 26.34 25.76 25.18 24.60 24.03 23.47 22.90 22.35 21.79 21.25 20.71 20.20 19.72 19.27 18.84 18.45 18.10 17.78 17.50 17.27 17.08 16.94 16.85 16.81 16.82 16.86 16.91 16.96 17.03 17.10 17.18 17.28 17.38 17.49 17.60 17.73 17.87 18.01 18.17 18.34 18.52 18.71 18.92 19.14 19.38 19.62 19.87 20.14 20.41 20.69 20.97 21.26 21.55 21.84 22.14 22.43 22.73 23.02 23.31 23.60
37.32 36.61 35.94 35.29 34.67 34.08 33.50 32.92 32.33 31.75 31.17 30.58 29.99 29.41 28.82 28.23 27.65 27.07 26.48 25.90 25.32 24.75 24.18 23.61 23.04 22.48 21.92 21.37 20.82 20.30 19.80 19.33 18.88 18.47 18.09 17.74 17.43 17.16 16.93 16.74 16.61 16.52 16.48 16.50 16.54 16.59 16.65 16.71 16.79 16.88 16.97 17.08 17.19 17.31 17.45 17.59 17.74 17.90 18.07 18.26 18.45 18.66 18.89 19.12 19.37 19.63 19.90 20.18 20.46 20.76 21.05 21.36 21.66 21.97 22.28 22.59 22.90 23.21 23.51
36.76 36.04 35.36 34.70 34.07 33.47 32.89 32.33 31.76 31.19 30.62 30.05 29.47 28.90 28.32 27.75 27.17 26.60 26.02 25.45 24.88 24.30 23.74 23.17 22.60 22.04 21.49 20.94 20.41 19.90 19.41 18.94 18.51 18.10 17.73 17.39 17.08 16.82 16.59 16.41 16.28 16.20 16.16 16.18 16.22 16.27 16.33 16.40 16.48 16.57 16.67 16.78 16.90 17.03 17.16 17.31 17.47 17.63 17.81 18.00 18.19 18.41 18.63 18.87 19.13 19.39 19.66 19.95 20.24 20.54 20.85 21.16 21.48 21.80 22.12 22.45 22.77 23.10 23.42
36.19 35.47 34.77 34.10 33.46 32.85 32.27 31.71 31.16 30.60 30.05 29.49 28.93 28.37 27.81 27.24 26.68 26.11 25.55 24.98 24.41 23.85 23.29 22.72 22.16 21.61 21.06 20.52 20.00 19.50 19.02 18.57 18.14 17.74 17.38 17.04 16.74 16.48 16.27 16.09 15.96 15.88 15.84 15.86 15.91 15.96 16.02 16.10 16.18 16.27 16.37 16.48 16.60 16.74 16.88 17.03 17.19 17.36 17.54 17.74 17.94 18.15 18.38 18.62 18.88 19.15 19.43 19.72 20.02 20.33 20.65 20.97 21.30 21.63 21.96 22.30 22.64 22.98 23.32
35.62 34.89 34.18 33.51 32.86 32.24 31.65 31.08 30.53 30.00 29.46 28.92 28.37 27.83 27.28 26.73 26.17 25.62 25.06 24.50 23.95 23.39 22.83 22.28 21.72 21.17 20.63 20.11 19.60 19.11 18.64 18.20 17.78 17.39 17.03 16.70 16.41 16.16 15.94 15.77 15.64 15.56 15.53 15.55 15.60 15.65 15.72 15.79 15.87 15.97 16.07 16.19 16.31 16.45 16.59 16.75 16.91 17.09 17.28 17.48 17.68 17.90 18.13 18.38 18.64 18.91 19.20 19.49 19.80 20.12 20.44 20.77 21.11 21.45 21.80 22.15 22.51 22.86 23.22
35.04 34.30 33.60 32.91 32.26 31.63 31.03 30.46 29.90 29.37 28.85 28.33 27.80 27.27 26.74 26.20 25.66 25.12 24.57 24.03 23.48 22.93 22.38 21.83 21.29 20.75 20.22 19.71 19.21 18.74 18.28 17.84 17.43 17.05 16.69 16.37 16.09 15.84 15.63 15.46 15.33 15.26 15.23 15.24 15.29 15.35 15.41 15.49 15.57 15.67 15.78 15.90 16.02 16.16 16.31 16.47 16.64 16.82 17.01 17.21 17.43 17.65 17.89 18.14 18.40 18.67 18.96 19.26 19.58 19.90 20.23 20.57 20.92 21.28 21.64 22.00 22.37 22.74 23.14
34.47 33.73 33.01 32.33 31.67 31.04 30.43 29.85 29.29 28.75 28.24 27.73 27.22 26.71 26.19 25.67 25.14 24.61 24.08 23.55 23.01 22.47 21.93 21.40 20.86 20.34 19.83 19.32 18.84 18.37 17.92 17.49 17.09 16.71 16.37 16.05 15.77 15.52 15.32 15.15 15.03 14.95 14.92 14.94 14.99 15.05 15.11 15.19 15.28 15.38 15.49 15.61 15.74 15.88 16.03 16.19 16.36 16.55 16.75 16.95 17.17 17.40 17.64 17.90 18.16 18.44 18.73 19.04 19.36 19.69 20.03 20.38 20.73 21.10 21.47 21.84 22.23 22.64 23.10
33.90 33.15 32.44 31.75 31.09 30.45 29.84 29.25 28.69 28.15 27.63 27.13 26.64 26.14 25.64 25.14 24.63 24.11 23.59 23.07 22.55 22.02 21.50 20.97 20.45 19.94 19.44 18.95 18.47 18.01 17.57 17.15 16.76 16.39 16.05 15.74 15.46 15.22 15.02 14.85 14.73 14.66 14.63 14.65 14.70 14.75 14.82 14.90 14.99 15.09 15.20 15.32 15.45 15.59 15.75 15.92 16.09 16.28 16.48 16.69 16.92 17.15 17.40 17.65 17.92 18.21 18.50 18.81 19.14 19.47 19.82 20.18 20.54 20.92 21.30 21.69 22.12 22.58 23.09
33.34 32.59 31.87 31.18 30.52 29.88 29.27 28.67 28.11 27.56 27.04 26.54 26.05 25.58 25.09 24.61 24.11 23.62 23.12 22.61 22.10 21.59 21.07 20.56 20.06 19.56 19.06 18.58 18.12 17.67 17.24 16.82 16.44 16.07 15.74 15.43 15.16 14.92 14.72 14.56 14.45 14.37 14.34 14.36 14.41 14.47 14.53 14.61 14.70 14.80 14.91 15.04 15.17 15.32 15.47 15.64 15.82 16.01 16.22 16.43 16.66 16.90 17.15 17.41 17.69 17.98 18.28 18.59 18.92 19.26 19.62 19.98 20.35 20.74 21.13 21.57 22.04 22.56 23.11
32.79 32.04 31.33 30.63 29.97 29.33 28.71 28.12 27.55 27.00 26.48 25.97 25.49 25.02 24.55 24.09 23.61 23.13 22.65 22.16 21.66 21.17 20.67 20.17 19.67 19.18 18.70 18.23 17.78 17.34 16.91 16.51 16.13 15.77 15.44 15.14 14.87 14.64 14.44 14.28 14.17 14.09 14.07 14.08 14.13 14.18 14.25 14.33 14.42 14.52 14.63 14.76 14.90 15.04 15.20 15.37 15.56 15.75 15.96 16.18 16.41 16.65 16.91 17.18 17.46 17.75 18.05 18.37 18.70 19.05 19.41 19.78 20.16 20.56 21.00 21.48 22.00 22.57 23.17
32.25 31.51 30.79 30.10 29.44 28.80 28.18 27.59 27.02 26.47 25.95 25.44 24.95 24.48 24.03 23.58 23.13 22.66 22.20 21.72 21.24 20.76 20.27 19.79 19.31 18.83 18.36 17.90 17.45 17.02 16.60 16.20 15.83 15.48 15.15 14.86 14.59 14.36 14.17 14.01 13.90 13.82 13.79 13.81 13.86 13.91 13.98 14.06 14.15 14.25 14.36 14.49 14.62 14.77 14.94 15.11 15.29 15.49 15.70 15.92 16.16 16.41 16.67 16.94 17.22 17.52 17.83 18.15 18.49 18.84 19.21 19.58 19.98 20.42 20.90 21.43 22.00 22.61 23.26
