data_output/RCH/Precip_2013_11.asc
ncols        168
nrows        136
xllcorner    455000
yllcorner    2107000
cellsize     500
NODATA_value     -99999
[rows 102 to 135 of 136, columns 0 to 74 of 168]
92.48 94.52 96.56 98.59 100.62 102.63 104.62 106.59 108.53 110.45 112.33 114.18 115.99 117.76 119.48 121.15 122.77 124.33 125.83 127.26 128.61 129.83 130.92 131.87 132.69 133.36 133.91 134.32 134.60 134.75 134.81 134.79 134.69 134.51 134.26 133.93 133.53 133.06 132.52 131.91 131.23 130.48 129.67 128.79 127.85 126.85 125.79 124.67 123.49 122.26 120.97 119.63 118.24 116.79 115.30 113.76 112.17 110.54 108.86 107.14 105.37 103.57 101.73 99.85 97.93 95.98 94.00 91.98 89.93 87.86 85.77 83.69 81.60 79.53 77.45
91.63 93.67 95.71 97.75 99.78 101.80 103.80 105.79 107.75 109.69 111.60 113.48 115.33 117.14 118.90 120.62 122.29 123.90 125.45 126.94 128.35 129.63 130.78 131.79 132.67 133.41 134.02 134.49 134.83 135.04 135.13 135.12 135.04 134.87 134.63 134.31 133.92 133.45 132.91 132.31 131.63 130.88 130.07 129.19 128.25 127.25 126.18 125.06 123.87 122.63 121.34 119.98 118.58 117.12 115.61 114.06 112.45 110.80 109.10 107.36 105.58 103.75 101.89 99.98 98.04 96.06 94.05 92.00 89.92 87.83 85.74 83.66 81.57 79.49 77.41
90.77 92.81 94.84 96.88 98.91 100.94 102.95 104.95 106.93 108.90 110.83 112.74 114.62 116.47 118.27 120.03 121.74 123.40 125.01 126.55 128.01 129.35 130.56 131.63 132.56 133.36 134.03 134.57 134.97 135.24 135.38 135.40 135.33 135.17 134.94 134.63 134.25 133.79 133.25 132.65 131.97 131.23 130.42 129.54 128.60 127.59 126.52 125.39 124.20 122.95 121.64 120.28 118.86 117.39 115.87 114.29 112.67 111.00 109.29 107.52 105.72 103.87 101.98 100.05 98.08 96.07 94.03 91.96 89.87 87.78 85.69 83.60 81.51 79.42 77.34
89.90 91.92 93.95 95.99 98.02 100.05 102.08 104.09 106.08 108.06 110.03 111.96 113.87 115.75 117.59 119.39 121.14 122.85 124.50 126.09 127.60 129.00 130.26 131.38 132.38 133.23 133.96 134.55 135.02 135.35 135.55 135.62 135.57 135.42 135.20 134.90 134.52 134.07 133.54 132.94 132.26 131.52 130.71 129.83 128.88 127.87 126.79 125.66 124.46 123.20 121.88 120.51 119.08 117.60 116.06 114.47 112.83 111.14 109.41 107.62 105.79 103.92 102.01 100.05 98.06 96.02 93.95 91.87 89.78 87.69 85.60 83.51 81.42 79.33 77.24
89.02 91.03 93.05 95.08 97.11 99.14 101.17 103.19 105.20 107.20 109.18 111.14 113.08 114.99 116.86 118.69 120.49 122.23 123.93 125.56 127.13 128.57 129.89 131.06 132.11 133.02 133.80 134.45 134.97 135.35 135.61 135.74 135.73 135.61 135.40 135.11 134.73 134.29 133.76 133.16 132.49 131.75 130.94 130.05 129.10 128.09 127.01 125.86 124.66 123.39 122.06 120.68 119.24 117.74 116.19 114.58 112.92 111.22 109.46 107.66 105.81 103.91 101.97 99.99 97.97 95.90 93.82 91.74 89.66 87.57 85.49 83.40 81.31 79.22 77.13
88.13 90.13 92.14 94.16 96.18 98.21 100.24 102.27 104.29 106.31 108.31 110.29 112.25 114.18 116.08 117.95 119.78 121.56 123.30 124.98 126.59 128.08 129.44 130.67 131.76 132.72 133.55 134.25 134.82 135.26 135.57 135.76 135.81 135.73 135.54 135.25 134.89 134.44 133.92 133.33 132.66 131.92 131.10 130.22 129.27 128.25 127.16 126.01 124.79 123.52 122.18 120.78 119.33 117.81 116.25 114.63 112.95 111.22 109.45 107.62 105.75 103.83 101.86 99.86 97.81 95.74 93.67 91.59 89.51 87.43 85.35 83.26 81.17 79.08 76.99
87.24 89.22 91.21 93.22 95.24 97.26 99.30 101.33 103.36 105.39 107.40 109.40 111.38 113.34 115.26 117.16 119.02 120.84 122.61 124.33 125.99 127.52 128.93 130.20 131.34 132.35 133.23 133.97 134.59 135.08 135.44 135.68 135.78 135.76 135.61 135.34 134.98 134.54 134.03 133.43 132.76 132.02 131.21 130.32 129.36 128.34 127.25 126.09 124.86 123.58 122.23 120.82 119.35 117.83 116.24 114.60 112.91 111.16 109.37 107.52 105.62 103.68 101.69 99.66 97.60 95.54 93.48 91.41 89.34 87.26 85.18 83.10 81.01 78.92 76.83
86.34 88.30 90.28 92.27 94.28 96.30 98.33 100.37 102.41 104.44 106.47 108.48 110.48 112.45 114.40 116.32 118.21 120.06 121.87 123.63 125.32 126.90 128.34 129.66 130.84 131.89 132.82 133.61 134.28 134.81 135.22 135.50 135.65 135.68 135.58 135.35 135.01 134.58 134.06 133.47 132.80 132.06 131.24 130.36 129.40 128.37 127.27 126.10 124.87 123.57 122.21 120.79 119.31 117.77 116.17 114.51 112.80 111.03 109.22 107.35 105.43 103.46 101.45 99.41 97.36 95.31 93.26 91.20 89.14 87.07 84.99 82.92 80.83 78.74 76.64
85.45 87.38 89.34 91.32 93.32 95.33 97.36 99.40 101.43 103.47 105.51 107.53 109.54 111.53 113.50 115.45 117.36 119.24 121.08 122.87 124.60 126.21 127.70 129.05 130.27 131.37 132.33 133.17 133.87 134.45 134.90 135.23 135.43 135.50 135.45 135.27 134.96 134.54 134.03 133.45 132.78 132.04 131.22 130.32 129.36 128.32 127.22 126.05 124.80 123.50 122.13 120.69 119.20 117.64 116.02 114.35 112.62 110.83 108.99 107.10 105.16 103.17 101.15 99.12 97.09 95.06 93.02 90.97 88.91 86.85 84.78 82.71 80.63 78.54 76.44
84.56 86.47 88.40 90.36 92.35 94.35 96.38 98.41 100.44 102.48 104.52 106.55 108.57 110.58 112.57 114.53 116.46 118.37 120.23 122.06 123.82 125.47 126.99 128.38 129.64 130.77 131.77 132.64 133.39 134.01 134.50 134.87 135.11 135.22 135.21 135.08 134.82 134.44 133.94 133.35 132.69 131.94 131.12 130.23 129.26 128.21 127.10 125.92 124.67 123.35 121.97 120.52 119.01 117.44 115.81 114.11 112.36 110.56 108.70 106.78 104.82 102.83 100.82 98.81 96.80 94.78 92.75 90.71 88.66 86.61 84.55 82.48 80.40 78.32 76.22
83.68 85.55 87.47 89.41 91.38 93.37 95.38 97.41 99.44 101.48 103.52 105.55 107.58 109.60 111.60 113.57 115.53 117.45 119.34 121.20 122.99 124.67 126.22 127.64 128.93 130.10 131.13 132.04 132.82 133.48 134.01 134.42 134.69 134.85 134.88 134.79 134.57 134.23 133.77 133.19 132.52 131.78 130.95 130.06 129.08 128.03 126.91 125.72 124.46 123.13 121.74 120.28 118.75 117.17 115.52 113.81 112.04 110.21 108.33 106.39 104.43 102.45 100.47 98.48 96.48 94.47 92.45 90.43 88.39 86.35 84.29 82.23 80.16 78.08 75.99
82.80 84.65 86.54 88.46 90.41 92.39 94.38 96.40 98.42 100.46 102.49 104.53 106.56 108.58 110.59 112.58 114.55 116.50 118.41 120.29 122.11 123.81 125.39 126.84 128.16 129.36 130.43 131.37 132.18 132.87 133.44 133.88 134.19 134.38 134.45 134.39 134.22 133.91 133.49 132.95 132.29 131.54 130.72 129.81 128.83 127.78 126.65 125.45 124.18 122.84 121.44 119.96 118.42 116.82 115.15 113.42 111.63 109.79 107.88 105.95 104.00 102.05 100.08 98.11 96.13 94.14 92.13 90.12 88.10 86.06 84.02 81.97 79.90 77.82 75.74
81.94 83.76 85.62 87.51 89.44 91.40 93.38 95.38 97.39 99.42 101.45 103.49 105.52 107.55 109.56 111.56 113.54 115.50 117.43 119.33 121.17 122.91 124.51 125.99 127.33 128.56 129.65 130.62 131.47 132.19 132.78 133.25 133.60 133.82 133.93 133.90 133.76 133.50 133.11 132.60 131.97 131.24 130.41 129.50 128.51 127.45 126.32 125.11 123.83 122.48 121.06 119.57 118.01 116.39 114.71 112.96 111.15 109.29 107.39 105.47 103.55 101.62 99.68 97.72 95.76 93.78 91.79 89.79 87.78 85.76 83.73 81.68 79.62 77.55 75.47
81.10 82.88 84.71 86.58 88.48 90.41 92.37 94.36 96.36 98.37 100.40 102.43 104.46 106.48 108.50 110.51 112.50 114.47 116.41 118.33 120.19 121.95 123.57 125.07 126.45 127.69 128.81 129.81 130.68 131.43 132.05 132.55 132.92 133.18 133.31 133.32 133.21 132.98 132.62 132.15 131.56 130.84 130.02 129.11 128.12 127.05 125.91 124.69 123.40 122.04 120.60 119.10 117.53 115.89 114.19 112.42 110.60 108.73 106.86 104.97 103.07 101.16 99.24 97.31 95.36 93.40 91.43 89.45 87.45 85.44 83.42 81.38 79.33 77.27 75.19
80.28 82.03 83.82 85.65 87.53 89.43 91.37 93.33 95.32 97.32 99.33 101.35 103.38 105.40 107.42 109.43 111.42 113.40 115.36 117.29 119.17 120.94 122.59 124.11 125.50 126.77 127.91 128.93 129.82 130.59 131.24 131.76 132.16 132.44 132.60 132.64 132.56 132.36 132.03 131.59 131.03 130.35 129.55 128.64 127.65 126.57 125.42 124.19 122.89 121.52 120.07 118.55 116.96 115.31 113.59 111.81 109.99 108.15 106.30 104.44 102.57 100.68 98.78 96.87 94.94 93.00 91.05 89.08 87.10 85.10 83.09 81.06 79.02 76.97 74.90
79.48 81.19 82.94 84.74 86.58 88.46 90.37 92.31 94.27 96.26 98.25 100.26 102.28 104.30 106.31 108.32 110.32 112.30 114.27 116.21 118.11 119.89 121.55 123.09 124.50 125.78 126.94 127.98 128.89 129.68 130.35 130.90 131.32 131.63 131.81 131.87 131.82 131.64 131.34 130.93 130.39 129.74 128.98 128.09 127.10 126.01 124.85 123.62 122.30 120.91 119.45 117.92 116.32 114.65 112.91 111.14 109.34 107.54 105.72 103.88 102.04 100.17 98.30 96.41 94.50 92.58 90.64 88.69 86.73 84.74 82.75 80.73 78.70 76.65 74.59
78.71 80.37 82.08 83.85 85.65 87.50 89.38 91.29 93.23 95.19 97.17 99.16 101.17 103.18 105.19 107.19 109.19 111.18 113.15 115.10 117.00 118.80 120.47 122.02 123.44 124.74 125.92 126.97 127.90 128.71 129.40 129.96 130.41 130.73 130.93 131.02 130.98 130.83 130.55 130.16 129.66 129.03 128.29 127.43 126.46 125.38 124.21 122.96 121.63 120.23 118.76 117.21 115.59 113.90 112.18 110.43 108.67 106.90 105.11 103.30 101.48 99.64 97.79 95.92 94.04 92.14 90.22 88.29 86.34 84.37 82.39 80.39 78.37 76.33 74.27
77.97 79.58 81.25 82.97 84.74 86.55 88.39 90.28 92.19 94.12 96.08 98.06 100.05 102.04 104.04 106.04 108.03 110.02 111.99 113.95 115.86 117.67 119.35 120.90 122.34 123.65 124.84 125.90 126.85 127.67 128.37 128.95 129.41 129.75 129.97 130.07 130.06 129.92 129.67 129.30 128.82 128.21 127.49 126.66 125.71 124.65 123.48 122.22 120.88 119.47 117.98 116.41 114.78 113.11 111.41 109.70 107.97 106.23 104.47 102.70 100.90 99.09 97.27 95.42 93.56 91.68 89.79 87.87 85.94 83.99 82.02 80.03 78.02 75.99 73.95
77.25 78.81 80.44 82.11 83.84 85.61 87.42 89.27 91.15 93.06 94.99 96.95 98.91 100.89 102.88 104.87 106.86 108.84 110.81 112.77 114.68 116.49 118.18 119.75 121.19 122.50 123.70 124.78 125.73 126.56 127.28 127.87 128.34 128.70 128.93 129.05 129.05 128.93 128.69 128.34 127.87 127.29 126.59 125.78 124.85 123.81 122.65 121.39 120.04 118.62 117.11 115.54 113.92 112.28 110.62 108.94 107.25 105.54 103.81 102.07 100.30 98.52 96.72 94.90 93.06 91.21 89.33 87.44 85.52 83.59 81.63 79.66 77.66 75.65 73.61
76.57 78.08 79.65 81.28 82.96 84.68 86.46 88.27 90.12 92.00 93.90 95.83 97.78 99.74 101.71 103.68 105.66 107.64 109.60 111.56 113.47 115.29 116.98 118.54 119.99 121.31 122.51 123.60 124.56 125.40 126.12 126.72 127.20 127.57 127.81 127.94 127.95 127.85 127.63 127.29 126.84 126.27 125.59 124.79 123.88 122.86 121.72 120.47 119.12 117.68 116.17 114.60 113.02 111.42 109.80 108.16 106.50 104.83 103.13 101.42 99.68 97.93 96.16 94.36 92.55 90.71 88.86 86.99 85.09 83.17 81.24 79.28 77.30 75.30 73.27
75.92 77.37 78.89 80.47 82.10 83.78 85.51 87.28 89.09 90.94 92.81 94.71 96.64 98.57 100.53 102.48 104.45 106.41 108.37 110.32 112.23 114.05 115.73 117.30 118.75 120.07 121.28 122.36 123.33 124.17 124.90 125.50 125.99 126.36 126.62 126.75 126.78 126.68 126.47 126.14 125.70 125.15 124.48 123.70 122.80 121.80 120.68 119.45 118.10 116.66 115.16 113.64 112.09 110.53 108.95 107.35 105.73 104.09 102.43 100.74 99.04 97.32 95.57 93.81 92.02 90.21 88.38 86.52 84.65 82.75 80.83 78.89 76.92 74.93 72.92
75.31 76.70 78.16 79.68 81.26 82.90 84.58 86.31 88.08 89.89 91.73 93.60 95.49 97.41 99.33 101.27 103.22 105.17 107.12 109.06 110.97 112.77 114.46 116.02 117.47 118.79 119.99 121.08 122.04 122.89 123.61 124.22 124.72 125.09 125.35 125.49 125.52 125.43 125.23 124.91 124.48 123.93 123.28 122.50 121.62 120.63 119.52 118.30 116.98 115.57 114.12 112.64 111.14 109.62 108.08 106.52 104.93 103.33 101.70 100.05 98.38 96.69 94.97 93.23 91.47 89.69 87.88 86.05 84.20 82.32 80.42 78.49 76.54 74.57 72.57
74.74 76.07 77.47 78.93 80.46 82.04 83.67 85.36 87.08 88.85 90.65 92.49 94.35 96.23 98.14 100.05 101.98 103.91 105.84 107.77 109.67 111.47 113.15 114.71 116.15 117.47 118.66 119.74 120.71 121.55 122.27 122.88 123.38 123.75 124.01 124.16 124.19 124.10 123.90 123.59 123.16 122.62 121.97 121.21 120.33 119.35 118.25 117.05 115.77 114.43 113.05 111.62 110.17 108.69 107.19 105.66 104.12 102.55 100.96 99.34 97.70 96.04 94.36 92.65 90.91 89.15 87.37 85.56 83.73 81.88 79.99 78.09 76.15 74.20 72.21
74.21 75.47 76.81 78.21 79.68 81.20 82.79 84.42 86.10 87.82 89.59 91.38 93.21 95.06 96.94 98.83 100.73 102.64 104.56 106.47 108.36 110.15 111.81 113.36 114.79 116.10 117.29 118.37 119.32 120.16 120.88 121.48 121.97 122.35 122.60 122.75 122.78 122.69 122.49 122.18 121.76 121.22 120.58 119.82 118.95 117.97 116.88 115.72 114.50 113.24 111.93 110.57 109.16 107.73 106.27 104.79 103.28 101.75 100.19 98.61 97.01 95.38 93.72 92.04 90.34 88.61 86.85 85.07 83.26 81.42 79.56 77.68 75.76 73.82 71.85
73.73 74.92 76.19 77.52 78.93 80.40 81.92 83.51 85.14 86.81 88.53 90.29 92.08 93.89 95.73 97.59 99.47 101.36 103.25 105.15 107.02 108.80 110.45 111.99 113.40 114.70 115.88 116.94 117.89 118.72 119.43 120.03 120.51 120.88 121.13 121.27 121.30 121.21 121.01 120.69 120.27 119.73 119.09 118.33 117.46 116.49 115.44 114.34 113.19 112.00 110.76 109.47 108.13 106.75 105.33 103.89 102.42 100.93 99.41 97.87 96.30 94.70 93.08 91.43 89.75 88.05 86.32 84.56 82.78 80.97 79.13 77.26 75.36 73.44 71.49
73.29 74.41 75.60 76.88 78.22 79.62 81.09 82.62 84.19 85.82 87.49 89.20 90.95 92.73 94.53 96.36 98.21 100.07 101.94 103.81 105.67 107.42 109.06 110.58 111.98 113.26 114.43 115.48 116.41 117.23 117.93 118.52 118.99 119.35 119.60 119.73 119.74 119.65 119.44 119.13 118.70 118.16 117.51 116.75 115.88 114.94 113.95 112.92 111.84 110.72 109.55 108.33 107.06 105.74 104.37 102.97 101.55 100.10 98.62 97.11 95.57 94.01 92.42 90.80 89.16 87.48 85.78 84.05 82.29 80.50 78.69 76.84 74.96 73.06 71.12
72.90 73.94 75.07 76.27 77.54 78.88 80.28 81.75 83.27 84.85 86.47 88.13 89.83 91.57 93.33 95.13 96.94 98.77 100.61 102.47 104.30 106.03 107.65 109.15 110.53 111.80 112.95 113.98 114.90 115.70 116.39 116.96 117.42 117.76 118.00 118.12 118.13 118.02 117.81 117.48 117.04 116.50 115.84 115.08 114.25 113.36 112.44 111.47 110.46 109.40 108.30 107.15 105.94 104.69 103.39 102.04 100.66 99.24 97.80 96.33 94.83 93.31 91.75 90.17 88.55 86.91 85.24 83.53 81.80 80.03 78.24 76.42 74.56 72.67 70.76
72.57 73.53 74.57 75.70 76.90 78.17 79.51 80.92 82.38 83.89 85.46 87.07 88.73 90.42 92.14 93.90 95.67 97.47 99.28 101.11 102.91 104.63 106.22 107.70 109.06 110.30 111.43 112.44 113.34 114.12 114.79 115.35 115.79 116.12 116.34 116.45 116.44 116.32 116.10 115.76 115.31 114.76 114.10 113.36 112.58 111.76 110.90 110.00 109.05 108.05 107.01 105.93 104.79 103.61 102.37 101.08 99.75 98.38 96.97 95.54 94.08 92.59 91.07 89.52 87.94 86.33 84.68 83.01 81.30 79.56 77.79 75.99 74.16 72.29 70.39
72.28 73.16 74.12 75.17 76.30 77.50 78.77 80.11 81.51 82.97 84.48 86.04 87.64 89.28 90.96 92.67 94.41 96.17 97.95 99.74 101.52 103.20 104.77 106.22 107.56 108.78 109.88 110.87 111.75 112.51 113.16 113.69 114.12 114.43 114.63 114.72 114.69 114.56 114.32 113.97 113.51 112.94 112.30 111.62 110.90 110.14 109.34 108.50 107.61 106.68 105.70 104.68 103.60 102.48 101.31 100.09 98.82 97.49 96.13 94.74 93.32 91.87 90.38 88.87 87.32 85.74 84.12 82.48 80.80 79.09 77.34 75.56 73.75 71.91 70.03
72.05 72.85 73.73 74.69 75.74 76.87 78.07 79.34 80.67 82.07 83.52 85.02 86.57 88.16 89.79 91.45 93.15 94.87 96.61 98.37 100.11 101.77 103.31 104.73 106.03 107.23 108.30 109.27 110.12 110.85 111.48 111.99 112.39 112.68 112.86 112.93 112.88 112.73 112.47 112.10 111.63 111.08 110.50 109.87 109.21 108.51 107.77 106.98 106.15 105.28 104.36 103.40 102.39 101.33 100.22 99.07 97.86 96.59 95.28 93.93 92.55 91.13 89.69 88.20 86.69 85.14 83.56 81.94 80.29 78.61 76.89 75.14 73.35 71.53 69.67
71.88 72.59 73.38 74.26 75.23 76.28 77.41 78.60 79.87 81.20 82.58 84.02 85.51 87.05 88.63 90.24 91.89 93.57 95.27 96.99 98.70 100.32 101.83 103.22 104.49 105.65 106.70 107.63 108.46 109.16 109.76 110.25 110.62 110.89 111.04 111.08 111.02 110.84 110.56 110.17 109.72 109.22 108.69 108.12 107.51 106.87 106.18 105.45 104.68 103.87 103.01 102.11 101.15 100.16 99.11 98.01 96.86 95.66 94.41 93.11 91.77 90.39 88.98 87.54 86.06 84.54 82.99 81.41 79.79 78.13 76.44 74.71 72.95 71.15 69.32
71.74 72.38 73.09 73.89 74.77 75.74 76.78 77.91 79.10 80.36 81.67 83.05 84.48 85.96 87.48 89.05 90.65 92.28 93.93 95.62 97.29 98.87 100.34 101.69 102.93 104.06 105.07 105.97 106.76 107.44 108.01 108.46 108.81 109.04 109.17 109.19 109.09 108.89 108.59 108.22 107.81 107.36 106.88 106.37 105.81 105.22 104.59 103.91 103.20 102.44 101.64 100.79 99.90 98.96 97.97 96.94 95.85 94.71 93.52 92.27 90.98 89.64 88.27 86.86 85.42 83.94 82.42 80.87 79.28 77.66 75.99 74.29 72.55 70.78 68.97
71.59 72.20 72.85 73.56 74.36 75.24 76.21 77.25 78.36 79.55 80.80 82.11 83.47 84.89 86.36 87.86 89.41 90.99 92.60 94.24 95.87 97.42 98.84 100.16 101.36 102.45 103.43 104.29 105.04 105.69 106.22 106.64 106.96 107.16 107.25 107.24 107.12 106.89 106.60 106.27 105.91 105.51 105.08 104.62 104.12 103.57 102.99 102.37 101.71 101.01 100.26 99.47 98.63 97.75 96.82 95.84 94.81 93.73 92.60 91.41 90.17 88.88 87.55 86.18 84.78 83.33 81.85 80.33 78.77 77.18 75.55 73.87 72.16 70.41 68.62
71.45 72.03 72.64 73.29 74.00 74.79 75.67 76.63 77.67 78.78 79.96 81.20 82.49 83.85 85.25 86.70 88.19 89.72 91.28 92.87 94.46 95.96 97.34 98.61 99.77 100.82 101.76 102.59 103.30 103.91 104.40 104.79 105.06 105.23 105.29 105.24 105.09 104.88 104.63 104.34 104.03 103.68 103.30 102.88 102.43 101.94 101.41 100.84 100.23 99.58 98.88 98.14 97.36 96.53 95.66 94.73 93.76 92.73 91.66 90.53 89.35 88.12 86.83 85.50 84.13 82.73 81.28 79.79 78.27 76.71 75.10 73.46 71.78 70.05 68.29
