data_output/RCH/Precip_1988_03.asc
ncols        168
nrows        136
xllcorner    455000
yllcorner    2107000
cellsize     500
NODATA_value     -99999
[rows 68 to 101 of 136, columns 0 to 75 of 168]
91.46 96.95 101.78 105.97 109.55 112.57 115.04 117.02 118.52 119.58 120.24 120.53 120.47 120.11 119.47 118.59 117.51 116.29 114.96 113.52 111.98 110.35 108.62 106.81 104.93 102.96 100.93 98.84 96.69 94.49 92.24 89.95 87.63 85.27 82.89 80.49 78.07 75.65 73.22 70.79 68.37 65.97 63.58 61.24 58.98 56.80 54.70 52.68 50.74 48.89 47.12 45.43 43.83 42.31 40.87 39.52 38.25 37.07 35.97 34.95 34.03 33.19 32.43 31.77 31.19 30.70 30.29 29.98 29.75 29.61 29.56 29.59 29.66 29.75 29.88 30.04
92.76 98.27 103.11 107.31 110.92 113.95 116.45 118.44 119.96 121.05 121.73 122.03 122.00 121.66 121.04 120.19 119.13 117.93 116.62 115.20 113.68 112.06 110.35 108.56 106.68 104.73 102.70 100.61 98.47 96.27 94.02 91.73 89.40 87.03 84.64 82.23 79.81 77.37 74.93 72.48 70.05 67.62 65.21 62.82 60.48 58.22 56.05 53.96 51.95 50.03 48.19 46.44 44.77 43.19 41.69 40.29 38.97 37.73 36.59 35.53 34.56 33.68 32.89 32.19 31.58 31.06 30.63 30.28 30.03 29.88 29.81 29.82 29.87 29.96 30.08 30.22
94.02 99.55 104.41 108.63 112.25 115.31 117.82 119.84 121.38 122.48 123.18 123.51 123.50 123.18 122.59 121.76 120.73 119.55 118.26 116.86 115.36 113.76 112.06 110.28 108.41 106.47 104.45 102.37 100.23 98.03 95.78 93.48 91.15 88.78 86.39 83.97 81.53 79.08 76.62 74.16 71.71 69.26 66.83 64.42 62.03 59.70 57.44 55.28 53.19 51.20 49.30 47.48 45.75 44.11 42.56 41.10 39.72 38.44 37.25 36.14 35.13 34.21 33.38 32.65 32.00 31.45 30.99 30.62 30.35 30.17 30.08 30.08 30.12 30.19 30.29 30.43
95.25 100.80 105.67 109.91 113.55 116.63 119.16 121.20 122.76 123.89 124.61 124.96 124.97 124.68 124.11 123.31 122.30 121.15 119.88 118.50 117.01 115.43 113.75 111.98 110.12 108.19 106.18 104.10 101.96 99.77 97.52 95.22 92.89 90.51 88.11 85.68 83.23 80.77 78.30 75.83 73.35 70.89 68.44 66.00 63.59 61.21 58.88 56.64 54.49 52.42 50.45 48.56 46.77 45.07 43.46 41.94 40.52 39.18 37.94 36.79 35.74 34.78 33.91 33.13 32.46 31.87 31.38 30.99 30.69 30.49 30.39 30.37 30.39 30.45 30.54 30.66
96.44 102.00 106.90 111.16 114.82 117.91 120.47 122.52 124.11 125.26 126.00 126.38 126.41 126.14 125.60 124.82 123.84 122.71 121.47 120.11 118.64 117.07 115.41 113.65 111.81 109.88 107.88 105.81 103.68 101.48 99.24 96.94 94.60 92.22 89.82 87.38 84.92 82.45 79.96 77.47 74.99 72.50 70.03 67.57 65.14 62.73 60.36 58.05 55.82 53.68 51.64 49.69 47.84 46.07 44.40 42.83 41.35 39.96 38.67 37.48 36.38 35.37 34.47 33.66 32.94 32.33 31.81 31.39 31.07 30.84 30.72 30.68 30.69 30.73 30.81 30.92
97.59 103.17 108.09 112.37 116.05 119.16 121.74 123.82 125.42 126.59 127.36 127.76 127.82 127.58 127.06 126.30 125.35 124.25 123.02 121.69 120.24 118.69 117.04 115.30 113.47 111.55 109.56 107.50 105.37 103.18 100.93 98.64 96.30 93.91 91.50 89.06 86.59 84.11 81.61 79.10 76.60 74.10 71.61 69.13 66.68 64.25 61.85 59.49 57.20 54.99 52.88 50.86 48.94 47.11 45.39 43.75 42.22 40.78 39.44 38.20 37.05 36.01 35.06 34.21 33.46 32.82 32.27 31.82 31.47 31.23 31.08 31.03 31.02 31.04 31.11 31.20
98.70 104.30 109.23 113.53 117.23 120.37 122.97 125.07 126.70 127.89 128.69 129.11 129.19 128.97 128.48 127.75 126.82 125.75 124.55 123.23 121.81 120.28 118.64 116.91 115.10 113.19 111.21 109.16 107.03 104.85 102.60 100.31 97.96 95.58 93.16 90.71 88.24 85.74 83.23 80.72 78.20 75.68 73.17 70.68 68.21 65.76 63.34 60.96 58.61 56.34 54.16 52.07 50.09 48.20 46.41 44.72 43.13 41.64 40.25 38.95 37.76 36.68 35.69 34.80 34.02 33.34 32.76 32.28 31.91 31.64 31.47 31.40 31.37 31.38 31.43 31.51
99.76 105.38 110.33 114.65 118.38 121.53 124.16 126.28 127.93 129.15 129.97 130.42 130.53 130.33 129.87 129.17 128.26 127.21 126.04 124.75 123.34 121.83 120.21 118.50 116.69 114.80 112.83 110.78 108.67 106.49 104.25 101.95 99.61 97.22 94.80 92.34 89.86 87.35 84.83 82.31 79.77 77.24 74.72 72.21 69.72 67.25 64.82 62.41 60.05 57.73 55.48 53.33 51.28 49.32 47.47 45.72 44.08 42.53 41.09 39.75 38.51 37.38 36.35 35.43 34.61 33.89 33.28 32.77 32.37 32.08 31.89 31.80 31.75 31.75 31.78 31.85
100.77 106.41 111.39 115.73 119.48 122.66 125.30 127.45 129.12 130.37 131.21 131.68 131.82 131.65 131.21 130.54 129.66 128.64 127.49 126.22 124.84 123.35 121.75 120.05 118.26 116.38 114.42 112.38 110.27 108.09 105.86 103.56 101.22 98.83 96.40 93.94 91.45 88.94 86.41 83.88 81.33 78.79 76.26 73.73 71.23 68.74 66.29 63.86 61.48 59.13 56.84 54.63 52.51 50.49 48.58 46.77 45.07 43.47 41.97 40.58 39.30 38.12 37.05 36.09 35.23 34.48 33.83 33.30 32.87 32.55 32.34 32.23 32.17 32.14 32.15 32.21
101.74 107.40 112.40 116.76 120.53 123.73 126.40 128.57 130.27 131.54 132.41 132.91 133.07 132.93 132.52 131.87 131.03 130.03 128.91 127.66 126.30 124.82 123.24 121.56 119.79 117.92 115.97 113.94 111.84 109.67 107.44 105.15 102.80 100.41 97.98 95.52 93.02 90.50 87.97 85.42 82.87 80.32 77.77 75.24 72.72 70.22 67.74 65.30 62.90 60.54 58.22 55.96 53.78 51.70 49.73 47.86 46.10 44.44 42.89 41.45 40.12 38.90 37.79 36.78 35.88 35.10 34.42 33.86 33.40 33.06 32.82 32.69 32.61 32.56 32.56 32.60
102.65 108.33 113.35 117.74 121.53 124.76 127.45 129.64 131.37 132.66 133.56 134.08 134.27 134.16 133.78 133.16 132.34 131.38 130.28 129.06 127.72 126.26 124.70 123.04 121.28 119.43 117.49 115.47 113.38 111.21 108.98 106.69 104.35 101.96 99.53 97.06 94.56 92.04 89.50 86.95 84.39 81.83 79.27 76.73 74.19 71.68 69.19 66.74 64.31 61.93 59.60 57.32 55.10 52.95 50.92 48.99 47.17 45.46 43.86 42.36 40.98 39.72 38.56 37.51 36.58 35.75 35.04 34.45 33.96 33.59 33.34 33.18 33.08 33.01 32.99 33.01
103.51 109.21 114.25 118.67 122.48 125.73 128.45 130.67 132.42 133.74 134.66 135.21 135.43 135.35 135.00 134.41 133.62 132.68 131.61 130.41 129.09 127.66 126.12 124.47 122.73 120.89 118.97 116.96 114.87 112.71 110.49 108.20 105.86 103.47 101.04 98.57 96.07 93.55 91.01 88.45 85.89 83.32 80.76 78.20 75.66 73.13 70.63 68.16 65.72 63.32 60.97 58.67 56.43 54.25 52.15 50.16 48.28 46.51 44.86 43.31 41.88 40.57 39.37 38.28 37.30 36.45 35.70 35.07 34.56 34.16 33.88 33.70 33.58 33.49 33.45 33.46
104.31 110.04 115.10 119.54 123.38 126.65 129.39 131.64 133.42 134.77 135.71 136.29 136.54 136.48 136.16 135.60 134.84 133.93 132.89 131.72 130.43 129.01 127.49 125.87 124.14 122.31 120.40 118.40 116.33 114.18 111.96 109.68 107.34 104.95 102.52 100.05 97.56 95.03 92.49 89.93 87.36 84.79 82.22 79.66 77.10 74.57 72.06 69.57 67.12 64.71 62.34 60.02 57.76 55.56 53.42 51.37 49.43 47.61 45.90 44.30 42.82 41.46 40.21 39.08 38.07 37.17 36.39 35.73 35.19 34.76 34.46 34.25 34.11 34.00 33.95 33.93
105.14 110.81 115.89 120.35 124.22 127.52 130.28 132.56 134.36 135.74 136.71 137.32 137.60 137.57 137.28 136.75 136.02 135.14 134.12 132.98 131.71 130.32 128.82 127.21 125.50 123.69 121.79 119.81 117.74 115.60 113.39 111.11 108.78 106.39 103.97 101.51 99.01 96.49 93.95 91.39 88.82 86.24 83.67 81.10 78.54 75.99 73.47 70.98 68.51 66.09 63.70 61.37 59.09 56.87 54.71 52.62 50.63 48.75 46.98 45.33 43.80 42.39 41.10 39.92 38.87 37.93 37.12 36.42 35.85 35.40 35.06 34.84 34.67 34.55 34.47 34.43
106.26 111.60 116.63 121.11 125.00 128.32 131.12 133.42 135.25 136.65 137.66 138.29 138.60 138.60 138.34 137.84 137.15 136.30 135.31 134.19 132.94 131.58 130.10 128.51 126.82 125.02 123.14 121.16 119.11 116.97 114.77 112.50 110.18 107.80 105.39 102.93 100.44 97.92 95.38 92.82 90.25 87.67 85.09 82.52 79.95 77.40 74.87 72.37 69.89 67.46 65.06 62.71 60.41 58.18 56.00 53.89 51.86 49.93 48.10 46.40 44.82 43.36 42.02 40.80 39.71 38.73 37.88 37.15 36.55 36.06 35.70 35.45 35.26 35.12 35.02 34.96
107.74 112.64 117.37 121.80 125.72 129.07 131.89 134.22 136.08 137.51 138.54 139.21 139.55 139.58 139.35 138.88 138.22 137.40 136.44 135.35 134.13 132.79 131.33 129.76 128.08 126.31 124.44 122.47 120.43 118.31 116.11 113.85 111.54 109.18 106.77 104.32 101.84 99.32 96.78 94.23 91.66 89.08 86.50 83.92 81.35 78.80 76.26 73.75 71.26 68.82 66.41 64.05 61.74 59.48 57.29 55.17 53.12 51.14 49.27 47.51 45.88 44.37 42.98 41.72 40.58 39.57 38.68 37.92 37.28 36.77 36.38 36.10 35.89 35.72 35.60 35.52
109.52 114.02 118.35 122.51 126.38 129.75 132.60 134.96 136.85 138.31 139.37 140.07 140.43 140.50 140.30 139.86 139.23 138.44 137.51 136.45 135.26 133.94 132.50 130.95 129.30 127.54 125.68 123.73 121.70 119.59 117.41 115.17 112.87 110.52 108.12 105.68 103.20 100.69 98.16 95.61 93.04 90.47 87.89 85.31 82.74 80.18 77.63 75.12 72.63 70.17 67.75 65.38 63.06 60.79 58.58 56.44 54.37 52.38 50.47 48.67 46.98 45.42 43.99 42.68 41.50 40.44 39.52 38.72 38.05 37.50 37.09 36.79 36.55 36.35 36.21 36.11
111.52 115.65 119.62 123.41 127.03 130.38 133.25 135.63 137.55 139.04 140.14 140.86 141.26 141.36 141.19 140.79 140.19 139.43 138.53 137.50 136.33 135.04 133.62 132.10 130.46 128.72 126.88 124.94 122.93 120.83 118.67 116.44 114.16 111.82 109.43 107.00 104.54 102.04 99.51 96.96 94.40 91.83 89.25 86.67 84.10 81.54 78.99 76.47 73.98 71.51 69.09 66.71 64.37 62.09 59.87 57.72 55.63 53.63 51.70 49.86 48.12 46.51 45.03 43.67 42.45 41.35 40.39 39.55 38.85 38.27 37.83 37.50 37.24 37.02 36.85 36.73
113.70 117.49 121.12 124.58 127.87 130.99 133.83 136.25 138.19 139.71 140.84 141.60 142.02 142.15 142.02 141.65 141.09 140.36 139.49 138.48 137.34 136.08 134.69 133.18 131.56 129.84 128.02 126.10 124.10 122.03 119.89 117.68 115.41 113.09 110.71 108.29 105.84 103.35 100.83 98.29 95.74 93.17 90.59 88.02 85.45 82.89 80.34 77.81 75.31 72.85 70.41 68.03 65.68 63.39 61.16 59.00 56.90 54.87 52.93 51.07 49.30 47.64 46.11 44.71 43.44 42.30 41.30 40.43 39.69 39.08 38.61 38.25 37.96 37.72 37.53 37.39
115.97 119.45 122.77 125.93 128.93 131.75 134.40 136.79 138.77 140.32 141.47 142.26 142.72 142.89 142.78 142.45 141.92 141.23 140.39 139.41 138.30 137.06 135.69 134.21 132.61 130.91 129.10 127.21 125.24 123.19 121.06 118.87 116.62 114.31 111.96 109.55 107.11 104.63 102.12 99.59 97.05 94.48 91.91 89.34 86.77 84.21 81.67 79.14 76.64 74.17 71.73 69.34 66.99 64.69 62.45 60.27 58.16 56.12 54.16 52.29 50.50 48.81 47.23 45.78 44.47 43.29 42.25 41.34 40.56 39.92 39.42 39.03 38.72 38.45 38.24 38.07
118.27 121.48 124.53 127.42 130.14 132.70 135.09 137.31 139.27 140.85 142.04 142.86 143.35 143.55 143.48 143.18 142.69 142.03 141.22 140.27 139.19 137.97 136.63 135.17 133.60 131.92 130.14 128.27 126.32 124.30 122.20 120.03 117.79 115.50 113.16 110.78 108.35 105.88 103.39 100.87 98.33 95.77 93.21 90.65 88.08 85.53 82.98 80.46 77.95 75.48 73.04 70.64 68.29 65.98 63.73 61.54 59.42 57.37 55.40 53.51 51.71 50.00 48.39 46.90 45.54 44.32 43.23 42.28 41.47 40.80 40.27 39.85 39.51 39.22 38.98 38.79
120.53 123.49 126.30 128.96 131.45 133.78 135.94 137.93 139.74 141.32 142.53 143.39 143.92 144.15 144.11 143.85 143.39 142.76 141.99 141.07 140.02 138.83 137.51 136.07 134.52 132.87 131.13 129.29 127.36 125.36 123.28 121.14 118.93 116.66 114.33 111.96 109.55 107.10 104.62 102.11 99.58 97.04 94.49 91.93 89.37 86.82 84.28 81.76 79.25 76.78 74.34 71.94 69.58 67.27 65.01 62.82 60.69 58.63 56.64 54.74 52.93 51.20 49.58 48.05 46.65 45.38 44.26 43.27 42.42 41.72 41.15 40.71 40.33 40.02 39.75 39.54
122.68 125.43 128.04 130.49 132.78 134.90 136.87 138.67 140.29 141.74 142.96 143.85 144.41 144.67 144.67 144.44 144.02 143.43 142.69 141.80 140.77 139.61 138.32 136.92 135.40 133.78 132.06 130.25 128.36 126.38 124.33 122.20 120.02 117.77 115.47 113.12 110.72 108.29 105.82 103.33 100.81 98.28 95.74 93.19 90.64 88.09 85.56 83.04 80.54 78.07 75.63 73.22 70.86 68.55 66.29 64.09 61.95 59.88 57.89 55.98 54.15 52.41 50.77 49.23 47.80 46.49 45.32 44.29 43.41 42.67 42.07 41.60 41.20 40.85 40.56 40.32
124.65 127.23 129.66 131.94 134.06 136.02 137.82 139.45 140.92 142.21 143.33 144.23 144.82 145.12 145.16 144.96 144.58 144.02 143.31 142.46 141.46 140.33 139.07 137.70 136.22 134.63 132.95 131.17 129.30 127.35 125.33 123.23 121.07 118.84 116.56 114.23 111.86 109.44 106.99 104.51 102.01 99.49 96.96 94.42 91.88 89.35 86.82 84.31 81.81 79.34 76.90 74.50 72.14 69.82 67.56 65.36 63.21 61.14 59.14 57.21 55.37 53.63 51.97 50.42 48.97 47.63 46.42 45.36 44.43 43.66 43.03 42.52 42.09 41.72 41.40 41.13
126.39 128.82 131.11 133.24 135.22 137.05 138.72 140.22 141.56 142.73 143.73 144.55 145.16 145.50 145.57 145.41 145.06 144.54 143.87 143.05 142.08 140.98 139.76 138.43 136.98 135.43 133.78 132.03 130.20 128.28 126.28 124.21 122.07 119.87 117.62 115.31 112.96 110.56 108.13 105.67 103.19 100.68 98.16 95.64 93.11 90.58 88.06 85.55 83.07 80.60 78.17 75.77 73.41 71.09 68.83 66.62 64.47 62.39 60.38 58.45 56.61 54.85 53.18 51.62 50.15 48.80 47.57 46.46 45.50 44.69 44.02 43.49 43.03 42.62 42.27 41.98
127.81 130.13 132.30 134.33 136.21 137.93 139.50 140.91 142.15 143.23 144.14 144.88 145.44 145.79 145.90 145.78 145.47 144.99 144.35 143.56 142.63 141.57 140.39 139.10 137.69 136.17 134.56 132.85 131.04 129.16 127.19 125.15 123.04 120.87 118.64 116.35 114.02 111.65 109.24 106.80 104.33 101.84 99.34 96.83 94.31 91.79 89.28 86.79 84.31 81.85 79.42 77.02 74.67 72.35 70.09 67.88 65.73 63.65 61.63 59.70 57.84 56.08 54.40 52.82 51.35 49.98 48.73 47.60 46.60 45.75 45.05 44.49 44.00 43.56 43.19 42.86
128.85 131.09 133.19 135.14 136.95 138.60 140.10 141.44 142.63 143.64 144.50 145.18 145.69 146.02 146.16 146.07 145.80 145.35 144.75 144.00 143.12 142.10 140.96 139.71 138.34 136.86 135.28 133.61 131.84 129.99 128.05 126.04 123.96 121.82 119.61 117.35 115.05 112.70 110.31 107.89 105.44 102.97 100.49 97.99 95.49 92.99 90.49 88.00 85.53 83.08 80.66 78.27 75.92 73.61 71.34 69.13 66.98 64.90 62.88 60.94 59.08 57.31 55.63 54.04 52.55 51.18 49.91 48.77 47.74 46.86 46.12 45.52 45.00 44.54 44.13 43.77
129.44 131.63 133.69 135.60 137.36 138.98 140.45 141.76 142.91 143.90 144.73 145.39 145.88 146.19 146.33 146.28 146.04 145.64 145.08 144.38 143.54 142.57 141.48 140.26 138.93 137.50 135.96 134.32 132.59 130.77 128.87 126.89 124.84 122.73 120.55 118.32 116.04 113.71 111.35 108.95 106.52 104.07 101.61 99.13 96.64 94.16 91.67 89.20 86.74 84.30 81.88 79.50 77.15 74.85 72.59 70.38 68.24 66.15 64.13 62.19 60.33 58.55 56.86 55.26 53.77 52.38 51.11 49.95 48.91 48.00 47.23 46.60 46.04 45.55 45.10 44.72
129.52 131.70 133.74 135.64 137.40 139.01 140.47 141.78 142.94 143.93 144.77 145.44 145.94 146.27 146.43 146.41 146.21 145.85 145.34 144.68 143.89 142.97 141.92 140.75 139.47 138.07 136.57 134.98 133.28 131.50 129.63 127.69 125.67 123.59 121.44 119.24 116.99 114.69 112.35 109.98 107.58 105.15 102.70 100.24 97.77 95.30 92.83 90.37 87.93 85.50 83.10 80.72 78.38 76.08 73.83 71.63 69.48 67.40 65.38 63.44 61.57 59.79 58.09 56.49 54.99 53.60 52.31 51.14 50.09 49.17 48.38 47.71 47.12 46.59 46.11 45.69
129.17 131.35 133.40 135.31 137.08 138.71 140.19 141.52 142.70 143.73 144.59 145.30 145.83 146.20 146.40 146.42 146.25 145.94 145.48 144.88 144.14 143.26 142.26 141.14 139.90 138.55 137.09 135.53 133.88 132.14 130.31 128.40 126.42 124.37 122.26 120.09 117.87 115.60 113.28 110.94 108.56 106.16 103.73 101.29 98.85 96.39 93.94 91.50 89.07 86.65 84.26 81.90 79.57 77.28 75.04 72.84 70.70 68.62 66.61 64.66 62.80 61.01 59.32 57.71 56.21 54.81 53.51 52.33 51.27 50.34 49.54 48.85 48.23 47.66 47.15 46.69
128.64 130.83 132.89 134.81 136.60 138.25 139.75 141.11 142.31 143.37 144.26 145.00 145.58 145.98 146.22 146.26 146.10 145.80 145.39 144.84 144.16 143.34 142.39 141.32 140.13 138.82 137.41 135.90 134.29 132.59 130.80 128.94 126.99 124.98 122.91 120.77 118.58 116.35 114.07 111.75 109.40 107.02 104.63 102.21 99.79 97.36 94.93 92.51 90.10 87.70 85.33 82.98 80.66 78.39 76.15 73.97 71.83 69.76 67.76 65.82 63.96 62.17 60.48 58.88 57.37 55.97 54.67 53.49 52.42 51.48 50.67 49.98 49.33 48.73 48.19 47.70
127.99 130.19 132.25 134.19 135.99 137.65 139.18 140.55 141.79 142.87 143.79 144.56 145.17 145.61 145.87 145.91 145.75 145.46 145.07 144.57 143.94 143.18 142.28 141.27 140.13 138.88 137.52 136.05 134.49 132.84 131.10 129.28 127.38 125.41 123.37 121.28 119.13 116.93 114.68 112.40 110.08 107.74 105.37 102.99 100.59 98.19 95.79 93.39 91.00 88.63 86.27 83.94 81.65 79.39 77.17 75.00 72.88 70.82 68.82 66.89 65.04 63.26 61.58 59.98 58.47 57.07 55.78 54.59 53.52 52.58 51.77 51.07 50.42 49.80 49.23 48.70
127.22 129.42 131.49 133.44 135.25 136.93 138.47 139.87 141.12 142.22 143.18 143.98 144.62 145.08 145.33 145.38 145.22 144.93 144.54 144.06 143.48 142.78 141.95 140.99 139.91 138.71 137.41 136.00 134.49 132.89 131.20 129.42 127.57 125.65 123.66 121.60 119.50 117.34 115.13 112.89 110.61 108.30 105.97 103.62 101.26 98.88 96.51 94.14 91.78 89.43 87.10 84.80 82.52 80.28 78.08 75.93 73.83 71.79 69.80 67.89 66.05 64.28 62.60 61.01 59.52 58.12 56.83 55.65 54.59 53.65 52.84 52.14 51.48 50.86 50.26 49.71
126.33 128.53 130.61 132.56 134.39 136.08 137.63 139.05 140.32 141.45 142.43 143.25 143.90 144.36 144.61 144.66 144.50 144.21 143.83 143.35 142.80 142.15 141.38 140.48 139.47 138.33 137.08 135.73 134.28 132.73 131.09 129.37 127.57 125.70 123.76 121.75 119.69 117.58 115.42 113.21 110.98 108.71 106.42 104.10 101.78 99.44 97.10 94.76 92.43 90.11 87.81 85.54 83.29 81.07 78.90 76.77 74.69 72.66 70.70 68.80 66.98 65.23 63.56 61.99 60.50 59.11 57.83 56.66 55.61 54.68 53.87 53.17 52.51 51.88 51.28 50.71
