data_processed/landuse/LU-1990-NATURAL-H.asc
ncols        168
nrows        136
xllcorner    455000.000000000000
yllcorner    2107000.000000000000
cellsize     500.000000000000
NODATA_value  -99999
[rows 72 to 95 of 136, columns 106 to 158 of 168]
1.0000870227813720703 1.0000870227813720703 1.0000870227813720703 1.0000870227813720703 0.98068898916244506836 1.0000870227813720703 1.0000870227813720703 0.80687898397445678711 0.14998699724674224854 0.11333200335502624512 0.69091999530792236328 1.0000829696655273438 0.89613401889801025391 0.53101700544357299805 0.20660200715065002441 0.38796401023864746094 1.0000829696655273438 1.0000829696655273438 1.0000829696655273438 1.0000829696655273438 1.0000829696655273438 1.000079035758972168 1.000079035758972168 1.000079035758972168 1.000079035758972168 1.000079035758972168 1.000079035758972168 1.000079035758972168 1.0000749826431274414 1.0000749826431274414 1.0000749826431274414 1.0000749826431274414 1.0000749826431274414 1.0000749826431274414 1.0000749826431274414 1.0000710487365722656 1.0000710487365722656 1.0000710487365722656 1.0000710487365722656 0.33914899826049804688 0.62081801891326904297 1.0000669956207275391 1.0000669956207275391 1.0000669956207275391 0 0 0 0 0 0 0 0 0
1.0000870227813720703 1.0000870227813720703 1.0000870227813720703 0.83974099159240722656 0.43731600046157836914 1.0000870227813720703 1.0000870227813720703 1.0000870227813720703 0.92790001630783081055 0.89380800724029541016 1.0000870227813720703 1.0000870227813720703 1.0000870227813720703 1.0000870227813720703 0.94171601533889770508 0.9006779789924621582 1.0000829696655273438 1.0000829696655273438 1.0000829696655273438 1.0000829696655273438 1.0000829696655273438 1.0000829696655273438 1.0000829696655273438 1.000079035758972168 1.000079035758972168 1.000079035758972168 1.000079035758972168 1.000079035758972168 1.000079035758972168 1.000079035758972168 1.000079035758972168 1.0000749826431274414 1.0000749826431274414 1.0000749826431274414 1.0000749826431274414 1.0000749826431274414 1.0000749826431274414 1.0000710487365722656 1.0000710487365722656 1.0000710487365722656 1.0000710487365722656 1.0000710487365722656 1.0000710487365722656 1.0000669956207275391 1.0000669956207275391 0 0 0 0 0 0 0 0
1.0000909566879272461 1.0000909566879272461 1.0000909566879272461 0.74089699983596801758 0.064746998250484466553 0.25917398929595947266 0.99090200662612915039 1.0000870227813720703 1.0000870227813720703 1.0000870227813720703 1.0000870227813720703 1.0000870227813720703 1.0000870227813720703 1.0000870227813720703 1.0000870227813720703 1.0000870227813720703 1.0000870227813720703 1.0000870227813720703 1.0000829696655273438 1.0000829696655273438 1.0000829696655273438 1.0000829696655273438 1.0000829696655273438 1.0000829696655273438 1.0000829696655273438 1.0000829696655273438 1.000079035758972168 1.000079035758972168 1.000079035758972168 1.000079035758972168 1.000079035758972168 1.000079035758972168 1.000079035758972168 1.0000749826431274414 1.0000749826431274414 1.0000749826431274414 1.0000749826431274414 1.0000749826431274414 1.0000749826431274414 1.0000710487365722656 1.0000710487365722656 1.0000710487365722656 1.0000710487365722656 1.0000710487365722656 1.0000710487365722656 0 0 0 0 0 0 0 0
1.0000909566879272461 1.0000909566879272461 1.0000909566879272461 0.6585490107536315918 0.29293400049209594727 0.97207397222518920898 1.0000909566879272461 1.0000909566879272461 1.0000909566879272461 1.0000909566879272461 1.0000870227813720703 1.0000870227813720703 1.0000870227813720703 1.0000870227813720703 1.0000870227813720703 1.0000870227813720703 1.0000870227813720703 1.0000870227813720703 1.0000870227813720703 1.0000870227813720703 1.0000870227813720703 1.0000829696655273438 1.0000829696655273438 1.0000829696655273438 1.0000829696655273438 1.0000829696655273438 1.0000829696655273438 1.0000829696655273438 1.0000829696655273438 1.000079035758972168 1.000079035758972168 1.000079035758972168 1.000079035758972168 1.000079035758972168 1.000079035758972168 1.0000749826431274414 1.0000749826431274414 1.0000749826431274414 1.0000749826431274414 1.0000749826431274414 1.0000749826431274414 1.0000710487365722656 1.0000710487365722656 1.0000710487365722656 1.0000710487365722656 0 0 0 0 0 0 0 0
1.0000909566879272461 0.73931902647018432617 0.79399597644805908203 0.30738300085067749023 0.60912901163101196289 0.96504998207092285156 1.0000909566879272461 0.96368098258972167969 0.985301971435546875 1.0000909566879272461 1.0000909566879272461 1.0000909566879272461 1.0000909566879272461 1.0000909566879272461 1.0000870227813720703 1.0000870227813720703 1.0000870227813720703 1.0000870227813720703 1.0000870227813720703 1.0000870227813720703 1.0000870227813720703 1.0000870227813720703 1.0000870227813720703 1.0000829696655273438 1.0000829696655273438 1.0000829696655273438 1.0000829696655273438 0.97002899646759033203 0.58700597286224365234 0.57719302177429199219 0.55764502286911010742 0.4174830019474029541 0.73330301046371459961 1.000079035758972168 1.000079035758972168 1.000079035758972168 1.000079035758972168 1.0000749826431274414 1.0000749826431274414 1.0000749826431274414 1.0000749826431274414 1.0000749826431274414 1.0000749826431274414 1.0000710487365722656 1.0000710487365722656 0 0 0 0 0 0 0 0
0.42997100949287414551 0.056012999266386032104 0.26298698782920837402 0.14518499374389648438 0 0.81052500009536743164 0.98236697912216186523 0.50900501012802124023 0.098246000707149505615 0.56922298669815063477 1.0000909566879272461 1.0000909566879272461 1.0000909566879272461 1.0000909566879272461 1.0000909566879272461 1.0000909566879272461 1.0000909566879272461 1.0000909566879272461 1.0000870227813720703 1.0000870227813720703 1.0000870227813720703 1.0000870227813720703 0.9552599787712097168 0.69669097661972045898 0.73405498266220092773 0.77992600202560424805 0.66352099180221557617 0.2175150066614151001 0.34889501333236694336 0.35482901334762573242 0.061273999512195587158 0.34821501374244689941 0.69624799489974975586 1.000079035758972168 1.000079035758972168 1.000079035758972168 1.000079035758972168 1.000079035758972168 1.000079035758972168 1.0000749826431274414 1.0000749826431274414 1.0000749826431274414 1.0000749826431274414 1.0000749826431274414 1.0000749826431274414 1.0000710487365722656 0 0 0 0 0 0 0
0 0 0.18824400007724761963 0.2016569972038269043 0.0054660001769661903381 0.92312198877334594727 0.30949899554252624512 0.0074240001849830150604 0 0.067313998937606811523 0.96304798126220703125 1.0000909566879272461 1.0000909566879272461 1.0000909566879272461 1.0000909566879272461 1.0000909566879272461 1.0000909566879272461 1.0000909566879272461 1.0000909566879272461 0.93812900781631469727 0.41007098555564880371 0.22377200424671173096 0.22689299285411834717 0.47346898913383483887 0.34802898764610290527 0.20415300130844116211 0.47742000222206115723 0.87023699283599853516 1.0000870227813720703 1.0000829696655273438 0.99229097366333007813 1.0000829696655273438 1.0000829696655273438 1.0000829696655273438 1.0000829696655273438 1.000079035758972168 1.000079035758972168 1.000079035758972168 1.000079035758972168 1.000079035758972168 1.000079035758972168 1.0000749826431274414 1.0000749826431274414 1.0000749826431274414 1.0000749826431274414 1.0000749826431274414 1.0000710487365722656 0 0 0 0 0 0
0 0 0 0 0.1822910010814666748 0.89620900154113769531 0.55063998699188232422 0.054343998432159423828 0 0.6470419764518737793 1.0000950098037719727 1.0000950098037719727 1.0000950098037719727 1.0000950098037719727 1.0000909566879272461 1.0000909566879272461 0.96217000484466552734 0.49725699424743652344 0.44575700163841247559 0.47519698739051818848 0.77769500017166137695 0.52362799644470214844 0.35021299123764038086 0.97804701328277587891 1.0000870227813720703 1.0000870227813720703 1.0000870227813720703 1.0000870227813720703 1.0000870227813720703 1.0000870227813720703 1.0000870227813720703 1.0000829696655273438 1.0000829696655273438 1.0000829696655273438 1.0000829696655273438 1.0000829696655273438 1.0000829696655273438 1.000079035758972168 1.000079035758972168 1.000079035758972168 1.000079035758972168 1.000079035758972168 1.000079035758972168 1.0000749826431274414 1.0000749826431274414 1.0000749826431274414 1.0000749826431274414 0 0 0 0 0 0
0 0 0 0 0.12893199920654296875 0.99505198001861572266 1.0000950098037719727 0.96320199966430664063 0.79530501365661621094 0.93312102556228637695 1.0000950098037719727 1.0000950098037719727 1.0000950098037719727 1.0000950098037719727 1.0000950098037719727 1.0000950098037719727 0.28840100765228271484 0.59805399179458618164 1.0000909566879272461 0.84493798017501831055 0.22983199357986450195 0.44053199887275695801 0.90338802337646484375 1.0000909566879272461 1.0000909566879272461 1.0000909566879272461 1.0000870227813720703 1.0000870227813720703 1.0000870227813720703 1.0000870227813720703 1.0000870227813720703 1.0000870227813720703 1.0000870227813720703 1.0000829696655273438 1.0000829696655273438 1.0000829696655273438 1.0000829696655273438 1.0000829696655273438 1.0000829696655273438 1.000079035758972168 1.000079035758972168 1.000079035758972168 1.000079035758972168 1.000079035758972168 1.000079035758972168 1.0000749826431274414 1.0000749826431274414 0 0 0 0 0 0
0 0 0 0 0 0.46086698770523071289 1.0000989437103271484 1.0000989437103271484 1.0000989437103271484 1.0000989437103271484 1.0000989437103271484 1.0000950098037719727 1.0000950098037719727 1.0000950098037719727 1.0000950098037719727 1.0000950098037719727 0.73666501045227050781 1.0000950098037719727 1.0000950098037719727 0.74559700489044189453 0.72727501392364501953 1.0000909566879272461 1.0000909566879272461 1.0000909566879272461 1.0000909566879272461 1.0000909566879272461 1.0000909566879272461 1.0000909566879272461 1.0000909566879272461 1.0000870227813720703 1.0000870227813720703 1.0000870227813720703 1.0000870227813720703 1.0000870227813720703 1.0000870227813720703 1.0000829696655273438 1.0000829696655273438 1.0000829696655273438 1.0000829696655273438 1.0000829696655273438 1.0000829696655273438 1.000079035758972168 1.000079035758972168 1.000079035758972168 1.000079035758972168 1.000079035758972168 1.000079035758972168 0 0 0 0 0 0
0 0 0 0 0 0.00015000000712461769581 0.43798801302909851074 0.9927260279655456543 1.0000989437103271484 1.0000989437103271484 1.0000989437103271484 1.0000989437103271484 1.0000989437103271484 1.0000989437103271484 1.0000950098037719727 1.0000950098037719727 1.0000950098037719727 1.0000950098037719727 1.0000950098037719727 1.0000950098037719727 1.0000950098037719727 1.0000950098037719727 1.0000950098037719727 1.0000909566879272461 1.0000909566879272461 1.0000909566879272461 1.0000909566879272461 1.0000909566879272461 1.0000909566879272461 1.0000909566879272461 1.0000909566879272461 1.0000870227813720703 1.0000870227813720703 1.0000870227813720703 1.0000870227813720703 1.0000870227813720703 1.0000870227813720703 1.0000829696655273438 1.0000829696655273438 1.0000829696655273438 1.0000829696655273438 1.0000829696655273438 1.0000829696655273438 1.000079035758972168 1.000079035758972168 1.000079035758972168 1.000079035758972168 1.000079035758972168 0 0 0 0 0
0 0 0 0 0 0 0 0.39469599723815917969 0.95124900341033935547 1.0000989437103271484 1.0000989437103271484 1.0000989437103271484 1.0000989437103271484 1.0000989437103271484 1.0000989437103271484 1.0000989437103271484 1.0000989437103271484 1.0000989437103271484 1.0000950098037719727 1.0000950098037719727 1.0000950098037719727 1.0000950098037719727 1.0000950098037719727 1.0000950098037719727 1.0000950098037719727 1.0000950098037719727 1.0000909566879272461 1.0000909566879272461 1.0000909566879272461 1.0000909566879272461 1.0000909566879272461 1.0000909566879272461 1.0000909566879272461 1.0000870227813720703 1.0000870227813720703 1.0000870227813720703 1.0000870227813720703 1.0000870227813720703 1.0000870227813720703 1.0000829696655273438 1.0000829696655273438 1.0000829696655273438 1.0000829696655273438 1.0000829696655273438 1.0000829696655273438 1.000079035758972168 1.000079035758972168 1.000079035758972168 0 0 0 0 0
0 0 0 0 0 0 0 0 0.028071999549865722656 0.74315202236175537109 1.000102996826171875 1.0000989437103271484 1.0000989437103271484 1.0000989437103271484 1.0000989437103271484 1.0000989437103271484 1.0000989437103271484 1.0000989437103271484 1.0000989437103271484 1.0000989437103271484 1.0000989437103271484 1.0000950098037719727 1.0000950098037719727 1.0000950098037719727 1.0000950098037719727 1.0000950098037719727 1.0000950098037719727 1.0000950098037719727 1.0000950098037719727 1.0000909566879272461 1.0000909566879272461 1.0000909566879272461 1.0000909566879272461 1.0000909566879272461 1.0000909566879272461 1.0000870227813720703 1.0000870227813720703 1.0000870227813720703 1.0000870227813720703 1.0000870227813720703 1.0000870227813720703 1.0000829696655273438 1.0000829696655273438 1.0000829696655273438 1.0000829696655273438 1.0000829696655273438 1.0000829696655273438 1.000079035758972168 0 0 0 0 0
0 0 0 0 0 0 0 0 0 0.73547899723052978516 1.000102996826171875 1.000102996826171875 1.000102996826171875 1.000102996826171875 1.0000989437103271484 1.0000989437103271484 1.0000989437103271484 1.0000989437103271484 1.0000989437103271484 1.0000989437103271484 1.0000989437103271484 1.0000989437103271484 1.0000989437103271484 1.0000950098037719727 1.0000950098037719727 1.0000950098037719727 1.0000950098037719727 1.0000950098037719727 1.0000950098037719727 1.0000950098037719727 1.0000950098037719727 1.0000909566879272461 1.0000909566879272461 1.0000909566879272461 1.0000909566879272461 1.0000909566879272461 1.0000909566879272461 1.0000870227813720703 1.0000870227813720703 1.0000870227813720703 1.0000870227813720703 1.0000870227813720703 1.0000870227813720703 1.0000829696655273438 1.0000829696655273438 1.0000829696655273438 1.0000829696655273438 1.0000829696655273438 1.000079035758972168 0 0 0 0
0 0 0 0 0 0 0 0 0.22357100248336791992 0.99666202068328857422 1.000102996826171875 1.000102996826171875 1.000102996826171875 1.000102996826171875 1.000102996826171875 1.000102996826171875 1.000102996826171875 1.000102996826171875 1.0000989437103271484 1.0000989437103271484 1.0000989437103271484 1.0000989437103271484 1.0000989437103271484 1.0000989437103271484 1.0000989437103271484 1.0000989437103271484 1.0000950098037719727 1.0000950098037719727 1.0000950098037719727 1.0000950098037719727 1.0000950098037719727 1.0000950098037719727 1.0000950098037719727 1.0000909566879272461 1.0000909566879272461 1.0000909566879272461 1.0000909566879272461 1.0000909566879272461 1.0000909566879272461 1.0000870227813720703 1.0000870227813720703 1.0000870227813720703 1.0000870227813720703 1.0000870227813720703 1.0000870227813720703 1.0000829696655273438 1.0000829696655273438 0.87953597307205200195 0.98413902521133422852 0 0 0 0
0 0 0 0 0 0 0 0 0.84087198972702026367 1.0001070499420166016 1.0001070499420166016 1.000102996826171875 1.000102996826171875 1.000102996826171875 1.000102996826171875 1.000102996826171875 1.000102996826171875 1.000102996826171875 1.000102996826171875 1.000102996826171875 1.000102996826171875 1.0000989437103271484 1.0000989437103271484 1.0000989437103271484 1.0000989437103271484 1.0000989437103271484 1.0000989437103271484 1.0000989437103271484 1.0000989437103271484 1.0000950098037719727 1.0000950098037719727 1.0000950098037719727 1.0000950098037719727 1.0000950098037719727 1.0000950098037719727 1.0000909566879272461 1.0000909566879272461 1.0000909566879272461 1.0000909566879272461 1.0000909566879272461 1.0000909566879272461 1.0000870227813720703 1.0000870227813720703 1.0000870227813720703 1.0000870227813720703 1.0000870227813720703 0.98056298494338989258 0.097113996744155883789 0.36051300168037414551 0.84875899553298950195 0 0 0
0 0 0 0 0 0 0 0.11505299806594848633 0.97250199317932128906 1.0001070499420166016 1.0001070499420166016 1.0001070499420166016 1.0001070499420166016 1.0001070499420166016 1.000102996826171875 1.000102996826171875 1.000102996826171875 1.000102996826171875 1.000102996826171875 1.000102996826171875 1.000102996826171875 1.000102996826171875 1.000102996826171875 1.000102996826171875 1.0000989437103271484 1.0000989437103271484 1.0000989437103271484 1.0000989437103271484 1.0000989437103271484 1.0000989437103271484 1.0000989437103271484 1.0000950098037719727 1.0000950098037719727 1.0000950098037719727 1.0000950098037719727 1.0000950098037719727 1.0000950098037719727 1.0000909566879272461 1.0000909566879272461 1.0000909566879272461 1.0000909566879272461 1.0000909566879272461 1.0000909566879272461 1.0000870227813720703 1.0000870227813720703 1.0000870227813720703 0.51596200466156005859 0 0 0.1873899996280670166 0 0 0
0 0 0 0 0 0 0 0.29353499412536621094 1.0001070499420166016 1.0001070499420166016 1.0001070499420166016 1.0001070499420166016 1.0001070499420166016 1.0001070499420166016 1.0001070499420166016 1.0001070499420166016 1.0001070499420166016 1.0001070499420166016 1.000102996826171875 1.000102996826171875 1.000102996826171875 1.000102996826171875 1.000102996826171875 1.000102996826171875 1.000102996826171875 1.000102996826171875 1.0000989437103271484 1.0000989437103271484 1.0000989437103271484 1.0000989437103271484 1.0000989437103271484 1.0000989437103271484 1.0000989437103271484 1.0000950098037719727 1.0000950098037719727 1.0000950098037719727 1.0000950098037719727 1.0000950098037719727 1.0000950098037719727 1.0000909566879272461 1.0000909566879272461 1.0000909566879272461 1.0000909566879272461 1.0000909566879272461 1.0000909566879272461 0.99345797300338745117 0.060958001762628555298 0 0 0 0 0 0
0 0 0 0 0 0 0 0.33621799945831298828 1.0001109838485717773 1.0001109838485717773 1.0001109838485717773 1.0001070499420166016 1.0001070499420166016 1.0001070499420166016 1.0001070499420166016 1.0001070499420166016 1.0001070499420166016 1.0001070499420166016 1.0001070499420166016 1.0001070499420166016 1.0001070499420166016 1.000102996826171875 1.000102996826171875 1.000102996826171875 1.000102996826171875 1.000102996826171875 1.000102996826171875 1.000102996826171875 1.000102996826171875 1.0000989437103271484 1.0000989437103271484 1.0000989437103271484 1.0000989437103271484 1.0000989437103271484 1.0000989437103271484 1.0000950098037719727 1.0000950098037719727 1.0000950098037719727 1.0000950098037719727 1.0000950098037719727 1.0000950098037719727 1.0000909566879272461 1.0000909566879272461 1.0000909566879272461 1.0000909566879272461 1.0000909566879272461 0.43368101119995117188 0 0 0 0 0 0
0 0 0 0 0 0 0 0.55409300327301025391 1.0001109838485717773 1.0001109838485717773 1.0001109838485717773 1.0001109838485717773 1.0001109838485717773 1.0001109838485717773 1.0001070499420166016 1.0001070499420166016 1.0001070499420166016 1.0001070499420166016 1.0001070499420166016 1.0001070499420166016 1.0001070499420166016 1.0001070499420166016 1.0001070499420166016 1.0001070499420166016 1.000102996826171875 1.000102996826171875 1.000102996826171875 1.000102996826171875 1.000102996826171875 1.000102996826171875 1.000102996826171875 1.0000989437103271484 1.0000989437103271484 1.0000989437103271484 1.0000989437103271484 1.0000989437103271484 1.0000989437103271484 1.0000950098037719727 1.0000950098037719727 1.0000950098037719727 1.0000950098037719727 1.0000950098037719727 1.0000950098037719727 1.0000909566879272461 1.0000909566879272461 1.0000909566879272461 0.98077297210693359375 0.055178999900817871094 0 0 0 0 0
0 0 0 0 0.42097198963165283203 0.41933000087738037109 0.76435697078704833984 0.9980379939079284668 1.0001109838485717773 1.0001109838485717773 1.0001109838485717773 1.0001109838485717773 1.0001109838485717773 1.0001109838485717773 1.0001109838485717773 1.0001109838485717773 1.0001109838485717773 1.0001109838485717773 1.0001070499420166016 1.0001070499420166016 1.0001070499420166016 1.0001070499420166016 1.0001070499420166016 1.0001070499420166016 1.0001070499420166016 1.0001070499420166016 1.000102996826171875 1.000102996826171875 1.000102996826171875 1.000102996826171875 1.000102996826171875 1.000102996826171875 1.000102996826171875 1.0000989437103271484 1.0000989437103271484 1.0000989437103271484 1.0000989437103271484 1.0000989437103271484 1.0000989437103271484 1.0000950098037719727 1.0000950098037719727 1.0000950098037719727 1.0000950098037719727 0.97959798574447631836 0.4903590083122253418 0.26493701338768005371 0.039459999650716781616 0 0.033364001661539077759 0 0 0 0
0 0 0 0.050840001553297042847 0.99112397432327270508 1.0001150369644165039 1.0001150369644165039 1.0001150369644165039 1.0001150369644165039 1.0001150369644165039 1.0001150369644165039 1.0001109838485717773 1.0001109838485717773 1.0001109838485717773 1.0001109838485717773 1.0001109838485717773 1.0001109838485717773 1.0001109838485717773 1.0001109838485717773 1.0001109838485717773 1.0001109838485717773 1.0001070499420166016 1.0001070499420166016 1.0001070499420166016 1.0001070499420166016 1.0001070499420166016 1.0001070499420166016 1.0001070499420166016 1.0001070499420166016 1.000102996826171875 1.000102996826171875 1.000102996826171875 1.000102996826171875 1.000102996826171875 1.000102996826171875 1.0000989437103271484 1.0000989437103271484 1.0000989437103271484 1.0000989437103271484 1.0000989437103271484 1.0000989437103271484 1.0000950098037719727 1.0000950098037719727 0.99428397417068481445 0.76191300153732299805 0.57766699790954589844 0.55066698789596557617 0.80070400238037109375 0.95686602592468261719 0.07632099837064743042 0 0 0
0 0 0.042560998350381851196 0.57375901937484741211 1.0001150369644165039 1.0001150369644165039 1.0001150369644165039 1.0001150369644165039 1.0001150369644165039 1.0001150369644165039 1.0001150369644165039 0.99921697378158569336 0.71674501895904541016 0.54945701360702514648 0.95344001054763793945 1.0001109838485717773 1.0001109838485717773 1.0001109838485717773 1.0001109838485717773 1.0001109838485717773 1.0001109838485717773 1.0001109838485717773 1.0001109838485717773 1.0001109838485717773 1.0001070499420166016 1.0001070499420166016 1.0001070499420166016 1.0001070499420166016 1.0001070499420166016 1.0001070499420166016 1.0001070499420166016 1.000102996826171875 1.000102996826171875 1.000102996826171875 1.000102996826171875 1.000102996826171875 1.000102996826171875 1.0000989437103271484 1.0000989437103271484 1.0000989437103271484 1.0000989437103271484 1.0000989437103271484 1.0000989437103271484 1.0000950098037719727 1.0000950098037719727 1.0000950098037719727 1.0000950098037719727 1.0000950098037719727 0.47178000211715698242 0 0 0 0
0 0 0.68330597877502441406 1.0001189708709716797 1.0001189708709716797 1.0001189708709716797 1.0001150369644165039 1.0001150369644165039 1.0001150369644165039 1.0001150369644165039 1.0001150369644165039 0.79049897193908691406 0 0 0.56347900629043579102 1.0001150369644165039 1.0001150369644165039 1.0001150369644165039 1.0001109838485717773 1.0001109838485717773 1.0001109838485717773 1.0001109838485717773 1.0001109838485717773 1.0001109838485717773 1.0001109838485717773 1.0001109838485717773 1.0001070499420166016 1.0001070499420166016 1.0001070499420166016 1.0001070499420166016 1.0001070499420166016 1.0001070499420166016 1.0001070499420166016 1.000102996826171875 1.000102996826171875 1.000102996826171875 1.000102996826171875 1.000102996826171875 1.000102996826171875 1.0000989437103271484 1.0000989437103271484 1.0000989437103271484 1.0000989437103271484 1.0000989437103271484 1.0000989437103271484 1.0000950098037719727 1.0000950098037719727 1.0000950098037719727 0.82319498062133789063 0 0 0 0
