data_processed/landuse/LU-1990-NATURAL-H.asc
ncols        168
nrows        136
xllcorner    455000.000000000000
yllcorner    2107000.000000000000
cellsize     500.000000000000
NODATA_value  -99999
[rows 96 to 119 of 136, columns 106 to 158 of 168]
0 0.04696699976921081543 0.943943023681640625 1.0001189708709716797 1.0001189708709716797 1.0001189708709716797 1.0001189708709716797 1.0001189708709716797 1.0001189708709716797 1.0001189708709716797 1.0001189708709716797 0.19771400094032287598 0 0.076811000704765319824 0.77477997541427612305 1.0001150369644165039 1.0001150369644165039 1.0001150369644165039 1.0001150369644165039 1.0001150369644165039 1.0001150369644165039 1.0001109838485717773 1.0001109838485717773 1.0001109838485717773 1.0001109838485717773 1.0001109838485717773 1.0001109838485717773 1.0001109838485717773 1.0001109838485717773 1.0001070499420166016 1.0001070499420166016 1.0001070499420166016 1.0001070499420166016 1.0001070499420166016 1.0001070499420166016 1.000102996826171875 1.000102996826171875 1.000102996826171875 1.000102996826171875 1.000102996826171875 1.000102996826171875 1.0000989437103271484 1.0000989437103271484 1.0000989437103271484 1.0000989437103271484 1.0000989437103271484 1.0000989437103271484 1.0000950098037719727 0.81808000802993774414 0 0 0 0
0 0.5442600250244140625 1.0001189708709716797 1.0001189708709716797 1.0001189708709716797 1.0001189708709716797 1.0001189708709716797 1.0001189708709716797 1.0001189708709716797 1.0001189708709716797 1.0001189708709716797 0.54351198673248291016 0.13561700284481048584 0.67229402065277099609 1.0001150369644165039 1.0001150369644165039 1.0001150369644165039 1.0001150369644165039 1.0001150369644165039 1.0001150369644165039 1.0001150369644165039 1.0001150369644165039 1.0001150369644165039 1.0001150369644165039 1.0001109838485717773 1.0001109838485717773 1.0001109838485717773 1.0001109838485717773 1.0001109838485717773 1.0001109838485717773 1.0001109838485717773 1.0001070499420166016 1.0001070499420166016 1.0001070499420166016 1.0001070499420166016 1.0001070499420166016 1.0001070499420166016 1.000102996826171875 1.000102996826171875 1.000102996826171875 1.000102996826171875 1.000102996826171875 1.000102996826171875 1.0000989437103271484 1.0000989437103271484 1.0000989437103271484 1.0000989437103271484 1.0000989437103271484 0.38932400941848754883 0 0 0 0
0.24775800108909606934 0.98085600137710571289 1.0001230239868164063 1.0001230239868164063 1.0001230239868164063 1.0001230239868164063 1.0001189708709716797 1.0001189708709716797 1.0001189708709716797 1.0001189708709716797 1.0001189708709716797 1.0001189708709716797 1.0001189708709716797 1.0001189708709716797 1.0001189708709716797 1.0001189708709716797 1.0001189708709716797 1.0001189708709716797 1.0001150369644165039 1.0001150369644165039 1.0001150369644165039 1.0001150369644165039 1.0001150369644165039 1.0001150369644165039 1.0001150369644165039 1.0001150369644165039 1.0001109838485717773 1.0001109838485717773 1.0001109838485717773 1.0001109838485717773 1.0001109838485717773 1.0001109838485717773 1.0001109838485717773 1.0001070499420166016 1.0001070499420166016 1.0001070499420166016 1.0001070499420166016 1.0001070499420166016 1.0001070499420166016 1.000102996826171875 1.000102996826171875 1.000102996826171875 1.000102996826171875 1.000102996826171875 1.000102996826171875 1.0000989437103271484 0.85344201326370239258 0.45252498984336853027 0.019116999581456184387 0 0 0 0
0.57576501369476318359 1.0001230239868164063 0.62341201305389404297 0.28230500221252441406 0.90073001384735107422 1.0001230239868164063 1.0001230239868164063 1.0001230239868164063 1.0001230239868164063 1.0001230239868164063 1.0001230239868164063 1.0001189708709716797 1.0001189708709716797 1.0001189708709716797 1.0001189708709716797 1.0001189708709716797 1.0001189708709716797 1.0001189708709716797 1.0001189708709716797 1.0001189708709716797 1.0001189708709716797 1.0001150369644165039 1.0001150369644165039 1.0001150369644165039 1.0001150369644165039 1.0001150369644165039 1.0001150369644165039 1.0001150369644165039 1.0001150369644165039 1.0001109838485717773 1.0001109838485717773 1.0001109838485717773 1.0001109838485717773 1.0001109838485717773 1.0001109838485717773 1.0001070499420166016 1.0001070499420166016 1.0001070499420166016 1.0001070499420166016 1.0001070499420166016 1.0001070499420166016 1.000102996826171875 1.000102996826171875 1.000102996826171875 1.000102996826171875 1.000102996826171875 0.88657301664352416992 0.28543800115585327148 4.4000000343658030033e-05 0 0 0 0
0.87020498514175415039 0.99993699789047241211 0.16999000310897827148 0.00019399999291636049747 0.45922499895095825195 1.0001230239868164063 1.0001230239868164063 1.0001230239868164063 1.0001230239868164063 1.0001230239868164063 1.0001230239868164063 1.0001230239868164063 1.0001230239868164063 1.0001230239868164063 1.0001189708709716797 1.0001189708709716797 1.0001189708709716797 1.0001189708709716797 1.0001189708709716797 1.0001189708709716797 1.0001189708709716797 1.0001189708709716797 1.0001189708709716797 1.0001189708709716797 1.0001150369644165039 1.0001150369644165039 1.0001150369644165039 1.0001150369644165039 1.0001150369644165039 1.0001150369644165039 1.0001150369644165039 1.0001109838485717773 1.0001109838485717773 1.0001109838485717773 1.0001109838485717773 1.0001109838485717773 1.0001109838485717773 1.0001070499420166016 1.0001070499420166016 1.0001070499420166016 1.0001070499420166016 1.0001070499420166016 1.0001070499420166016 1.000102996826171875 1.000102996826171875 1.000102996826171875 1.000102996826171875 1.000102996826171875 0.25207400321960449219 0 0 0 0
1.000126957893371582 0.84512799978256225586 0.0076219998300075531006 0.89359402656555175781 0.97145700454711914063 1.000126957893371582 1.0001230239868164063 1.0001230239868164063 1.0001230239868164063 1.0001230239868164063 1.0001230239868164063 1.0001230239868164063 1.0001230239868164063 1.0001230239868164063 1.0001230239868164063 1.0001230239868164063 1.0001230239868164063 1.0001230239868164063 1.0001189708709716797 1.0001189708709716797 1.0001189708709716797 1.0001189708709716797 1.0001189708709716797 1.0001189708709716797 0.95281499624252319336 0.94291102886199951172 1.0001150369644165039 1.0001150369644165039 1.0001150369644165039 1.0001150369644165039 1.0001150369644165039 1.0001150369644165039 1.0001150369644165039 0.9770939946174621582 1.0001109838485717773 1.0001109838485717773 1.0001109838485717773 1.0001109838485717773 1.0001109838485717773 1.0001070499420166016 1.0001070499420166016 1.0001070499420166016 1.0001070499420166016 1.0001070499420166016 1.0001070499420166016 1.000102996826171875 1.000102996826171875 1.000102996826171875 0.27539899945259094238 0 0 0 0
1.000126957893371582 0.90599501132965087891 0.46490898728370666504 1.000126957893371582 1.000126957893371582 1.000126957893371582 1.000126957893371582 1.000126957893371582 1.000126957893371582 1.000126957893371582 0.49995100498199462891 0.30397298932075500488 0.77301198244094848633 1.0001230239868164063 1.0001230239868164063 1.0001230239868164063 1.0001230239868164063 1.0001230239868164063 1.0001230239868164063 1.0001230239868164063 1.0001230239868164063 1.0001189708709716797 1.0001189708709716797 1.0001189708709716797 0.28473800420761108398 0.041825000196695327759 0.31017500162124633789 0.71882200241088867188 1.0001189708709716797 1.0001150369644165039 0.93381702899932861328 0.48871698975563049316 0.36796501278877258301 0.26848500967025756836 1.0001150369644165039 1.0001109838485717773 1.0001109838485717773 1.0001109838485717773 1.0001109838485717773 1.0001109838485717773 1.0001109838485717773 1.0001070499420166016 1.0001070499420166016 1.0001070499420166016 1.0001070499420166016 1.0001070499420166016 1.0001070499420166016 1.000102996826171875 0.19677600264549255371 0 0 0 0
1.0001310110092163086 1.000126957893371582 1.000126957893371582 1.000126957893371582 1.000126957893371582 1.000126957893371582 1.000126957893371582 1.000126957893371582 1.000126957893371582 1.000126957893371582 0.72749602794647216797 0.00097300001652911305428 0.79742097854614257813 1.000126957893371582 1.0001230239868164063 1.0001230239868164063 1.0001230239868164063 1.0001230239868164063 1.0001230239868164063 1.0001230239868164063 1.0001230239868164063 1.0001230239868164063 1.0001230239868164063 1.0001230239868164063 0.93003600835800170898 0.11676900088787078857 0.46593400835990905762 0.95130401849746704102 1.0001189708709716797 1.0001189708709716797 0.99810898303985595703 0.44722801446914672852 0.47355198860168457031 0.95493501424789428711 1.0001150369644165039 1.0001150369644165039 1.0001150369644165039 1.0001109838485717773 1.0001109838485717773 1.0001109838485717773 1.0001109838485717773 1.0001109838485717773 1.0001109838485717773 1.0001070499420166016 1.0001070499420166016 1.0001070499420166016 1.0001070499420166016 1.0001070499420166016 0.37781798839569091797 0 0 0 0
1.0001310110092163086 1.0001310110092163086 1.0001310110092163086 1.0001310110092163086 1.0001310110092163086 1.0001310110092163086 1.000126957893371582 1.000126957893371582 1.000126957893371582 1.000126957893371582 0.83721697330474853516 0.32036900520324707031 1.000126957893371582 1.000126957893371582 1.000126957893371582 1.000126957893371582 1.000126957893371582 1.000126957893371582 1.0001230239868164063 1.0001230239868164063 1.0001230239868164063 1.0001230239868164063 1.0001230239868164063 1.0001230239868164063 1.0001230239868164063 0.99864697456359863281 0.99733400344848632813 1.0001189708709716797 1.0001189708709716797 1.0001189708709716797 1.0001189708709716797 1.0001189708709716797 1.0001189708709716797 1.0001150369644165039 1.0001150369644165039 1.0001150369644165039 1.0001150369644165039 1.0001150369644165039 1.0001150369644165039 1.0001109838485717773 1.0001109838485717773 1.0001109838485717773 1.0001109838485717773 1.0001109838485717773 1.0001109838485717773 1.0001070499420166016 1.0001070499420166016 1.0001070499420166016 0.97137802839279174805 0.0069889998994767665863 0 0 0
1.0001310110092163086 1.0001310110092163086 1.0001310110092163086 1.0001310110092163086 1.0001310110092163086 1.0001310110092163086 1.0001310110092163086 1.0001310110092163086 1.0001310110092163086 1.0001310110092163086 0.9995059967041015625 1.000126957893371582 1.000126957893371582 1.000126957893371582 1.000126957893371582 1.000126957893371582 1.000126957893371582 1.000126957893371582 1.000126957893371582 1.000126957893371582 1.000126957893371582 1.0001230239868164063 1.0001230239868164063 1.0001230239868164063 1.0001230239868164063 1.0001230239868164063 1.0001230239868164063 1.0001230239868164063 1.0001230239868164063 1.0001189708709716797 1.0001189708709716797 1.0001189708709716797 1.0001189708709716797 1.0001189708709716797 1.0001189708709716797 1.0001150369644165039 1.0001150369644165039 1.0001150369644165039 1.0001150369644165039 1.0001150369644165039 1.0001109838485717773 1.0001109838485717773 1.0001109838485717773 0 0 1.0001109838485717773 1.0001109838485717773 1.0001070499420166016 0.46461200714111328125 0 0 0 0
1.0001339912414550781 1.0001310110092163086 1.0001310110092163086 1.0001310110092163086 1.0001310110092163086 1.0001310110092163086 1.0001310110092163086 1.0001310110092163086 1.0001310110092163086 1.0001310110092163086 1.0001310110092163086 1.0001310110092163086 1.0001310110092163086 1.0001310110092163086 1.000126957893371582 1.000126957893371582 1.000126957893371582 1.000126957893371582 1.000126957893371582 1.000126957893371582 1.000126957893371582 1.000126957893371582 1.000126957893371582 1.0001230239868164063 1.0001230239868164063 1.0001230239868164063 1.0001230239868164063 1.0001230239868164063 1.0001230239868164063 1.0001230239868164063 1.0001230239868164063 1.0001189708709716797 1.0001189708709716797 1.0001189708709716797 1.0001189708709716797 1.0001189708709716797 1.0001189708709716797 1.0001150369644165039 1.0001150369644165039 0 0 0 0 0 0 0 0 0 0.00033199999597854912281 0 0 0 0
1.0001339912414550781 1.0001339912414550781 1.0001339912414550781 1.0001339912414550781 1.0001339912414550781 1.0001339912414550781 1.0001310110092163086 1.0001310110092163086 1.0001310110092163086 1.0001310110092163086 1.0001310110092163086 1.0001310110092163086 1.0001310110092163086 1.0001310110092163086 1.0001310110092163086 1.0001310110092163086 1.0001310110092163086 1.0001310110092163086 1.000126957893371582 1.000126957893371582 1.000126957893371582 1.000126957893371582 1.000126957893371582 1.000126957893371582 1.000126957893371582 1.000126957893371582 1.0001230239868164063 1.0001230239868164063 1.0001230239868164063 1.0001230239868164063 1.0001230239868164063 1.0001230239868164063 1.0001230239868164063 1.0001189708709716797 1.0001189708709716797 1.0001189708709716797 1.0001189708709716797 1.0001189708709716797 1.0000629425048828125 0 0 0 0 0 0 0 0 0 0 0 0 0 0
1.0001339912414550781 1.0001339912414550781 1.0001339912414550781 1.0001339912414550781 1.0001339912414550781 1.0001339912414550781 1.0001339912414550781 1.0001339912414550781 1.0001339912414550781 1.0001339912414550781 1.0001339912414550781 1.0001310110092163086 1.0001310110092163086 1.0001310110092163086 1.0001310110092163086 1.0001310110092163086 1.0001310110092163086 1.0001310110092163086 1.0001310110092163086 1.0001310110092163086 1.0001310110092163086 1.000126957893371582 1.000126957893371582 1.000126957893371582 1.000126957893371582 1.000126957893371582 1.000126957893371582 1.000126957893371582 1.000126957893371582 1.0001230239868164063 1.0001230239868164063 1.0001230239868164063 1.0001230239868164063 1.0001230239868164063 1.0001230239868164063 1.0001189708709716797 1.0001189708709716797 1.0001189708709716797 0 0 0 0 0 0 0 0 0 0 0 0 0 0 0
1.0001380443572998047 1.0001339912414550781 1.0001339912414550781 1.0001339912414550781 1.0001339912414550781 1.0001339912414550781 1.0001339912414550781 1.0001339912414550781 1.0001339912414550781 1.0001339912414550781 1.0001339912414550781 1.0001339912414550781 1.0001339912414550781 1.0001339912414550781 1.0001310110092163086 1.0001310110092163086 1.0001310110092163086 1.0001310110092163086 1.0001310110092163086 1.0001310110092163086 1.0001310110092163086 1.0001310110092163086 1.0001310110092163086 1.000126957893371582 1.000126957893371582 1.000126957893371582 1.000126957893371582 0 1.000126957893371582 1.000126957893371582 1.000126957893371582 1.0001230239868164063 1.0001230239868164063 1.0001230239868164063 1.0001189708709716797 0 0 0 0 0 0 0 0 0 0 0 0 0 0 0 0 0 0
0.99880897998809814453 1.0001380443572998047 1.0001380443572998047 1.0001380443572998047 1.0001380443572998047 1.0001380443572998047 1.0001339912414550781 1.0001339912414550781 1.0001339912414550781 1.0001339912414550781 1.0001339912414550781 1.0001339912414550781 1.0001339912414550781 1.0001339912414550781 1.0001339912414550781 1.0001339912414550781 1.0001339912414550781 1.0001339912414550781 1.0001310110092163086 1.0001310110092163086 1.0001310110092163086 1.0001310110092163086 1.0001310110092163086 1.0001310110092163086 1.000126957893371582 0 0 0 0 1.000126957893371582 1.000126957893371582 1.0001230239868164063 0 0 0 0 0 0 0 0 0 0 0 0 0 0 0 0 0 0 0 0 0
0.48379999399185180664 0.99926000833511352539 1.0001380443572998047 1.0001380443572998047 1.0001380443572998047 1.0001380443572998047 1.0001380443572998047 1.0001380443572998047 1.0001380443572998047 1.0001380443572998047 1.0001339912414550781 1.0001339912414550781 0.99385702610015869141 0.93146401643753051758 0 0 0 0 1.0001339912414550781 0 0 0 0 0 0 0 0 0 0 0 0 0 0 0 0 0 0 0 0 0 0 0 0 0 0 0 0 0 0 0 0 0 0
0 0.17676199972629547119 0.64045602083206176758 0.97298002243041992188 1.0001380443572998047 1.0001380443572998047 1.0001380443572998047 1.0001380443572998047 1.0001380443572998047 1.0001380443572998047 1.0001380443572998047 1.0001380443572998047 0.4278309941291809082 0 0 0 0 0 0 0 0 0 0 0 0 0 0 0 0 0 0 0 0 0 0 0 0 0 0 0 0 0 0 0 0 0 0 0 0 0 0 0 0
0 0 0 0.17588800191879272461 1.0001419782638549805 1.0001419782638549805 1.0001380443572998047 1.0001380443572998047 1.0001380443572998047 1.0001380443572998047 0.88507801294326782227 0.98788398504257202148 0.34196200966835021973 0 0 0 0 0 0 0 0 0 0 0 0 0 0 0 0 0 0 0 0 0 0 0 0 0 0 0 0 0 0 0 0 0 0 0 0 0 0 0 0
0 0 0 0.7605050206184387207 1.0001419782638549805 1.0001419782638549805 1.0001419782638549805 1.0001419782638549805 1.0001419782638549805 0.97165501117706298828 0.243707999587059021 0.57877099514007568359 0.49679398536682128906 0 0 0 0 0 0 0 0 0 0 0 0 0 0 0 0 0 0 0 0 0 0 0 0 0 0 0 0 0 0 0 0 0 0 0 0 0 0 0 0
0 0 0 0.63965702056884765625 1.0001419782638549805 1.0001419782638549805 0.99632102251052856445 0.99916899204254150391 1.0001419782638549805 0.83700299263000488281 0 0 0 0 0 0 0 0 0 0 0 0 0 0 0 0 0 0 0 0 0 0 0 0 0 0 0 0 0 0 0 0 0 0 0 0 0 0 0 0 0 0 0
0 0 0 0.18487800657749176025 0.5855630040168762207 0.4075469970703125 0.093866996467113494873 0.54667997360229492188 1.0001419782638549805 0.54315197467803955078 0 0 0 0 0 0 0 0 0 0 0 0 0 0 0 0 0 0 0 0 0 0 0 0 0 0 0 0 0 0 0 0 0 0 0 0 0 0 0 0 0 0 0
0 0 0 0 0 0 0 0.12653900682926177979 0.79304200410842895508 0 0 0 0 0 0 0 0 0 0 0 0 0 0 0 0 0 0 0 0 0 0 0 0 0 0 0 0 0 0 0 0 0 0 0 0 0 0 0 0 0 0 0 0
0 0 0 0 0 0 0 0 0 0 0 0 0 0 0 0 0 0 0 0 0 0 0 0 0 0 0 0 0 0 0 0 0 0 0 0 0 0 0 0 0 0 0 0 0 0 0 0 0 0 0 0 0
0 0 0 0 0 0 0 0 0 0 0 0 0 0 0 0 0 0 0 0 0 0 0 0 0 0 0 0 0 0 0 0 0 0 0 0 0 0 0 0 0 0 0 0 0 0 0 0 0 0 0 0 0
