data_processed/landuse/LU-1985-NATURAL.asc
ncols        168
nrows        136
xllcorner    455000.000000000000
yllcorner    2107000.000000000000
cellsize     500.000000000000
NODATA_value  -99999
[rows 29 to 57 of 136, columns 0 to 63 of 168]
0 0 0 0 0 0 0 0 0 0 0 0 0 0 0 0 0 0 0 0 1 1 1 1 1 1 1 0.99000000953674316406 1 1 1 1 0.92000001668930053711 0.98000001907348632813 1 1 1 1 0.33000001311302185059 0 0.0099999997764825820923 0.039999999105930328369 0 0 0.039999999105930328369 0.0099999997764825820923 0.019999999552965164185 0.029999999329447746277 0 0 0.0099999997764825820923 0.0099999997764825820923 0 0.059999998658895492554 0.23999999463558197021 0.85000002384185791016 0.17000000178813934326 0.74000000953674316406 0.28999999165534973145 0.0099999997764825820923 0 0.51999998092651367188 1 0.81999999284744262695
0 0 0 0 0 0 0 0 0 0 0 0 0 0 0 0 0 0 0 1 1 1 1 1 1 1 1 1 1 1 1 0.92000001668930053711 0.55000001192092895508 0.30000001192092895508 0.62000000476837158203 0.97000002861022949219 1 0.72000002861022949219 0.070000000298023223877 0.17000000178813934326 0.14000000059604644775 0.019999999552965164185 0 0 0 0 0.0099999997764825820923 0.0099999997764825820923 0.019999999552965164185 0.019999999552965164185 0.019999999552965164185 0.34000000357627868652 0.0099999997764825820923 0.029999999329447746277 0.0099999997764825820923 0 0 0.43999999761581420898 0.5 0.10000000149011611938 0 0.55000001192092895508 1 0.74000000953674316406
0 0 0 0 0 0 0 0 0 0 0 0 0 0 0 0 0 0 1 1 1 1 1 1 1 1 1 1 1 1 1 1 0.81999999284744262695 0.87000000476837158203 0.43000000715255737305 0.66000002622604370117 0.93999999761581420898 0.64999997615814208984 0.68999999761581420898 0.17000000178813934326 0.20000000298023223877 0 0 0 0 0 0.0099999997764825820923 0.019999999552965164185 0.0099999997764825820923 0 0.51999998092651367188 0.91000002622604370117 0.10000000149011611938 0.0099999997764825820923 0.019999999552965164185 0.0099999997764825820923 0.070000000298023223877 0.10000000149011611938 0.039999999105930328369 0.0099999997764825820923 0 0.5 1 0.58999997377395629883
0 0 0 0 0 0 0 0 0 0 0 0 0 0 0 0 0 1 1 1 1 1 1 1 1 1 1 1 1 1 1 1 0.93000000715255737305 0.91000002622604370117 0.81999999284744262695 0.38999998569488525391 0.23000000417232513428 0.28999999165534973145 0.029999999329447746277 0 0.019999999552965164185 0 0 0 0 0.019999999552965164185 0.0099999997764825820923 0.029999999329447746277 0 0.0099999997764825820923 0.37000000476837158203 0.88999998569488525391 0.46999999880790710449 0 0.019999999552965164185 0.0099999997764825820923 0 0.12999999523162841797 0.18000000715255737305 0.090000003576278686523 0 0.10999999940395355225 0.56000000238418579102 0.23000000417232513428
0 0 0 0 0 0 0 0 0 0 0 0 0 0 0 0 0 1 1 1 1 1 1 1 1 1 1 1 1 1 1 1 0.15000000596046447754 0.92000001668930053711 0.54000002145767211914 0.0099999997764825820923 0 0 0 0.0099999997764825820923 0 0 0.0099999997764825820923 0 0 0.019999999552965164185 0 0.15000000596046447754 0.34999999403953552246 0.18999999761581420898 0 0.44999998807907104492 0.74000000953674316406 0 0 0.0099999997764825820923 0 0 0.14000000059604644775 0.27000001072883605957 0.46999999880790710449 0.20999999344348907471 0.41999998688697814941 0.49000000953674316406
0 0 0 0 0 0 0 0 0 0 0 0 0 0 0 0 1 1 1 1 1 1 1 1 1 1 1 1 1 1 1 1 0.85000002384185791016 0.76999998092651367188 0.36000001430511474609 0.14000000059604644775 0 0 0.0099999997764825820923 0.019999999552965164185 0 0 0 0 0.0099999997764825820923 0 0.0099999997764825820923 0 0.0099999997764825820923 0.019999999552965164185 0.0099999997764825820923 0.18000000715255737305 0.75999999046325683594 0 0 0 0.18000000715255737305 0.20999999344348907471 0.079999998211860656738 0 0 0.090000003576278686523 0.92000001668930053711 0.44999998807907104492
0 0 0 0 0 0 0 0 0 0 0 0 0 0 0 1 1 1 1 1 1 1 1 1 1 1 1 1 1 1 1 0.97000002861022949219 0.47999998927116394043 0.46999999880790710449 0.52999997138977050781 0.20999999344348907471 0.0099999997764825820923 0.0099999997764825820923 0.0099999997764825820923 0 0 0.0099999997764825820923 0 0 0.0099999997764825820923 0.0099999997764825820923 0.050000000745058059692 0.090000003576278686523 0.5 0.85000002384185791016 0.25999999046325683594 0.10999999940395355225 0.23999999463558197021 0 0 0 0.0099999997764825820923 0.079999998211860656738 0.039999999105930328369 0.55000001192092895508 0.28999999165534973145 0.27000001072883605957 1 0.43000000715255737305
0 0 0 0 0 0 0 0 0 0 0 0 0 1 1 1 1 1 1 1 1 1 1 1 1 1 1 1 1 0.94999998807907104492 0.70999997854232788086 0.17000000178813934326 0 0 0 0 0.019999999552965164185 0.0099999997764825820923 0.0099999997764825820923 0.0099999997764825820923 0.039999999105930328369 0.029999999329447746277 0.019999999552965164185 0.0099999997764825820923 0 0 0.029999999329447746277 0.019999999552965164185 0.050000000745058059692 0.60000002384185791016 0.86000001430511474609 0.80000001192092895508 0.75999999046325683594 0 0 0 0 0.070000000298023223877 0.21999999880790710449 0.88999998569488525391 1 0.94999998807907104492 0.89999997615814208984 0.0099999997764825820923
0 0 0 0 0 0 1 1 1 1 1 1 1 1 1 1 1 1 1 1 1 1 1 1 1 1 1 1 1 0.80000001192092895508 0.62000000476837158203 0.79000002145767211914 0.15999999642372131348 0 0 0 0 0.059999998658895492554 0.019999999552965164185 0.0099999997764825820923 0.0099999997764825820923 0.019999999552965164185 0.019999999552965164185 0.0099999997764825820923 0 0.49000000953674316406 0.37999999523162841797 0.079999998211860656738 0.0099999997764825820923 0.25999999046325683594 0.88999998569488525391 1 0.99000000953674316406 0.12999999523162841797 0 0 0 0.019999999552965164185 0.15000000596046447754 0.80000001192092895508 1 1 0.31000000238418579102 0
0 0 0 0 0 1 1 1 1 1 1 1 1 1 1 1 1 1 1 1 1 1 1 1 1 1 1 1 1 1 1 1 0.18000000715255737305 0 0 0 0 0.019999999552965164185 0.059999998658895492554 0.41999998688697814941 0.090000003576278686523 0.050000000745058059692 0.019999999552965164185 0.019999999552965164185 0.0099999997764825820923 0.15999999642372131348 0.20999999344348907471 0.050000000745058059692 0.029999999329447746277 0 0 0.10999999940395355225 0.28999999165534973145 0.25 0.11999999731779098511 0 0.0099999997764825820923 0.029999999329447746277 0.039999999105930328369 0.10000000149011611938 0.37000000476837158203 0.64999997615814208984 0.15000000596046447754 0.029999999329447746277
0 0 0 0 0 1 1 1 1 1 1 1 1 1 1 1 1 1 1 1 1 1 1 1 1 1 1 1 1 1 1 0.79000002145767211914 0 0 0 0 0.0099999997764825820923 0 0.23000000417232513428 0.94999998807907104492 0.10999999940395355225 0.019999999552965164185 0 0 0.15000000596046447754 0.12999999523162841797 0.070000000298023223877 0 0.0099999997764825820923 0.019999999552965164185 0 0 0 0.059999998658895492554 0.050000000745058059692 0 0 0.0099999997764825820923 0 0.10999999940395355225 0.0099999997764825820923 0 0.10000000149011611938 0.12999999523162841797
0 0 0 1 1 1 1 1 1 1 1 1 1 1 1 1 1 1 1 1 1 1 1 1 1 1 1 1 1 1 1 0.97000002861022949219 0.090000003576278686523 0.019999999552965164185 0.0099999997764825820923 0.17000000178813934326 0.18999999761581420898 0.0099999997764825820923 0.039999999105930328369 0.15000000596046447754 0.039999999105930328369 0.059999998658895492554 0 0.0099999997764825820923 0.28000000119209289551 0.67000001668930053711 0.41999998688697814941 0.079999998211860656738 0.029999999329447746277 0.019999999552965164185 0 0.0099999997764825820923 0 0.0099999997764825820923 0.0099999997764825820923 0 0 0 0.0099999997764825820923 0.10999999940395355225 0.050000000745058059692 0.019999999552965164185 0.0099999997764825820923 0.10999999940395355225
0 0 1 1 1 1 1 1 1 1 1 1 1 1 1 1 1 1 1 1 1 1 1 1 1 1 1 1 1 1 1 1 0.80000001192092895508 0.73000001907348632813 0.33000001311302185059 0.52999997138977050781 0.57999998331069946289 0.0099999997764825820923 0.25999999046325683594 0.15000000596046447754 0.0099999997764825820923 0.0099999997764825820923 0 0.019999999552965164185 0.019999999552965164185 0.18999999761581420898 0.059999998658895492554 0.18999999761581420898 0.050000000745058059692 0 0.039999999105930328369 0.039999999105930328369 0 0.0099999997764825820923 0 0.0099999997764825820923 0 0 0.019999999552965164185 0.0099999997764825820923 0.10000000149011611938 0.019999999552965164185 0.079999998211860656738 0.34999999403953552246
1 1 1 1 1 1 1 1 1 1 1 1 1 1 1 1 1 1 1 1 1 1 1 1 1 1 1 1 1 1 1 1 1 1 0.14000000059604644775 0 0.34999999403953552246 0.69999998807907104492 0.67000001668930053711 0.039999999105930328369 0.0099999997764825820923 0 0 0.029999999329447746277 0 0.0099999997764825820923 0.0099999997764825820923 0.0099999997764825820923 0.050000000745058059692 0 0.019999999552965164185 0.019999999552965164185 0 0.0099999997764825820923 0 0.050000000745058059692 0.10999999940395355225 0 0.019999999552965164185 0.0099999997764825820923 0.12999999523162841797 0.0099999997764825820923 0.21999999880790710449 0
1 1 1 1 1 1 1 1 1 1 1 1 1 1 1 1 1 1 1 1 1 1 1 1 1 1 1 1 1 1 1 1 1 1 0.75 0.10999999940395355225 0.62999999523162841797 0.31000000238418579102 0.0099999997764825820923 0.0099999997764825820923 0.0099999997764825820923 0.0099999997764825820923 0.019999999552965164185 0.029999999329447746277 0.0099999997764825820923 0.0099999997764825820923 0.029999999329447746277 0.34999999403953552246 0.18999999761581420898 0 0.0099999997764825820923 0.029999999329447746277 0.050000000745058059692 0.029999999329447746277 0.039999999105930328369 0.0099999997764825820923 0.019999999552965164185 0.0099999997764825820923 0.019999999552965164185 0.029999999329447746277 0.079999998211860656738 0.23999999463558197021 0.029999999329447746277 0.0099999997764825820923
0 1 1 1 1 1 1 1 1 1 1 1 1 1 1 1 1 1 1 1 1 1 1 1 1 1 1 1 1 1 1 0.75999999046325683594 0.18000000715255737305 0.49000000953674316406 0.93000000715255737305 0.74000000953674316406 0.43000000715255737305 0 0 0 0 0 0.019999999552965164185 0 0 0.019999999552965164185 0.20999999344348907471 0.72000002861022949219 0.98000001907348632813 0.87000000476837158203 0.039999999105930328369 0.029999999329447746277 0.059999998658895492554 0.050000000745058059692 0.039999999105930328369 0.090000003576278686523 0.10999999940395355225 0.0099999997764825820923 0.0099999997764825820923 0.0099999997764825820923 0.059999998658895492554 0.10000000149011611938 0.0099999997764825820923 0.029999999329447746277
0 0 1 1 1 1 1 1 1 1 1 1 1 1 1 1 1 1 1 1 1 1 1 1 1 1 1 1 1 1 0.94999998807907104492 0.10999999940395355225 0 0 0 0 0 0 0 0.019999999552965164185 0.0099999997764825820923 0.0099999997764825820923 0.0099999997764825820923 0 0 0 0 0 0.079999998211860656738 0.34999999403953552246 0.0099999997764825820923 0.019999999552965164185 0.070000000298023223877 0.050000000745058059692 0.039999999105930328369 0.0099999997764825820923 0.019999999552965164185 0.0099999997764825820923 0.029999999329447746277 0.050000000745058059692 0.11999999731779098511 0.0099999997764825820923 0.0099999997764825820923 0.019999999552965164185
0 0 1 1 1 1 1 1 1 1 1 1 1 1 1 1 1 1 1 1 1 1 1 1 1 1 1 1 0.87999999523162841797 0.41999998688697814941 0.039999999105930328369 0 0 0 0 0 0.0099999997764825820923 0.0099999997764825820923 0 0 0 0.0099999997764825820923 0.029999999329447746277 0.019999999552965164185 0 0 0 0 0 0.029999999329447746277 0.050000000745058059692 0.029999999329447746277 0.019999999552965164185 0.0099999997764825820923 0.059999998658895492554 0.019999999552965164185 0.0099999997764825820923 0 0.039999999105930328369 0.070000000298023223877 0.019999999552965164185 0 0 0.019999999552965164185
0 0 0 1 1 1 1 1 1 1 1 1 1 1 1 1 1 1 1 1 1 1 1 1 1 1 1 1 0.80000001192092895508 0.37000000476837158203 0 0 0 0.0099999997764825820923 0.0099999997764825820923 0.0099999997764825820923 0 0 0 0 0 0.28999999165534973145 0.54000002145767211914 0.059999998658895492554 0.0099999997764825820923 0 0.039999999105930328369 0 0.019999999552965164185 0.019999999552965164185 0 0.019999999552965164185 0.079999998211860656738 0.30000001192092895508 0.039999999105930328369 0.019999999552965164185 0 0 0.050000000745058059692 0.0099999997764825820923 0.039999999105930328369 0.0099999997764825820923 0.039999999105930328369 0.039999999105930328369
0 0 0 0 1 1 1 1 1 1 1 1 1 1 1 1 1 1 1 1 1 1 1 1 1 1 1 1 1 0.85000002384185791016 0.15000000596046447754 0 0 0 0 0 0 0 0 0.10999999940395355225 0.5 0.50999999046325683594 0.11999999731779098511 0 0.050000000745058059692 0.050000000745058059692 0 0.019999999552965164185 0 0 0.0099999997764825820923 0.029999999329447746277 0.019999999552965164185 0.029999999329447746277 0.050000000745058059692 0.019999999552965164185 0.019999999552965164185 0.079999998211860656738 0 0.0099999997764825820923 0.029999999329447746277 0.10999999940395355225 0.039999999105930328369 0.0099999997764825820923
0 0 0 0 0 1 1 1 1 1 1 1 1 1 1 1 1 1 1 1 1 1 1 1 1 1 1 1 0.49000000953674316406 0.0099999997764825820923 0 0 0 0 0 0 0.0099999997764825820923 0 0.070000000298023223877 0.86000001430511474609 0.81999999284744262695 0.69999998807907104492 0.87000000476837158203 0.41999998688697814941 0.050000000745058059692 0.10000000149011611938 0.079999998211860656738 0.029999999329447746277 0.0099999997764825820923 0.0099999997764825820923 0 0.019999999552965164185 0.10000000149011611938 0 0.0099999997764825820923 0.019999999552965164185 0 0 0 0 0.0099999997764825820923 0.079999998211860656738 0 0
0 0 0 0 0 0 0 0 1 1 1 1 1 1 1 1 1 1 1 1 1 1 1 1 1 1 1 0.64999997615814208984 0.15999999642372131348 0 0 0 0 0 0 0 0 0 0.019999999552965164185 0.44999998807907104492 0.92000001668930053711 1 0.82999998331069946289 0.37999999523162841797 0.23999999463558197021 0.28999999165534973145 0.0099999997764825820923 0.0099999997764825820923 0.059999998658895492554 0.050000000745058059692 0.0099999997764825820923 0.0099999997764825820923 0.029999999329447746277 0 0.0099999997764825820923 0.0099999997764825820923 0.0099999997764825820923 0.12999999523162841797 0.0099999997764825820923 0.029999999329447746277 0.050000000745058059692 0.029999999329447746277 0 0
0 0 0 0 0 0 0 0 0 1 1 1 1 1 1 1 1 1 1 1 1 1 1 1 1 1 0.94999998807907104492 0.63999998569488525391 0.37000000476837158203 0.0099999997764825820923 0.40999999642372131348 0.51999998092651367188 0 0 0 0 0 0 0.58999997377395629883 0.52999997138977050781 0.95999997854232788086 0.66000002622604370117 0.050000000745058059692 0 0 0.11999999731779098511 0.029999999329447746277 0.029999999329447746277 0.029999999329447746277 0.029999999329447746277 0.039999999105930328369 0.090000003576278686523 0 0.0099999997764825820923 0.019999999552965164185 0 0 0.029999999329447746277 0.019999999552965164185 0.15000000596046447754 0.039999999105930328369 0 0 0.0099999997764825820923
0 0 0 0 0 0 0 0 0 0 1 1 1 1 1 1 1 1 1 1 1 1 1 1 1 1 0.73000001907348632813 0.27000001072883605957 0.17000000178813934326 0.73000001907348632813 1 0.87999999523162841797 0.050000000745058059692 0.019999999552965164185 0 0.50999999046325683594 0.81000000238418579102 0.029999999329447746277 0.57999998331069946289 0.98000001907348632813 0.44999998807907104492 0.0099999997764825820923 0 0.059999998658895492554 0.0099999997764825820923 0.0099999997764825820923 0.079999998211860656738 0.019999999552965164185 0.079999998211860656738 0.019999999552965164185 0.039999999105930328369 0.019999999552965164185 0.0099999997764825820923 0.0099999997764825820923 0.0099999997764825820923 0.039999999105930328369 0.050000000745058059692 0.019999999552965164185 0.0099999997764825820923 0.029999999329447746277 0.019999999552965164185 0 0 0.0099999997764825820923
0 0 0 0 0 0 0 0 0 0 1 1 1 1 1 1 1 1 1 1 1 1 1 1 1 1 0.79000002145767211914 0.67000001668930053711 0.99000000953674316406 1 1 1 0.46000000834465026855 0.029999999329447746277 0.37999999523162841797 0.76999998092651367188 0.41999998688697814941 0 0.050000000745058059692 0.059999998658895492554 0 0.019999999552965164185 0 0.039999999105930328369 0.21999999880790710449 0.019999999552965164185 0.029999999329447746277 0.46000000834465026855 0.36000001430511474609 0.10000000149011611938 0.28000000119209289551 0.62999999523162841797 0.14000000059604644775 0.019999999552965164185 0.070000000298023223877 0.11999999731779098511 0.050000000745058059692 0 0.11999999731779098511 0.029999999329447746277 0.0099999997764825820923 0 0.0099999997764825820923 0.0099999997764825820923
0 0 0 0 0 0 0 0 0 0 1 1 1 1 1 1 1 1 1 1 1 1 1 1 1 1 1 1 1 1 1 0.99000000953674316406 0.57999998331069946289 0.60000002384185791016 0.15999999642372131348 0.029999999329447746277 0.019999999552965164185 0.0099999997764825820923 0 0 0.039999999105930328369 0.0099999997764825820923 0 0.15000000596046447754 0.15000000596046447754 0.029999999329447746277 0.070000000298023223877 0.56000000238418579102 1 1 1 1 0.73000001907348632813 0.10999999940395355225 0.059999998658895492554 0.019999999552965164185 0.019999999552965164185 0.050000000745058059692 0.0099999997764825820923 0.0099999997764825820923 0.0099999997764825820923 0.019999999552965164185 0.050000000745058059692 0.019999999552965164185
0 0 0 0 0 0 0 0 0 0 1 1 1 1 1 1 1 1 1 1 1 1 1 1 1 1 1 1 1 1 1 1 0.79000002145767211914 0.0099999997764825820923 0.0099999997764825820923 0.079999998211860656738 0.10000000149011611938 0.090000003576278686523 0 0.019999999552965164185 0.039999999105930328369 0.0099999997764825820923 0.019999999552965164185 0.30000001192092895508 0.070000000298023223877 0.039999999105930328369 0.28000000119209289551 0.87999999523162841797 1 1 1 1 0.43999999761581420898 0.029999999329447746277 0 0.029999999329447746277 0.070000000298023223877 0.090000003576278686523 0 0 0 0 0 0
0 0 0 0 0 0 0 0 0 0 1 1 1 1 1 1 1 1 1 1 1 1 1 1 1 1 1 1 1 1 1 0.98000001907348632813 0.36000001430511474609 0 0.029999999329447746277 0.17000000178813934326 0.079999998211860656738 0.0099999997764825820923 0.0099999997764825820923 0.019999999552965164185 0.070000000298023223877 0.11999999731779098511 0.15999999642372131348 0.21999999880790710449 0.12999999523162841797 0.52999997138977050781 0.98000001907348632813 1 1 1 0.72000002861022949219 0.27000001072883605957 0.019999999552965164185 0.070000000298023223877 0.23000000417232513428 0.0099999997764825820923 0.0099999997764825820923 0 0.029999999329447746277 0.019999999552965164185 0 0 0 0
0 0 0 0 0 0 0 0 0 1 1 1 1 1 1 1 1 1 1 1 1 1 1 1 1 1 1 1 1 1 1 0.37999999523162841797 0.019999999552965164185 0.0099999997764825820923 0.019999999552965164185 0.039999999105930328369 0 0.0099999997764825820923 0.079999998211860656738 0.15000000596046447754 0.050000000745058059692 0.31000000238418579102 0.11999999731779098511 0.23999999463558197021 0.46999999880790710449 0.98000001907348632813 1 1 0.86000001430511474609 0.28999999165534973145 0 0.0099999997764825820923 0.029999999329447746277 0.050000000745058059692 0.20000000298023223877 0 0.0099999997764825820923 0 0.019999999552965164185 0.019999999552965164185 0 0 0 0.0099999997764825820923
