data_processed/landuse/LU-1990-URBAN.asc
ncols        168
nrows        136
xllcorner    455000.000000000000
yllcorner    2107000.000000000000
cellsize     500.000000000000
NODATA_value  -99999
[rows 54 to 80 of 136, columns 0 to 60 of 168]
0 0 0 0 0 0 0 0 0 0 0 0 0 0 0 0 0 0 0 0 0 0 0 0 0 0 0 0 0 0 0 0 0.016125999391078948975 0.41930601000785827637 0.84051901102066040039 0.96621000766754150391 0.98436498641967773438 0.9931100010871887207 0.99576401710510253906 0.99549102783203125 0.96468400955200195313 0.99216097593307495117 1 0.85257202386856079102 0.85500800609588623047 0.96781998872756958008 0.92913401126861572266 0.44356501102447509766 0 0 0 0 0.27461200952529907227 0.88525801897048950195 0.93918401002883911133 0.9759960174560546875 0.98248201608657836914 0.95435702800750732422 0.98900800943374633789 0.98593097925186157227 0.98706597089767456055
0 0 0 0 0 0 0 0 0 0 0 0 0 0 0 0 0 0 0 0 0 0 0 0 0 0 0 0 0 0 0 0.12217800319194793701 0.77660602331161499023 0.99531698226928710938 0.98707801103591918945 0.9197750091552734375 0.89909702539443969727 0.91166698932647705078 1 0.97826999425888061523 0.96061700582504272461 0.98715698719024658203 0.97718602418899536133 0.70057600736618041992 0.92552298307418823242 0.96187102794647216797 0.73883497714996337891 0.11976899951696395874 0 0 0 0 0.56098997592926025391 0.97465497255325317383 0.99999201297760009766 0.97090500593185424805 0.93425601720809936523 0.90856301784515380859 0.99901098012924194336 0.99767798185348510742 1
0 0 0 0 0 0 0 0 0 0 0 0 0 0 0 0 0 0 0 0 0 0 0 0 0 0 0 0 0 0 0.0085199996829032897949 0.86548900604248046875 1 0.99826401472091674805 0.97293800115585327148 0.83448398113250732422 0.91903597116470336914 0.99471199512481689453 0.98595899343490600586 0.98049300909042358398 0.93133300542831420898 0.88102197647094726563 0.83948397636413574219 0.78091901540756225586 0.87232899665832519531 0.53891402482986450195 0.025286000221967697144 0 0 0 0.27556899189949035645 0.73479002714157104492 0.97813898324966430664 0.92715299129486083984 0.77479302883148193359 0.99249702692031860352 0.99287700653076171875 0.99793100357055664063 0.96737301349639892578 0.98279100656509399414 1
0 0 0 0 0 0 0 0 0 0 0 0 0 0 0 0 0 0 0 0 0 0 0 0 0 0 0 0 0 0 0.13767899572849273682 0.99073702096939086914 0.97920697927474975586 0.98976397514343261719 0.98204302787780761719 0.96030497550964355469 0.99560201168060302734 0.99200999736785888672 0.91663098335266113281 0.84882301092147827148 0.94668698310852050781 0.69122600555419921875 0.88379502296447753906 0.76405000686645507813 0.58310598134994506836 0.063363000750541687012 0 0 0.15354199707508087158 0.70618599653244018555 0.99936699867248535156 0.98638999462127685547 0.97000801563262939453 0.94841599464416503906 0.79558300971984863281 0.99994498491287231445 0.99106901884078979492 1 0.97664397954940795898 0.97905701398849487305 1
0 0 0 0 0 0 0 0 0 0 0 0 0 0 0 0 0 0 0 0 0 0 0 0 0 0 0 0 0 0 0.30356699228286743164 0.99261897802352905273 0.97084200382232666016 0.95629000663757324219 0.95539700984954833984 0.95218902826309204102 0.99474298954010009766 0.85984200239181518555 0.79365497827529907227 0.95007699728012084961 0.81661498546600341797 0.6479949951171875 0.66320699453353881836 0.46685498952865600586 0.046023000031709671021 0.048507001250982284546 0.035964999347925186157 0.55017197132110595703 0.97752201557159423828 0.93347299098968505859 0.77948397397994995117 0.99911797046661376953 0.97764497995376586914 0.97537499666213989258 0.9891980290412902832 1 0.99619501829147338867 0.99932402372360229492 0.99883699417114257813 1 1
0 0 0 0 0 0 0 0 0 0 0 0 0 0 0 0 0 0 0 0 0 0 0 0 0 0 0 0.11564400047063827515 0.13524700701236724854 0 0.45219698548316955566 0.96710801124572753906 0.9641730189323425293 0.97616600990295410156 0.9039859771728515625 0.88103002309799194336 0.99481099843978881836 0.90020501613616943359 0.84105098247528076172 0.92296397686004638672 0.94801998138427734375 0.96113598346710205078 0.99072897434234619141 0.53001600503921508789 0.18211400508880615234 0.35178598761558532715 0.84026002883911132813 0.99016302824020385742 0.99816501140594482422 0.9042879939079284668 0.9431679844856262207 0.97257500886917114258 0.97817498445510864258 1 0.97007101774215698242 0.99804598093032836914 0.97874498367309570313 0.9912160038948059082 0.87109202146530151367 0.98398101329803466797 0.98363697528839111328
0 0 0 0 0 0 0 0 0 0 0 0 0 0 0 0 0 0 0 0 0 0 0 0 0 0 0 0.21396799385547637939 0.89651900529861450195 0 0.63440400362014770508 0.96440297365188598633 0.98902398347854614258 0.68594199419021606445 0.015258999541401863098 0.64285302162170410156 0.95838302373886108398 0.91663098335266113281 1 0.99166601896286010742 0.98428201675415039063 1 0.96571999788284301758 0.58255302906036376953 0.94654101133346557617 0.94989097118377685547 0.97497099637985229492 0.97537499666213989258 0.98314702510833740234 0.99209398031234741211 0.98577302694320678711 0.98934900760650634766 0.9622510075569152832 0.98339998722076416016 0.9718030095100402832 0.99263101816177368164 0.99121201038360595703 0.97213602066040039063 0.96654301881790161133 0.9912160038948059082 1
0 0 0 0 0 0 0 0 0 0 0 0 0 0 0 0 0 0 0 0 0 0 0 0 0 0 0 0.10830300301313400269 0.89637601375579833984 0 0.80830097198486328125 0.97950398921966552734 0.94956302642822265625 0.12707400321960449219 0.40813800692558288574 0.71530199050903320313 0.99225199222564697266 0.96202200651168823242 0.97876399755477905273 0.99993300437927246094 1 1 1 1 0.95707798004150390625 0.97251099348068237305 0.90213197469711303711 0.96615499258041381836 0.89922499656677246094 0.97937798500061035156 0.99446702003479003906 0.94779497385025024414 0.99428498744964599609 0.98385101556777954102 0.99573999643325805664 0.94793802499771118164 0.99484598636627197266 0.9939410090446472168 0.97249197959899902344 0.94963800907135009766 0.99626600742340087891
0 0 0 0 0 0 0 0 0 0 0 0 0 0 0 0 0 0 0 0 0 0 0 0 0 0 0 0.03670499846339225769 0.836956024169921875 0.013376999646425247192 0.96717101335525512695 0.98103898763656616211 0.37411099672317504883 0.034359000623226165771 0.90601199865341186523 0.97575098276138305664 0.95576101541519165039 0.92519098520278930664 0.98672199249267578125 0.99483102560043334961 1 1 1 1 0.99966400861740112305 0.97872900962829589844 0.97434699535369873047 0.95813798904418945313 0.7803440093994140625 0.99769002199172973633 0.9939129948616027832 0.95298498868942260742 0.94229400157928466797 0.98841100931167602539 1 0.98862898349761962891 0.99561399221420288086 0.98506897687911987305 0.97747898101806640625 0.98892199993133544922 0.97807198762893676758
0 0 0 0 0 0 0 0 0 0 0 0 0 0 0 0 0 0 0 0 0 0 0 0 0 0 0 0.19393800199031829834 0.96625399589538574219 0.28130900859832763672 1 0.8474699854850769043 0.40839499235153198242 0.56548702716827392578 0.91298097372055053711 0.80364698171615600586 1 0.93651497364044189453 0.9997469782829284668 1 1 1 0.99435198307037353516 0.95687198638916015625 0.98742598295211791992 0.95445597171783447266 0.99400800466537475586 0.99434000253677368164 0.96436798572540283203 0.95059597492218017578 0.97367799282073974609 0.98145002126693725586 0.98754101991653442383 0.97814399003982543945 0.99428099393844604492 0.99551498889923095703 0.98603397607803344727 0.98287802934646606445 0.99738198518753051758 0.96261602640151977539 0.99486601352691650391
0 0 0 0 0 0 0 0 0 0 0 0 0 0 0 0 0 0 0 0 0 0 0 0 0 0 0 0.55742001533508300781 0.90676301717758178711 0.94774299860000610352 0.38915601372718811035 0.57619297504425048828 0.96190297603607177734 0.99024200439453125 0.23634099960327148438 0.1934150010347366333 0.95235902070999145508 0.72144198417663574219 0.90930700302124023438 0.75979197025299072266 1 1 0.99491798877716064453 1 0.99949401617050170898 0.9924100041389465332 0.93863099813461303711 0.96604502201080322266 0.99991697072982788086 0.98911499977111816406 1 0.98970502614974975586 0.66288399696350097656 0.94370198249816894531 0.99344599246978759766 0.88321900367736816406 0.92338001728057861328 0.98943597078323364258 1 0.99801397323608398438 0.98616099357604980469
0 0 0 0 0 0 0 0 0 0 0 0 0 0 0 0 0 0 0 0 0 0 0 0 0 0 0 0.204435005784034729 0.59694498777389526367 1 0.94283097982406616211 0.81168800592422485352 0.70050597190856933594 0.24481299519538879395 0.12576000392436981201 0.56638199090957641602 0.3827260136604309082 0.0046470002271234989166 0.00017800000205170363188 0.42298600077629089355 0.90474301576614379883 0.99981397390365600586 1 1 1 0.99431997537612915039 1 0.97949999570846557617 0.99956500530242919922 0.94234901666641235352 0.95802801847457885742 1 0.917613983154296875 0.99032598733901977539 1 0.99294400215148925781 0.96982997655868530273 0.79884397983551025391 1 1 1
0 0 0 0 0 0 0 0 0 0 0 0 0 0 0 0 0 0 0 0 0 0 0 0 0 0 0 0.001060000038705766201 0.53751897811889648438 0.99392098188400268555 0.48914700746536254883 0.41136699914932250977 0.038072999566793441772 0.038835998624563217163 0.74691802263259887695 0.31727498769760131836 0 0 0.32784700393676757813 0.9016659855842590332 1 0.9972350001335144043 0.99286097288131713867 0.97992300987243652344 1 0.99723100662231445313 0.99796301126480102539 0.95639801025390625 0.98363697528839111328 0.96231102943420410156 0.98468202352523803711 0.95759302377700805664 0.98728799819946289063 1 0.93982601165771484375 0.97997099161148071289 0.99683201313018798828 0.83667099475860595703 0.99968802928924560547 0.99790400266647338867 0.99528098106384277344
0 0 0 0 0 0 0 0 0 0 0 0 0 0 0 0 0.10907100141048431396 0.046707998961210250854 0 0 0 0 0 0 0 0 0 0.066044002771377563477 0.94298100471496582031 1 0.69633698463439941406 0.12727500498294830322 0.16129000484943389893 0.65573799610137939453 0.87028098106384277344 0.31591901183128356934 0.12330400198698043823 0.53004002571105957031 0.99565297365188598633 0.9989910125732421875 0.8352069854736328125 0.99027401208877563477 0.99168199300765991211 0.99005299806594848633 0.94276899099349975586 0.98115402460098266602 0.97265398502349853516 0.97558099031448364258 0.641510009765625 0.96595001220703125 0.99067401885986328125 0.9451929926872253418 0.97626501321792602539 0.93710100650787353516 0.98254597187042236328 1 0.99090301990509033203 0.98809099197387695313 0.99727499485015869141 0.99558198451995849609 0.99494898319244384766
0 0 0 0 0 0 0 0 0 0 0 0 0 0 0.028557000681757926941 0.58671098947525024414 0.96141600608825683594 0.77870297431945800781 0.26977598667144775391 0 0 0 0 0 0 0 0.28499799966812133789 0.89501202106475830078 0.50725400447845458984 0.94875597953796386719 0.33626401424407958984 0.52178299427032470703 0.90809702873229980469 0.91095602512359619141 0.34495401382446289063 0.79127997159957885742 0.99961197376251220703 1 0.99907100200653076172 0.99837398529052734375 0.96495699882507324219 1 0.91703200340270996094 0.98260098695755004883 0.75015902519226074219 0.84708499908447265625 0.99688702821731567383 1 0.98991000652313232422 0.96426099538803100586 1 0.99928802251815795898 0.9861729741096496582 0.99218100309371948242 0.97129297256469726563 0.99469202756881713867 0.99568897485733032227 0.7723420262336730957 0.99979001283645629883 0.97337400913238525391 0.99212497472763061523
0 0 0 0 0 0 0 0 0 0 0 0 0 0 0.022453999146819114685 0.51429802179336547852 0.17853599786758422852 0.056287001818418502808 0.1298860013484954834 0 0 0 0 0 0 0.020994000136852264404 0.92315399646759033203 1 0.41814500093460083008 0.7469260096549987793 0.21615999937057495117 0.72844702005386352539 0.95217001438140869141 0.48119699954986572266 0.11506099998950958252 0.54851400852203369141 0.98985898494720458984 0.73358201980590820313 0.73016500473022460938 0.98199999332427978516 0.98465800285339355469 0.92214602231979370117 0.33202201128005981445 0.020099999383091926575 0.6031849980354309082 0.99679201841354370117 0.90409100055694580078 0.91251599788665771484 0.96199500560760498047 0.99512302875518798828 1 0.99987298250198364258 0.98673802614212036133 0.63131302595138549805 0.55656099319458007813 0.97710001468658447266 0.98125302791595458984 0.92510497570037841797 0.75237202644348144531 0.93354201316833496094 0.62579500675201416016
0 0 0 0 0 0 0 0 0 0 0 0 0 0 0 0 0 0 0 0 0 0 0 0 0 0.040410999208688735962 0.88913100957870483398 0.61390000581741333008 0.14254200458526611328 0.40868800878524780273 0.67554998397827148438 0.51495099067687988281 0.26107099652290344238 0.0034010000526905059814 0 0.29135200381278991699 0.49915799498558044434 0.011572999879717826843 0.016517000272870063782 0.43551298975944519043 0.56146901845932006836 0.39441400766372680664 0.48663699626922607422 0.86499798297882080078 1 0.98887801170349121094 0.74957501888275146484 0.87566202878952026367 0.83965802192687988281 0.99850100278854370117 0.98054897785186767578 0.90988999605178833008 0.92375701665878295898 0.50801098346710205078 0.71373397111892700195 0.90224897861480712891 0.99958097934722900391 0.94804102182388305664 0.98582899570465087891 0.97301000356674194336 0.18153299391269683838
0 0 0 0 0 0 0 0 0 0 0 0 0 0 0 0 0 0 0 0 0 0 0 0 0 0.027117000892758369446 0.53316199779510498047 0.14631499350070953369 0 0.015832999721169471741 0 0 0 0 0 0 0 0 0 0.26548400521278381348 0.77854901552200317383 0.99766999483108520508 0.97698497772216796875 0.82636398077011108398 0.93619102239608764648 1 0.98370498418807983398 0.95653301477432250977 0.99525398015975952148 0.98426198959350585938 0.84475600719451904297 0.83728098869323730469 0.9809920191764831543 0.98769199848175048828 0.96788400411605834961 0.96159899234771728516 0.95917898416519165039 0.99035298824310302734 0.98283499479293823242 0.73755300045013427734 0.15055599808692932129
0 0 0 0 0 0 0 0 0 0 0 0 0 0 0 0 0 0 0 0 0 0 0 0 0 0 0 0 0 0 0 0 0 0 9.8999997135251760483e-05 0.33791500329971313477 0.81433600187301635742 0.37894600629806518555 0.63836199045181274414 0.97162598371505737305 0.99968802928924560547 0.99852502346038818359 1 0.9998620152473449707 0.9989560246467590332 1 0.94209700822830200195 0.98789697885513305664 0.98102700710296630859 0.88925600051879882813 0.99324899911880493164 0.99234300851821899414 1 0.98194897174835205078 0.98079800605773925781 0.98678201436996459961 0.98573398590087890625 0.97128999233245849609 0.92732799053192138672 0.91750800609588623047 0.92913198471069335938
0 0 0 0 0 0 0 0 0 0 0 0 0 0 0 0 0 0 0 0 0 0 0 0 0 0 0 0 0 0 0 0.018004000186920166016 0.42618599534034729004 0 0.13016100227832794189 0.78980201482772827148 1 1 0.99507200717926025391 0.99906301498413085938 0.99994099140167236328 0.99826800823211669922 0.95693200826644897461 0.94872099161148071289 0.9849860072135925293 1 0.98974001407623291016 0.99139797687530517578 0.99780100584030151367 0.96640098094940185547 0.88853597640991210938 0.90276700258255004883 0.97679901123046875 0.97305399179458618164 0.95077401399612426758 0.98588001728057861328 0.99674898386001586914 0.9980030059814453125 0.98784601688385009766 0.92419600486755371094 0.92616200447082519531
0 0 0 0 0 0 0 0 0 0 0 0 0 0 0 0 0 0 0 0 0 0 0 0 0 0 0 0 0 0 0 0.74577301740646362305 0.99884498119354248047 0.4704450070858001709 0.30350899696350097656 0.80141502618789672852 1 1 0.96200698614120483398 0.1902240067720413208 0.55545902252197265625 0.89458698034286499023 1 1 0.99482297897338867188 0.96722400188446044922 0.80606698989868164063 0.96793597936630249023 0.75482100248336791992 0.23618100583553314209 0.11940500140190124512 0.09825299680233001709 0.6363289952278137207 0.98797202110290527344 0.9821580052375793457 0.96917802095413208008 0.96799898147583007813 0.96655899286270141602 0.98625200986862182617 0.89197802543640136719 0.83306199312210083008
0 0 0 0 0 0 0 0 0 0 0 0 0 0 0 0 0 0 0 0 0 0 0 0 0 0 0 0 0 0 0 0.64258199930191040039 0.87026202678680419922 0.99762701988220214844 1 0.72695499658584594727 0.90877801179885864258 0.96246498823165893555 0.9802640080451965332 0.14282000064849853516 0.042794998735189437866 0.6674550175666809082 1 1 1 0.9503390192985534668 1 0.99405497312545776367 0.88034898042678833008 0.017873000353574752808 0 0 0.17202499508857727051 0.88550299406051635742 1 0.9983590245246887207 0.99277400970458984375 0.90167999267578125 0.95205998420715332031 0.97921597957611083984 0.88909500837326049805
0 0 0 0 0 0 0 0 0 0 0 0 0 0 0 0 0 0 0 0 0 0 0 0 0 0 0 0 0 0 0 0.07646500319242477417 0.020400999113917350769 0.77310401201248168945 0.99461698532104492188 0.35859501361846923828 0.59007102251052856445 0.80095297098159790039 0.97823101282119750977 0.70874297618865966797 0.82321298122406005859 1 0.99952101707458496094 0.76304799318313598633 0.96189200878143310547 0.99360102415084838867 1 0.90108197927474975586 0.97647500038146972656 0.073936998844146728516 0 0 0.014468000270426273346 0.61455798149108886719 1 1 0.95389097929000854492 0.99027800559997558594 0.34879401326179504395 1 0.94747602939605712891
0 0 0 0 0 0 0 0 0 0 0 0 0 0 0 0 0 0 0 0 0 0 0 0 0 0 0 0 0 0 0 0 0 0.79464399814605712891 0.78395301103591918945 0.17133699357509613037 0.6488659977912902832 0.60380899906158447266 0.97945302724838256836 0.97653800249099731445 0.99557799100875854492 0.93505698442459106445 0.99652302265167236328 0.90700298547744750977 0.98181802034378051758 0.96096700429916381836 1 0.97917598485946655273 0.7953860163688659668 0.0061460002325475215912 0 0 0.027266999706625938416 0.43786698579788208008 1 0.96234697103500366211 0.98842698335647583008 0.99780499935150146484 0.99278998374938964844 0.99857199192047119141 0.96618402004241943359
0 0 0 0 0 0 0 0 0 0 0 0 0 0 0 0 0 0 0 0 0 0 0 0 0 0 0 0 0 0 0 0 0.1632490009069442749 0.99629002809524536133 0.95404100418090820313 0.85644799470901489258 0.99629002809524536133 1 1 1 0.97921997308731079102 1 1 0.96886497735977172852 1 0.88501298427581787109 1 0.95224201679229736328 0.1772409975528717041 0 0 0 0 0.0053199999965727329254 0.79125797748565673828 0.97998702526092529297 0.96404397487640380859 0.97091400623321533203 0.92853498458862304688 1 0.89786702394485473633
0 0 0 0 0 0 0 0 0 0 0 0 0 0 0 0 0 0 0 0 0 0 0 0 0 0 0 0 0 0 0 0 0.014638000167906284332 0.92518800497055053711 1 1 0.99948197603225708008 1 1 1 1 1 0.99924498796463012695 0.8383420109748840332 0.97872501611709594727 0.93576902151107788086 0.98506498336791992188 0.80320900678634643555 0.33699199557304382324 0.33961001038551330566 0.12538099288940429688 0 0.048213001340627670288 0.478199005126953125 0.9402859807014465332 0.99716800451278686523 0.94807302951812744141 0.95171600580215454102 0.96118897199630737305 1 0.95169299840927124023
0 0 0 0 0 0 0 0 0 0 0 0 0 0 0 0 0 0 0 0 0 0 0 0 0 0 0 0 0 0 0 0 0.12791000306606292725 0.55722898244857788086 0.56931602954864501953 0.79657202959060668945 0.99541199207305908203 1 1 1 1 0.99201500415802001953 0.92840802669525146484 0.90304398536682128906 0.54993498325347900391 0.56573599576950073242 0.87679398059844970703 0.95803999900817871094 0.17630299925804138184 0.98348701000213623047 0.96947801113128662109 0.85246700048446655273 0.91203898191452026367 0.98356300592422485352 0.98135197162628173828 0.97862702608108520508 0.92767298221588134766 0.92170500755310058594 0.9948940277099609375 0.94002097845077514648 0.95605498552322387695
