data_processed/landuse/LU-1990-URBAN.asc
ncols        168
nrows        136
xllcorner    455000.000000000000
yllcorner    2107000.000000000000
cellsize     500.000000000000
NODATA_value  -99999
[rows 75 to 99 of 136, columns 57 to 113 of 168]
0.90175801515579223633 0.95214301347732543945 0.97930097579956054688 0.88917201757431030273 0.71578800678253173828 0.86546701192855834961 0.92342597246170043945 0.94145500659942626953 0.91894501447677612305 0.78447902202606201172 0.89339202642440795898 0.99446201324462890625 1.0000909566879272461 0.68326997756958007813 0.87272500991821289063 1.0000909566879272461 1.0000870227813720703 1.0000909566879272461 0.97625100612640380859 0.9823430180549621582 1.0000950098037719727 1.0000950098037719727 1.0000909566879272461 0.98287701606750488281 0.9960409998893737793 1.0000950098037719727 1.0000950098037719727 1.0000950098037719727 0.99113202095031738281 0.47101598978042602539 0.10583599656820297241 0.018152000382542610168 0.061712998896837234497 0 0 0 0.058465998619794845581 0.61504697799682617188 0.76299697160720825195 0.83003801107406616211 0.73904198408126831055 0.23370799422264099121 0.70470899343490600586 0.94022500514984130859 0.59625798463821411133 0 0 0 0 0 0 0 0 0 0 0 0
0.99036401510238647461 0.34882399439811706543 1.0000870227813720703 0.94756197929382324219 0.92691099643707275391 0.81085002422332763672 0.95747900009155273438 0.97359299659729003906 0.98031002283096313477 0.97203499078750610352 0.8667920231819152832 0.9444929957389831543 0.99501198530197143555 0.99892002344131469727 1.0000950098037719727 1.0000950098037719727 1.0000950098037719727 0.99072802066802978516 0.97609299421310424805 1.0000950098037719727 0.97662299871444702148 0.98197901248931884766 0.96443200111389160156 0.97588002681732177734 0.96355801820755004883 0.92942702770233154297 0.93889600038528442383 0.97392201423645019531 0.25517499446868896484 0.20627699792385101318 0 0 0 0 0 0 0 0.38698700070381164551 0.16499799489974975586 0.24953399598598480225 0.038391999900341033936 0.32266700267791748047 0.82634299993515014648 1.0000950098037719727 0.96171098947525024414 0.032853998243808746338 0.23303599655628204346 0 0 0 0.26077198982238769531 0.20609499514102935791 0.40452900528907775879 0.073321998119354248047 0.035041000694036483765 0 0.036405999213457107544
0.99789601564407348633 0.99287998676300048828 0.99866300821304321289 0.96627199649810791016 0.92456102371215820313 0.96350300312042236328 0.93110799789428710938 0.57262402772903442383 0.9764969944953918457 0.90262800455093383789 0.91295999288558959961 0.79210102558135986328 0.8923130035400390625 0.99388098716735839844 0.99408298730850219727 0.99410599470138549805 0.99396800994873046875 0.98754000663757324219 1.0000950098037719727 1.0000950098037719727 1.0000950098037719727 0.54697299003601074219 0.12544700503349304199 0.84823298454284667969 0.68357902765274047852 0.08694899827241897583 0.032731000334024429321 0.21122600138187408447 0 0 0 0 0 0 0 0 0 0 0 0 0.58731502294540405273 0.85607302188873291016 0.99653899669647216797 0.99400001764297485352 1.0000950098037719727 0.53550201654434204102 0.61669999361038208008 0.43485200405120849609 0.38752400875091552734 0.28771999478340148926 0.94408202171325683594 0.73710799217224121094 0.85491001605987548828 1.0000909566879272461 0.18956899642944335938 0.017723999917507171631 0.49108600616455078125
0.97100299596786499023 0.92861998081207275391 1.0000909566879272461 0.89794898033142089844 0.97509998083114624023 0.94829797744750976563 0.84819698333740234375 0.93982601165771484375 0.99444997310638427734 0.94063597917556762695 0.92232298851013183594 0.81076300144195556641 0.34655800461769104004 0.90020400285720825195 1.0000950098037719727 1.0000950098037719727 0.87752300500869750977 0.98177301883697509766 0.99739301204681396484 0.55897802114486694336 0.96525901556015014648 0.5790240168571472168 0 0.37042498588562011719 0.50895297527313232422 0.039925999939441680908 0 0 0 0 0 0 0 0 0 0 0 0 0 0.26289999485015869141 0.69922298192977905273 0.49753800034523010254 0.90922200679779052734 0.97301197052001953125 0.99807000160217285156 0.99410998821258544922 0.9628270268440246582 0.95631998777389526367 0.93620198965072631836 0.7813460230827331543 1.0000950098037719727 0.5447070002555847168 0.75865399837493896484 0.99462801218032836914 0.076968997716903686523 0.69059598445892333984 0.99267101287841796875
0.95180302858352661133 0.96127599477767944336 1.0000909566879272461 0.95178300142288208008 0.65681999921798706055 0.92976301908493041992 0.84830802679061889648 0.70059102773666381836 0.98215699195861816406 0.89840400218963623047 0.91199499368667602539 0.89813899993896484375 0.0043830000795423984528 0.5484600067138671875 1.0000950098037719727 0.88733297586441040039 0.96501398086547851563 0.9576810002326965332 0.99369901418685913086 0.082296997308731079102 0.30906000733375549316 0.6436449885368347168 0.39424499869346618652 0.46181198954582214355 0.99806201457977294922 0.36000600457191467285 0 0 0 0 0 0 0 0 0 0 0 0 0 0.67957597970962524414 0.45479100942611694336 3.9999998989515006542e-05 0.93217998743057250977 1.0000989437103271484 1.0000989437103271484 1.0000989437103271484 1.0000989437103271484 1.0000989437103271484 0.99848902225494384766 0.98334002494812011719 0.98105698823928833008 0.8130970001220703125 0.95030802488327026367 0.79479897022247314453 0.10389000177383422852 0.44945499300956726074 0.94575101137161254883
0.9217929840087890625 0.99498802423477172852 0.94011002779006958008 0.95614600181579589844 0.96366900205612182617 0.91520297527313232422 0.67785102128982543945 0.62982398271560668945 0.98225998878479003906 0.95744299888610839844 0.88272798061370849609 0.90124797821044921875 0 0.018969999626278877258 0.71212202310562133789 0.92902702093124389648 0.96146601438522338867 0.99816101789474487305 0.99041998386383056641 0.31020700931549072266 0.20986099541187286377 0.97564202547073364258 0.69198399782180786133 0.28901401162147521973 0.88199698925018310547 0.068611003458499908447 0 0 0 0 0 0 0 0 0 0 0 0 0.094416998326778411865 0.66520202159881591797 0.26333901286125183105 0.017450999468564987183 0.53574001789093017578 0.70390599966049194336 1.0000989437103271484 1.0000989437103271484 1.0000989437103271484 1.0000989437103271484 1.0000989437103271484 1.0000989437103271484 1.0000989437103271484 1.0000989437103271484 1.0000989437103271484 0.62411999702453613281 0 0 0.036892998963594436646
0.79820400476455688477 0.97677701711654663086 0.86508697271347045898 1.0000950098037719727 0.91600197553634643555 0.9434490203857421875 0.97605401277542114258 0.82724100351333618164 0.98820501565933227539 0.91381400823593139648 0.86956501007080078125 0.86880898475646972656 0.094694003462791442871 0.016343999654054641724 0.13298699259757995605 0.89251399040222167969 0.99568498134613037109 1.0000989437103271484 1.0000989437103271484 0.99956899881362915039 0.99295097589492797852 0.99217200279235839844 0.99751198291778564453 0.8229929804801940918 0.59001600742340087891 0.17631100118160247803 0.36997801065444946289 0.32160699367523193359 0.00466699991375207901 0.017134999856352806091 0.0088130002841353416443 0 0 0 0 0 0 0 0 0 0 0 0 0.24722400307655334473 1.0000989437103271484 1.0000989437103271484 1.0000989437103271484 1.0000989437103271484 1.0000989437103271484 0.72674500942230224609 0.19053499400615692139 0.77869600057601928711 1.0000989437103271484 0.60073602199554443359 0 0 0
0.97782599925994873047 0.96528297662734985352 0.962368011474609375 0.95208698511123657227 0.94570702314376831055 0.96033900976181030273 0.98451000452041625977 0.98295199871063232422 0.98657900094985961914 1.0000989437103271484 0.98505598306655883789 0.7867730259895324707 0.47189399600028991699 0.045265998691320419312 0 0.21537500619888305664 0.97164297103881835938 1.000102996826171875 1.000102996826171875 1.000102996826171875 0.74533897638320922852 1.000102996826171875 1.000102996826171875 1.000102996826171875 0.99849301576614379883 0.9988409876823425293 0.9949290156364440918 0.99423700571060180664 0.7482979893684387207 0.81177097558975219727 0.61746698617935180664 0.37123599648475646973 0.29629600048065185547 0.048232998698949813843 0 0 0 0 0 0 0 0.1971130073070526123 0.45548298954963684082 0.60636401176452636719 1.000102996826171875 1.000102996826171875 1.000102996826171875 1.000102996826171875 1.000102996826171875 0.93359202146530151367 0.0095410002395510673523 0.0078710000962018966675 0.92291998863220214844 0.57734698057174682617 0 0 0
0.96522402763366699219 0.85738599300384521484 0.97278201580047607422 0.8611590266227722168 0.92579197883605957031 0.98910701274871826172 0.99394398927688598633 0.99953699111938476563 1.0000989437103271484 0.91567397117614746094 0.53524100780487060547 0.13776500523090362549 0 0 0 0 0.34586599469184875488 0.69992697238922119141 0.96933698654174804688 0.75372898578643798828 0.56173902750015258789 1.000102996826171875 1.000102996826171875 1.000102996826171875 1.000102996826171875 1.000102996826171875 0.99810498952865600586 0.10689199715852737427 0.58784902095794677734 0.98885697126388549805 1.000102996826171875 0.99449402093887329102 0.99367499351501464844 0.30228400230407714844 0 0 0 0 0 0 0 0.50105798244476318359 1.000102996826171875 1.000102996826171875 1.000102996826171875 1.000102996826171875 1.000102996826171875 1.000102996826171875 1.000102996826171875 1.000102996826171875 0.39619898796081542969 0.34586200118064880371 0.91883397102355957031 0.46936300396919250488 0 0 0
0.84829199314117431641 0.83576500415802001953 0.91383397579193115234 0.85720402002334594727 0.95571500062942504883 1.0000909566879272461 0.97589099407196044922 0.92291599512100219727 0.81989997625350952148 0.056210998445749282837 0 0 0 0 0 0 0 0.40898299217224121094 0.98816502094268798828 0.97158402204513549805 0.99999201297760009766 0.99613600969314575195 0.88431900739669799805 0.98413497209548950195 1.000102996826171875 1.0001070499420166016 0.83226501941680908203 0 0 0.25631800293922424316 0.97039300203323364258 0.99038398265838623047 0.99537998437881469727 0.73921197652816772461 0.57512402534484863281 0.057567998766899108887 0 0 0 0 0 0.38528999686241149902 0.99297499656677246094 1.000102996826171875 1.000102996826171875 1.000102996826171875 1.000102996826171875 1.000102996826171875 1.000102996826171875 1.000102996826171875 0.98759597539901733398 0.20711199939250946045 0 0 0 0 0
0.21845999360084533691 0.62425100803375244141 0.91606497764587402344 0.8944600224494934082 0.97638601064682006836 0.96741497516632080078 0.78985798358917236328 0.9908390045166015625 0.57393699884414672852 0 0 0 0 0 0 0 0 0 0.15202000737190246582 0.072282001376152038574 0.49957498908042907715 1.0001070499420166016 0.30601400136947631836 0.054577000439167022705 0.41695699095726013184 0.76003801822662353516 0.4398199915885925293 0 0 0 0.73455297946929931641 0.99421298503875732422 0.99193900823593139648 0.42964199185371398926 0.5455849766731262207 0.023099999874830245972 0 0 0 0 0 0 0.80382901430130004883 1.0001070499420166016 1.0001070499420166016 1.0001070499420166016 1.0001070499420166016 1.0001070499420166016 1.0001070499420166016 1.0001070499420166016 0.94989597797393798828 0.81298601627349853516 0.044364001601934432983 0 0 0 0
0.15159299969673156738 0.2982139885425567627 0.54559302330017089844 1.000102996826171875 0.99591398239135742188 1.000102996826171875 1.000102996826171875 1.000102996826171875 0.25228700041770935059 0 0 0 0 0 0 0 0 0 0 0 0.050353001803159713745 0.27632498741149902344 0.018008999526500701904 0 0 0 0 0 0 0 0.36638998985290527344 0.9847869873046875 0.98167401552200317383 0.63941198587417602539 0.40261501073837280273 0 0 0 0 0 6.7000000854022800922e-05 0.47170901298522949219 0.7581869959831237793 1.0001070499420166016 1.0001070499420166016 1.0001070499420166016 1.0001070499420166016 1.0001070499420166016 1.0001070499420166016 1.0001070499420166016 0.91441202163696289063 0.23850999772548675537 0 0 0 0.016170000657439231873 0.38585099577903747559
0.6674759984016418457 0.1533810049295425415 0.81704801321029663086 1.000102996826171875 1.000102996826171875 1.000102996826171875 0.99809002876281738281 0.93269002437591552734 0.053118001669645309448 0 0 0.022019999101758003235 0 0 0 0 0 0 0 0 0 0 0 0 0 0 0 0 0 0 0.005977000109851360321 0.78042399883270263672 0.7944660186767578125 0.80884802341461181641 0.63111001253128051758 0 0 0 0 0 0.077325001358985900879 1.0001070499420166016 1.0001070499420166016 1.0001070499420166016 1.0001070499420166016 1.0001070499420166016 1.0001070499420166016 1.0001070499420166016 1.0001070499420166016 0.88554501533508300781 0.15094399452209472656 0 0.18251299858093261719 0.63336801528930664063 0.51301902532577514648 0.55636698007583618164 0.99522197246551513672
0.99668902158737182617 0.44422200322151184082 0.83297300338745117188 1.0001070499420166016 1.0001070499420166016 1.000102996826171875 0.99892401695251464844 1.0001070499420166016 0.99614298343658447266 0.89989501237869262695 0.29094401001930236816 0.84390199184417724609 0 0 0 0 0 0 0 0 0 0 0 0 0 0 0 0 0 0 0.016929000616073608398 0.8125470280647277832 1.0001109838485717773 0.99858802556991577148 0.48681399226188659668 0 0 0 0 0 0.22220200300216674805 1.0001109838485717773 1.0001109838485717773 1.0001109838485717773 1.0001109838485717773 1.0001109838485717773 0.6427109837532043457 0.43913099169731140137 0.92361199855804443359 0.17100599408149719238 0 0 0.011823000386357307434 0.78204202651977539063 1.0001070499420166016 0.99389702081680297852 0.88244402408599853516
0.52649599313735961914 0.43310299515724182129 0.50159597396850585938 0.6403300166130065918 1.0000749826431274414 1.0001070499420166016 1.0001070499420166016 1.0001070499420166016 0.99689900875091552734 0.99953699111938476563 0.95353102684020996094 0.8781840205192565918 0.60502701997756958008 0.10469699651002883911 0 0 0 0 0 0 0 0 0 0 0 0 0 0 0 0 0 0.63064301013946533203 0.99400699138641357422 0.85850501060485839844 0.28089699149131774902 0 0 0 0 0 0.36673900485038757324 1.0001109838485717773 1.0001109838485717773 1.0001109838485717773 0.89393401145935058594 0.60221099853515625 0.0096749998629093170166 0.0040739998221397399902 0.14848800003528594971 0 0 0 0.37200298905372619629 0.98330801725387573242 0.99325197935104370117 0.99924099445343017578 0.70657598972320556641
0.073946997523307800293 0.31931599974632263184 0 0 0.088463999330997467041 0.80567198991775512695 1.0001109838485717773 1.0001109838485717773 1.0001109838485717773 0.99011898040771484375 1.0001109838485717773 1.0001109838485717773 0.9265829920768737793 0.77276700735092163086 0.16536200046539306641 0 0 0 0 0.00073199998587369918823 0 0 0 0 0 0 0 0.017340999096632003784 0.31196698546409606934 0.05368699878454208374 0.047844998538494110107 0.85072100162506103516 0.80785202980041503906 0.011110999621450901031 0 0 0 0 0 0 0.013310000300407409668 0.15689300000667572021 0.33494499325752258301 0.6395549774169921875 0.090873003005981445313 0 0 0 0 0 0 0.11131499707698822021 0.98477500677108764648 1.0001109838485717773 0.99441099166870117188 1.0001109838485717773 0.65596598386764526367
0.074745997786521911621 0.41921201348304748535 0.040571000427007675171 0 0.12778100371360778809 0.96465402841567993164 1.0001109838485717773 0.97610497474670410156 0.99813699722290039063 0.99700200557708740234 1.0001109838485717773 1.0001109838485717773 0.38992899656295776367 0.10431300103664398193 0.18555900454521179199 0 0 0 0.55580598115921020508 0.83794897794723510742 0.38065001368522644043 0.18706999719142913818 0.01893899962306022644 0.046468999236822128296 0.12062600255012512207 0 0.56089198589324951172 0.78251701593399047852 1.0001150369644165039 0.96210300922393798828 0.97579300403594970703 0.99837398529052734375 0.24705399572849273682 0 0 0 0 0 0 0 0 0 0 0.10401300340890884399 0.017764000222086906433 0 0 0 0 0 0 0 0.42519998550415039063 0.98367601633071899414 0.99201798439025878906 0.8693040013313293457 0.21586500108242034912
0 0 0 0 0.04539699852466583252 0.14340099692344665527 0.80067998170852661133 1.0001109838485717773 1.0001109838485717773 0.99021399021148681641 0.98918998241424560547 0.99139302968978881836 0.72061800956726074219 0.54944497346878051758 0.30055201053619384766 0.025864999741315841675 0 0.10254900157451629639 0.89984399080276489258 0.43182200193405151367 0.80676400661468505859 1.0001150369644165039 0.85195499658584594727 0.47125801444053649902 0.16850300133228302002 0 0.5948969721794128418 0.81397098302841186523 0.95411700010299682617 1.0001150369644165039 1.0001150369644165039 0.7285760045051574707 0 0 0 0 0 0 0 0 0 0 0 0 0 0 0 0 0 0 0 0 0 0.22069500386714935303 0.34069201350212097168 0 0
0 0 0 0 0 0.23942400515079498291 0.86528098583221435547 0.99990898370742797852 0.97748899459838867188 0.32156699895858764648 0.63148897886276245117 0.58426499366760253906 0.29023599624633789063 0.15811599791049957275 0.97628700733184814453 0.32286500930786132813 0.22095200419425964355 0.78332799673080444336 0.3517239987850189209 0 0.06750799715518951416 0.29599899053573608398 0.049819000065326690674 0 0 0 0.29021599888801574707 0.6045169830322265625 0.8106129765510559082 0.99953699111938476563 1.0001189708709716797 0.92786800861358642578 0.50361299514770507813 0.80600798130035400391 0.060736000537872314453 0 0 0 0 0 0 0 0 0 0 0 0 0 0 0 0 0 0 0 0 0 0
0 0 0 0 0 0 0.090473003685474395752 0.08541800081729888916 0.81842797994613647461 1.0001150369644165039 1.0000549554824829102 0.7994899749755859375 0.80575102567672729492 0.96172702312469482422 0.40740498900413513184 0 0.16022799909114837646 0.2487989962100982666 0 0 0 0 0 0 0 0 0.14399099349975585938 0.041262999176979064941 0.096454001963138580322 0.73456901311874389648 0.98045599460601806641 0.84054702520370483398 0.34794598817825317383 0.99990898370742797852 0.39771801233291625977 0 0 0 0 0 0 0 0 0 0 0 0 0 0 0 0 0 0 0 0 0 0
0 0 0 0 0 0.06740500032901763916 0.42798900604248046875 0.1563120037317276001 1.0001150369644165039 0.63455098867416381836 0.29614499211311340332 0.020857000723481178284 0 0.0071749999187886714935 0 0 0 0 0 0 0 0 0 0 0 0 0 0 0 0.080300003290176391602 0.32594200968742370605 0.56072598695755004883 0.016359999775886535645 0.72179299592971801758 0.33939400315284729004 0 0 0 0 0 0 0 0 0 0 0 0 0 0 0 0 0 0 0 0 0 0
0 0 0 0 0 0.3859379887580871582 0.97204297780990600586 0.73949301242828369141 0.43118500709533691406 0.0017920000245794653893 0 0 0 0 0 0 0 0 0 0 0 0 0 0 0 0 0 0 0 0 0 0 0 0.10718499869108200073 0.086538001894950866699 0 0 0 0 0 0 0 0 0 0 0 0 0 0 0 0 0 0 0 0 0 0
0 0 0 0 0 0.015881000086665153503 0.34280800819396972656 1.0000469684600830078 0.13145600259304046631 0 0 0 0 0 0 0 0 0 0 0 0 0 0 0 0 0 0 0 0 0 0 0 0 0 0 0 0 0 0 0.00030499999411404132843 0.17462199926376342773 0.004984000232070684433 0 0 0 0 0 0 0 0 0 0 0 0 0 0 0
0 0 0 0 0 0 0.068244002759456634521 0.36205500364303588867 0 0 0 0 0 0 0 0 0 0 0 0 0 0 0 0 0 0 0 0 0 0 0 0 0 0.44652399420738220215 0.52871102094650268555 0 0 0 0 0.31783699989318847656 0.95085299015045166016 0.2225030064582824707 0 0 0 0 0 0 0 0 0 0 0 0 0 0 0
0 0 0 0 0 0 0 0 0 0 0 0 0 0 0 0 0 0 0 0 0 0 0 0 0 0 0 0 0 0 0 0 0 0.74104398488998413086 0.94076299667358398438 0.14895500242710113525 0 0 0 0.13316500186920166016 0.11591900140047073364 0 0 0 0 0 0 0 0 0 0 0.37670999765396118164 0.71781700849533081055 0.099389001727104187012 0 0 0
