data_processed/landuse/LU-1985-URBAN.asc
ncols        168
nrows        136
xllcorner    455000.000000000000
yllcorner    2107000.000000000000
cellsize     500.000000000000
NODATA_value  -99999
[rows 58 to 86 of 136, columns 0 to 64 of 168]
0 0 0 0 0 0 0 0 0 0 0 0 0 0 0 0 0 0 0 0 0 0 0 0 0 0 0 0 0 0 0.12999999523162841797 0.99000000953674316406 0.97000002861022949219 0.95999997854232788086 0.95999997854232788086 0.94999998807907104492 0.99000000953674316406 0.86000001430511474609 0.79000002145767211914 0.94999998807907104492 0.81999999284744262695 0.64999997615814208984 0.66000002622604370117 0.31999999284744262695 0 0 0.029999999329447746277 0.5 0.97000002861022949219 0.93000000715255737305 0.77999997138977050781 1 0.98000001907348632813 0.98000001907348632813 0.99000000953674316406 1 1 1 1 1 1 1 0.99000000953674316406 0.98000001907348632813 0.88999998569488525391
0 0 0 0 0 0 0 0 0 0 0 0 0 0 0 0 0 0 0 0 0 0 0 0 0 0 0 0 0 0.029999999329447746277 0.89999997615814208984 0.97000002861022949219 0.95999997854232788086 0.98000001907348632813 0.91000002622604370117 0.74000000953674316406 0.99000000953674316406 0.89999997615814208984 0.83999997377395629883 0.92000001668930053711 0.94999998807907104492 0.95999997854232788086 0.72000002861022949219 0.14000000059604644775 0.10999999940395355225 0.34000000357627868652 0.87000000476837158203 0.99000000953674316406 1 0.89999997615814208984 0.93999999761581420898 0.97000002861022949219 0.98000001907348632813 1 0.97000002861022949219 1 0.98000001907348632813 0.99000000953674316406 0.87000000476837158203 0.98000001907348632813 0.98000001907348632813 1 0.98000001907348632813 0.95999997854232788086 0.99000000953674316406
0 0 0 0 0 0 0 0 0 0 0 0 0 0 0 0 0 0 0 0 0 0 0 0 0 0 0 0.17000000178813934326 0.050000000745058059692 0 0.67000001668930053711 0.95999997854232788086 0.99000000953674316406 0.79000002145767211914 0.019999999552965164185 0.52999997138977050781 0.95999997854232788086 0.92000001668930053711 1 0.99000000953674316406 0.92000001668930053711 0.49000000953674316406 0.059999998658895492554 0.51999998092651367188 0.92000001668930053711 0.94999998807907104492 0.98000001907348632813 0.98000001907348632813 0.98000001907348632813 0.99000000953674316406 0.99000000953674316406 0.99000000953674316406 0.95999997854232788086 0.98000001907348632813 0.97000002861022949219 0.99000000953674316406 0.99000000953674316406 0.97000002861022949219 0.97000002861022949219 0.99000000953674316406 1 0.98000001907348632813 0.95999997854232788086 0.97000002861022949219 0.98000001907348632813
0 0 0 0 0 0 0 0 0 0 0 0 0 0 0 0 0 0 0 0 0 0 0 0 0 0 0 0.46000000834465026855 0.050000000745058059692 0 0.70999997854232788086 0.98000001907348632813 0.98000001907348632813 0.17000000178813934326 0 0.61000001430511474609 0.99000000953674316406 0.95999997854232788086 0.80000001192092895508 0.21999999880790710449 0.050000000745058059692 0 0.0099999997764825820923 0.23000000417232513428 0.33000001311302185059 0.97000002861022949219 0.89999997615814208984 0.97000002861022949219 0.89999997615814208984 0.98000001907348632813 0.99000000953674316406 0.94999998807907104492 0.99000000953674316406 0.98000001907348632813 1 0.94999998807907104492 0.99000000953674316406 0.99000000953674316406 0.97000002861022949219 0.94999998807907104492 1 0.98000001907348632813 0.97000002861022949219 0.93999999761581420898 0.98000001907348632813
0 0 0 0 0 0 0 0 0 0 0 0 0 0 0 0 0 0 0 0 0 0 0 0 0 0 0 0.37000000476837158203 0.17000000178813934326 0.050000000745058059692 0.93000000715255737305 0.98000001907348632813 0.38999998569488525391 0 0.25999999046325683594 0.97000002861022949219 0.95999997854232788086 0.93000000715255737305 0.93000000715255737305 0.51999998092651367188 0.46000000834465026855 0.10999999940395355225 0.34999999403953552246 0.87000000476837158203 0.89999997615814208984 0.98000001907348632813 0.97000002861022949219 0.95999997854232788086 0.77999997138977050781 1 0.99000000953674316406 0.94999998807907104492 0.93999999761581420898 0.99000000953674316406 1 0.99000000953674316406 1 0.99000000953674316406 0.98000001907348632813 0.99000000953674316406 0.98000001907348632813 0.95999997854232788086 0.94999998807907104492 0.95999997854232788086 0.95999997854232788086
0 0 0 0 0 0 0 0 0 0 0 0 0 0 0 0 0 0 0 0 0 0 0 0 0 0 0 0.49000000953674316406 0.79000002145767211914 0.31000000238418579102 0.89999997615814208984 0.28999999165534973145 0.34999999403953552246 0.30000001192092895508 0.82999998331069946289 0.98000001907348632813 1 0.93999999761581420898 1 1 1 0.94999998807907104492 0.99000000953674316406 0.95999997854232788086 0.99000000953674316406 0.94999998807907104492 0.99000000953674316406 0.99000000953674316406 0.95999997854232788086 0.94999998807907104492 0.97000002861022949219 0.98000001907348632813 0.99000000953674316406 0.98000001907348632813 0.99000000953674316406 1 0.99000000953674316406 0.98000001907348632813 1 0.95999997854232788086 0.99000000953674316406 1 0.97000002861022949219 0.97000002861022949219 0.98000001907348632813
0 0 0 0 0 0 0 0 0 0 0 0 0 0 0 0 0 0 0 0 0 0 0 0 0 0 0 0.81999999284744262695 0.58999997377395629883 0.93999999761581420898 0.15999999642372131348 0.25 0.95999997854232788086 0.94999998807907104492 0.51999998092651367188 0.70999997854232788086 0.94999998807907104492 0.87999999523162841797 1 0.74000000953674316406 0.97000002861022949219 1 0.99000000953674316406 1 1 0.99000000953674316406 0.93999999761581420898 0.97000002861022949219 1 0.99000000953674316406 1 0.98000001907348632813 0.60000002384185791016 0.93999999761581420898 0.99000000953674316406 0.87999999523162841797 0.92000001668930053711 0.99000000953674316406 1 1 0.99000000953674316406 1 0.97000002861022949219 0.99000000953674316406 1
0 0 0 0 0 0 0 0 0 0 0 0 0 0 0 0 0 0 0 0 0 0 0 0 0 0 0.029999999329447746277 0.46999999880790710449 0.95999997854232788086 1 0.83999997377395629883 0.52999997138977050781 0.80000001192092895508 0.11999999731779098511 0.56999999284744262695 0.91000002622604370117 0.94999998807907104492 0.82999998331069946289 0.5 0.44999998807907104492 0.89999997615814208984 1 1 1 1 0.99000000953674316406 1 0.98000001907348632813 1 0.93999999761581420898 0.95999997854232788086 1 0.92000001668930053711 0.99000000953674316406 1 0.99000000953674316406 0.94999998807907104492 0.80000001192092895508 1 1 1 1 0.97000002861022949219 0.99000000953674316406 0.98000001907348632813
0 0 0 0 0 0 0 0 0 0 0 0 0 0 0 0 0 0 0 0 0 0 0 0 0 0 0.050000000745058059692 0.82999998331069946289 1 0.99000000953674316406 1 0.55000001192092895508 0.019999999552965164185 0.51999998092651367188 0.95999997854232788086 0.95999997854232788086 0.54000002145767211914 0.090000003576278686523 0.62999999523162841797 0.92000001668930053711 1 1 0.99000000953674316406 0.98000001907348632813 1 1 1 0.95999997854232788086 0.98000001907348632813 0.95999997854232788086 0.98000001907348632813 0.95999997854232788086 0.99000000953674316406 1 0.93999999761581420898 0.98000001907348632813 0.99000000953674316406 0.81999999284744262695 1 1 1 1 0.93000000715255737305 0.93999999761581420898 0.93000000715255737305
0 0 0 0 0 0 0 0 0 0 0 0 0 0 0 0 0.10999999940395355225 0.050000000745058059692 0 0 0 0 0 0 0 0 0.34999999403953552246 1 1 1 0.93000000715255737305 0.25 0.079999998211860656738 0.68999999761581420898 0.87000000476837158203 0.49000000953674316406 0.059999998658895492554 0.74000000953674316406 1 1 0.83999997377395629883 0.99000000953674316406 0.99000000953674316406 0.99000000953674316406 0.93999999761581420898 0.91000002622604370117 0.97000002861022949219 0.98000001907348632813 0.63999998569488525391 0.97000002861022949219 0.99000000953674316406 0.94999998807907104492 0.98000001907348632813 0.93999999761581420898 0.98000001907348632813 1 0.99000000953674316406 0.99000000953674316406 1 1 1 1 0.98000001907348632813 0.89999997615814208984 0.94999998807907104492
0 0 0 0 0 0 0 0 0 0 0 0 0 0 0.029999999329447746277 0.58999997377395629883 0.95999997854232788086 0.77999997138977050781 0.27000001072883605957 0 0 0 0 0 0 0 0.58999997377395629883 1 1 0.95999997854232788086 0.34999999403953552246 0.50999999046325683594 0.87999999523162841797 0.91000002622604370117 0.33000001311302185059 0.15000000596046447754 0.81999999284744262695 1 1 1 0.97000002861022949219 1 0.81999999284744262695 0.44999998807907104492 0.059999998658895492554 0.43000000715255737305 0.98000001907348632813 1 0.99000000953674316406 0.95999997854232788086 1 1 0.99000000953674316406 0.99000000953674316406 0.97000002861022949219 0.99000000953674316406 1 0.76999998092651367188 1 0.97000002861022949219 0.99000000953674316406 0.94999998807907104492 0.88999998569488525391 0.98000001907348632813 0.95999997854232788086
0 0 0 0 0 0 0 0 0 0 0 0 0 0 0.019999999552965164185 0.50999999046325683594 0.18000000715255737305 0.059999998658895492554 0.12999999523162841797 0 0 0 0 0 0 0.019999999552965164185 0.92000001668930053711 1 0.99000000953674316406 0.98000001907348632813 0.20999999344348907471 0.73000001907348632813 0.94999998807907104492 0.47999998927116394043 0.0099999997764825820923 0.51999998092651367188 0.99000000953674316406 0.69999998807907104492 0.25999999046325683594 0.94999998807907104492 0.87999999523162841797 0.43000000715255737305 0.039999999105930328369 0 0.62000000476837158203 1 0.89999997615814208984 0.91000002622604370117 0.95999997854232788086 1 1 1 0.99000000953674316406 0.62999999523162841797 0.56000000238418579102 0.98000001907348632813 0.98000001907348632813 0.93000000715255737305 0.75 0.93000000715255737305 0.62000000476837158203 0.57999998331069946289 0.89999997615814208984 0.94999998807907104492 0.99000000953674316406
0 0 0 0 0 0 0 0 0 0 0 0 0 0 0 0 0 0 0 0 0 0 0 0 0 0.27000001072883605957 0.98000001907348632813 1 1 1 0.77999997138977050781 0.50999999046325683594 0.25999999046325683594 0 0 0.28999999165534973145 0.56999999284744262695 0.40999999642372131348 0.30000001192092895508 0.31000000238418579102 0.039999999105930328369 0.27000001072883605957 0.46999999880790710449 0.85000002384185791016 1 0.99000000953674316406 0.75 0.83999997377395629883 0.51999998092651367188 0.94999998807907104492 0.98000001907348632813 0.91000002622604370117 0.92000001668930053711 0.50999999046325683594 0.70999997854232788086 0.89999997615814208984 1 0.94999998807907104492 0.99000000953674316406 0.97000002861022949219 0.18000000715255737305 0.49000000953674316406 0.98000001907348632813 0.97000002861022949219 1
0 0 0 0 0 0 0 0 0 0 0 0 0 0 0 0 0 0 0 0 0 0 0 0 0 0.51999998092651367188 1 0.92000001668930053711 0.57999998331069946289 0.21999999880790710449 0 0 0 0 0 0 0.12999999523162841797 0.019999999552965164185 0 0.18999999761581420898 0.77999997138977050781 1 0.98000001907348632813 0.82999998331069946289 0.93999999761581420898 1 0.98000001907348632813 0.87999999523162841797 0.5 0.33000001311302185059 0.83999997377395629883 0.83999997377395629883 0.98000001907348632813 0.99000000953674316406 0.97000002861022949219 0.95999997854232788086 0.95999997854232788086 0.99000000953674316406 0.98000001907348632813 0.74000000953674316406 0.15000000596046447754 0.70999997854232788086 0.91000002622604370117 0.86000001430511474609 0.85000002384185791016
0 0 0 0 0 0 0 0 0 0 0 0 0 0 0 0 0 0 0 0 0 0 0 0 0 0.079999998211860656738 0.20999999344348907471 0.019999999552965164185 0 0 0 0 0 0 0 0.34000000357627868652 0.81000000238418579102 0.37999999523162841797 0.56999999284744262695 0.89999997615814208984 1 1 1 1 1 1 0.93999999761581420898 0.99000000953674316406 0.5 0.75999999046325683594 0.99000000953674316406 0.99000000953674316406 1 0.98000001907348632813 0.98000001907348632813 0.99000000953674316406 0.99000000953674316406 0.97000002861022949219 0.93000000715255737305 0.92000001668930053711 0.93000000715255737305 0.88999998569488525391 0.98000001907348632813 0.86000001430511474609 0.93999999761581420898
0 0 0 0 0 0 0 0 0 0 0 0 0 0 0 0 0 0 0 0 0 0 0 0 0 0 0 0 0 0 0 0 0 0 0.12999999523162841797 0.68999999761581420898 0.69999998807907104492 0.64999997615814208984 0.51999998092651367188 0.76999998092651367188 1 1 0.95999997854232788086 0.94999998807907104492 0.99000000953674316406 1 0.99000000953674316406 0.99000000953674316406 1 0.97000002861022949219 0.88999998569488525391 0.89999997615814208984 0.98000001907348632813 0.97000002861022949219 0.94999998807907104492 0.99000000953674316406 1 1 0.99000000953674316406 0.92000001668930053711 0.93000000715255737305 0.94999998807907104492 0.97000002861022949219 0.85000002384185791016 0.99000000953674316406
0 0 0 0 0 0 0 0 0 0 0 0 0 0 0 0 0 0 0 0 0 0 0 0 0 0 0 0 0 0 0 0 0.34000000357627868652 0.28000000119209289551 0 0 0.10000000149011611938 0.68999999761581420898 0.70999997854232788086 0.019999999552965164185 0.44999998807907104492 0.91000002622604370117 1 1 0.99000000953674316406 0.97000002861022949219 0.81000000238418579102 0.97000002861022949219 0.95999997854232788086 0.82999998331069946289 0.68999999761581420898 0.70999997854232788086 0.92000001668930053711 0.99000000953674316406 0.98000001907348632813 0.97000002861022949219 0.97000002861022949219 0.97000002861022949219 0.99000000953674316406 0.88999998569488525391 0.82999998331069946289 0.93000000715255737305 0.93000000715255737305 0.97000002861022949219 1
0 0 0 0 0 0 0 0 0 0 0 0 0 0 0 0 0 0 0 0 0 0 0 0 0 0 0 0 0 0 0 0.079999998211860656738 0.66000002622604370117 0.74000000953674316406 0.079999998211860656738 0.31000000238418579102 0.87000000476837158203 0.95999997854232788086 0.98000001907348632813 0.059999998658895492554 0.079999998211860656738 0.68000000715255737305 1 1 1 0.94999998807907104492 1 0.99000000953674316406 0.98000001907348632813 0.31999999284744262695 0.079999998211860656738 0 0.55000001192092895508 0.89999997615814208984 1 1 0.99000000953674316406 0.89999997615814208984 0.94999998807907104492 0.98000001907348632813 0.88999998569488525391 0.72000002861022949219 0.87000000476837158203 0.92000001668930053711 0.93999999761581420898
0 0 0 0 0 0 0 0 0 0 0 0 0 0 0 0 0 0 0 0 0 0 0 0 0 0 0 0 0 0 0 0 0 0 0.46999999880790710449 1 0.75 0.70999997854232788086 0.98000001907348632813 0.74000000953674316406 0.87000000476837158203 1 1 0.75999999046325683594 0.95999997854232788086 0.99000000953674316406 1 0.89999997615814208984 0.98000001907348632813 0.050000000745058059692 0 0 0.029999999329447746277 0.62000000476837158203 1 1 0.94999998807907104492 0.99000000953674316406 0.33000001311302185059 1 0.94999998807907104492 0.93000000715255737305 0.81000000238418579102 0.95999997854232788086 0.97000002861022949219
0 0 0 0 0 0 0 0 0 0 0 0 0 0 0 0 0 0 0 0 0 0 0 0 0 0 0 0 0 0 0 0 0 0 0.87999999523162841797 0.99000000953674316406 0.63999998569488525391 0.50999999046325683594 0.98000001907348632813 0.98000001907348632813 1 0.93999999761581420898 1 0.91000002622604370117 0.98000001907348632813 0.95999997854232788086 1 0.98000001907348632813 0.75999999046325683594 0 0 0 0.10000000149011611938 0.47999998927116394043 1 0.95999997854232788086 0.99000000953674316406 1 0.99000000953674316406 1 0.97000002861022949219 0.92000001668930053711 0.95999997854232788086 0.93000000715255737305 0.56999999284744262695
0 0 0 0 0 0 0 0 0 0 0 0 0 0 0 0 0 0 0 0 0 0 0 0 0 0 0 0 0 0 0 0 0 0.23000000417232513428 1 1 1 1 1 1 0.98000001907348632813 1 1 0.97000002861022949219 1 0.88999998569488525391 1 0.98000001907348632813 0.21999999880790710449 0 0 0 0.0099999997764825820923 0.090000003576278686523 0.79000002145767211914 0.98000001907348632813 0.95999997854232788086 0.97000002861022949219 0.93000000715255737305 1 0.89999997615814208984 0.98000001907348632813 0.94999998807907104492 0.85000002384185791016 0.93999999761581420898
0 0 0 0 0 0 0 0 0 0 0 0 0 0 0 0 0 0 0 0 0 0 0 0 0 0 0 0 0 0 0 0 0 0.18000000715255737305 1 1 1 1 1 1 1 1 1 0.83999997377395629883 0.98000001907348632813 0.93999999761581420898 0.99000000953674316406 0.97000002861022949219 0.33000001311302185059 0.30000001192092895508 0.17000000178813934326 0.10999999940395355225 0.21999999880790710449 0.54000002145767211914 0.93999999761581420898 1 0.94999998807907104492 0.94999998807907104492 0.95999997854232788086 1 0.94999998807907104492 0.66000002622604370117 0.93000000715255737305 0.85000002384185791016 0.69999998807907104492
0 0 0 0 0 0 0 0 0 0 0 0 0 0 0 0 0 0 0 0 0 0 0 0 0 0 0 0 0 0 0 0 0 0.039999999105930328369 0.69999998807907104492 0.79000002145767211914 1 1 1 1 1 0.99000000953674316406 0.93000000715255737305 0.89999997615814208984 0.51999998092651367188 0.56000000238418579102 0.76999998092651367188 0.68000000715255737305 0 0.79000002145767211914 0.95999997854232788086 0.82999998331069946289 0.93000000715255737305 0.82999998331069946289 0.98000001907348632813 0.92000001668930053711 0.70999997854232788086 0.92000001668930053711 0.99000000953674316406 0.93999999761581420898 0.95999997854232788086 0.95999997854232788086 0.92000001668930053711 0.68000000715255737305 0.62999999523162841797
0 0 0 0 0 0 0 0 0 0 0 0 0 0 0 0 0 0 0 0 0 0 0 0 0 0 0 0 0 0 0 0 0 0 0 0.17000000178813934326 0.75999999046325683594 0.68000000715255737305 0.64999997615814208984 0.99000000953674316406 1 0.99000000953674316406 1 0.93999999761581420898 0.20999999344348907471 0.25999999046325683594 0.18000000715255737305 0.0099999997764825820923 0.60000002384185791016 0.85000002384185791016 0.68000000715255737305 0.25999999046325683594 0.77999997138977050781 0.92000001668930053711 0.97000002861022949219 0.97000002861022949219 0.56999999284744262695 0.75999999046325683594 0.98000001907348632813 0.87000000476837158203 1 0.92000001668930053711 0.93999999761581420898 0.98000001907348632813 0.82999998331069946289
0 0 0 0 0 0 0 0 0 0 0 0 0 0 0 0 0 0 0 0 0 0 0 0 0 0 0 0 0 0 0 0 0 0 0 0.070000000298023223877 0 0.019999999552965164185 0.88999998569488525391 1 1 1 1 0.85000002384185791016 0.10000000149011611938 0.0099999997764825820923 0 0 0.43000000715255737305 0.66000002622604370117 0.30000001192092895508 0.50999999046325683594 0.99000000953674316406 1 0.95999997854232788086 1 0.98000001907348632813 0.98000001907348632813 0.97000002861022949219 0.95999997854232788086 0.94999998807907104492 0.94999998807907104492 0.95999997854232788086 0.98000001907348632813 0.98000001907348632813
0 0 0 0 0 0 0 0 0 0 0 0 0 0 0 0 0 0 0 0 0 0 0 0 0 0 0 0 0 0 0 0 0 0 0 0 0 0 0.34000000357627868652 0.77999997138977050781 1 0.99000000953674316406 1 1 0.80000001192092895508 0.37999999523162841797 0 0 0 0 0.15999999642372131348 0.85000002384185791016 0.99000000953674316406 0.86000001430511474609 0.93000000715255737305 1 1 0.97000002861022949219 0.86000001430511474609 0.97000002861022949219 0.86000001430511474609 0.93000000715255737305 0.99000000953674316406 0.99000000953674316406 1
0 0 0 0 0 0 0 0 0 0 0 0 0 0 0 0 0 0 0 0 0 0 0 0 0 0 0 0 0 0 0 0 0 0 0 0 0 0 0 0.85000002384185791016 1 0.97000002861022949219 1 1 1 0.5 0.029999999329447746277 0.10000000149011611938 0 0.050000000745058059692 0.27000001072883605957 0.95999997854232788086 0.81000000238418579102 1 1 0.93999999761581420898 0.97000002861022949219 0.85000002384185791016 0.83999997377395629883 0.91000002622604370117 0.86000001430511474609 0.95999997854232788086 1 0.98000001907348632813 0.81999999284744262695
0 0 0 0 0 0 0 0 0 0 0 0 0 0 0 0 0 0 0 0 0 0 0 0 0 0 0 0 0 0 0 0 0 0 0 0 0 0 0.050000000745058059692 0.92000001668930053711 1 0.99000000953674316406 0.99000000953674316406 1 1 1 0.95999997854232788086 1 1 1 1 0.73000001907348632813 0.87999999523162841797 1 1 0.99000000953674316406 0.61000001430511474609 0.21999999880790710449 0.62000000476837158203 0.93999999761581420898 0.88999998569488525391 0.98000001907348632813 0.97000002861022949219 0.44999998807907104492 0.0099999997764825820923
0 0 0 0 0 0 0 0 0 0 0 0 0 0 0 0 0 0 0 0 0 0 0 0 0 0 0 0 0 0 0 0 0 0 0 0 0 0 0.40000000596046447754 1 0.99000000953674316406 1 1 1 1 1 0.93000000715255737305 0.63999998569488525391 0.37999999523162841797 0.5 0.62999999523162841797 1 1 1 0.93999999761581420898 0.95999997854232788086 0.67000001668930053711 0.25999999046325683594 0.87000000476837158203 1 1 1 1 0.97000002861022949219 0.68999999761581420898
