data_processed/landuse/LU-2010-NATURAL-H.asc
ncols        168
nrows        136
xllcorner    455000.000000000000
yllcorner    2107000.000000000000
cellsize     500.000000000000
NODATA_value  -99999
[rows 50 to 74 of 136, columns 110 to 164 of 168]
0 0 0 0.27735298871994018555 1.0000549554824829102 1.0000549554824829102 1.0000549554824829102 1.0000549554824829102 1.0000549554824829102 1.0000549554824829102 1.0000549554824829102 1.0000549554824829102 1.0000549554824829102 1.0000510215759277344 1.0000510215759277344 1.0000510215759277344 1.0000510215759277344 1.0000510215759277344 1.0000510215759277344 1.0000510215759277344 1.0000510215759277344 1.0000510215759277344 1.0000469684600830078 1.0000469684600830078 1.0000469684600830078 1.0000469684600830078 1.0000469684600830078 1.0000469684600830078 1.0000469684600830078 1.0000439882278442383 1.0000439882278442383 1.0000439882278442383 1.0000439882278442383 1.0000439882278442383 0.99879401922225952148 0.61520898342132568359 0.048284001648426055908 0 0 0 0 0 0 0 0 0 0 0 0 0 0 0 0 0 0
0 0 0 0.13281300663948059082 1.0000590085983276367 1.0000590085983276367 1.0000549554824829102 1.0000549554824829102 1.0000549554824829102 1.0000549554824829102 1.0000549554824829102 0.96468597650527954102 0.53695797920227050781 0.17899599671363830566 0.69781500101089477539 1.0000549554824829102 1.0000510215759277344 1.0000510215759277344 1.0000510215759277344 1.0000510215759277344 1.0000510215759277344 1.0000510215759277344 1.0000510215759277344 1.0000510215759277344 1.0000469684600830078 1.0000469684600830078 1.0000469684600830078 1.0000469684600830078 1.0000469684600830078 1.0000469684600830078 1.0000469684600830078 1.0000439882278442383 1.0000439882278442383 1.0000439882278442383 0.45906299352645874023 0 0 0 0 0 0 0 0 0 0 0 0 0 0 0 0 0 0 0 0
0 0 0 0.056740999221801757813 1.0000590085983276367 1.0000590085983276367 1.0000590085983276367 1.0000590085983276367 0.76410001516342163086 0.23588399589061737061 0.24265199899673461914 0.63192099332809448242 0.6756839752197265625 0.49199199676513671875 0.59401100873947143555 1.0000549554824829102 1.0000549554824829102 1.0000549554824829102 1.0000549554824829102 1.0000510215759277344 1.0000510215759277344 1.0000510215759277344 1.0000510215759277344 1.0000510215759277344 1.0000510215759277344 1.0000510215759277344 1.0000510215759277344 1.0000469684600830078 1.0000469684600830078 1.0000469684600830078 1.0000469684600830078 1.0000469684600830078 1.0000469684600830078 1.0000439882278442383 0.24748900532722473145 0 0 0 0 0 0 0 0 0 0 0 0 0 0 0 0 0 0 0 0
0 0 0.29351899027824401855 0.079911999404430389404 0.15289799869060516357 0.34107199311256408691 0.98710900545120239258 1.0000590085983276367 0.96834397315979003906 0.59500801563262939453 0.59411400556564331055 0.40342101454734802246 0.83407199382781982422 1.0000549554824829102 1.0000549554824829102 1.0000549554824829102 1.0000549554824829102 1.0000549554824829102 1.0000549554824829102 1.0000549554824829102 1.0000549554824829102 1.0000549554824829102 1.0000510215759277344 1.0000510215759277344 1.0000510215759277344 1.0000510215759277344 1.0000510215759277344 1.0000510215759277344 1.0000510215759277344 1.0000469684600830078 1.0000469684600830078 1.0000469684600830078 1.0000469684600830078 0.99331897497177124023 0.091525003314018249512 0 0 0 0 0 0 0 0 0 0 0 0 0 0 0 0 0 0 0 0
0 0.087273001670837402344 0.90405201911926269531 0.015335000120103359222 0.0059449998661875724792 0.33674800395965576172 1.0000590085983276367 1.0000590085983276367 1.0000590085983276367 1.0000590085983276367 1.0000590085983276367 1.0000590085983276367 1.0000590085983276367 1.0000590085983276367 1.0000590085983276367 1.0000590085983276367 1.0000549554824829102 1.0000549554824829102 1.0000549554824829102 1.0000549554824829102 1.0000549554824829102 1.0000549554824829102 1.0000549554824829102 1.0000549554824829102 1.0000510215759277344 1.0000510215759277344 1.0000510215759277344 1.0000510215759277344 1.0000510215759277344 1.0000510215759277344 1.0000510215759277344 1.0000469684600830078 1.0000469684600830078 0.70239502191543579102 0 0 0 0 0 0 0 0 0 0 0 0 0 0 0 0 0 0 0 0 0
0 0.0024880000855773687363 0.020343000069260597229 0.0050869998522102832794 0.0042639998719096183777 0.51629799604415893555 1.0000629425048828125 1.0000629425048828125 1.0000629425048828125 1.0000629425048828125 1.0000590085983276367 1.0000590085983276367 1.0000590085983276367 1.0000590085983276367 1.0000590085983276367 1.0000590085983276367 1.0000590085983276367 1.0000590085983276367 1.0000590085983276367 1.0000549554824829102 1.0000549554824829102 1.0000549554824829102 1.0000549554824829102 1.0000549554824829102 1.0000549554824829102 1.0000549554824829102 1.0000549554824829102 1.0000510215759277344 1.0000510215759277344 1.0000510215759277344 1.0000510215759277344 1.0000510215759277344 1.0000510215759277344 0.21292999386787414551 0 0 0 0 0 0 0 0 0 0 0 0 0 0 0 0 0 0 0 0 0
0 0.084564000368118286133 0.14811600744724273682 0.0011470000026747584343 0.0033859999384731054306 0.62127202749252319336 1.0000629425048828125 1.0000629425048828125 1.0000629425048828125 1.0000629425048828125 1.0000629425048828125 1.0000629425048828125 1.0000629425048828125 1.0000590085983276367 1.0000590085983276367 1.0000590085983276367 1.0000590085983276367 1.0000590085983276367 1.0000590085983276367 1.0000590085983276367 1.0000590085983276367 1.0000590085983276367 1.0000549554824829102 1.0000549554824829102 1.0000549554824829102 1.0000549554824829102 1.0000549554824829102 1.0000549554824829102 1.0000549554824829102 1.0000510215759277344 1.0000510215759277344 1.0000510215759277344 0.86637699604034423828 7.1000002208165824413e-05 0 0 0 0 0 0 0 0 0 0 0 0 0 0 0 0 0 0 0 0 0
0 0.0076419999822974205017 0.044027999043464660645 0.04943900182843208313 0.048200998455286026001 0.069897003471851348877 0.53178799152374267578 1.0000629425048828125 1.0000629425048828125 1.0000629425048828125 1.0000629425048828125 1.0000629425048828125 1.0000629425048828125 1.0000629425048828125 1.0000629425048828125 1.0000629425048828125 1.0000590085983276367 1.0000590085983276367 1.0000590085983276367 1.0000590085983276367 1.0000590085983276367 1.0000590085983276367 1.0000590085983276367 1.0000590085983276367 1.0000549554824829102 1.0000549554824829102 1.0000549554824829102 1.0000549554824829102 1.0000549554824829102 1.0000549554824829102 1.0000549554824829102 1.0000510215759277344 0.91266298294067382813 0.080118000507354736328 0 0 0 0 0 0 0 0 0 0 0 0 0 0 0 0 0 0 0 0 0
0 0 0.079251997172832489014 0.72168600559234619141 0.65728700160980224609 0.34399101138114929199 0.5088660120964050293 1.0000669956207275391 1.0000669956207275391 1.0000669956207275391 1.0000629425048828125 1.0000629425048828125 1.0000629425048828125 1.0000629425048828125 1.0000629425048828125 1.0000629425048828125 1.0000629425048828125 1.0000629425048828125 1.0000629425048828125 1.0000590085983276367 1.0000590085983276367 1.0000590085983276367 1.0000590085983276367 1.0000590085983276367 1.0000590085983276367 1.0000590085983276367 1.0000590085983276367 1.0000549554824829102 1.0000549554824829102 1.0000549554824829102 1.0000549554824829102 1.0000549554824829102 1.0000549554824829102 0.8011710047721862793 0.083907000720500946045 0 0 0 0 0 0 0 0 0 0 0 0 0 0 0 0 0 0 0 0
0 0 0 0.053130000829696655273 0.59313702583312988281 0.82331001758575439453 0.66506302356719970703 1.0000669956207275391 1.0000669956207275391 1.0000669956207275391 1.0000669956207275391 1.0000669956207275391 1.0000669956207275391 1.0000629425048828125 1.0000629425048828125 1.0000629425048828125 1.0000629425048828125 1.0000629425048828125 1.0000629425048828125 1.0000629425048828125 1.0000629425048828125 1.0000629425048828125 1.0000590085983276367 1.0000590085983276367 1.0000590085983276367 1.0000590085983276367 1.0000590085983276367 1.0000590085983276367 1.0000590085983276367 1.0000549554824829102 1.0000549554824829102 1.0000549554824829102 0.67311698198318481445 0.25791200995445251465 0.4734370112419128418 0 0 0 0 0 0 0 0 0 0 0 0 0 0 0 0 0 0 0 0
0.069496996700763702393 0.00018600000475998967886 0.83990699052810668945 0.1754640042781829834 0 0.51420599222183227539 1.0000669956207275391 1.0000669956207275391 1.0000669956207275391 1.0000669956207275391 1.0000669956207275391 1.0000669956207275391 1.0000669956207275391 1.0000669956207275391 1.0000669956207275391 1.0000669956207275391 1.0000629425048828125 1.0000629425048828125 1.0000629425048828125 1.0000629425048828125 1.0000629425048828125 1.0000629425048828125 1.0000629425048828125 1.0000629425048828125 1.0000590085983276367 1.0000590085983276367 1.0000590085983276367 1.0000590085983276367 1.0000590085983276367 1.0000590085983276367 1.0000590085983276367 1.0000549554824829102 0.6000080108642578125 0 0 0 0 0 0 0 0 0 0 0 0 0 0 0 0 0 0 0 0 0 0
0.99753999710083007813 0.86990898847579956055 0.99689501523971557617 0.94005501270294189453 0.80262202024459838867 0.7385399937629699707 1.0000710487365722656 1.0000710487365722656 1.0000710487365722656 1.0000710487365722656 1.0000669956207275391 1.0000669956207275391 1.0000669956207275391 1.0000669956207275391 1.0000669956207275391 1.0000669956207275391 1.0000669956207275391 1.0000669956207275391 1.0000669956207275391 1.0000629425048828125 1.0000629425048828125 1.0000629425048828125 1.0000629425048828125 1.0000629425048828125 1.0000629425048828125 1.0000629425048828125 1.0000629425048828125 1.0000590085983276367 1.0000590085983276367 1.0000590085983276367 1.0000590085983276367 0.88522797822952270508 0.29577800631523132324 0 0 0 0 0 0 0 0 0 0 0 0 0 0 0 0 0 0 0 0 0 0
1.0000749826431274414 1.0000749826431274414 1.0000710487365722656 1.0000710487365722656 1.0000710487365722656 1.0000710487365722656 1.0000710487365722656 1.0000710487365722656 1.0000710487365722656 1.0000710487365722656 1.0000710487365722656 1.0000710487365722656 1.0000710487365722656 1.0000669956207275391 1.0000669956207275391 1.0000669956207275391 1.0000669956207275391 1.0000669956207275391 1.0000669956207275391 1.0000669956207275391 1.0000669956207275391 1.0000669956207275391 1.0000629425048828125 1.0000629425048828125 1.0000629425048828125 1.0000629425048828125 1.0000629425048828125 1.0000629425048828125 1.0000629425048828125 1.0000590085983276367 1.0000590085983276367 0.49379199743270874023 0.067539997398853302002 0 0 0 0 0 0 0 0 0 0 0 0 0 0 0 0 0 0 0 0 0 0
1.0000749826431274414 1.0000749826431274414 1.0000749826431274414 1.0000749826431274414 1.0000749826431274414 1.0000749826431274414 1.0000710487365722656 1.0000710487365722656 1.0000710487365722656 1.0000710487365722656 1.0000710487365722656 1.0000710487365722656 1.0000710487365722656 1.0000710487365722656 1.0000710487365722656 1.0000710487365722656 1.0000669956207275391 1.0000669956207275391 1.0000669956207275391 1.0000669956207275391 1.0000669956207275391 1.0000669956207275391 1.0000669956207275391 1.0000669956207275391 1.0000629425048828125 1.0000629425048828125 1.0000629425048828125 1.0000629425048828125 1.0000629425048828125 1.0000629425048828125 1.0000629425048828125 1.0000590085983276367 0.99816101789474487305 0.52362799644470214844 0 0 0 0 0 0 0 0 0 0 0 0 0 0 0 0 0 0 0 0 0
1.0000749826431274414 1.0000749826431274414 1.0000749826431274414 1.0000749826431274414 1.0000749826431274414 1.0000749826431274414 1.0000749826431274414 1.0000749826431274414 1.0000749826431274414 1.0000749826431274414 1.0000710487365722656 1.0000710487365722656 1.0000710487365722656 1.0000710487365722656 1.0000710487365722656 1.0000710487365722656 1.0000710487365722656 1.0000710487365722656 1.0000710487365722656 1.0000669956207275391 1.0000669956207275391 1.0000669956207275391 1.0000669956207275391 1.0000669956207275391 1.0000669956207275391 1.0000669956207275391 1.0000669956207275391 1.0000629425048828125 1.0000629425048828125 1.0000629425048828125 1.0000629425048828125 1.0000629425048828125 0.99473100900650024414 0.31507200002670288086 0 0 0 0 0 0 0 0 0 0 0 0 0 0 0 0 0 0 0 0 0
1.000079035758972168 1.000079035758972168 1.0000749826431274414 1.0000749826431274414 1.0000749826431274414 1.0000749826431274414 1.0000749826431274414 1.0000749826431274414 1.0000749826431274414 1.0000749826431274414 1.0000749826431274414 1.0000749826431274414 1.0000749826431274414 1.0000710487365722656 1.0000710487365722656 1.0000710487365722656 1.0000710487365722656 1.0000710487365722656 1.0000710487365722656 1.0000710487365722656 1.0000710487365722656 1.0000710487365722656 1.0000669956207275391 1.0000669956207275391 1.0000669956207275391 1.0000669956207275391 1.0000669956207275391 1.0000669956207275391 1.0000669956207275391 1.0000629425048828125 1.0000629425048828125 1.0000629425048828125 0.70718097686767578125 0.1551730036735534668 0 0 0 0 0 0 0 0 0 0 0 0 0 0 0 0 0 0 0 0 0
1.000079035758972168 1.000079035758972168 1.000079035758972168 1.000079035758972168 1.000079035758972168 1.000079035758972168 1.0000749826431274414 1.0000749826431274414 1.0000749826431274414 1.0000749826431274414 1.0000749826431274414 1.0000749826431274414 1.0000749826431274414 1.0000749826431274414 1.0000749826431274414 1.0000749826431274414 1.0000710487365722656 1.0000710487365722656 1.0000710487365722656 1.0000710487365722656 1.0000710487365722656 1.0000710487365722656 1.0000710487365722656 1.0000710487365722656 1.0000669956207275391 1.0000669956207275391 1.0000669956207275391 1.0000669956207275391 1.0000669956207275391 1.0000669956207275391 1.0000669956207275391 1.0000629425048828125 0.99205297231674194336 0.71472799777984619141 0.017788000404834747314 0 0 0 0 0 0 0 0 0 0 0 0 0 0 0 0 0 0 0 0
1.000079035758972168 1.000079035758972168 1.000079035758972168 1.000079035758972168 1.000079035758972168 1.000079035758972168 1.000079035758972168 1.000079035758972168 1.000079035758972168 1.000079035758972168 1.0000749826431274414 1.0000749826431274414 1.0000749826431274414 1.0000749826431274414 1.0000749826431274414 1.0000749826431274414 1.0000749826431274414 1.0000749826431274414 1.0000749826431274414 1.0000710487365722656 1.0000710487365722656 1.0000710487365722656 1.0000710487365722656 1.0000710487365722656 1.0000710487365722656 1.0000710487365722656 1.0000710487365722656 1.0000669956207275391 1.0000669956207275391 1.0000669956207275391 1.0000669956207275391 1.0000669956207275391 0.41465899348258972168 0 0 0 0 0 0 0 0 0 0 0 0 0 0 0 0 0 0 0 0 0 0
1.0000829696655273438 1.0000829696655273438 1.000079035758972168 1.000079035758972168 1.000079035758972168 1.000079035758972168 1.000079035758972168 1.000079035758972168 1.000079035758972168 1.000079035758972168 1.000079035758972168 1.000079035758972168 1.000079035758972168 1.0000749826431274414 1.0000749826431274414 1.0000749826431274414 1.0000749826431274414 1.0000749826431274414 1.0000749826431274414 1.0000749826431274414 1.0000749826431274414 1.0000749826431274414 1.0000710487365722656 1.0000710487365722656 1.0000710487365722656 1.0000710487365722656 1.0000710487365722656 1.0000710487365722656 1.0000710487365722656 1.0000669956207275391 1.0000669956207275391 1.0000669956207275391 0.59261101484298706055 0.51396501064300537109 0.46913799643516540527 0.008045000024139881134 0 0 0 0 0 0 0 0 0 0 0 0 0 0 0 0 0 0 0
1.0000829696655273438 1.0000829696655273438 1.0000829696655273438 1.0000829696655273438 1.0000829696655273438 1.0000829696655273438 1.000079035758972168 1.000079035758972168 1.000079035758972168 1.000079035758972168 0.7942129969596862793 0.74374097585678100586 0.91768300533294677734 1.000079035758972168 1.000079035758972168 1.000079035758972168 1.000079035758972168 1.0000749826431274414 1.0000749826431274414 1.0000749826431274414 1.0000749826431274414 1.0000749826431274414 1.0000749826431274414 1.0000749826431274414 1.0000710487365722656 1.0000710487365722656 1.0000710487365722656 1.0000710487365722656 1.0000710487365722656 1.0000710487365722656 1.0000710487365722656 1.0000669956207275391 1.0000669956207275391 1.0000669956207275391 0.9976189732551574707 0.12912599742412567139 0.058212999254465103149 0.0303269997239112854 0 0 0 0 0 0 0 0 0 0 0 0 0 0 0 0 0
1.0000829696655273438 1.0000829696655273438 1.0000829696655273438 1.0000829696655273438 1.0000829696655273438 1.0000829696655273438 1.0000829696655273438 1.0000829696655273438 1.0000829696655273438 1.0000829696655273438 0.19479499757289886475 0 0.23071399331092834473 1.000079035758972168 1.000079035758972168 1.000079035758972168 1.000079035758972168 1.000079035758972168 1.000079035758972168 1.0000749826431274414 1.0000749826431274414 1.0000749826431274414 1.0000749826431274414 1.0000749826431274414 1.0000749826431274414 1.0000749826431274414 1.0000749826431274414 1.0000710487365722656 1.0000710487365722656 1.0000710487365722656 1.0000710487365722656 1.0000710487365722656 1.0000710487365722656 1.0000669956207275391 1.0000669956207275391 0.11818899959325790405 0.48870500922203063965 0.73718702793121337891 0.18503999710083007813 0.0075349998660385608673 0 0 0 0 0 0 0 0 0 0 0 0 0 0 0
1.0000870227813720703 1.0000870227813720703 1.0000829696655273438 1.0000829696655273438 0.99862700700759887695 0.87171602249145507813 0.89067500829696655273 1.0000829696655273438 0.97519099712371826172 0.58607697486877441406 0.089734002947807312012 0.075228996574878692627 0.1040090024471282959 1.0000749826431274414 1.000079035758972168 1.000079035758972168 1.000079035758972168 1.000079035758972168 1.000079035758972168 1.000079035758972168 1.000079035758972168 1.000079035758972168 1.0000749826431274414 1.0000749826431274414 1.0000749826431274414 1.0000749826431274414 1.0000749826431274414 1.0000749826431274414 1.0000749826431274414 1.0000710487365722656 1.0000710487365722656 1.0000710487365722656 1.0000710487365722656 1.0000710487365722656 1.0000710487365722656 0.077278003096580505371 0.41080200672149658203 1.0000669956207275391 1.0000669956207275391 0.97047597169876098633 0 0 0 0 0 0 0 0 0 0 0 0 0 0 0
0.98068898916244506836 1.0000870227813720703 1.0000870227813720703 0.79840600490570068359 0.13526499271392822266 0.12333899736404418945 0.69006198644638061523 1.0000829696655273438 0.90316599607467651367 0.54756599664688110352 0.041069999337196350098 0 0 0.98104101419448852539 1.0000829696655273438 1.0000829696655273438 1.0000829696655273438 1.000079035758972168 1.000079035758972168 1.000079035758972168 1.000079035758972168 1.000079035758972168 1.000079035758972168 1.000079035758972168 1.0000749826431274414 1.0000749826431274414 1.0000749826431274414 1.0000749826431274414 1.0000749826431274414 1.0000749826431274414 1.0000749826431274414 1.0000710487365722656 1.0000710487365722656 1.0000710487365722656 1.0000710487365722656 0.33914899826049804688 0.62081801891326904297 1.0000669956207275391 1.0000669956207275391 1.0000669956207275391 0 0 0 0 0 0 0 0 0 0 0 0 0 0 0
0.43731600046157836914 1.0000870227813720703 1.0000870227813720703 1.0000870227813720703 0.9279950261116027832 0.89113402366638183594 1.0000870227813720703 1.0000870227813720703 1.0000870227813720703 1.0000870227813720703 0.53477799892425537109 0.60505902767181396484 0.6945750117301940918 0.99491697549819946289 1.0000829696655273438 1.0000829696655273438 1.0000829696655273438 1.0000829696655273438 1.0000829696655273438 1.000079035758972168 1.000079035758972168 1.000079035758972168 1.000079035758972168 1.000079035758972168 1.000079035758972168 1.000079035758972168 1.000079035758972168 1.0000749826431274414 1.0000749826431274414 1.0000749826431274414 1.0000749826431274414 1.0000749826431274414 1.0000749826431274414 1.0000710487365722656 1.0000710487365722656 1.0000710487365722656 1.0000710487365722656 1.0000710487365722656 1.0000710487365722656 1.0000669956207275391 1.0000669956207275391 0 0 0 0 0 0 0 0 0 0 0 0 0 0
0.064746998250484466553 0.25917398929595947266 0.99090200662612915039 0.99996399879455566406 0.70148497819900512695 0.31651601195335388184 0.43131500482559204102 0.68368202447891235352 0.96551597118377685547 1.0000870227813720703 1.0000870227813720703 1.0000870227813720703 1.0000870227813720703 1.0000870227813720703 1.0000829696655273438 1.0000829696655273438 1.0000829696655273438 1.0000829696655273438 1.0000829696655273438 1.0000829696655273438 1.0000829696655273438 1.0000829696655273438 1.000079035758972168 1.000079035758972168 1.000079035758972168 1.000079035758972168 1.000079035758972168 1.000079035758972168 1.000079035758972168 1.0000749826431274414 1.0000749826431274414 1.0000749826431274414 1.0000749826431274414 1.0000749826431274414 1.0000749826431274414 1.0000710487365722656 1.0000710487365722656 1.0000710487365722656 1.0000710487365722656 1.0000710487365722656 1.0000710487365722656 0 0 0 0 0 0 0 0 0 0 0 0 0 0
