data_processed/landuse/LU-2010-NATURAL.asc
ncols        168
nrows        136
xllcorner    455000.000000000000
yllcorner    2107000.000000000000
cellsize     500.000000000000
NODATA_value  -99999
[rows 26 to 51 of 136, columns 59 to 117 of 168]
0.32617500424385070801 0 0 0 0 0.63295400142669677734 0.34065601229667663574 0.24814000725746154785 1 0.7711150050163269043 0 0.00086600001668557524681 0 0 0 0 0.065266996622085571289 0.77806502580642700195 0.94739001989364624023 0.66003400087356567383 0 0 0 0.0033030000049620866776 0 0.012163000181317329407 0.12274999916553497314 0 0.86387300491333007813 1 1 1 1 1 1 1 1 1 1 1 1 1 1 1 1 1 1 0.86350899934768676758 0.0099120000377297401428 0.73769301176071166992 0.9830430150032043457 0.35438099503517150879 0.4507580101490020752 0.91470998525619506836 1 1 1 1 1
0 0 0 0 0 0 0.00039599998854100704193 0.045276999473571777344 0.81350499391555786133 0.99762701988220214844 0.83675098419189453125 0.79113000631332397461 0.45350500941276550293 0.023558000102639198303 0 0 0.0027369998861104249954 0.49919301271438598633 0.83884298801422119141 0.39377900958061218262 0 0.0024439999833703041077 0.0025430000387132167816 0.050011001527309417725 0 0.00071599998045712709427 0.10166399925947189331 0.0025790000800043344498 0.87819898128509521484 1 1 1 1 1 1 1 1 1 1 0.9134610295295715332 0.78293001651763916016 1 1 1 1 1 1 1 0.5582860112190246582 0.89182102680206298828 0.94936001300811767578 0.51275199651718139648 0.9944069981575012207 1 1 1 1 1 1
0 0 0.029257999733090400696 0.52759301662445068359 0.55522501468658447266 0 0 0.065714001655578613281 0.75529402494430541992 1 0.38190498948097229004 0.009464999660849571228 0.062977001070976257324 0.061402998864650726318 0 0 0 0 0 0 0 0 0.037307001650333404541 0 0 0.065773002803325653076 0.017940999940037727356 0.0043669999577105045319 0.88883101940155029297 1 1 1 1 1 1 1 1 1 0.95547497272491455078 0.095509998500347137451 0.043338999152183532715 0.99956500530242919922 1 1 1 1 1 1 1 0.84758800268173217773 1 1 1 1 1 1 1 1 1
0.012605999596416950226 0 0.52422302961349487305 1 0.64121001958847045898 0 0.11540500074625015259 0.80669802427291870117 0.44584301114082336426 0.65027201175689697266 0.16606500744819641113 0 0 0 0 0 0 0 0 0 0 0.01190999988466501236 0.010050999931991100311 0 0 0.049382001161575317383 0 0 0.90043199062347412109 1 1 1 1 1 1 1 1 1 0.97599500417709350586 0.27661201357841491699 0.25145301222801208496 0.97346401214599609375 1 1 1 1 1 1 1 0.36979201436042785645 1 1 1 1 1 1 1 1 1
0.099774003028869628906 0 0.54296702146530151367 1 0.55632001161575317383 0 0.29588299989700317383 0.99997997283935546875 0.4534949958324432373 0.087503999471664428711 0 0 0 0 0 0 0 0 0 0 0.0057629998773336410522 0.0079659996554255485535 0 0 0.010184999555349349976 0.010196999646723270416 0.0066410000436007976532 0 0.91262298822402954102 1 1 1 1 1 1 1 1 1 1 1 1 1 1 1 1 1 1 1 0.90038901567459106445 0.13389199972152709961 0.97946399450302124023 1 1 1 1 1 1 1 1
0.010672000236809253693 0 0.48645499348640441895 1 0.29180100560188293457 0 0.048085000365972518921 0.79017698764801025391 0.31332999467849731445 0.2822729945182800293 0 0.010316000320017337799 0.00064500002190470695496 0 0 0 0 0 0 0 0.00708399992436170578 0 0 0 0.057890001684427261353 0.0082670003175735473633 0.0087609998881816864014 0.04053400084376335144 0.92520499229431152344 1 1 1 1 1 1 1 1 1 1 1 1 1 1 1 1 1 1 1 0.88768398761749267578 0.23484000563621520996 0.2598260045051574707 0.98022300004959106445 1 1 1 1 1 1 1
0.092923000454902648926 0.0011350000277161598206 0.10414800047874450684 0.50285798311233520508 0.083818003535270690918 0 0 0.0037809999193996191025 0 0 0.00085000001126900315285 0.019476000219583511353 0.0028200000524520874023 0 0 0 0 0 0.0029110000468790531158 0 0 0 0 0.0019059999613091349602 0.069091998040676116943 0.0084410002455115318298 0.044482000172138214111 0.013322000391781330109 0.93929398059844970703 1 1 1 1 1 1 1 1 1 1 1 1 1 1 1 1 1 1 1 1 0.82585501670837402344 0.015750000253319740295 0.90475898981094360352 1 1 0.86919701099395751953 0.82608002424240112305 0.9994379878044128418 1 1
0.27109101414680480957 0.14468200504779815674 0.10514900088310241699 0.11877100169658660889 0.083999000489711761475 0.030523000285029411316 0.17052599787712097168 0.031638998538255691528 0 0 0.01536600012332201004 0.041127000004053115845 0.0043979999609291553497 0.00072800001362338662148 0 0 0.0003990000113844871521 0.0081479996442794799805 0.035000998526811599731 0.0072180000133812427521 0 0 0 0.017023999243974685669 0.00079100002767518162727 0 0.044789999723434448242 0 0.95352500677108764648 1 1 1 1 1 1 1 1 1 1 1 1 1 1 1 1 1 1 1 1 0.45464798808097839355 0.030495999380946159363 0.86887300014495849609 1 0.88166898488998413086 0.12020999938249588013 0 0.31596800684928894043 0.34983798861503601074 0.67225700616836547852
0 0 0 0 0 0.65086001157760620117 0.89105898141860961914 0.31025499105453491211 0.0032669999636709690094 0 0.004157000221312046051 0 0.0062449998222291469574 0 0 0 0.00086199998622760176659 0.035716000944375991821 0 0 0 0.37832900881767272949 0.49694800376892089844 0.024970000609755516052 0.020615000277757644653 0.016821999102830886841 0.038766000419855117798 0.015180000104010105133 0.96775597333908081055 1 1 1 1 1 1 1 1 1 1 1 1 1 1 1 1 1 1 1 1 1 0.97858202457427978516 0.72581297159194946289 0.70032900571823120117 0.41482999920845031738 0 0 0 0 0.62952101230621337891
0.030855000019073486328 0.083879999816417694092 0.013863000087440013885 0 0.034308001399040222168 0.33719098567962646484 1 1 0.41475498676300048828 0.014883999712765216827 0.0068350001238286495209 0.021196000277996063232 0.016509000211954116821 0 0 7.999999979801941663e-06 0.04106799885630607605 0 0 0 0 0.13999000191688537598 0.023236999288201332092 0.031207000836730003357 0.019024999812245368958 0.055932000279426574707 0.038299001753330230713 0.010231999680399894714 0.98198801279067993164 1 1 1 1 1 1 1 1 1 1 1 1 1 1 1 1 1 1 1 1 1 1 0.29032799601554870605 0 0.0044220001436769962311 0 0 0.18938499689102172852 0 0.39207899570465087891
0.056375000625848770142 0.052475001662969589233 0.19623099267482757568 0.20689100027084350586 0.0063880002126097679138 0.018364999443292617798 0.94849801063537597656 0.66057199239730834961 0.65376800298690795898 0.39683601260185241699 0 0.033319000154733657837 0.0080610001459717750549 0.0084880003705620765686 0.028162000700831413269 0.018440000712871551514 0.0036629999522119760513 0 0 0 0.0060519999824464321136 0 0.050528999418020248413 0.038607999682426452637 0.013883000239729881287 0.037108998745679855347 0.016592999920248985291 0.012178000062704086304 0.99582701921463012695 1 1 1 1 1 1 1 1 1 1 1 1 1 1 1 1 1 1 1 1 1 1 0.94976401329040527344 0.44236901402473449707 0.058977998793125152588 0 0 0.68757301568984985352 0.47001498937606811523 0.87697398662567138672
0.012431999668478965759 0.029910000041127204895 0.017035000026226043701 0.07562100142240524292 0.0015620000194758176804 0.023509999737143516541 0.12428800016641616821 0.083089001476764678955 0.95366400480270385742 0.96300202608108520508 0.064653001725673675537 0.0076500000432133674622 0.11502800136804580688 0.054558999836444854736 0.13560000061988830566 0.019898999482393264771 0.030186999589204788208 0.060883998870849609375 0 0 0.0013330000219866633415 0.028237000107765197754 0.093253999948501586914 0.0017559999832883477211 0.02992199920117855072 0.041645001620054244995 0.020919999107718467712 0.029843000695109367371 1 1 1 1 1 1 1 1 1 1 1 1 1 1 1 1 1 1 1 1 1 1 1 1 0.97253400087356567383 0.48323100805282592773 0.83998799324035644531 0.78645700216293334961 0.96231001615524291992 1 1
0.091216996312141418457 0.046486999839544296265 0.044263999909162521362 0.059321999549865722656 0.028023000806570053101 0.051125999540090560913 0.089337997138500213623 0.26152899861335754395 1 0.70747798681259155273 0.010259999893605709076 0.009916000068187713623 0.024891000241041183472 0.10398100316524505615 0 0 0.014777000062167644501 0.033188998699188232422 0.021786000579595565796 0.029625000432133674622 0.020440999418497085571 0.093119002878665924072 0.068153999745845794678 0.025439999997615814209 0.037631001323461532593 0.02900400012731552124 0.024309000000357627869 0.060354001820087432861 1 1 1 1 1 1 1 1 1 1 1 1 1 1 1 1 1 1 1 1 1 1 1 1 1 0.63373899459838867188 0.61804002523422241211 0.91984999179840087891 1 1 1
0.1062360033392906189 0.010184999555349349976 0.0036069999914616346359 0.10103800147771835327 0.1310310065746307373 0.21003499627113342285 0.38415700197219848633 0.62476199865341186523 0.4141069948673248291 0.24932199716567993164 0.007265999913215637207 0.016913000494241714478 0.075612999498844146729 0.047788001596927642822 0.029193999245762825012 0.018355999141931533813 0.0064710001461207866669 0.036146998405456542969 0 0.017070999369025230408 0.22825999557971954346 0.10810600221157073975 0 0.025408999994397163391 0.019725000485777854919 0.017190000042319297791 0.030578000470995903015 0.067575998604297637939 1 1 1 1 1 1 1 1 1 1 1 1 1 1 1 1 1 1 1 1 1 1 1 1 1 0.30028998851776123047 0 0.85769701004028320313 1 1 0.80637198686599731445
0.1115989983081817627 0.049394000321626663208 0.022501999512314796448 0.0061900001019239425659 0.11139699816703796387 0.13898099958896636963 0.058715999126434326172 0.075764000415802001953 0 0.0098759997636079788208 0.0022189998999238014221 0.041051998734474182129 0.09868100285530090332 0.24456299841403961182 0 0 0.017261000350117683411 0.090125001966953277588 0.034747000783681869507 0.01168799959123134613 0.066230997443199157715 0.021085999906063079834 0.033390000462532043457 0.037571001797914505005 0.055520001798868179321 0.46991398930549621582 0.62432402372360229492 0.74475800991058349609 1 1 1 1 1 1 1 1 1 1 1 1 1 1 1 1 1 1 1 1 1 1 1 1 1 0.98903197050094604492 0.81591302156448364258 0.98328500986099243164 1 0.63494700193405151367 0.26880499720573425293
0.0091960001736879348755 0.097180999815464019775 0.01929399929940700531 0.076341003179550170898 0.34640398621559143066 0.12316799908876419067 0.0069570001214742660522 0.0010440000332891941071 0.067022003233432769775 0.027145000174641609192 0.09757699817419052124 0.0059449998661875724792 0.087586000561714172363 0.13169099390506744385 0.012822999618947505951 0.010936000384390354156 0.0067039998248219490051 0.00025300000561401247978 0.055714000016450881958 0.027442000806331634521 0.10918900370597839355 0.0080890003591775894165 0.015255000442266464233 0.011576999910175800323 0.48632499575614929199 1 1 1 1 1 1 1 1 1 1 1 1 1 1 0.90137898921966552734 0.95312601327896118164 1 1 1 1 1 1 1 1 1 1 1 1 1 1 1 1 0.25248599052429199219 0.062180999666452407837
0.0063169999048113822937 0.13082900643348693848 0.011200999841094017029 0.22398400306701660156 0.0041930000297725200653 0.02085600048303604126 0.0032909999135881662369 0.0085239997133612632751 0.0065419999882578849792 0.015698000788688659668 0.13681299984455108643 0.095867998898029327393 0.0031999999191612005234 0.0071270000189542770386 0.35989800095558166504 0.50283002853393554688 0 0 0.018395999446511268616 0.082946002483367919922 0.089587002992630004883 0 0 0.05596699938178062439 0.85894697904586791992 0.36792400479316711426 0.31682500243186950684 0.90628397464752197266 1 1 1 1 1 1 1 1 0.97614997625350952148 0.66698598861694335938 0.2745870053768157959 0.0078309997916221618652 0.15158599615097045898 0.99235802888870239258 1 1 1 1 1 1 1 1 1 1 1 1 1 1 1 0.57812899351119995117 0.57048302888870239258
0.033201001584529876709 0.079102002084255218506 0.2376410067081451416 0.025373000651597976685 0.006455000024288892746 0.013593999668955802917 0.0053400001488626003265 0.075115002691745758057 0.061420999467372894287 0.065265998244285583496 0.10275799781084060669 0.048673998564481735229 0.063635997474193572998 0.01310800015926361084 0.38970899581909179688 0.80695897340774536133 0.18115499615669250488 0.0026340000331401824951 0 0.12955799698829650879 0.012210000306367874146 0 0.0027369998861104249954 0.47473001480102539063 0.94780600070953369141 0.057342998683452606201 0 0.57651799917221069336 1 1 1 1 1 1 0.84209799766540527344 0.45178100466728210449 0.083233997225761413574 0 0 0 0 0.72199302911758422852 1 1 1 1 1 1 1 1 1 1 1 1 1 0.81483399868011474609 0.8291950225830078125 1 1
0.012926000170409679413 0.060334000736474990845 0.098387002944946289063 0.0096190003678202629089 0.025352999567985534668 0.021366000175476074219 0.028010999783873558044 0.0079380003735423088074 0.0080490000545978546143 0.099189996719360351563 0.028204999864101409912 0.091812998056411743164 0.021005999296903610229 0.0071629998274147510529 0.033516999334096908569 0.010153000243008136749 0.031800001859664916992 0.030526999384164810181 0.015603000298142433167 0.15029199421405792236 0.032021999359130859375 0.00516600022092461586 0.0034020000603049993515 0.81947398185729980469 1 0.55574899911880493164 0 0.11729300022125244141 0.98679298162460327148 1 1 0.72191399335861206055 0.89250797033309936523 0.2968820035457611084 0.0020769999828189611435 0 0 0 0 0 0 0.38359698653221130371 1 1 1 1 1 1 1 1 1 1 1 1 1 0.36999601125717163086 0.37560099363327026367 1 1
0.048112001270055770874 0.12083400040864944458 0.010648000054061412811 0.0060160001739859580994 0.016892999410629272461 0.025116000324487686157 0.032076999545097351074 0.0069849998690187931061 0.067077003419399261475 0.068567998707294464111 0.24890400469303131104 0.3191420137882232666 0.18933799862861633301 0.4744530022144317627 0.43690198659896850586 0.79868501424789428711 0.68603998422622680664 0.43830201029777526855 0.2248920053243637085 0.028573000803589820862 0.0047109997831284999847 0.0086380001157522201538 0.13163499534130096436 0.99900299310684204102 1 0.93893098831176757813 0.77264797687530517578 0.97283101081848144531 1 1 1 0.48369500041007995605 0.75358802080154418945 0.088620997965335845947 0 0 0 0 0 0 0 0.49584698677062988281 1 1 1 1 1 1 1 1 1 1 1 1 1 0.22179099917411804199 0.14613099396228790283 1 1
0.07241299748420715332 0.016240000724792480469 0 0.001787999994121491909 0.023284999653697013855 0.012791000306606292725 0.0035870000720024108887 0 0.066285997629165649414 0.0078870002180337905884 0.42236998677253723145 0.060277998447418212891 0.25549799203872680664 0.83217000961303710938 1 1 0.87938100099563598633 0.4217039942741394043 0.99240201711654663086 0.37591800093650817871 0.01724500022828578949 0.017502000555396080017 0.44179698824882507324 1 1 1 1 1 1 1 1 1 1 0.46275499463081359863 0 0 0 0 0.00038799998583272099495 0.1908210068941116333 0.6094989776611328125 0.98074197769165039063 1 1 1 1 1 1 1 1 1 1 1 1 1 0.2472350001335144043 0.0019460000330582261086 0.88944697380065917969 1
0.0074749998748302459717 0.042986001819372177124 0.013824000023305416107 0.041645001620054244995 0.041221998631954193115 0.23286999762058258057 0.19292199611663818359 0.029845999553799629211 0.043970998376607894897 0.054993998259305953979 0.16392500698566436768 0.07385600358247756958 0.14988000690937042236 0.10825499892234802246 0.76121401786804199219 0.72545897960662841797 0.12738999724388122559 0.018060000613331794739 0.1446869969367980957 0.026172000914812088013 0.0035719999577850103378 0.005394999869167804718 0.75748801231384277344 1 1 1 1 1 1 1 1 1 0.97754198312759399414 0.78329199552536010742 0.043558999896049499512 0 0.092670999467372894287 0.45553299784660339355 0.83785897493362426758 1 1 1 1 1 1 1 1 1 1 1 1 1 1 1 1 0.33739098906517028809 0 0.17065800726413726807 0.62137901782989501953
0.0076179997995495796204 0.033544998615980148315 0.11411300301551818848 0.04292200133204460144 0.013871000148355960846 0.02869899943470954895 0.23910200595855712891 0.038212001323699951172 0.012736000120639801025 0.10223899781703948975 0.0068540000356733798981 0.066013000905513763428 0.077958002686500549316 0.21123799681663513184 0.42397800087928771973 0.081688001751899719238 0.12092400342226028442 0.020694000646471977234 0.092513002455234527588 0.085282996296882629395 0.071324996650218963623 0.10035999864339828491 0.99131798744201660156 1 1 0.86329501867294311523 0.72973400354385375977 1 1 1 0.96116399765014648438 0.45292499661445617676 0.094679996371269226074 0.65184098482131958008 0.87652999162673950195 0.74170297384262084961 0.98258900642395019531 0.84951502084732055664 0.5402190089225769043 0.69196599721908569336 0.76699697971343994141 0.70786201953887939453 0.55303800106048583984 0.51987302303314208984 0.63687700033187866211 0.7514960169792175293 1 1 1 1 1 1 1 1 1 0.76750701665878295898 0.1528189927339553833 0 0.007135000079870223999
0 0.01182600017637014389 0.079325996339321136475 0.0030420001130551099777 0 0.011204999871551990509 0.12449900060892105103 0.092318996787071228027 0.028031000867486000061 0.0092789996415376663208 0.0026740001048892736435 0 0.038042001426219940186 0.46502599120140075684 0.82979798316955566406 0.91890597343444824219 0.63188701868057250977 0.31312701106071472168 0.34052899479866027832 0.67898601293563842773 0.61540997028350830078 0.427845001220703125 1 0.99921697378158569336 0.87098401784896850586 0.7884349822998046875 0.13550999760627746582 0.88842701911926269531 0.99997198581695556641 1 0.99980199337005615234 0.59628200531005859375 0.54387897253036499023 0.97195297479629516602 1 0.9589570164680480957 0.38008901476860046387 0.014421000145375728607 0 0 0 0 0 0 0 0.061535000801086425781 0.90079498291015625 1 1 1 1 1 1 1 1 1 0.98865598440170288086 0.69887602329254150391 0.88999700546264648438
0.02860400080680847168 0.045386001467704772949 0.031041000038385391235 0 0 0.008969999849796295166 0.13544300198554992676 0.12877100706100463867 0.017154000699520111084 0.018039999529719352722 0.043878998607397079468 0.028145000338554382324 0.015556000173091888428 0.0030930000357329845428 0.20163400471210479736 0.82818901538848876953 1 1 1 1 0.95748502016067504883 0.91599899530410766602 0.73271399736404418945 0.1924889981746673584 0.60681098699569702148 0.49684798717498779297 0.16491299867630004883 0.7443180084228515625 0.14484000205993652344 0.59890800714492797852 1 1 1 1 1 0.66774100065231323242 0.0020880000665783882141 0.025820000097155570984 0 0 0 0 0 0 0.0021359999664127826691 0.0041410000994801521301 0.81914699077606201172 1 1 1 1 1 1 1 1 1 1 1 1
0.14536699652671813965 0.036106999963521957397 0 0 0.012316999956965446472 0.0053509999997913837433 0.083910003304481506348 0.12439200282096862793 0.022157000377774238586 0.023794999346137046814 0.024380000308156013489 0.009151999838650226593 0.030332999303936958313 0.11351899802684783936 0.60818701982498168945 0.98774302005767822266 1 1 1 1 0.78274297714233398438 0.28755301237106323242 0.3955389857292175293 0.67724198102951049805 0.44129300117492675781 0.51582098007202148438 0.97213602066040039063 0.31204199790954589844 0 0.18735399842262268066 1 1 1 1 1 0.33391100168228149414 0.029407000169157981873 0 0 0 0 0 0 0 0 0 0.36935499310493469238 1 1 1 1 1 1 1 1 1 1 1 1
