data_processed/landuse/LU-2000-NATURAL-H.asc
ncols        168
nrows        136
xllcorner    455000.000000000000
yllcorner    2107000.000000000000
cellsize     500.000000000000
NODATA_value  -99999
[rows 96 to 119 of 136, columns 108 to 161 of 168]
0.943943023681640625 1.0001189708709716797 1.0001189708709716797 1.0001189708709716797 1.0001189708709716797 1.0001189708709716797 1.0001189708709716797 1.0001189708709716797 1.0001189708709716797 0.19765399396419525146 0 0.076811000704765319824 0.77477997541427612305 1.0001150369644165039 1.0001150369644165039 1.0001150369644165039 1.0001150369644165039 1.0001150369644165039 1.0001150369644165039 1.0001109838485717773 1.0001109838485717773 1.0001109838485717773 1.0001109838485717773 1.0001109838485717773 1.0001109838485717773 1.0001109838485717773 1.0001109838485717773 1.0001070499420166016 1.0001070499420166016 1.0001070499420166016 1.0001070499420166016 1.0001070499420166016 1.0001070499420166016 1.000102996826171875 1.000102996826171875 1.000102996826171875 1.000102996826171875 1.000102996826171875 1.000102996826171875 1.0000989437103271484 1.0000989437103271484 1.0000989437103271484 1.0000989437103271484 1.0000989437103271484 1.0000989437103271484 1.0000950098037719727 0.81808000802993774414 0 0 0 0 0 0 0
1.0001189708709716797 1.0001189708709716797 1.0001189708709716797 1.0001189708709716797 1.0001189708709716797 1.0001189708709716797 1.0001189708709716797 1.0001189708709716797 1.0001189708709716797 0.543560028076171875 0.13571999967098236084 0.6724249720573425293 1.0001150369644165039 1.0001150369644165039 1.0001150369644165039 1.0001150369644165039 1.0001150369644165039 1.0001150369644165039 1.0001150369644165039 1.0001150369644165039 1.0001150369644165039 1.0001150369644165039 1.0001109838485717773 1.0001109838485717773 1.0001109838485717773 1.0001109838485717773 1.0001109838485717773 1.0001109838485717773 1.0001109838485717773 1.0001070499420166016 1.0001070499420166016 1.0001070499420166016 1.0001070499420166016 1.0001070499420166016 1.0001070499420166016 1.000102996826171875 1.000102996826171875 1.000102996826171875 1.000102996826171875 1.000102996826171875 1.000102996826171875 1.0000989437103271484 1.0000989437103271484 1.0000989437103271484 1.0000989437103271484 1.0000989437103271484 0.38932400941848754883 0 0 0 0 0 0 0
1.0001230239868164063 1.0001230239868164063 1.0001230239868164063 1.0001230239868164063 1.0001189708709716797 1.0001189708709716797 1.0001189708709716797 1.0001189708709716797 1.0001189708709716797 1.0001189708709716797 1.0001189708709716797 1.0001189708709716797 1.0001189708709716797 1.0001189708709716797 1.0001189708709716797 1.0001189708709716797 1.0001150369644165039 1.0001150369644165039 1.0001150369644165039 1.0001150369644165039 1.0001150369644165039 1.0001150369644165039 1.0001150369644165039 1.0001150369644165039 1.0001109838485717773 1.0001109838485717773 1.0001109838485717773 1.0001109838485717773 1.0001109838485717773 1.0001109838485717773 1.0001109838485717773 1.0001070499420166016 1.0001070499420166016 1.0001070499420166016 1.0001070499420166016 1.0001070499420166016 1.0001070499420166016 1.000102996826171875 1.000102996826171875 1.000102996826171875 1.000102996826171875 1.000102996826171875 1.000102996826171875 1.0000989437103271484 0.85344201326370239258 0.45252498984336853027 0.019116999581456184387 0 0 0 0 0 0 0
0.6234080195426940918 0.28228500485420227051 0.90071797370910644531 1.0001230239868164063 1.0001230239868164063 1.0001230239868164063 1.0001230239868164063 1.0001230239868164063 1.0001230239868164063 1.0001189708709716797 1.0001189708709716797 1.0001189708709716797 1.0001189708709716797 1.0001189708709716797 1.0001189708709716797 1.0001189708709716797 1.0001189708709716797 1.0001189708709716797 1.0001189708709716797 1.0001150369644165039 1.0001150369644165039 1.0001150369644165039 1.0001150369644165039 1.0001150369644165039 1.0001150369644165039 1.0001150369644165039 1.0001150369644165039 1.0001109838485717773 1.0001109838485717773 1.0001109838485717773 1.0001109838485717773 1.0001109838485717773 1.0001109838485717773 1.0001070499420166016 1.0001070499420166016 1.0001070499420166016 1.0001070499420166016 1.0001070499420166016 1.0001070499420166016 1.000102996826171875 1.000102996826171875 1.000102996826171875 1.000102996826171875 1.000102996826171875 0.88657301664352416992 0.28543800115585327148 4.4000000343658030033e-05 0 0 0 0 0 0 0
0.17001399397850036621 0.00019799999427050352097 0.45923700928688049316 1.0001230239868164063 1.0001230239868164063 1.0001230239868164063 1.0001230239868164063 1.0001230239868164063 1.0001230239868164063 1.0001230239868164063 1.0001230239868164063 1.0001230239868164063 1.0001189708709716797 1.0001189708709716797 1.0001189708709716797 1.0001189708709716797 1.0001189708709716797 1.0001189708709716797 1.0001189708709716797 1.0001189708709716797 1.0001189708709716797 1.0001189708709716797 1.0001150369644165039 1.0001150369644165039 1.0001150369644165039 1.0001150369644165039 1.0001150369644165039 1.0001150369644165039 1.0001150369644165039 1.0001109838485717773 1.0001109838485717773 1.0001109838485717773 1.0001109838485717773 1.0001109838485717773 1.0001109838485717773 1.0001070499420166016 1.0001070499420166016 1.0001070499420166016 1.0001070499420166016 1.0001070499420166016 1.0001070499420166016 1.000102996826171875 1.000102996826171875 1.000102996826171875 1.000102996826171875 1.000102996826171875 0.25207400321960449219 0 0 0 0 0 0 0
0.0076179997995495796204 0.89361798763275146484 0.97144901752471923828 1.000126957893371582 1.0001230239868164063 1.0001230239868164063 1.0001230239868164063 1.0001230239868164063 1.0001230239868164063 1.0001230239868164063 1.0001230239868164063 1.0001230239868164063 1.0001230239868164063 1.0001230239868164063 1.0001230239868164063 1.0001230239868164063 1.0001189708709716797 1.0001189708709716797 1.0001189708709716797 1.0001189708709716797 1.0001189708709716797 1.0001189708709716797 0.95272797346115112305 0.94283199310302734375 1.0001150369644165039 1.0001150369644165039 1.0001150369644165039 1.0001150369644165039 1.0001150369644165039 1.0001150369644165039 1.0001150369644165039 0.97703897953033447266 1.0001109838485717773 1.0001109838485717773 1.0001109838485717773 1.0001109838485717773 1.0001109838485717773 1.0001070499420166016 1.0001070499420166016 1.0001070499420166016 1.0001070499420166016 1.0001070499420166016 1.0001070499420166016 1.000102996826171875 1.000102996826171875 1.000102996826171875 0.27539899945259094238 0 0 0 0 0 0 0
0.46490499377250671387 1.000126957893371582 1.000126957893371582 1.000126957893371582 1.000126957893371582 1.000126957893371582 1.000126957893371582 1.000126957893371582 0.4999110102653503418 0.30396100878715515137 0.77300000190734863281 1.0001230239868164063 1.0001230239868164063 1.0001230239868164063 1.0001230239868164063 1.0001230239868164063 1.0001230239868164063 1.0001230239868164063 1.0001230239868164063 1.0001189708709716797 1.0001189708709716797 1.0001189708709716797 0.2848599851131439209 0.041765999048948287964 0.31006500124931335449 0.71877497434616088867 1.0001189708709716797 1.0001150369644165039 0.93379700183868408203 0.48859798908233642578 0.36780598759651184082 0.26844498515129089355 1.0001150369644165039 1.0001109838485717773 1.0001109838485717773 1.0001109838485717773 1.0001109838485717773 1.0001109838485717773 1.0001109838485717773 1.0001070499420166016 1.0001070499420166016 1.0001070499420166016 1.0001070499420166016 1.0001070499420166016 1.0001070499420166016 1.000102996826171875 0.19677600264549255371 0 0 0 0 0 0 0
1.000126957893371582 1.000126957893371582 1.000126957893371582 1.000126957893371582 1.000126957893371582 1.000126957893371582 1.000126957893371582 1.000126957893371582 0.72746902704238891602 0.00098500004969537258148 0.79758697748184204102 1.000126957893371582 1.0001230239868164063 1.0001230239868164063 1.0001230239868164063 1.0001230239868164063 1.0001230239868164063 1.0001230239868164063 1.0001230239868164063 1.0001230239868164063 1.0001230239868164063 1.0001230239868164063 0.93006300926208496094 0.11693099886178970337 0.46598899364471435547 0.9513480067253112793 1.0001189708709716797 1.0001189708709716797 0.99811702966690063477 0.44735100865364074707 0.47366300225257873535 0.95503401756286621094 1.0001150369644165039 1.0001150369644165039 1.0001150369644165039 1.0001109838485717773 1.0001109838485717773 1.0001109838485717773 1.0001109838485717773 1.0001109838485717773 1.0001109838485717773 1.0001070499420166016 1.0001070499420166016 1.0001070499420166016 1.0001070499420166016 1.0001070499420166016 0.37781798839569091797 0 0 0 0 0 0 0
1.0001310110092163086 1.0001310110092163086 1.0001310110092163086 1.0001310110092163086 1.000126957893371582 1.000126957893371582 1.000126957893371582 1.000126957893371582 0.83714997768402099609 0.32045200467109680176 1.000126957893371582 1.000126957893371582 1.000126957893371582 1.000126957893371582 1.000126957893371582 1.000126957893371582 1.0001230239868164063 1.0001230239868164063 1.0001230239868164063 1.0001230239868164063 1.0001230239868164063 1.0001230239868164063 1.0001230239868164063 0.99865502119064331055 0.9973379969596862793 1.0001189708709716797 1.0001189708709716797 1.0001189708709716797 1.0001189708709716797 1.0001189708709716797 1.0001189708709716797 1.0001150369644165039 1.0001150369644165039 1.0001150369644165039 1.0001150369644165039 1.0001150369644165039 1.0001150369644165039 1.0001109838485717773 1.0001109838485717773 1.0001109838485717773 1.0001109838485717773 1.0001109838485717773 1.0001109838485717773 1.0001070499420166016 1.0001070499420166016 1.0001070499420166016 0.97137802839279174805 0.0069889998994767665863 0 0 0 0 0 0
1.0001310110092163086 1.0001310110092163086 1.0001310110092163086 1.0001310110092163086 1.0001310110092163086 1.0001310110092163086 1.0001310110092163086 1.0001310110092163086 0.99949401617050170898 1.000126957893371582 1.000126957893371582 1.000126957893371582 1.000126957893371582 1.000126957893371582 1.000126957893371582 1.000126957893371582 1.000126957893371582 1.000126957893371582 1.000126957893371582 1.0001230239868164063 1.0001230239868164063 1.0001230239868164063 1.0001230239868164063 1.0001230239868164063 1.0001230239868164063 1.0001230239868164063 1.0001230239868164063 1.0001189708709716797 1.0001189708709716797 1.0001189708709716797 1.0001189708709716797 1.0001189708709716797 1.0001189708709716797 1.0001150369644165039 1.0001150369644165039 1.0001150369644165039 1.0001150369644165039 1.0001150369644165039 1.0001109838485717773 1.0001109838485717773 1.0001109838485717773 0 0 1.0001109838485717773 1.0001109838485717773 1.0001070499420166016 0.46461200714111328125 0 0 0 0 0 0 0
1.0001310110092163086 1.0001310110092163086 1.0001310110092163086 1.0001310110092163086 1.0001310110092163086 1.0001310110092163086 1.0001310110092163086 1.0001310110092163086 1.0001310110092163086 1.0001310110092163086 1.0001310110092163086 1.0001310110092163086 1.000126957893371582 1.000126957893371582 1.000126957893371582 1.000126957893371582 1.000126957893371582 1.000126957893371582 1.000126957893371582 1.000126957893371582 1.000126957893371582 1.0001230239868164063 1.0001230239868164063 1.0001230239868164063 1.0001230239868164063 1.0001230239868164063 1.0001230239868164063 1.0001230239868164063 1.0001230239868164063 1.0001189708709716797 1.0001189708709716797 1.0001189708709716797 1.0001189708709716797 1.0001189708709716797 1.0001189708709716797 1.0001150369644165039 1.0001150369644165039 0 0 0 0 0 0 0 0 0 0.00033199999597854912281 0 0 0 0 0 0 0
1.0001339912414550781 1.0001339912414550781 1.0001339912414550781 1.0001339912414550781 1.0001310110092163086 1.0001310110092163086 1.0001310110092163086 1.0001310110092163086 1.0001310110092163086 1.0001310110092163086 1.0001310110092163086 1.0001310110092163086 1.0001310110092163086 1.0001310110092163086 1.0001310110092163086 1.0001310110092163086 1.000126957893371582 1.000126957893371582 1.000126957893371582 1.000126957893371582 1.000126957893371582 1.000126957893371582 1.000126957893371582 1.000126957893371582 1.0001230239868164063 1.0001230239868164063 1.0001230239868164063 1.0001230239868164063 1.0001230239868164063 1.0001230239868164063 1.0001230239868164063 1.0001189708709716797 1.0001189708709716797 1.0001189708709716797 1.0001189708709716797 1.0001189708709716797 1.0000629425048828125 0 0 0 0 0 0 0 0 0 0 0 0 0 0 0 0 0
1.0001339912414550781 1.0001339912414550781 1.0001339912414550781 1.0001339912414550781 1.0001339912414550781 1.0001339912414550781 1.0001339912414550781 1.0001339912414550781 1.0001339912414550781 1.0001310110092163086 1.0001310110092163086 1.0001310110092163086 1.0001310110092163086 1.0001310110092163086 1.0001310110092163086 1.0001310110092163086 1.0001310110092163086 1.0001310110092163086 1.0001310110092163086 1.000126957893371582 1.000126957893371582 1.000126957893371582 1.000126957893371582 1.000126957893371582 1.000126957893371582 1.000126957893371582 1.000126957893371582 1.0001230239868164063 1.0001230239868164063 1.0001230239868164063 1.0001230239868164063 1.0001230239868164063 1.0001230239868164063 1.0001189708709716797 1.0001189708709716797 1.0001189708709716797 0 0 0 0 0 0 0 0 0 0 0 0 0 0 0 0 0 0
1.0001339912414550781 1.0001339912414550781 1.0001339912414550781 1.0001339912414550781 1.0001339912414550781 1.0001339912414550781 1.0001339912414550781 1.0001339912414550781 1.0001339912414550781 1.0001339912414550781 1.0001339912414550781 1.0001339912414550781 1.0001310110092163086 1.0001310110092163086 1.0001310110092163086 1.0001310110092163086 1.0001310110092163086 1.0001310110092163086 1.0001310110092163086 1.0001310110092163086 1.0001310110092163086 1.000126957893371582 1.000126957893371582 1.000126957893371582 1.000126957893371582 0 1.000126957893371582 1.000126957893371582 1.000126957893371582 1.0001230239868164063 1.0001230239868164063 1.0001230239868164063 1.0001230239868164063 0 0 0 0 0 0 0 0 0 0 0 0 0 0 0 0 0 0 0 0 0
1.0001380443572998047 1.0001380443572998047 1.0001380443572998047 1.0001380443572998047 1.0001339912414550781 1.0001339912414550781 1.0001339912414550781 1.0001339912414550781 1.0001339912414550781 1.0001339912414550781 1.0001339912414550781 1.0001339912414550781 1.0001339912414550781 1.0001339912414550781 1.0001339912414550781 1.0001339912414550781 1.0001310110092163086 1.0001310110092163086 1.0001310110092163086 1.0001310110092163086 1.0001310110092163086 1.0001310110092163086 1.0001310110092163086 0 0 0 0 1.000126957893371582 1.000126957893371582 1.0001230239868164063 0 0 0 0 0 0 0 0 0 0 0 0 0 0 0 0 0 0 0 0 0 0 0 0
1.0001380443572998047 1.0001380443572998047 1.0001380443572998047 1.0001380443572998047 1.0001380443572998047 1.0001380443572998047 1.0001380443572998047 1.0001380443572998047 1.0001339912414550781 1.0001339912414550781 0.9939200282096862793 0.93162202835083007813 0 0 0 0 1.0001339912414550781 0 0 0 0 0 0 0 0 0 0 0 0 0 0 0 0 0 0 0 0 0 0 0 0 0 0 0 0 0 0 0 0 0 0 0 0 0
0.64045602083206176758 0.97298002243041992188 1.0001380443572998047 1.0001380443572998047 1.0001380443572998047 1.0001380443572998047 1.0001380443572998047 1.0001380443572998047 1.0001380443572998047 1.0001380443572998047 0.4279409945011138916 0 0 0 0 0 0 0 0 0 0 0 0 0 0 0 0 0 0 0 0 0 0 0 0 0 0 0 0 0 0 0 0 0 0 0 0 0 0 0 0 0 0 0
0 0.17588800191879272461 1.0001419782638549805 1.0001419782638549805 1.0001380443572998047 1.0001380443572998047 1.0001380443572998047 1.0001380443572998047 0.88507801294326782227 0.98788398504257202148 0.34196498990058898926 0 0 0 0 0 0 0 0 0 0 0 0 0 0 0 0 0 0 0 0 0 0 0 0 0 0 0 0 0 0 0 0 0 0 0 0 0 0 0 0 0 0 0
0 0.7605050206184387207 1.0001419782638549805 1.0001419782638549805 1.0001419782638549805 1.0001419782638549805 1.0001419782638549805 0.97165501117706298828 0.243707999587059021 0.57877099514007568359 0.49689701199531555176 0 0 0 0 0 0 0 0 0 0 0 0 0 0 0 0 0 0 0 0 0 0 0 0 0 0 0 0 0 0 0 0 0 0 0 0 0 0 0 0 0 0 0
0 0.63965702056884765625 1.0001419782638549805 1.0001419782638549805 0.99632102251052856445 0.99916899204254150391 1.0001419782638549805 0.83700299263000488281 0 0 0 0 0 0 0 0 0 0 0 0 0 0 0 0 0 0 0 0 0 0 0 0 0 0 0 0 0 0 0 0 0 0 0 0 0 0 0 0 0 0 0 0 0 0
0 0.18487800657749176025 0.5855630040168762207 0.4075469970703125 0.093866996467113494873 0.54667997360229492188 1.0001419782638549805 0.54315197467803955078 0 0 0 0 0 0 0 0 0 0 0 0 0 0 0 0 0 0 0 0 0 0 0 0 0 0 0 0 0 0 0 0 0 0 0 0 0 0 0 0 0 0 0 0 0 0
0 0 0 0 0 0.12653900682926177979 0.79304200410842895508 0 0 0 0 0 0 0 0 0 0 0 0 0 0 0 0 0 0 0 0 0 0 0 0 0 0 0 0 0 0 0 0 0 0 0 0 0 0 0 0 0 0 0 0 0 0 0
0 0 0 0 0 0 0 0 0 0 0 0 0 0 0 0 0 0 0 0 0 0 0 0 0 0 0 0 0 0 0 0 0 0 0 0 0 0 0 0 0 0 0 0 0 0 0 0 0 0 0 0 0 0
0 0 0 0 0 0 0 0 0 0 0 0 0 0 0 0 0 0 0 0 0 0 0 0 0 0 0 0 0 0 0 0 0 0 0 0 0 0 0 0 0 0 0 0 0 0 0 0 0 0 0 0 0 0
