data_processed/landuse/LU-2010-URBAN.asc
ncols        168
nrows        136
xllcorner    455000.000000000000
yllcorner    2107000.000000000000
cellsize     500.000000000000
NODATA_value  -99999
[rows 48 to 71 of 136, columns 0 to 53 of 168]
0 0 0 0 0 0 0 0 0 0 0 0 0 0 0 0 0 0 0 0 0 0 0 0 0 0 0 0 0 0.1688899993896484375 0.84448301792144775391 1.0000360012054443359 0.99988102912902832031 0.99781697988510131836 0.99586302042007446289 0.99955701828002929688 0.99789601564407348633 0.99821197986602783203 1.0000400543212890625 1.0000439882278442383 1.0000439882278442383 1.0000439882278442383 1.0000439882278442383 0.99782800674438476563 0.94734102487564086914 0.47679901123046875 0.38747298717498779297 0.93174898624420166016 0.99651098251342773438 0.99521797895431518555 0.99226301908493041992 0.97300797700881958008 0.97928899526596069336 0.9727789759635925293
0 0 0 0 0 0 0 0 0 0 0 0 0 0 0 0 0 0 0 0 0 0 0 0 0 0 0 0 0.52515900135040283203 0.99364399909973144531 1.0000360012054443359 1.0000400543212890625 0.99947798252105712891 0.99942302703857421875 0.99801397323608398438 1.0000400543212890625 0.99142497777938842773 0.99524199962615966797 0.99890398979187011719 0.97515201568603515625 1.0000439882278442383 1.0000439882278442383 1.0000439882278442383 0.99528098106384277344 0.95281100273132324219 0.90343499183654785156 0.9066550135612487793 0.97429001331329345703 0.99447000026702880859 0.99190700054168701172 1.0000469684600830078 0.97828501462936401367 0.89668697118759155273 1.0000159740447998047
0 0 0 0 0 0 0 0 0 0 0 0 0 0 0 0 0 0 0 0 0 0 0 0 0 0 0 0.37141400575637817383 0.84903198480606079102 0.99773401021957397461 1.0000400543212890625 0.99972301721572875977 0.99616301059722900391 1.0000400543212890625 1.0000400543212890625 1.0000439882278442383 1.0000439882278442383 1.0000439882278442383 0.38423699140548706055 0.0079469997435808181763 0.16943599283695220947 1.0000469684600830078 0.98749697208404541016 0.75393497943878173828 0.75516498088836669922 0.71122401952743530273 0.98608499765396118164 0.99081897735595703125 0.94433498382568359375 0.9517390131950378418 0.99192702770233154297 0.98977899551391601563 0.96705102920532226563 0.99939501285552978516
0 0 0 0 0 0 0 0 0 0 0 0 0 0 0 0 0 0 0 0 0 0 0 0 0 0 0.049933999776840209961 0.3402569890022277832 0.62722897529602050781 0.98286902904510498047 0.57358098030090332031 0.46574801206588745117 1.0000400543212890625 1.0000439882278442383 1.0000400543212890625 1.0000439882278442383 1.0000439882278442383 0.99786400794982910156 0.062412999570369720459 0 0.0073330001905560493469 0.86010700464248657227 0.98808199167251586914 1 0.99725097417831420898 0.88109099864959716797 0.96733999252319335938 0.96925002336502075195 0.96993100643157958984 0.9747880101203918457 0.95749902725219726563 0.91071301698684692383 1.0000510215759277344 0.98749697208404541016
0 0 0 0 0 0 0 0 0 0 0 0 0 0 0 0 0 0 0 0 0 0 0 0 0 0 0.28571900725364685059 0.75532299280166625977 0.82230097055435180664 0.25868698954582214355 0 0.10746599733829498291 0.94781202077865600586 0.9777190089225769043 0.99904298782348632813 0.47257900238037109375 0.17333200573921203613 0.96889001131057739258 0.43228799104690551758 0.021022999659180641174 0.54342901706695556641 0.98999297618865966797 0.99929201602935791016 0.9422619938850402832 0.991847991943359375 0.99169701337814331055 0.92330002784729003906 0.97682899236679077148 0.91680097579956054688 0.97769498825073242188 0.95683801174163818359 0.9782810211181640625 0.99486202001571655273 0.98822897672653198242
0 0 0 0 0 0 0 0 0 0 0 0 0 0 0 0 0 0 0 0 0 0 0 0 0 0 0.18985800445079803467 0.31158798933029174805 0.0063760001212358474731 0 0 0 0.53958398103713989258 0.9534479975700378418 0.6067950129508972168 0.25349399447441101074 0.59384900331497192383 0.99973499774932861328 0.96539002656936645508 0.95459902286529541016 0.99841398000717163086 0.97984302043914794922 0.99996000528335571289 0.96416699886322021484 0.78035300970077514648 0.9843959808349609375 0.97332799434661865234 0.52646398544311523438 0.61617797613143920898 0.88449299335479736328 0.70291697978973388672 0.35421198606491088867 0.85615998506546020508 0.98291599750518798828
0 0 0 0 0 0 0 0 0 0 0 0 0 0 0 0 0 0 0 0.49108201265335083008 0.50415098667144775391 0.11549200117588043213 0 0 0 0 0 0 0 0 0 0.011044000275433063507 0.42609399557113647461 0.44710999727249145508 0.85615998506546020508 0.96625602245330810547 0.98441201448440551758 0.99315702915191650391 0.99581098556518554688 0.99554198980331420898 0.96473300457000732422 0.99221199750900268555 1.0000510215759277344 0.8526160120964050293 0.85505199432373046875 0.96786999702453613281 0.92918497323989868164 0.44502499699592590332 0 0 0 0 0.26576700806617736816 0.88530701398849487305
0 0 0 0 0 0 0 0 0 0 0 0 0 0 0 0 0 0 0 0.11392500251531600952 0.63861298561096191406 0.76516002416610717773 4.4000000343658030033e-05 0 0 0 0 0 0 0 0 0.13418099284172058105 0.7920849919319152832 0.99536401033401489258 0.98712897300720214844 0.91981899738311767578 0.89914000034332275391 0.91171401739120483398 1.0000510215759277344 0.97832000255584716797 0.96066701412200927734 0.98720800876617431641 0.97723597288131713867 0.70061498880386352539 0.9255740046501159668 0.96192502975463867188 0.7376620173454284668 0.11209800094366073608 0 0 0 0 0.56681001186370849609 0.9747130274772644043
0 0 0 0 0 0 0 0 0 0 0 0 0 0 0 0 0 0 0 0 0.54560101032257080078 1.0000400543212890625 0.14397500455379486084 0 0 0 0 0 0 0 0.060293000191450119019 0.87414497137069702148 1.0000469684600830078 0.99831098318099975586 0.97298401594161987305 0.83452701568603515625 0.91908299922943115234 0.99476301670074462891 0.98601001501083374023 0.98054301738739013672 0.93138098716735839844 0.88107097148895263672 0.83953100442886352539 0.7809619903564453125 0.87237697839736938477 0.5390580296516418457 0.023499000817537307739 0 0 0.00026500000967644155025 0.27744400501251220703 0.7348340153694152832 0.97819697856903076172 0.92720800638198852539
0 0 0 0 0 0 0 0 0 0 0 0 0 0 0 0 0 0 0.060387998819351196289 0.39638099074363708496 0.41699299216270446777 1.0000439882278442383 0.28402999043464660645 0 0 0 0 0 0 0 0.61676299571990966797 0.99078398942947387695 0.97925400733947753906 0.98981499671936035156 0.98209398984909057617 0.96034997701644897461 0.99565297365188598633 0.99206101894378662109 0.91667801141738891602 0.8488699793815612793 0.94673997163772583008 0.69126397371292114258 0.88384401798248291016 0.76409202814102172852 0.58313798904418945313 0.063496999442577362061 0 0 0.16767999529838562012 0.72469598054885864258 0.99942600727081298828 0.98644900321960449219 0.97006499767303466797 0.94847202301025390625
0 0 0 0 0 0 0 0 0 0 0 0 0 0 0 0 0 0 0.38911899924278259277 0.97754502296447753906 0.98127102851867675781 0.53946197032928466797 0.024507999420166015625 0 0 0 0 0 0 0 0.67321997880935668945 0.99267101287841796875 0.97089201211929321289 0.95634001493453979492 0.95544600486755371094 0.95223802328109741211 0.99479502439498901367 0.859889984130859375 0.79369902610778808594 0.95012998580932617188 0.81665998697280883789 0.64803099632263183594 0.66324400901794433594 0.46688300371170043945 0.046025998890399932861 0.042176999151706695557 0.042284000664949417114 0.56904900074005126953 0.98228698968887329102 0.93352800607681274414 0.77952998876571655273 0.99918097257614135742 0.97770702838897705078 0.97543698549270629883
0 0 0 0 0 0 0 0 0 0 0 0 0 0 0 0 0 0 0.023562999442219734192 0.23613700270652770996 0.1208240017294883728 0 0 0 0 0 0 0.12850099802017211914 0.11036899685859680176 0.14962300658226013184 0.87340897321701049805 0.9671580195426940918 0.96422302722930908203 0.9762160181999206543 0.8144969940185546875 0.86373400688171386719 0.99486601352691650391 0.90025502443313598633 0.84109699726104736328 0.92301499843597412109 0.94807302951812744141 0.96119302511215209961 0.99078798294067382813 0.53004801273345947266 0.18212500214576721191 0.36494299769401550293 0.85291999578475952148 0.99022197723388671875 0.99822801351547241211 0.90434497594833374023 0.94322699308395385742 0.97263598442077636719 0.97823697328567504883 1.0000629425048828125
0 0 0 0 0 0 0 0 0 0 0 0 0 0 0 0 0 0 0 0 0 0 0 0 0 0.00082700001075863838196 0 0.27162900567054748535 0.92975097894668579102 0.97345501184463500977 0.99022197723388671875 0.96445202827453613281 0.98907500505447387695 0.67476999759674072266 0.00037600001087412238121 0.70712202787399291992 0.95843601226806640625 0.91667801141738891602 1.0000590085983276367 0.99172902107238769531 0.98433601856231689453 1.0000590085983276367 0.96577697992324829102 0.58258801698684692383 0.9465929865837097168 0.9499480128288269043 0.97503298521041870117 0.97543698549270629883 0.98320901393890380859 0.99215602874755859375 0.98583501577377319336 0.98941099643707275391 0.96231198310852050781 0.98346197605133056641
0 0 0 0 0 0 0 0 0 0 0 0 0 0 0 0 0 0 0 0 0 0 0 0 0.012653999961912631989 0.69147402048110961914 0.16078199446201324463 0.60730201005935668945 0.98830801248550415039 0.951663970947265625 0.98454999923706054688 0.97955799102783203125 0.98941099643707275391 0.65105301141738891602 0.34547400474548339844 0.75953602790832519531 0.9923070073127746582 0.96207898855209350586 0.97882199287414550781 0.99999201297760009766 1.0000590085983276367 1.0000590085983276367 1.0000590085983276367 1.0000590085983276367 0.95713901519775390625 0.9725729823112487793 0.90218901634216308594 0.96621602773666381836 0.89928197860717773438 0.97943997383117675781 0.99453002214431762695 0.94785898923873901367 0.99435198307037353516 0.98391699790954589844
0 0 0 0 0 0 0 0 0 0 0 0 0 0 0 0 0 0 0 0 0 0 0 0 0.14476999640464782715 1.0000510215759277344 0.90425002574920654297 0.8884639739990234375 0.97154802083969116211 0.95555198192596435547 1.0000549554824829102 0.98210501670837402344 0.98573702573776245117 0.99689501523971557617 0.93444198369979858398 0.97588801383972167969 0.95581698417663574219 0.92524600028991699219 0.98678100109100341797 0.99488598108291625977 1.0000590085983276367 1.0000590085983276367 1.0000629425048828125 1.0000669956207275391 0.99972701072692871094 0.97879099845886230469 0.97440797090530395508 0.95819902420043945313 0.78039699792861938477 0.99775701761245727539 0.99397999048233032227 0.95304900407791137695 0.94235700368881225586 0.98847800493240356445
0 0 0 0 0 0 0 0 0 0 0 0 0 0 0 0 0.11162299662828445435 0.059510000050067901611 0 0 0 0 0 0 0.018281999975442886353 0.66007202863693237305 1.0000510215759277344 1.0000510215759277344 0.99687898159027099609 1.0000549554824829102 1.0000549554824829102 0.96569800376892089844 0.97101801633834838867 0.9294980168342590332 0.94081401824951171875 0.97852998971939086914 1.0000590085983276367 0.93656998872756958008 0.99980598688125610352 1.0000629425048828125 1.0000629425048828125 1.0000629425048828125 0.99441498517990112305 0.95693701505661010742 0.98748898506164550781 0.95451599359512329102 0.99407500028610229492 0.9944069981575012207 0.96443200111389160156 0.95065999031066894531 0.97374397516250610352 0.98151600360870361328 0.98760801553726196289 0.97820901870727539063
0 0 0 0 0 0 0 0 0 0 0 0 0 0 0 0 0.15923100709915161133 0.93444198369979858398 0.11639700084924697876 0 0 0 0 0 0 0.3554019927978515625 0.79443097114562988281 0.95116198062896728516 0.99980598688125610352 1.0000549554824829102 0.41754600405693054199 0.57774698734283447266 0.96196001768112182617 0.99283701181411743164 0.92250502109527587891 0.67426800727844238281 0.95231300592422485352 0.87750297784805297852 0.99907398223876953125 1.0000629425048828125 1.0000629425048828125 1.0000629425048828125 0.99498099088668823242 1.0000629425048828125 0.99956101179122924805 0.99247699975967407227 0.938694000244140625 0.96610999107360839844 0.99998402595520019531 0.98918199539184570313 1.0000669956207275391 0.98977500200271606445 0.66293102502822875977 0.94376897811889648438
0 0 0 0 0 0 0 0 0 0 0 0 0 0 0 0.06440699845552444458 0.53315699100494384766 0.98618400096893310547 0.12626199424266815186 0 0 0 0 0 0.16510100662708282471 0.74561601877212524414 0.035773001611232757568 0.71948301792144775391 1.0000549554824829102 1.0000590085983276367 0.97239100933074951172 0.82018500566482543945 0.86115097999572753906 0.70573699474334716797 0.20659799873828887939 0.64943498373031616211 0.94621002674102783203 0.83710598945617675781 0.94980102777481079102 0.92315298318862915039 0.90479999780654907227 0.99988102912902832031 1.0000669956207275391 1.0000710487365722656 1.0000669956207275391 0.99438697099685668945 1.0000669956207275391 0.97956597805023193359 0.99963599443435668945 0.94241601228713989258 0.95809602737426757813 1.0000710487365722656 0.91767901182174682617 0.99039602279663085938
0 0 0 0 0 0 0 0 0 0 0 0 0 0 0.36500599980354309082 0.86823201179504394531 0.96105802059173583984 0.44120800495147705078 0.0035800000187009572983 0 0 0 0 0 0.030089000239968299866 0.023923000320792198181 0.084370002150535583496 0.9160969853401184082 1.0000590085983276367 0.99397999048233032227 1.0000590085983276367 0.97775799036026000977 0.34702798724174499512 0.11225599795579910278 0.75754201412200927734 0.96471697092056274414 0.55022400617599487305 0.71147698163986206055 0.97984701395034790039 0.91586297750473022461 1.0000669956207275391 0.99730199575424194336 0.99292802810668945313 0.97998499870300292969 1.0000669956207275391 0.99730199575424194336 0.99803400039672851563 0.9564660191535949707 0.98370701074600219727 0.96237999200820922852 0.9847519993782043457 0.95766097307205200195 0.98735797405242919922 1.0000710487365722656
0 0 0 0 0 0 0 0 0 0 0 0.22082899510860443115 0.28176298737525939941 0.50990200042724609375 0.96104300022125244141 0.75974899530410766602 0.26906999945640563965 0.05254000052809715271 0 0 0 0 0 0 0 0 0.72390097379684448242 1.0000590085983276367 1.0000590085983276367 1.0000590085983276367 0.99889200925827026367 0.66776901483535766602 0.17778599262237548828 0.66475099325180053711 0.87033599615097045898 0.56817400455474853516 0.56196802854537963867 0.99904298782348632813 0.99982601404190063477 0.9990590214729309082 0.83526301383972167969 0.99034100770950317383 0.99174898862838745117 0.99012297391891479492 0.94283598661422729492 0.98122298717498779297 0.9727230072021484375 0.97565001249313354492 0.64155602455139160156 0.96601897478103637695 0.99074399471282958984 0.94526398181915283203 0.97633802890777587891 0.93717098236083984375
0 0 0 0 0 0 0 0 0 0 0 0.23581300675868988037 0.92134201526641845703 0.83452701568603515625 0.41232100129127502441 0.62022000551223754883 0.96162402629852294922 0.78079599142074584961 0.27796599268913269043 0 0 0 0 0 0 0 0.82012897729873657227 1.0000590085983276367 1.0000590085983276367 0.99417001008987426758 0.99751198291778564453 0.92403101921081542969 0.91329598426818847656 0.91101402044296264648 0.34497600793838500977 0.83499801158905029297 0.99976700544357299805 1.0000669956207275391 0.99913799762725830078 0.99844199419021606445 0.96502202749252319336 1.0000710487365722656 0.91709697246551513672 0.98389297723770141602 0.75326198339462280273 0.80875301361083984375 0.99695801734924316406 1.0000710487365722656 0.98998498916625976563 0.96433401107788085938 1.0000749826431274414 0.99936300516128540039 0.98624700307846069336 0.99225497245788574219
0 0 0 0 0 0 0 0 0 0 0 0 0.071254000067710876465 0.004885000176727771759 0.01945699937641620636 0.496623992919921875 0.15931800007820129395 0.047288000583648681641 0.11695899814367294312 0 0 0 0 0 0 0.025707000866532325745 0.92925697565078735352 1.0000590085983276367 0.99193900823593139648 1.0000629425048828125 0.97654002904891967773 0.92304599285125732422 0.95222997665405273438 0.99994099140167236328 0.68276399374008178711 0.69290202856063842773 0.98992502689361572266 0.71490997076034545898 0.71474397182464599609 0.98207002878189086914 0.98472797870635986328 0.92813700437545776367 0.38588699698448181152 0.019283000379800796509 0.59239000082015991211 0.99686300754547119141 0.90415900945663452148 0.91258400678634643555 0.96206700801849365234 0.99519801139831542969 1.0000749826431274414 0.99994897842407226563 0.98681199550628662109 0.62425100803375244141
0 0 0 0 0 0 0 0 0 0 0 0 0 0 0 0 0 0 0 0 0 0 0 0 0 0.27832201123237609863 0.98166197538375854492 0.99957698583602905273 1.0000360012054443359 0.99591398239135742188 0.76469397544860839844 0.87052202224731445313 0.42994299530982971191 0.28260201215744018555 0.35889899730682373047 0.30614501237869262695 0.47678700089454650879 0.0081010004505515098572 0.012879000045359134674 0.41602799296379089355 0.54086202383041381836 0.35223400592803955078 0.47123000025749206543 0.84322500228881835938 1.0000749826431274414 0.9889519810676574707 0.74963098764419555664 0.87572699785232543945 0.8397210240364074707 0.99857598543167114258 0.9806219935417175293 0.90996199846267700195 0.92181998491287231445 0.52140498161315917969
0 0 0 0 0 0 0 0 0 0 0 0 0 0 0 0 0 0 0 0 0 0 0 0 0 0.52267897129058837891 1.0000629425048828125 0.90576100349426269531 0.5613269805908203125 0.19610799849033355713 0 0.47269698977470397949 0.56634700298309326172 0.79658198356628417969 0.12992900609970092773 0 5.9000001783715561032e-05 0 0 0.28666400909423828125 0.79935097694396972656 0.99774897098541259766 0.97705799341201782227 0.82642602920532226563 0.93626201152801513672 1.0000749826431274414 0.98377901315689086914 0.95660501718521118164 0.99533301591873168945 0.9843400120735168457 0.84482300281524658203 0.83734697103500366211 0.98106902837753295898 0.98777002096176147461
