data_processed/landuse/LU-2000-NATURAL.asc
ncols        168
nrows        136
xllcorner    455000.000000000000
yllcorner    2107000.000000000000
cellsize     500.000000000000
NODATA_value  -99999
[rows 26 to 51 of 136, columns 0 to 58 of 168]
0 0 0 0 0 0 0 0 0 0 0 0 0 0 0 0 0 0 0 0 1 1 1 1 0.9723669886589050293 0.75247997045516967773 0.1927569955587387085 0.56645101308822631836 1 1 1 1 1 0.83311998844146728516 0.3665809929370880127 0.64690697193145751953 0.92982697486877441406 0.62795400619506835938 0.17487299442291259766 0.12717400491237640381 0.011957000009715557098 0.50068002939224243164 0.036453001201152801514 0.20899499952793121338 0.0077639999799430370331 0.025622999295592308044 0.091820999979972839355 0 0 0.0090420003980398178101 0.0073689999990165233612 0.0072699999436736106873 0.018693000078201293945 0.0037100000772625207901 0.019362000748515129089 0.11256200075149536133 0.39633300900459289551 0.037911999970674514771 0.12112899869680404663
0 0 0 0 0 0 0 0 0 0 0 0 0 0 0 0 0 0 0 0 1 1 1 1 1 0.70906901359558105469 0.14858199656009674072 0.96945601701736450195 1 1 1 1 1 1 1 1 1 0.85514497756958007813 0.60975897312164306641 0.49105298519134521484 0.054138001054525375366 0.19204300642013549805 0.0032200000714510679245 0.024321999400854110718 0.0023769999388605356216 0.032921001315116882324 0.015832999721169471741 0 0 0.016592999920248985291 0.015093999914824962616 0.019678000360727310181 0.01500300038605928421 0.037347000092267990112 0.035535000264644622803 0.027411000803112983704 0.0020840000361204147339 0 0
0 0 0 0 0 0 0 0 0 0 0 0 0 0 0 0 0 0 0 0 1 1 1 1 1 0.97692400217056274414 0.3944199979305267334 0.79792499542236328125 1 1 1 1 1 1 1 1 0.91707497835159301758 0.21812100708484649658 0.031018000096082687378 0.013519999571144580841 0.017023999243974685669 0.012265999801456928253 0.0002450000029057264328 0 0.01016500033438205719 0.027122000232338905334 0.0076930001378059387207 0 0 0.0032870001159608364105 0.0049680001102387905121 0.0095319999381899833679 0.021813999861478805542 0.039562001824378967285 0.0093740001320838928223 0.31658399105072021484 0.42225098609924316406 0 0
0 0 0 0 0 0 0 0 0 0 0 0 0 0 0 0 0 0 0 0 1 1 1 1 1 1 1 0.9871609807014465332 1 1 1 1 0.91605800390243530273 0.98417001962661743164 0.99782502651214599609 1 1 0.79763400554656982422 7.999999979801941663e-06 7.5000003562308847904e-05 0.0050630001351237297058 0.035558998584747314453 0.0037100000772625207901 0 0.037884999066591262817 0.0067280000075697898865 0.022645000368356704712 0.031801000237464904785 0.0037459998857229948044 0 0.0088879996910691261292 0.0055929999798536300659 0.00094100000569596886635 0.056024000048637390137 0.043228000402450561523 0.72135597467422485352 0.16151000559329986572 0 0.011932999826967716217
0 0 0 0 0 0 0 0 0 0 0 0 0 0 0 0 0 0 0 1 1 1 1 1 1 1 1 1 1 1 1 0.91552400588989257813 0.54560601711273193359 0.29529899358749389648 0.62006002664566040039 0.97495800256729125977 1 0.72039300203323364258 0.016770999878644943237 0.1657949984073638916 0.14202199876308441162 0.02307599969208240509 0.00051400001393631100655 0.003378000110387802124 0 0.00026500000967644155025 0.0069570001214742660522 0.0055180001072585582733 0.01777100004255771637 0.019317999482154846191 0.017984999343752861023 0 0.0088440002873539924622 0.034276999533176422119 0.0060600000433623790741 0 0 0.0055650002323091030121 0.0079269995912909507751
0 0 0 0 0 0 0 0 0 0 0 0 0 0 0 0 0 0 1 1 1 1 1 1 1 1 1 1 1 1 1 1 0.81741899251937866211 0.8702710270881652832 0.42741999030113220215 0.65684902667999267578 0.94397598505020141602 0.64951699972152709961 0.68888497352600097656 0.1723760068416595459 0.20430299639701843262 0.0015310000162571668625 0.00088599999435245990753 0.0026380000635981559753 0 0.00089000002481043338776 0.014564000070095062256 0.015963999554514884949 0.012693000026047229767 0.0037259999662637710571 0 0 0.059487998485565185547 0.0086380001157522201538 0.023855000734329223633 0.014116999693214893341 0.073426999151706695557 0.095723003149032592773 0.038449998944997787476
0 0 0 0 0 0 0 0 0 0 0 0 0 0 0 0 0 1 1 1 1 1 1 1 1 1 1 1 1 1 1 1 0.95412898063659667969 0.97382700443267822266 0.81528300046920776367 0.39045599102973937988 0.2271700054407119751 0.29450199007987976074 0.032295998185873031616 0.0031520000193268060684 0.022525999695062637329 0 0.0038209999911487102509 0 0 0.016987999901175498962 0.013341000303626060486 0.025465000420808792114 0.0013650000328198075294 0.011447000317275524139 0 0 0.021244000643491744995 0 0.021739000454545021057 0.012450999580323696136 0.00053399999160319566727 0.12996099889278411865 0.18021300435066223145
0 0 0 0 0 0 0 0 0 0 0 0 0 0 0 0 0 1 1 1 1 1 1 1 1 1 1 1 1 1 1 0.99773800373077392578 0.2142480015754699707 0.93318098783493041992 0.53554302453994750977 0.0092909997329115867615 0.00034800000139512121677 0.0038640000857412815094 0.0035240000579506158829 0.0084450002759695053101 0.0012540000025182962418 0.0019940000493079423904 0.0064590000547468662262 0.0048219999298453330994 0.00067600002512335777283 0.019275000318884849548 0.0024800000246614217758 0.15341199934482574463 0.35314598679542541504 0.19166100025177001953 0.0043939999304711818695 0 0 0 0.00088200002210214734077 0.0078549999743700027466 0 0.0020729999523609876633 0.14286300539970397949
0 0 0 0 0 0 0 0 0 0 0 0 0 0 0 0 1 1 1 1 1 1 1 1 1 1 1 1 1 1 1 1 0.90031999349594116211 0.77217000722885131836 0.3602879941463470459 0.13647300004959106445 0 0.0010319999419152736664 0.014353999868035316467 0.016929000616073608398 0.0047820000909268856049 0 0 0 0.011525999754667282104 0 0.006304999813437461853 0.0018629999831318855286 0.0053909998387098312378 0.017976999282836914063 0.0075590000487864017487 0 0.0198040008544921875 0 0 0.00077500002225860953331 0.184137001633644104 0.21385300159454345703 0.079632997512817382813
0 0 0 0 0 0 0 0 0 0 0 0 0 0 0 1 1 1 1 1 1 1 1 1 1 1 1 1 1 1 1 0.70009100437164306641 0.46476900577545166016 0.47353801131248474121 0.52674597501754760742 0.2118609994649887085 0.0073730000294744968414 0.010731000453233718872 0.010296000167727470398 0.004106000065803527832 0.0046950001269578933716 0.0092599997296929359436 0.0027570000384002923965 0.0029269999358803033829 0.0086580002680420875549 0.014223000034689903259 0.046218000352382659912 0.08741699904203414917 0.13547499477863311768 0.066722996532917022705 0.003030000021681189537 0.0090739997103810310364 0.016387000679969787598 0.00067999999737367033958 0 0 0.0061070001684129238129 0.084014996886253356934 0.029838999733328819275
0 0 0 0 0 0 0 0 0 0 0 0 0 1 1 1 1 1 1 1 1 1 1 1 1 1 1 1 1 0.9166049957275390625 0.56498700380325317383 0.050446998327970504761 0 0 0 3.9999999899009708315e-06 0.024091999977827072144 0.014310999773442745209 0.014488999731838703156 0.012668999843299388885 0.039834000170230865479 0.03043200075626373291 0.018652999773621559143 0.012656999751925468445 0 0.0030569999944418668747 0.029712000861763954163 0.016437999904155731201 5.9000001783715561032e-05 0.075558997690677642822 0 0.037314999848604202271 0.0029980000108480453491 0.0036669999826699495316 0.0029819998890161514282 0 0.0035280000884085893631 0.06789699941873550415 0.17580600082874298096
0 0 0 0 0 0 1 1 1 1 1 1 1 1 1 1 1 1 1 1 1 1 1 1 1 1 1 1 1 0.84174901247024536133 0.50225901603698730469 0.78717702627182006836 0.16082499921321868896 0.00079499999992549419403 0 0 0.0022980000358074903488 0.061469998210668563843 0.016916999593377113342 0.013333000242710113525 0.011083000339567661285 0.018324999138712882996 0.019068999215960502625 0.0078830001875758171082 0 0.49285501241683959961 0.37920600175857543945 0.083157002925872802734 0.0073370002210140228271 0 0 0.55223000049591064453 0.74289602041244506836 0.11905899643898010254 0 0 0 0.017091000452637672424 0.12688300013542175293
0 0 0 0 0 1 1 1 1 1 1 1 1 1 1 1 1 1 1 1 1 1 1 1 1 1 1 1 1 1 1 0.99795097112655639648 0.17875100672245025635 5.5000000429572537541e-05 0.00024100000155158340931 0.0024399999529123306274 0.001440000021830201149 0.020393999293446540833 0.057672999799251556396 0.35555100440979003906 0.055801998823881149292 0.052404001355171203613 0.022288000211119651794 0.023988999426364898682 0.0075070001184940338135 0.15936799347400665283 0.21264700591564178467 0.054187998175621032715 0.029012000188231468201 0.0028079999610781669617 0 0.036665998399257659912 0.19552700221538543701 0.24670900404453277588 0.11851300299167633057 0 0.0068109999410808086395 0.031856000423431396484 0.041230000555515289307
0 0 0 0 0 1 1 1 1 1 1 1 1 1 1 1 1 1 1 1 1 1 1 1 1 1 1 1 1 1 1 0.78746598958969116211 0.00030099999275989830494 0.0049560000188648700714 0.0019620000384747982025 0 0.011079000309109687805 0 0.086985997855663299561 0.78119897842407226563 0.091724000871181488037 0.022957000881433486938 0.004157000221312046051 0.0020959998946636915207 0.15012499690055847168 0.13197000324726104736 0.065444998443126678467 0 0.0089469999074935913086 0.016133999451994895935 0.0015660000499337911606 0.0029509998857975006104 0 0.061363000422716140747 0.045379001647233963013 0 0 0.0088919997215270996094 0.002698000054806470871
0 0 0 1.0000040531158447266 1.0000040531158447266 1 1 1 1 1 1 1 1 1 1 1 1 1 1 1 1 1 1 1 1 1 1 1 1 1 1 0.96770501136779785156 0.090810999274253845215 0.0079859998077154159546 0.0073569999076426029205 0.086673997342586517334 0.13865099847316741943 0.012605999596416950226 0.015837000682950019836 0.023260999470949172974 0.035084001719951629639 0.059650000184774398804 0.0019660000689327716827 0.01017300039529800415 0.28240600228309631348 0.66642802953720092773 0.41972699761390686035 0.084893003106117248535 0.030688999220728874207 0.023873999714851379395 0.0042559998109936714172 0.0099710002541542053223 0 0.011877999641001224518 0.0054859998635947704315 0.0012819999828934669495 0 0 0.013907000422477722168
0 0 1 1 1 1 1 1 1 1 1 1 1 1 1 1 1 1 1 1 1 1 1 1 1 1 1 1 1 1 1 0.93456298112869262695 0.66997301578521728516 0.59442597627639770508 0.043643001466989517212 0.30571201443672180176 0.3800640106201171875 0.0051099997945129871368 0.19651299715042114258 0.13125799596309661865 0.013016999699175357819 0.0081080002710223197937 0 0.024467999115586280823 0.019377000629901885986 0.19318999350070953369 0.055029999464750289917 0.19292500615119934082 0.052273999899625778198 0 0.043242998421192169189 0.043639000505208969116 0 0.010386999696493148804 0 0.0078990003094077110291 0 0 0.016180999577045440674
1 1 1 1 1 1 1 1 1 1 1 1 1 1 1 1 1 1 1 1 1 1 1 1 1 1 1 1 1 1 1 0.84057599306106567383 0.33078598976135253906 0.56251597404479980469 0.13706000149250030518 0.0038209999911487102509 0.18029600381851196289 0.58113801479339599609 0.3718020021915435791 0.025451999157667160034 0.0093820001929998397827 0.0016649999888613820076 0 0.034244999289512634277 0 0.0061860000714659690857 0.0077960002236068248749 0.013621999882161617279 0.051236998289823532104 0.00086199998622760176659 0.015607999637722969055 0.01943599991500377655 0.0048329997807741165161 0.009916000068187713623 0 0.054294001311063766479 0.11302199959754943848 0 0.015092999674379825592
1 1 1 1 1 1 1 1 1 1 1 1 1 1 1 1 1 1 1 1 1 1 1 1 1 1 1 1 1 1 1 1 0.60417401790618896484 0.10701200366020202637 0.071191996335983276367 0 0.66663599014282226563 0.27207100391387939453 0.0060000000521540641785 0.0087409997358918190002 0.0057910000905394554138 0.010525000281631946564 0.016767000779509544373 0.034237001091241836548 0.0090929996222257614136 0.0076179997995495796204 0.025488000363111495972 0.34669399261474609375 0.19305400550365447998 0.0020959998946636915207 0.014045000076293945313 0.032745998352766036987 0.053539000451564788818 0.032710000872611999512 0.043400999158620834351 0.012854999862611293793 0.018262000754475593567 0.014024999924004077911 0.015456999652087688446
0 1 1 1 1 1 1 1 1 1 1 1 1 1 1 1 1 1 1 1 1 1 1 1 1 1 1 1 1 1 1 0.76326102018356323242 0.12616699934005737305 0.22119399905204772949 0.55638098716735839844 0.5875949859619140625 0.30792200565338134766 0.00029299999005161225796 0 0.00094900000840425491333 0.00060099997790530323982 0 0.018507000058889389038 0 0 0.015599999576807022095 0.20803299546241760254 0.72047901153564453125 0.98167502880096435547 0.87385797500610351563 0.035640999674797058105 0.029355999082326889038 0.056141000241041183472 0.051150001585483551025 0.040807001292705535889 0.092799000442028045654 0.10903500020503997803 0.012241999618709087372 0.0071789999492466449738
0 0 1 1 1 1 1 1 1 1 1 1 1 1 1 1 1 1 1 1 1 1 1 1 1 1 1 1 1 1 0.95119100809097290039 0.10610199719667434692 0 0 0 0 0.00050600001122802495956 0.0031759999692440032959 0.0042920000851154327393 0.01769999973475933075 0.01198900025337934494 0.01257800031453371048 0.0051060002297163009644 0 0.0047699999995529651642 0.15757900476455688477 0.61333900690078735352 0.15030899643898010254 0.076163001358509063721 0.34534800052642822266 0.0095840003341436386108 0.018764000385999679565 0.070874996483325958252 0.052161999046802520752 0.039569001644849777222 0.010525000281631946564 0.020026000216603279114 0.01175499986857175827 0.032053999602794647217
0 0 0.99999600648880004883 1 1 1 1 1 1 1 1 1 1 1 1 1 1 1 1 1 1 1 1 1 1 1 1 1 0.88270497322082519531 0.42313399910926818848 0.042631000280380249023 0 0 0.00084200000856071710587 0 0.0041970000602304935455 0.0097700003534555435181 0.011537999846041202545 0 0 0 0.00015399999392684549093 0.011597000062465667725 0.024914000183343887329 0.0013839999446645379066 0.12866200506687164307 0.59906399250030517578 0.74887102842330932617 0.28003099560737609863 0.029060000553727149963 0.053732998669147491455 0.033599998801946640015 0.021789999678730964661 0.013531000353395938873 0.058727998286485671997 0.020283000543713569641 0.0057310000993311405182 0 0.037392999976873397827
0 0 0 0.99999600648880004883 1 1 1 1 1 1 1 1 1 1 1 1 1 1 1 1 1 1 1 1 1 1 1 1 0.79912000894546508789 0.37389400601387023926 0.00015399999392684549093 0.00036800000816583633423 0 0.0060040000826120376587 0.011811000294983386993 0.0061820000410079956055 0 0 0 0 0.0033499998971819877625 0.0018789999885484576225 0.0090420003980398178101 0.057854000478982925415 0.1139279976487159729 0.68471997976303100586 0.045386999845504760742 0 0.016504999250173568726 0.015006000176072120667 0.0029029999859631061554 0.015030000358819961548 0.082194998860359191895 0.29990100860595703125 0.044034000486135482788 0.022585000842809677124 0 0 0.050891999155282974243
0 0 0 0 1 1 1 1 1 1 1 1 1 1 1 1 1 1 1 1 1 1 1 1 1 1 1 1 1 0.84751397371292114258 0.15385000407695770264 0 0.00015399999392684549093 0.0022229999303817749023 0.0041729998774826526642 0.00048300001071766018867 0.0021440000273287296295 0.0018269999418407678604 0 0 0 0 0 0.0022189998999238014221 0.052703998982906341553 0.53298699855804443359 0.60189002752304077148 0.066831998527050018311 0.0035359999164938926697 0.0048290002159774303436 0.0077840001322329044342 0.027038000524044036865 0.020757000893354415894 0.027272000908851623535 0.051224999129772186279 0.022493999451398849487 0.023244999349117279053 0.07636000216007232666 0
0 0 0 0 0 1 1 1 1 1 1 1 1 1 1 1 1 1 1 1 1 1 1 1 1 1 1 1 0.48488700389862060547 0.0090579995885491371155 0 0 0.00056199997197836637497 0.00061699998332187533379 0.0020250000525265932083 0 0.0086150001734495162964 0.0048019997775554656982 0.0011350000277161598206 0.013298000209033489227 0 0 0 0.0047619999386370182037 0.047230001538991928101 0.096600003540515899658 0.10126300156116485596 0.025756999850273132324 0.0055729998275637626648 0.0081359995529055595398 0 0.021765999495983123779 0.10335899889469146729 3.1999999919207766652e-05 0.013055999763309955597 0.02387000061571598053 0.00018600000475998967886 0.0040190001018345355988 0
0 0 0 0 0 0 0 0 1 1 1 1 1 1 1 1 1 1 1 1 1 1 1 1 1 1 1 0.64705902338027954102 0.1592970043420791626 0.0023060000967234373093 0 0.00031199998920783400536 0.0038759999442845582962 0 0 0 0 0 0.59851801395416259766 0.98271900415420532227 0.80713599920272827148 0 0.012546000070869922638 0.24610100686550140381 0.24487499892711639404 0.28881001472473144531 0.013961999677121639252 0.0092280004173517227173 0.055709999054670333862 0.048310000449419021606 0.0081240003928542137146 0.010267999954521656036 0.033002998679876327515 0.0006569999968633055687 0.013028999790549278259 0.01114599965512752533 0.007598000112920999527 0.13304999470710754395 0.010797999799251556396
0 0 0 0 0 0 0 0 0 1 1 1 1 1 1 1 1 1 1 1 1 1 1 1 1 1 0.94931697845458984375 0.6407139897346496582 0.3651179969310760498 0.012408000417053699493 0.40632799267768859863 0.51945000886917114258 0 0 0 0 0 0.0027330000884830951691 0.94259697198867797852 1 0.99091500043869018555 0.13441999256610870361 0.011965000070631504059 4.7000001359265297651e-05 0.0027999999001622200012 0.11895100027322769165 0.032705999910831451416 0.030799999833106994629 0.030110999941825866699 0.025257999077439308167 0.042546998709440231323 0.08933699876070022583 0 0.012558000162243843079 0.018859000876545906067 0 0.00052599998889490962029 0.028588000684976577759 0.01770799979567527771
