data_processed/landuse/LU-2000-URBAN.asc
ncols        168
nrows        136
xllcorner    455000.000000000000
yllcorner    2107000.000000000000
cellsize     500.000000000000
NODATA_value  -99999
[rows 75 to 99 of 136, columns 55 to 109 of 168]
0.99844598770141601563 0.99286001920700073242 0.90175801515579223633 0.95214301347732543945 0.97930097579956054688 0.88917201757431030273 0.71578800678253173828 0.86546701192855834961 0.92342597246170043945 0.94145500659942626953 0.91894501447677612305 0.78447902202606201172 0.89339202642440795898 0.99446201324462890625 1.0000909566879272461 0.97756898403167724609 1.0000909566879272461 1.0000909566879272461 1.0000870227813720703 1.0000909566879272461 0.97625100612640380859 0.9823430180549621582 1.0000950098037719727 1.0000950098037719727 1.0000909566879272461 0.98287701606750488281 0.9960409998893737793 1.0000950098037719727 1.0000950098037719727 1.0000950098037719727 0.99113202095031738281 0.47099700570106506348 0.25562199950218200684 0.087182000279426574707 0.061696998775005340576 0 0 0 0.058501001447439193726 0.61501497030258178711 0.87826299667358398438 0.97000199556350708008 0.73901897668838500977 0.23363299667835235596 0.70465397834777832031 0.9912980198860168457 0.99754798412322998047 0.99347001314163208008 1.0000909566879272461 0.20265400409698486328 0 0 0 0 0
1.0000870227813720703 0.95397400856018066406 0.99036401510238647461 0.34882399439811706543 1.0000870227813720703 0.94756197929382324219 0.92691099643707275391 0.81085002422332763672 0.95747900009155273438 0.97359299659729003906 0.98031002283096313477 0.97203499078750610352 0.8667920231819152832 0.9444929957389831543 0.99501198530197143555 0.99892002344131469727 1.0000950098037719727 1.0000950098037719727 1.0000950098037719727 0.99072802066802978516 0.97609299421310424805 1.0000950098037719727 0.97662299871444702148 0.98197901248931884766 0.96447199583053588867 0.97588002681732177734 0.96355801820755004883 0.97470098733901977539 0.94887602329254150391 0.95456802845001220703 0.24996499717235565186 0.20630499720573425293 0 0 0 0 0 0 0 0.38696700334548950195 0.16494299471378326416 0.2494989931583404541 0.038375999778509140015 0.3227379918098449707 0.82643401622772216797 1.0000950098037719727 0.98855298757553100586 0.99553000926971435547 1.0000909566879272461 0.64547598361968994141 0 0 0.26074001193046569824 0.20613099634647369385 0.40469101071357727051
0.96243101358413696289 0.98851698637008666992 0.99789601564407348633 0.99287998676300048828 0.99866300821304321289 0.96627199649810791016 0.92456102371215820313 0.96350300312042236328 0.93110799789428710938 0.57262402772903442383 0.9764969944953918457 0.90262800455093383789 0.91295999288558959961 0.79210102558135986328 0.89231699705123901367 0.99388098716735839844 0.99408298730850219727 0.99410599470138549805 0.99396800994873046875 0.98754000663757324219 1.0000950098037719727 1.0000950098037719727 1.0000950098037719727 0.54713100194931030273 0.12550699710845947266 0.84828001260757446289 0.99489700794219970703 0.63112199306488037109 0.03309899941086769104 0.20444199442863464355 0 0 0 0 0 0 0 0 0 0 0 0 0.58743697404861450195 0.85607701539993286133 0.99653899669647216797 0.99400001764297485352 1.0000950098037719727 0.98172998428344726563 1.0000989437103271484 0.84773099422454833984 0.38754001259803771973 0.28777599334716796875 0.94415301084518432617 0.73717498779296875 0.85475897789001464844
0.98007601499557495117 0.96413201093673706055 0.97100299596786499023 0.92861998081207275391 1.0000909566879272461 0.89794898033142089844 0.97509998083114624023 0.94829797744750976563 0.84819698333740234375 0.93982601165771484375 0.99444997310638427734 0.94063597917556762695 0.92232298851013183594 0.81076300144195556641 0.34656599164009094238 0.90021997690200805664 1.0000950098037719727 1.0000950098037719727 0.87752300500869750977 0.98177701234817504883 0.99739301204681396484 0.55913197994232177734 0.96517598628997802734 0.59245699644088745117 0.34084999561309814453 0.71863597631454467773 0.97607702016830444336 0.14568400382995605469 0 0 0 0 0 0 0 0 0 0 0 0 0 0.2629629969596862793 0.94920802116394042969 1.0000950098037719727 1.0000950098037719727 0.97301197052001953125 0.99807000160217285156 1.0000950098037719727 0.98990201950073242188 0.99872601032257080078 0.93626999855041503906 0.78140097856521606445 1.0000950098037719727 0.54473400115966796875 0.75856697559356689453
0.99725902080535888672 0.94815999269485473633 0.95180302858352661133 0.96127599477767944336 1.0000909566879272461 0.95178300142288208008 0.65681999921798706055 0.92976301908493041992 0.84830802679061889648 0.70059102773666381836 0.98215699195861816406 0.89840400218963623047 0.91199499368667602539 0.89805197715759277344 0.0043270001187920570374 0.54854297637939453125 1.0000950098037719727 0.88733297586441040039 0.96501398086547851563 0.9576810002326965332 0.99369901418685913086 0.08227799832820892334 0.30919399857521057129 0.69389498233795166016 1.0000989437103271484 1.0000989437103271484 0.99264299869537353516 0.35903298854827880859 0 0 0 0 0 0 0 0 0 0 0 0 0 0.67960798740386962891 0.87946498394012451172 1.0000989437103271484 1.0000989437103271484 1.0000989437103271484 1.0000989437103271484 1.0000989437103271484 1.0000989437103271484 1.0000989437103271484 0.99848902225494384766 0.98334002494812011719 0.98105698823928833008 0.81316000223159790039 0.9503110051155090332
0.97871601581573486328 0.92776101827621459961 0.9217929840087890625 0.99498802423477172852 0.94011002779006958008 0.95614600181579589844 0.96366900205612182617 0.91520297527313232422 0.67785102128982543945 0.62982398271560668945 0.98225998878479003906 0.95744299888610839844 0.88272798061370849609 0.90112102031707763672 0 0.018974000588059425354 0.71212500333786010742 0.92902702093124389648 0.96146601438522338867 0.99816101789474487305 0.99035298824310302734 0.30995801091194152832 0.20969499647617340088 0.97561097145080566406 1.000102996826171875 1.0000989437103271484 0.99279701709747314453 0.17226800322532653809 0 0 0 0 0 0 0 0 0 0 0 0 0.094463996589183807373 0.6652609705924987793 0.72528898715972900391 0.82633900642395019531 0.53578698635101318359 0.70389801263809204102 1.0000989437103271484 1.0000989437103271484 1.0000989437103271484 1.0000989437103271484 1.0000989437103271484 1.0000989437103271484 1.0000989437103271484 1.0000989437103271484 1.0000989437103271484
0.96963399648666381836 0.57450300455093383789 0.79820400476455688477 0.97677701711654663086 0.86508697271347045898 1.0000950098037719727 0.91600197553634643555 0.9434490203857421875 0.97605401277542114258 0.82724100351333618164 0.98820501565933227539 0.91381400823593139648 0.86956501007080078125 0.86876600980758666992 0.094694003462791442871 0.016343999654054641724 0.13290700316429138184 0.89242702722549438477 0.99568498134613037109 1.0000989437103271484 1.0000989437103271484 0.99956899881362915039 0.99291998147964477539 0.99217200279235839844 0.99751198291778564453 1.0000989437103271484 1.000102996826171875 0.87670797109603881836 0.42290601134300231934 0.32100200653076171875 0.0046279998496174812317 0.017099000513553619385 0.0088130002841353416443 0 0 0 0 0 0 0 0 0 0 0 0 0.24734300374984741211 1.0000989437103271484 1.0000989437103271484 1.0000989437103271484 1.0000989437103271484 1.0000989437103271484 0.7267169952392578125 0.19049899280071258545 0.77868801355361938477 1.0000989437103271484
1.0000950098037719727 0.9790160059928894043 0.97782599925994873047 0.96528297662734985352 0.962368011474609375 0.95208698511123657227 0.94570702314376831055 0.96033900976181030273 0.98451000452041625977 0.98295199871063232422 0.98657900094985961914 1.0000989437103271484 0.98505598306655883789 0.7867730259895324707 0.47189098596572875977 0.045265998691320419312 0 0.21525600552558898926 0.97160798311233520508 1.000102996826171875 1.000102996826171875 1.000102996826171875 1.000102996826171875 1.000102996826171875 1.000102996826171875 1.000102996826171875 0.99849301576614379883 0.9988409876823425293 0.9949290156364440918 0.99423700571060180664 0.74814802408218383789 0.8116009831428527832 0.61730498075485229492 0.37106600403785705566 0.29609799385070800781 0.048204999417066574097 0 0 0 0 0 0 0 0.19711600244045257568 0.45536100864410400391 0.60637998580932617188 1.000102996826171875 1.000102996826171875 1.000102996826171875 1.000102996826171875 1.000102996826171875 0.93363100290298461914 0.0095600001513957977295 0.0078790001571178436279 0.92281299829483032227
0.99686300754547119141 1.0000989437103271484 0.96522402763366699219 0.85738599300384521484 0.97278201580047607422 0.8611590266227722168 0.92579197883605957031 0.98910701274871826172 0.99394398927688598633 0.99953699111938476563 1.0000989437103271484 0.9156100153923034668 0.53511101007461547852 0.13765799999237060547 0 0 0 0 0.34576699137687683105 0.69329398870468139648 0.96933698654174804688 0.82579797506332397461 0.99497699737548828125 1.000102996826171875 1.000102996826171875 1.000102996826171875 1.000102996826171875 1.000102996826171875 0.99809700250625610352 0.107089996337890625 0.58812201023101806641 0.98888099193572998047 1.000102996826171875 0.99449402093887329102 0.99367898702621459961 0.30227199196815490723 0 0 0 0 0 0 0 0.50114101171493530273 1.000102996826171875 1.000102996826171875 1.000102996826171875 1.000102996826171875 1.000102996826171875 1.000102996826171875 1.000102996826171875 1.000102996826171875 0.3960799872875213623 0.34970998764038085938 0.99702501296997070313
0.94043898582458496094 0.97069001197814941406 0.84829199314117431641 0.83576500415802001953 0.91383397579193115234 0.85720402002334594727 0.95571500062942504883 1.0000909566879272461 0.97589099407196044922 0.92291599512100219727 0.8198559880256652832 0.056143999099731445313 0 0 0 0 0 0 0 0.35913598537445068359 0.97939598560333251953 0.97151297330856323242 0.99999201297760009766 0.99613600969314575195 0.89085698127746582031 0.98409497737884521484 1.000102996826171875 1.0001070499420166016 0.83228099346160888672 0 0 0.25636500120162963867 0.97033399343490600586 0.99038398265838623047 0.99537998437881469727 0.73909002542495727539 0.57491397857666015625 0.057555999606847763062 0 0 0 0 0 0.38545998930931091309 0.99299901723861694336 1.000102996826171875 1.000102996826171875 1.000102996826171875 1.000102996826171875 1.000102996826171875 1.000102996826171875 1.000102996826171875 1.000102996826171875 0.99740499258041381836 1.000102996826171875
0.9886639714241027832 0.69058001041412353516 0.21845999360084533691 0.62649399042129516602 0.93857198953628540039 0.8944600224494934082 0.97638601064682006836 0.96741497516632080078 0.78985798358917236328 0.9908390045166015625 0.57393401861190795898 0 0 0 0 0 0 0 0 0 0.1114849969744682312 0.072190999984741210938 0.49953499436378479004 1.0001070499420166016 0.32519400119781494141 0.054439000785350799561 0.52996498346328735352 1.0001070499420166016 0.50457799434661865234 0 0 0 0.73435902595520019531 0.99421298503875732422 0.99193900823593139648 0.42994299530982971191 0.54584199190139770508 0.02313899993896484375 0 0 0 0 0 0 0.80393201112747192383 1.0001070499420166016 1.0001070499420166016 1.0001070499420166016 1.0001070499420166016 1.0001070499420166016 1.0001070499420166016 1.0001070499420166016 0.94989597797393798828 0.99631702899932861328 1.000102996826171875
0.96348702907562255859 0.6801649928092956543 0.27010700106620788574 0.87544298171997070313 1.000102996826171875 1.000102996826171875 0.99591398239135742188 1.000102996826171875 1.000102996826171875 1.000102996826171875 0.25233900547027587891 0 0 0 0 0 0 0 0 0 0 0 0.050344999879598617554 0.25904700160026550293 0.0057080001570284366608 0 0.21958300471305847168 0.6930999755859375 0.10343500226736068726 0 0 0 0.36624801158905029297 0.9847869873046875 0.98167401552200317383 0.63972902297973632813 0.40283599495887756348 0 0 0 0 0 6.7000000854022800922e-05 0.47151100635528564453 0.75814700126647949219 1.0001070499420166016 1.0001070499420166016 1.0001070499420166016 1.0001070499420166016 1.0001070499420166016 1.0001070499420166016 1.0001070499420166016 0.91446697711944580078 0.90409201383590698242 1.0001070499420166016
0.91354900598526000977 0.81733298301696777344 0.85899597406387329102 1.000102996826171875 0.99620699882507324219 1.000102996826171875 1.000102996826171875 1.000102996826171875 0.99809002876281738281 0.93270599842071533203 0.053109999746084213257 0 0 0.022004000842571258545 0 0 0 0 0 0 0 0 0 0 0 0 0 0 0 0 0 0 0.0059609999880194664001 0.78032201528549194336 0.7944660186767578125 0.80885201692581176758 0.63117700815200805664 0 0 0 0 0 0.077340997755527496338 1.0001070499420166016 1.0001070499420166016 1.0001070499420166016 1.0001070499420166016 1.0001070499420166016 1.0001070499420166016 1.0001070499420166016 1.0001070499420166016 0.88554501533508300781 0.15110699832439422607 0.88482099771499633789 1.0001070499420166016
0.99946999549865722656 1.000102996826171875 0.99668902158737182617 1.000102996826171875 0.98580402135848999023 1.0001070499420166016 1.0001070499420166016 1.000102996826171875 0.99892401695251464844 1.0001070499420166016 0.99613898992538452148 0.89988297224044799805 0.29094401001930236816 0.8439210057258605957 0 0 0 0 0 0 0 0 0 0 0 0 0 0 0 0 0 0 0.016885999590158462524 0.81255900859832763672 1.0001109838485717773 0.99858802556991577148 0.4869009852409362793 0 0 0 0 0 0.22223800420761108398 1.0001109838485717773 1.0001109838485717773 1.0001109838485717773 1.0001109838485717773 1.0001109838485717773 0.64290499687194824219 0.43937700986862182617 0.92360001802444458008 0.17097499966621398926 0 0.43536201119422912598 1.0001070499420166016
0.976428985595703125 0.69984400272369384766 0.52660602331161499023 0.5671259760856628418 0.50177800655364990234 0.64034599065780639648 1.000079035758972168 1.0001070499420166016 1.0001070499420166016 1.0001070499420166016 0.99689900875091552734 0.99953699111938476563 0.95353901386260986328 0.87817597389221191406 0.60507500171661376953 0.10471700131893157959 0 0 0 0 0 0 0 0 0 0 0 0 0 0 0 0 0 0.63045698404312133789 0.99400699138641357422 0.85841798782348632813 0.28094899654388427734 0 0 0 0 0 0.36678200960159301758 1.0001109838485717773 1.0001109838485717773 1.0001109838485717773 0.89379602670669555664 0.60199797153472900391 0.0096990000456571578979 0.0040980000048875808716 0.14855499565601348877 0 0.15451599657535552979 0.96347498893737792969 1.0001109838485717773
0.13494800031185150146 0 0.076356001198291778564 0.30797600746154785156 0 0 0.088593997061252593994 0.80562502145767211914 1.0001109838485717773 1.0001109838485717773 1.0001109838485717773 0.99011898040771484375 1.0001109838485717773 1.0001109838485717773 0.92660999298095703125 0.77273100614547729492 0.16532599925994873047 0 0 0 0 0.00072000001091510057449 0 0 0 0 0 0 0 0.017361000180244445801 0.31207001209259033203 0.053711000829935073853 0.047924000769853591919 0.8506259918212890625 0.80796200037002563477 0.011110999621450901031 0 0 0 0 0 0 0.013238999992609024048 0.15669199824333190918 0.33472299575805664063 0.63938802480697631836 0.090786002576351165771 0 0 0 0 0.069236002862453460693 0.90087199211120605469 1.0001109838485717773 0.99965202808380126953
0 0 0.074375003576278686523 0.42969799041748046875 0.041540000587701797485 0 0.12772999703884124756 0.96458697319030761719 1.0001109838485717773 0.97610497474670410156 0.99813699722290039063 0.99700200557708740234 1.0001109838485717773 1.0001109838485717773 0.38996499776840209961 0.10435699671506881714 0.18557399511337280273 0 0 0 0.55579400062561035156 0.83787399530410766602 0.3805789947509765625 0.18701000511646270752 0.018919000402092933655 0.046516001224517822266 0.12064199894666671753 0 0.56106197834014892578 0.78258800506591796875 1.0001150369644165039 0.9621149897575378418 0.97582799196243286133 0.99837398529052734375 0.24711400270462036133 0 0 0 0 0 0 0 0 0 0 0.10397300124168395996 0.017764000222086906433 0 0 0 0 0.00026100000832229852676 0.6729310154914855957 0.59356802701950073242 0.44981101155281066895
0 0 0 0 0 0 0.045444000512361526489 0.14356000721454620361 0.80065298080444335938 1.0001109838485717773 1.0001109838485717773 0.9892330169677734375 0.98943102359771728516 0.99141299724578857422 0.72070902585983276367 0.54941797256469726563 0.30042099952697753906 0.025829000398516654968 0 0.10252600163221359253 0.89984399080276489258 0.43186900019645690918 0.80678802728652954102 1.0001150369644165039 0.85196298360824584961 0.47136801481246948242 0.16850300133228302002 0 0.59508299827575683594 0.81389898061752319336 0.95416402816772460938 1.0001150369644165039 1.0001150369644165039 0.72857201099395751953 0 0 0 0 0 0 0 0 0 0 0 0 0 0 0 0 0 0 0 0 0
0 0 0 0 0 0 0 0.23931300640106201172 0.86528098583221435547 0.99992102384567260742 0.98597800731658935547 0.30077698826789855957 0.57868397235870361328 0.58431297540664672852 0.29007801413536071777 0.15805199742317199707 0.97632700204849243164 0.3229439854621887207 0.22086900472640991211 0.78325301408767700195 0.35180699825286865234 0 0.067551001906394958496 0.2960579991340637207 0.049830999225378036499 0 0 0 0.29020801186561584473 0.60460799932479858398 0.81066399812698364258 0.99954497814178466797 1.0001189708709716797 0.92790400981903076172 0.50366097688674926758 0.80604797601699829102 0.060885999351739883423 0 0 0 0 0 0 0 0 0 0 0 0 0 0 0 0 0 0
0 0 0 0 0 0 0 0 0.090571999549865722656 0.085607998073101043701 0.81833398342132568359 1.0001150369644165039 0.99225497245788574219 0.79960399866104125977 0.80592900514602661133 0.96182602643966674805 0.40750399231910705566 0 0.16028699278831481934 0.24890899658203125 0 0 0 0 0 0 0 0 0.14406600594520568848 0.041239999234676361084 0.096513003110885620117 0.73454898595809936523 0.98047602176666259766 0.84067797660827636719 0.3480530083179473877 0.99990898370742797852 0.39784398674964904785 0 0 0 0 0 0 0 0 0 0 0 0 0 0 0 0 0 0
0 0 0 0 0 0 0 0.067524001002311706543 0.42834100127220153809 0.15619699656963348389 1.0001150369644165039 0.63467401266098022461 0.29632300138473510742 0.020916000008583068848 0 0.0072380001656711101532 0 0 0 0 0 0 0 0 0 0 0 0 0 0 0 0.080288000404834747314 0.32601699233055114746 0.56076598167419433594 0.016348000615835189819 0.7217209935188293457 0.33947399258613586426 0 0 0 0 0 0 0 0 0 0 0 0 0 0 0 0 0 0
0 0 0 0 0 0 0 0.38616800308227539063 0.97201102972030639648 0.7396519780158996582 0.43116500973701477051 0.0017719999887049198151 0 0 0 0 0 0 0 0 0 0 0 0 0 0 0 0 0 0 0 0 0 0 0 0.10711000114679336548 0.086544997990131378174 0 0 0 0 0 0 0 0 0 0 0 0 0 0 0 0 0 0
0 0 0 0 0 0 0 0.015777999535202980042 0.34279200434684753418 1.0000469684600830078 0.13149100542068481445 0 0 0 0 0 0 0 0 0 0 0 0 0 0 0 0 0 0 0 0 0 0 0 0 0 0 0 0 0 0 0.00030499999411404132843 0.17458200454711914063 0.0049800002016127109528 0 0 0 0 0 0 0 0 0 0 0
0 0 0 0 0 0 0 0 0.46888801455497741699 0.51368802785873413086 0 0 0 0 0 0 0 0 0 0 0 0 0 0 0 0 0 0 0 0 0 0 0 0 0 0.44656801223754882813 0.52852898836135864258 0 0 0 0 0.31776601076126098633 0.95088899135589599609 0.22251799702644348145 0 0 0 0 0 0 0 0 0 0 0
0 0 0 0 0 0 0 0 0.065747998654842376709 0.01258600037544965744 0 0 0 0 0 0 0 0 0 0 0 0 0 0 0 0 0 0 0 0 0 0 0 0 0 0.74115902185440063477 0.94066798686981201172 0.14889900386333465576 0 0 0 0.13310900330543518066 0.11601799726486206055 0 0 0 0 0 0 0 0 0 0 0.37670999765396118164 0.71783697605133056641
