data_processed/landuse/LU-2000-NATURAL.asc
ncols        168
nrows        136
xllcorner    455000.000000000000
yllcorner    2107000.000000000000
cellsize     500.000000000000
NODATA_value  -99999
[rows 52 to 77 of 136, columns 59 to 117 of 168]
0.032428998500108718872 0.015282999724149703979 0 0 0.0060319998301565647125 0.023200999945402145386 0.0031920000910758972168 0.020364999771118164063 0.028656000271439552307 0.0077249999158084392548 0.12267500162124633789 0.089723996818065643311 0.39119198918342590332 0.93803000450134277344 1 1 0.99280899763107299805 0.83736598491668701172 0.7172260284423828125 0.96309399604797363281 0.31445100903511047363 0.02131099998950958252 0.011912999674677848816 0.039872001856565475464 0.03658600151538848877 0.85702300071716308594 1 0.78109502792358398438 0.48996400833129882813 0.83064997196197509766 1 1 1 1 0.95657998323440551758 0.34078100323677062988 0.020697999745607376099 0 0.0019890000112354755402 0 0 0 0 0 0 0 0.33553400635719299316 1 1 1 1 1 1 1 1 1 1 1 1
0.032935000956058502197 0.0065700002014636993408 0.00040700001409277319908 0.0064710001461207866669 0.011940999887883663177 0.029659999534487724304 0.12069399654865264893 0.022608000785112380981 0.036416001617908477783 0.05227199941873550415 0.016679000109434127808 0.26615801453590393066 0.97658097743988037109 1 1 0.76270300149917602539 0.15928800404071807861 0.53823697566986083984 0.19726599752902984619 0.030554000288248062134 0.0056360000744462013245 0.0093109998852014541626 0 0.036371998488903045654 0.19652999937534332275 0.9990469813346862793 1 1 1 1 1 1 1 0.91427499055862426758 0.16374999284744262695 0.027899999171495437622 0 0 0 0 0 0 0 0 0 0 0.2609730064868927002 1 1 1 1 1 1 1 1 1 1 1 1
0.014069000259041786194 0.012934000231325626373 0.021674999967217445374 0.045101001858711242676 0.015262999571859836578 0.095051996409893035889 0.11833199858665466309 0.0073879999108612537384 0.030830999836325645447 0.10041499882936477661 0.017858000472187995911 0.069117002189159393311 0.46303299069404602051 0.95596700906753540039 1 0.3643499910831451416 0.019898999482393264771 0.0062690000049769878387 0.46992701292037963867 0.027266999706625938416 0.020583000034093856812 0.013756000436842441559 0.022165000438690185547 0.0027610000688582658768 0.24406799674034118652 0.69957399368286132813 0.93866300582885742188 1 1 1 1 1 1 0.65153098106384277344 0.021607000380754470825 0.011090000160038471222 0 0 0 0 0 0 0 0 0 0 0.6130459904670715332 1 1 0.87573897838592529297 0.88310402631759643555 0.9364159703254699707 0.98911499977111816406 1 1 1 1 1 1
0.0023260000161826610565 0 0.00056600000243633985519 0 0.0011390000581741333008 0.20648199319839477539 0.26335000991821289063 0.018434999510645866394 0.0097059998661279678345 0.011055000126361846924 0.12050300091505050659 0.078942000865936279297 0.03675200045108795166 0.1243479996919631958 0.73893201351165771484 0.097756996750831604004 0.02756799943745136261 0 0 0.015871999785304069519 0.043614000082015991211 0.038242999464273452759 0.064984001219272613525 0.018570000305771827698 0.0059879999607801437378 0.015220000408589839935 0.012787000276148319244 0.24026599526405334473 0.49667400121688842773 0.79499399662017822266 0.99197101593017578125 1 1 0.57002300024032592773 0.024736000224947929382 0 0 0.034453999251127243042 0.34856700897216796875 0.1280460059642791748 0.37661001086235046387 0.04420299828052520752 0 0 0 0 0.082200996577739715576 0.80861902236938476563 0.71098101139068603516 0.01009400002658367157 0 0 0.0031210000161081552505 0.3868510127067565918 1 1 1 1 1
0.017209000885486602783 0 0 0 0.00091000000247731804848 0.19984899461269378662 0.025174999609589576721 0.021437000483274459839 0.016248000785708427429 0.0030219999607652425766 0.11156400293111801147 0.026606999337673187256 0.062559001147747039795 0.050069000571966171265 0.011850000359117984772 0.077095001935958862305 0.11488299816846847534 0.013155000284314155579 0.010983999818563461304 0 0 0 0.013957999646663665771 0.026428999379277229309 0.055036999285221099854 0 0.036403998732566833496 0.015548000112175941467 0.024438999593257904053 0.028315000236034393311 0.099964000284671783447 0.3415069878101348877 0.54330497980117797852 0.34151500463485717773 0 0 0 0.70552802085876464844 1 0.851490020751953125 1 0.87393999099731445313 0.15804600715637207031 0 0 0 0 0.13543400168418884277 0.082231998443603515625 0 0 0.011695999652147293091 0.45415699481964111328 1 1 1 1 1 1
0.020947000011801719666 0 0 0 0.0079460004344582557678 0.0069570001214742660522 0 0.25272101163864135742 0.72246402502059936523 0.51886999607086181641 0.23564299941062927246 0.05203500017523765564 0.02468799985945224762 0.10264900326728820801 0.060672998428344726563 0.031945999711751937866 0 0 0.00073199998587369918823 0.016240000724792480469 0 0.005394999869167804718 0.0041249999776482582092 0.0075739999301731586456 0.027527999132871627808 0.017845999449491500854 0.062226999551057815552 0.0009019999997690320015 0.054292999207973480225 0.010840999893844127655 0.026959000155329704285 0.0079929996281862258911 0.018751999363303184509 0.029196999967098236084 0 0 0 0.76699197292327880859 1 1 1 1 0.53007501363754272461 3.9999999899009708315e-06 0 0 0 0 0 0 0.3380469977855682373 0.60013800859451293945 0.90039598941802978516 1 1 1 1 1 1
0 0 0 0.006901999935507774353 0.022814000025391578674 0.10586100071668624878 0.04297700151801109314 0.016299000009894371033 0.015120999887585639954 0.61281800270080566406 1 0.99836701154708862305 0.91614997386932373047 0.69662100076675415039 0.024495000019669532776 0.097609996795654296875 0.059865999966859817505 0 0 0 0 0.013807999901473522186 0.049807999283075332642 0.029125999659299850464 0 0.033863998949527740479 0.0078309997916221618652 0.065912999212741851807 0.030135000124573707581 0.0095039997249841690063 0.032682001590728759766 0.0098249996080994606018 0 0.10424699634313583374 0 0 0 0.68606597185134887695 1 1 1 1 0.9499199986457824707 0.73132902383804321289 0.073629997670650482178 0 0 0.029999999329447746277 0.53246402740478515625 0.1819069981575012207 0.098531998693943023682 0.615550994873046875 0.99126702547073364258 1 1 1 1 1 1
0.016018999740481376648 0.016363000497221946716 0.0036740000359714031219 0.018918000161647796631 0.036368001252412796021 0.0065850000828504562378 0.025147000327706336975 0.019610000774264335632 0 0.033045999705791473389 0.24675199389457702637 0.38457399606704711914 0.98604601621627807617 0.722805023193359375 0.0084560001268982887268 0.15350399911403656006 0.055755998939275741577 0.1108359992504119873 0.042281001806259155273 0 0.0080409999936819076538 0.0044140000827610492706 0.01046099979430437088 0.041434001177549362183 0.017751000821590423584 0.024762999266386032104 0 0.042426999658346176147 0 0.029193000867962837219 0.033971000462770462036 0.031672999262809753418 0.0098759997636079788208 0.015448999591171741486 0.011779000051319599152 0 0 0.35096299648284912109 0.75525301694869995117 1 1 1 0.65059101581573486328 0 0 0.0032430000137537717819 0 0.54403901100158691406 1 0.97540301084518432617 0.81909400224685668945 1 1 1 1 1 1 1 1
0.0087839998304843902588 0 0.021722000092267990112 0.037147000432014465332 0.035046998411417007446 0.023375000804662704468 0.037174999713897705078 0.10019700229167938232 0.14264400303363800049 0.10983899980783462524 0.22565099596977233887 0.0037020000163465738297 0.70127302408218383789 0.24578300118446350098 0 0.18785500526428222656 0 0.03078700043261051178 0.078055001795291900635 0.054269000887870788574 0.019353000447154045105 0.0083410004153847694397 0.031831000000238418579 0 0.033445000648498535156 0.021314000710844993591 0.066775001585483551025 0.028090000152587890625 0.010607999749481678009 0.026448000222444534302 0.0074439998716115951538 0.056040998548269271851 0.021440999582409858704 0.0061619998887181282043 0.011047000065445899963 0 0 0 0.40740698575973510742 1 1 1 0.16022400557994842529 0.21113899350166320801 0.24137300252914428711 0.0057149999774992465973 0.50036197900772094727 0.99770998954772949219 1 1 1 1 1 1 1 1 1 1 1
0.050361998379230499268 0.0037340000271797180176 0.022853000089526176453 0.029536999762058258057 0.056520000100135803223 0.020518999546766281128 0 0.016054000705480575562 0 0.022425999864935874939 0.13753299415111541748 0 0.067340999841690063477 0 0 0 0 0 0.0094919996336102485657 0.0090140001848340034485 0.062495999038219451904 0.014413000084459781647 0.019249999895691871643 0.019905999302864074707 0.016211999580264091492 0 0.027080999687314033508 0.022319000214338302612 0.068227000534534454346 0.014356999658048152924 0.056412998586893081665 0.014658000320196151733 0 0.019175000488758087158 0.021330000832676887512 0.0031799999997019767761 0 0 0.065149001777172088623 0.7770709991455078125 1 1 0.60773098468780517578 0.71126097440719604492 0.73978197574615478516 0.53597998619079589844 1 1 1 1 1 1 1 1 1 1 1 1 1
0.011078000068664550781 0.02192400023341178894 0.041414998471736907959 0.051543999463319778442 0.043340999633073806763 0.039227001368999481201 0.031716998666524887085 0.018842000514268875122 0.0061110001988708972931 0.022283000871539115906 0.062309999018907546997 0.0063880002126097679138 0.073818996548652648926 0.092863000929355621338 0.0090770004317164421082 0.007265999913215637207 0 0 0.01686899922788143158 0.012292999774217605591 0.0078309997916221618652 0.19129200279712677002 0.045271001756191253662 0.025883000344038009644 0.00065300002461299300194 0.0014479999663308262825 0 0.010722000151872634888 0.026812000200152397156 0.025281000882387161255 0.069017998874187469482 0.0081949997693300247192 0.0078830001875758171082 0.012040000408887863159 0.0088280001655220985413 0.00015000000712461769581 0 0 0 0.11034499853849411011 0.52640497684478759766 0.3663749992847442627 0.37626698613166809082 0.82620602846145629883 1 1 1 1 1 1 1 1 1 1 1 1 1 1 1
0.037379998713731765747 0.0051339999772608280182 0.0017719999887049198151 0.032926999032497406006 0.025341000407934188843 0.021895999088883399963 0.048576999455690383911 0.066754996776580810547 0.020670000463724136353 0.09529600292444229126 0 0.032953999936580657959 0.072553999722003936768 0.042063001543283462524 0.01122500002384185791 0 0 0 0.49461698532104492188 0.79855197668075561523 0.44566801190376281738 0.8568980097770690918 0.3218320012092590332 0.089256003499031066895 0.099769003689289093018 0.0047459998168051242828 0.0021079999860376119614 0.024550000205636024475 0 0.033732999116182327271 0.017279999330639839172 0.024189999327063560486 0.020791999995708465576 0.020372999832034111023 0 0.00050600001122802495956 0 0 0 0 0 0 0 0.004484999924898147583 0.19118900597095489502 0.7045180201530456543 1 1 1 1 1 1 1 1 1 1 1 1 1
0.0019890000112354755402 0.013834999874234199524 0.00066800002241507172585 0.025917999446392059326 0.0093179997056722640991 0 0 3.9999998989515006542e-05 0.0014949999749660491943 0.082943998277187347412 0.043092001229524612427 0.073965996503829956055 0.089596003293991088867 0.053569000214338302612 0.015519999898970127106 9.1000001702923327684e-05 0.13255700469017028809 0 0.83396297693252563477 1 1 1 1 0.30086401104927062988 0.22743299603462219238 0.23770000040531158447 0.092574000358581542969 0 0.02852799929678440094 0.0090020000934600830078 0.009464999660849571228 0 0.0077599999494850635529 0.015243000350892543793 0.01482800021767616272 0.0027290000580251216888 0 0 0 0 0 0 0.002120000077411532402 0.022555999457836151123 0.06338100135326385498 0.78007400035858154297 1 1 1 1 1 1 1 1 1 1 1 1 1
0 0 0 0.026535000652074813843 0.011264000087976455688 0.024066999554634094238 0 0 0 0.10585600137710571289 0.057606998831033706665 0.034536000341176986694 0.021697999909520149231 0.017193000763654708862 0.023113999515771865845 0.0086660003289580345154 0.014158999547362327576 0.089956000447273254395 0.98421901464462280273 1 1 1 0.8413829803466796875 0.023323999717831611633 0.0086620002985000610352 0.090710997581481933594 0.063566997647285461426 0.10926099866628646851 0.064845003187656402588 0.0092470003291964530945 0.27700701355934143066 0.029805999249219894409 0.010615999810397624969 0 0 0.012303999625146389008 0.014262000098824501038 0 2.8000000384054146707e-05 0.0038050001021474599838 0 0 0.026254000142216682434 0 0.023888999596238136292 0.89579397439956665039 1 1 1 1 1 1 1 1 1 1 1 1 1
0.0020999999251216650009 0.004714999813586473465 0 0.066269002854824066162 0.057914998382329940796 0.073703996837139129639 0.052069999277591705322 0.052129000425338745117 0.047426000237464904785 0.06066400185227394104 0.015397000126540660858 0.035952001810073852539 0.017659999430179595947 0.0037650000303983688354 0.030569000169634819031 0.023335000500082969666 0 0.23819099366664886475 1 1 1 1 0.87044101953506469727 0.0039269998669624328613 0.011304000392556190491 0.0066559999249875545502 0.032554998993873596191 0.074336998164653778076 0.096624001860618591309 0.085174001753330230713 0.86277699470520019531 0.10750400274991989136 0.0071749999187886714935 0.0083769997581839561462 0.00033999999868683516979 0 0.00011899999663000926375 7.999999979801941663e-06 0 0 0 0.0071669998578727245331 0.021036999300122261047 0.20145499706268310547 0.092578001320362091064 0.86454397439956665039 1 1 1 1 1 1 1 1 1 1 1 1 1
0.0044180001132190227509 0.0050590001046657562256 0.0036979999858886003494 0.022972000762820243835 0.10428500175476074219 0.046025998890399932861 0 0.0025430000387132167816 0.027970999479293823242 0.0086890002712607383728 0.0041450001299381256104 0.017549000680446624756 0.010785999707877635956 0.0059520001523196697235 0 0.0011390000581741333008 0.05706100165843963623 0.22244100272655487061 0.70932102203369140625 0.84578102827072143555 0.91379797458648681641 1 0.74204999208450317383 0.0063519999384880065918 0 0.038957998156547546387 0.069329999387264251709 0.10273899883031845093 0.0020800000056624412537 0.1341190040111541748 0.19975799322128295898 0.030232999473810195923 0.026103999465703964233 0 0 0 0 0 0 0 0 0.012818999588489532471 0.00034800000139512121677 0.58958798646926879883 0.59372097253799438477 0.85561001300811767578 1 1 1 1 1 1 1 1 1 1 1 1 1
0.026626000180840492249 0.0078750001266598701477 0.049127001315355300903 0.10756400227546691895 0.022398000583052635193 0.035604000091552734375 0 0.0064630000852048397064 0.022078000009059906006 0.0092080002650618553162 0 0.040116999298334121704 0 0 0 0.011940999887883663177 0.0018830000190064311028 0.022828999906778335571 0.15562300384044647217 0.065442003309726715088 0.30081599950790405273 1 0.56870102882385253906 0 0.0099349999800324440002 0.036945000290870666504 0 0 0.0041609997861087322235 0.064733996987342834473 0.19704900681972503662 0.17954699695110321045 0.024087000638246536255 0 0 0 0 0 0 0 0.0095910001546144485474 0.010181000456213951111 0.20736399292945861816 0.67517298460006713867 1 1 1 1 1 1 1 1 1 1 1 1 1 1 1
0.066449999809265136719 0.37418100237846374512 0.42223200201988220215 0.10001400113105773926 0.051697999238967895508 0.0074359998106956481934 0.0048690000548958778381 0.0096070002764463424683 0.015863999724388122559 0.0055490001104772090912 0 0 0.0063080000691115856171 0.006537999957799911499 0 0.096951998770236968994 0 0 0.10732600092887878418 0.034382000565528869629 0.32387399673461914063 1 0.48037499189376831055 0 0.04231199994683265686 0.029960000887513160706 0.025479000061750411987 0.0054299999028444290161 0.0068029998801648616791 0.0082860002294182777405 0.0085829999297857284546 0.047347001731395721436 0.045922998338937759399 0.0030060000717639923096 0 0 0 0 0.039349999278783798218 0.017968000844120979309 0.0095870001241564750671 0.17777100205421447754 0.98455101251602172852 1 1 1 1 1 1 1 1 1 1 1 1 1 1 1 1
0.026998000219464302063 0.81847500801086425781 0.51677399873733520508 0.019843000918626785278 0.032503001391887664795 0 0 0.021397000178694725037 0.0051420000381767749786 0 0 0.31969699263572692871 0.026503000408411026001 0.0024560000747442245483 0.0065580001100897789001 0.0071789999492466449738 0.011315999552607536316 0.026095999404788017273 0.067593000829219818115 0.024629000574350357056 0.1498479992151260376 0.39600598812103271484 0.27193400263786315918 0 0.00028099998598918318748 0 0 0.02957200072705745697 0.042573001235723495483 0.029967999085783958435 0.0047380002215504646301 0 0 0.044024001806974411011 0.0021629999391734600067 0 0.018208999186754226685 0.029923999682068824768 0.089639000594615936279 0.083278998732566833496 0 0.0022150001022964715958 0.16771300137042999268 0.53778100013732910156 0.98512500524520874023 1 1 1 1 1 1 1 1 1 1 1 1 1 1
0.26244300603866577148 0.84943997859954833984 0.2899030148983001709 0.086692996323108673096 0.13625000417232513428 0.14645500481128692627 0 0.0068580000661313533783 0.0050550000742077827454 0 0.37671300768852233887 0.99605298042297363281 0.89979302883148193359 0.1490450054407119751 0.0011309999972581863403 0.00030499999411404132843 0.0073090000078082084656 0.050693001598119735718 0.16611899435520172119 0.14859400689601898193 0.34996899962425231934 0.13603599369525909424 0.067984998226165771484 0.04119699820876121521 0.0025269999168813228607 0.0063120000995695590973 0.0064429999329149723053 0.0039789997972548007965 0 0.018099000677466392517 0.028679000213742256165 0.031752001494169235229 0.037399999797344207764 0.0624159984290599823 0.19186300039291381836 0.0010280000278726220131 0.095508001744747161865 0.46173200011253356934 0.090442001819610595703 0.023434000089764595032 0 0.00082299998030066490173 0 0 0.62950402498245239258 1 1 1 1 1 1 1 1 1 1 0.99976700544357299805 0.88637697696685791016 0.89884001016616821289 1
0.082496002316474914551 0.070859998464584350586 0.10943499952554702759 0.020463999360799789429 0.13664600253105163574 0.059576001018285751343 0 0.004765999969094991684 0.006091000046581029892 0.00036000000545755028725 0.79905200004577636719 1 1 0.89891099929809570313 0.40207299590110778809 0.0015460000140592455864 0 0.032625999301671981812 0.041836999356746673584 3.9999999899009708315e-06 0.1884260028600692749 0.041437998414039611816 0.03348800167441368103 0.023406000807881355286 0.021594999358057975769 0.0049080001190304756165 0.0093740001320838928223 0 0 0 0 0 0.00011500000255182385445 0.018755000084638595581 0.14149799942970275879 0.0044060000218451023102 0.53497099876403808594 1 0.79334497451782226563 0.080375999212265014648 0 0.010883999988436698914 0 0 0.13894300162792205811 0.92476600408554077148 1 1 1 1 1 1 1 1 0.80697399377822875977 0.14981600642204284668 0.11320299655199050903 0.69087898731231689453 1
0.075804002583026885986 0.073838002979755401611 0.045313999056816101074 0.028195999562740325928 0.14718599617481231689 0.013280999846756458282 0.012928999960422515869 0.013106999918818473816 0.0064110001549124717712 0.0020999999251216650009 0.27193799614906311035 0.98672300577163696289 0.55713802576065063477 0.0024719999637454748154 0 0.01701899990439414978 0 0.021172000095248222351 0 0 0 0 0.0048960000276565551758 0 0.043138001114130020142 0 0.0053909998387098312378 0 0 0 0 0.0017960000550374388695 0.48246300220489501953 0.11641400307416915894 0.089139997959136962891 0.032400000840425491333 0.45196101069450378418 0.99990099668502807617 1 0.29701599478721618652 0.0019420000026002526283 0.00022899999748915433884 0.074344001710414886475 0.60975402593612670898 0.95053398609161376953 1 1 1 1 1 1 1 1 1 1 0.92689800262451171875 0.89295899868011474609 1 1
0.10802199691534042358 0.16693800687789916992 0.066422000527381896973 0.073628000915050506592 0.028410000726580619812 0 0.010026000440120697021 0.2310539931058883667 0.0055530001409351825714 0 0.066687002778053283691 0.47450101375579833984 0 0 0 0.0098320003598928451538 0.03478499874472618103 0.039693001657724380493 0 0 0 0 0 0 0.011928999796509742737 0 0.0007479999912902712822 0 0.19842000305652618408 0.14578099548816680908 0.36505600810050964355 0.43462198972702026367 0.88260501623153686523 0.56743401288986206055 0.39036500453948974609 0.16220299899578094482 0.85012102127075195313 0.38902801275253295898 0.21465100347995758057 0.00061699998332187533379 0.0012140000471845269203 0.0054379999637603759766 0.09612499922513961792 0.49720799922943115234 0.80207097530364990234 0.97552198171615600586 1 1 1 1 1 1 1 1 0.99991697072982788086 0.71425497531890869141 0.33077800273895263672 0.44732001423835754395 0.6994190216064453125
0.020783999934792518616 0.11090900003910064697 0.28427401185035705566 0.13460800051689147949 0.076661996543407440186 0.05862599983811378479 0.081134997308254241943 0.21558900177478790283 0.10668899863958358765 0.005628000013530254364 0 0.022520000115036964417 0 0 0 0 0.023832999169826507568 0.01775000058114528656 0 0 0 0.017216999083757400513 0.0040500001050531864166 0 0 0 0.0089619997888803482056 0.52904397249221801758 0.74440300464630126953 0.91282600164413452148 0.93830901384353637695 1 1 1 0.94150400161743164063 0.3850390017032623291 0.12182100117206573486 0.03009000048041343689 0.2610479891300201416 0.76639199256896972656 0.29541099071502685547 0.0087959999218583106995 0.0025390000082552433014 0.0066169998608529567719 0 0.79736399650573730469 1 1 1 1 1 1 1 1 0.68918401002883911133 0 0.044312998652458190918 0.00073999998858198523521 0
0 0.052519999444484710693 0.073177002370357513428 0.18922400474548339844 0.042612001299858093262 0.026490999385714530945 0.019787000492215156555 0.028054000809788703918 0.13328699767589569092 0.055596999824047088623 0.0050780000165104866028 0.0011709999525919556618 0 0 0 0.0093620000407099723816 0.02399899996817111969 0 0.023468999192118644714 0.018109999597072601318 0.0356159992516040802 0.024212999269366264343 0.036533001810312271118 0.025391999632120132446 0.051213998347520828247 0.045522999018430709839 0.75005799531936645508 0.79371500015258789063 1 1 1 1 1 1 1 0.6130740046501159668 0.83507299423217773438 0.7505289912223815918 0.96162402629852294922 0.67729300260543823242 0.17364400625228881836 0 0.011540999636054039001 0.0045599997974932193756 0 0.3545849919319152832 1 1 0.73928397893905639648 0.79388397932052612305 0.59534597396850585938 0.92654198408126831055 0.57351702451705932617 0.6874319911003112793 0.11573000252246856689 0 0.011331000365316867828 0.15028600394725799561 0.040314000099897384644
0.0014280000468716025352 0.033815998584032058716 0.07552699744701385498 0.036584999412298202515 0.068980999290943145752 0.42743200063705444336 0.023592000827193260193 0.097457997500896453857 0.087135002017021179199 0.20796999335289001465 0.10777200013399124146 0.0062130000442266464233 0.0060120001435279846191 0.0059879999607801437378 0.0061260000802576541901 0.012548999860882759094 0 0 0 0.45292100310325622559 0.87450498342514038086 0.15180000662803649902 0.0051970002241432666779 0.36893799901008605957 0.96690797805786132813 0.79558098316192626953 1 1 1 1 1 1 1 1 1 1 1 1 0.4126180112361907959 0.14400899410247802734 0.0035560000687837600708 0.006091000046581029892 0 0.018363000825047492981 0 0.152346000075340271 0.61249297857284545898 0.71224802732467651367 0.055936999619007110596 0.26289498805999755859 0.14532199501991271973 0 0.22354100644588470459 0 0 0 0.22022800147533416748 1 0.99877798557281494141
