data_processed/landuse/LU-2010-URBAN.asc
ncols        168
nrows        136
xllcorner    455000.000000000000
yllcorner    2107000.000000000000
cellsize     500.000000000000
NODATA_value  -99999
[rows 26 to 51 of 136, columns 60 to 119 of 168]
1 1 1 1 0.36704599857330322266 0.65934801101684570313 0.75186002254486083984 0 0.22888900339603424072 1 0.99913001060485839844 1 1 1 1 0.93473297357559204102 0.22193500399589538574 0.052613999694585800171 0.33996298909187316895 1 1 1 0.99669700860977172852 1 0.9878330230712890625 0.87725400924682617188 1 0.13612699508666992188 0 0 0 0 0 0 0 0 0 0 0 0 0 0 0 0 0 0 0.13649100065231323242 0.99008399248123168945 0.26230698823928833008 0.01695300079882144928 0.64562302827835083008 0.5492420196533203125 0.085294000804424285889 0 0 0 0 0 0 0
1 1 1 1 1 0.99960398674011230469 0.95472300052642822266 0.18649099767208099365 0.0023729999084025621414 0.16324500739574432373 0.20886999368667602539 0.54649502038955688477 0.97644197940826416016 1 1 0.99726301431655883789 0.50081098079681396484 0.16115699708461761475 0.60622102022171020508 1 0.99756002426147460938 0.99746102094650268555 0.94998902082443237305 1 0.99928802251815795898 0.89833998680114746094 0.99742501974105834961 0.12180499732494354248 0 0 0 0 0 0 0 0 0 0 0 0 0 0 0 0 0 0 0 0.4417139887809753418 0.10817900300025939941 0.050639998167753219604 0.48724800348281860352 0.0055929999798536300659 0 0 0 0 0 0 0 0
1 0.97073799371719360352 0.4724070131778717041 0.44477498531341552734 1 1 0.93428200483322143555 0.24470999836921691895 0 0.61809498071670532227 0.99053502082824707031 0.93702298402786254883 0.93859702348709106445 1 1 1 1 1 1 1 1 0.96269297599792480469 1 1 0.93422299623489379883 0.98205900192260742188 0.9956290125846862793 0.1111690029501914978 0 0 0 0 0 0 0 0 0 0 0 0 0 0 0 0 0 0 0 0 0.15241199731826782227 0 0 0 0 0 0 0 0 0 0 0
1 0.47577700018882751465 0 0.35879001021385192871 1 0.88459497690200805664 0.19330200552940368652 0.55416101217269897461 0.34972798824310302734 0.83393901586532592773 1 1 1 1 1 1 1 1 1 1 0.98808997869491577148 0.98994898796081542969 1 1 0.95061802864074707031 1 1 0.099568001925945281982 0 0 0 0 0 0 0 0 0 0 0 0 0 0 0 0 0 0 0 0 0.63020801544189453125 0 0 0 0 0 0 0 0 0 0 0
1 0.45703300833702087402 0 0.44368401169776916504 1 0.70411700010299682617 1.5999999959603883326e-05 0.546504974365234375 0.91249197721481323242 1 1 1 1 1 1 1 1 1 1 0.99424099922180175781 0.99203401803970336914 1 1 0.98981499671936035156 0.98980700969696044922 0.99335902929306030273 1 0.087380997836589813232 0 0 0 0 0 0 0 0 0 0 0 0 0 0 0 0 0 0 0 0.099606998264789581299 0.86610800027847290039 0.020535999909043312073 0 0 0 0 0 0 0 0 0 0
1 0.51354497671127319336 0 0.70819902420043945313 1 0.95191502571105957031 0.20982299745082855225 0.68667399883270263672 0.71773099899291992188 1 0.98968398571014404297 0.99935501813888549805 1 1 1 1 1 1 1 0.99291199445724487305 1 1 1 0.94210600852966308594 0.99172902107238769531 0.99123901128768920898 0.95946198701858520508 0.074790999293327331543 0 0 0 0 0 0 0 0 0 0 0 0 0 0 0 0 0 0 0 0.11231599748134613037 0.76516002416610717773 0.74017798900604248047 0.019776999950408935547 0 0 0 0 0 0 0 0 0
0.99886500835418701172 0.89585202932357788086 0.49714198708534240723 0.91618198156356811523 1 1 0.9962189793586730957 1 1 0.9991499781608581543 0.98052000999450683594 0.99717599153518676758 1 1 1 1 1 0.99708902835845947266 1 1 1 1 0.99809402227401733398 0.93090498447418212891 0.99155902862548828125 0.95551800727844238281 0.98667800426483154297 0.060706000775098800659 0 0 0 0 0 0 0 0 0 0 0 0 0 0 0 0 0 0 0 0 0.17414499819278717041 0.98424601554870605469 0.095241002738475799561 0 0 0.13080300390720367432 0.17392000555992126465 0.00056199997197836637497 0 0 0 0
0.85531800985336303711 0.8948510289192199707 0.88122898340225219727 0.9160010218620300293 0.96947699785232543945 0.82947397232055664063 0.96835702657699584961 1 1 0.98463398218154907227 0.95886898040771484375 0.99560201168060302734 0.99927198886871337891 1 1 0.99960100650787353516 0.99185198545455932617 0.96500301361083984375 0.99278199672698974609 1 1 1 0.98297601938247680664 0.99920898675918579102 1 0.95520997047424316406 1 0.046475000679492950439 0 0 0 0 0 0 0 0 0 0 0 0 0 0 0 0 0 0 0 0 0.54535198211669921875 0.96950101852416992188 0.13112699985504150391 0 0.1183269992470741272 0.8797900080680847168 1 0.68403202295303344727 0.65016198158264160156 0.32774299383163452148 0 0
1 1 1 1 0.34913599491119384766 0.10894100368022918701 0.68974900245666503906 0.99673300981521606445 1 0.99584299325942993164 1 0.99375897645950317383 1 1 1 0.99913799762725830078 0.96428400278091430664 1 1 1 0.6216710209846496582 0.50305199623107910156 0.97503000497817993164 0.97938501834869384766 0.9831740260124206543 0.96123397350311279297 0.98482000827789306641 0.03224400058388710022 0 0 0 0 0 0 0 0 0 0 0 0 0 0 0 0 0 0 0 0 0 0.021422000601887702942 0.27418699860572814941 0.29967099428176879883 0.58516997098922729492 1 1 1 1 0.37047898769378662109 0.052301000803709030151 0
0.91611999273300170898 0.98613697290420532227 1 0.96569198369979858398 0.66280901432037353516 0 0 0.58524501323699951172 0.98511600494384765625 0.99316501617431640625 0.9787960052490234375 0.98348701000213623047 1 1 0.99999201297760009766 0.95893198251724243164 1 1 1 1 0.86001002788543701172 0.97675901651382446289 0.9687970280647277832 0.98097497224807739258 0.94406801462173461914 0.96170502901077270508 0.98976397514343261719 0.018012000247836112976 0 0 0 0 0 0 0 0 0 0 0 0 0 0 0 0 0 0 0 0 0 0 0.70967197418212890625 1 0.99557799100875854492 1 1 0.81061100959777832031 1 0.60792100429534912109 0.24336700141429901123 0
0.9475250244140625 0.80376899242401123047 0.79310899972915649414 0.99361598491668701172 0.98163902759552001953 0.051497999578714370728 0.33942499756813049316 0.34623199701309204102 0.6031640172004699707 1 0.96667701005935668945 0.99193900823593139648 0.99151200056076049805 0.9718379974365234375 0.98155599832534790039 0.99634099006652832031 1 1 1 0.9939479827880859375 1 0.94947099685668945313 0.96139597892761230469 0.98611700534820556641 0.96289902925491333008 0.98341101408004760742 0.98782998323440551758 0.0041729998774826526642 0 0 0 0 0 0 0 0 0 0 0 0 0 0 0 0 0 0 0 0 0 0 0.05023600161075592041 0.55763101577758789063 0.94102197885513305664 1 1 0.31242701411247253418 0.52998501062393188477 0.12302599847316741943 0 0
0.9700940251350402832 0.98296797275543212891 0.92437499761581420898 0.99843800067901611328 0.97648602724075317383 0.87571597099304199219 0.91691100597381591797 0.04633599892258644104 0.036997999995946884155 0.93534702062606811523 0.99235397577285766602 0.88497602939605712891 0.94544100761413574219 0.86440801620483398438 0.98009699583053588867 0.96981698274612426758 0.93911200761795043945 1 1 0.99866700172424316406 0.97175902128219604492 0.90674597024917602539 0.9982439875602722168 0.97007799148559570313 0.95834702253341674805 0.97908002138137817383 0.97015297412872314453 0 0 0 0 0 0 0 0 0 0 0 0 0 0 0 0 0 0 0 0 0 0 0 0 0.027465999126434326172 0.5167719721794128418 0.16001200675964355469 0.21354299783706665039 0.037689998745918273926 0 0 0 0
0.95351302623748779297 0.95573598146438598633 0.94067800045013427734 0.97197300195693969727 0.94887000322341918945 0.91066199541091918945 0.73847097158432006836 0 0.29252201318740844727 0.98973602056503295898 0.99008399248123168945 0.97510898113250732422 0.89601898193359375 1 1 0.98521900177001953125 0.96681499481201171875 0.97820997238159179688 0.97037500143051147461 0.97955900430679321289 0.90687698125839233398 0.93184602260589599609 0.97455602884292602539 0.96236497163772583008 0.9710000157356262207 0.97569102048873901367 0.93964600563049316406 0 0 0 0 0 0 0 0 0 0 0 0 0 0 0 0 0 0 0 0 0 0 0 0 0 0.3662649989128112793 0.38196000456809997559 0.08015000075101852417 0 0 0 0 0
0.98981100320816040039 0.99639302492141723633 0.8989620208740234375 0.86897301673889160156 0.78996902704238891602 0.61584299802780151367 0.37523800134658813477 0.58588898181915283203 0.75067800283432006836 0.99273401498794555664 0.98308700323104858398 0.9243869781494140625 0.95221602916717529297 0.97080600261688232422 0.98163998126983642578 0.9935290217399597168 0.96385300159454345703 1 0.98293298482894897461 0.77174001932144165039 0.89189398288726806641 1 0.97459501028060913086 0.98027497529983520508 0.98281002044677734375 0.96942198276519775391 0.93242800235748291016 0 0 0 0 0 0 0 0 0 0 0 0 0 0 0 0 0 0 0 0 0 0 0 0 0 0.69971001148223876953 1 0.14230300486087799072 0 0 0.1936279982328414917 0.11518999934196472168 0
0.95061802864074707031 0.97749400138854980469 0.99380600452423095703 0.88859498500823974609 0.86102300882339477539 0.94129198789596557617 0.92423599958419799805 1 0.99012798070907592773 0.99778097867965698242 0.95894801616668701172 0.90131902694702148438 0.75543701648712158203 1 1 0.98273497819900512695 0.9098790287971496582 0.96524500846862792969 0.98830801248550415039 0.93376499414443969727 0.97891402244567871094 0.96660602092742919922 0.96242898702621459961 0.94447600841522216797 0.53008598089218139648 0.37567600607872009277 0.25524199008941650391 0 0 0 0 0 0 0 0 0 0 0 0 0 0 0 0 0 0 0 0 0 0 0 0 0 0.010967999696731567383 0.18408699333667755127 0.016714999452233314514 0 0.36504900455474853516 0.73119497299194335938 0.058681000024080276489 0
0.90281897783279418945 0.98070597648620605469 0.92365497350692749023 0.65359598398208618164 0.87683600187301635742 0.99304300546646118164 0.9989560246467590332 0.93297797441482543945 0.97286301851272583008 0.90241897106170654297 0.99405497312545776367 0.91241401433944702148 0.86830902099609375 0.98717701435089111328 0.98906397819519042969 0.99329602718353271484 0.9997469782829284668 0.94428598880767822266 0.97255802154541015625 0.89080697298049926758 0.99191099405288696289 0.984745025634765625 0.98842298984527587891 0.51367902755737304688 0 0 0 0 0 0 0 0 0 0 0 0 0 0 0 0 0 0 0 0 0 0 0 0 0 0 0 0 0 0 0 0 0.74751800298690795898 0.93781900405883789063 0.74649000167846679688 0.14809000492095947266
0.86916697025299072266 0.98880302906036376953 0.77601200342178344727 0.99580299854278564453 0.97914397716522216797 0.99670499563217163086 0.99147599935531616211 0.99345797300338745117 0.98430502414703369141 0.86319100856781005859 0.90412801504135131836 0.99679601192474365234 0.99287301301956176758 0.64010202884674072266 0.49717000126838684082 1 1 0.98159998655319213867 0.91705399751663208008 0.91041302680969238281 1 1 0.94403302669525146484 0.070499002933502197266 0 0 0 0 0 0 0 0 0 0 0 0 0 0 0 0 0 0 0 0 0 0 0 0 0 0 0 0 0 0 0 0 0.421875 0.42951700091361999512 0.1387789994478225708 0.020594999194145202637
0.92090201377868652344 0.76235902309417724609 0.97463500499725341797 0.99354499578475952148 0.98640602827072143555 0.99465602636337280273 0.92487698793411254883 0.93857502937316894531 0.93472999334335327148 0.89724600315093994141 0.95132601261138916016 0.93636798858642578125 0.98689198493957519531 0.6102949976921081543 0.19304099678993225098 0.81884497404098510742 0.99736201763153076172 1 0.87043797969818115234 0.98778998851776123047 1 0.99726301431655883789 0.5252659916877746582 0 0 0 0 0 0 0 0 0 0 0 0 0 0 0 0 0 0 0 0 0 0 0 0 0 0 0 0 0 0 0 0.18516199290752410889 0.17080099880695343018 0 0 0 0
0.93966597318649291992 0.90161299705505371094 0.99038499593734741211 0.97465097904205322266 0.97863399982452392578 0.97198498249053955078 0.99206197261810302734 0.99195098876953125 0.90081000328063964844 0.97179102897644042969 0.90818697214126586914 0.97899001836776733398 0.99283701181411743164 0.96647500991821289063 0.98984700441360473633 0.9682000279426574707 0.96947699785232543945 0.98439997434616088867 0.84970802068710327148 0.96797800064086914063 0.99483400583267211914 0.99659800529479980469 0.18052600324153900146 0 0 0 0 0 0 0 0 0 0 0 0 0 0 0 0 0 0 0 0 0 0 0 0 0 0 0 0 0 0 0 0.63000798225402832031 0.62439900636672973633 0 0 0 0
0.87917399406433105469 0.98935198783874511719 0.99398398399353027344 0.98311102390289306641 0.97488397359848022461 0.96792298555374145508 0.99301499128341674805 0.9329230189323425293 0.93143200874328613281 0.75109201669692993164 0.68085801601409912109 0.81065797805786132813 0.525547027587890625 0.56309801340103149414 0.20131899416446685791 0.31396400928497314453 0.56170201301574707031 0.77510398626327514648 0.97142297029495239258 0.99528902769088745117 0.99136197566986083984 0.8683649897575378418 0.0010010000551119446754 0 0 0 0 0 0 0 0 0 0 0 0 0 0 0 0 0 0 0 0 0 0 0 0 0 0 0 0 0 0 0 0.77820497751235961914 0.85386902093887329102 0 0 0 0
0.9837639927864074707 1 0.99820798635482788086 0.97671502828598022461 0.98720902204513549805 0.99641299247741699219 1 0.93371802568435668945 0.99211299419403076172 0.57763397693634033203 0.93972200155258178711 0.74450200796127319336 0.16782599687576293945 0 0 0.12061499804258346558 0.5782960057258605957 0.0075940000824630260468 0.62408602237701416016 0.98275101184844970703 0.98249399662017822266 0.55820298194885253906 0 0 0 0 0 0 0 0 0 0 0 0 0 0 0 0 0 0 0 0 0 0 0 0 0 0 0 0 0 0 0 0 0.7527649998664855957 0.99804997444152832031 0.11054900288581848145 0 0 0
0.95700997114181518555 0.98617601394653320313 0.95835101604461669922 0.95877802371978759766 0.76713001728057861328 0.80707800388336181641 0.97015398740768432617 0.95603299140930175781 0.94500601291656494141 0.83607500791549682617 0.92614400386810302734 0.85012400150299072266 0.89175301790237426758 0.23878599703311920166 0.27454099059104919434 0.87261700630187988281 0.9819399714469909668 0.85531699657440185547 0.97382402420043945313 0.99642801284790039063 0.99460500478744506836 0.24251200258731842041 0 0 0 0 0 0 0 0 0 0 0 0 0 0 0 0 0 0 0 0 0 0 0 0 0 0 0 0 0 0 0 0 0.66260898113250732422 1 0.82934600114822387695 0.37862101197242736816 0.16038200259208679199 0
0.96645897626876831055 0.88589102029800415039 0.95708501338958740234 0.98613297939300537109 0.97129702568054199219 0.76089400053024291992 0.96178799867630004883 0.98726797103881835938 0.89776098728179931641 0.99314999580383300781 0.93398702144622802734 0.92203801870346069336 0.78876197338104248047 0.57602202892303466797 0.91831600666046142578 0.8790760040283203125 0.97930598258972167969 0.90749901533126831055 0.91471701860427856445 0.92867898941040039063 0.89964401721954345703 0.008685999549925327301 0 0 0 0 0 0 0 0 0 0 0 0 0 0 0.15048499405384063721 0.45978501439094543457 0.30803799629211425781 0.23300300538539886475 0.29213801026344299316 0.44696599245071411133 0.48012700676918029785 0.36312299966812133789 0.24850399792194366455 0 0 0 0 0 0 0 0 0 0.23249299824237823486 0.84717702865600585938 1 0.99286502599716186523 0.49640500545501708984 0
0.98817402124404907227 0.92066997289657592773 0.99695402383804321289 1 0.9887949824333190918 0.87549698352813720703 0.9076849818229675293 0.97196501493453979492 0.99072098731994628906 0.99733000993728637695 1 0.96196997165679931641 0.53497797250747680664 0.17020200192928314209 0.081097997725009918213 0.36811301112174987793 0.68686902523040771484 0.65947097539901733398 0.32100999355316162109 0.38458999991416931152 0.57215100526809692383 0 0 0 0 0 0 0 0 0 0 0 0 0 0.041042998433113098145 0.61990702152252197266 0.98557901382446289063 1 1 1 1 1 1 1 0.93846499919891357422 0.099205002188682556152 0 0 0 0 0 0 0 0 0 0.011343999765813350677 0.30112400650978088379 0.10999900102615356445 0 0
0.95462197065353393555 0.96895897388458251953 1 1 0.99102997779846191406 0.86456102132797241211 0.87122899293899536133 0.98285001516342163086 0.98195600509643554688 0.9561169743537902832 0.97185099124908447266 0.98444402217864990234 0.99691098928451538086 0.79836601018905639648 0.17181099951267242432 0 0 0 0 0.042514998465776443481 0.084000997245311737061 0 0 0 0 0 0 0 0 0 0 0 0 0 0.33225899934768676758 0.99790799617767333984 0.97417598962783813477 1 1 1 1 1 1 0.99786001443862915039 0.99585902690887451172 0.18085299432277679443 0 0 0 0 0 0 0 0 0 0 0 0 0 0
0.96389698982238769531 1 1 0.9876829981803894043 0.99464499950408935547 0.9160900115966796875 0.8756039738655090332 0.9778429865837097168 0.97620099782943725586 0.97561597824096679688 0.99084800481796264648 0.96966701745986938477 0.88647300004959106445 0.39181700348854064941 0.012261000461876392365 0 0 0 0 0.21725699305534362793 0.71245098114013671875 0.6044610142707824707 0.32129499316215515137 0.059835001826286315918 0 0 0 0 0 0 0 0 0 0 0.66608899831771850586 0.97059297561645507813 1 1 1 1 1 1 1 1 1 0.63064497709274291992 0 0 0 0 0 0 0 0 0 0 0 0 0 0
