data_processed/landuse/LU-2000-URBAN.asc
ncols        168
nrows        136
xllcorner    455000.000000000000
yllcorner    2107000.000000000000
cellsize     500.000000000000
NODATA_value  -99999
[rows 54 to 80 of 136, columns 0 to 59 of 168]
0 0 0 0 0 0 0 0 0 0 0 0 0 0 0 0 0 0 0 0 0 0 0 0 0 0 0 0 0 0 0 0.011335999704897403717 0.43544599413871765137 0.43358498811721801758 0.84065800905227661133 0.96621000766754150391 0.98436498641967773438 0.9931100010871887207 0.99576401710510253906 0.99549102783203125 0.96468400955200195313 0.99216097593307495117 1 0.85257202386856079102 0.85500800609588623047 0.96781998872756958008 0.92913401126861572266 0.44355699419975280762 0 0 0 0 0.27458900213241577148 0.88525801897048950195 0.93918401002883911133 0.9759960174560546875 0.98248201608657836914 0.95435702800750732422 0.98900800943374633789 0.98593097925186157227
0 0 0 0 0 0 0 0 0 0 0 0 0 0 0 0 0 0 0 0 0 0 0 0 0 0 0 0 0 0 0 0.1222380027174949646 0.77668100595474243164 0.99531698226928710938 0.98707801103591918945 0.9197750091552734375 0.89909702539443969727 0.91166698932647705078 1 0.97826999425888061523 0.96061700582504272461 0.98715698719024658203 0.97718602418899536133 0.70057600736618041992 0.92552298307418823242 0.96187102794647216797 0.73881602287292480469 0.11962199956178665161 0 0 0 0 0.56083101034164428711 0.97465497255325317383 0.99999201297760009766 0.97090500593185424805 0.93425601720809936523 0.90856301784515380859 0.99901098012924194336 0.99767798185348510742
0 0 0 0 0 0 0 0 0 0 0 0 0 0 0 0 0 0 0 0 0 0 0 0 0 0 0 0 0 0 0.053456000983715057373 0.86585700511932373047 1 0.99826401472091674805 0.97293800115585327148 0.83448398113250732422 0.91903597116470336914 0.99471199512481689453 0.98595899343490600586 0.98049300909042358398 0.93133300542831420898 0.88102197647094726563 0.83948397636413574219 0.78091901540756225586 0.87232899665832519531 0.5388939976692199707 0.025262000039219856262 0 0 0 0.27562800049781799316 0.73479002714157104492 0.97813898324966430664 0.92715299129486083984 0.77479302883148193359 0.99249702692031860352 0.99287700653076171875 0.99793100357055664063 0.96737301349639892578 0.98279100656509399414
0 0 0 0 0 0 0 0 0 0 0 0 0 0 0 0 0 0 0 0 0 0 0 0 0 0 0 0 0 0 0.61848598718643188477 0.99073702096939086914 0.97920697927474975586 0.98976397514343261719 0.98204302787780761719 0.96030497550964355469 0.99560201168060302734 0.99200999736785888672 0.91663098335266113281 0.84882301092147827148 0.94668698310852050781 0.69122600555419921875 0.88379502296447753906 0.76405000686645507813 0.58310198783874511719 0.063363000750541687012 0 0 0.15366500616073608398 0.70647501945495605469 0.99936699867248535156 0.98638999462127685547 0.97000402212142944336 0.94841599464416503906 0.79558300971984863281 0.99994498491287231445 0.99106901884078979492 1 0.97664397954940795898 0.97905701398849487305
0 0 0 0 0 0 0 0 0 0 0 0 0 0 0 0 0 0 0 0 0 0 0 0 0 0 0 0 0 0 0.69680798053741455078 0.99261897802352905273 0.97084200382232666016 0.95629000663757324219 0.95539700984954833984 0.95218902826309204102 0.99474298954010009766 0.85984200239181518555 0.79365497827529907227 0.95007699728012084961 0.81661498546600341797 0.6479949951171875 0.66320699453353881836 0.46685498952865600586 0.046023000031709671021 0.048436000943183898926 0.036008000373840332031 0.55029499530792236328 0.97756201028823852539 0.93347299098968505859 0.77948397397994995117 0.99911797046661376953 0.97764497995376586914 0.97537499666213989258 0.9891980290412902832 1 0.99619501829147338867 0.99932402372360229492 0.99883699417114257813 1
0 0 0 0 0 0 0 0 0 0 0 0 0 0 0 0 0 0 0 0 0 0 0 0 0 0 0 0.12432999908924102783 0.12846300005912780762 0.14104099571704864502 0.87181001901626586914 0.96710801124572753906 0.9641730189323425293 0.97616600990295410156 0.89439499378204345703 0.90008300542831420898 0.99481099843978881836 0.90020501613616943359 0.84105098247528076172 0.92296397686004638672 0.94801998138427734375 0.96113598346710205078 0.99072897434234619141 0.53001600503921508789 0.18211400508880615234 0.35181701183319091797 0.84035897254943847656 0.99016302824020385742 0.99816501140594482422 0.9042879939079284668 0.9431679844856262207 0.97257500886917114258 0.97817498445510864258 1 0.97007101774215698242 0.99804598093032836914 0.97874498367309570313 0.9912160038948059082 0.87109202146530151367 0.98398101329803466797
0 0 0 0 0 0 0 0 0 0 0 0 0 0 0 0 0 0 0 0 0 0 0 0 0 0 0 0.2639789879322052002 0.93185502290725708008 0.97340500354766845703 0.99017101526260375977 0.96440297365188598633 0.98902398347854614258 0.63355499505996704102 0.0055610002018511295319 0.69174802303314208984 0.95838302373886108398 0.91663098335266113281 1 0.99166601896286010742 0.98428201675415039063 1 0.96571999788284301758 0.58255302906036376953 0.94654101133346557617 0.94989097118377685547 0.97497099637985229492 0.97537499666213989258 0.98314702510833740234 0.99209398031234741211 0.98577302694320678711 0.98934900760650634766 0.9622510075569152832 0.98339998722076416016 0.9718030095100402832 0.99263101816177368164 0.99121201038360595703 0.97213602066040039063 0.96654301881790161133 0.9912160038948059082
0 0 0 0 0 0 0 0 0 0 0 0 0 0 0 0 0 0 0 0 0 0 0 0 0 0 0 0.60231900215148925781 0.98825699090957641602 0.95161497592926025391 0.9844989776611328125 0.97950398921966552734 0.98935598134994506836 0.60619997978210449219 0.36931300163269042969 0.7800490260124206543 0.99225199222564697266 0.96202200651168823242 0.97876399755477905273 0.99993300437927246094 1 1 1 1 0.95707798004150390625 0.97251099348068237305 0.90213197469711303711 0.96615499258041381836 0.89922499656677246094 0.97937798500061035156 0.99446702003479003906 0.94779497385025024414 0.99428498744964599609 0.98385101556777954102 0.99573999643325805664 0.94793802499771118164 0.99484598636627197266 0.9939410090446472168 0.97249197959899902344 0.94963800907135009766
0 0 0 0 0 0 0 0 0 0 0 0 0 0 0 0 0 0 0 0 0 0 0 0 0 0 0.012147000059485435486 0.82892298698425292969 0.97149801254272460938 0.95550000667572021484 1 0.98205101490020751953 0.98568201065063476563 0.99684000015258789063 0.93838900327682495117 0.97583001852035522461 0.95576101541519165039 0.92519098520278930664 0.98672199249267578125 0.99483102560043334961 1 1 1 1 0.99966400861740112305 0.97872900962829589844 0.97434699535369873047 0.95813798904418945313 0.7803440093994140625 0.99769002199172973633 0.9939129948616027832 0.95298498868942260742 0.94229400157928466797 0.98841100931167602539 1 0.98862898349761962891 0.99561399221420288086 0.98506897687911987305 0.97747898101806640625 0.98892199993133544922
0 0 0 0 0 0 0 0 0 0 0 0 0 0 0 0 0 0 0 0 0 0 0 0 0 0 0.0031169999856501817703 0.82896697521209716797 0.99682402610778808594 1 1 0.96564501523971557617 0.97096502780914306641 0.92944300174713134766 0.9407590031623840332 0.97847199440002441406 1 0.93651497364044189453 0.9997469782829284668 1 1 1 0.99435198307037353516 0.95687198638916015625 0.98742598295211791992 0.95445597171783447266 0.99400800466537475586 0.99434000253677368164 0.96436798572540283203 0.95059597492218017578 0.97367799282073974609 0.98145002126693725586 0.98754101991653442383 0.97814399003982543945 0.99428099393844604492 0.99551498889923095703 0.98603397607803344727 0.98287802934646606445 0.99738198518753051758 0.96261602640151977539
0 0 0 0 0 0 0 0 0 0 0 0 0 0 0 0 0 0 0 0 0 0 0 0 0 0 0.042229998856782913208 0.80978101491928100586 0.99975097179412841797 1 0.40923699736595153809 0.58827698230743408203 0.96190297603607177734 0.99277800321578979492 0.93168497085571289063 0.69453799724578857422 0.95235902070999145508 0.87744802236557006836 0.99900698661804199219 1 1 1 0.99491798877716064453 1 0.99949401617050170898 0.9924100041389465332 0.93863099813461303711 0.96604502201080322266 0.99991697072982788086 0.98911499977111816406 1 0.98970502614974975586 0.66288399696350097656 0.94370198249816894531 0.99344599246978759766 0.88321501016616821289 0.92338001728057861328 0.98943597078323364258 1 0.99801397323608398438
0 0 0 0 0 0 0 0 0 0 0 0 0 0 0 0 0 0 0 0 0 0 0 0 0 0 0 0.71644097566604614258 1 1 0.9626979827880859375 0.80978500843048095703 0.86110001802444458008 0.71960198879241943359 0.21654899418354034424 0.6290760040283203125 0.94598400592803955078 0.83705300092697143555 0.94974100589752197266 0.92309498786926269531 0.90474301576614379883 0.99981397390365600586 1 1 1 0.99431997537612915039 1 0.97949999570846557617 0.99956500530242919922 0.94234901666641235352 0.95802801847457885742 1 0.917613983154296875 0.99032598733901977539 1 0.99294400215148925781 0.96982997655868530273 0.79884397983551025391 1 1
0 0 0 0 0 0 0 0 0 0 0 0 0 0 0 0 0 0 0 0 0 0 0 0 0 0 0.074896000325679779053 0.90869700908660888672 1 0.99392098188400268555 1 0.98106998205184936523 0.3686389923095703125 0.112957000732421875 0.74681097269058227539 0.96465599536895751953 0.550189971923828125 0.71143198013305664063 0.97978502511978149414 0.915802001953125 1 0.9972350001335144043 0.99286097288131713867 0.97992300987243652344 1 0.99723100662231445313 0.99796301126480102539 0.95639801025390625 0.98363697528839111328 0.96231102943420410156 0.98468202352523803711 0.95759302377700805664 0.98728799819946289063 1 0.93982601165771484375 0.97997099161148071289 0.99683201313018798828 0.83667099475860595703 0.99968802928924560547 0.99790400266647338867
0 0 0 0 0 0 0 0 0 0 0 0 0 0 0 0 0.10913000255823135376 0.046743001788854598999 0 0 0 0 0 0 0 0 0.71209502220153808594 1 1 1 0.99883300065994262695 0.67442697286605834961 0.16151499748229980469 0.65571498870849609375 0.87028098106384277344 0.56813800334930419922 0.56193298101425170898 0.99897599220275878906 0.9997590184211730957 0.9989910125732421875 0.8352069854736328125 0.99027401208877563477 0.99168199300765991211 0.99005299806594848633 0.94276899099349975586 0.98115402460098266602 0.97265398502349853516 0.97558099031448364258 0.641510009765625 0.96595001220703125 0.99067401885986328125 0.9451929926872253418 0.97626501321792602539 0.93710100650787353516 0.98254597187042236328 1 0.99090301990509033203 0.98809099197387695313 0.99727499485015869141 0.99558198451995849609
0 0 0 0 0 0 0 0 0 0 0 0 0 0 0.028581000864505767822 0.58678597211837768555 0.96141600608825683594 0.77875101566314697266 0.26984399557113647461 0 0 0 0 0 0 0 0.81605798006057739258 1 1 0.99410700798034667969 0.77028501033782958984 0.89218902587890625 0.90815198421478271484 0.91095602512359619141 0.34495401382446289063 0.83494198322296142578 0.99969899654388427734 1 0.99907100200653076172 0.99837398529052734375 0.96495699882507324219 1 0.91703200340270996094 0.98682099580764770508 0.76910799741744995117 0.83232402801513671875 0.99688702821731567383 1 0.98991000652313232422 0.96426099538803100586 1 0.99928802251815795898 0.9861729741096496582 0.99218100309371948242 0.97129297256469726563 0.99469202756881713867 0.99568897485733032227 0.7723420262336730957 0.99979001283645629883 0.97337400913238525391
0 0 0 0 0 0 0 0 0 0 0 0 0 0 0.022445999085903167725 0.51427799463272094727 0.1784970015287399292 0.056278999894857406616 0.12986600399017333984 0 0 0 0 0 0 0.021010000258684158325 0.92322897911071777344 1 0.99187600612640380859 1 0.3108800053596496582 0.75601500272750854492 0.95217001438140869141 1 0.70376402139663696289 0.70817798376083374023 0.98985898494720458984 0.73340398073196411133 0.72993499040603637695 0.98199999332427978516 0.98465800285339355469 0.92566597461700439453 0.3620649874210357666 0.023006999865174293518 0.59232801198959350586 0.99679201841354370117 0.90409100055694580078 0.91251599788665771484 0.96199500560760498047 0.99512302875518798828 1 0.99987298250198364258 0.98673802614212036133 0.63132101297378540039 0.55662000179290771484 0.97710001468658447266 0.98125302791595458984 0.92510902881622314453 0.75237202644348144531 0.93354201316833496094
0 0 0 0 0 0 0 0 0 0 0 0 0 0 0 0 0 0 0 0 0 0 0 0 0 0.26812100410461425781 0.98159998655319213867 0.99951398372650146484 0.99997198581695556641 0.99815702438354492188 0.78296601772308349609 0.8759409785270690918 0.45119699835777282715 0.24487000703811645508 5.099999907542951405e-05 0.29117000102996826172 0.49907100200653076172 0.011552999727427959442 0.016450000926852226257 0.43527901172637939453 0.56121999025344848633 0.37319898605346679688 0.49507799744606018066 0.84505599737167358398 1 0.98887801170349121094 0.74957501888275146484 0.87566202878952026367 0.83965802192687988281 0.99850100278854370117 0.98054897785186767578 0.90988999605178833008 0.92376101016998291016 0.50792002677917480469 0.71372598409652709961 0.90224897861480712891 0.99958097934722900391 0.94804102182388305664 0.98582899570465087891 0.97301000356674194336
0 0 0 0 0 0 0 0 0 0 0 0 0 0 0 0 0 0 0 0 0 0 0 0 0 0.51521801948547363281 1 0.92072999477386474609 0.58360302448272705078 0.21651099622249603271 0 0.40546700358390808105 0.05647199973464012146 0 0 0 0 0 0 0.26580798625946044922 0.77871602773666381836 0.99766999483108520508 0.97698497772216796875 0.82636398077011108398 0.93619102239608764648 1 0.98370498418807983398 0.95653301477432250977 0.99525398015975952148 0.98426198959350585938 0.84475600719451904297 0.83728098869323730469 0.9809920191764831543 0.98769199848175048828 0.96788400411605834961 0.96159899234771728516 0.95917898416519165039 0.99035298824310302734 0.98283499479293823242 0.73755699396133422852
0 0 0 0 0 0 0 0 0 0 0 0 0 0 0 0 0 0 0 0 0 0 0 0 0 0.076789997518062591553 0.2099110037088394165 0.019565999507904052734 0 0 0 0 0 0 0.00010299999848939478397 0.33814001083374023438 0.81450599431991577148 0.37909999489784240723 0.63851600885391235352 0.97164499759674072266 0.999691009521484375 0.99852502346038818359 1 0.9998620152473449707 0.9989560246467590332 1 0.94209700822830200195 0.98789697885513305664 0.98102700710296630859 0.88925600051879882813 0.99324899911880493164 0.99234300851821899414 1 0.98194897174835205078 0.98079800605773925781 0.98678201436996459961 0.98573398590087890625 0.97128999233245849609 0.92732799053192138672 0.91750800609588623047
0 0 0 0 0 0 0 0 0 0 0 0 0 0 0 0 0 0 0 0 0 0 0 0 0 0 0 0 0 0 0 0.018067000433802604675 0.42620199918746948242 0 0.13022799789905548096 0.78978598117828369141 1 1 0.99507200717926025391 0.99743700027465820313 0.99994099140167236328 0.99826800823211669922 0.95693200826644897461 0.99305498600006103516 0.98498201370239257813 1 0.98974001407623291016 0.99139797687530517578 0.99780100584030151367 0.96640098094940185547 0.88853597640991210938 0.90276700258255004883 0.97679901123046875 0.97305399179458618164 0.95077401399612426758 0.98588001728057861328 0.99674898386001586914 0.9980030059814453125 0.98784601688385009766 0.92419600486755371094
0 0 0 0 0 0 0 0 0 0 0 0 0 0 0 0 0 0 0 0 0 0 0 0 0 0 0 0 0 0 0 0.74588799476623535156 0.9988409876823425293 0.4704729914665222168 0.30364298820495605469 0.80157697200775146484 1 1 0.96658301353454589844 0.17700199782848358154 0.54680097103118896484 0.91464799642562866211 1 1 0.99482297897338867188 0.96722400188446044922 0.80606698989868164063 0.96793597936630249023 0.75474601984024047852 0.23614500463008880615 0.11926700174808502197 0.098135001957416534424 0.63624602556228637695 0.98797202110290527344 0.9821580052375793457 0.96917802095413208008 0.96799898147583007813 0.96655899286270141602 0.98625200986862182617 0.89197802543640136719
0 0 0 0 0 0 0 0 0 0 0 0 0 0 0 0 0 0 0 0 0 0 0 0 0 0 0 0 0 0 0 0.64264202117919921875 0.87025797367095947266 0.99762701988220214844 1 0.72683298587799072266 0.90881401300430297852 0.96246498823165893555 0.98032301664352416992 0.14251600205898284912 0.039041001349687576294 0.65955299139022827148 1 1 1 0.9503390192985534668 1 0.99405497312545776367 0.88038498163223266602 0.017876999452710151672 0 0 0.17191800475120544434 0.88546001911163330078 1 0.9983590245246887207 0.99277400970458984375 0.90167999267578125 0.95205998420715332031 0.97921597957611083984
0 0 0 0 0 0 0 0 0 0 0 0 0 0 0 0 0 0 0 0 0 0 0 0 0 0 0 0 0 0 0 0.076461002230644226074 0.020428000018000602722 0.77315598726272583008 0.99461698532104492188 0.35852000117301940918 0.59012198448181152344 0.80095297098159790039 0.97823101282119750977 0.73176598548889160156 0.81644600629806518555 1 0.99952101707458496094 0.76304799318313598633 0.96189200878143310547 0.99360102415084838867 1 0.90108197927474975586 0.97647500038146972656 0.073949001729488372803 0 0 0.014472000300884246826 0.61455398797988891602 1 1 0.95389097929000854492 0.99027800559997558594 0.34879401326179504395 1
0 0 0 0 0 0 0 0 0 0 0 0 0 0 0 0 0 0 0 0 0 0 0 0 0 0 0 0 0 0 0 0 0 0.79469102621078491211 0.78394097089767456055 0.1713330000638961792 0.64888602495193481445 0.60380899906158447266 0.97945302724838256836 0.97653800249099731445 0.99557799100875854492 0.93505698442459106445 0.99652302265167236328 0.90700298547744750977 0.98181802034378051758 0.96096700429916381836 1 0.97917598485946655273 0.79538202285766601563 0.0061460002325475215912 0 0 0.027250999584794044495 0.43783101439476013184 1 0.96234697103500366211 0.98842698335647583008 0.99780499935150146484 0.99278998374938964844 0.99857199192047119141
0 0 0 0 0 0 0 0 0 0 0 0 0 0 0 0 0 0 0 0 0 0 0 0 0 0 0 0 0 0 0 0 0.16328899562358856201 0.99629002809524536133 0.95402097702026367188 0.85643202066421508789 0.99629002809524536133 1 1 1 0.97921997308731079102 1 1 0.96886497735977172852 1 0.88501298427581787109 1 0.95224601030349731445 0.1772409975528717041 0 0 0 0 0.0053199999965727329254 0.79125797748565673828 0.97998702526092529297 0.96404397487640380859 0.97091400623321533203 0.92853498458862304688 1
0 0 0 0 0 0 0 0 0 0 0 0 0 0 0 0 0 0 0 0 0 0 0 0 0 0 0 0 0 0 0 0 0.014642000198364257813 0.9252039790153503418 1 1 0.99948197603225708008 1 1 1 1 1 0.99924498796463012695 0.8383420109748840332 0.97872501611709594727 0.93576902151107788086 0.98506498336791992188 0.80032199621200561523 0.34196299314498901367 0.33965799212455749512 0.12545999884605407715 0 0.04823200032114982605 0.4782670140266418457 0.9402859807014465332 0.99716800451278686523 0.94807302951812744141 0.95171600580215454102 0.96118897199630737305 1
0 0 0 0 0 0 0 0 0 0 0 0 0 0 0 0 0 0 0 0 0 0 0 0 0 0 0 0 0 0 0 0 0.12788599729537963867 0.55729198455810546875 0.56946200132369995117 0.79668599367141723633 0.99541199207305908203 1 1 1 1 0.99201500415802001953 0.92840802669525146484 0.90304398536682128906 0.54993498325347900391 0.56573599576950073242 0.87679398059844970703 0.95664000511169433594 0.18905399739742279053 0.98572999238967895508 0.96947801113128662109 0.85249102115631103516 0.91203898191452026367 0.98356300592422485352 0.98135197162628173828 0.97862702608108520508 0.92767298221588134766 0.92170500755310058594 0.9948940277099609375 0.94002097845077514648
