data_processed/landuse/LU-2000-NATURAL-H.asc
ncols        168
nrows        136
xllcorner    455000.000000000000
yllcorner    2107000.000000000000
cellsize     500.000000000000
NODATA_value  -99999
[rows 24 to 47 of 136, columns 108 to 161 of 168]
0 0 0 0 0.24831999838352203369 1.000023961067199707 1.0000200271606445313 1.0000200271606445313 1.0000200271606445313 1.0000200271606445313 1.0000200271606445313 1.0000200271606445313 1.0000200271606445313 1.0000200271606445313 1.0000200271606445313 1.0000200271606445313 1.0000200271606445313 1.0000159740447998047 1.0000159740447998047 1.0000159740447998047 1.0000159740447998047 1.0000159740447998047 1.0000159740447998047 1.0000159740447998047 1.0000159740447998047 1.0000120401382446289 1.0000120401382446289 1.0000120401382446289 0.67325097322463989258 0.039317000657320022583 0 0 0 0 0.074707001447677612305 0.45617499947547912598 0.9155750274658203125 1.0000079870223999023 1.0000040531158447266 1.0000040531158447266 1.0000040531158447266 1.0000040531158447266 1.0000040531158447266 1.0000040531158447266 0 0 0 0 0 0 0 0 0 0
0 0 0 0 0.41933000087738037109 1.000023961067199707 1.000023961067199707 1.000023961067199707 1.000023961067199707 1.000023961067199707 1.000023961067199707 1.0000200271606445313 1.0000200271606445313 1.0000200271606445313 1.0000200271606445313 1.0000200271606445313 1.0000200271606445313 1.0000200271606445313 1.0000200271606445313 1.0000200271606445313 1.0000159740447998047 1.0000159740447998047 1.0000159740447998047 1.0000159740447998047 1.0000159740447998047 1.0000159740447998047 0.94845598936080932617 0.63319402933120727539 0.7083600163459777832 0 0 0 0 0 0.059277001768350601196 0.19244499504566192627 0.26089799404144287109 0.67490899562835693359 1.0000079870223999023 1.0000079870223999023 1.0000040531158447266 1.0000040531158447266 1.0000040531158447266 1.0000040531158447266 0 0 0 0 0 0 0 0 0 0
0 0 0 0 0.83454698324203491211 1.000023961067199707 1.000023961067199707 1.000023961067199707 1.000023961067199707 1.000023961067199707 1.000023961067199707 1.000023961067199707 1.000023961067199707 1.000023961067199707 1.0000200271606445313 1.0000200271606445313 1.0000200271606445313 1.0000200271606445313 1.0000200271606445313 1.0000200271606445313 1.0000200271606445313 1.0000200271606445313 1.0000200271606445313 1.0000159740447998047 1.0000159740447998047 1.0000159740447998047 0.88194900751113891602 0.086461998522281646729 0.33967098593711853027 0.80888402462005615234 0.80938202142715454102 0.50564599037170410156 0.13621400296688079834 0 0 0.075066998600959777832 0.18676500022411346436 0.39589399099349975586 1.0000079870223999023 1.0000079870223999023 1.0000079870223999023 1.0000079870223999023 1.0000040531158447266 1.0000040531158447266 0 0 0 0 0 0 0 0 0 0
0 0 0 0 0.884449005126953125 1.0000280141830444336 1.0000280141830444336 1.000023961067199707 1.000023961067199707 1.000023961067199707 1.000023961067199707 1.000023961067199707 1.000023961067199707 1.000023961067199707 1.000023961067199707 1.000023961067199707 1.000023961067199707 1.0000200271606445313 1.0000200271606445313 1.0000200271606445313 1.0000200271606445313 1.0000200271606445313 1.0000200271606445313 0.95977300405502319336 1.0000200271606445313 1.0000200271606445313 1.0000159740447998047 0.7529379725456237793 0.93967497348785400391 1.0000159740447998047 1.0000159740447998047 1.0000159740447998047 0.75186198949813842773 0 0.63171499967575073242 0.90792101621627807617 0.61039102077484130859 0.11329200118780136108 1.0000079870223999023 1.0000079870223999023 1.0000079870223999023 1.0000079870223999023 1.0000079870223999023 1.0000079870223999023 0 0 0 0 0 0 0 0 0 0
0 0 0 0 0.9519450068473815918 1.0000280141830444336 1.0000280141830444336 1.0000280141830444336 1.0000280141830444336 1.0000280141830444336 1.0000280141830444336 1.000023961067199707 1.000023961067199707 1.000023961067199707 1.000023961067199707 1.000023961067199707 1.000023961067199707 1.000023961067199707 1.000023961067199707 1.000023961067199707 1.0000200271606445313 1.0000200271606445313 0.77218097448348999023 0.11671800166368484497 1.0000200271606445313 1.0000200271606445313 1.0000200271606445313 1.0000200271606445313 1.0000159740447998047 1.0000159740447998047 1.0000159740447998047 0.58725601434707641602 0.90339601039886474609 0.026169000193476676941 0.95215499401092529297 1.0000120401382446289 0.93117898702621459961 0.72539997100830078125 1.0000120401382446289 1.0000120401382446289 1.0000079870223999023 1.0000079870223999023 1.0000079870223999023 1.0000079870223999023 1.0000079870223999023 0 0 0 0 0 0 0 0 0
0 0 0 0 0.73784798383712768555 1.0000280141830444336 1.0000280141830444336 1.0000280141830444336 1.0000280141830444336 1.0000280141830444336 1.0000280141830444336 1.0000280141830444336 1.0000280141830444336 1.0000280141830444336 1.000023961067199707 1.000023961067199707 1.000023961067199707 1.000023961067199707 0.97043699026107788086 0.41732499003410339355 0.90536600351333618164 0.99563300609588623047 0.18981499969959259033 0.12946200370788574219 1.0000200271606445313 1.0000200271606445313 1.0000200271606445313 1.0000200271606445313 1.0000200271606445313 1.0000200271606445313 1.0000159740447998047 0.51396900415420532227 0.16318300366401672363 0 0.1214800029993057251 0.45324400067329406738 0.95091700553894042969 1.0000120401382446289 1.0000120401382446289 1.0000120401382446289 1.0000120401382446289 1.0000120401382446289 1.0000079870223999023 1.0000079870223999023 1.0000079870223999023 0 0 0 0 0 0 0 0 0
0 0 0 0.098312996327877044678 0.89805197715759277344 1.0000319480895996094 1.0000319480895996094 1.0000280141830444336 1.0000280141830444336 1.0000280141830444336 1.0000280141830444336 1.0000280141830444336 1.0000280141830444336 1.0000280141830444336 1.0000280141830444336 1.0000280141830444336 1.0000280141830444336 1.000023961067199707 0.95992302894592285156 0.10262399911880493164 0.07999499887228012085 0.12799499928951263428 0 0.042557001113891601563 0.9680359959602355957 1.000023961067199707 1.0000200271606445313 1.0000200271606445313 1.0000200271606445313 1.0000200271606445313 1.0000200271606445313 0.99998801946640014648 0.77356201410293579102 0.29493099451065063477 0.23958200216293334961 0.20722700655460357666 0.85446697473526000977 1.0000159740447998047 1.0000120401382446289 1.0000120401382446289 1.0000120401382446289 1.0000120401382446289 1.0000120401382446289 1.0000120401382446289 1.0000079870223999023 0 0 0 0 0 0 0 0 0
0 0 0 0.27230998873710632324 1.0000319480895996094 1.0000319480895996094 1.0000319480895996094 1.0000319480895996094 1.0000319480895996094 1.0000319480895996094 1.0000319480895996094 1.0000280141830444336 1.0000280141830444336 1.0000280141830444336 1.0000280141830444336 1.0000280141830444336 1.0000280141830444336 1.0000280141830444336 0.99816900491714477539 0.21018899977207183838 0.058885000646114349365 0.044316999614238739014 0 0 0.74863797426223754883 1.000023961067199707 1.000023961067199707 1.000023961067199707 1.0000200271606445313 1.0000200271606445313 1.0000200271606445313 1.0000200271606445313 1.0000200271606445313 1.0000200271606445313 1.0000200271606445313 0.99984198808670043945 1.0000159740447998047 1.0000159740447998047 1.0000159740447998047 1.0000159740447998047 1.0000120401382446289 1.0000120401382446289 1.0000120401382446289 1.0000120401382446289 1.0000120401382446289 1.0000079870223999023 0 0 0 0 0 0 0 0
0 0 0 0.0021639999467879533768 0.54630100727081298828 0.8816840052604675293 0.84315001964569091797 0.99979400634765625 1.0000319480895996094 1.0000319480895996094 1.0000319480895996094 1.0000319480895996094 1.0000319480895996094 1.0000319480895996094 1.0000280141830444336 1.0000280141830444336 1.0000280141830444336 1.0000280141830444336 0.72232699394226074219 0.22784200310707092285 0.90000998973846435547 0.72440302371978759766 0.014314999803900718689 0 0.75497102737426757813 1.000023961067199707 1.000023961067199707 1.000023961067199707 1.000023961067199707 1.000023961067199707 1.0000200271606445313 1.0000200271606445313 1.0000200271606445313 1.0000200271606445313 1.0000200271606445313 1.0000200271606445313 1.0000200271606445313 1.0000159740447998047 1.0000159740447998047 1.0000159740447998047 1.0000159740447998047 1.0000159740447998047 1.0000120401382446289 1.0000120401382446289 1.0000120401382446289 1.0000120401382446289 1.0000120401382446289 0 0 0 0 0 0 0
0 0 0 0 0.00043099999311380088329 0.051065001636743545532 0 0.33329498767852783203 0.36671099066734313965 0.68094897270202636719 1.0000319480895996094 1.0000319480895996094 1.0000319480895996094 1.0000319480895996094 1.0000319480895996094 1.0000319480895996094 1.0000319480895996094 1.0000319480895996094 1.0000280141830444336 0.99976301193237304688 1.0000280141830444336 1.0000280141830444336 0.78058302402496337891 0.14094500243663787842 0.99358797073364257813 1.0000280141830444336 1.000023961067199707 1.000023961067199707 1.000023961067199707 1.000023961067199707 1.000023961067199707 1.000023961067199707 1.000023961067199707 1.0000200271606445313 1.0000200271606445313 1.0000200271606445313 1.0000200271606445313 1.0000200271606445313 1.0000159740447998047 1.0000159740447998047 1.0000159740447998047 1.0000159740447998047 1.0000159740447998047 1.0000159740447998047 1.0000120401382446289 1.0000120401382446289 1.0000120401382446289 1.0000120401382446289 0 0 0 0 0 0
0 0 0 0 0 0 0 0 0 0.084801003336906433105 0.88901799917221069336 1.0000319480895996094 1.0000319480895996094 1.0000319480895996094 1.0000319480895996094 1.0000319480895996094 1.0000319480895996094 1.0000319480895996094 1.0000319480895996094 1.0000319480895996094 1.0000319480895996094 1.0000280141830444336 0.85662198066711425781 0.01982500031590461731 0.23652899265289306641 0.057250998914241790771 0.8885110020637512207 1.0000280141830444336 1.000023961067199707 1.000023961067199707 1.000023961067199707 1.000023961067199707 1.000023961067199707 1.000023961067199707 1.000023961067199707 1.0000200271606445313 1.0000200271606445313 1.0000200271606445313 1.0000200271606445313 1.0000200271606445313 1.0000159740447998047 1.0000159740447998047 1.0000159740447998047 1.0000159740447998047 1.0000159740447998047 1.0000159740447998047 1.0000120401382446289 1.0000120401382446289 1.0000120401382446289 0 0 0 0 0
0 0 0 0 0 0 0 0 0 0.026892999187111854553 0.70318597555160522461 1.0000360012054443359 1.0000360012054443359 1.0000360012054443359 1.0000360012054443359 1.0000319480895996094 1.0000319480895996094 1.0000319480895996094 1.0000319480895996094 1.0000319480895996094 1.0000319480895996094 1.0000319480895996094 0.82885098457336425781 0 0 0.00084599998081102967262 0.82683402299880981445 1.0000280141830444336 1.0000280141830444336 1.0000280141830444336 1.000023961067199707 1.000023961067199707 1.000023961067199707 1.000023961067199707 1.000023961067199707 1.000023961067199707 1.000023961067199707 1.0000200271606445313 1.0000200271606445313 1.0000200271606445313 1.0000200271606445313 1.0000200271606445313 1.0000159740447998047 1.0000159740447998047 1.0000159740447998047 1.0000159740447998047 1.0000159740447998047 1.0000120401382446289 1.0000120401382446289 0 0 0 0 0
0 0 0 0 0 0 0 0.086007997393608093262 0.40282401442527770996 0.87270897626876831055 1.0000360012054443359 1.0000360012054443359 1.0000360012054443359 1.0000360012054443359 1.0000360012054443359 1.0000360012054443359 1.0000360012054443359 1.0000360012054443359 1.0000319480895996094 1.0000319480895996094 1.0000319480895996094 1.0000319480895996094 0.73312097787857055664 0 0.13150300085544586182 0.66378599405288696289 1.0000280141830444336 1.0000280141830444336 1.0000280141830444336 1.0000280141830444336 1.0000280141830444336 1.0000280141830444336 1.0000280141830444336 1.000023961067199707 1.000023961067199707 1.000023961067199707 1.000023961067199707 1.000023961067199707 1.000023961067199707 1.0000200271606445313 1.0000200271606445313 1.0000200271606445313 1.0000200271606445313 1.0000200271606445313 1.0000159740447998047 1.0000159740447998047 1.0000159740447998047 1.0000159740447998047 1.0000159740447998047 1.0000159740447998047 0 0 0 0
0 0 0 0 0 0 0 0.46428000926971435547 1.0000400543212890625 1.0000400543212890625 1.0000400543212890625 1.0000360012054443359 1.0000360012054443359 1.0000360012054443359 1.0000360012054443359 1.0000360012054443359 1.0000360012054443359 1.0000360012054443359 1.0000360012054443359 1.0000360012054443359 0.72096198797225952148 0.3934929966926574707 0.063900001347064971924 0.42721799015998840332 0.97520297765731811523 1.0000319480895996094 1.0000319480895996094 1.0000319480895996094 1.0000280141830444336 1.0000280141830444336 1.0000280141830444336 1.0000280141830444336 1.0000280141830444336 1.0000280141830444336 1.0000280141830444336 1.000023961067199707 1.000023961067199707 1.000023961067199707 1.000023961067199707 1.000023961067199707 1.0000200271606445313 1.0000200271606445313 1.0000200271606445313 1.0000200271606445313 1.0000200271606445313 1.0000200271606445313 1.0000159740447998047 1.0000159740447998047 1.0000159740447998047 1.0000159740447998047 1.0000120401382446289 1.0000159740447998047 0 0
0 0 0 0 0 0 0 0.27972200512886047363 1.0000400543212890625 1.0000400543212890625 1.0000400543212890625 1.0000400543212890625 1.0000400543212890625 1.0000400543212890625 1.0000400543212890625 1.0000360012054443359 1.0000360012054443359 1.0000360012054443359 1.0000360012054443359 0.87191402912139892578 0.0050710001960396766663 0 0.20321199297904968262 0.98383802175521850586 1.0000319480895996094 1.0000319480895996094 1.0000319480895996094 1.0000319480895996094 1.0000319480895996094 1.0000319480895996094 1.0000280141830444336 1.0000280141830444336 1.0000280141830444336 1.0000280141830444336 1.0000280141830444336 1.0000280141830444336 1.0000280141830444336 1.000023961067199707 1.000023961067199707 1.000023961067199707 1.000023961067199707 1.000023961067199707 1.0000200271606445313 1.0000200271606445313 1.0000200271606445313 1.0000200271606445313 1.0000200271606445313 1.0000159740447998047 1.0000159740447998047 1.0000159740447998047 1.0000159740447998047 1.0000159740447998047 0 0
0 0 0 0 0 0 0 0.40283998847007751465 1.0000400543212890625 0.81631201505661010742 0.89035499095916748047 1.0000400543212890625 1.0000400543212890625 1.0000400543212890625 1.0000400543212890625 1.0000400543212890625 1.0000400543212890625 1.0000400543212890625 1.0000360012054443359 0.9998620152473449707 0.15090100467205047607 0.15758599340915679932 0.89059197902679443359 1.0000360012054443359 1.0000360012054443359 1.0000360012054443359 1.0000319480895996094 1.0000319480895996094 1.0000319480895996094 1.0000319480895996094 1.0000319480895996094 1.0000319480895996094 1.0000319480895996094 1.0000280141830444336 1.0000280141830444336 1.0000280141830444336 1.0000280141830444336 1.0000280141830444336 1.0000280141830444336 1.000023961067199707 1.000023961067199707 1.000023961067199707 1.000023961067199707 1.000023961067199707 1.0000200271606445313 1.0000200271606445313 1.0000200271606445313 1.0000200271606445313 1.0000200271606445313 1.0000159740447998047 1.0000159740447998047 1.0000159740447998047 1.0000159740447998047 0
0 0 0 0 0 0 0 0.3571110069751739502 0.64365601539611816406 0.26844498515129089355 0.94419199228286743164 1.0000400543212890625 1.0000400543212890625 1.0000400543212890625 1.0000400543212890625 1.0000400543212890625 1.0000400543212890625 1.0000400543212890625 1.0000400543212890625 1.0000400543212890625 0.92479097843170166016 0.98479902744293212891 1.0000360012054443359 1.0000360012054443359 1.0000360012054443359 1.0000360012054443359 1.0000360012054443359 1.0000360012054443359 1.0000319480895996094 1.0000319480895996094 1.0000319480895996094 1.0000319480895996094 1.0000319480895996094 1.0000319480895996094 1.0000319480895996094 1.0000280141830444336 1.0000280141830444336 1.0000280141830444336 1.0000280141830444336 1.0000280141830444336 1.0000280141830444336 1.000023961067199707 1.000023961067199707 1.000023961067199707 1.000023961067199707 1.000023961067199707 1.0000200271606445313 1.0000200271606445313 1.0000200271606445313 1.0000200271606445313 1.0000200271606445313 1.0000159740447998047 0 0
0 0 0 0 0 0 0 0.63173502683639526367 0.25114798545837402344 0.069678999483585357666 0.26629400253295898438 0.85731500387191772461 1.0000439882278442383 1.0000439882278442383 1.0000439882278442383 1.0000400543212890625 1.0000400543212890625 1.0000400543212890625 1.0000400543212890625 1.0000400543212890625 1.0000400543212890625 1.0000400543212890625 1.0000400543212890625 1.0000360012054443359 1.0000360012054443359 1.0000360012054443359 1.0000360012054443359 1.0000360012054443359 1.0000360012054443359 1.0000360012054443359 1.0000360012054443359 1.0000319480895996094 1.0000319480895996094 1.0000319480895996094 1.0000319480895996094 1.0000319480895996094 1.0000319480895996094 1.0000280141830444336 1.0000280141830444336 1.0000280141830444336 1.0000280141830444336 1.0000280141830444336 1.000023961067199707 1.000023961067199707 1.000023961067199707 1.000023961067199707 1.000023961067199707 1.0000200271606445313 1.0000200271606445313 1.0000200271606445313 1.0000200271606445313 1.0000200271606445313 0 0
0 0 0 0 0 0 0.38110899925231933594 0.99924498796463012695 0.56120902299880981445 0.55439400672912597656 0.84603399038314819336 0.97625100612640380859 1.0000439882278442383 1.0000439882278442383 1.0000439882278442383 1.0000439882278442383 1.0000439882278442383 1.0000439882278442383 1.0000400543212890625 1.0000400543212890625 1.0000400543212890625 1.0000400543212890625 1.0000400543212890625 1.0000400543212890625 1.0000400543212890625 1.0000400543212890625 1.0000360012054443359 1.0000360012054443359 1.0000360012054443359 1.0000360012054443359 1.0000360012054443359 1.0000360012054443359 1.0000360012054443359 1.0000319480895996094 1.0000319480895996094 1.0000319480895996094 1.0000319480895996094 1.0000319480895996094 1.0000319480895996094 1.0000280141830444336 1.0000280141830444336 1.0000280141830444336 1.0000280141830444336 1.0000280141830444336 1.000023961067199707 1.000023961067199707 1.000023961067199707 1.000023961067199707 1.000023961067199707 1.0000200271606445313 1.0000200271606445313 0.81613397598266601563 0 0
0 0 0 0 0 0.096516996622085571289 0.79058599472045898438 0.83967697620391845703 1.0000469684600830078 1.0000469684600830078 1.0000469684600830078 1.0000439882278442383 1.0000439882278442383 1.0000439882278442383 1.0000439882278442383 1.0000439882278442383 1.0000439882278442383 1.0000439882278442383 1.0000439882278442383 1.0000439882278442383 1.0000439882278442383 1.0000400543212890625 1.0000400543212890625 1.0000400543212890625 1.0000400543212890625 1.0000400543212890625 1.0000400543212890625 1.0000400543212890625 1.0000360012054443359 1.0000360012054443359 1.0000360012054443359 1.0000360012054443359 1.0000360012054443359 1.0000360012054443359 1.0000360012054443359 1.0000319480895996094 1.0000319480895996094 1.0000319480895996094 1.0000319480895996094 1.0000319480895996094 1.0000319480895996094 1.0000280141830444336 1.0000280141830444336 1.0000280141830444336 1.0000280141830444336 1.0000280141830444336 1.000023961067199707 1.000023961067199707 1.000023961067199707 1.000023961067199707 0.94788700342178344727 0.4105249941349029541 0 0
0 0 0 0 0 0.42595198750495910645 0.36939299106597900391 0.38453000783920288086 1.0000469684600830078 1.0000469684600830078 1.0000469684600830078 1.0000469684600830078 1.0000469684600830078 1.0000469684600830078 1.0000469684600830078 1.0000439882278442383 1.0000439882278442383 1.0000439882278442383 1.0000439882278442383 1.0000439882278442383 1.0000439882278442383 1.0000439882278442383 1.0000439882278442383 1.0000400543212890625 1.0000400543212890625 1.0000400543212890625 1.0000400543212890625 1.0000400543212890625 1.0000400543212890625 1.0000400543212890625 1.0000400543212890625 1.0000360012054443359 1.0000360012054443359 1.0000360012054443359 1.0000360012054443359 1.0000360012054443359 1.0000360012054443359 1.0000319480895996094 1.0000319480895996094 1.0000319480895996094 0.83708602190017700195 0.63889402151107788086 0.66341799497604370117 0.5948969721794128418 0.61184698343276977539 0.87093698978424072266 1.0000280141830444336 1.000023961067199707 1.000023961067199707 0.90849000215530395508 0.17820900678634643555 0 0 0
0 0 0 0 0 0.69532299041748046875 0.21376900374889373779 0.15528400242328643799 1.0000469684600830078 1.0000469684600830078 1.0000469684600830078 1.0000469684600830078 1.0000469684600830078 1.0000469684600830078 1.0000469684600830078 1.0000469684600830078 1.0000469684600830078 1.0000469684600830078 1.0000439882278442383 1.0000439882278442383 1.0000439882278442383 1.0000439882278442383 1.0000439882278442383 1.0000439882278442383 1.0000439882278442383 1.0000439882278442383 1.0000400543212890625 1.0000400543212890625 1.0000400543212890625 1.0000400543212890625 1.0000400543212890625 1.0000400543212890625 1.0000400543212890625 1.0000360012054443359 1.0000360012054443359 1.0000360012054443359 1.0000360012054443359 1.0000360012054443359 1.0000360012054443359 1.0000319480895996094 0.31303098797798156738 0 0 0 0 0.51769500970840454102 1.0000280141830444336 1.0000280141830444336 0.99950200319290161133 0.15214300155639648438 0 0 0 0
0 0 0 0 0 0.81395900249481201172 0.24641700088977813721 0.0033380000386387109756 0.89847099781036376953 1.0000510215759277344 1.0000510215759277344 1.0000469684600830078 1.0000469684600830078 1.0000469684600830078 1.0000469684600830078 1.0000469684600830078 1.0000469684600830078 1.0000469684600830078 1.0000469684600830078 1.0000469684600830078 1.0000469684600830078 1.0000439882278442383 1.0000439882278442383 1.0000439882278442383 1.0000439882278442383 1.0000439882278442383 1.0000439882278442383 1.0000439882278442383 1.0000400543212890625 1.0000400543212890625 1.0000400543212890625 1.0000400543212890625 1.0000400543212890625 1.0000400543212890625 1.0000400543212890625 1.0000360012054443359 1.0000360012054443359 1.0000360012054443359 1.0000360012054443359 1.0000360012054443359 0.59235399961471557617 0 0 0 0 0.790225982666015625 0.53421700000762939453 0.91567701101303100586 1.0000280141830444336 0.0095880003646016120911 0 0 0 0
0 0 0 0 0 0.84906697273254394531 0.32901498675346374512 0 0.18440400063991546631 0.64199501276016235352 0.85462099313735961914 1.0000510215759277344 1.0000510215759277344 1.0000510215759277344 1.0000510215759277344 1.0000469684600830078 1.0000469684600830078 1.0000469684600830078 1.0000469684600830078 1.0000469684600830078 1.0000469684600830078 1.0000469684600830078 1.0000469684600830078 1.0000469684600830078 1.0000439882278442383 1.0000439882278442383 1.0000439882278442383 1.0000439882278442383 1.0000439882278442383 1.0000439882278442383 1.0000439882278442383 1.0000400543212890625 1.0000400543212890625 1.0000400543212890625 1.0000400543212890625 1.0000400543212890625 1.0000400543212890625 1.0000360012054443359 1.0000360012054443359 1.0000360012054443359 0.74282002449035644531 0 0 0 0 0.25570899248123168945 0.00024900000425986945629 0.19114799797534942627 1.0000079870223999023 0.027165999636054039001 0 0 0 0
