data_processed/landuse/LU-SIA-Grid_2000-NATURAL-L.asc
ncols        168
nrows        136
xllcorner    455000.000000000000
yllcorner    2107000.000000000000
cellsize     500.000000000000
[rows 52 to 77 of 136, columns 59 to 117 of 168]
0.03243099898099899292 0.015283999964594841003 0 0 0.0060319998301565647125 0.023203000426292419434 0.0031920000910758972168 0.02036700025200843811 0.028657000511884689331 0.0077249999158084392548 0.12268300354480743408 0.089730001986026763916 0.3912149965763092041 0.93808501958847045898 1.0000590085983276367 1.0000590085983276367 0.99287199974060058594 0.83741897344589233398 0.71727198362350463867 0.96315497159957885742 0.31447100639343261719 0.021312000229954719543 0.01191399991512298584 0.039875000715255737305 0.036587998270988464355 0.85707700252532958984 1.0000629425048828125 0.78114402294158935547 0.48999500274658203125 0.83070200681686401367 1.0000629425048828125 1.0000629425048828125 1.0000629425048828125 1.0000629425048828125 0.95664000511169433594 0.34080299735069274902 0.020698999986052513123 0 0.0019900000188499689102 0 0 0 0 0 0 0 0.33555400371551513672 1.0000590085983276367 1.0000590085983276367 1.0000590085983276367 1.0000590085983276367 1.0000590085983276367 1.0000590085983276367 1.0000590085983276367 0.94331401586532592773 0 0 0 0
0.032937001436948776245 0.0065700002014636993408 0.00040700001409277319908 0.0064710001461207866669 0.011942000128328800201 0.029662000015377998352 0.12070100009441375732 0.022608999162912368774 0.036417998373508453369 0.052274998277425765991 0.016680000349879264832 0.26617500185966491699 0.97664302587509155273 1.0000629425048828125 1.0000629425048828125 0.76275098323822021484 0.15929800271987915039 0.53827100992202758789 0.1972790062427520752 0.030556000769138336182 0.0056369998492300510406 0.0093109998852014541626 0 0.036373998969793319702 0.19654299318790435791 0.99910998344421386719 1.0000629425048828125 1.0000629425048828125 1.0000629425048828125 1.0000629425048828125 1.0000629425048828125 1.0000629425048828125 1.0000629425048828125 0.91433298587799072266 0.16376000642776489258 0.02790199965238571167 0 0 0 0 0 0 0 0 0 0 0.26098901033401489258 1.0000629425048828125 1.0000629425048828125 1.0000629425048828125 1.0000629425048828125 1.0000629425048828125 1.0000590085983276367 0.70654398202896118164 0.26136100292205810547 0 0 0 0
0.014069999568164348602 0.012934000231325626373 0.021676000207662582397 0.045104000717401504517 0.015263999812304973602 0.095058001577854156494 0.11833900213241577148 0.0073890001513063907623 0.030833000317215919495 0.10042099654674530029 0.017859000712633132935 0.069122001528739929199 0.46306198835372924805 0.95602697134017944336 1.0000629425048828125 0.36437299847602844238 0.019899999722838401794 0.0062690000049769878387 0.46995601058006286621 0.027269000187516212463 0.020584000274538993835 0.013756999745965003967 0.022166000679135322571 0.0027610000688582658768 0.24408400058746337891 0.69961798191070556641 0.93872600793838500977 1.0000669956207275391 1.0000669956207275391 1.0000669956207275391 1.0000669956207275391 1.0000669956207275391 1.0000669956207275391 0.65157502889633178711 0.021609000861644744873 0.011091000400483608246 0 0 0 0 0 0 0 0 0 0 0.61308497190475463867 1.0000629425048828125 1.0000629425048828125 0.87579500675201416016 0.88315999507904052734 0.93647497892379760742 0.90074598789215087891 0.012783999554812908173 0 0 0 0 0
0.0023260000161826610565 0 0.00056600000243633985519 0 0.0011390000581741333008 0.20649500191211700439 0.26336601376533508301 0.018435999751091003418 0.0097070001065731048584 0.011056000366806983948 0.12051100283861160278 0.078947000205516815186 0.036754000931978225708 0.12435600161552429199 0.73897898197174072266 0.097763001918792724609 0.027569999918341636658 0 0 0.015873000025749206543 0.043616998940706253052 0.038244999945163726807 0.064988002181053161621 0.018571000546216964722 0.0059890002012252807617 0.015220999717712402344 0.012787999585270881653 0.24028199911117553711 0.49670699238777160645 0.79504799842834472656 0.99203801155090332031 1.0000669956207275391 1.0000669956207275391 0.57006102800369262695 0.024737000465393066406 0 0 0 0 0 0 0 0 0 0 0 0.082206003367900848389 0.80866998434066772461 0.71102601289749145508 0.01009400002658367157 0 0 0.00046300000394694507122 0 0 0 0 0 0
0.017209999263286590576 0 0 0 0.00091000000247731804848 0.19986200332641601563 0.025177000090479850769 0.021438999101519584656 0.016248999163508415222 0.0030219999607652425766 0.11157199740409851074 0.02660799957811832428 0.062564000487327575684 0.050071999430656433105 0.01185099966824054718 0.077100001275539398193 0.11489000171422958374 0.013155999593436717987 0.010983999818563461304 0 0 0 0.013958999887108802795 0.026429999619722366333 0.055039998143911361694 0 0.036405999213457107544 0.015549000352621078491 0.024441000074148178101 0.028317000716924667358 0.099969998002052307129 0.34152999520301818848 0.54334199428558349609 0.34153801202774047852 0 0 0 0 0 0 0 0 0 0 0 0 0 0.13544300198554992676 0.08223800361156463623 0 0 0.011695999652147293091 0.36322599649429321289 0 0 0 0 0 0
0.020948000252246856689 0 0 0 0.0079469997435808181763 0.0069579998962581157684 0 0.25273799896240234375 0.72251302003860473633 0.5189049839973449707 0.23565800487995147705 0.05203799903392791748 0.024690000340342521667 0.10265599936246871948 0.060676999390125274658 0.031948000192642211914 0 0 0.00073199998587369918823 0.016240999102592468262 0 0.005394999869167804718 0.0041260002180933952332 0.0075750001706182956696 0.027529999613761901855 0.017846999689936637878 0.062231000512838363647 0.0009019999997690320015 0.05429700016975402832 0.010842000134289264679 0.026960000395774841309 0.007993999868631362915 0.018752999603748321533 0.029199000447988510132 0 0 0 0 0 0 0 0 0 0 0 0 0 0 0 0 0.33806899189949035645 0.60017800331115722656 0.89070302248001098633 0.088013000786304473877 0 0 0 0 0
0 0 0 0.006901999935507774353 0.022815000265836715698 0.10586799681186676025 0.04298000037670135498 0.016300000250339508057 0.015122000128030776978 0.61285901069641113281 1.0000669956207275391 0.99843400716781616211 0.91621100902557373047 0.69666802883148193359 0.0244960002601146698 0.097617000341415405273 0.059870000928640365601 0 0 0 0 0.01380900014191865921 0.049810998141765594482 0.029128000140190124512 0 0.033867001533508300781 0.0078320000320672988892 0.065917998552322387695 0.030137000605463981628 0.0095049999654293060303 0.032683998346328735352 0.0098249996080994606018 0 0.10425399988889694214 0 0 0 0 0 0 0 0 0 0 0 0 0 0.030001999810338020325 0.53250002861022949219 0.18192000687122344971 0.098537996411323547363 0.61559200286865234375 0.99133402109146118164 0.8155879974365234375 0.13887600600719451904 0 0 0 0
0.016019999980926513672 0.01636400073766708374 0.003675000043585896492 0.018919000402092933655 0.036370001733303070068 0.006585999857634305954 0.025149000808596611023 0.019610999152064323425 0 0.033048000186681747437 0.24676899611949920654 0.38460099697113037109 0.98611599206924438477 0.72285699844360351563 0.0084570003673434257507 0.15351499617099761963 0.055759999901056289673 0.1108440011739730835 0.042284000664949417114 0 0.0080409999936819076538 0.0044140000827610492706 0.010462000034749507904 0.041437000036239624023 0.017751999199390411377 0.024764999747276306152 0 0.042429998517036437988 0 0.029194999486207962036 0.033973000943660736084 0.031674999743700027466 0.0098770000040531158447 0.01544999983161687851 0.011779000051319599152 0 0 0 0 0 0 0 0 0 0 0.0032430000137537717819 0 0.36675798892974853516 0.21301700174808502197 0.10308700054883956909 0.22941699624061584473 0.90729999542236328125 1.0000710487365722656 1.0000669956207275391 0.94694101810455322266 0.40692999958992004395 0.00225099991075694561 0 0
0.0087850000709295272827 0 0.021723000332713127136 0.037149999290704727173 0.035048998892307281494 0.023376999422907829285 0.037177000194787979126 0.1002039983868598938 0.14265400171279907227 0.10984700173139572144 0.22566699981689453125 0.0037020000163465738297 0.70132297277450561523 0.24580000340938568115 0 0.18786899745464324951 0 0.030789000913500785828 0.078060999512672424316 0.05427300184965133667 0.019354000687599182129 0.0083419997245073318481 0.03183399885892868042 0 0.033447001129388809204 0.021315999329090118408 0.066780000925064086914 0.028092000633478164673 0.010608999989926815033 0.02645000070333480835 0.0074439998716115951538 0.056044999510049819946 0.021443000063300132751 0.0061630001291632652283 0.011048000305891036987 0 0 0 0 0 0 0 0 0 0 0 0.0010049999691545963287 0.02645000070333480835 0 0 0 0.021588999778032302856 0.33136498928070068359 0.14923200011253356934 0.82460302114486694336 1.0000710487365722656 0.48586100339889526367 0 0
0.05036500096321105957 0.0037340000271797180176 0.0228550005704164505 0.029539000242948532104 0.056524001061916351318 0.020521000027656555176 0 0.016054999083280563354 0 0.022427000105381011963 0.13754299283027648926 0 0.067345999181270599365 0 0 0 0 0 0.0094929998740553855896 0.0090140001848340034485 0.0625 0.014414000324904918671 0.019251000136137008667 0.019907999783754348755 0.016212999820709228516 0 0.027083000168204307556 0.02232100069522857666 0.068231999874114990234 0.014357999898493289948 0.056416999548673629761 0.014658999629318714142 0 0.019176000729203224182 0.021331999450922012329 0.0031799999997019767761 0 0 0 0 0 0 0 0 0 0 0 0 0 0 0 0 0 0 0.060015998780727386475 0.19744899868965148926 0.2615349888801574707 0 0
0.011079000309109687805 0.021925000473856925964 0.041418001055717468262 0.051548000425100326538 0.043343998491764068604 0.039230000227689743042 0.031718999147415161133 0.018843999132513999939 0.0061110001988708972931 0.022284999489784240723 0.062313999980688095093 0.0063880002126097679138 0.073825001716613769531 0.092869997024536132813 0.0090779997408390045166 0.007265999913215637207 0 0 0.016869999468326568604 0.012294000014662742615 0.0078320000320672988892 0.19130599498748779297 0.045274000614881515503 0.025885000824928283691 0.00065300002461299300194 0.0014479999663308262825 0 0.010723000392317771912 0.026814000681042671204 0.025282999500632286072 0.069022998213768005371 0.0081960000097751617432 0.0078830001875758171082 0.012040000408887863159 0.0088290004059672355652 0.00015000000712461769581 0 0 0 0 0 0 0 0 0 0 0 0 0 0 0 0 0 0 0 0 0 0 0
0.03738300129771232605 0.0051339999772608280182 0.0017719999887049198151 0.032928999513387680054 0.025343000888824462891 0.021896999329328536987 0.048581000417470932007 0.066760003566741943359 0.020671000704169273376 0.095302999019622802734 0 0.0329569987952709198 0.072558999061584472656 0.042066000401973724365 0.011226000264286994934 0 0 0 0.49465399980545043945 0.79861199855804443359 0.44570100307464599609 0.85696297883987426758 0.32185599207878112793 0.089262999594211578369 0.099776998162269592285 0.0047470000572502613068 0.0021079999860376119614 0.024552000686526298523 0 0.033736001700162887573 0.017280999571084976196 0.024191999807953834534 0.020794000476598739624 0.020375000312924385071 0 0.00050600001122802495956 0 0 0 0 0 0 0 0 0 0 0 0 0 0 0 0 0 0 0 0 0 0 0
0.0019900000188499689102 0.013836000114679336548 0.00066800002241507172585 0.025919999927282333374 0.009318999946117401123 0 0 3.9999998989515006542e-05 0.0014949999749660491943 0.082950003445148468018 0.043095000088214874268 0.073971003293991088867 0.089602999389171600342 0.053573001176118850708 0.01552100013941526413 9.1000001702923327684e-05 0.13256700336933135986 0 0.83402901887893676758 1.000079035758972168 1.000079035758972168 1.000079035758972168 1.000079035758972168 0.30088800191879272461 0.22745099663734436035 0.23771899938583374023 0.09258200228214263916 0 0.028531000018119812012 0.0090030003339052200317 0.009464999660849571228 0 0.0077610001899302005768 0.015243999660015106201 0.014829000458121299744 0.0027290000580251216888 0 0 0 0 0 0 0 0 0 0 0 0 0 0 0 0 0 0 0 0 0 0 0
0 0 0 0.02653699927031993866 0.011265000328421592712 0.024069000035524368286 0 0 0 0.10586400330066680908 0.057610999792814254761 0.034538999199867248535 0.021700000390410423279 0.017193999141454696655 0.023115999996662139893 0.0086660003289580345154 0.014161000028252601624 0.089962996542453765869 0.98429697751998901367 1.000079035758972168 1.000079035758972168 1.000079035758972168 0.84144902229309082031 0.023324999958276748657 0.0086620002985000610352 0.090718999505043029785 0.063571996986865997314 0.10926999896764755249 0.064850002527236938477 0.0092479996383190155029 0.2770290076732635498 0.029807999730110168457 0.010615999810397624969 0 0 0.012304999865591526031 0.014263000339269638062 0 2.8000000384054146707e-05 0.0038050001021474599838 0 0 0.015110000036656856537 0 0 0 0 0 0 0 0 0 0 0 0 0 0 0 0
0.0020999999251216650009 0.004714999813586473465 0 0.066274002194404602051 0.057920001447200775146 0.073710002005100250244 0.052074000239372253418 0.052133001387119293213 0.047430001199245452881 0.060669001191854476929 0.015398999676108360291 0.03595500066876411438 0.017660999670624732971 0.0037660000380128622055 0.030572000890970230103 0.023336999118328094482 0 0.23820999264717102051 1.000079035758972168 1.000079035758972168 1.000079035758972168 1.000079035758972168 0.87050998210906982422 0.0039280001074075698853 0.011304999701678752899 0.0066570001654326915741 0.032556999474763870239 0.074343003332614898682 0.096631996333599090576 0.085180997848510742188 0.86284798383712768555 0.10751300305128097534 0.0071749999187886714935 0.0083779999986290931702 0.00033999999868683516979 0 0.00011899999663000926375 7.999999979801941663e-06 0 0 0 0.0051179998554289340973 0.021038999781012535095 0 0 0 0 0 0 0 0 0 0 0 0 0 0 0 0
0.0044180001132190227509 0.0050590001046657562256 0.0036979999858886003494 0.022972999140620231628 0.10429400205612182617 0.046029999852180480957 0 0.0025430000387132167816 0.02797299996018409729 0.0086899995803833007813 0.0041450001299381256104 0.01755000092089176178 0.01078699994832277298 0.0059529999271035194397 0 0.0011390000581741333008 0.057064998894929885864 0.22245900332927703857 0.70937997102737426758 0.84585201740264892578 0.91387397050857543945 1.0000829696655273438 0.74211198091506958008 0.0063519999384880065918 0 0.038961000740528106689 0.069334998726844787598 0.10274700075387954712 0.0020810000132769346237 0.13413000106811523438 0.19977499544620513916 0.030236000195145606995 0.026105999946594238281 0 0 0 0 0 0 0 0 0 0 0 0 0 0 0 0 0 0 0 0 0 0 0 0 0 0
0.026628000661730766296 0.0078750001266598701477 0.049130998551845550537 0.10757300257682800293 0.02239999920129776001 0.035606998950242996216 0 0.0064630000852048397064 0.02207900024950504303 0.0092080002650618553162 0 0.040119998157024383545 0 0 0 0.011942000128328800201 0.0018830000190064311028 0.022831000387668609619 0.15563599765300750732 0.065447002649307250977 0.3008410036563873291 1.0000829696655273438 0.56874799728393554688 0 0.0099360002204775810242 0.036947999149560928345 0 0 0.0041609997861087322235 0.064738996326923370361 0.19706499576568603516 0.17956200242042541504 0.024088999256491661072 0 0 0 0 0 0 0 0.0074999998323619365692 0 0 0 0 0 0 0 0 0 0 0 0 0 0 0 0 0 0
0.0664559975266456604 0.37421000003814697266 0.42226499319076538086 0.10002200305461883545 0.051702000200748443604 0.0074359998106956481934 0.0048690000548958778381 0.0096079995855689048767 0.015864999964833259583 0.0055499998852610588074 0 0 0.0063089998438954353333 0.006537999957799911499 0 0.096960000693798065186 0 0 0.10733500123023986816 0.03438499942421913147 0.32390099763870239258 1.0000829696655273438 0.48041498661041259766 0 0.042316000908613204956 0.029962999746203422546 0.025481000542640686035 0.00543100014328956604 0.0068029998801648616791 0.0082869995385408401489 0.0085829999297857284546 0.047350998967885971069 0.020228000357747077942 0 0 0 0 0 0 0.010778999887406826019 0.0095880003646016120911 0 0 0 0 0 0 0 0 0 0 0 0 0 0 0 0 0 0
0.027000000700354576111 0.81854301691055297852 0.51681697368621826172 0.019844999536871910095 0.032506000250577926636 0 0 0.021399000659584999084 0.0051420000381767749786 0 0 0.093891002237796783447 0 0.0024560000747442245483 0.0065580001100897789001 0.0071789999492466449738 0.01131699979305267334 0.026097999885678291321 0.067598998546600341797 0.024630999192595481873 0.14986099302768707275 0.39604100584983825684 0.27195799350738525391 0 0.00028099998598918318748 0 0 0.029574999585747718811 0.042576998472213745117 0.029970999807119369507 0.0047389999963343143463 0 0 0 0 0 0 0 0 0 0 0 0 0 0 0 0 0 0 0 0 0 0 0 0 0 0 0 0
0.26246500015258789063 0.84951102733612060547 0.28992700576782226563 0.086699999868869781494 0.13626199960708618164 0.14646700024604797363 0 0.0068589998409152030945 0.0050550000742077827454 0 0.2222770005464553833 0.037055000662803649902 0 0 0 0.00030499999411404132843 0.0073099997825920581818 0.050696998834609985352 0.16613300144672393799 0.14860700070858001709 0.34999901056289672852 0.13604800403118133545 0.067989997565746307373 0.041200000792741775513 0.0025279999244958162308 0.0063129998743534088135 0.0064429999329149723053 0.0039789997972548007965 0 0.015417999587953090668 0.028681000694632530212 0.0037140001077204942703 0 0 0 0 0 0 0 0 0 0 0 0 0 0 0 0 0 0 0 0 0 0 0 0 0 0 0
0.082502998411655426025 0.070866003632545471191 0.10944399982690811157 0.020465999841690063477 0.13665699958801269531 0.059581000357866287231 0 0.004765999969094991684 0.006091000046581029892 0.00036000000545755028725 0.12673300504684448242 0 0 0 0 0 0 0.032628998160362243652 0.04184100031852722168 3.9999999899009708315e-06 0.18844200670719146729 0.041441000998020172119 0.033491000533103942871 0.023407999426126480103 0.021596999838948249817 0.0049089998938143253326 0.0093740001320838928223 0 0 0 0 0 0 0 0 0 0 0 0 0 0 0 0 0 0 0 0 0 0 0 0 0.0193939991295337677 0 0 0 0 0 0 0
0.075810000300407409668 0.073844999074935913086 0.04531800001859664917 0.028198000043630599976 0.1471990048885345459 0.013282000087201595306 0.012930000200867652893 0.01310800015926361084 0.0064119999296963214874 0.0020999999251216650009 0.0035880000796169042587 0 0 0 0 0 0 0.021174000576138496399 0 0 0 0 0.004896999802440404892 0 0.026366999372839927673 0 0.0053909998387098312378 0 0 0 0 0 0 0 0 0 0 0 0 0 0 0 0 0 0 0 0 0 0 0 0.16034600138664245605 0.56277102231979370117 0 0 0 0 0 0 0
0.10803200304508209229 0.16695199906826019287 0.066427998244762420654 0.073634997010231018066 0.028411999344825744629 0 0.01002699974924325943 0.2310740053653717041 0.0055530001409351825714 0 0.029611000791192054749 0.27869400382041931152 0 0 0 0.0066809998825192451477 0.034788001328706741333 0.039696998894214630127 0 0 0 0 0 0 0 0 0 0 0 0 0 0 0 0 0 0 0 0 0 0 0 0 0 0 0 0 0 0 0 0 0.25918999314308166504 0.93534398078918457031 0.74091297388076782227 0.0091850003227591514587 0 0 0 0 0
0.020786000415682792664 0.11091899871826171875 0.28429898619651794434 0.13461999595165252686 0.076669000089168548584 0.058632001280784606934 0.081142000854015350342 0.21560800075531005859 0.10669899731874465942 0.0056289997883141040802 0 0.022522000595927238464 0 0 0 0 0.02383599989116191864 0.017751999199390411377 0 0 0 0 0 0 0 0 0 0 0 0 0 0 0 0 0 0 0 0 0 0 0 0.0037930000107735395432 0.0025390000082552433014 0 0 0 0 0 0 0 0.34154200553894042969 0.70715701580047607422 0.028016999363899230957 0 0 0 0 0 0
0 0.052524998784065246582 0.073183998465538024902 0.18924100697040557861 0.042615998536348342896 0.026494000107049942017 0.019788999110460281372 0.028055999428033828735 0.13329899311065673828 0.055601999163627624512 0.005078999791294336319 0.0011709999525919556618 0 0 0 0.0093630002811551094055 0.024002000689506530762 0 0.0017399999778717756271 0 0 0 0 0 0 0 0 0 0 0 0 0 0 0 0 0 0 0 0 0 0 0 0.011541999876499176025 0.0045610000379383563995 0 0 0 0 0 0 0.28809198737144470215 0.31760799884796142578 0 0 0 0 0 0 0
0.0014280000468716025352 0.033819001168012619019 0.075533002614974975586 0.036587998270988464355 0.068986997008323669434 0.42747101187705993652 0.02359399944543838501 0.097466997802257537842 0.087142996490001678467 0.20799000561237335205 0.10778199881315231323 0.0062139998190104961395 0.0060120001435279846191 0.0059890002012252807617 0.0061269998550415039063 0.012551000341773033142 0 0 0 0 0 0 0 0 0 0 0 0 0 0 0 0 0 0 0 0 0 0 0 0 0.0035560000687837600708 0.006091000046581029892 0 0.018364999443292617798 0 0 0.13861100375652313232 0.28240001201629638672 0 0 0 0 0 0 0 0 0 0 0
