data_processed/recharge/precip/Precip_1984_01.asc
ncols        168
nrows        136
xllcorner    455000
yllcorner    2107000
cellsize     500
NODATA_value     -99999
[rows 70 to 104 of 136, columns 79 to 157 of 168]
1.83 1.98 2.15 2.34 2.55 2.78 3.02 3.28 3.56 3.86 4.18 4.51 4.86 5.23 5.61 6.02 6.44 6.88 7.32 7.76 8.22 8.67 9.13 9.59 10.05 10.51 10.97 11.43 11.90 12.36 12.81 13.27 13.72 14.16 14.60 15.04 15.47 15.89 16.31 16.71 17.11 17.50 17.87 18.24 18.61 18.98 19.34 19.70 20.06 20.41 20.76 21.10 21.43 21.76 22.09 22.40 22.71 23.00 23.29 23.57 23.84 24.10 24.34 24.58 24.80 25.01 25.21 25.39 25.55 25.70 25.86 26.08 26.35 26.67 27.04 27.44 27.86 28.31 28.77
1.65 1.80 1.97 2.15 2.36 2.58 2.82 3.08 3.36 3.65 3.96 4.29 4.64 5.00 5.38 5.78 6.21 6.66 7.12 7.59 8.06 8.53 9.00 9.48 9.96 10.43 10.91 11.39 11.86 12.33 12.80 13.26 13.72 14.18 14.63 15.07 15.50 15.93 16.35 16.76 17.16 17.55 17.93 18.30 18.67 19.04 19.40 19.77 20.12 20.48 20.83 21.17 21.51 21.84 22.16 22.48 22.79 23.09 23.38 23.66 23.93 24.19 24.44 24.68 24.91 25.12 25.32 25.50 25.67 25.81 25.92 26.04 26.20 26.43 26.71 27.03 27.38 27.76 28.16
1.48 1.63 1.79 1.98 2.18 2.40 2.64 2.89 3.16 3.45 3.76 4.08 4.42 4.78 5.16 5.56 5.99 6.45 6.92 7.41 7.90 8.39 8.88 9.37 9.86 10.36 10.85 11.34 11.82 12.31 12.79 13.26 13.73 14.19 14.65 15.10 15.54 15.97 16.40 16.81 17.22 17.61 17.99 18.36 18.73 19.10 19.47 19.83 20.19 20.54 20.90 21.24 21.58 21.91 22.24 22.56 22.87 23.17 23.47 23.75 24.03 24.29 24.54 24.79 25.01 25.23 25.43 25.62 25.78 25.90 26.00 26.07 26.15 26.27 26.46 26.69 26.97 27.27 27.61
1.32 1.47 1.63 1.81 2.01 2.23 2.46 2.71 2.98 3.26 3.57 3.89 4.22 4.58 4.96 5.37 5.80 6.25 6.73 7.23 7.73 8.24 8.75 9.26 9.77 10.28 10.78 11.29 11.79 12.28 12.77 13.26 13.74 14.21 14.67 15.13 15.58 16.02 16.44 16.86 17.27 17.66 18.05 18.42 18.79 19.16 19.53 19.89 20.26 20.61 20.97 21.31 21.66 21.99 22.32 22.64 22.96 23.26 23.56 23.85 24.12 24.39 24.65 24.89 25.12 25.34 25.54 25.72 25.87 25.99 26.07 26.13 26.16 26.20 26.29 26.43 26.62 26.86 27.12
1.18 1.32 1.48 1.66 1.85 2.07 2.30 2.54 2.81 3.09 3.39 3.70 4.04 4.40 4.78 5.19 5.62 6.08 6.56 7.05 7.57 8.10 8.63 9.15 9.68 10.20 10.72 11.24 11.75 12.26 12.76 13.25 13.74 14.22 14.69 15.16 15.61 16.06 16.49 16.91 17.32 17.72 18.11 18.48 18.85 19.22 19.59 19.96 20.32 20.68 21.04 21.39 21.73 22.07 22.40 22.72 23.04 23.35 23.65 23.94 24.22 24.49 24.75 25.00 25.23 25.45 25.65 25.81 25.95 26.06 26.13 26.18 26.21 26.20 26.20 26.25 26.36 26.51 26.71
1.05 1.19 1.34 1.52 1.71 1.92 2.15 2.39 2.65 2.93 3.22 3.54 3.87 4.24 4.63 5.04 5.47 5.92 6.40 6.90 7.42 7.96 8.50 9.04 9.58 10.12 10.66 11.19 11.71 12.23 12.74 13.25 13.75 14.24 14.72 15.19 15.65 16.10 16.54 16.96 17.38 17.78 18.16 18.54 18.91 19.29 19.66 20.03 20.39 20.75 21.11 21.46 21.81 22.15 22.48 22.81 23.13 23.44 23.74 24.03 24.32 24.59 24.85 25.10 25.34 25.55 25.73 25.89 26.01 26.11 26.18 26.23 26.24 26.23 26.19 26.16 26.17 26.25 26.37
0.93 1.07 1.22 1.39 1.58 1.79 2.01 2.25 2.51 2.78 3.07 3.39 3.73 4.10 4.49 4.90 5.34 5.79 6.27 6.77 7.28 7.82 8.37 8.93 9.49 10.04 10.59 11.13 11.67 12.20 12.73 13.24 13.75 14.25 14.74 15.22 15.69 16.14 16.58 17.02 17.43 17.83 18.22 18.60 18.98 19.35 19.72 20.09 20.46 20.82 21.18 21.53 21.88 22.22 22.56 22.89 23.21 23.53 23.83 24.13 24.41 24.69 24.96 25.21 25.43 25.63 25.81 25.95 26.07 26.16 26.22 26.26 26.27 26.25 26.21 26.14 26.07 26.06 26.10
0.82 0.96 1.11 1.28 1.47 1.67 1.89 2.13 2.38 2.65 2.95 3.27 3.62 3.99 4.38 4.79 5.22 5.68 6.16 6.65 7.17 7.70 8.25 8.82 9.39 9.96 10.52 11.08 11.63 12.18 12.71 13.24 13.76 14.26 14.76 15.25 15.72 16.18 16.63 17.07 17.49 17.89 18.28 18.66 19.04 19.41 19.79 20.16 20.53 20.89 21.25 21.61 21.96 22.30 22.64 22.97 23.30 23.62 23.92 24.22 24.51 24.79 25.06 25.30 25.52 25.71 25.87 26.00 26.11 26.20 26.26 26.29 26.29 26.27 26.22 26.15 26.05 25.96 25.91
0.74 0.87 1.02 1.19 1.37 1.57 1.79 2.02 2.27 2.55 2.85 3.18 3.52 3.89 4.29 4.70 5.14 5.59 6.07 6.56 7.07 7.60 8.15 8.72 9.30 9.88 10.46 11.03 11.59 12.15 12.69 13.23 13.76 14.28 14.78 15.27 15.76 16.22 16.68 17.12 17.54 17.95 18.34 18.72 19.10 19.47 19.85 20.22 20.59 20.96 21.32 21.68 22.03 22.38 22.72 23.06 23.39 23.71 24.02 24.32 24.61 24.89 25.15 25.38 25.59 25.77 25.92 26.05 26.15 26.23 26.28 26.30 26.30 26.28 26.23 26.15 26.05 25.93 25.81
0.67 0.80 0.94 1.11 1.29 1.49 1.70 1.93 2.19 2.47 2.78 3.10 3.45 3.83 4.22 4.64 5.07 5.52 6.00 6.49 7.00 7.53 8.07 8.63 9.21 9.80 10.39 10.97 11.55 12.12 12.68 13.22 13.76 14.29 14.80 15.30 15.79 16.26 16.72 17.16 17.59 18.00 18.40 18.78 19.16 19.54 19.91 20.29 20.66 21.03 21.40 21.76 22.11 22.46 22.81 23.14 23.47 23.80 24.11 24.41 24.71 24.98 25.22 25.45 25.64 25.81 25.96 26.08 26.18 26.25 26.29 26.32 26.31 26.29 26.23 26.16 26.06 25.93 25.78
0.61 0.74 0.89 1.05 1.23 1.42 1.63 1.87 2.13 2.42 2.73 3.06 3.41 3.78 4.18 4.59 5.03 5.48 5.95 6.44 6.95 7.47 8.01 8.57 9.14 9.72 10.32 10.92 11.51 12.09 12.66 13.22 13.76 14.30 14.82 15.33 15.82 16.30 16.77 17.21 17.64 18.06 18.45 18.84 19.22 19.60 19.98 20.35 20.73 21.10 21.47 21.83 22.19 22.54 22.89 23.23 23.56 23.89 24.20 24.51 24.79 25.05 25.29 25.50 25.69 25.85 25.99 26.10 26.19 26.26 26.30 26.32 26.32 26.29 26.24 26.16 26.06 25.94 25.79
0.58 0.70 0.85 1.01 1.18 1.38 1.60 1.84 2.10 2.39 2.70 3.04 3.39 3.77 4.16 4.58 5.01 5.46 5.93 6.42 6.92 7.44 7.97 8.53 9.09 9.67 10.26 10.86 11.47 12.06 12.64 13.21 13.76 14.31 14.84 15.36 15.86 16.34 16.81 17.26 17.70 18.11 18.51 18.89 19.28 19.66 20.04 20.42 20.80 21.17 21.54 21.90 22.26 22.62 22.97 23.31 23.65 23.98 24.29 24.59 24.86 25.11 25.34 25.54 25.72 25.88 26.01 26.12 26.21 26.27 26.31 26.32 26.32 26.29 26.24 26.16 26.06 25.94 25.80
0.56 0.69 0.83 0.98 1.16 1.36 1.58 1.83 2.10 2.39 2.71 3.04 3.40 3.77 4.17 4.58 5.01 5.46 5.93 6.41 6.91 7.43 7.96 8.50 9.06 9.63 10.22 10.82 11.42 12.03 12.62 13.20 13.76 14.32 14.86 15.38 15.89 16.38 16.85 17.31 17.75 18.17 18.57 18.95 19.34 19.72 20.10 20.48 20.86 21.24 21.61 21.98 22.34 22.70 23.05 23.40 23.73 24.06 24.37 24.66 24.92 25.16 25.38 25.57 25.75 25.90 26.02 26.13 26.21 26.27 26.31 26.32 26.31 26.29 26.23 26.16 26.07 25.95 25.81
0.57 0.69 0.83 0.99 1.17 1.37 1.60 1.85 2.13 2.42 2.74 3.08 3.43 3.81 4.20 4.62 5.05 5.49 5.96 6.44 6.93 7.44 7.97 8.51 9.06 9.62 10.20 10.79 11.39 11.99 12.60 13.19 13.76 14.33 14.87 15.40 15.92 16.42 16.90 17.36 17.80 18.22 18.62 19.01 19.40 19.78 20.17 20.55 20.93 21.31 21.68 22.05 22.42 22.78 23.13 23.48 23.82 24.14 24.44 24.71 24.97 25.20 25.41 25.60 25.76 25.91 26.03 26.13 26.21 26.27 26.30 26.32 26.31 26.28 26.23 26.16 26.07 25.96 25.82
0.59 0.71 0.85 1.02 1.21 1.42 1.65 1.91 2.18 2.48 2.80 3.14 3.49 3.87 4.26 4.67 5.10 5.55 6.01 6.48 6.98 7.48 8.00 8.53 9.08 9.63 10.20 10.78 11.37 11.97 12.57 13.17 13.76 14.33 14.89 15.43 15.95 16.45 16.94 17.40 17.85 18.27 18.68 19.07 19.45 19.84 20.23 20.61 21.00 21.38 21.75 22.12 22.49 22.86 23.21 23.56 23.89 24.20 24.49 24.75 25.00 25.22 25.43 25.61 25.77 25.91 26.03 26.12 26.20 26.26 26.29 26.31 26.30 26.28 26.23 26.16 26.07 25.97 25.84
0.64 0.76 0.91 1.08 1.27 1.49 1.73 1.99 2.27 2.57 2.89 3.22 3.58 3.96 4.35 4.76 5.19 5.63 6.08 6.56 7.04 7.54 8.06 8.58 9.12 9.67 10.22 10.79 11.37 11.96 12.56 13.16 13.76 14.34 14.90 15.45 15.98 16.49 16.98 17.45 17.90 18.32 18.73 19.12 19.51 19.90 20.29 20.68 21.06 21.44 21.82 22.20 22.57 22.93 23.29 23.63 23.95 24.25 24.53 24.78 25.02 25.24 25.44 25.61 25.77 25.90 26.02 26.12 26.19 26.25 26.28 26.30 26.30 26.27 26.23 26.17 26.08 25.98 25.86
0.72 0.85 1.00 1.18 1.37 1.59 1.84 2.10 2.38 2.68 3.00 3.34 3.70 4.07 4.46 4.87 5.30 5.73 6.19 6.65 7.14 7.63 8.14 8.65 9.18 9.72 10.27 10.83 11.40 11.98 12.56 13.16 13.75 14.34 14.92 15.47 16.00 16.52 17.02 17.49 17.94 18.37 18.78 19.18 19.57 19.96 20.35 20.74 21.13 21.51 21.89 22.27 22.64 23.01 23.36 23.69 23.99 24.28 24.55 24.80 25.03 25.25 25.44 25.61 25.76 25.89 26.01 26.10 26.18 26.23 26.27 26.29 26.29 26.27 26.23 26.17 26.10 26.00 25.89
0.83 0.96 1.12 1.30 1.50 1.73 1.97 2.24 2.52 2.83 3.15 3.49 3.84 4.22 4.61 5.01 5.43 5.87 6.32 6.78 7.25 7.74 8.24 8.75 9.27 9.80 10.34 10.89 11.45 12.02 12.59 13.17 13.76 14.35 14.93 15.49 16.03 16.55 17.05 17.53 17.99 18.42 18.83 19.23 19.62 20.02 20.41 20.80 21.19 21.58 21.96 22.34 22.71 23.07 23.41 23.73 24.03 24.31 24.57 24.81 25.04 25.24 25.43 25.60 25.75 25.88 25.99 26.09 26.16 26.22 26.26 26.28 26.28 26.27 26.23 26.18 26.11 26.02 25.92
0.97 1.11 1.27 1.46 1.67 1.90 2.14 2.41 2.70 3.00 3.32 3.66 4.02 4.39 4.78 5.18 5.60 6.03 6.47 6.93 7.40 7.88 8.37 8.87 9.39 9.91 10.44 10.98 11.53 12.08 12.64 13.21 13.78 14.36 14.94 15.51 16.06 16.58 17.09 17.57 18.03 18.47 18.88 19.28 19.68 20.07 20.47 20.86 21.25 21.64 22.03 22.41 22.77 23.12 23.45 23.76 24.05 24.32 24.58 24.81 25.03 25.23 25.42 25.58 25.73 25.86 25.97 26.07 26.14 26.20 26.25 26.27 26.28 26.27 26.24 26.20 26.13 26.05 25.96
1.14 1.29 1.46 1.65 1.86 2.09 2.35 2.61 2.90 3.21 3.53 3.87 4.22 4.59 4.98 5.38 5.79 6.22 6.66 7.11 7.57 8.05 8.53 9.02 9.53 10.04 10.56 11.09 11.62 12.17 12.71 13.27 13.83 14.39 14.96 15.52 16.08 16.61 17.13 17.61 18.08 18.52 18.93 19.33 19.73 20.13 20.52 20.92 21.31 21.71 22.09 22.46 22.82 23.15 23.47 23.77 24.06 24.32 24.57 24.81 25.02 25.22 25.40 25.56 25.71 25.84 25.95 26.05 26.13 26.19 26.23 26.26 26.28 26.27 26.25 26.21 26.16 26.09 26.00
1.35 1.51 1.68 1.88 2.09 2.33 2.58 2.85 3.14 3.44 3.77 4.10 4.46 4.83 5.21 5.60 6.01 6.44 6.87 7.32 7.77 8.24 8.71 9.20 9.69 10.20 10.71 11.22 11.75 12.28 12.81 13.35 13.90 14.44 14.99 15.55 16.10 16.64 17.16 17.65 18.12 18.56 18.98 19.38 19.78 20.18 20.58 20.98 21.37 21.77 22.14 22.50 22.85 23.18 23.49 23.78 24.06 24.32 24.56 24.79 25.00 25.20 25.38 25.54 25.68 25.81 25.93 26.03 26.11 26.17 26.22 26.26 26.28 26.28 26.27 26.24 26.19 26.14 26.06
1.60 1.76 1.94 2.14 2.35 2.59 2.85 3.12 3.41 3.71 4.04 4.37 4.72 5.09 5.47 5.86 6.27 6.68 7.11 7.55 8.00 8.46 8.93 9.40 9.89 10.38 10.88 11.38 11.90 12.41 12.93 13.46 13.99 14.52 15.06 15.59 16.13 16.67 17.19 17.69 18.16 18.61 19.03 19.43 19.83 20.23 20.63 21.04 21.43 21.81 22.18 22.53 22.87 23.19 23.49 23.78 24.05 24.30 24.54 24.77 24.98 25.17 25.35 25.51 25.66 25.79 25.90 26.01 26.09 26.16 26.22 26.26 26.28 26.29 26.29 26.27 26.24 26.19 26.13
1.88 2.04 2.23 2.43 2.65 2.89 3.15 3.42 3.71 4.02 4.34 4.67 5.02 5.38 5.76 6.15 6.55 6.96 7.38 7.81 8.26 8.71 9.17 9.63 10.11 10.59 11.08 11.57 12.07 12.57 13.08 13.59 14.11 14.62 15.14 15.66 16.18 16.70 17.22 17.72 18.20 18.65 19.07 19.48 19.88 20.28 20.69 21.09 21.48 21.85 22.21 22.55 22.87 23.19 23.48 23.76 24.03 24.28 24.52 24.74 24.95 25.14 25.32 25.48 25.63 25.76 25.88 25.98 26.08 26.15 26.21 26.26 26.29 26.31 26.32 26.31 26.29 26.25 26.20
2.20 2.37 2.55 2.76 2.98 3.22 3.48 3.76 4.05 4.35 4.67 5.00 5.35 5.71 6.08 6.47 6.86 7.27 7.68 8.11 8.54 8.98 9.43 9.89 10.36 10.83 11.30 11.79 12.27 12.76 13.25 13.75 14.25 14.75 15.25 15.75 16.26 16.76 17.26 17.76 18.24 18.69 19.11 19.52 19.93 20.33 20.74 21.13 21.51 21.87 22.22 22.55 22.87 23.17 23.47 23.74 24.00 24.25 24.49 24.71 24.91 25.10 25.28 25.45 25.60 25.73 25.86 25.97 26.06 26.14 26.21 26.27 26.31 26.34 26.36 26.36 26.35 26.32 26.29
2.55 2.72 2.92 3.12 3.35 3.59 3.85 4.13 4.42 4.72 5.04 5.37 5.71 6.07 6.44 6.82 7.20 7.60 8.01 8.43 8.86 9.29 9.73 10.18 10.63 11.09 11.56 12.03 12.50 12.98 13.45 13.94 14.42 14.90 15.39 15.87 16.36 16.84 17.32 17.80 18.27 18.73 19.16 19.57 19.97 20.38 20.77 21.15 21.52 21.88 22.22 22.54 22.86 23.15 23.44 23.71 23.97 24.22 24.45 24.67 24.87 25.07 25.25 25.41 25.57 25.71 25.83 25.95 26.05 26.14 26.22 26.28 26.33 26.37 26.40 26.41 26.42 26.41 26.38
2.94 3.12 3.31 3.53 3.75 4.00 4.26 4.53 4.82 5.12 5.44 5.77 6.11 6.46 6.82 7.20 7.58 7.97 8.38 8.79 9.20 9.63 10.06 10.50 10.94 11.39 11.84 12.30 12.75 13.22 13.68 14.15 14.61 15.08 15.55 16.01 16.48 16.94 17.40 17.86 18.32 18.77 19.20 19.61 20.01 20.41 20.80 21.17 21.53 21.87 22.20 22.52 22.83 23.13 23.41 23.68 23.93 24.18 24.41 24.63 24.83 25.03 25.21 25.38 25.54 25.68 25.82 25.94 26.05 26.14 26.23 26.30 26.37 26.42 26.45 26.48 26.50 26.50 26.49
3.37 3.55 3.75 3.96 4.19 4.44 4.70 4.97 5.26 5.56 5.87 6.20 6.54 6.88 7.24 7.61 7.99 8.37 8.77 9.17 9.58 9.99 10.42 10.84 11.27 11.71 12.15 12.59 13.04 13.48 13.93 14.38 14.83 15.28 15.73 16.18 16.63 17.07 17.51 17.95 18.38 18.81 19.23 19.64 20.04 20.43 20.80 21.17 21.52 21.86 22.18 22.50 22.80 23.09 23.37 23.63 23.89 24.13 24.36 24.58 24.79 24.99 25.17 25.35 25.51 25.66 25.80 25.93 26.05 26.15 26.25 26.33 26.40 26.47 26.52 26.56 26.59 26.61 26.62
3.84 4.02 4.22 4.43 4.67 4.91 5.17 5.45 5.73 6.03 6.34 6.66 7.00 7.34 7.69 8.06 8.43 8.81 9.19 9.59 9.99 10.39 10.80 11.22 11.64 12.06 12.49 12.92 13.35 13.78 14.22 14.65 15.08 15.52 15.95 16.38 16.80 17.23 17.65 18.06 18.48 18.88 19.28 19.67 20.06 20.44 20.80 21.16 21.50 21.83 22.15 22.46 22.76 23.05 23.32 23.59 23.84 24.08 24.32 24.54 24.75 24.95 25.14 25.32 25.48 25.64 25.79 25.92 26.05 26.17 26.27 26.37 26.45 26.53 26.59 26.65 26.69 26.73 26.76
4.32 4.51 4.71 4.93 5.16 5.41 5.67 5.94 6.23 6.52 6.83 7.15 7.48 7.82 8.17 8.53 8.89 9.26 9.64 10.03 10.42 10.82 11.22 11.62 12.03 12.44 12.86 13.27 13.69 14.11 14.53 14.94 15.36 15.78 16.19 16.60 17.01 17.41 17.81 18.21 18.60 18.98 19.34 19.70 20.07 20.44 20.80 21.14 21.48 21.81 22.12 22.43 22.72 23.01 23.28 23.54 23.80 24.04 24.27 24.50 24.71 24.91 25.11 25.29 25.47 25.63 25.78 25.93 26.07 26.19 26.31 26.42 26.51 26.60 26.68 26.75 26.81 26.87 26.91
4.82 5.01 5.22 5.44 5.67 5.92 6.18 6.46 6.74 7.04 7.34 7.66 7.99 8.32 8.67 9.02 9.38 9.74 10.12 10.49 10.88 11.26 11.66 12.05 12.45 12.85 13.25 13.65 14.06 14.46 14.87 15.27 15.67 16.07 16.46 16.86 17.25 17.63 18.01 18.39 18.75 19.10 19.43 19.75 20.09 20.44 20.79 21.13 21.46 21.78 22.09 22.39 22.69 22.97 23.24 23.50 23.76 24.00 24.24 24.46 24.68 24.89 25.09 25.28 25.46 25.63 25.79 25.95 26.09 26.23 26.36 26.48 26.59 26.69 26.79 26.87 26.95 27.02 27.08
5.34 5.53 5.74 5.97 6.20 6.45 6.72 6.99 7.27 7.57 7.88 8.19 8.51 8.85 9.19 9.53 9.89 10.25 10.61 10.98 11.36 11.74 12.12 12.50 12.89 13.28 13.67 14.06 14.45 14.84 15.23 15.62 16.01 16.39 16.77 17.14 17.51 17.88 18.24 18.59 18.93 19.24 19.53 19.82 20.13 20.45 20.79 21.12 21.44 21.76 22.07 22.37 22.66 22.94 23.21 23.47 23.73 23.97 24.21 24.44 24.66 24.87 25.08 25.27 25.46 25.64 25.82 25.98 26.14 26.28 26.43 26.56 26.68 26.80 26.91 27.01 27.11 27.20 27.28
5.87 6.07 6.28 6.51 6.75 7.00 7.27 7.54 7.83 8.12 8.42 8.74 9.06 9.39 9.72 10.07 10.42 10.77 11.13 11.49 11.86 12.23 12.61 12.98 13.36 13.74 14.12 14.49 14.87 15.25 15.62 16.00 16.37 16.73 17.10 17.45 17.81 18.16 18.49 18.81 19.11 19.39 19.65 19.91 20.18 20.48 20.79 21.12 21.43 21.75 22.05 22.35 22.63 22.91 23.19 23.45 23.71 23.95 24.20 24.43 24.65 24.87 25.08 25.29 25.48 25.67 25.85 26.03 26.20 26.36 26.51 26.66 26.80 26.93 27.06 27.17 27.29 27.39 27.49
6.41 6.62 6.84 7.07 7.31 7.57 7.83 8.11 8.39 8.69 8.99 9.30 9.62 9.95 10.28 10.62 10.97 11.31 11.67 12.02 12.38 12.75 13.11 13.48 13.85 14.21 14.58 14.95 15.31 15.68 16.04 16.40 16.75 17.11 17.45 17.79 18.13 18.45 18.76 19.05 19.32 19.56 19.79 20.01 20.26 20.53 20.82 21.12 21.43 21.74 22.04 22.34 22.62 22.90 23.17 23.44 23.70 23.95 24.20 24.43 24.66 24.89 25.11 25.32 25.52 25.72 25.91 26.10 26.28 26.45 26.62 26.78 26.93 27.08 27.22 27.36 27.49 27.62 27.74
6.97 7.18 7.41 7.64 7.89 8.14 8.41 8.69 8.98 9.27 9.57 9.88 10.20 10.53 10.86 11.19 11.53 11.88 12.22 12.57 12.93 13.28 13.64 14.00 14.36 14.71 15.07 15.43 15.78 16.13 16.48 16.82 17.16 17.50 17.83 18.16 18.47 18.77 19.04 19.30 19.53 19.75 19.94 20.13 20.35 20.60 20.87 21.15 21.45 21.75 22.05 22.34 22.63 22.91 23.18 23.45 23.71 23.96 24.21 24.46 24.69 24.92 25.15 25.37 25.58 25.79 25.99 26.19 26.38 26.57 26.75 26.93 27.10 27.26 27.42 27.57 27.72 27.87 28.01
7.54 7.76 7.98 8.22 8.47 8.73 9.01 9.28 9.57 9.87 10.17 10.48 10.80 11.12 11.45 11.78 12.12 12.45 12.80 13.14 13.49 13.84 14.19 14.54 14.88 15.23 15.58 15.92 16.27 16.61 16.94 17.27 17.60 17.92 18.23 18.54 18.83 19.09 19.34 19.56 19.76 19.94 20.11 20.27 20.46 20.69 20.93 21.20 21.48 21.77 22.07 22.36 22.65 22.93 23.20 23.47 23.74 24.00 24.25 24.50 24.74 24.98 25.21 25.44 25.67 25.89 26.10 26.31 26.51 26.71 26.91 27.10 27.29 27.47 27.64 27.82 27.99 28.15 28.31
