data_processed/recharge/precip/Precip_2002_08.asc
ncols        168
nrows        136
xllcorner    455000
yllcorner    2107000
cellsize     500
NODATA_value     -99999
[rows 99 to 131 of 136, columns 74 to 147 of 168]
110.00 108.36 106.95 105.77 104.73 103.71 102.71 101.73 100.76 99.82 98.88 97.93 96.97 96.01 95.04 94.07 93.10 92.14 91.19 90.25 89.32 88.42 87.53 86.68 85.85 85.05 84.29 83.57 82.89 82.26 81.67 81.14 80.66 80.24 79.88 79.59 79.36 79.21 79.13 79.14 79.22 79.38 79.64 79.99 80.43 80.97 81.61 82.36 83.21 84.18 85.26 86.45 87.77 89.22 90.79 92.49 94.28 96.10 97.93 99.77 101.60 103.43 105.24 107.06 108.89 110.74 112.63 114.56 116.51 118.43 120.31 122.16 123.98 125.75
111.17 109.49 108.03 106.81 105.72 104.67 103.62 102.60 101.60 100.62 99.67 98.73 97.78 96.83 95.87 94.91 93.95 93.00 92.06 91.13 90.22 89.33 88.46 87.62 86.80 86.02 85.27 84.56 83.90 83.28 82.71 82.19 81.72 81.32 80.97 80.70 80.49 80.35 80.29 80.31 80.40 80.59 80.86 81.22 81.68 82.24 82.90 83.66 84.53 85.52 86.61 87.83 89.17 90.63 92.21 93.89 95.60 97.33 99.06 100.80 102.53 104.24 105.94 107.64 109.34 111.07 112.82 114.61 116.45 118.31 120.14 121.94 123.71 125.44
112.35 110.62 109.12 107.85 106.72 105.62 104.53 103.47 102.43 101.42 100.43 99.48 98.54 97.60 96.66 95.71 94.77 93.83 92.91 91.99 91.10 90.22 89.36 88.54 87.74 86.97 86.24 85.55 84.90 84.29 83.74 83.24 82.79 82.40 82.07 81.81 81.62 81.50 81.46 81.49 81.61 81.81 82.10 82.49 82.96 83.54 84.22 85.00 85.89 86.89 88.01 89.25 90.61 92.08 93.65 95.26 96.89 98.52 100.16 101.80 103.42 105.03 106.62 108.21 109.79 111.40 113.02 114.68 116.38 118.13 119.90 121.66 123.38 125.07
113.53 111.76 110.21 108.89 107.72 106.57 105.44 104.33 103.26 102.21 101.19 100.20 99.25 98.32 97.40 96.47 95.54 94.62 93.71 92.82 91.94 91.08 90.24 89.43 88.65 87.90 87.18 86.51 85.88 85.29 84.76 84.27 83.85 83.48 83.17 82.93 82.76 82.66 82.64 82.69 82.83 83.05 83.36 83.77 84.27 84.86 85.56 86.37 87.28 88.30 89.44 90.70 92.08 93.55 95.05 96.58 98.13 99.68 101.23 102.77 104.30 105.81 107.29 108.77 110.24 111.73 113.23 114.75 116.32 117.93 119.60 121.30 122.98 124.62
114.71 112.89 111.30 109.93 108.70 107.51 106.34 105.19 104.07 102.98 101.93 100.91 99.93 98.99 98.08 97.17 96.26 95.36 94.47 93.59 92.73 91.89 91.07 90.28 89.52 88.79 88.10 87.45 86.84 86.27 85.76 85.29 84.89 84.54 84.26 84.04 83.89 83.81 83.81 83.89 84.05 84.29 84.63 85.06 85.58 86.20 86.92 87.75 88.69 89.74 90.90 92.18 93.55 94.97 96.40 97.86 99.32 100.79 102.26 103.72 105.15 106.57 107.95 109.33 110.69 112.06 113.44 114.84 116.28 117.76 119.29 120.88 122.51 124.12
115.89 114.02 112.38 110.96 109.68 108.44 107.22 106.03 104.87 103.74 102.65 101.60 100.59 99.62 98.70 97.80 96.92 96.04 95.17 94.31 93.48 92.66 91.86 91.09 90.35 89.65 88.98 88.34 87.76 87.22 86.73 86.29 85.90 85.58 85.32 85.13 85.00 84.95 84.97 85.08 85.26 85.53 85.89 86.34 86.89 87.54 88.29 89.14 90.11 91.18 92.37 93.65 94.97 96.33 97.70 99.09 100.48 101.88 103.26 104.64 105.99 107.31 108.60 109.87 111.14 112.39 113.66 114.95 116.26 117.61 119.01 120.47 121.98 123.54
117.05 115.14 113.45 111.98 110.65 109.36 108.09 106.85 105.65 104.48 103.35 102.27 101.22 100.22 99.27 98.37 97.50 96.65 95.80 94.97 94.16 93.36 92.59 91.85 91.13 90.45 89.80 89.20 88.64 88.12 87.66 87.24 86.89 86.59 86.36 86.19 86.09 86.06 86.11 86.24 86.46 86.76 87.14 87.62 88.20 88.88 89.65 90.54 91.53 92.63 93.83 95.06 96.33 97.63 98.94 100.27 101.60 102.92 104.23 105.53 106.80 108.04 109.24 110.42 111.58 112.74 113.89 115.07 116.26 117.49 118.76 120.08 121.46 122.92
118.21 116.25 114.50 112.98 111.60 110.25 108.94 107.66 106.41 105.20 104.03 102.91 101.83 100.80 99.81 98.89 98.02 97.18 96.36 95.56 94.77 94.00 93.25 92.54 91.85 91.19 90.58 90.00 89.46 88.98 88.54 88.15 87.83 87.56 87.35 87.21 87.14 87.15 87.23 87.39 87.63 87.96 88.38 88.89 89.49 90.20 91.01 91.92 92.95 94.05 95.21 96.41 97.63 98.88 100.14 101.40 102.67 103.93 105.17 106.40 107.59 108.75 109.87 110.96 112.02 113.08 114.14 115.20 116.28 117.39 118.54 119.73 120.98 122.30
119.34 117.33 115.53 113.96 112.52 111.13 109.76 108.43 107.14 105.89 104.68 103.52 102.40 101.34 100.32 99.37 98.47 97.63 96.84 96.06 95.30 94.56 93.84 93.15 92.49 91.87 91.28 90.73 90.23 89.77 89.36 89.01 88.71 88.47 88.30 88.19 88.16 88.19 88.30 88.49 88.77 89.13 89.58 90.12 90.76 91.50 92.34 93.29 94.32 95.41 96.53 97.69 98.87 100.07 101.28 102.50 103.71 104.90 106.09 107.24 108.36 109.45 110.49 111.49 112.47 113.43 114.39 115.35 116.32 117.32 118.34 119.41 120.54 121.72
120.46 118.40 116.55 114.91 113.42 111.97 110.56 109.18 107.84 106.55 105.30 104.09 102.94 101.84 100.80 99.81 98.88 98.02 97.22 96.47 95.74 95.03 94.35 93.69 93.06 92.47 91.91 91.40 90.92 90.50 90.12 89.80 89.54 89.33 89.19 89.12 89.11 89.18 89.33 89.56 89.86 90.26 90.74 91.32 92.00 92.77 93.65 94.61 95.63 96.69 97.78 98.91 100.05 101.21 102.38 103.54 104.70 105.85 106.97 108.06 109.12 110.13 111.09 112.02 112.92 113.79 114.65 115.51 116.38 117.27 118.18 119.13 120.13 121.19
121.55 119.43 117.53 115.84 114.29 112.79 111.33 109.90 108.51 107.17 105.88 104.63 103.44 102.30 101.23 100.21 99.25 98.36 97.54 96.79 96.09 95.41 94.76 94.14 93.54 92.98 92.46 91.98 91.54 91.15 90.81 90.52 90.30 90.13 90.02 89.98 90.01 90.12 90.30 90.56 90.91 91.34 91.86 92.48 93.19 94.00 94.90 95.85 96.85 97.89 98.96 100.06 101.17 102.30 103.42 104.55 105.66 106.75 107.82 108.85 109.85 110.80 111.69 112.55 113.36 114.15 114.93 115.69 116.46 117.25 118.05 118.89 119.77 120.70
122.62 120.44 118.48 116.74 115.13 113.57 112.06 110.58 109.14 107.76 106.42 105.13 103.90 102.72 101.61 100.56 99.57 98.65 97.81 97.03 96.33 95.69 95.07 94.48 93.93 93.40 92.92 92.47 92.07 91.72 91.41 91.17 90.97 90.84 90.78 90.77 90.84 90.99 91.21 91.51 91.89 92.37 92.93 93.58 94.33 95.17 96.06 97.01 98.00 99.02 100.07 101.15 102.23 103.33 104.42 105.51 106.58 107.62 108.64 109.63 110.56 111.45 112.29 113.07 113.81 114.52 115.21 115.89 116.57 117.25 117.96 118.69 119.45 120.27
123.65 121.42 119.40 117.60 115.93 114.32 112.75 111.21 109.73 108.30 106.91 105.58 104.31 103.10 101.95 100.86 99.84 98.89 98.02 97.22 96.50 95.86 95.27 94.72 94.20 93.72 93.27 92.87 92.50 92.19 91.93 91.72 91.57 91.47 91.45 91.49 91.60 91.78 92.04 92.38 92.81 93.32 93.93 94.62 95.40 96.24 97.14 98.08 99.07 100.08 101.12 102.17 103.24 104.31 105.37 106.42 107.46 108.46 109.44 110.37 111.26 112.09 112.87 113.59 114.26 114.90 115.51 116.11 116.69 117.29 117.89 118.52 119.18 119.88
124.64 122.36 120.28 118.42 116.69 115.02 113.39 111.81 110.27 108.79 107.36 105.98 104.67 103.42 102.23 101.11 100.05 99.08 98.17 97.35 96.60 95.94 95.36 94.84 94.37 93.92 93.52 93.15 92.83 92.56 92.34 92.17 92.06 92.01 92.03 92.11 92.26 92.49 92.79 93.18 93.65 94.20 94.85 95.58 96.38 97.23 98.13 99.08 100.06 101.06 102.09 103.13 104.18 105.23 106.27 107.30 108.30 109.27 110.21 111.10 111.94 112.72 113.44 114.10 114.71 115.28 115.82 116.34 116.84 117.35 117.86 118.39 118.94 119.54
125.60 123.26 121.12 119.19 117.41 115.68 113.99 112.35 110.76 109.23 107.75 106.33 104.97 103.68 102.45 101.29 100.21 99.20 98.26 97.41 96.64 95.95 95.36 94.85 94.41 94.01 93.64 93.32 93.05 92.82 92.64 92.52 92.45 92.45 92.51 92.63 92.83 93.10 93.45 93.88 94.40 95.00 95.69 96.44 97.25 98.12 99.03 99.98 100.97 101.98 103.00 104.03 105.07 106.10 107.12 108.13 109.10 110.05 110.95 111.80 112.60 113.34 114.01 114.62 115.17 115.68 116.15 116.59 117.02 117.44 117.86 118.30 118.75 119.24
126.51 124.11 121.91 119.92 118.07 116.28 114.54 112.84 111.20 109.62 108.09 106.62 105.22 103.88 102.62 101.42 100.30 99.25 98.29 97.41 96.61 95.90 95.28 94.75 94.32 93.96 93.64 93.37 93.14 92.95 92.82 92.75 92.73 92.77 92.88 93.05 93.30 93.62 94.01 94.49 95.06 95.70 96.42 97.20 98.03 98.92 99.85 100.81 101.80 102.82 103.84 104.87 105.90 106.93 107.93 108.92 109.87 110.79 111.66 112.49 113.25 113.95 114.58 115.13 115.63 116.08 116.48 116.86 117.21 117.55 117.89 118.24 118.61 119.00
127.38 124.91 122.65 120.60 118.69 116.83 115.03 113.28 111.58 109.95 108.37 106.85 105.41 104.03 102.72 101.48 100.32 99.24 98.25 97.33 96.51 95.77 95.13 94.58 94.13 93.78 93.50 93.28 93.10 92.96 92.88 92.85 92.88 92.97 93.13 93.35 93.65 94.02 94.47 94.99 95.60 96.29 97.04 97.85 98.72 99.63 100.58 101.56 102.56 103.58 104.62 105.65 106.68 107.70 108.69 109.67 110.60 111.50 112.35 113.15 113.88 114.55 115.13 115.65 116.10 116.49 116.84 117.15 117.43 117.70 117.96 118.23 118.51 118.80
128.19 125.66 123.34 121.22 119.25 117.33 115.47 113.66 111.90 110.21 108.58 107.02 105.52 104.10 102.75 101.47 100.27 99.16 98.13 97.18 96.33 95.57 94.90 94.33 93.86 93.49 93.23 93.04 92.91 92.83 92.80 92.82 92.90 93.05 93.25 93.53 93.88 94.30 94.80 95.38 96.04 96.77 97.56 98.41 99.31 100.25 101.22 102.22 103.25 104.28 105.32 106.37 107.40 108.42 109.41 110.37 111.30 112.18 113.02 113.79 114.50 115.13 115.68 116.16 116.56 116.91 117.20 117.46 117.68 117.88 118.07 118.25 118.45 118.66
128.95 126.35 123.96 121.78 119.74 117.76 115.84 113.97 112.16 110.41 108.73 107.12 105.57 104.10 102.70 101.39 100.15 99.00 97.93 96.96 96.07 95.28 94.59 93.99 93.50 93.12 92.84 92.67 92.58 92.55 92.57 92.65 92.78 92.98 93.24 93.57 93.97 94.45 95.01 95.64 96.36 97.13 97.97 98.86 99.80 100.77 101.78 102.81 103.85 104.91 105.97 107.02 108.06 109.08 110.08 111.04 111.96 112.84 113.65 114.41 115.10 115.71 116.23 116.67 117.04 117.34 117.59 117.79 117.95 118.09 118.21 118.32 118.44 118.57
129.64 126.99 124.53 122.28 120.17 118.13 116.14 114.21 112.34 110.54 108.80 107.14 105.54 104.03 102.59 101.23 99.95 98.76 97.66 96.65 95.73 94.91 94.19 93.57 93.06 92.65 92.35 92.17 92.10 92.12 92.19 92.33 92.52 92.77 93.09 93.47 93.93 94.47 95.09 95.79 96.56 97.39 98.28 99.22 100.20 101.21 102.25 103.31 104.39 105.47 106.55 107.62 108.67 109.70 110.71 111.67 112.59 113.46 114.27 115.01 115.68 116.27 116.77 117.19 117.52 117.78 117.98 118.14 118.25 118.33 118.38 118.43 118.47 118.52
130.28 127.55 125.03 122.71 120.54 118.43 116.37 114.38 112.46 110.60 108.80 107.09 105.44 103.87 102.39 100.98 99.66 98.43 97.30 96.25 95.30 94.45 93.70 93.06 92.52 92.09 91.77 91.57 91.49 91.52 91.65 91.84 92.09 92.40 92.78 93.22 93.75 94.36 95.05 95.82 96.65 97.54 98.48 99.47 100.50 101.56 102.64 103.74 104.85 105.96 107.06 108.16 109.23 110.28 111.29 112.26 113.18 114.05 114.86 115.59 116.25 116.83 117.31 117.70 118.01 118.24 118.40 118.51 118.57 118.60 118.60 118.58 118.55 118.53
130.84 128.05 125.46 123.07 120.83 118.65 116.53 114.48 112.49 110.57 108.72 106.95 105.25 103.64 102.10 100.65 99.29 98.02 96.84 95.76 94.78 93.90 93.12 92.45 91.88 91.43 91.09 90.88 90.78 90.80 90.94 91.19 91.50 91.87 92.31 92.82 93.43 94.12 94.88 95.72 96.62 97.58 98.58 99.63 100.71 101.82 102.95 104.09 105.23 106.38 107.51 108.63 109.73 110.80 111.83 112.81 113.74 114.62 115.43 116.16 116.81 117.38 117.85 118.22 118.50 118.70 118.83 118.90 118.92 118.90 118.84 118.77 118.68 118.59
131.34 128.48 125.82 123.36 121.05 118.80 116.61 114.49 112.44 110.47 108.56 106.73 104.98 103.32 101.73 100.24 98.83 97.52 96.30 95.18 94.16 93.25 92.44 91.74 91.15 90.67 90.31 90.07 89.96 89.97 90.10 90.36 90.73 91.17 91.68 92.28 92.97 93.75 94.60 95.51 96.48 97.51 98.58 99.69 100.83 101.99 103.17 104.35 105.54 106.73 107.90 109.05 110.18 111.27 112.32 113.32 114.27 115.15 115.97 116.71 117.36 117.92 118.38 118.74 119.00 119.18 119.28 119.32 119.30 119.23 119.13 119.00 118.86 118.70
131.76 128.83 126.10 123.57 121.18 118.86 116.61 114.43 112.31 110.27 108.31 106.42 104.62 102.90 101.27 99.73 98.27 96.92 95.66 94.50 93.45 92.50 91.66 90.92 90.31 89.81 89.43 89.17 89.03 89.02 89.14 89.40 89.78 90.29 90.90 91.60 92.39 93.25 94.18 95.18 96.23 97.33 98.47 99.65 100.85 102.07 103.31 104.55 105.78 107.01 108.23 109.42 110.58 111.70 112.77 113.80 114.76 115.66 116.49 117.23 117.89 118.45 118.91 119.26 119.51 119.67 119.75 119.75 119.70 119.60 119.46 119.28 119.08 118.87
132.10 129.10 126.30 123.69 121.23 118.84 116.52 114.27 112.09 109.99 107.97 106.03 104.17 102.39 100.71 99.12 97.62 96.22 94.92 93.72 92.63 91.64 90.77 90.01 89.36 88.83 88.43 88.15 87.99 87.96 88.07 88.31 88.71 89.28 89.98 90.79 91.67 92.63 93.65 94.73 95.86 97.04 98.26 99.51 100.78 102.07 103.36 104.66 105.95 107.23 108.49 109.72 110.92 112.08 113.19 114.24 115.23 116.15 116.99 117.75 118.41 118.98 119.44 119.78 120.02 120.17 120.23 120.22 120.14 120.00 119.82 119.60 119.35 119.09
132.36 129.29 126.41 123.73 121.20 118.74 116.35 114.03 111.78 109.62 107.53 105.53 103.61 101.79 100.05 98.41 96.86 95.42 94.07 92.83 91.70 90.68 89.77 88.98 88.30 87.75 87.31 87.01 86.83 86.79 86.88 87.13 87.55 88.16 88.93 89.83 90.82 91.87 92.99 94.17 95.39 96.65 97.95 99.27 100.62 101.97 103.34 104.70 106.05 107.38 108.69 109.97 111.21 112.41 113.55 114.64 115.66 116.60 117.47 118.24 118.92 119.50 119.96 120.31 120.55 120.69 120.73 120.70 120.60 120.43 120.22 119.96 119.67 119.36
132.53 129.39 126.44 123.68 121.07 118.54 116.07 113.68 111.37 109.14 107.00 104.93 102.96 101.08 99.29 97.59 96.00 94.51 93.12 91.84 90.66 89.60 88.66 87.83 87.12 86.54 86.08 85.75 85.55 85.49 85.59 85.87 86.33 86.97 87.78 88.75 89.83 90.99 92.21 93.48 94.80 96.15 97.54 98.94 100.36 101.80 103.23 104.66 106.07 107.46 108.83 110.16 111.45 112.70 113.88 115.00 116.06 117.03 117.92 118.72 119.42 120.01 120.49 120.84 121.08 121.22 121.26 121.21 121.09 120.90 120.66 120.37 120.04 119.69
132.61 129.39 126.37 123.54 120.85 118.24 115.70 113.24 110.87 108.57 106.36 104.23 102.20 100.26 98.42 96.67 95.03 93.48 92.05 90.72 89.51 88.41 87.43 86.57 85.83 85.22 84.73 84.37 84.15 84.09 84.22 84.54 85.05 85.73 86.57 87.57 88.73 89.99 91.31 92.69 94.10 95.55 97.02 98.51 100.02 101.53 103.04 104.54 106.02 107.48 108.91 110.30 111.64 112.94 114.17 115.33 116.43 117.44 118.36 119.18 119.91 120.52 121.01 121.38 121.63 121.76 121.80 121.75 121.61 121.41 121.14 120.82 120.46 120.07
132.60 129.31 126.20 123.29 120.53 117.84 115.23 112.70 110.25 107.89 105.61 103.43 101.33 99.33 97.43 95.63 93.94 92.35 90.87 89.50 88.24 87.10 86.08 85.18 84.41 83.76 83.25 82.87 82.65 82.63 82.80 83.17 83.71 84.43 85.31 86.35 87.54 88.86 90.29 91.77 93.29 94.84 96.41 97.99 99.59 101.18 102.77 104.35 105.90 107.43 108.93 110.38 111.78 113.13 114.42 115.63 116.76 117.82 118.77 119.63 120.39 121.03 121.54 121.92 122.18 122.32 122.36 122.31 122.16 121.95 121.66 121.32 120.94 120.51
132.49 129.12 125.94 122.95 120.10 117.34 114.65 112.05 109.53 107.10 104.76 102.51 100.35 98.29 96.34 94.48 92.73 91.09 89.56 88.15 86.85 85.66 84.61 83.67 82.86 82.19 81.64 81.26 81.08 81.11 81.33 81.73 82.32 83.08 84.00 85.08 86.30 87.66 89.16 90.74 92.37 94.02 95.69 97.37 99.06 100.75 102.42 104.08 105.72 107.32 108.89 110.41 111.87 113.28 114.62 115.89 117.07 118.17 119.17 120.07 120.86 121.53 122.07 122.47 122.74 122.90 122.95 122.89 122.75 122.52 122.22 121.87 121.46 121.01
132.27 128.83 125.57 122.49 119.57 116.73 113.97 111.29 108.70 106.20 103.79 101.47 99.25 97.13 95.12 93.21 91.40 89.71 88.13 86.67 85.32 84.10 83.00 82.03 81.18 80.48 79.93 79.60 79.47 79.54 79.81 80.26 80.89 81.69 82.65 83.76 85.02 86.43 87.96 89.61 91.34 93.10 94.88 96.66 98.45 100.23 101.99 103.74 105.46 107.14 108.79 110.38 111.92 113.39 114.79 116.11 117.35 118.50 119.55 120.49 121.32 122.02 122.59 123.02 123.32 123.49 123.55 123.50 123.36 123.13 122.83 122.46 122.03 121.56
131.95 128.43 125.09 121.93 118.92 116.00 113.16 110.41 107.75 105.18 102.70 100.32 98.03 95.85 93.78 91.81 89.95 88.21 86.58 85.06 83.67 82.41 81.26 80.25 79.37 78.66 78.16 77.88 77.81 77.93 78.24 78.74 79.42 80.26 81.26 82.42 83.72 85.15 86.72 88.41 90.21 92.07 93.96 95.86 97.74 99.62 101.49 103.33 105.13 106.90 108.63 110.30 111.91 113.45 114.92 116.31 117.61 118.81 119.91 120.90 121.77 122.51 123.12 123.58 123.91 124.10 124.18 124.14 124.01 123.78 123.47 123.10 122.66 122.16
131.52 127.92 124.49 121.26 118.17 115.16 112.25 109.42 106.68 104.04 101.49 99.04 96.69 94.45 92.31 90.28 88.37 86.57 84.89 83.33 81.89 80.58 79.39 78.34 77.46 76.80 76.35 76.13 76.10 76.28 76.64 77.19 77.91 78.80 79.84 81.04 82.38 83.86 85.46 87.18 89.02 90.95 92.95 94.96 96.95 98.94 100.90 102.84 104.74 106.60 108.41 110.16 111.85 113.47 115.01 116.47 117.83 119.09 120.25 121.29 122.21 123.00 123.65 124.15 124.51 124.73 124.82 124.81 124.68 124.46 124.16 123.78 123.33 122.83
