data_processed/recharge/precip/Precip_1986_09.asc
ncols        168
nrows        136
xllcorner    455000
yllcorner    2107000
cellsize     500
NODATA_value     -99999
[rows 99 to 131 of 136, columns 75 to 149 of 168]
83.57 81.01 78.56 76.24 74.04 71.96 69.99 68.14 66.39 64.74 63.21 61.77 60.43 59.18 58.03 56.97 56.00 55.11 54.30 53.57 52.92 52.34 51.83 51.39 51.02 50.71 50.46 50.27 50.13 50.04 50.00 50.01 50.07 50.16 50.30 50.47 50.67 50.91 51.17 51.45 51.81 52.33 53.06 53.99 55.13 56.47 58.02 59.63 61.07 62.29 63.30 64.11 64.72 65.17 65.52 65.88 66.27 66.68 67.12 67.59 68.08 68.59 69.12 69.67 70.24 70.82 71.42 72.03 72.66 73.29 73.94 74.60 75.26 75.93 76.60
84.60 81.94 79.38 76.94 74.63 72.44 70.37 68.41 66.57 64.83 63.20 61.68 60.26 58.94 57.72 56.59 55.55 54.60 53.74 52.96 52.26 51.64 51.09 50.62 50.22 49.88 49.61 49.39 49.24 49.14 49.10 49.11 49.16 49.27 49.41 49.59 49.81 50.07 50.36 50.72 51.25 51.99 52.94 54.10 55.46 57.03 58.79 60.63 62.29 63.72 64.94 65.96 66.78 67.41 67.88 68.25 68.63 69.03 69.46 69.92 70.39 70.88 71.39 71.92 72.47 73.02 73.60 74.18 74.78 75.38 76.00 76.62 77.24 77.87 78.51
85.71 83.01 80.35 77.80 75.37 73.06 70.88 68.82 66.87 65.04 63.32 61.71 60.21 58.80 57.50 56.30 55.20 54.18 53.26 52.42 51.67 51.00 50.41 49.89 49.45 49.08 48.78 48.54 48.37 48.26 48.20 48.20 48.26 48.36 48.51 48.70 48.93 49.20 49.56 50.08 50.82 51.77 52.93 54.29 55.86 57.64 59.61 61.67 63.53 65.17 66.59 67.80 68.81 69.62 70.26 70.73 71.11 71.50 71.91 72.34 72.79 73.26 73.74 74.24 74.75 75.28 75.82 76.37 76.93 77.49 78.06 78.64 79.22 79.80 80.39
86.91 84.17 81.47 78.82 76.26 73.84 71.54 69.37 67.32 65.38 63.56 61.86 60.26 58.77 57.39 56.11 54.93 53.85 52.86 51.96 51.15 50.42 49.78 49.22 48.74 48.33 47.99 47.73 47.53 47.40 47.32 47.31 47.35 47.45 47.60 47.79 48.03 48.36 48.86 49.58 50.51 51.65 53.00 54.57 56.33 58.31 60.48 62.73 64.79 66.61 68.22 69.61 70.80 71.79 72.59 73.22 73.69 74.06 74.44 74.85 75.26 75.70 76.15 76.61 77.08 77.57 78.07 78.57 79.08 79.60 80.13 80.65 81.18 81.71 82.24
88.19 85.42 82.68 79.98 77.33 74.78 72.36 70.07 67.91 65.86 63.94 62.14 60.44 58.86 57.39 56.03 54.77 53.61 52.54 51.58 50.70 49.92 49.22 48.61 48.08 47.63 47.26 46.95 46.72 46.56 46.47 46.44 46.46 46.55 46.69 46.88 47.16 47.63 48.31 49.21 50.32 51.64 53.18 54.92 56.87 59.03 61.39 63.82 66.06 68.07 69.84 71.40 72.75 73.90 74.86 75.64 76.25 76.69 77.05 77.42 77.80 78.19 78.60 79.01 79.44 79.88 80.33 80.78 81.24 81.70 82.17 82.63 83.10 83.57 84.03
89.56 86.76 83.98 81.24 78.54 75.89 73.35 70.94 68.66 66.50 64.47 62.55 60.76 59.08 57.52 56.06 54.72 53.48 52.34 51.30 50.35 49.50 48.75 48.08 47.49 46.99 46.57 46.23 45.97 45.77 45.65 45.59 45.60 45.67 45.79 46.02 46.43 47.06 47.90 48.97 50.25 51.74 53.44 55.35 57.48 59.81 62.34 64.95 67.35 69.52 71.45 73.17 74.67 75.96 77.07 77.98 78.72 79.29 79.71 80.04 80.37 80.72 81.07 81.44 81.81 82.20 82.58 82.98 83.37 83.77 84.18 84.58 84.97 85.37 85.76
91.02 88.19 85.38 82.60 79.86 77.16 74.51 71.98 69.57 67.29 65.14 63.12 61.22 59.44 57.78 56.23 54.79 53.46 52.24 51.12 50.10 49.18 48.36 47.62 46.98 46.43 45.96 45.57 45.26 45.03 44.87 44.78 44.76 44.81 44.96 45.30 45.86 46.64 47.64 48.86 50.29 51.93 53.79 55.86 58.14 60.63 63.32 66.09 68.65 70.97 73.05 74.91 76.54 77.97 79.20 80.24 81.10 81.79 82.31 82.69 82.98 83.27 83.56 83.87 84.18 84.50 84.82 85.15 85.48 85.81 86.13 86.46 86.78 87.10 87.41
92.59 89.72 86.88 84.06 81.28 78.54 75.84 73.19 70.66 68.26 65.99 63.85 61.83 59.95 58.18 56.53 54.99 53.57 52.26 51.06 49.96 48.96 48.07 47.27 46.56 45.94 45.42 44.98 44.62 44.35 44.15 44.03 43.98 44.03 44.28 44.76 45.46 46.37 47.51 48.87 50.44 52.23 54.23 56.45 58.87 61.51 64.35 67.26 69.96 72.41 74.63 76.61 78.38 79.93 81.27 82.42 83.39 84.18 84.80 85.27 85.58 85.82 86.05 86.29 86.53 86.78 87.03 87.28 87.53 87.78 88.03 88.27 88.51 88.74 88.96
94.26 91.36 88.48 85.63 82.81 80.02 77.28 74.57 71.93 69.40 67.01 64.74 62.61 60.61 58.73 56.97 55.34 53.82 52.41 51.12 49.93 48.86 47.88 47.01 46.23 45.55 44.97 44.47 44.06 43.73 43.49 43.33 43.28 43.42 43.79 44.39 45.21 46.26 47.52 49.01 50.71 52.63 54.76 57.11 59.66 62.43 65.40 68.44 71.28 73.86 76.19 78.29 80.16 81.82 83.27 84.52 85.58 86.46 87.17 87.71 88.10 88.35 88.52 88.68 88.85 89.02 89.18 89.35 89.52 89.68 89.84 89.99 90.14 90.28 90.41
96.04 93.11 90.19 87.30 84.44 81.61 78.82 76.07 73.37 70.73 68.21 65.82 63.56 61.44 59.44 57.58 55.83 54.21 52.70 51.31 50.04 48.87 47.82 46.86 46.01 45.26 44.61 44.05 43.58 43.20 42.91 42.73 42.76 43.01 43.49 44.20 45.13 46.29 47.67 49.27 51.09 53.12 55.37 57.83 60.51 63.39 66.48 69.65 72.60 75.29 77.73 79.93 81.91 83.66 85.20 86.53 87.67 88.63 89.41 90.02 90.47 90.78 90.95 91.04 91.12 91.20 91.28 91.35 91.43 91.49 91.56 91.61 91.66 91.70 91.72
97.94 94.97 92.02 89.10 86.19 83.32 80.49 77.69 74.94 72.24 69.60 67.08 64.69 62.44 60.33 58.34 56.49 54.75 53.14 51.65 50.28 49.02 47.88 46.84 45.91 45.08 44.35 43.73 43.19 42.75 42.44 42.32 42.44 42.79 43.37 44.18 45.21 46.47 47.95 49.65 51.57 53.70 56.06 58.63 61.41 64.40 67.60 70.87 73.92 76.71 79.25 81.54 83.60 85.43 87.05 88.45 89.66 90.68 91.52 92.19 92.69 93.05 93.25 93.33 93.32 93.31 93.29 93.27 93.24 93.21 93.17 93.11 93.05 92.98 92.89
99.96 96.96 93.97 91.01 88.07 85.15 82.27 79.43 76.63 73.87 71.17 68.54 66.02 63.64 61.39 59.29 57.31 55.46 53.74 52.15 50.67 49.31 48.07 46.95 45.93 45.02 44.21 43.51 42.91 42.44 42.17 42.14 42.34 42.77 43.44 44.33 45.45 46.79 48.36 50.14 52.15 54.38 56.82 59.48 62.36 65.44 68.74 72.10 75.24 78.12 80.74 83.11 85.24 87.14 88.82 90.29 91.55 92.62 93.51 94.22 94.76 95.14 95.38 95.47 95.44 95.33 95.21 95.08 94.95 94.80 94.65 94.48 94.31 94.12 93.91
102.10 99.07 96.05 93.05 90.06 87.11 84.18 81.29 78.44 75.63 72.87 70.17 67.54 65.02 62.65 60.41 58.31 56.35 54.51 52.80 51.22 49.76 48.42 47.19 46.08 45.09 44.20 43.42 42.77 42.34 42.14 42.17 42.44 42.95 43.68 44.64 45.83 47.25 48.89 50.76 52.84 55.15 57.67 60.41 63.36 66.53 69.90 73.35 76.57 79.51 82.20 84.63 86.82 88.78 90.51 92.02 93.33 94.44 95.36 96.10 96.66 97.07 97.32 97.43 97.40 97.25 97.02 96.78 96.53 96.26 95.99 95.70 95.40 95.09 94.76
104.38 101.31 98.26 95.21 92.19 89.19 86.22 83.28 80.38 77.52 74.71 71.95 69.25 66.62 64.10 61.73 59.50 57.41 55.45 53.63 51.93 50.36 48.91 47.59 46.38 45.29 44.32 43.48 42.86 42.48 42.33 42.42 42.75 43.31 44.10 45.12 46.37 47.85 49.55 51.48 53.63 56.00 58.58 61.39 64.41 67.64 71.09 74.60 77.88 80.89 83.63 86.12 88.35 90.35 92.12 93.67 95.00 96.14 97.08 97.83 98.41 98.82 99.08 99.18 99.15 98.98 98.70 98.34 97.97 97.58 97.18 96.76 96.33 95.88 95.41
106.80 103.70 100.60 97.52 94.46 91.41 88.40 85.41 82.46 79.55 76.68 73.86 71.10 68.40 65.77 63.26 60.89 58.67 56.58 54.64 52.82 51.13 49.58 48.15 46.84 45.65 44.61 43.78 43.20 42.86 42.75 42.89 43.26 43.86 44.70 45.77 47.06 48.59 50.34 52.32 54.51 56.93 59.57 62.43 65.50 68.79 72.29 75.86 79.19 82.25 85.03 87.56 89.83 91.85 93.65 95.22 96.57 97.71 98.66 99.42 99.99 100.40 100.64 100.73 100.68 100.49 100.18 99.75 99.25 98.73 98.19 97.64 97.07 96.48 95.87
109.36 106.22 103.09 99.97 96.86 93.78 90.71 87.68 84.68 81.71 78.79 75.92 73.09 70.33 67.62 65.00 62.49 60.13 57.91 55.83 53.89 52.09 50.42 48.87 47.45 46.19 45.15 44.35 43.79 43.48 43.40 43.56 43.96 44.60 45.47 46.57 47.90 49.46 51.25 53.26 55.49 57.95 60.63 63.53 66.64 69.97 73.52 77.13 80.50 83.59 86.40 88.95 91.24 93.28 95.09 96.66 98.02 99.16 100.10 100.85 101.41 101.80 102.02 102.09 102.00 101.78 101.42 100.95 100.36 99.70 99.02 98.33 97.61 96.87 96.11
112.07 108.89 105.73 102.57 99.42 96.29 93.18 90.09 87.04 84.02 81.05 78.11 75.23 72.40 69.63 66.93 64.30 61.80 59.45 57.23 55.16 53.23 51.44 49.78 48.27 46.99 45.96 45.17 44.63 44.33 44.27 44.45 44.87 45.52 46.41 47.53 48.88 50.46 52.27 54.31 56.57 59.05 61.76 64.68 67.82 71.18 74.75 78.39 81.79 84.90 87.73 90.29 92.59 94.63 96.44 98.01 99.35 100.48 101.41 102.13 102.67 103.02 103.21 103.23 103.10 102.83 102.42 101.88 101.23 100.48 99.65 98.80 97.93 97.04 96.12
114.93 111.72 108.51 105.31 102.12 98.95 95.79 92.66 89.55 86.48 83.45 80.46 77.52 74.63 71.80 69.02 66.32 63.69 61.19 58.84 56.64 54.57 52.65 50.89 49.36 48.08 47.05 46.26 45.72 45.42 45.36 45.55 45.97 46.63 47.52 48.65 50.01 51.60 53.42 55.46 57.73 60.23 62.95 65.88 69.04 72.42 76.00 79.66 83.07 86.19 89.02 91.58 93.87 95.91 97.70 99.25 100.57 101.67 102.57 103.25 103.75 104.06 104.20 104.17 103.98 103.64 103.17 102.56 101.84 101.00 100.06 99.06 98.02 96.96 95.88
117.95 114.70 111.46 108.22 104.99 101.77 98.56 95.38 92.23 89.10 86.01 82.97 79.96 77.01 74.11 71.27 68.50 65.79 63.17 60.67 58.32 56.12 54.10 52.30 50.75 49.45 48.40 47.60 47.05 46.74 46.67 46.85 47.26 47.91 48.80 49.92 51.27 52.86 54.68 56.72 58.99 61.48 64.20 67.14 70.30 73.67 77.27 80.92 84.33 87.44 90.27 92.81 95.09 97.10 98.87 100.39 101.67 102.73 103.58 104.22 104.66 104.92 104.99 104.89 104.64 104.22 103.67 102.98 102.17 101.24 100.20 99.07 97.87 96.63 95.38
121.13 117.85 114.57 111.29 108.02 104.75 101.50 98.27 95.06 91.88 88.74 85.63 82.57 79.55 76.59 73.68 70.84 68.06 65.35 62.73 60.24 57.92 55.84 54.01 52.43 51.10 50.03 49.20 48.62 48.29 48.20 48.35 48.74 49.37 50.24 51.34 52.68 54.25 56.05 58.07 60.33 62.81 65.51 68.44 71.59 74.95 78.54 82.19 85.58 88.67 91.47 93.99 96.24 98.21 99.94 101.41 102.65 103.66 104.45 105.03 105.40 105.58 105.58 105.41 105.07 104.57 103.92 103.14 102.22 101.18 100.04 98.79 97.44 96.04 94.61
124.48 121.17 117.85 114.53 111.21 107.90 104.60 101.32 98.06 94.83 91.63 88.46 85.34 82.26 79.23 76.26 73.34 70.49 67.71 65.00 62.40 60.02 57.89 56.02 54.40 53.04 51.92 51.06 50.44 50.07 49.94 50.06 50.41 51.01 51.84 52.91 54.22 55.76 57.53 59.53 61.75 64.21 66.89 69.79 72.91 76.25 79.81 83.44 86.81 89.87 92.63 95.11 97.31 99.24 100.91 102.33 103.51 104.45 105.17 105.67 105.97 106.07 105.98 105.71 105.27 104.67 103.92 103.02 101.99 100.84 99.57 98.19 96.71 95.16 93.67
128.01 124.66 121.30 117.94 114.58 111.22 107.88 104.55 101.24 97.95 94.69 91.47 88.28 85.14 82.04 79.00 76.02 73.09 70.24 67.47 64.87 62.45 60.27 58.34 56.66 55.25 54.08 53.16 52.49 52.07 51.89 51.96 52.27 52.82 53.61 54.63 55.89 57.39 59.12 61.07 63.26 65.67 68.31 71.18 74.26 77.57 81.10 84.68 88.01 91.03 93.75 96.17 98.31 100.18 101.79 103.13 104.23 105.10 105.73 106.15 106.35 106.36 106.17 105.79 105.24 104.53 103.66 102.64 101.48 100.20 98.79 97.27 95.67 94.08 92.62
131.72 128.33 124.94 121.53 118.13 114.73 111.33 107.95 104.59 101.25 97.93 94.65 91.40 88.20 85.03 81.92 78.87 75.87 72.96 70.20 67.60 65.18 62.95 60.96 59.22 57.73 56.50 55.51 54.78 54.30 54.06 54.06 54.31 54.80 55.53 56.50 57.70 59.14 60.81 62.71 64.85 67.21 69.80 72.61 75.64 78.90 82.38 85.92 89.19 92.15 94.81 97.17 99.24 101.03 102.56 103.82 104.84 105.61 106.15 106.46 106.56 106.45 106.15 105.66 104.99 104.14 103.14 101.99 100.69 99.26 97.71 96.05 94.41 92.87 91.47
135.61 132.19 128.75 125.31 121.86 118.41 114.97 111.54 108.12 104.73 101.36 98.01 94.70 91.43 88.21 85.03 81.90 78.85 75.94 73.18 70.59 68.17 65.92 63.87 62.05 60.49 59.17 58.11 57.30 56.74 56.43 56.36 56.53 56.95 57.61 58.50 59.64 61.01 62.61 64.45 66.51 68.81 71.33 74.08 77.05 80.25 83.66 87.14 90.35 93.24 95.82 98.10 100.09 101.79 103.23 104.39 105.31 105.97 106.40 106.60 106.58 106.35 105.92 105.30 104.49 103.51 102.37 101.06 99.61 98.03 96.32 94.63 93.03 91.56 90.20
139.70 136.24 132.76 129.28 125.78 122.29 118.80 115.32 111.85 108.40 104.97 101.56 98.19 94.86 91.56 88.32 85.14 82.09 79.18 76.42 73.83 71.40 69.14 67.06 65.17 63.51 62.11 60.96 60.06 59.41 59.00 58.85 58.93 59.27 59.84 60.65 61.70 62.99 64.51 66.26 68.25 70.47 72.91 75.58 78.48 81.60 84.94 88.35 91.47 94.28 96.77 98.96 100.86 102.46 103.79 104.85 105.65 106.19 106.50 106.57 106.42 106.06 105.49 104.72 103.76 102.63 101.33 99.86 98.25 96.50 94.76 93.11 91.57 90.14 88.84
143.98 140.48 136.97 133.44 129.90 126.36 122.82 119.29 115.77 112.26 108.77 105.31 101.88 98.48 95.12 91.82 88.63 85.58 82.68 79.92 77.31 74.87 72.59 70.48 68.55 66.81 65.30 64.04 63.04 62.29 61.78 61.53 61.51 61.75 62.22 62.94 63.89 65.08 66.51 68.17 70.06 72.19 74.54 77.13 79.93 82.97 86.22 89.53 92.57 95.28 97.67 99.76 101.54 103.03 104.24 105.18 105.85 106.27 106.44 106.37 106.08 105.56 104.84 103.91 102.80 101.50 100.02 98.38 96.61 94.81 93.11 91.51 90.02 88.65 87.38
148.46 144.92 141.37 137.80 134.22 130.63 127.04 123.46 119.88 116.32 112.77 109.25 105.76 102.29 98.88 95.58 92.39 89.34 86.43 83.66 81.03 78.56 76.26 74.11 72.14 70.34 68.74 67.37 66.25 65.38 64.76 64.39 64.27 64.39 64.75 65.36 66.20 67.29 68.61 70.16 71.95 73.97 76.22 78.70 81.40 84.33 87.49 90.70 93.63 96.24 98.51 100.48 102.14 103.51 104.58 105.38 105.92 106.19 106.21 105.99 105.54 104.87 103.98 102.88 101.59 100.11 98.45 96.64 94.81 93.06 91.41 89.86 88.42 87.08 85.86
153.15 149.57 145.98 142.37 138.74 135.11 131.47 127.83 124.20 120.58 116.98 113.40 109.84 106.33 102.91 99.60 96.42 93.36 90.43 87.63 84.99 82.48 80.14 77.95 75.93 74.08 72.41 70.93 69.68 68.69 67.94 67.44 67.19 67.19 67.43 67.91 68.64 69.60 70.80 72.23 73.90 75.80 77.94 80.30 82.89 85.71 88.75 91.85 94.66 97.14 99.29 101.13 102.65 103.88 104.81 105.47 105.85 105.96 105.82 105.44 104.82 103.97 102.90 101.62 100.14 98.47 96.63 94.76 92.97 91.27 89.67 88.16 86.76 85.46 84.27
158.05 154.44 150.80 147.14 143.47 139.79 136.11 132.42 128.73 125.06 121.40 117.75 114.15 110.62 107.20 103.89 100.69 97.62 94.66 91.84 89.16 86.62 84.23 81.99 79.92 78.01 76.27 74.71 73.34 72.20 71.32 70.68 70.29 70.15 70.25 70.60 71.19 72.01 73.08 74.38 75.92 77.69 79.70 81.93 84.39 87.08 90.00 92.97 95.65 98.00 100.01 101.70 103.08 104.15 104.93 105.42 105.63 105.58 105.26 104.70 103.90 102.86 101.60 100.12 98.44 96.59 94.68 92.85 91.11 89.46 87.90 86.43 85.07 83.80 82.63
163.16 159.51 155.84 152.14 148.42 144.69 140.96 137.22 133.48 129.75 126.03 122.34 118.72 115.19 111.76 108.44 105.22 102.12 99.13 96.28 93.55 90.97 88.52 86.23 84.09 82.11 80.30 78.66 77.19 75.92 74.89 74.10 73.56 73.26 73.22 73.41 73.85 74.53 75.45 76.61 78.01 79.63 81.49 83.59 85.91 88.46 91.23 94.06 96.60 98.80 100.66 102.19 103.41 104.32 104.92 105.24 105.28 105.04 104.54 103.78 102.78 101.54 100.08 98.39 96.52 94.59 92.73 90.95 89.25 87.64 86.11 84.68 83.34 82.10 80.96
168.50 164.81 161.10 157.35 153.59 149.82 146.03 142.24 138.45 134.66 130.89 127.19 123.56 120.03 116.58 113.23 109.99 106.85 103.83 100.93 98.16 95.51 93.01 90.65 88.44 86.38 84.49 82.76 81.21 79.83 78.65 77.69 76.99 76.53 76.32 76.36 76.64 77.16 77.92 78.92 80.15 81.62 83.33 85.26 87.43 89.83 92.45 95.13 97.51 99.55 101.24 102.61 103.65 104.38 104.80 104.93 104.77 104.34 103.64 102.68 101.47 100.02 98.33 96.45 94.50 92.61 90.79 89.05 87.39 85.82 84.33 82.92 81.61 80.39 79.26
174.07 170.34 166.58 162.80 158.99 155.17 151.33 147.48 143.64 139.81 136.02 132.31 128.68 125.12 121.65 118.27 114.99 111.81 108.75 105.79 102.96 100.26 97.69 95.25 92.96 90.83 88.84 87.02 85.36 83.88 82.58 81.46 80.58 79.95 79.56 79.43 79.53 79.88 80.47 81.29 82.36 83.66 85.20 86.96 88.96 91.19 93.65 96.16 98.38 100.24 101.75 102.94 103.79 104.33 104.56 104.48 104.12 103.48 102.57 101.39 99.96 98.28 96.38 94.42 92.50 90.66 88.88 87.18 85.56 84.01 82.55 81.17 79.88 78.67 77.56
179.87 176.10 172.30 168.47 164.62 160.75 156.86 152.96 149.07 145.22 141.43 137.70 134.05 130.46 126.96 123.54 120.22 117.00 113.88 110.87 107.97 105.20 102.55 100.03 97.66 95.43 93.34 91.42 89.66 88.06 86.64 85.39 84.34 83.52 82.94 82.62 82.53 82.69 83.10 83.74 84.62 85.74 87.10 88.68 90.50 92.55 94.83 97.17 99.20 100.87 102.20 103.18 103.83 104.17 104.19 103.90 103.32 102.46 101.32 99.91 98.24 96.34 94.36 92.43 90.56 88.76 87.02 85.35 83.76 82.24 80.80 79.44 78.16 76.96 75.85
