data_processed/recharge/precip/Precip_1997_01.asc
ncols        168
nrows        136
xllcorner    455000
yllcorner    2107000
cellsize     500
NODATA_value     -99999
[rows 38 to 75 of 136, columns 0 to 83 of 168]
3.20 3.32 3.47 3.62 3.79 3.97 4.15 4.33 4.51 4.69 4.89 5.11 5.34 5.58 5.83 6.07 6.24 6.34 6.36 6.32 6.21 6.05 5.87 5.70 5.52 5.35 5.17 4.99 4.81 4.63 4.45 4.28 4.10 3.93 3.75 3.58 3.41 3.25 3.08 2.92 2.77 2.62 2.47 2.32 2.18 2.05 1.92 1.80 1.68 1.57 1.47 1.37 1.28 1.20 1.12 1.06 1.00 0.95 0.91 0.88 0.86 0.85 0.85 0.86 0.87 0.89 0.92 0.95 0.98 1.01 1.04 1.08 1.11 1.14 1.18 1.21 1.25 1.28 1.31 1.35 1.38 1.41 1.44 1.48
3.33 3.42 3.54 3.67 3.81 3.97 4.13 4.29 4.45 4.61 4.77 4.93 5.12 5.33 5.54 5.73 5.87 5.94 5.93 5.85 5.72 5.58 5.43 5.28 5.13 4.98 4.83 4.67 4.52 4.36 4.20 4.05 3.89 3.73 3.58 3.42 3.27 3.12 2.97 2.83 2.69 2.55 2.41 2.28 2.15 2.03 1.91 1.79 1.68 1.58 1.48 1.39 1.31 1.23 1.16 1.09 1.04 0.99 0.95 0.92 0.90 0.89 0.89 0.89 0.91 0.93 0.96 0.99 1.02 1.05 1.08 1.11 1.15 1.18 1.21 1.25 1.28 1.31 1.34 1.38 1.41 1.44 1.47 1.50
3.38 3.45 3.54 3.65 3.77 3.90 4.04 4.18 4.32 4.46 4.60 4.73 4.87 5.03 5.20 5.37 5.47 5.50 5.45 5.36 5.24 5.13 5.01 4.89 4.76 4.63 4.50 4.37 4.24 4.10 3.97 3.83 3.69 3.55 3.42 3.28 3.15 3.01 2.88 2.75 2.62 2.49 2.37 2.25 2.13 2.01 1.90 1.80 1.70 1.60 1.51 1.42 1.34 1.27 1.20 1.14 1.09 1.04 1.00 0.97 0.95 0.93 0.93 0.93 0.95 0.97 0.99 1.02 1.05 1.08 1.12 1.15 1.18 1.22 1.25 1.28 1.31 1.34 1.37 1.40 1.43 1.46 1.50 1.53
3.36 3.40 3.46 3.55 3.64 3.75 3.87 4.00 4.12 4.25 4.37 4.48 4.59 4.70 4.83 4.96 5.02 5.02 4.95 4.87 4.79 4.70 4.61 4.51 4.41 4.31 4.20 4.09 3.98 3.86 3.75 3.63 3.51 3.39 3.27 3.15 3.03 2.91 2.80 2.68 2.56 2.45 2.34 2.23 2.12 2.01 1.91 1.81 1.72 1.63 1.54 1.46 1.39 1.32 1.25 1.19 1.14 1.10 1.06 1.03 1.00 0.98 0.98 0.98 0.99 1.00 1.03 1.06 1.09 1.12 1.15 1.18 1.22 1.25 1.28 1.31 1.34 1.37 1.40 1.43 1.46 1.49 1.52 1.55
3.26 3.27 3.31 3.37 3.44 3.53 3.63 3.74 3.85 3.96 4.06 4.16 4.25 4.33 4.42 4.51 4.54 4.51 4.46 4.41 4.36 4.29 4.23 4.15 4.08 4.00 3.91 3.83 3.74 3.64 3.55 3.45 3.35 3.25 3.15 3.04 2.94 2.83 2.73 2.63 2.52 2.42 2.32 2.22 2.12 2.03 1.93 1.84 1.76 1.67 1.59 1.52 1.44 1.38 1.31 1.26 1.21 1.16 1.12 1.09 1.06 1.04 1.03 1.03 1.03 1.04 1.07 1.09 1.12 1.16 1.19 1.22 1.25 1.28 1.31 1.34 1.37 1.40 1.42 1.45 1.48 1.51 1.54 1.57
3.08 3.06 3.08 3.11 3.16 3.23 3.31 3.40 3.49 3.59 3.68 3.77 3.85 3.91 3.97 4.02 4.03 4.02 4.00 3.98 3.95 3.91 3.87 3.82 3.77 3.71 3.65 3.59 3.52 3.44 3.37 3.29 3.21 3.12 3.04 2.95 2.86 2.77 2.68 2.59 2.50 2.41 2.32 2.23 2.14 2.05 1.97 1.88 1.80 1.73 1.65 1.58 1.51 1.45 1.39 1.33 1.28 1.23 1.19 1.16 1.13 1.11 1.09 1.09 1.09 1.09 1.11 1.13 1.16 1.19 1.22 1.25 1.28 1.31 1.34 1.36 1.39 1.42 1.45 1.47 1.50 1.53 1.55 1.58
2.83 2.79 2.77 2.78 2.81 2.86 2.92 2.99 3.06 3.14 3.22 3.30 3.37 3.42 3.47 3.50 3.53 3.55 3.56 3.56 3.56 3.55 3.53 3.51 3.48 3.45 3.41 3.36 3.31 3.26 3.20 3.14 3.08 3.01 2.94 2.87 2.80 2.72 2.65 2.57 2.49 2.41 2.33 2.25 2.17 2.09 2.01 1.94 1.86 1.79 1.72 1.65 1.59 1.53 1.47 1.41 1.36 1.32 1.28 1.24 1.21 1.18 1.17 1.15 1.15 1.15 1.15 1.17 1.19 1.22 1.25 1.28 1.31 1.33 1.36 1.39 1.41 1.44 1.46 1.49 1.51 1.54 1.57 1.59
2.67 2.59 2.54 2.51 2.51 2.52 2.55 2.60 2.64 2.70 2.75 2.81 2.85 2.89 2.92 2.96 3.00 3.05 3.09 3.12 3.15 3.16 3.17 3.17 3.17 3.16 3.14 3.12 3.09 3.06 3.02 2.98 2.94 2.89 2.83 2.78 2.72 2.66 2.60 2.53 2.46 2.40 2.33 2.26 2.19 2.12 2.05 1.98 1.91 1.85 1.78 1.72 1.66 1.60 1.54 1.49 1.44 1.39 1.35 1.31 1.28 1.25 1.23 1.21 1.20 1.20 1.20 1.21 1.22 1.24 1.27 1.30 1.32 1.35 1.37 1.40 1.42 1.45 1.47 1.50 1.52 1.55 1.57 1.60
2.68 2.54 2.44 2.36 2.31 2.28 2.26 2.26 2.26 2.27 2.29 2.30 2.31 2.33 2.35 2.39 2.44 2.50 2.57 2.63 2.68 2.73 2.76 2.79 2.81 2.82 2.83 2.83 2.83 2.81 2.80 2.78 2.75 2.72 2.69 2.65 2.60 2.56 2.51 2.46 2.41 2.35 2.29 2.24 2.18 2.12 2.06 2.00 1.94 1.88 1.82 1.76 1.70 1.65 1.59 1.54 1.50 1.45 1.41 1.37 1.34 1.31 1.28 1.26 1.25 1.24 1.23 1.23 1.24 1.26 1.28 1.30 1.33 1.35 1.38 1.40 1.42 1.45 1.47 1.49 1.52 1.54 1.57 1.59
2.82 2.62 2.45 2.30 2.19 2.09 2.01 1.94 1.89 1.84 1.79 1.75 1.73 1.73 1.76 1.79 1.84 1.91 2.00 2.09 2.17 2.24 2.30 2.36 2.40 2.44 2.47 2.50 2.52 2.53 2.53 2.53 2.53 2.52 2.50 2.48 2.45 2.42 2.39 2.36 2.32 2.28 2.23 2.18 2.14 2.09 2.04 1.99 1.93 1.88 1.83 1.78 1.73 1.68 1.63 1.58 1.53 1.49 1.45 1.41 1.38 1.35 1.32 1.30 1.28 1.26 1.26 1.25 1.26 1.26 1.28 1.30 1.32 1.34 1.37 1.39 1.41 1.44 1.46 1.48 1.51 1.53 1.55 1.58
3.08 2.79 2.53 2.30 2.10 1.92 1.76 1.61 1.48 1.36 1.24 1.15 1.11 1.11 1.14 1.17 1.22 1.29 1.39 1.50 1.61 1.71 1.80 1.88 1.95 2.02 2.07 2.12 2.16 2.20 2.23 2.25 2.26 2.27 2.27 2.27 2.27 2.25 2.24 2.22 2.19 2.17 2.14 2.10 2.07 2.03 1.99 1.95 1.91 1.86 1.82 1.77 1.73 1.68 1.64 1.60 1.55 1.51 1.48 1.44 1.41 1.37 1.35 1.32 1.30 1.28 1.27 1.27 1.26 1.26 1.27 1.28 1.30 1.32 1.35 1.37 1.39 1.41 1.44 1.46 1.48 1.51 1.53 1.56
3.40 3.01 2.65 2.32 2.02 1.74 1.48 1.24 1.01 0.80 0.62 0.51 0.47 0.48 0.50 0.53 0.58 0.65 0.75 0.86 0.99 1.12 1.24 1.35 1.46 1.55 1.63 1.70 1.77 1.83 1.88 1.92 1.96 1.99 2.01 2.03 2.04 2.05 2.05 2.05 2.04 2.03 2.01 1.99 1.97 1.94 1.92 1.89 1.85 1.82 1.78 1.75 1.71 1.67 1.63 1.60 1.56 1.52 1.49 1.45 1.42 1.39 1.36 1.33 1.31 1.30 1.28 1.27 1.26 1.26 1.26 1.26 1.28 1.29 1.32 1.34 1.36 1.38 1.41 1.43 1.45 1.48 1.50 1.53
3.77 3.25 2.77 2.33 1.91 1.51 1.14 0.79 0.46 0.16 0.00 0.00 0.00 0.00 0.00 0.00 0.00 0.00 0.09 0.21 0.34 0.49 0.64 0.78 0.91 1.03 1.14 1.24 1.34 1.42 1.49 1.56 1.62 1.67 1.72 1.76 1.79 1.81 1.83 1.85 1.86 1.86 1.86 1.85 1.85 1.83 1.82 1.80 1.78 1.75 1.73 1.70 1.67 1.64 1.61 1.58 1.54 1.51 1.48 1.45 1.42 1.39 1.36 1.34 1.32 1.30 1.28 1.27 1.26 1.24 1.24 1.24 1.25 1.26 1.28 1.30 1.32 1.34 1.37 1.39 1.41 1.44 1.46 1.49
4.14 3.49 2.87 2.29 1.74 1.21 0.71 0.23 0.00 0.00 0.00 0.00 0.00 0.00 0.00 0.00 0.00 0.00 0.00 0.00 0.00 0.00 0.00 0.17 0.33 0.47 0.61 0.74 0.86 0.97 1.07 1.16 1.24 1.32 1.38 1.44 1.50 1.54 1.58 1.61 1.64 1.66 1.68 1.69 1.70 1.70 1.69 1.69 1.68 1.67 1.65 1.63 1.61 1.59 1.57 1.54 1.51 1.49 1.46 1.43 1.41 1.38 1.36 1.33 1.31 1.30 1.28 1.26 1.24 1.23 1.21 1.21 1.21 1.22 1.23 1.25 1.27 1.29 1.32 1.34 1.36 1.39 1.42 1.44
4.48 3.68 2.91 2.17 1.47 0.80 0.15 0.00 0.00 0.00 0.00 0.00 0.00 0.00 0.00 0.00 0.00 0.00 0.00 0.00 0.00 0.00 0.00 0.00 0.00 0.00 0.04 0.20 0.34 0.48 0.60 0.72 0.83 0.93 1.02 1.10 1.17 1.24 1.30 1.35 1.40 1.44 1.47 1.50 1.52 1.53 1.55 1.55 1.56 1.56 1.55 1.55 1.53 1.52 1.51 1.49 1.47 1.45 1.43 1.40 1.38 1.36 1.34 1.32 1.31 1.29 1.27 1.25 1.22 1.20 1.18 1.17 1.17 1.17 1.18 1.19 1.21 1.24 1.26 1.29 1.31 1.34 1.36 1.39
4.77 3.79 2.85 1.95 1.08 0.24 0.00 0.00 0.00 0.00 0.00 0.00 0.00 0.00 0.00 0.00 0.00 0.00 0.00 0.00 0.00 0.00 0.00 0.00 0.00 0.00 0.00 0.00 0.00 0.00 0.10 0.25 0.38 0.50 0.62 0.72 0.82 0.91 0.99 1.06 1.12 1.18 1.23 1.28 1.32 1.35 1.38 1.40 1.41 1.43 1.43 1.44 1.44 1.44 1.43 1.42 1.41 1.40 1.38 1.36 1.35 1.33 1.32 1.31 1.29 1.27 1.25 1.23 1.20 1.17 1.15 1.13 1.13 1.12 1.13 1.14 1.15 1.17 1.20 1.22 1.25 1.28 1.30 1.33
4.96 3.79 2.66 1.58 0.53 0.00 0.00 0.00 0.00 0.00 0.00 0.00 0.00 0.00 0.00 0.00 0.00 0.00 0.00 0.00 0.00 0.00 0.00 0.00 0.00 0.00 0.00 0.00 0.00 0.00 0.00 0.00 0.00 0.04 0.18 0.31 0.43 0.54 0.64 0.74 0.82 0.90 0.97 1.03 1.09 1.14 1.18 1.22 1.25 1.28 1.30 1.31 1.33 1.33 1.34 1.34 1.34 1.33 1.32 1.31 1.31 1.30 1.29 1.28 1.27 1.25 1.23 1.20 1.17 1.14 1.11 1.09 1.08 1.07 1.07 1.08 1.09 1.11 1.13 1.16 1.18 1.21 1.24 1.27
5.02 3.65 2.32 1.03 0.00 0.00 0.00 0.00 0.00 0.00 0.00 0.00 0.00 0.00 0.00 0.00 0.00 0.00 0.00 0.00 0.00 0.00 0.00 0.00 0.00 0.00 0.00 0.00 0.00 0.00 0.00 0.00 0.00 0.00 0.00 0.00 0.01 0.15 0.27 0.39 0.49 0.59 0.68 0.76 0.84 0.91 0.97 1.02 1.07 1.11 1.14 1.17 1.20 1.22 1.23 1.24 1.25 1.25 1.26 1.26 1.26 1.26 1.26 1.25 1.24 1.23 1.20 1.17 1.14 1.10 1.07 1.04 1.03 1.02 1.01 1.01 1.02 1.04 1.06 1.08 1.11 1.14 1.17 1.20
4.92 3.33 1.78 0.34 0.00 0.00 0.00 0.00 0.00 0.00 0.00 0.00 0.00 0.00 0.00 0.00 0.00 0.00 0.00 0.00 0.00 0.00 0.00 0.00 0.00 0.00 0.00 0.00 0.00 0.00 0.00 0.00 0.00 0.00 0.00 0.00 0.00 0.00 0.00 0.01 0.14 0.26 0.37 0.47 0.56 0.65 0.73 0.80 0.86 0.92 0.97 1.01 1.05 1.08 1.11 1.13 1.15 1.17 1.18 1.19 1.21 1.21 1.22 1.22 1.21 1.19 1.17 1.14 1.10 1.06 1.02 0.99 0.97 0.96 0.95 0.95 0.96 0.97 0.98 1.01 1.04 1.07 1.10 1.13
4.62 2.80 1.09 0.00 0.00 0.00 0.00 0.00 0.00 0.00 0.00 0.00 0.00 0.00 0.00 0.00 0.00 0.00 0.00 0.00 0.00 0.00 0.00 0.00 0.00 0.00 0.00 0.00 0.00 0.00 0.00 0.00 0.00 0.00 0.00 0.00 0.00 0.00 0.00 0.00 0.00 0.00 0.03 0.15 0.27 0.37 0.47 0.56 0.64 0.71 0.78 0.84 0.89 0.93 0.98 1.01 1.04 1.07 1.10 1.12 1.14 1.16 1.17 1.17 1.17 1.16 1.14 1.10 1.06 1.01 0.97 0.94 0.91 0.90 0.89 0.88 0.89 0.90 0.91 0.93 0.96 0.99 1.02 1.06
4.11 2.10 0.34 0.00 0.00 0.00 0.00 0.00 0.00 0.00 0.00 0.00 0.00 0.00 0.00 0.00 0.00 0.00 0.00 0.00 0.00 0.00 0.00 0.00 0.00 0.00 0.00 0.00 0.00 0.00 0.00 0.00 0.00 0.00 0.00 0.00 0.00 0.00 0.00 0.00 0.00 0.00 0.00 0.00 0.00 0.07 0.19 0.30 0.40 0.49 0.57 0.64 0.71 0.77 0.83 0.88 0.93 0.97 1.01 1.05 1.08 1.10 1.12 1.13 1.13 1.12 1.10 1.06 1.01 0.96 0.92 0.88 0.86 0.83 0.82 0.82 0.82 0.82 0.84 0.86 0.88 0.91 0.95 0.98
3.41 1.35 0.00 0.00 0.00 0.00 0.00 0.00 0.00 0.00 0.00 0.00 0.00 0.00 0.00 0.00 0.00 0.00 0.00 0.00 0.00 0.00 0.00 0.00 0.00 0.00 0.00 0.00 0.00 0.00 0.00 0.00 0.00 0.00 0.00 0.00 0.00 0.00 0.00 0.00 0.00 0.00 0.00 0.00 0.00 0.00 0.00 0.02 0.14 0.25 0.35 0.44 0.52 0.60 0.67 0.74 0.80 0.86 0.92 0.97 1.01 1.04 1.06 1.08 1.08 1.07 1.05 1.02 0.97 0.91 0.86 0.82 0.79 0.77 0.76 0.75 0.75 0.75 0.76 0.78 0.80 0.83 0.87 0.91
2.66 0.60 0.00 0.00 0.00 0.00 0.00 0.00 0.00 0.00 0.00 0.00 0.00 0.00 0.00 0.00 0.00 0.00 0.00 0.00 0.00 0.00 0.00 0.00 0.00 0.00 0.00 0.00 0.00 0.00 0.00 0.00 0.00 0.00 0.00 0.00 0.00 0.00 0.00 0.00 0.00 0.00 0.00 0.00 0.00 0.00 0.00 0.00 0.00 0.00 0.11 0.22 0.32 0.41 0.50 0.59 0.67 0.75 0.82 0.88 0.93 0.97 1.00 1.02 1.03 1.02 1.00 0.97 0.92 0.86 0.81 0.76 0.73 0.71 0.69 0.68 0.67 0.68 0.69 0.71 0.73 0.76 0.79 0.83
1.90 0.00 0.00 0.00 0.00 0.00 0.00 0.00 0.00 0.00 0.00 0.00 0.00 0.00 0.00 0.00 0.00 0.00 0.00 0.00 0.00 0.00 0.00 0.00 0.00 0.00 0.00 0.00 0.00 0.00 0.00 0.00 0.00 0.00 0.00 0.00 0.00 0.00 0.00 0.00 0.00 0.00 0.00 0.00 0.00 0.00 0.00 0.00 0.00 0.00 0.00 0.00 0.10 0.22 0.33 0.44 0.54 0.63 0.71 0.79 0.85 0.90 0.94 0.96 0.98 0.97 0.95 0.92 0.86 0.80 0.75 0.70 0.67 0.64 0.62 0.61 0.60 0.61 0.61 0.63 0.65 0.68 0.72 0.75
1.14 0.00 0.00 0.00 0.00 0.00 0.00 0.00 0.00 0.00 0.00 0.00 0.00 0.00 0.00 0.00 0.00 0.00 0.00 0.00 0.00 0.00 0.00 0.00 0.00 0.00 0.00 0.00 0.00 0.00 0.00 0.00 0.00 0.00 0.00 0.00 0.00 0.00 0.00 0.00 0.00 0.00 0.00 0.00 0.00 0.00 0.00 0.00 0.00 0.00 0.00 0.00 0.00 0.02 0.16 0.28 0.40 0.51 0.60 0.69 0.76 0.82 0.87 0.90 0.92 0.92 0.90 0.86 0.81 0.74 0.69 0.64 0.60 0.57 0.55 0.54 0.53 0.53 0.54 0.56 0.58 0.61 0.64 0.68
0.38 0.00 0.00 0.00 0.00 0.00 0.00 0.00 0.00 0.00 0.00 0.00 0.00 0.00 0.00 0.00 0.00 0.00 0.00 0.00 0.00 0.00 0.00 0.00 0.00 0.00 0.00 0.00 0.00 0.00 0.00 0.00 0.00 0.00 0.00 0.00 0.00 0.00 0.00 0.00 0.00 0.00 0.00 0.00 0.00 0.00 0.00 0.00 0.00 0.00 0.00 0.00 0.00 0.00 0.00 0.12 0.25 0.38 0.49 0.59 0.67 0.74 0.80 0.84 0.86 0.86 0.85 0.81 0.75 0.69 0.63 0.58 0.54 0.51 0.48 0.47 0.46 0.46 0.47 0.49 0.51 0.54 0.57 0.61
0.00 0.00 0.00 0.00 0.00 0.00 0.00 0.00 0.00 0.00 0.00 0.00 0.00 0.00 0.00 0.00 0.00 0.00 0.00 0.00 0.00 0.00 0.00 0.00 0.00 0.00 0.00 0.00 0.00 0.00 0.00 0.00 0.00 0.00 0.00 0.00 0.00 0.00 0.00 0.00 0.00 0.00 0.00 0.00 0.00 0.00 0.00 0.00 0.00 0.00 0.00 0.00 0.00 0.00 0.00 0.00 0.10 0.24 0.37 0.48 0.58 0.66 0.73 0.77 0.80 0.80 0.79 0.75 0.70 0.63 0.57 0.51 0.47 0.44 0.42 0.40 0.39 0.39 0.40 0.42 0.44 0.47 0.50 0.55
0.00 0.00 0.00 0.00 0.00 0.00 0.00 0.00 0.00 0.00 0.00 0.00 0.00 0.00 0.00 0.00 0.00 0.00 0.00 0.00 0.00 0.00 0.00 0.00 0.00 0.00 0.00 0.00 0.00 0.00 0.00 0.00 0.00 0.00 0.00 0.00 0.00 0.00 0.00 0.00 0.00 0.00 0.00 0.00 0.00 0.00 0.00 0.00 0.00 0.00 0.00 0.00 0.00 0.00 0.00 0.00 0.00 0.11 0.25 0.38 0.48 0.58 0.65 0.70 0.73 0.74 0.73 0.70 0.64 0.57 0.50 0.45 0.41 0.37 0.35 0.33 0.33 0.33 0.33 0.35 0.37 0.40 0.44 0.48
0.00 0.00 0.00 0.00 0.00 0.00 0.00 0.00 0.00 0.00 0.00 0.00 0.00 0.00 0.00 0.00 0.00 0.00 0.00 0.00 0.00 0.00 0.00 0.00 0.00 0.00 0.00 0.00 0.00 0.00 0.00 0.00 0.00 0.00 0.00 0.00 0.00 0.00 0.00 0.00 0.00 0.00 0.00 0.00 0.00 0.00 0.00 0.00 0.00 0.00 0.00 0.00 0.00 0.00 0.00 0.00 0.00 0.00 0.12 0.26 0.39 0.49 0.57 0.63 0.67 0.68 0.67 0.64 0.58 0.51 0.44 0.39 0.34 0.31 0.28 0.27 0.26 0.26 0.27 0.29 0.31 0.34 0.38 0.42
0.00 0.00 0.00 0.00 0.00 0.00 0.00 0.00 0.00 0.00 0.00 0.00 0.00 0.00 0.00 0.00 0.00 0.00 0.00 0.00 0.00 0.00 0.00 0.00 0.00 0.00 0.00 0.00 0.00 0.00 0.00 0.00 0.00 0.00 0.00 0.00 0.00 0.00 0.00 0.00 0.00 0.00 0.00 0.00 0.00 0.00 0.00 0.00 0.00 0.00 0.00 0.00 0.00 0.00 0.00 0.00 0.00 0.00 0.00 0.15 0.28 0.40 0.49 0.56 0.60 0.62 0.61 0.58 0.52 0.45 0.38 0.32 0.28 0.24 0.22 0.20 0.20 0.20 0.21 0.22 0.25 0.28 0.32 0.37
0.00 0.00 0.00 0.00 0.00 0.00 0.00 0.00 0.00 0.00 0.00 0.00 0.00 0.00 0.00 0.00 0.00 0.00 0.00 0.00 0.00 0.00 0.00 0.00 0.00 0.00 0.00 0.00 0.00 0.00 0.00 0.00 0.00 0.00 0.00 0.00 0.00 0.00 0.00 0.00 0.00 0.00 0.00 0.00 0.00 0.00 0.00 0.00 0.00 0.00 0.00 0.00 0.00 0.00 0.00 0.00 0.00 0.00 0.00 0.03 0.18 0.31 0.41 0.48 0.53 0.56 0.55 0.52 0.46 0.39 0.32 0.26 0.22 0.18 0.16 0.14 0.13 0.14 0.15 0.17 0.19 0.23 0.27 0.32
0.00 0.00 0.00 0.00 0.00 0.00 0.00 0.00 0.00 0.00 0.00 0.00 0.00 0.00 0.00 0.00 0.00 0.00 0.00 0.00 0.00 0.00 0.00 0.00 0.00 0.00 0.00 0.00 0.00 0.00 0.00 0.00 0.00 0.00 0.00 0.00 0.00 0.00 0.00 0.00 0.00 0.00 0.00 0.00 0.00 0.00 0.00 0.00 0.00 0.00 0.00 0.00 0.00 0.00 0.00 0.00 0.00 0.00 0.00 0.00 0.08 0.21 0.32 0.41 0.46 0.49 0.49 0.46 0.40 0.33 0.26 0.20 0.16 0.12 0.10 0.08 0.08 0.08 0.09 0.11 0.14 0.18 0.22 0.27
0.00 0.00 0.00 0.00 0.00 0.00 0.00 0.00 0.00 0.00 0.00 0.00 0.00 0.00 0.00 0.00 0.00 0.00 0.00 0.00 0.00 0.00 0.00 0.00 0.00 0.00 0.00 0.00 0.00 0.00 0.00 0.00 0.00 0.00 0.00 0.00 0.00 0.00 0.00 0.00 0.00 0.00 0.00 0.00 0.00 0.00 0.00 0.00 0.00 0.00 0.00 0.00 0.00 0.00 0.00 0.00 0.00 0.00 0.00 0.00 0.00 0.12 0.24 0.33 0.39 0.43 0.43 0.41 0.35 0.27 0.20 0.15 0.10 0.07 0.04 0.03 0.02 0.03 0.04 0.06 0.09 0.13 0.18 0.24
0.00 0.00 0.00 0.00 0.00 0.00 0.00 0.00 0.00 0.00 0.00 0.00 0.00 0.00 0.00 0.00 0.00 0.00 0.00 0.00 0.00 0.00 0.00 0.00 0.00 0.00 0.00 0.00 0.00 0.00 0.00 0.00 0.00 0.00 0.00 0.00 0.00 0.00 0.00 0.00 0.00 0.00 0.00 0.00 0.00 0.00 0.00 0.00 0.00 0.00 0.00 0.00 0.00 0.00 0.00 0.00 0.00 0.00 0.00 0.00 0.00 0.02 0.15 0.26 0.33 0.37 0.37 0.35 0.29 0.21 0.15 0.09 0.05 0.01 0.00 0.00 0.00 0.00 0.00 0.02 0.05 0.09 0.14 0.20
0.00 0.00 0.00 0.00 0.00 0.00 0.00 0.00 0.00 0.00 0.00 0.00 0.00 0.00 0.00 0.00 0.00 0.00 0.00 0.00 0.00 0.00 0.00 0.00 0.00 0.00 0.00 0.00 0.00 0.00 0.00 0.00 0.00 0.00 0.00 0.00 0.00 0.00 0.00 0.00 0.00 0.00 0.00 0.00 0.00 0.00 0.00 0.00 0.00 0.00 0.00 0.00 0.00 0.00 0.00 0.00 0.00 0.00 0.00 0.00 0.00 0.00 0.07 0.18 0.26 0.30 0.32 0.29 0.24 0.16 0.09 0.04 0.00 0.00 0.00 0.00 0.00 0.00 0.00 0.00 0.01 0.06 0.11 0.17
0.00 0.00 0.00 0.00 0.00 0.00 0.00 0.00 0.00 0.00 0.00 0.00 0.00 0.00 0.00 0.00 0.00 0.00 0.00 0.00 0.00 0.00 0.00 0.00 0.00 0.00 0.00 0.00 0.00 0.00 0.00 0.00 0.00 0.00 0.00 0.00 0.00 0.00 0.00 0.00 0.00 0.00 0.00 0.00 0.00 0.00 0.00 0.00 0.00 0.00 0.00 0.00 0.00 0.00 0.00 0.00 0.00 0.00 0.00 0.00 0.00 0.00 0.00 0.11 0.19 0.24 0.26 0.24 0.18 0.11 0.04 0.00 0.00 0.00 0.00 0.00 0.00 0.00 0.00 0.00 0.00 0.03 0.09 0.15
0.00 0.00 0.00 0.00 0.00 0.00 0.00 0.00 0.00 0.00 0.00 0.00 0.00 0.00 0.00 0.00 0.00 0.00 0.00 0.00 0.00 0.00 0.00 0.00 0.00 0.00 0.00 0.00 0.00 0.00 0.00 0.00 0.00 0.00 0.00 0.00 0.00 0.00 0.00 0.00 0.00 0.00 0.00 0.00 0.00 0.00 0.00 0.00 0.00 0.00 0.00 0.00 0.00 0.00 0.00 0.00 0.00 0.00 0.00 0.00 0.00 0.00 0.00 0.03 0.13 0.19 0.21 0.19 0.14 0.06 0.00 0.00 0.00 0.00 0.00 0.00 0.00 0.00 0.00 0.00 0.00 0.01 0.07 0.14
0.00 0.00 0.00 0.00 0.00 0.00 0.00 0.00 0.00 0.00 0.00 0.00 0.00 0.00 0.00 0.00 0.00 0.00 0.00 0.00 0.00 0.00 0.00 0.00 0.00 0.00 0.00 0.00 0.00 0.00 0.00 0.00 0.00 0.00 0.00 0.00 0.00 0.00 0.00 0.00 0.00 0.00 0.00 0.00 0.00 0.00 0.00 0.00 0.00 0.00 0.00 0.00 0.00 0.00 0.00 0.00 0.00 0.00 0.00 0.00 0.00 0.00 0.00 0.00 0.06 0.13 0.16 0.14 0.09 0.02 0.00 0.00 0.00 0.00 0.00 0.00 0.00 0.00 0.00 0.00 0.00 0.00 0.06 0.13
