data_processed/recharge/precip/Precip_1984_05.asc
ncols        168
nrows        136
xllcorner    455000
yllcorner    2107000
cellsize     500
NODATA_value     -99999
[rows 68 to 101 of 136, columns 76 to 151 of 168]
57.04 56.88 56.76 56.72 56.74 56.85 57.08 57.46 57.95 58.50 59.07 59.59 60.06 60.45 60.78 61.05 61.25 61.39 61.43 61.37 61.21 60.98 60.70 60.39 60.07 59.76 59.48 59.24 59.08 59.01 59.07 59.27 59.63 60.18 60.91 61.74 62.51 63.22 63.91 64.57 65.25 65.96 66.71 67.49 68.32 69.17 70.06 70.99 71.95 72.95 73.98 75.04 76.10 77.09 77.98 78.74 79.36 79.83 80.18 80.46 80.68 80.84 80.94 80.97 80.83 80.41 79.70 78.74 77.54 76.15 74.57 72.83 70.97 69.01 66.97 64.87
57.65 57.26 56.95 56.71 56.57 56.58 56.79 57.15 57.63 58.17 58.73 59.25 59.71 60.12 60.46 60.75 60.98 61.15 61.27 61.31 61.24 61.09 60.88 60.63 60.36 60.09 59.84 59.62 59.48 59.42 59.48 59.67 60.01 60.51 61.19 61.96 62.67 63.31 63.93 64.53 65.13 65.77 66.45 67.19 67.98 68.81 69.70 70.64 71.63 72.66 73.74 74.84 75.90 76.86 77.73 78.48 79.10 79.58 79.94 80.23 80.47 80.66 80.78 80.84 80.83 80.64 80.17 79.42 78.41 77.17 75.72 74.10 72.31 70.40 68.38 66.27
58.20 57.56 57.01 56.56 56.29 56.26 56.44 56.79 57.25 57.78 58.32 58.84 59.30 59.71 60.06 60.36 60.62 60.82 60.98 61.10 61.13 61.08 60.95 60.77 60.56 60.34 60.13 59.96 59.84 59.81 59.88 60.06 60.38 60.86 61.50 62.21 62.86 63.45 64.00 64.54 65.08 65.65 66.27 66.96 67.71 68.52 69.40 70.35 71.36 72.43 73.54 74.61 75.63 76.57 77.41 78.15 78.77 79.26 79.63 79.93 80.19 80.39 80.54 80.62 80.64 80.58 80.35 79.84 79.04 77.99 76.70 75.20 73.52 71.68 69.70 67.59
58.63 57.71 56.90 56.29 55.96 55.90 56.06 56.38 56.82 57.33 57.86 58.37 58.82 59.23 59.59 59.91 60.18 60.41 60.61 60.76 60.88 60.93 60.90 60.80 60.67 60.51 60.36 60.24 60.17 60.17 60.26 60.45 60.76 61.21 61.81 62.48 63.08 63.62 64.12 64.60 65.09 65.60 66.16 66.79 67.50 68.29 69.17 70.12 71.14 72.22 73.30 74.33 75.31 76.21 77.04 77.76 78.38 78.87 79.25 79.57 79.84 80.06 80.22 80.33 80.37 80.34 80.24 79.97 79.41 78.57 77.47 76.13 74.57 72.82 70.88 68.82
58.87 57.64 56.64 55.96 55.61 55.52 55.64 55.94 56.35 56.84 57.36 57.85 58.29 58.70 59.06 59.39 59.67 59.93 60.15 60.35 60.51 60.64 60.72 60.72 60.67 60.60 60.52 60.47 60.45 60.49 60.61 60.81 61.12 61.55 62.13 62.76 63.32 63.82 64.27 64.71 65.15 65.61 66.12 66.69 67.36 68.12 68.98 69.93 70.96 71.99 73.01 73.99 74.93 75.80 76.60 77.31 77.92 78.41 78.80 79.14 79.42 79.66 79.84 79.96 80.02 80.02 79.95 79.81 79.49 78.89 78.00 76.84 75.42 73.76 71.92 69.92
58.88 57.42 56.34 55.63 55.23 55.11 55.20 55.46 55.85 56.32 56.81 57.29 57.72 58.12 58.48 58.81 59.11 59.39 59.64 59.86 60.06 60.25 60.41 60.52 60.57 60.60 60.61 60.63 60.68 60.77 60.91 61.14 61.45 61.88 62.44 63.04 63.57 64.03 64.45 64.85 65.25 65.67 66.13 66.66 67.28 68.01 68.85 69.78 70.74 71.71 72.67 73.60 74.50 75.34 76.11 76.81 77.41 77.90 78.30 78.65 78.94 79.19 79.39 79.53 79.61 79.63 79.58 79.47 79.28 78.92 78.26 77.28 76.01 74.50 72.77 70.87
58.71 57.17 56.05 55.29 54.85 54.68 54.74 54.97 55.33 55.77 56.24 56.69 57.11 57.50 57.86 58.19 58.50 58.79 59.06 59.31 59.55 59.78 59.99 60.20 60.37 60.50 60.62 60.72 60.84 60.98 61.17 61.42 61.76 62.19 62.73 63.31 63.81 64.25 64.64 65.01 65.38 65.76 66.19 66.68 67.26 67.95 68.74 69.60 70.49 71.39 72.29 73.17 74.02 74.83 75.58 76.25 76.85 77.34 77.74 78.09 78.40 78.66 78.87 79.03 79.13 79.17 79.15 79.06 78.90 78.66 78.21 77.43 76.34 74.99 73.41 71.65
58.50 56.93 55.76 54.95 54.47 54.26 54.28 54.47 54.80 55.21 55.65 56.08 56.47 56.85 57.20 57.53 57.85 58.15 58.44 58.72 58.99 59.25 59.51 59.79 60.06 60.31 60.53 60.73 60.92 61.13 61.37 61.66 62.01 62.45 62.99 63.56 64.05 64.47 64.84 65.19 65.53 65.89 66.29 66.75 67.30 67.93 68.63 69.39 70.20 71.03 71.86 72.69 73.50 74.27 74.99 75.65 76.23 76.72 77.13 77.49 77.81 78.08 78.30 78.47 78.59 78.64 78.64 78.58 78.44 78.19 77.82 77.24 76.37 75.22 73.83 72.23
58.24 56.69 55.48 54.63 54.09 53.84 53.81 53.97 54.26 54.63 55.04 55.44 55.82 56.17 56.51 56.84 57.16 57.47 57.78 58.08 58.38 58.68 58.99 59.32 59.66 60.01 60.34 60.63 60.91 61.19 61.49 61.83 62.22 62.67 63.22 63.78 64.26 64.67 65.03 65.36 65.69 66.03 66.41 66.85 67.36 67.91 68.51 69.16 69.87 70.63 71.40 72.17 72.93 73.67 74.36 75.00 75.57 76.05 76.46 76.83 77.16 77.44 77.67 77.85 77.98 78.06 78.08 78.02 77.86 77.58 77.21 76.73 76.08 75.16 73.98 72.59
57.97 56.45 55.23 54.32 53.74 53.43 53.36 53.47 53.72 54.06 54.44 54.80 55.15 55.49 55.81 56.13 56.45 56.77 57.09 57.40 57.73 58.08 58.44 58.81 59.21 59.62 60.04 60.44 60.81 61.17 61.54 61.93 62.35 62.84 63.39 63.96 64.44 64.85 65.21 65.53 65.85 66.18 66.55 66.96 67.41 67.88 68.38 68.93 69.54 70.20 70.90 71.62 72.33 73.03 73.69 74.30 74.86 75.34 75.76 76.13 76.46 76.75 76.99 77.18 77.33 77.42 77.44 77.36 77.16 76.86 76.47 76.00 75.47 74.79 73.85 72.69
57.76 56.25 55.01 54.05 53.41 53.05 52.93 52.99 53.20 53.49 53.83 54.17 54.48 54.79 55.10 55.41 55.73 56.05 56.37 56.71 57.07 57.45 57.85 58.27 58.71 59.17 59.64 60.13 60.61 61.06 61.50 61.94 62.42 62.94 63.51 64.09 64.58 65.00 65.36 65.69 66.00 66.33 66.69 67.05 67.43 67.82 68.24 68.70 69.20 69.76 70.38 71.03 71.70 72.35 72.98 73.57 74.11 74.59 75.00 75.38 75.71 76.01 76.26 76.46 76.62 76.71 76.70 76.57 76.34 76.02 75.62 75.16 74.65 74.09 73.42 72.52
57.63 56.13 54.87 53.86 53.13 52.70 52.52 52.54 52.69 52.95 53.24 53.54 53.82 54.11 54.39 54.69 55.00 55.31 55.65 56.01 56.39 56.80 57.23 57.69 58.17 58.67 59.19 59.73 60.28 60.83 61.35 61.87 62.40 62.96 63.56 64.16 64.67 65.10 65.47 65.81 66.14 66.47 66.79 67.10 67.42 67.74 68.09 68.47 68.88 69.34 69.85 70.42 71.03 71.64 72.24 72.81 73.33 73.80 74.21 74.59 74.92 75.22 75.48 75.70 75.85 75.90 75.83 75.66 75.40 75.06 74.66 74.20 73.71 73.20 72.67 72.04
57.65 56.16 54.86 53.79 52.96 52.42 52.15 52.11 52.22 52.42 52.68 52.93 53.18 53.43 53.69 53.97 54.27 54.58 54.93 55.30 55.70 56.13 56.59 57.08 57.59 58.12 58.68 59.26 59.87 60.49 61.10 61.69 62.29 62.90 63.54 64.16 64.70 65.15 65.54 65.90 66.24 66.55 66.83 67.11 67.37 67.64 67.93 68.23 68.56 68.93 69.34 69.81 70.34 70.91 71.47 72.01 72.52 72.98 73.38 73.76 74.10 74.40 74.66 74.87 74.97 74.96 74.84 74.63 74.34 73.99 73.59 73.15 72.68 72.20 71.73 71.26
57.87 56.37 55.04 53.89 52.97 52.29 51.87 51.73 51.78 51.94 52.14 52.35 52.56 52.78 53.01 53.27 53.55 53.87 54.22 54.60 55.01 55.46 55.93 56.44 56.97 57.53 58.12 58.74 59.38 60.04 60.73 61.41 62.07 62.74 63.43 64.08 64.65 65.13 65.56 65.93 66.27 66.56 66.83 67.07 67.30 67.52 67.75 67.98 68.24 68.53 68.86 69.23 69.66 70.15 70.67 71.18 71.67 72.12 72.52 72.90 73.24 73.54 73.79 73.94 73.97 73.90 73.73 73.49 73.18 72.81 72.41 71.98 71.54 71.11 70.68 70.29
58.34 56.83 55.45 54.23 53.19 52.37 51.79 51.46 51.40 51.49 51.65 51.81 51.97 52.15 52.36 52.59 52.87 53.18 53.52 53.91 54.32 54.77 55.26 55.78 56.33 56.91 57.52 58.16 58.83 59.53 60.25 61.00 61.74 62.48 63.21 63.92 64.52 65.05 65.50 65.89 66.23 66.52 66.77 66.99 67.19 67.37 67.55 67.73 67.93 68.15 68.40 68.68 69.02 69.41 69.85 70.33 70.80 71.24 71.63 72.00 72.34 72.63 72.82 72.89 72.85 72.72 72.51 72.23 71.90 71.53 71.13 70.72 70.31 69.92 69.55 69.22
59.10 57.57 56.14 54.84 53.69 52.72 51.95 51.42 51.14 51.11 51.20 51.31 51.42 51.56 51.74 51.95 52.21 52.51 52.85 53.22 53.64 54.09 54.58 55.10 55.66 56.25 56.88 57.54 58.23 58.95 59.70 60.48 61.29 62.10 62.90 63.65 64.31 64.87 65.36 65.77 66.12 66.41 66.66 66.86 67.04 67.20 67.34 67.48 67.62 67.77 67.95 68.16 68.41 68.70 69.06 69.47 69.91 70.33 70.72 71.08 71.40 71.62 71.71 71.70 71.60 71.42 71.17 70.86 70.51 70.14 69.75 69.37 68.99 68.64 68.33 68.07
60.22 58.66 57.17 55.78 54.51 53.38 52.43 51.67 51.14 50.86 50.81 50.86 50.93 51.03 51.17 51.36 51.59 51.87 52.19 52.55 52.96 53.40 53.88 54.41 54.97 55.57 56.20 56.87 57.58 58.32 59.09 59.89 60.73 61.60 62.46 63.28 63.99 64.60 65.12 65.57 65.93 66.24 66.49 66.69 66.86 66.99 67.11 67.21 67.31 67.41 67.53 67.67 67.84 68.05 68.31 68.62 69.00 69.40 69.78 70.12 70.36 70.48 70.49 70.40 70.24 70.00 69.72 69.39 69.03 68.65 68.28 67.92 67.58 67.28 67.03 66.85
61.72 60.14 58.59 57.10 55.70 54.41 53.26 52.28 51.49 50.92 50.59 50.49 50.49 50.55 50.66 50.81 51.01 51.26 51.56 51.90 52.29 52.72 53.19 53.70 54.26 54.85 55.49 56.16 56.88 57.63 58.41 59.23 60.09 60.98 61.90 62.78 63.56 64.22 64.79 65.27 65.67 66.00 66.26 66.47 66.63 66.76 66.85 66.93 66.99 67.05 67.12 67.20 67.30 67.44 67.61 67.84 68.12 68.46 68.81 69.06 69.19 69.21 69.14 68.98 68.76 68.48 68.16 67.80 67.44 67.07 66.71 66.37 66.08 65.83 65.65 65.54
63.53 61.92 60.31 58.72 57.20 55.76 54.42 53.22 52.17 51.32 50.66 50.17 49.94 49.95 50.03 50.15 50.33 50.55 50.83 51.15 51.52 51.94 52.40 52.91 53.46 54.06 54.70 55.38 56.10 56.86 57.67 58.51 59.39 60.30 61.24 62.15 62.99 63.72 64.35 64.88 65.32 65.68 65.96 66.19 66.36 66.48 66.57 66.63 66.67 66.69 66.72 66.75 66.80 66.86 66.97 67.11 67.30 67.51 67.68 67.80 67.83 67.77 67.62 67.40 67.12 66.81 66.46 66.09 65.73 65.37 65.03 64.73 64.49 64.30 64.19 64.17
65.33 63.72 62.07 60.43 58.81 57.24 55.74 54.34 53.08 51.95 50.92 49.85 49.09 48.89 48.94 49.06 49.23 49.46 49.73 50.06 50.44 50.87 51.35 51.87 52.45 53.07 53.73 54.45 55.20 56.00 56.84 57.73 58.65 59.59 60.50 61.39 62.26 63.07 63.76 64.35 64.84 65.24 65.56 65.81 66.00 66.13 66.22 66.28 66.30 66.31 66.30 66.30 66.30 66.31 66.35 66.42 66.50 66.46 66.33 66.25 66.19 66.05 65.84 65.58 65.27 64.93 64.57 64.21 63.86 63.53 63.23 62.99 62.80 62.70 62.68 62.76
67.03 65.46 63.82 62.14 60.46 58.79 57.16 55.61 54.14 52.70 51.16 49.53 48.20 47.52 47.41 47.54 47.73 47.98 48.29 48.65 49.06 49.53 50.05 50.62 51.24 51.91 52.64 53.40 54.22 55.08 55.99 56.95 57.91 58.83 59.70 60.55 61.40 62.24 63.01 63.67 64.22 64.68 65.05 65.34 65.56 65.71 65.82 65.88 65.90 65.89 65.87 65.84 65.80 65.78 65.76 65.74 65.59 65.27 64.85 64.51 64.27 64.07 63.82 63.53 63.20 62.86 62.51 62.17 61.85 61.57 61.34 61.16 61.06 61.05 61.14 61.35
68.62 67.10 65.50 63.82 62.11 60.37 58.65 56.96 55.24 53.37 51.34 49.21 47.36 46.18 45.64 45.64 45.88 46.18 46.54 46.96 47.44 47.97 48.56 49.20 49.90 50.65 51.45 52.31 53.21 54.17 55.17 56.18 57.13 58.00 58.83 59.64 60.47 61.30 62.11 62.84 63.47 63.99 64.42 64.76 65.02 65.21 65.34 65.42 65.45 65.45 65.42 65.37 65.31 65.26 65.17 64.95 64.55 63.97 63.29 62.69 62.21 61.87 61.59 61.29 60.96 60.64 60.32 60.02 59.75 59.53 59.38 59.29 59.30 59.40 59.62 59.96
70.03 68.62 67.08 65.44 63.72 61.96 60.17 58.29 56.22 53.93 51.46 48.87 46.57 44.93 43.94 43.58 43.73 44.11 44.55 45.06 45.63 46.25 46.94 47.68 48.48 49.33 50.25 51.21 52.23 53.30 54.38 55.38 56.28 57.11 57.90 58.68 59.48 60.28 61.09 61.87 62.58 63.18 63.68 64.08 64.40 64.63 64.80 64.91 64.96 64.97 64.95 64.90 64.83 64.71 64.46 64.02 63.39 62.57 61.66 60.83 60.13 59.58 59.19 58.89 58.59 58.29 58.02 57.78 57.59 57.45 57.39 57.41 57.54 57.78 58.14 58.64
71.26 69.97 68.53 66.95 65.27 63.50 61.60 59.43 57.01 54.36 51.51 48.52 45.81 43.77 42.40 41.65 41.49 41.82 42.37 42.99 43.68 44.42 45.23 46.10 47.03 48.02 49.06 50.17 51.33 52.49 53.56 54.51 55.37 56.16 56.91 57.66 58.43 59.22 60.01 60.80 61.56 62.25 62.83 63.30 63.68 63.97 64.19 64.34 64.42 64.46 64.45 64.40 64.30 64.05 63.60 62.96 62.13 61.11 59.99 58.96 58.07 57.33 56.76 56.38 56.11 55.87 55.66 55.49 55.39 55.36 55.41 55.56 55.83 56.21 56.74 57.41
72.24 71.12 69.81 68.33 66.71 64.89 62.77 60.33 57.62 54.66 51.48 48.15 45.09 42.71 41.00 39.92 39.44 39.52 40.06 40.82 41.65 42.54 43.50 44.52 45.61 46.76 47.97 49.23 50.51 51.66 52.68 53.59 54.40 55.16 55.88 56.59 57.34 58.11 58.88 59.66 60.44 61.18 61.85 62.41 62.87 63.23 63.50 63.70 63.83 63.90 63.92 63.87 63.66 63.24 62.62 61.81 60.80 59.60 58.31 57.11 56.04 55.14 54.41 53.89 53.57 53.39 53.26 53.19 53.20 53.29 53.47 53.77 54.19 54.75 55.44 56.23
72.97 72.04 70.89 69.53 67.93 65.97 63.65 60.99 58.04 54.82 51.37 47.75 44.40 41.73 39.74 38.38 37.64 37.46 37.81 38.60 39.59 40.66 41.80 43.00 44.27 45.60 47.00 48.40 49.67 50.78 51.75 52.61 53.38 54.10 54.79 55.48 56.20 56.95 57.72 58.49 59.26 60.02 60.76 61.41 61.95 62.40 62.74 63.01 63.19 63.31 63.34 63.20 62.85 62.30 61.54 60.58 59.42 58.08 56.64 55.29 54.08 53.04 52.18 51.53 51.10 50.90 50.87 50.91 51.04 51.27 51.61 52.07 52.66 53.40 54.21 55.09
73.39 72.68 71.72 70.46 68.78 66.69 64.22 61.40 58.26 54.84 51.18 47.32 43.73 40.83 38.61 37.04 36.08 35.69 35.85 36.50 37.57 38.83 40.17 41.59 43.07 44.61 46.16 47.56 48.77 49.83 50.76 51.58 52.31 53.00 53.65 54.31 55.01 55.75 56.51 57.28 58.05 58.82 59.58 60.30 60.94 61.48 61.91 62.25 62.50 62.65 62.62 62.38 61.92 61.25 60.37 59.30 58.02 56.56 54.99 53.52 52.20 51.05 50.09 49.34 48.81 48.54 48.52 48.69 48.96 49.34 49.85 50.49 51.27 52.12 53.02 53.97
73.47 73.02 72.21 70.94 69.21 67.04 64.48 61.55 58.29 54.72 50.90 46.86 43.08 40.00 37.61 35.88 34.76 34.23 34.24 34.75 35.74 37.13 38.69 40.34 42.06 43.77 45.32 46.66 47.83 48.84 49.72 50.50 51.20 51.85 52.47 53.11 53.79 54.51 55.26 56.03 56.81 57.59 58.36 59.11 59.83 60.46 60.99 61.42 61.72 61.84 61.74 61.41 60.87 60.12 59.16 57.99 56.62 55.06 53.40 51.85 50.44 49.21 48.17 47.34 46.75 46.41 46.34 46.56 46.99 47.54 48.24 49.07 49.96 50.90 51.87 52.89
73.17 72.94 72.20 70.95 69.21 67.03 64.43 61.44 58.11 54.45 50.52 46.36 42.45 39.25 36.75 34.90 33.68 33.05 32.97 33.41 34.32 35.68 37.41 39.31 41.21 42.93 44.42 45.71 46.83 47.79 48.63 49.37 50.04 50.65 51.25 51.86 52.53 53.24 53.99 54.76 55.54 56.33 57.12 57.90 58.65 59.36 59.99 60.50 60.80 60.87 60.72 60.34 59.74 58.93 57.91 56.68 55.25 53.62 51.90 50.27 48.81 47.52 46.43 45.56 44.93 44.55 44.46 44.66 45.16 45.90 46.79 47.74 48.71 49.71 50.75 51.84
72.40 72.31 71.66 70.47 68.79 66.64 64.06 61.07 57.72 54.03 50.04 45.82 41.84 38.56 36.00 34.10 32.83 32.16 32.05 32.46 33.35 34.70 36.46 38.47 40.38 42.04 43.48 44.71 45.78 46.70 47.50 48.20 48.83 49.42 49.99 50.59 51.24 51.94 52.68 53.45 54.24 55.05 55.86 56.66 57.44 58.20 58.90 59.42 59.70 59.75 59.58 59.17 58.55 57.71 56.65 55.39 53.92 52.26 50.49 48.83 47.34 46.03 44.91 44.02 43.38 42.99 42.89 43.09 43.62 44.45 45.44 46.47 47.51 48.58 49.68 50.84
71.09 71.08 70.57 69.51 67.93 65.87 63.36 60.43 57.12 53.45 49.47 45.22 41.22 37.94 35.37 33.47 32.21 31.55 31.46 31.90 32.83 34.22 35.93 37.73 39.50 41.10 42.48 43.67 44.69 45.57 46.33 47.00 47.60 48.16 48.70 49.28 49.91 50.61 51.34 52.12 52.92 53.75 54.58 55.40 56.22 57.00 57.66 58.17 58.46 58.52 58.35 57.94 57.32 56.48 55.42 54.15 52.67 50.99 49.22 47.55 46.05 44.74 43.63 42.75 42.12 41.75 41.68 41.90 42.44 43.21 44.18 45.25 46.36 47.49 48.66 49.87
69.39 69.33 68.93 68.05 66.64 64.72 62.34 59.52 56.30 52.71 48.78 44.58 40.61 37.37 34.85 33.00 31.81 31.22 31.20 31.72 32.74 34.13 35.62 37.13 38.64 40.12 41.45 42.59 43.56 44.40 45.12 45.75 46.33 46.86 47.38 47.94 48.56 49.25 49.99 50.77 51.59 52.42 53.28 54.13 54.97 55.71 56.33 56.79 57.09 57.19 57.04 56.67 56.08 55.26 54.22 52.97 51.52 49.86 48.09 46.45 44.97 43.69 42.61 41.77 41.18 40.86 40.83 41.09 41.58 42.23 43.08 44.11 45.26 46.45 47.68 48.95
67.40 67.24 66.83 66.10 64.90 63.19 60.99 58.33 55.26 51.80 47.98 43.88 40.00 36.86 34.43 32.70 31.62 31.16 31.27 31.93 32.99 34.18 35.40 36.65 37.90 39.15 40.37 41.46 42.40 43.19 43.88 44.48 45.03 45.54 46.04 46.58 47.19 47.87 48.61 49.40 50.23 51.09 51.97 52.84 53.65 54.34 54.92 55.36 55.66 55.78 55.70 55.39 54.85 54.08 53.09 51.89 50.48 48.86 47.14 45.54 44.12 42.89 41.88 41.10 40.58 40.33 40.36 40.59 40.96 41.50 42.22 43.13 44.24 45.47 46.75 48.07
65.19 64.93 64.45 63.73 62.72 61.26 59.29 56.86 53.99 50.71 47.07 43.11 39.38 36.39 34.12 32.56 31.65 31.37 31.66 32.40 33.30 34.24 35.22 36.22 37.25 38.28 39.31 40.31 41.20 41.96 42.61 43.18 43.70 44.19 44.67 45.20 45.80 46.48 47.22 48.02 48.86 49.74 50.63 51.48 52.25 52.92 53.48 53.91 54.21 54.36 54.34 54.11 53.65 52.96 52.06 50.93 49.59 48.05 46.40 44.87 43.53 42.38 41.46 40.77 40.35 40.18 40.19 40.32 40.59 41.02 41.62 42.40 43.38 44.56 45.88 47.24
