data_processed/recharge/precip/Precip_1985_12.asc
ncols        168
nrows        136
xllcorner    455000
yllcorner    2107000
cellsize     500
NODATA_value     -99999
[rows 0 to 37 of 136, columns 84 to 167 of 168]
0.62 0.42 0.20 0.00 0.00 0.00 0.00 0.00 0.00 0.00 0.00 0.00 0.00 0.00 0.00 0.00 0.00 0.00 0.00 0.00 0.00 0.00 0.00 0.00 0.00 0.00 0.00 0.00 0.00 0.00 0.00 0.00 0.00 0.00 0.00 0.00 0.00 0.00 0.00 0.00 0.35 0.88 1.48 2.15 2.91 3.75 4.66 5.63 6.66 7.74 8.84 9.82 10.59 11.18 11.60 11.86 11.97 11.95 11.83 11.69 11.54 11.40 11.25 11.11 10.97 10.84 10.75 10.76 10.87 11.07 11.36 11.74 12.21 12.74 13.30 13.83 14.34 14.81 15.23 15.61 15.94 16.20 16.36 16.40
0.89 0.67 0.43 0.18 0.00 0.00 0.00 0.00 0.00 0.00 0.00 0.00 0.00 0.00 0.00 0.00 0.00 0.00 0.00 0.00 0.00 0.00 0.00 0.00 0.00 0.00 0.00 0.00 0.00 0.00 0.00 0.00 0.00 0.00 0.00 0.00 0.00 0.00 0.00 0.00 0.00 0.47 1.06 1.74 2.52 3.38 4.31 5.33 6.40 7.54 8.70 9.73 10.57 11.21 11.68 11.99 12.14 12.16 12.05 11.85 11.63 11.41 11.19 10.96 10.75 10.57 10.49 10.52 10.64 10.85 11.16 11.55 12.02 12.56 13.12 13.66 14.17 14.64 15.08 15.47 15.81 16.09 16.29 16.39
1.16 0.93 0.68 0.41 0.14 0.00 0.00 0.00 0.00 0.00 0.00 0.00 0.00 0.00 0.00 0.00 0.00 0.00 0.00 0.00 0.00 0.00 0.00 0.00 0.00 0.00 0.00 0.00 0.00 0.00 0.00 0.00 0.00 0.00 0.00 0.00 0.00 0.00 0.00 0.00 0.00 0.11 0.68 1.36 2.14 3.00 3.96 4.99 6.10 7.27 8.48 9.56 10.43 11.11 11.62 11.96 12.14 12.18 12.09 11.89 11.60 11.30 10.99 10.68 10.41 10.25 10.18 10.22 10.35 10.58 10.89 11.29 11.76 12.31 12.87 13.42 13.93 14.41 14.85 15.25 15.59 15.88 16.11 16.26
1.44 1.20 0.94 0.65 0.37 0.12 0.00 0.00 0.00 0.00 0.00 0.00 0.00 0.00 0.00 0.00 0.00 0.00 0.00 0.00 0.00 0.00 0.00 0.00 0.00 0.00 0.00 0.00 0.00 0.00 0.00 0.00 0.00 0.00 0.00 0.00 0.00 0.00 0.00 0.00 0.00 0.00 0.37 1.02 1.78 2.65 3.60 4.64 5.76 6.96 8.19 9.30 10.20 10.90 11.43 11.78 11.98 12.03 11.95 11.75 11.44 11.05 10.65 10.29 10.03 9.88 9.83 9.88 10.02 10.26 10.58 10.98 11.46 12.01 12.57 13.12 13.64 14.12 14.57 14.97 15.32 15.61 15.84 16.01
1.72 1.48 1.20 0.90 0.61 0.35 0.14 0.00 0.00 0.00 0.00 0.00 0.00 0.00 0.00 0.00 0.00 0.00 0.00 0.00 0.00 0.00 0.00 0.00 0.00 0.00 0.00 0.00 0.00 0.00 0.00 0.00 0.00 0.00 0.00 0.00 0.00 0.00 0.00 0.00 0.00 0.00 0.13 0.75 1.48 2.31 3.25 4.28 5.41 6.61 7.86 8.97 9.88 10.60 11.12 11.48 11.67 11.72 11.63 11.42 11.09 10.67 10.23 9.87 9.63 9.49 9.45 9.51 9.66 9.90 10.23 10.63 11.12 11.66 12.23 12.78 13.30 13.78 14.23 14.63 14.99 15.28 15.52 15.70
2.01 1.75 1.47 1.16 0.85 0.59 0.36 0.18 0.04 0.00 0.00 0.00 0.00 0.00 0.00 0.00 0.00 0.00 0.00 0.00 0.00 0.00 0.00 0.00 0.00 0.00 0.00 0.00 0.00 0.00 0.00 0.00 0.00 0.00 0.00 0.00 0.00 0.00 0.00 0.00 0.00 0.00 0.00 0.54 1.22 2.02 2.93 3.94 5.04 6.23 7.48 8.60 9.50 10.21 10.72 11.06 11.24 11.26 11.15 10.91 10.55 10.15 9.76 9.43 9.20 9.07 9.05 9.12 9.28 9.52 9.85 10.26 10.74 11.29 11.85 12.40 12.92 13.40 13.85 14.25 14.61 14.91 15.15 15.33
2.28 2.03 1.74 1.43 1.11 0.83 0.60 0.40 0.25 0.13 0.04 0.00 0.00 0.00 0.00 0.00 0.00 0.00 0.00 0.00 0.00 0.00 0.00 0.00 0.00 0.00 0.00 0.00 0.00 0.00 0.00 0.00 0.00 0.00 0.00 0.00 0.00 0.00 0.00 0.00 0.00 0.00 0.00 0.41 1.04 1.78 2.64 3.61 4.68 5.85 7.08 8.18 9.06 9.74 10.23 10.54 10.68 10.67 10.52 10.24 9.89 9.55 9.24 8.97 8.77 8.65 8.63 8.71 8.87 9.13 9.46 9.86 10.34 10.89 11.45 11.99 12.51 12.99 13.44 13.84 14.20 14.50 14.75 14.94
2.55 2.29 2.01 1.69 1.36 1.08 0.84 0.64 0.47 0.34 0.24 0.17 0.11 0.06 0.02 0.00 0.00 0.00 0.00 0.00 0.00 0.00 0.00 0.00 0.00 0.00 0.00 0.00 0.00 0.00 0.00 0.00 0.00 0.00 0.00 0.00 0.00 0.00 0.00 0.00 0.00 0.00 0.00 0.39 0.93 1.61 2.41 3.32 4.35 5.47 6.67 7.73 8.58 9.22 9.67 9.93 10.02 9.96 9.75 9.47 9.18 8.92 8.68 8.48 8.33 8.23 8.22 8.30 8.47 8.72 9.05 9.46 9.94 10.48 11.03 11.57 12.08 12.57 13.01 13.41 13.77 14.07 14.33 14.58
2.80 2.55 2.26 1.94 1.61 1.33 1.08 0.88 0.71 0.57 0.46 0.38 0.30 0.23 0.17 0.10 0.04 0.00 0.00 0.00 0.00 0.00 0.00 0.00 0.00 0.00 0.00 0.00 0.00 0.00 0.00 0.00 0.00 0.00 0.00 0.00 0.00 0.00 0.00 0.00 0.00 0.00 0.15 0.47 0.92 1.51 2.23 3.08 4.04 5.11 6.26 7.28 8.07 8.65 9.04 9.24 9.27 9.14 8.92 8.69 8.48 8.28 8.11 7.97 7.87 7.81 7.81 7.90 8.07 8.32 8.65 9.06 9.53 10.06 10.61 11.14 11.65 12.13 12.57 12.96 13.32 13.63 13.94 14.25
3.04 2.79 2.51 2.19 1.86 1.57 1.32 1.11 0.94 0.80 0.69 0.59 0.49 0.40 0.32 0.24 0.16 0.09 0.01 0.00 0.00 0.00 0.00 0.00 0.00 0.00 0.00 0.00 0.00 0.00 0.00 0.00 0.00 0.00 0.00 0.00 0.00 0.00 0.00 0.00 0.00 0.13 0.38 0.67 1.03 1.51 2.14 2.90 3.78 4.78 5.87 6.82 7.54 8.06 8.37 8.50 8.45 8.29 8.12 7.95 7.80 7.66 7.54 7.45 7.40 7.39 7.42 7.51 7.69 7.94 8.27 8.66 9.13 9.65 10.20 10.72 11.22 11.69 12.12 12.52 12.88 13.24 13.60 13.97
3.25 3.01 2.74 2.42 2.09 1.80 1.56 1.35 1.18 1.03 0.91 0.79 0.68 0.57 0.47 0.37 0.28 0.20 0.11 0.03 0.00 0.00 0.00 0.00 0.00 0.00 0.00 0.00 0.00 0.00 0.00 0.00 0.00 0.00 0.00 0.00 0.00 0.00 0.00 0.00 0.13 0.37 0.63 0.92 1.23 1.62 2.14 2.79 3.58 4.50 5.50 6.37 7.01 7.44 7.67 7.70 7.62 7.51 7.39 7.28 7.17 7.08 7.01 6.97 6.95 6.97 7.04 7.15 7.33 7.58 7.90 8.29 8.75 9.26 9.80 10.31 10.80 11.26 11.69 12.09 12.49 12.91 13.32 13.73
3.44 3.21 2.94 2.63 2.31 2.03 1.78 1.58 1.41 1.25 1.11 0.97 0.85 0.73 0.61 0.51 0.40 0.31 0.21 0.12 0.04 0.00 0.00 0.00 0.00 0.00 0.00 0.00 0.00 0.00 0.00 0.00 0.00 0.00 0.00 0.00 0.00 0.00 0.00 0.14 0.37 0.62 0.89 1.18 1.49 1.83 2.24 2.78 3.46 4.27 5.18 5.95 6.50 6.82 6.94 6.93 6.89 6.83 6.76 6.69 6.63 6.58 6.54 6.53 6.54 6.59 6.68 6.82 7.00 7.25 7.57 7.95 8.40 8.90 9.42 9.92 10.40 10.85 11.29 11.73 12.18 12.64 13.10 13.56
3.60 3.39 3.13 2.83 2.51 2.23 1.99 1.79 1.61 1.44 1.28 1.14 1.00 0.86 0.74 0.62 0.51 0.41 0.31 0.22 0.13 0.04 0.00 0.00 0.00 0.00 0.00 0.00 0.00 0.00 0.00 0.00 0.00 0.00 0.00 0.00 0.00 0.00 0.18 0.39 0.62 0.87 1.15 1.44 1.76 2.09 2.44 2.86 3.42 4.11 4.91 5.57 6.00 6.21 6.28 6.30 6.30 6.28 6.25 6.22 6.19 6.17 6.16 6.17 6.21 6.27 6.38 6.52 6.72 6.96 7.27 7.65 8.08 8.57 9.08 9.57 10.04 10.49 10.96 11.45 11.94 12.45 12.94 13.43
3.74 3.53 3.28 2.99 2.69 2.42 2.19 1.98 1.78 1.60 1.43 1.27 1.12 0.98 0.85 0.73 0.61 0.50 0.40 0.30 0.21 0.12 0.04 0.00 0.00 0.00 0.00 0.00 0.00 0.00 0.00 0.00 0.00 0.00 0.00 0.00 0.06 0.23 0.42 0.64 0.87 1.13 1.41 1.70 2.01 2.34 2.69 3.05 3.48 4.04 4.71 5.24 5.55 5.69 5.78 5.84 5.88 5.89 5.89 5.89 5.88 5.88 5.89 5.92 5.96 6.04 6.15 6.30 6.49 6.73 7.03 7.40 7.82 8.29 8.79 9.26 9.73 10.22 10.73 11.25 11.79 12.32 12.85 13.38
3.86 3.65 3.41 3.13 2.84 2.58 2.34 2.12 1.92 1.72 1.54 1.37 1.22 1.07 0.93 0.81 0.69 0.58 0.48 0.38 0.29 0.20 0.12 0.05 0.00 0.00 0.00 0.00 0.00 0.00 0.00 0.00 0.00 0.00 0.00 0.14 0.29 0.47 0.67 0.89 1.13 1.39 1.67 1.96 2.27 2.59 2.92 3.27 3.64 4.07 4.59 4.99 5.22 5.38 5.50 5.59 5.65 5.69 5.71 5.73 5.74 5.75 5.76 5.79 5.84 5.92 6.02 6.16 6.35 6.58 6.86 7.21 7.61 8.07 8.55 9.02 9.52 10.04 10.59 11.15 11.71 12.28 12.84 13.38
3.96 3.75 3.51 3.24 2.96 2.69 2.45 2.22 2.00 1.80 1.61 1.44 1.28 1.13 0.99 0.86 0.74 0.63 0.53 0.44 0.35 0.27 0.20 0.13 0.06 0.00 0.00 0.00 0.00 0.00 0.00 0.00 0.01 0.11 0.23 0.37 0.54 0.72 0.93 1.15 1.39 1.65 1.92 2.21 2.51 2.82 3.15 3.48 3.83 4.18 4.57 4.88 5.12 5.31 5.46 5.57 5.65 5.70 5.73 5.76 5.77 5.78 5.80 5.83 5.87 5.94 6.03 6.15 6.32 6.53 6.78 7.10 7.48 7.92 8.39 8.88 9.42 9.97 10.55 11.14 11.73 12.32 12.90 13.46
4.05 3.83 3.58 3.31 3.03 2.76 2.50 2.27 2.04 1.84 1.64 1.47 1.30 1.15 1.01 0.88 0.77 0.66 0.56 0.47 0.39 0.32 0.25 0.20 0.14 0.09 0.05 0.02 0.01 0.03 0.07 0.13 0.22 0.33 0.46 0.61 0.79 0.98 1.18 1.41 1.65 1.90 2.17 2.45 2.74 3.04 3.35 3.67 4.00 4.34 4.68 4.99 5.26 5.47 5.63 5.75 5.84 5.91 5.95 5.97 5.99 5.99 6.00 6.02 6.05 6.10 6.17 6.27 6.41 6.59 6.82 7.10 7.44 7.86 8.35 8.88 9.44 10.02 10.62 11.23 11.84 12.44 13.04 13.61
4.11 3.89 3.64 3.37 3.09 2.81 2.54 2.30 2.07 1.86 1.66 1.48 1.31 1.16 1.02 0.89 0.77 0.67 0.58 0.49 0.42 0.35 0.29 0.24 0.20 0.16 0.15 0.15 0.17 0.21 0.27 0.35 0.45 0.57 0.71 0.87 1.05 1.24 1.45 1.68 1.91 2.16 2.42 2.69 2.98 3.27 3.57 3.87 4.18 4.51 4.84 5.17 5.45 5.68 5.87 6.01 6.11 6.19 6.23 6.26 6.28 6.28 6.29 6.29 6.31 6.35 6.40 6.48 6.59 6.75 6.94 7.19 7.51 7.95 8.46 9.01 9.59 10.19 10.80 11.42 12.04 12.65 13.25 13.83
4.15 3.93 3.68 3.41 3.13 2.85 2.58 2.32 2.09 1.87 1.66 1.48 1.31 1.15 1.01 0.88 0.77 0.66 0.57 0.49 0.42 0.36 0.31 0.27 0.24 0.23 0.25 0.29 0.35 0.41 0.49 0.58 0.69 0.83 0.98 1.14 1.32 1.52 1.73 1.95 2.19 2.43 2.69 2.95 3.22 3.50 3.78 4.07 4.37 4.69 5.03 5.36 5.65 5.91 6.11 6.28 6.40 6.49 6.54 6.58 6.60 6.61 6.61 6.62 6.63 6.65 6.69 6.76 6.85 6.98 7.15 7.39 7.73 8.19 8.72 9.28 9.86 10.47 11.09 11.71 12.33 12.94 13.54 14.11
4.17 3.95 3.71 3.44 3.16 2.88 2.61 2.35 2.10 1.87 1.66 1.47 1.30 1.14 0.99 0.86 0.75 0.65 0.56 0.48 0.42 0.36 0.32 0.28 0.27 0.30 0.35 0.43 0.52 0.61 0.71 0.82 0.95 1.09 1.25 1.42 1.61 1.81 2.02 2.24 2.47 2.71 2.95 3.21 3.47 3.73 4.00 4.28 4.58 4.90 5.24 5.56 5.86 6.13 6.36 6.55 6.69 6.80 6.88 6.93 6.96 6.97 6.98 6.98 6.99 7.01 7.04 7.10 7.17 7.29 7.45 7.72 8.09 8.57 9.11 9.67 10.25 10.85 11.46 12.08 12.69 13.29 13.87 14.43
4.17 3.96 3.72 3.45 3.17 2.90 2.63 2.36 2.11 1.88 1.66 1.46 1.28 1.12 0.97 0.84 0.72 0.62 0.53 0.46 0.40 0.35 0.31 0.30 0.32 0.37 0.46 0.57 0.69 0.81 0.94 1.07 1.20 1.36 1.52 1.70 1.89 2.09 2.30 2.52 2.75 2.98 3.22 3.46 3.71 3.97 4.23 4.51 4.81 5.13 5.46 5.79 6.09 6.36 6.61 6.82 7.00 7.13 7.22 7.29 7.33 7.36 7.38 7.39 7.40 7.41 7.44 7.49 7.56 7.67 7.87 8.17 8.57 9.07 9.62 10.17 10.74 11.32 11.92 12.52 13.11 13.69 14.24 14.77
4.17 3.95 3.71 3.45 3.18 2.90 2.63 2.37 2.12 1.88 1.65 1.45 1.26 1.09 0.94 0.81 0.69 0.59 0.50 0.43 0.37 0.32 0.30 0.32 0.37 0.46 0.57 0.71 0.85 1.00 1.15 1.31 1.46 1.62 1.80 1.98 2.17 2.37 2.58 2.80 3.02 3.25 3.48 3.71 3.95 4.20 4.46 4.74 5.05 5.37 5.70 6.03 6.33 6.61 6.86 7.09 7.29 7.45 7.57 7.66 7.73 7.77 7.80 7.82 7.83 7.85 7.88 7.93 8.00 8.16 8.40 8.73 9.16 9.67 10.22 10.78 11.33 11.88 12.44 13.01 13.57 14.12 14.64 15.14
4.14 3.93 3.70 3.44 3.17 2.90 2.63 2.37 2.12 1.88 1.65 1.44 1.24 1.07 0.91 0.77 0.65 0.55 0.46 0.39 0.33 0.30 0.31 0.36 0.44 0.55 0.69 0.85 1.02 1.19 1.36 1.53 1.71 1.88 2.06 2.25 2.44 2.65 2.86 3.07 3.29 3.51 3.73 3.95 4.18 4.43 4.70 4.99 5.29 5.62 5.95 6.28 6.58 6.86 7.12 7.37 7.58 7.77 7.92 8.04 8.13 8.19 8.24 8.27 8.30 8.33 8.36 8.42 8.54 8.75 9.03 9.39 9.83 10.36 10.91 11.45 11.99 12.51 13.03 13.55 14.07 14.58 15.06 15.50
4.11 3.90 3.67 3.42 3.15 2.88 2.62 2.36 2.12 1.88 1.64 1.43 1.22 1.04 0.88 0.74 0.61 0.51 0.42 0.35 0.30 0.30 0.34 0.41 0.51 0.64 0.80 0.99 1.17 1.36 1.55 1.74 1.94 2.13 2.32 2.51 2.71 2.91 3.11 3.32 3.54 3.75 3.96 4.18 4.42 4.67 4.95 5.24 5.55 5.87 6.21 6.53 6.84 7.13 7.40 7.64 7.87 8.08 8.27 8.41 8.53 8.62 8.68 8.74 8.78 8.82 8.88 8.99 9.17 9.41 9.73 10.12 10.58 11.12 11.67 12.20 12.70 13.19 13.67 14.14 14.59 15.04 15.47 15.86
4.06 3.86 3.64 3.39 3.12 2.86 2.60 2.35 2.10 1.87 1.64 1.42 1.21 1.02 0.85 0.70 0.58 0.47 0.38 0.32 0.30 0.32 0.38 0.47 0.59 0.74 0.92 1.12 1.33 1.53 1.74 1.94 2.15 2.35 2.55 2.75 2.95 3.15 3.35 3.56 3.76 3.97 4.18 4.41 4.65 4.91 5.19 5.49 5.80 6.13 6.46 6.79 7.10 7.40 7.67 7.93 8.17 8.39 8.60 8.78 8.92 9.04 9.14 9.21 9.28 9.35 9.46 9.63 9.86 10.15 10.50 10.91 11.39 11.92 12.47 12.98 13.46 13.91 14.34 14.75 15.14 15.51 15.87 16.20
4.00 3.81 3.59 3.35 3.09 2.83 2.58 2.33 2.09 1.85 1.62 1.41 1.20 1.00 0.83 0.67 0.54 0.43 0.35 0.31 0.31 0.35 0.43 0.54 0.68 0.85 1.04 1.26 1.47 1.69 1.91 2.12 2.34 2.55 2.76 2.97 3.17 3.37 3.57 3.77 3.97 4.17 4.39 4.63 4.88 5.15 5.44 5.74 6.05 6.38 6.72 7.05 7.36 7.66 7.95 8.21 8.46 8.70 8.92 9.12 9.31 9.46 9.58 9.69 9.79 9.93 10.11 10.33 10.61 10.93 11.31 11.74 12.23 12.77 13.30 13.79 14.24 14.65 15.03 15.37 15.69 15.98 16.25 16.50
3.94 3.75 3.54 3.30 3.05 2.80 2.55 2.30 2.06 1.83 1.61 1.39 1.19 0.99 0.81 0.65 0.51 0.41 0.35 0.33 0.35 0.41 0.50 0.63 0.78 0.96 1.17 1.39 1.61 1.84 2.06 2.29 2.51 2.73 2.94 3.15 3.36 3.56 3.76 3.95 4.15 4.37 4.60 4.84 5.11 5.38 5.68 5.98 6.30 6.63 6.97 7.30 7.62 7.93 8.22 8.49 8.76 9.01 9.24 9.46 9.67 9.86 10.02 10.17 10.34 10.55 10.79 11.07 11.39 11.75 12.15 12.60 13.09 13.63 14.15 14.62 15.03 15.40 15.72 16.00 16.24 16.44 16.61 16.76
3.86 3.68 3.47 3.25 3.00 2.76 2.51 2.27 2.04 1.81 1.59 1.38 1.17 0.98 0.80 0.64 0.50 0.42 0.37 0.37 0.41 0.48 0.58 0.72 0.89 1.08 1.29 1.52 1.75 1.98 2.21 2.44 2.66 2.88 3.10 3.31 3.52 3.72 3.91 4.11 4.32 4.55 4.79 5.05 5.32 5.61 5.90 6.21 6.54 6.87 7.21 7.55 7.87 8.19 8.48 8.77 9.04 9.31 9.56 9.80 10.03 10.24 10.45 10.68 10.93 11.20 11.50 11.83 12.19 12.58 13.00 13.46 13.96 14.49 14.99 15.44 15.81 16.13 16.39 16.60 16.76 16.87 16.94 16.97
3.78 3.61 3.41 3.19 2.95 2.71 2.48 2.24 2.01 1.79 1.57 1.36 1.16 0.97 0.79 0.64 0.53 0.45 0.42 0.44 0.48 0.57 0.68 0.83 1.00 1.19 1.41 1.64 1.88 2.11 2.34 2.57 2.79 3.01 3.23 3.44 3.64 3.84 4.04 4.25 4.47 4.71 4.97 5.24 5.52 5.81 6.12 6.43 6.76 7.10 7.44 7.78 8.11 8.43 8.74 9.04 9.32 9.60 9.87 10.12 10.37 10.62 10.90 11.20 11.52 11.86 12.22 12.59 12.99 13.40 13.84 14.31 14.81 15.33 15.82 16.23 16.57 16.83 17.03 17.16 17.24 17.25 17.22 17.14
3.69 3.52 3.33 3.12 2.89 2.66 2.43 2.21 1.98 1.77 1.55 1.35 1.15 0.96 0.80 0.67 0.58 0.52 0.50 0.52 0.58 0.67 0.79 0.94 1.12 1.31 1.53 1.76 2.00 2.23 2.46 2.68 2.90 3.12 3.33 3.53 3.73 3.93 4.14 4.37 4.61 4.86 5.13 5.41 5.70 6.00 6.31 6.64 6.97 7.31 7.66 8.00 8.34 8.66 8.98 9.29 9.59 9.88 10.16 10.44 10.72 11.02 11.36 11.73 12.12 12.52 12.92 13.34 13.77 14.21 14.67 15.14 15.63 16.14 16.61 16.98 17.28 17.49 17.62 17.67 17.66 17.58 17.43 17.24
3.59 3.44 3.26 3.05 2.84 2.61 2.39 2.17 1.96 1.74 1.54 1.33 1.14 0.97 0.83 0.73 0.66 0.62 0.61 0.64 0.70 0.79 0.91 1.07 1.24 1.44 1.65 1.88 2.11 2.34 2.56 2.78 2.99 3.20 3.40 3.59 3.79 4.00 4.22 4.46 4.72 4.98 5.26 5.56 5.86 6.17 6.49 6.82 7.16 7.50 7.86 8.20 8.54 8.88 9.20 9.52 9.84 10.14 10.44 10.75 11.08 11.44 11.84 12.26 12.70 13.15 13.61 14.06 14.52 14.98 15.45 15.92 16.41 16.90 17.34 17.68 17.92 18.07 18.14 18.11 18.01 17.82 17.58 17.30
3.49 3.35 3.18 2.98 2.77 2.56 2.35 2.14 1.93 1.72 1.52 1.33 1.15 1.01 0.89 0.81 0.76 0.73 0.74 0.77 0.83 0.93 1.05 1.20 1.37 1.56 1.77 1.99 2.21 2.43 2.65 2.85 3.06 3.25 3.44 3.63 3.84 4.06 4.29 4.54 4.81 5.08 5.37 5.68 5.99 6.31 6.64 6.98 7.32 7.67 8.03 8.38 8.73 9.07 9.41 9.74 10.06 10.38 10.71 11.07 11.46 11.87 12.31 12.78 13.26 13.75 14.25 14.74 15.22 15.70 16.17 16.65 17.12 17.59 18.00 18.30 18.49 18.58 18.57 18.46 18.26 17.99 17.67 17.33
3.39 3.25 3.09 2.91 2.71 2.51 2.31 2.10 1.90 1.70 1.51 1.33 1.19 1.07 0.98 0.91 0.88 0.87 0.88 0.92 0.99 1.08 1.20 1.34 1.50 1.69 1.89 2.10 2.31 2.52 2.72 2.91 3.10 3.28 3.47 3.66 3.88 4.10 4.34 4.60 4.87 5.16 5.46 5.77 6.10 6.43 6.77 7.11 7.46 7.82 8.18 8.53 8.89 9.24 9.58 9.93 10.27 10.61 10.99 11.40 11.83 12.29 12.77 13.27 13.78 14.30 14.83 15.35 15.85 16.34 16.82 17.29 17.75 18.20 18.57 18.83 18.97 18.99 18.90 18.71 18.42 18.08 17.72 17.33
3.28 3.16 3.01 2.84 2.65 2.46 2.26 2.07 1.88 1.69 1.51 1.37 1.25 1.15 1.08 1.04 1.02 1.02 1.04 1.09 1.16 1.24 1.35 1.49 1.64 1.81 2.00 2.20 2.40 2.59 2.77 2.95 3.12 3.30 3.48 3.68 3.90 4.13 4.38 4.64 4.92 5.21 5.52 5.84 6.17 6.51 6.86 7.21 7.57 7.93 8.29 8.66 9.02 9.38 9.73 10.09 10.45 10.84 11.27 11.72 12.20 12.69 13.21 13.73 14.27 14.80 15.34 15.88 16.40 16.90 17.38 17.84 18.28 18.71 19.04 19.25 19.33 19.28 19.12 18.84 18.51 18.13 17.73 17.30
3.18 3.06 2.93 2.77 2.59 2.41 2.23 2.04 1.86 1.69 1.55 1.43 1.33 1.26 1.21 1.18 1.17 1.18 1.22 1.27 1.34 1.42 1.52 1.64 1.78 1.94 2.11 2.29 2.47 2.64 2.81 2.97 3.13 3.30 3.49 3.70 3.92 4.15 4.40 4.67 4.95 5.24 5.55 5.87 6.21 6.56 6.91 7.27 7.64 8.01 8.38 8.74 9.11 9.48 9.85 10.23 10.63 11.07 11.54 12.02 12.53 13.06 13.60 14.14 14.69 15.24 15.79 16.32 16.85 17.36 17.83 18.28 18.70 19.09 19.39 19.55 19.56 19.44 19.21 18.89 18.53 18.13 17.70 17.24
3.07 2.97 2.84 2.70 2.53 2.36 2.19 2.02 1.86 1.72 1.60 1.51 1.44 1.38 1.35 1.34 1.34 1.36 1.40 1.45 1.52 1.60 1.70 1.81 1.93 2.07 2.22 2.38 2.54 2.69 2.83 2.98 3.13 3.31 3.50 3.70 3.92 4.16 4.41 4.68 4.96 5.25 5.56 5.88 6.22 6.57 6.93 7.30 7.67 8.05 8.42 8.80 9.17 9.55 9.94 10.36 10.80 11.28 11.78 12.30 12.83 13.38 13.93 14.49 15.04 15.60 16.14 16.68 17.19 17.69 18.16 18.59 18.99 19.35 19.60 19.70 19.65 19.47 19.20 18.88 18.50 18.09 17.64 17.16
2.96 2.87 2.76 2.63 2.48 2.32 2.16 2.01 1.88 1.77 1.68 1.61 1.56 1.53 1.51 1.51 1.52 1.55 1.59 1.64 1.71 1.79 1.87 1.97 2.08 2.20 2.32 2.46 2.59 2.72 2.84 2.98 3.14 3.31 3.50 3.70 3.92 4.16 4.41 4.67 4.95 5.24 5.55 5.87 6.20 6.55 6.91 7.29 7.66 8.04 8.42 8.81 9.19 9.59 10.01 10.47 10.95 11.46 11.98 12.52 13.07 13.63 14.19 14.76 15.31 15.86 16.40 16.92 17.42 17.90 18.35 18.76 19.13 19.44 19.65 19.69 19.59 19.39 19.12 18.79 18.42 17.99 17.53 17.05
2.86 2.78 2.68 2.56 2.42 2.28 2.15 2.03 1.93 1.85 1.79 1.74 1.71 1.69 1.68 1.69 1.71 1.75 1.79 1.84 1.90 1.97 2.05 2.14 2.23 2.32 2.42 2.53 2.64 2.74 2.86 3.00 3.15 3.32 3.50 3.70 3.92 4.15 4.39 4.65 4.93 5.21 5.52 5.83 6.16 6.51 6.86 7.23 7.61 8.00 8.38 8.77 9.18 9.61 10.07 10.55 11.06 11.59 12.13 12.69 13.25 13.81 14.38 14.93 15.48 16.02 16.54 17.04 17.52 17.97 18.38 18.76 19.10 19.37 19.53 19.53 19.41 19.23 18.97 18.65 18.28 17.86 17.40 16.91
