data_processed/recharge/precip/Precip_2001_07.asc
ncols        168
nrows        136
xllcorner    455000
yllcorner    2107000
cellsize     500
NODATA_value     -99999
[rows 64 to 95 of 136, columns 71 to 141 of 168]
123.44 121.10 118.81 116.58 114.39 112.26 110.19 108.16 106.19 104.39 102.81 101.44 100.29 99.34 98.58 98.01 97.63 97.41 97.36 97.47 97.74 98.14 98.69 99.36 100.16 101.07 102.09 103.21 104.43 105.73 107.11 108.56 110.08 111.65 113.28 114.93 116.56 118.14 119.68 121.15 122.57 123.92 125.17 126.35 127.44 128.44 129.37 130.22 130.99 131.68 132.30 132.85 133.32 133.73 134.07 134.33 134.54 134.68 134.76 134.77 134.73 134.63 134.47 134.26 134.00 133.68 133.31 132.90 132.44 131.96 131.44
124.92 122.56 120.26 118.01 115.82 113.69 111.61 109.58 107.61 105.81 104.24 102.89 101.75 100.81 100.07 99.53 99.16 98.98 98.96 99.10 99.40 99.85 100.43 101.15 101.99 102.96 104.03 105.21 106.48 107.84 109.29 110.81 112.39 114.04 115.72 117.39 119.02 120.60 122.14 123.62 125.05 126.42 127.71 128.92 130.05 131.09 132.05 132.94 133.74 134.47 135.12 135.71 136.21 136.65 137.02 137.32 137.56 137.73 137.84 137.89 137.87 137.80 137.68 137.49 137.26 136.97 136.63 136.24 135.81 135.35 134.86
126.45 124.08 121.77 119.51 117.32 115.18 113.10 111.07 109.11 107.32 105.76 104.41 103.29 102.37 101.66 101.13 100.80 100.64 100.66 100.84 101.17 101.66 102.29 103.05 103.95 104.96 106.09 107.33 108.66 110.09 111.60 113.19 114.84 116.55 118.25 119.91 121.54 123.12 124.65 126.14 127.57 128.95 130.27 131.51 132.68 133.76 134.76 135.67 136.52 137.28 137.97 138.58 139.12 139.59 140.00 140.33 140.60 140.80 140.94 141.02 141.04 141.00 140.90 140.75 140.54 140.28 139.97 139.61 139.21 138.78 138.31
128.04 125.66 123.34 121.08 118.88 116.74 114.66 112.64 110.69 108.90 107.35 106.03 104.92 104.03 103.33 102.84 102.53 102.41 102.46 102.68 103.05 103.58 104.26 105.08 106.02 107.09 108.28 109.57 110.97 112.46 114.04 115.70 117.42 119.14 120.83 122.48 124.10 125.67 127.20 128.69 130.13 131.52 132.85 134.12 135.32 136.43 137.47 138.42 139.30 140.10 140.82 141.47 142.05 142.55 142.99 143.35 143.65 143.89 144.06 144.17 144.22 144.21 144.14 144.02 143.84 143.61 143.33 143.00 142.62 142.21 141.77
129.69 127.30 124.97 122.71 120.51 118.38 116.30 114.28 112.34 110.57 109.04 107.73 106.64 105.77 105.11 104.64 104.37 104.28 104.37 104.62 105.05 105.62 106.35 107.22 108.22 109.34 110.59 111.95 113.41 114.98 116.63 118.35 120.07 121.77 123.45 125.09 126.70 128.27 129.80 131.28 132.72 134.11 135.45 136.74 137.96 139.12 140.19 141.18 142.09 142.92 143.68 144.36 144.97 145.51 145.98 146.38 146.71 146.98 147.19 147.33 147.41 147.43 147.39 147.30 147.15 146.95 146.70 146.39 146.05 145.66 145.24
131.39 129.00 126.67 124.41 122.21 120.08 118.01 116.01 114.08 112.32 110.81 109.52 108.46 107.61 106.98 106.54 106.30 106.25 106.38 106.68 107.15 107.78 108.56 109.48 110.54 111.72 113.03 114.46 115.99 117.63 119.34 121.06 122.76 124.45 126.10 127.73 129.33 130.89 132.42 133.90 135.34 136.74 138.08 139.38 140.62 141.79 142.90 143.93 144.88 145.75 146.54 147.26 147.90 148.47 148.98 149.41 149.78 150.08 150.31 150.49 150.60 150.65 150.64 150.58 150.46 150.29 150.07 149.79 149.47 149.11 148.72
133.16 130.77 128.44 126.18 123.99 121.87 119.81 117.82 115.90 114.16 112.67 111.40 110.37 109.55 108.95 108.55 108.35 108.34 108.51 108.86 109.37 110.05 110.88 111.86 112.98 114.23 115.61 117.10 118.71 120.40 122.11 123.81 125.49 127.15 128.79 130.40 131.99 133.54 135.06 136.54 137.98 139.38 140.73 142.03 143.28 144.47 145.61 146.67 147.65 148.56 149.39 150.14 150.82 151.43 151.96 152.43 152.83 153.16 153.43 153.64 153.78 153.86 153.89 153.85 153.77 153.62 153.43 153.18 152.89 152.56 152.19
135.00 132.60 130.28 128.03 125.84 123.73 121.68 119.71 117.81 116.09 114.62 113.38 112.37 111.59 111.02 110.66 110.50 110.53 110.75 111.14 111.71 112.45 113.33 114.37 115.56 116.87 118.32 119.88 121.54 123.23 124.91 126.58 128.24 129.88 131.50 133.09 134.66 136.21 137.72 139.19 140.63 142.03 143.38 144.69 145.95 147.15 148.30 149.39 150.41 151.36 152.22 153.01 153.72 154.36 154.93 155.44 155.87 156.23 156.54 156.77 156.95 157.06 157.12 157.12 157.06 156.95 156.78 156.57 156.30 156.00 155.65
136.90 134.51 132.19 129.94 127.77 125.67 123.64 121.68 119.80 118.11 116.66 115.45 114.48 113.73 113.20 112.88 112.76 112.83 113.10 113.55 114.17 114.96 115.91 117.01 118.26 119.65 121.16 122.78 124.44 126.09 127.74 129.38 131.01 132.62 134.22 135.80 137.36 138.89 140.39 141.86 143.29 144.69 146.04 147.35 148.62 149.83 151.00 152.10 153.15 154.13 155.03 155.85 156.60 157.28 157.88 158.42 158.88 159.28 159.62 159.89 160.10 160.24 160.33 160.36 160.33 160.25 160.11 159.93 159.69 159.41 159.09
138.88 136.49 134.18 131.94 129.78 127.69 125.68 123.74 121.89 120.22 118.80 117.63 116.69 115.97 115.48 115.20 115.13 115.25 115.57 116.07 116.75 117.60 118.61 119.78 121.10 122.55 124.12 125.73 127.35 128.97 130.58 132.19 133.79 135.38 136.96 138.52 140.06 141.57 143.06 144.52 145.95 147.34 148.70 150.01 151.28 152.51 153.68 154.80 155.87 156.87 157.81 158.67 159.45 160.16 160.80 161.37 161.87 162.31 162.67 162.98 163.22 163.39 163.51 163.57 163.58 163.53 163.42 163.26 163.06 162.81 162.51
140.92 138.54 136.24 134.02 131.87 129.80 127.81 125.90 124.07 122.43 121.04 119.90 118.99 118.32 117.87 117.64 117.61 117.79 118.16 118.72 119.46 120.37 121.45 122.68 124.07 125.58 127.14 128.70 130.28 131.86 133.44 135.01 136.58 138.15 139.70 141.23 142.75 144.25 145.73 147.18 148.60 149.99 151.34 152.66 153.93 155.16 156.35 157.48 158.56 159.59 160.55 161.44 162.27 163.01 163.69 164.29 164.82 165.29 165.69 166.03 166.30 166.51 166.66 166.75 166.79 166.77 166.69 166.56 166.39 166.16 165.89
143.04 140.67 138.38 136.17 134.05 132.00 130.03 128.14 126.34 124.73 123.38 122.27 121.41 120.78 120.37 120.19 120.21 120.44 120.87 121.49 122.29 123.27 124.41 125.72 127.16 128.65 130.16 131.68 133.21 134.75 136.29 137.84 139.37 140.91 142.43 143.95 145.45 146.93 148.39 149.83 151.24 152.62 153.97 155.29 156.56 157.80 158.99 160.13 161.23 162.27 163.25 164.18 165.03 165.82 166.53 167.16 167.73 168.23 168.67 169.04 169.34 169.59 169.77 169.89 169.96 169.97 169.92 169.83 169.68 169.48 169.24
145.23 142.87 140.60 138.41 136.31 134.28 132.34 130.48 128.71 127.13 125.82 124.75 123.93 123.34 122.98 122.85 122.93 123.22 123.70 124.38 125.25 126.29 127.51 128.87 130.29 131.73 133.19 134.66 136.15 137.65 139.15 140.65 142.16 143.66 145.16 146.65 148.13 149.59 151.04 152.46 153.86 155.24 156.58 157.89 159.17 160.41 161.61 162.76 163.86 164.92 165.92 166.87 167.75 168.57 169.31 169.99 170.59 171.13 171.59 172.00 172.33 172.61 172.83 172.98 173.08 173.12 173.11 173.04 172.92 172.75 172.54
147.50 145.16 142.90 140.74 138.65 136.66 134.74 132.91 131.18 129.64 128.36 127.34 126.56 126.02 125.71 125.63 125.77 126.11 126.66 127.41 128.34 129.45 130.72 132.05 133.42 134.80 136.21 137.64 139.08 140.53 141.99 143.46 144.93 146.40 147.87 149.33 150.79 152.23 153.66 155.07 156.45 157.82 159.16 160.47 161.74 162.98 164.18 165.34 166.46 167.53 168.54 169.51 170.42 171.26 172.04 172.75 173.39 173.96 174.46 174.90 175.27 175.58 175.83 176.02 176.15 176.22 176.24 176.20 176.11 175.97 175.78
149.85 147.52 145.29 143.15 141.09 139.13 137.24 135.45 133.74 132.25 131.01 130.03 129.30 128.81 128.56 128.53 128.73 129.13 129.75 130.56 131.56 132.73 133.96 135.24 136.54 137.87 139.23 140.60 142.00 143.40 144.82 146.25 147.69 149.12 150.56 151.99 153.42 154.84 156.25 157.64 159.02 160.37 161.70 163.00 164.27 165.51 166.72 167.89 169.01 170.09 171.12 172.10 173.03 173.90 174.71 175.45 176.13 176.73 177.27 177.74 178.14 178.49 178.77 178.99 179.15 179.25 179.30 179.30 179.24 179.12 178.96
152.28 149.98 147.77 145.65 143.62 141.69 139.84 138.08 136.42 134.96 133.77 132.83 132.15 131.72 131.52 131.55 131.81 132.28 132.96 133.84 134.89 136.03 137.20 138.41 139.66 140.93 142.23 143.55 144.89 146.26 147.63 149.02 150.41 151.82 153.22 154.62 156.03 157.42 158.81 160.18 161.54 162.88 164.20 165.49 166.76 168.00 169.21 170.38 171.51 172.60 173.64 174.64 175.58 176.47 177.31 178.08 178.79 179.43 180.00 180.51 180.95 181.32 181.63 181.89 182.08 182.22 182.30 182.32 182.29 182.21 182.07
154.79 152.51 150.33 148.24 146.25 144.35 142.53 140.81 139.19 137.78 136.63 135.75 135.12 134.74 134.60 134.70 135.02 135.56 136.31 137.23 138.25 139.32 140.43 141.57 142.75 143.96 145.21 146.48 147.77 149.08 150.41 151.75 153.11 154.47 155.84 157.22 158.59 159.96 161.32 162.67 164.02 165.34 166.65 167.93 169.20 170.43 171.64 172.81 173.95 175.04 176.10 177.11 178.07 178.98 179.84 180.64 181.38 182.05 182.66 183.20 183.67 184.08 184.42 184.71 184.94 185.11 185.22 185.28 185.28 185.22 185.11
157.39 155.14 152.99 150.93 148.97 147.10 145.33 143.65 142.07 140.71 139.61 138.78 138.21 137.89 137.81 137.97 138.35 138.96 139.76 140.65 141.60 142.59 143.63 144.71 145.82 146.97 148.16 149.37 150.61 151.87 153.15 154.45 155.77 157.09 158.43 159.77 161.11 162.45 163.79 165.12 166.44 167.75 169.04 170.32 171.57 172.80 174.01 175.18 176.32 177.42 178.49 179.51 180.48 181.41 182.29 183.11 183.88 184.58 185.23 185.80 186.31 186.75 187.13 187.45 187.71 187.91 188.05 188.14 188.17 188.15 188.07
160.08 157.86 155.74 153.72 151.79 149.96 148.23 146.60 145.07 143.75 142.71 141.93 141.42 141.16 141.14 141.37 141.82 142.47 143.23 144.05 144.92 145.83 146.80 147.81 148.86 149.95 151.07 152.23 153.41 154.62 155.85 157.11 158.38 159.66 160.96 162.26 163.57 164.89 166.20 167.51 168.81 170.10 171.38 172.64 173.88 175.11 176.31 177.48 178.62 179.73 180.80 181.83 182.82 183.76 184.66 185.51 186.30 187.03 187.70 188.31 188.85 189.33 189.74 190.10 190.39 190.62 190.80 190.92 190.98 190.99 190.93
162.86 160.67 158.58 156.60 154.71 152.93 151.24 149.65 148.17 146.90 145.92 145.20 144.75 144.55 144.60 144.89 145.39 146.00 146.68 147.41 148.20 149.04 149.94 150.88 151.86 152.88 153.94 155.04 156.17 157.32 158.51 159.71 160.94 162.18 163.44 164.71 165.98 167.26 168.55 169.83 171.11 172.38 173.64 174.89 176.12 177.34 178.53 179.70 180.84 181.95 183.03 184.07 185.07 186.03 186.94 187.81 188.62 189.38 190.08 190.72 191.30 191.81 192.26 192.65 192.97 193.24 193.45 193.60 193.69 193.73 193.70
165.80 163.58 161.52 159.58 157.73 155.99 154.35 152.81 151.39 150.18 149.24 148.59 148.20 148.07 148.19 148.52 148.98 149.50 150.09 150.74 151.45 152.22 153.03 153.90 154.81 155.77 156.77 157.80 158.87 159.97 161.10 162.26 163.44 164.64 165.85 167.08 168.32 169.57 170.83 172.08 173.34 174.59 175.83 177.06 178.29 179.49 180.68 181.84 182.98 184.09 185.17 186.22 187.23 188.20 189.13 190.01 190.85 191.63 192.36 193.03 193.64 194.19 194.67 195.09 195.45 195.75 195.99 196.17 196.30 196.36 196.36
168.94 166.65 164.57 162.66 160.86 159.17 157.58 156.09 154.72 153.56 152.69 152.10 151.78 151.71 151.87 152.16 152.53 152.96 153.46 154.03 154.65 155.34 156.08 156.87 157.72 158.60 159.54 160.51 161.52 162.56 163.64 164.75 165.88 167.03 168.20 169.39 170.60 171.81 173.03 174.26 175.49 176.72 177.94 179.16 180.36 181.55 182.73 183.89 185.03 186.14 187.22 188.27 189.29 190.27 191.22 192.12 192.97 193.77 194.53 195.23 195.87 196.45 196.96 197.42 197.81 198.14 198.42 198.64 198.79 198.89 198.92
172.30 169.93 167.78 165.85 164.10 162.45 160.91 159.48 158.17 157.07 156.27 155.74 155.48 155.46 155.57 155.76 156.03 156.37 156.78 157.26 157.81 158.41 159.07 159.79 160.56 161.38 162.24 163.15 164.10 165.09 166.11 167.16 168.24 169.35 170.48 171.63 172.79 173.97 175.16 176.35 177.55 178.76 179.96 181.16 182.35 183.53 184.69 185.84 186.97 188.08 189.17 190.22 191.25 192.24 193.19 194.11 194.98 195.81 196.58 197.31 197.98 198.59 199.14 199.63 200.05 200.42 200.73 200.98 201.17 201.29 201.35
175.88 173.44 171.21 169.22 167.45 165.85 164.37 162.99 161.73 160.70 159.96 159.50 159.29 159.21 159.22 159.31 159.48 159.73 160.05 160.44 160.90 161.42 162.00 162.64 163.34 164.09 164.88 165.73 166.61 167.54 168.50 169.50 170.53 171.59 172.67 173.77 174.90 176.04 177.19 178.36 179.53 180.71 181.88 183.06 184.23 185.40 186.55 187.69 188.82 189.92 191.01 192.07 193.10 194.09 195.06 195.99 196.87 197.72 198.51 199.26 199.96 200.60 201.19 201.71 202.17 202.57 202.91 203.20 203.42 203.57 203.66
179.68 177.18 174.88 172.81 170.97 169.36 167.93 166.62 165.42 164.46 163.78 163.36 163.09 162.91 162.82 162.81 162.88 163.03 163.26 163.56 163.93 164.37 164.87 165.43 166.05 166.72 167.45 168.23 169.05 169.91 170.82 171.76 172.73 173.74 174.77 175.83 176.92 178.02 179.14 180.27 181.41 182.56 183.71 184.86 186.02 187.16 188.30 189.43 190.55 191.65 192.73 193.79 194.82 195.83 196.80 197.74 198.64 199.50 200.32 201.09 201.81 202.48 203.10 203.66 204.15 204.59 204.96 205.28 205.53 205.72 205.87
183.71 181.15 178.79 176.65 174.74 173.06 171.62 170.36 169.24 168.34 167.70 167.22 166.84 166.55 166.35 166.24 166.21 166.27 166.40 166.61 166.89 167.24 167.66 168.14 168.68 169.28 169.94 170.64 171.40 172.20 173.04 173.92 174.85 175.80 176.79 177.80 178.84 179.90 180.98 182.07 183.18 184.30 185.43 186.56 187.69 188.82 189.94 191.06 192.17 193.26 194.34 195.39 196.43 197.44 198.42 199.36 200.28 201.15 201.99 202.78 203.53 204.23 204.87 205.46 205.99 206.46 206.87 207.22 207.51 207.76 208.09
187.98 185.36 182.94 180.74 178.76 177.01 175.51 174.24 173.17 172.32 171.62 171.02 170.52 170.12 169.82 169.60 169.47 169.43 169.47 169.58 169.77 170.03 170.37 170.77 171.23 171.75 172.33 172.97 173.66 174.39 175.17 176.00 176.86 177.76 178.70 179.66 180.65 181.67 182.71 183.77 184.84 185.93 187.03 188.13 189.24 190.35 191.46 192.56 193.66 194.74 195.81 196.87 197.90 198.91 199.90 200.85 201.78 202.67 203.52 204.33 205.10 205.82 206.50 207.12 207.68 208.19 208.63 209.02 209.37 209.80 210.34
192.46 189.80 187.33 185.07 183.03 181.21 179.64 178.31 177.23 176.31 175.49 174.78 174.16 173.65 173.24 172.91 172.68 172.54 172.48 172.50 172.59 172.77 173.01 173.33 173.71 174.16 174.66 175.22 175.84 176.51 177.23 177.99 178.80 179.64 180.52 181.44 182.38 183.36 184.35 185.37 186.41 187.47 188.53 189.61 190.70 191.78 192.87 193.96 195.04 196.11 197.18 198.23 199.26 200.27 201.26 202.22 203.16 204.06 204.93 205.76 206.55 207.29 207.99 208.64 209.24 209.78 210.26 210.67 211.19 211.84 212.60
197.07 194.36 191.85 189.54 187.44 185.57 183.93 182.55 181.45 180.47 179.54 178.70 177.97 177.35 176.82 176.39 176.05 175.80 175.64 175.56 175.57 175.65 175.81 176.04 176.33 176.70 177.13 177.61 178.16 178.76 179.41 180.11 180.85 181.64 182.47 183.33 184.22 185.15 186.11 187.08 188.08 189.10 190.14 191.19 192.24 193.31 194.37 195.44 196.51 197.57 198.62 199.66 200.69 201.70 202.69 203.66 204.60 205.51 206.39 207.24 208.04 208.81 209.53 210.21 210.83 211.41 211.87 212.12 212.64 213.50 214.48
201.73 198.98 196.43 194.08 191.93 190.01 188.33 186.94 185.86 184.88 183.88 182.93 182.08 181.34 180.70 180.15 179.71 179.35 179.09 178.91 178.82 178.80 178.87 179.01 179.22 179.50 179.85 180.26 180.73 181.26 181.84 182.47 183.15 183.88 184.64 185.45 186.30 187.17 188.08 189.01 189.97 190.95 191.95 192.97 194.00 195.03 196.08 197.12 198.17 199.21 200.25 201.29 202.31 203.31 204.30 205.27 206.21 207.13 208.02 208.88 209.70 210.49 211.23 211.93 212.58 213.13 213.42 213.42 213.69 214.54 215.72
206.41 203.64 201.05 198.66 196.48 194.52 192.86 191.50 190.43 189.44 188.44 187.43 186.46 185.60 184.84 184.18 183.63 183.16 182.79 182.51 182.32 182.21 182.18 182.22 182.35 182.54 182.80 183.13 183.53 183.98 184.49 185.05 185.66 186.33 187.03 187.78 188.57 189.40 190.25 191.14 192.06 193.00 193.96 194.94 195.93 196.94 197.95 198.98 200.00 201.03 202.05 203.07 204.08 205.08 206.06 207.03 207.98 208.90 209.79 210.66 211.50 212.30 213.06 213.78 214.41 214.79 214.84 214.59 214.59 215.19 216.35
211.10 208.31 205.70 203.28 201.08 199.16 197.53 196.20 195.13 194.14 193.14 192.12 191.09 190.11 189.23 188.45 187.78 187.20 186.72 186.34 186.04 185.83 185.70 185.65 185.68 185.79 185.97 186.21 186.52 186.90 187.33 187.82 188.37 188.96 189.61 190.29 191.03 191.79 192.60 193.44 194.31 195.20 196.12 197.06 198.02 198.99 199.98 200.98 201.98 202.98 203.99 204.99 205.99 206.97 207.95 208.91 209.86 210.78 211.68 212.56 213.40 214.21 214.99 215.68 216.16 216.32 216.14 215.65 215.39 215.70 216.59
