data_processed/recharge/precip/Precip_1994_04.asc
ncols        168
nrows        136
xllcorner    455000
yllcorner    2107000
cellsize     500
NODATA_value     -99999
[rows 68 to 101 of 136, columns 77 to 153 of 168]
40.99 40.39 39.80 39.23 38.68 38.16 37.66 37.19 36.75 36.34 35.95 35.59 35.26 34.96 34.69 34.44 34.22 34.03 33.87 33.73 33.67 33.70 33.84 34.07 34.38 34.79 35.28 35.86 36.51 37.24 38.04 38.91 39.85 40.85 41.91 43.01 44.15 45.29 46.45 47.62 48.80 49.98 51.17 52.36 53.55 54.74 55.93 57.11 58.29 59.46 60.62 61.77 62.90 64.02 65.12 66.20 67.26 68.29 69.30 70.29 71.25 72.17 73.07 73.93 74.75 75.54 76.28 76.99 77.65 78.27 78.84 79.37 79.86 80.34 80.81 81.27 81.72
41.30 40.69 40.10 39.52 38.96 38.42 37.91 37.42 36.96 36.53 36.13 35.76 35.42 35.10 34.81 34.55 34.32 34.12 33.94 33.80 33.72 33.75 33.87 34.09 34.40 34.80 35.29 35.86 36.51 37.24 38.04 38.91 39.84 40.85 41.90 42.98 44.08 45.20 46.33 47.47 48.62 49.77 50.94 52.11 53.28 54.45 55.62 56.79 57.96 59.11 60.26 61.40 62.52 63.64 64.73 65.81 66.87 67.91 68.92 69.91 70.87 71.81 72.71 73.58 74.42 75.22 75.98 76.70 77.39 78.02 78.62 79.16 79.66 80.13 80.59 81.04 81.48
41.58 40.97 40.36 39.78 39.21 38.66 38.13 37.63 37.16 36.72 36.30 35.91 35.55 35.22 34.92 34.65 34.40 34.19 34.00 33.85 33.76 33.77 33.89 34.10 34.41 34.80 35.28 35.85 36.50 37.22 38.02 38.89 39.83 40.82 41.85 42.90 43.96 45.05 46.15 47.26 48.38 49.52 50.66 51.81 52.96 54.11 55.27 56.42 57.57 58.71 59.85 60.98 62.10 63.21 64.30 65.38 66.43 67.47 68.49 69.48 70.45 71.39 72.31 73.19 74.04 74.85 75.63 76.37 77.07 77.73 78.35 78.91 79.44 79.91 80.36 80.80 81.23
41.83 41.21 40.60 40.01 39.44 38.88 38.34 37.83 37.34 36.88 36.45 36.05 35.67 35.33 35.01 34.73 34.47 34.24 34.04 33.88 33.78 33.79 33.89 34.10 34.39 34.78 35.26 35.82 36.47 37.19 37.99 38.86 39.79 40.76 41.75 42.76 43.79 44.85 45.92 47.00 48.10 49.21 50.33 51.45 52.58 53.72 54.86 56.00 57.13 58.27 59.39 60.51 61.63 62.73 63.82 64.89 65.95 66.99 68.01 69.01 69.98 70.93 71.85 72.75 73.61 74.44 75.23 75.99 76.71 77.39 78.03 78.62 79.17 79.67 80.12 80.55 80.97
42.05 41.42 40.81 40.21 39.63 39.07 38.52 38.00 37.50 37.02 36.58 36.16 35.77 35.42 35.09 34.79 34.52 34.28 34.07 33.89 33.78 33.78 33.88 34.07 34.37 34.75 35.22 35.78 36.42 37.15 37.94 38.80 39.71 40.64 41.59 42.57 43.57 44.59 45.63 46.69 47.76 48.84 49.94 51.04 52.16 53.27 54.40 55.52 56.64 57.76 58.88 59.99 61.10 62.20 63.28 64.35 65.41 66.45 67.48 68.48 69.46 70.42 71.35 72.25 73.13 73.97 74.78 75.56 76.30 77.00 77.66 78.28 78.85 79.38 79.86 80.29 80.70
42.24 41.61 40.99 40.38 39.79 39.23 38.68 38.15 37.63 37.15 36.69 36.26 35.86 35.49 35.15 34.83 34.55 34.30 34.08 33.89 33.77 33.76 33.85 34.04 34.32 34.70 35.17 35.73 36.36 37.08 37.87 38.70 39.57 40.46 41.38 42.32 43.29 44.28 45.29 46.32 47.37 48.43 49.50 50.58 51.67 52.77 53.88 54.99 56.10 57.21 58.32 59.42 60.52 61.61 62.69 63.77 64.82 65.87 66.89 67.90 68.89 69.85 70.79 71.71 72.60 73.46 74.28 75.08 75.83 76.56 77.24 77.88 78.48 79.04 79.54 80.01 80.42
42.40 41.76 41.13 40.52 39.93 39.36 38.80 38.26 37.75 37.25 36.78 36.33 35.92 35.54 35.18 34.86 34.57 34.30 34.07 33.87 33.74 33.72 33.80 33.98 34.26 34.64 35.10 35.65 36.29 37.00 37.75 38.55 39.37 40.22 41.11 42.02 42.95 43.91 44.90 45.90 46.92 47.95 49.00 50.06 51.14 52.22 53.31 54.40 55.50 56.60 57.70 58.79 59.89 60.97 62.05 63.12 64.18 65.22 66.25 67.27 68.26 69.23 70.19 71.11 72.01 72.89 73.73 74.54 75.32 76.06 76.77 77.43 78.06 78.64 79.18 79.67 80.12
42.53 41.88 41.25 40.63 40.03 39.45 38.89 38.35 37.83 37.33 36.85 36.39 35.96 35.57 35.20 34.87 34.56 34.29 34.04 33.83 33.69 33.66 33.74 33.91 34.18 34.55 35.01 35.56 36.19 36.86 37.58 38.33 39.11 39.93 40.78 41.66 42.56 43.49 44.44 45.42 46.41 47.42 48.45 49.49 50.54 51.61 52.68 53.76 54.85 55.93 57.02 58.11 59.20 60.28 61.35 62.42 63.48 64.53 65.56 66.58 67.58 68.56 69.52 70.46 71.37 72.26 73.12 73.95 74.75 75.51 76.24 76.93 77.58 78.20 78.76 79.29 79.76
42.62 41.97 41.33 40.71 40.11 39.52 38.96 38.41 37.88 37.37 36.89 36.43 35.99 35.58 35.20 34.85 34.54 34.25 33.99 33.77 33.63 33.59 33.65 33.82 34.09 34.45 34.91 35.45 36.04 36.67 37.34 38.05 38.80 39.58 40.39 41.23 42.11 43.00 43.93 44.87 45.84 46.83 47.83 48.86 49.89 50.94 51.99 53.06 54.13 55.21 56.29 57.37 58.45 59.53 60.60 61.67 62.72 63.77 64.81 65.83 66.84 67.83 68.80 69.75 70.68 71.58 72.46 73.31 74.12 74.91 75.66 76.38 77.06 77.69 78.29 78.85 79.36
42.68 42.02 41.38 40.76 40.15 39.56 38.99 38.44 37.90 37.39 36.90 36.43 35.99 35.57 35.18 34.82 34.49 34.19 33.93 33.70 33.54 33.49 33.55 33.71 33.97 34.33 34.78 35.28 35.82 36.41 37.04 37.71 38.42 39.16 39.94 40.75 41.59 42.46 43.35 44.27 45.22 46.18 47.16 48.16 49.18 50.21 51.25 52.30 53.36 54.43 55.50 56.57 57.64 58.72 59.79 60.85 61.91 62.96 64.00 65.03 66.05 67.04 68.03 68.99 69.93 70.85 71.74 72.61 73.44 74.25 75.03 75.77 76.47 77.14 77.77 78.35 78.90
42.71 42.05 41.40 40.77 40.16 39.57 38.99 38.43 37.90 37.38 36.89 36.41 35.96 35.53 35.13 34.76 34.42 34.12 33.84 33.60 33.43 33.38 33.43 33.58 33.84 34.18 34.59 35.04 35.55 36.09 36.68 37.31 37.98 38.69 39.43 40.21 41.01 41.85 42.72 43.61 44.53 45.47 46.43 47.41 48.40 49.42 50.44 51.48 52.53 53.58 54.64 55.71 56.78 57.85 58.91 59.98 61.04 62.09 63.14 64.17 65.19 66.20 67.19 68.16 69.12 70.05 70.96 71.85 72.70 73.53 74.33 75.10 75.83 76.53 77.18 77.80 78.38
42.70 42.04 41.39 40.76 40.14 39.54 38.96 38.40 37.86 37.34 36.84 36.36 35.91 35.47 35.07 34.69 34.34 34.02 33.73 33.48 33.31 33.24 33.28 33.43 33.68 33.98 34.34 34.75 35.20 35.71 36.25 36.85 37.48 38.15 38.85 39.60 40.37 41.18 42.02 42.88 43.78 44.69 45.63 46.59 47.57 48.56 49.57 50.60 51.63 52.68 53.73 54.79 55.85 56.91 57.98 59.04 60.10 61.16 62.21 63.25 64.28 65.29 66.30 67.28 68.25 69.20 70.13 71.03 71.91 72.76 73.58 74.37 75.13 75.85 76.54 77.19 77.80
42.66 41.99 41.34 40.71 40.09 39.48 38.90 38.33 37.79 37.27 36.76 36.28 35.82 35.39 34.97 34.59 34.23 33.90 33.60 33.34 33.16 33.08 33.12 33.25 33.46 33.71 34.02 34.39 34.80 35.26 35.76 36.31 36.91 37.54 38.21 38.92 39.67 40.44 41.25 42.09 42.96 43.85 44.77 45.71 46.67 47.65 48.64 49.65 50.67 51.71 52.75 53.80 54.86 55.92 56.98 58.05 59.11 60.17 61.22 62.26 63.30 64.33 65.34 66.34 67.32 68.28 69.23 70.15 71.05 71.92 72.77 73.58 74.37 75.12 75.84 76.52 77.16
42.59 41.92 41.26 40.62 40.00 39.39 38.81 38.24 37.69 37.16 36.65 36.17 35.71 35.27 34.85 34.46 34.09 33.76 33.45 33.18 32.99 32.91 32.93 33.02 33.17 33.38 33.64 33.95 34.32 34.74 35.20 35.72 36.27 36.87 37.51 38.18 38.90 39.64 40.42 41.24 42.08 42.95 43.84 44.76 45.70 46.67 47.64 48.64 49.65 50.68 51.71 52.75 53.81 54.86 55.92 56.99 58.05 59.11 60.17 61.22 62.26 63.30 64.32 65.33 66.33 67.31 68.27 69.21 70.13 71.02 71.89 72.74 73.55 74.33 75.08 75.79 76.47
42.48 41.81 41.15 40.50 39.88 39.27 38.68 38.11 37.56 37.02 36.51 36.02 35.56 35.12 34.70 34.30 33.93 33.59 33.28 33.00 32.80 32.70 32.67 32.71 32.81 32.97 33.19 33.46 33.78 34.15 34.58 35.05 35.57 36.13 36.73 37.37 38.06 38.77 39.53 40.31 41.13 41.98 42.85 43.75 44.67 45.62 46.58 47.56 48.56 49.58 50.60 51.64 52.69 53.74 54.80 55.86 56.92 57.99 59.05 60.11 61.16 62.20 63.24 64.26 65.27 66.27 67.25 68.21 69.15 70.06 70.96 71.82 72.66 73.47 74.25 75.00 75.71
42.34 41.66 41.00 40.35 39.72 39.11 38.52 37.94 37.39 36.86 36.34 35.85 35.38 34.93 34.51 34.12 33.74 33.40 33.08 32.79 32.57 32.43 32.35 32.34 32.39 32.49 32.66 32.89 33.17 33.50 33.88 34.31 34.79 35.32 35.89 36.50 37.15 37.84 38.56 39.32 40.11 40.94 41.79 42.67 43.57 44.50 45.45 46.42 47.41 48.41 49.43 50.46 51.50 52.55 53.61 54.67 55.73 56.80 57.87 58.93 59.99 61.04 62.09 63.13 64.15 65.16 66.16 67.14 68.10 69.04 69.96 70.85 71.72 72.56 73.36 74.14 74.89
42.15 41.48 40.81 40.16 39.53 38.92 38.32 37.75 37.19 36.65 36.14 35.64 35.17 34.72 34.30 33.90 33.52 33.17 32.85 32.56 32.30 32.10 31.97 31.91 31.90 31.96 32.08 32.26 32.50 32.79 33.13 33.52 33.96 34.45 34.99 35.57 36.19 36.84 37.54 38.28 39.04 39.84 40.67 41.53 42.42 43.33 44.27 45.22 46.20 47.19 48.20 49.23 50.26 51.31 52.36 53.42 54.49 55.56 56.63 57.70 58.77 59.83 60.89 61.94 62.98 64.00 65.02 66.02 67.00 67.96 68.90 69.82 70.71 71.58 72.42 73.23 74.01
41.92 41.24 40.58 39.93 39.30 38.68 38.08 37.51 36.95 36.41 35.89 35.39 34.92 34.47 34.04 33.64 33.26 32.91 32.59 32.30 32.04 31.80 31.61 31.49 31.44 31.45 31.52 31.65 31.84 32.09 32.39 32.74 33.15 33.60 34.10 34.64 35.23 35.86 36.53 37.24 37.98 38.76 39.56 40.40 41.27 42.17 43.08 44.03 44.99 45.97 46.97 47.99 49.02 50.06 51.11 52.18 53.24 54.31 55.39 56.46 57.54 58.61 59.68 60.74 61.79 62.83 63.87 64.88 65.88 66.87 67.83 68.78 69.70 70.60 71.46 72.31 73.12
41.64 40.96 40.29 39.64 39.01 38.40 37.80 37.22 36.66 36.12 35.60 35.10 34.63 34.18 33.75 33.34 32.97 32.62 32.30 32.03 31.77 31.52 31.29 31.12 31.02 30.98 31.00 31.09 31.23 31.43 31.69 32.00 32.37 32.78 33.25 33.76 34.31 34.91 35.55 36.23 36.94 37.70 38.48 39.30 40.15 41.02 41.93 42.85 43.80 44.78 45.77 46.78 47.80 48.84 49.88 50.94 52.01 53.08 54.16 55.24 56.32 57.40 58.48 59.55 60.62 61.68 62.72 63.76 64.78 65.78 66.77 67.74 68.69 69.61 70.51 71.38 72.22
41.31 40.63 39.96 39.31 38.68 38.06 37.47 36.89 36.33 35.79 35.27 34.77 34.30 33.85 33.42 33.01 32.64 32.30 32.00 31.73 31.49 31.25 31.01 30.79 30.64 30.55 30.52 30.56 30.65 30.81 31.03 31.30 31.62 32.00 32.43 32.90 33.42 33.99 34.60 35.25 35.94 36.66 37.43 38.22 39.05 39.91 40.79 41.71 42.64 43.60 44.58 45.58 46.60 47.63 48.67 49.73 50.79 51.87 52.95 54.03 55.12 56.21 57.29 58.38 59.45 60.52 61.59 62.64 63.68 64.70 65.71 66.70 67.68 68.63 69.55 70.46 71.33
40.93 40.25 39.59 38.94 38.31 37.69 37.09 36.52 35.96 35.42 34.90 34.40 33.93 33.48 33.05 32.65 32.29 31.96 31.67 31.42 31.18 30.95 30.72 30.50 30.30 30.16 30.08 30.07 30.12 30.23 30.40 30.63 30.91 31.25 31.64 32.08 32.57 33.10 33.68 34.30 34.96 35.66 36.40 37.17 37.98 38.82 39.69 40.58 41.50 42.45 43.42 44.41 45.41 46.44 47.48 48.53 49.60 50.67 51.75 52.84 53.93 55.02 56.12 57.21 58.30 59.38 60.46 61.53 62.59 63.63 64.66 65.67 66.67 67.65 68.60 69.53 70.44
40.50 39.83 39.16 38.52 37.89 37.27 36.68 36.10 35.55 35.01 34.49 34.00 33.53 33.08 32.65 32.27 31.92 31.60 31.32 31.08 30.86 30.63 30.42 30.20 30.00 29.81 29.68 29.62 29.62 29.69 29.82 30.00 30.24 30.54 30.89 31.29 31.75 32.25 32.79 33.38 34.02 34.69 35.40 36.15 36.94 37.75 38.60 39.48 40.39 41.32 42.28 43.25 44.25 45.27 46.30 47.35 48.41 49.49 50.57 51.66 52.75 53.85 54.95 56.06 57.16 58.25 59.34 60.43 61.50 62.56 63.61 64.65 65.67 66.67 67.65 68.61 69.55
40.03 39.36 38.70 38.06 37.43 36.82 36.23 35.65 35.10 34.57 34.05 33.56 33.09 32.65 32.24 31.86 31.53 31.22 30.96 30.72 30.51 30.30 30.09 29.89 29.69 29.50 29.33 29.22 29.17 29.19 29.27 29.41 29.61 29.87 30.18 30.54 30.96 31.43 31.94 32.50 33.10 33.75 34.43 35.16 35.92 36.72 37.55 38.41 39.30 40.21 41.16 42.12 43.11 44.12 45.15 46.19 47.25 48.32 49.40 50.49 51.59 52.70 53.80 54.91 56.02 57.13 58.23 59.33 60.42 61.50 62.57 63.63 64.67 65.70 66.70 67.69 68.66
39.52 38.85 38.19 37.55 36.93 36.32 35.74 35.17 34.62 34.09 33.58 33.09 32.62 32.19 31.80 31.44 31.12 30.83 30.57 30.35 30.14 29.94 29.75 29.55 29.37 29.18 29.01 28.85 28.76 28.73 28.76 28.86 29.01 29.23 29.50 29.83 30.21 30.64 31.12 31.65 32.22 32.84 33.50 34.20 34.93 35.71 36.52 37.36 38.23 39.13 40.06 41.02 41.99 42.99 44.01 45.05 46.11 47.17 48.25 49.35 50.45 51.55 52.67 53.78 54.90 56.02 57.13 58.25 59.35 60.45 61.54 62.62 63.68 64.73 65.76 66.77 67.77
38.96 38.30 37.65 37.01 36.40 35.79 35.21 34.65 34.10 33.57 33.07 32.59 32.14 31.73 31.35 31.00 30.69 30.41 30.17 29.96 29.76 29.57 29.38 29.20 29.02 28.85 28.68 28.52 28.39 28.31 28.29 28.35 28.46 28.63 28.86 29.15 29.49 29.89 30.33 30.83 31.37 31.96 32.59 33.26 33.97 34.73 35.51 36.34 37.19 38.07 38.99 39.93 40.90 41.89 42.90 43.93 44.98 46.04 47.12 48.21 49.32 50.43 51.54 52.67 53.79 54.92 56.05 57.17 58.29 59.41 60.51 61.61 62.69 63.76 64.82 65.86 66.88
38.37 37.71 37.07 36.44 35.82 35.23 34.65 34.09 33.55 33.03 32.53 32.07 31.64 31.24 30.88 30.55 30.25 29.98 29.75 29.55 29.36 29.18 29.00 28.83 28.66 28.50 28.34 28.19 28.05 27.93 27.87 27.87 27.94 28.07 28.26 28.51 28.81 29.17 29.58 30.04 30.55 31.11 31.71 32.36 33.04 33.77 34.54 35.34 36.17 37.04 37.94 38.87 39.82 40.80 41.80 42.83 43.87 44.93 46.01 47.10 48.20 49.31 50.44 51.56 52.70 53.83 54.97 56.11 57.24 58.37 59.49 60.61 61.71 62.81 63.89 64.95 66.00
37.74 37.09 36.45 35.83 35.22 34.63 34.06 33.51 32.97 32.46 31.98 31.53 31.12 30.74 30.39 30.08 29.79 29.54 29.32 29.12 28.94 28.77 28.60 28.44 28.28 28.13 27.98 27.84 27.71 27.58 27.48 27.44 27.46 27.55 27.69 27.90 28.16 28.49 28.86 29.29 29.76 30.29 30.86 31.48 32.14 32.85 33.59 34.37 35.19 36.04 36.92 37.83 38.77 39.74 40.73 41.75 42.78 43.84 44.91 46.00 47.10 48.22 49.34 50.47 51.61 52.76 53.90 55.05 56.20 57.34 58.48 59.61 60.74 61.85 62.95 64.04 65.11
37.07 36.43 35.80 35.18 34.58 34.00 33.44 32.89 32.37 31.87 31.41 30.98 30.59 30.23 29.89 29.59 29.32 29.08 28.86 28.68 28.51 28.34 28.18 28.03 27.88 27.74 27.60 27.47 27.35 27.23 27.13 27.05 27.02 27.06 27.17 27.33 27.56 27.84 28.18 28.57 29.01 29.51 30.05 30.64 31.27 31.95 32.67 33.43 34.22 35.05 35.92 36.82 37.74 38.70 39.68 40.69 41.71 42.76 43.83 44.92 46.02 47.14 48.26 49.40 50.54 51.70 52.85 54.01 55.17 56.32 57.48 58.63 59.77 60.91 62.03 63.14 64.20
36.37 35.73 35.11 34.50 33.91 33.34 32.78 32.25 31.74 31.27 30.83 30.42 30.04 29.70 29.38 29.09 28.83 28.60 28.40 28.22 28.06 27.90 27.75 27.60 27.46 27.33 27.21 27.09 26.97 26.87 26.77 26.69 26.62 26.62 26.68 26.80 26.99 27.23 27.53 27.88 28.29 28.76 29.27 29.83 30.43 31.09 31.78 32.52 33.29 34.10 34.95 35.83 36.74 37.68 38.65 39.65 40.67 41.71 42.77 43.86 44.96 46.07 47.20 48.34 49.49 50.65 51.81 52.98 54.15 55.32 56.49 57.65 58.81 59.96 61.11 62.20 63.22
35.64 35.01 34.40 33.80 33.22 32.65 32.11 31.59 31.11 30.66 30.24 29.85 29.49 29.15 28.85 28.58 28.33 28.11 27.91 27.75 27.59 27.44 27.30 27.17 27.03 26.91 26.79 26.68 26.58 26.49 26.40 26.33 26.26 26.22 26.23 26.31 26.45 26.65 26.92 27.24 27.61 28.04 28.52 29.05 29.63 30.25 30.92 31.63 32.38 33.17 34.00 34.86 35.76 36.69 37.64 38.63 39.64 40.68 41.73 42.81 43.91 45.02 46.15 47.29 48.45 49.61 50.78 51.96 53.14 54.32 55.50 56.68 57.86 59.03 60.15 61.20 62.18
34.87 34.25 33.65 33.06 32.49 31.94 31.42 30.93 30.47 30.03 29.63 29.26 28.92 28.60 28.31 28.05 27.81 27.60 27.42 27.26 27.11 26.97 26.84 26.71 26.59 26.47 26.37 26.27 26.17 26.09 26.01 25.95 25.89 25.84 25.82 25.86 25.96 26.12 26.34 26.62 26.96 27.35 27.80 28.30 28.85 29.45 30.09 30.77 31.50 32.27 33.08 33.93 34.80 35.72 36.66 37.64 38.64 39.66 40.72 41.79 42.88 43.99 45.12 46.27 47.42 48.59 49.77 50.95 52.14 53.33 54.53 55.72 56.91 58.06 59.14 60.14 61.06
34.08 33.47 32.88 32.30 31.75 31.22 30.72 30.25 29.81 29.40 29.02 28.66 28.33 28.03 27.76 27.51 27.29 27.09 26.91 26.76 26.62 26.49 26.36 26.24 26.13 26.02 25.92 25.83 25.75 25.68 25.61 25.55 25.51 25.47 25.44 25.44 25.50 25.62 25.80 26.04 26.35 26.71 27.12 27.59 28.10 28.67 29.29 29.95 30.65 31.40 32.19 33.01 33.88 34.77 35.70 36.66 37.65 38.67 39.72 40.78 41.87 42.98 44.11 45.25 46.41 47.58 48.76 49.95 51.15 52.36 53.56 54.77 55.94 57.04 58.06 59.01 59.89
33.26 32.66 32.08 31.52 30.99 30.48 30.01 29.56 29.14 28.75 28.39 28.05 27.74 27.45 27.19 26.96 26.75 26.56 26.39 26.25 26.11 25.99 25.87 25.76 25.66 25.56 25.47 25.39 25.31 25.25 25.19 25.14 25.11 25.08 25.06 25.06 25.08 25.16 25.30 25.50 25.77 26.09 26.47 26.90 27.39 27.93 28.52 29.15 29.83 30.56 31.32 32.13 32.97 33.85 34.77 35.72 36.69 37.70 38.74 39.80 40.88 41.99 43.11 44.26 45.42 46.59 47.78 48.97 50.18 51.39 52.61 53.79 54.90 55.94 56.91 57.81 58.64
32.41 31.83 31.27 30.73 30.22 29.74 29.29 28.87 28.47 28.10 27.75 27.43 27.14 26.87 26.62 26.39 26.19 26.01 25.86 25.72 25.60 25.48 25.37 25.26 25.17 25.08 25.00 24.92 24.86 24.80 24.76 24.72 24.69 24.68 24.67 24.68 24.69 24.74 24.84 25.00 25.23 25.51 25.86 26.26 26.71 27.22 27.78 28.38 29.04 29.74 30.48 31.27 32.09 32.96 33.86 34.79 35.76 36.75 37.78 38.83 39.91 41.01 42.14 43.28 44.44 45.61 46.80 48.01 49.22 50.44 51.63 52.75 53.80 54.78 55.70 56.55 57.33
