data_processed/recharge/precip/Precip_2005_11.asc
ncols        168
nrows        136
xllcorner    455000
yllcorner    2107000
cellsize     500
NODATA_value     -99999
[rows 36 to 71 of 136, columns 80 to 159 of 168]
5.71 5.23 4.80 4.42 4.10 3.83 3.61 3.45 3.34 3.29 3.30 3.37 3.49 3.68 3.94 4.29 4.75 5.30 5.93 6.63 7.34 7.99 8.59 9.13 9.61 10.04 10.47 10.92 11.36 11.80 12.23 12.64 13.02 13.36 13.67 13.92 14.12 14.25 14.31 14.29 14.22 14.12 13.98 13.79 13.54 13.24 12.92 12.60 12.28 11.96 11.64 11.34 11.07 10.82 10.61 10.42 10.27 10.16 10.08 10.04 10.03 10.07 10.16 10.29 10.46 10.68 10.94 11.24 11.57 11.93 12.31 12.64 12.83 12.88 12.81 12.62 12.34 12.05 11.76 11.50
5.76 5.25 4.78 4.38 4.03 3.74 3.50 3.33 3.22 3.16 3.17 3.24 3.38 3.59 3.90 4.32 4.84 5.44 6.12 6.87 7.62 8.31 8.94 9.50 10.00 10.44 10.83 11.21 11.59 11.96 12.32 12.66 12.98 13.25 13.49 13.67 13.79 13.85 13.83 13.78 13.70 13.60 13.46 13.27 13.03 12.74 12.42 12.11 11.79 11.48 11.18 10.88 10.60 10.36 10.14 9.96 9.81 9.70 9.63 9.60 9.61 9.66 9.75 9.90 10.09 10.32 10.59 10.89 11.23 11.60 11.99 12.33 12.53 12.60 12.54 12.38 12.13 11.81 11.48 11.18
5.83 5.30 4.80 4.36 3.99 3.68 3.43 3.24 3.12 3.06 3.07 3.14 3.30 3.56 3.93 4.41 4.97 5.62 6.35 7.14 7.92 8.64 9.29 9.87 10.39 10.83 11.21 11.54 11.84 12.14 12.43 12.69 12.93 13.12 13.28 13.38 13.42 13.40 13.34 13.28 13.20 13.09 12.95 12.77 12.53 12.24 11.93 11.62 11.31 11.00 10.71 10.42 10.15 9.90 9.69 9.51 9.36 9.25 9.19 9.16 9.18 9.24 9.35 9.51 9.71 9.95 10.22 10.54 10.88 11.25 11.64 11.99 12.20 12.28 12.25 12.12 11.90 11.61 11.26 10.93
5.90 5.36 4.85 4.39 3.99 3.65 3.38 3.18 3.05 2.98 2.99 3.08 3.28 3.60 4.02 4.54 5.15 5.84 6.60 7.42 8.23 8.97 9.64 10.23 10.75 11.19 11.57 11.87 12.11 12.33 12.53 12.71 12.86 12.97 13.03 13.05 13.00 12.93 12.87 12.79 12.71 12.60 12.45 12.27 12.03 11.74 11.44 11.13 10.83 10.53 10.24 9.96 9.70 9.46 9.24 9.06 8.92 8.81 8.75 8.73 8.76 8.83 8.95 9.11 9.32 9.57 9.85 10.17 10.51 10.89 11.28 11.63 11.85 11.95 11.94 11.83 11.65 11.39 11.08 10.73
5.97 5.43 4.92 4.44 4.01 3.65 3.37 3.15 3.00 2.93 2.95 3.08 3.33 3.70 4.16 4.72 5.36 6.08 6.87 7.71 8.54 9.30 9.97 10.57 11.08 11.52 11.88 12.16 12.37 12.51 12.62 12.71 12.76 12.78 12.75 12.67 12.57 12.49 12.41 12.33 12.23 12.12 11.97 11.79 11.55 11.26 10.95 10.65 10.35 10.06 9.78 9.51 9.26 9.02 8.81 8.63 8.48 8.38 8.32 8.31 8.34 8.42 8.55 8.72 8.93 9.19 9.47 9.79 10.14 10.52 10.91 11.26 11.49 11.60 11.61 11.53 11.37 11.15 10.87 10.57
6.04 5.50 4.99 4.51 4.07 3.69 3.38 3.15 2.99 2.92 2.98 3.16 3.45 3.85 4.35 4.94 5.61 6.35 7.16 8.02 8.86 9.62 10.29 10.88 11.38 11.81 12.14 12.40 12.58 12.67 12.70 12.68 12.63 12.54 12.41 12.28 12.16 12.06 11.97 11.88 11.78 11.66 11.51 11.32 11.08 10.79 10.49 10.19 9.89 9.60 9.32 9.06 8.81 8.59 8.38 8.21 8.06 7.96 7.91 7.89 7.93 8.02 8.15 8.33 8.55 8.80 9.09 9.41 9.76 10.14 10.53 10.88 11.11 11.24 11.26 11.20 11.07 10.88 10.65 10.39
6.11 5.57 5.07 4.59 4.15 3.76 3.43 3.18 3.02 2.99 3.08 3.30 3.63 4.06 4.59 5.20 5.89 6.64 7.46 8.33 9.17 9.93 10.59 11.17 11.65 12.05 12.36 12.58 12.71 12.76 12.73 12.62 12.46 12.26 12.07 11.91 11.78 11.67 11.57 11.47 11.36 11.23 11.07 10.87 10.63 10.34 10.03 9.73 9.44 9.15 8.88 8.62 8.38 8.16 7.97 7.80 7.66 7.56 7.50 7.49 7.54 7.63 7.77 7.95 8.17 8.43 8.72 9.04 9.38 9.76 10.15 10.49 10.73 10.86 10.90 10.86 10.76 10.60 10.41 10.19
6.18 5.65 5.14 4.67 4.23 3.84 3.51 3.25 3.12 3.13 3.26 3.51 3.86 4.31 4.86 5.48 6.18 6.95 7.77 8.63 9.47 10.22 10.87 11.42 11.88 12.24 12.51 12.69 12.78 12.78 12.68 12.50 12.24 11.98 11.76 11.58 11.43 11.30 11.19 11.08 10.96 10.82 10.65 10.45 10.20 9.91 9.60 9.30 9.01 8.72 8.45 8.20 7.96 7.74 7.56 7.39 7.26 7.17 7.11 7.11 7.16 7.26 7.40 7.58 7.80 8.06 8.35 8.66 9.01 9.38 9.76 10.11 10.35 10.48 10.54 10.52 10.44 10.31 10.15 9.97
6.24 5.71 5.21 4.75 4.32 3.93 3.61 3.40 3.31 3.34 3.50 3.77 4.14 4.61 5.16 5.80 6.50 7.26 8.08 8.93 9.76 10.49 11.11 11.64 12.06 12.38 12.61 12.74 12.77 12.70 12.54 12.29 12.00 11.72 11.48 11.29 11.12 10.98 10.85 10.72 10.59 10.44 10.26 10.05 9.80 9.50 9.19 8.89 8.59 8.31 8.04 7.78 7.55 7.34 7.16 7.00 6.88 6.79 6.75 6.75 6.80 6.90 7.04 7.23 7.45 7.70 7.99 8.30 8.64 9.00 9.38 9.72 9.96 10.10 10.17 10.16 10.11 10.01 9.89 9.75
6.30 5.78 5.29 4.83 4.40 4.04 3.78 3.62 3.57 3.63 3.80 4.08 4.47 4.94 5.50 6.13 6.83 7.58 8.38 9.22 10.03 10.73 11.32 11.81 12.19 12.47 12.64 12.71 12.67 12.54 12.31 12.04 11.76 11.50 11.25 11.03 10.85 10.69 10.54 10.40 10.25 10.09 9.90 9.69 9.43 9.12 8.81 8.50 8.20 7.92 7.65 7.39 7.16 6.95 6.77 6.62 6.51 6.44 6.40 6.42 6.47 6.57 6.71 6.89 7.11 7.36 7.64 7.95 8.28 8.64 9.00 9.34 9.58 9.73 9.80 9.81 9.78 9.70 9.61 9.51
6.36 5.84 5.36 4.90 4.50 4.20 4.00 3.89 3.88 3.97 4.16 4.45 4.83 5.31 5.86 6.48 7.16 7.90 8.68 9.50 10.27 10.94 11.49 11.93 12.27 12.49 12.60 12.60 12.49 12.29 12.03 11.78 11.53 11.29 11.05 10.82 10.62 10.44 10.27 10.11 9.95 9.78 9.58 9.35 9.08 8.77 8.45 8.14 7.84 7.55 7.28 7.02 6.79 6.59 6.41 6.26 6.16 6.10 6.08 6.10 6.16 6.26 6.40 6.58 6.79 7.04 7.31 7.61 7.94 8.28 8.64 8.97 9.20 9.35 9.43 9.46 9.44 9.40 9.34 9.27
6.41 5.90 5.42 5.00 4.65 4.41 4.27 4.21 4.24 4.36 4.56 4.85 5.23 5.70 6.24 6.84 7.50 8.22 8.97 9.75 10.49 11.11 11.62 12.01 12.28 12.44 12.48 12.41 12.23 12.00 11.77 11.54 11.32 11.09 10.87 10.65 10.43 10.23 10.05 9.87 9.69 9.51 9.30 9.06 8.78 8.46 8.13 7.81 7.50 7.21 6.94 6.68 6.45 6.24 6.07 5.94 5.85 5.80 5.79 5.82 5.89 5.99 6.12 6.29 6.50 6.74 7.01 7.30 7.61 7.95 8.29 8.61 8.84 8.99 9.08 9.12 9.12 9.09 9.06 9.03
6.45 5.96 5.51 5.14 4.86 4.68 4.58 4.57 4.64 4.78 5.00 5.30 5.66 6.11 6.63 7.21 7.84 8.52 9.24 9.98 10.67 11.25 11.70 12.02 12.23 12.31 12.28 12.13 11.93 11.72 11.52 11.32 11.12 10.91 10.71 10.50 10.29 10.07 9.87 9.67 9.48 9.27 9.05 8.80 8.51 8.18 7.84 7.52 7.20 6.90 6.62 6.37 6.13 5.93 5.76 5.64 5.57 5.53 5.53 5.56 5.64 5.74 5.87 6.04 6.24 6.47 6.73 7.01 7.31 7.63 7.96 8.27 8.49 8.64 8.73 8.78 8.80 8.80 8.79 8.79
6.49 6.02 5.63 5.33 5.12 4.99 4.94 4.96 5.06 5.23 5.46 5.76 6.12 6.54 7.03 7.58 8.17 8.81 9.48 10.18 10.82 11.33 11.72 11.98 12.11 12.11 12.00 11.83 11.65 11.47 11.30 11.12 10.94 10.76 10.57 10.37 10.17 9.96 9.74 9.52 9.31 9.09 8.85 8.58 8.28 7.94 7.59 7.26 6.94 6.63 6.35 6.08 5.85 5.65 5.50 5.40 5.33 5.30 5.30 5.35 5.42 5.52 5.66 5.82 6.01 6.23 6.48 6.75 7.03 7.34 7.66 7.95 8.16 8.31 8.40 8.46 8.49 8.51 8.53 8.54
6.54 6.14 5.82 5.58 5.42 5.34 5.33 5.38 5.50 5.69 5.93 6.23 6.58 6.98 7.43 7.94 8.49 9.08 9.70 10.34 10.92 11.37 11.68 11.86 11.91 11.84 11.70 11.55 11.41 11.26 11.11 10.96 10.80 10.63 10.46 10.28 10.08 9.88 9.66 9.43 9.19 8.95 8.70 8.41 8.10 7.74 7.39 7.04 6.71 6.40 6.10 5.84 5.61 5.43 5.29 5.19 5.13 5.11 5.12 5.16 5.24 5.35 5.48 5.64 5.82 6.03 6.26 6.51 6.79 7.08 7.38 7.65 7.85 8.00 8.09 8.16 8.20 8.24 8.27 8.29
6.64 6.30 6.05 5.87 5.76 5.72 5.74 5.82 5.97 6.16 6.41 6.70 7.04 7.42 7.84 8.30 8.80 9.33 9.89 10.46 10.97 11.34 11.58 11.68 11.64 11.54 11.43 11.32 11.21 11.09 10.97 10.84 10.70 10.55 10.39 10.21 10.03 9.83 9.61 9.38 9.13 8.87 8.59 8.30 7.96 7.59 7.23 6.87 6.53 6.20 5.91 5.65 5.44 5.27 5.14 5.05 4.99 4.97 4.98 5.03 5.10 5.21 5.34 5.49 5.66 5.86 6.08 6.32 6.57 6.84 7.13 7.38 7.57 7.71 7.81 7.88 7.93 7.98 8.02 8.06
6.79 6.52 6.33 6.20 6.13 6.13 6.18 6.28 6.44 6.64 6.88 7.17 7.49 7.84 8.23 8.64 9.08 9.55 10.04 10.54 10.97 11.26 11.41 11.42 11.36 11.29 11.22 11.14 11.06 10.97 10.87 10.76 10.64 10.51 10.36 10.20 10.02 9.82 9.61 9.37 9.12 8.84 8.55 8.23 7.88 7.50 7.11 6.74 6.39 6.06 5.77 5.53 5.32 5.16 5.04 4.95 4.90 4.88 4.90 4.94 5.01 5.11 5.24 5.38 5.55 5.74 5.94 6.16 6.40 6.65 6.91 7.15 7.33 7.46 7.55 7.63 7.69 7.75 7.80 7.85
6.98 6.78 6.64 6.56 6.53 6.56 6.63 6.75 6.91 7.12 7.35 7.62 7.92 8.24 8.59 8.95 9.33 9.73 10.14 10.56 10.91 11.11 11.17 11.16 11.13 11.10 11.06 11.02 10.97 10.90 10.82 10.74 10.63 10.52 10.38 10.23 10.06 9.86 9.65 9.41 9.15 8.87 8.55 8.22 7.85 7.45 7.05 6.67 6.31 5.98 5.71 5.47 5.28 5.12 5.00 4.92 4.87 4.86 4.87 4.91 4.98 5.07 5.19 5.32 5.48 5.65 5.84 6.05 6.26 6.49 6.73 6.95 7.11 7.23 7.33 7.41 7.49 7.55 7.61 7.67
7.22 7.08 6.98 6.94 6.95 7.00 7.09 7.22 7.39 7.58 7.81 8.06 8.33 8.61 8.91 9.23 9.55 9.87 10.20 10.53 10.79 10.90 10.94 10.96 10.97 10.98 10.97 10.96 10.93 10.90 10.84 10.77 10.69 10.58 10.46 10.32 10.15 9.96 9.75 9.51 9.24 8.94 8.62 8.26 7.88 7.46 7.04 6.65 6.30 5.99 5.72 5.49 5.30 5.15 5.04 4.96 4.91 4.89 4.90 4.94 5.00 5.08 5.19 5.31 5.46 5.62 5.79 5.98 6.17 6.38 6.60 6.79 6.94 7.05 7.16 7.25 7.33 7.40 7.47 7.53
7.50 7.40 7.35 7.35 7.38 7.45 7.56 7.69 7.86 8.04 8.25 8.47 8.70 8.95 9.20 9.46 9.71 9.96 10.21 10.44 10.61 10.69 10.77 10.83 10.88 10.92 10.95 10.97 10.97 10.96 10.93 10.88 10.81 10.72 10.60 10.47 10.31 10.12 9.90 9.66 9.39 9.08 8.74 8.37 7.97 7.53 7.10 6.71 6.37 6.07 5.81 5.59 5.41 5.26 5.14 5.06 5.01 4.99 5.00 5.03 5.08 5.15 5.25 5.36 5.49 5.63 5.79 5.96 6.13 6.32 6.50 6.68 6.82 6.94 7.05 7.14 7.23 7.30 7.37 7.44
7.80 7.75 7.74 7.76 7.82 7.90 8.02 8.15 8.31 8.47 8.66 8.85 9.04 9.24 9.44 9.63 9.82 9.99 10.15 10.30 10.44 10.56 10.68 10.78 10.87 10.95 11.01 11.06 11.09 11.10 11.09 11.06 11.00 10.92 10.82 10.69 10.53 10.35 10.13 9.88 9.60 9.29 8.94 8.55 8.12 7.67 7.24 6.86 6.53 6.24 5.98 5.77 5.59 5.44 5.33 5.24 5.19 5.16 5.16 5.18 5.22 5.29 5.37 5.47 5.58 5.71 5.84 5.99 6.14 6.30 6.46 6.62 6.76 6.89 7.00 7.10 7.19 7.27 7.34 7.40
8.05 8.04 8.06 8.12 8.19 8.29 8.41 8.54 8.68 8.83 8.99 9.15 9.30 9.45 9.59 9.72 9.83 9.92 10.00 10.13 10.31 10.48 10.64 10.79 10.93 11.04 11.14 11.22 11.28 11.32 11.33 11.32 11.29 11.22 11.13 11.01 10.86 10.68 10.47 10.22 9.93 9.61 9.25 8.85 8.39 7.86 7.41 7.04 6.72 6.43 6.18 5.97 5.79 5.65 5.53 5.45 5.39 5.36 5.35 5.36 5.40 5.45 5.52 5.60 5.70 5.80 5.92 6.05 6.18 6.31 6.46 6.61 6.75 6.88 7.00 7.10 7.19 7.27 7.34 7.40
8.18 8.22 8.28 8.36 8.46 8.57 8.69 8.82 8.95 9.08 9.21 9.33 9.45 9.55 9.63 9.69 9.73 9.75 9.82 9.98 10.20 10.43 10.64 10.84 11.02 11.18 11.32 11.44 11.54 11.61 11.65 11.67 11.66 11.62 11.55 11.45 11.31 11.14 10.93 10.69 10.41 10.08 9.72 9.30 8.75 8.12 7.58 7.19 6.88 6.60 6.36 6.16 5.98 5.84 5.73 5.64 5.58 5.55 5.53 5.54 5.57 5.61 5.67 5.74 5.82 5.91 6.01 6.11 6.22 6.34 6.47 6.62 6.76 6.89 7.01 7.11 7.21 7.29 7.36 7.42
8.21 8.29 8.39 8.49 8.61 8.74 8.86 8.99 9.11 9.22 9.33 9.42 9.49 9.54 9.56 9.56 9.54 9.55 9.65 9.86 10.12 10.39 10.65 10.90 11.14 11.35 11.54 11.71 11.85 11.96 12.04 12.09 12.12 12.11 12.06 11.98 11.87 11.71 11.52 11.29 11.01 10.70 10.32 9.83 9.20 8.46 7.83 7.36 7.02 6.76 6.53 6.33 6.16 6.02 5.92 5.83 5.77 5.73 5.72 5.72 5.74 5.77 5.82 5.88 5.95 6.03 6.11 6.20 6.29 6.39 6.51 6.65 6.78 6.91 7.03 7.14 7.23 7.32 7.39 7.46
8.14 8.26 8.39 8.53 8.67 8.81 8.94 9.06 9.17 9.27 9.35 9.40 9.43 9.43 9.40 9.34 9.31 9.36 9.51 9.76 10.06 10.36 10.67 10.97 11.27 11.54 11.78 12.00 12.19 12.35 12.48 12.57 12.63 12.66 12.64 12.59 12.51 12.38 12.21 11.99 11.73 11.41 10.98 10.42 9.71 8.89 8.16 7.60 7.19 6.90 6.68 6.50 6.34 6.21 6.10 6.02 5.96 5.93 5.91 5.91 5.92 5.95 5.99 6.04 6.10 6.16 6.23 6.30 6.38 6.47 6.58 6.70 6.83 6.95 7.07 7.18 7.27 7.36 7.43 7.50
7.98 8.15 8.31 8.48 8.64 8.79 8.93 9.05 9.15 9.23 9.28 9.30 9.29 9.24 9.16 9.10 9.11 9.21 9.40 9.68 10.02 10.36 10.70 11.04 11.38 11.72 12.03 12.30 12.55 12.76 12.94 13.08 13.19 13.26 13.28 13.27 13.22 13.12 12.98 12.79 12.54 12.18 11.69 11.06 10.27 9.38 8.58 7.93 7.43 7.08 6.84 6.66 6.52 6.39 6.30 6.22 6.17 6.13 6.11 6.11 6.12 6.15 6.18 6.22 6.27 6.32 6.38 6.43 6.49 6.57 6.66 6.78 6.89 7.00 7.11 7.22 7.32 7.41 7.49 7.55
7.74 7.95 8.15 8.35 8.53 8.69 8.83 8.95 9.04 9.10 9.13 9.12 9.07 8.98 8.90 8.88 8.94 9.08 9.31 9.63 10.00 10.37 10.74 11.12 11.50 11.88 12.25 12.60 12.91 13.18 13.42 13.61 13.77 13.89 13.96 13.99 13.98 13.92 13.81 13.64 13.37 12.97 12.43 11.74 10.90 9.94 9.06 8.34 7.77 7.34 7.04 6.85 6.71 6.60 6.51 6.44 6.39 6.36 6.34 6.34 6.35 6.37 6.40 6.44 6.48 6.52 6.55 6.58 6.63 6.69 6.77 6.87 6.97 7.07 7.17 7.27 7.37 7.46 7.54 7.61
7.43 7.68 7.92 8.15 8.35 8.52 8.67 8.79 8.87 8.91 8.91 8.87 8.78 8.70 8.67 8.70 8.80 8.98 9.24 9.60 10.00 10.40 10.81 11.21 11.62 12.03 12.46 12.87 13.25 13.59 13.89 14.15 14.37 14.54 14.67 14.75 14.78 14.76 14.69 14.51 14.20 13.77 13.19 12.45 11.56 10.55 9.62 8.84 8.20 7.69 7.32 7.07 6.92 6.82 6.74 6.68 6.64 6.62 6.60 6.60 6.62 6.64 6.66 6.69 6.72 6.73 6.75 6.76 6.78 6.83 6.89 6.98 7.07 7.16 7.25 7.34 7.44 7.52 7.61 7.68
7.10 7.36 7.63 7.88 8.10 8.29 8.45 8.56 8.63 8.66 8.64 8.57 8.49 8.45 8.47 8.54 8.69 8.90 9.20 9.59 10.02 10.45 10.88 11.31 11.75 12.19 12.64 13.10 13.56 13.97 14.34 14.67 14.95 15.19 15.38 15.51 15.60 15.62 15.55 15.36 15.03 14.57 13.96 13.20 12.27 11.21 10.23 9.40 8.70 8.14 7.70 7.39 7.19 7.08 7.01 6.96 6.93 6.91 6.90 6.91 6.92 6.94 6.97 6.98 6.99 6.98 6.97 6.96 6.96 6.99 7.04 7.11 7.19 7.27 7.35 7.43 7.51 7.59 7.67 7.75
6.75 7.01 7.29 7.56 7.81 8.01 8.17 8.28 8.35 8.36 8.31 8.26 8.23 8.24 8.30 8.42 8.60 8.86 9.19 9.60 10.06 10.51 10.97 11.42 11.88 12.35 12.83 13.32 13.82 14.31 14.76 15.16 15.52 15.82 16.07 16.28 16.41 16.46 16.38 16.19 15.85 15.38 14.75 13.96 13.00 11.91 10.89 10.02 9.28 8.67 8.18 7.81 7.55 7.39 7.32 7.28 7.26 7.25 7.25 7.26 7.28 7.30 7.31 7.30 7.28 7.24 7.21 7.18 7.16 7.17 7.20 7.26 7.32 7.39 7.46 7.53 7.60 7.67 7.75 7.82
6.38 6.65 6.93 7.21 7.47 7.68 7.85 7.96 8.02 8.01 7.99 7.98 8.01 8.07 8.17 8.33 8.55 8.83 9.19 9.63 10.11 10.59 11.07 11.54 12.03 12.51 13.01 13.52 14.05 14.59 15.12 15.60 16.04 16.42 16.74 17.01 17.18 17.24 17.18 16.99 16.66 16.18 15.54 14.74 13.76 12.64 11.60 10.69 9.92 9.27 8.74 8.33 8.02 7.81 7.69 7.65 7.64 7.64 7.65 7.67 7.69 7.70 7.68 7.65 7.59 7.53 7.47 7.42 7.38 7.37 7.38 7.42 7.47 7.52 7.58 7.64 7.70 7.76 7.83 7.90
6.01 6.28 6.56 6.84 7.10 7.32 7.50 7.61 7.66 7.68 7.70 7.75 7.82 7.93 8.07 8.27 8.52 8.84 9.22 9.68 10.18 10.68 11.18 11.67 12.18 12.68 13.20 13.73 14.27 14.84 15.42 15.98 16.50 16.97 17.36 17.67 17.88 17.96 17.93 17.75 17.43 16.96 16.33 15.52 14.53 13.41 12.35 11.42 10.62 9.95 9.39 8.93 8.59 8.33 8.17 8.09 8.08 8.09 8.12 8.14 8.15 8.13 8.08 8.01 7.93 7.84 7.75 7.68 7.62 7.58 7.58 7.60 7.63 7.67 7.71 7.76 7.81 7.86 7.92 7.98
5.64 5.91 6.19 6.47 6.72 6.94 7.12 7.23 7.31 7.38 7.46 7.56 7.68 7.82 8.01 8.24 8.52 8.86 9.27 9.75 10.27 10.79 11.30 11.81 12.33 12.85 13.39 13.93 14.49 15.07 15.67 16.29 16.89 17.44 17.90 18.26 18.50 18.63 18.62 18.47 18.18 17.72 17.10 16.30 15.32 14.19 13.12 12.18 11.37 10.68 10.10 9.62 9.25 8.96 8.77 8.65 8.60 8.62 8.65 8.66 8.64 8.59 8.50 8.40 8.29 8.17 8.06 7.96 7.87 7.82 7.79 7.80 7.81 7.83 7.86 7.89 7.93 7.97 8.02 8.07
5.28 5.55 5.83 6.10 6.34 6.56 6.73 6.87 7.00 7.13 7.26 7.40 7.57 7.75 7.97 8.24 8.55 8.91 9.34 9.84 10.37 10.90 11.43 11.96 12.49 13.03 13.57 14.13 14.70 15.29 15.91 16.54 17.19 17.81 18.33 18.75 19.04 19.22 19.25 19.15 18.88 18.46 17.86 17.08 16.10 14.98 13.92 12.98 12.17 11.47 10.87 10.39 9.99 9.69 9.47 9.32 9.24 9.23 9.24 9.22 9.16 9.06 8.95 8.81 8.67 8.52 8.38 8.25 8.14 8.07 8.02 8.01 8.00 8.00 8.02 8.03 8.06 8.09 8.13 8.17
4.92 5.20 5.47 5.74 5.98 6.18 6.37 6.56 6.74 6.92 7.10 7.29 7.49 7.72 7.97 8.26 8.60 8.99 9.43 9.95 10.49 11.03 11.57 12.11 12.65 13.20 13.76 14.33 14.91 15.51 16.13 16.77 17.42 18.06 18.65 19.14 19.50 19.73 19.82 19.76 19.54 19.15 18.59 17.83 16.88 15.78 14.73 13.80 13.00 12.30 11.71 11.22 10.82 10.50 10.26 10.10 10.00 9.93 9.87 9.79 9.69 9.56 9.41 9.24 9.07 8.89 8.72 8.56 8.43 8.33 8.26 8.23 8.20 8.19 8.18 8.19 8.20 8.21 8.24 8.27
4.59 4.86 5.13 5.39 5.63 5.85 6.07 6.30 6.53 6.76 6.98 7.21 7.45 7.71 8.00 8.32 8.67 9.08 9.54 10.07 10.62 11.17 11.72 12.27 12.82 13.38 13.94 14.52 15.11 15.72 16.34 16.98 17.61 18.25 18.86 19.42 19.86 20.16 20.31 20.31 20.14 19.80 19.28 18.57 17.65 16.57 15.55 14.64 13.85 13.17 12.59 12.11 11.71 11.39 11.15 10.98 10.84 10.70 10.55 10.41 10.26 10.09 9.90 9.69 9.48 9.28 9.08 8.89 8.74 8.61 8.52 8.46 8.42 8.38 8.36 8.35 8.34 8.34 8.36 8.37
