data_processed/recharge/precip/Precip_1993_03.asc
ncols        168
nrows        136
xllcorner    455000
yllcorner    2107000
cellsize     500
NODATA_value     -99999
[rows 37 to 73 of 136, columns 83 to 165 of 168]
9.69 9.94 10.17 10.37 10.51 10.59 10.62 10.59 10.51 10.38 10.19 9.94 9.64 9.29 8.89 8.46 7.99 7.49 6.97 6.42 5.86 5.30 4.75 4.24 3.77 3.37 3.04 2.81 2.68 2.65 2.71 2.88 3.16 3.56 4.07 4.70 5.44 6.28 7.24 8.30 9.46 10.73 12.10 13.57 15.14 16.80 18.53 20.34 22.22 24.16 26.16 28.20 30.30 32.43 34.65 37.02 39.54 42.20 44.97 47.85 50.82 53.87 56.97 60.10 63.24 66.37 69.47 72.51 75.47 78.28 80.34 81.15 80.83 79.51 77.36 74.51 71.11 67.31 63.25 59.14 55.30 51.99 49.30
9.58 9.82 10.05 10.26 10.44 10.56 10.62 10.62 10.57 10.44 10.25 10.00 9.70 9.34 8.94 8.50 8.02 7.51 6.97 6.40 5.82 5.23 4.66 4.12 3.62 3.18 2.81 2.54 2.37 2.32 2.38 2.55 2.83 3.23 3.75 4.38 5.11 5.96 6.91 7.98 9.14 10.41 11.78 13.26 14.83 16.49 18.23 20.05 21.93 23.87 25.87 27.92 30.02 32.15 34.32 36.57 38.96 41.50 44.17 46.96 49.86 52.85 55.90 59.00 62.11 65.22 68.31 71.35 74.32 77.16 79.27 80.16 79.95 78.78 76.82 74.19 71.04 67.54 63.81 60.01 56.32 53.08 50.49
9.46 9.69 9.92 10.13 10.32 10.47 10.57 10.60 10.56 10.44 10.26 10.02 9.71 9.36 8.96 8.51 8.02 7.50 6.95 6.38 5.78 5.18 4.58 4.02 3.49 3.02 2.62 2.31 2.10 2.01 2.05 2.22 2.50 2.90 3.41 4.03 4.76 5.61 6.56 7.61 8.78 10.04 11.42 12.89 14.46 16.12 17.86 19.67 21.55 23.50 25.49 27.54 29.63 31.77 33.93 36.13 38.39 40.80 43.36 46.05 48.87 51.78 54.77 57.81 60.89 63.96 67.03 70.06 73.02 75.87 78.01 78.96 78.86 77.83 76.03 73.61 70.71 67.48 64.06 60.61 57.27 54.22 51.76
9.33 9.56 9.78 9.99 10.17 10.35 10.47 10.52 10.49 10.39 10.22 9.99 9.69 9.34 8.94 8.50 8.01 7.49 6.93 6.35 5.74 5.12 4.51 3.93 3.38 2.88 2.46 2.11 1.87 1.75 1.75 1.90 2.17 2.56 3.06 3.67 4.39 5.23 6.17 7.22 8.37 9.63 11.00 12.47 14.04 15.69 17.42 19.23 21.10 23.04 25.03 27.07 29.16 31.28 33.44 35.62 37.83 40.12 42.56 45.14 47.86 50.69 53.60 56.57 59.59 62.62 65.65 68.65 71.60 74.44 76.59 77.60 77.58 76.67 75.03 72.80 70.13 67.16 64.04 60.93 57.95 55.27 53.05
9.20 9.42 9.63 9.84 10.02 10.18 10.31 10.38 10.37 10.29 10.13 9.91 9.63 9.29 8.90 8.46 7.97 7.45 6.90 6.31 5.70 5.07 4.45 3.85 3.28 2.77 2.32 1.95 1.68 1.52 1.49 1.60 1.84 2.21 2.70 3.30 4.01 4.83 5.76 6.79 7.94 9.19 10.54 12.00 13.56 15.20 16.93 18.72 20.59 22.51 24.49 26.52 28.60 30.71 32.85 35.03 37.23 39.48 41.80 44.27 46.87 49.60 52.42 55.31 58.25 61.22 64.19 67.15 70.07 72.89 75.04 76.09 76.14 75.34 73.84 71.79 69.33 66.61 63.78 60.98 58.36 56.07 54.23
9.06 9.27 9.48 9.68 9.85 10.00 10.10 10.17 10.18 10.12 9.99 9.79 9.52 9.20 8.82 8.39 7.92 7.41 6.86 6.27 5.66 5.03 4.40 3.79 3.21 2.68 2.21 1.82 1.53 1.34 1.28 1.34 1.54 1.88 2.35 2.92 3.62 4.42 5.33 6.35 7.48 8.71 10.05 11.49 13.04 14.67 16.37 18.16 20.00 21.91 23.88 25.89 27.95 30.05 32.18 34.35 36.56 38.81 41.10 43.45 45.93 48.53 51.25 54.04 56.89 59.79 62.70 65.60 68.47 71.25 73.39 74.46 74.57 73.86 72.49 70.60 68.34 65.86 63.29 60.80 58.52 56.62 55.16
8.90 9.11 9.32 9.50 9.66 9.78 9.87 9.93 9.94 9.91 9.80 9.62 9.38 9.07 8.71 8.30 7.84 7.34 6.80 6.22 5.61 4.98 4.35 3.74 3.15 2.61 2.13 1.73 1.41 1.20 1.11 1.13 1.28 1.57 2.00 2.56 3.22 4.00 4.89 5.89 7.00 8.21 9.53 10.95 12.48 14.09 15.78 17.54 19.37 21.26 23.20 25.20 27.23 29.31 31.43 33.61 35.84 38.10 40.39 42.69 45.05 47.53 50.12 52.80 55.55 58.35 61.18 64.01 66.82 69.56 71.67 72.74 72.89 72.27 71.01 69.27 67.19 64.92 62.61 60.42 58.52 56.99 55.89
8.74 8.95 9.14 9.30 9.44 9.54 9.62 9.66 9.66 9.64 9.56 9.41 9.19 8.91 8.57 8.18 7.74 7.26 6.73 6.17 5.56 4.94 4.32 3.70 3.11 2.57 2.08 1.66 1.34 1.10 0.98 0.97 1.07 1.31 1.68 2.20 2.84 3.59 4.45 5.42 6.51 7.69 8.99 10.39 11.89 13.48 15.14 16.88 18.68 20.55 22.47 24.44 26.45 28.52 30.65 32.84 35.08 37.35 39.64 41.94 44.25 46.60 49.06 51.61 54.25 56.95 59.68 62.42 65.16 67.83 69.90 70.96 71.14 70.58 69.42 67.81 65.90 63.84 61.79 59.94 58.41 57.23 56.47
8.57 8.76 8.93 9.07 9.19 9.28 9.34 9.37 9.37 9.33 9.26 9.15 8.96 8.71 8.40 8.04 7.62 7.16 6.65 6.10 5.51 4.90 4.29 3.68 3.09 2.55 2.05 1.63 1.29 1.05 0.89 0.85 0.91 1.10 1.42 1.87 2.47 3.19 4.02 4.96 6.01 7.17 8.43 9.81 11.28 12.84 14.47 16.18 17.96 19.79 21.68 23.62 25.63 27.70 29.84 32.04 34.29 36.56 38.86 41.17 43.47 45.77 48.09 50.51 53.01 55.59 58.21 60.85 63.50 66.09 68.10 69.15 69.34 68.82 67.75 66.26 64.51 62.66 60.93 59.45 58.26 57.42 56.96
8.39 8.55 8.70 8.82 8.92 8.99 9.04 9.06 9.05 9.02 8.95 8.84 8.69 8.48 8.20 7.86 7.48 7.04 6.56 6.03 5.46 4.87 4.26 3.67 3.09 2.55 2.06 1.64 1.29 1.03 0.85 0.77 0.80 0.94 1.21 1.60 2.13 2.80 3.59 4.50 5.52 6.64 7.87 9.21 10.65 12.18 13.78 15.46 17.20 19.00 20.86 22.78 24.79 26.88 29.03 31.24 33.48 35.76 38.06 40.37 42.67 44.96 47.23 49.51 51.87 54.31 56.81 59.34 61.88 64.37 66.32 67.32 67.51 67.03 66.03 64.64 63.06 61.52 60.15 59.00 58.14 57.59 57.43
8.17 8.31 8.44 8.54 8.63 8.69 8.73 8.74 8.72 8.68 8.61 8.51 8.38 8.20 7.96 7.66 7.31 6.90 6.45 5.95 5.41 4.83 4.25 3.66 3.10 2.57 2.10 1.68 1.33 1.05 0.85 0.75 0.74 0.84 1.05 1.38 1.85 2.45 3.19 4.06 5.03 6.12 7.31 8.61 10.01 11.50 13.07 14.71 16.41 18.17 20.01 21.95 23.97 26.06 28.22 30.43 32.68 34.96 37.26 39.57 41.87 44.15 46.41 48.63 50.85 53.14 55.50 57.90 60.32 62.70 64.56 65.52 65.69 65.23 64.28 63.02 61.73 60.53 59.49 58.66 58.09 57.83 57.92
7.93 8.05 8.15 8.24 8.31 8.36 8.39 8.40 8.38 8.34 8.27 8.17 8.05 7.89 7.69 7.43 7.11 6.75 6.33 5.86 5.35 4.80 4.24 3.68 3.14 2.63 2.17 1.76 1.40 1.11 0.90 0.77 0.73 0.79 0.95 1.23 1.63 2.16 2.82 3.63 4.56 5.60 6.76 8.01 9.37 10.82 12.34 13.94 15.60 17.35 19.19 21.14 23.16 25.26 27.43 29.64 31.90 34.18 36.47 38.78 41.07 43.35 45.60 47.80 49.96 52.11 54.31 56.56 58.85 61.11 62.87 63.76 63.90 63.45 62.58 61.59 60.63 59.76 59.03 58.49 58.19 58.17 58.50
7.66 7.76 7.85 7.92 7.98 8.02 8.04 8.04 8.02 7.98 7.92 7.83 7.71 7.56 7.39 7.17 6.90 6.57 6.19 5.76 5.28 4.77 4.23 3.71 3.20 2.72 2.27 1.87 1.51 1.22 0.99 0.84 0.77 0.79 0.90 1.13 1.47 1.93 2.52 3.25 4.12 5.11 6.21 7.43 8.74 10.14 11.62 13.17 14.80 16.55 18.41 20.36 22.40 24.50 26.67 28.89 31.14 33.42 35.71 38.01 40.30 42.56 44.80 46.99 49.13 51.21 53.26 55.36 57.49 59.62 61.26 62.07 62.17 61.75 61.13 60.47 59.83 59.26 58.82 58.54 58.48 58.70 59.23
7.37 7.45 7.52 7.58 7.62 7.66 7.67 7.67 7.65 7.61 7.55 7.47 7.36 7.23 7.07 6.88 6.66 6.38 6.04 5.65 5.21 4.73 4.25 3.76 3.29 2.83 2.41 2.01 1.66 1.37 1.13 0.95 0.86 0.84 0.92 1.09 1.37 1.77 2.28 2.93 3.72 4.64 5.69 6.85 8.12 9.46 10.89 12.42 14.06 15.82 17.68 19.64 21.68 23.79 25.96 28.17 30.42 32.70 34.99 37.27 39.55 41.81 44.03 46.21 48.34 50.39 52.37 54.31 56.29 58.26 59.77 60.49 60.58 60.39 60.09 59.74 59.40 59.10 58.91 58.87 59.04 59.45 60.17
7.05 7.11 7.17 7.22 7.26 7.28 7.29 7.29 7.27 7.24 7.19 7.11 7.02 6.90 6.76 6.59 6.39 6.16 5.88 5.53 5.14 4.72 4.28 3.84 3.40 2.98 2.57 2.20 1.85 1.55 1.30 1.12 0.99 0.95 0.98 1.11 1.33 1.67 2.11 2.68 3.38 4.22 5.20 6.30 7.51 8.81 10.20 11.73 13.39 15.15 17.02 18.99 21.03 23.14 25.30 27.52 29.76 32.03 34.31 36.59 38.86 41.10 43.31 45.47 47.58 49.61 51.57 53.43 55.25 57.05 58.42 59.09 59.39 59.51 59.52 59.46 59.38 59.34 59.38 59.56 59.91 60.50 61.38
6.71 6.76 6.80 6.84 6.87 6.89 6.90 6.90 6.89 6.86 6.81 6.75 6.67 6.57 6.44 6.30 6.13 5.93 5.70 5.41 5.08 4.72 4.34 3.94 3.55 3.16 2.77 2.41 2.08 1.78 1.53 1.33 1.18 1.11 1.11 1.19 1.36 1.63 2.01 2.51 3.12 3.87 4.76 5.79 6.93 8.20 9.60 11.14 12.80 14.57 16.45 18.41 20.45 22.56 24.73 26.93 29.17 31.43 33.70 35.97 38.23 40.45 42.65 44.79 46.88 48.89 50.82 52.66 54.39 56.04 57.31 58.16 58.77 59.19 59.48 59.68 59.85 60.03 60.28 60.64 61.17 61.91 62.91
6.36 6.39 6.43 6.46 6.48 6.50 6.51 6.51 6.50 6.47 6.44 6.39 6.32 6.24 6.13 6.01 5.86 5.70 5.50 5.28 5.02 4.73 4.41 4.07 3.71 3.36 3.00 2.66 2.34 2.05 1.79 1.58 1.42 1.31 1.28 1.32 1.44 1.66 1.98 2.40 2.93 3.59 4.39 5.32 6.40 7.66 9.07 10.62 12.28 14.06 15.94 17.90 19.94 22.05 24.21 26.41 28.64 30.89 33.15 35.41 37.64 39.86 42.03 44.15 46.21 48.20 50.11 51.92 53.62 55.21 56.63 57.78 58.68 59.38 59.92 60.36 60.75 61.13 61.56 62.09 62.76 63.63 64.74
6.04 6.06 6.08 6.10 6.12 6.13 6.14 6.14 6.13 6.12 6.09 6.05 6.00 5.93 5.85 5.75 5.63 5.48 5.30 5.11 4.92 4.70 4.44 4.16 3.85 3.53 3.22 2.90 2.60 2.31 2.06 1.84 1.66 1.54 1.48 1.48 1.56 1.72 1.98 2.33 2.79 3.37 4.07 4.90 5.88 7.10 8.51 10.06 11.73 13.51 15.38 17.34 19.38 21.48 23.63 25.82 28.04 30.27 32.52 34.75 36.97 39.16 41.31 43.41 45.45 47.41 49.29 51.06 52.74 54.33 55.87 57.28 58.47 59.43 60.22 60.89 61.49 62.06 62.66 63.34 64.15 65.13 66.34
5.77 5.77 5.78 5.79 5.80 5.80 5.81 5.81 5.81 5.80 5.78 5.75 5.71 5.66 5.59 5.52 5.42 5.28 5.10 4.91 4.76 4.60 4.41 4.19 3.94 3.67 3.39 3.10 2.82 2.55 2.31 2.09 1.90 1.76 1.68 1.65 1.69 1.81 2.01 2.30 2.69 3.19 3.80 4.52 5.38 6.49 7.86 9.41 11.07 12.84 14.71 16.67 18.69 20.78 22.92 25.09 27.30 29.52 31.74 33.95 36.15 38.31 40.44 42.51 44.51 46.44 48.28 50.03 51.70 53.30 54.86 56.39 57.81 59.04 60.07 60.96 61.76 62.52 63.29 64.12 65.06 66.15 67.45
5.54 5.53 5.52 5.52 5.52 5.52 5.52 5.52 5.52 5.51 5.50 5.48 5.46 5.42 5.37 5.31 5.22 5.08 4.91 4.72 4.57 4.44 4.32 4.16 3.97 3.75 3.51 3.26 3.01 2.76 2.53 2.32 2.13 1.98 1.88 1.82 1.83 1.91 2.06 2.30 2.62 3.04 3.56 4.17 4.93 5.92 7.18 8.67 10.33 12.09 13.95 15.89 17.91 19.98 22.10 24.25 26.44 28.63 30.83 33.02 35.19 37.32 39.41 41.45 43.42 45.31 47.12 48.86 50.53 52.14 53.71 55.26 56.79 58.24 59.51 60.62 61.62 62.56 63.49 64.46 65.52 66.72 68.11
5.36 5.33 5.31 5.29 5.28 5.28 5.27 5.27 5.27 5.27 5.26 5.25 5.23 5.21 5.18 5.12 5.02 4.89 4.72 4.53 4.38 4.26 4.16 4.07 3.94 3.78 3.59 3.38 3.17 2.95 2.73 2.53 2.34 2.19 2.07 2.00 1.98 2.02 2.13 2.32 2.58 2.92 3.34 3.86 4.52 5.40 6.54 7.92 9.52 11.27 13.11 15.04 17.03 19.08 21.18 23.31 25.47 27.64 29.81 31.96 34.10 36.20 38.26 40.26 42.19 44.04 45.84 47.57 49.25 50.87 52.45 54.01 55.56 57.10 58.57 59.90 61.09 62.21 63.30 64.41 65.59 66.89 68.37
5.23 5.18 5.14 5.11 5.09 5.07 5.06 5.06 5.05 5.05 5.05 5.04 5.04 5.02 4.99 4.93 4.84 4.71 4.53 4.35 4.20 4.08 3.98 3.92 3.85 3.75 3.62 3.46 3.28 3.09 2.90 2.71 2.54 2.39 2.26 2.18 2.14 2.15 2.22 2.35 2.54 2.81 3.15 3.59 4.15 4.94 5.96 7.22 8.70 10.39 12.21 14.11 16.08 18.11 20.18 22.28 24.41 26.55 28.68 30.81 32.90 34.97 36.98 38.94 40.83 42.67 44.45 46.18 47.86 49.49 51.07 52.65 54.21 55.77 57.33 58.84 60.22 61.51 62.75 64.00 65.30 66.70 68.25
5.13 5.06 5.00 4.96 4.92 4.90 4.88 4.87 4.87 4.86 4.86 4.87 4.87 4.85 4.82 4.76 4.66 4.53 4.36 4.18 4.03 3.90 3.81 3.74 3.70 3.66 3.59 3.48 3.35 3.20 3.04 2.87 2.71 2.57 2.44 2.35 2.29 2.28 2.31 2.39 2.52 2.72 2.99 3.35 3.82 4.52 5.43 6.58 7.94 9.50 11.26 13.13 15.08 17.07 19.11 21.19 23.28 25.38 27.48 29.56 31.62 33.64 35.61 37.52 39.39 41.21 42.98 44.71 46.39 48.02 49.61 51.19 52.77 54.34 55.92 57.51 59.06 60.51 61.90 63.28 64.69 66.18 67.80
5.08 4.98 4.91 4.84 4.80 4.76 4.73 4.72 4.71 4.70 4.71 4.71 4.71 4.69 4.66 4.59 4.50 4.36 4.19 4.01 3.86 3.74 3.64 3.58 3.54 3.52 3.50 3.46 3.37 3.26 3.14 3.00 2.86 2.73 2.61 2.51 2.44 2.40 2.39 2.42 2.50 2.64 2.85 3.13 3.54 4.14 4.97 6.00 7.24 8.68 10.32 12.12 14.03 15.99 18.00 20.03 22.09 24.15 26.20 28.24 30.25 32.22 34.15 36.03 37.88 39.68 41.45 43.17 44.85 46.48 48.08 49.66 51.25 52.83 54.43 56.03 57.65 59.25 60.78 62.28 63.80 65.38 67.07
5.05 4.94 4.84 4.76 4.70 4.65 4.61 4.59 4.58 4.57 4.57 4.57 4.57 4.54 4.50 4.44 4.34 4.21 4.03 3.85 3.70 3.58 3.48 3.41 3.37 3.36 3.36 3.37 3.34 3.29 3.20 3.10 2.98 2.87 2.76 2.66 2.58 2.51 2.47 2.46 2.49 2.58 2.73 2.96 3.29 3.82 4.55 5.49 6.62 7.94 9.45 11.13 12.96 14.88 16.85 18.84 20.85 22.86 24.87 26.86 28.82 30.75 32.64 34.49 36.32 38.11 39.86 41.57 43.25 44.88 46.48 48.07 49.66 51.26 52.86 54.48 56.12 57.78 59.43 61.05 62.67 64.33 66.09
5.04 4.92 4.81 4.71 4.63 4.57 4.52 4.49 4.47 4.46 4.45 4.45 4.44 4.41 4.36 4.30 4.20 4.06 3.89 3.71 3.55 3.43 3.33 3.26 3.22 3.20 3.21 3.23 3.26 3.26 3.22 3.15 3.07 2.98 2.88 2.79 2.69 2.60 2.53 2.49 2.48 2.53 2.63 2.81 3.08 3.54 4.20 5.04 6.07 7.28 8.66 10.21 11.91 13.76 15.68 17.62 19.59 21.55 23.51 25.44 27.35 29.23 31.09 32.92 34.72 36.49 38.23 39.94 41.60 43.23 44.83 46.43 48.02 49.63 51.24 52.87 54.52 56.20 57.91 59.63 61.35 63.09 64.91
5.05 4.93 4.80 4.69 4.59 4.51 4.45 4.41 4.38 4.36 4.35 4.34 4.32 4.29 4.24 4.17 4.06 3.93 3.75 3.57 3.42 3.29 3.19 3.12 3.08 3.05 3.06 3.08 3.13 3.18 3.19 3.17 3.12 3.06 2.98 2.88 2.78 2.67 2.58 2.52 2.48 2.49 2.56 2.69 2.91 3.31 3.89 4.66 5.59 6.70 7.97 9.39 10.96 12.67 14.50 16.40 18.31 20.22 22.12 24.00 25.86 27.71 29.53 31.33 33.11 34.86 36.58 38.27 39.93 41.55 43.15 44.75 46.35 47.96 49.58 51.22 52.88 54.57 56.30 58.07 59.87 61.68 63.55
5.08 4.95 4.82 4.69 4.57 4.48 4.40 4.35 4.31 4.29 4.27 4.25 4.22 4.18 4.13 4.05 3.95 3.81 3.63 3.45 3.29 3.17 3.07 2.99 2.94 2.92 2.92 2.94 2.98 3.05 3.11 3.14 3.13 3.10 3.03 2.94 2.83 2.72 2.62 2.54 2.49 2.47 2.50 2.59 2.77 3.12 3.64 4.33 5.18 6.19 7.35 8.66 10.10 11.68 13.37 15.18 17.03 18.88 20.72 22.56 24.37 26.18 27.97 29.74 31.49 33.21 34.92 36.59 38.24 39.86 41.46 43.05 44.66 46.27 47.89 49.54 51.21 52.91 54.66 56.44 58.28 60.15 62.08
5.13 4.99 4.84 4.71 4.58 4.47 4.38 4.31 4.26 4.23 4.20 4.17 4.14 4.09 4.03 3.95 3.84 3.70 3.52 3.34 3.18 3.05 2.95 2.87 2.82 2.79 2.79 2.80 2.84 2.90 2.98 3.06 3.10 3.09 3.04 2.96 2.86 2.75 2.65 2.56 2.49 2.46 2.47 2.53 2.67 2.97 3.44 4.06 4.84 5.76 6.83 8.02 9.35 10.79 12.35 14.02 15.77 17.56 19.35 21.13 22.90 24.66 26.41 28.15 29.87 31.58 33.26 34.92 36.55 38.16 39.76 41.35 42.95 44.56 46.19 47.84 49.52 51.24 52.99 54.79 56.64 58.55 60.52
5.20 5.05 4.89 4.74 4.60 4.47 4.37 4.29 4.23 4.19 4.15 4.11 4.07 4.02 3.96 3.87 3.76 3.61 3.43 3.25 3.09 2.96 2.85 2.77 2.71 2.68 2.67 2.68 2.71 2.77 2.84 2.93 3.00 3.02 3.00 2.94 2.86 2.76 2.66 2.57 2.50 2.46 2.45 2.49 2.61 2.87 3.29 3.85 4.56 5.41 6.38 7.48 8.69 10.01 11.44 12.96 14.58 16.27 18.00 19.73 21.46 23.18 24.89 26.59 28.28 29.96 31.62 33.26 34.88 36.48 38.07 39.66 41.26 42.87 44.50 46.15 47.84 49.56 51.33 53.14 55.00 56.93 59.00
5.29 5.12 4.96 4.79 4.64 4.50 4.39 4.29 4.22 4.17 4.12 4.07 4.02 3.97 3.90 3.80 3.69 3.54 3.36 3.17 3.01 2.87 2.76 2.68 2.62 2.58 2.56 2.57 2.60 2.65 2.71 2.77 2.84 2.90 2.91 2.88 2.82 2.75 2.66 2.58 2.51 2.46 2.45 2.48 2.58 2.81 3.19 3.70 4.35 5.13 6.02 7.02 8.13 9.34 10.64 12.03 13.51 15.07 16.71 18.38 20.06 21.73 23.40 25.07 26.73 28.37 30.01 31.63 33.24 34.83 36.41 37.99 39.58 41.19 42.82 44.48 46.17 47.90 49.67 51.49 53.37 55.39 57.62
5.40 5.22 5.04 4.87 4.70 4.55 4.43 4.32 4.24 4.17 4.11 4.05 4.00 3.93 3.86 3.76 3.64 3.48 3.30 3.11 2.94 2.80 2.69 2.60 2.54 2.49 2.47 2.47 2.50 2.53 2.57 2.62 2.67 2.72 2.77 2.78 2.76 2.71 2.64 2.58 2.52 2.48 2.46 2.49 2.58 2.79 3.14 3.61 4.21 4.92 5.73 6.65 7.67 8.77 9.96 11.23 12.57 14.00 15.51 17.10 18.72 20.35 21.97 23.60 25.22 26.84 28.45 30.05 31.64 33.21 34.78 36.36 37.94 39.55 41.18 42.83 44.52 46.26 48.03 49.87 51.83 54.02 56.43
5.53 5.34 5.15 4.97 4.80 4.64 4.50 4.38 4.27 4.19 4.12 4.06 3.99 3.92 3.84 3.73 3.61 3.45 3.26 3.07 2.90 2.75 2.64 2.54 2.47 2.42 2.40 2.39 2.40 2.42 2.43 2.46 2.49 2.54 2.59 2.64 2.66 2.64 2.61 2.57 2.53 2.50 2.50 2.52 2.61 2.81 3.13 3.57 4.12 4.78 5.53 6.38 7.31 8.31 9.39 10.54 11.76 13.07 14.45 15.91 17.46 19.03 20.61 22.20 23.79 25.37 26.95 28.53 30.10 31.66 33.21 34.78 36.36 37.95 39.58 41.23 42.92 44.66 46.44 48.36 50.49 52.86 55.42
5.68 5.48 5.29 5.10 4.92 4.76 4.61 4.47 4.35 4.24 4.16 4.08 4.01 3.93 3.84 3.73 3.59 3.43 3.24 3.04 2.87 2.72 2.60 2.50 2.43 2.37 2.34 2.32 2.31 2.30 2.30 2.31 2.33 2.36 2.41 2.47 2.52 2.55 2.56 2.55 2.53 2.53 2.54 2.58 2.67 2.87 3.18 3.59 4.11 4.71 5.41 6.19 7.03 7.95 8.93 9.97 11.09 12.28 13.54 14.88 16.31 17.80 19.34 20.88 22.43 23.98 25.53 27.08 28.63 30.17 31.71 33.27 34.83 36.42 38.04 39.69 41.38 43.12 44.98 47.07 49.38 51.89 54.59
5.86 5.66 5.46 5.27 5.09 4.92 4.75 4.60 4.46 4.33 4.23 4.14 4.05 3.96 3.86 3.74 3.61 3.44 3.24 3.04 2.86 2.71 2.58 2.48 2.40 2.34 2.29 2.25 2.22 2.19 2.17 2.17 2.18 2.20 2.23 2.29 2.36 2.43 2.48 2.52 2.54 2.56 2.60 2.66 2.76 2.96 3.27 3.66 4.15 4.72 5.37 6.08 6.85 7.68 8.57 9.52 10.54 11.62 12.78 14.01 15.32 16.70 18.16 19.66 21.17 22.68 24.20 25.73 27.25 28.77 30.30 31.84 33.39 34.97 36.58 38.22 39.92 41.73 43.76 46.02 48.49 51.13 53.95
6.07 5.88 5.68 5.49 5.30 5.12 4.94 4.77 4.61 4.47 4.33 4.22 4.12 4.02 3.91 3.78 3.64 3.47 3.27 3.06 2.88 2.72 2.59 2.48 2.39 2.31 2.25 2.19 2.13 2.09 2.06 2.04 2.04 2.05 2.08 2.13 2.20 2.29 2.39 2.47 2.54 2.60 2.67 2.76 2.88 3.10 3.40 3.79 4.25 4.79 5.40 6.05 6.75 7.51 8.32 9.19 10.12 11.11 12.17 13.30 14.50 15.77 17.13 18.55 20.02 21.49 22.98 24.47 25.97 27.47 28.98 30.50 32.04 33.61 35.21 36.85 38.61 40.60 42.80 45.22 47.81 50.58 53.48
6.34 6.14 5.95 5.75 5.56 5.36 5.17 4.99 4.81 4.64 4.49 4.34 4.22 4.10 3.98 3.85 3.70 3.52 3.31 3.10 2.92 2.75 2.61 2.50 2.39 2.30 2.21 2.13 2.06 2.00 1.96 1.93 1.92 1.92 1.95 2.00 2.07 2.16 2.29 2.42 2.53 2.64 2.75 2.88 3.03 3.26 3.58 3.96 4.42 4.93 5.49 6.09 6.74 7.43 8.17 8.97 9.82 10.73 11.70 12.74 13.84 15.02 16.27 17.59 18.99 20.43 21.88 23.34 24.81 26.29 27.77 29.28 30.80 32.36 33.95 35.66 37.59 39.75 42.11 44.65 47.36 50.22 53.20
