data_processed/recharge/precip/Precip_1990_03.asc
ncols        168
nrows        136
xllcorner    455000
yllcorner    2107000
cellsize     500
NODATA_value     -99999
[rows 36 to 71 of 136, columns 82 to 163 of 168]
8.33 8.35 8.37 8.39 8.41 8.44 8.50 8.60 8.74 8.90 9.10 9.30 9.43 9.50 9.51 9.47 9.39 9.27 9.12 8.96 8.77 8.58 8.37 8.15 7.93 7.72 7.53 7.37 7.25 7.18 7.17 7.23 7.37 7.60 7.93 8.36 8.90 9.52 10.18 10.89 11.64 12.43 13.26 14.12 15.03 15.96 16.93 17.93 18.93 19.94 20.95 21.96 22.98 23.98 24.99 25.98 26.97 27.98 29.03 30.11 31.23 32.35 33.47 34.54 35.53 36.43 37.25 37.96 38.57 39.06 39.42 39.66 39.76 39.76 39.67 39.51 39.29 39.00 38.66 38.28 37.85 37.39
8.64 8.71 8.78 8.84 8.91 8.98 9.05 9.15 9.28 9.45 9.60 9.70 9.73 9.71 9.65 9.54 9.39 9.22 9.04 8.83 8.63 8.41 8.19 7.95 7.73 7.51 7.32 7.17 7.06 7.00 7.00 7.07 7.23 7.48 7.84 8.31 8.85 9.44 10.08 10.76 11.48 12.24 13.04 13.88 14.76 15.67 16.62 17.59 18.57 19.55 20.53 21.52 22.50 23.48 24.45 25.41 26.36 27.30 28.25 29.24 30.27 31.30 32.31 33.26 34.15 34.96 35.70 36.35 36.90 37.35 37.70 37.92 38.03 38.03 37.96 37.82 37.62 37.36 37.05 36.69 36.31 35.89
9.06 9.17 9.28 9.39 9.49 9.59 9.69 9.79 9.91 10.03 10.08 10.08 10.02 9.92 9.78 9.60 9.40 9.19 8.96 8.73 8.50 8.27 8.03 7.80 7.56 7.35 7.17 7.02 6.92 6.87 6.89 6.99 7.17 7.45 7.84 8.30 8.81 9.37 9.98 10.63 11.32 12.06 12.83 13.64 14.49 15.38 16.30 17.24 18.19 19.15 20.10 21.06 22.01 22.96 23.89 24.82 25.73 26.63 27.51 28.41 29.33 30.24 31.11 31.94 32.73 33.45 34.11 34.69 35.19 35.61 35.93 36.14 36.25 36.26 36.20 36.08 35.90 35.66 35.38 35.06 34.71 34.34
9.57 9.71 9.86 10.00 10.13 10.26 10.39 10.50 10.58 10.59 10.54 10.44 10.30 10.12 9.90 9.67 9.42 9.16 8.89 8.64 8.39 8.15 7.91 7.67 7.44 7.23 7.06 6.92 6.84 6.81 6.86 6.98 7.19 7.50 7.88 8.31 8.79 9.32 9.89 10.51 11.17 11.88 12.62 13.41 14.23 15.09 15.98 16.90 17.82 18.74 19.67 20.59 21.51 22.42 23.32 24.21 25.09 25.95 26.78 27.60 28.38 29.15 29.89 30.60 31.28 31.91 32.49 33.01 33.46 33.84 34.13 34.33 34.44 34.46 34.41 34.31 34.14 33.93 33.68 33.40 33.08 32.75
10.14 10.32 10.49 10.66 10.82 10.97 11.11 11.21 11.21 11.12 10.97 10.78 10.55 10.30 10.02 9.73 9.43 9.13 8.84 8.56 8.30 8.06 7.81 7.58 7.35 7.16 6.99 6.87 6.81 6.81 6.88 7.04 7.28 7.59 7.94 8.34 8.78 9.28 9.82 10.40 11.03 11.70 12.42 13.17 13.96 14.79 15.66 16.54 17.43 18.33 19.22 20.11 20.99 21.87 22.73 23.58 24.42 25.24 26.03 26.76 27.43 28.05 28.66 29.26 29.83 30.36 30.86 31.32 31.72 32.05 32.32 32.51 32.62 32.65 32.61 32.52 32.38 32.19 31.97 31.72 31.44 31.15
10.78 10.98 11.17 11.36 11.54 11.70 11.82 11.84 11.77 11.61 11.37 11.09 10.79 10.46 10.12 9.78 9.44 9.11 8.79 8.49 8.23 7.99 7.75 7.51 7.30 7.12 6.97 6.88 6.84 6.87 6.97 7.16 7.41 7.69 8.02 8.39 8.80 9.25 9.76 10.31 10.90 11.54 12.22 12.94 13.70 14.50 15.34 16.19 17.05 17.91 18.77 19.62 20.47 21.30 22.13 22.94 23.74 24.51 25.22 25.87 26.44 26.96 27.44 27.92 28.38 28.82 29.24 29.63 29.98 30.27 30.51 30.69 30.80 30.84 30.81 30.74 30.61 30.45 30.26 30.03 29.79 29.54
11.45 11.67 11.88 12.08 12.26 12.40 12.44 12.39 12.25 12.03 11.73 11.38 11.00 10.61 10.22 9.83 9.45 9.09 8.75 8.44 8.17 7.93 7.70 7.48 7.29 7.12 7.00 6.93 6.92 6.98 7.12 7.31 7.54 7.81 8.11 8.45 8.83 9.25 9.72 10.23 10.79 11.39 12.04 12.72 13.45 14.21 15.02 15.84 16.66 17.49 18.31 19.12 19.93 20.73 21.52 22.29 23.03 23.73 24.35 24.92 25.42 25.86 26.24 26.60 26.96 27.31 27.65 27.97 28.26 28.52 28.73 28.90 29.00 29.05 29.03 28.97 28.87 28.73 28.56 28.37 28.16 27.95
12.14 12.37 12.59 12.79 12.94 13.00 12.97 12.85 12.64 12.37 12.03 11.64 11.20 10.75 10.30 9.87 9.46 9.07 8.71 8.40 8.13 7.90 7.68 7.48 7.30 7.16 7.07 7.03 7.05 7.15 7.29 7.47 7.69 7.93 8.21 8.52 8.87 9.26 9.69 10.17 10.69 11.25 11.86 12.51 13.20 13.93 14.70 15.49 16.28 17.06 17.85 18.63 19.39 20.15 20.89 21.61 22.28 22.89 23.44 23.92 24.35 24.73 25.05 25.32 25.58 25.83 26.09 26.34 26.58 26.80 26.98 27.13 27.24 27.29 27.29 27.24 27.15 27.04 26.89 26.73 26.57 26.39
12.84 13.07 13.29 13.45 13.53 13.51 13.40 13.21 12.96 12.64 12.26 11.83 11.36 10.86 10.37 9.90 9.46 9.05 8.68 8.37 8.11 7.89 7.69 7.51 7.35 7.24 7.18 7.17 7.23 7.34 7.48 7.64 7.84 8.06 8.32 8.61 8.93 9.29 9.69 10.12 10.60 11.13 11.70 12.31 12.97 13.66 14.39 15.14 15.89 16.64 17.39 18.12 18.85 19.56 20.26 20.90 21.49 22.01 22.48 22.90 23.26 23.58 23.84 24.06 24.25 24.41 24.59 24.77 24.96 25.13 25.29 25.43 25.53 25.58 25.59 25.56 25.49 25.39 25.28 25.15 25.02 24.89
13.52 13.75 13.92 14.01 14.00 13.91 13.73 13.49 13.18 12.82 12.41 11.95 11.47 10.95 10.43 9.92 9.46 9.03 8.66 8.35 8.10 7.90 7.72 7.56 7.44 7.36 7.33 7.36 7.43 7.53 7.66 7.81 7.99 8.20 8.43 8.70 9.00 9.33 9.69 10.10 10.54 11.02 11.55 12.13 12.74 13.40 14.09 14.80 15.52 16.22 16.93 17.62 18.30 18.97 19.59 20.15 20.65 21.10 21.50 21.85 22.16 22.42 22.64 22.81 22.95 23.06 23.16 23.28 23.40 23.54 23.67 23.79 23.89 23.95 23.96 23.94 23.89 23.82 23.73 23.63 23.53 23.44
14.17 14.35 14.45 14.45 14.36 14.20 13.97 13.67 13.32 12.92 12.48 12.01 11.51 10.99 10.46 9.94 9.45 9.02 8.64 8.33 8.10 7.92 7.77 7.64 7.55 7.51 7.52 7.57 7.64 7.73 7.84 7.98 8.14 8.33 8.55 8.80 9.07 9.38 9.71 10.09 10.49 10.94 11.43 11.96 12.53 13.15 13.80 14.47 15.14 15.81 16.47 17.12 17.75 18.34 18.88 19.36 19.79 20.17 20.51 20.80 21.05 21.26 21.44 21.58 21.69 21.76 21.81 21.86 21.94 22.03 22.13 22.23 22.33 22.40 22.42 22.41 22.38 22.32 22.26 22.20 22.13 22.08
14.74 14.83 14.84 14.76 14.61 14.38 14.09 13.75 13.36 12.93 12.47 11.98 11.48 10.96 10.44 9.93 9.44 9.00 8.62 8.33 8.11 7.96 7.84 7.75 7.69 7.69 7.72 7.77 7.83 7.92 8.02 8.15 8.30 8.47 8.67 8.90 9.15 9.43 9.74 10.09 10.46 10.87 11.31 11.80 12.34 12.91 13.52 14.15 14.78 15.40 16.02 16.62 17.17 17.68 18.14 18.55 18.91 19.23 19.51 19.75 19.95 20.12 20.26 20.37 20.45 20.50 20.54 20.55 20.57 20.62 20.69 20.78 20.87 20.94 20.97 20.98 20.96 20.93 20.89 20.86 20.83 20.80
15.17 15.18 15.11 14.96 14.74 14.45 14.12 13.73 13.31 12.86 12.38 11.88 11.38 10.87 10.37 9.88 9.41 8.97 8.61 8.33 8.14 8.02 7.93 7.88 7.86 7.88 7.91 7.96 8.02 8.10 8.20 8.32 8.46 8.62 8.80 9.00 9.24 9.49 9.78 10.09 10.44 10.81 11.22 11.67 12.16 12.69 13.26 13.84 14.43 15.01 15.57 16.09 16.57 17.00 17.38 17.72 18.03 18.29 18.52 18.71 18.87 19.01 19.11 19.20 19.26 19.30 19.32 19.33 19.32 19.33 19.37 19.44 19.53 19.61 19.65 19.66 19.66 19.65 19.64 19.64 19.63 19.63
15.47 15.39 15.24 15.02 14.74 14.41 14.03 13.61 13.16 12.69 12.20 11.70 11.20 10.71 10.23 9.77 9.33 8.94 8.59 8.33 8.17 8.09 8.04 8.03 8.04 8.06 8.10 8.15 8.21 8.28 8.37 8.48 8.61 8.76 8.92 9.11 9.32 9.56 9.82 10.11 10.43 10.77 11.15 11.55 12.00 12.48 13.01 13.55 14.09 14.61 15.10 15.55 15.95 16.30 16.62 16.90 17.15 17.36 17.54 17.70 17.83 17.93 18.01 18.07 18.12 18.15 18.17 18.18 18.18 18.17 18.19 18.24 18.33 18.40 18.45 18.48 18.50 18.51 18.53 18.54 18.56 18.58
15.62 15.47 15.24 14.96 14.63 14.25 13.83 13.39 12.92 12.43 11.93 11.44 10.95 10.47 10.02 9.60 9.21 8.86 8.57 8.34 8.22 8.17 8.17 8.18 8.20 8.23 8.27 8.32 8.38 8.45 8.54 8.64 8.76 8.89 9.05 9.22 9.41 9.63 9.87 10.13 10.42 10.74 11.08 11.45 11.86 12.30 12.77 13.27 13.75 14.21 14.62 14.99 15.31 15.61 15.87 16.09 16.29 16.46 16.60 16.72 16.82 16.90 16.96 17.01 17.05 17.08 17.10 17.11 17.12 17.13 17.15 17.19 17.27 17.34 17.40 17.44 17.48 17.52 17.55 17.58 17.62 17.66
15.62 15.39 15.11 14.77 14.39 13.97 13.52 13.05 12.57 12.07 11.58 11.09 10.62 10.17 9.75 9.36 9.02 8.74 8.51 8.35 8.27 8.27 8.29 8.32 8.35 8.39 8.43 8.48 8.55 8.62 8.70 8.79 8.90 9.03 9.17 9.33 9.50 9.70 9.92 10.16 10.42 10.71 11.02 11.36 11.73 12.13 12.56 13.00 13.42 13.79 14.12 14.42 14.69 14.92 15.13 15.30 15.46 15.59 15.70 15.79 15.86 15.93 15.98 16.02 16.05 16.08 16.11 16.14 16.17 16.20 16.24 16.30 16.37 16.45 16.52 16.58 16.63 16.68 16.73 16.78 16.83 16.89
15.49 15.19 14.85 14.46 14.04 13.59 13.11 12.62 12.12 11.63 11.14 10.67 10.22 9.80 9.41 9.08 8.79 8.57 8.41 8.33 8.32 8.36 8.40 8.44 8.48 8.53 8.58 8.63 8.70 8.77 8.85 8.94 9.04 9.16 9.28 9.43 9.59 9.77 9.97 10.18 10.42 10.68 10.97 11.28 11.61 11.98 12.36 12.74 13.08 13.37 13.64 13.88 14.08 14.26 14.42 14.55 14.67 14.76 14.85 14.92 14.97 15.02 15.07 15.11 15.14 15.18 15.22 15.27 15.32 15.39 15.46 15.55 15.65 15.73 15.81 15.88 15.95 16.01 16.06 16.12 16.19 16.26
15.31 14.95 14.55 14.12 13.66 13.17 12.68 12.17 11.67 11.18 10.70 10.24 9.82 9.43 9.09 8.81 8.58 8.43 8.34 8.34 8.37 8.42 8.47 8.52 8.58 8.64 8.69 8.76 8.82 8.89 8.97 9.06 9.16 9.26 9.38 9.52 9.66 9.82 10.00 10.20 10.41 10.65 10.91 11.19 11.49 11.82 12.17 12.50 12.77 12.99 13.19 13.37 13.52 13.65 13.76 13.85 13.93 14.00 14.06 14.11 14.15 14.19 14.23 14.27 14.32 14.37 14.42 14.49 14.57 14.67 14.78 14.90 15.00 15.09 15.17 15.25 15.33 15.39 15.46 15.53 15.60 15.68
15.12 14.71 14.26 13.78 13.28 12.77 12.26 11.74 11.24 10.75 10.29 9.85 9.46 9.11 8.82 8.59 8.43 8.34 8.33 8.36 8.41 8.45 8.51 8.58 8.65 8.72 8.78 8.85 8.92 9.00 9.07 9.16 9.25 9.35 9.46 9.58 9.72 9.86 10.02 10.20 10.39 10.60 10.83 11.08 11.36 11.66 11.98 12.28 12.50 12.66 12.80 12.92 13.01 13.09 13.16 13.21 13.26 13.30 13.33 13.36 13.39 13.43 13.46 13.51 13.56 13.62 13.70 13.79 13.90 14.02 14.16 14.29 14.38 14.47 14.56 14.65 14.73 14.80 14.88 14.96 15.04 15.12
14.93 14.46 13.97 13.45 12.92 12.39 11.86 11.34 10.83 10.36 9.91 9.50 9.14 8.84 8.59 8.42 8.32 8.30 8.33 8.38 8.42 8.47 8.53 8.61 8.69 8.76 8.84 8.92 8.99 9.07 9.15 9.23 9.32 9.42 9.52 9.63 9.75 9.88 10.03 10.19 10.36 10.54 10.75 10.97 11.22 11.49 11.78 12.05 12.25 12.38 12.46 12.51 12.56 12.59 12.61 12.63 12.64 12.66 12.67 12.68 12.70 12.73 12.76 12.81 12.87 12.95 13.04 13.16 13.30 13.45 13.59 13.71 13.80 13.89 13.98 14.07 14.15 14.24 14.32 14.40 14.49 14.58
14.74 14.22 13.68 13.13 12.57 12.02 11.48 10.95 10.46 9.99 9.56 9.19 8.86 8.60 8.41 8.30 8.27 8.29 8.33 8.37 8.42 8.48 8.54 8.61 8.69 8.78 8.87 8.96 9.04 9.12 9.20 9.29 9.37 9.46 9.56 9.66 9.77 9.89 10.02 10.16 10.31 10.47 10.65 10.86 11.08 11.32 11.59 11.82 12.00 12.10 12.15 12.16 12.15 12.14 12.12 12.10 12.09 12.07 12.06 12.06 12.07 12.10 12.13 12.18 12.26 12.35 12.46 12.61 12.77 12.92 13.05 13.16 13.26 13.34 13.43 13.51 13.60 13.69 13.78 13.87 13.97 14.06
14.55 13.98 13.40 12.82 12.24 11.67 11.12 10.59 10.10 9.65 9.25 8.91 8.62 8.41 8.28 8.23 8.23 8.26 8.30 8.35 8.41 8.46 8.53 8.60 8.68 8.77 8.87 8.97 9.06 9.14 9.23 9.31 9.40 9.49 9.58 9.67 9.77 9.88 9.99 10.11 10.24 10.39 10.55 10.73 10.93 11.15 11.39 11.60 11.75 11.83 11.86 11.85 11.80 11.74 11.68 11.63 11.58 11.55 11.52 11.51 11.51 11.52 11.56 11.62 11.71 11.82 11.95 12.11 12.27 12.41 12.54 12.65 12.74 12.83 12.91 13.00 13.09 13.18 13.27 13.37 13.47 13.57
14.32 13.74 13.12 12.51 11.91 11.33 10.77 10.25 9.77 9.34 8.97 8.66 8.42 8.27 8.19 8.17 8.18 8.22 8.26 8.32 8.37 8.43 8.50 8.57 8.66 8.75 8.85 8.95 9.05 9.14 9.23 9.32 9.40 9.49 9.57 9.66 9.75 9.85 9.95 10.05 10.17 10.30 10.45 10.61 10.79 10.98 11.19 11.37 11.50 11.56 11.58 11.55 11.48 11.39 11.29 11.21 11.13 11.07 11.03 11.00 11.00 11.02 11.06 11.13 11.22 11.35 11.50 11.66 11.81 11.94 12.06 12.17 12.26 12.34 12.43 12.51 12.60 12.70 12.79 12.89 12.99 13.10
14.02 13.47 12.84 12.21 11.59 11.00 10.45 9.93 9.47 9.06 8.72 8.45 8.26 8.16 8.11 8.10 8.12 8.16 8.21 8.27 8.33 8.39 8.46 8.53 8.62 8.71 8.80 8.91 9.01 9.11 9.21 9.30 9.39 9.47 9.55 9.63 9.72 9.80 9.89 9.98 10.09 10.21 10.34 10.48 10.64 10.81 10.99 11.14 11.25 11.30 11.30 11.26 11.19 11.08 10.95 10.84 10.74 10.66 10.60 10.56 10.55 10.57 10.61 10.69 10.80 10.94 11.09 11.23 11.37 11.50 11.62 11.72 11.81 11.89 11.98 12.06 12.15 12.25 12.35 12.45 12.55 12.66
13.66 13.14 12.55 11.91 11.28 10.69 10.14 9.64 9.19 8.81 8.51 8.28 8.14 8.06 8.03 8.03 8.05 8.09 8.15 8.21 8.27 8.33 8.40 8.48 8.56 8.65 8.75 8.85 8.96 9.06 9.16 9.26 9.35 9.43 9.51 9.59 9.66 9.74 9.82 9.90 10.00 10.11 10.22 10.35 10.49 10.63 10.79 10.92 11.00 11.03 11.02 10.98 10.90 10.79 10.65 10.51 10.39 10.29 10.22 10.17 10.16 10.17 10.23 10.32 10.44 10.57 10.70 10.83 10.96 11.08 11.20 11.30 11.39 11.47 11.56 11.65 11.74 11.83 11.93 12.04 12.14 12.26
13.24 12.75 12.20 11.60 10.99 10.39 9.85 9.36 8.94 8.59 8.32 8.14 8.03 7.96 7.94 7.94 7.97 8.02 8.08 8.14 8.21 8.27 8.34 8.41 8.50 8.59 8.68 8.78 8.88 8.99 9.10 9.20 9.29 9.37 9.45 9.52 9.59 9.66 9.74 9.82 9.91 10.01 10.11 10.22 10.34 10.46 10.59 10.69 10.75 10.77 10.75 10.70 10.61 10.50 10.38 10.23 10.09 9.97 9.89 9.83 9.82 9.84 9.90 9.99 10.10 10.22 10.34 10.46 10.58 10.70 10.81 10.91 10.99 11.08 11.17 11.26 11.35 11.45 11.55 11.66 11.77 11.89
12.77 12.31 11.80 11.25 10.68 10.11 9.57 9.11 8.71 8.40 8.17 8.01 7.91 7.85 7.83 7.85 7.88 7.93 8.00 8.07 8.13 8.19 8.26 8.34 8.42 8.51 8.60 8.70 8.80 8.90 9.01 9.11 9.21 9.29 9.37 9.44 9.51 9.58 9.65 9.73 9.81 9.90 9.99 10.09 10.19 10.29 10.39 10.47 10.51 10.52 10.48 10.42 10.34 10.23 10.11 9.97 9.84 9.71 9.61 9.55 9.53 9.56 9.62 9.70 9.80 9.90 10.01 10.12 10.23 10.34 10.44 10.54 10.63 10.72 10.81 10.90 11.00 11.10 11.21 11.32 11.43 11.55
12.26 11.83 11.36 10.86 10.34 9.82 9.32 8.87 8.51 8.23 8.03 7.88 7.79 7.74 7.73 7.74 7.79 7.84 7.91 7.98 8.05 8.11 8.18 8.26 8.34 8.42 8.52 8.61 8.71 8.81 8.91 9.01 9.11 9.20 9.28 9.35 9.42 9.49 9.56 9.64 9.72 9.80 9.88 9.96 10.04 10.12 10.20 10.26 10.28 10.26 10.22 10.15 10.07 9.96 9.85 9.72 9.60 9.48 9.38 9.32 9.30 9.32 9.37 9.43 9.51 9.60 9.70 9.80 9.90 10.01 10.11 10.21 10.30 10.39 10.48 10.58 10.68 10.78 10.89 11.00 11.12 11.25
11.72 11.32 10.89 10.43 9.97 9.51 9.06 8.66 8.33 8.07 7.88 7.75 7.66 7.62 7.62 7.64 7.68 7.75 7.82 7.89 7.96 8.02 8.09 8.17 8.25 8.33 8.42 8.51 8.61 8.70 8.80 8.89 8.99 9.08 9.16 9.24 9.32 9.40 9.47 9.55 9.62 9.69 9.76 9.82 9.89 9.95 10.00 10.04 10.04 10.02 9.96 9.89 9.80 9.70 9.59 9.49 9.38 9.28 9.19 9.13 9.11 9.11 9.14 9.19 9.25 9.32 9.41 9.50 9.60 9.70 9.80 9.90 9.99 10.08 10.18 10.28 10.38 10.49 10.61 10.73 10.85 10.98
11.17 10.79 10.39 9.98 9.57 9.17 8.79 8.45 8.16 7.91 7.73 7.61 7.53 7.50 7.50 7.53 7.58 7.64 7.72 7.79 7.86 7.93 8.00 8.07 8.15 8.23 8.32 8.41 8.50 8.59 8.68 8.77 8.86 8.95 9.04 9.13 9.22 9.30 9.38 9.45 9.52 9.58 9.64 9.69 9.74 9.78 9.81 9.83 9.81 9.77 9.71 9.64 9.55 9.45 9.35 9.26 9.17 9.09 9.03 8.98 8.94 8.93 8.93 8.96 9.01 9.07 9.15 9.23 9.32 9.42 9.52 9.62 9.71 9.81 9.91 10.01 10.12 10.24 10.35 10.48 10.61 10.74
10.60 10.25 9.89 9.52 9.15 8.81 8.50 8.22 7.97 7.76 7.59 7.47 7.40 7.37 7.38 7.42 7.47 7.54 7.62 7.69 7.76 7.83 7.90 7.97 8.05 8.13 8.21 8.30 8.38 8.47 8.56 8.64 8.73 8.82 8.91 9.01 9.11 9.20 9.28 9.35 9.42 9.47 9.52 9.56 9.59 9.62 9.63 9.62 9.59 9.54 9.47 9.39 9.30 9.21 9.12 9.04 8.97 8.91 8.87 8.83 8.79 8.76 8.75 8.76 8.79 8.84 8.91 8.98 9.07 9.16 9.26 9.36 9.46 9.56 9.67 9.77 9.89 10.01 10.13 10.26 10.40 10.54
10.03 9.71 9.38 9.05 8.74 8.45 8.19 7.96 7.76 7.58 7.44 7.33 7.27 7.25 7.26 7.30 7.36 7.43 7.51 7.59 7.66 7.73 7.79 7.87 7.94 8.02 8.10 8.18 8.27 8.35 8.43 8.51 8.60 8.69 8.79 8.89 9.00 9.09 9.18 9.25 9.31 9.37 9.41 9.43 9.45 9.46 9.45 9.42 9.38 9.31 9.24 9.15 9.07 8.98 8.90 8.83 8.78 8.74 8.71 8.67 8.64 8.61 8.58 8.58 8.60 8.64 8.69 8.76 8.84 8.93 9.03 9.13 9.23 9.34 9.45 9.56 9.68 9.81 9.94 10.07 10.22 10.36
9.48 9.18 8.89 8.60 8.33 8.09 7.88 7.69 7.53 7.39 7.28 7.19 7.14 7.13 7.14 7.19 7.25 7.33 7.41 7.49 7.56 7.62 7.69 7.76 7.83 7.91 7.99 8.07 8.14 8.22 8.30 8.38 8.47 8.57 8.68 8.78 8.88 8.98 9.07 9.15 9.21 9.26 9.29 9.31 9.31 9.30 9.27 9.23 9.17 9.09 9.01 8.92 8.84 8.76 8.69 8.64 8.60 8.57 8.54 8.51 8.48 8.46 8.43 8.42 8.42 8.45 8.50 8.56 8.64 8.73 8.82 8.93 9.03 9.14 9.26 9.38 9.51 9.64 9.77 9.92 10.06 10.22
8.94 8.67 8.40 8.15 7.93 7.73 7.56 7.41 7.29 7.18 7.11 7.05 7.01 7.00 7.03 7.08 7.15 7.22 7.31 7.39 7.46 7.52 7.59 7.66 7.73 7.80 7.87 7.95 8.02 8.09 8.18 8.27 8.36 8.46 8.57 8.67 8.78 8.88 8.97 9.05 9.11 9.15 9.18 9.19 9.18 9.15 9.10 9.04 8.96 8.88 8.79 8.70 8.62 8.55 8.50 8.45 8.42 8.39 8.36 8.34 8.32 8.30 8.29 8.27 8.27 8.28 8.32 8.38 8.45 8.54 8.64 8.75 8.86 8.97 9.10 9.22 9.35 9.49 9.64 9.79 9.94 10.11
8.43 8.19 7.95 7.74 7.55 7.39 7.25 7.14 7.04 6.97 6.92 6.89 6.88 6.88 6.92 6.97 7.04 7.12 7.21 7.29 7.36 7.42 7.48 7.55 7.62 7.69 7.76 7.83 7.90 7.98 8.07 8.16 8.26 8.37 8.47 8.58 8.68 8.78 8.87 8.95 9.01 9.05 9.07 9.07 9.05 9.00 8.94 8.86 8.77 8.67 8.58 8.50 8.42 8.36 8.31 8.27 8.24 8.21 8.18 8.17 8.15 8.14 8.13 8.13 8.13 8.14 8.17 8.22 8.29 8.38 8.48 8.59 8.71 8.83 8.96 9.09 9.23 9.37 9.53 9.69 9.85 10.04
7.97 7.74 7.54 7.36 7.20 7.07 6.97 6.88 6.81 6.77 6.74 6.73 6.74 6.77 6.81 6.86 6.94 7.02 7.11 7.19 7.26 7.32 7.38 7.45 7.51 7.58 7.65 7.71 7.79 7.88 7.97 8.07 8.18 8.28 8.39 8.50 8.60 8.69 8.78 8.85 8.91 8.95 8.96 8.96 8.92 8.86 8.78 8.68 8.58 8.48 8.38 8.30 8.22 8.17 8.12 8.08 8.05 8.02 8.00 7.99 7.98 7.98 7.98 7.98 7.99 8.01 8.04 8.08 8.15 8.24 8.34 8.45 8.58 8.71 8.84 8.98 9.13 9.28 9.44 9.61 9.80 10.00
