data_processed/recharge/precip/Precip_2010_12.asc
ncols        168
nrows        136
xllcorner    455000
yllcorner    2107000
cellsize     500
NODATA_value     -99999
[rows 76 to 113 of 136, columns 0 to 83 of 168]
0.00 0.01 0.01 0.02 0.03 0.05 0.06 0.08 0.10 0.11 0.13 0.15 0.17 0.18 0.20 0.21 0.22 0.23 0.24 0.24 0.24 0.24 0.23 0.22 0.20 0.18 0.15 0.13 0.11 0.09 0.08 0.07 0.05 0.05 0.04 0.03 0.03 0.02 0.02 0.02 0.02 0.02 0.02 0.02 0.02 0.02 0.02 0.01 0.01 0.01 0.01 0.00 0.00 0.00 0.00 0.00 0.00 0.00 0.00 0.00 0.00 0.00 0.00 0.00 0.00 0.00 0.00 0.00 0.00 0.00 0.00 0.00 0.00 0.00 0.00 0.00 0.00 0.00 0.00 0.00 0.00 0.00 0.00 0.00
0.01 0.01 0.02 0.03 0.05 0.06 0.08 0.10 0.12 0.13 0.15 0.17 0.19 0.20 0.22 0.23 0.24 0.25 0.25 0.25 0.25 0.24 0.23 0.22 0.19 0.17 0.14 0.11 0.09 0.07 0.05 0.03 0.02 0.00 0.00 0.00 0.00 0.00 0.00 0.00 0.00 0.00 0.00 0.00 0.00 0.00 0.00 0.00 0.00 0.00 0.00 0.00 0.00 0.00 0.00 0.00 0.00 0.00 0.00 0.00 0.00 0.00 0.00 0.00 0.00 0.00 0.00 0.00 0.00 0.00 0.00 0.00 0.00 0.00 0.00 0.00 0.00 0.00 0.00 0.00 0.00 0.00 0.00 0.00
0.01 0.02 0.03 0.05 0.06 0.08 0.10 0.12 0.14 0.15 0.17 0.19 0.21 0.22 0.23 0.25 0.25 0.26 0.26 0.26 0.25 0.24 0.23 0.21 0.19 0.16 0.12 0.09 0.06 0.04 0.01 0.00 0.00 0.00 0.00 0.00 0.00 0.00 0.00 0.00 0.00 0.00 0.00 0.00 0.00 0.00 0.00 0.00 0.00 0.00 0.00 0.00 0.00 0.01 0.01 0.00 0.00 0.00 0.00 0.00 0.00 0.00 0.00 0.00 0.00 0.00 0.00 0.00 0.00 0.00 0.00 0.00 0.00 0.00 0.00 0.00 0.00 0.00 0.00 0.00 0.00 0.00 0.00 0.00
0.02 0.03 0.04 0.06 0.08 0.10 0.12 0.14 0.15 0.17 0.19 0.21 0.22 0.24 0.25 0.26 0.26 0.27 0.27 0.26 0.25 0.24 0.22 0.20 0.17 0.14 0.11 0.08 0.04 0.01 0.00 0.00 0.00 0.00 0.00 0.00 0.00 0.00 0.00 0.00 0.00 0.00 0.00 0.00 0.00 0.00 0.00 0.00 0.00 0.00 0.00 0.00 0.01 0.03 0.03 0.03 0.02 0.00 0.00 0.00 0.00 0.00 0.00 0.00 0.00 0.00 0.00 0.00 0.00 0.00 0.00 0.00 0.00 0.00 0.00 0.00 0.00 0.00 0.00 0.00 0.00 0.00 0.00 0.00
0.02 0.04 0.06 0.07 0.09 0.11 0.13 0.15 0.17 0.19 0.21 0.22 0.24 0.25 0.26 0.27 0.27 0.27 0.27 0.26 0.25 0.23 0.21 0.19 0.16 0.13 0.09 0.06 0.03 0.00 0.00 0.00 0.00 0.00 0.00 0.00 0.00 0.00 0.00 0.00 0.00 0.00 0.00 0.00 0.00 0.00 0.00 0.00 0.00 0.00 0.00 0.00 0.02 0.05 0.07 0.07 0.06 0.04 0.03 0.01 0.00 0.00 0.00 0.00 0.00 0.00 0.00 0.00 0.00 0.00 0.00 0.00 0.00 0.00 0.00 0.00 0.00 0.00 0.00 0.00 0.00 0.00 0.00 0.00
0.03 0.05 0.07 0.09 0.11 0.13 0.15 0.17 0.19 0.21 0.22 0.24 0.25 0.26 0.27 0.28 0.28 0.28 0.27 0.26 0.24 0.22 0.20 0.17 0.14 0.11 0.08 0.04 0.01 0.00 0.00 0.00 0.00 0.00 0.00 0.00 0.00 0.00 0.00 0.00 0.00 0.00 0.00 0.00 0.00 0.00 0.00 0.00 0.00 0.00 0.00 0.01 0.05 0.09 0.11 0.12 0.11 0.10 0.07 0.05 0.03 0.01 0.00 0.00 0.00 0.00 0.00 0.00 0.00 0.00 0.00 0.00 0.00 0.00 0.00 0.00 0.00 0.00 0.00 0.00 0.00 0.00 0.00 0.00
0.03 0.05 0.08 0.10 0.12 0.14 0.16 0.18 0.20 0.22 0.24 0.25 0.26 0.27 0.28 0.28 0.28 0.27 0.27 0.25 0.23 0.21 0.18 0.16 0.13 0.09 0.06 0.03 0.00 0.00 0.00 0.00 0.00 0.00 0.00 0.00 0.00 0.00 0.00 0.00 0.00 0.00 0.00 0.00 0.00 0.00 0.00 0.00 0.00 0.00 0.00 0.03 0.08 0.12 0.16 0.17 0.17 0.16 0.14 0.11 0.09 0.06 0.03 0.01 0.00 0.00 0.00 0.00 0.00 0.00 0.00 0.00 0.00 0.00 0.00 0.00 0.00 0.00 0.00 0.00 0.00 0.00 0.00 0.00
0.04 0.06 0.08 0.11 0.13 0.15 0.17 0.19 0.21 0.23 0.25 0.26 0.27 0.28 0.28 0.28 0.28 0.27 0.26 0.24 0.22 0.19 0.17 0.14 0.11 0.08 0.05 0.01 0.00 0.00 0.00 0.00 0.00 0.00 0.00 0.00 0.00 0.00 0.00 0.00 0.00 0.00 0.00 0.00 0.00 0.00 0.00 0.00 0.00 0.00 0.00 0.06 0.11 0.17 0.21 0.23 0.24 0.23 0.21 0.18 0.15 0.12 0.09 0.06 0.03 0.00 0.00 0.00 0.00 0.00 0.00 0.00 0.00 0.00 0.00 0.00 0.00 0.00 0.00 0.00 0.00 0.00 0.00 0.00
0.04 0.07 0.09 0.12 0.14 0.16 0.18 0.20 0.22 0.24 0.25 0.26 0.27 0.28 0.28 0.28 0.27 0.26 0.24 0.22 0.20 0.18 0.15 0.12 0.09 0.06 0.03 0.00 0.00 0.00 0.00 0.00 0.00 0.00 0.00 0.00 0.00 0.00 0.00 0.00 0.00 0.00 0.00 0.00 0.00 0.00 0.00 0.00 0.00 0.00 0.03 0.09 0.15 0.21 0.26 0.29 0.30 0.30 0.29 0.26 0.22 0.19 0.15 0.11 0.08 0.04 0.01 0.00 0.00 0.00 0.00 0.00 0.00 0.00 0.00 0.00 0.00 0.00 0.00 0.00 0.00 0.00 0.00 0.00
0.05 0.07 0.10 0.12 0.15 0.17 0.19 0.21 0.23 0.24 0.26 0.27 0.27 0.27 0.27 0.27 0.26 0.24 0.22 0.20 0.18 0.16 0.13 0.11 0.08 0.04 0.01 0.00 0.00 0.00 0.00 0.00 0.00 0.00 0.00 0.00 0.00 0.00 0.00 0.00 0.00 0.00 0.00 0.00 0.00 0.00 0.00 0.00 0.00 0.00 0.06 0.13 0.20 0.26 0.32 0.35 0.37 0.37 0.36 0.34 0.30 0.26 0.22 0.18 0.13 0.09 0.06 0.02 0.00 0.00 0.00 0.00 0.00 0.00 0.00 0.00 0.00 0.00 0.00 0.00 0.00 0.00 0.00 0.00
0.05 0.08 0.10 0.13 0.15 0.17 0.19 0.21 0.23 0.24 0.26 0.26 0.27 0.27 0.26 0.26 0.24 0.23 0.21 0.19 0.16 0.14 0.12 0.09 0.06 0.03 0.00 0.00 0.00 0.00 0.00 0.00 0.00 0.00 0.00 0.00 0.00 0.00 0.00 0.00 0.00 0.00 0.00 0.00 0.00 0.00 0.00 0.00 0.00 0.03 0.10 0.17 0.25 0.32 0.37 0.41 0.44 0.44 0.43 0.41 0.38 0.34 0.29 0.24 0.19 0.15 0.10 0.06 0.02 0.00 0.00 0.00 0.00 0.00 0.00 0.00 0.00 0.00 0.00 0.00 0.00 0.00 0.00 0.00
0.05 0.08 0.10 0.13 0.15 0.18 0.20 0.21 0.23 0.24 0.25 0.26 0.26 0.26 0.25 0.24 0.22 0.21 0.19 0.17 0.15 0.12 0.10 0.07 0.04 0.01 0.00 0.00 0.00 0.00 0.00 0.00 0.00 0.00 0.00 0.00 0.00 0.00 0.00 0.00 0.00 0.00 0.00 0.00 0.00 0.00 0.00 0.00 0.00 0.06 0.14 0.22 0.30 0.37 0.43 0.48 0.50 0.51 0.51 0.49 0.46 0.42 0.37 0.31 0.26 0.20 0.15 0.10 0.05 0.00 0.00 0.00 0.00 0.00 0.00 0.00 0.00 0.00 0.00 0.00 0.00 0.00 0.00 0.00
0.05 0.08 0.11 0.13 0.16 0.18 0.20 0.21 0.23 0.24 0.24 0.25 0.25 0.24 0.23 0.22 0.20 0.18 0.17 0.15 0.13 0.10 0.08 0.05 0.02 0.00 0.00 0.00 0.00 0.00 0.00 0.00 0.00 0.00 0.00 0.00 0.00 0.00 0.00 0.00 0.00 0.00 0.00 0.00 0.00 0.00 0.00 0.00 0.03 0.11 0.19 0.27 0.35 0.43 0.49 0.54 0.57 0.58 0.57 0.56 0.53 0.49 0.44 0.38 0.32 0.25 0.19 0.13 0.08 0.02 0.00 0.00 0.00 0.00 0.00 0.00 0.00 0.00 0.00 0.00 0.00 0.00 0.00 0.00
0.05 0.08 0.11 0.13 0.15 0.18 0.19 0.21 0.22 0.23 0.23 0.23 0.23 0.22 0.21 0.19 0.18 0.16 0.15 0.13 0.11 0.08 0.06 0.03 0.01 0.00 0.00 0.00 0.00 0.00 0.00 0.00 0.00 0.00 0.00 0.00 0.00 0.00 0.00 0.00 0.00 0.00 0.00 0.00 0.00 0.00 0.00 0.00 0.07 0.15 0.23 0.32 0.41 0.49 0.55 0.60 0.63 0.64 0.64 0.62 0.59 0.55 0.50 0.44 0.38 0.31 0.24 0.17 0.10 0.05 0.00 0.00 0.00 0.00 0.00 0.00 0.00 0.00 0.00 0.00 0.00 0.00 0.00 0.00
0.05 0.08 0.11 0.13 0.15 0.17 0.19 0.20 0.21 0.21 0.21 0.21 0.21 0.20 0.18 0.17 0.16 0.14 0.12 0.11 0.09 0.07 0.04 0.02 0.00 0.00 0.00 0.00 0.00 0.00 0.00 0.00 0.00 0.00 0.00 0.00 0.00 0.00 0.00 0.00 0.00 0.00 0.00 0.00 0.00 0.00 0.00 0.03 0.11 0.20 0.29 0.37 0.46 0.55 0.61 0.66 0.69 0.70 0.70 0.68 0.65 0.61 0.56 0.50 0.43 0.36 0.28 0.20 0.13 0.07 0.02 0.00 0.00 0.00 0.00 0.00 0.00 0.00 0.00 0.00 0.00 0.00 0.00 0.00
0.05 0.08 0.10 0.13 0.15 0.16 0.18 0.19 0.19 0.20 0.19 0.19 0.18 0.17 0.16 0.15 0.13 0.12 0.10 0.09 0.07 0.05 0.02 0.00 0.00 0.00 0.00 0.00 0.00 0.00 0.00 0.00 0.00 0.00 0.00 0.00 0.00 0.00 0.00 0.00 0.00 0.00 0.00 0.00 0.00 0.00 0.00 0.08 0.16 0.25 0.34 0.43 0.52 0.60 0.67 0.72 0.74 0.76 0.75 0.74 0.70 0.66 0.61 0.54 0.47 0.39 0.31 0.23 0.16 0.10 0.04 0.00 0.00 0.00 0.00 0.00 0.00 0.00 0.00 0.00 0.00 0.00 0.00 0.00
0.05 0.08 0.10 0.12 0.14 0.15 0.17 0.17 0.18 0.18 0.17 0.16 0.15 0.14 0.13 0.12 0.11 0.10 0.08 0.07 0.05 0.03 0.01 0.00 0.00 0.00 0.00 0.00 0.00 0.00 0.00 0.00 0.00 0.00 0.00 0.00 0.00 0.00 0.00 0.00 0.00 0.00 0.00 0.00 0.00 0.00 0.05 0.13 0.21 0.30 0.39 0.48 0.57 0.66 0.72 0.77 0.80 0.81 0.80 0.78 0.75 0.70 0.65 0.58 0.50 0.42 0.34 0.26 0.19 0.12 0.07 0.02 0.00 0.00 0.00 0.00 0.00 0.00 0.00 0.00 0.00 0.00 0.00 0.00
0.05 0.07 0.10 0.12 0.13 0.14 0.15 0.16 0.16 0.15 0.14 0.13 0.12 0.12 0.11 0.10 0.09 0.07 0.06 0.04 0.03 0.01 0.00 0.00 0.00 0.00 0.00 0.00 0.00 0.00 0.00 0.00 0.00 0.00 0.00 0.00 0.00 0.00 0.00 0.00 0.00 0.00 0.00 0.00 0.00 0.02 0.10 0.18 0.27 0.36 0.45 0.54 0.63 0.71 0.77 0.82 0.85 0.85 0.84 0.82 0.78 0.73 0.67 0.60 0.52 0.45 0.37 0.29 0.22 0.15 0.09 0.04 0.00 0.00 0.00 0.00 0.00 0.00 0.00 0.00 0.00 0.00 0.00 0.00
0.05 0.07 0.09 0.11 0.12 0.13 0.13 0.13 0.13 0.12 0.12 0.11 0.10 0.09 0.08 0.07 0.06 0.05 0.04 0.02 0.01 0.00 0.00 0.00 0.00 0.00 0.00 0.00 0.00 0.00 0.00 0.00 0.00 0.00 0.00 0.00 0.00 0.00 0.00 0.00 0.00 0.00 0.00 0.00 0.00 0.07 0.15 0.23 0.32 0.41 0.50 0.59 0.68 0.76 0.82 0.86 0.89 0.89 0.88 0.85 0.81 0.76 0.69 0.62 0.54 0.47 0.39 0.32 0.25 0.18 0.12 0.06 0.02 0.00 0.00 0.00 0.00 0.00 0.00 0.00 0.00 0.00 0.00 0.00
0.04 0.07 0.08 0.10 0.11 0.11 0.11 0.11 0.10 0.10 0.09 0.08 0.07 0.06 0.06 0.05 0.04 0.03 0.02 0.00 0.00 0.00 0.00 0.00 0.00 0.00 0.00 0.00 0.00 0.00 0.00 0.00 0.00 0.00 0.00 0.00 0.00 0.00 0.00 0.00 0.00 0.00 0.00 0.00 0.05 0.12 0.20 0.29 0.38 0.47 0.55 0.64 0.73 0.81 0.87 0.90 0.92 0.92 0.91 0.88 0.83 0.77 0.70 0.63 0.55 0.48 0.41 0.34 0.27 0.21 0.15 0.09 0.04 0.00 0.00 0.00 0.00 0.00 0.00 0.00 0.00 0.00 0.00 0.00
0.04 0.06 0.07 0.09 0.09 0.09 0.09 0.09 0.08 0.07 0.06 0.06 0.05 0.04 0.03 0.02 0.01 0.00 0.00 0.00 0.00 0.00 0.00 0.00 0.00 0.00 0.00 0.00 0.00 0.00 0.00 0.00 0.00 0.00 0.00 0.00 0.00 0.00 0.00 0.00 0.00 0.00 0.00 0.03 0.10 0.18 0.26 0.35 0.43 0.52 0.61 0.69 0.77 0.85 0.90 0.94 0.95 0.95 0.93 0.89 0.84 0.77 0.71 0.64 0.57 0.50 0.43 0.36 0.30 0.23 0.17 0.11 0.06 0.01 0.00 0.00 0.00 0.00 0.00 0.00 0.00 0.00 0.00 0.00
0.04 0.05 0.06 0.07 0.08 0.07 0.07 0.06 0.06 0.05 0.04 0.03 0.03 0.02 0.01 0.00 0.00 0.00 0.00 0.00 0.00 0.00 0.00 0.00 0.00 0.00 0.00 0.00 0.00 0.00 0.00 0.00 0.00 0.00 0.00 0.00 0.00 0.00 0.00 0.00 0.00 0.00 0.02 0.09 0.16 0.24 0.32 0.40 0.49 0.57 0.65 0.74 0.81 0.88 0.93 0.96 0.97 0.96 0.94 0.89 0.83 0.77 0.71 0.64 0.58 0.51 0.45 0.38 0.32 0.25 0.19 0.14 0.08 0.04 0.00 0.00 0.00 0.00 0.00 0.00 0.00 0.00 0.00 0.00
0.03 0.04 0.05 0.06 0.06 0.05 0.05 0.04 0.03 0.03 0.02 0.01 0.01 0.00 0.00 0.00 0.00 0.00 0.00 0.00 0.00 0.00 0.00 0.00 0.00 0.00 0.00 0.00 0.00 0.00 0.00 0.00 0.00 0.00 0.00 0.00 0.00 0.00 0.00 0.00 0.00 0.00 0.07 0.14 0.22 0.30 0.38 0.46 0.54 0.62 0.70 0.78 0.85 0.91 0.96 0.98 0.99 0.97 0.93 0.89 0.83 0.77 0.71 0.65 0.59 0.52 0.46 0.40 0.34 0.27 0.22 0.16 0.11 0.06 0.01 0.00 0.00 0.00 0.00 0.00 0.00 0.00 0.00 0.00
0.03 0.04 0.04 0.04 0.04 0.03 0.03 0.02 0.02 0.01 0.00 0.00 0.00 0.00 0.00 0.00 0.00 0.00 0.00 0.00 0.00 0.00 0.00 0.00 0.00 0.00 0.00 0.00 0.00 0.00 0.00 0.00 0.00 0.00 0.00 0.00 0.00 0.00 0.00 0.00 0.00 0.06 0.13 0.20 0.28 0.35 0.43 0.51 0.59 0.66 0.74 0.81 0.88 0.94 0.98 0.99 0.99 0.97 0.93 0.88 0.83 0.77 0.72 0.66 0.60 0.54 0.48 0.42 0.35 0.29 0.24 0.18 0.13 0.08 0.03 0.00 0.00 0.00 0.00 0.00 0.00 0.00 0.00 0.00
0.02 0.03 0.03 0.02 0.02 0.02 0.01 0.01 0.00 0.00 0.00 0.00 0.00 0.00 0.00 0.00 0.00 0.00 0.00 0.00 0.00 0.00 0.00 0.00 0.00 0.00 0.00 0.00 0.00 0.00 0.00 0.00 0.00 0.00 0.00 0.00 0.00 0.00 0.00 0.00 0.05 0.12 0.19 0.26 0.33 0.41 0.49 0.56 0.63 0.71 0.78 0.84 0.90 0.95 0.99 0.99 0.98 0.95 0.92 0.87 0.83 0.78 0.72 0.67 0.61 0.55 0.49 0.43 0.37 0.31 0.26 0.20 0.15 0.10 0.05 0.01 0.00 0.00 0.00 0.00 0.00 0.00 0.00 0.00
0.01 0.02 0.01 0.01 0.01 0.00 0.00 0.00 0.00 0.00 0.00 0.00 0.00 0.00 0.00 0.00 0.00 0.00 0.00 0.00 0.00 0.00 0.00 0.00 0.00 0.00 0.00 0.00 0.00 0.00 0.00 0.00 0.00 0.00 0.00 0.00 0.00 0.00 0.00 0.04 0.11 0.18 0.25 0.32 0.39 0.46 0.54 0.61 0.68 0.74 0.81 0.87 0.92 0.96 0.99 0.99 0.97 0.94 0.91 0.87 0.83 0.78 0.73 0.68 0.62 0.57 0.51 0.45 0.39 0.33 0.28 0.22 0.17 0.12 0.07 0.03 0.00 0.00 0.00 0.00 0.00 0.00 0.00 0.00
0.01 0.01 0.00 0.00 0.00 0.00 0.00 0.00 0.00 0.00 0.00 0.00 0.00 0.00 0.00 0.00 0.00 0.00 0.00 0.00 0.00 0.00 0.00 0.00 0.00 0.00 0.00 0.00 0.00 0.00 0.00 0.00 0.00 0.00 0.00 0.00 0.00 0.00 0.04 0.10 0.17 0.23 0.30 0.37 0.44 0.51 0.58 0.65 0.71 0.77 0.83 0.88 0.93 0.96 0.98 0.97 0.96 0.93 0.90 0.87 0.83 0.79 0.74 0.69 0.64 0.58 0.53 0.47 0.41 0.36 0.30 0.24 0.19 0.14 0.09 0.05 0.00 0.00 0.00 0.00 0.00 0.00 0.00 0.00
0.00 0.00 0.00 0.00 0.00 0.00 0.00 0.00 0.00 0.00 0.00 0.00 0.00 0.00 0.00 0.00 0.00 0.00 0.00 0.00 0.00 0.00 0.00 0.00 0.00 0.00 0.00 0.00 0.00 0.00 0.00 0.00 0.00 0.00 0.00 0.00 0.00 0.03 0.10 0.16 0.23 0.29 0.36 0.43 0.50 0.56 0.63 0.69 0.75 0.80 0.85 0.89 0.93 0.95 0.96 0.96 0.95 0.93 0.90 0.87 0.84 0.80 0.75 0.71 0.66 0.60 0.55 0.49 0.44 0.38 0.32 0.27 0.21 0.16 0.11 0.07 0.02 0.00 0.00 0.00 0.00 0.00 0.00 0.00
0.00 0.00 0.00 0.00 0.00 0.00 0.00 0.00 0.00 0.00 0.00 0.00 0.00 0.00 0.00 0.00 0.00 0.00 0.00 0.00 0.00 0.00 0.00 0.00 0.00 0.00 0.00 0.00 0.00 0.00 0.00 0.00 0.00 0.00 0.00 0.00 0.03 0.09 0.15 0.22 0.28 0.35 0.42 0.48 0.54 0.61 0.66 0.72 0.77 0.82 0.86 0.89 0.92 0.94 0.95 0.95 0.94 0.93 0.91 0.88 0.85 0.81 0.77 0.73 0.68 0.63 0.57 0.52 0.46 0.41 0.35 0.29 0.24 0.19 0.13 0.09 0.04 0.00 0.00 0.00 0.00 0.00 0.00 0.00
0.00 0.00 0.00 0.00 0.00 0.00 0.00 0.00 0.00 0.00 0.00 0.00 0.00 0.00 0.00 0.00 0.00 0.00 0.00 0.00 0.00 0.00 0.00 0.00 0.00 0.00 0.00 0.00 0.00 0.00 0.00 0.00 0.00 0.00 0.00 0.03 0.08 0.14 0.21 0.27 0.33 0.40 0.46 0.52 0.58 0.64 0.69 0.74 0.79 0.82 0.85 0.88 0.90 0.91 0.93 0.93 0.93 0.92 0.91 0.89 0.86 0.82 0.79 0.74 0.70 0.65 0.60 0.54 0.49 0.43 0.38 0.32 0.26 0.21 0.16 0.11 0.06 0.02 0.00 0.00 0.00 0.00 0.00 0.00
0.00 0.00 0.00 0.00 0.00 0.00 0.00 0.00 0.00 0.00 0.00 0.00 0.00 0.00 0.00 0.00 0.00 0.00 0.00 0.00 0.00 0.00 0.00 0.00 0.00 0.00 0.00 0.00 0.00 0.00 0.00 0.00 0.00 0.00 0.01 0.07 0.12 0.19 0.25 0.31 0.38 0.44 0.50 0.56 0.61 0.66 0.71 0.75 0.79 0.82 0.84 0.85 0.87 0.89 0.90 0.91 0.92 0.91 0.90 0.88 0.86 0.83 0.79 0.75 0.71 0.66 0.61 0.56 0.51 0.45 0.40 0.34 0.28 0.23 0.17 0.12 0.07 0.03 0.00 0.00 0.00 0.00 0.00 0.00
0.00 0.00 0.00 0.00 0.00 0.00 0.00 0.00 0.00 0.00 0.00 0.00 0.00 0.00 0.00 0.00 0.00 0.00 0.00 0.00 0.00 0.00 0.00 0.00 0.00 0.00 0.00 0.00 0.00 0.00 0.00 0.00 0.00 0.00 0.04 0.09 0.16 0.22 0.28 0.34 0.40 0.46 0.52 0.57 0.62 0.67 0.71 0.75 0.77 0.79 0.81 0.82 0.84 0.85 0.87 0.88 0.89 0.89 0.88 0.87 0.85 0.82 0.79 0.76 0.71 0.67 0.62 0.57 0.52 0.47 0.41 0.35 0.30 0.24 0.19 0.14 0.09 0.04 0.00 0.00 0.00 0.00 0.00 0.00
0.00 0.00 0.00 0.00 0.00 0.00 0.00 0.00 0.00 0.00 0.00 0.00 0.00 0.00 0.00 0.00 0.00 0.00 0.00 0.00 0.00 0.00 0.00 0.00 0.00 0.00 0.00 0.00 0.00 0.00 0.00 0.00 0.00 0.00 0.05 0.11 0.18 0.24 0.30 0.36 0.42 0.48 0.53 0.58 0.63 0.67 0.70 0.73 0.75 0.76 0.77 0.79 0.80 0.82 0.83 0.84 0.85 0.86 0.86 0.85 0.83 0.81 0.78 0.75 0.71 0.67 0.63 0.58 0.53 0.47 0.42 0.36 0.31 0.25 0.20 0.14 0.09 0.05 0.00 0.00 0.00 0.00 0.00 0.00
0.00 0.00 0.00 0.00 0.00 0.00 0.00 0.00 0.00 0.00 0.00 0.00 0.00 0.00 0.00 0.00 0.00 0.00 0.00 0.00 0.00 0.00 0.00 0.00 0.00 0.00 0.00 0.00 0.00 0.00 0.00 0.00 0.00 0.00 0.06 0.12 0.19 0.25 0.31 0.37 0.43 0.48 0.53 0.58 0.62 0.65 0.68 0.70 0.71 0.72 0.73 0.74 0.76 0.77 0.79 0.80 0.81 0.82 0.82 0.82 0.81 0.79 0.76 0.74 0.70 0.66 0.62 0.58 0.53 0.48 0.42 0.37 0.31 0.26 0.20 0.15 0.10 0.05 0.01 0.00 0.00 0.00 0.00 0.00
0.00 0.00 0.00 0.00 0.00 0.00 0.00 0.00 0.00 0.00 0.00 0.00 0.00 0.00 0.00 0.00 0.00 0.00 0.00 0.00 0.00 0.00 0.00 0.00 0.00 0.00 0.00 0.00 0.00 0.00 0.00 0.00 0.00 0.00 0.06 0.13 0.19 0.25 0.31 0.37 0.42 0.48 0.52 0.56 0.60 0.62 0.64 0.65 0.67 0.68 0.69 0.70 0.71 0.73 0.74 0.75 0.76 0.77 0.77 0.78 0.77 0.76 0.74 0.72 0.69 0.65 0.61 0.57 0.52 0.47 0.42 0.37 0.32 0.26 0.21 0.16 0.11 0.06 0.02 0.00 0.00 0.00 0.00 0.00
0.00 0.00 0.00 0.00 0.00 0.00 0.00 0.00 0.00 0.00 0.00 0.00 0.00 0.00 0.00 0.00 0.00 0.00 0.00 0.00 0.00 0.00 0.00 0.00 0.00 0.00 0.00 0.00 0.00 0.00 0.00 0.00 0.00 0.00 0.05 0.12 0.18 0.25 0.30 0.36 0.41 0.46 0.50 0.54 0.56 0.58 0.60 0.61 0.62 0.63 0.64 0.65 0.67 0.68 0.69 0.70 0.71 0.72 0.73 0.73 0.73 0.72 0.71 0.69 0.66 0.63 0.59 0.55 0.51 0.47 0.42 0.37 0.31 0.26 0.21 0.16 0.11 0.07 0.02 0.00 0.00 0.00 0.00 0.00
0.00 0.00 0.00 0.00 0.00 0.00 0.00 0.00 0.00 0.00 0.00 0.00 0.00 0.00 0.00 0.00 0.00 0.00 0.00 0.00 0.00 0.00 0.00 0.00 0.00 0.00 0.00 0.00 0.00 0.00 0.00 0.00 0.00 0.00 0.04 0.11 0.17 0.23 0.29 0.34 0.39 0.43 0.47 0.50 0.52 0.54 0.55 0.56 0.57 0.58 0.59 0.60 0.62 0.63 0.64 0.65 0.66 0.67 0.67 0.68 0.68 0.68 0.67 0.65 0.63 0.60 0.57 0.54 0.50 0.45 0.41 0.36 0.31 0.26 0.21 0.16 0.11 0.07 0.03 0.00 0.00 0.00 0.00 0.00
0.00 0.00 0.00 0.00 0.00 0.00 0.00 0.00 0.00 0.00 0.00 0.00 0.00 0.00 0.00 0.00 0.00 0.00 0.00 0.00 0.00 0.00 0.00 0.00 0.00 0.00 0.00 0.00 0.00 0.00 0.00 0.00 0.00 0.00 0.02 0.09 0.15 0.21 0.27 0.32 0.36 0.40 0.43 0.45 0.47 0.48 0.50 0.51 0.52 0.53 0.54 0.55 0.56 0.58 0.59 0.60 0.61 0.61 0.62 0.62 0.62 0.62 0.62 0.61 0.59 0.57 0.54 0.51 0.48 0.44 0.39 0.35 0.30 0.25 0.21 0.16 0.12 0.07 0.03 0.00 0.00 0.00 0.00 0.00
