data_processed/recharge/precip/Precip_2012_09.asc
ncols        168
nrows        136
xllcorner    455000
yllcorner    2107000
cellsize     500
NODATA_value     -99999
[rows 33 to 65 of 136, columns 0 to 74 of 168]
129.54 128.56 127.74 126.98 126.30 125.68 125.13 124.66 124.25 123.91 123.65 123.45 123.33 123.28 123.30 123.40 123.58 123.82 124.15 124.53 124.86 124.96 124.84 124.51 124.08 123.58 123.02 122.25 121.02 119.26 116.99 114.28 111.15 107.65 103.82 99.70 95.34 90.76 86.03 81.17 76.23 71.25 66.27 61.33 56.47 51.73 47.07 42.51 38.16 34.25 31.40 29.80 29.41 29.88 30.70 31.76 33.02 34.48 36.11 37.89 39.81 41.84 43.96 46.15 48.40 50.69 52.99 55.28 57.55 59.78 61.95 64.00 65.82 67.33 68.53
126.28 125.11 124.24 123.53 122.91 122.38 121.93 121.57 121.29 121.10 121.00 120.99 121.07 121.23 121.49 121.84 122.27 122.80 123.41 123.96 124.30 124.40 124.30 124.00 123.60 123.13 122.60 121.98 121.16 119.85 118.00 115.64 112.82 109.57 105.94 101.96 97.69 93.16 88.41 83.48 78.42 73.26 68.05 62.84 57.63 52.41 47.17 42.03 37.08 32.57 29.10 26.84 25.79 25.90 26.84 28.12 29.60 31.29 33.14 35.15 37.30 39.55 41.91 44.34 46.82 49.34 51.88 54.42 56.93 59.40 61.78 63.93 65.79 67.34 68.55
123.33 121.95 120.93 120.22 119.69 119.25 118.92 118.69 118.57 118.54 118.63 118.81 119.10 119.50 120.01 120.62 121.34 122.15 122.92 123.47 123.79 123.89 123.80 123.53 123.17 122.73 122.22 121.63 120.95 120.05 118.66 116.71 114.24 111.29 107.91 104.13 100.00 95.55 90.84 85.89 80.76 75.48 70.10 64.63 59.04 53.33 47.59 41.94 36.48 31.45 27.43 24.60 22.94 22.44 23.06 24.48 26.21 28.14 30.25 32.51 34.90 37.42 40.02 42.71 45.45 48.24 51.04 53.83 56.61 59.32 61.81 64.01 65.91 67.47 68.70
120.67 119.12 117.95 117.15 116.65 116.33 116.13 116.05 116.10 116.26 116.54 116.94 117.47 118.11 118.88 119.78 120.78 121.75 122.50 123.02 123.32 123.43 123.35 123.11 122.78 122.37 121.89 121.32 120.67 119.91 118.91 117.42 115.35 112.76 109.67 106.14 102.20 97.90 93.27 88.36 83.21 77.85 72.32 66.56 60.57 54.44 48.28 42.20 36.31 30.83 26.35 23.02 20.83 19.77 19.84 20.98 22.88 25.08 27.46 29.99 32.67 35.46 38.34 41.31 44.33 47.40 50.49 53.57 56.60 59.43 61.98 64.23 66.15 67.74 68.98
118.28 116.60 115.32 114.43 113.89 113.65 113.60 113.69 113.91 114.27 114.77 115.41 116.18 117.10 118.15 119.33 120.48 121.41 122.12 122.61 122.90 123.00 122.94 122.73 122.43 122.06 121.60 121.05 120.41 119.67 118.82 117.72 116.11 113.92 111.18 107.95 104.25 100.13 95.64 90.82 85.69 80.30 74.57 68.49 62.16 55.69 49.19 42.76 36.52 30.68 25.81 22.06 19.42 17.89 17.45 18.08 19.75 22.15 24.82 27.65 30.62 33.71 36.90 40.17 43.50 46.87 50.26 53.62 56.79 59.69 62.28 64.57 66.52 68.13 69.37
116.15 114.37 113.02 112.07 111.50 111.27 111.34 111.62 112.04 112.62 113.35 114.24 115.28 116.48 117.82 119.14 120.24 121.11 121.77 122.23 122.50 122.61 122.56 122.39 122.12 121.77 121.34 120.82 120.20 119.47 118.63 117.67 116.46 114.71 112.38 109.49 106.08 102.21 97.90 93.21 88.15 82.64 76.68 70.35 63.77 57.05 50.28 43.59 37.07 30.94 25.76 21.68 18.67 16.74 15.87 16.05 17.25 19.46 22.35 25.50 28.80 32.21 35.73 39.32 42.98 46.68 50.37 53.88 57.12 60.07 62.71 65.03 67.01 68.64 69.88
114.27 112.43 111.04 110.07 109.50 109.30 109.44 109.87 110.51 111.33 112.31 113.47 114.79 116.27 117.75 119.01 120.03 120.84 121.45 121.88 122.14 122.24 122.21 122.07 121.84 121.52 121.12 120.62 120.01 119.30 118.47 117.52 116.44 115.09 113.20 110.71 107.65 104.06 99.99 95.46 90.38 84.73 78.61 72.11 65.36 58.46 51.51 44.62 37.91 31.58 26.17 21.82 18.53 16.28 15.06 14.86 15.66 17.45 20.19 23.60 27.23 31.00 34.86 38.81 42.82 46.83 50.68 54.26 57.57 60.57 63.26 65.61 67.62 69.25 70.50
112.62 110.75 109.36 108.41 107.88 107.74 107.96 108.52 109.36 110.42 111.68 113.12 114.73 116.34 117.74 118.90 119.85 120.60 121.16 121.55 121.80 121.90 121.89 121.78 121.58 121.29 120.91 120.44 119.85 119.16 118.34 117.39 116.32 115.09 113.60 111.55 108.88 105.64 101.83 97.38 92.24 86.51 80.30 73.72 66.88 59.87 52.82 45.82 38.99 32.54 26.98 22.45 18.95 16.47 14.98 14.48 14.95 16.38 18.76 22.05 25.97 30.10 34.33 38.65 43.00 47.18 51.12 54.77 58.14 61.19 63.92 66.30 68.33 69.97 71.22
111.19 109.33 107.97 107.08 106.63 106.58 106.92 107.61 108.63 109.94 111.48 113.20 114.93 116.46 117.74 118.82 119.68 120.37 120.88 121.25 121.47 121.58 121.59 121.50 121.34 121.08 120.73 120.28 119.71 119.03 118.22 117.29 116.21 114.99 113.62 111.96 109.73 106.86 103.22 98.79 93.66 87.93 81.72 75.14 68.28 61.25 54.17 47.14 40.28 33.78 28.14 23.52 19.89 17.24 15.57 14.85 15.07 16.22 18.29 21.27 25.11 29.55 34.18 38.86 43.38 47.66 51.67 55.40 58.82 61.92 64.69 67.10 69.14 70.78 72.03
109.96 108.16 106.86 106.06 105.72 105.80 106.30 107.16 108.38 109.92 111.72 113.56 115.19 116.59 117.77 118.74 119.53 120.15 120.62 120.95 121.17 121.27 121.30 121.25 121.11 120.89 120.57 120.13 119.59 118.92 118.13 117.20 116.13 114.91 113.53 111.99 110.12 107.50 103.98 99.64 94.60 88.96 82.82 76.30 69.51 62.55 55.52 48.54 41.71 35.25 29.63 24.98 21.30 18.57 16.79 15.93 15.98 16.93 18.78 21.49 25.07 29.48 34.40 39.27 43.89 48.26 52.35 56.14 59.61 62.76 65.56 67.99 70.04 71.69 72.93
108.93 107.21 106.02 105.34 105.14 105.40 106.08 107.16 108.61 110.38 112.25 113.97 115.46 116.73 117.79 118.68 119.39 119.95 120.37 120.67 120.87 120.98 121.02 121.00 120.90 120.71 120.41 120.00 119.47 118.82 118.04 117.12 116.05 114.83 113.45 111.87 109.93 107.40 104.06 99.89 95.01 89.53 83.55 77.19 70.53 63.71 56.82 49.96 43.26 36.91 31.37 26.79 23.13 20.41 18.59 17.67 17.63 18.47 20.16 22.70 26.07 30.21 34.90 39.80 44.52 48.97 53.12 56.98 60.50 63.69 66.52 68.97 71.03 72.69 73.91
108.07 106.47 105.42 104.91 104.89 105.35 106.26 107.58 109.28 111.13 112.84 114.38 115.73 116.87 117.83 118.61 119.25 119.74 120.12 120.39 120.57 120.68 120.74 120.75 120.69 120.53 120.26 119.87 119.36 118.73 117.96 117.04 115.98 114.76 113.34 111.56 109.30 106.60 103.40 99.49 94.85 89.61 83.87 77.73 71.30 64.70 58.02 51.37 44.87 38.71 33.34 28.89 25.35 22.70 20.93 20.03 19.98 20.78 22.40 24.84 28.03 31.76 35.93 40.51 45.25 49.78 54.00 57.91 61.49 64.71 67.57 70.04 72.11 73.76 74.97
107.38 105.93 105.06 104.74 104.95 105.65 106.82 108.40 110.18 111.87 113.41 114.78 115.99 117.01 117.86 118.55 119.10 119.54 119.87 120.11 120.28 120.39 120.46 120.51 120.48 120.35 120.11 119.74 119.26 118.63 117.87 116.97 115.91 114.66 113.03 110.91 108.34 105.38 102.08 98.39 94.08 89.16 83.73 77.90 71.77 65.46 59.07 52.72 46.49 40.60 35.48 31.25 27.89 25.40 23.76 22.96 22.98 23.82 25.45 27.81 30.70 33.99 37.67 41.73 46.15 50.68 54.98 58.94 62.56 65.82 68.71 71.19 73.26 74.90 76.10
106.84 105.58 104.92 104.84 105.30 106.27 107.72 109.40 111.02 112.52 113.89 115.13 116.21 117.13 117.88 118.48 118.96 119.33 119.61 119.82 119.97 120.09 120.18 120.25 120.26 120.16 119.95 119.61 119.14 118.54 117.79 116.89 115.80 114.33 112.35 109.90 107.05 103.85 100.37 96.65 92.64 88.11 83.08 77.63 71.89 65.96 59.94 53.95 48.09 42.55 37.75 33.82 30.73 28.47 27.04 26.42 26.59 27.54 29.20 31.36 33.90 36.79 40.04 43.62 47.54 51.75 56.04 60.06 63.72 67.01 69.92 72.41 74.48 76.12 77.29
106.44 105.41 105.00 105.18 105.93 107.20 108.74 110.25 111.69 113.03 114.26 115.37 116.35 117.19 117.87 118.40 118.80 119.10 119.34 119.52 119.66 119.78 119.89 119.99 120.04 119.97 119.78 119.47 119.02 118.43 117.69 116.77 115.45 113.61 111.29 108.55 105.45 102.04 98.39 94.56 90.60 86.44 81.88 76.90 71.62 66.14 60.58 55.03 49.61 44.50 40.11 36.55 33.80 31.87 30.72 30.35 30.75 31.84 33.40 35.30 37.54 40.09 42.95 46.11 49.56 53.28 57.25 61.25 64.96 68.28 71.20 73.70 75.77 77.39 78.54
106.16 105.39 105.26 105.75 106.80 108.17 109.56 110.89 112.16 113.35 114.46 115.46 116.36 117.14 117.78 118.27 118.62 118.87 119.06 119.21 119.33 119.45 119.58 119.72 119.80 119.76 119.60 119.31 118.88 118.31 117.55 116.39 114.69 112.50 109.87 106.86 103.54 99.95 96.17 92.24 88.24 84.20 80.08 75.65 70.91 65.97 60.93 55.91 51.00 46.40 42.50 39.39 37.08 35.53 34.75 34.72 35.36 36.45 37.85 39.54 41.53 43.79 46.32 49.11 52.14 55.41 58.90 62.59 66.26 69.61 72.54 75.05 77.12 78.72 79.85
105.99 105.52 105.71 106.52 107.68 108.89 110.08 111.25 112.37 113.44 114.44 115.36 116.19 116.92 117.54 118.03 118.38 118.60 118.75 118.87 118.98 119.10 119.25 119.42 119.54 119.53 119.40 119.13 118.72 118.13 117.13 115.57 113.51 110.99 108.08 104.84 101.32 97.58 93.69 89.71 85.68 81.68 77.75 73.84 69.71 65.39 60.96 56.54 52.23 48.22 44.88 42.31 40.50 39.43 39.10 39.42 40.15 41.17 42.46 44.00 45.79 47.81 50.06 52.53 55.20 58.06 61.11 64.33 67.69 71.00 73.95 76.46 78.51 80.10 81.20
105.91 105.77 106.30 107.22 108.23 109.25 110.27 111.29 112.28 113.24 114.15 115.01 115.80 116.50 117.11 117.62 118.01 118.28 118.42 118.51 118.61 118.73 118.89 119.10 119.25 119.28 119.17 118.93 118.50 117.66 116.25 114.32 111.91 109.10 105.94 102.49 98.80 94.95 90.98 86.96 82.94 78.99 75.17 71.52 67.99 64.35 60.62 56.88 53.25 49.91 47.21 45.25 44.02 43.51 43.63 44.14 44.91 45.91 47.14 48.58 50.23 52.07 54.09 56.29 58.65 61.16 63.81 66.60 69.50 72.50 75.40 77.91 79.96 81.52 82.58
105.92 106.13 106.78 107.54 108.36 109.21 110.08 110.96 111.84 112.71 113.56 114.37 115.13 115.83 116.45 117.00 117.45 117.78 118.00 118.12 118.20 118.33 118.51 118.75 118.93 118.99 118.92 118.66 117.98 116.71 114.91 112.62 109.91 106.83 103.44 99.81 95.99 92.05 88.03 84.00 80.03 76.16 72.46 68.99 65.80 62.83 59.85 56.88 54.00 51.41 49.43 48.17 47.61 47.66 48.07 48.71 49.55 50.58 51.80 53.20 54.76 56.47 58.32 60.30 62.40 64.62 66.93 69.33 71.82 74.37 76.96 79.41 81.44 82.98 84.01
105.97 106.31 106.80 107.37 108.01 108.71 109.45 110.22 111.01 111.81 112.60 113.38 114.14 114.85 115.51 116.11 116.63 117.07 117.40 117.63 117.76 117.89 118.09 118.36 118.58 118.68 118.59 118.07 116.95 115.28 113.10 110.49 107.49 104.18 100.60 96.82 92.89 88.88 84.85 80.85 76.94 73.18 69.64 66.37 63.43 60.87 58.63 56.49 54.46 52.69 51.51 51.02 51.13 51.57 52.20 53.01 53.98 55.11 56.37 57.77 59.29 60.92 62.65 64.47 66.37 68.34 70.37 72.44 74.56 76.69 78.85 81.00 82.95 84.46 85.45
105.79 105.98 106.27 106.66 107.15 107.71 108.33 109.01 109.73 110.48 111.25 112.02 112.78 113.52 114.24 114.91 115.53 116.08 116.55 116.93 117.21 117.41 117.63 117.93 118.19 118.27 117.92 116.95 115.41 113.35 110.84 107.93 104.68 101.16 97.42 93.51 89.51 85.47 81.44 77.49 73.68 70.07 66.71 63.67 61.00 58.76 57.01 55.68 54.56 53.69 53.40 53.69 54.28 55.04 55.94 56.97 58.12 59.39 60.75 62.21 63.74 65.35 67.01 68.73 70.48 72.25 74.05 75.84 77.64 79.42 81.17 82.89 84.55 85.98 86.93
105.03 105.02 105.13 105.37 105.72 106.16 106.69 107.30 107.96 108.68 109.43 110.21 111.01 111.80 112.59 113.35 114.08 114.77 115.39 115.95 116.43 116.81 117.12 117.46 117.71 117.52 116.70 115.29 113.35 110.94 108.12 104.95 101.48 97.77 93.90 89.90 85.85 81.80 77.82 73.95 70.27 66.82 63.68 60.89 58.52 56.63 55.27 54.51 54.26 54.38 54.97 55.85 56.85 57.97 59.18 60.49 61.88 63.34 64.86 66.42 68.03 69.66 71.31 72.97 74.62 76.26 77.87 79.45 80.98 82.45 83.86 85.19 86.43 87.55 88.41
103.61 103.41 103.37 103.47 103.69 104.04 104.50 105.05 105.68 106.38 107.14 107.95 108.79 109.65 110.53 111.40 112.26 113.10 113.90 114.65 115.34 115.96 116.49 116.91 116.89 116.22 114.95 113.13 110.82 108.08 104.98 101.57 97.90 94.05 90.06 86.01 81.94 77.91 73.99 70.24 66.71 63.46 60.56 58.06 56.02 54.50 53.56 53.26 53.65 54.64 55.92 57.30 58.75 60.28 61.87 63.51 65.19 66.89 68.61 70.34 72.07 73.78 75.47 77.12 78.73 80.28 81.76 83.17 84.49 85.71 86.82 87.81 88.67 89.39 89.95
102.01 101.63 101.43 101.39 101.51 101.76 102.14 102.63 103.23 103.92 104.69 105.52 106.42 107.35 108.32 109.30 110.30 111.29 112.26 113.21 114.11 114.97 115.77 116.45 116.22 115.07 113.35 111.12 108.45 105.39 102.01 98.37 94.52 90.52 86.43 82.31 78.23 74.23 70.39 66.75 63.38 60.34 57.68 55.47 53.77 52.63 52.11 52.27 53.13 54.56 56.35 58.26 60.21 62.19 64.19 66.19 68.20 70.19 72.15 74.09 75.97 77.81 79.57 81.26 82.86 84.36 85.76 87.03 88.18 89.19 90.04 90.74 91.26 91.60 91.73
100.92 100.35 99.97 99.77 99.75 99.89 100.17 100.59 101.14 101.79 102.55 103.40 104.32 105.30 106.34 107.42 108.53 109.65 110.78 111.90 113.01 114.09 115.21 116.28 116.30 114.92 112.74 110.08 107.02 103.63 99.95 96.05 91.98 87.82 83.61 79.41 75.29 71.30 67.50 63.96 60.73 57.87 55.44 53.49 52.10 51.31 51.20 51.77 52.93 54.59 56.68 59.07 61.54 63.99 66.43 68.83 71.18 73.48 75.71 77.87 79.94 81.92 83.78 85.53 87.15 88.63 89.96 91.12 92.12 92.94 93.56 93.98 94.19 94.15 93.82
100.39 99.61 99.03 98.66 98.48 98.48 98.64 98.97 99.44 100.04 100.77 101.60 102.53 103.55 104.64 105.79 106.99 108.22 109.48 110.76 112.05 113.42 114.89 116.31 116.68 115.53 113.12 110.02 106.55 102.79 98.78 94.60 90.30 85.94 81.58 77.28 73.09 69.09 65.31 61.84 58.72 56.01 53.78 52.08 50.97 50.52 50.74 51.59 52.96 54.83 57.13 59.80 62.73 65.68 68.57 71.38 74.11 76.74 79.26 81.67 83.94 86.08 88.07 89.90 91.56 93.03 94.32 95.40 96.27 96.92 97.33 97.50 97.39 96.95 96.19
100.28 99.41 98.62 98.05 97.69 97.53 97.56 97.77 98.14 98.67 99.34 100.14 101.06 102.08 103.20 104.40 105.67 107.00 108.37 109.79 111.32 113.00 114.80 116.54 117.23 116.39 114.18 110.85 106.96 102.80 98.45 93.96 89.39 84.81 80.28 75.84 71.57 67.52 63.75 60.31 57.28 54.70 52.64 51.16 50.31 50.14 50.61 51.65 53.22 55.28 57.77 60.63 63.82 67.21 70.57 73.82 76.94 79.92 82.75 85.43 87.93 90.25 92.39 94.32 96.04 97.53 98.79 99.81 100.58 101.08 101.30 101.21 100.76 99.95 98.81
100.41 99.60 98.73 97.95 97.39 97.05 96.92 96.99 97.25 97.68 98.27 99.02 99.90 100.91 102.03 103.26 104.58 105.97 107.45 109.08 110.89 112.85 114.93 116.95 117.93 117.38 115.44 112.28 108.15 103.59 98.86 94.04 89.19 84.36 79.62 75.03 70.64 66.52 62.72 59.31 56.33 53.86 51.95 50.66 50.04 50.07 50.72 51.95 53.70 55.94 58.59 61.62 64.96 68.59 72.38 76.08 79.62 82.97 86.14 89.10 91.85 94.38 96.68 98.74 100.54 102.07 103.33 104.31 104.99 105.36 105.39 105.02 104.26 103.13 101.67
100.75 100.03 99.21 98.34 97.57 97.03 96.72 96.63 96.75 97.06 97.56 98.23 99.05 100.03 101.14 102.37 103.71 105.17 106.82 108.68 110.74 112.95 115.28 117.55 118.77 118.47 116.77 113.85 109.86 105.07 99.95 94.77 89.61 84.51 79.55 74.77 70.24 66.02 62.17 58.75 55.81 53.42 51.63 50.50 50.05 50.26 51.08 52.47 54.38 56.78 59.59 62.76 66.25 70.02 74.02 78.12 82.09 85.84 89.36 92.64 95.66 98.42 100.90 103.10 105.01 106.61 107.89 108.85 109.46 109.70 109.51 108.89 107.87 106.47 104.73
101.28 100.63 99.90 99.09 98.23 97.48 96.97 96.70 96.66 96.83 97.20 97.77 98.52 99.44 100.51 101.73 103.09 104.68 106.53 108.60 110.87 113.30 115.84 118.32 119.76 119.66 118.17 115.45 111.67 106.98 101.64 96.08 90.58 85.19 79.97 74.98 70.29 65.95 62.02 58.56 55.63 53.29 51.61 50.62 50.33 50.69 51.66 53.20 55.27 57.81 60.76 64.06 67.68 71.56 75.67 79.97 84.32 88.48 92.38 95.99 99.30 102.31 105.01 107.37 109.40 111.09 112.41 113.37 113.91 113.99 113.60 112.78 111.55 109.94 107.97
101.97 101.40 100.75 100.02 99.22 98.38 97.66 97.19 96.96 96.97 97.20 97.65 98.30 99.14 100.15 101.35 102.80 104.56 106.58 108.83 111.28 113.88 116.59 119.26 120.87 120.94 119.62 117.08 113.46 108.94 103.67 97.89 92.03 86.31 80.82 75.60 70.72 66.23 62.19 58.68 55.73 53.43 51.86 51.02 50.86 51.36 52.46 54.14 56.34 59.01 62.09 65.51 69.23 73.21 77.42 81.80 86.32 90.85 95.14 99.10 102.73 106.01 108.94 111.49 113.67 115.46 116.84 117.79 118.24 118.18 117.65 116.68 115.28 113.50 111.36
102.82 102.32 101.74 101.09 100.37 99.59 98.78 98.09 97.66 97.49 97.56 97.87 98.40 99.13 100.08 101.33 102.91 104.81 106.97 109.36 111.95 114.69 117.55 120.35 122.10 122.31 121.13 118.71 115.23 110.84 105.69 99.96 93.87 87.82 82.02 76.54 71.44 66.78 62.62 59.01 56.05 53.83 52.39 51.67 51.64 52.25 53.48 55.27 57.59 60.38 63.56 67.08 70.90 74.97 79.25 83.70 88.29 92.96 97.59 101.93 105.89 109.47 112.64 115.41 117.76 119.67 121.11 122.02 122.38 122.24 121.62 120.54 119.04 117.15 114.88
103.79 103.37 102.86 102.28 101.64 100.94 100.19 99.41 98.77 98.39 98.28 98.42 98.80 99.44 100.40 101.74 103.43 105.42 107.69 110.19 112.88 115.72 118.68 121.59 123.44 123.75 122.67 120.35 116.97 112.67 107.61 101.97 95.90 89.62 83.50 77.74 72.39 67.53 63.22 59.53 56.62 54.51 53.18 52.57 52.64 53.36 54.69 56.59 59.00 61.90 65.17 68.78 72.67 76.81 81.16 85.67 90.30 95.01 99.77 104.42 108.74 112.63 116.08 119.08 121.62 123.65 125.10 125.99 126.33 126.15 125.49 124.36 122.81 120.84 118.51
