data_processed/recharge/precip/Precip_2008_07.asc
ncols        168
nrows        136
xllcorner    455000
yllcorner    2107000
cellsize     500
NODATA_value     -99999
[rows 64 to 95 of 136, columns 71 to 141 of 168]
156.31 154.11 151.27 147.92 144.23 140.29 136.21 132.09 128.04 124.15 120.53 117.23 114.20 111.41 108.88 106.65 104.74 103.17 101.97 101.24 101.02 101.30 102.02 103.15 104.65 106.47 108.58 110.91 113.36 115.87 118.42 120.98 123.55 126.10 128.62 131.08 133.41 135.45 137.16 138.54 139.59 140.31 140.70 140.72 140.21 139.06 137.26 134.81 131.75 128.06 123.78 118.90 113.68 109.04 105.29 102.40 100.34 99.08 98.62 98.90 99.91 101.53 103.57 105.99 108.77 111.89 115.33 119.06 123.00 126.80 130.26
154.15 152.19 149.70 146.71 143.35 139.70 135.87 131.97 128.09 124.34 120.82 117.63 114.82 112.29 110.04 108.07 106.41 105.10 104.23 103.87 103.99 104.55 105.50 106.82 108.44 110.35 112.48 114.80 117.22 119.70 122.22 124.76 127.31 129.84 132.34 134.79 137.17 139.40 141.32 142.88 144.09 144.95 145.42 145.34 144.61 143.22 141.19 138.51 135.21 131.30 126.79 121.68 116.24 111.39 107.44 104.35 102.12 100.70 100.09 100.23 101.13 102.73 104.94 107.57 110.60 113.98 117.72 121.70 125.58 129.14 132.38
152.06 150.34 148.20 145.58 142.54 139.18 135.61 131.92 128.22 124.61 121.19 118.06 115.33 113.03 111.05 109.36 107.98 107.03 106.57 106.58 107.02 107.85 109.03 110.51 112.26 114.23 116.38 118.67 121.05 123.49 125.98 128.48 130.99 133.49 135.96 138.39 140.75 143.02 145.12 146.89 148.28 149.27 149.70 149.46 148.56 146.99 144.77 141.93 138.46 134.37 129.69 124.42 118.81 113.81 109.72 106.51 104.16 102.64 101.93 102.01 102.83 104.39 106.65 109.50 112.79 116.48 120.45 124.36 127.98 131.30 134.33
150.05 148.58 146.78 144.53 141.83 138.77 135.45 131.98 128.45 124.98 121.67 118.61 115.90 113.66 111.90 110.50 109.51 109.00 108.96 109.33 110.08 111.17 112.56 114.20 116.05 118.08 120.24 122.49 124.82 127.21 129.64 132.10 134.56 137.02 139.45 141.83 144.16 146.40 148.54 150.49 152.06 153.06 153.39 153.03 152.00 150.32 147.99 145.03 141.44 137.25 132.46 127.09 121.38 116.28 112.11 108.84 106.43 104.87 104.13 104.18 105.01 106.57 108.86 111.83 115.39 119.30 123.19 126.82 130.18 133.27 136.09
148.16 146.94 145.49 143.61 141.23 138.47 135.41 132.15 128.81 125.49 122.27 119.28 116.60 114.35 112.63 111.57 111.06 111.00 111.36 112.08 113.13 114.47 116.05 117.84 119.78 121.86 124.01 126.21 128.47 130.80 133.17 135.57 137.98 140.38 142.76 145.09 147.36 149.56 151.66 153.62 155.21 156.16 156.42 156.00 154.92 153.18 150.79 147.78 144.15 139.90 135.07 129.65 123.89 118.77 114.57 111.29 108.89 107.35 106.64 106.74 107.62 109.25 111.61 114.68 118.34 122.13 125.72 129.06 132.17 135.04 137.66
146.40 145.42 144.33 142.82 140.78 138.31 135.51 132.48 129.32 126.14 123.03 120.11 117.46 115.22 113.58 112.72 112.61 112.99 113.73 114.79 116.13 117.70 119.47 121.39 123.42 125.52 127.66 129.80 131.98 134.23 136.53 138.86 141.20 143.53 145.84 148.12 150.33 152.47 154.49 156.25 157.62 158.51 158.77 158.35 157.27 155.53 153.16 150.15 146.52 142.29 137.47 132.06 126.33 121.23 117.08 113.85 111.51 110.05 109.43 109.63 110.62 112.38 114.89 118.02 121.39 124.74 128.01 131.08 133.94 136.59 139.03
144.79 144.07 143.33 142.19 140.49 138.32 135.78 132.97 130.00 126.97 123.97 121.11 118.52 116.40 114.94 114.20 114.22 114.92 116.03 117.42 119.03 120.83 122.77 124.81 126.92 129.04 131.15 133.21 135.30 137.47 139.68 141.93 144.18 146.44 148.68 150.88 153.02 155.06 156.87 158.33 159.42 160.15 160.41 160.05 159.03 157.36 155.04 152.10 148.55 144.39 139.64 134.31 128.65 123.64 119.59 116.47 114.26 112.93 112.47 112.83 114.00 115.95 118.56 121.43 124.32 127.21 130.07 132.86 135.49 137.92 140.18
143.37 142.90 142.51 141.75 140.39 138.52 136.25 133.66 130.88 127.99 125.10 122.34 119.92 118.04 116.76 116.11 116.14 116.87 118.24 119.93 121.81 123.82 125.92 128.07 130.24 132.37 134.43 136.41 138.40 140.47 142.58 144.73 146.90 149.07 151.22 153.33 155.36 157.19 158.70 159.87 160.71 161.21 161.35 161.06 160.16 158.61 156.42 153.61 150.18 146.16 141.54 136.34 130.82 125.96 122.07 119.13 117.10 115.97 115.72 116.30 117.71 119.81 122.20 124.63 127.07 129.52 131.97 134.41 136.79 139.02 141.11
142.15 141.93 141.90 141.52 140.51 138.94 136.93 134.57 131.97 129.24 126.48 123.94 121.82 120.17 119.05 118.47 118.49 119.13 120.42 122.30 124.42 126.63 128.88 131.13 133.34 135.47 137.48 139.36 141.24 143.19 145.20 147.25 149.31 151.37 153.42 155.42 157.22 158.75 159.97 160.89 161.49 161.78 161.76 161.40 160.63 159.26 157.26 154.64 151.40 147.56 143.14 138.14 132.81 128.16 124.49 121.78 120.00 119.13 119.15 120.01 121.62 123.54 125.51 127.52 129.56 131.62 133.69 135.77 137.85 139.88 141.80
141.15 141.20 141.53 141.53 140.85 139.59 137.84 135.72 133.31 130.74 128.26 126.08 124.26 122.83 121.83 121.30 121.28 121.79 122.89 124.60 126.82 129.22 131.61 133.95 136.19 138.31 140.25 142.02 143.78 145.61 147.50 149.42 151.37 153.32 155.24 156.99 158.50 159.73 160.69 161.38 161.78 161.89 161.71 161.24 160.46 159.28 157.52 155.15 152.16 148.58 144.40 139.66 134.59 130.21 126.82 124.40 122.93 122.38 122.72 123.84 125.29 126.82 128.41 130.05 131.72 133.44 135.18 136.94 138.72 140.50 142.25
140.41 140.71 141.40 141.78 141.45 140.50 139.02 137.13 134.93 132.69 130.63 128.80 127.25 126.01 125.12 124.61 124.53 124.90 125.77 127.17 129.13 131.55 134.06 136.48 138.75 140.84 142.71 144.35 145.97 147.67 149.42 151.22 153.04 154.85 156.52 157.97 159.19 160.16 160.89 161.36 161.58 161.54 161.24 160.67 159.82 158.69 157.18 155.11 152.43 149.16 145.30 140.87 136.12 132.07 129.02 126.96 125.85 125.68 126.31 127.31 128.41 129.59 130.83 132.14 133.50 134.91 136.36 137.85 139.36 140.90 142.45
139.93 140.50 141.56 142.32 142.34 141.69 140.49 138.85 137.03 135.26 133.61 132.12 130.82 129.75 128.94 128.43 128.26 128.46 129.08 130.14 131.69 133.75 136.22 138.69 140.98 143.03 144.81 146.32 147.79 149.34 150.95 152.60 154.27 155.82 157.19 158.35 159.30 160.04 160.55 160.85 160.91 160.75 160.34 159.70 158.80 157.66 156.26 154.49 152.19 149.28 145.80 141.74 137.38 133.71 131.06 129.42 128.74 128.90 129.45 130.13 130.90 131.76 132.71 133.73 134.82 135.97 137.17 138.43 139.73 141.06 142.42
139.76 140.59 142.01 143.16 143.53 143.19 142.28 141.06 139.78 138.49 137.24 136.06 134.98 134.05 133.30 132.77 132.49 132.50 132.84 133.54 134.65 136.19 138.20 140.55 142.83 144.84 146.51 147.87 149.19 150.58 152.04 153.52 154.93 156.17 157.24 158.14 158.85 159.38 159.71 159.85 159.78 159.51 159.03 158.34 157.43 156.29 154.93 153.33 151.39 148.91 145.86 142.24 138.31 135.10 132.91 131.74 131.44 131.56 131.82 132.20 132.69 133.28 133.97 134.75 135.61 136.54 137.55 138.62 139.74 140.91 142.13
139.91 141.00 142.79 144.33 145.05 145.05 144.61 143.99 143.24 142.40 141.52 140.62 139.75 138.94 138.22 137.64 137.23 137.03 137.07 137.39 138.02 139.01 140.39 142.19 144.28 146.22 147.78 148.99 150.13 151.35 152.62 153.85 154.94 155.89 156.69 157.35 157.85 158.19 158.36 158.37 158.20 157.85 157.33 156.61 155.70 154.60 153.30 151.79 150.06 148.02 145.46 142.33 138.91 136.20 134.54 133.79 133.48 133.34 133.34 133.47 133.71 134.08 134.56 135.13 135.81 136.57 137.42 138.34 139.34 140.39 141.51
140.39 141.76 143.91 145.84 146.94 147.46 147.68 147.65 147.42 147.01 146.48 145.84 145.15 144.43 143.73 143.07 142.51 142.06 141.78 141.69 141.84 142.25 142.97 144.04 145.48 147.15 148.58 149.62 150.57 151.60 152.60 153.51 154.31 154.99 155.55 155.99 156.30 156.48 156.52 156.42 156.18 155.78 155.23 154.52 153.64 152.60 151.38 149.98 148.40 146.63 144.56 141.99 139.12 136.98 135.79 135.07 134.54 134.16 133.93 133.85 133.90 134.09 134.39 134.82 135.35 135.99 136.72 137.54 138.45 139.44 140.49
141.07 142.87 145.41 147.76 149.42 150.66 151.53 152.08 152.34 152.34 152.12 151.73 151.19 150.54 149.83 149.08 148.33 147.62 146.99 146.47 146.11 145.92 145.96 146.26 146.86 147.78 148.88 149.72 150.47 151.22 151.91 152.51 153.04 153.48 153.82 154.07 154.22 154.27 154.20 154.02 153.72 153.30 152.75 152.07 151.25 150.29 149.18 147.92 146.51 144.93 143.19 141.17 138.91 137.29 136.17 135.25 134.51 133.94 133.54 133.29 133.19 133.23 133.41 133.73 134.16 134.72 135.38 136.15 137.01 137.97 139.01
141.66 144.23 147.31 150.28 152.72 154.67 156.18 157.28 158.00 158.38 158.47 158.29 157.88 157.29 156.54 155.67 154.72 153.72 152.72 151.75 150.84 150.04 149.37 148.88 148.61 148.58 148.83 149.26 149.72 150.15 150.53 150.86 151.14 151.36 151.52 151.60 151.62 151.55 151.41 151.17 150.85 150.43 149.91 149.28 148.54 147.69 146.72 145.62 144.40 143.05 141.55 139.91 138.17 136.65 135.36 134.26 133.36 132.64 132.09 131.72 131.52 131.47 131.57 131.81 132.19 132.71 133.35 134.10 134.97 135.94 137.00
142.43 145.79 149.40 153.00 156.23 158.91 161.05 162.70 163.89 164.66 165.05 165.09 164.81 164.26 163.48 162.49 161.34 160.06 158.69 157.27 155.82 154.40 153.03 151.75 150.60 149.62 148.81 148.14 148.03 148.17 148.29 148.40 148.48 148.52 148.53 148.50 148.42 148.29 148.10 147.86 147.55 147.18 146.72 146.20 145.58 144.89 144.10 143.21 142.22 141.13 139.93 138.56 136.90 135.25 133.79 132.55 131.51 130.67 130.02 129.55 129.26 129.14 129.19 129.39 129.75 130.25 130.89 131.66 132.55 133.57 134.69
143.81 147.58 151.34 155.17 159.00 162.42 165.24 167.48 169.18 170.37 171.10 171.39 171.29 170.83 170.05 168.98 167.67 166.14 164.44 162.60 160.66 158.65 156.62 154.59 152.61 150.68 148.65 146.62 145.36 145.02 144.96 144.90 144.85 144.79 144.73 144.64 144.54 144.42 144.27 144.09 143.87 143.61 143.30 142.94 142.52 142.05 141.51 140.91 140.22 139.47 138.57 137.30 135.61 133.88 132.29 130.89 129.72 128.76 128.00 127.44 127.07 126.89 126.88 127.05 127.38 127.87 128.51 129.30 130.22 131.28 132.46
145.46 149.30 153.14 157.05 161.08 165.07 168.60 171.47 173.72 175.38 176.48 177.08 177.19 176.86 176.13 175.02 173.59 171.86 169.87 167.66 165.27 162.72 160.06 157.33 154.53 151.50 148.21 144.91 142.39 141.03 140.59 140.44 140.33 140.25 140.18 140.12 140.08 140.03 139.99 139.94 139.88 139.81 139.72 139.61 139.46 139.29 139.08 138.82 138.52 138.11 137.34 136.05 134.33 132.57 130.91 129.39 128.08 126.99 126.13 125.47 125.03 124.78 124.72 124.85 125.15 125.63 126.27 127.07 128.03 129.13 130.36
147.08 150.93 154.81 158.78 162.87 167.03 171.08 174.62 177.46 179.63 181.16 182.09 182.46 182.31 181.67 180.57 179.06 177.17 174.94 172.40 169.59 166.55 163.31 159.88 156.10 151.93 147.49 143.05 139.39 136.88 135.53 135.12 135.02 134.98 134.98 135.03 135.11 135.22 135.36 135.52 135.70 135.89 136.09 136.29 136.50 136.70 136.88 137.06 137.15 136.89 136.11 134.80 133.05 131.27 129.59 128.01 126.59 125.38 124.41 123.66 123.13 122.81 122.70 122.79 123.07 123.53 124.18 125.00 125.98 127.12 128.41
148.63 152.45 156.36 160.37 164.49 168.67 172.86 176.89 180.35 183.07 185.07 186.39 187.06 187.13 186.62 185.57 184.02 182.02 179.58 176.76 173.58 170.09 166.28 161.99 157.18 151.97 146.51 141.06 136.40 132.86 130.48 129.27 129.01 129.08 129.23 129.45 129.74 130.08 130.47 130.92 131.41 131.94 132.50 133.10 133.72 134.37 135.03 135.64 135.91 135.66 134.88 133.55 131.78 129.98 128.28 126.70 125.24 123.93 122.85 122.00 121.39 121.00 120.84 120.88 121.14 121.59 122.23 123.06 124.07 125.25 126.60
150.11 153.89 157.79 161.82 165.94 170.13 174.31 178.44 182.36 185.67 188.18 189.92 190.94 191.26 190.93 189.98 188.44 186.36 183.76 180.70 177.19 173.25 168.71 163.50 157.76 151.64 145.29 138.97 133.42 129.00 125.72 123.60 122.65 122.66 123.03 123.50 124.06 124.70 125.43 126.23 127.11 128.05 129.05 130.12 131.24 132.40 133.54 134.36 134.65 134.41 133.63 132.30 130.51 128.70 127.00 125.41 123.95 122.61 121.44 120.50 119.80 119.35 119.13 119.13 119.36 119.79 120.44 121.28 122.32 123.54 124.94
151.55 155.25 159.13 163.13 167.24 171.40 175.56 179.66 183.65 187.37 190.42 192.64 194.04 194.67 194.55 193.74 192.25 190.14 187.43 184.16 180.34 175.78 170.43 164.41 157.88 150.98 143.87 136.80 130.51 125.32 121.26 118.35 116.62 116.06 116.47 117.26 118.17 119.19 120.32 121.56 122.89 124.32 125.84 127.45 129.13 130.82 132.19 133.04 133.36 133.13 132.36 131.03 129.24 127.43 125.73 124.15 122.69 121.36 120.17 119.16 118.38 117.85 117.57 117.54 117.73 118.15 118.79 119.65 120.71 121.97 123.48
152.93 156.55 160.36 164.33 168.40 172.51 176.61 180.65 184.58 188.34 191.77 194.49 196.33 197.30 197.45 196.81 195.42 193.31 190.53 187.07 182.75 177.49 171.44 164.74 157.54 150.00 142.26 134.58 127.66 121.84 117.14 113.58 111.17 109.94 109.90 110.84 112.16 113.64 115.25 116.99 118.86 120.85 122.96 125.18 127.43 129.37 130.80 131.69 132.03 131.83 131.07 129.75 127.97 126.15 124.46 122.89 121.45 120.15 118.98 117.96 117.12 116.52 116.18 116.10 116.27 116.67 117.31 118.18 119.26 120.62 122.39
154.29 157.78 161.52 165.42 169.42 173.46 177.48 181.44 185.27 188.94 192.38 195.44 197.74 199.10 199.55 199.13 197.88 195.83 192.98 189.14 184.24 178.40 171.78 164.53 156.79 148.73 140.50 132.33 124.92 118.60 113.38 109.29 106.35 104.57 103.97 104.56 106.15 108.14 110.31 112.63 115.11 117.74 120.51 123.33 125.86 127.88 129.35 130.29 130.67 130.49 129.76 128.45 126.68 124.88 123.20 121.65 120.24 118.96 117.82 116.84 116.00 115.35 114.96 114.83 114.96 115.35 115.99 116.86 118.03 119.64 121.73
155.61 158.96 162.59 166.41 170.31 174.25 178.17 182.02 185.74 189.29 192.61 195.64 198.24 200.02 200.83 200.67 199.60 197.61 194.49 190.18 184.81 178.51 171.46 163.78 155.65 147.20 138.59 130.07 122.30 115.61 110.01 105.53 102.17 99.97 98.93 99.09 100.45 102.81 105.59 108.57 111.73 115.07 118.49 121.62 124.24 126.32 127.85 128.84 129.26 129.12 128.42 127.13 125.38 123.60 121.94 120.42 119.04 117.79 116.70 115.75 114.96 114.33 113.90 113.72 113.83 114.19 114.83 115.77 117.18 119.10 121.47
156.92 160.09 163.60 167.30 171.09 174.90 178.69 182.40 185.99 189.39 192.56 195.44 197.98 200.03 201.22 201.37 200.48 198.34 194.88 190.21 184.49 177.87 170.50 162.54 154.13 145.43 136.58 127.83 119.84 112.90 107.05 102.30 98.66 96.17 94.83 94.67 95.71 97.95 101.21 104.91 108.83 112.86 116.61 119.84 122.54 124.69 126.29 127.33 127.81 127.72 127.05 125.79 124.06 122.31 120.68 119.19 117.85 116.65 115.60 114.70 113.97 113.39 112.99 112.79 112.86 113.21 113.89 115.07 116.79 118.98 121.60
158.21 161.19 164.54 168.11 171.75 175.41 179.05 182.60 186.02 189.26 192.25 194.96 197.31 199.27 200.69 201.14 200.22 197.85 194.13 189.23 183.30 176.49 168.95 160.82 152.27 143.44 134.48 125.64 117.54 110.50 104.52 99.63 95.85 93.19 91.68 91.34 92.18 94.22 97.47 101.75 106.39 110.78 114.65 117.98 120.76 122.99 124.66 125.77 126.31 126.27 125.64 124.42 122.73 121.00 119.42 117.97 116.67 115.52 114.52 113.68 113.01 112.50 112.17 112.01 112.06 112.45 113.37 114.84 116.82 119.26 122.09
159.50 162.26 165.44 168.84 172.31 175.80 179.26 182.63 185.86 188.90 191.69 194.19 196.34 198.09 199.33 199.68 198.63 196.11 192.29 187.29 181.28 174.40 166.81 158.65 150.08 141.26 132.32 123.51 115.45 108.42 102.45 97.55 93.75 91.07 89.51 89.11 89.88 91.84 95.01 99.30 104.11 108.62 112.59 116.02 118.90 121.22 122.97 124.15 124.75 124.77 124.20 123.03 121.37 119.68 118.14 116.74 115.50 114.40 113.47 112.69 112.09 111.65 111.39 111.32 111.49 112.12 113.31 115.05 117.26 119.90 122.91
160.80 163.32 166.29 169.50 172.78 176.07 179.32 182.48 185.50 188.32 190.89 193.16 195.07 196.53 197.23 196.97 195.70 193.18 189.36 184.40 178.43 171.62 164.11 156.05 147.60 138.91 130.12 121.48 113.58 106.70 100.86 96.09 92.40 89.82 88.35 88.02 88.85 90.86 93.96 97.74 101.94 106.35 110.44 113.98 116.96 119.37 121.21 122.47 123.15 123.23 122.71 121.59 119.98 118.34 116.86 115.51 114.33 113.30 112.43 111.73 111.20 110.84 110.67 110.74 111.25 112.24 113.71 115.67 118.09 120.90 124.05
162.12 164.36 167.10 170.10 173.16 176.23 179.25 182.18 184.95 187.53 189.85 191.87 193.47 194.35 194.32 193.40 191.66 189.06 185.38 180.58 174.79 168.17 160.88 153.05 144.85 136.42 127.91 119.56 111.95 105.35 99.78 95.27 91.82 89.46 88.21 88.09 89.11 91.19 93.89 96.96 100.39 104.20 108.19 111.84 114.92 117.44 119.37 120.72 121.48 121.63 121.18 120.12 118.56 116.98 115.55 114.28 113.16 112.20 111.40 110.78 110.34 110.07 110.05 110.47 111.38 112.75 114.52 116.69 119.27 122.22 125.48
