data_processed/recharge/precip/Precip_2011_05.asc
ncols        168
nrows        136
xllcorner    455000
yllcorner    2107000
cellsize     500
NODATA_value     -99999
[rows 70 to 104 of 136, columns 79 to 157 of 168]
7.99 8.11 8.25 8.42 8.61 8.82 9.04 9.29 9.55 9.83 10.11 10.41 10.71 11.02 11.34 11.65 11.97 12.28 12.60 12.90 13.23 13.60 14.04 14.53 15.06 15.59 16.10 16.58 17.02 17.44 17.82 18.17 18.48 18.76 18.99 19.18 19.33 19.44 19.50 19.51 19.47 19.38 19.24 19.04 18.78 18.47 18.10 17.66 17.17 16.60 16.01 15.42 14.87 14.35 13.87 13.42 13.01 12.65 12.34 12.08 11.87 11.72 11.64 11.61 11.65 11.77 11.95 12.22 12.56 12.99 13.50 14.11 14.80 15.59 16.48 17.48 18.61 19.88 21.30
7.95 8.02 8.11 8.23 8.36 8.51 8.68 8.86 9.05 9.25 9.46 9.67 9.89 10.11 10.33 10.54 10.76 10.96 11.16 11.38 11.65 11.97 12.35 12.78 13.28 13.81 14.34 14.84 15.31 15.76 16.16 16.54 16.88 17.18 17.44 17.66 17.83 17.96 18.05 18.09 18.08 18.01 17.90 17.73 17.50 17.21 16.87 16.46 15.99 15.46 14.89 14.34 13.82 13.34 12.89 12.48 12.12 11.80 11.53 11.32 11.16 11.06 11.03 11.06 11.16 11.33 11.58 11.90 12.31 12.81 13.39 14.06 14.83 15.70 16.67 17.77 19.02 20.41 21.94
7.92 7.95 8.00 8.06 8.14 8.23 8.33 8.44 8.56 8.69 8.82 8.95 9.08 9.20 9.33 9.45 9.56 9.66 9.77 9.93 10.15 10.42 10.74 11.12 11.56 12.06 12.59 13.12 13.62 14.08 14.52 14.92 15.29 15.61 15.90 16.15 16.35 16.51 16.62 16.69 16.71 16.67 16.58 16.44 16.24 15.99 15.67 15.29 14.85 14.35 13.81 13.29 12.81 12.36 11.95 11.58 11.26 10.99 10.76 10.60 10.49 10.44 10.46 10.55 10.71 10.94 11.25 11.64 12.11 12.67 13.33 14.07 14.91 15.86 16.93 18.16 19.53 21.04 22.68
7.91 7.89 7.89 7.91 7.93 7.96 8.00 8.05 8.09 8.14 8.19 8.24 8.28 8.32 8.35 8.36 8.37 8.39 8.46 8.57 8.74 8.96 9.23 9.56 9.94 10.38 10.87 11.41 11.93 12.43 12.89 13.32 13.71 14.07 14.38 14.66 14.89 15.08 15.22 15.31 15.36 15.35 15.30 15.18 15.02 14.79 14.50 14.16 13.75 13.27 12.77 12.28 11.83 11.42 11.05 10.72 10.44 10.21 10.04 9.92 9.87 9.87 9.94 10.09 10.30 10.60 10.97 11.42 11.97 12.60 13.32 14.14 15.06 16.11 17.31 18.66 20.15 21.77 23.51
7.92 7.86 7.81 7.77 7.74 7.71 7.69 7.66 7.64 7.61 7.58 7.55 7.50 7.45 7.38 7.30 7.23 7.20 7.22 7.29 7.41 7.58 7.80 8.08 8.41 8.80 9.23 9.73 10.26 10.78 11.28 11.73 12.16 12.54 12.88 13.19 13.45 13.67 13.84 13.97 14.04 14.07 14.04 13.96 13.82 13.62 13.37 13.05 12.68 12.23 11.76 11.31 10.89 10.52 10.19 9.90 9.67 9.49 9.36 9.29 9.29 9.35 9.48 9.68 9.95 10.31 10.74 11.26 11.87 12.57 13.37 14.26 15.29 16.47 17.80 19.27 20.87 22.60 24.44
7.94 7.84 7.74 7.65 7.56 7.47 7.39 7.30 7.20 7.10 6.99 6.87 6.73 6.59 6.43 6.27 6.16 6.09 6.07 6.09 6.17 6.30 6.47 6.70 6.98 7.31 7.70 8.14 8.63 9.16 9.68 10.17 10.62 11.03 11.41 11.74 12.04 12.29 12.49 12.64 12.75 12.81 12.81 12.76 12.65 12.49 12.27 11.99 11.64 11.23 10.79 10.37 10.00 9.66 9.37 9.13 8.94 8.80 8.73 8.71 8.76 8.87 9.06 9.32 9.65 10.07 10.57 11.16 11.84 12.61 13.48 14.48 15.64 16.95 18.40 19.99 21.70 23.53 25.47
7.98 7.83 7.69 7.54 7.40 7.25 7.10 6.94 6.78 6.60 6.41 6.20 5.98 5.75 5.51 5.32 5.17 5.06 5.00 4.99 5.02 5.10 5.23 5.41 5.64 5.93 6.26 6.65 7.08 7.58 8.11 8.63 9.11 9.55 9.96 10.33 10.65 10.93 11.16 11.35 11.49 11.58 11.62 11.60 11.52 11.39 11.20 10.95 10.64 10.27 9.86 9.48 9.14 8.85 8.60 8.40 8.26 8.17 8.14 8.18 8.28 8.45 8.69 9.01 9.41 9.89 10.46 11.11 11.86 12.71 13.69 14.82 16.11 17.54 19.11 20.81 22.63 24.56 26.59
8.03 7.84 7.65 7.45 7.25 7.05 6.83 6.61 6.37 6.11 5.84 5.55 5.25 4.94 4.67 4.44 4.26 4.12 4.02 3.97 3.96 4.00 4.09 4.22 4.41 4.64 4.92 5.26 5.65 6.09 6.58 7.11 7.62 8.10 8.54 8.93 9.29 9.60 9.87 10.09 10.26 10.39 10.45 10.47 10.43 10.33 10.18 9.96 9.69 9.34 8.97 8.63 8.33 8.08 7.87 7.72 7.62 7.58 7.61 7.69 7.85 8.08 8.38 8.76 9.22 9.77 10.40 11.13 11.95 12.90 14.02 15.29 16.70 18.25 19.94 21.74 23.66 25.68 27.81
8.10 7.87 7.63 7.38 7.12 6.86 6.58 6.28 5.97 5.64 5.29 4.92 4.55 4.21 3.91 3.65 3.43 3.26 3.13 3.04 2.99 2.99 3.04 3.13 3.27 3.46 3.69 3.98 4.32 4.70 5.14 5.63 6.16 6.67 7.14 7.57 7.96 8.31 8.61 8.86 9.07 9.23 9.33 9.38 9.38 9.31 9.19 9.01 8.77 8.47 8.13 7.82 7.56 7.35 7.19 7.09 7.04 7.05 7.12 7.26 7.48 7.76 8.13 8.57 9.09 9.71 10.41 11.20 12.14 13.23 14.48 15.87 17.41 19.08 20.87 22.78 24.80 26.91 29.12
8.18 7.91 7.62 7.32 7.00 6.68 6.33 5.97 5.59 5.18 4.75 4.32 3.92 3.55 3.23 2.94 2.69 2.49 2.32 2.20 2.12 2.08 2.09 2.14 2.24 2.38 2.57 2.81 3.10 3.43 3.82 4.26 4.75 5.27 5.77 6.24 6.66 7.05 7.38 7.67 7.91 8.10 8.24 8.33 8.36 8.33 8.25 8.11 7.90 7.63 7.33 7.07 6.85 6.68 6.56 6.50 6.50 6.57 6.69 6.89 7.16 7.50 7.93 8.43 9.02 9.70 10.48 11.38 12.46 13.68 15.06 16.58 18.24 20.02 21.92 23.93 26.04 28.24 30.52
8.28 7.96 7.62 7.27 6.90 6.51 6.10 5.67 5.21 4.73 4.25 3.79 3.37 2.98 2.63 2.32 2.04 1.81 1.61 1.45 1.34 1.27 1.24 1.25 1.30 1.41 1.55 1.75 1.99 2.28 2.61 3.00 3.43 3.92 4.44 4.94 5.40 5.82 6.19 6.52 6.79 7.02 7.20 7.32 7.39 7.40 7.35 7.24 7.07 6.84 6.58 6.36 6.18 6.06 5.99 5.97 6.02 6.14 6.32 6.57 6.90 7.31 7.79 8.36 9.02 9.77 10.65 11.70 12.91 14.27 15.78 17.42 19.19 21.08 23.08 25.18 27.38 29.66 32.02
8.39 8.02 7.64 7.23 6.81 6.36 5.89 5.38 4.86 4.32 3.82 3.34 2.90 2.49 2.12 1.78 1.48 1.22 0.99 0.80 0.66 0.55 0.48 0.46 0.48 0.54 0.65 0.80 0.99 1.23 1.52 1.86 2.24 2.68 3.16 3.68 4.17 4.63 5.04 5.40 5.71 5.98 6.19 6.35 6.46 6.51 6.50 6.43 6.30 6.10 5.88 5.70 5.56 5.49 5.46 5.50 5.60 5.77 6.00 6.31 6.70 7.17 7.71 8.35 9.08 9.94 10.97 12.16 13.50 14.99 16.62 18.38 20.26 22.25 24.35 26.54 28.82 31.19 33.62
8.52 8.10 7.67 7.21 6.73 6.22 5.68 5.11 4.54 3.98 3.46 2.97 2.51 2.08 1.69 1.33 1.01 0.72 0.46 0.25 0.07 0.00 0.00 0.00 0.00 0.00 0.00 0.00 0.11 0.31 0.55 0.84 1.18 1.56 1.99 2.47 2.98 3.47 3.92 4.32 4.67 4.98 5.23 5.43 5.57 5.66 5.69 5.66 5.57 5.42 5.23 5.09 5.00 4.97 4.99 5.08 5.23 5.46 5.75 6.12 6.56 7.09 7.70 8.41 9.25 10.25 11.43 12.75 14.23 15.84 17.59 19.46 21.45 23.54 25.73 28.01 30.37 32.81 35.31
8.65 8.20 7.71 7.20 6.66 6.09 5.49 4.88 4.28 3.72 3.18 2.68 2.20 1.76 1.35 0.97 0.62 0.31 0.03 0.00 0.00 0.00 0.00 0.00 0.00 0.00 0.00 0.00 0.00 0.00 0.00 0.00 0.23 0.57 0.95 1.38 1.86 2.36 2.85 3.29 3.68 4.02 4.31 4.55 4.73 4.86 4.93 4.94 4.89 4.78 4.64 4.54 4.50 4.51 4.58 4.72 4.93 5.20 5.55 5.98 6.49 7.08 7.76 8.58 9.56 10.72 12.03 13.49 15.09 16.83 18.69 20.67 22.75 24.94 27.22 29.58 32.02 34.53 37.10
8.80 8.30 7.77 7.20 6.60 5.97 5.33 4.71 4.11 3.53 2.99 2.47 1.98 1.53 1.10 0.70 0.33 0.00 0.00 0.00 0.00 0.00 0.00 0.00 0.00 0.00 0.00 0.00 0.00 0.00 0.00 0.00 0.00 0.00 0.04 0.42 0.84 1.32 1.82 2.30 2.73 3.11 3.44 3.72 3.95 4.12 4.23 4.28 4.27 4.20 4.10 4.04 4.05 4.11 4.23 4.42 4.68 5.01 5.42 5.91 6.48 7.14 7.93 8.90 10.03 11.33 12.77 14.36 16.09 17.94 19.91 21.99 24.18 26.46 28.82 31.26 33.78 36.35 38.98
8.96 8.41 7.83 7.21 6.56 5.89 5.24 4.61 4.01 3.43 2.88 2.35 1.85 1.38 0.94 0.52 0.14 0.00 0.00 0.00 0.00 0.00 0.00 0.00 0.00 0.00 0.00 0.00 0.00 0.00 0.00 0.00 0.00 0.00 0.00 0.00 0.00 0.39 0.86 1.35 1.83 2.25 2.62 2.94 3.21 3.42 3.57 3.67 3.70 3.67 3.62 3.61 3.66 3.77 3.94 4.19 4.50 4.89 5.36 5.90 6.54 7.31 8.26 9.38 10.65 12.09 13.66 15.38 17.22 19.19 21.26 23.45 25.72 28.09 30.54 33.05 35.63 38.27 40.95
9.13 8.54 7.91 7.24 6.55 5.88 5.23 4.60 3.99 3.41 2.85 2.31 1.80 1.32 0.87 0.44 0.04 0.00 0.00 0.00 0.00 0.00 0.00 0.00 0.00 0.00 0.00 0.00 0.00 0.00 0.00 0.00 0.00 0.00 0.00 0.00 0.00 0.00 0.02 0.48 0.97 1.44 1.85 2.22 2.53 2.78 2.97 3.11 3.19 3.20 3.19 3.23 3.33 3.49 3.71 4.01 4.38 4.83 5.36 5.97 6.72 7.65 8.75 10.01 11.43 12.99 14.70 16.53 18.49 20.56 22.74 25.02 27.39 29.84 32.36 34.95 37.59 40.29 43.02
9.32 8.68 8.00 7.30 6.61 5.94 5.29 4.66 4.05 3.47 2.90 2.36 1.85 1.36 0.89 0.45 0.04 0.00 0.00 0.00 0.00 0.00 0.00 0.00 0.00 0.00 0.00 0.00 0.00 0.00 0.00 0.00 0.00 0.00 0.00 0.00 0.00 0.00 0.00 0.00 0.19 0.68 1.14 1.54 1.90 2.19 2.43 2.61 2.74 2.79 2.83 2.91 3.06 3.27 3.55 3.90 4.33 4.84 5.43 6.16 7.07 8.15 9.40 10.80 12.35 14.05 15.88 17.83 19.90 22.07 24.35 26.72 29.17 31.70 34.29 36.95 39.65 42.40 45.18
9.51 8.82 8.12 7.42 6.74 6.08 5.43 4.81 4.20 3.61 3.05 2.50 1.98 1.48 1.01 0.56 0.14 0.00 0.00 0.00 0.00 0.00 0.00 0.00 0.00 0.00 0.00 0.00 0.00 0.00 0.00 0.00 0.00 0.00 0.00 0.00 0.00 0.00 0.00 0.00 0.00 0.00 0.47 0.93 1.32 1.66 1.95 2.18 2.34 2.45 2.53 2.66 2.86 3.12 3.45 3.86 4.35 4.92 5.63 6.52 7.58 8.81 10.20 11.74 13.43 15.25 17.20 19.26 21.44 23.71 26.08 28.54 31.07 33.68 36.34 39.06 41.82 44.61 47.44
9.71 9.00 8.30 7.62 6.95 6.29 5.65 5.03 4.43 3.84 3.28 2.73 2.21 1.70 1.22 0.77 0.33 0.00 0.00 0.00 0.00 0.00 0.00 0.00 0.00 0.00 0.00 0.00 0.00 0.00 0.00 0.00 0.00 0.00 0.00 0.00 0.00 0.00 0.00 0.00 0.00 0.00 0.00 0.37 0.81 1.20 1.53 1.80 2.01 2.16 2.29 2.47 2.72 3.04 3.43 3.89 4.44 5.13 6.00 7.05 8.26 9.64 11.17 12.84 14.66 16.60 18.66 20.83 23.11 25.48 27.94 30.48 33.09 35.77 38.50 41.27 44.08 46.92 49.79
9.95 9.25 8.57 7.89 7.23 6.59 5.96 5.34 4.74 4.16 3.60 3.05 2.53 2.02 1.54 1.07 0.63 0.21 0.00 0.00 0.00 0.00 0.00 0.00 0.00 0.00 0.00 0.00 0.00 0.00 0.00 0.00 0.00 0.00 0.00 0.00 0.00 0.00 0.00 0.00 0.00 0.00 0.00 0.00 0.35 0.79 1.17 1.49 1.75 1.95 2.12 2.35 2.65 3.02 3.47 4.00 4.67 5.52 6.55 7.75 9.11 10.63 12.30 14.10 16.04 18.09 20.27 22.54 24.92 27.38 29.93 32.55 35.23 37.97 40.76 43.59 46.45 49.33 52.23
10.25 9.57 8.90 8.24 7.60 6.96 6.34 5.74 5.15 4.57 4.01 3.47 2.94 2.44 1.95 1.48 1.04 0.61 0.21 0.00 0.00 0.00 0.00 0.00 0.00 0.00 0.00 0.00 0.00 0.00 0.00 0.00 0.00 0.00 0.00 0.00 0.00 0.00 0.00 0.00 0.00 0.00 0.00 0.00 0.00 0.45 0.87 1.24 1.55 1.79 2.02 2.30 2.65 3.08 3.59 4.24 5.07 6.08 7.27 8.62 10.13 11.78 13.58 15.51 17.57 19.74 22.02 24.39 26.86 29.42 32.04 34.74 37.49 40.29 43.14 46.01 48.92 51.84 54.77
10.62 9.96 9.31 8.67 8.04 7.42 6.81 6.22 5.64 5.07 4.51 3.98 3.45 2.95 2.46 1.99 1.54 1.11 0.70 0.32 0.00 0.00 0.00 0.00 0.00 0.00 0.00 0.00 0.00 0.00 0.00 0.00 0.00 0.00 0.00 0.00 0.00 0.00 0.00 0.00 0.00 0.00 0.00 0.00 0.00 0.19 0.64 1.06 1.42 1.71 1.99 2.32 2.73 3.22 3.85 4.66 5.65 6.83 8.16 9.66 11.31 13.10 15.03 17.08 19.25 21.53 23.91 26.38 28.94 31.58 34.28 37.05 39.86 42.73 45.62 48.55 51.49 54.44 57.40
11.07 10.43 9.80 9.18 8.57 7.96 7.37 6.79 6.22 5.66 5.11 4.58 4.07 3.56 3.08 2.61 2.16 1.73 1.31 0.92 0.54 0.19 0.00 0.00 0.00 0.00 0.00 0.00 0.00 0.00 0.00 0.00 0.00 0.00 0.00 0.00 0.00 0.00 0.00 0.00 0.00 0.00 0.00 0.00 0.00 0.08 0.50 0.95 1.35 1.70 2.03 2.42 2.88 3.49 4.29 5.27 6.42 7.75 9.24 10.88 12.66 14.58 16.63 18.80 21.08 23.47 25.94 28.51 31.16 33.87 36.65 39.48 42.36 45.27 48.22 51.18 54.16 57.14 60.12
11.59 10.98 10.37 9.77 9.18 8.59 8.02 7.45 6.89 6.34 5.81 5.29 4.78 4.28 3.80 3.33 2.88 2.45 2.03 1.63 1.25 0.89 0.56 0.24 0.00 0.00 0.00 0.00 0.00 0.00 0.00 0.00 0.00 0.00 0.00 0.00 0.00 0.00 0.00 0.00 0.00 0.00 0.00 0.00 0.00 0.14 0.51 0.93 1.36 1.76 2.14 2.59 3.18 3.95 4.92 6.06 7.38 8.85 10.49 12.26 14.18 16.23 18.40 20.68 23.07 25.55 28.12 30.78 33.50 36.29 39.14 42.03 44.97 47.93 50.92 53.93 56.94 59.94 62.94
12.19 11.60 11.02 10.44 9.87 9.31 8.75 8.20 7.66 7.12 6.60 6.09 5.59 5.10 4.62 4.16 3.71 3.28 2.86 2.46 2.08 1.72 1.37 1.04 0.74 0.46 0.19 0.00 0.00 0.00 0.00 0.00 0.00 0.00 0.00 0.00 0.00 0.00 0.00 0.00 0.00 0.00 0.00 0.00 0.07 0.36 0.69 1.06 1.47 1.90 2.34 2.91 3.66 4.61 5.74 7.05 8.51 10.14 11.91 13.82 15.87 18.03 20.32 22.71 25.20 27.78 30.44 33.18 35.99 38.85 41.76 44.71 47.70 50.71 53.74 56.77 59.81 62.84 65.85
12.86 12.30 11.74 11.19 10.64 10.10 9.56 9.03 8.50 7.99 7.48 6.98 6.49 6.01 5.54 5.08 4.64 4.21 3.80 3.40 3.01 2.65 2.29 1.96 1.65 1.36 1.08 0.83 0.60 0.39 0.21 0.05 0.00 0.00 0.00 0.00 0.00 0.00 0.00 0.00 0.00 0.00 0.08 0.26 0.48 0.74 1.03 1.35 1.72 2.12 2.65 3.39 4.33 5.44 6.73 8.19 9.81 11.57 13.48 15.53 17.69 19.98 22.38 24.87 27.46 30.13 32.88 35.70 38.58 41.51 44.48 47.49 50.52 53.57 56.64 59.70 62.76 65.81 68.83
13.53 13.00 12.47 11.94 11.42 10.90 10.38 9.87 9.36 8.86 8.37 7.88 7.40 6.94 6.48 6.03 5.59 5.16 4.75 4.35 3.97 3.60 3.24 2.90 2.58 2.28 2.00 1.73 1.49 1.27 1.06 0.89 0.73 0.60 0.49 0.41 0.35 0.33 0.32 0.35 0.41 0.50 0.61 0.76 0.94 1.16 1.41 1.69 2.01 2.41 3.01 3.89 4.99 6.27 7.72 9.33 11.10 13.00 15.05 17.22 19.50 21.91 24.41 27.01 29.69 32.45 35.29 38.18 41.13 44.12 47.15 50.21 53.29 56.38 59.48 62.57 65.65 68.71 71.74
14.17 13.67 13.17 12.67 12.17 11.67 11.18 10.69 10.20 9.71 9.24 8.76 8.30 7.84 7.39 6.95 6.51 6.09 5.68 5.28 4.90 4.53 4.17 3.82 3.50 3.19 2.89 2.62 2.36 2.12 1.90 1.71 1.53 1.38 1.25 1.14 1.06 1.01 0.98 0.97 1.00 1.05 1.13 1.25 1.39 1.56 1.77 2.01 2.33 2.77 3.40 4.34 5.58 7.02 8.63 10.39 12.30 14.34 16.51 18.81 21.21 23.73 26.34 29.03 31.81 34.66 37.57 40.54 43.56 46.61 49.70 52.81 55.93 59.06 62.18 65.30 68.40 71.47 74.50
14.78 14.31 13.84 13.37 12.90 12.42 11.95 11.48 11.01 10.54 10.08 9.62 9.16 8.72 8.27 7.84 7.41 7.00 6.59 6.19 5.81 5.43 5.07 4.72 4.39 4.07 3.77 3.48 3.21 2.96 2.72 2.51 2.31 2.14 1.99 1.86 1.75 1.67 1.61 1.58 1.57 1.59 1.64 1.71 1.82 1.95 2.12 2.37 2.72 3.20 3.86 4.83 6.12 7.69 9.45 11.35 13.40 15.58 17.88 20.30 22.82 25.44 28.15 30.95 33.82 36.75 39.74 42.78 45.86 48.98 52.12 55.27 58.43 61.59 64.75 67.89 71.00 74.08 77.12
15.37 14.93 14.49 14.04 13.59 13.14 12.69 12.24 11.79 11.34 10.89 10.45 10.01 9.57 9.14 8.71 8.29 7.88 7.48 7.08 6.70 6.32 5.96 5.60 5.26 4.94 4.62 4.32 4.04 3.77 3.53 3.29 3.08 2.89 2.71 2.56 2.43 2.32 2.23 2.17 2.13 2.12 2.13 2.17 2.23 2.33 2.51 2.78 3.18 3.69 4.38 5.38 6.69 8.31 10.18 12.23 14.42 16.73 19.15 21.69 24.33 27.05 29.87 32.76 35.71 38.73 41.79 44.90 48.05 51.22 54.41 57.60 60.80 64.00 67.18 70.33 73.46 76.55 79.58
15.93 15.53 15.11 14.69 14.27 13.84 13.41 12.98 12.55 12.12 11.69 11.26 10.83 10.40 9.98 9.56 9.15 8.74 8.34 7.95 7.56 7.19 6.82 6.46 6.12 5.78 5.46 5.15 4.86 4.58 4.31 4.06 3.83 3.62 3.42 3.24 3.09 2.95 2.84 2.74 2.67 2.63 2.61 2.61 2.64 2.74 2.95 3.27 3.70 4.24 4.97 5.99 7.32 8.95 10.86 13.02 15.34 17.78 20.33 22.98 25.73 28.56 31.47 34.45 37.50 40.59 43.73 46.91 50.11 53.33 56.57 59.81 63.05 66.27 69.47 72.64 75.78 78.87 81.90
16.47 16.09 15.71 15.32 14.92 14.52 14.11 13.70 13.29 12.88 12.46 12.05 11.63 11.22 10.80 10.40 9.99 9.59 9.19 8.80 8.41 8.04 7.67 7.31 6.95 6.61 6.28 5.96 5.65 5.36 5.08 4.81 4.56 4.33 4.11 3.91 3.73 3.57 3.43 3.31 3.20 3.13 3.07 3.04 3.08 3.22 3.46 3.81 4.28 4.86 5.61 6.66 8.01 9.65 11.57 13.75 16.17 18.74 21.41 24.18 27.03 29.97 32.97 36.04 39.17 42.34 45.55 48.79 52.05 55.33 58.61 61.89 65.15 68.40 71.62 74.81 77.95 81.04 84.07
17.00 16.64 16.28 15.92 15.55 15.17 14.79 14.40 14.01 13.61 13.21 12.81 12.41 12.01 11.61 11.21 10.81 10.41 10.02 9.63 9.25 8.87 8.50 8.13 7.77 7.42 7.09 6.76 6.44 6.13 5.83 5.55 5.28 5.03 4.79 4.57 4.36 4.18 4.01 3.86 3.72 3.61 3.53 3.51 3.58 3.75 4.04 4.42 4.92 5.53 6.32 7.39 8.75 10.40 12.32 14.51 16.95 19.61 22.39 25.27 28.23 31.27 34.37 37.52 40.73 43.97 47.25 50.55 53.87 57.19 60.52 63.83 67.13 70.40 73.64 76.84 79.99 83.08 86.10
17.54 17.18 16.84 16.50 16.16 15.80 15.44 15.08 14.71 14.33 13.95 13.56 13.17 12.78 12.39 12.00 11.61 11.22 10.83 10.45 10.06 9.68 9.31 8.94 8.58 8.22 7.88 7.54 7.21 6.89 6.58 6.28 5.99 5.72 5.46 5.22 4.99 4.77 4.57 4.39 4.23 4.10 4.02 4.03 4.14 4.35 4.67 5.09 5.62 6.26 7.08 8.17 9.55 11.20 13.13 15.31 17.74 20.41 23.28 26.27 29.33 32.47 35.65 38.89 42.18 45.49 48.84 52.20 55.57 58.94 62.30 65.65 68.98 72.27 75.52 78.73 81.88 84.96 87.98
