data_processed/recharge/precip/Precip_1990_06.asc
ncols        168
nrows        136
xllcorner    455000
yllcorner    2107000
cellsize     500
NODATA_value     -99999
[rows 34 to 67 of 136, columns 76 to 151 of 168]
118.91 116.69 114.62 112.72 110.96 109.35 107.88 106.55 105.35 104.25 103.16 102.09 101.03 100.00 99.01 98.06 97.17 96.46 96.01 95.83 95.90 96.21 96.75 97.51 98.46 99.60 100.89 102.26 103.71 105.22 106.79 108.42 110.09 111.80 113.55 115.32 117.09 118.85 120.56 122.21 123.77 125.23 126.56 127.76 128.84 129.78 130.56 131.18 131.62 131.87 131.92 131.75 131.41 130.96 130.43 129.84 129.20 128.52 127.82 127.12 126.43 125.90 125.72 125.94 126.54 127.52 128.85 130.52 132.54 135.03 138.10 141.70 145.79 150.30 155.17 160.36
115.78 113.67 111.70 109.89 108.22 106.69 105.30 104.05 102.92 101.92 101.00 100.10 99.19 98.30 97.42 96.58 95.89 95.43 95.22 95.24 95.47 95.90 96.52 97.32 98.28 99.39 100.61 101.89 103.23 104.62 106.04 107.50 108.99 110.50 112.02 113.55 115.08 116.58 118.04 119.42 120.71 121.89 122.97 123.93 124.79 125.52 126.11 126.54 126.81 126.90 126.80 126.50 126.03 125.46 124.83 124.13 123.40 122.64 121.87 121.11 120.36 119.66 119.14 119.00 119.29 120.01 121.12 122.65 124.71 127.41 130.71 134.56 138.90 143.66 148.81 154.27
112.88 110.87 109.00 107.28 105.70 104.25 102.94 101.75 100.69 99.75 98.93 98.19 97.44 96.69 95.96 95.34 94.93 94.74 94.75 94.95 95.33 95.87 96.56 97.39 98.35 99.41 100.55 101.74 102.96 104.21 105.48 106.77 108.06 109.35 110.64 111.92 113.18 114.41 115.58 116.68 117.68 118.59 119.43 120.17 120.82 121.35 121.75 122.00 122.11 122.05 121.81 121.37 120.78 120.11 119.38 118.59 117.78 116.95 116.11 115.30 114.51 113.76 113.09 112.61 112.56 112.97 113.85 115.34 117.52 120.37 123.83 127.85 132.36 137.31 142.64 148.30
110.20 108.29 106.51 104.88 103.38 102.01 100.77 99.66 98.66 97.78 97.02 96.36 95.76 95.18 94.69 94.38 94.27 94.33 94.56 94.94 95.45 96.09 96.85 97.70 98.63 99.64 100.70 101.77 102.87 103.97 105.07 106.17 107.26 108.33 109.37 110.38 111.36 112.29 113.16 113.96 114.68 115.35 115.96 116.49 116.93 117.26 117.48 117.57 117.52 117.32 116.94 116.39 115.69 114.92 114.09 113.22 112.34 111.44 110.55 109.69 108.86 108.09 107.39 106.78 106.40 106.49 107.25 108.77 111.02 113.95 117.49 121.59 126.20 131.25 136.70 142.48
107.74 105.92 104.23 102.68 101.26 99.97 98.80 97.75 96.82 95.99 95.28 94.67 94.17 93.84 93.69 93.70 93.87 94.18 94.61 95.15 95.79 96.52 97.32 98.18 99.09 100.03 100.99 101.95 102.91 103.85 104.78 105.68 106.55 107.38 108.17 108.91 109.59 110.20 110.75 111.26 111.74 112.18 112.56 112.88 113.13 113.28 113.33 113.26 113.06 112.72 112.22 111.55 110.75 109.88 108.97 108.03 107.08 106.13 105.19 104.29 103.44 102.65 101.93 101.31 100.83 100.78 101.49 102.99 105.23 108.16 111.71 115.82 120.45 125.53 131.02 136.84
105.47 103.74 102.15 100.68 99.34 98.12 97.02 96.03 95.16 94.39 93.72 93.16 92.81 92.75 92.93 93.26 93.69 94.23 94.86 95.55 96.31 97.12 97.96 98.82 99.69 100.55 101.40 102.23 103.04 103.81 104.55 105.24 105.89 106.47 106.99 107.45 107.82 108.12 108.37 108.62 108.86 109.07 109.25 109.37 109.43 109.40 109.29 109.06 108.72 108.25 107.64 106.87 105.97 105.02 104.03 103.03 102.02 101.02 100.04 99.11 98.24 97.44 96.72 96.13 95.82 95.95 96.62 98.03 100.19 103.03 106.51 110.57 115.14 120.17 125.61 131.40
103.41 101.77 100.26 98.87 97.60 96.45 95.42 94.49 93.67 92.95 92.34 91.93 91.82 91.98 92.40 93.00 93.70 94.46 95.26 96.11 96.97 97.84 98.71 99.56 100.38 101.15 101.88 102.58 103.22 103.82 104.36 104.83 105.24 105.57 105.81 105.96 106.03 106.04 106.04 106.05 106.05 106.05 106.02 105.95 105.83 105.63 105.36 105.00 104.52 103.93 103.21 102.34 101.36 100.33 99.28 98.21 97.15 96.11 95.11 94.16 93.27 92.46 91.78 91.37 91.38 91.80 92.61 93.91 95.91 98.60 101.93 105.84 110.28 115.20 120.52 126.20
101.53 99.98 98.55 97.24 96.04 94.96 93.99 93.12 92.35 91.69 91.23 91.06 91.17 91.54 92.13 92.92 93.85 94.82 95.79 96.77 97.73 98.66 99.54 100.37 101.13 101.80 102.40 102.94 103.42 103.83 104.16 104.40 104.56 104.62 104.57 104.43 104.22 104.00 103.78 103.56 103.33 103.11 102.89 102.63 102.34 101.98 101.56 101.06 100.47 99.76 98.94 97.98 96.92 95.83 94.71 93.60 92.50 91.43 90.40 89.43 88.54 87.76 87.26 87.17 87.48 88.17 89.22 90.60 92.42 94.88 97.99 101.69 105.92 110.63 115.76 121.26
99.83 98.36 97.02 95.78 94.65 93.64 92.72 91.91 91.20 90.69 90.48 90.54 90.85 91.39 92.14 93.05 94.12 95.27 96.41 97.50 98.54 99.52 100.41 101.21 101.89 102.46 102.92 103.30 103.59 103.80 103.91 103.91 103.81 103.59 103.26 102.85 102.44 102.01 101.58 101.15 100.72 100.28 99.86 99.42 98.96 98.46 97.90 97.27 96.56 95.75 94.83 93.79 92.67 91.51 90.34 89.19 88.05 86.96 85.92 84.95 84.08 83.48 83.30 83.51 84.10 85.04 86.30 87.86 89.69 91.91 94.72 98.12 102.07 106.50 111.37 116.60
98.31 96.92 95.65 94.49 93.43 92.47 91.61 90.86 90.31 90.05 90.07 90.34 90.83 91.52 92.39 93.41 94.55 95.79 97.06 98.27 99.38 100.39 101.28 102.03 102.64 103.08 103.39 103.60 103.70 103.70 103.57 103.33 102.96 102.45 101.88 101.28 100.68 100.06 99.44 98.82 98.19 97.57 96.95 96.33 95.71 95.07 94.38 93.63 92.80 91.90 90.90 89.79 88.60 87.39 86.18 84.99 83.83 82.72 81.67 80.72 80.04 79.76 79.88 80.38 81.21 82.37 83.81 85.52 87.47 89.64 92.14 95.17 98.76 102.84 107.36 112.26
96.95 95.65 94.45 93.35 92.36 91.46 90.67 90.08 89.77 89.75 89.97 90.42 91.07 91.90 92.87 93.97 95.16 96.43 97.73 99.02 100.20 101.23 102.10 102.80 103.32 103.64 103.78 103.80 103.71 103.48 103.11 102.61 101.96 101.23 100.48 99.71 98.94 98.15 97.36 96.57 95.77 94.97 94.17 93.38 92.60 91.81 91.00 90.13 89.21 88.22 87.14 85.97 84.72 83.47 82.23 81.01 79.83 78.72 77.69 76.93 76.56 76.59 76.99 77.73 78.78 80.12 81.72 83.56 85.60 87.82 90.21 92.87 96.02 99.67 103.77 108.25
95.76 94.53 93.40 92.37 91.43 90.61 89.98 89.63 89.57 89.76 90.17 90.78 91.56 92.49 93.55 94.70 95.92 97.19 98.47 99.75 100.96 102.01 102.85 103.49 103.90 104.07 104.05 103.88 103.56 103.10 102.49 101.72 100.86 99.97 99.07 98.15 97.22 96.29 95.34 94.39 93.44 92.48 91.53 90.58 89.64 88.71 87.77 86.80 85.79 84.72 83.57 82.34 81.05 79.76 78.49 77.26 76.07 74.97 74.13 73.69 73.64 73.94 74.59 75.55 76.79 78.28 80.01 81.94 84.05 86.30 88.68 91.17 93.87 97.02 100.62 104.61
94.71 93.55 92.49 91.53 90.67 90.00 89.62 89.52 89.67 90.05 90.62 91.37 92.26 93.28 94.39 95.57 96.80 98.05 99.29 100.50 101.64 102.67 103.48 104.04 104.34 104.36 104.15 103.78 103.24 102.53 101.67 100.70 99.70 98.68 97.64 96.59 95.53 94.46 93.38 92.29 91.20 90.11 89.02 87.93 86.85 85.77 84.71 83.64 82.54 81.40 80.19 78.91 77.59 76.27 74.98 73.73 72.57 71.66 71.14 71.00 71.23 71.79 72.65 73.80 75.19 76.82 78.64 80.63 82.78 85.04 87.39 89.81 92.28 94.91 97.94 101.36
93.81 92.72 91.73 90.84 90.14 89.73 89.60 89.72 90.06 90.60 91.31 92.17 93.15 94.23 95.37 96.57 97.78 98.98 100.15 101.26 102.29 103.21 103.95 104.42 104.60 104.46 104.05 103.46 102.69 101.74 100.69 99.60 98.49 97.35 96.20 95.04 93.86 92.67 91.47 90.27 89.06 87.85 86.64 85.43 84.22 83.02 81.84 80.66 79.48 78.27 77.01 75.69 74.34 73.00 71.70 70.47 69.49 68.90 68.69 68.84 69.32 70.09 71.15 72.45 73.98 75.70 77.59 79.62 81.76 84.00 86.30 88.63 90.97 93.30 95.75 98.53
93.05 92.03 91.11 90.39 89.95 89.79 89.88 90.19 90.70 91.38 92.21 93.16 94.20 95.32 96.47 97.65 98.82 99.96 101.03 102.03 102.91 103.66 104.24 104.60 104.63 104.32 103.71 102.90 101.89 100.77 99.61 98.43 97.22 95.99 94.75 93.49 92.21 90.92 89.62 88.32 87.01 85.70 84.38 83.07 81.76 80.46 79.17 77.88 76.61 75.34 74.04 72.68 71.31 69.95 68.67 67.63 66.98 66.70 66.77 67.17 67.87 68.84 70.05 71.48 73.10 74.89 76.82 78.86 80.98 83.16 85.37 87.59 89.78 91.93 94.01 96.15
92.41 91.47 90.72 90.26 90.08 90.14 90.42 90.91 91.56 92.36 93.28 94.30 95.38 96.51 97.66 98.80 99.90 100.95 101.91 102.76 103.48 104.03 104.39 104.54 104.41 103.92 103.09 102.05 100.89 99.68 98.45 97.19 95.91 94.60 93.28 91.94 90.58 89.21 87.83 86.44 85.05 83.65 82.26 80.86 79.46 78.08 76.69 75.32 73.96 72.62 71.27 69.90 68.50 67.17 66.07 65.36 65.02 65.02 65.35 65.97 66.86 67.98 69.33 70.86 72.55 74.38 76.31 78.32 80.39 82.49 84.59 86.66 88.68 90.61 92.45 94.16
91.92 91.15 90.66 90.46 90.50 90.76 91.22 91.85 92.62 93.52 94.51 95.57 96.68 97.80 98.91 99.98 101.00 101.94 102.76 103.44 103.96 104.30 104.42 104.30 103.91 103.20 102.16 100.97 99.75 98.48 97.19 95.88 94.54 93.17 91.79 90.39 88.97 87.54 86.09 84.64 83.19 81.72 80.26 78.79 77.33 75.88 74.42 72.98 71.55 70.14 68.73 67.33 65.96 64.81 64.04 63.64 63.58 63.84 64.39 65.20 66.25 67.51 68.95 70.55 72.29 74.12 76.03 77.99 79.98 81.96 83.91 85.81 87.62 89.32 90.89 92.29
91.59 91.09 90.86 90.89 91.13 91.57 92.18 92.94 93.82 94.79 95.83 96.91 98.01 99.10 100.16 101.15 102.06 102.86 103.52 104.02 104.33 104.43 104.28 103.87 103.17 102.17 100.99 99.76 98.49 97.19 95.86 94.50 93.12 91.72 90.29 88.84 87.38 85.91 84.42 82.92 81.42 79.91 78.39 76.88 75.37 73.86 72.36 70.86 69.38 67.91 66.45 65.02 63.80 62.98 62.52 62.41 62.61 63.09 63.83 64.81 65.99 67.36 68.87 70.52 72.26 74.07 75.93 77.81 79.69 81.53 83.31 85.00 86.58 88.01 89.29 90.36
91.12 90.80 90.83 91.08 91.53 92.15 92.91 93.79 94.77 95.81 96.90 98.00 99.10 100.15 101.15 102.06 102.86 103.52 104.02 104.33 104.42 104.28 103.87 103.16 102.16 100.98 99.77 98.51 97.22 95.90 94.54 93.16 91.75 90.31 88.86 87.39 85.89 84.39 82.87 81.34 79.80 78.26 76.71 75.16 73.61 72.06 70.52 68.99 67.47 65.96 64.46 63.02 61.89 61.35 61.19 61.34 61.78 62.47 63.39 64.51 65.81 67.26 68.83 70.50 72.23 74.01 75.80 77.58 79.33 81.01 82.60 84.07 85.39 86.55 87.51 88.24
90.55 90.08 90.27 90.76 91.43 92.23 93.16 94.17 95.26 96.38 97.53 98.66 99.76 100.79 101.74 102.58 103.28 103.81 104.16 104.29 104.18 103.80 103.13 102.16 101.00 99.80 98.57 97.30 95.99 94.66 93.29 91.89 90.47 89.02 87.54 86.05 84.54 83.01 81.47 79.92 78.36 76.80 75.22 73.65 72.08 70.51 68.94 67.38 65.83 64.29 62.79 61.35 60.22 59.75 59.83 60.24 60.90 61.79 62.88 64.14 65.54 67.06 68.67 70.35 72.07 73.80 75.51 77.18 78.79 80.30 81.68 82.92 83.99 84.85 85.48 85.87
90.04 89.27 89.32 89.96 90.85 91.85 92.94 94.11 95.31 96.53 97.74 98.91 100.02 101.05 101.96 102.73 103.34 103.76 103.96 103.92 103.62 103.02 102.12 101.02 99.84 98.63 97.39 96.11 94.81 93.47 92.09 90.69 89.26 87.81 86.33 84.83 83.31 81.78 80.23 78.67 77.10 75.52 73.94 72.35 70.76 69.18 67.59 66.02 64.45 62.92 61.44 60.02 58.88 58.37 58.49 59.09 59.97 61.05 62.29 63.67 65.17 66.76 68.40 70.08 71.77 73.44 75.07 76.62 78.07 79.40 80.57 81.57 82.36 82.92 83.23 83.37
89.61 88.56 88.31 88.80 89.83 91.04 92.31 93.63 94.97 96.29 97.58 98.80 99.94 100.96 101.84 102.56 103.09 103.40 103.48 103.28 102.79 101.99 100.98 99.88 98.70 97.49 96.24 94.96 93.65 92.31 90.95 89.55 88.13 86.68 85.21 83.71 82.20 80.67 79.12 77.56 75.99 74.41 72.83 71.24 69.65 68.06 66.48 64.90 63.35 61.86 60.41 59.00 57.86 57.31 57.36 57.97 59.00 60.25 61.64 63.14 64.72 66.36 68.03 69.70 71.35 72.95 74.47 75.89 77.18 78.32 79.27 80.01 80.52 80.78 80.86 80.84
89.24 87.94 87.42 87.62 88.50 89.83 91.30 92.79 94.26 95.70 97.07 98.36 99.53 100.56 101.43 102.11 102.57 102.78 102.73 102.39 101.74 100.86 99.85 98.75 97.58 96.37 95.12 93.84 92.53 91.20 89.84 88.46 87.06 85.63 84.17 82.69 81.19 79.68 78.14 76.60 75.04 73.47 71.90 70.32 68.73 67.15 65.58 64.03 62.54 61.08 59.67 58.28 57.14 56.56 56.54 57.04 58.05 59.41 60.93 62.53 64.19 65.87 67.55 69.20 70.80 72.32 73.74 75.02 76.13 77.07 77.79 78.27 78.49 78.53 78.46 78.30
88.94 87.42 86.66 86.59 87.18 88.36 89.95 91.61 93.23 94.79 96.27 97.62 98.84 99.89 100.75 101.40 101.80 101.93 101.77 101.30 100.59 99.72 98.73 97.65 96.49 95.28 94.02 92.74 91.44 90.12 88.77 87.42 86.04 84.63 83.20 81.75 80.28 78.79 77.28 75.76 74.22 72.67 71.12 69.56 68.00 66.44 64.91 63.43 61.99 60.58 59.20 57.84 56.71 56.09 56.01 56.41 57.28 58.58 60.17 61.87 63.58 65.30 66.98 68.60 70.14 71.57 72.86 73.99 74.93 75.65 76.12 76.34 76.36 76.26 76.06 75.77
88.71 87.00 86.01 85.71 86.03 86.94 88.37 90.13 91.92 93.61 95.19 96.63 97.91 98.99 99.85 100.48 100.83 100.89 100.63 100.12 99.44 98.60 97.64 96.57 95.42 94.21 92.96 91.69 90.39 89.08 87.75 86.41 85.06 83.69 82.30 80.88 79.45 77.99 76.52 75.03 73.53 72.02 70.50 68.97 67.45 65.95 64.49 63.08 61.70 60.34 59.00 57.67 56.54 55.90 55.75 56.06 56.79 57.92 59.42 61.15 62.92 64.65 66.32 67.91 69.38 70.70 71.86 72.83 73.57 74.07 74.30 74.33 74.23 74.01 73.69 73.27
88.53 86.66 85.49 84.97 85.06 85.71 86.87 88.47 90.35 92.19 93.89 95.42 96.76 97.89 98.77 99.38 99.69 99.69 99.42 98.95 98.30 97.50 96.56 95.52 94.38 93.18 91.93 90.66 89.38 88.08 86.77 85.45 84.12 82.79 81.44 80.08 78.69 77.28 75.86 74.41 72.96 71.49 70.02 68.54 67.08 65.67 64.30 62.97 61.65 60.34 59.04 57.74 56.63 55.97 55.76 55.97 56.58 57.54 58.84 60.43 62.19 63.93 65.59 67.12 68.51 69.73 70.74 71.54 72.08 72.35 72.41 72.32 72.11 71.78 71.34 70.80
88.42 86.41 85.08 84.39 84.27 84.69 85.59 86.93 88.64 90.56 92.39 94.03 95.45 96.62 97.53 98.14 98.43 98.44 98.22 97.79 97.18 96.42 95.51 94.49 93.37 92.18 90.94 89.68 88.41 87.13 85.84 84.54 83.24 81.93 80.63 79.32 77.99 76.64 75.28 73.89 72.49 71.08 69.67 68.27 66.92 65.61 64.33 63.07 61.82 60.57 59.31 58.05 56.95 56.27 56.01 56.13 56.61 57.41 58.51 59.87 61.46 63.16 64.78 66.25 67.55 68.64 69.51 70.12 70.45 70.57 70.53 70.34 70.03 69.60 69.05 68.39
88.36 86.25 84.79 83.94 83.65 83.87 84.54 85.63 87.08 88.84 90.74 92.49 94.00 95.23 96.17 96.80 97.12 97.18 97.02 96.65 96.09 95.36 94.49 93.49 92.39 91.21 89.98 88.74 87.48 86.22 84.95 83.68 82.41 81.14 79.87 78.61 77.35 76.07 74.77 73.46 72.12 70.78 69.47 68.19 66.95 65.74 64.55 63.37 62.19 61.01 59.80 58.57 57.50 56.80 56.49 56.52 56.88 57.52 58.42 59.55 60.88 62.37 63.91 65.31 66.51 67.47 68.17 68.59 68.79 68.81 68.68 68.41 68.00 67.47 66.81 66.05
88.36 86.17 84.61 83.64 83.20 83.24 83.72 84.59 85.80 87.30 89.04 90.84 92.45 93.75 94.74 95.42 95.81 95.94 95.84 95.52 95.01 94.33 93.49 92.52 91.44 90.28 89.06 87.83 86.60 85.36 84.12 82.87 81.63 80.40 79.17 77.95 76.75 75.54 74.33 73.09 71.84 70.61 69.43 68.28 67.16 66.05 64.96 63.86 62.76 61.63 60.48 59.30 58.24 57.54 57.18 57.13 57.36 57.85 58.56 59.47 60.53 61.73 63.02 64.30 65.38 66.20 66.74 67.03 67.15 67.10 66.89 66.53 66.03 65.41 64.66 63.79
88.41 86.17 84.55 83.48 82.92 82.82 83.13 83.81 84.80 86.07 87.54 89.19 90.83 92.23 93.29 94.04 94.51 94.72 94.68 94.42 93.96 93.32 92.52 91.58 90.53 89.38 88.18 86.98 85.76 84.55 83.33 82.12 80.92 79.72 78.54 77.36 76.21 75.07 73.93 72.79 71.67 70.59 69.54 68.52 67.52 66.52 65.53 64.52 63.49 62.44 61.34 60.21 59.18 58.47 58.06 57.93 58.05 58.39 58.91 59.59 60.40 61.30 62.27 63.27 64.19 64.86 65.28 65.51 65.56 65.44 65.16 64.73 64.15 63.43 62.59 61.63
88.51 86.26 84.59 83.45 82.80 82.59 82.76 83.28 84.09 85.14 86.38 87.78 89.26 90.68 91.84 92.68 93.23 93.51 93.54 93.34 92.93 92.34 91.58 90.68 89.65 88.53 87.35 86.16 84.97 83.79 82.60 81.43 80.26 79.11 77.97 76.84 75.74 74.65 73.59 72.58 71.62 70.69 69.79 68.90 68.02 67.14 66.25 65.33 64.39 63.40 62.37 61.29 60.29 59.57 59.12 58.92 58.93 59.12 59.46 59.92 60.47 61.08 61.72 62.36 62.97 63.51 63.88 64.05 64.05 63.86 63.51 63.01 62.35 61.56 60.63 59.59
88.66 86.41 84.73 83.56 82.85 82.55 82.62 83.00 83.65 84.52 85.56 86.72 87.95 89.21 90.40 91.33 91.96 92.32 92.42 92.28 91.93 91.38 90.67 89.81 88.81 87.71 86.56 85.39 84.23 83.08 81.93 80.79 79.67 78.56 77.46 76.39 75.34 74.32 73.36 72.49 71.68 70.91 70.15 69.40 68.65 67.88 67.10 66.28 65.42 64.51 63.54 62.51 61.55 60.83 60.35 60.07 59.97 60.02 60.18 60.43 60.73 61.05 61.37 61.65 61.94 62.25 62.54 62.67 62.61 62.37 61.96 61.39 60.67 59.80 58.80 57.67
88.85 86.65 84.98 83.80 83.06 82.70 82.69 82.97 83.49 84.21 85.07 86.00 86.98 87.99 89.03 89.99 90.71 91.14 91.32 91.24 90.95 90.46 89.80 88.97 88.01 86.94 85.81 84.67 83.55 82.42 81.31 80.22 79.14 78.07 77.03 76.01 75.02 74.10 73.26 72.52 71.84 71.23 70.62 70.01 69.39 68.74 68.06 67.35 66.58 65.75 64.85 63.88 62.95 62.24 61.72 61.38 61.17 61.08 61.06 61.10 61.15 61.19 61.19 61.18 61.20 61.24 61.33 61.38 61.28 60.99 60.52 59.90 59.11 58.18 57.10 55.90
89.09 86.95 85.33 84.17 83.42 83.04 82.97 83.18 83.60 84.19 84.87 85.58 86.33 87.10 87.90 88.73 89.48 89.99 90.24 90.24 90.01 89.58 88.96 88.18 87.26 86.22 85.11 84.01 82.91 81.83 80.76 79.70 78.67 77.66 76.67 75.71 74.82 74.02 73.31 72.68 72.13 71.63 71.17 70.71 70.22 69.70 69.13 68.52 67.84 67.10 66.27 65.36 64.48 63.77 63.22 62.82 62.51 62.28 62.09 61.92 61.72 61.49 61.23 60.98 60.75 60.55 60.37 60.23 60.05 59.72 59.21 58.53 57.69 56.70 55.56 54.28
