data_processed/recharge/precip/Precip_1989_11.asc
ncols        168
nrows        136
xllcorner    455000
yllcorner    2107000
cellsize     500
NODATA_value     -99999
[rows 37 to 73 of 136, columns 84 to 167 of 168]
0.00 0.00 0.00 0.00 0.00 0.00 0.00 0.00 0.25 0.79 1.41 2.09 2.82 3.59 4.40 5.23 6.06 6.78 7.38 7.86 8.24 8.51 8.70 8.82 8.86 8.85 8.79 8.71 8.64 8.57 8.52 8.48 8.46 8.47 8.50 8.54 8.59 8.63 8.67 8.70 8.71 8.69 8.66 8.68 8.74 8.84 8.99 9.19 9.43 9.73 10.07 10.45 10.90 11.44 12.12 12.93 13.87 14.93 16.09 17.35 18.69 20.12 21.63 23.22 24.88 26.62 28.42 30.27 32.13 33.93 35.66 37.29 38.81 40.21 41.46 42.55 43.46 44.18 44.70 45.08 45.31 45.40 45.34 45.11
0.00 0.00 0.00 0.00 0.00 0.00 0.00 0.00 0.40 0.96 1.60 2.30 3.05 3.84 4.67 5.51 6.35 7.09 7.69 8.17 8.55 8.82 9.00 9.10 9.13 9.10 9.01 8.89 8.75 8.62 8.50 8.42 8.37 8.34 8.34 8.35 8.37 8.40 8.42 8.43 8.42 8.39 8.35 8.35 8.40 8.49 8.62 8.80 9.03 9.30 9.61 9.98 10.39 10.86 11.43 12.13 12.96 13.90 14.94 16.08 17.32 18.65 20.06 21.56 23.13 24.79 26.51 28.30 30.10 31.85 33.55 35.17 36.69 38.10 39.38 40.52 41.49 42.29 42.89 43.29 43.54 43.65 43.61 43.39
0.00 0.00 0.00 0.00 0.00 0.00 0.00 0.10 0.61 1.19 1.84 2.56 3.32 4.12 4.96 5.81 6.65 7.39 8.00 8.48 8.84 9.10 9.26 9.34 9.35 9.29 9.18 9.02 8.83 8.63 8.46 8.34 8.25 8.19 8.16 8.15 8.14 8.14 8.14 8.14 8.12 8.08 8.03 8.02 8.05 8.13 8.24 8.41 8.61 8.86 9.16 9.50 9.89 10.32 10.81 11.39 12.08 12.89 13.81 14.83 15.95 17.17 18.48 19.88 21.36 22.92 24.56 26.27 28.01 29.71 31.37 32.97 34.48 35.90 37.21 38.38 39.41 40.28 40.96 41.45 41.74 41.86 41.83 41.61
0.00 0.00 0.00 0.00 0.00 0.00 0.00 0.36 0.88 1.47 2.13 2.85 3.62 4.43 5.26 6.12 6.96 7.69 8.29 8.75 9.10 9.34 9.48 9.54 9.51 9.42 9.26 9.06 8.83 8.60 8.40 8.24 8.12 8.03 7.97 7.93 7.90 7.88 7.86 7.84 7.80 7.75 7.70 7.68 7.70 7.76 7.86 8.01 8.19 8.42 8.70 9.02 9.38 9.78 10.23 10.71 11.27 11.94 12.72 13.61 14.61 15.71 16.91 18.20 19.58 21.05 22.60 24.22 25.88 27.53 29.14 30.71 32.21 33.63 34.96 36.17 37.24 38.17 38.93 39.51 39.88 40.03 40.00 39.79
0.00 0.00 0.00 0.00 0.00 0.00 0.25 0.68 1.20 1.80 2.46 3.18 3.95 4.75 5.58 6.42 7.26 7.98 8.56 9.00 9.33 9.54 9.65 9.67 9.61 9.47 9.27 9.03 8.78 8.54 8.32 8.12 7.97 7.85 7.76 7.69 7.64 7.60 7.57 7.53 7.48 7.42 7.36 7.33 7.33 7.38 7.47 7.60 7.77 7.98 8.23 8.53 8.87 9.24 9.65 10.07 10.52 11.05 11.69 12.45 13.32 14.29 15.37 16.55 17.82 19.18 20.64 22.17 23.75 25.33 26.89 28.42 29.90 31.32 32.65 33.88 35.00 35.98 36.81 37.47 37.92 38.14 38.13 37.93
0.00 0.00 0.00 0.00 0.02 0.28 0.62 1.05 1.57 2.16 2.82 3.53 4.28 5.07 5.89 6.72 7.54 8.24 8.80 9.22 9.51 9.69 9.76 9.74 9.63 9.44 9.20 8.94 8.68 8.44 8.21 7.99 7.81 7.66 7.54 7.45 7.38 7.32 7.26 7.21 7.15 7.08 7.01 6.97 6.97 7.00 7.08 7.19 7.34 7.54 7.77 8.04 8.35 8.69 9.05 9.42 9.82 10.24 10.74 11.35 12.08 12.93 13.88 14.94 16.09 17.35 18.70 20.13 21.62 23.12 24.63 26.12 27.57 28.97 30.31 31.56 32.70 33.73 34.62 35.33 35.85 36.15 36.21 36.05
0.00 0.00 0.03 0.17 0.39 0.68 1.04 1.47 1.97 2.55 3.19 3.89 4.63 5.40 6.19 7.00 7.80 8.47 9.00 9.38 9.64 9.77 9.80 9.72 9.56 9.33 9.07 8.81 8.55 8.30 8.06 7.84 7.63 7.46 7.31 7.20 7.10 7.02 6.95 6.89 6.82 6.74 6.66 6.61 6.60 6.62 6.68 6.78 6.92 7.09 7.31 7.56 7.83 8.12 8.44 8.77 9.12 9.49 9.88 10.35 10.94 11.64 12.46 13.39 14.42 15.56 16.79 18.12 19.51 20.94 22.38 23.82 25.23 26.62 27.94 29.20 30.38 31.44 32.36 33.11 33.69 34.06 34.21 34.12
0.23 0.26 0.36 0.54 0.78 1.10 1.47 1.91 2.40 2.96 3.58 4.25 4.96 5.71 6.48 7.26 8.02 8.66 9.15 9.49 9.70 9.79 9.76 9.63 9.42 9.17 8.91 8.65 8.39 8.14 7.89 7.66 7.44 7.25 7.08 6.94 6.82 6.72 6.64 6.56 6.48 6.39 6.30 6.25 6.23 6.24 6.29 6.37 6.49 6.65 6.84 7.06 7.29 7.55 7.83 8.12 8.43 8.76 9.10 9.46 9.90 10.45 11.13 11.92 12.83 13.84 14.95 16.17 17.46 18.79 20.16 21.54 22.91 24.27 25.59 26.85 28.03 29.10 30.04 30.84 31.46 31.89 32.12 32.11
0.52 0.59 0.73 0.93 1.20 1.53 1.91 2.35 2.84 3.37 3.97 4.61 5.29 6.00 6.74 7.48 8.20 8.80 9.24 9.54 9.69 9.72 9.64 9.45 9.23 8.99 8.73 8.47 8.21 7.96 7.70 7.46 7.23 7.02 6.83 6.67 6.53 6.42 6.32 6.23 6.14 6.04 5.95 5.88 5.85 5.86 5.89 5.97 6.07 6.21 6.37 6.55 6.76 6.98 7.22 7.47 7.75 8.03 8.33 8.64 8.98 9.38 9.91 10.56 11.33 12.21 13.20 14.29 15.47 16.71 17.99 19.31 20.63 21.95 23.25 24.50 25.67 26.74 27.70 28.52 29.18 29.66 29.95 30.02
0.85 0.95 1.11 1.34 1.62 1.96 2.35 2.79 3.27 3.79 4.35 4.95 5.60 6.27 6.96 7.66 8.34 8.89 9.27 9.51 9.61 9.57 9.43 9.24 9.02 8.78 8.54 8.28 8.02 7.76 7.50 7.25 7.01 6.78 6.58 6.40 6.24 6.11 6.00 5.89 5.79 5.69 5.59 5.52 5.48 5.48 5.50 5.56 5.65 5.76 5.90 6.05 6.22 6.41 6.62 6.84 7.08 7.33 7.59 7.86 8.14 8.44 8.82 9.32 9.94 10.68 11.54 12.50 13.56 14.70 15.90 17.14 18.41 19.68 20.94 22.16 23.31 24.37 25.34 26.17 26.86 27.39 27.73 27.87
1.19 1.32 1.51 1.75 2.05 2.39 2.78 3.21 3.68 4.18 4.71 5.28 5.88 6.50 7.14 7.79 8.41 8.90 9.23 9.40 9.43 9.34 9.19 9.00 8.80 8.57 8.33 8.08 7.82 7.55 7.29 7.03 6.78 6.54 6.32 6.13 5.95 5.80 5.67 5.56 5.45 5.34 5.24 5.16 5.12 5.10 5.12 5.16 5.23 5.32 5.43 5.55 5.70 5.86 6.03 6.22 6.43 6.64 6.87 7.11 7.35 7.61 7.88 8.22 8.69 9.28 10.00 10.83 11.76 12.79 13.89 15.05 16.25 17.47 18.68 19.85 20.97 22.02 22.98 23.82 24.53 25.09 25.48 25.67
1.56 1.71 1.91 2.16 2.46 2.81 3.19 3.61 4.06 4.54 5.04 5.57 6.12 6.68 7.27 7.86 8.42 8.85 9.11 9.21 9.18 9.07 8.94 8.77 8.57 8.36 8.12 7.87 7.61 7.35 7.08 6.81 6.56 6.31 6.07 5.86 5.66 5.49 5.35 5.23 5.11 5.00 4.89 4.81 4.76 4.73 4.74 4.76 4.81 4.88 4.96 5.07 5.19 5.32 5.47 5.63 5.81 5.99 6.19 6.39 6.60 6.82 7.04 7.28 7.60 8.03 8.60 9.28 10.09 11.00 12.00 13.07 14.19 15.33 16.47 17.60 18.68 19.70 20.64 21.48 22.20 22.78 23.21 23.45
1.93 2.09 2.31 2.57 2.87 3.20 3.57 3.97 4.40 4.85 5.32 5.81 6.31 6.81 7.33 7.86 8.35 8.71 8.89 8.93 8.89 8.81 8.69 8.53 8.35 8.14 7.92 7.67 7.41 7.15 6.88 6.61 6.34 6.08 5.83 5.60 5.39 5.20 5.03 4.90 4.77 4.65 4.55 4.46 4.40 4.37 4.36 4.37 4.40 4.45 4.52 4.60 4.70 4.81 4.93 5.07 5.22 5.37 5.54 5.71 5.89 6.08 6.27 6.46 6.67 6.95 7.36 7.89 8.56 9.34 10.23 11.20 12.23 13.28 14.35 15.41 16.44 17.42 18.34 19.17 19.89 20.49 20.93 21.21
2.30 2.48 2.69 2.95 3.25 3.57 3.92 4.30 4.70 5.12 5.55 5.99 6.43 6.88 7.33 7.78 8.20 8.48 8.60 8.63 8.61 8.54 8.44 8.31 8.14 7.94 7.72 7.48 7.23 6.96 6.69 6.41 6.14 5.87 5.61 5.36 5.13 4.92 4.73 4.57 4.44 4.32 4.21 4.12 4.06 4.01 3.99 3.99 4.00 4.04 4.09 4.15 4.23 4.32 4.43 4.54 4.66 4.80 4.94 5.08 5.23 5.39 5.55 5.71 5.88 6.05 6.30 6.68 7.19 7.85 8.61 9.46 10.37 11.33 12.32 13.30 14.28 15.22 16.10 16.91 17.62 18.22 18.68 18.99
2.66 2.84 3.06 3.31 3.60 3.90 4.23 4.58 4.95 5.32 5.71 6.09 6.48 6.87 7.25 7.62 7.95 8.16 8.28 8.33 8.34 8.30 8.21 8.09 7.94 7.75 7.54 7.31 7.06 6.80 6.52 6.24 5.96 5.68 5.40 5.14 4.89 4.66 4.45 4.27 4.12 3.99 3.88 3.79 3.72 3.67 3.64 3.62 3.63 3.65 3.69 3.73 3.80 3.87 3.96 4.05 4.15 4.27 4.38 4.51 4.63 4.76 4.89 5.03 5.16 5.29 5.43 5.65 6.01 6.52 7.14 7.86 8.65 9.51 10.40 11.30 12.21 13.09 13.93 14.71 15.40 15.99 16.46 16.79
3.00 3.19 3.40 3.64 3.91 4.19 4.49 4.81 5.13 5.46 5.79 6.12 6.45 6.77 7.07 7.36 7.63 7.83 7.97 8.05 8.09 8.07 8.01 7.90 7.76 7.59 7.39 7.16 6.92 6.65 6.38 6.09 5.81 5.52 5.23 4.96 4.69 4.44 4.21 4.01 3.83 3.68 3.56 3.47 3.40 3.34 3.30 3.28 3.28 3.29 3.32 3.35 3.40 3.46 3.53 3.61 3.70 3.79 3.89 3.99 4.09 4.20 4.30 4.41 4.52 4.62 4.72 4.83 5.03 5.37 5.84 6.42 7.09 7.82 8.61 9.43 10.25 11.07 11.86 12.59 13.26 13.83 14.30 14.64
3.31 3.48 3.69 3.92 4.16 4.42 4.69 4.97 5.25 5.53 5.80 6.07 6.33 6.58 6.81 7.02 7.26 7.49 7.66 7.78 7.83 7.84 7.80 7.72 7.59 7.43 7.24 7.03 6.78 6.53 6.25 5.96 5.67 5.37 5.08 4.79 4.51 4.24 3.99 3.76 3.56 3.40 3.29 3.20 3.12 3.06 3.02 2.99 2.98 2.99 3.00 3.03 3.07 3.11 3.17 3.23 3.30 3.38 3.46 3.54 3.62 3.70 3.79 3.87 3.95 4.03 4.10 4.17 4.26 4.43 4.74 5.17 5.71 6.32 7.00 7.72 8.46 9.21 9.93 10.62 11.25 11.80 12.26 12.60
3.54 3.71 3.91 4.12 4.34 4.57 4.81 5.05 5.29 5.52 5.74 5.95 6.14 6.32 6.48 6.67 6.90 7.13 7.33 7.47 7.56 7.59 7.57 7.51 7.41 7.26 7.08 6.88 6.64 6.39 6.12 5.83 5.53 5.23 4.93 4.63 4.33 4.05 3.78 3.53 3.32 3.17 3.08 3.00 2.92 2.86 2.81 2.78 2.76 2.76 2.76 2.78 2.81 2.84 2.88 2.93 2.98 3.04 3.10 3.16 3.22 3.29 3.35 3.40 3.46 3.51 3.56 3.60 3.65 3.72 3.87 4.15 4.55 5.04 5.60 6.22 6.87 7.54 8.20 8.84 9.43 9.96 10.40 10.74
3.70 3.87 4.06 4.25 4.46 4.66 4.87 5.07 5.26 5.44 5.61 5.76 5.88 6.00 6.13 6.32 6.55 6.77 6.98 7.14 7.26 7.32 7.33 7.29 7.20 7.08 6.91 6.72 6.49 6.24 5.98 5.69 5.39 5.09 4.78 4.47 4.16 3.86 3.58 3.32 3.13 3.00 2.93 2.87 2.80 2.73 2.68 2.64 2.62 2.60 2.60 2.60 2.62 2.64 2.67 2.70 2.73 2.77 2.81 2.85 2.89 2.93 2.97 3.00 3.03 3.06 3.08 3.11 3.14 3.17 3.22 3.35 3.60 3.96 4.41 4.92 5.48 6.07 6.66 7.25 7.79 8.29 8.72 9.05
3.80 3.97 4.14 4.32 4.50 4.68 4.85 5.02 5.16 5.30 5.41 5.49 5.56 5.66 5.79 5.98 6.20 6.43 6.63 6.80 6.94 7.03 7.06 7.05 6.98 6.87 6.73 6.55 6.33 6.09 5.83 5.55 5.25 4.95 4.63 4.31 4.00 3.69 3.40 3.16 2.99 2.89 2.84 2.79 2.73 2.67 2.61 2.57 2.54 2.51 2.50 2.49 2.49 2.50 2.51 2.53 2.55 2.57 2.59 2.61 2.63 2.64 2.66 2.66 2.67 2.68 2.68 2.68 2.69 2.70 2.72 2.75 2.87 3.09 3.42 3.82 4.29 4.79 5.31 5.83 6.34 6.80 7.20 7.52
3.83 4.00 4.16 4.33 4.49 4.64 4.78 4.90 5.00 5.09 5.14 5.18 5.23 5.32 5.46 5.64 5.87 6.09 6.28 6.46 6.61 6.72 6.78 6.79 6.75 6.66 6.53 6.37 6.17 5.94 5.68 5.41 5.11 4.81 4.49 4.17 3.84 3.53 3.27 3.06 2.91 2.83 2.79 2.76 2.71 2.66 2.61 2.56 2.52 2.48 2.46 2.44 2.43 2.42 2.42 2.42 2.42 2.42 2.42 2.42 2.42 2.41 2.40 2.38 2.37 2.36 2.34 2.33 2.31 2.30 2.30 2.30 2.32 2.42 2.62 2.91 3.27 3.69 4.14 4.60 5.05 5.48 5.85 6.16
3.81 3.97 4.12 4.27 4.41 4.53 4.64 4.72 4.78 4.81 4.82 4.85 4.90 5.00 5.14 5.32 5.54 5.76 5.95 6.13 6.28 6.40 6.48 6.52 6.51 6.44 6.33 6.18 6.00 5.78 5.54 5.27 4.98 4.67 4.35 4.03 3.71 3.43 3.19 3.00 2.88 2.81 2.79 2.77 2.74 2.70 2.65 2.60 2.55 2.51 2.47 2.44 2.42 2.40 2.38 2.36 2.34 2.32 2.30 2.28 2.26 2.22 2.19 2.16 2.13 2.10 2.07 2.03 1.99 1.97 1.95 1.93 1.92 1.93 2.01 2.18 2.44 2.77 3.14 3.53 3.93 4.31 4.66 4.95
3.73 3.88 4.03 4.16 4.27 4.37 4.44 4.49 4.50 4.49 4.49 4.52 4.58 4.68 4.82 5.01 5.22 5.44 5.64 5.81 5.96 6.08 6.18 6.24 6.25 6.21 6.13 6.00 5.83 5.63 5.39 5.13 4.85 4.54 4.23 3.91 3.62 3.37 3.16 3.00 2.89 2.84 2.84 2.83 2.81 2.78 2.74 2.69 2.64 2.59 2.54 2.50 2.46 2.42 2.38 2.35 2.31 2.28 2.23 2.19 2.14 2.09 2.04 2.00 1.95 1.90 1.85 1.79 1.74 1.69 1.65 1.62 1.59 1.57 1.57 1.63 1.78 2.01 2.30 2.62 2.96 3.30 3.62 3.89
3.60 3.74 3.88 3.99 4.09 4.15 4.19 4.20 4.18 4.16 4.17 4.21 4.28 4.38 4.52 4.70 4.92 5.14 5.33 5.51 5.66 5.78 5.88 5.95 5.99 5.98 5.91 5.80 5.66 5.47 5.25 5.00 4.72 4.43 4.12 3.83 3.58 3.35 3.17 3.03 2.95 2.92 2.93 2.93 2.92 2.89 2.86 2.81 2.76 2.70 2.65 2.59 2.54 2.48 2.43 2.38 2.32 2.27 2.21 2.14 2.07 2.01 1.94 1.88 1.82 1.75 1.68 1.61 1.54 1.47 1.41 1.36 1.32 1.28 1.25 1.24 1.29 1.42 1.62 1.87 2.15 2.44 2.72 2.96
3.41 3.55 3.68 3.77 3.84 3.88 3.89 3.86 3.84 3.83 3.85 3.90 3.98 4.09 4.23 4.41 4.63 4.84 5.04 5.22 5.37 5.50 5.60 5.68 5.72 5.73 5.70 5.61 5.48 5.31 5.11 4.87 4.61 4.33 4.05 3.80 3.58 3.38 3.22 3.11 3.04 3.03 3.05 3.06 3.06 3.04 3.01 2.97 2.92 2.86 2.79 2.72 2.65 2.58 2.52 2.44 2.37 2.29 2.21 2.13 2.05 1.97 1.89 1.81 1.73 1.65 1.57 1.48 1.39 1.31 1.23 1.16 1.10 1.05 1.01 0.97 0.94 0.98 1.09 1.26 1.47 1.71 1.95 2.17
3.18 3.32 3.43 3.51 3.55 3.57 3.54 3.52 3.51 3.52 3.55 3.61 3.69 3.81 3.95 4.14 4.35 4.57 4.76 4.94 5.10 5.23 5.34 5.42 5.47 5.49 5.48 5.42 5.31 5.16 4.98 4.75 4.51 4.26 4.03 3.81 3.62 3.45 3.31 3.22 3.17 3.17 3.21 3.23 3.23 3.22 3.19 3.15 3.10 3.03 2.96 2.88 2.80 2.72 2.63 2.54 2.45 2.35 2.25 2.15 2.06 1.97 1.88 1.79 1.70 1.60 1.50 1.39 1.29 1.19 1.10 1.01 0.94 0.87 0.81 0.76 0.71 0.68 0.70 0.79 0.94 1.12 1.31 1.48
2.92 3.03 3.13 3.19 3.22 3.21 3.19 3.18 3.19 3.21 3.26 3.33 3.42 3.54 3.69 3.87 4.09 4.30 4.50 4.68 4.84 4.98 5.09 5.18 5.24 5.27 5.27 5.23 5.15 5.02 4.85 4.65 4.44 4.24 4.04 3.86 3.69 3.55 3.44 3.37 3.33 3.35 3.40 3.43 3.44 3.43 3.40 3.36 3.30 3.24 3.16 3.07 2.97 2.87 2.77 2.66 2.55 2.43 2.32 2.22 2.12 2.01 1.91 1.81 1.70 1.59 1.47 1.35 1.23 1.11 1.01 0.91 0.82 0.74 0.66 0.60 0.54 0.49 0.45 0.46 0.53 0.65 0.78 0.81
2.64 2.72 2.79 2.84 2.85 2.84 2.85 2.86 2.88 2.92 2.98 3.06 3.16 3.28 3.44 3.63 3.84 4.06 4.25 4.44 4.60 4.74 4.86 4.96 5.02 5.06 5.07 5.05 4.99 4.88 4.74 4.58 4.42 4.25 4.09 3.94 3.80 3.68 3.60 3.54 3.53 3.55 3.61 3.65 3.66 3.66 3.63 3.59 3.53 3.46 3.37 3.27 3.16 3.05 2.93 2.80 2.67 2.55 2.43 2.32 2.20 2.09 1.98 1.86 1.74 1.62 1.48 1.35 1.21 1.08 0.96 0.85 0.75 0.65 0.56 0.48 0.41 0.35 0.29 0.24 0.24 0.28 0.24 0.11
2.36 2.40 2.43 2.45 2.47 2.49 2.51 2.55 2.59 2.64 2.71 2.80 2.91 3.04 3.20 3.39 3.61 3.82 4.02 4.21 4.38 4.52 4.65 4.75 4.83 4.88 4.90 4.89 4.84 4.76 4.67 4.55 4.43 4.30 4.17 4.05 3.94 3.85 3.78 3.74 3.74 3.78 3.85 3.89 3.91 3.91 3.88 3.84 3.77 3.69 3.60 3.49 3.37 3.24 3.10 2.96 2.82 2.69 2.57 2.44 2.32 2.20 2.07 1.94 1.81 1.68 1.53 1.38 1.23 1.09 0.95 0.83 0.71 0.60 0.50 0.41 0.32 0.25 0.18 0.12 0.04 0.00 0.00 0.00
2.07 2.07 2.07 2.07 2.10 2.15 2.19 2.25 2.31 2.38 2.46 2.56 2.68 2.82 2.98 3.18 3.39 3.61 3.81 4.00 4.17 4.33 4.46 4.57 4.65 4.71 4.74 4.74 4.72 4.68 4.62 4.55 4.46 4.37 4.27 4.18 4.10 4.03 3.99 3.97 3.98 4.03 4.10 4.15 4.18 4.18 4.15 4.10 4.03 3.94 3.84 3.72 3.58 3.43 3.28 3.14 3.00 2.86 2.73 2.60 2.46 2.33 2.20 2.06 1.92 1.77 1.61 1.44 1.28 1.12 0.98 0.84 0.71 0.59 0.48 0.37 0.28 0.19 0.11 0.01 0.00 0.00 0.00 0.00
1.78 1.75 1.73 1.73 1.76 1.82 1.89 1.96 2.04 2.12 2.22 2.33 2.46 2.61 2.78 2.98 3.19 3.41 3.62 3.81 3.99 4.15 4.29 4.40 4.50 4.57 4.61 4.63 4.63 4.63 4.61 4.57 4.53 4.47 4.41 4.34 4.29 4.24 4.22 4.21 4.24 4.30 4.38 4.43 4.46 4.46 4.43 4.38 4.30 4.20 4.09 3.95 3.80 3.65 3.49 3.34 3.19 3.05 2.91 2.77 2.63 2.49 2.35 2.20 2.04 1.88 1.71 1.54 1.36 1.19 1.03 0.88 0.74 0.61 0.49 0.37 0.27 0.17 0.05 0.00 0.00 0.00 0.00 0.00
1.50 1.45 1.43 1.43 1.46 1.51 1.59 1.69 1.78 1.89 2.00 2.12 2.26 2.42 2.59 2.79 3.01 3.23 3.44 3.64 3.82 3.99 4.14 4.26 4.37 4.45 4.51 4.55 4.59 4.61 4.62 4.62 4.61 4.59 4.56 4.52 4.49 4.47 4.46 4.47 4.51 4.58 4.66 4.72 4.75 4.75 4.72 4.66 4.57 4.47 4.34 4.19 4.03 3.87 3.71 3.56 3.40 3.25 3.11 2.96 2.81 2.67 2.51 2.36 2.19 2.02 1.84 1.65 1.46 1.28 1.11 0.95 0.80 0.66 0.53 0.40 0.29 0.15 0.00 0.00 0.00 0.00 0.00 0.00
1.24 1.19 1.17 1.17 1.20 1.25 1.33 1.43 1.54 1.66 1.79 1.93 2.08 2.24 2.43 2.63 2.85 3.07 3.29 3.49 3.68 3.85 4.01 4.14 4.26 4.35 4.44 4.51 4.57 4.63 4.67 4.70 4.72 4.73 4.73 4.72 4.71 4.71 4.72 4.74 4.79 4.87 4.96 5.02 5.05 5.04 5.01 4.94 4.85 4.74 4.60 4.44 4.28 4.12 3.96 3.79 3.63 3.47 3.32 3.17 3.01 2.86 2.70 2.53 2.36 2.18 1.99 1.79 1.59 1.40 1.22 1.05 0.88 0.73 0.59 0.46 0.30 0.00 0.00 0.00 0.00 0.00 0.00 0.00
1.02 0.98 0.96 0.96 0.98 1.03 1.10 1.20 1.32 1.46 1.60 1.75 1.91 2.09 2.28 2.48 2.71 2.94 3.15 3.36 3.56 3.74 3.90 4.04 4.17 4.29 4.40 4.50 4.59 4.67 4.74 4.80 4.85 4.88 4.91 4.93 4.94 4.96 4.99 5.03 5.08 5.17 5.26 5.33 5.35 5.34 5.30 5.23 5.13 5.00 4.86 4.70 4.54 4.38 4.21 4.04 3.88 3.71 3.54 3.38 3.22 3.06 2.89 2.72 2.54 2.35 2.15 1.94 1.73 1.53 1.34 1.16 0.99 0.83 0.68 0.50 0.16 0.00 0.00 0.00 0.00 0.00 0.00 0.00
0.84 0.80 0.78 0.78 0.80 0.85 0.92 1.01 1.13 1.27 1.43 1.59 1.77 1.95 2.15 2.36 2.59 2.82 3.04 3.25 3.45 3.64 3.82 3.97 4.12 4.26 4.39 4.52 4.63 4.73 4.83 4.91 4.99 5.05 5.11 5.15 5.18 5.22 5.26 5.31 5.38 5.47 5.57 5.63 5.66 5.64 5.60 5.52 5.41 5.28 5.13 4.98 4.82 4.65 4.48 4.31 4.13 3.96 3.78 3.61 3.44 3.27 3.10 2.92 2.73 2.53 2.33 2.11 1.89 1.68 1.48 1.29 1.11 0.94 0.74 0.37 0.00 0.00 0.00 0.00 0.00 0.00 0.00 0.00
0.70 0.66 0.65 0.65 0.67 0.71 0.78 0.86 0.98 1.12 1.28 1.46 1.64 1.83 2.04 2.26 2.49 2.72 2.95 3.17 3.38 3.57 3.76 3.93 4.10 4.26 4.41 4.56 4.69 4.82 4.94 5.04 5.14 5.23 5.31 5.37 5.43 5.48 5.54 5.60 5.68 5.77 5.87 5.93 5.96 5.94 5.89 5.80 5.69 5.56 5.42 5.27 5.11 4.94 4.77 4.59 4.41 4.22 4.04 3.85 3.67 3.49 3.31 3.12 2.93 2.72 2.51 2.28 2.05 1.83 1.63 1.43 1.24 1.02 0.63 0.00 0.00 0.00 0.00 0.00 0.00 0.00 0.00 0.00
0.60 0.57 0.55 0.56 0.58 0.62 0.68 0.76 0.87 1.00 1.16 1.34 1.53 1.74 1.95 2.17 2.41 2.65 2.88 3.11 3.32 3.53 3.73 3.92 4.11 4.28 4.45 4.62 4.77 4.92 5.05 5.18 5.30 5.41 5.51 5.60 5.68 5.75 5.82 5.89 5.97 6.07 6.17 6.23 6.25 6.23 6.17 6.08 5.97 5.85 5.71 5.57 5.41 5.24 5.06 4.88 4.69 4.50 4.30 4.10 3.91 3.71 3.52 3.33 3.13 2.92 2.69 2.46 2.22 2.00 1.78 1.58 1.34 0.91 0.24 0.00 0.00 0.00 0.00 0.00 0.00 0.00 0.00 0.00
