data_processed/recharge/precip/Precip_1993_03.asc
ncols        168
nrows        136
xllcorner    455000
yllcorner    2107000
cellsize     500
NODATA_value     -99999
[rows 72 to 107 of 136, columns 82 to 163 of 168]
4.70 4.72 4.73 4.75 4.77 4.78 4.79 4.80 4.81 4.82 4.82 4.82 4.80 4.77 4.72 4.67 4.60 4.52 4.43 4.34 4.35 4.49 4.75 5.15 5.66 6.30 7.05 7.91 8.88 9.91 10.98 12.08 13.20 14.35 15.53 16.72 17.94 19.17 20.42 21.68 22.96 24.24 25.54 26.84 28.14 29.45 30.76 32.06 33.36 34.66 35.95 37.22 38.49 39.75 40.99 42.21 43.41 44.59 45.75 46.88 47.99 49.06 50.11 51.12 52.10 53.04 53.95 54.81 55.63 56.41 57.13 57.81 58.44 59.02 59.54 60.01 60.42 60.77 61.05 61.28 61.44 61.58
4.62 4.64 4.66 4.68 4.70 4.71 4.73 4.74 4.75 4.76 4.77 4.78 4.77 4.75 4.72 4.68 4.62 4.55 4.47 4.39 4.41 4.56 4.84 5.25 5.79 6.44 7.21 8.09 9.04 10.03 11.05 12.11 13.19 14.30 15.44 16.60 17.78 18.98 20.20 21.43 22.68 23.94 25.22 26.49 27.78 29.07 30.36 31.65 32.94 34.23 35.51 36.78 38.05 39.30 40.54 41.76 42.97 44.15 45.32 46.46 47.58 48.67 49.73 50.76 51.76 52.72 53.65 54.53 55.38 56.18 56.94 57.65 58.32 58.93 59.49 60.00 60.45 60.84 61.17 61.44 61.64 61.79
4.54 4.57 4.59 4.61 4.63 4.65 4.67 4.68 4.70 4.71 4.72 4.73 4.74 4.73 4.71 4.68 4.64 4.58 4.51 4.44 4.47 4.64 4.93 5.36 5.91 6.58 7.37 8.23 9.14 10.08 11.06 12.07 13.11 14.18 15.28 16.40 17.55 18.72 19.90 21.11 22.33 23.57 24.82 26.07 27.34 28.61 29.89 31.17 32.44 33.72 34.99 36.26 37.52 38.77 40.01 41.23 42.44 43.63 44.81 45.96 47.09 48.19 49.27 50.31 51.33 52.31 53.26 54.17 55.04 55.87 56.66 57.40 58.10 58.75 59.35 59.89 60.38 60.82 61.20 61.51 61.76 61.95
4.47 4.50 4.52 4.55 4.57 4.60 4.62 4.63 4.65 4.67 4.68 4.69 4.70 4.71 4.70 4.68 4.65 4.60 4.55 4.49 4.53 4.71 5.02 5.47 6.04 6.72 7.49 8.30 9.16 10.05 10.98 11.95 12.95 13.98 15.04 16.12 17.24 18.37 19.53 20.71 21.90 23.11 24.34 25.58 26.82 28.08 29.34 30.60 31.87 33.13 34.40 35.66 36.91 38.16 39.40 40.62 41.84 43.03 44.21 45.37 46.51 47.63 48.72 49.78 50.81 51.82 52.79 53.72 54.62 55.48 56.30 57.07 57.80 58.48 59.12 59.70 60.23 60.71 61.13 61.49 61.80 62.04
4.41 4.44 4.47 4.49 4.52 4.55 4.57 4.59 4.61 4.63 4.64 4.66 4.67 4.68 4.68 4.68 4.66 4.63 4.58 4.54 4.59 4.78 5.11 5.57 6.16 6.82 7.54 8.30 9.10 9.95 10.83 11.76 12.71 13.70 14.72 15.77 16.85 17.95 19.08 20.23 21.40 22.58 23.78 25.00 26.22 27.46 28.70 29.95 31.21 32.46 33.72 34.97 36.22 37.47 38.70 39.93 41.15 42.35 43.53 44.70 45.85 46.98 48.08 49.16 50.21 51.24 52.23 53.18 54.11 54.99 55.84 56.65 57.41 58.13 58.80 59.42 59.99 60.51 60.98 61.39 61.74 62.02
4.35 4.38 4.42 4.45 4.48 4.50 4.53 4.55 4.57 4.60 4.61 4.63 4.64 4.66 4.67 4.67 4.67 4.65 4.61 4.58 4.65 4.86 5.20 5.68 6.23 6.85 7.51 8.22 8.97 9.77 10.61 11.48 12.40 13.35 14.33 15.34 16.38 17.45 18.55 19.67 20.81 21.97 23.14 24.34 25.54 26.76 27.99 29.22 30.46 31.71 32.96 34.20 35.45 36.69 37.92 39.15 40.37 41.57 42.77 43.94 45.10 46.24 47.36 48.45 49.52 50.56 51.58 52.56 53.51 54.42 55.29 56.13 56.93 57.68 58.39 59.05 59.66 60.22 60.73 61.18 61.58 61.92
4.30 4.34 4.37 4.41 4.44 4.47 4.50 4.52 4.55 4.57 4.59 4.61 4.63 4.64 4.65 4.66 4.67 4.66 4.64 4.63 4.71 4.93 5.29 5.73 6.24 6.79 7.40 8.06 8.76 9.51 10.30 11.13 12.00 12.91 13.85 14.83 15.83 16.87 17.93 19.02 20.13 21.27 22.42 23.59 24.77 25.97 27.18 28.41 29.63 30.87 32.11 33.34 34.58 35.82 37.06 38.28 39.50 40.71 41.91 43.09 44.26 45.41 46.54 47.65 48.74 49.80 50.83 51.84 52.81 53.75 54.65 55.52 56.35 57.14 57.88 58.58 59.23 59.83 60.38 60.88 61.33 61.72
4.26 4.30 4.34 4.37 4.41 4.44 4.47 4.50 4.53 4.55 4.58 4.60 4.62 4.64 4.65 4.66 4.67 4.68 4.67 4.67 4.76 5.00 5.32 5.71 6.16 6.66 7.21 7.82 8.47 9.17 9.91 10.70 11.52 12.39 13.29 14.23 15.20 16.20 17.23 18.29 19.37 20.48 21.61 22.76 23.92 25.10 26.30 27.50 28.72 29.94 31.17 32.40 33.63 34.87 36.10 37.32 38.55 39.76 40.96 42.15 43.33 44.49 45.64 46.76 47.86 48.94 50.00 51.02 52.02 52.99 53.92 54.82 55.68 56.50 57.28 58.01 58.70 59.35 59.94 60.49 60.98 61.41
4.23 4.27 4.31 4.35 4.39 4.42 4.46 4.49 4.52 4.55 4.57 4.60 4.62 4.64 4.66 4.67 4.68 4.69 4.70 4.71 4.81 5.01 5.28 5.61 6.00 6.44 6.94 7.49 8.09 8.74 9.44 10.18 10.96 11.78 12.65 13.55 14.48 15.45 16.45 17.47 18.53 19.61 20.71 21.84 22.98 24.14 25.32 26.51 27.71 28.92 30.14 31.36 32.59 33.82 35.05 36.27 37.50 38.71 39.92 41.12 42.31 43.48 44.64 45.77 46.89 47.99 49.07 50.11 51.13 52.13 53.09 54.01 54.90 55.76 56.57 57.35 58.08 58.76 59.40 59.99 60.53 61.01
4.20 4.25 4.29 4.33 4.38 4.41 4.45 4.49 4.52 4.55 4.58 4.60 4.63 4.65 4.67 4.69 4.70 4.71 4.72 4.74 4.81 4.95 5.16 5.43 5.75 6.14 6.58 7.08 7.63 8.23 8.88 9.57 10.31 11.09 11.91 12.77 13.67 14.61 15.57 16.57 17.59 18.65 19.72 20.82 21.95 23.09 24.25 25.42 26.61 27.81 29.01 30.23 31.45 32.67 33.90 35.13 36.35 37.57 38.78 39.99 41.18 42.37 43.54 44.69 45.83 46.94 48.04 49.11 50.15 51.17 52.15 53.11 54.03 54.92 55.77 56.58 57.35 58.07 58.75 59.39 59.97 60.51
4.18 4.23 4.28 4.33 4.37 4.41 4.45 4.49 4.52 4.56 4.59 4.62 4.64 4.67 4.69 4.71 4.73 4.74 4.75 4.76 4.79 4.86 5.00 5.21 5.48 5.81 6.19 6.63 7.13 7.68 8.28 8.93 9.62 10.36 11.14 11.96 12.82 13.72 14.65 15.62 16.61 17.64 18.69 19.77 20.87 21.99 23.13 24.28 25.46 26.64 27.84 29.04 30.26 31.48 32.70 33.92 35.15 36.37 37.59 38.80 40.00 41.20 42.38 43.54 44.69 45.83 46.94 48.03 49.10 50.14 51.15 52.14 53.09 54.01 54.89 55.74 56.55 57.31 58.03 58.71 59.34 59.92
4.16 4.22 4.27 4.32 4.37 4.41 4.45 4.49 4.53 4.57 4.60 4.64 4.67 4.69 4.72 4.74 4.76 4.78 4.79 4.80 4.81 4.83 4.91 5.05 5.26 5.52 5.85 6.24 6.68 7.18 7.73 8.33 8.97 9.67 10.41 11.19 12.01 12.87 13.77 14.70 15.66 16.66 17.68 18.73 19.81 20.91 22.03 23.16 24.32 25.49 26.68 27.87 29.08 30.29 31.51 32.73 33.95 35.17 36.39 37.61 38.82 40.02 41.21 42.39 43.55 44.70 45.83 46.94 48.03 49.10 50.13 51.15 52.13 53.08 53.99 54.87 55.72 56.52 57.28 58.00 58.68 59.30
4.15 4.20 4.26 4.31 4.36 4.41 4.46 4.50 4.55 4.58 4.62 4.66 4.69 4.72 4.75 4.77 4.80 4.82 4.83 4.84 4.85 4.85 4.88 4.96 5.10 5.31 5.57 5.90 6.29 6.73 7.23 7.78 8.38 9.03 9.72 10.46 11.24 12.06 12.92 13.82 14.75 15.71 16.71 17.73 18.78 19.86 20.95 22.07 23.21 24.37 25.54 26.72 27.91 29.12 30.33 31.54 32.76 33.98 35.21 36.42 37.64 38.84 40.04 41.23 42.41 43.57 44.72 45.85 46.96 48.04 49.10 50.14 51.15 52.13 53.07 53.99 54.87 55.71 56.51 57.27 57.98 58.65
4.13 4.19 4.25 4.31 4.36 4.41 4.47 4.51 4.56 4.60 4.64 4.68 4.72 4.75 4.79 4.81 4.84 4.86 4.87 4.88 4.89 4.90 4.91 4.93 5.01 5.15 5.36 5.63 5.96 6.35 6.79 7.29 7.84 8.44 9.09 9.78 10.52 11.30 12.12 12.98 13.88 14.81 15.77 16.76 17.79 18.84 19.91 21.01 22.13 23.26 24.42 25.59 26.77 27.96 29.17 30.38 31.59 32.81 34.03 35.25 36.46 37.68 38.88 40.08 41.27 42.44 43.60 44.75 45.87 46.98 48.06 49.12 50.16 51.16 52.14 53.08 54.00 54.87 55.71 56.51 57.26 57.97
4.11 4.18 4.24 4.30 4.36 4.42 4.48 4.53 4.58 4.63 4.67 4.71 4.75 4.79 4.83 4.86 4.88 4.90 4.92 4.92 4.93 4.94 4.95 4.96 4.99 5.07 5.21 5.42 5.69 6.02 6.41 6.85 7.35 7.90 8.50 9.15 9.84 10.58 11.36 12.19 13.05 13.94 14.87 15.84 16.83 17.85 18.90 19.98 21.07 22.19 23.33 24.48 25.65 26.83 28.02 29.22 30.43 31.65 32.86 34.08 35.30 36.51 37.73 38.93 40.13 41.31 42.48 43.64 44.78 45.91 47.01 48.10 49.15 50.18 51.19 52.16 53.11 54.01 54.89 55.72 56.52 57.27
4.10 4.17 4.24 4.30 4.37 4.43 4.49 4.55 4.60 4.65 4.70 4.75 4.79 4.84 4.87 4.90 4.93 4.95 4.96 4.97 4.98 4.99 5.00 5.01 5.02 5.05 5.13 5.27 5.48 5.76 6.09 6.48 6.92 7.42 7.97 8.57 9.22 9.91 10.65 11.43 12.26 13.12 14.01 14.94 15.91 16.90 17.92 18.97 20.05 21.14 22.26 23.40 24.55 25.72 26.90 28.09 29.29 30.50 31.71 32.93 34.14 35.36 36.57 37.78 38.99 40.18 41.36 42.54 43.69 44.83 45.96 47.06 48.14 49.19 50.22 51.23 52.20 53.14 54.04 54.91 55.75 56.54
4.08 4.16 4.23 4.30 4.37 4.44 4.50 4.57 4.63 4.68 4.74 4.79 4.84 4.88 4.92 4.95 4.98 5.00 5.01 5.02 5.03 5.04 5.05 5.06 5.07 5.08 5.11 5.19 5.34 5.55 5.82 6.16 6.55 6.99 7.49 8.04 8.64 9.29 9.99 10.73 11.51 12.33 13.19 14.09 15.02 15.99 16.98 18.00 19.05 20.12 21.22 22.34 23.47 24.62 25.79 26.97 28.16 29.36 30.57 31.78 33.00 34.21 35.43 36.64 37.85 39.05 40.24 41.43 42.60 43.75 44.89 46.01 47.11 48.19 49.25 50.27 51.27 52.24 53.18 54.08 54.95 55.78
4.07 4.15 4.23 4.31 4.38 4.45 4.52 4.59 4.65 4.72 4.78 4.83 4.88 4.93 4.97 5.00 5.03 5.05 5.06 5.07 5.08 5.09 5.10 5.11 5.12 5.13 5.15 5.18 5.26 5.41 5.62 5.90 6.23 6.62 7.07 7.57 8.12 8.72 9.38 10.07 10.81 11.59 12.42 13.28 14.17 15.11 16.07 17.06 18.09 19.14 20.21 21.30 22.42 23.56 24.71 25.88 27.06 28.25 29.45 30.65 31.86 33.08 34.29 35.51 36.72 37.93 39.13 40.32 41.50 42.67 43.82 44.96 46.08 47.18 48.26 49.31 50.33 51.33 52.30 53.24 54.14 55.00
4.06 4.14 4.23 4.31 4.39 4.47 4.55 4.62 4.69 4.76 4.82 4.88 4.93 4.98 5.02 5.05 5.08 5.10 5.11 5.12 5.13 5.14 5.15 5.16 5.17 5.19 5.20 5.22 5.25 5.34 5.49 5.70 5.98 6.31 6.70 7.15 7.65 8.21 8.81 9.46 10.16 10.90 11.68 12.51 13.37 14.26 15.20 16.16 17.16 18.18 19.23 20.30 21.40 22.51 23.65 24.80 25.97 27.15 28.34 29.54 30.74 31.95 33.17 34.38 35.60 36.81 38.01 39.21 40.40 41.58 42.75 43.90 45.04 46.16 47.26 48.33 49.38 50.41 51.40 52.37 53.30 54.19
4.05 4.14 4.23 4.32 4.41 4.49 4.57 4.65 4.73 4.80 4.87 4.93 4.98 5.03 5.07 5.10 5.13 5.15 5.17 5.18 5.19 5.19 5.20 5.22 5.23 5.24 5.26 5.27 5.29 5.33 5.41 5.57 5.78 6.06 6.39 6.79 7.24 7.74 8.30 8.90 9.55 10.25 10.99 11.78 12.60 13.46 14.36 15.29 16.26 17.25 18.28 19.33 20.40 21.50 22.61 23.75 24.90 26.07 27.25 28.44 29.63 30.84 32.05 33.26 34.48 35.69 36.90 38.11 39.31 40.50 41.68 42.84 43.99 45.13 46.25 47.34 48.42 49.47 50.49 51.48 52.43 53.33
4.04 4.14 4.24 4.33 4.42 4.51 4.60 4.69 4.77 4.85 4.91 4.98 5.03 5.08 5.12 5.16 5.19 5.21 5.22 5.23 5.24 5.25 5.26 5.27 5.28 5.30 5.31 5.33 5.35 5.37 5.41 5.50 5.65 5.87 6.14 6.48 6.88 7.33 7.83 8.39 9.00 9.65 10.35 11.09 11.88 12.70 13.56 14.46 15.40 16.36 17.36 18.38 19.43 20.51 21.60 22.72 23.86 25.01 26.17 27.35 28.54 29.74 30.95 32.16 33.37 34.58 35.80 37.01 38.21 39.41 40.60 41.78 42.94 44.09 45.23 46.34 47.44 48.51 49.56 50.57 51.53 52.44
4.03 4.14 4.24 4.35 4.45 4.54 4.64 4.73 4.81 4.89 4.96 5.03 5.08 5.13 5.18 5.21 5.24 5.26 5.28 5.29 5.30 5.31 5.32 5.33 5.34 5.36 5.37 5.39 5.41 5.43 5.45 5.49 5.58 5.74 5.95 6.23 6.57 6.97 7.42 7.93 8.49 9.10 9.75 10.45 11.20 11.98 12.81 13.67 14.57 15.51 16.47 17.47 18.49 19.54 20.62 21.72 22.83 23.97 25.12 26.29 27.47 28.66 29.86 31.06 32.27 33.48 34.70 35.91 37.12 38.33 39.52 40.71 41.89 43.05 44.20 45.34 46.45 47.54 48.60 49.62 50.59 51.52
4.03 4.14 4.25 4.36 4.47 4.57 4.68 4.77 4.86 4.94 5.01 5.08 5.13 5.18 5.23 5.26 5.29 5.32 5.33 5.34 5.35 5.36 5.37 5.39 5.40 5.41 5.43 5.45 5.47 5.49 5.51 5.53 5.58 5.67 5.83 6.05 6.33 6.67 7.07 7.52 8.03 8.59 9.20 9.86 10.56 11.31 12.09 12.92 13.79 14.69 15.62 16.59 17.59 18.61 19.66 20.74 21.84 22.95 24.09 25.24 26.41 27.59 28.78 29.98 31.18 32.40 33.61 34.82 36.03 37.24 38.45 39.64 40.83 42.01 43.17 44.32 45.45 46.55 47.62 48.64 49.62 50.56
4.03 4.15 4.27 4.39 4.50 4.61 4.72 4.81 4.90 4.98 5.06 5.13 5.18 5.24 5.28 5.32 5.35 5.37 5.39 5.40 5.41 5.42 5.43 5.44 5.46 5.47 5.49 5.51 5.53 5.55 5.57 5.60 5.62 5.67 5.76 5.92 6.14 6.43 6.77 7.17 7.63 8.14 8.70 9.31 9.97 10.67 11.42 12.21 13.04 13.90 14.81 15.74 16.71 17.71 18.74 19.79 20.87 21.96 23.08 24.22 25.37 26.54 27.72 28.91 30.11 31.32 32.53 33.74 34.95 36.17 37.37 38.58 39.78 40.96 42.14 43.30 44.44 45.54 46.60 47.63 48.62 49.56
4.03 4.16 4.29 4.41 4.53 4.65 4.76 4.86 4.95 5.03 5.11 5.17 5.23 5.29 5.33 5.37 5.40 5.43 5.44 5.45 5.46 5.47 5.49 5.50 5.51 5.53 5.55 5.57 5.59 5.61 5.63 5.66 5.68 5.71 5.76 5.86 6.02 6.24 6.53 6.88 7.28 7.74 8.25 8.81 9.43 10.09 10.79 11.54 12.33 13.16 14.03 14.93 15.87 16.84 17.84 18.87 19.92 21.00 22.10 23.22 24.36 25.51 26.68 27.86 29.05 30.25 31.46 32.67 33.88 35.09 36.31 37.51 38.72 39.92 41.10 42.26 43.40 44.50 45.57 46.60 47.59 48.54
4.03 4.17 4.31 4.44 4.57 4.69 4.80 4.90 4.99 5.08 5.15 5.22 5.28 5.34 5.39 5.42 5.46 5.48 5.50 5.51 5.52 5.53 5.54 5.56 5.57 5.59 5.60 5.62 5.64 5.67 5.69 5.72 5.75 5.77 5.81 5.85 5.96 6.12 6.35 6.64 6.99 7.39 7.85 8.37 8.93 9.55 10.21 10.92 11.67 12.46 13.29 14.16 15.07 16.01 16.98 17.98 19.01 20.06 21.14 22.24 23.36 24.50 25.65 26.82 28.00 29.20 30.40 31.60 32.81 34.03 35.24 36.45 37.66 38.87 40.05 41.21 42.34 43.43 44.50 45.53 46.53 47.49
4.04 4.19 4.33 4.47 4.60 4.72 4.83 4.94 5.03 5.12 5.20 5.27 5.33 5.39 5.44 5.48 5.51 5.53 5.55 5.56 5.57 5.59 5.60 5.61 5.63 5.64 5.66 5.68 5.70 5.73 5.75 5.78 5.81 5.84 5.87 5.90 5.95 6.06 6.23 6.46 6.75 7.10 7.51 7.97 8.49 9.05 9.67 10.33 11.04 11.80 12.59 13.43 14.30 15.20 16.14 17.12 18.12 19.15 20.21 21.29 22.39 23.51 24.65 25.80 26.97 28.16 29.35 30.55 31.76 32.97 34.18 35.40 36.61 37.81 38.98 40.13 41.25 42.35 43.41 44.45 45.45 46.41
4.06 4.21 4.36 4.50 4.63 4.76 4.87 4.98 5.07 5.16 5.24 5.32 5.38 5.44 5.49 5.53 5.56 5.59 5.60 5.62 5.63 5.64 5.65 5.67 5.68 5.70 5.72 5.74 5.76 5.79 5.81 5.84 5.87 5.90 5.93 5.97 6.00 6.06 6.16 6.33 6.57 6.86 7.22 7.63 8.09 8.61 9.18 9.80 10.47 11.18 11.93 12.73 13.57 14.44 15.35 16.29 17.26 18.27 19.30 20.36 21.44 22.54 23.66 24.81 25.96 27.13 28.32 29.51 30.71 31.92 33.13 34.35 35.55 36.73 37.89 39.04 40.15 41.24 42.30 43.34 44.34 45.31
4.07 4.23 4.39 4.53 4.66 4.79 4.91 5.01 5.11 5.20 5.29 5.36 5.43 5.48 5.53 5.58 5.61 5.64 5.66 5.67 5.68 5.69 5.71 5.72 5.74 5.75 5.77 5.80 5.82 5.84 5.87 5.90 5.93 5.96 5.99 6.03 6.07 6.11 6.16 6.27 6.45 6.68 6.98 7.34 7.75 8.22 8.74 9.31 9.93 10.60 11.32 12.07 12.87 13.71 14.59 15.50 16.44 17.42 18.42 19.46 20.52 21.60 22.70 23.83 24.97 26.13 27.30 28.48 29.68 30.88 32.09 33.29 34.48 35.64 36.80 37.93 39.03 40.12 41.18 42.21 43.21 44.18
4.09 4.25 4.41 4.55 4.69 4.82 4.94 5.05 5.15 5.24 5.33 5.40 5.47 5.53 5.58 5.62 5.66 5.69 5.71 5.72 5.73 5.74 5.76 5.77 5.79 5.81 5.83 5.85 5.87 5.90 5.93 5.95 5.99 6.02 6.05 6.09 6.13 6.17 6.21 6.27 6.39 6.56 6.80 7.10 7.46 7.88 8.35 8.87 9.45 10.07 10.74 11.46 12.22 13.02 13.86 14.74 15.65 16.60 17.58 18.58 19.62 20.68 21.76 22.87 24.00 25.14 26.30 27.47 28.66 29.85 31.04 32.23 33.39 34.55 35.68 36.80 37.90 38.98 40.03 41.06 42.05 43.02
4.10 4.27 4.43 4.58 4.72 4.85 4.97 5.08 5.18 5.28 5.37 5.44 5.51 5.57 5.62 5.67 5.70 5.73 5.75 5.77 5.78 5.79 5.81 5.82 5.84 5.86 5.88 5.90 5.93 5.95 5.98 6.01 6.04 6.08 6.11 6.15 6.19 6.23 6.28 6.32 6.39 6.50 6.68 6.93 7.23 7.59 8.01 8.48 9.01 9.59 10.22 10.89 11.61 12.37 13.17 14.02 14.90 15.81 16.76 17.74 18.75 19.79 20.85 21.94 23.04 24.17 25.32 26.48 27.65 28.83 30.00 31.15 32.30 33.44 34.56 35.66 36.75 37.82 38.86 39.89 40.88 41.85
4.11 4.28 4.45 4.60 4.74 4.87 5.00 5.11 5.22 5.31 5.40 5.48 5.55 5.61 5.67 5.71 5.75 5.78 5.80 5.81 5.83 5.84 5.85 5.87 5.89 5.91 5.93 5.95 5.98 6.01 6.03 6.06 6.10 6.13 6.17 6.21 6.25 6.29 6.34 6.38 6.43 6.50 6.62 6.80 7.05 7.36 7.72 8.15 8.62 9.15 9.73 10.36 11.04 11.76 12.53 13.33 14.18 15.06 15.98 16.93 17.91 18.92 19.96 21.03 22.12 23.23 24.35 25.50 26.65 27.80 28.94 30.08 31.21 32.32 33.43 34.52 35.59 36.65 37.69 38.70 39.69 40.66
4.12 4.30 4.46 4.61 4.76 4.90 5.02 5.14 5.25 5.34 5.43 5.52 5.59 5.65 5.71 5.75 5.79 5.82 5.84 5.86 5.87 5.88 5.90 5.92 5.94 5.96 5.98 6.00 6.03 6.06 6.09 6.12 6.15 6.19 6.22 6.26 6.30 6.35 6.39 6.44 6.50 6.55 6.62 6.74 6.93 7.18 7.49 7.86 8.28 8.77 9.30 9.88 10.51 11.19 11.92 12.69 13.50 14.34 15.23 16.15 17.10 18.09 19.10 20.14 21.21 22.30 23.41 24.53 25.65 26.77 27.89 29.00 30.10 31.20 32.29 33.36 34.42 35.47 36.49 37.50 38.49 39.45
4.13 4.30 4.47 4.63 4.78 4.91 5.04 5.16 5.27 5.37 5.46 5.55 5.62 5.69 5.74 5.79 5.83 5.86 5.88 5.90 5.91 5.93 5.94 5.96 5.98 6.00 6.02 6.05 6.08 6.10 6.13 6.17 6.20 6.24 6.28 6.32 6.36 6.40 6.45 6.50 6.55 6.61 6.67 6.74 6.87 7.06 7.31 7.63 8.00 8.43 8.91 9.45 10.04 10.67 11.35 12.08 12.85 13.66 14.51 15.40 16.33 17.28 18.27 19.29 20.33 21.40 22.48 23.56 24.65 25.74 26.83 27.91 29.00 30.07 31.14 32.20 33.24 34.27 35.29 36.29 37.27 38.23
4.13 4.31 4.48 4.64 4.79 4.93 5.06 5.18 5.29 5.40 5.49 5.58 5.65 5.72 5.77 5.82 5.86 5.90 5.92 5.93 5.95 5.96 5.98 6.00 6.02 6.04 6.07 6.09 6.12 6.15 6.18 6.21 6.25 6.29 6.32 6.37 6.41 6.46 6.51 6.56 6.61 6.67 6.73 6.79 6.87 7.00 7.19 7.45 7.77 8.14 8.57 9.06 9.60 10.19 10.83 11.52 12.25 13.02 13.84 14.69 15.58 16.51 17.47 18.46 19.47 20.51 21.55 22.60 23.66 24.71 25.77 26.83 27.89 28.94 29.99 31.03 32.05 33.07 34.07 35.06 36.04 36.99
4.12 4.31 4.48 4.64 4.80 4.94 5.08 5.20 5.31 5.42 5.51 5.60 5.68 5.74 5.80 5.85 5.90 5.93 5.95 5.97 5.98 6.00 6.02 6.04 6.06 6.08 6.11 6.13 6.16 6.19 6.22 6.26 6.29 6.33 6.37 6.41 6.46 6.51 6.56 6.61 6.66 6.72 6.78 6.84 6.91 6.99 7.13 7.33 7.59 7.91 8.29 8.73 9.22 9.76 10.35 11.00 11.69 12.42 13.20 14.01 14.87 15.77 16.69 17.65 18.63 19.63 20.63 21.65 22.67 23.69 24.72 25.75 26.78 27.81 28.83 29.85 30.86 31.86 32.85 33.83 34.79 35.74
