data_processed/recharge/precip/Precip_2011_07.asc
ncols        168
nrows        136
xllcorner    455000
yllcorner    2107000
cellsize     500
NODATA_value     -99999
[rows 96 to 127 of 136, columns 0 to 70 of 168]
381.72 386.31 390.72 394.95 398.96 402.75 406.28 409.55 412.53 415.21 417.56 419.56 421.20 422.46 423.31 423.74 423.73 423.30 422.46 421.19 419.69 418.02 416.18 414.17 412.01 409.69 407.23 404.62 401.87 398.98 395.97 392.82 389.56 386.17 382.67 379.07 375.36 371.55 367.64 363.64 359.56 355.40 351.16 346.84 342.46 338.01 333.51 328.95 324.34 319.68 314.98 310.25 305.48 300.69 295.87 291.04 286.19 281.33 276.46 271.60 266.74 261.88 257.04 252.22 247.42 242.65 237.90 233.19 228.53 223.90 219.33
376.99 381.71 386.27 390.65 394.84 398.82 402.57 406.06 409.29 412.22 414.84 417.14 419.08 420.66 421.85 422.64 423.04 423.12 422.81 421.96 420.65 419.11 417.40 415.52 413.48 411.28 408.93 406.43 403.78 400.99 398.07 395.01 391.83 388.53 385.10 381.57 377.92 374.17 370.32 366.38 362.34 358.22 354.02 349.74 345.38 340.96 336.47 331.93 327.33 322.68 317.98 313.24 308.47 303.66 298.83 293.97 289.09 284.20 279.30 274.39 269.49 264.58 259.69 254.81 249.94 245.10 240.28 235.50 230.75 226.03 221.37
372.34 377.18 381.87 386.40 390.76 394.92 398.86 402.57 406.02 409.20 412.08 414.66 416.89 418.78 420.30 421.47 422.34 422.94 423.16 422.83 421.92 420.56 418.97 417.21 415.29 413.20 410.95 408.54 405.99 403.29 400.46 397.48 394.38 391.14 387.79 384.32 380.73 377.03 373.23 369.33 365.34 361.25 357.08 352.82 348.49 344.08 339.61 335.07 330.47 325.82 321.12 316.37 311.58 306.75 301.89 297.01 292.09 287.16 282.22 277.27 272.31 267.35 262.39 257.44 252.50 247.59 242.69 237.82 232.98 228.17 223.41
367.79 372.72 377.54 382.21 386.72 391.04 395.17 399.08 402.74 406.16 409.29 412.12 414.64 416.83 418.70 420.31 421.67 422.76 423.49 423.67 423.26 422.29 420.87 419.22 417.40 415.41 413.26 410.95 408.49 405.87 403.11 400.21 397.18 394.01 390.71 387.30 383.76 380.11 376.35 372.49 368.53 364.47 360.32 356.08 351.76 347.37 342.90 338.36 333.76 329.10 324.38 319.61 314.80 309.94 305.05 300.13 295.18 290.20 285.21 280.20 275.18 270.15 265.13 260.10 255.09 250.09 245.10 240.14 235.20 230.29 225.43
363.34 368.36 373.28 378.07 382.72 387.20 391.50 395.60 399.47 403.10 406.46 409.55 412.34 414.85 417.13 419.19 421.02 422.59 423.80 424.47 424.56 424.07 423.01 421.52 419.80 417.91 415.85 413.62 411.24 408.70 406.01 403.18 400.21 397.10 393.86 390.49 386.99 383.38 379.66 375.83 371.89 367.85 363.72 359.49 355.18 350.79 346.32 341.77 337.16 332.48 327.74 322.95 318.11 313.22 308.29 303.32 298.32 293.29 288.23 283.16 278.08 272.98 267.88 262.77 257.67 252.58 247.50 242.44 237.40 232.39 227.45
358.99 364.10 369.11 374.01 378.79 383.41 387.87 392.14 396.20 400.03 403.62 406.95 410.03 412.92 415.62 418.11 420.39 422.42 424.10 425.24 425.79 425.78 425.19 424.05 422.47 420.67 418.69 416.54 414.23 411.76 409.14 406.37 403.45 400.39 397.19 393.87 390.41 386.83 383.14 379.33 375.41 371.38 367.26 363.04 358.72 354.33 349.84 345.29 340.65 335.95 331.19 326.36 321.48 316.55 311.57 306.55 301.49 296.40 291.29 286.15 280.98 275.81 270.62 265.43 260.24 255.05 249.87 244.70 239.55 234.47 229.47
354.77 359.94 365.04 370.04 374.92 379.68 384.28 388.71 392.95 396.98 400.78 404.37 407.80 411.07 414.17 417.08 419.78 422.24 424.38 425.96 426.97 427.41 427.28 426.59 425.34 423.67 421.77 419.69 417.45 415.04 412.47 409.75 406.88 403.87 400.71 397.42 393.99 390.44 386.76 382.97 379.06 375.04 370.92 366.69 362.37 357.96 353.46 348.88 344.22 339.49 334.69 329.83 324.90 319.92 314.89 309.81 304.69 299.53 294.34 289.12 283.88 278.62 273.34 268.06 262.76 257.47 252.18 246.90 241.68 236.56 231.52
350.68 355.90 361.07 366.15 371.14 376.01 380.74 385.32 389.73 393.94 397.97 401.88 405.66 409.30 412.78 416.08 419.19 422.07 424.63 426.65 428.09 428.96 429.27 429.01 428.20 426.84 425.06 423.04 420.86 418.51 415.99 413.32 410.49 407.51 404.38 401.11 397.71 394.17 390.51 386.72 382.82 378.80 374.67 370.44 366.10 361.67 357.15 352.54 347.85 343.08 338.24 333.32 328.35 323.31 318.22 313.07 307.88 302.65 297.38 292.08 286.75 281.39 276.02 270.63 265.23 259.82 254.42 249.08 243.82 238.65 233.57
346.73 351.99 357.21 362.37 367.44 372.41 377.27 381.98 386.54 390.95 395.27 399.50 403.62 407.61 411.45 415.13 418.62 421.90 424.87 427.29 429.15 430.43 431.15 431.32 430.92 429.97 428.49 426.58 424.45 422.15 419.67 417.04 414.24 411.29 408.19 404.94 401.55 398.03 394.37 390.58 386.68 382.65 378.51 374.26 369.90 365.44 360.89 356.24 351.51 346.70 341.80 336.84 331.80 326.70 321.54 316.32 311.05 305.74 300.38 294.99 289.56 284.11 278.63 273.13 267.61 262.10 256.63 251.25 245.96 240.76 235.64
342.93 348.22 353.48 358.69 363.84 368.91 373.87 378.71 383.44 388.10 392.71 397.24 401.68 406.00 410.18 414.21 418.06 421.72 425.08 427.90 430.14 431.82 432.94 433.50 433.50 432.95 431.86 430.24 428.20 425.94 423.50 420.89 418.12 415.20 412.11 408.88 405.50 401.97 398.31 394.52 390.60 386.56 382.40 378.12 373.74 369.25 364.65 359.97 355.19 350.32 345.37 340.34 335.24 330.07 324.83 319.53 314.18 308.78 303.33 297.83 292.30 286.74 281.15 275.53 269.90 264.33 258.83 253.43 248.11 242.87 237.71
339.29 344.59 349.88 355.14 360.35 365.49 370.55 375.53 380.48 385.41 390.29 395.10 399.83 404.46 408.96 413.32 417.52 421.54 425.26 428.46 431.08 433.13 434.62 435.55 435.94 435.77 435.06 433.82 432.05 429.86 427.45 424.87 422.12 419.20 416.13 412.90 409.52 405.99 402.33 398.52 394.58 390.52 386.33 382.02 377.60 373.07 368.43 363.69 358.86 353.93 348.91 343.82 338.64 333.39 328.07 322.69 317.24 311.74 306.19 300.59 294.95 289.27 283.56 277.83 272.15 266.55 261.03 255.60 250.26 244.99 239.80
335.81 341.11 346.42 351.72 356.98 362.19 367.36 372.53 377.70 382.87 388.00 393.07 398.08 402.99 407.80 412.47 417.00 421.36 425.43 428.97 431.94 434.35 436.20 437.49 438.23 438.42 438.08 437.20 435.78 433.85 431.51 428.94 426.20 423.29 420.22 416.99 413.60 410.07 406.38 402.56 398.59 394.50 390.28 385.93 381.46 376.88 372.19 367.40 362.50 357.51 352.42 347.25 341.99 336.66 331.25 325.77 320.22 314.62 308.96 303.25 297.49 291.69 285.86 280.07 274.37 268.76 263.23 257.78 252.41 247.11 241.89
332.51 337.80 343.12 348.43 353.73 359.02 364.35 369.71 375.10 380.48 385.84 391.16 396.42 401.60 406.69 411.65 416.49 421.16 425.56 429.44 432.74 435.48 437.67 439.30 440.38 440.91 440.91 440.37 439.30 437.71 435.60 433.09 430.36 427.45 424.37 421.13 417.73 414.17 410.47 406.61 402.62 398.49 394.22 389.83 385.31 380.67 375.92 371.06 366.10 361.03 355.86 350.61 345.26 339.84 334.33 328.75 323.10 317.38 311.61 305.78 299.89 293.98 288.09 282.30 276.59 270.96 265.42 259.95 254.56 249.24 243.99
329.40 334.67 339.98 345.30 350.65 356.07 361.56 367.09 372.66 378.24 383.81 389.35 394.85 400.28 405.63 410.87 415.99 420.96 425.67 429.86 433.48 436.53 439.03 440.98 442.38 443.23 443.55 443.34 442.59 441.33 439.54 437.25 434.56 431.64 428.55 425.30 421.87 418.29 414.55 410.67 406.63 402.46 398.14 393.70 389.12 384.42 379.60 374.67 369.63 364.48 359.23 353.88 348.44 342.91 337.30 331.61 325.85 320.02 314.12 308.16 302.16 296.19 290.30 284.50 278.79 273.16 267.60 262.12 256.71 251.37 246.10
326.49 331.72 337.01 342.35 347.80 353.34 358.97 364.66 370.40 376.15 381.91 387.66 393.37 399.03 404.62 410.12 415.50 420.76 425.75 430.23 434.14 437.49 440.29 442.53 444.23 445.38 446.01 446.09 445.66 444.70 443.22 441.23 438.74 435.86 432.75 429.47 426.02 422.40 418.63 414.70 410.62 406.39 402.02 397.51 392.87 388.10 383.21 378.20 373.07 367.83 362.49 357.05 351.50 345.87 340.15 334.34 328.46 322.50 316.47 310.39 304.34 298.37 292.49 286.69 280.98 275.34 269.78 264.29 258.86 253.51 248.21
323.79 328.97 334.24 339.65 345.19 350.85 356.60 362.42 368.30 374.21 380.15 386.08 391.99 397.86 403.66 409.39 415.03 420.54 425.80 430.55 434.74 438.36 441.43 443.95 445.93 447.37 448.27 448.64 448.49 447.82 446.63 444.93 442.73 440.03 436.94 433.63 430.14 426.49 422.67 418.69 414.55 410.27 405.83 401.26 396.54 391.70 386.72 381.63 376.41 371.07 365.63 360.08 354.43 348.68 342.84 336.91 330.90 324.81 318.66 312.53 306.49 300.53 294.66 288.87 283.15 277.51 271.95 266.45 261.01 255.64 250.33
321.30 326.44 331.75 337.22 342.84 348.58 354.43 360.37 366.37 372.42 378.51 384.60 390.69 396.75 402.76 408.70 414.56 420.31 425.82 430.82 435.26 439.14 442.47 445.25 447.48 449.18 450.35 450.99 451.10 450.69 449.77 448.35 446.41 443.98 441.06 437.75 434.22 430.52 426.65 422.61 418.42 414.06 409.56 404.91 400.12 395.19 390.12 384.93 379.62 374.18 368.63 362.97 357.20 351.33 345.36 339.30 333.15 326.94 320.74 314.63 308.61 302.67 296.81 291.02 285.31 279.68 274.11 268.60 263.16 257.78 252.45
319.06 324.20 329.54 335.05 340.73 346.54 352.47 358.50 364.61 370.78 377.00 383.24 389.48 395.70 401.89 408.03 414.10 420.07 425.81 431.04 435.71 439.83 443.39 446.41 448.89 450.83 452.23 453.12 453.47 453.32 452.65 451.47 449.79 447.61 444.94 441.78 438.25 434.49 430.56 426.46 422.19 417.77 413.19 408.45 403.57 398.55 393.39 388.10 382.68 377.13 371.46 365.68 359.79 353.79 347.69 341.50 335.22 328.96 322.79 316.70 310.70 304.78 298.93 293.16 287.46 281.82 276.26 270.75 265.31 259.92 254.58
317.13 322.27 327.62 333.15 338.86 344.72 350.71 356.82 363.01 369.29 375.61 381.97 388.35 394.73 401.08 407.39 413.64 419.82 425.77 431.21 436.09 440.42 444.20 447.44 450.14 452.30 453.93 455.03 455.62 455.69 455.25 454.30 452.85 450.90 448.47 445.54 442.15 438.37 434.37 430.20 425.86 421.35 416.69 411.86 406.89 401.77 396.51 391.10 385.57 379.91 374.12 368.21 362.19 356.05 349.81 343.49 337.17 330.94 324.80 318.74 312.76 306.86 301.03 295.27 289.58 283.96 278.40 272.89 267.44 262.05 256.71
315.52 320.64 325.98 331.52 337.24 343.13 349.16 355.32 361.58 367.93 374.35 380.82 387.31 393.82 400.31 406.78 413.20 419.55 425.69 431.32 436.40 440.93 444.90 448.34 451.23 453.59 455.43 456.74 457.53 457.80 457.57 456.84 455.60 453.87 451.65 448.94 445.75 442.10 438.06 433.82 429.39 424.80 420.04 415.12 410.05 404.82 399.44 393.93 388.27 382.49 376.57 370.53 364.36 358.09 351.72 345.36 339.08 332.88 326.77 320.74 314.79 308.91 303.10 297.36 291.69 286.08 280.52 275.02 269.58 264.18 258.83
314.23 319.31 324.62 330.15 335.87 341.76 347.82 354.01 360.32 366.73 373.21 379.76 386.36 392.97 399.59 406.19 412.75 419.26 425.57 431.38 436.63 441.33 445.48 449.10 452.17 454.72 456.73 458.23 459.20 459.67 459.63 459.08 458.03 456.50 454.47 451.96 448.97 445.51 441.58 437.29 432.77 428.09 423.23 418.21 413.02 407.68 402.19 396.55 390.77 384.85 378.80 372.61 366.31 359.90 353.49 347.17 340.94 334.78 328.71 322.71 316.79 310.94 305.16 299.44 293.78 288.18 282.64 277.15 271.71 266.31 260.96
313.27 318.28 323.54 329.03 334.73 340.62 346.67 352.88 359.21 365.66 372.20 378.81 385.48 392.19 398.91 405.62 412.31 418.96 425.42 431.38 436.79 441.64 445.95 449.72 452.96 455.66 457.84 459.50 460.64 461.28 461.40 461.03 460.16 458.79 456.94 454.61 451.80 448.52 444.77 440.56 435.99 431.20 426.23 421.10 415.80 410.34 404.72 398.95 393.03 386.98 380.78 374.45 368.01 361.57 355.21 348.94 342.75 336.64 330.60 324.65 318.76 312.94 307.18 301.48 295.85 290.27 284.74 279.26 273.83 268.44 263.09
312.62 317.56 322.75 328.18 333.84 339.69 345.73 351.93 358.27 364.74 371.31 377.97 384.69 391.46 398.27 405.08 411.88 418.64 425.23 431.33 436.86 441.85 446.30 450.21 453.59 456.43 458.76 460.56 461.85 462.63 462.90 462.68 461.96 460.75 459.06 456.88 454.23 451.11 447.52 443.47 438.97 434.11 429.03 423.78 418.35 412.76 407.01 401.11 395.05 388.85 382.50 376.03 369.56 363.18 356.87 350.65 344.51 338.45 332.46 326.54 320.69 314.90 309.18 303.51 297.90 292.34 286.82 281.36 275.94 270.56 265.21
312.30 317.13 322.24 327.59 333.18 338.98 344.98 351.15 357.48 363.95 370.54 377.22 383.98 390.80 397.67 404.55 411.44 418.31 425.01 431.21 436.86 441.97 446.53 450.56 454.06 457.02 459.47 461.40 462.81 463.72 464.13 464.03 463.45 462.37 460.81 458.77 456.26 453.28 449.83 445.93 441.57 436.76 431.60 426.22 420.67 414.94 409.05 403.00 396.80 390.44 383.96 377.46 371.05 364.73 358.48 352.32 346.23 340.22 334.28 328.40 322.59 316.84 311.14 305.51 299.92 294.39 288.90 283.45 278.04 272.67 267.34
312.29 317.00 322.00 327.26 332.76 338.50 344.44 350.56 356.86 363.31 369.88 376.57 383.35 390.20 397.11 404.05 411.00 417.95 424.74 431.03 436.78 441.98 446.64 450.77 454.37 457.44 459.99 462.02 463.54 464.56 465.07 465.09 464.62 463.65 462.21 460.29 457.90 455.04 451.71 447.93 443.69 439.01 433.89 428.41 422.72 416.85 410.82 404.62 398.25 391.76 385.25 378.82 372.48 366.22 360.04 353.93 347.90 341.94 336.05 330.22 324.45 318.74 313.08 307.48 301.92 296.42 290.95 285.52 280.13 274.78 269.45
312.60 317.17 322.04 327.18 332.58 338.23 344.09 350.15 356.39 362.80 369.35 376.02 382.80 389.66 396.58 403.56 410.56 417.57 424.43 430.80 436.62 441.90 446.64 450.84 454.52 457.67 460.30 462.42 464.03 465.13 465.74 465.85 465.47 464.60 463.25 461.43 459.13 456.37 453.15 449.47 445.34 440.76 435.74 430.29 424.49 418.48 412.29 405.93 399.42 392.91 386.47 380.12 373.85 367.65 361.54 355.50 349.52 343.62 337.78 332.00 326.28 320.61 314.99 309.43 303.90 298.43 292.99 287.58 282.22 276.88 271.57
313.23 317.64 322.35 327.36 332.64 338.17 343.94 349.91 356.08 362.43 368.93 375.56 382.32 389.17 396.10 403.09 410.12 417.17 424.08 430.50 436.38 441.71 446.50 450.77 454.51 457.72 460.42 462.60 464.28 465.45 466.12 466.30 465.99 465.20 463.93 462.18 459.97 457.29 454.15 450.55 446.51 442.02 437.09 431.72 425.93 419.79 413.44 406.94 400.42 393.97 387.62 381.34 375.15 369.03 362.98 357.01 351.10 345.25 339.46 333.74 328.06 322.44 316.87 311.34 305.86 300.41 295.01 289.63 284.29 278.97 273.68
314.17 318.39 322.94 327.80 332.93 338.33 343.98 349.85 355.93 362.19 368.62 375.21 381.92 388.74 395.65 402.64 409.68 416.75 423.68 430.14 436.05 441.42 446.25 450.55 454.33 457.59 460.33 462.56 464.28 465.50 466.22 466.46 466.20 465.46 464.25 462.56 460.40 457.78 454.71 451.17 447.20 442.77 437.91 432.61 426.89 420.74 414.28 407.76 401.32 394.97 388.70 382.50 376.39 370.34 364.37 358.46 352.62 346.83 341.11 335.43 329.81 324.24 318.72 313.23 307.79 302.38 297.01 291.66 286.34 281.05 275.78
315.42 319.45 323.81 328.49 333.46 338.71 344.22 349.96 355.93 362.09 368.44 374.94 381.59 388.36 395.24 402.20 409.23 416.30 423.24 429.71 435.64 441.02 445.87 450.20 453.99 457.27 460.04 462.29 464.04 465.29 466.04 466.31 466.08 465.38 464.20 462.55 460.43 457.86 454.82 451.33 447.40 443.02 438.21 432.96 427.29 421.22 414.89 408.50 402.15 395.89 389.71 383.60 377.56 371.60 365.70 359.86 354.08 348.37 342.70 337.09 331.53 326.01 320.53 315.09 309.69 304.32 298.98 293.67 288.39 283.12 277.87
316.99 320.79 324.95 329.43 334.22 339.30 344.65 350.25 356.08 362.12 368.36 374.77 381.34 388.04 394.86 401.78 408.77 415.82 422.76 429.22 435.14 440.52 445.37 449.69 453.49 456.77 459.54 461.80 463.56 464.81 465.58 465.85 465.64 464.95 463.79 462.16 460.06 457.50 454.49 451.03 447.12 442.77 437.99 432.77 427.15 421.29 415.27 409.12 402.90 396.74 390.64 384.62 378.67 372.79 366.96 361.20 355.50 349.85 344.25 338.70 333.20 327.73 322.31 316.92 311.57 306.24 300.94 295.67 290.42 285.18 279.96
318.86 322.43 326.35 330.62 335.21 340.10 345.27 350.70 356.38 362.29 368.40 374.70 381.16 387.77 394.51 401.37 408.31 415.32 422.23 428.66 434.56 439.91 444.74 449.04 452.82 456.08 458.84 461.08 462.83 464.07 464.83 465.09 464.88 464.18 463.02 461.38 459.29 456.73 453.72 450.26 446.36 442.02 437.24 432.06 426.63 421.06 415.36 409.52 403.55 397.50 391.51 385.58 379.71 373.91 368.17 362.49 356.86 351.28 345.75 340.27 334.83 329.42 324.05 318.72 313.41 308.13 302.88 297.64 292.43 287.23 282.04
321.05 324.35 328.03 332.06 336.43 341.11 346.08 351.33 356.84 362.58 368.55 374.71 381.05 387.55 394.20 400.97 407.84 414.79 421.65 428.04 433.88 439.20 443.98 448.24 451.98 455.21 457.93 460.14 461.85 463.06 463.79 464.03 463.78 463.07 461.88 460.22 458.10 455.53 452.50 449.03 445.11 440.75 436.00 430.99 425.84 420.57 415.17 409.64 403.97 398.17 392.29 386.46 380.69 374.97 369.32 363.72 358.17 352.66 347.21 341.79 336.41 331.07 325.76 320.48 315.23 310.00 304.79 299.60 294.42 289.26 284.10
