data_processed/recharge/precip/Precip_1985_10.asc
ncols        168
nrows        136
xllcorner    455000
yllcorner    2107000
cellsize     500
NODATA_value     -99999
[rows 34 to 67 of 136, columns 0 to 76 of 168]
53.41 51.59 49.99 48.60 47.42 46.44 45.67 45.11 44.75 44.59 44.62 44.85 45.27 45.86 46.57 47.36 48.19 49.06 49.89 50.54 50.98 51.19 51.17 50.94 50.64 50.35 50.05 49.77 49.49 49.21 48.95 48.68 48.43 48.18 47.94 47.70 47.47 47.24 47.00 46.74 46.45 46.12 45.73 45.26 44.73 44.12 43.44 42.62 41.63 40.48 39.20 37.81 36.34 34.80 33.22 31.61 30.00 28.42 26.88 25.39 23.96 22.60 21.31 20.14 19.08 18.13 17.29 16.57 15.98 15.52 15.17 14.90 14.71 14.61 14.58 14.62 14.75
53.57 51.93 50.48 49.21 48.14 47.24 46.52 45.98 45.62 45.43 45.41 45.56 45.88 46.36 46.98 47.68 48.42 49.17 49.87 50.38 50.66 50.70 50.52 50.26 50.00 49.75 49.50 49.25 49.00 48.76 48.52 48.28 48.04 47.81 47.59 47.36 47.14 46.92 46.69 46.45 46.19 45.88 45.50 45.05 44.52 43.91 43.15 42.20 41.10 39.85 38.48 37.01 35.47 33.87 32.24 30.61 28.98 27.38 25.84 24.38 23.01 21.72 20.53 19.46 18.52 17.69 16.98 16.40 15.94 15.58 15.30 15.09 14.95 14.88 14.88 14.95 15.08
53.87 52.40 51.09 49.94 48.95 48.11 47.43 46.90 46.52 46.29 46.21 46.26 46.46 46.80 47.27 47.85 48.46 49.08 49.64 49.99 50.09 49.97 49.76 49.55 49.34 49.13 48.92 48.71 48.50 48.29 48.08 47.87 47.66 47.45 47.24 47.03 46.82 46.61 46.40 46.18 45.93 45.64 45.29 44.85 44.32 43.62 42.74 41.69 40.48 39.14 37.69 36.16 34.56 32.93 31.27 29.61 27.97 26.38 24.86 23.42 22.10 20.89 19.81 18.85 18.04 17.36 16.79 16.34 15.99 15.71 15.49 15.34 15.24 15.20 15.23 15.31 15.44
54.31 52.99 51.80 50.75 49.83 49.05 48.39 47.85 47.44 47.15 46.98 46.93 46.99 47.17 47.46 47.85 48.32 48.79 49.18 49.35 49.29 49.15 48.99 48.83 48.67 48.51 48.34 48.17 48.00 47.82 47.65 47.46 47.28 47.09 46.90 46.71 46.51 46.32 46.12 45.91 45.68 45.42 45.08 44.65 44.04 43.23 42.24 41.08 39.79 38.37 36.86 35.28 33.64 31.97 30.30 28.63 27.00 25.43 23.93 22.54 21.27 20.14 19.16 18.34 17.67 17.13 16.72 16.39 16.12 15.90 15.74 15.63 15.57 15.56 15.60 15.69 15.83
54.87 53.68 52.61 51.64 50.78 50.03 49.37 48.82 48.36 48.00 47.73 47.56 47.47 47.47 47.55 47.72 47.97 48.25 48.47 48.48 48.40 48.31 48.21 48.11 48.00 47.89 47.77 47.64 47.51 47.37 47.22 47.07 46.92 46.75 46.59 46.41 46.23 46.05 45.86 45.66 45.46 45.22 44.88 44.37 43.65 42.73 41.65 40.41 39.04 37.56 36.00 34.38 32.72 31.03 29.35 27.70 26.08 24.54 23.09 21.75 20.54 19.49 18.61 17.92 17.41 17.04 16.74 16.49 16.29 16.14 16.03 15.96 15.93 15.95 16.00 16.09 16.23
55.54 54.47 53.49 52.60 51.78 51.04 50.38 49.79 49.27 48.82 48.44 48.13 47.87 47.68 47.55 47.47 47.45 47.48 47.52 47.52 47.50 47.47 47.43 47.39 47.33 47.27 47.20 47.11 47.02 46.92 46.82 46.70 46.57 46.44 46.30 46.14 45.98 45.81 45.64 45.45 45.26 45.03 44.62 44.00 43.17 42.16 40.99 39.68 38.25 36.73 35.13 33.48 31.80 30.12 28.45 26.81 25.23 23.73 22.34 21.06 19.93 18.97 18.20 17.63 17.28 17.03 16.82 16.65 16.51 16.42 16.35 16.32 16.32 16.35 16.41 16.51 16.63
56.31 55.34 54.44 53.59 52.80 52.06 51.36 50.72 50.12 49.57 49.05 48.58 48.14 47.74 47.37 47.03 46.73 46.50 46.48 46.53 46.59 46.62 46.65 46.67 46.67 46.66 46.64 46.61 46.57 46.51 46.44 46.36 46.27 46.17 46.06 45.93 45.79 45.64 45.48 45.31 45.14 44.94 44.45 43.71 42.78 41.68 40.42 39.05 37.56 35.99 34.36 32.69 31.00 29.32 27.66 26.04 24.50 23.05 21.71 20.51 19.46 18.59 17.92 17.46 17.19 17.02 16.89 16.80 16.73 16.69 16.67 16.67 16.70 16.75 16.82 16.91 17.01
57.16 56.27 55.42 54.59 53.80 53.03 52.28 51.56 50.85 50.17 49.49 48.84 48.19 47.55 46.92 46.29 45.72 45.41 45.42 45.52 45.64 45.76 45.86 45.94 46.01 46.07 46.11 46.13 46.14 46.14 46.12 46.09 46.04 45.98 45.90 45.81 45.70 45.58 45.45 45.31 45.21 45.09 44.62 43.79 42.74 41.53 40.18 38.72 37.16 35.53 33.85 32.14 30.43 28.73 27.07 25.46 23.94 22.52 21.23 20.08 19.09 18.30 17.72 17.32 17.07 16.93 16.88 16.87 16.87 16.88 16.92 16.96 17.02 17.10 17.18 17.27 17.37
58.07 57.23 56.40 55.57 54.75 53.92 53.10 52.26 51.43 50.58 49.72 48.85 47.97 47.07 46.15 45.26 44.62 44.33 44.36 44.50 44.67 44.87 45.05 45.21 45.35 45.48 45.59 45.68 45.75 45.81 45.85 45.87 45.87 45.86 45.83 45.78 45.71 45.63 45.53 45.48 45.48 45.44 45.04 44.20 43.05 41.72 40.26 38.69 37.05 35.34 33.60 31.83 30.08 28.34 26.66 25.05 23.53 22.12 20.85 19.74 18.81 18.07 17.53 17.14 16.91 16.80 16.78 16.84 16.92 17.00 17.09 17.19 17.29 17.39 17.49 17.60 17.70
59.01 58.19 57.36 56.50 55.62 54.71 53.78 52.81 51.82 50.78 49.72 48.61 47.46 46.27 45.09 44.13 43.51 43.26 43.32 43.49 43.71 43.95 44.22 44.47 44.69 44.90 45.09 45.25 45.40 45.52 45.63 45.71 45.77 45.81 45.84 45.84 45.82 45.79 45.79 45.85 45.94 45.97 45.63 44.83 43.66 42.21 40.62 38.94 37.19 35.38 33.56 31.72 29.90 28.12 26.40 24.77 23.23 21.82 20.56 19.47 18.57 17.85 17.31 16.94 16.72 16.63 16.63 16.72 16.87 17.03 17.19 17.34 17.48 17.62 17.75 17.88 17.99
59.95 59.13 58.27 57.35 56.39 55.37 54.30 53.18 51.99 50.75 49.44 48.07 46.63 45.18 43.93 43.00 42.43 42.21 42.30 42.51 42.76 43.05 43.38 43.71 44.03 44.33 44.60 44.85 45.07 45.27 45.45 45.61 45.74 45.84 45.93 45.99 46.03 46.11 46.23 46.39 46.56 46.66 46.36 45.59 44.43 42.95 41.24 39.42 37.54 35.63 33.70 31.78 29.88 28.03 26.26 24.58 23.02 21.59 20.32 19.23 18.33 17.62 17.08 16.71 16.51 16.43 16.45 16.56 16.74 16.97 17.19 17.41 17.61 17.79 17.96 18.10 18.23
60.85 60.01 59.09 58.09 57.02 55.87 54.64 53.32 51.93 50.44 48.87 47.20 45.51 43.99 42.78 41.90 41.36 41.18 41.31 41.55 41.84 42.18 42.55 42.96 43.37 43.76 44.13 44.47 44.78 45.07 45.33 45.56 45.77 45.95 46.10 46.24 46.40 46.61 46.84 47.09 47.34 47.49 47.22 46.47 45.32 43.82 42.05 40.10 38.08 36.04 33.99 31.96 29.97 28.05 26.20 24.46 22.85 21.38 20.09 18.99 18.08 17.36 16.82 16.46 16.27 16.21 16.25 16.37 16.56 16.82 17.11 17.40 17.66 17.89 18.10 18.27 18.42
61.58 60.79 59.80 58.70 57.49 56.17 54.75 53.23 51.59 49.84 47.97 46.05 44.29 42.82 41.65 40.82 40.32 40.18 40.34 40.62 40.96 41.34 41.76 42.22 42.71 43.20 43.67 44.11 44.52 44.90 45.25 45.57 45.86 46.12 46.36 46.63 46.93 47.26 47.60 47.93 48.24 48.43 48.19 47.45 46.29 44.77 42.96 40.93 38.78 36.59 34.41 32.25 30.15 28.12 26.19 24.37 22.69 21.18 19.85 18.73 17.81 17.09 16.55 16.20 16.02 15.97 16.01 16.15 16.35 16.62 16.95 17.29 17.62 17.91 18.17 18.38 18.56
62.06 61.36 60.36 59.13 57.76 56.26 54.62 52.86 50.95 48.91 46.78 44.80 43.09 41.67 40.56 39.77 39.32 39.21 39.41 39.73 40.11 40.54 41.02 41.53 42.08 42.65 43.22 43.77 44.28 44.76 45.21 45.63 46.01 46.37 46.75 47.17 47.61 48.06 48.49 48.89 49.25 49.47 49.24 48.51 47.33 45.78 43.92 41.83 39.57 37.23 34.90 32.61 30.38 28.23 26.19 24.28 22.52 20.96 19.61 18.47 17.54 16.80 16.26 15.91 15.74 15.70 15.76 15.90 16.12 16.40 16.74 17.11 17.50 17.85 18.16 18.43 18.64
62.29 61.64 60.66 59.36 57.82 56.10 54.22 52.18 49.99 47.68 45.50 43.57 41.92 40.56 39.50 38.76 38.35 38.29 38.53 38.89 39.31 39.79 40.32 40.89 41.50 42.13 42.79 43.44 44.07 44.66 45.22 45.74 46.24 46.75 47.29 47.85 48.42 48.96 49.48 49.95 50.35 50.59 50.37 49.62 48.41 46.82 44.90 42.74 40.40 37.94 35.45 33.00 30.62 28.34 26.18 24.16 22.34 20.74 19.37 18.20 17.25 16.51 15.96 15.62 15.45 15.42 15.48 15.64 15.86 16.16 16.50 16.88 17.29 17.71 18.08 18.40 18.65
62.26 61.61 60.62 59.28 57.60 55.66 53.51 51.18 48.72 46.37 44.25 42.38 40.79 39.49 38.48 37.79 37.43 37.41 37.69 38.09 38.56 39.09 39.67 40.30 40.97 41.67 42.40 43.15 43.89 44.60 45.27 45.91 46.57 47.25 47.95 48.65 49.33 49.97 50.56 51.08 51.51 51.76 51.53 50.76 49.52 47.88 45.90 43.65 41.21 38.63 36.00 33.39 30.85 28.42 26.12 24.02 22.16 20.53 19.12 17.93 16.97 16.21 15.66 15.31 15.15 15.12 15.19 15.35 15.59 15.89 16.24 16.63 17.05 17.49 17.91 18.29 18.60
61.97 61.29 60.23 58.81 57.03 54.90 52.47 49.88 47.37 45.08 43.03 41.24 39.71 38.46 37.51 36.87 36.55 36.58 36.90 37.35 37.87 38.45 39.09 39.78 40.51 41.28 42.08 42.90 43.74 44.57 45.38 46.19 47.03 47.88 48.73 49.55 50.33 51.05 51.70 52.26 52.71 52.97 52.72 51.92 50.64 48.93 46.87 44.53 41.98 39.29 36.51 33.74 31.02 28.43 26.04 23.89 21.98 20.31 18.87 17.66 16.68 15.90 15.34 14.99 14.83 14.81 14.89 15.05 15.29 15.60 15.96 16.35 16.78 17.22 17.67 18.10 18.46
61.41 60.65 59.50 57.95 56.03 53.73 51.12 48.50 46.06 43.85 41.87 40.14 38.67 37.48 36.59 36.00 35.73 35.81 36.17 36.67 37.23 37.87 38.57 39.32 40.12 40.96 41.83 42.73 43.65 44.59 45.57 46.58 47.60 48.60 49.58 50.52 51.40 52.19 52.90 53.49 53.95 54.19 53.92 53.08 51.74 49.96 47.81 45.37 42.70 39.87 36.95 34.01 31.13 28.42 25.97 23.77 21.82 20.11 18.64 17.40 16.39 15.60 15.03 14.67 14.51 14.49 14.57 14.74 14.98 15.29 15.65 16.06 16.49 16.93 17.39 17.83 18.22
60.58 59.70 58.41 56.70 54.60 52.15 49.62 47.14 44.80 42.66 40.75 39.09 37.69 36.56 35.73 35.19 34.98 35.10 35.51 36.05 36.67 37.36 38.12 38.93 39.80 40.71 41.66 42.63 43.65 44.72 45.87 47.06 48.25 49.40 50.51 51.55 52.51 53.37 54.11 54.72 55.19 55.41 55.11 54.21 52.80 50.94 48.70 46.14 43.34 40.37 37.29 34.19 31.20 28.42 25.91 23.66 21.66 19.91 18.40 17.14 16.10 15.30 14.71 14.35 14.19 14.17 14.25 14.42 14.66 14.97 15.33 15.74 16.17 16.62 17.08 17.50 17.86
59.47 58.43 56.96 55.05 52.79 50.41 48.06 45.77 43.57 41.52 39.69 38.10 36.76 35.70 34.93 34.45 34.29 34.45 34.91 35.50 36.18 36.93 37.74 38.62 39.56 40.54 41.57 42.63 43.78 45.01 46.30 47.63 48.97 50.26 51.48 52.61 53.64 54.56 55.33 55.96 56.41 56.61 56.25 55.30 53.81 51.86 49.51 46.83 43.89 40.76 37.53 34.34 31.30 28.46 25.88 23.57 21.52 19.73 18.18 16.88 15.82 15.00 14.40 14.03 13.86 13.84 13.92 14.09 14.33 14.64 15.00 15.41 15.84 16.29 16.72 17.10 17.42
58.08 56.85 55.15 53.07 50.85 48.64 46.48 44.37 42.35 40.44 38.69 37.17 35.91 34.91 34.20 33.78 33.67 33.89 34.39 35.04 35.76 36.57 37.45 38.40 39.40 40.46 41.57 42.77 44.06 45.43 46.85 48.29 49.74 51.15 52.47 53.69 54.79 55.74 56.54 57.17 57.60 57.76 57.35 56.32 54.74 52.69 50.22 47.41 44.32 41.05 37.74 34.52 31.45 28.56 25.90 23.50 21.40 19.56 17.98 16.64 15.55 14.71 14.09 13.71 13.54 13.51 13.59 13.75 13.99 14.30 14.66 15.06 15.49 15.92 16.30 16.64 16.92
56.41 54.94 53.04 50.99 48.94 46.90 44.90 42.97 41.12 39.37 37.75 36.32 35.12 34.19 33.54 33.18 33.13 33.40 33.96 34.65 35.44 36.30 37.25 38.26 39.34 40.48 41.72 43.07 44.49 45.98 47.51 49.05 50.57 52.06 53.47 54.77 55.92 56.90 57.71 58.33 58.73 58.84 58.36 57.25 55.58 53.41 50.81 47.86 44.63 41.30 38.00 34.77 31.67 28.73 26.00 23.51 21.31 19.41 17.78 16.42 15.30 14.43 13.79 13.40 13.22 13.19 13.25 13.41 13.65 13.95 14.31 14.71 15.11 15.48 15.82 16.12 16.38
54.45 52.76 50.89 48.99 47.09 45.20 43.37 41.59 39.90 38.31 36.84 35.53 34.42 33.55 32.97 32.67 32.67 33.00 33.61 34.35 35.20 36.13 37.14 38.22 39.38 40.65 42.03 43.51 45.06 46.65 48.26 49.88 51.46 53.00 54.47 55.82 57.01 58.02 58.83 59.43 59.79 59.84 59.28 58.08 56.30 54.01 51.27 48.19 44.92 41.62 38.33 35.10 31.97 28.99 26.19 23.61 21.30 19.30 17.61 16.21 15.06 14.16 13.51 13.09 12.91 12.86 12.93 13.08 13.31 13.61 13.95 14.32 14.67 14.99 15.29 15.56 15.79
52.27 50.58 48.85 47.09 45.33 43.59 41.90 40.27 38.72 37.27 35.96 34.79 33.78 33.00 32.48 32.24 32.31 32.69 33.35 34.15 35.06 36.05 37.13 38.29 39.57 40.98 42.49 44.08 45.73 47.41 49.10 50.77 52.41 53.98 55.46 56.83 58.05 59.07 59.87 60.44 60.75 60.73 60.09 58.78 56.88 54.46 51.60 48.49 45.27 42.02 38.75 35.53 32.38 29.35 26.49 23.82 21.41 19.28 17.48 16.02 14.83 13.91 13.23 12.80 12.60 12.55 12.60 12.75 12.97 13.25 13.57 13.88 14.17 14.46 14.72 14.96 15.18
50.12 48.56 46.95 45.33 43.70 42.09 40.53 39.03 37.61 36.30 35.12 34.08 33.21 32.53 32.08 31.91 32.03 32.47 33.19 34.05 35.01 36.07 37.23 38.51 39.93 41.47 43.09 44.78 46.51 48.26 50.01 51.72 53.38 54.97 56.45 57.81 59.01 60.03 60.82 61.34 61.59 61.49 60.75 59.34 57.31 54.77 51.90 48.87 45.72 42.51 39.28 36.06 32.90 29.83 26.91 24.17 21.66 19.41 17.47 15.87 14.63 13.67 12.97 12.53 12.31 12.25 12.29 12.42 12.63 12.88 13.13 13.39 13.64 13.89 14.12 14.34 14.55
48.17 46.72 45.24 43.73 42.22 40.73 39.29 37.91 36.61 35.42 34.36 33.44 32.69 32.13 31.78 31.68 31.86 32.36 33.13 34.05 35.08 36.22 37.49 38.91 40.45 42.09 43.81 45.58 47.38 49.18 50.97 52.71 54.38 55.96 57.43 58.76 59.92 60.89 61.64 62.12 62.30 62.11 61.26 59.72 57.58 55.05 52.29 49.35 46.29 43.13 39.93 36.72 33.54 30.45 27.48 24.66 22.05 19.69 17.61 15.86 14.48 13.46 12.74 12.27 12.04 11.96 11.99 12.11 12.27 12.46 12.66 12.86 13.08 13.29 13.50 13.71 13.91
46.45 45.11 43.73 42.33 40.93 39.55 38.21 36.94 35.75 34.66 33.70 32.89 32.25 31.80 31.55 31.54 31.80 32.35 33.18 34.17 35.27 36.52 37.92 39.46 41.11 42.84 44.64 46.48 48.33 50.17 51.97 53.72 55.39 56.95 58.38 59.66 60.77 61.67 62.34 62.75 62.85 62.56 61.60 59.95 57.84 55.43 52.79 49.96 46.97 43.88 40.71 37.52 34.34 31.22 28.20 25.31 22.61 20.14 17.93 16.03 14.47 13.31 12.52 12.03 11.78 11.69 11.70 11.77 11.87 12.00 12.15 12.31 12.49 12.68 12.87 13.07 13.27
45.00 43.75 42.47 41.16 39.85 38.56 37.32 36.14 35.05 34.06 33.19 32.48 31.93 31.57 31.42 31.50 31.84 32.46 33.35 34.41 35.62 36.99 38.52 40.16 41.90 43.71 45.57 47.45 49.33 51.19 53.00 54.74 56.39 57.92 59.30 60.51 61.54 62.35 62.92 63.22 63.22 62.82 61.76 60.16 58.20 55.95 53.43 50.71 47.81 44.77 41.65 38.48 35.30 32.16 29.09 26.15 23.36 20.78 18.44 16.39 14.66 13.31 12.37 11.82 11.55 11.43 11.40 11.40 11.44 11.52 11.62 11.74 11.89 12.06 12.24 12.43 12.63
43.84 42.68 41.47 40.24 39.02 37.81 36.65 35.55 34.54 33.63 32.85 32.21 31.75 31.47 31.41 31.58 31.99 32.69 33.65 34.81 36.15 37.64 39.26 40.99 42.80 44.67 46.57 48.49 50.39 52.25 54.05 55.77 57.37 58.84 60.16 61.29 62.22 62.92 63.37 63.54 63.41 62.90 61.90 60.48 58.70 56.60 54.22 51.60 48.79 45.83 42.75 39.61 36.43 33.28 30.17 27.17 24.30 21.62 19.16 16.96 15.07 13.53 12.38 11.66 11.33 11.17 11.07 11.01 10.99 11.01 11.07 11.17 11.29 11.44 11.62 11.81 12.02
42.94 41.84 40.71 39.55 38.40 37.26 36.17 35.15 34.20 33.37 32.66 32.10 31.71 31.50 31.51 31.75 32.24 33.01 34.07 35.36 36.81 38.40 40.10 41.90 43.77 45.68 47.61 49.54 51.44 53.29 55.07 56.74 58.29 59.70 60.93 61.97 62.79 63.36 63.67 63.69 63.40 62.84 62.01 60.80 59.20 57.26 55.02 52.53 49.81 46.93 43.91 40.80 37.64 34.47 31.34 28.28 25.35 22.57 20.00 17.66 15.62 13.90 12.55 11.62 11.17 10.94 10.76 10.64 10.57 10.54 10.57 10.63 10.73 10.87 11.04 11.24 11.46
42.15 41.12 40.05 38.96 37.87 36.81 35.79 34.83 33.96 33.19 32.55 32.06 31.73 31.60 31.68 31.99 32.55 33.41 34.57 35.95 37.50 39.18 40.96 42.81 44.72 46.67 48.62 50.55 52.44 54.26 55.99 57.62 59.10 60.42 61.56 62.49 63.18 63.62 63.78 63.64 63.23 62.60 61.80 60.77 59.37 57.61 55.53 53.17 50.58 47.78 44.84 41.78 38.65 35.49 32.35 29.26 26.27 23.41 20.74 18.29 16.11 14.23 12.70 11.65 11.13 10.83 10.58 10.40 10.27 10.20 10.19 10.22 10.30 10.43 10.59 10.80 11.03
41.44 40.48 39.48 38.45 37.43 36.43 35.47 34.58 33.77 33.07 32.50 32.07 31.82 31.75 31.89 32.28 32.93 33.89 35.12 36.58 38.21 39.97 41.81 43.71 45.65 47.61 49.57 51.49 53.35 55.14 56.82 58.38 59.78 61.01 62.04 62.85 63.41 63.70 63.70 63.44 62.95 62.25 61.39 60.39 59.18 57.61 55.71 53.50 51.04 48.36 45.50 42.51 39.43 36.30 33.16 30.06 27.03 24.12 21.36 18.81 16.51 14.49 12.88 11.80 11.22 10.85 10.54 10.29 10.11 10.00 9.94 9.95 10.00 10.11 10.27 10.48 10.72
40.82 39.92 38.98 38.02 37.06 36.12 35.23 34.40 33.65 33.01 32.50 32.14 31.95 31.95 32.16 32.64 33.40 34.43 35.72 37.25 38.95 40.77 42.66 44.60 46.56 48.53 50.47 52.37 54.20 55.94 57.56 59.04 60.35 61.48 62.39 63.06 63.48 63.61 63.48 63.13 62.56 61.79 60.87 59.82 58.65 57.26 55.55 53.51 51.20 48.65 45.90 43.00 39.98 36.90 33.78 30.68 27.63 24.68 21.87 19.23 16.83 14.77 13.16 12.05 11.43 11.00 10.63 10.32 10.08 9.92 9.82 9.79 9.83 9.92 10.07 10.27 10.53
40.28 39.44 38.56 37.65 36.75 35.88 35.04 34.27 33.59 33.01 32.56 32.26 32.13 32.20 32.51 33.09 33.93 35.02 36.36 37.94 39.70 41.58 43.52 45.49 47.46 49.42 51.35 53.21 54.99 56.67 58.21 59.60 60.81 61.82 62.60 63.13 63.39 63.39 63.17 62.73 62.08 61.25 60.27 59.17 57.94 56.60 55.06 53.22 51.07 48.67 46.05 43.25 40.32 37.30 34.22 31.14 28.09 25.12 22.26 19.57 17.16 15.13 13.53 12.41 11.74 11.25 10.83 10.46 10.17 9.95 9.81 9.75 9.76 9.83 9.97 10.18 10.44
