data_processed/recharge/precip/Precip_2005_04.asc
ncols        168
nrows        136
xllcorner    455000
yllcorner    2107000
cellsize     500
NODATA_value     -99999
[rows 0 to 33 of 136, columns 0 to 76 of 168]
3.27 4.85 6.39 7.85 9.24 10.53 11.70 12.73 13.60 14.28 14.78 15.09 15.19 15.07 14.73 14.27 13.79 13.30 12.82 12.34 11.85 11.36 10.87 10.37 9.88 9.38 8.89 8.41 7.93 7.45 6.98 6.53 6.07 5.63 5.20 4.78 4.37 3.98 3.60 3.23 2.87 2.54 2.22 1.91 1.63 1.36 1.11 0.89 0.68 0.50 0.34 0.21 0.10 0.01 0.00 0.00 0.00 0.00 0.00 0.08 0.18 0.31 0.46 0.63 0.83 1.07 1.34 1.65 2.00 2.36 2.72 3.10 3.47 3.85 4.23 4.61 5.00
3.90 5.52 7.08 8.58 9.99 11.29 12.46 13.47 14.32 14.99 15.47 15.76 15.84 15.71 15.37 14.88 14.39 13.90 13.41 12.91 12.42 11.92 11.42 10.92 10.41 9.90 9.40 8.90 8.41 7.92 7.44 6.97 6.51 6.06 5.62 5.19 4.77 4.37 3.98 3.60 3.24 2.90 2.57 2.26 1.97 1.70 1.45 1.22 1.01 0.82 0.66 0.52 0.41 0.32 0.26 0.23 0.22 0.25 0.30 0.37 0.47 0.58 0.72 0.88 1.08 1.31 1.58 1.89 2.24 2.60 2.97 3.34 3.72 4.10 4.48 4.86 5.25
4.61 6.26 7.85 9.37 10.79 12.09 13.24 14.24 15.06 15.72 16.18 16.46 16.53 16.39 16.02 15.53 15.03 14.52 14.02 13.52 13.01 12.51 12.00 11.49 10.97 10.46 9.94 9.43 8.92 8.43 7.94 7.46 6.98 6.52 6.07 5.63 5.21 4.79 4.39 4.01 3.64 3.29 2.96 2.64 2.34 2.07 1.81 1.58 1.36 1.17 1.01 0.87 0.75 0.66 0.60 0.57 0.56 0.58 0.62 0.68 0.76 0.86 0.99 1.15 1.34 1.57 1.83 2.15 2.50 2.86 3.23 3.60 3.98 4.36 4.74 5.13 5.51
5.38 7.06 8.68 10.21 11.63 12.91 14.04 15.02 15.83 16.47 16.92 17.18 17.24 17.08 16.71 16.20 15.69 15.17 14.66 14.15 13.64 13.12 12.61 12.09 11.57 11.05 10.52 10.00 9.48 8.97 8.47 7.98 7.49 7.02 6.56 6.11 5.68 5.25 4.85 4.45 4.08 3.72 3.38 3.06 2.75 2.47 2.21 1.97 1.75 1.56 1.39 1.24 1.13 1.03 0.97 0.93 0.92 0.93 0.96 1.00 1.06 1.15 1.27 1.42 1.61 1.83 2.10 2.41 2.77 3.13 3.50 3.87 4.25 4.63 5.02 5.40 5.79
6.22 7.93 9.56 11.08 12.48 13.75 14.86 15.82 16.62 17.24 17.68 17.92 17.97 17.80 17.41 16.90 16.37 15.85 15.33 14.81 14.29 13.77 13.25 12.73 12.20 11.67 11.14 10.61 10.08 9.56 9.04 8.54 8.04 7.56 7.09 6.63 6.18 5.75 5.34 4.93 4.55 4.18 3.84 3.51 3.20 2.91 2.64 2.40 2.17 1.98 1.80 1.65 1.53 1.44 1.37 1.33 1.31 1.30 1.30 1.33 1.38 1.46 1.57 1.71 1.89 2.11 2.38 2.69 3.05 3.41 3.78 4.16 4.54 4.92 5.31 5.70 6.08
7.12 8.84 10.47 11.97 13.36 14.60 15.70 16.64 17.42 18.03 18.46 18.69 18.72 18.54 18.14 17.61 17.08 16.54 16.02 15.49 14.96 14.44 13.91 13.39 12.86 12.33 11.79 11.26 10.72 10.18 9.65 9.14 8.63 8.14 7.65 7.18 6.73 6.29 5.86 5.45 5.06 4.68 4.33 3.99 3.68 3.38 3.11 2.86 2.63 2.43 2.25 2.10 1.97 1.87 1.80 1.74 1.70 1.67 1.66 1.67 1.71 1.78 1.88 2.01 2.19 2.41 2.67 2.98 3.34 3.71 4.08 4.46 4.84 5.22 5.61 6.00 6.39
8.07 9.78 11.39 12.88 14.24 15.47 16.55 17.48 18.25 18.84 19.25 19.47 19.49 19.30 18.89 18.35 17.80 17.26 16.73 16.19 15.66 15.13 14.60 14.07 13.54 13.00 12.47 11.93 11.39 10.84 10.30 9.78 9.26 8.75 8.26 7.78 7.31 6.86 6.42 6.00 5.60 5.22 4.86 4.51 4.19 3.89 3.61 3.35 3.12 2.91 2.73 2.57 2.44 2.34 2.25 2.17 2.11 2.06 2.03 2.03 2.05 2.11 2.20 2.33 2.50 2.71 2.97 3.29 3.64 4.01 4.39 4.77 5.15 5.54 5.93 6.32 6.71
9.04 10.73 12.32 13.79 15.14 16.35 17.42 18.33 19.08 19.66 20.06 20.27 20.27 20.07 19.65 19.11 18.55 18.00 17.46 16.92 16.38 15.84 15.31 14.77 14.24 13.71 13.17 12.63 12.09 11.54 10.99 10.45 9.92 9.40 8.90 8.41 7.93 7.47 7.02 6.60 6.18 5.79 5.42 5.07 4.74 4.43 4.14 3.88 3.64 3.43 3.24 3.08 2.94 2.82 2.71 2.61 2.52 2.45 2.41 2.39 2.40 2.45 2.53 2.65 2.81 3.03 3.29 3.60 3.96 4.33 4.71 5.09 5.48 5.87 6.26 6.65 7.04
10.02 11.69 13.26 14.72 16.05 17.25 18.30 19.20 19.94 20.50 20.89 21.08 21.08 20.86 20.44 19.88 19.32 18.76 18.21 17.66 17.12 16.58 16.04 15.50 14.97 14.43 13.89 13.35 12.81 12.27 11.72 11.17 10.63 10.10 9.58 9.08 8.59 8.12 7.66 7.22 6.80 6.40 6.02 5.66 5.32 5.01 4.71 4.44 4.20 3.98 3.79 3.62 3.46 3.31 3.18 3.05 2.95 2.86 2.80 2.77 2.77 2.80 2.87 2.98 3.14 3.35 3.61 3.93 4.29 4.66 5.04 5.43 5.81 6.20 6.60 6.99 7.38
11.01 12.66 14.22 15.66 16.97 18.15 19.19 20.07 20.80 21.35 21.72 21.91 21.89 21.67 21.23 20.67 20.10 19.53 18.98 18.42 17.88 17.33 16.79 16.25 15.71 15.17 14.64 14.10 13.56 13.02 12.47 11.92 11.37 10.83 10.30 9.78 9.29 8.80 8.34 7.89 7.46 7.05 6.66 6.29 5.94 5.62 5.32 5.04 4.79 4.57 4.37 4.18 3.99 3.82 3.66 3.51 3.38 3.28 3.20 3.15 3.14 3.16 3.22 3.33 3.48 3.69 3.95 4.27 4.63 5.00 5.39 5.77 6.16 6.55 6.95 7.34 7.73
12.00 13.64 15.18 16.60 17.90 19.06 20.09 20.96 21.67 22.21 22.57 22.75 22.72 22.49 22.04 21.47 20.89 20.32 19.76 19.20 18.65 18.10 17.56 17.02 16.48 15.94 15.40 14.86 14.33 13.79 13.24 12.70 12.15 11.60 11.06 10.53 10.02 9.53 9.05 8.59 8.15 7.73 7.33 6.96 6.60 6.27 5.96 5.68 5.42 5.19 4.96 4.74 4.53 4.33 4.14 3.97 3.83 3.70 3.61 3.55 3.52 3.53 3.58 3.68 3.83 4.04 4.29 4.61 4.98 5.36 5.74 6.13 6.52 6.91 7.31 7.70 8.10
13.00 14.62 16.14 17.55 18.83 19.98 20.99 21.85 22.55 23.08 23.43 23.60 23.56 23.32 22.86 22.28 21.70 21.12 20.56 19.99 19.44 18.89 18.34 17.80 17.26 16.72 16.18 15.65 15.11 14.57 14.04 13.50 12.95 12.41 11.86 11.32 10.80 10.29 9.80 9.33 8.88 8.45 8.05 7.66 7.30 6.96 6.64 6.35 6.08 5.82 5.57 5.32 5.08 4.85 4.64 4.45 4.28 4.14 4.03 3.95 3.91 3.91 3.96 4.05 4.19 4.39 4.65 4.97 5.34 5.72 6.10 6.50 6.89 7.28 7.68 8.08 8.48
13.99 15.60 17.11 18.50 19.77 20.91 21.90 22.75 23.44 23.96 24.30 24.45 24.41 24.16 23.70 23.11 22.52 21.94 21.36 20.80 20.24 19.69 19.14 18.59 18.05 17.52 16.98 16.45 15.91 15.38 14.85 14.31 13.78 13.24 12.69 12.15 11.61 11.09 10.59 10.11 9.65 9.21 8.80 8.40 8.03 7.68 7.35 7.05 6.76 6.47 6.18 5.90 5.63 5.38 5.14 4.93 4.74 4.58 4.45 4.36 4.31 4.30 4.34 4.42 4.56 4.76 5.02 5.34 5.71 6.09 6.48 6.87 7.27 7.67 8.07 8.46 8.86
14.99 16.59 18.08 19.45 20.71 21.83 22.82 23.66 24.33 24.84 25.17 25.32 25.26 25.01 24.54 23.94 23.35 22.76 22.18 21.61 21.05 20.50 19.95 19.40 18.86 18.33 17.79 17.26 16.73 16.20 15.68 15.15 14.62 14.08 13.55 13.01 12.47 11.94 11.43 10.93 10.46 10.01 9.58 9.18 8.80 8.44 8.10 7.77 7.45 7.12 6.80 6.49 6.19 5.91 5.65 5.42 5.21 5.03 4.89 4.78 4.72 4.70 4.72 4.80 4.94 5.13 5.39 5.71 6.08 6.47 6.86 7.26 7.66 8.06 8.46 8.86 9.26
15.99 17.57 19.05 20.41 21.65 22.76 23.74 24.56 25.23 25.73 26.05 26.18 26.12 25.86 25.38 24.78 24.18 23.59 23.01 22.44 21.87 21.32 20.77 20.22 19.68 19.15 18.62 18.09 17.57 17.04 16.52 15.99 15.47 14.95 14.42 13.89 13.35 12.82 12.30 11.79 11.31 10.85 10.41 10.00 9.60 9.23 8.87 8.50 8.14 7.78 7.43 7.09 6.76 6.46 6.17 5.92 5.69 5.49 5.33 5.21 5.13 5.10 5.12 5.20 5.33 5.52 5.77 6.10 6.47 6.86 7.26 7.65 8.05 8.46 8.86 9.26 9.67
16.99 18.55 20.01 21.36 22.59 23.69 24.66 25.47 26.12 26.61 26.93 27.05 26.99 26.72 26.23 25.63 25.02 24.43 23.84 23.27 22.70 22.15 21.60 21.05 20.52 19.98 19.46 18.93 18.41 17.89 17.37 16.86 16.34 15.82 15.31 14.78 14.26 13.73 13.21 12.69 12.20 11.73 11.28 10.85 10.45 10.05 9.64 9.24 8.84 8.45 8.06 7.69 7.34 7.01 6.70 6.42 6.17 5.96 5.78 5.65 5.56 5.52 5.53 5.59 5.72 5.91 6.16 6.49 6.87 7.26 7.66 8.06 8.46 8.87 9.27 9.68 10.08
17.98 19.53 20.98 22.32 23.53 24.62 25.57 26.38 27.02 27.50 27.81 27.93 27.85 27.57 27.09 26.48 25.87 25.27 24.68 24.11 23.54 22.98 22.43 21.89 21.36 20.83 20.30 19.78 19.27 18.75 18.24 17.73 17.22 16.72 16.21 15.70 15.18 14.67 14.15 13.63 13.13 12.64 12.18 11.74 11.30 10.86 10.42 9.98 9.54 9.12 8.70 8.30 7.92 7.56 7.23 6.93 6.66 6.43 6.24 6.09 5.99 5.94 5.94 6.00 6.12 6.31 6.56 6.89 7.27 7.67 8.07 8.47 8.88 9.29 9.69 10.10 10.51
18.97 20.50 21.94 23.26 24.47 25.55 26.49 27.28 27.92 28.39 28.69 28.80 28.72 28.44 27.94 27.33 26.72 26.12 25.53 24.95 24.38 23.82 23.28 22.74 22.20 21.68 21.16 20.64 20.13 19.62 19.12 18.62 18.12 17.62 17.12 16.62 16.12 15.62 15.11 14.60 14.09 13.60 13.12 12.65 12.17 11.69 11.21 10.73 10.26 9.80 9.35 8.92 8.51 8.13 7.77 7.45 7.16 6.91 6.70 6.54 6.42 6.36 6.36 6.41 6.53 6.72 6.97 7.30 7.68 8.08 8.48 8.89 9.30 9.71 10.12 10.53 10.94
19.95 21.47 22.89 24.20 25.40 26.47 27.40 28.18 28.81 29.27 29.56 29.67 29.58 29.30 28.80 28.18 27.56 26.96 26.37 25.79 25.23 24.67 24.12 23.58 23.05 22.53 22.02 21.51 21.00 20.50 20.00 19.51 19.02 18.53 18.04 17.55 17.07 16.58 16.08 15.59 15.09 14.59 14.08 13.56 13.04 12.52 12.00 11.48 10.97 10.48 10.00 9.54 9.11 8.70 8.32 7.97 7.66 7.39 7.17 6.99 6.87 6.80 6.78 6.83 6.95 7.13 7.38 7.71 8.10 8.50 8.91 9.32 9.73 10.15 10.56 10.97 11.38
20.92 22.43 23.84 25.14 26.32 27.38 28.30 29.08 29.70 30.15 30.44 30.54 30.45 30.15 29.65 29.03 28.41 27.81 27.22 26.64 26.07 25.52 24.97 24.44 23.91 23.39 22.88 22.38 21.88 21.38 20.90 20.41 19.93 19.45 18.97 18.50 18.02 17.55 17.07 16.59 16.10 15.59 15.04 14.48 13.91 13.35 12.79 12.24 11.69 11.17 10.66 10.17 9.70 9.27 8.87 8.50 8.17 7.89 7.65 7.46 7.32 7.24 7.22 7.26 7.37 7.55 7.80 8.14 8.53 8.93 9.34 9.76 10.17 10.59 11.00 11.42 11.83
21.87 23.37 24.77 26.06 27.23 28.28 29.20 29.96 30.58 31.03 31.30 31.40 31.30 31.01 30.50 29.88 29.26 28.65 28.06 27.48 26.92 26.36 25.82 25.29 24.77 24.25 23.75 23.25 22.76 22.27 21.79 21.32 20.85 20.38 19.91 19.45 18.99 18.52 18.06 17.59 17.10 16.57 16.00 15.40 14.79 14.19 13.59 13.00 12.42 11.86 11.32 10.80 10.31 9.85 9.42 9.03 8.69 8.38 8.13 7.92 7.77 7.68 7.66 7.69 7.80 7.98 8.23 8.57 8.96 9.37 9.78 10.20 10.62 11.04 11.46 11.87 12.29
22.82 24.31 25.69 26.97 28.14 29.18 30.08 30.84 31.45 31.89 32.16 32.25 32.15 31.85 31.35 30.72 30.10 29.49 28.90 28.32 27.76 27.21 26.67 26.14 25.62 25.11 24.62 24.12 23.64 23.16 22.69 22.23 21.77 21.31 20.86 20.41 19.96 19.51 19.06 18.58 18.07 17.52 16.93 16.32 15.67 15.03 14.39 13.76 13.15 12.55 11.98 11.44 10.92 10.43 9.98 9.57 9.20 8.88 8.61 8.40 8.24 8.14 8.10 8.13 8.23 8.41 8.66 9.00 9.40 9.81 10.23 10.65 11.07 11.49 11.91 12.33 12.75
23.75 25.23 26.60 27.87 29.03 30.06 30.96 31.71 32.31 32.75 33.01 33.10 33.00 32.69 32.18 31.56 30.93 30.33 29.74 29.16 28.60 28.05 27.51 26.99 26.48 25.98 25.48 25.00 24.52 24.06 23.60 23.14 22.69 22.25 21.81 21.37 20.93 20.50 20.03 19.53 19.00 18.43 17.83 17.21 16.55 15.87 15.19 14.53 13.88 13.25 12.65 12.08 11.53 11.02 10.55 10.12 9.73 9.39 9.10 8.87 8.70 8.59 8.55 8.57 8.67 8.85 9.10 9.44 9.84 10.26 10.68 11.10 11.53 11.95 12.38 12.80 13.22
24.67 26.13 27.50 28.76 29.91 30.93 31.82 32.57 33.16 33.59 33.85 33.94 33.83 33.52 33.01 32.38 31.76 31.15 30.57 29.99 29.43 28.89 28.36 27.84 27.33 26.83 26.35 25.87 25.41 24.95 24.50 24.05 23.62 23.18 22.76 22.33 21.91 21.46 20.97 20.45 19.90 19.32 18.70 18.06 17.40 16.71 16.00 15.30 14.62 13.96 13.32 12.72 12.15 11.61 11.11 10.66 10.26 9.90 9.60 9.36 9.17 9.05 9.00 9.02 9.12 9.29 9.55 9.89 10.29 10.71 11.14 11.56 11.99 12.42 12.85 13.28 13.70
25.56 27.02 28.37 29.63 30.77 31.78 32.67 33.41 34.00 34.42 34.68 34.76 34.65 34.34 33.83 33.20 32.58 31.97 31.39 30.81 30.26 29.72 29.19 28.68 28.18 27.69 27.21 26.74 26.29 25.84 25.40 24.96 24.54 24.12 23.71 23.29 22.86 22.38 21.88 21.34 20.77 20.17 19.54 18.89 18.21 17.52 16.80 16.08 15.36 14.67 14.00 13.37 12.77 12.21 11.69 11.21 10.79 10.42 10.10 9.84 9.65 9.52 9.46 9.47 9.57 9.74 9.99 10.34 10.75 11.17 11.60 12.03 12.46 12.89 13.33 13.76 14.18
26.44 27.88 29.23 30.48 31.61 32.62 33.50 34.23 34.82 35.24 35.50 35.57 35.46 35.15 34.64 34.01 33.39 32.78 32.20 31.63 31.08 30.54 30.02 29.51 29.02 28.53 28.07 27.61 27.16 26.72 26.29 25.87 25.46 25.05 24.65 24.22 23.76 23.27 22.74 22.18 21.59 20.98 20.34 19.67 18.99 18.29 17.57 16.84 16.10 15.37 14.68 14.02 13.39 12.80 12.26 11.77 11.32 10.93 10.60 10.33 10.12 9.99 9.92 9.93 10.02 10.19 10.45 10.79 11.21 11.63 12.07 12.50 12.94 13.37 13.81 14.24 14.67
27.30 28.73 30.07 31.31 32.44 33.44 34.31 35.04 35.62 36.04 36.29 36.37 36.25 35.94 35.43 34.80 34.18 33.58 33.00 32.43 31.88 31.35 30.84 30.33 29.85 29.37 28.91 28.47 28.03 27.60 27.18 26.78 26.38 25.98 25.56 25.11 24.62 24.10 23.55 22.98 22.37 21.74 21.09 20.42 19.73 19.03 18.31 17.57 16.83 16.08 15.36 14.67 14.01 13.40 12.84 12.32 11.86 11.45 11.11 10.82 10.61 10.46 10.39 10.39 10.48 10.65 10.90 11.25 11.67 12.10 12.54 12.97 13.41 13.85 14.29 14.73 15.16
28.13 29.56 30.89 32.12 33.24 34.24 35.10 35.83 36.41 36.82 37.07 37.15 37.03 36.72 36.21 35.58 34.96 34.36 33.78 33.22 32.68 32.15 31.64 31.15 30.67 30.20 29.75 29.31 28.89 28.47 28.07 27.67 27.28 26.87 26.43 25.95 25.44 24.89 24.33 23.73 23.11 22.47 21.81 21.13 20.43 19.73 19.00 18.27 17.53 16.79 16.04 15.32 14.64 14.01 13.42 12.88 12.40 11.98 11.62 11.32 11.09 10.94 10.86 10.85 10.94 11.11 11.36 11.71 12.14 12.57 13.01 13.45 13.90 14.34 14.78 15.22 15.66
28.94 30.36 31.68 32.91 34.02 35.01 35.87 36.60 37.17 37.59 37.83 37.90 37.79 37.48 36.97 36.34 35.72 35.13 34.55 34.00 33.46 32.94 32.44 31.95 31.48 31.02 30.58 30.15 29.74 29.34 28.94 28.56 28.15 27.71 27.24 26.73 26.20 25.64 25.05 24.44 23.80 23.15 22.48 21.79 21.09 20.38 19.66 18.93 18.19 17.45 16.71 15.98 15.27 14.61 14.00 13.44 12.94 12.50 12.13 11.82 11.58 11.41 11.33 11.32 11.40 11.57 11.83 12.18 12.61 13.05 13.49 13.94 14.38 14.83 15.28 15.72 16.16
29.72 31.13 32.45 33.67 34.78 35.77 36.62 37.34 37.91 38.33 38.57 38.64 38.53 38.22 37.71 37.08 36.47 35.88 35.31 34.76 34.22 33.71 33.21 32.74 32.27 31.83 31.40 30.98 30.58 30.19 29.80 29.40 28.96 28.50 27.99 27.46 26.91 26.33 25.72 25.09 24.45 23.78 23.10 22.41 21.71 20.99 20.27 19.54 18.81 18.08 17.35 16.62 15.90 15.22 14.58 14.01 13.49 13.03 12.64 12.32 12.07 11.89 11.80 11.79 11.87 12.03 12.29 12.65 13.08 13.53 13.97 14.42 14.88 15.33 15.78 16.23 16.67
30.48 31.88 33.20 34.41 35.51 36.49 37.35 38.06 38.63 39.05 39.29 39.36 39.25 38.94 38.43 37.81 37.20 36.61 36.04 35.50 34.97 34.47 33.98 33.51 33.06 32.62 32.20 31.79 31.40 31.02 30.62 30.19 29.72 29.22 28.69 28.14 27.56 26.96 26.34 25.70 25.04 24.36 23.68 22.98 22.27 21.56 20.84 20.11 19.39 18.66 17.94 17.23 16.52 15.82 15.17 14.57 14.03 13.56 13.15 12.82 12.56 12.38 12.28 12.26 12.33 12.50 12.76 13.12 13.56 14.01 14.46 14.91 15.37 15.82 16.28 16.73 17.18
31.20 32.60 33.91 35.12 36.22 37.19 38.05 38.76 39.33 39.74 39.98 40.05 39.94 39.63 39.13 38.51 37.90 37.32 36.76 36.22 35.70 35.20 34.72 34.26 33.82 33.39 32.99 32.59 32.21 31.81 31.37 30.91 30.41 29.89 29.33 28.76 28.16 27.54 26.90 26.24 25.57 24.89 24.20 23.49 22.79 22.07 21.35 20.64 19.92 19.20 18.49 17.79 17.10 16.42 15.75 15.13 14.58 14.09 13.67 13.32 13.05 12.86 12.75 12.73 12.80 12.97 13.23 13.59 14.03 14.49 14.95 15.41 15.87 16.32 16.78 17.24 17.69
31.91 33.29 34.59 35.80 36.89 37.87 38.72 39.43 39.99 40.41 40.65 40.72 40.61 40.31 39.80 39.19 38.59 38.01 37.45 36.92 36.41 35.92 35.45 35.00 34.57 34.15 33.75 33.37 32.97 32.53 32.06 31.57 31.04 30.49 29.91 29.31 28.69 28.06 27.40 26.74 26.06 25.36 24.66 23.96 23.25 22.53 21.82 21.11 20.40 19.69 19.00 18.31 17.63 16.97 16.32 15.70 15.13 14.62 14.19 13.83 13.54 13.35 13.23 13.21 13.28 13.44 13.70 14.07 14.51 14.97 15.44 15.90 16.36 16.83 17.29 17.75 18.21
32.60 33.96 35.25 36.44 37.53 38.51 39.36 40.07 40.63 41.04 41.29 41.36 41.25 40.95 40.45 39.84 39.25 38.67 38.12 37.60 37.09 36.61 36.15 35.71 35.29 34.89 34.50 34.09 33.65 33.18 32.68 32.16 31.60 31.03 30.43 29.81 29.17 28.51 27.85 27.17 26.48 25.78 25.07 24.37 23.66 22.94 22.23 21.53 20.83 20.14 19.45 18.78 18.12 17.48 16.86 16.25 15.67 15.15 14.70 14.33 14.04 13.83 13.71 13.68 13.75 13.91 14.18 14.55 15.00 15.46 15.93 16.40 16.86 17.33 17.80 18.26 18.72
