data_processed/recharge/precip/Precip_2002_05.asc
ncols        168
nrows        136
xllcorner    455000
yllcorner    2107000
cellsize     500
NODATA_value     -99999
[rows 0 to 33 of 136, columns 77 to 153 of 168]
27.97 28.33 28.75 29.22 29.75 30.33 30.94 31.59 32.26 32.95 33.65 34.36 35.06 35.76 36.45 37.11 37.74 38.34 38.86 39.15 39.14 38.81 38.17 37.29 36.40 35.65 35.18 35.09 35.15 35.16 35.12 35.02 34.88 34.72 34.53 34.33 34.13 33.93 33.75 33.60 33.48 33.41 33.39 33.43 33.48 33.40 33.10 32.49 31.52 30.40 29.28 28.20 27.15 26.19 25.38 24.74 24.26 23.93 23.73 23.66 23.70 23.84 24.06 24.37 24.73 25.15 25.60 26.09 26.58 27.05 27.29 27.07 26.26 24.72 22.70 21.10 20.11
26.24 26.60 27.03 27.51 28.06 28.65 29.28 29.94 30.63 31.34 32.07 32.80 33.53 34.26 34.97 35.66 36.33 36.96 37.55 38.05 38.31 38.26 37.86 37.25 36.66 36.26 36.15 36.14 36.06 35.90 35.67 35.38 35.04 34.65 34.23 33.79 33.34 32.88 32.43 31.99 31.57 31.19 30.86 30.57 30.34 30.11 29.72 29.08 28.14 27.06 25.98 24.94 23.97 23.15 22.51 22.03 21.70 21.51 21.45 21.50 21.65 21.89 22.22 22.60 23.05 23.53 24.05 24.58 25.12 25.66 26.14 26.31 25.93 24.85 23.31 22.18 21.66
24.54 24.91 25.34 25.84 26.40 27.00 27.65 28.33 29.04 29.77 30.52 31.27 32.03 32.78 33.52 34.24 34.94 35.61 36.23 36.82 37.30 37.53 37.41 37.08 36.83 36.77 36.76 36.66 36.46 36.17 35.80 35.35 34.84 34.28 33.67 33.03 32.36 31.68 30.99 30.31 29.63 28.98 28.37 27.79 27.26 26.79 26.30 25.63 24.71 23.67 22.64 21.67 20.86 20.23 19.77 19.45 19.28 19.24 19.32 19.50 19.78 20.13 20.56 21.05 21.58 22.14 22.73 23.32 23.91 24.49 25.04 25.50 25.59 25.03 24.01 23.41 23.38
22.92 23.30 23.74 24.25 24.82 25.44 26.10 26.80 27.52 28.28 29.04 29.82 30.60 31.38 32.15 32.90 33.63 34.33 34.99 35.61 36.17 36.63 36.82 36.81 36.88 36.94 36.90 36.73 36.44 36.06 35.58 35.02 34.38 33.68 32.93 32.12 31.29 30.42 29.54 28.64 27.75 26.87 26.01 25.18 24.39 23.65 22.96 22.24 21.34 20.34 19.40 18.61 18.00 17.57 17.28 17.15 17.14 17.26 17.49 17.81 18.21 18.69 19.23 19.82 20.45 21.10 21.76 22.42 23.08 23.70 24.30 24.84 25.27 25.25 24.82 24.77 25.01
21.44 21.83 22.28 22.80 23.38 24.01 24.68 25.39 26.14 26.91 27.70 28.50 29.31 30.11 30.91 31.69 32.44 33.17 33.87 34.52 35.12 35.67 36.11 36.40 36.61 36.69 36.62 36.42 36.10 35.66 35.12 34.48 33.76 32.96 32.09 31.17 30.20 29.19 28.15 27.09 26.02 24.95 23.89 22.85 21.84 20.86 19.93 19.05 18.14 17.23 16.48 15.91 15.52 15.28 15.19 15.24 15.41 15.69 16.08 16.55 17.09 17.70 18.36 19.07 19.80 20.54 21.29 22.03 22.75 23.43 24.08 24.66 25.18 25.55 25.70 25.97 26.24
20.09 20.48 20.94 21.47 22.06 22.71 23.40 24.13 24.89 25.68 26.49 27.32 28.15 28.98 29.80 30.61 31.40 32.16 32.89 33.58 34.22 34.80 35.32 35.74 36.00 36.11 36.06 35.87 35.54 35.09 34.52 33.85 33.07 32.21 31.28 30.27 29.20 28.09 26.93 25.74 24.53 23.31 22.09 20.87 19.67 18.50 17.36 16.26 15.27 14.53 14.01 13.66 13.48 13.46 13.57 13.80 14.16 14.61 15.16 15.78 16.47 17.22 18.01 18.83 19.67 20.51 21.35 22.18 22.97 23.72 24.42 25.06 25.61 26.08 26.45 26.78 27.06
18.64 19.05 19.53 20.08 20.69 21.35 22.07 22.83 23.62 24.44 25.28 26.13 27.00 27.87 28.73 29.57 30.40 31.21 31.98 32.71 33.40 34.03 34.55 34.95 35.25 35.42 35.42 35.26 34.95 34.51 33.95 33.26 32.47 31.57 30.59 29.53 28.39 27.20 25.95 24.66 23.34 21.99 20.63 19.27 17.91 16.56 15.24 13.99 12.88 12.17 11.84 11.72 11.75 11.93 12.24 12.66 13.19 13.81 14.52 15.29 16.13 17.01 17.92 18.85 19.80 20.74 21.67 22.57 23.44 24.25 25.00 25.68 26.27 26.76 27.15 27.49 27.79
17.02 17.45 17.96 18.55 19.19 19.89 20.65 21.44 22.27 23.13 24.02 24.92 25.83 26.74 27.65 28.55 29.44 30.29 31.12 31.91 32.65 33.28 33.77 34.15 34.45 34.66 34.72 34.63 34.37 33.96 33.42 32.75 31.95 31.05 30.05 28.95 27.77 26.52 25.21 23.84 22.43 20.98 19.51 18.02 16.52 15.03 13.58 12.24 11.07 10.26 9.96 10.01 10.25 10.62 11.12 11.72 12.42 13.20 14.06 14.98 15.95 16.95 17.98 19.02 20.07 21.10 22.11 23.08 24.01 24.88 25.67 26.38 26.99 27.48 27.89 28.24 28.56
15.27 15.73 16.28 16.91 17.60 18.35 19.15 19.99 20.88 21.79 22.73 23.69 24.66 25.64 26.61 27.57 28.52 29.44 30.34 31.19 31.94 32.54 33.01 33.36 33.64 33.84 33.97 33.95 33.76 33.41 32.92 32.28 31.51 30.62 29.62 28.51 27.31 26.03 24.67 23.25 21.77 20.25 18.68 17.09 15.49 13.90 12.41 11.02 9.78 8.90 8.50 8.57 8.98 9.54 10.21 10.98 11.84 12.78 13.78 14.84 15.93 17.05 18.19 19.33 20.47 21.58 22.66 23.70 24.68 25.60 26.43 27.15 27.76 28.26 28.67 29.04 29.36
13.55 13.91 14.50 15.18 15.93 16.74 17.60 18.51 19.46 20.44 21.45 22.48 23.52 24.56 25.61 26.65 27.67 28.68 29.64 30.51 31.23 31.81 32.25 32.58 32.84 33.03 33.15 33.20 33.11 32.84 32.42 31.84 31.12 30.26 29.29 28.19 27.00 25.70 24.33 22.87 21.35 19.77 18.14 16.48 14.81 13.21 11.70 10.29 8.99 8.04 7.57 7.55 7.96 8.67 9.51 10.45 11.47 12.55 13.69 14.87 16.08 17.31 18.55 19.79 21.00 22.19 23.34 24.43 25.46 26.41 27.25 27.97 28.58 29.07 29.49 29.86 30.20
12.01 12.15 12.66 13.39 14.21 15.09 16.03 17.01 18.04 19.10 20.19 21.30 22.42 23.55 24.68 25.81 26.93 28.01 28.99 29.83 30.53 31.09 31.51 31.82 32.05 32.23 32.34 32.40 32.38 32.22 31.89 31.39 30.74 29.95 29.02 27.96 26.79 25.51 24.14 22.68 21.13 19.52 17.85 16.16 14.52 12.94 11.44 10.00 8.66 7.65 7.11 7.01 7.34 8.05 9.03 10.12 11.28 12.50 13.77 15.07 16.40 17.73 19.06 20.38 21.67 22.93 24.13 25.27 26.34 27.30 28.13 28.83 29.43 29.93 30.35 30.72 31.06
10.63 10.58 10.91 11.58 12.47 13.43 14.45 15.53 16.64 17.79 18.97 20.18 21.39 22.62 23.85 25.08 26.28 27.39 28.35 29.17 29.84 30.38 30.78 31.07 31.29 31.45 31.55 31.60 31.60 31.52 31.31 30.92 30.36 29.65 28.79 27.80 26.68 25.44 24.09 22.64 21.10 19.48 17.82 16.18 14.60 13.06 11.57 10.12 8.75 7.70 7.10 6.94 7.18 7.81 8.78 9.99 11.29 12.65 14.03 15.45 16.87 18.30 19.72 21.12 22.48 23.79 25.04 26.22 27.29 28.23 29.04 29.73 30.32 30.81 31.23 31.61 31.95
9.44 9.21 9.37 9.89 10.73 11.78 12.90 14.07 15.29 16.54 17.83 19.14 20.46 21.80 23.14 24.47 25.70 26.79 27.72 28.52 29.17 29.69 30.07 30.34 30.55 30.70 30.79 30.83 30.82 30.77 30.65 30.39 29.95 29.35 28.59 27.67 26.62 25.44 24.14 22.73 21.22 19.65 18.08 16.53 15.01 13.52 12.06 10.62 9.23 8.15 7.50 7.28 7.46 8.00 8.89 10.10 11.50 12.97 14.48 16.00 17.52 19.03 20.53 21.99 23.41 24.78 26.07 27.25 28.29 29.20 29.99 30.66 31.24 31.73 32.14 32.52 32.86
8.41 8.04 8.05 8.43 9.15 10.17 11.39 12.67 14.00 15.37 16.78 18.20 19.65 21.11 22.56 23.92 25.13 26.19 27.11 27.88 28.52 29.02 29.38 29.64 29.84 29.98 30.06 30.10 30.09 30.03 29.94 29.78 29.49 29.01 28.37 27.56 26.61 25.51 24.29 22.94 21.50 20.05 18.61 17.17 15.73 14.30 12.87 11.45 10.06 8.95 8.28 8.01 8.13 8.61 9.42 10.54 11.93 13.49 15.10 16.71 18.33 19.92 21.49 23.01 24.48 25.89 27.18 28.32 29.33 30.21 30.97 31.62 32.18 32.66 33.08 33.45 33.78
7.55 7.06 6.95 7.21 7.81 8.74 9.96 11.36 12.81 14.31 15.84 17.40 18.98 20.56 22.05 23.39 24.57 25.62 26.51 27.27 27.89 28.37 28.72 28.97 29.16 29.29 29.37 29.40 29.39 29.34 29.25 29.12 28.94 28.62 28.12 27.44 26.61 25.62 24.49 23.25 21.98 20.68 19.38 18.05 16.71 15.35 13.97 12.58 11.19 10.08 9.39 9.09 9.17 9.59 10.33 11.37 12.68 14.22 15.90 17.60 19.30 20.96 22.59 24.17 25.68 27.08 28.33 29.43 30.40 31.24 31.97 32.61 33.15 33.62 34.03 34.39 34.71
6.85 6.26 6.07 6.24 6.75 7.59 8.74 10.15 11.74 13.37 15.05 16.75 18.46 20.08 21.55 22.87 24.03 25.06 25.94 26.68 27.28 27.75 28.09 28.33 28.51 28.63 28.71 28.74 28.73 28.68 28.60 28.48 28.34 28.14 27.80 27.28 26.59 25.73 24.75 23.71 22.62 21.50 20.35 19.15 17.91 16.64 15.32 13.97 12.61 11.49 10.79 10.48 10.52 10.90 11.59 12.56 13.79 15.25 16.90 18.67 20.43 22.16 23.84 25.46 26.97 28.31 29.51 30.56 31.49 32.30 33.00 33.61 34.14 34.59 34.99 35.34 35.66
6.30 5.65 5.39 5.50 5.95 6.73 7.81 9.19 10.81 12.59 14.42 16.26 18.01 19.61 21.06 22.36 23.51 24.52 25.38 26.11 26.70 27.16 27.49 27.72 27.89 28.02 28.09 28.13 28.12 28.08 28.00 27.90 27.77 27.61 27.41 27.06 26.53 25.86 25.10 24.29 23.41 22.47 21.48 20.42 19.30 18.13 16.89 15.58 14.25 13.16 12.46 12.14 12.16 12.51 13.16 14.08 15.24 16.62 18.19 19.92 21.73 23.51 25.24 26.85 28.29 29.58 30.72 31.73 32.61 33.38 34.05 34.63 35.14 35.57 35.96 36.30 36.60
5.91 5.22 4.92 4.99 5.40 6.15 7.20 8.54 10.15 11.99 13.95 15.85 17.58 19.17 20.60 21.88 23.01 24.01 24.86 25.57 26.15 26.61 26.93 27.15 27.32 27.44 27.52 27.56 27.56 27.52 27.46 27.37 27.25 27.11 26.96 26.76 26.44 26.03 25.53 24.96 24.30 23.56 22.74 21.83 20.84 19.78 18.62 17.39 16.10 15.03 14.35 14.03 14.05 14.38 15.00 15.87 16.98 18.30 19.79 21.44 23.21 25.02 26.73 28.27 29.65 30.87 31.96 32.91 33.75 34.48 35.11 35.67 36.14 36.56 36.93 37.25 37.54
5.67 4.96 4.65 4.71 5.11 5.85 6.90 8.23 9.83 11.66 13.59 15.46 17.18 18.74 20.16 21.42 22.54 23.52 24.36 25.07 25.64 26.09 26.40 26.63 26.79 26.92 27.00 27.04 27.05 27.02 26.97 26.89 26.79 26.67 26.54 26.42 26.35 26.23 26.00 25.68 25.25 24.72 24.08 23.34 22.50 21.55 20.50 19.34 18.11 17.08 16.43 16.13 16.15 16.48 17.08 17.92 18.99 20.25 21.67 23.24 24.92 26.63 28.25 29.72 31.03 32.19 33.21 34.11 34.90 35.59 36.19 36.70 37.15 37.55 37.90 38.21 38.48
5.56 4.87 4.57 4.65 5.07 5.82 6.89 8.25 9.85 11.58 13.33 15.10 16.79 18.34 19.74 20.99 22.10 23.07 23.90 24.60 25.17 25.61 25.92 26.14 26.31 26.44 26.52 26.57 26.59 26.58 26.54 26.48 26.40 26.30 26.22 26.21 26.29 26.42 26.48 26.42 26.23 25.92 25.48 24.92 24.23 23.41 22.47 21.40 20.24 19.27 18.66 18.38 18.43 18.76 19.35 20.18 21.21 22.43 23.81 25.30 26.84 28.35 29.82 31.19 32.43 33.52 34.48 35.33 36.07 36.71 37.26 37.75 38.17 38.54 38.87 39.15 39.41
5.60 4.95 4.69 4.80 5.27 6.07 7.18 8.56 10.08 11.64 13.23 14.84 16.43 17.96 19.35 20.59 21.69 22.65 23.48 24.17 24.73 25.17 25.49 25.71 25.88 26.01 26.10 26.16 26.19 26.19 26.17 26.13 26.07 26.03 26.05 26.16 26.36 26.62 26.92 27.13 27.20 27.12 26.90 26.52 26.00 25.33 24.51 23.54 22.46 21.55 21.00 20.77 20.84 21.19 21.78 22.61 23.63 24.81 26.14 27.52 28.87 30.19 31.46 32.69 33.84 34.87 35.77 36.55 37.24 37.83 38.34 38.78 39.17 39.52 39.82 40.09 40.32
5.77 5.18 4.99 5.17 5.71 6.58 7.74 9.06 10.43 11.83 13.27 14.72 16.18 17.62 18.99 20.22 21.31 22.27 23.09 23.78 24.34 24.78 25.10 25.32 25.50 25.64 25.74 25.81 25.86 25.87 25.87 25.85 25.84 25.91 26.05 26.28 26.57 26.93 27.35 27.79 28.12 28.29 28.29 28.11 27.77 27.26 26.58 25.72 24.73 23.90 23.41 23.23 23.35 23.73 24.34 25.17 26.19 27.35 28.58 29.78 30.96 32.10 33.20 34.26 35.28 36.22 37.06 37.78 38.41 38.95 39.41 39.82 40.17 40.48 40.76 41.00 41.21
6.07 5.57 5.47 5.75 6.38 7.33 8.44 9.62 10.85 12.12 13.42 14.74 16.06 17.38 18.67 19.89 20.98 21.93 22.75 23.44 24.00 24.44 24.76 24.99 25.17 25.32 25.44 25.52 25.59 25.62 25.64 25.67 25.77 25.95 26.21 26.54 26.93 27.38 27.88 28.42 28.97 29.39 29.62 29.66 29.51 29.16 28.63 27.90 27.02 26.28 25.86 25.75 25.92 26.34 26.99 27.84 28.85 29.93 31.00 32.05 33.06 34.04 34.99 35.90 36.77 37.59 38.35 39.01 39.57 40.06 40.48 40.84 41.16 41.44 41.69 41.90 42.08
6.49 6.11 6.13 6.53 7.26 8.18 9.18 10.23 11.34 12.49 13.66 14.86 16.06 17.26 18.45 19.61 20.69 21.64 22.45 23.15 23.71 24.16 24.48 24.72 24.91 25.07 25.20 25.30 25.38 25.44 25.51 25.65 25.86 26.15 26.51 26.94 27.41 27.94 28.51 29.12 29.75 30.38 30.85 31.12 31.17 31.01 30.64 30.05 29.28 28.64 28.31 28.28 28.52 28.99 29.68 30.55 31.50 32.45 33.37 34.27 35.14 35.98 36.79 37.56 38.30 38.99 39.64 40.23 40.73 41.16 41.53 41.85 42.12 42.37 42.59 42.77 42.92
7.03 6.80 6.97 7.49 8.21 9.02 9.91 10.86 11.86 12.90 13.97 15.06 16.16 17.26 18.35 19.42 20.45 21.39 22.21 22.90 23.48 23.93 24.26 24.51 24.71 24.88 25.03 25.15 25.25 25.36 25.53 25.79 26.11 26.51 26.96 27.47 28.02 28.62 29.25 29.91 30.59 31.29 31.96 32.46 32.72 32.76 32.56 32.12 31.48 30.95 30.73 30.79 31.10 31.64 32.38 33.21 34.03 34.84 35.63 36.40 37.15 37.87 38.55 39.21 39.83 40.41 40.95 41.45 41.88 42.25 42.57 42.83 43.07 43.27 43.46 43.61 43.72
7.69 7.63 7.94 8.47 9.11 9.83 10.62 11.47 12.38 13.33 14.32 15.32 16.34 17.35 18.36 19.34 20.29 21.20 22.02 22.72 23.30 23.76 24.10 24.36 24.58 24.77 24.93 25.07 25.22 25.44 25.73 26.09 26.52 27.00 27.54 28.12 28.75 29.40 30.09 30.79 31.51 32.23 32.96 33.64 34.13 34.37 34.35 34.08 33.58 33.18 33.07 33.23 33.64 34.25 34.96 35.68 36.39 37.08 37.76 38.41 39.05 39.66 40.25 40.80 41.32 41.81 42.25 42.66 43.02 43.33 43.58 43.80 43.98 44.15 44.30 44.42 44.49
8.46 8.57 8.91 9.37 9.92 10.56 11.28 12.06 12.89 13.77 14.68 15.61 16.56 17.51 18.44 19.36 20.25 21.10 21.89 22.59 23.18 23.65 24.00 24.28 24.51 24.72 24.91 25.10 25.35 25.68 26.08 26.54 27.06 27.63 28.24 28.89 29.58 30.28 31.01 31.75 32.49 33.24 33.97 34.70 35.36 35.81 35.99 35.89 35.55 35.29 35.30 35.58 36.08 36.68 37.30 37.92 38.52 39.12 39.70 40.26 40.81 41.33 41.83 42.30 42.73 43.14 43.51 43.84 44.13 44.37 44.57 44.73 44.87 44.99 45.11 45.18 45.22
9.31 9.46 9.75 10.14 10.63 11.21 11.86 12.59 13.36 14.18 15.04 15.91 16.81 17.70 18.59 19.46 20.29 21.09 21.84 22.53 23.13 23.61 23.98 24.27 24.52 24.75 24.98 25.28 25.65 26.08 26.58 27.13 27.74 28.38 29.06 29.77 30.50 31.25 32.01 32.78 33.54 34.29 35.03 35.75 36.44 37.05 37.43 37.52 37.34 37.23 37.39 37.78 38.29 38.82 39.35 39.88 40.40 40.91 41.41 41.90 42.37 42.82 43.25 43.65 44.03 44.37 44.68 44.95 45.19 45.38 45.53 45.64 45.72 45.80 45.87 45.91 45.90
10.07 10.19 10.42 10.77 11.21 11.74 12.35 13.03 13.76 14.54 15.36 16.20 17.05 17.91 18.76 19.60 20.40 21.17 21.89 22.55 23.14 23.64 24.02 24.33 24.61 24.88 25.22 25.63 26.10 26.64 27.23 27.86 28.54 29.25 29.99 30.75 31.52 32.30 33.09 33.87 34.64 35.40 36.13 36.83 37.49 38.11 38.64 38.92 38.93 38.98 39.27 39.70 40.15 40.60 41.06 41.52 41.97 42.42 42.86 43.29 43.70 44.10 44.47 44.83 45.15 45.45 45.72 45.96 46.15 46.31 46.43 46.50 46.53 46.56 46.59 46.58 46.53
10.63 10.71 10.91 11.22 11.64 12.14 12.72 13.37 14.07 14.83 15.62 16.44 17.27 18.11 18.94 19.76 20.55 21.31 22.01 22.66 23.24 23.74 24.15 24.47 24.80 25.17 25.62 26.14 26.71 27.34 28.01 28.71 29.45 30.22 31.01 31.81 32.62 33.42 34.23 35.02 35.79 36.53 37.25 37.92 38.56 39.14 39.66 40.08 40.26 40.48 40.83 41.21 41.60 41.99 42.40 42.80 43.20 43.61 44.00 44.39 44.76 45.12 45.46 45.78 46.08 46.35 46.59 46.81 46.98 47.12 47.22 47.28 47.29 47.28 47.26 47.20 47.11
10.94 11.01 11.19 11.48 11.88 12.37 12.94 13.57 14.27 15.02 15.80 16.61 17.44 18.28 19.11 19.92 20.71 21.47 22.18 22.83 23.42 23.93 24.35 24.72 25.14 25.64 26.19 26.80 27.46 28.17 28.91 29.68 30.48 31.29 32.12 32.95 33.78 34.61 35.42 36.20 36.97 37.70 38.38 39.03 39.62 40.15 40.62 41.01 41.31 41.60 41.92 42.25 42.60 42.95 43.32 43.69 44.06 44.43 44.79 45.15 45.51 45.84 46.17 46.47 46.76 47.02 47.26 47.46 47.64 47.78 47.88 47.94 47.96 47.94 47.87 47.77 47.62
11.17 11.22 11.39 11.68 12.07 12.55 13.12 13.75 14.45 15.20 15.98 16.79 17.63 18.47 19.30 20.13 20.93 21.69 22.41 23.08 23.68 24.20 24.65 25.09 25.62 26.22 26.87 27.57 28.31 29.09 29.90 30.73 31.57 32.42 33.28 34.14 34.98 35.81 36.62 37.40 38.14 38.85 39.50 40.10 40.64 41.12 41.52 41.84 42.13 42.41 42.68 42.98 43.29 43.62 43.95 44.30 44.64 44.99 45.34 45.68 46.02 46.35 46.66 46.96 47.24 47.50 47.74 47.95 48.13 48.28 48.39 48.46 48.50 48.50 48.45 48.30 48.10
11.56 11.60 11.76 12.04 12.42 12.89 13.45 14.08 14.77 15.52 16.30 17.11 17.95 18.79 19.63 20.46 21.26 22.04 22.77 23.44 24.05 24.60 25.08 25.58 26.18 26.87 27.61 28.39 29.20 30.04 30.91 31.78 32.67 33.55 34.43 35.30 36.16 36.99 37.78 38.55 39.27 39.93 40.55 41.10 41.58 41.99 42.32 42.61 42.91 43.19 43.44 43.70 43.97 44.26 44.56 44.87 45.19 45.51 45.83 46.15 46.47 46.78 47.08 47.37 47.64 47.89 48.12 48.33 48.51 48.66 48.78 48.86 48.92 48.95 48.95 48.82 48.58
12.14 12.16 12.31 12.57 12.94 13.40 13.95 14.57 15.25 15.99 16.77 17.57 18.40 19.24 20.08 20.91 21.72 22.50 23.23 23.91 24.54 25.12 25.64 26.18 26.82 27.57 28.39 29.24 30.12 31.02 31.93 32.84 33.76 34.67 35.57 36.44 37.29 38.11 38.90 39.63 40.32 40.95 41.51 42.00 42.42 42.76 43.05 43.35 43.66 43.96 44.22 44.44 44.67 44.91 45.17 45.44 45.73 46.01 46.30 46.60 46.89 47.17 47.45 47.72 47.97 48.21 48.43 48.63 48.81 48.95 49.07 49.16 49.24 49.31 49.36 49.28 49.04
