data_processed/recharge/precip/Precip_2004_07.asc
ncols        168
nrows        136
xllcorner    455000
yllcorner    2107000
cellsize     500
NODATA_value     -99999
[rows 96 to 127 of 136, columns 0 to 72 of 168]
181.63 188.13 193.13 196.68 198.81 199.56 198.98 197.11 194.08 190.56 187.13 183.92 181.19 179.13 177.71 176.82 176.38 176.31 176.52 176.92 177.43 177.96 178.41 178.74 178.92 178.97 178.89 178.69 178.38 177.97 177.46 176.86 176.19 175.45 174.69 174.00 173.41 172.86 172.24 171.53 170.74 169.91 169.04 168.17 167.32 166.50 165.74 165.06 164.44 163.69 162.74 161.60 160.31 158.88 157.34 155.71 154.02 152.28 150.53 148.75 146.76 144.37 141.60 138.66 135.74 132.85 129.96 127.09 124.21 121.32 118.41 115.48 112.51
178.48 184.66 189.30 192.45 194.14 194.43 193.35 191.04 188.19 185.42 182.80 180.33 178.04 176.17 174.88 174.11 173.78 173.80 174.07 174.52 175.06 175.60 176.06 176.37 176.54 176.58 176.48 176.27 175.95 175.52 175.00 174.40 173.71 173.00 172.36 171.80 171.34 170.94 170.57 170.10 169.51 168.83 168.08 167.28 166.45 165.61 164.79 164.00 163.25 162.38 161.37 160.24 159.00 157.68 156.30 154.89 153.48 152.07 150.68 149.10 147.18 144.89 142.21 139.19 136.02 132.89 129.80 126.75 123.73 120.73 117.74 114.75 111.75
174.92 180.60 184.71 187.29 188.39 188.05 186.40 184.17 182.00 179.96 178.06 176.29 174.64 173.15 172.01 171.36 171.12 171.21 171.55 172.04 172.61 173.16 173.61 173.90 174.05 174.06 173.95 173.71 173.37 172.93 172.39 171.76 171.11 170.50 169.99 169.55 169.17 168.86 168.60 168.34 167.95 167.43 166.79 166.06 165.25 164.40 163.51 162.62 161.72 160.75 159.68 158.55 157.36 156.15 154.94 153.76 152.62 151.51 150.27 148.74 146.88 144.68 142.14 139.24 136.02 132.68 129.40 126.19 123.03 119.92 116.86 113.83 110.82
170.98 176.00 179.41 181.27 181.60 180.55 178.88 177.26 175.75 174.36 173.09 171.92 170.87 169.92 169.10 168.57 168.42 168.58 168.97 169.50 170.09 170.64 171.07 171.34 171.46 171.44 171.30 171.04 170.68 170.20 169.64 169.03 168.48 167.99 167.58 167.23 166.93 166.67 166.45 166.26 166.03 165.67 165.14 164.48 163.70 162.83 161.88 160.88 159.85 158.77 157.65 156.51 155.38 154.29 153.24 152.28 151.39 150.40 149.16 147.64 145.83 143.73 141.32 138.59 135.54 132.18 128.73 125.36 122.08 118.88 115.76 112.69 109.68
166.71 170.90 173.45 174.41 173.91 172.74 171.60 170.57 169.64 168.81 168.07 167.43 166.88 166.41 166.03 165.75 165.70 165.93 166.36 166.92 167.52 168.06 168.47 168.71 168.79 168.75 168.57 168.28 167.88 167.37 166.82 166.31 165.86 165.48 165.14 164.85 164.60 164.37 164.16 163.97 163.78 163.53 163.12 162.53 161.78 160.89 159.88 158.78 157.61 156.42 155.24 154.11 153.04 152.06 151.18 150.41 149.59 148.56 147.30 145.80 144.05 142.04 139.75 137.19 134.34 131.19 127.76 124.26 120.87 117.59 114.41 111.32 108.32
162.16 165.35 166.87 166.87 166.15 165.44 164.83 164.29 163.85 163.48 163.20 162.99 162.85 162.78 162.78 162.84 162.97 163.27 163.74 164.32 164.93 165.46 165.84 166.03 166.08 165.99 165.77 165.44 165.00 164.50 164.03 163.62 163.26 162.95 162.67 162.42 162.19 161.97 161.75 161.53 161.30 161.04 160.71 160.19 159.46 158.56 157.49 156.29 154.98 153.68 152.45 151.32 150.31 149.44 148.71 147.96 147.05 145.96 144.68 143.20 141.50 139.58 137.43 135.03 132.38 129.47 126.28 122.84 119.36 116.00 112.78 109.68 106.69
157.37 159.40 159.83 159.51 159.17 158.92 158.73 158.61 158.56 158.58 158.65 158.78 158.97 159.21 159.49 159.82 160.19 160.61 161.13 161.73 162.33 162.84 163.18 163.33 163.32 163.19 162.92 162.54 162.10 161.68 161.30 160.97 160.68 160.41 160.17 159.93 159.70 159.46 159.21 158.93 158.63 158.30 157.91 157.43 156.73 155.81 154.69 153.38 151.94 150.53 149.26 148.13 147.18 146.39 145.64 144.77 143.76 142.62 141.31 139.84 138.20 136.37 134.34 132.10 129.65 126.97 124.06 120.90 117.51 114.11 110.85 107.75 104.79
152.39 153.20 153.22 153.20 153.24 153.34 153.50 153.71 153.97 154.27 154.62 155.00 155.42 155.88 156.36 156.87 157.41 157.96 158.54 159.15 159.74 160.23 160.53 160.62 160.56 160.37 160.05 159.66 159.28 158.95 158.65 158.38 158.12 157.88 157.64 157.39 157.13 156.85 156.54 156.19 155.80 155.35 154.85 154.27 153.56 152.63 151.45 150.04 148.46 146.95 145.63 144.50 143.59 142.73 141.82 140.81 139.71 138.50 137.17 135.72 134.12 132.38 130.47 128.40 126.15 123.70 121.06 118.21 115.13 111.86 108.60 105.50 102.58
147.38 147.67 147.92 148.21 148.54 148.92 149.33 149.77 150.25 150.75 151.28 151.83 152.39 152.98 153.57 154.17 154.78 155.40 156.01 156.62 157.19 157.64 157.89 157.92 157.80 157.55 157.21 156.88 156.59 156.32 156.06 155.82 155.58 155.34 155.08 154.80 154.49 154.14 153.75 153.30 152.79 152.21 151.56 150.82 149.98 148.99 147.76 146.25 144.54 142.92 141.55 140.41 139.37 138.32 137.23 136.09 134.89 133.61 132.26 130.81 129.26 127.60 125.82 123.91 121.85 119.64 117.27 114.72 111.99 109.07 105.98 102.92 100.04
143.28 143.73 144.21 144.72 145.26 145.82 146.39 146.98 147.59 148.20 148.82 149.45 150.07 150.69 151.31 151.91 152.51 153.09 153.65 154.19 154.70 155.10 155.30 155.26 155.07 154.79 154.51 154.25 154.01 153.78 153.55 153.32 153.07 152.80 152.50 152.16 151.77 151.33 150.83 150.26 149.61 148.88 148.05 147.12 146.08 144.92 143.59 141.98 140.14 138.42 136.97 135.67 134.40 133.13 131.86 130.58 129.28 127.94 126.56 125.12 123.62 122.04 120.38 118.62 116.76 114.78 112.68 110.44 108.05 105.51 102.80 99.95 97.15
141.05 141.66 142.29 142.93 143.58 144.23 144.88 145.53 146.17 146.81 147.43 148.04 148.63 149.21 149.75 150.27 150.76 151.22 151.64 152.02 152.36 152.64 152.76 152.65 152.42 152.19 151.97 151.77 151.56 151.35 151.12 150.87 150.58 150.26 149.90 149.47 148.99 148.44 147.80 147.08 146.27 145.35 144.33 143.18 141.91 140.51 138.96 137.21 135.24 133.40 131.75 130.17 128.64 127.16 125.71 124.29 122.88 121.48 120.06 118.63 117.17 115.68 114.14 112.54 110.87 109.12 107.28 105.34 103.30 101.13 98.84 96.41 93.86
140.94 141.63 142.32 143.00 143.67 144.33 144.96 145.58 146.18 146.75 147.29 147.79 148.26 148.70 149.09 149.43 149.73 149.98 150.17 150.30 150.38 150.39 150.32 150.17 149.98 149.80 149.63 149.44 149.25 149.02 148.77 148.48 148.14 147.74 147.28 146.75 146.15 145.45 144.66 143.77 142.76 141.64 140.39 139.01 137.49 135.81 133.98 131.98 129.82 127.73 125.75 123.88 122.10 120.40 118.78 117.21 115.70 114.22 112.78 111.35 109.94 108.52 107.09 105.65 104.17 102.65 101.08 99.44 97.74 95.95 94.07 92.08 89.98
142.17 142.89 143.58 144.25 144.89 145.50 146.07 146.60 147.09 147.54 147.94 148.29 148.59 148.83 149.01 149.12 149.17 149.16 149.06 148.90 148.65 148.34 148.27 148.46 148.35 148.19 148.02 147.82 147.58 147.31 146.99 146.62 146.18 145.67 145.08 144.41 143.63 142.76 141.77 140.67 139.43 138.07 136.56 134.90 133.08 131.09 128.93 126.61 124.24 121.84 119.53 117.36 115.32 113.39 111.58 109.86 108.23 106.68 105.19 103.76 102.38 101.04 99.72 98.42 97.12 95.82 94.50 93.16 91.79 90.37 88.89 87.35 85.73
143.16 143.91 144.61 145.27 145.89 146.45 146.96 147.42 147.81 148.15 148.41 148.61 148.74 148.79 148.77 148.66 148.47 148.19 147.83 147.37 146.82 146.52 147.16 148.18 148.43 148.26 148.02 147.73 147.40 147.02 146.56 146.04 145.44 144.75 143.96 143.07 142.06 140.94 139.69 138.31 136.78 135.10 133.26 131.25 129.07 126.70 124.18 121.67 119.22 116.68 114.07 111.58 109.26 107.08 105.06 103.17 101.40 99.75 98.20 96.75 95.38 94.09 92.86 91.68 90.54 89.44 88.36 87.29 86.23 85.15 84.06 82.94 81.79
143.71 144.50 145.23 145.90 146.50 147.04 147.50 147.89 148.21 148.44 148.59 148.65 148.62 148.50 148.29 147.97 147.56 147.04 146.41 145.68 145.17 145.59 147.14 148.99 149.89 149.93 149.59 149.15 148.65 148.07 147.42 146.67 145.83 144.89 143.83 142.65 141.35 139.91 138.32 136.59 134.69 132.62 130.38 127.96 125.34 122.57 119.85 117.29 114.79 112.20 109.47 106.70 104.07 101.63 99.37 97.28 95.36 93.59 91.96 90.46 89.08 87.81 86.65 85.57 84.58 83.65 82.78 81.97 81.19 80.44 79.71 78.99 78.28
143.87 144.70 145.47 146.16 146.76 147.29 147.72 148.06 148.30 148.45 148.49 148.44 148.27 147.99 147.60 147.09 146.46 145.71 144.85 144.17 144.39 145.73 148.14 150.74 152.27 152.77 152.50 151.87 151.12 150.29 149.36 148.33 147.18 145.91 144.51 142.98 141.30 139.47 137.48 135.32 132.98 130.46 127.75 124.84 121.77 118.79 116.05 113.48 110.95 108.31 105.55 102.68 99.78 97.05 94.54 92.23 90.13 88.21 86.48 84.91 83.50 82.24 81.12 80.12 79.24 78.47 77.79 77.20 76.69 76.24 75.86 75.53 75.22
143.73 144.55 145.35 146.08 146.70 147.23 147.64 147.94 148.14 148.21 148.17 148.00 147.71 147.29 146.73 146.05 145.22 144.26 143.48 143.55 144.68 146.86 150.06 153.35 155.45 156.39 156.38 155.68 154.65 153.48 152.21 150.81 149.28 147.62 145.81 143.85 141.73 139.44 136.97 134.31 131.47 128.42 125.17 121.75 118.47 115.52 112.80 110.22 107.66 105.00 102.22 99.33 96.35 93.37 90.58 88.04 85.73 83.65 81.79 80.13 78.67 77.39 76.28 75.34 74.56 73.92 73.41 73.03 72.76 72.60 72.55 72.57 72.61
143.35 144.14 144.94 145.69 146.35 146.89 147.30 147.58 147.74 147.75 147.63 147.37 146.97 146.42 145.72 144.87 143.87 143.02 142.98 143.96 145.95 148.91 152.82 156.75 159.34 160.64 160.87 160.25 159.01 157.46 155.77 153.94 151.96 149.83 147.54 145.08 142.44 139.62 136.60 133.39 129.96 126.32 122.51 118.88 115.66 112.75 110.06 107.49 104.92 102.25 99.46 96.57 93.59 90.55 87.53 84.72 82.19 79.93 77.91 76.14 74.60 73.28 72.18 71.27 70.56 70.03 69.67 69.47 69.43 69.55 69.79 70.12 70.47
142.75 143.54 144.31 145.05 145.74 146.30 146.73 147.00 147.13 147.11 146.93 146.59 146.09 145.43 144.59 143.60 142.73 142.64 143.51 145.34 148.11 151.80 156.36 160.84 163.86 165.47 165.86 165.27 163.92 162.03 159.86 157.52 155.03 152.36 149.52 146.48 143.26 139.83 136.20 132.34 128.26 124.02 120.00 116.46 113.32 110.48 107.84 105.28 102.71 100.03 97.25 94.38 91.42 88.40 85.33 82.31 79.54 77.06 74.87 72.96 71.32 69.95 68.82 67.92 67.26 66.82 66.58 66.56 66.74 67.10 67.59 68.18 68.80
141.99 142.78 143.53 144.25 144.92 145.51 145.96 146.24 146.36 146.31 146.08 145.68 145.10 144.33 143.39 142.55 142.44 143.26 144.99 147.60 151.09 155.43 160.57 165.55 168.94 170.77 171.27 170.65 169.13 166.93 164.28 161.37 158.28 155.01 151.54 147.87 143.98 139.88 135.56 131.00 126.27 121.81 117.91 114.49 111.45 108.69 106.10 103.57 101.01 98.35 95.58 92.74 89.81 86.84 83.81 80.76 77.78 75.08 72.69 70.63 68.87 67.40 66.23 65.33 64.69 64.31 64.19 64.34 64.71 65.26 65.96 66.76 67.61
141.09 141.89 142.64 143.34 143.98 144.55 145.02 145.32 145.44 145.38 145.12 144.67 144.02 143.18 142.42 142.34 143.15 144.82 147.33 150.66 154.80 159.73 165.39 170.79 174.47 176.48 177.01 176.29 174.54 171.98 168.83 165.30 161.55 157.59 153.42 149.04 144.43 139.58 134.50 129.24 124.30 119.98 116.23 112.95 110.03 107.36 104.83 102.35 99.81 97.17 94.44 91.63 88.75 85.83 82.87 79.88 76.89 74.00 71.40 69.15 67.25 65.68 64.44 63.50 62.87 62.55 62.55 62.82 63.34 64.05 64.90 65.87 66.90
140.10 140.91 141.66 142.35 142.97 143.51 143.96 144.28 144.42 144.36 144.08 143.59 142.90 142.27 142.27 143.12 144.77 147.23 150.46 154.45 159.17 164.61 170.72 176.48 180.40 182.50 183.00 182.11 180.07 177.08 173.36 169.15 164.63 159.92 154.98 149.82 144.41 138.74 132.92 127.44 122.67 118.55 114.98 111.84 109.04 106.48 104.03 101.60 99.10 96.49 93.80 91.04 88.22 85.36 82.48 79.57 76.67 73.78 71.01 68.57 66.50 64.80 63.46 62.48 61.85 61.59 61.66 62.02 62.64 63.45 64.43 65.52 66.68
139.05 139.88 140.64 141.33 141.94 142.46 142.87 143.17 143.32 143.27 142.99 142.49 142.03 142.17 143.09 144.79 147.23 150.41 154.29 158.86 164.10 169.99 176.49 182.54 186.62 188.76 189.16 188.04 185.63 182.15 177.80 172.82 167.43 161.81 156.03 150.01 143.72 137.27 131.22 125.95 121.41 117.50 114.11 111.14 108.48 106.02 103.67 101.31 98.85 96.29 93.66 90.96 88.21 85.43 82.63 79.82 77.01 74.23 71.49 68.89 66.63 64.79 63.34 62.29 61.67 61.43 61.54 61.95 62.61 63.49 64.54 65.71 66.96
137.97 138.83 139.61 140.32 140.92 141.42 141.81 142.07 142.19 142.15 141.90 141.65 141.97 143.02 144.80 147.28 150.45 154.27 158.74 163.83 169.52 175.80 182.61 188.89 193.07 195.17 195.40 193.99 191.15 187.10 182.06 176.26 169.90 163.21 156.39 149.42 142.30 135.62 129.80 124.80 120.51 116.82 113.62 110.83 108.32 105.99 103.74 101.46 99.06 96.56 93.99 91.36 88.70 86.00 83.30 80.60 77.91 75.25 72.63 70.07 67.68 65.66 64.10 63.00 62.35 62.09 62.19 62.60 63.28 64.17 65.24 66.45 67.75
136.90 137.80 138.62 139.34 139.95 140.44 140.81 141.04 141.13 141.06 141.06 141.60 142.84 144.75 147.31 150.52 154.33 158.74 163.73 169.27 175.35 181.94 189.00 195.44 199.66 201.65 201.65 199.87 196.53 191.86 186.06 179.36 171.98 164.13 156.04 148.01 140.63 134.22 128.70 123.98 119.94 116.49 113.50 110.89 108.54 106.35 104.22 102.03 99.70 97.27 94.78 92.24 89.67 87.08 84.48 81.90 79.33 76.81 74.33 71.92 69.59 67.47 65.80 64.63 63.90 63.58 63.63 63.99 64.63 65.50 66.55 67.75 69.04
135.89 136.83 137.69 138.43 139.05 139.55 139.91 140.12 140.18 140.32 141.04 142.48 144.57 147.26 150.55 154.40 158.81 163.74 169.18 175.10 181.50 188.34 195.59 202.12 206.30 208.12 207.82 205.61 201.71 196.34 189.71 182.05 173.57 164.50 155.18 146.51 139.20 133.10 127.90 123.47 119.70 116.49 113.73 111.31 109.14 107.10 105.09 103.00 100.76 98.41 96.01 93.57 91.11 88.63 86.16 83.70 81.28 78.90 76.57 74.32 72.19 70.21 68.48 67.18 66.33 65.91 65.85 66.13 66.68 67.48 68.47 69.61 70.86
134.95 135.96 136.86 137.63 138.28 138.79 139.15 139.36 139.63 140.46 141.99 144.21 147.07 150.49 154.43 158.87 163.79 169.17 175.00 181.24 187.89 194.92 202.28 208.83 212.91 214.50 213.84 211.13 206.60 200.46 192.94 184.25 174.61 164.38 154.51 145.76 138.33 132.29 127.39 123.26 119.77 116.82 114.29 112.08 110.09 108.22 106.35 104.38 102.23 99.97 97.68 95.35 93.00 90.65 88.31 86.00 83.72 81.50 79.34 77.29 75.40 73.65 72.05 70.65 69.65 69.07 68.87 69.01 69.44 70.12 71.01 72.05 73.21
134.14 135.22 136.17 136.99 137.67 138.19 138.57 139.00 139.96 141.59 143.88 146.78 150.28 154.34 158.86 163.82 169.20 174.97 181.11 187.61 194.44 201.58 208.99 215.51 219.41 220.71 219.61 216.33 211.10 204.14 195.65 185.87 175.15 164.48 154.68 145.93 138.36 132.09 127.18 123.33 120.13 117.45 115.16 113.18 111.39 109.69 107.97 106.12 104.08 101.94 99.75 97.55 95.33 93.12 90.93 88.77 86.65 84.60 82.65 80.85 79.21 77.69 76.29 74.99 73.86 73.08 72.69 72.65 72.91 73.43 74.17 75.07 76.09
133.49 134.64 135.65 136.52 137.24 137.81 138.41 139.53 141.28 143.65 146.61 150.13 154.18 158.75 163.77 169.19 174.95 181.04 187.43 194.11 201.06 208.26 215.65 222.06 225.73 226.65 225.05 221.15 215.15 207.29 197.78 186.98 175.94 165.50 155.85 147.12 139.42 132.88 127.63 123.71 120.77 118.37 116.34 114.59 113.01 111.50 109.94 108.23 106.31 104.29 102.23 100.16 98.08 96.02 93.99 91.99 90.05 88.21 86.52 84.99 83.58 82.29 81.09 79.96 78.88 77.94 77.33 77.06 77.11 77.42 77.96 78.67 79.52
133.03 134.26 135.35 136.28 137.05 137.86 139.15 141.04 143.52 146.55 150.11 154.17 158.71 163.69 169.10 174.88 180.96 187.30 193.88 200.68 207.68 214.86 222.17 228.40 231.77 232.26 230.10 225.49 218.66 209.84 199.38 188.38 177.72 167.59 158.11 149.41 141.60 134.82 129.17 124.79 121.72 119.56 117.80 116.30 114.94 113.62 112.24 110.69 108.90 107.00 105.09 103.16 101.24 99.34 97.48 95.66 93.94 92.37 90.95 89.66 88.49 87.40 86.39 85.43 84.50 83.59 82.78 82.24 82.03 82.09 82.39 82.87 83.49
132.81 134.13 135.29 136.30 137.33 138.81 140.87 143.47 146.59 150.22 154.31 158.84 163.78 169.12 174.81 180.84 187.15 193.67 200.37 207.22 214.21 221.31 228.47 234.46 237.46 237.45 234.65 229.28 221.55 211.85 201.31 190.84 180.65 170.84 161.55 152.89 145.00 137.98 131.97 127.07 123.43 121.07 119.53 118.29 117.17 116.06 114.87 113.48 111.83 110.08 108.31 106.54 104.79 103.07 101.39 99.79 98.35 97.06 95.90 94.85 93.90 93.01 92.18 91.38 90.59 89.79 88.97 88.20 87.69 87.45 87.46 87.66 88.02
132.85 134.27 135.53 136.81 138.50 140.74 143.49 146.73 150.44 154.58 159.12 164.05 169.33 174.94 180.85 187.03 193.45 200.08 206.83 213.67 220.57 227.52 234.46 240.14 242.70 242.13 238.63 232.42 223.90 214.24 204.38 194.53 184.81 175.35 166.26 157.67 149.70 142.46 136.09 130.71 126.43 123.37 121.58 120.54 119.67 118.78 117.79 116.58 115.09 113.49 111.88 110.29 108.71 107.18 105.73 104.42 103.27 102.25 101.34 100.52 99.77 99.08 98.41 97.76 97.10 96.41 95.67 94.87 94.08 93.51 93.19 93.07 93.11
