data_processed/recharge/precip/Precip_1985_03.asc
ncols        168
nrows        136
xllcorner    455000
yllcorner    2107000
cellsize     500
NODATA_value     -99999
[rows 0 to 35 of 136, columns 0 to 79 of 168]
0.00 0.00 0.00 0.79 2.51 4.18 5.78 7.33 8.81 10.21 11.55 12.81 13.99 15.08 16.08 17.00 17.84 18.66 19.45 20.22 20.97 21.70 22.41 23.10 23.77 24.43 25.07 25.69 26.29 26.88 27.47 28.07 28.66 29.25 29.83 30.41 30.99 31.56 32.12 32.67 33.21 33.74 34.26 34.77 35.26 35.73 36.19 36.63 37.05 37.46 37.84 38.19 38.53 38.84 39.12 39.38 39.60 39.82 40.03 40.25 40.48 40.71 40.94 41.17 41.41 41.64 41.86 42.09 42.30 42.50 42.70 42.88 43.04 43.18 43.31 43.43 43.53 43.61 43.68 43.74
0.00 0.00 0.00 0.68 2.38 4.02 5.61 7.14 8.62 10.02 11.36 12.62 13.80 14.91 15.92 16.85 17.72 18.55 19.36 20.15 20.91 21.65 22.38 23.08 23.76 24.42 25.06 25.68 26.29 26.88 27.45 28.03 28.60 29.17 29.73 30.29 30.84 31.39 31.93 32.45 32.97 33.47 33.97 34.44 34.91 35.35 35.78 36.19 36.58 36.95 37.29 37.62 37.91 38.19 38.43 38.65 38.85 39.06 39.28 39.50 39.73 39.96 40.19 40.43 40.66 40.89 41.12 41.34 41.56 41.76 41.96 42.14 42.30 42.45 42.58 42.70 42.80 42.89 42.97 43.03
0.00 0.00 0.00 0.60 2.27 3.90 5.47 6.99 8.45 9.85 11.18 12.44 13.63 14.74 15.77 16.72 17.60 18.45 19.27 20.07 20.85 21.60 22.33 23.04 23.73 24.39 25.03 25.66 26.26 26.85 27.42 27.97 28.52 29.07 29.61 30.15 30.67 31.20 31.71 32.21 32.70 33.17 33.63 34.08 34.51 34.93 35.32 35.70 36.05 36.39 36.70 36.98 37.24 37.48 37.69 37.88 38.08 38.28 38.50 38.72 38.95 39.18 39.42 39.66 39.89 40.12 40.35 40.58 40.79 41.00 41.19 41.37 41.54 41.69 41.82 41.94 42.05 42.14 42.22 42.29
0.00 0.00 0.00 0.56 2.20 3.80 5.36 6.86 8.31 9.70 11.02 12.29 13.48 14.59 15.63 16.59 17.49 18.35 19.19 20.00 20.78 21.54 22.28 22.99 23.68 24.35 24.99 25.61 26.22 26.80 27.36 27.90 28.43 28.95 29.47 29.98 30.48 30.97 31.46 31.93 32.39 32.83 33.26 33.68 34.08 34.46 34.82 35.16 35.48 35.77 36.04 36.29 36.51 36.71 36.89 37.08 37.27 37.48 37.70 37.92 38.15 38.39 38.62 38.86 39.10 39.33 39.56 39.78 40.00 40.21 40.40 40.58 40.75 40.90 41.04 41.16 41.27 41.37 41.45 41.53
0.00 0.00 0.00 0.55 2.17 3.74 5.27 6.76 8.19 9.57 10.89 12.15 13.34 14.46 15.50 16.47 17.38 18.26 19.10 19.92 20.71 21.48 22.22 22.93 23.62 24.29 24.93 25.55 26.15 26.72 27.27 27.81 28.32 28.82 29.31 29.79 30.26 30.72 31.18 31.62 32.04 32.46 32.85 33.23 33.60 33.94 34.26 34.57 34.85 35.10 35.34 35.54 35.73 35.89 36.06 36.25 36.45 36.66 36.88 37.10 37.34 37.57 37.81 38.05 38.28 38.52 38.75 38.97 39.18 39.39 39.59 39.77 39.93 40.09 40.23 40.35 40.47 40.57 40.66 40.74
0.00 0.00 0.00 0.58 2.16 3.71 5.22 6.68 8.10 9.46 10.77 12.02 13.21 14.33 15.38 16.36 17.28 18.16 19.02 19.84 20.64 21.41 22.15 22.86 23.55 24.21 24.85 25.46 26.05 26.62 27.16 27.68 28.18 28.66 29.12 29.57 30.01 30.44 30.86 31.27 31.66 32.04 32.40 32.75 33.07 33.38 33.66 33.92 34.16 34.38 34.57 34.74 34.89 35.05 35.22 35.41 35.61 35.82 36.04 36.27 36.50 36.73 36.97 37.21 37.45 37.68 37.91 38.13 38.35 38.56 38.75 38.93 39.10 39.25 39.40 39.53 39.64 39.75 39.84 39.93
0.00 0.00 0.00 0.64 2.19 3.71 5.19 6.63 8.02 9.37 10.67 11.91 13.10 14.22 15.27 16.25 17.18 18.07 18.93 19.76 20.56 21.33 22.07 22.78 23.46 24.12 24.75 25.35 25.93 26.48 27.01 27.52 28.00 28.46 28.90 29.32 29.73 30.13 30.52 30.89 31.24 31.58 31.91 32.21 32.50 32.76 33.01 33.23 33.43 33.60 33.75 33.88 34.02 34.19 34.36 34.55 34.75 34.96 35.18 35.41 35.64 35.88 36.12 36.35 36.59 36.82 37.05 37.28 37.49 37.70 37.89 38.08 38.25 38.40 38.54 38.68 38.80 38.90 39.00 39.09
0.00 0.00 0.00 0.74 2.25 3.74 5.19 6.60 7.97 9.30 10.59 11.82 12.99 14.11 15.17 16.15 17.08 17.98 18.84 19.67 20.47 21.24 21.97 22.68 23.36 24.01 24.63 25.22 25.79 26.33 26.84 27.33 27.79 28.23 28.65 29.05 29.42 29.78 30.13 30.47 30.78 31.08 31.37 31.63 31.88 32.10 32.30 32.48 32.63 32.76 32.87 33.00 33.15 33.31 33.48 33.67 33.88 34.09 34.31 34.54 34.77 35.00 35.24 35.48 35.72 35.95 36.18 36.40 36.62 36.83 37.02 37.20 37.37 37.53 37.67 37.81 37.93 38.04 38.14 38.24
0.00 0.00 0.00 0.87 2.34 3.79 5.21 6.60 7.95 9.25 10.52 11.74 12.90 14.02 15.07 16.06 16.99 17.89 18.75 19.58 20.38 21.14 21.87 22.57 23.24 23.88 24.49 25.07 25.62 26.14 26.64 27.11 27.55 27.97 28.36 28.73 29.08 29.40 29.71 30.00 30.28 30.54 30.78 31.00 31.21 31.38 31.54 31.67 31.78 31.87 31.98 32.11 32.25 32.42 32.59 32.78 32.99 33.20 33.42 33.65 33.88 34.12 34.35 34.59 34.83 35.06 35.29 35.51 35.73 35.93 36.13 36.31 36.48 36.64 36.78 36.92 37.04 37.16 37.26 37.36
0.00 0.00 0.00 1.04 2.47 3.88 5.26 6.62 7.94 9.22 10.47 11.67 12.83 13.93 14.98 15.97 16.90 17.80 18.66 19.48 20.27 21.03 21.75 22.44 23.10 23.73 24.32 24.89 25.42 25.93 26.40 26.85 27.27 27.66 28.03 28.37 28.69 28.98 29.25 29.50 29.74 29.95 30.15 30.33 30.48 30.61 30.72 30.81 30.88 30.97 31.07 31.20 31.35 31.51 31.69 31.88 32.08 32.29 32.52 32.74 32.98 33.21 33.45 33.69 33.92 34.16 34.39 34.61 34.82 35.03 35.22 35.40 35.57 35.73 35.88 36.01 36.14 36.26 36.37 36.47
0.00 0.00 0.00 1.23 2.62 3.99 5.34 6.66 7.95 9.21 10.44 11.62 12.76 13.85 14.89 15.88 16.81 17.71 18.56 19.38 20.17 20.91 21.63 22.30 22.95 23.56 24.14 24.68 25.20 25.68 26.14 26.56 26.95 27.32 27.66 27.97 28.25 28.51 28.74 28.95 29.14 29.32 29.47 29.60 29.70 29.79 29.85 29.90 29.96 30.05 30.16 30.29 30.43 30.59 30.77 30.96 31.17 31.38 31.60 31.83 32.06 32.30 32.53 32.77 33.01 33.24 33.47 33.69 33.90 34.10 34.30 34.48 34.65 34.80 34.95 35.09 35.22 35.34 35.45 35.56
0.00 0.00 0.11 1.46 2.80 4.13 5.44 6.72 7.99 9.22 10.42 11.58 12.71 13.78 14.82 15.79 16.72 17.61 18.46 19.27 20.05 20.79 21.48 22.15 22.78 23.37 23.93 24.46 24.95 25.41 25.84 26.24 26.60 26.94 27.25 27.52 27.77 28.00 28.19 28.36 28.50 28.63 28.73 28.81 28.87 28.90 28.93 28.97 29.03 29.12 29.23 29.36 29.51 29.67 29.85 30.04 30.24 30.45 30.67 30.90 31.13 31.37 31.60 31.84 32.08 32.31 32.53 32.75 32.97 33.17 33.36 33.54 33.71 33.87 34.02 34.16 34.29 34.41 34.53 34.64
0.00 0.00 0.42 1.72 3.01 4.29 5.56 6.81 8.04 9.24 10.42 11.56 12.66 13.72 14.74 15.71 16.64 17.52 18.36 19.16 19.92 20.65 21.33 21.98 22.59 23.16 23.70 24.20 24.67 25.11 25.51 25.88 26.21 26.52 26.79 27.03 27.25 27.43 27.59 27.72 27.82 27.89 27.94 27.97 27.98 27.97 27.99 28.03 28.10 28.18 28.29 28.42 28.57 28.73 28.91 29.10 29.30 29.52 29.74 29.96 30.19 30.43 30.66 30.90 31.13 31.37 31.59 31.81 32.02 32.22 32.41 32.59 32.76 32.92 33.07 33.21 33.34 33.47 33.59 33.70
0.00 0.00 0.76 2.01 3.25 4.48 5.71 6.92 8.11 9.28 10.43 11.54 12.63 13.67 14.68 15.64 16.55 17.42 18.25 19.04 19.79 20.49 21.16 21.79 22.38 22.93 23.45 23.93 24.37 24.77 25.14 25.48 25.79 26.06 26.29 26.50 26.67 26.82 26.93 27.02 27.07 27.10 27.10 27.08 27.04 27.03 27.05 27.09 27.15 27.24 27.35 27.48 27.63 27.79 27.97 28.16 28.36 28.57 28.79 29.02 29.25 29.48 29.72 29.95 30.18 30.41 30.64 30.86 31.06 31.26 31.45 31.63 31.80 31.96 32.11 32.25 32.38 32.51 32.63 32.75
0.00 0.00 1.14 2.33 3.52 4.70 5.88 7.05 8.20 9.34 10.45 11.54 12.60 13.62 14.61 15.56 16.46 17.32 18.14 18.91 19.64 20.33 20.98 21.59 22.15 22.68 23.17 23.62 24.03 24.41 24.75 25.05 25.32 25.55 25.75 25.92 26.05 26.16 26.23 26.26 26.27 26.25 26.20 26.14 26.10 26.08 26.10 26.14 26.21 26.30 26.40 26.53 26.68 26.84 27.02 27.21 27.41 27.62 27.84 28.06 28.29 28.53 28.76 28.99 29.23 29.45 29.68 29.89 30.10 30.30 30.48 30.66 30.83 30.99 31.14 31.28 31.42 31.55 31.67 31.79
0.00 0.43 1.55 2.68 3.81 4.94 6.07 7.20 8.31 9.41 10.49 11.55 12.58 13.58 14.55 15.49 16.38 17.22 18.02 18.78 19.49 20.16 20.78 21.37 21.91 22.41 22.87 23.29 23.67 24.01 24.32 24.59 24.82 25.01 25.17 25.30 25.39 25.44 25.47 25.46 25.41 25.34 25.26 25.19 25.15 25.13 25.15 25.19 25.26 25.34 25.45 25.58 25.73 25.89 26.07 26.26 26.46 26.67 26.88 27.11 27.33 27.57 27.80 28.03 28.26 28.49 28.71 28.92 29.13 29.32 29.51 29.68 29.85 30.01 30.16 30.30 30.44 30.57 30.70 30.82
0.00 0.94 1.99 3.06 4.13 5.21 6.29 7.37 8.44 9.50 10.54 11.57 12.57 13.55 14.50 15.41 16.29 17.12 17.90 18.63 19.32 19.97 20.57 21.13 21.64 22.11 22.54 22.93 23.28 23.59 23.85 24.08 24.28 24.43 24.55 24.63 24.67 24.68 24.65 24.59 24.50 24.39 24.30 24.23 24.19 24.18 24.20 24.24 24.30 24.39 24.50 24.63 24.77 24.93 25.11 25.30 25.50 25.71 25.92 26.14 26.37 26.60 26.83 27.06 27.29 27.51 27.73 27.95 28.15 28.34 28.52 28.70 28.86 29.02 29.17 29.32 29.46 29.59 29.72 29.84
0.51 1.48 2.46 3.47 4.48 5.50 6.53 7.56 8.58 9.60 10.60 11.60 12.57 13.52 14.45 15.34 16.20 17.01 17.77 18.48 19.15 19.77 20.34 20.87 21.35 21.79 22.19 22.54 22.86 23.13 23.36 23.54 23.69 23.80 23.88 23.91 23.90 23.86 23.79 23.67 23.54 23.43 23.34 23.28 23.24 23.23 23.24 23.28 23.35 23.44 23.54 23.67 23.82 23.98 24.15 24.34 24.54 24.74 24.96 25.18 25.40 25.63 25.86 26.09 26.32 26.54 26.76 26.97 27.17 27.36 27.54 27.71 27.87 28.03 28.18 28.33 28.46 28.60 28.73 28.85
1.16 2.05 2.97 3.90 4.85 5.82 6.79 7.77 8.74 9.71 10.68 11.64 12.57 13.50 14.40 15.27 16.10 16.89 17.63 18.32 18.96 19.55 20.09 20.59 21.04 21.45 21.81 22.13 22.40 22.63 22.82 22.97 23.07 23.14 23.16 23.14 23.09 23.00 22.87 22.72 22.58 22.47 22.38 22.32 22.29 22.28 22.29 22.33 22.40 22.48 22.59 22.71 22.86 23.02 23.19 23.38 23.57 23.78 23.99 24.21 24.44 24.66 24.89 25.12 25.34 25.56 25.77 25.98 26.18 26.37 26.55 26.72 26.88 27.03 27.18 27.33 27.47 27.61 27.74 27.86
1.84 2.66 3.50 4.37 5.25 6.16 7.07 7.99 8.92 9.84 10.77 11.68 12.59 13.48 14.35 15.20 16.01 16.77 17.48 18.15 18.76 19.32 19.83 20.30 20.71 21.09 21.41 21.69 21.92 22.11 22.25 22.35 22.41 22.43 22.40 22.33 22.22 22.08 21.91 21.75 21.62 21.52 21.43 21.37 21.34 21.33 21.34 21.38 21.44 21.53 21.64 21.76 21.90 22.06 22.23 22.42 22.61 22.82 23.03 23.24 23.47 23.69 23.92 24.14 24.36 24.58 24.79 25.00 25.19 25.38 25.55 25.72 25.88 26.04 26.19 26.33 26.47 26.61 26.74 26.87
2.55 3.29 4.06 4.86 5.68 6.52 7.37 8.24 9.11 9.99 10.87 11.74 12.61 13.46 14.30 15.12 15.91 16.65 17.33 17.96 18.54 19.07 19.55 19.98 20.36 20.69 20.98 21.21 21.40 21.55 21.65 21.70 21.71 21.67 21.59 21.47 21.31 21.12 20.95 20.80 20.67 20.57 20.49 20.43 20.40 20.39 20.40 20.44 20.50 20.58 20.68 20.81 20.95 21.11 21.28 21.46 21.65 21.85 22.06 22.28 22.50 22.72 22.94 23.17 23.38 23.60 23.81 24.01 24.21 24.39 24.56 24.72 24.88 25.04 25.19 25.33 25.47 25.61 25.74 25.87
3.30 3.96 4.66 5.38 6.13 6.90 7.69 8.50 9.32 10.14 10.97 11.80 12.63 13.45 14.25 15.05 15.81 16.52 17.17 17.77 18.32 18.81 19.26 19.65 19.99 20.28 20.52 20.71 20.86 20.95 21.00 21.01 20.96 20.87 20.74 20.56 20.36 20.17 20.00 19.86 19.73 19.63 19.55 19.50 19.46 19.45 19.46 19.50 19.56 19.64 19.74 19.86 20.00 20.15 20.32 20.50 20.69 20.90 21.10 21.32 21.53 21.75 21.97 22.19 22.41 22.62 22.83 23.03 23.22 23.40 23.57 23.73 23.89 24.04 24.19 24.33 24.47 24.61 24.74 24.88
4.09 4.66 5.28 5.92 6.60 7.31 8.03 8.78 9.54 10.31 11.09 11.87 12.66 13.44 14.21 14.97 15.70 16.38 17.00 17.57 18.08 18.54 18.94 19.29 19.59 19.84 20.03 20.18 20.28 20.32 20.32 20.27 20.18 20.03 19.84 19.63 19.42 19.24 19.07 18.93 18.81 18.71 18.63 18.58 18.54 18.53 18.54 18.57 18.62 18.70 18.80 18.92 19.06 19.21 19.38 19.55 19.74 19.94 20.15 20.36 20.57 20.79 21.01 21.22 21.44 21.65 21.85 22.05 22.23 22.41 22.58 22.73 22.89 23.04 23.19 23.33 23.47 23.61 23.75 23.88
4.90 5.39 5.93 6.50 7.10 7.73 8.39 9.07 9.78 10.49 11.22 11.95 12.69 13.43 14.16 14.89 15.59 16.23 16.82 17.35 17.82 18.24 18.60 18.91 19.17 19.37 19.52 19.62 19.66 19.66 19.60 19.50 19.35 19.15 18.92 18.70 18.50 18.32 18.16 18.02 17.90 17.80 17.72 17.67 17.63 17.62 17.63 17.66 17.71 17.78 17.87 17.98 18.12 18.27 18.43 18.61 18.80 18.99 19.20 19.40 19.62 19.83 20.04 20.26 20.47 20.68 20.88 21.07 21.25 21.43 21.59 21.74 21.90 22.04 22.19 22.33 22.47 22.61 22.75 22.89
5.75 6.16 6.60 7.09 7.62 8.18 8.77 9.39 10.02 10.68 11.36 12.04 12.73 13.42 14.12 14.81 15.47 16.08 16.63 17.12 17.55 17.93 18.25 18.51 18.72 18.88 18.98 19.02 19.02 18.96 18.85 18.69 18.48 18.23 18.00 17.79 17.59 17.42 17.26 17.12 17.01 16.91 16.83 16.78 16.74 16.73 16.73 16.76 16.80 16.87 16.96 17.06 17.19 17.34 17.50 17.67 17.86 18.05 18.25 18.46 18.67 18.88 19.09 19.30 19.51 19.71 19.91 20.10 20.28 20.45 20.61 20.76 20.91 21.05 21.20 21.34 21.48 21.62 21.76 21.89
6.64 6.95 7.31 7.71 8.16 8.65 9.16 9.71 10.29 10.88 11.50 12.13 12.77 13.42 14.07 14.72 15.35 15.92 16.43 16.88 17.27 17.60 17.88 18.09 18.25 18.36 18.40 18.40 18.34 18.22 18.05 17.83 17.58 17.34 17.11 16.90 16.71 16.54 16.39 16.25 16.14 16.04 15.97 15.91 15.87 15.85 15.85 15.88 15.92 15.98 16.06 16.16 16.28 16.42 16.58 16.75 16.93 17.12 17.32 17.52 17.72 17.93 18.14 18.35 18.55 18.75 18.95 19.13 19.31 19.47 19.63 19.78 19.93 20.07 20.21 20.35 20.49 20.63 20.77 20.91
7.54 7.77 8.04 8.36 8.73 9.13 9.58 10.05 10.56 11.10 11.65 12.23 12.82 13.42 14.02 14.63 15.22 15.75 16.22 16.62 16.97 17.26 17.48 17.65 17.76 17.81 17.80 17.74 17.62 17.45 17.22 16.96 16.70 16.46 16.24 16.04 15.85 15.69 15.54 15.40 15.29 15.20 15.12 15.06 15.02 15.00 15.00 15.02 15.05 15.11 15.18 15.27 15.38 15.51 15.66 15.83 16.01 16.20 16.39 16.59 16.79 17.00 17.20 17.41 17.61 17.80 17.99 18.18 18.35 18.51 18.66 18.81 18.95 19.09 19.23 19.37 19.51 19.65 19.79 19.92
8.45 8.61 8.80 9.03 9.31 9.64 10.01 10.41 10.85 11.32 11.81 12.33 12.86 13.41 13.97 14.54 15.08 15.57 15.99 16.35 16.65 16.89 17.07 17.18 17.24 17.23 17.17 17.05 16.87 16.64 16.37 16.10 15.85 15.62 15.41 15.21 15.03 14.86 14.71 14.58 14.47 14.38 14.30 14.24 14.20 14.17 14.17 14.18 14.21 14.26 14.32 14.41 14.51 14.63 14.77 14.93 15.10 15.29 15.48 15.67 15.87 16.07 16.27 16.48 16.67 16.86 17.05 17.23 17.40 17.55 17.70 17.84 17.98 18.12 18.26 18.40 18.53 18.67 18.81 18.95
9.33 9.45 9.58 9.72 9.92 10.16 10.45 10.78 11.15 11.55 11.98 12.43 12.91 13.41 13.92 14.44 14.94 15.38 15.76 16.07 16.32 16.51 16.63 16.69 16.69 16.63 16.51 16.33 16.09 15.81 15.54 15.28 15.04 14.81 14.60 14.41 14.23 14.07 13.92 13.79 13.68 13.59 13.51 13.45 13.40 13.37 13.36 13.37 13.39 13.43 13.49 13.57 13.66 13.77 13.90 14.05 14.21 14.39 14.58 14.77 14.96 15.16 15.36 15.56 15.75 15.94 16.12 16.29 16.46 16.61 16.75 16.89 17.03 17.16 17.30 17.43 17.57 17.71 17.84 17.98
10.16 10.26 10.35 10.43 10.55 10.71 10.91 11.17 11.46 11.79 12.15 12.54 12.96 13.40 13.86 14.33 14.79 15.18 15.51 15.77 15.97 16.10 16.17 16.17 16.12 15.99 15.81 15.57 15.29 15.01 14.74 14.49 14.25 14.03 13.83 13.64 13.47 13.31 13.16 13.04 12.92 12.83 12.75 12.68 12.63 12.60 12.59 12.59 12.60 12.64 12.69 12.75 12.84 12.94 13.05 13.19 13.34 13.51 13.69 13.88 14.07 14.26 14.46 14.65 14.84 15.02 15.20 15.37 15.53 15.68 15.81 15.95 16.08 16.21 16.35 16.48 16.62 16.75 16.89 17.03
10.96 11.02 11.08 11.14 11.19 11.27 11.39 11.56 11.78 12.04 12.33 12.66 13.02 13.40 13.80 14.22 14.63 14.97 15.25 15.46 15.60 15.68 15.69 15.63 15.51 15.33 15.09 14.80 14.51 14.24 13.98 13.74 13.51 13.30 13.10 12.91 12.74 12.58 12.44 12.31 12.20 12.10 12.02 11.95 11.90 11.86 11.84 11.84 11.85 11.87 11.91 11.97 12.04 12.13 12.24 12.36 12.49 12.65 12.82 13.00 13.19 13.38 13.57 13.76 13.94 14.12 14.29 14.46 14.61 14.76 14.89 15.02 15.15 15.28 15.41 15.54 15.67 15.81 15.95 16.09
11.72 11.74 11.77 11.80 11.82 11.84 11.88 11.97 12.11 12.29 12.52 12.78 13.07 13.39 13.74 14.11 14.46 14.75 14.98 15.13 15.22 15.23 15.18 15.07 14.89 14.64 14.35 14.06 13.78 13.52 13.27 13.03 12.81 12.60 12.40 12.22 12.05 11.89 11.75 11.63 11.51 11.41 11.33 11.26 11.20 11.16 11.13 11.12 11.12 11.14 11.17 11.22 11.28 11.36 11.45 11.56 11.68 11.82 11.97 12.14 12.33 12.51 12.70 12.88 13.06 13.23 13.40 13.56 13.71 13.85 13.98 14.10 14.23 14.36 14.48 14.61 14.74 14.88 15.01 15.16
12.42 12.42 12.41 12.41 12.40 12.39 12.38 12.39 12.45 12.55 12.70 12.89 13.12 13.38 13.67 13.98 14.29 14.52 14.69 14.79 14.81 14.77 14.66 14.48 14.23 13.94 13.65 13.37 13.10 12.84 12.60 12.37 12.15 11.94 11.75 11.57 11.40 11.25 11.11 10.98 10.87 10.76 10.68 10.60 10.54 10.49 10.46 10.44 10.43 10.44 10.46 10.50 10.55 10.62 10.70 10.79 10.90 11.02 11.16 11.31 11.48 11.66 11.84 12.02 12.20 12.37 12.53 12.68 12.83 12.96 13.09 13.21 13.33 13.45 13.57 13.70 13.83 13.96 14.10 14.24
13.07 13.04 13.01 12.98 12.94 12.90 12.86 12.82 12.80 12.82 12.90 13.02 13.17 13.37 13.60 13.85 14.10 14.28 14.39 14.42 14.39 14.28 14.10 13.86 13.57 13.27 12.99 12.72 12.46 12.21 11.97 11.75 11.54 11.33 11.14 10.97 10.80 10.65 10.51 10.38 10.26 10.16 10.06 9.99 9.92 9.87 9.83 9.80 9.79 9.78 9.80 9.82 9.86 9.91 9.98 10.06 10.15 10.26 10.38 10.52 10.67 10.83 11.01 11.18 11.35 11.52 11.67 11.82 11.96 12.09 12.21 12.33 12.44 12.56 12.68 12.81 12.93 13.06 13.20 13.35
13.67 13.61 13.55 13.49 13.42 13.36 13.30 13.23 13.15 13.10 13.10 13.14 13.23 13.35 13.52 13.71 13.90 14.02 14.07 14.04 13.94 13.77 13.53 13.24 12.94 12.66 12.39 12.12 11.87 11.63 11.40 11.18 10.97 10.77 10.59 10.41 10.24 10.09 9.95 9.82 9.70 9.59 9.50 9.41 9.34 9.28 9.24 9.20 9.18 9.17 9.17 9.18 9.21 9.25 9.30 9.37 9.45 9.54 9.64 9.76 9.89 10.04 10.19 10.36 10.53 10.69 10.84 10.98 11.12 11.24 11.35 11.46 11.58 11.69 11.81 11.93 12.05 12.18 12.32 12.48
14.20 14.11 14.02 13.94 13.85 13.76 13.67 13.58 13.48 13.38 13.30 13.26 13.28 13.33 13.43 13.56 13.69 13.75 13.74 13.64 13.48 13.24 12.95 12.66 12.38 12.10 11.84 11.58 11.34 11.10 10.88 10.66 10.46 10.26 10.08 9.90 9.74 9.58 9.44 9.31 9.19 9.08 8.98 8.89 8.81 8.75 8.69 8.65 8.61 8.59 8.58 8.59 8.60 8.63 8.67 8.72 8.78 8.85 8.94 9.04 9.15 9.28 9.41 9.56 9.72 9.88 10.02 10.16 10.29 10.41 10.51 10.62 10.73 10.84 10.95 11.07 11.19 11.33 11.48 11.64
