data_processed/recharge/precip/Precip_1987_07.asc
ncols        168
nrows        136
xllcorner    455000
yllcorner    2107000
cellsize     500
NODATA_value     -99999
[rows 32 to 63 of 136, columns 0 to 71 of 168]
249.63 237.62 225.58 213.60 201.76 190.15 178.88 168.27 158.65 150.10 142.67 136.58 132.41 130.35 130.36 132.37 136.31 142.12 149.74 159.10 170.03 180.97 190.41 198.29 204.63 209.47 212.84 214.75 215.23 214.34 212.47 210.46 208.54 206.69 204.92 203.38 202.13 201.03 199.95 198.75 197.27 195.39 192.95 189.81 186.04 182.05 177.97 173.82 169.66 165.51 161.41 157.41 153.54 149.90 146.83 144.49 142.85 141.88 141.60 142.07 143.26 145.08 147.44 150.28 153.51 157.04 160.81 164.61 167.68 169.72 170.79 170.96
251.95 240.19 228.41 216.69 205.12 193.80 183.05 173.18 164.26 156.33 149.44 143.62 139.11 136.47 135.92 137.41 140.87 146.23 153.43 162.40 172.98 183.54 192.52 199.86 205.58 209.72 212.29 213.34 212.89 211.38 209.70 208.09 206.54 205.02 203.51 202.00 200.60 199.34 198.09 196.71 195.05 192.97 190.32 186.97 182.99 178.80 174.53 170.21 165.88 161.58 157.34 153.22 149.30 145.93 143.28 141.32 140.01 139.30 139.16 139.61 140.72 142.44 144.69 147.40 150.47 153.84 157.43 161.03 163.93 165.84 166.83 166.96
254.04 242.61 231.15 219.76 208.55 197.80 187.81 178.67 170.40 163.05 156.65 151.24 146.87 143.76 142.49 143.28 146.08 150.82 157.43 165.84 175.90 185.91 194.26 200.89 205.82 209.08 210.70 210.72 209.59 208.26 206.98 205.75 204.54 203.31 202.05 200.72 199.31 197.91 196.50 194.95 193.11 190.84 188.00 184.45 180.27 175.89 171.43 166.95 162.46 158.02 153.66 149.49 145.85 142.91 140.65 139.03 138.00 137.51 137.52 138.00 138.98 140.51 142.56 145.05 147.89 151.00 154.31 157.63 160.26 161.96 162.77 162.77
255.86 244.82 233.76 222.79 212.19 202.23 193.01 184.54 176.87 170.04 164.09 159.05 154.96 151.86 149.98 149.92 151.89 155.83 161.68 169.36 178.72 188.01 195.56 201.31 205.27 207.49 207.99 207.27 206.30 205.39 204.49 203.60 202.68 201.71 200.66 199.50 198.20 196.76 195.21 193.49 191.49 189.04 186.02 182.28 177.90 173.34 168.71 164.07 159.44 154.87 150.47 146.58 143.37 140.84 138.92 137.59 136.78 136.47 136.60 137.14 138.04 139.33 141.09 143.26 145.77 148.54 151.49 154.43 156.72 158.11 158.66 158.43
257.36 246.77 236.19 225.88 216.11 206.95 198.43 190.59 183.48 177.12 171.56 166.83 162.98 160.04 158.05 157.24 158.22 161.19 166.10 172.89 181.38 189.77 196.35 201.05 203.87 204.89 204.59 204.01 203.47 202.93 202.39 201.80 201.14 200.38 199.50 198.47 197.27 195.86 194.23 192.37 190.21 187.60 184.41 180.48 175.92 171.18 166.40 161.61 156.85 152.24 148.11 144.67 141.88 139.69 138.07 136.98 136.35 136.17 136.37 136.92 137.77 138.88 140.29 142.07 144.16 146.50 148.99 151.47 153.32 154.31 154.51 153.97
258.48 248.43 238.56 229.12 220.16 211.73 203.87 196.62 190.01 184.07 178.86 174.40 170.74 167.90 165.94 164.89 164.99 166.83 170.64 176.35 183.80 191.13 196.57 200.03 201.57 201.72 201.55 201.40 201.25 201.06 200.82 200.49 200.06 199.48 198.74 197.80 196.65 195.25 193.58 191.61 189.30 186.54 183.18 179.09 174.35 169.45 164.52 159.60 154.79 150.46 146.80 143.77 141.34 139.46 138.09 137.18 136.70 136.59 136.81 137.32 138.08 139.05 140.17 141.49 143.08 144.89 146.85 148.77 150.09 150.60 150.35 149.44
259.19 249.90 240.92 232.32 224.13 216.39 209.14 202.42 196.26 190.70 185.79 181.55 178.02 175.25 173.27 172.12 171.84 172.67 175.21 179.68 185.92 192.01 196.13 198.22 198.83 199.09 199.36 199.60 199.80 199.93 199.96 199.85 199.60 199.17 198.52 197.65 196.51 195.08 193.34 191.26 188.80 185.89 182.38 178.13 173.23 168.18 163.11 158.13 153.62 149.76 146.52 143.86 141.75 140.12 138.95 138.19 137.79 137.71 137.91 138.34 138.96 139.73 140.60 141.53 142.56 143.76 145.08 146.36 147.07 147.00 146.24 145.08
259.57 251.21 243.10 235.30 227.82 220.72 214.04 207.79 202.04 196.81 192.14 188.07 184.63 181.87 179.83 178.53 178.02 178.35 179.74 182.81 187.66 192.35 195.00 196.10 196.81 197.51 198.17 198.78 199.29 199.69 199.95 200.04 199.93 199.60 199.02 198.16 197.00 195.51 193.66 191.43 188.79 185.70 182.04 177.63 172.58 167.39 162.27 157.59 153.55 150.12 147.26 144.93 143.08 141.67 140.65 139.99 139.63 139.53 139.66 139.96 140.39 140.91 141.48 142.05 142.59 143.12 143.72 144.28 144.27 143.56 142.44 141.22
259.64 252.18 244.90 237.84 231.03 224.53 218.35 212.54 207.14 202.18 197.71 193.76 190.37 187.57 185.41 183.92 183.14 183.11 183.87 185.65 188.96 192.09 193.69 194.87 196.03 197.13 198.16 199.08 199.87 200.51 200.96 201.20 201.20 200.94 200.38 199.51 198.29 196.69 194.70 192.28 189.41 186.06 182.18 177.62 172.43 167.19 162.37 158.17 154.58 151.54 149.01 146.96 145.33 144.08 143.17 142.55 142.18 142.02 142.03 142.15 142.35 142.58 142.80 142.97 143.04 142.97 142.80 142.53 141.76 140.57 139.30 138.01
259.22 252.61 246.11 239.75 233.56 227.59 221.88 216.45 211.36 206.63 202.31 198.43 195.03 192.14 189.82 188.09 186.98 186.55 186.83 187.85 189.76 191.77 193.45 195.08 196.64 198.11 199.47 200.67 201.71 202.54 203.15 203.50 203.57 203.34 202.77 201.84 200.52 198.79 196.62 193.97 190.83 187.17 182.96 178.15 172.89 167.95 163.63 159.89 156.69 154.00 151.76 149.93 148.47 147.33 146.48 145.86 145.44 145.17 145.01 144.90 144.82 144.72 144.54 144.26 143.82 143.18 142.31 141.19 139.83 138.40 136.96 135.54
258.09 252.30 246.53 240.83 235.23 229.76 224.47 219.39 214.57 210.03 205.82 201.97 198.52 195.52 192.99 190.97 189.51 188.64 188.40 188.84 190.19 192.27 194.41 196.48 198.43 200.25 201.91 203.38 204.63 205.65 206.39 206.84 206.96 206.74 206.14 205.13 203.70 201.80 199.43 196.54 193.11 189.12 184.54 179.34 174.05 169.58 165.73 162.41 159.57 157.18 155.19 153.55 152.23 151.17 150.34 149.69 149.18 148.76 148.39 148.03 147.63 147.15 146.55 145.77 144.79 143.55 142.03 140.38 138.70 137.03 135.39 133.77
256.06 251.08 246.05 241.00 235.98 231.01 226.14 221.40 216.84 212.48 208.38 204.56 201.06 197.93 195.19 192.89 191.07 189.75 189.00 189.09 190.55 192.94 195.51 198.03 200.40 202.60 204.59 206.36 207.86 209.08 209.99 210.56 210.77 210.58 209.98 208.93 207.41 205.38 202.83 199.73 196.05 191.76 186.83 181.24 175.59 171.18 167.76 164.85 162.38 160.29 158.54 157.09 155.90 154.91 154.10 153.41 152.80 152.23 151.66 151.03 150.31 149.45 148.41 147.15 145.62 143.79 141.82 139.92 138.02 136.10 134.22 132.39
253.14 248.98 244.69 240.29 235.85 231.38 226.93 222.54 218.24 214.07 210.08 206.29 202.74 199.48 196.54 193.96 191.77 190.03 189.00 189.25 191.00 193.64 196.50 199.44 202.27 204.89 207.26 209.35 211.15 212.62 213.74 214.47 214.80 214.70 214.13 213.07 211.50 209.39 206.71 203.43 199.54 194.98 189.73 183.78 177.75 172.97 169.57 167.04 164.92 163.14 161.64 160.38 159.32 158.42 157.63 156.90 156.20 155.49 154.70 153.82 152.78 151.54 150.07 148.32 146.26 144.02 141.83 139.73 137.64 135.51 133.39 131.33
249.43 246.03 242.48 238.75 234.88 230.91 226.89 222.84 218.81 214.84 210.95 207.19 203.60 200.22 197.08 194.21 191.68 189.73 188.93 189.52 191.54 194.42 197.51 200.74 203.99 207.06 209.85 212.32 214.45 216.21 217.57 218.51 219.00 219.02 218.53 217.51 215.93 213.77 211.00 207.59 203.51 198.70 193.16 186.91 180.54 175.37 171.58 169.04 167.24 165.77 164.52 163.46 162.54 161.71 160.95 160.19 159.40 158.54 157.56 156.41 155.06 153.45 151.55 149.33 146.90 144.46 142.08 139.79 137.50 135.19 132.87 130.58
245.20 242.33 239.47 236.40 233.12 229.66 226.06 222.36 218.60 214.82 211.05 207.32 203.69 200.19 196.84 193.71 191.05 189.38 188.97 189.88 192.17 195.29 198.62 202.07 205.59 209.07 212.31 215.20 217.70 219.79 221.44 222.63 223.32 223.50 223.13 222.19 220.65 218.48 215.66 212.14 207.88 202.85 197.07 190.57 183.93 178.41 174.20 171.24 169.40 168.19 167.20 166.34 165.56 164.82 164.08 163.30 162.43 161.42 160.24 158.84 157.17 155.20 152.89 150.34 147.73 145.12 142.55 140.06 137.58 135.09 132.61 130.14
240.65 238.14 235.74 233.29 230.60 227.65 224.48 221.14 217.65 214.06 210.40 206.72 203.05 199.42 195.89 192.70 190.38 189.15 189.11 190.35 192.91 196.26 199.81 203.47 207.20 210.95 214.60 217.94 220.85 223.31 225.30 226.77 227.71 228.09 227.88 227.05 225.59 223.45 220.61 216.98 212.56 207.35 201.39 194.70 187.83 182.02 177.45 174.06 171.77 170.48 169.71 169.05 168.41 167.77 167.06 166.25 165.30 164.15 162.78 161.12 159.15 156.83 154.23 151.52 148.75 145.97 143.22 140.53 137.86 135.20 132.55 129.93
235.86 233.66 231.56 229.52 227.37 224.93 222.19 219.20 215.99 212.60 209.06 205.42 201.71 197.97 194.46 191.67 189.84 189.04 189.38 190.93 193.75 197.33 201.10 204.97 208.91 212.85 216.74 220.49 223.85 226.73 229.08 230.88 232.10 232.73 232.72 232.05 230.70 228.62 225.74 222.02 217.49 212.16 206.07 199.23 192.20 186.16 181.28 177.50 174.76 173.01 172.11 171.61 171.13 170.57 169.90 169.07 168.04 166.76 165.19 163.29 161.03 158.46 155.72 152.87 149.95 147.00 144.07 141.18 138.32 135.48 132.67 129.90
230.89 228.97 227.12 225.32 223.51 221.54 219.24 216.61 213.67 210.48 207.06 203.46 199.73 196.08 193.03 190.78 189.43 189.06 189.76 191.63 194.70 198.51 202.49 206.57 210.70 214.83 218.91 222.89 226.65 229.98 232.74 234.91 236.46 237.36 237.60 237.13 235.92 233.87 230.96 227.20 222.61 217.22 211.05 204.12 196.97 190.75 185.61 181.50 178.37 176.13 174.75 174.10 173.73 173.27 172.63 171.79 170.68 169.27 167.52 165.38 162.91 160.21 157.36 154.37 151.30 148.19 145.07 141.98 138.93 135.91 132.94 130.03
225.82 224.12 222.49 220.88 219.26 217.57 215.66 213.39 210.74 207.75 204.45 200.91 197.33 194.21 191.74 190.03 189.16 189.21 190.28 192.45 195.77 199.79 203.98 208.26 212.58 216.90 221.15 225.30 229.29 233.01 236.22 238.80 240.72 241.95 242.46 242.21 241.11 239.10 236.20 232.45 227.86 222.46 216.26 209.31 202.09 195.74 190.40 186.02 182.53 179.88 178.00 176.84 176.27 175.87 175.28 174.42 173.24 171.71 169.77 167.47 164.90 162.10 159.13 156.01 152.79 149.50 146.20 142.91 139.67 136.48 133.35 130.29
220.70 219.19 217.73 216.28 214.80 213.23 211.54 209.59 207.22 204.44 201.28 197.97 194.97 192.48 190.61 189.43 189.03 189.50 190.93 193.40 196.96 201.20 205.59 210.06 214.57 219.06 223.48 227.80 231.94 235.88 239.48 242.50 244.83 246.42 247.24 247.17 246.16 244.23 241.41 237.72 233.19 227.82 221.66 214.72 207.50 201.07 195.59 190.98 187.20 184.18 181.86 180.18 179.08 178.45 177.87 177.00 175.75 174.10 172.04 169.66 167.00 164.10 161.01 157.75 154.38 150.93 147.44 143.96 140.52 137.15 133.86 130.66
215.60 214.24 212.92 211.58 210.20 208.71 207.09 205.29 203.17 200.60 197.75 195.07 192.77 190.93 189.64 188.98 189.05 189.93 191.71 194.48 198.28 202.72 207.31 211.97 216.66 221.32 225.91 230.38 234.67 238.75 242.55 245.97 248.74 250.71 251.77 251.87 251.01 249.22 246.53 242.96 238.53 233.26 227.18 220.31 213.14 206.69 201.11 196.34 192.31 188.98 186.27 184.13 182.49 181.31 180.45 179.54 178.24 176.50 174.38 171.93 169.19 166.19 162.97 159.58 156.06 152.45 148.77 145.09 141.47 137.92 134.47 131.12
210.58 209.34 208.11 206.85 205.52 204.08 202.49 200.69 198.67 196.45 194.29 192.36 190.75 189.54 188.83 188.69 189.23 190.51 192.64 195.70 199.73 204.37 209.15 214.00 218.86 223.69 228.44 233.06 237.49 241.70 245.64 249.24 252.37 254.66 255.95 256.25 255.60 254.00 251.49 248.09 243.82 238.70 232.76 226.02 218.95 212.53 206.91 202.02 197.81 194.21 191.17 188.62 186.50 184.76 183.33 182.11 180.74 178.96 176.79 174.27 171.44 168.34 165.01 161.48 157.81 154.03 150.17 146.29 142.48 138.76 135.14 131.65
205.71 204.54 203.37 202.15 200.84 199.40 197.79 195.97 194.07 192.40 191.01 189.83 188.90 188.33 188.19 188.57 189.56 191.25 193.72 197.05 201.32 206.15 211.12 216.14 221.17 226.16 231.07 235.83 240.41 244.75 248.80 252.49 255.65 258.13 259.69 260.27 259.87 258.52 256.25 253.07 249.01 244.09 238.34 231.79 224.86 218.54 212.93 207.98 203.64 199.83 196.50 193.60 191.06 188.81 186.81 184.99 183.30 181.46 179.24 176.65 173.73 170.53 167.08 163.43 159.60 155.65 151.61 147.54 143.53 139.64 135.87 132.23
201.05 199.92 198.76 197.54 196.21 194.74 193.08 191.35 189.86 188.73 187.96 187.49 187.25 187.30 187.73 188.62 190.06 192.14 194.95 198.56 203.05 208.07 213.22 218.41 223.61 228.75 233.80 238.71 243.42 247.88 252.02 255.66 258.72 261.18 262.96 263.85 263.76 262.72 260.73 257.83 254.04 249.38 243.87 237.55 230.83 224.65 219.11 214.15 209.73 205.77 202.21 199.01 196.09 193.40 190.85 188.44 186.16 184.01 181.71 179.05 176.05 172.75 169.18 165.39 161.41 157.30 153.08 148.81 144.61 140.54 136.61 132.83
196.67 195.54 194.36 193.10 191.71 190.16 188.56 187.20 186.20 185.55 185.28 185.37 185.78 186.45 187.44 188.84 190.73 193.20 196.33 200.22 204.93 210.13 215.45 220.81 226.16 231.46 236.66 241.69 246.53 251.08 255.16 258.68 261.62 264.00 265.80 266.95 267.22 266.53 264.88 262.31 258.84 254.49 249.29 243.25 236.80 230.80 225.38 220.48 216.02 211.96 208.24 204.78 201.54 198.42 195.37 192.40 189.54 186.81 184.20 181.45 178.36 174.96 171.28 167.35 163.23 158.95 154.54 150.08 145.69 141.45 137.35 133.43
192.63 191.45 190.21 188.87 187.39 185.88 184.60 183.68 183.11 182.90 183.07 183.61 184.54 185.80 187.35 189.24 191.57 194.42 197.88 202.04 206.95 212.34 217.82 223.35 228.85 234.30 239.63 244.79 249.71 254.20 258.14 261.53 264.37 266.67 268.42 269.62 270.19 269.90 268.65 266.47 263.37 259.38 254.53 248.84 242.70 236.95 231.70 226.90 222.47 218.36 214.52 210.87 207.30 203.76 200.24 196.77 193.38 190.09 186.92 183.85 180.66 177.15 173.35 169.29 165.02 160.57 155.99 151.33 146.75 142.33 138.08 134.01
189.00 187.74 186.40 184.95 183.47 182.23 181.34 180.80 180.62 180.81 181.36 182.31 183.64 185.36 187.44 189.82 192.59 195.82 199.60 204.02 209.14 214.69 220.34 226.02 231.68 237.26 242.72 247.97 252.82 257.15 260.95 264.22 266.97 269.19 270.89 272.07 272.72 272.77 271.97 270.22 267.56 263.99 259.54 254.24 248.47 243.02 238.00 233.35 229.01 224.91 220.99 217.13 213.23 209.30 205.36 201.45 197.57 193.76 190.04 186.44 182.93 179.30 175.38 171.19 166.77 162.15 157.39 152.53 147.77 143.17 138.76 134.55
185.85 184.46 182.98 181.50 180.26 179.36 178.81 178.60 178.76 179.29 180.20 181.49 183.17 185.26 187.74 190.60 193.79 197.39 201.49 206.16 211.48 217.21 223.02 228.84 234.64 240.36 245.90 251.07 255.75 259.91 263.58 266.74 269.40 271.56 273.22 274.38 275.05 275.21 274.79 273.53 271.34 268.24 264.26 259.41 254.06 248.97 244.23 239.79 235.58 231.53 227.51 223.39 219.20 214.94 210.64 206.32 202.01 197.74 193.52 189.38 185.35 181.40 177.35 173.02 168.45 163.67 158.72 153.67 148.72 143.95 139.38 135.03
183.22 181.68 180.15 178.86 177.90 177.29 177.02 177.11 177.56 178.39 179.60 181.19 183.18 185.57 188.37 191.59 195.19 199.15 203.56 208.48 214.00 219.88 225.84 231.81 237.75 243.55 249.00 253.99 258.48 262.50 266.04 269.10 271.68 273.79 275.41 276.56 277.24 277.44 277.17 276.33 274.67 272.10 268.63 264.28 259.40 254.72 250.32 246.14 242.11 238.07 233.88 229.55 225.11 220.57 215.95 211.29 206.60 201.91 197.24 192.62 188.07 183.62 179.24 174.77 170.05 165.10 159.97 154.73 149.58 144.64 139.92 135.42
181.21 179.58 178.20 177.14 176.42 176.04 176.02 176.35 177.05 178.13 179.58 181.43 183.68 186.33 189.39 192.88 196.79 201.10 205.81 210.98 216.68 222.72 228.83 234.94 240.96 246.66 251.91 256.70 261.04 264.91 268.33 271.29 273.80 275.86 277.46 278.61 279.30 279.55 279.35 278.69 277.49 275.49 272.59 268.80 264.45 260.23 256.22 252.34 248.42 244.31 239.99 235.50 230.85 226.08 221.20 216.24 211.22 206.17 201.11 196.05 191.04 186.08 181.21 176.42 171.53 166.42 161.11 155.67 150.34 145.23 140.35 135.73
179.96 178.44 177.24 176.37 175.84 175.65 175.82 176.35 177.25 178.53 180.19 182.25 184.70 187.57 190.85 194.55 198.69 203.26 208.24 213.65 219.54 225.73 231.98 238.18 244.09 249.57 254.61 259.22 263.40 267.14 270.45 273.32 275.76 277.78 279.36 280.51 281.24 281.54 281.41 280.85 279.87 278.37 276.08 272.90 269.14 265.43 261.85 258.19 254.29 250.13 245.73 241.12 236.33 231.38 226.28 221.08 215.78 210.41 205.00 199.57 194.14 188.74 183.39 178.11 172.90 167.61 162.12 156.49 150.97 145.68 140.67 136.00
179.76 178.37 177.31 176.58 176.19 176.15 176.46 177.14 178.20 179.63 181.45 183.67 186.28 189.31 192.76 196.63 200.94 205.69 210.89 216.52 222.59 228.92 235.26 241.34 247.01 252.27 257.11 261.55 265.57 269.18 272.39 275.18 277.57 279.54 281.12 282.28 283.04 283.40 283.35 282.91 282.06 280.80 279.05 276.53 273.40 270.25 267.00 263.45 259.58 255.42 250.99 246.32 241.43 236.35 231.09 225.69 220.16 214.53 208.82 203.06 197.27 191.47 185.69 179.95 174.28 168.66 162.98 157.15 151.44 146.01 140.94 136.23
