data_processed/recharge/precip/Precip_2005_06.asc
ncols        168
nrows        136
xllcorner    455000
yllcorner    2107000
cellsize     500
NODATA_value     -99999
[rows 102 to 135 of 136, columns 0 to 74 of 168]
99.31 100.10 100.34 100.16 99.83 99.41 98.91 98.32 97.65 96.89 96.04 95.11 94.09 92.98 91.79 90.50 89.16 87.85 86.62 85.46 84.36 83.32 82.29 81.18 79.97 78.68 77.30 75.87 74.46 73.29 72.41 71.82 71.51 71.47 71.69 72.17 72.89 73.85 75.03 76.43 78.05 79.88 81.98 84.38 87.05 89.97 93.12 96.32 98.79 100.20 100.63 100.14 98.79 96.77 94.46 92.05 89.56 87.02 84.44 81.85 79.28 76.73 74.24 71.83 69.51 67.32 65.27 63.39 61.67 60.07 58.57 57.13 55.74 54.49 53.45
99.52 99.74 99.55 99.21 98.81 98.33 97.79 97.18 96.49 95.73 94.91 94.00 93.03 91.98 90.86 89.66 88.39 87.08 85.80 84.61 83.50 82.44 81.42 80.32 79.11 77.81 76.44 75.07 73.92 73.02 72.39 72.01 71.87 71.96 72.27 72.80 73.54 74.48 75.61 76.92 78.40 80.05 81.87 83.91 86.21 88.73 91.45 94.21 96.22 97.18 97.15 96.19 94.50 92.48 90.33 88.08 85.74 83.34 80.90 78.45 76.00 73.57 71.20 68.89 66.68 64.58 62.62 60.82 59.18 57.68 56.28 54.95 53.68 52.55 51.65
99.36 99.12 98.75 98.32 97.84 97.30 96.71 96.06 95.36 94.60 93.78 92.90 91.97 90.97 89.92 88.80 87.63 86.39 85.13 83.91 82.78 81.72 80.71 79.62 78.42 77.12 75.82 74.70 73.82 73.16 72.73 72.51 72.49 72.67 73.04 73.58 74.30 75.17 76.20 77.37 78.68 80.12 81.67 83.35 85.21 87.27 89.51 91.77 93.27 93.72 93.16 91.82 90.11 88.24 86.23 84.12 81.91 79.64 77.33 74.99 72.65 70.33 68.05 65.84 63.71 61.69 59.80 58.07 56.51 55.10 53.81 52.60 51.45 50.46 49.71
98.98 98.54 98.05 97.53 96.96 96.36 95.71 95.02 94.29 93.52 92.70 91.84 90.94 89.99 88.99 87.95 86.87 85.74 84.56 83.36 82.22 81.17 80.17 79.09 77.90 76.69 75.63 74.78 74.13 73.67 73.39 73.29 73.35 73.58 73.95 74.46 75.11 75.88 76.76 77.75 78.84 80.02 81.29 82.62 84.03 85.58 87.28 88.98 89.91 89.79 88.80 87.41 85.84 84.10 82.22 80.23 78.14 75.98 73.77 71.52 69.28 67.04 64.84 62.71 60.65 58.69 56.86 55.18 53.66 52.33 51.15 50.06 49.05 48.20 47.60
98.68 98.10 97.50 96.87 96.21 95.53 94.82 94.08 93.32 92.53 91.71 90.86 89.98 89.07 88.13 87.16 86.16 85.12 84.06 82.96 81.85 80.81 79.83 78.76 77.66 76.68 75.89 75.26 74.80 74.49 74.33 74.30 74.40 74.63 74.96 75.40 75.93 76.56 77.25 78.02 78.85 79.73 80.66 81.62 82.60 83.62 84.73 85.81 86.12 85.51 84.46 83.20 81.74 80.12 78.35 76.46 74.47 72.40 70.28 68.12 65.94 63.78 61.64 59.56 57.55 55.64 53.85 52.19 50.71 49.40 48.29 47.33 46.46 45.76 45.30
98.58 97.85 97.12 96.38 95.63 94.86 94.08 93.29 92.49 91.67 90.84 89.99 89.13 88.25 87.36 86.45 85.53 84.58 83.62 82.64 81.65 80.65 79.69 78.72 77.85 77.13 76.55 76.11 75.79 75.59 75.50 75.50 75.60 75.78 76.04 76.36 76.74 77.16 77.63 78.13 78.65 79.19 79.74 80.28 80.81 81.33 81.83 82.24 82.02 81.32 80.39 79.23 77.88 76.36 74.68 72.88 70.97 68.97 66.91 64.82 62.70 60.58 58.49 56.45 54.47 52.59 50.82 49.18 47.70 46.40 45.30 44.40 43.67 43.11 42.70
98.66 97.79 96.93 96.06 95.20 94.35 93.49 92.64 91.79 90.94 90.09 89.24 88.39 87.54 86.69 85.83 84.97 84.11 83.25 82.38 81.51 80.64 79.84 79.10 78.48 77.98 77.57 77.27 77.05 76.91 76.85 76.84 76.89 76.99 77.12 77.28 77.46 77.65 77.84 78.03 78.21 78.36 78.48 78.56 78.60 78.57 78.49 78.36 78.03 77.44 76.60 75.54 74.28 72.84 71.24 69.51 67.66 65.73 63.72 61.67 59.59 57.51 55.45 53.43 51.47 49.60 47.83 46.20 44.71 43.40 42.28 41.37 40.67 40.14 39.73
98.56 97.53 96.52 95.53 94.56 93.61 92.67 91.75 90.84 89.95 89.07 88.21 87.36 86.53 85.70 84.90 84.10 83.31 82.54 81.78 81.03 80.44 80.18 79.82 79.41 79.07 78.81 78.60 78.44 78.32 78.24 78.18 78.14 78.11 78.07 78.03 77.97 77.88 77.76 77.60 77.38 77.10 76.76 76.34 75.83 75.23 74.64 74.29 73.99 73.52 72.79 71.84 70.69 69.34 67.84 66.19 64.43 62.57 60.63 58.64 56.62 54.59 52.58 50.60 48.67 46.83 45.08 43.46 41.98 40.67 39.55 38.58 37.60 36.88 36.46
98.00 96.81 95.65 94.52 93.43 92.36 91.33 90.33 89.36 88.41 87.50 86.62 85.76 84.93 84.13 83.36 82.62 81.90 81.20 80.54 80.04 80.04 80.45 80.63 80.50 80.30 80.13 79.97 79.83 79.70 79.56 79.40 79.23 79.03 78.78 78.50 78.15 77.75 77.27 76.71 76.06 75.31 74.46 73.50 72.41 71.31 70.50 70.04 69.69 69.28 68.71 67.91 66.89 65.69 64.31 62.79 61.15 59.40 57.57 55.69 53.76 51.82 49.89 47.99 46.13 44.36 42.67 41.10 39.67 38.41 37.27 36.05 34.67 33.56 32.97
97.05 95.68 94.36 93.09 91.86 90.68 89.54 88.45 87.40 86.40 85.44 84.52 83.65 82.82 82.03 81.29 80.58 79.92 79.30 78.86 78.91 79.54 80.57 81.32 81.62 81.60 81.48 81.34 81.18 80.98 80.74 80.46 80.11 79.69 79.20 78.63 77.96 77.20 76.32 75.32 74.20 72.95 71.55 70.00 68.41 67.11 66.23 65.68 65.24 64.80 64.33 63.71 62.88 61.85 60.65 59.30 57.81 56.22 54.54 52.79 51.00 49.19 47.39 45.60 43.86 42.19 40.60 39.13 37.79 36.55 35.23 33.69 31.92 30.43 29.49
95.76 94.22 92.73 91.30 89.93 88.62 87.37 86.17 85.04 83.97 82.96 82.00 81.10 80.26 79.47 78.74 78.07 77.45 77.03 77.09 77.74 78.97 80.58 81.83 82.56 82.86 82.83 82.67 82.44 82.14 81.76 81.29 80.73 80.07 79.29 78.39 77.36 76.19 74.87 73.40 71.76 69.95 67.97 65.92 64.16 62.82 61.87 61.23 60.71 60.22 59.74 59.25 58.64 57.83 56.84 55.69 54.41 53.01 51.52 49.95 48.34 46.70 45.06 43.43 41.84 40.31 38.87 37.53 36.27 34.92 33.34 31.48 29.36 27.51 26.23
94.14 92.48 90.83 89.23 87.71 86.26 84.88 83.58 82.36 81.20 80.12 79.12 78.18 77.32 76.52 75.80 75.15 74.71 74.75 75.37 76.57 78.34 80.48 82.19 83.30 83.90 84.06 83.89 83.56 83.12 82.56 81.88 81.06 80.10 78.99 77.72 76.28 74.67 72.87 70.88 68.69 66.29 63.81 61.62 59.85 58.48 57.46 56.74 56.14 55.59 55.09 54.63 54.18 53.62 52.88 51.98 50.93 49.77 48.50 47.16 45.77 44.34 42.90 41.47 40.07 38.73 37.47 36.26 34.95 33.40 31.58 29.44 27.00 24.81 23.22
92.22 90.47 88.70 86.95 85.26 83.67 82.16 80.74 79.41 78.17 77.01 75.95 74.96 74.07 73.26 72.54 72.03 72.00 72.56 73.69 75.39 77.66 80.27 82.40 83.85 84.69 85.03 84.93 84.50 83.88 83.10 82.15 81.04 79.74 78.26 76.58 74.70 72.60 70.28 67.73 64.95 62.06 59.46 57.29 55.52 54.12 53.05 52.24 51.57 50.97 50.44 49.98 49.58 49.22 48.77 48.15 47.38 46.49 45.49 44.42 43.28 42.10 40.90 39.71 38.55 37.43 36.35 35.15 33.72 32.01 29.97 27.57 24.84 22.35 20.47
90.05 88.22 86.37 84.51 82.68 80.92 79.27 77.73 76.28 74.94 73.70 72.56 71.52 70.58 69.75 69.14 69.02 69.47 70.49 72.08 74.24 76.95 79.99 82.47 84.20 85.26 85.72 85.66 85.18 84.37 83.33 82.08 80.63 78.96 77.07 74.94 72.56 69.94 67.06 63.91 60.64 57.65 55.10 52.97 51.21 49.78 48.65 47.77 47.03 46.38 45.83 45.37 45.00 44.72 44.49 44.20 43.75 43.17 42.48 41.71 40.86 39.97 39.06 38.15 37.26 36.37 35.37 34.12 32.59 30.74 28.52 25.89 22.89 20.13 17.99
87.67 85.77 83.85 81.92 79.99 78.09 76.29 74.61 73.04 71.59 70.25 69.03 67.93 66.94 66.19 65.93 66.23 67.11 68.55 70.55 73.11 76.22 79.63 82.43 84.39 85.60 86.13 86.08 85.52 84.53 83.20 81.62 79.79 77.70 75.35 72.73 69.83 66.64 63.16 59.52 56.18 53.28 50.80 48.70 46.95 45.50 44.32 43.36 42.55 41.86 41.29 40.84 40.50 40.27 40.16 40.12 40.03 39.80 39.46 39.03 38.52 37.96 37.37 36.78 36.17 35.42 34.44 33.17 31.57 29.60 27.23 24.40 21.17 18.16 15.80
85.12 83.16 81.19 79.20 77.21 75.22 73.28 71.45 69.75 68.18 66.74 65.43 64.26 63.32 62.88 63.00 63.69 64.95 66.76 69.12 72.03 75.48 79.22 82.28 84.42 85.74 86.30 86.19 85.50 84.30 82.68 80.72 78.47 75.92 73.08 69.92 66.45 62.66 58.69 55.01 51.79 48.99 46.58 44.52 42.78 41.31 40.09 39.05 38.18 37.45 36.87 36.42 36.12 35.95 35.92 36.02 36.22 36.38 36.43 36.38 36.24 36.06 35.83 35.57 35.16 34.51 33.57 32.30 30.66 28.61 26.11 23.12 19.67 16.46 13.89
82.44 80.45 78.43 76.39 74.35 72.32 70.30 68.34 66.49 64.79 63.24 61.84 60.68 60.02 59.92 60.39 61.41 62.99 65.12 67.79 71.00 74.75 78.77 82.04 84.31 85.68 86.22 86.01 85.13 83.67 81.72 79.34 76.62 73.58 70.19 66.47 62.39 58.11 54.12 50.60 47.51 44.81 42.48 40.47 38.74 37.26 35.99 34.89 33.95 33.19 32.59 32.16 31.90 31.79 31.84 32.05 32.42 32.91 33.37 33.74 34.03 34.25 34.41 34.41 34.16 33.63 32.77 31.53 29.88 27.78 25.18 22.05 18.42 15.02 12.28
79.69 77.67 75.61 73.54 71.47 69.39 67.34 65.30 63.33 61.50 59.82 58.41 57.49 57.13 57.33 58.09 59.40 61.25 63.65 66.58 70.05 74.04 78.28 81.71 84.08 85.45 85.91 85.55 84.44 82.67 80.33 77.48 74.23 70.62 66.66 62.32 57.77 53.49 49.69 46.33 43.38 40.79 38.54 36.58 34.87 33.37 32.06 30.89 29.90 29.11 28.50 28.09 27.86 27.82 27.97 28.29 28.79 29.48 30.30 31.12 31.87 32.52 33.00 33.24 33.18 32.80 32.04 30.87 29.24 27.11 24.44 21.19 17.41 13.85 10.97
76.90 74.86 72.79 70.70 68.60 66.50 64.41 62.35 60.32 58.37 56.66 55.44 54.78 54.68 55.13 56.13 57.67 59.75 62.36 65.51 69.18 73.37 77.78 81.33 83.72 85.05 85.38 84.82 83.43 81.31 78.52 75.16 71.31 67.05 62.44 57.62 53.09 49.04 45.44 42.25 39.44 36.97 34.79 32.88 31.19 29.69 28.34 27.11 26.07 25.25 24.64 24.24 24.06 24.09 24.33 24.77 25.41 26.26 27.31 28.52 29.73 30.77 31.57 32.07 32.23 32.02 31.40 30.31 28.73 26.61 23.90 20.57 16.67 12.98 9.98
74.12 72.08 70.00 67.90 65.79 63.68 61.57 59.49 57.45 55.54 54.01 53.02 52.57 52.67 53.32 54.51 56.23 58.49 61.27 64.58 68.40 72.74 77.28 80.88 83.26 84.49 84.66 83.84 82.12 79.59 76.31 72.39 67.89 62.91 57.72 52.90 48.62 44.80 41.40 38.39 35.72 33.36 31.28 29.42 27.76 26.25 24.86 23.58 22.49 21.64 21.03 20.66 20.53 20.63 20.96 21.52 22.31 23.33 24.57 26.02 27.57 28.99 30.11 30.91 31.32 31.32 30.85 29.89 28.38 26.28 23.56 20.18 16.18 12.39 9.31
71.40 69.36 67.29 65.20 63.09 60.97 58.86 56.78 54.82 53.18 51.94 51.15 50.87 51.13 51.92 53.25 55.11 57.49 60.40 63.81 67.74 72.17 76.79 80.40 82.72 83.80 83.74 82.62 80.52 77.53 73.72 69.18 63.99 58.44 53.16 48.47 44.39 40.81 37.62 34.79 32.27 30.03 28.03 26.23 24.60 23.09 21.67 20.33 19.20 18.33 17.72 17.38 17.30 17.47 17.90 18.59 19.53 20.72 22.15 23.76 25.46 27.16 28.65 29.76 30.45 30.68 30.41 29.59 28.18 26.15 23.45 20.04 15.98 12.11 8.97
68.77 66.76 64.70 62.62 60.53 58.42 56.33 54.34 52.64 51.32 50.38 49.82 49.69 50.05 50.95 52.37 54.31 56.77 59.74 63.22 67.20 71.68 76.32 79.90 82.09 82.98 82.65 81.18 78.65 75.15 70.75 65.55 59.82 54.24 49.13 44.54 40.53 37.11 34.13 31.48 29.11 26.99 25.08 23.35 21.75 20.24 18.80 17.41 16.23 15.34 14.74 14.43 14.40 14.66 15.20 16.01 17.10 18.46 20.04 21.78 23.59 25.43 27.18 28.64 29.63 30.13 30.07 29.43 28.16 26.21 23.56 20.15 16.05 12.14 8.98
66.28 64.30 62.28 60.23 58.16 56.09 54.09 52.37 50.99 49.96 49.28 48.96 49.01 49.47 50.41 51.88 53.85 56.34 59.33 62.81 66.80 71.27 75.89 79.38 81.41 82.06 81.40 79.53 76.52 72.45 67.42 61.72 56.02 50.67 45.72 41.23 37.25 33.83 30.97 28.50 26.29 24.30 22.48 20.81 19.25 17.75 16.28 14.85 13.63 12.73 12.14 11.86 11.89 12.23 12.87 13.82 15.06 16.57 18.28 20.13 22.05 23.98 25.85 27.56 28.88 29.66 29.86 29.42 28.31 26.48 23.90 20.52 16.42 12.50 9.33
63.98 62.04 60.07 58.06 56.03 54.07 52.35 50.94 49.84 49.07 48.62 48.52 48.76 49.35 50.33 51.78 53.74 56.20 59.16 62.61 66.55 70.97 75.51 78.87 80.68 81.03 80.00 77.67 74.13 69.47 63.97 58.35 52.95 47.83 43.04 38.64 34.68 31.21 28.29 25.90 23.84 21.97 20.26 18.66 17.14 15.65 14.16 12.68 11.43 10.51 9.94 9.70 9.79 10.21 10.97 12.05 13.44 15.09 16.92 18.88 20.90 22.91 24.85 26.65 28.21 29.30 29.77 29.57 28.65 26.97 24.49 21.17 17.08 13.18 10.04
61.90 60.03 58.11 56.16 54.25 52.56 51.15 50.02 49.18 48.64 48.41 48.49 48.88 49.61 50.67 52.10 54.00 56.38 59.26 62.62 66.46 70.78 75.20 78.37 79.91 79.92 78.47 75.64 71.52 66.42 61.07 55.81 50.71 45.81 41.18 36.87 32.92 29.39 26.34 23.82 21.80 20.06 18.45 16.93 15.44 13.97 12.46 10.94 9.66 8.74 8.18 7.98 8.14 8.65 9.53 10.75 12.28 14.06 16.01 18.07 20.17 22.26 24.26 26.11 27.74 29.06 29.82 29.88 29.18 27.67 25.33 22.10 18.06 14.20 11.12
60.10 58.30 56.45 54.63 53.00 51.61 50.48 49.61 49.00 48.67 48.61 48.85 49.38 50.21 51.35 52.81 54.63 56.89 59.64 62.86 66.55 70.71 74.96 77.89 79.12 78.74 76.81 73.44 68.93 64.03 59.10 54.20 49.39 44.72 40.24 36.00 32.06 28.48 25.29 22.57 20.35 18.61 17.10 15.65 14.21 12.75 11.24 9.68 8.37 7.44 6.90 6.75 6.98 7.59 8.61 9.98 11.64 13.53 15.59 17.74 19.93 22.08 24.14 26.03 27.69 29.06 30.03 30.37 29.91 28.61 26.42 23.31 19.35 15.56 12.57
58.61 56.90 55.20 53.65 52.32 51.21 50.33 49.68 49.28 49.12 49.22 49.59 50.22 51.14 52.33 53.82 55.61 57.74 60.31 63.34 66.84 70.80 74.82 77.46 78.33 77.50 75.05 71.32 67.06 62.65 58.15 53.61 49.09 44.63 40.30 36.14 32.21 28.55 25.23 22.30 19.80 17.79 16.24 14.86 13.48 12.04 10.51 8.92 7.58 6.66 6.15 6.04 6.35 7.10 8.27 9.77 11.56 13.57 15.72 17.96 20.22 22.43 24.54 26.46 28.14 29.52 30.52 31.04 30.86 29.79 27.79 24.83 20.98 17.28 14.41
57.49 55.93 54.50 53.25 52.20 51.33 50.68 50.23 50.00 50.00 50.23 50.69 51.41 52.37 53.60 55.09 56.86 58.91 61.28 64.08 67.33 71.03 74.78 77.09 77.54 76.22 73.45 70.03 66.33 62.41 58.34 54.15 49.91 45.66 41.47 37.38 33.44 29.72 26.25 23.11 20.32 17.96 16.07 14.61 13.27 11.86 10.33 8.70 7.35 6.43 5.94 5.90 6.35 7.25 8.56 10.20 12.10 14.21 16.46 18.78 21.10 23.36 25.50 27.45 29.15 30.52 31.51 32.05 32.03 31.22 29.44 26.65 22.93 19.37 16.64
56.82 55.54 54.40 53.42 52.61 51.97 51.51 51.24 51.16 51.28 51.61 52.15 52.91 53.90 55.13 56.60 58.32 60.29 62.53 65.08 68.04 71.44 74.87 76.79 76.77 75.16 72.77 69.96 66.82 63.40 59.74 55.90 51.94 47.90 43.84 39.81 35.87 32.07 28.46 25.09 22.02 19.30 16.98 15.11 13.65 12.25 10.72 9.07 7.70 6.78 6.35 6.44 7.04 8.10 9.54 11.30 13.31 15.52 17.85 20.23 22.62 24.92 27.10 29.06 30.76 32.13 33.10 33.60 33.57 32.91 31.37 28.78 25.23 21.83 19.27
56.75 55.75 54.89 54.15 53.56 53.12 52.83 52.70 52.74 52.95 53.35 53.94 54.72 55.71 56.91 58.33 59.97 61.85 63.96 66.32 68.98 72.02 75.08 76.57 76.30 75.12 73.41 71.23 68.65 65.70 62.46 58.96 55.27 51.44 47.51 43.54 39.59 35.70 31.94 28.34 24.98 21.89 19.13 16.76 14.83 13.27 11.72 10.05 8.67 7.78 7.47 7.73 8.49 9.68 11.25 13.13 15.24 17.54 19.94 22.39 24.82 27.17 29.36 31.34 33.04 34.39 35.32 35.78 35.70 35.01 33.61 31.24 27.88 24.66 22.24
57.29 56.57 55.94 55.42 55.02 54.74 54.60 54.58 54.72 55.00 55.44 56.05 56.83 57.79 58.94 60.28 61.81 63.56 65.52 67.71 70.12 72.81 75.45 76.72 76.94 76.50 75.48 73.92 71.89 69.43 66.59 63.43 60.01 56.37 52.56 48.65 44.68 40.71 36.79 32.96 29.30 25.84 22.64 19.76 17.24 15.14 13.39 11.69 10.32 9.56 9.42 9.83 10.74 12.06 13.75 15.74 17.95 20.32 22.79 25.30 27.77 30.14 32.35 34.33 36.02 37.34 38.24 38.65 38.51 37.74 36.29 34.04 30.89 27.82 25.19
58.40 57.91 57.50 57.17 56.94 56.80 56.77 56.85 57.05 57.37 57.83 58.43 59.18 60.09 61.15 62.39 63.79 65.39 67.17 69.15 71.33 73.73 76.18 77.98 79.02 79.34 79.01 78.07 76.58 74.60 72.17 69.34 66.18 62.73 59.05 55.19 51.20 47.13 43.05 38.99 35.02 31.19 27.55 24.15 21.04 18.29 15.93 14.11 12.87 12.29 12.31 12.87 13.91 15.36 17.16 19.24 21.53 23.98 26.51 29.05 31.56 33.95 36.16 38.13 39.80 41.09 41.94 42.29 42.08 41.22 39.67 37.35 34.26 30.98 27.88
59.07 58.82 58.62 58.49 58.42 58.42 58.50 58.68 58.94 59.31 59.79 60.39 61.10 61.95 62.94 64.07 65.35 66.78 68.39 70.17 72.12 74.32 76.86 79.36 81.24 82.35 82.73 82.44 81.52 80.04 78.04 75.58 72.70 69.47 65.94 62.15 58.17 54.04 49.82 45.56 41.31 37.12 33.06 29.17 25.51 22.12 19.42 18.43 17.82 17.38 17.50 18.16 19.28 20.80 22.65 24.77 27.09 29.55 32.08 34.62 37.09 39.45 41.61 43.52 45.11 46.31 47.06 47.29 46.95 45.95 44.24 41.77 38.59 35.01 31.43
58.35 58.36 58.41 58.49 58.61 58.79 59.02 59.31 59.67 60.11 60.64 61.25 61.97 62.79 63.72 64.78 65.96 67.27 68.73 70.33 72.13 74.27 76.81 79.53 82.11 84.06 85.21 85.62 85.34 84.41 82.90 80.86 78.33 75.38 72.05 68.40 64.47 60.34 56.04 51.63 47.16 42.69 38.26 33.94 29.77 26.14 24.43 25.14 25.99 26.07 26.22 26.86 27.96 29.44 31.24 33.29 35.54 37.91 40.33 42.75 45.10 47.31 49.32 51.06 52.46 53.47 54.01 54.02 53.44 52.20 50.25 47.64 44.43 40.79 36.90
