data_processed/recharge/precip/Precip_1998_10.asc
ncols        168
nrows        136
xllcorner    455000
yllcorner    2107000
cellsize     500
NODATA_value     -99999
[rows 0 to 32 of 136, columns 75 to 149 of 168]
202.11 198.62 195.35 192.33 189.60 187.21 185.14 183.39 181.95 180.81 179.94 179.34 178.99 178.88 178.99 179.32 179.84 180.51 181.21 181.84 182.33 182.63 182.68 182.54 183.13 184.89 187.43 190.36 193.27 195.78 197.72 199.19 200.20 200.73 200.72 200.16 199.00 197.23 194.80 191.68 187.84 183.25 177.89 171.92 165.61 159.22 152.97 147.10 141.81 136.92 131.91 126.76 121.55 116.33 111.18 106.23 101.65 97.53 93.90 90.77 88.18 86.14 84.69 83.85 83.65 84.11 85.26 87.12 89.71 93.11 97.43 102.81 109.36 117.21 125.95
203.99 200.31 196.87 193.69 190.85 188.35 186.19 184.34 182.80 181.56 180.59 179.88 179.42 179.21 179.21 179.42 179.84 180.43 181.15 181.87 182.47 182.89 183.08 183.08 183.75 185.47 187.88 190.56 193.12 195.32 197.17 198.65 199.74 200.39 200.58 200.28 199.44 198.05 196.06 193.45 190.18 186.21 181.53 176.11 170.17 164.04 157.96 152.16 146.86 141.91 136.81 131.58 126.27 120.95 115.75 110.86 106.36 102.27 98.63 95.44 92.75 90.58 88.95 87.88 87.41 87.56 88.35 89.81 91.97 94.88 98.66 103.45 109.38 116.57 124.60
205.70 201.81 198.18 194.88 191.93 189.33 187.06 185.11 183.46 182.11 181.03 180.21 179.64 179.31 179.20 179.29 179.59 180.06 180.70 181.45 182.16 182.71 183.04 183.19 183.94 185.65 187.92 190.36 192.65 194.69 196.47 197.94 199.08 199.84 200.21 200.14 199.60 198.57 197.01 194.88 192.15 188.80 184.78 180.08 174.68 168.84 162.94 157.24 151.96 146.95 141.79 136.49 131.10 125.76 120.66 115.87 111.44 107.37 103.70 100.45 97.65 95.33 93.50 92.20 91.45 91.27 91.69 92.74 94.45 96.83 99.98 104.08 109.27 115.67 122.88
207.24 203.13 199.35 195.94 192.88 190.17 187.79 185.73 183.97 182.49 181.30 180.36 179.67 179.22 178.99 178.96 179.13 179.48 179.99 180.65 181.41 182.09 182.57 182.87 183.72 185.40 187.54 189.74 191.81 193.70 195.39 196.83 197.99 198.85 199.37 199.52 199.26 198.56 197.40 195.74 193.54 190.77 187.41 183.41 178.76 173.44 167.78 162.19 156.93 151.90 146.69 141.33 135.95 130.74 125.77 121.08 116.70 112.64 108.94 105.62 102.70 100.21 98.17 96.62 95.57 95.06 95.11 95.74 96.97 98.85 101.39 104.71 109.04 114.56 120.82
208.61 204.33 200.44 196.91 193.75 190.92 188.42 186.24 184.36 182.76 181.44 180.38 179.57 178.99 178.63 178.47 178.51 178.72 179.10 179.63 180.30 181.04 181.67 182.13 183.07 184.74 186.67 188.58 190.41 192.12 193.69 195.08 196.25 197.18 197.83 198.18 198.18 197.80 197.02 195.80 194.11 191.91 189.18 185.87 181.97 177.43 172.27 166.85 161.64 156.59 151.36 146.03 140.80 135.76 130.92 126.32 121.97 117.91 114.17 110.75 107.70 105.04 102.78 100.97 99.62 98.76 98.42 98.61 99.37 100.73 102.70 105.32 108.74 113.24 118.45
209.90 205.51 201.49 197.85 194.56 191.61 188.99 186.68 184.67 182.95 181.50 180.31 179.36 178.65 178.15 177.86 177.76 177.83 178.07 178.46 178.98 179.63 180.33 180.95 181.98 183.47 185.05 186.64 188.21 189.72 191.15 192.47 193.63 194.61 195.38 195.89 196.13 196.05 195.63 194.84 193.63 191.98 189.85 187.22 184.05 180.30 175.95 171.02 165.91 160.87 155.70 150.56 145.53 140.65 135.93 131.40 127.08 123.01 119.20 115.69 112.49 109.64 107.16 105.07 103.41 102.19 101.44 101.19 101.46 102.29 103.68 105.68 108.31 111.75 115.80
211.20 206.69 202.55 198.78 195.36 192.28 189.53 187.09 184.94 183.09 181.50 180.17 179.09 178.24 177.60 177.16 176.92 176.85 176.94 177.18 177.55 178.05 178.65 179.33 180.21 181.27 182.45 183.69 184.98 186.28 187.56 188.77 189.90 190.91 191.77 192.44 192.89 193.10 193.02 192.62 191.88 190.75 189.21 187.23 184.77 181.80 178.29 174.20 169.57 164.66 159.71 154.80 149.97 145.23 140.61 136.14 131.84 127.74 123.87 120.24 116.89 113.84 111.12 108.75 106.75 105.17 104.00 103.30 103.07 103.35 104.16 105.53 107.47 110.04 113.07
212.21 207.58 203.32 199.43 195.89 192.69 189.81 187.24 184.98 182.99 181.27 179.81 178.60 177.61 176.84 176.26 175.88 175.67 175.62 175.72 175.95 176.30 176.76 177.30 177.80 178.37 179.11 179.98 180.95 182.00 183.08 184.17 185.23 186.24 187.15 187.94 188.58 189.02 189.25 189.22 188.90 188.27 187.29 185.92 184.14 181.91 179.20 175.98 172.25 167.97 163.32 158.64 153.98 149.38 144.85 140.43 136.13 132.00 128.04 124.29 120.78 117.52 114.54 111.87 109.54 107.57 105.98 104.80 104.06 103.79 104.00 104.72 105.99 107.90 110.62
212.39 207.66 203.32 199.33 195.70 192.40 189.43 186.76 184.39 182.31 180.49 178.92 177.60 176.51 175.63 174.94 174.45 174.13 173.97 173.95 174.06 174.29 174.63 175.05 175.37 175.52 175.77 176.20 176.80 177.54 178.37 179.27 180.21 181.15 182.07 182.92 183.68 184.31 184.78 185.06 185.12 184.92 184.43 183.63 182.46 180.92 178.95 176.58 173.84 170.55 166.51 162.07 157.58 153.10 148.65 144.26 139.96 135.77 131.72 127.83 124.14 120.65 117.41 114.43 111.75 109.38 107.35 105.69 104.43 103.58 103.18 103.25 103.91 105.54 108.19
211.85 206.94 202.53 198.49 194.79 191.42 188.38 185.65 183.21 181.06 179.17 177.53 176.13 174.96 174.00 173.24 172.67 172.26 172.02 171.92 171.94 172.07 172.29 172.59 172.79 172.77 172.60 172.55 172.72 173.08 173.60 174.26 175.01 175.83 176.68 177.53 178.35 179.11 179.77 180.30 180.66 180.84 180.79 180.47 179.87 178.95 177.71 176.20 174.42 172.10 168.96 165.05 160.74 156.36 151.98 147.62 143.29 139.04 134.88 130.84 126.95 123.23 119.71 116.41 113.36 110.58 108.10 105.94 104.14 102.71 101.69 101.18 101.59 103.18 105.77
211.09 205.61 201.05 196.97 193.24 189.84 186.77 184.00 181.52 179.32 177.39 175.71 174.27 173.05 172.04 171.24 170.61 170.16 169.86 169.70 169.64 169.65 169.75 169.93 170.02 169.90 169.56 169.10 168.78 168.71 168.86 169.21 169.71 170.34 171.07 171.86 172.69 173.50 174.29 175.01 175.62 176.11 176.43 176.55 176.45 176.13 175.64 174.97 174.06 172.64 170.37 167.26 163.41 159.16 154.82 150.47 146.11 141.78 137.50 133.29 129.20 125.22 121.41 117.77 114.34 111.13 108.19 105.52 103.17 101.15 99.57 98.86 99.27 100.84 103.37
210.34 204.13 199.06 194.87 191.13 187.73 184.65 181.87 179.38 177.18 175.23 173.54 172.09 170.85 169.83 169.01 168.36 167.89 167.56 167.33 167.16 167.05 167.03 167.09 167.08 166.85 166.42 165.79 165.07 164.51 164.23 164.21 164.40 164.79 165.33 166.00 166.77 167.59 168.43 169.28 170.08 170.82 171.45 171.95 172.33 172.64 172.86 172.95 172.84 172.25 170.78 168.44 165.28 161.41 157.14 152.78 148.37 143.95 139.54 135.16 130.84 126.60 122.47 118.49 114.66 111.02 107.59 104.41 101.49 98.95 97.21 96.54 96.97 98.51 100.99
209.61 202.75 197.01 192.36 188.54 185.17 182.11 179.36 176.89 174.71 172.78 171.11 169.67 168.45 167.44 166.63 166.00 165.52 165.15 164.81 164.51 164.28 164.14 164.09 163.96 163.63 163.11 162.40 161.53 160.57 159.80 159.34 159.17 159.25 159.55 160.04 160.68 161.44 162.29 163.20 164.13 165.06 165.94 166.80 167.69 168.59 169.44 170.22 170.84 170.99 170.25 168.61 166.13 162.86 158.89 154.53 150.06 145.54 140.97 136.40 131.84 127.33 122.88 118.53 114.30 110.21 106.29 102.57 99.16 96.49 94.84 94.23 94.69 96.22 98.65
208.88 201.45 195.12 189.87 185.65 182.23 179.23 176.53 174.12 171.98 170.11 168.48 167.09 165.92 164.96 164.19 163.59 163.08 162.59 162.13 161.71 161.37 161.10 160.94 160.70 160.27 159.66 158.87 157.92 156.81 155.65 154.71 154.10 153.82 153.81 154.05 154.51 155.15 155.94 156.85 157.85 158.91 160.03 161.28 162.63 164.05 165.47 166.85 168.13 168.95 168.87 167.85 165.97 163.27 159.80 155.67 151.15 146.50 141.77 137.00 132.19 127.39 122.61 117.88 113.22 108.67 104.24 100.07 96.57 94.03 92.49 91.95 92.43 93.95 96.34
208.11 200.21 193.39 187.62 182.87 179.10 176.09 173.47 171.14 169.09 167.30 165.75 164.43 163.34 162.45 161.74 161.13 160.51 159.90 159.32 158.78 158.32 157.94 157.65 157.30 156.77 156.07 155.20 154.17 153.01 151.71 150.37 149.29 148.57 148.19 148.13 148.34 148.80 149.48 150.33 151.34 152.50 153.89 155.49 157.24 159.10 161.01 162.93 164.78 166.21 166.70 166.24 164.88 162.67 159.68 155.95 151.57 146.82 141.91 136.92 131.85 126.74 121.61 116.49 111.40 106.37 101.52 97.30 93.97 91.59 90.15 89.69 90.20 91.71 94.06
207.30 199.02 191.79 185.59 180.39 176.16 172.85 170.26 168.05 166.10 164.42 162.98 161.78 160.79 159.99 159.29 158.57 157.83 157.10 156.39 155.73 155.15 154.65 154.25 153.79 153.16 152.36 151.41 150.32 149.09 147.74 146.28 144.80 143.60 142.79 142.36 142.27 142.49 142.98 143.72 144.72 146.03 147.65 149.52 151.60 153.82 156.15 158.52 160.89 162.84 163.83 163.85 162.94 161.15 158.56 155.20 151.13 146.43 141.37 136.14 130.79 125.37 119.87 114.35 108.81 103.39 98.53 94.52 91.39 89.16 87.84 87.45 88.00 89.51 91.83
206.43 197.85 190.31 183.77 178.21 173.59 169.89 167.06 164.90 163.10 161.56 160.26 159.19 158.33 157.56 156.75 155.90 155.04 154.19 153.36 152.58 151.88 151.26 150.74 150.17 149.44 148.56 147.52 146.36 145.07 143.67 142.16 140.57 138.98 137.69 136.83 136.38 136.29 136.54 137.15 138.17 139.59 141.37 143.44 145.77 148.29 150.95 153.72 156.51 158.92 160.34 160.75 160.22 158.79 156.51 153.45 149.64 145.16 140.08 134.62 128.99 123.23 117.36 111.42 105.52 100.13 95.53 91.76 88.83 86.75 85.55 85.24 85.84 87.35 89.64
205.46 196.69 188.92 182.14 176.31 171.39 167.37 164.21 161.87 160.17 158.80 157.67 156.76 155.93 155.05 154.12 153.15 152.16 151.19 150.24 149.35 148.52 147.79 147.15 146.47 145.64 144.66 143.55 142.32 140.97 139.51 137.97 136.34 134.64 132.97 131.63 130.75 130.30 130.30 130.81 131.82 133.28 135.13 137.33 139.83 142.57 145.51 148.58 151.73 154.52 156.29 157.04 156.80 155.65 153.62 150.77 147.16 142.85 137.88 132.33 126.41 120.30 114.05 107.78 101.95 96.86 92.54 89.01 86.28 84.37 83.30 83.07 83.71 85.23 87.49
204.39 195.51 187.61 180.67 174.66 169.54 165.29 161.88 159.28 157.45 156.21 155.27 154.41 153.48 152.48 151.42 150.32 149.22 148.12 147.05 146.04 145.09 144.24 143.49 142.70 141.77 140.70 139.51 138.20 136.79 135.29 133.70 132.04 130.32 128.55 126.83 125.47 124.64 124.43 124.81 125.73 127.15 129.01 131.27 133.87 136.75 139.88 143.19 146.63 149.71 151.77 152.77 152.76 151.81 149.95 147.25 143.76 139.54 134.63 129.10 123.01 116.56 110.01 103.84 98.36 93.59 89.56 86.28 83.76 82.02 81.07 80.93 81.62 83.15 85.39
203.18 194.29 186.35 179.35 173.25 168.02 163.63 160.06 157.28 155.25 153.92 152.98 152.03 150.97 149.84 148.66 147.44 146.22 145.00 143.81 142.68 141.61 140.65 139.78 138.88 137.85 136.69 135.42 134.04 132.57 131.01 129.39 127.70 125.95 124.17 122.36 120.67 119.52 119.05 119.22 119.99 121.30 123.09 125.33 127.95 130.91 134.15 137.63 141.28 144.59 146.85 148.03 148.18 147.35 145.59 142.96 139.52 135.31 130.40 124.83 118.66 112.07 105.67 99.89 94.78 90.34 86.60 83.57 81.26 79.69 78.88 78.83 79.58 81.12 83.35
201.83 193.01 185.12 178.15 172.05 166.80 162.37 158.74 155.86 153.70 152.06 150.75 149.61 148.43 147.17 145.86 144.53 143.18 141.84 140.53 139.27 138.09 137.01 136.03 135.02 133.88 132.64 131.28 129.84 128.31 126.70 125.03 123.31 121.55 119.76 117.99 116.38 115.02 114.24 114.13 114.67 115.79 117.44 119.58 122.16 125.11 128.40 131.97 135.75 139.22 141.61 142.90 143.12 142.34 140.61 137.98 134.51 130.25 125.25 119.57 113.37 107.17 101.31 95.95 91.21 87.11 83.66 80.88 78.79 77.40 76.72 76.78 77.58 79.15 81.36
200.30 191.65 183.91 177.05 171.05 165.87 161.49 157.88 154.98 152.61 150.53 148.74 147.21 145.85 144.48 143.04 141.58 140.11 138.65 137.22 135.85 134.55 133.35 132.25 131.13 129.90 128.56 127.13 125.61 124.02 122.37 120.66 118.91 117.13 115.38 113.77 112.33 111.07 110.06 109.61 109.84 110.70 112.14 114.11 116.56 119.44 122.70 126.28 130.12 133.67 136.13 137.45 137.68 136.87 135.09 132.39 128.81 124.42 119.26 113.51 107.68 102.11 96.87 92.01 87.66 83.89 80.75 78.23 76.36 75.15 74.61 74.77 75.64 77.22 79.43
198.59 190.19 182.68 176.04 170.22 165.21 160.97 157.45 154.44 151.71 149.23 147.00 145.04 143.32 141.77 140.22 138.63 137.04 135.46 133.91 132.42 131.00 129.68 128.47 127.24 125.91 124.48 122.97 121.39 119.73 118.03 116.28 114.50 112.75 111.15 109.72 108.46 107.37 106.43 105.73 105.59 106.11 107.26 108.99 111.25 113.97 117.13 120.65 124.48 128.03 130.47 131.75 131.91 131.01 129.11 126.25 122.50 117.90 112.63 107.20 101.97 97.01 92.35 88.03 84.12 80.70 77.86 75.60 73.96 72.93 72.54 72.81 73.74 75.36 77.56
196.66 188.61 181.43 175.09 169.55 164.79 160.75 157.23 153.95 150.90 148.07 145.47 143.11 141.00 139.12 137.40 135.69 133.98 132.27 130.61 129.00 127.46 126.03 124.70 123.36 121.93 120.41 118.82 117.17 115.46 113.70 111.91 110.16 108.55 107.12 105.86 104.77 103.83 103.04 102.39 101.97 102.10 102.89 104.30 106.28 108.78 111.76 115.15 118.89 122.38 124.73 125.88 125.90 124.83 122.73 119.65 115.64 110.88 105.90 101.05 96.39 91.97 87.82 84.01 80.56 77.53 75.00 73.01 71.60 70.76 70.52 70.90 71.91 73.55 75.76
194.50 186.90 180.13 174.18 169.01 164.57 160.63 156.92 153.40 150.08 146.97 144.06 141.37 138.90 136.66 134.64 132.77 130.94 129.12 127.33 125.60 123.95 122.40 120.95 119.51 117.98 116.37 114.70 112.97 111.20 109.40 107.63 106.01 104.56 103.30 102.20 101.25 100.46 99.81 99.29 98.90 98.73 99.09 100.11 101.74 103.95 106.67 109.85 113.43 116.78 118.96 119.93 119.73 118.41 116.04 112.66 108.45 103.94 99.49 95.17 91.03 87.09 83.42 80.04 77.02 74.38 72.17 70.46 69.28 68.64 68.56 69.05 70.13 71.82 74.03
192.09 185.02 178.76 173.29 168.56 164.31 160.27 156.40 152.70 149.18 145.84 142.69 139.73 136.97 134.41 132.06 129.93 127.94 126.00 124.09 122.24 120.47 118.81 117.25 115.69 114.06 112.37 110.62 108.82 107.00 105.20 103.55 102.09 100.80 99.69 98.73 97.93 97.27 96.74 96.34 96.06 95.89 95.93 96.49 97.71 99.54 101.93 104.84 108.18 111.31 113.26 113.96 113.47 111.83 109.11 105.48 101.48 97.47 93.53 89.69 86.00 82.50 79.23 76.24 73.58 71.28 69.39 67.95 67.01 66.57 66.64 67.25 68.42 70.14 72.36
189.41 182.96 177.30 172.38 167.94 163.68 159.57 155.60 151.77 148.11 144.60 141.26 138.10 135.11 132.30 129.68 127.25 125.02 122.93 120.91 118.94 117.06 115.27 113.60 111.94 110.21 108.43 106.60 104.73 102.90 101.22 99.73 98.42 97.27 96.29 95.47 94.79 94.25 93.83 93.54 93.36 93.29 93.31 93.53 94.26 95.64 97.63 100.18 103.22 106.06 107.69 108.05 107.19 105.17 102.15 98.69 95.16 91.62 88.12 84.71 81.41 78.29 75.38 72.72 70.36 68.34 66.72 65.52 64.79 64.55 64.79 65.52 66.77 68.54 70.78
186.43 180.69 175.70 171.18 166.81 162.56 158.42 154.41 150.53 146.78 143.17 139.71 136.40 133.24 130.24 127.41 124.75 122.27 119.96 117.80 115.71 113.71 111.81 110.02 108.25 106.43 104.55 102.65 100.77 99.05 97.52 96.17 94.99 93.98 93.13 92.42 91.85 91.41 91.10 90.90 90.81 90.82 90.92 91.10 91.46 92.33 93.84 95.96 98.61 101.09 102.34 102.29 100.99 98.61 95.73 92.71 89.61 86.49 83.38 80.33 77.38 74.57 71.96 69.57 67.47 65.68 64.25 63.23 62.67 62.59 62.99 63.86 65.19 67.02 69.27
183.14 178.18 173.68 169.32 165.04 160.85 156.76 152.77 148.89 145.12 141.47 137.94 134.54 131.28 128.15 125.17 122.34 119.66 117.14 114.79 112.57 110.46 108.44 106.54 104.66 102.73 100.77 98.85 97.08 95.50 94.10 92.88 91.82 90.93 90.19 89.58 89.12 88.77 88.55 88.43 88.42 88.49 88.65 88.89 89.19 89.67 90.64 92.25 94.45 96.48 97.27 96.73 95.04 92.77 90.29 87.67 84.95 82.19 79.41 76.67 74.01 71.46 69.09 66.92 65.01 63.39 62.11 61.22 60.75 60.76 61.27 62.26 63.69 65.57 67.84
179.49 175.12 170.87 166.67 162.54 158.48 154.50 150.59 146.77 143.04 139.41 135.88 132.45 129.14 125.95 122.87 119.93 117.12 114.45 111.93 109.55 107.30 105.17 103.15 101.17 99.15 97.16 95.33 93.69 92.24 90.96 89.86 88.92 88.13 87.48 86.97 86.59 86.33 86.18 86.13 86.18 86.31 86.52 86.80 87.14 87.54 88.09 89.13 90.79 92.32 92.57 91.59 89.97 88.06 85.95 83.68 81.29 78.82 76.32 73.83 71.40 69.06 66.87 64.87 63.09 61.59 60.40 59.58 59.15 59.18 59.70 60.74 62.26 64.20 66.50
175.16 171.13 167.13 163.16 159.24 155.36 151.54 147.78 144.08 140.46 136.90 133.43 130.04 126.74 123.54 120.44 117.45 114.57 111.81 109.17 106.65 104.27 102.02 99.89 97.80 95.74 93.84 92.14 90.62 89.28 88.12 87.12 86.27 85.58 85.02 84.59 84.28 84.08 83.99 84.00 84.10 84.28 84.52 84.84 85.20 85.62 86.07 86.67 87.73 88.67 88.44 87.49 86.19 84.63 82.83 80.85 78.72 76.50 74.22 71.93 69.67 67.48 65.42 63.52 61.82 60.38 59.23 58.42 57.98 57.98 58.44 59.41 60.92 62.91 65.25
169.76 166.06 162.37 158.70 155.04 151.42 147.82 144.27 140.75 137.29 133.87 130.52 127.23 124.01 120.86 117.79 114.81 111.92 109.12 106.43 103.84 101.37 99.01 96.77 94.63 92.65 90.87 89.28 87.87 86.64 85.57 84.66 83.90 83.28 82.80 82.43 82.19 82.05 82.01 82.06 82.19 82.40 82.67 83.00 83.38 83.80 84.26 84.74 85.33 85.74 85.50 84.85 83.86 82.57 81.03 79.28 77.37 75.33 73.21 71.06 68.92 66.83 64.84 62.99 61.32 59.88 58.70 57.85 57.35 57.25 57.60 58.43 59.80 61.73 64.08
163.32 160.01 156.69 153.36 150.03 146.70 143.39 140.09 136.81 133.56 130.34 127.16 124.02 120.93 117.89 114.91 111.99 109.14 106.37 103.67 101.06 98.54 96.12 93.81 91.73 89.86 88.19 86.71 85.40 84.26 83.28 82.45 81.76 81.21 80.78 80.48 80.28 80.19 80.18 80.27 80.42 80.65 80.94 81.28 81.66 82.08 82.52 82.98 83.45 83.83 83.86 83.50 82.76 81.71 80.38 78.82 77.07 75.18 73.18 71.13 69.06 67.02 65.06 63.21 61.52 60.04 58.80 57.85 57.24 57.01 57.20 57.85 59.01 60.74 62.98
