data_processed/recharge/precip/Precip_2009_11.asc
ncols        168
nrows        136
xllcorner    455000
yllcorner    2107000
cellsize     500
NODATA_value     -99999
[rows 0 to 37 of 136, columns 84 to 167 of 168]
5.73 5.98 6.27 6.60 6.97 7.38 7.83 8.34 8.90 9.52 10.19 10.94 11.75 12.63 13.58 14.62 15.73 16.82 17.75 18.50 19.10 19.54 19.84 20.00 20.04 19.96 19.77 19.49 19.12 18.66 18.14 17.55 16.91 16.22 15.50 14.75 13.99 13.21 12.44 11.68 10.93 10.21 9.52 8.91 8.41 8.01 7.72 7.52 7.43 7.42 7.50 7.66 7.90 8.21 8.60 9.05 9.57 10.14 10.77 11.45 12.18 12.95 13.76 14.60 15.47 16.38 17.30 18.24 19.13 20.13 21.22 22.35 23.51 24.66 25.79 26.87 27.89 28.82 29.64 30.33 30.87 31.24 31.41 31.36
6.12 6.38 6.68 7.02 7.39 7.81 8.28 8.80 9.37 10.00 10.69 11.45 12.27 13.17 14.14 15.19 16.33 17.54 18.68 19.65 20.45 21.06 21.52 21.82 21.97 21.99 21.88 21.66 21.32 20.89 20.36 19.75 19.07 18.32 17.52 16.67 15.78 14.87 13.93 12.99 12.04 11.10 10.12 9.32 8.76 8.33 7.99 7.75 7.60 7.53 7.55 7.65 7.83 8.07 8.39 8.77 9.20 9.69 10.24 10.83 11.46 12.13 12.84 13.58 14.35 15.14 15.95 16.79 17.67 18.57 19.49 20.46 21.46 22.47 23.47 24.43 25.34 26.17 26.90 27.50 27.97 28.27 28.39 28.30
6.54 6.81 7.12 7.46 7.85 8.27 8.75 9.28 9.86 10.50 11.21 11.98 12.81 13.72 14.71 15.79 16.96 18.22 19.48 20.67 21.67 22.48 23.11 23.56 23.85 23.98 23.96 23.81 23.53 23.12 22.61 21.99 21.28 20.49 19.62 18.69 17.70 16.66 15.58 14.47 13.33 12.11 10.79 9.66 8.93 8.44 8.07 7.79 7.60 7.50 7.47 7.52 7.64 7.82 8.08 8.39 8.75 9.17 9.64 10.15 10.70 11.29 11.91 12.56 13.23 13.92 14.63 15.40 16.25 17.09 17.90 18.72 19.57 20.45 21.32 22.17 22.98 23.72 24.36 24.90 25.31 25.56 25.64 25.52
6.98 7.26 7.57 7.92 8.32 8.75 9.24 9.78 10.37 11.02 11.74 12.52 13.37 14.30 15.30 16.41 17.62 18.91 20.22 21.52 22.73 23.75 24.56 25.18 25.62 25.88 25.97 25.91 25.69 25.34 24.86 24.25 23.53 22.71 21.79 20.79 19.70 18.55 17.35 16.08 14.70 13.18 11.54 10.07 9.03 8.39 7.98 7.67 7.45 7.31 7.25 7.25 7.33 7.47 7.67 7.93 8.24 8.60 9.00 9.44 9.92 10.43 10.97 11.54 12.12 12.73 13.38 14.11 14.92 15.73 16.49 17.20 17.93 18.68 19.44 20.18 20.89 21.54 22.11 22.59 22.94 23.15 23.19 23.05
7.44 7.73 8.05 8.41 8.81 9.25 9.75 10.29 10.90 11.56 12.29 13.08 13.94 14.89 15.93 17.06 18.31 19.62 20.95 22.29 23.62 24.84 25.86 26.66 27.26 27.67 27.89 27.93 27.80 27.51 27.07 26.49 25.78 24.94 23.99 22.93 21.77 20.53 19.20 17.73 16.08 14.26 12.34 10.58 9.23 8.30 7.74 7.41 7.17 7.01 6.91 6.89 6.94 7.04 7.20 7.41 7.67 7.98 8.33 8.72 9.13 9.58 10.05 10.55 11.06 11.61 12.22 12.91 13.69 14.47 15.20 15.88 16.51 17.14 17.79 18.43 19.05 19.62 20.13 20.54 20.84 21.01 21.03 20.87
7.93 8.22 8.54 8.91 9.32 9.77 10.27 10.83 11.44 12.11 12.85 13.65 14.53 15.50 16.57 17.74 19.00 20.34 21.70 23.06 24.42 25.75 26.97 27.97 28.75 29.32 29.68 29.84 29.81 29.61 29.23 28.69 28.00 27.16 26.19 25.09 23.88 22.55 21.05 19.34 17.43 15.36 13.18 11.16 9.55 8.33 7.51 7.04 6.78 6.60 6.49 6.45 6.47 6.55 6.68 6.86 7.09 7.36 7.66 8.00 8.37 8.76 9.18 9.61 10.07 10.58 11.15 11.81 12.55 13.29 14.00 14.66 15.26 15.81 16.36 16.91 17.44 17.94 18.38 18.75 19.01 19.14 19.14 18.97
8.43 8.73 9.06 9.43 9.84 10.30 10.81 11.38 12.00 12.68 13.42 14.24 15.15 16.14 17.24 18.42 19.71 21.07 22.45 23.83 25.20 26.56 27.88 29.09 30.06 30.81 31.32 31.62 31.71 31.60 31.30 30.82 30.16 29.34 28.37 27.25 25.99 24.53 22.81 20.88 18.75 16.46 14.05 11.81 9.95 8.49 7.41 6.69 6.31 6.12 6.01 5.96 5.97 6.03 6.14 6.30 6.50 6.74 7.01 7.32 7.65 8.00 8.36 8.75 9.17 9.64 10.17 10.79 11.49 12.21 12.89 13.52 14.11 14.64 15.12 15.59 16.04 16.48 16.86 17.18 17.40 17.52 17.49 17.32
8.96 9.26 9.60 9.97 10.39 10.86 11.37 11.94 12.57 13.26 14.02 14.86 15.79 16.80 17.91 19.12 20.43 21.80 23.20 24.59 25.98 27.35 28.69 30.00 31.17 32.10 32.79 33.24 33.46 33.46 33.26 32.85 32.25 31.46 30.50 29.37 28.01 26.36 24.46 22.34 20.02 17.54 14.94 12.50 10.45 8.77 7.45 6.50 5.89 5.59 5.48 5.43 5.44 5.50 5.61 5.75 5.94 6.16 6.41 6.69 6.99 7.31 7.63 7.98 8.35 8.78 9.27 9.85 10.52 11.21 11.86 12.48 13.05 13.57 14.03 14.45 14.84 15.21 15.55 15.82 16.02 16.11 16.08 15.90
9.51 9.81 10.15 10.53 10.95 11.42 11.95 12.52 13.16 13.86 14.64 15.50 16.44 17.47 18.60 19.82 21.14 22.53 23.93 25.34 26.73 28.12 29.47 30.79 32.05 33.18 34.05 34.67 35.04 35.17 35.08 34.76 34.22 33.49 32.55 31.35 29.84 28.04 25.98 23.70 21.22 18.59 15.84 13.24 11.00 9.14 7.64 6.48 5.65 5.15 4.94 4.90 4.92 4.99 5.09 5.24 5.42 5.64 5.88 6.14 6.42 6.70 6.98 7.28 7.62 8.00 8.46 9.00 9.64 10.29 10.92 11.52 12.07 12.58 13.05 13.45 13.80 14.12 14.41 14.65 14.82 14.91 14.87 14.70
10.08 10.39 10.73 11.11 11.54 12.01 12.54 13.12 13.76 14.48 15.27 16.15 17.11 18.15 19.29 20.52 21.85 23.24 24.65 26.06 27.47 28.85 30.21 31.53 32.81 34.03 35.09 35.89 36.42 36.70 36.73 36.51 36.07 35.39 34.42 33.10 31.47 29.55 27.36 24.96 22.36 19.60 16.72 13.99 11.62 9.61 7.94 6.61 5.60 4.91 4.52 4.39 4.42 4.51 4.63 4.79 4.98 5.20 5.44 5.69 5.94 6.17 6.41 6.66 6.96 7.30 7.72 8.23 8.83 9.45 10.06 10.63 11.18 11.68 12.14 12.54 12.89 13.18 13.44 13.65 13.81 13.88 13.85 13.70
10.67 10.98 11.32 11.70 12.13 12.61 13.14 13.73 14.39 15.12 15.92 16.81 17.78 18.83 19.97 21.21 22.54 23.94 25.35 26.76 28.17 29.56 30.92 32.24 33.52 34.74 35.88 36.87 37.58 38.02 38.19 38.09 37.74 37.06 36.01 34.61 32.88 30.86 28.59 26.09 23.40 20.55 17.59 14.76 12.28 10.15 8.35 6.88 5.73 4.87 4.31 4.02 3.99 4.09 4.24 4.42 4.62 4.86 5.10 5.33 5.53 5.71 5.91 6.12 6.37 6.68 7.06 7.53 8.09 8.69 9.27 9.82 10.35 10.85 11.30 11.71 12.07 12.37 12.61 12.80 12.95 13.02 13.00 12.87
11.26 11.58 11.93 12.32 12.75 13.23 13.76 14.36 15.03 15.77 16.58 17.47 18.45 19.50 20.65 21.89 23.22 24.61 26.02 27.43 28.84 30.22 31.58 32.90 34.17 35.38 36.53 37.60 38.49 39.10 39.43 39.46 39.14 38.42 37.31 35.84 34.06 31.98 29.65 27.10 24.35 21.44 18.41 15.52 12.97 10.75 8.86 7.28 6.01 5.03 4.32 3.89 3.71 3.76 3.94 4.15 4.39 4.64 4.86 5.04 5.19 5.33 5.48 5.65 5.86 6.13 6.47 6.90 7.43 8.00 8.55 9.09 9.61 10.09 10.54 10.96 11.32 11.63 11.89 12.08 12.22 12.30 12.30 12.19
11.84 12.19 12.55 12.94 13.38 13.86 14.40 15.01 15.68 16.43 17.24 18.14 19.11 20.17 21.31 22.54 23.87 25.26 26.66 28.07 29.46 30.84 32.19 33.50 34.76 35.96 37.10 38.17 39.14 39.92 40.41 40.51 40.18 39.43 38.29 36.80 34.99 32.89 30.53 27.95 25.18 22.24 19.19 16.27 13.67 11.40 9.45 7.80 6.44 5.36 4.55 4.00 3.70 3.63 3.76 4.01 4.28 4.51 4.68 4.81 4.92 5.01 5.11 5.24 5.41 5.64 5.95 6.34 6.84 7.38 7.91 8.43 8.93 9.41 9.86 10.27 10.65 10.97 11.25 11.46 11.61 11.70 11.72 11.65
12.42 12.79 13.18 13.58 14.02 14.51 15.06 15.67 16.34 17.09 17.90 18.79 19.76 20.81 21.95 23.17 24.49 25.87 27.27 28.66 30.04 31.41 32.74 34.04 35.29 36.48 37.60 38.65 39.62 40.46 41.04 41.16 40.83 40.08 38.95 37.47 35.67 33.57 31.22 28.65 25.88 22.95 19.90 16.98 14.38 12.09 10.10 8.41 7.00 5.86 4.98 4.35 3.95 3.77 3.81 4.02 4.27 4.45 4.57 4.65 4.71 4.76 4.81 4.90 5.03 5.22 5.49 5.85 6.31 6.82 7.33 7.83 8.32 8.79 9.24 9.65 10.04 10.38 10.67 10.91 11.09 11.21 11.25 11.22
12.97 13.37 13.79 14.22 14.68 15.18 15.72 16.33 17.00 17.74 18.55 19.43 20.40 21.44 22.56 23.78 25.08 26.44 27.82 29.20 30.57 31.92 33.24 34.52 35.75 36.92 38.03 39.06 39.99 40.74 41.22 41.36 41.08 40.37 39.28 37.83 36.07 34.02 31.70 29.17 26.44 23.55 20.54 17.65 15.07 12.80 10.81 9.11 7.69 6.52 5.59 4.91 4.45 4.20 4.14 4.20 4.32 4.44 4.52 4.55 4.56 4.56 4.58 4.62 4.71 4.86 5.09 5.42 5.85 6.33 6.81 7.29 7.77 8.23 8.68 9.10 9.49 9.85 10.16 10.43 10.64 10.79 10.87 10.88
13.51 13.94 14.38 14.84 15.33 15.84 16.39 16.99 17.65 18.38 19.18 20.06 21.01 22.03 23.14 24.34 25.63 26.97 28.33 29.69 31.04 32.37 33.66 34.92 36.13 37.28 38.36 39.36 40.18 40.75 41.07 41.14 40.91 40.27 39.25 37.88 36.19 34.21 31.97 29.50 26.84 24.03 21.09 18.27 15.74 13.51 11.57 9.89 8.48 7.31 6.38 5.68 5.19 4.89 4.69 4.56 4.50 4.50 4.52 4.50 4.47 4.43 4.40 4.40 4.45 4.56 4.76 5.05 5.44 5.89 6.35 6.82 7.28 7.74 8.18 8.61 9.01 9.38 9.72 10.01 10.24 10.42 10.54 10.60
14.02 14.48 14.95 15.44 15.95 16.49 17.05 17.64 18.29 19.01 19.80 20.65 21.59 22.60 23.69 24.86 26.13 27.45 28.79 30.12 31.44 32.75 34.02 35.25 36.43 37.56 38.60 39.48 40.11 40.50 40.66 40.60 40.33 39.78 38.86 37.60 36.01 34.13 32.00 29.64 27.08 24.37 21.54 18.82 16.38 14.23 12.35 10.73 9.36 8.23 7.32 6.64 6.13 5.73 5.38 5.08 4.84 4.67 4.58 4.51 4.43 4.34 4.27 4.23 4.24 4.32 4.48 4.73 5.10 5.52 5.95 6.40 6.85 7.30 7.75 8.18 8.59 8.97 9.33 9.64 9.90 10.10 10.26 10.35
14.50 14.99 15.49 16.01 16.54 17.09 17.67 18.28 18.92 19.62 20.38 21.22 22.13 23.12 24.19 25.34 26.57 27.87 29.18 30.48 31.78 33.05 34.29 35.49 36.65 37.73 38.65 39.33 39.78 40.00 40.01 39.82 39.45 38.90 38.10 36.97 35.52 33.78 31.78 29.56 27.14 24.57 21.87 19.28 16.97 14.92 13.14 11.61 10.32 9.26 8.42 7.75 7.18 6.65 6.15 5.70 5.31 4.99 4.75 4.58 4.44 4.31 4.20 4.12 4.09 4.13 4.25 4.47 4.80 5.19 5.61 6.03 6.48 6.92 7.36 7.80 8.22 8.62 8.98 9.31 9.59 9.82 10.01 10.14
14.95 15.46 15.99 16.53 17.08 17.65 18.25 18.87 19.51 20.20 20.94 21.75 22.64 23.60 24.64 25.76 26.96 28.23 29.50 30.78 32.04 33.28 34.48 35.65 36.76 37.71 38.43 38.92 39.19 39.25 39.13 38.82 38.35 37.73 36.96 35.98 34.70 33.13 31.30 29.25 27.01 24.60 22.08 19.65 17.49 15.59 13.94 12.53 11.36 10.39 9.62 8.92 8.25 7.60 6.98 6.41 5.89 5.43 5.04 4.73 4.51 4.33 4.17 4.05 3.98 3.98 4.07 4.26 4.56 4.92 5.31 5.72 6.15 6.59 7.03 7.47 7.90 8.30 8.67 9.01 9.31 9.56 9.78 9.95
15.35 15.89 16.44 17.00 17.57 18.16 18.77 19.40 20.05 20.73 21.46 22.24 23.10 24.02 25.03 26.12 27.29 28.52 29.76 30.99 32.22 33.42 34.59 35.70 36.68 37.42 37.94 38.24 38.35 38.27 38.02 37.61 37.06 36.37 35.56 34.65 33.55 32.18 30.55 28.70 26.66 24.46 22.14 19.91 17.93 16.21 14.73 13.48 12.44 11.59 10.81 10.04 9.28 8.54 7.82 7.15 6.52 5.94 5.44 5.00 4.66 4.40 4.19 4.03 3.92 3.89 3.94 4.09 4.36 4.69 5.06 5.46 5.87 6.30 6.75 7.19 7.61 8.01 8.39 8.73 9.05 9.32 9.56 9.76
15.69 16.25 16.82 17.40 17.99 18.59 19.22 19.86 20.52 21.21 21.92 22.68 23.50 24.40 25.36 26.41 27.54 28.73 29.93 31.13 32.31 33.47 34.58 35.56 36.32 36.85 37.18 37.32 37.27 37.06 36.70 36.20 35.57 34.83 33.99 33.07 32.06 30.91 29.52 27.90 26.10 24.13 22.05 20.04 18.29 16.77 15.49 14.42 13.54 12.73 11.90 11.07 10.24 9.43 8.64 7.88 7.16 6.50 5.89 5.36 4.90 4.53 4.26 4.05 3.91 3.83 3.85 3.97 4.20 4.51 4.85 5.23 5.64 6.07 6.50 6.93 7.35 7.74 8.12 8.47 8.79 9.09 9.35 9.58
15.97 16.55 17.14 17.73 18.34 18.96 19.59 20.24 20.91 21.60 22.32 23.06 23.85 24.70 25.63 26.64 27.73 28.87 30.02 31.17 32.31 33.41 34.38 35.13 35.67 36.01 36.17 36.14 35.96 35.63 35.17 34.59 33.90 33.12 32.26 31.33 30.35 29.33 28.18 26.84 25.30 23.60 21.78 20.04 18.54 17.27 16.21 15.34 14.53 13.69 12.83 11.96 11.09 10.23 9.39 8.57 7.79 7.05 6.37 5.76 5.21 4.75 4.39 4.12 3.93 3.82 3.80 3.88 4.09 4.37 4.69 5.05 5.45 5.86 6.28 6.69 7.10 7.48 7.86 8.21 8.54 8.85 9.14 9.39
16.17 16.77 17.38 17.99 18.60 19.23 19.87 20.53 21.20 21.89 22.61 23.36 24.13 24.94 25.83 26.79 27.83 28.92 30.02 31.12 32.19 33.15 33.89 34.42 34.76 34.91 34.90 34.73 34.43 33.99 33.44 32.79 32.05 31.24 30.37 29.46 28.51 27.54 26.56 25.49 24.25 22.86 21.34 19.90 18.68 17.68 16.86 16.09 15.28 14.44 13.57 12.69 11.79 10.91 10.03 9.18 8.35 7.57 6.83 6.16 5.55 5.02 4.58 4.23 3.99 3.84 3.78 3.84 4.01 4.26 4.56 4.91 5.29 5.68 6.07 6.46 6.84 7.22 7.59 7.95 8.28 8.61 8.91 9.19
16.28 16.90 17.52 18.15 18.77 19.41 20.06 20.72 21.39 22.09 22.80 23.54 24.31 25.10 25.94 26.85 27.84 28.88 29.93 30.96 31.88 32.59 33.11 33.43 33.58 33.56 33.39 33.10 32.67 32.14 31.52 30.81 30.04 29.22 28.35 27.45 26.55 25.64 24.75 23.87 22.95 21.88 20.70 19.58 18.68 17.96 17.27 16.54 15.75 14.93 14.07 13.20 12.31 11.41 10.53 9.66 8.81 8.00 7.24 6.53 5.88 5.30 4.80 4.40 4.09 3.89 3.80 3.82 3.96 4.19 4.47 4.80 5.14 5.50 5.86 6.22 6.59 6.95 7.31 7.66 8.01 8.34 8.65 8.95
16.31 16.94 17.57 18.21 18.84 19.49 20.14 20.80 21.47 22.17 22.88 23.61 24.37 25.15 25.97 26.83 27.76 28.74 29.72 30.59 31.27 31.75 32.04 32.17 32.13 31.96 31.65 31.23 30.71 30.10 29.41 28.67 27.87 27.04 26.19 25.33 24.48 23.64 22.84 22.09 21.39 20.67 19.85 19.10 18.51 17.96 17.34 16.65 15.91 15.13 14.30 13.45 12.59 11.71 10.84 9.98 9.13 8.32 7.54 6.82 6.15 5.54 5.02 4.57 4.23 3.98 3.85 3.84 3.95 4.15 4.40 4.69 4.99 5.30 5.63 5.97 6.31 6.66 7.01 7.36 7.70 8.04 8.37 8.68
16.22 16.87 17.51 18.16 18.80 19.45 20.10 20.76 21.44 22.12 22.83 23.56 24.30 25.08 25.88 26.71 27.58 28.49 29.30 29.93 30.36 30.61 30.70 30.64 30.44 30.12 29.69 29.16 28.55 27.87 27.13 26.35 25.55 24.73 23.90 23.09 22.30 21.56 20.86 20.23 19.69 19.22 18.78 18.39 18.00 17.54 17.00 16.38 15.71 14.99 14.22 13.42 12.60 11.77 10.93 10.09 9.27 8.48 7.71 6.99 6.33 5.72 5.18 4.72 4.36 4.09 3.93 3.88 3.96 4.13 4.33 4.57 4.82 5.09 5.39 5.69 6.01 6.34 6.68 7.02 7.36 7.70 8.04 8.37
16.03 16.69 17.34 17.99 18.64 19.29 19.94 20.60 21.27 21.96 22.65 23.37 24.11 24.86 25.65 26.46 27.29 28.04 28.60 28.97 29.17 29.21 29.11 28.87 28.52 28.07 27.52 26.90 26.21 25.47 24.70 23.90 23.10 22.30 21.51 20.76 20.05 19.41 18.83 18.34 17.95 17.67 17.50 17.32 17.05 16.69 16.25 15.73 15.15 14.50 13.81 13.09 12.33 11.56 10.77 9.99 9.21 8.46 7.73 7.03 6.39 5.80 5.27 4.82 4.46 4.18 4.01 3.95 4.00 4.11 4.25 4.43 4.63 4.86 5.12 5.39 5.68 5.99 6.31 6.64 6.98 7.32 7.67 8.01
15.80 16.46 17.12 17.78 18.43 19.08 19.73 20.38 21.05 21.72 22.41 23.11 23.83 24.57 25.34 26.12 26.86 27.42 27.74 27.88 27.86 27.70 27.42 27.03 26.53 25.96 25.31 24.60 23.85 23.07 22.28 21.47 20.68 19.92 19.19 18.51 17.90 17.36 16.91 16.57 16.35 16.25 16.19 16.11 15.96 15.71 15.38 14.96 14.47 13.92 13.32 12.67 11.99 11.29 10.57 9.84 9.12 8.41 7.72 7.06 6.45 5.89 5.38 4.95 4.59 4.32 4.15 4.07 4.05 4.09 4.17 4.29 4.44 4.63 4.84 5.09 5.35 5.64 5.94 6.26 6.59 6.94 7.29 7.64
15.56 16.23 16.89 17.55 18.20 18.85 19.49 20.14 20.80 21.46 22.14 22.83 23.53 24.25 24.99 25.68 26.26 26.67 26.82 26.75 26.53 26.19 25.74 25.20 24.58 23.90 23.16 22.39 21.59 20.78 19.97 19.18 18.42 17.70 17.04 16.45 15.94 15.53 15.23 15.06 15.00 15.01 15.02 15.00 14.93 14.80 14.57 14.25 13.86 13.41 12.89 12.33 11.72 11.09 10.43 9.77 9.10 8.44 7.80 7.18 6.60 6.06 5.58 5.16 4.81 4.55 4.36 4.22 4.13 4.09 4.10 4.17 4.27 4.42 4.59 4.80 5.04 5.31 5.60 5.91 6.24 6.58 6.94 7.31
15.32 15.99 16.66 17.31 17.96 18.60 19.25 19.89 20.53 21.18 21.84 22.51 23.20 23.89 24.53 25.07 25.50 25.77 25.80 25.59 25.20 24.69 24.09 23.42 22.68 21.91 21.10 20.27 19.44 18.61 17.81 17.04 16.32 15.67 15.09 14.59 14.21 13.94 13.80 13.78 13.84 13.90 13.96 14.01 14.00 13.94 13.82 13.61 13.32 12.96 12.53 12.05 11.52 10.96 10.37 9.76 9.15 8.54 7.94 7.37 6.82 6.31 5.85 5.45 5.11 4.84 4.61 4.40 4.23 4.12 4.07 4.07 4.13 4.23 4.37 4.55 4.77 5.01 5.29 5.59 5.92 6.27 6.63 7.02
15.08 15.75 16.42 17.07 17.72 18.35 18.98 19.62 20.25 20.88 21.53 22.18 22.83 23.43 23.92 24.30 24.59 24.73 24.65 24.35 23.86 23.20 22.47 21.68 20.85 19.99 19.12 18.25 17.40 16.57 15.79 15.06 14.40 13.82 13.33 12.96 12.70 12.59 12.60 12.69 12.80 12.91 13.03 13.12 13.17 13.17 13.13 13.02 12.83 12.56 12.22 11.82 11.38 10.89 10.37 9.82 9.27 8.71 8.15 7.62 7.10 6.62 6.19 5.80 5.47 5.16 4.86 4.59 4.36 4.18 4.06 4.01 4.01 4.07 4.18 4.33 4.52 4.75 5.01 5.31 5.63 5.98 6.36 6.76
14.84 15.52 16.18 16.83 17.46 18.09 18.71 19.33 19.95 20.57 21.19 21.81 22.37 22.82 23.15 23.39 23.55 23.58 23.40 23.02 22.46 21.74 20.89 20.00 19.09 18.16 17.25 16.35 15.49 14.68 13.93 13.25 12.65 12.17 11.79 11.54 11.44 11.47 11.58 11.72 11.87 12.03 12.20 12.34 12.44 12.50 12.51 12.48 12.38 12.21 11.96 11.65 11.28 10.86 10.41 9.93 9.43 8.93 8.42 7.92 7.44 7.00 6.58 6.21 5.84 5.47 5.12 4.79 4.50 4.27 4.10 3.98 3.94 3.95 4.02 4.14 4.31 4.52 4.77 5.06 5.39 5.75 6.14 6.55
14.61 15.28 15.94 16.58 17.21 17.83 18.43 19.04 19.64 20.24 20.83 21.36 21.77 22.06 22.25 22.36 22.40 22.32 22.05 21.61 21.00 20.24 19.36 18.39 17.41 16.43 15.49 14.58 13.72 12.94 12.23 11.61 11.11 10.72 10.47 10.37 10.41 10.53 10.69 10.86 11.05 11.26 11.47 11.66 11.81 11.91 11.97 12.00 11.97 11.89 11.73 11.51 11.22 10.88 10.49 10.08 9.64 9.19 8.73 8.27 7.83 7.41 7.02 6.61 6.20 5.78 5.38 5.01 4.67 4.38 4.16 4.00 3.90 3.87 3.90 4.00 4.14 4.34 4.58 4.86 5.19 5.55 5.96 6.39
14.38 15.05 15.70 16.34 16.95 17.56 18.15 18.73 19.31 19.88 20.38 20.76 21.02 21.17 21.23 21.22 21.14 20.97 20.63 20.13 19.48 18.71 17.82 16.84 15.82 14.81 13.84 12.94 12.10 11.36 10.71 10.17 9.77 9.50 9.38 9.42 9.55 9.71 9.90 10.11 10.34 10.58 10.83 11.06 11.25 11.40 11.51 11.58 11.61 11.60 11.53 11.39 11.18 10.92 10.61 10.26 9.87 9.48 9.06 8.65 8.25 7.85 7.44 7.00 6.54 6.09 5.64 5.22 4.84 4.51 4.24 4.04 3.90 3.83 3.83 3.89 4.02 4.20 4.43 4.71 5.04 5.41 5.83 6.28
14.17 14.83 15.47 16.09 16.70 17.28 17.86 18.42 18.97 19.45 19.80 20.02 20.14 20.16 20.10 19.98 19.81 19.55 19.15 18.60 17.93 17.14 16.27 15.32 14.32 13.30 12.33 11.44 10.64 9.95 9.38 8.94 8.64 8.50 8.53 8.64 8.80 8.99 9.21 9.46 9.72 10.00 10.28 10.55 10.78 10.97 11.12 11.24 11.31 11.35 11.34 11.29 11.16 10.98 10.73 10.45 10.13 9.79 9.43 9.06 8.68 8.27 7.83 7.36 6.87 6.38 5.90 5.45 5.03 4.66 4.36 4.12 3.95 3.84 3.80 3.84 3.94 4.10 4.33 4.61 4.94 5.32 5.75 6.23
13.97 14.62 15.25 15.86 16.44 17.01 17.57 18.10 18.56 18.88 19.08 19.17 19.15 19.06 18.89 18.67 18.41 18.08 17.62 17.04 16.35 15.57 14.72 13.82 12.87 11.91 10.96 10.10 9.35 8.73 8.24 7.91 7.74 7.73 7.83 7.97 8.15 8.37 8.62 8.89 9.18 9.49 9.81 10.11 10.38 10.60 10.80 10.95 11.06 11.14 11.19 11.19 11.15 11.04 10.87 10.65 10.39 10.11 9.80 9.46 9.08 8.65 8.18 7.69 7.18 6.66 6.16 5.67 5.22 4.82 4.49 4.22 4.02 3.89 3.83 3.84 3.92 4.07 4.28 4.56 4.90 5.29 5.74 6.23
13.77 14.42 15.03 15.63 16.19 16.74 17.27 17.71 18.02 18.19 18.25 18.20 18.07 17.87 17.61 17.30 16.97 16.57 16.07 15.46 14.77 14.01 13.19 12.34 11.47 10.59 9.73 8.93 8.24 7.70 7.32 7.10 7.06 7.12 7.24 7.40 7.60 7.84 8.11 8.41 8.73 9.06 9.41 9.74 10.04 10.30 10.52 10.71 10.86 10.98 11.07 11.12 11.13 11.10 11.00 10.85 10.66 10.43 10.16 9.83 9.44 8.99 8.51 7.99 7.46 6.93 6.40 5.89 5.41 4.99 4.64 4.35 4.13 3.98 3.90 3.89 3.95 4.09 4.30 4.57 4.92 5.32 5.78 6.30
13.58 14.23 14.83 15.40 15.95 16.47 16.90 17.19 17.35 17.38 17.31 17.15 16.91 16.61 16.26 15.89 15.49 15.04 14.51 13.89 13.20 12.46 11.69 10.91 10.12 9.35 8.61 7.92 7.32 6.88 6.61 6.51 6.53 6.61 6.74 6.92 7.14 7.40 7.69 8.00 8.34 8.70 9.07 9.43 9.75 10.04 10.29 10.52 10.70 10.86 10.98 11.07 11.12 11.14 11.12 11.04 10.91 10.73 10.47 10.13 9.73 9.28 8.79 8.26 7.72 7.17 6.63 6.11 5.61 5.18 4.81 4.50 4.27 4.11 4.01 3.99 4.04 4.17 4.37 4.65 5.00 5.41 5.89 6.41
