data_processed/recharge/precip/Precip_2008_10.asc
ncols        168
nrows        136
xllcorner    455000
yllcorner    2107000
cellsize     500
NODATA_value     -99999
[rows 34 to 67 of 136, columns 0 to 77 of 168]
71.79 71.63 71.52 71.43 71.32 71.16 70.96 70.71 70.44 70.14 69.83 69.50 69.17 68.85 68.54 68.24 67.97 67.72 67.52 67.35 67.13 66.73 66.09 65.22 64.19 63.14 62.13 61.15 60.20 59.28 58.41 57.57 56.78 56.03 55.32 54.65 54.03 53.46 52.93 52.44 52.01 51.62 51.28 50.99 50.75 50.58 50.49 50.48 50.54 50.59 50.42 50.01 49.37 48.53 47.63 46.72 45.79 44.87 43.95 43.04 42.16 41.31 40.50 39.74 39.03 38.37 37.79 37.29 36.87 36.53 36.25 35.94 35.61 35.24 34.85 34.48 34.13 33.81
70.46 70.09 69.75 69.47 69.25 69.03 68.79 68.53 68.27 68.00 67.73 67.47 67.24 67.02 66.84 66.70 66.60 66.55 66.56 66.53 66.33 65.93 65.30 64.47 63.47 62.47 61.49 60.54 59.62 58.73 57.88 57.06 56.28 55.54 54.85 54.19 53.57 53.00 52.47 51.99 51.55 51.15 50.81 50.51 50.27 50.12 50.04 50.03 50.09 50.13 49.98 49.60 49.01 48.19 47.22 46.19 45.17 44.17 43.19 42.24 41.32 40.45 39.63 38.87 38.19 37.57 37.04 36.60 36.26 35.97 35.67 35.35 35.01 34.64 34.26 33.89 33.55 33.23
69.39 68.81 68.27 67.80 67.41 67.11 66.83 66.56 66.30 66.06 65.84 65.66 65.52 65.42 65.37 65.38 65.46 65.60 65.73 65.71 65.49 65.09 64.48 63.67 62.72 61.75 60.82 59.90 59.02 58.16 57.33 56.53 55.77 55.04 54.36 53.71 53.10 52.53 52.01 51.52 51.08 50.68 50.33 50.03 49.82 49.68 49.61 49.61 49.66 49.69 49.55 49.20 48.65 47.90 46.96 45.87 44.77 43.69 42.64 41.64 40.69 39.80 38.98 38.23 37.57 36.99 36.52 36.14 35.83 35.52 35.20 34.86 34.51 34.14 33.75 33.39 33.05 32.74
68.55 67.80 67.08 66.43 65.87 65.42 65.08 64.80 64.55 64.34 64.17 64.06 64.01 64.03 64.12 64.28 64.53 64.78 64.90 64.85 64.62 64.22 63.63 62.85 61.94 61.01 60.11 59.24 58.38 57.56 56.75 55.98 55.23 54.52 53.85 53.21 52.61 52.05 51.53 51.04 50.60 50.20 49.85 49.59 49.39 49.27 49.21 49.20 49.24 49.27 49.13 48.81 48.30 47.61 46.75 45.72 44.56 43.41 42.30 41.26 40.28 39.37 38.55 37.81 37.17 36.64 36.21 35.86 35.52 35.18 34.83 34.47 34.10 33.72 33.34 32.97 32.64 32.33
67.91 67.00 66.14 65.33 64.62 64.02 63.56 63.24 63.00 62.82 62.71 62.68 62.72 62.85 63.08 63.40 63.74 63.96 64.04 63.96 63.72 63.32 62.75 62.00 61.13 60.25 59.39 58.55 57.73 56.93 56.16 55.41 54.69 53.99 53.33 52.71 52.11 51.56 51.04 50.56 50.11 49.72 49.41 49.17 49.00 48.89 48.83 48.82 48.85 48.86 48.72 48.42 47.95 47.33 46.54 45.61 44.52 43.34 42.18 41.08 40.08 39.15 38.33 37.61 37.00 36.50 36.09 35.69 35.31 34.92 34.54 34.16 33.78 33.39 33.00 32.64 32.31 32.00
67.45 66.41 65.42 64.49 63.65 62.92 62.34 61.92 61.67 61.52 61.47 61.50 61.65 61.90 62.25 62.65 62.94 63.11 63.15 63.04 62.79 62.39 61.84 61.13 60.30 59.46 58.64 57.84 57.05 56.29 55.55 54.83 54.13 53.45 52.81 52.19 51.61 51.06 50.55 50.07 49.64 49.29 49.01 48.79 48.64 48.53 48.48 48.46 48.47 48.47 48.33 48.05 47.62 47.05 46.34 45.49 44.52 43.42 42.25 41.12 40.08 39.14 38.32 37.61 37.03 36.53 36.07 35.62 35.18 34.76 34.35 33.94 33.54 33.14 32.75 32.38 32.05 31.74
67.13 66.00 64.90 63.87 62.92 62.10 61.41 60.89 60.56 60.43 60.43 60.54 60.78 61.15 61.56 61.89 62.12 62.24 62.23 62.10 61.84 61.45 60.91 60.23 59.45 58.65 57.87 57.11 56.36 55.63 54.92 54.23 53.56 52.91 52.28 51.68 51.10 50.56 50.06 49.60 49.21 48.90 48.64 48.45 48.31 48.21 48.15 48.12 48.12 48.09 47.95 47.68 47.29 46.77 46.14 45.38 44.52 43.55 42.48 41.35 40.28 39.34 38.51 37.82 37.22 36.67 36.14 35.63 35.15 34.68 34.24 33.80 33.38 32.97 32.57 32.19 31.85 31.55
66.95 65.73 64.56 63.44 62.42 61.52 60.75 60.16 59.75 59.57 59.60 59.79 60.13 60.52 60.87 61.12 61.28 61.34 61.30 61.14 60.88 60.49 59.97 59.32 58.58 57.83 57.09 56.37 55.66 54.97 54.29 53.62 52.98 52.35 51.75 51.16 50.60 50.07 49.58 49.17 48.83 48.55 48.32 48.15 48.02 47.92 47.85 47.81 47.79 47.74 47.59 47.34 46.97 46.51 45.94 45.28 44.52 43.67 42.74 41.73 40.69 39.73 38.91 38.19 37.53 36.90 36.30 35.73 35.20 34.69 34.20 33.74 33.29 32.86 32.46 32.08 31.73 31.42
66.86 65.59 64.36 63.19 62.12 61.16 60.34 59.69 59.23 58.99 59.00 59.24 59.59 59.91 60.16 60.33 60.42 60.43 60.35 60.17 59.89 59.51 59.01 58.40 57.70 57.00 56.30 55.62 54.95 54.29 53.64 53.01 52.40 51.80 51.21 50.65 50.10 49.60 49.16 48.80 48.49 48.25 48.04 47.88 47.76 47.66 47.59 47.53 47.48 47.41 47.25 47.00 46.67 46.25 45.75 45.17 44.52 43.80 43.01 42.15 41.24 40.32 39.46 38.67 37.92 37.21 36.54 35.92 35.33 34.77 34.24 33.75 33.28 32.83 32.41 32.02 31.66 31.34
66.85 65.55 64.29 63.09 61.98 60.99 60.15 59.47 58.98 58.72 58.69 58.85 59.08 59.28 59.43 59.52 59.55 59.50 59.38 59.18 58.90 58.52 58.05 57.47 56.82 56.16 55.51 54.86 54.23 53.61 53.00 52.40 51.81 51.24 50.68 50.13 49.63 49.18 48.80 48.48 48.21 47.99 47.81 47.66 47.54 47.44 47.36 47.28 47.20 47.10 46.93 46.69 46.38 46.00 45.57 45.07 44.52 43.92 43.27 42.57 41.83 41.02 40.12 39.23 38.39 37.60 36.87 36.18 35.53 34.92 34.36 33.82 33.33 32.86 32.42 32.02 31.65 31.32
66.88 65.57 64.31 63.11 61.99 61.00 60.15 59.46 58.97 58.70 58.59 58.55 58.57 58.64 58.69 58.70 58.66 58.57 58.41 58.19 57.90 57.53 57.08 56.54 55.93 55.32 54.71 54.11 53.51 52.93 52.35 51.78 51.23 50.68 50.15 49.65 49.21 48.82 48.49 48.22 47.98 47.79 47.62 47.48 47.37 47.26 47.16 47.06 46.95 46.82 46.63 46.39 46.10 45.77 45.39 44.98 44.52 44.04 43.52 42.98 42.38 41.66 40.81 39.87 38.94 38.07 37.26 36.51 35.80 35.14 34.53 33.96 33.44 32.95 32.49 32.07 31.69 31.35
66.94 65.65 64.40 63.22 62.12 61.15 60.32 59.65 59.18 58.84 58.56 58.32 58.13 58.01 57.95 57.88 57.77 57.63 57.44 57.19 56.89 56.53 56.10 55.60 55.04 54.47 53.91 53.35 52.80 52.25 51.71 51.17 50.65 50.13 49.65 49.22 48.85 48.53 48.25 48.01 47.80 47.63 47.48 47.35 47.23 47.11 47.00 46.87 46.73 46.56 46.35 46.12 45.85 45.55 45.23 44.89 44.53 44.16 43.78 43.35 42.82 42.18 41.42 40.54 39.57 38.62 37.73 36.91 36.14 35.43 34.77 34.16 33.60 33.09 32.61 32.18 31.78 31.43
66.99 65.75 64.54 63.40 62.35 61.42 60.63 60.00 59.49 59.02 58.56 58.14 57.77 57.46 57.22 57.05 56.88 56.69 56.46 56.20 55.89 55.54 55.13 54.67 54.16 53.64 53.12 52.60 52.09 51.58 51.08 50.57 50.08 49.62 49.21 48.85 48.55 48.28 48.06 47.86 47.68 47.53 47.39 47.26 47.14 47.01 46.87 46.71 46.53 46.33 46.10 45.86 45.61 45.35 45.08 44.81 44.55 44.28 43.99 43.62 43.16 42.59 41.92 41.13 40.22 39.23 38.26 37.37 36.54 35.77 35.06 34.41 33.82 33.27 32.78 32.33 31.91 31.54
67.02 65.84 64.70 63.62 62.64 61.78 61.05 60.42 59.80 59.18 58.57 58.00 57.46 56.98 56.58 56.25 55.99 55.75 55.49 55.20 54.89 54.55 54.17 53.74 53.28 52.81 52.34 51.86 51.39 50.92 50.45 49.99 49.55 49.17 48.83 48.55 48.31 48.10 47.92 47.76 47.62 47.48 47.35 47.22 47.09 46.94 46.78 46.59 46.37 46.13 45.88 45.63 45.39 45.16 44.95 44.75 44.57 44.38 44.12 43.80 43.39 42.89 42.29 41.59 40.78 39.86 38.86 37.89 36.99 36.16 35.40 34.71 34.08 33.51 32.99 32.51 32.08 31.69
66.99 65.90 64.85 63.87 62.98 62.20 61.49 60.78 60.04 59.30 58.57 57.86 57.19 56.57 56.01 55.52 55.13 54.81 54.52 54.21 53.90 53.57 53.21 52.82 52.41 51.99 51.56 51.14 50.71 50.28 49.85 49.44 49.09 48.79 48.53 48.32 48.14 47.98 47.84 47.72 47.60 47.48 47.36 47.23 47.09 46.92 46.73 46.51 46.25 45.96 45.68 45.42 45.19 44.99 44.83 44.69 44.56 44.39 44.16 43.87 43.51 43.07 42.54 41.92 41.21 40.39 39.46 38.46 37.49 36.61 35.79 35.05 34.38 33.78 33.24 32.74 32.28 31.86
66.88 65.90 64.97 64.10 63.32 62.59 61.83 61.03 60.21 59.37 58.54 57.72 56.93 56.19 55.50 54.88 54.35 53.91 53.56 53.24 52.92 52.60 52.27 51.92 51.56 51.19 50.81 50.43 50.04 49.65 49.29 48.97 48.71 48.49 48.30 48.15 48.03 47.92 47.82 47.73 47.64 47.54 47.42 47.29 47.13 46.95 46.73 46.46 46.16 45.82 45.51 45.24 45.02 44.84 44.72 44.62 44.49 44.32 44.11 43.85 43.52 43.13 42.67 42.13 41.50 40.78 39.96 39.04 38.04 37.09 36.22 35.44 34.72 34.09 33.51 32.99 32.51 32.07
66.66 65.82 65.03 64.30 63.59 62.83 62.02 61.16 60.27 59.36 58.45 57.55 56.67 55.82 55.03 54.30 53.65 53.09 52.64 52.28 51.96 51.64 51.34 51.03 50.72 50.40 50.07 49.74 49.40 49.08 48.80 48.58 48.40 48.26 48.15 48.06 47.99 47.92 47.87 47.80 47.73 47.65 47.54 47.40 47.23 47.01 46.76 46.46 46.10 45.72 45.37 45.09 44.87 44.72 44.60 44.48 44.34 44.17 43.97 43.72 43.43 43.09 42.68 42.21 41.66 41.03 40.32 39.50 38.59 37.62 36.69 35.85 35.10 34.43 33.82 33.27 32.76 32.29
66.31 65.64 65.00 64.37 63.67 62.88 62.04 61.14 60.21 59.25 58.28 57.32 56.37 55.46 54.58 53.77 53.03 52.37 51.81 51.36 51.01 50.71 50.43 50.17 49.91 49.64 49.36 49.08 48.81 48.58 48.41 48.28 48.18 48.11 48.06 48.03 48.01 47.99 47.97 47.94 47.88 47.81 47.70 47.56 47.37 47.13 46.84 46.50 46.09 45.65 45.27 44.96 44.74 44.58 44.43 44.27 44.11 43.93 43.73 43.50 43.24 42.93 42.57 42.16 41.69 41.14 40.52 39.82 39.03 38.14 37.20 36.30 35.50 34.79 34.15 33.57 33.03 32.53
65.80 65.32 64.81 64.20 63.50 62.72 61.87 60.96 60.00 59.02 58.02 57.02 56.03 55.06 54.13 53.25 52.44 51.71 51.07 50.53 50.11 49.80 49.55 49.33 49.12 48.91 48.68 48.47 48.30 48.18 48.10 48.06 48.04 48.04 48.06 48.08 48.11 48.13 48.14 48.13 48.09 48.02 47.92 47.76 47.56 47.29 46.97 46.57 46.11 45.61 45.19 44.87 44.62 44.39 44.19 43.99 43.80 43.61 43.40 43.18 42.93 42.66 42.34 41.99 41.58 41.11 40.58 39.98 39.30 38.54 37.68 36.78 35.93 35.18 34.50 33.88 33.31 32.75
65.11 64.77 64.32 63.76 63.09 62.33 61.49 60.59 59.64 58.65 57.64 56.63 55.61 54.62 53.66 52.74 51.88 51.10 50.40 49.79 49.31 48.94 48.70 48.52 48.37 48.21 48.06 47.95 47.89 47.87 47.89 47.93 47.98 48.06 48.13 48.21 48.28 48.34 48.37 48.38 48.36 48.29 48.18 48.02 47.79 47.50 47.14 46.70 46.17 45.62 45.15 44.78 44.45 44.16 43.89 43.65 43.42 43.20 42.99 42.76 42.53 42.27 42.00 41.69 41.34 40.94 40.49 39.98 39.41 38.77 38.04 37.23 36.37 35.58 34.87 34.21 33.57 32.92
64.15 63.90 63.51 63.01 62.39 61.67 60.88 60.01 59.09 58.12 57.13 56.12 55.11 54.11 53.14 52.21 51.32 50.51 49.77 49.13 48.60 48.18 47.90 47.74 47.65 47.57 47.53 47.54 47.58 47.66 47.76 47.88 48.01 48.15 48.29 48.41 48.52 48.61 48.67 48.70 48.69 48.62 48.50 48.33 48.08 47.76 47.36 46.86 46.28 45.66 45.12 44.65 44.23 43.86 43.53 43.23 42.96 42.71 42.48 42.25 42.02 41.78 41.53 41.26 40.96 40.63 40.26 39.84 39.36 38.83 38.22 37.55 36.79 35.99 35.24 34.52 33.78 33.03
62.82 62.66 62.37 61.94 61.39 60.75 60.01 59.20 58.33 57.41 56.45 55.47 54.49 53.51 52.55 51.62 50.74 49.92 49.17 48.51 47.95 47.51 47.19 47.02 47.00 47.03 47.12 47.23 47.38 47.55 47.74 47.94 48.14 48.33 48.52 48.69 48.84 48.96 49.05 49.09 49.08 49.01 48.88 48.69 48.41 48.06 47.61 47.07 46.43 45.74 45.09 44.50 43.99 43.53 43.13 42.77 42.45 42.16 41.90 41.65 41.42 41.19 40.96 40.72 40.47 40.19 39.89 39.55 39.16 38.73 38.24 37.69 37.07 36.38 35.61 34.79 33.96 33.11
61.16 61.11 60.91 60.58 60.13 59.56 58.90 58.16 57.35 56.49 55.58 54.65 53.71 52.76 51.83 50.92 50.05 49.24 48.49 47.83 47.26 46.79 46.46 46.35 46.50 46.68 46.87 47.09 47.33 47.59 47.85 48.12 48.39 48.64 48.88 49.09 49.27 49.41 49.51 49.56 49.55 49.47 49.33 49.11 48.80 48.40 47.91 47.32 46.65 45.95 45.20 44.50 43.87 43.32 42.83 42.40 42.02 41.68 41.38 41.11 40.86 40.63 40.41 40.20 39.98 39.75 39.50 39.23 38.93 38.59 38.20 37.77 37.28 36.75 36.12 35.25 34.31 33.37
59.25 59.29 59.20 58.97 58.61 58.14 57.57 56.90 56.17 55.37 54.52 53.64 52.74 51.84 50.94 50.06 49.21 48.42 47.68 47.02 46.45 45.98 45.72 45.81 46.15 46.50 46.81 47.13 47.46 47.79 48.13 48.46 48.78 49.08 49.36 49.60 49.80 49.96 50.06 50.11 50.09 50.00 49.83 49.58 49.23 48.78 48.24 47.62 46.97 46.29 45.54 44.75 44.00 43.34 42.75 42.24 41.78 41.38 41.03 40.72 40.45 40.20 39.98 39.77 39.57 39.37 39.17 38.96 38.72 38.46 38.17 37.84 37.49 37.15 36.71 35.97 34.98 33.94
57.16 57.25 57.25 57.13 56.88 56.50 56.02 55.44 54.79 54.06 53.28 52.46 51.62 50.76 49.91 49.06 48.25 47.47 46.76 46.11 45.54 45.17 45.12 45.40 45.91 46.44 46.92 47.34 47.75 48.16 48.56 48.94 49.31 49.65 49.95 50.21 50.43 50.59 50.70 50.74 50.70 50.58 50.38 50.08 49.69 49.19 48.61 48.01 47.39 46.74 46.02 45.21 44.37 43.59 42.89 42.28 41.74 41.26 40.85 40.49 40.17 39.90 39.66 39.45 39.26 39.08 38.91 38.74 38.56 38.37 38.16 37.94 37.74 37.57 37.33 36.77 35.89 34.80
54.94 55.05 55.11 55.08 54.94 54.67 54.29 53.80 53.23 52.59 51.89 51.14 50.35 49.55 48.75 47.95 47.17 46.43 45.74 45.11 44.65 44.50 44.65 45.12 45.79 46.48 47.12 47.69 48.19 48.66 49.11 49.55 49.95 50.32 50.64 50.92 51.14 51.30 51.40 51.42 51.35 51.20 50.96 50.61 50.16 49.63 49.07 48.49 47.90 47.28 46.58 45.81 44.95 44.07 43.26 42.53 41.89 41.32 40.83 40.41 40.04 39.73 39.46 39.24 39.04 38.87 38.71 38.57 38.44 38.30 38.17 38.08 38.03 38.03 37.97 37.58 36.86 35.86
52.61 52.75 52.83 52.86 52.81 52.65 52.38 52.00 51.52 50.97 50.35 49.67 48.96 48.23 47.48 46.73 46.00 45.30 44.64 44.14 43.91 43.98 44.33 44.96 45.78 46.61 47.39 48.11 48.75 49.29 49.79 50.26 50.69 51.08 51.42 51.70 51.92 52.07 52.15 52.14 52.04 51.85 51.55 51.15 50.67 50.15 49.62 49.06 48.50 47.90 47.23 46.48 45.65 44.75 43.84 42.99 42.23 41.57 40.99 40.49 40.06 39.69 39.38 39.13 38.91 38.73 38.59 38.46 38.36 38.28 38.25 38.27 38.36 38.53 38.63 38.40 37.83 36.97
50.19 50.36 50.47 50.53 50.53 50.48 50.32 50.04 49.67 49.22 48.69 48.10 47.46 46.80 46.12 45.43 44.75 44.10 43.58 43.32 43.33 43.61 44.14 44.91 45.85 46.81 47.72 48.58 49.35 50.01 50.57 51.07 51.52 51.92 52.27 52.55 52.76 52.89 52.94 52.89 52.75 52.51 52.16 51.72 51.25 50.75 50.24 49.71 49.17 48.60 47.95 47.22 46.41 45.54 44.60 43.65 42.78 42.00 41.32 40.73 40.22 39.79 39.42 39.12 38.88 38.68 38.52 38.41 38.33 38.32 38.38 38.51 38.73 39.05 39.31 39.24 38.81 38.07
47.72 47.91 48.05 48.14 48.18 48.18 48.12 47.96 47.70 47.35 46.92 46.42 45.88 45.29 44.68 44.06 43.45 42.95 42.69 42.68 42.91 43.38 44.07 44.97 46.02 47.08 48.11 49.08 49.97 50.75 51.42 51.96 52.43 52.83 53.17 53.44 53.63 53.73 53.75 53.66 53.47 53.17 52.78 52.35 51.90 51.42 50.93 50.42 49.90 49.35 48.73 48.02 47.23 46.38 45.46 44.50 43.52 42.61 41.82 41.12 40.53 40.01 39.58 39.23 38.94 38.71 38.53 38.42 38.38 38.43 38.57 38.80 39.14 39.59 40.01 40.08 39.78 39.16
45.21 45.43 45.60 45.72 45.79 45.83 45.83 45.77 45.63 45.39 45.07 44.67 44.22 43.72 43.19 42.66 42.21 41.98 41.98 42.20 42.64 43.28 44.11 45.12 46.26 47.41 48.53 49.60 50.59 51.49 52.26 52.90 53.39 53.79 54.12 54.37 54.53 54.60 54.56 54.42 54.17 53.84 53.46 53.05 52.61 52.15 51.68 51.19 50.69 50.16 49.56 48.87 48.10 47.27 46.37 45.42 44.42 43.41 42.49 41.68 40.98 40.37 39.86 39.44 39.09 38.82 38.62 38.52 38.51 38.60 38.81 39.14 39.59 40.17 40.73 40.93 40.75 40.24
42.70 42.94 43.14 43.29 43.40 43.47 43.51 43.51 43.48 43.35 43.14 42.86 42.51 42.11 41.67 41.31 41.14 41.19 41.44 41.89 42.51 43.31 44.26 45.37 46.58 47.80 48.99 50.14 51.22 52.20 53.07 53.80 54.37 54.79 55.09 55.31 55.44 55.46 55.38 55.18 54.89 54.56 54.19 53.80 53.38 52.93 52.48 52.00 51.53 51.02 50.43 49.76 49.01 48.19 47.31 46.38 45.39 44.36 43.34 42.40 41.58 40.87 40.27 39.76 39.35 39.02 38.80 38.70 38.71 38.85 39.11 39.52 40.07 40.77 41.46 41.79 41.72 41.31
40.20 40.47 40.69 40.87 41.02 41.12 41.20 41.25 41.27 41.26 41.17 41.00 40.76 40.47 40.23 40.16 40.29 40.60 41.08 41.72 42.51 43.45 44.51 45.69 46.95 48.23 49.48 50.69 51.83 52.89 53.83 54.64 55.30 55.78 56.08 56.27 56.34 56.31 56.17 55.94 55.65 55.33 54.97 54.59 54.18 53.76 53.31 52.86 52.40 51.91 51.34 50.69 49.96 49.15 48.28 47.36 46.39 45.37 44.32 43.28 42.33 41.51 40.80 40.19 39.70 39.33 39.08 38.96 38.99 39.15 39.47 39.95 40.59 41.40 42.21 42.65 42.68 42.36
37.75 38.04 38.29 38.50 38.68 38.82 38.94 39.03 39.10 39.15 39.17 39.12 39.00 38.91 38.98 39.22 39.62 40.18 40.87 41.70 42.64 43.69 44.84 46.08 47.38 48.69 49.98 51.24 52.43 53.54 54.54 55.42 56.14 56.69 57.04 57.21 57.23 57.14 56.96 56.73 56.45 56.14 55.79 55.42 55.02 54.61 54.18 53.74 53.30 52.83 52.28 51.64 50.92 50.13 49.28 48.36 47.40 46.40 45.36 44.29 43.23 42.28 41.45 40.74 40.17 39.74 39.45 39.31 39.34 39.52 39.88 40.42 41.14 42.05 42.98 43.52 43.64 43.40
35.36 35.68 35.95 36.20 36.40 36.58 36.74 36.87 36.98 37.08 37.17 37.24 37.33 37.57 37.96 38.49 39.15 39.93 40.82 41.81 42.89 44.04 45.26 46.54 47.86 49.18 50.50 51.78 53.00 54.15 55.19 56.11 56.88 57.49 57.90 58.10 58.09 57.96 57.78 57.55 57.28 56.97 56.64 56.27 55.89 55.49 55.07 54.65 54.22 53.76 53.23 52.60 51.90 51.12 50.28 49.38 48.42 47.43 46.40 45.33 44.25 43.19 42.23 41.41 40.75 40.25 39.91 39.74 39.76 39.96 40.34 40.93 41.73 42.73 43.75 44.39 44.60 44.43
