data_processed/recharge/precip/Precip_1984_04.asc
ncols        168
nrows        136
xllcorner    455000
yllcorner    2107000
cellsize     500
NODATA_value     -99999
[rows 0 to 36 of 136, columns 84 to 167 of 168]
0.00 0.00 0.00 0.00 0.00 0.00 0.00 0.00 0.00 0.00 0.00 0.00 0.00 0.00 0.00 0.00 0.00 0.00 0.00 0.00 0.00 0.00 0.00 0.00 0.02 0.05 0.08 0.11 0.15 0.19 0.24 0.29 0.35 0.41 0.48 0.53 0.56 0.57 0.56 0.53 0.48 0.41 0.34 0.25 0.15 0.05 0.00 0.00 0.00 0.00 0.00 0.00 0.00 0.00 0.00 0.00 0.00 0.00 0.00 0.00 0.00 0.00 0.00 0.00 0.00 0.00 0.00 0.00 0.00 0.00 0.00 0.89 1.96 3.15 4.40 5.67 6.95 8.23 9.49 10.73 11.91 12.99 13.90 14.62
0.00 0.00 0.00 0.00 0.00 0.00 0.00 0.02 0.05 0.06 0.07 0.08 0.08 0.07 0.07 0.06 0.05 0.04 0.02 0.01 0.01 0.01 0.02 0.03 0.05 0.07 0.10 0.13 0.17 0.22 0.26 0.32 0.38 0.44 0.50 0.57 0.63 0.66 0.67 0.66 0.63 0.58 0.52 0.44 0.36 0.27 0.16 0.04 0.00 0.00 0.00 0.00 0.00 0.00 0.00 0.00 0.00 0.00 0.00 0.00 0.00 0.00 0.00 0.00 0.00 0.00 0.00 0.00 0.00 0.00 0.13 1.12 2.22 3.45 4.74 6.05 7.37 8.69 9.98 11.25 12.46 13.62 14.65 15.50
0.00 0.00 0.00 0.00 0.00 0.04 0.09 0.12 0.14 0.16 0.17 0.17 0.16 0.15 0.13 0.12 0.10 0.08 0.06 0.05 0.04 0.04 0.05 0.06 0.07 0.10 0.12 0.16 0.20 0.24 0.29 0.34 0.40 0.46 0.53 0.60 0.68 0.74 0.77 0.78 0.77 0.75 0.71 0.65 0.59 0.50 0.40 0.28 0.14 0.00 0.00 0.00 0.00 0.00 0.00 0.00 0.00 0.00 0.00 0.00 0.00 0.00 0.00 0.00 0.00 0.00 0.00 0.00 0.00 0.00 0.32 1.33 2.47 3.73 5.06 6.41 7.76 9.11 10.44 11.73 12.97 14.15 15.25 16.22
0.00 0.00 0.00 0.02 0.09 0.15 0.19 0.22 0.24 0.26 0.26 0.25 0.24 0.22 0.20 0.17 0.14 0.11 0.09 0.08 0.07 0.07 0.07 0.08 0.10 0.12 0.15 0.18 0.22 0.26 0.31 0.37 0.43 0.49 0.56 0.63 0.71 0.79 0.85 0.89 0.91 0.91 0.90 0.87 0.82 0.75 0.66 0.54 0.40 0.23 0.03 0.00 0.00 0.00 0.00 0.00 0.00 0.00 0.00 0.00 0.00 0.00 0.00 0.00 0.00 0.00 0.00 0.00 0.00 0.00 0.50 1.53 2.70 3.99 5.36 6.74 8.13 9.50 10.86 12.18 13.44 14.64 15.77 16.79
0.00 0.00 0.06 0.13 0.20 0.25 0.30 0.33 0.34 0.35 0.35 0.34 0.32 0.29 0.26 0.22 0.18 0.15 0.13 0.11 0.10 0.10 0.10 0.11 0.13 0.15 0.18 0.21 0.25 0.29 0.34 0.39 0.45 0.52 0.59 0.66 0.74 0.82 0.90 0.98 1.04 1.08 1.09 1.09 1.06 1.00 0.92 0.81 0.67 0.50 0.29 0.02 0.00 0.00 0.00 0.00 0.00 0.00 0.00 0.00 0.00 0.00 0.00 0.00 0.00 0.00 0.00 0.00 0.00 0.00 0.68 1.73 2.92 4.25 5.64 7.06 8.47 9.87 11.25 12.59 13.88 15.10 16.23 17.28
0.04 0.10 0.16 0.23 0.30 0.36 0.40 0.43 0.44 0.44 0.43 0.41 0.38 0.35 0.30 0.26 0.22 0.19 0.17 0.15 0.14 0.13 0.14 0.14 0.16 0.18 0.20 0.24 0.28 0.32 0.37 0.42 0.48 0.55 0.61 0.69 0.77 0.85 0.95 1.05 1.15 1.23 1.28 1.30 1.30 1.26 1.19 1.09 0.96 0.79 0.57 0.30 0.00 0.00 0.00 0.00 0.00 0.00 0.00 0.00 0.00 0.00 0.00 0.00 0.00 0.00 0.00 0.00 0.00 0.00 0.87 1.92 3.14 4.49 5.92 7.36 8.80 10.22 11.62 12.98 14.28 15.51 16.66 17.71
0.15 0.21 0.27 0.34 0.41 0.46 0.50 0.52 0.53 0.53 0.51 0.48 0.44 0.40 0.35 0.30 0.26 0.23 0.20 0.18 0.17 0.17 0.17 0.17 0.19 0.21 0.23 0.27 0.30 0.35 0.40 0.45 0.51 0.57 0.64 0.72 0.80 0.89 1.00 1.12 1.25 1.37 1.45 1.51 1.53 1.51 1.46 1.37 1.25 1.08 0.86 0.59 0.27 0.00 0.00 0.00 0.00 0.00 0.00 0.00 0.00 0.00 0.00 0.00 0.00 0.00 0.00 0.00 0.00 0.14 1.06 2.12 3.35 4.73 6.18 7.65 9.11 10.55 11.97 13.34 14.65 15.90 17.06 18.07
0.27 0.32 0.38 0.45 0.52 0.57 0.60 0.61 0.62 0.60 0.58 0.54 0.49 0.44 0.39 0.34 0.30 0.27 0.24 0.22 0.21 0.20 0.20 0.20 0.22 0.24 0.26 0.29 0.33 0.37 0.42 0.48 0.54 0.60 0.67 0.75 0.84 0.94 1.06 1.20 1.34 1.48 1.60 1.69 1.74 1.75 1.72 1.65 1.53 1.37 1.16 0.89 0.57 0.22 0.00 0.00 0.00 0.00 0.00 0.00 0.00 0.00 0.00 0.00 0.00 0.00 0.00 0.00 0.00 0.34 1.26 2.33 3.57 4.98 6.45 7.93 9.41 10.87 12.30 13.68 15.01 16.26 17.38 18.28
0.38 0.43 0.49 0.56 0.62 0.66 0.69 0.70 0.69 0.67 0.63 0.58 0.53 0.48 0.43 0.38 0.34 0.31 0.28 0.25 0.24 0.23 0.23 0.23 0.25 0.26 0.29 0.32 0.36 0.40 0.45 0.51 0.57 0.63 0.70 0.79 0.89 1.01 1.14 1.28 1.43 1.58 1.73 1.86 1.94 1.98 1.97 1.92 1.81 1.66 1.45 1.19 0.88 0.55 0.20 0.00 0.00 0.00 0.00 0.00 0.00 0.00 0.00 0.00 0.00 0.00 0.00 0.00 0.00 0.56 1.47 2.55 3.80 5.22 6.71 8.21 9.70 11.18 12.62 14.01 15.34 16.55 17.56 18.35
0.49 0.54 0.60 0.66 0.71 0.75 0.77 0.77 0.75 0.72 0.67 0.62 0.57 0.52 0.47 0.42 0.38 0.34 0.31 0.29 0.27 0.26 0.26 0.26 0.27 0.29 0.32 0.35 0.38 0.43 0.48 0.53 0.59 0.66 0.74 0.84 0.96 1.09 1.23 1.38 1.53 1.69 1.84 1.99 2.11 2.18 2.20 2.17 2.08 1.94 1.74 1.49 1.19 0.87 0.54 0.21 0.00 0.00 0.00 0.00 0.00 0.00 0.00 0.00 0.00 0.00 0.00 0.00 0.07 0.80 1.70 2.78 4.04 5.47 6.98 8.49 10.00 11.48 12.92 14.32 15.61 16.71 17.61 18.29
0.60 0.65 0.70 0.75 0.80 0.83 0.84 0.83 0.80 0.76 0.71 0.66 0.61 0.56 0.51 0.46 0.42 0.38 0.35 0.32 0.30 0.29 0.29 0.29 0.30 0.32 0.34 0.37 0.41 0.45 0.50 0.56 0.62 0.70 0.79 0.91 1.04 1.18 1.33 1.49 1.65 1.80 1.96 2.11 2.25 2.35 2.40 2.39 2.33 2.20 2.01 1.77 1.49 1.19 0.88 0.57 0.28 0.00 0.00 0.00 0.00 0.00 0.00 0.00 0.00 0.00 0.00 0.00 0.36 1.07 1.95 3.03 4.29 5.74 7.26 8.78 10.29 11.78 13.23 14.58 15.77 16.75 17.54 18.13
0.71 0.74 0.79 0.84 0.88 0.90 0.90 0.88 0.84 0.79 0.74 0.69 0.64 0.59 0.54 0.50 0.46 0.42 0.38 0.36 0.33 0.32 0.31 0.32 0.33 0.34 0.37 0.40 0.44 0.48 0.53 0.59 0.66 0.75 0.86 0.99 1.13 1.28 1.44 1.60 1.76 1.93 2.08 2.23 2.37 2.49 2.57 2.59 2.55 2.44 2.26 2.04 1.78 1.49 1.21 0.92 0.62 0.32 0.04 0.00 0.00 0.00 0.00 0.00 0.00 0.00 0.00 0.14 0.67 1.36 2.23 3.30 4.57 6.02 7.55 9.07 10.59 12.08 13.49 14.74 15.80 16.68 17.39 17.91
0.80 0.83 0.87 0.91 0.94 0.95 0.94 0.91 0.87 0.82 0.77 0.72 0.68 0.63 0.58 0.53 0.49 0.45 0.42 0.39 0.36 0.35 0.34 0.34 0.35 0.37 0.39 0.42 0.46 0.50 0.55 0.62 0.71 0.82 0.94 1.08 1.23 1.39 1.56 1.73 1.89 2.05 2.21 2.36 2.49 2.61 2.70 2.75 2.73 2.65 2.49 2.28 2.04 1.78 1.51 1.22 0.92 0.62 0.34 0.08 0.00 0.00 0.00 0.00 0.00 0.00 0.07 0.47 1.00 1.68 2.54 3.60 4.86 6.32 7.85 9.38 10.90 12.35 13.65 14.78 15.74 16.54 17.18 17.65
0.89 0.91 0.94 0.97 0.99 0.99 0.96 0.93 0.89 0.85 0.80 0.76 0.71 0.66 0.61 0.57 0.52 0.49 0.45 0.42 0.40 0.38 0.37 0.37 0.37 0.39 0.41 0.44 0.48 0.53 0.59 0.67 0.78 0.90 1.04 1.19 1.35 1.52 1.69 1.86 2.03 2.19 2.34 2.48 2.61 2.72 2.81 2.87 2.88 2.82 2.68 2.50 2.28 2.04 1.76 1.47 1.17 0.87 0.59 0.34 0.13 0.00 0.00 0.00 0.00 0.09 0.37 0.78 1.33 2.02 2.88 3.93 5.18 6.64 8.18 9.71 11.18 12.52 13.71 14.74 15.62 16.35 16.94 17.38
0.96 0.97 0.99 1.01 1.02 1.01 0.98 0.95 0.91 0.87 0.83 0.78 0.74 0.69 0.65 0.60 0.56 0.52 0.48 0.45 0.43 0.41 0.39 0.39 0.40 0.41 0.43 0.46 0.50 0.56 0.64 0.74 0.86 1.00 1.15 1.31 1.48 1.65 1.82 2.00 2.17 2.33 2.48 2.61 2.73 2.83 2.91 2.97 2.99 2.95 2.84 2.68 2.48 2.24 1.96 1.67 1.37 1.08 0.81 0.56 0.35 0.20 0.12 0.11 0.19 0.37 0.67 1.09 1.65 2.36 3.24 4.29 5.54 6.99 8.52 10.01 11.38 12.61 13.69 14.64 15.46 16.14 16.70 17.12
1.01 1.02 1.03 1.03 1.03 1.02 0.99 0.97 0.93 0.90 0.85 0.81 0.77 0.72 0.68 0.63 0.59 0.55 0.51 0.48 0.46 0.43 0.42 0.41 0.42 0.43 0.45 0.48 0.53 0.60 0.70 0.82 0.96 1.11 1.27 1.44 1.61 1.79 1.97 2.14 2.31 2.47 2.61 2.75 2.86 2.95 3.01 3.05 3.06 3.03 2.95 2.80 2.61 2.37 2.10 1.82 1.53 1.24 0.98 0.74 0.54 0.40 0.33 0.34 0.43 0.63 0.95 1.39 1.97 2.70 3.59 4.66 5.92 7.37 8.86 10.24 11.50 12.63 13.63 14.52 15.29 15.94 16.48 16.91
1.05 1.05 1.04 1.04 1.03 1.02 1.00 0.98 0.95 0.92 0.88 0.84 0.79 0.75 0.71 0.66 0.62 0.58 0.54 0.51 0.48 0.46 0.45 0.44 0.44 0.45 0.47 0.50 0.57 0.67 0.78 0.92 1.06 1.23 1.40 1.58 1.76 1.94 2.12 2.29 2.46 2.62 2.76 2.88 2.98 3.06 3.12 3.14 3.13 3.09 3.01 2.87 2.69 2.46 2.20 1.92 1.64 1.36 1.11 0.89 0.71 0.58 0.52 0.55 0.66 0.88 1.21 1.68 2.28 3.03 3.95 5.05 6.33 7.79 9.19 10.46 11.61 12.66 13.60 14.43 15.17 15.80 16.34 16.79
1.07 1.06 1.04 1.03 1.03 1.02 1.01 0.99 0.96 0.93 0.90 0.86 0.82 0.78 0.73 0.69 0.65 0.61 0.57 0.54 0.51 0.49 0.47 0.46 0.46 0.46 0.48 0.52 0.61 0.72 0.85 1.00 1.17 1.34 1.53 1.71 1.90 2.09 2.27 2.45 2.62 2.77 2.91 3.02 3.12 3.19 3.23 3.24 3.22 3.17 3.08 2.95 2.77 2.55 2.30 2.03 1.76 1.50 1.26 1.05 0.89 0.78 0.74 0.78 0.92 1.16 1.52 2.00 2.63 3.41 4.36 5.48 6.82 8.37 9.76 10.93 11.99 12.95 13.83 14.62 15.32 15.94 16.49 16.95
1.07 1.05 1.04 1.03 1.03 1.02 1.01 1.00 0.97 0.95 0.91 0.88 0.84 0.80 0.76 0.71 0.67 0.63 0.60 0.56 0.53 0.51 0.49 0.48 0.47 0.48 0.50 0.54 0.63 0.75 0.91 1.08 1.26 1.45 1.64 1.84 2.04 2.24 2.43 2.61 2.77 2.93 3.06 3.18 3.27 3.33 3.36 3.36 3.33 3.27 3.19 3.06 2.88 2.67 2.43 2.18 1.93 1.68 1.45 1.26 1.12 1.03 1.01 1.07 1.23 1.49 1.87 2.38 3.03 3.84 4.82 5.99 7.43 9.08 10.58 11.75 12.73 13.60 14.41 15.15 15.81 16.42 16.96 17.44
1.06 1.04 1.03 1.02 1.02 1.02 1.01 1.00 0.98 0.95 0.92 0.89 0.85 0.82 0.78 0.74 0.70 0.66 0.62 0.58 0.55 0.53 0.51 0.49 0.49 0.49 0.51 0.56 0.64 0.77 0.94 1.13 1.33 1.54 1.75 1.96 2.17 2.38 2.57 2.76 2.93 3.09 3.22 3.33 3.42 3.48 3.50 3.50 3.47 3.41 3.32 3.19 3.03 2.83 2.60 2.36 2.12 1.89 1.68 1.51 1.38 1.31 1.31 1.40 1.58 1.86 2.27 2.81 3.49 4.32 5.35 6.63 8.17 9.91 11.50 12.78 13.76 14.57 15.30 15.98 16.61 17.19 17.73 18.22
1.05 1.03 1.02 1.01 1.02 1.01 1.01 1.00 0.98 0.96 0.93 0.90 0.87 0.83 0.79 0.75 0.71 0.68 0.64 0.60 0.57 0.55 0.52 0.51 0.50 0.51 0.53 0.57 0.66 0.79 0.96 1.16 1.39 1.61 1.84 2.07 2.29 2.51 2.72 2.91 3.09 3.25 3.38 3.50 3.58 3.64 3.66 3.66 3.63 3.57 3.48 3.36 3.19 3.00 2.79 2.57 2.34 2.13 1.94 1.78 1.68 1.63 1.65 1.76 1.96 2.28 2.71 3.27 3.98 4.87 6.00 7.38 9.01 10.84 12.52 13.89 14.97 15.80 16.47 17.09 17.67 18.22 18.75 19.25
1.03 1.01 1.01 1.01 1.01 1.01 1.00 1.00 0.98 0.96 0.94 0.91 0.88 0.85 0.81 0.77 0.73 0.69 0.66 0.62 0.59 0.56 0.54 0.53 0.52 0.53 0.55 0.59 0.68 0.81 0.98 1.18 1.42 1.66 1.91 2.16 2.40 2.63 2.85 3.05 3.24 3.40 3.54 3.66 3.74 3.80 3.83 3.84 3.81 3.75 3.66 3.53 3.38 3.19 3.00 2.79 2.58 2.39 2.22 2.08 2.00 1.97 2.02 2.15 2.38 2.72 3.18 3.78 4.54 5.53 6.76 8.23 9.94 11.84 13.60 15.06 16.24 17.16 17.86 18.42 18.96 19.48 19.99 20.49
1.01 1.00 0.99 1.00 1.00 1.00 1.00 0.99 0.98 0.97 0.94 0.92 0.89 0.86 0.82 0.78 0.75 0.71 0.67 0.64 0.61 0.58 0.56 0.54 0.54 0.55 0.57 0.61 0.70 0.82 0.99 1.20 1.43 1.69 1.96 2.23 2.49 2.73 2.96 3.18 3.38 3.55 3.70 3.82 3.91 3.98 4.01 4.02 4.00 3.94 3.85 3.72 3.57 3.40 3.21 3.02 2.84 2.66 2.51 2.40 2.34 2.34 2.41 2.57 2.83 3.19 3.68 4.33 5.20 6.29 7.62 9.17 10.95 12.91 14.72 16.26 17.53 18.55 19.34 19.94 20.44 20.92 21.41 21.91
0.99 0.98 0.98 0.98 0.99 0.99 0.99 0.99 0.98 0.97 0.95 0.93 0.90 0.87 0.83 0.80 0.76 0.72 0.69 0.65 0.62 0.59 0.57 0.56 0.56 0.57 0.59 0.63 0.72 0.84 1.01 1.21 1.44 1.71 1.99 2.28 2.55 2.82 3.07 3.30 3.51 3.69 3.85 3.98 4.08 4.15 4.20 4.21 4.19 4.13 4.04 3.92 3.77 3.61 3.44 3.26 3.10 2.95 2.82 2.73 2.69 2.72 2.82 3.00 3.29 3.69 4.23 4.98 5.95 7.14 8.55 10.17 12.01 14.01 15.88 17.48 18.83 19.93 20.83 21.53 22.06 22.52 22.98 23.47
0.97 0.97 0.97 0.97 0.98 0.98 0.99 0.98 0.98 0.97 0.95 0.93 0.91 0.88 0.84 0.81 0.78 0.74 0.70 0.67 0.64 0.61 0.59 0.58 0.58 0.59 0.61 0.65 0.74 0.86 1.03 1.23 1.46 1.72 2.00 2.30 2.60 2.88 3.15 3.40 3.62 3.82 3.99 4.13 4.24 4.33 4.38 4.40 4.38 4.32 4.23 4.11 3.97 3.81 3.66 3.50 3.36 3.23 3.13 3.07 3.06 3.11 3.23 3.45 3.77 4.22 4.87 5.72 6.79 8.06 9.53 11.21 13.10 15.14 17.05 18.71 20.11 21.30 22.28 23.08 23.71 24.21 24.66 25.14
0.95 0.95 0.95 0.96 0.97 0.97 0.98 0.98 0.97 0.96 0.95 0.93 0.91 0.89 0.86 0.82 0.79 0.75 0.72 0.68 0.65 0.63 0.61 0.60 0.60 0.61 0.63 0.67 0.76 0.88 1.05 1.24 1.47 1.73 2.00 2.30 2.62 2.92 3.21 3.48 3.72 3.93 4.12 4.27 4.40 4.49 4.55 4.58 4.56 4.51 4.41 4.29 4.15 4.01 3.87 3.73 3.61 3.51 3.44 3.40 3.42 3.50 3.66 3.90 4.28 4.83 5.59 6.54 7.68 9.02 10.56 12.29 14.21 16.28 18.22 19.91 21.37 22.62 23.68 24.56 25.30 25.90 26.40 26.87
0.92 0.93 0.93 0.94 0.96 0.96 0.97 0.97 0.97 0.96 0.95 0.94 0.92 0.89 0.87 0.84 0.80 0.77 0.73 0.70 0.67 0.65 0.63 0.62 0.62 0.63 0.65 0.70 0.78 0.91 1.07 1.26 1.48 1.74 2.01 2.31 2.62 2.94 3.25 3.53 3.79 4.02 4.23 4.40 4.54 4.64 4.71 4.74 4.73 4.67 4.58 4.46 4.33 4.20 4.07 3.95 3.85 3.78 3.73 3.73 3.78 3.89 4.08 4.38 4.86 5.52 6.37 7.40 8.62 10.02 11.61 13.37 15.32 17.40 19.36 21.08 22.59 23.89 25.01 25.97 26.79 27.49 28.09 28.62
0.90 0.91 0.92 0.93 0.94 0.95 0.96 0.96 0.96 0.96 0.95 0.94 0.92 0.90 0.88 0.85 0.82 0.78 0.75 0.72 0.69 0.67 0.65 0.64 0.64 0.65 0.67 0.72 0.80 0.93 1.09 1.28 1.50 1.75 2.02 2.31 2.61 2.93 3.25 3.56 3.84 4.10 4.32 4.50 4.66 4.77 4.85 4.88 4.87 4.82 4.72 4.60 4.48 4.36 4.24 4.14 4.07 4.02 4.01 4.04 4.13 4.27 4.52 4.93 5.51 6.27 7.20 8.31 9.58 11.03 12.65 14.44 16.40 18.49 20.46 22.20 23.73 25.08 26.25 27.28 28.18 28.96 29.66 30.29
0.88 0.89 0.90 0.91 0.93 0.94 0.95 0.95 0.95 0.95 0.95 0.94 0.93 0.91 0.89 0.86 0.83 0.80 0.77 0.74 0.71 0.69 0.67 0.66 0.66 0.67 0.70 0.74 0.83 0.95 1.11 1.30 1.52 1.76 2.03 2.31 2.61 2.92 3.24 3.56 3.87 4.14 4.38 4.58 4.75 4.87 4.95 4.99 4.99 4.93 4.84 4.72 4.61 4.49 4.39 4.31 4.26 4.24 4.26 4.33 4.45 4.66 5.02 5.53 6.21 7.06 8.06 9.23 10.56 12.04 13.69 15.49 17.45 19.53 21.50 23.25 24.80 26.17 27.39 28.47 29.43 30.30 31.09 31.82
0.85 0.87 0.88 0.90 0.91 0.93 0.94 0.94 0.95 0.95 0.95 0.94 0.93 0.92 0.90 0.88 0.85 0.82 0.79 0.76 0.73 0.71 0.69 0.68 0.68 0.70 0.72 0.77 0.85 0.97 1.13 1.32 1.53 1.77 2.03 2.31 2.61 2.91 3.23 3.54 3.86 4.15 4.40 4.62 4.80 4.93 5.03 5.07 5.07 5.02 4.92 4.81 4.70 4.60 4.51 4.45 4.42 4.42 4.47 4.58 4.77 5.09 5.57 6.18 6.95 7.87 8.93 10.15 11.52 13.03 14.69 16.50 18.45 20.51 22.46 24.20 25.77 27.16 28.41 29.53 30.54 31.47 32.34 33.15
0.83 0.85 0.86 0.88 0.90 0.91 0.92 0.93 0.94 0.94 0.94 0.94 0.93 0.92 0.91 0.89 0.86 0.83 0.80 0.77 0.75 0.73 0.71 0.71 0.71 0.72 0.75 0.79 0.88 1.00 1.15 1.34 1.55 1.79 2.04 2.32 2.61 2.90 3.20 3.51 3.81 4.11 4.39 4.62 4.81 4.96 5.06 5.11 5.11 5.06 4.96 4.85 4.75 4.66 4.59 4.54 4.53 4.57 4.65 4.81 5.11 5.56 6.14 6.86 7.70 8.68 9.80 11.05 12.45 13.97 15.64 17.44 19.37 21.40 23.32 25.05 26.61 28.01 29.28 30.43 31.49 32.48 33.40 34.26
0.80 0.82 0.84 0.86 0.88 0.90 0.91 0.92 0.93 0.94 0.94 0.94 0.94 0.93 0.91 0.89 0.87 0.85 0.82 0.79 0.77 0.75 0.73 0.73 0.73 0.75 0.77 0.82 0.90 1.02 1.18 1.36 1.57 1.80 2.06 2.32 2.60 2.88 3.17 3.46 3.75 4.04 4.32 4.57 4.77 4.93 5.04 5.10 5.10 5.05 4.95 4.85 4.75 4.67 4.62 4.59 4.60 4.67 4.81 5.08 5.49 6.04 6.72 7.52 8.44 9.48 10.64 11.92 13.33 14.86 16.52 18.29 20.19 22.18 24.07 25.78 27.32 28.72 29.99 31.17 32.26 33.28 34.24 35.14
0.78 0.80 0.83 0.85 0.87 0.88 0.90 0.91 0.92 0.93 0.94 0.94 0.93 0.93 0.91 0.90 0.88 0.86 0.84 0.81 0.79 0.77 0.76 0.75 0.76 0.77 0.80 0.85 0.93 1.05 1.20 1.38 1.59 1.82 2.06 2.32 2.59 2.86 3.13 3.41 3.68 3.95 4.22 4.47 4.68 4.85 4.97 5.03 5.04 4.99 4.89 4.79 4.70 4.63 4.59 4.59 4.62 4.74 4.98 5.36 5.87 6.52 7.28 8.16 9.15 10.24 11.43 12.73 14.14 15.67 17.31 19.05 20.91 22.84 24.69 26.35 27.87 29.26 30.53 31.71 32.82 33.87 34.86 35.78
0.75 0.78 0.81 0.83 0.85 0.87 0.89 0.90 0.92 0.93 0.93 0.93 0.93 0.92 0.91 0.90 0.88 0.87 0.85 0.83 0.81 0.79 0.78 0.78 0.78 0.80 0.83 0.87 0.96 1.08 1.23 1.41 1.61 1.83 2.07 2.31 2.56 2.82 3.07 3.33 3.59 3.84 4.08 4.32 4.53 4.71 4.84 4.91 4.92 4.87 4.78 4.68 4.59 4.54 4.51 4.52 4.61 4.82 5.17 5.65 6.25 6.97 7.81 8.75 9.79 10.93 12.16 13.47 14.88 16.38 17.99 19.69 21.50 23.37 25.15 26.77 28.25 29.61 30.87 32.05 33.17 34.24 35.24 36.17
0.72 0.76 0.79 0.81 0.83 0.85 0.87 0.89 0.91 0.92 0.92 0.93 0.92 0.92 0.91 0.90 0.89 0.87 0.86 0.84 0.83 0.82 0.81 0.80 0.81 0.82 0.85 0.90 0.99 1.10 1.25 1.43 1.63 1.84 2.06 2.29 2.52 2.76 3.00 3.24 3.47 3.70 3.92 4.13 4.33 4.51 4.64 4.72 4.73 4.69 4.59 4.49 4.42 4.37 4.36 4.42 4.60 4.92 5.36 5.92 6.60 7.39 8.29 9.28 10.36 11.53 12.78 14.11 15.51 16.98 18.55 20.20 21.94 23.73 25.44 27.01 28.44 29.76 31.00 32.18 33.30 34.37 35.37 36.31
0.70 0.73 0.77 0.79 0.82 0.84 0.86 0.88 0.90 0.91 0.91 0.91 0.91 0.91 0.90 0.89 0.88 0.87 0.86 0.85 0.84 0.83 0.83 0.83 0.83 0.85 0.88 0.93 1.02 1.13 1.28 1.45 1.63 1.83 2.04 2.25 2.46 2.68 2.90 3.12 3.33 3.54 3.73 3.91 4.08 4.24 4.37 4.45 4.47 4.43 4.33 4.24 4.17 4.14 4.17 4.32 4.60 5.01 5.53 6.17 6.91 7.75 8.69 9.72 10.83 12.03 13.29 14.62 16.01 17.45 18.97 20.55 22.21 23.92 25.55 27.04 28.42 29.70 30.92 32.09 33.21 34.27 35.26 36.19
0.67 0.71 0.74 0.77 0.80 0.82 0.85 0.87 0.88 0.89 0.90 0.90 0.90 0.89 0.89 0.88 0.87 0.87 0.86 0.86 0.85 0.85 0.85 0.85 0.86 0.88 0.91 0.96 1.04 1.16 1.30 1.46 1.63 1.81 2.00 2.19 2.39 2.58 2.78 2.97 3.16 3.34 3.51 3.66 3.80 3.93 4.03 4.11 4.13 4.09 4.00 3.91 3.85 3.85 3.97 4.21 4.58 5.07 5.66 6.35 7.15 8.04 9.01 10.06 11.19 12.39 13.65 14.97 16.34 17.76 19.22 20.73 22.30 23.92 25.45 26.86 28.17 29.43 30.63 31.79 32.89 33.93 34.90 35.81
