data_processed/recharge/precip/Precip_2000_09.asc
ncols        168
nrows        136
xllcorner    455000
yllcorner    2107000
cellsize     500
NODATA_value     -99999
[rows 99 to 131 of 136, columns 73 to 145 of 168]
129.33 127.78 126.25 124.75 123.26 121.79 120.34 118.90 117.50 116.13 114.78 113.48 112.22 111.00 109.84 108.72 107.66 106.63 105.61 104.61 103.62 102.65 101.69 100.75 99.83 98.93 98.05 97.19 96.34 95.53 94.76 94.07 93.45 92.89 92.41 91.99 91.64 91.35 91.12 90.94 90.83 90.77 90.76 90.80 90.90 91.04 91.22 91.45 91.73 92.04 92.39 92.77 93.20 93.65 94.13 94.65 95.19 95.75 96.34 96.95 97.58 98.22 98.89 99.56 100.25 100.95 101.66 102.38 103.14 103.96 104.83 105.76 106.76
131.14 129.60 128.09 126.59 125.10 123.63 122.17 120.74 119.33 117.95 116.61 115.30 114.04 112.82 111.65 110.53 109.47 108.43 107.41 106.40 105.40 104.42 103.45 102.50 101.57 100.65 99.75 98.87 98.01 97.17 96.36 95.59 94.90 94.28 93.72 93.24 92.82 92.46 92.16 91.93 91.75 91.63 91.56 91.55 91.58 91.67 91.80 91.98 92.20 92.46 92.76 93.09 93.47 93.88 94.31 94.78 95.28 95.80 96.35 96.92 97.51 98.12 98.75 99.39 100.05 100.72 101.40 102.13 102.91 103.74 104.64 105.59 106.62
133.02 131.50 129.99 128.49 127.00 125.52 124.06 122.63 121.22 119.84 118.49 117.18 115.92 114.69 113.52 112.40 111.33 110.29 109.26 108.25 107.24 106.25 105.27 104.31 103.36 102.43 101.52 100.62 99.74 98.89 98.05 97.23 96.47 95.77 95.15 94.59 94.10 93.68 93.31 93.01 92.77 92.59 92.46 92.38 92.36 92.39 92.46 92.58 92.75 92.96 93.21 93.49 93.82 94.17 94.57 94.99 95.44 95.92 96.43 96.96 97.51 98.08 98.67 99.28 99.90 100.54 101.22 101.96 102.75 103.60 104.52 105.50 106.54
134.97 133.45 131.94 130.44 128.95 127.47 126.01 124.58 123.16 121.78 120.43 119.12 117.86 116.63 115.46 114.33 113.26 112.22 111.19 110.16 109.15 108.15 107.16 106.19 105.23 104.28 103.35 102.44 101.55 100.67 99.81 98.97 98.15 97.38 96.69 96.06 95.50 95.00 94.57 94.20 93.90 93.65 93.46 93.32 93.23 93.20 93.22 93.28 93.39 93.54 93.74 93.97 94.24 94.55 94.89 95.27 95.68 96.11 96.57 97.06 97.57 98.10 98.65 99.22 99.81 100.44 101.13 101.87 102.68 103.54 104.47 105.47 106.54
136.99 135.47 133.96 132.46 130.96 129.48 128.02 126.59 125.17 123.79 122.44 121.13 119.86 118.63 117.45 116.33 115.26 114.21 113.17 112.14 111.12 110.11 109.12 108.13 107.16 106.20 105.26 104.33 103.42 102.52 101.64 100.78 99.94 99.12 98.35 97.64 97.01 96.44 95.94 95.51 95.13 94.81 94.56 94.35 94.21 94.11 94.07 94.07 94.12 94.22 94.36 94.53 94.75 95.01 95.30 95.63 95.98 96.37 96.79 97.23 97.69 98.18 98.69 99.22 99.80 100.43 101.12 101.87 102.68 103.56 104.50 105.52 106.60
139.06 137.55 136.04 134.53 133.04 131.56 130.10 128.66 127.25 125.86 124.51 123.20 121.93 120.70 119.52 118.39 117.32 116.27 115.23 114.19 113.16 112.15 111.14 110.15 109.16 108.19 107.23 106.29 105.36 104.44 103.54 102.66 101.80 100.95 100.13 99.35 98.64 98.00 97.43 96.92 96.48 96.09 95.77 95.50 95.28 95.12 95.02 94.96 94.95 94.99 95.07 95.19 95.35 95.55 95.79 96.07 96.37 96.71 97.08 97.47 97.89 98.33 98.81 99.32 99.89 100.52 101.21 101.95 102.77 103.65 104.60 105.63 106.73
141.20 139.69 138.18 136.67 135.18 133.70 132.24 130.80 129.39 128.00 126.65 125.33 124.06 122.83 121.65 120.52 119.45 118.40 117.35 116.31 115.28 114.25 113.24 112.23 111.24 110.25 109.28 108.32 107.37 106.44 105.52 104.62 103.73 102.86 102.01 101.18 100.40 99.68 99.04 98.45 97.94 97.48 97.09 96.75 96.47 96.24 96.07 95.95 95.88 95.85 95.87 95.94 96.04 96.19 96.37 96.59 96.84 97.13 97.45 97.79 98.16 98.57 99.01 99.52 100.08 100.69 101.38 102.12 102.94 103.82 104.78 105.82 106.93
143.41 141.90 140.39 138.88 137.39 135.91 134.45 133.01 131.59 130.21 128.86 127.54 126.27 125.04 123.86 122.73 121.65 120.59 119.54 118.50 117.46 116.43 115.41 114.39 113.38 112.39 111.40 110.43 109.46 108.51 107.58 106.65 105.75 104.85 103.98 103.12 102.28 101.49 100.77 100.11 99.52 98.99 98.52 98.12 97.77 97.47 97.23 97.05 96.91 96.82 96.78 96.78 96.83 96.92 97.04 97.21 97.41 97.64 97.90 98.20 98.52 98.90 99.32 99.81 100.35 100.96 101.63 102.38 103.19 104.07 105.04 106.08 107.20
145.68 144.17 142.66 141.16 139.66 138.18 136.72 135.28 133.87 132.48 131.13 129.82 128.54 127.31 126.13 125.00 123.92 122.87 121.81 120.77 119.72 118.68 117.65 116.63 115.61 114.60 113.60 112.61 111.63 110.66 109.71 108.77 107.84 106.92 106.02 105.14 104.27 103.43 102.63 101.89 101.22 100.62 100.08 99.60 99.18 98.82 98.51 98.25 98.05 97.90 97.79 97.73 97.72 97.74 97.81 97.92 98.06 98.24 98.45 98.69 98.98 99.33 99.74 100.20 100.73 101.32 101.98 102.71 103.52 104.40 105.36 106.41 107.54
148.02 146.51 145.00 143.50 142.01 140.53 139.07 137.63 136.22 134.83 133.48 132.17 130.89 129.66 128.48 127.35 126.27 125.22 124.16 123.11 122.06 121.01 119.97 118.94 117.91 116.89 115.88 114.87 113.88 112.90 111.92 110.96 110.01 109.07 108.15 107.24 106.35 105.47 104.62 103.81 103.06 102.38 101.76 101.21 100.72 100.28 99.90 99.58 99.31 99.09 98.91 98.79 98.71 98.68 98.68 98.73 98.81 98.93 99.09 99.29 99.55 99.87 100.25 100.69 101.19 101.77 102.42 103.14 103.93 104.81 105.77 106.81 107.94
150.44 148.93 147.42 145.92 144.43 142.95 141.49 140.05 138.64 137.26 135.91 134.59 133.32 132.09 130.91 129.78 128.70 127.64 126.58 125.53 124.47 123.42 122.38 121.33 120.29 119.26 118.24 117.22 116.21 115.21 114.22 113.24 112.27 111.31 110.36 109.43 108.51 107.61 106.72 105.85 105.03 104.27 103.58 102.95 102.38 101.87 101.42 101.02 100.68 100.39 100.15 99.96 99.81 99.71 99.66 99.64 99.66 99.73 99.84 100.00 100.23 100.51 100.86 101.27 101.76 102.31 102.94 103.64 104.43 105.29 106.24 107.28 108.41
152.92 151.42 149.91 148.41 146.92 145.45 143.99 142.55 141.14 139.76 138.41 137.09 135.82 134.59 133.41 132.28 131.20 130.15 129.09 128.03 126.97 125.91 124.86 123.81 122.76 121.72 120.68 119.65 118.62 117.61 116.60 115.60 114.61 113.63 112.66 111.71 110.76 109.83 108.92 108.02 107.14 106.30 105.52 104.82 104.17 103.58 103.06 102.59 102.17 101.81 101.50 101.24 101.03 100.86 100.74 100.66 100.62 100.64 100.70 100.83 101.01 101.26 101.58 101.96 102.41 102.94 103.55 104.23 105.00 105.85 106.79 107.83 108.95
155.48 153.98 152.48 150.98 149.49 148.02 146.56 145.13 143.72 142.34 140.99 139.68 138.40 137.18 136.00 134.87 133.79 132.73 131.67 130.61 129.55 128.49 127.42 126.37 125.31 124.26 123.21 122.16 121.12 120.09 119.07 118.05 117.04 116.04 115.05 114.07 113.10 112.14 111.20 110.27 109.36 108.46 107.61 106.82 106.09 105.43 104.83 104.28 103.79 103.36 102.98 102.65 102.36 102.13 101.94 101.80 101.70 101.66 101.68 101.76 101.90 102.11 102.39 102.74 103.16 103.67 104.25 104.91 105.66 106.49 107.42 108.44 109.56
158.12 156.62 155.12 153.63 152.14 150.67 149.22 147.78 146.38 145.00 143.65 142.34 141.07 139.84 138.66 137.54 136.46 135.40 134.34 133.28 132.21 131.14 130.08 129.01 127.94 126.88 125.82 124.76 123.71 122.66 121.62 120.59 119.56 118.54 117.52 116.52 115.53 114.55 113.58 112.62 111.68 110.75 109.83 108.97 108.16 107.41 106.73 106.11 105.54 105.03 104.58 104.17 103.82 103.52 103.26 103.05 102.90 102.81 102.78 102.81 102.90 103.07 103.31 103.62 104.01 104.48 105.03 105.67 106.40 107.21 108.12 109.13 110.23
160.84 159.34 157.84 156.35 154.87 153.40 151.95 150.52 149.12 147.74 146.39 145.09 143.82 142.59 141.42 140.29 139.22 138.16 137.10 136.03 134.96 133.89 132.82 131.74 130.67 129.60 128.52 127.45 126.39 125.33 124.27 123.21 122.17 121.13 120.09 119.07 118.05 117.05 116.05 115.06 114.09 113.13 112.18 111.25 110.36 109.54 108.78 108.07 107.43 106.84 106.31 105.83 105.40 105.03 104.70 104.43 104.22 104.07 103.98 103.96 104.01 104.13 104.33 104.60 104.95 105.39 105.91 106.52 107.22 108.01 108.90 109.89 110.98
163.64 162.14 160.65 159.16 157.68 156.22 154.77 153.34 151.94 150.56 149.22 147.92 146.65 145.43 144.26 143.13 142.06 141.00 139.94 138.87 137.80 136.72 135.65 134.56 133.48 132.40 131.32 130.24 129.16 128.08 127.01 125.94 124.87 123.81 122.76 121.71 120.67 119.64 118.61 117.60 116.60 115.61 114.63 113.66 112.72 111.81 110.96 110.18 109.45 108.79 108.18 107.62 107.12 106.67 106.28 105.94 105.66 105.45 105.31 105.23 105.23 105.30 105.45 105.68 105.99 106.39 106.87 107.45 108.12 108.88 109.75 110.72 111.79
166.52 165.03 163.54 162.05 160.58 159.12 157.67 156.25 154.85 153.48 152.14 150.84 149.57 148.35 147.18 146.06 144.99 143.93 142.87 141.80 140.73 139.65 138.57 137.48 136.39 135.30 134.21 133.11 132.02 130.93 129.84 128.75 127.67 126.59 125.51 124.45 123.38 122.33 121.28 120.24 119.21 118.19 117.18 116.18 115.19 114.22 113.30 112.43 111.62 110.87 110.18 109.55 108.97 108.44 107.98 107.57 107.23 106.95 106.75 106.61 106.55 106.57 106.67 106.85 107.12 107.48 107.92 108.46 109.10 109.84 110.68 111.62 112.67
169.49 168.00 166.51 165.03 163.56 162.10 160.66 159.24 157.85 156.48 155.14 153.85 152.59 151.37 150.20 149.08 148.01 146.96 145.90 144.83 143.75 142.67 141.58 140.49 139.39 138.29 137.19 136.08 134.98 133.87 132.77 131.67 130.57 129.47 128.37 127.28 126.20 125.12 124.04 122.98 121.92 120.87 119.83 118.80 117.78 116.77 115.78 114.83 113.94 113.11 112.33 111.61 110.95 110.35 109.81 109.33 108.91 108.57 108.30 108.11 107.99 107.95 108.00 108.13 108.35 108.66 109.06 109.56 110.17 110.87 111.68 112.60 113.62
172.54 171.06 169.58 168.10 166.63 165.18 163.74 162.33 160.94 159.57 158.24 156.95 155.69 154.48 153.31 152.20 151.13 150.08 149.02 147.95 146.87 145.78 144.69 143.59 142.49 141.38 140.27 139.15 138.04 136.92 135.80 134.68 133.56 132.44 131.33 130.22 129.11 128.01 126.91 125.81 124.73 123.65 122.58 121.52 120.47 119.42 118.39 117.38 116.40 115.49 114.62 113.82 113.07 112.38 111.76 111.21 110.72 110.31 109.97 109.71 109.53 109.43 109.42 109.50 109.67 109.93 110.29 110.75 111.31 111.98 112.76 113.64 114.64
175.68 174.21 172.73 171.26 169.80 168.35 166.92 165.50 164.12 162.76 161.43 160.14 158.89 157.68 156.52 155.40 154.34 153.29 152.23 151.16 150.08 148.99 147.90 146.79 145.68 144.57 143.45 142.32 141.19 140.06 138.93 137.79 136.66 135.52 134.39 133.26 132.13 131.00 129.88 128.76 127.64 126.54 125.44 124.34 123.26 122.19 121.12 120.07 119.02 118.01 117.06 116.16 115.32 114.55 113.85 113.21 112.65 112.16 111.75 111.42 111.18 111.02 110.95 110.97 111.08 111.30 111.61 112.02 112.54 113.17 113.91 114.76 115.73
178.92 177.45 175.97 174.51 173.05 171.61 170.18 168.78 167.39 166.04 164.71 163.43 162.18 160.97 159.82 158.71 157.65 156.60 155.55 154.48 153.40 152.31 151.21 150.10 148.98 147.86 146.73 145.59 144.45 143.31 142.16 141.01 139.86 138.71 137.55 136.40 135.25 134.10 132.95 131.81 130.67 129.53 128.40 127.28 126.16 125.05 123.95 122.86 121.77 120.68 119.63 118.64 117.71 116.85 116.06 115.34 114.70 114.14 113.65 113.25 112.94 112.71 112.58 112.54 112.60 112.75 113.01 113.38 113.85 114.44 115.14 115.95 116.88
182.24 180.78 179.31 177.85 176.40 174.97 173.54 172.14 170.76 169.41 168.10 166.81 165.57 164.37 163.22 162.11 161.06 160.02 158.96 157.89 156.81 155.72 154.61 153.50 152.38 151.25 150.11 148.97 147.82 146.66 145.50 144.33 143.17 142.00 140.82 139.65 138.48 137.30 136.13 134.96 133.80 132.64 131.48 130.32 129.18 128.03 126.90 125.76 124.61 123.47 122.35 121.26 120.24 119.28 118.40 117.60 116.87 116.23 115.67 115.19 114.80 114.51 114.31 114.21 114.20 114.30 114.51 114.82 115.25 115.78 116.44 117.21 118.11
185.67 184.21 182.75 181.30 179.85 178.42 177.00 175.61 174.23 172.89 171.58 170.30 169.06 167.87 166.72 165.62 164.57 163.53 162.48 161.41 160.33 159.23 158.13 157.01 155.88 154.75 153.60 152.45 151.28 150.12 148.94 147.76 146.58 145.39 144.20 143.01 141.82 140.62 139.43 138.23 137.04 135.85 134.66 133.48 132.30 131.12 129.94 128.75 127.55 126.36 125.18 124.01 122.90 121.85 120.88 119.98 119.17 118.44 117.80 117.24 116.78 116.41 116.14 115.97 115.91 115.94 116.09 116.35 116.72 117.21 117.82 118.55 119.40
189.19 187.74 186.28 184.84 183.40 181.97 180.56 179.17 177.81 176.47 175.16 173.89 172.65 171.46 170.32 169.23 168.18 167.15 166.10 165.03 163.95 162.85 161.75 160.63 159.49 158.35 157.20 156.03 154.86 153.68 152.50 151.30 150.10 148.90 147.69 146.48 145.26 144.05 142.83 141.61 140.39 139.18 137.96 136.75 135.53 134.31 133.07 131.83 130.58 129.34 128.10 126.88 125.69 124.54 123.47 122.49 121.58 120.77 120.04 119.40 118.86 118.42 118.08 117.84 117.70 117.68 117.76 117.96 118.28 118.71 119.27 119.95 120.76
192.81 191.36 189.92 188.48 187.04 185.63 184.22 182.84 181.48 180.15 178.84 177.58 176.35 175.17 174.03 172.94 171.90 170.87 169.82 168.76 167.68 166.58 165.47 164.35 163.21 162.06 160.90 159.73 158.55 157.36 156.16 154.95 153.74 152.52 151.29 150.06 148.83 147.59 146.35 145.11 143.86 142.62 141.38 140.13 138.87 137.59 136.29 135.00 133.70 132.40 131.11 129.84 128.59 127.37 126.20 125.12 124.12 123.22 122.40 121.68 121.06 120.53 120.12 119.80 119.60 119.50 119.52 119.66 119.92 120.30 120.80 121.43 122.20
196.53 195.09 193.65 192.22 190.80 189.38 187.99 186.61 185.26 183.93 182.64 181.38 180.15 178.98 177.85 176.76 175.73 174.70 173.66 172.60 171.52 170.42 169.31 168.18 167.04 165.89 164.72 163.54 162.35 161.15 159.94 158.72 157.49 156.25 155.01 153.76 152.51 151.25 149.98 148.72 147.45 146.18 144.90 143.61 142.29 140.95 139.61 138.25 136.90 135.55 134.21 132.88 131.58 130.30 129.06 127.88 126.78 125.78 124.88 124.07 123.36 122.75 122.25 121.86 121.59 121.42 121.37 121.45 121.64 121.96 122.41 122.98 123.70
200.35 198.92 197.49 196.07 194.65 193.25 191.86 190.49 189.14 187.82 186.53 185.28 184.07 182.89 181.77 180.69 179.67 178.65 177.60 176.55 175.47 174.37 173.26 172.13 170.98 169.82 168.65 167.46 166.26 165.05 163.83 162.59 161.35 160.10 158.84 157.57 156.30 155.02 153.74 152.45 151.15 149.85 148.53 147.17 145.80 144.41 143.00 141.59 140.18 138.78 137.39 136.01 134.65 133.32 132.02 130.76 129.57 128.47 127.47 126.57 125.77 125.08 124.50 124.03 123.67 123.43 123.31 123.32 123.44 123.70 124.09 124.61 125.26
204.28 202.86 201.44 200.02 198.61 197.22 195.83 194.47 193.13 191.82 190.54 189.29 188.09 186.92 185.80 184.74 183.72 182.70 181.66 180.61 179.53 178.43 177.32 176.19 175.04 173.87 172.69 171.50 170.29 169.07 167.84 166.59 165.33 164.07 162.79 161.51 160.22 158.92 157.61 156.30 154.97 153.62 152.24 150.83 149.39 147.94 146.48 145.02 143.55 142.09 140.64 139.21 137.80 136.41 135.06 133.74 132.47 131.27 130.17 129.18 128.29 127.51 126.84 126.29 125.85 125.53 125.34 125.27 125.33 125.52 125.84 126.30 126.90
208.32 206.91 205.49 204.09 202.68 201.29 199.92 198.57 197.24 195.93 194.66 193.42 192.22 191.06 189.95 188.89 187.88 186.87 185.84 184.78 183.71 182.61 181.50 180.36 179.21 178.04 176.86 175.66 174.44 173.21 171.96 170.71 169.44 168.16 166.86 165.56 164.25 162.93 161.60 160.26 158.89 157.48 156.03 154.56 153.07 151.56 150.05 148.52 147.00 145.48 143.98 142.49 141.02 139.58 138.17 136.80 135.47 134.19 132.99 131.90 130.92 130.04 129.29 128.65 128.13 127.73 127.46 127.31 127.30 127.42 127.68 128.07 128.61
212.47 211.06 209.66 208.26 206.87 205.49 204.12 202.77 201.45 200.16 198.89 197.66 196.47 195.32 194.21 193.16 192.15 191.15 190.12 189.07 188.00 186.91 185.79 184.66 183.50 182.33 181.14 179.93 178.71 177.47 176.21 174.94 173.66 172.37 171.06 169.74 168.41 167.07 165.71 164.32 162.89 161.41 159.91 158.38 156.83 155.26 153.69 152.11 150.53 148.95 147.39 145.84 144.32 142.82 141.35 139.93 138.54 137.21 135.93 134.74 133.65 132.69 131.84 131.11 130.50 130.02 129.66 129.44 129.35 129.40 129.58 129.91 130.39
216.73 215.33 213.94 212.55 211.16 209.79 208.43 207.10 205.78 204.49 203.24 202.02 200.83 199.69 198.59 197.55 196.55 195.55 194.53 193.49 192.42 191.32 190.21 189.07 187.92 186.74 185.55 184.33 183.10 181.85 180.59 179.30 178.01 176.70 175.38 174.04 172.69 171.33 169.92 168.46 166.97 165.43 163.87 162.28 160.67 159.04 157.41 155.77 154.13 152.49 150.87 149.27 147.68 146.13 144.61 143.12 141.68 140.29 138.96 137.68 136.50 135.43 134.49 133.66 132.97 132.40 131.96 131.65 131.48 131.46 131.57 131.83 132.23
221.10 219.71 218.33 216.95 215.57 214.21 212.86 211.53 210.23 208.95 207.70 206.49 205.31 204.18 203.09 202.06 201.06 200.07 199.06 198.02 196.95 195.86 194.75 193.61 192.45 191.27 190.07 188.85 187.61 186.36 185.08 183.79 182.48 181.16 179.82 178.47 177.10 175.68 174.21 172.69 171.13 169.53 167.91 166.25 164.58 162.89 161.20 159.50 157.80 156.11 154.43 152.76 151.12 149.51 147.93 146.39 144.89 143.44 142.05 140.72 139.45 138.29 137.24 136.32 135.53 134.87 134.34 133.95 133.70 133.59 133.63 133.81 134.15
225.59 224.21 222.84 221.46 220.10 218.75 217.41 216.09 214.80 213.53 212.29 211.08 209.92 208.79 207.71 206.68 205.70 204.72 203.71 202.67 201.61 200.52 199.41 198.27 197.11 195.93 194.73 193.50 192.26 190.99 189.71 188.40 187.08 185.75 184.40 183.02 181.59 180.11 178.57 176.99 175.37 173.71 172.02 170.30 168.57 166.82 165.06 163.30 161.54 159.79 158.05 156.33 154.63 152.95 151.32 149.72 148.16 146.66 145.21 143.82 142.49 141.24 140.10 139.08 138.19 137.43 136.81 136.34 136.00 135.81 135.77 135.87 136.13
