data_processed/recharge/precip/Precip_2001_12.asc
ncols        168
nrows        136
xllcorner    455000
yllcorner    2107000
cellsize     500
NODATA_value     -99999
[rows 37 to 73 of 136, columns 83 to 165 of 168]
0.00 0.00 0.00 0.00 0.00 0.00 0.00 0.00 0.00 0.00 0.00 0.00 0.00 0.00 0.00 0.00 0.00 0.18 0.48 0.81 1.17 1.52 1.85 2.15 2.42 2.66 2.88 3.07 3.25 3.40 3.53 3.65 3.80 3.99 4.23 4.53 4.88 5.27 5.71 6.18 6.70 7.26 7.86 8.50 9.19 9.93 10.71 11.54 12.41 13.31 14.23 15.19 16.17 17.16 18.18 19.20 20.24 21.28 22.30 23.27 24.17 24.97 25.67 26.24 26.67 26.93 27.03 26.94 26.65 26.14 25.40 24.42 23.17 21.70 20.34 19.26 18.45 17.90 17.61 17.57 17.78 18.23 18.91
0.00 0.00 0.00 0.00 0.00 0.00 0.00 0.00 0.00 0.00 0.00 0.00 0.00 0.00 0.00 0.00 0.00 0.08 0.40 0.75 1.12 1.50 1.85 2.17 2.47 2.74 2.99 3.22 3.43 3.61 3.78 3.93 4.08 4.25 4.47 4.74 5.06 5.40 5.79 6.21 6.68 7.18 7.73 8.31 8.95 9.62 10.35 11.11 11.91 12.74 13.60 14.48 15.38 16.29 17.22 18.16 19.11 20.06 21.01 21.93 22.78 23.54 24.19 24.73 25.12 25.36 25.44 25.34 25.04 24.52 23.78 22.80 21.57 20.12 18.77 17.69 16.88 16.32 16.01 15.94 16.11 16.51 17.14
0.00 0.00 0.00 0.00 0.00 0.00 0.00 0.00 0.00 0.00 0.00 0.00 0.00 0.00 0.00 0.00 0.00 0.01 0.35 0.71 1.10 1.49 1.85 2.20 2.51 2.81 3.08 3.34 3.57 3.79 3.99 4.17 4.34 4.51 4.71 4.95 5.22 5.52 5.86 6.24 6.65 7.10 7.60 8.13 8.71 9.33 9.99 10.70 11.44 12.20 12.99 13.80 14.62 15.46 16.31 17.16 18.02 18.89 19.75 20.60 21.41 22.13 22.75 23.26 23.63 23.86 23.93 23.82 23.52 23.01 22.29 21.33 20.11 18.69 17.36 16.30 15.49 14.93 14.61 14.52 14.67 15.04 15.62
0.00 0.00 0.00 0.00 0.00 0.00 0.00 0.00 0.00 0.00 0.00 0.00 0.00 0.00 0.00 0.00 0.00 0.00 0.31 0.68 1.08 1.48 1.86 2.21 2.55 2.86 3.15 3.42 3.68 3.92 4.15 4.36 4.57 4.75 4.94 5.13 5.36 5.62 5.92 6.25 6.62 7.03 7.47 7.95 8.48 9.05 9.66 10.31 10.99 11.69 12.41 13.15 13.90 14.66 15.43 16.21 16.98 17.76 18.53 19.29 20.04 20.74 21.34 21.83 22.19 22.42 22.49 22.38 22.09 21.61 20.90 19.97 18.79 17.40 16.11 15.07 14.28 13.72 13.40 13.31 13.44 13.79 14.34
0.00 0.00 0.00 0.00 0.00 0.00 0.00 0.00 0.00 0.00 0.00 0.00 0.00 0.00 0.00 0.00 0.00 0.00 0.31 0.68 1.08 1.48 1.86 2.23 2.57 2.89 3.19 3.48 3.76 4.02 4.26 4.50 4.73 4.93 5.12 5.30 5.49 5.72 5.97 6.26 6.59 6.95 7.35 7.78 8.26 8.78 9.33 9.93 10.55 11.20 11.85 12.53 13.21 13.90 14.60 15.30 15.99 16.68 17.37 18.04 18.70 19.35 19.94 20.42 20.79 21.02 21.10 21.01 20.75 20.28 19.61 18.72 17.58 16.24 15.00 13.99 13.23 12.69 12.39 12.30 12.42 12.75 13.29
0.00 0.00 0.00 0.00 0.00 0.00 0.00 0.00 0.00 0.00 0.00 0.00 0.00 0.00 0.00 0.00 0.00 0.00 0.33 0.69 1.09 1.49 1.87 2.23 2.58 2.90 3.21 3.51 3.80 4.07 4.33 4.58 4.82 5.04 5.25 5.43 5.60 5.79 6.01 6.26 6.55 6.87 7.22 7.62 8.05 8.52 9.03 9.57 10.14 10.73 11.33 11.94 12.56 13.18 13.80 14.43 15.04 15.66 16.26 16.85 17.42 17.99 18.54 19.03 19.41 19.65 19.75 19.70 19.46 19.04 18.41 17.56 16.48 15.20 14.01 13.06 12.33 11.83 11.54 11.46 11.59 11.92 12.44
0.00 0.00 0.00 0.00 0.00 0.00 0.00 0.00 0.00 0.00 0.00 0.00 0.00 0.00 0.00 0.00 0.00 0.04 0.36 0.72 1.11 1.50 1.87 2.23 2.57 2.90 3.21 3.51 3.80 4.08 4.35 4.61 4.86 5.09 5.31 5.51 5.69 5.86 6.04 6.26 6.51 6.79 7.10 7.46 7.84 8.27 8.73 9.23 9.75 10.28 10.83 11.38 11.93 12.49 13.05 13.60 14.14 14.68 15.20 15.71 16.21 16.70 17.18 17.64 18.04 18.31 18.44 18.42 18.23 17.86 17.29 16.50 15.48 14.27 13.15 12.25 11.57 11.11 10.85 10.80 10.95 11.29 11.81
0.00 0.00 0.00 0.00 0.00 0.00 0.00 0.00 0.00 0.00 0.00 0.00 0.00 0.00 0.00 0.00 0.00 0.12 0.43 0.77 1.14 1.51 1.87 2.22 2.55 2.87 3.18 3.48 3.77 4.05 4.32 4.58 4.84 5.08 5.30 5.52 5.71 5.89 6.06 6.24 6.46 6.71 6.99 7.30 7.65 8.03 8.46 8.91 9.38 9.86 10.35 10.85 11.35 11.84 12.33 12.81 13.29 13.75 14.20 14.64 15.07 15.49 15.90 16.29 16.67 16.98 17.16 17.19 17.05 16.74 16.23 15.51 14.57 13.44 12.39 11.56 10.94 10.53 10.32 10.30 10.48 10.83 11.33
0.00 0.00 0.00 0.00 0.00 0.00 0.00 0.00 0.00 0.00 0.00 0.00 0.00 0.00 0.00 0.00 0.00 0.22 0.51 0.83 1.17 1.53 1.87 2.20 2.52 2.83 3.12 3.41 3.69 3.97 4.24 4.51 4.76 5.01 5.25 5.47 5.68 5.88 6.06 6.22 6.41 6.62 6.87 7.15 7.46 7.81 8.19 8.60 9.03 9.47 9.91 10.35 10.79 11.23 11.65 12.07 12.48 12.88 13.26 13.64 14.00 14.35 14.70 15.03 15.35 15.66 15.88 15.97 15.90 15.66 15.22 14.59 13.73 12.69 11.73 10.98 10.43 10.08 9.92 9.95 10.16 10.51 10.91
0.00 0.00 0.00 0.00 0.00 0.00 0.00 0.00 0.00 0.00 0.00 0.00 0.00 0.00 0.00 0.00 0.12 0.35 0.61 0.90 1.22 1.55 1.87 2.18 2.47 2.76 3.04 3.31 3.59 3.86 4.13 4.39 4.65 4.90 5.15 5.38 5.60 5.81 6.00 6.18 6.35 6.54 6.75 7.00 7.28 7.59 7.94 8.32 8.70 9.09 9.49 9.88 10.27 10.65 11.02 11.38 11.72 12.06 12.39 12.70 13.01 13.30 13.59 13.86 14.12 14.38 14.61 14.76 14.77 14.61 14.26 13.72 12.96 12.02 11.15 10.49 10.02 9.75 9.65 9.74 9.96 10.23 10.52
0.00 0.00 0.00 0.00 0.00 0.00 0.00 0.00 0.00 0.00 0.00 0.00 0.00 0.00 0.01 0.15 0.31 0.51 0.73 0.99 1.28 1.57 1.86 2.14 2.41 2.67 2.93 3.19 3.45 3.71 3.98 4.24 4.50 4.75 5.00 5.24 5.47 5.69 5.90 6.10 6.28 6.45 6.64 6.86 7.11 7.39 7.70 8.04 8.39 8.74 9.09 9.44 9.78 10.10 10.42 10.73 11.02 11.30 11.58 11.84 12.09 12.33 12.57 12.79 13.00 13.20 13.39 13.57 13.65 13.58 13.33 12.89 12.24 11.41 10.65 10.09 9.71 9.52 9.50 9.62 9.78 9.95 10.13
0.00 0.00 0.00 0.00 0.00 0.00 0.00 0.00 0.00 0.00 0.00 0.00 0.05 0.17 0.29 0.41 0.53 0.69 0.88 1.09 1.34 1.60 1.85 2.09 2.33 2.56 2.80 3.04 3.29 3.55 3.80 4.06 4.32 4.57 4.82 5.07 5.31 5.54 5.76 5.97 6.17 6.35 6.53 6.72 6.94 7.20 7.48 7.79 8.10 8.42 8.73 9.03 9.32 9.60 9.87 10.13 10.37 10.61 10.84 11.05 11.26 11.45 11.64 11.82 11.98 12.14 12.28 12.42 12.54 12.56 12.42 12.09 11.56 10.85 10.22 9.76 9.49 9.39 9.42 9.49 9.56 9.65 9.74
0.00 0.00 0.00 0.00 0.00 0.00 0.00 0.00 0.00 0.02 0.14 0.25 0.36 0.47 0.58 0.68 0.78 0.90 1.04 1.21 1.41 1.62 1.83 2.03 2.23 2.44 2.66 2.88 3.12 3.36 3.61 3.86 4.11 4.36 4.61 4.86 5.11 5.35 5.58 5.80 6.02 6.22 6.40 6.59 6.79 7.01 7.27 7.55 7.83 8.11 8.38 8.65 8.90 9.13 9.36 9.58 9.79 9.98 10.17 10.35 10.51 10.67 10.81 10.95 11.07 11.19 11.30 11.39 11.48 11.55 11.52 11.31 10.91 10.34 9.83 9.50 9.33 9.30 9.30 9.30 9.31 9.32 9.34
0.00 0.00 0.00 0.00 0.00 0.00 0.05 0.16 0.27 0.38 0.48 0.58 0.68 0.77 0.86 0.95 1.04 1.12 1.21 1.33 1.48 1.65 1.81 1.96 2.13 2.31 2.51 2.72 2.94 3.16 3.40 3.64 3.89 4.13 4.38 4.63 4.88 5.13 5.37 5.60 5.83 6.05 6.25 6.45 6.63 6.84 7.07 7.33 7.58 7.83 8.07 8.29 8.51 8.71 8.91 9.09 9.26 9.43 9.58 9.72 9.85 9.97 10.08 10.18 10.28 10.36 10.43 10.50 10.55 10.60 10.62 10.54 10.28 9.85 9.48 9.28 9.20 9.16 9.11 9.05 9.00 8.95 8.91
0.00 0.00 0.06 0.17 0.27 0.38 0.47 0.57 0.66 0.75 0.84 0.92 1.00 1.08 1.15 1.22 1.28 1.35 1.40 1.47 1.56 1.67 1.78 1.90 2.04 2.19 2.36 2.55 2.75 2.96 3.18 3.41 3.65 3.89 4.14 4.39 4.64 4.88 5.13 5.37 5.61 5.84 6.07 6.28 6.48 6.68 6.89 7.12 7.35 7.57 7.78 7.98 8.17 8.34 8.51 8.66 8.80 8.94 9.06 9.18 9.28 9.37 9.46 9.53 9.59 9.65 9.70 9.73 9.76 9.78 9.79 9.78 9.66 9.38 9.16 9.06 8.99 8.91 8.82 8.73 8.63 8.53 8.44
0.38 0.48 0.57 0.67 0.76 0.84 0.92 1.00 1.08 1.15 1.21 1.27 1.33 1.39 1.44 1.48 1.52 1.55 1.59 1.61 1.65 1.69 1.76 1.84 1.95 2.08 2.23 2.39 2.57 2.76 2.97 3.18 3.41 3.64 3.88 4.13 4.38 4.63 4.88 5.13 5.37 5.62 5.85 6.08 6.30 6.51 6.72 6.93 7.14 7.34 7.52 7.70 7.86 8.02 8.16 8.29 8.41 8.53 8.63 8.72 8.80 8.87 8.94 8.99 9.03 9.07 9.09 9.11 9.11 9.11 9.10 9.08 9.04 8.92 8.82 8.74 8.65 8.55 8.43 8.31 8.18 8.05 7.92
0.97 1.05 1.13 1.20 1.27 1.33 1.40 1.45 1.50 1.55 1.59 1.63 1.66 1.69 1.71 1.73 1.74 1.75 1.75 1.74 1.74 1.74 1.76 1.81 1.89 1.99 2.10 2.24 2.40 2.57 2.76 2.96 3.17 3.40 3.63 3.87 4.11 4.36 4.62 4.87 5.12 5.38 5.62 5.87 6.11 6.34 6.56 6.76 6.95 7.13 7.30 7.46 7.61 7.74 7.87 7.98 8.09 8.19 8.27 8.35 8.41 8.47 8.52 8.55 8.58 8.60 8.61 8.61 8.60 8.59 8.56 8.53 8.49 8.43 8.37 8.29 8.19 8.07 7.94 7.81 7.66 7.50 7.34
1.56 1.62 1.68 1.74 1.78 1.83 1.87 1.90 1.93 1.95 1.97 1.98 1.99 1.99 1.98 1.97 1.96 1.93 1.90 1.87 1.84 1.82 1.81 1.83 1.87 1.93 2.02 2.13 2.26 2.41 2.58 2.76 2.96 3.17 3.39 3.63 3.87 4.12 4.37 4.62 4.88 5.14 5.40 5.66 5.91 6.16 6.39 6.60 6.78 6.94 7.10 7.24 7.37 7.49 7.61 7.71 7.80 7.88 7.95 8.01 8.07 8.11 8.14 8.17 8.18 8.19 8.19 8.17 8.15 8.12 8.09 8.04 7.99 7.92 7.86 7.78 7.68 7.56 7.43 7.28 7.12 6.96 6.78
2.13 2.18 2.22 2.25 2.28 2.31 2.33 2.34 2.35 2.35 2.34 2.33 2.31 2.29 2.25 2.22 2.17 2.12 2.06 2.01 1.98 1.95 1.92 1.89 1.90 1.93 1.99 2.07 2.17 2.30 2.44 2.61 2.79 2.99 3.20 3.42 3.65 3.90 4.15 4.41 4.67 4.93 5.20 5.47 5.73 5.99 6.22 6.43 6.61 6.77 6.90 7.03 7.15 7.26 7.36 7.45 7.52 7.59 7.65 7.70 7.74 7.77 7.79 7.80 7.80 7.79 7.78 7.75 7.72 7.68 7.63 7.57 7.50 7.43 7.35 7.27 7.18 7.06 6.93 6.79 6.62 6.45 6.26
2.68 2.71 2.73 2.75 2.76 2.77 2.77 2.76 2.75 2.73 2.70 2.67 2.62 2.58 2.52 2.46 2.39 2.31 2.24 2.18 2.14 2.09 2.05 2.01 1.98 1.97 2.00 2.05 2.13 2.23 2.35 2.49 2.65 2.84 3.03 3.24 3.47 3.71 3.95 4.21 4.47 4.74 5.02 5.29 5.56 5.82 6.05 6.26 6.44 6.60 6.73 6.84 6.94 7.04 7.12 7.20 7.26 7.31 7.36 7.39 7.42 7.44 7.44 7.44 7.43 7.41 7.38 7.35 7.30 7.25 7.18 7.12 7.04 6.95 6.85 6.76 6.67 6.57 6.45 6.31 6.15 5.97 5.78
3.20 3.22 3.23 3.23 3.23 3.22 3.20 3.17 3.14 3.10 3.05 2.99 2.93 2.86 2.78 2.69 2.60 2.51 2.43 2.37 2.31 2.26 2.21 2.16 2.11 2.07 2.06 2.08 2.12 2.20 2.29 2.41 2.56 2.72 2.90 3.10 3.32 3.55 3.79 4.04 4.30 4.58 4.85 5.13 5.39 5.65 5.88 6.09 6.28 6.43 6.56 6.66 6.75 6.83 6.90 6.96 7.01 7.05 7.08 7.10 7.11 7.12 7.11 7.10 7.07 7.04 7.00 6.95 6.89 6.83 6.76 6.68 6.59 6.49 6.38 6.28 6.17 6.08 5.97 5.84 5.69 5.52 5.33
3.70 3.70 3.70 3.69 3.67 3.64 3.61 3.56 3.51 3.45 3.39 3.31 3.23 3.13 3.03 2.92 2.82 2.72 2.64 2.57 2.51 2.45 2.39 2.33 2.27 2.21 2.17 2.15 2.17 2.21 2.28 2.38 2.50 2.64 2.80 2.99 3.19 3.41 3.65 3.90 4.16 4.43 4.70 4.97 5.23 5.47 5.71 5.92 6.11 6.26 6.39 6.49 6.56 6.63 6.69 6.73 6.77 6.80 6.81 6.82 6.82 6.81 6.79 6.77 6.73 6.69 6.63 6.57 6.50 6.43 6.35 6.26 6.16 6.04 5.93 5.81 5.70 5.59 5.49 5.38 5.24 5.09 4.91
4.16 4.16 4.14 4.12 4.08 4.04 3.99 3.93 3.87 3.79 3.71 3.61 3.51 3.39 3.27 3.16 3.05 2.95 2.86 2.78 2.71 2.65 2.58 2.52 2.45 2.38 2.32 2.27 2.25 2.26 2.30 2.37 2.47 2.59 2.74 2.91 3.10 3.31 3.53 3.77 4.03 4.29 4.56 4.81 5.06 5.30 5.54 5.75 5.94 6.09 6.22 6.31 6.39 6.44 6.49 6.52 6.54 6.56 6.56 6.56 6.54 6.52 6.49 6.45 6.40 6.34 6.28 6.21 6.13 6.05 5.96 5.86 5.75 5.62 5.49 5.37 5.24 5.12 5.01 4.91 4.80 4.66 4.50
4.58 4.58 4.56 4.52 4.48 4.42 4.36 4.29 4.20 4.11 4.01 3.90 3.78 3.65 3.52 3.40 3.29 3.19 3.09 3.01 2.93 2.86 2.79 2.71 2.64 2.57 2.50 2.43 2.38 2.36 2.37 2.41 2.48 2.58 2.71 2.86 3.03 3.23 3.44 3.68 3.92 4.17 4.41 4.66 4.90 5.14 5.37 5.59 5.78 5.93 6.05 6.15 6.22 6.27 6.30 6.32 6.33 6.33 6.32 6.30 6.28 6.24 6.20 6.14 6.08 6.01 5.94 5.86 5.78 5.69 5.59 5.48 5.36 5.23 5.09 4.95 4.81 4.68 4.56 4.45 4.35 4.24 4.10
4.91 4.96 4.94 4.90 4.84 4.78 4.70 4.62 4.52 4.41 4.29 4.17 4.03 3.90 3.77 3.65 3.53 3.43 3.33 3.24 3.16 3.08 3.00 2.92 2.84 2.76 2.69 2.62 2.55 2.50 2.47 2.49 2.53 2.60 2.71 2.84 2.99 3.17 3.38 3.59 3.82 4.05 4.28 4.51 4.75 4.98 5.21 5.43 5.62 5.77 5.89 5.98 6.05 6.09 6.12 6.12 6.12 6.11 6.09 6.06 6.02 5.97 5.91 5.85 5.78 5.70 5.62 5.53 5.44 5.35 5.25 5.13 5.00 4.85 4.70 4.55 4.41 4.27 4.14 4.02 3.91 3.81 3.70
5.17 5.25 5.28 5.25 5.18 5.11 5.02 4.92 4.81 4.69 4.56 4.42 4.28 4.14 4.02 3.90 3.78 3.67 3.57 3.48 3.39 3.31 3.22 3.14 3.05 2.97 2.89 2.81 2.74 2.67 2.62 2.60 2.61 2.66 2.74 2.84 2.98 3.14 3.33 3.52 3.72 3.93 4.15 4.37 4.60 4.83 5.06 5.27 5.46 5.61 5.73 5.82 5.88 5.92 5.94 5.94 5.93 5.90 5.87 5.82 5.77 5.71 5.64 5.57 5.48 5.40 5.32 5.23 5.14 5.04 4.92 4.80 4.66 4.51 4.35 4.19 4.03 3.88 3.74 3.61 3.49 3.38 3.29
5.35 5.47 5.53 5.54 5.49 5.40 5.31 5.20 5.08 4.95 4.80 4.66 4.52 4.39 4.27 4.14 4.03 3.92 3.82 3.72 3.63 3.54 3.45 3.36 3.27 3.18 3.09 3.01 2.93 2.86 2.79 2.74 2.73 2.74 2.80 2.88 3.00 3.14 3.29 3.46 3.64 3.83 4.03 4.24 4.46 4.68 4.91 5.13 5.31 5.46 5.58 5.67 5.72 5.76 5.77 5.76 5.74 5.70 5.66 5.60 5.54 5.46 5.38 5.30 5.21 5.13 5.04 4.95 4.85 4.75 4.63 4.50 4.35 4.19 4.02 3.85 3.69 3.53 3.38 3.23 3.10 2.99 2.89
5.47 5.62 5.71 5.76 5.74 5.67 5.57 5.45 5.32 5.18 5.04 4.90 4.76 4.63 4.51 4.39 4.27 4.16 4.06 3.96 3.86 3.77 3.67 3.58 3.48 3.39 3.30 3.21 3.13 3.06 2.98 2.92 2.87 2.86 2.89 2.95 3.03 3.14 3.27 3.41 3.57 3.74 3.93 4.12 4.33 4.55 4.77 4.99 5.18 5.32 5.44 5.52 5.57 5.60 5.61 5.59 5.56 5.51 5.45 5.39 5.31 5.23 5.14 5.05 4.96 4.88 4.79 4.69 4.59 4.48 4.36 4.22 4.07 3.90 3.72 3.54 3.37 3.20 3.04 2.89 2.75 2.63 2.52
5.51 5.69 5.82 5.90 5.92 5.88 5.79 5.67 5.53 5.39 5.26 5.12 4.99 4.87 4.75 4.63 4.51 4.40 4.30 4.19 4.09 3.99 3.89 3.79 3.70 3.60 3.51 3.42 3.33 3.25 3.18 3.11 3.05 3.01 3.01 3.03 3.09 3.16 3.26 3.37 3.51 3.66 3.83 4.02 4.21 4.42 4.65 4.87 5.05 5.19 5.31 5.38 5.43 5.46 5.45 5.43 5.39 5.33 5.26 5.18 5.09 5.00 4.91 4.82 4.74 4.65 4.56 4.47 4.36 4.25 4.12 3.98 3.82 3.64 3.45 3.26 3.08 2.91 2.74 2.58 2.44 2.30 2.19
5.50 5.70 5.86 5.96 6.02 6.02 5.97 5.86 5.73 5.60 5.47 5.34 5.22 5.09 4.97 4.86 4.74 4.63 4.52 4.42 4.31 4.21 4.11 4.01 3.91 3.81 3.71 3.62 3.53 3.45 3.37 3.30 3.24 3.19 3.15 3.14 3.15 3.20 3.26 3.35 3.47 3.60 3.75 3.92 4.11 4.32 4.53 4.75 4.93 5.08 5.19 5.26 5.30 5.32 5.31 5.28 5.23 5.16 5.08 4.99 4.89 4.80 4.71 4.62 4.54 4.45 4.36 4.27 4.16 4.04 3.91 3.76 3.59 3.41 3.21 3.02 2.83 2.65 2.47 2.31 2.15 2.01 1.89
5.43 5.65 5.83 5.96 6.05 6.08 6.07 6.01 5.90 5.78 5.66 5.54 5.42 5.30 5.19 5.07 4.96 4.85 4.74 4.63 4.53 4.42 4.32 4.21 4.11 4.01 3.91 3.82 3.73 3.64 3.56 3.49 3.43 3.37 3.31 3.26 3.24 3.25 3.29 3.35 3.44 3.55 3.69 3.84 4.02 4.22 4.44 4.65 4.83 4.97 5.08 5.15 5.18 5.19 5.18 5.14 5.08 5.00 4.91 4.80 4.71 4.62 4.54 4.45 4.37 4.29 4.20 4.10 3.99 3.87 3.73 3.58 3.40 3.21 3.01 2.81 2.62 2.43 2.24 2.07 1.91 1.76 1.63
5.30 5.54 5.74 5.90 6.01 6.08 6.10 6.09 6.04 5.95 5.84 5.72 5.61 5.50 5.39 5.28 5.17 5.06 4.95 4.84 4.73 4.62 4.51 4.41 4.30 4.20 4.10 4.00 3.91 3.83 3.75 3.68 3.61 3.54 3.47 3.40 3.35 3.32 3.33 3.36 3.43 3.52 3.64 3.78 3.95 4.14 4.35 4.57 4.75 4.88 4.98 5.05 5.08 5.08 5.06 5.01 4.94 4.85 4.75 4.65 4.56 4.47 4.39 4.31 4.23 4.15 4.06 3.96 3.85 3.73 3.59 3.43 3.25 3.05 2.84 2.64 2.44 2.24 2.05 1.87 1.70 1.55 1.41
5.13 5.38 5.59 5.77 5.91 6.01 6.08 6.12 6.11 6.07 5.99 5.88 5.78 5.67 5.57 5.46 5.35 5.24 5.14 5.03 4.92 4.81 4.70 4.59 4.48 4.38 4.28 4.18 4.09 4.00 3.92 3.85 3.77 3.69 3.62 3.54 3.47 3.41 3.39 3.40 3.44 3.51 3.61 3.74 3.90 4.08 4.29 4.50 4.68 4.81 4.91 4.97 4.99 4.99 4.95 4.90 4.81 4.72 4.62 4.53 4.44 4.36 4.28 4.20 4.12 4.04 3.95 3.85 3.74 3.62 3.48 3.31 3.13 2.93 2.71 2.50 2.29 2.09 1.90 1.71 1.54 1.38 1.23
4.91 5.17 5.39 5.59 5.75 5.89 6.00 6.08 6.13 6.13 6.10 6.02 5.92 5.83 5.72 5.62 5.52 5.41 5.30 5.19 5.08 4.97 4.86 4.75 4.64 4.54 4.44 4.34 4.25 4.16 4.08 4.00 3.91 3.83 3.75 3.67 3.59 3.53 3.47 3.45 3.47 3.52 3.60 3.72 3.87 4.04 4.24 4.45 4.63 4.76 4.85 4.90 4.92 4.91 4.87 4.80 4.71 4.62 4.53 4.45 4.36 4.28 4.20 4.12 4.05 3.97 3.88 3.78 3.67 3.55 3.40 3.24 3.05 2.84 2.62 2.41 2.19 1.98 1.78 1.59 1.42 1.25 1.10
4.65 4.91 5.15 5.36 5.56 5.73 5.88 6.00 6.08 6.13 6.14 6.11 6.04 5.95 5.86 5.76 5.66 5.56 5.45 5.34 5.23 5.12 5.01 4.90 4.79 4.68 4.58 4.49 4.39 4.31 4.22 4.13 4.04 3.95 3.87 3.78 3.71 3.64 3.58 3.53 3.52 3.55 3.62 3.72 3.85 4.02 4.22 4.43 4.60 4.72 4.81 4.86 4.87 4.85 4.80 4.72 4.65 4.57 4.49 4.41 4.33 4.25 4.17 4.09 4.01 3.93 3.84 3.75 3.64 3.51 3.36 3.20 3.01 2.79 2.57 2.35 2.13 1.92 1.71 1.52 1.34 1.17 1.03
4.35 4.62 4.87 5.11 5.33 5.53 5.70 5.85 5.98 6.07 6.12 6.14 6.11 6.05 5.96 5.87 5.77 5.67 5.57 5.46 5.35 5.24 5.13 5.02 4.91 4.81 4.71 4.61 4.52 4.42 4.33 4.23 4.14 4.05 3.97 3.89 3.81 3.74 3.68 3.63 3.60 3.61 3.66 3.74 3.86 4.02 4.22 4.42 4.59 4.71 4.79 4.83 4.84 4.81 4.75 4.69 4.62 4.55 4.48 4.41 4.33 4.25 4.18 4.09 4.01 3.93 3.84 3.75 3.64 3.51 3.37 3.20 3.00 2.78 2.56 2.33 2.11 1.90 1.69 1.49 1.30 1.14 1.03
4.02 4.29 4.56 4.81 5.06 5.28 5.48 5.67 5.82 5.95 6.04 6.10 6.12 6.10 6.03 5.95 5.86 5.76 5.66 5.56 5.45 5.34 5.23 5.12 5.01 4.91 4.81 4.71 4.61 4.51 4.41 4.32 4.23 4.14 4.05 3.97 3.90 3.84 3.78 3.74 3.70 3.69 3.72 3.79 3.90 4.05 4.24 4.44 4.60 4.72 4.79 4.83 4.83 4.79 4.75 4.70 4.65 4.59 4.53 4.46 4.39 4.31 4.23 4.15 4.07 3.98 3.89 3.79 3.68 3.55 3.41 3.24 3.04 2.82 2.59 2.36 2.14 1.92 1.70 1.50 1.33 1.19 1.09
