data_processed/recharge/precip/Precip_2013_09.asc
ncols        168
nrows        136
xllcorner    455000
yllcorner    2107000
cellsize     500
NODATA_value     -99999
[rows 99 to 131 of 136, columns 0 to 74 of 168]
0.00 0.00 0.00 0.00 0.00 0.00 0.00 0.00 0.00 0.00 0.00 0.00 0.00 0.00 0.00 0.00 0.00 0.00 0.00 0.00 0.00 0.00 0.00 0.00 0.00 0.00 0.00 0.00 0.00 0.00 0.00 0.00 0.00 0.00 0.00 0.00 0.00 0.00 0.00 0.00 0.00 0.00 0.00 0.00 0.00 0.00 0.00 1.95 12.94 23.80 34.50 45.01 55.32 65.39 75.19 84.71 93.90 102.76 111.24 119.33 127.00 134.21 140.96 147.20 152.91 158.06 162.64 166.61 169.94 172.62 174.60 175.79 175.95 174.98 172.89
0.00 0.00 0.00 0.00 0.00 0.00 0.00 0.00 0.00 0.00 0.00 0.00 0.00 0.00 0.00 0.00 0.00 0.00 0.00 0.00 0.00 0.00 0.00 0.00 0.00 0.00 0.00 0.00 0.00 0.00 0.00 0.00 0.00 0.00 0.00 0.00 0.00 0.00 0.00 0.00 0.00 0.00 0.00 0.00 0.00 0.00 0.00 0.00 10.92 21.87 32.67 43.29 53.72 63.92 73.86 83.53 92.89 101.92 110.59 118.88 126.75 134.19 141.16 147.64 153.60 159.03 163.88 168.13 171.76 174.74 176.96 178.17 178.27 177.26 175.15
0.00 0.00 0.00 0.00 0.00 0.00 0.00 0.00 0.00 0.00 0.00 0.00 0.00 0.00 0.00 0.00 0.00 0.00 0.00 0.00 0.00 0.00 0.00 0.00 0.00 0.00 0.00 0.00 0.00 0.00 0.00 0.00 0.00 0.00 0.00 0.00 0.00 0.00 0.00 0.00 0.00 0.00 0.00 0.00 0.00 0.00 0.00 0.00 9.26 20.30 31.20 41.94 52.50 62.84 72.93 82.76 92.29 101.50 110.37 118.86 126.95 134.61 141.82 148.55 154.78 160.47 165.60 170.15 174.09 177.29 179.51 180.64 180.68 179.63 177.51
0.00 0.00 0.00 0.00 0.00 0.00 0.00 0.00 0.00 0.00 0.00 0.00 0.00 0.00 0.00 0.00 0.00 0.00 0.00 0.00 0.00 0.00 0.00 0.00 0.00 0.00 0.00 0.00 0.00 0.00 0.00 0.00 0.00 0.00 0.00 0.00 0.00 0.00 0.00 0.00 0.00 0.00 0.00 0.00 0.00 0.00 0.00 0.00 7.98 19.12 30.14 41.00 51.69 62.17 72.43 82.42 92.14 101.54 110.60 119.31 127.62 135.52 142.98 149.96 156.46 162.43 167.85 172.70 176.85 180.04 182.15 183.20 183.18 182.10 179.96
0.00 0.00 0.00 0.00 0.00 0.00 0.00 0.00 0.00 0.00 0.00 0.00 0.00 0.00 0.00 0.00 0.00 0.00 0.00 0.00 0.00 0.00 0.00 0.00 0.00 0.00 0.00 0.00 0.00 0.00 0.00 0.00 0.00 0.00 0.00 0.00 0.00 0.00 0.00 0.00 0.00 0.00 0.00 0.00 0.00 0.00 0.00 0.00 7.10 18.36 29.49 40.49 51.32 61.96 72.38 82.55 92.45 102.05 111.33 120.25 128.79 136.93 144.64 151.90 158.66 164.92 170.64 175.70 179.82 182.88 184.89 185.85 185.77 184.65 182.50
0.35 0.00 0.00 0.00 0.00 0.00 0.00 0.00 0.00 0.00 0.00 0.00 0.00 0.00 0.00 0.00 0.00 0.00 0.00 0.00 0.00 0.00 0.00 0.00 0.00 0.00 0.00 0.00 0.00 0.00 0.00 0.00 0.00 0.00 0.00 0.00 0.00 0.00 0.00 0.00 0.00 0.00 0.00 0.00 0.00 0.00 0.00 0.00 6.67 18.04 29.30 40.44 51.42 62.22 72.81 83.16 93.26 103.06 112.56 121.71 130.49 138.88 146.85 154.38 161.43 167.98 173.90 178.91 182.88 185.81 187.72 188.60 188.46 187.30 185.13
19.51 5.86 0.00 0.00 0.00 0.00 0.00 0.00 0.00 0.00 0.00 0.00 0.00 0.00 0.00 0.00 0.00 0.00 0.00 0.00 0.00 0.00 0.00 0.00 0.00 0.00 0.00 0.00 0.00 0.00 0.00 0.00 0.00 0.00 0.00 0.00 0.00 0.00 0.00 0.00 0.00 0.00 0.00 0.00 0.00 0.00 0.00 0.00 6.69 18.18 29.58 40.87 52.01 62.98 73.75 84.29 94.59 104.61 114.33 123.71 132.74 141.39 149.63 157.44 164.78 171.52 177.37 182.21 186.03 188.83 190.63 191.43 191.23 190.04 187.85
38.57 24.87 11.08 0.00 0.00 0.00 0.00 0.00 0.00 0.00 0.00 0.00 0.00 0.00 0.00 0.00 0.00 0.00 0.00 0.00 0.00 0.00 0.00 0.00 0.00 0.00 0.00 0.00 0.00 0.00 0.00 0.00 0.00 0.00 0.00 0.00 0.00 0.00 0.00 0.00 0.00 0.00 0.00 0.00 0.00 0.00 0.00 0.00 7.20 18.83 30.37 41.81 53.11 64.26 75.22 85.96 96.47 106.71 116.66 126.29 135.58 144.49 153.01 161.10 168.63 175.28 180.94 185.60 189.27 191.95 193.64 194.36 194.10 192.86 190.67
57.50 43.77 29.93 16.01 2.07 0.00 0.00 0.00 0.00 0.00 0.00 0.00 0.00 0.00 0.00 0.00 0.00 0.00 0.00 0.00 0.00 0.00 0.00 0.00 0.00 0.00 0.00 0.00 0.00 0.00 0.00 0.00 0.00 0.00 0.00 0.00 0.00 0.00 0.00 0.00 0.00 0.00 0.00 0.00 0.00 0.00 0.00 0.00 8.23 19.99 31.69 43.29 54.77 66.10 77.25 88.20 98.93 109.40 119.59 129.47 139.02 148.20 157.00 165.27 172.69 179.13 184.60 189.08 192.60 195.15 196.74 197.37 197.05 195.78 193.57
76.24 62.54 48.68 34.71 20.65 6.55 0.00 0.00 0.00 0.00 0.00 0.00 0.00 0.00 0.00 0.00 0.00 0.00 0.00 0.00 0.00 0.00 0.00 0.00 0.00 0.00 0.00 0.00 0.00 0.00 0.00 0.00 0.00 0.00 0.00 0.00 0.00 0.00 0.00 0.00 0.00 0.00 0.00 0.00 0.00 0.00 0.00 0.00 9.79 21.71 33.56 45.33 56.99 68.51 79.87 91.04 101.99 112.69 123.13 133.27 143.09 152.55 161.52 169.67 176.85 183.08 188.34 192.66 196.02 198.44 199.93 200.48 200.10 198.79 196.56
94.75 81.13 67.30 53.30 39.17 24.92 10.58 0.00 0.00 0.00 0.00 0.00 0.00 0.00 0.00 0.00 0.00 0.00 0.00 0.00 0.00 0.00 0.00 0.00 0.00 0.00 0.00 0.00 0.00 0.00 0.00 0.00 0.00 0.00 0.00 0.00 0.00 0.00 0.00 0.00 0.00 0.00 0.00 0.00 0.00 0.00 0.00 0.00 11.93 24.00 36.02 47.97 59.82 71.54 83.11 94.49 105.68 116.63 127.32 137.73 147.82 157.45 166.28 174.16 181.10 187.11 192.18 196.32 199.53 201.83 203.20 203.67 203.23 201.88 199.64
112.99 99.48 85.73 71.75 57.56 43.19 28.69 14.10 0.00 0.00 0.00 0.00 0.00 0.00 0.00 0.00 0.00 0.00 0.00 0.00 0.00 0.00 0.00 0.00 0.00 0.00 0.00 0.00 0.00 0.00 0.00 0.00 0.00 0.00 0.00 0.00 0.00 0.00 0.00 0.00 0.00 0.00 0.00 0.00 0.00 0.00 0.00 2.41 14.66 26.89 39.09 51.22 63.27 75.19 86.98 98.60 110.02 121.23 132.18 142.86 153.11 162.58 171.12 178.74 185.44 191.23 196.10 200.07 203.13 205.30 206.57 206.95 206.45 205.07 202.81
130.90 117.56 103.91 89.96 75.75 61.32 46.71 31.97 17.15 2.29 0.00 0.00 0.00 0.00 0.00 0.00 0.00 0.00 0.00 0.00 0.00 0.00 0.00 0.00 0.00 0.00 0.00 0.00 0.00 0.00 0.00 0.00 0.00 0.00 0.00 0.00 0.00 0.00 0.00 0.00 0.00 0.00 0.00 0.00 0.00 0.00 0.00 5.61 18.01 30.41 42.79 55.12 67.37 79.51 91.52 103.38 115.05 126.51 137.73 148.56 158.64 167.80 176.06 183.42 189.87 195.44 200.12 203.91 206.82 208.86 210.03 210.32 209.76 208.34 206.07
148.45 135.31 121.78 107.90 93.71 79.26 64.59 49.75 34.78 19.73 4.65 0.00 0.00 0.00 0.00 0.00 0.00 0.00 0.00 0.00 0.00 0.00 0.00 0.00 0.00 0.00 0.00 0.00 0.00 0.00 0.00 0.00 0.00 0.00 0.00 0.00 0.00 0.00 0.00 0.00 0.00 0.00 0.00 0.00 0.00 0.00 0.00 9.44 22.01 34.59 47.16 59.69 72.15 84.51 96.76 108.86 120.79 132.51 143.88 154.51 164.26 173.11 181.08 188.18 194.39 199.74 204.22 207.84 210.60 212.51 213.57 213.79 213.16 211.70 209.42
165.57 152.64 139.28 125.52 111.41 96.99 82.31 67.41 52.35 37.16 21.88 6.57 0.00 0.00 0.00 0.00 0.00 0.00 0.00 0.00 0.00 0.00 0.00 0.00 0.00 0.00 0.00 0.00 0.00 0.00 0.00 0.00 0.00 0.00 0.00 0.00 0.00 0.00 0.00 0.00 0.00 0.00 0.00 0.00 0.00 0.00 1.24 13.94 26.68 39.45 52.22 64.95 77.63 90.23 102.72 115.07 127.26 139.12 150.27 160.56 169.97 178.51 186.20 193.02 199.00 204.13 208.41 211.86 214.47 216.25 217.20 217.33 216.65 215.16 212.85
182.19 169.52 156.37 142.78 128.79 114.45 99.81 84.91 69.80 54.51 39.11 23.62 8.10 0.00 0.00 0.00 0.00 0.00 0.00 0.00 0.00 0.00 0.00 0.00 0.00 0.00 0.00 0.00 0.00 0.00 0.00 0.00 0.00 0.00 0.00 0.00 0.00 0.00 0.00 0.00 0.00 0.00 0.00 0.00 0.00 0.00 6.27 19.13 32.06 45.02 57.99 70.94 83.85 96.69 109.42 122.03 134.35 145.98 156.76 166.69 175.77 184.00 191.40 197.96 203.69 208.60 212.69 215.96 218.42 220.07 220.92 220.97 220.23 218.69 216.37
198.26 185.90 173.01 159.63 145.82 131.62 117.06 102.21 87.09 71.77 56.27 40.66 24.96 9.24 0.00 0.00 0.00 0.00 0.00 0.00 0.00 0.00 0.00 0.00 0.00 0.00 0.00 0.00 0.00 0.00 0.00 0.00 0.00 0.00 0.00 0.00 0.00 0.00 0.00 0.00 0.00 0.00 0.00 0.00 0.00 0.00 12.00 25.05 38.17 51.33 64.51 77.69 90.83 103.91 116.90 129.63 141.70 152.94 163.34 172.91 181.65 189.58 196.69 202.99 208.48 213.17 217.06 220.15 222.46 223.98 224.73 224.69 223.89 222.32 219.98
213.75 201.74 189.16 176.05 162.46 148.44 134.02 119.26 104.20 88.88 73.35 57.65 41.83 25.94 10.01 0.00 0.00 0.00 0.00 0.00 0.00 0.00 0.00 0.00 0.00 0.00 0.00 0.00 0.00 0.00 0.00 0.00 0.00 0.00 0.00 0.00 0.00 0.00 0.00 0.00 0.00 0.00 0.00 0.00 0.00 5.35 18.48 31.71 45.03 58.40 71.80 85.21 98.59 111.92 125.03 137.49 149.14 159.98 170.00 179.21 187.63 195.24 202.07 208.10 213.35 217.82 221.51 224.43 226.59 227.99 228.62 228.51 227.64 226.03 223.68
228.61 217.00 204.78 191.99 178.67 164.88 150.65 136.03 121.06 105.80 90.28 74.55 58.66 42.65 26.57 10.45 0.00 0.00 0.00 0.00 0.00 0.00 0.00 0.00 0.00 0.00 0.00 0.00 0.00 0.00 0.00 0.00 0.00 0.00 0.00 0.00 0.00 0.00 0.00 0.00 0.00 0.00 0.00 0.00 0.00 12.41 25.72 39.15 52.67 66.26 79.89 93.53 107.16 120.60 133.42 145.45 156.67 167.10 176.75 185.61 193.69 201.00 207.53 213.30 218.31 222.56 226.05 228.80 230.81 232.07 232.60 232.40 231.48 229.83 227.47
242.79 231.64 219.83 207.40 194.41 180.89 166.90 152.47 137.66 122.50 107.04 91.33 75.42 59.34 43.14 26.87 10.57 0.00 0.00 0.00 0.00 0.00 0.00 0.00 0.00 0.00 0.00 0.00 0.00 0.00 0.00 0.00 0.00 0.00 0.00 0.00 0.00 0.00 0.00 0.00 0.00 0.00 0.00 0.00 6.91 20.25 33.75 47.38 61.12 74.93 88.80 102.69 116.42 129.55 141.91 153.49 164.29 174.32 183.59 192.09 199.84 206.83 213.08 218.59 223.35 227.38 230.68 233.26 235.11 236.25 236.67 236.39 235.40 233.72 231.34
256.27 245.62 234.27 222.26 209.63 196.45 182.74 168.55 153.93 138.93 123.58 107.94 92.05 75.95 59.69 43.32 26.87 10.40 0.00 0.00 0.00 0.00 0.00 0.00 0.00 0.00 0.00 0.00 0.00 0.00 0.00 0.00 0.00 0.00 0.00 0.00 0.00 0.00 0.00 0.00 0.00 0.00 0.00 2.05 15.38 28.91 42.61 56.45 70.40 84.45 98.56 112.54 125.95 138.59 150.48 161.61 171.99 181.62 190.51 198.66 206.08 212.76 218.72 223.96 228.48 232.29 235.40 237.80 239.50 240.51 240.83 240.46 239.41 237.69 235.29
269.00 258.90 248.06 236.51 224.31 211.50 198.12 184.22 169.85 155.05 139.87 124.35 108.53 92.46 76.19 59.76 43.21 26.60 10.00 0.00 0.00 0.00 0.00 0.00 0.00 0.00 0.00 0.00 0.00 0.00 0.00 0.00 0.00 0.00 0.00 0.00 0.00 0.00 0.00 0.00 0.00 0.00 0.00 11.33 24.69 38.40 52.31 66.37 80.55 94.83 109.03 122.67 135.57 147.72 159.14 169.83 179.78 189.01 197.52 205.32 212.40 218.77 224.45 229.42 233.70 237.29 240.20 242.43 243.98 244.86 245.07 244.62 243.51 241.75 239.34
280.94 271.44 261.15 250.12 238.39 226.00 213.01 199.45 185.38 170.83 155.86 140.50 124.81 108.82 92.58 76.14 59.55 42.84 26.10 10.11 0.00 0.00 0.00 0.00 0.00 0.00 0.00 0.00 0.00 0.00 0.00 0.00 0.00 0.00 0.00 0.00 0.00 0.00 0.00 0.00 0.00 0.00 9.43 21.84 34.99 48.77 62.88 77.17 91.58 105.95 119.78 132.89 145.27 156.94 167.89 178.13 187.66 196.49 204.62 212.06 218.81 224.87 230.26 234.97 239.01 242.38 245.09 247.14 248.54 249.29 249.40 248.86 247.69 245.89 243.47
292.05 283.20 273.52 263.05 251.84 239.93 227.37 214.20 200.47 186.23 171.51 156.37 140.84 124.98 108.83 92.44 75.84 59.09 42.26 26.16 11.59 0.00 0.00 0.00 0.00 0.00 0.00 0.00 0.00 0.00 0.00 0.00 0.00 0.00 0.00 0.00 0.00 0.00 0.00 0.00 0.00 10.06 21.47 33.65 46.56 60.17 74.36 88.87 103.36 117.34 130.62 143.19 155.07 166.24 176.72 186.51 195.62 204.05 211.80 218.89 225.30 231.06 236.16 240.60 244.40 247.55 250.06 251.94 253.19 253.81 253.81 253.19 251.96 250.12 247.68
302.29 294.14 285.11 275.25 264.61 253.22 241.15 228.42 215.08 201.19 186.78 171.91 156.60 140.92 124.91 108.60 92.05 75.30 58.44 42.27 27.64 14.55 2.98 0.00 0.00 0.00 0.00 0.00 0.00 0.00 0.00 0.00 0.00 0.00 0.00 0.00 0.00 0.00 0.00 3.46 13.05 23.48 34.70 46.70 59.42 72.83 86.89 101.34 115.42 128.83 141.55 153.59 164.94 175.63 185.64 194.98 203.67 211.70 219.07 225.80 231.88 237.33 242.14 246.32 249.87 252.81 255.12 256.83 257.92 258.41 258.31 257.61 256.32 254.44 251.98
311.62 304.22 295.89 286.69 276.67 265.86 254.31 242.07 229.18 215.69 201.64 187.07 172.04 156.59 140.76 124.59 108.14 91.44 74.59 58.41 43.76 30.64 19.04 8.91 0.22 0.00 0.00 0.00 0.00 0.00 0.00 0.00 0.00 0.00 0.00 0.00 0.00 1.93 9.63 18.23 27.70 38.00 49.10 60.95 73.53 86.79 100.53 114.22 127.59 140.41 152.57 164.07 174.91 185.10 194.64 203.54 211.80 219.43 226.43 232.80 238.55 243.68 248.21 252.12 255.43 258.15 260.27 261.80 262.74 263.10 262.89 262.11 260.75 258.84 256.37
320.00 313.39 305.82 297.33 287.97 277.79 266.82 255.12 242.72 229.68 216.03 201.83 187.12 171.94 156.34 140.37 124.06 107.47 90.68 74.54 59.91 46.82 35.24 25.12 16.44 9.16 3.24 0.00 0.00 0.00 0.00 0.00 0.00 0.00 0.63 5.36 11.10 17.80 25.44 33.98 43.37 53.60 64.61 76.38 88.86 101.84 114.79 127.50 139.95 152.07 163.67 174.63 184.96 194.66 203.73 212.19 220.02 227.25 233.87 239.88 245.30 250.13 254.36 258.01 261.08 263.57 265.49 266.85 267.64 267.88 267.56 266.69 265.28 263.32 260.83
327.39 321.63 314.86 307.13 298.49 288.97 278.63 267.52 255.66 243.12 229.93 216.14 201.80 186.95 171.63 155.90 139.78 123.34 106.66 90.61 76.05 63.04 51.52 41.47 32.85 25.62 19.75 15.20 11.93 9.92 9.12 9.50 11.02 13.64 17.34 22.08 27.81 34.51 42.13 50.65 60.02 70.22 81.20 92.92 105.17 117.41 129.42 141.18 152.68 163.93 174.86 185.28 195.10 204.30 212.91 220.91 228.33 235.15 241.39 247.05 252.14 256.65 260.60 263.98 266.81 269.08 270.81 271.99 272.63 272.74 272.31 271.36 269.88 267.89 265.39
333.74 328.88 322.96 316.04 308.16 299.37 289.71 279.23 267.97 255.97 243.29 229.96 216.04 201.56 186.58 171.13 155.26 139.02 122.50 106.58 92.15 79.26 67.86 57.93 49.41 42.28 36.51 32.05 28.87 26.94 26.22 26.66 28.25 30.94 34.70 39.48 45.26 52.00 59.66 68.21 77.61 87.83 98.82 110.36 121.91 133.24 144.33 155.18 165.78 176.14 186.24 196.02 205.32 214.03 222.17 229.73 236.72 243.14 249.00 254.31 259.06 263.26 266.92 270.04 272.62 274.68 276.21 277.21 277.70 277.68 277.15 276.11 274.58 272.54 270.02
339.03 335.10 330.09 324.03 316.96 308.94 300.01 290.21 279.59 268.20 256.07 243.25 229.80 215.74 201.14 186.03 170.46 154.47 138.15 122.41 108.17 95.45 84.21 74.44 66.08 59.10 53.48 49.16 46.12 44.31 43.72 44.29 45.99 48.79 52.65 57.54 63.41 70.24 77.99 86.62 96.09 106.38 117.24 128.12 138.79 149.24 159.46 169.44 179.19 188.69 197.94 206.93 215.63 223.84 231.51 238.62 245.19 251.21 256.70 261.65 266.06 269.96 273.33 276.18 278.52 280.36 281.69 282.52 282.86 282.70 282.07 280.95 279.35 277.28 274.74
343.20 340.27 336.20 331.05 324.85 317.65 309.50 300.43 290.50 279.75 268.23 255.97 243.03 229.45 215.28 200.55 185.33 169.64 153.58 138.07 124.05 111.55 100.54 90.97 82.82 76.04 70.61 66.48 63.63 62.01 61.58 62.32 64.19 67.15 71.17 76.20 82.23 89.19 97.08 105.84 115.43 125.63 135.87 145.91 155.74 165.35 174.74 183.90 192.82 201.51 209.96 218.15 226.10 233.75 240.94 247.61 253.75 259.37 264.47 269.07 273.15 276.73 279.82 282.41 284.51 286.12 287.25 287.91 288.10 287.81 287.07 285.87 284.21 282.10 279.55
346.21 344.33 341.27 337.07 331.78 325.45 318.12 309.84 300.65 290.60 279.72 268.08 255.71 242.65 228.95 214.67 199.83 184.49 168.74 153.51 139.77 127.54 116.79 107.48 99.59 93.06 87.87 83.99 81.36 79.97 79.78 80.74 82.82 85.99 90.21 95.44 101.66 108.82 116.88 125.82 135.38 145.00 154.44 163.67 172.69 181.50 190.10 198.47 206.62 214.54 222.22 229.66 236.86 243.81 250.46 256.67 262.39 267.61 272.34 276.57 280.33 283.60 286.39 288.72 290.57 291.97 292.90 293.39 293.42 293.01 292.16 290.87 289.15 287.00 284.44
348.04 347.25 345.23 342.04 337.72 332.31 325.85 318.40 310.00 300.69 290.52 279.54 267.78 255.29 242.13 228.32 213.93 198.99 183.60 168.70 155.28 143.37 132.93 123.94 116.34 110.12 105.22 101.63 99.29 98.18 98.25 99.48 101.83 105.26 109.73 115.21 121.67 129.07 137.36 146.32 155.34 164.19 172.85 181.31 189.57 197.63 205.48 213.11 220.52 227.71 234.67 241.40 247.88 254.13 260.12 265.82 271.12 275.93 280.28 284.16 287.58 290.54 293.05 295.11 296.72 297.90 298.64 298.94 298.83 298.28 297.33 295.95 294.17 291.99 289.41
