data_processed/recharge/precip/Precip_2010_02.asc
ncols        168
nrows        136
xllcorner    455000
yllcorner    2107000
cellsize     500
NODATA_value     -99999
[rows 102 to 135 of 136, columns 0 to 75 of 168]
156.63 152.70 148.84 145.07 141.38 137.78 134.26 130.84 127.51 124.28 121.14 118.10 115.17 112.33 109.61 106.99 104.49 102.10 99.82 97.67 95.63 93.73 92.10 90.81 89.63 88.46 87.30 86.14 85.00 83.88 82.79 81.72 80.70 79.72 78.78 77.91 77.09 76.34 75.66 75.07 74.55 74.13 73.81 73.58 73.47 73.47 73.59 73.86 74.36 74.75 74.70 74.40 73.96 73.41 72.74 71.99 71.16 70.27 69.33 68.36 67.37 66.37 65.37 64.40 63.47 62.58 61.76 61.01 60.36 59.82 59.39 59.10 58.95 58.91 58.93 58.96
156.41 152.25 148.19 144.24 140.40 136.68 133.06 129.56 126.18 122.93 119.79 116.78 113.90 111.14 108.52 106.03 103.68 101.47 99.40 97.47 95.68 94.05 92.58 91.35 90.19 89.02 87.86 86.69 85.54 84.41 83.30 82.22 81.17 80.16 79.20 78.30 77.45 76.66 75.95 75.31 74.75 74.28 73.90 73.62 73.45 73.39 73.45 73.63 73.95 74.20 74.21 74.05 73.75 73.31 72.76 72.11 71.37 70.55 69.68 68.75 67.80 66.82 65.85 64.88 63.93 63.02 62.16 61.37 60.66 60.04 59.53 59.14 58.89 58.78 58.79 58.90
155.17 150.81 146.58 142.49 138.53 134.70 131.02 127.47 124.08 120.82 117.72 114.76 111.96 109.31 106.82 104.49 102.33 100.32 98.48 96.81 95.32 93.99 92.85 91.86 90.72 89.55 88.37 87.20 86.03 84.87 83.74 82.63 81.56 80.52 79.52 78.58 77.68 76.85 76.09 75.40 74.79 74.26 73.83 73.49 73.25 73.12 73.11 73.21 73.46 73.76 73.93 73.92 73.76 73.46 73.03 72.48 71.84 71.10 70.29 69.43 68.52 67.58 66.62 65.66 64.71 63.78 62.90 62.06 61.30 60.62 60.03 59.55 59.19 58.98 58.96 59.24
153.61 149.05 144.64 140.39 136.30 132.37 128.61 125.02 121.59 118.33 115.25 112.35 109.62 107.07 104.71 102.53 100.54 98.73 97.12 95.71 94.48 93.48 92.80 92.36 91.49 90.32 89.11 87.90 86.70 85.51 84.33 83.18 82.06 80.97 79.92 78.92 77.97 77.08 76.25 75.49 74.81 74.21 73.69 73.27 72.95 72.74 72.64 72.68 72.93 73.29 73.60 73.76 73.76 73.60 73.30 72.88 72.34 71.70 70.98 70.18 69.33 68.44 67.51 66.57 65.63 64.71 63.81 62.95 62.15 61.41 60.76 60.21 59.77 59.49 59.45 59.78
152.00 147.22 142.61 138.19 133.95 129.90 126.04 122.38 118.90 115.63 112.55 109.68 107.00 104.54 102.28 100.23 98.39 96.77 95.37 94.18 93.24 92.65 92.54 92.68 92.32 91.36 90.13 88.87 87.61 86.36 85.12 83.90 82.71 81.55 80.43 79.35 78.32 77.35 76.43 75.59 74.81 74.12 73.51 72.99 72.56 72.24 72.06 72.12 72.40 72.79 73.15 73.46 73.63 73.64 73.49 73.20 72.79 72.26 71.64 70.93 70.16 69.32 68.45 67.55 66.64 65.73 64.83 63.96 63.14 62.37 61.67 61.06 60.60 60.33 60.27 60.58
150.36 145.36 140.54 135.92 131.52 127.33 123.35 119.60 116.06 112.74 109.65 106.79 104.15 101.75 99.58 97.64 95.94 94.48 93.27 92.31 91.74 91.66 92.10 92.79 92.95 92.43 91.36 90.05 88.71 87.38 86.06 84.76 83.48 82.23 81.01 79.83 78.70 77.63 76.61 75.65 74.76 73.95 73.22 72.58 72.03 71.63 71.48 71.59 71.90 72.29 72.68 73.05 73.36 73.54 73.56 73.43 73.15 72.76 72.25 71.65 70.97 70.22 69.42 68.57 67.70 66.82 65.95 65.09 64.26 63.47 62.75 62.15 61.74 61.50 61.42 61.68
148.59 143.49 138.47 133.64 129.05 124.70 120.59 116.73 113.10 109.73 106.60 103.73 101.11 98.75 96.65 94.80 93.23 91.91 90.88 90.25 90.14 90.56 91.51 92.72 93.36 93.28 92.58 91.39 89.98 88.55 87.12 85.71 84.32 82.96 81.63 80.33 79.08 77.88 76.73 75.64 74.62 73.68 72.81 72.03 71.38 71.01 70.94 71.10 71.42 71.82 72.21 72.59 72.97 73.30 73.50 73.54 73.42 73.17 72.80 72.32 71.75 71.10 70.38 69.61 68.80 67.97 67.13 66.29 65.48 64.69 64.02 63.52 63.18 62.96 62.86 63.08
146.66 141.53 136.41 131.39 126.60 122.07 117.80 113.80 110.08 106.63 103.45 100.55 97.93 95.59 93.53 91.77 90.29 89.11 88.36 88.15 88.49 89.37 90.80 92.49 93.58 93.91 93.58 92.69 91.34 89.81 88.26 86.72 85.20 83.71 82.24 80.80 79.41 78.06 76.77 75.53 74.35 73.25 72.22 71.33 70.74 70.47 70.47 70.67 70.99 71.37 71.76 72.15 72.54 72.93 73.28 73.50 73.57 73.48 73.26 72.92 72.48 71.94 71.32 70.64 69.91 69.15 68.36 67.56 66.78 66.08 65.55 65.18 64.91 64.71 64.58 64.75
144.57 139.42 134.28 129.17 124.19 119.46 115.02 110.88 107.03 103.48 100.23 97.28 94.64 92.31 90.28 88.57 87.18 86.24 85.86 86.05 86.81 88.12 89.99 92.13 93.64 94.34 94.35 93.74 92.63 91.12 89.44 87.75 86.08 84.43 82.81 81.21 79.65 78.14 76.67 75.26 73.92 72.63 71.49 70.66 70.19 70.02 70.07 70.30 70.62 70.97 71.34 71.73 72.12 72.52 72.93 73.31 73.56 73.66 73.61 73.42 73.12 72.72 72.22 71.65 71.01 70.33 69.61 68.88 68.21 67.71 67.35 67.09 66.89 66.71 66.55 66.68
142.34 137.18 132.03 126.91 121.84 116.93 112.30 107.99 104.00 100.33 96.99 93.98 91.30 88.95 86.94 85.27 84.07 83.45 83.43 83.98 85.12 86.83 89.11 91.66 93.55 94.60 94.90 94.56 93.66 92.30 90.60 88.76 86.92 85.09 83.29 81.51 79.77 78.07 76.42 74.81 73.27 71.86 70.78 70.10 69.75 69.66 69.77 70.00 70.30 70.63 70.97 71.34 71.72 72.13 72.55 72.98 73.40 73.69 73.82 73.81 73.67 73.41 73.05 72.60 72.08 71.50 70.87 70.29 69.87 69.58 69.38 69.24 69.11 68.94 68.76 68.84
139.99 134.83 129.67 124.54 119.47 114.49 109.68 105.18 101.03 97.23 93.78 90.69 87.94 85.56 83.55 82.03 81.10 80.79 81.08 81.97 83.46 85.53 88.19 91.12 93.35 94.70 95.27 95.16 94.44 93.23 91.61 89.70 87.67 85.65 83.65 81.67 79.73 77.82 75.95 74.14 72.45 71.12 70.22 69.68 69.43 69.42 69.56 69.80 70.07 70.35 70.66 70.99 71.36 71.75 72.17 72.62 73.09 73.54 73.88 74.06 74.09 74.00 73.79 73.48 73.09 72.63 72.20 71.90 71.74 71.67 71.64 71.61 71.54 71.39 71.17 71.20
137.53 132.38 127.22 122.10 117.03 112.04 107.17 102.51 98.18 94.22 90.64 87.44 84.62 82.20 80.28 78.99 78.32 78.28 78.85 80.04 81.84 84.24 87.24 90.51 93.06 94.69 95.49 95.56 95.00 93.89 92.35 90.45 88.30 86.07 83.85 81.65 79.48 77.34 75.24 73.27 71.69 70.55 69.81 69.40 69.25 69.29 69.47 69.70 69.93 70.15 70.41 70.71 71.04 71.42 71.83 72.27 72.75 73.26 73.76 74.14 74.37 74.46 74.42 74.27 74.03 73.80 73.69 73.71 73.81 73.95 74.08 74.17 74.16 74.02 73.77 73.75
134.98 129.83 124.69 119.58 114.52 109.55 104.69 99.96 95.47 91.34 87.61 84.29 81.38 79.01 77.27 76.18 75.74 75.93 76.76 78.22 80.29 82.99 86.29 89.88 92.70 94.57 95.57 95.80 95.35 94.32 92.81 90.90 88.70 86.30 83.85 81.40 78.98 76.60 74.34 72.48 71.11 70.16 69.57 69.28 69.22 69.31 69.50 69.71 69.89 70.05 70.25 70.49 70.79 71.13 71.51 71.94 72.42 72.93 73.49 74.04 74.48 74.77 74.92 74.95 74.97 75.12 75.37 75.70 76.06 76.41 76.71 76.90 76.96 76.83 76.54 76.47
132.34 127.22 122.10 117.01 111.97 107.02 102.17 97.46 92.92 88.63 84.74 81.29 78.38 76.14 74.56 73.65 73.39 73.79 74.84 76.52 78.84 81.80 85.37 89.24 92.31 94.38 95.54 95.89 95.53 94.54 93.03 91.08 88.80 86.27 83.60 80.90 78.21 75.65 73.51 71.89 70.73 69.96 69.52 69.33 69.34 69.47 69.66 69.85 69.97 70.04 70.17 70.36 70.60 70.90 71.25 71.66 72.12 72.63 73.19 73.79 74.41 74.91 75.27 75.60 76.04 76.59 77.21 77.85 78.47 79.03 79.48 79.78 79.90 79.77 79.45 79.32
129.65 124.56 119.46 114.40 109.39 104.47 99.65 94.96 90.44 86.11 82.08 78.58 75.76 73.63 72.18 71.41 71.31 71.87 73.10 74.98 77.51 80.69 84.51 88.61 91.90 94.14 95.43 95.87 95.56 94.58 93.03 91.01 88.61 85.93 83.05 80.09 77.22 74.80 72.92 71.53 70.57 69.96 69.65 69.56 69.63 69.79 69.98 70.12 70.17 70.16 70.20 70.32 70.50 70.74 71.05 71.42 71.85 72.34 72.90 73.51 74.17 74.86 75.55 76.35 77.25 78.21 79.18 80.13 81.01 81.77 82.38 82.79 82.96 82.85 82.48 82.29
126.90 121.85 116.80 111.77 106.80 101.91 97.12 92.47 87.99 83.70 79.75 76.32 73.56 71.51 70.15 69.49 69.51 70.21 71.58 73.62 76.33 79.70 83.73 88.04 91.50 93.87 95.26 95.76 95.46 94.45 92.84 90.71 88.16 85.29 82.18 79.06 76.34 74.19 72.57 71.40 70.63 70.18 69.99 69.98 70.10 70.28 70.45 70.55 70.51 70.39 70.35 70.38 70.49 70.66 70.92 71.24 71.64 72.10 72.64 73.24 73.91 74.78 75.92 77.23 78.58 79.94 81.27 82.52 83.65 84.62 85.39 85.90 86.13 86.02 85.62 85.37
124.12 119.12 114.11 109.13 104.20 99.35 94.61 90.01 85.58 81.44 77.74 74.50 71.81 69.80 68.50 67.91 68.01 68.81 70.30 72.47 75.33 78.85 83.05 87.53 91.13 93.61 95.06 95.58 95.26 94.19 92.47 90.20 87.47 84.38 81.13 78.18 75.75 73.86 72.48 71.53 70.93 70.62 70.54 70.61 70.77 70.96 71.10 71.13 70.99 70.77 70.62 70.56 70.58 70.68 70.87 71.14 71.49 71.91 72.42 73.01 73.80 74.95 76.45 78.20 80.00 81.77 83.45 85.00 86.39 87.56 88.48 89.10 89.37 89.27 88.82 88.51
121.32 116.37 111.42 106.49 101.62 96.83 92.14 87.60 83.32 79.45 76.01 73.01 70.49 68.53 67.25 66.69 66.85 67.72 69.29 71.56 74.52 78.17 82.50 87.12 90.83 93.38 94.86 95.36 94.98 93.82 91.97 89.52 86.57 83.35 80.31 77.70 75.54 73.86 72.67 71.91 71.48 71.31 71.32 71.46 71.65 71.83 71.93 71.89 71.65 71.30 71.04 70.87 70.79 70.81 70.92 71.12 71.41 71.78 72.26 72.95 74.03 75.49 77.27 79.31 81.50 83.67 85.70 87.56 89.19 90.56 91.63 92.35 92.68 92.57 92.08 91.71
118.52 113.63 108.75 103.88 99.07 94.34 89.72 85.35 81.34 77.73 74.54 71.79 69.49 67.68 66.43 65.88 66.05 66.95 68.57 70.89 73.93 77.67 82.10 86.83 90.62 93.20 94.67 95.13 94.66 93.37 91.35 88.69 85.62 82.64 79.99 77.70 75.79 74.29 73.21 72.58 72.29 72.24 72.34 72.53 72.74 72.91 72.96 72.83 72.47 71.99 71.61 71.32 71.14 71.06 71.08 71.20 71.42 71.74 72.31 73.28 74.67 76.40 78.43 80.68 83.12 85.62 88.00 90.15 92.04 93.61 94.82 95.64 96.02 95.92 95.38 94.94
115.73 110.92 106.10 101.31 96.56 91.91 87.47 83.37 79.63 76.28 73.34 70.82 68.75 67.14 66.02 65.48 65.64 66.53 68.16 70.51 73.59 77.38 81.88 86.69 90.52 93.10 94.53 94.90 94.31 92.86 90.63 87.87 85.09 82.54 80.25 78.26 76.58 75.23 74.24 73.62 73.39 73.44 73.61 73.85 74.06 74.20 74.19 73.97 73.48 72.86 72.34 71.92 71.62 71.43 71.35 71.38 71.53 71.93 72.78 74.06 75.72 77.70 79.94 82.38 84.98 87.66 90.32 92.77 94.90 96.67 98.04 98.95 99.38 99.27 98.68 98.18
112.97 108.23 103.50 98.78 94.13 89.66 85.50 81.67 78.19 75.10 72.40 70.11 68.25 66.85 65.92 65.48 65.63 66.49 68.10 70.44 73.53 77.34 81.87 86.72 90.55 93.10 94.45 94.71 93.96 92.31 90.00 87.55 85.25 83.12 81.18 79.46 77.98 76.76 75.82 75.19 74.89 74.92 75.15 75.41 75.63 75.73 75.65 75.32 74.69 73.91 73.24 72.69 72.26 71.95 71.76 71.70 71.91 72.59 73.74 75.29 77.19 79.39 81.82 84.42 87.14 89.93 92.71 95.39 97.77 99.73 101.24 102.25 102.72 102.61 101.98 101.40
110.25 105.60 100.95 96.34 91.87 87.69 83.80 80.24 77.03 74.18 71.71 69.64 68.00 66.79 66.05 65.78 66.02 66.85 68.40 70.70 73.76 77.56 82.09 86.94 90.75 93.22 94.47 94.58 93.64 91.92 89.95 88.04 86.20 84.46 82.84 81.37 80.07 78.95 78.05 77.38 76.97 76.84 76.98 77.24 77.44 77.50 77.33 76.89 76.11 75.17 74.34 73.64 73.07 72.63 72.33 72.32 72.80 73.78 75.20 76.99 79.11 81.49 84.07 86.81 89.63 92.49 95.32 98.06 100.61 102.77 104.42 105.53 106.04 105.92 105.23 104.58
107.58 103.03 98.49 94.07 89.90 86.00 82.39 79.09 76.13 73.52 71.27 69.42 67.98 66.97 66.40 66.31 66.70 67.60 69.09 71.32 74.32 78.07 82.57 87.39 91.13 93.51 94.61 94.53 93.54 92.20 90.81 89.41 88.01 86.64 85.32 84.07 82.92 81.89 80.99 80.26 79.71 79.37 79.26 79.37 79.53 79.52 79.26 78.69 77.75 76.63 75.63 74.77 74.05 73.48 73.22 73.48 74.26 75.51 77.17 79.17 81.48 84.01 86.72 89.56 92.45 95.35 98.19 100.92 103.48 105.76 107.55 108.75 109.30 109.18 108.43 107.71
104.99 100.56 96.22 92.09 88.21 84.59 81.25 78.21 75.49 73.11 71.09 69.45 68.20 67.37 66.98 67.05 67.59 68.62 70.17 72.33 75.22 78.89 83.33 88.08 91.73 93.97 94.89 94.77 94.20 93.48 92.65 91.74 90.76 89.73 88.69 87.64 86.62 85.64 84.73 83.91 83.20 82.63 82.21 81.97 81.91 81.81 81.45 80.74 79.62 78.32 77.13 76.10 75.23 74.69 74.69 75.25 76.30 77.79 79.66 81.85 84.31 86.97 89.78 92.68 95.61 98.52 101.35 104.04 106.52 108.75 110.61 111.90 112.49 112.35 111.56 110.76
102.49 98.27 94.23 90.40 86.81 83.46 80.38 77.59 75.11 72.96 71.15 69.71 68.65 68.00 67.78 68.00 68.68 69.84 71.51 73.70 76.50 80.06 84.39 89.04 92.56 94.63 95.52 95.86 95.96 95.85 95.56 95.11 94.52 93.82 93.02 92.15 91.23 90.28 89.33 88.40 87.51 86.68 85.93 85.30 84.79 84.40 83.90 83.04 81.74 80.24 78.86 77.66 76.80 76.52 76.82 77.64 78.93 80.63 82.68 85.03 87.61 90.37 93.25 96.19 99.13 102.02 104.80 107.42 109.80 111.90 113.66 114.95 115.58 115.43 114.58 113.70
100.20 96.28 92.54 89.00 85.68 82.60 79.78 77.23 74.98 73.05 71.45 70.20 69.33 68.85 68.79 69.16 69.97 71.26 73.04 75.33 78.15 81.59 85.79 90.31 93.66 95.71 97.10 98.15 98.91 99.38 99.61 99.60 99.38 98.97 98.39 97.67 96.83 95.90 94.88 93.81 92.71 91.60 90.51 89.45 88.44 87.52 86.66 85.61 84.12 82.40 80.84 79.64 79.04 79.05 79.61 80.67 82.17 84.05 86.26 88.73 91.40 94.23 97.14 100.09 103.02 105.86 108.57 111.07 113.33 115.26 116.83 117.97 118.56 118.39 117.48 116.52
98.19 94.58 91.14 87.89 84.84 82.02 79.44 77.13 75.11 73.39 71.99 70.93 70.24 69.92 70.01 70.52 71.47 72.87 74.75 77.14 80.03 83.47 87.54 91.89 95.24 97.82 99.97 101.73 103.12 104.16 104.87 105.27 105.40 105.26 104.88 104.29 103.51 102.56 101.45 100.22 98.89 97.48 96.00 94.49 92.97 91.45 89.97 88.49 86.76 84.84 83.26 82.31 82.01 82.28 83.08 84.35 86.03 88.06 90.39 92.95 95.69 98.55 101.48 104.41 107.29 110.05 112.65 115.02 117.11 118.86 120.21 121.10 121.47 121.21 120.23 119.16
96.49 93.18 90.03 87.05 84.27 81.70 79.37 77.29 75.48 73.97 72.76 71.89 71.36 71.21 71.44 72.08 73.15 74.67 76.65 79.12 82.09 85.58 89.63 94.00 97.92 101.31 104.22 106.66 108.65 110.23 111.40 112.20 112.64 112.75 112.56 112.07 111.32 110.32 109.11 107.70 106.11 104.37 102.49 100.51 98.44 96.31 94.13 91.94 89.74 87.76 86.44 85.78 85.74 86.25 87.25 88.70 90.53 92.68 95.10 97.72 100.50 103.37 106.27 109.15 111.95 114.61 117.07 119.27 121.17 122.69 123.79 124.40 124.47 123.93 122.79 121.44
95.22 92.19 89.31 86.59 84.06 81.72 79.61 77.74 76.13 74.80 73.77 73.06 72.69 72.67 73.03 73.79 74.96 76.57 78.63 81.16 84.19 87.73 91.86 96.58 101.29 105.52 109.18 112.31 114.92 117.03 118.68 119.87 120.64 121.01 120.99 120.61 119.90 118.87 117.55 115.96 114.12 112.05 109.78 107.33 104.73 101.98 99.12 96.20 93.61 91.83 90.77 90.35 90.52 91.21 92.37 93.94 95.87 98.09 100.54 103.18 105.94 108.76 111.59 114.36 117.03 119.53 121.80 123.79 125.44 126.69 127.49 127.76 127.47 126.57 125.15 123.45
94.52 91.74 89.09 86.59 84.27 82.14 80.21 78.52 77.07 75.89 75.00 74.42 74.16 74.24 74.70 75.53 76.77 78.44 80.54 83.11 86.16 89.76 94.12 99.15 104.34 109.34 113.81 117.67 120.93 123.64 125.80 127.44 128.58 129.24 129.45 129.23 128.60 127.58 126.20 124.47 122.43 120.08 117.47 114.60 111.49 108.18 104.71 101.46 99.04 97.51 96.67 96.41 96.70 97.49 98.73 100.34 102.28 104.48 106.90 109.46 112.12 114.81 117.48 120.07 122.52 124.77 126.78 128.47 129.79 130.68 131.09 130.95 130.23 129.01 127.39 125.48
94.33 91.77 89.32 87.01 84.86 82.88 81.11 79.55 78.23 77.17 76.38 75.88 75.70 75.85 76.36 77.24 78.51 80.19 82.30 84.86 87.96 91.78 96.43 101.73 107.20 112.66 117.88 122.52 126.50 129.84 132.56 134.69 136.25 137.27 137.75 137.74 137.24 136.28 134.89 133.08 130.88 128.31 125.39 122.15 118.60 114.80 111.10 108.08 105.94 104.65 104.02 103.90 104.24 105.05 106.26 107.83 109.69 111.80 114.08 116.49 118.95 121.43 123.86 126.17 128.32 130.25 131.89 133.19 134.09 134.54 134.48 133.86 132.75 131.26 129.47 127.41
94.47 92.21 89.93 87.77 85.75 83.90 82.24 80.78 79.55 78.56 77.83 77.39 77.25 77.43 77.95 78.84 80.10 81.76 83.84 86.43 89.73 93.85 98.75 104.30 110.01 115.72 121.37 126.74 131.48 135.50 138.84 141.52 143.55 144.96 145.78 146.01 145.70 144.85 143.50 141.65 139.35 136.60 133.43 129.87 125.95 122.01 118.61 115.93 114.07 113.00 112.57 112.62 113.02 113.77 114.88 116.31 118.02 119.93 122.00 124.16 126.35 128.53 130.62 132.58 134.34 135.84 137.04 137.87 138.27 138.19 137.58 136.50 135.06 133.34 131.38 129.19
94.67 92.89 90.85 88.80 86.88 85.12 83.53 82.13 80.95 80.00 79.30 78.87 78.74 78.91 79.41 80.26 81.48 83.08 85.17 87.95 91.54 95.92 101.06 106.82 112.74 118.67 124.54 130.31 135.76 140.52 144.53 147.79 150.35 152.21 153.40 153.94 153.86 153.17 151.90 150.07 147.71 144.84 141.47 137.65 133.70 130.13 127.12 124.77 123.16 122.30 122.06 122.28 122.81 123.54 124.47 125.69 127.15 128.79 130.55 132.38 134.21 135.99 137.67 139.18 140.46 141.47 142.13 142.40 142.21 141.53 140.40 138.92 137.17 135.22 133.12 130.82
94.87 93.55 91.90 90.03 88.18 86.47 84.91 83.54 82.37 81.42 80.71 80.26 80.09 80.22 80.66 81.44 82.58 84.16 86.44 89.51 93.36 97.97 103.32 109.26 115.36 121.47 127.53 133.50 139.32 144.77 149.49 153.40 156.52 158.88 160.49 161.39 161.59 161.11 159.98 158.22 155.85 152.90 149.40 145.65 142.12 139.01 136.39 134.35 132.98 132.31 132.23 132.61 133.27 134.09 134.93 135.86 136.99 138.26 139.63 141.04 142.43 143.74 144.91 145.88 146.61 147.02 147.07 146.69 145.84 144.56 142.96 141.10 139.06 136.91 134.68 132.28
