data_processed/recharge/precip/Precip_1986_11.asc
ncols        168
nrows        136
xllcorner    455000
yllcorner    2107000
cellsize     500
NODATA_value     -99999
[rows 70 to 104 of 136, columns 79 to 157 of 168]
5.61 5.66 5.72 5.81 5.91 6.03 6.16 6.30 6.45 6.60 6.74 6.89 7.05 7.20 7.36 7.57 7.84 8.18 8.58 9.03 9.53 10.06 10.63 11.21 11.81 12.41 13.01 13.59 14.15 14.66 15.12 15.50 15.82 16.05 16.21 16.30 16.35 16.35 16.32 16.28 16.25 16.23 16.22 16.22 16.24 16.27 16.33 16.42 16.53 16.67 16.85 17.09 17.42 17.85 18.40 19.05 19.79 20.55 21.31 22.05 22.78 23.44 23.96 24.28 24.41 24.37 24.17 23.82 23.34 22.75 22.05 21.27 20.41 19.49 18.52 17.49 16.42 15.32 14.21
5.66 5.69 5.74 5.81 5.90 6.01 6.13 6.26 6.40 6.54 6.69 6.84 6.99 7.14 7.30 7.46 7.67 7.95 8.29 8.70 9.16 9.67 10.21 10.78 11.37 11.98 12.59 13.19 13.76 14.29 14.77 15.19 15.54 15.82 16.02 16.15 16.23 16.26 16.24 16.20 16.15 16.11 16.07 16.05 16.04 16.04 16.06 16.11 16.17 16.27 16.42 16.66 17.00 17.45 18.00 18.65 19.40 20.16 20.92 21.67 22.40 23.10 23.74 24.22 24.50 24.58 24.49 24.23 23.83 23.28 22.62 21.85 20.98 20.03 18.99 17.86 16.68 15.46 14.22
5.75 5.76 5.79 5.84 5.92 6.01 6.12 6.24 6.37 6.51 6.66 6.80 6.95 7.10 7.25 7.41 7.58 7.79 8.08 8.43 8.84 9.31 9.82 10.37 10.95 11.55 12.16 12.76 13.33 13.87 14.37 14.81 15.20 15.51 15.75 15.91 16.01 16.06 16.06 16.02 15.95 15.89 15.82 15.77 15.72 15.68 15.66 15.66 15.68 15.74 15.90 16.15 16.51 16.96 17.52 18.18 18.92 19.69 20.45 21.20 21.93 22.64 23.31 23.91 24.35 24.58 24.61 24.46 24.14 23.67 23.05 22.31 21.45 20.47 19.36 18.16 16.89 15.57 14.22
5.88 5.86 5.86 5.90 5.95 6.03 6.13 6.24 6.37 6.50 6.64 6.78 6.93 7.07 7.22 7.38 7.54 7.72 7.93 8.22 8.58 9.00 9.48 10.00 10.56 11.14 11.72 12.31 12.87 13.41 13.92 14.39 14.80 15.14 15.40 15.59 15.70 15.76 15.77 15.73 15.65 15.56 15.46 15.37 15.28 15.20 15.13 15.08 15.06 15.13 15.30 15.57 15.94 16.40 16.97 17.63 18.37 19.14 19.90 20.65 21.39 22.10 22.77 23.40 23.96 24.35 24.53 24.50 24.29 23.90 23.35 22.65 21.79 20.78 19.63 18.38 17.04 15.64 14.21
6.03 5.98 5.96 5.98 6.02 6.08 6.16 6.26 6.38 6.51 6.65 6.78 6.92 7.06 7.21 7.36 7.52 7.69 7.87 8.09 8.38 8.75 9.18 9.66 10.18 10.73 11.28 11.84 12.39 12.93 13.44 13.91 14.34 14.71 14.99 15.18 15.31 15.37 15.37 15.33 15.24 15.13 14.99 14.86 14.72 14.59 14.47 14.38 14.38 14.47 14.65 14.93 15.31 15.78 16.35 17.01 17.75 18.52 19.28 20.03 20.77 21.48 22.16 22.79 23.38 23.89 24.22 24.34 24.25 23.96 23.49 22.83 21.98 20.96 19.79 18.51 17.14 15.69 14.19
6.20 6.13 6.09 6.08 6.10 6.14 6.21 6.30 6.41 6.54 6.67 6.80 6.93 7.07 7.21 7.36 7.51 7.67 7.84 8.03 8.26 8.56 8.93 9.36 9.83 10.33 10.85 11.38 11.90 12.43 12.93 13.41 13.84 14.22 14.51 14.71 14.84 14.89 14.88 14.83 14.72 14.58 14.42 14.23 14.04 13.86 13.70 13.63 13.64 13.75 13.95 14.24 14.63 15.11 15.68 16.34 17.07 17.83 18.60 19.35 20.09 20.80 21.48 22.12 22.71 23.25 23.70 23.97 24.02 23.85 23.45 22.83 22.00 21.00 19.85 18.56 17.17 15.69 14.16
6.40 6.29 6.23 6.20 6.20 6.22 6.28 6.36 6.46 6.58 6.70 6.83 6.96 7.09 7.22 7.36 7.51 7.66 7.83 8.00 8.20 8.43 8.73 9.09 9.50 9.95 10.42 10.91 11.41 11.91 12.40 12.87 13.31 13.69 13.98 14.17 14.29 14.33 14.31 14.23 14.10 13.93 13.72 13.49 13.25 13.03 12.88 12.83 12.86 12.99 13.20 13.51 13.90 14.38 14.95 15.61 16.34 17.10 17.86 18.61 19.35 20.06 20.74 21.39 21.98 22.52 23.00 23.39 23.58 23.52 23.20 22.64 21.87 20.91 19.79 18.52 17.14 15.66 14.11
6.61 6.48 6.39 6.33 6.31 6.32 6.36 6.43 6.52 6.63 6.75 6.87 6.99 7.12 7.25 7.38 7.52 7.67 7.83 7.99 8.17 8.36 8.59 8.87 9.21 9.59 10.01 10.45 10.91 11.38 11.85 12.30 12.74 13.11 13.40 13.58 13.68 13.70 13.65 13.54 13.38 13.16 12.91 12.64 12.36 12.15 12.03 12.00 12.05 12.19 12.42 12.74 13.14 13.62 14.19 14.85 15.57 16.33 17.08 17.83 18.56 19.27 19.96 20.60 21.20 21.74 22.23 22.64 22.91 22.96 22.74 22.27 21.58 20.68 19.61 18.39 17.04 15.58 14.03
6.85 6.69 6.57 6.49 6.44 6.44 6.46 6.51 6.59 6.70 6.81 6.92 7.04 7.16 7.28 7.40 7.54 7.68 7.83 7.99 8.16 8.32 8.49 8.70 8.95 9.27 9.62 10.01 10.43 10.86 11.29 11.72 12.14 12.51 12.77 12.94 13.02 13.01 12.92 12.77 12.56 12.30 12.00 11.69 11.44 11.26 11.16 11.15 11.22 11.38 11.62 11.94 12.34 12.83 13.40 14.05 14.77 15.51 16.26 17.01 17.74 18.45 19.13 19.77 20.37 20.92 21.40 21.78 22.04 22.16 22.06 21.70 21.11 20.31 19.32 18.16 16.86 15.44 13.93
7.10 6.91 6.76 6.66 6.59 6.56 6.57 6.61 6.68 6.77 6.88 6.99 7.09 7.20 7.32 7.44 7.56 7.69 7.83 7.98 8.13 8.28 8.42 8.57 8.75 8.98 9.27 9.59 9.95 10.34 10.73 11.13 11.53 11.88 12.12 12.26 12.30 12.25 12.13 11.93 11.67 11.35 11.02 10.73 10.50 10.35 10.28 10.28 10.37 10.54 10.79 11.12 11.53 12.02 12.58 13.23 13.94 14.68 15.42 16.16 16.88 17.59 18.27 18.91 19.51 20.05 20.50 20.84 21.07 21.18 21.17 20.95 20.48 19.79 18.90 17.83 16.61 15.26 13.80
7.33 7.14 6.97 6.84 6.75 6.70 6.69 6.72 6.78 6.86 6.96 7.06 7.16 7.26 7.36 7.47 7.59 7.71 7.84 7.97 8.10 8.22 8.35 8.47 8.59 8.74 8.95 9.21 9.50 9.83 10.18 10.54 10.91 11.23 11.44 11.54 11.54 11.45 11.27 11.02 10.70 10.35 10.03 9.77 9.57 9.44 9.39 9.41 9.51 9.70 9.95 10.29 10.70 11.19 11.75 12.39 13.09 13.82 14.55 15.28 16.00 16.70 17.38 18.02 18.61 19.12 19.52 19.82 20.02 20.12 20.11 19.99 19.67 19.12 18.35 17.40 16.28 15.02 13.64
7.51 7.36 7.19 7.03 6.92 6.86 6.83 6.84 6.88 6.96 7.05 7.14 7.23 7.32 7.41 7.51 7.62 7.73 7.84 7.95 8.05 8.16 8.26 8.36 8.46 8.56 8.68 8.86 9.08 9.35 9.64 9.96 10.28 10.56 10.74 10.79 10.75 10.60 10.37 10.05 9.69 9.36 9.07 8.84 8.67 8.56 8.52 8.55 8.66 8.85 9.12 9.46 9.87 10.35 10.91 11.54 12.23 12.95 13.67 14.40 15.11 15.81 16.48 17.11 17.66 18.12 18.48 18.75 18.92 19.00 18.99 18.89 18.68 18.29 17.67 16.86 15.86 14.72 13.45
7.63 7.53 7.39 7.24 7.11 7.02 6.97 6.96 6.99 7.06 7.14 7.22 7.30 7.38 7.47 7.56 7.65 7.74 7.83 7.92 8.00 8.09 8.17 8.24 8.32 8.39 8.46 8.55 8.70 8.89 9.12 9.38 9.66 9.90 10.02 10.03 9.92 9.72 9.42 9.06 8.72 8.41 8.16 7.95 7.80 7.70 7.67 7.71 7.82 8.02 8.29 8.63 9.04 9.52 10.07 10.69 11.37 12.08 12.79 13.51 14.21 14.90 15.56 16.15 16.65 17.06 17.38 17.62 17.78 17.85 17.84 17.75 17.58 17.30 16.86 16.20 15.36 14.36 13.21
7.70 7.63 7.54 7.43 7.29 7.18 7.12 7.10 7.11 7.17 7.24 7.31 7.37 7.45 7.52 7.60 7.67 7.75 7.82 7.88 7.95 8.01 8.06 8.12 8.17 8.21 8.25 8.29 8.36 8.47 8.63 8.83 9.05 9.23 9.30 9.25 9.08 8.80 8.46 8.12 7.81 7.53 7.30 7.11 6.98 6.89 6.87 6.91 7.02 7.21 7.47 7.81 8.23 8.70 9.25 9.86 10.52 11.22 11.92 12.62 13.31 13.99 14.60 15.13 15.58 15.96 16.25 16.47 16.61 16.67 16.67 16.59 16.44 16.22 15.91 15.44 14.77 13.92 12.93
7.72 7.68 7.63 7.56 7.47 7.36 7.27 7.23 7.24 7.28 7.34 7.39 7.45 7.51 7.57 7.63 7.69 7.74 7.79 7.84 7.88 7.92 7.95 7.98 8.01 8.03 8.04 8.05 8.06 8.09 8.17 8.30 8.45 8.58 8.59 8.46 8.22 7.90 7.57 7.26 6.98 6.73 6.52 6.35 6.22 6.15 6.13 6.17 6.27 6.45 6.70 7.03 7.43 7.90 8.44 9.04 9.69 10.37 11.05 11.74 12.42 13.05 13.60 14.08 14.48 14.82 15.09 15.29 15.42 15.49 15.49 15.43 15.30 15.12 14.88 14.56 14.08 13.42 12.60
7.70 7.69 7.67 7.63 7.58 7.51 7.43 7.37 7.36 7.39 7.44 7.48 7.53 7.58 7.62 7.66 7.70 7.73 7.76 7.78 7.80 7.82 7.83 7.84 7.84 7.83 7.82 7.81 7.78 7.76 7.76 7.80 7.88 7.94 7.88 7.68 7.39 7.08 6.79 6.51 6.25 6.03 5.83 5.67 5.55 5.48 5.46 5.50 5.59 5.75 5.98 6.29 6.67 7.13 7.66 8.24 8.88 9.54 10.21 10.88 11.51 12.07 12.56 12.99 13.36 13.67 13.91 14.10 14.23 14.30 14.32 14.28 14.19 14.05 13.85 13.61 13.30 12.85 12.22
7.64 7.65 7.66 7.66 7.64 7.61 7.57 7.52 7.49 7.51 7.54 7.57 7.61 7.64 7.66 7.68 7.70 7.71 7.72 7.72 7.72 7.71 7.70 7.68 7.66 7.63 7.59 7.55 7.50 7.44 7.38 7.34 7.35 7.33 7.19 6.94 6.66 6.39 6.12 5.87 5.64 5.43 5.25 5.09 4.98 4.91 4.88 4.91 4.99 5.13 5.34 5.61 5.97 6.40 6.91 7.48 8.10 8.74 9.39 10.01 10.57 11.07 11.51 11.90 12.23 12.51 12.74 12.92 13.05 13.13 13.17 13.16 13.10 13.01 12.87 12.69 12.47 12.20 11.79
7.55 7.58 7.61 7.63 7.65 7.66 7.65 7.64 7.62 7.62 7.64 7.66 7.68 7.69 7.69 7.70 7.69 7.69 7.67 7.65 7.63 7.60 7.56 7.52 7.47 7.42 7.35 7.28 7.21 7.12 7.03 6.93 6.85 6.75 6.55 6.32 6.08 5.83 5.60 5.37 5.15 4.95 4.78 4.63 4.52 4.44 4.41 4.42 4.48 4.60 4.78 5.03 5.34 5.74 6.21 6.76 7.36 7.98 8.57 9.11 9.61 10.05 10.45 10.80 11.10 11.36 11.58 11.76 11.89 11.99 12.05 12.07 12.06 12.02 11.94 11.83 11.69 11.52 11.30
7.45 7.49 7.53 7.57 7.61 7.65 7.68 7.70 7.72 7.73 7.74 7.74 7.74 7.73 7.72 7.70 7.68 7.65 7.62 7.58 7.53 7.48 7.42 7.35 7.28 7.19 7.10 7.01 6.90 6.79 6.66 6.53 6.40 6.24 6.06 5.86 5.65 5.43 5.22 5.01 4.81 4.62 4.45 4.30 4.18 4.10 4.05 4.04 4.08 4.18 4.33 4.54 4.82 5.16 5.59 6.09 6.66 7.22 7.74 8.21 8.64 9.04 9.39 9.71 9.99 10.24 10.45 10.63 10.78 10.89 10.98 11.05 11.08 11.09 11.08 11.04 10.99 10.91 10.81
7.33 7.38 7.43 7.49 7.55 7.61 7.68 7.74 7.80 7.87 7.91 7.89 7.87 7.84 7.81 7.77 7.72 7.67 7.61 7.54 7.47 7.39 7.30 7.20 7.10 6.99 6.87 6.74 6.60 6.46 6.30 6.14 5.97 5.83 5.68 5.52 5.34 5.15 4.96 4.77 4.58 4.40 4.23 4.09 3.96 3.87 3.81 3.79 3.81 3.87 3.99 4.17 4.41 4.71 5.09 5.53 6.01 6.48 6.93 7.34 7.71 8.06 8.38 8.67 8.93 9.16 9.37 9.56 9.72 9.86 9.99 10.09 10.18 10.25 10.30 10.35 10.38 10.39 10.40
7.23 7.28 7.34 7.41 7.49 7.58 7.67 7.77 7.90 8.09 8.22 8.22 8.17 8.11 8.04 7.97 7.89 7.81 7.71 7.61 7.50 7.38 7.26 7.13 6.98 6.83 6.67 6.50 6.32 6.14 5.94 5.75 5.59 5.45 5.33 5.21 5.07 4.91 4.75 4.58 4.41 4.25 4.09 3.95 3.83 3.73 3.67 3.63 3.63 3.68 3.78 3.92 4.13 4.39 4.72 5.08 5.45 5.82 6.18 6.53 6.85 7.16 7.44 7.70 7.94 8.17 8.38 8.57 8.75 8.92 9.08 9.23 9.37 9.50 9.63 9.75 9.87 9.98 10.05
7.14 7.19 7.26 7.35 7.45 7.56 7.68 7.85 8.08 8.37 8.60 8.68 8.63 8.53 8.43 8.31 8.19 8.06 7.92 7.77 7.62 7.46 7.28 7.10 6.91 6.71 6.50 6.29 6.06 5.82 5.58 5.39 5.24 5.12 5.01 4.91 4.81 4.70 4.57 4.43 4.29 4.15 4.01 3.88 3.77 3.68 3.61 3.57 3.56 3.60 3.67 3.80 3.97 4.20 4.45 4.71 4.98 5.24 5.51 5.79 6.06 6.32 6.57 6.81 7.04 7.26 7.47 7.67 7.87 8.07 8.27 8.46 8.66 8.86 9.06 9.26 9.47 9.64 9.72
7.07 7.12 7.20 7.30 7.42 7.55 7.73 7.99 8.32 8.71 9.02 9.18 9.20 9.09 8.93 8.77 8.59 8.41 8.22 8.02 7.81 7.59 7.36 7.12 6.87 6.62 6.35 6.07 5.78 5.50 5.26 5.07 4.93 4.82 4.72 4.64 4.57 4.50 4.41 4.31 4.20 4.09 3.97 3.86 3.77 3.69 3.62 3.59 3.58 3.60 3.67 3.78 3.93 4.09 4.26 4.43 4.60 4.77 4.94 5.13 5.34 5.56 5.78 5.99 6.21 6.42 6.64 6.86 7.08 7.31 7.55 7.79 8.04 8.31 8.58 8.87 9.13 9.31 9.41
7.02 7.07 7.16 7.27 7.41 7.59 7.86 8.21 8.63 9.09 9.48 9.71 9.79 9.73 9.55 9.32 9.09 8.84 8.59 8.32 8.05 7.76 7.47 7.16 6.85 6.52 6.19 5.84 5.50 5.21 4.97 4.79 4.65 4.55 4.47 4.40 4.35 4.31 4.26 4.21 4.14 4.06 3.97 3.89 3.82 3.75 3.70 3.67 3.67 3.70 3.76 3.85 3.95 4.04 4.12 4.22 4.31 4.40 4.47 4.57 4.70 4.87 5.06 5.25 5.45 5.66 5.89 6.12 6.37 6.63 6.91 7.20 7.51 7.85 8.20 8.53 8.80 9.00 9.11
7.00 7.05 7.14 7.27 7.45 7.72 8.07 8.50 8.99 9.52 9.97 10.26 10.39 10.37 10.22 9.96 9.66 9.34 9.01 8.67 8.32 7.96 7.59 7.21 6.82 6.42 6.00 5.60 5.24 4.95 4.72 4.54 4.41 4.32 4.25 4.19 4.15 4.13 4.12 4.11 4.09 4.05 4.00 3.96 3.91 3.87 3.84 3.82 3.83 3.86 3.92 3.97 4.00 4.03 4.05 4.07 4.10 4.11 4.11 4.12 4.16 4.26 4.40 4.58 4.77 4.98 5.21 5.46 5.74 6.03 6.35 6.70 7.07 7.47 7.87 8.21 8.50 8.70 8.82
7.01 7.06 7.16 7.32 7.58 7.92 8.34 8.83 9.39 9.98 10.48 10.82 10.99 11.01 10.88 10.63 10.28 9.88 9.47 9.05 8.62 8.17 7.72 7.25 6.77 6.28 5.80 5.38 5.02 4.73 4.51 4.33 4.21 4.12 4.06 4.01 3.99 3.98 3.99 4.02 4.04 4.05 4.05 4.04 4.03 4.02 4.02 4.02 4.05 4.08 4.11 4.11 4.10 4.07 4.03 4.00 3.96 3.91 3.84 3.77 3.74 3.75 3.83 3.97 4.16 4.37 4.61 4.88 5.18 5.51 5.88 6.28 6.72 7.16 7.56 7.91 8.20 8.41 8.54
7.05 7.11 7.24 7.47 7.79 8.19 8.67 9.22 9.82 10.46 11.01 11.38 11.58 11.62 11.51 11.27 10.91 10.46 9.95 9.44 8.91 8.37 7.82 7.26 6.68 6.12 5.62 5.19 4.84 4.55 4.32 4.15 4.03 3.96 3.90 3.87 3.85 3.86 3.89 3.93 3.99 4.06 4.11 4.14 4.17 4.20 4.23 4.26 4.30 4.33 4.31 4.27 4.21 4.14 4.06 3.98 3.90 3.79 3.66 3.53 3.42 3.36 3.36 3.44 3.61 3.82 4.08 4.37 4.70 5.07 5.48 5.94 6.41 6.86 7.27 7.62 7.92 8.14 8.27
7.14 7.22 7.41 7.70 8.07 8.53 9.06 9.65 10.29 10.96 11.54 11.93 12.15 12.20 12.10 11.86 11.49 11.01 10.44 9.82 9.19 8.55 7.89 7.22 6.57 5.98 5.48 5.05 4.69 4.40 4.17 4.01 3.89 3.82 3.77 3.75 3.74 3.77 3.81 3.87 3.95 4.05 4.16 4.25 4.32 4.40 4.46 4.53 4.56 4.56 4.52 4.45 4.36 4.25 4.13 4.01 3.89 3.74 3.56 3.38 3.21 3.09 3.02 3.03 3.14 3.34 3.61 3.92 4.29 4.70 5.16 5.65 6.13 6.57 6.99 7.35 7.65 7.87 8.02
7.30 7.43 7.67 8.00 8.42 8.92 9.49 10.11 10.77 11.47 12.06 12.47 12.69 12.74 12.64 12.38 12.00 11.49 10.88 10.18 9.44 8.68 7.91 7.16 6.47 5.88 5.36 4.93 4.57 4.28 4.05 3.89 3.78 3.71 3.67 3.65 3.66 3.69 3.75 3.83 3.93 4.06 4.20 4.35 4.48 4.60 4.71 4.78 4.80 4.78 4.72 4.63 4.51 4.38 4.24 4.10 3.94 3.76 3.54 3.32 3.10 2.92 2.80 2.74 2.79 2.94 3.21 3.55 3.95 4.40 4.89 5.38 5.86 6.31 6.72 7.09 7.39 7.63 7.78
7.55 7.73 8.01 8.38 8.84 9.36 9.95 10.59 11.27 11.98 12.58 12.98 13.20 13.24 13.11 12.84 12.43 11.89 11.23 10.47 9.63 8.75 7.89 7.10 6.41 5.81 5.29 4.85 4.48 4.19 3.96 3.80 3.69 3.62 3.59 3.58 3.60 3.65 3.72 3.81 3.93 4.08 4.24 4.43 4.62 4.79 4.92 4.99 5.00 4.97 4.91 4.81 4.68 4.54 4.38 4.22 4.05 3.84 3.60 3.34 3.09 2.87 2.69 2.58 2.57 2.66 2.89 3.24 3.67 4.14 4.63 5.12 5.60 6.05 6.47 6.84 7.15 7.39 7.55
7.91 8.12 8.43 8.83 9.30 9.84 10.44 11.09 11.77 12.48 13.07 13.46 13.66 13.68 13.53 13.22 12.76 12.18 11.47 10.65 9.74 8.78 7.88 7.08 6.38 5.77 5.24 4.79 4.42 4.13 3.90 3.73 3.63 3.56 3.53 3.53 3.56 3.62 3.70 3.81 3.95 4.11 4.30 4.51 4.74 4.94 5.08 5.15 5.17 5.15 5.08 4.98 4.85 4.71 4.55 4.38 4.20 3.98 3.72 3.44 3.16 2.91 2.69 2.54 2.48 2.52 2.69 3.00 3.43 3.91 4.40 4.88 5.36 5.81 6.23 6.60 6.92 7.16 7.33
8.35 8.59 8.91 9.32 9.80 10.35 10.95 11.59 12.27 12.96 13.54 13.91 14.08 14.06 13.87 13.51 13.00 12.36 11.58 10.70 9.74 8.80 7.91 7.09 6.38 5.76 5.22 4.77 4.39 4.09 3.86 3.70 3.59 3.53 3.50 3.51 3.55 3.61 3.71 3.83 3.99 4.17 4.38 4.60 4.82 5.02 5.17 5.26 5.30 5.29 5.23 5.14 5.03 4.89 4.73 4.57 4.40 4.17 3.91 3.61 3.32 3.04 2.80 2.62 2.52 2.52 2.63 2.88 3.24 3.69 4.17 4.66 5.13 5.59 6.01 6.38 6.70 6.95 7.12
8.88 9.12 9.46 9.87 10.34 10.88 11.47 12.10 12.76 13.43 13.97 14.31 14.44 14.37 14.13 13.71 13.14 12.42 11.58 10.64 9.71 8.81 7.94 7.14 6.41 5.77 5.23 4.77 4.39 4.08 3.85 3.68 3.57 3.51 3.49 3.50 3.55 3.62 3.73 3.87 4.04 4.24 4.46 4.67 4.87 5.05 5.20 5.32 5.38 5.39 5.36 5.29 5.19 5.07 4.94 4.79 4.63 4.41 4.15 3.85 3.55 3.26 3.00 2.80 2.67 2.64 2.70 2.87 3.13 3.51 3.97 4.45 4.92 5.38 5.80 6.18 6.50 6.75 6.93
9.48 9.72 10.05 10.45 10.91 11.43 12.00 12.60 13.23 13.86 14.37 14.65 14.73 14.61 14.30 13.81 13.16 12.37 11.47 10.56 9.66 8.80 7.97 7.19 6.46 5.82 5.26 4.80 4.41 4.10 3.86 3.69 3.58 3.52 3.50 3.52 3.57 3.65 3.77 3.92 4.10 4.31 4.52 4.71 4.88 5.04 5.18 5.31 5.41 5.45 5.45 5.42 5.35 5.26 5.15 5.02 4.89 4.69 4.44 4.15 3.86 3.56 3.30 3.09 2.94 2.87 2.88 2.96 3.14 3.42 3.80 4.26 4.73 5.18 5.60 5.98 6.31 6.57 6.75
10.11 10.37 10.68 11.06 11.50 11.99 12.52 13.08 13.67 14.25 14.71 14.94 14.95 14.76 14.37 13.80 13.07 12.22 11.34 10.47 9.62 8.79 7.99 7.24 6.54 5.89 5.32 4.85 4.45 4.13 3.89 3.71 3.60 3.54 3.53 3.55 3.60 3.69 3.82 3.98 4.18 4.37 4.55 4.71 4.86 5.01 5.14 5.26 5.38 5.47 5.51 5.52 5.49 5.44 5.36 5.28 5.17 5.01 4.78 4.51 4.23 3.95 3.69 3.47 3.30 3.20 3.15 3.17 3.27 3.45 3.72 4.10 4.55 5.00 5.42 5.80 6.13 6.39 6.58
