data_processed/recharge/precip/Precip_1996_11.asc
ncols        168
nrows        136
xllcorner    455000
yllcorner    2107000
cellsize     500
NODATA_value     -99999
[rows 0 to 37 of 136, columns 0 to 83 of 168]
0.00 0.00 0.00 0.00 0.00 0.00 0.00 0.14 0.38 0.62 0.86 1.09 1.31 1.52 1.70 1.86 1.99 2.09 2.16 2.18 2.17 2.17 2.19 2.24 2.29 2.34 2.37 2.41 2.44 2.46 2.49 2.51 2.53 2.54 2.55 2.56 2.56 2.56 2.55 2.54 2.52 2.50 2.47 2.43 2.38 2.33 2.28 2.25 2.23 2.22 2.20 2.16 2.10 2.01 1.93 1.84 1.76 1.67 1.58 1.49 1.40 1.31 1.22 1.13 1.04 0.94 0.84 0.75 0.65 0.54 0.44 0.33 0.24 0.15 0.09 0.05 0.01 0.00 0.00 0.00 0.00 0.00 0.00 0.00
0.00 0.00 0.00 0.00 0.00 0.00 0.00 0.03 0.25 0.48 0.71 0.95 1.17 1.39 1.60 1.79 1.95 2.10 2.21 2.28 2.32 2.34 2.37 2.42 2.48 2.53 2.58 2.62 2.66 2.69 2.72 2.75 2.78 2.80 2.81 2.82 2.82 2.82 2.81 2.80 2.78 2.75 2.71 2.67 2.61 2.55 2.48 2.42 2.36 2.32 2.27 2.19 2.10 2.01 1.92 1.83 1.74 1.65 1.57 1.48 1.39 1.31 1.22 1.14 1.05 0.96 0.88 0.79 0.70 0.62 0.53 0.44 0.35 0.27 0.21 0.16 0.12 0.07 0.02 0.00 0.00 0.00 0.00 0.00
0.00 0.00 0.00 0.00 0.00 0.00 0.00 0.00 0.08 0.29 0.52 0.75 0.98 1.21 1.44 1.65 1.85 2.03 2.19 2.32 2.42 2.49 2.53 2.59 2.66 2.72 2.77 2.82 2.87 2.91 2.95 2.99 3.02 3.04 3.06 3.07 3.07 3.07 3.06 3.04 3.01 2.98 2.94 2.89 2.83 2.76 2.68 2.59 2.50 2.42 2.33 2.23 2.12 2.02 1.93 1.83 1.74 1.65 1.56 1.47 1.39 1.31 1.22 1.14 1.06 0.99 0.91 0.83 0.76 0.68 0.61 0.54 0.46 0.39 0.33 0.28 0.24 0.19 0.15 0.11 0.07 0.03 0.00 0.00
0.00 0.00 0.00 0.00 0.00 0.00 0.00 0.00 0.00 0.05 0.26 0.49 0.73 0.97 1.21 1.45 1.68 1.90 2.10 2.29 2.44 2.57 2.67 2.75 2.82 2.89 2.96 3.02 3.07 3.12 3.17 3.21 3.24 3.26 3.28 3.29 3.30 3.29 3.28 3.26 3.23 3.19 3.14 3.08 3.01 2.93 2.84 2.74 2.63 2.52 2.40 2.28 2.17 2.06 1.95 1.85 1.75 1.66 1.56 1.48 1.39 1.31 1.23 1.15 1.08 1.00 0.94 0.87 0.80 0.74 0.68 0.62 0.56 0.50 0.45 0.40 0.36 0.32 0.28 0.24 0.20 0.17 0.14 0.11
0.00 0.00 0.00 0.00 0.00 0.00 0.00 0.00 0.00 0.00 0.00 0.19 0.43 0.67 0.93 1.19 1.45 1.70 1.95 2.18 2.39 2.59 2.75 2.89 2.98 3.06 3.14 3.21 3.27 3.32 3.37 3.42 3.45 3.48 3.50 3.51 3.51 3.50 3.49 3.46 3.43 3.38 3.32 3.26 3.18 3.09 2.99 2.87 2.75 2.61 2.48 2.34 2.22 2.10 1.98 1.87 1.77 1.67 1.57 1.48 1.39 1.31 1.23 1.15 1.08 1.01 0.95 0.89 0.83 0.78 0.73 0.68 0.64 0.60 0.56 0.52 0.48 0.44 0.41 0.37 0.33 0.30 0.27 0.24
0.00 0.00 0.00 0.00 0.00 0.00 0.00 0.00 0.00 0.00 0.00 0.00 0.14 0.39 0.65 0.93 1.21 1.49 1.77 2.05 2.31 2.56 2.79 3.00 3.16 3.26 3.34 3.41 3.48 3.54 3.59 3.63 3.67 3.70 3.71 3.72 3.72 3.71 3.69 3.66 3.61 3.56 3.49 3.41 3.32 3.22 3.10 2.98 2.84 2.70 2.56 2.41 2.27 2.14 2.01 1.89 1.78 1.67 1.56 1.47 1.38 1.29 1.21 1.14 1.07 1.00 0.94 0.89 0.84 0.80 0.75 0.72 0.69 0.66 0.65 0.64 0.61 0.58 0.54 0.50 0.47 0.44 0.40 0.37
0.16 0.00 0.00 0.00 0.00 0.00 0.00 0.00 0.00 0.00 0.00 0.00 0.00 0.12 0.39 0.67 0.97 1.28 1.59 1.90 2.21 2.51 2.80 3.08 3.31 3.46 3.56 3.64 3.70 3.77 3.82 3.86 3.90 3.92 3.93 3.94 3.93 3.91 3.88 3.84 3.79 3.72 3.64 3.55 3.45 3.33 3.20 3.06 2.92 2.78 2.63 2.47 2.32 2.17 2.03 1.90 1.78 1.66 1.55 1.45 1.35 1.26 1.18 1.11 1.04 0.98 0.92 0.87 0.83 0.79 0.76 0.73 0.71 0.70 0.72 0.74 0.74 0.72 0.68 0.64 0.61 0.57 0.54 0.50
0.57 0.16 0.00 0.00 0.00 0.00 0.00 0.00 0.00 0.00 0.00 0.00 0.00 0.00 0.14 0.43 0.74 1.06 1.40 1.74 2.09 2.44 2.79 3.13 3.42 3.64 3.78 3.87 3.94 4.00 4.05 4.09 4.12 4.14 4.15 4.15 4.13 4.10 4.06 4.01 3.94 3.87 3.77 3.67 3.54 3.41 3.27 3.13 2.99 2.84 2.69 2.53 2.37 2.21 2.05 1.91 1.77 1.65 1.53 1.42 1.32 1.22 1.14 1.06 0.99 0.93 0.88 0.83 0.79 0.76 0.73 0.72 0.72 0.74 0.78 0.82 0.85 0.85 0.82 0.78 0.75 0.71 0.67 0.63
1.02 0.58 0.15 0.00 0.00 0.00 0.00 0.00 0.00 0.00 0.00 0.00 0.00 0.00 0.00 0.21 0.52 0.85 1.20 1.57 1.95 2.35 2.75 3.15 3.50 3.78 3.98 4.11 4.19 4.24 4.29 4.32 4.35 4.36 4.36 4.34 4.32 4.28 4.23 4.16 4.08 3.98 3.88 3.75 3.61 3.47 3.33 3.19 3.04 2.89 2.74 2.57 2.41 2.24 2.07 1.91 1.77 1.63 1.50 1.38 1.27 1.18 1.09 1.01 0.93 0.87 0.82 0.78 0.74 0.71 0.70 0.69 0.72 0.76 0.82 0.89 0.94 0.96 0.95 0.93 0.89 0.84 0.80 0.76
1.49 1.04 0.59 0.15 0.00 0.00 0.00 0.00 0.00 0.00 0.00 0.00 0.00 0.00 0.00 0.00 0.31 0.65 1.01 1.40 1.81 2.25 2.69 3.14 3.55 3.88 4.13 4.31 4.42 4.48 4.52 4.55 4.56 4.56 4.55 4.53 4.49 4.43 4.37 4.28 4.19 4.07 3.94 3.80 3.65 3.51 3.37 3.23 3.08 2.93 2.77 2.61 2.44 2.27 2.09 1.92 1.76 1.61 1.47 1.34 1.23 1.12 1.03 0.94 0.87 0.80 0.75 0.71 0.67 0.65 0.65 0.67 0.71 0.77 0.85 0.94 1.01 1.05 1.06 1.06 1.02 0.98 0.93 0.88
1.97 1.51 1.05 0.59 0.14 0.00 0.00 0.00 0.00 0.00 0.00 0.00 0.00 0.00 0.00 0.00 0.11 0.45 0.82 1.23 1.67 2.13 2.62 3.11 3.57 3.94 4.24 4.46 4.61 4.70 4.74 4.76 4.76 4.75 4.73 4.69 4.63 4.56 4.48 4.38 4.26 4.13 3.98 3.83 3.68 3.54 3.40 3.26 3.12 2.96 2.80 2.63 2.46 2.28 2.11 1.93 1.75 1.59 1.44 1.30 1.17 1.06 0.96 0.87 0.79 0.72 0.67 0.63 0.59 0.58 0.60 0.63 0.69 0.77 0.87 0.98 1.06 1.12 1.16 1.16 1.14 1.10 1.05 0.99
2.46 2.00 1.53 1.05 0.58 0.13 0.00 0.00 0.00 0.00 0.00 0.00 0.00 0.00 0.00 0.00 0.00 0.27 0.65 1.07 1.52 2.01 2.53 3.06 3.55 3.97 4.30 4.56 4.75 4.88 4.94 4.95 4.94 4.92 4.88 4.82 4.75 4.66 4.55 4.43 4.29 4.14 3.98 3.83 3.69 3.56 3.42 3.28 3.14 2.98 2.82 2.65 2.47 2.29 2.11 1.93 1.75 1.57 1.41 1.26 1.12 1.00 0.89 0.79 0.71 0.64 0.58 0.54 0.51 0.52 0.54 0.60 0.67 0.77 0.88 1.00 1.10 1.18 1.23 1.25 1.24 1.22 1.17 1.10
2.96 2.49 2.01 1.53 1.05 0.57 0.12 0.00 0.00 0.00 0.00 0.00 0.00 0.00 0.00 0.00 0.00 0.11 0.49 0.91 1.37 1.88 2.42 2.99 3.51 3.96 4.33 4.62 4.84 5.00 5.09 5.11 5.09 5.05 4.99 4.92 4.83 4.72 4.59 4.45 4.29 4.12 3.97 3.83 3.69 3.56 3.43 3.29 3.15 2.99 2.82 2.65 2.48 2.30 2.11 1.93 1.74 1.56 1.38 1.22 1.07 0.94 0.82 0.71 0.62 0.55 0.49 0.45 0.44 0.45 0.49 0.56 0.64 0.75 0.88 1.02 1.13 1.22 1.28 1.31 1.32 1.30 1.26 1.20
3.46 2.99 2.50 2.01 1.52 1.03 0.55 0.11 0.00 0.00 0.00 0.00 0.00 0.00 0.00 0.00 0.00 0.00 0.34 0.76 1.23 1.75 2.31 2.90 3.45 3.92 4.32 4.63 4.88 5.06 5.17 5.22 5.21 5.15 5.08 4.98 4.87 4.73 4.58 4.41 4.24 4.09 3.95 3.81 3.68 3.56 3.43 3.29 3.15 2.99 2.82 2.65 2.47 2.29 2.11 1.92 1.73 1.55 1.36 1.19 1.02 0.88 0.75 0.64 0.54 0.46 0.40 0.37 0.37 0.39 0.44 0.52 0.62 0.73 0.87 1.02 1.14 1.24 1.31 1.35 1.37 1.37 1.33 1.28
3.96 3.48 2.99 2.49 2.00 1.50 1.01 0.53 0.09 0.00 0.00 0.00 0.00 0.00 0.00 0.00 0.00 0.00 0.21 0.62 1.09 1.61 2.18 2.79 3.37 3.86 4.27 4.61 4.87 5.07 5.19 5.26 5.26 5.21 5.12 5.00 4.86 4.70 4.53 4.35 4.19 4.04 3.91 3.78 3.66 3.54 3.41 3.28 3.13 2.98 2.81 2.64 2.46 2.28 2.09 1.90 1.72 1.53 1.34 1.16 0.98 0.82 0.68 0.56 0.45 0.37 0.32 0.30 0.31 0.34 0.40 0.48 0.59 0.71 0.86 1.01 1.14 1.25 1.33 1.38 1.40 1.40 1.38 1.33
4.46 3.98 3.48 2.98 2.47 1.97 1.47 0.98 0.51 0.08 0.00 0.00 0.00 0.00 0.00 0.00 0.00 0.00 0.10 0.49 0.95 1.47 2.05 2.67 3.26 3.77 4.19 4.54 4.82 5.02 5.16 5.24 5.25 5.20 5.11 4.97 4.80 4.62 4.43 4.26 4.12 3.98 3.86 3.74 3.62 3.51 3.39 3.26 3.11 2.96 2.79 2.62 2.44 2.26 2.07 1.88 1.69 1.50 1.32 1.13 0.95 0.78 0.62 0.49 0.38 0.31 0.26 0.24 0.25 0.29 0.36 0.44 0.55 0.69 0.84 1.00 1.14 1.25 1.33 1.38 1.41 1.42 1.40 1.35
4.96 4.47 3.97 3.46 2.95 2.43 1.93 1.43 0.95 0.49 0.07 0.00 0.00 0.00 0.00 0.00 0.00 0.00 0.01 0.38 0.83 1.34 1.92 2.54 3.14 3.66 4.09 4.44 4.72 4.93 5.07 5.15 5.16 5.12 5.02 4.87 4.68 4.49 4.32 4.17 4.03 3.91 3.80 3.69 3.58 3.47 3.35 3.23 3.09 2.93 2.76 2.59 2.41 2.23 2.04 1.85 1.67 1.48 1.29 1.10 0.92 0.74 0.57 0.44 0.33 0.26 0.21 0.20 0.21 0.25 0.32 0.41 0.52 0.66 0.81 0.98 1.12 1.23 1.31 1.37 1.41 1.41 1.39 1.35
5.45 4.96 4.45 3.94 3.42 2.90 2.38 1.87 1.38 0.91 0.46 0.06 0.00 0.00 0.00 0.00 0.00 0.00 0.00 0.29 0.71 1.21 1.78 2.41 3.01 3.52 3.96 4.31 4.59 4.79 4.93 5.00 5.01 4.97 4.86 4.71 4.53 4.35 4.20 4.06 3.94 3.83 3.72 3.62 3.52 3.42 3.31 3.19 3.05 2.89 2.73 2.56 2.38 2.20 2.01 1.82 1.63 1.44 1.25 1.07 0.88 0.71 0.54 0.40 0.30 0.22 0.18 0.17 0.18 0.22 0.29 0.38 0.49 0.63 0.78 0.95 1.09 1.20 1.29 1.35 1.38 1.38 1.36 1.32
5.92 5.43 4.93 4.41 3.88 3.35 2.83 2.31 1.81 1.32 0.87 0.44 0.06 0.00 0.00 0.00 0.00 0.00 0.00 0.22 0.61 1.09 1.65 2.27 2.86 3.37 3.80 4.14 4.41 4.61 4.74 4.80 4.80 4.74 4.63 4.48 4.34 4.19 4.06 3.94 3.83 3.73 3.64 3.55 3.46 3.36 3.25 3.14 3.00 2.85 2.69 2.51 2.34 2.16 1.97 1.78 1.59 1.41 1.22 1.03 0.85 0.68 0.53 0.40 0.29 0.21 0.16 0.15 0.16 0.20 0.26 0.35 0.46 0.60 0.75 0.91 1.05 1.16 1.25 1.30 1.33 1.34 1.31 1.27
6.38 5.89 5.38 4.86 4.33 3.80 3.27 2.74 2.23 1.74 1.27 0.83 0.43 0.08 0.00 0.00 0.00 0.00 0.00 0.17 0.53 0.98 1.52 2.12 2.71 3.20 3.62 3.95 4.21 4.39 4.50 4.55 4.53 4.45 4.34 4.23 4.12 4.01 3.91 3.80 3.71 3.62 3.54 3.46 3.38 3.29 3.19 3.08 2.95 2.80 2.64 2.47 2.29 2.11 1.93 1.74 1.55 1.37 1.18 0.99 0.82 0.66 0.52 0.40 0.30 0.22 0.17 0.15 0.15 0.19 0.25 0.33 0.44 0.57 0.72 0.87 1.01 1.12 1.20 1.25 1.27 1.27 1.24 1.19
6.83 6.34 5.83 5.30 4.77 4.23 3.69 3.16 2.64 2.14 1.66 1.21 0.80 0.43 0.11 0.00 0.00 0.00 0.00 0.14 0.46 0.88 1.39 1.98 2.54 3.02 3.42 3.73 3.97 4.13 4.22 4.24 4.20 4.12 4.05 3.97 3.89 3.81 3.73 3.65 3.58 3.50 3.44 3.37 3.29 3.21 3.12 3.01 2.89 2.74 2.58 2.41 2.24 2.06 1.88 1.70 1.51 1.32 1.14 0.96 0.80 0.66 0.53 0.42 0.32 0.25 0.19 0.16 0.16 0.19 0.24 0.32 0.42 0.54 0.68 0.83 0.96 1.06 1.13 1.18 1.19 1.18 1.15 1.09
7.25 6.76 6.25 5.72 5.19 4.64 4.10 3.56 3.04 2.53 2.04 1.58 1.16 0.77 0.43 0.15 0.00 0.00 0.00 0.15 0.42 0.80 1.27 1.83 2.38 2.83 3.20 3.48 3.69 3.83 3.89 3.88 3.84 3.79 3.75 3.70 3.65 3.60 3.54 3.49 3.43 3.38 3.32 3.26 3.20 3.13 3.04 2.94 2.82 2.67 2.52 2.35 2.18 2.01 1.83 1.65 1.46 1.28 1.10 0.94 0.80 0.66 0.55 0.45 0.36 0.29 0.23 0.19 0.18 0.20 0.24 0.31 0.40 0.51 0.65 0.79 0.91 1.00 1.06 1.10 1.10 1.08 1.04 0.97
7.65 7.16 6.65 6.12 5.58 5.04 4.49 3.95 3.42 2.90 2.41 1.94 1.51 1.11 0.76 0.45 0.21 0.08 0.07 0.18 0.40 0.73 1.17 1.70 2.21 2.63 2.96 3.22 3.39 3.49 3.52 3.51 3.49 3.47 3.45 3.43 3.41 3.38 3.35 3.31 3.28 3.24 3.20 3.15 3.10 3.03 2.96 2.86 2.74 2.60 2.45 2.29 2.12 1.95 1.77 1.59 1.41 1.24 1.08 0.93 0.80 0.68 0.57 0.48 0.40 0.33 0.28 0.24 0.22 0.23 0.26 0.31 0.39 0.49 0.62 0.75 0.85 0.93 0.98 1.00 1.00 0.97 0.91 0.85
8.02 7.54 7.03 6.50 5.96 5.41 4.86 4.32 3.78 3.26 2.76 2.28 1.84 1.43 1.06 0.75 0.48 0.29 0.20 0.24 0.40 0.68 1.07 1.56 2.04 2.42 2.72 2.93 3.07 3.13 3.15 3.16 3.17 3.17 3.18 3.17 3.17 3.16 3.15 3.13 3.11 3.09 3.06 3.03 2.99 2.93 2.86 2.78 2.66 2.53 2.38 2.22 2.06 1.89 1.71 1.54 1.37 1.21 1.06 0.93 0.81 0.70 0.61 0.52 0.45 0.39 0.34 0.30 0.27 0.27 0.28 0.32 0.39 0.48 0.59 0.70 0.80 0.86 0.90 0.90 0.88 0.84 0.79 0.73
8.37 7.88 7.38 6.85 6.31 5.76 5.21 4.66 4.12 3.59 3.08 2.60 2.15 1.73 1.35 1.02 0.74 0.52 0.38 0.34 0.44 0.66 1.00 1.44 1.87 2.21 2.46 2.63 2.72 2.77 2.81 2.84 2.87 2.90 2.92 2.94 2.95 2.96 2.96 2.96 2.95 2.94 2.92 2.90 2.87 2.82 2.76 2.68 2.58 2.44 2.30 2.15 1.99 1.82 1.65 1.49 1.34 1.19 1.06 0.94 0.83 0.73 0.65 0.57 0.50 0.44 0.40 0.36 0.34 0.32 0.32 0.35 0.40 0.47 0.56 0.66 0.74 0.78 0.80 0.79 0.76 0.72 0.67 0.62
8.68 8.20 7.69 7.17 6.63 6.08 5.52 4.97 4.43 3.90 3.38 2.89 2.43 2.00 1.61 1.27 0.98 0.75 0.57 0.48 0.50 0.66 0.94 1.33 1.71 2.00 2.20 2.32 2.39 2.45 2.51 2.57 2.61 2.66 2.70 2.73 2.75 2.78 2.79 2.80 2.80 2.80 2.79 2.77 2.74 2.71 2.66 2.58 2.48 2.36 2.22 2.07 1.91 1.75 1.60 1.45 1.31 1.19 1.07 0.96 0.86 0.77 0.69 0.62 0.56 0.51 0.46 0.43 0.40 0.38 0.38 0.38 0.41 0.47 0.54 0.62 0.68 0.71 0.71 0.68 0.64 0.61 0.57 0.53
8.95 8.48 7.97 7.45 6.91 6.36 5.81 5.25 4.71 4.17 3.65 3.15 2.69 2.25 1.85 1.50 1.19 0.95 0.76 0.64 0.60 0.68 0.90 1.23 1.55 1.78 1.93 2.03 2.12 2.20 2.27 2.34 2.40 2.46 2.51 2.55 2.59 2.62 2.64 2.66 2.67 2.67 2.66 2.64 2.62 2.59 2.55 2.48 2.39 2.27 2.13 1.99 1.84 1.69 1.55 1.42 1.30 1.19 1.08 0.98 0.90 0.81 0.74 0.68 0.62 0.57 0.53 0.49 0.47 0.45 0.44 0.43 0.44 0.47 0.52 0.58 0.62 0.63 0.61 0.58 0.55 0.52 0.48 0.45
9.18 8.71 8.22 7.70 7.16 6.61 6.06 5.50 4.95 4.41 3.89 3.39 2.91 2.46 2.06 1.69 1.38 1.12 0.92 0.78 0.71 0.73 0.88 1.15 1.41 1.58 1.70 1.81 1.91 2.01 2.09 2.17 2.25 2.31 2.37 2.42 2.47 2.50 2.53 2.55 2.56 2.56 2.55 2.54 2.51 2.48 2.43 2.37 2.29 2.17 2.04 1.91 1.77 1.64 1.52 1.41 1.30 1.20 1.10 1.02 0.94 0.86 0.80 0.74 0.68 0.64 0.59 0.56 0.53 0.51 0.49 0.48 0.48 0.49 0.51 0.55 0.56 0.55 0.53 0.50 0.47 0.44 0.41 0.38
9.38 8.91 8.42 7.90 7.37 6.82 6.27 5.71 5.16 4.62 4.09 3.58 3.10 2.65 2.23 1.86 1.53 1.26 1.04 0.89 0.81 0.80 0.89 1.08 1.28 1.42 1.55 1.67 1.78 1.89 1.99 2.08 2.16 2.23 2.29 2.35 2.39 2.43 2.46 2.48 2.49 2.48 2.47 2.45 2.42 2.38 2.33 2.26 2.18 2.07 1.95 1.83 1.71 1.60 1.50 1.40 1.30 1.21 1.13 1.05 0.98 0.92 0.86 0.80 0.75 0.70 0.66 0.63 0.60 0.57 0.55 0.53 0.52 0.51 0.51 0.52 0.52 0.50 0.47 0.45 0.42 0.39 0.37 0.34
9.52 9.06 8.58 8.06 7.53 6.99 6.44 5.88 5.33 4.78 4.25 3.73 3.25 2.79 2.36 1.98 1.64 1.36 1.13 0.97 0.87 0.85 0.90 1.04 1.20 1.35 1.49 1.62 1.74 1.85 1.96 2.05 2.14 2.21 2.28 2.33 2.38 2.41 2.44 2.45 2.46 2.45 2.43 2.40 2.36 2.31 2.24 2.16 2.07 1.97 1.86 1.76 1.66 1.57 1.48 1.39 1.31 1.24 1.17 1.10 1.03 0.97 0.92 0.86 0.82 0.77 0.73 0.69 0.66 0.63 0.60 0.57 0.55 0.54 0.52 0.51 0.49 0.47 0.45 0.42 0.40 0.37 0.34 0.31
9.58 9.13 8.65 8.15 7.62 7.08 6.53 5.98 5.43 4.88 4.35 3.83 3.34 2.88 2.45 2.06 1.71 1.42 1.18 1.00 0.89 0.86 0.90 1.02 1.18 1.34 1.49 1.63 1.75 1.87 1.98 2.08 2.16 2.24 2.30 2.36 2.40 2.43 2.45 2.46 2.46 2.44 2.41 2.37 2.32 2.25 2.18 2.08 1.98 1.86 1.77 1.69 1.61 1.53 1.46 1.38 1.32 1.25 1.19 1.13 1.07 1.02 0.97 0.92 0.87 0.83 0.79 0.75 0.71 0.67 0.64 0.61 0.58 0.55 0.53 0.51 0.49 0.47 0.44 0.42 0.39 0.36 0.33 0.30
9.50 9.07 8.60 8.11 7.59 7.06 6.52 5.97 5.43 4.89 4.36 3.84 3.35 2.89 2.46 2.07 1.72 1.42 1.18 1.00 0.88 0.84 0.87 0.99 1.16 1.32 1.48 1.62 1.76 1.88 1.99 2.09 2.18 2.26 2.33 2.38 2.42 2.45 2.46 2.47 2.46 2.43 2.40 2.35 2.28 2.21 2.12 2.01 1.88 1.75 1.64 1.57 1.51 1.45 1.40 1.34 1.29 1.23 1.18 1.13 1.09 1.04 0.99 0.95 0.91 0.86 0.82 0.78 0.74 0.70 0.67 0.63 0.59 0.55 0.53 0.51 0.48 0.46 0.44 0.41 0.38 0.35 0.32 0.29
9.28 8.86 8.42 7.94 7.44 6.93 6.40 5.87 5.33 4.80 4.28 3.78 3.29 2.84 2.41 2.03 1.68 1.38 1.14 0.96 0.84 0.80 0.83 0.96 1.12 1.28 1.44 1.60 1.74 1.87 1.99 2.10 2.19 2.27 2.34 2.39 2.43 2.46 2.47 2.47 2.45 2.43 2.38 2.32 2.25 2.16 2.06 1.93 1.79 1.63 1.50 1.42 1.38 1.34 1.30 1.26 1.22 1.18 1.15 1.11 1.07 1.03 0.99 0.96 0.92 0.88 0.84 0.80 0.76 0.72 0.67 0.63 0.59 0.55 0.52 0.50 0.48 0.45 0.43 0.40 0.37 0.34 0.31 0.28
8.95 8.54 8.11 7.66 7.18 6.69 6.18 5.67 5.15 4.64 4.13 3.64 3.17 2.73 2.31 1.93 1.60 1.31 1.07 0.89 0.78 0.75 0.79 0.91 1.06 1.23 1.39 1.55 1.70 1.84 1.97 2.08 2.18 2.26 2.33 2.39 2.43 2.46 2.47 2.46 2.45 2.41 2.36 2.30 2.22 2.12 2.00 1.86 1.69 1.51 1.37 1.27 1.21 1.19 1.17 1.15 1.13 1.10 1.08 1.06 1.03 1.00 0.97 0.94 0.91 0.87 0.84 0.80 0.76 0.72 0.67 0.63 0.58 0.54 0.51 0.49 0.47 0.44 0.42 0.39 0.36 0.33 0.30 0.26
8.55 8.12 7.70 7.27 6.82 6.36 5.87 5.38 4.89 4.40 3.91 3.44 2.99 2.56 2.17 1.80 1.48 1.21 0.98 0.82 0.72 0.69 0.73 0.85 1.00 1.16 1.32 1.49 1.65 1.79 1.93 2.05 2.15 2.24 2.32 2.38 2.42 2.45 2.46 2.45 2.43 2.39 2.34 2.27 2.18 2.07 1.93 1.77 1.59 1.40 1.24 1.12 1.05 1.01 1.01 1.01 1.00 1.00 0.99 0.98 0.96 0.95 0.93 0.91 0.88 0.85 0.82 0.78 0.75 0.70 0.66 0.61 0.57 0.53 0.51 0.48 0.46 0.43 0.40 0.37 0.34 0.31 0.28 0.25
8.10 7.64 7.20 6.79 6.37 5.94 5.48 5.02 4.56 4.09 3.64 3.19 2.77 2.36 1.99 1.64 1.34 1.08 0.88 0.73 0.64 0.62 0.67 0.79 0.94 1.09 1.25 1.41 1.57 1.73 1.87 2.00 2.11 2.21 2.29 2.35 2.40 2.43 2.44 2.43 2.41 2.37 2.31 2.24 2.14 2.01 1.86 1.69 1.49 1.28 1.11 0.98 0.89 0.84 0.83 0.84 0.86 0.87 0.88 0.88 0.88 0.88 0.87 0.86 0.84 0.82 0.79 0.76 0.73 0.69 0.64 0.60 0.56 0.52 0.49 0.47 0.44 0.42 0.39 0.36 0.33 0.29 0.26 0.23
7.59 7.11 6.66 6.24 5.84 5.44 5.02 4.60 4.17 3.74 3.31 2.90 2.50 2.13 1.78 1.46 1.19 0.95 0.77 0.63 0.56 0.54 0.60 0.71 0.86 1.01 1.17 1.33 1.48 1.64 1.79 1.93 2.05 2.15 2.24 2.31 2.36 2.39 2.41 2.40 2.38 2.34 2.28 2.20 2.08 1.95 1.79 1.60 1.39 1.17 0.98 0.84 0.74 0.67 0.65 0.66 0.69 0.72 0.75 0.77 0.78 0.79 0.80 0.79 0.79 0.77 0.76 0.73 0.70 0.66 0.62 0.58 0.54 0.51 0.48 0.45 0.43 0.40 0.37 0.34 0.31 0.28 0.24 0.21
7.05 6.56 6.09 5.66 5.25 4.87 4.50 4.12 3.73 3.33 2.95 2.57 2.21 1.87 1.55 1.27 1.02 0.81 0.65 0.53 0.47 0.46 0.52 0.63 0.78 0.93 1.08 1.23 1.39 1.54 1.70 1.84 1.97 2.09 2.18 2.26 2.31 2.35 2.37 2.37 2.35 2.31 2.24 2.14 2.02 1.88 1.71 1.51 1.29 1.06 0.87 0.71 0.60 0.52 0.48 0.48 0.51 0.55 0.60 0.64 0.67 0.70 0.71 0.73 0.73 0.73 0.72 0.70 0.67 0.64 0.60 0.56 0.53 0.49 0.46 0.43 0.41 0.38 0.35 0.32 0.29 0.26 0.22 0.19
