data_processed/recharge/precip/Precip_2007_10.asc
ncols        168
nrows        136
xllcorner    455000
yllcorner    2107000
cellsize     500
NODATA_value     -99999
[rows 102 to 135 of 136, columns 0 to 76 of 168]
37.33 38.04 38.99 40.02 41.10 42.18 43.28 44.36 45.42 46.45 47.42 48.34 49.18 49.94 50.59 51.13 51.54 51.82 51.94 51.89 51.63 51.15 50.44 49.54 48.51 47.38 46.19 45.05 44.13 43.46 43.02 42.80 42.80 43.00 43.39 43.96 44.71 45.61 46.67 47.86 49.19 50.64 52.20 53.86 55.62 57.57 59.72 62.07 64.08 64.91 64.56 63.20 61.35 59.34 57.23 55.05 52.84 50.65 48.50 46.45 44.52 42.76 41.21 39.90 38.88 38.18 37.84 37.90 38.39 39.13 39.77 40.16 40.25 40.18 40.03 39.81 39.53
38.39 39.14 40.02 40.94 41.91 42.90 43.90 44.90 45.89 46.85 47.77 48.63 49.43 50.15 50.78 51.30 51.71 51.98 52.11 52.08 51.87 51.47 50.85 50.03 49.09 48.06 47.08 46.30 45.74 45.40 45.26 45.31 45.54 45.95 46.51 47.23 48.09 49.08 50.19 51.42 52.74 54.15 55.64 57.20 58.82 60.51 62.34 64.34 65.98 66.41 65.71 64.41 62.87 61.12 59.23 57.21 55.12 52.99 50.86 48.77 46.75 44.86 43.11 41.57 40.25 39.21 38.47 38.09 38.10 38.51 39.16 39.63 39.80 39.80 39.72 39.58 39.33
39.50 40.21 40.99 41.83 42.71 43.63 44.57 45.51 46.46 47.38 48.27 49.11 49.90 50.61 51.24 51.77 52.19 52.49 52.65 52.66 52.51 52.18 51.66 50.94 50.11 49.30 48.68 48.26 48.04 47.99 48.12 48.41 48.85 49.44 50.15 50.99 51.94 52.99 54.13 55.34 56.63 57.98 59.38 60.81 62.28 63.76 65.28 66.88 68.10 68.19 67.57 66.61 65.37 63.88 62.18 60.32 58.33 56.24 54.11 51.97 49.85 47.79 45.85 44.04 42.42 41.02 39.87 39.03 38.52 38.39 38.66 39.12 39.37 39.44 39.43 39.32 39.11
40.55 41.18 41.89 42.67 43.51 44.38 45.28 46.20 47.12 48.03 48.92 49.77 50.57 51.30 51.96 52.53 53.00 53.35 53.57 53.65 53.57 53.33 52.91 52.31 51.71 51.27 51.01 50.92 51.00 51.23 51.60 52.10 52.73 53.46 54.30 55.23 56.23 57.31 58.45 59.64 60.87 62.12 63.40 64.68 65.96 67.23 68.48 69.71 70.58 70.77 70.52 69.90 68.94 67.68 66.17 64.44 62.53 60.48 58.33 56.12 53.88 51.65 49.48 47.41 45.46 43.68 42.11 40.79 39.76 39.05 38.70 38.75 38.97 39.10 39.12 39.03 38.84
41.51 42.09 42.75 43.49 44.30 45.15 46.04 46.95 47.87 48.79 49.70 50.57 51.40 52.18 52.89 53.52 54.05 54.48 54.78 54.95 54.98 54.84 54.53 54.09 53.83 53.76 53.84 54.07 54.42 54.90 55.49 56.18 56.97 57.83 58.76 59.76 60.80 61.88 63.00 64.13 65.27 66.41 67.54 68.65 69.72 70.75 71.73 72.68 73.59 74.17 74.30 74.01 73.33 72.30 70.97 69.36 67.53 65.50 63.33 61.03 58.67 56.26 53.86 51.50 49.22 47.06 45.06 43.25 41.68 40.39 39.40 38.78 38.58 38.67 38.71 38.63 38.46
42.51 43.03 43.65 44.35 45.12 45.95 46.82 47.72 48.65 49.57 50.49 51.39 52.26 53.07 53.83 54.52 55.11 55.61 56.00 56.26 56.38 56.34 56.12 55.76 55.71 55.97 56.38 56.91 57.53 58.25 59.05 59.92 60.85 61.83 62.85 63.90 64.97 66.05 67.13 68.20 69.24 70.26 71.23 72.15 73.01 73.79 74.52 75.33 76.24 77.11 77.64 77.69 77.31 76.54 75.40 73.95 72.21 70.23 68.05 65.70 63.22 60.66 58.05 55.43 52.84 50.32 47.91 45.64 43.56 41.70 40.10 38.88 38.19 37.98 37.97 37.93 37.78
43.59 44.05 44.61 45.26 45.99 46.78 47.63 48.52 49.43 50.35 51.28 52.19 53.08 53.93 54.73 55.46 56.11 56.67 57.13 57.46 57.67 57.71 57.54 57.23 57.23 57.66 58.37 59.19 60.08 61.03 62.03 63.07 64.15 65.24 66.34 67.44 68.54 69.61 70.64 71.64 72.59 73.47 74.28 75.01 75.65 76.21 76.81 77.56 78.42 79.30 80.10 80.53 80.49 79.99 79.09 77.81 76.20 74.30 72.15 69.78 67.23 64.54 61.76 58.91 56.05 53.20 50.40 47.70 45.14 42.75 40.64 38.97 37.86 37.21 36.94 36.87 36.76
44.71 45.14 45.64 46.23 46.91 47.66 48.47 49.33 50.22 51.14 52.06 52.98 53.88 54.75 55.57 56.34 57.04 57.65 58.17 58.58 58.84 58.91 58.78 58.52 58.55 59.00 59.85 60.93 62.08 63.26 64.46 65.67 66.88 68.08 69.26 70.41 71.52 72.57 73.57 74.49 75.33 76.07 76.72 77.25 77.69 78.14 78.70 79.41 80.21 81.04 81.85 82.54 82.86 82.68 82.04 80.97 79.53 77.74 75.64 73.28 70.69 67.91 64.99 61.95 58.84 55.69 52.55 49.45 46.44 43.61 41.13 39.10 37.59 36.54 35.87 35.56 35.44
45.87 46.28 46.74 47.27 47.89 48.58 49.35 50.17 51.04 51.93 52.84 53.75 54.66 55.54 56.38 57.18 57.91 58.57 59.14 59.58 59.86 59.95 59.86 59.65 59.71 60.16 61.00 62.18 63.56 64.96 66.35 67.73 69.07 70.37 71.62 72.81 73.93 74.96 75.91 76.75 77.48 78.08 78.55 78.91 79.26 79.69 80.22 80.88 81.64 82.42 83.18 83.88 84.44 84.60 84.26 83.44 82.19 80.55 78.55 76.23 73.63 70.79 67.75 64.55 61.23 57.82 54.36 50.90 47.53 44.39 41.61 39.24 37.37 35.96 34.92 34.26 33.92
47.05 47.44 47.88 48.37 48.92 49.56 50.27 51.05 51.87 52.73 53.62 54.52 55.42 56.30 57.16 57.97 58.73 59.42 60.01 60.45 60.73 60.85 60.79 60.62 60.70 61.15 61.96 63.10 64.55 66.15 67.73 69.26 70.72 72.12 73.44 74.66 75.79 76.80 77.68 78.44 79.05 79.51 79.83 80.12 80.46 80.87 81.38 82.01 82.73 83.46 84.17 84.83 85.40 85.79 85.77 85.23 84.21 82.74 80.86 78.62 76.05 73.18 70.06 66.73 63.23 59.59 55.86 52.11 48.50 45.13 42.07 39.41 37.21 35.46 34.10 33.10 32.45
48.25 48.62 49.04 49.50 50.02 50.59 51.24 51.95 52.73 53.56 54.41 55.29 56.17 57.05 57.90 58.72 59.50 60.19 60.76 61.19 61.47 61.60 61.57 61.45 61.55 61.99 62.77 63.85 65.22 66.86 68.59 70.28 71.87 73.36 74.73 75.99 77.11 78.09 78.92 79.58 80.07 80.40 80.67 80.97 81.31 81.71 82.21 82.81 83.49 84.18 84.85 85.46 85.98 86.39 86.59 86.36 85.59 84.33 82.61 80.48 77.96 75.10 71.94 68.51 64.86 61.02 57.08 53.17 49.38 45.80 42.51 39.58 37.10 35.04 33.38 32.09 31.14
49.47 49.82 50.21 50.65 51.14 51.67 52.25 52.90 53.63 54.40 55.21 56.06 56.91 57.77 58.62 59.44 60.19 60.85 61.39 61.81 62.09 62.23 62.23 62.14 62.25 62.69 63.43 64.45 65.73 67.26 69.00 70.80 72.51 74.09 75.52 76.80 77.91 78.86 79.62 80.19 80.57 80.87 81.17 81.48 81.83 82.23 82.71 83.29 83.95 84.60 85.23 85.80 86.28 86.64 86.85 86.83 86.35 85.33 83.80 81.81 79.38 76.56 73.38 69.89 66.13 62.16 58.11 54.09 50.16 46.41 42.92 39.76 37.02 34.70 32.77 31.22 30.02
50.68 51.02 51.40 51.82 52.27 52.77 53.31 53.90 54.55 55.27 56.03 56.83 57.65 58.48 59.31 60.10 60.80 61.41 61.92 62.32 62.59 62.75 62.77 62.70 62.83 63.26 63.95 64.90 66.09 67.50 69.11 70.88 72.68 74.33 75.81 77.11 78.22 79.12 79.81 80.30 80.67 81.01 81.34 81.67 82.03 82.44 82.92 83.48 84.11 84.74 85.34 85.87 86.31 86.63 86.80 86.78 86.50 85.75 84.45 82.62 80.31 77.56 74.41 70.89 67.07 63.07 58.98 54.88 50.84 46.96 43.30 39.95 36.97 34.42 32.26 30.48 29.06
51.90 52.22 52.59 52.98 53.42 53.89 54.39 54.93 55.52 56.17 56.87 57.62 58.39 59.19 59.96 60.68 61.32 61.88 62.35 62.73 63.00 63.15 63.19 63.15 63.29 63.70 64.35 65.23 66.32 67.61 69.06 70.67 72.40 74.11 75.63 76.95 78.04 78.90 79.53 80.02 80.45 80.84 81.20 81.57 81.95 82.37 82.84 83.39 84.00 84.61 85.18 85.68 86.09 86.37 86.50 86.45 86.18 85.61 84.56 82.94 80.78 78.14 75.03 71.54 67.75 63.77 59.66 55.52 51.41 47.43 43.63 40.12 36.96 34.20 31.85 29.87 28.26
53.11 53.42 53.77 54.15 54.56 55.00 55.48 55.98 56.52 57.10 57.73 58.42 59.14 59.86 60.55 61.18 61.76 62.27 62.70 63.05 63.31 63.47 63.52 63.50 63.65 64.03 64.64 65.44 66.43 67.59 68.88 70.31 71.84 73.45 75.00 76.32 77.39 78.22 78.88 79.44 79.93 80.38 80.78 81.18 81.59 82.02 82.50 83.04 83.64 84.23 84.78 85.26 85.64 85.90 85.99 85.90 85.59 85.03 84.15 82.76 80.80 78.28 75.28 71.89 68.19 64.25 60.17 56.02 51.87 47.81 43.92 40.28 36.96 34.04 31.52 29.39 27.62
54.30 54.61 54.94 55.30 55.70 56.11 56.56 57.03 57.53 58.06 58.62 59.23 59.87 60.49 61.08 61.63 62.13 62.59 62.98 63.29 63.54 63.69 63.76 63.76 63.91 64.27 64.82 65.55 66.43 67.45 68.59 69.83 71.15 72.53 73.95 75.25 76.31 77.18 77.93 78.57 79.14 79.64 80.10 80.53 80.97 81.42 81.91 82.46 83.05 83.63 84.17 84.63 84.99 85.21 85.28 85.15 84.81 84.21 83.34 82.12 80.36 78.03 75.20 71.95 68.36 64.51 60.49 56.36 52.21 48.11 44.16 40.42 36.98 33.93 31.28 29.02 27.13
55.47 55.77 56.10 56.45 56.82 57.21 57.63 58.08 58.54 59.03 59.54 60.05 60.57 61.07 61.56 62.02 62.45 62.84 63.19 63.47 63.70 63.85 63.92 63.94 64.08 64.42 64.91 65.56 66.33 67.21 68.19 69.23 70.34 71.47 72.63 73.79 74.90 75.87 76.71 77.44 78.08 78.64 79.16 79.64 80.11 80.59 81.10 81.65 82.24 82.81 83.34 83.79 84.13 84.34 84.38 84.23 83.86 83.23 82.32 81.10 79.51 77.41 74.78 71.71 68.27 64.54 60.61 56.54 52.42 48.32 44.34 40.54 37.01 33.86 31.12 28.77 26.79
56.61 56.91 57.23 57.56 57.92 58.30 58.69 59.11 59.54 59.99 60.43 60.84 61.23 61.62 62.00 62.37 62.73 63.05 63.35 63.60 63.79 63.93 64.01 64.04 64.18 64.48 64.92 65.48 66.14 66.88 67.69 68.54 69.42 70.31 71.21 72.17 73.23 74.29 75.23 76.05 76.77 77.41 77.99 78.52 79.04 79.55 80.07 80.64 81.23 81.81 82.33 82.77 83.11 83.30 83.33 83.15 82.76 82.10 81.16 79.91 78.34 76.42 74.03 71.17 67.92 64.34 60.53 56.55 52.49 48.43 44.45 40.62 37.04 33.82 31.02 28.61 26.58
57.72 58.01 58.33 58.65 59.00 59.36 59.73 60.11 60.51 60.91 61.26 61.58 61.87 62.14 62.42 62.70 62.97 63.23 63.46 63.67 63.84 63.97 64.04 64.08 64.22 64.48 64.85 65.32 65.86 66.46 67.10 67.75 68.41 69.06 69.76 70.56 71.47 72.49 73.52 74.44 75.25 75.96 76.60 77.20 77.76 78.30 78.86 79.44 80.05 80.63 81.15 81.60 81.92 82.11 82.12 81.94 81.52 80.84 79.88 78.60 77.01 75.14 72.94 70.33 67.29 63.90 60.24 56.39 52.43 48.44 44.49 40.67 37.07 33.82 30.99 28.56 26.51
58.78 59.08 59.39 59.71 60.04 60.38 60.73 61.09 61.44 61.75 62.02 62.26 62.47 62.65 62.82 63.00 63.18 63.37 63.55 63.71 63.85 63.96 64.03 64.08 64.20 64.42 64.73 65.10 65.52 65.97 66.43 66.89 67.33 67.80 68.36 69.00 69.76 70.63 71.61 72.61 73.51 74.31 75.03 75.68 76.29 76.88 77.47 78.08 78.70 79.29 79.83 80.27 80.60 80.79 80.80 80.60 80.17 79.47 78.46 77.16 75.58 73.71 71.58 69.17 66.38 63.21 59.74 56.05 52.22 48.33 44.46 40.68 37.09 33.84 31.02 28.60 26.56
59.80 60.10 60.40 60.72 61.04 61.37 61.70 62.02 62.29 62.52 62.72 62.88 63.01 63.11 63.20 63.29 63.39 63.50 63.61 63.73 63.83 63.92 63.98 64.03 64.13 64.31 64.55 64.83 65.13 65.42 65.71 65.96 66.24 66.59 67.00 67.51 68.11 68.82 69.66 70.62 71.59 72.48 73.27 74.00 74.67 75.31 75.93 76.57 77.21 77.82 78.37 78.83 79.16 79.35 79.36 79.16 78.71 77.96 76.93 75.61 74.03 72.18 70.09 67.76 65.18 62.26 59.02 55.53 51.86 48.11 44.34 40.63 37.09 33.88 31.10 28.73 26.73
60.75 61.06 61.37 61.68 62.00 62.31 62.61 62.85 63.06 63.22 63.34 63.43 63.49 63.53 63.56 63.57 63.58 63.62 63.67 63.73 63.80 63.86 63.91 63.95 64.04 64.17 64.34 64.51 64.68 64.82 64.93 65.05 65.21 65.43 65.71 66.08 66.54 67.10 67.78 68.59 69.52 70.48 71.36 72.16 72.89 73.59 74.26 74.93 75.60 76.23 76.80 77.27 77.62 77.82 77.83 77.61 77.11 76.32 75.26 73.94 72.36 70.55 68.50 66.23 63.76 61.07 58.08 54.81 51.35 47.76 44.13 40.53 37.07 33.94 31.23 28.93 27.02
61.65 61.97 62.28 62.59 62.90 63.18 63.41 63.59 63.73 63.83 63.89 63.92 63.92 63.91 63.88 63.83 63.78 63.74 63.72 63.73 63.76 63.79 63.82 63.86 63.92 64.00 64.09 64.16 64.19 64.19 64.17 64.18 64.23 64.34 64.50 64.74 65.06 65.48 66.01 66.66 67.44 68.36 69.31 70.18 70.99 71.74 72.47 73.18 73.88 74.54 75.13 75.63 75.99 76.20 76.20 75.93 75.38 74.55 73.47 72.15 70.59 68.81 66.81 64.61 62.23 59.66 56.91 53.90 50.67 47.28 43.82 40.37 37.02 34.00 31.40 29.21 27.42
62.48 62.80 63.12 63.43 63.71 63.94 64.12 64.24 64.32 64.36 64.37 64.35 64.30 64.23 64.15 64.06 63.97 63.87 63.79 63.74 63.72 63.72 63.73 63.76 63.79 63.82 63.82 63.78 63.69 63.58 63.47 63.39 63.33 63.33 63.37 63.49 63.68 63.97 64.36 64.86 65.49 66.25 67.15 68.10 68.98 69.80 70.57 71.33 72.07 72.77 73.39 73.91 74.30 74.50 74.44 74.10 73.50 72.65 71.56 70.24 68.70 66.96 65.02 62.90 60.61 58.16 55.55 52.79 49.82 46.67 43.42 40.14 36.94 34.06 31.60 29.56 27.92
63.23 63.57 63.89 64.18 64.42 64.59 64.72 64.79 64.82 64.82 64.78 64.71 64.62 64.51 64.39 64.26 64.13 63.99 63.87 63.76 63.69 63.66 63.65 63.66 63.66 63.63 63.55 63.41 63.22 63.03 62.84 62.67 62.52 62.41 62.35 62.35 62.42 62.58 62.83 63.19 63.67 64.28 65.04 65.93 66.87 67.76 68.60 69.41 70.19 70.93 71.59 72.15 72.53 72.66 72.52 72.13 71.49 70.61 69.52 68.21 66.71 65.01 63.14 61.10 58.91 56.57 54.11 51.52 48.80 45.92 42.91 39.84 36.83 34.11 31.83 29.97 28.49
63.90 64.25 64.56 64.81 65.00 65.13 65.21 65.24 65.24 65.19 65.12 65.01 64.89 64.74 64.59 64.43 64.26 64.10 63.95 63.80 63.69 63.61 63.58 63.57 63.54 63.45 63.28 63.07 62.82 62.56 62.30 62.04 61.80 61.60 61.44 61.33 61.29 61.32 61.45 61.68 62.01 62.48 63.08 63.82 64.71 65.66 66.57 67.43 68.27 69.05 69.75 70.30 70.61 70.65 70.45 70.00 69.33 68.45 67.35 66.07 64.60 62.96 61.16 59.21 57.13 54.92 52.59 50.16 47.64 45.02 42.28 39.46 36.66 34.15 32.09 30.42 28.99
64.48 64.82 65.10 65.31 65.46 65.56 65.60 65.60 65.56 65.49 65.38 65.25 65.09 64.92 64.74 64.56 64.37 64.19 64.01 63.85 63.71 63.60 63.54 63.51 63.44 63.29 63.07 62.80 62.50 62.18 61.84 61.51 61.20 60.90 60.65 60.44 60.29 60.21 60.22 60.32 60.52 60.85 61.30 61.89 62.63 63.53 64.49 65.42 66.31 67.14 67.84 68.31 68.52 68.49 68.22 67.74 67.04 66.15 65.06 63.81 62.38 60.80 59.08 57.23 55.26 53.18 51.01 48.74 46.40 44.00 41.54 38.99 36.44 34.18 32.33 30.74 29.26
64.94 65.25 65.50 65.68 65.80 65.87 65.89 65.86 65.80 65.70 65.57 65.42 65.24 65.06 64.86 64.66 64.46 64.26 64.07 63.90 63.75 63.63 63.54 63.48 63.37 63.18 62.92 62.62 62.27 61.89 61.50 61.10 60.71 60.34 60.00 59.69 59.44 59.26 59.15 59.13 59.21 59.40 59.71 60.16 60.75 61.50 62.41 63.39 64.33 65.17 65.78 66.14 66.27 66.16 65.85 65.32 64.61 63.72 62.65 61.43 60.05 58.55 56.91 55.17 53.32 51.37 49.35 47.26 45.12 42.92 40.70 38.44 36.17 34.16 32.41 30.78 29.24
65.29 65.58 65.80 65.95 66.05 66.10 66.10 66.05 65.97 65.85 65.71 65.54 65.35 65.15 64.95 64.74 64.53 64.32 64.13 63.96 63.80 63.68 63.58 63.50 63.37 63.16 62.87 62.53 62.14 61.72 61.27 60.82 60.36 59.91 59.49 59.10 58.76 58.48 58.26 58.13 58.09 58.15 58.33 58.64 59.09 59.69 60.45 61.37 62.32 63.06 63.56 63.82 63.86 63.70 63.33 62.78 62.06 61.17 60.12 58.94 57.63 56.19 54.65 53.02 51.29 49.50 47.64 45.73 43.78 41.80 39.81 37.81 35.81 33.92 32.15 30.47 28.89
66.77 66.98 67.13 67.21 67.24 67.22 67.15 67.03 66.88 66.70 66.49 66.26 66.02 65.76 65.49 65.22 64.96 64.70 64.45 64.23 64.02 63.84 63.69 63.56 63.40 63.17 62.87 62.50 62.08 61.62 61.13 60.62 60.10 59.59 59.09 58.63 58.20 57.83 57.51 57.28 57.12 57.07 57.13 57.30 57.61 58.07 58.68 59.64 60.74 61.38 61.74 61.89 61.83 61.59 61.16 60.56 59.81 58.91 57.87 56.71 55.44 54.07 52.60 51.06 49.45 47.78 46.07 44.32 42.56 40.78 39.00 37.21 35.36 33.47 31.66 29.95 28.35
71.01 71.08 71.02 70.91 70.74 70.51 70.25 69.94 69.60 69.23 68.83 68.41 67.97 67.53 67.07 66.62 66.17 65.73 65.31 64.90 64.52 64.17 63.87 63.63 63.40 63.15 62.84 62.46 62.01 61.52 60.99 60.44 59.87 59.30 58.75 58.21 57.71 57.25 56.85 56.51 56.26 56.10 56.04 56.09 56.27 56.60 57.25 58.57 60.09 60.89 61.12 61.10 60.90 60.52 59.98 59.29 58.46 57.49 56.42 55.23 53.95 52.58 51.15 49.65 48.10 46.51 44.89 43.26 41.62 39.99 38.37 36.68 34.86 33.00 31.18 29.44 27.80
77.32 77.77 77.43 76.98 76.48 75.93 75.33 74.69 74.02 73.32 72.60 71.85 71.09 70.33 69.55 68.78 68.01 67.26 66.51 65.79 65.11 64.53 64.07 63.73 63.42 63.11 62.78 62.38 61.93 61.41 60.86 60.27 59.66 59.05 58.43 57.84 57.27 56.74 56.25 55.83 55.49 55.22 55.06 55.00 55.07 55.43 56.44 58.17 60.11 61.29 61.65 61.46 61.06 60.50 59.79 58.95 57.98 56.91 55.73 54.47 53.13 51.72 50.25 48.74 47.20 45.64 44.07 42.49 40.93 39.39 37.81 36.12 34.33 32.51 30.72 28.97 27.30
84.64 86.17 86.08 85.22 84.25 83.23 82.16 81.06 79.93 78.77 77.58 76.38 75.16 73.93 72.70 71.48 70.26 69.05 67.86 66.71 65.70 64.89 64.28 63.85 63.46 63.08 62.69 62.28 61.82 61.29 60.72 60.10 59.46 58.81 58.15 57.51 56.88 56.28 55.73 55.23 54.80 54.44 54.18 54.03 54.14 54.85 56.26 58.38 60.67 62.22 62.93 62.84 62.23 61.43 60.51 59.46 58.31 57.07 55.75 54.35 52.89 51.38 49.84 48.27 46.68 45.09 43.51 41.94 40.40 38.84 37.22 35.53 33.78 32.01 30.26 28.54 26.87
92.60 95.23 96.09 95.33 93.82 92.19 90.53 88.83 87.09 85.33 83.55 81.75 79.94 78.13 76.31 74.49 72.68 70.88 69.14 67.57 66.28 65.25 64.49 63.97 63.52 63.07 62.62 62.16 61.68 61.15 60.57 59.94 59.28 58.59 57.90 57.21 56.53 55.88 55.27 54.70 54.19 53.76 53.41 53.31 53.76 54.86 56.64 59.08 61.69 63.57 64.61 64.84 64.29 63.25 62.05 60.75 59.37 57.90 56.37 54.79 53.16 51.50 49.83 48.14 46.45 44.78 43.13 41.52 39.91 38.28 36.62 34.93 33.22 31.50 29.80 28.13 26.49
