data_processed/recharge/precip/Precip_2007_10.asc
ncols        168
nrows        136
xllcorner    455000
yllcorner    2107000
cellsize     500
NODATA_value     -99999
[rows 34 to 67 of 136, columns 0 to 76 of 168]
84.69 84.43 84.12 83.79 83.46 83.14 82.82 82.50 82.18 81.86 81.53 81.19 80.84 80.48 80.10 79.73 79.39 79.07 78.77 78.50 78.23 77.99 77.75 77.51 77.29 77.06 76.82 76.57 76.30 76.02 75.71 75.38 75.03 74.66 74.26 73.84 73.39 72.91 72.40 71.87 71.30 70.69 70.05 69.38 68.67 67.92 67.14 66.31 65.44 64.53 63.58 62.58 61.53 60.44 59.30 58.10 56.87 55.63 54.41 53.20 52.01 50.84 49.69 48.56 47.45 46.36 45.29 44.25 43.23 42.22 41.24 40.27 39.33 38.41 37.51 36.63 35.77
83.84 83.55 83.22 82.87 82.50 82.13 81.77 81.43 81.09 80.76 80.42 80.09 79.75 79.41 79.06 78.72 78.41 78.12 77.86 77.61 77.38 77.16 76.96 76.75 76.56 76.35 76.14 75.91 75.66 75.40 75.12 74.82 74.50 74.15 73.79 73.39 72.98 72.53 72.06 71.56 71.02 70.46 69.86 69.23 68.56 67.86 67.12 66.33 65.51 64.65 63.75 62.80 61.81 60.77 59.68 58.54 57.36 56.13 54.90 53.69 52.49 51.31 50.15 49.01 47.89 46.80 45.72 44.67 43.64 42.63 41.64 40.67 39.72 38.79 37.88 37.00 36.14
82.91 82.60 82.25 81.88 81.49 81.08 80.69 80.32 79.96 79.61 79.28 78.95 78.62 78.30 77.98 77.67 77.39 77.13 76.89 76.68 76.48 76.29 76.11 75.94 75.77 75.59 75.39 75.18 74.96 74.72 74.47 74.19 73.90 73.58 73.24 72.88 72.50 72.08 71.65 71.18 70.68 70.16 69.60 69.01 68.38 67.72 67.03 66.29 65.52 64.71 63.85 62.96 62.01 61.03 60.00 58.92 57.79 56.61 55.40 54.17 52.97 51.78 50.61 49.47 48.34 47.24 46.16 45.10 44.06 43.04 42.04 41.07 40.11 39.18 38.27 37.38 36.51
81.91 81.58 81.21 80.82 80.41 79.99 79.57 79.17 78.79 78.43 78.09 77.76 77.45 77.14 76.85 76.57 76.31 76.09 75.88 75.70 75.53 75.37 75.22 75.07 74.92 74.75 74.58 74.39 74.19 73.98 73.74 73.49 73.23 72.94 72.63 72.30 71.95 71.57 71.17 70.74 70.28 69.79 69.27 68.72 68.14 67.52 66.87 66.18 65.46 64.69 63.89 63.04 62.16 61.22 60.25 59.23 58.16 57.04 55.87 54.66 53.45 52.25 51.08 49.92 48.79 47.68 46.59 45.52 44.48 43.46 42.45 41.47 40.51 39.57 38.66 37.76 36.89
80.85 80.49 80.11 79.70 79.27 78.84 78.40 77.98 77.58 77.20 76.86 76.53 76.23 75.94 75.67 75.42 75.19 74.99 74.82 74.66 74.52 74.39 74.26 74.14 74.00 73.85 73.70 73.53 73.35 73.16 72.95 72.73 72.49 72.23 71.95 71.65 71.33 70.99 70.62 70.23 69.80 69.36 68.88 68.37 67.83 67.26 66.65 66.01 65.33 64.61 63.86 63.06 62.23 61.35 60.43 59.46 58.45 57.39 56.28 55.13 53.93 52.73 51.54 50.38 49.24 48.12 47.03 45.96 44.91 43.88 42.87 41.88 40.91 39.97 39.05 38.15 37.29
79.71 79.34 78.93 78.51 78.07 77.62 77.17 76.74 76.32 75.93 75.58 75.25 74.96 74.69 74.44 74.22 74.02 73.85 73.70 73.57 73.46 73.35 73.24 73.13 73.01 72.88 72.75 72.60 72.45 72.28 72.09 71.90 71.68 71.45 71.20 70.94 70.65 70.34 70.00 69.64 69.26 68.85 68.41 67.94 67.45 66.92 66.35 65.76 65.13 64.46 63.76 63.01 62.23 61.41 60.54 59.63 58.67 57.67 56.63 55.53 54.39 53.20 52.01 50.84 49.69 48.57 47.47 46.39 45.33 44.30 43.28 42.29 41.32 40.37 39.45 38.56 37.71
78.51 78.12 77.69 77.25 76.80 76.34 75.88 75.44 75.01 74.61 74.25 73.93 73.64 73.38 73.16 72.96 72.80 72.65 72.53 72.43 72.34 72.25 72.15 72.06 71.95 71.84 71.73 71.60 71.47 71.32 71.16 70.99 70.81 70.60 70.38 70.15 69.89 69.61 69.31 68.99 68.64 68.27 67.87 67.45 66.99 66.51 65.99 65.44 64.86 64.24 63.58 62.89 62.16 61.39 60.58 59.72 58.83 57.88 56.90 55.86 54.78 53.65 52.48 51.30 50.15 49.01 47.91 46.82 45.76 44.72 43.70 42.70 41.72 40.77 39.86 38.98 38.13
77.25 76.83 76.39 75.93 75.47 75.00 74.53 74.08 73.65 73.24 72.87 72.55 72.27 72.03 71.83 71.66 71.52 71.40 71.31 71.22 71.15 71.07 70.99 70.91 70.82 70.73 70.63 70.53 70.42 70.29 70.16 70.02 69.86 69.68 69.49 69.29 69.06 68.82 68.55 68.27 67.96 67.62 67.26 66.88 66.47 66.02 65.55 65.05 64.51 63.94 63.34 62.69 62.02 61.30 60.54 59.75 58.91 58.02 57.09 56.12 55.10 54.03 52.92 51.76 50.60 49.46 48.34 47.25 46.19 45.14 44.11 43.11 42.13 41.19 40.28 39.41 38.57
75.92 75.49 75.03 74.56 74.07 73.59 73.12 72.66 72.22 71.82 71.45 71.12 70.85 70.62 70.44 70.30 70.18 70.09 70.02 69.95 69.88 69.82 69.75 69.69 69.62 69.55 69.47 69.39 69.29 69.19 69.09 68.97 68.83 68.69 68.53 68.35 68.16 67.95 67.72 67.47 67.20 66.90 66.58 66.24 65.86 65.47 65.04 64.58 64.09 63.57 63.01 62.42 61.80 61.14 60.43 59.69 58.91 58.09 57.22 56.31 55.35 54.34 53.29 52.19 51.05 49.90 48.78 47.69 46.61 45.56 44.53 43.53 42.55 41.62 40.71 39.85 39.01
74.53 74.08 73.60 73.12 72.62 72.13 71.65 71.18 70.74 70.33 69.96 69.64 69.37 69.16 69.00 68.88 68.79 68.72 68.66 68.60 68.55 68.49 68.44 68.39 68.34 68.29 68.23 68.16 68.10 68.02 67.93 67.84 67.73 67.62 67.49 67.34 67.18 67.00 66.81 66.59 66.36 66.10 65.82 65.52 65.19 64.83 64.45 64.04 63.60 63.12 62.62 62.08 61.51 60.90 60.25 59.56 58.84 58.07 57.26 56.41 55.52 54.58 53.59 52.55 51.47 50.34 49.22 48.12 47.04 45.98 44.95 43.95 42.98 42.05 41.15 40.29 39.46
73.08 72.61 72.12 71.62 71.11 70.61 70.12 69.65 69.21 68.80 68.43 68.11 67.84 67.64 67.50 67.41 67.34 67.28 67.22 67.18 67.13 67.09 67.06 67.02 66.99 66.95 66.91 66.87 66.82 66.77 66.71 66.64 66.56 66.47 66.37 66.26 66.13 65.98 65.82 65.64 65.44 65.23 64.99 64.72 64.44 64.12 63.79 63.42 63.02 62.60 62.14 61.66 61.13 60.58 59.99 59.36 58.69 57.98 57.23 56.44 55.61 54.73 53.81 52.84 51.82 50.76 49.65 48.54 47.46 46.40 45.37 44.38 43.42 42.49 41.59 40.73 39.91
71.58 71.09 70.58 70.07 69.55 69.04 68.54 68.07 67.62 67.21 66.84 66.52 66.26 66.07 65.95 65.87 65.81 65.75 65.71 65.67 65.64 65.62 65.59 65.57 65.56 65.54 65.52 65.50 65.47 65.44 65.40 65.36 65.31 65.25 65.18 65.09 65.00 64.88 64.76 64.61 64.45 64.27 64.07 63.85 63.60 63.34 63.04 62.72 62.37 62.00 61.59 61.16 60.69 60.18 59.65 59.07 58.46 57.81 57.12 56.40 55.62 54.81 53.95 53.05 52.10 51.10 50.05 48.97 47.88 46.83 45.80 44.81 43.85 42.93 42.03 41.17 40.35
70.20 69.68 69.15 68.61 68.07 67.53 67.02 66.52 66.06 65.63 65.25 64.92 64.66 64.46 64.35 64.28 64.23 64.18 64.15 64.12 64.10 64.09 64.08 64.08 64.08 64.07 64.07 64.07 64.07 64.06 64.05 64.03 64.01 63.98 63.93 63.88 63.82 63.74 63.65 63.54 63.41 63.27 63.11 62.93 62.73 62.50 62.25 61.98 61.68 61.35 60.99 60.61 60.19 59.74 59.26 58.74 58.19 57.60 56.97 56.30 55.59 54.84 54.05 53.21 52.33 51.40 50.42 49.38 48.30 47.24 46.22 45.23 44.28 43.35 42.46 41.60 40.78
69.36 68.77 68.17 67.55 66.95 66.35 65.77 65.21 64.68 64.20 63.76 63.38 63.07 62.85 62.75 62.70 62.66 62.62 62.60 62.58 62.58 62.58 62.58 62.60 62.61 62.63 62.65 62.67 62.69 62.71 62.72 62.73 62.73 62.73 62.71 62.69 62.66 62.62 62.56 62.49 62.40 62.30 62.18 62.04 61.88 61.70 61.49 61.26 61.01 60.73 60.43 60.09 59.73 59.33 58.91 58.45 57.95 57.42 56.85 56.25 55.60 54.91 54.19 53.42 52.60 51.74 50.81 49.77 48.68 47.63 46.61 45.62 44.67 43.74 42.85 41.99 41.16
69.06 68.34 67.62 66.88 66.16 65.44 64.75 64.08 63.44 62.85 62.31 61.82 61.45 61.23 61.16 61.13 61.11 61.09 61.08 61.07 61.08 61.09 61.12 61.14 61.18 61.22 61.26 61.30 61.34 61.38 61.42 61.45 61.49 61.51 61.53 61.54 61.54 61.53 61.51 61.48 61.43 61.36 61.28 61.19 61.07 60.93 60.77 60.59 60.39 60.16 59.91 59.62 59.31 58.97 58.60 58.20 57.76 57.29 56.78 56.24 55.66 55.04 54.37 53.67 52.92 52.11 51.19 50.15 49.05 47.98 46.96 45.97 45.02 44.09 43.20 42.34 41.51
69.19 68.30 67.40 66.50 65.60 64.72 63.86 63.03 62.24 61.48 60.79 60.21 59.82 59.63 59.57 59.57 59.58 59.58 59.58 59.59 59.61 59.64 59.67 59.72 59.77 59.83 59.89 59.95 60.02 60.09 60.15 60.21 60.27 60.33 60.38 60.42 60.46 60.48 60.50 60.50 60.49 60.47 60.43 60.37 60.30 60.21 60.10 59.96 59.81 59.63 59.43 59.20 58.94 58.66 58.34 58.00 57.62 57.21 56.76 56.28 55.76 55.21 54.61 53.98 53.28 52.48 51.55 50.50 49.39 48.31 47.28 46.29 45.33 44.40 43.51 42.65 41.81
69.67 68.55 67.43 66.30 65.19 64.09 63.02 61.97 60.97 60.01 59.18 58.58 58.21 58.04 58.00 58.02 58.05 58.07 58.10 58.12 58.16 58.20 58.26 58.32 58.39 58.47 58.55 58.64 58.73 58.82 58.91 59.00 59.09 59.18 59.26 59.33 59.40 59.46 59.52 59.56 59.59 59.61 59.61 59.60 59.57 59.52 59.46 59.37 59.27 59.14 58.99 58.81 58.61 58.38 58.12 57.84 57.52 57.17 56.79 56.37 55.92 55.43 54.90 54.31 53.63 52.82 51.89 50.83 49.71 48.62 47.57 46.57 45.60 44.68 43.78 42.91 42.08
70.38 68.99 67.59 66.20 64.82 63.45 62.11 60.80 59.54 58.41 57.55 56.97 56.62 56.46 56.44 56.48 56.53 56.58 56.62 56.67 56.73 56.79 56.86 56.94 57.03 57.13 57.24 57.35 57.46 57.58 57.70 57.82 57.94 58.05 58.17 58.28 58.38 58.48 58.57 58.65 58.72 58.78 58.82 58.86 58.87 58.87 58.86 58.82 58.77 58.69 58.59 58.47 58.32 58.15 57.95 57.72 57.46 57.18 56.86 56.50 56.12 55.69 55.21 54.64 53.95 53.14 52.21 51.14 50.01 48.91 47.85 46.83 45.85 44.91 44.01 43.14 42.30
71.24 69.52 67.80 66.09 64.38 62.70 61.05 59.43 57.96 56.79 55.95 55.37 55.04 54.89 54.89 54.95 55.02 55.09 55.16 55.24 55.31 55.39 55.48 55.59 55.70 55.82 55.95 56.08 56.22 56.36 56.51 56.66 56.81 56.96 57.11 57.25 57.39 57.52 57.65 57.77 57.88 57.98 58.07 58.15 58.21 58.26 58.29 58.30 58.30 58.28 58.23 58.16 58.07 57.96 57.82 57.65 57.45 57.22 56.97 56.68 56.36 55.98 55.52 54.95 54.26 53.45 52.50 51.42 50.29 49.17 48.10 47.06 46.07 45.12 44.21 43.33 42.49
72.15 70.05 67.96 65.87 63.80 61.75 59.73 57.87 56.35 55.19 54.36 53.80 53.47 53.34 53.35 53.43 53.52 53.61 53.71 53.81 53.91 54.01 54.13 54.25 54.38 54.52 54.67 54.83 55.00 55.17 55.35 55.53 55.71 55.89 56.07 56.25 56.42 56.60 56.76 56.92 57.08 57.22 57.35 57.47 57.58 57.68 57.76 57.82 57.87 57.90 57.91 57.89 57.86 57.80 57.72 57.61 57.48 57.31 57.12 56.90 56.62 56.27 55.81 55.23 54.54 53.73 52.78 51.69 50.54 49.42 48.33 47.28 46.27 45.30 44.37 43.49 42.64
73.00 70.48 67.96 65.46 62.96 60.50 58.20 56.28 54.77 53.62 52.79 52.24 51.92 51.80 51.83 51.93 52.04 52.15 52.26 52.39 52.51 52.65 52.78 52.93 53.08 53.25 53.42 53.61 53.80 54.00 54.21 54.42 54.63 54.84 55.06 55.27 55.48 55.69 55.90 56.10 56.30 56.48 56.66 56.83 56.98 57.13 57.26 57.37 57.47 57.55 57.61 57.66 57.68 57.68 57.66 57.61 57.54 57.44 57.31 57.14 56.88 56.53 56.07 55.50 54.81 53.99 53.03 51.94 50.78 49.65 48.55 47.48 46.46 45.47 44.52 43.61 42.75
73.71 70.71 67.72 64.74 61.78 59.00 56.63 54.72 53.20 52.06 51.24 50.69 50.39 50.29 50.33 50.44 50.57 50.70 50.83 50.98 51.13 51.29 51.45 51.62 51.80 51.99 52.19 52.40 52.62 52.85 53.08 53.32 53.57 53.82 54.07 54.32 54.57 54.82 55.06 55.30 55.54 55.77 55.99 56.21 56.41 56.60 56.78 56.95 57.10 57.24 57.36 57.46 57.54 57.60 57.63 57.65 57.64 57.60 57.52 57.37 57.12 56.77 56.32 55.74 55.05 54.23 53.27 52.17 51.00 49.86 48.75 47.67 46.62 45.61 44.64 43.72 42.83
74.17 70.65 67.13 63.64 60.32 57.46 55.09 53.17 51.67 50.52 49.71 49.17 48.88 48.79 48.84 48.97 49.11 49.26 49.42 49.58 49.75 49.94 50.13 50.32 50.53 50.75 50.97 51.21 51.46 51.71 51.98 52.25 52.53 52.81 53.10 53.39 53.67 53.96 54.25 54.53 54.81 55.09 55.35 55.61 55.87 56.11 56.34 56.56 56.76 56.95 57.13 57.28 57.42 57.54 57.64 57.72 57.77 57.78 57.73 57.58 57.34 56.99 56.54 55.97 55.28 54.45 53.49 52.38 51.21 50.05 48.93 47.83 46.77 45.74 44.75 43.80 42.90
74.29 70.19 66.11 62.22 58.81 55.95 53.58 51.66 50.15 49.01 48.20 47.68 47.39 47.31 47.38 47.52 47.67 47.84 48.01 48.20 48.39 48.60 48.81 49.04 49.27 49.51 49.77 50.03 50.31 50.60 50.89 51.20 51.51 51.83 52.15 52.47 52.80 53.13 53.45 53.78 54.10 54.42 54.74 55.05 55.35 55.64 55.92 56.19 56.45 56.69 56.93 57.14 57.34 57.52 57.68 57.82 57.92 57.96 57.91 57.77 57.54 57.20 56.75 56.18 55.48 54.65 53.69 52.57 51.39 50.23 49.09 47.98 46.90 45.86 44.85 43.87 42.94
73.97 69.25 64.74 60.75 57.34 54.46 52.09 50.17 48.67 47.53 46.72 46.20 45.92 45.85 45.93 46.08 46.25 46.43 46.63 46.83 47.04 47.27 47.51 47.76 48.02 48.29 48.57 48.87 49.17 49.49 49.82 50.16 50.50 50.85 51.21 51.58 51.94 52.31 52.68 53.05 53.42 53.78 54.14 54.50 54.85 55.19 55.53 55.85 56.16 56.46 56.75 57.02 57.28 57.52 57.74 57.93 58.06 58.11 58.07 57.94 57.72 57.38 56.94 56.37 55.67 54.84 53.87 52.75 51.56 50.38 49.23 48.11 47.02 45.95 44.92 43.93 42.97
73.12 67.93 63.31 59.31 55.89 53.01 50.63 48.71 47.21 46.07 45.27 44.75 44.48 44.41 44.50 44.67 44.85 45.05 45.26 45.48 45.71 45.96 46.22 46.49 46.78 47.08 47.39 47.71 48.05 48.40 48.76 49.13 49.51 49.90 50.29 50.69 51.10 51.51 51.92 52.33 52.75 53.16 53.57 53.97 54.37 54.77 55.15 55.53 55.90 56.26 56.60 56.93 57.25 57.55 57.82 58.04 58.18 58.24 58.22 58.10 57.88 57.55 57.10 56.54 55.84 55.01 54.03 52.91 51.71 50.52 49.36 48.22 47.11 46.03 44.98 43.97 42.99
71.85 66.55 61.91 57.90 54.47 51.59 49.21 47.28 45.77 44.64 43.84 43.32 43.06 43.00 43.10 43.28 43.47 43.68 43.90 44.14 44.39 44.66 44.94 45.24 45.55 45.87 46.21 46.57 46.93 47.31 47.71 48.11 48.53 48.95 49.39 49.83 50.27 50.72 51.18 51.64 52.10 52.55 53.01 53.46 53.92 54.36 54.80 55.23 55.66 56.07 56.47 56.87 57.24 57.60 57.89 58.13 58.28 58.36 58.34 58.23 58.02 57.70 57.26 56.69 56.00 55.16 54.18 53.05 51.84 50.65 49.47 48.32 47.20 46.10 45.03 43.99 42.99
70.52 65.20 60.55 56.53 53.09 50.20 47.81 45.88 44.37 43.24 42.44 41.93 41.67 41.61 41.72 41.91 42.11 42.33 42.57 42.82 43.09 43.38 43.68 44.00 44.33 44.68 45.05 45.43 45.83 46.24 46.66 47.10 47.56 48.02 48.49 48.97 49.46 49.95 50.45 50.95 51.46 51.96 52.47 52.97 53.48 53.97 54.47 54.95 55.43 55.91 56.37 56.82 57.25 57.63 57.95 58.19 58.37 58.46 58.45 58.35 58.15 57.83 57.39 56.83 56.13 55.30 54.31 53.17 51.96 50.76 49.57 48.41 47.26 46.15 45.06 44.00 42.98
69.23 63.90 59.23 55.20 51.75 48.85 46.45 44.52 43.00 41.87 41.06 40.56 40.30 40.25 40.36 40.56 40.77 41.01 41.26 41.53 41.81 42.12 42.44 42.78 43.13 43.51 43.90 44.31 44.73 45.17 45.63 46.10 46.59 47.09 47.60 48.13 48.66 49.19 49.73 50.28 50.83 51.39 51.94 52.50 53.05 53.60 54.15 54.69 55.23 55.76 56.28 56.78 57.24 57.64 57.98 58.25 58.43 58.53 58.54 58.45 58.26 57.94 57.51 56.95 56.25 55.41 54.43 53.28 52.06 50.85 49.65 48.47 47.32 46.18 45.08 44.00 42.95
67.98 62.63 57.95 53.90 50.44 47.53 45.13 43.18 41.67 40.53 39.72 39.21 38.96 38.91 39.03 39.24 39.46 39.70 39.97 40.25 40.55 40.87 41.21 41.57 41.95 42.34 42.76 43.19 43.64 44.12 44.60 45.11 45.64 46.17 46.73 47.29 47.86 48.44 49.03 49.62 50.22 50.82 51.43 52.03 52.64 53.24 53.85 54.45 55.04 55.63 56.20 56.74 57.22 57.64 58.00 58.28 58.48 58.60 58.62 58.54 58.35 58.04 57.61 57.05 56.36 55.52 54.53 53.38 52.15 50.93 49.72 48.53 47.36 46.21 45.08 43.98 42.91
66.77 61.40 56.70 52.64 49.17 46.25 43.83 41.89 40.36 39.22 38.41 37.90 37.65 37.61 37.73 37.94 38.17 38.43 38.70 38.99 39.31 39.65 40.00 40.38 40.78 41.20 41.63 42.09 42.57 43.07 43.59 44.13 44.69 45.26 45.85 46.46 47.07 47.70 48.33 48.97 49.62 50.27 50.92 51.58 52.24 52.90 53.56 54.21 54.87 55.51 56.11 56.67 57.18 57.62 58.00 58.30 58.51 58.64 58.68 58.61 58.42 58.12 57.70 57.14 56.45 55.61 54.61 53.46 52.22 50.99 49.77 48.57 47.38 46.21 45.07 43.95 42.85
65.61 60.22 55.50 51.42 47.94 45.01 42.58 40.62 39.09 37.94 37.13 36.62 36.37 36.33 36.46 36.67 36.91 37.17 37.46 37.76 38.09 38.44 38.82 39.21 39.63 40.07 40.53 41.01 41.51 42.04 42.59 43.15 43.74 44.35 44.98 45.63 46.29 46.96 47.64 48.32 49.02 49.72 50.43 51.14 51.85 52.57 53.28 53.99 54.70 55.37 56.00 56.59 57.12 57.58 57.98 58.30 58.53 58.67 58.72 58.66 58.48 58.19 57.77 57.22 56.52 55.68 54.68 53.52 52.28 51.04 49.81 48.59 47.39 46.21 45.04 43.90 42.79
64.49 59.08 54.34 50.25 46.75 43.80 41.37 39.40 37.86 36.70 35.89 35.38 35.12 35.08 35.21 35.43 35.68 35.95 36.24 36.56 36.90 37.26 37.65 38.06 38.49 38.95 39.44 39.94 40.47 41.02 41.59 42.19 42.81 43.45 44.12 44.81 45.51 46.22 46.95 47.68 48.43 49.18 49.94 50.70 51.47 52.24 53.01 53.78 54.52 55.22 55.88 56.49 57.04 57.53 57.94 58.28 58.53 58.69 58.75 58.70 58.53 58.24 57.83 57.28 56.58 55.74 54.74 53.58 52.33 51.08 49.83 48.61 47.39 46.19 45.01 43.85 42.71
63.41 57.98 53.23 49.11 45.60 42.64 40.19 38.21 36.66 35.50 34.68 34.16 33.91 33.87 34.00 34.22 34.47 34.75 35.05 35.37 35.72 36.10 36.50 36.93 37.38 37.86 38.36 38.89 39.44 40.02 40.62 41.24 41.89 42.57 43.26 43.99 44.73 45.49 46.26 47.05 47.84 48.65 49.46 50.27 51.10 51.92 52.74 53.55 54.32 55.05 55.74 56.37 56.95 57.46 57.89 58.25 58.52 58.69 58.76 58.72 58.56 58.28 57.87 57.32 56.63 55.78 54.78 53.61 52.36 51.10 49.85 48.61 47.38 46.16 44.96 43.78 42.62
