data_processed/recharge/precip/Precip_1994_09.asc
ncols        168
nrows        136
xllcorner    455000
yllcorner    2107000
cellsize     500
NODATA_value     -99999
[rows 0 to 32 of 136, columns 0 to 73 of 168]
254.16 250.00 246.09 242.34 238.75 235.30 231.98 228.78 225.69 222.70 219.79 216.94 214.16 211.42 208.72 206.04 203.37 200.69 198.01 195.29 192.53 189.73 186.86 183.98 181.32 178.97 176.70 174.51 172.54 170.82 169.34 168.09 167.08 166.30 165.74 165.41 165.30 165.40 165.71 166.23 166.96 167.88 169.01 170.32 171.83 173.52 175.39 177.44 179.76 182.89 187.00 190.03 191.12 191.41 191.59 191.68 191.70 191.63 191.48 191.24 190.92 190.52 190.03 189.45 188.78 188.02 187.18 186.24 185.21 184.09 182.88 181.57 180.16 178.67
257.26 253.22 249.37 245.71 242.21 238.86 235.66 232.58 229.62 226.76 224.00 221.31 218.69 216.13 213.62 211.13 208.66 206.20 203.73 201.25 198.74 196.18 193.57 190.90 188.25 185.80 183.46 181.31 179.38 177.66 176.14 174.83 173.72 172.81 172.09 171.56 171.21 171.05 171.06 171.25 171.61 172.13 172.82 173.67 174.67 175.83 177.13 178.58 180.17 182.01 184.41 186.01 186.76 187.38 187.90 188.34 188.69 188.94 189.10 189.16 189.13 189.01 188.79 188.47 188.05 187.54 186.92 186.20 185.39 184.46 183.44 182.31 181.08 179.73
260.04 256.07 252.31 248.73 245.32 242.08 238.98 236.03 233.20 230.48 227.87 225.35 222.90 220.52 218.19 215.90 213.64 211.39 209.15 206.90 204.63 202.33 199.98 197.58 195.11 192.63 190.30 188.16 186.20 184.41 182.80 181.36 180.09 178.98 178.03 177.23 176.59 176.10 175.75 175.54 175.46 175.52 175.71 176.03 176.47 177.03 177.70 178.48 179.37 180.37 181.53 182.65 183.64 184.53 185.33 186.02 186.61 187.10 187.48 187.77 187.94 188.01 187.98 187.84 187.59 187.23 186.76 186.17 185.48 184.67 183.75 182.72 181.57 180.30
262.42 258.51 254.80 251.28 247.95 244.80 241.80 238.95 236.24 233.65 231.16 228.78 226.49 224.27 222.11 220.00 217.93 215.88 213.85 211.82 209.77 207.71 205.61 203.45 201.17 198.76 196.44 194.27 192.25 190.37 188.63 187.02 185.56 184.22 183.00 181.91 180.94 180.08 179.33 178.69 178.15 177.71 177.37 177.12 176.96 176.89 176.89 176.98 177.14 177.46 178.35 179.60 180.83 181.96 182.98 183.89 184.69 185.38 185.95 186.41 186.76 186.99 187.10 187.09 186.97 186.73 186.36 185.88 185.27 184.54 183.69 182.71 181.61 180.38
264.52 260.65 256.97 253.49 250.20 247.10 244.16 241.38 238.74 236.24 233.86 231.58 229.40 227.31 225.28 223.32 221.40 219.52 217.65 215.80 213.95 212.09 210.19 208.19 205.96 203.60 201.28 199.08 196.99 195.01 193.14 191.37 189.70 188.13 186.65 185.25 183.94 182.72 181.57 180.49 179.48 178.54 177.67 176.85 176.08 175.37 174.71 174.09 173.61 173.71 174.63 175.94 177.34 178.71 179.96 181.10 182.11 183.00 183.76 184.40 184.92 185.31 185.57 185.71 185.72 185.60 185.34 184.96 184.44 183.80 183.01 182.10 181.04 179.86
266.34 262.55 258.89 255.41 252.13 249.03 246.12 243.37 240.78 238.32 236.00 233.80 231.70 229.69 227.76 225.90 224.10 222.34 220.62 218.91 217.21 215.51 213.71 211.71 209.51 207.17 204.86 202.62 200.46 198.38 196.37 194.43 192.56 190.75 189.00 187.30 185.65 184.05 182.50 180.99 179.51 178.06 176.65 175.26 173.89 172.54 171.20 169.97 169.29 169.45 170.41 171.76 173.23 174.76 176.24 177.61 178.84 179.93 180.90 181.73 182.42 182.98 183.40 183.69 183.83 183.84 183.70 183.43 183.01 182.45 181.74 180.89 179.90 178.79
267.87 264.16 260.57 257.09 253.78 250.67 247.74 244.98 242.39 239.96 237.66 235.48 233.42 231.47 229.60 227.81 226.09 224.42 222.80 221.20 219.61 217.96 216.11 214.08 211.88 209.57 207.26 204.96 202.71 200.52 198.37 196.26 194.18 192.13 190.11 188.10 186.12 184.15 182.19 180.23 178.28 176.33 174.37 172.40 170.43 168.43 166.52 165.12 164.52 164.74 165.74 167.13 168.63 170.22 171.87 173.46 174.91 176.23 177.39 178.42 179.30 180.03 180.62 181.06 181.35 181.49 181.48 181.32 181.00 180.54 179.91 179.14 178.25 177.27
269.12 265.50 261.98 258.55 255.22 252.05 249.07 246.28 243.65 241.19 238.88 236.70 234.65 232.71 230.86 229.11 227.43 225.81 224.24 222.71 221.13 219.37 217.44 215.35 213.15 210.87 208.54 206.18 203.83 201.50 199.20 196.92 194.63 192.34 190.04 187.73 185.40 183.05 180.68 178.28 175.85 173.39 170.89 168.35 165.76 163.22 161.16 159.86 159.35 159.63 160.67 162.08 163.61 165.23 166.94 168.69 170.37 171.91 173.29 174.51 175.58 176.50 177.26 177.86 178.30 178.58 178.70 178.66 178.45 178.09 177.56 176.91 176.17 175.34
270.08 266.55 263.11 259.74 256.45 253.24 250.18 247.30 244.61 242.09 239.73 237.51 235.42 233.46 231.60 229.84 228.17 226.56 225.02 223.44 221.70 219.80 217.76 215.63 213.41 211.14 208.79 206.36 203.90 201.41 198.93 196.46 193.96 191.42 188.85 186.22 183.55 180.82 178.04 175.19 172.29 169.31 166.26 163.14 160.03 157.37 155.44 154.26 153.84 154.18 155.24 156.67 158.22 159.87 161.61 163.42 165.25 167.01 168.61 170.04 171.31 172.41 173.35 174.12 174.71 175.14 175.40 175.49 175.40 175.14 174.76 174.29 173.73 173.04
270.77 267.34 263.96 260.66 257.41 254.22 251.11 248.12 245.32 242.71 240.25 237.96 235.80 233.78 231.87 230.07 228.36 226.73 225.09 223.31 221.37 219.32 217.17 214.97 212.74 210.47 208.08 205.58 203.00 200.35 197.66 194.95 192.22 189.44 186.58 183.64 180.62 177.51 174.32 171.02 167.63 164.14 160.54 156.94 153.74 151.23 149.44 148.37 148.03 148.41 149.50 150.93 152.50 154.17 155.94 157.77 159.66 161.57 163.39 165.04 166.51 167.81 168.93 169.87 170.63 171.22 171.62 171.84 171.88 171.79 171.62 171.35 170.96 170.41
271.19 267.84 264.55 261.31 258.11 254.96 251.85 248.79 245.85 243.10 240.52 238.11 235.85 233.72 231.73 229.85 228.07 226.30 224.40 222.36 220.22 218.00 215.73 213.46 211.21 208.93 206.50 203.92 201.20 198.38 195.47 192.50 189.50 186.45 183.31 180.05 176.68 173.19 169.57 165.83 161.95 157.94 153.89 150.21 147.19 144.85 143.19 142.23 141.96 142.39 143.48 144.92 146.50 148.19 149.97 151.83 153.75 155.71 157.68 159.54 161.22 162.72 164.03 165.16 166.09 166.83 167.38 167.75 167.97 168.13 168.19 168.13 167.91 167.50
271.33 268.08 264.87 261.69 258.55 255.43 252.34 249.27 246.24 243.32 240.58 238.02 235.61 233.36 231.24 229.24 227.27 225.18 222.97 220.67 218.31 215.92 213.54 211.18 208.89 206.60 204.13 201.45 198.60 195.59 192.46 189.22 185.90 182.52 179.07 175.50 171.77 167.89 163.86 159.66 155.30 150.86 146.77 143.29 140.46 138.28 136.76 135.89 135.68 136.15 137.25 138.69 140.26 141.96 143.75 145.63 147.57 149.55 151.57 153.58 155.48 157.18 158.69 160.00 161.11 162.02 162.74 163.31 163.81 164.22 164.51 164.65 164.60 164.33
271.19 268.05 264.92 261.81 258.72 255.64 252.57 249.52 246.46 243.43 240.50 237.74 235.16 232.73 230.44 228.21 225.87 223.42 220.90 218.33 215.74 213.17 210.65 208.21 205.88 203.57 201.03 198.26 195.26 192.06 188.69 185.17 181.53 177.78 173.96 170.04 165.96 161.69 157.23 152.57 147.82 143.37 139.50 136.24 133.60 131.57 130.17 129.39 129.25 129.74 130.84 132.26 133.84 135.53 137.33 139.21 141.17 143.17 145.22 147.28 149.32 151.23 152.94 154.44 155.74 156.83 157.77 158.64 159.43 160.11 160.63 160.97 161.09 160.96
270.79 267.75 264.71 261.67 258.64 255.60 252.56 249.51 246.45 243.38 240.31 237.34 234.54 231.90 229.32 226.66 223.91 221.10 218.25 215.40 212.58 209.82 207.16 204.62 202.24 199.90 197.30 194.41 191.26 187.87 184.25 180.45 176.47 172.35 168.10 163.76 159.29 154.63 149.75 144.73 139.98 135.78 132.16 129.11 126.64 124.76 123.47 122.78 122.69 123.20 124.29 125.70 127.26 128.95 130.75 132.63 134.60 136.62 138.67 140.76 142.84 144.90 146.81 148.52 150.01 151.34 152.61 153.81 154.89 155.83 156.58 157.12 157.42 157.42
270.12 267.18 264.23 261.27 258.30 255.30 252.29 249.26 246.20 243.11 239.99 236.86 233.80 230.83 227.78 224.65 221.48 218.29 215.10 211.97 208.91 205.96 203.14 200.50 198.05 195.67 193.00 190.00 186.68 183.08 179.22 175.11 170.80 166.29 161.61 156.80 151.86 146.78 141.55 136.58 132.11 128.18 124.78 121.94 119.64 117.90 116.72 116.11 116.06 116.59 117.66 119.05 120.59 122.26 124.05 125.94 127.90 129.92 131.99 134.09 136.19 138.29 140.35 142.26 144.02 145.71 147.34 148.85 150.23 151.42 152.41 153.15 153.61 153.75
269.18 266.35 263.50 260.62 257.70 254.76 251.78 248.76 245.70 242.59 239.45 236.24 232.91 229.42 225.86 222.25 218.65 215.06 211.54 208.11 204.80 201.64 198.67 195.91 193.40 190.97 188.22 185.09 181.61 177.79 173.67 169.26 164.59 159.69 154.58 149.28 143.81 138.30 133.12 128.44 124.26 120.59 117.43 114.78 112.65 111.04 109.96 109.41 109.40 109.94 110.99 112.35 113.87 115.52 117.29 119.16 121.12 123.14 125.21 127.32 129.44 131.56 133.66 135.78 137.92 140.00 141.97 143.81 145.47 146.93 148.15 149.09 149.71 150.00
267.98 265.26 262.51 259.70 256.86 253.96 251.01 248.01 244.96 241.84 238.66 235.32 231.66 227.71 223.63 219.54 215.49 211.51 207.64 203.91 200.34 196.97 193.83 190.95 188.36 185.88 183.04 179.77 176.11 172.07 167.68 162.96 157.93 152.63 147.07 141.28 135.37 129.77 124.78 120.38 116.49 113.07 110.13 107.67 105.69 104.21 103.23 102.74 102.77 103.30 104.33 105.65 107.13 108.75 110.50 112.36 114.30 116.32 118.39 120.49 122.62 124.75 126.95 129.31 131.79 134.24 136.57 138.72 140.68 142.39 143.84 144.98 145.77 146.19
266.52 263.92 261.26 258.54 255.76 252.92 250.01 247.03 243.98 240.85 237.54 233.91 229.93 225.66 221.16 216.59 212.09 207.71 203.48 199.44 195.60 192.01 188.69 185.69 183.01 180.47 177.53 174.12 170.27 165.99 161.33 156.28 150.89 145.18 139.17 132.97 127.01 121.57 116.73 112.49 108.84 105.66 102.93 100.65 98.83 97.47 96.57 96.15 96.19 96.72 97.71 98.99 100.43 102.02 103.74 105.57 107.49 109.50 111.55 113.66 115.79 118.01 120.43 123.02 125.73 128.49 131.16 133.63 135.88 137.85 139.52 140.86 141.82 142.38
264.80 262.31 259.76 257.12 254.41 251.63 248.76 245.80 242.76 239.52 235.93 231.98 227.72 223.18 218.41 213.47 208.52 203.74 199.14 194.77 190.66 186.84 183.34 180.20 177.43 174.81 171.77 168.21 164.16 159.65 154.69 149.32 143.56 137.43 131.04 124.82 119.05 113.79 109.08 104.93 101.39 98.41 95.89 93.78 92.11 90.86 90.04 89.66 89.73 90.24 91.19 92.42 93.82 95.36 97.05 98.85 100.74 102.72 104.76 106.86 109.08 111.52 114.17 116.97 119.88 122.84 125.78 128.57 131.11 133.34 135.24 136.77 137.90 138.59
262.82 260.46 258.00 255.46 252.82 250.09 247.27 244.33 241.19 237.69 233.80 229.58 225.06 220.28 215.29 210.13 204.86 199.66 194.69 190.00 185.61 181.55 177.86 174.56 171.70 169.00 165.84 162.12 157.87 153.10 147.86 142.15 136.00 129.53 123.16 117.16 111.60 106.50 101.90 97.83 94.32 91.40 89.04 87.10 85.56 84.42 83.68 83.34 83.42 83.91 84.81 85.98 87.33 88.83 90.47 92.23 94.09 96.04 98.07 100.24 102.68 105.35 108.22 111.22 114.32 117.45 120.56 123.60 126.41 128.90 131.03 132.76 134.06 134.88
260.59 258.35 256.00 253.55 250.99 248.32 245.53 242.52 239.12 235.33 231.17 226.70 221.96 216.98 211.80 206.48 201.04 195.56 190.22 185.19 180.51 176.20 172.31 168.86 165.89 163.10 159.81 155.93 151.46 146.45 140.90 134.84 128.39 121.97 115.85 110.08 104.71 99.76 95.26 91.26 87.77 84.83 82.48 80.66 79.25 78.20 77.53 77.23 77.31 77.78 78.62 79.73 81.01 82.46 84.05 85.76 87.58 89.51 91.60 94.00 96.66 99.56 102.63 105.82 109.09 112.38 115.63 118.81 121.84 124.58 126.93 128.86 130.32 131.28
258.11 255.99 253.75 251.39 248.91 246.30 243.45 240.20 236.52 232.47 228.08 223.39 218.45 213.30 207.97 202.52 196.97 191.37 185.79 180.43 175.44 170.88 166.78 163.17 160.08 157.19 153.78 149.72 145.03 139.75 133.89 127.57 121.19 115.05 109.19 103.65 98.46 93.64 89.24 85.28 81.80 78.83 76.40 74.54 73.21 72.25 71.64 71.37 71.45 71.88 72.66 73.70 74.91 76.30 77.83 79.49 81.28 83.26 85.58 88.21 91.09 94.19 97.45 100.82 104.25 107.68 111.06 114.35 117.49 120.42 122.99 125.11 126.74 127.83
255.37 253.38 251.26 249.00 246.59 243.93 240.85 237.33 233.41 229.13 224.53 219.67 214.56 209.27 203.82 198.26 192.63 186.98 181.33 175.77 170.49 165.67 161.36 157.57 154.35 151.36 147.81 143.56 138.65 133.09 127.00 120.79 114.73 108.88 103.27 97.94 92.91 88.21 83.89 79.97 76.48 73.47 70.95 68.96 67.54 66.62 66.06 65.81 65.88 66.27 66.98 67.94 69.08 70.40 71.87 73.48 75.32 77.52 80.07 82.92 86.02 89.31 92.75 96.27 99.84 103.40 106.90 110.29 113.51 116.52 119.24 121.55 123.34 124.57
252.39 250.53 248.52 246.35 243.92 241.04 237.70 233.94 229.81 225.33 220.57 215.54 210.31 204.90 199.37 193.74 188.06 182.38 176.73 171.15 165.72 160.65 156.10 152.14 148.79 145.68 141.98 137.54 132.39 126.64 120.69 114.82 109.08 103.51 98.14 93.00 88.13 83.54 79.29 75.39 71.89 68.81 66.19 64.06 62.45 61.39 60.82 60.59 60.64 60.99 61.62 62.49 63.56 64.80 66.20 67.87 69.93 72.37 75.14 78.20 81.49 84.96 88.56 92.23 95.93 99.60 103.20 106.67 109.96 113.02 115.80 118.23 120.18 121.55
249.16 247.43 245.54 243.36 240.71 237.59 234.02 230.06 225.74 221.11 216.20 211.05 205.72 200.23 194.64 188.97 183.28 177.60 171.98 166.45 161.05 155.87 151.11 146.96 143.46 140.23 136.37 131.73 126.42 120.84 115.27 109.75 104.33 99.03 93.88 88.92 84.18 79.70 75.50 71.61 68.08 64.93 62.20 59.91 58.10 56.80 56.04 55.76 55.79 56.08 56.63 57.41 58.39 59.56 61.01 62.89 65.19 67.85 70.84 74.09 77.56 81.19 84.94 88.74 92.56 96.33 100.02 103.56 106.90 110.00 112.80 115.26 117.30 118.79
245.69 244.09 242.20 239.82 236.94 233.60 229.84 225.70 221.23 216.47 211.45 206.22 200.82 195.28 189.66 183.99 178.31 172.67 167.10 161.64 156.35 151.25 146.43 142.09 138.45 135.09 131.07 126.30 121.19 116.02 110.83 105.65 100.53 95.48 90.55 85.76 81.15 76.75 72.59 68.71 65.13 61.90 59.03 56.57 54.55 53.00 51.95 51.43 51.37 51.60 52.06 52.74 53.63 54.84 56.50 58.62 61.15 64.03 67.21 70.65 74.28 78.06 81.94 85.86 89.78 93.64 97.40 100.99 104.38 107.50 110.31 112.76 114.80 116.35
241.97 240.39 238.30 235.70 232.62 229.10 225.18 220.90 216.31 211.45 206.35 201.06 195.62 190.07 184.45 178.81 173.17 167.60 162.12 156.77 151.61 146.66 141.97 137.62 133.83 130.33 126.22 121.69 117.02 112.26 107.44 102.59 97.75 92.94 88.21 83.58 79.08 74.76 70.63 66.73 63.10 59.77 56.77 54.13 51.88 50.06 48.70 47.83 47.48 47.58 47.94 48.53 49.45 50.87 52.78 55.13 57.87 60.95 64.31 67.91 71.70 75.61 79.61 83.64 87.65 91.58 95.39 99.03 102.44 105.58 108.39 110.81 112.81 114.33
237.88 236.13 233.83 231.03 227.78 224.11 220.06 215.67 210.99 206.06 200.92 195.60 190.16 184.62 179.04 173.45 167.90 162.42 157.06 151.85 146.85 142.08 137.60 133.44 129.67 126.12 122.28 118.22 113.99 109.63 105.17 100.63 96.06 91.49 86.94 82.46 78.06 73.80 69.69 65.77 62.07 58.62 55.47 52.63 50.15 48.05 46.37 45.13 44.38 44.14 44.34 44.95 46.09 47.76 49.90 52.46 55.40 58.67 62.20 65.95 69.87 73.91 78.01 82.13 86.21 90.21 94.06 97.73 101.15 104.28 107.07 109.47 111.41 112.86
233.20 231.25 228.77 225.82 222.43 218.64 214.50 210.04 205.30 200.34 195.18 189.88 184.46 178.98 173.47 167.97 162.53 157.18 151.98 146.95 142.14 137.59 133.34 129.44 125.90 122.61 119.25 115.67 111.88 107.92 103.81 99.59 95.29 90.95 86.59 82.24 77.95 73.74 69.64 65.70 61.93 58.37 55.06 52.03 49.31 46.93 44.92 43.32 42.16 41.47 41.41 42.16 43.55 45.45 47.80 50.57 53.69 57.13 60.81 64.70 68.74 72.89 77.08 81.28 85.42 89.46 93.35 97.02 100.45 103.56 106.32 108.66 110.55 111.92
227.88 225.70 223.10 220.03 216.55 212.69 208.50 204.01 199.27 194.32 189.19 183.94 178.60 173.21 167.82 162.46 157.18 152.01 147.01 142.20 137.63 133.34 129.38 125.76 122.42 119.31 116.31 113.22 109.90 106.37 102.64 98.76 94.76 90.67 86.52 82.35 78.18 74.06 70.01 66.06 62.25 58.61 55.17 51.97 49.03 46.40 44.09 42.15 40.62 39.61 39.35 40.02 41.56 43.67 46.23 49.19 52.48 56.07 59.89 63.90 68.05 72.29 76.56 80.82 85.01 89.07 92.97 96.65 100.06 103.14 105.85 108.13 109.93 111.21
222.15 219.60 216.83 213.70 210.18 206.30 202.11 197.64 192.94 188.05 183.01 177.86 172.64 167.40 162.17 157.00 151.92 146.98 142.22 137.68 133.41 129.43 125.77 122.37 119.19 116.22 113.39 110.66 107.82 104.74 101.43 97.93 94.26 90.46 86.56 82.59 78.59 74.59 70.61 66.70 62.89 59.20 55.67 52.33 49.22 46.36 43.79 41.56 39.77 38.62 38.19 38.67 40.12 42.37 45.11 48.23 51.68 55.40 59.35 63.47 67.72 72.03 76.36 80.66 84.88 88.96 92.86 96.52 99.89 102.93 105.57 107.77 109.48 110.65
216.14 213.17 210.11 206.90 203.38 199.52 195.38 190.98 186.37 181.58 176.67 171.68 166.63 161.58 156.57 151.63 146.81 142.14 137.68 133.46 129.52 125.88 122.46 119.23 116.20 113.36 110.67 108.10 105.61 103.01 100.16 97.06 93.76 90.29 86.67 82.94 79.14 75.29 71.43 67.59 63.80 60.09 56.51 53.07 49.82 46.77 43.99 41.57 39.71 38.45 37.87 38.17 39.42 41.56 44.41 47.69 51.28 55.12 59.18 63.39 67.71 72.09 76.46 80.80 85.03 89.11 92.99 96.62 99.94 102.91 105.48 107.58 109.18 110.23
209.88 206.55 203.16 199.73 196.20 192.42 188.36 184.08 179.61 174.98 170.25 165.45 160.63 155.82 151.07 146.41 141.89 137.55 133.44 129.58 126.00 122.62 119.38 116.31 113.43 110.74 108.18 105.74 103.41 101.15 98.77 96.12 93.22 90.11 86.81 83.35 79.78 76.12 72.41 68.67 64.95 61.26 57.66 54.15 50.79 47.61 44.72 42.29 40.39 39.05 38.33 38.46 39.52 41.45 44.18 47.54 51.25 55.20 59.35 63.64 68.02 72.44 76.85 81.20 85.43 89.49 93.34 96.92 100.18 103.08 105.55 107.54 109.01 109.95
