data_processed/recharge/precip/Precip_2009_03.asc
ncols        168
nrows        136
xllcorner    455000
yllcorner    2107000
cellsize     500
NODATA_value     -99999
[rows 35 to 69 of 136, columns 80 to 159 of 168]
5.76 5.78 5.81 5.86 5.91 5.98 6.05 6.14 6.24 6.34 6.46 6.58 6.72 6.86 7.00 7.16 7.32 7.49 7.67 7.85 8.03 8.22 8.42 8.62 8.82 9.03 9.24 9.45 9.66 9.88 10.09 10.31 10.53 10.75 10.97 11.19 11.40 11.62 11.83 12.05 12.25 12.46 12.66 12.86 13.06 13.25 13.44 13.63 13.81 13.98 14.16 14.33 14.50 14.66 14.82 14.99 15.15 15.32 15.50 15.67 15.85 16.03 16.21 16.40 16.58 16.76 16.95 17.13 17.31 17.49 17.67 17.85 18.02 18.19 18.36 18.53 18.69 18.84 19.00 19.14
6.09 6.11 6.15 6.20 6.26 6.34 6.42 6.51 6.61 6.72 6.84 6.97 7.11 7.25 7.40 7.56 7.72 7.89 8.07 8.25 8.43 8.62 8.82 9.02 9.22 9.42 9.63 9.84 10.05 10.26 10.47 10.68 10.90 11.11 11.32 11.53 11.74 11.95 12.16 12.36 12.56 12.76 12.96 13.15 13.33 13.51 13.69 13.86 14.03 14.19 14.35 14.51 14.66 14.81 14.97 15.13 15.29 15.45 15.62 15.79 15.97 16.14 16.32 16.49 16.67 16.85 17.03 17.21 17.38 17.56 17.73 17.90 18.07 18.24 18.40 18.56 18.72 18.87 19.02 19.16
6.45 6.48 6.53 6.59 6.65 6.73 6.82 6.92 7.02 7.14 7.26 7.39 7.53 7.67 7.83 7.98 8.15 8.32 8.49 8.68 8.86 9.05 9.24 9.44 9.63 9.84 10.04 10.24 10.45 10.66 10.86 11.07 11.28 11.49 11.69 11.89 12.10 12.30 12.50 12.69 12.88 13.07 13.25 13.43 13.61 13.77 13.94 14.10 14.25 14.40 14.54 14.69 14.83 14.97 15.12 15.27 15.43 15.59 15.75 15.92 16.08 16.25 16.42 16.60 16.77 16.94 17.11 17.28 17.45 17.62 17.79 17.96 18.12 18.28 18.44 18.60 18.75 18.89 19.03 19.17
6.85 6.89 6.95 7.01 7.08 7.16 7.25 7.35 7.46 7.58 7.71 7.84 7.98 8.13 8.28 8.44 8.60 8.77 8.95 9.13 9.31 9.50 9.69 9.88 10.07 10.27 10.47 10.67 10.87 11.07 11.27 11.47 11.67 11.87 12.07 12.27 12.46 12.65 12.84 13.02 13.21 13.38 13.56 13.72 13.88 14.04 14.19 14.34 14.47 14.61 14.74 14.87 15.00 15.14 15.28 15.43 15.58 15.73 15.89 16.05 16.21 16.37 16.53 16.70 16.87 17.03 17.20 17.36 17.53 17.69 17.86 18.02 18.17 18.33 18.48 18.63 18.77 18.91 19.05 19.18
7.30 7.34 7.40 7.47 7.54 7.63 7.72 7.83 7.94 8.06 8.19 8.32 8.46 8.61 8.76 8.92 9.08 9.25 9.42 9.60 9.78 9.97 10.15 10.34 10.53 10.72 10.92 11.11 11.31 11.50 11.70 11.89 12.08 12.27 12.46 12.65 12.83 13.02 13.19 13.37 13.54 13.70 13.86 14.02 14.17 14.31 14.45 14.58 14.70 14.82 14.93 15.06 15.18 15.31 15.45 15.59 15.73 15.88 16.03 16.18 16.34 16.49 16.65 16.81 16.97 17.13 17.29 17.45 17.61 17.76 17.92 18.07 18.22 18.37 18.52 18.66 18.80 18.93 19.06 19.19
7.79 7.84 7.90 7.97 8.05 8.14 8.24 8.34 8.46 8.58 8.71 8.84 8.98 9.13 9.28 9.44 9.60 9.77 9.94 10.11 10.29 10.46 10.65 10.83 11.02 11.20 11.39 11.58 11.76 11.95 12.14 12.32 12.51 12.69 12.87 13.05 13.22 13.39 13.56 13.72 13.88 14.03 14.18 14.32 14.46 14.58 14.71 14.82 14.93 15.03 15.14 15.26 15.37 15.50 15.63 15.76 15.90 16.04 16.18 16.32 16.47 16.62 16.77 16.92 17.08 17.23 17.38 17.53 17.69 17.84 17.99 18.13 18.28 18.42 18.56 18.69 18.82 18.95 19.07 19.19
8.51 8.56 8.62 8.68 8.76 8.85 8.94 9.05 9.16 9.27 9.40 9.53 9.66 9.80 9.95 10.10 10.25 10.41 10.58 10.74 10.91 11.08 11.25 11.43 11.60 11.78 11.95 12.13 12.30 12.48 12.65 12.83 13.00 13.16 13.33 13.49 13.65 13.80 13.95 14.10 14.24 14.38 14.51 14.63 14.75 14.85 14.96 15.05 15.15 15.25 15.35 15.46 15.57 15.69 15.81 15.93 16.06 16.19 16.33 16.47 16.61 16.75 16.89 17.04 17.18 17.33 17.48 17.62 17.77 17.91 18.05 18.19 18.33 18.46 18.59 18.72 18.85 18.97 19.08 19.19
9.57 9.61 9.66 9.72 9.79 9.87 9.95 10.04 10.14 10.25 10.36 10.47 10.60 10.72 10.86 10.99 11.13 11.27 11.42 11.57 11.72 11.87 12.03 12.19 12.34 12.50 12.66 12.81 12.97 13.12 13.27 13.43 13.57 13.72 13.86 14.00 14.14 14.27 14.39 14.51 14.63 14.74 14.84 14.94 15.03 15.11 15.18 15.26 15.35 15.45 15.55 15.66 15.76 15.87 15.98 16.10 16.22 16.35 16.48 16.61 16.74 16.88 17.01 17.15 17.29 17.43 17.56 17.70 17.84 17.98 18.11 18.24 18.37 18.50 18.63 18.75 18.87 18.98 19.09 19.19
10.99 11.01 11.04 11.09 11.14 11.19 11.26 11.33 11.41 11.49 11.58 11.68 11.78 11.88 11.99 12.10 12.22 12.34 12.46 12.59 12.71 12.84 12.97 13.10 13.23 13.36 13.49 13.61 13.74 13.87 13.99 14.11 14.23 14.34 14.45 14.56 14.66 14.76 14.86 14.94 15.02 15.10 15.17 15.23 15.28 15.33 15.38 15.46 15.55 15.65 15.75 15.85 15.95 16.05 16.16 16.27 16.38 16.50 16.62 16.74 16.87 17.00 17.13 17.26 17.39 17.52 17.65 17.78 17.91 18.04 18.17 18.29 18.42 18.54 18.66 18.77 18.88 18.99 19.09 19.19
12.73 12.73 12.74 12.75 12.77 12.81 12.84 12.89 12.94 12.99 13.05 13.12 13.19 13.26 13.34 13.42 13.51 13.59 13.68 13.77 13.87 13.96 14.05 14.15 14.24 14.34 14.43 14.52 14.61 14.70 14.78 14.87 14.95 15.02 15.09 15.16 15.22 15.28 15.33 15.38 15.42 15.45 15.48 15.49 15.51 15.52 15.57 15.64 15.73 15.83 15.93 16.03 16.13 16.22 16.32 16.43 16.53 16.64 16.76 16.87 16.99 17.11 17.24 17.36 17.48 17.61 17.73 17.86 17.98 18.10 18.22 18.34 18.46 18.57 18.68 18.79 18.89 18.99 19.09 19.18
14.79 14.76 14.73 14.71 14.70 14.69 14.69 14.70 14.71 14.73 14.75 14.78 14.81 14.85 14.89 14.93 14.97 15.02 15.07 15.12 15.17 15.22 15.27 15.32 15.37 15.42 15.47 15.52 15.56 15.60 15.64 15.68 15.71 15.74 15.76 15.78 15.80 15.80 15.81 15.80 15.79 15.77 15.75 15.71 15.69 15.70 15.75 15.81 15.90 16.00 16.11 16.20 16.30 16.39 16.49 16.58 16.68 16.79 16.89 17.00 17.11 17.23 17.34 17.46 17.57 17.69 17.81 17.93 18.04 18.16 18.27 18.38 18.49 18.60 18.70 18.80 18.90 18.99 19.08 19.17
17.15 17.07 17.01 16.94 16.89 16.84 16.79 16.76 16.72 16.70 16.67 16.66 16.64 16.63 16.62 16.61 16.61 16.61 16.60 16.60 16.60 16.60 16.60 16.60 16.60 16.60 16.60 16.59 16.58 16.57 16.55 16.53 16.51 16.48 16.45 16.41 16.37 16.32 16.26 16.20 16.13 16.05 15.97 15.90 15.86 15.87 15.91 15.98 16.06 16.17 16.27 16.36 16.46 16.55 16.64 16.73 16.83 16.92 17.02 17.12 17.23 17.33 17.44 17.55 17.66 17.77 17.88 17.99 18.10 18.21 18.31 18.42 18.52 18.62 18.72 18.81 18.90 18.99 19.07 19.15
19.80 19.67 19.55 19.44 19.33 19.23 19.13 19.04 18.96 18.87 18.80 18.72 18.65 18.58 18.52 18.46 18.40 18.34 18.28 18.22 18.16 18.10 18.04 17.98 17.92 17.85 17.79 17.72 17.65 17.57 17.50 17.41 17.33 17.23 17.14 17.03 16.92 16.81 16.69 16.56 16.42 16.28 16.15 16.06 16.03 16.03 16.06 16.13 16.21 16.32 16.42 16.51 16.61 16.70 16.79 16.88 16.97 17.05 17.15 17.24 17.34 17.44 17.54 17.64 17.74 17.85 17.95 18.05 18.15 18.26 18.35 18.45 18.55 18.64 18.73 18.82 18.90 18.98 19.06 19.13
22.64 22.53 22.35 22.18 22.01 21.85 21.69 21.54 21.39 21.25 21.11 20.97 20.84 20.70 20.57 20.45 20.32 20.19 20.07 19.94 19.82 19.69 19.56 19.43 19.30 19.17 19.04 18.90 18.76 18.61 18.46 18.31 18.15 17.98 17.81 17.63 17.45 17.26 17.06 16.86 16.65 16.46 16.31 16.22 16.18 16.17 16.20 16.27 16.35 16.45 16.55 16.65 16.75 16.84 16.93 17.02 17.10 17.18 17.27 17.35 17.44 17.54 17.63 17.72 17.82 17.92 18.01 18.11 18.20 18.30 18.39 18.48 18.57 18.66 18.74 18.82 18.90 18.97 19.04 19.10
25.51 25.57 25.39 25.15 24.92 24.68 24.46 24.24 24.02 23.80 23.59 23.38 23.18 22.97 22.77 22.57 22.37 22.17 21.97 21.77 21.56 21.36 21.16 20.95 20.75 20.53 20.32 20.10 19.88 19.66 19.43 19.19 18.95 18.71 18.46 18.20 17.93 17.66 17.38 17.09 16.83 16.62 16.47 16.37 16.32 16.31 16.34 16.40 16.48 16.58 16.68 16.78 16.87 16.97 17.05 17.14 17.22 17.30 17.38 17.46 17.55 17.63 17.72 17.80 17.89 17.98 18.07 18.16 18.25 18.34 18.42 18.50 18.59 18.67 18.74 18.82 18.89 18.95 19.01 19.07
28.35 28.61 28.59 28.34 28.03 27.72 27.41 27.11 26.82 26.52 26.23 25.94 25.66 25.37 25.09 24.80 24.52 24.24 23.96 23.67 23.39 23.10 22.81 22.52 22.23 21.93 21.63 21.33 21.02 20.71 20.39 20.07 19.74 19.40 19.06 18.71 18.35 17.99 17.62 17.27 16.99 16.77 16.61 16.50 16.45 16.43 16.46 16.52 16.60 16.70 16.80 16.90 16.99 17.08 17.17 17.25 17.34 17.42 17.49 17.57 17.64 17.72 17.80 17.88 17.96 18.04 18.12 18.21 18.29 18.37 18.45 18.52 18.60 18.67 18.74 18.81 18.87 18.93 18.98 19.03
31.13 31.60 31.77 31.66 31.33 30.94 30.55 30.16 29.78 29.40 29.02 28.64 28.26 27.89 27.52 27.14 26.77 26.40 26.02 25.65 25.27 24.89 24.51 24.12 23.74 23.34 22.95 22.55 22.15 21.74 21.32 20.90 20.48 20.04 19.60 19.16 18.70 18.24 17.80 17.44 17.14 16.91 16.74 16.63 16.57 16.55 16.57 16.62 16.71 16.81 16.90 17.00 17.09 17.18 17.27 17.36 17.44 17.52 17.59 17.66 17.73 17.80 17.87 17.95 18.02 18.10 18.17 18.25 18.32 18.40 18.47 18.54 18.61 18.67 18.73 18.79 18.85 18.90 18.95 18.99
33.86 34.52 34.88 34.95 34.75 34.33 33.85 33.36 32.88 32.41 31.93 31.46 30.98 30.51 30.04 29.57 29.10 28.62 28.15 27.67 27.19 26.71 26.23 25.74 25.25 24.76 24.26 23.76 23.25 22.74 22.22 21.69 21.16 20.62 20.08 19.52 18.96 18.43 17.97 17.59 17.28 17.04 16.87 16.75 16.68 16.65 16.67 16.72 16.80 16.90 17.00 17.10 17.19 17.28 17.37 17.45 17.53 17.61 17.68 17.75 17.82 17.88 17.95 18.01 18.08 18.15 18.22 18.28 18.35 18.42 18.48 18.55 18.61 18.67 18.72 18.78 18.82 18.87 18.91 18.95
36.54 37.37 37.91 38.15 38.12 37.81 37.29 36.70 36.12 35.54 34.96 34.38 33.80 33.22 32.64 32.06 31.48 30.90 30.32 29.74 29.15 28.56 27.97 27.37 26.77 26.16 25.55 24.94 24.32 23.69 23.06 22.42 21.78 21.12 20.46 19.79 19.16 18.60 18.13 17.73 17.42 17.17 16.98 16.85 16.78 16.75 16.76 16.81 16.89 16.99 17.09 17.18 17.27 17.36 17.45 17.53 17.61 17.69 17.76 17.83 17.89 17.95 18.01 18.07 18.13 18.19 18.25 18.32 18.38 18.44 18.49 18.55 18.60 18.66 18.71 18.75 18.79 18.83 18.87 18.90
39.17 40.16 40.85 41.25 41.38 41.22 40.80 40.16 39.47 38.78 38.08 37.39 36.70 36.00 35.31 34.62 33.92 33.23 32.53 31.82 31.12 30.41 29.70 28.99 28.27 27.54 26.81 26.08 25.34 24.59 23.83 23.07 22.30 21.53 20.74 20.00 19.33 18.76 18.27 17.87 17.54 17.28 17.08 16.95 16.87 16.83 16.84 16.89 16.97 17.06 17.16 17.26 17.35 17.43 17.52 17.60 17.68 17.75 17.82 17.89 17.96 18.02 18.07 18.12 18.18 18.23 18.29 18.34 18.39 18.45 18.50 18.55 18.60 18.64 18.68 18.72 18.76 18.79 18.82 18.84
41.73 42.86 43.70 44.25 44.52 44.51 44.22 43.67 42.92 42.11 41.29 40.48 39.66 38.85 38.03 37.21 36.39 35.57 34.75 33.92 33.09 32.26 31.42 30.58 29.73 28.88 28.02 27.15 26.28 25.41 24.52 23.63 22.73 21.83 20.96 20.18 19.50 18.91 18.41 17.99 17.65 17.38 17.18 17.04 16.95 16.91 16.91 16.96 17.03 17.13 17.23 17.32 17.41 17.50 17.58 17.66 17.74 17.81 17.88 17.95 18.01 18.07 18.12 18.17 18.22 18.27 18.31 18.36 18.41 18.45 18.50 18.54 18.58 18.62 18.66 18.69 18.72 18.74 18.76 18.78
44.22 45.49 46.46 47.15 47.54 47.66 47.50 47.08 46.40 45.51 44.57 43.63 42.68 41.73 40.79 39.84 38.88 37.93 36.97 36.01 35.05 34.08 33.11 32.13 31.14 30.16 29.16 28.16 27.15 26.14 25.11 24.08 23.05 22.05 21.15 20.35 19.66 19.05 18.54 18.11 17.76 17.48 17.26 17.11 17.02 16.97 16.98 17.02 17.09 17.19 17.28 17.38 17.46 17.55 17.63 17.71 17.79 17.86 17.93 17.99 18.05 18.11 18.16 18.21 18.25 18.29 18.33 18.37 18.41 18.45 18.49 18.53 18.56 18.59 18.62 18.65 18.67 18.69 18.70 18.71
46.64 48.03 49.13 49.93 50.44 50.67 50.63 50.32 49.75 48.93 47.90 46.82 45.74 44.65 43.56 42.47 41.38 40.28 39.18 38.08 36.97 35.86 34.75 33.62 32.50 31.36 30.22 29.08 27.92 26.76 25.59 24.42 23.28 22.25 21.33 20.52 19.81 19.19 18.66 18.22 17.85 17.56 17.34 17.18 17.08 17.03 17.03 17.07 17.14 17.23 17.33 17.42 17.51 17.59 17.67 17.75 17.83 17.90 17.96 18.03 18.08 18.14 18.19 18.24 18.28 18.32 18.35 18.38 18.42 18.45 18.48 18.51 18.54 18.56 18.58 18.60 18.62 18.63 18.64 18.64
48.98 50.48 51.69 52.59 53.21 53.55 53.61 53.40 52.92 52.19 51.22 50.05 48.81 47.58 46.34 45.10 43.86 42.62 41.37 40.11 38.86 37.59 36.33 35.05 33.77 32.48 31.19 29.89 28.58 27.27 25.94 24.67 23.50 22.45 21.51 20.68 19.95 19.31 18.77 18.32 17.94 17.64 17.41 17.24 17.13 17.08 17.07 17.11 17.18 17.27 17.37 17.46 17.54 17.63 17.71 17.78 17.85 17.92 17.99 18.05 18.11 18.16 18.21 18.25 18.29 18.33 18.36 18.39 18.41 18.44 18.46 18.48 18.50 18.52 18.54 18.55 18.56 18.56 18.57 18.56
51.25 52.85 54.14 55.14 55.85 56.27 56.42 56.30 55.91 55.27 54.37 53.23 51.90 50.51 49.12 47.72 46.32 44.92 43.51 42.10 40.68 39.26 37.83 36.39 34.95 33.50 32.05 30.59 29.11 27.64 26.21 24.89 23.70 22.63 21.67 20.83 20.08 19.43 18.88 18.41 18.02 17.71 17.47 17.29 17.18 17.12 17.11 17.14 17.21 17.30 17.39 17.48 17.57 17.65 17.73 17.80 17.87 17.94 18.00 18.06 18.12 18.17 18.22 18.26 18.30 18.33 18.36 18.38 18.40 18.42 18.44 18.45 18.47 18.48 18.49 18.49 18.50 18.49 18.49 18.48
53.43 55.11 56.48 57.56 58.35 58.85 59.07 59.03 58.71 58.14 57.31 56.23 54.92 53.42 51.87 50.30 48.74 47.17 45.59 44.01 42.43 40.84 39.24 37.64 36.03 34.41 32.78 31.15 29.51 27.92 26.45 25.11 23.90 22.81 21.83 20.97 20.20 19.54 18.97 18.49 18.09 17.77 17.52 17.34 17.21 17.15 17.13 17.16 17.23 17.32 17.41 17.50 17.58 17.66 17.74 17.81 17.88 17.95 18.01 18.07 18.12 18.17 18.22 18.26 18.29 18.32 18.35 18.37 18.38 18.40 18.41 18.42 18.42 18.43 18.43 18.43 18.43 18.42 18.40 18.39
55.52 57.27 58.71 59.86 60.71 61.28 61.56 61.57 61.32 60.80 60.03 59.01 57.75 56.25 54.58 52.84 51.10 49.36 47.61 45.85 44.09 42.32 40.55 38.77 36.98 35.18 33.38 31.57 29.81 28.18 26.69 25.33 24.09 22.98 21.98 21.10 20.32 19.64 19.06 18.56 18.15 17.82 17.56 17.37 17.24 17.17 17.15 17.17 17.24 17.33 17.42 17.50 17.59 17.67 17.74 17.81 17.88 17.95 18.01 18.06 18.11 18.16 18.20 18.24 18.27 18.30 18.33 18.34 18.36 18.37 18.37 18.37 18.37 18.37 18.37 18.36 18.35 18.33 18.32 18.29
57.52 59.32 60.82 62.02 62.93 63.54 63.88 63.93 63.72 63.25 62.52 61.54 60.32 58.87 57.18 55.31 53.39 51.47 49.53 47.59 45.65 43.69 41.73 39.77 37.79 35.81 33.82 31.89 30.09 28.43 26.91 25.53 24.27 23.14 22.13 21.22 20.43 19.73 19.14 18.63 18.21 17.86 17.59 17.39 17.26 17.18 17.15 17.18 17.24 17.33 17.42 17.50 17.58 17.66 17.74 17.81 17.87 17.94 17.99 18.05 18.10 18.14 18.18 18.22 18.25 18.27 18.29 18.31 18.32 18.33 18.33 18.32 18.32 18.31 18.30 18.28 18.27 18.24 18.22 18.19
59.42 61.27 62.81 64.05 64.99 65.64 66.01 66.11 65.93 65.49 64.79 63.84 62.64 61.21 59.55 57.66 55.60 53.48 51.36 49.22 47.09 44.94 42.79 40.63 38.46 36.28 34.17 32.19 30.36 28.68 27.13 25.73 24.45 23.30 22.26 21.34 20.53 19.82 19.21 18.69 18.25 17.90 17.62 17.41 17.27 17.18 17.15 17.17 17.23 17.32 17.41 17.49 17.57 17.65 17.72 17.79 17.85 17.91 17.97 18.02 18.07 18.11 18.15 18.18 18.21 18.24 18.25 18.27 18.28 18.28 18.28 18.27 18.26 18.24 18.22 18.20 18.18 18.15 18.12 18.08
61.22 63.10 64.67 65.94 66.90 67.58 67.97 68.09 67.93 67.50 66.82 65.89 64.71 63.29 61.63 59.75 57.66 55.39 53.06 50.73 48.39 46.04 43.69 41.32 38.96 36.65 34.48 32.48 30.62 28.91 27.35 25.92 24.62 23.44 22.39 21.45 20.62 19.90 19.27 18.74 18.29 17.92 17.64 17.42 17.27 17.18 17.15 17.16 17.22 17.31 17.39 17.47 17.55 17.63 17.70 17.76 17.83 17.88 17.94 17.99 18.03 18.07 18.11 18.14 18.17 18.19 18.20 18.21 18.22 18.22 18.21 18.20 18.19 18.16 18.14 18.11 18.08 18.05 18.01 17.96
62.92 64.81 66.40 67.68 68.66 69.35 69.75 69.87 69.72 69.30 68.62 67.69 66.51 65.08 63.43 61.55 59.44 57.12 54.64 52.10 49.55 46.99 44.42 41.86 39.35 36.99 34.79 32.76 30.88 29.14 27.55 26.10 24.78 23.59 22.51 21.56 20.71 19.97 19.33 18.78 18.32 17.94 17.65 17.42 17.26 17.17 17.13 17.14 17.20 17.28 17.36 17.45 17.52 17.59 17.66 17.73 17.79 17.84 17.90 17.94 17.99 18.02 18.06 18.09 18.11 18.13 18.14 18.15 18.15 18.15 18.14 18.13 18.11 18.08 18.05 18.02 17.98 17.94 17.89 17.84
64.50 66.40 67.99 69.27 70.25 70.94 71.33 71.45 71.29 70.86 70.17 69.23 68.04 66.60 64.93 63.03 60.91 58.57 56.02 53.31 50.54 47.77 44.99 42.27 39.71 37.32 35.10 33.03 31.13 29.37 27.75 26.28 24.93 23.72 22.63 21.65 20.79 20.03 19.37 18.81 18.34 17.95 17.65 17.41 17.25 17.15 17.10 17.11 17.17 17.25 17.33 17.41 17.48 17.55 17.62 17.68 17.74 17.80 17.85 17.89 17.93 17.97 18.00 18.02 18.04 18.06 18.07 18.08 18.08 18.07 18.06 18.04 18.02 17.99 17.95 17.91 17.87 17.82 17.77 17.72
65.97 67.87 69.44 70.71 71.68 72.35 72.73 72.82 72.64 72.20 71.48 70.52 69.30 67.84 66.14 64.20 62.05 59.68 57.09 54.31 51.36 48.36 45.43 42.66 40.07 37.65 35.40 33.30 31.37 29.58 27.95 26.45 25.08 23.85 22.73 21.74 20.86 20.09 19.41 18.84 18.36 17.96 17.64 17.40 17.23 17.12 17.07 17.07 17.13 17.21 17.29 17.36 17.44 17.51 17.57 17.63 17.69 17.74 17.79 17.83 17.87 17.90 17.93 17.95 17.97 17.98 17.99 17.99 17.99 17.98 17.97 17.95 17.92 17.89 17.85 17.80 17.75 17.70 17.64 17.59
67.33 69.20 70.75 71.99 72.93 73.57 73.92 73.99 73.78 73.29 72.55 71.54 70.28 68.78 67.04 65.06 62.86 60.44 57.81 54.97 51.94 48.83 45.85 43.04 40.42 37.97 35.69 33.57 31.61 29.80 28.13 26.61 25.22 23.97 22.83 21.82 20.92 20.13 19.45 18.86 18.36 17.96 17.63 17.38 17.20 17.08 17.03 17.03 17.08 17.16 17.24 17.31 17.38 17.45 17.51 17.57 17.63 17.67 17.72 17.76 17.80 17.83 17.85 17.87 17.89 17.90 17.90 17.90 17.89 17.88 17.86 17.84 17.81 17.77 17.73 17.68 17.63 17.57 17.51 17.45
68.56 70.39 71.91 73.11 74.01 74.61 74.92 74.94 74.68 74.15 73.35 72.30 70.99 69.43 67.63 65.60 63.34 60.87 58.17 55.28 52.26 49.23 46.26 43.42 40.77 38.28 35.97 33.83 31.84 30.00 28.31 26.77 25.36 24.08 22.93 21.90 20.98 20.18 19.47 18.87 18.36 17.94 17.61 17.35 17.16 17.04 16.98 16.98 17.02 17.10 17.18 17.25 17.32 17.38 17.45 17.50 17.55 17.60 17.64 17.68 17.71 17.74 17.76 17.78 17.79 17.80 17.80 17.80 17.79 17.77 17.75 17.73 17.69 17.65 17.61 17.55 17.50 17.44 17.38 17.32
