data_processed/recharge/precip/Precip_1985_09.asc
ncols        168
nrows        136
xllcorner    455000
yllcorner    2107000
cellsize     500
NODATA_value     -99999
[rows 99 to 131 of 136, columns 75 to 149 of 168]
89.26 89.29 89.35 89.27 88.91 88.31 87.52 86.59 85.60 84.59 83.63 82.78 82.07 81.37 80.66 80.00 79.44 79.04 78.85 78.92 79.32 80.09 81.21 82.60 84.27 86.24 88.44 90.74 93.08 95.47 97.89 100.32 102.75 105.18 107.58 109.95 112.32 114.71 117.10 119.46 121.79 124.07 126.28 128.40 130.42 132.30 133.99 135.46 136.65 137.44 137.64 137.22 136.18 134.53 132.28 129.44 126.01 122.01 117.44 112.52 107.42 102.24 97.06 91.98 87.09 82.47 78.21 74.41 71.11 68.30 66.02 64.34 63.18 62.36 61.83
87.32 87.42 87.59 87.79 87.89 87.73 87.34 86.78 86.11 85.39 84.69 84.05 83.52 82.98 82.42 81.89 81.45 81.16 81.07 81.23 81.69 82.44 83.39 84.56 85.97 87.67 89.68 91.91 94.23 96.59 98.99 101.42 103.85 106.28 108.69 111.07 113.47 115.88 118.30 120.69 123.06 125.37 127.63 129.79 131.85 133.75 135.45 136.93 138.16 139.10 139.61 139.50 138.75 137.35 135.32 132.66 129.37 125.48 121.00 116.12 111.05 105.86 100.64 95.50 90.51 85.77 81.36 77.34 73.70 70.47 67.74 65.56 64.00 62.99 62.35
85.36 85.52 85.76 86.07 86.45 86.74 86.79 86.64 86.34 85.95 85.53 85.15 84.83 84.49 84.11 83.76 83.48 83.33 83.37 83.65 84.14 84.77 85.55 86.52 87.69 89.13 90.85 92.88 95.14 97.48 99.86 102.26 104.69 107.11 109.52 111.92 114.33 116.76 119.20 121.62 124.01 126.36 128.65 130.85 132.93 134.84 136.57 138.08 139.34 140.33 141.01 141.23 140.81 139.72 137.96 135.53 132.45 128.73 124.38 119.61 114.61 109.47 104.28 99.13 94.10 89.30 84.76 80.48 76.51 72.92 69.77 67.13 65.08 63.68 62.85
83.40 83.62 83.91 84.30 84.79 85.36 85.86 86.15 86.25 86.23 86.14 86.04 85.98 85.87 85.72 85.57 85.49 85.53 85.74 86.09 86.52 87.03 87.66 88.44 89.40 90.59 92.03 93.77 95.82 98.10 100.45 102.83 105.24 107.65 110.06 112.46 114.88 117.33 119.78 122.22 124.63 127.01 129.32 131.54 133.64 135.58 137.34 138.89 140.20 141.24 141.99 142.40 142.34 141.60 140.17 138.03 135.21 131.71 127.56 122.95 118.08 113.05 107.93 102.83 97.82 92.97 88.26 83.75 79.50 75.58 72.06 69.01 66.51 64.61 63.39
81.47 81.72 82.06 82.51 83.07 83.75 84.54 85.28 85.82 86.20 86.48 86.71 86.94 87.10 87.21 87.31 87.46 87.72 88.06 88.40 88.76 89.17 89.66 90.27 91.04 92.00 93.19 94.64 96.38 98.45 100.74 103.09 105.48 107.88 110.28 112.68 115.10 117.54 120.00 122.46 124.89 127.29 129.62 131.87 133.99 135.97 137.78 139.38 140.74 141.85 142.67 143.17 143.31 142.95 141.90 140.11 137.61 134.39 130.48 126.09 121.41 116.54 111.55 106.55 101.58 96.65 91.79 87.09 82.60 78.40 74.56 71.15 68.23 65.89 64.18
79.59 79.86 80.24 80.73 81.36 82.12 83.01 84.03 85.03 85.85 86.53 87.12 87.68 88.15 88.56 88.94 89.36 89.80 90.18 90.50 90.81 91.13 91.52 91.99 92.58 93.34 94.29 95.47 96.91 98.66 100.73 103.02 105.38 107.76 110.14 112.53 114.94 117.39 119.85 122.31 124.76 127.18 129.54 131.83 133.99 136.02 137.88 139.54 140.98 142.16 143.06 143.65 143.89 143.76 143.10 141.73 139.59 136.71 133.10 128.99 124.55 119.89 115.10 110.22 105.26 100.27 95.31 90.46 85.78 81.35 77.23 73.49 70.22 67.46 65.30
77.78 78.05 78.45 78.99 79.66 80.48 81.46 82.59 83.87 85.14 86.25 87.25 88.18 89.00 89.74 90.44 91.09 91.62 92.03 92.35 92.63 92.90 93.19 93.53 93.97 94.54 95.28 96.21 97.38 98.81 100.55 102.62 104.91 107.26 109.63 112.00 114.40 116.84 119.30 121.77 124.24 126.69 129.10 131.43 133.65 135.74 137.67 139.40 140.92 142.18 143.17 143.86 144.21 144.20 143.79 142.83 141.12 138.63 135.38 131.60 127.46 123.07 118.49 113.70 108.78 103.77 98.75 93.80 88.98 84.36 80.01 76.00 72.40 69.28 66.72
76.06 76.33 76.74 77.30 78.01 78.88 79.92 81.13 82.52 84.07 85.64 87.08 88.41 89.61 90.72 91.70 92.50 93.11 93.57 93.91 94.18 94.41 94.62 94.87 95.18 95.58 96.12 96.82 97.73 98.88 100.30 102.03 104.09 106.37 108.71 111.06 113.44 115.87 118.33 120.82 123.34 125.84 128.29 130.68 132.97 135.13 137.13 138.95 140.55 141.92 143.01 143.81 144.27 144.39 144.11 143.42 142.15 140.11 137.28 133.88 130.10 126.00 121.60 116.94 112.08 107.11 102.08 97.07 92.15 87.38 82.85 78.61 74.74 71.31 68.38
74.46 74.71 75.12 75.68 76.42 77.33 78.42 79.69 81.16 82.83 84.68 86.57 88.34 89.96 91.40 92.58 93.51 94.22 94.75 95.14 95.42 95.63 95.79 95.95 96.15 96.41 96.77 97.26 97.93 98.81 99.93 101.33 103.04 105.09 107.36 109.68 112.04 114.46 116.95 119.49 122.05 124.61 127.13 129.59 131.95 134.19 136.28 138.20 139.90 141.37 142.58 143.50 144.09 144.34 144.21 143.67 142.68 141.10 138.74 135.78 132.38 128.56 124.36 119.86 115.13 110.23 105.24 100.22 95.24 90.38 85.71 81.28 77.19 73.48 70.24
72.99 73.22 73.61 74.17 74.92 75.85 76.98 78.31 79.84 81.59 83.56 85.73 87.95 89.95 91.63 93.00 94.08 94.92 95.55 96.00 96.30 96.51 96.64 96.74 96.84 96.98 97.18 97.49 97.94 98.57 99.41 100.50 101.87 103.56 105.58 107.83 110.19 112.64 115.18 117.78 120.40 123.02 125.62 128.15 130.60 132.94 135.13 137.15 138.97 140.56 141.89 142.94 143.67 144.06 144.08 143.70 142.88 141.61 139.73 137.23 134.19 130.67 126.73 122.44 117.87 113.09 108.18 103.19 98.21 93.30 88.53 83.97 79.69 75.76 72.25
71.61 71.79 72.16 72.72 73.47 74.43 75.59 76.97 78.56 80.39 82.44 84.73 87.17 89.45 91.37 92.95 94.21 95.19 95.93 96.47 96.83 97.05 97.18 97.24 97.27 97.30 97.37 97.52 97.78 98.18 98.76 99.56 100.61 101.94 103.60 105.63 107.98 110.48 113.08 115.74 118.43 121.13 123.81 126.43 128.98 131.41 133.71 135.85 137.79 139.51 140.97 142.16 143.04 143.58 143.76 143.55 142.91 141.82 140.22 138.12 135.47 132.28 128.64 124.60 120.24 115.63 110.84 105.93 100.99 96.07 91.25 86.59 82.17 78.06 74.33
69.97 70.15 70.53 71.11 71.90 72.90 74.13 75.59 77.28 79.21 81.38 83.72 86.14 88.52 90.69 92.50 93.97 95.14 96.03 96.68 97.13 97.41 97.56 97.61 97.60 97.57 97.54 97.56 97.65 97.86 98.22 98.76 99.53 100.54 101.87 103.56 105.75 108.27 110.93 113.65 116.41 119.19 121.95 124.66 127.30 129.84 132.25 134.50 136.56 138.40 140.00 141.33 142.36 143.05 143.39 143.34 142.87 141.91 140.36 138.43 136.15 133.34 130.03 126.28 122.17 117.76 113.13 108.34 103.47 98.58 93.74 89.03 84.51 80.25 76.33
68.04 68.26 68.69 69.34 70.21 71.32 72.65 74.23 76.06 78.13 80.36 82.65 85.00 87.34 89.62 91.69 93.41 94.79 95.87 96.67 97.25 97.62 97.84 97.92 97.91 97.84 97.75 97.67 97.64 97.70 97.87 98.20 98.71 99.46 100.50 101.89 103.79 106.18 108.87 111.65 114.48 117.32 120.16 122.96 125.69 128.33 130.84 133.20 135.38 137.35 139.08 140.54 141.71 142.55 143.05 143.16 142.80 141.84 140.29 138.39 136.27 133.83 130.88 127.46 123.63 119.46 115.02 110.38 105.61 100.78 95.97 91.23 86.64 82.28 78.20
65.95 66.26 66.79 67.55 68.55 69.79 71.28 73.02 75.02 77.17 79.33 81.52 83.79 86.07 88.32 90.51 92.49 94.13 95.43 96.43 97.16 97.67 97.98 98.13 98.16 98.10 97.98 97.85 97.73 97.67 97.69 97.83 98.15 98.67 99.46 100.57 102.20 104.37 106.96 109.77 112.66 115.58 118.49 121.37 124.19 126.92 129.53 132.00 134.29 136.38 138.23 139.83 141.14 142.13 142.77 142.97 142.58 141.59 140.04 138.15 136.06 133.78 131.18 128.12 124.60 120.70 116.49 112.04 107.41 102.68 97.92 93.19 88.57 84.13 79.93
63.83 64.26 64.93 65.85 67.02 68.45 70.13 72.08 74.17 76.23 78.27 80.36 82.54 84.75 86.94 89.11 91.21 93.12 94.68 95.91 96.84 97.52 97.96 98.22 98.32 98.31 98.20 98.05 97.89 97.74 97.65 97.66 97.81 98.15 98.71 99.56 100.95 102.91 105.33 108.08 111.02 114.00 116.98 119.94 122.84 125.66 128.37 130.94 133.34 135.54 137.52 139.25 140.69 141.82 142.53 142.67 142.20 141.17 139.62 137.74 135.66 133.41 130.98 128.26 125.09 121.49 117.54 113.31 108.86 104.26 99.58 94.90 90.28 85.79 81.51
61.79 62.40 63.26 64.38 65.76 67.42 69.34 71.39 73.36 75.28 77.19 79.17 81.26 83.40 85.53 87.64 89.73 91.77 93.60 95.10 96.27 97.15 97.77 98.17 98.39 98.45 98.40 98.27 98.09 97.90 97.74 97.65 97.67 97.84 98.20 98.83 100.00 101.77 104.04 106.68 109.59 112.62 115.67 118.70 121.68 124.59 127.39 130.06 132.56 134.88 136.98 138.83 140.40 141.58 142.20 142.22 141.68 140.60 139.05 137.19 135.12 132.88 130.47 127.91 125.08 121.82 118.17 114.18 109.94 105.51 100.95 96.35 91.76 87.27 82.93
59.97 60.80 61.89 63.26 64.90 66.82 68.85 70.77 72.58 74.34 76.12 77.99 79.98 82.03 84.09 86.15 88.20 90.22 92.20 93.98 95.42 96.54 97.38 97.96 98.32 98.50 98.54 98.46 98.31 98.12 97.92 97.76 97.68 97.71 97.89 98.31 99.29 100.91 103.05 105.60 108.46 111.50 114.60 117.70 120.76 123.75 126.64 129.40 132.01 134.43 136.65 138.61 140.22 141.27 141.73 141.64 141.02 139.91 138.35 136.50 134.45 132.22 129.82 127.28 124.61 121.68 118.35 114.66 110.66 106.42 102.02 97.53 93.02 88.55 84.19
58.50 59.59 60.96 62.61 64.55 66.58 68.47 70.20 71.83 73.44 75.08 76.82 78.71 80.67 82.65 84.65 86.65 88.64 90.61 92.54 94.27 95.67 96.75 97.55 98.11 98.44 98.60 98.62 98.53 98.36 98.16 97.95 97.79 97.70 97.74 97.98 98.79 100.28 102.32 104.81 107.63 110.67 113.83 116.99 120.12 123.19 126.16 129.02 131.72 134.25 136.57 138.55 139.99 140.85 141.16 140.95 140.25 139.10 137.54 135.70 133.66 131.44 129.06 126.53 123.88 121.10 118.09 114.72 110.99 106.99 102.78 98.44 94.02 89.61 85.31
57.49 58.89 60.58 62.55 64.62 66.50 68.17 69.70 71.15 72.59 74.09 75.70 77.47 79.33 81.23 83.16 85.11 87.06 89.00 90.93 92.82 94.51 95.88 96.94 97.71 98.24 98.57 98.71 98.71 98.59 98.40 98.18 97.96 97.79 97.70 97.79 98.46 99.83 101.80 104.25 107.07 110.14 113.35 116.60 119.80 122.94 126.00 128.94 131.74 134.36 136.68 138.46 139.68 140.34 140.49 140.16 139.39 138.20 136.63 134.80 132.77 130.56 128.19 125.68 123.04 120.28 117.42 114.36 110.94 107.21 103.22 99.06 94.78 90.50 86.35
57.08 58.83 60.87 62.99 64.88 66.51 67.96 69.28 70.55 71.82 73.16 74.63 76.29 78.04 79.85 81.71 83.59 85.49 87.41 89.31 91.21 93.07 94.73 96.08 97.12 97.88 98.40 98.69 98.80 98.76 98.61 98.40 98.15 97.92 97.73 97.69 98.25 99.54 101.46 103.89 106.72 109.85 113.15 116.51 119.83 123.05 126.19 129.21 132.10 134.70 136.79 138.30 139.28 139.75 139.75 139.30 138.44 137.21 135.64 133.82 131.80 129.60 127.25 124.74 122.11 119.37 116.53 113.61 110.50 107.07 103.34 99.39 95.32 91.27 87.33
57.39 59.52 61.71 63.64 65.26 66.65 67.87 68.98 70.04 71.14 72.32 73.65 75.17 76.82 78.53 80.30 82.12 83.96 85.84 87.72 89.60 91.48 93.31 94.97 96.30 97.32 98.05 98.52 98.76 98.83 98.75 98.57 98.32 98.04 97.78 97.64 98.11 99.34 101.24 103.68 106.56 109.76 113.18 116.69 120.18 123.56 126.78 129.88 132.72 135.06 136.84 138.08 138.83 139.10 138.94 138.37 137.44 136.17 134.59 132.78 130.77 128.58 126.23 123.74 121.12 118.39 115.57 112.66 109.69 106.55 103.12 99.45 95.69 91.92 88.21
58.52 60.82 62.81 64.44 65.79 66.93 67.90 68.80 69.66 70.57 71.58 72.76 74.15 75.68 77.29 78.96 80.70 82.49 84.32 86.17 88.03 89.90 91.76 93.59 95.23 96.52 97.48 98.15 98.56 98.75 98.76 98.64 98.41 98.13 97.82 97.60 98.00 99.21 101.10 103.58 106.53 109.84 113.39 117.07 120.77 124.38 127.78 130.85 133.40 135.39 136.85 137.82 138.33 138.41 138.09 137.40 136.39 135.07 133.49 131.69 129.69 127.51 125.17 122.69 120.08 117.36 114.55 111.66 108.71 105.71 102.59 99.30 95.90 92.44 88.98
60.21 62.40 64.08 65.42 66.49 67.36 68.10 68.76 69.42 70.13 70.97 71.99 73.24 74.64 76.14 77.72 79.37 81.09 82.86 84.67 86.51 88.37 90.24 92.08 93.86 95.43 96.65 97.54 98.14 98.48 98.62 98.57 98.40 98.12 97.79 97.53 97.89 99.08 101.01 103.55 106.60 110.03 113.74 117.62 121.55 125.42 128.97 131.86 134.05 135.69 136.84 137.53 137.81 137.69 137.21 136.41 135.31 133.95 132.37 130.57 128.58 126.41 124.08 121.61 119.01 116.30 113.50 110.62 107.68 104.73 101.84 98.95 95.93 92.80 89.61
61.93 64.03 65.54 66.59 67.38 67.98 68.46 68.89 69.33 69.84 70.50 71.36 72.46 73.73 75.10 76.58 78.15 79.79 81.50 83.27 85.07 86.91 88.76 90.57 92.33 94.02 95.50 96.64 97.46 97.98 98.26 98.33 98.22 97.99 97.66 97.37 97.72 98.93 100.91 103.54 106.71 110.30 114.20 118.30 122.48 126.49 129.94 132.68 134.66 135.98 136.82 137.24 137.28 136.96 136.32 135.40 134.22 132.82 131.23 129.44 127.46 125.30 122.98 120.51 117.92 115.22 112.43 109.56 106.66 103.82 101.07 98.42 95.76 92.97 90.07
63.53 65.57 67.05 67.95 68.47 68.79 69.02 69.21 69.42 69.73 70.19 70.88 71.83 72.96 74.21 75.58 77.05 78.61 80.25 81.96 83.72 85.52 87.30 89.05 90.76 92.43 94.03 95.42 96.47 97.20 97.65 97.85 97.85 97.68 97.38 97.09 97.45 98.71 100.77 103.51 106.82 110.59 114.71 119.05 123.36 127.23 130.51 133.14 135.06 136.24 136.81 136.95 136.75 136.24 135.44 134.40 133.14 131.69 130.09 128.31 126.34 124.19 121.87 119.42 116.84 114.15 111.37 108.54 105.74 103.02 100.39 97.84 95.39 92.93 90.34
64.94 66.94 68.42 69.36 69.76 69.83 69.79 69.73 69.71 69.81 70.08 70.58 71.37 72.35 73.47 74.72 76.08 77.56 79.12 80.77 82.47 84.17 85.86 87.53 89.18 90.78 92.35 93.85 95.14 96.10 96.75 97.11 97.23 97.15 96.91 96.64 97.04 98.37 100.53 103.41 106.89 110.87 115.22 119.67 123.82 127.48 130.61 133.15 135.06 136.28 136.78 136.69 136.25 135.54 134.59 133.42 132.08 130.59 128.98 127.21 125.24 123.10 120.79 118.35 115.77 113.09 110.35 107.62 104.95 102.34 99.80 97.34 94.97 92.68 90.39
66.11 68.09 69.59 70.59 71.08 71.08 70.79 70.47 70.22 70.09 70.16 70.48 71.10 71.92 72.91 74.03 75.28 76.66 78.14 79.70 81.28 82.86 84.45 86.02 87.57 89.10 90.60 92.05 93.45 94.64 95.50 96.05 96.32 96.36 96.19 95.98 96.44 97.87 100.16 103.20 106.89 111.09 115.53 119.79 123.68 127.16 130.17 132.66 134.58 135.88 136.51 136.43 135.80 134.89 133.77 132.49 131.06 129.53 127.91 126.14 124.18 122.04 119.75 117.31 114.74 112.10 109.45 106.84 104.28 101.77 99.31 96.93 94.61 92.39 90.24
66.98 68.95 70.49 71.58 72.20 72.34 72.01 71.46 70.97 70.61 70.47 70.60 71.04 71.70 72.54 73.53 74.67 75.94 77.30 78.71 80.14 81.59 83.05 84.50 85.95 87.38 88.79 90.17 91.51 92.79 93.88 94.64 95.09 95.26 95.20 95.06 95.61 97.16 99.61 102.84 106.74 111.02 115.24 119.21 122.88 126.20 129.13 131.59 133.56 134.96 135.76 135.90 135.35 134.29 133.02 131.61 130.10 128.52 126.89 125.13 123.17 121.04 118.75 116.32 113.79 111.25 108.71 106.21 103.74 101.30 98.92 96.59 94.33 92.13 90.01
67.49 69.47 71.07 72.26 73.03 73.36 73.24 72.69 71.97 71.38 71.02 70.95 71.20 71.70 72.38 73.24 74.25 75.38 76.57 77.80 79.07 80.36 81.66 82.98 84.30 85.62 86.92 88.21 89.46 90.69 91.85 92.82 93.47 93.82 93.89 93.85 94.51 96.21 98.84 102.28 106.24 110.26 114.16 117.87 121.35 124.54 127.40 129.87 131.91 133.45 134.45 134.86 134.63 133.72 132.33 130.80 129.21 127.58 125.95 124.19 122.24 120.12 117.83 115.44 113.00 110.56 108.13 105.72 103.32 100.95 98.62 96.34 94.10 91.93 89.82
67.59 69.60 71.27 72.58 73.51 74.05 74.19 73.90 73.21 72.42 71.83 71.55 71.62 71.94 72.46 73.17 74.02 74.94 75.93 76.97 78.04 79.16 80.30 81.46 82.64 83.82 85.00 86.17 87.32 88.45 89.55 90.59 91.44 91.98 92.20 92.30 93.10 94.97 97.80 101.29 104.96 108.62 112.21 115.69 119.01 122.11 124.93 127.44 129.57 131.28 132.52 133.22 133.35 132.85 131.68 130.09 128.41 126.74 125.09 123.34 121.40 119.28 117.03 114.72 112.39 110.05 107.71 105.37 103.03 100.72 98.43 96.17 93.95 91.78 89.66
67.22 69.28 71.03 72.48 73.59 74.36 74.76 74.80 74.43 73.71 72.93 72.43 72.30 72.45 72.80 73.32 73.93 74.62 75.39 76.21 77.08 78.00 78.95 79.94 80.95 81.98 83.02 84.05 85.08 86.10 87.09 88.06 88.97 89.70 90.11 90.35 91.32 93.38 96.24 99.41 102.68 106.01 109.34 112.62 115.80 118.83 121.65 124.22 126.48 128.39 129.88 130.91 131.43 131.38 130.72 129.42 127.72 126.01 124.35 122.60 120.66 118.57 116.41 114.21 111.97 109.72 107.44 105.16 102.87 100.59 98.33 96.08 93.86 91.68 89.55
66.33 68.44 70.31 71.90 73.21 74.22 74.92 75.29 75.30 74.96 74.28 73.61 73.28 73.23 73.37 73.63 73.98 74.42 74.93 75.52 76.17 76.87 77.63 78.42 79.25 80.10 80.98 81.86 82.75 83.63 84.50 85.36 86.19 86.97 87.56 87.98 89.13 91.21 93.72 96.45 99.35 102.37 105.46 108.57 111.65 114.63 117.48 120.14 122.56 124.69 126.47 127.86 128.80 129.24 129.13 128.42 127.09 125.39 123.73 121.98 120.07 118.07 116.01 113.90 111.74 109.55 107.33 105.09 102.84 100.58 98.32 96.08 93.85 91.64 89.47
64.85 67.05 69.03 70.80 72.32 73.59 74.60 75.31 75.73 75.82 75.59 75.06 74.55 74.27 74.12 74.09 74.16 74.32 74.57 74.91 75.31 75.79 76.32 76.90 77.52 78.19 78.88 79.59 80.32 81.05 81.78 82.50 83.21 83.90 84.54 85.13 86.28 87.97 90.01 92.33 94.89 97.64 100.52 103.49 106.48 109.46 112.36 115.14 117.75 120.13 122.23 124.00 125.39 126.35 126.82 126.76 126.11 124.85 123.25 121.53 119.70 117.80 115.82 113.79 111.70 109.56 107.38 105.17 102.93 100.68 98.42 96.16 93.90 91.65 89.43
