data_processed/recharge/precip/Precip_1990_07.asc
ncols        168
nrows        136
xllcorner    455000
yllcorner    2107000
cellsize     500
NODATA_value     -99999
[rows 0 to 31 of 136, columns 72 to 143 of 168]
256.78 254.43 251.58 247.79 242.96 237.88 233.16 228.67 224.18 219.67 215.16 210.67 206.21 201.81 197.49 193.26 189.15 185.17 181.35 177.70 174.25 171.01 168.00 165.24 162.76 160.57 158.69 157.13 155.92 154.94 154.15 153.58 153.27 153.24 153.47 153.94 154.65 155.57 156.70 158.01 159.51 161.16 162.97 164.90 166.96 169.13 171.38 173.72 176.12 178.57 181.06 183.57 186.09 188.61 191.11 193.68 196.38 199.26 202.39 205.66 209.04 212.46 215.89 219.30 222.65 225.90 229.01 231.94 234.66 237.13 239.30 241.15
260.76 258.26 254.82 250.26 244.72 238.96 233.58 228.61 223.90 219.24 214.59 209.98 205.42 200.93 196.55 192.27 188.13 184.14 180.33 176.70 173.29 170.11 167.19 164.53 162.16 160.10 158.38 156.98 155.82 154.83 154.00 153.39 153.05 152.98 153.18 153.63 154.31 155.22 156.33 157.64 159.13 160.79 162.60 164.56 166.63 168.82 171.10 173.47 175.91 178.41 180.94 183.51 186.08 188.67 191.34 194.14 197.07 200.19 203.56 207.11 210.74 214.39 218.02 221.62 225.12 228.50 231.72 234.74 237.52 240.03 242.22 244.06
264.98 261.89 257.66 252.38 246.21 239.84 233.85 228.28 223.16 218.33 213.58 208.89 204.27 199.74 195.32 191.04 186.91 182.95 179.18 175.62 172.29 169.21 166.40 163.88 161.67 159.79 158.23 156.91 155.75 154.74 153.88 153.24 152.86 152.76 152.92 153.35 154.01 154.91 156.01 157.32 158.81 160.48 162.30 164.27 166.37 168.58 170.90 173.30 175.78 178.32 180.91 183.53 186.18 188.92 191.81 194.84 197.99 201.32 204.92 208.72 212.61 216.49 220.33 224.10 227.76 231.27 234.59 237.69 240.53 243.08 245.28 247.11
268.92 265.03 260.08 254.16 247.41 240.51 233.98 227.87 222.21 217.04 212.18 207.44 202.80 198.26 193.86 189.60 185.52 181.63 177.94 174.49 171.28 168.34 165.69 163.34 161.32 159.63 158.17 156.86 155.69 154.66 153.78 153.10 152.70 152.56 152.70 153.10 153.75 154.63 155.73 157.04 158.54 160.21 162.05 164.04 166.16 168.41 170.76 173.20 175.73 178.32 180.96 183.64 186.44 189.40 192.51 195.75 199.09 202.60 206.42 210.45 214.59 218.73 222.78 226.72 230.52 234.16 237.59 240.77 243.67 246.24 248.46 250.27
272.31 267.69 262.07 255.57 248.33 240.97 233.97 227.39 221.26 215.61 210.47 205.68 201.05 196.54 192.19 188.00 184.01 180.22 176.66 173.34 170.29 167.53 165.08 162.95 161.14 159.56 158.11 156.81 155.63 154.59 153.69 152.98 152.55 152.39 152.50 152.88 153.51 154.38 155.48 156.79 158.30 159.99 161.85 163.86 166.01 168.28 170.67 173.16 175.73 178.37 181.08 183.91 186.92 190.09 193.40 196.82 200.32 204.00 208.00 212.24 216.61 221.00 225.30 229.44 233.39 237.15 240.68 243.94 246.89 249.49 251.71 253.51
275.13 269.83 263.64 256.63 248.97 241.21 233.82 226.83 220.29 214.23 208.69 203.68 199.05 194.62 190.36 186.28 182.41 178.76 175.36 172.23 169.38 166.83 164.61 162.71 161.03 159.48 158.06 156.76 155.58 154.53 153.61 152.88 152.42 152.24 152.33 152.68 153.29 154.15 155.25 156.57 158.09 159.79 161.67 163.71 165.89 168.20 170.63 173.17 175.79 178.50 181.34 184.38 187.59 190.95 194.43 198.01 201.66 205.48 209.64 214.07 218.65 223.27 227.82 232.20 236.32 240.20 243.83 247.16 250.16 252.79 255.01 256.79
277.37 271.48 264.77 257.33 249.31 241.24 233.52 226.20 219.33 212.93 207.03 201.69 196.90 192.53 188.40 184.46 180.75 177.29 174.09 171.17 168.56 166.27 164.30 162.54 160.91 159.39 157.99 156.70 155.53 154.47 153.53 152.78 152.31 152.10 152.17 152.51 153.10 153.94 155.03 156.36 157.89 159.62 161.52 163.59 165.81 168.16 170.63 173.22 175.90 178.74 181.79 185.01 188.40 191.93 195.56 199.27 203.04 206.99 211.29 215.88 220.64 225.47 230.26 234.88 239.25 243.28 247.00 250.40 253.44 256.10 258.32 260.08
279.03 272.62 265.46 257.66 249.36 241.04 233.06 225.49 218.35 211.68 205.51 199.88 194.82 190.36 186.34 182.60 179.09 175.85 172.89 170.23 167.89 165.87 164.05 162.35 160.76 159.28 157.90 156.63 155.47 154.41 153.46 152.69 152.19 151.98 152.03 152.35 152.93 153.76 154.84 156.16 157.71 159.46 161.39 163.49 165.74 168.14 170.66 173.31 176.12 179.15 182.38 185.78 189.32 192.99 196.75 200.57 204.45 208.49 212.91 217.64 222.56 227.58 232.57 237.43 242.04 246.30 250.15 253.62 256.71 259.39 261.61 263.33
280.11 273.24 265.71 257.63 249.11 240.61 232.45 224.69 217.36 210.49 204.12 198.28 193.01 188.33 184.28 180.71 177.45 174.46 171.78 169.42 167.37 165.52 163.78 162.14 160.60 159.15 157.80 156.55 155.40 154.34 153.37 152.59 152.08 151.85 151.89 152.20 152.77 153.59 154.66 155.97 157.53 159.30 161.26 163.40 165.69 168.14 170.72 173.49 176.48 179.69 183.07 186.62 190.30 194.08 197.95 201.87 205.82 209.94 214.45 219.30 224.36 229.54 234.72 239.79 244.63 249.15 253.22 256.79 259.93 262.62 264.83 266.53
280.60 273.34 265.52 257.21 248.56 239.95 231.68 223.81 216.35 209.36 202.85 196.87 191.46 186.63 182.44 178.89 175.87 173.18 170.82 168.76 166.90 165.14 163.47 161.89 160.40 158.99 157.68 156.45 155.31 154.25 153.28 152.49 151.97 151.73 151.76 152.06 152.62 153.44 154.50 155.81 157.36 159.14 161.13 163.31 165.65 168.15 170.85 173.79 176.95 180.31 183.84 187.51 191.30 195.18 199.13 203.12 207.12 211.29 215.88 220.82 226.00 231.32 236.66 241.92 246.97 251.71 256.04 259.83 263.05 265.76 267.96 269.62
280.49 272.93 264.87 256.42 247.70 239.05 230.75 222.83 215.32 208.27 201.70 195.66 190.17 185.27 180.99 177.37 174.43 172.04 170.00 168.15 166.39 164.72 163.12 161.60 160.16 158.80 157.52 156.32 155.19 154.14 153.17 152.37 151.85 151.60 151.63 151.92 152.48 153.29 154.35 155.66 157.21 158.99 160.99 163.21 165.61 168.22 171.08 174.18 177.49 180.98 184.62 188.40 192.28 196.23 200.24 204.27 208.31 212.51 217.15 222.16 227.44 232.88 238.36 243.77 249.01 253.97 258.52 262.57 266.00 268.77 270.96 272.55
279.79 271.98 263.77 255.25 246.53 237.92 229.65 221.75 214.27 207.23 200.67 194.63 189.14 184.23 179.94 176.31 173.36 171.09 169.23 167.50 165.83 164.24 162.72 161.27 159.89 158.58 157.34 156.16 155.06 154.02 153.05 152.24 151.71 151.46 151.49 151.78 152.34 153.15 154.21 155.52 157.07 158.85 160.86 163.11 165.60 168.37 171.39 174.63 178.05 181.65 185.39 189.24 193.19 197.19 201.24 205.30 209.34 213.55 218.22 223.28 228.63 234.16 239.76 245.32 250.72 255.86 260.62 264.90 268.58 271.56 273.74 275.21
278.49 270.51 262.21 253.68 245.04 236.54 228.37 220.57 213.18 206.23 199.75 193.79 188.37 183.53 179.29 175.71 172.78 170.39 168.44 166.78 165.21 163.71 162.27 160.89 159.57 158.31 157.11 155.97 154.88 153.86 152.89 152.09 151.56 151.31 151.34 151.63 152.19 153.00 154.07 155.39 156.94 158.73 160.76 163.06 165.68 168.58 171.72 175.07 178.60 182.28 186.09 190.01 193.99 198.03 202.09 206.15 210.18 214.37 219.04 224.13 229.54 235.14 240.83 246.51 252.05 257.35 262.30 266.79 270.70 273.86 276.14 277.54
276.58 268.51 260.19 251.73 243.23 234.91 226.92 219.29 212.06 205.27 198.95 193.13 187.85 183.14 179.04 175.55 172.56 169.97 167.79 166.02 164.53 163.12 161.76 160.45 159.20 157.99 156.84 155.73 154.68 153.67 152.71 151.91 151.38 151.14 151.17 151.47 152.03 152.85 153.93 155.25 156.82 158.62 160.71 163.11 165.82 168.81 172.05 175.49 179.09 182.84 186.70 190.64 194.65 198.69 202.75 206.78 210.78 214.93 219.59 224.68 230.11 235.77 241.53 247.30 252.96 258.40 263.52 268.18 272.23 275.50 277.91 279.44
274.06 265.97 257.71 249.38 241.10 233.03 225.28 217.89 210.90 204.34 198.24 192.64 187.57 183.07 179.15 175.67 172.55 169.79 167.41 165.41 163.81 162.46 161.19 159.96 158.77 157.62 156.52 155.45 154.43 153.44 152.49 151.70 151.18 150.94 150.98 151.29 151.86 152.69 153.78 155.12 156.70 158.56 160.74 163.23 166.00 169.04 172.32 175.82 179.48 183.27 187.15 191.11 195.12 199.14 203.17 207.16 211.10 215.19 219.80 224.88 230.32 236.00 241.81 247.65 253.41 258.97 264.22 268.97 273.04 276.38 278.92 280.64
270.93 262.88 254.75 246.64 238.65 230.89 223.46 216.39 209.70 203.44 197.64 192.33 187.54 183.29 179.45 175.91 172.69 169.80 167.24 165.05 163.22 161.76 160.55 159.40 158.28 157.20 156.15 155.12 154.13 153.16 152.23 151.45 150.94 150.71 150.76 151.08 151.67 152.52 153.62 154.97 156.61 158.57 160.83 163.37 166.19 169.25 172.54 176.05 179.73 183.54 187.42 191.37 195.35 199.34 203.31 207.23 211.09 215.11 219.65 224.69 230.11 235.79 241.64 247.53 253.36 259.00 264.28 268.99 273.06 276.45 279.12 281.01
267.18 259.25 251.32 243.49 235.86 228.50 221.45 214.76 208.45 202.56 197.13 192.18 187.72 183.63 179.79 176.23 172.94 169.95 167.26 164.90 162.87 161.19 159.87 158.77 157.73 156.71 155.71 154.74 153.78 152.84 151.93 151.16 150.66 150.45 150.51 150.85 151.45 152.32 153.44 154.86 156.58 158.61 160.93 163.51 166.34 169.41 172.68 176.16 179.81 183.60 187.46 191.38 195.31 199.24 203.13 206.97 210.72 214.63 219.09 224.07 229.44 235.11 240.96 246.88 252.75 258.37 263.53 268.17 272.23 275.67 278.44 280.49
262.82 255.07 247.41 239.93 232.73 225.84 219.25 213.01 207.16 201.71 196.71 192.16 187.93 183.92 180.12 176.56 173.24 170.19 167.41 164.91 162.73 160.85 159.31 158.11 157.11 156.16 155.22 154.29 153.38 152.47 151.58 150.82 150.34 150.15 150.23 150.59 151.21 152.10 153.28 154.78 156.57 158.66 161.00 163.60 166.43 169.47 172.71 176.13 179.70 183.42 187.24 191.09 194.96 198.80 202.60 206.32 209.95 213.73 218.08 222.97 228.28 233.91 239.74 245.65 251.44 256.88 261.90 266.45 270.48 273.96 276.82 279.04
257.82 250.34 243.02 235.96 229.26 222.90 216.85 211.14 205.80 200.87 196.35 192.11 188.03 184.12 180.40 176.87 173.56 170.48 167.64 165.05 162.74 160.70 158.97 157.55 156.44 155.53 154.66 153.78 152.91 152.04 151.17 150.43 149.97 149.80 149.90 150.28 150.93 151.88 153.14 154.70 156.55 158.66 161.02 163.61 166.41 169.41 172.58 175.92 179.40 183.00 186.70 190.47 194.24 197.98 201.66 205.24 208.72 212.35 216.57 221.35 226.58 232.15 237.93 243.70 249.24 254.46 259.32 263.77 267.77 271.26 274.21 276.57
252.20 245.04 238.14 231.58 225.45 219.70 214.25 209.14 204.39 200.02 195.87 191.84 187.94 184.17 180.56 177.11 173.84 170.77 167.91 165.26 162.86 160.70 158.81 157.20 155.88 154.86 154.02 153.20 152.38 151.54 150.70 149.99 149.55 149.40 149.53 149.94 150.65 151.67 152.99 154.60 156.47 158.58 160.93 163.49 166.25 169.18 172.27 175.50 178.86 182.32 185.87 189.49 193.13 196.74 200.27 203.70 207.01 210.46 214.53 219.18 224.30 229.77 235.35 240.81 246.06 251.05 255.74 260.08 264.03 267.54 270.56 273.05
245.95 239.19 232.77 226.78 221.30 216.22 211.45 207.00 202.89 198.95 195.10 191.32 187.62 184.04 180.57 177.23 174.05 171.02 168.17 165.50 163.04 160.80 158.79 157.03 155.52 154.29 153.34 152.55 151.77 150.98 150.17 149.48 149.08 148.95 149.11 149.58 150.36 151.43 152.79 154.42 156.29 158.39 160.71 163.21 165.90 168.74 171.72 174.83 178.04 181.34 184.71 188.13 191.59 195.03 198.40 201.65 204.76 208.02 211.91 216.41 221.38 226.60 231.80 236.90 241.84 246.59 251.10 255.32 259.21 262.71 265.80 268.41
239.12 232.78 226.90 221.55 216.79 212.46 208.43 204.69 201.10 197.52 193.98 190.48 187.04 183.67 180.38 177.19 174.12 171.17 168.37 165.72 163.24 160.95 158.86 156.97 155.32 153.90 152.75 151.84 151.09 150.34 149.57 148.91 148.53 148.45 148.66 149.19 150.02 151.13 152.51 154.13 155.99 158.05 160.31 162.74 165.33 168.06 170.91 173.87 176.92 180.03 183.20 186.40 189.61 192.83 195.99 199.04 201.94 204.98 208.67 212.98 217.65 222.41 227.18 231.90 236.53 241.02 245.34 249.42 253.24 256.74 259.87 262.60
231.78 225.86 220.55 215.90 211.92 208.42 205.17 202.02 198.85 195.66 192.47 189.29 186.13 183.01 179.94 176.94 174.02 171.19 168.47 165.88 163.42 161.11 158.97 157.00 155.23 153.67 152.33 151.22 150.36 149.63 148.89 148.27 147.93 147.89 148.17 148.75 149.61 150.74 152.11 153.70 155.51 157.52 159.69 162.03 164.50 167.10 169.80 172.59 175.44 178.35 181.29 184.25 187.20 190.14 193.03 195.84 198.50 201.30 204.76 208.70 212.85 217.10 221.42 225.75 230.06 234.29 238.40 242.34 246.08 249.55 252.73 255.55
223.94 218.49 213.75 209.82 206.69 204.05 201.46 198.81 196.10 193.33 190.53 187.70 184.86 182.03 179.21 176.43 173.69 171.02 168.42 165.92 163.51 161.22 159.07 157.06 155.21 153.54 152.05 150.77 149.71 148.86 148.14 147.56 147.27 147.29 147.61 148.22 149.09 150.20 151.54 153.09 154.83 156.75 158.83 161.04 163.38 165.82 168.35 170.94 173.58 176.26 178.95 181.64 184.31 186.94 189.52 192.02 194.40 196.92 199.97 203.32 206.88 210.62 214.48 218.41 222.38 226.33 230.23 234.02 237.66 241.10 244.30 247.22
215.66 210.75 206.64 203.43 201.12 199.19 197.18 195.05 192.82 190.51 188.13 185.69 183.20 180.69 178.17 175.64 173.13 170.65 168.21 165.82 163.51 161.28 159.15 157.13 155.24 153.48 151.89 150.46 149.22 148.18 147.33 146.76 146.53 146.59 146.94 147.55 148.40 149.48 150.77 152.26 153.91 155.73 157.68 159.75 161.93 164.19 166.52 168.90 171.32 173.74 176.17 178.57 180.93 183.24 185.47 187.61 189.65 191.72 194.10 196.80 199.77 202.97 206.36 209.89 213.50 217.17 220.84 224.46 227.99 231.39 234.61 237.60
207.81 203.48 200.03 197.51 195.68 194.17 192.72 191.13 189.42 187.59 185.65 183.62 181.52 179.35 177.14 174.89 172.63 170.36 168.09 165.86 163.65 161.50 159.42 157.41 155.50 153.70 152.02 150.47 149.08 147.83 146.62 145.77 145.54 145.65 146.02 146.63 147.48 148.53 149.77 151.19 152.76 154.47 156.30 158.24 160.25 162.34 164.48 166.64 168.82 171.00 173.16 175.28 177.33 179.32 181.21 183.00 184.71 186.38 188.09 190.11 192.46 195.10 197.99 201.07 204.31 207.66 211.07 214.50 217.89 221.22 224.42 227.45
201.08 197.33 194.50 192.41 190.80 189.53 188.46 187.42 186.23 184.89 183.41 181.80 180.09 178.28 176.40 174.44 172.44 170.39 168.32 166.24 164.16 162.11 160.08 158.10 156.18 154.34 152.58 150.93 149.38 147.80 146.10 144.75 144.25 144.37 144.78 145.43 146.28 147.32 148.54 149.91 151.41 153.04 154.77 156.59 158.47 160.40 162.36 164.34 166.31 168.26 170.17 172.02 173.80 175.48 177.06 178.55 180.01 181.44 182.76 184.12 185.81 187.85 190.19 192.79 195.61 198.59 201.70 204.89 208.11 211.31 214.45 217.49
195.39 192.19 189.76 187.90 186.49 185.41 184.56 183.89 183.22 182.38 181.37 180.21 178.90 177.46 175.91 174.26 172.52 170.72 168.85 166.94 165.00 163.05 161.10 159.16 157.24 155.37 153.55 151.79 149.95 147.92 145.75 143.93 142.96 142.83 143.26 143.95 144.84 145.89 147.10 148.45 149.91 151.48 153.13 154.85 156.62 158.42 160.23 162.03 163.81 165.56 167.24 168.85 170.36 171.77 173.08 174.33 175.57 176.77 177.86 178.86 179.91 181.30 183.05 185.13 187.47 190.05 192.82 195.72 198.71 201.75 204.79 207.79
190.63 187.80 185.60 183.94 182.72 181.81 181.14 180.68 180.37 180.02 179.50 178.78 177.89 176.84 175.64 174.30 172.85 171.29 169.64 167.92 166.13 164.29 162.42 160.53 158.64 156.75 154.86 152.86 150.62 148.17 145.57 143.30 141.90 141.33 141.54 142.25 143.18 144.27 145.50 146.84 148.29 149.82 151.41 153.06 154.73 156.41 158.09 159.75 161.37 162.92 164.41 165.79 167.07 168.24 169.32 170.36 171.39 172.37 173.25 174.03 174.72 175.49 176.62 178.12 179.95 182.08 184.45 187.02 189.75 192.58 195.47 198.38
186.55 183.96 181.97 180.50 179.45 178.70 178.20 177.90 177.79 177.79 177.74 177.49 177.02 176.36 175.53 174.52 173.36 172.07 170.65 169.12 167.49 165.79 164.01 162.18 160.32 158.41 156.33 153.96 151.34 148.51 145.52 142.86 141.05 140.08 139.89 140.39 141.36 142.50 143.77 145.13 146.58 148.09 149.65 151.24 152.84 154.43 156.00 157.53 159.01 160.40 161.70 162.89 163.95 164.91 165.79 166.63 167.44 168.22 168.90 169.48 169.97 170.40 170.92 171.81 173.09 174.72 176.66 178.85 181.26 183.84 186.54 189.32
183.00 180.63 178.84 177.55 176.65 176.05 175.70 175.56 175.60 175.79 176.07 176.27 176.25 176.00 175.53 174.87 174.02 173.00 171.82 170.50 169.05 167.48 165.82 164.06 162.22 160.16 157.77 155.07 152.11 148.93 145.59 142.58 140.42 139.08 138.51 138.65 139.43 140.61 141.93 143.34 144.81 146.32 147.87 149.43 150.98 152.50 153.99 155.41 156.76 158.01 159.15 160.16 161.03 161.79 162.48 163.11 163.73 164.31 164.79 165.19 165.50 165.75 165.94 166.24 166.92 168.01 169.47 171.25 173.30 175.58 178.04 180.65
179.95 177.79 176.19 175.05 174.30 173.83 173.62 173.62 173.81 174.14 174.60 175.12 175.53 175.70 175.62 175.31 174.78 174.04 173.12 172.01 170.75 169.34 167.79 166.11 164.16 161.83 159.15 156.16 152.90 149.41 145.77 142.45 139.97 138.31 137.41 137.21 137.66 138.67 140.03 141.50 143.01 144.56 146.11 147.66 149.18 150.66 152.08 153.42 154.67 155.80 156.78 157.61 158.29 158.87 159.37 159.82 160.24 160.63 160.93 161.15 161.29 161.37 161.39 161.38 161.49 162.00 162.93 164.25 165.89 167.83 170.02 172.40
