data_processed/recharge/precip/Precip_1988_06.asc
ncols        168
nrows        136
xllcorner    455000
yllcorner    2107000
cellsize     500
NODATA_value     -99999
[rows 96 to 127 of 136, columns 0 to 70 of 168]
176.68 178.41 180.21 182.08 184.01 186.00 188.05 190.14 192.29 194.47 196.70 198.96 201.25 203.57 205.91 208.27 210.58 212.78 214.86 216.83 218.68 220.40 222.02 223.51 224.90 226.16 227.32 228.37 229.30 230.12 230.84 231.45 231.95 232.35 232.64 232.83 232.92 232.90 232.79 232.57 232.26 231.85 231.34 230.74 230.05 229.26 228.37 227.40 226.34 225.18 223.94 222.61 221.20 219.70 218.11 216.44 214.69 212.86 210.95 208.96 206.89 204.74 202.52 200.22 197.85 195.40 192.88 190.29 187.63 184.90 182.13
175.64 177.37 179.18 181.06 183.00 185.00 187.06 189.17 191.33 193.54 195.79 198.07 200.39 202.74 205.11 207.50 209.88 212.17 214.35 216.41 218.35 220.17 221.88 223.47 224.95 226.32 227.57 228.72 229.75 230.68 231.49 232.21 232.81 233.31 233.71 234.00 234.19 234.28 234.27 234.17 233.96 233.66 233.26 232.77 232.18 231.50 230.73 229.87 228.92 227.88 226.75 225.54 224.24 222.86 221.39 219.84 218.21 216.49 214.70 212.83 210.88 208.85 206.75 204.58 202.33 200.01 197.61 195.15 192.62 190.01 187.32
174.64 176.39 178.21 180.10 182.05 184.07 186.15 188.28 190.46 192.69 194.96 197.28 199.62 202.00 204.41 206.81 209.21 211.57 213.84 216.00 218.04 219.96 221.77 223.47 225.05 226.52 227.88 229.12 230.26 231.29 232.22 233.04 233.75 234.36 234.86 235.27 235.57 235.77 235.87 235.88 235.79 235.60 235.32 234.94 234.47 233.91 233.25 232.51 231.68 230.76 229.75 228.66 227.48 226.21 224.87 223.44 221.93 220.35 218.68 216.93 215.11 213.21 211.24 209.19 207.07 204.88 202.62 200.29 197.88 195.38 192.69
173.75 175.50 177.33 179.23 181.20 183.23 185.33 187.48 189.68 191.94 194.24 196.58 198.95 201.36 203.78 206.19 208.59 210.97 213.31 215.57 217.72 219.75 221.67 223.47 225.16 226.74 228.21 229.57 230.82 231.96 233.00 233.93 234.75 235.48 236.10 236.62 237.04 237.36 237.58 237.70 237.73 237.66 237.50 237.24 236.89 236.45 235.92 235.30 234.60 233.80 232.92 231.95 230.90 229.77 228.55 227.25 225.88 224.42 222.88 221.27 219.58 217.82 215.98 214.06 212.08 210.02 207.90 205.70 203.40 200.91 198.21
172.94 174.70 176.54 178.45 180.44 182.49 184.60 186.77 189.00 191.28 193.60 195.97 198.37 200.80 203.22 205.63 208.03 210.42 212.80 215.14 217.40 219.54 221.57 223.49 225.29 226.99 228.57 230.05 231.41 232.68 233.83 234.88 235.83 236.67 237.41 238.06 238.60 239.04 239.39 239.63 239.79 239.85 239.81 239.68 239.46 239.15 238.75 238.26 237.68 237.02 236.27 235.44 234.52 233.52 232.44 231.28 230.03 228.71 227.31 225.84 224.29 222.66 220.97 219.19 217.35 215.44 213.45 211.36 209.08 206.58 203.87
172.23 174.00 175.85 177.77 179.77 181.84 183.97 186.16 188.41 190.71 193.06 195.45 197.87 200.29 202.72 205.13 207.54 209.95 212.35 214.73 217.08 219.34 221.49 223.52 225.45 227.26 228.97 230.57 232.06 233.45 234.73 235.90 236.98 237.95 238.82 239.59 240.26 240.83 241.30 241.68 241.97 242.16 242.26 242.26 242.18 242.00 241.73 241.38 240.94 240.42 239.80 239.11 238.33 237.47 236.53 235.51 234.41 233.23 231.98 230.65 229.24 227.76 226.21 224.58 222.89 221.12 219.25 217.18 214.89 212.38 209.65
171.61 173.38 175.24 177.18 179.19 181.27 183.42 185.63 187.90 190.23 192.60 195.00 197.42 199.85 202.28 204.70 207.12 209.55 211.97 214.39 216.79 219.14 221.42 223.58 225.63 227.57 229.41 231.14 232.76 234.27 235.68 236.99 238.20 239.30 240.30 241.21 242.01 242.72 243.33 243.85 244.27 244.60 244.84 244.98 245.04 245.00 244.88 244.67 244.37 243.99 243.52 242.97 242.34 241.63 240.83 239.96 239.01 237.98 236.87 235.69 234.44 233.11 231.71 230.24 228.69 227.04 225.20 223.13 220.82 218.29 215.54
171.07 172.86 174.72 176.67 178.70 180.80 182.96 185.19 187.48 189.83 192.22 194.62 197.04 199.48 201.91 204.34 206.77 209.22 211.67 214.12 216.57 218.98 221.36 223.66 225.84 227.92 229.89 231.75 233.51 235.16 236.71 238.15 239.50 240.74 241.88 242.93 243.87 244.72 245.48 246.14 246.70 247.17 247.56 247.85 248.05 248.16 248.18 248.12 247.97 247.74 247.42 247.03 246.54 245.98 245.34 244.62 243.83 242.95 242.00 240.98 239.88 238.71 237.47 236.16 234.73 233.11 231.26 229.18 226.87 224.32 221.55
170.62 172.41 174.29 176.25 178.29 180.40 182.59 184.84 187.15 189.51 191.89 194.30 196.73 199.17 201.61 204.05 206.50 208.96 211.45 213.94 216.43 218.90 221.35 223.76 226.08 228.30 230.41 232.41 234.31 236.11 237.80 239.39 240.87 242.26 243.55 244.74 245.83 246.83 247.73 248.54 249.26 249.88 250.41 250.86 251.21 251.47 251.65 251.74 251.75 251.68 251.52 251.27 250.95 250.55 250.07 249.51 248.87 248.16 247.37 246.51 245.57 244.57 243.49 242.30 240.91 239.29 237.43 235.34 233.01 230.45 227.66
170.26 172.05 173.94 175.92 177.97 180.10 182.30 184.57 186.89 189.25 191.64 194.05 196.48 198.93 201.38 203.84 206.30 208.79 211.31 213.84 216.38 218.91 221.42 223.91 226.36 228.72 230.97 233.13 235.17 237.11 238.95 240.69 242.33 243.87 245.31 246.65 247.90 249.05 250.11 251.07 251.94 252.72 253.41 254.01 254.53 254.95 255.29 255.54 255.71 255.79 255.80 255.72 255.56 255.32 255.01 254.61 254.14 253.60 252.98 252.28 251.52 250.68 249.73 248.58 247.19 245.56 243.70 241.59 239.25 236.68 233.87
169.97 171.78 173.68 175.66 177.73 179.87 182.09 184.37 186.69 189.05 191.44 193.86 196.30 198.76 201.23 203.70 206.18 208.70 211.25 213.82 216.41 219.00 221.59 224.15 226.69 229.18 231.59 233.89 236.09 238.19 240.18 242.08 243.87 245.57 247.17 248.67 250.08 251.39 252.61 253.73 254.76 255.71 256.56 257.32 258.00 258.59 259.09 259.51 259.85 260.10 260.27 260.36 260.37 260.31 260.16 259.94 259.64 259.27 258.82 258.31 257.72 257.01 256.10 254.95 253.56 251.93 250.05 247.94 245.58 242.99 240.16
169.76 171.58 173.49 175.48 177.56 179.72 181.95 184.23 186.55 188.92 191.32 193.75 196.20 198.67 201.15 203.64 206.14 208.69 211.27 213.90 216.54 219.19 221.85 224.49 227.11 229.71 232.25 234.71 237.07 239.33 241.49 243.54 245.50 247.36 249.12 250.79 252.36 253.84 255.22 256.52 257.72 258.83 259.85 260.78 261.63 262.39 263.07 263.66 264.17 264.60 264.94 265.21 265.40 265.51 265.54 265.49 265.38 265.18 264.92 264.58 264.13 263.47 262.56 261.41 260.02 258.38 256.49 254.37 252.00 249.39 246.54
169.64 171.46 173.38 175.39 177.48 179.64 181.87 184.15 186.48 188.85 191.26 193.70 196.17 198.65 201.15 203.66 206.18 208.76 211.39 214.06 216.76 219.47 222.20 224.93 227.64 230.33 232.98 235.59 238.12 240.54 242.87 245.09 247.22 249.25 251.18 253.02 254.76 256.41 257.97 259.43 260.81 262.09 263.29 264.40 265.42 266.36 267.22 267.99 268.68 269.28 269.81 270.26 270.63 270.92 271.14 271.28 271.34 271.33 271.25 271.06 270.65 270.00 269.10 267.95 266.55 264.90 263.01 260.87 258.49 255.86 252.99
169.58 171.42 173.34 175.36 177.46 179.63 181.86 184.14 186.48 188.86 191.28 193.73 196.21 198.71 201.23 203.76 206.31 208.92 211.59 214.31 217.07 219.85 222.65 225.46 228.27 231.06 233.82 236.55 239.23 241.83 244.32 246.72 249.02 251.23 253.34 255.35 257.27 259.10 260.83 262.48 264.04 265.50 266.88 268.17 269.38 270.50 271.54 272.50 273.37 274.16 274.88 275.51 276.07 276.55 276.96 277.29 277.54 277.73 277.80 277.65 277.25 276.60 275.70 274.55 273.15 271.50 269.60 267.44 265.04 262.39 259.50
169.61 171.45 173.38 175.41 177.51 179.68 181.91 184.20 186.55 188.94 191.37 193.84 196.33 198.86 201.40 203.95 206.53 209.17 211.89 214.66 217.48 220.33 223.21 226.10 229.00 231.89 234.77 237.61 240.43 243.18 245.86 248.44 250.92 253.31 255.60 257.80 259.90 261.91 263.83 265.66 267.41 269.06 270.63 272.11 273.50 274.81 276.04 277.19 278.26 279.24 280.15 280.98 281.73 282.40 283.01 283.53 283.98 284.32 284.44 284.31 283.92 283.27 282.37 281.22 279.81 278.15 276.24 274.08 271.66 268.99 266.08
169.70 171.55 173.49 175.51 177.61 179.79 182.03 184.33 186.68 189.09 191.54 194.02 196.54 199.08 201.65 204.23 206.83 209.52 212.28 215.10 217.98 220.91 223.86 226.85 229.84 232.84 235.82 238.79 241.73 244.63 247.48 250.25 252.91 255.49 257.97 260.35 262.65 264.85 266.96 268.98 270.92 272.77 274.53 276.20 277.79 279.30 280.72 282.07 283.33 284.52 285.62 286.65 287.60 288.48 289.28 290.01 290.62 291.01 291.15 291.02 290.64 290.00 289.10 287.94 286.53 284.86 282.94 280.76 278.33 275.64 272.70
169.86 171.71 173.65 175.68 177.79 179.97 182.22 184.53 186.90 189.32 191.78 194.29 196.83 199.39 201.99 204.59 207.23 209.96 212.77 215.65 218.59 221.59 224.63 227.70 230.79 233.89 237.00 240.09 243.16 246.20 249.20 252.14 255.01 257.77 260.45 263.03 265.52 267.92 270.22 272.45 274.58 276.62 278.58 280.46 282.25 283.96 285.59 287.14 288.60 289.99 291.30 292.54 293.70 294.78 295.79 296.68 297.35 297.76 297.90 297.79 297.41 296.77 295.87 294.71 293.30 291.62 289.69 287.49 285.04 282.33 279.37
170.09 171.94 173.88 175.92 178.03 180.22 182.48 184.80 187.19 189.62 192.11 194.64 197.20 199.79 202.41 205.05 207.73 210.49 213.35 216.29 219.30 222.38 225.50 228.66 231.85 235.07 238.29 241.50 244.71 247.89 251.04 254.15 257.20 260.16 263.04 265.82 268.51 271.11 273.62 276.05 278.39 280.64 282.80 284.88 286.88 288.80 290.64 292.39 294.07 295.67 297.19 298.64 300.01 301.30 302.48 303.43 304.12 304.54 304.70 304.59 304.22 303.59 302.69 301.53 300.10 298.42 296.47 294.26 291.79 289.06 286.08
170.38 172.23 174.18 176.22 178.34 180.54 182.81 185.15 187.56 190.01 192.52 195.07 197.66 200.28 202.93 205.61 208.32 211.13 214.04 217.04 220.12 223.27 226.48 229.74 233.03 236.36 239.70 243.04 246.38 249.71 253.01 256.28 259.50 262.66 265.74 268.73 271.63 274.44 277.16 279.79 282.34 284.80 287.18 289.48 291.69 293.82 295.87 297.84 299.74 301.55 303.29 304.96 306.54 308.01 309.25 310.23 310.93 311.37 311.53 311.44 311.07 310.44 309.54 308.37 306.94 305.25 303.29 301.06 298.58 295.83 292.82
170.73 172.59 174.54 176.59 178.72 180.94 183.23 185.59 188.01 190.49 193.02 195.60 198.21 200.87 203.55 206.26 209.01 211.86 214.83 217.89 221.05 224.28 227.57 230.93 234.33 237.76 241.23 244.70 248.18 251.65 255.11 258.54 261.93 265.28 268.56 271.76 274.88 277.90 280.84 283.69 286.45 289.13 291.73 294.24 296.67 299.02 301.30 303.49 305.60 307.64 309.61 311.49 313.26 314.79 316.06 317.05 317.77 318.22 318.40 318.31 317.94 317.31 316.41 315.24 313.80 312.10 310.13 307.89 305.38 302.61 299.58
171.15 173.02 174.98 177.04 179.18 181.41 183.72 186.10 188.54 191.05 193.60 196.21 198.86 201.55 204.26 207.01 209.80 212.71 215.73 218.86 222.08 225.40 228.78 232.24 235.74 239.29 242.88 246.49 250.11 253.73 257.34 260.94 264.51 268.03 271.51 274.92 278.25 281.50 284.66 287.73 290.72 293.62 296.44 299.18 301.84 304.41 306.91 309.33 311.68 313.94 316.13 318.20 320.04 321.60 322.88 323.90 324.63 325.09 325.28 325.20 324.84 324.21 323.31 322.13 320.69 318.97 316.98 314.73 312.20 309.41 306.35
171.64 173.51 175.49 177.56 179.72 181.97 184.29 186.69 189.16 191.69 194.28 196.92 199.60 202.32 205.08 207.86 210.70 213.65 216.73 219.93 223.23 226.63 230.11 233.66 237.28 240.95 244.66 248.40 252.16 255.94 259.71 263.48 267.22 270.93 274.60 278.21 281.77 285.24 288.62 291.92 295.14 298.27 301.32 304.29 307.18 309.99 312.72 315.37 317.95 320.45 322.83 324.97 326.84 328.42 329.73 330.76 331.51 331.98 332.18 332.10 331.75 331.12 330.21 329.03 327.58 325.85 323.85 321.58 319.03 316.21 313.13
172.20 174.08 176.07 178.16 180.34 182.60 184.95 187.38 189.87 192.43 195.05 197.72 200.44 203.20 205.99 208.82 211.70 214.71 217.85 221.12 224.50 227.98 231.55 235.21 238.94 242.73 246.57 250.45 254.36 258.28 262.22 266.15 270.07 273.97 277.83 281.65 285.42 289.12 292.73 296.27 299.72 303.09 306.38 309.58 312.71 315.76 318.73 321.62 324.44 327.13 329.58 331.75 333.64 335.25 336.58 337.63 338.39 338.88 339.08 339.01 338.66 338.03 337.12 335.94 334.47 332.73 330.72 328.43 325.86 323.02 319.91
172.83 174.72 176.73 178.83 181.03 183.32 185.70 188.15 190.67 193.26 195.91 198.62 201.37 204.17 207.01 209.88 212.81 215.87 219.08 222.42 225.88 229.45 233.12 236.88 240.73 244.64 248.61 252.62 256.68 260.76 264.86 268.97 273.07 277.15 281.22 285.24 289.22 293.14 297.00 300.77 304.46 308.07 311.60 315.05 318.42 321.71 324.93 328.07 331.08 333.85 336.34 338.54 340.45 342.08 343.43 344.49 345.27 345.77 345.99 345.92 345.57 344.94 344.03 342.84 341.36 339.61 337.58 335.27 332.68 329.82 326.68
173.53 175.45 177.47 179.59 181.82 184.13 186.53 189.01 191.56 194.19 196.87 199.62 202.41 205.25 208.13 211.05 214.03 217.15 220.42 223.84 227.38 231.04 234.81 238.68 242.64 246.68 250.78 254.94 259.14 263.38 267.65 271.93 276.21 280.49 284.75 288.98 293.18 297.32 301.41 305.43 309.37 313.23 317.01 320.70 324.32 327.87 331.33 334.67 337.76 340.57 343.09 345.32 347.26 348.91 350.28 351.36 352.15 352.66 352.88 352.82 352.47 351.84 350.92 349.72 348.24 346.48 344.43 342.10 339.49 336.60 333.44
174.32 176.25 178.29 180.44 182.68 185.02 187.45 189.96 192.55 195.21 197.93 200.72 203.55 206.44 209.37 212.33 215.36 218.54 221.89 225.38 229.00 232.76 236.63 240.61 244.69 248.85 253.09 257.39 261.75 266.15 270.58 275.04 279.50 283.98 288.44 292.88 297.29 301.67 305.99 310.25 314.44 318.55 322.59 326.54 330.42 334.21 337.88 341.31 344.44 347.28 349.83 352.08 354.05 355.73 357.11 358.21 359.01 359.53 359.76 359.70 359.35 358.72 357.80 356.59 355.10 353.32 351.26 348.91 346.28 343.37 340.17
175.18 177.13 179.20 181.37 183.64 186.01 188.47 191.01 193.64 196.33 199.10 201.92 204.80 207.73 210.71 213.73 216.81 220.06 223.47 227.04 230.75 234.60 238.58 242.67 246.87 251.16 255.53 259.98 264.49 269.05 273.66 278.29 282.95 287.61 292.28 296.94 301.57 306.17 310.73 315.24 319.68 324.06 328.35 332.56 336.70 340.71 344.47 347.93 351.10 353.97 356.55 358.83 360.82 362.52 363.92 365.03 365.85 366.38 366.62 366.56 366.21 365.58 364.65 363.44 361.94 360.14 358.06 355.70 353.04 350.10 346.88
176.12 178.10 180.19 182.39 184.69 187.09 189.58 192.16 194.82 197.56 200.36 203.23 206.16 209.14 212.17 215.24 218.38 221.69 225.17 228.82 232.63 236.57 240.66 244.86 249.18 253.60 258.12 262.71 267.38 272.11 276.88 281.70 286.55 291.41 296.28 301.15 306.01 310.84 315.64 320.40 325.10 329.73 334.29 338.77 343.12 347.22 351.02 354.53 357.73 360.63 363.24 365.55 367.57 369.28 370.71 371.83 372.66 373.20 373.44 373.39 373.04 372.40 371.47 370.25 368.74 366.93 364.83 362.44 359.77 356.80 353.55
177.15 179.15 181.27 183.50 185.83 188.26 190.79 193.41 196.11 198.89 201.74 204.65 207.63 210.66 213.74 216.86 220.07 223.44 227.00 230.73 234.63 238.68 242.87 247.19 251.63 256.19 260.85 265.59 270.42 275.31 280.26 285.26 290.30 295.36 300.44 305.53 310.61 315.68 320.72 325.72 330.68 335.59 340.42 345.12 349.57 353.71 357.55 361.09 364.33 367.27 369.90 372.24 374.28 376.01 377.45 378.59 379.44 379.98 380.23 380.18 379.83 379.19 378.25 377.02 375.49 373.67 371.56 369.15 366.45 363.45 360.17
178.27 180.30 182.44 184.70 187.07 189.54 192.10 194.76 197.50 200.32 203.22 206.18 209.21 212.30 215.43 218.61 221.88 225.32 228.95 232.77 236.76 240.91 245.21 249.66 254.23 258.92 263.72 268.61 273.60 278.66 283.79 288.98 294.21 299.47 304.77 310.07 315.38 320.68 325.97 331.23 336.45 341.61 346.67 351.47 355.97 360.16 364.04 367.62 370.89 373.86 376.52 378.89 380.94 382.70 384.16 385.31 386.16 386.72 386.97 386.92 386.57 385.93 384.98 383.74 382.20 380.37 378.23 375.80 373.08 370.05 366.74
179.48 181.53 183.71 186.00 188.40 190.91 193.51 196.21 199.00 201.87 204.81 207.83 210.91 214.05 217.24 220.48 223.81 227.32 231.04 234.94 239.03 243.29 247.70 252.26 256.96 261.79 266.74 271.79 276.94 282.17 287.48 292.85 298.28 303.75 309.25 314.78 320.32 325.86 331.39 336.90 342.38 347.77 352.92 357.78 362.33 366.56 370.48 374.10 377.40 380.40 383.09 385.48 387.56 389.34 390.81 391.98 392.84 393.40 393.66 393.61 393.26 392.61 391.66 390.41 388.86 387.00 384.85 382.40 379.65 376.60 373.26
180.77 182.86 185.07 187.40 189.84 192.38 195.03 197.77 200.61 203.53 206.52 209.59 212.73 215.92 219.18 222.48 225.87 229.46 233.26 237.25 241.43 245.80 250.33 255.01 259.84 264.81 269.90 275.11 280.43 285.83 291.32 296.89 302.51 308.19 313.91 319.66 325.43 331.21 336.99 342.76 348.45 353.92 359.11 364.01 368.62 372.90 376.87 380.52 383.86 386.89 389.61 392.02 394.13 395.92 397.41 398.59 399.46 400.03 400.29 400.24 399.89 399.24 398.28 397.01 395.45 393.58 391.40 388.93 386.15 383.08 379.70
