data_processed/recharge/precip/Precip_1990_05.asc
ncols        168
nrows        136
xllcorner    455000
yllcorner    2107000
cellsize     500
NODATA_value     -99999
[rows 34 to 67 of 136, columns 0 to 76 of 168]
76.64 73.89 70.99 68.00 64.99 62.01 59.13 56.34 53.67 51.15 48.81 46.68 44.78 43.16 41.83 40.83 40.18 39.88 39.94 40.36 41.16 42.33 43.89 45.82 47.98 50.24 52.58 54.98 57.41 59.85 62.27 64.65 66.95 69.19 71.36 73.49 75.59 77.67 79.76 81.86 84.00 86.24 88.74 91.54 94.65 98.06 101.79 105.84 110.21 114.69 118.12 120.06 120.62 119.91 118.03 115.09 111.21 106.56 101.61 96.77 92.13 87.74 83.66 79.95 76.66 73.85 71.57 69.89 68.81 68.33 68.40 69.01 70.12 71.71 73.74 76.11 78.51
73.87 70.95 67.86 64.68 61.47 58.30 55.24 52.32 49.55 46.95 44.55 42.37 40.46 38.83 37.52 36.56 35.94 35.69 35.80 36.27 37.12 38.36 39.97 41.97 44.19 46.54 48.96 51.45 53.98 56.52 59.05 61.54 63.98 66.34 68.63 70.87 73.07 75.24 77.41 79.59 81.85 84.33 87.08 90.10 93.40 96.98 100.85 105.01 109.46 114.00 117.51 119.57 120.28 119.76 118.11 115.44 111.86 107.49 102.49 97.31 92.35 87.69 83.39 79.50 76.07 73.18 70.89 69.23 68.19 67.74 67.86 68.51 69.67 71.30 73.39 75.81 78.27
71.07 67.99 64.74 61.38 58.00 54.65 51.40 48.32 45.44 42.77 40.31 38.10 36.17 34.55 33.27 32.34 31.76 31.55 31.70 32.23 33.13 34.42 36.09 38.15 40.45 42.86 45.37 47.95 50.57 53.21 55.85 58.46 61.01 63.50 65.90 68.23 70.52 72.77 75.01 77.31 79.80 82.52 85.48 88.69 92.14 95.85 99.81 104.04 108.53 113.09 116.64 118.78 119.61 119.23 117.77 115.33 112.02 107.95 103.23 98.02 92.77 87.83 83.30 79.23 75.67 72.72 70.44 68.80 67.79 67.38 67.52 68.21 69.40 71.08 73.21 75.67 78.19
68.29 65.06 61.65 58.15 54.60 51.09 47.67 44.42 41.40 38.64 36.13 33.89 31.96 30.35 29.10 28.20 27.66 27.48 27.68 28.25 29.21 30.55 32.28 34.40 36.76 39.25 41.84 44.50 47.21 49.95 52.70 55.42 58.09 60.70 63.21 65.64 68.00 70.33 72.68 75.20 77.91 80.84 83.97 87.32 90.89 94.69 98.71 102.97 107.46 112.00 115.55 117.72 118.63 118.37 117.06 114.80 111.72 107.91 103.49 98.57 93.30 88.11 83.35 79.09 75.44 72.49 70.22 68.60 67.60 67.21 67.38 68.09 69.31 71.02 73.18 75.68 78.24
65.53 62.18 58.64 54.99 51.31 47.65 44.08 40.67 37.49 34.60 32.04 29.78 27.85 26.27 25.04 24.17 23.67 23.53 23.77 24.38 25.38 26.78 28.56 30.74 33.17 35.73 38.39 41.14 43.94 46.78 49.62 52.46 55.25 57.98 60.62 63.15 65.59 68.02 70.59 73.32 76.22 79.31 82.58 86.03 89.68 93.52 97.56 101.81 106.27 110.75 114.26 116.43 117.37 117.18 115.98 113.87 110.97 107.39 103.23 98.61 93.63 88.45 83.48 79.09 75.42 72.47 70.20 68.59 67.60 67.22 67.40 68.13 69.37 71.10 73.29 75.82 78.41
62.85 59.38 55.73 51.96 48.15 44.36 40.66 37.11 33.78 30.75 28.08 25.80 23.89 22.33 21.13 20.29 19.81 19.71 19.98 20.64 21.69 23.13 24.97 27.20 29.69 32.32 35.06 37.89 40.78 43.71 46.66 49.60 52.50 55.35 58.12 60.79 63.38 66.02 68.79 71.70 74.76 77.96 81.32 84.84 88.53 92.38 96.40 100.60 104.97 109.36 112.79 114.92 115.85 115.70 114.57 112.57 109.81 106.41 102.48 98.11 93.43 88.54 83.68 79.29 75.61 72.65 70.37 68.76 67.77 67.39 67.58 68.32 69.57 71.31 73.51 76.06 78.67
60.26 56.70 52.95 49.08 45.16 41.25 37.43 33.76 30.31 27.15 24.37 22.03 20.11 18.57 17.39 16.57 16.13 16.06 16.37 17.06 18.15 19.64 21.53 23.82 26.37 29.06 31.87 34.78 37.76 40.78 43.83 46.87 49.89 52.86 55.75 58.60 61.47 64.37 67.32 70.37 73.53 76.82 80.24 83.78 87.46 91.28 95.24 99.35 103.61 107.86 111.17 113.21 114.10 113.94 112.84 110.92 108.27 105.01 101.26 97.11 92.69 88.19 83.82 79.65 75.98 73.00 70.71 69.08 68.09 67.70 67.89 68.62 69.88 71.62 73.83 76.39 79.01
57.80 54.16 50.33 46.37 42.36 38.36 34.44 30.66 27.11 23.87 21.01 18.55 16.56 15.01 13.85 13.05 12.63 12.59 12.94 13.68 14.81 16.34 18.28 20.62 23.22 25.98 28.86 31.84 34.90 38.02 41.16 44.31 47.44 50.52 53.59 56.70 59.86 63.03 66.18 69.34 72.58 75.91 79.34 82.87 86.51 90.25 94.12 98.10 102.20 106.27 109.42 111.35 112.15 111.95 110.84 108.94 106.36 103.21 99.59 95.63 91.54 87.53 83.66 79.96 76.50 73.51 71.20 69.55 68.54 68.13 68.31 69.03 70.28 72.02 74.22 76.79 79.41
55.50 51.80 47.90 43.88 39.79 35.71 31.71 27.86 24.25 20.95 18.01 15.46 13.34 11.71 10.54 9.76 9.37 9.36 9.73 10.50 11.67 13.25 15.23 17.62 20.28 23.10 26.05 29.11 32.25 35.45 38.69 41.94 45.17 48.42 51.73 55.12 58.53 61.95 65.33 68.64 71.92 75.26 78.66 82.14 85.69 89.33 93.05 96.86 100.77 104.62 107.57 109.34 110.02 109.73 108.57 106.66 104.11 101.02 97.52 93.83 90.18 86.64 83.23 80.00 76.94 74.14 71.82 70.14 69.10 68.67 68.82 69.52 70.75 72.48 74.68 77.23 79.85
53.39 49.64 45.70 41.62 37.48 33.34 29.28 25.40 21.77 18.42 15.41 12.76 10.54 8.78 7.51 6.73 6.36 6.37 6.78 7.58 8.79 10.40 12.43 14.86 17.58 20.45 23.47 26.60 29.82 33.11 36.44 39.79 43.17 46.65 50.22 53.84 57.49 61.12 64.70 68.19 71.57 74.89 78.22 81.61 85.04 88.52 92.07 95.67 99.34 102.94 105.65 107.22 107.74 107.32 106.08 104.12 101.55 98.50 95.20 91.90 88.69 85.58 82.60 79.77 77.13 74.69 72.52 70.82 69.75 69.28 69.40 70.08 71.29 72.99 75.17 77.70 80.31
51.50 47.73 43.75 39.64 35.45 31.28 27.23 23.35 19.70 16.31 13.23 10.51 8.19 6.30 4.89 4.01 3.63 3.67 4.10 4.93 6.17 7.83 9.90 12.38 15.14 18.07 21.15 24.35 27.65 31.02 34.44 37.92 41.53 45.24 49.03 52.87 56.71 60.53 64.28 67.93 71.45 74.80 78.05 81.30 84.57 87.87 91.19 94.55 97.95 101.24 103.68 105.01 105.32 104.74 103.37 101.32 98.71 95.80 92.86 89.96 87.14 84.41 81.81 79.36 77.08 75.00 73.15 71.57 70.47 69.96 70.04 70.68 71.85 73.53 75.67 78.18 80.77
49.86 46.08 42.09 37.95 33.76 29.62 25.60 21.73 18.07 14.65 11.52 8.73 6.31 4.31 2.77 1.73 1.24 1.27 1.73 2.59 3.86 5.55 7.66 10.18 12.99 15.98 19.12 22.39 25.76 29.21 32.76 36.45 40.27 44.19 48.18 52.19 56.20 60.17 64.06 67.83 71.47 74.91 78.15 81.25 84.32 87.39 90.45 93.52 96.60 99.56 101.68 102.73 102.80 102.02 100.48 98.31 95.78 93.19 90.61 88.06 85.59 83.20 80.93 78.80 76.85 75.08 73.54 72.24 71.23 70.69 70.72 71.31 72.44 74.07 76.18 78.65 81.21
48.50 44.72 40.74 36.62 32.49 28.41 24.42 20.57 16.91 13.47 10.31 7.45 4.94 2.84 1.17 0.00 0.00 0.00 0.00 0.58 1.88 3.61 5.75 8.31 11.17 14.21 17.41 20.74 24.19 27.76 31.49 35.38 39.39 43.48 47.63 51.80 55.94 60.03 64.03 67.90 71.62 75.14 78.42 81.46 84.31 87.10 89.87 92.62 95.34 97.92 99.69 100.41 100.21 99.18 97.45 95.29 93.04 90.77 88.50 86.27 84.09 82.00 80.02 78.18 76.50 75.00 73.72 72.67 71.89 71.42 71.41 71.95 73.02 74.61 76.67 79.10 81.61
47.45 43.70 39.75 35.72 31.68 27.67 23.73 19.91 16.26 12.81 9.61 6.70 4.12 1.92 0.14 0.00 0.00 0.00 0.00 0.00 0.27 2.02 4.20 6.80 9.70 12.79 16.05 19.44 22.99 26.73 30.65 34.71 38.87 43.12 47.39 51.68 55.93 60.11 64.19 68.13 71.89 75.45 78.77 81.80 84.53 87.04 89.47 91.85 94.18 96.35 97.72 98.09 97.56 96.26 94.48 92.56 90.59 88.60 86.60 84.63 82.72 80.88 79.15 77.54 76.09 74.82 73.75 72.92 72.35 72.05 72.09 72.57 73.59 75.11 77.12 79.49 81.95
46.75 43.06 39.22 35.31 31.37 27.43 23.56 19.78 16.14 12.69 9.46 6.51 3.86 1.58 0.00 0.00 0.00 0.00 0.00 0.00 0.00 0.82 3.03 5.67 8.61 11.75 15.06 18.55 22.25 26.16 30.23 34.43 38.72 43.08 47.46 51.83 56.15 60.40 64.52 68.50 72.29 75.85 79.16 82.18 84.87 87.21 89.29 91.26 93.16 94.87 95.80 95.77 94.89 93.48 91.90 90.23 88.50 86.74 84.97 83.23 81.52 79.89 78.36 76.95 75.69 74.60 73.71 73.04 72.63 72.49 72.65 73.16 74.11 75.56 77.50 79.82 82.22
46.43 42.89 39.20 35.42 31.58 27.74 23.93 20.20 16.59 13.15 9.90 6.91 4.21 1.85 0.00 0.00 0.00 0.00 0.00 0.00 0.00 0.03 2.28 4.95 7.93 11.11 14.51 18.14 21.99 26.03 30.22 34.53 38.92 43.36 47.81 52.24 56.61 60.88 65.03 69.01 72.79 76.33 79.61 82.57 85.20 87.45 89.30 90.86 92.28 93.50 93.96 93.50 92.46 91.20 89.82 88.35 86.82 85.25 83.67 82.10 80.57 79.10 77.73 76.47 75.35 74.39 73.63 73.09 72.79 72.76 73.03 73.62 74.56 75.95 77.82 80.06 82.40
46.62 43.25 39.72 36.08 32.36 28.62 24.89 21.21 17.64 14.21 10.96 7.94 5.19 2.76 0.68 0.00 0.00 0.00 0.00 0.00 0.00 0.00 1.97 4.67 7.69 10.94 14.46 18.22 22.19 26.34 30.62 35.01 39.47 43.96 48.45 52.91 57.29 61.56 65.69 69.65 73.39 76.88 80.09 82.98 85.51 87.66 89.38 90.65 91.59 92.28 92.23 91.55 90.61 89.52 88.31 87.00 85.62 84.20 82.76 81.32 79.92 78.57 77.31 76.15 75.13 74.27 73.60 73.13 72.91 72.94 73.27 73.91 74.89 76.24 78.03 80.19 82.44
47.35 44.17 40.81 37.32 33.73 30.10 26.45 22.84 19.31 15.90 12.66 9.62 6.83 4.34 2.18 0.40 0.00 0.00 0.00 0.00 0.00 0.10 2.17 4.86 7.94 11.30 14.93 18.79 22.85 27.07 31.42 35.86 40.35 44.87 49.36 53.81 58.18 62.42 66.51 70.41 74.08 77.49 80.60 83.38 85.79 87.80 89.37 90.47 91.07 91.23 90.90 90.27 89.47 88.51 87.42 86.23 84.96 83.64 82.30 80.95 79.63 78.36 77.16 76.07 75.10 74.29 73.66 73.23 73.03 73.09 73.43 74.08 75.06 76.40 78.13 80.19 82.27
48.58 45.60 42.42 39.08 35.63 32.11 28.56 25.03 21.55 18.18 14.94 11.90 9.08 6.54 4.31 2.44 0.97 0.00 0.00 0.00 0.00 1.14 2.98 5.50 8.60 12.06 15.78 19.72 23.84 28.11 32.49 36.95 41.45 45.96 50.44 54.86 59.18 63.36 67.38 71.19 74.76 78.06 81.05 83.69 85.95 87.80 89.19 90.10 90.49 90.43 90.11 89.59 88.89 88.02 87.02 85.91 84.72 83.46 82.17 80.88 79.60 78.37 77.21 76.14 75.19 74.39 73.77 73.34 73.13 73.17 73.49 74.11 75.06 76.36 78.04 80.02 81.87
49.95 47.19 44.20 41.03 37.73 34.33 30.89 27.44 24.03 20.69 17.48 14.44 11.60 9.02 6.73 4.78 3.20 2.06 1.37 1.20 1.58 2.55 4.14 6.35 9.24 12.72 16.51 20.50 24.66 28.96 33.36 37.83 42.32 46.81 51.25 55.62 59.88 64.00 67.92 71.64 75.10 78.27 81.11 83.60 85.70 87.37 88.57 89.27 89.52 89.39 89.10 88.67 88.06 87.28 86.36 85.33 84.20 83.01 81.77 80.53 79.29 78.09 76.96 75.91 74.98 74.19 73.56 73.13 72.91 72.93 73.23 73.81 74.72 75.98 77.68 79.71 81.46
51.35 48.80 46.01 43.02 39.87 36.62 33.29 29.94 26.60 23.32 20.14 17.11 14.27 11.65 9.31 7.29 5.62 4.36 3.55 3.22 3.42 4.18 5.48 7.38 9.93 13.17 16.95 20.99 25.18 29.50 33.91 38.36 42.84 47.29 51.69 56.00 60.19 64.21 68.04 71.64 74.97 78.01 80.70 83.02 84.94 86.42 87.42 87.98 88.16 87.99 87.67 87.26 86.74 86.06 85.23 84.27 83.22 82.09 80.92 79.73 78.54 77.38 76.28 75.26 74.35 73.57 72.95 72.52 72.29 72.30 72.57 73.13 74.02 75.31 77.09 79.18 81.00
52.77 50.41 47.83 45.03 42.05 38.94 35.74 32.49 29.24 26.03 22.89 19.89 17.04 14.41 12.03 9.95 8.20 6.84 5.90 5.43 5.45 5.95 6.97 8.58 10.81 13.68 17.19 21.20 25.41 29.74 34.14 38.57 43.01 47.42 51.76 56.00 60.10 64.03 67.74 71.22 74.41 77.29 79.83 81.97 83.70 84.97 85.83 86.33 86.48 86.27 85.91 85.48 84.98 84.39 83.65 82.78 81.81 80.75 79.65 78.51 77.38 76.27 75.20 74.22 73.33 72.57 71.96 71.54 71.31 71.31 71.57 72.12 73.04 74.43 76.28 78.44 80.34
54.33 52.03 49.63 47.03 44.23 41.28 38.22 35.09 31.93 28.79 25.72 22.74 19.91 17.27 14.86 12.73 10.92 9.46 8.41 7.78 7.58 7.83 8.60 9.94 11.87 14.39 17.51 21.21 25.37 29.69 34.07 38.47 42.87 47.22 51.49 55.64 59.64 63.46 67.05 70.39 73.43 76.15 78.50 80.46 81.99 83.12 83.92 84.40 84.50 84.26 83.86 83.40 82.88 82.31 81.66 80.89 80.00 79.02 77.99 76.92 75.84 74.78 73.77 72.82 71.96 71.23 70.64 70.22 70.00 70.00 70.26 70.86 71.90 73.37 75.29 77.50 79.46
56.03 53.77 51.43 49.00 46.39 43.61 40.70 37.69 34.64 31.59 28.58 25.65 22.84 20.21 17.78 15.61 13.73 12.20 11.02 10.20 9.78 9.80 10.34 11.44 13.09 15.28 18.02 21.30 25.14 29.37 33.72 38.08 42.42 46.69 50.88 54.94 58.83 62.52 65.98 69.17 72.05 74.59 76.75 78.51 79.90 80.98 81.76 82.20 82.27 81.99 81.56 81.06 80.52 79.93 79.31 78.62 77.83 76.94 75.98 74.98 73.97 72.97 72.00 71.10 70.28 69.58 69.01 68.61 68.40 68.41 68.74 69.47 70.60 72.16 74.13 76.37 78.39
57.86 55.63 53.32 50.95 48.50 45.90 43.15 40.28 37.35 34.39 31.46 28.58 25.81 23.19 20.75 18.56 16.63 15.00 13.66 12.66 12.04 11.86 12.18 13.06 14.46 16.35 18.73 21.60 24.98 28.87 33.10 37.40 41.67 45.87 49.96 53.91 57.68 61.23 64.54 67.57 70.28 72.63 74.60 76.22 77.56 78.62 79.36 79.77 79.81 79.50 79.03 78.51 77.94 77.33 76.70 76.04 75.33 74.53 73.66 72.74 71.80 70.86 69.95 69.09 68.32 67.65 67.12 66.74 66.55 66.65 67.11 67.96 69.19 70.81 72.82 75.09 77.15
59.79 57.59 55.31 52.97 50.58 48.13 45.54 42.83 40.02 37.18 34.33 31.52 28.79 26.19 23.76 21.54 19.56 17.80 16.30 15.13 14.34 13.98 14.12 14.79 15.96 17.56 19.61 22.10 25.05 28.45 32.31 36.47 40.66 44.76 48.74 52.57 56.20 59.61 62.76 65.61 68.13 70.29 72.12 73.70 75.02 76.05 76.77 77.15 77.16 76.82 76.32 75.77 75.17 74.55 73.90 73.23 72.56 71.84 71.06 70.22 69.36 68.49 67.64 66.84 66.11 65.49 64.99 64.64 64.56 64.80 65.40 66.35 67.67 69.34 71.39 73.67 75.76
61.80 59.63 57.38 55.07 52.70 50.30 47.86 45.30 42.64 39.91 37.16 34.43 31.76 29.19 26.77 24.53 22.44 20.55 18.92 17.61 16.67 16.15 16.12 16.62 17.58 18.92 20.65 22.79 25.32 28.26 31.61 35.37 39.39 43.38 47.24 50.93 54.42 57.67 60.65 63.31 65.64 67.66 69.46 71.02 72.32 73.33 74.02 74.37 74.36 73.98 73.45 72.87 72.25 71.61 70.94 70.27 69.59 68.92 68.22 67.47 66.68 65.89 65.11 64.37 63.70 63.12 62.67 62.44 62.51 62.91 63.63 64.68 66.06 67.78 69.84 72.13 74.23
63.88 61.74 59.51 57.22 54.88 52.50 50.11 47.69 45.17 42.57 39.93 37.28 34.68 32.16 29.74 27.42 25.24 23.25 21.51 20.08 19.01 18.36 18.18 18.53 19.29 20.40 21.85 23.64 25.78 28.28 31.14 34.36 37.95 41.75 45.48 49.03 52.35 55.43 58.22 60.69 62.89 64.88 66.66 68.20 69.48 70.47 71.14 71.47 71.42 71.01 70.46 69.85 69.22 68.55 67.87 67.19 66.50 65.83 65.17 64.51 63.81 63.10 62.39 61.72 61.11 60.59 60.27 60.21 60.45 60.98 61.82 62.95 64.39 66.14 68.21 70.48 72.60
65.99 63.88 61.68 59.42 57.09 54.74 52.36 49.99 47.60 45.13 42.61 40.06 37.53 35.05 32.59 30.21 27.95 25.88 24.05 22.52 21.35 20.58 20.28 20.50 21.10 21.99 23.17 24.64 26.42 28.50 30.89 33.59 36.61 39.96 43.47 46.85 50.01 52.91 55.50 57.84 60.01 61.99 63.75 65.28 66.55 67.52 68.17 68.47 68.40 67.96 67.38 66.75 66.09 65.41 64.72 64.03 63.34 62.67 62.01 61.39 60.78 60.15 59.52 58.93 58.39 58.01 57.88 58.00 58.39 59.05 59.98 61.19 62.67 64.45 66.51 68.76 70.87
68.13 66.04 63.87 61.62 59.32 56.99 54.63 52.27 49.92 47.57 45.17 42.74 40.27 37.77 35.29 32.86 30.55 28.42 26.53 24.92 23.66 22.81 22.41 22.52 22.98 23.67 24.61 25.79 27.22 28.90 30.84 33.05 35.52 38.27 41.30 44.44 47.42 50.12 52.59 54.90 57.06 59.03 60.79 62.30 63.55 64.50 65.13 65.41 65.31 64.85 64.24 63.59 62.92 62.22 61.52 60.82 60.13 59.45 58.81 58.20 57.63 57.09 56.54 56.03 55.65 55.48 55.54 55.83 56.35 57.13 58.14 59.41 60.93 62.71 64.76 66.98 69.07
70.25 68.20 66.05 63.83 61.55 59.23 56.88 54.54 52.20 49.89 47.60 45.25 42.81 40.31 37.81 35.37 33.03 30.87 28.93 27.27 25.95 25.02 24.55 24.57 24.91 25.43 26.15 27.06 28.16 29.47 30.99 32.72 34.67 36.84 39.24 41.87 44.58 47.16 49.60 51.92 54.07 56.03 57.78 59.29 60.52 61.46 62.07 62.32 62.20 61.71 61.08 60.41 59.72 59.02 58.31 57.60 56.90 56.23 55.59 54.99 54.44 53.94 53.49 53.15 52.98 53.02 53.26 53.70 54.36 55.23 56.32 57.64 59.19 60.96 62.98 65.16 67.22
72.35 70.32 68.20 66.00 63.74 61.44 59.11 56.77 54.45 52.15 49.86 47.54 45.12 42.64 40.15 37.71 35.37 33.19 31.23 29.54 28.18 27.21 26.69 26.64 26.88 27.26 27.77 28.43 29.24 30.19 31.31 32.59 34.03 35.65 37.45 39.44 41.69 44.17 46.62 48.93 51.08 53.04 54.78 56.27 57.49 58.41 59.01 59.25 59.10 58.59 57.93 57.25 56.54 55.82 55.11 54.40 53.70 53.03 52.40 51.81 51.27 50.80 50.49 50.37 50.43 50.66 51.06 51.65 52.42 53.38 54.54 55.90 57.45 59.22 61.20 63.31 65.34
74.40 72.40 70.30 68.12 65.88 63.59 61.28 58.96 56.64 54.32 51.97 49.59 47.19 44.75 42.29 39.87 37.55 35.38 33.42 31.72 30.35 29.36 28.80 28.71 28.88 29.13 29.47 29.90 30.43 31.05 31.79 32.64 33.60 34.69 35.91 37.35 39.13 41.28 43.65 45.97 48.11 50.07 51.80 53.29 54.50 55.41 55.99 56.21 56.04 55.50 54.83 54.13 53.41 52.68 51.96 51.24 50.55 49.89 49.26 48.68 48.17 47.81 47.66 47.74 48.00 48.41 48.97 49.69 50.57 51.61 52.82 54.20 55.76 57.50 59.42 61.47 63.45
76.38 74.40 72.33 70.17 67.95 65.68 63.38 61.07 58.73 56.34 53.91 51.46 49.03 46.62 44.22 41.85 39.56 37.43 35.49 33.81 32.44 31.45 30.88 30.77 30.88 31.03 31.22 31.45 31.72 32.04 32.42 32.86 33.36 33.94 34.69 35.72 37.09 38.78 40.83 43.07 45.21 47.17 48.90 50.38 51.58 52.47 53.04 53.24 53.05 52.50 51.80 51.09 50.36 49.62 48.89 48.18 47.49 46.83 46.21 45.66 45.25 45.05 45.08 45.31 45.72 46.30 47.01 47.85 48.82 49.92 51.17 52.57 54.11 55.81 57.68 59.65 61.56
