data_processed/recharge/precip/Precip_1997_06.asc
ncols        168
nrows        136
xllcorner    455000
yllcorner    2107000
cellsize     500
NODATA_value     -99999
[rows 99 to 131 of 136, columns 75 to 149 of 168]
75.26 74.16 73.09 72.04 71.01 70.01 69.04 68.10 67.20 66.33 65.50 64.71 63.97 63.27 62.63 62.03 61.49 61.01 60.58 60.22 59.92 59.69 59.53 59.44 59.42 59.49 59.63 59.85 60.16 60.55 61.04 61.61 62.28 63.05 63.92 64.89 65.96 67.14 68.43 69.83 71.35 72.99 74.74 76.61 78.62 80.75 82.98 84.95 86.64 88.16 89.52 90.73 91.79 92.71 93.49 94.14 94.66 95.06 95.34 95.52 95.59 95.55 95.43 95.21 94.91 94.53 94.07 93.55 92.97 92.32 91.63 90.88 90.09 89.27 88.42
75.81 74.74 73.68 72.64 71.63 70.64 69.68 68.76 67.86 67.00 66.18 65.40 64.67 63.98 63.33 62.74 62.20 61.72 61.30 60.93 60.63 60.40 60.24 60.14 60.12 60.18 60.31 60.52 60.82 61.21 61.68 62.24 62.90 63.65 64.50 65.46 66.51 67.67 68.95 70.33 71.82 73.44 75.17 77.02 79.00 81.13 83.36 85.31 86.85 88.13 89.25 90.23 91.07 91.78 92.37 92.83 93.18 93.41 93.55 93.58 93.51 93.36 93.12 92.81 92.42 91.96 91.44 90.86 90.23 89.55 88.83 88.07 87.28 86.47 85.63
76.39 75.34 74.30 73.28 72.29 71.32 70.37 69.46 68.58 67.73 66.92 66.15 65.42 64.74 64.11 63.52 62.99 62.51 62.09 61.73 61.43 61.20 61.03 60.94 60.91 60.96 61.09 61.30 61.59 61.97 62.43 62.99 63.63 64.37 65.21 66.15 67.19 68.34 69.59 70.96 72.44 74.03 75.74 77.57 79.55 81.69 83.91 85.87 87.39 88.53 89.42 90.16 90.79 91.29 91.67 91.94 92.11 92.18 92.16 92.04 91.85 91.57 91.22 90.80 90.32 89.78 89.19 88.55 87.88 87.16 86.41 85.64 84.85 84.04 83.22
77.00 75.97 74.96 73.96 72.98 72.03 71.11 70.21 69.34 68.51 67.72 66.96 66.24 65.57 64.95 64.37 63.85 63.38 62.96 62.61 62.31 62.08 61.92 61.82 61.80 61.85 61.98 62.18 62.47 62.84 63.30 63.85 64.48 65.22 66.05 66.97 68.00 69.14 70.38 71.73 73.19 74.76 76.46 78.30 80.28 82.42 84.64 86.59 88.12 89.24 90.00 90.52 90.92 91.20 91.39 91.47 91.46 91.36 91.17 90.91 90.58 90.17 89.71 89.19 88.61 87.99 87.33 86.63 85.90 85.14 84.37 83.58 82.78 81.97 81.17
77.64 76.64 75.65 74.67 73.72 72.79 71.88 71.01 70.16 69.35 68.57 67.83 67.13 66.47 65.86 65.29 64.78 64.32 63.91 63.56 63.28 63.05 62.89 62.80 62.78 62.83 62.96 63.17 63.45 63.82 64.28 64.82 65.45 66.18 67.00 67.92 68.94 70.07 71.30 72.63 74.08 75.65 77.35 79.20 81.18 83.31 85.53 87.48 89.01 90.14 90.88 91.27 91.45 91.52 91.50 91.39 91.20 90.93 90.58 90.17 89.69 89.16 88.58 87.95 87.28 86.57 85.83 85.07 84.29 83.49 82.68 81.87 81.06 80.25 79.46
78.31 77.34 76.37 75.43 74.50 73.59 72.71 71.86 71.03 70.24 69.48 68.76 68.07 67.43 66.84 66.29 65.79 65.34 64.94 64.61 64.33 64.11 63.96 63.88 63.86 63.92 64.05 64.26 64.55 64.92 65.37 65.91 66.55 67.27 68.09 69.00 70.02 71.13 72.35 73.68 75.12 76.70 78.41 80.26 82.24 84.37 86.58 88.52 90.05 91.19 91.94 92.32 92.38 92.24 92.01 91.70 91.32 90.88 90.37 89.80 89.18 88.52 87.82 87.08 86.31 85.51 84.70 83.87 83.03 82.18 81.34 80.51 79.68 78.88 78.09
79.02 78.07 77.14 76.22 75.32 74.44 73.59 72.76 71.96 71.19 70.45 69.75 69.09 68.47 67.89 67.36 66.87 66.44 66.06 65.74 65.47 65.27 65.13 65.05 65.04 65.11 65.25 65.46 65.75 66.13 66.58 67.13 67.76 68.48 69.30 70.21 71.22 72.33 73.55 74.87 76.33 77.91 79.63 81.48 83.46 85.58 87.78 89.71 91.24 92.38 93.14 93.53 93.58 93.33 92.90 92.39 91.82 91.20 90.52 89.80 89.04 88.24 87.41 86.56 85.69 84.80 83.91 83.01 82.11 81.22 80.34 79.48 78.64 77.83 77.05
79.76 78.84 77.94 77.05 76.19 75.34 74.51 73.71 72.94 72.19 71.48 70.81 70.17 69.57 69.01 68.50 68.03 67.62 67.26 66.95 66.70 66.51 66.38 66.32 66.32 66.40 66.55 66.77 67.07 67.45 67.91 68.46 69.09 69.82 70.64 71.55 72.56 73.67 74.89 76.22 77.69 79.28 81.00 82.85 84.83 86.94 89.12 91.05 92.57 93.71 94.47 94.88 94.95 94.69 94.15 93.45 92.69 91.88 91.04 90.16 89.25 88.31 87.36 86.39 85.41 84.43 83.46 82.48 81.52 80.58 79.66 78.77 77.92 77.10 76.32
80.58 79.65 78.78 77.93 77.10 76.28 75.49 74.72 73.97 73.26 72.58 71.93 71.31 70.74 70.21 69.72 69.27 68.88 68.54 68.25 68.02 67.85 67.73 67.69 67.71 67.79 67.95 68.19 68.50 68.89 69.36 69.91 70.55 71.28 72.10 73.02 74.03 75.15 76.38 77.73 79.20 80.80 82.52 84.37 86.34 88.44 90.61 92.52 94.04 95.17 95.94 96.35 96.43 96.20 95.66 94.85 93.91 92.92 91.90 90.86 89.80 88.72 87.64 86.56 85.47 84.39 83.33 82.28 81.26 80.27 79.30 78.38 77.50 76.68 75.90
81.47 80.54 79.67 78.85 78.05 77.27 76.51 75.78 75.07 74.38 73.73 73.11 72.53 71.98 71.48 71.01 70.59 70.23 69.91 69.64 69.43 69.28 69.18 69.15 69.19 69.29 69.47 69.71 70.04 70.44 70.92 71.48 72.13 72.87 73.70 74.62 75.64 76.78 78.02 79.39 80.87 82.47 84.19 86.03 87.99 90.07 92.22 94.12 95.63 96.76 97.53 97.95 98.04 97.82 97.30 96.50 95.46 94.29 93.10 91.89 90.68 89.46 88.25 87.04 85.85 84.67 83.52 82.40 81.31 80.26 79.25 78.29 77.39 76.55 75.78
82.45 81.52 80.64 79.82 79.06 78.31 77.59 76.89 76.22 75.57 74.95 74.36 73.81 73.30 72.82 72.39 72.00 71.65 71.36 71.12 70.93 70.80 70.73 70.72 70.77 70.90 71.09 71.35 71.69 72.11 72.60 73.18 73.84 74.59 75.43 76.36 77.40 78.55 79.81 81.19 82.68 84.28 85.99 87.82 89.77 91.84 93.97 95.85 97.35 98.47 99.23 99.66 99.76 99.56 99.06 98.28 97.25 95.99 94.62 93.25 91.88 90.52 89.17 87.84 86.54 85.26 84.01 82.81 81.65 80.54 79.49 78.49 77.57 76.71 75.93
83.51 82.58 81.70 80.88 80.12 79.41 78.73 78.07 77.43 76.82 76.24 75.68 75.17 74.68 74.24 73.84 73.48 73.16 72.90 72.68 72.52 72.42 72.37 72.39 72.47 72.61 72.82 73.11 73.46 73.90 74.41 75.00 75.68 76.44 77.29 78.25 79.31 80.47 81.75 83.13 84.62 86.22 87.93 89.75 91.68 93.73 95.84 97.70 99.18 100.29 101.05 101.48 101.59 101.40 100.91 100.16 99.15 97.91 96.46 94.92 93.39 91.89 90.40 88.94 87.52 86.14 84.80 83.52 82.28 81.11 80.01 78.98 78.02 77.15 76.36
84.66 83.72 82.85 82.03 81.27 80.56 79.91 79.30 78.70 78.13 77.59 77.07 76.59 76.15 75.74 75.37 75.04 74.76 74.53 74.34 74.21 74.14 74.12 74.16 74.26 74.43 74.66 74.97 75.35 75.80 76.33 76.94 77.64 78.42 79.30 80.27 81.35 82.53 83.81 85.20 86.69 88.29 89.99 91.80 93.71 95.74 97.82 99.66 101.12 102.23 102.98 103.41 103.52 103.33 102.87 102.14 101.15 99.94 98.50 96.89 95.21 93.55 91.92 90.34 88.80 87.31 85.87 84.50 83.20 81.96 80.80 79.73 78.74 77.85 77.05
85.91 84.97 84.09 83.27 82.51 81.81 81.17 80.58 80.03 79.51 79.00 78.53 78.09 77.68 77.31 76.98 76.69 76.44 76.25 76.09 75.99 75.95 75.96 76.03 76.16 76.36 76.62 76.95 77.35 77.83 78.38 79.01 79.73 80.54 81.44 82.44 83.53 84.72 86.01 87.40 88.89 90.48 92.17 93.96 95.86 97.86 99.92 101.73 103.17 104.26 105.01 105.43 105.54 105.37 104.91 104.20 103.24 102.05 100.65 99.05 97.30 95.49 93.72 92.01 90.35 88.75 87.22 85.76 84.37 83.07 81.86 80.74 79.72 78.80 77.99
87.25 86.31 85.43 84.61 83.85 83.15 82.52 81.94 81.43 80.95 80.49 80.06 79.66 79.30 78.97 78.68 78.42 78.22 78.05 77.94 77.87 77.86 77.91 78.01 78.17 78.39 78.69 79.04 79.47 79.98 80.55 81.21 81.96 82.79 83.71 84.73 85.84 87.04 88.33 89.72 91.20 92.78 94.46 96.24 98.11 100.09 102.12 103.90 105.32 106.39 107.13 107.55 107.66 107.49 107.04 106.34 105.40 104.24 102.87 101.31 99.58 97.70 95.80 93.95 92.16 90.45 88.82 87.27 85.80 84.43 83.16 81.99 80.94 79.99 79.17
88.69 87.74 86.86 86.04 85.29 84.59 83.96 83.40 82.90 82.45 82.04 81.66 81.31 80.99 80.70 80.45 80.24 80.08 79.95 79.88 79.85 79.87 79.95 80.09 80.29 80.54 80.87 81.26 81.71 82.25 82.85 83.54 84.31 85.17 86.12 87.15 88.26 89.47 90.77 92.15 93.63 95.20 96.86 98.62 100.47 102.42 104.41 106.17 107.57 108.62 109.34 109.75 109.86 109.69 109.25 108.56 107.64 106.51 105.17 103.64 101.95 100.10 98.13 96.15 94.24 92.41 90.67 89.03 87.48 86.04 84.71 83.49 82.39 81.42 80.57
90.23 89.29 88.41 87.59 86.83 86.15 85.52 84.96 84.47 84.04 83.67 83.33 83.03 82.76 82.52 82.31 82.15 82.02 81.94 81.91 81.92 81.99 82.10 82.28 82.51 82.80 83.16 83.58 84.08 84.64 85.28 86.00 86.80 87.68 88.64 89.68 90.81 92.02 93.32 94.70 96.17 97.72 99.37 101.10 102.93 104.84 106.80 108.52 109.89 110.92 111.63 112.03 112.13 111.96 111.53 110.86 109.95 108.84 107.52 106.03 104.37 102.56 100.62 98.59 96.55 94.61 92.76 91.02 89.39 87.88 86.48 85.21 84.07 83.06 82.20
91.88 90.93 90.06 89.24 88.49 87.80 87.18 86.63 86.14 85.72 85.37 85.08 84.83 84.60 84.41 84.26 84.14 84.06 84.03 84.04 84.09 84.20 84.36 84.57 84.85 85.18 85.57 86.03 86.56 87.16 87.83 88.58 89.40 90.30 91.28 92.33 93.46 94.67 95.97 97.34 98.80 100.34 101.96 103.67 105.47 107.35 109.27 110.96 112.31 113.31 114.00 114.38 114.48 114.31 113.88 113.21 112.32 111.22 109.94 108.47 106.85 105.08 103.19 101.18 99.10 97.04 95.08 93.25 91.53 89.93 88.47 87.14 85.96 84.92 84.03
93.64 92.69 91.82 91.00 90.26 89.58 88.96 88.42 87.94 87.53 87.19 86.91 86.70 86.53 86.39 86.29 86.22 86.19 86.21 86.26 86.37 86.52 86.72 86.98 87.29 87.66 88.10 88.60 89.16 89.80 90.50 91.27 92.12 93.03 94.02 95.08 96.22 97.43 98.72 100.09 101.53 103.05 104.65 106.34 108.10 109.95 111.83 113.48 114.79 115.77 116.44 116.81 116.89 116.72 116.29 115.63 114.75 113.67 112.40 110.96 109.37 107.64 105.79 103.84 101.79 99.68 97.62 95.68 93.87 92.20 90.67 89.28 88.05 86.97 86.06
95.51 94.57 93.69 92.88 92.14 91.46 90.86 90.32 89.85 89.45 89.12 88.86 88.67 88.54 88.46 88.41 88.39 88.42 88.48 88.59 88.74 88.94 89.19 89.49 89.85 90.27 90.74 91.28 91.89 92.55 93.28 94.08 94.94 95.87 96.87 97.94 99.08 100.29 101.57 102.92 104.35 105.85 107.42 109.08 110.81 112.62 114.46 116.07 117.35 118.30 118.94 119.29 119.37 119.18 118.75 118.10 117.22 116.16 114.91 113.50 111.94 110.24 108.43 106.52 104.53 102.46 100.36 98.32 96.42 94.66 93.06 91.61 90.33 89.22 88.27
97.50 96.55 95.68 94.87 94.14 93.47 92.87 92.34 91.88 91.49 91.17 90.92 90.75 90.65 90.61 90.61 90.65 90.73 90.85 91.01 91.21 91.46 91.76 92.11 92.52 92.98 93.50 94.08 94.72 95.41 96.17 96.99 97.87 98.81 99.82 100.89 102.02 103.23 104.50 105.84 107.25 108.72 110.27 111.90 113.59 115.36 117.15 118.73 119.97 120.89 121.50 121.83 121.89 121.70 121.27 120.61 119.75 118.69 117.46 116.07 114.54 112.88 111.11 109.24 107.29 105.28 103.22 101.15 99.16 97.31 95.64 94.13 92.79 91.63 90.66
99.60 98.66 97.79 96.99 96.26 95.60 95.00 94.48 94.03 93.66 93.35 93.12 92.96 92.87 92.86 92.91 93.01 93.14 93.32 93.53 93.79 94.09 94.45 94.85 95.31 95.81 96.37 96.99 97.66 98.38 99.16 100.00 100.89 101.84 102.85 103.93 105.06 106.25 107.51 108.84 110.22 111.68 113.20 114.78 116.44 118.16 119.91 121.44 122.64 123.53 124.12 124.43 124.47 124.26 123.82 123.16 122.30 121.26 120.04 118.67 117.17 115.54 113.80 111.97 110.07 108.12 106.12 104.09 102.07 100.14 98.39 96.81 95.42 94.22 93.21
101.83 100.90 100.03 99.23 98.50 97.85 97.27 96.75 96.32 95.95 95.66 95.44 95.29 95.22 95.23 95.31 95.45 95.65 95.88 96.16 96.47 96.83 97.24 97.70 98.20 98.75 99.35 100.00 100.69 101.44 102.24 103.09 104.00 104.96 105.98 107.05 108.17 109.36 110.60 111.91 113.27 114.70 116.18 117.73 119.35 121.03 122.73 124.21 125.37 126.22 126.78 127.06 127.09 126.87 126.42 125.75 124.90 123.86 122.65 121.30 119.82 118.22 116.51 114.73 112.87 110.96 109.02 107.05 105.08 103.13 101.30 99.66 98.21 96.96 95.92
104.19 103.25 102.39 101.60 100.88 100.23 99.66 99.16 98.73 98.37 98.09 97.89 97.76 97.71 97.73 97.83 98.01 98.25 98.55 98.88 99.26 99.68 100.14 100.65 101.20 101.79 102.42 103.10 103.83 104.60 105.41 106.28 107.20 108.16 109.18 110.24 111.36 112.53 113.76 115.04 116.38 117.78 119.23 120.74 122.31 123.94 125.59 127.03 128.14 128.96 129.48 129.74 129.74 129.50 129.04 128.37 127.51 126.48 125.29 123.95 122.48 120.91 119.24 117.49 115.67 113.81 111.92 110.01 108.10 106.21 104.36 102.65 101.14 99.84 98.76
106.67 105.74 104.89 104.10 103.39 102.75 102.18 101.69 101.27 100.93 100.67 100.48 100.37 100.33 100.37 100.49 100.69 100.96 101.31 101.71 102.15 102.63 103.14 103.70 104.29 104.92 105.59 106.29 107.04 107.83 108.67 109.55 110.47 111.44 112.45 113.51 114.62 115.78 116.98 118.24 119.55 120.91 122.33 123.80 125.32 126.90 128.50 129.88 130.95 131.73 132.22 132.44 132.42 132.16 131.69 131.01 130.15 129.12 127.93 126.61 125.16 123.61 121.97 120.25 118.48 116.66 114.82 112.96 111.12 109.29 107.50 105.78 104.21 102.86 101.73
109.29 108.37 107.51 106.73 106.03 105.40 104.84 104.36 103.96 103.63 103.38 103.21 103.11 103.09 103.15 103.29 103.51 103.81 104.19 104.64 105.14 105.68 106.24 106.84 107.47 108.14 108.84 109.57 110.34 111.15 112.00 112.89 113.81 114.78 115.79 116.84 117.94 119.08 120.26 121.50 122.78 124.10 125.48 126.90 128.38 129.91 131.45 132.78 133.80 134.53 134.98 135.18 135.13 134.85 134.36 133.67 132.80 131.77 130.59 129.28 127.85 126.32 124.70 123.02 121.28 119.50 117.71 115.91 114.12 112.36 110.64 108.97 107.40 105.99 104.77
112.05 111.13 110.28 109.51 108.81 108.19 107.64 107.17 106.78 106.47 106.23 106.08 106.00 106.00 106.08 106.24 106.48 106.80 107.21 107.69 108.24 108.82 109.43 110.07 110.74 111.44 112.17 112.93 113.72 114.54 115.40 116.29 117.22 118.19 119.19 120.23 121.31 122.43 123.60 124.80 126.04 127.33 128.67 130.05 131.47 132.95 134.43 135.70 136.67 137.36 137.77 137.93 137.85 137.55 137.04 136.34 135.46 134.43 133.25 131.94 130.53 129.02 127.42 125.77 124.07 122.33 120.58 118.83 117.10 115.40 113.75 112.16 110.64 109.19 107.85
114.94 114.03 113.18 112.42 111.73 111.12 110.59 110.13 109.75 109.45 109.23 109.09 109.03 109.05 109.15 109.33 109.60 109.95 110.37 110.87 111.43 112.05 112.71 113.39 114.09 114.82 115.57 116.35 117.16 118.00 118.87 119.76 120.69 121.65 122.65 123.68 124.74 125.84 126.97 128.14 129.36 130.60 131.89 133.23 134.60 136.01 137.44 138.65 139.57 140.21 140.58 140.70 140.59 140.26 139.73 139.01 138.13 137.09 135.91 134.61 133.20 131.71 130.14 128.51 126.84 125.14 123.44 121.73 120.05 118.41 116.82 115.30 113.82 112.38 110.98
117.98 117.07 116.24 115.48 114.80 114.20 113.67 113.23 112.87 112.58 112.38 112.26 112.21 112.25 112.38 112.58 112.87 113.23 113.67 114.18 114.74 115.37 116.06 116.77 117.51 118.27 119.05 119.85 120.67 121.52 122.39 123.29 124.22 125.17 126.15 127.17 128.21 129.28 130.39 131.53 132.70 133.91 135.15 136.43 137.75 139.10 140.46 141.62 142.48 143.07 143.39 143.48 143.33 142.97 142.42 141.68 140.79 139.74 138.56 137.26 135.86 134.38 132.83 131.23 129.59 127.93 126.26 124.61 122.98 121.39 119.86 118.37 116.91 115.48 114.09
121.17 120.26 119.43 118.68 118.01 117.42 116.91 116.48 116.13 115.87 115.68 115.57 115.55 115.61 115.75 115.98 116.29 116.66 117.11 117.61 118.18 118.81 119.49 120.23 121.00 121.78 122.58 123.40 124.24 125.09 125.97 126.87 127.79 128.73 129.70 130.70 131.72 132.76 133.84 134.94 136.07 137.24 138.43 139.66 140.92 142.21 143.50 144.59 145.40 145.93 146.21 146.25 146.07 145.68 145.10 144.35 143.44 142.38 141.19 139.90 138.51 137.04 135.50 133.92 132.31 130.68 129.05 127.44 125.86 124.33 122.83 121.36 119.92 118.51 117.13
124.50 123.60 122.78 122.04 121.38 120.80 120.31 119.89 119.55 119.30 119.13 119.05 119.04 119.12 119.29 119.53 119.85 120.23 120.67 121.17 121.73 122.35 123.03 123.77 124.55 125.35 126.17 127.01 127.85 128.71 129.59 130.49 131.40 132.34 133.29 134.26 135.26 136.28 137.32 138.38 139.47 140.59 141.73 142.90 144.10 145.33 146.55 147.58 148.32 148.80 149.03 149.03 148.81 148.39 147.78 147.00 146.07 145.00 143.81 142.51 141.12 139.66 138.14 136.58 135.00 133.40 131.81 130.23 128.70 127.19 125.71 124.26 122.84 121.45 120.10
127.99 127.10 126.29 125.56 124.91 124.34 123.85 123.45 123.13 122.90 122.75 122.68 122.69 122.80 122.98 123.23 123.55 123.92 124.36 124.85 125.40 126.01 126.68 127.39 128.16 128.98 129.81 130.66 131.51 132.38 133.26 134.15 135.05 135.97 136.91 137.86 138.82 139.81 140.81 141.84 142.88 143.95 145.04 146.15 147.29 148.45 149.61 150.56 151.24 151.67 151.85 151.80 151.53 151.08 150.44 149.63 148.68 147.60 146.40 145.10 143.71 142.26 140.75 139.21 137.64 136.07 134.51 132.98 131.47 129.99 128.53 127.09 125.69 124.32 122.98
131.63 130.75 129.95 129.23 128.59 128.03 127.56 127.18 126.87 126.65 126.52 126.47 126.51 126.63 126.82 127.06 127.37 127.74 128.17 128.65 129.19 129.78 130.42 131.12 131.87 132.66 133.50 134.36 135.22 136.08 136.96 137.84 138.73 139.64 140.55 141.47 142.41 143.36 144.33 145.31 146.31 147.32 148.36 149.41 150.48 151.57 152.65 153.54 154.16 154.52 154.64 154.55 154.24 153.74 153.07 152.24 151.27 150.17 148.95 147.65 146.26 144.81 143.31 141.78 140.24 138.70 137.17 135.66 134.17 132.71 131.26 129.85 128.47 127.11 125.80
