data_processed/recharge/precip/Precip_2008_03.asc
ncols        168
nrows        136
xllcorner    455000
yllcorner    2107000
cellsize     500
NODATA_value     -99999
[rows 76 to 113 of 136, columns 84 to 167 of 168]
2.72 2.78 2.84 2.90 2.97 3.03 3.10 3.17 3.24 3.31 3.38 3.45 3.53 3.60 3.68 3.74 3.81 3.86 3.90 3.94 3.97 3.99 4.00 4.00 3.99 3.98 3.95 3.91 3.87 3.81 3.75 3.67 3.58 3.49 3.38 3.26 3.13 2.99 2.86 2.72 2.58 2.44 2.31 2.17 2.04 1.91 1.78 1.65 1.52 1.40 1.28 1.17 1.06 0.95 0.85 0.75 0.66 0.58 0.50 0.43 0.38 0.36 0.36 0.39 0.43 0.50 0.59 0.70 0.84 1.02 1.23 1.47 1.74 2.04 2.36 2.70 3.06 3.44 3.84 4.24 4.66 5.09 5.53 5.97
2.68 2.73 2.78 2.84 2.90 2.95 3.01 3.07 3.13 3.19 3.25 3.32 3.38 3.45 3.52 3.58 3.64 3.70 3.74 3.78 3.80 3.82 3.83 3.83 3.83 3.81 3.78 3.75 3.70 3.65 3.58 3.50 3.42 3.32 3.21 3.10 2.97 2.83 2.70 2.56 2.42 2.29 2.15 2.01 1.88 1.75 1.62 1.49 1.37 1.24 1.13 1.01 0.90 0.79 0.69 0.60 0.51 0.42 0.35 0.29 0.26 0.25 0.27 0.31 0.37 0.45 0.55 0.67 0.81 0.98 1.18 1.42 1.68 1.97 2.28 2.62 2.98 3.35 3.74 4.15 4.56 4.98 5.42 5.85
2.64 2.69 2.73 2.78 2.82 2.87 2.92 2.97 3.02 3.08 3.13 3.19 3.25 3.30 3.36 3.42 3.48 3.53 3.57 3.61 3.64 3.66 3.67 3.67 3.66 3.64 3.62 3.58 3.53 3.48 3.41 3.34 3.25 3.16 3.05 2.93 2.81 2.67 2.54 2.40 2.26 2.13 1.99 1.86 1.72 1.59 1.46 1.34 1.21 1.09 0.97 0.86 0.75 0.64 0.54 0.44 0.35 0.27 0.21 0.17 0.16 0.17 0.20 0.25 0.33 0.42 0.53 0.66 0.81 0.98 1.17 1.40 1.65 1.93 2.24 2.57 2.91 3.28 3.67 4.06 4.47 4.89 5.31 5.74
2.61 2.64 2.68 2.71 2.75 2.79 2.83 2.88 2.92 2.97 3.02 3.06 3.11 3.16 3.21 3.26 3.31 3.36 3.41 3.44 3.47 3.49 3.50 3.50 3.49 3.47 3.45 3.41 3.37 3.31 3.25 3.17 3.09 2.99 2.89 2.77 2.64 2.51 2.38 2.24 2.10 1.97 1.83 1.70 1.57 1.44 1.31 1.18 1.06 0.94 0.82 0.70 0.59 0.49 0.39 0.29 0.20 0.14 0.09 0.08 0.08 0.10 0.15 0.22 0.30 0.41 0.53 0.67 0.83 1.00 1.19 1.40 1.65 1.92 2.21 2.53 2.87 3.23 3.61 4.00 4.40 4.81 5.23 5.65
2.56 2.59 2.62 2.65 2.68 2.71 2.75 2.79 2.82 2.86 2.90 2.94 2.98 3.03 3.07 3.11 3.15 3.20 3.24 3.27 3.30 3.32 3.33 3.33 3.32 3.30 3.28 3.24 3.20 3.14 3.08 3.01 2.92 2.83 2.72 2.61 2.48 2.35 2.22 2.08 1.95 1.81 1.68 1.55 1.41 1.28 1.16 1.03 0.91 0.79 0.67 0.55 0.45 0.34 0.24 0.15 0.07 0.03 0.00 0.00 0.02 0.06 0.12 0.20 0.29 0.41 0.54 0.69 0.86 1.04 1.23 1.44 1.67 1.93 2.22 2.52 2.85 3.20 3.57 3.95 4.34 4.74 5.15 5.56
2.52 2.54 2.56 2.58 2.61 2.64 2.67 2.70 2.73 2.76 2.79 2.83 2.86 2.89 2.93 2.96 3.00 3.03 3.07 3.10 3.13 3.15 3.16 3.16 3.15 3.13 3.11 3.07 3.03 2.98 2.91 2.84 2.76 2.66 2.56 2.45 2.32 2.19 2.06 1.93 1.79 1.66 1.53 1.39 1.26 1.13 1.01 0.88 0.76 0.64 0.52 0.41 0.30 0.19 0.10 0.02 0.00 0.00 0.00 0.00 0.00 0.03 0.10 0.19 0.30 0.43 0.57 0.73 0.90 1.09 1.29 1.50 1.73 1.97 2.24 2.54 2.86 3.19 3.55 3.92 4.30 4.69 5.08 5.49
2.48 2.49 2.50 2.52 2.54 2.56 2.58 2.61 2.63 2.66 2.68 2.71 2.74 2.77 2.79 2.82 2.85 2.88 2.91 2.93 2.96 2.98 2.99 2.99 2.98 2.97 2.94 2.91 2.86 2.81 2.75 2.68 2.59 2.50 2.40 2.29 2.16 2.03 1.90 1.77 1.64 1.51 1.37 1.24 1.11 0.98 0.86 0.73 0.61 0.49 0.38 0.26 0.16 0.06 0.00 0.00 0.00 0.00 0.00 0.00 0.00 0.02 0.11 0.21 0.33 0.47 0.62 0.78 0.96 1.16 1.36 1.58 1.80 2.04 2.30 2.58 2.89 3.21 3.55 3.90 4.27 4.65 5.04 5.43
2.43 2.44 2.45 2.46 2.47 2.49 2.50 2.52 2.54 2.56 2.58 2.60 2.62 2.64 2.66 2.69 2.71 2.73 2.75 2.77 2.79 2.81 2.82 2.82 2.81 2.80 2.77 2.74 2.70 2.65 2.58 2.51 2.43 2.34 2.24 2.13 2.01 1.88 1.75 1.62 1.49 1.36 1.23 1.10 0.97 0.84 0.71 0.59 0.47 0.35 0.24 0.12 0.02 0.00 0.00 0.00 0.00 0.00 0.00 0.00 0.00 0.03 0.13 0.24 0.38 0.52 0.68 0.85 1.04 1.24 1.45 1.67 1.90 2.13 2.38 2.65 2.94 3.24 3.57 3.91 4.26 4.63 5.00 5.38
2.38 2.38 2.39 2.39 2.40 2.41 2.42 2.43 2.45 2.46 2.48 2.49 2.51 2.52 2.54 2.56 2.57 2.59 2.60 2.61 2.63 2.64 2.65 2.65 2.64 2.63 2.61 2.57 2.53 2.48 2.42 2.35 2.27 2.18 2.08 1.97 1.85 1.72 1.60 1.47 1.34 1.21 1.08 0.95 0.82 0.70 0.57 0.45 0.33 0.21 0.10 0.00 0.00 0.00 0.00 0.00 0.00 0.00 0.00 0.00 0.00 0.06 0.17 0.30 0.44 0.59 0.76 0.94 1.13 1.33 1.55 1.77 2.00 2.24 2.49 2.74 3.01 3.30 3.61 3.94 4.27 4.62 4.98 5.34
2.33 2.33 2.33 2.33 2.33 2.34 2.34 2.35 2.36 2.37 2.38 2.39 2.40 2.41 2.42 2.43 2.44 2.45 2.46 2.46 2.47 2.48 2.48 2.48 2.48 2.46 2.44 2.41 2.37 2.32 2.26 2.19 2.11 2.02 1.93 1.82 1.70 1.57 1.45 1.32 1.19 1.06 0.94 0.81 0.68 0.56 0.43 0.31 0.19 0.08 0.00 0.00 0.00 0.00 0.00 0.00 0.00 0.00 0.00 0.00 0.01 0.11 0.23 0.37 0.52 0.68 0.85 1.04 1.24 1.44 1.66 1.88 2.12 2.36 2.60 2.86 3.11 3.39 3.68 3.98 4.30 4.63 4.97 5.32
2.27 2.27 2.26 2.26 2.26 2.26 2.26 2.27 2.27 2.27 2.28 2.29 2.29 2.30 2.30 2.31 2.31 2.31 2.32 2.32 2.32 2.32 2.32 2.32 2.31 2.30 2.27 2.24 2.21 2.16 2.10 2.03 1.96 1.87 1.77 1.67 1.55 1.43 1.30 1.17 1.05 0.92 0.80 0.67 0.55 0.42 0.30 0.18 0.06 0.00 0.00 0.00 0.00 0.00 0.00 0.00 0.00 0.00 0.00 0.00 0.06 0.18 0.31 0.45 0.61 0.78 0.96 1.15 1.35 1.57 1.79 2.01 2.25 2.49 2.73 2.98 3.24 3.49 3.77 4.05 4.35 4.66 4.99 5.32
2.22 2.21 2.20 2.20 2.19 2.19 2.19 2.18 2.18 2.18 2.18 2.19 2.19 2.19 2.19 2.19 2.19 2.19 2.19 2.18 2.18 2.17 2.17 2.16 2.15 2.13 2.11 2.08 2.05 2.00 1.94 1.88 1.80 1.72 1.62 1.52 1.40 1.28 1.16 1.03 0.91 0.78 0.66 0.54 0.41 0.29 0.17 0.05 0.00 0.00 0.00 0.00 0.00 0.00 0.00 0.00 0.00 0.00 0.00 0.02 0.13 0.26 0.40 0.56 0.72 0.90 1.09 1.28 1.49 1.70 1.92 2.15 2.39 2.63 2.87 3.12 3.37 3.62 3.88 4.14 4.42 4.71 5.02 5.32
2.16 2.15 2.14 2.13 2.12 2.11 2.11 2.10 2.10 2.10 2.09 2.09 2.09 2.08 2.08 2.07 2.07 2.06 2.06 2.05 2.04 2.03 2.02 2.01 1.99 1.97 1.95 1.92 1.89 1.84 1.79 1.72 1.65 1.57 1.47 1.37 1.26 1.14 1.02 0.89 0.77 0.65 0.53 0.40 0.28 0.16 0.04 0.00 0.00 0.00 0.00 0.00 0.00 0.00 0.00 0.00 0.00 0.00 0.00 0.10 0.23 0.37 0.52 0.68 0.85 1.03 1.23 1.43 1.64 1.85 2.08 2.31 2.54 2.78 3.02 3.26 3.51 3.76 4.01 4.25 4.51 4.78 5.06 5.35
2.10 2.09 2.07 2.06 2.05 2.04 2.03 2.02 2.01 2.01 2.00 1.99 1.99 1.98 1.97 1.97 1.96 1.95 1.94 1.93 1.91 1.90 1.88 1.86 1.84 1.82 1.80 1.77 1.73 1.69 1.64 1.57 1.50 1.42 1.33 1.23 1.12 1.00 0.88 0.76 0.64 0.52 0.40 0.28 0.16 0.04 0.00 0.00 0.00 0.00 0.00 0.00 0.00 0.00 0.00 0.00 0.00 0.00 0.08 0.20 0.34 0.49 0.64 0.81 0.99 1.18 1.38 1.59 1.80 2.02 2.24 2.47 2.70 2.94 3.18 3.42 3.66 3.90 4.14 4.38 4.62 4.87 5.13 5.39
2.04 2.02 2.00 1.99 1.98 1.96 1.95 1.94 1.93 1.92 1.91 1.90 1.89 1.88 1.87 1.86 1.85 1.83 1.82 1.81 1.79 1.77 1.75 1.73 1.70 1.68 1.65 1.62 1.58 1.54 1.49 1.43 1.36 1.28 1.19 1.09 0.98 0.87 0.75 0.63 0.51 0.39 0.28 0.16 0.04 0.00 0.00 0.00 0.00 0.00 0.00 0.00 0.00 0.00 0.00 0.00 0.00 0.07 0.19 0.32 0.47 0.63 0.79 0.97 1.15 1.35 1.55 1.76 1.97 2.19 2.42 2.65 2.88 3.11 3.35 3.58 3.82 4.06 4.29 4.52 4.75 4.98 5.21 5.45
1.97 1.95 1.94 1.92 1.90 1.89 1.87 1.86 1.85 1.84 1.82 1.81 1.80 1.79 1.77 1.76 1.74 1.73 1.71 1.69 1.67 1.65 1.62 1.60 1.57 1.54 1.51 1.47 1.43 1.39 1.34 1.28 1.22 1.14 1.05 0.96 0.85 0.74 0.62 0.51 0.39 0.27 0.16 0.04 0.00 0.00 0.00 0.00 0.00 0.00 0.00 0.00 0.00 0.00 0.00 0.00 0.07 0.19 0.32 0.46 0.62 0.78 0.96 1.14 1.33 1.53 1.73 1.95 2.16 2.38 2.61 2.84 3.06 3.30 3.53 3.76 3.99 4.22 4.44 4.67 4.89 5.10 5.31 5.53
1.90 1.88 1.86 1.85 1.83 1.81 1.80 1.78 1.77 1.75 1.74 1.72 1.71 1.69 1.68 1.66 1.64 1.62 1.60 1.58 1.56 1.53 1.51 1.48 1.45 1.41 1.38 1.34 1.29 1.25 1.20 1.14 1.08 1.00 0.92 0.83 0.72 0.61 0.50 0.39 0.27 0.16 0.04 0.00 0.00 0.00 0.00 0.00 0.00 0.00 0.00 0.00 0.00 0.00 0.00 0.08 0.20 0.33 0.47 0.62 0.78 0.96 1.14 1.33 1.52 1.72 1.93 2.15 2.36 2.59 2.81 3.03 3.26 3.49 3.72 3.94 4.17 4.39 4.61 4.82 5.03 5.23 5.43 5.62
1.83 1.81 1.79 1.77 1.75 1.73 1.72 1.70 1.68 1.67 1.65 1.64 1.62 1.60 1.58 1.56 1.54 1.52 1.50 1.48 1.45 1.42 1.39 1.36 1.33 1.29 1.25 1.21 1.17 1.12 1.07 1.01 0.95 0.87 0.79 0.70 0.60 0.49 0.38 0.27 0.16 0.05 0.00 0.00 0.00 0.00 0.00 0.00 0.00 0.00 0.00 0.00 0.00 0.00 0.10 0.21 0.34 0.48 0.63 0.80 0.97 1.15 1.33 1.53 1.73 1.93 2.15 2.36 2.58 2.80 3.02 3.25 3.47 3.69 3.92 4.14 4.35 4.57 4.78 4.98 5.18 5.37 5.55 5.73
1.76 1.74 1.71 1.69 1.67 1.66 1.64 1.62 1.60 1.59 1.57 1.55 1.53 1.51 1.49 1.47 1.45 1.43 1.40 1.38 1.35 1.32 1.29 1.25 1.22 1.18 1.14 1.09 1.04 0.99 0.94 0.88 0.82 0.75 0.67 0.58 0.48 0.38 0.27 0.16 0.05 0.00 0.00 0.00 0.00 0.00 0.00 0.00 0.00 0.00 0.00 0.00 0.02 0.12 0.24 0.37 0.51 0.66 0.82 0.99 1.17 1.35 1.55 1.75 1.95 2.16 2.37 2.59 2.81 3.03 3.25 3.47 3.69 3.91 4.12 4.34 4.55 4.75 4.95 5.15 5.33 5.51 5.68 5.85
1.68 1.66 1.64 1.62 1.60 1.58 1.56 1.54 1.52 1.50 1.48 1.47 1.45 1.43 1.41 1.38 1.36 1.34 1.31 1.28 1.25 1.22 1.19 1.15 1.11 1.07 1.03 0.98 0.93 0.88 0.82 0.76 0.70 0.63 0.55 0.47 0.37 0.27 0.16 0.06 0.00 0.00 0.00 0.00 0.00 0.00 0.00 0.00 0.00 0.00 0.00 0.05 0.15 0.27 0.40 0.54 0.69 0.85 1.02 1.20 1.39 1.58 1.78 1.98 2.19 2.40 2.61 2.83 3.05 3.27 3.48 3.70 3.92 4.13 4.34 4.55 4.75 4.94 5.13 5.32 5.49 5.66 5.82 5.96
1.60 1.58 1.55 1.53 1.51 1.50 1.48 1.46 1.44 1.42 1.40 1.38 1.36 1.34 1.32 1.30 1.27 1.25 1.22 1.19 1.16 1.13 1.10 1.06 1.02 0.98 0.93 0.88 0.83 0.77 0.72 0.65 0.59 0.52 0.44 0.36 0.26 0.17 0.06 0.00 0.00 0.00 0.00 0.00 0.00 0.00 0.00 0.00 0.00 0.00 0.09 0.19 0.31 0.44 0.58 0.74 0.90 1.07 1.25 1.43 1.62 1.82 2.02 2.23 2.44 2.65 2.87 3.08 3.30 3.52 3.73 3.95 4.16 4.36 4.57 4.77 4.96 5.15 5.32 5.50 5.66 5.81 5.95 6.09
1.51 1.49 1.47 1.45 1.43 1.41 1.39 1.38 1.36 1.34 1.32 1.30 1.28 1.26 1.24 1.22 1.19 1.17 1.14 1.11 1.08 1.04 1.01 0.97 0.93 0.88 0.84 0.79 0.73 0.68 0.62 0.55 0.48 0.41 0.34 0.25 0.16 0.07 0.00 0.00 0.00 0.00 0.00 0.00 0.00 0.00 0.00 0.00 0.04 0.13 0.24 0.36 0.49 0.63 0.79 0.95 1.12 1.30 1.49 1.68 1.88 2.08 2.28 2.49 2.71 2.92 3.14 3.35 3.57 3.78 3.99 4.20 4.41 4.61 4.80 4.99 5.18 5.35 5.52 5.68 5.83 5.97 6.10 6.21
1.42 1.40 1.38 1.36 1.35 1.33 1.31 1.29 1.28 1.26 1.24 1.22 1.20 1.18 1.16 1.14 1.11 1.09 1.06 1.03 1.00 0.96 0.93 0.89 0.85 0.80 0.75 0.70 0.65 0.59 0.53 0.46 0.39 0.32 0.24 0.16 0.07 0.00 0.00 0.00 0.00 0.00 0.00 0.00 0.00 0.00 0.00 0.08 0.18 0.29 0.41 0.55 0.69 0.85 1.01 1.18 1.36 1.55 1.74 1.94 2.15 2.35 2.56 2.77 2.99 3.20 3.42 3.63 3.85 4.06 4.26 4.47 4.67 4.86 5.05 5.23 5.40 5.57 5.72 5.87 6.01 6.13 6.24 6.34
1.33 1.31 1.29 1.28 1.26 1.24 1.23 1.21 1.19 1.18 1.16 1.14 1.12 1.10 1.08 1.06 1.03 1.01 0.98 0.95 0.92 0.89 0.85 0.81 0.77 0.72 0.67 0.62 0.57 0.51 0.45 0.38 0.31 0.24 0.16 0.07 0.00 0.00 0.00 0.00 0.00 0.00 0.00 0.00 0.00 0.03 0.12 0.22 0.34 0.46 0.60 0.75 0.91 1.07 1.25 1.43 1.62 1.81 2.01 2.22 2.42 2.63 2.85 3.06 3.28 3.49 3.71 3.92 4.13 4.33 4.54 4.74 4.93 5.11 5.29 5.47 5.63 5.78 5.93 6.06 6.18 6.29 6.39 6.47
1.24 1.22 1.20 1.19 1.17 1.16 1.14 1.13 1.11 1.10 1.08 1.06 1.04 1.02 1.00 0.98 0.96 0.93 0.91 0.88 0.85 0.81 0.78 0.74 0.69 0.65 0.60 0.55 0.49 0.43 0.37 0.30 0.23 0.16 0.08 0.00 0.00 0.00 0.00 0.00 0.00 0.00 0.00 0.00 0.04 0.13 0.23 0.35 0.48 0.62 0.77 0.94 1.10 1.28 1.47 1.66 1.86 2.06 2.26 2.47 2.69 2.90 3.12 3.33 3.55 3.76 3.98 4.19 4.39 4.60 4.79 4.99 5.17 5.35 5.52 5.68 5.84 5.98 6.11 6.23 6.34 6.43 6.51 6.58
1.15 1.13 1.12 1.10 1.09 1.07 1.06 1.05 1.03 1.02 1.00 0.99 0.97 0.95 0.93 0.91 0.89 0.86 0.83 0.81 0.77 0.74 0.70 0.67 0.62 0.58 0.53 0.48 0.42 0.36 0.30 0.23 0.16 0.08 0.00 0.00 0.00 0.00 0.00 0.00 0.00 0.00 0.00 0.00 0.09 0.20 0.33 0.46 0.61 0.76 0.93 1.10 1.29 1.47 1.67 1.87 2.08 2.28 2.50 2.71 2.93 3.15 3.37 3.58 3.80 4.02 4.23 4.43 4.64 4.84 5.03 5.22 5.40 5.57 5.73 5.88 6.02 6.15 6.27 6.38 6.47 6.55 6.61 6.66
1.06 1.04 1.03 1.02 1.01 0.99 0.98 0.97 0.96 0.94 0.93 0.91 0.90 0.88 0.86 0.84 0.82 0.79 0.77 0.74 0.71 0.67 0.64 0.60 0.56 0.51 0.46 0.41 0.35 0.29 0.23 0.16 0.09 0.01 0.00 0.00 0.00 0.00 0.00 0.00 0.00 0.00 0.00 0.01 0.13 0.26 0.40 0.55 0.72 0.89 1.07 1.25 1.45 1.65 1.85 2.06 2.28 2.49 2.71 2.93 3.15 3.37 3.60 3.81 4.03 4.25 4.46 4.66 4.86 5.06 5.25 5.43 5.60 5.76 5.91 6.06 6.19 6.31 6.41 6.51 6.58 6.65 6.69 6.72
0.97 0.96 0.95 0.93 0.92 0.91 0.90 0.89 0.88 0.87 0.85 0.84 0.83 0.81 0.79 0.77 0.75 0.73 0.70 0.67 0.64 0.61 0.57 0.53 0.49 0.45 0.40 0.35 0.29 0.23 0.17 0.10 0.02 0.00 0.00 0.00 0.00 0.00 0.00 0.00 0.00 0.00 0.00 0.02 0.15 0.30 0.46 0.63 0.81 0.99 1.18 1.38 1.59 1.80 2.02 2.23 2.46 2.68 2.91 3.13 3.36 3.58 3.81 4.03 4.24 4.46 4.67 4.87 5.07 5.26 5.44 5.61 5.78 5.93 6.08 6.21 6.33 6.44 6.53 6.61 6.67 6.72 6.75 6.77
0.88 0.87 0.86 0.85 0.84 0.84 0.83 0.82 0.81 0.80 0.78 0.77 0.76 0.74 0.72 0.71 0.68 0.66 0.64 0.61 0.58 0.55 0.51 0.47 0.43 0.39 0.34 0.29 0.23 0.17 0.11 0.04 0.00 0.00 0.00 0.00 0.00 0.00 0.00 0.00 0.00 0.00 0.00 0.00 0.16 0.33 0.50 0.69 0.88 1.08 1.29 1.50 1.72 1.94 2.16 2.39 2.62 2.85 3.08 3.31 3.54 3.77 4.00 4.22 4.44 4.65 4.86 5.06 5.25 5.44 5.62 5.78 5.94 6.09 6.22 6.35 6.45 6.55 6.63 6.70 6.74 6.78 6.79 6.79
0.79 0.79 0.78 0.77 0.77 0.76 0.75 0.74 0.73 0.73 0.72 0.70 0.69 0.68 0.66 0.64 0.62 0.60 0.58 0.55 0.52 0.49 0.45 0.42 0.37 0.33 0.28 0.23 0.17 0.11 0.05 0.00 0.00 0.00 0.00 0.00 0.00 0.00 0.00 0.00 0.00 0.00 0.00 0.00 0.15 0.33 0.53 0.73 0.94 1.15 1.37 1.60 1.82 2.06 2.29 2.53 2.77 3.00 3.24 3.48 3.71 3.94 4.17 4.39 4.61 4.82 5.03 5.23 5.42 5.60 5.77 5.93 6.08 6.22 6.35 6.46 6.56 6.64 6.71 6.76 6.79 6.81 6.81 6.79
0.71 0.70 0.70 0.69 0.69 0.68 0.68 0.67 0.67 0.66 0.65 0.64 0.63 0.61 0.60 0.58 0.56 0.54 0.52 0.49 0.47 0.43 0.40 0.36 0.32 0.28 0.23 0.18 0.12 0.06 0.00 0.00 0.00 0.00 0.00 0.00 0.00 0.00 0.00 0.00 0.00 0.00 0.00 0.00 0.12 0.32 0.54 0.75 0.98 1.21 1.44 1.68 1.92 2.16 2.40 2.65 2.90 3.14 3.38 3.62 3.86 4.10 4.33 4.55 4.77 4.98 5.18 5.38 5.57 5.74 5.91 6.07 6.21 6.34 6.46 6.56 6.64 6.72 6.77 6.81 6.83 6.83 6.81 6.79
0.63 0.62 0.62 0.62 0.61 0.61 0.61 0.60 0.60 0.59 0.58 0.58 0.57 0.55 0.54 0.53 0.51 0.49 0.47 0.44 0.41 0.38 0.35 0.31 0.27 0.23 0.18 0.13 0.07 0.01 0.00 0.00 0.00 0.00 0.00 0.00 0.00 0.00 0.00 0.00 0.00 0.00 0.00 0.00 0.09 0.30 0.53 0.76 1.00 1.25 1.49 1.74 1.99 2.25 2.50 2.76 3.01 3.26 3.51 3.75 4.00 4.23 4.47 4.69 4.91 5.12 5.32 5.52 5.70 5.87 6.03 6.18 6.32 6.44 6.54 6.64 6.71 6.77 6.81 6.83 6.84 6.83 6.81 6.78
0.54 0.54 0.54 0.54 0.54 0.54 0.54 0.54 0.53 0.53 0.52 0.52 0.51 0.50 0.48 0.47 0.45 0.44 0.41 0.39 0.36 0.33 0.30 0.26 0.22 0.18 0.13 0.08 0.03 0.00 0.00 0.00 0.00 0.00 0.00 0.00 0.00 0.00 0.00 0.00 0.00 0.00 0.00 0.00 0.06 0.27 0.51 0.76 1.01 1.27 1.53 1.79 2.06 2.32 2.58 2.85 3.11 3.36 3.62 3.87 4.12 4.36 4.59 4.82 5.03 5.24 5.44 5.63 5.81 5.98 6.14 6.28 6.41 6.52 6.62 6.70 6.76 6.81 6.84 6.84 6.84 6.82 6.80 6.78
0.46 0.46 0.47 0.47 0.47 0.47 0.47 0.47 0.47 0.47 0.46 0.46 0.45 0.44 0.43 0.42 0.40 0.39 0.37 0.34 0.32 0.29 0.26 0.22 0.18 0.14 0.09 0.04 0.00 0.00 0.00 0.00 0.00 0.00 0.00 0.00 0.00 0.00 0.00 0.00 0.00 0.00 0.00 0.00 0.03 0.24 0.48 0.74 1.01 1.28 1.55 1.83 2.10 2.38 2.65 2.92 3.19 3.45 3.71 3.97 4.22 4.46 4.70 4.92 5.14 5.35 5.55 5.74 5.91 6.07 6.22 6.36 6.48 6.58 6.67 6.74 6.79 6.83 6.84 6.84 6.83 6.81 6.80 6.78
0.38 0.39 0.39 0.40 0.40 0.40 0.40 0.41 0.41 0.41 0.40 0.40 0.40 0.39 0.38 0.37 0.36 0.34 0.32 0.30 0.27 0.25 0.22 0.18 0.14 0.10 0.05 0.01 0.00 0.00 0.00 0.00 0.00 0.00 0.00 0.00 0.00 0.00 0.00 0.00 0.00 0.00 0.00 0.00 0.01 0.22 0.46 0.72 0.99 1.28 1.57 1.85 2.14 2.42 2.70 2.98 3.26 3.53 3.79 4.05 4.31 4.55 4.79 5.02 5.24 5.44 5.64 5.82 5.99 6.15 6.29 6.42 6.54 6.63 6.71 6.77 6.81 6.83 6.83 6.83 6.82 6.81 6.79 6.78
0.30 0.31 0.32 0.32 0.33 0.34 0.34 0.35 0.35 0.35 0.35 0.35 0.34 0.34 0.33 0.32 0.31 0.30 0.28 0.26 0.23 0.21 0.18 0.14 0.11 0.07 0.02 0.00 0.00 0.00 0.00 0.00 0.00 0.00 0.00 0.00 0.00 0.00 0.00 0.00 0.00 0.00 0.00 0.00 0.00 0.20 0.44 0.69 0.97 1.26 1.56 1.86 2.16 2.45 2.74 3.03 3.31 3.59 3.86 4.13 4.38 4.63 4.87 5.10 5.31 5.52 5.71 5.89 6.06 6.21 6.35 6.47 6.58 6.66 6.73 6.78 6.81 6.82 6.82 6.82 6.81 6.80 6.79 6.77
0.23 0.24 0.25 0.26 0.26 0.27 0.28 0.29 0.29 0.29 0.30 0.30 0.30 0.29 0.29 0.28 0.27 0.25 0.24 0.22 0.20 0.17 0.14 0.11 0.07 0.04 0.00 0.00 0.00 0.00 0.00 0.00 0.00 0.00 0.00 0.00 0.00 0.00 0.00 0.00 0.00 0.00 0.00 0.00 0.00 0.19 0.42 0.68 0.95 1.24 1.55 1.86 2.17 2.47 2.77 3.07 3.36 3.64 3.92 4.18 4.44 4.69 4.93 5.16 5.38 5.58 5.78 5.95 6.12 6.26 6.39 6.51 6.60 6.68 6.74 6.78 6.80 6.81 6.81 6.81 6.80 6.80 6.78 6.77
0.15 0.16 0.18 0.19 0.20 0.21 0.22 0.23 0.24 0.24 0.25 0.25 0.25 0.25 0.24 0.24 0.23 0.22 0.20 0.18 0.16 0.14 0.11 0.08 0.05 0.01 0.00 0.00 0.00 0.00 0.00 0.00 0.00 0.00 0.00 0.00 0.00 0.00 0.00 0.00 0.00 0.00 0.00 0.00 0.00 0.18 0.41 0.66 0.93 1.22 1.53 1.84 2.16 2.48 2.79 3.09 3.39 3.68 3.96 4.23 4.49 4.74 4.98 5.21 5.43 5.63 5.82 6.00 6.16 6.30 6.42 6.53 6.62 6.69 6.73 6.76 6.78 6.79 6.80 6.80 6.80 6.79 6.78 6.77
