data_processed/recharge/precip/Precip_1989_10.asc
ncols        168
nrows        136
xllcorner    455000
yllcorner    2107000
cellsize     500
NODATA_value     -99999
[rows 70 to 104 of 136, columns 79 to 157 of 168]
3.31 3.58 3.90 4.27 4.65 5.05 5.44 5.82 6.18 6.51 6.81 7.07 7.27 7.42 7.54 7.66 7.77 7.88 7.97 8.04 8.10 8.14 8.17 8.18 8.19 8.19 8.19 8.19 8.18 8.18 8.21 8.26 8.33 8.42 8.53 8.66 8.80 8.96 9.13 9.31 9.51 9.74 9.98 10.21 10.44 10.64 10.81 10.97 11.16 11.39 11.66 11.95 12.27 12.61 12.96 13.33 13.71 14.10 14.50 14.91 15.32 15.73 16.14 16.55 16.95 17.36 17.78 18.24 18.71 19.22 19.76 20.33 20.93 21.55 22.17 22.79 23.41 24.02 24.63
2.31 2.61 2.97 3.37 3.79 4.22 4.65 5.07 5.49 5.88 6.25 6.57 6.86 7.09 7.26 7.41 7.54 7.66 7.77 7.87 7.94 8.00 8.04 8.07 8.09 8.10 8.11 8.12 8.13 8.16 8.21 8.29 8.38 8.49 8.61 8.75 8.90 9.05 9.22 9.39 9.57 9.76 9.97 10.18 10.38 10.57 10.72 10.86 11.03 11.25 11.50 11.79 12.10 12.43 12.79 13.16 13.55 13.95 14.37 14.79 15.22 15.66 16.10 16.54 16.97 17.40 17.84 18.29 18.77 19.28 19.81 20.38 20.97 21.59 22.20 22.81 23.42 24.03 24.64
1.43 1.75 2.13 2.54 2.98 3.44 3.90 4.36 4.82 5.27 5.69 6.08 6.43 6.74 6.99 7.18 7.34 7.48 7.61 7.73 7.82 7.89 7.95 7.99 8.03 8.05 8.07 8.09 8.14 8.20 8.28 8.37 8.48 8.61 8.74 8.89 9.04 9.20 9.36 9.52 9.69 9.85 10.03 10.21 10.38 10.54 10.66 10.78 10.94 11.14 11.38 11.65 11.95 12.27 12.62 12.99 13.39 13.80 14.23 14.66 15.11 15.57 16.03 16.49 16.96 17.42 17.87 18.33 18.81 19.32 19.85 20.42 21.01 21.62 22.22 22.83 23.43 24.03 24.56
0.68 1.01 1.38 1.80 2.25 2.72 3.21 3.70 4.19 4.68 5.15 5.59 6.01 6.38 6.70 6.96 7.17 7.34 7.49 7.62 7.73 7.82 7.89 7.95 8.00 8.04 8.08 8.13 8.21 8.30 8.40 8.52 8.65 8.79 8.93 9.08 9.24 9.40 9.55 9.71 9.86 10.01 10.15 10.29 10.43 10.56 10.66 10.75 10.88 11.06 11.28 11.53 11.81 12.13 12.47 12.84 13.23 13.65 14.08 14.53 14.99 15.46 15.94 16.42 16.91 17.40 17.88 18.36 18.85 19.35 19.88 20.44 21.03 21.63 22.23 22.83 23.43 23.95 24.13
0.06 0.37 0.74 1.15 1.60 2.08 2.58 3.10 3.62 4.13 4.64 5.13 5.59 6.02 6.41 6.74 7.02 7.23 7.41 7.56 7.69 7.79 7.88 7.95 8.02 8.07 8.15 8.24 8.34 8.46 8.59 8.73 8.87 9.03 9.18 9.34 9.49 9.65 9.80 9.95 10.09 10.21 10.33 10.44 10.54 10.63 10.70 10.76 10.86 11.01 11.21 11.44 11.70 12.00 12.34 12.70 13.09 13.50 13.93 14.38 14.85 15.33 15.82 16.32 16.83 17.33 17.84 18.35 18.85 19.36 19.89 20.45 21.03 21.62 22.22 22.81 23.32 23.48 23.18
0.00 0.00 0.22 0.62 1.06 1.53 2.04 2.57 3.10 3.64 4.18 4.70 5.21 5.68 6.12 6.52 6.86 7.14 7.36 7.53 7.68 7.80 7.91 8.00 8.08 8.18 8.29 8.41 8.55 8.69 8.84 9.00 9.16 9.32 9.49 9.65 9.81 9.96 10.10 10.24 10.36 10.47 10.57 10.65 10.71 10.76 10.79 10.82 10.89 11.00 11.17 11.37 11.62 11.90 12.22 12.57 12.94 13.35 13.78 14.23 14.69 15.18 15.68 16.19 16.71 17.23 17.76 18.29 18.82 19.35 19.88 20.43 21.01 21.60 22.18 22.69 22.82 22.46 21.68
0.00 0.00 0.00 0.20 0.63 1.10 1.60 2.12 2.67 3.22 3.78 4.33 4.86 5.38 5.86 6.31 6.71 7.05 7.33 7.55 7.72 7.86 7.98 8.09 8.22 8.35 8.50 8.66 8.82 8.99 9.16 9.34 9.51 9.69 9.86 10.02 10.18 10.32 10.46 10.58 10.69 10.78 10.86 10.91 10.94 10.95 10.94 10.92 10.95 11.03 11.17 11.34 11.56 11.82 12.11 12.44 12.81 13.20 13.62 14.06 14.53 15.01 15.52 16.03 16.56 17.10 17.64 18.19 18.74 19.29 19.83 20.39 20.96 21.54 22.04 22.14 21.72 20.86 19.63
0.00 0.00 0.00 0.00 0.33 0.78 1.26 1.78 2.33 2.88 3.45 4.02 4.58 5.12 5.64 6.13 6.57 6.97 7.31 7.59 7.80 7.96 8.11 8.26 8.43 8.60 8.78 8.97 9.16 9.36 9.55 9.74 9.93 10.11 10.29 10.45 10.61 10.75 10.88 10.99 11.08 11.15 11.20 11.22 11.22 11.19 11.13 11.07 11.06 11.11 11.20 11.34 11.53 11.75 12.02 12.33 12.68 13.05 13.46 13.89 14.35 14.83 15.33 15.85 16.38 16.92 17.48 18.04 18.61 19.17 19.74 20.31 20.87 21.36 21.44 20.97 20.02 18.67 17.02
0.00 0.00 0.00 0.00 0.17 0.59 1.05 1.55 2.09 2.64 3.21 3.79 4.36 4.92 5.47 5.99 6.47 6.91 7.31 7.64 7.91 8.12 8.31 8.51 8.72 8.93 9.14 9.36 9.58 9.79 10.01 10.21 10.41 10.60 10.78 10.95 11.10 11.23 11.35 11.44 11.51 11.56 11.59 11.58 11.55 11.48 11.38 11.28 11.22 11.22 11.27 11.37 11.52 11.71 11.95 12.23 12.55 12.91 13.29 13.71 14.16 14.63 15.12 15.64 16.17 16.72 17.28 17.85 18.43 19.01 19.59 20.18 20.73 20.84 20.31 19.27 17.81 16.01 13.95
0.00 0.00 0.00 0.00 0.14 0.52 0.95 1.43 1.95 2.49 3.05 3.63 4.21 4.78 5.35 5.89 6.41 6.89 7.32 7.71 8.04 8.34 8.60 8.84 9.08 9.33 9.57 9.81 10.05 10.29 10.51 10.73 10.94 11.13 11.31 11.47 11.61 11.73 11.83 11.91 11.96 11.98 11.97 11.94 11.86 11.76 11.63 11.51 11.41 11.36 11.37 11.43 11.54 11.70 11.91 12.16 12.45 12.78 13.14 13.54 13.97 14.43 14.92 15.43 15.96 16.50 17.07 17.64 18.23 18.82 19.42 20.03 20.60 20.50 19.45 17.85 15.89 13.64 11.18
0.00 0.00 0.00 0.00 0.22 0.56 0.96 1.40 1.90 2.42 2.97 3.54 4.12 4.70 5.28 5.84 6.38 6.89 7.37 7.81 8.22 8.60 8.94 9.24 9.51 9.79 10.06 10.32 10.57 10.82 11.06 11.28 11.49 11.68 11.85 12.00 12.13 12.24 12.31 12.37 12.39 12.38 12.33 12.26 12.14 12.01 11.88 11.75 11.63 11.54 11.50 11.52 11.59 11.71 11.88 12.10 12.36 12.67 13.01 13.39 13.80 14.25 14.72 15.22 15.75 16.29 16.86 17.44 18.03 18.63 19.25 19.88 20.48 20.41 19.17 17.10 14.63 11.93 9.08
0.06 0.01 0.06 0.20 0.42 0.71 1.06 1.47 1.93 2.44 2.97 3.53 4.10 4.68 5.26 5.84 6.40 6.94 7.45 7.95 8.43 8.90 9.32 9.69 10.01 10.31 10.59 10.87 11.14 11.39 11.63 11.85 12.06 12.24 12.40 12.53 12.65 12.73 12.78 12.80 12.79 12.74 12.66 12.54 12.39 12.25 12.11 11.98 11.85 11.75 11.67 11.64 11.67 11.75 11.88 12.07 12.30 12.57 12.89 13.25 13.65 14.08 14.54 15.03 15.54 16.09 16.65 17.23 17.83 18.45 19.09 19.75 20.37 20.33 19.13 16.90 14.00 10.85 7.60
0.66 0.53 0.51 0.57 0.73 0.97 1.27 1.64 2.06 2.53 3.04 3.58 4.14 4.72 5.30 5.88 6.45 7.02 7.58 8.14 8.69 9.23 9.72 10.16 10.54 10.88 11.18 11.46 11.74 11.99 12.23 12.44 12.64 12.81 12.95 13.06 13.15 13.20 13.23 13.21 13.16 13.07 12.94 12.79 12.64 12.49 12.34 12.20 12.07 11.95 11.86 11.79 11.78 11.82 11.91 12.06 12.26 12.51 12.80 13.13 13.51 13.92 14.37 14.84 15.35 15.89 16.45 17.03 17.64 18.27 18.94 19.62 20.27 20.25 19.08 16.90 13.87 10.34 6.70
1.39 1.18 1.08 1.07 1.16 1.33 1.58 1.90 2.28 2.72 3.19 3.71 4.25 4.81 5.39 5.97 6.56 7.15 7.76 8.38 8.99 9.58 10.14 10.64 11.08 11.47 11.80 12.09 12.36 12.61 12.84 13.04 13.22 13.37 13.49 13.58 13.64 13.66 13.64 13.59 13.49 13.35 13.19 13.03 12.87 12.72 12.56 12.42 12.28 12.16 12.05 11.97 11.92 11.92 11.97 12.08 12.25 12.46 12.73 13.03 13.39 13.78 14.21 14.67 15.17 15.70 16.26 16.84 17.47 18.13 18.81 19.51 20.17 20.17 19.03 16.90 13.92 10.29 6.31
2.21 1.96 1.78 1.69 1.71 1.81 2.00 2.26 2.59 2.98 3.42 3.91 4.42 4.97 5.53 6.11 6.72 7.35 8.00 8.65 9.31 9.97 10.58 11.13 11.63 12.06 12.43 12.74 13.01 13.25 13.46 13.65 13.81 13.93 14.02 14.08 14.10 14.08 14.02 13.92 13.78 13.61 13.44 13.27 13.11 12.94 12.78 12.63 12.49 12.36 12.25 12.16 12.09 12.05 12.06 12.13 12.26 12.44 12.68 12.96 13.29 13.66 14.07 14.52 15.00 15.52 16.08 16.68 17.32 18.00 18.70 19.41 20.07 20.08 18.98 16.88 13.96 10.39 6.33
3.08 2.82 2.60 2.44 2.37 2.40 2.52 2.72 3.00 3.34 3.73 4.18 4.66 5.18 5.73 6.32 6.95 7.60 8.28 8.97 9.67 10.37 11.03 11.63 12.16 12.64 13.05 13.39 13.66 13.89 14.09 14.25 14.38 14.48 14.54 14.56 14.53 14.47 14.36 14.21 14.03 13.86 13.68 13.51 13.33 13.17 13.00 12.84 12.69 12.56 12.44 12.34 12.26 12.21 12.18 12.22 12.31 12.45 12.65 12.91 13.21 13.55 13.95 14.38 14.85 15.36 15.93 16.55 17.21 17.90 18.61 19.32 19.98 20.00 18.91 16.85 13.98 10.47 6.49
4.01 3.74 3.50 3.29 3.15 3.10 3.14 3.28 3.49 3.77 4.12 4.52 4.97 5.46 6.01 6.60 7.23 7.90 8.60 9.32 10.06 10.80 11.49 12.13 12.70 13.20 13.64 14.01 14.31 14.53 14.71 14.84 14.94 15.00 15.02 15.00 14.93 14.81 14.65 14.47 14.28 14.10 13.92 13.74 13.56 13.39 13.21 13.05 12.89 12.75 12.63 12.52 12.43 12.37 12.33 12.33 12.38 12.49 12.66 12.88 13.15 13.47 13.84 14.26 14.72 15.24 15.83 16.46 17.13 17.83 18.54 19.24 19.90 19.91 18.83 16.80 13.98 10.53 6.62
4.97 4.69 4.44 4.22 4.03 3.91 3.87 3.93 4.07 4.29 4.58 4.93 5.34 5.82 6.35 6.94 7.58 8.25 8.96 9.70 10.47 11.24 11.96 12.62 13.22 13.75 14.21 14.60 14.91 15.15 15.31 15.42 15.48 15.50 15.47 15.40 15.28 15.11 14.92 14.72 14.53 14.34 14.15 13.96 13.78 13.60 13.43 13.26 13.09 12.95 12.81 12.70 12.61 12.54 12.49 12.47 12.49 12.56 12.69 12.88 13.12 13.42 13.76 14.16 14.63 15.17 15.76 16.41 17.08 17.78 18.48 19.18 19.81 19.82 18.75 16.74 13.95 10.56 6.72
5.96 5.67 5.42 5.19 4.99 4.82 4.70 4.68 4.75 4.90 5.12 5.42 5.80 6.25 6.77 7.34 7.97 8.65 9.36 10.12 10.90 11.69 12.44 13.12 13.73 14.28 14.75 15.15 15.48 15.72 15.88 15.97 15.99 15.96 15.88 15.75 15.58 15.38 15.17 14.97 14.77 14.58 14.38 14.19 14.00 13.82 13.64 13.46 13.30 13.14 13.00 12.88 12.78 12.70 12.65 12.62 12.62 12.66 12.75 12.91 13.12 13.39 13.71 14.11 14.60 15.14 15.75 16.39 17.06 17.75 18.44 19.12 19.73 19.72 18.66 16.66 13.91 10.56 6.78
6.98 6.68 6.42 6.18 5.97 5.78 5.63 5.53 5.51 5.59 5.75 6.00 6.34 6.76 7.25 7.80 8.42 9.08 9.80 10.55 11.34 12.15 12.91 13.61 14.23 14.78 15.26 15.67 15.99 16.23 16.39 16.47 16.45 16.38 16.24 16.06 15.85 15.64 15.43 15.22 15.01 14.81 14.61 14.42 14.22 14.03 13.85 13.67 13.50 13.34 13.20 13.07 12.96 12.87 12.81 12.77 12.76 12.79 12.85 12.97 13.15 13.39 13.72 14.13 14.62 15.17 15.77 16.41 17.07 17.74 18.41 19.07 19.66 19.63 18.55 16.57 13.84 10.53 6.80
8.01 7.71 7.44 7.19 6.97 6.78 6.61 6.46 6.37 6.37 6.47 6.67 6.96 7.34 7.79 8.32 8.91 9.56 10.26 11.01 11.80 12.61 13.38 14.08 14.71 15.26 15.74 16.14 16.45 16.69 16.83 16.89 16.86 16.74 16.55 16.33 16.11 15.89 15.68 15.46 15.25 15.05 14.84 14.64 14.44 14.25 14.06 13.88 13.70 13.54 13.39 13.26 13.14 13.05 12.97 12.93 12.91 12.93 12.97 13.06 13.21 13.45 13.79 14.21 14.70 15.25 15.84 16.47 17.11 17.76 18.41 19.03 19.59 19.53 18.44 16.45 13.74 10.47 6.79
9.04 8.74 8.47 8.22 7.99 7.78 7.60 7.45 7.32 7.25 7.28 7.42 7.65 7.98 8.39 8.88 9.44 10.07 10.75 11.49 12.27 13.08 13.85 14.54 15.16 15.71 16.17 16.56 16.86 17.08 17.20 17.24 17.19 17.04 16.83 16.60 16.38 16.15 15.93 15.71 15.49 15.28 15.07 14.87 14.67 14.47 14.28 14.09 13.91 13.74 13.59 13.45 13.33 13.22 13.14 13.09 13.07 13.07 13.11 13.18 13.34 13.58 13.93 14.34 14.83 15.37 15.95 16.56 17.18 17.80 18.41 19.00 19.52 19.42 18.31 16.33 13.62 10.38 6.74
10.07 9.77 9.49 9.24 9.01 8.80 8.61 8.44 8.31 8.21 8.18 8.25 8.42 8.69 9.05 9.50 10.02 10.61 11.27 11.98 12.75 13.55 14.31 14.99 15.60 16.12 16.57 16.93 17.21 17.40 17.50 17.51 17.42 17.27 17.09 16.87 16.64 16.41 16.18 15.96 15.73 15.52 15.31 15.10 14.89 14.69 14.49 14.30 14.12 13.95 13.79 13.64 13.51 13.41 13.32 13.26 13.23 13.22 13.25 13.36 13.54 13.79 14.13 14.55 15.02 15.54 16.10 16.68 17.28 17.86 18.44 18.98 19.45 19.31 18.18 16.18 13.48 10.26 6.66
11.08 10.79 10.51 10.26 10.02 9.81 9.62 9.45 9.32 9.22 9.16 9.16 9.26 9.46 9.76 10.15 10.63 11.18 11.80 12.49 13.23 14.01 14.75 15.41 16.00 16.50 16.92 17.25 17.50 17.66 17.72 17.69 17.60 17.47 17.31 17.12 16.90 16.66 16.43 16.20 15.98 15.76 15.54 15.33 15.12 14.91 14.72 14.52 14.34 14.16 13.99 13.84 13.71 13.60 13.50 13.43 13.39 13.39 13.45 13.59 13.80 14.07 14.41 14.81 15.26 15.76 16.30 16.85 17.40 17.95 18.48 18.97 19.39 19.20 18.03 16.02 13.32 10.10 6.54
12.08 11.79 11.52 11.26 11.03 10.81 10.62 10.46 10.33 10.23 10.16 10.13 10.16 10.29 10.53 10.85 11.27 11.78 12.35 13.00 13.72 14.47 15.18 15.82 16.37 16.84 17.22 17.52 17.72 17.84 17.86 17.82 17.75 17.64 17.51 17.34 17.14 16.92 16.69 16.45 16.22 16.00 15.78 15.56 15.35 15.14 14.94 14.75 14.56 14.38 14.21 14.05 13.91 13.79 13.69 13.62 13.58 13.60 13.70 13.88 14.11 14.41 14.75 15.13 15.56 16.03 16.53 17.04 17.56 18.06 18.53 18.97 19.33 19.09 17.88 15.84 13.13 9.92 6.38
13.05 12.76 12.49 12.24 12.01 11.80 11.62 11.46 11.33 11.23 11.16 11.12 11.12 11.18 11.33 11.59 11.95 12.39 12.92 13.52 14.20 14.92 15.59 16.19 16.70 17.13 17.47 17.72 17.88 17.95 17.95 17.92 17.87 17.79 17.67 17.53 17.36 17.17 16.94 16.70 16.47 16.24 16.02 15.80 15.59 15.38 15.17 14.98 14.78 14.60 14.43 14.27 14.12 14.00 13.89 13.82 13.81 13.88 14.02 14.22 14.48 14.79 15.13 15.51 15.92 16.35 16.81 17.28 17.74 18.19 18.60 18.98 19.27 18.97 17.71 15.64 12.92 9.71 6.19
13.97 13.70 13.44 13.19 12.97 12.77 12.59 12.44 12.31 12.21 12.14 12.09 12.08 12.10 12.18 12.37 12.65 13.03 13.50 14.05 14.67 15.35 15.98 16.53 17.00 17.38 17.67 17.86 17.97 18.01 18.03 18.01 17.98 17.91 17.82 17.70 17.56 17.39 17.19 16.96 16.73 16.49 16.27 16.05 15.83 15.62 15.41 15.21 15.02 14.83 14.65 14.49 14.34 14.21 14.11 14.07 14.11 14.22 14.39 14.62 14.90 15.21 15.56 15.93 16.32 16.72 17.13 17.54 17.95 18.34 18.69 18.99 19.21 18.84 17.53 15.43 12.68 9.47 5.95
14.86 14.59 14.34 14.11 13.89 13.70 13.53 13.38 13.25 13.15 13.08 13.03 13.01 13.02 13.07 13.17 13.38 13.68 14.08 14.57 15.14 15.76 16.35 16.84 17.25 17.57 17.80 17.94 18.02 18.07 18.09 18.10 18.07 18.02 17.95 17.85 17.73 17.58 17.41 17.21 16.98 16.75 16.52 16.30 16.08 15.86 15.66 15.46 15.26 15.07 14.89 14.72 14.57 14.44 14.38 14.39 14.48 14.62 14.83 15.08 15.37 15.69 16.03 16.39 16.76 17.12 17.49 17.84 18.19 18.51 18.79 19.02 19.15 18.71 17.34 15.19 12.42 9.19 5.68
15.68 15.43 15.19 14.97 14.77 14.58 14.42 14.27 14.15 14.05 13.97 13.92 13.89 13.90 13.93 14.00 14.12 14.34 14.67 15.08 15.59 16.16 16.68 17.12 17.46 17.72 17.88 17.99 18.07 18.12 18.16 18.17 18.16 18.13 18.07 17.99 17.89 17.76 17.61 17.43 17.23 17.01 16.78 16.55 16.33 16.12 15.91 15.71 15.51 15.32 15.14 14.97 14.82 14.73 14.72 14.79 14.91 15.09 15.32 15.59 15.88 16.20 16.54 16.88 17.23 17.56 17.88 18.18 18.45 18.70 18.90 19.05 19.10 18.57 17.14 14.94 12.13 8.89 5.45
16.45 16.21 15.99 15.78 15.58 15.41 15.25 15.10 14.98 14.88 14.80 14.75 14.72 14.72 14.74 14.79 14.87 15.02 15.25 15.59 16.03 16.53 16.98 17.35 17.63 17.81 17.94 18.04 18.12 18.18 18.22 18.24 18.24 18.22 18.18 18.12 18.03 17.92 17.79 17.64 17.47 17.27 17.05 16.82 16.60 16.38 16.17 15.97 15.77 15.58 15.39 15.23 15.13 15.10 15.14 15.25 15.41 15.62 15.87 16.15 16.45 16.77 17.09 17.41 17.73 18.03 18.30 18.54 18.75 18.91 19.03 19.09 19.04 18.43 16.93 14.67 11.83 8.65 5.43
17.14 16.92 16.71 16.51 16.33 16.16 16.01 15.87 15.75 15.65 15.57 15.51 15.48 15.47 15.48 15.52 15.59 15.68 15.84 16.09 16.45 16.87 17.25 17.54 17.74 17.88 18.00 18.10 18.18 18.25 18.29 18.32 18.33 18.32 18.29 18.24 18.17 18.08 17.97 17.83 17.68 17.51 17.31 17.10 16.87 16.66 16.45 16.24 16.04 15.85 15.67 15.55 15.51 15.54 15.64 15.78 15.98 16.21 16.47 16.76 17.06 17.37 17.68 17.98 18.26 18.52 18.74 18.93 19.07 19.15 19.17 19.14 18.99 18.29 16.70 14.39 11.60 8.66 5.70
17.75 17.54 17.35 17.16 16.99 16.83 16.68 16.55 16.43 16.33 16.25 16.19 16.15 16.13 16.14 16.17 16.22 16.30 16.41 16.58 16.84 17.18 17.48 17.69 17.84 17.97 18.08 18.18 18.26 18.33 18.38 18.41 18.42 18.42 18.40 18.36 18.30 18.23 18.13 18.02 17.89 17.73 17.56 17.37 17.16 16.94 16.73 16.53 16.33 16.14 16.01 15.96 15.98 16.06 16.20 16.38 16.61 16.86 17.13 17.42 17.72 18.02 18.30 18.58 18.82 19.03 19.21 19.33 19.40 19.40 19.33 19.19 18.94 18.13 16.47 14.20 11.67 9.02 6.34
18.26 18.07 17.89 17.72 17.56 17.40 17.26 17.14 17.02 16.92 16.84 16.78 16.73 16.71 16.70 16.72 16.76 16.82 16.92 17.04 17.21 17.46 17.67 17.83 17.96 18.08 18.19 18.28 18.36 18.42 18.47 18.51 18.52 18.53 18.51 18.48 18.44 18.37 18.29 18.20 18.08 17.95 17.80 17.63 17.44 17.24 17.03 16.82 16.63 16.50 16.44 16.46 16.53 16.66 16.84 17.05 17.30 17.57 17.85 18.14 18.43 18.71 18.97 19.20 19.41 19.57 19.69 19.74 19.74 19.66 19.50 19.25 18.89 17.98 16.35 14.36 12.15 9.80 7.37
18.66 18.49 18.33 18.17 18.02 17.87 17.74 17.62 17.51 17.41 17.33 17.26 17.21 17.17 17.16 17.17 17.19 17.25 17.32 17.42 17.55 17.71 17.86 17.99 18.12 18.23 18.32 18.41 18.48 18.54 18.59 18.62 18.64 18.65 18.64 18.62 18.58 18.53 18.46 18.38 18.28 18.16 18.03 17.88 17.72 17.53 17.34 17.15 17.01 16.95 16.96 17.03 17.16 17.33 17.55 17.79 18.05 18.33 18.62 18.90 19.18 19.43 19.67 19.86 20.02 20.13 20.18 20.17 20.09 19.92 19.67 19.32 18.84 17.96 16.64 14.99 13.11 11.04 8.87
18.99 18.84 18.69 18.54 18.40 18.26 18.13 18.02 17.91 17.81 17.72 17.65 17.60 17.56 17.53 17.53 17.54 17.58 17.63 17.71 17.82 17.94 18.07 18.18 18.29 18.39 18.48 18.55 18.62 18.67 18.71 18.74 18.76 18.77 18.76 18.75 18.71 18.67 18.61 18.54 18.45 18.35 18.24 18.11 17.97 17.81 17.65 17.53 17.47 17.48 17.56 17.68 17.86 18.07 18.31 18.57 18.85 19.14 19.42 19.69 19.95 20.18 20.38 20.54 20.64 20.69 20.68 20.59 20.42 20.17 19.81 19.35 18.81 18.16 17.21 15.93 14.36 12.58 10.65
