data_processed/recharge/precip/Precip_2012_03.asc
ncols        168
nrows        136
xllcorner    455000
yllcorner    2107000
cellsize     500
NODATA_value     -99999
[rows 70 to 104 of 136, columns 80 to 159 of 168]
18.31 17.69 17.14 16.66 16.26 15.91 15.59 15.29 14.98 14.62 14.23 13.80 13.33 12.83 12.30 11.75 11.18 10.58 9.97 9.35 8.73 8.12 7.54 6.97 6.43 5.92 5.44 5.00 4.59 4.24 3.93 3.68 3.51 3.44 3.47 3.60 3.80 4.08 4.39 4.74 5.10 5.45 5.79 6.08 6.32 6.53 6.76 7.00 7.24 7.47 7.68 7.85 7.98 8.05 8.07 8.01 7.87 7.68 7.47 7.25 7.02 6.79 6.56 6.34 6.14 5.97 5.82 5.71 5.63 5.61 5.63 5.68 5.75 5.84 5.97 6.12 6.30 6.52 6.77 7.07
18.66 18.03 17.47 16.98 16.55 16.16 15.79 15.45 15.12 14.77 14.38 13.95 13.49 12.99 12.47 11.91 11.34 10.74 10.12 9.49 8.87 8.26 7.66 7.09 6.55 6.04 5.55 5.11 4.71 4.35 4.05 3.83 3.69 3.62 3.64 3.75 3.94 4.20 4.51 4.85 5.21 5.57 5.91 6.21 6.46 6.69 6.93 7.18 7.42 7.64 7.84 8.00 8.12 8.17 8.16 8.08 7.96 7.81 7.65 7.47 7.27 7.07 6.86 6.67 6.49 6.32 6.18 6.08 6.01 5.98 6.00 6.04 6.10 6.19 6.31 6.45 6.63 6.84 7.09 7.39
19.04 18.41 17.84 17.34 16.88 16.45 16.04 15.64 15.27 14.90 14.52 14.10 13.64 13.14 12.62 12.07 11.49 10.89 10.26 9.63 9.00 8.38 7.79 7.21 6.67 6.15 5.67 5.22 4.82 4.47 4.20 4.01 3.90 3.85 3.87 3.96 4.13 4.37 4.67 5.00 5.36 5.71 6.05 6.36 6.62 6.85 7.10 7.34 7.58 7.79 7.98 8.13 8.22 8.25 8.22 8.15 8.06 7.96 7.84 7.70 7.54 7.36 7.19 7.01 6.85 6.70 6.57 6.47 6.40 6.37 6.38 6.41 6.47 6.55 6.66 6.80 6.97 7.18 7.43 7.72
19.45 18.82 18.25 17.73 17.24 16.76 16.31 15.87 15.45 15.05 14.65 14.23 13.78 13.29 12.76 12.21 11.63 11.03 10.40 9.76 9.13 8.51 7.91 7.33 6.78 6.26 5.78 5.33 4.94 4.63 4.39 4.23 4.13 4.11 4.14 4.23 4.38 4.60 4.88 5.19 5.53 5.88 6.21 6.52 6.78 7.02 7.26 7.50 7.73 7.93 8.10 8.22 8.29 8.30 8.27 8.24 8.19 8.12 8.04 7.94 7.82 7.68 7.52 7.37 7.22 7.09 6.97 6.87 6.80 6.77 6.77 6.80 6.85 6.93 7.03 7.17 7.33 7.54 7.78 8.07
19.87 19.25 18.68 18.13 17.60 17.09 16.60 16.13 15.67 15.22 14.79 14.36 13.90 13.42 12.90 12.34 11.76 11.16 10.53 9.88 9.24 8.62 8.02 7.44 6.89 6.37 5.88 5.45 5.09 4.81 4.61 4.47 4.40 4.39 4.44 4.53 4.68 4.87 5.13 5.42 5.74 6.07 6.40 6.70 6.95 7.19 7.42 7.65 7.86 8.04 8.19 8.29 8.33 8.34 8.35 8.34 8.32 8.29 8.25 8.18 8.10 8.00 7.88 7.75 7.61 7.49 7.38 7.29 7.22 7.19 7.18 7.21 7.25 7.32 7.42 7.55 7.71 7.90 8.15 8.48
20.31 19.69 19.10 18.52 17.97 17.43 16.91 16.40 15.91 15.42 14.95 14.49 14.02 13.54 13.02 12.47 11.89 11.28 10.65 10.00 9.36 8.73 8.12 7.54 6.99 6.47 6.00 5.60 5.28 5.04 4.86 4.75 4.70 4.70 4.76 4.86 5.01 5.19 5.42 5.69 5.99 6.30 6.60 6.89 7.14 7.36 7.59 7.80 7.99 8.14 8.26 8.33 8.37 8.41 8.44 8.46 8.47 8.47 8.46 8.43 8.39 8.32 8.24 8.13 8.02 7.91 7.80 7.72 7.65 7.61 7.61 7.62 7.66 7.72 7.81 7.94 8.09 8.30 8.57 8.93
20.73 20.10 19.49 18.89 18.32 17.75 17.21 16.68 16.15 15.64 15.14 14.64 14.14 13.65 13.13 12.58 12.00 11.39 10.76 10.11 9.46 8.83 8.22 7.64 7.08 6.58 6.14 5.79 5.51 5.30 5.15 5.06 5.03 5.05 5.11 5.22 5.37 5.54 5.75 5.99 6.26 6.55 6.83 7.10 7.33 7.54 7.75 7.93 8.10 8.22 8.31 8.37 8.44 8.50 8.55 8.60 8.64 8.67 8.68 8.69 8.67 8.64 8.59 8.52 8.43 8.33 8.24 8.16 8.09 8.05 8.04 8.05 8.08 8.13 8.22 8.34 8.50 8.73 9.04 9.42
21.11 20.47 19.84 19.23 18.64 18.06 17.50 16.94 16.40 15.86 15.33 14.80 14.28 13.76 13.23 12.68 12.10 11.49 10.86 10.20 9.55 8.92 8.31 7.73 7.19 6.72 6.33 6.02 5.77 5.59 5.47 5.40 5.39 5.42 5.49 5.60 5.74 5.92 6.11 6.33 6.57 6.82 7.08 7.32 7.54 7.72 7.90 8.06 8.19 8.29 8.37 8.45 8.53 8.61 8.68 8.75 8.81 8.87 8.91 8.94 8.96 8.96 8.94 8.91 8.85 8.77 8.69 8.61 8.54 8.50 8.48 8.48 8.51 8.56 8.63 8.76 8.95 9.22 9.55 9.95
21.44 20.79 20.15 19.54 18.94 18.35 17.77 17.20 16.64 16.08 15.53 14.98 14.43 13.88 13.33 12.77 12.20 11.59 10.95 10.29 9.64 9.00 8.39 7.82 7.33 6.91 6.56 6.29 6.07 5.92 5.82 5.77 5.77 5.82 5.89 6.01 6.15 6.31 6.49 6.69 6.90 7.12 7.35 7.56 7.75 7.91 8.06 8.19 8.28 8.37 8.46 8.55 8.64 8.74 8.83 8.92 9.00 9.08 9.14 9.20 9.24 9.27 9.28 9.28 9.25 9.21 9.14 9.07 9.00 8.96 8.93 8.92 8.94 8.98 9.07 9.23 9.45 9.75 10.10 10.52
21.69 21.04 20.41 19.79 19.18 18.59 18.00 17.42 16.85 16.28 15.71 15.15 14.58 14.01 13.44 12.86 12.27 11.66 11.02 10.36 9.71 9.07 8.48 7.96 7.51 7.14 6.83 6.59 6.41 6.29 6.21 6.18 6.19 6.24 6.33 6.44 6.57 6.73 6.90 7.08 7.26 7.45 7.64 7.81 7.97 8.10 8.21 8.30 8.39 8.48 8.57 8.68 8.78 8.89 9.00 9.10 9.20 9.29 9.38 9.46 9.52 9.58 9.62 9.64 9.64 9.63 9.59 9.53 9.47 9.42 9.38 9.37 9.38 9.43 9.55 9.74 10.00 10.31 10.69 11.12
21.87 21.23 20.60 19.99 19.38 18.78 18.19 17.61 17.03 16.45 15.88 15.30 14.72 14.14 13.55 12.95 12.35 11.73 11.09 10.43 9.77 9.15 8.61 8.14 7.74 7.41 7.14 6.94 6.79 6.69 6.63 6.62 6.64 6.70 6.79 6.89 7.02 7.16 7.32 7.48 7.64 7.79 7.94 8.08 8.20 8.29 8.37 8.44 8.52 8.62 8.72 8.83 8.94 9.06 9.18 9.29 9.41 9.52 9.62 9.72 9.80 9.88 9.94 9.99 10.02 10.03 10.02 9.99 9.94 9.88 9.84 9.82 9.84 9.92 10.08 10.30 10.58 10.92 11.31 11.75
21.97 21.33 20.72 20.11 19.51 18.92 18.33 17.75 17.17 16.59 16.01 15.43 14.84 14.25 13.65 13.04 12.42 11.79 11.14 10.48 9.84 9.27 8.78 8.36 8.01 7.73 7.50 7.33 7.20 7.13 7.09 7.09 7.12 7.19 7.27 7.38 7.49 7.62 7.76 7.89 8.03 8.15 8.26 8.36 8.43 8.49 8.54 8.61 8.70 8.79 8.90 9.01 9.13 9.25 9.37 9.50 9.62 9.75 9.86 9.97 10.08 10.17 10.25 10.32 10.37 10.41 10.42 10.42 10.39 10.35 10.30 10.29 10.34 10.46 10.65 10.90 11.20 11.55 11.95 12.40
21.96 21.34 20.74 20.15 19.56 18.98 18.40 17.82 17.25 16.67 16.09 15.51 14.92 14.33 13.72 13.11 12.48 11.84 11.18 10.53 9.94 9.44 9.00 8.63 8.32 8.08 7.89 7.74 7.65 7.59 7.57 7.59 7.63 7.69 7.78 7.88 7.98 8.10 8.21 8.32 8.43 8.52 8.59 8.64 8.68 8.71 8.76 8.82 8.90 8.99 9.09 9.21 9.33 9.45 9.58 9.71 9.85 9.98 10.11 10.23 10.35 10.45 10.55 10.64 10.71 10.77 10.81 10.83 10.83 10.80 10.77 10.80 10.89 11.04 11.25 11.52 11.84 12.21 12.61 13.06
21.83 21.24 20.65 20.07 19.50 18.93 18.36 17.79 17.22 16.65 16.08 15.50 14.91 14.31 13.70 13.08 12.44 11.79 11.15 10.55 10.03 9.58 9.20 8.88 8.61 8.41 8.25 8.13 8.06 8.03 8.02 8.05 8.10 8.16 8.24 8.33 8.43 8.53 8.62 8.70 8.78 8.83 8.87 8.88 8.90 8.94 8.98 9.04 9.11 9.20 9.30 9.41 9.53 9.66 9.79 9.93 10.07 10.20 10.34 10.48 10.60 10.73 10.84 10.94 11.03 11.11 11.17 11.21 11.24 11.24 11.24 11.30 11.42 11.61 11.84 12.13 12.46 12.84 13.25 13.70
21.59 21.01 20.44 19.88 19.32 18.76 18.20 17.64 17.08 16.51 15.94 15.36 14.77 14.17 13.56 12.93 12.29 11.65 11.06 10.53 10.07 9.68 9.35 9.07 8.85 8.68 8.55 8.47 8.42 8.40 8.41 8.45 8.50 8.57 8.64 8.72 8.81 8.88 8.95 9.01 9.05 9.07 9.06 9.07 9.11 9.16 9.21 9.26 9.33 9.41 9.50 9.61 9.73 9.86 9.99 10.13 10.28 10.42 10.57 10.71 10.85 10.99 11.11 11.23 11.34 11.43 11.51 11.58 11.63 11.66 11.68 11.76 11.92 12.13 12.39 12.70 13.04 13.43 13.84 14.29
21.24 20.69 20.13 19.58 19.03 18.49 17.94 17.39 16.83 16.27 15.70 15.12 14.53 13.92 13.30 12.67 12.04 11.46 10.92 10.45 10.06 9.73 9.45 9.22 9.04 8.91 8.81 8.75 8.73 8.73 8.75 8.79 8.84 8.91 8.98 9.05 9.11 9.17 9.22 9.24 9.25 9.23 9.22 9.24 9.29 9.36 9.42 9.48 9.54 9.62 9.71 9.81 9.93 10.06 10.19 10.33 10.48 10.63 10.79 10.94 11.09 11.23 11.37 11.51 11.63 11.74 11.84 11.93 12.00 12.06 12.10 12.21 12.38 12.62 12.90 13.22 13.58 13.97 14.39 14.83
20.81 20.26 19.73 19.19 18.65 18.12 17.58 17.03 16.48 15.92 15.35 14.77 14.18 13.58 12.95 12.33 11.76 11.23 10.75 10.33 9.99 9.73 9.51 9.33 9.19 9.09 9.03 8.99 8.98 9.00 9.03 9.08 9.14 9.20 9.26 9.32 9.36 9.40 9.42 9.41 9.39 9.36 9.36 9.39 9.46 9.54 9.62 9.69 9.75 9.82 9.91 10.01 10.12 10.25 10.38 10.53 10.68 10.84 10.99 11.15 11.31 11.47 11.62 11.77 11.91 12.03 12.15 12.26 12.36 12.44 12.51 12.63 12.82 13.07 13.37 13.70 14.07 14.47 14.88 15.32
20.29 19.76 19.24 18.72 18.19 17.67 17.13 16.60 16.05 15.49 14.93 14.35 13.75 13.14 12.54 11.97 11.45 10.97 10.55 10.18 9.89 9.67 9.52 9.40 9.31 9.24 9.20 9.19 9.20 9.23 9.27 9.33 9.38 9.44 9.49 9.53 9.56 9.57 9.56 9.53 9.50 9.48 9.49 9.54 9.62 9.71 9.80 9.88 9.96 10.03 10.11 10.21 10.32 10.44 10.57 10.72 10.87 11.03 11.19 11.36 11.53 11.69 11.86 12.01 12.17 12.31 12.46 12.59 12.71 12.80 12.89 13.03 13.23 13.49 13.80 14.15 14.52 14.92 15.34 15.76
19.70 19.19 18.68 18.17 17.66 17.14 16.62 16.09 15.55 14.99 14.43 13.85 13.25 12.66 12.10 11.58 11.12 10.69 10.31 9.99 9.74 9.58 9.48 9.42 9.39 9.36 9.35 9.36 9.39 9.43 9.48 9.53 9.59 9.64 9.68 9.70 9.71 9.70 9.66 9.62 9.60 9.59 9.61 9.67 9.76 9.87 9.97 10.06 10.15 10.23 10.31 10.40 10.51 10.63 10.76 10.90 11.06 11.22 11.39 11.56 11.73 11.91 12.08 12.25 12.42 12.59 12.75 12.90 13.04 13.15 13.25 13.40 13.62 13.88 14.20 14.55 14.93 15.33 15.74 16.16
19.06 18.56 18.07 17.57 17.07 16.56 16.05 15.52 14.99 14.43 13.87 13.29 12.71 12.16 11.66 11.19 10.77 10.39 10.05 9.76 9.56 9.44 9.39 9.39 9.41 9.45 9.48 9.51 9.55 9.60 9.66 9.71 9.76 9.80 9.83 9.84 9.83 9.79 9.74 9.71 9.69 9.69 9.72 9.79 9.89 10.02 10.13 10.23 10.32 10.41 10.50 10.59 10.69 10.81 10.94 11.08 11.24 11.40 11.57 11.75 11.93 12.11 12.29 12.48 12.66 12.85 13.03 13.20 13.35 13.48 13.59 13.75 13.98 14.25 14.57 14.92 15.30 15.70 16.11 16.52
18.38 17.89 17.41 16.93 16.44 15.94 15.43 14.91 14.38 13.83 13.26 12.70 12.16 11.67 11.21 10.80 10.42 10.08 9.78 9.52 9.35 9.27 9.26 9.31 9.39 9.48 9.57 9.63 9.69 9.75 9.81 9.86 9.91 9.94 9.95 9.94 9.91 9.86 9.82 9.79 9.78 9.79 9.83 9.91 10.02 10.16 10.28 10.39 10.49 10.59 10.68 10.78 10.88 10.99 11.12 11.26 11.41 11.57 11.75 11.93 12.11 12.30 12.50 12.70 12.90 13.11 13.31 13.49 13.65 13.79 13.91 14.08 14.31 14.59 14.91 15.26 15.64 16.03 16.43 16.83
17.69 17.20 16.72 16.25 15.77 15.28 14.77 14.26 13.73 13.18 12.64 12.12 11.63 11.19 10.78 10.40 10.06 9.75 9.48 9.25 9.11 9.07 9.10 9.19 9.32 9.46 9.61 9.73 9.82 9.89 9.95 10.00 10.04 10.06 10.05 10.02 9.98 9.94 9.90 9.88 9.87 9.89 9.94 10.03 10.15 10.29 10.42 10.54 10.65 10.75 10.86 10.96 11.06 11.17 11.29 11.43 11.58 11.74 11.92 12.10 12.29 12.49 12.70 12.92 13.14 13.36 13.57 13.77 13.94 14.09 14.22 14.39 14.62 14.90 15.22 15.57 15.94 16.33 16.71 17.10
16.99 16.50 16.02 15.55 15.08 14.59 14.10 13.59 13.06 12.53 12.03 11.56 11.12 10.72 10.35 10.01 9.70 9.42 9.17 8.96 8.85 8.84 8.90 9.03 9.20 9.39 9.59 9.77 9.91 10.01 10.07 10.12 10.15 10.16 10.14 10.10 10.06 10.02 9.99 9.97 9.97 9.99 10.05 10.14 10.28 10.43 10.57 10.69 10.81 10.92 11.02 11.13 11.23 11.35 11.47 11.60 11.75 11.91 12.08 12.27 12.47 12.68 12.91 13.14 13.38 13.61 13.83 14.03 14.21 14.37 14.50 14.68 14.91 15.19 15.50 15.85 16.21 16.58 16.96 17.32
16.29 15.81 15.33 14.85 14.38 13.90 13.41 12.90 12.39 11.91 11.45 11.03 10.64 10.27 9.94 9.63 9.35 9.09 8.86 8.67 8.57 8.58 8.68 8.84 9.05 9.28 9.53 9.76 9.96 10.11 10.20 10.24 10.26 10.25 10.22 10.19 10.15 10.11 10.08 10.06 10.07 10.10 10.16 10.26 10.40 10.57 10.71 10.84 10.97 11.08 11.19 11.30 11.40 11.52 11.64 11.77 11.91 12.07 12.24 12.43 12.64 12.87 13.11 13.36 13.60 13.85 14.07 14.28 14.47 14.63 14.77 14.95 15.18 15.45 15.76 16.09 16.44 16.80 17.16 17.51
15.60 15.12 14.64 14.16 13.69 13.21 12.72 12.24 11.77 11.33 10.92 10.54 10.18 9.85 9.54 9.26 9.00 8.76 8.54 8.36 8.28 8.31 8.43 8.62 8.86 9.13 9.42 9.69 9.95 10.15 10.29 10.36 10.37 10.35 10.32 10.28 10.24 10.21 10.18 10.17 10.17 10.21 10.28 10.39 10.54 10.71 10.86 11.00 11.12 11.24 11.35 11.46 11.57 11.68 11.80 11.93 12.07 12.23 12.40 12.61 12.83 13.07 13.32 13.58 13.83 14.08 14.31 14.53 14.72 14.87 15.01 15.19 15.41 15.68 15.98 16.30 16.64 16.98 17.32 17.65
14.93 14.45 13.97 13.50 13.02 12.54 12.07 11.62 11.20 10.80 10.43 10.08 9.76 9.45 9.17 8.91 8.66 8.44 8.23 8.05 7.98 8.02 8.16 8.37 8.64 8.95 9.27 9.59 9.89 10.14 10.34 10.45 10.49 10.47 10.44 10.40 10.36 10.32 10.29 10.28 10.29 10.33 10.41 10.52 10.68 10.85 11.01 11.16 11.29 11.41 11.52 11.63 11.74 11.85 11.97 12.09 12.23 12.39 12.57 12.79 13.02 13.27 13.53 13.79 14.05 14.30 14.54 14.76 14.95 15.10 15.24 15.41 15.63 15.89 16.17 16.48 16.80 17.12 17.44 17.75
14.28 13.81 13.34 12.87 12.39 11.92 11.47 11.06 10.68 10.33 9.99 9.67 9.37 9.09 8.82 8.57 8.34 8.12 7.92 7.75 7.68 7.73 7.88 8.11 8.40 8.73 9.08 9.44 9.78 10.08 10.33 10.50 10.59 10.60 10.57 10.53 10.48 10.45 10.42 10.41 10.43 10.47 10.55 10.66 10.83 11.01 11.18 11.32 11.46 11.58 11.69 11.80 11.91 12.02 12.13 12.26 12.39 12.56 12.76 12.98 13.22 13.48 13.75 14.01 14.27 14.53 14.76 14.98 15.16 15.32 15.45 15.61 15.82 16.06 16.34 16.63 16.93 17.23 17.53 17.81
13.67 13.20 12.74 12.27 11.81 11.37 10.96 10.58 10.23 9.91 9.60 9.30 9.02 8.76 8.51 8.27 8.04 7.83 7.62 7.44 7.37 7.43 7.59 7.83 8.14 8.49 8.87 9.26 9.63 9.97 10.26 10.49 10.65 10.73 10.72 10.68 10.63 10.59 10.57 10.56 10.57 10.62 10.70 10.82 10.99 11.18 11.35 11.50 11.64 11.76 11.87 11.98 12.09 12.20 12.31 12.43 12.58 12.75 12.96 13.18 13.43 13.69 13.96 14.23 14.49 14.74 14.98 15.19 15.37 15.51 15.64 15.79 15.99 16.22 16.47 16.74 17.02 17.30 17.57 17.82
13.10 12.64 12.19 11.74 11.31 10.91 10.53 10.18 9.86 9.55 9.26 8.99 8.72 8.47 8.23 7.99 7.77 7.55 7.34 7.15 7.07 7.13 7.29 7.54 7.86 8.23 8.63 9.04 9.44 9.82 10.15 10.43 10.64 10.79 10.86 10.85 10.80 10.76 10.73 10.72 10.74 10.79 10.87 11.00 11.17 11.36 11.54 11.69 11.83 11.95 12.07 12.17 12.28 12.38 12.49 12.63 12.79 12.97 13.18 13.40 13.65 13.91 14.18 14.44 14.70 14.95 15.18 15.38 15.56 15.70 15.81 15.95 16.13 16.34 16.58 16.83 17.08 17.33 17.57 17.80
12.58 12.14 11.70 11.28 10.89 10.53 10.18 9.86 9.55 9.26 8.99 8.73 8.48 8.23 7.99 7.76 7.52 7.30 7.07 6.87 6.78 6.83 6.99 7.24 7.57 7.95 8.36 8.79 9.22 9.62 9.98 10.31 10.58 10.80 10.94 11.00 10.99 10.95 10.92 10.91 10.93 10.97 11.06 11.19 11.37 11.56 11.74 11.89 12.03 12.16 12.27 12.38 12.48 12.58 12.71 12.86 13.02 13.21 13.42 13.64 13.88 14.13 14.40 14.66 14.91 15.16 15.38 15.57 15.74 15.86 15.96 16.09 16.25 16.44 16.66 16.88 17.11 17.33 17.54 17.74
12.12 11.70 11.30 10.93 10.57 10.23 9.92 9.61 9.32 9.05 8.78 8.53 8.28 8.04 7.80 7.56 7.31 7.07 6.83 6.61 6.51 6.54 6.69 6.94 7.27 7.65 8.08 8.52 8.95 9.37 9.77 10.14 10.46 10.74 10.95 11.10 11.17 11.17 11.14 11.12 11.14 11.19 11.27 11.40 11.59 11.78 11.96 12.12 12.26 12.38 12.49 12.59 12.70 12.82 12.96 13.12 13.29 13.48 13.68 13.90 14.13 14.37 14.62 14.88 15.12 15.36 15.57 15.75 15.90 16.01 16.10 16.20 16.35 16.52 16.70 16.90 17.10 17.29 17.47 17.64
11.73 11.36 11.00 10.66 10.34 10.03 9.73 9.45 9.18 8.91 8.65 8.40 8.15 7.90 7.65 7.40 7.14 6.89 6.62 6.38 6.25 6.26 6.40 6.64 6.97 7.35 7.77 8.21 8.65 9.08 9.51 9.91 10.28 10.62 10.90 11.12 11.28 11.37 11.37 11.36 11.38 11.42 11.51 11.64 11.83 12.03 12.21 12.36 12.50 12.62 12.73 12.84 12.96 13.09 13.24 13.41 13.58 13.77 13.97 14.18 14.40 14.62 14.86 15.09 15.33 15.55 15.75 15.92 16.05 16.15 16.21 16.30 16.42 16.57 16.73 16.89 17.06 17.22 17.37 17.52
11.45 11.12 10.79 10.49 10.19 9.91 9.63 9.37 9.10 8.85 8.59 8.33 8.08 7.82 7.56 7.29 7.02 6.73 6.44 6.17 6.01 6.00 6.12 6.35 6.66 7.03 7.43 7.86 8.30 8.75 9.20 9.63 10.05 10.43 10.78 11.08 11.32 11.50 11.60 11.63 11.64 11.69 11.78 11.91 12.09 12.29 12.47 12.63 12.77 12.89 13.00 13.12 13.26 13.41 13.57 13.74 13.91 14.10 14.29 14.49 14.70 14.90 15.11 15.32 15.53 15.74 15.92 16.08 16.19 16.27 16.31 16.38 16.47 16.59 16.72 16.85 16.99 17.11 17.24 17.35
11.27 10.97 10.69 10.41 10.14 9.88 9.62 9.37 9.11 8.86 8.60 8.34 8.08 7.80 7.52 7.24 6.94 6.62 6.30 5.99 5.80 5.77 5.86 6.07 6.35 6.68 7.06 7.48 7.92 8.38 8.84 9.30 9.76 10.19 10.60 10.96 11.28 11.55 11.75 11.88 11.94 11.99 12.07 12.20 12.39 12.59 12.77 12.92 13.06 13.18 13.31 13.46 13.61 13.77 13.93 14.10 14.28 14.46 14.65 14.83 15.02 15.20 15.39 15.57 15.75 15.93 16.09 16.22 16.32 16.37 16.39 16.43 16.50 16.59 16.68 16.78 16.88 16.97 17.06 17.15
11.20 10.94 10.68 10.43 10.18 9.94 9.70 9.45 9.20 8.95 8.69 8.42 8.14 7.85 7.55 7.24 6.91 6.56 6.20 5.85 5.62 5.55 5.62 5.78 6.01 6.31 6.66 7.06 7.50 7.96 8.43 8.92 9.41 9.89 10.35 10.78 11.18 11.53 11.82 12.06 12.22 12.31 12.40 12.53 12.71 12.92 13.09 13.25 13.39 13.53 13.68 13.84 14.00 14.17 14.34 14.51 14.69 14.86 15.03 15.20 15.37 15.53 15.69 15.84 15.99 16.12 16.25 16.36 16.43 16.46 16.46 16.47 16.50 16.56 16.61 16.67 16.73 16.79 16.85 16.91
