data_processed/recharge/precip/Precip_2009_08.asc
ncols        168
nrows        136
xllcorner    455000
yllcorner    2107000
cellsize     500
NODATA_value     -99999
[rows 33 to 65 of 136, columns 74 to 147 of 168]
165.25 160.86 156.42 151.97 147.52 143.07 138.66 134.29 130.02 125.88 121.87 118.00 114.29 110.75 107.37 104.17 101.16 98.34 95.74 93.35 91.29 89.61 88.33 87.43 86.90 86.71 86.87 87.41 88.31 89.52 90.96 92.58 94.33 96.14 97.97 99.80 101.57 103.25 104.79 106.16 107.32 108.21 108.81 109.06 108.94 108.43 107.62 106.59 105.36 103.94 102.35 100.60 98.76 96.99 95.34 93.86 92.54 91.42 90.54 90.08 90.27 91.09 92.52 94.49 96.98 99.92 103.29 107.02 111.07 115.41 119.98 124.77 129.82 135.07
163.90 159.58 155.21 150.82 146.43 142.06 137.71 133.40 129.17 125.04 121.06 117.24 113.57 110.08 106.77 103.65 100.73 98.02 95.53 93.36 91.59 90.21 89.21 88.58 88.30 88.36 88.75 89.50 90.59 91.96 93.54 95.28 97.11 98.98 100.83 102.63 104.34 105.92 107.32 108.52 109.46 110.10 110.41 110.35 109.89 109.14 108.16 106.98 105.60 104.04 102.32 100.44 98.48 96.58 94.81 93.18 91.73 90.46 89.41 88.61 88.24 88.52 89.45 90.99 93.08 95.68 98.75 102.25 106.12 110.32 114.84 119.72 124.91 130.32
162.61 158.36 154.05 149.73 145.42 141.11 136.84 132.61 128.44 124.35 120.40 116.60 112.98 109.54 106.30 103.25 100.41 97.80 95.51 93.61 92.12 91.00 90.26 89.87 89.82 90.10 90.69 91.63 92.88 94.38 96.07 97.90 99.79 101.70 103.55 105.31 106.93 108.38 109.63 110.63 111.33 111.71 111.71 111.32 110.64 109.72 108.60 107.27 105.75 104.07 102.22 100.23 98.16 96.14 94.25 92.50 90.92 89.51 88.32 87.36 86.66 86.40 86.81 87.86 89.53 91.76 94.51 97.73 101.38 105.45 109.98 114.92 120.19 125.71
161.36 157.17 152.94 148.70 144.46 140.23 136.04 131.89 127.80 123.78 119.87 116.10 112.52 109.12 105.93 102.95 100.20 97.77 95.74 94.10 92.86 91.98 91.46 91.28 91.44 91.90 92.68 93.77 95.15 96.75 98.53 100.41 102.34 104.25 106.09 107.80 109.32 110.63 111.69 112.47 112.92 113.00 112.69 112.09 111.24 110.18 108.91 107.45 105.82 104.01 102.06 99.97 97.79 95.68 93.68 91.82 90.12 88.59 87.27 86.17 85.31 84.74 84.62 85.17 86.37 88.20 90.59 93.50 96.94 100.94 105.45 110.40 115.70 121.27
160.12 156.01 151.86 147.70 143.54 139.40 135.28 131.22 127.21 123.29 119.45 115.73 112.18 108.83 105.68 102.77 100.18 97.99 96.21 94.81 93.78 93.12 92.79 92.80 93.13 93.75 94.67 95.89 97.38 99.06 100.89 102.80 104.73 106.63 108.42 110.06 111.48 112.63 113.49 114.02 114.19 113.98 113.46 112.70 111.72 110.52 109.12 107.54 105.79 103.89 101.83 99.65 97.40 95.20 93.10 91.14 89.33 87.69 86.25 85.03 84.04 83.32 82.89 82.94 83.65 85.03 87.03 89.65 92.94 96.84 101.29 106.18 111.46 117.03
158.89 154.86 150.80 146.72 142.64 138.59 134.56 130.59 126.68 122.84 119.10 115.47 111.96 108.64 105.55 102.79 100.43 98.47 96.90 95.71 94.87 94.39 94.23 94.40 94.87 95.63 96.67 97.99 99.54 101.28 103.13 105.04 106.95 108.80 110.52 112.06 113.36 114.35 114.99 115.26 115.15 114.73 114.07 113.17 112.06 110.74 109.23 107.54 105.69 103.69 101.55 99.29 96.96 94.69 92.51 90.46 88.56 86.82 85.27 83.94 82.84 81.99 81.42 81.17 81.39 82.30 83.92 86.31 89.43 93.18 97.50 102.30 107.49 113.00
157.64 153.70 149.73 145.74 141.76 137.79 133.86 129.98 126.17 122.43 118.79 115.25 111.84 108.59 105.63 103.08 100.93 99.17 97.79 96.77 96.11 95.77 95.76 96.05 96.64 97.50 98.63 100.02 101.62 103.38 105.23 107.12 108.98 110.75 112.37 113.78 114.93 115.75 116.17 116.19 115.89 115.32 114.53 113.50 112.27 110.84 109.23 107.44 105.51 103.43 101.22 98.89 96.50 94.16 91.92 89.79 87.81 85.98 84.34 82.91 81.70 80.74 80.06 79.67 79.61 80.09 81.41 83.55 86.43 89.99 94.12 98.76 103.82 109.22
156.36 152.52 148.64 144.74 140.86 136.99 133.16 129.38 125.67 122.03 118.49 115.06 111.77 108.71 105.98 103.62 101.66 100.08 98.86 97.99 97.46 97.25 97.35 97.74 98.41 99.35 100.55 101.98 103.60 105.35 107.17 109.00 110.78 112.44 113.94 115.20 116.17 116.78 117.00 116.87 116.44 115.75 114.83 113.70 112.36 110.83 109.13 107.26 105.25 103.10 100.83 98.45 96.02 93.62 91.32 89.13 87.08 85.18 83.46 81.93 80.63 79.58 78.79 78.29 78.15 78.52 79.54 81.38 83.99 87.28 91.18 95.61 100.48 105.71
155.04 151.29 147.51 143.72 139.94 136.17 132.45 128.77 125.16 121.64 118.21 114.90 111.81 109.03 106.56 104.41 102.60 101.16 100.08 99.33 98.90 98.79 98.98 99.44 100.17 101.16 102.39 103.83 105.44 107.16 108.92 110.67 112.34 113.87 115.21 116.29 117.05 117.45 117.53 117.32 116.81 116.02 114.99 113.76 112.32 110.71 108.93 106.99 104.91 102.71 100.39 97.98 95.50 93.07 90.73 88.49 86.37 84.41 82.62 81.02 79.64 78.50 77.62 77.08 77.00 77.42 78.32 79.84 82.11 85.09 88.70 92.86 97.49 102.50
153.65 150.01 146.33 142.65 138.97 135.32 131.70 128.14 124.64 121.23 117.92 114.82 112.02 109.51 107.30 105.37 103.73 102.41 101.43 100.77 100.43 100.38 100.62 101.13 101.89 102.90 104.13 105.57 107.14 108.79 110.46 112.10 113.63 115.00 116.15 117.02 117.57 117.82 117.81 117.52 116.96 116.12 115.01 113.69 112.17 110.48 108.64 106.64 104.51 102.27 99.91 97.47 94.97 92.51 90.13 87.86 85.70 83.68 81.84 80.18 78.73 77.51 76.61 76.15 76.17 76.64 77.55 78.91 80.83 83.44 86.71 90.54 94.87 99.60
152.19 148.66 145.09 141.52 137.95 134.41 130.91 127.46 124.08 120.80 117.70 114.89 112.37 110.13 108.15 106.44 104.99 103.79 102.88 102.29 102.00 101.99 102.26 102.78 103.55 104.55 105.76 107.15 108.66 110.22 111.77 113.27 114.64 115.82 116.76 117.41 117.79 117.93 117.83 117.48 116.88 116.01 114.87 113.49 111.90 110.15 108.25 106.21 104.04 101.77 99.39 96.93 94.42 91.95 89.55 87.24 85.05 83.00 81.11 79.40 77.90 76.68 75.89 75.54 75.63 76.15 77.08 78.41 80.13 82.36 85.22 88.68 92.66 97.06
150.63 147.21 143.76 140.30 136.86 133.44 130.05 126.73 123.48 120.41 117.62 115.09 112.83 110.83 109.08 107.57 106.29 105.24 104.42 103.87 103.60 103.61 103.87 104.38 105.13 106.09 107.25 108.57 109.98 111.42 112.83 114.16 115.33 116.30 117.01 117.49 117.75 117.79 117.61 117.20 116.55 115.67 114.53 113.14 111.52 109.73 107.78 105.71 103.51 101.22 98.83 96.37 93.86 91.38 88.97 86.65 84.44 82.36 80.44 78.70 77.21 76.13 75.47 75.23 75.40 75.96 76.89 78.19 79.83 81.83 84.27 87.30 90.87 94.89
148.96 145.66 142.33 139.00 135.67 132.38 129.12 125.93 122.91 120.14 117.63 115.37 113.36 111.59 110.04 108.72 107.61 106.70 105.99 105.48 105.21 105.20 105.43 105.90 106.59 107.49 108.57 109.79 111.08 112.37 113.61 114.74 115.69 116.43 116.96 117.30 117.45 117.40 117.14 116.68 116.00 115.10 113.97 112.61 111.01 109.20 107.23 105.13 102.92 100.62 98.23 95.78 93.28 90.82 88.41 86.09 83.87 81.78 79.84 78.13 76.80 75.88 75.36 75.22 75.45 76.04 76.97 78.23 79.80 81.68 83.85 86.43 89.53 93.11
147.16 143.99 140.79 137.58 134.38 131.22 128.10 125.14 122.42 119.94 117.71 115.71 113.93 112.37 111.01 109.85 108.89 108.11 107.50 107.06 106.80 106.74 106.92 107.32 107.93 108.73 109.71 110.80 111.94 113.05 114.09 115.00 115.72 116.26 116.64 116.85 116.89 116.75 116.43 115.92 115.21 114.30 113.19 111.87 110.32 108.56 106.59 104.48 102.27 99.97 97.60 95.17 92.70 90.25 87.86 85.55 83.34 81.25 79.36 77.84 76.70 75.94 75.54 75.49 75.78 76.39 77.31 78.52 80.02 81.78 83.79 86.06 88.68 91.76
145.23 142.18 139.11 136.03 132.97 129.95 127.07 124.41 121.99 119.80 117.82 116.05 114.49 113.12 111.94 110.93 110.10 109.43 108.91 108.54 108.31 108.22 108.32 108.62 109.12 109.80 110.64 111.58 112.53 113.44 114.26 114.92 115.43 115.81 116.05 116.14 116.08 115.86 115.47 114.92 114.20 113.29 112.20 110.91 109.43 107.74 105.85 103.77 101.57 99.29 96.94 94.54 92.11 89.70 87.34 85.05 82.85 80.84 79.16 77.85 76.90 76.29 76.00 76.04 76.38 77.00 77.90 79.06 80.46 82.10 83.96 86.02 88.29 90.86
143.13 140.22 137.28 134.35 131.43 128.65 126.08 123.73 121.59 119.66 117.92 116.38 115.01 113.82 112.79 111.92 111.20 110.63 110.18 109.86 109.66 109.57 109.59 109.77 110.13 110.66 111.34 112.09 112.84 113.52 114.08 114.53 114.87 115.09 115.19 115.17 115.01 114.72 114.28 113.69 112.95 112.05 110.99 109.75 108.33 106.73 104.95 102.96 100.81 98.56 96.25 93.90 91.52 89.15 86.83 84.58 82.48 80.70 79.26 78.16 77.38 76.92 76.74 76.85 77.23 77.85 78.72 79.82 81.13 82.64 84.33 86.20 88.22 90.40
140.86 138.09 135.29 132.51 129.84 127.37 125.11 123.04 121.17 119.49 117.98 116.63 115.45 114.42 113.54 112.79 112.16 111.66 111.27 110.99 110.80 110.70 110.68 110.75 110.95 111.30 111.78 112.32 112.83 113.26 113.60 113.86 114.03 114.10 114.07 113.94 113.70 113.33 112.85 112.24 111.49 110.60 109.57 108.38 107.04 105.53 103.86 102.01 99.98 97.80 95.54 93.25 90.93 88.62 86.36 84.22 82.38 80.86 79.66 78.76 78.15 77.82 77.74 77.91 78.32 78.95 79.78 80.81 82.01 83.38 84.90 86.56 88.34 90.23
138.39 135.77 133.13 130.60 128.24 126.09 124.12 122.33 120.71 119.25 117.95 116.79 115.78 114.89 114.13 113.48 112.94 112.50 112.15 111.89 111.70 111.57 111.51 111.50 111.54 111.69 111.95 112.25 112.51 112.70 112.84 112.91 112.91 112.84 112.69 112.46 112.13 111.71 111.18 110.55 109.80 108.93 107.94 106.81 105.55 104.14 102.59 100.88 99.01 96.98 94.81 92.58 90.34 88.11 85.98 84.12 82.57 81.32 80.34 79.64 79.19 78.98 78.99 79.22 79.65 80.27 81.06 82.00 83.09 84.31 85.65 87.09 88.63 90.24
135.72 133.26 130.88 128.66 126.63 124.77 123.08 121.54 120.16 118.91 117.80 116.82 115.95 115.20 114.54 113.98 113.50 113.11 112.78 112.52 112.31 112.14 112.02 111.92 111.85 111.80 111.83 111.86 111.87 111.85 111.78 111.68 111.53 111.32 111.06 110.72 110.32 109.84 109.28 108.63 107.89 107.05 106.10 105.04 103.86 102.56 101.14 99.58 97.88 96.03 94.03 91.92 89.76 87.69 85.87 84.33 83.06 82.06 81.31 80.78 80.48 80.39 80.49 80.77 81.21 81.81 82.54 83.40 84.37 85.43 86.58 87.80 89.07 90.39
132.85 130.63 128.57 126.68 124.96 123.38 121.95 120.65 119.49 118.44 117.51 116.68 115.95 115.30 114.74 114.25 113.82 113.46 113.14 112.86 112.61 112.40 112.19 112.00 111.81 111.61 111.41 111.19 110.96 110.73 110.47 110.20 109.89 109.56 109.18 108.76 108.28 107.75 107.16 106.50 105.77 104.96 104.06 103.07 101.99 100.80 99.50 98.10 96.57 94.91 93.13 91.21 89.26 87.51 86.03 84.81 83.82 83.06 82.52 82.17 82.01 82.03 82.20 82.52 82.97 83.54 84.21 84.97 85.81 86.71 87.66 88.64 89.65 90.67
129.96 127.88 126.15 124.59 123.17 121.88 120.71 119.66 118.71 117.87 117.12 116.45 115.85 115.33 114.86 114.45 114.07 113.74 113.43 113.14 112.87 112.60 112.32 112.04 111.73 111.40 111.04 110.62 110.15 109.68 109.22 108.76 108.29 107.81 107.31 106.78 106.23 105.63 105.00 104.31 103.58 102.78 101.92 100.99 99.98 98.89 97.71 96.44 95.07 93.60 92.02 90.36 88.78 87.41 86.27 85.34 84.63 84.11 83.76 83.59 83.56 83.68 83.91 84.26 84.71 85.24 85.84 86.50 87.20 87.93 88.67 89.41 90.15 90.85
127.20 125.13 123.56 122.33 121.24 120.25 119.37 118.59 117.89 117.27 116.72 116.23 115.79 115.40 115.06 114.74 114.44 114.16 113.89 113.61 113.33 113.03 112.70 112.34 111.94 111.49 111.02 110.46 109.78 109.06 108.37 107.69 107.02 106.36 105.70 105.04 104.37 103.68 102.96 102.22 101.45 100.64 99.79 98.88 97.92 96.89 95.80 94.64 93.40 92.07 90.70 89.37 88.16 87.17 86.37 85.74 85.29 84.99 84.84 84.83 84.93 85.13 85.43 85.80 86.24 86.72 87.25 87.79 88.34 88.89 89.42 89.91 90.36 90.75
124.60 122.52 120.98 119.93 119.17 118.52 117.95 117.45 117.02 116.64 116.31 116.03 115.78 115.55 115.34 115.14 114.94 114.74 114.52 114.28 114.01 113.70 113.35 112.93 112.44 111.90 111.32 110.65 109.84 108.91 107.95 107.02 106.12 105.25 104.40 103.57 102.75 101.93 101.11 100.28 99.44 98.58 97.70 96.78 95.84 94.84 93.81 92.72 91.57 90.39 89.28 88.27 87.41 86.77 86.31 85.99 85.79 85.71 85.75 85.88 86.10 86.39 86.74 87.13 87.54 87.98 88.41 88.84 89.23 89.59 89.90 90.13 90.29 90.36
122.12 120.05 118.54 117.56 117.00 116.68 116.44 116.25 116.11 116.00 115.92 115.86 115.81 115.77 115.73 115.67 115.59 115.49 115.35 115.16 114.93 114.63 114.26 113.79 113.21 112.58 111.91 111.15 110.24 109.18 108.00 106.79 105.63 104.52 103.45 102.41 101.41 100.43 99.46 98.52 97.57 96.63 95.69 94.74 93.77 92.78 91.76 90.71 89.66 88.68 87.81 87.08 86.53 86.22 86.09 86.08 86.14 86.27 86.49 86.77 87.09 87.46 87.85 88.24 88.63 89.00 89.34 89.64 89.87 90.03 90.11 90.08 89.94 89.68
119.77 117.71 116.24 115.32 114.86 114.76 114.86 115.00 115.17 115.35 115.54 115.73 115.91 116.08 116.22 116.32 116.39 116.41 116.37 116.26 116.09 115.82 115.41 114.86 114.22 113.51 112.76 111.91 110.91 109.77 108.47 107.03 105.58 104.19 102.87 101.60 100.38 99.20 98.07 96.96 95.89 94.83 93.80 92.77 91.75 90.72 89.69 88.68 87.76 86.96 86.31 85.83 85.56 85.53 85.69 85.97 86.32 86.67 87.06 87.47 87.90 88.33 88.75 89.15 89.50 89.81 90.04 90.20 90.26 90.22 90.05 89.75 89.32 88.87
117.52 115.49 114.07 113.22 112.85 112.89 113.23 113.71 114.22 114.71 115.20 115.66 116.09 116.48 116.83 117.12 117.35 117.51 117.60 117.59 117.48 117.20 116.74 116.13 115.43 114.65 113.83 112.91 111.83 110.61 109.23 107.69 106.00 104.31 102.70 101.16 99.70 98.29 96.95 95.66 94.42 93.22 92.05 90.92 89.81 88.72 87.68 86.73 85.92 85.26 84.79 84.53 84.49 84.71 85.13 85.68 86.29 86.90 87.47 88.01 88.53 89.02 89.47 89.85 90.16 90.39 90.52 90.53 90.41 90.15 89.74 89.17 88.56 88.07
115.38 113.37 112.01 111.24 110.99 111.15 111.66 112.40 113.25 114.08 114.88 115.64 116.34 116.98 117.56 118.06 118.48 118.81 119.04 119.14 119.04 118.72 118.22 117.57 116.81 115.97 115.10 114.11 112.97 111.68 110.23 108.62 106.83 104.91 102.98 101.14 99.39 97.73 96.15 94.64 93.20 91.82 90.49 89.22 88.00 86.83 85.78 84.88 84.15 83.61 83.28 83.19 83.36 83.79 84.43 85.21 86.06 86.91 87.69 88.37 88.98 89.52 89.99 90.35 90.62 90.76 90.76 90.62 90.32 89.84 89.18 88.45 87.82 87.32
113.32 111.36 110.07 109.39 109.25 109.56 110.22 111.17 112.30 113.48 114.61 115.68 116.68 117.60 118.43 119.16 119.79 120.31 120.68 120.82 120.70 120.35 119.82 119.13 118.33 117.45 116.53 115.49 114.30 112.96 111.45 109.77 107.93 105.90 103.73 101.57 99.51 97.55 95.70 93.93 92.26 90.67 89.15 87.71 86.35 85.12 84.05 83.15 82.47 82.00 81.78 81.83 82.17 82.78 83.61 84.58 85.63 86.68 87.68 88.55 89.26 89.85 90.32 90.66 90.86 90.91 90.79 90.48 89.99 89.29 88.49 87.75 87.11 86.61
111.34 109.43 108.22 107.64 107.63 108.08 108.93 110.07 111.43 112.91 114.39 115.80 117.12 118.33 119.44 120.43 121.29 121.99 122.42 122.56 122.42 122.06 121.50 120.79 119.96 119.05 118.09 117.01 115.78 114.39 112.84 111.12 109.22 107.14 104.88 102.47 100.07 97.79 95.63 93.58 91.64 89.81 88.07 86.43 84.94 83.62 82.49 81.57 80.89 80.47 80.32 80.48 80.95 81.71 82.68 83.81 85.02 86.25 87.42 88.47 89.34 89.99 90.46 90.77 90.91 90.85 90.59 90.12 89.43 88.61 87.81 87.08 86.45 85.94
109.43 107.58 106.45 105.99 106.11 106.72 107.75 109.10 110.69 112.44 114.24 116.00 117.66 119.19 120.60 121.86 122.95 123.74 124.18 124.32 124.18 123.81 123.25 122.52 121.68 120.75 119.76 118.65 117.39 115.97 114.38 112.62 110.68 108.56 106.26 103.76 101.11 98.48 95.98 93.62 91.38 89.26 87.28 85.45 83.80 82.35 81.12 80.15 79.44 79.02 78.91 79.14 79.71 80.57 81.66 82.91 84.25 85.62 86.93 88.13 89.15 89.93 90.42 90.69 90.75 90.59 90.19 89.54 88.75 87.94 87.16 86.44 85.81 85.30
107.57 105.80 104.76 104.42 104.68 105.47 106.69 108.26 110.09 112.10 114.20 116.30 118.32 120.19 121.92 123.45 124.64 125.46 125.92 126.07 125.95 125.58 125.02 124.29 123.44 122.50 121.50 120.37 119.09 117.65 116.04 114.25 112.28 110.13 107.80 105.27 102.54 99.65 96.79 94.07 91.50 89.08 86.83 84.78 82.93 81.32 79.97 78.90 78.13 77.68 77.57 77.84 78.47 79.40 80.58 81.91 83.34 84.81 86.23 87.54 88.68 89.58 90.17 90.42 90.40 90.12 89.57 88.85 88.07 87.29 86.53 85.82 85.20 84.69
105.76 104.06 103.13 102.92 103.34 104.31 105.73 107.53 109.61 111.90 114.30 116.73 119.10 121.34 123.37 125.03 126.27 127.12 127.61 127.79 127.68 127.34 126.79 126.07 125.22 124.28 123.27 122.15 120.86 119.40 117.78 115.97 113.99 111.82 109.46 106.91 104.15 101.20 98.07 94.98 92.05 89.31 86.76 84.44 82.37 80.56 79.05 77.84 76.97 76.46 76.32 76.58 77.24 78.21 79.43 80.82 82.31 83.83 85.33 86.72 87.95 88.93 89.62 89.93 89.85 89.45 88.85 88.15 87.41 86.66 85.92 85.23 84.62 84.11
103.98 102.37 101.56 101.49 102.07 103.23 104.86 106.90 109.24 111.82 114.53 117.29 120.03 122.60 124.78 126.50 127.79 128.68 129.22 129.43 129.36 129.04 128.52 127.82 126.99 126.06 125.06 123.94 122.66 121.20 119.57 117.77 115.78 113.60 111.23 108.66 105.89 102.92 99.73 96.37 93.06 89.95 87.07 84.46 82.12 80.08 78.37 77.00 75.99 75.38 75.17 75.40 76.05 77.02 78.25 79.65 81.16 82.72 84.25 85.68 86.96 88.00 88.75 89.13 89.08 88.68 88.11 87.46 86.76 86.04 85.33 84.66 84.06 83.56
