data_processed/recharge/precip/Precip_2000_02.asc
ncols        168
nrows        136
xllcorner    455000
yllcorner    2107000
cellsize     500
NODATA_value     -99999
[rows 37 to 73 of 136, columns 84 to 167 of 168]
0.00 0.00 0.00 0.00 0.00 0.00 0.00 0.00 0.00 0.00 0.00 0.00 0.00 0.00 0.00 0.00 0.00 0.00 0.00 0.00 0.00 0.00 0.00 0.00 0.00 0.00 0.00 0.00 0.00 0.00 0.00 0.00 0.00 0.00 0.00 0.00 0.00 0.00 0.00 0.00 0.00 0.00 0.00 0.00 0.00 0.00 0.00 0.00 0.00 0.00 0.00 0.00 0.09 0.18 0.28 0.38 0.50 0.61 0.73 0.86 0.99 1.12 1.26 1.40 1.54 1.67 1.81 1.95 2.09 2.23 2.37 2.50 2.63 2.75 2.86 2.97 3.08 3.18 3.27 3.36 3.45 3.53 3.60 3.67
0.00 0.00 0.00 0.00 0.00 0.00 0.00 0.00 0.00 0.00 0.00 0.00 0.00 0.00 0.00 0.00 0.00 0.00 0.00 0.00 0.00 0.00 0.00 0.00 0.00 0.00 0.00 0.00 0.00 0.00 0.00 0.00 0.00 0.00 0.00 0.00 0.00 0.00 0.00 0.00 0.00 0.00 0.00 0.00 0.00 0.00 0.00 0.00 0.00 0.00 0.00 0.02 0.11 0.21 0.31 0.42 0.53 0.65 0.77 0.90 1.03 1.17 1.31 1.44 1.59 1.73 1.87 2.01 2.15 2.30 2.44 2.58 2.71 2.84 2.96 3.08 3.19 3.30 3.40 3.50 3.59 3.67 3.75 3.82
0.00 0.00 0.00 0.00 0.00 0.00 0.00 0.00 0.00 0.00 0.00 0.00 0.00 0.00 0.00 0.00 0.00 0.00 0.00 0.00 0.00 0.00 0.00 0.00 0.00 0.00 0.00 0.00 0.00 0.00 0.00 0.00 0.00 0.00 0.00 0.00 0.00 0.00 0.00 0.00 0.00 0.00 0.00 0.00 0.00 0.00 0.00 0.00 0.00 0.00 0.00 0.05 0.14 0.24 0.34 0.45 0.57 0.68 0.81 0.94 1.08 1.21 1.36 1.50 1.64 1.78 1.93 2.07 2.22 2.37 2.51 2.66 2.80 2.93 3.06 3.19 3.31 3.42 3.53 3.63 3.73 3.82 3.91 3.99
0.00 0.00 0.00 0.00 0.00 0.00 0.00 0.00 0.00 0.00 0.00 0.00 0.00 0.00 0.00 0.00 0.00 0.00 0.00 0.00 0.00 0.00 0.00 0.00 0.00 0.00 0.00 0.00 0.00 0.00 0.00 0.00 0.00 0.00 0.00 0.00 0.00 0.00 0.00 0.00 0.00 0.00 0.00 0.00 0.00 0.00 0.00 0.00 0.00 0.00 0.00 0.08 0.18 0.27 0.38 0.49 0.61 0.73 0.85 0.99 1.13 1.27 1.41 1.55 1.70 1.85 1.99 2.14 2.29 2.44 2.59 2.74 2.88 3.03 3.17 3.30 3.42 3.55 3.66 3.77 3.88 3.98 4.07 4.16
0.00 0.00 0.00 0.00 0.00 0.00 0.00 0.00 0.00 0.00 0.00 0.00 0.00 0.00 0.00 0.00 0.00 0.00 0.00 0.00 0.00 0.00 0.00 0.00 0.00 0.00 0.00 0.00 0.00 0.00 0.00 0.00 0.00 0.00 0.00 0.00 0.00 0.00 0.00 0.00 0.00 0.00 0.00 0.00 0.00 0.00 0.00 0.00 0.00 0.00 0.02 0.11 0.21 0.31 0.42 0.53 0.65 0.77 0.90 1.04 1.18 1.32 1.47 1.61 1.76 1.91 2.06 2.21 2.37 2.52 2.67 2.82 2.97 3.12 3.27 3.41 3.54 3.67 3.80 3.91 4.03 4.13 4.23 4.33
0.00 0.00 0.00 0.00 0.00 0.00 0.00 0.00 0.00 0.00 0.00 0.00 0.00 0.00 0.00 0.00 0.00 0.00 0.00 0.00 0.00 0.00 0.00 0.00 0.00 0.00 0.00 0.00 0.00 0.00 0.00 0.00 0.00 0.00 0.00 0.00 0.00 0.00 0.00 0.00 0.00 0.00 0.00 0.00 0.00 0.00 0.00 0.00 0.00 0.00 0.06 0.15 0.25 0.35 0.46 0.58 0.70 0.83 0.96 1.09 1.24 1.38 1.53 1.68 1.83 1.98 2.14 2.29 2.45 2.60 2.76 2.91 3.07 3.22 3.37 3.52 3.66 3.80 3.93 4.06 4.18 4.29 4.40 4.50
0.00 0.00 0.00 0.00 0.00 0.00 0.00 0.00 0.00 0.00 0.00 0.00 0.00 0.00 0.00 0.00 0.00 0.00 0.00 0.00 0.00 0.00 0.00 0.00 0.00 0.00 0.00 0.00 0.00 0.00 0.00 0.00 0.00 0.00 0.00 0.00 0.00 0.00 0.00 0.00 0.00 0.00 0.00 0.00 0.00 0.00 0.00 0.00 0.00 0.01 0.10 0.19 0.29 0.40 0.51 0.63 0.75 0.88 1.01 1.15 1.30 1.45 1.60 1.75 1.90 2.06 2.22 2.37 2.53 2.69 2.85 3.01 3.16 3.32 3.48 3.64 3.79 3.93 4.07 4.20 4.33 4.45 4.57 4.68
0.00 0.00 0.00 0.00 0.00 0.00 0.00 0.00 0.00 0.00 0.00 0.00 0.00 0.00 0.00 0.00 0.00 0.00 0.00 0.00 0.00 0.00 0.00 0.00 0.00 0.00 0.00 0.00 0.00 0.00 0.00 0.00 0.00 0.00 0.00 0.00 0.00 0.00 0.00 0.00 0.00 0.00 0.00 0.00 0.00 0.00 0.00 0.00 0.00 0.05 0.14 0.24 0.34 0.45 0.56 0.68 0.81 0.94 1.07 1.22 1.36 1.52 1.67 1.82 1.98 2.14 2.30 2.46 2.62 2.78 2.94 3.11 3.27 3.43 3.59 3.75 3.91 4.06 4.21 4.35 4.49 4.62 4.74 4.86
0.01 0.00 0.00 0.00 0.00 0.00 0.00 0.00 0.00 0.00 0.00 0.00 0.00 0.00 0.00 0.00 0.00 0.00 0.00 0.00 0.00 0.00 0.00 0.00 0.00 0.00 0.00 0.00 0.00 0.00 0.00 0.00 0.00 0.00 0.00 0.00 0.00 0.00 0.00 0.00 0.00 0.00 0.00 0.00 0.00 0.00 0.00 0.00 0.00 0.09 0.18 0.28 0.39 0.50 0.61 0.74 0.86 1.00 1.14 1.28 1.43 1.59 1.74 1.90 2.06 2.22 2.38 2.55 2.71 2.88 3.04 3.21 3.38 3.54 3.71 3.87 4.03 4.20 4.35 4.50 4.65 4.78 4.92 5.04
0.02 0.00 0.00 0.00 0.00 0.00 0.00 0.00 0.00 0.00 0.00 0.00 0.00 0.00 0.00 0.00 0.00 0.00 0.00 0.00 0.00 0.00 0.00 0.00 0.00 0.00 0.00 0.00 0.00 0.00 0.00 0.00 0.00 0.00 0.00 0.00 0.00 0.00 0.00 0.00 0.00 0.00 0.00 0.00 0.00 0.00 0.00 0.00 0.04 0.13 0.23 0.33 0.44 0.55 0.67 0.79 0.92 1.06 1.20 1.35 1.50 1.66 1.82 1.98 2.14 2.31 2.47 2.64 2.81 2.98 3.15 3.32 3.49 3.66 3.83 3.99 4.16 4.33 4.49 4.65 4.80 4.95 5.09 5.23
0.03 0.00 0.00 0.00 0.00 0.00 0.00 0.00 0.00 0.00 0.00 0.00 0.00 0.00 0.00 0.00 0.00 0.00 0.00 0.00 0.00 0.00 0.00 0.00 0.00 0.00 0.00 0.00 0.00 0.00 0.00 0.00 0.00 0.00 0.00 0.00 0.00 0.00 0.00 0.00 0.00 0.00 0.00 0.00 0.00 0.00 0.00 0.00 0.08 0.18 0.28 0.38 0.49 0.61 0.73 0.86 0.99 1.13 1.27 1.42 1.58 1.74 1.90 2.07 2.23 2.40 2.57 2.74 2.91 3.08 3.26 3.43 3.60 3.78 3.95 4.12 4.29 4.47 4.63 4.80 4.96 5.12 5.27 5.41
0.03 0.00 0.00 0.00 0.00 0.00 0.00 0.00 0.00 0.00 0.00 0.00 0.00 0.00 0.00 0.00 0.00 0.00 0.00 0.00 0.00 0.00 0.00 0.00 0.00 0.00 0.00 0.00 0.00 0.00 0.00 0.00 0.00 0.00 0.00 0.00 0.00 0.00 0.00 0.00 0.00 0.00 0.00 0.00 0.00 0.00 0.00 0.03 0.13 0.22 0.33 0.43 0.55 0.66 0.79 0.92 1.05 1.20 1.34 1.50 1.66 1.82 1.99 2.15 2.32 2.49 2.67 2.84 3.02 3.19 3.37 3.55 3.72 3.90 4.08 4.26 4.43 4.61 4.78 4.95 5.12 5.29 5.45 5.60
0.04 0.00 0.00 0.00 0.00 0.00 0.00 0.00 0.00 0.00 0.00 0.00 0.00 0.00 0.00 0.00 0.00 0.00 0.00 0.00 0.00 0.00 0.00 0.00 0.00 0.00 0.00 0.00 0.00 0.00 0.00 0.00 0.00 0.00 0.00 0.00 0.00 0.00 0.00 0.00 0.00 0.00 0.00 0.00 0.00 0.00 0.00 0.08 0.17 0.27 0.38 0.49 0.60 0.72 0.85 0.98 1.12 1.27 1.42 1.58 1.74 1.90 2.07 2.24 2.42 2.59 2.77 2.95 3.13 3.30 3.49 3.67 3.85 4.03 4.21 4.39 4.57 4.75 4.93 5.11 5.28 5.46 5.63 5.79
0.05 0.00 0.00 0.00 0.00 0.00 0.00 0.00 0.00 0.00 0.00 0.00 0.00 0.00 0.00 0.00 0.00 0.00 0.00 0.00 0.00 0.00 0.00 0.00 0.00 0.00 0.00 0.00 0.00 0.00 0.00 0.00 0.00 0.00 0.00 0.00 0.00 0.00 0.00 0.00 0.00 0.00 0.00 0.00 0.00 0.00 0.03 0.12 0.22 0.32 0.43 0.54 0.66 0.79 0.92 1.05 1.19 1.34 1.50 1.66 1.82 1.99 2.16 2.34 2.51 2.69 2.87 3.05 3.24 3.42 3.61 3.79 3.98 4.16 4.35 4.53 4.72 4.90 5.09 5.27 5.45 5.63 5.80 5.98
0.06 0.01 0.00 0.00 0.00 0.00 0.00 0.00 0.00 0.00 0.00 0.00 0.00 0.00 0.00 0.00 0.00 0.00 0.00 0.00 0.00 0.00 0.00 0.00 0.00 0.00 0.00 0.00 0.00 0.00 0.00 0.00 0.00 0.00 0.00 0.00 0.00 0.00 0.00 0.00 0.00 0.00 0.00 0.00 0.00 0.00 0.08 0.17 0.27 0.38 0.49 0.60 0.72 0.85 0.98 1.12 1.27 1.42 1.58 1.74 1.91 2.08 2.26 2.43 2.61 2.80 2.98 3.17 3.35 3.54 3.73 3.92 4.11 4.30 4.49 4.68 4.87 5.06 5.25 5.43 5.62 5.80 5.99 6.16
0.07 0.02 0.00 0.00 0.00 0.00 0.00 0.00 0.00 0.00 0.00 0.00 0.00 0.00 0.00 0.00 0.00 0.00 0.00 0.00 0.00 0.00 0.00 0.00 0.00 0.00 0.00 0.00 0.00 0.00 0.00 0.00 0.00 0.00 0.00 0.00 0.00 0.00 0.00 0.00 0.00 0.00 0.00 0.00 0.00 0.03 0.12 0.22 0.32 0.43 0.54 0.66 0.79 0.92 1.05 1.19 1.34 1.50 1.66 1.82 2.00 2.17 2.35 2.53 2.72 2.90 3.09 3.28 3.47 3.66 3.86 4.05 4.24 4.44 4.63 4.83 5.02 5.22 5.41 5.60 5.79 5.98 6.17 6.35
0.08 0.03 0.00 0.00 0.00 0.00 0.00 0.00 0.00 0.00 0.00 0.00 0.00 0.00 0.00 0.00 0.00 0.00 0.00 0.00 0.00 0.00 0.00 0.00 0.00 0.00 0.00 0.00 0.00 0.00 0.00 0.00 0.00 0.00 0.00 0.00 0.00 0.00 0.00 0.00 0.00 0.00 0.00 0.00 0.00 0.07 0.17 0.27 0.37 0.48 0.60 0.72 0.85 0.98 1.12 1.27 1.42 1.58 1.74 1.91 2.09 2.27 2.45 2.64 2.82 3.01 3.20 3.40 3.59 3.79 3.99 4.18 4.38 4.58 4.78 4.98 5.18 5.38 5.58 5.77 5.97 6.16 6.36 6.55
0.09 0.04 0.00 0.00 0.00 0.00 0.00 0.00 0.00 0.00 0.00 0.00 0.00 0.00 0.00 0.00 0.00 0.00 0.00 0.00 0.00 0.00 0.00 0.00 0.00 0.00 0.00 0.00 0.00 0.00 0.00 0.00 0.00 0.00 0.00 0.00 0.00 0.00 0.00 0.00 0.00 0.00 0.00 0.00 0.02 0.12 0.21 0.32 0.42 0.54 0.66 0.78 0.91 1.05 1.19 1.34 1.50 1.66 1.83 2.00 2.18 2.36 2.55 2.74 2.93 3.13 3.32 3.52 3.72 3.92 4.12 4.32 4.53 4.73 4.93 5.14 5.34 5.55 5.75 5.95 6.15 6.35 6.55 6.75
0.10 0.05 0.00 0.00 0.00 0.00 0.00 0.00 0.00 0.00 0.00 0.00 0.00 0.00 0.00 0.00 0.00 0.00 0.00 0.00 0.00 0.00 0.00 0.00 0.00 0.00 0.00 0.00 0.00 0.00 0.00 0.00 0.00 0.00 0.00 0.00 0.00 0.00 0.00 0.00 0.00 0.00 0.00 0.00 0.06 0.16 0.26 0.37 0.48 0.59 0.72 0.85 0.98 1.12 1.27 1.42 1.58 1.74 1.91 2.09 2.28 2.46 2.65 2.85 3.04 3.24 3.44 3.64 3.84 4.05 4.26 4.46 4.67 4.88 5.09 5.30 5.51 5.72 5.92 6.13 6.34 6.54 6.75 6.95
0.11 0.06 0.01 0.00 0.00 0.00 0.00 0.00 0.00 0.00 0.00 0.00 0.00 0.00 0.00 0.00 0.00 0.00 0.00 0.00 0.00 0.00 0.00 0.00 0.00 0.00 0.00 0.00 0.00 0.00 0.00 0.00 0.00 0.00 0.00 0.00 0.00 0.00 0.00 0.00 0.00 0.00 0.00 0.01 0.10 0.20 0.31 0.42 0.53 0.65 0.78 0.91 1.05 1.19 1.34 1.50 1.66 1.83 2.00 2.18 2.37 2.56 2.76 2.95 3.15 3.36 3.56 3.77 3.97 4.18 4.39 4.61 4.82 5.03 5.25 5.46 5.67 5.89 6.10 6.31 6.53 6.74 6.95 7.15
0.12 0.07 0.02 0.00 0.00 0.00 0.00 0.00 0.00 0.00 0.00 0.00 0.00 0.00 0.00 0.00 0.00 0.00 0.00 0.00 0.00 0.00 0.00 0.00 0.00 0.00 0.00 0.00 0.00 0.00 0.00 0.00 0.00 0.00 0.00 0.00 0.00 0.00 0.00 0.00 0.00 0.00 0.00 0.05 0.14 0.25 0.35 0.47 0.59 0.71 0.84 0.97 1.12 1.26 1.42 1.58 1.74 1.92 2.09 2.28 2.47 2.67 2.86 3.06 3.27 3.47 3.68 3.89 4.11 4.32 4.54 4.75 4.97 5.19 5.41 5.63 5.85 6.06 6.28 6.50 6.72 6.93 7.15 7.36
0.13 0.08 0.03 0.00 0.00 0.00 0.00 0.00 0.00 0.00 0.00 0.00 0.00 0.00 0.00 0.00 0.00 0.00 0.00 0.00 0.00 0.00 0.00 0.00 0.00 0.00 0.00 0.00 0.00 0.00 0.00 0.00 0.00 0.00 0.00 0.00 0.00 0.00 0.00 0.00 0.00 0.00 0.00 0.09 0.19 0.29 0.40 0.52 0.64 0.77 0.90 1.04 1.19 1.34 1.49 1.66 1.83 2.00 2.19 2.37 2.57 2.77 2.97 3.18 3.38 3.60 3.81 4.02 4.24 4.46 4.68 4.90 5.12 5.35 5.57 5.80 6.02 6.24 6.47 6.69 6.91 7.14 7.36 7.58
0.15 0.09 0.04 0.00 0.00 0.00 0.00 0.00 0.00 0.00 0.00 0.00 0.00 0.00 0.00 0.00 0.00 0.00 0.00 0.00 0.00 0.00 0.00 0.00 0.00 0.00 0.00 0.00 0.00 0.00 0.00 0.00 0.00 0.00 0.00 0.00 0.00 0.00 0.00 0.00 0.00 0.00 0.02 0.12 0.23 0.33 0.45 0.57 0.69 0.83 0.96 1.11 1.25 1.41 1.57 1.74 1.91 2.09 2.28 2.47 2.67 2.87 3.08 3.29 3.50 3.72 3.94 4.16 4.38 4.60 4.83 5.05 5.28 5.51 5.74 5.97 6.20 6.43 6.66 6.89 7.11 7.34 7.57 7.79
0.16 0.11 0.05 0.00 0.00 0.00 0.00 0.00 0.00 0.00 0.00 0.00 0.00 0.00 0.00 0.00 0.00 0.00 0.00 0.00 0.00 0.00 0.00 0.00 0.00 0.00 0.00 0.00 0.00 0.00 0.00 0.00 0.00 0.00 0.00 0.00 0.00 0.00 0.00 0.00 0.00 0.00 0.06 0.16 0.27 0.38 0.50 0.62 0.75 0.88 1.02 1.17 1.32 1.48 1.65 1.82 2.00 2.18 2.37 2.57 2.77 2.98 3.19 3.40 3.62 3.84 4.06 4.29 4.52 4.74 4.97 5.21 5.44 5.67 5.91 6.14 6.38 6.61 6.85 7.08 7.32 7.55 7.78 8.01
0.17 0.12 0.06 0.01 0.00 0.00 0.00 0.00 0.00 0.00 0.00 0.00 0.00 0.00 0.00 0.00 0.00 0.00 0.00 0.00 0.00 0.00 0.00 0.00 0.00 0.00 0.00 0.00 0.00 0.00 0.00 0.00 0.00 0.00 0.00 0.00 0.00 0.00 0.00 0.00 0.00 0.00 0.09 0.19 0.31 0.42 0.54 0.67 0.80 0.94 1.09 1.24 1.39 1.56 1.73 1.90 2.08 2.27 2.47 2.67 2.87 3.09 3.30 3.52 3.74 3.97 4.19 4.42 4.66 4.89 5.12 5.36 5.60 5.84 6.08 6.32 6.56 6.80 7.04 7.28 7.52 7.76 8.00 8.24
0.18 0.13 0.08 0.02 0.00 0.00 0.00 0.00 0.00 0.00 0.00 0.00 0.00 0.00 0.00 0.00 0.00 0.00 0.00 0.00 0.00 0.00 0.00 0.00 0.00 0.00 0.00 0.00 0.00 0.00 0.00 0.00 0.00 0.00 0.00 0.00 0.00 0.00 0.00 0.00 0.00 0.02 0.12 0.23 0.34 0.46 0.59 0.72 0.86 1.00 1.15 1.30 1.46 1.63 1.80 1.98 2.17 2.36 2.56 2.77 2.98 3.19 3.41 3.64 3.86 4.09 4.33 4.56 4.80 5.04 5.28 5.52 5.76 6.01 6.25 6.50 6.74 6.99 7.24 7.48 7.73 7.97 8.22 8.46
0.19 0.14 0.09 0.04 0.00 0.00 0.00 0.00 0.00 0.00 0.00 0.00 0.00 0.00 0.00 0.00 0.00 0.00 0.00 0.00 0.00 0.00 0.00 0.00 0.00 0.00 0.00 0.00 0.00 0.00 0.00 0.00 0.00 0.00 0.00 0.00 0.00 0.00 0.00 0.00 0.00 0.04 0.15 0.26 0.38 0.50 0.63 0.77 0.91 1.06 1.21 1.37 1.53 1.70 1.88 2.06 2.25 2.45 2.66 2.87 3.08 3.30 3.53 3.76 3.99 4.22 4.46 4.70 4.94 5.18 5.43 5.68 5.93 6.18 6.43 6.68 6.93 7.18 7.44 7.69 7.94 8.19 8.44 8.69
0.20 0.15 0.10 0.05 0.00 0.00 0.00 0.00 0.00 0.00 0.00 0.00 0.00 0.00 0.00 0.00 0.00 0.00 0.00 0.00 0.00 0.00 0.00 0.00 0.00 0.00 0.00 0.00 0.00 0.00 0.00 0.00 0.00 0.00 0.00 0.00 0.00 0.00 0.00 0.00 0.00 0.07 0.18 0.30 0.42 0.55 0.68 0.82 0.96 1.11 1.27 1.43 1.60 1.78 1.96 2.15 2.34 2.54 2.75 2.97 3.19 3.41 3.64 3.87 4.11 4.35 4.59 4.84 5.08 5.33 5.58 5.84 6.09 6.35 6.60 6.86 7.12 7.38 7.64 7.89 8.15 8.41 8.67 8.92
0.21 0.16 0.11 0.06 0.01 0.00 0.00 0.00 0.00 0.00 0.00 0.00 0.00 0.00 0.00 0.00 0.00 0.00 0.00 0.00 0.00 0.00 0.00 0.00 0.00 0.00 0.00 0.00 0.00 0.00 0.00 0.00 0.00 0.00 0.00 0.00 0.00 0.00 0.00 0.00 0.00 0.09 0.21 0.33 0.45 0.58 0.72 0.86 1.01 1.17 1.33 1.50 1.67 1.85 2.04 2.23 2.43 2.63 2.85 3.07 3.29 3.52 3.76 3.99 4.24 4.48 4.73 4.98 5.23 5.48 5.74 6.00 6.26 6.52 6.78 7.05 7.31 7.57 7.84 8.10 8.37 8.63 8.90 9.16
0.23 0.18 0.13 0.07 0.02 0.00 0.00 0.00 0.00 0.00 0.00 0.00 0.00 0.00 0.00 0.00 0.00 0.00 0.00 0.00 0.00 0.00 0.00 0.00 0.00 0.00 0.00 0.00 0.00 0.00 0.00 0.00 0.00 0.00 0.00 0.00 0.00 0.00 0.00 0.00 0.00 0.11 0.23 0.36 0.49 0.62 0.76 0.91 1.06 1.22 1.39 1.56 1.74 1.92 2.11 2.31 2.51 2.72 2.94 3.17 3.40 3.63 3.87 4.11 4.36 4.61 4.86 5.12 5.38 5.64 5.90 6.16 6.43 6.69 6.96 7.23 7.50 7.77 8.04 8.31 8.59 8.86 9.13 9.39
0.24 0.19 0.14 0.09 0.04 0.00 0.00 0.00 0.00 0.00 0.00 0.00 0.00 0.00 0.00 0.00 0.00 0.00 0.00 0.00 0.00 0.00 0.00 0.00 0.00 0.00 0.00 0.00 0.00 0.00 0.00 0.00 0.00 0.00 0.00 0.00 0.00 0.00 0.00 0.00 0.02 0.13 0.26 0.38 0.52 0.66 0.80 0.96 1.11 1.28 1.45 1.62 1.81 1.99 2.19 2.39 2.60 2.82 3.04 3.27 3.50 3.74 3.99 4.23 4.49 4.74 5.00 5.26 5.52 5.79 6.06 6.33 6.60 6.87 7.14 7.42 7.70 7.97 8.25 8.53 8.80 9.08 9.35 9.61
0.25 0.20 0.15 0.10 0.05 0.00 0.00 0.00 0.00 0.00 0.00 0.00 0.00 0.00 0.00 0.00 0.00 0.00 0.00 0.00 0.00 0.00 0.00 0.00 0.00 0.00 0.00 0.00 0.00 0.00 0.00 0.00 0.00 0.00 0.00 0.00 0.00 0.00 0.00 0.00 0.03 0.15 0.28 0.41 0.55 0.69 0.84 1.00 1.16 1.33 1.50 1.68 1.87 2.06 2.26 2.47 2.68 2.91 3.13 3.37 3.61 3.85 4.10 4.35 4.61 4.87 5.13 5.40 5.67 5.94 6.21 6.49 6.77 7.05 7.33 7.61 7.89 8.17 8.46 8.74 9.03 9.30 9.57 9.81
0.26 0.21 0.17 0.12 0.06 0.01 0.00 0.00 0.00 0.00 0.00 0.00 0.00 0.00 0.00 0.00 0.00 0.00 0.00 0.00 0.00 0.00 0.00 0.00 0.00 0.00 0.00 0.00 0.00 0.00 0.00 0.00 0.00 0.00 0.00 0.00 0.00 0.00 0.00 0.00 0.04 0.17 0.30 0.43 0.58 0.73 0.88 1.04 1.21 1.38 1.56 1.74 1.94 2.13 2.34 2.55 2.77 2.99 3.23 3.47 3.71 3.96 4.22 4.47 4.74 5.00 5.27 5.54 5.82 6.09 6.37 6.66 6.94 7.22 7.51 7.80 8.09 8.38 8.67 8.96 9.24 9.51 9.76 9.99
0.27 0.23 0.18 0.13 0.08 0.03 0.00 0.00 0.00 0.00 0.00 0.00 0.00 0.00 0.00 0.00 0.00 0.00 0.00 0.00 0.00 0.00 0.00 0.00 0.00 0.00 0.00 0.00 0.00 0.00 0.00 0.00 0.00 0.00 0.00 0.00 0.00 0.00 0.00 0.00 0.05 0.18 0.32 0.46 0.60 0.76 0.92 1.08 1.25 1.43 1.61 1.80 2.00 2.20 2.41 2.63 2.85 3.08 3.32 3.56 3.82 4.07 4.33 4.59 4.86 5.13 5.41 5.69 5.97 6.25 6.53 6.82 7.11 7.40 7.70 7.99 8.29 8.58 8.88 9.17 9.45 9.70 9.94 10.16
0.28 0.24 0.19 0.14 0.09 0.04 0.00 0.00 0.00 0.00 0.00 0.00 0.00 0.00 0.00 0.00 0.00 0.00 0.00 0.00 0.00 0.00 0.00 0.00 0.00 0.00 0.00 0.00 0.00 0.00 0.00 0.00 0.00 0.00 0.00 0.00 0.00 0.00 0.00 0.00 0.06 0.19 0.33 0.48 0.63 0.79 0.95 1.12 1.30 1.48 1.67 1.86 2.06 2.27 2.49 2.71 2.94 3.17 3.41 3.66 3.92 4.18 4.45 4.71 4.99 5.26 5.54 5.83 6.11 6.40 6.69 6.99 7.28 7.58 7.88 8.18 8.48 8.79 9.08 9.37 9.63 9.88 10.10 10.31
0.29 0.25 0.20 0.16 0.11 0.06 0.01 0.00 0.00 0.00 0.00 0.00 0.00 0.00 0.00 0.00 0.00 0.00 0.00 0.00 0.00 0.00 0.00 0.00 0.00 0.00 0.00 0.00 0.00 0.00 0.00 0.00 0.00 0.00 0.00 0.00 0.00 0.00 0.00 0.00 0.08 0.21 0.34 0.49 0.65 0.81 0.98 1.16 1.34 1.52 1.72 1.92 2.12 2.34 2.56 2.78 3.02 3.26 3.50 3.76 4.02 4.29 4.56 4.83 5.11 5.40 5.68 5.97 6.26 6.56 6.86 7.16 7.46 7.76 8.07 8.37 8.68 8.99 9.28 9.55 9.80 10.03 10.25 10.44
0.30 0.26 0.22 0.17 0.12 0.07 0.02 0.00 0.00 0.00 0.00 0.00 0.00 0.00 0.00 0.00 0.00 0.00 0.00 0.00 0.00 0.00 0.00 0.00 0.00 0.00 0.00 0.00 0.00 0.00 0.00 0.00 0.00 0.00 0.00 0.00 0.00 0.00 0.00 0.00 0.10 0.22 0.36 0.51 0.67 0.84 1.01 1.19 1.38 1.57 1.77 1.97 2.18 2.40 2.63 2.86 3.10 3.34 3.60 3.86 4.12 4.39 4.67 4.95 5.24 5.53 5.82 6.11 6.41 6.71 7.02 7.32 7.63 7.94 8.25 8.57 8.88 9.17 9.45 9.71 9.95 10.17 10.38 10.56
