data_processed/recharge/precip/Precip_1996_08.asc
ncols        168
nrows        136
xllcorner    455000
yllcorner    2107000
cellsize     500
NODATA_value     -99999
[rows 33 to 65 of 136, columns 74 to 147 of 168]
110.42 107.25 103.93 100.49 97.06 93.74 90.56 87.50 84.58 81.80 79.16 76.66 74.32 72.12 70.09 68.21 66.50 64.95 63.57 62.37 61.35 60.50 59.84 59.36 59.02 58.80 58.70 58.88 59.34 60.07 61.04 62.22 63.57 65.08 66.70 68.41 70.18 71.98 73.78 75.54 77.24 78.85 80.33 81.66 82.81 83.74 84.43 84.85 84.96 84.81 84.42 83.81 83.06 82.33 81.66 81.19 81.13 81.50 82.29 83.45 84.96 86.78 88.89 91.25 93.82 96.59 99.51 102.56 105.70 108.91 112.14 115.37 118.57 121.71
108.84 105.75 102.50 99.13 95.68 92.26 88.98 85.85 82.88 80.06 77.40 74.91 72.59 70.44 68.46 66.66 65.05 63.62 62.38 61.33 60.47 59.82 59.37 59.08 58.94 58.91 59.00 59.34 59.97 60.85 61.94 63.21 64.65 66.22 67.88 69.61 71.38 73.16 74.92 76.62 78.24 79.75 81.12 82.31 83.30 84.05 84.54 84.74 84.68 84.40 83.91 83.18 82.32 81.48 80.70 79.98 79.47 79.37 79.72 80.48 81.63 83.12 84.94 87.04 89.40 91.98 94.76 97.70 100.77 103.93 107.16 110.43 113.70 116.97
107.57 104.55 101.37 98.07 94.68 91.24 87.87 84.66 81.62 78.76 76.07 73.57 71.26 69.14 67.21 65.48 63.95 62.62 61.51 60.60 59.91 59.43 59.15 59.05 59.08 59.22 59.48 59.98 60.75 61.75 62.96 64.32 65.83 67.45 69.14 70.88 72.65 74.40 76.10 77.74 79.27 80.67 81.90 82.95 83.76 84.33 84.62 84.65 84.48 84.10 83.50 82.68 81.71 80.77 79.88 79.06 78.32 77.79 77.68 78.02 78.79 79.93 81.44 83.27 85.39 87.77 90.38 93.19 96.16 99.27 102.49 105.77 109.12 112.62
106.58 103.63 100.51 97.28 93.96 90.58 87.19 83.89 80.78 77.86 75.13 72.62 70.30 68.20 66.31 64.63 63.18 61.94 60.94 60.16 59.62 59.31 59.19 59.24 59.42 59.72 60.13 60.77 61.66 62.77 64.07 65.52 67.09 68.74 70.46 72.20 73.94 75.65 77.30 78.85 80.29 81.57 82.66 83.54 84.18 84.55 84.68 84.62 84.36 83.89 83.20 82.28 81.22 80.18 79.20 78.28 77.45 76.70 76.18 76.09 76.45 77.23 78.40 79.94 81.80 83.96 86.39 89.05 91.92 94.95 98.12 101.43 104.96 108.72
105.86 102.96 99.91 96.74 93.48 90.17 86.84 83.52 80.33 77.34 74.57 72.02 69.69 67.60 65.73 64.10 62.71 61.56 60.65 60.00 59.60 59.43 59.45 59.64 59.96 60.39 60.93 61.69 62.69 63.89 65.26 66.77 68.39 70.07 71.80 73.53 75.24 76.90 78.48 79.94 81.27 82.42 83.36 84.07 84.53 84.75 84.79 84.65 84.31 83.75 82.98 81.97 80.83 79.71 78.65 77.65 76.73 75.90 75.17 74.68 74.62 75.02 75.85 77.07 78.66 80.58 82.80 85.30 88.03 90.97 94.11 97.54 101.28 105.26
105.39 102.54 99.55 96.43 93.23 89.98 86.71 83.45 80.24 77.18 74.35 71.76 69.41 67.31 65.46 63.86 62.52 61.44 60.63 60.10 59.83 59.77 59.92 60.23 60.67 61.21 61.87 62.73 63.81 65.09 66.52 68.07 69.71 71.41 73.13 74.85 76.52 78.12 79.61 80.98 82.18 83.19 83.97 84.51 84.83 84.98 84.95 84.73 84.32 83.69 82.84 81.76 80.54 79.35 78.21 77.14 76.15 75.25 74.45 73.76 73.32 73.32 73.78 74.67 75.96 77.63 79.63 81.94 84.52 87.37 90.58 94.17 98.07 102.23
105.14 102.35 99.40 96.34 93.20 90.00 86.78 83.58 80.42 77.35 74.46 71.81 69.43 67.31 65.46 63.88 62.59 61.58 60.87 60.45 60.28 60.33 60.58 60.99 61.53 62.17 62.92 63.87 65.02 66.34 67.81 69.39 71.04 72.74 74.44 76.12 77.74 79.27 80.67 81.93 83.00 83.86 84.48 84.89 85.14 85.23 85.14 84.86 84.38 83.69 82.78 81.64 80.35 79.09 77.89 76.76 75.70 74.74 73.88 73.13 72.51 72.14 72.21 72.75 73.73 75.12 76.88 78.98 81.43 84.29 87.60 91.30 95.32 99.62
105.10 102.36 99.46 96.44 93.35 90.20 87.04 83.89 80.79 77.76 74.86 72.15 69.72 67.58 65.72 64.16 62.90 61.98 61.36 61.03 60.95 61.09 61.42 61.91 62.53 63.25 64.07 65.08 66.28 67.65 69.13 70.72 72.36 74.03 75.70 77.32 78.88 80.33 81.63 82.77 83.70 84.40 84.90 85.26 85.46 85.49 85.35 85.02 84.49 83.75 82.78 81.58 80.24 78.93 77.67 76.48 75.38 74.36 73.45 72.65 71.97 71.43 71.16 71.33 71.98 73.07 74.57 76.48 78.88 81.79 85.15 88.92 93.02 97.40
105.26 102.55 99.69 96.72 93.67 90.57 87.46 84.36 81.30 78.33 75.47 72.75 70.28 68.09 66.22 64.67 63.48 62.62 62.08 61.82 61.81 62.01 62.41 62.96 63.65 64.43 65.31 66.36 67.60 68.97 70.46 72.03 73.65 75.27 76.88 78.44 79.91 81.27 82.46 83.46 84.25 84.84 85.30 85.62 85.78 85.77 85.59 85.22 84.64 83.86 82.84 81.60 80.21 78.85 77.54 76.31 75.16 74.10 73.15 72.31 71.59 71.01 70.58 70.42 70.72 71.49 72.74 74.55 76.94 79.85 83.23 87.02 91.15 95.57
105.58 102.91 100.09 97.16 94.15 91.09 88.02 84.96 81.95 79.02 76.21 73.54 71.05 68.83 66.94 65.44 64.30 63.50 63.01 62.80 62.84 63.10 63.54 64.14 64.87 65.69 66.61 67.69 68.93 70.31 71.78 73.32 74.89 76.45 77.99 79.46 80.82 82.06 83.13 83.99 84.68 85.24 85.67 85.96 86.09 86.05 85.84 85.43 84.82 84.00 82.95 81.67 80.24 78.84 77.50 76.24 75.05 73.96 72.97 72.10 71.35 70.74 70.28 69.98 69.96 70.43 71.52 73.27 75.61 78.48 81.82 85.58 89.70 94.10
106.06 103.42 100.64 97.74 94.76 91.74 88.70 85.68 82.72 79.83 77.06 74.43 71.98 69.78 67.92 66.46 65.36 64.60 64.15 63.97 64.04 64.32 64.80 65.42 66.18 67.02 67.96 69.05 70.28 71.63 73.07 74.56 76.06 77.55 78.99 80.35 81.59 82.69 83.62 84.39 85.05 85.59 86.00 86.27 86.38 86.32 86.08 85.66 85.02 84.17 83.10 81.79 80.33 78.91 77.54 76.25 75.04 73.92 72.91 72.02 71.25 70.62 70.13 69.81 69.69 70.00 70.98 72.62 74.86 77.65 80.91 84.60 88.65 93.00
106.68 104.06 101.30 98.43 95.49 92.50 89.49 86.51 83.57 80.72 77.99 75.40 73.03 70.93 69.15 67.71 66.63 65.89 65.46 65.29 65.38 65.67 66.16 66.79 67.55 68.40 69.34 70.41 71.62 72.94 74.32 75.73 77.15 78.55 79.87 81.11 82.21 83.16 83.98 84.71 85.36 85.89 86.29 86.55 86.65 86.58 86.33 85.88 85.24 84.37 83.28 81.94 80.47 79.03 77.65 76.34 75.11 73.98 72.96 72.05 71.27 70.63 70.13 69.83 69.84 70.24 71.11 72.59 74.69 77.34 80.48 84.05 87.99 92.24
107.40 104.81 102.08 99.23 96.31 93.35 90.37 87.41 84.51 81.69 78.99 76.47 74.22 72.25 70.57 69.18 68.11 67.37 66.93 66.76 66.84 67.13 67.60 68.22 68.97 69.81 70.73 71.77 72.94 74.19 75.50 76.83 78.15 79.42 80.62 81.70 82.65 83.49 84.27 84.98 85.61 86.13 86.53 86.79 86.88 86.81 86.55 86.11 85.45 84.58 83.48 82.14 80.65 79.20 77.81 76.50 75.27 74.13 73.10 72.19 71.41 70.76 70.30 70.14 70.35 70.92 71.83 73.17 75.08 77.55 80.52 83.92 87.71 91.81
108.23 105.65 102.94 100.11 97.21 94.27 91.32 88.38 85.51 82.72 80.08 77.68 75.56 73.71 72.12 70.81 69.76 69.00 68.54 68.35 68.41 68.67 69.12 69.71 70.42 71.23 72.11 73.11 74.21 75.39 76.60 77.83 79.02 80.16 81.21 82.14 82.97 83.77 84.51 85.19 85.80 86.31 86.71 86.97 87.08 87.01 86.76 86.31 85.66 84.79 83.69 82.35 80.87 79.42 78.03 76.72 75.49 74.36 73.34 72.43 71.65 71.05 70.74 70.78 71.18 71.91 72.95 74.30 76.02 78.26 81.01 84.21 87.79 91.70
109.13 106.57 103.86 101.05 98.17 95.24 92.31 89.40 86.54 83.81 81.30 79.05 77.05 75.30 73.80 72.55 71.54 70.78 70.28 70.05 70.07 70.28 70.68 71.23 71.89 72.65 73.47 74.40 75.42 76.50 77.61 78.71 79.76 80.75 81.63 82.45 83.23 83.99 84.70 85.36 85.94 86.44 86.83 87.10 87.22 87.17 86.93 86.50 85.86 85.01 83.92 82.59 81.11 79.67 78.29 76.99 75.78 74.66 73.65 72.76 72.03 71.59 71.49 71.74 72.30 73.18 74.33 75.76 77.44 79.46 81.94 84.88 88.22 91.88
110.09 107.54 104.84 102.04 99.17 96.25 93.33 90.44 87.64 85.05 82.69 80.56 78.67 77.01 75.58 74.38 73.41 72.66 72.13 71.85 71.79 71.95 72.28 72.76 73.36 74.04 74.79 75.64 76.56 77.52 78.50 79.45 80.35 81.17 81.94 82.69 83.44 84.16 84.85 85.48 86.04 86.52 86.90 87.17 87.30 87.28 87.07 86.66 86.04 85.20 84.14 82.82 81.37 79.95 78.59 77.31 76.12 75.03 74.04 73.20 72.64 72.43 72.54 72.96 73.68 74.68 75.93 77.43 79.15 81.08 83.30 85.94 88.98 92.36
111.10 108.54 105.85 103.05 100.19 97.28 94.37 91.53 88.87 86.43 84.21 82.20 80.41 78.83 77.46 76.30 75.34 74.59 74.05 73.71 73.58 73.65 73.90 74.30 74.80 75.40 76.06 76.80 77.60 78.43 79.26 80.05 80.78 81.47 82.18 82.89 83.60 84.29 84.95 85.56 86.10 86.56 86.93 87.19 87.33 87.33 87.15 86.78 86.19 85.38 84.34 83.06 81.64 80.24 78.92 77.67 76.51 75.44 74.52 73.87 73.54 73.54 73.84 74.42 75.27 76.38 77.71 79.26 81.01 82.93 85.02 87.36 90.06 93.11
112.12 109.56 106.87 104.07 101.21 98.31 95.45 92.75 90.26 87.96 85.86 83.96 82.25 80.74 79.42 78.28 77.34 76.58 76.00 75.61 75.40 75.37 75.52 75.81 76.21 76.70 77.24 77.86 78.53 79.20 79.87 80.48 81.08 81.72 82.38 83.05 83.73 84.38 85.01 85.59 86.12 86.57 86.93 87.18 87.32 87.33 87.18 86.85 86.30 85.54 84.53 83.29 81.90 80.55 79.26 78.05 76.93 75.94 75.21 74.80 74.70 74.89 75.36 76.08 77.05 78.24 79.64 81.22 82.97 84.88 86.92 89.09 91.44 94.11
113.14 110.58 107.88 105.08 102.21 99.36 96.65 94.13 91.78 89.62 87.63 85.82 84.19 82.73 81.44 80.32 79.37 78.59 77.97 77.52 77.22 77.09 77.12 77.28 77.56 77.92 78.34 78.81 79.32 79.83 80.31 80.80 81.33 81.92 82.53 83.17 83.81 84.43 85.03 85.59 86.10 86.53 86.89 87.14 87.28 87.29 87.16 86.86 86.37 85.65 84.70 83.50 82.16 80.85 79.61 78.45 77.41 76.62 76.14 75.96 76.07 76.44 77.06 77.91 78.98 80.24 81.67 83.27 85.02 86.89 88.86 90.93 93.07 95.37
114.15 111.58 108.87 106.06 103.24 100.54 98.01 95.64 93.43 91.39 89.50 87.78 86.20 84.78 83.52 82.40 81.44 80.62 79.95 79.42 79.03 78.79 78.68 78.71 78.84 79.06 79.32 79.64 79.97 80.30 80.64 81.06 81.54 82.08 82.65 83.25 83.85 84.44 85.02 85.56 86.05 86.47 86.81 87.06 87.20 87.22 87.10 86.83 86.38 85.72 84.82 83.68 82.40 81.15 79.97 78.90 78.06 77.53 77.30 77.33 77.63 78.16 78.91 79.87 81.01 82.33 83.79 85.39 87.10 88.91 90.81 92.77 94.77 96.81
115.13 112.53 109.81 107.05 104.38 101.87 99.50 97.28 95.20 93.26 91.47 89.81 88.28 86.89 85.64 84.51 83.52 82.65 81.92 81.30 80.81 80.44 80.19 80.06 80.03 80.08 80.18 80.32 80.46 80.65 80.92 81.28 81.71 82.20 82.73 83.29 83.86 84.42 84.97 85.49 85.97 86.38 86.72 86.96 87.11 87.13 87.02 86.76 86.34 85.74 84.91 83.83 82.61 81.43 80.35 79.49 78.93 78.65 78.64 78.87 79.33 80.01 80.88 81.92 83.13 84.47 85.95 87.52 89.19 90.93 92.72 94.55 96.40 98.25
116.04 113.43 110.75 108.15 105.68 103.34 101.12 99.04 97.07 95.23 93.51 91.90 90.42 89.04 87.79 86.64 85.61 84.68 83.86 83.15 82.54 82.04 81.63 81.32 81.11 80.98 80.89 80.84 80.84 80.95 81.16 81.47 81.85 82.29 82.78 83.30 83.83 84.37 84.90 85.40 85.86 86.26 86.59 86.84 86.98 87.02 86.92 86.68 86.28 85.71 84.94 83.94 82.79 81.72 80.86 80.28 79.98 79.94 80.13 80.54 81.15 81.95 82.92 84.04 85.28 86.65 88.11 89.65 91.25 92.90 94.57 96.26 97.93 99.58
116.89 114.32 111.81 109.40 107.11 104.93 102.86 100.89 99.03 97.27 95.61 94.05 92.59 91.22 89.95 88.77 87.69 86.69 85.78 84.96 84.22 83.56 82.99 82.49 82.08 81.73 81.45 81.24 81.17 81.21 81.37 81.62 81.95 82.35 82.79 83.28 83.78 84.29 84.80 85.28 85.72 86.12 86.44 86.69 86.84 86.88 86.80 86.57 86.20 85.65 84.92 83.99 82.96 82.12 81.55 81.25 81.19 81.35 81.73 82.31 83.05 83.96 85.01 86.17 87.45 88.81 90.24 91.73 93.25 94.78 96.32 97.84 99.33 100.76
117.60 115.12 112.82 110.61 108.49 106.47 104.53 102.68 100.91 99.23 97.63 96.11 94.67 93.30 92.01 90.80 89.65 88.58 87.57 86.63 85.76 84.95 84.20 83.52 82.89 82.33 81.90 81.62 81.48 81.46 81.56 81.76 82.04 82.39 82.80 83.24 83.72 84.20 84.68 85.15 85.58 85.96 86.29 86.53 86.69 86.74 86.67 86.46 86.11 85.59 84.90 83.99 83.10 82.55 82.27 82.22 82.39 82.76 83.31 84.03 84.90 85.90 87.02 88.23 89.51 90.86 92.25 93.67 95.09 96.51 97.90 99.24 100.52 101.72
117.90 115.21 113.04 111.04 109.13 107.28 105.50 103.79 102.14 100.56 99.05 97.59 96.19 94.85 93.56 92.33 91.16 90.03 88.95 87.92 86.94 86.00 85.10 84.24 83.43 82.77 82.36 82.05 81.84 81.76 81.80 81.94 82.17 82.48 82.84 83.25 83.69 84.15 84.60 85.05 85.46 85.84 86.15 86.40 86.56 86.62 86.56 86.37 86.04 85.55 84.85 83.84 82.87 82.49 82.49 82.71 83.12 83.70 84.44 85.32 86.32 87.43 88.62 89.88 91.19 92.53 93.89 95.25 96.59 97.89 99.14 100.32 101.41 102.39
117.80 114.73 112.38 110.54 108.85 107.21 105.62 104.09 102.59 101.15 99.74 98.38 97.06 95.78 94.53 93.32 92.14 90.99 89.87 88.78 87.72 86.68 85.67 84.68 83.81 83.18 82.80 82.51 82.28 82.14 82.11 82.19 82.37 82.62 82.94 83.31 83.72 84.14 84.57 85.00 85.39 85.75 86.06 86.30 86.46 86.53 86.48 86.30 85.99 85.49 84.68 83.52 82.40 81.93 82.09 82.59 83.25 84.07 85.01 86.06 87.21 88.44 89.72 91.05 92.40 93.76 95.11 96.42 97.70 98.90 100.03 101.06 101.97 102.75
117.32 113.91 111.23 109.24 107.72 106.33 104.96 103.63 102.33 101.05 99.79 98.56 97.34 96.15 94.97 93.81 92.66 91.53 90.40 89.29 88.18 87.07 85.98 84.97 84.15 83.57 83.22 82.96 82.74 82.58 82.49 82.51 82.63 82.83 83.11 83.43 83.80 84.19 84.59 84.99 85.37 85.71 86.01 86.24 86.40 86.46 86.42 86.26 85.93 85.31 84.34 83.04 81.79 81.18 81.25 81.89 82.82 83.88 85.05 86.29 87.61 88.97 90.37 91.78 93.19 94.58 95.93 97.22 98.44 99.58 100.60 101.49 102.25 102.84
116.51 112.80 109.82 107.54 105.90 104.69 103.59 102.49 101.41 100.33 99.25 98.18 97.10 96.03 94.96 93.88 92.80 91.71 90.61 89.50 88.37 87.25 86.17 85.23 84.47 83.94 83.62 83.39 83.20 83.04 82.93 82.89 82.95 83.10 83.32 83.60 83.93 84.28 84.65 85.02 85.38 85.70 85.99 86.21 86.36 86.43 86.39 86.21 85.74 84.94 83.82 82.41 81.06 80.33 80.24 80.79 81.87 83.18 84.58 86.04 87.54 89.06 90.59 92.10 93.58 95.02 96.39 97.68 98.87 99.94 100.87 101.65 102.27 102.76
115.40 111.42 108.18 105.64 103.75 102.46 101.56 100.74 99.90 99.05 98.19 97.31 96.41 95.49 94.56 93.59 92.61 91.59 90.55 89.48 88.38 87.30 86.32 85.46 84.77 84.29 84.00 83.80 83.63 83.50 83.40 83.33 83.34 83.43 83.60 83.83 84.11 84.43 84.76 85.10 85.43 85.73 86.00 86.21 86.36 86.42 86.35 86.02 85.36 84.40 83.15 81.65 80.23 79.40 79.19 79.58 80.55 82.01 83.65 85.34 87.04 88.73 90.40 92.03 93.61 95.11 96.52 97.82 98.99 100.02 100.89 101.57 102.12 102.64
114.02 109.82 106.35 103.59 101.48 99.98 99.03 98.43 97.87 97.29 96.67 96.02 95.33 94.60 93.83 93.02 92.16 91.26 90.31 89.31 88.30 87.33 86.44 85.67 85.05 84.62 84.37 84.19 84.05 83.93 83.85 83.80 83.77 83.81 83.92 84.10 84.34 84.61 84.91 85.22 85.52 85.80 86.05 86.24 86.38 86.40 86.18 85.64 84.80 83.70 82.35 80.78 79.32 78.41 78.10 78.36 79.17 80.52 82.29 84.21 86.13 88.01 89.85 91.62 93.30 94.89 96.35 97.68 98.85 99.86 100.67 101.33 101.94 102.52
112.40 108.01 104.35 101.41 99.13 97.45 96.33 95.71 95.40 95.11 94.77 94.38 93.93 93.42 92.85 92.22 91.52 90.76 89.94 89.06 88.18 87.33 86.55 85.86 85.31 84.93 84.71 84.56 84.44 84.35 84.29 84.25 84.23 84.24 84.30 84.43 84.61 84.84 85.10 85.37 85.64 85.90 86.12 86.30 86.39 86.25 85.80 85.07 84.08 82.86 81.43 79.83 78.34 77.38 76.99 77.14 77.82 79.00 80.66 82.71 84.85 86.94 88.96 90.88 92.69 94.38 95.91 97.29 98.48 99.48 100.30 101.05 101.75 102.41
110.58 106.03 102.23 99.15 96.72 94.91 93.65 92.90 92.60 92.58 92.55 92.44 92.27 92.01 91.67 91.26 90.76 90.17 89.51 88.79 88.05 87.32 86.64 86.04 85.55 85.22 85.04 84.92 84.83 84.76 84.71 84.68 84.68 84.69 84.72 84.80 84.93 85.11 85.33 85.56 85.80 86.03 86.23 86.35 86.26 85.88 85.23 84.34 83.22 81.91 80.43 78.80 77.31 76.33 75.88 75.96 76.52 77.57 79.06 80.98 83.24 85.55 87.76 89.86 91.81 93.61 95.24 96.68 97.91 98.95 99.89 100.76 101.56 102.30
108.58 103.93 100.02 96.83 94.30 92.38 91.03 90.19 89.80 89.82 90.07 90.29 90.41 90.44 90.38 90.21 89.93 89.55 89.05 88.49 87.89 87.28 86.70 86.19 85.77 85.49 85.35 85.26 85.19 85.14 85.12 85.10 85.11 85.13 85.16 85.21 85.29 85.43 85.60 85.79 85.99 86.19 86.33 86.26 85.92 85.32 84.49 83.45 82.23 80.85 79.34 77.73 76.25 75.27 74.80 74.81 75.29 76.22 77.57 79.32 81.45 83.87 86.29 88.57 90.69 92.62 94.36 95.88 97.20 98.39 99.48 100.47 101.37 102.19
