data_processed/recharge/precip/Precip_1986_06.asc
ncols        168
nrows        136
xllcorner    455000
yllcorner    2107000
cellsize     500
NODATA_value     -99999
[rows 0 to 31 of 136, columns 71 to 141 of 168]
286.70 282.32 276.97 270.75 263.77 256.11 247.89 239.20 230.15 220.83 211.36 201.82 192.28 182.67 173.02 163.44 154.24 146.85 141.99 139.55 139.26 140.16 141.49 143.10 144.96 147.01 149.20 151.47 153.79 156.09 158.32 160.43 162.38 164.11 165.56 166.63 167.06 166.73 165.69 164.05 162.17 160.35 158.62 156.99 155.33 153.47 151.43 149.26 147.00 144.68 142.34 140.03 137.78 135.63 133.63 131.81 130.22 128.89 127.85 127.11 126.67 126.61 127.04 128.92 133.03 139.30 147.51 156.88 166.49 176.10 185.59
288.69 285.14 280.51 274.90 268.41 261.13 253.18 244.65 235.64 226.26 216.60 206.73 196.58 186.18 175.65 165.11 154.87 146.40 140.46 136.93 135.68 136.43 138.28 140.49 142.93 145.55 148.31 151.14 154.00 156.84 159.61 162.25 164.71 166.94 168.82 170.04 170.46 170.12 169.08 167.44 165.57 163.73 161.97 160.33 158.80 157.23 155.47 153.54 151.47 149.30 147.08 144.84 142.62 140.46 138.41 136.50 134.77 133.26 131.95 130.86 130.06 129.62 129.65 131.04 134.54 140.07 147.47 156.55 166.56 176.59 186.41
289.19 286.61 282.83 277.96 272.10 265.34 257.79 249.54 240.72 231.40 221.65 211.41 200.73 189.71 178.48 167.14 156.02 146.64 139.79 135.34 133.15 133.09 134.91 137.72 140.83 144.12 147.52 151.00 154.50 157.97 161.35 164.60 167.66 170.41 172.47 173.68 174.08 173.74 172.71 171.09 169.23 167.39 165.62 163.94 162.38 160.96 159.50 157.86 156.03 154.07 152.01 149.90 147.76 145.65 143.59 141.64 139.82 138.12 136.57 135.21 134.12 133.36 133.04 134.02 136.98 141.83 148.44 156.65 166.27 176.58 186.70
288.15 286.63 283.84 279.84 274.73 268.62 261.60 253.79 245.27 236.10 226.24 215.73 204.68 193.21 181.44 169.47 157.64 147.52 139.91 134.70 131.76 130.93 132.09 134.99 138.79 142.82 146.96 151.17 155.39 159.57 163.65 167.60 171.25 174.21 176.26 177.46 177.87 177.54 176.53 174.94 173.10 171.27 169.49 167.79 166.20 164.74 163.43 162.09 160.57 158.87 157.03 155.09 153.09 151.07 149.07 147.12 145.20 143.35 141.60 140.04 138.72 137.71 137.13 137.76 140.25 144.50 150.37 157.71 166.40 176.24 186.51
285.94 285.14 283.43 280.43 276.22 270.89 264.54 257.27 249.15 240.13 230.25 219.63 208.38 196.62 184.47 172.04 159.67 148.96 140.78 134.98 131.44 130.01 130.57 132.96 136.96 141.76 146.72 151.75 156.77 161.75 166.63 171.25 175.15 178.10 180.15 181.35 181.77 181.46 180.48 178.93 177.12 175.31 173.53 171.82 170.20 168.70 167.35 166.17 164.97 163.57 162.00 160.29 158.48 156.60 154.70 152.75 150.76 148.81 146.95 145.25 143.77 142.58 141.80 142.15 144.23 147.94 153.15 159.70 167.47 176.30 186.01
283.17 282.51 281.54 279.64 276.45 272.03 266.48 259.86 252.14 243.35 233.61 223.04 211.76 199.88 187.52 174.80 162.04 150.93 142.33 136.11 132.14 130.28 130.39 132.34 135.99 141.10 146.92 152.84 158.76 164.62 170.26 175.15 179.06 182.00 184.05 185.27 185.71 185.43 184.49 182.99 181.23 179.44 177.68 175.97 174.33 172.80 171.41 170.18 169.13 168.07 166.82 165.39 163.82 162.13 160.31 158.38 156.39 154.40 152.49 150.72 149.16 147.86 146.94 147.08 148.82 152.07 156.68 162.51 169.41 177.26 185.91
280.03 279.38 278.55 277.41 275.34 271.96 267.30 261.33 254.09 245.70 236.27 225.92 214.77 202.93 190.53 177.68 164.72 153.36 144.51 138.03 133.80 131.67 131.51 133.19 136.55 141.47 147.72 154.57 161.47 168.17 174.11 179.01 182.91 185.86 187.92 189.16 189.63 189.39 188.51 187.06 185.36 183.62 181.88 180.17 178.53 176.98 175.55 174.27 173.18 172.27 171.36 170.26 168.97 167.46 165.75 163.90 161.97 160.03 158.14 156.37 154.78 153.44 152.45 152.45 153.92 156.77 160.85 166.02 172.14 179.06 186.66
276.56 275.92 275.10 274.11 272.81 270.53 266.77 261.54 254.95 247.12 238.16 228.20 217.35 205.73 193.45 180.64 167.63 156.20 147.26 140.70 136.37 134.14 133.88 135.44 138.68 143.48 149.69 157.08 164.85 171.89 177.85 182.74 186.64 189.61 191.70 192.97 193.48 193.30 192.47 191.10 189.45 187.76 186.06 184.37 182.73 181.17 179.72 178.40 177.25 176.30 175.54 174.78 173.76 172.45 170.91 169.21 167.40 165.57 163.77 162.06 160.52 159.21 158.22 158.14 159.42 161.93 165.55 170.13 175.53 181.61 188.23
272.81 272.17 271.36 270.40 269.21 267.56 264.76 260.43 254.65 247.55 239.24 229.83 219.45 208.20 196.22 183.61 170.73 159.39 150.53 144.04 139.79 137.63 137.42 139.04 142.33 147.17 153.42 160.78 168.43 175.43 181.38 186.29 190.20 193.19 195.31 196.63 197.19 197.07 196.32 195.02 193.46 191.83 190.17 188.51 186.89 185.32 183.85 182.51 181.31 180.30 179.48 178.80 178.03 176.98 175.67 174.19 172.58 170.93 169.28 167.71 166.28 165.06 164.15 164.06 165.20 167.45 170.68 174.74 179.48 184.78 190.49
268.81 268.18 267.39 266.40 265.10 263.42 261.24 257.94 253.15 246.95 239.44 230.75 221.00 210.31 198.78 186.54 173.95 162.87 154.26 148.02 144.00 142.07 142.09 143.93 147.44 152.49 158.78 165.50 172.20 178.75 184.66 189.58 193.52 196.54 198.71 200.08 200.71 200.66 199.99 198.79 197.31 195.75 194.14 192.53 190.93 189.38 187.90 186.53 185.30 184.22 183.26 182.41 181.70 180.94 179.94 178.74 177.40 175.99 174.57 173.20 171.95 170.90 170.12 170.09 171.17 173.23 176.13 179.73 183.89 188.48 193.34
264.63 264.00 263.18 262.07 260.61 258.80 256.66 254.07 250.39 245.24 238.71 230.91 221.96 211.98 201.08 189.38 177.24 166.58 158.39 152.56 148.95 147.42 147.84 150.06 153.95 159.20 164.96 170.74 176.48 182.15 187.66 192.56 196.54 199.61 201.83 203.26 203.97 204.00 203.43 202.32 200.94 199.46 197.92 196.36 194.80 193.26 191.79 190.42 189.15 187.94 186.81 185.78 184.93 184.26 183.61 182.76 181.75 180.65 179.52 178.43 177.43 176.60 176.03 176.14 177.21 179.14 181.79 185.00 188.65 192.59 196.68
260.30 259.63 258.69 257.42 255.83 253.93 251.74 249.25 246.34 242.38 236.99 230.25 222.27 213.16 203.06 192.06 180.55 170.48 162.87 157.62 154.58 153.61 154.59 157.37 161.62 166.46 171.35 176.25 181.11 185.92 190.65 195.21 199.20 202.33 204.61 206.12 206.91 207.04 206.57 205.58 204.30 202.91 201.45 199.95 198.43 196.93 195.48 194.08 192.71 191.36 190.06 188.89 187.89 187.11 186.59 186.13 185.53 184.81 184.04 183.28 182.60 182.07 181.77 182.08 183.23 185.10 187.55 190.45 193.65 197.01 200.38
255.85 255.05 253.94 252.55 250.86 248.90 246.68 244.19 241.46 238.36 234.24 228.71 221.86 213.80 204.66 194.53 183.81 174.50 167.64 163.13 160.83 160.60 162.30 165.60 169.56 173.61 177.70 181.80 185.88 189.92 193.90 197.78 201.48 204.64 207.00 208.59 209.47 209.71 209.35 208.48 207.32 206.04 204.66 203.23 201.77 200.31 198.87 197.40 195.90 194.40 192.98 191.68 190.56 189.67 189.08 188.79 188.62 188.35 188.00 187.66 187.37 187.20 187.25 187.82 189.10 190.98 193.32 195.97 198.79 201.62 204.24
251.21 250.26 249.03 247.53 245.79 243.80 241.58 239.14 236.48 233.61 230.42 226.24 220.69 213.85 205.82 196.74 186.98 178.58 172.64 169.05 167.65 168.32 170.70 173.81 177.06 180.39 183.76 187.16 190.56 193.92 197.23 200.46 203.57 206.50 208.92 210.61 211.60 211.95 211.72 210.98 209.94 208.77 207.50 206.15 204.76 203.33 201.84 200.26 198.64 197.04 195.51 194.11 192.90 191.93 191.25 190.92 190.96 191.17 191.32 191.45 191.61 191.88 192.34 193.24 194.73 196.69 198.98 201.44 203.93 206.17 208.03
246.44 245.35 244.03 242.47 240.70 238.72 236.53 234.16 231.61 228.88 226.00 222.82 218.70 213.23 206.50 198.62 189.98 182.68 177.82 175.30 174.98 176.49 178.80 181.29 183.89 186.58 189.33 192.12 194.92 197.70 200.43 203.10 205.66 208.11 210.35 212.12 213.23 213.70 213.60 213.01 212.11 211.07 209.90 208.64 207.31 205.86 204.27 202.59 200.89 199.21 197.60 196.13 194.86 193.82 193.09 192.71 192.74 193.20 193.87 194.55 195.23 196.01 196.94 198.24 200.01 202.12 204.42 206.74 208.79 210.40 211.59
241.61 240.42 239.04 237.45 235.68 233.74 231.63 229.36 226.95 224.39 221.71 218.91 215.86 211.90 206.63 200.13 192.78 186.73 183.13 181.85 182.53 184.07 185.84 187.76 189.81 191.96 194.18 196.45 198.74 201.02 203.28 205.47 207.58 209.57 211.43 213.09 214.30 214.91 214.95 214.51 213.77 212.85 211.80 210.63 209.30 207.77 206.11 204.37 202.60 200.86 199.21 197.70 196.38 195.31 194.54 194.14 194.15 194.63 195.60 196.84 198.12 199.47 200.95 202.72 204.84 207.16 209.50 211.55 213.09 214.15 214.77
236.81 235.56 234.15 232.57 230.84 228.96 226.96 224.83 222.58 220.23 217.79 215.26 212.66 209.85 206.16 201.19 195.30 190.68 188.49 188.38 189.20 190.29 191.57 193.01 194.59 196.29 198.07 199.92 201.79 203.67 205.53 207.35 209.09 210.73 212.25 213.61 214.76 215.50 215.71 215.43 214.84 214.07 213.14 211.98 210.59 209.02 207.31 205.53 203.73 201.96 200.28 198.75 197.42 196.34 195.57 195.17 195.19 195.68 196.71 198.28 200.18 202.16 204.25 206.57 209.09 211.65 213.88 215.55 216.66 217.27 217.44
232.13 230.86 229.45 227.90 226.24 224.47 222.61 220.65 218.61 216.50 214.32 212.10 209.84 207.54 205.07 201.77 197.50 194.47 193.60 193.75 194.19 194.87 195.75 196.81 198.02 199.36 200.79 202.30 203.85 205.42 206.99 208.51 209.98 211.36 212.62 213.75 214.71 215.44 215.80 215.70 215.28 214.65 213.75 212.56 211.15 209.55 207.82 206.03 204.22 202.44 200.77 199.24 197.92 196.86 196.12 195.75 195.80 196.33 197.40 199.06 201.33 203.97 206.75 209.67 212.63 215.23 217.20 218.56 219.35 219.63 219.44
227.67 226.40 225.03 223.55 222.00 220.37 218.67 216.91 215.11 213.27 211.40 209.52 207.62 205.73 203.85 201.84 199.32 197.77 197.27 197.12 197.24 197.60 198.17 198.94 199.87 200.94 202.12 203.38 204.70 206.05 207.40 208.73 210.02 211.23 212.33 213.31 214.13 214.77 215.18 215.25 215.00 214.43 213.52 212.33 210.91 209.31 207.59 205.81 204.02 202.27 200.62 199.13 197.85 196.83 196.14 195.82 195.93 196.53 197.67 199.41 201.79 204.85 208.33 211.88 215.04 217.50 219.29 220.44 221.02 221.07 220.63
223.53 222.29 220.98 219.61 218.19 216.73 215.23 213.71 212.18 210.64 209.11 207.59 206.10 204.64 203.23 201.87 200.51 199.44 198.72 198.31 198.19 198.32 198.68 199.24 199.98 200.86 201.87 202.98 204.15 205.37 206.61 207.83 209.02 210.14 211.17 212.09 212.87 213.47 213.88 214.04 213.85 213.30 212.40 211.23 209.83 208.27 206.58 204.84 203.09 201.40 199.81 198.38 197.16 196.22 195.60 195.36 195.56 196.26 197.49 199.33 201.83 205.04 208.92 212.77 215.92 218.32 220.02 221.08 221.55 221.47 220.89
219.93 218.73 217.50 216.24 214.96 213.67 212.39 211.11 209.85 208.62 207.44 206.30 205.21 204.20 203.26 202.33 201.14 199.92 198.98 198.35 198.02 197.95 198.13 198.52 199.10 199.84 200.71 201.70 202.76 203.88 205.03 206.18 207.30 208.37 209.37 210.26 211.02 211.63 212.01 212.01 211.72 211.20 210.37 209.27 207.94 206.46 204.86 203.20 201.55 199.95 198.47 197.15 196.05 195.23 194.74 194.63 194.97 195.80 197.19 199.18 201.83 205.16 208.88 212.51 215.63 218.03 219.72 220.74 221.16 221.01 220.35
217.01 215.85 214.68 213.51 212.36 211.24 210.15 209.10 208.10 207.17 206.31 205.54 204.85 204.27 203.71 202.87 201.61 200.29 199.16 198.31 197.75 197.47 197.45 197.66 198.06 198.64 199.36 200.20 201.14 202.15 203.19 204.25 205.30 206.31 207.25 208.11 208.84 209.39 209.57 209.26 208.72 208.16 207.45 206.48 205.30 203.96 202.51 201.02 199.53 198.10 196.79 195.65 194.73 194.10 193.80 193.90 194.44 195.48 197.08 199.30 202.13 205.32 208.61 211.79 214.69 217.07 218.76 219.77 220.16 219.97 219.26
214.77 213.62 212.50 211.42 210.38 209.40 208.49 207.66 206.91 206.26 205.72 205.29 204.98 204.74 204.23 203.28 201.93 200.53 199.31 198.26 197.47 196.96 196.73 196.72 196.94 197.33 197.89 198.58 199.37 200.25 201.17 202.13 203.08 204.00 204.88 205.67 206.32 206.64 206.49 205.89 205.10 204.37 203.68 202.90 201.93 200.80 199.58 198.31 197.06 195.86 194.80 193.90 193.24 192.87 192.83 193.20 194.02 195.34 197.23 199.68 202.46 205.28 208.14 210.89 213.37 215.55 217.24 218.26 218.64 218.43 217.67
213.18 212.03 210.94 209.92 208.98 208.14 207.39 206.76 206.25 205.86 205.62 205.52 205.51 205.27 204.61 203.54 202.11 200.65 199.34 198.19 197.20 196.46 195.98 195.76 195.76 195.96 196.33 196.85 197.48 198.20 198.99 199.82 200.66 201.48 202.27 202.95 203.35 203.32 202.85 201.97 200.96 200.04 199.25 198.57 197.86 197.02 196.09 195.12 194.16 193.28 192.52 191.94 191.61 191.56 191.86 192.57 193.73 195.40 197.60 200.06 202.54 205.01 207.49 209.84 211.93 213.74 215.25 216.27 216.66 216.45 215.68
212.22 211.05 209.97 209.01 208.15 207.43 206.83 206.38 206.09 205.95 205.99 206.14 206.09 205.66 204.85 203.67 202.16 200.63 199.25 198.02 196.92 195.98 195.26 194.79 194.57 194.55 194.72 195.04 195.49 196.05 196.69 197.37 198.08 198.78 199.43 199.83 199.85 199.48 198.72 197.60 196.39 195.31 194.39 193.67 193.13 192.63 192.06 191.45 190.87 190.36 189.99 189.80 189.85 190.21 190.91 192.02 193.60 195.64 197.91 200.15 202.35 204.51 206.64 208.64 210.37 211.84 213.02 213.89 214.30 214.10 213.33
211.85 210.65 209.58 208.65 207.86 207.24 206.78 206.50 206.41 206.51 206.75 206.82 206.54 205.92 204.95 203.67 202.09 200.51 199.06 197.75 196.56 195.50 194.58 193.86 193.39 193.14 193.08 193.20 193.45 193.82 194.29 194.81 195.37 195.91 196.24 196.25 195.90 195.22 194.19 192.84 191.45 190.23 189.23 188.45 187.94 187.68 187.52 187.35 187.21 187.15 187.22 187.49 188.01 188.83 190.01 191.59 193.61 195.80 197.91 199.94 201.89 203.78 205.62 207.30 208.73 209.88 210.76 211.35 211.62 211.45 210.70
212.06 210.81 209.73 208.82 208.09 207.55 207.22 207.09 207.18 207.44 207.55 207.36 206.85 206.04 204.93 203.54 201.91 200.27 198.76 197.37 196.11 194.95 193.91 192.99 192.25 191.75 191.46 191.34 191.39 191.55 191.82 192.17 192.53 192.74 192.65 192.27 191.59 190.61 189.33 187.78 186.23 184.91 183.83 183.03 182.54 182.37 182.52 182.84 183.20 183.66 184.26 185.05 186.10 187.45 189.17 191.27 193.49 195.59 197.57 199.43 201.18 202.84 204.42 205.83 206.99 207.87 208.49 208.82 208.85 208.57 207.85
212.80 211.51 210.40 209.50 208.81 208.34 208.11 208.13 208.32 208.41 208.23 207.76 207.02 206.03 204.78 203.30 201.62 199.93 198.37 196.91 195.57 194.33 193.19 192.14 191.19 190.43 189.88 189.52 189.32 189.27 189.33 189.45 189.46 189.22 188.72 187.98 186.98 185.73 184.23 182.51 180.82 179.40 178.28 177.48 177.03 176.94 177.25 177.95 178.88 179.92 181.11 182.50 184.15 186.11 188.40 190.77 192.98 195.02 196.89 198.62 200.21 201.69 203.05 204.23 205.16 205.82 206.21 206.32 206.14 205.66 204.87
214.00 212.70 211.57 210.66 209.99 209.58 209.44 209.51 209.51 209.26 208.76 208.03 207.07 205.90 204.52 202.95 201.22 199.50 197.88 196.37 194.96 193.63 192.40 191.25 190.18 189.19 188.37 187.75 187.30 187.01 186.82 186.55 186.09 185.42 184.54 183.46 182.17 180.67 178.97 177.09 175.29 173.81 172.66 171.88 171.49 171.52 171.98 172.90 174.29 175.96 177.81 179.87 182.18 184.78 187.41 189.84 192.05 194.06 195.88 197.52 199.00 200.33 201.52 202.51 203.26 203.74 203.95 203.88 203.52 202.87 201.92
215.59 214.29 213.18 212.27 211.62 211.25 211.12 210.95 210.56 209.96 209.16 208.17 207.00 205.66 204.16 202.50 200.73 198.97 197.32 195.75 194.27 192.87 191.56 190.31 189.13 188.01 186.96 186.07 185.36 184.78 184.17 183.42 182.50 181.42 180.18 178.78 177.22 175.51 173.63 171.61 169.73 168.20 167.05 166.32 166.01 166.17 166.81 167.95 169.63 171.83 174.38 177.18 180.19 183.20 185.96 188.46 190.72 192.74 194.55 196.14 197.55 198.77 199.82 200.68 201.28 201.62 201.69 201.48 200.99 200.21 199.13
217.51 216.22 215.14 214.29 213.66 213.26 212.84 212.25 211.48 210.54 209.44 208.20 206.82 205.31 203.69 201.96 200.15 198.37 196.67 195.06 193.52 192.06 190.66 189.32 188.04 186.81 185.63 184.50 183.48 182.47 181.35 180.12 178.77 177.31 175.73 174.04 172.23 170.31 168.28 166.15 164.21 162.66 161.54 160.87 160.67 160.98 161.82 163.20 165.16 167.72 170.88 174.41 177.91 181.12 184.02 186.64 188.98 191.06 192.89 194.48 195.86 197.02 197.98 198.73 199.23 199.47 199.44 199.14 198.56 197.69 196.52
219.70 218.42 217.39 216.60 215.99 215.31 214.43 213.42 212.27 210.99 209.60 208.11 206.53 204.86 203.13 201.33 199.49 197.69 195.96 194.31 192.72 191.19 189.72 188.30 186.93 185.59 184.29 183.00 181.58 180.04 178.42 176.73 174.98 173.16 171.26 169.30 167.27 165.18 163.01 160.80 158.81 157.27 156.19 155.61 155.55 156.04 157.09 158.74 161.01 163.92 167.47 171.34 175.09 178.51 181.61 184.38 186.85 189.02 190.92 192.55 193.93 195.08 195.99 196.68 197.11 197.30 197.22 196.87 196.23 195.32 194.10
