data_processed/recharge/precip/Precip_2000_06.asc
ncols        168
nrows        136
xllcorner    455000
yllcorner    2107000
cellsize     500
NODATA_value     -99999
[rows 96 to 127 of 136, columns 71 to 141 of 168]
203.68 201.22 198.57 195.72 192.69 189.46 186.05 182.48 178.85 175.18 171.51 167.84 164.21 160.62 157.12 153.70 150.43 147.36 144.55 141.99 139.70 137.69 135.96 134.54 133.46 132.91 133.02 133.77 135.16 137.14 139.71 142.83 146.49 150.61 154.61 158.01 160.79 162.96 164.56 165.60 166.08 166.04 165.51 164.71 163.86 162.97 162.04 161.05 159.98 158.83 157.58 156.33 155.29 154.48 153.90 153.51 153.28 153.20 153.24 153.37 153.55 153.72 153.84 153.92 153.97 153.98 153.94 153.87 153.76 153.62 153.50
206.24 203.80 201.15 198.30 195.24 191.97 188.51 184.88 181.17 177.44 173.69 169.96 166.25 162.60 159.01 155.55 152.27 149.22 146.41 143.84 141.53 139.48 137.71 136.22 135.03 134.18 133.87 134.21 135.20 136.82 139.04 141.84 145.19 149.04 152.78 155.92 158.45 160.39 161.76 162.58 162.85 162.63 162.14 161.62 161.07 160.50 159.88 159.21 158.46 157.64 156.72 155.70 154.66 153.81 153.17 152.73 152.46 152.33 152.33 152.42 152.57 152.70 152.79 152.86 152.89 152.88 152.85 152.78 152.69 152.62 152.57
208.47 206.05 203.42 200.56 197.48 194.18 190.67 186.98 183.22 179.42 175.61 171.81 168.04 164.32 160.69 157.24 153.98 150.94 148.12 145.54 143.19 141.10 139.28 137.73 136.46 135.49 134.85 134.75 135.31 136.51 138.34 140.78 143.79 147.32 150.75 153.60 155.84 157.50 158.60 159.15 159.20 158.98 158.74 158.50 158.24 157.96 157.63 157.26 156.82 156.30 155.69 154.98 154.15 153.30 152.61 152.12 151.79 151.62 151.57 151.61 151.71 151.80 151.87 151.91 151.92 151.90 151.85 151.79 151.76 151.76 151.78
210.36 207.94 205.32 202.47 199.38 196.05 192.50 188.76 184.94 181.09 177.22 173.37 169.54 165.78 162.17 158.74 155.50 152.46 149.64 147.03 144.65 142.52 140.64 139.02 137.67 136.60 135.82 135.38 135.47 136.23 137.62 139.65 142.28 145.44 148.53 151.03 152.95 154.29 155.07 155.34 155.35 155.35 155.37 155.39 155.40 155.39 155.34 155.24 155.08 154.85 154.53 154.11 153.57 152.92 152.23 151.68 151.30 151.06 150.96 150.95 151.00 151.05 151.08 151.08 151.07 151.03 150.98 150.97 150.99 151.05 151.14
212.03 209.47 206.84 203.99 200.90 197.56 193.97 190.18 186.32 182.42 178.50 174.60 170.74 167.01 163.43 160.02 156.79 153.75 150.91 148.28 145.86 143.68 141.73 140.04 138.60 137.43 136.54 135.94 135.68 135.95 136.87 138.44 140.64 143.40 146.10 148.22 149.76 150.74 151.19 151.39 151.59 151.83 152.08 152.34 152.60 152.83 153.03 153.19 153.29 153.33 153.27 153.12 152.87 152.49 151.98 151.42 150.98 150.68 150.52 150.46 150.45 150.45 150.44 150.40 150.36 150.30 150.29 150.33 150.40 150.51 150.64
213.53 210.76 207.97 205.10 202.01 198.65 195.04 191.22 187.31 183.37 179.41 175.48 171.66 167.96 164.42 161.03 157.81 154.76 151.90 149.23 146.78 144.53 142.52 140.74 139.21 137.94 136.93 136.20 135.76 135.66 136.08 137.16 138.89 141.19 143.46 145.16 146.28 146.88 147.22 147.58 147.99 148.44 148.91 149.39 149.87 150.33 150.77 151.16 151.50 151.77 151.97 152.07 152.07 151.95 151.69 151.30 150.85 150.49 150.26 150.13 150.07 150.02 149.95 149.87 149.80 149.77 149.80 149.87 149.99 150.13 150.30
214.83 211.85 208.83 205.80 202.67 199.31 195.68 191.83 187.89 183.91 179.94 176.05 172.27 168.62 165.09 161.72 158.49 155.44 152.55 149.85 147.34 145.04 142.95 141.09 139.46 138.08 136.95 136.09 135.50 135.19 135.22 135.78 137.00 138.81 140.60 141.83 142.53 142.97 143.46 144.00 144.60 145.24 145.90 146.58 147.26 147.93 148.57 149.18 149.74 150.23 150.65 150.98 151.21 151.33 151.32 151.17 150.87 150.49 150.19 150.00 149.87 149.75 149.63 149.52 149.46 149.46 149.52 149.62 149.76 149.93 150.12
215.92 212.73 209.48 206.20 202.90 199.50 195.86 191.98 188.01 184.03 180.10 176.27 172.53 168.91 165.41 162.04 158.81 155.74 152.82 150.08 147.52 145.15 142.99 141.03 139.30 137.80 136.55 135.54 134.80 134.33 134.15 134.30 134.97 136.25 137.52 138.28 138.78 139.34 139.98 140.69 141.45 142.26 143.09 143.95 144.81 145.67 146.50 147.30 148.05 148.75 149.37 149.91 150.35 150.68 150.89 150.96 150.88 150.65 150.32 150.06 149.86 149.68 149.51 149.40 149.36 149.38 149.45 149.57 149.72 149.91 150.11
216.76 213.37 209.90 206.38 202.82 199.23 195.53 191.64 187.67 183.74 179.88 176.10 172.40 168.81 165.32 161.95 158.72 155.62 152.67 149.88 147.26 144.82 142.57 140.52 138.68 137.07 135.68 134.53 133.63 132.99 132.63 132.54 132.78 133.50 134.25 134.77 135.36 136.05 136.83 137.68 138.58 139.54 140.53 141.54 142.56 143.58 144.58 145.55 146.48 147.35 148.16 148.88 149.51 150.04 150.44 150.72 150.85 150.82 150.62 150.32 150.05 149.81 149.63 149.53 149.50 149.53 149.61 149.73 149.89 150.07 150.27
217.35 213.76 210.07 206.31 202.49 198.63 194.73 190.78 186.87 183.01 179.21 175.47 171.82 168.24 164.77 161.40 158.15 155.02 152.04 149.20 146.51 144.00 141.66 139.51 137.56 135.82 134.29 132.99 131.93 131.12 130.57 130.29 130.28 130.58 131.06 131.65 132.35 133.15 134.04 135.00 136.04 137.12 138.24 139.38 140.54 141.70 142.85 143.97 145.05 146.08 147.05 147.94 148.74 149.44 150.02 150.47 150.79 150.95 150.94 150.76 150.46 150.20 150.02 149.92 149.89 149.91 149.98 150.10 150.25 150.42 150.61
217.71 213.94 210.05 206.07 202.00 197.87 193.56 189.14 185.19 181.42 177.69 174.02 170.41 166.88 163.43 160.07 156.82 153.69 150.68 147.80 145.07 142.50 140.09 137.85 135.81 133.95 132.31 130.88 129.67 128.70 127.98 127.51 127.33 127.54 128.07 128.74 129.53 130.42 131.40 132.47 133.61 134.80 136.03 137.29 138.57 139.85 141.12 142.37 143.59 144.76 145.86 146.90 147.85 148.70 149.44 150.05 150.53 150.86 151.02 151.03 150.89 150.67 150.49 150.38 150.33 150.35 150.41 150.51 150.64 150.80 150.97
217.92 214.00 209.94 205.76 201.47 196.97 191.97 186.75 182.30 178.52 174.91 171.34 167.83 164.37 160.99 157.69 154.49 151.38 148.39 145.52 142.79 140.20 137.76 135.48 133.38 131.46 129.73 128.21 126.90 125.81 124.96 124.36 124.14 124.42 125.03 125.78 126.63 127.60 128.66 129.81 131.03 132.31 133.64 135.00 136.38 137.76 139.14 140.51 141.84 143.13 144.36 145.52 146.60 147.59 148.47 149.23 149.85 150.33 150.66 150.87 150.97 150.91 150.77 150.66 150.61 150.61 150.66 150.76 150.88 151.02 151.18
218.01 213.96 209.75 205.39 200.79 195.66 189.91 183.95 178.77 174.54 170.96 167.54 164.16 160.83 157.56 154.36 151.24 148.21 145.28 142.47 139.77 137.20 134.77 132.50 130.38 128.44 126.68 125.11 123.74 122.58 121.65 121.04 120.89 121.26 121.94 122.76 123.68 124.70 125.83 127.04 128.33 129.68 131.08 132.52 133.98 135.46 136.93 138.39 139.82 141.21 142.55 143.82 145.02 146.12 147.12 148.00 148.76 149.38 149.89 150.31 150.62 150.79 150.80 150.73 150.68 150.68 150.73 150.81 150.92 151.06 151.21
217.98 213.82 209.49 204.87 199.69 193.87 187.44 180.80 174.95 170.07 166.10 162.75 159.55 156.38 153.27 150.21 147.22 144.31 141.49 138.76 136.14 133.65 131.28 129.05 126.96 125.04 123.29 121.71 120.32 119.14 118.23 117.71 117.64 118.07 118.83 119.71 120.69 121.77 122.94 124.20 125.54 126.94 128.40 129.90 131.43 132.97 134.52 136.05 137.57 139.04 140.47 141.84 143.13 144.33 145.44 146.43 147.30 148.08 148.77 149.38 149.89 150.26 150.48 150.55 150.54 150.54 150.59 150.67 150.78 150.91 151.05
217.83 213.59 209.04 203.91 198.10 191.66 184.61 177.37 170.92 165.44 160.88 157.20 154.11 151.15 148.24 145.37 142.55 139.80 137.13 134.54 132.05 129.66 127.39 125.25 123.24 121.38 119.68 118.14 116.79 115.66 114.84 114.40 114.40 114.90 115.71 116.65 117.69 118.82 120.02 121.32 122.69 124.13 125.63 127.18 128.75 130.35 131.95 133.55 135.12 136.67 138.17 139.61 140.98 142.26 143.45 144.54 145.55 146.47 147.32 148.10 148.79 149.35 149.76 150.03 150.15 150.19 150.24 150.32 150.43 150.56 150.69
217.56 213.17 208.16 202.45 196.08 189.08 181.50 173.73 166.75 160.73 155.65 151.45 148.08 145.27 142.60 139.96 137.36 134.82 132.34 129.93 127.61 125.38 123.25 121.24 119.36 117.60 115.99 114.54 113.27 112.23 111.49 111.13 111.20 111.76 112.62 113.61 114.69 115.87 117.12 118.44 119.83 121.29 122.81 124.38 125.99 127.62 129.26 130.90 132.52 134.12 135.67 137.17 138.60 139.95 141.22 142.41 143.53 144.59 145.58 146.51 147.37 148.10 148.68 149.13 149.43 149.60 149.68 149.77 149.88 150.00 150.14
217.08 212.28 206.76 200.55 193.69 186.21 178.16 169.93 162.49 156.02 150.48 145.82 142.01 138.99 136.49 134.12 131.79 129.49 127.25 125.07 122.96 120.93 118.99 117.15 115.43 113.83 112.36 111.02 109.84 108.89 108.24 107.94 108.07 108.67 109.58 110.61 111.73 112.94 114.23 115.58 116.99 118.45 119.98 121.56 123.18 124.83 126.49 128.16 129.81 131.43 133.02 134.56 136.04 137.44 138.78 140.06 141.29 142.46 143.58 144.65 145.65 146.53 147.27 147.88 148.34 148.68 148.88 149.00 149.12 149.25 149.38
216.13 210.88 204.92 198.28 191.00 183.11 174.66 166.04 158.22 151.36 145.43 140.39 136.19 132.79 130.14 127.99 125.96 123.95 121.99 120.08 118.22 116.44 114.73 113.12 111.60 110.19 108.86 107.62 106.54 105.67 105.08 104.85 105.03 105.67 106.61 107.67 108.83 110.07 111.39 112.76 114.19 115.66 117.18 118.75 120.37 122.02 123.68 125.35 127.02 128.66 130.27 131.83 133.33 134.79 136.19 137.54 138.85 140.12 141.35 142.54 143.67 144.68 145.56 146.31 146.92 147.40 147.76 147.99 148.14 148.28 148.42
214.66 209.03 202.70 195.69 188.06 179.84 171.07 162.13 153.99 146.81 140.57 135.21 130.69 126.98 124.03 121.78 120.00 118.34 116.70 115.09 113.54 112.04 110.61 109.26 107.98 106.74 105.53 104.38 103.38 102.59 102.06 101.88 102.10 102.78 103.74 104.83 106.01 107.27 108.61 110.01 111.45 112.93 114.44 115.99 117.59 119.22 120.87 122.53 124.19 125.83 127.44 129.00 130.53 132.01 133.46 134.87 136.25 137.60 138.91 140.21 141.45 142.58 143.58 144.45 145.19 145.81 146.30 146.67 146.92 147.09 147.24
212.73 206.79 200.15 192.86 184.95 176.46 167.44 158.25 149.87 142.45 135.96 130.35 125.59 121.64 118.44 115.96 114.14 112.77 111.49 110.25 109.04 107.87 106.76 105.70 104.63 103.51 102.38 101.33 100.40 99.67 99.20 99.06 99.32 100.01 101.00 102.10 103.30 104.57 105.92 107.33 108.79 110.28 111.79 113.32 114.88 116.47 118.09 119.73 121.36 122.98 124.57 126.13 127.66 129.16 130.64 132.09 133.52 134.92 136.31 137.69 139.03 140.26 141.36 142.34 143.19 143.92 144.53 145.02 145.40 145.66 145.85
210.40 204.21 197.35 189.84 181.73 173.04 163.83 154.48 145.92 138.33 131.66 125.89 120.95 116.82 113.45 110.79 108.81 107.46 106.52 105.67 104.84 104.05 103.29 102.47 101.52 100.49 99.46 98.48 97.62 96.95 96.52 96.42 96.70 97.41 98.41 99.52 100.72 102.00 103.36 104.77 106.22 107.71 109.23 110.75 112.27 113.82 115.39 116.98 118.57 120.15 121.71 123.25 124.76 126.26 127.75 129.22 130.68 132.13 133.58 135.02 136.44 137.75 138.94 140.00 140.95 141.77 142.48 143.08 143.57 143.94 144.21
207.73 201.37 194.35 186.70 178.45 169.64 160.32 150.86 142.20 134.51 127.74 121.86 116.83 112.59 109.12 106.36 104.28 102.84 101.97 101.49 101.09 100.70 100.21 99.51 98.66 97.73 96.77 95.86 95.06 94.44 94.06 93.98 94.27 94.99 95.99 97.10 98.30 99.58 100.93 102.34 103.79 105.27 106.77 108.29 109.80 111.29 112.80 114.33 115.86 117.38 118.88 120.38 121.86 123.35 124.82 126.30 127.77 129.25 130.74 132.23 133.70 135.08 136.33 137.47 138.49 139.40 140.19 140.88 141.45 141.92 142.29
204.78 198.33 191.22 183.50 175.18 166.33 156.96 147.47 138.78 131.06 124.26 118.35 113.29 109.02 105.52 102.73 100.62 99.14 98.25 97.91 97.90 97.80 97.44 96.85 96.09 95.24 94.36 93.51 92.76 92.17 91.82 91.76 92.07 92.78 93.77 94.88 96.07 97.34 98.68 100.07 101.50 102.97 104.46 105.95 107.44 108.91 110.36 111.81 113.25 114.69 116.12 117.56 119.00 120.44 121.89 123.35 124.83 126.31 127.82 129.34 130.86 132.28 133.59 134.78 135.86 136.83 137.69 138.44 139.09 139.64 140.08
201.63 195.15 188.03 180.30 172.00 163.16 153.83 144.37 135.72 128.04 121.29 115.42 110.39 106.17 102.71 99.96 97.89 96.45 95.60 95.28 95.28 95.26 95.00 94.50 93.83 93.05 92.23 91.43 90.73 90.17 89.84 89.80 90.10 90.81 91.78 92.87 94.04 95.29 96.61 97.98 99.40 100.84 102.30 103.77 105.23 106.67 108.08 109.44 110.77 112.11 113.46 114.82 116.19 117.58 118.99 120.42 121.87 123.35 124.86 126.40 127.94 129.39 130.73 131.96 133.08 134.09 135.00 135.80 136.51 137.11 137.62
198.33 191.90 184.83 177.17 168.94 160.20 150.97 141.63 133.09 125.52 118.88 113.12 108.21 104.10 100.74 98.11 96.15 94.82 94.06 93.64 93.33 93.13 92.90 92.49 91.90 91.18 90.42 89.67 89.00 88.47 88.15 88.11 88.40 89.09 90.05 91.11 92.25 93.48 94.77 96.11 97.49 98.90 100.33 101.76 103.19 104.59 105.93 107.22 108.46 109.68 110.92 112.19 113.48 114.80 116.15 117.53 118.94 120.40 121.89 123.42 124.97 126.43 127.79 129.04 130.18 131.22 132.16 133.00 133.74 134.39 134.94
194.94 188.63 181.69 174.17 166.10 157.51 148.45 139.30 130.94 123.56 117.10 111.53 106.80 102.87 99.70 97.25 95.47 94.30 93.48 92.77 92.15 91.64 91.24 90.85 90.32 89.67 88.95 88.24 87.59 87.08 86.76 86.72 87.00 87.66 88.59 89.61 90.73 91.92 93.17 94.47 95.82 97.19 98.57 99.96 101.33 102.66 103.93 105.14 106.30 107.42 108.54 109.70 110.89 112.12 113.39 114.70 116.07 117.48 118.94 120.45 121.99 123.44 124.80 126.05 127.19 128.24 129.19 130.05 130.82 131.49 132.08
191.54 185.41 178.67 171.36 163.51 155.16 146.35 137.45 129.35 122.22 116.01 110.70 106.22 102.55 99.63 97.43 95.88 94.70 93.61 92.61 91.70 90.90 90.21 89.65 89.14 88.53 87.85 87.17 86.54 86.03 85.72 85.65 85.91 86.54 87.43 88.41 89.48 90.63 91.84 93.10 94.39 95.71 97.05 98.38 99.66 100.90 102.08 103.21 104.30 105.34 106.36 107.38 108.46 109.58 110.76 111.99 113.27 114.62 116.03 117.51 119.02 120.45 121.78 123.02 124.15 125.20 126.14 127.00 127.77 128.45 129.10
188.18 182.31 175.84 168.81 161.25 153.21 144.71 136.14 128.36 121.56 115.68 110.69 106.54 103.20 100.61 98.70 97.18 95.76 94.40 93.12 91.93 90.86 89.90 89.08 88.40 87.79 87.14 86.48 85.86 85.35 85.03 84.94 85.17 85.76 86.59 87.53 88.55 89.65 90.80 92.00 93.25 94.51 95.78 97.01 98.19 99.32 100.40 101.44 102.45 103.42 104.35 105.27 106.21 107.21 108.27 109.40 110.60 111.87 113.21 114.63 116.10 117.49 118.79 119.99 121.09 122.11 123.03 123.87 124.63 125.35 126.09
184.92 179.38 173.26 166.58 159.39 151.72 143.61 135.43 128.06 121.65 116.17 111.58 107.83 104.88 102.65 100.82 99.08 97.40 95.78 94.25 92.81 91.48 90.27 89.20 88.28 87.52 86.86 86.20 85.58 85.07 84.72 84.61 84.80 85.34 86.11 86.99 87.96 88.99 90.08 91.23 92.40 93.59 94.75 95.85 96.92 97.94 98.92 99.86 100.78 101.66 102.52 103.36 104.18 105.04 105.97 106.98 108.07 109.25 110.51 111.85 113.25 114.59 115.83 116.98 118.04 119.01 119.90 120.70 121.48 122.28 123.11
181.83 176.70 170.99 164.73 157.98 150.76 143.11 135.40 128.49 122.56 117.55 113.42 110.14 107.62 105.52 103.49 101.51 99.58 97.73 95.96 94.29 92.72 91.28 89.98 88.83 87.85 87.04 86.36 85.73 85.20 84.83 84.68 84.82 85.30 86.01 86.83 87.72 88.69 89.71 90.78 91.87 92.94 93.96 94.93 95.87 96.78 97.65 98.49 99.30 100.09 100.86 101.62 102.36 103.10 103.89 104.76 105.73 106.79 107.94 109.20 110.52 111.78 112.95 114.03 115.02 115.93 116.77 117.57 118.41 119.29 120.19
179.00 174.32 169.09 163.33 157.08 150.38 143.27 136.09 129.73 124.33 119.86 116.28 113.50 111.15 108.87 106.62 104.42 102.27 100.20 98.21 96.32 94.54 92.89 91.38 90.02 88.83 87.82 87.00 86.34 85.78 85.37 85.17 85.26 85.67 86.31 87.05 87.87 88.77 89.71 90.69 91.64 92.56 93.43 94.27 95.07 95.85 96.60 97.33 98.03 98.72 99.40 100.07 100.73 101.38 102.04 102.77 103.59 104.52 105.56 106.70 107.92 109.09 110.17 111.16 112.08 112.91 113.73 114.58 115.48 116.42 117.38
176.53 172.32 167.63 162.44 156.77 150.66 144.15 137.58 131.83 127.05 123.19 120.17 117.61 115.10 112.62 110.17 107.76 105.41 103.14 100.95 98.87 96.90 95.06 93.35 91.81 90.43 89.23 88.23 87.44 86.83 86.37 86.12 86.14 86.48 87.04 87.70 88.44 89.25 90.09 90.92 91.71 92.46 93.18 93.87 94.54 95.18 95.80 96.41 97.00 97.58 98.15 98.72 99.29 99.86 100.44 101.03 101.70 102.48 103.38 104.40 105.50 106.55 107.53 108.42 109.24 110.04 110.88 111.78 112.72 113.70 114.70
