data_processed/recharge/precip/Precip_1996_10.asc
ncols        168
nrows        136
xllcorner    455000
yllcorner    2107000
cellsize     500
NODATA_value     -99999
[rows 102 to 135 of 136, columns 0 to 76 of 168]
61.13 63.54 65.81 68.13 70.60 73.21 75.93 78.74 81.62 84.54 87.48 90.42 93.33 96.19 98.98 101.67 104.25 106.68 108.96 111.17 113.43 115.72 118.02 120.30 122.44 124.41 126.18 127.75 129.06 130.01 130.56 130.74 130.55 130.01 129.14 127.94 126.45 124.66 122.60 120.28 117.71 114.91 111.90 108.68 105.26 101.56 97.54 93.23 88.68 83.99 79.44 75.12 71.07 67.32 63.78 60.33 56.95 53.65 50.45 47.36 44.40 41.58 38.91 36.41 34.09 31.96 30.05 28.35 26.90 25.70 24.73 23.94 23.29 22.79 22.44 22.24 22.17
59.97 62.03 64.18 66.52 69.03 71.69 74.48 77.38 80.35 83.38 86.45 89.53 92.60 95.63 98.60 101.49 104.28 106.93 109.44 111.78 114.04 116.32 118.60 120.85 122.97 124.90 126.63 128.10 129.21 129.93 130.28 130.26 129.90 129.21 128.20 126.89 125.29 123.42 121.29 118.93 116.33 113.52 110.52 107.33 103.98 100.45 96.67 92.61 88.30 83.86 79.56 75.50 71.72 68.14 64.62 61.14 57.73 54.40 51.15 48.02 44.99 42.11 39.36 36.78 34.37 32.15 30.14 28.33 26.76 25.44 24.37 23.54 22.90 22.41 22.09 21.91 21.86
58.87 60.75 62.87 65.19 67.70 70.38 73.19 76.13 79.16 82.26 85.42 88.59 91.77 94.93 98.04 101.09 104.05 106.89 109.59 112.13 114.50 116.78 119.04 121.26 123.34 125.23 126.87 128.14 129.03 129.54 129.70 129.52 129.00 128.18 127.05 125.64 123.97 122.04 119.87 117.48 114.88 112.08 109.11 105.97 102.68 99.25 95.69 91.91 87.89 83.72 79.72 75.96 72.37 68.83 65.32 61.84 58.43 55.08 51.81 48.64 45.58 42.65 39.86 37.21 34.74 32.45 30.35 28.46 26.79 25.36 24.18 23.27 22.60 22.13 21.83 21.68 21.66
58.10 59.89 61.93 64.20 66.67 69.32 72.12 75.05 78.10 81.23 84.43 87.66 90.91 94.15 97.37 100.53 103.61 106.59 109.45 112.17 114.71 117.07 119.32 121.51 123.56 125.35 126.79 127.85 128.53 128.86 128.86 128.52 127.88 126.94 125.73 124.24 122.51 120.54 118.35 115.96 113.37 110.61 107.68 104.61 101.41 98.09 94.67 91.14 87.44 83.60 79.91 76.38 72.87 69.36 65.87 62.42 59.02 55.67 52.41 49.23 46.15 43.20 40.37 37.69 35.18 32.83 30.67 28.71 26.97 25.46 24.19 23.18 22.44 21.96 21.68 21.56 21.58
57.84 59.51 61.43 63.60 65.98 68.56 71.31 74.20 77.22 80.34 83.53 86.78 90.06 93.35 96.62 99.85 103.02 106.11 109.08 111.92 114.61 117.12 119.44 121.61 123.56 125.16 126.39 127.24 127.75 127.92 127.76 127.30 126.55 125.53 124.24 122.70 120.93 118.94 116.75 114.38 111.83 109.12 106.27 103.29 100.19 97.00 93.73 90.38 86.96 83.47 80.04 76.61 73.16 69.71 66.27 62.86 59.49 56.17 52.93 49.76 46.69 43.74 40.90 38.21 35.67 33.29 31.09 29.09 27.30 25.72 24.39 23.30 22.48 21.94 21.66 21.58 21.65
58.09 59.58 61.36 63.39 65.65 68.12 70.77 73.58 76.53 79.60 82.75 85.98 89.25 92.54 95.83 99.10 102.31 105.46 108.51 111.44 114.23 116.86 119.30 121.49 123.28 124.67 125.69 126.37 126.72 126.75 126.47 125.90 125.07 123.97 122.63 121.06 119.27 117.29 115.12 112.78 110.29 107.66 104.90 102.03 99.07 96.03 92.92 89.75 86.55 83.29 79.99 76.65 73.28 69.91 66.54 63.19 59.87 56.61 53.40 50.27 47.22 44.28 41.46 38.77 36.22 33.83 31.62 29.59 27.76 26.15 24.76 23.62 22.74 22.12 21.77 21.67 21.80
58.50 59.81 61.41 63.27 65.39 67.72 70.25 72.96 75.82 78.81 81.91 85.09 88.32 91.59 94.88 98.15 101.39 104.58 107.68 110.68 113.55 116.27 118.81 121.08 122.82 124.04 124.89 125.41 125.61 125.51 125.13 124.48 123.57 122.43 121.05 119.47 117.69 115.72 113.60 111.32 108.90 106.36 103.71 100.98 98.16 95.28 92.36 89.39 86.36 83.20 79.99 76.74 73.47 70.18 66.89 63.61 60.36 57.15 53.99 50.90 47.89 44.97 42.17 39.49 36.95 34.56 32.33 30.28 28.43 26.79 25.36 24.18 23.24 22.54 21.94 21.56 21.66
58.94 60.04 61.44 63.13 65.08 67.27 69.67 72.25 75.01 77.90 80.92 84.04 87.22 90.46 93.72 96.99 100.24 103.44 106.58 109.63 112.57 115.36 117.95 120.29 122.12 123.33 124.04 124.41 124.49 124.29 123.82 123.10 122.14 120.96 119.57 117.99 116.23 114.31 112.24 110.03 107.71 105.28 102.76 100.17 97.52 94.83 92.10 89.30 86.36 83.29 80.17 77.02 73.84 70.64 67.43 64.22 61.04 57.88 54.78 51.73 48.76 45.87 43.09 40.43 37.89 35.50 33.27 31.21 29.34 27.66 26.20 24.97 23.96 23.02 22.05 21.32 21.16
59.40 60.30 61.50 63.00 64.77 66.79 69.03 71.48 74.12 76.90 79.83 82.86 85.98 89.17 92.39 95.64 98.88 102.09 105.25 108.33 111.30 114.12 116.75 119.15 121.08 122.39 123.12 123.40 123.37 123.08 122.54 121.77 120.77 119.58 118.19 116.63 114.91 113.04 111.04 108.93 106.72 104.42 102.05 99.62 97.15 94.66 92.09 89.40 86.55 83.57 80.53 77.46 74.38 71.27 68.14 65.01 61.90 58.81 55.75 52.75 49.82 46.97 44.22 41.57 39.05 36.66 34.42 32.35 30.46 28.76 27.27 25.97 24.73 23.43 22.11 21.04 20.58
59.80 60.61 61.61 62.90 64.47 66.31 68.39 70.68 73.18 75.84 78.65 81.59 84.63 87.75 90.92 94.13 97.34 100.54 103.70 106.79 109.76 112.58 115.24 117.69 119.70 121.14 122.01 122.33 122.24 121.88 121.28 120.47 119.46 118.27 116.90 115.38 113.71 111.92 110.01 108.01 105.92 103.77 101.56 99.32 97.05 94.71 92.26 89.66 86.90 84.02 81.07 78.09 75.08 72.06 69.02 65.97 62.93 59.90 56.91 53.96 51.07 48.26 45.53 42.91 40.40 38.02 35.79 33.71 31.80 30.08 28.53 27.01 25.41 23.76 22.12 20.74 19.99
60.11 60.87 61.77 62.86 64.22 65.86 67.76 69.89 72.22 74.75 77.43 80.26 83.20 86.23 89.34 92.49 95.66 98.83 101.97 105.02 107.96 110.77 113.45 115.94 118.03 119.58 120.60 121.09 121.07 120.68 120.05 119.22 118.21 117.04 115.71 114.24 112.64 110.94 109.14 107.27 105.33 103.34 101.31 99.26 97.16 94.93 92.57 90.07 87.41 84.62 81.77 78.87 75.95 73.01 70.05 67.09 64.12 61.17 58.24 55.34 52.50 49.73 47.03 44.44 41.94 39.58 37.34 35.26 33.35 31.58 29.81 27.94 26.00 24.03 22.07 20.41 19.39
60.32 61.05 61.91 62.89 64.05 65.48 67.18 69.12 71.28 73.65 76.19 78.89 81.72 84.65 87.67 90.75 93.86 96.98 100.04 103.03 105.94 108.73 111.42 113.95 116.09 117.74 118.90 119.57 119.75 119.46 118.84 118.01 117.02 115.88 114.60 113.20 111.70 110.10 108.43 106.70 104.92 103.11 101.28 99.40 97.41 95.29 93.03 90.63 88.07 85.38 82.61 79.81 76.98 74.12 71.24 68.36 65.47 62.59 59.72 56.89 54.10 51.37 48.71 46.14 43.67 41.31 39.09 37.01 35.05 33.08 30.97 28.76 26.50 24.22 21.99 20.06 18.81
60.45 61.15 61.97 62.91 63.97 65.19 66.67 68.41 70.39 72.59 74.97 77.52 80.22 83.04 85.95 88.94 91.97 94.98 97.96 100.88 103.73 106.50 109.19 111.73 113.93 115.67 116.96 117.79 118.17 118.11 117.63 116.84 115.88 114.79 113.59 112.28 110.88 109.41 107.89 106.32 104.72 103.10 101.44 99.67 97.78 95.77 93.61 91.31 88.86 86.27 83.60 80.89 78.15 75.37 72.58 69.77 66.96 64.15 61.36 58.58 55.85 53.16 50.55 48.01 45.56 43.23 41.01 38.90 36.75 34.44 32.00 29.47 26.91 24.36 21.86 19.70 18.23
60.52 61.18 61.97 62.87 63.88 65.00 66.28 67.80 69.58 71.58 73.79 76.18 78.73 81.42 84.22 87.09 89.98 92.87 95.74 98.58 101.37 104.11 106.78 109.34 111.58 113.40 114.80 115.79 116.36 116.53 116.30 115.68 114.80 113.78 112.66 111.46 110.19 108.86 107.49 106.10 104.70 103.25 101.71 100.05 98.27 96.36 94.31 92.11 89.76 87.28 84.72 82.10 79.45 76.76 74.05 71.32 68.59 65.86 63.13 60.42 57.74 55.11 52.54 50.03 47.62 45.30 43.07 40.77 38.29 35.64 32.89 30.07 27.24 24.44 21.71 19.33 17.67
60.52 61.16 61.92 62.79 63.76 64.83 66.00 67.32 68.87 70.67 72.69 74.90 77.29 79.83 82.47 85.18 87.91 90.67 93.42 96.17 98.90 101.59 104.24 106.79 109.07 110.96 112.47 113.60 114.35 114.74 114.77 114.43 113.75 112.83 111.82 110.74 109.61 108.45 107.26 106.06 104.83 103.50 102.07 100.52 98.85 97.04 95.10 93.02 90.78 88.40 85.94 83.43 80.87 78.28 75.65 73.01 70.35 67.69 65.04 62.40 59.78 57.20 54.67 52.21 49.82 47.50 45.09 42.46 39.65 36.70 33.66 30.58 27.50 24.46 21.53 18.96 17.13
60.48 61.10 61.83 62.66 63.60 64.63 65.75 66.95 68.30 69.88 71.69 73.71 75.92 78.28 80.73 83.24 85.81 88.41 91.05 93.69 96.34 98.98 101.59 104.14 106.43 108.38 109.99 111.25 112.18 112.78 113.05 112.99 112.62 111.94 111.07 110.13 109.16 108.17 107.18 106.15 105.04 103.83 102.51 101.07 99.51 97.82 95.99 94.02 91.90 89.63 87.28 84.87 82.41 79.90 77.37 74.81 72.23 69.65 67.07 64.49 61.94 59.42 56.94 54.52 52.14 49.64 46.90 43.96 40.85 37.62 34.32 30.99 27.68 24.44 21.32 18.59 16.62
60.41 61.01 61.71 62.51 63.41 64.40 65.48 66.64 67.88 69.24 70.83 72.64 74.64 76.76 78.99 81.30 83.69 86.14 88.64 91.18 93.74 96.31 98.88 101.40 103.71 105.71 107.40 108.79 109.88 110.67 111.18 111.40 111.33 110.99 110.38 109.62 108.83 108.03 107.20 106.30 105.31 104.21 103.01 101.69 100.25 98.67 96.96 95.11 93.09 90.94 88.70 86.40 84.04 81.63 79.19 76.71 74.22 71.72 69.21 66.71 64.22 61.76 59.33 56.93 54.38 51.56 48.51 45.27 41.88 38.40 34.86 31.31 27.81 24.39 21.10 18.23 16.14
60.31 60.89 61.57 62.35 63.22 64.17 65.21 66.32 67.51 68.76 70.14 71.71 73.44 75.31 77.30 79.41 81.61 83.89 86.25 88.66 91.12 93.62 96.13 98.62 100.93 102.97 104.74 106.24 107.48 108.46 109.19 109.67 109.91 109.90 109.66 109.19 108.61 107.98 107.29 106.51 105.63 104.66 103.57 102.37 101.05 99.59 98.00 96.26 94.37 92.33 90.20 88.01 85.75 83.45 81.10 78.71 76.31 73.89 71.46 69.03 66.61 64.21 61.81 59.24 56.38 53.26 49.92 46.40 42.76 39.05 35.29 31.55 27.87 24.29 20.87 17.88 15.70
60.20 60.77 61.43 62.19 63.03 63.95 64.95 66.02 67.16 68.36 69.60 70.90 72.35 73.95 75.70 77.58 79.58 81.69 83.89 86.18 88.53 90.93 93.38 95.83 98.13 100.20 102.03 103.64 105.02 106.18 107.13 107.86 108.38 108.70 108.82 108.75 108.45 107.97 107.40 106.74 105.99 105.14 104.18 103.10 101.90 100.56 99.09 97.47 95.70 93.79 91.77 89.69 87.54 85.34 83.09 80.80 78.48 76.14 73.79 71.44 69.10 66.73 64.18 61.30 58.14 54.73 51.12 47.36 43.49 39.57 35.62 31.71 27.88 24.17 20.64 17.55 15.30
60.09 60.65 61.29 62.03 62.84 63.74 64.70 65.73 66.83 67.96 69.09 70.22 71.39 72.72 74.21 75.87 77.66 79.58 81.62 83.76 85.99 88.30 90.67 93.07 95.35 97.43 99.32 101.02 102.53 103.86 105.01 105.99 106.79 107.43 107.90 108.18 108.20 107.96 107.53 107.00 106.37 105.65 104.81 103.86 102.78 101.57 100.23 98.73 97.09 95.29 93.40 91.43 89.39 87.30 85.15 82.96 80.73 78.48 76.21 73.94 71.64 69.12 66.27 63.10 59.66 55.98 52.13 48.15 44.08 39.97 35.86 31.80 27.84 24.02 20.40 17.25 14.95
59.99 60.54 61.17 61.89 62.68 63.55 64.48 65.48 66.51 67.55 68.56 69.57 70.58 71.65 72.88 74.29 75.86 77.59 79.45 81.44 83.54 85.74 88.03 90.37 92.62 94.71 96.64 98.42 100.05 101.54 102.88 104.09 105.16 106.11 106.89 107.45 107.78 107.85 107.66 107.27 106.77 106.17 105.47 104.64 103.69 102.61 101.39 100.03 98.51 96.84 95.07 93.22 91.30 89.31 87.26 85.17 83.04 80.88 78.70 76.48 74.03 71.22 68.08 64.63 60.93 57.03 52.96 48.78 44.53 40.25 36.00 31.82 27.76 23.86 20.17 16.97 14.65
59.92 60.46 61.08 61.78 62.56 63.40 64.30 65.25 66.19 67.11 68.02 68.93 69.83 70.75 71.73 72.89 74.23 75.75 77.43 79.25 81.21 83.30 85.49 87.76 89.97 92.06 94.02 95.88 97.62 99.25 100.78 102.21 103.54 104.74 105.77 106.59 107.20 107.57 107.68 107.52 107.17 106.71 106.13 105.44 104.62 103.67 102.58 101.35 99.96 98.42 96.77 95.04 93.24 91.36 89.42 87.43 85.40 83.34 81.21 78.85 76.11 73.01 69.59 65.90 61.98 57.86 53.60 49.24 44.84 40.43 36.06 31.78 27.64 23.68 19.95 16.73 14.41
59.87 60.41 61.03 61.72 62.47 63.30 64.16 65.01 65.84 66.66 67.48 68.29 69.11 69.94 70.78 71.70 72.81 74.11 75.59 77.24 79.05 81.00 83.09 85.27 87.43 89.51 91.50 93.42 95.26 97.03 98.73 100.37 101.91 103.32 104.56 105.62 106.48 107.12 107.52 107.67 107.55 107.23 106.79 106.23 105.55 104.73 103.78 102.68 101.42 100.01 98.50 96.89 95.20 93.44 91.61 89.73 87.80 85.80 83.54 80.88 77.85 74.49 70.83 66.91 62.79 58.49 54.06 49.56 45.02 40.50 36.04 31.68 27.49 23.49 19.74 16.53 14.24
59.87 60.41 61.02 61.70 62.45 63.23 64.01 64.76 65.50 66.23 66.96 67.69 68.42 69.17 69.94 70.73 71.61 72.68 73.96 75.43 77.08 78.89 80.86 82.95 85.06 87.11 89.12 91.08 93.01 94.91 96.77 98.58 100.28 101.86 103.29 104.56 105.65 106.54 107.21 107.64 107.82 107.73 107.44 107.02 106.47 105.79 104.97 104.01 102.89 101.61 100.23 98.75 97.18 95.54 93.83 92.05 90.19 88.06 85.51 82.57 79.27 75.66 71.78 67.67 63.36 58.91 54.35 49.72 45.08 40.47 35.94 31.54 27.31 23.30 19.56 16.37 14.13
59.93 60.47 61.08 61.76 62.47 63.17 63.85 64.52 65.17 65.82 66.47 67.12 67.79 68.47 69.17 69.90 70.66 71.52 72.58 73.86 75.34 77.00 78.84 80.83 82.86 84.88 86.89 88.90 90.91 92.92 94.91 96.83 98.66 100.39 101.99 103.44 104.73 105.84 106.75 107.45 107.90 108.11 108.04 107.77 107.37 106.83 106.15 105.32 104.34 103.21 101.96 100.61 99.17 97.64 96.05 94.35 92.37 89.95 87.11 83.91 80.37 76.54 72.46 68.17 63.71 59.13 54.46 49.74 45.02 40.34 35.77 31.34 27.10 23.11 19.40 16.26 14.10
60.05 60.60 61.21 61.86 62.50 63.12 63.71 64.30 64.88 65.45 66.03 66.61 67.21 67.83 68.48 69.16 69.87 70.63 71.49 72.56 73.86 75.36 77.07 78.94 80.89 82.87 84.87 86.91 88.98 91.07 93.13 95.14 97.07 98.92 100.66 102.28 103.75 105.06 106.19 107.12 107.83 108.30 108.53 108.48 108.23 107.84 107.30 106.62 105.78 104.79 103.67 102.46 101.14 99.74 98.23 96.41 94.14 91.44 88.34 84.90 81.14 77.12 72.86 68.42 63.84 59.14 54.38 49.60 44.83 40.13 35.53 31.10 26.89 22.92 19.27 16.21 14.15
60.25 60.81 61.41 61.99 62.55 63.08 63.60 64.12 64.62 65.13 65.65 66.18 66.72 67.29 67.89 68.52 69.20 69.91 70.68 71.57 72.67 74.01 75.57 77.32 79.18 81.10 83.09 85.14 87.25 89.36 91.46 93.53 95.55 97.49 99.35 101.10 102.73 104.21 105.53 106.67 107.61 108.34 108.83 109.07 109.04 108.80 108.41 107.88 107.18 106.33 105.36 104.28 103.10 101.79 100.16 98.06 95.51 92.54 89.21 85.55 81.60 77.40 73.00 68.43 63.73 58.96 54.14 49.31 44.53 39.82 35.24 30.83 26.66 22.75 19.18 16.22 14.28
60.54 61.09 61.62 62.13 62.61 63.08 63.53 63.98 64.43 64.88 65.35 65.83 66.33 66.86 67.42 68.01 68.65 69.34 70.09 70.89 71.82 72.98 74.38 76.00 77.75 79.61 81.57 83.61 85.70 87.81 89.93 92.03 94.10 96.12 98.07 99.93 101.69 103.32 104.81 106.14 107.29 108.24 108.97 109.47 109.72 109.71 109.48 109.09 108.54 107.84 107.01 106.07 104.99 103.57 101.66 99.27 96.46 93.26 89.72 85.86 81.74 77.40 72.87 68.19 63.42 58.58 53.72 48.88 44.10 39.42 34.88 30.53 26.42 22.60 19.13 16.30 14.51
60.91 61.40 61.86 62.30 62.72 63.12 63.52 63.92 64.31 64.72 65.14 65.58 66.05 66.54 67.07 67.64 68.26 68.93 69.66 70.45 71.31 72.30 73.54 75.01 76.65 78.44 80.33 82.32 84.36 86.44 88.55 90.66 92.76 94.83 96.85 98.79 100.66 102.41 104.05 105.54 106.87 108.02 108.97 109.71 110.22 110.47 110.47 110.24 109.84 109.29 108.61 107.77 106.58 104.88 102.69 100.06 97.01 93.60 89.86 85.84 81.57 77.10 72.47 67.71 62.88 58.00 53.13 48.29 43.54 38.92 34.45 30.19 26.18 22.47 19.13 16.45 14.82
61.32 61.74 62.14 62.52 62.88 63.23 63.58 63.93 64.29 64.66 65.04 65.45 65.89 66.36 66.87 67.42 68.02 68.68 69.40 70.19 71.05 71.99 73.07 74.39 75.91 77.59 79.38 81.28 83.25 85.28 87.35 89.45 91.55 93.65 95.71 97.72 99.66 101.52 103.27 104.90 106.38 107.71 108.86 109.82 110.56 111.06 111.32 111.31 111.08 110.68 110.11 109.17 107.70 105.73 103.28 100.41 97.16 93.56 89.65 85.49 81.10 76.52 71.81 67.00 62.13 57.24 52.38 47.57 42.87 38.32 33.95 29.81 25.94 22.37 19.19 16.67 15.14
61.76 62.13 62.47 62.80 63.11 63.42 63.73 64.04 64.37 64.71 65.06 65.45 65.87 66.32 66.82 67.37 67.97 68.62 69.35 70.14 71.01 71.96 72.99 74.18 75.55 77.07 78.73 80.51 82.39 84.34 86.36 88.42 90.50 92.59 94.67 96.72 98.72 100.65 102.50 104.24 105.86 107.34 108.66 109.80 110.75 111.48 111.98 112.23 112.22 111.96 111.29 110.07 108.33 106.10 103.43 100.35 96.90 93.14 89.09 84.80 80.32 75.67 70.90 66.06 61.17 56.29 51.46 46.71 42.09 37.63 33.39 29.39 25.68 22.30 19.29 16.87 15.08
62.22 62.54 62.84 63.13 63.41 63.68 63.96 64.25 64.55 64.87 65.21 65.58 65.99 66.44 66.94 67.48 68.09 68.76 69.49 70.30 71.19 72.16 73.21 74.33 75.52 76.87 78.38 80.01 81.77 83.62 85.56 87.56 89.60 91.66 93.73 95.79 97.83 99.81 101.73 103.56 105.29 106.89 108.36 109.67 110.80 111.74 112.46 112.95 113.26 113.35 112.51 111.02 109.03 106.58 103.70 100.44 96.83 92.93 88.77 84.38 79.82 75.12 70.32 65.47 60.60 55.76 50.99 46.32 41.80 37.46 33.36 29.53 26.01 22.84 20.03 17.46 15.24
62.65 62.93 63.20 63.46 63.71 63.97 64.23 64.50 64.79 65.10 65.44 65.82 66.23 66.69 67.19 67.76 68.38 69.07 69.83 70.66 71.58 72.58 73.63 74.66 75.73 76.90 78.22 79.70 81.31 83.04 84.87 86.78 88.76 90.78 92.82 94.87 96.91 98.92 100.89 102.79 104.60 106.31 107.90 109.35 110.65 111.77 112.69 113.46 114.47 115.55 115.16 113.52 111.31 108.66 105.61 102.20 98.47 94.45 90.20 85.76 81.15 76.43 71.64 66.81 61.99 57.21 52.53 47.97 43.58 39.41 35.48 31.85 28.55 25.60 22.90 20.29 17.78
63.01 63.27 63.52 63.77 64.01 64.26 64.52 64.79 65.08 65.40 65.75 66.14 66.57 67.05 67.58 68.17 68.82 69.55 70.34 71.22 72.18 73.18 74.14 75.09 76.07 77.11 78.25 79.55 81.00 82.58 84.28 86.09 87.97 89.92 91.92 93.94 95.96 97.98 99.97 101.91 103.79 105.59 107.28 108.85 110.28 111.56 112.72 114.12 116.10 118.18 118.73 117.51 115.20 112.39 109.19 105.66 101.83 97.75 93.45 88.97 84.36 79.65 74.89 70.12 65.37 60.70 56.14 51.72 47.50 43.51 39.80 36.40 33.34 30.56 27.93 25.35 22.80
