data_processed/recharge/precip/Precip_1993_07.asc
ncols        168
nrows        136
xllcorner    455000
yllcorner    2107000
cellsize     500
NODATA_value     -99999
[rows 64 to 95 of 136, columns 72 to 143 of 168]
130.75 128.08 125.59 123.33 121.34 119.70 118.45 117.55 116.95 116.60 116.44 116.42 116.49 116.60 116.69 116.71 116.55 116.12 115.40 114.41 113.19 111.78 110.26 108.65 107.02 105.40 103.85 102.41 101.14 100.07 99.22 98.43 97.62 96.78 95.93 95.07 94.20 93.33 92.47 91.62 90.78 89.97 89.21 88.52 87.91 87.38 86.95 86.62 86.42 86.34 86.42 86.65 87.05 87.64 88.42 89.41 90.55 91.75 93.00 94.31 95.66 97.05 98.47 99.93 101.42 102.93 104.46 106.03 107.65 109.32 111.05 112.81
131.00 128.40 125.96 123.74 121.78 120.15 118.91 118.02 117.42 117.06 116.90 116.87 116.93 117.02 117.10 117.10 116.98 116.63 115.98 115.04 113.88 112.54 111.06 109.50 107.90 106.31 104.78 103.35 102.08 101.00 100.14 99.33 98.49 97.64 96.76 95.88 94.99 94.10 93.21 92.33 91.47 90.62 89.81 89.05 88.38 87.79 87.30 86.92 86.67 86.55 86.58 86.77 87.13 87.68 88.44 89.40 90.51 91.69 92.94 94.24 95.60 97.01 98.46 99.95 101.47 103.03 104.61 106.22 107.86 109.56 111.31 113.09
131.13 128.60 126.22 124.04 122.11 120.50 119.27 118.38 117.79 117.44 117.27 117.24 117.29 117.37 117.44 117.42 117.28 116.96 116.39 115.54 114.45 113.18 111.76 110.25 108.69 107.13 105.63 104.21 102.95 101.87 101.00 100.18 99.33 98.46 97.57 96.67 95.77 94.86 93.95 93.06 92.17 91.30 90.46 89.65 88.91 88.25 87.70 87.26 86.95 86.78 86.76 86.91 87.23 87.74 88.45 89.38 90.47 91.63 92.86 94.16 95.52 96.94 98.40 99.92 101.48 103.08 104.71 106.37 108.06 109.78 111.55 113.36
131.12 128.67 126.35 124.21 122.32 120.73 119.52 118.65 118.07 117.72 117.56 117.53 117.58 117.65 117.70 117.68 117.52 117.19 116.65 115.89 114.88 113.68 112.33 110.88 109.37 107.85 106.38 104.99 103.74 102.67 101.79 100.97 100.12 99.24 98.35 97.44 96.53 95.61 94.69 93.78 92.88 92.00 91.14 90.30 89.49 88.77 88.15 87.65 87.28 87.05 86.97 87.07 87.34 87.81 88.48 89.37 90.42 91.56 92.77 94.06 95.42 96.84 98.32 99.86 101.44 103.08 104.75 106.46 108.21 109.97 111.77 113.59
130.98 128.60 126.35 124.27 122.41 120.85 119.66 118.81 118.24 117.91 117.75 117.73 117.78 117.85 117.90 117.86 117.68 117.33 116.80 116.09 115.17 114.05 112.78 111.39 109.94 108.47 107.03 105.67 104.44 103.39 102.52 101.70 100.85 99.97 99.08 98.17 97.26 96.34 95.42 94.50 93.60 92.71 91.82 90.96 90.12 89.34 88.65 88.08 87.64 87.35 87.21 87.25 87.47 87.89 88.51 89.36 90.37 91.48 92.67 93.94 95.29 96.71 98.20 99.75 101.36 103.03 104.74 106.50 108.29 110.10 111.93 113.77
130.69 128.40 126.22 124.19 122.37 120.84 119.68 118.86 118.31 117.99 117.85 117.83 117.89 117.97 118.01 117.94 117.73 117.37 116.85 116.17 115.32 114.28 113.09 111.77 110.38 108.97 107.58 106.26 105.06 104.02 103.17 102.36 101.52 100.65 99.77 98.87 97.96 97.04 96.12 95.21 94.30 93.40 92.50 91.61 90.76 89.94 89.19 88.55 88.04 87.68 87.48 87.45 87.62 87.98 88.55 89.35 90.32 91.39 92.55 93.80 95.14 96.56 98.05 99.61 101.24 102.93 104.68 106.47 108.30 110.15 112.01 113.88
130.26 128.06 125.95 123.99 122.21 120.72 119.59 118.79 118.27 117.97 117.85 117.85 117.91 117.99 118.00 117.89 117.65 117.28 116.77 116.12 115.32 114.36 113.25 112.02 110.70 109.35 108.01 106.74 105.57 104.57 103.73 102.94 102.12 101.27 100.40 99.51 98.61 97.71 96.80 95.90 94.98 94.06 93.14 92.25 91.38 90.55 89.76 89.06 88.47 88.04 87.77 87.68 87.78 88.08 88.60 89.34 90.26 91.29 92.42 93.65 94.97 96.37 97.86 99.43 101.07 102.78 104.55 106.37 108.23 110.11 112.00 113.90
129.68 127.57 125.54 123.64 121.92 120.47 119.37 118.61 118.11 117.84 117.74 117.76 117.83 117.87 117.82 117.66 117.40 117.03 116.53 115.91 115.17 114.29 113.27 112.12 110.88 109.60 108.32 107.10 105.98 105.01 104.21 103.44 102.64 101.81 100.96 100.10 99.22 98.34 97.44 96.53 95.60 94.67 93.75 92.84 91.96 91.12 90.33 89.59 88.95 88.44 88.09 87.93 87.96 88.20 88.65 89.34 90.20 91.19 92.28 93.47 94.77 96.16 97.64 99.21 100.86 102.58 104.37 106.20 108.07 109.97 111.89 113.81
128.94 126.93 124.99 123.16 121.49 120.09 119.03 118.30 117.84 117.60 117.53 117.56 117.59 117.55 117.44 117.24 116.96 116.58 116.11 115.53 114.84 114.04 113.11 112.07 110.92 109.71 108.51 107.35 106.28 105.35 104.58 103.84 103.08 102.28 101.46 100.62 99.77 98.91 98.01 97.09 96.16 95.22 94.29 93.38 92.50 91.65 90.85 90.11 89.44 88.86 88.44 88.20 88.16 88.32 88.71 89.33 90.14 91.07 92.12 93.28 94.55 95.92 97.39 98.95 100.60 102.33 104.11 105.95 107.83 109.74 111.67 113.60
128.05 126.14 124.29 122.53 120.93 119.57 118.56 117.87 117.45 117.24 117.19 117.17 117.11 117.00 116.83 116.60 116.30 115.92 115.47 114.93 114.31 113.59 112.76 111.83 110.80 109.68 108.55 107.46 106.45 105.57 104.85 104.15 103.42 102.66 101.88 101.08 100.25 99.39 98.49 97.57 96.63 95.70 94.77 93.85 92.97 92.12 91.32 90.58 89.90 89.30 88.81 88.49 88.37 88.46 88.78 89.33 90.07 90.95 91.95 93.07 94.30 95.65 97.10 98.65 100.29 102.01 103.78 105.62 107.49 109.40 111.33 113.27
127.00 125.19 123.43 121.76 120.22 118.91 117.95 117.31 116.93 116.75 116.64 116.52 116.37 116.18 115.96 115.70 115.39 115.02 114.59 114.10 113.54 112.90 112.18 111.38 110.49 109.50 108.46 107.44 106.50 105.68 105.00 104.35 103.67 102.95 102.21 101.44 100.62 99.76 98.86 97.95 97.01 96.08 95.15 94.24 93.36 92.51 91.71 90.97 90.30 89.70 89.20 88.81 88.60 88.61 88.85 89.33 90.00 90.82 91.76 92.84 94.04 95.35 96.78 98.31 99.92 101.62 103.38 105.20 107.06 108.96 110.88 112.81
125.81 124.09 122.42 120.83 119.36 118.11 117.21 116.61 116.27 116.03 115.80 115.57 115.33 115.08 114.81 114.52 114.19 113.84 113.44 113.00 112.51 111.96 111.35 110.68 109.93 109.11 108.20 107.28 106.41 105.65 105.03 104.44 103.81 103.14 102.44 101.68 100.87 100.01 99.12 98.21 97.29 96.36 95.44 94.53 93.66 92.82 92.02 91.29 90.62 90.03 89.53 89.12 88.85 88.78 88.93 89.33 89.93 90.68 91.56 92.59 93.74 95.02 96.42 97.91 99.50 101.16 102.90 104.69 106.53 108.41 110.31 112.23
124.53 122.84 121.25 119.74 118.35 117.17 116.32 115.76 115.35 114.98 114.63 114.29 113.97 113.65 113.34 113.02 112.69 112.35 111.99 111.60 111.18 110.73 110.23 109.69 109.10 108.44 107.73 106.95 106.17 105.49 104.93 104.40 103.83 103.21 102.53 101.78 100.98 100.13 99.25 98.35 97.43 96.52 95.60 94.71 93.84 93.01 92.23 91.51 90.85 90.27 89.77 89.38 89.09 88.95 89.02 89.33 89.85 90.53 91.35 92.32 93.43 94.66 96.01 97.46 99.01 100.63 102.33 104.09 105.90 107.74 109.61 111.50
123.18 121.50 119.94 118.50 117.18 116.07 115.26 114.64 114.08 113.57 113.09 112.66 112.26 111.88 111.53 111.19 110.86 110.54 110.21 109.88 109.54 109.18 108.80 108.40 107.96 107.48 106.96 106.39 105.78 105.18 104.70 104.24 103.72 103.12 102.45 101.71 100.93 100.10 99.23 98.34 97.44 96.54 95.64 94.76 93.91 93.09 92.32 91.61 90.97 90.40 89.92 89.54 89.26 89.11 89.11 89.33 89.77 90.37 91.13 92.04 93.08 94.26 95.55 96.95 98.44 100.02 101.67 103.39 105.15 106.96 108.79 110.64
121.75 120.08 118.53 117.11 115.86 114.79 113.91 113.13 112.41 111.76 111.18 110.65 110.17 109.74 109.34 108.99 108.66 108.36 108.08 107.81 107.55 107.29 107.03 106.76 106.48 106.19 105.87 105.52 105.13 104.72 104.33 103.92 103.42 102.84 102.19 101.48 100.71 99.89 99.05 98.18 97.30 96.41 95.53 94.67 93.83 93.04 92.28 91.59 90.96 90.41 89.95 89.59 89.33 89.19 89.18 89.33 89.68 90.21 90.89 91.73 92.71 93.82 95.04 96.38 97.81 99.33 100.92 102.58 104.29 106.05 107.83 109.64
120.28 118.60 117.05 115.64 114.40 113.27 112.22 111.26 110.39 109.60 108.90 108.28 107.73 107.24 106.81 106.44 106.12 105.84 105.60 105.39 105.21 105.06 104.92 104.80 104.68 104.56 104.44 104.31 104.17 104.01 103.85 103.52 103.04 102.48 101.85 101.15 100.40 99.61 98.78 97.93 97.06 96.20 95.34 94.49 93.67 92.89 92.16 91.48 90.88 90.34 89.90 89.55 89.31 89.19 89.20 89.34 89.62 90.06 90.66 91.42 92.32 93.35 94.51 95.77 97.13 98.58 100.11 101.71 103.36 105.05 106.78 108.53
118.86 117.16 115.59 114.18 112.91 111.70 110.49 109.35 108.32 107.39 106.56 105.83 105.20 104.64 104.17 103.77 103.44 103.18 102.97 102.81 102.71 102.64 102.62 102.62 102.66 102.71 102.78 102.86 102.95 103.15 103.51 103.49 103.06 102.50 101.87 101.18 100.43 99.64 98.81 97.96 97.10 96.24 95.38 94.53 93.72 92.94 92.21 91.53 90.93 90.40 89.95 89.61 89.37 89.25 89.26 89.41 89.67 90.05 90.56 91.24 92.06 93.01 94.08 95.27 96.56 97.94 99.40 100.93 102.51 104.14 105.81 107.50
117.51 115.77 114.17 112.72 111.39 110.13 108.84 107.55 106.34 105.25 104.29 103.44 102.70 102.07 101.53 101.09 100.74 100.47 100.28 100.17 100.12 100.13 100.20 100.32 100.49 100.70 100.94 101.22 101.63 102.33 103.24 103.74 103.59 103.06 102.40 101.69 100.92 100.11 99.26 98.39 97.51 96.62 95.74 94.88 94.04 93.24 92.49 91.79 91.16 90.61 90.15 89.78 89.52 89.39 89.40 89.56 89.83 90.18 90.63 91.22 91.95 92.83 93.82 94.93 96.15 97.45 98.84 100.30 101.82 103.38 104.99 106.62
116.18 114.38 112.74 111.25 109.87 108.54 107.20 105.83 104.48 103.22 102.10 101.12 100.26 99.53 98.92 98.43 98.04 97.75 97.57 97.47 97.46 97.54 97.69 97.91 98.20 98.55 98.96 99.52 100.40 101.60 103.01 104.01 104.33 104.04 103.39 102.63 101.82 100.96 100.07 99.16 98.23 97.30 96.38 95.47 94.59 93.74 92.95 92.21 91.53 90.94 90.43 90.02 89.72 89.59 89.61 89.78 90.05 90.41 90.84 91.36 92.01 92.80 93.72 94.75 95.89 97.12 98.44 99.82 101.27 102.77 104.31 105.88
114.83 112.98 111.31 109.77 108.34 106.96 105.55 104.14 102.72 101.32 100.03 98.90 97.91 97.07 96.37 95.80 95.36 95.05 94.85 94.76 94.78 94.90 95.12 95.43 95.82 96.30 96.96 97.95 99.29 100.95 102.82 104.27 105.04 105.18 104.74 103.95 103.07 102.15 101.19 100.21 99.22 98.22 97.23 96.25 95.31 94.39 93.53 92.72 91.98 91.32 90.74 90.28 89.98 89.85 89.89 90.06 90.34 90.70 91.13 91.63 92.22 92.93 93.76 94.71 95.77 96.93 98.17 99.49 100.87 102.30 103.78 105.28
113.45 111.58 109.88 108.31 106.82 105.38 103.92 102.45 100.99 99.53 98.11 96.81 95.68 94.71 93.90 93.25 92.74 92.38 92.15 92.06 92.09 92.24 92.51 92.89 93.38 94.07 95.11 96.53 98.29 100.38 102.65 104.51 105.69 106.23 106.17 105.55 104.62 103.61 102.56 101.49 100.41 99.32 98.24 97.18 96.14 95.14 94.18 93.29 92.46 91.70 91.05 90.58 90.29 90.18 90.23 90.41 90.70 91.06 91.49 91.99 92.56 93.19 93.95 94.82 95.80 96.88 98.05 99.29 100.60 101.97 103.37 104.81
112.08 110.20 108.47 106.86 105.32 103.82 102.31 100.79 99.28 97.78 96.30 94.87 93.58 92.48 91.55 90.79 90.20 89.78 89.51 89.39 89.42 89.59 89.89 90.33 90.99 92.03 93.47 95.27 97.41 99.86 102.50 104.72 106.27 107.16 107.46 107.18 106.39 105.30 104.14 102.95 101.76 100.56 99.37 98.19 97.04 95.92 94.86 93.85 92.90 92.06 91.39 90.93 90.66 90.57 90.63 90.82 91.11 91.48 91.91 92.41 92.97 93.59 94.27 95.06 95.96 96.97 98.06 99.23 100.46 101.76 103.10 104.47
110.74 108.84 107.09 105.44 103.85 102.30 100.73 99.16 97.60 96.06 94.54 93.06 91.65 90.39 89.33 88.45 87.77 87.27 86.94 86.78 86.79 86.96 87.29 87.87 88.85 90.24 92.01 94.15 96.62 99.40 102.37 104.90 106.76 107.98 108.58 108.61 108.11 107.12 105.86 104.54 103.21 101.87 100.54 99.23 97.95 96.70 95.49 94.35 93.29 92.43 91.78 91.34 91.09 91.01 91.08 91.28 91.58 91.95 92.39 92.88 93.44 94.05 94.71 95.43 96.26 97.18 98.19 99.29 100.45 101.67 102.94 104.25
109.44 107.52 105.74 104.05 102.42 100.81 99.19 97.57 95.97 94.39 92.83 91.32 89.86 88.48 87.27 86.27 85.47 84.87 84.47 84.26 84.24 84.40 84.84 85.69 86.97 88.66 90.74 93.17 95.93 98.99 102.23 105.04 107.17 108.66 109.53 109.82 109.58 108.84 107.64 106.20 104.71 103.21 101.73 100.25 98.81 97.40 96.04 94.76 93.68 92.84 92.22 91.80 91.56 91.50 91.58 91.79 92.09 92.47 92.91 93.41 93.96 94.57 95.22 95.92 96.67 97.51 98.45 99.46 100.55 101.70 102.90 104.14
108.18 106.25 104.44 102.72 101.04 99.37 97.70 96.04 94.39 92.77 91.18 89.64 88.15 86.73 85.40 84.25 83.33 82.62 82.14 81.86 81.79 82.02 82.69 83.81 85.36 87.31 89.64 92.32 95.32 98.62 102.10 105.14 107.49 109.20 110.29 110.81 110.78 110.25 109.26 107.84 106.20 104.52 102.85 101.20 99.57 97.98 96.48 95.17 94.11 93.29 92.69 92.30 92.08 92.03 92.12 92.34 92.65 93.03 93.47 93.97 94.52 95.12 95.77 96.46 97.18 97.96 98.81 99.75 100.77 101.84 102.97 104.13
106.97 105.03 103.20 101.44 99.72 97.99 96.27 94.56 92.87 91.21 89.59 88.02 86.50 85.06 83.69 82.43 81.37 80.54 79.96 79.60 79.57 79.99 80.89 82.23 84.00 86.17 88.71 91.59 94.79 98.29 101.95 105.17 107.71 109.59 110.87 111.56 111.71 111.35 110.52 109.25 107.60 105.75 103.88 102.02 100.19 98.43 96.89 95.61 94.58 93.79 93.21 92.83 92.63 92.59 92.70 92.93 93.25 93.63 94.07 94.57 95.12 95.72 96.36 97.04 97.76 98.50 99.29 100.15 101.09 102.09 103.14 104.20
105.83 103.88 102.03 100.23 98.46 96.69 94.92 93.16 91.43 89.73 88.07 86.47 84.93 83.47 82.08 80.79 79.62 78.66 77.96 77.60 77.72 78.34 79.42 80.95 82.90 85.23 87.94 90.98 94.33 97.97 101.77 105.14 107.81 109.84 111.24 112.06 112.34 112.11 111.40 110.26 108.71 106.82 104.74 102.66 100.64 98.84 97.33 96.08 95.08 94.31 93.76 93.40 93.22 93.20 93.31 93.55 93.88 94.27 94.71 95.21 95.76 96.35 96.99 97.66 98.36 99.10 99.85 100.65 101.51 102.42 103.37 104.29
104.77 102.81 100.93 99.11 97.29 95.46 93.64 91.84 90.07 88.33 86.64 85.01 83.45 81.97 80.57 79.26 78.07 77.01 76.27 76.03 76.30 77.06 78.29 79.95 82.03 84.49 87.32 90.47 93.93 97.68 101.58 105.03 107.80 109.91 111.41 112.31 112.67 112.52 111.90 110.83 109.36 107.53 105.37 103.11 101.04 99.28 97.79 96.58 95.61 94.87 94.34 94.00 93.84 93.83 93.96 94.20 94.54 94.93 95.38 95.88 96.43 97.02 97.64 98.31 99.00 99.72 100.47 101.23 102.01 102.82 103.61 104.40
103.80 101.82 99.93 98.06 96.20 94.33 92.46 90.61 88.80 87.03 85.31 83.65 82.06 80.56 79.15 77.83 76.63 75.64 75.03 74.91 75.29 76.15 77.48 79.24 81.40 83.94 86.84 90.06 93.59 97.39 101.34 104.85 107.67 109.82 111.36 112.31 112.71 112.59 112.00 110.97 109.53 107.72 105.63 103.47 101.46 99.73 98.28 97.10 96.16 95.45 94.94 94.62 94.48 94.48 94.63 94.88 95.22 95.62 96.07 96.57 97.12 97.70 98.33 98.98 99.66 100.37 101.10 101.84 102.56 103.22 103.87 104.53
102.92 100.93 99.02 97.12 95.22 93.29 91.37 89.48 87.63 85.83 84.08 82.39 80.78 79.26 77.83 76.52 75.40 74.63 74.24 74.23 74.68 75.61 76.98 78.79 80.99 83.57 86.49 89.74 93.29 97.11 101.07 104.58 107.40 109.55 111.09 112.03 112.43 112.30 111.70 110.65 109.20 107.43 105.56 103.70 101.88 100.21 98.79 97.64 96.73 96.04 95.56 95.27 95.14 95.16 95.31 95.58 95.92 96.33 96.78 97.28 97.83 98.41 99.03 99.67 100.35 101.04 101.75 102.44 103.05 103.61 104.14 104.67
102.14 100.15 98.21 96.29 94.34 92.36 90.40 88.47 86.58 84.74 82.96 81.25 79.62 78.08 76.65 75.40 74.50 73.97 73.79 73.95 74.47 75.41 76.79 78.60 80.80 83.37 86.28 89.51 93.03 96.81 100.74 104.21 106.98 109.10 110.59 111.48 111.82 111.65 110.99 109.89 108.43 106.86 105.28 103.72 102.18 100.68 99.32 98.20 97.32 96.65 96.20 95.92 95.81 95.85 96.01 96.29 96.64 97.05 97.51 98.01 98.55 99.13 99.74 100.38 101.05 101.73 102.38 102.96 103.48 103.95 104.39 104.81
101.49 99.49 97.53 95.58 93.59 91.56 89.55 87.58 85.65 83.78 81.97 80.23 78.58 77.03 75.67 74.64 73.96 73.63 73.63 73.96 74.59 75.55 76.90 78.67 80.82 83.33 86.19 89.35 92.80 96.51 100.35 103.74 106.43 108.45 109.85 110.65 110.90 110.62 109.87 108.72 107.44 106.14 104.84 103.55 102.28 101.04 99.83 98.76 97.91 97.27 96.84 96.59 96.49 96.55 96.72 97.01 97.37 97.78 98.24 98.75 99.29 99.86 100.47 101.10 101.75 102.37 102.92 103.41 103.84 104.23 104.60 104.95
