data_processed/recharge/precip/Precip_1999_03.asc
ncols        168
nrows        136
xllcorner    455000
yllcorner    2107000
cellsize     500
NODATA_value     -99999
[rows 72 to 107 of 136, columns 81 to 161 of 168]
7.99 7.76 7.54 7.32 7.11 6.91 6.72 6.52 6.33 6.14 5.95 5.76 5.56 5.36 5.15 4.94 4.74 4.54 4.34 4.15 3.97 3.79 3.61 3.42 3.22 3.03 2.83 2.63 2.44 2.26 2.11 1.98 1.88 1.81 1.77 1.75 1.76 1.79 1.86 1.95 2.10 2.31 2.58 2.89 3.26 3.66 4.10 4.57 5.01 5.40 5.75 6.06 6.32 6.54 6.70 6.83 6.93 7.03 7.12 7.19 7.26 7.32 7.36 7.39 7.41 7.41 7.42 7.42 7.41 7.40 7.39 7.37 7.34 7.31 7.27 7.24 7.22 7.21 7.21 7.21 7.23
7.77 7.54 7.32 7.11 6.92 6.73 6.54 6.37 6.19 6.02 5.85 5.67 5.50 5.31 5.12 4.93 4.74 4.55 4.36 4.18 4.00 3.83 3.65 3.47 3.28 3.08 2.89 2.70 2.51 2.35 2.22 2.11 2.02 1.97 1.93 1.93 1.94 1.98 2.05 2.13 2.25 2.42 2.65 2.92 3.25 3.62 4.03 4.46 4.87 5.23 5.55 5.83 6.06 6.24 6.38 6.50 6.62 6.73 6.83 6.93 7.01 7.09 7.15 7.20 7.25 7.27 7.29 7.30 7.31 7.32 7.32 7.31 7.29 7.27 7.25 7.23 7.23 7.23 7.24 7.26 7.29
7.56 7.33 7.12 6.92 6.73 6.55 6.38 6.21 6.05 5.89 5.74 5.58 5.42 5.26 5.09 4.91 4.74 4.56 4.38 4.20 4.03 3.87 3.69 3.51 3.32 3.13 2.94 2.76 2.60 2.46 2.34 2.25 2.18 2.14 2.11 2.11 2.14 2.18 2.24 2.33 2.43 2.56 2.75 2.98 3.27 3.60 3.97 4.36 4.73 5.06 5.34 5.58 5.77 5.92 6.06 6.19 6.32 6.44 6.55 6.66 6.76 6.85 6.94 7.01 7.07 7.12 7.16 7.19 7.22 7.24 7.25 7.25 7.25 7.24 7.24 7.24 7.24 7.26 7.29 7.32 7.36
7.37 7.14 6.93 6.74 6.55 6.38 6.22 6.06 5.91 5.77 5.62 5.48 5.34 5.19 5.04 4.88 4.72 4.55 4.39 4.22 4.06 3.89 3.73 3.55 3.37 3.18 3.00 2.84 2.69 2.58 2.48 2.40 2.35 2.31 2.30 2.31 2.33 2.38 2.44 2.52 2.62 2.74 2.88 3.07 3.30 3.59 3.92 4.27 4.60 4.88 5.12 5.32 5.47 5.61 5.76 5.89 6.03 6.16 6.28 6.40 6.52 6.62 6.72 6.81 6.90 6.97 7.03 7.08 7.12 7.16 7.19 7.21 7.22 7.23 7.23 7.25 7.27 7.31 7.35 7.39 7.44
7.20 6.97 6.76 6.57 6.39 6.22 6.06 5.91 5.77 5.64 5.50 5.37 5.24 5.11 4.98 4.84 4.69 4.54 4.39 4.23 4.07 3.92 3.75 3.58 3.40 3.23 3.07 2.93 2.81 2.71 2.63 2.57 2.52 2.50 2.49 2.50 2.53 2.58 2.64 2.71 2.81 2.91 3.03 3.18 3.36 3.60 3.88 4.18 4.46 4.70 4.89 5.05 5.19 5.33 5.48 5.62 5.76 5.89 6.03 6.16 6.28 6.40 6.52 6.62 6.72 6.81 6.90 6.97 7.03 7.08 7.13 7.17 7.19 7.22 7.24 7.28 7.32 7.37 7.42 7.47 7.53
7.06 6.82 6.61 6.41 6.23 6.07 5.91 5.77 5.63 5.51 5.38 5.26 5.15 5.03 4.91 4.78 4.65 4.52 4.37 4.23 4.08 3.93 3.77 3.60 3.43 3.28 3.15 3.03 2.93 2.85 2.78 2.74 2.70 2.69 2.69 2.70 2.73 2.78 2.83 2.90 2.99 3.08 3.19 3.31 3.45 3.63 3.85 4.10 4.33 4.51 4.66 4.80 4.94 5.08 5.23 5.37 5.51 5.65 5.79 5.93 6.06 6.19 6.32 6.44 6.55 6.66 6.76 6.85 6.94 7.01 7.07 7.13 7.18 7.22 7.26 7.31 7.37 7.43 7.50 7.56 7.64
6.93 6.70 6.48 6.28 6.10 5.93 5.78 5.64 5.50 5.38 5.26 5.15 5.04 4.93 4.82 4.71 4.60 4.48 4.35 4.21 4.07 3.93 3.77 3.62 3.48 3.35 3.24 3.14 3.06 3.00 2.95 2.91 2.89 2.88 2.88 2.90 2.93 2.97 3.02 3.08 3.16 3.24 3.33 3.44 3.55 3.68 3.84 4.03 4.20 4.34 4.47 4.60 4.73 4.87 5.01 5.15 5.30 5.44 5.58 5.73 5.87 6.01 6.14 6.27 6.40 6.52 6.64 6.75 6.85 6.94 7.03 7.10 7.17 7.23 7.29 7.36 7.43 7.51 7.58 7.67 7.76
6.84 6.59 6.37 6.16 5.98 5.81 5.65 5.51 5.38 5.26 5.15 5.04 4.93 4.83 4.73 4.63 4.53 4.42 4.31 4.18 4.05 3.92 3.78 3.64 3.53 3.42 3.34 3.26 3.20 3.15 3.11 3.09 3.07 3.07 3.08 3.09 3.12 3.16 3.20 3.26 3.32 3.39 3.47 3.55 3.64 3.74 3.85 3.98 4.09 4.20 4.32 4.44 4.57 4.70 4.84 4.98 5.12 5.26 5.41 5.55 5.70 5.84 5.99 6.13 6.26 6.40 6.53 6.65 6.77 6.88 6.98 7.08 7.16 7.24 7.33 7.41 7.50 7.59 7.68 7.78 7.89
6.77 6.52 6.28 6.07 5.88 5.70 5.54 5.40 5.26 5.14 5.03 4.93 4.83 4.73 4.64 4.54 4.45 4.35 4.25 4.14 4.02 3.90 3.78 3.68 3.59 3.51 3.44 3.38 3.34 3.30 3.28 3.26 3.25 3.25 3.26 3.28 3.30 3.34 3.37 3.42 3.47 3.52 3.58 3.64 3.71 3.78 3.86 3.94 4.03 4.12 4.22 4.34 4.45 4.58 4.71 4.84 4.98 5.12 5.27 5.41 5.56 5.71 5.86 6.00 6.15 6.29 6.43 6.57 6.70 6.83 6.95 7.06 7.17 7.27 7.37 7.47 7.57 7.67 7.79 7.91 8.05
6.73 6.46 6.22 5.99 5.79 5.61 5.45 5.30 5.16 5.04 4.93 4.82 4.72 4.63 4.54 4.46 4.37 4.28 4.19 4.09 3.98 3.89 3.80 3.72 3.66 3.60 3.55 3.51 3.48 3.46 3.44 3.43 3.43 3.43 3.44 3.46 3.48 3.50 3.53 3.56 3.60 3.64 3.68 3.72 3.77 3.81 3.86 3.92 3.99 4.07 4.16 4.26 4.36 4.48 4.60 4.73 4.86 5.00 5.14 5.28 5.43 5.58 5.73 5.89 6.04 6.19 6.34 6.49 6.63 6.77 6.91 7.04 7.16 7.29 7.40 7.51 7.63 7.76 7.90 8.04 8.20
6.71 6.43 6.17 5.94 5.73 5.54 5.37 5.21 5.07 4.95 4.83 4.73 4.63 4.54 4.46 4.38 4.29 4.21 4.13 4.05 3.96 3.89 3.83 3.78 3.73 3.70 3.67 3.64 3.63 3.61 3.61 3.60 3.61 3.61 3.62 3.63 3.65 3.66 3.68 3.70 3.72 3.74 3.76 3.78 3.80 3.82 3.85 3.90 3.96 4.02 4.10 4.18 4.27 4.38 4.49 4.61 4.73 4.87 5.00 5.15 5.29 5.44 5.60 5.75 5.91 6.07 6.22 6.38 6.54 6.69 6.84 6.99 7.13 7.28 7.42 7.55 7.68 7.83 7.98 8.15 8.34
6.71 6.41 6.14 5.90 5.68 5.48 5.30 5.14 5.00 4.87 4.75 4.65 4.55 4.46 4.38 4.30 4.23 4.16 4.08 4.02 3.96 3.91 3.87 3.84 3.82 3.80 3.79 3.78 3.77 3.77 3.77 3.77 3.78 3.78 3.79 3.79 3.80 3.81 3.81 3.82 3.82 3.82 3.82 3.82 3.81 3.82 3.84 3.88 3.92 3.97 4.03 4.10 4.18 4.27 4.37 4.48 4.60 4.72 4.86 5.00 5.14 5.29 5.45 5.60 5.76 5.93 6.09 6.26 6.42 6.58 6.75 6.91 7.08 7.25 7.41 7.57 7.72 7.88 8.05 8.24 8.45
6.73 6.42 6.14 5.88 5.65 5.44 5.25 5.09 4.94 4.80 4.68 4.58 4.48 4.40 4.32 4.24 4.17 4.11 4.05 4.01 3.97 3.94 3.92 3.91 3.90 3.90 3.91 3.91 3.92 3.92 3.93 3.93 3.94 3.94 3.94 3.94 3.94 3.94 3.93 3.92 3.90 3.88 3.86 3.83 3.82 3.81 3.82 3.85 3.89 3.92 3.97 4.02 4.09 4.16 4.25 4.35 4.46 4.58 4.70 4.84 4.98 5.13 5.28 5.44 5.60 5.77 5.94 6.11 6.29 6.46 6.64 6.82 7.01 7.20 7.38 7.56 7.73 7.91 8.10 8.31 8.54
6.77 6.44 6.15 5.88 5.63 5.42 5.22 5.05 4.89 4.75 4.63 4.52 4.42 4.34 4.26 4.19 4.13 4.08 4.05 4.02 4.00 3.99 3.98 3.99 4.00 4.01 4.03 4.04 4.06 4.07 4.08 4.09 4.09 4.09 4.09 4.08 4.07 4.05 4.03 4.00 3.97 3.92 3.88 3.84 3.81 3.80 3.80 3.82 3.84 3.87 3.91 3.95 4.00 4.06 4.14 4.22 4.32 4.43 4.55 4.68 4.81 4.96 5.11 5.27 5.43 5.60 5.77 5.95 6.13 6.32 6.51 6.71 6.91 7.12 7.32 7.52 7.72 7.92 8.13 8.35 8.60
6.83 6.49 6.18 5.89 5.64 5.41 5.20 5.02 4.86 4.72 4.59 4.48 4.38 4.29 4.22 4.15 4.10 4.07 4.05 4.05 4.04 4.04 4.05 4.07 4.09 4.12 4.14 4.17 4.19 4.21 4.22 4.23 4.23 4.23 4.22 4.20 4.18 4.15 4.11 4.06 4.01 3.94 3.89 3.84 3.81 3.79 3.78 3.79 3.80 3.82 3.84 3.88 3.91 3.96 4.02 4.09 4.18 4.28 4.39 4.51 4.64 4.78 4.93 5.09 5.25 5.42 5.60 5.78 5.97 6.17 6.37 6.58 6.80 7.02 7.24 7.46 7.68 7.91 8.14 8.38 8.65
6.89 6.55 6.23 5.93 5.66 5.42 5.20 5.01 4.84 4.69 4.56 4.45 4.34 4.26 4.18 4.13 4.10 4.08 4.08 4.08 4.10 4.11 4.13 4.16 4.19 4.22 4.26 4.29 4.32 4.34 4.35 4.36 4.36 4.35 4.33 4.31 4.27 4.22 4.17 4.10 4.03 3.95 3.89 3.84 3.80 3.77 3.75 3.75 3.75 3.76 3.78 3.80 3.83 3.87 3.91 3.97 4.04 4.13 4.23 4.34 4.46 4.60 4.74 4.90 5.06 5.23 5.41 5.60 5.79 6.00 6.22 6.44 6.67 6.91 7.14 7.38 7.62 7.87 8.12 8.39 8.67
6.96 6.62 6.29 5.98 5.70 5.45 5.22 5.02 4.84 4.68 4.55 4.43 4.32 4.24 4.17 4.13 4.11 4.11 4.12 4.14 4.16 4.18 4.21 4.25 4.29 4.33 4.37 4.41 4.44 4.46 4.48 4.48 4.47 4.46 4.43 4.39 4.34 4.28 4.20 4.12 4.03 3.96 3.89 3.83 3.78 3.74 3.72 3.71 3.70 3.70 3.71 3.73 3.75 3.77 3.81 3.85 3.91 3.98 4.07 4.17 4.29 4.42 4.56 4.71 4.87 5.04 5.22 5.41 5.61 5.82 6.05 6.28 6.52 6.77 7.02 7.28 7.53 7.80 8.07 8.36 8.67
7.04 6.69 6.36 6.05 5.76 5.49 5.25 5.04 4.85 4.69 4.54 4.42 4.31 4.24 4.19 4.16 4.15 4.15 4.17 4.20 4.23 4.26 4.30 4.34 4.39 4.43 4.47 4.51 4.54 4.57 4.58 4.58 4.57 4.55 4.51 4.45 4.39 4.31 4.21 4.12 4.03 3.95 3.88 3.81 3.76 3.72 3.68 3.67 3.65 3.65 3.64 3.65 3.66 3.68 3.71 3.74 3.79 3.85 3.92 4.01 4.12 4.24 4.37 4.51 4.67 4.84 5.02 5.21 5.42 5.64 5.87 6.11 6.36 6.62 6.88 7.15 7.42 7.71 8.00 8.31 8.64
7.12 6.77 6.44 6.13 5.83 5.55 5.30 5.08 4.88 4.71 4.55 4.43 4.33 4.26 4.22 4.20 4.20 4.21 4.24 4.27 4.31 4.35 4.39 4.44 4.49 4.53 4.57 4.61 4.64 4.66 4.67 4.66 4.65 4.61 4.56 4.49 4.41 4.31 4.21 4.12 4.03 3.94 3.86 3.79 3.73 3.69 3.65 3.62 3.60 3.58 3.58 3.57 3.58 3.59 3.61 3.64 3.67 3.72 3.78 3.86 3.95 4.06 4.18 4.32 4.47 4.64 4.82 5.02 5.22 5.45 5.68 5.93 6.18 6.45 6.73 7.01 7.29 7.59 7.90 8.23 8.58
7.20 6.85 6.52 6.21 5.91 5.63 5.36 5.13 4.92 4.74 4.58 4.46 4.37 4.31 4.27 4.26 4.27 4.29 4.32 4.35 4.40 4.44 4.48 4.53 4.58 4.62 4.66 4.70 4.72 4.74 4.74 4.73 4.70 4.65 4.59 4.51 4.41 4.30 4.20 4.11 4.01 3.93 3.84 3.77 3.71 3.65 3.61 3.57 3.54 3.52 3.51 3.50 3.49 3.50 3.51 3.53 3.56 3.60 3.64 3.71 3.79 3.89 4.00 4.13 4.28 4.44 4.62 4.81 5.02 5.25 5.48 5.73 6.00 6.27 6.55 6.84 7.14 7.45 7.78 8.13 8.49
7.29 6.94 6.61 6.29 5.99 5.71 5.44 5.20 4.98 4.79 4.63 4.52 4.43 4.38 4.35 4.34 4.35 4.37 4.40 4.44 4.49 4.53 4.58 4.62 4.67 4.71 4.74 4.77 4.79 4.80 4.79 4.77 4.73 4.67 4.59 4.49 4.39 4.29 4.19 4.09 3.99 3.90 3.82 3.74 3.67 3.61 3.56 3.52 3.49 3.46 3.44 3.42 3.41 3.41 3.42 3.43 3.45 3.48 3.52 3.57 3.64 3.73 3.83 3.95 4.09 4.25 4.42 4.61 4.82 5.04 5.28 5.53 5.80 6.08 6.36 6.66 6.97 7.29 7.63 7.99 8.38
7.39 7.04 6.70 6.38 6.08 5.80 5.53 5.28 5.05 4.86 4.71 4.60 4.52 4.46 4.44 4.43 4.44 4.46 4.50 4.54 4.58 4.62 4.67 4.71 4.75 4.79 4.81 4.83 4.84 4.84 4.82 4.79 4.74 4.66 4.57 4.47 4.37 4.27 4.16 4.07 3.97 3.88 3.79 3.71 3.64 3.57 3.52 3.47 3.43 3.40 3.37 3.35 3.33 3.32 3.32 3.33 3.35 3.37 3.40 3.45 3.50 3.58 3.67 3.78 3.91 4.06 4.22 4.41 4.61 4.83 5.07 5.32 5.59 5.87 6.16 6.46 6.78 7.11 7.47 7.84 8.24
7.49 7.14 6.80 6.48 6.18 5.89 5.62 5.37 5.15 4.97 4.82 4.71 4.62 4.57 4.54 4.53 4.54 4.57 4.60 4.63 4.67 4.71 4.75 4.79 4.82 4.85 4.87 4.88 4.88 4.86 4.83 4.78 4.71 4.63 4.53 4.43 4.34 4.23 4.13 4.04 3.94 3.85 3.76 3.67 3.60 3.53 3.47 3.42 3.37 3.33 3.30 3.27 3.25 3.24 3.23 3.23 3.24 3.26 3.29 3.33 3.38 3.44 3.52 3.61 3.73 3.87 4.03 4.21 4.40 4.62 4.85 5.10 5.37 5.65 5.95 6.25 6.58 6.92 7.28 7.67 8.08
7.60 7.25 6.91 6.58 6.28 5.99 5.72 5.48 5.27 5.09 4.95 4.83 4.75 4.69 4.66 4.65 4.66 4.67 4.70 4.73 4.77 4.80 4.84 4.86 4.89 4.91 4.91 4.91 4.90 4.87 4.82 4.75 4.67 4.58 4.49 4.39 4.30 4.20 4.10 4.00 3.90 3.81 3.72 3.63 3.56 3.48 3.42 3.36 3.31 3.27 3.23 3.20 3.17 3.15 3.14 3.14 3.15 3.16 3.18 3.22 3.26 3.31 3.38 3.46 3.57 3.69 3.84 4.01 4.20 4.40 4.63 4.88 5.14 5.42 5.72 6.03 6.36 6.70 7.07 7.47 7.89
7.71 7.36 7.02 6.69 6.39 6.10 5.84 5.61 5.41 5.24 5.10 4.98 4.89 4.83 4.80 4.78 4.78 4.79 4.81 4.84 4.86 4.89 4.91 4.93 4.94 4.95 4.94 4.92 4.89 4.84 4.78 4.70 4.61 4.52 4.43 4.34 4.25 4.15 4.06 3.96 3.86 3.77 3.68 3.59 3.51 3.43 3.37 3.30 3.25 3.20 3.16 3.12 3.09 3.07 3.06 3.05 3.05 3.06 3.08 3.11 3.14 3.19 3.25 3.32 3.41 3.52 3.65 3.81 3.99 4.19 4.41 4.65 4.91 5.19 5.48 5.79 6.12 6.47 6.85 7.25 7.69
7.84 7.48 7.14 6.81 6.50 6.22 5.97 5.76 5.56 5.40 5.26 5.14 5.05 4.98 4.94 4.92 4.91 4.91 4.92 4.94 4.95 4.97 4.98 4.99 4.98 4.97 4.95 4.92 4.87 4.80 4.72 4.63 4.54 4.46 4.37 4.28 4.19 4.10 4.01 3.91 3.82 3.72 3.63 3.54 3.46 3.38 3.31 3.25 3.19 3.14 3.09 3.05 3.02 2.99 2.97 2.96 2.96 2.96 2.98 3.00 3.03 3.07 3.12 3.18 3.26 3.36 3.48 3.62 3.79 3.98 4.19 4.42 4.67 4.95 5.24 5.55 5.88 6.23 6.61 7.02 7.46
7.97 7.61 7.26 6.94 6.64 6.37 6.13 5.92 5.73 5.57 5.44 5.32 5.22 5.15 5.10 5.06 5.04 5.03 5.03 5.04 5.04 5.04 5.04 5.03 5.01 4.99 4.94 4.89 4.82 4.73 4.65 4.56 4.47 4.39 4.30 4.22 4.13 4.04 3.95 3.86 3.77 3.67 3.58 3.49 3.41 3.33 3.26 3.19 3.13 3.07 3.02 2.98 2.94 2.91 2.89 2.88 2.87 2.87 2.88 2.89 2.92 2.95 3.00 3.05 3.12 3.20 3.31 3.44 3.59 3.76 3.97 4.19 4.43 4.70 4.99 5.29 5.62 5.97 6.35 6.77 7.21
8.10 7.74 7.40 7.08 6.79 6.54 6.30 6.10 5.92 5.76 5.62 5.50 5.41 5.32 5.26 5.21 5.18 5.16 5.14 5.13 5.12 5.11 5.09 5.06 5.03 4.98 4.92 4.84 4.75 4.66 4.57 4.48 4.40 4.31 4.23 4.15 4.06 3.98 3.89 3.80 3.71 3.62 3.53 3.44 3.36 3.28 3.20 3.13 3.07 3.01 2.96 2.91 2.87 2.84 2.81 2.80 2.78 2.78 2.78 2.79 2.81 2.83 2.87 2.92 2.98 3.06 3.15 3.26 3.39 3.56 3.74 3.96 4.19 4.45 4.73 5.03 5.35 5.70 6.08 6.50 6.95
8.25 7.89 7.55 7.25 6.97 6.72 6.50 6.29 6.11 5.96 5.82 5.70 5.59 5.50 5.43 5.37 5.32 5.28 5.25 5.22 5.20 5.17 5.13 5.08 5.02 4.95 4.87 4.77 4.67 4.58 4.49 4.40 4.32 4.23 4.15 4.07 3.99 3.90 3.82 3.74 3.65 3.56 3.47 3.39 3.30 3.22 3.14 3.07 3.00 2.94 2.89 2.84 2.80 2.77 2.74 2.71 2.70 2.68 2.68 2.68 2.70 2.72 2.75 2.79 2.85 2.91 2.99 3.09 3.21 3.35 3.53 3.72 3.95 4.20 4.47 4.76 5.08 5.42 5.80 6.21 6.66
8.41 8.05 7.73 7.44 7.17 6.92 6.70 6.50 6.32 6.16 6.02 5.90 5.78 5.69 5.60 5.53 5.46 5.41 5.36 5.31 5.26 5.21 5.15 5.08 5.00 4.91 4.80 4.70 4.59 4.50 4.41 4.32 4.23 4.15 4.07 3.99 3.91 3.83 3.75 3.67 3.58 3.50 3.41 3.33 3.24 3.16 3.08 3.01 2.94 2.88 2.83 2.78 2.73 2.69 2.66 2.63 2.61 2.59 2.58 2.58 2.58 2.60 2.62 2.66 2.71 2.77 2.84 2.93 3.03 3.16 3.31 3.50 3.71 3.94 4.20 4.48 4.79 5.13 5.51 5.91 6.34
8.59 8.24 7.93 7.64 7.38 7.14 6.92 6.72 6.54 6.38 6.23 6.10 5.98 5.87 5.77 5.68 5.60 5.53 5.46 5.39 5.32 5.24 5.16 5.07 4.96 4.84 4.73 4.62 4.51 4.41 4.32 4.23 4.14 4.06 3.98 3.90 3.82 3.75 3.67 3.59 3.51 3.43 3.35 3.27 3.18 3.10 3.03 2.95 2.88 2.82 2.76 2.71 2.67 2.62 2.58 2.55 2.52 2.49 2.48 2.47 2.47 2.48 2.50 2.53 2.57 2.62 2.68 2.76 2.86 2.97 3.11 3.27 3.46 3.68 3.93 4.20 4.50 4.83 5.20 5.58 6.00
8.79 8.46 8.15 7.87 7.61 7.37 7.15 6.95 6.77 6.60 6.45 6.31 6.18 6.06 5.94 5.84 5.74 5.64 5.55 5.46 5.36 5.26 5.15 5.03 4.90 4.78 4.65 4.54 4.43 4.33 4.23 4.14 4.06 3.97 3.89 3.81 3.74 3.66 3.59 3.51 3.44 3.36 3.28 3.20 3.12 3.04 2.97 2.89 2.82 2.76 2.70 2.65 2.59 2.55 2.50 2.46 2.42 2.39 2.37 2.36 2.35 2.35 2.36 2.39 2.42 2.47 2.53 2.60 2.68 2.78 2.90 3.05 3.23 3.43 3.66 3.92 4.21 4.52 4.87 5.23 5.63
9.01 8.69 8.39 8.11 7.86 7.62 7.40 7.20 7.01 6.83 6.67 6.52 6.38 6.24 6.11 5.99 5.87 5.75 5.63 5.51 5.39 5.27 5.13 4.98 4.84 4.71 4.58 4.46 4.35 4.25 4.15 4.05 3.97 3.88 3.80 3.72 3.65 3.57 3.50 3.43 3.36 3.28 3.21 3.14 3.06 2.98 2.91 2.83 2.76 2.70 2.64 2.58 2.52 2.47 2.41 2.37 2.33 2.29 2.26 2.24 2.23 2.22 2.23 2.25 2.27 2.31 2.36 2.43 2.51 2.60 2.71 2.84 2.99 3.18 3.39 3.63 3.90 4.19 4.51 4.86 5.23
9.26 8.94 8.65 8.37 8.12 7.88 7.66 7.45 7.25 7.07 6.90 6.73 6.57 6.42 6.28 6.13 5.99 5.85 5.71 5.56 5.41 5.25 5.09 4.93 4.78 4.64 4.51 4.39 4.27 4.17 4.06 3.97 3.88 3.79 3.71 3.63 3.55 3.48 3.41 3.34 3.27 3.20 3.14 3.07 2.99 2.92 2.85 2.77 2.70 2.64 2.57 2.51 2.44 2.38 2.33 2.27 2.23 2.18 2.15 2.12 2.10 2.09 2.09 2.10 2.12 2.15 2.19 2.25 2.32 2.41 2.51 2.62 2.76 2.93 3.12 3.34 3.58 3.85 4.14 4.46 4.80
9.52 9.21 8.92 8.65 8.39 8.15 7.92 7.71 7.50 7.31 7.12 6.94 6.77 6.60 6.43 6.27 6.10 5.94 5.77 5.59 5.41 5.23 5.05 4.88 4.73 4.58 4.45 4.32 4.20 4.08 3.98 3.88 3.79 3.70 3.62 3.54 3.46 3.39 3.32 3.25 3.19 3.12 3.06 2.99 2.92 2.86 2.79 2.72 2.64 2.57 2.50 2.43 2.36 2.29 2.23 2.17 2.12 2.07 2.03 2.00 1.97 1.95 1.94 1.95 1.96 1.98 2.02 2.07 2.13 2.21 2.30 2.41 2.54 2.68 2.85 3.04 3.25 3.49 3.75 4.03 4.34
9.78 9.47 9.18 8.90 8.64 8.40 8.17 7.94 7.73 7.52 7.33 7.13 6.94 6.75 6.57 6.38 6.19 6.00 5.80 5.59 5.39 5.19 5.01 4.83 4.67 4.52 4.37 4.24 4.11 4.00 3.89 3.79 3.69 3.60 3.52 3.44 3.36 3.29 3.22 3.16 3.09 3.03 2.97 2.91 2.85 2.78 2.72 2.67 2.59 2.52 2.44 2.36 2.29 2.22 2.15 2.08 2.03 1.97 1.92 1.88 1.85 1.83 1.81 1.81 1.81 1.83 1.86 1.90 1.95 2.02 2.11 2.21 2.33 2.45 2.59 2.75 2.93 3.13 3.36 3.60 3.88
