data_processed/recharge/precip/Precip_1987_01.asc
ncols        168
nrows        136
xllcorner    455000
yllcorner    2107000
cellsize     500
NODATA_value     -99999
[rows 76 to 113 of 136, columns 0 to 83 of 168]
4.28 4.24 4.20 4.15 4.09 4.03 3.96 3.88 3.80 3.71 3.62 3.52 3.41 3.30 3.19 3.07 2.96 2.85 2.73 2.62 2.52 2.41 2.30 2.19 2.09 1.99 1.89 1.79 1.69 1.59 1.50 1.41 1.32 1.23 1.15 1.06 0.98 0.90 0.82 0.75 0.67 0.60 0.53 0.46 0.40 0.34 0.28 0.23 0.18 0.14 0.10 0.06 0.03 0.01 0.00 0.00 0.00 0.00 0.00 0.00 0.00 0.00 0.00 0.00 0.00 0.00 0.01 0.03 0.05 0.07 0.08 0.09 0.10 0.11 0.12 0.13 0.13 0.14 0.14 0.14 0.14 0.14 0.14 0.14
4.41 4.37 4.32 4.27 4.21 4.14 4.07 3.99 3.91 3.82 3.72 3.62 3.51 3.40 3.28 3.16 3.05 2.93 2.82 2.71 2.60 2.49 2.38 2.27 2.16 2.06 1.96 1.86 1.76 1.66 1.57 1.47 1.38 1.29 1.21 1.12 1.04 0.96 0.88 0.80 0.72 0.65 0.58 0.51 0.44 0.38 0.32 0.26 0.21 0.16 0.12 0.08 0.05 0.02 0.00 0.00 0.00 0.00 0.00 0.00 0.00 0.00 0.00 0.00 0.00 0.00 0.01 0.03 0.05 0.06 0.08 0.09 0.10 0.11 0.12 0.12 0.13 0.13 0.14 0.14 0.14 0.14 0.14 0.13
4.54 4.49 4.44 4.39 4.32 4.25 4.18 4.10 4.01 3.92 3.82 3.72 3.61 3.49 3.37 3.25 3.13 3.02 2.90 2.79 2.68 2.56 2.45 2.34 2.24 2.13 2.03 1.92 1.82 1.73 1.63 1.53 1.44 1.35 1.26 1.18 1.09 1.01 0.93 0.85 0.77 0.70 0.62 0.55 0.48 0.42 0.35 0.29 0.24 0.19 0.15 0.11 0.07 0.04 0.01 0.00 0.00 0.00 0.00 0.00 0.00 0.00 0.00 0.00 0.00 0.00 0.01 0.03 0.05 0.06 0.08 0.09 0.10 0.11 0.12 0.12 0.13 0.13 0.13 0.13 0.13 0.13 0.13 0.13
4.66 4.62 4.56 4.50 4.44 4.37 4.29 4.20 4.12 4.02 3.92 3.81 3.70 3.58 3.46 3.34 3.22 3.10 2.98 2.87 2.75 2.64 2.53 2.42 2.31 2.20 2.09 1.99 1.89 1.79 1.69 1.60 1.50 1.41 1.32 1.23 1.15 1.06 0.98 0.90 0.82 0.74 0.67 0.60 0.53 0.46 0.39 0.33 0.27 0.22 0.17 0.13 0.09 0.06 0.03 0.00 0.00 0.00 0.00 0.00 0.00 0.00 0.00 0.00 0.00 0.00 0.01 0.03 0.05 0.06 0.08 0.09 0.10 0.10 0.11 0.12 0.12 0.13 0.13 0.13 0.13 0.13 0.12 0.12
4.79 4.73 4.68 4.62 4.55 4.47 4.39 4.31 4.22 4.12 4.02 3.91 3.79 3.67 3.55 3.42 3.30 3.18 3.06 2.94 2.83 2.71 2.60 2.49 2.38 2.27 2.16 2.06 1.95 1.85 1.75 1.66 1.56 1.47 1.38 1.29 1.20 1.11 1.03 0.94 0.86 0.79 0.71 0.64 0.57 0.50 0.43 0.37 0.31 0.25 0.20 0.15 0.11 0.07 0.04 0.02 0.00 0.00 0.00 0.00 0.00 0.00 0.00 0.00 0.00 0.00 0.01 0.03 0.05 0.06 0.07 0.08 0.09 0.10 0.11 0.11 0.12 0.12 0.12 0.12 0.12 0.12 0.11 0.11
4.90 4.85 4.79 4.73 4.66 4.58 4.50 4.41 4.31 4.21 4.11 4.00 3.88 3.76 3.63 3.51 3.38 3.26 3.14 3.02 2.90 2.78 2.67 2.56 2.44 2.33 2.22 2.12 2.01 1.91 1.81 1.71 1.62 1.52 1.43 1.34 1.25 1.16 1.07 0.99 0.91 0.83 0.75 0.68 0.60 0.53 0.47 0.40 0.34 0.28 0.23 0.18 0.13 0.09 0.06 0.03 0.01 0.00 0.00 0.00 0.00 0.00 0.00 0.00 0.00 0.00 0.01 0.03 0.05 0.06 0.07 0.08 0.09 0.10 0.10 0.11 0.11 0.11 0.11 0.11 0.11 0.11 0.11 0.10
5.02 4.96 4.90 4.83 4.76 4.68 4.60 4.51 4.41 4.31 4.20 4.09 3.97 3.84 3.71 3.59 3.46 3.34 3.21 3.09 2.97 2.85 2.74 2.62 2.51 2.40 2.29 2.18 2.07 1.97 1.87 1.77 1.67 1.57 1.48 1.38 1.29 1.20 1.12 1.03 0.95 0.87 0.79 0.72 0.64 0.57 0.50 0.44 0.37 0.31 0.25 0.20 0.16 0.11 0.08 0.05 0.02 0.00 0.00 0.00 0.00 0.00 0.00 0.00 0.00 0.00 0.01 0.03 0.04 0.06 0.07 0.08 0.09 0.09 0.10 0.10 0.10 0.11 0.11 0.11 0.10 0.10 0.10 0.09
5.13 5.07 5.01 4.94 4.86 4.78 4.69 4.60 4.50 4.40 4.29 4.17 4.05 3.92 3.79 3.66 3.54 3.41 3.29 3.16 3.04 2.92 2.80 2.69 2.57 2.46 2.35 2.24 2.13 2.03 1.92 1.82 1.72 1.62 1.53 1.43 1.34 1.25 1.16 1.07 0.99 0.91 0.83 0.75 0.68 0.60 0.54 0.47 0.40 0.34 0.28 0.23 0.18 0.13 0.10 0.06 0.03 0.01 0.00 0.00 0.00 0.00 0.00 0.00 0.00 0.00 0.01 0.03 0.04 0.05 0.06 0.07 0.08 0.09 0.09 0.10 0.10 0.10 0.10 0.10 0.09 0.09 0.09 0.08
5.24 5.18 5.11 5.04 4.96 4.88 4.79 4.69 4.59 4.49 4.37 4.25 4.13 4.00 3.87 3.74 3.61 3.48 3.36 3.23 3.11 2.99 2.87 2.75 2.63 2.52 2.40 2.29 2.18 2.08 1.97 1.87 1.77 1.67 1.57 1.47 1.38 1.29 1.20 1.11 1.03 0.94 0.86 0.79 0.71 0.64 0.57 0.50 0.43 0.37 0.31 0.26 0.20 0.16 0.11 0.08 0.05 0.02 0.00 0.00 0.00 0.00 0.00 0.00 0.00 0.00 0.01 0.03 0.04 0.05 0.06 0.07 0.08 0.08 0.09 0.09 0.09 0.09 0.09 0.09 0.08 0.08 0.08 0.08
5.35 5.28 5.21 5.14 5.06 4.97 4.88 4.78 4.68 4.57 4.45 4.33 4.21 4.08 3.94 3.81 3.68 3.55 3.42 3.30 3.17 3.05 2.93 2.81 2.69 2.57 2.46 2.35 2.24 2.13 2.02 1.92 1.81 1.71 1.61 1.52 1.42 1.33 1.24 1.15 1.06 0.98 0.90 0.82 0.74 0.67 0.60 0.53 0.46 0.40 0.34 0.28 0.23 0.18 0.13 0.09 0.06 0.03 0.01 0.00 0.00 0.00 0.00 0.00 0.00 0.00 0.01 0.03 0.04 0.05 0.06 0.07 0.07 0.08 0.08 0.08 0.08 0.08 0.08 0.08 0.07 0.07 0.07 0.07
5.44 5.38 5.31 5.23 5.15 5.06 4.97 4.87 4.76 4.65 4.53 4.41 4.28 4.15 4.01 3.88 3.75 3.62 3.49 3.36 3.23 3.11 2.98 2.86 2.74 2.63 2.51 2.40 2.28 2.17 2.07 1.96 1.86 1.75 1.65 1.55 1.46 1.36 1.27 1.18 1.09 1.01 0.93 0.85 0.77 0.70 0.62 0.55 0.49 0.42 0.36 0.31 0.25 0.20 0.15 0.11 0.08 0.05 0.02 0.00 0.00 0.00 0.00 0.00 0.00 0.00 0.01 0.02 0.04 0.05 0.05 0.06 0.07 0.07 0.07 0.07 0.07 0.07 0.07 0.07 0.06 0.06 0.06 0.06
5.54 5.47 5.40 5.32 5.24 5.15 5.05 4.95 4.84 4.73 4.61 4.48 4.35 4.22 4.08 3.95 3.81 3.68 3.55 3.42 3.29 3.16 3.04 2.92 2.79 2.68 2.56 2.44 2.33 2.22 2.11 2.00 1.89 1.79 1.69 1.59 1.49 1.40 1.30 1.21 1.12 1.04 0.95 0.87 0.80 0.72 0.65 0.58 0.51 0.45 0.39 0.33 0.27 0.22 0.17 0.13 0.09 0.06 0.03 0.01 0.00 0.00 0.00 0.00 0.00 0.00 0.01 0.02 0.03 0.04 0.05 0.05 0.06 0.06 0.06 0.06 0.06 0.06 0.06 0.06 0.06 0.05 0.05 0.05
5.62 5.56 5.49 5.41 5.32 5.23 5.13 5.02 4.92 4.80 4.68 4.55 4.42 4.28 4.15 4.01 3.87 3.74 3.60 3.47 3.34 3.21 3.09 2.97 2.84 2.72 2.60 2.49 2.37 2.26 2.15 2.04 1.93 1.83 1.72 1.62 1.52 1.43 1.33 1.24 1.15 1.06 0.98 0.90 0.82 0.74 0.67 0.60 0.53 0.47 0.41 0.35 0.29 0.24 0.19 0.15 0.11 0.07 0.04 0.02 0.00 0.00 0.00 0.00 0.00 0.00 0.01 0.02 0.03 0.04 0.04 0.05 0.05 0.05 0.05 0.05 0.05 0.05 0.05 0.05 0.05 0.05 0.04 0.04
5.70 5.64 5.57 5.49 5.40 5.31 5.20 5.10 4.99 4.87 4.75 4.62 4.49 4.35 4.21 4.07 3.93 3.79 3.66 3.52 3.39 3.26 3.14 3.01 2.89 2.77 2.65 2.53 2.41 2.30 2.18 2.07 1.96 1.86 1.75 1.65 1.55 1.45 1.36 1.27 1.18 1.09 1.00 0.92 0.84 0.76 0.69 0.62 0.55 0.49 0.43 0.37 0.31 0.26 0.21 0.17 0.12 0.09 0.06 0.03 0.01 0.00 0.00 0.00 0.00 0.00 0.01 0.02 0.03 0.03 0.04 0.04 0.04 0.05 0.05 0.04 0.04 0.04 0.04 0.04 0.04 0.04 0.04 0.04
5.77 5.71 5.64 5.56 5.47 5.38 5.28 5.17 5.05 4.94 4.81 4.68 4.55 4.41 4.26 4.12 3.98 3.84 3.71 3.57 3.44 3.31 3.18 3.05 2.93 2.81 2.68 2.56 2.45 2.33 2.21 2.10 1.99 1.88 1.78 1.68 1.58 1.48 1.38 1.29 1.20 1.11 1.02 0.94 0.86 0.78 0.71 0.64 0.57 0.50 0.44 0.38 0.33 0.28 0.23 0.18 0.14 0.10 0.07 0.04 0.02 0.00 0.00 0.00 0.00 0.00 0.01 0.02 0.02 0.03 0.03 0.04 0.04 0.04 0.04 0.04 0.03 0.03 0.03 0.03 0.03 0.03 0.03 0.03
5.83 5.77 5.70 5.62 5.54 5.45 5.34 5.23 5.12 5.00 4.87 4.74 4.60 4.46 4.32 4.17 4.03 3.89 3.75 3.62 3.48 3.35 3.22 3.09 2.97 2.84 2.72 2.60 2.48 2.36 2.24 2.13 2.02 1.91 1.80 1.70 1.60 1.50 1.40 1.31 1.21 1.13 1.04 0.96 0.88 0.80 0.72 0.65 0.58 0.52 0.46 0.40 0.34 0.29 0.24 0.19 0.15 0.11 0.08 0.05 0.03 0.01 0.00 0.00 0.00 0.00 0.01 0.02 0.02 0.03 0.03 0.03 0.03 0.03 0.03 0.03 0.03 0.03 0.03 0.03 0.03 0.02 0.02 0.02
5.88 5.82 5.75 5.68 5.60 5.50 5.40 5.29 5.18 5.05 4.93 4.79 4.65 4.51 4.36 4.22 4.08 3.94 3.80 3.66 3.52 3.39 3.26 3.13 3.00 2.87 2.75 2.62 2.50 2.38 2.27 2.15 2.04 1.93 1.82 1.72 1.62 1.51 1.42 1.32 1.23 1.14 1.05 0.97 0.89 0.81 0.73 0.66 0.59 0.53 0.47 0.41 0.35 0.30 0.25 0.21 0.16 0.13 0.09 0.06 0.04 0.02 0.00 0.00 0.00 0.00 0.01 0.01 0.02 0.02 0.02 0.02 0.02 0.02 0.02 0.02 0.02 0.02 0.02 0.02 0.02 0.02 0.02 0.02
5.92 5.86 5.80 5.73 5.65 5.56 5.46 5.35 5.23 5.11 4.98 4.84 4.70 4.56 4.41 4.26 4.12 3.98 3.84 3.70 3.56 3.42 3.29 3.16 3.03 2.90 2.77 2.65 2.53 2.41 2.29 2.17 2.06 1.95 1.84 1.73 1.63 1.53 1.43 1.33 1.24 1.15 1.06 0.98 0.90 0.82 0.74 0.67 0.60 0.54 0.47 0.41 0.36 0.31 0.26 0.21 0.17 0.13 0.10 0.07 0.04 0.02 0.01 0.00 0.00 0.00 0.01 0.01 0.01 0.02 0.02 0.02 0.02 0.02 0.02 0.01 0.01 0.01 0.01 0.01 0.01 0.01 0.01 0.01
5.95 5.90 5.84 5.77 5.69 5.60 5.50 5.39 5.28 5.16 5.02 4.89 4.75 4.60 4.45 4.30 4.16 4.01 3.87 3.73 3.59 3.45 3.32 3.18 3.05 2.92 2.79 2.67 2.55 2.42 2.31 2.19 2.07 1.96 1.85 1.75 1.64 1.54 1.44 1.34 1.25 1.16 1.07 0.99 0.90 0.83 0.75 0.68 0.61 0.54 0.48 0.42 0.36 0.31 0.26 0.22 0.18 0.14 0.11 0.08 0.05 0.03 0.01 0.00 0.00 0.00 0.00 0.01 0.01 0.01 0.01 0.01 0.01 0.01 0.01 0.01 0.01 0.01 0.01 0.01 0.01 0.01 0.01 0.01
5.98 5.93 5.86 5.80 5.72 5.63 5.54 5.43 5.32 5.20 5.07 4.93 4.78 4.63 4.48 4.34 4.19 4.04 3.90 3.76 3.62 3.48 3.34 3.21 3.07 2.94 2.81 2.69 2.56 2.44 2.32 2.20 2.08 1.97 1.86 1.75 1.65 1.55 1.45 1.35 1.25 1.16 1.07 0.99 0.91 0.83 0.75 0.68 0.61 0.54 0.48 0.42 0.37 0.31 0.27 0.22 0.18 0.14 0.11 0.08 0.06 0.03 0.02 0.00 0.00 0.00 0.00 0.01 0.01 0.01 0.01 0.01 0.01 0.01 0.01 0.01 0.01 0.01 0.01 0.01 0.01 0.01 0.01 0.01
5.99 5.94 5.88 5.82 5.74 5.66 5.56 5.46 5.35 5.23 5.10 4.96 4.82 4.67 4.51 4.36 4.22 4.07 3.92 3.78 3.64 3.50 3.36 3.22 3.09 2.96 2.83 2.70 2.57 2.45 2.33 2.21 2.09 1.98 1.87 1.76 1.65 1.55 1.45 1.35 1.26 1.16 1.07 0.99 0.91 0.83 0.75 0.68 0.61 0.54 0.48 0.42 0.37 0.31 0.27 0.22 0.18 0.14 0.11 0.08 0.06 0.04 0.02 0.01 0.00 0.00 0.00 0.00 0.00 0.00 0.00 0.00 0.00 0.00 0.00 0.00 0.00 0.00 0.00 0.00 0.00 0.00 0.00 0.00
6.00 5.95 5.89 5.83 5.75 5.67 5.58 5.48 5.37 5.25 5.13 4.99 4.85 4.69 4.54 4.39 4.24 4.09 3.94 3.80 3.65 3.51 3.37 3.23 3.10 2.97 2.83 2.70 2.58 2.45 2.33 2.21 2.09 1.98 1.87 1.76 1.65 1.55 1.45 1.35 1.25 1.16 1.07 0.99 0.90 0.82 0.75 0.67 0.60 0.54 0.48 0.42 0.36 0.31 0.26 0.22 0.18 0.14 0.11 0.08 0.06 0.04 0.02 0.01 0.00 0.00 0.00 0.00 0.00 0.00 0.00 0.00 0.00 0.00 0.00 0.00 0.00 0.00 0.00 0.00 0.00 0.00 0.00 0.00
5.99 5.95 5.89 5.83 5.76 5.68 5.59 5.49 5.38 5.27 5.14 5.01 4.87 4.72 4.56 4.41 4.26 4.10 3.96 3.81 3.66 3.52 3.38 3.24 3.10 2.97 2.84 2.71 2.58 2.45 2.33 2.21 2.09 1.98 1.86 1.75 1.65 1.54 1.44 1.34 1.25 1.15 1.06 0.98 0.89 0.81 0.74 0.67 0.60 0.53 0.47 0.41 0.35 0.30 0.26 0.21 0.17 0.14 0.10 0.08 0.05 0.03 0.02 0.01 0.00 0.00 0.00 0.00 0.00 0.00 0.00 0.00 0.00 0.00 0.00 0.00 0.00 0.00 0.00 0.00 0.00 0.00 0.00 0.00
5.98 5.94 5.88 5.82 5.75 5.68 5.59 5.49 5.39 5.28 5.15 5.02 4.88 4.73 4.57 4.41 4.26 4.11 3.96 3.81 3.66 3.52 3.38 3.24 3.10 2.96 2.83 2.70 2.57 2.44 2.32 2.20 2.08 1.96 1.85 1.74 1.63 1.53 1.43 1.33 1.23 1.14 1.05 0.96 0.88 0.80 0.73 0.65 0.58 0.52 0.46 0.40 0.34 0.29 0.25 0.20 0.16 0.13 0.10 0.07 0.05 0.03 0.02 0.01 0.00 0.00 0.00 0.00 0.00 0.00 0.00 0.00 0.00 0.00 0.00 0.00 0.00 0.00 0.00 0.00 0.00 0.00 0.00 0.00
5.97 5.92 5.87 5.81 5.75 5.67 5.59 5.49 5.39 5.28 5.16 5.03 4.89 4.73 4.57 4.41 4.25 4.10 3.95 3.80 3.65 3.51 3.36 3.22 3.08 2.95 2.81 2.68 2.55 2.43 2.30 2.18 2.06 1.95 1.83 1.72 1.61 1.51 1.41 1.31 1.21 1.12 1.03 0.95 0.86 0.78 0.71 0.64 0.57 0.50 0.44 0.38 0.33 0.28 0.24 0.19 0.16 0.12 0.09 0.07 0.04 0.03 0.02 0.01 0.00 0.00 0.00 0.00 0.00 0.00 0.00 0.00 0.00 0.00 0.00 0.00 0.00 0.00 0.00 0.00 0.00 0.00 0.00 0.00
5.95 5.91 5.86 5.80 5.74 5.66 5.58 5.49 5.39 5.28 5.16 5.03 4.88 4.72 4.55 4.39 4.23 4.08 3.92 3.77 3.63 3.48 3.34 3.20 3.06 2.92 2.79 2.65 2.53 2.40 2.27 2.15 2.03 1.92 1.80 1.69 1.59 1.48 1.38 1.28 1.19 1.10 1.01 0.92 0.84 0.76 0.69 0.62 0.55 0.49 0.42 0.37 0.32 0.27 0.22 0.18 0.15 0.11 0.08 0.06 0.04 0.03 0.01 0.01 0.00 0.00 0.00 0.00 0.00 0.00 0.00 0.00 0.00 0.00 0.00 0.00 0.00 0.00 0.00 0.00 0.00 0.00 0.00 0.00
5.92 5.88 5.84 5.78 5.72 5.65 5.57 5.48 5.38 5.27 5.15 5.02 4.87 4.70 4.53 4.36 4.20 4.04 3.89 3.74 3.59 3.44 3.30 3.16 3.02 2.88 2.75 2.62 2.49 2.36 2.24 2.12 2.00 1.88 1.77 1.66 1.55 1.45 1.35 1.25 1.16 1.07 0.98 0.90 0.81 0.74 0.66 0.59 0.53 0.46 0.41 0.35 0.30 0.25 0.21 0.17 0.14 0.10 0.08 0.06 0.04 0.02 0.01 0.01 0.00 0.00 0.00 0.00 0.00 0.00 0.00 0.00 0.00 0.00 0.00 0.00 0.00 0.00 0.00 0.00 0.00 0.00 0.00 0.00
5.89 5.86 5.81 5.76 5.70 5.63 5.55 5.47 5.37 5.26 5.14 4.99 4.84 4.67 4.49 4.32 4.15 3.99 3.84 3.69 3.54 3.40 3.25 3.11 2.97 2.84 2.70 2.57 2.44 2.32 2.19 2.07 1.96 1.84 1.73 1.62 1.51 1.41 1.31 1.22 1.12 1.03 0.95 0.86 0.78 0.71 0.64 0.57 0.50 0.44 0.38 0.33 0.28 0.24 0.20 0.16 0.13 0.10 0.07 0.05 0.04 0.02 0.01 0.01 0.00 0.00 0.00 0.00 0.00 0.00 0.00 0.00 0.00 0.00 0.00 0.00 0.00 0.00 0.00 0.00 0.00 0.00 0.00 0.00
5.86 5.82 5.78 5.73 5.67 5.61 5.53 5.45 5.35 5.23 5.11 4.96 4.80 4.63 4.45 4.27 4.10 3.94 3.78 3.63 3.48 3.34 3.20 3.05 2.92 2.78 2.65 2.52 2.39 2.26 2.14 2.02 1.91 1.79 1.68 1.57 1.47 1.37 1.27 1.17 1.08 1.00 0.91 0.83 0.75 0.68 0.61 0.54 0.48 0.42 0.36 0.31 0.26 0.22 0.18 0.15 0.12 0.09 0.07 0.05 0.04 0.02 0.01 0.01 0.00 0.00 0.00 0.00 0.00 0.00 0.00 0.00 0.00 0.00 0.00 0.00 0.00 0.00 0.00 0.00 0.00 0.00 0.00 0.00
5.82 5.79 5.75 5.70 5.64 5.58 5.51 5.42 5.32 5.20 5.07 4.92 4.75 4.57 4.39 4.22 4.04 3.88 3.72 3.56 3.41 3.27 3.13 2.99 2.85 2.72 2.58 2.46 2.33 2.20 2.08 1.97 1.85 1.74 1.63 1.52 1.42 1.32 1.22 1.13 1.04 0.95 0.87 0.79 0.72 0.64 0.58 0.51 0.45 0.39 0.34 0.29 0.25 0.21 0.17 0.14 0.11 0.09 0.07 0.05 0.03 0.02 0.01 0.01 0.00 0.00 0.00 0.00 0.00 0.00 0.00 0.00 0.00 0.00 0.00 0.00 0.00 0.00 0.00 0.00 0.00 0.00 0.00 0.00
5.78 5.75 5.71 5.66 5.61 5.55 5.47 5.38 5.27 5.15 5.02 4.86 4.70 4.52 4.33 4.15 3.98 3.81 3.65 3.49 3.34 3.19 3.05 2.91 2.78 2.64 2.51 2.39 2.26 2.14 2.02 1.90 1.79 1.68 1.57 1.47 1.36 1.27 1.17 1.08 0.99 0.91 0.83 0.75 0.68 0.61 0.54 0.48 0.42 0.37 0.32 0.27 0.23 0.19 0.16 0.13 0.10 0.08 0.06 0.05 0.03 0.02 0.01 0.01 0.00 0.00 0.00 0.00 0.00 0.00 0.00 0.00 0.00 0.00 0.00 0.00 0.00 0.00 0.00 0.00 0.00 0.00 0.00 0.00
5.73 5.70 5.67 5.62 5.57 5.50 5.42 5.33 5.22 5.10 4.96 4.80 4.63 4.45 4.26 4.08 3.90 3.73 3.57 3.41 3.26 3.11 2.97 2.83 2.70 2.56 2.44 2.31 2.19 2.07 1.95 1.83 1.72 1.61 1.51 1.41 1.31 1.21 1.12 1.03 0.94 0.86 0.78 0.71 0.64 0.57 0.51 0.45 0.39 0.34 0.30 0.25 0.21 0.18 0.15 0.12 0.10 0.08 0.06 0.05 0.03 0.02 0.01 0.01 0.00 0.00 0.00 0.00 0.00 0.00 0.00 0.00 0.00 0.00 0.00 0.00 0.00 0.00 0.00 0.00 0.00 0.00 0.00 0.00
5.68 5.65 5.62 5.58 5.52 5.45 5.37 5.27 5.16 5.03 4.89 4.73 4.56 4.37 4.18 4.00 3.82 3.65 3.48 3.32 3.17 3.02 2.88 2.74 2.61 2.48 2.35 2.23 2.10 1.99 1.87 1.76 1.65 1.54 1.44 1.34 1.24 1.15 1.06 0.98 0.89 0.81 0.74 0.67 0.60 0.54 0.48 0.42 0.37 0.32 0.27 0.23 0.20 0.17 0.14 0.12 0.10 0.08 0.06 0.05 0.03 0.02 0.01 0.01 0.00 0.00 0.00 0.00 0.00 0.00 0.00 0.00 0.00 0.00 0.00 0.00 0.00 0.00 0.00 0.00 0.00 0.00 0.00 0.00
5.62 5.60 5.56 5.52 5.46 5.39 5.30 5.20 5.09 4.96 4.81 4.65 4.48 4.29 4.10 3.91 3.73 3.56 3.39 3.23 3.08 2.93 2.78 2.64 2.51 2.38 2.26 2.14 2.02 1.90 1.79 1.68 1.57 1.47 1.37 1.27 1.18 1.09 1.00 0.92 0.84 0.76 0.69 0.62 0.56 0.50 0.44 0.39 0.34 0.30 0.26 0.22 0.19 0.16 0.14 0.11 0.09 0.08 0.06 0.04 0.03 0.02 0.01 0.01 0.00 0.00 0.00 0.00 0.00 0.00 0.00 0.00 0.00 0.00 0.00 0.00 0.00 0.00 0.00 0.00 0.00 0.00 0.00 0.00
5.56 5.54 5.50 5.46 5.39 5.32 5.23 5.13 5.01 4.87 4.73 4.57 4.39 4.20 4.01 3.82 3.64 3.46 3.30 3.13 2.98 2.83 2.68 2.54 2.41 2.28 2.16 2.04 1.93 1.81 1.70 1.60 1.49 1.39 1.30 1.20 1.11 1.02 0.94 0.86 0.79 0.71 0.64 0.58 0.52 0.46 0.41 0.36 0.31 0.27 0.24 0.21 0.18 0.15 0.13 0.11 0.09 0.07 0.06 0.04 0.03 0.02 0.01 0.01 0.00 0.00 0.00 0.00 0.00 0.00 0.00 0.00 0.00 0.00 0.00 0.00 0.00 0.00 0.00 0.00 0.00 0.00 0.00 0.00
5.49 5.47 5.43 5.38 5.32 5.24 5.15 5.04 4.92 4.78 4.64 4.47 4.30 4.10 3.91 3.72 3.54 3.36 3.19 3.03 2.87 2.72 2.58 2.44 2.31 2.18 2.06 1.94 1.83 1.72 1.61 1.51 1.41 1.31 1.22 1.13 1.04 0.96 0.88 0.80 0.73 0.66 0.60 0.54 0.48 0.43 0.38 0.33 0.29 0.25 0.22 0.19 0.17 0.15 0.13 0.11 0.09 0.07 0.06 0.04 0.03 0.02 0.01 0.01 0.00 0.00 0.00 0.00 0.00 0.00 0.00 0.00 0.00 0.00 0.00 0.00 0.00 0.00 0.00 0.00 0.00 0.00 0.00 0.00
5.41 5.39 5.35 5.30 5.23 5.15 5.05 4.95 4.82 4.69 4.54 4.37 4.19 4.00 3.81 3.62 3.43 3.26 3.09 2.93 2.77 2.62 2.47 2.34 2.20 2.08 1.96 1.84 1.73 1.62 1.52 1.42 1.32 1.23 1.14 1.05 0.97 0.89 0.82 0.74 0.68 0.61 0.55 0.49 0.44 0.39 0.35 0.31 0.27 0.24 0.21 0.19 0.16 0.14 0.12 0.10 0.09 0.07 0.05 0.04 0.03 0.02 0.01 0.00 0.00 0.00 0.00 0.00 0.00 0.00 0.00 0.00 0.00 0.00 0.00 0.00 0.00 0.00 0.00 0.00 0.00 0.00 0.00 0.00
5.33 5.30 5.26 5.20 5.13 5.05 4.95 4.84 4.72 4.58 4.43 4.27 4.09 3.89 3.70 3.51 3.32 3.15 2.98 2.82 2.66 2.51 2.36 2.23 2.10 1.97 1.85 1.74 1.63 1.53 1.43 1.33 1.24 1.15 1.06 0.98 0.90 0.82 0.75 0.68 0.62 0.56 0.50 0.45 0.40 0.36 0.32 0.28 0.25 0.22 0.20 0.18 0.16 0.14 0.12 0.10 0.08 0.07 0.05 0.04 0.03 0.02 0.01 0.00 0.00 0.00 0.00 0.00 0.00 0.00 0.00 0.00 0.00 0.00 0.00 0.00 0.00 0.00 0.00 0.00 0.00 0.00 0.00 0.00
