data_processed/recharge/precip/Precip_1994_07.asc
ncols        168
nrows        136
xllcorner    455000
yllcorner    2107000
cellsize     500
NODATA_value     -99999
[rows 96 to 127 of 136, columns 0 to 71 of 168]
84.50 86.62 88.80 91.03 93.31 95.63 98.00 100.43 102.89 105.38 107.86 110.32 112.72 115.05 117.28 119.38 121.33 123.12 124.71 126.07 127.19 128.02 128.54 128.73 128.57 128.04 127.13 125.99 124.70 123.26 121.69 119.99 118.19 116.34 114.54 112.81 111.17 109.60 108.13 106.75 105.48 104.31 103.26 102.34 101.54 100.88 100.48 100.61 101.34 102.63 104.45 106.74 109.40 111.69 113.09 113.67 113.53 112.75 111.43 109.82 108.23 106.77 105.43 104.23 103.18 102.27 101.53 100.96 100.56 100.35 100.33 100.52
83.15 85.17 87.26 89.41 91.64 93.93 96.30 98.74 101.24 103.76 106.29 108.81 111.28 113.68 115.99 118.18 120.24 122.13 123.84 125.33 126.59 127.58 128.25 128.60 128.58 128.19 127.41 126.40 125.23 123.91 122.45 120.86 119.22 117.60 116.02 114.49 113.03 111.62 110.29 109.03 107.86 106.78 105.79 104.90 104.12 103.46 102.92 102.62 102.85 103.66 105.02 106.88 109.15 111.06 112.12 112.40 111.98 110.97 109.62 108.28 107.05 105.93 104.94 104.07 103.35 102.78 102.36 102.11 102.03 102.13 102.42 102.91
82.07 83.96 85.95 88.02 90.17 92.44 94.80 97.26 99.78 102.33 104.90 107.46 109.98 112.45 114.83 117.11 119.25 121.24 123.06 124.67 126.05 127.18 128.02 128.53 128.67 128.43 127.81 126.94 125.91 124.72 123.39 121.98 120.57 119.17 117.81 116.47 115.17 113.92 112.72 111.57 110.49 109.47 108.53 107.68 106.91 106.23 105.65 105.19 104.96 105.23 106.08 107.46 109.26 110.74 111.41 111.32 110.59 109.47 108.34 107.30 106.37 105.55 104.85 104.27 103.83 103.54 103.40 103.41 103.60 103.96 104.51 105.26
81.28 83.03 84.90 86.87 88.97 91.22 93.58 96.03 98.56 101.13 103.73 106.32 108.89 111.41 113.85 116.20 118.42 120.50 122.41 124.12 125.62 126.87 127.86 128.54 128.86 128.78 128.33 127.61 126.73 125.69 124.56 123.39 122.22 121.05 119.88 118.72 117.58 116.47 115.38 114.34 113.33 112.37 111.47 110.63 109.86 109.16 108.54 108.01 107.58 107.36 107.64 108.48 109.76 110.76 110.97 110.48 109.55 108.60 107.73 106.95 106.27 105.70 105.24 104.90 104.69 104.63 104.71 104.95 105.35 105.92 106.68 107.62
80.81 82.41 84.15 86.04 88.10 90.32 92.66 95.10 97.63 100.21 102.82 105.44 108.04 110.60 113.09 115.50 117.79 119.95 121.94 123.75 125.35 126.71 127.82 128.65 129.14 129.26 128.97 128.43 127.72 126.89 126.01 125.09 124.15 123.18 122.20 121.21 120.22 119.24 118.26 117.30 116.36 115.45 114.58 113.74 112.96 112.23 111.56 110.95 110.42 109.97 109.73 109.96 110.68 111.13 110.84 110.08 109.28 108.54 107.88 107.30 106.82 106.44 106.17 106.02 106.00 106.11 106.37 106.78 107.34 108.08 108.99 110.09
80.69 82.13 83.76 85.59 87.61 89.78 92.09 94.52 97.03 99.61 102.22 104.86 107.48 110.07 112.61 115.06 117.41 119.63 121.70 123.59 125.28 126.75 127.97 128.91 129.55 129.85 129.76 129.42 128.93 128.36 127.73 127.05 126.33 125.56 124.75 123.92 123.07 122.20 121.32 120.43 119.55 118.68 117.82 116.98 116.17 115.40 114.66 113.97 113.34 112.76 112.25 111.93 112.02 111.88 111.25 110.56 109.92 109.34 108.84 108.42 108.09 107.85 107.73 107.71 107.82 108.06 108.44 108.97 109.65 110.50 111.52 112.71
80.95 82.27 83.81 85.58 87.54 89.66 91.93 94.33 96.82 99.38 101.99 104.62 107.26 109.87 112.43 114.93 117.32 119.60 121.73 123.70 125.47 127.02 128.34 129.39 130.15 130.60 130.71 130.60 130.38 130.08 129.70 129.25 128.73 128.15 127.51 126.82 126.09 125.33 124.53 123.71 122.87 122.03 121.17 120.32 119.48 118.65 117.84 117.05 116.30 115.58 114.92 114.30 113.82 113.26 112.65 112.07 111.55 111.09 110.69 110.37 110.14 110.01 109.97 110.04 110.24 110.55 111.01 111.60 112.35 113.26 114.33 115.58
81.61 82.84 84.30 85.99 87.88 89.95 92.17 94.53 96.98 99.52 102.12 104.75 107.39 110.01 112.60 115.12 117.56 119.88 122.07 124.10 125.94 127.58 128.98 130.14 131.01 131.58 131.89 132.06 132.12 132.07 131.92 131.68 131.35 130.93 130.45 129.89 129.27 128.59 127.87 127.10 126.29 125.45 124.59 123.71 122.81 121.91 121.01 120.11 119.23 118.37 117.53 116.72 116.02 115.44 114.91 114.41 113.97 113.58 113.25 113.00 112.83 112.74 112.76 112.88 113.11 113.47 113.95 114.58 115.35 116.28 117.36 118.62
82.45 83.68 85.08 86.69 88.52 90.53 92.70 95.02 97.44 99.96 102.54 105.17 107.81 110.45 113.05 115.61 118.08 120.45 122.69 124.79 126.71 128.43 129.92 131.17 132.16 132.91 133.49 133.92 134.22 134.39 134.44 134.38 134.21 133.94 133.58 133.12 132.59 131.97 131.29 130.54 129.74 128.88 127.98 127.04 126.07 125.07 124.05 123.01 121.97 120.93 119.89 118.95 118.24 117.70 117.23 116.81 116.43 116.10 115.83 115.63 115.51 115.47 115.52 115.68 115.94 116.32 116.83 117.47 118.26 119.19 120.29 121.55
83.38 84.67 86.07 87.63 89.39 91.35 93.48 95.75 98.15 100.65 103.22 105.84 108.49 111.14 113.77 116.35 118.87 121.29 123.59 125.75 127.74 129.55 131.14 132.49 133.65 134.66 135.50 136.16 136.67 137.03 137.26 137.35 137.31 137.15 136.88 136.50 136.01 135.43 134.76 134.00 133.17 132.26 131.29 130.26 129.18 128.05 126.88 125.68 124.45 123.20 122.02 121.06 120.38 119.87 119.43 119.07 118.75 118.48 118.26 118.11 118.03 118.04 118.12 118.31 118.60 119.01 119.53 120.19 120.98 121.92 123.02 124.27
84.37 85.74 87.21 88.78 90.49 92.40 94.48 96.72 99.09 101.57 104.13 106.75 109.41 112.08 114.73 117.35 119.91 122.38 124.74 126.97 129.04 130.93 132.62 134.14 135.55 136.81 137.89 138.77 139.45 139.96 140.33 140.54 140.61 140.53 140.32 139.97 139.51 138.93 138.24 137.44 136.55 135.56 134.49 133.34 132.12 130.83 129.48 128.08 126.63 125.23 124.04 123.11 122.45 121.96 121.55 121.21 120.94 120.73 120.56 120.46 120.42 120.46 120.58 120.79 121.11 121.53 122.07 122.74 123.53 124.48 125.57 126.81
85.43 86.87 88.41 90.05 91.79 93.65 95.69 97.90 100.25 102.71 105.26 107.89 110.55 113.24 115.92 118.58 121.18 123.70 126.13 128.43 130.58 132.56 134.41 136.17 137.82 139.32 140.62 141.69 142.53 143.17 143.63 143.93 144.06 144.03 143.85 143.52 143.05 142.44 141.69 140.83 139.85 138.75 137.55 136.25 134.86 133.38 131.82 130.19 128.58 127.16 125.99 125.08 124.45 123.98 123.59 123.28 123.03 122.86 122.74 122.67 122.67 122.74 122.89 123.13 123.46 123.90 124.45 125.13 125.93 126.86 127.95 129.18
86.55 88.06 89.68 91.39 93.20 95.09 97.10 99.28 101.60 104.05 106.60 109.22 111.90 114.61 117.32 120.01 122.66 125.24 127.73 130.11 132.34 134.48 136.56 138.56 140.43 142.14 143.64 144.88 145.86 146.60 147.13 147.48 147.65 147.64 147.46 147.10 146.59 145.92 145.09 144.13 143.02 141.79 140.42 138.94 137.35 135.65 133.85 132.05 130.42 129.02 127.87 126.99 126.38 125.94 125.57 125.27 125.04 124.89 124.81 124.78 124.81 124.91 125.08 125.34 125.69 126.14 126.70 127.37 128.17 129.10 130.17 131.39
87.73 89.31 91.00 92.79 94.67 96.63 98.68 100.83 103.14 105.57 108.12 110.75 113.45 116.18 118.92 121.65 124.35 126.99 129.54 132.00 134.38 136.74 139.04 141.25 143.33 145.24 146.92 148.31 149.40 150.23 150.81 151.17 151.33 151.30 151.09 150.69 150.10 149.34 148.40 147.30 146.05 144.64 143.09 141.39 139.57 137.62 135.64 133.82 132.21 130.83 129.70 128.84 128.26 127.83 127.48 127.20 126.99 126.85 126.78 126.78 126.84 126.97 127.16 127.43 127.79 128.25 128.81 129.48 130.27 131.20 132.25 133.46
88.94 90.60 92.36 94.23 96.19 98.23 100.35 102.55 104.84 107.27 109.81 112.45 115.16 117.92 120.69 123.47 126.22 128.92 131.55 134.14 136.73 139.31 141.82 144.22 146.49 148.56 150.40 151.93 153.12 154.01 154.62 154.97 155.09 155.00 154.72 154.24 153.55 152.66 151.59 150.32 148.89 147.27 145.50 143.56 141.48 139.34 137.34 135.54 133.94 132.59 131.48 130.64 130.07 129.67 129.34 129.07 128.87 128.74 128.68 128.70 128.78 128.92 129.13 129.42 129.79 130.25 130.81 131.47 132.26 133.16 134.20 135.42
90.20 91.93 93.76 95.71 97.74 99.87 102.07 104.35 106.68 109.11 111.66 114.31 117.04 119.82 122.63 125.45 128.25 131.02 133.78 136.57 139.38 142.15 144.84 147.43 149.85 152.08 154.06 155.70 156.97 157.90 158.52 158.84 158.90 158.72 158.32 157.72 156.90 155.86 154.61 153.15 151.50 149.66 147.63 145.42 143.14 140.98 138.99 137.20 135.63 134.29 133.20 132.38 131.84 131.46 131.14 130.89 130.70 130.58 130.53 130.55 130.64 130.80 131.02 131.31 131.69 132.14 132.70 133.36 134.12 135.01 136.07 137.39
91.50 93.29 95.20 97.22 99.34 101.54 103.83 106.19 108.61 111.08 113.64 116.30 119.05 121.86 124.72 127.58 130.45 133.33 136.29 139.28 142.27 145.22 148.08 150.82 153.39 155.75 157.85 159.58 160.91 161.86 162.47 162.74 162.72 162.42 161.88 161.10 160.11 158.89 157.43 155.76 153.86 151.75 149.44 147.03 144.72 142.57 140.60 138.83 137.27 135.95 134.88 134.08 133.56 133.19 132.89 132.66 132.48 132.37 132.32 132.35 132.44 132.60 132.83 133.12 133.50 133.95 134.50 135.14 135.89 136.80 137.96 139.40
92.82 94.69 96.67 98.77 100.96 103.25 105.61 108.06 110.56 113.13 115.74 118.42 121.19 124.04 126.93 129.85 132.83 135.90 139.04 142.21 145.37 148.48 151.49 154.36 157.05 159.53 161.73 163.53 164.90 165.85 166.43 166.64 166.51 166.08 165.36 164.38 163.17 161.72 160.03 158.10 155.93 153.53 151.01 148.57 146.27 144.13 142.17 140.42 138.88 137.57 136.52 135.74 135.23 134.89 134.60 134.38 134.21 134.11 134.07 134.09 134.18 134.34 134.57 134.87 135.24 135.68 136.21 136.84 137.61 138.62 139.90 141.44
94.16 96.10 98.16 100.33 102.61 104.97 107.42 109.95 112.54 115.20 117.90 120.64 123.44 126.32 129.26 132.29 135.44 138.69 142.01 145.34 148.64 151.89 155.02 158.01 160.81 163.38 165.65 167.51 168.89 169.83 170.35 170.48 170.23 169.64 168.73 167.52 166.05 164.33 162.37 160.15 157.67 155.06 152.50 150.07 147.78 145.66 143.71 141.97 140.44 139.15 138.12 137.35 136.87 136.54 136.27 136.05 135.90 135.80 135.77 135.79 135.88 136.04 136.26 136.55 136.91 137.35 137.86 138.51 139.38 140.51 141.89 143.50
95.53 97.54 99.67 101.92 104.27 106.72 109.25 111.86 114.54 117.28 120.07 122.91 125.78 128.70 131.74 134.93 138.26 141.67 145.14 148.61 152.04 155.40 158.64 161.73 164.61 167.25 169.59 171.47 172.86 173.76 174.20 174.22 173.83 173.07 171.94 170.49 168.74 166.70 164.41 161.87 159.17 156.52 153.97 151.54 149.27 147.15 145.22 143.49 141.98 140.70 139.68 138.93 138.47 138.15 137.90 137.69 137.55 137.46 137.42 137.45 137.54 137.69 137.91 138.19 138.54 138.96 139.49 140.25 141.24 142.47 143.92 145.58
96.90 98.98 101.19 103.51 105.95 108.47 111.09 113.79 116.55 119.38 122.27 125.19 128.16 131.21 134.41 137.77 141.25 144.80 148.40 151.98 155.53 158.98 162.31 165.47 168.41 171.11 173.49 175.38 176.74 177.59 177.94 177.83 177.28 176.32 174.97 173.25 171.19 168.82 166.16 163.35 160.60 157.95 155.41 153.00 150.73 148.63 146.71 144.99 143.49 142.23 141.22 140.49 140.03 139.74 139.49 139.30 139.16 139.07 139.05 139.07 139.16 139.31 139.51 139.79 140.12 140.57 141.21 142.08 143.17 144.48 145.98 147.67
98.27 100.43 102.71 105.12 107.62 110.23 112.93 115.72 118.57 121.49 124.46 127.49 130.60 133.86 137.24 140.75 144.36 148.04 151.74 155.43 159.06 162.59 165.98 169.19 172.18 174.91 177.31 179.20 180.52 181.28 181.53 181.27 180.54 179.36 177.75 175.75 173.37 170.64 167.71 164.81 162.03 159.37 156.84 154.43 152.17 150.08 148.17 146.46 144.97 143.73 142.73 142.01 141.58 141.29 141.06 140.88 140.74 140.66 140.63 140.66 140.74 140.88 141.08 141.35 141.71 142.27 143.04 144.01 145.18 146.54 148.07 149.77
99.65 101.88 104.24 106.71 109.30 111.99 114.78 117.64 120.59 123.59 126.66 129.83 133.15 136.61 140.18 143.83 147.55 151.33 155.13 158.89 162.59 166.18 169.62 172.86 175.88 178.62 181.01 182.88 184.13 184.80 184.91 184.49 183.55 182.14 180.26 177.95 175.23 172.25 169.25 166.31 163.48 160.79 158.25 155.85 153.60 151.52 149.62 147.92 146.44 145.21 144.23 143.52 143.10 142.83 142.60 142.43 142.30 142.22 142.19 142.22 142.30 142.43 142.62 142.91 143.39 144.08 144.97 146.03 147.25 148.64 150.18 151.86
101.01 103.32 105.75 108.31 110.97 113.75 116.61 119.57 122.60 125.70 128.91 132.28 135.80 139.43 143.16 146.95 150.79 154.65 158.51 162.34 166.09 169.71 173.18 176.44 179.45 182.19 184.56 186.38 187.55 188.10 188.06 187.45 186.29 184.62 182.45 179.82 176.86 173.83 170.82 167.86 164.99 162.25 159.67 157.27 155.02 152.94 151.05 149.36 147.90 146.67 145.70 145.01 144.60 144.34 144.13 143.96 143.84 143.76 143.73 143.75 143.83 143.95 144.17 144.58 145.19 146.00 146.98 148.11 149.38 150.78 152.31 153.95
102.36 104.74 107.25 109.89 112.63 115.49 118.44 121.48 124.60 127.84 131.25 134.81 138.50 142.29 146.16 150.08 154.01 157.95 161.87 165.73 169.50 173.15 176.62 179.87 182.87 185.58 187.91 189.66 190.73 191.14 190.93 190.11 188.71 186.76 184.29 181.43 178.45 175.43 172.42 169.44 166.54 163.76 161.13 158.68 156.43 154.36 152.48 150.80 149.34 148.12 147.17 146.49 146.09 145.84 145.64 145.47 145.35 145.28 145.25 145.27 145.34 145.49 145.83 146.37 147.10 148.00 149.05 150.24 151.54 152.95 154.44 156.02
103.69 106.15 108.73 111.44 114.27 117.21 120.24 123.37 126.63 130.06 133.66 137.39 141.24 145.16 149.15 153.16 157.18 161.18 165.14 169.02 172.80 176.44 179.90 183.13 186.09 188.75 191.02 192.68 193.63 193.88 193.48 192.43 190.77 188.53 185.85 182.99 180.04 177.05 174.04 171.06 168.15 165.33 162.66 160.15 157.86 155.78 153.90 152.23 150.78 149.57 148.62 147.95 147.57 147.33 147.13 146.97 146.86 146.78 146.75 146.77 146.87 147.14 147.62 148.28 149.11 150.08 151.18 152.40 153.72 155.11 156.57 158.07
105.00 107.53 110.19 112.98 115.89 118.91 122.03 125.29 128.74 132.36 136.12 140.00 143.97 148.01 152.09 156.18 160.26 164.30 168.28 172.17 175.94 179.55 182.97 186.16 189.07 191.66 193.85 195.40 196.20 196.28 195.66 194.37 192.43 190.01 187.34 184.54 181.64 178.68 175.70 172.72 169.80 166.96 164.25 161.69 159.34 157.21 155.33 153.66 152.22 151.02 150.08 149.42 149.04 148.81 148.62 148.47 148.35 148.28 148.24 148.29 148.51 148.93 149.53 150.28 151.19 152.22 153.35 154.59 155.89 157.26 158.66 160.09
106.27 108.87 111.61 114.48 117.47 120.57 123.83 127.28 130.90 134.68 138.59 142.59 146.67 150.80 154.96 159.10 163.22 167.28 171.26 175.14 178.87 182.44 185.81 188.93 191.76 194.26 196.36 197.78 198.42 198.30 197.45 195.89 193.79 191.40 188.82 186.09 183.25 180.33 177.37 174.42 171.49 168.64 165.90 163.31 160.89 158.70 156.77 155.09 153.66 152.46 151.53 150.88 150.51 150.29 150.11 149.96 149.84 149.77 149.77 149.94 150.30 150.84 151.54 152.37 153.33 154.40 155.55 156.77 158.05 159.37 160.70 162.04
107.51 110.18 113.00 115.95 119.02 122.25 125.69 129.31 133.09 137.01 141.04 145.15 149.32 153.51 157.72 161.90 166.03 170.09 174.05 177.89 181.57 185.07 188.36 191.40 194.13 196.53 198.50 199.77 200.23 199.89 198.80 197.09 195.05 192.76 190.28 187.63 184.85 181.99 179.07 176.14 173.23 170.37 167.62 164.99 162.53 160.28 158.28 156.55 155.11 153.92 152.99 152.35 151.99 151.77 151.60 151.45 151.33 151.29 151.42 151.73 152.22 152.86 153.63 154.53 155.53 156.61 157.76 158.95 160.19 161.43 162.67 163.90
108.70 111.45 114.34 117.37 120.57 123.98 127.58 131.36 135.28 139.31 143.44 147.63 151.87 156.11 160.34 164.54 168.66 172.70 176.62 180.39 184.00 187.41 190.59 193.52 196.14 198.40 200.24 201.34 201.60 201.03 199.80 198.17 196.26 194.10 191.72 189.16 186.46 183.66 180.79 177.89 175.00 172.15 169.39 166.74 164.25 161.95 159.88 158.08 156.58 155.38 154.46 153.82 153.47 153.26 153.09 152.94 152.87 152.95 153.22 153.66 154.25 154.97 155.81 156.74 157.76 158.83 159.96 161.11 162.27 163.43 164.57 165.66
109.84 112.67 115.64 118.79 122.16 125.74 129.49 133.40 137.43 141.56 145.77 150.02 154.29 158.56 162.80 166.99 171.08 175.08 178.93 182.62 186.13 189.42 192.48 195.26 197.74 199.86 201.53 202.45 202.48 201.80 200.67 199.21 197.43 195.40 193.13 190.68 188.06 185.33 182.52 179.67 176.81 173.98 171.22 168.56 166.04 163.70 161.58 159.71 158.13 156.87 155.95 155.31 154.97 154.76 154.59 154.49 154.54 154.77 155.17 155.71 156.38 157.17 158.04 159.00 160.01 161.06 162.14 163.23 164.31 165.36 166.36 167.30
110.93 113.83 116.92 120.24 123.77 127.49 131.38 135.39 139.51 143.72 147.98 152.27 156.57 160.84 165.06 169.21 173.26 177.19 180.96 184.55 187.93 191.09 193.98 196.59 198.90 200.84 202.33 203.05 202.99 202.43 201.48 200.18 198.56 196.67 194.52 192.18 189.66 187.01 184.27 181.47 178.65 175.85 173.10 170.44 167.90 165.54 163.37 161.44 159.79 158.45 157.46 156.82 156.48 156.28 156.15 156.18 156.38 156.73 157.24 157.86 158.60 159.42 160.32 161.28 162.27 163.28 164.30 165.30 166.27 167.19 168.04 168.82
