data_processed/recharge/precip/Precip_1998_01.asc
ncols        168
nrows        136
xllcorner    455000
yllcorner    2107000
cellsize     500
NODATA_value     -99999
[rows 72 to 107 of 136, columns 0 to 82 of 168]
13.69 13.80 13.89 13.97 14.05 14.11 14.16 14.20 14.26 14.35 14.45 14.57 14.70 14.83 14.95 15.06 15.14 15.20 15.22 15.21 15.15 15.05 14.88 14.67 14.43 14.14 13.83 13.49 13.13 12.74 12.33 11.90 11.46 11.01 10.58 10.16 9.75 9.36 9.00 8.66 8.34 8.06 7.80 7.57 7.38 7.21 7.07 6.97 6.89 6.82 6.76 6.70 6.65 6.60 6.56 6.51 6.47 6.43 6.39 6.34 6.29 6.24 6.17 6.09 5.98 5.83 5.63 5.40 5.14 4.85 4.53 4.19 3.84 3.48 3.17 2.95 2.79 2.71 2.68 2.71 2.78 2.90 3.06
13.64 13.74 13.84 13.92 13.99 14.06 14.11 14.18 14.28 14.39 14.53 14.67 14.82 14.98 15.12 15.25 15.35 15.42 15.46 15.45 15.39 15.29 15.12 14.90 14.64 14.35 14.03 13.67 13.29 12.88 12.45 12.00 11.55 11.10 10.66 10.24 9.83 9.43 9.06 8.71 8.39 8.10 7.84 7.60 7.40 7.23 7.09 6.98 6.90 6.83 6.77 6.71 6.66 6.61 6.57 6.53 6.49 6.45 6.41 6.36 6.31 6.25 6.19 6.12 6.03 5.91 5.75 5.55 5.31 5.04 4.75 4.43 4.08 3.73 3.43 3.22 3.07 2.99 2.97 3.00 3.08 3.20 3.36
13.60 13.70 13.80 13.88 13.95 14.02 14.10 14.20 14.33 14.48 14.64 14.80 14.97 15.14 15.31 15.45 15.57 15.65 15.69 15.69 15.63 15.52 15.35 15.12 14.85 14.54 14.20 13.83 13.43 13.00 12.55 12.09 11.63 11.18 10.74 10.31 9.90 9.50 9.13 8.77 8.44 8.14 7.88 7.64 7.43 7.26 7.12 7.01 6.92 6.85 6.79 6.73 6.68 6.64 6.59 6.55 6.52 6.48 6.43 6.38 6.33 6.27 6.21 6.14 6.06 5.97 5.84 5.67 5.46 5.22 4.95 4.64 4.32 3.98 3.69 3.48 3.34 3.27 3.26 3.30 3.39 3.52 3.66
13.56 13.67 13.76 13.84 13.92 14.01 14.13 14.27 14.43 14.60 14.78 14.97 15.15 15.33 15.50 15.66 15.79 15.88 15.93 15.93 15.87 15.75 15.57 15.33 15.04 14.72 14.36 13.97 13.55 13.10 12.64 12.17 11.72 11.26 10.82 10.39 9.97 9.57 9.19 8.83 8.50 8.20 7.92 7.68 7.47 7.29 7.15 7.04 6.95 6.88 6.82 6.76 6.71 6.67 6.63 6.59 6.55 6.51 6.46 6.41 6.35 6.29 6.23 6.16 6.08 6.00 5.90 5.76 5.59 5.37 5.12 4.84 4.53 4.21 3.93 3.74 3.61 3.55 3.55 3.61 3.70 3.82 3.93
13.53 13.64 13.73 13.82 13.92 14.05 14.21 14.38 14.56 14.76 14.96 15.16 15.36 15.54 15.72 15.87 16.01 16.11 16.16 16.15 16.09 15.97 15.77 15.52 15.22 14.88 14.50 14.09 13.64 13.18 12.72 12.25 11.79 11.34 10.89 10.46 10.04 9.64 9.26 8.90 8.56 8.25 7.97 7.72 7.51 7.33 7.18 7.07 6.99 6.92 6.85 6.80 6.75 6.70 6.66 6.62 6.58 6.54 6.49 6.44 6.38 6.32 6.25 6.18 6.10 6.02 5.92 5.82 5.68 5.49 5.27 5.01 4.73 4.42 4.16 3.98 3.87 3.83 3.85 3.91 3.99 4.08 4.17
13.51 13.62 13.72 13.83 13.97 14.14 14.32 14.52 14.73 14.95 15.16 15.38 15.58 15.77 15.95 16.10 16.23 16.32 16.38 16.37 16.30 16.17 15.96 15.69 15.37 15.01 14.61 14.17 13.72 13.25 12.79 12.33 11.87 11.41 10.97 10.53 10.11 9.71 9.32 8.96 8.62 8.31 8.03 7.77 7.56 7.37 7.22 7.11 7.03 6.96 6.89 6.84 6.79 6.75 6.71 6.66 6.62 6.57 6.52 6.46 6.40 6.34 6.27 6.20 6.12 6.03 5.94 5.84 5.73 5.58 5.39 5.16 4.89 4.61 4.37 4.21 4.12 4.10 4.12 4.18 4.24 4.30 4.37
13.50 13.61 13.74 13.89 14.07 14.27 14.48 14.71 14.94 15.17 15.40 15.62 15.83 16.02 16.19 16.34 16.46 16.54 16.58 16.57 16.49 16.34 16.12 15.83 15.49 15.11 14.69 14.24 13.78 13.32 12.86 12.39 11.93 11.48 11.04 10.60 10.18 9.78 9.39 9.02 8.68 8.37 8.08 7.83 7.61 7.42 7.27 7.16 7.07 7.00 6.94 6.89 6.84 6.79 6.75 6.70 6.65 6.60 6.54 6.49 6.42 6.36 6.29 6.21 6.13 6.05 5.95 5.85 5.74 5.62 5.46 5.27 5.03 4.77 4.56 4.42 4.35 4.34 4.36 4.39 4.43 4.47 4.52
13.51 13.64 13.81 14.00 14.21 14.44 14.68 14.92 15.17 15.41 15.65 15.88 16.09 16.28 16.45 16.58 16.69 16.75 16.77 16.75 16.66 16.50 16.25 15.94 15.58 15.17 14.74 14.29 13.84 13.38 12.92 12.46 12.00 11.55 11.10 10.67 10.25 9.84 9.45 9.09 8.75 8.43 8.14 7.88 7.66 7.47 7.32 7.21 7.12 7.05 6.99 6.94 6.89 6.84 6.79 6.73 6.68 6.62 6.57 6.50 6.44 6.37 6.30 6.22 6.14 6.05 5.96 5.86 5.75 5.63 5.50 5.34 5.13 4.90 4.71 4.60 4.55 4.53 4.53 4.54 4.56 4.58 4.61
13.55 13.73 13.93 14.15 14.39 14.65 14.91 15.17 15.43 15.68 15.93 16.16 16.37 16.55 16.71 16.83 16.92 16.96 16.96 16.91 16.80 16.62 16.35 16.02 15.63 15.21 14.78 14.34 13.89 13.43 12.97 12.51 12.06 11.61 11.16 10.73 10.31 9.91 9.52 9.15 8.81 8.49 8.20 7.94 7.72 7.53 7.37 7.26 7.18 7.11 7.05 6.99 6.93 6.88 6.82 6.76 6.70 6.64 6.58 6.52 6.45 6.38 6.30 6.23 6.14 6.05 5.96 5.85 5.74 5.63 5.50 5.36 5.19 4.99 4.83 4.74 4.69 4.65 4.63 4.62 4.62 4.63 4.65
13.64 13.86 14.09 14.35 14.61 14.89 15.17 15.44 15.72 15.98 16.22 16.45 16.66 16.83 16.98 17.09 17.15 17.17 17.14 17.06 16.91 16.70 16.41 16.05 15.66 15.24 14.82 14.38 13.93 13.48 13.02 12.57 12.11 11.66 11.22 10.79 10.37 9.97 9.58 9.22 8.87 8.55 8.26 8.00 7.78 7.58 7.43 7.32 7.23 7.16 7.10 7.03 6.97 6.91 6.85 6.78 6.72 6.66 6.59 6.52 6.45 6.38 6.30 6.22 6.13 6.04 5.94 5.84 5.73 5.61 5.49 5.35 5.20 5.03 4.90 4.81 4.74 4.68 4.64 4.61 4.60 4.60 4.61
13.78 14.03 14.30 14.58 14.87 15.16 15.45 15.74 16.02 16.29 16.53 16.76 16.96 17.12 17.25 17.34 17.38 17.37 17.31 17.19 17.01 16.76 16.44 16.06 15.67 15.26 14.84 14.41 13.96 13.52 13.06 12.61 12.16 11.72 11.28 10.85 10.43 10.03 9.64 9.28 8.94 8.62 8.33 8.07 7.84 7.64 7.49 7.37 7.29 7.22 7.14 7.07 7.00 6.94 6.87 6.80 6.73 6.66 6.59 6.52 6.44 6.37 6.29 6.20 6.11 6.02 5.92 5.81 5.70 5.58 5.46 5.32 5.18 5.03 4.90 4.79 4.69 4.62 4.57 4.53 4.51 4.50 4.50
13.92 14.20 14.50 14.80 15.12 15.43 15.73 16.03 16.31 16.58 16.83 17.04 17.23 17.38 17.49 17.56 17.57 17.54 17.44 17.29 17.06 16.77 16.42 16.05 15.67 15.26 14.85 14.42 13.98 13.54 13.09 12.65 12.20 11.76 11.32 10.90 10.48 10.08 9.70 9.34 8.99 8.68 8.39 8.13 7.90 7.70 7.55 7.43 7.35 7.27 7.19 7.12 7.04 6.97 6.89 6.82 6.74 6.67 6.59 6.52 6.44 6.36 6.27 6.18 6.09 5.99 5.89 5.79 5.67 5.55 5.42 5.29 5.15 5.00 4.85 4.72 4.61 4.53 4.46 4.41 4.37 4.36 4.36
14.02 14.33 14.65 14.98 15.31 15.64 15.96 16.26 16.55 16.82 17.06 17.27 17.44 17.58 17.67 17.71 17.70 17.63 17.51 17.31 17.04 16.73 16.38 16.02 15.64 15.24 14.83 14.41 13.98 13.55 13.10 12.66 12.22 11.78 11.35 10.93 10.52 10.12 9.74 9.38 9.04 8.72 8.43 8.18 7.95 7.75 7.60 7.50 7.43 7.35 7.26 7.18 7.10 7.01 6.93 6.85 6.78 6.70 6.62 6.53 6.45 6.36 6.28 6.18 6.09 5.99 5.88 5.77 5.66 5.54 5.41 5.27 5.14 4.99 4.84 4.70 4.57 4.46 4.38 4.31 4.27 4.24 4.23
14.06 14.40 14.75 15.10 15.45 15.79 16.12 16.43 16.73 16.99 17.23 17.43 17.59 17.71 17.78 17.80 17.76 17.66 17.50 17.26 16.98 16.66 16.32 15.96 15.59 15.20 14.80 14.38 13.96 13.53 13.09 12.66 12.22 11.79 11.36 10.95 10.54 10.15 9.77 9.41 9.07 8.76 8.47 8.22 7.99 7.80 7.66 7.56 7.50 7.43 7.35 7.26 7.17 7.08 6.99 6.91 6.82 6.74 6.65 6.57 6.48 6.39 6.29 6.20 6.10 6.00 5.89 5.78 5.66 5.54 5.41 5.28 5.14 5.00 4.86 4.71 4.57 4.44 4.33 4.25 4.19 4.15 4.12
14.07 14.43 14.81 15.18 15.54 15.90 16.24 16.55 16.85 17.11 17.34 17.53 17.68 17.78 17.83 17.83 17.76 17.63 17.43 17.17 16.89 16.58 16.24 15.89 15.52 15.13 14.74 14.33 13.92 13.49 13.07 12.64 12.21 11.78 11.36 10.95 10.55 10.16 9.78 9.43 9.10 8.79 8.50 8.25 8.03 7.85 7.72 7.63 7.58 7.52 7.44 7.35 7.26 7.16 7.07 6.98 6.89 6.79 6.70 6.61 6.52 6.42 6.33 6.23 6.12 6.02 5.91 5.79 5.67 5.55 5.42 5.30 5.17 5.04 4.90 4.75 4.61 4.46 4.33 4.23 4.15 4.09 4.05
14.08 14.43 14.81 15.20 15.58 15.95 16.30 16.62 16.91 17.17 17.40 17.58 17.71 17.79 17.82 17.79 17.69 17.53 17.31 17.06 16.77 16.47 16.14 15.79 15.43 15.05 14.66 14.26 13.85 13.44 13.02 12.60 12.18 11.76 11.34 10.94 10.54 10.16 9.79 9.44 9.11 8.81 8.53 8.28 8.07 7.90 7.78 7.71 7.67 7.61 7.54 7.46 7.36 7.26 7.16 7.06 6.96 6.86 6.77 6.67 6.57 6.47 6.37 6.27 6.16 6.05 5.94 5.82 5.70 5.58 5.46 5.34 5.22 5.09 4.96 4.82 4.67 4.52 4.38 4.25 4.15 4.07 4.01
14.09 14.41 14.78 15.18 15.58 15.96 16.31 16.64 16.93 17.19 17.40 17.57 17.69 17.75 17.75 17.69 17.57 17.38 17.17 16.92 16.64 16.34 16.02 15.68 15.32 14.95 14.57 14.17 13.77 13.37 12.96 12.54 12.13 11.72 11.31 10.91 10.52 10.14 9.78 9.44 9.12 8.82 8.54 8.30 8.11 7.95 7.84 7.78 7.75 7.71 7.64 7.56 7.47 7.36 7.26 7.15 7.05 6.94 6.84 6.74 6.63 6.53 6.42 6.32 6.20 6.09 5.97 5.85 5.74 5.63 5.52 5.41 5.29 5.17 5.04 4.90 4.76 4.61 4.47 4.32 4.19 4.09 4.01
14.10 14.40 14.75 15.13 15.53 15.92 16.28 16.61 16.90 17.15 17.35 17.51 17.61 17.65 17.63 17.54 17.40 17.22 17.01 16.76 16.49 16.20 15.88 15.55 15.20 14.83 14.46 14.07 13.68 13.28 12.88 12.47 12.07 11.66 11.27 10.87 10.49 10.12 9.77 9.43 9.11 8.82 8.56 8.33 8.15 8.00 7.91 7.86 7.85 7.81 7.75 7.67 7.58 7.47 7.36 7.25 7.14 7.03 6.92 6.81 6.70 6.59 6.48 6.37 6.26 6.14 6.02 5.91 5.80 5.70 5.60 5.50 5.39 5.27 5.14 5.01 4.87 4.73 4.58 4.43 4.28 4.15 4.05
14.11 14.40 14.72 15.07 15.45 15.84 16.20 16.53 16.82 17.06 17.26 17.40 17.48 17.50 17.46 17.35 17.21 17.04 16.83 16.59 16.33 16.04 15.73 15.40 15.06 14.70 14.33 13.95 13.57 13.18 12.78 12.39 11.99 11.60 11.21 10.83 10.45 10.09 9.74 9.41 9.10 8.82 8.57 8.36 8.19 8.06 7.98 7.94 7.94 7.91 7.86 7.79 7.69 7.59 7.48 7.36 7.24 7.12 7.01 6.89 6.78 6.66 6.55 6.43 6.31 6.19 6.08 5.98 5.89 5.79 5.70 5.61 5.51 5.39 5.27 5.14 5.00 4.86 4.72 4.57 4.42 4.27 4.14
14.13 14.39 14.69 15.02 15.37 15.73 16.09 16.41 16.70 16.93 17.12 17.24 17.31 17.30 17.25 17.15 17.01 16.84 16.63 16.40 16.15 15.86 15.56 15.24 14.90 14.55 14.19 13.82 13.44 13.06 12.67 12.29 11.90 11.52 11.14 10.77 10.40 10.05 9.71 9.39 9.09 8.83 8.59 8.39 8.23 8.12 8.05 8.02 8.03 8.02 7.97 7.90 7.81 7.71 7.59 7.47 7.34 7.22 7.10 6.98 6.86 6.74 6.62 6.49 6.37 6.26 6.16 6.07 5.99 5.91 5.83 5.74 5.64 5.53 5.42 5.29 5.16 5.02 4.88 4.74 4.59 4.43 4.28
14.15 14.39 14.66 14.96 15.28 15.61 15.94 16.26 16.54 16.76 16.93 17.04 17.09 17.07 17.02 16.92 16.79 16.62 16.43 16.20 15.95 15.67 15.38 15.07 14.74 14.40 14.04 13.68 13.31 12.93 12.56 12.18 11.80 11.43 11.06 10.70 10.34 10.00 9.67 9.36 9.08 8.83 8.61 8.42 8.28 8.17 8.12 8.11 8.13 8.12 8.09 8.02 7.93 7.83 7.71 7.58 7.45 7.32 7.19 7.07 6.94 6.81 6.69 6.56 6.45 6.35 6.26 6.19 6.12 6.05 5.98 5.90 5.81 5.70 5.59 5.47 5.34 5.21 5.07 4.92 4.78 4.62 4.47
14.17 14.38 14.63 14.90 15.19 15.49 15.78 16.07 16.34 16.55 16.71 16.80 16.84 16.82 16.77 16.68 16.55 16.39 16.20 15.98 15.74 15.47 15.19 14.88 14.56 14.23 13.88 13.53 13.17 12.80 12.43 12.06 11.69 11.33 10.97 10.62 10.28 9.94 9.63 9.34 9.07 8.83 8.62 8.45 8.32 8.23 8.19 8.19 8.23 8.23 8.20 8.14 8.06 7.96 7.84 7.70 7.57 7.42 7.29 7.15 7.02 6.89 6.76 6.64 6.54 6.46 6.39 6.33 6.27 6.21 6.14 6.07 5.99 5.89 5.78 5.67 5.54 5.41 5.28 5.14 4.99 4.84 4.68
14.18 14.38 14.60 14.84 15.10 15.36 15.63 15.88 16.11 16.30 16.45 16.53 16.57 16.56 16.51 16.43 16.30 16.15 15.96 15.75 15.52 15.26 14.98 14.69 14.37 14.05 13.71 13.37 13.01 12.66 12.29 11.93 11.58 11.22 10.87 10.53 10.20 9.88 9.59 9.31 9.06 8.83 8.64 8.48 8.37 8.29 8.26 8.28 8.33 8.34 8.32 8.27 8.19 8.08 7.96 7.83 7.68 7.53 7.38 7.23 7.09 6.96 6.84 6.74 6.66 6.59 6.54 6.49 6.44 6.39 6.34 6.27 6.20 6.10 6.00 5.89 5.77 5.64 5.51 5.37 5.23 5.08 4.92
14.20 14.37 14.57 14.78 15.01 15.24 15.47 15.68 15.87 16.03 16.16 16.24 16.28 16.28 16.24 16.16 16.04 15.89 15.72 15.51 15.28 15.03 14.77 14.48 14.18 13.86 13.53 13.20 12.85 12.50 12.15 11.80 11.45 11.11 10.77 10.44 10.12 9.82 9.54 9.28 9.04 8.83 8.66 8.51 8.41 8.35 8.33 8.37 8.42 8.45 8.44 8.39 8.31 8.21 8.09 7.95 7.80 7.64 7.48 7.32 7.17 7.04 6.94 6.86 6.80 6.75 6.70 6.67 6.63 6.60 6.55 6.50 6.43 6.34 6.24 6.13 6.02 5.90 5.77 5.63 5.49 5.34 5.19
14.21 14.36 14.53 14.72 14.92 15.11 15.30 15.48 15.63 15.75 15.86 15.94 15.99 15.99 15.95 15.88 15.77 15.63 15.46 15.26 15.04 14.80 14.54 14.27 13.97 13.67 13.35 13.02 12.69 12.35 12.01 11.67 11.33 10.99 10.66 10.35 10.04 9.76 9.49 9.24 9.02 8.83 8.67 8.54 8.45 8.41 8.41 8.45 8.52 8.56 8.56 8.52 8.44 8.34 8.22 8.08 7.92 7.75 7.58 7.41 7.26 7.15 7.07 7.00 6.96 6.92 6.90 6.87 6.85 6.82 6.79 6.74 6.68 6.60 6.50 6.40 6.29 6.17 6.05 5.91 5.78 5.63 5.48
14.22 14.35 14.49 14.65 14.82 14.98 15.14 15.27 15.39 15.49 15.57 15.64 15.68 15.69 15.66 15.59 15.49 15.35 15.19 15.00 14.79 14.56 14.31 14.04 13.76 13.47 13.16 12.84 12.52 12.19 11.86 11.53 11.20 10.87 10.55 10.25 9.96 9.69 9.44 9.21 9.00 8.83 8.68 8.57 8.50 8.46 8.48 8.54 8.62 8.67 8.68 8.64 8.58 8.48 8.35 8.21 8.04 7.87 7.69 7.53 7.39 7.29 7.21 7.17 7.14 7.12 7.11 7.10 7.09 7.07 7.05 7.01 6.95 6.88 6.79 6.69 6.59 6.47 6.35 6.22 6.09 5.94 5.79
14.23 14.33 14.45 14.58 14.72 14.85 14.97 15.07 15.16 15.23 15.29 15.34 15.37 15.38 15.35 15.29 15.19 15.07 14.91 14.73 14.53 14.31 14.07 13.82 13.55 13.26 12.96 12.66 12.34 12.02 11.70 11.38 11.06 10.75 10.45 10.16 9.88 9.62 9.38 9.17 8.98 8.82 8.69 8.59 8.54 8.52 8.55 8.62 8.72 8.78 8.80 8.77 8.71 8.61 8.48 8.34 8.17 7.99 7.82 7.67 7.55 7.46 7.40 7.36 7.34 7.34 7.34 7.35 7.35 7.35 7.33 7.30 7.25 7.19 7.10 7.01 6.91 6.80 6.68 6.56 6.42 6.28 6.13
14.23 14.30 14.40 14.51 14.61 14.71 14.79 14.87 14.93 14.99 15.02 15.05 15.06 15.06 15.03 14.98 14.89 14.78 14.63 14.46 14.27 14.06 13.83 13.58 13.32 13.05 12.76 12.47 12.17 11.86 11.55 11.24 10.93 10.63 10.34 10.06 9.80 9.55 9.33 9.13 8.96 8.81 8.70 8.62 8.57 8.57 8.62 8.71 8.82 8.89 8.92 8.90 8.84 8.74 8.62 8.47 8.30 8.13 7.99 7.86 7.76 7.67 7.62 7.58 7.57 7.59 7.60 7.62 7.64 7.64 7.64 7.62 7.58 7.52 7.44 7.35 7.26 7.15 7.04 6.91 6.78 6.64 6.51
14.22 14.28 14.35 14.42 14.50 14.56 14.62 14.67 14.71 14.74 14.76 14.77 14.77 14.75 14.72 14.67 14.59 14.48 14.34 14.18 14.00 13.80 13.58 13.35 13.10 12.84 12.56 12.28 11.99 11.69 11.39 11.10 10.80 10.51 10.23 9.97 9.71 9.48 9.27 9.08 8.93 8.80 8.70 8.64 8.61 8.62 8.68 8.79 8.92 9.00 9.04 9.03 8.97 8.88 8.75 8.60 8.45 8.31 8.19 8.09 8.00 7.93 7.88 7.85 7.84 7.85 7.89 7.92 7.94 7.96 7.97 7.96 7.92 7.87 7.80 7.72 7.63 7.52 7.41 7.30 7.17 7.04 6.92
14.21 14.24 14.28 14.33 14.38 14.42 14.45 14.48 14.50 14.51 14.51 14.50 14.48 14.45 14.41 14.35 14.27 14.17 14.05 13.90 13.73 13.54 13.33 13.11 12.87 12.62 12.36 12.09 11.81 11.53 11.24 10.95 10.67 10.39 10.12 9.87 9.63 9.41 9.21 9.04 8.90 8.78 8.70 8.65 8.64 8.67 8.75 8.87 9.01 9.11 9.16 9.15 9.10 9.01 8.89 8.76 8.65 8.54 8.44 8.35 8.28 8.22 8.18 8.16 8.15 8.16 8.19 8.24 8.28 8.31 8.32 8.32 8.30 8.25 8.18 8.11 8.02 7.92 7.82 7.70 7.59 7.47 7.37
14.19 14.20 14.22 14.23 14.25 14.27 14.28 14.28 14.28 14.27 14.26 14.23 14.20 14.16 14.10 14.04 13.96 13.87 13.75 13.61 13.45 13.27 13.08 12.87 12.65 12.41 12.16 11.90 11.63 11.36 11.08 10.81 10.54 10.27 10.02 9.78 9.55 9.34 9.16 9.00 8.86 8.76 8.70 8.67 8.67 8.72 8.81 8.95 9.11 9.22 9.27 9.28 9.23 9.15 9.06 8.97 8.88 8.80 8.73 8.66 8.61 8.56 8.53 8.51 8.51 8.52 8.54 8.58 8.63 8.67 8.70 8.71 8.69 8.65 8.59 8.52 8.44 8.35 8.25 8.14 8.04 7.94 7.85
14.16 14.15 14.14 14.13 14.12 14.11 14.10 14.08 14.06 14.04 14.01 13.97 13.92 13.87 13.81 13.74 13.66 13.56 13.45 13.33 13.18 13.01 12.83 12.63 12.42 12.20 11.96 11.71 11.46 11.19 10.93 10.67 10.41 10.15 9.91 9.68 9.47 9.27 9.10 8.95 8.83 8.74 8.69 8.68 8.70 8.76 8.87 9.03 9.20 9.32 9.39 9.40 9.37 9.32 9.26 9.21 9.16 9.11 9.06 9.02 8.98 8.95 8.93 8.92 8.91 8.92 8.94 8.97 9.02 9.07 9.10 9.12 9.11 9.08 9.02 8.96 8.88 8.80 8.71 8.62 8.53 8.44 8.36
14.12 14.08 14.05 14.01 13.98 13.95 13.91 13.88 13.84 13.80 13.75 13.70 13.65 13.59 13.52 13.44 13.36 13.26 13.16 13.04 12.90 12.75 12.58 12.40 12.20 11.99 11.76 11.52 11.28 11.03 10.78 10.53 10.28 10.04 9.81 9.59 9.38 9.20 9.04 8.91 8.80 8.73 8.69 8.68 8.72 8.80 8.93 9.10 9.29 9.43 9.50 9.53 9.53 9.52 9.51 9.50 9.48 9.46 9.44 9.42 9.40 9.39 9.37 9.37 9.37 9.37 9.39 9.41 9.44 9.48 9.53 9.55 9.56 9.53 9.48 9.42 9.35 9.28 9.20 9.12 9.05 8.97 8.89
14.07 14.00 13.94 13.88 13.82 13.77 13.72 13.66 13.61 13.56 13.50 13.44 13.38 13.31 13.23 13.15 13.07 12.97 12.87 12.75 12.63 12.49 12.33 12.16 11.98 11.78 11.56 11.34 11.11 10.87 10.62 10.38 10.15 9.92 9.70 9.49 9.30 9.13 8.98 8.86 8.77 8.71 8.68 8.69 8.74 8.84 8.98 9.17 9.37 9.52 9.62 9.68 9.73 9.77 9.81 9.83 9.85 9.86 9.87 9.87 9.87 9.87 9.87 9.87 9.87 9.88 9.89 9.90 9.92 9.95 9.98 10.02 10.02 10.00 9.97 9.91 9.85 9.79 9.73 9.66 9.59 9.52 9.44
14.00 13.91 13.82 13.74 13.66 13.58 13.51 13.44 13.38 13.31 13.24 13.17 13.10 13.03 12.95 12.87 12.78 12.68 12.58 12.47 12.36 12.23 12.09 11.93 11.76 11.57 11.37 11.15 10.93 10.70 10.47 10.24 10.02 9.80 9.59 9.40 9.22 9.06 8.93 8.82 8.74 8.69 8.67 8.70 8.76 8.87 9.03 9.23 9.46 9.63 9.76 9.88 9.98 10.07 10.15 10.21 10.26 10.31 10.34 10.37 10.39 10.41 10.42 10.43 10.43 10.44 10.44 10.45 10.46 10.47 10.49 10.50 10.52 10.51 10.47 10.43 10.39 10.34 10.28 10.22 10.16 10.09 10.01
13.91 13.79 13.68 13.57 13.47 13.38 13.29 13.21 13.13 13.05 12.97 12.90 12.82 12.74 12.66 12.58 12.49 12.40 12.30 12.20 12.09 11.97 11.85 11.71 11.54 11.37 11.17 10.97 10.76 10.54 10.32 10.10 9.89 9.68 9.49 9.31 9.14 8.99 8.87 8.77 8.70 8.67 8.67 8.70 8.78 8.91 9.08 9.30 9.54 9.76 9.95 10.13 10.28 10.42 10.54 10.64 10.73 10.81 10.87 10.93 10.97 11.00 11.02 11.04 11.05 11.06 11.06 11.06 11.05 11.05 11.05 11.04 11.04 11.03 11.01 10.98 10.95 10.91 10.86 10.80 10.74 10.67 10.59
