data_processed/recharge/precip/Precip_1994_10.asc
ncols        168
nrows        136
xllcorner    455000
yllcorner    2107000
cellsize     500
NODATA_value     -99999
[rows 0 to 33 of 136, columns 76 to 151 of 168]
146.98 144.83 142.23 139.21 136.13 133.06 130.01 126.99 124.01 121.07 118.19 115.38 112.63 109.96 107.38 104.90 102.53 100.27 98.13 96.12 94.25 92.53 90.96 89.56 88.34 87.29 86.44 85.78 85.32 85.00 84.78 84.64 84.56 84.55 84.60 84.71 84.88 85.10 85.39 85.73 86.13 86.58 87.09 87.65 88.27 88.93 89.65 90.41 91.23 92.09 92.99 93.95 94.95 95.99 97.07 98.18 99.42 101.08 103.21 105.75 108.65 111.85 115.29 118.92 122.69 126.53 130.40 134.24 137.99 141.60 145.01 148.16 151.01 153.49 155.55 157.14
145.75 143.42 140.63 137.47 134.39 131.34 128.31 125.31 122.35 119.43 116.57 113.77 111.04 108.40 105.84 103.38 101.02 98.78 96.66 94.67 92.82 91.12 89.58 88.20 86.99 85.97 85.13 84.50 84.07 83.85 83.75 83.72 83.75 83.83 83.97 84.16 84.40 84.69 85.04 85.43 85.87 86.36 86.90 87.48 88.11 88.78 89.49 90.25 91.04 91.88 92.76 93.67 94.62 95.61 96.64 97.74 99.30 101.42 103.95 106.86 110.08 113.56 117.24 121.07 124.99 128.94 132.88 136.74 140.47 144.02 147.33 150.34 153.00 155.25 157.04 158.31
144.47 141.97 138.80 135.18 131.91 128.89 125.91 122.96 120.05 117.19 114.38 111.63 108.95 106.36 103.85 101.44 99.13 96.94 94.87 92.94 91.14 89.49 87.99 86.67 85.51 84.54 83.75 83.17 82.78 82.61 82.59 82.68 82.82 83.01 83.24 83.52 83.85 84.22 84.63 85.08 85.58 86.11 86.69 87.30 87.95 88.64 89.36 90.12 90.91 91.73 92.59 93.47 94.39 95.33 96.32 97.42 99.10 101.56 104.50 107.76 111.29 115.04 118.94 122.95 127.01 131.07 135.06 138.93 142.64 146.11 149.30 152.16 154.61 156.62 158.13 159.07
143.17 140.32 136.67 132.56 128.87 125.71 122.80 119.93 117.10 114.32 111.59 108.93 106.33 103.82 101.40 99.07 96.85 94.74 92.75 90.90 89.19 87.62 86.21 84.96 83.89 83.00 82.30 81.78 81.45 81.32 81.34 81.50 81.76 82.06 82.40 82.78 83.20 83.66 84.15 84.67 85.23 85.82 86.44 87.09 87.78 88.49 89.23 89.99 90.79 91.60 92.45 93.31 94.20 95.12 96.11 97.20 98.87 101.42 104.66 108.27 112.10 116.11 120.24 124.42 128.62 132.76 136.80 140.68 144.35 147.74 150.81 153.50 155.75 157.50 158.71 159.32
141.66 138.36 134.25 129.71 125.59 122.06 119.05 116.28 113.56 110.90 108.28 105.73 103.26 100.86 98.55 96.34 94.23 92.24 90.37 88.63 87.04 85.59 84.29 83.16 82.21 81.43 80.82 80.35 80.07 79.98 80.04 80.24 80.57 80.99 81.45 81.94 82.46 83.00 83.58 84.18 84.81 85.46 86.14 86.84 87.56 88.31 89.07 89.86 90.66 91.48 92.32 93.18 94.06 94.99 95.99 97.08 98.73 101.25 104.55 108.42 112.55 116.81 121.14 125.50 129.82 134.05 138.13 142.00 145.62 148.93 151.87 154.38 156.42 157.91 158.82 159.09
139.79 136.07 131.56 126.64 122.15 118.24 114.91 112.09 109.50 106.98 104.52 102.12 99.79 97.54 95.38 93.32 91.36 89.52 87.79 86.21 84.76 83.45 82.31 81.33 80.52 79.85 79.30 78.88 78.64 78.59 78.70 78.94 79.31 79.80 80.37 80.97 81.60 82.25 82.92 83.61 84.32 85.04 85.78 86.54 87.31 88.10 88.90 89.71 90.53 91.36 92.21 93.07 93.98 94.94 95.95 97.05 98.68 101.15 104.39 108.29 112.64 117.15 121.69 126.20 130.64 134.94 139.05 142.92 146.49 149.70 152.50 154.83 156.64 157.88 158.48 158.39
137.57 133.48 128.63 123.38 118.57 114.34 110.69 107.60 105.00 102.65 100.37 98.15 96.00 93.93 91.95 90.07 88.29 86.63 85.09 83.68 82.41 81.29 80.33 79.52 78.84 78.24 77.74 77.38 77.18 77.17 77.31 77.59 77.99 78.52 79.16 79.88 80.63 81.39 82.16 82.94 83.74 84.54 85.36 86.18 87.01 87.84 88.69 89.53 90.38 91.24 92.10 93.00 93.95 94.94 95.97 97.08 98.69 101.13 104.31 108.12 112.47 117.15 121.88 126.55 131.10 135.47 139.61 143.46 146.96 150.07 152.73 154.87 156.45 157.41 157.69 157.24
135.02 130.62 125.48 119.96 114.87 110.38 106.47 103.12 100.31 97.98 95.89 93.88 91.95 90.09 88.33 86.66 85.10 83.65 82.32 81.13 80.07 79.16 78.41 77.76 77.15 76.60 76.15 75.83 75.68 75.71 75.90 76.21 76.64 77.20 77.88 78.67 79.53 80.41 81.29 82.18 83.07 83.96 84.86 85.75 86.65 87.54 88.43 89.32 90.21 91.10 92.02 92.98 93.97 94.99 96.04 97.15 98.76 101.16 104.28 108.01 112.25 116.90 121.76 126.57 131.22 135.65 139.81 143.63 147.07 150.07 152.57 154.51 155.86 156.53 156.49 155.73
132.18 127.52 122.14 116.39 111.09 106.38 102.26 98.70 95.68 93.19 91.18 89.40 87.71 86.10 84.58 83.16 81.84 80.64 79.56 78.61 77.80 77.14 76.55 75.98 75.43 74.94 74.54 74.26 74.15 74.23 74.45 74.79 75.26 75.85 76.55 77.38 78.31 79.30 80.30 81.30 82.30 83.29 84.27 85.25 86.22 87.18 88.13 89.07 90.01 90.97 91.96 92.98 94.01 95.07 96.14 97.26 98.86 101.23 104.29 107.94 112.07 116.59 121.39 126.28 131.02 135.51 139.67 143.46 146.83 149.71 152.04 153.79 154.88 155.27 154.95 154.05
129.06 124.19 118.62 112.70 107.24 102.37 98.09 94.37 91.20 88.56 86.44 84.78 83.35 82.02 80.78 79.63 78.60 77.67 76.87 76.20 75.66 75.19 74.69 74.18 73.69 73.25 72.90 72.67 72.60 72.71 72.97 73.35 73.85 74.47 75.20 76.05 77.01 78.07 79.19 80.31 81.41 82.51 83.59 84.66 85.71 86.75 87.77 88.78 89.80 90.85 91.91 92.98 94.06 95.16 96.25 97.39 98.98 101.32 104.32 107.89 111.92 116.30 120.95 125.75 130.53 135.06 139.23 142.98 146.26 149.01 151.18 152.71 153.56 153.69 153.25 152.34
125.68 120.66 114.96 108.92 103.34 98.37 93.98 90.16 86.89 84.16 81.94 80.22 78.95 77.92 76.99 76.15 75.43 74.81 74.32 73.96 73.63 73.25 72.82 72.36 71.93 71.54 71.24 71.06 71.03 71.18 71.47 71.88 72.42 73.06 73.82 74.69 75.68 76.76 77.95 79.19 80.41 81.62 82.81 83.98 85.12 86.24 87.35 88.46 89.58 90.71 91.84 92.97 94.11 95.24 96.36 97.51 99.10 101.41 104.36 107.85 111.77 116.03 120.53 125.16 129.81 134.33 138.49 142.19 145.38 148.00 150.00 151.31 151.93 151.96 151.51 150.60
122.08 116.96 111.18 105.07 99.43 94.40 89.96 86.09 82.77 79.99 77.74 75.98 74.71 73.87 73.27 72.78 72.40 72.13 71.97 71.84 71.62 71.30 70.93 70.53 70.15 69.82 69.56 69.43 69.44 69.63 69.96 70.40 70.96 71.64 72.43 73.32 74.32 75.43 76.64 77.94 79.29 80.62 81.92 83.20 84.44 85.66 86.88 88.10 89.32 90.53 91.74 92.94 94.12 95.29 96.45 97.61 99.20 101.49 104.39 107.80 111.63 115.76 120.11 124.56 129.02 133.38 137.49 141.13 144.23 146.70 148.51 149.63 150.16 150.19 149.74 148.84
118.28 113.10 107.29 101.18 95.53 90.50 86.05 82.18 78.87 76.10 73.86 72.11 70.86 70.08 69.71 69.59 69.58 69.68 69.78 69.75 69.59 69.34 69.03 68.69 68.37 68.08 67.88 67.79 67.84 68.07 68.43 68.91 69.50 70.20 71.01 71.93 72.95 74.08 75.30 76.63 78.04 79.49 80.91 82.30 83.66 85.01 86.35 87.68 89.00 90.31 91.59 92.86 94.10 95.31 96.50 97.68 99.27 101.54 104.39 107.73 111.45 115.47 119.66 123.95 128.21 132.35 136.27 139.82 142.80 145.13 146.78 147.83 148.35 148.38 147.93 147.04
114.29 109.12 103.33 97.26 91.66 86.67 82.28 78.47 75.21 72.50 70.32 68.65 67.46 66.75 66.49 66.65 67.03 67.40 67.61 67.66 67.57 67.38 67.13 66.85 66.58 66.35 66.19 66.14 66.23 66.49 66.89 67.40 68.02 68.75 69.59 70.53 71.57 72.71 73.96 75.29 76.72 78.23 79.78 81.30 82.80 84.29 85.75 87.20 88.62 90.02 91.38 92.71 94.01 95.27 96.49 97.70 99.29 101.54 104.34 107.61 111.24 115.14 119.19 123.30 127.37 131.29 134.97 138.30 141.14 143.34 144.92 145.97 146.49 146.53 146.09 145.21
110.15 105.03 99.32 93.34 87.84 82.96 78.67 74.96 71.82 69.22 67.16 65.60 64.54 63.95 63.83 64.13 64.69 65.17 65.45 65.57 65.55 65.42 65.23 65.01 64.79 64.61 64.50 64.49 64.62 64.92 65.35 65.89 66.54 67.30 68.16 69.12 70.18 71.34 72.60 73.95 75.38 76.91 78.53 80.19 81.84 83.47 85.06 86.63 88.15 89.64 91.09 92.50 93.85 95.16 96.42 97.65 99.25 101.47 104.24 107.44 110.98 114.75 118.66 122.60 126.48 130.19 133.63 136.69 139.31 141.43 143.01 144.06 144.60 144.64 144.22 143.36
105.87 100.86 95.28 89.45 84.10 79.37 75.24 71.69 68.72 66.29 64.39 63.00 62.12 61.71 61.75 62.08 62.50 62.95 63.30 63.48 63.53 63.47 63.34 63.18 63.01 62.87 62.81 62.84 63.02 63.35 63.81 64.38 65.06 65.84 66.72 67.71 68.79 69.96 71.23 72.59 74.04 75.58 77.23 78.98 80.78 82.54 84.27 85.95 87.59 89.17 90.70 92.18 93.60 94.96 96.26 97.52 99.12 101.33 104.05 107.19 110.64 114.30 118.07 121.84 125.53 129.02 132.22 135.04 137.46 139.48 141.05 142.11 142.65 142.72 142.31 141.47
101.49 96.64 91.24 85.61 80.46 75.94 72.02 68.69 65.92 63.71 62.04 60.88 60.22 60.03 60.14 60.33 60.56 60.85 61.17 61.41 61.53 61.53 61.46 61.35 61.23 61.15 61.13 61.20 61.41 61.78 62.27 62.87 63.58 64.39 65.29 66.30 67.40 68.59 69.87 71.24 72.71 74.27 75.95 77.72 79.59 81.49 83.35 85.15 86.90 88.58 90.20 91.76 93.24 94.65 95.99 97.28 98.90 101.09 103.78 106.85 110.21 113.75 117.39 121.00 124.50 127.78 130.75 133.38 135.65 137.55 139.05 140.11 140.67 140.75 140.37 139.55
97.02 92.39 87.22 81.84 76.95 72.69 69.03 65.97 63.47 61.53 60.13 59.25 58.85 58.77 58.76 58.79 58.85 58.97 59.15 59.37 59.54 59.60 59.59 59.54 59.47 59.44 59.46 59.57 59.82 60.22 60.75 61.38 62.11 62.94 63.87 64.89 66.01 67.21 68.51 69.90 71.39 72.98 74.68 76.47 78.35 80.31 82.29 84.22 86.08 87.86 89.57 91.21 92.76 94.22 95.61 96.93 98.56 100.74 103.39 106.40 109.67 113.11 116.60 120.06 123.37 126.45 129.24 131.71 133.86 135.65 137.06 138.07 138.64 138.75 138.39 137.60
92.50 88.13 83.25 78.17 73.59 69.64 66.30 63.55 61.38 59.76 58.69 58.12 57.87 57.69 57.54 57.42 57.34 57.30 57.33 57.43 57.58 57.70 57.74 57.74 57.73 57.74 57.80 57.96 58.24 58.68 59.23 59.89 60.65 61.50 62.45 63.50 64.63 65.85 67.16 68.58 70.10 71.71 73.42 75.21 77.09 79.06 81.09 83.13 85.10 86.99 88.80 90.51 92.13 93.65 95.08 96.44 98.09 100.26 102.87 105.82 109.01 112.34 115.70 119.00 122.14 125.03 127.66 130.00 132.03 133.73 135.07 136.02 136.58 136.70 136.38 135.62
87.93 83.88 79.35 74.63 70.41 66.82 63.85 61.47 59.67 58.43 57.72 57.34 57.02 56.71 56.43 56.18 55.97 55.81 55.71 55.68 55.72 55.82 55.92 55.97 56.01 56.06 56.17 56.37 56.69 57.15 57.74 58.42 59.21 60.08 61.05 62.11 63.26 64.51 65.85 67.28 68.82 70.45 72.16 73.96 75.83 77.78 79.80 81.89 83.96 85.96 87.85 89.65 91.34 92.93 94.40 95.80 97.46 99.63 102.21 105.11 108.22 111.44 114.67 117.81 120.77 123.51 125.99 128.21 130.14 131.76 133.03 133.95 134.49 134.62 134.33 133.61
83.36 79.68 75.54 71.23 67.42 64.25 61.70 59.75 58.37 57.55 57.06 56.63 56.20 55.79 55.40 55.04 54.72 54.46 54.24 54.10 54.03 54.04 54.13 54.23 54.31 54.41 54.57 54.80 55.15 55.65 56.27 56.98 57.78 58.68 59.67 60.75 61.92 63.19 64.55 66.01 67.56 69.19 70.91 72.70 74.56 76.49 78.49 80.54 82.65 84.74 86.73 88.61 90.38 92.03 93.56 94.99 96.67 98.84 101.39 104.23 107.26 110.38 113.48 116.45 119.24 121.83 124.19 126.30 128.14 129.69 130.92 131.82 132.35 132.50 132.24 131.56
78.79 75.54 71.84 67.99 64.66 61.96 59.88 58.40 57.49 56.93 56.41 55.90 55.38 54.88 54.41 53.96 53.55 53.20 52.89 52.66 52.49 52.41 52.42 52.52 52.65 52.80 52.99 53.26 53.65 54.18 54.82 55.56 56.39 57.31 58.32 59.42 60.61 61.91 63.29 64.76 66.31 67.94 69.65 71.43 73.27 75.18 77.14 79.16 81.23 83.34 85.42 87.38 89.23 90.94 92.52 94.00 95.70 97.86 100.39 103.18 106.14 109.14 112.08 114.87 117.51 119.97 122.21 124.23 126.00 127.50 128.70 129.58 130.12 130.30 130.09 129.47
74.27 71.49 68.29 64.96 62.14 59.97 58.42 57.45 56.84 56.27 55.69 55.10 54.52 53.96 53.41 52.90 52.42 51.99 51.62 51.31 51.08 50.92 50.86 50.89 51.02 51.21 51.44 51.75 52.18 52.73 53.40 54.17 55.02 55.96 57.00 58.12 59.34 60.65 62.04 63.52 65.07 66.70 68.39 70.15 71.96 73.84 75.76 77.74 79.76 81.81 83.90 85.94 87.87 89.65 91.28 92.80 94.54 96.70 99.20 101.94 104.81 107.65 110.41 113.05 115.54 117.88 120.03 121.97 123.68 125.14 126.32 127.20 127.77 127.99 127.84 127.31
69.80 67.55 64.91 62.14 59.90 58.30 57.31 56.68 56.08 55.47 54.84 54.21 53.59 52.97 52.38 51.81 51.29 50.81 50.38 50.02 49.73 49.53 49.41 49.39 49.48 49.67 49.94 50.29 50.74 51.33 52.03 52.81 53.69 54.66 55.71 56.86 58.10 59.42 60.82 62.29 63.83 65.45 67.12 68.85 70.63 72.47 74.35 76.27 78.23 80.23 82.25 84.29 86.28 88.13 89.82 91.39 93.15 95.31 97.79 100.47 103.18 105.85 108.43 110.93 113.30 115.53 117.59 119.47 121.13 122.57 123.74 124.65 125.25 125.52 125.46 125.02
65.42 63.75 61.71 59.56 57.95 56.96 56.34 55.75 55.14 54.50 53.84 53.19 52.53 51.89 51.26 50.67 50.11 49.60 49.15 48.75 48.43 48.19 48.04 47.98 48.03 48.20 48.48 48.86 49.35 49.96 50.69 51.50 52.40 53.39 54.47 55.64 56.88 58.21 59.60 61.07 62.60 64.19 65.84 67.53 69.28 71.07 72.90 74.76 76.66 78.58 80.53 82.49 84.46 86.37 88.13 89.74 91.53 93.70 96.14 98.67 101.19 103.68 106.12 108.48 110.73 112.87 114.86 116.69 118.33 119.75 120.94 121.87 122.52 122.87 122.90 122.58
61.22 60.12 58.73 57.25 56.30 55.72 55.17 54.58 53.95 53.31 52.65 51.98 51.32 50.67 50.03 49.43 48.86 48.34 47.87 47.46 47.13 46.87 46.70 46.63 46.67 46.82 47.09 47.48 48.00 48.64 49.39 50.23 51.16 52.17 53.27 54.44 55.69 57.01 58.40 59.85 61.36 62.92 64.54 66.19 67.89 69.63 71.40 73.20 75.03 76.87 78.73 80.61 82.49 84.37 86.18 87.84 89.67 91.82 94.11 96.44 98.79 101.12 103.41 105.66 107.82 109.88 111.81 113.60 115.22 116.65 117.87 118.84 119.56 120.00 120.13 119.93
57.39 56.74 55.98 55.21 54.71 54.22 53.68 53.11 52.50 51.87 51.22 50.56 49.91 49.27 48.65 48.05 47.49 46.98 46.52 46.12 45.79 45.53 45.37 45.30 45.34 45.49 45.76 46.16 46.70 47.37 48.15 49.01 49.96 50.99 52.10 53.28 54.52 55.83 57.21 58.64 60.12 61.64 63.22 64.83 66.47 68.15 69.86 71.59 73.33 75.10 76.87 78.65 80.43 82.21 83.97 85.68 87.50 89.51 91.61 93.75 95.93 98.12 100.29 102.43 104.51 106.51 108.40 110.17 111.78 113.23 114.48 115.52 116.32 116.85 117.10 117.05
54.04 53.82 53.58 53.25 52.85 52.40 51.90 51.35 50.78 50.18 49.56 48.93 48.31 47.70 47.10 46.53 46.00 45.51 45.08 44.70 44.39 44.17 44.03 43.98 44.04 44.21 44.50 44.92 45.48 46.18 46.98 47.86 48.83 49.86 50.97 52.15 53.38 54.68 56.03 57.43 58.88 60.36 61.89 63.44 65.03 66.64 68.28 69.93 71.59 73.26 74.94 76.61 78.28 79.95 81.60 83.24 84.93 86.74 88.64 90.61 92.64 94.69 96.75 98.80 100.81 102.75 104.62 106.37 108.00 109.48 110.78 111.89 112.78 113.43 113.81 113.91
51.39 51.59 51.64 51.40 51.05 50.64 50.17 49.67 49.13 48.57 47.99 47.40 46.81 46.24 45.68 45.14 44.64 44.19 43.78 43.44 43.16 42.97 42.85 42.84 42.92 43.12 43.44 43.89 44.48 45.21 46.03 46.92 47.89 48.93 50.03 51.19 52.41 53.68 55.00 56.36 57.76 59.19 60.66 62.16 63.67 65.21 66.76 68.32 69.89 71.46 73.03 74.59 76.15 77.68 79.21 80.75 82.30 83.89 85.60 87.40 89.27 91.18 93.13 95.08 97.01 98.91 100.74 102.48 104.11 105.62 106.97 108.15 109.12 109.88 110.39 110.64
49.51 49.97 50.08 49.86 49.54 49.17 48.74 48.28 47.78 47.26 46.71 46.16 45.61 45.07 44.54 44.04 43.58 43.16 42.78 42.47 42.23 42.06 41.98 41.99 42.10 42.33 42.68 43.15 43.78 44.54 45.38 46.28 47.24 48.26 49.35 50.48 51.67 52.90 54.17 55.49 56.83 58.20 59.60 61.02 62.46 63.91 65.37 66.83 68.29 69.75 71.20 72.64 74.06 75.47 76.89 78.34 79.80 81.26 82.76 84.37 86.07 87.84 89.66 91.50 93.35 95.17 96.95 98.67 100.30 101.82 103.20 104.43 105.49 106.34 106.97 107.35
48.23 48.71 48.81 48.62 48.32 47.98 47.59 47.17 46.71 46.22 45.72 45.20 44.69 44.18 43.69 43.22 42.79 42.40 42.06 41.78 41.57 41.43 41.38 41.42 41.56 41.81 42.19 42.71 43.38 44.16 45.00 45.90 46.85 47.85 48.90 50.00 51.14 52.33 53.54 54.79 56.07 57.37 58.69 60.02 61.37 62.72 64.07 65.42 66.77 68.11 69.43 70.73 72.02 73.32 74.65 76.02 77.40 78.77 80.14 81.56 83.08 84.69 86.36 88.08 89.83 91.57 93.29 94.97 96.58 98.10 99.50 100.77 101.89 102.82 103.55 104.06
47.31 47.75 47.84 47.66 47.38 47.06 46.70 46.31 45.89 45.44 44.97 44.50 44.02 43.55 43.09 42.66 42.26 41.90 41.59 41.34 41.16 41.05 41.03 41.10 41.27 41.55 41.98 42.55 43.24 44.04 44.89 45.77 46.69 47.66 48.67 49.72 50.81 51.93 53.09 54.26 55.46 56.68 57.90 59.14 60.38 61.62 62.86 64.09 65.30 66.50 67.68 68.85 70.03 71.25 72.50 73.78 75.08 76.38 77.68 78.96 80.30 81.73 83.25 84.84 86.46 88.11 89.76 91.38 92.96 94.47 95.88 97.18 98.34 99.34 100.16 100.78
46.67 47.07 47.15 46.97 46.71 46.40 46.06 45.70 45.31 44.90 44.47 44.02 43.58 43.14 42.72 42.32 41.96 41.63 41.35 41.13 40.98 40.90 40.91 41.00 41.21 41.56 42.04 42.65 43.36 44.16 45.00 45.86 46.75 47.68 48.64 49.63 50.65 51.70 52.78 53.87 54.98 56.10 57.22 58.35 59.48 60.59 61.70 62.80 63.88 64.93 65.97 67.02 68.12 69.25 70.43 71.63 72.86 74.09 75.31 76.53 77.74 78.99 80.34 81.78 83.28 84.82 86.38 87.93 89.46 90.94 92.35 93.66 94.86 95.92 96.81 97.53
46.32 46.66 46.71 46.54 46.28 45.99 45.66 45.31 44.94 44.56 44.17 43.76 43.35 42.95 42.56 42.20 41.86 41.57 41.32 41.13 41.01 40.96 41.00 41.13 41.41 41.81 42.34 42.97 43.70 44.50 45.32 46.16 47.01 47.88 48.78 49.70 50.65 51.62 52.60 53.60 54.60 55.61 56.63 57.63 58.63 59.62 60.59 61.54 62.46 63.37 64.30 65.27 66.28 67.34 68.43 69.57 70.72 71.88 73.04 74.19 75.33 76.47 77.65 78.93 80.28 81.70 83.16 84.64 86.10 87.54 88.93 90.25 91.46 92.56 93.52 94.31
