data_processed/recharge/precip/Precip_1986_07.asc
ncols        168
nrows        136
xllcorner    455000
yllcorner    2107000
cellsize     500
NODATA_value     -99999
[rows 33 to 65 of 136, columns 0 to 74 of 168]
123.66 122.15 120.73 119.40 118.16 117.07 116.12 115.30 114.59 113.99 113.46 113.04 112.71 112.48 112.37 112.38 112.52 112.78 113.11 113.09 112.60 111.70 110.47 108.98 107.29 105.47 103.60 101.77 100.24 99.15 98.55 98.48 98.89 99.52 100.15 100.72 101.17 101.47 101.55 101.36 100.86 100.01 99.01 98.02 97.06 96.14 95.25 94.41 93.62 92.89 92.21 91.49 90.63 89.65 88.58 87.44 86.22 84.88 83.44 81.92 80.32 78.67 76.97 75.24 73.51 72.00 70.98 70.42 70.28 70.51 71.09 71.96 73.09 74.44 75.93
120.68 119.32 118.08 116.96 116.01 115.24 114.62 114.14 113.79 113.53 113.37 113.28 113.29 113.38 113.58 113.88 114.29 114.83 115.40 115.59 115.23 114.41 113.20 111.65 109.85 107.85 105.78 103.88 102.31 101.12 100.35 100.03 100.19 100.79 101.53 102.20 102.74 103.09 103.21 103.03 102.52 101.63 100.59 99.56 98.55 97.58 96.65 95.76 94.92 94.12 93.28 92.29 91.17 89.95 88.66 87.33 85.98 84.58 83.11 81.58 80.00 78.38 76.75 75.11 73.49 72.10 71.19 70.74 70.69 71.01 71.67 72.61 73.80 75.16 76.63
117.75 116.55 115.51 114.66 114.01 113.55 113.26 113.11 113.09 113.19 113.38 113.65 114.00 114.42 114.93 115.54 116.24 117.05 117.89 118.28 118.07 117.34 116.14 114.56 112.65 110.53 108.46 106.62 105.05 103.78 102.85 102.29 102.14 102.43 103.11 103.87 104.48 104.88 105.03 104.86 104.33 103.40 102.31 101.23 100.17 99.14 98.16 97.21 96.31 95.34 94.22 92.96 91.60 90.15 88.66 87.14 85.63 84.15 82.66 81.14 79.60 78.04 76.49 74.96 73.47 72.23 71.45 71.12 71.19 71.62 72.37 73.40 74.63 75.97 77.41
114.89 113.88 113.09 112.52 112.17 112.01 112.03 112.20 112.52 112.96 113.50 114.12 114.81 115.58 116.41 117.33 118.34 119.43 120.54 121.15 121.10 120.46 119.30 117.68 115.72 113.69 111.78 110.03 108.47 107.14 106.07 105.29 104.85 104.76 105.07 105.73 106.40 106.85 107.01 106.84 106.29 105.32 104.17 103.03 101.92 100.83 99.79 98.77 97.68 96.44 95.04 93.54 91.94 90.28 88.59 86.90 85.24 83.63 82.10 80.60 79.12 77.64 76.20 74.79 73.45 72.38 71.75 71.56 71.77 72.33 73.20 74.29 75.51 76.83 78.24
112.14 111.36 110.83 110.54 110.48 110.61 110.93 111.42 112.06 112.82 113.70 114.68 115.72 116.84 118.01 119.25 120.56 121.96 123.34 124.18 124.30 123.76 122.64 121.05 119.26 117.48 115.75 114.11 112.58 111.20 110.01 109.03 108.31 107.87 107.75 107.98 108.51 108.98 109.16 108.99 108.40 107.38 106.17 104.97 103.79 102.65 101.52 100.32 98.95 97.42 95.77 94.02 92.21 90.35 88.48 86.63 84.83 83.10 81.48 79.98 78.56 77.19 75.87 74.61 73.45 72.55 72.10 72.08 72.44 73.14 74.10 75.19 76.40 77.71 79.10
109.54 109.01 108.74 108.72 108.93 109.35 109.97 110.76 111.70 112.79 114.00 115.31 116.71 118.17 119.69 121.26 122.90 124.60 126.27 127.35 127.64 127.22 126.20 124.86 123.42 121.92 120.39 118.87 117.39 115.98 114.68 113.53 112.54 111.76 111.23 110.97 111.01 111.31 111.49 111.30 110.68 109.60 108.32 107.05 105.81 104.57 103.26 101.76 100.11 98.32 96.42 94.44 92.42 90.38 88.35 86.35 84.42 82.59 80.88 79.33 77.94 76.68 75.51 74.42 73.45 72.76 72.50 72.67 73.20 74.01 74.97 76.06 77.26 78.57 79.96
107.12 106.83 106.81 107.05 107.53 108.22 109.12 110.21 111.46 112.86 114.39 116.03 117.76 119.58 121.44 123.36 125.32 127.34 129.30 130.63 131.12 130.87 130.19 129.29 128.22 127.02 125.71 124.33 122.91 121.49 120.10 118.78 117.55 116.45 115.52 114.78 114.28 114.03 113.99 113.77 113.11 111.97 110.62 109.27 107.94 106.51 104.90 103.11 101.18 99.14 97.01 94.82 92.61 90.39 88.21 86.08 84.04 82.11 80.33 78.73 77.32 76.14 75.12 74.23 73.47 72.99 72.95 73.32 73.98 74.81 75.78 76.87 78.08 79.38 80.77
104.88 104.82 105.04 105.53 106.26 107.23 108.40 109.77 111.32 113.02 114.86 116.82 118.88 121.03 123.25 125.52 127.82 130.16 132.44 134.02 134.75 134.93 134.78 134.35 133.67 132.78 131.71 130.49 129.15 127.74 126.28 124.80 123.35 121.94 120.63 119.44 118.39 117.54 116.91 116.42 115.70 114.49 113.06 111.62 110.09 108.36 106.44 104.38 102.19 99.91 97.56 95.17 92.78 90.41 88.08 85.84 83.70 81.70 79.86 78.21 76.79 75.62 74.71 74.02 73.50 73.27 73.46 73.97 74.67 75.51 76.49 77.59 78.80 80.11 81.51
102.81 102.97 103.43 104.15 105.14 106.36 107.80 109.44 111.27 113.27 115.41 117.68 120.07 122.55 125.10 127.71 130.37 133.05 135.64 137.55 138.79 139.59 140.01 140.06 139.79 139.23 138.41 137.36 136.13 134.73 133.21 131.61 129.94 128.25 126.57 124.94 123.38 121.93 120.63 119.50 118.47 117.17 115.64 114.00 112.15 110.11 107.92 105.59 103.15 100.65 98.09 95.52 92.96 90.44 88.00 85.65 83.42 81.35 79.47 77.80 76.38 75.22 74.36 73.82 73.54 73.57 73.93 74.49 75.21 76.07 77.07 78.19 79.41 80.74 82.15
100.94 101.31 101.99 102.94 104.16 105.63 107.33 109.24 111.34 113.62 116.05 118.63 121.32 124.12 127.00 129.95 132.95 135.98 138.94 141.44 143.40 144.86 145.85 146.41 146.56 146.34 145.79 144.94 143.82 142.47 140.91 139.19 137.33 135.37 133.35 131.29 129.23 127.20 125.24 123.38 121.65 120.00 118.24 116.28 114.12 111.79 109.32 106.74 104.08 101.36 98.62 95.87 93.16 90.52 87.96 85.52 83.22 81.10 79.19 77.51 76.09 74.97 74.16 73.70 73.61 73.82 74.24 74.83 75.57 76.46 77.48 78.63 79.88 81.22 82.66
100.02 100.55 101.39 102.52 103.93 105.59 107.49 109.62 111.94 114.45 117.12 119.94 122.90 125.96 129.12 132.35 135.64 138.95 142.20 145.35 148.06 150.20 151.79 152.87 153.48 153.63 153.38 152.74 151.77 150.47 148.91 147.09 145.07 142.87 140.52 138.06 135.52 132.94 130.35 127.79 125.25 122.66 120.29 118.01 115.58 113.00 110.30 107.50 104.64 101.75 98.85 95.97 93.15 90.41 87.78 85.28 82.95 80.82 78.92 77.26 75.89 74.83 74.11 73.76 73.75 74.01 74.46 75.07 75.84 76.76 77.81 78.98 80.25 81.62 83.08
101.03 101.61 102.51 103.71 105.19 106.93 108.93 111.15 113.59 116.21 119.01 121.97 125.07 128.29 131.61 135.02 138.48 141.90 145.24 148.64 151.97 154.82 157.06 158.70 159.79 160.35 160.43 160.05 159.25 158.06 156.51 154.65 152.49 150.08 147.45 144.63 141.65 138.55 135.37 132.11 128.61 124.85 121.43 118.62 115.97 113.20 110.33 107.39 104.41 101.41 98.42 95.48 92.62 89.85 87.21 84.73 82.44 80.37 78.53 76.98 75.72 74.80 74.23 73.99 74.02 74.28 74.75 75.38 76.17 77.11 78.18 79.36 80.65 82.04 83.51
103.94 104.44 105.28 106.42 107.86 109.57 111.54 113.75 116.17 118.80 121.61 124.59 127.72 130.97 134.34 137.80 141.28 144.73 148.15 151.64 155.20 158.64 161.55 163.79 165.41 166.42 166.86 166.78 166.19 165.14 163.65 161.77 159.52 156.94 154.06 150.91 147.54 143.96 140.19 136.06 131.47 126.63 122.16 118.42 115.33 112.43 109.47 106.45 103.42 100.39 97.39 94.46 91.62 88.90 86.33 83.94 81.76 79.81 78.13 76.74 75.68 74.96 74.54 74.35 74.39 74.66 75.13 75.78 76.58 77.52 78.60 79.79 81.09 82.48 83.95
108.55 108.86 109.52 110.50 111.77 113.33 115.16 117.23 119.53 122.04 124.75 127.62 130.66 133.84 137.13 140.52 143.98 147.45 150.94 154.51 158.15 161.81 165.27 168.15 170.32 171.82 172.67 172.91 172.58 171.70 170.31 168.45 166.15 163.43 160.34 156.91 153.17 149.12 144.58 139.42 133.83 128.03 122.62 117.95 114.04 110.81 107.81 104.80 101.78 98.79 95.86 93.01 90.27 87.67 85.24 83.01 81.01 79.26 77.80 76.66 75.85 75.32 74.97 74.82 74.87 75.15 75.61 76.25 77.06 78.00 79.08 80.27 81.57 82.95 84.42
114.69 114.70 115.06 115.75 116.74 118.03 119.60 121.42 123.47 125.75 128.23 130.89 133.72 136.71 139.85 143.15 146.56 150.05 153.60 157.25 160.97 164.70 168.36 171.76 174.52 176.54 177.84 178.45 178.40 177.74 176.49 174.69 172.36 169.56 166.29 162.61 158.51 153.78 148.28 142.20 135.72 129.09 122.86 117.37 112.64 108.71 105.48 102.53 99.61 96.73 93.93 91.23 88.66 86.26 84.04 82.05 80.30 78.83 77.66 76.82 76.24 75.80 75.51 75.38 75.45 75.72 76.18 76.81 77.61 78.55 79.61 80.79 82.08 83.46 84.91
122.03 121.78 121.72 122.00 122.60 123.51 124.69 126.14 127.83 129.76 131.90 134.22 136.74 139.49 142.47 145.66 149.03 152.54 156.16 159.88 163.67 167.46 171.17 174.75 178.01 180.58 182.36 183.38 183.66 183.25 182.17 180.47 178.16 175.29 171.90 167.97 163.27 157.67 151.31 144.41 137.16 129.82 122.89 116.70 111.28 106.65 102.84 99.76 96.98 94.29 91.70 89.22 86.90 84.77 82.84 81.15 79.73 78.60 77.79 77.22 76.75 76.38 76.13 76.03 76.10 76.37 76.82 77.45 78.23 79.15 80.20 81.37 82.63 83.98 85.42
129.80 129.76 129.33 129.09 129.17 129.57 130.26 131.22 132.43 133.89 135.56 137.46 139.65 142.17 144.99 148.08 151.40 154.92 158.60 162.40 166.25 170.09 173.86 177.49 180.91 183.93 186.23 187.69 188.34 188.21 187.35 185.78 183.53 180.64 177.11 172.68 167.19 160.79 153.68 146.09 138.20 130.26 122.76 115.99 109.99 104.78 100.39 96.84 94.04 91.59 89.27 87.10 85.10 83.30 81.73 80.42 79.40 78.68 78.18 77.74 77.35 77.04 76.84 76.76 76.83 77.09 77.53 78.14 78.91 79.82 80.85 81.98 83.22 84.54 85.94
137.55 137.92 137.56 136.82 136.28 136.05 136.12 136.48 137.10 137.96 139.09 140.57 142.48 144.77 147.42 150.40 153.67 157.19 160.93 164.80 168.71 172.61 176.42 180.09 183.54 186.72 189.44 191.37 192.42 192.63 192.01 190.61 188.46 185.55 181.61 176.45 170.23 163.16 155.43 147.26 138.85 130.44 122.48 115.26 108.80 103.13 98.28 94.27 91.11 88.74 86.76 84.96 83.35 81.96 80.82 79.96 79.40 79.03 78.68 78.34 78.03 77.78 77.61 77.55 77.62 77.87 78.29 78.89 79.64 80.52 81.53 82.64 83.85 85.13 86.49
145.10 145.78 145.69 144.89 143.74 142.77 142.11 141.74 141.65 141.84 142.47 143.60 145.21 147.28 149.76 152.62 155.83 159.36 163.16 167.09 171.06 175.01 178.87 182.57 186.05 189.25 192.10 194.42 195.91 196.48 196.15 194.96 192.89 189.67 185.08 179.27 172.44 164.81 156.58 147.96 139.15 130.38 122.09 114.53 107.74 101.73 96.54 92.18 88.69 86.07 84.27 82.90 81.75 80.85 80.21 79.87 79.69 79.50 79.26 79.01 78.78 78.58 78.44 78.39 78.46 78.69 79.10 79.68 80.40 81.26 82.25 83.33 84.50 85.75 87.06
152.33 153.19 153.27 152.60 151.25 149.56 148.05 146.84 145.95 145.56 145.77 146.55 147.87 149.70 152.01 154.76 157.91 161.44 165.28 169.28 173.30 177.30 181.19 184.93 188.43 191.65 194.51 196.95 198.80 199.76 199.75 198.76 196.48 192.68 187.50 181.15 173.84 165.78 157.16 148.21 139.11 130.11 121.61 113.84 106.83 100.60 95.19 90.61 86.90 84.06 82.13 81.04 80.42 80.07 80.00 80.08 80.10 80.03 79.91 79.75 79.58 79.43 79.32 79.29 79.35 79.56 79.95 80.50 81.20 82.03 82.98 84.04 85.17 86.38 87.65
159.10 160.03 160.14 159.49 158.12 156.10 153.76 151.64 150.08 149.21 149.00 149.43 150.45 152.05 154.17 156.80 159.89 163.42 167.31 171.36 175.44 179.48 183.41 187.17 190.70 193.93 196.80 199.23 201.18 202.46 202.77 201.65 198.86 194.54 188.89 182.13 174.46 166.08 157.21 148.04 138.78 129.67 121.07 113.21 106.10 99.78 94.27 89.59 85.77 82.84 80.81 79.70 79.46 79.71 80.11 80.41 80.57 80.63 80.60 80.53 80.43 80.32 80.24 80.22 80.27 80.46 80.82 81.34 82.01 82.82 83.73 84.75 85.85 87.02 88.24
165.28 166.15 166.18 165.42 163.93 161.74 158.99 156.24 154.13 152.79 152.16 152.23 152.96 154.32 156.26 158.76 161.79 165.30 169.24 173.35 177.47 181.55 185.51 189.30 192.85 196.09 198.96 201.39 203.32 204.64 204.80 203.24 200.00 195.29 189.30 182.24 174.33 165.76 156.74 147.48 138.19 129.08 120.51 112.67 105.59 99.29 93.80 89.15 85.35 82.43 80.41 79.32 79.17 79.71 80.33 80.78 81.09 81.26 81.34 81.35 81.31 81.25 81.20 81.17 81.21 81.37 81.70 82.20 82.84 83.60 84.48 85.46 86.52 87.65 88.82
170.74 171.43 171.26 170.27 168.52 166.12 163.41 160.65 158.13 156.31 155.27 154.97 155.40 156.51 158.27 160.64 163.60 167.11 171.08 175.24 179.41 183.52 187.51 191.32 194.88 198.13 201.00 203.42 205.29 206.12 205.55 203.51 199.94 194.95 188.74 181.51 173.47 164.83 155.79 146.56 137.35 128.37 119.94 112.25 105.32 99.16 93.82 89.30 85.64 82.86 80.98 80.01 79.79 80.03 80.61 81.21 81.64 81.94 82.12 82.20 82.22 82.20 82.17 82.14 82.16 82.30 82.60 83.06 83.66 84.39 85.23 86.16 87.18 88.26 89.38
175.35 175.73 175.22 173.88 171.83 169.43 166.95 164.44 161.96 159.77 158.31 157.65 157.77 158.63 160.20 162.44 165.33 168.82 172.83 177.04 181.25 185.39 189.41 193.24 196.81 200.06 202.92 205.28 206.65 206.61 205.22 202.58 198.71 193.56 187.24 179.96 171.92 163.33 154.39 145.31 136.29 127.56 119.41 111.98 105.31 99.43 94.34 90.09 86.69 84.17 82.53 81.59 81.07 80.91 81.13 81.67 82.23 82.64 82.91 83.07 83.15 83.16 83.15 83.12 83.12 83.22 83.48 83.91 84.47 85.16 85.95 86.84 87.81 88.84 89.85
178.96 178.91 177.96 176.22 174.10 171.89 169.65 167.40 165.19 163.07 161.29 160.27 160.08 160.69 162.06 164.17 166.98 170.46 174.50 178.75 183.00 187.17 191.21 195.05 198.63 201.88 204.67 206.52 206.97 206.09 203.96 200.70 196.42 191.14 184.84 177.63 169.71 161.28 152.56 143.75 135.06 126.70 118.93 111.89 105.61 100.11 95.41 91.54 88.52 86.36 84.86 83.71 82.87 82.35 82.17 82.36 82.85 83.36 83.72 83.95 84.08 84.13 84.13 84.10 84.07 84.13 84.36 84.74 85.26 85.90 86.65 87.49 88.40 89.32 90.10
181.45 180.85 179.40 177.54 175.57 173.56 171.55 169.56 167.63 165.80 164.12 162.83 162.33 162.68 163.86 165.83 168.56 172.01 176.09 180.38 184.66 188.86 192.91 196.77 200.35 203.53 205.79 206.69 206.25 204.58 201.80 198.00 193.31 187.81 181.57 174.54 166.85 158.72 150.34 141.92 133.67 125.80 118.54 112.01 106.24 101.24 97.05 93.68 91.14 89.23 87.61 86.23 85.11 84.28 83.74 83.53 83.67 84.10 84.54 84.84 85.01 85.09 85.10 85.06 85.00 85.02 85.21 85.54 86.02 86.61 87.31 88.09 88.90 89.58 90.10
182.69 181.50 179.86 178.12 176.32 174.50 172.70 170.96 169.30 167.77 166.40 165.24 164.52 164.61 165.59 167.42 170.07 173.50 177.60 181.92 186.23 190.45 194.53 198.38 201.90 204.53 205.81 205.77 204.51 202.15 198.79 194.53 189.50 183.79 177.52 170.72 163.39 155.67 147.75 139.84 132.16 124.89 118.27 112.37 107.22 102.85 99.28 96.51 94.33 92.39 90.63 89.06 87.71 86.60 85.76 85.20 84.94 85.01 85.35 85.71 85.93 86.03 86.04 85.99 85.91 85.89 86.02 86.31 86.73 87.27 87.92 88.59 89.17 89.59 89.87
182.63 181.19 179.64 178.02 176.38 174.74 173.15 171.65 170.25 169.01 167.96 167.12 166.56 166.49 167.27 168.95 171.51 174.91 179.03 183.39 187.72 191.96 196.05 199.84 202.79 204.40 204.70 203.80 201.80 198.82 194.96 190.33 185.04 179.19 172.90 166.27 159.36 152.16 144.82 137.55 130.54 124.01 118.14 112.99 108.59 104.96 102.12 99.82 97.70 95.69 93.82 92.11 90.58 89.24 88.13 87.26 86.66 86.34 86.32 86.57 86.82 86.95 86.96 86.90 86.77 86.71 86.79 87.03 87.40 87.88 88.41 88.86 89.19 89.39 89.46
181.65 180.25 178.79 177.29 175.79 174.34 172.95 171.67 170.53 169.57 168.82 168.32 168.11 168.22 168.88 170.42 172.89 176.25 180.40 184.78 189.14 193.39 197.42 200.63 202.51 203.10 202.50 200.82 198.16 194.64 190.36 185.44 179.97 174.06 167.84 161.39 154.83 148.23 141.59 135.07 128.86 123.18 118.18 113.90 110.37 107.59 105.32 103.17 101.07 99.05 97.12 95.31 93.63 92.12 90.78 89.65 88.74 88.07 87.67 87.56 87.69 87.83 87.84 87.75 87.59 87.47 87.51 87.69 88.00 88.37 88.68 88.89 88.99 88.99 88.87
180.08 178.74 177.36 175.98 174.62 173.33 172.13 171.07 170.18 169.49 169.04 168.87 169.01 169.49 170.36 171.83 174.20 177.53 181.69 186.11 190.48 194.68 198.09 200.20 201.03 200.68 199.25 196.87 193.64 189.66 185.04 179.89 174.32 168.44 162.36 156.17 150.00 143.94 138.07 132.42 127.14 122.43 118.42 115.13 112.57 110.47 108.44 106.40 104.37 102.37 100.43 98.56 96.79 95.13 93.62 92.27 91.10 90.13 89.39 88.89 88.67 88.67 88.67 88.56 88.35 88.18 88.16 88.28 88.48 88.64 88.71 88.70 88.60 88.41 88.13
178.00 176.71 175.41 174.13 172.90 171.76 170.75 169.90 169.24 168.82 168.66 168.80 169.28 170.13 171.39 173.10 175.46 178.75 182.92 187.36 191.68 195.25 197.53 198.54 198.38 197.17 195.00 192.00 188.26 183.90 179.03 173.74 168.15 162.37 156.51 150.66 144.95 139.48 134.36 129.65 125.41 121.80 118.89 116.69 114.92 113.16 111.32 109.43 107.51 105.58 103.67 101.79 99.96 98.21 96.57 95.04 93.65 92.43 91.39 90.56 89.95 89.59 89.44 89.30 89.05 88.82 88.74 88.75 88.74 88.66 88.52 88.32 88.04 87.69 87.27
175.45 174.21 172.97 171.78 170.68 169.69 168.85 168.20 167.77 167.60 167.72 168.17 168.99 170.20 171.85 173.96 176.59 179.92 184.10 188.47 192.15 194.55 195.68 195.67 194.61 192.61 189.79 186.24 182.09 177.42 172.37 167.02 161.49 155.89 150.33 144.91 139.74 134.93 130.58 126.81 123.70 121.30 119.60 118.30 116.95 115.46 113.86 112.17 110.40 108.59 106.75 104.90 103.07 101.27 99.54 97.88 96.32 94.88 93.59 92.46 91.52 90.79 90.28 89.97 89.67 89.37 89.18 88.99 88.75 88.47 88.14 87.76 87.33 86.85 86.31
172.49 171.27 170.10 168.99 168.00 167.15 166.47 166.02 165.81 165.88 166.28 167.03 168.17 169.73 171.76 174.28 177.33 180.96 185.13 188.86 191.32 192.53 192.60 191.64 189.76 187.06 183.65 179.65 175.15 170.26 165.10 159.78 154.39 149.05 143.86 138.94 134.39 130.33 126.84 124.06 122.07 120.94 120.26 119.46 118.47 117.31 115.99 114.54 112.97 111.32 109.59 107.82 106.03 104.23 102.44 100.70 99.01 97.41 95.91 94.53 93.30 92.23 91.36 90.69 90.20 89.79 89.40 88.98 88.54 88.08 87.59 87.06 86.50 85.91 85.28
