data_processed/recharge/precip/Precip_2010_09.asc
ncols        168
nrows        136
xllcorner    455000
yllcorner    2107000
cellsize     500
NODATA_value     -99999
[rows 99 to 131 of 136, columns 74 to 147 of 168]
155.30 154.53 153.91 153.32 152.58 151.67 150.59 149.35 147.94 146.34 144.41 142.07 139.33 136.23 132.80 129.07 125.06 120.81 116.35 111.71 106.92 102.01 96.96 91.66 86.09 80.32 74.40 68.39 62.36 56.68 52.03 48.50 46.04 44.60 44.15 44.60 45.59 46.74 47.95 49.22 50.52 51.83 53.14 54.42 55.66 56.82 57.90 58.88 59.71 60.35 60.78 61.00 61.04 60.92 60.66 60.28 59.86 59.40 58.93 58.43 57.92 57.39 56.88 56.43 56.04 55.72 55.45 55.23 55.06 54.93 54.84 54.78 54.74 54.74
153.41 152.64 152.00 151.40 150.63 149.70 148.60 147.32 145.86 144.07 141.86 139.26 136.30 133.01 129.42 125.55 121.45 117.14 112.65 108.01 103.26 98.42 93.52 88.54 83.38 78.01 72.50 66.91 61.30 56.04 51.84 48.77 46.79 45.86 45.90 46.52 47.32 48.24 49.23 50.29 51.40 52.53 53.66 54.78 55.87 56.90 57.85 58.71 59.46 60.06 60.48 60.70 60.75 60.63 60.38 60.01 59.60 59.16 58.69 58.20 57.70 57.20 56.75 56.37 56.03 55.75 55.51 55.31 55.14 55.00 54.89 54.80 54.73 54.66
151.26 150.47 149.82 149.19 148.41 147.45 146.32 144.99 143.33 141.26 138.81 135.99 132.84 129.39 125.67 121.72 117.56 113.22 108.74 104.14 99.46 94.72 89.96 85.21 80.44 75.54 70.51 65.40 60.27 55.50 51.81 49.27 47.84 47.44 47.68 48.13 48.72 49.43 50.23 51.11 52.04 53.02 54.00 54.99 55.95 56.87 57.73 58.50 59.17 59.71 60.11 60.33 60.38 60.28 60.04 59.69 59.29 58.86 58.41 57.93 57.46 57.03 56.65 56.32 56.02 55.77 55.55 55.36 55.18 55.03 54.89 54.76 54.64 54.51
148.84 148.04 147.37 146.72 145.90 144.91 143.72 142.21 140.28 137.96 135.29 132.29 128.99 125.42 121.62 117.61 113.43 109.10 104.66 100.14 95.56 90.96 86.38 81.83 77.35 72.92 68.43 63.86 59.28 55.07 51.96 50.01 49.16 48.99 49.07 49.32 49.72 50.25 50.88 51.61 52.40 53.24 54.10 54.98 55.85 56.68 57.46 58.17 58.79 59.29 59.67 59.89 59.95 59.85 59.63 59.30 58.92 58.50 58.07 57.62 57.22 56.86 56.54 56.25 56.00 55.77 55.55 55.36 55.17 55.00 54.82 54.64 54.45 54.25
146.14 145.33 144.64 143.95 143.11 142.06 140.69 138.90 136.73 134.20 131.35 128.20 124.78 121.14 117.28 113.26 109.09 104.81 100.45 96.04 91.61 87.19 82.81 78.51 74.30 70.23 66.27 62.31 58.35 54.76 52.29 50.96 50.37 50.07 49.96 50.03 50.27 50.64 51.13 51.73 52.40 53.13 53.90 54.70 55.49 56.26 56.99 57.66 58.26 58.75 59.12 59.35 59.43 59.35 59.14 58.83 58.47 58.08 57.68 57.32 56.99 56.69 56.41 56.16 55.93 55.71 55.50 55.29 55.08 54.87 54.65 54.41 54.15 53.86
143.06 142.34 141.62 140.90 140.00 138.77 137.13 135.11 132.73 130.02 127.03 123.77 120.27 116.58 112.71 108.71 104.59 100.40 96.15 91.89 87.64 83.44 79.30 75.28 71.38 67.66 64.13 60.77 57.48 54.59 52.77 51.74 51.03 50.55 50.28 50.20 50.30 50.54 50.92 51.41 51.99 52.64 53.34 54.07 54.82 55.56 56.27 56.93 57.52 58.02 58.42 58.68 58.80 58.76 58.58 58.29 57.96 57.61 57.29 56.99 56.73 56.48 56.24 56.02 55.80 55.58 55.36 55.13 54.89 54.63 54.35 54.04 53.70 53.33
139.22 138.94 138.31 137.54 136.45 134.96 133.09 130.86 128.31 125.47 122.36 119.03 115.49 111.79 107.95 104.00 99.97 95.90 91.80 87.73 83.70 79.74 75.89 72.18 68.64 65.29 62.17 59.31 56.70 54.51 53.02 51.88 51.01 50.38 49.97 49.77 49.75 49.89 50.18 50.59 51.10 51.70 52.35 53.06 53.78 54.51 55.22 55.89 56.51 57.05 57.50 57.82 58.02 58.05 57.92 57.66 57.38 57.11 56.87 56.64 56.42 56.21 56.01 55.80 55.59 55.36 55.12 54.86 54.58 54.27 53.92 53.53 53.10 52.62
134.53 134.87 134.66 133.80 132.46 130.74 128.66 126.26 123.58 120.63 117.45 114.08 110.54 106.86 103.07 99.21 95.31 91.39 87.48 83.63 79.85 76.18 72.64 69.28 66.12 63.19 60.51 58.14 56.05 54.20 52.62 51.33 50.32 49.57 49.05 48.74 48.63 48.69 48.91 49.26 49.72 50.29 50.92 51.61 52.34 53.08 53.82 54.53 55.19 55.79 56.31 56.72 57.01 57.15 57.13 57.02 56.82 56.63 56.45 56.28 56.10 55.92 55.74 55.53 55.32 55.07 54.80 54.50 54.17 53.79 53.36 52.88 52.35 51.76
129.73 130.61 130.79 130.05 128.55 126.61 124.34 121.79 118.98 115.95 112.71 109.32 105.78 102.14 98.43 94.68 90.91 87.16 83.46 79.84 76.32 72.95 69.75 66.75 63.99 61.49 59.28 57.37 55.56 53.70 52.00 50.57 49.42 48.53 47.89 47.48 47.28 47.26 47.41 47.70 48.12 48.65 49.26 49.94 50.67 51.42 52.18 52.93 53.64 54.30 54.89 55.38 55.76 56.01 56.27 56.62 56.68 56.56 56.42 56.28 56.13 55.96 55.77 55.55 55.31 55.03 54.71 54.34 53.93 53.47 52.94 52.36 51.70 50.98
125.20 126.39 126.78 126.29 124.91 122.84 120.40 117.70 114.77 111.65 108.37 104.95 101.43 97.84 94.21 90.56 86.94 83.36 79.87 76.49 73.25 70.18 67.32 64.69 62.33 60.26 58.50 56.84 55.06 53.19 51.44 49.87 48.57 47.55 46.78 46.25 45.94 45.83 45.89 46.11 46.47 46.95 47.53 48.19 48.90 49.65 50.42 51.19 51.94 52.64 53.28 53.84 54.31 54.81 55.56 56.45 56.98 57.06 56.96 56.82 56.66 56.48 56.26 56.00 55.71 55.36 54.97 54.51 54.00 53.42 52.78 52.05 51.25 50.37
120.80 122.12 122.68 122.41 121.29 119.37 116.83 113.99 110.96 107.76 104.43 101.00 97.50 93.95 90.40 86.88 83.40 80.01 76.73 73.59 70.63 67.87 65.36 63.10 61.15 59.50 57.97 56.34 54.54 52.66 50.88 49.26 47.83 46.65 45.74 45.08 44.64 44.42 44.39 44.53 44.81 45.23 45.76 46.37 47.06 47.80 48.56 49.34 50.10 50.84 51.53 52.15 52.84 53.80 55.05 56.44 57.45 57.94 57.99 57.85 57.66 57.44 57.16 56.84 56.47 56.03 55.53 54.97 54.33 53.62 52.82 51.93 50.96 49.89
116.44 117.86 118.55 118.47 117.59 115.94 113.58 110.67 107.53 104.26 100.89 97.45 93.97 90.49 87.03 83.62 80.30 77.09 74.03 71.15 68.47 66.03 63.86 61.98 60.42 58.99 57.48 55.83 54.02 52.13 50.33 48.68 47.18 45.86 44.79 43.99 43.42 43.08 42.93 42.97 43.17 43.51 43.97 44.54 45.18 45.89 46.64 47.41 48.18 48.93 49.66 50.47 51.59 53.02 54.74 56.58 58.02 58.94 59.34 59.31 59.08 58.78 58.43 58.02 57.54 56.99 56.36 55.66 54.87 53.99 53.02 51.94 50.77 49.49
112.17 113.64 114.45 114.53 113.85 112.45 110.38 107.67 104.51 101.17 97.76 94.32 90.87 87.45 84.08 80.80 77.64 74.62 71.78 69.15 66.77 64.65 62.83 61.32 59.96 58.54 57.01 55.34 53.52 51.62 49.80 48.12 46.58 45.19 43.98 43.01 42.30 41.82 41.55 41.48 41.57 41.82 42.21 42.71 43.30 43.96 44.68 45.43 46.19 46.96 47.84 49.05 50.62 52.48 54.62 56.86 58.70 59.98 60.75 61.02 60.85 60.47 60.01 59.48 58.87 58.18 57.40 56.53 55.56 54.49 53.32 52.04 50.64 49.12
108.04 109.55 110.44 110.64 110.14 108.96 107.16 104.76 101.81 98.48 95.04 91.60 88.19 84.83 81.56 78.41 75.42 72.60 69.99 67.62 65.53 63.73 62.26 60.94 59.58 58.13 56.57 54.89 53.07 51.16 49.33 47.61 46.03 44.59 43.29 42.18 41.31 40.68 40.27 40.07 40.05 40.20 40.49 40.91 41.43 42.04 42.71 43.42 44.17 45.07 46.33 47.95 49.92 52.17 54.69 57.28 59.46 61.08 62.16 62.72 62.79 62.43 61.85 61.18 60.41 59.55 58.60 57.53 56.36 55.08 53.68 52.16 50.51 48.72
104.13 105.63 106.58 106.88 106.52 105.53 103.96 101.84 99.22 96.13 92.73 89.30 85.93 82.64 79.48 76.47 73.64 71.02 68.65 66.55 64.75 63.27 61.97 60.64 59.25 57.78 56.21 54.51 52.68 50.76 48.92 47.18 45.56 44.06 42.71 41.50 40.48 39.69 39.13 38.78 38.64 38.67 38.85 39.18 39.62 40.15 40.76 41.44 42.30 43.53 45.17 47.17 49.48 52.08 54.92 57.83 60.31 62.21 63.56 64.38 64.69 64.51 63.90 63.07 62.12 61.07 59.90 58.62 57.22 55.70 54.05 52.26 50.33 48.26
100.48 101.96 102.92 103.29 103.04 102.22 100.86 98.99 96.66 93.91 90.78 87.42 84.10 80.89 77.84 74.97 72.31 69.90 67.77 65.94 64.43 63.11 61.79 60.43 59.01 57.51 55.92 54.21 52.38 50.46 48.60 46.84 45.18 43.63 42.22 40.94 39.82 38.87 38.15 37.65 37.36 37.26 37.32 37.54 37.88 38.33 38.88 39.63 40.80 42.39 44.36 46.68 49.31 52.20 55.32 58.50 61.23 63.37 64.95 65.97 66.47 66.47 65.99 65.08 63.94 62.66 61.27 59.75 58.09 56.30 54.37 52.29 50.07 47.81
97.16 98.58 99.53 99.94 99.78 99.08 97.90 96.25 94.19 91.75 88.98 85.91 82.69 79.57 76.63 73.91 71.43 69.24 67.35 65.78 64.41 63.07 61.71 60.31 58.87 57.35 55.74 54.03 52.19 50.27 48.40 46.61 44.91 43.32 41.85 40.50 39.30 38.24 37.36 36.69 36.25 36.00 35.93 36.02 36.25 36.61 37.21 38.25 39.73 41.62 43.89 46.49 49.38 52.52 55.88 59.29 62.22 64.56 66.31 67.50 68.15 68.28 67.91 67.07 65.81 64.30 62.65 60.86 58.92 56.84 54.60 52.21 49.78 47.61
94.22 95.55 96.47 96.88 96.78 96.19 95.15 93.69 91.87 89.72 87.27 84.57 81.66 78.68 75.87 73.30 71.01 69.03 67.37 65.93 64.53 63.15 61.75 60.32 58.85 57.31 55.69 53.97 52.13 50.21 48.33 46.52 44.79 43.15 41.62 40.21 38.92 37.77 36.77 35.94 35.33 34.92 34.71 34.66 34.78 35.16 36.01 37.33 39.08 41.24 43.75 46.58 49.69 53.04 56.59 60.18 63.28 65.76 67.64 68.95 69.70 69.92 69.63 68.84 67.58 65.91 63.98 61.90 59.66 57.25 54.69 52.09 49.74 47.77
91.74 92.95 93.79 94.19 94.11 93.59 92.66 91.37 89.76 87.86 85.71 83.36 80.84 78.19 75.55 73.14 71.04 69.27 67.72 66.24 64.80 63.37 61.94 60.48 58.98 57.43 55.79 54.07 52.23 50.31 48.42 46.59 44.83 43.15 41.56 40.08 38.71 37.47 36.37 35.42 34.63 34.05 33.68 33.49 33.60 34.20 35.30 36.86 38.85 41.22 43.93 46.95 50.24 53.75 57.45 61.16 64.38 66.97 68.94 70.32 71.13 71.39 71.12 70.34 69.08 67.36 65.22 62.82 60.25 57.51 54.72 52.20 50.05 48.26
89.76 90.82 91.56 91.91 91.83 91.34 90.51 89.35 87.91 86.24 84.36 82.32 80.16 77.92 75.63 73.43 71.52 69.84 68.25 66.72 65.23 63.76 62.29 60.80 59.28 57.71 56.07 54.34 52.50 50.58 48.68 46.84 45.05 43.33 41.69 40.14 38.69 37.36 36.16 35.09 34.18 33.43 32.88 32.67 32.96 33.79 35.10 36.86 39.03 41.57 44.44 47.60 51.01 54.64 58.44 62.24 65.53 68.17 70.18 71.59 72.41 72.67 72.38 71.58 70.27 68.48 66.23 63.58 60.66 57.68 54.97 52.64 50.67 49.05
88.35 89.23 89.84 90.11 89.99 89.52 88.74 87.68 86.40 84.92 83.28 81.53 79.70 77.83 75.96 74.13 72.33 70.60 68.96 67.38 65.84 64.33 62.83 61.31 59.77 58.19 56.54 54.80 52.97 51.06 49.15 47.29 45.47 43.71 42.02 40.41 38.89 37.47 36.17 34.99 33.95 33.06 32.48 32.41 32.90 33.90 35.38 37.29 39.60 42.27 45.25 48.51 52.00 55.70 59.55 63.40 66.72 69.37 71.38 72.77 73.56 73.76 73.41 72.53 71.13 69.23 66.86 64.04 60.95 58.05 55.53 53.38 51.59 50.13
87.56 88.23 88.69 88.84 88.66 88.17 87.42 86.44 85.27 83.95 82.52 81.03 79.50 77.98 76.49 74.98 73.32 71.57 69.87 68.24 66.66 65.11 63.58 62.04 60.48 58.88 57.22 55.49 53.66 51.75 49.85 47.97 46.12 44.32 42.58 40.91 39.31 37.81 36.41 35.12 33.97 33.08 32.67 32.78 33.41 34.55 36.15 38.17 40.57 43.31 46.36 49.67 53.20 56.93 60.79 64.63 67.93 70.55 72.51 73.84 74.55 74.66 74.20 73.19 71.65 69.60 67.06 64.20 61.37 58.73 56.39 54.41 52.78 51.47
87.46 87.89 88.16 88.18 87.90 87.36 86.60 85.67 84.59 83.40 82.16 80.88 79.63 78.41 77.19 75.84 74.36 72.73 71.01 69.33 67.71 66.12 64.56 63.00 61.42 59.81 58.14 56.41 54.59 52.69 50.78 48.89 47.02 45.18 43.39 41.66 39.99 38.41 36.91 35.53 34.38 33.68 33.47 33.74 34.49 35.72 37.39 39.47 41.92 44.70 47.76 51.08 54.61 58.31 62.14 65.93 69.17 71.71 73.58 74.79 75.38 75.35 74.74 73.56 71.83 69.59 66.98 64.37 61.92 59.62 57.52 55.70 54.21 53.04
88.11 88.27 88.32 88.17 87.76 87.15 86.36 85.43 84.41 83.33 82.23 81.16 80.14 79.11 78.00 76.78 75.44 73.97 72.36 70.67 69.00 67.38 65.79 64.21 62.61 60.99 59.33 57.60 55.78 53.89 51.99 50.08 48.19 46.32 44.48 42.69 40.95 39.28 37.70 36.33 35.38 34.90 34.86 35.27 36.12 37.40 39.10 41.20 43.65 46.41 49.46 52.73 56.21 59.84 63.59 67.29 70.42 72.83 74.56 75.63 76.04 75.83 75.02 73.62 71.67 69.33 66.96 64.71 62.60 60.64 58.84 57.22 55.87 54.82
89.57 89.43 89.23 88.87 88.32 87.59 86.74 85.79 84.80 83.80 82.82 81.90 81.01 80.05 79.01 77.87 76.64 75.30 73.83 72.24 70.57 68.92 67.30 65.70 64.09 62.46 60.79 59.07 57.26 55.39 53.48 51.57 49.65 47.75 45.86 44.01 42.21 40.47 38.92 37.75 37.02 36.72 36.83 37.35 38.26 39.57 41.27 43.34 45.74 48.45 51.42 54.62 58.00 61.52 65.14 68.70 71.67 73.92 75.47 76.33 76.53 76.09 75.03 73.38 71.30 69.17 67.14 65.23 63.44 61.78 60.26 58.90 57.72 56.79
91.89 91.42 90.94 90.36 89.61 88.75 87.80 86.81 85.82 84.86 83.97 83.11 82.22 81.28 80.28 79.20 78.04 76.79 75.44 73.98 72.41 70.75 69.11 67.49 65.87 64.23 62.56 60.84 59.05 57.19 55.29 53.36 51.43 49.49 47.56 45.66 43.79 42.09 40.76 39.82 39.28 39.13 39.35 39.95 40.91 42.22 43.88 45.88 48.20 50.81 53.66 56.73 59.96 63.33 66.78 70.16 72.93 74.96 76.28 76.89 76.83 76.12 74.78 72.97 71.09 69.28 67.56 65.95 64.44 63.05 61.79 60.68 59.71 58.92
95.14 94.31 93.52 92.68 91.72 90.69 89.62 88.55 87.53 86.58 85.68 84.77 83.85 82.89 81.89 80.84 79.72 78.53 77.27 75.91 74.45 72.88 71.24 69.60 67.97 66.33 64.66 62.94 61.17 59.32 57.42 55.49 53.54 51.57 49.60 47.65 45.84 44.36 43.26 42.52 42.14 42.11 42.42 43.07 44.04 45.33 46.92 48.82 51.01 53.47 56.16 59.05 62.10 65.26 68.50 71.64 74.17 75.95 76.99 77.31 76.95 75.92 74.39 72.76 71.19 69.67 68.24 66.88 65.63 64.48 63.45 62.54 61.78 61.16
99.37 98.16 97.03 95.89 94.69 93.46 92.24 91.07 89.97 88.95 87.95 86.96 85.97 84.96 83.93 82.86 81.76 80.60 79.38 78.09 76.71 75.25 73.68 72.05 70.41 68.77 67.10 65.40 63.64 61.81 59.92 57.98 56.01 54.01 52.01 50.13 48.54 47.31 46.41 45.84 45.59 45.65 46.02 46.68 47.64 48.87 50.37 52.14 54.16 56.43 58.92 61.59 64.40 67.32 70.30 73.16 75.40 76.87 77.59 77.58 76.87 75.63 74.26 72.92 71.61 70.36 69.17 68.06 67.02 66.08 65.24 64.52 63.92 63.46
104.65 103.02 101.53 100.07 98.59 97.13 95.73 94.41 93.18 92.01 90.87 89.75 88.65 87.56 86.47 85.36 84.23 83.06 81.86 80.60 79.28 77.89 76.41 74.85 73.22 71.58 69.92 68.22 66.48 64.67 62.79 60.85 58.86 56.84 54.92 53.27 51.94 50.91 50.19 49.76 49.61 49.73 50.13 50.78 51.69 52.83 54.22 55.82 57.65 59.69 61.92 64.33 66.86 69.48 72.15 74.70 76.60 77.72 78.07 77.69 76.74 75.64 74.54 73.45 72.39 71.37 70.40 69.49 68.64 67.88 67.20 66.63 66.16 65.82
111.04 108.96 107.07 105.26 103.48 101.76 100.14 98.62 97.19 95.81 94.50 93.22 91.99 90.78 89.59 88.40 87.21 86.01 84.78 83.53 82.22 80.87 79.46 77.97 76.40 74.78 73.12 71.44 69.72 67.92 66.05 64.11 62.12 60.19 58.51 57.12 56.01 55.17 54.59 54.26 54.18 54.34 54.73 55.35 56.17 57.21 58.44 59.86 61.46 63.23 65.17 67.26 69.47 71.75 74.07 76.25 77.77 78.49 78.44 77.79 76.96 76.11 75.24 74.38 73.54 72.72 71.93 71.19 70.50 69.88 69.34 68.88 68.52 68.26
118.59 116.04 113.71 111.52 109.41 107.40 105.51 103.73 102.05 100.45 98.92 97.46 96.05 94.69 93.37 92.07 90.79 89.52 88.24 86.95 85.63 84.28 82.90 81.45 79.95 78.38 76.74 75.08 73.37 71.60 69.74 67.81 65.91 64.24 62.83 61.66 60.74 60.05 59.58 59.34 59.30 59.46 59.82 60.36 61.08 61.97 63.02 64.22 65.57 67.05 68.66 70.38 72.22 74.12 76.04 77.81 78.90 79.19 78.84 78.29 77.69 77.05 76.40 75.74 75.07 74.42 73.79 73.19 72.62 72.12 71.67 71.30 71.00 70.81
127.30 124.31 121.53 118.93 116.45 114.11 111.90 109.82 107.85 105.99 104.22 102.53 100.92 99.38 97.89 96.45 95.04 93.66 92.30 90.94 89.58 88.20 86.80 85.37 83.90 82.38 80.79 79.15 77.47 75.72 73.88 72.06 70.43 69.02 67.84 66.87 66.11 65.54 65.16 64.97 64.94 65.08 65.37 65.82 66.40 67.11 67.95 68.90 69.96 71.12 72.37 73.70 75.11 76.57 78.05 79.36 79.99 79.96 79.68 79.34 78.95 78.50 78.03 77.53 77.01 76.49 75.98 75.49 75.02 74.60 74.22 73.90 73.64 73.47
136.78 133.76 130.56 127.53 124.65 121.93 119.37 116.96 114.67 112.51 110.47 108.53 106.68 104.92 103.23 101.61 100.04 98.52 97.04 95.58 94.14 92.70 91.26 89.81 88.34 86.83 85.28 83.68 82.02 80.31 78.59 77.04 75.68 74.52 73.55 72.75 72.11 71.64 71.32 71.14 71.09 71.18 71.38 71.69 72.11 72.61 73.21 73.88 74.63 75.43 76.29 77.20 78.14 79.11 80.09 80.91 81.19 81.21 81.13 80.98 80.75 80.47 80.14 79.77 79.37 78.96 78.54 78.12 77.72 77.34 77.00 76.70 76.45 76.28
