data_processed/recharge/precip/Precip_2002_03.asc
ncols        168
nrows        136
xllcorner    455000
yllcorner    2107000
cellsize     500
NODATA_value     -99999
[rows 0 to 35 of 136, columns 0 to 80 of 168]
11.04 11.16 11.28 11.38 11.48 11.57 11.65 11.72 11.78 11.84 11.90 11.95 11.99 12.03 12.06 12.09 12.12 12.15 12.17 12.19 12.20 12.19 12.16 12.11 12.05 11.97 11.87 11.76 11.63 11.49 11.33 11.16 10.97 10.77 10.56 10.34 10.10 9.86 9.60 9.33 9.05 8.77 8.48 8.20 7.93 7.66 7.40 7.14 6.89 6.65 6.42 6.20 5.98 5.78 5.58 5.39 5.22 5.05 4.89 4.74 4.60 4.47 4.35 4.23 4.12 4.02 3.92 3.83 3.75 3.67 3.60 3.54 3.48 3.42 3.37 3.33 3.29 3.25 3.22 3.18 3.15
11.18 11.30 11.42 11.52 11.61 11.69 11.77 11.84 11.90 11.96 12.01 12.05 12.09 12.13 12.16 12.19 12.21 12.24 12.26 12.27 12.28 12.26 12.23 12.18 12.12 12.04 11.94 11.83 11.70 11.56 11.40 11.24 11.05 10.86 10.65 10.43 10.20 9.96 9.71 9.45 9.18 8.90 8.62 8.33 8.05 7.78 7.51 7.25 7.00 6.76 6.52 6.30 6.08 5.87 5.68 5.49 5.31 5.14 4.98 4.83 4.69 4.55 4.42 4.30 4.19 4.09 3.99 3.90 3.81 3.73 3.66 3.59 3.53 3.47 3.42 3.37 3.33 3.29 3.25 3.21 3.18
11.31 11.43 11.54 11.63 11.72 11.80 11.88 11.94 12.00 12.05 12.10 12.14 12.18 12.21 12.24 12.26 12.28 12.30 12.32 12.34 12.34 12.32 12.29 12.24 12.17 12.09 11.99 11.88 11.76 11.62 11.46 11.30 11.12 10.93 10.72 10.51 10.29 10.05 9.81 9.55 9.29 9.02 8.74 8.45 8.17 7.89 7.62 7.36 7.11 6.86 6.62 6.39 6.18 5.97 5.77 5.58 5.40 5.23 5.07 4.91 4.77 4.63 4.50 4.38 4.27 4.16 4.06 3.96 3.88 3.79 3.72 3.65 3.58 3.52 3.46 3.41 3.36 3.32 3.28 3.24 3.20
11.42 11.54 11.64 11.74 11.82 11.90 11.97 12.03 12.09 12.13 12.18 12.21 12.25 12.28 12.30 12.32 12.34 12.36 12.37 12.38 12.38 12.36 12.33 12.28 12.21 12.13 12.03 11.92 11.79 11.66 11.51 11.34 11.17 10.98 10.78 10.57 10.35 10.12 9.89 9.64 9.38 9.12 8.85 8.57 8.29 8.01 7.73 7.47 7.21 6.96 6.72 6.49 6.27 6.06 5.86 5.67 5.49 5.32 5.15 5.00 4.85 4.71 4.58 4.46 4.34 4.23 4.13 4.03 3.94 3.85 3.77 3.70 3.63 3.57 3.51 3.45 3.40 3.36 3.31 3.27 3.23
11.52 11.63 11.73 11.82 11.90 11.98 12.04 12.10 12.15 12.20 12.24 12.27 12.30 12.33 12.35 12.37 12.38 12.39 12.40 12.41 12.41 12.39 12.35 12.30 12.23 12.15 12.05 11.94 11.82 11.68 11.53 11.37 11.20 11.01 10.82 10.62 10.40 10.18 9.95 9.71 9.46 9.20 8.94 8.67 8.39 8.11 7.84 7.57 7.31 7.06 6.82 6.59 6.37 6.16 5.95 5.76 5.58 5.41 5.24 5.08 4.93 4.79 4.66 4.53 4.41 4.30 4.19 4.10 4.00 3.91 3.83 3.75 3.68 3.62 3.55 3.50 3.44 3.39 3.34 3.30 3.25
11.60 11.71 11.80 11.89 11.97 12.04 12.10 12.16 12.20 12.25 12.28 12.31 12.34 12.36 12.38 12.39 12.40 12.41 12.42 12.43 12.42 12.39 12.36 12.30 12.23 12.15 12.05 11.94 11.82 11.69 11.54 11.38 11.21 11.03 10.84 10.64 10.44 10.22 9.99 9.76 9.52 9.27 9.02 8.75 8.49 8.22 7.94 7.67 7.41 7.16 6.92 6.68 6.46 6.25 6.05 5.85 5.67 5.49 5.33 5.17 5.02 4.87 4.74 4.61 4.49 4.37 4.26 4.16 4.06 3.97 3.89 3.81 3.74 3.67 3.60 3.54 3.48 3.43 3.38 3.33 3.28
11.67 11.77 11.86 11.95 12.02 12.09 12.14 12.20 12.24 12.28 12.31 12.34 12.36 12.38 12.39 12.40 12.41 12.42 12.42 12.42 12.41 12.39 12.35 12.29 12.22 12.14 12.04 11.93 11.81 11.68 11.54 11.38 11.21 11.04 10.85 10.66 10.45 10.24 10.02 9.80 9.56 9.32 9.08 8.82 8.57 8.31 8.04 7.77 7.51 7.25 7.01 6.78 6.55 6.34 6.14 5.94 5.76 5.58 5.41 5.25 5.10 4.95 4.81 4.68 4.56 4.44 4.33 4.23 4.13 4.03 3.95 3.86 3.79 3.71 3.65 3.58 3.52 3.46 3.41 3.36 3.31
11.72 11.82 11.91 11.99 12.06 12.12 12.17 12.22 12.26 12.30 12.33 12.35 12.37 12.38 12.39 12.40 12.41 12.41 12.41 12.41 12.40 12.37 12.32 12.27 12.20 12.11 12.02 11.91 11.79 11.66 11.51 11.36 11.20 11.03 10.85 10.66 10.46 10.25 10.04 9.82 9.59 9.36 9.12 8.88 8.63 8.38 8.12 7.86 7.60 7.35 7.11 6.87 6.65 6.43 6.23 6.03 5.84 5.66 5.49 5.33 5.18 5.03 4.89 4.76 4.63 4.51 4.40 4.29 4.19 4.10 4.01 3.92 3.84 3.76 3.69 3.62 3.56 3.50 3.44 3.39 3.34
11.76 11.85 11.94 12.01 12.08 12.14 12.19 12.23 12.27 12.30 12.33 12.35 12.36 12.37 12.38 12.39 12.39 12.39 12.38 12.38 12.36 12.33 12.29 12.23 12.16 12.07 11.98 11.87 11.75 11.62 11.48 11.33 11.17 11.00 10.83 10.64 10.45 10.25 10.04 9.83 9.61 9.38 9.15 8.92 8.68 8.44 8.19 7.94 7.69 7.44 7.20 6.96 6.74 6.52 6.32 6.12 5.93 5.75 5.58 5.41 5.26 5.11 4.97 4.83 4.70 4.58 4.47 4.36 4.25 4.16 4.06 3.98 3.89 3.81 3.74 3.67 3.60 3.54 3.48 3.42 3.37
11.78 11.87 11.95 12.03 12.09 12.15 12.19 12.23 12.27 12.29 12.32 12.33 12.34 12.35 12.36 12.36 12.35 12.35 12.34 12.34 12.32 12.28 12.24 12.18 12.10 12.02 11.92 11.82 11.70 11.57 11.43 11.29 11.13 10.96 10.79 10.61 10.42 10.23 10.03 9.82 9.61 9.39 9.17 8.94 8.72 8.48 8.25 8.01 7.77 7.53 7.29 7.06 6.83 6.61 6.41 6.21 6.02 5.83 5.66 5.50 5.34 5.19 5.04 4.91 4.78 4.65 4.54 4.42 4.32 4.22 4.12 4.03 3.95 3.86 3.79 3.71 3.64 3.58 3.51 3.45 3.40
11.79 11.88 11.96 12.03 12.09 12.14 12.18 12.22 12.25 12.27 12.29 12.30 12.31 12.32 12.32 12.31 12.31 12.30 12.29 12.28 12.26 12.22 12.17 12.11 12.04 11.95 11.86 11.75 11.63 11.51 11.37 11.23 11.07 10.91 10.74 10.57 10.38 10.20 10.00 9.80 9.60 9.39 9.17 8.96 8.74 8.52 8.29 8.07 7.84 7.61 7.38 7.15 6.92 6.70 6.49 6.29 6.10 5.92 5.74 5.58 5.42 5.26 5.12 4.98 4.85 4.72 4.60 4.49 4.38 4.28 4.18 4.09 4.00 3.91 3.83 3.76 3.69 3.62 3.55 3.49 3.43
11.79 11.88 11.95 12.02 12.07 12.12 12.16 12.19 12.22 12.24 12.26 12.26 12.27 12.27 12.27 12.26 12.25 12.24 12.23 12.21 12.19 12.15 12.10 12.03 11.96 11.88 11.78 11.67 11.56 11.43 11.30 11.16 11.01 10.85 10.68 10.51 10.34 10.15 9.96 9.77 9.57 9.37 9.17 8.96 8.75 8.54 8.32 8.11 7.89 7.68 7.46 7.23 7.01 6.79 6.58 6.38 6.19 6.00 5.83 5.66 5.50 5.34 5.20 5.06 4.92 4.79 4.67 4.56 4.45 4.34 4.24 4.14 4.05 3.97 3.88 3.80 3.73 3.66 3.59 3.52 3.46
11.78 11.86 11.93 11.99 12.05 12.09 12.13 12.16 12.18 12.20 12.21 12.21 12.21 12.21 12.20 12.19 12.18 12.17 12.15 12.13 12.10 12.06 12.01 11.95 11.87 11.79 11.69 11.58 11.47 11.35 11.21 11.07 10.93 10.77 10.61 10.45 10.27 10.10 9.91 9.73 9.54 9.34 9.15 8.95 8.75 8.55 8.34 8.14 7.94 7.73 7.52 7.31 7.09 6.88 6.67 6.47 6.27 6.09 5.91 5.74 5.58 5.42 5.27 5.13 4.99 4.86 4.74 4.62 4.51 4.40 4.30 4.20 4.11 4.02 3.93 3.85 3.77 3.70 3.62 3.55 3.49
11.76 11.84 11.90 11.96 12.01 12.05 12.08 12.11 12.13 12.14 12.15 12.15 12.15 12.14 12.13 12.12 12.10 12.08 12.06 12.04 12.01 11.97 11.91 11.85 11.77 11.68 11.59 11.48 11.37 11.25 11.12 10.98 10.84 10.69 10.53 10.37 10.20 10.03 9.85 9.67 9.49 9.30 9.11 8.93 8.74 8.55 8.35 8.16 7.97 7.77 7.57 7.37 7.17 6.96 6.75 6.55 6.36 6.17 5.99 5.82 5.66 5.50 5.35 5.20 5.07 4.93 4.81 4.69 4.57 4.46 4.36 4.26 4.16 4.07 3.98 3.90 3.82 3.74 3.66 3.59 3.52
11.73 11.80 11.87 11.92 11.96 12.00 12.03 12.05 12.07 12.08 12.08 12.08 12.07 12.06 12.05 12.03 12.01 11.99 11.97 11.94 11.91 11.86 11.80 11.74 11.66 11.57 11.48 11.37 11.26 11.14 11.01 10.88 10.74 10.59 10.44 10.28 10.12 9.95 9.78 9.61 9.43 9.25 9.07 8.90 8.72 8.54 8.35 8.17 7.99 7.80 7.61 7.42 7.23 7.03 6.84 6.64 6.44 6.25 6.07 5.90 5.73 5.58 5.42 5.28 5.14 5.01 4.88 4.76 4.64 4.53 4.42 4.32 4.22 4.12 4.03 3.94 3.86 3.78 3.70 3.63 3.56
11.69 11.76 11.82 11.87 11.91 11.94 11.97 11.98 12.00 12.00 12.00 12.00 11.99 11.97 11.95 11.93 11.91 11.89 11.86 11.83 11.79 11.74 11.68 11.62 11.54 11.45 11.35 11.25 11.14 11.02 10.89 10.76 10.62 10.48 10.33 10.18 10.02 9.86 9.70 9.53 9.36 9.20 9.03 8.86 8.69 8.52 8.35 8.17 8.00 7.82 7.64 7.46 7.28 7.10 6.91 6.72 6.52 6.34 6.15 5.98 5.81 5.65 5.50 5.35 5.21 5.08 4.95 4.82 4.70 4.59 4.48 4.38 4.27 4.18 4.08 3.99 3.91 3.82 3.74 3.66 3.59
11.64 11.70 11.76 11.80 11.84 11.87 11.89 11.91 11.91 11.92 11.91 11.90 11.89 11.87 11.85 11.83 11.80 11.77 11.74 11.71 11.67 11.62 11.56 11.49 11.41 11.32 11.22 11.12 11.01 10.89 10.77 10.64 10.50 10.36 10.22 10.07 9.92 9.76 9.61 9.45 9.29 9.13 8.97 8.81 8.65 8.49 8.33 8.16 8.00 7.83 7.66 7.49 7.32 7.15 6.97 6.79 6.60 6.42 6.24 6.06 5.89 5.73 5.58 5.43 5.28 5.15 5.02 4.89 4.77 4.65 4.54 4.43 4.33 4.23 4.14 4.04 3.95 3.87 3.78 3.70 3.63
11.58 11.64 11.69 11.73 11.77 11.79 11.81 11.82 11.83 11.82 11.82 11.80 11.79 11.77 11.74 11.71 11.68 11.65 11.62 11.58 11.54 11.48 11.42 11.35 11.27 11.18 11.08 10.98 10.87 10.76 10.63 10.51 10.37 10.24 10.10 9.95 9.81 9.66 9.51 9.36 9.21 9.06 8.91 8.76 8.60 8.45 8.30 8.15 7.99 7.83 7.68 7.51 7.35 7.19 7.02 6.85 6.67 6.50 6.32 6.14 5.97 5.81 5.65 5.50 5.36 5.22 5.09 4.96 4.84 4.72 4.60 4.49 4.39 4.29 4.19 4.09 4.00 3.91 3.82 3.74 3.67
11.52 11.57 11.62 11.66 11.69 11.71 11.72 11.73 11.73 11.72 11.71 11.70 11.68 11.65 11.62 11.59 11.56 11.52 11.48 11.44 11.40 11.34 11.28 11.20 11.12 11.03 10.94 10.83 10.72 10.61 10.49 10.37 10.24 10.10 9.97 9.83 9.69 9.54 9.40 9.26 9.12 8.98 8.84 8.69 8.55 8.41 8.27 8.12 7.97 7.83 7.68 7.53 7.37 7.22 7.06 6.90 6.73 6.57 6.39 6.22 6.05 5.89 5.73 5.58 5.43 5.29 5.16 5.03 4.90 4.78 4.67 4.55 4.45 4.34 4.24 4.14 4.05 3.96 3.87 3.78 3.70
11.45 11.49 11.54 11.57 11.60 11.61 11.62 11.63 11.62 11.62 11.60 11.58 11.56 11.53 11.50 11.46 11.42 11.38 11.34 11.30 11.25 11.19 11.12 11.05 10.97 10.88 10.78 10.68 10.57 10.46 10.34 10.22 10.09 9.96 9.83 9.70 9.56 9.43 9.29 9.16 9.02 8.89 8.76 8.63 8.49 8.36 8.22 8.09 7.95 7.81 7.67 7.53 7.39 7.24 7.09 6.94 6.78 6.62 6.46 6.30 6.13 5.96 5.81 5.65 5.51 5.36 5.23 5.10 4.97 4.85 4.73 4.62 4.51 4.40 4.30 4.19 4.10 4.00 3.91 3.83 3.74
11.38 11.42 11.45 11.48 11.50 11.51 11.52 11.52 11.51 11.50 11.48 11.46 11.43 11.40 11.36 11.32 11.28 11.24 11.19 11.15 11.09 11.03 10.96 10.89 10.80 10.71 10.62 10.52 10.41 10.30 10.18 10.06 9.94 9.81 9.69 9.56 9.43 9.30 9.18 9.05 8.93 8.80 8.68 8.55 8.43 8.30 8.18 8.05 7.92 7.79 7.66 7.52 7.39 7.25 7.11 6.97 6.82 6.67 6.52 6.36 6.20 6.04 5.88 5.73 5.58 5.44 5.30 5.16 5.04 4.91 4.79 4.68 4.56 4.46 4.35 4.25 4.15 4.05 3.96 3.87 3.78
11.30 11.33 11.36 11.38 11.40 11.41 11.41 11.41 11.40 11.38 11.36 11.33 11.30 11.26 11.22 11.18 11.14 11.09 11.04 10.99 10.93 10.87 10.80 10.72 10.64 10.54 10.45 10.35 10.24 10.13 10.02 9.90 9.78 9.66 9.54 9.41 9.29 9.17 9.06 8.94 8.82 8.71 8.59 8.47 8.36 8.24 8.12 8.00 7.88 7.76 7.64 7.51 7.38 7.26 7.12 6.99 6.85 6.71 6.57 6.42 6.27 6.12 5.96 5.80 5.65 5.51 5.37 5.23 5.10 4.98 4.86 4.74 4.63 4.51 4.41 4.30 4.20 4.10 4.00 3.91 3.83
11.22 11.25 11.27 11.28 11.29 11.30 11.30 11.29 11.27 11.25 11.23 11.20 11.16 11.12 11.08 11.03 10.98 10.93 10.88 10.83 10.77 10.70 10.63 10.55 10.46 10.37 10.27 10.17 10.07 9.96 9.85 9.73 9.62 9.50 9.38 9.27 9.16 9.04 8.93 8.82 8.71 8.60 8.50 8.39 8.28 8.17 8.06 7.95 7.84 7.72 7.61 7.49 7.37 7.25 7.13 7.00 6.88 6.74 6.61 6.47 6.33 6.18 6.03 5.88 5.73 5.58 5.44 5.31 5.17 5.05 4.92 4.80 4.69 4.57 4.46 4.36 4.25 4.15 4.05 3.96 3.87
11.14 11.16 11.17 11.18 11.18 11.18 11.18 11.16 11.15 11.12 11.09 11.06 11.02 10.97 10.93 10.88 10.83 10.77 10.72 10.66 10.60 10.53 10.45 10.37 10.28 10.19 10.09 9.99 9.89 9.78 9.67 9.56 9.45 9.34 9.23 9.12 9.01 8.91 8.81 8.70 8.60 8.50 8.40 8.30 8.20 8.10 7.99 7.89 7.79 7.68 7.57 7.47 7.35 7.24 7.13 7.01 6.89 6.77 6.64 6.51 6.38 6.24 6.10 5.95 5.80 5.66 5.51 5.38 5.24 5.11 4.99 4.87 4.75 4.63 4.52 4.41 4.31 4.20 4.10 4.01 3.92
11.05 11.07 11.07 11.08 11.07 11.07 11.05 11.04 11.01 10.99 10.95 10.91 10.87 10.82 10.77 10.72 10.66 10.61 10.55 10.49 10.42 10.35 10.27 10.19 10.10 10.01 9.91 9.81 9.71 9.60 9.49 9.38 9.28 9.17 9.07 8.97 8.87 8.77 8.68 8.58 8.49 8.39 8.30 8.21 8.11 8.02 7.92 7.83 7.73 7.63 7.53 7.43 7.33 7.23 7.12 7.01 6.90 6.78 6.66 6.54 6.42 6.29 6.16 6.02 5.88 5.73 5.59 5.45 5.31 5.18 5.06 4.93 4.81 4.70 4.58 4.47 4.36 4.25 4.15 4.05 3.96
10.96 10.97 10.97 10.97 10.96 10.95 10.93 10.91 10.88 10.85 10.81 10.77 10.72 10.67 10.61 10.56 10.50 10.44 10.37 10.31 10.24 10.16 10.08 10.00 9.91 9.82 9.72 9.62 9.52 9.41 9.31 9.21 9.11 9.01 8.91 8.82 8.73 8.64 8.55 8.46 8.37 8.28 8.20 8.11 8.02 7.94 7.85 7.76 7.67 7.58 7.49 7.40 7.30 7.20 7.10 7.00 6.90 6.79 6.68 6.57 6.45 6.33 6.20 6.07 5.94 5.80 5.66 5.52 5.38 5.25 5.12 5.00 4.88 4.76 4.64 4.53 4.42 4.31 4.20 4.10 4.01
10.87 10.87 10.87 10.86 10.84 10.82 10.80 10.77 10.74 10.70 10.66 10.62 10.56 10.51 10.45 10.39 10.33 10.26 10.20 10.13 10.06 9.98 9.90 9.81 9.72 9.62 9.53 9.43 9.33 9.23 9.13 9.03 8.94 8.84 8.76 8.67 8.58 8.50 8.41 8.33 8.25 8.17 8.09 8.01 7.93 7.85 7.77 7.69 7.61 7.52 7.44 7.35 7.26 7.18 7.08 6.99 6.89 6.79 6.69 6.58 6.47 6.36 6.24 6.12 6.00 5.87 5.73 5.59 5.46 5.32 5.19 5.07 4.94 4.82 4.70 4.59 4.47 4.36 4.26 4.15 4.06
10.78 10.77 10.76 10.75 10.73 10.70 10.67 10.64 10.60 10.56 10.51 10.46 10.41 10.35 10.29 10.22 10.16 10.09 10.02 9.94 9.87 9.79 9.70 9.62 9.52 9.43 9.33 9.23 9.13 9.04 8.94 8.85 8.77 8.68 8.60 8.52 8.44 8.36 8.28 8.21 8.13 8.06 7.98 7.91 7.84 7.76 7.69 7.61 7.54 7.46 7.39 7.31 7.23 7.14 7.06 6.97 6.88 6.79 6.69 6.59 6.49 6.39 6.28 6.16 6.05 5.92 5.80 5.67 5.53 5.39 5.26 5.13 5.01 4.89 4.77 4.65 4.53 4.42 4.31 4.21 4.11
10.68 10.67 10.65 10.63 10.61 10.58 10.54 10.50 10.46 10.41 10.36 10.31 10.25 10.19 10.12 10.05 9.98 9.91 9.83 9.76 9.68 9.60 9.51 9.42 9.33 9.23 9.13 9.04 8.94 8.85 8.76 8.68 8.60 8.52 8.44 8.37 8.29 8.22 8.15 8.08 8.01 7.94 7.87 7.81 7.74 7.67 7.61 7.54 7.47 7.40 7.33 7.26 7.18 7.11 7.03 6.95 6.86 6.78 6.69 6.60 6.50 6.41 6.30 6.20 6.09 5.97 5.85 5.73 5.60 5.47 5.33 5.20 5.08 4.95 4.83 4.71 4.59 4.48 4.37 4.26 4.16
10.58 10.57 10.54 10.52 10.48 10.45 10.41 10.36 10.32 10.26 10.21 10.15 10.09 10.02 9.95 9.88 9.80 9.73 9.65 9.57 9.49 9.40 9.31 9.22 9.13 9.03 8.94 8.84 8.76 8.67 8.59 8.51 8.43 8.36 8.28 8.21 8.15 8.08 8.02 7.95 7.89 7.83 7.76 7.70 7.64 7.58 7.52 7.46 7.40 7.33 7.27 7.20 7.13 7.06 6.99 6.92 6.84 6.76 6.68 6.60 6.51 6.42 6.32 6.22 6.12 6.01 5.90 5.79 5.66 5.54 5.40 5.27 5.14 5.02 4.89 4.77 4.65 4.54 4.42 4.32 4.22
10.48 10.46 10.43 10.40 10.36 10.32 10.27 10.23 10.17 10.12 10.06 9.99 9.93 9.86 9.78 9.71 9.63 9.55 9.47 9.38 9.30 9.21 9.12 9.02 8.93 8.83 8.74 8.66 8.57 8.49 8.41 8.34 8.27 8.20 8.13 8.07 8.00 7.94 7.88 7.82 7.77 7.71 7.65 7.60 7.54 7.49 7.43 7.38 7.32 7.26 7.20 7.14 7.08 7.02 6.95 6.89 6.82 6.75 6.67 6.59 6.51 6.43 6.34 6.25 6.15 6.05 5.94 5.83 5.72 5.60 5.47 5.34 5.21 5.09 4.96 4.84 4.72 4.60 4.48 4.37 4.27
10.38 10.35 10.32 10.28 10.24 10.19 10.14 10.09 10.03 9.97 9.90 9.83 9.76 9.69 9.61 9.53 9.45 9.37 9.28 9.19 9.11 9.01 8.92 8.83 8.73 8.64 8.55 8.47 8.39 8.31 8.24 8.17 8.11 8.04 7.98 7.92 7.86 7.81 7.75 7.70 7.65 7.60 7.54 7.49 7.44 7.40 7.35 7.29 7.24 7.19 7.14 7.09 7.03 6.97 6.91 6.85 6.79 6.72 6.65 6.58 6.51 6.43 6.35 6.26 6.17 6.08 5.98 5.88 5.77 5.66 5.54 5.41 5.29 5.16 5.03 4.90 4.78 4.66 4.54 4.43 4.33
10.27 10.24 10.20 10.16 10.11 10.06 10.00 9.95 9.88 9.82 9.75 9.68 9.60 9.52 9.44 9.36 9.27 9.19 9.10 9.01 8.91 8.82 8.72 8.63 8.54 8.45 8.37 8.29 8.21 8.14 8.07 8.01 7.95 7.89 7.83 7.78 7.72 7.67 7.62 7.57 7.53 7.48 7.44 7.39 7.35 7.30 7.26 7.21 7.17 7.12 7.07 7.03 6.98 6.92 6.87 6.82 6.76 6.70 6.64 6.57 6.50 6.43 6.35 6.27 6.19 6.10 6.01 5.91 5.81 5.71 5.59 5.48 5.35 5.23 5.10 4.97 4.85 4.72 4.61 4.49 4.39
10.17 10.13 10.08 10.04 9.98 9.93 9.87 9.80 9.74 9.67 9.59 9.52 9.44 9.36 9.27 9.19 9.10 9.01 8.91 8.82 8.72 8.63 8.53 8.44 8.35 8.27 8.19 8.11 8.04 7.98 7.91 7.85 7.79 7.74 7.69 7.63 7.59 7.54 7.49 7.45 7.41 7.37 7.33 7.29 7.25 7.21 7.17 7.13 7.09 7.05 7.01 6.96 6.92 6.87 6.83 6.78 6.72 6.67 6.61 6.55 6.49 6.42 6.35 6.28 6.20 6.12 6.04 5.95 5.85 5.75 5.65 5.53 5.42 5.30 5.17 5.04 4.91 4.79 4.67 4.56 4.45
10.06 10.01 9.97 9.91 9.85 9.79 9.73 9.66 9.59 9.52 9.44 9.36 9.28 9.19 9.10 9.01 8.92 8.83 8.73 8.63 8.53 8.44 8.34 8.25 8.17 8.09 8.02 7.95 7.88 7.81 7.75 7.70 7.64 7.59 7.54 7.50 7.45 7.41 7.37 7.33 7.29 7.26 7.22 7.19 7.15 7.12 7.08 7.05 7.01 6.98 6.94 6.90 6.86 6.82 6.78 6.73 6.69 6.64 6.59 6.53 6.48 6.42 6.35 6.28 6.21 6.14 6.06 5.97 5.88 5.79 5.69 5.59 5.48 5.36 5.24 5.11 4.98 4.86 4.74 4.62 4.51
9.95 9.90 9.85 9.79 9.73 9.66 9.59 9.52 9.45 9.37 9.29 9.20 9.12 9.03 8.94 8.84 8.75 8.65 8.55 8.45 8.35 8.25 8.16 8.08 8.00 7.92 7.85 7.78 7.72 7.66 7.60 7.55 7.50 7.45 7.41 7.36 7.32 7.29 7.25 7.22 7.18 7.15 7.12 7.09 7.06 7.03 7.00 6.97 6.94 6.90 6.87 6.84 6.80 6.77 6.73 6.69 6.65 6.61 6.56 6.51 6.46 6.40 6.35 6.28 6.22 6.15 6.07 6.00 5.91 5.82 5.73 5.63 5.53 5.42 5.30 5.18 5.05 4.93 4.80 4.69 4.58
