data_processed/recharge/precip/Precip_2004_08.asc
ncols        168
nrows        136
xllcorner    455000
yllcorner    2107000
cellsize     500
NODATA_value     -99999
[rows 64 to 95 of 136, columns 73 to 145 of 168]
119.28 116.33 114.26 113.10 112.76 113.16 114.22 115.84 117.94 120.35 122.80 125.17 127.44 129.58 131.55 133.34 134.91 136.24 137.28 137.90 137.98 137.53 136.56 135.08 133.10 130.63 127.70 124.42 120.95 117.33 113.62 109.87 106.11 102.40 98.80 95.44 92.43 89.80 87.56 85.72 84.27 83.24 82.61 82.40 82.69 83.61 85.18 87.31 89.92 92.93 96.25 99.82 103.39 106.31 108.39 109.72 110.35 110.34 109.77 108.69 107.24 105.72 104.24 102.82 101.47 100.19 98.98 97.86 96.84 95.92 95.19 94.70 94.42
119.29 116.14 113.88 112.54 112.03 112.28 113.19 114.68 116.66 119.04 121.67 124.29 126.79 129.15 131.34 133.34 135.10 136.59 137.67 138.19 138.18 137.62 136.55 134.96 132.88 130.31 127.27 123.89 120.32 116.62 112.83 108.99 105.17 101.40 97.73 94.21 90.99 88.16 85.75 83.77 82.23 81.12 80.46 80.32 80.87 82.11 83.97 86.36 89.20 92.41 95.91 99.61 103.30 106.32 108.51 109.94 110.66 110.74 110.25 109.25 107.81 106.05 104.25 102.51 100.85 99.28 97.80 96.42 95.16 94.11 93.34 92.84 92.54
119.30 115.99 113.58 112.10 111.47 111.60 112.41 113.80 115.70 118.01 120.65 123.46 126.23 128.84 131.26 133.48 135.45 136.99 137.98 138.41 138.29 137.64 136.46 134.77 132.59 129.92 126.78 123.30 119.64 115.85 111.98 108.07 104.18 100.35 96.63 93.06 89.70 86.68 84.09 81.97 80.31 79.13 78.50 78.60 79.45 80.96 83.06 85.67 88.69 92.05 95.68 99.48 103.23 106.31 108.56 110.03 110.80 110.93 110.48 109.51 108.09 106.29 104.24 102.16 100.18 98.29 96.51 94.85 93.43 92.35 91.57 91.05 90.74
119.33 115.90 113.38 111.80 111.08 111.13 111.87 113.20 115.05 117.33 119.95 122.82 125.80 128.68 131.37 133.81 135.84 137.31 138.20 138.53 138.32 137.57 136.30 134.51 132.23 129.46 126.23 122.65 118.90 115.03 111.09 107.12 103.16 99.28 95.50 91.89 88.49 85.35 82.59 80.32 78.54 77.35 76.94 77.32 78.42 80.16 82.46 85.23 88.39 91.86 95.56 99.41 103.18 106.27 108.53 110.00 110.77 110.89 110.43 109.45 108.02 106.19 104.05 101.70 99.36 97.13 95.04 93.21 91.75 90.65 89.86 89.33 89.00
119.38 115.86 113.27 111.63 110.85 110.86 111.57 112.89 114.73 117.01 119.64 122.54 125.61 128.73 131.68 134.21 136.17 137.54 138.34 138.58 138.28 137.44 136.07 134.19 131.82 128.95 125.62 121.96 118.12 114.18 110.16 106.12 102.11 98.17 94.35 90.70 87.27 84.10 81.24 78.81 76.99 76.00 75.85 76.47 77.78 79.70 82.14 85.03 88.28 91.81 95.54 99.38 103.13 106.19 108.40 109.84 110.56 110.62 110.10 109.06 107.57 105.68 103.45 100.97 98.34 95.76 93.47 91.60 90.13 89.02 88.22 87.67 87.33
119.44 115.88 113.25 111.58 110.80 110.80 111.52 112.85 114.73 117.05 119.73 122.69 125.84 129.07 132.07 134.54 136.41 137.69 138.41 138.56 138.16 137.23 135.78 133.81 131.34 128.39 124.97 121.22 117.30 113.28 109.19 105.10 101.03 97.04 93.18 89.50 86.03 82.84 79.96 77.55 75.91 75.15 75.23 76.04 77.51 79.56 82.10 85.06 88.35 91.89 95.60 99.40 103.08 106.05 108.18 109.52 110.14 110.11 109.49 108.34 106.73 104.72 102.38 99.77 96.98 94.25 91.93 90.05 88.57 87.45 86.63 86.07 85.72
119.51 115.95 113.32 111.67 110.91 110.95 111.71 113.10 115.04 117.44 120.22 123.28 126.51 129.65 132.44 134.78 136.57 137.77 138.40 138.46 137.98 136.97 135.43 133.37 130.82 127.78 124.27 120.44 116.44 112.35 108.20 104.04 99.92 95.89 92.00 88.28 84.79 81.58 78.79 76.68 75.36 74.82 75.06 76.01 77.60 79.73 82.33 85.31 88.60 92.10 95.75 99.45 103.01 105.85 107.84 109.04 109.52 109.35 108.57 107.27 105.50 103.33 100.82 98.06 95.27 92.71 90.43 88.54 87.05 85.92 85.09 84.52 84.16
119.60 116.07 113.48 111.88 111.18 111.30 112.15 113.64 115.68 118.20 121.10 124.27 127.43 130.31 132.84 134.98 136.65 137.77 138.32 138.30 137.74 136.64 135.02 132.88 130.25 127.13 123.53 119.62 115.55 111.39 107.18 102.97 98.80 94.73 90.80 87.05 83.54 80.42 77.96 76.26 75.27 74.96 75.34 76.39 78.04 80.21 82.81 85.77 89.00 92.43 95.96 99.52 102.91 105.58 107.38 108.40 108.69 108.32 107.34 105.84 103.86 101.48 98.78 96.00 93.41 91.05 88.93 87.08 85.59 84.45 83.61 83.03 82.66
119.71 116.25 113.74 112.23 111.63 111.86 112.83 114.45 116.64 119.31 122.35 125.45 128.35 130.97 133.26 135.18 136.68 137.70 138.17 138.08 137.44 136.27 134.56 132.35 129.63 126.43 122.76 118.77 114.63 110.40 106.14 101.87 97.67 93.55 89.59 85.82 82.40 79.63 77.60 76.26 75.58 75.53 76.05 77.16 78.83 80.98 83.54 86.43 89.56 92.86 96.23 99.60 102.78 105.22 106.79 107.58 107.63 107.01 105.80 104.04 101.81 99.19 96.45 93.87 91.48 89.31 87.35 85.63 84.16 83.01 82.17 81.58 81.20
119.84 116.49 114.10 112.71 112.25 112.63 113.76 115.55 117.93 120.76 123.74 126.58 129.22 131.59 133.66 135.38 136.71 137.59 137.97 137.80 137.09 135.84 134.06 131.77 128.98 125.70 121.95 117.89 113.69 109.40 105.08 100.77 96.52 92.37 88.39 84.71 81.66 79.33 77.68 76.68 76.28 76.44 77.13 78.29 79.94 82.04 84.51 87.28 90.27 93.38 96.55 99.69 102.59 104.76 106.06 106.56 106.33 105.43 103.92 101.86 99.35 96.68 94.12 91.73 89.53 87.52 85.72 84.12 82.75 81.62 80.77 80.17 79.79
119.99 116.78 114.54 113.32 113.04 113.61 114.93 116.94 119.50 122.29 125.01 127.59 129.97 132.13 134.00 135.54 136.70 137.44 137.72 137.47 136.69 135.36 133.52 131.15 128.29 124.94 121.12 116.99 112.72 108.38 104.01 99.65 95.37 91.19 87.30 84.01 81.42 79.50 78.21 77.51 77.35 77.70 78.51 79.75 81.37 83.37 85.71 88.31 91.10 93.99 96.90 99.76 102.35 104.20 105.18 105.35 104.79 103.55 101.69 99.32 96.73 94.22 91.87 89.66 87.63 85.76 84.09 82.60 81.32 80.25 79.41 78.80 78.41
120.15 117.13 115.08 114.07 114.00 114.79 116.36 118.57 121.10 123.63 126.08 128.41 130.58 132.52 134.21 135.59 136.61 137.23 137.41 137.09 136.24 134.85 132.93 130.51 127.57 124.15 120.26 116.06 111.74 107.34 102.93 98.53 94.21 90.14 86.64 83.84 81.68 80.14 79.17 78.73 78.78 79.28 80.19 81.46 83.07 84.96 87.12 89.51 92.06 94.68 97.29 99.81 102.05 103.52 104.13 103.93 102.98 101.36 99.15 96.66 94.24 91.93 89.76 87.72 85.82 84.08 82.51 81.11 79.90 78.88 78.07 77.47 77.07
120.34 117.54 115.72 114.95 115.13 116.19 117.99 120.19 122.45 124.71 126.91 129.02 130.97 132.74 134.26 135.49 136.39 136.92 137.01 136.64 135.74 134.30 132.32 129.83 126.83 123.34 119.39 115.13 110.75 106.30 101.84 97.41 93.19 89.53 86.54 84.19 82.44 81.24 80.56 80.35 80.57 81.19 82.15 83.43 84.98 86.76 88.73 90.87 93.12 95.42 97.68 99.82 101.66 102.72 102.91 102.29 100.92 98.89 96.54 94.22 91.99 89.86 87.84 85.94 84.17 82.54 81.05 79.72 78.56 77.57 76.77 76.17 75.76
120.54 118.00 116.46 115.96 116.44 117.76 119.55 121.48 123.48 125.48 127.46 129.35 131.12 132.72 134.09 135.20 136.00 136.44 136.48 136.07 135.15 133.70 131.68 129.12 126.06 122.52 118.50 114.18 109.75 105.26 100.76 96.43 92.64 89.51 87.00 85.07 83.68 82.79 82.36 82.34 82.71 83.40 84.40 85.65 87.11 88.74 90.51 92.37 94.29 96.22 98.09 99.80 101.19 101.79 101.51 100.41 98.60 96.41 94.22 92.10 90.04 88.07 86.19 84.41 82.74 81.19 79.77 78.48 77.35 76.37 75.57 74.93 74.49
120.77 118.53 117.29 117.11 117.88 119.20 120.73 122.39 124.13 125.90 127.66 129.37 130.97 132.41 133.66 134.67 135.39 135.76 135.76 135.33 134.42 132.98 130.98 128.40 125.28 121.68 117.60 113.23 108.74 104.21 99.82 95.94 92.70 90.07 88.00 86.46 85.40 84.78 84.57 84.71 85.18 85.93 86.91 88.09 89.43 90.89 92.42 93.99 95.55 97.07 98.49 99.73 100.61 100.71 99.91 98.33 96.33 94.30 92.30 90.34 88.44 86.61 84.84 83.16 81.57 80.09 78.71 77.45 76.33 75.34 74.51 73.83 73.32
121.02 119.11 118.22 118.36 119.14 120.19 121.45 122.85 124.35 125.91 127.48 129.02 130.47 131.78 132.93 133.85 134.50 134.83 134.81 134.37 133.48 132.09 130.15 127.62 124.49 120.83 116.70 112.27 107.75 103.32 99.39 96.08 93.37 91.20 89.54 88.35 87.59 87.21 87.18 87.45 87.98 88.74 89.68 90.76 91.95 93.19 94.45 95.69 96.87 97.94 98.87 99.59 99.93 99.47 98.15 96.36 94.50 92.66 90.83 89.02 87.26 85.53 83.87 82.26 80.74 79.29 77.94 76.69 75.55 74.54 73.65 72.90 72.31
121.29 119.76 119.20 119.37 119.88 120.66 121.66 122.82 124.11 125.47 126.87 128.25 129.57 130.78 131.83 132.69 133.29 133.60 133.57 133.15 132.30 130.97 129.12 126.69 123.64 119.97 115.79 111.32 106.90 102.96 99.62 96.86 94.63 92.89 91.61 90.73 90.23 90.06 90.17 90.53 91.10 91.84 92.70 93.65 94.64 95.64 96.59 97.47 98.23 98.84 99.24 99.39 99.13 98.10 96.54 94.90 93.23 91.55 89.86 88.19 86.54 84.91 83.32 81.77 80.29 78.86 77.51 76.25 75.08 74.01 73.06 72.22 71.52
121.58 120.41 119.90 119.80 120.03 120.55 121.31 122.25 123.34 124.53 125.77 127.02 128.23 129.35 130.33 131.14 131.72 132.02 132.01 131.63 130.83 129.58 127.83 125.52 122.61 119.07 114.90 110.53 106.61 103.28 100.51 98.26 96.48 95.14 94.19 93.60 93.32 93.32 93.55 93.97 94.54 95.22 95.97 96.74 97.51 98.22 98.84 99.32 99.63 99.73 99.56 99.10 98.24 96.95 95.53 94.06 92.56 91.02 89.47 87.91 86.34 84.79 83.25 81.75 80.28 78.85 77.49 76.19 74.96 73.82 72.78 71.84 71.01
121.97 120.90 120.13 119.74 119.71 119.98 120.51 121.25 122.16 123.19 124.29 125.41 126.52 127.56 128.49 129.26 129.83 130.14 130.16 129.83 129.11 127.95 126.31 124.14 121.39 118.02 114.05 110.15 106.86 104.12 101.87 100.09 98.73 97.75 97.11 96.77 96.68 96.81 97.11 97.55 98.09 98.68 99.28 99.85 100.35 100.75 100.99 101.04 100.87 100.41 99.65 98.56 97.37 96.19 94.96 93.66 92.30 90.90 89.46 87.99 86.50 85.01 83.51 82.03 80.56 79.12 77.72 76.37 75.08 73.85 72.70 71.63 70.66
122.50 121.40 120.45 119.79 119.48 119.50 119.79 120.33 121.05 121.91 122.86 123.87 124.87 125.83 126.70 127.43 127.98 128.30 128.34 128.06 127.41 126.34 124.81 122.77 120.17 117.00 113.32 109.81 107.04 104.84 103.09 101.74 100.76 100.10 99.72 99.59 99.65 99.87 100.22 100.64 101.10 101.55 101.97 102.29 102.50 102.53 102.36 101.95 101.24 100.20 98.83 97.36 96.12 95.03 93.97 92.84 91.63 90.36 89.03 87.66 86.25 84.81 83.36 81.90 80.43 78.98 77.55 76.15 74.79 73.47 72.22 71.03 69.92
123.06 121.93 120.93 120.09 119.51 119.27 119.33 119.64 120.16 120.85 121.65 122.52 123.41 124.28 125.08 125.76 126.28 126.59 126.65 126.40 125.80 124.81 123.38 121.47 119.04 116.13 112.76 109.53 107.07 105.30 103.99 103.04 102.39 102.01 101.86 101.89 102.06 102.34 102.68 103.04 103.38 103.67 103.85 103.89 103.75 103.39 102.77 101.84 100.56 98.93 97.19 95.67 94.42 93.33 92.34 91.37 90.33 89.19 87.99 86.72 85.39 84.02 82.61 81.18 79.73 78.27 76.82 75.37 73.95 72.55 71.20 69.90 68.65
123.63 122.47 121.44 120.55 119.80 119.30 119.10 119.19 119.50 120.00 120.63 121.36 122.13 122.89 123.61 124.24 124.72 125.01 125.07 124.85 124.30 123.38 122.04 120.26 118.05 115.42 112.35 109.39 107.13 105.58 104.61 104.00 103.65 103.51 103.54 103.69 103.93 104.22 104.52 104.78 104.97 105.04 104.95 104.67 104.15 103.35 102.23 100.75 98.89 96.91 95.11 93.59 92.33 91.23 90.24 89.35 88.45 87.46 86.38 85.22 83.99 82.69 81.34 79.94 78.51 77.05 75.58 74.10 72.62 71.15 69.71 68.29 66.92
124.19 123.01 121.95 121.03 120.23 119.56 119.12 118.96 119.06 119.36 119.81 120.38 121.02 121.68 122.30 122.86 123.29 123.56 123.61 123.41 122.90 122.03 120.79 119.20 117.23 114.85 112.06 109.37 107.30 105.87 105.02 104.65 104.56 104.61 104.78 105.02 105.29 105.56 105.77 105.89 105.88 105.70 105.30 104.65 103.70 102.42 100.76 98.72 96.52 94.49 92.69 91.17 89.91 88.81 87.81 86.91 86.07 85.23 84.28 83.24 82.10 80.88 79.59 78.24 76.83 75.38 73.89 72.38 70.86 69.32 67.80 66.28 64.79
124.75 123.54 122.46 121.50 120.67 119.95 119.35 118.96 118.83 118.92 119.19 119.60 120.09 120.62 121.15 121.62 122.00 122.23 122.26 122.06 121.58 120.79 119.70 118.30 116.55 114.42 111.90 109.46 107.57 106.23 105.42 105.09 105.13 105.35 105.62 105.90 106.16 106.35 106.44 106.38 106.13 105.65 104.91 103.85 102.44 100.63 98.43 96.05 93.81 91.78 90.00 88.47 87.21 86.11 85.10 84.19 83.35 82.56 81.74 80.82 79.79 78.66 77.44 76.13 74.76 73.32 71.83 70.29 68.73 67.14 65.53 63.92 62.48
125.29 124.06 122.96 121.98 121.12 120.37 119.71 119.17 118.80 118.68 118.75 118.98 119.32 119.72 120.14 120.52 120.83 121.01 121.02 120.82 120.37 119.69 118.76 117.54 116.01 114.11 111.84 109.63 107.90 106.66 105.86 105.48 105.47 105.73 106.06 106.35 106.56 106.64 106.56 106.28 105.75 104.94 103.80 102.29 100.38 98.04 95.51 93.09 90.86 88.85 87.07 85.55 84.30 83.19 82.18 81.25 80.40 79.60 78.84 78.04 77.11 76.08 74.93 73.68 72.34 70.93 69.44 67.89 66.29 64.64 62.97 61.44 60.61
125.82 124.57 123.45 122.45 121.56 120.77 120.09 119.49 118.98 118.63 118.50 118.55 118.72 118.98 119.27 119.56 119.78 119.91 119.88 119.68 119.31 118.75 117.97 116.92 115.58 113.90 111.88 109.88 108.30 107.13 106.34 105.89 105.74 105.86 106.15 106.40 106.51 106.44 106.16 105.61 104.76 103.57 102.00 100.00 97.57 94.92 92.36 89.96 87.74 85.74 83.97 82.46 81.21 80.11 79.09 78.16 77.30 76.48 75.71 74.95 74.14 73.20 72.13 70.95 69.66 68.27 66.79 65.23 63.60 61.91 60.34 59.44 59.44
126.33 125.07 123.92 122.90 121.99 121.17 120.45 119.82 119.25 118.77 118.43 118.28 118.28 118.38 118.54 118.72 118.86 118.91 118.86 118.70 118.41 117.96 117.30 116.41 115.25 113.78 111.98 110.19 108.74 107.64 106.84 106.30 106.00 105.90 105.95 106.06 106.03 105.78 105.24 104.39 103.18 101.58 99.53 97.03 94.29 91.62 89.08 86.70 84.50 82.51 80.75 79.26 78.02 76.92 75.90 74.97 74.09 73.26 72.47 71.70 70.93 70.08 69.11 67.99 66.75 65.40 63.93 62.37 60.72 59.16 58.23 58.18 58.94
126.82 125.54 124.38 123.33 122.40 121.56 120.81 120.14 119.54 119.00 118.52 118.17 117.99 117.93 117.95 118.00 118.04 118.04 117.99 117.87 117.65 117.29 116.76 116.01 115.01 113.73 112.14 110.54 109.21 108.16 107.33 106.71 106.24 105.89 105.63 105.42 105.16 104.67 103.85 102.65 101.04 98.98 96.44 93.65 90.90 88.25 85.73 83.37 81.19 79.22 77.48 75.99 74.76 73.67 72.66 71.72 70.84 70.00 69.19 68.40 67.61 66.80 65.91 64.87 63.69 62.38 60.94 59.38 57.88 56.98 56.91 57.63 59.06
127.28 125.98 124.81 123.75 122.79 121.93 121.15 120.45 119.81 119.23 118.70 118.22 117.85 117.62 117.49 117.41 117.35 117.31 117.27 117.18 117.02 116.74 116.31 115.69 114.84 113.74 112.35 110.92 109.70 108.68 107.82 107.08 106.43 105.83 105.24 104.63 103.97 103.15 101.99 100.41 98.36 95.82 93.01 90.20 87.47 84.85 82.36 80.02 77.86 75.91 74.19 72.72 71.51 70.43 69.42 68.49 67.60 66.75 65.93 65.12 64.31 63.48 62.62 61.65 60.54 59.27 57.86 56.48 55.66 55.63 56.35 57.75 59.76
127.70 126.39 125.21 124.13 123.16 122.27 121.47 120.74 120.07 119.45 118.89 118.35 117.85 117.44 117.15 116.94 116.82 116.75 116.69 116.62 116.50 116.29 115.95 115.44 114.73 113.79 112.58 111.32 110.19 109.19 108.27 107.41 106.56 105.69 104.77 103.75 102.60 101.28 99.70 97.69 95.18 92.37 89.55 86.78 84.08 81.49 79.03 76.71 74.58 72.65 70.95 69.51 68.31 67.24 66.24 65.31 64.42 63.57 62.74 61.91 61.08 60.23 59.34 58.40 57.35 56.14 54.92 54.24 54.31 55.08 56.49 58.49 61.01
128.08 126.76 125.57 124.48 123.49 122.59 121.76 121.01 120.31 119.66 119.05 118.48 117.92 117.39 116.94 116.63 116.43 116.32 116.24 116.18 116.08 115.92 115.65 115.25 114.66 113.87 112.83 111.71 110.66 109.67 108.69 107.69 106.63 105.48 104.19 102.75 101.10 99.21 97.05 94.54 91.77 88.96 86.17 83.44 80.78 78.22 75.78 73.50 71.40 69.49 67.82 66.39 65.21 64.16 63.18 62.25 61.37 60.51 59.67 58.83 57.98 57.11 56.19 55.23 54.20 53.20 52.70 52.91 53.79 55.28 57.31 59.82 62.74
128.42 127.10 125.90 124.80 123.80 122.88 122.03 121.25 120.52 119.84 119.20 118.58 117.99 117.41 116.89 116.47 116.19 116.01 115.90 115.83 115.74 115.62 115.41 115.09 114.62 113.96 113.08 112.09 111.11 110.10 109.04 107.89 106.60 105.16 103.51 101.62 99.46 96.98 94.19 91.27 88.45 85.68 82.93 80.24 77.61 75.09 72.69 70.44 68.36 66.49 64.84 63.44 62.28 61.25 60.28 59.36 58.48 57.63 56.78 55.93 55.07 54.17 53.24 52.25 51.34 51.01 51.42 52.47 54.08 56.19 58.74 61.68 64.93
