data_processed/recharge/precip/Precip_1988_09.asc
ncols        168
nrows        136
xllcorner    455000
yllcorner    2107000
cellsize     500
NODATA_value     -99999
[rows 66 to 98 of 136, columns 74 to 147 of 168]
107.68 103.77 100.15 96.81 93.76 90.98 88.46 86.19 84.18 82.39 80.84 79.51 78.39 77.48 76.76 76.23 75.87 75.69 75.66 75.79 76.07 76.48 77.01 77.67 78.43 79.30 80.26 81.31 82.41 83.52 84.59 85.56 86.40 87.13 87.75 88.24 88.63 88.92 89.10 89.17 89.15 89.04 88.83 88.53 88.15 87.69 87.14 86.51 85.82 85.05 84.21 83.30 82.33 81.31 80.22 79.09 77.90 76.67 75.43 74.18 72.94 71.70 70.46 69.24 68.02 66.82 65.64 64.48 63.34 62.22 61.13 60.07 59.05 58.06
108.26 104.33 100.68 97.32 94.23 91.42 88.87 86.58 84.53 82.72 81.14 79.77 78.62 77.67 76.92 76.35 75.96 75.74 75.68 75.77 76.01 76.38 76.88 77.50 78.22 79.05 79.97 80.95 81.94 82.94 83.95 84.91 85.78 86.52 87.14 87.66 88.06 88.35 88.54 88.63 88.62 88.51 88.31 88.02 87.64 87.18 86.64 86.02 85.32 84.56 83.72 82.81 81.85 80.82 79.73 78.59 77.40 76.16 74.92 73.67 72.42 71.18 69.95 68.72 67.51 66.31 65.13 63.97 62.84 61.73 60.64 59.59 58.58 57.60
108.86 104.91 101.24 97.85 94.75 91.92 89.35 87.03 84.96 83.12 81.51 80.13 78.95 77.97 77.19 76.60 76.18 75.93 75.84 75.90 76.11 76.45 76.92 77.50 78.20 78.99 79.85 80.73 81.62 82.51 83.42 84.31 85.17 85.93 86.57 87.10 87.51 87.82 88.02 88.12 88.12 88.02 87.82 87.54 87.17 86.71 86.18 85.56 84.87 84.10 83.26 82.36 81.39 80.36 79.27 78.13 76.93 75.69 74.44 73.19 71.95 70.70 69.47 68.24 67.03 65.84 64.66 63.51 62.38 61.28 60.20 59.16 58.15 57.18
109.47 105.51 101.82 98.43 95.31 92.46 89.88 87.55 85.46 83.60 81.98 80.57 79.38 78.38 77.58 76.97 76.53 76.26 76.15 76.19 76.37 76.69 77.13 77.69 78.36 79.10 79.86 80.64 81.43 82.22 83.02 83.82 84.62 85.37 86.03 86.57 87.00 87.31 87.53 87.64 87.64 87.55 87.37 87.09 86.73 86.28 85.75 85.13 84.44 83.68 82.84 81.94 80.97 79.94 78.85 77.71 76.51 75.27 74.01 72.76 71.51 70.27 69.03 67.81 66.60 65.41 64.24 63.09 61.97 60.87 59.80 58.77 57.77 56.81
110.10 106.13 102.44 99.04 95.92 93.06 90.47 88.13 86.03 84.17 82.53 81.12 79.91 78.90 78.09 77.46 77.01 76.73 76.60 76.62 76.79 77.09 77.52 78.06 78.68 79.33 79.99 80.67 81.36 82.06 82.76 83.47 84.17 84.86 85.52 86.07 86.51 86.84 87.07 87.19 87.21 87.13 86.95 86.68 86.32 85.88 85.35 84.74 84.06 83.30 82.47 81.56 80.60 79.57 78.47 77.33 76.13 74.88 73.62 72.37 71.12 69.88 68.64 67.42 66.22 65.03 63.86 62.72 61.60 60.51 59.45 58.43 57.44 56.49
110.74 106.77 103.09 99.69 96.56 93.71 91.12 88.77 86.67 84.81 83.17 81.75 80.54 79.53 78.71 78.08 77.62 77.33 77.20 77.22 77.37 77.67 78.08 78.58 79.11 79.67 80.24 80.82 81.42 82.02 82.63 83.24 83.85 84.46 85.05 85.61 86.06 86.41 86.64 86.77 86.80 86.73 86.57 86.31 85.96 85.52 85.00 84.40 83.71 82.96 82.13 81.23 80.26 79.23 78.14 76.99 75.78 74.54 73.28 72.02 70.77 69.53 68.30 67.08 65.88 64.69 63.53 62.39 61.28 60.20 59.15 58.13 57.15 56.22
111.40 107.44 103.77 100.37 97.26 94.41 91.83 89.49 87.40 85.54 83.90 82.49 81.28 80.27 79.46 78.83 78.37 78.08 77.94 77.96 78.12 78.41 78.78 79.20 79.64 80.11 80.59 81.08 81.59 82.10 82.62 83.15 83.67 84.19 84.70 85.19 85.65 86.01 86.26 86.40 86.44 86.38 86.22 85.97 85.63 85.20 84.68 84.09 83.41 82.66 81.83 80.93 79.97 78.94 77.84 76.69 75.49 74.24 72.98 71.72 70.47 69.23 68.00 66.78 65.58 64.40 63.25 62.12 61.01 59.94 58.90 57.89 56.92 56.00
112.08 108.14 104.48 101.10 98.00 95.17 92.60 90.27 88.19 86.35 84.72 83.32 82.12 81.13 80.32 79.70 79.25 78.96 78.84 78.86 79.02 79.28 79.58 79.91 80.27 80.64 81.03 81.44 81.87 82.30 82.73 83.17 83.61 84.04 84.47 84.89 85.29 85.65 85.91 86.06 86.11 86.07 85.92 85.68 85.34 84.92 84.41 83.82 83.15 82.40 81.58 80.68 79.72 78.69 77.60 76.45 75.24 73.99 72.73 71.47 70.22 68.98 67.75 66.54 65.34 64.17 63.02 61.89 60.80 59.73 58.70 57.70 56.75 55.83
112.78 108.86 105.22 101.87 98.79 95.98 93.43 91.13 89.07 87.24 85.64 84.25 83.07 82.09 81.30 80.70 80.26 79.99 79.88 79.92 80.06 80.24 80.46 80.70 80.97 81.27 81.58 81.90 82.24 82.59 82.95 83.30 83.66 84.02 84.37 84.70 85.03 85.34 85.60 85.77 85.83 85.79 85.66 85.43 85.10 84.69 84.18 83.60 82.93 82.19 81.37 80.48 79.52 78.49 77.40 76.25 75.04 73.79 72.52 71.26 70.02 68.78 67.55 66.34 65.15 63.98 62.84 61.72 60.63 59.58 58.55 57.57 56.63 55.72
113.49 109.60 106.00 102.68 99.63 96.85 94.32 92.05 90.02 88.22 86.64 85.28 84.13 83.17 82.41 81.82 81.41 81.17 81.08 81.09 81.16 81.27 81.40 81.57 81.76 81.97 82.20 82.45 82.71 82.99 83.26 83.55 83.83 84.11 84.38 84.64 84.90 85.13 85.35 85.52 85.59 85.57 85.44 85.22 84.90 84.50 84.00 83.42 82.76 82.02 81.21 80.32 79.36 78.34 77.25 76.10 74.89 73.63 72.37 71.11 69.87 68.63 67.41 66.20 65.02 63.85 62.72 61.61 60.53 59.48 58.47 57.49 56.56 55.67
114.23 110.38 106.81 103.53 100.52 97.77 95.28 93.05 91.05 89.28 87.74 86.41 85.29 84.37 83.63 83.08 82.70 82.48 82.38 82.33 82.32 82.35 82.41 82.50 82.62 82.75 82.91 83.09 83.27 83.47 83.68 83.89 84.10 84.30 84.51 84.70 84.88 85.05 85.20 85.32 85.40 85.39 85.27 85.06 84.75 84.36 83.87 83.30 82.64 81.91 81.10 80.22 79.26 78.24 77.15 76.00 74.79 73.54 72.27 71.02 69.77 68.54 67.32 66.12 64.94 63.78 62.65 61.55 60.48 59.44 58.44 57.48 56.56 55.68
114.99 111.18 107.66 104.42 101.46 98.75 96.31 94.11 92.16 90.43 88.93 87.64 86.56 85.68 84.98 84.47 84.12 83.90 83.74 83.62 83.54 83.49 83.48 83.49 83.54 83.60 83.69 83.80 83.91 84.04 84.18 84.32 84.46 84.60 84.74 84.87 84.98 85.08 85.17 85.23 85.26 85.25 85.15 84.95 84.65 84.26 83.79 83.22 82.58 81.85 81.04 80.16 79.21 78.19 77.11 75.96 74.75 73.49 72.23 70.97 69.73 68.50 67.28 66.09 64.91 63.76 62.64 61.55 60.49 59.46 58.47 57.52 56.61 55.77
115.77 112.02 108.55 105.36 102.45 99.80 97.40 95.26 93.35 91.67 90.22 88.98 87.95 87.11 86.46 85.99 85.64 85.36 85.13 84.94 84.79 84.67 84.59 84.54 84.52 84.52 84.54 84.58 84.63 84.69 84.77 84.84 84.92 85.00 85.07 85.13 85.19 85.23 85.25 85.25 85.23 85.18 85.08 84.89 84.60 84.22 83.76 83.20 82.56 81.84 81.04 80.16 79.22 78.20 77.12 75.97 74.76 73.51 72.24 70.99 69.75 68.52 67.31 66.12 64.95 63.81 62.69 61.61 60.56 59.54 58.56 57.63 56.75 56.02
116.58 112.88 109.47 106.35 103.49 100.90 98.56 96.47 94.62 93.00 91.61 90.42 89.44 88.66 88.06 87.59 87.20 86.85 86.55 86.29 86.08 85.90 85.75 85.64 85.55 85.49 85.45 85.42 85.41 85.42 85.43 85.44 85.46 85.48 85.49 85.50 85.49 85.48 85.44 85.39 85.31 85.20 85.07 84.88 84.60 84.24 83.78 83.23 82.60 81.88 81.09 80.22 79.28 78.26 77.18 76.04 74.83 73.58 72.32 71.07 69.83 68.60 67.40 66.21 65.05 63.92 62.81 61.73 60.69 59.69 58.72 57.82 57.05 56.48
117.41 113.78 110.44 107.38 104.59 102.06 99.79 97.77 95.98 94.42 93.09 91.96 91.05 90.32 89.74 89.22 88.76 88.35 87.99 87.67 87.40 87.16 86.95 86.78 86.63 86.51 86.41 86.32 86.26 86.20 86.16 86.12 86.08 86.04 86.00 85.95 85.89 85.82 85.73 85.63 85.50 85.34 85.15 84.93 84.66 84.30 83.86 83.32 82.69 81.99 81.20 80.34 79.40 78.39 77.31 76.17 74.96 73.71 72.45 71.20 69.97 68.75 67.55 66.37 65.21 64.09 62.99 61.92 60.89 59.90 58.96 58.17 57.57 57.16
118.26 114.71 111.45 108.46 105.74 103.29 101.09 99.14 97.42 95.93 94.67 93.62 92.76 92.06 91.43 90.86 90.34 89.87 89.45 89.07 88.74 88.44 88.18 87.95 87.75 87.57 87.41 87.28 87.16 87.05 86.95 86.86 86.77 86.68 86.59 86.49 86.38 86.26 86.12 85.97 85.79 85.58 85.35 85.09 84.79 84.43 83.99 83.46 82.85 82.15 81.37 80.51 79.58 78.57 77.50 76.36 75.16 73.90 72.65 71.40 70.17 68.96 67.76 66.59 65.44 64.32 63.23 62.18 61.16 60.20 59.38 58.75 58.31 58.06
119.14 115.68 112.49 109.59 106.95 104.58 102.46 100.58 98.95 97.54 96.35 95.37 94.54 93.80 93.11 92.48 91.91 91.39 90.91 90.48 90.10 89.75 89.43 89.15 88.89 88.67 88.46 88.27 88.10 87.95 87.80 87.66 87.52 87.39 87.25 87.10 86.95 86.78 86.60 86.40 86.18 85.93 85.65 85.34 85.00 84.62 84.19 83.67 83.06 82.37 81.60 80.75 79.82 78.82 77.75 76.61 75.41 74.16 72.91 71.67 70.44 69.23 68.04 66.88 65.74 64.63 63.55 62.50 61.51 60.67 60.01 59.55 59.27 59.17
120.05 116.68 113.58 110.76 108.22 105.93 103.90 102.11 100.56 99.23 98.13 97.18 96.32 95.52 94.78 94.10 93.48 92.90 92.38 91.90 91.46 91.06 90.70 90.37 90.07 89.79 89.54 89.31 89.09 88.89 88.70 88.52 88.34 88.16 87.97 87.79 87.59 87.38 87.16 86.92 86.65 86.37 86.05 85.70 85.32 84.91 84.45 83.93 83.34 82.65 81.89 81.05 80.12 79.13 78.07 76.93 75.74 74.49 73.24 72.00 70.78 69.57 68.39 67.23 66.10 65.00 63.93 62.92 62.04 61.36 60.88 60.57 60.45 60.50
120.99 117.71 114.71 111.99 109.54 107.35 105.41 103.71 102.26 101.02 99.95 98.97 98.06 97.22 96.43 95.70 95.03 94.41 93.84 93.32 92.83 92.39 91.98 91.61 91.26 90.95 90.65 90.38 90.12 89.88 89.64 89.42 89.20 88.98 88.76 88.53 88.30 88.05 87.79 87.51 87.22 86.89 86.54 86.16 85.75 85.30 84.80 84.27 83.68 83.00 82.25 81.41 80.50 79.51 78.45 77.32 76.13 74.88 73.63 72.40 71.18 69.98 68.81 67.66 66.54 65.45 64.41 63.51 62.81 62.29 61.97 61.82 61.85 62.05
121.96 118.79 115.89 113.27 110.92 108.83 106.99 105.40 104.04 102.85 101.75 100.73 99.77 98.88 98.05 97.28 96.57 95.91 95.29 94.73 94.20 93.72 93.27 92.86 92.47 92.11 91.78 91.47 91.17 90.89 90.62 90.36 90.11 89.85 89.60 89.34 89.07 88.79 88.50 88.19 87.85 87.50 87.12 86.71 86.26 85.78 85.26 84.70 84.09 83.42 82.67 81.84 80.94 79.95 78.90 77.78 76.59 75.34 74.10 72.87 71.66 70.47 69.30 68.16 67.05 65.99 65.06 64.34 63.80 63.46 63.29 63.30 63.47 63.81
122.96 119.90 117.11 114.60 112.36 110.38 108.65 107.16 105.86 104.64 103.50 102.44 101.44 100.51 99.64 98.83 98.08 97.38 96.72 96.12 95.56 95.04 94.55 94.10 93.68 93.29 92.93 92.58 92.25 91.94 91.64 91.34 91.05 90.77 90.48 90.19 89.89 89.58 89.26 88.92 88.56 88.18 87.77 87.33 86.86 86.36 85.81 85.22 84.59 83.91 83.16 82.34 81.44 80.47 79.42 78.30 77.12 75.88 74.64 73.41 72.21 71.03 69.87 68.73 67.65 66.71 65.96 65.40 65.04 64.85 64.84 64.99 65.31 65.78
123.99 121.05 118.38 115.99 113.87 112.00 110.39 108.95 107.62 106.37 105.20 104.09 103.06 102.09 101.19 100.34 99.55 98.82 98.13 97.49 96.90 96.35 95.83 95.35 94.90 94.47 94.08 93.70 93.34 93.00 92.67 92.35 92.03 91.72 91.41 91.09 90.77 90.43 90.08 89.72 89.34 88.93 88.50 88.04 87.55 87.02 86.45 85.84 85.19 84.49 83.73 82.92 82.02 81.06 80.01 78.90 77.72 76.49 75.25 74.03 72.83 71.66 70.51 69.40 68.44 67.67 67.10 66.71 66.51 66.47 66.61 66.91 67.37 67.97
125.06 122.24 119.70 117.43 115.43 113.69 112.14 110.69 109.32 108.04 106.83 105.69 104.63 103.63 102.69 101.81 100.99 100.23 99.51 98.84 98.22 97.64 97.09 96.58 96.10 95.65 95.23 94.83 94.44 94.08 93.72 93.38 93.04 92.70 92.36 92.03 91.68 91.32 90.96 90.57 90.17 89.74 89.29 88.81 88.30 87.75 87.17 86.54 85.87 85.16 84.39 83.56 82.68 81.72 80.68 79.58 78.40 77.17 75.94 74.73 73.54 72.37 71.25 70.26 69.48 68.88 68.48 68.26 68.21 68.33 68.61 69.05 69.64 70.38
126.16 123.47 121.06 118.93 117.05 115.38 113.82 112.34 110.94 109.63 108.39 107.22 106.13 105.10 104.14 103.23 102.38 101.59 100.85 100.16 99.51 98.90 98.33 97.80 97.30 96.82 96.38 95.95 95.55 95.16 94.78 94.42 94.06 93.70 93.35 92.99 92.63 92.26 91.87 91.47 91.05 90.61 90.14 89.65 89.12 88.56 87.97 87.33 86.64 85.91 85.13 84.30 83.41 82.46 81.43 80.33 79.16 77.93 76.71 75.50 74.32 73.18 72.18 71.37 70.76 70.34 70.10 70.04 70.15 70.41 70.84 71.42 72.14 73.00
127.29 124.75 122.48 120.48 118.68 117.00 115.41 113.90 112.48 111.14 109.88 108.68 107.56 106.51 105.52 104.59 103.72 102.91 102.15 101.43 100.76 100.13 99.54 98.99 98.47 97.98 97.51 97.07 96.65 96.24 95.85 95.47 95.10 94.72 94.35 93.98 93.61 93.22 92.82 92.41 91.98 91.52 91.05 90.54 90.01 89.44 88.83 88.18 87.49 86.75 85.97 85.13 84.23 83.27 82.25 81.16 79.99 78.77 77.55 76.36 75.20 74.18 73.36 72.74 72.30 72.05 71.97 72.06 72.32 72.73 73.29 74.00 74.85 75.83
128.46 126.06 123.93 122.02 120.22 118.52 116.90 115.37 113.93 112.56 111.28 110.07 108.92 107.85 106.84 105.89 105.01 104.17 103.39 102.66 101.97 101.33 100.72 100.15 99.62 99.11 98.63 98.17 97.74 97.32 96.92 96.52 96.14 95.75 95.37 94.99 94.60 94.21 93.80 93.38 92.94 92.48 92.00 91.48 90.94 90.37 89.75 89.10 88.41 87.67 86.88 86.03 85.13 84.17 83.15 82.07 80.91 79.70 78.48 77.31 76.28 75.44 74.80 74.35 74.09 74.00 74.08 74.32 74.72 75.27 75.97 76.81 77.78 78.88
129.67 127.42 125.38 123.47 121.65 119.92 118.29 116.74 115.28 113.90 112.59 111.36 110.20 109.11 108.09 107.13 106.22 105.37 104.58 103.83 103.13 102.48 101.86 101.28 100.73 100.21 99.72 99.26 98.81 98.38 97.97 97.57 97.18 96.79 96.40 96.01 95.62 95.22 94.80 94.38 93.94 93.47 92.98 92.47 91.93 91.35 90.74 90.08 89.39 88.65 87.86 87.01 86.12 85.16 84.14 83.06 81.91 80.70 79.52 78.47 77.62 76.97 76.50 76.22 76.12 76.19 76.42 76.82 77.36 78.05 78.88 79.84 80.93 82.13
130.91 128.76 126.72 124.79 122.95 121.21 119.56 118.00 116.52 115.13 113.81 112.57 111.40 110.29 109.26 108.28 107.37 106.51 105.70 104.95 104.24 103.57 102.95 102.36 101.81 101.28 100.78 100.31 99.86 99.43 99.01 98.61 98.21 97.82 97.43 97.04 96.64 96.24 95.83 95.40 94.96 94.49 94.01 93.49 92.95 92.38 91.77 91.12 90.42 89.69 88.90 88.06 87.17 86.22 85.21 84.13 82.99 81.81 80.75 79.89 79.22 78.75 78.46 78.35 78.40 78.63 79.01 79.55 80.23 81.05 82.00 83.08 84.29 85.60
132.17 130.04 127.99 126.05 124.20 122.44 120.78 119.21 117.72 116.31 114.98 113.73 112.55 111.43 110.39 109.41 108.48 107.62 106.81 106.04 105.33 104.66 104.02 103.43 102.87 102.34 101.84 101.37 100.92 100.48 100.06 99.66 99.26 98.86 98.48 98.08 97.69 97.29 96.88 96.46 96.02 95.56 95.07 94.56 94.03 93.46 92.85 92.21 91.52 90.79 90.02 89.19 88.30 87.36 86.36 85.29 84.16 83.02 82.12 81.45 80.96 80.66 80.54 80.59 80.81 81.18 81.71 82.38 83.20 84.15 85.22 86.42 87.73 89.16
133.45 131.33 129.29 127.33 125.47 123.70 122.03 120.44 118.94 117.53 116.19 114.93 113.74 112.62 111.56 110.57 109.64 108.77 107.95 107.18 106.46 105.79 105.15 104.55 103.99 103.46 102.96 102.48 102.03 101.59 101.17 100.76 100.37 99.97 99.59 99.20 98.81 98.41 98.00 97.58 97.14 96.69 96.21 95.71 95.17 94.61 94.01 93.38 92.70 91.98 91.21 90.39 89.51 88.58 87.59 86.53 85.41 84.28 83.44 82.92 82.61 82.48 82.53 82.74 83.11 83.63 84.30 85.11 86.06 87.13 88.33 89.64 91.06 92.59
134.72 132.64 130.61 128.66 126.79 125.01 123.32 121.73 120.22 118.79 117.44 116.17 114.97 113.85 112.79 111.79 110.85 109.97 109.15 108.38 107.65 106.97 106.33 105.73 105.17 104.64 104.13 103.65 103.20 102.76 102.34 101.94 101.54 101.15 100.76 100.38 99.99 99.59 99.19 98.77 98.34 97.89 97.42 96.92 96.40 95.84 95.25 94.62 93.95 93.24 92.48 91.67 90.80 89.88 88.90 87.85 86.73 85.60 84.77 84.30 84.14 84.18 84.39 84.76 85.28 85.95 86.76 87.71 88.78 89.98 91.29 92.72 94.24 95.87
135.99 133.94 131.94 130.01 128.14 126.35 124.66 123.05 121.53 120.10 118.74 117.46 116.26 115.12 114.06 113.05 112.11 111.23 110.40 109.62 108.89 108.21 107.57 106.97 106.40 105.87 105.36 104.88 104.43 103.99 103.57 103.17 102.77 102.39 102.00 101.62 101.23 100.84 100.44 100.03 99.61 99.16 98.70 98.21 97.69 97.14 96.56 95.94 95.28 94.57 93.82 93.02 92.17 91.26 90.28 89.24 88.12 87.00 86.16 85.69 85.58 85.76 86.13 86.65 87.32 88.14 89.08 90.16 91.36 92.68 94.11 95.64 97.27 98.99
137.25 135.23 133.27 131.36 129.52 127.74 126.03 124.42 122.89 121.45 120.08 118.80 117.59 116.45 115.37 114.37 113.42 112.53 111.70 110.92 110.19 109.50 108.86 108.26 107.69 107.15 106.65 106.17 105.72 105.28 104.86 104.46 104.07 103.68 103.30 102.92 102.54 102.16 101.76 101.36 100.94 100.50 100.04 99.56 99.05 98.51 97.94 97.33 96.68 95.98 95.25 94.46 93.61 92.71 91.73 90.68 89.57 88.45 87.61 87.14 87.02 87.24 87.74 88.41 89.23 90.19 91.27 92.48 93.80 95.24 96.78 98.41 100.14 101.96
