data_processed/recharge/precip/Precip_2004_01.asc
ncols        168
nrows        136
xllcorner    455000
yllcorner    2107000
cellsize     500
NODATA_value     -99999
[rows 102 to 135 of 136, columns 78 to 155 of 168]
21.95 21.50 21.11 20.78 20.51 20.30 20.14 20.02 19.95 19.91 19.92 19.95 20.02 20.11 20.23 20.36 20.51 20.71 21.01 21.41 21.91 22.48 22.92 22.92 22.44 21.53 20.22 18.65 16.99 15.31 13.62 11.95 10.32 8.75 7.26 5.87 4.61 3.50 2.55 1.80 1.26 0.95 0.89 0.98 1.15 1.40 1.70 2.05 2.43 2.84 3.26 3.67 4.08 4.55 5.11 5.77 6.50 7.29 8.12 8.98 9.85 10.72 11.58 12.40 13.18 13.89 14.53 15.08 15.52 15.88 16.15 16.35 16.46 16.47 16.34 16.05 15.61 15.03
21.54 21.10 20.73 20.42 20.17 19.98 19.83 19.74 19.69 19.69 19.72 19.79 19.89 20.02 20.17 20.35 20.54 20.75 21.01 21.36 21.82 22.36 22.77 22.72 22.16 21.16 19.84 18.40 16.88 15.32 13.74 12.15 10.57 9.04 7.57 6.18 4.90 3.74 2.74 1.90 1.26 0.83 0.63 0.68 0.88 1.15 1.48 1.86 2.27 2.71 3.15 3.60 4.11 4.73 5.44 6.22 7.06 7.95 8.87 9.80 10.73 11.65 12.54 13.39 14.17 14.88 15.50 16.02 16.42 16.69 16.85 16.90 16.86 16.70 16.39 15.93 15.32 14.62
20.87 20.45 20.10 19.81 19.58 19.41 19.29 19.23 19.21 19.24 19.31 19.41 19.55 19.72 19.91 20.13 20.37 20.62 20.89 21.20 21.62 22.13 22.51 22.39 21.77 20.78 19.62 18.35 16.99 15.56 14.09 12.59 11.09 9.61 8.17 6.79 5.50 4.31 3.25 2.35 1.61 1.07 0.74 0.65 0.80 1.10 1.46 1.87 2.32 2.78 3.26 3.82 4.47 5.22 6.05 6.94 7.88 8.84 9.83 10.82 11.79 12.74 13.65 14.50 15.27 15.96 16.54 17.01 17.34 17.53 17.56 17.47 17.25 16.89 16.39 15.74 14.99 14.28
19.93 19.52 19.19 18.92 18.72 18.58 18.49 18.46 18.48 18.54 18.64 18.79 18.97 19.18 19.42 19.68 19.97 20.27 20.59 20.92 21.30 21.77 22.11 21.94 21.36 20.56 19.61 18.52 17.33 16.05 14.70 13.30 11.89 10.47 9.07 7.72 6.43 5.22 4.13 3.16 2.34 1.70 1.25 1.02 1.03 1.28 1.67 2.11 2.59 3.10 3.68 4.37 5.15 6.02 6.95 7.92 8.93 9.97 11.00 12.03 13.02 13.98 14.88 15.72 16.46 17.11 17.64 18.03 18.29 18.38 18.29 18.03 17.62 17.06 16.34 15.53 14.76 14.06
18.68 18.30 17.99 17.75 17.58 17.47 17.42 17.42 17.47 17.57 17.71 17.90 18.12 18.38 18.67 18.98 19.32 19.68 20.06 20.44 20.84 21.29 21.59 21.48 21.12 20.56 19.83 18.94 17.92 16.80 15.59 14.31 12.99 11.65 10.30 8.98 7.71 6.50 5.37 4.36 3.47 2.74 2.19 1.83 1.68 1.78 2.12 2.59 3.12 3.72 4.44 5.25 6.14 7.10 8.11 9.16 10.23 11.30 12.36 13.41 14.41 15.36 16.24 17.03 17.73 18.31 18.77 19.08 19.23 19.21 19.00 18.59 17.97 17.18 16.30 15.45 14.68 13.98
17.12 16.77 16.49 16.28 16.14 16.06 16.05 16.09 16.18 16.32 16.51 16.74 17.01 17.32 17.66 18.03 18.42 18.84 19.27 19.72 20.18 20.65 21.03 21.18 21.09 20.78 20.28 19.60 18.77 17.82 16.75 15.60 14.39 13.13 11.86 10.58 9.33 8.13 6.99 5.94 5.00 4.19 3.54 3.06 2.78 2.72 2.90 3.33 3.94 4.67 5.51 6.42 7.40 8.44 9.51 10.61 11.72 12.81 13.89 14.93 15.92 16.84 17.68 18.42 19.05 19.56 19.92 20.13 20.16 20.00 19.65 19.08 18.27 17.31 16.38 15.52 14.74 14.04
15.38 15.06 14.81 14.63 14.53 14.48 14.50 14.58 14.72 14.90 15.14 15.42 15.74 16.10 16.49 16.91 17.36 17.84 18.33 18.85 19.37 19.88 20.38 20.79 20.97 20.93 20.66 20.21 19.58 18.80 17.89 16.88 15.79 14.63 13.43 12.21 10.99 9.80 8.66 7.58 6.59 5.72 4.98 4.39 3.98 3.77 3.79 4.10 4.74 5.58 6.52 7.53 8.59 9.70 10.83 11.97 13.10 14.22 15.30 16.33 17.29 18.18 18.97 19.65 20.20 20.62 20.88 20.97 20.88 20.58 20.07 19.34 18.41 17.42 16.48 15.61 14.82 14.10
13.60 13.31 13.09 12.94 12.87 12.87 12.92 13.04 13.22 13.45 13.73 14.06 14.43 14.84 15.29 15.77 16.27 16.81 17.37 17.94 18.51 19.03 19.54 20.06 20.50 20.72 20.70 20.47 20.05 19.46 18.72 17.85 16.88 15.82 14.71 13.55 12.38 11.21 10.06 8.97 7.94 7.01 6.18 5.50 4.97 4.62 4.51 4.71 5.25 6.11 7.15 8.25 9.40 10.57 11.76 12.94 14.11 15.24 16.32 17.34 18.29 19.14 19.88 20.50 20.98 21.31 21.47 21.45 21.22 20.79 20.13 19.28 18.35 17.37 16.44 15.57 14.77 14.05
11.81 11.54 11.36 11.24 11.21 11.24 11.34 11.50 11.71 11.99 12.32 12.69 13.11 13.58 14.08 14.61 15.18 15.78 16.39 17.00 17.57 18.09 18.61 19.15 19.70 20.16 20.39 20.40 20.19 19.79 19.22 18.50 17.66 16.72 15.69 14.61 13.48 12.34 11.21 10.10 9.04 8.05 7.15 6.37 5.73 5.28 5.08 5.19 5.62 6.36 7.40 8.59 9.82 11.07 12.31 13.54 14.73 15.88 16.97 17.99 18.91 19.73 20.42 20.98 21.39 21.63 21.69 21.56 21.21 20.64 19.89 19.04 18.13 17.17 16.25 15.39 14.59 13.87
10.03 9.79 9.63 9.56 9.55 9.62 9.76 9.96 10.22 10.54 10.92 11.34 11.81 12.33 12.88 13.48 14.10 14.76 15.40 16.00 16.55 17.08 17.61 18.16 18.73 19.29 19.75 20.00 20.01 19.81 19.42 18.86 18.16 17.33 16.40 15.39 14.33 13.22 12.10 10.99 9.90 8.87 7.91 7.04 6.32 5.79 5.52 5.55 5.88 6.50 7.40 8.58 9.88 11.20 12.50 13.78 15.00 16.17 17.27 18.28 19.18 19.97 20.61 21.12 21.45 21.61 21.57 21.33 20.86 20.21 19.47 18.66 17.77 16.83 15.92 15.07 14.29 13.57
8.28 8.07 7.94 7.90 7.93 8.04 8.21 8.46 8.76 9.13 9.55 10.02 10.55 11.11 11.73 12.37 13.06 13.73 14.36 14.94 15.48 16.02 16.56 17.12 17.69 18.27 18.83 19.29 19.53 19.54 19.33 18.94 18.39 17.68 16.86 15.93 14.93 13.87 12.77 11.66 10.56 9.48 8.46 7.53 6.74 6.15 5.82 5.79 6.04 6.55 7.31 8.33 9.61 10.99 12.35 13.67 14.94 16.13 17.23 18.23 19.12 19.87 20.48 20.92 21.19 21.26 21.13 20.78 20.24 19.61 18.92 18.15 17.29 16.36 15.47 14.63 13.85 13.14
6.59 6.39 6.30 6.29 6.36 6.51 6.72 7.01 7.36 7.77 8.24 8.76 9.33 9.96 10.62 11.33 12.03 12.67 13.27 13.83 14.36 14.90 15.45 16.02 16.61 17.20 17.77 18.33 18.77 18.99 18.98 18.76 18.36 17.79 17.07 16.24 15.31 14.29 13.23 12.12 11.01 9.90 8.84 7.86 7.02 6.39 6.01 5.93 6.12 6.52 7.15 8.02 9.13 10.47 11.88 13.25 14.55 15.76 16.88 17.88 18.74 19.47 20.03 20.42 20.61 20.61 20.38 19.97 19.48 18.91 18.27 17.54 16.70 15.78 14.90 14.07 13.31 12.61
4.95 4.79 4.73 4.76 4.86 5.05 5.30 5.63 6.02 6.48 7.00 7.57 8.20 8.88 9.60 10.31 10.97 11.57 12.14 12.68 13.21 13.75 14.31 14.89 15.49 16.09 16.67 17.24 17.77 18.19 18.38 18.34 18.09 17.66 17.07 16.33 15.47 14.52 13.49 12.40 11.28 10.15 9.05 8.03 7.16 6.50 6.09 5.98 6.12 6.44 6.95 7.67 8.61 9.76 11.12 12.53 13.86 15.10 16.22 17.22 18.07 18.77 19.29 19.62 19.75 19.67 19.40 19.04 18.62 18.12 17.53 16.83 16.01 15.11 14.24 13.42 12.66 11.98
3.39 3.25 3.23 3.31 3.46 3.68 3.98 4.35 4.79 5.29 5.86 6.48 7.16 7.89 8.62 9.28 9.89 10.45 10.98 11.50 12.02 12.57 13.14 13.73 14.34 14.95 15.55 16.12 16.67 17.16 17.54 17.68 17.60 17.32 16.85 16.22 15.45 14.56 13.57 12.50 11.37 10.22 9.10 8.07 7.18 6.50 6.08 5.95 6.05 6.31 6.72 7.31 8.08 9.04 10.19 11.53 12.90 14.16 15.30 16.29 17.13 17.80 18.28 18.56 18.62 18.51 18.31 18.04 17.69 17.25 16.70 16.04 15.25 14.35 13.49 12.68 11.94 11.26
1.89 1.79 1.81 1.95 2.16 2.44 2.77 3.19 3.67 4.22 4.84 5.51 6.24 6.97 7.63 8.23 8.79 9.30 9.81 10.31 10.82 11.37 11.95 12.56 13.18 13.80 14.41 14.99 15.55 16.05 16.50 16.82 16.91 16.78 16.45 15.93 15.25 14.43 13.49 12.43 11.30 10.14 9.01 7.98 7.09 6.40 5.98 5.86 5.93 6.14 6.47 6.94 7.55 8.33 9.28 10.40 11.68 12.96 14.11 15.10 15.93 16.57 17.02 17.25 17.30 17.26 17.16 16.97 16.70 16.32 15.82 15.19 14.41 13.53 12.67 11.87 11.14 10.46
0.48 0.40 0.48 0.67 0.96 1.31 1.70 2.16 2.69 3.29 3.95 4.67 5.40 6.06 6.65 7.18 7.68 8.15 8.62 9.11 9.62 10.17 10.76 11.38 12.01 12.64 13.26 13.86 14.42 14.94 15.40 15.79 16.04 16.07 15.87 15.47 14.89 14.14 13.23 12.18 11.06 9.91 8.79 7.77 6.89 6.22 5.81 5.70 5.77 5.94 6.20 6.57 7.05 7.66 8.41 9.30 10.35 11.53 12.68 13.68 14.50 15.11 15.52 15.75 15.89 15.97 15.96 15.86 15.66 15.34 14.88 14.28 13.53 12.66 11.81 11.01 10.28 9.62
0.00 0.00 0.00 0.00 0.00 0.28 0.77 1.29 1.87 2.51 3.22 3.94 4.58 5.15 5.66 6.13 6.57 7.01 7.45 7.91 8.41 8.97 9.58 10.21 10.85 11.49 12.12 12.73 13.30 13.82 14.29 14.70 15.01 15.19 15.14 14.86 14.38 13.68 12.79 11.77 10.67 9.54 8.45 7.46 6.61 5.97 5.59 5.50 5.59 5.72 5.93 6.21 6.58 7.04 7.60 8.28 9.08 10.01 11.05 12.04 12.84 13.44 13.86 14.20 14.46 14.64 14.74 14.72 14.59 14.32 13.91 13.35 12.61 11.75 10.90 10.11 9.39 8.73
0.00 0.00 0.00 0.00 0.00 0.00 0.00 0.58 1.22 1.91 2.61 3.23 3.77 4.25 4.69 5.09 5.48 5.88 6.29 6.73 7.23 7.79 8.41 9.06 9.71 10.36 11.00 11.62 12.20 12.73 13.21 13.62 13.95 14.19 14.27 14.12 13.70 13.04 12.19 11.20 10.14 9.06 8.01 7.05 6.25 5.65 5.31 5.27 5.38 5.51 5.67 5.88 6.14 6.47 6.86 7.34 7.90 8.57 9.35 10.21 11.00 11.62 12.16 12.63 13.01 13.31 13.49 13.56 13.50 13.29 12.92 12.39 11.67 10.81 9.97 9.19 8.47 7.82
0.00 0.00 0.00 0.00 0.00 0.00 0.00 0.00 0.74 1.44 2.04 2.55 2.99 3.39 3.74 4.08 4.42 4.77 5.15 5.58 6.07 6.64 7.27 7.93 8.60 9.26 9.91 10.54 11.13 11.67 12.16 12.57 12.91 13.15 13.29 13.21 12.84 12.23 11.43 10.50 9.49 8.46 7.46 6.56 5.81 5.27 5.00 5.02 5.16 5.30 5.44 5.59 5.76 5.96 6.20 6.49 6.84 7.26 7.76 8.34 9.04 9.78 10.46 11.06 11.57 11.97 12.25 12.40 12.41 12.26 11.93 11.43 10.72 9.87 9.04 8.26 7.54 6.89
0.00 0.00 0.00 0.00 0.00 0.00 0.00 0.00 0.33 1.00 1.50 1.90 2.25 2.55 2.84 3.11 3.40 3.71 4.06 4.47 4.95 5.52 6.17 6.84 7.52 8.20 8.86 9.49 10.09 10.65 11.14 11.57 11.91 12.15 12.23 12.12 11.80 11.26 10.52 9.66 8.72 7.75 6.83 6.00 5.33 4.86 4.66 4.75 4.95 5.11 5.24 5.35 5.44 5.54 5.64 5.76 5.91 6.09 6.32 6.65 7.19 7.96 8.78 9.51 10.14 10.65 11.03 11.26 11.33 11.23 10.95 10.47 9.78 8.94 8.11 7.33 6.62 5.97
0.00 0.00 0.00 0.00 0.00 0.00 0.00 0.00 0.00 0.50 0.98 1.30 1.55 1.77 1.97 2.18 2.42 2.69 3.01 3.40 3.88 4.46 5.12 5.80 6.49 7.18 7.86 8.50 9.11 9.67 10.18 10.61 10.95 11.13 11.12 10.94 10.62 10.14 9.48 8.70 7.84 6.96 6.13 5.38 4.79 4.42 4.30 4.48 4.75 4.95 5.08 5.16 5.20 5.20 5.18 5.15 5.11 5.07 5.09 5.29 5.69 6.31 7.14 8.00 8.75 9.36 9.83 10.14 10.28 10.24 9.99 9.54 8.87 8.03 7.20 6.42 5.71 5.06
0.00 0.00 0.00 0.00 0.00 0.00 0.00 0.00 0.00 0.00 0.39 0.72 0.91 1.04 1.17 1.32 1.50 1.73 2.02 2.39 2.87 3.45 4.12 4.82 5.53 6.23 6.91 7.57 8.19 8.76 9.28 9.70 9.97 10.05 9.96 9.72 9.35 8.89 8.32 7.63 6.87 6.09 5.36 4.72 4.23 3.95 3.95 4.23 4.58 4.83 4.98 5.05 5.04 4.97 4.84 4.66 4.45 4.26 4.19 4.28 4.56 5.02 5.69 6.54 7.40 8.12 8.68 9.07 9.27 9.28 9.08 8.65 7.99 7.15 6.32 5.55 4.84 4.19
0.00 0.00 0.00 0.00 0.00 0.00 0.00 0.00 0.00 0.00 0.00 0.08 0.29 0.38 0.43 0.52 0.65 0.83 1.10 1.46 1.92 2.51 3.20 3.91 4.63 5.35 6.04 6.71 7.34 7.93 8.43 8.78 8.94 8.92 8.75 8.46 8.06 7.59 7.06 6.47 5.82 5.16 4.54 4.01 3.64 3.48 3.60 4.00 4.45 4.76 4.95 5.02 4.99 4.85 4.63 4.33 4.00 3.76 3.63 3.65 3.81 4.13 4.62 5.29 6.12 6.93 7.58 8.05 8.32 8.38 8.22 7.82 7.17 6.33 5.50 4.73 4.02 3.37
0.00 0.00 0.00 0.00 0.00 0.00 0.00 0.00 0.00 0.00 0.00 0.00 0.00 0.00 0.00 0.00 0.00 0.02 0.26 0.60 1.06 1.66 2.36 3.09 3.82 4.55 5.26 5.94 6.58 7.15 7.58 7.80 7.85 7.74 7.50 7.16 6.74 6.26 5.75 5.23 4.70 4.17 3.67 3.28 3.04 3.02 3.26 3.80 4.36 4.76 5.00 5.09 5.04 4.85 4.55 4.19 3.86 3.61 3.45 3.39 3.45 3.63 3.95 4.43 5.06 5.83 6.56 7.11 7.44 7.55 7.42 7.05 6.41 5.57 4.74 3.97 3.26 2.61
0.00 0.00 0.00 0.00 0.00 0.00 0.00 0.00 0.00 0.00 0.00 0.00 0.00 0.00 0.00 0.00 0.00 0.00 0.00 0.00 0.29 0.90 1.61 2.35 3.10 3.84 4.56 5.26 5.89 6.37 6.66 6.76 6.70 6.52 6.22 5.85 5.41 4.93 4.45 3.97 3.53 3.13 2.78 2.54 2.45 2.57 2.96 3.65 4.34 4.83 5.14 5.26 5.21 5.00 4.68 4.35 4.06 3.81 3.63 3.51 3.48 3.54 3.71 4.00 4.41 4.97 5.64 6.25 6.65 6.81 6.72 6.36 5.73 4.90 4.06 3.29 2.57 1.92
0.00 0.00 0.00 0.00 0.00 0.00 0.00 0.00 0.00 0.00 0.00 0.00 0.00 0.00 0.00 0.00 0.00 0.00 0.00 0.00 0.00 0.24 0.97 1.72 2.49 3.24 3.97 4.66 5.19 5.53 5.67 5.66 5.52 5.26 4.91 4.51 4.06 3.60 3.14 2.72 2.35 2.07 1.88 1.79 1.86 2.15 2.71 3.55 4.39 4.99 5.38 5.54 5.51 5.33 5.09 4.85 4.61 4.38 4.19 4.03 3.92 3.87 3.90 4.01 4.22 4.54 4.98 5.51 5.95 6.16 6.11 5.78 5.16 4.32 3.48 2.70 1.99 1.33
0.00 0.00 0.00 0.00 0.00 0.00 0.00 0.00 0.00 0.00 0.00 0.00 0.00 0.00 0.00 0.00 0.00 0.00 0.00 0.00 0.00 0.00 0.44 1.21 1.98 2.75 3.48 4.05 4.43 4.61 4.64 4.52 4.29 3.97 3.58 3.15 2.70 2.26 1.84 1.48 1.20 1.02 0.97 1.05 1.30 1.76 2.50 3.53 4.52 5.25 5.73 5.96 6.00 5.95 5.84 5.69 5.52 5.33 5.13 4.94 4.76 4.62 4.52 4.47 4.48 4.57 4.75 5.04 5.39 5.63 5.61 5.30 4.69 3.85 3.01 2.23 1.51 0.86
0.00 0.00 0.00 0.00 0.00 0.00 0.00 0.00 0.00 0.00 0.00 0.00 0.00 0.00 0.00 0.00 0.00 0.00 0.00 0.00 0.00 0.00 0.03 0.82 1.61 2.37 2.98 3.38 3.59 3.64 3.55 3.33 3.03 2.65 2.23 1.78 1.34 0.93 0.56 0.27 0.08 0.01 0.09 0.33 0.77 1.43 2.36 3.58 4.74 5.62 6.21 6.56 6.78 6.90 6.93 6.89 6.79 6.65 6.46 6.25 6.02 5.79 5.57 5.38 5.21 5.09 5.03 5.03 5.11 5.25 5.25 4.96 4.35 3.51 2.66 1.87 1.16 0.57
0.00 0.00 0.00 0.00 0.00 0.00 0.00 0.00 0.00 0.00 0.00 0.00 0.00 0.00 0.00 0.00 0.00 0.00 0.00 0.00 0.00 0.00 0.00 0.56 1.34 1.98 2.40 2.64 2.70 2.61 2.41 2.11 1.73 1.31 0.86 0.41 0.00 0.00 0.00 0.00 0.00 0.00 0.00 0.00 0.29 1.16 2.30 3.72 5.08 6.11 6.86 7.44 7.87 8.18 8.37 8.45 8.44 8.35 8.19 7.97 7.70 7.40 7.08 6.75 6.41 6.09 5.79 5.53 5.32 5.16 5.04 4.75 4.16 3.31 2.46 1.67 1.02 0.55
0.00 0.00 0.00 0.00 0.00 0.00 0.00 0.00 0.00 0.00 0.00 0.00 0.00 0.00 0.00 0.00 0.00 0.00 0.00 0.00 0.00 0.00 0.00 0.43 1.08 1.52 1.76 1.83 1.74 1.54 1.23 0.85 0.42 0.00 0.00 0.00 0.00 0.00 0.00 0.00 0.00 0.00 0.00 0.00 0.00 0.96 2.32 3.97 5.53 6.77 7.79 8.63 9.30 9.80 10.15 10.37 10.46 10.44 10.32 10.11 9.81 9.45 9.04 8.58 8.09 7.58 7.06 6.55 6.05 5.58 5.14 4.72 4.11 3.26 2.41 1.69 1.16 0.82
0.00 0.00 0.00 0.00 0.00 0.00 0.00 0.00 0.00 0.00 0.00 0.00 0.00 0.00 0.00 0.00 0.00 0.00 0.00 0.00 0.00 0.00 0.00 0.30 0.74 0.98 1.04 0.95 0.74 0.42 0.02 0.00 0.00 0.00 0.00 0.00 0.00 0.00 0.00 0.00 0.00 0.00 0.00 0.00 0.00 0.84 2.44 4.33 6.15 7.70 9.03 10.15 11.05 11.77 12.30 12.67 12.87 12.93 12.86 12.66 12.36 11.95 11.46 10.89 10.26 9.57 8.85 8.09 7.32 6.54 5.77 5.02 4.26 3.39 2.61 2.02 1.62 1.38
0.00 0.00 0.00 0.00 0.00 0.00 0.00 0.00 0.00 0.00 0.00 0.00 0.00 0.00 0.00 0.00 0.00 0.00 0.00 0.00 0.00 0.00 0.00 0.41 0.63 0.67 0.55 0.30 0.00 0.00 0.00 0.00 0.00 0.00 0.00 0.00 0.00 0.00 0.00 0.00 0.00 0.00 0.00 0.00 0.00 0.88 2.71 4.82 6.95 8.86 10.51 11.91 13.07 14.01 14.74 15.26 15.60 15.75 15.74 15.58 15.27 14.83 14.27 13.61 12.84 12.00 11.08 10.09 9.06 8.00 6.90 5.79 4.67 3.66 2.99 2.53 2.24 2.12
0.00 0.00 0.00 0.00 0.00 0.00 0.00 0.00 0.00 0.00 0.00 0.00 0.00 0.00 0.00 0.00 0.00 0.00 0.00 0.00 0.00 0.45 1.71 2.12 2.07 1.86 1.50 1.04 0.49 0.00 0.00 0.00 0.00 0.00 0.00 0.00 0.00 0.00 0.00 0.00 0.00 0.00 0.00 0.00 0.00 1.30 3.26 5.39 7.65 9.88 11.87 13.57 15.01 16.19 17.13 17.83 18.31 18.58 18.65 18.53 18.24 17.78 17.17 16.42 15.55 14.55 13.46 12.26 10.99 9.65 8.25 6.79 5.22 3.74 2.94 2.61 2.46 2.45
0.00 0.00 0.00 0.00 0.00 0.00 0.00 0.00 0.00 0.00 0.00 0.00 0.00 0.00 0.00 0.00 0.00 0.00 0.00 0.00 0.97 2.90 4.69 5.54 5.43 4.90 4.24 3.49 2.67 1.81 0.94 0.07 0.00 0.00 0.00 0.00 0.00 0.00 0.00 0.00 0.00 0.00 0.00 0.00 0.36 2.06 3.95 6.05 8.31 10.67 12.96 14.99 16.72 18.16 19.32 20.22 20.86 21.25 21.42 21.37 21.11 20.65 20.01 19.20 18.23 17.11 15.85 14.47 12.97 11.37 9.67 7.81 5.76 3.77 2.54 2.10 2.08 2.22
