data_processed/recharge/precip/Precip_1998_01.asc
ncols        168
nrows        136
xllcorner    455000
yllcorner    2107000
cellsize     500
NODATA_value     -99999
[rows 36 to 71 of 136, columns 83 to 165 of 168]
13.50 13.10 12.70 12.32 11.94 11.57 11.21 10.87 10.54 10.23 9.94 9.67 9.43 9.21 9.02 8.86 8.68 8.45 8.16 7.83 7.47 7.10 6.75 6.41 6.10 5.81 5.54 5.30 5.09 4.91 4.76 4.65 4.57 4.53 4.54 4.58 4.66 4.76 4.84 4.90 4.94 4.96 4.99 5.04 5.11 5.19 5.33 5.53 5.79 6.12 6.50 6.92 7.38 7.88 8.40 8.93 9.48 10.03 10.57 11.11 11.62 12.12 12.58 13.02 13.42 13.76 14.05 14.26 14.41 14.49 14.52 14.49 14.43 14.36 14.28 14.18 14.07 13.94 13.80 13.65 13.49 13.32 13.14
12.82 12.46 12.11 11.76 11.41 11.08 10.76 10.45 10.15 9.87 9.61 9.37 9.16 8.97 8.80 8.66 8.50 8.29 8.03 7.73 7.39 7.02 6.66 6.32 6.00 5.71 5.44 5.20 5.00 4.83 4.70 4.60 4.54 4.53 4.56 4.63 4.71 4.79 4.84 4.89 4.90 4.91 4.92 4.95 4.99 5.06 5.14 5.27 5.46 5.72 6.03 6.40 6.81 7.26 7.73 8.23 8.74 9.27 9.79 10.31 10.81 11.30 11.77 12.22 12.64 13.00 13.30 13.54 13.71 13.82 13.88 13.87 13.83 13.76 13.68 13.59 13.50 13.39 13.27 13.14 13.01 12.87 12.72
12.13 11.81 11.50 11.19 10.88 10.58 10.29 10.02 9.75 9.50 9.27 9.07 8.88 8.71 8.57 8.45 8.31 8.13 7.89 7.62 7.30 6.96 6.60 6.25 5.93 5.64 5.37 5.14 4.95 4.79 4.67 4.59 4.56 4.57 4.62 4.69 4.76 4.81 4.85 4.87 4.87 4.86 4.85 4.86 4.88 4.93 4.99 5.07 5.19 5.38 5.63 5.94 6.29 6.69 7.12 7.58 8.06 8.55 9.04 9.54 10.04 10.53 11.01 11.47 11.89 12.27 12.59 12.84 13.03 13.17 13.25 13.28 13.26 13.20 13.13 13.05 12.96 12.87 12.77 12.67 12.56 12.45 12.34
11.44 11.16 10.88 10.61 10.34 10.08 9.82 9.58 9.34 9.13 8.93 8.75 8.59 8.45 8.33 8.23 8.11 7.95 7.74 7.49 7.20 6.89 6.56 6.22 5.89 5.60 5.34 5.12 4.93 4.79 4.68 4.63 4.62 4.65 4.70 4.75 4.79 4.83 4.85 4.85 4.84 4.81 4.78 4.78 4.78 4.81 4.85 4.90 4.98 5.10 5.29 5.53 5.83 6.17 6.56 6.97 7.41 7.87 8.34 8.83 9.32 9.81 10.30 10.76 11.19 11.57 11.90 12.17 12.38 12.53 12.64 12.69 12.70 12.67 12.61 12.54 12.46 12.38 12.30 12.22 12.14 12.06 11.98
10.74 10.50 10.27 10.03 9.79 9.57 9.34 9.13 8.93 8.75 8.59 8.44 8.30 8.18 8.08 8.00 7.90 7.76 7.57 7.35 7.09 6.81 6.51 6.20 5.89 5.59 5.34 5.12 4.95 4.82 4.73 4.70 4.70 4.73 4.77 4.80 4.83 4.84 4.85 4.84 4.80 4.76 4.72 4.70 4.69 4.69 4.71 4.75 4.81 4.89 5.01 5.19 5.42 5.71 6.05 6.42 6.82 7.25 7.70 8.17 8.66 9.15 9.63 10.09 10.52 10.91 11.24 11.52 11.74 11.91 12.04 12.12 12.15 12.15 12.12 12.06 11.99 11.92 11.86 11.80 11.74 11.69 11.64
10.04 9.84 9.64 9.44 9.24 9.05 8.86 8.69 8.52 8.37 8.24 8.12 8.01 7.91 7.83 7.77 7.69 7.56 7.40 7.20 6.97 6.72 6.45 6.17 5.89 5.61 5.36 5.16 4.99 4.88 4.81 4.79 4.80 4.81 4.83 4.84 4.85 4.85 4.84 4.82 4.77 4.71 4.66 4.62 4.60 4.59 4.59 4.61 4.65 4.71 4.78 4.90 5.08 5.31 5.59 5.92 6.28 6.68 7.11 7.57 8.05 8.53 9.01 9.47 9.90 10.28 10.62 10.90 11.13 11.32 11.46 11.55 11.61 11.64 11.63 11.60 11.55 11.49 11.44 11.40 11.36 11.34 11.31
9.34 9.18 9.02 8.86 8.69 8.53 8.38 8.24 8.12 8.00 7.89 7.80 7.71 7.64 7.58 7.53 7.47 7.36 7.22 7.04 6.84 6.62 6.38 6.14 5.89 5.64 5.41 5.22 5.07 4.97 4.92 4.90 4.89 4.88 4.88 4.88 4.88 4.86 4.84 4.80 4.74 4.67 4.60 4.55 4.51 4.49 4.48 4.48 4.50 4.54 4.60 4.68 4.79 4.97 5.20 5.47 5.80 6.17 6.59 7.04 7.50 7.97 8.44 8.89 9.31 9.70 10.03 10.31 10.55 10.74 10.89 11.00 11.08 11.13 11.15 11.14 11.12 11.08 11.04 11.02 11.00 10.99 10.96
8.65 8.52 8.39 8.27 8.14 8.02 7.91 7.81 7.71 7.63 7.55 7.48 7.42 7.37 7.33 7.29 7.25 7.16 7.04 6.88 6.71 6.51 6.31 6.09 5.88 5.67 5.47 5.30 5.17 5.08 5.03 4.99 4.96 4.94 4.93 4.91 4.89 4.87 4.83 4.78 4.71 4.63 4.55 4.49 4.43 4.40 4.37 4.36 4.37 4.39 4.43 4.49 4.57 4.69 4.86 5.09 5.39 5.74 6.14 6.57 7.01 7.47 7.92 8.36 8.77 9.15 9.48 9.76 9.99 10.19 10.35 10.47 10.56 10.63 10.67 10.69 10.69 10.68 10.66 10.65 10.65 10.63 10.60
7.97 7.87 7.77 7.69 7.60 7.52 7.45 7.38 7.32 7.26 7.21 7.16 7.13 7.10 7.07 7.06 7.02 6.95 6.85 6.72 6.57 6.40 6.22 6.04 5.86 5.69 5.53 5.39 5.28 5.19 5.12 5.07 5.03 5.00 4.97 4.94 4.91 4.87 4.82 4.76 4.68 4.59 4.50 4.43 4.36 4.31 4.28 4.25 4.25 4.26 4.28 4.32 4.38 4.46 4.59 4.79 5.06 5.39 5.76 6.16 6.58 7.02 7.45 7.88 8.28 8.64 8.96 9.23 9.46 9.66 9.82 9.95 10.06 10.14 10.19 10.23 10.26 10.28 10.28 10.29 10.28 10.26 10.22
7.32 7.24 7.17 7.11 7.07 7.03 6.99 6.96 6.93 6.90 6.88 6.86 6.84 6.83 6.82 6.82 6.80 6.75 6.66 6.56 6.43 6.28 6.14 5.98 5.84 5.70 5.58 5.48 5.38 5.29 5.21 5.14 5.09 5.04 5.00 4.96 4.92 4.87 4.81 4.74 4.65 4.55 4.46 4.37 4.30 4.24 4.19 4.16 4.14 4.13 4.15 4.17 4.22 4.29 4.41 4.57 4.81 5.10 5.44 5.82 6.22 6.63 7.04 7.44 7.83 8.17 8.48 8.74 8.97 9.16 9.32 9.45 9.56 9.65 9.72 9.78 9.83 9.87 9.90 9.91 9.89 9.87 9.82
6.69 6.63 6.59 6.57 6.55 6.55 6.55 6.55 6.55 6.55 6.55 6.55 6.56 6.57 6.58 6.59 6.58 6.55 6.48 6.39 6.28 6.17 6.05 5.92 5.81 5.71 5.62 5.54 5.46 5.37 5.28 5.20 5.13 5.08 5.02 4.97 4.92 4.87 4.80 4.72 4.63 4.52 4.42 4.33 4.24 4.17 4.12 4.07 4.04 4.03 4.02 4.04 4.08 4.16 4.28 4.44 4.64 4.89 5.20 5.54 5.91 6.30 6.68 7.06 7.42 7.75 8.04 8.28 8.50 8.68 8.84 8.97 9.08 9.18 9.26 9.33 9.39 9.45 9.49 9.50 9.49 9.46 9.41
6.08 6.05 6.04 6.04 6.06 6.09 6.12 6.15 6.18 6.21 6.24 6.26 6.29 6.31 6.34 6.36 6.37 6.35 6.30 6.23 6.14 6.05 5.96 5.86 5.78 5.71 5.64 5.57 5.50 5.42 5.33 5.25 5.17 5.10 5.04 4.98 4.92 4.86 4.79 4.70 4.60 4.49 4.38 4.28 4.20 4.12 4.05 4.00 3.96 3.93 3.92 3.94 3.99 4.08 4.20 4.36 4.54 4.76 5.03 5.34 5.67 6.03 6.38 6.73 7.07 7.37 7.64 7.86 8.06 8.23 8.38 8.51 8.62 8.72 8.80 8.88 8.95 9.01 9.05 9.07 9.06 9.03 8.98
5.51 5.51 5.52 5.55 5.60 5.65 5.71 5.77 5.83 5.88 5.93 5.98 6.03 6.07 6.11 6.14 6.16 6.15 6.12 6.07 6.01 5.94 5.87 5.80 5.75 5.70 5.64 5.58 5.51 5.44 5.36 5.28 5.20 5.13 5.06 4.99 4.92 4.85 4.78 4.69 4.58 4.47 4.35 4.25 4.16 4.07 4.00 3.94 3.89 3.86 3.85 3.87 3.94 4.04 4.17 4.33 4.50 4.70 4.93 5.20 5.50 5.82 6.14 6.46 6.76 7.04 7.28 7.48 7.66 7.81 7.95 8.07 8.17 8.27 8.36 8.44 8.51 8.56 8.60 8.61 8.61 8.59 8.54
4.97 5.00 5.04 5.09 5.16 5.23 5.32 5.40 5.49 5.57 5.64 5.71 5.78 5.83 5.89 5.93 5.96 5.97 5.95 5.92 5.88 5.83 5.78 5.75 5.71 5.66 5.61 5.56 5.50 5.43 5.37 5.29 5.22 5.14 5.06 4.99 4.92 4.84 4.76 4.67 4.56 4.44 4.33 4.22 4.12 4.04 3.96 3.89 3.84 3.81 3.81 3.86 3.94 4.04 4.18 4.34 4.51 4.70 4.91 5.14 5.39 5.67 5.95 6.24 6.50 6.75 6.96 7.14 7.29 7.42 7.54 7.65 7.74 7.83 7.92 7.99 8.05 8.10 8.13 8.15 8.15 8.13 8.09
4.48 4.53 4.59 4.67 4.76 4.85 4.95 5.06 5.17 5.27 5.37 5.46 5.54 5.61 5.68 5.74 5.78 5.79 5.79 5.78 5.75 5.73 5.70 5.68 5.65 5.61 5.57 5.53 5.47 5.42 5.35 5.29 5.22 5.14 5.06 4.99 4.91 4.83 4.75 4.65 4.55 4.43 4.31 4.20 4.10 4.01 3.93 3.85 3.81 3.80 3.82 3.89 3.98 4.09 4.23 4.39 4.56 4.75 4.94 5.14 5.35 5.59 5.83 6.07 6.30 6.51 6.68 6.83 6.96 7.07 7.17 7.25 7.34 7.41 7.48 7.55 7.60 7.64 7.67 7.68 7.68 7.66 7.63
4.03 4.10 4.19 4.28 4.39 4.51 4.63 4.75 4.87 5.00 5.11 5.22 5.32 5.41 5.49 5.55 5.60 5.63 5.64 5.64 5.64 5.63 5.62 5.61 5.58 5.56 5.52 5.48 5.44 5.38 5.33 5.27 5.20 5.13 5.06 4.98 4.90 4.82 4.74 4.64 4.53 4.41 4.30 4.19 4.08 3.99 3.91 3.85 3.82 3.83 3.88 3.96 4.06 4.18 4.33 4.49 4.66 4.83 5.02 5.20 5.38 5.57 5.76 5.96 6.15 6.32 6.46 6.57 6.66 6.74 6.82 6.88 6.95 7.01 7.06 7.11 7.15 7.18 7.20 7.21 7.21 7.19 7.16
3.63 3.72 3.82 3.94 4.06 4.19 4.33 4.47 4.61 4.75 4.88 5.00 5.12 5.22 5.31 5.38 5.44 5.48 5.50 5.52 5.53 5.54 5.54 5.53 5.51 5.49 5.47 5.43 5.39 5.35 5.29 5.24 5.18 5.11 5.04 4.97 4.89 4.81 4.72 4.63 4.52 4.41 4.29 4.18 4.08 3.98 3.91 3.88 3.88 3.92 3.98 4.07 4.19 4.32 4.47 4.62 4.79 4.96 5.13 5.30 5.46 5.61 5.76 5.91 6.06 6.18 6.27 6.35 6.40 6.45 6.50 6.54 6.58 6.62 6.66 6.69 6.71 6.73 6.75 6.75 6.74 6.72 6.69
3.27 3.38 3.50 3.63 3.77 3.92 4.07 4.22 4.38 4.53 4.67 4.81 4.94 5.05 5.15 5.23 5.30 5.35 5.38 5.41 5.43 5.45 5.46 5.45 5.45 5.43 5.41 5.38 5.35 5.31 5.26 5.21 5.15 5.09 5.02 4.95 4.88 4.80 4.71 4.62 4.52 4.40 4.29 4.18 4.08 4.00 3.96 3.96 3.98 4.04 4.13 4.23 4.36 4.50 4.65 4.80 4.97 5.13 5.29 5.44 5.58 5.71 5.82 5.92 6.02 6.09 6.14 6.17 6.19 6.20 6.21 6.23 6.24 6.26 6.28 6.29 6.30 6.31 6.31 6.30 6.29 6.27 6.23
2.97 3.09 3.23 3.37 3.53 3.69 3.85 4.01 4.18 4.34 4.49 4.64 4.78 4.90 5.01 5.10 5.17 5.23 5.28 5.32 5.35 5.37 5.38 5.39 5.38 5.37 5.36 5.33 5.30 5.27 5.23 5.18 5.13 5.07 5.00 4.93 4.86 4.78 4.70 4.61 4.51 4.40 4.30 4.19 4.11 4.06 4.06 4.08 4.13 4.21 4.31 4.43 4.57 4.71 4.87 5.03 5.18 5.34 5.49 5.62 5.75 5.85 5.93 5.99 6.03 6.06 6.05 6.03 6.01 5.98 5.96 5.95 5.94 5.93 5.93 5.92 5.91 5.91 5.89 5.88 5.86 5.83 5.79
2.72 2.86 3.01 3.16 3.33 3.50 3.67 3.84 4.02 4.18 4.35 4.50 4.65 4.78 4.89 4.99 5.07 5.13 5.19 5.23 5.27 5.30 5.32 5.33 5.33 5.33 5.32 5.30 5.27 5.24 5.20 5.16 5.11 5.05 4.99 4.92 4.85 4.77 4.69 4.61 4.51 4.41 4.31 4.23 4.18 4.17 4.19 4.25 4.33 4.43 4.54 4.68 4.82 4.98 5.13 5.29 5.44 5.59 5.72 5.84 5.95 6.03 6.08 6.11 6.11 6.07 6.02 5.95 5.88 5.81 5.76 5.72 5.68 5.64 5.61 5.59 5.56 5.54 5.51 5.48 5.45 5.41 5.37
2.53 2.68 2.84 3.00 3.18 3.36 3.54 3.72 3.90 4.07 4.24 4.40 4.54 4.68 4.80 4.90 4.98 5.06 5.12 5.17 5.21 5.25 5.27 5.29 5.30 5.30 5.29 5.28 5.25 5.23 5.19 5.15 5.10 5.05 4.99 4.92 4.85 4.77 4.69 4.61 4.52 4.42 4.35 4.30 4.30 4.32 4.38 4.46 4.56 4.68 4.82 4.97 5.12 5.28 5.44 5.59 5.74 5.88 6.00 6.10 6.19 6.24 6.27 6.27 6.23 6.15 6.03 5.91 5.80 5.70 5.61 5.53 5.46 5.40 5.34 5.29 5.25 5.20 5.16 5.12 5.08 5.03 4.98
2.40 2.55 2.72 2.89 3.07 3.26 3.44 3.63 3.81 3.99 4.16 4.33 4.48 4.61 4.73 4.84 4.92 5.00 5.07 5.13 5.18 5.22 5.25 5.27 5.28 5.29 5.28 5.27 5.25 5.23 5.19 5.15 5.11 5.06 5.00 4.93 4.86 4.79 4.71 4.62 4.53 4.46 4.42 4.42 4.45 4.51 4.60 4.71 4.84 4.98 5.13 5.29 5.45 5.62 5.78 5.93 6.07 6.20 6.31 6.40 6.46 6.49 6.49 6.45 6.38 6.26 6.10 5.93 5.78 5.64 5.51 5.40 5.30 5.21 5.13 5.05 4.98 4.92 4.86 4.80 4.74 4.69 4.63
2.29 2.45 2.63 2.81 2.99 3.18 3.38 3.57 3.75 3.94 4.11 4.27 4.43 4.56 4.68 4.78 4.87 4.96 5.03 5.10 5.15 5.20 5.23 5.26 5.28 5.29 5.29 5.28 5.26 5.24 5.21 5.17 5.13 5.08 5.02 4.96 4.89 4.81 4.73 4.65 4.56 4.50 4.49 4.53 4.61 4.70 4.82 4.96 5.11 5.27 5.44 5.61 5.79 5.95 6.12 6.27 6.40 6.52 6.62 6.69 6.73 6.74 6.71 6.64 6.53 6.37 6.19 5.99 5.80 5.62 5.46 5.31 5.17 5.05 4.94 4.84 4.75 4.66 4.58 4.51 4.44 4.37 4.30
2.20 2.37 2.55 2.74 2.93 3.12 3.32 3.52 3.71 3.89 4.07 4.23 4.39 4.52 4.64 4.74 4.83 4.91 4.99 5.07 5.13 5.18 5.22 5.25 5.27 5.29 5.29 5.29 5.28 5.26 5.23 5.19 5.15 5.10 5.05 4.99 4.92 4.84 4.76 4.68 4.61 4.55 4.56 4.63 4.74 4.87 5.02 5.19 5.36 5.54 5.73 5.92 6.10 6.27 6.43 6.58 6.71 6.82 6.90 6.96 6.98 6.96 6.90 6.80 6.66 6.49 6.29 6.07 5.85 5.63 5.43 5.25 5.08 4.92 4.78 4.66 4.54 4.43 4.33 4.24 4.16 4.08 4.00
2.12 2.30 2.48 2.68 2.88 3.08 3.28 3.48 3.67 3.86 4.04 4.21 4.36 4.50 4.61 4.71 4.79 4.88 4.96 5.03 5.10 5.16 5.21 5.24 5.27 5.29 5.30 5.30 5.29 5.28 5.25 5.22 5.18 5.14 5.08 5.02 4.96 4.88 4.81 4.74 4.67 4.63 4.64 4.72 4.86 5.02 5.20 5.40 5.59 5.80 6.00 6.20 6.39 6.57 6.73 6.88 7.00 7.10 7.17 7.20 7.20 7.16 7.08 6.95 6.79 6.60 6.39 6.15 5.91 5.67 5.43 5.21 5.01 4.82 4.66 4.50 4.36 4.23 4.11 4.00 3.90 3.81 3.72
2.06 2.24 2.44 2.64 2.85 3.05 3.26 3.46 3.66 3.85 4.03 4.20 4.35 4.47 4.58 4.68 4.76 4.84 4.92 5.00 5.08 5.14 5.19 5.24 5.27 5.30 5.31 5.32 5.31 5.30 5.28 5.25 5.22 5.17 5.12 5.06 5.00 4.93 4.87 4.81 4.75 4.72 4.74 4.82 4.96 5.15 5.36 5.58 5.80 6.03 6.24 6.45 6.65 6.84 7.00 7.15 7.27 7.35 7.41 7.43 7.40 7.34 7.23 7.09 6.92 6.72 6.49 6.24 5.99 5.72 5.46 5.21 4.97 4.75 4.55 4.37 4.21 4.05 3.91 3.79 3.67 3.56 3.46
2.02 2.21 2.41 2.62 2.83 3.04 3.25 3.46 3.66 3.85 4.03 4.20 4.34 4.46 4.57 4.66 4.74 4.82 4.90 4.98 5.05 5.12 5.18 5.23 5.27 5.30 5.32 5.33 5.34 5.33 5.31 5.29 5.26 5.21 5.17 5.11 5.05 4.99 4.94 4.89 4.85 4.82 4.85 4.94 5.08 5.27 5.50 5.74 5.99 6.23 6.47 6.69 6.90 7.09 7.25 7.39 7.50 7.58 7.62 7.62 7.58 7.50 7.38 7.23 7.05 6.83 6.59 6.33 6.06 5.79 5.51 5.23 4.96 4.71 4.48 4.27 4.08 3.90 3.74 3.60 3.46 3.34 3.23
2.00 2.20 2.41 2.62 2.84 3.05 3.27 3.48 3.68 3.88 4.05 4.21 4.34 4.45 4.55 4.64 4.72 4.80 4.88 4.95 5.03 5.10 5.17 5.22 5.27 5.31 5.33 5.35 5.36 5.36 5.34 5.32 5.30 5.26 5.21 5.17 5.12 5.07 5.03 4.99 4.95 4.94 4.98 5.07 5.21 5.39 5.62 5.88 6.15 6.41 6.66 6.90 7.11 7.31 7.48 7.61 7.72 7.79 7.81 7.80 7.74 7.64 7.52 7.36 7.17 6.95 6.70 6.42 6.14 5.86 5.56 5.27 4.98 4.70 4.44 4.20 3.98 3.78 3.60 3.43 3.29 3.15 3.03
2.01 2.21 2.43 2.65 2.87 3.09 3.31 3.52 3.73 3.91 4.08 4.22 4.34 4.45 4.55 4.63 4.71 4.79 4.86 4.94 5.01 5.08 5.15 5.21 5.27 5.31 5.34 5.37 5.38 5.38 5.38 5.36 5.34 5.31 5.27 5.23 5.19 5.15 5.12 5.09 5.07 5.07 5.11 5.21 5.35 5.53 5.75 6.01 6.29 6.57 6.83 7.08 7.30 7.50 7.67 7.81 7.91 7.96 7.98 7.95 7.88 7.79 7.66 7.49 7.30 7.07 6.80 6.52 6.23 5.93 5.63 5.32 5.01 4.71 4.42 4.16 3.91 3.69 3.48 3.30 3.13 2.98 2.84
2.04 2.25 2.47 2.70 2.92 3.15 3.37 3.59 3.78 3.96 4.11 4.24 4.36 4.46 4.55 4.63 4.71 4.78 4.86 4.93 5.00 5.07 5.14 5.20 5.26 5.31 5.35 5.38 5.40 5.41 5.41 5.40 5.38 5.36 5.33 5.30 5.27 5.25 5.23 5.21 5.20 5.21 5.26 5.36 5.50 5.68 5.89 6.14 6.41 6.69 6.98 7.24 7.47 7.67 7.84 7.97 8.06 8.11 8.12 8.08 8.02 7.92 7.79 7.63 7.42 7.19 6.91 6.62 6.32 6.01 5.69 5.38 5.06 4.74 4.44 4.14 3.87 3.62 3.39 3.19 3.00 2.84 2.69
2.10 2.32 2.55 2.78 3.01 3.24 3.46 3.67 3.85 4.01 4.15 4.27 4.37 4.47 4.56 4.63 4.71 4.78 4.85 4.93 4.99 5.06 5.13 5.19 5.25 5.31 5.36 5.39 5.42 5.43 5.44 5.44 5.43 5.41 5.39 5.38 5.36 5.35 5.34 5.33 5.33 5.35 5.41 5.51 5.66 5.83 6.04 6.27 6.53 6.81 7.09 7.36 7.60 7.81 7.98 8.11 8.19 8.24 8.24 8.21 8.15 8.05 7.92 7.75 7.55 7.30 7.02 6.72 6.41 6.09 5.76 5.44 5.11 4.79 4.47 4.15 3.86 3.58 3.33 3.11 2.90 2.72 2.56
2.19 2.41 2.65 2.88 3.12 3.35 3.56 3.75 3.92 4.06 4.19 4.30 4.40 4.49 4.57 4.64 4.72 4.79 4.86 4.93 4.99 5.06 5.12 5.19 5.25 5.31 5.36 5.40 5.44 5.46 5.47 5.47 5.47 5.47 5.46 5.46 5.45 5.45 5.45 5.46 5.47 5.50 5.57 5.68 5.82 5.99 6.20 6.42 6.66 6.92 7.19 7.46 7.71 7.92 8.09 8.22 8.30 8.34 8.35 8.33 8.27 8.18 8.05 7.88 7.67 7.42 7.13 6.82 6.50 6.17 5.84 5.51 5.17 4.84 4.51 4.18 3.87 3.57 3.30 3.05 2.83 2.63 2.47
2.32 2.54 2.78 3.02 3.26 3.48 3.67 3.84 3.99 4.12 4.24 4.34 4.43 4.51 4.59 4.66 4.73 4.80 4.87 4.93 5.00 5.06 5.13 5.19 5.25 5.30 5.36 5.41 5.45 5.48 5.50 5.51 5.52 5.53 5.54 5.54 5.55 5.56 5.57 5.59 5.62 5.66 5.73 5.84 5.99 6.16 6.35 6.57 6.80 7.04 7.29 7.54 7.78 8.00 8.17 8.29 8.38 8.44 8.46 8.44 8.39 8.30 8.17 7.99 7.78 7.53 7.24 6.92 6.59 6.26 5.92 5.58 5.24 4.90 4.56 4.23 3.90 3.59 3.29 3.03 2.79 2.58 2.41
2.49 2.71 2.94 3.19 3.41 3.61 3.79 3.94 4.07 4.19 4.29 4.38 4.46 4.54 4.61 4.68 4.74 4.81 4.88 4.94 5.01 5.07 5.13 5.19 5.25 5.30 5.36 5.41 5.46 5.50 5.53 5.55 5.57 5.59 5.61 5.63 5.64 5.67 5.69 5.72 5.76 5.81 5.90 6.01 6.16 6.33 6.52 6.72 6.94 7.16 7.39 7.61 7.83 8.04 8.22 8.35 8.46 8.52 8.55 8.54 8.49 8.41 8.28 8.11 7.90 7.64 7.34 7.02 6.69 6.35 6.01 5.66 5.31 4.96 4.62 4.28 3.95 3.63 3.32 3.03 2.78 2.57 2.40
2.71 2.92 3.15 3.37 3.57 3.75 3.90 4.04 4.16 4.26 4.35 4.43 4.50 4.57 4.64 4.70 4.77 4.83 4.89 4.96 5.02 5.08 5.14 5.20 5.26 5.31 5.36 5.41 5.46 5.51 5.55 5.59 5.62 5.65 5.68 5.71 5.74 5.77 5.81 5.85 5.90 5.97 6.06 6.18 6.33 6.49 6.68 6.87 7.07 7.28 7.49 7.69 7.88 8.07 8.25 8.40 8.51 8.59 8.63 8.63 8.59 8.51 8.38 8.22 8.00 7.75 7.45 7.12 6.79 6.44 6.10 5.74 5.39 5.04 4.69 4.34 4.00 3.68 3.36 3.07 2.81 2.60 2.43
2.96 3.17 3.37 3.56 3.74 3.89 4.03 4.15 4.25 4.34 4.41 4.48 4.55 4.61 4.67 4.73 4.79 4.85 4.92 4.98 5.04 5.10 5.15 5.21 5.27 5.32 5.37 5.42 5.47 5.52 5.58 5.62 5.67 5.71 5.75 5.79 5.83 5.88 5.93 5.98 6.04 6.12 6.22 6.35 6.50 6.66 6.84 7.02 7.21 7.40 7.59 7.77 7.94 8.10 8.27 8.43 8.56 8.65 8.70 8.71 8.68 8.60 8.48 8.32 8.11 7.85 7.55 7.22 6.88 6.54 6.19 5.83 5.47 5.12 4.76 4.41 4.07 3.74 3.43 3.14 2.89 2.67 2.49
