data_processed/recharge/precip/Precip_2003_03.asc
ncols        168
nrows        136
xllcorner    455000
yllcorner    2107000
cellsize     500
NODATA_value     -99999
[rows 35 to 69 of 136, columns 0 to 77 of 168]
15.21 16.49 17.86 19.29 20.79 22.32 23.89 25.46 27.04 28.61 30.15 31.65 33.09 34.47 35.76 36.97 38.06 39.03 39.86 40.51 40.96 41.21 41.24 41.10 40.84 40.50 40.07 39.56 38.84 37.83 36.56 35.06 33.35 31.47 29.44 27.31 25.10 22.83 20.55 18.29 16.06 13.91 11.87 9.97 8.27 6.89 5.84 5.16 4.83 4.74 4.78 4.93 5.19 5.56 6.00 6.53 7.12 7.78 8.48 9.24 10.03 10.85 11.69 12.55 13.42 14.29 15.15 16.00 16.83 17.62 18.35 19.00 19.56 20.04 20.44 20.82 21.19 21.56
15.51 16.74 18.06 19.45 20.89 22.38 23.90 25.42 26.95 28.46 29.95 31.39 32.78 34.10 35.34 36.48 37.52 38.42 39.16 39.71 40.06 40.22 40.18 39.97 39.66 39.25 38.78 38.23 37.59 36.77 35.68 34.34 32.77 31.02 29.12 27.08 24.95 22.76 20.53 18.30 16.10 13.95 11.90 10.02 8.39 7.06 6.04 5.35 4.99 4.85 4.83 4.92 5.13 5.44 5.84 6.33 6.89 7.51 8.19 8.92 9.69 10.50 11.33 12.18 13.05 13.92 14.78 15.64 16.47 17.26 17.97 18.60 19.16 19.63 20.04 20.43 20.82 21.20
15.89 17.07 18.34 19.67 21.07 22.50 23.96 25.43 26.90 28.35 29.78 31.16 32.49 33.75 34.92 36.00 36.96 37.76 38.40 38.85 39.11 39.19 39.08 38.81 38.43 37.98 37.45 36.85 36.20 35.47 34.56 33.40 32.00 30.40 28.63 26.72 24.69 22.58 20.43 18.25 16.09 13.98 11.98 10.19 8.66 7.39 6.40 5.70 5.31 5.12 5.05 5.10 5.25 5.50 5.85 6.30 6.81 7.40 8.05 8.75 9.50 10.28 11.10 11.94 12.79 13.66 14.52 15.38 16.19 16.95 17.64 18.25 18.80 19.28 19.70 20.10 20.50 20.90
16.35 17.48 18.69 19.97 21.30 22.67 24.07 25.48 26.88 28.27 29.63 30.95 32.21 33.39 34.50 35.49 36.35 37.05 37.57 37.93 38.11 38.11 37.94 37.60 37.17 36.67 36.10 35.46 34.77 34.02 33.21 32.24 31.03 29.60 27.98 26.21 24.30 22.30 20.24 18.14 16.04 14.01 12.15 10.49 9.06 7.85 6.90 6.20 5.78 5.54 5.43 5.42 5.53 5.73 6.03 6.42 6.89 7.44 8.05 8.72 9.44 10.20 10.99 11.82 12.66 13.51 14.37 15.19 15.97 16.69 17.35 17.96 18.50 18.97 19.40 19.81 20.22 20.63
16.89 17.96 19.11 20.32 21.59 22.89 24.22 25.56 26.89 28.21 29.50 30.74 31.92 33.03 34.05 34.95 35.69 36.27 36.70 36.96 37.06 37.00 36.76 36.37 35.89 35.34 34.73 34.06 33.33 32.56 31.74 30.88 29.86 28.62 27.17 25.55 23.79 21.92 19.96 17.96 15.98 14.13 12.43 10.91 9.57 8.43 7.51 6.82 6.37 6.10 5.94 5.89 5.95 6.11 6.36 6.70 7.12 7.62 8.19 8.82 9.50 10.23 11.00 11.80 12.63 13.46 14.28 15.06 15.79 16.48 17.12 17.70 18.24 18.71 19.14 19.56 19.98 20.40
17.48 18.50 19.58 20.73 21.93 23.15 24.41 25.67 26.93 28.17 29.38 30.54 31.64 32.66 33.57 34.34 34.97 35.45 35.78 35.96 35.98 35.84 35.55 35.11 34.59 34.00 33.35 32.65 31.89 31.10 30.26 29.40 28.49 27.44 26.19 24.75 23.15 21.42 19.60 17.75 15.98 14.33 12.80 11.41 10.17 9.11 8.23 7.55 7.07 6.76 6.57 6.48 6.49 6.61 6.81 7.11 7.48 7.93 8.46 9.04 9.69 10.39 11.12 11.90 12.69 13.48 14.24 14.97 15.66 16.31 16.92 17.49 18.01 18.48 18.92 19.35 19.78 20.21
18.12 19.07 20.10 21.18 22.30 23.45 24.63 25.81 26.98 28.14 29.26 30.33 31.34 32.25 33.03 33.68 34.19 34.57 34.81 34.91 34.86 34.67 34.32 33.83 33.27 32.64 31.96 31.23 30.46 29.64 28.79 27.91 27.02 26.09 25.03 23.79 22.37 20.81 19.18 17.58 16.04 14.59 13.23 11.98 10.85 9.86 9.03 8.36 7.87 7.52 7.29 7.17 7.14 7.22 7.38 7.63 7.96 8.37 8.84 9.39 9.99 10.64 11.35 12.08 12.82 13.55 14.25 14.92 15.57 16.18 16.76 17.31 17.82 18.29 18.73 19.16 19.60 20.04
18.79 19.69 20.65 21.66 22.71 23.78 24.87 25.96 27.05 28.11 29.14 30.12 31.01 31.78 32.43 32.97 33.38 33.66 33.82 33.84 33.72 33.46 33.06 32.54 31.94 31.28 30.58 29.82 29.03 28.19 27.34 26.45 25.55 24.64 23.71 22.67 21.45 20.12 18.77 17.44 16.14 14.89 13.71 12.60 11.59 10.68 9.89 9.24 8.73 8.35 8.09 7.93 7.88 7.91 8.04 8.25 8.54 8.90 9.34 9.83 10.39 11.00 11.66 12.33 13.00 13.65 14.28 14.90 15.50 16.08 16.64 17.16 17.66 18.13 18.57 19.01 19.45 19.90
19.50 20.33 21.22 22.16 23.13 24.12 25.13 26.13 27.12 28.09 29.02 29.87 30.61 31.26 31.79 32.22 32.53 32.72 32.79 32.74 32.56 32.25 31.80 31.24 30.61 29.93 29.19 28.42 27.61 26.77 25.90 25.02 24.12 23.22 22.31 21.40 20.43 19.42 18.37 17.31 16.26 15.22 14.22 13.26 12.36 11.53 10.79 10.16 9.64 9.24 8.95 8.76 8.67 8.68 8.77 8.95 9.20 9.53 9.92 10.37 10.89 11.45 12.03 12.62 13.20 13.78 14.36 14.92 15.47 16.01 16.54 17.04 17.53 17.99 18.43 18.87 19.32 19.77
20.22 20.99 21.81 22.67 23.56 24.47 25.39 26.30 27.20 28.06 28.85 29.56 30.17 30.69 31.11 31.43 31.64 31.74 31.74 31.62 31.38 31.02 30.53 29.94 29.28 28.57 27.82 27.03 26.21 25.37 24.50 23.62 22.73 21.84 20.95 20.11 19.39 18.70 17.97 17.19 16.38 15.56 14.74 13.93 13.14 12.41 11.72 11.11 10.59 10.17 9.85 9.64 9.52 9.50 9.56 9.70 9.92 10.21 10.57 10.99 11.45 11.94 12.44 12.93 13.44 13.94 14.45 14.96 15.47 15.97 16.46 16.94 17.41 17.86 18.31 18.75 19.21 19.67
20.95 21.65 22.39 23.18 23.99 24.81 25.64 26.46 27.25 27.98 28.63 29.20 29.68 30.08 30.39 30.61 30.73 30.75 30.67 30.48 30.19 29.78 29.26 28.64 27.96 27.23 26.47 25.67 24.84 23.99 23.13 22.25 21.38 20.50 19.68 18.98 18.42 17.98 17.54 17.05 16.49 15.88 15.24 14.59 13.93 13.28 12.66 12.07 11.55 11.10 10.77 10.53 10.39 10.34 10.38 10.50 10.69 10.95 11.27 11.65 12.05 12.46 12.86 13.28 13.70 14.13 14.58 15.03 15.48 15.94 16.40 16.86 17.31 17.76 18.20 18.65 19.11 19.57
21.68 22.30 22.98 23.68 24.41 25.14 25.88 26.59 27.25 27.84 28.36 28.80 29.16 29.44 29.64 29.76 29.79 29.73 29.58 29.34 28.99 28.55 27.99 27.35 26.65 25.91 25.13 24.33 23.50 22.66 21.80 20.94 20.07 19.26 18.58 18.03 17.61 17.30 17.08 16.86 16.56 16.17 15.73 15.23 14.70 14.14 13.58 13.03 12.50 12.04 11.69 11.44 11.28 11.21 11.22 11.31 11.47 11.71 12.00 12.31 12.64 12.97 13.30 13.64 13.98 14.34 14.72 15.11 15.52 15.93 16.36 16.79 17.23 17.66 18.10 18.55 19.01 19.48
22.39 22.95 23.54 24.16 24.80 25.44 26.08 26.67 27.19 27.65 28.03 28.35 28.59 28.77 28.87 28.89 28.84 28.71 28.49 28.19 27.80 27.32 26.74 26.07 25.36 24.61 23.83 23.02 22.20 21.36 20.51 19.67 18.87 18.20 17.66 17.25 16.95 16.76 16.66 16.63 16.57 16.41 16.16 15.82 15.42 14.96 14.47 13.95 13.42 12.96 12.59 12.32 12.15 12.06 12.05 12.12 12.26 12.47 12.70 12.95 13.20 13.46 13.72 13.99 14.27 14.56 14.87 15.20 15.56 15.93 16.32 16.73 17.15 17.57 18.01 18.46 18.92 19.39
23.09 23.56 24.07 24.61 25.16 25.71 26.22 26.67 27.06 27.39 27.65 27.86 28.00 28.07 28.07 28.01 27.88 27.68 27.40 27.05 26.62 26.10 25.50 24.82 24.09 23.34 22.55 21.75 20.93 20.11 19.28 18.50 17.84 17.32 16.92 16.63 16.45 16.36 16.35 16.41 16.52 16.58 16.53 16.35 16.08 15.73 15.30 14.82 14.30 13.83 13.46 13.18 12.99 12.89 12.86 12.92 13.04 13.19 13.36 13.53 13.72 13.91 14.12 14.33 14.56 14.79 15.04 15.31 15.61 15.94 16.30 16.67 17.07 17.49 17.92 18.36 18.82 19.29
23.74 24.14 24.57 25.02 25.47 25.90 26.27 26.59 26.86 27.07 27.22 27.32 27.36 27.34 27.26 27.12 26.91 26.65 26.32 25.92 25.44 24.90 24.28 23.59 22.86 22.10 21.32 20.53 19.72 18.91 18.15 17.51 17.00 16.61 16.34 16.17 16.09 16.10 16.17 16.29 16.47 16.67 16.81 16.80 16.67 16.42 16.07 15.63 15.12 14.64 14.26 13.98 13.78 13.67 13.63 13.67 13.74 13.83 13.93 14.05 14.18 14.32 14.47 14.63 14.81 15.00 15.20 15.42 15.66 15.95 16.27 16.62 16.99 17.39 17.82 18.26 18.72 19.19
24.36 24.67 25.02 25.37 25.70 25.99 26.24 26.44 26.59 26.69 26.74 26.75 26.70 26.59 26.43 26.22 25.95 25.62 25.24 24.80 24.29 23.72 23.09 22.39 21.66 20.91 20.13 19.35 18.56 17.82 17.19 16.70 16.33 16.08 15.92 15.86 15.87 15.95 16.09 16.27 16.50 16.74 16.99 17.15 17.16 17.02 16.74 16.35 15.86 15.38 15.00 14.71 14.50 14.38 14.34 14.33 14.35 14.38 14.42 14.48 14.56 14.65 14.76 14.88 15.02 15.17 15.33 15.51 15.72 15.95 16.23 16.55 16.91 17.30 17.71 18.16 18.61 19.08
24.92 25.15 25.40 25.64 25.84 26.00 26.12 26.21 26.25 26.26 26.21 26.13 26.00 25.82 25.59 25.31 24.99 24.61 24.18 23.70 23.16 22.58 21.93 21.23 20.50 19.76 19.00 18.23 17.51 16.90 16.43 16.08 15.84 15.70 15.65 15.67 15.77 15.92 16.11 16.35 16.60 16.87 17.14 17.39 17.53 17.50 17.31 16.96 16.49 16.02 15.63 15.34 15.14 15.01 14.93 14.87 14.83 14.81 14.80 14.82 14.85 14.90 14.97 15.06 15.16 15.28 15.42 15.58 15.75 15.95 16.19 16.48 16.81 17.19 17.60 18.03 18.48 18.95
25.42 25.56 25.69 25.80 25.87 25.92 25.93 25.91 25.85 25.76 25.63 25.47 25.26 25.02 24.73 24.40 24.02 23.60 23.14 22.62 22.07 21.46 20.81 20.11 19.39 18.66 17.92 17.21 16.63 16.18 15.85 15.63 15.50 15.47 15.51 15.62 15.78 15.99 16.23 16.50 16.77 17.05 17.32 17.57 17.78 17.86 17.75 17.45 17.00 16.54 16.16 15.87 15.67 15.51 15.37 15.26 15.17 15.11 15.06 15.03 15.03 15.05 15.09 15.15 15.23 15.33 15.45 15.59 15.75 15.93 16.14 16.39 16.70 17.06 17.46 17.89 18.34 18.80
25.84 25.86 25.87 25.85 25.81 25.74 25.65 25.53 25.39 25.21 25.00 24.77 24.50 24.19 23.85 23.48 23.06 22.61 22.11 21.58 21.00 20.39 19.74 19.05 18.34 17.62 16.94 16.38 15.95 15.64 15.44 15.34 15.32 15.38 15.50 15.68 15.90 16.16 16.43 16.72 17.01 17.29 17.54 17.77 17.95 18.07 18.04 17.80 17.37 16.92 16.55 16.27 16.03 15.83 15.65 15.50 15.37 15.26 15.18 15.12 15.09 15.08 15.10 15.14 15.20 15.28 15.39 15.52 15.68 15.86 16.06 16.29 16.57 16.91 17.30 17.72 18.17 18.61
26.14 26.04 25.93 25.79 25.64 25.48 25.29 25.08 24.86 24.60 24.33 24.03 23.70 23.35 22.96 22.55 22.10 21.62 21.11 20.56 19.98 19.36 18.71 18.03 17.34 16.69 16.16 15.75 15.46 15.28 15.20 15.20 15.28 15.42 15.61 15.85 16.12 16.41 16.71 17.01 17.30 17.56 17.79 17.98 18.12 18.19 18.17 17.98 17.59 17.14 16.79 16.48 16.21 15.96 15.74 15.55 15.39 15.25 15.14 15.06 15.01 14.98 14.98 15.01 15.06 15.14 15.24 15.37 15.53 15.71 15.92 16.15 16.42 16.74 17.12 17.53 17.95 18.36
26.32 26.10 25.87 25.63 25.38 25.12 24.85 24.56 24.26 23.94 23.60 23.25 22.87 22.48 22.06 21.61 21.14 20.65 20.13 19.58 19.00 18.38 17.74 17.08 16.46 15.95 15.57 15.30 15.15 15.08 15.11 15.20 15.36 15.58 15.83 16.12 16.42 16.73 17.05 17.35 17.62 17.87 18.06 18.21 18.28 18.28 18.19 17.99 17.62 17.19 16.82 16.47 16.16 15.88 15.63 15.41 15.22 15.07 14.94 14.84 14.77 14.73 14.72 14.74 14.79 14.87 14.98 15.12 15.28 15.47 15.69 15.94 16.22 16.54 16.90 17.30 17.68 18.04
26.38 26.05 25.71 25.38 25.04 24.69 24.34 23.98 23.61 23.23 22.84 22.44 22.02 21.59 21.14 20.68 20.19 19.69 19.17 18.62 18.05 17.46 16.84 16.24 15.76 15.40 15.16 15.03 14.99 15.04 15.16 15.34 15.57 15.84 16.15 16.47 16.80 17.12 17.44 17.73 17.98 18.19 18.34 18.43 18.43 18.35 18.17 17.87 17.46 17.02 16.61 16.24 15.90 15.59 15.31 15.07 14.87 14.69 14.55 14.44 14.37 14.33 14.31 14.34 14.39 14.48 14.59 14.74 14.92 15.13 15.38 15.65 15.95 16.29 16.64 16.99 17.33 17.65
26.42 25.98 25.55 25.12 24.69 24.26 23.83 23.41 22.97 22.54 22.10 21.66 21.20 20.74 20.27 19.79 19.30 18.79 18.27 17.73 17.17 16.60 16.03 15.52 15.18 14.97 14.86 14.85 14.93 15.07 15.28 15.53 15.83 16.15 16.49 16.84 17.19 17.52 17.83 18.10 18.32 18.48 18.58 18.60 18.53 18.35 18.07 17.67 17.21 16.75 16.31 15.90 15.53 15.20 14.90 14.64 14.41 14.23 14.07 13.96 13.87 13.83 13.82 13.84 13.90 13.99 14.12 14.29 14.48 14.71 14.98 15.28 15.61 15.96 16.31 16.62 16.91 17.20
26.54 26.00 25.46 24.94 24.42 23.92 23.41 22.92 22.43 21.94 21.45 20.96 20.47 19.98 19.49 18.99 18.49 17.98 17.46 16.93 16.39 15.86 15.35 14.92 14.66 14.57 14.60 14.70 14.88 15.11 15.40 15.72 16.07 16.44 16.82 17.19 17.54 17.87 18.16 18.40 18.59 18.70 18.74 18.68 18.52 18.25 17.87 17.42 16.96 16.50 16.03 15.59 15.19 14.83 14.50 14.22 13.97 13.76 13.59 13.46 13.37 13.32 13.30 13.33 13.39 13.49 13.62 13.79 14.00 14.25 14.53 14.85 15.20 15.54 15.88 16.18 16.44 16.70
26.74 26.09 25.46 24.85 24.24 23.66 23.08 22.52 21.97 21.42 20.89 20.36 19.84 19.32 18.80 18.29 17.78 17.26 16.75 16.23 15.72 15.25 14.81 14.44 14.24 14.22 14.35 14.56 14.83 15.16 15.51 15.90 16.30 16.71 17.11 17.49 17.85 18.16 18.43 18.64 18.78 18.84 18.81 18.67 18.42 18.05 17.63 17.18 16.72 16.25 15.79 15.33 14.89 14.49 14.13 13.82 13.55 13.32 13.13 12.98 12.87 12.81 12.79 12.80 12.86 12.96 13.10 13.27 13.49 13.75 14.05 14.37 14.70 15.03 15.36 15.65 15.92 16.15
27.00 26.27 25.55 24.84 24.15 23.48 22.84 22.21 21.59 21.00 20.41 19.84 19.29 18.74 18.20 17.67 17.15 16.63 16.12 15.63 15.18 14.76 14.39 14.09 13.95 13.96 14.14 14.43 14.80 15.19 15.62 16.06 16.50 16.94 17.36 17.75 18.10 18.40 18.64 18.81 18.90 18.89 18.78 18.56 18.22 17.81 17.39 16.95 16.49 16.02 15.55 15.09 14.63 14.19 13.80 13.45 13.15 12.89 12.68 12.51 12.39 12.31 12.27 12.28 12.33 12.42 12.56 12.74 12.96 13.22 13.52 13.82 14.13 14.44 14.76 15.05 15.32 15.56
27.26 26.50 25.71 24.91 24.14 23.39 22.67 21.98 21.30 20.65 20.02 19.41 18.82 18.25 17.69 17.14 16.61 16.10 15.60 15.16 14.76 14.40 14.10 13.86 13.76 13.81 14.00 14.33 14.75 15.22 15.71 16.19 16.67 17.13 17.56 17.95 18.29 18.57 18.78 18.90 18.93 18.85 18.66 18.35 17.97 17.58 17.16 16.73 16.27 15.80 15.33 14.86 14.40 13.94 13.51 13.13 12.79 12.50 12.26 12.06 11.92 11.82 11.76 11.75 11.79 11.88 12.01 12.18 12.40 12.66 12.93 13.20 13.49 13.78 14.09 14.38 14.65 14.90
27.52 26.74 25.92 25.06 24.20 23.38 22.59 21.83 21.09 20.39 19.71 19.06 18.44 17.84 17.26 16.70 16.16 15.66 15.20 14.80 14.46 14.16 13.91 13.73 13.68 13.75 13.96 14.28 14.72 15.23 15.77 16.30 16.80 17.28 17.72 18.10 18.42 18.67 18.83 18.90 18.86 18.71 18.44 18.10 17.73 17.35 16.94 16.51 16.05 15.58 15.11 14.65 14.18 13.72 13.27 12.85 12.47 12.15 11.87 11.65 11.47 11.35 11.27 11.24 11.26 11.34 11.46 11.62 11.83 12.05 12.28 12.53 12.79 13.07 13.36 13.65 13.93 14.19
27.79 26.98 26.14 25.25 24.34 23.44 22.58 21.75 20.96 20.21 19.49 18.80 18.14 17.51 16.91 16.34 15.81 15.33 14.92 14.57 14.27 14.02 13.83 13.70 13.69 13.79 14.00 14.32 14.74 15.24 15.80 16.36 16.89 17.38 17.81 18.18 18.48 18.69 18.80 18.81 18.70 18.47 18.17 17.85 17.50 17.13 16.73 16.31 15.85 15.38 14.91 14.44 13.98 13.52 13.07 12.62 12.20 11.84 11.52 11.26 11.06 10.90 10.80 10.75 10.75 10.81 10.91 11.06 11.22 11.40 11.60 11.81 12.05 12.31 12.59 12.87 13.15 13.43
28.04 27.22 26.36 25.46 24.53 23.58 22.65 21.76 20.91 20.10 19.34 18.61 17.92 17.26 16.64 16.07 15.56 15.12 14.75 14.43 14.18 13.98 13.84 13.76 13.79 13.91 14.13 14.44 14.82 15.29 15.82 16.39 16.93 17.42 17.85 18.20 18.46 18.63 18.68 18.62 18.44 18.19 17.92 17.61 17.28 16.92 16.54 16.11 15.66 15.19 14.72 14.25 13.79 13.33 12.88 12.43 11.99 11.58 11.22 10.92 10.68 10.49 10.36 10.28 10.26 10.29 10.37 10.46 10.58 10.72 10.87 11.06 11.27 11.51 11.78 12.06 12.35 12.64
28.28 27.45 26.58 25.67 24.73 23.76 22.79 21.84 20.93 20.07 19.26 18.49 17.77 17.09 16.47 15.91 15.43 15.02 14.68 14.40 14.19 14.04 13.94 13.91 13.97 14.11 14.33 14.62 14.98 15.39 15.87 16.39 16.92 17.41 17.82 18.14 18.36 18.47 18.47 18.34 18.15 17.92 17.67 17.39 17.07 16.73 16.35 15.93 15.48 15.01 14.54 14.07 13.61 13.15 12.70 12.25 11.81 11.38 10.98 10.63 10.35 10.13 9.96 9.85 9.80 9.79 9.81 9.85 9.92 10.01 10.13 10.29 10.47 10.70 10.95 11.23 11.52 11.82
28.51 27.68 26.80 25.88 24.93 23.96 22.97 21.98 21.02 20.11 19.26 18.45 17.70 17.01 16.39 15.86 15.40 15.01 14.70 14.46 14.28 14.17 14.12 14.13 14.21 14.37 14.58 14.86 15.18 15.55 15.96 16.40 16.86 17.32 17.71 17.99 18.17 18.23 18.16 18.03 17.86 17.66 17.43 17.17 16.87 16.54 16.17 15.76 15.31 14.84 14.37 13.90 13.44 12.99 12.53 12.09 11.65 11.21 10.79 10.40 10.07 9.81 9.60 9.45 9.36 9.29 9.25 9.23 9.25 9.30 9.38 9.50 9.67 9.87 10.12 10.39 10.68 11.00
28.73 27.89 27.00 26.08 25.13 24.16 23.17 22.18 21.18 20.23 19.33 18.49 17.71 17.02 16.42 15.90 15.46 15.10 14.81 14.60 14.46 14.38 14.37 14.42 14.53 14.69 14.90 15.15 15.44 15.75 16.09 16.45 16.81 17.18 17.52 17.77 17.89 17.89 17.82 17.71 17.58 17.41 17.20 16.96 16.68 16.37 16.01 15.60 15.15 14.68 14.21 13.75 13.29 12.83 12.38 11.94 11.50 11.07 10.64 10.23 9.85 9.54 9.29 9.09 8.93 8.79 8.69 8.62 8.58 8.59 8.63 8.72 8.86 9.05 9.28 9.55 9.85 10.17
28.92 28.08 27.19 26.27 25.33 24.36 23.37 22.38 21.39 20.41 19.46 18.60 17.82 17.13 16.54 16.03 15.61 15.27 15.00 14.81 14.70 14.66 14.68 14.76 14.89 15.06 15.26 15.48 15.73 15.99 16.25 16.52 16.78 17.03 17.26 17.44 17.52 17.51 17.48 17.41 17.31 17.17 16.99 16.77 16.51 16.20 15.85 15.45 15.01 14.54 14.07 13.61 13.15 12.70 12.25 11.80 11.37 10.94 10.52 10.10 9.70 9.34 9.03 8.76 8.52 8.31 8.15 8.02 7.93 7.89 7.90 7.96 8.07 8.24 8.46 8.72 9.02 9.36
29.09 28.25 27.37 26.46 25.51 24.55 23.57 22.59 21.61 20.63 19.68 18.80 18.02 17.34 16.75 16.25 15.83 15.51 15.26 15.09 15.01 14.99 15.04 15.16 15.30 15.47 15.66 15.85 16.05 16.25 16.44 16.61 16.77 16.89 16.99 17.05 17.11 17.14 17.15 17.12 17.05 16.94 16.78 16.59 16.34 16.05 15.71 15.32 14.87 14.41 13.94 13.48 13.03 12.57 12.13 11.69 11.25 10.82 10.40 9.99 9.59 9.19 8.81 8.45 8.14 7.86 7.63 7.44 7.31 7.22 7.19 7.22 7.30 7.45 7.66 7.92 8.23 8.57
