data_processed/recharge/precip/Precip_2010_11.asc
ncols        168
nrows        136
xllcorner    455000
yllcorner    2107000
cellsize     500
NODATA_value     -99999
[rows 72 to 107 of 136, columns 82 to 163 of 168]
12.48 12.78 13.07 13.35 13.62 13.87 14.11 14.34 14.56 14.76 14.95 15.12 15.27 15.40 15.50 15.59 15.65 15.70 15.72 15.73 15.72 15.69 15.64 15.58 15.51 15.42 15.31 15.18 15.04 14.87 14.70 14.50 14.29 14.07 13.83 13.58 13.32 13.05 12.77 12.48 12.18 11.87 11.55 11.22 10.89 10.56 10.22 9.87 9.52 9.17 8.82 8.47 8.11 7.76 7.40 7.05 6.70 6.36 6.01 5.68 5.34 5.02 4.70 4.40 4.12 3.87 3.65 3.46 3.29 3.16 3.05 2.97 2.93 2.91 2.92 2.97 3.04 3.13 3.22 3.31 3.40 3.49
12.72 13.01 13.30 13.58 13.84 14.09 14.32 14.54 14.75 14.95 15.13 15.29 15.43 15.55 15.65 15.72 15.78 15.81 15.83 15.83 15.81 15.78 15.73 15.66 15.58 15.47 15.35 15.21 15.06 14.89 14.70 14.50 14.28 14.05 13.81 13.55 13.28 13.01 12.72 12.42 12.12 11.81 11.49 11.16 10.83 10.49 10.15 9.80 9.46 9.11 8.76 8.41 8.05 7.70 7.35 7.01 6.66 6.32 5.98 5.65 5.33 5.01 4.70 4.39 4.11 3.85 3.62 3.42 3.25 3.11 3.00 2.92 2.87 2.85 2.86 2.90 2.98 3.06 3.15 3.24 3.33 3.42
12.93 13.23 13.51 13.78 14.04 14.28 14.51 14.73 14.93 15.12 15.29 15.44 15.57 15.68 15.77 15.84 15.88 15.91 15.92 15.91 15.88 15.84 15.78 15.70 15.61 15.50 15.36 15.21 15.05 14.87 14.67 14.46 14.24 14.00 13.75 13.49 13.21 12.93 12.64 12.34 12.03 11.71 11.39 11.06 10.73 10.39 10.05 9.71 9.36 9.01 8.66 8.31 7.97 7.62 7.27 6.93 6.59 6.26 5.93 5.60 5.28 4.97 4.67 4.37 4.09 3.83 3.59 3.38 3.20 3.06 2.94 2.85 2.80 2.78 2.79 2.83 2.90 2.99 3.07 3.16 3.25 3.34
13.13 13.42 13.70 13.97 14.22 14.46 14.68 14.89 15.09 15.26 15.42 15.57 15.69 15.79 15.86 15.92 15.96 15.98 15.98 15.96 15.92 15.87 15.80 15.71 15.61 15.48 15.34 15.18 15.00 14.81 14.61 14.39 14.16 13.91 13.66 13.39 13.11 12.82 12.53 12.22 11.91 11.59 11.27 10.94 10.60 10.27 9.92 9.58 9.23 8.89 8.54 8.19 7.85 7.51 7.16 6.83 6.49 6.16 5.84 5.52 5.21 4.91 4.62 4.33 4.05 3.79 3.55 3.33 3.15 2.99 2.87 2.78 2.72 2.70 2.71 2.75 2.82 2.91 2.99 3.08 3.17 3.26
13.31 13.60 13.88 14.14 14.38 14.62 14.83 15.03 15.22 15.38 15.54 15.67 15.78 15.87 15.93 15.98 16.01 16.02 16.01 15.98 15.94 15.87 15.79 15.69 15.57 15.44 15.28 15.11 14.93 14.73 14.51 14.29 14.05 13.80 13.53 13.26 12.98 12.68 12.38 12.08 11.76 11.44 11.11 10.78 10.45 10.11 9.77 9.42 9.08 8.73 8.39 8.05 7.70 7.36 7.03 6.70 6.37 6.04 5.73 5.42 5.11 4.82 4.53 4.26 3.99 3.74 3.49 3.27 3.08 2.92 2.80 2.70 2.64 2.61 2.62 2.66 2.73 2.82 2.91 2.99 3.08 3.17
13.47 13.75 14.03 14.28 14.52 14.75 14.96 15.15 15.32 15.48 15.62 15.74 15.84 15.92 15.98 16.01 16.03 16.03 16.01 15.97 15.92 15.84 15.75 15.63 15.50 15.36 15.19 15.01 14.82 14.61 14.39 14.15 13.90 13.65 13.38 13.10 12.81 12.51 12.21 11.90 11.58 11.26 10.93 10.60 10.26 9.92 9.58 9.24 8.89 8.55 8.21 7.87 7.53 7.19 6.86 6.53 6.21 5.90 5.59 5.28 4.99 4.70 4.42 4.16 3.90 3.66 3.42 3.21 3.01 2.85 2.72 2.62 2.55 2.52 2.53 2.57 2.64 2.72 2.81 2.90 2.99 3.08
13.62 13.89 14.16 14.41 14.64 14.86 15.06 15.24 15.41 15.55 15.68 15.79 15.88 15.95 15.99 16.02 16.02 16.01 15.98 15.93 15.86 15.77 15.67 15.54 15.40 15.24 15.07 14.88 14.67 14.46 14.23 13.98 13.73 13.47 13.19 12.91 12.61 12.31 12.00 11.69 11.37 11.04 10.71 10.38 10.04 9.70 9.36 9.02 8.68 8.34 8.00 7.66 7.33 6.99 6.67 6.35 6.03 5.72 5.42 5.12 4.83 4.56 4.29 4.03 3.78 3.55 3.33 3.12 2.93 2.76 2.63 2.53 2.46 2.43 2.43 2.47 2.54 2.62 2.71 2.80 2.89 2.98
13.75 14.02 14.27 14.51 14.73 14.94 15.14 15.31 15.46 15.60 15.72 15.81 15.89 15.94 15.98 15.99 15.99 15.96 15.92 15.86 15.78 15.67 15.55 15.42 15.26 15.10 14.91 14.71 14.50 14.27 14.03 13.78 13.52 13.25 12.97 12.68 12.38 12.08 11.77 11.45 11.12 10.80 10.46 10.13 9.79 9.45 9.11 8.77 8.43 8.10 7.76 7.42 7.09 6.77 6.44 6.13 5.82 5.51 5.22 4.93 4.65 4.38 4.12 3.88 3.64 3.42 3.21 3.01 2.83 2.67 2.53 2.42 2.35 2.32 2.32 2.36 2.43 2.52 2.60 2.69 2.78 2.87
13.87 14.12 14.36 14.59 14.80 15.00 15.19 15.35 15.50 15.62 15.72 15.81 15.87 15.91 15.93 15.94 15.92 15.88 15.83 15.75 15.65 15.54 15.41 15.26 15.10 14.92 14.72 14.51 14.29 14.06 13.81 13.55 13.28 13.01 12.72 12.42 12.12 11.81 11.50 11.18 10.85 10.52 10.19 9.85 9.51 9.18 8.84 8.50 8.16 7.82 7.49 7.16 6.83 6.51 6.19 5.88 5.58 5.28 4.99 4.71 4.44 4.18 3.93 3.70 3.47 3.26 3.06 2.88 2.71 2.56 2.42 2.32 2.24 2.21 2.21 2.24 2.32 2.40 2.49 2.58 2.67 2.76
13.97 14.21 14.44 14.65 14.85 15.04 15.21 15.37 15.50 15.61 15.70 15.77 15.82 15.85 15.86 15.85 15.82 15.77 15.70 15.61 15.50 15.37 15.23 15.07 14.89 14.70 14.50 14.28 14.05 13.81 13.55 13.29 13.01 12.73 12.44 12.14 11.83 11.52 11.20 10.87 10.55 10.21 9.88 9.54 9.21 8.87 8.53 8.19 7.86 7.52 7.19 6.87 6.54 6.23 5.91 5.61 5.31 5.02 4.74 4.47 4.21 3.96 3.72 3.49 3.28 3.08 2.89 2.72 2.56 2.42 2.30 2.20 2.13 2.09 2.09 2.12 2.20 2.28 2.37 2.46 2.56 2.65
14.06 14.28 14.49 14.69 14.88 15.05 15.21 15.35 15.47 15.57 15.65 15.71 15.74 15.76 15.75 15.73 15.68 15.62 15.53 15.43 15.31 15.17 15.01 14.84 14.66 14.46 14.24 14.01 13.78 13.52 13.26 12.99 12.71 12.42 12.12 11.82 11.51 11.19 10.87 10.54 10.21 9.88 9.54 9.21 8.87 8.53 8.19 7.86 7.53 7.19 6.87 6.54 6.23 5.91 5.61 5.31 5.02 4.73 4.46 4.20 3.94 3.70 3.47 3.26 3.05 2.86 2.69 2.53 2.39 2.27 2.16 2.07 2.00 1.96 1.96 2.00 2.07 2.16 2.25 2.34 2.43 2.52
14.12 14.33 14.53 14.71 14.89 15.04 15.18 15.31 15.42 15.51 15.57 15.61 15.63 15.63 15.62 15.57 15.51 15.43 15.34 15.22 15.08 14.93 14.77 14.58 14.39 14.18 13.95 13.72 13.47 13.21 12.94 12.66 12.38 12.08 11.78 11.47 11.15 10.83 10.51 10.18 9.85 9.51 9.18 8.84 8.50 8.16 7.83 7.50 7.16 6.84 6.51 6.19 5.88 5.57 5.27 4.98 4.70 4.42 4.15 3.90 3.66 3.42 3.20 3.00 2.81 2.63 2.47 2.32 2.19 2.08 1.99 1.91 1.86 1.83 1.83 1.86 1.93 2.02 2.11 2.21 2.29 2.37
14.17 14.37 14.55 14.72 14.87 15.01 15.13 15.24 15.33 15.41 15.46 15.48 15.49 15.48 15.44 15.39 15.31 15.22 15.10 14.97 14.83 14.66 14.49 14.29 14.09 13.86 13.63 13.39 13.13 12.86 12.59 12.30 12.01 11.71 11.40 11.09 10.77 10.44 10.12 9.79 9.45 9.12 8.78 8.44 8.10 7.77 7.43 7.10 6.77 6.45 6.13 5.82 5.51 5.20 4.91 4.62 4.35 4.08 3.82 3.57 3.34 3.12 2.91 2.71 2.53 2.37 2.22 2.08 1.97 1.87 1.79 1.73 1.69 1.68 1.68 1.72 1.79 1.88 1.98 2.06 2.14 2.21
14.20 14.38 14.54 14.70 14.83 14.95 15.06 15.15 15.22 15.28 15.31 15.32 15.31 15.28 15.23 15.16 15.07 14.96 14.84 14.70 14.54 14.36 14.17 13.97 13.75 13.52 13.28 13.02 12.76 12.49 12.20 11.91 11.61 11.31 10.99 10.68 10.35 10.03 9.69 9.36 9.03 8.69 8.35 8.01 7.68 7.34 7.01 6.68 6.36 6.03 5.72 5.41 5.10 4.81 4.52 4.24 3.97 3.71 3.46 3.22 3.00 2.78 2.58 2.40 2.23 2.08 1.94 1.82 1.72 1.64 1.57 1.53 1.51 1.50 1.53 1.57 1.65 1.74 1.82 1.90 1.96 2.02
14.20 14.37 14.52 14.65 14.77 14.87 14.96 15.03 15.08 15.12 15.14 15.13 15.11 15.06 14.99 14.91 14.80 14.68 14.54 14.38 14.21 14.03 13.83 13.61 13.38 13.14 12.89 12.63 12.36 12.08 11.79 11.49 11.18 10.87 10.55 10.23 9.90 9.57 9.24 8.91 8.57 8.23 7.89 7.56 7.22 6.89 6.56 6.23 5.91 5.59 5.28 4.97 4.67 4.38 4.10 3.82 3.56 3.31 3.07 2.84 2.62 2.42 2.23 2.06 1.90 1.76 1.63 1.53 1.44 1.37 1.32 1.29 1.28 1.30 1.34 1.40 1.50 1.59 1.66 1.73 1.79 1.84
14.19 14.33 14.47 14.58 14.68 14.77 14.84 14.89 14.92 14.94 14.94 14.93 14.89 14.83 14.75 14.64 14.52 14.38 14.23 14.06 13.87 13.67 13.46 13.23 12.99 12.74 12.48 12.20 11.92 11.63 11.33 11.03 10.71 10.39 10.07 9.74 9.41 9.07 8.74 8.40 8.06 7.72 7.38 7.04 6.70 6.37 6.04 5.71 5.39 5.07 4.76 4.46 4.16 3.88 3.60 3.33 3.07 2.82 2.59 2.37 2.16 1.96 1.78 1.62 1.47 1.34 1.23 1.13 1.05 1.00 0.96 0.95 0.95 0.98 1.04 1.14 1.37 1.55 1.63 1.68 1.73 1.77
14.14 14.27 14.39 14.49 14.57 14.64 14.69 14.72 14.73 14.74 14.75 14.74 14.70 14.62 14.51 14.39 14.25 14.09 13.92 13.73 13.53 13.31 13.08 12.84 12.58 12.32 12.04 11.75 11.46 11.16 10.85 10.53 10.21 9.88 9.54 9.21 8.86 8.52 8.18 7.83 7.48 7.14 6.79 6.45 6.11 5.77 5.44 5.11 4.78 4.47 4.15 3.85 3.56 3.27 2.99 2.72 2.47 2.23 1.99 1.78 1.57 1.38 1.21 1.05 0.91 0.78 0.68 0.59 0.52 0.48 0.45 0.45 0.46 0.51 0.60 0.84 1.27 1.64 1.80 1.85 1.88 1.90
14.07 14.19 14.29 14.37 14.44 14.48 14.52 14.53 14.53 14.54 14.55 14.55 14.51 14.42 14.30 14.16 13.99 13.81 13.62 13.41 13.19 12.95 12.70 12.44 12.17 11.88 11.59 11.29 10.98 10.66 10.33 10.00 9.67 9.32 8.98 8.63 8.28 7.92 7.57 7.21 6.85 6.50 6.15 5.79 5.45 5.10 4.76 4.43 4.10 3.78 3.46 3.15 2.85 2.57 2.29 2.02 1.76 1.52 1.29 1.07 0.87 0.68 0.51 0.35 0.22 0.10 0.00 0.00 0.00 0.00 0.00 0.00 0.00 0.00 0.12 0.56 1.18 1.74 2.08 2.21 2.23 2.24
13.98 14.08 14.16 14.23 14.28 14.31 14.32 14.32 14.33 14.34 14.36 14.36 14.33 14.25 14.12 13.95 13.76 13.56 13.34 13.11 12.86 12.60 12.33 12.05 11.75 11.45 11.14 10.81 10.48 10.15 9.80 9.46 9.10 8.74 8.38 8.02 7.65 7.28 6.91 6.54 6.18 5.81 5.44 5.08 4.72 4.37 4.02 3.68 3.34 3.01 2.69 2.37 2.07 1.78 1.49 1.22 0.96 0.71 0.48 0.26 0.06 0.00 0.00 0.00 0.00 0.00 0.00 0.00 0.00 0.00 0.00 0.00 0.00 0.00 0.00 0.29 1.10 1.85 2.37 2.68 2.78 2.77
13.87 13.95 14.02 14.07 14.10 14.11 14.12 14.12 14.13 14.14 14.16 14.17 14.14 14.07 13.95 13.78 13.57 13.33 13.09 12.83 12.56 12.27 11.97 11.67 11.35 11.02 10.68 10.34 9.99 9.63 9.27 8.90 8.52 8.15 7.76 7.38 7.00 6.61 6.23 5.84 5.46 5.08 4.70 4.32 3.95 3.58 3.22 2.87 2.52 2.18 1.84 1.52 1.21 0.91 0.61 0.34 0.07 0.00 0.00 0.00 0.00 0.00 0.00 0.00 0.00 0.00 0.00 0.00 0.00 0.00 0.00 0.00 0.00 0.00 0.00 0.03 1.02 1.95 2.66 3.15 3.42 3.48
13.74 13.81 13.86 13.89 13.90 13.91 13.91 13.92 13.93 13.95 13.98 13.99 13.97 13.90 13.79 13.62 13.40 13.15 12.87 12.58 12.28 11.97 11.64 11.30 10.96 10.60 10.24 9.87 9.50 9.11 8.73 8.33 7.94 7.54 7.13 6.73 6.32 5.92 5.51 5.11 4.71 4.31 3.91 3.52 3.13 2.75 2.37 2.00 1.64 1.28 0.94 0.60 0.28 0.00 0.00 0.00 0.00 0.00 0.00 0.00 0.00 0.00 0.00 0.00 0.00 0.00 0.00 0.00 0.00 0.00 0.00 0.00 0.00 0.00 0.00 0.00 0.96 2.06 2.95 3.61 4.05 4.28
13.59 13.64 13.68 13.69 13.70 13.70 13.71 13.72 13.74 13.76 13.79 13.81 13.80 13.74 13.63 13.47 13.26 13.00 12.70 12.37 12.04 11.69 11.34 10.97 10.60 10.21 9.82 9.42 9.02 8.61 8.19 7.77 7.35 6.92 6.50 6.07 5.64 5.21 4.78 4.36 3.93 3.51 3.10 2.68 2.28 1.87 1.48 1.09 0.71 0.34 0.00 0.00 0.00 0.00 0.00 0.00 0.00 0.00 0.00 0.00 0.00 0.00 0.00 0.00 0.00 0.00 0.00 0.00 0.00 0.00 0.00 0.00 0.00 0.00 0.00 0.00 0.90 2.18 3.23 4.06 4.67 5.07
13.43 13.46 13.48 13.49 13.49 13.50 13.51 13.53 13.55 13.58 13.61 13.64 13.63 13.58 13.48 13.33 13.13 12.88 12.57 12.22 11.85 11.46 11.07 10.67 10.26 9.85 9.42 8.99 8.56 8.12 7.67 7.22 6.77 6.32 5.86 5.41 4.95 4.50 4.04 3.59 3.14 2.70 2.26 1.82 1.39 0.97 0.55 0.14 0.00 0.00 0.00 0.00 0.00 0.00 0.00 0.00 0.00 0.00 0.00 0.00 0.00 0.00 0.00 0.00 0.00 0.00 0.00 0.00 0.00 0.00 0.00 0.00 0.00 0.00 0.00 0.00 0.85 2.29 3.51 4.50 5.27 5.83
13.25 13.27 13.28 13.29 13.29 13.30 13.32 13.34 13.36 13.40 13.44 13.48 13.48 13.43 13.34 13.20 13.01 12.76 12.46 12.11 11.70 11.29 10.86 10.42 9.97 9.52 9.06 8.60 8.13 7.65 7.18 6.69 6.21 5.73 5.24 4.75 4.27 3.78 3.30 2.82 2.34 1.87 1.41 0.94 0.49 0.04 0.00 0.00 0.00 0.00 0.00 0.00 0.00 0.00 0.00 0.00 0.00 0.00 0.00 0.00 0.00 0.00 0.00 0.00 0.00 0.00 0.00 0.00 0.00 0.00 0.00 0.00 0.00 0.00 0.00 0.00 0.81 2.41 3.78 4.93 5.86 6.57
13.06 13.07 13.08 13.09 13.10 13.11 13.13 13.15 13.19 13.23 13.28 13.32 13.33 13.29 13.21 13.08 12.90 12.66 12.37 12.02 11.62 11.16 10.69 10.22 9.73 9.24 8.74 8.24 7.73 7.22 6.71 6.19 5.67 5.15 4.63 4.11 3.60 3.08 2.56 2.05 1.55 1.04 0.55 0.06 0.00 0.00 0.00 0.00 0.00 0.00 0.00 0.00 0.00 0.00 0.00 0.00 0.00 0.00 0.00 0.00 0.00 0.00 0.00 0.00 0.00 0.00 0.00 0.00 0.00 0.00 0.00 0.00 0.00 0.00 0.00 0.00 0.78 2.52 4.04 5.34 6.42 7.29
12.86 12.88 12.89 12.90 12.91 12.93 12.95 12.98 13.02 13.07 13.13 13.18 13.19 13.17 13.09 12.97 12.80 12.57 12.29 11.96 11.56 11.10 10.60 10.08 9.55 9.02 8.48 7.93 7.39 6.83 6.28 5.72 5.17 4.61 4.05 3.50 2.94 2.39 1.84 1.30 0.76 0.22 0.00 0.00 0.00 0.00 0.00 0.00 0.00 0.00 0.00 0.00 0.00 0.00 0.00 0.00 0.00 0.00 0.00 0.00 0.00 0.00 0.00 0.00 0.00 0.00 0.00 0.00 0.00 0.00 0.00 0.00 0.00 0.00 0.00 0.00 0.76 2.64 4.31 5.75 6.97 7.98
12.67 12.69 12.70 12.71 12.73 12.75 12.78 12.81 12.86 12.91 12.98 13.04 13.07 13.05 12.99 12.87 12.71 12.50 12.23 11.90 11.52 11.07 10.56 10.00 9.43 8.85 8.27 7.68 7.09 6.49 5.90 5.30 4.70 4.11 3.51 2.91 2.32 1.73 1.14 0.56 0.00 0.00 0.00 0.00 0.00 0.00 0.00 0.00 0.00 0.00 0.00 0.00 0.00 0.00 0.00 0.00 0.00 0.00 0.00 0.00 0.00 0.00 0.00 0.00 0.00 0.00 0.00 0.00 0.00 0.00 0.00 0.00 0.00 0.00 0.00 0.00 0.74 2.76 4.56 6.14 7.50 8.65
12.49 12.51 12.52 12.54 12.56 12.58 12.62 12.66 12.71 12.77 12.85 12.92 12.96 12.95 12.89 12.79 12.64 12.44 12.18 11.87 11.49 11.06 10.56 9.99 9.38 8.76 8.12 7.49 6.85 6.21 5.57 4.93 4.29 3.65 3.00 2.37 1.73 1.10 0.47 0.00 0.00 0.00 0.00 0.00 0.00 0.00 0.00 0.00 0.00 0.00 0.00 0.00 0.00 0.00 0.00 0.00 0.00 0.00 0.00 0.00 0.00 0.00 0.00 0.00 0.00 0.00 0.00 0.00 0.00 0.00 0.00 0.00 0.00 0.00 0.00 0.00 0.73 2.88 4.81 6.52 8.01 9.29
12.32 12.33 12.35 12.37 12.40 12.43 12.47 12.51 12.57 12.64 12.73 12.81 12.86 12.86 12.82 12.73 12.59 12.39 12.15 11.85 11.48 11.06 10.58 10.02 9.41 8.74 8.06 7.37 6.68 6.00 5.31 4.62 3.93 3.24 2.55 1.87 1.19 0.51 0.00 0.00 0.00 0.00 0.00 0.00 0.00 0.00 0.00 0.00 0.00 0.00 0.00 0.00 0.00 0.00 0.00 0.00 0.00 0.00 0.00 0.00 0.00 0.00 0.00 0.00 0.00 0.00 0.00 0.00 0.00 0.00 0.00 0.00 0.00 0.00 0.00 0.00 0.73 3.00 5.06 6.89 8.50 9.90
12.15 12.17 12.19 12.21 12.24 12.28 12.33 12.38 12.45 12.53 12.63 12.72 12.77 12.79 12.75 12.67 12.55 12.37 12.13 11.84 11.50 11.09 10.61 10.08 9.47 8.80 8.07 7.33 6.59 5.85 5.11 4.37 3.63 2.89 2.16 1.42 0.69 0.00 0.00 0.00 0.00 0.00 0.00 0.00 0.00 0.00 0.00 0.00 0.00 0.00 0.00 0.00 0.00 0.00 0.00 0.00 0.00 0.00 0.00 0.00 0.00 0.00 0.00 0.00 0.00 0.00 0.00 0.00 0.00 0.00 0.00 0.00 0.00 0.00 0.00 0.00 0.73 3.12 5.29 7.24 8.97 10.49
11.99 12.01 12.04 12.07 12.10 12.15 12.20 12.26 12.34 12.43 12.53 12.64 12.70 12.73 12.71 12.64 12.53 12.36 12.14 11.86 11.53 11.13 10.67 10.15 9.56 8.90 8.16 7.38 6.59 5.79 5.00 4.20 3.41 2.62 1.83 1.04 0.26 0.00 0.00 0.00 0.00 0.00 0.00 0.00 0.00 0.00 0.00 0.00 0.00 0.00 0.00 0.00 0.00 0.00 0.00 0.00 0.00 0.00 0.00 0.00 0.00 0.00 0.00 0.00 0.00 0.00 0.00 0.00 0.00 0.00 0.00 0.00 0.00 0.00 0.00 0.00 0.74 3.24 5.52 7.58 9.42 11.05
11.85 11.87 11.90 11.94 11.98 12.03 12.09 12.16 12.24 12.34 12.46 12.57 12.65 12.69 12.68 12.63 12.52 12.37 12.16 11.90 11.58 11.20 10.75 10.25 9.67 9.02 8.31 7.51 6.67 5.82 4.97 4.11 3.26 2.42 1.57 0.73 0.00 0.00 0.00 0.00 0.00 0.00 0.00 0.00 0.00 0.00 0.00 0.00 0.00 0.00 0.00 0.00 0.00 0.00 0.00 0.00 0.00 0.00 0.00 0.00 0.00 0.00 0.00 0.00 0.00 0.00 0.00 0.00 0.00 0.00 0.00 0.00 0.00 0.00 0.00 0.00 0.76 3.36 5.75 7.91 9.86 11.59
11.71 11.74 11.78 11.82 11.86 11.92 11.99 12.07 12.16 12.27 12.40 12.53 12.62 12.67 12.67 12.63 12.54 12.40 12.21 11.96 11.65 11.29 10.86 10.36 9.80 9.17 8.47 7.70 6.85 5.94 5.03 4.12 3.21 2.30 1.40 0.50 0.00 0.00 0.00 0.00 0.00 0.00 0.00 0.00 0.00 0.00 0.00 0.00 0.00 0.00 0.00 0.00 0.00 0.00 0.00 0.00 0.00 0.00 0.00 0.00 0.00 0.00 0.00 0.00 0.00 0.00 0.00 0.00 0.00 0.00 0.00 0.00 0.00 0.00 0.00 0.00 0.78 3.48 5.97 8.23 10.27 12.10
11.59 11.63 11.67 11.71 11.77 11.83 11.91 12.00 12.10 12.22 12.36 12.50 12.60 12.67 12.68 12.66 12.58 12.46 12.28 12.04 11.75 11.40 10.99 10.51 9.96 9.35 8.67 7.91 7.07 6.16 5.20 4.22 3.25 2.28 1.32 0.36 0.00 0.00 0.00 0.00 0.00 0.00 0.00 0.00 0.00 0.00 0.00 0.00 0.00 0.00 0.00 0.00 0.00 0.00 0.00 0.00 0.00 0.00 0.00 0.00 0.00 0.00 0.00 0.00 0.00 0.00 0.00 0.00 0.00 0.00 0.00 0.00 0.00 0.00 0.00 0.00 0.81 3.60 6.18 8.53 10.66 12.58
11.49 11.53 11.57 11.62 11.69 11.76 11.84 11.94 12.06 12.19 12.34 12.49 12.61 12.69 12.72 12.70 12.64 12.53 12.37 12.15 11.87 11.54 11.14 10.68 10.15 9.56 8.89 8.15 7.33 6.43 5.46 4.43 3.39 2.36 1.33 0.31 0.00 0.00 0.00 0.00 0.00 0.00 0.00 0.00 0.00 0.00 0.00 0.00 0.00 0.00 0.00 0.00 0.00 0.00 0.00 0.00 0.00 0.00 0.00 0.00 0.00 0.00 0.00 0.00 0.00 0.00 0.00 0.00 0.00 0.00 0.00 0.00 0.00 0.00 0.00 0.00 0.84 3.72 6.38 8.81 11.03 13.04
11.40 11.44 11.49 11.55 11.62 11.70 11.80 11.91 12.03 12.18 12.34 12.51 12.64 12.73 12.77 12.78 12.73 12.63 12.48 12.28 12.02 11.70 11.32 10.88 10.37 9.79 9.14 8.41 7.61 6.74 5.78 4.74 3.65 2.55 1.45 0.36 0.00 0.00 0.00 0.00 0.00 0.00 0.00 0.00 0.00 0.00 0.00 0.00 0.00 0.00 0.00 0.00 0.00 0.00 0.00 0.00 0.00 0.00 0.00 0.00 0.00 0.00 0.00 0.00 0.00 0.00 0.00 0.00 0.00 0.00 0.00 0.00 0.00 0.00 0.00 0.00 0.88 3.84 6.57 9.09 11.38 13.47
