data_processed/recharge/precip/Precip_2013_07.asc
ncols        168
nrows        136
xllcorner    455000
yllcorner    2107000
cellsize     500
NODATA_value     -99999
[rows 32 to 63 of 136, columns 0 to 71 of 168]
330.96 330.97 330.64 329.99 329.04 327.79 326.25 324.45 322.39 320.10 317.57 314.87 312.17 309.55 307.02 304.59 302.24 299.98 297.78 295.56 293.33 291.06 288.78 286.48 284.17 281.82 279.42 276.97 274.47 271.93 269.35 266.73 264.06 261.36 258.63 255.86 253.06 250.23 247.37 244.49 241.59 238.66 235.71 232.74 229.76 226.77 223.76 220.74 217.71 214.68 211.64 208.60 205.56 202.52 199.48 196.45 193.43 190.41 187.41 184.41 181.44 178.47 175.53 172.61 169.71 166.83 163.98 161.17 158.46 155.96 153.70 151.67
336.76 336.94 336.77 336.26 335.43 334.29 332.85 331.12 329.13 326.88 324.40 321.68 318.79 315.89 313.08 310.36 307.73 305.19 302.71 300.22 297.72 295.21 292.68 290.14 287.58 284.97 282.32 279.64 276.92 274.16 271.37 268.54 265.69 262.81 259.91 256.98 254.03 251.06 248.07 245.07 242.05 239.02 235.98 232.93 229.88 226.82 223.75 220.69 217.63 214.57 211.52 208.47 205.43 202.41 199.39 196.40 193.41 190.45 187.51 184.58 181.69 178.82 175.97 173.16 170.38 167.63 164.92 162.25 159.62 157.11 154.82 152.78
342.47 342.82 342.81 342.45 341.74 340.72 339.38 337.74 335.82 333.63 331.19 328.50 325.58 322.48 319.38 316.37 313.44 310.61 307.84 305.08 302.31 299.53 296.74 293.94 291.10 288.23 285.33 282.40 279.44 276.45 273.45 270.42 267.37 264.30 261.22 258.12 255.01 251.89 248.77 245.63 242.49 239.35 236.21 233.07 229.94 226.81 223.68 220.57 217.46 214.37 211.29 208.23 205.19 202.17 199.17 196.20 193.25 190.33 187.44 184.58 181.76 178.97 176.22 173.51 170.84 168.22 165.64 163.10 160.62 158.19 155.90 153.83
348.06 348.59 348.75 348.53 347.97 347.06 345.83 344.29 342.45 340.32 337.93 335.27 332.37 329.24 325.94 322.62 319.40 316.26 313.19 310.14 307.08 304.02 300.96 297.86 294.74 291.60 288.43 285.25 282.04 278.83 275.59 272.35 269.10 265.83 262.56 259.29 256.02 252.74 249.47 246.19 242.93 239.67 236.42 233.18 229.95 226.74 223.55 220.37 217.22 214.09 210.98 207.90 204.84 201.82 198.83 195.87 192.95 190.06 187.22 184.42 181.66 178.95 176.28 173.66 171.10 168.59 166.13 163.73 161.39 159.11 156.90 154.82
353.51 354.24 354.57 354.51 354.09 353.32 352.20 350.76 349.00 346.94 344.60 341.99 339.12 336.00 332.65 329.12 325.59 322.14 318.76 315.40 312.05 308.69 305.31 301.92 298.51 295.08 291.65 288.20 284.75 281.29 277.82 274.35 270.89 267.42 263.96 260.50 257.05 253.61 250.18 246.76 243.36 239.98 236.61 233.26 229.94 226.64 223.37 220.12 216.91 213.73 210.58 207.47 204.39 201.36 198.37 195.42 192.52 189.66 186.85 184.10 181.40 178.75 176.16 173.63 171.16 168.75 166.41 164.14 161.93 159.79 157.73 155.74
358.82 359.74 360.25 360.37 360.09 359.46 358.46 357.12 355.46 353.48 351.20 348.64 345.80 342.70 339.35 335.78 332.02 328.25 324.55 320.88 317.20 313.52 309.82 306.12 302.41 298.70 294.98 291.27 287.55 283.84 280.14 276.44 272.75 269.07 265.41 261.76 258.12 254.51 250.92 247.35 243.80 240.28 236.79 233.33 229.90 226.50 223.15 219.82 216.54 213.30 210.11 206.96 203.86 200.80 197.80 194.85 191.96 189.13 186.35 183.63 180.98 178.39 175.87 173.42 171.04 168.73 166.49 164.33 162.25 160.25 158.33 156.50
363.98 365.10 365.79 366.08 365.97 365.47 364.60 363.38 361.81 359.92 357.71 355.20 352.40 349.32 345.99 342.41 338.59 334.60 330.57 326.55 322.54 318.52 314.50 310.48 306.46 302.45 298.45 294.45 290.47 286.50 282.55 278.61 274.69 270.80 266.92 263.07 259.25 255.45 251.69 247.95 244.26 240.59 236.97 233.38 229.84 226.34 222.89 219.48 216.13 212.82 209.57 206.38 203.24 200.16 197.14 194.19 191.29 188.47 185.72 183.03 180.42 177.88 175.42 173.04 170.73 168.51 166.38 164.33 162.36 160.49 158.71 157.02
368.89 370.23 371.12 371.59 371.64 371.30 370.57 369.48 368.02 366.22 364.09 361.64 358.89 355.86 352.54 348.97 345.15 341.08 336.80 332.43 328.06 323.70 319.34 315.00 310.67 306.35 302.06 297.78 293.52 289.28 285.07 280.89 276.73 272.61 268.51 264.46 260.43 256.45 252.50 248.60 244.74 240.93 237.16 233.45 229.78 226.17 222.62 219.12 215.68 212.30 208.99 205.74 202.56 199.44 196.40 193.43 190.53 187.71 184.97 182.31 179.73 177.23 174.82 172.50 170.27 168.13 166.09 164.14 162.28 160.53 158.88 157.33
373.27 374.85 375.98 376.67 376.92 376.77 376.21 375.27 373.96 372.29 370.27 367.93 365.26 362.29 359.03 355.50 351.69 347.59 343.20 338.55 333.83 329.11 324.41 319.74 315.09 310.46 305.86 301.28 296.74 292.23 287.75 283.31 278.91 274.55 270.23 265.96 261.73 257.54 253.41 249.33 245.30 241.33 237.42 233.56 229.77 226.04 222.37 218.77 215.24 211.78 208.40 205.09 201.85 198.69 195.62 192.62 189.71 186.89 184.15 181.50 178.95 176.49 174.12 171.85 169.69 167.62 165.66 163.80 162.05 160.40 158.87 157.46
377.07 378.94 380.34 381.29 381.79 381.87 381.53 380.79 379.66 378.16 376.30 374.09 371.55 368.70 365.53 362.07 358.25 354.08 349.60 344.84 339.85 334.78 329.73 324.71 319.73 314.78 309.86 304.99 300.15 295.36 290.61 285.91 281.25 276.65 272.09 267.59 263.15 258.76 254.43 250.17 245.96 241.82 237.75 233.75 229.82 225.96 222.17 218.47 214.84 211.29 207.82 204.44 201.14 197.93 194.81 191.79 188.86 186.02 183.28 180.64 178.10 175.67 173.34 171.11 169.00 167.00 165.11 163.34 161.68 160.14 158.72 157.42
380.38 382.58 384.30 385.54 386.33 386.68 386.60 386.10 385.20 383.91 382.25 380.23 377.86 375.15 372.12 368.67 364.79 360.54 355.99 351.15 346.03 340.69 335.29 329.93 324.60 319.33 314.09 308.91 303.77 298.69 293.66 288.68 283.76 278.91 274.11 269.38 264.71 260.11 255.57 251.11 246.72 242.41 238.17 234.01 229.94 225.94 222.03 218.20 214.47 210.82 207.26 203.80 200.44 197.17 194.00 190.93 187.97 185.11 182.36 179.72 177.19 174.77 172.47 170.29 168.22 166.28 164.45 162.75 161.18 159.74 158.42 157.22
383.28 385.85 387.93 389.52 390.64 391.30 391.51 391.30 390.67 389.64 388.22 386.42 384.26 381.74 378.75 375.24 371.29 366.97 362.35 357.43 352.24 346.78 341.11 335.39 329.72 324.11 318.54 313.04 307.60 302.21 296.89 291.64 286.45 281.33 276.28 271.31 266.41 261.59 256.84 252.18 247.60 243.10 238.69 234.36 230.13 225.99 221.94 217.99 214.14 210.39 206.74 203.19 199.74 196.41 193.18 190.07 187.07 184.18 181.41 178.76 176.23 173.82 171.54 169.38 167.35 165.46 163.69 162.06 160.56 159.21 157.97 156.83
385.86 388.85 391.33 393.30 394.79 395.81 396.37 396.48 396.16 395.43 394.29 392.76 390.83 388.39 385.35 381.77 377.76 373.37 368.68 363.69 358.42 352.88 347.10 341.11 335.09 329.13 323.23 317.40 311.64 305.95 300.33 294.79 289.32 283.93 278.63 273.40 268.26 263.21 258.24 253.37 248.58 243.90 239.30 234.81 230.41 226.12 221.93 217.84 213.87 210.00 206.24 202.60 199.07 195.66 192.37 189.20 186.15 183.22 180.43 177.76 175.22 172.81 170.54 168.40 166.41 164.55 162.83 161.26 159.84 158.54 157.34 156.23
388.22 391.66 394.58 396.98 398.89 400.30 401.24 401.73 401.76 401.37 400.55 399.31 397.49 395.00 391.89 388.26 384.18 379.73 374.97 369.92 364.58 358.97 353.10 347.00 340.71 334.40 328.15 321.99 315.90 309.90 303.97 298.13 292.38 286.71 281.14 275.66 270.27 264.98 259.78 254.69 249.70 244.81 240.03 235.35 230.78 226.33 221.99 217.76 213.65 209.66 205.79 202.04 198.42 194.93 191.56 188.32 185.22 182.25 179.42 176.72 174.17 171.75 169.49 167.36 165.39 163.56 161.89 160.37 158.98 157.71 156.53 155.45
390.43 394.37 397.77 400.65 403.01 404.86 406.23 407.13 407.56 407.55 407.07 405.96 404.10 401.55 398.39 394.70 390.56 386.05 381.23 376.12 370.71 365.02 359.08 352.90 346.49 339.92 333.33 326.82 320.40 314.07 307.83 301.68 295.64 289.69 283.84 278.09 272.44 266.91 261.47 256.15 250.94 245.85 240.86 236.00 231.25 226.63 222.13 217.75 213.50 209.38 205.39 201.53 197.81 194.22 190.77 187.46 184.29 181.27 178.39 175.66 173.08 170.66 168.38 166.26 164.30 162.50 160.86 159.36 157.99 156.72 155.55 154.49
392.58 397.07 401.00 404.38 407.24 409.58 411.42 412.76 413.64 414.01 413.70 412.56 410.65 408.04 404.83 401.08 396.88 392.32 387.45 382.27 376.80 371.05 365.04 358.78 352.29 345.60 338.74 331.89 325.13 318.47 311.90 305.45 299.10 292.85 286.72 280.70 274.79 269.00 263.32 257.76 252.33 247.01 241.82 236.76 231.83 227.03 222.36 217.82 213.42 209.16 205.04 201.07 197.23 193.54 190.00 186.61 183.38 180.29 177.36 174.59 171.98 169.52 167.24 165.11 163.16 161.37 159.74 158.23 156.84 155.57 154.41 153.37
394.77 399.84 404.34 408.28 411.68 414.54 416.89 418.73 420.05 420.62 420.29 419.10 417.13 414.47 411.21 407.41 403.16 398.55 393.63 388.39 382.86 377.05 370.97 364.64 358.08 351.30 344.33 337.21 330.10 323.10 316.21 309.43 302.77 296.22 289.80 283.49 277.31 271.26 265.33 259.53 253.85 248.32 242.91 237.65 232.52 227.53 222.69 217.98 213.43 209.02 204.76 200.66 196.70 192.91 189.27 185.79 182.47 179.32 176.33 173.50 170.85 168.37 166.06 163.92 161.96 160.17 158.51 156.97 155.56 154.28 153.12 152.09
397.08 402.78 407.89 412.42 416.40 419.83 422.73 425.08 426.62 427.17 426.79 425.55 423.54 420.84 417.52 413.68 409.38 404.72 399.75 394.47 388.88 383.01 376.86 370.47 363.83 356.98 349.93 342.69 335.33 327.98 320.75 313.64 306.66 299.81 293.08 286.48 280.02 273.69 267.50 261.45 255.54 249.77 244.14 238.66 233.33 228.15 223.12 218.24 213.52 208.96 204.55 200.31 196.23 192.32 188.57 184.99 181.59 178.35 175.29 172.41 169.71 167.19 164.85 162.69 160.71 158.87 157.16 155.59 154.16 152.86 151.69 150.67
399.59 405.96 411.73 416.90 421.50 425.55 429.00 431.60 433.13 433.64 433.21 431.93 429.88 427.13 423.77 419.88 415.55 410.84 405.83 400.49 394.86 388.93 382.72 376.26 369.56 362.64 355.51 348.20 340.71 333.10 325.53 318.09 310.78 303.60 296.57 289.68 282.92 276.32 269.86 263.54 257.38 251.37 245.51 239.81 234.26 228.88 223.66 218.60 213.70 208.98 204.42 200.03 195.82 191.78 187.92 184.23 180.73 177.41 174.28 171.33 168.57 166.00 163.62 161.42 159.37 157.47 155.72 154.10 152.64 151.31 150.14 149.11
402.41 409.48 415.95 421.80 427.07 431.72 435.46 438.05 439.54 440.01 439.55 438.23 436.13 433.35 429.95 426.02 421.64 416.90 411.85 406.47 400.78 394.80 388.54 382.02 375.26 368.27 361.07 353.68 346.11 338.39 330.56 322.77 315.13 307.63 300.28 293.08 286.03 279.13 272.39 265.81 259.39 253.13 247.03 241.10 235.33 229.74 224.32 219.06 213.99 209.09 204.37 199.83 195.47 191.30 187.32 183.52 179.91 176.50 173.28 170.25 167.43 164.80 162.36 160.08 157.96 155.99 154.18 152.52 151.01 149.66 148.46 147.42
405.60 413.43 420.63 427.22 433.14 438.10 441.84 444.40 445.85 446.29 445.79 444.44 442.31 439.49 436.05 432.09 427.68 422.90 417.81 412.39 406.66 400.63 394.32 387.75 380.92 373.87 366.61 359.14 351.50 343.70 335.75 327.70 319.72 311.88 304.21 296.69 289.34 282.14 275.12 268.26 261.57 255.05 248.71 242.54 236.55 230.73 225.10 219.65 214.38 209.30 204.41 199.71 195.21 190.89 186.77 182.86 179.14 175.62 172.30 169.20 166.30 163.59 161.06 158.69 156.48 154.44 152.56 150.84 149.29 147.91 146.68 145.63
409.27 417.90 425.88 433.17 439.44 444.41 448.12 450.64 452.07 452.47 451.94 450.56 448.40 445.54 442.08 438.08 433.64 428.83 423.71 418.26 412.49 406.41 400.05 393.43 386.55 379.44 372.11 364.58 356.86 348.98 340.95 332.79 324.55 316.38 308.37 300.53 292.86 285.36 278.04 270.90 263.94 257.15 250.55 244.14 237.91 231.87 226.01 220.36 214.89 209.63 204.56 199.69 195.02 190.56 186.30 182.25 178.41 174.78 171.36 168.16 165.17 162.35 159.71 157.24 154.94 152.82 150.87 149.09 147.49 146.06 144.81 143.73
413.50 422.96 431.71 439.38 445.66 450.61 454.28 456.78 458.18 458.56 458.00 456.58 454.40 451.52 448.02 444.00 439.53 434.70 429.54 424.06 418.25 412.14 405.74 399.06 392.13 384.96 377.57 369.98 362.20 354.25 346.14 337.90 329.54 321.11 312.77 304.59 296.60 288.80 281.17 273.74 266.49 259.43 252.57 245.90 239.42 233.15 227.07 221.20 215.53 210.06 204.81 199.76 194.92 190.30 185.90 181.71 177.74 173.99 170.47 167.15 164.03 161.09 158.33 155.75 153.36 151.15 149.12 147.27 145.61 144.14 142.85 141.74
418.38 428.66 437.81 445.50 451.76 456.68 460.33 462.81 464.18 464.54 463.95 462.52 460.30 457.40 453.88 449.84 445.35 440.49 435.31 429.80 423.96 417.81 411.37 404.65 397.67 390.45 383.00 375.35 367.51 359.49 351.31 342.99 334.55 326.01 317.40 308.90 300.58 292.45 284.51 276.78 269.24 261.90 254.76 247.83 241.10 234.58 228.27 222.17 216.29 210.62 205.17 199.94 194.92 190.14 185.57 181.24 177.13 173.26 169.60 166.15 162.88 159.81 156.92 154.23 151.74 149.43 147.32 145.40 143.68 142.15 140.81 139.67
423.93 434.64 443.82 451.48 457.73 462.63 466.26 468.72 470.07 470.41 469.80 468.35 466.12 463.19 459.66 455.59 451.08 446.20 441.00 435.46 429.60 423.42 416.94 410.18 403.16 395.89 388.39 380.68 372.78 364.69 356.45 348.06 339.55 330.92 322.20 313.44 304.78 296.33 288.07 280.03 272.19 264.56 257.14 249.94 242.95 236.18 229.62 223.29 217.19 211.31 205.65 200.22 195.03 190.07 185.34 180.85 176.60 172.57 168.76 165.14 161.73 158.52 155.51 152.70 150.09 147.69 145.48 143.48 141.69 140.10 138.71 137.53
429.77 440.52 449.68 457.34 463.56 468.45 472.07 474.51 475.84 476.16 475.55 474.08 471.83 468.89 465.34 461.26 456.73 451.83 446.62 441.06 435.17 428.96 422.45 415.65 408.59 401.28 393.74 385.97 378.01 369.87 361.56 353.11 344.52 335.82 327.02 318.14 309.23 300.44 291.86 283.50 275.35 267.42 259.71 252.23 244.97 237.94 231.14 224.57 218.23 212.13 206.26 200.63 195.25 190.10 185.20 180.55 176.13 171.93 167.94 164.16 160.59 157.23 154.09 151.15 148.43 145.92 143.62 141.53 139.66 138.00 136.55 135.32
435.52 446.26 455.41 463.05 469.27 474.14 477.75 480.17 481.50 481.81 481.18 479.70 477.44 474.49 470.92 466.83 462.29 457.38 452.15 446.58 440.67 434.44 427.90 421.07 413.97 406.62 399.03 391.22 383.21 375.01 366.64 358.12 349.47 340.69 331.82 322.86 313.83 304.79 295.88 287.19 278.73 270.49 262.49 254.72 247.18 239.88 232.82 226.00 219.42 213.09 207.01 201.17 195.58 190.24 185.16 180.33 175.72 171.33 167.16 163.20 159.47 155.96 152.67 149.61 146.76 144.14 141.73 139.56 137.60 135.87 134.36 133.07
441.12 451.85 460.99 468.62 474.83 479.70 483.30 485.72 487.03 487.33 486.70 485.21 482.94 479.98 476.41 472.31 467.76 462.84 457.61 452.02 446.09 439.84 433.28 426.42 419.29 411.90 404.27 396.42 388.36 380.11 371.69 363.11 354.39 345.55 336.60 327.56 318.46 309.30 300.13 291.11 282.33 273.78 265.47 257.40 249.58 242.00 234.68 227.60 220.78 214.21 207.89 201.84 196.04 190.50 185.22 180.18 175.36 170.77 166.41 162.29 158.39 154.72 151.28 148.08 145.10 142.36 139.85 137.57 135.52 133.71 132.13 130.78
446.56 457.28 466.42 474.05 480.26 485.12 488.71 491.13 492.44 492.74 492.10 490.60 488.33 485.37 481.79 477.69 473.14 468.22 462.97 457.38 451.44 445.17 438.58 431.71 424.55 417.13 409.46 401.57 393.46 385.16 376.69 368.05 359.27 350.37 341.35 332.25 323.07 313.83 304.55 295.27 286.16 277.29 268.66 260.29 252.18 244.32 236.72 229.37 222.29 215.48 208.93 202.65 196.63 190.88 185.37 180.10 175.07 170.28 165.73 161.42 157.34 153.51 149.92 146.57 143.46 140.59 137.96 135.57 133.43 131.53 129.88 128.46
451.84 462.56 471.70 479.33 485.53 490.39 493.99 496.41 497.72 498.02 497.38 495.88 493.61 490.65 487.07 482.97 478.41 473.49 468.25 462.65 456.70 450.42 443.82 436.92 429.74 422.29 414.59 406.66 398.51 390.17 381.65 372.96 364.13 355.16 346.08 336.91 327.66 318.34 308.98 299.59 290.22 281.03 272.08 263.40 254.98 246.83 238.94 231.33 223.98 216.91 210.12 203.60 197.35 191.36 185.61 180.11 174.86 169.86 165.11 160.61 156.35 152.35 148.59 145.09 141.84 138.84 136.09 133.59 131.35 129.35 127.61 126.13
456.95 467.68 476.82 484.45 490.66 495.53 499.13 501.55 502.87 503.17 502.53 501.04 498.77 495.81 492.24 488.14 483.59 478.67 473.43 467.83 461.88 455.59 448.97 442.06 434.85 427.38 419.65 411.69 403.51 395.13 386.56 377.82 368.94 359.92 350.78 341.54 332.22 322.83 313.40 303.93 294.44 285.00 275.73 266.73 258.00 249.54 241.37 233.47 225.85 218.52 211.47 204.70 198.20 191.95 185.96 180.22 174.74 169.53 164.57 159.87 155.42 151.24 147.32 143.66 140.26 137.12 134.24 131.63 129.27 127.18 125.35 123.78
461.89 472.63 481.78 489.42 495.64 500.51 504.12 506.55 507.87 508.18 507.55 506.07 503.81 500.86 497.30 493.20 488.66 483.75 478.52 472.92 466.97 460.67 454.05 447.12 439.90 432.40 424.65 416.66 408.45 400.03 391.42 382.64 373.71 364.63 355.44 346.14 336.76 327.30 317.79 308.25 298.69 289.12 279.60 270.28 261.23 252.47 243.99 235.81 227.91 220.31 212.99 205.95 199.17 192.66 186.41 180.43 174.72 169.28 164.11 159.21 154.57 150.21 146.11 142.28 138.73 135.44 132.43 129.69 127.22 125.02 123.10 121.44
