data_processed/recharge/precip/Precip_2003_10.asc
ncols        168
nrows        136
xllcorner    455000
yllcorner    2107000
cellsize     500
NODATA_value     -99999
[rows 34 to 67 of 136, columns 77 to 153 of 168]
75.79 76.66 77.42 77.96 78.30 78.43 78.37 78.13 77.71 77.12 76.37 75.47 74.42 73.24 71.94 70.51 68.98 67.34 65.61 63.77 61.80 59.70 57.50 55.24 52.98 50.76 48.61 46.53 44.54 42.63 40.80 39.09 37.49 36.03 34.70 33.53 32.53 31.71 31.08 30.66 30.46 30.48 30.75 31.27 32.05 33.06 34.25 35.62 37.17 38.87 40.69 42.60 44.59 46.66 48.81 51.02 53.28 55.58 57.90 60.22 62.53 64.82 67.07 69.26 71.38 73.41 75.34 77.15 78.82 80.35 81.71 82.89 83.89 84.69 85.40 86.62 88.55
73.69 74.66 75.64 76.48 77.10 77.50 77.68 77.66 77.45 77.04 76.46 75.71 74.79 73.71 72.49 71.14 69.65 68.04 66.29 64.38 62.31 60.12 57.81 55.44 53.06 50.72 48.45 46.26 44.18 42.21 40.34 38.59 36.96 35.49 34.16 33.01 32.03 31.25 30.67 30.31 30.18 30.29 30.66 31.29 32.14 33.17 34.38 35.76 37.33 39.05 40.89 42.83 44.83 46.89 49.01 51.19 53.42 55.68 57.96 60.25 62.52 64.77 66.97 69.12 71.19 73.17 75.05 76.81 78.44 79.91 81.22 82.35 83.30 84.06 84.75 85.95 87.90
71.62 72.65 73.72 74.77 75.68 76.36 76.80 77.02 77.03 76.82 76.42 75.82 75.04 74.09 72.97 71.69 70.26 68.67 66.88 64.91 62.77 60.50 58.11 55.65 53.18 50.74 48.37 46.08 43.92 41.88 39.97 38.19 36.55 35.07 33.76 32.62 31.68 30.95 30.43 30.14 30.09 30.30 30.77 31.46 32.33 33.37 34.59 35.99 37.58 39.32 41.18 43.12 45.14 47.21 49.32 51.46 53.64 55.86 58.10 60.34 62.56 64.76 66.91 69.01 71.03 72.95 74.78 76.48 78.05 79.45 80.70 81.77 82.68 83.41 84.06 85.25 87.21
69.56 70.64 71.77 72.92 74.04 75.00 75.72 76.19 76.42 76.43 76.22 75.79 75.17 74.35 73.34 72.15 70.78 69.17 67.35 65.34 63.16 60.83 58.39 55.86 53.33 50.82 48.37 46.01 43.76 41.66 39.71 37.91 36.26 34.79 33.49 32.39 31.49 30.81 30.36 30.15 30.20 30.50 31.03 31.74 32.61 33.66 34.89 36.31 37.91 39.67 41.53 43.49 45.52 47.60 49.70 51.83 53.97 56.13 58.32 60.50 62.67 64.81 66.90 68.94 70.89 72.76 74.52 76.15 77.65 78.98 80.16 81.18 82.04 82.73 83.35 84.53 86.49
67.52 68.65 69.83 71.04 72.25 73.42 74.41 75.15 75.63 75.86 75.85 75.61 75.15 74.48 73.60 72.50 71.14 69.54 67.71 65.68 63.47 61.12 58.64 56.07 53.50 50.94 48.45 46.03 43.73 41.56 39.56 37.75 36.11 34.65 33.38 32.31 31.47 30.85 30.48 30.36 30.50 30.86 31.40 32.11 32.98 34.04 35.27 36.70 38.31 40.08 41.96 43.93 45.96 48.04 50.15 52.27 54.39 56.50 58.62 60.74 62.84 64.92 66.95 68.91 70.80 72.59 74.28 75.83 77.24 78.50 79.62 80.58 81.39 82.04 82.63 83.80 85.76
65.50 66.67 67.90 69.16 70.43 71.68 72.87 73.88 74.62 75.09 75.30 75.27 74.99 74.47 73.71 72.66 71.33 69.74 67.93 65.91 63.71 61.35 58.86 56.28 53.68 51.11 48.59 46.14 43.81 41.61 39.57 37.73 36.09 34.66 33.42 32.41 31.62 31.08 30.79 30.77 30.96 31.32 31.86 32.56 33.43 34.49 35.73 37.16 38.78 40.56 42.45 44.42 46.46 48.54 50.65 52.77 54.87 56.95 59.01 61.06 63.09 65.09 67.04 68.93 70.74 72.45 74.05 75.51 76.84 78.03 79.08 79.98 80.74 81.35 81.90 83.05 85.03
63.50 64.71 65.98 67.28 68.60 69.90 71.18 72.39 73.39 74.12 74.56 74.74 74.65 74.28 73.60 72.61 71.33 69.79 68.02 66.03 63.86 61.52 59.05 56.47 53.88 51.31 48.79 46.34 44.00 41.79 39.74 37.88 36.24 34.82 33.64 32.68 31.97 31.51 31.31 31.33 31.52 31.87 32.39 33.09 33.96 35.02 36.26 37.69 39.32 41.11 43.00 44.97 47.01 49.09 51.20 53.31 55.41 57.47 59.49 61.46 63.42 65.34 67.20 69.01 70.73 72.34 73.84 75.21 76.45 77.57 78.55 79.39 80.10 80.66 81.18 82.32 84.29
61.52 62.76 64.06 65.40 66.76 68.12 69.45 70.73 71.93 72.91 73.61 74.01 74.10 73.85 73.25 72.34 71.14 69.68 67.96 66.04 63.91 61.62 59.18 56.65 54.08 51.54 49.04 46.62 44.29 42.10 40.06 38.21 36.57 35.17 34.03 33.14 32.50 32.13 31.97 31.98 32.16 32.50 33.01 33.69 34.56 35.61 36.85 38.28 39.92 41.71 43.60 45.57 47.61 49.69 51.78 53.89 55.97 58.03 60.03 61.95 63.82 65.65 67.43 69.14 70.75 72.25 73.65 74.92 76.08 77.12 78.03 78.82 79.47 79.98 80.47 81.59 83.57
59.57 60.83 62.16 63.53 64.93 66.32 67.70 69.03 70.31 71.48 72.42 73.04 73.28 73.14 72.66 71.86 70.76 69.39 67.76 65.92 63.87 61.65 59.27 56.79 54.29 51.79 49.34 46.96 44.68 42.52 40.52 38.70 37.09 35.72 34.62 33.79 33.24 32.90 32.73 32.72 32.87 33.20 33.69 34.37 35.22 36.27 37.50 38.94 40.57 42.36 44.25 46.22 48.25 50.32 52.41 54.50 56.57 58.61 60.59 62.50 64.31 66.05 67.72 69.31 70.81 72.20 73.49 74.67 75.75 76.71 77.55 78.27 78.86 79.33 79.78 80.88 82.86
57.64 58.92 60.27 61.66 63.09 64.52 65.93 67.31 68.64 69.88 70.98 71.77 72.16 72.17 71.82 71.15 70.18 68.92 67.41 65.67 63.72 61.59 59.31 56.91 54.48 52.06 49.68 47.37 45.16 43.06 41.12 39.36 37.80 36.48 35.43 34.65 34.13 33.77 33.57 33.54 33.67 33.97 34.45 35.11 35.95 36.98 38.21 39.64 41.27 43.06 44.95 46.91 48.93 50.99 53.07 55.14 57.20 59.22 61.18 63.06 64.84 66.51 68.07 69.53 70.91 72.19 73.38 74.46 75.45 76.33 77.10 77.75 78.29 78.72 79.13 80.20 82.18
55.74 57.03 58.39 59.80 61.24 62.70 64.15 65.57 66.93 68.20 69.30 70.17 70.73 70.91 70.73 70.21 69.38 68.27 66.90 65.29 63.46 61.45 59.28 56.99 54.66 52.34 50.06 47.84 45.72 43.71 41.85 40.17 38.70 37.45 36.46 35.69 35.11 34.71 34.49 34.42 34.53 34.81 35.26 35.91 36.73 37.75 38.97 40.39 42.01 43.80 45.68 47.63 49.64 51.69 53.75 55.81 57.84 59.84 61.77 63.63 65.38 67.00 68.47 69.81 71.06 72.23 73.31 74.30 75.20 75.99 76.69 77.28 77.77 78.14 78.51 79.56 81.54
53.87 55.15 56.52 57.94 59.40 60.88 62.36 63.80 65.18 66.40 67.45 68.33 69.00 69.36 69.36 69.03 68.37 67.43 66.22 64.76 63.09 61.22 59.18 57.02 54.82 52.63 50.46 48.36 46.35 44.46 42.71 41.14 39.76 38.61 37.65 36.84 36.20 35.74 35.47 35.37 35.45 35.70 36.14 36.76 37.57 38.57 39.78 41.19 42.80 44.58 46.45 48.39 50.38 52.41 54.45 56.49 58.51 60.48 62.38 64.21 65.91 67.47 68.88 70.14 71.28 72.33 73.31 74.20 75.00 75.72 76.34 76.86 77.29 77.61 77.94 78.97 80.94
52.02 53.30 54.67 56.09 57.56 59.06 60.55 61.99 63.31 64.48 65.49 66.34 67.03 67.52 67.73 67.60 67.14 66.39 65.36 64.09 62.59 60.88 59.01 57.00 54.95 52.91 50.89 48.93 47.06 45.30 43.69 42.24 40.99 39.90 38.92 38.08 37.38 36.86 36.53 36.39 36.43 36.66 37.07 37.66 38.45 39.44 40.62 42.02 43.62 45.38 47.24 49.17 51.15 53.16 55.18 57.19 59.18 61.12 62.99 64.76 66.40 67.91 69.28 70.49 71.56 72.50 73.37 74.16 74.87 75.50 76.05 76.50 76.87 77.14 77.43 78.43 80.39
50.21 51.47 52.83 54.25 55.73 57.22 58.70 60.07 61.32 62.43 63.41 64.25 64.93 65.47 65.83 65.92 65.69 65.15 64.33 63.26 61.96 60.45 58.75 56.93 55.05 53.18 51.34 49.54 47.84 46.24 44.78 43.48 42.31 41.23 40.25 39.38 38.64 38.07 37.67 37.47 37.47 37.66 38.04 38.61 39.37 40.34 41.51 42.88 44.47 46.22 48.06 49.97 51.93 53.91 55.91 57.90 59.86 61.76 63.58 65.28 66.87 68.32 69.65 70.83 71.86 72.74 73.51 74.20 74.82 75.36 75.83 76.22 76.52 76.73 76.98 77.95 79.91
48.42 49.67 51.01 52.42 53.89 55.36 56.75 58.04 59.22 60.28 61.23 62.05 62.74 63.31 63.73 63.99 64.00 63.70 63.12 62.27 61.19 59.89 58.41 56.79 55.12 53.44 51.79 50.19 48.67 47.25 45.97 44.79 43.65 42.58 41.60 40.72 39.96 39.34 38.89 38.63 38.56 38.71 39.06 39.60 40.33 41.27 42.42 43.78 45.35 47.08 48.90 50.79 52.72 54.68 56.65 58.61 60.53 62.38 64.13 65.77 67.30 68.71 69.99 71.14 72.15 73.01 73.72 74.32 74.84 75.30 75.69 76.00 76.24 76.41 76.60 77.55 79.50
46.67 47.89 49.21 50.60 52.03 53.40 54.69 55.90 57.01 58.03 58.95 59.76 60.47 61.06 61.53 61.87 62.07 62.03 61.71 61.12 60.28 59.23 57.98 56.58 55.13 53.68 52.24 50.86 49.55 48.34 47.20 46.07 44.98 43.93 42.96 42.08 41.31 40.67 40.18 39.86 39.73 39.81 40.11 40.62 41.33 42.24 43.36 44.69 46.24 47.95 49.75 51.62 53.52 55.46 57.40 59.31 61.17 62.95 64.63 66.22 67.70 69.07 70.32 71.44 72.43 73.27 73.97 74.52 74.96 75.33 75.64 75.88 76.06 76.16 76.31 77.22 79.17
44.95 46.13 47.42 48.77 50.08 51.34 52.53 53.66 54.71 55.69 56.59 57.40 58.11 58.74 59.26 59.67 59.98 60.15 60.11 59.79 59.22 58.43 57.44 56.30 55.10 53.89 52.70 51.55 50.47 49.43 48.37 47.31 46.27 45.26 44.31 43.44 42.67 42.01 41.50 41.14 40.96 40.98 41.21 41.67 42.35 43.23 44.32 45.62 47.15 48.84 50.62 52.45 54.33 56.23 58.13 59.98 61.77 63.47 65.10 66.63 68.06 69.39 70.61 71.71 72.68 73.52 74.22 74.77 75.17 75.45 75.68 75.85 75.96 76.01 76.11 76.99 78.93
43.26 44.41 45.63 46.85 48.03 49.18 50.28 51.33 52.33 53.27 54.15 54.96 55.69 56.35 56.93 57.42 57.82 58.12 58.30 58.28 58.01 57.51 56.80 55.93 55.01 54.07 53.14 52.26 51.37 50.44 49.47 48.48 47.50 46.55 45.64 44.79 44.03 43.37 42.84 42.45 42.23 42.20 42.37 42.76 43.39 44.23 45.29 46.57 48.07 49.73 51.48 53.29 55.13 56.99 58.82 60.60 62.31 63.96 65.52 67.00 68.40 69.69 70.88 71.96 72.92 73.75 74.45 75.01 75.42 75.68 75.83 75.93 75.97 75.96 76.01 76.86 78.78
41.61 42.68 43.76 44.84 45.89 46.93 47.94 48.92 49.87 50.78 51.64 52.45 53.21 53.91 54.55 55.12 55.61 56.03 56.36 56.59 56.64 56.45 56.04 55.48 54.85 54.21 53.57 52.90 52.15 51.33 50.46 49.57 48.66 47.77 46.91 46.10 45.36 44.71 44.18 43.78 43.53 43.45 43.57 43.89 44.45 45.25 46.28 47.53 49.00 50.63 52.35 54.12 55.92 57.71 59.46 61.16 62.81 64.39 65.90 67.34 68.69 69.96 71.12 72.18 73.13 73.96 74.66 75.24 75.67 75.95 76.09 76.11 76.09 76.02 76.02 76.83 78.74
39.96 40.88 41.80 42.74 43.67 44.61 45.53 46.45 47.35 48.22 49.08 49.90 50.68 51.43 52.13 52.78 53.37 53.91 54.38 54.79 55.10 55.24 55.17 54.93 54.62 54.29 53.90 53.39 52.78 52.09 51.34 50.54 49.72 48.91 48.11 47.35 46.65 46.02 45.50 45.09 44.83 44.72 44.80 45.07 45.56 46.29 47.27 48.48 49.92 51.52 53.21 54.93 56.66 58.37 60.04 61.67 63.25 64.78 66.24 67.64 68.95 70.19 71.33 72.38 73.33 74.16 74.87 75.46 75.91 76.23 76.39 76.41 76.33 76.19 76.14 76.92 78.81
38.25 38.99 39.76 40.56 41.38 42.21 43.06 43.91 44.77 45.62 46.46 47.30 48.11 48.91 49.67 50.41 51.11 51.77 52.39 52.95 53.46 53.89 54.17 54.28 54.32 54.25 54.05 53.71 53.25 52.70 52.07 51.39 50.67 49.94 49.22 48.52 47.86 47.28 46.78 46.38 46.11 45.99 46.03 46.26 46.70 47.36 48.28 49.44 50.84 52.41 54.05 55.70 57.34 58.96 60.56 62.12 63.64 65.11 66.53 67.89 69.18 70.39 71.52 72.56 73.50 74.33 75.06 75.67 76.15 76.50 76.71 76.77 76.69 76.50 76.39 77.13 78.81
36.46 37.03 37.65 38.32 39.02 39.76 40.53 41.33 42.14 42.97 43.81 44.66 45.51 46.36 47.20 48.03 48.84 49.62 50.38 51.11 51.81 52.46 53.05 53.52 53.85 54.00 53.99 53.82 53.53 53.13 52.64 52.09 51.48 50.85 50.22 49.59 49.00 48.46 47.99 47.62 47.36 47.23 47.26 47.46 47.85 48.46 49.30 50.40 51.75 53.27 54.83 56.39 57.95 59.49 61.02 62.52 63.98 65.40 66.78 68.10 69.36 70.55 71.67 72.70 73.65 74.49 75.23 75.87 76.38 76.77 77.02 77.14 77.11 76.93 76.77 77.27 78.41
34.55 34.96 35.44 35.98 36.58 37.23 37.93 38.67 39.45 40.27 41.12 41.99 42.88 43.79 44.71 45.63 46.56 47.48 48.39 49.29 50.18 51.04 51.86 52.59 53.16 53.52 53.71 53.73 53.62 53.38 53.04 52.63 52.15 51.63 51.09 50.55 50.03 49.55 49.13 48.79 48.55 48.43 48.45 48.63 48.99 49.55 50.34 51.36 52.66 54.11 55.57 57.04 58.52 59.98 61.44 62.88 64.29 65.67 67.00 68.29 69.53 70.71 71.81 72.84 73.79 74.65 75.41 76.07 76.61 77.04 77.35 77.52 77.55 77.43 77.18 77.13 77.62
32.33 32.60 32.95 33.39 33.90 34.49 35.14 35.85 36.62 37.45 38.32 39.23 40.19 41.18 42.19 43.24 44.30 45.38 46.46 47.56 48.65 49.73 50.72 51.55 52.28 52.87 53.26 53.48 53.55 53.48 53.30 53.03 52.68 52.27 51.84 51.39 50.95 50.53 50.16 49.86 49.65 49.54 49.57 49.73 50.07 50.60 51.33 52.30 53.58 55.02 56.41 57.79 59.18 60.57 61.95 63.33 64.68 66.01 67.31 68.57 69.78 70.93 72.03 73.05 74.00 74.87 75.65 76.33 76.91 77.38 77.73 77.96 78.05 77.97 77.67 77.28 77.15
29.76 29.91 30.17 30.52 30.98 31.52 32.15 32.86 33.64 34.50 35.43 36.41 37.46 38.55 39.70 40.88 42.11 43.37 44.66 45.97 47.29 48.53 49.59 50.50 51.32 52.06 52.67 53.09 53.34 53.45 53.43 53.30 53.08 52.80 52.48 52.12 51.76 51.42 51.11 50.85 50.67 50.58 50.60 50.76 51.08 51.57 52.27 53.25 54.54 55.99 57.36 58.67 59.97 61.28 62.60 63.91 65.20 66.48 67.73 68.95 70.13 71.27 72.34 73.36 74.31 75.19 75.98 76.68 77.29 77.79 78.19 78.46 78.58 78.48 78.14 77.69 77.24
26.92 26.94 27.13 27.44 27.86 28.39 29.02 29.75 30.58 31.50 32.50 33.58 34.74 35.97 37.27 38.63 40.04 41.51 43.02 44.57 46.05 47.35 48.48 49.45 50.34 51.17 51.93 52.54 52.99 53.27 53.42 53.44 53.36 53.21 52.99 52.74 52.47 52.20 51.95 51.74 51.59 51.52 51.56 51.71 52.01 52.48 53.20 54.22 55.53 56.98 58.37 59.66 60.90 62.12 63.36 64.60 65.83 67.05 68.26 69.44 70.58 71.69 72.75 73.76 74.70 75.58 76.38 77.11 77.74 78.27 78.70 79.00 79.08 78.94 78.57 78.09 77.58
24.06 23.79 23.90 24.18 24.60 25.14 25.80 26.58 27.48 28.48 29.59 30.79 32.10 33.49 34.96 36.52 38.15 39.85 41.61 43.31 44.84 46.19 47.37 48.40 49.36 50.25 51.09 51.86 52.49 52.96 53.27 53.45 53.52 53.49 53.40 53.25 53.06 52.87 52.68 52.53 52.42 52.38 52.42 52.58 52.88 53.39 54.16 55.20 56.53 57.98 59.38 60.69 61.91 63.07 64.23 65.39 66.56 67.72 68.88 70.01 71.12 72.20 73.23 74.23 75.16 76.04 76.85 77.59 78.24 78.80 79.24 79.50 79.54 79.36 78.96 78.45 77.90
21.32 20.69 20.57 20.81 21.25 21.83 22.55 23.41 24.39 25.51 26.75 28.11 29.58 31.16 32.84 34.62 36.49 38.44 40.35 42.10 43.66 45.05 46.28 47.37 48.39 49.34 50.24 51.08 51.86 52.50 52.99 53.33 53.54 53.65 53.68 53.63 53.55 53.43 53.32 53.22 53.15 53.14 53.20 53.38 53.73 54.30 55.12 56.19 57.53 58.98 60.38 61.70 62.94 64.09 65.19 66.27 67.37 68.47 69.57 70.66 71.73 72.77 73.78 74.75 75.68 76.55 77.37 78.11 78.78 79.34 79.74 79.95 79.95 79.73 79.30 78.77 78.19
18.75 17.77 17.34 17.42 17.87 18.51 19.32 20.28 21.39 22.64 24.04 25.57 27.24 29.03 30.94 32.98 35.11 37.21 39.15 40.91 42.50 43.93 45.21 46.35 47.42 48.43 49.38 50.28 51.13 51.91 52.57 53.07 53.44 53.68 53.83 53.90 53.91 53.89 53.85 53.80 53.78 53.81 53.91 54.15 54.58 55.22 56.08 57.18 58.52 59.97 61.37 62.70 63.95 65.12 66.20 67.23 68.26 69.29 70.33 71.37 72.39 73.40 74.38 75.33 76.24 77.11 77.92 78.67 79.33 79.84 80.19 80.35 80.31 80.06 79.61 79.05 78.45
16.33 15.07 14.37 14.20 14.54 15.25 16.16 17.25 18.51 19.93 21.51 23.25 25.13 27.17 29.34 31.63 33.91 36.03 37.98 39.76 41.37 42.84 44.16 45.35 46.47 47.53 48.53 49.48 50.38 51.22 52.01 52.68 53.20 53.59 53.87 54.05 54.17 54.23 54.27 54.29 54.32 54.40 54.58 54.92 55.43 56.13 57.03 58.15 59.49 60.94 62.33 63.66 64.92 66.10 67.21 68.24 69.21 70.17 71.15 72.13 73.10 74.07 75.02 75.94 76.84 77.69 78.50 79.23 79.83 80.29 80.58 80.70 80.62 80.34 79.87 79.29 78.66
14.09 12.58 11.66 11.29 11.46 12.11 13.13 14.38 15.81 17.43 19.22 21.18 23.32 25.62 28.06 30.50 32.79 34.90 36.85 38.64 40.27 41.77 43.12 44.36 45.53 46.63 47.68 48.68 49.62 50.51 51.36 52.15 52.82 53.36 53.77 54.08 54.30 54.46 54.58 54.67 54.77 54.95 55.24 55.68 56.26 57.02 57.96 59.09 60.43 61.87 63.26 64.59 65.85 67.04 68.16 69.21 70.18 71.09 72.01 72.93 73.85 74.77 75.68 76.58 77.45 78.29 79.07 79.74 80.28 80.68 80.92 81.00 80.89 80.58 80.09 79.49 78.84
12.03 10.33 9.23 8.71 8.74 9.29 10.32 11.72 13.35 15.18 17.21 19.44 21.85 24.42 27.01 29.45 31.71 33.81 35.76 37.55 39.21 40.72 42.11 43.39 44.60 45.75 46.84 47.87 48.86 49.80 50.68 51.53 52.32 53.00 53.55 53.98 54.32 54.58 54.78 54.95 55.17 55.48 55.89 56.41 57.07 57.88 58.85 60.00 61.33 62.76 64.14 65.47 66.73 67.93 69.06 70.12 71.11 72.03 72.89 73.75 74.62 75.49 76.36 77.23 78.07 78.87 79.58 80.19 80.67 81.01 81.21 81.24 81.10 80.78 80.26 79.65 78.99
10.16 8.32 7.10 6.47 6.41 6.89 7.88 9.35 11.18 13.26 15.56 18.06 20.75 23.47 26.04 28.45 30.69 32.77 34.71 36.51 38.17 39.71 41.13 42.44 43.68 44.87 46.00 47.08 48.10 49.07 50.00 50.88 51.72 52.51 53.20 53.76 54.21 54.57 54.87 55.19 55.55 55.98 56.50 57.11 57.84 58.70 59.70 60.86 62.19 63.60 64.96 66.28 67.54 68.74 69.88 70.96 71.97 72.90 73.77 74.58 75.40 76.22 77.05 77.87 78.67 79.39 80.03 80.57 81.00 81.29 81.44 81.44 81.27 80.93 80.40 79.77 79.09
8.50 6.56 5.26 4.58 4.48 4.94 5.93 7.42 9.38 11.71 14.29 17.09 19.93 22.62 25.14 27.50 29.71 31.78 33.71 35.50 37.17 38.72 40.17 41.51 42.79 44.01 45.17 46.28 47.34 48.35 49.31 50.22 51.10 51.93 52.72 53.41 53.98 54.46 54.92 55.39 55.89 56.45 57.07 57.77 58.56 59.46 60.49 61.66 62.98 64.36 65.72 67.02 68.28 69.48 70.62 71.71 72.73 73.69 74.58 75.40 76.17 76.94 77.71 78.48 79.20 79.85 80.42 80.90 81.27 81.51 81.63 81.59 81.40 81.03 80.49 79.85 79.16
