data_processed/recharge/precip/Precip_1997_12.asc
ncols        168
nrows        136
xllcorner    455000
yllcorner    2107000
cellsize     500
NODATA_value     -99999
[rows 37 to 73 of 136, columns 0 to 81 of 168]
8.86 8.63 8.39 8.16 7.92 7.70 7.47 7.25 7.04 6.83 6.64 6.45 6.28 6.12 5.98 5.85 5.74 5.63 5.52 5.42 5.33 5.23 5.15 5.08 5.02 4.97 4.93 4.91 4.89 4.88 4.88 4.89 4.91 4.94 4.97 5.01 5.05 5.10 5.16 5.21 5.28 5.34 5.41 5.48 5.56 5.63 5.71 5.79 5.86 5.94 6.01 6.09 6.16 6.23 6.29 6.36 6.41 6.47 6.52 6.56 6.60 6.63 6.65 6.67 6.68 6.67 6.66 6.62 6.58 6.52 6.45 6.39 6.32 6.26 6.20 6.15 6.10 6.07 6.05 6.04 6.05 6.07
8.58 8.35 8.11 7.88 7.65 7.42 7.20 6.99 6.78 6.58 6.38 6.20 6.03 5.88 5.74 5.62 5.51 5.40 5.30 5.20 5.11 5.03 4.96 4.90 4.85 4.82 4.79 4.77 4.77 4.77 4.78 4.80 4.83 4.86 4.90 4.94 4.99 5.05 5.11 5.18 5.24 5.31 5.39 5.46 5.54 5.62 5.70 5.78 5.85 5.93 6.01 6.08 6.15 6.22 6.29 6.35 6.40 6.46 6.50 6.54 6.58 6.60 6.62 6.64 6.64 6.63 6.61 6.58 6.53 6.47 6.40 6.33 6.26 6.20 6.14 6.08 6.05 6.02 6.01 6.01 6.02 6.05
8.29 8.05 7.82 7.59 7.36 7.13 6.92 6.71 6.50 6.31 6.12 5.94 5.78 5.63 5.49 5.37 5.27 5.17 5.07 4.98 4.90 4.83 4.77 4.72 4.69 4.66 4.65 4.64 4.65 4.66 4.68 4.71 4.74 4.78 4.83 4.88 4.94 5.00 5.07 5.14 5.21 5.29 5.36 5.44 5.52 5.60 5.68 5.77 5.84 5.92 6.00 6.07 6.15 6.21 6.28 6.34 6.39 6.44 6.49 6.52 6.55 6.58 6.59 6.60 6.60 6.59 6.56 6.53 6.48 6.41 6.34 6.27 6.19 6.13 6.07 6.02 5.99 5.97 5.97 5.98 6.00 6.03
7.97 7.74 7.51 7.28 7.05 6.83 6.62 6.41 6.21 6.02 5.84 5.67 5.51 5.36 5.23 5.12 5.02 4.93 4.84 4.75 4.69 4.63 4.58 4.55 4.53 4.51 4.51 4.51 4.53 4.55 4.58 4.61 4.66 4.70 4.76 4.82 4.88 4.95 5.02 5.10 5.18 5.26 5.34 5.42 5.50 5.59 5.67 5.75 5.84 5.91 5.99 6.07 6.14 6.20 6.27 6.33 6.38 6.43 6.47 6.50 6.53 6.55 6.56 6.56 6.55 6.54 6.51 6.47 6.42 6.35 6.27 6.20 6.12 6.06 6.01 5.97 5.94 5.93 5.93 5.95 5.97 6.01
7.65 7.42 7.18 6.96 6.74 6.52 6.31 6.11 5.91 5.73 5.55 5.39 5.23 5.09 4.97 4.86 4.77 4.68 4.60 4.53 4.47 4.43 4.40 4.37 4.36 4.36 4.37 4.38 4.41 4.44 4.47 4.52 4.57 4.63 4.69 4.76 4.83 4.90 4.98 5.06 5.14 5.23 5.31 5.40 5.49 5.57 5.66 5.74 5.82 5.91 5.98 6.06 6.13 6.20 6.26 6.31 6.36 6.41 6.45 6.48 6.50 6.52 6.52 6.52 6.51 6.49 6.45 6.41 6.35 6.28 6.20 6.12 6.05 5.99 5.94 5.91 5.90 5.89 5.90 5.92 5.95 5.99
7.31 7.08 6.85 6.62 6.40 6.19 5.98 5.78 5.60 5.42 5.25 5.09 4.94 4.81 4.69 4.59 4.50 4.43 4.36 4.31 4.26 4.23 4.21 4.20 4.20 4.21 4.23 4.25 4.29 4.33 4.37 4.43 4.49 4.55 4.62 4.69 4.77 4.85 4.93 5.02 5.11 5.20 5.29 5.38 5.47 5.56 5.64 5.73 5.81 5.89 5.97 6.05 6.12 6.18 6.24 6.30 6.35 6.39 6.43 6.45 6.47 6.48 6.49 6.48 6.46 6.43 6.39 6.34 6.28 6.20 6.12 6.04 5.97 5.92 5.89 5.86 5.85 5.85 5.86 5.89 5.93 5.97
6.96 6.73 6.50 6.28 6.06 5.85 5.65 5.45 5.27 5.09 4.93 4.78 4.64 4.52 4.41 4.31 4.24 4.17 4.12 4.08 4.05 4.03 4.02 4.03 4.04 4.06 4.08 4.12 4.16 4.21 4.27 4.33 4.40 4.47 4.55 4.63 4.71 4.80 4.89 4.98 5.07 5.16 5.26 5.35 5.44 5.54 5.63 5.71 5.80 5.88 5.96 6.03 6.10 6.17 6.23 6.28 6.33 6.37 6.40 6.43 6.44 6.45 6.45 6.43 6.41 6.38 6.33 6.27 6.20 6.12 6.03 5.95 5.90 5.85 5.82 5.80 5.80 5.80 5.82 5.85 5.90 5.95
6.64 6.40 6.17 5.95 5.74 5.53 5.33 5.13 4.95 4.78 4.62 4.47 4.34 4.22 4.12 4.03 3.95 3.90 3.86 3.84 3.82 3.82 3.82 3.84 3.86 3.89 3.93 3.98 4.03 4.09 4.15 4.23 4.30 4.38 4.47 4.55 4.64 4.74 4.83 4.93 5.03 5.12 5.22 5.32 5.41 5.51 5.60 5.69 5.78 5.86 5.94 6.02 6.09 6.15 6.21 6.26 6.31 6.34 6.37 6.39 6.41 6.41 6.40 6.38 6.36 6.32 6.26 6.20 6.12 6.01 5.88 5.80 5.75 5.72 5.69 5.68 5.68 5.70 5.72 5.76 5.81 5.87
6.36 6.12 5.89 5.66 5.44 5.23 5.03 4.83 4.65 4.48 4.32 4.17 4.04 3.92 3.82 3.73 3.66 3.61 3.59 3.58 3.57 3.58 3.60 3.63 3.66 3.70 3.76 3.81 3.88 3.95 4.02 4.10 4.19 4.28 4.37 4.46 4.56 4.66 4.76 4.86 4.97 5.07 5.17 5.27 5.37 5.47 5.57 5.66 5.75 5.83 5.91 5.99 6.06 6.12 6.18 6.23 6.28 6.31 6.34 6.36 6.37 6.37 6.35 6.33 6.30 6.25 6.20 6.12 6.02 5.85 5.68 5.56 5.51 5.48 5.47 5.47 5.48 5.50 5.53 5.58 5.63 5.70
6.11 5.87 5.63 5.39 5.17 4.95 4.74 4.54 4.35 4.18 4.01 3.86 3.73 3.61 3.51 3.42 3.35 3.31 3.29 3.29 3.30 3.33 3.36 3.40 3.44 3.50 3.56 3.63 3.71 3.79 3.87 3.96 4.06 4.15 4.25 4.36 4.46 4.57 4.68 4.79 4.89 5.00 5.11 5.22 5.32 5.42 5.52 5.61 5.71 5.79 5.88 5.95 6.02 6.09 6.15 6.20 6.24 6.27 6.30 6.32 6.32 6.32 6.30 6.28 6.24 6.19 6.13 6.02 5.87 5.66 5.44 5.27 5.19 5.16 5.15 5.16 5.18 5.21 5.26 5.31 5.38 5.46
5.90 5.64 5.39 5.15 4.91 4.68 4.46 4.26 4.06 3.88 3.71 3.55 3.41 3.30 3.19 3.11 3.04 3.00 2.98 2.99 3.01 3.05 3.09 3.15 3.21 3.28 3.35 3.43 3.52 3.61 3.71 3.81 3.91 4.02 4.13 4.24 4.35 4.46 4.58 4.69 4.81 4.92 5.04 5.15 5.26 5.36 5.46 5.56 5.66 5.75 5.83 5.91 5.98 6.05 6.11 6.16 6.20 6.23 6.26 6.27 6.27 6.27 6.25 6.22 6.18 6.12 6.03 5.89 5.69 5.43 5.16 4.95 4.82 4.75 4.75 4.77 4.80 4.85 4.90 4.97 5.04 5.13
5.72 5.44 5.17 4.91 4.66 4.42 4.19 3.97 3.76 3.57 3.39 3.23 3.09 2.97 2.87 2.79 2.72 2.68 2.66 2.67 2.70 2.75 2.81 2.88 2.95 3.03 3.12 3.21 3.31 3.41 3.52 3.63 3.75 3.86 3.98 4.10 4.22 4.35 4.47 4.59 4.71 4.83 4.95 5.07 5.18 5.29 5.40 5.50 5.60 5.69 5.78 5.86 5.93 6.00 6.06 6.11 6.15 6.18 6.21 6.22 6.22 6.21 6.19 6.16 6.11 6.03 5.90 5.71 5.46 5.16 4.84 4.59 4.41 4.31 4.27 4.29 4.34 4.40 4.47 4.55 4.63 4.73
5.55 5.25 4.97 4.69 4.42 4.16 3.91 3.67 3.45 3.24 3.05 2.89 2.76 2.64 2.54 2.46 2.39 2.35 2.34 2.35 2.38 2.44 2.51 2.59 2.68 2.77 2.87 2.98 3.09 3.20 3.32 3.44 3.57 3.70 3.82 3.95 4.08 4.22 4.35 4.48 4.60 4.73 4.86 4.98 5.10 5.21 5.32 5.43 5.53 5.63 5.72 5.80 5.88 5.95 6.01 6.06 6.10 6.13 6.16 6.17 6.17 6.16 6.14 6.10 6.03 5.90 5.72 5.49 5.20 4.86 4.50 4.21 3.98 3.84 3.76 3.75 3.80 3.87 3.95 4.05 4.15 4.27
5.39 5.07 4.76 4.46 4.17 3.89 3.62 3.36 3.12 2.91 2.72 2.56 2.42 2.30 2.20 2.12 2.05 2.02 2.00 2.02 2.05 2.11 2.19 2.28 2.39 2.49 2.61 2.73 2.85 2.98 3.11 3.24 3.38 3.51 3.65 3.79 3.93 4.07 4.21 4.35 4.49 4.62 4.75 4.88 5.00 5.13 5.24 5.35 5.46 5.56 5.65 5.74 5.82 5.89 5.95 6.00 6.04 6.08 6.10 6.11 6.11 6.10 6.07 6.01 5.90 5.74 5.52 5.24 4.91 4.52 4.13 3.79 3.53 3.34 3.22 3.17 3.20 3.27 3.37 3.48 3.60 3.73
5.23 4.89 4.55 4.23 3.91 3.60 3.31 3.03 2.78 2.56 2.38 2.21 2.08 1.96 1.86 1.78 1.71 1.68 1.67 1.68 1.72 1.78 1.86 1.96 2.08 2.20 2.33 2.46 2.60 2.73 2.88 3.02 3.17 3.32 3.47 3.62 3.77 3.92 4.06 4.21 4.35 4.50 4.64 4.77 4.90 5.03 5.15 5.27 5.38 5.48 5.58 5.67 5.75 5.82 5.88 5.94 5.98 6.02 6.04 6.05 6.05 6.04 5.99 5.89 5.74 5.53 5.27 4.96 4.59 4.16 3.73 3.35 3.05 2.82 2.67 2.58 2.56 2.61 2.72 2.85 2.98 3.13
5.07 4.70 4.33 3.98 3.63 3.30 2.98 2.69 2.44 2.22 2.03 1.87 1.73 1.61 1.51 1.43 1.37 1.33 1.32 1.34 1.38 1.44 1.52 1.63 1.75 1.89 2.03 2.17 2.32 2.48 2.63 2.79 2.95 3.11 3.27 3.43 3.59 3.75 3.90 4.06 4.21 4.36 4.51 4.65 4.79 4.92 5.05 5.17 5.29 5.40 5.50 5.59 5.68 5.75 5.82 5.87 5.92 5.96 5.98 5.99 5.99 5.95 5.87 5.73 5.54 5.29 4.99 4.64 4.24 3.77 3.30 2.89 2.55 2.29 2.10 1.97 1.92 1.93 2.01 2.15 2.31 2.47
4.90 4.49 4.10 3.71 3.33 2.97 2.64 2.35 2.09 1.87 1.68 1.51 1.37 1.26 1.16 1.08 1.02 0.98 0.98 0.99 1.04 1.10 1.18 1.29 1.41 1.56 1.71 1.87 2.04 2.20 2.37 2.54 2.71 2.89 3.06 3.23 3.40 3.57 3.74 3.90 4.06 4.22 4.37 4.52 4.67 4.81 4.94 5.07 5.19 5.31 5.41 5.51 5.60 5.68 5.75 5.80 5.85 5.89 5.91 5.93 5.90 5.83 5.71 5.53 5.31 5.02 4.69 4.30 3.86 3.36 2.85 2.41 2.04 1.74 1.51 1.35 1.26 1.24 1.29 1.40 1.57 1.75
4.72 4.27 3.84 3.41 3.00 2.62 2.29 1.99 1.74 1.51 1.32 1.16 1.02 0.90 0.81 0.73 0.67 0.63 0.63 0.65 0.69 0.75 0.84 0.95 1.08 1.22 1.38 1.56 1.74 1.92 2.10 2.28 2.47 2.65 2.83 3.02 3.20 3.38 3.55 3.73 3.90 4.07 4.23 4.39 4.54 4.69 4.83 4.96 5.09 5.21 5.32 5.42 5.51 5.60 5.67 5.73 5.78 5.82 5.85 5.84 5.78 5.68 5.52 5.31 5.04 4.73 4.36 3.93 3.46 2.93 2.39 1.91 1.51 1.17 0.91 0.72 0.60 0.55 0.56 0.64 0.79 0.98
4.51 4.02 3.55 3.09 2.66 2.28 1.94 1.64 1.38 1.16 0.96 0.80 0.66 0.54 0.45 0.37 0.31 0.28 0.27 0.29 0.34 0.41 0.50 0.61 0.73 0.88 1.05 1.23 1.42 1.61 1.81 2.01 2.20 2.40 2.60 2.79 2.99 3.18 3.36 3.55 3.73 3.91 4.08 4.24 4.41 4.56 4.71 4.85 4.98 5.11 5.22 5.33 5.43 5.52 5.59 5.66 5.71 5.75 5.76 5.72 5.63 5.49 5.29 5.05 4.75 4.40 4.00 3.54 3.04 2.48 1.90 1.40 0.96 0.60 0.31 0.08 0.00 0.00 0.00 0.00 0.00 0.17
4.27 3.74 3.22 2.74 2.31 1.93 1.59 1.29 1.03 0.80 0.60 0.44 0.30 0.18 0.09 0.01 0.00 0.00 0.00 0.00 0.00 0.06 0.15 0.26 0.39 0.54 0.71 0.89 1.09 1.30 1.51 1.72 1.93 2.14 2.35 2.56 2.76 2.96 3.16 3.36 3.55 3.74 3.92 4.09 4.26 4.43 4.58 4.73 4.87 5.00 5.12 5.23 5.34 5.43 5.51 5.58 5.63 5.66 5.63 5.56 5.44 5.26 5.04 4.76 4.43 4.05 3.62 3.14 2.60 2.01 1.41 0.87 0.40 0.01 0.00 0.00 0.00 0.00 0.00 0.00 0.00 0.00
4.00 3.42 2.89 2.40 1.96 1.58 1.23 0.93 0.67 0.44 0.24 0.08 0.00 0.00 0.00 0.00 0.00 0.00 0.00 0.00 0.00 0.00 0.00 0.00 0.05 0.20 0.37 0.55 0.76 0.97 1.19 1.42 1.64 1.87 2.09 2.31 2.53 2.74 2.95 3.16 3.36 3.56 3.75 3.93 4.11 4.28 4.45 4.60 4.75 4.89 5.02 5.13 5.24 5.34 5.43 5.50 5.54 5.53 5.48 5.37 5.22 5.01 4.76 4.45 4.09 3.68 3.22 2.71 2.14 1.52 0.90 0.33 0.00 0.00 0.00 0.00 0.00 0.00 0.00 0.00 0.00 0.00
3.69 3.09 2.54 2.06 1.62 1.22 0.88 0.57 0.31 0.08 0.00 0.00 0.00 0.00 0.00 0.00 0.00 0.00 0.00 0.00 0.00 0.00 0.00 0.00 0.00 0.00 0.03 0.22 0.42 0.64 0.87 1.11 1.35 1.58 1.82 2.05 2.28 2.51 2.73 2.95 3.16 3.37 3.57 3.77 3.95 4.13 4.31 4.47 4.63 4.77 4.91 5.03 5.15 5.25 5.34 5.39 5.41 5.37 5.28 5.15 4.97 4.73 4.45 4.11 3.73 3.29 2.81 2.27 1.67 1.03 0.38 0.00 0.00 0.00 0.00 0.00 0.00 0.00 0.00 0.00 0.00 0.00
3.36 2.75 2.20 1.71 1.27 0.87 0.52 0.22 0.00 0.00 0.00 0.00 0.00 0.00 0.00 0.00 0.00 0.00 0.00 0.00 0.00 0.00 0.00 0.00 0.00 0.00 0.00 0.00 0.08 0.31 0.54 0.79 1.04 1.29 1.54 1.79 2.03 2.27 2.50 2.73 2.96 3.18 3.39 3.59 3.79 3.98 4.16 4.33 4.50 4.65 4.79 4.92 5.04 5.15 5.23 5.26 5.24 5.18 5.06 4.90 4.69 4.43 4.12 3.76 3.35 2.89 2.37 1.81 1.19 0.53 0.00 0.00 0.00 0.00 0.00 0.00 0.00 0.00 0.00 0.00 0.00 0.00
3.03 2.42 1.87 1.37 0.92 0.52 0.17 0.00 0.00 0.00 0.00 0.00 0.00 0.00 0.00 0.00 0.00 0.00 0.00 0.00 0.00 0.00 0.00 0.00 0.00 0.00 0.00 0.00 0.00 0.00 0.21 0.46 0.72 0.98 1.25 1.51 1.77 2.02 2.27 2.51 2.74 2.97 3.20 3.41 3.62 3.82 4.01 4.19 4.36 4.53 4.68 4.81 4.94 5.04 5.09 5.09 5.05 4.96 4.82 4.63 4.39 4.11 3.77 3.39 2.95 2.47 1.93 1.35 0.71 0.02 0.00 0.00 0.00 0.00 0.00 0.00 0.00 0.00 0.00 0.00 0.00 0.00
2.70 2.08 1.53 1.03 0.58 0.17 0.00 0.00 0.00 0.00 0.00 0.00 0.00 0.00 0.00 0.00 0.00 0.00 0.00 0.00 0.00 0.00 0.00 0.00 0.00 0.00 0.00 0.00 0.00 0.00 0.00 0.13 0.40 0.67 0.95 1.22 1.49 1.76 2.02 2.28 2.52 2.77 3.00 3.23 3.45 3.66 3.86 4.05 4.23 4.40 4.56 4.70 4.82 4.89 4.91 4.89 4.82 4.71 4.54 4.33 4.07 3.76 3.41 3.00 2.54 2.04 1.48 0.87 0.21 0.00 0.00 0.00 0.00 0.00 0.00 0.00 0.00 0.00 0.00 0.00 0.00 0.00
2.37 1.75 1.19 0.69 0.23 0.00 0.00 0.00 0.00 0.00 0.00 0.00 0.00 0.00 0.00 0.00 0.00 0.00 0.00 0.00 0.00 0.00 0.00 0.00 0.00 0.00 0.00 0.00 0.00 0.00 0.00 0.00 0.08 0.35 0.64 0.93 1.21 1.49 1.77 2.04 2.30 2.55 2.80 3.04 3.27 3.49 3.70 3.90 4.09 4.27 4.43 4.57 4.66 4.71 4.71 4.66 4.57 4.43 4.25 4.01 3.73 3.40 3.03 2.60 2.12 1.60 1.02 0.39 0.00 0.00 0.00 0.00 0.00 0.00 0.00 0.00 0.00 0.00 0.00 0.00 0.00 0.00
2.05 1.43 0.86 0.35 0.00 0.00 0.00 0.00 0.00 0.00 0.00 0.00 0.00 0.00 0.00 0.00 0.00 0.00 0.00 0.00 0.00 0.00 0.00 0.00 0.00 0.00 0.00 0.00 0.00 0.00 0.00 0.00 0.00 0.04 0.33 0.62 0.92 1.22 1.51 1.79 2.06 2.33 2.59 2.84 3.08 3.31 3.53 3.74 3.94 4.13 4.29 4.40 4.47 4.50 4.48 4.41 4.30 4.14 3.93 3.68 3.38 3.03 2.63 2.19 1.69 1.15 0.56 0.00 0.00 0.00 0.00 0.00 0.00 0.00 0.00 0.00 0.00 0.00 0.00 0.00 0.00 0.00
1.73 1.10 0.53 0.02 0.00 0.00 0.00 0.00 0.00 0.00 0.00 0.00 0.00 0.00 0.00 0.00 0.00 0.00 0.00 0.00 0.00 0.00 0.00 0.00 0.00 0.00 0.00 0.00 0.00 0.00 0.00 0.00 0.00 0.00 0.02 0.32 0.63 0.94 1.24 1.54 1.82 2.10 2.38 2.64 2.89 3.13 3.37 3.59 3.80 3.98 4.12 4.21 4.26 4.26 4.22 4.14 4.00 3.83 3.60 3.33 3.01 2.64 2.23 1.77 1.26 0.70 0.09 0.00 0.00 0.00 0.00 0.00 0.00 0.00 0.00 0.00 0.00 0.00 0.00 0.00 0.00 0.00
1.42 0.78 0.21 0.00 0.00 0.00 0.00 0.00 0.00 0.00 0.00 0.00 0.00 0.00 0.00 0.00 0.00 0.00 0.00 0.00 0.00 0.00 0.00 0.00 0.00 0.00 0.00 0.00 0.00 0.00 0.00 0.00 0.00 0.00 0.00 0.02 0.33 0.65 0.96 1.28 1.58 1.87 2.16 2.43 2.70 2.95 3.20 3.43 3.63 3.79 3.91 3.99 4.02 4.00 3.94 3.84 3.69 3.49 3.25 2.97 2.63 2.25 1.82 1.34 0.82 0.24 0.00 0.00 0.00 0.00 0.00 0.00 0.00 0.00 0.00 0.00 0.00 0.00 0.00 0.00 0.00 0.00
1.11 0.47 0.00 0.00 0.00 0.00 0.00 0.00 0.00 0.00 0.00 0.00 0.00 0.00 0.00 0.00 0.00 0.00 0.00 0.00 0.00 0.00 0.00 0.00 0.00 0.00 0.00 0.00 0.00 0.00 0.00 0.00 0.00 0.00 0.00 0.00 0.04 0.36 0.69 1.01 1.33 1.63 1.93 2.22 2.50 2.77 3.02 3.25 3.44 3.58 3.68 3.74 3.75 3.72 3.65 3.53 3.36 3.15 2.89 2.59 2.24 1.85 1.40 0.91 0.38 0.00 0.00 0.00 0.00 0.00 0.00 0.00 0.00 0.00 0.00 0.00 0.00 0.00 0.00 0.00 0.00 0.00
0.81 0.16 0.00 0.00 0.00 0.00 0.00 0.00 0.00 0.00 0.00 0.00 0.00 0.00 0.00 0.00 0.00 0.00 0.00 0.00 0.00 0.00 0.00 0.00 0.00 0.00 0.00 0.00 0.00 0.00 0.00 0.00 0.00 0.00 0.00 0.00 0.00 0.08 0.41 0.74 1.07 1.39 1.71 2.01 2.30 2.58 2.83 3.04 3.21 3.34 3.42 3.47 3.46 3.42 3.33 3.19 3.02 2.79 2.52 2.21 1.85 1.44 0.99 0.49 0.00 0.00 0.00 0.00 0.00 0.00 0.00 0.00 0.00 0.00 0.00 0.00 0.00 0.00 0.00 0.00 0.00 0.00
0.51 0.00 0.00 0.00 0.00 0.00 0.00 0.00 0.00 0.00 0.00 0.00 0.00 0.00 0.00 0.00 0.00 0.00 0.00 0.00 0.00 0.00 0.00 0.00 0.00 0.00 0.00 0.00 0.00 0.00 0.00 0.00 0.00 0.00 0.00 0.00 0.00 0.00 0.14 0.47 0.81 1.15 1.47 1.79 2.09 2.37 2.61 2.81 2.96 3.07 3.15 3.17 3.16 3.10 3.00 2.85 2.66 2.43 2.15 1.82 1.45 1.03 0.57 0.06 0.00 0.00 0.00 0.00 0.00 0.00 0.00 0.00 0.00 0.00 0.00 0.00 0.00 0.00 0.00 0.00 0.00 0.00
0.22 0.00 0.00 0.00 0.00 0.00 0.00 0.00 0.00 0.00 0.00 0.00 0.00 0.00 0.00 0.00 0.00 0.00 0.00 0.00 0.00 0.00 0.00 0.00 0.00 0.00 0.00 0.00 0.00 0.00 0.00 0.00 0.00 0.00 0.00 0.00 0.00 0.00 0.00 0.21 0.55 0.90 1.24 1.57 1.87 2.14 2.36 2.54 2.69 2.79 2.85 2.86 2.84 2.77 2.65 2.50 2.30 2.05 1.76 1.43 1.05 0.63 0.16 0.00 0.00 0.00 0.00 0.00 0.00 0.00 0.00 0.00 0.00 0.00 0.00 0.00 0.00 0.00 0.00 0.00 0.00 0.00
0.00 0.00 0.00 0.00 0.00 0.00 0.00 0.00 0.00 0.00 0.00 0.00 0.00 0.00 0.00 0.00 0.00 0.00 0.00 0.00 0.00 0.00 0.00 0.00 0.00 0.00 0.00 0.00 0.00 0.00 0.00 0.00 0.00 0.00 0.00 0.00 0.00 0.00 0.00 0.00 0.30 0.65 1.00 1.33 1.62 1.88 2.09 2.26 2.39 2.48 2.53 2.53 2.50 2.42 2.30 2.13 1.93 1.67 1.38 1.04 0.65 0.22 0.00 0.00 0.00 0.00 0.00 0.00 0.00 0.00 0.00 0.00 0.00 0.00 0.00 0.00 0.00 0.00 0.00 0.00 0.00 0.00
0.00 0.00 0.00 0.00 0.00 0.00 0.00 0.00 0.00 0.00 0.00 0.00 0.00 0.00 0.00 0.00 0.00 0.00 0.00 0.00 0.00 0.00 0.00 0.00 0.00 0.00 0.00 0.00 0.00 0.00 0.00 0.00 0.00 0.00 0.00 0.00 0.00 0.00 0.00 0.00 0.06 0.42 0.75 1.07 1.35 1.59 1.79 1.95 2.08 2.16 2.20 2.19 2.15 2.07 1.94 1.77 1.55 1.29 0.99 0.65 0.26 0.00 0.00 0.00 0.00 0.00 0.00 0.00 0.00 0.00 0.00 0.00 0.00 0.00 0.00 0.00 0.00 0.00 0.00 0.00 0.00 0.00
0.00 0.00 0.00 0.00 0.00 0.00 0.00 0.00 0.00 0.00 0.00 0.00 0.00 0.00 0.00 0.00 0.00 0.00 0.00 0.00 0.00 0.00 0.00 0.00 0.00 0.00 0.00 0.00 0.00 0.00 0.00 0.00 0.00 0.00 0.00 0.00 0.00 0.00 0.00 0.00 0.00 0.17 0.49 0.78 1.05 1.28 1.47 1.63 1.74 1.82 1.85 1.84 1.79 1.70 1.57 1.39 1.18 0.91 0.61 0.26 0.00 0.00 0.00 0.00 0.00 0.00 0.00 0.00 0.00 0.00 0.00 0.00 0.00 0.00 0.00 0.00 0.00 0.00 0.00 0.00 0.00 0.00
0.00 0.00 0.00 0.00 0.00 0.00 0.00 0.00 0.00 0.00 0.00 0.00 0.00 0.00 0.00 0.00 0.00 0.00 0.00 0.00 0.00 0.00 0.00 0.00 0.00 0.00 0.00 0.00 0.00 0.00 0.00 0.00 0.00 0.00 0.00 0.00 0.00 0.00 0.00 0.00 0.00 0.00 0.21 0.49 0.73 0.95 1.14 1.29 1.40 1.47 1.50 1.48 1.43 1.34 1.20 1.02 0.80 0.54 0.23 0.00 0.00 0.00 0.00 0.00 0.00 0.00 0.00 0.00 0.00 0.00 0.00 0.00 0.00 0.00 0.00 0.00 0.00 0.00 0.00 0.00 0.00 0.00
