data_processed/recharge/precip/Precip_2012_06.asc
ncols        168
nrows        136
xllcorner    455000
yllcorner    2107000
cellsize     500
NODATA_value     -99999
[rows 96 to 127 of 136, columns 72 to 143 of 168]
107.83 106.91 106.23 105.73 105.34 105.05 104.86 104.76 104.76 104.85 105.03 105.29 105.64 106.06 106.57 107.15 107.81 108.54 109.33 110.19 111.12 112.11 113.15 114.25 115.41 116.62 117.87 119.17 120.52 121.91 123.34 124.80 126.30 127.83 129.38 130.97 132.58 134.21 135.86 137.52 139.21 140.90 142.60 144.31 146.02 147.74 149.45 151.16 152.87 154.57 156.26 157.93 159.59 161.23 162.85 164.45 166.02 167.57 169.08 170.55 172.03 173.61 175.26 176.94 178.64 180.36 182.10 183.86 185.62 187.39 189.16 190.93
110.48 109.68 109.06 108.60 108.25 107.99 107.83 107.76 107.78 107.89 108.09 108.37 108.73 109.17 109.68 110.26 110.92 111.65 112.44 113.29 114.21 115.18 116.21 117.29 118.43 119.61 120.84 122.11 123.42 124.78 126.16 127.58 129.04 130.52 132.02 133.56 135.11 136.68 138.27 139.87 141.48 143.10 144.73 146.36 147.99 149.63 151.26 152.88 154.49 156.10 157.69 159.26 160.82 162.35 163.87 165.35 166.81 168.24 169.61 170.93 172.27 173.75 175.34 176.99 178.65 180.34 182.05 183.78 185.51 187.25 188.98 190.72
113.40 112.66 112.09 111.67 111.36 111.13 111.00 110.96 111.00 111.13 111.34 111.64 112.01 112.45 112.97 113.56 114.21 114.93 115.72 116.56 117.47 118.42 119.44 120.50 121.61 122.76 123.96 125.20 126.48 127.79 129.13 130.51 131.92 133.35 134.80 136.28 137.77 139.28 140.80 142.33 143.88 145.42 146.98 148.53 150.08 151.63 153.17 154.70 156.22 157.73 159.22 160.69 162.14 163.57 164.97 166.34 167.68 168.97 170.19 171.36 172.57 173.93 175.44 177.04 178.67 180.33 182.01 183.71 185.41 187.12 188.83 190.54
116.53 115.85 115.32 114.94 114.66 114.47 114.36 114.34 114.41 114.55 114.78 115.08 115.46 115.91 116.43 117.02 117.67 118.39 119.16 120.00 120.88 121.82 122.81 123.85 124.94 126.06 127.23 128.43 129.67 130.94 132.24 133.57 134.93 136.31 137.70 139.12 140.55 142.00 143.45 144.92 146.39 147.86 149.33 150.80 152.27 153.73 155.18 156.62 158.04 159.45 160.84 162.21 163.55 164.87 166.16 167.41 168.61 169.74 170.81 171.84 172.92 174.17 175.58 177.11 178.72 180.35 182.00 183.67 185.35 187.03 188.72 190.40
119.85 119.22 118.74 118.40 118.15 117.99 117.91 117.91 117.99 118.15 118.39 118.70 119.09 119.54 120.06 120.65 121.29 122.00 122.76 123.58 124.45 125.37 126.34 127.35 128.41 129.50 130.63 131.80 133.00 134.22 135.48 136.76 138.06 139.39 140.73 142.08 143.45 144.83 146.22 147.61 149.00 150.40 151.79 153.18 154.56 155.93 157.28 158.63 159.95 161.26 162.55 163.81 165.04 166.24 167.41 168.52 169.56 170.54 171.47 172.36 173.31 174.46 175.79 177.25 178.80 180.41 182.03 183.68 185.33 186.99 188.66 190.32
123.35 122.77 122.33 122.03 121.81 121.68 121.62 121.65 121.74 121.92 122.17 122.48 122.87 123.33 123.84 124.43 125.06 125.76 126.51 127.31 128.16 129.06 130.00 130.99 132.01 133.07 134.16 135.29 136.45 137.63 138.84 140.07 141.31 142.58 143.86 145.15 146.46 147.77 149.08 150.40 151.71 153.03 154.34 155.64 156.93 158.21 159.47 160.72 161.94 163.15 164.32 165.48 166.60 167.68 168.71 169.65 170.54 171.37 172.15 172.92 173.75 174.80 176.04 177.44 178.94 180.52 182.13 183.75 185.39 187.03 188.67 190.32
127.02 126.48 126.09 125.82 125.64 125.53 125.50 125.54 125.66 125.84 126.10 126.42 126.81 127.26 127.78 128.35 128.98 129.66 130.40 131.18 132.01 132.88 133.80 134.75 135.74 136.76 137.82 138.90 140.01 141.15 142.30 143.48 144.67 145.88 147.10 148.32 149.56 150.80 152.04 153.28 154.51 155.75 156.97 158.18 159.38 160.57 161.73 162.88 164.00 165.10 166.17 167.21 168.21 169.15 170.01 170.80 171.53 172.22 172.87 173.51 174.23 175.18 176.34 177.68 179.14 180.70 182.30 183.91 185.53 187.15 188.78 190.41
130.84 130.35 130.00 129.77 129.62 129.54 129.53 129.59 129.72 129.92 130.18 130.51 130.89 131.34 131.85 132.41 133.03 133.70 134.41 135.17 135.98 136.83 137.71 138.63 139.58 140.57 141.58 142.62 143.69 144.77 145.87 146.99 148.13 149.27 150.43 151.59 152.75 153.92 155.08 156.24 157.40 158.54 159.68 160.80 161.91 162.99 164.06 165.10 166.12 167.11 168.07 168.99 169.85 170.62 171.31 171.95 172.53 173.08 173.61 174.12 174.74 175.60 176.69 177.97 179.40 180.93 182.53 184.16 185.77 187.38 189.00 190.61
134.82 134.38 134.07 133.87 133.74 133.69 133.71 133.78 133.93 134.13 134.40 134.73 135.11 135.55 136.05 136.60 137.21 137.86 138.55 139.29 140.07 140.88 141.74 142.62 143.54 144.48 145.45 146.45 147.46 148.49 149.54 150.60 151.67 152.75 153.84 154.93 156.02 157.11 158.20 159.28 160.35 161.41 162.45 163.48 164.49 165.48 166.44 167.38 168.29 169.17 170.01 170.79 171.47 172.08 172.61 173.10 173.54 173.96 174.36 174.76 175.27 176.04 177.07 178.30 179.70 181.22 182.83 184.47 186.12 187.73 189.34 190.95
138.93 138.54 138.26 138.10 138.01 137.98 138.01 138.11 138.26 138.48 138.75 139.07 139.46 139.89 140.38 140.92 141.50 142.13 142.80 143.51 144.26 145.05 145.87 146.72 147.59 148.49 149.42 150.36 151.32 152.30 153.29 154.29 155.30 156.32 157.33 158.35 159.37 160.38 161.38 162.38 163.36 164.33 165.29 166.22 167.13 168.02 168.88 169.71 170.51 171.27 171.97 172.56 173.08 173.52 173.90 174.24 174.55 174.84 175.13 175.42 175.83 176.52 177.48 178.67 180.04 181.56 183.18 184.85 186.54 188.21 189.83 191.42
143.17 142.82 142.59 142.46 142.39 142.39 142.44 142.55 142.72 142.94 143.22 143.54 143.92 144.34 144.82 145.34 145.90 146.51 147.16 147.84 148.56 149.31 150.09 150.90 151.74 152.59 153.47 154.36 155.27 156.19 157.12 158.06 159.00 159.95 160.89 161.84 162.77 163.71 164.63 165.54 166.43 167.31 168.17 169.00 169.82 170.60 171.35 172.08 172.76 173.37 173.88 174.31 174.66 174.94 175.18 175.38 175.56 175.73 175.90 176.09 176.40 177.02 177.93 179.07 180.43 181.94 183.57 185.28 187.02 188.76 190.45 192.07
147.54 147.23 147.04 146.93 146.90 146.91 146.99 147.11 147.29 147.52 147.79 148.12 148.49 148.90 149.36 149.87 150.41 150.99 151.61 152.27 152.95 153.67 154.41 155.18 155.96 156.77 157.60 158.44 159.29 160.15 161.02 161.89 162.76 163.64 164.51 165.38 166.24 167.09 167.92 168.74 169.55 170.33 171.09 171.83 172.54 173.22 173.86 174.47 175.00 175.43 175.76 176.02 176.21 176.34 176.44 176.51 176.56 176.61 176.67 176.76 176.99 177.54 178.39 179.51 180.84 182.36 184.01 185.76 187.56 189.37 191.15 192.86
152.01 151.75 151.59 151.52 151.50 151.54 151.63 151.77 151.96 152.19 152.47 152.79 153.15 153.56 154.00 154.49 155.01 155.56 156.15 156.77 157.42 158.10 158.80 159.52 160.27 161.02 161.80 162.58 163.37 164.17 164.97 165.78 166.59 167.39 168.18 168.97 169.75 170.51 171.26 171.99 172.70 173.39 174.05 174.68 175.29 175.86 176.39 176.84 177.19 177.44 177.60 177.69 177.73 177.72 177.67 177.61 177.54 177.48 177.44 177.44 177.58 178.07 178.87 179.96 181.29 182.81 184.49 186.28 188.14 190.04 191.92 193.74
156.59 156.37 156.24 156.20 156.21 156.27 156.37 156.53 156.72 156.96 157.23 157.55 157.91 158.30 158.73 159.19 159.69 160.22 160.77 161.36 161.97 162.61 163.27 163.94 164.63 165.34 166.06 166.78 167.51 168.25 168.98 169.72 170.45 171.18 171.90 172.60 173.30 173.97 174.63 175.27 175.88 176.47 177.03 177.56 178.06 178.51 178.89 179.15 179.31 179.39 179.38 179.32 179.20 179.05 178.88 178.69 178.51 178.34 178.20 178.11 178.18 178.60 179.37 180.43 181.75 183.29 185.00 186.84 188.77 190.75 192.74 194.68
161.25 161.07 160.98 160.97 161.00 161.08 161.20 161.36 161.56 161.80 162.08 162.39 162.74 163.12 163.53 163.97 164.44 164.94 165.47 166.01 166.59 167.18 167.79 168.42 169.06 169.71 170.37 171.03 171.70 172.37 173.04 173.70 174.36 175.01 175.65 176.27 176.87 177.46 178.03 178.57 179.09 179.58 180.03 180.45 180.84 181.13 181.32 181.39 181.38 181.28 181.11 180.90 180.64 180.35 180.05 179.74 179.45 179.18 178.95 178.77 178.77 179.14 179.87 180.92 182.24 183.79 185.54 187.44 189.44 191.51 193.60 195.68
166.00 165.86 165.80 165.81 165.87 165.97 166.10 166.27 166.48 166.72 167.00 167.30 167.64 168.01 168.40 168.82 169.26 169.73 170.22 170.73 171.26 171.81 172.37 172.95 173.53 174.13 174.72 175.33 175.93 176.53 177.13 177.72 178.30 178.87 179.42 179.96 180.47 180.97 181.44 181.89 182.30 182.69 183.04 183.35 183.57 183.67 183.66 183.56 183.37 183.11 182.78 182.42 182.02 181.60 181.18 180.76 180.36 180.00 179.68 179.43 179.36 179.68 180.37 181.41 182.73 184.31 186.10 188.06 190.14 192.31 194.52 196.72
170.82 170.72 170.69 170.73 170.81 170.92 171.07 171.25 171.46 171.70 171.98 172.27 172.60 172.95 173.32 173.72 174.14 174.57 175.03 175.50 175.98 176.48 176.99 177.52 178.05 178.58 179.12 179.66 180.19 180.72 181.24 181.76 182.26 182.74 183.21 183.66 184.09 184.49 184.86 185.21 185.52 185.80 186.04 186.18 186.21 186.12 185.92 185.64 185.28 184.86 184.39 183.88 183.35 182.81 182.27 181.74 181.24 180.79 180.39 180.06 179.93 180.21 180.88 181.90 183.24 184.85 186.68 188.71 190.87 193.14 195.47 197.81
175.70 175.63 175.64 175.70 175.80 175.93 176.09 176.28 176.49 176.74 177.00 177.30 177.61 177.94 178.30 178.67 179.05 179.46 179.87 180.30 180.74 181.20 181.65 182.12 182.59 183.07 183.54 184.01 184.47 184.93 185.38 185.81 186.23 186.63 187.01 187.37 187.70 188.01 188.29 188.53 188.74 188.90 188.98 188.92 188.75 188.47 188.10 187.64 187.12 186.54 185.92 185.28 184.62 183.96 183.30 182.68 182.09 181.55 181.07 180.67 180.49 180.72 181.37 182.39 183.75 185.39 187.28 189.37 191.63 194.00 196.45 198.94
180.63 180.60 180.64 180.72 180.84 180.98 181.16 181.35 181.57 181.81 182.07 182.36 182.66 182.97 183.30 183.65 184.01 184.38 184.76 185.14 185.54 185.94 186.34 186.75 187.16 187.57 187.98 188.38 188.77 189.15 189.52 189.87 190.21 190.52 190.81 191.08 191.32 191.52 191.70 191.84 191.93 191.93 191.80 191.55 191.18 190.72 190.17 189.55 188.87 188.14 187.39 186.61 185.82 185.05 184.29 183.56 182.88 182.26 181.71 181.25 181.02 181.22 181.85 182.88 184.25 185.94 187.88 190.05 192.40 194.89 197.47 200.11
185.61 185.61 185.68 185.78 185.92 186.08 186.26 186.46 186.68 186.92 187.18 187.45 187.73 188.03 188.34 188.66 188.98 189.32 189.66 190.00 190.35 190.70 191.05 191.40 191.75 192.09 192.43 192.76 193.07 193.38 193.67 193.94 194.18 194.41 194.61 194.78 194.92 195.02 195.10 195.12 195.05 194.84 194.51 194.06 193.51 192.86 192.14 191.36 190.53 189.66 188.77 187.86 186.96 186.07 185.21 184.39 183.63 182.94 182.32 181.80 181.52 181.69 182.32 183.35 184.75 186.48 188.49 190.74 193.18 195.79 198.51 201.30
190.61 190.65 190.75 190.87 191.03 191.20 191.39 191.59 191.81 192.05 192.30 192.56 192.83 193.11 193.39 193.68 193.98 194.28 194.58 194.88 195.18 195.47 195.77 196.06 196.34 196.61 196.88 197.13 197.38 197.60 197.80 197.99 198.15 198.28 198.39 198.46 198.50 198.50 198.46 198.32 198.04 197.62 197.09 196.45 195.71 194.90 194.01 193.07 192.09 191.09 190.06 189.03 188.02 187.03 186.07 185.17 184.33 183.56 182.89 182.32 181.99 182.14 182.76 183.81 185.24 187.02 189.09 191.43 193.98 196.71 199.57 202.52
195.64 195.72 195.83 195.98 196.15 196.33 196.53 196.74 196.96 197.19 197.43 197.68 197.93 198.19 198.45 198.71 198.98 199.24 199.50 199.75 200.00 200.25 200.48 200.71 200.93 201.13 201.33 201.50 201.66 201.81 201.93 202.02 202.09 202.13 202.14 202.11 202.05 201.94 201.73 201.38 200.88 200.27 199.54 198.71 197.80 196.81 195.77 194.68 193.56 192.42 191.27 190.12 189.00 187.91 186.86 185.88 184.96 184.13 183.40 182.78 182.43 182.56 183.18 184.24 185.71 187.54 189.69 192.12 194.78 197.63 200.64 203.75
200.69 200.79 200.94 201.10 201.29 201.48 201.68 201.90 202.12 202.34 202.57 202.80 203.04 203.28 203.51 203.74 203.97 204.19 204.41 204.62 204.82 205.01 205.19 205.35 205.50 205.64 205.76 205.86 205.94 205.99 206.03 206.03 206.01 205.95 205.86 205.73 205.55 205.28 204.85 204.28 203.58 202.77 201.85 200.84 199.76 198.61 197.41 196.18 194.92 193.65 192.38 191.12 189.90 188.71 187.58 186.52 185.54 184.65 183.86 183.20 182.82 182.93 183.56 184.65 186.16 188.05 190.28 192.80 195.58 198.56 201.72 205.01
205.73 205.87 206.04 206.22 206.42 206.62 206.83 207.05 207.26 207.48 207.70 207.92 208.14 208.35 208.56 208.76 208.95 209.14 209.31 209.47 209.62 209.76 209.87 209.98 210.06 210.12 210.16 210.18 210.18 210.15 210.09 210.00 209.88 209.73 209.54 209.30 208.95 208.45 207.81 207.03 206.13 205.12 204.02 202.84 201.59 200.28 198.93 197.56 196.17 194.77 193.39 192.03 190.70 189.43 188.22 187.08 186.04 185.10 184.27 183.57 183.16 183.27 183.90 185.02 186.58 188.53 190.85 193.47 196.37 199.49 202.81 206.27
210.77 210.94 211.13 211.33 211.54 211.75 211.97 212.18 212.40 212.61 212.81 213.02 213.21 213.40 213.58 213.75 213.91 214.05 214.18 214.30 214.39 214.47 214.53 214.57 214.58 214.57 214.54 214.47 214.38 214.27 214.12 213.93 213.72 213.46 213.16 212.74 212.17 211.45 210.60 209.61 208.52 207.32 206.04 204.69 203.28 201.82 200.33 198.82 197.30 195.79 194.29 192.83 191.42 190.06 188.77 187.57 186.47 185.48 184.61 183.88 183.45 183.56 184.21 185.36 186.97 188.99 191.39 194.13 197.15 200.42 203.89 207.53
215.80 215.99 216.21 216.43 216.65 216.87 217.08 217.30 217.50 217.71 217.90 218.09 218.26 218.43 218.58 218.71 218.83 218.94 219.02 219.08 219.13 219.15 219.15 219.12 219.06 218.98 218.86 218.72 218.54 218.34 218.09 217.81 217.49 217.13 216.65 216.01 215.22 214.28 213.21 212.03 210.74 209.37 207.92 206.40 204.83 203.22 201.59 199.95 198.31 196.69 195.09 193.53 192.03 190.59 189.24 187.98 186.82 185.79 184.88 184.13 183.68 183.79 184.46 185.65 187.32 189.42 191.92 194.76 197.91 201.33 204.97 208.80
220.80 221.02 221.25 221.49 221.72 221.94 222.16 222.38 222.58 222.77 222.95 223.12 223.27 223.41 223.53 223.63 223.71 223.77 223.81 223.83 223.82 223.78 223.71 223.62 223.49 223.33 223.14 222.91 222.65 222.35 222.01 221.63 221.20 220.66 219.95 219.09 218.07 216.92 215.65 214.28 212.80 211.25 209.63 207.95 206.23 204.49 202.72 200.96 199.20 197.47 195.77 194.12 192.54 191.03 189.61 188.29 187.09 186.01 185.08 184.31 183.85 183.97 184.67 185.90 187.63 189.81 192.41 195.37 198.65 202.23 206.04 210.06
225.76 226.01 226.26 226.51 226.75 226.98 227.20 227.41 227.61 227.79 227.96 228.10 228.23 228.34 228.43 228.50 228.54 228.56 228.55 228.51 228.45 228.35 228.22 228.05 227.86 227.62 227.35 227.04 226.69 226.30 225.86 225.37 224.77 223.99 223.05 221.96 220.73 219.38 217.91 216.34 214.69 212.97 211.18 209.35 207.49 205.60 203.71 201.82 199.96 198.12 196.33 194.60 192.94 191.36 189.88 188.51 187.27 186.16 185.20 184.41 183.95 184.08 184.81 186.10 187.89 190.16 192.86 195.94 199.37 203.10 207.09 211.30
230.68 230.96 231.23 231.49 231.74 231.97 232.19 232.40 232.58 232.75 232.90 233.03 233.14 233.22 233.28 233.31 233.31 233.28 233.22 233.13 233.01 232.85 232.66 232.42 232.15 231.84 231.49 231.09 230.65 230.17 229.62 228.96 228.12 227.11 225.94 224.63 223.20 221.64 219.98 218.23 216.40 214.51 212.57 210.59 208.59 206.57 204.55 202.55 200.58 198.65 196.77 194.95 193.22 191.58 190.05 188.64 187.35 186.22 185.24 184.44 183.98 184.13 184.89 186.23 188.10 190.46 193.27 196.48 200.06 203.95 208.13 212.54
235.54 235.84 236.13 236.40 236.66 236.90 237.12 237.32 237.50 237.65 237.79 237.89 237.97 238.03 238.05 238.04 238.00 237.93 237.82 237.68 237.50 237.28 237.02 236.71 236.37 235.98 235.54 235.06 234.53 233.94 233.23 232.33 231.25 230.01 228.62 227.10 225.46 223.70 221.86 219.93 217.93 215.88 213.79 211.66 209.52 207.38 205.24 203.13 201.06 199.03 197.07 195.18 193.39 191.69 190.11 188.65 187.34 186.18 185.19 184.38 183.93 184.10 184.91 186.31 188.26 190.71 193.64 196.98 200.71 204.77 209.13 213.75
240.34 240.67 240.97 241.25 241.52 241.76 241.97 242.17 242.34 242.48 242.59 242.68 242.73 242.75 242.74 242.70 242.61 242.49 242.34 242.14 241.90 241.61 241.29 240.91 240.49 240.03 239.51 238.94 238.31 237.54 236.59 235.45 234.15 232.69 231.08 229.35 227.51 225.57 223.54 221.44 219.28 217.07 214.83 212.56 210.29 208.03 205.78 203.57 201.40 199.28 197.24 195.29 193.43 191.68 190.05 188.56 187.22 186.05 185.05 184.24 183.79 184.00 184.85 186.32 188.35 190.91 193.95 197.43 201.31 205.55 210.11 214.94
245.07 245.41 245.73 246.03 246.29 246.53 246.75 246.93 247.09 247.22 247.31 247.38 247.40 247.39 247.35 247.26 247.13 246.97 246.76 246.50 246.20 245.85 245.46 245.01 244.52 243.97 243.37 242.70 241.90 240.90 239.71 238.34 236.81 235.13 233.32 231.39 229.35 227.22 225.02 222.75 220.43 218.07 215.68 213.29 210.89 208.51 206.16 203.84 201.58 199.39 197.27 195.25 193.34 191.54 189.88 188.36 187.00 185.81 184.80 184.00 183.57 183.81 184.72 186.25 188.37 191.04 194.21 197.83 201.88 206.29 211.05 216.09
