data_processed/recharge/precip/Precip_1999_02.asc
ncols        168
nrows        136
xllcorner    455000
yllcorner    2107000
cellsize     500
NODATA_value     -99999
[rows 38 to 75 of 136, columns 0 to 83 of 168]
3.11 3.04 2.96 2.89 2.81 2.74 2.66 2.59 2.51 2.44 2.37 2.30 2.23 2.16 2.09 2.03 1.96 1.90 1.83 1.77 1.71 1.64 1.59 1.53 1.47 1.42 1.37 1.32 1.27 1.22 1.18 1.13 1.08 1.04 1.00 0.95 0.91 0.87 0.83 0.79 0.75 0.71 0.68 0.64 0.61 0.57 0.54 0.50 0.47 0.44 0.41 0.38 0.35 0.32 0.29 0.26 0.23 0.20 0.18 0.15 0.12 0.10 0.07 0.05 0.03 0.00 0.00 0.00 0.00 0.00 0.00 0.00 0.00 0.00 0.00 0.00 0.00 0.00 0.00 0.00 0.00 0.00 0.00 0.00
3.01 2.94 2.86 2.79 2.72 2.64 2.57 2.50 2.43 2.36 2.29 2.22 2.15 2.09 2.02 1.96 1.89 1.83 1.77 1.71 1.64 1.58 1.53 1.47 1.42 1.37 1.32 1.27 1.22 1.18 1.13 1.09 1.05 1.00 0.96 0.92 0.88 0.84 0.81 0.77 0.73 0.70 0.66 0.63 0.59 0.56 0.53 0.49 0.46 0.43 0.40 0.37 0.34 0.31 0.28 0.26 0.23 0.20 0.18 0.15 0.13 0.10 0.08 0.05 0.03 0.01 0.00 0.00 0.00 0.00 0.00 0.00 0.00 0.00 0.00 0.00 0.00 0.00 0.00 0.00 0.00 0.00 0.00 0.00
2.91 2.84 2.77 2.70 2.62 2.55 2.48 2.41 2.34 2.27 2.20 2.14 2.07 2.01 1.95 1.89 1.82 1.76 1.70 1.64 1.58 1.52 1.47 1.41 1.36 1.31 1.26 1.22 1.17 1.13 1.09 1.05 1.01 0.97 0.93 0.89 0.85 0.81 0.78 0.74 0.71 0.67 0.64 0.61 0.58 0.54 0.51 0.48 0.45 0.42 0.39 0.36 0.34 0.31 0.28 0.26 0.23 0.20 0.18 0.15 0.13 0.11 0.08 0.06 0.04 0.01 0.00 0.00 0.00 0.00 0.00 0.00 0.00 0.00 0.00 0.00 0.00 0.00 0.00 0.00 0.00 0.00 0.00 0.00
2.81 2.74 2.67 2.60 2.53 2.46 2.39 2.32 2.25 2.19 2.12 2.06 2.00 1.93 1.87 1.81 1.75 1.69 1.63 1.58 1.52 1.46 1.41 1.35 1.30 1.26 1.21 1.16 1.12 1.08 1.04 1.00 0.96 0.93 0.89 0.85 0.82 0.78 0.75 0.72 0.68 0.65 0.62 0.59 0.56 0.53 0.50 0.47 0.44 0.41 0.38 0.36 0.33 0.30 0.28 0.25 0.23 0.20 0.18 0.15 0.13 0.11 0.08 0.06 0.04 0.02 0.00 0.00 0.00 0.00 0.00 0.00 0.00 0.00 0.00 0.00 0.00 0.00 0.00 0.00 0.00 0.00 0.00 0.00
2.71 2.64 2.57 2.50 2.44 2.37 2.30 2.23 2.17 2.10 2.04 1.98 1.92 1.86 1.80 1.74 1.68 1.62 1.57 1.51 1.45 1.40 1.34 1.29 1.25 1.20 1.15 1.11 1.07 1.03 0.99 0.96 0.92 0.89 0.85 0.82 0.78 0.75 0.72 0.69 0.66 0.63 0.60 0.57 0.54 0.51 0.48 0.45 0.43 0.40 0.37 0.35 0.32 0.30 0.27 0.25 0.22 0.20 0.18 0.15 0.13 0.11 0.09 0.06 0.04 0.02 0.00 0.00 0.00 0.00 0.00 0.00 0.00 0.00 0.00 0.00 0.00 0.00 0.00 0.00 0.00 0.00 0.00 0.00
2.61 2.54 2.48 2.41 2.34 2.27 2.21 2.14 2.08 2.02 1.96 1.90 1.84 1.78 1.72 1.66 1.61 1.55 1.50 1.44 1.39 1.33 1.28 1.23 1.19 1.14 1.10 1.06 1.02 0.98 0.94 0.91 0.88 0.84 0.81 0.78 0.75 0.72 0.69 0.66 0.63 0.60 0.57 0.55 0.52 0.49 0.47 0.44 0.41 0.39 0.36 0.34 0.31 0.29 0.27 0.24 0.22 0.20 0.18 0.15 0.13 0.11 0.09 0.07 0.04 0.02 0.00 0.00 0.00 0.00 0.00 0.00 0.00 0.00 0.00 0.00 0.00 0.00 0.00 0.00 0.00 0.00 0.00 0.00
2.51 2.45 2.38 2.31 2.25 2.18 2.12 2.06 1.99 1.93 1.87 1.82 1.76 1.70 1.64 1.59 1.53 1.48 1.43 1.37 1.32 1.27 1.22 1.17 1.13 1.08 1.04 1.00 0.96 0.93 0.89 0.86 0.83 0.80 0.77 0.74 0.71 0.68 0.65 0.63 0.60 0.57 0.55 0.52 0.50 0.47 0.45 0.42 0.40 0.37 0.35 0.33 0.30 0.28 0.26 0.24 0.22 0.19 0.17 0.15 0.13 0.11 0.09 0.07 0.05 0.03 0.00 0.00 0.00 0.00 0.00 0.00 0.00 0.00 0.00 0.00 0.00 0.00 0.00 0.00 0.00 0.00 0.00 0.00
2.41 2.35 2.28 2.22 2.15 2.09 2.03 1.97 1.91 1.85 1.79 1.73 1.68 1.62 1.57 1.51 1.46 1.41 1.35 1.30 1.25 1.20 1.15 1.11 1.07 1.02 0.98 0.95 0.91 0.87 0.84 0.81 0.78 0.75 0.73 0.70 0.67 0.65 0.62 0.59 0.57 0.55 0.52 0.50 0.47 0.45 0.43 0.40 0.38 0.36 0.34 0.32 0.29 0.27 0.25 0.23 0.21 0.19 0.17 0.15 0.13 0.11 0.09 0.07 0.05 0.03 0.01 0.00 0.00 0.00 0.00 0.00 0.00 0.00 0.00 0.00 0.00 0.00 0.00 0.00 0.00 0.00 0.00 0.00
2.31 2.25 2.18 2.12 2.06 2.00 1.94 1.88 1.82 1.76 1.71 1.65 1.60 1.54 1.49 1.44 1.38 1.33 1.28 1.23 1.18 1.14 1.09 1.05 1.00 0.96 0.93 0.89 0.85 0.82 0.79 0.76 0.73 0.71 0.68 0.66 0.63 0.61 0.58 0.56 0.54 0.51 0.49 0.47 0.45 0.43 0.41 0.38 0.36 0.34 0.32 0.30 0.28 0.26 0.24 0.22 0.20 0.18 0.16 0.14 0.12 0.10 0.09 0.07 0.05 0.03 0.01 0.00 0.00 0.00 0.00 0.00 0.00 0.00 0.00 0.00 0.00 0.00 0.00 0.00 0.00 0.00 0.00 0.00
2.21 2.15 2.08 2.02 1.96 1.90 1.84 1.79 1.73 1.67 1.62 1.57 1.51 1.46 1.41 1.36 1.31 1.26 1.21 1.16 1.11 1.07 1.02 0.98 0.94 0.90 0.87 0.83 0.80 0.77 0.74 0.71 0.68 0.66 0.63 0.61 0.59 0.57 0.55 0.52 0.50 0.48 0.46 0.44 0.42 0.40 0.38 0.36 0.35 0.33 0.31 0.29 0.27 0.25 0.23 0.21 0.19 0.18 0.16 0.14 0.12 0.10 0.08 0.06 0.05 0.03 0.01 0.00 0.00 0.00 0.00 0.00 0.00 0.00 0.00 0.00 0.00 0.00 0.00 0.00 0.00 0.00 0.00 0.00
2.11 2.05 1.98 1.92 1.87 1.81 1.75 1.69 1.64 1.59 1.53 1.48 1.43 1.38 1.33 1.28 1.23 1.18 1.14 1.09 1.04 1.00 0.96 0.92 0.88 0.84 0.81 0.77 0.74 0.71 0.68 0.66 0.63 0.61 0.59 0.56 0.54 0.53 0.51 0.49 0.47 0.45 0.43 0.41 0.40 0.38 0.36 0.34 0.33 0.31 0.29 0.27 0.26 0.24 0.22 0.20 0.19 0.17 0.15 0.13 0.12 0.10 0.08 0.06 0.05 0.03 0.01 0.00 0.00 0.00 0.00 0.00 0.00 0.00 0.00 0.00 0.00 0.00 0.00 0.00 0.00 0.00 0.00 0.00
2.01 1.94 1.88 1.83 1.77 1.71 1.66 1.60 1.55 1.50 1.45 1.40 1.35 1.30 1.25 1.20 1.15 1.11 1.06 1.02 0.97 0.93 0.89 0.85 0.82 0.78 0.75 0.72 0.69 0.66 0.63 0.61 0.58 0.56 0.54 0.52 0.50 0.48 0.47 0.45 0.43 0.42 0.40 0.38 0.37 0.35 0.34 0.32 0.30 0.29 0.27 0.26 0.24 0.22 0.21 0.19 0.18 0.16 0.14 0.13 0.11 0.09 0.08 0.06 0.04 0.03 0.01 0.00 0.00 0.00 0.00 0.00 0.00 0.00 0.00 0.00 0.00 0.00 0.00 0.00 0.00 0.00 0.00 0.00
1.90 1.84 1.78 1.73 1.67 1.62 1.56 1.51 1.46 1.41 1.36 1.31 1.26 1.21 1.17 1.12 1.08 1.03 0.99 0.95 0.90 0.86 0.82 0.79 0.75 0.72 0.69 0.66 0.63 0.60 0.58 0.55 0.53 0.51 0.49 0.47 0.45 0.44 0.42 0.41 0.39 0.38 0.37 0.35 0.34 0.32 0.31 0.30 0.28 0.27 0.25 0.24 0.22 0.21 0.20 0.18 0.17 0.15 0.14 0.12 0.10 0.09 0.07 0.06 0.04 0.03 0.02 0.00 0.00 0.00 0.00 0.00 0.00 0.00 0.00 0.00 0.00 0.00 0.00 0.00 0.00 0.00 0.00 0.00
1.80 1.74 1.68 1.63 1.57 1.52 1.47 1.42 1.37 1.32 1.27 1.22 1.18 1.13 1.09 1.04 1.00 0.96 0.91 0.87 0.83 0.79 0.76 0.72 0.69 0.66 0.63 0.60 0.57 0.55 0.52 0.50 0.48 0.46 0.44 0.42 0.41 0.39 0.38 0.37 0.35 0.34 0.33 0.32 0.31 0.29 0.28 0.27 0.26 0.25 0.23 0.22 0.21 0.19 0.18 0.17 0.15 0.14 0.13 0.11 0.10 0.08 0.07 0.06 0.04 0.03 0.02 0.00 0.00 0.00 0.00 0.00 0.00 0.00 0.00 0.00 0.00 0.00 0.00 0.00 0.00 0.00 0.00 0.00
1.69 1.64 1.58 1.53 1.48 1.42 1.37 1.32 1.28 1.23 1.18 1.14 1.09 1.05 1.00 0.96 0.92 0.88 0.84 0.80 0.76 0.72 0.69 0.65 0.62 0.59 0.56 0.54 0.51 0.49 0.47 0.45 0.43 0.41 0.39 0.38 0.36 0.35 0.34 0.32 0.31 0.30 0.29 0.28 0.27 0.26 0.25 0.24 0.23 0.22 0.21 0.20 0.19 0.18 0.17 0.15 0.14 0.13 0.12 0.10 0.09 0.08 0.07 0.05 0.04 0.03 0.02 0.01 0.00 0.00 0.00 0.00 0.00 0.00 0.00 0.00 0.00 0.00 0.00 0.00 0.00 0.00 0.00 0.00
1.59 1.54 1.48 1.43 1.38 1.33 1.28 1.23 1.18 1.14 1.09 1.05 1.01 0.96 0.92 0.88 0.84 0.80 0.76 0.73 0.69 0.65 0.62 0.59 0.56 0.53 0.50 0.48 0.45 0.43 0.41 0.39 0.37 0.36 0.34 0.33 0.31 0.30 0.29 0.28 0.27 0.26 0.26 0.25 0.24 0.23 0.22 0.22 0.21 0.20 0.19 0.18 0.17 0.16 0.15 0.14 0.13 0.12 0.11 0.10 0.08 0.07 0.06 0.05 0.04 0.03 0.02 0.01 0.00 0.00 0.00 0.00 0.00 0.00 0.00 0.00 0.00 0.00 0.00 0.00 0.00 0.00 0.00 0.00
1.49 1.43 1.38 1.33 1.28 1.23 1.18 1.14 1.09 1.05 1.00 0.96 0.92 0.88 0.84 0.80 0.76 0.72 0.69 0.65 0.62 0.58 0.55 0.52 0.49 0.47 0.44 0.42 0.39 0.37 0.35 0.34 0.32 0.31 0.29 0.28 0.27 0.26 0.25 0.24 0.23 0.22 0.22 0.21 0.21 0.20 0.19 0.19 0.18 0.17 0.17 0.16 0.15 0.14 0.13 0.12 0.12 0.11 0.10 0.09 0.08 0.07 0.06 0.05 0.04 0.03 0.02 0.01 0.00 0.00 0.00 0.00 0.00 0.00 0.00 0.00 0.00 0.00 0.00 0.00 0.00 0.00 0.00 0.00
1.38 1.33 1.28 1.23 1.18 1.13 1.09 1.04 1.00 0.96 0.91 0.87 0.83 0.79 0.76 0.72 0.68 0.65 0.61 0.58 0.54 0.51 0.48 0.45 0.43 0.40 0.38 0.36 0.34 0.32 0.30 0.28 0.27 0.25 0.24 0.23 0.22 0.21 0.20 0.20 0.19 0.18 0.18 0.17 0.17 0.17 0.16 0.16 0.15 0.15 0.14 0.14 0.13 0.12 0.12 0.11 0.10 0.09 0.09 0.08 0.07 0.06 0.05 0.05 0.04 0.03 0.02 0.01 0.01 0.00 0.00 0.00 0.00 0.00 0.00 0.00 0.00 0.00 0.00 0.00 0.00 0.00 0.00 0.00
1.27 1.22 1.18 1.13 1.08 1.03 0.99 0.95 0.90 0.86 0.82 0.78 0.75 0.71 0.67 0.64 0.60 0.57 0.54 0.50 0.47 0.44 0.41 0.39 0.36 0.34 0.32 0.29 0.28 0.26 0.24 0.23 0.21 0.20 0.19 0.18 0.17 0.16 0.16 0.15 0.15 0.14 0.14 0.14 0.13 0.13 0.13 0.13 0.12 0.12 0.12 0.11 0.11 0.10 0.10 0.09 0.09 0.08 0.07 0.07 0.06 0.06 0.05 0.04 0.04 0.03 0.02 0.02 0.01 0.00 0.00 0.00 0.00 0.00 0.00 0.00 0.00 0.00 0.00 0.00 0.00 0.00 0.00 0.00
1.17 1.12 1.07 1.03 0.98 0.94 0.89 0.85 0.81 0.77 0.73 0.70 0.66 0.62 0.59 0.56 0.52 0.49 0.46 0.43 0.40 0.37 0.34 0.32 0.29 0.27 0.25 0.23 0.22 0.20 0.19 0.17 0.16 0.15 0.14 0.13 0.12 0.12 0.11 0.11 0.10 0.10 0.10 0.10 0.10 0.10 0.10 0.10 0.09 0.09 0.09 0.09 0.09 0.08 0.08 0.08 0.07 0.07 0.06 0.06 0.05 0.05 0.04 0.04 0.03 0.03 0.02 0.02 0.01 0.00 0.00 0.00 0.00 0.00 0.00 0.00 0.00 0.00 0.00 0.00 0.00 0.00 0.00 0.00
1.06 1.02 0.97 0.92 0.88 0.84 0.80 0.76 0.72 0.68 0.64 0.61 0.57 0.54 0.51 0.47 0.44 0.41 0.38 0.35 0.33 0.30 0.27 0.25 0.23 0.21 0.19 0.17 0.16 0.14 0.13 0.12 0.11 0.10 0.09 0.08 0.08 0.07 0.07 0.06 0.06 0.06 0.06 0.06 0.06 0.06 0.06 0.06 0.06 0.06 0.06 0.06 0.06 0.06 0.06 0.06 0.06 0.05 0.05 0.05 0.05 0.04 0.04 0.04 0.03 0.03 0.02 0.02 0.01 0.01 0.00 0.00 0.00 0.00 0.00 0.00 0.00 0.00 0.00 0.00 0.00 0.00 0.00 0.00
0.96 0.91 0.87 0.82 0.78 0.74 0.70 0.66 0.62 0.59 0.55 0.52 0.49 0.45 0.42 0.39 0.36 0.33 0.31 0.28 0.25 0.23 0.20 0.18 0.16 0.14 0.13 0.11 0.10 0.08 0.07 0.06 0.05 0.05 0.04 0.03 0.03 0.02 0.02 0.02 0.02 0.02 0.02 0.02 0.02 0.02 0.03 0.03 0.03 0.04 0.04 0.04 0.04 0.04 0.04 0.04 0.04 0.04 0.04 0.04 0.04 0.04 0.03 0.03 0.03 0.03 0.02 0.02 0.02 0.01 0.00 0.00 0.00 0.00 0.00 0.00 0.00 0.00 0.00 0.00 0.00 0.00 0.00 0.00
0.85 0.81 0.76 0.72 0.68 0.64 0.60 0.57 0.53 0.50 0.46 0.43 0.40 0.37 0.34 0.31 0.28 0.25 0.23 0.20 0.18 0.16 0.13 0.11 0.10 0.08 0.06 0.05 0.04 0.03 0.02 0.01 0.00 0.00 0.00 0.00 0.00 0.00 0.00 0.00 0.00 0.00 0.00 0.00 0.00 0.00 0.00 0.00 0.00 0.00 0.01 0.01 0.01 0.02 0.02 0.02 0.02 0.03 0.03 0.03 0.03 0.03 0.03 0.03 0.03 0.03 0.02 0.02 0.02 0.01 0.01 0.00 0.00 0.00 0.00 0.00 0.00 0.00 0.00 0.00 0.00 0.00 0.00 0.01
0.75 0.70 0.66 0.62 0.58 0.54 0.51 0.47 0.44 0.40 0.37 0.34 0.31 0.28 0.25 0.23 0.20 0.18 0.15 0.13 0.11 0.08 0.06 0.05 0.03 0.01 0.00 0.00 0.00 0.00 0.00 0.00 0.00 0.00 0.00 0.00 0.00 0.00 0.00 0.00 0.00 0.00 0.00 0.00 0.00 0.00 0.00 0.00 0.00 0.00 0.00 0.00 0.00 0.00 0.00 0.00 0.01 0.01 0.01 0.02 0.02 0.02 0.02 0.02 0.02 0.02 0.02 0.02 0.02 0.01 0.01 0.01 0.00 0.00 0.00 0.00 0.00 0.00 0.00 0.00 0.00 0.00 0.00 0.01
0.64 0.60 0.56 0.52 0.48 0.44 0.41 0.38 0.34 0.31 0.28 0.25 0.22 0.20 0.17 0.15 0.12 0.10 0.07 0.05 0.03 0.01 0.00 0.00 0.00 0.00 0.00 0.00 0.00 0.00 0.00 0.00 0.00 0.00 0.00 0.00 0.00 0.00 0.00 0.00 0.00 0.00 0.00 0.00 0.00 0.00 0.00 0.00 0.00 0.00 0.00 0.00 0.00 0.00 0.00 0.00 0.00 0.00 0.00 0.01 0.01 0.01 0.02 0.02 0.02 0.02 0.02 0.02 0.02 0.02 0.01 0.01 0.01 0.00 0.00 0.00 0.00 0.00 0.00 0.00 0.00 0.00 0.00 0.02
0.53 0.49 0.45 0.42 0.38 0.35 0.31 0.28 0.25 0.22 0.19 0.16 0.14 0.11 0.09 0.06 0.04 0.02 0.00 0.00 0.00 0.00 0.00 0.00 0.00 0.00 0.00 0.00 0.00 0.00 0.00 0.00 0.00 0.00 0.00 0.00 0.00 0.00 0.00 0.00 0.00 0.00 0.00 0.00 0.00 0.00 0.00 0.00 0.00 0.00 0.00 0.00 0.00 0.00 0.00 0.00 0.00 0.00 0.00 0.00 0.00 0.01 0.01 0.01 0.02 0.02 0.02 0.02 0.02 0.02 0.02 0.01 0.01 0.00 0.00 0.00 0.00 0.00 0.00 0.00 0.00 0.00 0.00 0.02
0.43 0.39 0.35 0.32 0.28 0.25 0.22 0.19 0.16 0.13 0.10 0.07 0.05 0.03 0.00 0.00 0.00 0.00 0.00 0.00 0.00 0.00 0.00 0.00 0.00 0.00 0.00 0.00 0.00 0.00 0.00 0.00 0.00 0.00 0.00 0.00 0.00 0.00 0.00 0.00 0.00 0.00 0.00 0.00 0.00 0.00 0.00 0.00 0.00 0.00 0.00 0.00 0.00 0.00 0.00 0.00 0.00 0.00 0.00 0.00 0.00 0.00 0.00 0.01 0.01 0.01 0.02 0.02 0.02 0.02 0.02 0.01 0.01 0.01 0.00 0.00 0.00 0.00 0.00 0.00 0.00 0.00 0.00 0.02
0.32 0.28 0.25 0.21 0.18 0.15 0.12 0.09 0.06 0.04 0.01 0.00 0.00 0.00 0.00 0.00 0.00 0.00 0.00 0.00 0.00 0.00 0.00 0.00 0.00 0.00 0.00 0.00 0.00 0.00 0.00 0.00 0.00 0.00 0.00 0.00 0.00 0.00 0.00 0.00 0.00 0.00 0.00 0.00 0.00 0.00 0.00 0.00 0.00 0.00 0.00 0.00 0.00 0.00 0.00 0.00 0.00 0.00 0.00 0.00 0.00 0.00 0.00 0.00 0.01 0.01 0.01 0.02 0.02 0.02 0.02 0.02 0.01 0.01 0.00 0.00 0.00 0.00 0.00 0.00 0.00 0.00 0.00 0.03
0.22 0.18 0.15 0.11 0.08 0.05 0.02 0.00 0.00 0.00 0.00 0.00 0.00 0.00 0.00 0.00 0.00 0.00 0.00 0.00 0.00 0.00 0.00 0.00 0.00 0.00 0.00 0.00 0.00 0.00 0.00 0.00 0.00 0.00 0.00 0.00 0.00 0.00 0.00 0.00 0.00 0.00 0.00 0.00 0.00 0.00 0.00 0.00 0.00 0.00 0.00 0.00 0.00 0.00 0.00 0.00 0.00 0.00 0.00 0.00 0.00 0.00 0.00 0.00 0.00 0.01 0.01 0.01 0.02 0.02 0.02 0.02 0.02 0.01 0.01 0.00 0.00 0.00 0.00 0.00 0.00 0.00 0.00 0.03
0.11 0.08 0.04 0.01 0.00 0.00 0.00 0.00 0.00 0.00 0.00 0.00 0.00 0.00 0.00 0.00 0.00 0.00 0.00 0.00 0.00 0.00 0.00 0.00 0.00 0.00 0.00 0.00 0.00 0.00 0.00 0.00 0.00 0.00 0.00 0.00 0.00 0.00 0.00 0.00 0.00 0.00 0.00 0.00 0.00 0.00 0.00 0.00 0.00 0.00 0.00 0.00 0.00 0.00 0.00 0.00 0.00 0.00 0.00 0.00 0.00 0.00 0.00 0.00 0.00 0.00 0.01 0.01 0.01 0.02 0.02 0.02 0.02 0.01 0.01 0.00 0.00 0.00 0.00 0.00 0.00 0.00 0.00 0.03
0.01 0.00 0.00 0.00 0.00 0.00 0.00 0.00 0.00 0.00 0.00 0.00 0.00 0.00 0.00 0.00 0.00 0.00 0.00 0.00 0.00 0.00 0.00 0.00 0.00 0.00 0.00 0.00 0.00 0.00 0.00 0.00 0.00 0.00 0.00 0.00 0.00 0.00 0.00 0.00 0.00 0.00 0.00 0.00 0.00 0.00 0.00 0.00 0.00 0.00 0.00 0.00 0.00 0.00 0.00 0.00 0.00 0.00 0.00 0.00 0.00 0.00 0.00 0.00 0.00 0.00 0.00 0.01 0.01 0.02 0.02 0.02 0.02 0.01 0.01 0.01 0.00 0.00 0.00 0.00 0.00 0.00 0.00 0.03
0.00 0.00 0.00 0.00 0.00 0.00 0.00 0.00 0.00 0.00 0.00 0.00 0.00 0.00 0.00 0.00 0.00 0.00 0.00 0.00 0.00 0.00 0.00 0.00 0.00 0.00 0.00 0.00 0.00 0.00 0.00 0.00 0.00 0.00 0.00 0.00 0.00 0.00 0.00 0.00 0.00 0.00 0.00 0.00 0.00 0.00 0.00 0.00 0.00 0.00 0.00 0.00 0.00 0.00 0.00 0.00 0.00 0.00 0.00 0.00 0.00 0.00 0.00 0.00 0.00 0.00 0.00 0.00 0.01 0.01 0.02 0.02 0.02 0.02 0.01 0.01 0.00 0.00 0.00 0.00 0.00 0.00 0.00 0.03
0.00 0.00 0.00 0.00 0.00 0.00 0.00 0.00 0.00 0.00 0.00 0.00 0.00 0.00 0.00 0.00 0.00 0.00 0.00 0.00 0.00 0.00 0.00 0.00 0.00 0.00 0.00 0.00 0.00 0.00 0.00 0.00 0.00 0.00 0.00 0.00 0.00 0.00 0.00 0.00 0.00 0.00 0.00 0.00 0.00 0.00 0.00 0.00 0.00 0.00 0.00 0.00 0.00 0.00 0.00 0.00 0.00 0.00 0.00 0.00 0.00 0.00 0.00 0.00 0.00 0.00 0.00 0.00 0.01 0.01 0.01 0.02 0.02 0.01 0.01 0.01 0.00 0.00 0.00 0.00 0.00 0.00 0.00 0.03
0.00 0.00 0.00 0.00 0.00 0.00 0.00 0.00 0.00 0.00 0.00 0.00 0.00 0.00 0.00 0.00 0.00 0.00 0.00 0.00 0.00 0.00 0.00 0.00 0.00 0.00 0.00 0.00 0.00 0.00 0.00 0.00 0.00 0.00 0.00 0.00 0.00 0.00 0.00 0.00 0.00 0.00 0.00 0.00 0.00 0.00 0.00 0.00 0.00 0.00 0.00 0.00 0.00 0.00 0.00 0.00 0.00 0.00 0.00 0.00 0.00 0.00 0.00 0.00 0.00 0.00 0.00 0.00 0.00 0.01 0.01 0.01 0.01 0.01 0.01 0.01 0.00 0.00 0.00 0.00 0.00 0.00 0.00 0.03
0.00 0.00 0.00 0.00 0.00 0.00 0.00 0.00 0.00 0.00 0.00 0.00 0.00 0.00 0.00 0.00 0.00 0.00 0.00 0.00 0.00 0.00 0.00 0.00 0.00 0.00 0.00 0.00 0.00 0.00 0.00 0.00 0.00 0.00 0.00 0.00 0.00 0.00 0.00 0.00 0.00 0.00 0.00 0.00 0.00 0.00 0.00 0.00 0.00 0.00 0.00 0.00 0.00 0.00 0.00 0.00 0.00 0.00 0.00 0.00 0.00 0.00 0.00 0.00 0.00 0.00 0.00 0.00 0.00 0.00 0.01 0.01 0.01 0.01 0.01 0.01 0.00 0.00 0.00 0.00 0.00 0.00 0.00 0.02
0.00 0.00 0.00 0.00 0.00 0.00 0.00 0.00 0.00 0.00 0.00 0.00 0.00 0.00 0.00 0.00 0.00 0.00 0.00 0.00 0.00 0.00 0.00 0.00 0.00 0.00 0.00 0.00 0.00 0.00 0.00 0.00 0.00 0.00 0.00 0.00 0.00 0.00 0.00 0.00 0.00 0.00 0.00 0.00 0.00 0.00 0.00 0.00 0.00 0.00 0.00 0.00 0.00 0.00 0.00 0.00 0.00 0.00 0.00 0.00 0.00 0.00 0.00 0.00 0.00 0.00 0.00 0.00 0.00 0.00 0.00 0.01 0.01 0.01 0.01 0.00 0.00 0.00 0.00 0.00 0.00 0.00 0.00 0.02
0.00 0.00 0.00 0.00 0.00 0.00 0.00 0.00 0.00 0.00 0.00 0.00 0.00 0.00 0.00 0.00 0.00 0.00 0.00 0.00 0.00 0.00 0.00 0.00 0.00 0.00 0.00 0.00 0.00 0.00 0.00 0.00 0.00 0.00 0.00 0.00 0.00 0.00 0.00 0.00 0.00 0.00 0.00 0.00 0.00 0.00 0.00 0.00 0.00 0.00 0.00 0.00 0.00 0.00 0.00 0.00 0.00 0.00 0.00 0.00 0.00 0.00 0.00 0.00 0.00 0.00 0.00 0.00 0.00 0.00 0.00 0.00 0.00 0.01 0.00 0.00 0.00 0.00 0.00 0.00 0.00 0.00 0.00 0.02
0.00 0.00 0.00 0.00 0.00 0.00 0.00 0.00 0.00 0.00 0.00 0.00 0.00 0.00 0.00 0.00 0.00 0.00 0.00 0.00 0.00 0.00 0.00 0.00 0.00 0.00 0.00 0.00 0.00 0.00 0.00 0.00 0.00 0.00 0.00 0.00 0.00 0.00 0.00 0.00 0.00 0.00 0.00 0.00 0.00 0.00 0.00 0.00 0.00 0.00 0.00 0.00 0.00 0.00 0.00 0.00 0.00 0.00 0.00 0.00 0.00 0.00 0.00 0.00 0.00 0.00 0.00 0.00 0.00 0.00 0.00 0.00 0.00 0.00 0.00 0.00 0.00 0.00 0.00 0.00 0.00 0.00 0.00 0.01
