data_processed/recharge/precip/Precip_2004_07.asc
ncols        168
nrows        136
xllcorner    455000
yllcorner    2107000
cellsize     500
NODATA_value     -99999
[rows 32 to 63 of 136, columns 0 to 72 of 168]
195.35 198.16 201.14 204.24 207.45 210.72 214.03 217.35 220.65 223.90 227.07 230.12 233.04 235.79 238.33 240.65 242.70 244.47 245.91 247.00 247.71 248.04 248.18 248.18 247.59 246.18 243.95 240.98 237.36 233.17 228.49 223.41 218.02 212.40 206.63 200.81 195.01 189.32 183.82 178.60 173.75 169.35 165.48 162.23 159.68 157.92 157.03 157.05 157.80 158.57 159.10 159.39 159.47 159.35 159.05 158.59 157.99 157.27 156.44 155.54 154.57 153.55 152.51 151.46 150.42 149.42 148.46 147.58 146.78 146.09 145.53 145.11 144.84
195.86 198.84 201.96 205.17 208.45 211.77 215.10 218.41 221.67 224.85 227.92 230.85 233.60 236.16 238.48 240.54 242.31 243.77 244.87 245.59 245.92 246.05 246.21 246.27 245.91 244.96 243.23 240.72 237.51 233.69 229.34 224.55 219.40 213.99 208.38 202.67 196.95 191.29 185.78 180.51 175.56 171.02 166.97 163.50 160.69 158.62 157.33 156.79 156.89 156.99 156.88 156.59 156.14 155.53 154.79 153.94 152.99 151.97 150.89 149.77 148.64 147.50 146.39 145.31 144.29 143.35 142.51 141.78 141.19 140.74 140.47 140.39 140.41
195.36 198.50 201.76 205.09 208.47 211.85 215.21 218.52 221.75 224.86 227.84 230.65 233.25 235.62 237.74 239.56 241.06 242.21 242.98 243.36 243.51 243.65 243.86 243.97 243.68 242.95 241.69 239.68 236.93 233.53 229.56 225.11 220.25 215.08 209.69 204.14 198.54 192.96 187.49 182.21 177.22 172.58 168.40 164.75 161.72 159.34 157.59 156.49 156.00 155.48 154.74 153.87 152.90 151.82 150.66 149.43 148.16 146.85 145.53 144.22 142.94 141.71 140.54 139.45 138.47 137.61 136.90 136.34 135.97 135.79 135.82 136.00 136.23
194.27 197.26 200.65 204.12 207.59 211.04 214.44 217.76 220.97 224.03 226.93 229.62 232.09 234.29 236.20 237.79 239.03 239.89 240.36 240.57 240.72 240.89 241.13 241.29 241.05 240.42 239.39 237.85 235.61 232.68 229.13 225.06 220.54 215.67 210.52 205.19 199.76 194.30 188.92 183.68 178.68 174.01 169.74 165.96 162.71 159.96 157.75 156.16 155.13 154.06 152.73 151.28 149.77 148.24 146.68 145.09 143.50 141.93 140.39 138.91 137.50 136.18 134.97 133.89 132.97 132.21 131.64 131.27 131.14 131.23 131.51 131.88 132.30
193.00 195.51 198.76 202.33 205.92 209.45 212.90 216.24 219.44 222.46 225.29 227.88 230.22 232.26 233.98 235.35 236.34 236.93 237.25 237.45 237.62 237.81 238.07 238.26 238.08 237.51 236.58 235.28 233.52 231.10 228.02 224.37 220.24 215.72 210.87 205.80 200.58 195.30 190.04 184.89 179.94 175.27 170.96 167.05 163.53 160.42 157.81 155.78 154.28 152.71 150.87 148.87 146.82 144.81 142.85 140.93 139.04 137.22 135.48 133.84 132.31 130.93 129.70 128.65 127.80 127.15 126.75 126.59 126.70 127.02 127.48 128.02 128.62
191.63 193.65 196.44 199.87 203.55 207.17 210.68 214.06 217.25 220.25 223.02 225.52 227.74 229.63 231.17 232.33 233.09 233.55 233.84 234.06 234.23 234.43 234.71 234.91 234.77 234.26 233.41 232.22 230.71 228.77 226.21 223.04 219.34 215.20 210.70 205.93 200.98 195.91 190.84 185.82 180.96 176.34 171.99 167.91 164.13 160.72 157.78 155.37 153.45 151.44 149.13 146.65 144.10 141.59 139.21 136.95 134.79 132.73 130.81 129.02 127.41 125.97 124.75 123.74 122.97 122.47 122.24 122.30 122.61 123.10 123.71 124.42 125.18
190.19 191.77 194.09 197.08 200.62 204.32 207.90 211.31 214.52 217.50 220.22 222.64 224.74 226.50 227.87 228.84 229.48 229.91 230.20 230.41 230.58 230.78 231.05 231.27 231.16 230.70 229.92 228.82 227.43 225.75 223.67 221.02 217.81 214.10 210.00 205.58 200.93 196.14 191.28 186.45 181.73 177.16 172.73 168.49 164.50 160.86 157.63 154.91 152.63 150.24 147.53 144.63 141.63 138.66 135.81 133.18 130.76 128.49 126.39 124.49 122.79 121.33 120.12 119.17 118.51 118.16 118.12 118.37 118.82 119.45 120.22 121.08 121.99
188.70 189.88 191.78 194.33 197.45 201.00 204.64 208.10 211.33 214.30 216.98 219.34 221.34 222.97 224.18 225.05 225.65 226.07 226.34 226.53 226.69 226.88 227.15 227.36 227.27 226.85 226.13 225.11 223.82 222.27 220.46 218.31 215.61 212.39 208.73 204.71 200.42 195.93 191.35 186.75 182.17 177.62 173.13 168.78 164.66 160.83 157.39 154.40 151.83 149.11 146.06 142.80 139.42 136.04 132.76 129.71 126.97 124.49 122.25 120.24 118.49 117.01 115.83 114.96 114.42 114.23 114.36 114.74 115.33 116.09 116.99 117.99 119.05
187.16 188.00 189.53 191.68 194.38 197.54 201.03 204.53 207.80 210.77 213.42 215.71 217.63 219.14 220.27 221.09 221.66 222.05 222.29 222.46 222.60 222.76 223.01 223.21 223.13 222.74 222.07 221.13 219.93 218.49 216.82 214.94 212.74 210.05 206.88 203.30 199.41 195.29 191.02 186.65 182.19 177.67 173.18 168.79 164.58 160.63 157.03 153.84 151.03 148.05 144.72 141.15 137.44 133.72 130.08 126.64 123.51 120.78 118.39 116.29 114.50 113.03 111.89 111.12 110.72 110.67 110.91 111.41 112.12 113.00 114.03 115.15 116.34
185.60 186.14 187.35 189.16 191.49 194.25 197.37 200.72 204.01 206.99 209.62 211.87 213.71 215.14 216.22 216.99 217.53 217.87 218.08 218.21 218.32 218.45 218.67 218.85 218.76 218.40 217.77 216.88 215.77 214.43 212.88 211.15 209.24 207.05 204.41 201.33 197.88 194.17 190.23 186.07 181.74 177.32 172.88 168.51 164.28 160.27 156.56 153.23 150.24 147.06 143.50 139.69 135.71 131.70 127.76 123.99 120.51 117.43 114.84 112.66 110.84 109.39 108.33 107.67 107.38 107.44 107.78 108.38 109.20 110.19 111.33 112.57 113.88
184.04 184.33 185.27 186.78 188.78 191.20 193.95 196.95 200.08 203.07 205.69 207.90 209.68 211.05 212.07 212.80 213.28 213.57 213.74 213.82 213.88 213.98 214.15 214.30 214.20 213.85 213.25 212.41 211.37 210.12 208.69 207.09 205.34 203.44 201.31 198.76 195.82 192.52 188.89 184.97 180.83 176.56 172.23 167.94 163.74 159.73 155.97 152.56 149.46 146.13 142.41 138.40 134.23 129.99 125.79 121.76 117.99 114.60 111.70 109.37 107.54 106.13 105.14 104.58 104.38 104.52 104.96 105.65 106.57 107.66 108.90 110.24 111.65
182.48 182.57 183.29 184.55 186.29 188.40 190.83 193.48 196.29 199.13 201.73 203.89 205.60 206.91 207.86 208.52 208.94 209.18 209.28 209.31 209.32 209.36 209.48 209.59 209.47 209.12 208.53 207.74 206.76 205.59 204.26 202.79 201.18 199.46 197.62 195.59 193.16 190.26 186.96 183.33 179.44 175.38 171.23 167.07 162.97 159.01 155.27 151.84 148.68 145.26 141.43 137.30 132.97 128.57 124.18 119.94 115.94 112.30 109.13 106.54 104.60 103.24 102.33 101.84 101.72 101.93 102.45 103.22 104.22 105.40 106.72 108.16 109.66
180.96 180.90 181.44 182.51 184.01 185.88 188.04 190.39 192.87 195.39 197.80 199.88 201.50 202.73 203.61 204.20 204.54 204.71 204.74 204.71 204.65 204.63 204.69 204.75 204.60 204.23 203.66 202.90 201.96 200.87 199.63 198.27 196.80 195.23 193.57 191.82 189.82 187.35 184.44 181.15 177.58 173.79 169.88 165.90 161.96 158.11 154.45 151.06 147.89 144.45 140.57 136.37 131.96 127.44 122.93 118.53 114.37 110.54 107.15 104.33 102.17 100.73 99.87 99.44 99.38 99.66 100.24 101.08 102.15 103.41 104.81 106.32 107.91
179.48 179.32 179.73 180.65 181.98 183.65 185.58 187.69 189.89 192.04 194.05 195.89 197.41 198.55 199.34 199.84 200.11 200.19 200.15 200.04 199.91 199.81 199.81 199.80 199.61 199.22 198.65 197.90 197.01 195.98 194.82 193.56 192.21 190.79 189.27 187.63 185.83 183.78 181.32 178.45 175.24 171.79 168.16 164.44 160.70 157.04 153.51 150.21 147.10 143.69 139.83 135.62 131.17 126.61 122.02 117.54 113.26 109.30 105.76 102.76 100.40 98.73 97.78 97.38 97.37 97.71 98.34 99.24 100.37 101.69 103.15 104.73 106.39
178.06 177.85 178.19 179.00 180.21 181.73 183.49 185.38 187.26 189.00 190.60 192.06 193.36 194.39 195.09 195.49 195.67 195.66 195.53 195.33 195.11 194.94 194.85 194.77 194.53 194.11 193.52 192.79 191.92 190.94 189.86 188.70 187.46 186.14 184.70 183.14 181.44 179.63 177.60 175.20 172.42 169.36 166.08 162.67 159.21 155.77 152.44 149.29 146.30 142.98 139.19 135.03 130.62 126.06 121.47 116.95 112.62 108.58 104.95 101.84 99.30 97.40 96.19 95.68 95.70 96.07 96.75 97.69 98.87 100.23 101.75 103.39 105.10
176.72 176.51 176.82 177.58 178.71 180.13 181.75 183.37 184.87 186.22 187.44 188.52 189.48 190.29 190.87 191.17 191.24 191.14 190.91 190.61 190.30 190.03 189.85 189.69 189.39 188.92 188.31 187.58 186.74 185.80 184.78 183.69 182.54 181.27 179.89 178.40 176.81 175.12 173.36 171.41 169.12 166.51 163.64 160.60 157.47 154.33 151.25 148.31 145.50 142.33 138.67 134.62 130.29 125.80 121.26 116.77 112.44 108.39 104.73 101.53 98.86 96.75 95.27 94.47 94.36 94.75 95.46 96.43 97.64 99.05 100.61 102.29 104.04
175.48 175.31 175.65 176.41 177.51 178.86 180.25 181.52 182.64 183.63 184.49 185.23 185.85 186.35 186.73 186.91 186.87 186.65 186.31 185.90 185.49 185.11 184.83 184.58 184.20 183.69 183.05 182.30 181.47 180.56 179.59 178.56 177.43 176.20 174.87 173.46 171.97 170.42 168.81 167.14 165.34 163.23 160.83 158.22 155.48 152.69 149.92 147.26 144.68 141.72 138.25 134.37 130.19 125.83 121.39 116.99 112.73 108.73 105.09 101.84 99.05 96.77 95.05 93.95 93.51 93.75 94.46 95.46 96.70 98.13 99.72 101.43 103.22
174.35 174.28 174.68 175.49 176.60 177.77 178.83 179.74 180.53 181.19 181.72 182.14 182.45 182.64 182.74 182.73 182.56 182.22 181.76 181.24 180.71 180.22 179.83 179.48 179.01 178.43 177.75 176.99 176.15 175.26 174.32 173.29 172.17 170.97 169.71 168.37 166.99 165.57 164.11 162.63 161.13 159.52 157.65 155.53 153.24 150.86 148.46 146.13 143.85 141.16 137.93 134.28 130.31 126.14 121.86 117.61 113.49 109.60 106.00 102.74 99.86 97.44 95.51 94.13 93.36 93.24 93.79 94.78 96.03 97.47 99.08 100.81 102.62
173.35 173.42 173.95 174.83 175.81 176.67 177.40 178.00 178.47 178.82 179.06 179.19 179.21 179.14 178.97 178.71 178.35 177.88 177.29 176.64 175.98 175.37 174.86 174.39 173.84 173.18 172.45 171.66 170.81 169.92 168.95 167.91 166.81 165.64 164.43 163.19 161.91 160.62 159.32 158.02 156.73 155.45 154.10 152.53 150.75 148.84 146.87 144.93 143.00 140.64 137.72 134.36 130.65 126.72 122.68 118.65 114.73 110.98 107.46 104.20 101.28 98.74 96.63 95.01 93.92 93.44 93.60 94.40 95.63 97.08 98.69 100.43 102.25
172.50 172.77 173.44 174.24 174.93 175.49 175.92 176.22 176.41 176.49 176.46 176.33 176.09 175.77 175.36 174.87 174.30 173.66 172.92 172.14 171.34 170.60 169.95 169.37 168.70 167.97 167.17 166.34 165.46 164.52 163.52 162.47 161.38 160.26 159.11 157.95 156.78 155.62 154.48 153.36 152.28 151.24 150.24 149.22 148.00 146.61 145.14 143.65 142.13 140.16 137.61 134.59 131.21 127.59 123.86 120.12 116.44 112.86 109.44 106.22 103.28 100.65 98.39 96.55 95.19 94.36 94.11 94.50 95.53 96.95 98.55 100.28 102.10
171.82 172.30 172.94 173.47 173.88 174.16 174.32 174.37 174.30 174.13 173.86 173.49 173.03 172.49 171.87 171.17 170.41 169.58 168.69 167.75 166.81 165.92 165.14 164.42 163.64 162.81 161.95 161.05 160.10 159.11 158.08 157.02 155.94 154.86 153.78 152.70 151.65 150.63 149.64 148.71 147.83 147.02 146.29 145.64 144.99 144.19 143.27 142.29 141.24 139.71 137.59 134.97 131.98 128.76 125.42 122.01 118.59 115.21 111.92 108.78 105.84 103.15 100.77 98.75 97.14 96.00 95.37 95.32 95.90 97.09 98.66 100.37 102.18
171.28 171.78 172.18 172.46 172.61 172.64 172.56 172.37 172.07 171.68 171.20 170.63 169.97 169.24 168.44 167.57 166.63 165.64 164.60 163.52 162.42 161.38 160.44 159.57 158.68 157.74 156.78 155.79 154.77 153.72 152.66 151.60 150.54 149.50 148.48 147.50 146.56 145.68 144.86 144.11 143.44 142.87 142.39 142.03 141.78 141.57 141.25 140.84 140.32 139.30 137.66 135.52 133.02 130.28 127.35 124.30 121.17 118.02 114.89 111.85 108.95 106.23 103.76 101.58 99.76 98.33 97.36 96.90 97.00 97.71 99.03 100.70 102.48
170.64 170.93 171.09 171.13 171.05 170.86 170.56 170.17 169.68 169.09 168.43 167.68 166.86 165.96 165.01 163.99 162.92 161.80 160.63 159.42 158.19 156.99 155.89 154.87 153.83 152.78 151.71 150.61 149.52 148.42 147.33 146.26 145.23 144.23 143.28 142.39 141.57 140.82 140.17 139.61 139.15 138.81 138.60 138.52 138.59 138.80 139.09 139.30 139.38 138.92 137.83 136.27 134.34 132.11 129.63 126.97 124.16 121.26 118.33 115.42 112.58 109.87 107.34 105.03 103.02 101.34 100.05 99.21 98.86 99.06 99.87 101.28 103.00
169.59 169.65 169.60 169.43 169.15 168.77 168.29 167.72 167.06 166.31 165.49 164.59 163.63 162.60 161.52 160.39 159.20 157.98 156.72 155.42 154.10 152.77 151.50 150.32 149.13 147.94 146.75 145.56 144.39 143.24 142.13 141.06 140.04 139.09 138.21 137.42 136.72 136.11 135.62 135.25 135.01 134.91 134.96 135.17 135.55 136.10 136.84 137.68 138.41 138.58 138.15 137.25 135.93 134.24 132.25 130.00 127.54 124.93 122.22 119.47 116.73 114.05 111.48 109.08 106.91 105.00 103.43 102.23 101.47 101.19 101.46 102.32 103.76
168.03 167.90 167.66 167.31 166.86 166.32 165.68 164.96 164.16 163.28 162.33 161.31 160.24 159.11 157.93 156.70 155.44 154.14 152.81 151.45 150.08 148.69 147.31 145.96 144.61 143.28 141.96 140.68 139.43 138.24 137.10 136.03 135.05 134.14 133.34 132.64 132.06 131.60 131.28 131.10 131.07 131.22 131.53 132.03 132.71 133.61 134.71 136.03 137.41 138.33 138.66 138.46 137.77 136.66 135.17 133.37 131.29 129.00 126.55 123.98 121.37 118.75 116.18 113.71 111.40 109.31 107.47 105.95 104.81 104.08 103.83 104.11 104.98
166.18 165.88 165.48 164.97 164.38 163.69 162.92 162.07 161.15 160.16 159.10 157.99 156.83 155.61 154.36 153.07 151.74 150.39 149.01 147.62 146.22 144.81 143.48 142.14 140.64 139.16 137.71 136.33 135.00 133.75 132.58 131.50 130.53 129.66 128.92 128.31 127.84 127.51 127.35 127.36 127.54 127.91 128.48 129.25 130.25 131.46 132.92 134.60 136.41 138.06 139.19 139.72 139.70 139.19 138.24 136.91 135.25 133.31 131.14 128.80 126.34 123.81 121.27 118.77 116.36 114.10 112.04 110.23 108.73 107.59 106.85 106.59 106.84
164.56 164.09 163.54 162.89 162.15 161.33 160.44 159.48 158.45 157.35 156.21 155.01 153.77 152.48 151.16 149.81 148.44 147.05 145.64 144.22 142.80 141.47 140.42 139.39 137.92 136.26 134.66 133.13 131.69 130.35 129.11 127.99 127.00 126.14 125.43 124.87 124.47 124.25 124.22 124.37 124.73 125.30 126.09 127.11 128.37 129.88 131.64 133.56 135.54 137.55 139.39 140.68 141.36 141.50 141.12 140.30 139.09 137.53 135.68 133.59 131.32 128.92 126.45 123.95 121.48 119.09 116.84 114.77 112.95 111.42 110.25 109.46 109.02
163.21 162.60 161.90 161.11 160.25 159.31 158.30 157.23 156.10 154.91 153.68 152.41 151.09 149.75 148.37 146.98 145.56 144.13 142.70 141.27 139.93 138.89 138.19 137.48 136.27 134.62 132.83 131.13 129.54 128.07 126.73 125.53 124.48 123.59 122.87 122.32 121.97 121.81 121.86 122.13 122.62 123.35 124.32 125.55 127.04 128.80 130.75 132.81 134.92 137.09 139.27 141.24 142.67 143.47 143.71 143.44 142.71 141.57 140.07 138.28 136.24 134.00 131.62 129.16 126.66 124.18 121.77 119.49 117.38 115.51 113.91 112.54 111.21
162.10 161.37 160.53 159.62 158.63 157.58 156.46 155.29 154.07 152.81 151.50 150.15 148.78 147.38 145.96 144.52 143.08 141.63 140.18 138.83 137.79 137.11 136.74 136.32 135.39 133.96 132.15 130.25 128.47 126.83 125.35 124.03 122.89 121.93 121.16 120.60 120.25 120.12 120.22 120.56 121.15 122.00 123.12 124.52 126.20 128.10 130.16 132.33 134.57 136.86 139.17 141.48 143.56 145.08 145.96 146.27 146.06 145.37 144.27 142.80 141.02 138.99 136.74 134.35 131.86 129.32 126.79 124.33 121.97 119.78 117.69 115.53 113.30
161.16 160.35 159.40 158.37 157.27 156.12 154.91 153.65 152.34 151.00 149.63 148.22 146.80 145.35 143.89 142.43 140.96 139.49 138.13 137.09 136.43 136.09 136.01 135.86 135.18 133.98 132.34 130.40 128.41 126.57 124.91 123.44 122.16 121.10 120.25 119.62 119.23 119.09 119.21 119.58 120.24 121.17 122.40 123.93 125.71 127.69 129.83 132.10 134.45 136.86 139.29 141.72 144.11 146.26 147.82 148.75 149.09 148.89 148.22 147.11 145.63 143.83 141.76 139.48 137.03 134.47 131.86 129.24 126.67 124.09 121.30 118.34 115.29
160.35 159.49 158.47 157.34 156.14 154.89 153.59 152.25 150.88 149.47 148.04 146.58 145.11 143.63 142.14 140.65 139.17 137.80 136.76 136.10 135.78 135.75 135.95 136.04 135.58 134.59 133.14 131.33 129.26 127.20 125.32 123.66 122.22 121.01 120.04 119.32 118.86 118.67 118.75 119.13 119.81 120.79 122.09 123.67 125.51 127.55 129.76 132.11 134.56 137.06 139.60 142.13 144.63 147.07 149.24 150.82 151.75 152.09 151.87 151.17 150.02 148.49 146.63 144.48 142.11 139.57 136.91 134.18 131.31 128.13 124.64 120.95 117.16
159.67 158.75 157.68 156.50 155.21 153.88 152.50 151.09 149.64 148.18 146.70 145.20 143.69 142.18 140.68 139.18 137.79 136.75 136.10 135.80 135.80 136.05 136.50 136.81 136.54 135.73 134.45 132.78 130.80 128.64 126.52 124.63 122.98 121.59 120.46 119.61 119.04 118.76 118.79 119.13 119.79 120.78 122.09 123.70 125.56 127.64 129.91 132.33 134.87 137.47 140.09 142.71 145.30 147.84 150.29 152.45 154.00 154.90 155.18 154.91 154.13 152.91 151.29 149.32 147.07 144.58 141.90 138.97 135.60 131.81 127.69 123.36 118.91
