data_processed/recharge/precip/Precip_2002_01.asc
ncols        168
nrows        136
xllcorner    455000
yllcorner    2107000
cellsize     500
NODATA_value     -99999
[rows 0 to 36 of 136, columns 0 to 82 of 168]
200.07 200.88 200.98 200.61 199.86 198.80 197.50 196.01 194.38 192.69 190.98 189.32 187.77 186.38 185.22 184.34 183.80 183.67 183.95 184.33 184.52 184.40 183.88 183.02 182.20 181.52 180.97 180.53 180.12 179.68 179.19 178.67 178.14 177.59 177.06 176.53 176.04 175.58 175.17 174.83 174.55 174.36 174.27 174.27 174.20 173.67 172.56 170.93 168.82 166.32 163.52 160.48 157.24 153.82 150.13 146.16 141.95 137.54 132.97 128.30 123.56 118.79 114.05 109.37 104.81 100.39 96.17 92.20 88.50 85.12 81.92 78.77 75.64 72.57 69.58 66.82 64.33 62.10 60.11 58.32 56.65 55.08 53.61
194.24 195.25 195.64 195.54 195.02 194.12 192.92 191.46 189.82 188.04 186.19 184.33 182.52 180.81 179.26 177.94 176.90 176.21 175.92 176.02 176.19 176.11 175.65 174.87 174.14 173.55 173.09 172.67 172.23 171.75 171.25 170.75 170.24 169.76 169.30 168.87 168.50 168.18 167.93 167.77 167.70 167.74 167.89 168.17 168.58 168.95 168.86 168.22 167.07 165.49 163.57 161.36 158.87 156.02 152.77 149.18 145.29 141.14 136.78 132.24 127.58 122.83 118.04 113.26 108.53 103.89 99.39 95.06 90.96 87.13 83.60 80.24 76.92 73.63 70.43 67.45 64.76 62.33 60.12 58.07 56.14 54.34 52.65
188.36 189.72 190.47 190.68 190.39 189.68 188.59 187.20 185.55 183.71 181.74 179.69 177.63 175.62 173.71 171.97 170.45 169.21 168.31 167.81 167.70 167.62 167.22 166.52 165.88 165.37 164.92 164.46 163.97 163.47 162.98 162.49 162.04 161.61 161.24 160.92 160.68 160.51 160.44 160.47 160.62 160.89 161.30 161.86 162.58 163.46 164.33 164.76 164.66 164.08 163.12 161.79 159.98 157.69 154.95 151.80 148.28 144.45 140.34 136.00 131.47 126.80 122.03 117.20 112.36 107.55 102.82 98.21 93.76 89.52 85.53 81.81 78.27 74.77 71.34 68.14 65.23 62.56 60.08 57.76 55.58 53.55 51.66
182.68 184.48 185.61 186.13 186.10 185.58 184.63 183.32 181.69 179.80 177.73 175.52 173.24 170.94 168.68 166.53 164.54 162.78 161.30 160.15 159.41 159.05 158.67 158.04 157.48 156.98 156.47 155.95 155.43 154.92 154.44 153.99 153.59 153.25 152.97 152.77 152.67 152.67 152.78 153.01 153.39 153.91 154.59 155.44 156.47 157.69 159.11 160.54 161.56 162.07 162.12 161.59 160.47 158.79 156.61 153.95 150.87 147.41 143.62 139.53 135.19 130.65 125.95 121.13 116.24 111.33 106.42 101.58 96.83 92.24 87.84 83.67 79.76 76.01 72.34 68.91 65.74 62.79 60.02 57.44 55.03 52.78 50.69
177.37 179.62 181.15 182.01 182.25 181.95 181.16 179.94 178.34 176.44 174.28 171.92 169.43 166.87 164.29 161.75 159.31 157.04 154.99 153.22 151.79 150.75 150.09 149.50 148.93 148.36 147.79 147.23 146.69 146.19 145.73 145.33 144.99 144.73 144.57 144.50 144.55 144.72 145.02 145.47 146.08 146.86 147.82 148.97 150.33 151.90 153.69 155.71 157.77 159.41 160.39 160.66 160.27 159.27 157.70 155.59 153.00 149.98 146.55 142.77 138.69 134.33 129.76 125.01 120.13 115.15 110.14 105.12 100.14 95.25 90.48 85.90 81.53 77.40 73.47 69.76 66.30 63.05 60.01 57.17 54.53 52.07 49.79
172.40 175.14 177.08 178.30 178.85 178.79 178.18 177.08 175.54 173.63 171.41 168.94 166.26 163.46 160.57 157.67 154.81 152.06 149.46 147.09 144.99 143.23 141.88 140.98 140.30 139.66 139.03 138.44 137.89 137.39 136.96 136.61 136.35 136.19 136.14 136.21 136.41 136.76 137.27 137.95 138.80 139.84 141.09 142.55 144.23 146.15 148.32 150.74 153.40 155.93 157.82 158.94 159.35 159.07 158.17 156.67 154.63 152.09 149.09 145.68 141.90 137.79 133.40 128.77 123.95 118.98 113.90 108.77 103.61 98.48 93.41 88.46 83.67 79.06 74.60 70.53 66.77 63.23 59.94 56.86 54.00 51.35 48.90
167.19 170.46 172.88 174.51 175.41 175.64 175.25 174.32 172.89 171.03 168.79 166.24 163.44 160.44 157.30 154.09 150.85 147.66 144.57 141.64 138.92 136.50 134.47 132.96 131.96 131.21 130.52 129.88 129.31 128.82 128.41 128.10 127.90 127.83 127.88 128.08 128.44 128.96 129.66 130.55 131.64 132.94 134.46 136.22 138.22 140.49 143.02 145.79 148.74 151.70 154.40 156.42 157.67 158.18 157.99 157.15 155.71 153.71 151.19 148.19 144.77 140.96 136.80 132.35 127.64 122.73 117.64 112.43 107.15 101.83 96.51 91.25 86.08 80.80 75.33 70.55 66.47 62.70 59.19 55.92 52.89 50.09 47.51
161.47 165.33 168.28 170.37 171.68 172.25 172.16 171.45 170.19 168.43 166.24 163.68 160.80 157.66 154.32 150.85 147.30 143.73 140.20 136.77 133.51 130.51 127.93 125.83 124.25 123.18 122.40 121.70 121.09 120.58 120.18 119.90 119.75 119.74 119.89 120.20 120.69 121.37 122.24 123.33 124.64 126.18 127.97 130.01 132.32 134.91 137.75 140.77 143.92 147.12 150.24 153.07 155.20 156.54 157.12 157.00 156.20 154.79 152.80 150.27 147.25 143.78 139.91 135.68 131.14 126.33 121.28 116.06 110.69 105.23 99.72 94.18 88.45 82.23 75.74 69.97 65.27 61.27 57.60 54.20 51.05 48.16 45.50
155.28 159.69 163.22 165.85 167.62 168.60 168.85 168.42 167.38 165.79 163.70 161.18 158.28 155.07 151.60 147.93 144.12 140.23 136.32 132.45 128.73 125.28 122.21 119.58 117.43 115.79 114.70 113.91 113.25 112.71 112.30 112.03 111.91 111.96 112.18 112.59 113.19 114.01 115.05 116.32 117.83 119.60 121.63 123.94 126.54 129.41 132.45 135.64 138.98 142.39 145.74 148.98 151.90 154.12 155.52 156.15 156.06 155.28 153.86 151.85 149.29 146.22 142.68 138.73 134.40 129.73 124.78 119.59 114.19 108.64 102.97 96.99 90.43 83.29 75.87 69.17 63.61 59.09 55.26 51.78 48.57 45.64 42.97
148.95 153.59 157.68 160.88 163.18 164.62 165.27 165.19 164.43 163.06 161.13 158.71 155.85 152.62 149.07 145.26 141.25 137.09 132.87 128.66 124.58 120.74 117.24 114.15 111.48 109.29 107.64 106.56 105.81 105.22 104.78 104.51 104.41 104.50 104.78 105.27 105.98 106.92 108.10 109.54 111.24 113.22 115.48 118.04 120.88 123.91 127.08 130.41 133.93 137.53 141.07 144.53 147.86 150.86 153.13 154.57 155.22 155.13 154.34 152.89 150.84 148.21 145.06 141.43 137.36 132.90 128.09 122.98 117.60 112.00 105.99 99.30 91.94 83.99 75.73 68.22 61.84 56.57 52.32 48.76 45.55 42.64 40.01
142.72 147.35 151.67 155.43 158.31 160.27 161.38 161.70 161.28 160.19 158.48 156.22 153.46 150.26 146.69 142.80 138.64 134.29 129.83 125.36 121.00 116.84 112.97 109.48 106.36 103.67 101.48 99.85 98.82 98.15 97.67 97.38 97.28 97.39 97.71 98.27 99.07 100.12 101.43 103.02 104.89 107.06 109.54 112.31 115.26 118.37 121.64 125.11 128.78 132.55 136.28 139.93 143.47 146.86 149.91 152.20 153.65 154.30 154.18 153.35 151.85 149.72 147.00 143.74 139.99 135.78 131.16 126.18 120.86 115.03 108.43 101.05 92.99 84.33 75.35 67.12 60.04 54.06 49.17 45.29 42.08 39.24 36.71
136.61 141.21 145.53 149.53 152.96 155.50 157.13 157.91 157.89 157.14 155.71 153.66 151.06 147.95 144.42 140.50 136.26 131.78 127.17 122.52 117.93 113.50 109.33 105.49 101.98 98.86 96.19 94.04 92.48 91.53 90.98 90.65 90.53 90.65 91.01 91.61 92.48 93.62 95.05 96.77 98.80 101.15 103.80 106.64 109.63 112.80 116.16 119.74 123.54 127.47 131.36 135.19 138.92 142.52 145.95 149.00 151.30 152.73 153.34 153.18 152.28 150.69 148.45 145.62 142.23 138.32 133.94 129.12 123.70 117.39 110.22 102.25 93.59 84.32 74.73 65.89 58.20 51.64 46.16 41.74 38.31 35.56 33.17
130.61 135.18 139.49 143.50 147.17 150.27 152.48 153.77 154.20 153.84 152.75 150.98 148.59 145.64 142.20 138.31 134.06 129.53 124.83 120.06 115.31 110.68 106.26 102.14 98.31 94.81 91.71 89.10 87.02 85.57 84.75 84.35 84.21 84.31 84.68 85.32 86.25 87.47 88.99 90.84 93.01 95.48 98.16 101.00 104.01 107.23 110.66 114.32 118.24 122.30 126.34 130.33 134.23 138.00 141.63 145.07 148.11 150.38 151.77 152.31 152.07 151.07 149.37 147.01 144.03 140.47 136.37 131.56 125.77 119.01 111.36 102.92 93.76 83.99 73.88 64.53 56.35 49.29 43.34 38.45 34.60 31.71 29.50
124.72 129.26 133.55 137.56 141.26 144.60 147.36 149.23 150.18 150.27 149.57 148.13 146.01 143.28 139.98 136.19 131.99 127.48 122.76 117.92 113.07 108.29 103.70 99.36 95.26 91.45 87.99 84.97 82.45 80.50 79.18 78.52 78.32 78.40 78.77 79.43 80.39 81.67 83.28 85.23 87.49 89.96 92.59 95.40 98.42 101.66 105.13 108.88 112.89 117.07 121.24 125.36 129.41 133.35 137.15 140.78 144.19 147.20 149.41 150.72 151.18 150.83 149.71 147.87 145.35 142.18 138.19 133.13 127.00 119.88 111.87 103.05 93.51 83.34 72.82 63.06 54.48 47.04 40.71 35.46 31.26 28.06 25.81
118.96 123.45 127.71 131.71 135.42 138.81 141.82 144.24 145.76 146.37 146.12 145.07 143.28 140.82 137.73 134.09 130.01 125.57 120.88 116.04 111.15 106.30 101.59 97.09 92.78 88.72 84.97 81.60 78.69 76.30 74.50 73.37 72.91 72.94 73.29 73.95 74.94 76.26 77.94 79.94 82.15 84.53 87.10 89.87 92.86 96.11 99.62 103.41 107.51 111.78 116.06 120.31 124.49 128.57 132.52 136.32 139.92 143.29 146.22 148.35 149.56 149.90 149.41 148.14 146.12 143.18 139.06 133.77 127.40 120.04 111.77 102.67 92.85 82.37 71.55 61.49 52.62 44.90 38.30 32.79 28.33 24.90 22.45
113.31 117.75 121.98 125.97 129.68 133.09 136.16 138.84 140.91 142.09 142.34 141.74 140.34 138.19 135.36 131.94 128.03 123.73 119.15 114.37 109.49 104.62 99.86 95.26 90.81 86.56 82.57 78.93 75.68 72.92 70.70 69.10 68.18 67.96 68.26 68.91 69.91 71.27 72.96 74.86 76.94 79.21 81.69 84.40 87.36 90.60 94.12 97.95 102.11 106.46 110.83 115.18 119.47 123.68 127.77 131.71 135.47 139.01 142.31 145.15 147.16 148.24 148.44 147.78 146.09 143.13 138.91 133.50 126.99 119.48 111.05 101.79 91.78 81.11 70.09 59.83 50.77 42.87 36.11 30.44 25.84 22.27 19.69
107.78 112.17 116.37 120.34 124.05 127.47 130.56 133.31 135.65 137.38 138.20 138.10 137.13 135.34 132.82 129.68 126.01 121.91 117.48 112.82 108.03 103.21 98.45 93.81 89.28 84.90 80.75 76.88 73.37 70.29 67.71 65.70 64.33 63.67 63.74 64.34 65.33 66.67 68.22 69.96 71.88 74.03 76.40 79.03 81.94 85.14 88.66 92.51 96.71 101.12 105.57 110.00 114.38 118.70 122.90 126.97 130.87 134.56 138.02 141.22 143.94 145.81 146.72 146.51 144.93 141.97 137.74 132.31 125.78 118.22 109.74 100.41 90.32 79.57 68.44 58.09 48.95 40.98 34.15 28.43 23.78 20.18 17.58
102.38 106.71 110.86 114.81 118.51 121.94 125.06 127.85 130.26 132.27 133.64 134.08 133.56 132.18 130.04 127.24 123.87 120.04 115.83 111.36 106.71 101.99 97.30 92.69 88.14 83.69 79.43 75.40 71.69 68.36 65.48 63.13 61.36 60.26 59.89 60.28 61.19 62.35 63.69 65.23 66.99 68.98 71.23 73.77 76.60 79.75 83.24 87.10 91.32 95.78 100.27 104.77 109.23 113.63 117.94 122.12 126.13 129.96 133.57 136.92 139.98 142.54 144.01 144.01 142.55 139.70 135.57 130.22 123.76 116.27 107.84 98.55 88.49 77.74 66.62 56.28 47.16 39.22 32.43 26.76 22.18 18.65 16.13
97.10 101.36 105.47 109.38 113.07 116.50 119.65 122.47 124.94 127.03 128.64 129.57 129.57 128.67 126.97 124.57 121.57 118.05 114.13 109.90 105.46 100.91 96.34 91.82 87.32 82.87 78.55 74.43 70.57 67.05 63.94 61.30 59.21 57.73 56.94 56.86 57.39 58.27 59.38 60.70 62.27 64.10 66.21 68.62 71.37 74.45 77.90 81.73 85.96 90.44 94.98 99.52 104.04 108.51 112.90 117.16 121.28 125.23 128.96 132.44 135.64 138.32 139.98 140.21 138.97 136.34 132.41 127.25 120.97 113.65 105.36 96.22 86.28 75.66 64.65 54.42 45.42 37.61 30.97 25.46 21.04 17.68 15.35
91.94 96.14 100.19 104.07 107.74 111.17 114.33 117.18 119.70 121.80 123.44 124.59 125.10 124.74 123.55 121.61 119.02 115.89 112.32 108.40 104.22 99.90 95.52 91.15 86.75 82.36 78.05 73.90 69.96 66.31 63.02 60.17 57.81 56.02 54.82 54.16 54.03 54.46 55.29 56.38 57.74 59.39 61.34 63.62 66.25 69.25 72.64 76.43 80.65 85.14 89.69 94.26 98.82 103.34 107.79 112.13 116.33 120.37 124.21 127.80 130.91 133.24 134.69 135.13 134.21 131.90 128.27 123.41 117.41 110.35 102.33 93.42 83.72 73.32 62.52 52.51 43.74 36.17 29.77 24.52 20.37 17.29 15.26
86.91 91.03 95.03 98.86 102.51 105.93 109.10 111.98 114.48 116.55 118.18 119.39 120.16 120.33 119.70 118.28 116.18 113.50 110.33 106.78 102.94 98.90 94.78 90.62 86.38 82.11 77.88 73.75 69.79 66.08 62.68 59.66 57.10 55.01 53.33 52.07 51.29 51.08 51.47 52.29 53.42 54.87 56.64 58.77 61.27 64.17 67.47 71.22 75.40 79.87 84.42 89.01 93.59 98.14 102.63 107.03 111.30 115.41 119.32 122.80 125.53 127.45 128.57 128.90 128.28 126.38 123.16 118.70 113.08 106.40 98.74 90.18 80.82 70.74 60.26 50.57 42.13 34.90 28.86 23.96 20.19 17.49 15.85
82.01 86.05 89.98 93.77 97.38 100.79 103.96 106.79 109.23 111.26 112.89 114.12 114.98 115.44 115.37 114.54 112.99 110.81 108.11 104.99 101.54 97.86 94.05 90.16 86.15 82.06 77.96 73.92 70.00 66.29 62.84 59.72 56.97 54.50 52.33 50.52 49.15 48.31 48.07 48.46 49.33 50.56 52.14 54.09 56.45 59.22 62.43 66.09 70.23 74.67 79.20 83.77 88.36 92.93 97.44 101.87 106.19 110.35 114.12 117.19 119.50 121.06 121.87 121.96 121.32 119.81 117.10 113.13 108.01 101.80 94.60 86.50 77.58 67.93 57.87 48.60 40.59 33.81 28.23 23.80 20.50 18.29 17.15
77.24 81.19 85.05 88.78 92.36 95.75 98.84 101.57 103.92 105.90 107.53 108.80 109.72 110.31 110.56 110.31 109.37 107.76 105.59 102.96 99.96 96.70 93.26 89.71 85.99 82.14 78.24 74.35 70.54 66.88 63.44 60.24 57.21 54.35 51.74 49.44 47.55 46.13 45.27 45.05 45.50 46.47 47.83 49.60 51.79 54.42 57.51 61.09 65.16 69.55 74.04 78.58 83.15 87.71 92.23 96.68 101.02 105.01 108.35 110.97 112.89 114.12 114.66 114.54 113.76 112.32 110.09 106.73 102.19 96.57 89.94 82.39 74.02 64.90 55.36 46.63 39.16 32.92 27.90 24.04 21.32 19.71 19.07
72.59 76.45 80.24 83.91 87.45 90.73 93.67 96.27 98.54 100.48 102.10 103.40 104.39 105.09 105.49 105.60 105.26 104.29 102.72 100.64 98.15 95.36 92.36 89.21 85.84 82.30 78.65 74.97 71.33 67.78 64.37 61.00 57.68 54.48 51.48 48.76 46.40 44.47 43.05 42.23 42.07 42.63 43.75 45.31 47.31 49.78 52.74 56.21 60.19 64.51 68.94 73.45 77.98 82.52 87.03 91.46 95.60 99.13 102.00 104.21 105.78 106.71 107.02 106.72 105.83 104.35 102.29 99.50 95.66 90.71 84.76 77.87 70.15 61.67 52.75 44.65 37.82 32.24 27.88 24.70 22.66 21.65 21.14
68.08 71.84 75.55 79.15 82.55 85.64 88.42 90.90 93.08 94.97 96.58 97.91 98.98 99.78 100.33 100.63 100.68 100.34 99.42 97.95 96.04 93.79 91.29 88.59 85.64 82.46 79.14 75.73 72.31 68.90 65.42 61.86 58.30 54.82 51.50 48.41 45.63 43.25 41.33 39.97 39.23 39.20 39.92 41.24 43.04 45.33 48.13 51.47 55.35 59.58 63.94 68.38 72.86 77.36 81.82 86.04 89.69 92.73 95.16 96.99 98.24 98.91 99.03 98.59 97.62 96.12 94.11 91.58 88.41 84.25 79.07 72.95 65.97 58.23 50.05 42.68 36.60 31.78 28.18 25.78 24.43 23.62 22.96
63.70 67.36 70.97 74.41 77.58 80.47 83.08 85.43 87.53 89.37 90.97 92.33 93.46 94.36 95.06 95.54 95.82 95.90 95.63 94.84 93.57 91.92 89.98 87.80 85.32 82.58 79.63 76.56 73.38 70.01 66.44 62.74 59.01 55.30 51.71 48.31 45.18 42.40 40.05 38.20 36.94 36.34 36.48 37.41 38.98 41.07 43.71 46.89 50.65 54.78 59.04 63.40 67.81 72.23 76.45 80.15 83.29 85.86 87.89 89.38 90.35 90.80 90.75 90.22 89.20 87.72 85.78 83.40 80.59 77.19 72.88 67.63 61.51 54.61 47.27 40.74 35.51 31.54 28.82 27.19 26.12 25.20 24.40
59.46 63.00 66.41 69.58 72.51 75.19 77.64 79.86 81.87 83.66 85.24 86.63 87.82 88.83 89.67 90.33 90.83 91.17 91.36 91.25 90.68 89.69 88.37 86.77 84.83 82.57 80.07 77.35 74.31 70.95 67.35 63.58 59.72 55.85 52.05 48.40 44.98 41.86 39.13 36.86 35.13 34.02 33.61 33.98 35.16 37.03 39.47 42.49 46.11 50.11 54.27 58.52 62.83 66.97 70.66 73.82 76.47 78.62 80.28 81.46 82.18 82.45 82.27 81.67 80.65 79.22 77.40 75.19 72.61 69.67 66.21 61.93 56.77 50.82 44.41 38.83 34.55 31.55 29.69 28.41 27.28 26.28 25.39
55.34 58.65 61.75 64.64 67.32 69.80 72.08 74.17 76.09 77.82 79.40 80.81 82.06 83.18 84.15 84.99 85.71 86.31 86.80 87.17 87.31 87.03 86.40 85.45 84.10 82.39 80.35 77.87 74.95 71.66 68.08 64.29 60.37 56.40 52.45 48.61 44.95 41.56 38.50 35.87 33.73 32.17 31.26 31.09 31.73 33.23 35.45 38.29 41.74 45.60 49.63 53.75 57.75 61.34 64.45 67.10 69.30 71.06 72.39 73.31 73.82 73.93 73.67 73.03 72.04 70.70 69.03 67.03 64.72 62.11 59.20 55.86 51.76 46.86 41.50 36.96 33.74 31.70 30.25 28.97 27.82 26.78 25.85
51.23 54.20 56.98 59.58 62.01 64.28 66.39 68.36 70.18 71.86 73.41 74.85 76.17 77.38 78.49 79.51 80.44 81.29 82.07 82.79 83.44 83.89 84.00 83.76 83.07 81.92 80.23 77.97 75.21 72.05 68.56 64.81 60.89 56.87 52.84 48.86 45.03 41.41 38.10 35.15 32.67 30.71 29.37 28.72 28.84 29.81 31.67 34.29 37.56 41.27 45.13 48.92 52.34 55.33 57.91 60.09 61.87 63.28 64.31 64.99 65.33 65.33 65.01 64.38 63.45 62.24 60.74 58.99 56.98 54.74 52.26 49.57 46.50 42.76 38.54 35.15 32.98 31.42 30.03 28.77 27.63 26.60 25.68
47.01 49.61 52.07 54.38 56.57 58.63 60.57 62.39 64.12 65.75 67.28 68.74 70.12 71.43 72.67 73.87 75.01 76.12 77.19 78.23 79.26 80.26 81.12 81.64 81.62 80.93 79.56 77.57 75.05 72.07 68.72 65.07 61.21 57.20 53.14 49.09 45.14 41.36 37.84 34.65 31.87 29.59 27.87 26.80 26.45 26.91 28.26 30.53 33.59 37.10 40.61 43.79 46.59 49.03 51.11 52.85 54.25 55.34 56.12 56.60 56.79 56.71 56.37 55.78 54.96 53.90 52.63 51.16 49.49 47.64 45.63 43.45 41.13 38.51 35.54 33.29 31.66 30.22 28.90 27.71 26.64 25.67 24.81
42.65 44.89 47.02 49.04 50.98 52.82 54.59 56.28 57.91 59.48 61.00 62.47 63.91 65.31 66.70 68.06 69.42 70.78 72.13 73.51 74.90 76.31 77.75 78.99 79.53 79.26 78.26 76.60 74.37 71.64 68.49 65.00 61.25 57.32 53.28 49.22 45.21 41.33 37.66 34.29 31.28 28.71 26.68 25.24 24.49 24.51 25.36 27.13 29.84 32.96 35.83 38.37 40.59 42.50 44.12 45.46 46.52 47.32 47.88 48.20 48.29 48.17 47.84 47.33 46.64 45.78 44.76 43.60 42.31 40.90 39.38 37.76 36.06 34.27 32.41 30.77 29.32 28.00 26.81 25.74 24.77 23.92 23.15
38.36 40.23 42.04 43.78 45.46 47.10 48.69 50.25 51.79 53.30 54.80 56.30 57.79 59.30 60.81 62.36 63.93 65.53 67.18 68.89 70.64 72.47 74.25 75.71 76.67 76.88 76.30 75.03 73.13 70.70 67.81 64.53 60.94 57.13 53.17 49.15 45.13 41.20 37.44 33.93 30.74 27.96 25.65 23.91 22.81 22.42 22.83 24.12 26.37 28.93 31.13 33.05 34.72 36.13 37.32 38.27 39.02 39.56 39.92 40.10 40.11 39.97 39.69 39.27 38.74 38.10 37.36 36.55 35.65 34.70 33.70 32.66 31.60 30.46 29.07 27.64 26.34 25.18 24.14 23.21 22.39 21.67 21.04
34.48 36.00 37.48 38.94 40.38 41.82 43.25 44.69 46.13 47.60 49.09 50.61 52.18 53.78 55.45 57.17 58.96 60.83 62.78 64.82 66.95 69.08 70.86 72.15 73.19 73.81 73.70 72.85 71.34 69.24 66.64 63.61 60.23 56.59 52.75 48.80 44.82 40.88 37.07 33.46 30.13 27.16 24.63 22.62 21.20 20.46 20.47 21.37 23.24 25.39 27.05 28.38 29.49 30.42 31.17 31.75 32.19 32.48 32.65 32.70 32.64 32.49 32.25 31.95 31.58 31.17 30.72 30.25 29.77 29.28 28.81 28.36 27.89 27.12 25.91 24.66 23.52 22.51 21.62 20.84 20.16 19.58 19.08
31.03 32.20 33.38 34.57 35.78 37.02 38.30 39.62 40.98 42.41 43.90 45.46 47.10 48.82 50.64 52.55 54.58 56.71 58.97 61.35 63.76 65.87 67.45 68.57 69.45 70.15 70.46 70.07 68.98 67.26 64.99 62.25 59.12 55.68 52.00 48.17 44.26 40.35 36.52 32.85 29.42 26.31 23.59 21.35 19.66 18.60 18.30 18.90 20.43 22.23 23.53 24.38 24.96 25.40 25.72 25.95 26.08 26.13 26.11 26.03 25.90 25.75 25.57 25.38 25.19 25.01 24.85 24.74 24.67 24.65 24.71 24.80 24.66 24.05 23.01 21.92 20.95 20.09 19.34 18.70 18.15 17.70 17.33
27.99 28.85 29.72 30.65 31.64 32.69 33.82 35.03 36.33 37.73 39.22 40.83 42.55 44.40 46.38 48.49 50.75 53.16 55.73 58.37 60.74 62.65 64.05 64.98 65.70 66.26 66.66 66.69 66.06 64.75 62.85 60.44 57.60 54.39 50.91 47.24 43.44 39.60 35.80 32.11 28.62 25.40 22.53 20.10 18.18 16.89 16.37 16.71 17.94 19.40 20.40 20.93 21.09 21.06 20.97 20.83 20.67 20.47 20.28 20.08 19.89 19.74 19.62 19.55 19.54 19.60 19.74 19.98 20.33 20.80 21.35 21.72 21.70 21.22 20.34 19.42 18.60 17.89 17.28 16.77 16.36 16.03 15.77
25.29 25.89 26.50 27.17 27.95 28.82 29.81 30.93 32.16 33.53 35.05 36.71 38.52 40.50 42.65 44.97 47.48 50.17 52.97 55.55 57.72 59.42 60.64 61.41 61.97 62.38 62.66 62.78 62.56 61.71 60.22 58.18 55.66 52.74 49.50 46.01 42.36 38.63 34.89 31.23 27.71 24.43 21.45 18.87 16.80 15.38 14.69 14.80 15.73 16.88 17.60 17.87 17.78 17.39 16.89 16.40 15.94 15.52 15.14 14.83 14.59 14.44 14.39 14.44 14.62 14.92 15.37 15.98 16.75 17.65 18.44 18.90 18.98 18.64 17.90 17.13 16.47 15.91 15.44 15.06 14.76 14.55 14.41
22.89 23.28 23.68 24.13 24.69 25.40 26.26 27.28 28.47 29.82 31.36 33.08 35.00 37.12 39.44 41.98 44.74 47.64 50.37 52.73 54.68 56.20 57.24 57.85 58.26 58.53 58.68 58.69 58.58 58.14 57.10 55.46 53.31 50.70 47.74 44.49 41.03 37.44 33.81 30.20 26.70 23.39 20.35 17.70 15.57 14.06 13.23 13.13 13.80 14.67 15.12 15.16 14.86 14.26 13.47 12.64 11.89 11.23 10.69 10.27 9.99 9.85 9.86 10.05 10.41 10.97 11.73 12.71 13.86 14.96 15.80 16.33 16.50 16.28 15.69 15.07 14.55 14.12 13.79 13.53 13.36 13.26 13.22
