data_processed/recharge/precip/Precip_1989_02.asc
ncols        168
nrows        136
xllcorner    455000
yllcorner    2107000
cellsize     500
NODATA_value     -99999
[rows 37 to 73 of 136, columns 84 to 167 of 168]
0.00 0.00 0.00 0.00 0.00 0.00 0.05 0.46 0.90 1.36 1.84 2.33 2.82 3.31 3.79 4.24 4.56 4.75 4.81 4.77 4.63 4.43 4.16 3.85 3.51 3.19 2.90 2.67 2.50 2.40 2.37 2.41 2.47 2.55 2.62 2.69 2.75 2.78 2.78 2.74 2.65 2.55 2.47 2.42 2.39 2.37 2.36 2.37 2.37 2.38 2.38 2.37 2.35 2.31 2.25 2.19 2.11 2.03 1.94 1.86 1.79 1.74 1.71 1.70 1.72 1.78 1.86 1.95 2.03 2.11 2.18 2.24 2.29 2.34 2.38 2.41 2.44 2.46 2.48 2.50 2.52 2.54 2.56 2.58
0.00 0.00 0.00 0.00 0.00 0.00 0.07 0.45 0.86 1.30 1.75 2.22 2.69 3.16 3.62 4.06 4.37 4.55 4.62 4.58 4.46 4.27 4.03 3.75 3.45 3.15 2.88 2.66 2.52 2.45 2.45 2.48 2.54 2.61 2.67 2.74 2.78 2.81 2.80 2.75 2.66 2.56 2.48 2.42 2.38 2.36 2.35 2.34 2.35 2.35 2.35 2.34 2.31 2.27 2.22 2.15 2.06 1.97 1.89 1.80 1.73 1.67 1.62 1.61 1.62 1.67 1.74 1.82 1.90 1.97 2.04 2.10 2.15 2.20 2.24 2.28 2.31 2.34 2.37 2.39 2.42 2.45 2.47 2.49
0.00 0.00 0.00 0.00 0.00 0.00 0.08 0.43 0.82 1.23 1.66 2.10 2.55 3.00 3.45 3.87 4.17 4.35 4.41 4.39 4.28 4.11 3.90 3.65 3.39 3.13 2.89 2.69 2.57 2.53 2.53 2.56 2.60 2.66 2.72 2.77 2.81 2.83 2.82 2.77 2.67 2.56 2.48 2.42 2.37 2.35 2.33 2.32 2.32 2.32 2.31 2.30 2.28 2.23 2.18 2.10 2.01 1.92 1.83 1.74 1.66 1.59 1.54 1.51 1.52 1.55 1.62 1.69 1.76 1.83 1.89 1.95 2.00 2.06 2.10 2.15 2.19 2.22 2.26 2.29 2.32 2.35 2.38 2.40
0.00 0.00 0.00 0.00 0.00 0.00 0.10 0.42 0.77 1.16 1.56 1.98 2.41 2.84 3.27 3.68 3.97 4.14 4.21 4.20 4.10 3.96 3.77 3.55 3.33 3.11 2.92 2.76 2.67 2.62 2.61 2.62 2.66 2.71 2.76 2.81 2.84 2.85 2.84 2.78 2.68 2.57 2.48 2.42 2.37 2.34 2.32 2.31 2.30 2.29 2.28 2.27 2.24 2.20 2.13 2.06 1.97 1.87 1.77 1.67 1.58 1.51 1.45 1.42 1.41 1.44 1.50 1.56 1.62 1.68 1.74 1.80 1.86 1.91 1.96 2.01 2.06 2.10 2.14 2.18 2.22 2.26 2.29 2.31
0.00 0.00 0.00 0.00 0.00 0.00 0.11 0.41 0.73 1.09 1.47 1.86 2.27 2.69 3.10 3.49 3.78 3.95 4.02 4.01 3.93 3.80 3.64 3.46 3.27 3.10 2.96 2.85 2.76 2.71 2.69 2.69 2.72 2.76 2.81 2.85 2.87 2.88 2.86 2.80 2.69 2.58 2.49 2.42 2.37 2.34 2.32 2.30 2.29 2.28 2.26 2.24 2.21 2.16 2.10 2.01 1.92 1.82 1.71 1.61 1.52 1.43 1.37 1.33 1.31 1.33 1.37 1.43 1.48 1.54 1.59 1.65 1.71 1.76 1.82 1.87 1.93 1.98 2.03 2.08 2.12 2.16 2.19 2.22
0.00 0.00 0.00 0.00 0.00 0.00 0.14 0.40 0.70 1.03 1.39 1.76 2.15 2.54 2.94 3.31 3.59 3.76 3.83 3.83 3.77 3.66 3.53 3.38 3.23 3.10 3.00 2.92 2.85 2.79 2.76 2.76 2.78 2.81 2.85 2.89 2.91 2.91 2.88 2.82 2.72 2.60 2.51 2.44 2.38 2.35 2.32 2.30 2.29 2.27 2.26 2.23 2.19 2.14 2.07 1.98 1.88 1.77 1.66 1.55 1.45 1.36 1.29 1.24 1.21 1.22 1.25 1.30 1.34 1.39 1.45 1.50 1.56 1.61 1.67 1.73 1.80 1.86 1.92 1.97 2.02 2.06 2.10 2.13
0.00 0.00 0.00 0.00 0.00 0.00 0.18 0.41 0.68 0.99 1.32 1.67 2.04 2.41 2.79 3.15 3.42 3.58 3.66 3.67 3.62 3.53 3.42 3.31 3.20 3.11 3.03 2.97 2.92 2.87 2.85 2.84 2.85 2.87 2.90 2.93 2.95 2.95 2.92 2.85 2.75 2.63 2.53 2.46 2.41 2.37 2.34 2.32 2.30 2.28 2.26 2.23 2.18 2.12 2.04 1.95 1.85 1.74 1.62 1.50 1.39 1.30 1.21 1.15 1.12 1.11 1.14 1.17 1.21 1.25 1.30 1.35 1.41 1.47 1.53 1.60 1.67 1.73 1.80 1.86 1.91 1.96 2.00 2.04
0.00 0.00 0.00 0.00 0.00 0.08 0.24 0.44 0.68 0.96 1.27 1.60 1.94 2.30 2.67 3.01 3.27 3.43 3.51 3.53 3.49 3.43 3.34 3.26 3.19 3.12 3.06 3.02 2.98 2.95 2.93 2.92 2.92 2.94 2.97 2.99 3.00 3.00 2.96 2.90 2.79 2.67 2.57 2.50 2.44 2.40 2.37 2.35 2.33 2.31 2.28 2.23 2.18 2.11 2.03 1.93 1.82 1.71 1.58 1.46 1.34 1.24 1.15 1.08 1.03 1.01 1.03 1.05 1.08 1.12 1.16 1.21 1.27 1.33 1.40 1.47 1.54 1.61 1.68 1.74 1.80 1.85 1.90 1.94
0.00 0.00 0.00 0.00 0.05 0.17 0.31 0.49 0.71 0.96 1.24 1.55 1.88 2.22 2.56 2.89 3.14 3.30 3.38 3.41 3.39 3.34 3.29 3.23 3.18 3.14 3.10 3.07 3.04 3.02 3.01 3.00 3.00 3.02 3.04 3.06 3.06 3.06 3.02 2.95 2.84 2.72 2.63 2.55 2.49 2.45 2.42 2.40 2.37 2.34 2.30 2.25 2.18 2.11 2.02 1.92 1.81 1.69 1.56 1.43 1.30 1.19 1.09 1.01 0.95 0.92 0.93 0.94 0.96 1.00 1.03 1.08 1.14 1.20 1.27 1.34 1.41 1.48 1.55 1.62 1.69 1.75 1.80 1.85
0.01 0.00 0.02 0.07 0.15 0.27 0.40 0.57 0.76 0.99 1.24 1.53 1.84 2.16 2.49 2.80 3.04 3.20 3.29 3.32 3.32 3.29 3.26 3.23 3.20 3.18 3.15 3.13 3.12 3.11 3.10 3.10 3.10 3.11 3.12 3.14 3.14 3.13 3.09 3.02 2.91 2.79 2.70 2.62 2.56 2.52 2.49 2.46 2.43 2.39 2.33 2.27 2.19 2.11 2.01 1.91 1.80 1.68 1.55 1.41 1.28 1.15 1.04 0.95 0.88 0.85 0.84 0.84 0.86 0.88 0.91 0.96 1.01 1.07 1.14 1.21 1.28 1.36 1.43 1.50 1.57 1.64 1.69 1.75
0.14 0.12 0.14 0.19 0.27 0.37 0.51 0.66 0.84 1.05 1.28 1.54 1.83 2.13 2.45 2.75 2.98 3.13 3.22 3.27 3.28 3.27 3.27 3.26 3.25 3.24 3.23 3.22 3.22 3.21 3.21 3.21 3.21 3.22 3.22 3.24 3.24 3.22 3.19 3.11 3.00 2.89 2.79 2.71 2.66 2.61 2.58 2.54 2.50 2.44 2.37 2.30 2.21 2.12 2.02 1.91 1.79 1.67 1.54 1.40 1.26 1.13 1.01 0.91 0.83 0.78 0.76 0.75 0.76 0.78 0.81 0.85 0.90 0.96 1.02 1.09 1.16 1.24 1.31 1.38 1.46 1.52 1.59 1.64
0.27 0.26 0.28 0.32 0.40 0.50 0.63 0.78 0.95 1.14 1.36 1.60 1.86 2.15 2.45 2.73 2.96 3.11 3.20 3.25 3.28 3.30 3.32 3.33 3.34 3.34 3.35 3.35 3.35 3.35 3.35 3.35 3.35 3.35 3.35 3.35 3.35 3.34 3.30 3.23 3.12 3.00 2.90 2.83 2.77 2.73 2.68 2.63 2.57 2.50 2.42 2.33 2.24 2.14 2.03 1.91 1.79 1.67 1.54 1.40 1.26 1.13 1.00 0.88 0.79 0.73 0.70 0.68 0.68 0.69 0.71 0.75 0.79 0.85 0.91 0.98 1.05 1.12 1.19 1.27 1.34 1.41 1.48 1.54
0.41 0.40 0.42 0.47 0.55 0.65 0.77 0.91 1.08 1.27 1.47 1.69 1.94 2.21 2.49 2.76 2.98 3.12 3.22 3.28 3.34 3.38 3.42 3.45 3.48 3.50 3.51 3.52 3.53 3.53 3.53 3.53 3.52 3.52 3.51 3.50 3.49 3.47 3.43 3.36 3.25 3.14 3.04 2.97 2.91 2.86 2.79 2.72 2.65 2.56 2.47 2.37 2.27 2.16 2.04 1.92 1.80 1.67 1.54 1.41 1.27 1.13 1.00 0.87 0.77 0.70 0.65 0.62 0.61 0.61 0.63 0.66 0.70 0.75 0.81 0.87 0.94 1.01 1.08 1.15 1.23 1.30 1.37 1.43
0.57 0.57 0.59 0.64 0.72 0.82 0.94 1.08 1.24 1.42 1.62 1.84 2.07 2.31 2.58 2.84 3.05 3.19 3.29 3.38 3.46 3.53 3.58 3.63 3.67 3.70 3.73 3.75 3.76 3.76 3.76 3.75 3.74 3.73 3.71 3.69 3.66 3.64 3.60 3.53 3.42 3.30 3.21 3.14 3.07 2.99 2.91 2.82 2.73 2.63 2.53 2.42 2.30 2.18 2.06 1.94 1.81 1.68 1.55 1.42 1.28 1.15 1.01 0.88 0.77 0.68 0.62 0.58 0.56 0.56 0.57 0.59 0.62 0.66 0.71 0.77 0.83 0.90 0.97 1.04 1.12 1.19 1.26 1.33
0.75 0.75 0.78 0.84 0.92 1.02 1.14 1.28 1.44 1.62 1.81 2.02 2.24 2.47 2.72 2.97 3.17 3.32 3.44 3.56 3.66 3.75 3.82 3.89 3.94 3.98 4.01 4.04 4.05 4.06 4.05 4.04 4.02 4.00 3.97 3.93 3.89 3.84 3.79 3.72 3.61 3.50 3.41 3.32 3.23 3.14 3.04 2.93 2.82 2.70 2.59 2.47 2.34 2.22 2.09 1.96 1.83 1.69 1.56 1.43 1.30 1.17 1.04 0.91 0.79 0.69 0.62 0.57 0.53 0.52 0.52 0.53 0.55 0.59 0.63 0.68 0.74 0.80 0.87 0.94 1.01 1.08 1.15 1.22
0.95 0.97 1.00 1.07 1.15 1.26 1.38 1.52 1.68 1.86 2.05 2.25 2.47 2.69 2.93 3.16 3.36 3.53 3.68 3.82 3.94 4.05 4.14 4.22 4.29 4.34 4.38 4.40 4.42 4.42 4.41 4.40 4.37 4.33 4.29 4.23 4.17 4.10 4.03 3.94 3.84 3.73 3.62 3.51 3.40 3.28 3.16 3.04 2.91 2.78 2.65 2.52 2.39 2.25 2.11 1.98 1.84 1.71 1.58 1.45 1.32 1.19 1.07 0.95 0.83 0.72 0.63 0.57 0.53 0.50 0.48 0.49 0.50 0.52 0.56 0.60 0.66 0.71 0.78 0.84 0.91 0.98 1.05 1.12
1.18 1.21 1.26 1.33 1.42 1.53 1.66 1.80 1.96 2.14 2.33 2.53 2.74 2.96 3.19 3.42 3.64 3.84 4.02 4.18 4.32 4.44 4.55 4.64 4.72 4.78 4.82 4.85 4.86 4.87 4.85 4.83 4.79 4.74 4.68 4.61 4.52 4.43 4.33 4.22 4.10 3.97 3.84 3.71 3.57 3.44 3.30 3.15 3.01 2.87 2.72 2.58 2.43 2.29 2.15 2.01 1.87 1.73 1.60 1.47 1.34 1.22 1.10 0.98 0.87 0.77 0.68 0.60 0.54 0.50 0.47 0.46 0.46 0.48 0.50 0.54 0.58 0.64 0.69 0.75 0.82 0.89 0.95 1.02
1.41 1.45 1.51 1.59 1.69 1.81 1.94 2.09 2.26 2.43 2.62 2.82 3.03 3.25 3.47 3.72 3.96 4.19 4.39 4.58 4.74 4.89 5.01 5.11 5.20 5.27 5.32 5.35 5.36 5.36 5.35 5.31 5.27 5.20 5.13 5.04 4.94 4.82 4.69 4.55 4.38 4.21 4.05 3.90 3.74 3.58 3.42 3.26 3.11 2.95 2.79 2.64 2.48 2.33 2.18 2.04 1.90 1.76 1.63 1.50 1.37 1.25 1.14 1.04 0.94 0.84 0.73 0.64 0.56 0.51 0.47 0.45 0.44 0.44 0.46 0.49 0.52 0.57 0.62 0.67 0.73 0.80 0.86 0.92
1.61 1.66 1.73 1.82 1.93 2.06 2.20 2.36 2.53 2.71 2.90 3.11 3.31 3.53 3.77 4.02 4.28 4.53 4.76 4.98 5.16 5.33 5.47 5.59 5.69 5.77 5.82 5.86 5.88 5.88 5.86 5.82 5.77 5.70 5.61 5.50 5.38 5.25 5.10 4.91 4.68 4.45 4.25 4.07 3.89 3.72 3.54 3.37 3.20 3.03 2.86 2.70 2.54 2.38 2.23 2.08 1.94 1.80 1.67 1.55 1.43 1.32 1.21 1.12 1.02 0.92 0.80 0.69 0.60 0.53 0.48 0.44 0.42 0.42 0.42 0.44 0.47 0.51 0.55 0.60 0.66 0.71 0.77 0.84
1.77 1.84 1.93 2.04 2.16 2.30 2.45 2.61 2.79 2.98 3.17 3.38 3.59 3.82 4.07 4.33 4.60 4.86 5.12 5.36 5.57 5.76 5.92 6.06 6.18 6.27 6.34 6.38 6.41 6.41 6.39 6.35 6.29 6.21 6.11 6.00 5.86 5.71 5.51 5.27 4.99 4.70 4.45 4.23 4.03 3.84 3.65 3.47 3.29 3.11 2.93 2.76 2.60 2.44 2.29 2.14 2.00 1.86 1.74 1.62 1.51 1.41 1.31 1.22 1.12 1.00 0.87 0.75 0.65 0.57 0.50 0.45 0.42 0.40 0.40 0.41 0.42 0.45 0.49 0.53 0.58 0.64 0.69 0.75
1.91 2.00 2.10 2.23 2.36 2.52 2.68 2.85 3.04 3.24 3.44 3.65 3.87 4.11 4.37 4.64 4.92 5.19 5.46 5.73 5.97 6.18 6.37 6.53 6.66 6.77 6.85 6.91 6.94 6.95 6.93 6.89 6.83 6.75 6.64 6.51 6.36 6.17 5.93 5.64 5.31 4.97 4.67 4.40 4.17 3.96 3.76 3.56 3.37 3.19 3.01 2.84 2.67 2.51 2.36 2.21 2.07 1.95 1.83 1.72 1.62 1.52 1.44 1.34 1.22 1.09 0.95 0.82 0.71 0.61 0.53 0.47 0.43 0.40 0.38 0.38 0.39 0.41 0.44 0.47 0.52 0.57 0.62 0.68
2.03 2.14 2.26 2.40 2.55 2.72 2.90 3.08 3.28 3.49 3.70 3.92 4.16 4.41 4.67 4.96 5.24 5.52 5.80 6.07 6.34 6.58 6.79 6.98 7.13 7.26 7.36 7.42 7.47 7.48 7.47 7.44 7.38 7.29 7.18 7.04 6.86 6.62 6.33 6.00 5.63 5.25 4.90 4.59 4.31 4.07 3.86 3.66 3.46 3.27 3.09 2.91 2.75 2.59 2.44 2.30 2.17 2.05 1.94 1.84 1.75 1.66 1.57 1.46 1.33 1.19 1.04 0.90 0.77 0.67 0.58 0.50 0.44 0.40 0.37 0.36 0.36 0.37 0.39 0.42 0.46 0.50 0.55 0.60
2.13 2.26 2.40 2.56 2.73 2.91 3.11 3.31 3.52 3.73 3.96 4.19 4.44 4.70 4.98 5.27 5.56 5.85 6.13 6.41 6.69 6.96 7.20 7.41 7.58 7.73 7.85 7.93 7.99 8.01 8.01 7.98 7.92 7.84 7.72 7.56 7.34 7.06 6.73 6.36 5.95 5.54 5.15 4.80 4.48 4.20 3.97 3.75 3.55 3.36 3.18 3.00 2.84 2.68 2.54 2.40 2.28 2.17 2.07 1.99 1.90 1.81 1.71 1.58 1.45 1.29 1.13 0.98 0.84 0.73 0.63 0.54 0.47 0.41 0.37 0.35 0.34 0.34 0.36 0.38 0.41 0.45 0.49 0.54
2.21 2.36 2.53 2.71 2.90 3.10 3.31 3.53 3.75 3.98 4.22 4.47 4.73 5.00 5.28 5.58 5.87 6.17 6.46 6.75 7.03 7.30 7.57 7.81 8.01 8.18 8.32 8.42 8.49 8.53 8.54 8.52 8.47 8.38 8.24 8.04 7.78 7.47 7.11 6.71 6.27 5.83 5.41 5.03 4.68 4.36 4.09 3.85 3.65 3.46 3.27 3.10 2.94 2.79 2.66 2.53 2.42 2.32 2.24 2.16 2.07 1.97 1.85 1.71 1.56 1.40 1.22 1.06 0.91 0.79 0.68 0.58 0.50 0.44 0.39 0.35 0.33 0.32 0.33 0.34 0.36 0.40 0.43 0.48
2.27 2.45 2.64 2.85 3.06 3.28 3.51 3.74 3.98 4.23 4.48 4.74 5.01 5.29 5.58 5.88 6.19 6.49 6.78 7.07 7.36 7.64 7.91 8.17 8.41 8.60 8.76 8.89 8.98 9.03 9.05 9.04 8.99 8.89 8.72 8.49 8.20 7.86 7.47 7.05 6.59 6.12 5.68 5.27 4.89 4.55 4.24 3.98 3.75 3.56 3.38 3.22 3.06 2.92 2.79 2.68 2.58 2.50 2.42 2.33 2.23 2.12 1.99 1.84 1.68 1.50 1.32 1.15 0.99 0.86 0.74 0.63 0.54 0.47 0.41 0.36 0.33 0.31 0.30 0.31 0.33 0.35 0.39 0.42
2.33 2.54 2.75 2.98 3.22 3.46 3.71 3.96 4.22 4.47 4.74 5.01 5.29 5.58 5.87 6.18 6.49 6.79 7.10 7.39 7.68 7.96 8.24 8.51 8.76 8.99 9.18 9.32 9.43 9.51 9.54 9.54 9.48 9.35 9.16 8.90 8.58 8.22 7.81 7.37 6.89 6.41 5.96 5.53 5.13 4.76 4.43 4.14 3.88 3.68 3.50 3.34 3.20 3.07 2.95 2.85 2.77 2.69 2.61 2.51 2.40 2.27 2.13 1.98 1.80 1.62 1.42 1.24 1.07 0.93 0.80 0.69 0.59 0.51 0.44 0.38 0.33 0.31 0.29 0.29 0.30 0.32 0.34 0.37
2.38 2.61 2.86 3.11 3.38 3.64 3.91 4.18 4.44 4.71 4.99 5.27 5.56 5.85 6.16 6.47 6.78 7.09 7.40 7.70 7.99 8.28 8.56 8.83 9.09 9.33 9.55 9.72 9.86 9.95 10.00 10.00 9.91 9.76 9.54 9.26 8.93 8.55 8.13 7.68 7.19 6.70 6.23 5.79 5.37 4.99 4.64 4.33 4.06 3.83 3.64 3.49 3.36 3.24 3.14 3.05 2.98 2.90 2.80 2.69 2.57 2.43 2.28 2.11 1.93 1.73 1.52 1.33 1.15 1.00 0.86 0.74 0.64 0.55 0.47 0.40 0.35 0.31 0.29 0.27 0.28 0.29 0.30 0.32
2.42 2.69 2.97 3.25 3.53 3.82 4.10 4.38 4.67 4.95 5.24 5.53 5.82 6.12 6.43 6.75 7.07 7.38 7.69 7.99 8.28 8.57 8.85 9.13 9.39 9.64 9.88 10.08 10.24 10.36 10.41 10.38 10.28 10.11 9.87 9.58 9.24 8.85 8.42 7.96 7.47 6.98 6.51 6.06 5.64 5.24 4.88 4.55 4.26 4.02 3.81 3.66 3.53 3.43 3.35 3.27 3.19 3.10 2.99 2.87 2.74 2.59 2.42 2.25 2.05 1.84 1.62 1.42 1.24 1.07 0.93 0.80 0.69 0.59 0.51 0.43 0.37 0.32 0.29 0.27 0.26 0.26 0.26 0.27
2.47 2.77 3.07 3.38 3.69 3.99 4.29 4.59 4.88 5.18 5.47 5.77 6.07 6.38 6.70 7.02 7.34 7.65 7.96 8.27 8.56 8.85 9.13 9.41 9.67 9.92 10.17 10.39 10.57 10.69 10.73 10.69 10.57 10.39 10.15 9.85 9.50 9.11 8.69 8.23 7.74 7.25 6.78 6.33 5.91 5.51 5.14 4.80 4.51 4.25 4.03 3.86 3.74 3.65 3.58 3.50 3.40 3.30 3.18 3.05 2.90 2.74 2.57 2.38 2.18 1.96 1.73 1.51 1.32 1.15 1.00 0.86 0.74 0.63 0.54 0.47 0.40 0.34 0.30 0.27 0.25 0.23 0.23 0.23
2.53 2.85 3.19 3.52 3.84 4.16 4.47 4.78 5.09 5.39 5.70 6.01 6.31 6.63 6.95 7.27 7.59 7.91 8.22 8.52 8.82 9.11 9.40 9.67 9.93 10.18 10.42 10.65 10.83 10.94 10.97 10.92 10.79 10.61 10.36 10.07 9.72 9.34 8.91 8.46 7.99 7.51 7.05 6.60 6.18 5.78 5.42 5.08 4.78 4.52 4.29 4.12 3.98 3.89 3.81 3.72 3.61 3.50 3.37 3.22 3.07 2.90 2.71 2.51 2.30 2.07 1.83 1.61 1.41 1.23 1.06 0.92 0.79 0.68 0.58 0.50 0.43 0.37 0.32 0.27 0.24 0.21 0.19 0.18
2.60 2.94 3.29 3.64 3.98 4.31 4.64 4.96 5.28 5.60 5.91 6.23 6.54 6.86 7.18 7.51 7.83 8.15 8.46 8.76 9.06 9.35 9.64 9.91 10.17 10.42 10.66 10.86 11.00 11.09 11.12 11.06 10.94 10.76 10.52 10.23 9.89 9.52 9.11 8.67 8.21 7.75 7.30 6.87 6.46 6.07 5.71 5.38 5.08 4.82 4.60 4.42 4.27 4.15 4.04 3.93 3.82 3.69 3.55 3.40 3.23 3.05 2.86 2.65 2.42 2.18 1.93 1.70 1.49 1.30 1.13 0.98 0.84 0.73 0.62 0.53 0.46 0.39 0.33 0.28 0.23 0.19 0.16 0.14
2.67 3.03 3.40 3.76 4.11 4.46 4.80 5.13 5.46 5.79 6.11 6.43 6.75 7.07 7.40 7.72 8.05 8.36 8.68 8.98 9.28 9.57 9.85 10.12 10.38 10.63 10.84 10.99 11.10 11.16 11.18 11.13 11.01 10.84 10.61 10.33 10.01 9.65 9.26 8.84 8.41 7.97 7.54 7.13 6.74 6.36 6.02 5.70 5.41 5.16 4.94 4.75 4.58 4.42 4.28 4.15 4.02 3.88 3.73 3.57 3.39 3.20 3.00 2.78 2.54 2.29 2.03 1.79 1.57 1.37 1.20 1.04 0.90 0.77 0.66 0.57 0.49 0.41 0.35 0.28 0.23 0.18 0.13 0.10
2.75 3.12 3.49 3.86 4.23 4.59 4.94 5.29 5.63 5.96 6.29 6.62 6.94 7.27 7.59 7.92 8.24 8.56 8.87 9.18 9.47 9.76 10.04 10.31 10.56 10.78 10.95 11.06 11.13 11.16 11.15 11.10 11.00 10.84 10.63 10.37 10.07 9.74 9.37 8.98 8.57 8.17 7.77 7.38 7.01 6.66 6.33 6.03 5.76 5.52 5.31 5.11 4.91 4.72 4.54 4.37 4.22 4.07 3.91 3.73 3.55 3.35 3.13 2.90 2.66 2.40 2.13 1.88 1.65 1.45 1.26 1.10 0.95 0.82 0.70 0.60 0.51 0.43 0.35 0.28 0.22 0.16 0.11 0.07
2.81 3.19 3.57 3.95 4.33 4.71 5.07 5.43 5.78 6.12 6.45 6.78 7.11 7.44 7.77 8.09 8.42 8.73 9.04 9.35 9.64 9.93 10.20 10.47 10.69 10.87 10.99 11.07 11.10 11.10 11.06 11.00 10.91 10.77 10.58 10.35 10.08 9.77 9.44 9.08 8.71 8.34 7.97 7.62 7.28 6.96 6.66 6.38 6.13 5.90 5.68 5.46 5.24 5.02 4.81 4.61 4.43 4.25 4.08 3.89 3.70 3.49 3.26 3.02 2.77 2.50 2.22 1.97 1.73 1.52 1.32 1.15 1.00 0.86 0.74 0.63 0.53 0.44 0.35 0.28 0.21 0.14 0.09 0.04
2.86 3.24 3.63 4.02 4.41 4.80 5.18 5.55 5.91 6.25 6.59 6.93 7.26 7.59 7.92 8.24 8.57 8.88 9.19 9.49 9.78 10.07 10.33 10.57 10.75 10.88 10.96 11.00 11.01 10.98 10.92 10.84 10.74 10.62 10.46 10.26 10.02 9.75 9.46 9.14 8.81 8.48 8.15 7.84 7.54 7.25 6.98 6.74 6.51 6.28 6.04 5.81 5.57 5.33 5.10 4.87 4.65 4.44 4.25 4.05 3.84 3.62 3.39 3.14 2.88 2.60 2.31 2.05 1.80 1.58 1.38 1.20 1.04 0.90 0.77 0.65 0.54 0.44 0.35 0.26 0.19 0.12 0.06 0.01
2.89 3.28 3.67 4.07 4.47 4.87 5.26 5.64 6.01 6.37 6.71 7.05 7.39 7.72 8.04 8.37 8.69 9.00 9.31 9.60 9.89 10.17 10.41 10.59 10.73 10.82 10.86 10.87 10.85 10.80 10.72 10.63 10.51 10.39 10.26 10.10 9.90 9.67 9.42 9.15 8.87 8.59 8.31 8.04 7.78 7.54 7.31 7.09 6.87 6.63 6.39 6.14 5.89 5.64 5.38 5.13 4.89 4.65 4.42 4.20 3.98 3.75 3.51 3.25 2.98 2.69 2.40 2.12 1.87 1.64 1.44 1.25 1.08 0.93 0.79 0.66 0.54 0.43 0.34 0.25 0.17 0.10 0.03 0.00
2.90 3.29 3.69 4.10 4.51 4.91 5.32 5.71 6.09 6.46 6.81 7.15 7.49 7.82 8.14 8.46 8.78 9.09 9.39 9.69 9.97 10.21 10.40 10.54 10.64 10.69 10.70 10.68 10.63 10.56 10.47 10.36 10.24 10.12 9.99 9.86 9.71 9.53 9.33 9.12 8.89 8.66 8.44 8.22 8.01 7.81 7.62 7.42 7.20 6.97 6.72 6.47 6.20 5.94 5.67 5.40 5.13 4.87 4.61 4.36 4.12 3.88 3.63 3.36 3.08 2.78 2.48 2.19 1.94 1.70 1.49 1.29 1.12 0.95 0.80 0.66 0.54 0.42 0.32 0.22 0.14 0.06 0.00 0.00
