data_processed/recharge/precip/Precip_1984_10.asc
ncols        168
nrows        136
xllcorner    455000
yllcorner    2107000
cellsize     500
NODATA_value     -99999
[rows 68 to 101 of 136, columns 0 to 75 of 168]
84.45 84.31 84.05 83.67 83.20 82.65 82.06 81.45 80.82 80.21 79.64 79.13 78.68 78.28 77.91 77.59 77.36 77.22 77.18 77.19 77.22 77.30 77.44 77.66 77.98 78.40 78.95 79.63 80.45 81.42 82.56 83.87 85.38 87.08 88.99 91.11 93.36 95.67 98.04 100.47 102.96 105.52 108.12 110.74 113.36 115.95 118.50 120.92 123.04 124.78 126.15 127.15 127.79 128.06 127.98 127.54 126.75 125.61 124.10 121.94 118.93 115.10 110.54 105.35 99.64 93.91 88.47 83.34 78.55 74.10 69.95 65.94 61.97 58.07 54.26 50.58
83.75 83.71 83.60 83.37 83.03 82.61 82.13 81.61 81.07 80.53 80.02 79.54 79.07 78.60 78.15 77.75 77.42 77.19 77.04 76.95 76.91 76.93 77.02 77.22 77.52 77.96 78.54 79.28 80.18 81.27 82.54 84.02 85.71 87.63 89.76 92.03 94.37 96.78 99.26 101.81 104.42 107.11 109.84 112.57 115.30 117.99 120.62 123.17 125.56 127.62 129.27 130.52 131.36 131.81 131.86 131.52 130.80 129.65 127.83 125.09 121.50 117.13 112.07 106.41 100.28 94.15 88.34 82.87 77.75 72.99 68.62 64.59 60.73 56.98 53.34 49.86
82.98 83.02 83.02 82.94 82.75 82.47 82.11 81.70 81.26 80.81 80.36 79.88 79.38 78.86 78.36 77.90 77.50 77.18 76.95 76.79 76.69 76.66 76.74 76.92 77.24 77.70 78.33 79.14 80.14 81.35 82.77 84.42 86.31 88.43 90.70 93.04 95.46 97.96 100.53 103.18 105.90 108.71 111.55 114.39 117.21 119.98 122.68 125.29 127.79 130.10 132.04 133.54 134.61 135.24 135.44 135.21 134.53 133.12 130.76 127.48 123.38 118.55 113.07 107.03 100.56 94.11 88.01 82.26 76.89 71.91 67.33 63.17 59.39 55.84 52.43 49.20
82.15 82.27 82.35 82.38 82.35 82.22 82.00 81.72 81.39 81.03 80.61 80.13 79.61 79.07 78.54 78.03 77.58 77.20 76.91 76.70 76.56 76.52 76.59 76.79 77.14 77.65 78.34 79.24 80.35 81.68 83.26 85.09 87.17 89.41 91.72 94.12 96.61 99.17 101.82 104.56 107.39 110.30 113.24 116.17 119.07 121.91 124.67 127.33 129.87 132.26 134.43 136.20 137.49 138.32 138.68 138.54 137.64 135.73 132.86 129.12 124.60 119.39 113.56 107.22 100.48 93.80 87.49 81.55 76.01 70.89 66.18 61.92 58.10 54.71 51.59 48.68
81.28 81.46 81.62 81.74 81.83 81.86 81.79 81.65 81.44 81.14 80.74 80.28 79.76 79.22 78.68 78.15 77.67 77.26 76.93 76.68 76.53 76.49 76.58 76.82 77.22 77.80 78.58 79.57 80.80 82.28 84.03 86.03 88.20 90.47 92.82 95.26 97.80 100.42 103.14 105.96 108.87 111.87 114.90 117.91 120.87 123.77 126.57 129.27 131.83 134.24 136.46 138.44 139.97 141.01 141.51 141.19 139.82 137.45 134.16 130.04 125.18 119.66 113.57 107.01 100.08 93.25 86.80 80.75 75.12 69.93 65.18 60.89 57.08 53.75 50.89 48.34
80.35 80.61 80.84 81.05 81.23 81.38 81.47 81.47 81.35 81.11 80.76 80.33 79.84 79.32 78.79 78.27 77.78 77.35 76.99 76.74 76.59 76.58 76.71 77.01 77.48 78.15 79.04 80.16 81.53 83.16 85.06 87.15 89.33 91.60 93.97 96.44 99.01 101.69 104.46 107.34 110.33 113.41 116.52 119.59 122.60 125.54 128.38 131.09 133.67 136.07 138.29 140.30 142.02 143.23 143.59 142.86 141.07 138.32 134.68 130.26 125.13 119.39 113.12 106.41 99.38 92.47 85.96 79.89 74.25 69.07 64.35 60.12 56.39 53.16 50.46 48.26
79.39 79.71 80.01 80.30 80.58 80.83 81.04 81.15 81.11 80.94 80.66 80.29 79.85 79.37 78.87 78.37 77.90 77.47 77.12 76.87 76.76 76.79 76.98 77.36 77.93 78.71 79.73 80.99 82.52 84.31 86.28 88.35 90.52 92.79 95.17 97.65 100.25 102.95 105.77 108.70 111.75 114.90 118.07 121.19 124.24 127.21 130.07 132.79 135.36 137.76 139.95 141.93 143.62 144.67 144.65 143.53 141.40 138.34 134.44 129.80 124.49 118.60 112.22 105.45 98.39 91.49 85.01 78.98 73.41 68.32 63.72 59.62 56.05 53.00 50.50 48.55
78.39 78.77 79.15 79.52 79.88 80.21 80.48 80.66 80.72 80.64 80.45 80.16 79.79 79.37 78.92 78.47 78.03 77.63 77.30 77.09 77.02 77.12 77.40 77.87 78.56 79.48 80.64 82.07 83.77 85.62 87.57 89.61 91.76 94.02 96.39 98.88 101.48 104.21 107.06 110.02 113.12 116.32 119.54 122.70 125.78 128.77 131.63 134.35 136.91 139.27 141.43 143.32 144.63 145.08 144.65 143.22 140.83 137.54 133.46 128.67 123.26 117.31 110.91 104.14 97.14 90.32 83.94 78.04 72.62 67.70 63.30 59.42 56.08 53.29 51.06 49.21
77.37 77.80 78.25 78.69 79.12 79.51 79.81 80.04 80.18 80.21 80.13 79.93 79.66 79.32 78.95 78.56 78.18 77.83 77.54 77.38 77.39 77.57 77.95 78.55 79.38 80.45 81.79 83.39 85.15 86.99 88.91 90.92 93.04 95.27 97.62 100.10 102.71 105.44 108.30 111.30 114.42 117.67 120.92 124.11 127.21 130.19 133.05 135.75 138.28 140.61 142.68 144.17 144.82 144.64 143.68 141.96 139.38 135.95 131.76 126.91 121.47 115.53 109.19 102.52 95.65 88.99 82.80 77.10 71.91 67.24 63.11 59.52 56.50 54.04 51.96 50.02
76.32 76.81 77.32 77.82 78.29 78.70 79.05 79.32 79.52 79.65 79.69 79.62 79.46 79.23 78.95 78.65 78.34 78.06 77.84 77.76 77.86 78.15 78.66 79.40 80.38 81.63 83.14 84.81 86.55 88.37 90.27 92.25 94.34 96.53 98.85 101.31 103.90 106.63 109.49 112.50 115.65 118.92 122.20 125.40 128.50 131.48 134.31 136.98 139.47 141.71 143.38 144.21 144.20 143.43 141.96 139.83 137.07 133.58 129.37 124.53 119.14 113.30 107.08 100.59 93.93 87.51 81.59 76.17 71.29 66.96 63.18 59.97 57.32 55.07 52.94 50.90
75.25 75.79 76.35 76.89 77.38 77.81 78.20 78.53 78.80 79.01 79.16 79.22 79.19 79.09 78.93 78.73 78.53 78.34 78.20 78.22 78.43 78.86 79.51 80.41 81.58 83.01 84.58 86.23 87.95 89.73 91.61 93.57 95.63 97.79 100.07 102.49 105.05 107.76 110.62 113.62 116.78 120.07 123.35 126.55 129.64 132.60 135.40 138.03 140.42 142.26 143.25 143.41 142.81 141.51 139.57 137.05 134.01 130.45 126.29 121.54 116.29 110.62 104.62 98.38 92.02 85.92 80.33 75.29 70.80 66.87 63.52 60.74 58.36 56.09 53.90 51.79
74.17 74.75 75.33 75.87 76.38 76.85 77.28 77.67 78.02 78.31 78.55 78.74 78.87 78.91 78.88 78.82 78.74 78.66 78.63 78.76 79.11 79.69 80.51 81.60 82.95 84.44 86.00 87.62 89.30 91.06 92.90 94.84 96.87 99.00 101.25 103.63 106.15 108.83 111.66 114.65 117.80 121.09 124.38 127.56 130.63 133.55 136.31 138.84 140.82 141.97 142.29 141.84 140.70 138.92 136.57 133.70 130.38 126.66 122.56 117.99 112.95 107.53 101.82 95.91 89.92 84.22 79.06 74.46 70.43 67.00 64.14 61.67 59.32 57.02 54.80 52.65
73.07 73.67 74.24 74.80 75.33 75.84 76.32 76.77 77.19 77.57 77.91 78.22 78.48 78.68 78.82 78.91 78.96 79.02 79.12 79.39 79.90 80.65 81.67 82.94 84.35 85.82 87.35 88.93 90.59 92.32 94.13 96.03 98.03 100.14 102.36 104.70 107.17 109.81 112.61 115.57 118.71 121.98 125.25 128.41 131.44 134.31 136.97 139.09 140.37 140.83 140.53 139.54 137.91 135.71 133.00 129.84 126.29 122.41 118.27 113.87 109.12 104.04 98.71 93.21 87.67 82.45 77.79 73.71 70.23 67.34 64.84 62.45 60.10 57.81 55.59 53.42
71.94 72.52 73.10 73.67 74.23 74.78 75.32 75.83 76.33 76.80 77.25 77.68 78.07 78.42 78.74 79.00 79.22 79.43 79.68 80.11 80.80 81.74 82.95 84.29 85.68 87.12 88.61 90.16 91.78 93.47 95.25 97.13 99.10 101.17 103.36 105.67 108.11 110.69 113.44 116.37 119.47 122.73 125.96 129.08 132.06 134.83 137.07 138.48 139.07 138.90 138.04 136.55 134.49 131.92 128.90 125.50 121.78 117.80 113.62 109.30 104.85 100.17 95.29 90.28 85.27 80.61 76.54 73.06 70.19 67.71 65.32 62.97 60.67 58.42 56.22 54.08
70.76 71.34 71.92 72.52 73.11 73.70 74.29 74.88 75.46 76.03 76.59 77.13 77.66 78.16 78.64 79.09 79.50 79.88 80.30 80.92 81.81 82.94 84.22 85.53 86.89 88.29 89.74 91.26 92.84 94.51 96.25 98.09 100.03 102.07 104.23 106.51 108.91 111.45 114.15 117.02 120.08 123.30 126.50 129.56 132.44 134.78 136.30 137.00 136.96 136.22 134.85 132.92 130.48 127.59 124.33 120.75 116.91 112.87 108.70 104.46 100.21 95.95 91.60 87.16 82.76 78.74 75.32 72.52 70.10 67.76 65.46 63.20 60.97 58.78 56.65 54.56
69.56 70.13 70.73 71.34 71.97 72.61 73.26 73.93 74.59 75.26 75.93 76.60 77.26 77.92 78.56 79.19 79.80 80.39 81.00 81.82 82.90 84.11 85.36 86.63 87.95 89.31 90.73 92.21 93.76 95.39 97.10 98.90 100.80 102.81 104.93 107.18 109.55 112.06 114.71 117.53 120.53 123.70 126.84 129.80 132.24 133.86 134.66 134.72 134.08 132.83 131.01 128.68 125.92 122.78 119.33 115.61 111.71 107.68 103.57 99.46 95.41 91.47 87.65 83.87 80.15 76.85 74.15 71.85 69.62 67.42 65.23 63.08 60.96 58.87 56.82 54.82
68.33 68.91 69.52 70.16 70.83 71.53 72.24 72.98 73.74 74.51 75.30 76.09 76.90 77.71 78.52 79.33 80.14 80.94 81.77 82.79 83.94 85.12 86.32 87.56 88.84 90.16 91.54 92.98 94.49 96.08 97.75 99.52 101.39 103.36 105.44 107.65 109.99 112.47 115.09 117.86 120.80 123.91 126.94 129.46 131.16 132.05 132.19 131.66 130.50 128.77 126.56 123.90 120.87 117.53 113.93 110.15 106.23 102.26 98.28 94.35 90.55 86.93 83.55 80.41 77.47 74.94 72.80 70.73 68.66 66.61 64.58 62.57 60.59 58.63 56.71 54.82
67.11 67.70 68.32 69.00 69.71 70.46 71.25 72.07 72.92 73.80 74.70 75.63 76.58 77.55 78.53 79.53 80.54 81.55 82.58 83.68 84.80 85.93 87.09 88.29 89.52 90.81 92.14 93.54 95.02 96.57 98.20 99.93 101.75 103.69 105.74 107.91 110.21 112.65 115.23 117.97 120.86 123.86 126.45 128.22 129.19 129.41 128.95 127.87 126.24 124.11 121.55 118.61 115.37 111.87 108.19 104.39 100.52 96.66 92.85 89.17 85.67 82.42 79.48 76.91 74.71 72.78 70.91 69.04 67.18 65.31 63.46 61.63 59.81 58.01 56.25 54.51
65.86 66.46 67.11 67.82 68.59 69.40 70.27 71.18 72.13 73.12 74.16 75.23 76.33 77.46 78.62 79.81 81.02 82.23 83.32 84.38 85.45 86.54 87.65 88.80 89.99 91.23 92.52 93.88 95.30 96.81 98.40 100.08 101.87 103.76 105.77 107.90 110.16 112.56 115.10 117.80 120.64 123.43 125.35 126.37 126.64 126.24 125.22 123.65 121.59 119.09 116.23 113.06 109.65 106.05 102.33 98.55 94.78 91.06 87.48 84.08 80.93 78.10 75.63 73.59 71.86 70.22 68.58 66.93 65.28 63.63 61.98 60.34 58.71 57.10 55.51 53.94
64.49 65.12 65.82 66.58 67.41 68.31 69.27 70.29 71.36 72.48 73.66 74.89 76.16 77.48 78.83 80.23 81.63 82.89 83.93 84.92 85.94 86.97 88.03 89.12 90.25 91.44 92.68 93.98 95.35 96.80 98.34 99.97 101.71 103.55 105.50 107.58 109.79 112.14 114.63 117.27 119.98 122.56 124.13 124.53 124.14 123.13 121.58 119.53 117.06 114.22 111.08 107.70 104.14 100.45 96.72 92.99 89.32 85.79 82.45 79.35 76.58 74.18 72.21 70.56 69.05 67.59 66.16 64.74 63.31 61.86 60.42 58.98 57.54 56.11 54.69 53.29
63.03 63.70 64.46 65.30 66.21 67.21 68.28 69.42 70.63 71.90 73.24 74.65 76.10 77.62 79.19 80.78 82.24 83.45 84.42 85.35 86.29 87.25 88.24 89.27 90.34 91.46 92.63 93.87 95.18 96.57 98.04 99.61 101.28 103.06 104.95 106.97 109.12 111.41 113.83 116.33 118.83 121.19 122.59 122.70 121.76 120.17 118.10 115.60 112.74 109.58 106.18 102.60 98.91 95.16 91.43 87.76 84.23 80.89 77.81 75.04 72.66 70.70 69.09 67.64 66.28 64.99 63.74 62.52 61.30 60.07 58.82 57.58 56.32 55.08 53.83 52.60
61.49 62.23 63.06 63.99 65.01 66.13 67.32 68.61 69.97 71.41 72.93 74.53 76.19 77.93 79.70 81.35 82.75 83.88 84.80 85.66 86.52 87.41 88.32 89.27 90.26 91.31 92.41 93.57 94.80 96.12 97.52 99.02 100.61 102.32 104.14 106.09 108.17 110.38 112.65 114.94 117.22 119.38 120.62 120.59 119.43 117.37 114.80 111.86 108.63 105.16 101.52 97.77 93.97 90.18 86.46 82.88 79.49 76.37 73.57 71.15 69.16 67.53 66.09 64.79 63.58 62.44 61.34 60.29 59.26 58.23 57.19 56.13 55.07 54.00 52.93 51.86
59.91 60.73 61.66 62.70 63.84 65.09 66.44 67.88 69.41 71.04 72.76 74.56 76.45 78.39 80.22 81.81 83.14 84.22 85.07 85.86 86.65 87.46 88.28 89.15 90.05 91.01 92.02 93.10 94.25 95.48 96.80 98.21 99.73 101.35 103.09 104.96 106.95 109.00 111.06 113.12 115.20 117.17 118.24 118.11 116.87 114.65 111.68 108.33 104.75 100.99 97.13 93.22 89.32 85.51 81.83 78.35 75.13 72.24 69.73 67.66 65.97 64.50 63.19 62.02 60.95 59.95 58.99 58.08 57.21 56.36 55.51 54.65 53.76 52.87 51.96 51.06
58.34 59.24 60.29 61.45 62.74 64.13 65.64 67.26 68.99 70.82 72.75 74.79 76.89 78.88 80.65 82.16 83.43 84.44 85.24 85.96 86.68 87.41 88.15 88.92 89.73 90.59 91.50 92.49 93.54 94.68 95.90 97.22 98.64 100.17 101.82 103.59 105.41 107.25 109.09 110.94 112.82 114.60 115.52 115.28 113.98 111.74 108.67 105.01 101.09 97.07 93.00 88.95 84.98 81.15 77.53 74.17 71.14 68.50 66.30 64.49 62.94 61.58 60.39 59.34 58.39 57.52 56.69 55.91 55.17 54.47 53.79 53.11 52.41 51.68 50.95 50.20
56.93 57.81 58.97 60.28 61.72 63.28 64.98 66.79 68.73 70.78 72.95 75.19 77.35 79.28 80.97 82.42 83.62 84.57 85.31 85.97 86.62 87.27 87.92 88.59 89.30 90.06 90.87 91.75 92.70 93.73 94.85 96.06 97.38 98.80 100.34 101.94 103.54 105.15 106.78 108.43 110.12 111.73 112.50 112.16 110.81 108.56 105.52 101.82 97.66 93.39 89.14 84.97 80.94 77.13 73.58 70.36 67.53 65.15 63.18 61.49 60.03 58.77 57.69 56.75 55.92 55.16 54.45 53.78 53.16 52.58 52.04 51.52 51.00 50.44 49.87 49.28
55.79 56.58 57.75 59.20 60.82 62.57 64.47 66.50 68.66 70.95 73.33 75.64 77.73 79.58 81.20 82.58 83.72 84.61 85.29 85.89 86.47 87.04 87.61 88.19 88.80 89.44 90.14 90.90 91.73 92.65 93.65 94.75 95.96 97.26 98.63 100.00 101.37 102.77 104.19 105.65 107.15 108.59 109.23 108.80 107.40 105.15 102.16 98.54 94.40 89.97 85.55 81.28 77.22 73.43 69.97 66.91 64.30 62.11 60.24 58.63 57.26 56.09 55.10 54.26 53.53 52.88 52.27 51.71 51.19 50.72 50.29 49.90 49.53 49.14 48.73 48.29
54.93 55.65 56.77 58.28 60.07 62.03 64.14 66.40 68.81 71.32 73.77 76.00 78.01 79.79 81.33 82.65 83.72 84.56 85.19 85.73 86.24 86.73 87.22 87.71 88.22 88.75 89.33 89.97 90.68 91.47 92.35 93.32 94.39 95.52 96.65 97.79 98.95 100.14 101.37 102.64 103.96 105.24 105.75 105.24 103.80 101.56 98.62 95.09 91.10 86.74 82.25 77.89 73.81 70.07 66.72 63.83 61.38 59.27 57.46 55.93 54.63 53.54 52.63 51.88 51.24 50.68 50.16 49.70 49.28 48.90 48.57 48.27 48.01 47.77 47.52 47.23
54.35 55.04 56.14 57.64 59.52 61.69 64.04 66.55 69.18 71.75 74.12 76.27 78.20 79.91 81.38 82.63 83.65 84.43 85.01 85.49 85.94 86.35 86.76 87.16 87.56 88.00 88.46 88.97 89.55 90.20 90.94 91.78 92.66 93.55 94.46 95.38 96.33 97.32 98.35 99.44 100.60 101.72 102.11 101.52 100.06 97.83 94.95 91.53 87.68 83.52 79.16 74.81 70.73 67.05 63.83 61.06 58.67 56.61 54.86 53.38 52.15 51.13 50.29 49.61 49.05 48.57 48.14 47.75 47.42 47.12 46.87 46.66 46.49 46.35 46.24 46.10
54.04 54.74 55.86 57.38 59.29 61.59 64.18 66.92 69.61 72.10 74.39 76.46 78.31 79.94 81.36 82.54 83.50 84.23 84.75 85.18 85.56 85.91 86.23 86.54 86.85 87.18 87.53 87.92 88.36 88.87 89.47 90.10 90.75 91.41 92.09 92.80 93.55 94.34 95.19 96.12 97.11 98.08 98.36 97.70 96.22 94.01 91.20 87.89 84.20 80.24 76.13 71.98 67.97 64.37 61.24 58.52 56.16 54.14 52.43 51.00 49.82 48.85 48.08 47.46 46.97 46.55 46.19 45.88 45.62 45.40 45.22 45.08 44.99 44.92 44.90 44.89
54.02 54.76 55.92 57.50 59.48 61.86 64.57 67.36 69.97 72.38 74.58 76.57 78.35 79.91 81.25 82.38 83.28 83.96 84.43 84.80 85.12 85.39 85.64 85.86 86.08 86.30 86.54 86.82 87.13 87.50 87.89 88.29 88.70 89.13 89.60 90.10 90.65 91.26 91.94 92.70 93.54 94.37 94.55 93.83 92.33 90.15 87.41 84.23 80.70 76.96 73.10 69.24 65.50 62.01 58.90 56.19 53.86 51.87 50.19 48.80 47.65 46.73 46.00 45.43 45.00 44.64 44.34 44.09 43.88 43.72 43.61 43.53 43.50 43.50 43.54 43.61
54.27 55.09 56.34 58.01 60.09 62.53 65.14 67.75 70.25 72.57 74.69 76.60 78.31 79.80 81.08 82.15 83.00 83.62 84.05 84.37 84.62 84.83 84.99 85.13 85.25 85.38 85.51 85.66 85.85 86.04 86.21 86.37 86.55 86.77 87.02 87.33 87.70 88.13 88.64 89.24 89.94 90.64 90.72 89.95 88.44 86.30 83.64 80.58 77.23 73.70 70.11 66.56 63.13 59.85 56.79 54.10 51.78 49.80 48.14 46.77 45.65 44.76 44.07 43.54 43.15 42.84 42.58 42.38 42.22 42.11 42.05 42.02 42.04 42.10 42.19 42.29
54.81 55.74 57.10 58.90 61.08 63.43 65.80 68.15 70.48 72.70 74.73 76.57 78.20 79.63 80.85 81.86 82.65 83.23 83.61 83.87 84.07 84.21 84.30 84.35 84.38 84.41 84.43 84.46 84.49 84.48 84.44 84.39 84.36 84.36 84.42 84.54 84.72 84.99 85.34 85.79 86.35 86.93 86.92 86.10 84.59 82.50 79.93 77.01 73.84 70.54 67.21 63.95 60.80 57.77 54.89 52.23 49.91 47.94 46.29 44.93 43.83 42.96 42.29 41.79 41.43 41.15 40.93 40.76 40.64 40.57 40.54 40.56 40.62 40.71 40.82 40.92
55.61 56.69 58.22 60.14 62.25 64.38 66.51 68.62 70.72 72.77 74.72 76.48 78.04 79.40 80.56 81.51 82.25 82.78 83.12 83.33 83.47 83.54 83.56 83.53 83.47 83.40 83.31 83.20 83.04 82.84 82.62 82.39 82.16 81.97 81.83 81.77 81.78 81.89 82.09 82.40 82.83 83.29 83.19 82.34 80.84 78.80 76.33 73.55 70.57 67.50 64.44 61.45 58.55 55.75 53.08 50.57 48.27 46.29 44.64 43.28 42.18 41.32 40.66 40.18 39.84 39.59 39.39 39.24 39.15 39.10 39.10 39.15 39.23 39.33 39.43 39.51
56.70 57.96 59.64 61.52 63.43 65.34 67.25 69.15 71.02 72.86 74.65 76.33 77.82 79.12 80.22 81.12 81.81 82.29 82.58 82.75 82.83 82.84 82.78 82.67 82.53 82.35 82.13 81.85 81.52 81.15 80.77 80.38 79.99 79.63 79.31 79.07 78.92 78.87 78.93 79.11 79.41 79.76 79.59 78.71 77.22 75.24 72.88 70.25 67.47 64.64 61.84 59.09 56.42 53.83 51.36 49.02 46.84 44.87 43.20 41.83 40.72 39.86 39.20 38.72 38.39 38.15 37.96 37.83 37.75 37.72 37.73 37.79 37.87 37.94 38.00 38.07
