data_processed/recharge/precip/Precip_2009_04.asc
ncols        168
nrows        136
xllcorner    455000
yllcorner    2107000
cellsize     500
NODATA_value     -99999
[rows 72 to 107 of 136, columns 82 to 163 of 168]
15.70 16.34 16.94 17.49 17.99 18.42 18.79 19.08 19.29 19.42 19.46 19.39 19.22 18.96 18.61 18.18 17.67 17.09 16.45 15.74 15.00 14.21 13.39 12.54 11.67 10.78 9.89 9.01 8.14 7.29 6.46 5.65 4.88 4.15 3.45 2.80 2.20 1.66 1.18 0.79 0.48 0.26 0.14 0.12 0.20 0.29 0.33 0.34 0.34 0.32 0.29 0.28 0.26 0.26 0.26 0.27 0.29 0.32 0.36 0.41 0.47 0.54 0.63 0.74 0.86 1.01 1.16 1.32 1.47 1.61 1.74 1.88 2.03 2.19 2.35 2.52 2.69 2.86 3.01 3.16 3.31 3.45
15.71 16.30 16.85 17.36 17.81 18.21 18.55 18.83 19.02 19.14 19.18 19.12 18.96 18.70 18.35 17.92 17.41 16.84 16.20 15.51 14.77 14.00 13.19 12.35 11.49 10.63 9.76 8.91 8.06 7.23 6.42 5.64 4.89 4.18 3.50 2.87 2.28 1.76 1.29 0.89 0.57 0.35 0.22 0.20 0.27 0.35 0.39 0.40 0.40 0.38 0.37 0.36 0.35 0.36 0.36 0.38 0.40 0.43 0.47 0.52 0.58 0.65 0.74 0.84 0.95 1.09 1.23 1.38 1.53 1.67 1.81 1.95 2.10 2.26 2.42 2.59 2.75 2.91 3.06 3.20 3.34 3.47
15.62 16.15 16.66 17.12 17.55 17.92 18.24 18.49 18.68 18.80 18.84 18.79 18.64 18.40 18.06 17.64 17.14 16.57 15.95 15.27 14.54 13.78 12.98 12.16 11.32 10.48 9.65 8.81 7.99 7.19 6.40 5.64 4.91 4.21 3.55 2.94 2.37 1.86 1.40 1.01 0.69 0.46 0.33 0.29 0.36 0.43 0.46 0.47 0.47 0.46 0.46 0.45 0.46 0.46 0.47 0.49 0.51 0.55 0.59 0.64 0.70 0.77 0.85 0.94 1.05 1.18 1.31 1.46 1.60 1.74 1.88 2.02 2.17 2.33 2.50 2.66 2.81 2.95 3.09 3.23 3.36 3.49
15.41 15.89 16.35 16.78 17.18 17.53 17.83 18.08 18.26 18.38 18.43 18.39 18.27 18.06 17.75 17.34 16.85 16.29 15.68 15.01 14.30 13.55 12.77 11.97 11.16 10.35 9.54 8.73 7.93 7.15 6.39 5.65 4.94 4.26 3.62 3.02 2.47 1.97 1.53 1.15 0.83 0.60 0.45 0.41 0.46 0.52 0.55 0.56 0.56 0.56 0.56 0.57 0.57 0.58 0.60 0.62 0.64 0.67 0.71 0.76 0.82 0.89 0.97 1.06 1.16 1.27 1.40 1.54 1.68 1.82 1.96 2.10 2.26 2.41 2.57 2.72 2.86 2.99 3.12 3.25 3.38 3.51
15.06 15.50 15.93 16.33 16.70 17.03 17.33 17.57 17.76 17.88 17.94 17.93 17.83 17.65 17.38 17.01 16.54 16.00 15.40 14.75 14.05 13.32 12.56 11.79 11.01 10.23 9.44 8.66 7.88 7.12 6.38 5.66 4.97 4.31 3.69 3.11 2.58 2.09 1.66 1.29 0.99 0.76 0.60 0.55 0.59 0.64 0.66 0.67 0.68 0.69 0.69 0.70 0.71 0.72 0.74 0.76 0.79 0.82 0.86 0.90 0.96 1.02 1.09 1.18 1.27 1.38 1.50 1.63 1.77 1.91 2.05 2.19 2.34 2.49 2.63 2.77 2.90 3.02 3.15 3.27 3.39 3.52
14.58 14.98 15.38 15.75 16.10 16.43 16.71 16.95 17.15 17.29 17.36 17.37 17.31 17.17 16.94 16.62 16.21 15.69 15.11 14.48 13.80 13.09 12.36 11.62 10.87 10.11 9.35 8.59 7.84 7.10 6.38 5.69 5.01 4.37 3.77 3.20 2.69 2.22 1.80 1.44 1.15 0.93 0.78 0.71 0.74 0.78 0.80 0.82 0.83 0.84 0.85 0.86 0.88 0.89 0.91 0.93 0.96 0.99 1.02 1.07 1.12 1.17 1.24 1.32 1.40 1.50 1.61 1.73 1.87 2.00 2.14 2.29 2.43 2.56 2.69 2.81 2.93 3.05 3.17 3.29 3.41 3.53
13.94 14.31 14.68 15.04 15.38 15.69 15.98 16.22 16.43 16.59 16.69 16.73 16.71 16.61 16.43 16.17 15.81 15.36 14.81 14.20 13.55 12.87 12.17 11.46 10.73 10.00 9.26 8.53 7.80 7.09 6.39 5.71 5.06 4.44 3.85 3.31 2.80 2.35 1.95 1.60 1.32 1.11 0.97 0.90 0.92 0.95 0.97 1.00 1.01 1.03 1.05 1.06 1.08 1.09 1.11 1.13 1.16 1.18 1.22 1.25 1.30 1.35 1.41 1.48 1.55 1.64 1.74 1.85 1.97 2.11 2.24 2.38 2.50 2.62 2.74 2.85 2.96 3.07 3.18 3.30 3.42 3.54
13.18 13.53 13.87 14.21 14.54 14.86 15.14 15.40 15.62 15.80 15.93 16.01 16.02 15.97 15.85 15.64 15.36 14.98 14.49 13.92 13.30 12.65 11.98 11.30 10.60 9.89 9.18 8.47 7.77 7.08 6.40 5.75 5.12 4.51 3.94 3.41 2.92 2.48 2.10 1.77 1.50 1.29 1.16 1.11 1.12 1.15 1.18 1.21 1.24 1.26 1.28 1.29 1.31 1.33 1.34 1.36 1.38 1.41 1.43 1.47 1.51 1.55 1.60 1.66 1.73 1.80 1.89 1.99 2.10 2.22 2.35 2.46 2.57 2.68 2.79 2.89 2.99 3.09 3.20 3.31 3.43 3.56
12.47 12.78 13.10 13.43 13.75 14.05 14.34 14.61 14.84 15.04 15.20 15.30 15.36 15.35 15.28 15.13 14.91 14.59 14.16 13.60 13.02 12.40 11.77 11.11 10.45 9.77 9.09 8.41 7.73 7.07 6.41 5.78 5.17 4.59 4.04 3.53 3.06 2.64 2.27 1.95 1.70 1.51 1.39 1.34 1.34 1.37 1.40 1.44 1.47 1.49 1.51 1.53 1.55 1.56 1.58 1.60 1.62 1.64 1.66 1.69 1.72 1.75 1.80 1.85 1.90 1.97 2.04 2.13 2.22 2.33 2.45 2.56 2.65 2.75 2.84 2.94 3.03 3.13 3.23 3.34 3.46 3.59
11.86 12.14 12.43 12.74 13.04 13.33 13.62 13.89 14.13 14.34 14.52 14.66 14.75 14.78 14.75 14.66 14.49 14.21 13.79 13.26 12.70 12.12 11.52 10.90 10.27 9.62 8.97 8.33 7.68 7.04 6.42 5.81 5.23 4.68 4.15 3.66 3.22 2.82 2.46 2.17 1.93 1.76 1.65 1.59 1.58 1.59 1.63 1.66 1.69 1.72 1.75 1.77 1.78 1.80 1.81 1.83 1.84 1.86 1.88 1.90 1.92 1.95 1.99 2.02 2.07 2.12 2.19 2.26 2.34 2.45 2.56 2.66 2.75 2.83 2.91 3.00 3.09 3.18 3.28 3.39 3.51 3.64
11.36 11.60 11.86 12.14 12.42 12.70 12.98 13.24 13.49 13.71 13.91 14.07 14.19 14.26 14.27 14.22 14.08 13.81 13.40 12.90 12.35 11.80 11.23 10.65 10.06 9.45 8.84 8.22 7.61 7.01 6.42 5.84 5.29 4.76 4.26 3.80 3.38 3.01 2.68 2.41 2.19 2.04 1.93 1.86 1.84 1.84 1.86 1.89 1.92 1.95 1.98 2.00 2.02 2.03 2.05 2.06 2.07 2.08 2.09 2.11 2.12 2.14 2.17 2.20 2.23 2.28 2.32 2.38 2.46 2.56 2.67 2.76 2.85 2.92 3.00 3.07 3.16 3.25 3.35 3.45 3.57 3.70
10.96 11.16 11.38 11.63 11.88 12.15 12.41 12.67 12.92 13.15 13.36 13.53 13.68 13.78 13.83 13.79 13.64 13.38 12.99 12.51 11.99 11.45 10.91 10.36 9.81 9.24 8.67 8.10 7.52 6.95 6.40 5.86 5.34 4.84 4.38 3.95 3.56 3.21 2.91 2.66 2.47 2.32 2.21 2.14 2.11 2.10 2.10 2.12 2.15 2.18 2.21 2.23 2.25 2.27 2.28 2.28 2.29 2.30 2.31 2.31 2.32 2.33 2.35 2.37 2.39 2.42 2.46 2.51 2.58 2.67 2.77 2.87 2.95 3.02 3.09 3.16 3.24 3.33 3.43 3.53 3.66 3.79
10.67 10.82 11.00 11.20 11.43 11.67 11.92 12.17 12.41 12.64 12.86 13.05 13.21 13.34 13.39 13.34 13.19 12.93 12.56 12.10 11.60 11.09 10.57 10.04 9.52 9.00 8.47 7.94 7.41 6.88 6.36 5.86 5.38 4.92 4.49 4.10 3.74 3.42 3.15 2.93 2.75 2.61 2.51 2.43 2.39 2.36 2.36 2.37 2.39 2.42 2.44 2.47 2.48 2.50 2.51 2.51 2.51 2.52 2.52 2.52 2.52 2.52 2.53 2.54 2.55 2.56 2.59 2.63 2.69 2.77 2.87 2.96 3.05 3.12 3.19 3.26 3.34 3.42 3.52 3.63 3.75 3.89
10.47 10.57 10.70 10.87 11.06 11.27 11.50 11.73 11.97 12.20 12.41 12.62 12.79 12.91 12.94 12.87 12.72 12.46 12.11 11.67 11.20 10.71 10.21 9.70 9.21 8.72 8.24 7.75 7.26 6.78 6.31 5.85 5.41 4.99 4.60 4.24 3.92 3.64 3.40 3.20 3.04 2.90 2.80 2.72 2.67 2.64 2.62 2.62 2.64 2.66 2.68 2.70 2.72 2.73 2.74 2.74 2.74 2.73 2.73 2.72 2.72 2.71 2.70 2.70 2.70 2.70 2.71 2.74 2.79 2.88 2.97 3.06 3.14 3.22 3.30 3.37 3.44 3.53 3.62 3.73 3.86 4.01
10.36 10.41 10.50 10.62 10.77 10.95 11.15 11.36 11.58 11.81 12.02 12.23 12.38 12.47 12.47 12.39 12.23 11.98 11.64 11.23 10.78 10.31 9.83 9.35 8.87 8.41 7.97 7.53 7.09 6.65 6.23 5.81 5.41 5.04 4.69 4.37 4.09 3.85 3.64 3.47 3.32 3.19 3.09 3.01 2.95 2.91 2.89 2.88 2.89 2.90 2.92 2.94 2.96 2.96 2.97 2.97 2.96 2.95 2.94 2.93 2.91 2.90 2.88 2.86 2.84 2.83 2.83 2.85 2.90 2.97 3.07 3.15 3.24 3.32 3.40 3.47 3.55 3.64 3.74 3.85 3.98 4.14
10.31 10.34 10.37 10.45 10.56 10.70 10.87 11.06 11.26 11.47 11.68 11.85 11.97 12.01 11.99 11.90 11.73 11.49 11.17 10.78 10.35 9.91 9.45 8.99 8.53 8.09 7.66 7.27 6.88 6.49 6.12 5.75 5.40 5.07 4.77 4.50 4.26 4.05 3.87 3.72 3.59 3.48 3.38 3.30 3.24 3.19 3.16 3.15 3.15 3.15 3.17 3.18 3.20 3.20 3.20 3.20 3.19 3.17 3.15 3.13 3.11 3.08 3.05 3.01 2.98 2.95 2.94 2.95 2.99 3.06 3.16 3.24 3.33 3.41 3.49 3.58 3.66 3.76 3.86 3.98 4.12 4.28
10.30 10.32 10.33 10.36 10.42 10.52 10.65 10.81 10.99 11.18 11.35 11.47 11.54 11.55 11.51 11.40 11.23 10.99 10.69 10.32 9.92 9.50 9.06 8.62 8.18 7.76 7.35 6.97 6.63 6.30 5.97 5.66 5.36 5.09 4.83 4.61 4.41 4.24 4.09 3.96 3.85 3.75 3.66 3.59 3.51 3.46 3.43 3.41 3.40 3.41 3.42 3.43 3.44 3.44 3.44 3.43 3.41 3.39 3.37 3.34 3.30 3.26 3.21 3.16 3.11 3.07 3.05 3.05 3.08 3.15 3.24 3.33 3.41 3.50 3.59 3.68 3.77 3.88 3.99 4.11 4.26 4.43
10.32 10.33 10.33 10.34 10.35 10.41 10.50 10.63 10.78 10.92 11.02 11.09 11.11 11.09 11.02 10.90 10.72 10.49 10.20 9.86 9.48 9.09 8.67 8.25 7.83 7.43 7.04 6.67 6.35 6.06 5.79 5.54 5.30 5.07 4.87 4.70 4.55 4.41 4.29 4.19 4.10 4.01 3.93 3.86 3.78 3.73 3.69 3.67 3.66 3.66 3.67 3.68 3.68 3.69 3.68 3.67 3.65 3.62 3.59 3.55 3.49 3.43 3.36 3.29 3.23 3.18 3.15 3.14 3.17 3.23 3.32 3.40 3.49 3.58 3.67 3.77 3.88 3.99 4.12 4.25 4.41 4.58
10.37 10.36 10.36 10.36 10.35 10.37 10.42 10.50 10.59 10.66 10.70 10.71 10.68 10.63 10.53 10.39 10.22 9.99 9.72 9.40 9.05 8.67 8.28 7.88 7.48 7.09 6.72 6.38 6.07 5.80 5.57 5.38 5.20 5.03 4.89 4.76 4.65 4.56 4.47 4.40 4.33 4.26 4.19 4.11 4.04 3.98 3.94 3.91 3.90 3.90 3.91 3.92 3.93 3.93 3.93 3.91 3.89 3.85 3.81 3.75 3.67 3.59 3.50 3.41 3.34 3.27 3.23 3.22 3.24 3.30 3.39 3.47 3.56 3.66 3.76 3.86 3.98 4.10 4.24 4.39 4.56 4.75
10.43 10.42 10.41 10.40 10.39 10.38 10.38 10.40 10.40 10.39 10.37 10.32 10.25 10.16 10.04 9.89 9.71 9.49 9.24 8.94 8.61 8.26 7.89 7.51 7.14 6.76 6.41 6.08 5.79 5.53 5.33 5.18 5.06 4.96 4.87 4.80 4.74 4.68 4.63 4.58 4.53 4.48 4.42 4.35 4.28 4.22 4.17 4.15 4.14 4.14 4.15 4.16 4.17 4.17 4.17 4.16 4.13 4.09 4.02 3.94 3.84 3.74 3.63 3.53 3.44 3.36 3.31 3.29 3.31 3.36 3.45 3.54 3.63 3.73 3.83 3.95 4.07 4.21 4.36 4.53 4.71 4.92
10.51 10.49 10.47 10.45 10.44 10.42 10.38 10.30 10.22 10.14 10.05 9.94 9.83 9.70 9.56 9.40 9.21 9.00 8.76 8.49 8.19 7.86 7.51 7.15 6.80 6.44 6.11 5.80 5.52 5.28 5.09 4.96 4.89 4.85 4.82 4.80 4.79 4.77 4.76 4.74 4.71 4.68 4.63 4.57 4.50 4.44 4.39 4.37 4.36 4.36 4.37 4.38 4.40 4.40 4.41 4.40 4.37 4.31 4.23 4.12 4.00 3.87 3.75 3.63 3.53 3.44 3.38 3.35 3.37 3.42 3.50 3.59 3.69 3.79 3.90 4.02 4.16 4.31 4.47 4.66 4.86 5.08
10.60 10.58 10.55 10.52 10.49 10.44 10.35 10.21 10.05 9.89 9.73 9.57 9.42 9.26 9.09 8.91 8.72 8.52 8.29 8.05 7.77 7.46 7.14 6.80 6.47 6.13 5.82 5.52 5.26 5.03 4.86 4.75 4.70 4.70 4.73 4.77 4.80 4.83 4.85 4.87 4.87 4.85 4.82 4.77 4.70 4.63 4.59 4.57 4.56 4.57 4.58 4.60 4.61 4.63 4.63 4.63 4.59 4.52 4.41 4.28 4.14 4.00 3.85 3.72 3.60 3.51 3.44 3.41 3.41 3.47 3.55 3.64 3.74 3.85 3.96 4.10 4.24 4.40 4.58 4.78 5.00 5.23
10.70 10.67 10.63 10.59 10.53 10.42 10.28 10.09 9.88 9.65 9.43 9.22 9.01 8.82 8.63 8.43 8.24 8.04 7.84 7.62 7.37 7.08 6.78 6.47 6.15 5.84 5.54 5.26 5.01 4.81 4.65 4.56 4.52 4.54 4.61 4.70 4.78 4.85 4.91 4.96 4.99 4.99 4.97 4.93 4.86 4.81 4.77 4.75 4.75 4.75 4.77 4.79 4.81 4.83 4.84 4.82 4.77 4.69 4.57 4.43 4.27 4.11 3.95 3.80 3.67 3.56 3.49 3.45 3.45 3.50 3.58 3.68 3.78 3.89 4.02 4.16 4.32 4.49 4.68 4.90 5.13 5.37
10.80 10.76 10.71 10.63 10.52 10.36 10.17 9.95 9.69 9.42 9.14 8.87 8.63 8.40 8.18 7.97 7.78 7.59 7.40 7.21 6.98 6.72 6.44 6.15 5.85 5.56 5.27 5.01 4.79 4.61 4.47 4.39 4.36 4.39 4.46 4.58 4.72 4.84 4.94 5.01 5.07 5.10 5.10 5.06 5.00 4.95 4.91 4.90 4.90 4.92 4.94 4.97 4.99 5.02 5.01 4.98 4.91 4.82 4.70 4.55 4.38 4.20 4.03 3.87 3.72 3.61 3.52 3.48 3.48 3.53 3.61 3.71 3.81 3.93 4.06 4.21 4.38 4.57 4.78 5.00 5.24 5.48
10.89 10.84 10.75 10.63 10.46 10.26 10.03 9.76 9.48 9.18 8.86 8.55 8.26 7.99 7.75 7.53 7.33 7.15 6.98 6.81 6.61 6.37 6.12 5.85 5.57 5.30 5.03 4.80 4.60 4.44 4.33 4.26 4.23 4.26 4.33 4.45 4.61 4.77 4.91 5.03 5.11 5.17 5.18 5.16 5.11 5.06 5.03 5.02 5.03 5.05 5.08 5.12 5.15 5.16 5.14 5.09 5.01 4.91 4.78 4.63 4.47 4.28 4.09 3.92 3.76 3.64 3.55 3.49 3.49 3.54 3.62 3.72 3.83 3.96 4.10 4.26 4.44 4.64 4.86 5.08 5.32 5.57
10.97 10.88 10.75 10.57 10.36 10.11 9.84 9.55 9.24 8.91 8.58 8.24 7.91 7.61 7.35 7.11 6.91 6.74 6.59 6.44 6.26 6.05 5.82 5.57 5.31 5.06 4.82 4.62 4.44 4.31 4.21 4.15 4.14 4.16 4.22 4.33 4.48 4.67 4.85 5.00 5.11 5.19 5.23 5.22 5.17 5.13 5.11 5.11 5.13 5.15 5.19 5.23 5.25 5.24 5.21 5.14 5.06 4.95 4.82 4.67 4.51 4.33 4.14 3.95 3.79 3.65 3.55 3.50 3.49 3.54 3.63 3.73 3.84 3.98 4.13 4.30 4.49 4.69 4.91 5.14 5.38 5.63
11.01 10.87 10.68 10.46 10.21 9.92 9.62 9.30 8.96 8.62 8.27 7.92 7.58 7.25 6.96 6.72 6.52 6.35 6.22 6.10 5.94 5.76 5.55 5.32 5.08 4.86 4.65 4.48 4.33 4.22 4.14 4.09 4.07 4.09 4.15 4.24 4.37 4.54 4.73 4.92 5.07 5.17 5.23 5.24 5.20 5.16 5.15 5.16 5.18 5.22 5.27 5.29 5.29 5.26 5.21 5.14 5.04 4.93 4.80 4.66 4.50 4.33 4.15 3.97 3.80 3.65 3.55 3.49 3.48 3.53 3.62 3.72 3.84 3.98 4.14 4.32 4.52 4.73 4.95 5.17 5.41 5.66
10.98 10.79 10.56 10.30 10.01 9.69 9.36 9.02 8.66 8.31 7.95 7.59 7.25 6.92 6.61 6.35 6.15 5.99 5.87 5.78 5.65 5.49 5.30 5.10 4.89 4.70 4.54 4.39 4.27 4.17 4.10 4.06 4.04 4.06 4.10 4.18 4.28 4.42 4.60 4.79 4.97 5.10 5.18 5.21 5.18 5.15 5.15 5.17 5.20 5.25 5.28 5.28 5.26 5.22 5.15 5.07 4.97 4.85 4.73 4.59 4.44 4.28 4.12 3.96 3.79 3.64 3.53 3.47 3.45 3.50 3.59 3.70 3.83 3.98 4.15 4.33 4.53 4.73 4.95 5.18 5.42 5.66
10.89 10.65 10.38 10.08 9.76 9.42 9.07 8.70 8.33 7.97 7.60 7.25 6.91 6.58 6.28 6.02 5.81 5.66 5.56 5.49 5.39 5.26 5.09 4.92 4.75 4.60 4.47 4.35 4.25 4.17 4.11 4.08 4.06 4.06 4.09 4.15 4.23 4.34 4.47 4.64 4.82 4.98 5.08 5.12 5.11 5.09 5.10 5.13 5.18 5.20 5.21 5.19 5.15 5.10 5.02 4.93 4.83 4.71 4.59 4.45 4.32 4.17 4.03 3.89 3.75 3.61 3.49 3.43 3.41 3.46 3.56 3.67 3.80 3.96 4.13 4.31 4.51 4.71 4.93 5.15 5.39 5.64
10.74 10.46 10.15 9.82 9.47 9.10 8.73 8.35 7.98 7.60 7.24 6.89 6.56 6.25 5.97 5.72 5.51 5.37 5.29 5.24 5.17 5.06 4.93 4.80 4.68 4.57 4.46 4.37 4.29 4.23 4.17 4.14 4.12 4.11 4.13 4.16 4.21 4.29 4.38 4.50 4.65 4.81 4.93 4.99 4.99 4.99 5.01 5.04 5.07 5.08 5.06 5.02 4.97 4.90 4.81 4.72 4.61 4.50 4.38 4.26 4.13 4.00 3.88 3.76 3.64 3.54 3.44 3.37 3.36 3.41 3.50 3.62 3.76 3.92 4.09 4.27 4.46 4.66 4.87 5.09 5.33 5.57
10.51 10.20 9.86 9.50 9.13 8.74 8.36 7.97 7.59 7.22 6.86 6.52 6.20 5.91 5.65 5.42 5.24 5.11 5.05 5.03 4.98 4.91 4.83 4.74 4.66 4.59 4.52 4.45 4.39 4.33 4.29 4.25 4.22 4.21 4.20 4.21 4.24 4.27 4.33 4.40 4.49 4.60 4.72 4.80 4.81 4.82 4.85 4.87 4.87 4.85 4.82 4.76 4.69 4.61 4.52 4.43 4.32 4.21 4.10 3.99 3.88 3.77 3.66 3.57 3.48 3.41 3.34 3.30 3.29 3.34 3.44 3.56 3.70 3.86 4.02 4.19 4.38 4.58 4.78 5.00 5.23 5.48
10.23 9.88 9.51 9.13 8.74 8.34 7.95 7.56 7.18 6.81 6.46 6.13 5.83 5.56 5.33 5.14 4.99 4.89 4.86 4.87 4.85 4.83 4.80 4.76 4.72 4.68 4.63 4.59 4.54 4.50 4.45 4.41 4.38 4.35 4.33 4.31 4.30 4.30 4.31 4.34 4.37 4.42 4.48 4.55 4.58 4.60 4.61 4.60 4.57 4.53 4.48 4.41 4.33 4.24 4.15 4.05 3.94 3.84 3.74 3.64 3.54 3.46 3.38 3.31 3.25 3.21 3.19 3.18 3.19 3.25 3.36 3.48 3.61 3.76 3.92 4.09 4.27 4.46 4.66 4.88 5.11 5.34
9.87 9.50 9.11 8.71 8.31 7.90 7.50 7.11 6.74 6.38 6.04 5.73 5.45 5.21 5.01 4.86 4.75 4.70 4.70 4.75 4.80 4.83 4.84 4.85 4.85 4.84 4.82 4.79 4.76 4.72 4.68 4.64 4.59 4.55 4.50 4.46 4.41 4.37 4.34 4.31 4.29 4.27 4.27 4.27 4.28 4.28 4.26 4.23 4.18 4.12 4.04 3.96 3.87 3.78 3.68 3.58 3.49 3.39 3.30 3.21 3.14 3.07 3.02 2.98 2.96 2.95 2.97 3.00 3.06 3.15 3.25 3.37 3.50 3.64 3.79 3.95 4.12 4.31 4.51 4.72 4.94 5.17
9.48 9.08 8.68 8.26 7.85 7.44 7.04 6.66 6.29 5.95 5.63 5.34 5.09 4.88 4.72 4.61 4.54 4.54 4.59 4.68 4.78 4.86 4.93 4.98 5.02 5.04 5.05 5.04 5.02 4.99 4.96 4.91 4.85 4.79 4.73 4.66 4.58 4.50 4.43 4.35 4.27 4.19 4.12 4.05 3.99 3.95 3.90 3.84 3.77 3.69 3.60 3.50 3.41 3.31 3.21 3.11 3.02 2.93 2.86 2.79 2.73 2.69 2.66 2.65 2.66 2.69 2.75 2.83 2.93 3.04 3.14 3.25 3.37 3.50 3.65 3.80 3.97 4.15 4.34 4.54 4.76 4.98
9.07 8.66 8.24 7.82 7.40 6.99 6.60 6.22 5.87 5.54 5.25 4.99 4.77 4.60 4.48 4.41 4.40 4.44 4.52 4.63 4.76 4.90 5.02 5.12 5.20 5.26 5.29 5.31 5.31 5.30 5.27 5.22 5.16 5.09 5.01 4.91 4.81 4.70 4.58 4.45 4.32 4.18 4.05 3.91 3.79 3.69 3.60 3.52 3.42 3.32 3.22 3.11 3.01 2.90 2.80 2.71 2.62 2.55 2.48 2.43 2.39 2.37 2.37 2.39 2.44 2.51 2.60 2.73 2.85 2.96 3.05 3.15 3.26 3.38 3.52 3.66 3.82 3.99 4.17 4.37 4.57 4.79
8.65 8.22 7.80 7.37 6.96 6.55 6.17 5.81 5.48 5.17 4.91 4.68 4.50 4.37 4.29 4.27 4.31 4.38 4.48 4.61 4.77 4.94 5.11 5.26 5.39 5.48 5.56 5.60 5.63 5.63 5.61 5.56 5.50 5.42 5.33 5.22 5.09 4.94 4.79 4.62 4.44 4.25 4.06 3.87 3.69 3.53 3.39 3.27 3.15 3.03 2.91 2.80 2.68 2.58 2.47 2.38 2.30 2.23 2.18 2.15 2.13 2.13 2.16 2.21 2.29 2.40 2.53 2.67 2.79 2.89 2.98 3.07 3.17 3.28 3.40 3.54 3.68 3.84 4.01 4.20 4.39 4.60
