data_processed/recharge/precip/Precip_1999_03.asc
ncols        168
nrows        136
xllcorner    455000
yllcorner    2107000
cellsize     500
NODATA_value     -99999
[rows 72 to 107 of 136, columns 0 to 80 of 168]
21.20 21.41 21.60 21.75 21.88 21.98 22.06 22.11 22.13 22.12 22.10 22.06 22.00 21.93 21.84 21.75 21.66 21.57 21.48 21.38 21.28 21.18 21.06 20.93 20.79 20.63 20.46 20.29 20.12 19.96 19.80 19.66 19.53 19.42 19.33 19.25 19.20 19.16 19.15 19.16 19.20 19.27 19.36 19.44 19.50 19.56 19.59 19.61 19.61 19.59 19.54 19.48 19.40 19.29 19.17 19.02 18.85 18.66 18.44 18.16 17.82 17.44 17.00 16.52 16.00 15.44 14.85 14.22 13.59 12.97 12.37 11.81 11.27 10.76 10.29 9.86 9.46 9.11 8.79 8.50 8.24
21.68 21.89 22.08 22.23 22.36 22.45 22.52 22.56 22.57 22.56 22.53 22.48 22.41 22.33 22.25 22.15 22.05 21.95 21.85 21.76 21.66 21.56 21.45 21.33 21.20 21.05 20.89 20.73 20.56 20.40 20.25 20.11 19.97 19.85 19.74 19.65 19.57 19.51 19.47 19.46 19.46 19.50 19.55 19.63 19.70 19.75 19.79 19.80 19.80 19.78 19.73 19.66 19.58 19.47 19.34 19.20 19.03 18.82 18.57 18.25 17.89 17.47 17.01 16.51 15.97 15.40 14.80 14.17 13.52 12.86 12.23 11.63 11.07 10.55 10.07 9.63 9.24 8.89 8.57 8.28 8.02
22.16 22.38 22.56 22.71 22.83 22.92 22.98 23.01 23.01 22.99 22.95 22.90 22.83 22.74 22.65 22.55 22.45 22.35 22.25 22.15 22.05 21.95 21.85 21.75 21.63 21.49 21.35 21.19 21.03 20.88 20.73 20.58 20.44 20.31 20.19 20.08 19.98 19.90 19.83 19.79 19.76 19.76 19.78 19.83 19.89 19.95 19.98 20.00 19.99 19.97 19.92 19.85 19.76 19.65 19.52 19.37 19.19 18.96 18.66 18.32 17.92 17.48 17.00 16.48 15.92 15.34 14.73 14.10 13.45 12.78 12.12 11.49 10.91 10.36 9.87 9.43 9.03 8.68 8.36 8.07 7.81
22.64 22.86 23.04 23.18 23.30 23.38 23.43 23.45 23.45 23.42 23.38 23.32 23.24 23.15 23.06 22.96 22.86 22.75 22.65 22.55 22.46 22.37 22.27 22.18 22.08 21.95 21.82 21.68 21.53 21.38 21.22 21.08 20.93 20.79 20.66 20.53 20.42 20.32 20.23 20.15 20.10 20.07 20.05 20.06 20.09 20.14 20.18 20.19 20.19 20.16 20.10 20.03 19.94 19.83 19.70 19.54 19.32 19.05 18.73 18.35 17.93 17.46 16.96 16.42 15.85 15.26 14.65 14.01 13.36 12.70 12.04 11.39 10.77 10.21 9.70 9.25 8.85 8.50 8.18 7.88 7.62
23.12 23.34 23.51 23.65 23.76 23.83 23.87 23.89 23.88 23.85 23.80 23.73 23.66 23.57 23.47 23.37 23.26 23.16 23.06 22.96 22.87 22.79 22.71 22.63 22.54 22.43 22.31 22.18 22.04 21.89 21.74 21.59 21.45 21.30 21.15 21.02 20.88 20.76 20.65 20.56 20.47 20.41 20.36 20.33 20.32 20.34 20.37 20.38 20.38 20.34 20.29 20.21 20.12 20.01 19.87 19.67 19.42 19.11 18.75 18.35 17.90 17.41 16.89 16.34 15.76 15.16 14.54 13.91 13.27 12.61 11.96 11.31 10.67 10.09 9.56 9.10 8.70 8.34 8.02 7.72 7.45
23.60 23.81 23.98 24.11 24.21 24.27 24.31 24.32 24.31 24.27 24.22 24.15 24.07 23.98 23.88 23.78 23.68 23.58 23.48 23.38 23.30 23.22 23.15 23.09 23.02 22.93 22.82 22.70 22.57 22.43 22.28 22.13 21.98 21.83 21.68 21.53 21.38 21.24 21.11 20.99 20.88 20.78 20.70 20.64 20.59 20.56 20.56 20.57 20.56 20.53 20.47 20.39 20.30 20.18 20.00 19.76 19.47 19.13 18.74 18.31 17.84 17.33 16.80 16.23 15.65 15.04 14.42 13.79 13.15 12.51 11.87 11.23 10.61 10.01 9.46 8.99 8.58 8.22 7.89 7.58 7.31
24.07 24.27 24.43 24.55 24.65 24.71 24.74 24.74 24.73 24.69 24.64 24.57 24.49 24.40 24.30 24.20 24.10 23.99 23.90 23.81 23.73 23.66 23.60 23.55 23.50 23.43 23.34 23.23 23.11 22.98 22.84 22.69 22.54 22.38 22.22 22.06 21.90 21.74 21.59 21.45 21.31 21.19 21.08 20.98 20.89 20.83 20.78 20.76 20.74 20.71 20.65 20.57 20.46 20.30 20.08 19.81 19.48 19.11 18.69 18.23 17.74 17.22 16.67 16.10 15.51 14.90 14.28 13.65 13.02 12.39 11.77 11.15 10.55 9.96 9.41 8.92 8.50 8.13 7.79 7.48 7.19
24.52 24.71 24.87 24.99 25.07 25.13 25.16 25.16 25.14 25.11 25.05 24.98 24.90 24.81 24.72 24.62 24.52 24.42 24.33 24.24 24.16 24.10 24.05 24.02 23.99 23.94 23.86 23.77 23.66 23.54 23.41 23.26 23.11 22.95 22.78 22.61 22.44 22.27 22.10 21.94 21.78 21.63 21.49 21.35 21.23 21.13 21.04 20.97 20.92 20.88 20.81 20.72 20.58 20.37 20.11 19.80 19.44 19.04 18.60 18.12 17.61 17.08 16.52 15.93 15.34 14.73 14.11 13.50 12.88 12.26 11.65 11.06 10.48 9.92 9.38 8.89 8.46 8.08 7.73 7.40 7.11
24.95 25.14 25.29 25.41 25.49 25.54 25.57 25.57 25.55 25.51 25.46 25.39 25.31 25.22 25.13 25.03 24.94 24.84 24.76 24.68 24.61 24.55 24.51 24.49 24.48 24.45 24.39 24.32 24.23 24.11 23.99 23.85 23.70 23.54 23.37 23.19 23.01 22.82 22.64 22.45 22.27 22.10 21.92 21.76 21.61 21.46 21.34 21.22 21.12 21.04 20.96 20.83 20.64 20.40 20.10 19.76 19.37 18.94 18.47 17.97 17.45 16.90 16.33 15.74 15.15 14.54 13.93 13.32 12.71 12.11 11.52 10.95 10.40 9.87 9.37 8.90 8.47 8.07 7.70 7.36 7.05
25.28 25.47 25.62 25.74 25.82 25.87 25.90 25.91 25.89 25.85 25.80 25.74 25.67 25.58 25.50 25.41 25.32 25.24 25.16 25.09 25.03 24.99 24.96 24.94 24.93 24.92 24.89 24.84 24.76 24.66 24.55 24.41 24.27 24.11 23.93 23.75 23.56 23.37 23.17 22.97 22.77 22.56 22.37 22.17 21.99 21.81 21.64 21.49 21.35 21.22 21.10 20.93 20.70 20.41 20.08 19.70 19.28 18.83 18.34 17.82 17.28 16.72 16.14 15.55 14.96 14.35 13.75 13.15 12.56 11.97 11.41 10.86 10.34 9.84 9.38 8.94 8.50 8.09 7.71 7.35 7.03
25.44 25.63 25.78 25.91 26.00 26.06 26.10 26.11 26.10 26.08 26.04 25.99 25.93 25.86 25.78 25.71 25.64 25.57 25.51 25.45 25.41 25.39 25.37 25.35 25.34 25.33 25.32 25.29 25.23 25.15 25.04 24.92 24.78 24.63 24.46 24.27 24.08 23.88 23.67 23.45 23.23 23.01 22.79 22.57 22.36 22.15 21.94 21.75 21.57 21.41 21.26 21.05 20.78 20.45 20.08 19.67 19.22 18.74 18.24 17.70 17.15 16.58 15.99 15.40 14.80 14.20 13.61 13.02 12.44 11.88 11.33 10.81 10.31 9.85 9.41 8.98 8.55 8.13 7.73 7.36 7.02
25.43 25.62 25.79 25.92 26.03 26.11 26.16 26.19 26.20 26.19 26.17 26.14 26.10 26.05 26.00 25.95 25.90 25.85 25.81 25.78 25.77 25.76 25.74 25.72 25.70 25.68 25.68 25.66 25.63 25.57 25.48 25.37 25.24 25.09 24.93 24.75 24.55 24.34 24.12 23.90 23.67 23.43 23.19 22.95 22.71 22.47 22.23 22.01 21.80 21.62 21.43 21.19 20.88 20.52 20.12 19.68 19.20 18.70 18.17 17.62 17.05 16.47 15.88 15.28 14.68 14.09 13.50 12.92 12.36 11.82 11.29 10.80 10.33 9.89 9.46 9.03 8.60 8.18 7.78 7.39 7.04
25.36 25.47 25.64 25.80 25.93 26.03 26.10 26.16 26.19 26.21 26.22 26.21 26.20 26.18 26.15 26.13 26.11 26.09 26.09 26.09 26.09 26.08 26.06 26.03 26.01 25.99 25.98 25.97 25.96 25.92 25.85 25.76 25.65 25.51 25.35 25.17 24.98 24.77 24.55 24.31 24.07 23.82 23.56 23.30 23.04 22.77 22.51 22.27 22.04 21.82 21.61 21.34 21.01 20.62 20.18 19.71 19.21 18.68 18.13 17.56 16.98 16.39 15.80 15.20 14.60 14.01 13.43 12.87 12.32 11.80 11.30 10.83 10.38 9.95 9.51 9.08 8.65 8.23 7.83 7.44 7.07
25.28 25.27 25.38 25.55 25.71 25.84 25.94 26.03 26.10 26.15 26.18 26.21 26.23 26.25 26.26 26.27 26.29 26.31 26.34 26.37 26.38 26.36 26.34 26.31 26.28 26.26 26.24 26.23 26.22 26.20 26.16 26.09 25.99 25.87 25.72 25.55 25.36 25.15 24.93 24.69 24.44 24.18 23.91 23.63 23.35 23.07 22.79 22.53 22.28 22.04 21.80 21.51 21.15 20.74 20.28 19.78 19.25 18.70 18.13 17.55 16.95 16.35 15.75 15.15 14.56 13.97 13.40 12.85 12.32 11.81 11.34 10.89 10.45 10.01 9.57 9.14 8.71 8.29 7.89 7.50 7.13
25.18 25.07 25.08 25.20 25.38 25.54 25.69 25.81 25.92 26.01 26.09 26.15 26.22 26.27 26.33 26.39 26.45 26.51 26.57 26.61 26.61 26.60 26.57 26.54 26.51 26.49 26.47 26.45 26.44 26.43 26.40 26.35 26.28 26.17 26.04 25.88 25.70 25.49 25.27 25.03 24.78 24.51 24.23 23.94 23.64 23.35 23.07 22.79 22.52 22.26 22.00 21.68 21.30 20.87 20.39 19.87 19.32 18.75 18.16 17.56 16.95 16.35 15.74 15.14 14.55 13.97 13.41 12.87 12.36 11.87 11.41 10.96 10.52 10.07 9.63 9.20 8.77 8.35 7.95 7.56 7.19
25.06 24.87 24.79 24.83 24.96 25.16 25.35 25.52 25.67 25.81 25.94 26.05 26.16 26.27 26.37 26.48 26.59 26.69 26.76 26.79 26.80 26.78 26.75 26.72 26.70 26.67 26.65 26.63 26.62 26.60 26.58 26.56 26.50 26.42 26.30 26.16 25.99 25.79 25.58 25.34 25.08 24.81 24.52 24.23 23.93 23.63 23.33 23.05 22.76 22.49 22.20 21.86 21.47 21.02 20.52 19.99 19.42 18.83 18.22 17.61 16.99 16.38 15.76 15.16 14.58 14.00 13.45 12.93 12.43 11.96 11.50 11.04 10.59 10.14 9.70 9.27 8.84 8.42 8.02 7.63 7.25
24.94 24.66 24.51 24.48 24.55 24.71 24.94 25.16 25.37 25.56 25.74 25.92 26.08 26.25 26.41 26.57 26.73 26.84 26.90 26.93 26.94 26.92 26.90 26.87 26.84 26.82 26.80 26.78 26.76 26.74 26.72 26.70 26.67 26.60 26.51 26.38 26.23 26.04 25.84 25.61 25.35 25.08 24.79 24.50 24.20 23.90 23.60 23.30 23.00 22.71 22.40 22.05 21.64 21.17 20.67 20.12 19.54 18.94 18.31 17.69 17.06 16.44 15.82 15.22 14.64 14.07 13.53 13.02 12.54 12.06 11.59 11.13 10.67 10.22 9.77 9.34 8.91 8.49 8.09 7.70 7.32
24.80 24.46 24.25 24.15 24.16 24.28 24.49 24.76 25.03 25.28 25.52 25.76 25.99 26.22 26.44 26.65 26.82 26.93 26.99 27.03 27.03 27.02 26.99 26.97 26.94 26.92 26.90 26.88 26.86 26.85 26.82 26.80 26.77 26.73 26.66 26.55 26.42 26.25 26.05 25.83 25.58 25.32 25.04 24.75 24.46 24.16 23.85 23.55 23.24 22.93 22.61 22.24 21.81 21.34 20.82 20.26 19.68 19.07 18.44 17.80 17.16 16.53 15.92 15.31 14.73 14.18 13.65 13.15 12.66 12.17 11.69 11.22 10.76 10.30 9.85 9.41 8.98 8.57 8.16 7.77 7.40
24.65 24.26 23.99 23.85 23.81 23.89 24.06 24.33 24.65 24.97 25.29 25.59 25.89 26.19 26.47 26.69 26.86 26.97 27.04 27.07 27.08 27.07 27.05 27.02 27.00 26.99 26.97 26.95 26.93 26.92 26.89 26.87 26.84 26.81 26.76 26.67 26.56 26.41 26.23 26.02 25.78 25.53 25.26 24.99 24.70 24.40 24.09 23.78 23.47 23.15 22.81 22.43 21.99 21.50 20.98 20.42 19.83 19.21 18.58 17.94 17.30 16.66 16.04 15.44 14.87 14.32 13.80 13.29 12.78 12.29 11.80 11.32 10.85 10.39 9.94 9.50 9.07 8.65 8.25 7.86 7.48
24.49 24.06 23.75 23.57 23.50 23.55 23.69 23.94 24.27 24.65 25.04 25.43 25.80 26.16 26.45 26.68 26.84 26.96 27.03 27.07 27.08 27.08 27.06 27.04 27.03 27.01 27.00 26.98 26.97 26.95 26.93 26.91 26.88 26.84 26.80 26.74 26.65 26.52 26.36 26.16 25.95 25.72 25.47 25.20 24.92 24.63 24.32 24.01 23.69 23.36 23.01 22.62 22.17 21.68 21.14 20.58 19.99 19.37 18.74 18.10 17.46 16.82 16.20 15.60 15.03 14.49 13.95 13.43 12.92 12.41 11.91 11.43 10.95 10.48 10.03 9.59 9.16 8.74 8.33 7.94 7.56
24.33 23.86 23.53 23.32 23.23 23.25 23.39 23.62 23.94 24.35 24.81 25.28 25.72 26.09 26.38 26.61 26.78 26.90 26.98 27.02 27.04 27.04 27.03 27.02 27.01 27.00 26.99 26.98 26.97 26.96 26.94 26.91 26.88 26.85 26.81 26.75 26.68 26.58 26.44 26.28 26.09 25.88 25.64 25.39 25.12 24.84 24.54 24.22 23.90 23.56 23.21 22.80 22.35 21.85 21.31 20.75 20.15 19.54 18.92 18.28 17.64 17.01 16.39 15.80 15.23 14.67 14.12 13.58 13.06 12.54 12.03 11.54 11.05 10.58 10.13 9.68 9.25 8.83 8.43 8.03 7.66
24.15 23.66 23.32 23.10 23.00 23.01 23.14 23.37 23.70 24.11 24.61 25.13 25.59 25.96 26.26 26.50 26.67 26.80 26.88 26.93 26.95 26.96 26.96 26.95 26.95 26.95 26.95 26.94 26.94 26.93 26.91 26.89 26.86 26.83 26.78 26.73 26.67 26.59 26.49 26.35 26.19 26.01 25.79 25.56 25.30 25.03 24.74 24.42 24.10 23.76 23.39 22.98 22.52 22.02 21.49 20.92 20.33 19.72 19.10 18.47 17.85 17.22 16.61 16.02 15.43 14.86 14.30 13.75 13.21 12.68 12.16 11.66 11.17 10.69 10.23 9.78 9.35 8.93 8.53 8.13 7.75
23.96 23.47 23.12 22.90 22.80 22.83 22.96 23.20 23.54 23.97 24.46 24.95 25.40 25.78 26.09 26.33 26.51 26.64 26.73 26.79 26.82 26.84 26.84 26.85 26.85 26.86 26.87 26.87 26.87 26.86 26.85 26.84 26.81 26.78 26.74 26.69 26.63 26.57 26.50 26.40 26.26 26.10 25.92 25.70 25.46 25.20 24.91 24.61 24.28 23.94 23.57 23.15 22.69 22.19 21.66 21.09 20.51 19.91 19.29 18.68 18.06 17.45 16.85 16.25 15.65 15.06 14.48 13.92 13.36 12.82 12.30 11.79 11.29 10.81 10.34 9.89 9.46 9.04 8.63 8.24 7.86
23.77 23.29 22.94 22.73 22.65 22.69 22.84 23.10 23.47 23.90 24.34 24.76 25.18 25.55 25.87 26.11 26.30 26.44 26.54 26.61 26.65 26.67 26.69 26.70 26.72 26.74 26.75 26.76 26.77 26.77 26.77 26.75 26.73 26.71 26.67 26.62 26.57 26.52 26.47 26.40 26.30 26.17 26.01 25.81 25.59 25.34 25.07 24.77 24.45 24.10 23.73 23.32 22.85 22.36 21.82 21.27 20.69 20.10 19.49 18.89 18.29 17.69 17.09 16.48 15.88 15.27 14.68 14.10 13.53 12.98 12.44 11.92 11.42 10.93 10.46 10.01 9.58 9.15 8.74 8.35 7.97
23.57 23.10 22.78 22.59 22.54 22.60 22.79 23.08 23.46 23.84 24.21 24.58 24.93 25.28 25.59 25.85 26.05 26.20 26.30 26.38 26.43 26.47 26.49 26.52 26.55 26.58 26.60 26.62 26.64 26.65 26.65 26.64 26.63 26.61 26.57 26.54 26.50 26.46 26.42 26.37 26.30 26.20 26.06 25.89 25.69 25.46 25.20 24.91 24.59 24.25 23.88 23.47 23.01 22.51 21.99 21.44 20.87 20.29 19.70 19.11 18.52 17.92 17.32 16.71 16.10 15.49 14.88 14.28 13.70 13.14 12.60 12.07 11.56 11.06 10.59 10.14 9.70 9.28 8.86 8.47 8.08
23.36 22.93 22.63 22.48 22.46 22.57 22.80 23.11 23.44 23.76 24.08 24.39 24.69 24.99 25.27 25.53 25.74 25.90 26.02 26.11 26.17 26.22 26.26 26.30 26.34 26.38 26.42 26.45 26.47 26.49 26.50 26.50 26.50 26.48 26.46 26.44 26.42 26.39 26.36 26.31 26.26 26.19 26.08 25.94 25.76 25.55 25.31 25.03 24.72 24.38 24.01 23.60 23.15 22.66 22.15 21.61 21.05 20.48 19.91 19.33 18.75 18.15 17.54 16.93 16.32 15.70 15.09 14.48 13.89 13.31 12.76 12.22 11.70 11.20 10.73 10.27 9.83 9.41 8.99 8.59 8.21
23.15 22.75 22.51 22.40 22.43 22.59 22.84 23.11 23.38 23.65 23.92 24.18 24.44 24.69 24.94 25.18 25.39 25.56 25.70 25.79 25.87 25.93 25.98 26.04 26.09 26.15 26.20 26.24 26.28 26.31 26.33 26.34 26.34 26.34 26.34 26.33 26.32 26.30 26.28 26.25 26.20 26.15 26.07 25.96 25.80 25.61 25.38 25.12 24.82 24.49 24.13 23.72 23.28 22.80 22.29 21.77 21.22 20.67 20.11 19.54 18.96 18.36 17.76 17.15 16.53 15.91 15.30 14.69 14.08 13.50 12.93 12.38 11.86 11.35 10.87 10.41 9.97 9.54 9.13 8.73 8.34
22.93 22.59 22.40 22.35 22.44 22.63 22.85 23.07 23.29 23.51 23.73 23.95 24.17 24.38 24.59 24.80 25.00 25.18 25.32 25.44 25.53 25.60 25.67 25.74 25.81 25.88 25.94 26.00 26.05 26.09 26.12 26.15 26.17 26.19 26.20 26.21 26.21 26.20 26.19 26.17 26.13 26.08 26.02 25.93 25.81 25.64 25.43 25.19 24.90 24.58 24.22 23.83 23.39 22.92 22.43 21.92 21.39 20.86 20.30 19.74 19.15 18.56 17.96 17.35 16.74 16.12 15.50 14.89 14.29 13.69 13.11 12.56 12.02 11.51 11.03 10.56 10.12 9.69 9.27 8.87 8.48
22.71 22.43 22.31 22.33 22.46 22.62 22.78 22.96 23.13 23.31 23.49 23.68 23.86 24.04 24.23 24.41 24.58 24.75 24.91 25.04 25.15 25.24 25.32 25.40 25.49 25.58 25.66 25.73 25.79 25.85 25.89 25.94 25.98 26.01 26.04 26.07 26.08 26.09 26.09 26.07 26.04 26.00 25.95 25.87 25.77 25.63 25.45 25.22 24.95 24.64 24.30 23.91 23.48 23.03 22.56 22.06 21.55 21.02 20.48 19.91 19.34 18.75 18.15 17.54 16.93 16.32 15.70 15.09 14.49 13.89 13.30 12.74 12.20 11.68 11.19 10.72 10.28 9.84 9.43 9.02 8.63
22.49 22.28 22.24 22.31 22.41 22.52 22.64 22.77 22.91 23.05 23.20 23.35 23.51 23.67 23.83 23.99 24.15 24.30 24.46 24.60 24.72 24.83 24.93 25.03 25.14 25.24 25.34 25.43 25.51 25.58 25.64 25.71 25.77 25.82 25.87 25.91 25.94 25.96 25.97 25.96 25.94 25.91 25.86 25.79 25.70 25.59 25.43 25.22 24.97 24.68 24.34 23.97 23.56 23.12 22.66 22.19 21.69 21.17 20.63 20.07 19.50 18.91 18.32 17.72 17.11 16.51 15.90 15.29 14.69 14.09 13.50 12.93 12.38 11.86 11.36 10.89 10.44 10.01 9.59 9.18 8.78
22.26 22.14 22.15 22.19 22.25 22.33 22.41 22.50 22.61 22.72 22.84 22.97 23.11 23.24 23.39 23.53 23.68 23.83 23.97 24.12 24.26 24.39 24.51 24.63 24.75 24.88 24.99 25.09 25.19 25.28 25.37 25.46 25.54 25.61 25.68 25.73 25.78 25.81 25.83 25.84 25.83 25.80 25.76 25.70 25.61 25.51 25.37 25.19 24.96 24.68 24.36 24.00 23.61 23.19 22.75 22.29 21.80 21.29 20.75 20.21 19.64 19.07 18.48 17.89 17.29 16.68 16.08 15.48 14.88 14.29 13.70 13.13 12.58 12.05 11.54 11.07 10.62 10.18 9.76 9.35 8.95
22.02 21.97 21.96 21.96 21.98 22.02 22.07 22.14 22.22 22.31 22.41 22.52 22.64 22.76 22.89 23.03 23.17 23.31 23.46 23.61 23.76 23.90 24.04 24.19 24.33 24.48 24.61 24.73 24.85 24.97 25.09 25.19 25.29 25.39 25.47 25.54 25.60 25.65 25.68 25.70 25.70 25.68 25.65 25.59 25.51 25.41 25.28 25.12 24.92 24.66 24.35 24.01 23.64 23.24 22.81 22.36 21.88 21.38 20.86 20.32 19.77 19.20 18.62 18.04 17.44 16.85 16.25 15.66 15.06 14.48 13.90 13.33 12.78 12.24 11.74 11.26 10.80 10.37 9.94 9.53 9.14
21.75 21.68 21.63 21.60 21.59 21.60 21.63 21.67 21.73 21.80 21.88 21.98 22.09 22.21 22.33 22.47 22.61 22.75 22.91 23.06 23.22 23.38 23.55 23.71 23.88 24.04 24.20 24.35 24.50 24.64 24.78 24.91 25.03 25.14 25.24 25.33 25.41 25.47 25.52 25.55 25.56 25.55 25.52 25.47 25.39 25.30 25.17 25.02 24.84 24.60 24.31 23.99 23.64 23.26 22.84 22.40 21.94 21.45 20.94 20.41 19.87 19.31 18.74 18.17 17.59 17.00 16.41 15.82 15.24 14.66 14.09 13.53 12.98 12.45 11.94 11.46 11.00 10.56 10.13 9.73 9.36
21.33 21.23 21.15 21.10 21.06 21.05 21.06 21.08 21.12 21.18 21.26 21.35 21.45 21.57 21.70 21.83 21.98 22.14 22.30 22.47 22.65 22.83 23.01 23.20 23.39 23.58 23.76 23.94 24.12 24.29 24.45 24.60 24.75 24.88 25.00 25.11 25.20 25.27 25.33 25.37 25.40 25.40 25.38 25.33 25.26 25.17 25.05 24.90 24.72 24.50 24.24 23.94 23.60 23.24 22.84 22.41 21.96 21.49 20.99 20.48 19.95 19.40 18.85 18.28 17.71 17.14 16.56 15.98 15.41 14.84 14.28 13.72 13.18 12.66 12.15 11.67 11.21 10.77 10.35 9.96 9.60
20.75 20.63 20.52 20.45 20.39 20.36 20.35 20.37 20.40 20.46 20.53 20.62 20.72 20.84 20.97 21.12 21.28 21.45 21.63 21.82 22.02 22.23 22.44 22.66 22.88 23.09 23.31 23.52 23.72 23.91 24.10 24.28 24.44 24.59 24.73 24.86 24.97 25.06 25.13 25.19 25.22 25.23 25.22 25.18 25.12 25.03 24.91 24.76 24.59 24.38 24.13 23.85 23.53 23.18 22.80 22.39 21.95 21.49 21.01 20.51 20.00 19.47 18.93 18.38 17.82 17.25 16.69 16.12 15.56 15.00 14.45 13.91 13.38 12.86 12.36 11.88 11.43 11.00 10.59 10.21 9.86
20.09 19.94 19.81 19.72 19.65 19.60 19.58 19.59 19.62 19.66 19.73 19.82 19.93 20.06 20.20 20.36 20.54 20.72 20.92 21.14 21.36 21.59 21.83 22.09 22.37 22.62 22.86 23.10 23.33 23.55 23.75 23.95 24.14 24.31 24.46 24.60 24.73 24.83 24.92 24.98 25.02 25.04 25.03 25.00 24.94 24.86 24.74 24.59 24.41 24.20 23.96 23.70 23.40 23.07 22.70 22.31 21.89 21.45 20.99 20.50 20.00 19.49 18.96 18.42 17.88 17.33 16.78 16.23 15.68 15.13 14.59 14.06 13.54 13.04 12.55 12.08 11.63 11.21 10.82 10.45 10.10
