data_processed/recharge/precip/Precip_1993_07.asc
ncols        168
nrows        136
xllcorner    455000
yllcorner    2107000
cellsize     500
NODATA_value     -99999
[rows 0 to 31 of 136, columns 0 to 72 of 168]
304.83 301.69 298.41 294.97 291.38 287.63 283.72 279.65 275.42 271.03 266.47 261.75 256.86 251.80 246.57 241.16 235.58 229.83 223.89 217.78 211.49 205.01 198.34 191.51 184.66 177.95 171.41 165.00 158.70 152.51 146.39 140.32 134.29 128.28 122.26 116.23 110.19 104.15 98.12 92.10 86.09 80.11 74.16 68.24 62.37 56.57 50.92 45.46 40.18 35.08 30.16 25.42 20.86 16.48 12.27 8.24 4.38 0.69 0.00 0.00 0.00 0.00 0.00 0.00 0.00 0.00 0.00 0.00 0.00 0.00 0.00 0.00 0.00
309.42 306.47 303.36 300.10 296.68 293.10 289.36 285.46 281.40 277.17 272.78 268.21 263.48 258.57 253.50 248.24 242.81 237.20 231.42 225.44 219.29 212.95 206.42 199.71 192.82 185.90 179.12 172.49 165.98 159.58 153.26 147.00 140.79 134.60 128.42 122.23 116.03 109.84 103.65 97.49 91.34 85.22 79.13 73.07 67.10 61.27 55.63 50.18 44.90 39.81 34.91 30.18 25.62 21.25 17.05 13.02 9.17 5.49 1.98 0.00 0.00 0.00 0.00 0.00 0.00 0.00 0.00 0.00 0.00 0.00 0.00 0.00 0.00
313.84 311.07 308.14 305.05 301.80 298.39 294.82 291.09 287.19 283.12 278.89 274.48 269.90 265.15 260.22 255.12 249.83 244.37 238.72 232.89 226.88 220.67 214.28 207.70 200.92 193.97 186.98 180.12 173.39 166.78 160.25 153.80 147.40 141.03 134.68 128.32 121.96 115.61 109.27 102.95 96.66 90.39 84.16 77.99 71.99 66.17 60.53 55.08 49.81 44.73 39.82 35.10 30.55 26.18 21.99 17.97 14.12 10.44 6.94 3.60 0.43 0.00 0.00 0.00 0.00 0.00 0.00 0.00 0.00 0.00 0.00 0.00 0.00
318.10 315.50 312.74 309.82 306.74 303.50 300.10 296.53 292.79 288.88 284.80 280.55 276.12 271.52 266.74 261.78 256.65 251.32 245.82 240.12 234.24 228.18 221.91 215.46 208.81 201.97 194.94 187.88 180.92 174.09 167.36 160.71 154.12 147.57 141.04 134.51 127.98 121.47 114.97 108.49 102.04 95.62 89.27 83.08 77.07 71.25 65.61 60.17 54.90 49.81 44.91 40.19 35.64 31.27 27.08 23.06 19.21 15.54 12.03 8.70 5.53 2.53 0.00 0.00 0.00 0.00 0.00 0.00 0.00 0.00 0.00 0.00 0.00
322.18 319.75 317.16 314.41 311.50 308.43 305.18 301.77 298.19 294.44 290.52 286.42 282.14 277.69 273.06 268.24 263.24 258.06 252.69 247.14 241.39 235.45 229.32 222.99 216.47 209.75 202.83 195.72 188.57 181.51 174.57 167.71 160.93 154.19 147.48 140.77 134.08 127.40 120.73 114.09 107.48 100.94 94.55 88.35 82.34 76.52 70.88 65.43 60.16 55.07 50.16 45.43 40.89 36.51 32.32 28.29 24.44 20.76 17.26 13.92 10.75 7.74 4.90 2.23 0.00 0.00 0.00 0.00 0.00 0.00 0.00 0.00 0.00
326.08 323.82 321.41 318.82 316.08 313.16 310.08 306.83 303.40 299.80 296.03 292.08 287.96 283.65 279.16 274.48 269.63 264.58 259.35 253.92 248.31 242.50 236.49 230.29 223.89 217.29 210.49 203.48 196.29 189.03 181.87 174.81 167.82 160.89 153.99 147.11 140.24 133.38 126.55 119.74 113.00 106.42 100.02 93.81 87.80 81.97 76.32 70.86 65.58 60.49 55.57 50.84 46.28 41.90 37.70 33.67 29.81 26.13 22.61 19.27 16.09 13.08 10.23 7.55 5.03 2.67 0.47 0.00 0.00 0.00 0.00 0.00 0.00
329.81 327.72 325.46 323.05 320.46 317.71 314.78 311.68 308.41 304.97 301.34 297.54 293.56 289.39 285.05 280.51 275.79 270.88 265.78 260.48 255.00 249.31 243.43 237.35 231.07 224.59 217.91 211.01 203.91 196.62 189.26 181.98 174.79 167.66 160.58 153.51 146.46 139.43 132.42 125.47 118.68 112.09 105.68 99.46 93.43 87.59 81.93 76.46 71.18 66.07 61.14 56.40 51.83 47.44 43.22 39.18 35.31 31.62 28.09 24.73 21.54 18.52 15.66 12.97 10.44 8.07 5.86 3.81 1.91 0.18 0.00 0.00 0.00
333.35 331.43 329.34 327.08 324.65 322.06 319.29 316.34 313.22 309.93 306.45 302.79 298.95 294.93 290.72 286.32 281.73 276.95 271.98 266.82 261.46 255.90 250.14 244.18 238.02 231.65 225.08 218.30 211.31 204.10 196.70 189.23 181.83 174.50 167.22 159.96 152.73 145.51 138.36 131.36 124.55 117.94 111.52 105.29 99.24 93.39 87.72 82.23 76.93 71.80 66.86 62.10 57.52 53.11 48.88 44.83 40.94 37.23 33.69 30.32 27.11 24.08 21.20 18.49 15.95 13.56 11.34 9.27 7.36 5.61 4.01 2.57 1.27
336.71 334.95 333.02 330.92 328.65 326.21 323.59 320.80 317.83 314.68 311.34 307.83 304.13 300.24 296.17 291.90 287.45 282.80 277.96 272.92 267.68 262.24 256.60 250.76 244.71 238.46 232.00 225.32 218.44 211.34 204.03 196.52 188.92 181.39 173.91 166.46 159.03 151.67 144.46 137.44 130.61 123.98 117.54 111.29 105.23 99.35 93.66 88.15 82.83 77.69 72.73 67.95 63.35 58.93 54.68 50.60 46.70 42.97 39.41 36.01 32.79 29.73 26.84 24.11 21.55 19.14 16.90 14.81 12.89 11.11 9.50 8.03 6.72
339.88 338.28 336.51 334.57 332.45 330.16 327.70 325.05 322.22 319.22 316.03 312.65 309.09 305.34 301.40 297.26 292.94 288.42 283.70 278.78 273.66 268.35 262.82 257.10 251.16 245.02 238.66 232.10 225.32 218.32 211.11 203.68 196.05 188.32 180.64 173.00 165.41 157.98 150.74 143.70 136.85 130.20 123.73 117.46 111.37 105.48 99.76 94.23 88.89 83.73 78.74 73.94 69.32 64.87 60.59 56.50 52.57 48.82 45.23 41.82 38.57 35.49 32.58 29.82 27.24 24.81 22.54 20.43 18.48 16.69 15.05 13.56 12.22
342.86 341.42 339.80 338.02 336.05 333.91 331.59 329.09 326.41 323.55 320.49 317.26 313.83 310.21 306.40 302.40 298.20 293.80 289.21 284.41 279.41 274.21 268.80 263.18 257.36 251.32 245.08 238.62 231.94 225.04 217.93 210.59 203.04 195.27 187.40 179.59 171.94 164.48 157.22 150.15 143.27 136.59 130.10 123.80 117.69 111.76 106.02 100.46 95.09 89.90 84.89 80.06 75.41 70.94 66.64 62.51 58.56 54.78 51.17 47.73 44.45 41.34 38.40 35.62 33.01 30.55 28.26 26.12 24.14 22.32 20.65 19.14 17.78
345.64 344.35 342.89 341.25 339.44 337.44 335.27 332.91 330.37 327.64 324.73 321.63 318.33 314.84 311.16 307.28 303.21 298.93 294.46 289.78 284.90 279.81 274.51 269.01 263.29 257.36 251.21 244.85 238.27 231.48 224.46 217.22 209.75 202.06 194.18 186.31 178.62 171.13 163.84 156.74 149.84 143.12 136.60 130.27 124.13 118.17 112.40 106.81 101.41 96.19 91.15 86.29 81.61 77.10 72.77 68.62 64.63 60.82 57.18 53.71 50.40 47.27 44.29 41.48 38.84 36.35 34.03 31.86 29.85 28.00 26.30 24.76 23.36
348.13 346.99 345.68 344.19 342.52 340.67 338.64 336.42 334.01 331.42 328.64 325.67 322.50 319.14 315.58 311.83 307.87 303.71 299.35 294.79 290.02 285.04 279.85 274.45 268.84 263.01 256.96 250.70 244.21 237.51 230.58 223.43 216.05 208.46 200.73 192.94 185.24 177.72 170.40 163.27 156.33 149.59 143.04 136.67 130.50 124.51 118.71 113.09 107.66 102.41 97.34 92.44 87.73 83.19 78.83 74.65 70.63 66.79 63.12 59.61 56.28 53.11 50.10 47.26 44.59 42.07 39.71 37.52 35.48 33.59 31.86 30.29 28.86
350.30 349.31 348.14 346.80 345.27 343.55 341.66 339.57 337.30 334.84 332.18 329.34 326.29 323.05 319.62 315.98 312.14 308.09 303.85 299.39 294.73 289.85 284.77 279.47 273.95 268.22 262.27 256.10 249.70 243.09 236.24 229.18 221.90 214.47 206.91 199.29 191.67 184.14 176.78 169.62 162.66 155.88 149.30 142.91 136.70 130.69 124.85 119.21 113.74 108.46 103.36 98.44 93.69 89.13 84.74 80.52 76.47 72.60 68.90 65.36 62.00 58.80 55.76 52.89 50.19 47.64 45.25 43.02 40.95 39.04 37.28 35.67 34.22
352.16 351.31 350.29 349.08 347.68 346.11 344.34 342.39 340.24 337.90 335.37 332.64 329.72 326.60 323.27 319.75 316.02 312.08 307.94 303.59 299.03 294.25 289.27 284.06 278.64 273.00 267.14 261.06 254.75 248.22 241.45 234.49 227.36 220.10 212.72 205.27 197.82 190.36 182.99 175.81 168.81 162.01 155.40 148.97 142.74 136.69 130.83 125.15 119.66 114.35 109.22 104.27 99.49 94.90 90.48 86.23 82.16 78.25 74.52 70.96 67.56 64.33 61.27 58.37 55.63 53.06 50.64 48.38 46.28 44.34 42.55 40.91 39.43
353.72 353.01 352.12 351.04 349.78 348.33 346.69 344.86 342.84 340.62 338.21 335.60 332.79 329.78 326.56 323.15 319.52 315.69 311.65 307.40 302.93 298.26 293.36 288.25 282.92 277.36 271.59 265.59 259.36 252.90 246.24 239.42 232.46 225.38 218.17 210.89 203.61 196.31 189.02 181.82 174.79 167.96 161.32 154.87 148.61 142.53 136.64 130.94 125.41 120.07 114.92 109.94 105.13 100.51 96.06 91.78 87.68 83.75 79.99 76.40 72.97 69.72 66.62 63.70 60.93 58.32 55.88 53.59 51.46 49.49 47.67 46.01 44.50
354.99 354.41 353.65 352.70 351.56 350.24 348.72 347.01 345.11 343.00 340.71 338.21 335.51 332.60 329.49 326.18 322.66 318.92 314.98 310.82 306.45 301.86 297.06 292.03 286.78 281.31 275.61 269.69 263.54 257.18 250.66 244.01 237.22 230.31 223.26 216.16 209.03 201.90 194.76 187.64 180.60 173.74 167.07 160.60 154.31 148.20 142.29 136.55 131.00 125.64 120.45 115.44 110.61 105.96 101.48 97.18 93.05 89.09 85.30 81.68 78.23 74.95 71.83 68.87 66.07 63.44 60.97 58.66 56.50 54.50 52.65 50.96 49.42
355.97 355.52 354.88 354.06 353.04 351.84 350.44 348.84 347.05 345.06 342.87 340.48 337.88 335.08 332.07 328.86 325.43 321.79 317.94 313.87 309.59 305.09 300.36 295.42 290.25 284.86 279.23 273.39 267.33 261.11 254.76 248.27 241.65 234.89 228.02 221.08 214.12 207.14 200.17 193.19 186.22 179.35 172.66 166.15 159.84 153.71 147.76 142.00 136.43 131.03 125.82 120.78 115.93 111.25 106.74 102.41 98.26 94.27 90.46 86.81 83.33 80.02 76.87 73.89 71.07 68.41 65.91 63.57 61.39 59.36 57.49 55.77 54.20
356.68 356.35 355.83 355.13 354.23 353.13 351.85 350.36 348.68 346.79 344.71 342.42 339.92 337.22 334.31 331.18 327.85 324.30 320.53 316.55 312.35 307.93 303.29 298.42 293.33 288.00 282.45 276.69 270.77 264.72 258.53 252.20 245.75 239.15 232.44 225.66 218.86 212.04 205.22 198.40 191.58 184.78 178.07 171.54 165.20 159.04 153.07 147.29 141.69 136.27 131.03 125.97 121.08 116.38 111.85 107.49 103.31 99.30 95.46 91.78 88.28 84.94 81.77 78.76 75.91 73.23 70.70 68.34 66.13 64.07 62.17 60.43 58.84
357.11 356.90 356.50 355.91 355.12 354.14 352.96 351.58 350.00 348.22 346.23 344.04 341.64 339.03 336.20 333.17 329.92 326.46 322.78 318.87 314.75 310.41 305.84 301.04 296.02 290.77 285.30 279.68 273.92 268.02 261.99 255.82 249.53 243.09 236.54 229.92 223.27 216.61 209.94 203.27 196.60 189.94 183.30 176.76 170.39 164.21 158.22 152.41 146.78 141.33 136.07 130.98 126.08 121.35 116.79 112.41 108.20 104.17 100.30 96.60 93.07 89.71 86.51 83.48 80.61 77.90 75.35 72.95 70.72 68.64 66.72 64.95 63.33
357.29 357.19 356.90 356.42 355.74 354.86 353.78 352.51 351.02 349.34 347.44 345.34 343.03 340.51 337.78 334.83 331.66 328.28 324.67 320.85 316.80 312.52 308.02 303.29 298.34 293.17 287.84 282.37 276.77 271.03 265.15 259.14 253.00 246.73 240.33 233.86 227.37 220.86 214.34 207.82 201.29 194.78 188.27 181.80 175.42 169.21 163.19 157.36 151.71 146.24 140.95 135.84 130.91 126.16 121.58 117.17 112.94 108.88 104.99 101.27 97.71 94.33 91.10 88.05 85.15 82.42 79.84 77.42 75.17 73.06 71.11 69.32 67.68
357.21 357.22 357.04 356.66 356.08 355.31 354.33 353.14 351.76 350.16 348.36 346.35 344.12 341.68 339.03 336.16 333.07 329.76 326.23 322.47 318.49 314.29 309.85 305.19 300.31 295.27 290.09 284.78 279.33 273.74 268.02 262.17 256.18 250.06 243.81 237.50 231.16 224.80 218.42 212.04 205.66 199.29 192.92 186.58 180.26 174.05 168.01 162.15 156.47 150.98 145.67 140.54 135.58 130.81 126.20 121.77 117.52 113.44 109.52 105.78 102.20 98.79 95.54 92.46 89.54 86.79 84.19 81.75 79.47 77.34 75.37 73.55 71.88
356.89 357.01 356.93 356.65 356.17 355.48 354.60 353.51 352.21 350.70 348.98 347.05 344.91 342.55 339.97 337.18 334.16 330.92 327.46 323.77 319.85 315.71 311.33 306.75 302.00 297.11 292.08 286.92 281.62 276.18 270.61 264.90 259.07 253.10 247.00 240.84 234.64 228.43 222.20 215.96 209.72 203.48 197.26 191.05 184.86 178.70 172.65 166.77 161.08 155.56 150.23 145.07 140.10 135.29 130.67 126.22 121.94 117.84 113.90 110.13 106.53 103.10 99.83 96.73 93.79 91.01 88.38 85.92 83.62 81.47 79.48 77.63 75.95
356.34 356.55 356.57 356.38 356.00 355.40 354.61 353.60 352.39 350.96 349.32 347.47 345.40 343.12 340.61 337.89 334.94 331.76 328.36 324.74 320.88 316.79 312.49 308.03 303.43 298.69 293.81 288.79 283.64 278.35 272.93 267.37 261.68 255.86 249.91 243.89 237.84 231.77 225.68 219.58 213.48 207.38 201.28 195.20 189.15 183.11 177.12 171.23 165.51 159.98 154.62 149.44 144.45 139.62 134.98 130.51 126.21 122.08 118.12 114.33 110.71 107.26 103.97 100.84 97.88 95.08 92.43 89.95 87.62 85.45 83.44 81.58 79.87
355.55 355.86 355.97 355.88 355.58 355.07 354.36 353.43 352.30 350.95 349.39 347.61 345.61 343.40 340.96 338.30 335.41 332.30 328.96 325.39 321.59 317.57 313.39 309.08 304.62 300.02 295.29 290.41 285.40 280.26 274.98 269.57 264.02 258.35 252.54 246.67 240.76 234.83 228.88 222.91 216.95 210.98 205.01 199.06 193.13 187.22 181.35 175.51 169.79 164.23 158.85 153.66 148.64 143.80 139.13 134.64 130.32 126.17 122.19 118.38 114.74 111.26 107.95 104.81 101.82 99.00 96.34 93.83 91.49 89.29 87.26 85.37 83.64
354.55 354.95 355.15 355.14 354.92 354.50 353.86 353.02 351.96 350.68 349.19 347.48 345.55 343.40 341.02 338.42 335.59 332.54 329.25 325.73 322.00 318.10 314.07 309.89 305.57 301.12 296.52 291.79 286.93 281.92 276.79 271.51 266.11 260.57 254.91 249.18 243.41 237.61 231.80 225.97 220.13 214.29 208.45 202.63 196.82 191.04 185.28 179.56 173.89 168.32 162.92 157.71 152.67 147.81 143.12 138.61 134.27 130.10 126.10 122.27 118.61 115.12 111.79 108.62 105.62 102.77 100.09 97.57 95.20 92.99 90.93 89.03 87.28
353.34 353.82 354.10 354.17 354.04 353.69 353.13 352.35 351.36 350.16 348.73 347.08 345.22 343.12 340.81 338.26 335.49 332.48 329.24 325.79 322.18 318.42 314.52 310.48 306.30 301.98 297.53 292.94 288.21 283.35 278.35 273.21 267.95 262.55 257.03 251.43 245.80 240.13 234.45 228.75 223.04 217.33 211.62 205.91 200.23 194.56 188.92 183.32 177.75 172.24 166.83 161.60 156.54 151.66 146.95 142.42 138.06 133.88 129.86 126.01 122.33 118.82 115.47 112.28 109.26 106.40 103.70 101.15 98.77 96.54 94.46 92.54 90.77
351.93 352.49 352.85 352.99 352.93 352.65 352.16 351.46 350.53 349.39 348.02 346.44 344.62 342.59 340.32 337.83 335.10 332.14 328.97 325.63 322.15 318.53 314.76 310.86 306.82 302.64 298.32 293.86 289.27 284.54 279.68 274.68 269.55 264.28 258.90 253.43 247.93 242.40 236.85 231.27 225.69 220.10 214.51 208.93 203.36 197.81 192.28 186.79 181.34 175.93 170.57 165.33 160.25 155.35 150.63 146.08 141.70 137.50 133.46 129.60 125.90 122.37 119.00 115.80 112.76 109.88 107.16 104.59 102.19 99.94 97.85 95.91 94.12
350.32 350.96 351.39 351.61 351.61 351.40 350.97 350.33 349.47 348.38 347.07 345.54 343.78 341.79 339.58 337.13 334.45 331.55 328.49 325.28 321.93 318.44 314.81 311.04 307.13 303.08 298.89 294.57 290.11 285.51 280.78 275.92 270.92 265.79 260.53 255.20 249.83 244.43 239.00 233.55 228.09 222.62 217.14 211.68 206.22 200.79 195.37 189.99 184.64 179.34 174.08 168.89 163.80 158.89 154.15 149.58 145.19 140.96 136.91 133.03 129.31 125.76 122.38 119.16 116.10 113.21 110.47 107.89 105.47 103.20 101.09 99.14 97.33
348.53 349.24 349.73 350.02 350.09 349.94 349.57 348.99 348.18 347.15 345.89 344.41 342.70 340.75 338.58 336.17 333.55 330.76 327.83 324.75 321.53 318.17 314.67 311.03 307.24 303.32 299.27 295.07 290.74 286.27 281.67 276.94 272.07 267.07 261.94 256.74 251.50 246.22 240.91 235.58 230.24 224.89 219.53 214.18 208.84 203.51 198.20 192.93 187.68 182.48 177.33 172.23 167.19 162.26 157.51 152.92 148.51 144.28 140.21 136.31 132.58 129.01 125.61 122.37 119.30 116.39 113.63 111.04 108.60 106.32 104.19 102.22 100.40
346.56 347.33 347.89 348.24 348.37 348.28 347.97 347.43 346.68 345.69 344.48 343.05 341.38 339.47 337.34 334.99 332.47 329.81 327.00 324.05 320.95 317.72 314.34 310.83 307.17 303.38 299.45 295.38 291.18 286.84 282.36 277.75 273.01 268.14 263.14 258.06 252.94 247.78 242.60 237.39 232.16 226.92 221.68 216.44 211.20 205.98 200.78 195.61 190.47 185.36 180.31 175.30 170.35 165.47 160.71 156.11 151.69 147.43 143.35 139.43 135.69 132.11 128.69 125.44 122.35 119.42 116.65 114.04 111.59 109.29 107.15 105.16 103.32
344.42 345.25 345.87 346.28 346.46 346.42 346.16 345.68 344.97 344.03 342.86 341.46 339.83 337.97 335.88 333.63 331.24 328.70 326.01 323.19 320.22 317.10 313.85 310.46 306.93 303.26 299.45 295.51 291.43 287.21 282.86 278.37 273.76 269.00 264.13 259.17 254.17 249.13 244.06 238.97 233.85 228.73 223.59 218.46 213.33 208.22 203.12 198.04 193.00 188.00 183.03 178.12 173.26 168.47 163.75 159.14 154.70 150.43 146.34 142.41 138.64 135.05 131.62 128.35 125.25 122.30 119.52 116.90 114.43 112.12 109.96 107.96 106.10
