data_processed/recharge/precip/Precip_2011_11.asc
ncols        168
nrows        136
xllcorner    455000
yllcorner    2107000
cellsize     500
NODATA_value     -99999
[rows 0 to 34 of 136, columns 79 to 157 of 168]
64.73 62.77 60.72 58.59 56.42 54.22 52.03 49.87 47.77 45.75 43.83 42.04 40.41 38.96 37.71 36.70 35.94 35.48 35.39 35.69 36.12 36.36 36.36 36.25 36.09 35.90 35.68 35.44 35.17 34.89 34.60 34.30 34.00 33.69 33.40 33.11 32.84 32.58 32.35 32.15 31.98 31.84 31.71 31.48 31.08 30.61 30.25 30.05 30.15 30.66 31.55 32.81 34.40 36.30 38.47 40.87 43.50 46.30 49.26 52.34 55.52 58.75 62.02 65.30 68.54 71.73 74.84 77.82 80.63 83.19 85.46 87.20 88.27 88.79 88.99 88.97 88.73 88.29 87.68
65.09 62.94 60.71 58.43 56.12 53.82 51.54 49.31 47.16 45.10 43.18 41.40 39.80 38.41 37.24 36.32 35.68 35.35 35.36 35.76 36.29 36.60 36.78 36.89 36.94 36.93 36.87 36.77 36.62 36.43 36.21 35.96 35.68 35.39 35.07 34.74 34.41 34.07 33.73 33.40 33.07 32.76 32.47 32.17 31.75 31.24 30.84 30.74 31.04 31.73 32.79 34.18 35.88 37.84 40.05 42.48 45.09 47.85 50.73 53.71 56.76 59.83 62.91 65.97 68.97 71.88 74.68 77.33 79.80 82.05 83.98 85.35 86.16 86.63 86.86 86.86 86.65 86.24 85.65
65.15 62.81 60.42 57.99 55.57 53.16 50.80 48.51 46.31 44.24 42.32 40.57 39.01 37.68 36.59 35.78 35.27 35.08 35.23 35.77 36.42 36.95 37.38 37.72 37.98 38.16 38.27 38.31 38.28 38.19 38.05 37.85 37.61 37.32 36.99 36.63 36.23 35.81 35.37 34.92 34.45 33.97 33.48 33.00 32.49 31.95 31.66 31.78 32.29 33.16 34.36 35.87 37.66 39.69 41.93 44.36 46.94 49.65 52.45 55.32 58.22 61.12 64.00 66.83 69.57 72.19 74.68 76.98 79.08 80.95 82.50 83.59 84.34 84.83 85.07 85.09 84.88 84.49 83.91
64.92 62.40 59.85 57.29 54.75 52.25 49.82 47.48 45.25 43.17 41.26 39.54 38.04 36.78 35.79 35.09 34.71 34.68 35.01 35.71 36.57 37.38 38.07 38.65 39.13 39.50 39.78 39.97 40.07 40.08 40.02 39.88 39.68 39.40 39.07 38.68 38.23 37.74 37.20 36.62 36.01 35.37 34.70 34.01 33.30 32.75 32.69 33.03 33.74 34.78 36.13 37.75 39.62 41.71 43.98 46.40 48.95 51.59 54.30 57.05 59.80 62.53 65.20 67.79 70.27 72.60 74.75 76.71 78.42 79.88 81.12 82.14 82.88 83.37 83.61 83.63 83.43 83.03 82.46
64.44 61.77 59.08 56.40 53.76 51.18 48.69 46.32 44.08 42.00 40.11 38.44 37.01 35.84 34.96 34.39 34.16 34.30 34.80 35.57 36.54 37.59 38.55 39.37 40.07 40.65 41.11 41.45 41.69 41.81 41.84 41.77 41.61 41.36 41.02 40.61 40.12 39.56 38.93 38.24 37.50 36.70 35.85 34.96 34.01 33.28 33.31 33.88 34.81 36.04 37.54 39.29 41.26 43.41 45.72 48.16 50.69 53.29 55.92 58.56 61.18 63.74 66.22 68.59 70.81 72.86 74.71 76.32 77.68 78.82 79.89 80.84 81.57 82.06 82.29 82.30 82.10 81.70 81.12
63.77 60.95 58.14 55.36 52.64 50.00 47.47 45.08 42.84 40.79 38.95 37.34 35.99 34.93 34.18 33.76 33.70 34.00 34.57 35.37 36.36 37.51 38.70 39.78 40.71 41.49 42.14 42.65 43.03 43.27 43.40 43.40 43.29 43.07 42.75 42.32 41.79 41.18 40.47 39.68 38.81 37.86 36.84 35.73 34.56 33.60 33.46 34.13 35.28 36.72 38.40 40.31 42.39 44.64 47.01 49.48 52.02 54.60 57.18 59.74 62.24 64.67 66.98 69.14 71.14 72.93 74.49 75.80 76.88 77.87 78.82 79.66 80.33 80.80 81.04 81.04 80.83 80.43 79.84
62.91 59.97 57.06 54.19 51.41 48.73 46.19 43.79 41.58 39.57 37.79 36.26 35.02 34.08 33.47 33.22 33.32 33.69 34.28 35.10 36.12 37.29 38.57 39.87 41.04 42.04 42.88 43.56 44.09 44.47 44.70 44.79 44.74 44.56 44.25 43.82 43.27 42.60 41.82 40.93 39.94 38.85 37.65 36.33 34.94 33.78 33.43 33.96 35.20 36.87 38.76 40.83 43.07 45.43 47.89 50.42 52.99 55.56 58.11 60.61 63.03 65.34 67.50 69.50 71.29 72.85 74.15 75.22 76.17 77.06 77.90 78.64 79.22 79.63 79.85 79.85 79.63 79.22 78.63
61.91 58.86 55.85 52.93 50.10 47.40 44.85 42.47 40.30 38.35 36.65 35.22 34.10 33.30 32.86 32.76 32.93 33.32 33.93 34.77 35.81 37.00 38.30 39.69 41.07 42.30 43.34 44.21 44.89 45.41 45.75 45.94 45.96 45.83 45.54 45.11 44.54 43.83 42.98 42.01 40.91 39.66 38.26 36.75 35.18 33.84 33.31 33.65 34.77 36.53 38.64 40.92 43.32 45.83 48.40 51.01 53.63 56.22 58.77 61.24 63.59 65.81 67.85 69.69 71.30 72.66 73.77 74.72 75.58 76.38 77.13 77.77 78.26 78.59 78.76 78.74 78.52 78.10 77.50
60.76 57.63 54.56 51.58 48.73 46.02 43.49 41.15 39.03 37.15 35.55 34.25 33.27 32.63 32.34 32.31 32.49 32.90 33.53 34.39 35.45 36.66 37.98 39.39 40.85 42.27 43.53 44.59 45.44 46.10 46.57 46.85 46.95 46.87 46.62 46.21 45.62 44.88 43.98 42.92 41.69 40.26 38.69 37.01 35.28 33.78 33.10 33.28 34.24 35.90 38.11 40.60 43.20 45.86 48.57 51.28 53.98 56.63 59.19 61.65 63.96 66.10 68.05 69.76 71.22 72.42 73.44 74.32 75.11 75.82 76.49 77.05 77.45 77.71 77.80 77.74 77.51 77.08 76.47
59.51 56.30 53.18 50.18 47.32 44.62 42.12 39.83 37.79 36.01 34.53 33.36 32.53 32.05 31.82 31.81 32.01 32.43 33.08 33.96 35.03 36.26 37.60 39.03 40.51 42.01 43.45 44.71 45.74 46.55 47.15 47.54 47.73 47.72 47.51 47.11 46.52 45.76 44.80 43.64 42.24 40.66 38.94 37.12 35.26 33.63 32.82 32.87 33.69 35.20 37.33 39.92 42.73 45.58 48.45 51.29 54.09 56.81 59.41 61.88 64.18 66.28 68.15 69.76 71.11 72.24 73.20 74.02 74.73 75.37 75.97 76.45 76.78 76.97 77.00 76.88 76.61 76.16 75.54
58.20 54.91 51.76 48.74 45.89 43.23 40.77 38.56 36.61 34.94 33.59 32.58 31.90 31.48 31.26 31.26 31.48 31.91 32.58 33.47 34.57 35.81 37.17 38.62 40.12 41.64 43.15 44.58 45.79 46.77 47.51 48.02 48.30 48.36 48.20 47.83 47.25 46.46 45.42 44.12 42.58 40.87 39.03 37.10 35.12 33.39 32.47 32.41 33.12 34.52 36.53 39.05 41.97 45.03 48.08 51.07 53.99 56.80 59.48 61.98 64.29 66.36 68.18 69.73 71.02 72.11 73.02 73.79 74.44 75.02 75.55 75.97 76.24 76.36 76.34 76.17 75.85 75.37 74.73
56.85 53.49 50.30 47.29 44.47 41.85 39.47 37.34 35.50 33.97 32.77 31.90 31.28 30.87 30.67 30.68 30.90 31.36 32.04 32.95 34.06 35.32 36.70 38.16 39.68 41.22 42.75 44.24 45.62 46.76 47.65 48.28 48.67 48.81 48.71 48.38 47.81 46.95 45.79 44.37 42.73 40.91 38.96 36.94 34.89 33.07 32.07 31.93 32.55 33.86 35.78 38.21 41.07 44.25 47.49 50.67 53.73 56.66 59.43 61.99 64.33 66.40 68.20 69.71 70.98 72.03 72.90 73.62 74.23 74.76 75.23 75.59 75.81 75.88 75.81 75.60 75.24 74.72 74.06
55.48 52.09 48.86 45.85 43.07 40.52 38.22 36.21 34.49 33.11 32.05 31.24 30.63 30.23 30.03 30.06 30.30 30.76 31.46 32.38 33.51 34.79 36.18 37.66 39.19 40.75 42.30 43.81 45.24 46.54 47.58 48.35 48.85 49.08 49.05 48.75 48.14 47.19 45.93 44.41 42.68 40.78 38.76 36.67 34.56 32.69 31.63 31.43 31.99 33.24 35.09 37.45 40.24 43.38 46.75 50.12 53.35 56.42 59.30 61.95 64.34 66.43 68.21 69.71 70.96 71.98 72.82 73.51 74.08 74.56 74.98 75.30 75.47 75.51 75.40 75.16 74.76 74.23 73.54
54.11 50.71 47.48 44.47 41.73 39.26 37.07 35.17 33.61 32.36 31.36 30.56 29.95 29.56 29.37 29.40 29.65 30.13 30.84 31.78 32.93 34.22 35.63 37.12 38.67 40.24 41.80 43.33 44.78 46.13 47.32 48.23 48.85 49.17 49.21 48.90 48.21 47.17 45.83 44.24 42.45 40.50 38.43 36.30 34.15 32.25 31.16 30.93 31.45 32.66 34.46 36.78 39.53 42.62 45.97 49.46 52.89 56.13 59.14 61.89 64.34 66.44 68.22 69.71 70.95 71.95 72.77 73.44 73.97 74.42 74.81 75.09 75.23 75.24 75.10 74.83 74.42 73.86 73.16
52.75 49.36 46.16 43.19 40.48 38.09 36.01 34.27 32.83 31.64 30.64 29.85 29.25 28.86 28.68 28.72 28.98 29.47 30.20 31.15 32.31 33.62 35.04 36.55 38.11 39.69 41.27 42.81 44.28 45.65 46.88 47.92 48.66 49.09 49.14 48.76 48.00 46.91 45.52 43.89 42.06 40.07 37.99 35.84 33.68 31.77 30.68 30.43 30.95 32.14 33.93 36.23 38.95 42.02 45.34 48.83 52.39 55.81 58.98 61.83 64.31 66.43 68.21 69.71 70.94 71.94 72.74 73.39 73.91 74.34 74.69 74.94 75.06 75.05 74.90 74.61 74.18 73.62 72.92
51.40 48.07 44.93 42.02 39.38 37.06 35.10 33.48 32.10 30.91 29.91 29.12 28.52 28.14 27.97 28.02 28.29 28.79 29.52 30.49 31.67 32.99 34.43 35.95 37.52 39.12 40.71 42.26 43.74 45.12 46.37 47.46 48.31 48.77 48.77 48.35 47.55 46.42 45.01 43.35 41.51 39.52 37.43 35.29 33.15 31.27 30.19 29.96 30.48 31.69 33.48 35.79 38.51 41.58 44.90 48.39 51.97 55.52 58.83 61.73 64.23 66.37 68.17 69.68 70.91 71.92 72.72 73.36 73.87 74.28 74.62 74.85 74.96 74.93 74.77 74.48 74.05 73.49 72.80
50.09 46.84 43.79 40.97 38.43 36.21 34.33 32.73 31.35 30.16 29.16 28.37 27.78 27.40 27.24 27.30 27.58 28.09 28.83 29.81 31.00 32.33 33.78 35.32 36.90 38.51 40.11 41.68 43.17 44.56 45.82 46.91 47.72 48.14 48.11 47.66 46.85 45.71 44.30 42.65 40.82 38.85 36.79 34.68 32.58 30.74 29.71 29.51 30.08 31.32 33.15 35.48 38.23 41.32 44.67 48.18 51.77 55.31 58.62 61.55 64.09 66.26 68.09 69.61 70.86 71.88 72.69 73.34 73.85 74.25 74.58 74.80 74.90 74.88 74.72 74.43 74.01 73.46 72.78
48.83 45.69 42.75 40.05 37.64 35.53 33.66 32.01 30.59 29.40 28.40 27.61 27.03 26.65 26.49 26.56 26.85 27.36 28.12 29.11 30.31 31.66 33.12 34.66 36.26 37.88 39.50 41.07 42.57 43.98 45.24 46.25 46.91 47.22 47.17 46.73 45.92 44.80 43.41 41.79 40.00 38.07 36.06 34.01 31.97 30.20 29.24 29.11 29.74 31.04 32.93 35.32 38.12 41.26 44.65 48.20 51.77 55.18 58.37 61.30 63.88 66.08 67.94 69.50 70.78 71.82 72.65 73.30 73.82 74.23 74.56 74.79 74.89 74.87 74.72 74.45 74.05 73.52 72.86
47.62 44.62 41.83 39.29 37.01 34.93 33.03 31.34 29.87 28.64 27.64 26.85 26.26 25.89 25.74 25.81 26.10 26.63 27.39 28.40 29.61 30.97 32.44 33.99 35.60 37.24 38.86 40.44 41.96 43.36 44.53 45.37 45.89 46.09 45.97 45.54 44.77 43.69 42.35 40.79 39.06 37.20 35.27 33.30 31.35 29.68 28.80 28.77 29.48 30.87 32.84 35.31 38.19 41.40 44.86 48.41 51.84 55.10 58.16 61.00 63.58 65.83 67.73 69.33 70.64 71.71 72.57 73.25 73.78 74.21 74.55 74.78 74.90 74.90 74.77 74.52 74.15 73.65 73.03
46.48 43.66 41.05 38.66 36.44 34.36 32.44 30.71 29.19 27.91 26.87 26.08 25.50 25.13 24.98 25.05 25.35 25.89 26.66 27.67 28.89 30.26 31.74 33.31 34.93 36.57 38.20 39.80 41.31 42.61 43.61 44.30 44.68 44.78 44.59 44.14 43.41 42.40 41.13 39.65 38.00 36.24 34.41 32.55 30.72 29.16 28.41 28.49 29.32 30.81 32.89 35.46 38.45 41.76 45.23 48.63 51.90 55.02 57.96 60.70 63.22 65.48 67.44 69.09 70.45 71.56 72.45 73.16 73.72 74.17 74.53 74.79 74.93 74.95 74.86 74.64 74.30 73.85 73.26
45.43 42.81 40.38 38.08 35.88 33.81 31.88 30.13 28.58 27.24 26.15 25.31 24.73 24.36 24.21 24.29 24.60 25.14 25.92 26.94 28.17 29.55 31.04 32.62 34.25 35.90 37.54 39.13 40.53 41.65 42.48 43.02 43.29 43.30 43.06 42.58 41.87 40.94 39.77 38.39 36.86 35.22 33.51 31.78 30.09 28.68 28.07 28.29 29.25 30.88 33.09 35.80 38.90 42.24 45.57 48.80 51.92 54.90 57.73 60.38 62.83 65.07 67.06 68.76 70.18 71.34 72.28 73.03 73.63 74.11 74.50 74.78 74.96 75.02 74.96 74.79 74.50 74.09 73.58
44.46 42.05 39.74 37.48 35.32 33.27 31.35 29.59 28.01 26.63 25.49 24.59 23.97 23.60 23.45 23.53 23.84 24.39 25.18 26.21 27.45 28.83 30.34 31.92 33.56 35.21 36.85 38.33 39.54 40.47 41.13 41.55 41.72 41.66 41.38 40.89 40.20 39.33 38.27 37.02 35.63 34.13 32.57 31.00 29.47 28.23 27.79 28.18 29.31 31.10 33.46 36.31 39.46 42.65 45.79 48.86 51.83 54.70 57.42 60.00 62.40 64.60 66.59 68.34 69.82 71.04 72.04 72.84 73.49 74.01 74.43 74.76 74.98 75.08 75.08 74.96 74.72 74.39 74.04
43.58 41.31 39.07 36.87 34.76 32.73 30.83 29.07 27.48 26.08 24.90 23.94 23.26 22.84 22.69 22.78 23.09 23.65 24.44 25.48 26.73 28.12 29.63 31.22 32.86 34.51 36.03 37.30 38.31 39.07 39.59 39.89 39.98 39.86 39.56 39.07 38.42 37.61 36.65 35.56 34.32 32.99 31.61 30.23 28.89 27.84 27.59 28.16 29.48 31.46 34.00 36.91 39.91 42.90 45.86 48.77 51.62 54.37 57.01 59.52 61.88 64.06 66.05 67.83 69.37 70.65 71.71 72.58 73.28 73.85 74.33 74.70 74.97 75.14 75.19 75.13 74.98 74.81 74.67
42.70 40.53 38.37 36.25 34.18 32.20 30.33 28.59 26.99 25.58 24.36 23.37 22.62 22.14 21.95 22.03 22.35 22.91 23.71 24.75 26.01 27.41 28.92 30.52 32.16 33.68 34.98 36.03 36.85 37.46 37.86 38.06 38.08 37.93 37.61 37.15 36.54 35.81 34.96 34.01 32.96 31.82 30.64 29.46 28.34 27.51 27.48 28.27 29.80 31.98 34.59 37.35 40.14 42.94 45.74 48.51 51.23 53.88 56.44 58.90 61.22 63.40 65.40 67.21 68.80 70.17 71.30 72.24 73.00 73.64 74.17 74.61 74.94 75.16 75.28 75.32 75.34 75.38 75.43
41.75 39.69 37.63 35.59 33.59 31.67 29.83 28.12 26.54 25.12 23.89 22.86 22.07 21.53 21.27 21.31 21.62 22.18 22.99 24.04 25.30 26.70 28.23 29.81 31.32 32.61 33.67 34.53 35.18 35.65 35.94 36.06 36.03 35.85 35.54 35.11 34.57 33.94 33.21 32.41 31.54 30.62 29.67 28.72 27.84 27.25 27.46 28.49 30.25 32.52 34.98 37.51 40.10 42.73 45.37 48.01 50.62 53.19 55.68 58.09 60.39 62.57 64.59 66.45 68.11 69.56 70.78 71.80 72.64 73.35 73.95 74.45 74.85 75.15 75.37 75.58 75.81 76.05 76.29
40.74 38.80 36.84 34.90 32.99 31.13 29.34 27.66 26.11 24.70 23.46 22.41 21.59 21.00 20.68 20.65 20.92 21.47 22.28 23.34 24.60 26.01 27.52 28.97 30.23 31.27 32.13 32.80 33.31 33.65 33.84 33.90 33.83 33.65 33.36 32.98 32.52 32.00 31.41 30.78 30.11 29.41 28.71 28.02 27.40 27.08 27.56 28.85 30.72 32.82 35.05 37.37 39.77 42.23 44.73 47.25 49.76 52.24 54.69 57.06 59.35 61.54 63.59 65.50 67.24 68.79 70.13 71.25 72.18 72.97 73.65 74.23 74.71 75.11 75.51 75.94 76.37 76.81 77.22
39.65 37.84 36.01 34.17 32.35 30.57 28.85 27.22 25.69 24.31 23.07 22.02 21.17 20.55 20.18 20.08 20.28 20.79 21.59 22.65 23.92 25.32 26.69 27.87 28.87 29.70 30.36 30.86 31.23 31.46 31.58 31.59 31.50 31.32 31.07 30.76 30.40 30.00 29.56 29.11 28.66 28.20 27.77 27.36 27.03 27.01 27.77 29.19 30.88 32.74 34.75 36.87 39.10 41.40 43.77 46.17 48.59 51.01 53.41 55.77 58.06 60.26 62.36 64.34 66.16 67.83 69.30 70.56 71.61 72.49 73.25 73.92 74.51 75.10 75.72 76.36 76.99 77.61 78.19
38.48 36.82 35.12 33.40 31.68 29.99 28.35 26.77 25.30 23.94 22.73 21.68 20.82 20.17 19.76 19.61 19.74 20.18 20.94 21.99 23.25 24.50 25.58 26.50 27.26 27.88 28.36 28.72 28.96 29.10 29.16 29.13 29.04 28.89 28.69 28.46 28.21 27.95 27.68 27.43 27.20 27.01 26.86 26.77 26.75 27.04 27.94 29.18 30.62 32.25 34.04 35.98 38.04 40.20 42.44 44.75 47.09 49.46 51.82 54.16 56.46 58.70 60.86 62.91 64.83 66.62 68.23 69.66 70.89 71.90 72.76 73.54 74.32 75.14 75.98 76.81 77.63 78.42 79.15
37.23 35.73 34.18 32.58 30.98 29.39 27.83 26.33 24.91 23.60 22.42 21.38 20.53 19.87 19.43 19.23 19.31 19.67 20.36 21.36 22.45 23.41 24.22 24.89 25.43 25.85 26.16 26.39 26.52 26.59 26.59 26.55 26.47 26.36 26.23 26.10 25.98 25.87 25.79 25.76 25.77 25.85 26.00 26.24 26.57 27.03 27.75 28.72 29.92 31.33 32.92 34.67 36.58 38.60 40.73 42.95 45.22 47.54 49.88 52.22 54.54 56.82 59.04 61.18 63.22 65.13 66.90 68.50 69.92 71.14 72.16 73.14 74.16 75.19 76.23 77.26 78.25 79.20 80.08
35.94 34.60 33.20 31.74 30.26 28.78 27.32 25.90 24.55 23.29 22.15 21.14 20.29 19.63 19.17 18.94 18.97 19.27 19.88 20.75 21.63 22.30 22.84 23.27 23.60 23.84 24.01 24.11 24.16 24.16 24.13 24.08 24.02 23.96 23.92 23.90 23.92 23.98 24.10 24.29 24.57 24.93 25.40 25.98 26.56 27.01 27.49 28.19 29.14 30.32 31.70 33.28 35.02 36.90 38.92 41.03 43.24 45.50 47.81 50.15 52.48 54.80 57.08 59.30 61.44 63.48 65.39 67.17 68.78 70.21 71.46 72.67 73.91 75.16 76.40 77.61 78.77 79.87 80.89
34.62 33.46 32.21 30.90 29.55 28.19 26.83 25.50 24.22 23.02 21.92 20.94 20.11 19.45 18.98 18.73 18.71 18.96 19.46 20.19 20.92 21.40 21.69 21.90 22.03 22.10 22.13 22.12 22.08 22.03 21.98 21.94 21.92 21.92 21.97 22.08 22.25 22.49 22.83 23.26 23.80 24.46 25.25 26.07 26.71 27.14 27.53 27.99 28.67 29.60 30.76 32.13 33.68 35.41 37.29 39.29 41.40 43.59 45.86 48.16 50.49 52.83 55.15 57.43 59.65 61.79 63.84 65.76 67.55 69.17 70.63 72.06 73.51 74.96 76.39 77.77 79.10 80.34 81.50
33.28 32.30 31.22 30.06 28.85 27.60 26.35 25.11 23.92 22.78 21.73 20.79 19.98 19.33 18.86 18.58 18.53 18.70 19.08 19.67 20.27 20.63 20.77 20.76 20.71 20.63 20.53 20.42 20.31 20.22 20.16 20.14 20.16 20.24 20.40 20.64 20.97 21.41 21.96 22.64 23.47 24.43 25.45 26.31 26.93 27.36 27.73 28.10 28.54 29.20 30.11 31.26 32.61 34.16 35.88 37.74 39.74 41.84 44.03 46.29 48.60 50.93 53.26 55.58 57.87 60.10 62.25 64.30 66.24 68.03 69.69 71.31 72.95 74.58 76.19 77.74 79.22 80.61 81.88
31.91 31.12 30.21 29.20 28.13 27.02 25.88 24.74 23.63 22.57 21.58 20.68 19.90 19.26 18.79 18.50 18.39 18.45 18.71 19.18 19.66 19.93 19.98 19.86 19.64 19.41 19.20 19.00 18.84 18.72 18.65 18.66 18.74 18.91 19.18 19.57 20.08 20.72 21.51 22.45 23.56 24.74 25.79 26.63 27.24 27.65 28.02 28.37 28.72 29.14 29.78 30.68 31.82 33.16 34.70 36.41 38.27 40.26 42.36 44.55 46.80 49.11 51.44 53.78 56.11 58.40 60.64 62.80 64.87 66.81 68.64 70.43 72.23 74.02 75.79 77.50 79.13 80.64 82.04
30.50 29.90 29.17 28.33 27.41 26.43 25.41 24.38 23.36 22.37 21.45 20.60 19.85 19.24 18.76 18.44 18.24 18.21 18.37 18.72 19.09 19.27 19.27 19.11 18.80 18.45 18.13 17.86 17.65 17.51 17.46 17.50 17.65 17.92 18.32 18.87 19.56 20.42 21.45 22.66 23.97 25.18 26.20 27.02 27.61 28.02 28.37 28.71 29.04 29.38 29.78 30.42 31.30 32.43 33.76 35.29 37.00 38.85 40.84 42.94 45.13 47.39 49.70 52.04 54.39 56.72 59.02 61.27 63.44 65.52 67.49 69.43 71.37 73.29 75.19 77.04 78.80 80.45 81.95
29.05 28.64 28.10 27.43 26.66 25.82 24.93 24.01 23.09 22.19 21.33 20.54 19.84 19.24 18.75 18.36 18.10 17.98 18.04 18.29 18.56 18.67 18.62 18.43 18.12 17.72 17.32 16.98 16.73 16.59 16.56 16.66 16.89 17.27 17.81 18.52 19.41 20.50 21.78 23.18 24.50 25.68 26.68 27.47 28.05 28.44 28.79 29.12 29.44 29.75 30.07 30.46 31.09 31.97 33.08 34.41 35.94 37.64 39.50 41.48 43.59 45.78 48.05 50.36 52.71 55.06 57.41 59.72 61.98 64.16 66.26 68.33 70.39 72.42 74.42 76.36 78.24 80.00 81.61
