data_processed/recharge/precip/Precip_1988_06.asc
ncols        168
nrows        136
xllcorner    455000
yllcorner    2107000
cellsize     500
NODATA_value     -99999
[rows 96 to 127 of 136, columns 73 to 145 of 168]
136.30 135.21 134.18 133.19 132.25 131.35 130.47 129.66 129.21 129.46 130.45 132.14 134.52 137.52 141.11 145.25 149.89 154.99 160.50 166.38 172.56 178.28 182.68 185.70 187.40 187.81 186.98 184.93 181.72 177.38 171.95 165.53 158.59 151.61 144.94 138.94 133.65 129.04 125.09 121.78 119.09 116.99 115.45 114.46 113.98 113.76 113.55 113.33 113.11 112.89 112.67 112.46 112.24 112.04 111.84 111.66 111.57 111.63 111.88 112.40 113.16 114.12 115.25 116.51 117.86 119.27 120.70 122.12 123.47 124.52 125.13 125.30 125.11
138.02 136.96 135.96 135.00 134.07 133.19 132.36 131.88 132.07 132.93 134.44 136.59 139.35 142.68 146.54 150.88 155.66 160.85 166.38 172.23 178.32 183.89 188.07 190.82 192.20 192.22 190.94 188.39 184.62 179.66 173.62 167.00 160.27 153.53 146.84 140.50 134.85 129.93 125.72 122.19 119.33 117.10 115.48 114.46 113.99 113.80 113.62 113.44 113.26 113.07 112.89 112.71 112.53 112.36 112.21 112.15 112.22 112.41 112.71 113.17 113.87 114.76 115.82 117.01 118.29 119.64 121.00 122.35 123.63 124.63 125.20 125.38 125.21
139.60 138.57 137.59 136.65 135.75 134.91 134.41 134.52 135.28 136.65 138.60 141.10 144.14 147.69 151.70 156.14 160.97 166.13 171.58 177.28 183.17 188.47 192.33 194.71 195.65 195.18 193.34 190.19 185.75 180.13 173.87 167.47 161.01 154.56 148.13 141.81 135.88 130.66 126.19 122.46 119.43 117.08 115.40 114.35 113.90 113.76 113.62 113.49 113.35 113.21 113.07 112.94 112.81 112.69 112.67 112.77 113.00 113.33 113.74 114.22 114.83 115.63 116.59 117.69 118.87 120.12 121.38 122.63 123.81 124.73 125.25 125.40 125.23
141.00 140.01 139.06 138.14 137.29 136.76 136.81 137.46 138.68 140.44 142.72 145.49 148.71 152.37 156.43 160.86 165.61 170.64 175.90 181.35 186.92 191.86 195.29 197.18 197.57 196.50 194.00 190.13 184.98 179.13 173.10 166.98 160.83 154.68 148.57 142.55 136.67 131.22 126.51 122.58 119.40 116.95 115.20 114.14 113.72 113.63 113.55 113.47 113.39 113.30 113.22 113.14 113.07 113.10 113.25 113.53 113.91 114.36 114.89 115.45 116.05 116.73 117.57 118.54 119.60 120.71 121.85 122.97 124.03 124.84 125.27 125.36 125.16
142.22 141.25 140.32 139.46 138.90 138.88 139.43 140.50 142.08 144.13 146.63 149.55 152.86 156.53 160.54 164.84 169.41 174.20 179.16 184.25 189.40 193.86 196.75 198.05 197.78 196.00 192.73 188.11 182.71 177.09 171.37 165.57 159.73 153.91 148.14 142.46 136.92 131.56 126.68 122.55 119.23 116.68 114.88 113.82 113.43 113.41 113.40 113.38 113.36 113.34 113.33 113.32 113.40 113.62 113.95 114.39 114.91 115.49 116.12 116.76 117.42 118.06 118.76 119.57 120.47 121.44 122.42 123.38 124.28 124.95 125.26 125.27 125.01
143.20 142.27 141.39 140.80 140.72 141.16 142.09 143.48 145.31 147.55 150.16 153.12 156.41 159.99 163.83 167.91 172.19 176.63 181.18 185.80 190.42 194.29 196.54 197.13 196.10 193.50 189.44 184.54 179.39 174.09 168.69 163.22 157.74 152.27 146.85 141.54 136.37 131.38 126.63 122.38 118.92 116.29 114.45 113.38 113.05 113.10 113.16 113.22 113.28 113.33 113.40 113.55 113.84 114.25 114.76 115.35 116.00 116.69 117.41 118.14 118.84 119.52 120.15 120.79 121.51 122.28 123.08 123.86 124.57 125.07 125.24 125.13 124.78
143.94 143.05 142.43 142.29 142.62 143.41 144.62 146.22 148.19 150.50 153.12 156.02 159.18 162.56 166.14 169.88 173.76 177.74 181.78 185.82 189.80 192.97 194.46 194.24 192.34 188.89 184.54 179.90 175.09 170.13 165.08 159.97 154.85 149.75 144.72 139.79 135.02 130.43 126.07 122.00 118.47 115.76 113.89 112.84 112.57 112.69 112.84 112.99 113.13 113.28 113.52 113.88 114.37 114.97 115.64 116.37 117.15 117.95 118.76 119.55 120.31 121.01 121.64 122.18 122.70 123.26 123.84 124.41 124.91 125.20 125.20 124.95 124.48
144.42 143.77 143.56 143.79 144.43 145.45 146.83 148.54 150.55 152.82 155.34 158.07 160.99 164.06 167.27 170.57 173.94 177.36 180.76 184.12 187.35 189.72 190.34 189.20 186.41 182.66 178.58 174.28 169.82 165.23 160.55 155.82 151.08 146.38 141.75 137.23 132.87 128.71 124.78 121.14 117.83 115.10 113.20 112.18 111.97 112.20 112.44 112.68 112.92 113.25 113.72 114.30 114.99 115.75 116.58 117.45 118.35 119.25 120.14 120.99 121.78 122.51 123.14 123.65 124.05 124.38 124.72 125.04 125.29 125.36 125.16 124.73 124.12
144.77 144.50 144.62 145.12 145.96 147.12 148.56 150.26 152.20 154.33 156.64 159.09 161.67 164.33 167.05 169.80 172.55 175.29 177.96 180.52 182.90 184.34 184.00 181.92 178.80 175.33 171.61 167.68 163.60 159.39 155.10 150.77 146.44 142.16 137.95 133.87 129.95 126.23 122.76 119.58 116.72 114.25 112.39 111.40 111.27 111.60 111.94 112.30 112.73 113.30 113.99 114.78 115.66 116.59 117.57 118.57 119.58 120.57 121.52 122.43 123.25 123.99 124.61 125.10 125.44 125.62 125.70 125.75 125.73 125.54 125.11 124.49 123.80
145.07 145.09 145.45 146.11 147.04 148.22 149.62 151.21 152.96 154.85 156.84 158.91 161.03 163.17 165.30 167.39 169.42 171.36 173.18 174.83 176.24 176.67 175.34 172.92 170.09 166.99 163.65 160.12 156.43 152.63 148.76 144.85 140.95 137.10 133.34 129.71 126.25 123.01 120.01 117.31 114.95 112.96 111.40 110.50 110.46 110.90 111.37 111.92 112.61 113.42 114.32 115.31 116.37 117.46 118.58 119.70 120.81 121.89 122.90 123.85 124.70 125.44 126.05 126.51 126.80 126.89 126.79 126.55 126.23 125.75 125.07 124.32 123.58
145.17 145.38 145.86 146.57 147.49 148.58 149.83 151.20 152.67 154.20 155.76 157.34 158.90 160.41 161.84 163.17 164.37 165.40 166.25 166.88 167.22 166.61 164.92 162.80 160.36 157.66 154.73 151.61 148.34 144.96 141.53 138.06 134.61 131.22 127.93 124.78 121.80 119.04 116.55 114.36 112.51 111.04 110.00 109.43 109.54 110.11 110.79 111.60 112.54 113.58 114.69 115.88 117.10 118.35 119.60 120.84 122.04 123.18 124.26 125.24 126.11 126.85 127.43 127.85 128.07 128.09 127.88 127.42 126.79 126.01 125.16 124.31 123.50
144.88 145.18 145.68 146.34 147.14 148.05 149.05 150.10 151.17 152.25 153.29 154.27 155.17 155.95 156.58 157.05 157.31 157.34 157.12 156.61 155.84 154.83 153.45 151.72 149.69 147.40 144.89 142.21 139.38 136.45 133.46 130.46 127.49 124.57 121.77 119.10 116.63 114.38 112.41 110.74 109.42 108.49 108.00 107.98 108.48 109.32 110.28 111.35 112.53 113.78 115.10 116.47 117.85 119.24 120.62 121.96 123.25 124.46 125.58 126.59 127.47 128.19 128.75 129.11 129.27 129.19 128.87 128.28 127.43 126.44 125.45 124.49 123.56
143.91 144.27 144.76 145.34 146.00 146.70 147.42 148.12 148.78 149.37 149.85 150.22 150.42 150.45 150.26 149.83 149.13 148.13 146.81 145.21 143.84 142.87 141.82 140.48 138.84 136.95 134.85 132.57 130.16 127.67 125.12 122.56 120.04 117.59 115.25 113.07 111.08 109.32 107.85 106.69 105.88 105.48 105.52 106.07 107.31 108.78 110.05 111.37 112.77 114.23 115.73 117.26 118.79 120.30 121.78 123.21 124.56 125.83 126.97 127.99 128.86 129.55 130.06 130.35 130.42 130.24 129.79 129.06 128.13 127.06 125.93 124.82 123.77
142.13 142.58 143.08 143.63 144.17 144.69 145.15 145.53 145.81 145.94 145.91 145.68 145.22 144.52 143.53 142.24 140.61 138.61 136.29 134.15 132.69 131.70 130.75 129.71 128.42 126.89 125.15 123.24 121.21 119.10 116.95 114.79 112.68 110.64 108.73 106.98 105.43 104.13 103.11 102.41 102.08 102.16 102.72 103.98 106.05 108.34 110.21 111.80 113.39 115.03 116.69 118.36 120.01 121.62 123.18 124.67 126.06 127.35 128.50 129.50 130.32 130.96 131.39 131.59 131.55 131.23 130.64 129.84 128.89 127.79 126.58 125.32 124.11
139.58 140.15 140.72 141.24 141.70 142.07 142.32 142.41 142.33 142.04 141.51 140.72 139.64 138.24 136.49 134.36 131.83 128.93 126.14 123.97 122.50 121.47 120.50 119.55 118.53 117.31 115.88 114.30 112.61 110.84 109.04 107.24 105.49 103.83 102.29 100.93 99.78 98.88 98.27 98.00 98.09 98.64 99.87 101.93 104.75 107.78 110.41 112.55 114.37 116.16 117.95 119.73 121.47 123.16 124.77 126.29 127.70 128.98 130.11 131.07 131.83 132.39 132.72 132.80 132.61 132.15 131.47 130.64 129.67 128.57 127.34 125.98 124.60
136.37 137.05 137.70 138.24 138.65 138.90 138.96 138.80 138.39 137.71 136.72 135.40 133.72 131.66 129.17 126.25 122.91 119.61 116.84 114.70 113.22 112.17 111.17 110.20 109.27 108.28 107.13 105.83 104.43 102.95 101.45 99.97 98.54 97.21 96.01 94.99 94.19 93.65 93.41 93.51 94.02 95.20 97.20 99.97 103.44 107.11 110.43 113.27 115.60 117.57 119.46 121.33 123.14 124.87 126.51 128.04 129.44 130.69 131.77 132.65 133.33 133.78 133.98 133.91 133.57 133.02 132.30 131.45 130.48 129.38 128.13 126.75 125.27
132.74 133.37 134.09 134.68 135.07 135.23 135.13 134.74 134.04 133.00 131.58 129.77 127.53 124.83 121.64 118.00 114.34 111.11 108.42 106.32 104.85 103.77 102.75 101.76 100.82 99.91 98.96 97.90 96.74 95.51 94.27 93.06 91.90 90.85 89.95 89.23 88.73 88.50 88.59 89.05 90.16 92.07 94.75 98.14 102.16 106.37 110.27 113.75 116.73 119.15 121.19 123.11 124.96 126.72 128.36 129.87 131.24 132.43 133.43 134.22 134.78 135.10 135.14 134.92 134.47 133.87 133.13 132.27 131.29 130.19 128.94 127.55 126.04
128.88 129.35 129.98 130.60 131.00 131.10 130.88 130.30 129.34 127.97 126.16 123.87 121.10 117.79 114.00 110.11 106.56 103.46 100.85 98.80 97.34 96.25 95.21 94.21 93.25 92.34 91.46 90.57 89.61 88.59 87.57 86.57 85.65 84.84 84.18 83.71 83.48 83.52 83.92 84.94 86.74 89.31 92.57 96.48 100.94 105.58 109.97 113.98 117.55 120.58 123.02 125.03 126.90 128.65 130.27 131.74 133.04 134.15 135.05 135.72 136.14 136.29 136.17 135.84 135.34 134.70 133.93 133.06 132.09 131.00 129.75 128.35 126.83
124.91 125.19 125.61 126.11 126.51 126.59 126.27 125.53 124.34 122.66 120.49 117.77 114.49 110.67 106.70 102.97 99.60 96.63 94.12 92.12 90.67 89.58 88.54 87.53 86.57 85.64 84.76 83.93 83.11 82.26 81.40 80.59 79.85 79.23 78.77 78.52 78.50 78.81 79.72 81.40 83.83 86.95 90.69 95.01 99.83 104.80 109.56 114.01 118.06 121.63 124.63 126.99 128.90 130.62 132.20 133.60 134.81 135.81 136.58 137.10 137.36 137.34 137.10 136.70 136.15 135.48 134.70 133.83 132.87 131.79 130.54 129.14 127.61
120.93 121.00 121.20 121.45 121.68 121.72 121.34 120.47 119.08 117.14 114.63 111.51 107.81 103.88 100.12 96.61 93.42 90.59 88.19 86.25 84.83 83.74 82.70 81.69 80.73 79.80 78.93 78.10 77.33 76.59 75.86 75.17 74.58 74.11 73.80 73.71 73.91 74.69 76.23 78.51 81.46 85.02 89.15 93.78 98.84 104.05 109.10 113.88 118.31 122.31 125.79 128.67 130.88 132.60 134.10 135.40 136.50 137.36 137.98 138.33 138.41 138.26 137.95 137.49 136.91 136.21 135.42 134.54 133.60 132.53 131.30 129.91 128.37
117.04 116.89 116.85 116.83 116.77 116.60 116.15 115.18 113.62 111.45 108.63 105.19 101.45 97.79 94.29 91.02 88.01 85.33 83.03 81.17 79.78 78.70 77.66 76.67 75.71 74.80 73.93 73.11 72.35 71.65 70.99 70.40 69.90 69.53 69.34 69.42 70.04 71.42 73.52 76.29 79.66 83.58 87.98 92.82 98.03 103.37 108.60 113.61 118.32 122.65 126.51 129.83 132.50 134.48 135.93 137.11 138.06 138.77 139.21 139.37 139.31 139.09 138.71 138.21 137.59 136.87 136.06 135.20 134.27 133.23 132.01 130.63 129.09
113.34 112.96 112.66 112.35 111.99 111.49 110.79 109.71 108.01 105.64 102.59 99.19 95.76 92.42 89.19 86.15 83.34 80.82 78.64 76.85 75.50 74.43 73.42 72.44 71.49 70.59 69.74 68.94 68.20 67.51 66.89 66.34 65.89 65.59 65.51 65.97 67.16 69.07 71.63 74.78 78.47 82.64 87.22 92.18 97.42 102.80 108.10 113.24 118.14 122.70 126.84 130.48 133.54 135.93 137.59 138.68 139.47 139.99 140.23 140.25 140.10 139.80 139.37 138.82 138.17 137.43 136.63 135.77 134.87 133.86 132.66 131.29 129.76
109.94 109.31 108.73 108.13 107.44 106.59 105.52 104.15 102.31 99.80 96.87 93.82 90.76 87.73 84.79 81.99 79.39 77.03 74.97 73.27 71.96 70.92 69.93 68.97 68.05 67.17 66.35 65.57 64.85 64.19 63.59 63.06 62.62 62.38 62.65 63.64 65.34 67.67 70.59 74.02 77.93 82.25 86.91 91.87 97.06 102.37 107.65 112.82 117.79 122.48 126.81 130.68 134.02 136.74 138.76 140.01 140.66 140.98 141.07 140.99 140.76 140.40 139.91 139.32 138.65 137.90 137.10 136.26 135.39 134.40 133.23 131.88 130.36
106.94 106.04 105.17 104.26 103.23 102.01 100.55 98.78 96.64 94.27 91.75 89.11 86.42 83.72 81.06 78.51 76.12 73.93 72.00 70.39 69.14 68.13 67.17 66.24 65.35 64.51 63.71 62.96 62.27 61.64 61.08 60.58 60.20 60.27 61.05 62.51 64.60 67.26 70.43 74.05 78.07 82.44 87.08 91.95 96.98 102.12 107.28 112.37 117.32 122.04 126.44 130.45 133.97 136.92 139.22 140.78 141.55 141.77 141.75 141.59 141.28 140.85 140.32 139.69 139.00 138.25 137.45 136.63 135.80 134.85 133.71 132.38 130.88
104.44 103.26 102.09 100.84 99.45 97.86 95.99 93.82 91.53 89.37 87.25 85.02 82.71 80.34 77.99 75.69 73.51 71.50 69.72 68.21 67.02 66.05 65.12 64.23 63.38 62.57 61.81 61.11 60.45 59.86 59.33 58.92 58.93 59.55 60.77 62.60 64.98 67.86 71.19 74.90 78.94 83.25 87.77 92.44 97.21 102.08 107.01 111.94 116.76 121.41 125.79 129.83 133.43 136.51 138.99 140.79 141.90 142.33 142.27 142.02 141.64 141.15 140.58 139.92 139.21 138.46 137.68 136.88 136.09 135.19 134.08 132.78 131.30
102.54 101.07 99.57 97.98 96.22 94.23 91.97 89.62 87.38 85.30 83.39 81.54 79.60 77.58 75.53 73.50 71.55 69.72 68.08 66.68 65.56 64.64 63.75 62.91 62.10 61.34 60.63 59.97 59.36 58.81 58.38 58.38 59.00 60.18 61.84 63.95 66.52 69.53 72.91 76.60 80.56 84.71 89.01 93.39 97.80 102.29 106.90 111.55 116.15 120.63 124.89 128.85 132.43 135.54 138.11 140.12 141.56 142.37 142.55 142.27 141.82 141.29 140.67 139.99 139.27 138.52 137.76 137.00 136.25 135.39 134.33 133.06 131.61
101.35 99.57 97.73 95.77 93.63 91.25 88.80 86.45 84.26 82.22 80.36 78.68 77.09 75.41 73.67 71.92 70.20 68.57 67.08 65.79 64.75 63.87 63.05 62.25 61.50 60.79 60.13 59.52 58.97 58.53 58.52 59.15 60.37 62.08 64.17 66.57 69.26 72.29 75.62 79.20 82.97 86.86 90.83 94.82 98.77 102.79 106.98 111.25 115.53 119.73 123.76 127.55 131.01 134.06 136.68 138.86 140.56 141.72 142.30 142.27 141.82 141.23 140.59 139.89 139.16 138.42 137.68 136.96 136.26 135.45 134.43 133.21 131.79
100.97 98.86 96.67 94.33 91.81 89.22 86.73 84.38 82.19 80.15 78.30 76.64 75.17 73.81 72.39 70.91 69.43 68.00 66.68 65.51 64.55 63.74 62.97 62.23 61.54 60.89 60.29 59.74 59.30 59.31 59.97 61.23 62.99 65.17 67.65 70.36 73.20 76.18 79.37 82.73 86.21 89.75 93.29 96.78 100.17 103.62 107.27 111.07 114.92 118.74 122.46 125.97 129.21 132.16 134.81 137.10 138.98 140.42 141.36 141.75 141.56 140.98 140.31 139.60 138.87 138.14 137.43 136.75 136.10 135.36 134.39 133.21 131.83
101.50 99.05 96.49 93.78 91.02 88.36 85.82 83.43 81.19 79.12 77.23 75.54 74.06 72.80 71.65 70.46 69.23 68.01 66.85 65.81 64.94 64.20 63.50 62.83 62.20 61.62 61.09 60.66 60.69 61.39 62.70 64.54 66.80 69.39 72.22 75.20 78.22 81.21 84.18 87.22 90.31 93.39 96.41 99.30 102.03 104.80 107.83 111.04 114.37 117.72 121.00 124.15 127.14 129.96 132.55 134.88 136.89 138.53 139.75 140.51 140.76 140.47 139.82 139.10 138.38 137.67 136.99 136.35 135.77 135.09 134.17 133.04 131.70
103.05 100.23 97.31 94.35 91.48 88.72 86.10 83.62 81.30 79.15 77.19 75.43 73.89 72.57 71.49 70.54 69.56 68.55 67.57 66.67 65.90 65.23 64.61 64.02 63.46 62.96 62.56 62.61 63.36 64.74 66.66 69.02 71.73 74.69 77.82 81.01 84.17 87.21 90.05 92.71 95.31 97.83 100.22 102.42 104.38 106.37 108.67 111.21 113.91 116.68 119.45 122.19 124.90 127.51 129.99 132.28 134.34 136.11 137.56 138.62 139.25 139.41 139.06 138.38 137.67 136.99 136.34 135.76 135.24 134.63 133.77 132.70 131.40
105.71 102.53 99.34 96.23 93.22 90.33 87.58 84.98 82.54 80.27 78.20 76.33 74.68 73.26 72.09 71.18 70.41 69.62 68.83 68.07 67.40 66.82 66.27 65.76 65.29 64.93 65.03 65.83 67.29 69.30 71.77 74.61 77.72 81.01 84.38 87.74 91.00 94.05 96.81 99.19 101.25 103.11 104.77 106.17 107.26 108.38 109.85 111.61 113.58 115.68 117.89 120.19 122.54 124.88 127.17 129.36 131.40 133.24 134.83 136.13 137.07 137.63 137.74 137.38 136.73 136.08 135.48 134.95 134.50 133.96 133.18 132.16 130.91
109.61 106.14 102.75 99.46 96.27 93.22 90.30 87.53 84.93 82.51 80.28 78.26 76.47 74.91 73.60 72.56 71.79 71.19 70.58 69.97 69.42 68.93 68.47 68.05 67.73 67.88 68.76 70.30 72.42 75.02 77.99 81.26 84.72 88.28 91.85 95.33 98.63 101.65 104.29 106.48 108.11 109.26 110.09 110.58 110.72 110.86 111.39 112.27 113.42 114.81 116.43 118.22 120.14 122.14 124.18 126.19 128.14 129.97 131.64 133.10 134.29 135.18 135.70 135.82 135.50 134.93 134.38 133.91 133.54 133.07 132.36 131.40 130.21
