data_processed/recharge/precip/Precip_1996_02.asc
ncols        168
nrows        136
xllcorner    455000
yllcorner    2107000
cellsize     500
NODATA_value     -99999
[rows 74 to 110 of 136, columns 0 to 83 of 168]
15.74 14.73 13.75 12.84 12.00 11.23 10.51 9.85 9.25 8.68 8.17 7.69 7.25 6.83 6.45 6.09 5.74 5.41 5.10 4.79 4.48 4.17 3.87 3.57 3.28 2.99 2.70 2.43 2.15 1.89 1.63 1.38 1.13 0.90 0.67 0.46 0.25 0.06 0.00 0.00 0.00 0.00 0.00 0.00 0.00 0.00 0.00 0.00 0.00 0.00 0.00 0.00 0.00 0.00 0.00 0.00 0.00 0.00 0.00 0.00 0.00 0.00 0.00 0.00 0.00 0.00 0.00 0.00 0.00 0.00 0.00 0.00 0.00 0.00 0.00 0.00 0.00 0.00 0.00 0.08 0.18 0.27 0.35 0.43
16.90 15.95 14.95 13.99 13.09 12.27 11.51 10.80 10.15 9.55 8.99 8.48 8.01 7.56 7.15 6.76 6.40 6.05 5.72 5.39 5.07 4.75 4.44 4.13 3.82 3.52 3.22 2.93 2.65 2.37 2.10 1.84 1.58 1.34 1.10 0.87 0.66 0.45 0.26 0.07 0.00 0.00 0.00 0.00 0.00 0.00 0.00 0.00 0.00 0.00 0.00 0.00 0.00 0.00 0.00 0.00 0.00 0.00 0.00 0.00 0.00 0.00 0.00 0.00 0.00 0.00 0.00 0.00 0.00 0.00 0.00 0.00 0.00 0.00 0.00 0.00 0.00 0.00 0.00 0.06 0.15 0.24 0.32 0.40
17.95 17.09 16.15 15.17 14.22 13.35 12.54 11.79 11.09 10.45 9.86 9.31 8.80 8.32 7.88 7.47 7.08 6.71 6.36 6.02 5.69 5.35 5.03 4.70 4.38 4.07 3.76 3.46 3.16 2.87 2.59 2.31 2.04 1.79 1.54 1.30 1.07 0.86 0.65 0.46 0.27 0.10 0.00 0.00 0.00 0.00 0.00 0.00 0.00 0.00 0.00 0.00 0.00 0.00 0.00 0.00 0.00 0.00 0.00 0.00 0.00 0.00 0.00 0.00 0.00 0.00 0.00 0.00 0.00 0.00 0.00 0.00 0.00 0.00 0.00 0.00 0.00 0.00 0.00 0.04 0.12 0.20 0.28 0.35
18.88 18.11 17.27 16.35 15.39 14.46 13.60 12.80 12.06 11.38 10.75 10.16 9.62 9.11 8.64 8.21 7.79 7.40 7.03 6.67 6.33 5.98 5.64 5.30 4.97 4.64 4.32 4.00 3.69 3.39 3.09 2.80 2.52 2.25 1.99 1.74 1.50 1.27 1.06 0.85 0.65 0.46 0.29 0.12 0.00 0.00 0.00 0.00 0.00 0.00 0.00 0.00 0.00 0.00 0.00 0.00 0.00 0.00 0.00 0.00 0.00 0.00 0.00 0.00 0.00 0.00 0.00 0.00 0.00 0.00 0.00 0.00 0.00 0.00 0.00 0.00 0.00 0.00 0.00 0.02 0.10 0.17 0.24 0.31
19.70 19.03 18.28 17.45 16.55 15.61 14.70 13.85 13.07 12.34 11.67 11.05 10.47 9.93 9.43 8.97 8.53 8.12 7.73 7.35 6.99 6.63 6.27 5.92 5.57 5.23 4.89 4.56 4.24 3.92 3.61 3.31 3.02 2.73 2.46 2.20 1.94 1.70 1.47 1.25 1.04 0.84 0.66 0.48 0.31 0.15 0.01 0.00 0.00 0.00 0.00 0.00 0.00 0.00 0.00 0.00 0.00 0.00 0.00 0.00 0.00 0.00 0.00 0.00 0.00 0.00 0.00 0.00 0.00 0.00 0.00 0.00 0.00 0.00 0.00 0.00 0.00 0.00 0.00 0.00 0.07 0.14 0.21 0.27
20.42 19.83 19.18 18.44 17.64 16.76 15.83 14.94 14.11 13.34 12.63 11.97 11.35 10.78 10.25 9.76 9.30 8.86 8.45 8.06 7.68 7.30 6.93 6.56 6.20 5.84 5.49 5.14 4.80 4.47 4.14 3.83 3.52 3.22 2.94 2.66 2.40 2.14 1.90 1.67 1.44 1.23 1.03 0.84 0.66 0.49 0.33 0.19 0.05 0.00 0.00 0.00 0.00 0.00 0.00 0.00 0.00 0.00 0.00 0.00 0.00 0.00 0.00 0.00 0.00 0.00 0.00 0.00 0.00 0.00 0.00 0.00 0.00 0.00 0.00 0.00 0.00 0.00 0.00 0.00 0.04 0.11 0.17 0.23
21.04 20.54 19.97 19.33 18.61 17.83 16.96 16.06 15.18 14.37 13.61 12.91 12.26 11.66 11.10 10.57 10.09 9.63 9.19 8.78 8.39 7.99 7.60 7.22 6.84 6.47 6.10 5.74 5.38 5.03 4.69 4.36 4.04 3.73 3.43 3.14 2.86 2.60 2.34 2.09 1.86 1.63 1.42 1.22 1.03 0.84 0.67 0.51 0.36 0.22 0.09 0.00 0.00 0.00 0.00 0.00 0.00 0.00 0.00 0.00 0.00 0.00 0.00 0.00 0.00 0.00 0.00 0.00 0.00 0.00 0.00 0.00 0.00 0.00 0.00 0.00 0.00 0.00 0.00 0.00 0.02 0.07 0.13 0.18
21.56 21.14 20.65 20.10 19.48 18.78 18.01 17.17 16.28 15.42 14.63 13.89 13.20 12.56 11.97 11.42 10.90 10.42 9.96 9.53 9.12 8.71 8.30 7.90 7.50 7.11 6.73 6.35 5.98 5.61 5.26 4.91 4.58 4.25 3.94 3.63 3.34 3.06 2.79 2.53 2.28 2.05 1.82 1.61 1.40 1.21 1.02 0.85 0.68 0.53 0.38 0.25 0.12 0.01 0.00 0.00 0.00 0.00 0.00 0.00 0.00 0.00 0.00 0.00 0.00 0.00 0.00 0.00 0.00 0.00 0.00 0.00 0.00 0.00 0.00 0.00 0.00 0.00 0.00 0.00 0.00 0.04 0.09 0.13
21.98 21.64 21.24 20.77 20.23 19.63 18.95 18.20 17.38 16.51 15.67 14.89 14.17 13.49 12.87 12.28 11.74 11.23 10.75 10.30 9.87 9.44 9.02 8.60 8.18 7.78 7.37 6.98 6.59 6.21 5.84 5.47 5.12 4.78 4.46 4.14 3.83 3.54 3.26 2.98 2.72 2.47 2.23 2.00 1.78 1.58 1.38 1.19 1.01 0.85 0.69 0.54 0.40 0.28 0.16 0.05 0.00 0.00 0.00 0.00 0.00 0.00 0.00 0.00 0.00 0.00 0.00 0.00 0.00 0.00 0.00 0.00 0.00 0.00 0.00 0.00 0.00 0.00 0.00 0.00 0.00 0.01 0.05 0.09
22.32 22.05 21.72 21.34 20.89 20.37 19.78 19.13 18.40 17.59 16.74 15.92 15.16 14.45 13.79 13.18 12.60 12.07 11.57 11.10 10.64 10.20 9.75 9.32 8.88 8.46 8.04 7.62 7.22 6.82 6.43 6.05 5.69 5.33 4.99 4.66 4.34 4.03 3.74 3.45 3.17 2.91 2.66 2.41 2.18 1.96 1.75 1.55 1.36 1.18 1.00 0.84 0.69 0.55 0.42 0.30 0.19 0.09 0.00 0.00 0.00 0.00 0.00 0.00 0.00 0.00 0.00 0.00 0.00 0.00 0.00 0.00 0.00 0.00 0.00 0.00 0.00 0.00 0.00 0.00 0.00 0.00 0.01 0.04
22.56 22.36 22.11 21.81 21.44 21.01 20.51 19.94 19.31 18.60 17.81 16.98 16.18 15.43 14.74 14.09 13.49 12.93 12.40 11.91 11.44 10.97 10.51 10.05 9.60 9.15 8.71 8.28 7.86 7.44 7.04 6.65 6.27 5.90 5.54 5.20 4.86 4.54 4.23 3.93 3.64 3.36 3.09 2.83 2.59 2.35 2.13 1.91 1.71 1.51 1.33 1.16 0.99 0.84 0.69 0.56 0.43 0.32 0.21 0.12 0.03 0.00 0.00 0.00 0.00 0.00 0.00 0.00 0.00 0.00 0.00 0.00 0.00 0.00 0.00 0.00 0.00 0.00 0.00 0.00 0.00 0.00 0.00 0.00
22.71 22.59 22.41 22.18 21.89 21.54 21.13 20.65 20.11 19.49 18.80 18.03 17.22 16.44 15.71 15.03 14.40 13.81 13.26 12.74 12.25 11.76 11.28 10.80 10.33 9.87 9.41 8.95 8.51 8.08 7.66 7.26 6.86 6.48 6.11 5.75 5.40 5.06 4.73 4.42 4.11 3.82 3.54 3.27 3.01 2.76 2.52 2.29 2.07 1.86 1.67 1.48 1.30 1.13 0.97 0.83 0.69 0.56 0.44 0.33 0.23 0.14 0.06 0.00 0.00 0.00 0.00 0.00 0.00 0.00 0.00 0.00 0.00 0.00 0.00 0.00 0.00 0.00 0.00 0.00 0.00 0.00 0.00 0.00
22.78 22.73 22.62 22.47 22.25 21.98 21.65 21.26 20.80 20.27 19.68 19.01 18.26 17.47 16.71 15.99 15.33 14.71 14.14 13.60 13.08 12.57 12.07 11.57 11.08 10.59 10.11 9.64 9.19 8.74 8.31 7.88 7.47 7.07 6.69 6.31 5.95 5.60 5.25 4.92 4.61 4.30 4.00 3.72 3.44 3.18 2.92 2.68 2.45 2.22 2.01 1.81 1.62 1.44 1.26 1.10 0.95 0.81 0.67 0.55 0.44 0.33 0.24 0.15 0.07 0.00 0.00 0.00 0.00 0.00 0.00 0.00 0.00 0.00 0.00 0.00 0.00 0.00 0.00 0.00 0.00 0.00 0.00 0.00
22.77 22.78 22.75 22.66 22.52 22.33 22.08 21.77 21.39 20.95 20.44 19.87 19.22 18.49 17.72 16.98 16.28 15.64 15.03 14.47 13.93 13.40 12.88 12.36 11.84 11.34 10.84 10.35 9.88 9.42 8.97 8.53 8.10 7.69 7.29 6.89 6.51 6.15 5.79 5.45 5.11 4.79 4.48 4.18 3.89 3.61 3.34 3.08 2.83 2.60 2.37 2.15 1.95 1.75 1.56 1.39 1.22 1.06 0.92 0.78 0.65 0.53 0.42 0.32 0.23 0.15 0.08 0.01 0.00 0.00 0.00 0.00 0.00 0.00 0.00 0.00 0.00 0.00 0.00 0.00 0.00 0.00 0.00 0.00
22.68 22.76 22.79 22.77 22.70 22.58 22.41 22.18 21.88 21.53 21.11 20.62 20.07 19.44 18.73 17.98 17.26 16.58 15.95 15.36 14.80 14.25 13.70 13.16 12.62 12.09 11.58 11.08 10.59 10.11 9.64 9.19 8.75 8.32 7.90 7.49 7.10 6.71 6.34 5.98 5.63 5.29 4.97 4.65 4.34 4.05 3.77 3.49 3.23 2.98 2.74 2.51 2.29 2.07 1.87 1.68 1.50 1.33 1.17 1.02 0.87 0.74 0.62 0.50 0.40 0.30 0.22 0.14 0.07 0.01 0.00 0.00 0.00 0.00 0.00 0.00 0.00 0.00 0.00 0.00 0.00 0.00 0.00 0.00
22.52 22.65 22.75 22.80 22.80 22.75 22.65 22.49 22.28 22.01 21.67 21.27 20.81 20.27 19.66 18.98 18.25 17.54 16.89 16.27 15.69 15.11 14.54 13.97 13.42 12.87 12.34 11.82 11.32 10.82 10.34 9.87 9.41 8.96 8.53 8.11 7.70 7.30 6.91 6.53 6.17 5.81 5.47 5.14 4.82 4.51 4.21 3.92 3.64 3.37 3.12 2.87 2.64 2.41 2.19 1.99 1.79 1.61 1.43 1.26 1.11 0.96 0.82 0.69 0.57 0.46 0.36 0.27 0.19 0.11 0.05 0.00 0.00 0.00 0.00 0.00 0.00 0.00 0.00 0.00 0.00 0.00 0.00 0.00
22.29 22.48 22.63 22.74 22.81 22.83 22.80 22.72 22.58 22.39 22.14 21.82 21.44 21.00 20.48 19.90 19.23 18.53 17.84 17.20 16.59 15.99 15.39 14.81 14.23 13.67 13.12 12.59 12.06 11.55 11.05 10.57 10.09 9.63 9.18 8.74 8.31 7.90 7.49 7.10 6.72 6.35 5.99 5.64 5.30 4.98 4.66 4.36 4.07 3.78 3.51 3.25 3.00 2.76 2.53 2.30 2.09 1.89 1.70 1.52 1.35 1.19 1.03 0.89 0.76 0.63 0.51 0.41 0.31 0.22 0.14 0.07 0.01 0.00 0.00 0.00 0.00 0.00 0.00 0.00 0.00 0.00 0.00 0.00
21.98 22.23 22.44 22.62 22.75 22.83 22.87 22.86 22.80 22.68 22.51 22.28 21.98 21.62 21.20 20.70 20.14 19.50 18.81 18.14 17.51 16.88 16.27 15.66 15.07 14.49 13.93 13.37 12.83 12.30 11.79 11.28 10.79 10.31 9.84 9.39 8.94 8.51 8.09 7.68 7.28 6.90 6.52 6.16 5.81 5.46 5.13 4.81 4.50 4.20 3.92 3.64 3.37 3.11 2.87 2.63 2.40 2.19 1.98 1.78 1.60 1.42 1.25 1.09 0.95 0.81 0.67 0.55 0.44 0.34 0.24 0.16 0.08 0.01 0.00 0.00 0.00 0.00 0.00 0.00 0.00 0.00 0.00 0.00
21.62 21.92 22.18 22.41 22.60 22.75 22.86 22.92 22.93 22.88 22.79 22.63 22.42 22.15 21.81 21.40 20.93 20.39 19.77 19.10 18.44 17.80 17.16 16.54 15.93 15.33 14.75 14.18 13.62 13.07 12.54 12.02 11.51 11.01 10.53 10.06 9.59 9.15 8.71 8.28 7.87 7.46 7.07 6.69 6.32 5.96 5.62 5.28 4.95 4.64 4.33 4.04 3.76 3.48 3.22 2.97 2.73 2.50 2.27 2.06 1.86 1.67 1.48 1.31 1.14 0.99 0.84 0.71 0.58 0.46 0.35 0.25 0.16 0.08 0.00 0.00 0.00 0.00 0.00 0.00 0.00 0.00 0.00 0.00
21.19 21.54 21.86 22.14 22.39 22.60 22.77 22.89 22.97 23.00 22.98 22.90 22.77 22.57 22.32 22.00 21.62 21.17 20.65 20.05 19.40 18.73 18.08 17.44 16.81 16.19 15.59 15.00 14.43 13.86 13.31 12.77 12.25 11.73 11.23 10.74 10.26 9.80 9.34 8.90 8.47 8.04 7.64 7.24 6.85 6.48 6.11 5.76 5.42 5.09 4.77 4.45 4.16 3.87 3.59 3.32 3.06 2.81 2.57 2.35 2.13 1.92 1.72 1.53 1.35 1.18 1.02 0.87 0.72 0.59 0.46 0.35 0.24 0.14 0.05 0.00 0.00 0.00 0.00 0.00 0.00 0.00 0.00 0.00
20.71 21.11 21.47 21.81 22.11 22.38 22.61 22.80 22.94 23.04 23.09 23.08 23.03 22.91 22.74 22.51 22.21 21.85 21.42 20.92 20.34 19.68 19.01 18.35 17.71 17.07 16.45 15.85 15.25 14.67 14.10 13.54 13.00 12.47 11.95 11.44 10.94 10.46 9.98 9.52 9.07 8.64 8.21 7.79 7.39 7.00 6.62 6.25 5.89 5.54 5.20 4.87 4.56 4.25 3.95 3.67 3.39 3.13 2.87 2.63 2.39 2.17 1.95 1.75 1.55 1.37 1.19 1.02 0.86 0.71 0.57 0.44 0.32 0.20 0.10 0.00 0.00 0.00 0.00 0.00 0.00 0.00 0.00 0.00
20.18 20.63 21.04 21.43 21.78 22.11 22.39 22.64 22.84 23.01 23.12 23.19 23.21 23.17 23.08 22.93 22.72 22.44 22.10 21.70 21.21 20.63 19.96 19.28 18.62 17.97 17.33 16.70 16.09 15.49 14.90 14.32 13.76 13.21 12.67 12.14 11.63 11.12 10.63 10.15 9.69 9.23 8.78 8.35 7.93 7.52 7.12 6.73 6.35 5.99 5.63 5.29 4.95 4.63 4.32 4.02 3.72 3.44 3.17 2.91 2.66 2.41 2.18 1.96 1.75 1.54 1.35 1.16 0.99 0.82 0.67 0.52 0.38 0.25 0.13 0.01 0.00 0.00 0.00 0.00 0.00 0.00 0.00 0.00
19.62 20.10 20.56 21.00 21.40 21.77 22.11 22.42 22.68 22.91 23.09 23.23 23.31 23.35 23.33 23.26 23.13 22.94 22.69 22.38 21.99 21.49 20.90 20.23 19.54 18.87 18.21 17.57 16.93 16.31 15.70 15.11 14.53 13.96 13.40 12.85 12.32 11.80 11.29 10.79 10.30 9.83 9.36 8.91 8.47 8.04 7.62 7.22 6.82 6.44 6.06 5.70 5.35 5.01 4.68 4.36 4.05 3.75 3.46 3.18 2.91 2.65 2.40 2.16 1.93 1.71 1.50 1.29 1.10 0.92 0.74 0.58 0.42 0.28 0.14 0.01 0.00 0.00 0.00 0.00 0.00 0.00 0.00 0.00
19.02 19.54 20.04 20.52 20.97 21.39 21.78 22.14 22.46 22.75 22.99 23.19 23.35 23.45 23.51 23.52 23.47 23.36 23.20 22.97 22.67 22.27 21.76 21.16 20.48 19.79 19.11 18.44 17.79 17.15 16.52 15.90 15.30 14.71 14.13 13.57 13.01 12.47 11.94 11.42 10.92 10.42 9.94 9.47 9.01 8.56 8.12 7.70 7.28 6.88 6.49 6.11 5.74 5.38 5.03 4.69 4.36 4.04 3.73 3.43 3.15 2.87 2.60 2.34 2.09 1.86 1.63 1.41 1.20 1.00 0.81 0.62 0.45 0.29 0.14 0.01 0.00 0.00 0.00 0.00 0.00 0.00 0.00 0.00
18.38 18.94 19.48 20.00 20.49 20.96 21.40 21.81 22.18 22.53 22.83 23.09 23.31 23.49 23.61 23.69 23.72 23.69 23.61 23.47 23.26 22.95 22.53 22.01 21.40 20.71 20.01 19.32 18.65 17.99 17.34 16.70 16.08 15.47 14.87 14.28 13.71 13.15 12.60 12.06 11.53 11.02 10.52 10.03 9.55 9.08 8.62 8.18 7.74 7.32 6.91 6.51 6.12 5.74 5.37 5.01 4.66 4.32 4.00 3.68 3.37 3.08 2.79 2.51 2.25 1.99 1.74 1.51 1.28 1.06 0.85 0.65 0.46 0.28 0.13 0.01 0.00 0.00 0.00 0.00 0.00 0.00 0.00 0.00
17.72 18.31 18.88 19.43 19.97 20.48 20.96 21.42 21.85 22.25 22.61 22.93 23.21 23.45 23.64 23.79 23.90 23.95 23.95 23.89 23.76 23.53 23.20 22.77 22.24 21.62 20.92 20.21 19.52 18.83 18.16 17.51 16.86 16.23 15.61 15.00 14.41 13.82 13.25 12.69 12.15 11.61 11.09 10.58 10.08 9.59 9.11 8.65 8.19 7.75 7.32 6.90 6.49 6.09 5.70 5.32 4.95 4.60 4.25 3.91 3.59 3.27 2.97 2.67 2.38 2.11 1.84 1.58 1.34 1.10 0.87 0.65 0.45 0.27 0.12 0.00 0.00 0.00 0.00 0.00 0.00 0.00 0.00 0.00
17.02 17.64 18.25 18.84 19.41 19.96 20.49 20.99 21.47 21.91 22.33 22.70 23.04 23.35 23.61 23.83 24.00 24.13 24.20 24.22 24.18 24.03 23.78 23.43 22.99 22.45 21.81 21.10 20.39 19.68 18.99 18.31 17.64 16.99 16.35 15.72 15.10 14.50 13.91 13.33 12.76 12.20 11.66 11.13 10.60 10.10 9.60 9.11 8.64 8.17 7.72 7.28 6.85 6.43 6.02 5.62 5.23 4.85 4.49 4.13 3.79 3.45 3.12 2.81 2.50 2.21 1.92 1.64 1.38 1.12 0.87 0.64 0.43 0.26 0.11 0.00 0.00 0.00 0.00 0.00 0.00 0.00 0.00 0.00
16.31 16.95 17.58 18.20 18.81 19.40 19.97 20.51 21.03 21.53 21.99 22.42 22.82 23.18 23.51 23.79 24.04 24.23 24.38 24.48 24.51 24.44 24.27 24.01 23.64 23.18 22.62 21.97 21.26 20.53 19.82 19.11 18.43 17.75 17.09 16.44 15.80 15.17 14.56 13.95 13.36 12.79 12.22 11.67 11.12 10.59 10.07 9.56 9.07 8.58 8.11 7.65 7.19 6.75 6.32 5.90 5.49 5.10 4.71 4.33 3.96 3.61 3.26 2.93 2.60 2.28 1.98 1.68 1.39 1.11 0.85 0.62 0.42 0.25 0.10 0.00 0.00 0.00 0.00 0.00 0.00 0.00 0.00 0.00
15.56 16.23 16.89 17.54 18.18 18.80 19.41 19.99 20.56 21.09 21.61 22.09 22.54 22.96 23.35 23.70 24.00 24.27 24.49 24.66 24.76 24.77 24.68 24.49 24.20 23.82 23.34 22.77 22.11 21.38 20.64 19.92 19.21 18.51 17.82 17.15 16.49 15.84 15.20 14.57 13.96 13.36 12.77 12.20 11.63 11.08 10.54 10.01 9.49 8.98 8.49 8.00 7.53 7.06 6.61 6.17 5.74 5.32 4.91 4.51 4.13 3.75 3.38 3.02 2.68 2.34 2.01 1.69 1.39 1.09 0.83 0.60 0.41 0.24 0.09 0.00 0.00 0.00 0.00 0.00 0.00 0.00 0.00 0.00
14.81 15.49 16.18 16.85 17.52 18.17 18.81 19.43 20.04 20.62 21.17 21.71 22.21 22.69 23.13 23.54 23.91 24.23 24.52 24.76 24.94 25.02 25.00 24.88 24.67 24.36 23.96 23.46 22.88 22.20 21.47 20.72 19.98 19.26 18.55 17.85 17.17 16.50 15.84 15.19 14.55 13.93 13.32 12.72 12.13 11.55 10.99 10.44 9.90 9.37 8.85 8.34 7.84 7.36 6.88 6.42 5.97 5.53 5.10 4.68 4.27 3.87 3.48 3.10 2.73 2.37 2.02 1.68 1.36 1.07 0.81 0.59 0.39 0.22 0.08 0.00 0.00 0.00 0.00 0.00 0.00 0.00 0.00 0.00
14.03 14.74 15.44 16.14 16.83 17.51 18.18 18.84 19.48 20.10 20.70 21.28 21.83 22.36 22.85 23.32 23.75 24.14 24.49 24.80 25.04 25.19 25.24 25.20 25.05 24.82 24.48 24.06 23.55 22.95 22.26 21.51 20.75 20.01 19.27 18.55 17.84 17.15 16.46 15.79 15.13 14.48 13.85 13.23 12.61 12.01 11.43 10.85 10.29 9.73 9.19 8.66 8.14 7.63 7.14 6.65 6.18 5.71 5.26 4.82 4.38 3.96 3.55 3.15 2.76 2.37 2.00 1.65 1.33 1.04 0.79 0.57 0.38 0.21 0.07 0.00 0.00 0.00 0.00 0.00 0.00 0.00 0.00 0.00
13.25 13.96 14.69 15.40 16.12 16.83 17.52 18.21 18.89 19.54 20.19 20.81 21.41 21.98 22.53 23.04 23.53 23.98 24.39 24.76 25.08 25.29 25.41 25.43 25.35 25.18 24.92 24.57 24.13 23.60 22.98 22.28 21.52 20.75 19.99 19.24 18.51 17.79 17.08 16.38 15.70 15.03 14.37 13.72 13.09 12.46 11.85 11.25 10.66 10.08 9.52 8.97 8.42 7.89 7.37 6.86 6.36 5.87 5.40 4.93 4.48 4.03 3.60 3.17 2.76 2.35 1.97 1.62 1.30 1.02 0.77 0.55 0.36 0.20 0.06 0.00 0.00 0.00 0.00 0.00 0.00 0.00 0.00 0.00
12.45 13.18 13.92 14.65 15.39 16.12 16.84 17.56 18.26 18.95 19.63 20.30 20.94 21.56 22.15 22.72 23.26 23.76 24.23 24.67 25.04 25.32 25.50 25.58 25.57 25.47 25.27 24.99 24.61 24.15 23.60 22.97 22.25 21.48 20.69 19.92 19.16 18.42 17.68 16.96 16.25 15.56 14.87 14.20 13.54 12.89 12.26 11.63 11.02 10.42 9.83 9.25 8.68 8.13 7.58 7.05 6.52 6.01 5.51 5.02 4.54 4.07 3.62 3.17 2.73 2.31 1.93 1.58 1.27 0.99 0.74 0.53 0.34 0.18 0.05 0.00 0.00 0.00 0.00 0.00 0.00 0.00 0.00 0.00
11.65 12.39 13.14 13.88 14.64 15.39 16.13 16.87 17.61 18.33 19.05 19.75 20.43 21.09 21.73 22.34 22.93 23.49 24.01 24.50 24.94 25.28 25.52 25.66 25.72 25.67 25.54 25.32 25.00 24.61 24.12 23.55 22.90 22.17 21.38 20.59 19.80 19.03 18.27 17.53 16.79 16.07 15.36 14.66 13.98 13.30 12.64 11.99 11.35 10.73 10.11 9.51 8.92 8.34 7.77 7.21 6.66 6.13 5.60 5.09 4.58 4.09 3.61 3.14 2.68 2.27 1.89 1.54 1.24 0.96 0.72 0.51 0.33 0.17 0.04 0.00 0.00 0.00 0.00 0.00 0.00 0.00 0.00 0.00
10.84 11.59 12.35 13.11 13.87 14.64 15.41 16.17 16.93 17.69 18.43 19.16 19.88 20.58 21.26 21.92 22.55 23.16 23.74 24.28 24.77 25.17 25.47 25.67 25.78 25.80 25.73 25.56 25.31 24.97 24.55 24.05 23.46 22.79 22.04 21.24 20.43 19.63 18.85 18.07 17.31 16.56 15.83 15.11 14.39 13.69 13.01 12.33 11.67 11.02 10.38 9.75 9.13 8.52 7.93 7.35 6.77 6.21 5.66 5.12 4.59 4.08 3.57 3.08 2.63 2.22 1.85 1.51 1.21 0.94 0.70 0.49 0.31 0.15 0.02 0.00 0.00 0.00 0.00 0.00 0.00 0.00 0.00 0.00
10.04 10.79 11.55 12.32 13.10 13.88 14.66 15.45 16.23 17.01 17.79 18.55 19.30 20.04 20.75 21.45 22.13 22.79 23.41 24.01 24.55 25.00 25.36 25.61 25.78 25.85 25.83 25.73 25.53 25.25 24.89 24.44 23.91 23.31 22.62 21.86 21.04 20.22 19.40 18.60 17.82 17.04 16.28 15.53 14.79 14.06 13.35 12.65 11.96 11.28 10.61 9.96 9.32 8.68 8.06 7.45 6.86 6.27 5.69 5.13 4.57 4.03 3.51 3.02 2.58 2.17 1.80 1.47 1.17 0.91 0.67 0.47 0.29 0.14 0.01 0.00 0.00 0.00 0.00 0.00 0.00 0.00 0.00 0.00
9.24 9.99 10.75 11.53 12.32 13.11 13.91 14.71 15.52 16.32 17.11 17.91 18.69 19.46 20.21 20.95 21.67 22.36 23.03 23.68 24.27 24.77 25.18 25.49 25.71 25.83 25.87 25.81 25.67 25.45 25.14 24.75 24.28 23.73 23.10 22.39 21.61 20.78 19.94 19.11 18.30 17.50 16.71 15.93 15.16 14.41 13.67 12.94 12.22 11.52 10.83 10.14 9.47 8.82 8.17 7.53 6.91 6.30 5.69 5.10 4.52 3.96 3.44 2.96 2.52 2.12 1.76 1.43 1.14 0.88 0.65 0.45 0.27 0.12 0.00 0.00 0.00 0.00 0.00 0.00 0.00 0.00 0.00 0.00
