data_processed/recharge/precip/Precip_1997_03.asc
ncols        168
nrows        136
xllcorner    455000
yllcorner    2107000
cellsize     500
NODATA_value     -99999
[rows 0 to 34 of 136, columns 77 to 153 of 168]
43.19 43.32 43.41 43.47 43.49 43.48 43.45 43.38 43.28 43.16 43.02 42.85 42.66 42.45 42.23 41.98 41.73 41.46 41.18 40.88 40.59 40.28 39.97 39.65 39.34 39.02 38.71 38.40 38.09 37.79 37.50 37.21 36.94 36.68 36.43 36.20 35.99 35.79 35.62 35.46 35.34 35.47 36.14 37.33 39.00 41.10 43.52 46.13 48.86 51.72 54.69 57.75 60.89 64.10 67.36 70.66 73.98 77.31 80.65 83.96 87.24 90.48 93.67 96.78 99.80 102.73 105.54 108.22 110.76 113.15 115.37 117.41 119.25 120.88 122.29 123.46 124.37
43.32 43.47 43.58 43.66 43.70 43.71 43.68 43.63 43.54 43.43 43.30 43.14 42.95 42.75 42.53 42.28 42.03 41.76 41.47 41.18 40.87 40.56 40.24 39.92 39.59 39.26 38.94 38.61 38.29 37.97 37.66 37.35 37.06 36.78 36.51 36.25 36.01 35.78 35.58 35.39 35.24 35.34 35.97 37.13 38.77 40.84 43.29 46.02 48.89 51.87 54.95 58.10 61.32 64.59 67.89 71.22 74.56 77.89 81.21 84.49 87.73 90.91 94.01 97.03 99.95 102.75 105.42 107.95 110.32 112.53 114.54 116.36 117.97 119.36 120.50 121.39 122.02
43.40 43.57 43.71 43.80 43.86 43.88 43.87 43.83 43.76 43.66 43.53 43.38 43.20 43.00 42.78 42.55 42.29 42.02 41.73 41.44 41.13 40.81 40.48 40.15 39.82 39.48 39.14 38.80 38.46 38.12 37.80 37.47 37.16 36.85 36.56 36.28 36.00 35.75 35.52 35.30 35.12 35.19 35.80 36.93 38.53 40.57 42.99 45.74 48.72 51.82 55.00 58.25 61.54 64.86 68.21 71.57 74.92 78.25 81.55 84.79 87.98 91.10 94.12 97.04 99.85 102.52 105.05 107.42 109.62 111.64 113.45 115.05 116.43 117.56 118.44 119.05 119.38
43.43 43.62 43.78 43.89 43.97 44.01 44.01 43.99 43.93 43.84 43.72 43.58 43.41 43.22 43.00 42.77 42.51 42.24 41.96 41.66 41.35 41.02 40.69 40.35 40.01 39.66 39.31 38.96 38.60 38.25 37.91 37.57 37.23 36.91 36.59 36.28 35.98 35.70 35.44 35.20 34.99 35.03 35.61 36.71 38.29 40.30 42.68 45.40 48.41 51.60 54.88 58.21 61.57 64.95 68.34 71.72 75.08 78.40 81.68 84.89 88.03 91.07 94.01 96.83 99.52 102.07 104.45 106.66 108.69 110.51 112.12 113.50 114.64 115.52 116.13 116.45 116.48
43.40 43.62 43.80 43.93 44.03 44.09 44.11 44.10 44.05 43.97 43.87 43.73 43.57 43.39 43.18 42.95 42.70 42.43 42.15 41.85 41.53 41.21 40.87 40.53 40.17 39.82 39.45 39.09 38.73 38.36 38.00 37.64 37.29 36.94 36.59 36.26 35.94 35.63 35.35 35.08 34.85 34.86 35.41 36.49 38.04 40.01 42.37 45.06 48.04 51.25 54.60 58.01 61.44 64.88 68.30 71.70 75.07 78.38 81.63 84.80 87.88 90.86 93.71 96.43 99.00 101.42 103.65 105.70 107.55 109.17 110.57 111.73 112.62 113.25 113.59 113.63 113.35
43.32 43.56 43.76 43.92 44.04 44.11 44.15 44.16 44.13 44.07 43.97 43.85 43.70 43.52 43.32 43.10 42.85 42.59 42.30 42.00 41.69 41.36 41.02 40.67 40.31 39.94 39.57 39.20 38.82 38.44 38.07 37.69 37.32 36.94 36.58 36.22 35.88 35.55 35.24 34.95 34.69 34.68 35.21 36.26 37.78 39.73 42.06 44.72 47.67 50.85 54.22 57.69 61.18 64.67 68.12 71.54 74.91 78.21 81.44 84.56 87.58 90.48 93.25 95.86 98.32 100.59 102.68 104.56 106.22 107.65 108.84 109.76 110.42 110.78 110.84 110.59 110.01
43.19 43.46 43.68 43.86 44.00 44.10 44.15 44.18 44.16 44.11 44.03 43.92 43.78 43.62 43.42 43.21 42.97 42.70 42.42 42.12 41.81 41.48 41.14 40.78 40.42 40.05 39.67 39.28 38.89 38.50 38.11 37.72 37.32 36.93 36.54 36.17 35.80 35.45 35.12 34.81 34.53 34.49 35.00 36.02 37.52 39.45 41.75 44.39 47.30 50.46 53.80 57.27 60.81 64.34 67.83 71.26 74.63 77.92 81.11 84.19 87.15 89.97 92.64 95.15 97.48 99.62 101.55 103.26 104.74 105.97 106.94 107.63 108.04 108.14 107.93 107.38 106.50
43.01 43.30 43.55 43.75 43.91 44.03 44.11 44.15 44.15 44.12 44.06 43.96 43.83 43.67 43.49 43.28 43.04 42.79 42.51 42.21 41.90 41.57 41.22 40.87 40.50 40.12 39.73 39.34 38.94 38.54 38.13 37.72 37.30 36.89 36.49 36.09 35.71 35.34 34.98 34.65 34.35 34.30 34.78 35.78 37.25 39.16 41.44 44.05 46.94 50.07 53.38 56.83 60.37 63.93 67.44 70.89 74.26 77.52 80.68 83.71 86.61 89.35 91.92 94.32 96.52 98.52 100.29 101.83 103.12 104.15 104.90 105.36 105.51 105.35 104.86 104.02 102.82
42.79 43.09 43.37 43.59 43.78 43.92 44.02 44.08 44.10 44.08 44.03 43.95 43.84 43.69 43.52 43.31 43.09 42.84 42.57 42.27 41.96 41.63 41.28 40.93 40.55 40.17 39.78 39.38 38.97 38.55 38.12 37.69 37.26 36.83 36.41 36.00 35.60 35.21 34.84 34.49 34.17 34.09 34.55 35.53 36.99 38.87 41.13 43.71 46.58 49.68 52.97 56.40 59.91 63.46 66.99 70.45 73.81 77.05 80.17 83.15 85.98 88.64 91.12 93.40 95.47 97.32 98.93 100.30 101.40 102.22 102.74 102.97 102.87 102.44 101.66 100.52 99.01
42.56 42.86 43.14 43.39 43.60 43.76 43.88 43.96 44.00 44.01 43.97 43.91 43.80 43.67 43.51 43.32 43.10 42.85 42.59 42.30 41.99 41.66 41.32 40.96 40.58 40.19 39.80 39.39 38.96 38.53 38.09 37.65 37.20 36.76 36.32 35.89 35.47 35.07 34.68 34.31 33.98 33.88 34.32 35.29 36.72 38.58 40.82 43.38 46.23 49.31 52.57 55.97 59.46 62.99 66.51 69.97 73.31 76.54 79.62 82.54 85.29 87.87 90.24 92.41 94.35 96.05 97.50 98.68 99.59 100.20 100.50 100.48 100.13 99.43 98.36 96.92 95.09
42.30 42.60 42.88 43.14 43.37 43.56 43.71 43.81 43.87 43.89 43.87 43.82 43.73 43.61 43.46 43.28 43.07 42.84 42.58 42.30 41.99 41.66 41.32 40.96 40.58 40.19 39.79 39.37 38.93 38.49 38.03 37.58 37.12 36.66 36.21 35.77 35.33 34.91 34.51 34.13 33.78 33.67 34.09 35.04 36.45 38.29 40.51 43.06 45.88 48.94 52.18 55.56 59.02 62.53 66.03 69.47 72.80 75.99 79.03 81.89 84.58 87.06 89.33 91.37 93.18 94.73 96.01 97.01 97.72 98.12 98.19 97.93 97.32 96.34 94.99 93.24 91.09
42.02 42.32 42.60 42.86 43.11 43.32 43.48 43.61 43.69 43.73 43.73 43.70 43.63 43.52 43.39 43.22 43.02 42.79 42.54 42.26 41.96 41.64 41.30 40.94 40.56 40.17 39.75 39.32 38.88 38.42 37.96 37.49 37.02 36.55 36.08 35.63 35.18 34.75 34.33 33.94 33.57 33.45 33.85 34.78 36.18 38.01 40.21 42.73 45.54 48.58 51.80 55.16 58.60 62.08 65.56 68.97 72.29 75.45 78.44 81.24 83.85 86.24 88.40 90.32 91.99 93.38 94.50 95.31 95.82 96.00 95.85 95.34 94.47 93.21 91.56 89.51 87.05
41.73 42.03 42.31 42.57 42.81 43.03 43.22 43.37 43.47 43.53 43.56 43.54 43.49 43.40 43.27 43.12 42.93 42.71 42.47 42.20 41.91 41.59 41.25 40.89 40.51 40.11 39.69 39.25 38.79 38.33 37.86 37.38 36.90 36.42 35.94 35.48 35.02 34.57 34.15 33.74 33.36 33.22 33.62 34.53 35.92 37.72 39.91 42.42 45.21 48.23 51.43 54.77 58.19 61.66 65.11 68.50 71.79 74.93 77.87 80.61 83.14 85.43 87.48 89.28 90.80 92.04 92.98 93.61 93.91 93.88 93.49 92.73 91.59 90.06 88.11 85.77 83.18
41.42 41.71 41.99 42.25 42.50 42.72 42.92 43.09 43.21 43.30 43.34 43.34 43.31 43.23 43.13 42.98 42.81 42.60 42.37 42.11 41.82 41.51 41.18 40.82 40.43 40.02 39.59 39.15 38.69 38.21 37.73 37.25 36.76 36.27 35.79 35.31 34.84 34.39 33.95 33.53 33.14 32.99 33.38 34.28 35.65 37.45 39.61 42.11 44.88 47.89 51.07 54.39 57.80 61.24 64.68 68.05 71.32 74.43 77.35 80.02 82.46 84.66 86.60 88.26 89.64 90.72 91.49 91.93 92.02 91.76 91.14 90.13 88.72 86.90 84.68 82.20 79.68
41.09 41.38 41.66 41.92 42.17 42.39 42.59 42.77 42.92 43.03 43.09 43.11 43.09 43.04 42.95 42.82 42.66 42.47 42.24 41.99 41.71 41.41 41.07 40.71 40.32 39.91 39.47 39.02 38.56 38.08 37.59 37.10 36.60 36.11 35.62 35.13 34.66 34.20 33.75 33.32 32.92 32.76 33.14 34.03 35.39 37.17 39.33 41.81 44.57 47.56 50.73 54.03 57.42 60.85 64.26 67.62 70.87 73.96 76.86 79.50 81.86 83.95 85.78 87.31 88.54 89.46 90.04 90.29 90.17 89.69 88.82 87.56 85.88 83.79 81.44 79.02 76.58
40.74 41.04 41.32 41.58 41.82 42.04 42.25 42.43 42.59 42.71 42.80 42.84 42.85 42.81 42.73 42.62 42.48 42.30 42.09 41.84 41.57 41.27 40.94 40.57 40.18 39.77 39.33 38.87 38.40 37.92 37.43 36.93 36.43 35.93 35.44 34.95 34.46 34.00 33.54 33.11 32.70 32.53 32.90 33.78 35.13 36.90 39.05 41.52 44.26 47.24 50.40 53.69 57.06 60.47 63.87 67.21 70.44 73.52 76.39 79.01 81.33 83.34 85.04 86.44 87.52 88.27 88.67 88.72 88.39 87.68 86.57 85.05 83.11 80.90 78.60 76.25 73.88
40.38 40.68 40.96 41.22 41.46 41.68 41.89 42.07 42.23 42.37 42.48 42.54 42.57 42.55 42.49 42.40 42.27 42.10 41.90 41.67 41.41 41.11 40.77 40.41 40.01 39.60 39.16 38.70 38.23 37.74 37.25 36.75 36.25 35.74 35.24 34.75 34.26 33.79 33.33 32.89 32.47 32.30 32.66 33.53 34.87 36.64 38.77 41.23 43.97 46.94 50.08 53.36 56.72 60.12 63.50 66.83 70.04 73.10 75.96 78.56 80.86 82.82 84.41 85.67 86.60 87.18 87.40 87.24 86.70 85.76 84.40 82.63 80.58 78.41 76.17 73.88 71.57
40.01 40.30 40.58 40.84 41.08 41.31 41.51 41.70 41.86 42.00 42.12 42.21 42.25 42.25 42.22 42.14 42.03 41.88 41.69 41.47 41.21 40.91 40.57 40.21 39.82 39.40 38.96 38.51 38.03 37.55 37.05 36.55 36.05 35.54 35.04 34.54 34.05 33.57 33.11 32.67 32.25 32.07 32.42 33.29 34.63 36.38 38.51 40.96 43.69 46.64 49.78 53.05 56.40 59.78 63.15 66.46 69.67 72.71 75.55 78.14 80.42 82.36 83.90 85.04 85.81 86.21 86.25 85.89 85.13 83.96 82.36 80.47 78.45 76.34 74.16 71.92 69.66
39.63 39.92 40.19 40.45 40.70 40.92 41.13 41.31 41.48 41.62 41.74 41.84 41.90 41.93 41.91 41.85 41.76 41.62 41.45 41.23 40.97 40.68 40.35 39.98 39.60 39.18 38.74 38.29 37.82 37.33 36.84 36.34 35.83 35.33 34.82 34.32 33.83 33.35 32.89 32.44 32.02 31.84 32.19 33.05 34.38 36.13 38.26 40.70 43.42 46.37 49.49 52.75 56.09 59.47 62.83 66.13 69.32 72.35 75.17 77.75 80.02 81.94 83.46 84.54 85.17 85.40 85.24 84.68 83.70 82.30 80.59 78.73 76.76 74.69 72.55 70.36 68.13
39.23 39.52 39.80 40.06 40.30 40.52 40.73 40.92 41.08 41.23 41.35 41.45 41.53 41.57 41.58 41.54 41.46 41.34 41.17 40.96 40.70 40.41 40.09 39.73 39.35 38.94 38.50 38.05 37.58 37.10 36.61 36.11 35.61 35.10 34.60 34.10 33.61 33.13 32.66 32.22 31.79 31.61 31.96 32.82 34.15 35.89 38.01 40.45 43.17 46.11 49.23 52.47 55.81 59.17 62.52 65.81 68.99 72.01 74.83 77.39 79.64 81.55 83.06 84.12 84.69 84.77 84.41 83.64 82.45 80.94 79.25 77.43 75.49 73.46 71.35 69.19 66.99
38.82 39.11 39.39 39.65 39.89 40.11 40.32 40.51 40.68 40.83 40.95 41.05 41.13 41.19 41.21 41.20 41.13 41.02 40.86 40.65 40.41 40.12 39.80 39.45 39.07 38.67 38.24 37.79 37.33 36.85 36.36 35.87 35.37 34.86 34.36 33.87 33.38 32.90 32.44 31.99 31.57 31.39 31.73 32.59 33.92 35.66 37.78 40.21 42.92 45.86 48.97 52.22 55.54 58.90 62.24 65.53 68.70 71.71 74.51 77.06 79.31 81.20 82.69 83.74 84.29 84.31 83.78 82.81 81.51 80.01 78.35 76.56 74.65 72.64 70.55 68.41 66.22
38.41 38.70 38.97 39.23 39.47 39.70 39.90 40.09 40.26 40.41 40.54 40.65 40.73 40.79 40.82 40.82 40.77 40.66 40.51 40.31 40.08 39.80 39.49 39.15 38.78 38.38 37.96 37.52 37.06 36.59 36.10 35.61 35.12 34.62 34.12 33.63 33.15 32.67 32.21 31.77 31.35 31.17 31.51 32.37 33.70 35.44 37.56 39.99 42.70 45.63 48.74 51.98 55.30 58.65 61.99 65.27 68.43 71.43 74.23 76.77 79.00 80.89 82.37 83.41 83.94 83.94 83.36 82.31 81.01 79.54 77.90 76.12 74.23 72.23 70.15 68.01 65.83
37.98 38.27 38.54 38.80 39.04 39.27 39.48 39.67 39.84 39.99 40.12 40.23 40.32 40.38 40.41 40.41 40.36 40.27 40.13 39.95 39.72 39.45 39.15 38.82 38.46 38.07 37.65 37.22 36.77 36.31 35.83 35.35 34.86 34.37 33.88 33.39 32.91 32.44 31.98 31.54 31.13 30.95 31.30 32.16 33.49 35.24 37.35 39.78 42.49 45.42 48.53 51.77 55.08 58.43 61.76 65.03 68.19 71.19 73.98 76.51 78.73 80.61 82.08 83.11 83.64 83.63 83.13 82.22 80.97 79.51 77.88 76.11 74.22 72.22 70.14 68.00 65.81
37.55 37.84 38.11 38.37 38.61 38.83 39.04 39.23 39.41 39.56 39.69 39.81 39.89 39.95 39.98 39.97 39.93 39.85 39.72 39.55 39.33 39.08 38.79 38.47 38.11 37.73 37.33 36.91 36.47 36.01 35.55 35.07 34.59 34.10 33.62 33.14 32.67 32.21 31.76 31.32 30.91 30.74 31.10 31.96 33.29 35.04 37.16 39.59 42.30 45.23 48.34 51.57 54.89 58.23 61.56 64.83 67.98 70.97 73.76 76.28 78.50 80.37 81.84 82.86 83.38 83.46 83.15 82.45 81.36 79.93 78.30 76.53 74.62 72.62 70.52 68.36 66.16
37.12 37.40 37.67 37.93 38.17 38.39 38.60 38.79 38.97 39.12 39.26 39.37 39.46 39.51 39.53 39.52 39.47 39.39 39.28 39.12 38.92 38.67 38.40 38.09 37.75 37.38 36.99 36.58 36.15 35.70 35.25 34.78 34.31 33.84 33.36 32.89 32.43 31.97 31.53 31.10 30.70 30.54 30.90 31.77 33.11 34.86 36.98 39.41 42.12 45.06 48.17 51.40 54.72 58.06 61.39 64.66 67.81 70.79 73.57 76.10 78.31 80.17 81.63 82.65 83.25 83.50 83.38 82.90 82.02 80.75 79.15 77.36 75.44 73.41 71.29 69.10 66.86
36.67 36.96 37.22 37.48 37.72 37.95 38.16 38.35 38.52 38.68 38.82 38.93 39.01 39.05 39.06 39.04 38.99 38.91 38.80 38.66 38.47 38.25 37.99 37.69 37.36 37.01 36.63 36.23 35.82 35.38 34.94 34.49 34.03 33.56 33.10 32.64 32.19 31.74 31.31 30.89 30.50 30.34 30.71 31.59 32.93 34.69 36.81 39.26 41.97 44.91 48.02 51.26 54.57 57.92 61.25 64.51 67.66 70.65 73.43 75.94 78.16 80.02 81.48 82.56 83.32 83.74 83.82 83.53 82.88 81.83 80.38 78.60 76.65 74.59 72.43 70.21 67.93
36.23 36.51 36.77 37.03 37.27 37.50 37.71 37.90 38.08 38.23 38.37 38.47 38.54 38.57 38.58 38.56 38.50 38.42 38.31 38.17 38.00 37.79 37.55 37.27 36.96 36.62 36.26 35.87 35.47 35.05 34.62 34.18 33.74 33.29 32.83 32.39 31.94 31.51 31.09 30.68 30.30 30.15 30.53 31.42 32.77 34.53 36.67 39.11 41.83 44.78 47.89 51.13 54.45 57.80 61.14 64.40 67.55 70.54 73.31 75.83 78.04 79.90 81.43 82.65 83.56 84.16 84.42 84.33 83.88 83.05 81.83 80.21 78.26 76.15 73.95 71.68 69.35
35.78 36.06 36.32 36.58 36.82 37.04 37.25 37.45 37.62 37.78 37.90 37.99 38.05 38.08 38.08 38.06 38.00 37.92 37.81 37.67 37.51 37.32 37.09 36.83 36.54 36.21 35.87 35.50 35.11 34.71 34.30 33.87 33.44 33.00 32.57 32.13 31.70 31.28 30.87 30.48 30.11 29.97 30.36 31.26 32.62 34.40 36.54 38.99 41.72 44.67 47.79 51.04 54.36 57.72 61.05 64.32 67.47 70.46 73.24 75.76 77.97 79.89 81.53 82.89 83.96 84.72 85.16 85.26 85.01 84.40 83.40 82.01 80.22 78.11 75.85 73.51 71.12
35.33 35.60 35.87 36.12 36.36 36.58 36.80 36.99 37.16 37.30 37.41 37.50 37.55 37.57 37.57 37.54 37.48 37.40 37.29 37.16 37.00 36.82 36.61 36.37 36.09 35.79 35.46 35.11 34.74 34.36 33.96 33.55 33.14 32.72 32.30 31.88 31.46 31.06 30.66 30.28 29.93 29.80 30.21 31.12 32.49 34.27 36.42 38.89 41.63 44.58 47.71 50.97 54.30 57.66 61.00 64.27 67.43 70.42 73.20 75.73 77.99 80.00 81.77 83.26 84.48 85.40 86.01 86.29 86.24 85.83 85.06 83.90 82.35 80.39 78.11 75.70 73.23
34.87 35.15 35.41 35.66 35.90 36.13 36.34 36.52 36.68 36.81 36.92 36.99 37.04 37.05 37.05 37.02 36.96 36.87 36.77 36.64 36.48 36.31 36.11 35.89 35.63 35.35 35.05 34.71 34.37 34.00 33.62 33.23 32.83 32.43 32.03 31.62 31.23 30.84 30.46 30.09 29.75 29.65 30.06 30.99 32.37 34.17 36.33 38.81 41.56 44.52 47.66 50.93 54.27 57.63 60.98 64.26 67.42 70.42 73.21 75.77 78.12 80.24 82.12 83.74 85.10 86.17 86.94 87.40 87.54 87.33 86.77 85.84 84.52 82.80 80.68 78.24 75.68
34.42 34.69 34.96 35.21 35.44 35.67 35.87 36.05 36.19 36.31 36.40 36.47 36.51 36.52 36.51 36.48 36.42 36.34 36.23 36.11 35.96 35.79 35.60 35.39 35.16 34.90 34.61 34.30 33.98 33.63 33.27 32.90 32.52 32.14 31.75 31.37 30.99 30.62 30.26 29.91 29.59 29.50 29.93 30.87 32.27 34.08 36.26 38.75 41.51 44.49 47.64 50.91 54.26 57.64 60.99 64.28 67.45 70.46 73.28 75.91 78.34 80.56 82.54 84.29 85.78 87.00 87.93 88.56 88.88 88.86 88.51 87.79 86.71 85.23 83.36 81.07 78.48
33.97 34.24 34.50 34.75 34.99 35.20 35.39 35.55 35.69 35.80 35.88 35.94 35.97 35.98 35.97 35.93 35.87 35.79 35.69 35.57 35.43 35.27 35.09 34.89 34.67 34.43 34.17 33.88 33.58 33.25 32.92 32.57 32.21 31.85 31.48 31.12 30.76 30.41 30.07 29.74 29.44 29.36 29.81 30.77 32.19 34.01 36.21 38.71 41.49 44.48 47.64 50.93 54.29 57.67 61.04 64.34 67.52 70.55 73.42 76.11 78.62 80.93 83.02 84.89 86.50 87.86 88.94 89.74 90.23 90.40 90.25 89.74 88.88 87.64 86.01 83.98 81.54
33.52 33.79 34.05 34.29 34.52 34.72 34.90 35.05 35.17 35.27 35.35 35.40 35.43 35.43 35.42 35.38 35.32 35.24 35.14 35.03 34.89 34.74 34.57 34.38 34.17 33.95 33.71 33.45 33.17 32.87 32.56 32.23 31.90 31.56 31.22 30.88 30.54 30.21 29.89 29.58 29.29 29.24 29.71 30.69 32.12 33.97 36.18 38.70 41.49 44.49 47.67 50.97 54.34 57.74 61.12 64.43 67.63 70.69 73.61 76.37 78.95 81.34 83.53 85.50 87.24 88.72 89.95 90.90 91.56 91.92 91.96 91.66 91.01 90.00 88.62 86.84 84.66
33.08 33.34 33.60 33.83 34.05 34.23 34.39 34.53 34.65 34.74 34.80 34.85 34.87 34.87 34.86 34.82 34.76 34.69 34.59 34.48 34.35 34.21 34.04 33.87 33.68 33.47 33.25 33.01 32.76 32.48 32.19 31.89 31.58 31.27 30.95 30.63 30.32 30.01 29.72 29.43 29.17 29.14 29.63 30.62 32.08 33.94 36.17 38.71 41.51 44.54 47.73 51.05 54.43 57.85 61.24 64.56 67.77 70.86 73.82 76.63 79.28 81.75 84.03 86.10 87.95 89.57 90.93 92.03 92.86 93.39 93.61 93.51 93.07 92.29 91.14 89.60 87.68
32.64 32.90 33.14 33.36 33.56 33.73 33.88 34.01 34.11 34.19 34.25 34.29 34.31 34.31 34.29 34.25 34.20 34.13 34.04 33.93 33.81 33.67 33.52 33.36 33.18 32.99 32.78 32.57 32.34 32.09 31.83 31.55 31.27 30.98 30.69 30.40 30.11 29.83 29.55 29.29 29.05 29.05 29.56 30.58 32.05 33.94 36.18 38.74 41.57 44.61 47.82 51.15 54.56 57.99 61.38 64.70 67.92 71.04 74.03 76.89 79.59 82.13 84.50 86.66 88.62 90.35 91.85 93.10 94.07 94.77 95.17 95.27 95.04 94.47 93.54 92.25 90.58
