data_processed/recharge/precip/Precip_1988_08.asc
ncols        168
nrows        136
xllcorner    455000
yllcorner    2107000
cellsize     500
NODATA_value     -99999
[rows 33 to 65 of 136, columns 0 to 73 of 168]
143.76 144.23 144.67 145.10 145.53 145.96 146.41 146.87 147.36 147.89 148.45 149.07 149.75 150.49 151.31 152.20 153.19 154.28 155.47 156.77 158.19 159.77 161.51 162.04 161.10 159.18 156.39 152.86 148.69 144.00 138.89 133.49 127.89 122.21 116.56 111.06 105.81 100.93 96.53 92.71 89.60 87.30 85.92 85.58 86.39 88.41 91.23 94.23 97.41 100.83 104.46 108.24 112.13 116.08 120.04 123.97 127.82 131.53 135.06 138.37 141.40 144.11 146.45 148.36 149.81 150.75 151.12 150.88 149.98 148.36 145.83 142.96 140.66 138.62
141.24 141.63 142.01 142.39 142.79 143.20 143.65 144.12 144.64 145.21 145.84 146.53 147.29 148.14 149.08 150.11 151.25 152.50 153.88 155.38 157.01 158.79 160.64 161.85 161.93 160.92 158.93 156.08 152.47 148.22 143.44 138.24 132.73 127.02 121.23 115.46 109.83 104.45 99.43 94.88 90.91 87.64 85.17 83.62 83.10 83.72 85.56 88.40 91.69 95.23 98.98 102.88 106.89 110.97 115.05 119.10 123.06 126.89 130.55 133.97 137.12 139.95 142.40 144.43 146.00 147.05 147.54 147.41 146.63 145.14 142.89 140.19 137.65 135.34
138.99 139.30 139.63 139.97 140.35 140.75 141.20 141.70 142.26 142.88 143.58 144.35 145.22 146.18 147.25 148.43 149.73 151.15 152.72 154.42 156.28 158.27 160.26 162.09 163.21 163.19 162.08 159.98 157.01 153.28 148.90 143.99 138.64 132.98 127.12 121.17 115.23 109.42 103.86 98.65 93.91 89.74 86.26 83.58 81.81 81.06 81.47 83.43 86.67 90.32 94.18 98.19 102.31 106.49 110.69 114.84 118.92 122.86 126.62 130.15 133.41 136.34 138.90 141.04 142.71 143.87 144.46 144.44 143.76 142.36 140.17 137.42 134.62 132.03
136.96 137.20 137.47 137.78 138.13 138.52 138.98 139.49 140.09 140.76 141.52 142.38 143.34 144.42 145.61 146.93 148.39 149.99 151.74 153.66 155.70 157.78 159.83 161.78 163.53 164.56 164.44 163.22 161.01 157.92 154.06 149.55 144.49 139.00 133.19 127.17 121.05 114.94 108.96 103.21 97.81 92.87 88.50 84.81 81.91 79.92 78.97 79.54 81.95 85.56 89.54 93.67 97.91 102.21 106.52 110.80 114.99 119.05 122.92 126.57 129.95 132.99 135.67 137.92 139.71 140.98 141.69 141.78 141.20 139.84 137.65 134.90 132.03 129.20
135.21 135.32 135.53 135.79 136.10 136.49 136.94 137.48 138.10 138.82 139.65 140.59 141.64 142.83 144.15 145.61 147.22 148.99 150.93 153.02 155.15 157.28 159.38 161.39 163.26 164.92 165.86 165.64 164.31 161.98 158.77 154.79 150.14 144.94 139.31 133.34 127.16 120.87 114.59 108.43 102.49 96.90 91.76 87.18 83.28 80.18 77.98 77.23 78.32 81.15 85.11 89.37 93.74 98.17 102.60 107.01 111.32 115.51 119.51 123.28 126.78 129.95 132.75 135.13 137.04 138.43 139.26 139.47 138.91 137.51 135.30 132.57 129.72 126.80
133.77 133.69 133.77 133.98 134.26 134.63 135.09 135.64 136.29 137.06 137.94 138.95 140.10 141.39 142.83 144.43 146.20 148.14 150.23 152.40 154.59 156.76 158.91 160.97 162.91 164.71 166.28 167.12 166.80 165.36 162.92 159.58 155.47 150.68 145.34 139.56 133.43 127.09 120.63 114.18 107.83 101.71 95.92 90.59 85.82 81.71 78.39 76.42 76.26 77.86 81.09 85.34 89.85 94.41 98.99 103.52 107.98 112.30 116.43 120.34 123.97 127.28 130.21 132.72 134.77 136.29 137.24 137.44 136.80 135.35 133.12 130.41 127.57 124.67
132.64 132.37 132.25 132.34 132.59 132.93 133.38 133.95 134.63 135.44 136.38 137.46 138.70 140.09 141.65 143.39 145.30 147.38 149.56 151.77 153.99 156.22 158.41 160.53 162.54 164.42 166.14 167.62 168.36 167.93 166.38 163.82 160.36 156.11 151.19 145.70 139.76 133.48 126.97 120.35 113.71 107.18 100.88 94.92 89.39 84.39 80.06 77.00 75.71 76.14 78.21 81.79 86.30 91.01 95.73 100.41 105.01 109.47 113.75 117.81 121.58 125.03 128.10 130.76 132.94 134.59 135.52 135.60 134.87 133.35 131.11 128.40 125.57 122.69
131.80 131.35 131.03 130.92 131.06 131.38 131.82 132.39 133.10 133.94 134.94 136.09 137.42 138.91 140.59 142.45 144.49 146.64 148.86 151.11 153.38 155.65 157.90 160.08 162.15 164.11 165.91 167.56 168.95 169.58 169.04 167.37 164.69 161.10 156.72 151.66 146.03 139.94 133.50 126.82 120.02 113.22 106.53 100.05 93.88 88.11 82.88 78.84 76.54 75.91 76.89 79.39 83.28 88.02 92.89 97.73 102.48 107.09 111.53 115.73 119.66 123.26 126.49 129.29 131.61 133.22 133.99 133.93 133.09 131.51 129.25 126.54 123.72 120.86
131.20 130.60 130.11 129.80 129.73 129.95 130.37 130.95 131.67 132.56 133.61 134.83 136.23 137.82 139.61 141.59 143.69 145.88 148.14 150.43 152.75 155.07 157.36 159.60 161.75 163.78 165.67 167.41 168.97 170.26 170.79 170.14 168.36 165.55 161.84 157.32 152.11 146.33 140.08 133.48 126.66 119.71 112.75 105.87 99.17 92.74 86.73 81.83 78.63 77.07 77.08 78.57 81.45 85.61 90.53 95.53 100.44 105.22 109.82 114.19 118.27 122.04 125.42 128.36 130.63 132.04 132.62 132.42 131.47 129.83 127.54 124.83 122.02 119.16
130.83 130.11 129.47 128.97 128.70 128.70 129.03 129.60 130.35 131.26 132.36 133.65 135.13 136.82 138.70 140.73 142.87 145.10 147.39 149.73 152.09 154.46 156.81 159.11 161.32 163.43 165.41 167.24 168.91 170.38 171.58 172.00 171.24 169.34 166.41 162.56 157.90 152.55 146.62 140.24 133.51 126.53 119.42 112.25 105.14 98.17 91.50 85.85 81.86 79.48 78.63 79.23 81.19 84.42 88.82 93.88 98.96 103.91 108.68 113.22 117.48 121.41 124.94 127.81 129.83 131.02 131.41 131.06 130.00 128.29 125.97 123.25 120.44 117.59
130.65 129.83 129.06 128.41 127.95 127.74 127.86 128.34 129.09 130.04 131.18 132.53 134.09 135.85 137.79 139.85 142.03 144.29 146.63 149.01 151.42 153.83 156.24 158.59 160.87 163.06 165.13 167.06 168.83 170.42 171.81 172.91 173.22 172.35 170.32 167.27 163.28 158.49 153.01 146.97 140.46 133.57 126.41 119.08 111.67 104.28 97.06 90.78 86.12 83.03 81.44 81.26 82.41 84.80 88.34 92.93 98.09 103.22 108.17 112.89 117.33 121.40 124.85 127.45 129.20 130.15 130.35 129.84 128.67 126.88 124.53 121.80 118.99 116.15
130.65 129.74 128.87 128.08 127.46 127.06 126.97 127.23 127.90 128.86 130.05 131.46 133.08 134.89 136.85 138.95 141.16 143.46 145.84 148.26 150.72 153.19 155.64 158.06 160.41 162.68 164.83 166.86 168.74 170.44 171.95 173.25 174.25 174.46 173.47 171.32 168.14 164.04 159.15 153.57 147.38 140.70 133.62 126.23 118.64 110.95 103.29 96.49 91.28 87.60 85.39 84.55 85.00 86.65 89.43 93.25 97.99 103.21 108.35 113.26 117.85 121.83 124.95 127.23 128.70 129.42 129.42 128.76 127.47 125.61 123.21 120.48 117.66 114.81
130.78 129.82 128.86 127.96 127.20 126.64 126.35 126.39 126.84 127.73 128.95 130.40 132.06 133.90 135.89 138.02 140.27 142.61 145.03 147.50 150.00 152.52 155.03 157.51 159.93 162.27 164.52 166.64 168.63 170.45 172.09 173.52 174.73 175.63 175.72 174.62 172.37 169.11 164.92 159.91 154.17 147.81 140.92 133.59 125.94 118.05 110.07 102.87 97.22 93.07 90.35 88.96 88.83 89.87 92.00 95.13 99.18 104.03 109.28 114.34 118.82 122.44 125.20 127.16 128.35 128.83 128.63 127.81 126.40 124.45 122.02 119.27 116.44 113.59
131.03 130.03 129.01 128.03 127.15 126.44 125.98 125.83 126.05 126.72 127.86 129.33 131.02 132.88 134.91 137.07 139.35 141.74 144.19 146.71 149.26 151.83 154.40 156.94 159.43 161.86 164.19 166.41 168.51 170.44 172.21 173.78 175.13 176.25 177.04 177.05 175.88 173.56 170.19 165.87 160.70 154.77 148.18 141.04 133.43 125.46 117.29 109.81 103.83 99.32 96.21 94.39 93.79 94.33 95.92 98.48 101.92 106.16 111.05 115.90 119.97 123.19 125.59 127.23 128.14 128.37 127.97 126.98 125.45 123.41 120.93 118.16 115.33 112.46
131.36 130.36 129.29 128.24 127.27 126.44 125.83 125.51 125.53 125.96 126.87 128.25 129.95 131.84 133.90 136.09 138.42 140.84 143.34 145.90 148.50 151.13 153.75 156.35 158.92 161.42 163.85 166.17 168.37 170.42 172.32 174.02 175.52 176.79 177.84 178.59 178.55 177.29 174.85 171.34 166.84 161.46 155.30 148.45 141.01 133.08 124.82 117.17 110.98 106.24 102.84 100.71 99.76 99.92 101.08 103.19 106.13 109.80 113.79 117.72 121.27 124.08 126.11 127.42 128.04 128.03 127.42 126.26 124.60 122.48 119.95 117.16 114.30 111.43
131.75 130.76 129.68 128.58 127.54 126.62 125.88 125.40 125.24 125.47 126.13 127.26 128.86 130.77 132.86 135.10 137.45 139.92 142.46 145.07 147.73 150.40 153.08 155.74 158.38 160.97 163.48 165.91 168.22 170.39 172.41 174.25 175.90 177.36 178.61 179.63 180.32 180.17 178.79 176.19 172.49 167.78 162.15 155.71 148.55 140.78 132.54 124.84 118.56 113.69 110.13 107.80 106.62 106.50 107.37 109.13 111.65 114.52 117.35 120.10 122.77 125.09 126.76 127.74 128.07 127.80 126.98 125.65 123.86 121.65 119.06 116.25 113.37 110.48
132.17 131.21 130.14 129.02 127.93 126.93 126.09 125.48 125.18 125.23 125.67 126.54 127.88 129.69 131.80 134.07 136.47 138.97 141.56 144.22 146.93 149.65 152.39 155.12 157.83 160.50 163.11 165.63 168.05 170.34 172.49 174.47 176.30 177.96 179.41 180.63 181.58 182.15 181.87 180.31 177.52 173.58 168.61 162.70 155.94 148.43 140.34 132.70 126.45 121.56 117.96 115.55 114.25 113.98 114.65 116.13 117.98 119.79 121.52 123.18 124.77 126.30 127.52 128.17 128.20 127.68 126.65 125.14 123.22 120.91 118.27 115.42 112.52 109.61
132.59 131.69 130.64 129.53 128.41 127.36 126.45 125.75 125.34 125.23 125.48 126.12 127.19 128.72 130.73 133.03 135.46 138.01 140.65 143.35 146.11 148.89 151.68 154.48 157.26 160.01 162.71 165.34 167.87 170.28 172.56 174.72 176.74 178.59 180.24 181.65 182.78 183.61 184.04 183.57 181.81 178.77 174.57 169.29 163.05 155.93 148.09 140.63 134.52 129.74 126.20 123.82 122.52 122.21 122.76 123.69 124.58 125.39 126.12 126.79 127.40 127.95 128.46 128.70 128.44 127.66 126.41 124.73 122.66 120.25 117.55 114.67 111.74 108.81
132.99 132.16 131.17 130.08 128.96 127.88 126.95 126.21 125.70 125.47 125.55 125.98 126.80 128.06 129.78 131.97 134.43 137.02 139.70 142.46 145.27 148.11 150.96 153.82 156.68 159.51 162.30 165.03 167.67 170.21 172.66 175.00 177.21 179.25 181.08 182.68 184.00 185.02 185.69 185.93 185.24 183.21 179.89 175.38 169.76 163.14 155.68 148.52 142.66 138.10 134.75 132.52 131.33 131.04 131.16 131.24 131.23 131.13 130.97 130.75 130.47 130.15 129.79 129.39 128.78 127.74 126.26 124.39 122.18 119.67 116.91 113.99 111.03 108.07
133.33 132.60 131.68 130.64 129.55 128.52 127.60 126.84 126.27 125.93 125.87 126.12 126.73 127.72 129.14 131.04 133.39 136.01 138.74 141.55 144.41 147.30 150.21 153.14 156.07 158.99 161.88 164.71 167.47 170.17 172.80 175.32 177.71 179.93 181.95 183.73 185.23 186.42 187.27 187.75 187.75 186.79 184.47 180.83 175.96 169.95 162.99 156.23 150.75 146.52 143.47 141.50 140.48 139.89 139.26 138.53 137.72 136.83 135.88 134.87 133.81 132.71 131.58 130.42 129.24 127.89 126.19 124.14 121.78 119.16 116.33 113.37 110.38 107.39
133.58 132.98 132.16 131.20 130.21 129.26 128.39 127.63 127.02 126.62 126.44 126.54 126.95 127.71 128.86 130.44 132.49 135.00 137.76 140.62 143.53 146.48 149.45 152.45 155.46 158.46 161.44 164.38 167.29 170.17 172.98 175.68 178.25 180.64 182.83 184.78 186.46 187.82 188.85 189.49 189.73 189.45 188.19 185.53 181.52 176.25 169.89 163.66 158.66 154.89 152.25 150.60 149.41 148.17 146.83 145.40 143.89 142.31 140.66 138.97 137.23 135.45 133.65 131.83 130.00 128.16 126.20 123.95 121.45 118.72 115.82 112.81 109.78 106.75
133.73 133.28 132.59 131.79 130.95 130.11 129.31 128.58 127.97 127.51 127.24 127.21 127.46 128.01 128.91 130.21 131.93 134.12 136.77 139.66 142.63 145.64 148.67 151.73 154.82 157.91 160.99 164.08 167.16 170.21 173.19 176.07 178.80 181.37 183.73 185.85 187.69 189.22 190.41 191.22 191.62 191.57 190.98 189.37 186.33 181.91 176.27 170.68 166.29 163.08 160.91 159.21 157.46 155.61 153.67 151.64 149.54 147.37 145.14 142.86 140.54 138.19 135.82 133.44 131.05 128.67 126.30 123.83 121.17 118.33 115.35 112.30 109.23 106.16
133.74 133.47 133.01 132.43 131.76 131.06 130.35 129.68 129.08 128.60 128.28 128.14 128.25 128.62 129.30 130.34 131.76 133.61 135.93 138.71 141.72 144.78 147.88 151.01 154.17 157.35 160.58 163.83 167.08 170.29 173.44 176.48 179.38 182.11 184.63 186.91 188.92 190.61 191.96 192.93 193.49 193.60 193.22 192.27 190.26 186.80 182.01 177.17 173.50 170.91 168.81 166.66 164.41 162.05 159.61 157.08 154.49 151.83 149.12 146.36 143.57 140.75 137.91 135.07 132.23 129.39 126.58 123.79 120.95 117.99 114.93 111.82 108.71 105.60
133.61 133.62 133.44 133.10 132.64 132.09 131.51 130.92 130.37 129.89 129.53 129.32 129.31 129.52 130.01 130.81 131.96 133.50 135.47 137.91 140.79 143.91 147.06 150.26 153.51 156.83 160.21 163.62 167.04 170.41 173.72 176.92 179.98 182.87 185.54 187.98 190.14 191.99 193.49 194.61 195.32 195.58 195.36 194.62 193.27 190.83 186.98 183.02 180.11 177.71 175.27 172.71 170.05 167.30 164.45 161.54 158.55 155.51 152.42 149.28 146.12 142.93 139.74 136.53 133.34 130.15 127.00 123.87 120.78 117.68 114.55 111.38 108.22 105.08
133.38 133.75 133.87 133.80 133.56 133.21 132.77 132.29 131.81 131.36 130.99 130.74 130.63 130.72 131.04 131.64 132.54 133.79 135.43 137.50 140.04 143.03 146.23 149.51 152.88 156.35 159.89 163.47 167.03 170.56 174.02 177.38 180.59 183.63 186.46 189.04 191.35 193.35 195.00 196.27 197.13 197.53 197.45 196.86 195.71 193.91 191.08 188.03 185.44 182.80 180.04 177.18 174.21 171.16 168.02 164.81 161.54 158.22 154.85 151.44 148.01 144.56 141.10 137.65 134.20 130.77 127.37 124.00 120.69 117.42 114.19 110.97 107.77 104.60
133.09 133.82 134.28 134.50 134.52 134.38 134.12 133.78 133.39 133.00 132.65 132.37 132.20 132.19 132.37 132.78 133.46 134.45 135.79 137.52 139.68 142.31 145.40 148.78 152.31 155.93 159.63 163.35 167.06 170.74 174.35 177.85 181.21 184.40 187.37 190.10 192.56 194.69 196.49 197.90 198.89 199.44 199.50 199.04 198.03 196.43 194.19 191.56 188.83 185.97 183.00 179.93 176.76 173.51 170.17 166.78 163.32 159.81 156.27 152.69 149.09 145.47 141.85 138.24 134.64 131.07 127.52 124.02 120.57 117.18 113.85 110.58 107.35 104.16
132.48 133.61 134.43 134.97 135.27 135.37 135.32 135.13 134.87 134.56 134.25 133.98 133.78 133.69 133.75 134.01 134.50 135.26 136.33 137.74 139.55 141.81 144.68 148.09 151.76 155.53 159.38 163.25 167.11 170.94 174.70 178.34 181.85 185.18 188.30 191.17 193.76 196.05 197.98 199.53 200.66 201.35 201.54 201.22 200.35 198.87 196.71 194.02 191.12 188.09 184.96 181.73 178.40 175.00 171.52 167.98 164.38 160.74 157.07 153.36 149.64 145.91 142.18 138.46 134.76 131.09 127.45 123.86 120.32 116.84 113.37 109.94 106.68 103.49
131.32 132.88 134.09 134.98 135.59 135.96 136.13 136.13 136.02 135.82 135.59 135.34 135.13 135.00 134.97 135.10 135.43 135.98 136.80 137.93 139.44 141.49 144.20 147.49 151.20 155.13 159.12 163.15 167.17 171.14 175.05 178.85 182.50 185.98 189.24 192.26 195.00 197.43 199.51 201.20 202.48 203.30 203.64 203.46 202.71 201.28 199.09 196.37 193.36 190.17 186.87 183.47 179.98 176.42 172.79 169.11 165.37 161.59 157.78 153.95 150.10 146.25 142.41 138.57 134.76 130.99 127.25 123.57 119.93 116.29 112.58 108.93 105.53 102.33
129.72 131.61 133.23 134.49 135.44 136.11 136.53 136.76 136.82 136.76 136.62 136.44 136.25 136.09 136.01 136.04 136.22 136.60 137.20 138.10 139.47 141.42 143.99 147.13 150.75 154.73 158.88 163.06 167.23 171.36 175.42 179.37 183.18 186.81 190.23 193.40 196.29 198.86 201.09 202.93 204.35 205.32 205.80 205.75 205.05 203.58 201.36 198.61 195.57 192.27 188.80 185.22 181.57 177.85 174.06 170.22 166.33 162.40 158.45 154.48 150.50 146.52 142.56 138.60 134.68 130.79 126.95 123.16 119.34 115.44 111.50 107.64 104.04 100.73
127.91 129.92 131.86 133.53 134.84 135.83 136.54 137.01 137.28 137.38 137.37 137.27 137.12 136.98 136.86 136.82 136.89 137.11 137.55 138.38 139.71 141.58 144.01 147.00 150.51 154.43 158.65 162.98 167.32 171.61 175.83 179.93 183.90 187.68 191.25 194.58 197.62 200.35 202.72 204.71 206.29 207.40 208.02 208.01 207.26 205.75 203.51 200.74 197.67 194.33 190.75 187.01 183.18 179.28 175.33 171.32 167.28 163.20 159.10 154.98 150.86 146.75 142.65 138.57 134.52 130.51 126.55 122.56 118.47 114.31 110.15 106.12 102.34 98.85
126.00 128.05 130.10 132.08 133.77 135.11 136.14 136.88 137.38 137.68 137.82 137.83 137.76 137.65 137.53 137.44 137.43 137.55 137.98 138.85 140.16 141.95 144.24 147.10 150.49 154.33 158.52 162.94 167.43 171.89 176.27 180.53 184.66 188.60 192.33 195.81 199.01 201.89 204.43 206.57 208.30 209.55 210.21 210.13 209.33 207.79 205.53 202.75 199.66 196.30 192.67 188.82 184.82 180.74 176.61 172.43 168.22 163.98 159.72 155.46 151.19 146.93 142.69 138.47 134.30 130.16 125.98 121.68 117.31 112.92 108.58 104.39 100.46 96.81
124.01 126.10 128.18 130.26 132.25 133.97 135.33 136.37 137.13 137.65 137.97 138.13 138.16 138.10 138.01 137.90 137.86 138.04 138.58 139.49 140.79 142.51 144.67 147.39 150.68 154.44 158.58 163.00 167.59 172.21 176.75 181.19 185.47 189.58 193.47 197.11 200.47 203.51 206.20 208.51 210.38 211.66 212.25 212.11 211.25 209.69 207.42 204.64 201.54 198.16 194.50 190.61 186.49 182.23 177.92 173.57 169.18 164.77 160.35 155.92 151.49 147.08 142.70 138.34 134.01 129.64 125.14 120.54 115.91 111.31 106.82 102.51 98.45 94.66
121.99 124.09 126.20 128.30 130.39 132.40 134.12 135.49 136.54 137.30 137.83 138.15 138.31 138.35 138.30 138.23 138.31 138.67 139.32 140.28 141.58 143.22 145.26 147.85 151.04 154.73 158.82 163.23 167.85 172.59 177.30 181.90 186.35 190.62 194.68 198.49 202.01 205.22 208.07 210.52 212.41 213.62 214.12 213.93 213.03 211.44 209.17 206.40 203.29 199.90 196.23 192.30 188.14 183.77 179.27 174.73 170.16 165.58 160.98 156.38 151.79 147.22 142.68 138.16 133.59 128.87 124.04 119.16 114.30 109.52 104.90 100.49 96.33 92.43
