data_processed/recharge/precip/Precip_2005_04.asc
ncols        168
nrows        136
xllcorner    455000
yllcorner    2107000
cellsize     500
NODATA_value     -99999
[rows 0 to 33 of 136, columns 77 to 153 of 168]
37.95 35.66 33.39 31.19 29.11 27.15 25.33 23.64 22.08 20.66 19.38 18.25 17.26 16.43 15.77 15.29 14.97 14.77 14.68 14.64 14.64 14.60 14.46 14.21 13.90 13.54 13.16 12.79 12.46 12.20 12.01 11.89 11.85 11.87 11.95 12.10 12.30 12.56 12.87 13.24 13.63 14.04 14.44 14.81 15.11 15.34 15.50 15.66 15.84 16.05 16.29 16.57 16.89 17.28 17.80 18.44 19.20 20.06 21.02 22.06 23.17 24.34 25.55 26.80 28.04 29.19 30.19 30.99 31.56 31.86 31.86 31.59 31.30 31.06 30.86 30.68 30.50
38.80 36.49 34.24 32.08 30.04 28.11 26.30 24.61 23.05 21.61 20.30 19.13 18.09 17.19 16.43 15.84 15.40 15.10 14.90 14.77 14.69 14.58 14.36 14.05 13.67 13.26 12.83 12.43 12.10 11.84 11.65 11.53 11.48 11.49 11.56 11.69 11.87 12.11 12.40 12.74 13.11 13.51 13.91 14.28 14.60 14.85 15.04 15.23 15.44 15.67 15.94 16.24 16.61 17.10 17.71 18.45 19.28 20.21 21.22 22.30 23.44 24.63 25.84 27.09 28.34 29.55 30.63 31.51 32.15 32.52 32.57 32.35 32.10 31.89 31.70 31.52 31.33
39.60 37.31 35.11 33.00 30.99 29.09 27.30 25.61 24.03 22.57 21.23 20.01 18.92 17.95 17.11 16.41 15.85 15.43 15.13 14.90 14.73 14.53 14.22 13.84 13.39 12.91 12.45 12.05 11.73 11.47 11.29 11.17 11.11 11.11 11.17 11.29 11.45 11.67 11.94 12.25 12.60 12.98 13.37 13.75 14.08 14.35 14.57 14.78 15.02 15.28 15.57 15.92 16.39 16.99 17.70 18.52 19.43 20.41 21.47 22.59 23.74 24.94 26.15 27.37 28.60 29.80 30.94 31.91 32.63 33.07 33.19 33.03 32.82 32.65 32.48 32.31 32.11
40.41 38.18 36.03 33.97 31.99 30.11 28.33 26.64 25.05 23.57 22.19 20.92 19.77 18.73 17.81 17.01 16.33 15.79 15.37 15.03 14.75 14.46 14.06 13.59 13.07 12.55 12.09 11.70 11.39 11.14 10.95 10.83 10.77 10.77 10.82 10.92 11.07 11.27 11.51 11.80 12.12 12.48 12.87 13.24 13.59 13.88 14.12 14.36 14.63 14.91 15.25 15.71 16.29 16.99 17.79 18.69 19.66 20.70 21.79 22.93 24.11 25.30 26.50 27.70 28.89 30.05 31.17 32.19 33.00 33.51 33.71 33.61 33.46 33.32 33.18 33.02 32.80
41.28 39.11 37.02 35.00 33.05 31.19 29.41 27.72 26.11 24.60 23.18 21.86 20.65 19.53 18.53 17.63 16.84 16.18 15.62 15.17 14.78 14.38 13.89 13.32 12.75 12.23 11.79 11.42 11.11 10.87 10.69 10.57 10.51 10.50 10.54 10.63 10.77 10.95 11.18 11.44 11.73 12.06 12.43 12.80 13.16 13.47 13.73 14.00 14.29 14.63 15.08 15.65 16.34 17.14 18.02 18.98 20.01 21.09 22.22 23.38 24.56 25.74 26.93 28.10 29.24 30.34 31.39 32.38 33.25 33.85 34.12 34.10 34.01 33.92 33.81 33.63 33.39
42.24 40.14 38.09 36.11 34.19 32.34 30.56 28.86 27.24 25.69 24.23 22.86 21.57 20.38 19.28 18.29 17.39 16.60 15.91 15.33 14.82 14.30 13.70 13.08 12.51 12.02 11.59 11.24 10.94 10.71 10.54 10.42 10.36 10.34 10.38 10.46 10.59 10.75 10.96 11.20 11.47 11.77 12.10 12.46 12.82 13.14 13.43 13.73 14.07 14.52 15.09 15.78 16.57 17.45 18.41 19.43 20.51 21.63 22.78 23.95 25.13 26.31 27.46 28.59 29.68 30.72 31.70 32.60 33.41 34.07 34.43 34.48 34.46 34.42 34.31 34.13 33.87
43.30 41.26 39.26 37.31 35.41 33.57 31.80 30.08 28.43 26.85 25.35 23.91 22.56 21.29 20.10 18.99 17.98 17.06 16.24 15.51 14.87 14.23 13.56 12.95 12.41 11.94 11.54 11.20 10.92 10.69 10.53 10.42 10.35 10.34 10.37 10.44 10.56 10.71 10.90 11.11 11.36 11.64 11.94 12.26 12.61 12.94 13.26 13.60 14.06 14.64 15.34 16.13 17.01 17.97 19.00 20.08 21.20 22.35 23.51 24.69 25.86 27.01 28.14 29.22 30.25 31.22 32.11 32.92 33.63 34.22 34.63 34.77 34.81 34.78 34.67 34.48 34.22
44.47 42.48 40.52 38.60 36.73 34.90 33.12 31.39 29.71 28.10 26.54 25.04 23.62 22.26 20.97 19.76 18.63 17.58 16.61 15.73 14.94 14.23 13.58 13.00 12.48 12.04 11.65 11.33 11.07 10.86 10.70 10.59 10.53 10.52 10.55 10.61 10.72 10.86 11.03 11.23 11.45 11.71 11.98 12.27 12.58 12.90 13.26 13.73 14.32 15.02 15.83 16.72 17.69 18.72 19.81 20.93 22.09 23.26 24.44 25.61 26.77 27.89 28.98 30.01 30.97 31.86 32.67 33.37 33.96 34.43 34.76 34.93 35.01 34.99 34.88 34.69 34.43
45.53 43.59 41.68 39.79 37.94 36.12 34.34 32.59 30.89 29.24 27.63 26.08 24.58 23.14 21.76 20.44 19.19 18.01 16.91 15.88 15.00 14.31 13.70 13.15 12.67 12.25 11.89 11.58 11.34 11.14 10.99 10.89 10.84 10.83 10.85 10.91 11.01 11.14 11.30 11.48 11.69 11.92 12.16 12.43 12.70 12.98 13.35 13.94 14.66 15.49 16.40 17.39 18.44 19.54 20.68 21.85 23.04 24.23 25.41 26.58 27.72 28.81 29.85 30.83 31.72 32.53 33.24 33.84 34.31 34.64 34.85 34.99 35.07 35.06 34.97 34.79 34.53
46.18 44.31 42.45 40.61 38.79 36.99 35.21 33.46 31.75 30.07 28.42 26.82 25.26 23.75 22.28 20.87 19.51 18.21 16.97 15.88 15.03 14.39 13.81 13.30 12.85 12.46 12.12 11.84 11.62 11.44 11.30 11.22 11.17 11.16 11.19 11.25 11.34 11.46 11.61 11.77 11.96 12.17 12.40 12.63 12.87 13.11 13.42 14.02 14.86 15.80 16.82 17.90 19.03 20.21 21.41 22.62 23.84 25.05 26.24 27.41 28.52 29.59 30.59 31.51 32.34 33.06 33.68 34.17 34.52 34.75 34.89 35.00 35.06 35.06 34.98 34.81 34.57
46.44 44.64 42.85 41.06 39.27 37.50 35.74 34.00 32.28 30.58 28.91 27.27 25.65 24.07 22.53 21.03 19.58 18.17 16.88 15.83 15.04 14.44 13.91 13.44 13.02 12.66 12.36 12.10 11.89 11.73 11.62 11.54 11.50 11.50 11.53 11.59 11.68 11.80 11.94 12.09 12.27 12.46 12.66 12.87 13.07 13.26 13.52 14.07 14.91 15.95 17.08 18.26 19.47 20.72 21.98 23.24 24.49 25.72 26.92 28.08 29.18 30.22 31.17 32.04 32.80 33.45 33.97 34.36 34.61 34.78 34.90 34.98 35.01 35.00 34.93 34.78 34.55
46.32 44.61 42.88 41.16 39.42 37.69 35.96 34.23 32.52 30.81 29.12 27.44 25.79 24.15 22.55 20.97 19.43 17.99 16.76 15.77 15.03 14.48 13.99 13.55 13.17 12.85 12.57 12.34 12.16 12.02 11.93 11.87 11.84 11.85 11.89 11.95 12.04 12.15 12.28 12.43 12.59 12.77 12.95 13.12 13.29 13.43 13.64 14.14 14.92 15.97 17.19 18.46 19.76 21.08 22.40 23.71 25.00 26.25 27.46 28.62 29.70 30.71 31.63 32.44 33.14 33.71 34.14 34.44 34.64 34.78 34.87 34.93 34.94 34.90 34.82 34.69 34.48
45.85 44.23 42.59 40.93 39.26 37.58 35.88 34.18 32.48 30.77 29.07 27.37 25.69 24.01 22.35 20.71 19.15 17.77 16.62 15.69 15.01 14.49 14.04 13.65 13.30 13.01 12.76 12.57 12.41 12.30 12.22 12.18 12.17 12.19 12.24 12.31 12.40 12.51 12.64 12.78 12.93 13.09 13.25 13.39 13.52 13.62 13.79 14.23 14.97 15.96 17.17 18.53 19.92 21.31 22.69 24.04 25.37 26.65 27.87 29.02 30.10 31.08 31.95 32.71 33.35 33.84 34.20 34.45 34.63 34.75 34.82 34.85 34.84 34.78 34.69 34.54 34.35
45.12 43.54 41.99 40.41 38.81 37.18 35.54 33.87 32.19 30.50 28.79 27.09 25.37 23.66 21.96 20.32 18.84 17.55 16.47 15.60 14.97 14.50 14.08 13.72 13.41 13.14 12.93 12.77 12.64 12.56 12.50 12.48 12.49 12.52 12.58 12.66 12.76 12.87 13.00 13.14 13.28 13.42 13.55 13.67 13.76 13.83 13.96 14.36 15.04 15.98 17.14 18.48 19.94 21.41 22.85 24.26 25.62 26.92 28.16 29.31 30.37 31.33 32.16 32.87 33.44 33.87 34.19 34.42 34.58 34.68 34.73 34.74 34.71 34.64 34.53 34.38 34.18
44.20 42.62 41.11 39.62 38.10 36.54 34.95 33.32 31.68 30.00 28.31 26.60 24.88 23.14 21.46 19.91 18.52 17.32 16.31 15.51 14.92 14.49 14.11 13.78 13.49 13.26 13.07 12.93 12.84 12.78 12.76 12.76 12.79 12.84 12.91 13.00 13.11 13.22 13.35 13.49 13.62 13.75 13.86 13.95 14.02 14.05 14.15 14.51 15.14 16.03 17.13 18.42 19.87 21.39 22.90 24.36 25.76 27.09 28.34 29.49 30.54 31.47 32.27 32.93 33.45 33.85 34.15 34.36 34.50 34.58 34.62 34.61 34.57 34.48 34.36 34.19 33.99
43.13 41.53 40.03 38.58 37.15 35.66 34.14 32.57 30.96 29.32 27.65 25.95 24.22 22.52 20.94 19.49 18.21 17.09 16.15 15.40 14.86 14.46 14.12 13.82 13.57 13.35 13.19 13.07 13.01 12.98 12.98 13.01 13.06 13.13 13.22 13.32 13.44 13.57 13.70 13.83 13.96 14.07 14.17 14.24 14.28 14.29 14.35 14.67 15.27 16.11 17.16 18.39 19.78 21.29 22.84 24.35 25.80 27.15 28.42 29.57 30.61 31.52 32.29 32.91 33.40 33.78 34.06 34.26 34.39 34.45 34.47 34.45 34.40 34.30 34.17 33.99 33.78
41.93 40.32 38.81 37.37 35.98 34.58 33.13 31.63 30.07 28.47 26.83 25.15 23.47 21.89 20.42 19.09 17.89 16.85 15.98 15.29 14.79 14.43 14.12 13.85 13.62 13.43 13.29 13.19 13.14 13.14 13.17 13.22 13.30 13.39 13.50 13.62 13.75 13.89 14.02 14.16 14.28 14.39 14.47 14.53 14.55 14.53 14.57 14.86 15.42 16.21 17.22 18.40 19.73 21.18 22.71 24.26 25.74 27.13 28.41 29.57 30.60 31.49 32.22 32.82 33.30 33.67 33.94 34.12 34.24 34.29 34.30 34.27 34.21 34.10 33.96 33.78 33.56
40.61 39.01 37.50 36.06 34.67 33.33 31.96 30.53 29.03 27.48 25.88 24.27 22.72 21.27 19.91 18.68 17.58 16.62 15.82 15.18 14.72 14.40 14.12 13.87 13.67 13.50 13.37 13.29 13.25 13.26 13.31 13.40 13.50 13.62 13.75 13.89 14.03 14.18 14.33 14.46 14.59 14.69 14.77 14.81 14.82 14.78 14.80 15.06 15.58 16.34 17.30 18.43 19.71 21.10 22.58 24.10 25.61 27.03 28.32 29.49 30.51 31.38 32.10 32.69 33.16 33.51 33.78 33.95 34.06 34.11 34.10 34.07 33.99 33.88 33.74 33.56 33.34
39.19 37.60 36.10 34.67 33.29 31.95 30.64 29.29 27.87 26.38 24.86 23.39 21.98 20.65 19.42 18.29 17.27 16.39 15.65 15.07 14.65 14.36 14.10 13.88 13.70 13.55 13.44 13.38 13.35 13.36 13.42 13.52 13.66 13.80 13.96 14.12 14.28 14.45 14.61 14.75 14.88 14.99 15.06 15.10 15.09 15.04 15.03 15.27 15.77 16.49 17.41 18.50 19.73 21.06 22.48 23.94 25.42 26.86 28.17 29.34 30.36 31.22 31.93 32.51 32.97 33.32 33.58 33.75 33.85 33.89 33.88 33.84 33.76 33.65 33.50 33.32 33.11
37.70 36.13 34.64 33.22 31.86 30.53 29.23 27.94 26.60 25.21 23.85 22.52 21.25 20.05 18.93 17.90 16.97 16.17 15.49 14.96 14.58 14.31 14.08 13.89 13.73 13.60 13.50 13.45 13.43 13.45 13.51 13.62 13.76 13.94 14.12 14.31 14.50 14.68 14.86 15.02 15.16 15.26 15.34 15.37 15.36 15.30 15.28 15.49 15.96 16.66 17.54 18.59 19.77 21.06 22.42 23.82 25.24 26.64 27.97 29.14 30.16 31.01 31.72 32.29 32.75 33.09 33.34 33.51 33.61 33.64 33.64 33.59 33.51 33.40 33.25 33.08 32.87
36.16 34.61 33.14 31.74 30.40 29.09 27.81 26.54 25.28 24.06 22.85 21.68 20.55 19.47 18.45 17.52 16.68 15.95 15.33 14.85 14.51 14.27 14.06 13.89 13.74 13.63 13.55 13.50 13.49 13.52 13.58 13.69 13.83 14.02 14.23 14.45 14.67 14.88 15.08 15.26 15.41 15.53 15.61 15.64 15.63 15.56 15.52 15.72 16.17 16.84 17.69 18.71 19.85 21.09 22.40 23.75 25.10 26.44 27.72 28.89 29.90 30.75 31.46 32.03 32.48 32.83 33.08 33.24 33.34 33.37 33.37 33.32 33.24 33.13 32.99 32.82 32.62
34.57 33.05 31.62 30.25 28.93 27.65 26.39 25.17 24.02 22.93 21.88 20.86 19.86 18.90 18.00 17.16 16.41 15.74 15.19 14.75 14.44 14.23 14.04 13.89 13.76 13.66 13.59 13.55 13.55 13.58 13.64 13.74 13.88 14.07 14.30 14.56 14.81 15.05 15.27 15.47 15.64 15.77 15.86 15.90 15.88 15.81 15.77 15.96 16.39 17.04 17.86 18.84 19.95 21.15 22.41 23.70 25.01 26.27 27.48 28.59 29.59 30.44 31.15 31.72 32.18 32.52 32.77 32.94 33.04 33.08 33.07 33.03 32.96 32.85 32.72 32.56 32.36
32.96 31.49 30.09 28.76 27.47 26.23 25.02 23.90 22.84 21.86 20.94 20.06 19.19 18.35 17.55 16.81 16.14 15.55 15.05 14.66 14.38 14.19 14.03 13.89 13.77 13.69 13.63 13.59 13.59 13.62 13.68 13.78 13.93 14.11 14.35 14.62 14.90 15.18 15.43 15.65 15.84 15.99 16.09 16.14 16.13 16.06 16.01 16.20 16.62 17.24 18.05 19.00 20.07 21.23 22.45 23.70 24.94 26.13 27.25 28.29 29.24 30.09 30.80 31.38 31.83 32.18 32.44 32.61 32.72 32.76 32.76 32.72 32.66 32.56 32.44 32.29 32.11
31.35 29.93 28.57 27.28 26.05 24.86 23.75 22.72 21.76 20.88 20.05 19.28 18.54 17.82 17.13 16.48 15.89 15.37 14.92 14.57 14.33 14.16 14.01 13.89 13.79 13.71 13.66 13.63 13.63 13.66 13.72 13.82 13.97 14.16 14.39 14.65 14.95 15.26 15.54 15.80 16.01 16.18 16.30 16.36 16.36 16.30 16.25 16.43 16.84 17.46 18.24 19.17 20.21 21.34 22.52 23.72 24.88 25.98 27.02 27.99 28.88 29.70 30.41 30.99 31.45 31.81 32.07 32.25 32.36 32.42 32.42 32.40 32.34 32.26 32.15 32.01 31.85
29.76 28.39 27.09 25.85 24.68 23.59 22.58 21.64 20.78 19.98 19.24 18.56 17.93 17.32 16.73 16.18 15.66 15.20 14.81 14.50 14.28 14.13 14.01 13.90 13.81 13.74 13.69 13.66 13.66 13.69 13.76 13.87 14.02 14.21 14.44 14.70 14.99 15.30 15.62 15.91 16.15 16.34 16.49 16.57 16.58 16.53 16.49 16.67 17.07 17.68 18.45 19.36 20.37 21.47 22.61 23.72 24.79 25.82 26.78 27.69 28.52 29.29 29.97 30.56 31.04 31.40 31.68 31.87 31.99 32.05 32.07 32.05 32.01 31.94 31.85 31.73 31.58
28.21 26.90 25.66 24.50 23.42 22.42 21.50 20.65 19.88 19.16 18.51 17.91 17.36 16.84 16.36 15.89 15.45 15.06 14.72 14.44 14.25 14.12 14.01 13.91 13.83 13.76 13.72 13.69 13.70 13.74 13.82 13.93 14.09 14.28 14.50 14.75 15.03 15.33 15.66 15.98 16.25 16.48 16.65 16.75 16.78 16.74 16.71 16.89 17.30 17.90 18.66 19.55 20.55 21.61 22.66 23.69 24.68 25.63 26.53 27.37 28.16 28.88 29.53 30.10 30.58 30.96 31.25 31.45 31.59 31.66 31.70 31.70 31.67 31.62 31.54 31.44 31.32
26.72 25.47 24.31 23.24 22.25 21.35 20.52 19.76 19.06 18.43 17.85 17.33 16.85 16.41 16.01 15.63 15.26 14.93 14.64 14.40 14.24 14.12 14.02 13.93 13.86 13.80 13.75 13.73 13.75 13.80 13.89 14.02 14.17 14.36 14.58 14.82 15.09 15.38 15.69 16.01 16.32 16.58 16.78 16.91 16.96 16.94 16.92 17.11 17.52 18.12 18.87 19.75 20.72 21.70 22.67 23.61 24.52 25.40 26.23 27.03 27.77 28.45 29.07 29.62 30.10 30.49 30.79 31.01 31.16 31.26 31.30 31.32 31.31 31.28 31.23 31.15 31.05
25.30 24.14 23.07 22.09 21.19 20.37 19.62 18.94 18.33 17.77 17.27 16.82 16.41 16.04 15.70 15.39 15.10 14.82 14.58 14.38 14.24 14.14 14.04 13.96 13.89 13.84 13.80 13.79 13.83 13.89 13.99 14.13 14.29 14.47 14.68 14.92 15.17 15.45 15.74 16.04 16.36 16.65 16.88 17.03 17.12 17.11 17.11 17.32 17.74 18.34 19.09 19.95 20.84 21.72 22.60 23.46 24.30 25.12 25.90 26.64 27.34 27.99 28.59 29.12 29.59 29.99 30.31 30.55 30.72 30.83 30.90 30.93 30.95 30.94 30.91 30.85 30.78
23.97 22.90 21.92 21.03 20.22 19.48 18.82 18.21 17.68 17.19 16.76 16.37 16.03 15.72 15.44 15.19 14.96 14.75 14.55 14.38 14.26 14.17 14.08 14.01 13.94 13.89 13.87 13.89 13.94 14.02 14.13 14.27 14.43 14.61 14.82 15.05 15.29 15.54 15.81 16.10 16.39 16.68 16.94 17.13 17.24 17.27 17.29 17.51 17.94 18.55 19.28 20.07 20.86 21.66 22.45 23.24 24.01 24.77 25.50 26.20 26.87 27.49 28.07 28.59 29.06 29.46 29.80 30.06 30.25 30.38 30.47 30.53 30.57 30.59 30.58 30.56 30.52
22.75 21.77 20.88 20.07 19.34 18.68 18.09 17.57 17.10 16.68 16.32 15.99 15.71 15.46 15.24 15.04 14.86 14.69 14.54 14.40 14.30 14.22 14.14 14.07 14.01 13.98 13.99 14.02 14.09 14.18 14.30 14.45 14.61 14.79 14.99 15.21 15.44 15.68 15.93 16.19 16.45 16.71 16.98 17.20 17.34 17.40 17.45 17.69 18.13 18.73 19.39 20.08 20.78 21.49 22.21 22.93 23.65 24.35 25.04 25.70 26.34 26.94 27.50 28.02 28.49 28.91 29.26 29.54 29.76 29.92 30.03 30.12 30.18 30.23 30.25 30.26 30.26
21.64 20.74 19.93 19.21 18.55 17.97 17.45 16.99 16.59 16.24 15.93 15.67 15.44 15.25 15.08 14.93 14.79 14.67 14.56 14.45 14.36 14.29 14.22 14.16 14.12 14.12 14.15 14.21 14.29 14.39 14.52 14.67 14.83 15.01 15.21 15.42 15.63 15.85 16.08 16.32 16.55 16.78 17.01 17.24 17.41 17.50 17.58 17.85 18.29 18.81 19.37 19.96 20.58 21.22 21.86 22.52 23.18 23.84 24.49 25.12 25.73 26.32 26.88 27.40 27.87 28.30 28.68 29.00 29.25 29.44 29.58 29.70 29.79 29.87 29.92 29.97 29.99
20.63 19.81 19.08 18.43 17.85 17.33 16.88 16.49 16.15 15.86 15.61 15.40 15.23 15.08 14.96 14.85 14.76 14.68 14.60 14.52 14.45 14.38 14.33 14.29 14.29 14.31 14.36 14.44 14.54 14.66 14.79 14.94 15.11 15.29 15.48 15.67 15.87 16.08 16.29 16.49 16.70 16.90 17.10 17.28 17.46 17.57 17.69 17.96 18.33 18.75 19.21 19.72 20.25 20.81 21.40 22.00 22.61 23.23 23.84 24.45 25.05 25.62 26.18 26.70 27.20 27.65 28.05 28.41 28.70 28.94 29.12 29.26 29.39 29.50 29.59 29.66 29.72
19.72 18.98 18.32 17.74 17.23 16.78 16.39 16.06 15.78 15.54 15.35 15.19 15.06 14.96 14.88 14.82 14.76 14.72 14.67 14.62 14.57 14.52 14.49 14.49 14.51 14.56 14.64 14.73 14.84 14.97 15.12 15.27 15.44 15.62 15.80 15.98 16.17 16.36 16.54 16.73 16.90 17.07 17.23 17.38 17.51 17.62 17.74 17.94 18.21 18.53 18.90 19.32 19.78 20.28 20.80 21.35 21.92 22.50 23.09 23.68 24.26 24.84 25.40 25.93 26.44 26.92 27.36 27.76 28.11 28.40 28.63 28.82 28.98 29.12 29.24 29.35 29.43
18.90 18.24 17.65 17.14 16.69 16.31 15.98 15.71 15.48 15.30 15.16 15.05 14.97 14.91 14.87 14.84 14.82 14.81 14.79 14.77 14.76 14.75 14.76 14.79 14.84 14.92 15.01 15.12 15.25 15.38 15.53 15.69 15.85 16.02 16.19 16.37 16.54 16.70 16.87 17.02 17.16 17.30 17.42 17.52 17.61 17.67 17.74 17.83 17.99 18.22 18.50 18.84 19.23 19.67 20.14 20.64 21.16 21.71 22.27 22.84 23.42 23.99 24.56 25.11 25.64 26.15 26.63 27.07 27.48 27.83 28.13 28.38 28.58 28.76 28.91 29.04 29.15
