data_processed/recharge/precip/Precip_1990_11.asc
ncols        168
nrows        136
xllcorner    455000
yllcorner    2107000
cellsize     500
NODATA_value     -99999
[rows 0 to 34 of 136, columns 80 to 159 of 168]
24.25 25.13 26.01 26.90 27.78 28.64 29.47 30.27 31.06 31.82 32.56 33.29 34.00 34.70 35.36 35.99 36.59 37.16 37.69 38.19 38.64 39.05 39.39 39.65 39.83 39.93 39.96 39.91 39.79 39.61 39.36 39.04 38.66 38.23 37.73 37.18 36.57 35.91 35.20 34.44 33.63 32.78 31.89 30.96 29.99 28.99 27.95 26.87 25.77 24.64 23.49 22.31 21.11 19.89 18.65 17.39 16.13 14.85 13.56 12.26 10.96 9.65 8.34 7.04 5.73 4.43 3.14 1.85 0.58 0.00 0.00 0.00 0.00 0.00 0.00 0.00 0.00 0.00 0.00 0.17
22.80 23.63 24.46 25.31 26.16 27.01 27.83 28.64 29.42 30.19 30.94 31.68 32.40 33.11 33.79 34.44 35.06 35.64 36.20 36.72 37.19 37.60 37.92 38.17 38.34 38.44 38.46 38.42 38.30 38.13 37.88 37.58 37.21 36.79 36.32 35.78 35.20 34.57 33.89 33.17 32.40 31.59 30.74 29.85 28.93 27.97 26.99 25.97 24.93 23.86 22.77 21.65 20.52 19.37 18.21 17.03 15.84 14.65 13.44 12.24 11.02 9.81 8.60 7.39 6.19 5.00 3.81 2.64 1.48 0.33 0.00 0.00 0.00 0.00 0.00 0.00 0.00 0.00 0.00 0.13
21.36 22.14 22.93 23.73 24.55 25.37 26.18 26.98 27.77 28.54 29.29 30.04 30.77 31.49 32.18 32.85 33.49 34.10 34.67 35.20 35.67 36.06 36.36 36.60 36.76 36.85 36.87 36.82 36.71 36.53 36.30 36.00 35.65 35.24 34.78 34.27 33.71 33.10 32.45 31.75 31.02 30.24 29.43 28.59 27.71 26.80 25.87 24.90 23.91 22.90 21.87 20.82 19.76 18.68 17.59 16.48 15.37 14.26 13.14 12.01 10.89 9.77 8.65 7.54 6.44 5.35 4.27 3.20 2.15 1.12 0.11 0.00 0.00 0.00 0.00 0.00 0.00 0.00 0.00 0.07
19.91 20.65 21.41 22.17 22.94 23.73 24.52 25.32 26.10 26.87 27.63 28.38 29.13 29.85 30.56 31.24 31.90 32.52 33.11 33.63 34.07 34.43 34.72 34.94 35.08 35.16 35.17 35.12 35.01 34.83 34.60 34.31 33.96 33.57 33.12 32.62 32.08 31.50 30.87 30.20 29.50 28.76 27.98 27.18 26.34 25.48 24.59 23.67 22.74 21.78 20.81 19.82 18.82 17.81 16.78 15.75 14.72 13.68 12.64 11.60 10.56 9.53 8.50 7.48 6.48 5.48 4.50 3.54 2.60 1.68 0.78 0.00 0.00 0.00 0.00 0.00 0.00 0.00 0.00 0.00
18.46 19.16 19.88 20.61 21.35 22.11 22.87 23.64 24.42 25.19 25.95 26.71 27.46 28.20 28.92 29.61 30.28 30.91 31.48 31.97 32.38 32.72 32.99 33.19 33.32 33.38 33.38 33.32 33.20 33.02 32.79 32.50 32.16 31.77 31.34 30.86 30.33 29.76 29.16 28.52 27.84 27.13 26.39 25.62 24.82 23.99 23.15 22.28 21.40 20.49 19.57 18.64 17.70 16.75 15.79 14.83 13.87 12.90 11.94 10.98 10.02 9.08 8.14 7.21 6.30 5.40 4.52 3.66 2.83 2.01 1.22 0.46 0.00 0.00 0.00 0.00 0.00 0.00 0.00 0.00
16.99 17.67 18.35 19.05 19.77 20.49 21.23 21.98 22.74 23.50 24.27 25.03 25.78 26.53 27.26 27.96 28.64 29.24 29.77 30.23 30.61 30.92 31.17 31.34 31.45 31.50 31.49 31.41 31.28 31.10 30.86 30.58 30.24 29.86 29.43 28.96 28.45 27.90 27.31 26.69 26.04 25.35 24.64 23.90 23.14 22.36 21.55 20.73 19.89 19.03 18.17 17.29 16.41 15.52 14.62 13.73 12.83 11.94 11.05 10.17 9.29 8.42 7.57 6.73 5.91 5.11 4.32 3.56 2.83 2.12 1.43 0.78 0.17 0.00 0.00 0.00 0.00 0.00 0.00 0.00
15.51 16.15 16.81 17.49 18.18 18.88 19.59 20.32 21.06 21.81 22.57 23.34 24.10 24.85 25.59 26.29 26.94 27.50 27.99 28.41 28.76 29.04 29.26 29.41 29.50 29.52 29.49 29.41 29.26 29.07 28.83 28.54 28.20 27.82 27.40 26.93 26.43 25.90 25.33 24.73 24.09 23.43 22.75 22.04 21.31 20.56 19.79 19.01 18.22 17.41 16.59 15.77 14.94 14.10 13.27 12.44 11.61 10.78 9.96 9.15 8.35 7.57 6.80 6.04 5.31 4.60 3.90 3.24 2.60 1.99 1.42 0.87 0.36 0.00 0.00 0.00 0.00 0.00 0.00 0.00
14.00 14.62 15.26 15.91 16.58 17.26 17.96 18.67 19.39 20.13 20.88 21.64 22.41 23.17 23.90 24.57 25.16 25.69 26.14 26.52 26.83 27.08 27.26 27.38 27.44 27.45 27.40 27.29 27.14 26.93 26.68 26.38 26.04 25.66 25.24 24.78 24.29 23.76 23.21 22.62 22.01 21.37 20.71 20.03 19.33 18.61 17.88 17.13 16.38 15.61 14.84 14.07 13.29 12.51 11.73 10.96 10.19 9.43 8.68 7.94 7.22 6.51 5.82 5.14 4.49 3.87 3.27 2.69 2.15 1.64 1.17 0.73 0.32 0.00 0.00 0.00 0.00 0.00 0.00 0.00
12.46 13.07 13.68 14.32 14.97 15.64 16.32 17.01 17.72 18.45 19.19 19.95 20.72 21.47 22.16 22.78 23.32 23.80 24.20 24.54 24.81 25.02 25.17 25.26 25.30 25.28 25.20 25.08 24.90 24.69 24.42 24.11 23.77 23.38 22.96 22.50 22.02 21.50 20.95 20.38 19.78 19.16 18.52 17.86 17.19 16.50 15.80 15.09 14.37 13.65 12.92 12.19 11.46 10.73 10.01 9.29 8.59 7.89 7.20 6.53 5.88 5.24 4.63 4.03 3.46 2.92 2.41 1.93 1.48 1.06 0.68 0.35 0.05 0.00 0.00 0.00 0.00 0.00 0.00 0.00
10.90 11.49 12.09 12.71 13.35 14.00 14.67 15.36 16.06 16.78 17.51 18.27 19.03 19.74 20.38 20.94 21.43 21.86 22.21 22.51 22.74 22.91 23.02 23.08 23.08 23.03 22.93 22.78 22.59 22.35 22.07 21.76 21.40 21.01 20.58 20.13 19.64 19.13 18.59 18.02 17.44 16.83 16.21 15.57 14.92 14.26 13.59 12.91 12.23 11.55 10.86 10.17 9.49 8.81 8.14 7.48 6.82 6.19 5.56 4.96 4.37 3.80 3.26 2.75 2.26 1.80 1.37 0.97 0.61 0.29 0.01 0.00 0.00 0.00 0.00 0.00 0.00 0.00 0.00 0.00
9.35 9.93 10.52 11.13 11.75 12.39 13.05 13.73 14.42 15.14 15.87 16.62 17.40 18.11 18.69 19.20 19.64 20.01 20.32 20.56 20.75 20.88 20.95 20.98 20.95 20.87 20.74 20.57 20.35 20.10 19.80 19.47 19.11 18.71 18.28 17.82 17.33 16.82 16.28 15.73 15.16 14.57 13.96 13.35 12.72 12.08 11.44 10.79 10.14 9.49 8.84 8.20 7.56 6.93 6.31 5.70 5.10 4.52 3.96 3.42 2.90 2.40 1.93 1.49 1.08 0.70 0.35 0.04 0.00 0.00 0.00 0.00 0.00 0.00 0.00 0.00 0.00 0.00 0.00 0.00
7.85 8.41 8.99 9.58 10.19 10.82 11.47 12.14 12.83 13.53 14.26 15.03 15.85 16.58 17.16 17.62 18.00 18.32 18.58 18.78 18.92 19.01 19.05 19.03 18.97 18.86 18.71 18.51 18.27 18.00 17.69 17.34 16.96 16.55 16.12 15.66 15.17 14.66 14.13 13.59 13.02 12.45 11.86 11.26 10.65 10.04 9.43 8.81 8.19 7.58 6.97 6.36 5.77 5.19 4.61 4.06 3.51 2.99 2.49 2.01 1.56 1.13 0.73 0.36 0.03 0.00 0.00 0.00 0.00 0.00 0.00 0.00 0.00 0.00 0.00 0.00 0.00 0.00 0.00 0.00
6.39 6.93 7.50 8.08 8.68 9.30 9.94 10.60 11.27 11.98 12.72 13.52 14.36 15.13 15.74 16.19 16.53 16.79 17.00 17.15 17.25 17.30 17.29 17.24 17.15 17.01 16.82 16.60 16.34 16.05 15.72 15.36 14.97 14.55 14.11 13.64 13.15 12.65 12.12 11.58 11.03 10.47 9.90 9.32 8.73 8.14 7.55 6.97 6.38 5.80 5.23 4.67 4.12 3.58 3.05 2.55 2.06 1.59 1.15 0.74 0.35 0.00 0.00 0.00 0.00 0.00 0.00 0.00 0.00 0.00 0.00 0.00 0.00 0.00 0.00 0.00 0.00 0.00 0.00 0.00
4.97 5.50 6.05 6.61 7.20 7.81 8.44 9.09 9.76 10.48 11.26 12.08 12.95 13.74 14.38 14.87 15.20 15.42 15.58 15.68 15.74 15.74 15.70 15.61 15.48 15.30 15.09 14.84 14.56 14.24 13.90 13.52 13.12 12.69 12.24 11.77 11.28 10.78 10.26 9.72 9.18 8.63 8.07 7.51 6.95 6.38 5.82 5.26 4.71 4.16 3.63 3.10 2.59 2.10 1.62 1.17 0.74 0.33 0.00 0.00 0.00 0.00 0.00 0.00 0.00 0.00 0.00 0.00 0.00 0.00 0.00 0.00 0.00 0.00 0.00 0.00 0.00 0.00 0.00 0.00
3.60 4.11 4.64 5.19 5.77 6.36 6.98 7.63 8.32 9.06 9.86 10.71 11.60 12.42 13.09 13.61 13.97 14.20 14.31 14.36 14.37 14.33 14.25 14.12 13.95 13.75 13.51 13.23 12.92 12.58 12.22 11.83 11.41 10.97 10.52 10.04 9.55 9.05 8.53 8.00 7.47 6.93 6.39 5.84 5.30 4.75 4.22 3.69 3.16 2.65 2.15 1.67 1.20 0.75 0.32 0.00 0.00 0.00 0.00 0.00 0.00 0.00 0.00 0.00 0.00 0.00 0.00 0.00 0.00 0.00 0.00 0.00 0.00 0.00 0.00 0.00 0.00 0.00 0.00 0.00
2.27 2.76 3.28 3.81 4.38 4.96 5.57 6.23 6.94 7.71 8.53 9.40 10.32 11.17 11.87 12.41 12.81 13.06 13.18 13.19 13.15 13.07 12.94 12.78 12.57 12.33 12.06 11.76 11.43 11.07 10.68 10.27 9.84 9.40 8.93 8.45 7.96 7.45 6.94 6.42 5.89 5.36 4.83 4.30 3.78 3.26 2.74 2.24 1.75 1.27 0.81 0.36 0.00 0.00 0.00 0.00 0.00 0.00 0.00 0.00 0.00 0.00 0.00 0.00 0.00 0.00 0.00 0.00 0.00 0.00 0.00 0.00 0.00 0.00 0.00 0.00 0.00 0.00 0.00 0.00
0.98 1.45 1.95 2.48 3.02 3.60 4.22 4.90 5.64 6.43 7.27 8.17 9.11 9.98 10.70 11.28 11.70 11.99 12.14 12.16 12.08 11.95 11.78 11.58 11.34 11.06 10.76 10.43 10.07 9.69 9.28 8.86 8.41 7.95 7.48 6.99 6.49 5.99 5.48 4.96 4.44 3.92 3.41 2.89 2.39 1.89 1.40 0.92 0.46 0.01 0.00 0.00 0.00 0.00 0.00 0.00 0.00 0.00 0.00 0.00 0.00 0.00 0.00 0.00 0.00 0.00 0.00 0.00 0.00 0.00 0.00 0.00 0.00 0.00 0.00 0.00 0.00 0.00 0.00 0.00
0.00 0.19 0.67 1.18 1.72 2.31 2.95 3.65 4.40 5.21 6.07 6.99 7.95 8.85 9.60 10.20 10.66 10.98 11.16 11.21 11.13 10.97 10.76 10.51 10.24 9.93 9.59 9.23 8.85 8.44 8.02 7.57 7.12 6.64 6.16 5.66 5.16 4.65 4.14 3.63 3.12 2.61 2.11 1.61 1.12 0.64 0.17 0.00 0.00 0.00 0.00 0.00 0.00 0.00 0.00 0.00 0.00 0.00 0.00 0.00 0.00 0.00 0.00 0.00 0.00 0.00 0.00 0.00 0.00 0.00 0.00 0.00 0.00 0.00 0.00 0.00 0.00 0.00 0.00 0.00
0.00 0.00 0.00 0.00 0.48 1.08 1.74 2.46 3.23 4.06 4.94 5.88 6.86 7.78 8.55 9.18 9.67 10.02 10.23 10.32 10.28 10.12 9.87 9.59 9.27 8.93 8.56 8.17 7.76 7.33 6.88 6.42 5.95 5.46 4.96 4.46 3.96 3.45 2.94 2.43 1.92 1.42 0.93 0.45 0.00 0.00 0.00 0.00 0.00 0.00 0.00 0.00 0.00 0.00 0.00 0.00 0.00 0.00 0.00 0.00 0.00 0.00 0.00 0.00 0.00 0.00 0.00 0.00 0.00 0.00 0.00 0.00 0.00 0.00 0.00 0.00 0.00 0.00 0.00 0.00
0.00 0.00 0.00 0.00 0.00 0.00 0.60 1.34 2.13 2.97 3.88 4.83 5.83 6.77 7.56 8.22 8.73 9.11 9.36 9.48 9.47 9.35 9.11 8.79 8.44 8.06 7.66 7.24 6.80 6.35 5.88 5.39 4.90 4.40 3.90 3.39 2.87 2.36 1.85 1.35 0.85 0.35 0.00 0.00 0.00 0.00 0.00 0.00 0.00 0.00 0.00 0.00 0.00 0.00 0.00 0.00 0.00 0.00 0.00 0.00 0.00 0.00 0.00 0.00 0.00 0.00 0.00 0.00 0.00 0.00 0.00 0.00 0.00 0.00 0.00 0.00 0.00 0.00 0.00 0.00
0.00 0.00 0.00 0.00 0.00 0.00 0.00 0.28 1.09 1.95 2.87 3.84 4.86 5.82 6.63 7.31 7.85 8.26 8.53 8.69 8.72 8.63 8.43 8.12 7.73 7.32 6.89 6.43 5.97 5.49 4.99 4.49 3.98 3.47 2.95 2.43 1.91 1.40 0.89 0.38 0.00 0.00 0.00 0.00 0.00 0.00 0.00 0.00 0.00 0.00 0.00 0.00 0.00 0.00 0.00 0.00 0.00 0.00 0.00 0.00 0.00 0.00 0.00 0.00 0.00 0.00 0.00 0.00 0.00 0.00 0.00 0.00 0.00 0.00 0.00 0.00 0.00 0.00 0.00 0.03
0.00 0.00 0.00 0.00 0.00 0.00 0.00 0.00 0.11 0.99 1.92 2.91 3.95 4.92 5.76 6.46 7.02 7.45 7.76 7.94 8.01 7.95 7.79 7.52 7.14 6.70 6.23 5.75 5.25 4.75 4.23 3.71 3.18 2.65 2.12 1.59 1.07 0.55 0.04 0.00 0.00 0.00 0.00 0.00 0.00 0.00 0.00 0.00 0.00 0.00 0.00 0.00 0.00 0.00 0.00 0.00 0.00 0.00 0.00 0.00 0.00 0.00 0.00 0.00 0.00 0.00 0.00 0.00 0.00 0.00 0.00 0.00 0.00 0.00 0.00 0.00 0.00 0.06 0.10 0.13
0.00 0.00 0.00 0.00 0.00 0.00 0.00 0.00 0.00 0.09 1.04 2.04 3.09 4.08 4.93 5.65 6.24 6.70 7.03 7.25 7.34 7.32 7.20 6.96 6.63 6.20 5.70 5.19 4.66 4.13 3.59 3.04 2.50 1.95 1.41 0.87 0.34 0.00 0.00 0.00 0.00 0.00 0.00 0.00 0.00 0.00 0.00 0.00 0.00 0.00 0.00 0.00 0.00 0.00 0.00 0.00 0.00 0.00 0.00 0.00 0.00 0.00 0.00 0.00 0.00 0.00 0.00 0.00 0.00 0.00 0.00 0.00 0.00 0.00 0.00 0.00 0.09 0.16 0.20 0.23
0.00 0.00 0.00 0.00 0.00 0.00 0.00 0.00 0.00 0.00 0.21 1.22 2.29 3.29 4.16 4.90 5.51 5.99 6.35 6.59 6.72 6.74 6.65 6.45 6.15 5.76 5.28 4.74 4.18 3.62 3.06 2.49 1.93 1.36 0.81 0.26 0.00 0.00 0.00 0.00 0.00 0.00 0.00 0.00 0.00 0.00 0.00 0.00 0.00 0.00 0.00 0.00 0.00 0.00 0.00 0.00 0.00 0.00 0.00 0.00 0.00 0.00 0.00 0.00 0.00 0.00 0.00 0.00 0.00 0.00 0.00 0.00 0.00 0.00 0.00 0.09 0.21 0.27 0.31 0.33
0.00 0.00 0.00 0.00 0.00 0.00 0.00 0.00 0.00 0.00 0.00 0.46 1.54 2.56 3.44 4.20 4.83 5.33 5.72 5.99 6.14 6.19 6.13 5.97 5.72 5.36 4.92 4.40 3.82 3.23 2.64 2.05 1.47 0.89 0.31 0.00 0.00 0.00 0.00 0.00 0.00 0.00 0.00 0.00 0.00 0.00 0.00 0.00 0.00 0.00 0.00 0.00 0.00 0.00 0.00 0.00 0.00 0.00 0.00 0.00 0.00 0.00 0.00 0.00 0.00 0.00 0.00 0.00 0.00 0.00 0.00 0.00 0.00 0.00 0.06 0.21 0.33 0.39 0.42 0.45
0.00 0.00 0.00 0.00 0.00 0.00 0.00 0.00 0.00 0.00 0.00 0.00 0.84 1.87 2.77 3.54 4.19 4.72 5.13 5.42 5.61 5.68 5.66 5.53 5.31 5.00 4.60 4.12 3.55 2.94 2.33 1.72 1.11 0.51 0.00 0.00 0.00 0.00 0.00 0.00 0.00 0.00 0.00 0.00 0.00 0.00 0.00 0.00 0.00 0.00 0.00 0.00 0.00 0.00 0.00 0.00 0.00 0.00 0.00 0.00 0.00 0.00 0.00 0.00 0.00 0.00 0.00 0.00 0.00 0.00 0.00 0.00 0.00 0.01 0.20 0.35 0.45 0.52 0.55 0.57
0.00 0.00 0.00 0.00 0.00 0.00 0.00 0.00 0.00 0.00 0.00 0.00 0.19 1.23 2.15 2.94 3.60 4.15 4.58 4.90 5.11 5.22 5.22 5.13 4.95 4.67 4.31 3.87 3.35 2.76 2.12 1.48 0.86 0.24 0.00 0.00 0.00 0.00 0.00 0.00 0.00 0.00 0.00 0.00 0.00 0.00 0.00 0.00 0.00 0.00 0.00 0.00 0.00 0.00 0.00 0.00 0.00 0.00 0.00 0.00 0.00 0.00 0.00 0.00 0.00 0.00 0.00 0.00 0.00 0.00 0.00 0.00 0.00 0.15 0.34 0.48 0.59 0.65 0.68 0.70
0.00 0.00 0.00 0.00 0.00 0.00 0.00 0.00 0.00 0.00 0.00 0.00 0.00 0.64 1.57 2.37 3.05 3.62 4.07 4.41 4.65 4.78 4.82 4.76 4.61 4.37 4.05 3.65 3.17 2.62 2.01 1.35 0.71 0.07 0.00 0.00 0.00 0.00 0.00 0.00 0.00 0.00 0.00 0.00 0.00 0.00 0.00 0.00 0.00 0.00 0.00 0.00 0.00 0.00 0.00 0.00 0.00 0.00 0.00 0.00 0.00 0.00 0.00 0.00 0.00 0.00 0.00 0.00 0.00 0.00 0.00 0.00 0.09 0.31 0.48 0.63 0.73 0.79 0.81 0.83
0.00 0.00 0.00 0.00 0.00 0.00 0.00 0.00 0.00 0.00 0.00 0.00 0.00 0.10 1.03 1.85 2.55 3.13 3.60 3.97 4.23 4.39 4.45 4.42 4.31 4.11 3.82 3.46 3.03 2.52 1.95 1.31 0.65 0.00 0.00 0.00 0.00 0.00 0.00 0.00 0.00 0.00 0.00 0.00 0.00 0.00 0.00 0.00 0.00 0.00 0.00 0.00 0.00 0.00 0.00 0.00 0.00 0.00 0.00 0.00 0.00 0.00 0.00 0.00 0.00 0.00 0.00 0.00 0.00 0.00 0.00 0.02 0.26 0.47 0.64 0.77 0.87 0.93 0.95 0.97
0.00 0.00 0.00 0.00 0.00 0.00 0.00 0.00 0.00 0.00 0.00 0.00 0.00 0.00 0.54 1.37 2.08 2.68 3.17 3.56 3.84 4.03 4.12 4.12 4.03 3.87 3.62 3.30 2.90 2.44 1.91 1.32 0.68 0.01 0.00 0.00 0.00 0.00 0.00 0.00 0.00 0.00 0.00 0.00 0.00 0.00 0.00 0.00 0.00 0.00 0.00 0.00 0.00 0.00 0.00 0.00 0.00 0.00 0.00 0.00 0.00 0.00 0.00 0.00 0.00 0.00 0.00 0.00 0.00 0.00 0.00 0.20 0.43 0.63 0.80 0.93 1.02 1.08 1.10 1.12
0.00 0.00 0.00 0.00 0.00 0.00 0.00 0.00 0.00 0.00 0.00 0.00 0.00 0.00 0.09 0.93 1.66 2.27 2.78 3.18 3.49 3.69 3.81 3.84 3.79 3.65 3.44 3.16 2.80 2.38 1.90 1.35 0.76 0.11 0.00 0.00 0.00 0.00 0.00 0.00 0.00 0.00 0.00 0.00 0.00 0.00 0.00 0.00 0.00 0.00 0.00 0.00 0.00 0.00 0.00 0.00 0.00 0.00 0.00 0.00 0.00 0.00 0.00 0.00 0.00 0.00 0.00 0.00 0.00 0.00 0.13 0.38 0.61 0.80 0.96 1.09 1.18 1.24 1.26 1.27
0.00 0.00 0.00 0.00 0.00 0.00 0.00 0.00 0.00 0.00 0.00 0.00 0.00 0.00 0.00 0.53 1.27 1.89 2.42 2.84 3.16 3.40 3.54 3.59 3.57 3.47 3.29 3.04 2.72 2.34 1.90 1.40 0.85 0.26 0.00 0.00 0.00 0.00 0.00 0.00 0.00 0.00 0.00 0.00 0.00 0.00 0.00 0.00 0.00 0.00 0.00 0.00 0.00 0.00 0.00 0.00 0.00 0.00 0.00 0.00 0.00 0.00 0.00 0.00 0.00 0.00 0.00 0.00 0.00 0.06 0.33 0.57 0.79 0.98 1.14 1.26 1.35 1.40 1.42 1.43
0.00 0.00 0.00 0.00 0.00 0.00 0.00 0.00 0.00 0.00 0.00 0.00 0.00 0.00 0.00 0.17 0.91 1.55 2.09 2.53 2.87 3.13 3.29 3.37 3.38 3.30 3.16 2.94 2.66 2.32 1.92 1.47 0.96 0.41 0.00 0.00 0.00 0.00 0.00 0.00 0.00 0.00 0.00 0.00 0.00 0.00 0.00 0.00 0.00 0.00 0.00 0.00 0.00 0.00 0.00 0.00 0.00 0.00 0.00 0.00 0.00 0.00 0.00 0.00 0.00 0.00 0.00 0.00 0.00 0.27 0.53 0.77 0.98 1.16 1.31 1.43 1.52 1.57 1.59 1.60
0.00 0.00 0.00 0.00 0.00 0.00 0.00 0.00 0.00 0.00 0.00 0.00 0.00 0.00 0.00 0.00 0.60 1.24 1.79 2.25 2.61 2.88 3.07 3.18 3.21 3.16 3.05 2.86 2.62 2.32 1.96 1.55 1.09 0.58 0.04 0.00 0.00 0.00 0.00 0.00 0.00 0.00 0.00 0.00 0.00 0.00 0.00 0.00 0.00 0.00 0.00 0.00 0.00 0.00 0.00 0.00 0.00 0.00 0.00 0.00 0.00 0.00 0.00 0.00 0.00 0.00 0.00 0.00 0.22 0.49 0.74 0.97 1.17 1.35 1.50 1.61 1.70 1.74 1.76 1.77
0.00 0.00 0.00 0.00 0.00 0.00 0.00 0.00 0.00 0.00 0.00 0.00 0.00 0.00 0.00 0.00 0.31 0.97 1.53 2.00 2.38 2.67 2.88 3.01 3.06 3.04 2.96 2.81 2.60 2.33 2.01 1.64 1.22 0.77 0.27 0.00 0.00 0.00 0.00 0.00 0.00 0.00 0.00 0.00 0.00 0.00 0.00 0.00 0.00 0.00 0.00 0.00 0.00 0.00 0.00 0.00 0.00 0.00 0.00 0.00 0.00 0.00 0.00 0.00 0.00 0.00 0.00 0.17 0.45 0.71 0.96 1.18 1.37 1.54 1.69 1.80 1.88 1.93 1.94 1.95
