data_processed/recharge/precip/Precip_1999_08.asc
ncols        168
nrows        136
xllcorner    455000
yllcorner    2107000
cellsize     500
NODATA_value     -99999
[rows 0 to 31 of 136, columns 71 to 141 of 168]
209.23 205.22 201.11 196.88 192.42 187.75 183.22 178.90 174.70 170.60 166.63 162.80 159.14 155.65 152.37 149.31 146.49 143.94 141.66 139.68 138.02 136.71 135.75 135.16 134.98 135.21 135.88 137.01 138.61 140.65 142.69 144.44 146.35 148.51 150.74 152.99 155.27 157.57 159.88 162.21 164.55 166.91 169.27 171.64 174.01 176.38 178.74 181.11 183.46 185.81 188.14 190.46 192.76 195.04 197.30 199.54 201.78 204.07 206.50 209.06 211.65 214.26 216.87 219.49 222.12 224.75 227.37 230.00 232.62 235.24 237.85
207.68 203.41 198.98 194.27 189.21 183.90 178.75 173.90 169.34 164.95 160.75 156.75 152.96 149.41 146.12 143.10 140.38 137.97 135.90 134.18 132.84 131.88 131.35 131.24 131.59 132.40 133.71 135.53 137.82 140.15 142.15 143.86 145.74 147.95 150.38 152.86 155.33 157.81 160.28 162.75 165.21 167.65 170.08 172.49 174.89 177.26 179.61 181.94 184.23 186.49 188.72 190.91 193.06 195.17 197.24 199.29 201.34 203.43 205.69 208.14 210.71 213.32 215.94 218.57 221.21 223.86 226.52 229.18 231.84 234.50 237.15
207.13 202.62 197.79 192.57 186.96 181.07 175.33 169.92 164.88 160.19 155.75 151.56 147.64 144.02 140.70 137.72 135.09 132.82 130.95 129.48 128.44 127.85 127.72 128.08 128.95 130.35 132.28 134.72 137.26 139.50 141.41 143.07 144.91 147.09 149.57 152.24 154.94 157.61 160.25 162.87 165.45 168.00 170.52 173.00 175.43 177.82 180.17 182.47 184.71 186.91 189.04 191.12 193.14 195.09 197.00 198.90 200.78 202.70 204.80 207.12 209.63 212.25 214.91 217.58 220.27 222.98 225.69 228.41 231.14 233.88 236.61
207.45 202.62 197.36 191.67 185.56 179.15 172.89 166.97 161.43 156.32 151.61 147.23 143.18 139.47 136.13 133.17 130.61 128.48 126.80 125.57 124.83 124.59 124.87 125.69 127.07 129.03 131.53 134.16 136.56 138.66 140.48 142.10 143.90 146.03 148.48 151.20 154.08 156.96 159.79 162.57 165.30 167.98 170.59 173.15 175.64 178.06 180.42 182.71 184.92 187.06 189.12 191.10 193.00 194.83 196.62 198.38 200.11 201.86 203.82 206.03 208.46 211.07 213.78 216.52 219.29 222.08 224.88 227.70 230.53 233.37 236.21
208.41 203.24 197.60 191.49 184.94 178.07 171.35 164.97 158.97 153.42 148.36 143.76 139.56 135.76 132.38 129.44 126.96 124.95 123.45 122.46 122.00 122.10 122.78 124.05 125.94 128.40 131.04 133.48 135.69 137.66 139.39 140.96 142.72 144.81 147.21 149.88 152.81 155.87 158.91 161.87 164.76 167.57 170.30 172.94 175.51 177.98 180.37 182.66 184.86 186.96 188.96 190.85 192.66 194.41 196.09 197.72 199.32 200.92 202.75 204.87 207.24 209.82 212.55 215.39 218.27 221.17 224.09 227.03 229.99 232.96 235.95
209.85 204.38 198.40 191.94 185.01 177.73 170.60 163.82 157.43 151.49 146.05 141.15 136.78 132.89 129.46 126.53 124.11 122.22 120.89 120.12 119.95 120.39 121.45 123.17 125.49 128.04 130.44 132.65 134.68 136.51 138.15 139.66 141.39 143.43 145.78 148.41 151.29 154.39 157.60 160.76 163.82 166.78 169.64 172.40 175.05 177.59 180.01 182.33 184.52 186.60 188.55 190.40 192.15 193.82 195.41 196.94 198.41 199.88 201.60 203.64 205.96 208.52 211.28 214.19 217.20 220.25 223.32 226.41 229.53 232.67 235.83
211.65 205.94 199.70 192.94 185.68 178.05 170.57 163.45 156.73 150.46 144.69 139.47 134.86 130.84 127.36 124.43 122.07 120.29 119.12 118.58 118.67 119.44 120.89 122.98 125.33 127.59 129.71 131.70 133.54 135.23 136.78 138.24 139.92 141.92 144.22 146.80 149.62 152.67 155.92 159.25 162.50 165.63 168.63 171.51 174.26 176.88 179.36 181.71 183.92 185.99 187.93 189.74 191.45 193.06 194.58 196.01 197.38 198.73 200.35 202.32 204.62 207.18 209.98 212.96 216.09 219.30 222.55 225.83 229.14 232.48 235.83
213.74 207.84 201.39 194.39 186.86 178.94 171.17 163.76 156.76 150.22 144.18 138.71 133.84 129.63 126.08 123.14 120.83 119.15 118.14 117.80 118.17 119.25 121.01 123.08 125.10 127.03 128.88 130.63 132.28 133.84 135.29 136.70 138.33 140.29 142.54 145.06 147.84 150.83 154.02 157.38 160.79 164.10 167.27 170.29 173.15 175.87 178.42 180.82 183.06 185.14 187.08 188.89 190.57 192.13 193.59 194.95 196.23 197.48 199.01 200.93 203.21 205.79 208.64 211.71 214.95 218.33 221.79 225.28 228.82 232.38 235.97
216.03 210.00 203.39 196.21 188.47 180.32 172.31 164.67 157.45 150.69 144.44 138.76 133.70 129.31 125.62 122.66 120.38 118.80 117.93 117.80 118.42 119.76 121.44 123.12 124.77 126.38 127.95 129.46 130.93 132.34 133.70 135.05 136.64 138.55 140.75 143.23 145.94 148.88 152.01 155.31 158.74 162.21 165.56 168.73 171.73 174.55 177.19 179.66 181.95 184.06 186.02 187.83 189.50 191.03 192.45 193.75 194.95 196.11 197.57 199.46 201.74 204.36 207.27 210.44 213.82 217.36 221.03 224.77 228.55 232.37 236.22
218.43 212.33 205.62 198.31 190.41 182.09 173.91 166.09 158.70 151.78 145.39 139.56 134.36 129.83 126.02 122.99 120.73 119.23 118.51 118.57 119.38 120.58 121.83 123.10 124.37 125.65 126.94 128.22 129.50 130.77 132.03 133.33 134.87 136.73 138.88 141.30 143.96 146.84 149.91 153.14 156.52 160.01 163.50 166.84 169.98 172.93 175.68 178.23 180.58 182.75 184.74 186.57 188.24 189.76 191.15 192.40 193.54 194.63 196.04 197.91 200.20 202.87 205.86 209.15 212.68 216.40 220.29 224.28 228.35 232.45 236.60
220.84 214.73 207.98 200.60 192.61 184.16 175.86 167.94 160.44 153.42 146.93 141.01 135.72 131.12 127.24 124.14 121.87 120.44 119.85 120.04 120.66 121.39 122.17 123.02 123.92 124.87 125.87 126.92 128.00 129.13 130.30 131.54 133.03 134.84 136.94 139.31 141.91 144.73 147.73 150.90 154.21 157.63 161.14 164.63 167.93 171.02 173.89 176.53 178.97 181.20 183.24 185.10 186.79 188.32 189.69 190.91 192.00 193.04 194.41 196.27 198.59 201.32 204.42 207.83 211.53 215.45 219.57 223.83 228.19 232.62 237.09
223.19 217.13 210.39 203.00 194.97 186.46 178.10 170.12 162.57 155.50 148.97 143.03 137.71 133.09 129.19 126.09 123.82 122.43 121.90 121.85 121.95 122.16 122.47 122.89 123.42 124.04 124.76 125.57 126.47 127.45 128.52 129.70 131.15 132.91 134.95 137.26 139.81 142.56 145.50 148.61 151.85 155.20 158.64 162.13 165.57 168.81 171.81 174.57 177.10 179.41 181.52 183.43 185.15 186.69 188.07 189.28 190.34 191.33 192.67 194.55 196.92 199.72 202.93 206.49 210.37 214.51 218.87 223.41 228.09 232.86 237.67
225.39 219.43 212.76 205.42 197.41 188.90 180.53 172.54 165.00 157.95 151.44 145.52 140.24 135.65 131.80 128.74 126.53 125.15 124.30 123.68 123.21 122.91 122.75 122.75 122.90 123.19 123.62 124.19 124.90 125.74 126.71 127.83 129.23 130.94 132.93 135.18 137.66 140.36 143.24 146.27 149.44 152.72 156.08 159.50 162.94 166.31 169.44 172.33 174.98 177.39 179.58 181.55 183.32 184.89 186.28 187.49 188.53 189.50 190.84 192.74 195.16 198.07 201.40 205.12 209.19 213.56 218.19 223.03 228.04 233.15 238.16
227.35 221.54 215.01 207.77 199.83 191.37 183.06 175.13 167.65 160.67 154.24 148.40 143.21 138.71 134.96 132.01 129.86 128.20 126.75 125.51 124.48 123.65 123.03 122.60 122.37 122.33 122.47 122.81 123.32 124.01 124.88 125.94 127.29 128.95 130.88 133.08 135.50 138.13 140.94 143.91 147.01 150.22 153.50 156.83 160.18 163.53 166.79 169.82 172.60 175.12 177.40 179.46 181.29 182.91 184.33 185.55 186.60 187.55 188.90 190.84 193.34 196.35 199.83 203.73 208.00 212.62 217.52 222.67 228.01 233.31 238.33
228.98 223.39 217.04 209.96 202.16 193.81 185.60 177.79 170.44 163.58 157.28 151.58 146.53 142.19 138.60 135.77 133.39 131.19 129.17 127.35 125.76 124.41 123.32 122.46 121.85 121.48 121.34 121.43 121.75 122.29 123.06 124.06 125.36 126.96 128.84 130.97 133.34 135.90 138.65 141.55 144.58 147.70 150.90 154.13 157.38 160.64 163.89 167.04 169.96 172.61 175.00 177.15 179.06 180.74 182.21 183.46 184.52 185.48 186.85 188.85 191.44 194.57 198.20 202.30 206.80 211.67 216.87 222.33 227.82 233.10 238.09
230.20 224.88 218.78 211.91 204.30 196.12 188.08 180.44 173.26 166.59 160.48 154.98 150.14 146.00 142.58 139.57 136.72 134.02 131.48 129.15 127.05 125.20 123.63 122.35 121.36 120.65 120.22 120.07 120.20 120.60 121.26 122.20 123.44 124.99 126.81 128.89 131.19 133.69 136.37 139.19 142.15 145.18 148.27 151.40 154.56 157.72 160.88 164.03 167.06 169.85 172.37 174.63 176.63 178.39 179.92 181.22 182.31 183.28 184.69 186.76 189.45 192.73 196.53 200.83 205.58 210.72 216.21 221.80 227.22 232.43 237.37
230.91 225.92 220.12 213.53 206.17 198.21 190.39 182.99 176.04 169.62 163.75 158.50 153.92 150.01 146.47 143.06 139.77 136.62 133.64 130.86 128.31 126.01 123.99 122.29 120.92 119.87 119.16 118.76 118.69 118.94 119.50 120.37 121.57 123.06 124.82 126.83 129.07 131.50 134.11 136.87 139.73 142.65 145.64 148.66 151.71 154.78 157.85 160.91 163.94 166.85 169.51 171.89 174.00 175.85 177.46 178.82 179.95 180.96 182.42 184.57 187.39 190.82 194.81 199.33 204.33 209.75 215.34 220.82 226.14 231.25 236.14
231.03 226.43 220.99 214.74 207.67 200.00 192.46 185.34 178.69 172.56 167.01 162.07 157.76 153.79 149.92 146.13 142.46 138.93 135.57 132.40 129.47 126.78 124.38 122.28 120.53 119.15 118.15 117.51 117.24 117.34 117.79 118.60 119.74 121.17 122.88 124.83 127.00 129.37 131.90 134.56 137.31 140.13 143.00 145.92 148.87 151.84 154.81 157.78 160.72 163.63 166.41 168.93 171.17 173.13 174.82 176.26 177.45 178.50 180.03 182.29 185.24 188.84 193.04 197.80 203.05 208.53 213.98 219.31 224.50 229.53 234.35
230.48 226.32 221.30 215.43 208.73 201.39 194.20 187.42 181.12 175.35 170.16 165.54 161.24 157.00 152.81 148.71 144.73 140.88 137.20 133.72 130.46 127.46 124.73 122.31 120.22 118.51 117.21 116.33 115.86 115.81 116.16 116.90 117.99 119.36 121.00 122.89 125.00 127.29 129.73 132.27 134.90 137.61 140.37 143.19 146.04 148.90 151.78 154.65 157.51 160.33 163.11 165.75 168.12 170.21 172.01 173.54 174.80 175.92 177.53 179.91 183.01 186.79 191.21 196.20 201.49 206.80 212.05 217.22 222.28 227.20 231.94
229.16 225.50 220.96 215.54 209.25 202.31 195.51 189.14 183.25 177.89 173.07 168.52 164.01 159.52 155.09 150.74 146.51 142.41 138.48 134.74 131.23 127.96 124.97 122.29 119.94 117.95 116.37 115.25 114.58 114.37 114.61 115.29 116.32 117.63 119.21 121.04 123.07 125.27 127.59 130.01 132.52 135.11 137.77 140.47 143.22 145.99 148.77 151.55 154.31 157.05 159.74 162.38 164.87 167.10 169.02 170.65 172.01 173.21 174.92 177.43 180.69 184.67 189.30 194.30 199.38 204.46 209.51 214.51 219.42 224.21 228.86
227.05 223.89 219.88 214.96 209.15 202.67 196.32 190.40 184.98 180.04 175.35 170.66 165.97 161.30 156.69 152.16 147.74 143.45 139.33 135.40 131.70 128.24 125.06 122.17 119.63 117.44 115.63 114.27 113.40 113.04 113.18 113.79 114.75 116.01 117.53 119.28 121.22 123.29 125.48 127.78 130.18 132.65 135.20 137.79 140.43 143.10 145.78 148.47 151.14 153.79 156.40 158.96 161.45 163.79 165.85 167.61 169.07 170.36 172.18 174.84 178.28 182.45 187.07 191.82 196.62 201.46 206.30 211.11 215.86 220.52 225.07
224.40 221.46 217.97 213.61 208.34 202.37 196.52 191.13 186.18 181.44 176.66 171.86 167.05 162.27 157.54 152.89 148.35 143.94 139.69 135.64 131.81 128.22 124.90 121.89 119.21 116.88 114.94 113.41 112.35 111.84 111.86 112.41 113.31 114.51 115.96 117.61 119.41 121.36 123.43 125.60 127.88 130.24 132.67 135.16 137.69 140.25 142.83 145.42 148.00 150.56 153.09 155.56 157.98 160.32 162.50 164.39 165.97 167.37 169.32 172.14 175.76 179.89 184.21 188.65 193.18 197.76 202.37 206.98 211.56 216.08 220.52
221.43 218.47 215.22 211.41 206.73 201.32 196.05 191.18 186.48 181.72 176.90 172.05 167.20 162.36 157.58 152.87 148.27 143.81 139.50 135.39 131.49 127.83 124.45 121.37 118.62 116.22 114.20 112.60 111.43 110.77 110.69 111.16 112.01 113.14 114.48 116.00 117.68 119.49 121.43 123.48 125.64 127.88 130.19 132.57 135.00 137.46 139.94 142.43 144.92 147.38 149.82 152.22 154.55 156.82 159.00 161.01 162.72 164.25 166.34 169.31 172.86 176.66 180.63 184.75 188.98 193.30 197.67 202.07 206.47 210.84 215.15
218.14 215.14 211.89 208.34 204.23 199.46 194.76 190.20 185.55 180.81 176.01 171.18 166.33 161.51 156.74 152.04 147.45 142.99 138.69 134.58 130.68 127.02 123.64 120.55 117.79 115.38 113.36 111.74 110.56 109.85 109.68 110.08 110.86 111.88 113.09 114.47 116.01 117.69 119.50 121.43 123.46 125.58 127.79 130.05 132.37 134.72 137.10 139.50 141.89 144.26 146.61 148.92 151.18 153.37 155.47 157.48 159.32 160.98 163.21 166.08 169.26 172.67 176.29 180.07 184.00 188.04 192.16 196.34 200.54 204.75 208.92
214.52 211.49 208.21 204.67 200.84 196.63 192.30 187.86 183.29 178.64 173.92 169.16 164.40 159.65 154.96 150.33 145.81 141.42 137.19 133.14 129.31 125.72 122.40 119.37 116.67 114.32 112.35 110.78 109.65 108.99 108.82 109.16 109.84 110.72 111.79 113.03 114.43 115.97 117.66 119.46 121.37 123.37 125.45 127.61 129.81 132.06 134.34 136.63 138.93 141.21 143.47 145.70 147.87 149.98 152.01 153.95 155.79 157.55 159.65 162.12 164.87 167.88 171.12 174.56 178.17 181.92 185.78 189.73 193.73 197.75 201.77
210.74 207.67 204.34 200.77 196.95 192.91 188.74 184.43 180.00 175.47 170.88 166.26 161.62 157.00 152.43 147.93 143.53 139.25 135.14 131.21 127.49 124.01 120.80 117.88 115.28 113.04 111.17 109.71 108.68 108.11 108.03 108.37 108.92 109.66 110.58 111.68 112.95 114.36 115.92 117.59 119.38 121.26 123.23 125.27 127.37 129.52 131.69 133.88 136.08 138.28 140.45 142.59 144.68 146.71 148.66 150.53 152.30 153.93 155.63 157.63 159.94 162.54 165.39 168.47 171.75 175.20 178.79 182.49 186.27 190.11 193.96
207.25 204.06 200.64 196.99 193.14 189.11 185.01 180.83 176.54 172.16 167.71 163.22 158.72 154.23 149.79 145.42 141.15 137.00 133.01 129.21 125.61 122.25 119.15 116.35 113.87 111.74 109.98 108.63 107.71 107.25 107.23 107.59 108.10 108.72 109.50 110.47 111.61 112.89 114.32 115.88 117.55 119.32 121.18 123.11 125.11 127.15 129.23 131.33 133.44 135.54 137.63 139.69 141.70 143.66 145.55 147.35 149.00 150.45 151.87 153.42 155.28 157.44 159.90 162.60 165.54 168.67 171.96 175.40 178.95 182.57 186.25
204.03 200.67 197.10 193.37 189.50 185.48 181.39 177.28 173.13 168.88 164.57 160.22 155.85 151.50 147.19 142.95 138.80 134.79 130.92 127.24 123.76 120.52 117.54 114.86 112.49 110.47 108.83 107.58 106.77 106.39 106.41 106.79 107.30 107.87 108.55 109.39 110.40 111.57 112.88 114.32 115.88 117.54 119.30 121.13 123.03 124.98 126.97 128.98 131.01 133.03 135.04 137.03 138.97 140.86 142.68 144.37 145.85 147.13 148.36 149.64 151.07 152.79 154.82 157.13 159.70 162.50 165.49 168.64 171.93 175.34 178.82
200.98 197.39 193.70 189.93 186.04 182.02 177.94 173.85 169.76 165.64 161.47 157.25 153.02 148.80 144.62 140.51 136.49 132.60 128.86 125.29 121.94 118.82 115.96 113.39 111.13 109.23 107.69 106.56 105.84 105.52 105.58 105.95 106.47 107.06 107.70 108.43 109.33 110.38 111.58 112.91 114.37 115.93 117.59 119.33 121.13 123.00 124.90 126.83 128.78 130.73 132.67 134.59 136.47 138.30 140.01 141.54 142.85 143.96 145.03 146.13 147.29 148.59 150.18 152.09 154.28 156.72 159.38 162.24 165.26 168.42 171.69
197.99 194.23 190.47 186.66 182.76 178.72 174.64 170.56 166.49 162.45 158.40 154.32 150.22 146.13 142.08 138.10 134.21 130.44 126.82 123.38 120.15 117.14 114.40 111.94 109.80 108.01 106.58 105.56 104.92 104.66 104.74 105.12 105.64 106.22 106.88 107.58 108.38 109.32 110.42 111.65 113.01 114.48 116.05 117.70 119.42 121.20 123.03 124.89 126.76 128.65 130.52 132.38 134.20 135.92 137.48 138.85 140.00 140.95 141.86 142.80 143.79 144.83 146.01 147.49 149.28 151.35 153.67 156.21 158.95 161.85 164.88
195.10 191.25 187.43 183.58 179.64 175.59 171.51 167.43 163.37 159.35 155.37 151.41 147.45 143.49 139.57 135.72 131.95 128.31 124.81 121.50 118.38 115.49 112.87 110.52 108.50 106.81 105.51 104.59 104.03 103.81 103.92 104.29 104.80 105.39 106.05 106.77 107.54 108.40 109.40 110.54 111.80 113.18 114.66 116.23 117.88 119.59 121.34 123.13 124.94 126.77 128.59 130.38 132.10 133.68 135.09 136.30 137.30 138.10 138.85 139.64 140.47 141.35 142.28 143.36 144.73 146.41 148.37 150.58 153.01 155.64 158.42
192.40 188.47 184.58 180.68 176.70 172.63 168.53 164.45 160.40 156.39 152.44 148.55 144.71 140.88 137.09 133.36 129.72 126.21 122.83 119.63 116.64 113.87 111.35 109.13 107.21 105.66 104.49 103.67 103.18 103.01 103.13 103.49 103.99 104.57 105.23 105.96 106.75 107.59 108.51 109.56 110.74 112.04 113.44 114.94 116.51 118.15 119.84 121.57 123.32 125.09 126.85 128.56 130.14 131.57 132.83 133.90 134.75 135.40 136.01 136.65 137.34 138.06 138.84 139.68 140.66 141.93 143.51 145.37 147.48 149.81 152.33
