data_processed/recharge/precip/Precip_1987_12.asc
ncols        168
nrows        136
xllcorner    455000
yllcorner    2107000
cellsize     500
NODATA_value     -99999
[rows 76 to 113 of 136, columns 0 to 83 of 168]
2.54 2.39 2.23 2.07 1.90 1.73 1.56 1.39 1.22 1.06 0.90 0.76 0.62 0.50 0.38 0.29 0.20 0.13 0.08 0.05 0.03 0.04 0.04 0.05 0.05 0.05 0.06 0.06 0.06 0.05 0.05 0.05 0.04 0.04 0.03 0.02 0.01 0.01 0.00 0.00 0.00 0.00 0.00 0.00 0.00 0.00 0.00 0.00 0.00 0.00 0.00 0.00 0.00 0.00 0.00 0.00 0.00 0.00 0.00 0.00 0.00 0.00 0.00 0.00 0.00 0.00 0.00 0.00 0.00 0.00 0.00 0.00 0.00 0.00 0.00 0.00 0.00 0.00 0.00 0.00 0.00 0.00 0.00 0.00
2.49 2.34 2.18 2.02 1.85 1.68 1.51 1.35 1.18 1.03 0.88 0.74 0.60 0.48 0.37 0.28 0.19 0.13 0.07 0.04 0.02 0.02 0.03 0.03 0.04 0.04 0.04 0.04 0.05 0.05 0.05 0.05 0.05 0.04 0.04 0.03 0.02 0.01 0.01 0.00 0.00 0.00 0.00 0.00 0.00 0.00 0.00 0.00 0.00 0.00 0.00 0.00 0.00 0.00 0.00 0.00 0.00 0.00 0.00 0.00 0.00 0.00 0.00 0.00 0.00 0.00 0.00 0.00 0.00 0.00 0.00 0.00 0.00 0.00 0.00 0.00 0.00 0.00 0.00 0.00 0.00 0.00 0.00 0.00
2.42 2.28 2.12 1.96 1.80 1.63 1.47 1.30 1.15 1.00 0.85 0.72 0.59 0.47 0.37 0.27 0.19 0.12 0.07 0.03 0.01 0.01 0.01 0.02 0.02 0.02 0.03 0.03 0.03 0.04 0.04 0.05 0.05 0.05 0.04 0.04 0.03 0.02 0.01 0.01 0.00 0.00 0.00 0.00 0.00 0.00 0.00 0.00 0.00 0.00 0.00 0.00 0.00 0.00 0.00 0.00 0.00 0.00 0.00 0.00 0.00 0.00 0.00 0.00 0.00 0.00 0.00 0.00 0.00 0.00 0.00 0.00 0.00 0.00 0.00 0.00 0.00 0.00 0.00 0.00 0.00 0.00 0.00 0.00
2.35 2.21 2.06 1.90 1.74 1.58 1.42 1.26 1.11 0.97 0.83 0.70 0.57 0.46 0.36 0.26 0.18 0.11 0.06 0.02 0.00 0.00 0.00 0.00 0.00 0.01 0.01 0.02 0.02 0.03 0.04 0.04 0.04 0.05 0.04 0.04 0.03 0.02 0.02 0.01 0.01 0.00 0.00 0.00 0.00 0.00 0.00 0.00 0.00 0.00 0.00 0.00 0.00 0.00 0.00 0.00 0.00 0.00 0.00 0.00 0.00 0.00 0.00 0.00 0.00 0.00 0.00 0.00 0.00 0.00 0.00 0.00 0.00 0.00 0.00 0.00 0.00 0.00 0.00 0.00 0.00 0.00 0.00 0.00
2.28 2.14 1.99 1.84 1.68 1.52 1.37 1.22 1.08 0.94 0.81 0.68 0.56 0.45 0.35 0.26 0.18 0.11 0.06 0.02 0.00 0.00 0.00 0.00 0.00 0.00 0.00 0.00 0.01 0.02 0.02 0.03 0.04 0.04 0.04 0.04 0.03 0.03 0.02 0.01 0.01 0.00 0.00 0.00 0.00 0.00 0.00 0.00 0.00 0.00 0.00 0.00 0.00 0.00 0.00 0.00 0.00 0.00 0.00 0.00 0.00 0.00 0.00 0.00 0.00 0.00 0.00 0.00 0.00 0.00 0.00 0.00 0.00 0.00 0.00 0.00 0.00 0.00 0.00 0.00 0.00 0.00 0.00 0.00
2.19 2.06 1.91 1.77 1.62 1.47 1.33 1.18 1.05 0.91 0.79 0.66 0.55 0.44 0.34 0.25 0.18 0.11 0.05 0.01 0.00 0.00 0.00 0.00 0.00 0.00 0.00 0.00 0.00 0.00 0.01 0.02 0.02 0.03 0.03 0.03 0.03 0.03 0.02 0.02 0.01 0.01 0.00 0.00 0.00 0.00 0.00 0.00 0.00 0.00 0.00 0.00 0.00 0.00 0.00 0.00 0.00 0.00 0.00 0.00 0.00 0.00 0.00 0.00 0.00 0.00 0.00 0.00 0.00 0.00 0.00 0.00 0.00 0.00 0.00 0.00 0.00 0.00 0.00 0.00 0.00 0.00 0.00 0.00
2.11 1.97 1.84 1.70 1.56 1.42 1.28 1.15 1.02 0.89 0.77 0.65 0.54 0.44 0.34 0.25 0.18 0.11 0.05 0.01 0.00 0.00 0.00 0.00 0.00 0.00 0.00 0.00 0.00 0.00 0.00 0.00 0.01 0.02 0.02 0.02 0.03 0.03 0.02 0.02 0.01 0.01 0.00 0.00 0.00 0.00 0.00 0.00 0.00 0.00 0.00 0.00 0.00 0.00 0.00 0.00 0.00 0.00 0.00 0.00 0.00 0.00 0.00 0.00 0.00 0.00 0.00 0.00 0.00 0.00 0.00 0.00 0.00 0.00 0.00 0.00 0.00 0.00 0.00 0.00 0.00 0.00 0.00 0.00
2.01 1.89 1.76 1.63 1.50 1.37 1.24 1.11 0.99 0.87 0.75 0.64 0.53 0.43 0.34 0.26 0.18 0.11 0.06 0.01 0.00 0.00 0.00 0.00 0.00 0.00 0.00 0.00 0.00 0.00 0.00 0.00 0.00 0.00 0.01 0.01 0.01 0.02 0.02 0.02 0.01 0.01 0.00 0.00 0.00 0.00 0.00 0.00 0.00 0.00 0.00 0.00 0.00 0.00 0.00 0.00 0.00 0.00 0.00 0.00 0.00 0.00 0.00 0.00 0.00 0.00 0.00 0.00 0.00 0.00 0.00 0.00 0.00 0.00 0.00 0.00 0.00 0.00 0.00 0.00 0.00 0.00 0.00 0.00
1.92 1.80 1.68 1.56 1.44 1.32 1.20 1.08 0.96 0.85 0.74 0.63 0.53 0.43 0.34 0.26 0.19 0.12 0.06 0.02 0.00 0.00 0.00 0.00 0.00 0.00 0.00 0.00 0.00 0.00 0.00 0.00 0.00 0.00 0.00 0.00 0.00 0.01 0.01 0.01 0.01 0.01 0.00 0.00 0.00 0.00 0.00 0.00 0.00 0.00 0.00 0.00 0.00 0.00 0.00 0.00 0.00 0.00 0.00 0.00 0.00 0.00 0.00 0.00 0.00 0.00 0.00 0.00 0.00 0.00 0.00 0.00 0.00 0.00 0.00 0.00 0.00 0.00 0.00 0.00 0.00 0.00 0.00 0.00
1.82 1.72 1.61 1.50 1.39 1.27 1.16 1.05 0.94 0.83 0.73 0.63 0.53 0.44 0.35 0.27 0.20 0.13 0.08 0.03 0.00 0.00 0.00 0.00 0.00 0.00 0.00 0.00 0.00 0.00 0.00 0.00 0.00 0.00 0.00 0.00 0.00 0.00 0.00 0.00 0.00 0.00 0.00 0.00 0.00 0.00 0.00 0.00 0.00 0.00 0.00 0.00 0.00 0.00 0.00 0.00 0.00 0.00 0.00 0.00 0.00 0.00 0.00 0.00 0.00 0.00 0.00 0.00 0.00 0.00 0.00 0.00 0.00 0.00 0.00 0.00 0.00 0.00 0.00 0.00 0.00 0.00 0.00 0.00
1.73 1.64 1.54 1.44 1.33 1.23 1.13 1.02 0.92 0.82 0.72 0.62 0.53 0.44 0.36 0.28 0.21 0.15 0.09 0.05 0.01 0.00 0.00 0.00 0.00 0.00 0.00 0.00 0.00 0.00 0.00 0.00 0.00 0.00 0.00 0.00 0.00 0.00 0.00 0.00 0.00 0.00 0.00 0.00 0.00 0.00 0.00 0.00 0.00 0.00 0.00 0.00 0.00 0.00 0.00 0.00 0.00 0.00 0.00 0.00 0.00 0.00 0.00 0.00 0.00 0.00 0.00 0.00 0.00 0.00 0.00 0.00 0.00 0.00 0.00 0.00 0.00 0.00 0.00 0.00 0.00 0.00 0.00 0.00
1.65 1.56 1.48 1.38 1.29 1.20 1.10 1.00 0.91 0.81 0.72 0.63 0.54 0.46 0.38 0.30 0.23 0.17 0.11 0.07 0.03 0.00 0.00 0.00 0.00 0.00 0.00 0.00 0.00 0.00 0.00 0.00 0.00 0.00 0.00 0.00 0.00 0.00 0.00 0.00 0.00 0.00 0.00 0.00 0.00 0.00 0.00 0.00 0.00 0.00 0.00 0.00 0.00 0.00 0.00 0.00 0.00 0.00 0.00 0.00 0.00 0.00 0.00 0.00 0.00 0.00 0.00 0.00 0.00 0.00 0.00 0.00 0.00 0.00 0.00 0.00 0.00 0.00 0.00 0.00 0.00 0.00 0.00 0.00
1.61 1.54 1.46 1.38 1.29 1.20 1.11 1.02 0.93 0.84 0.75 0.66 0.57 0.49 0.41 0.33 0.26 0.20 0.14 0.10 0.05 0.02 0.00 0.00 0.00 0.00 0.00 0.00 0.00 0.00 0.00 0.00 0.00 0.00 0.00 0.00 0.00 0.00 0.00 0.00 0.00 0.00 0.00 0.00 0.00 0.00 0.00 0.00 0.00 0.00 0.00 0.00 0.00 0.00 0.00 0.00 0.00 0.00 0.00 0.00 0.00 0.00 0.00 0.00 0.00 0.00 0.00 0.00 0.00 0.00 0.00 0.00 0.00 0.00 0.00 0.00 0.00 0.00 0.00 0.00 0.00 0.00 0.00 0.00
1.66 1.59 1.51 1.43 1.35 1.26 1.17 1.08 0.99 0.90 0.81 0.72 0.63 0.55 0.46 0.39 0.31 0.24 0.18 0.13 0.08 0.05 0.02 0.00 0.00 0.00 0.00 0.00 0.00 0.00 0.00 0.00 0.00 0.00 0.00 0.00 0.00 0.00 0.00 0.00 0.00 0.00 0.00 0.00 0.00 0.00 0.00 0.00 0.00 0.00 0.00 0.00 0.00 0.00 0.00 0.00 0.00 0.00 0.00 0.00 0.00 0.00 0.00 0.00 0.00 0.00 0.00 0.00 0.00 0.00 0.00 0.00 0.00 0.00 0.00 0.00 0.00 0.00 0.00 0.00 0.00 0.00 0.00 0.00
1.77 1.70 1.63 1.55 1.46 1.38 1.29 1.19 1.10 1.00 0.91 0.81 0.72 0.63 0.54 0.46 0.37 0.30 0.23 0.16 0.11 0.08 0.05 0.02 0.00 0.00 0.00 0.00 0.00 0.00 0.00 0.00 0.00 0.00 0.00 0.00 0.00 0.00 0.00 0.00 0.00 0.00 0.00 0.00 0.00 0.00 0.00 0.00 0.00 0.00 0.00 0.00 0.00 0.00 0.00 0.00 0.00 0.00 0.00 0.00 0.00 0.00 0.00 0.00 0.00 0.00 0.00 0.00 0.00 0.00 0.00 0.00 0.00 0.00 0.00 0.00 0.00 0.00 0.00 0.00 0.00 0.00 0.00 0.00
1.97 1.88 1.80 1.72 1.63 1.54 1.44 1.35 1.24 1.14 1.04 0.94 0.83 0.73 0.63 0.54 0.44 0.35 0.27 0.20 0.15 0.11 0.08 0.05 0.02 0.00 0.00 0.00 0.00 0.00 0.00 0.00 0.00 0.00 0.00 0.00 0.00 0.00 0.00 0.00 0.00 0.00 0.00 0.00 0.00 0.00 0.00 0.00 0.00 0.00 0.00 0.00 0.00 0.00 0.00 0.00 0.00 0.00 0.00 0.00 0.00 0.00 0.00 0.00 0.00 0.00 0.00 0.00 0.00 0.00 0.00 0.00 0.00 0.00 0.00 0.00 0.00 0.00 0.00 0.00 0.00 0.00 0.00 0.00
2.25 2.14 2.04 1.95 1.85 1.75 1.64 1.54 1.42 1.31 1.20 1.08 0.97 0.85 0.74 0.63 0.52 0.41 0.32 0.24 0.19 0.15 0.12 0.09 0.06 0.02 0.00 0.00 0.00 0.00 0.00 0.00 0.00 0.00 0.00 0.00 0.00 0.00 0.00 0.00 0.00 0.00 0.00 0.00 0.00 0.00 0.00 0.00 0.00 0.00 0.00 0.00 0.00 0.00 0.00 0.00 0.00 0.00 0.00 0.00 0.00 0.00 0.00 0.00 0.00 0.00 0.00 0.00 0.00 0.00 0.00 0.00 0.00 0.00 0.00 0.00 0.00 0.00 0.00 0.00 0.00 0.00 0.00 0.00
2.61 2.47 2.34 2.22 2.11 2.00 1.88 1.76 1.63 1.51 1.38 1.25 1.11 0.98 0.85 0.72 0.59 0.48 0.37 0.29 0.22 0.19 0.16 0.12 0.09 0.06 0.03 0.00 0.00 0.00 0.00 0.00 0.00 0.00 0.00 0.00 0.00 0.00 0.00 0.00 0.00 0.00 0.00 0.00 0.00 0.00 0.00 0.00 0.00 0.00 0.00 0.00 0.00 0.00 0.00 0.00 0.00 0.00 0.00 0.00 0.00 0.00 0.00 0.00 0.00 0.00 0.00 0.00 0.00 0.00 0.00 0.00 0.00 0.00 0.00 0.00 0.00 0.00 0.00 0.00 0.00 0.00 0.00 0.00
3.03 2.86 2.70 2.56 2.42 2.29 2.15 2.02 1.87 1.73 1.58 1.43 1.27 1.12 0.97 0.82 0.67 0.54 0.42 0.33 0.26 0.23 0.20 0.16 0.13 0.10 0.06 0.03 0.00 0.00 0.00 0.00 0.00 0.00 0.00 0.00 0.00 0.00 0.00 0.00 0.00 0.00 0.00 0.00 0.00 0.00 0.00 0.00 0.00 0.00 0.00 0.00 0.00 0.00 0.00 0.00 0.00 0.00 0.00 0.00 0.00 0.00 0.00 0.00 0.00 0.00 0.00 0.00 0.00 0.00 0.00 0.00 0.00 0.00 0.00 0.00 0.00 0.00 0.00 0.00 0.00 0.00 0.00 0.03
3.50 3.31 3.13 2.95 2.78 2.61 2.46 2.30 2.13 1.97 1.79 1.62 1.44 1.27 1.09 0.92 0.75 0.61 0.48 0.38 0.31 0.27 0.24 0.20 0.17 0.13 0.10 0.06 0.03 0.00 0.00 0.00 0.00 0.00 0.00 0.00 0.00 0.00 0.00 0.00 0.00 0.00 0.00 0.00 0.00 0.00 0.00 0.00 0.00 0.00 0.00 0.00 0.00 0.00 0.00 0.00 0.00 0.00 0.00 0.00 0.00 0.00 0.00 0.00 0.00 0.00 0.00 0.00 0.00 0.00 0.00 0.00 0.00 0.00 0.00 0.00 0.00 0.00 0.00 0.00 0.00 0.00 0.04 0.09
4.02 3.81 3.59 3.39 3.18 2.98 2.79 2.61 2.42 2.22 2.02 1.82 1.62 1.41 1.21 1.02 0.83 0.67 0.53 0.43 0.35 0.31 0.28 0.24 0.21 0.17 0.14 0.10 0.07 0.03 0.00 0.00 0.00 0.00 0.00 0.00 0.00 0.00 0.00 0.00 0.00 0.00 0.00 0.00 0.00 0.00 0.00 0.00 0.00 0.00 0.00 0.00 0.00 0.00 0.00 0.00 0.00 0.00 0.00 0.00 0.00 0.00 0.00 0.00 0.00 0.00 0.00 0.00 0.00 0.00 0.00 0.00 0.00 0.00 0.00 0.00 0.00 0.00 0.00 0.00 0.00 0.04 0.09 0.14
4.57 4.33 4.10 3.86 3.62 3.39 3.16 2.93 2.71 2.49 2.26 2.03 1.79 1.56 1.33 1.12 0.92 0.74 0.59 0.47 0.40 0.35 0.32 0.29 0.25 0.21 0.18 0.14 0.11 0.07 0.04 0.00 0.00 0.00 0.00 0.00 0.00 0.00 0.00 0.00 0.00 0.00 0.00 0.00 0.00 0.00 0.00 0.00 0.00 0.00 0.00 0.00 0.00 0.00 0.00 0.00 0.00 0.00 0.00 0.00 0.00 0.00 0.00 0.00 0.00 0.00 0.00 0.00 0.00 0.00 0.00 0.00 0.00 0.00 0.00 0.00 0.00 0.00 0.00 0.00 0.04 0.09 0.14 0.18
5.14 4.89 4.63 4.36 4.09 3.82 3.55 3.29 3.03 2.77 2.51 2.24 1.97 1.71 1.46 1.22 1.00 0.81 0.65 0.52 0.44 0.40 0.36 0.33 0.29 0.26 0.22 0.18 0.14 0.11 0.07 0.04 0.01 0.00 0.00 0.00 0.00 0.00 0.00 0.00 0.00 0.00 0.00 0.00 0.00 0.00 0.00 0.00 0.00 0.00 0.00 0.00 0.00 0.00 0.03 0.06 0.09 0.12 0.15 0.17 0.18 0.18 0.18 0.16 0.15 0.12 0.09 0.06 0.02 0.00 0.00 0.00 0.00 0.00 0.00 0.00 0.00 0.00 0.00 0.04 0.08 0.13 0.17 0.21
5.73 5.46 5.17 4.88 4.58 4.28 3.97 3.66 3.36 3.05 2.75 2.45 2.15 1.86 1.58 1.32 1.08 0.88 0.71 0.57 0.49 0.44 0.41 0.37 0.34 0.30 0.26 0.22 0.18 0.14 0.11 0.07 0.04 0.00 0.00 0.00 0.00 0.00 0.00 0.00 0.00 0.00 0.00 0.00 0.00 0.00 0.00 0.00 0.00 0.00 0.00 0.00 0.03 0.13 0.23 0.31 0.38 0.41 0.43 0.44 0.44 0.43 0.42 0.39 0.36 0.32 0.28 0.23 0.18 0.13 0.09 0.05 0.03 0.01 0.00 0.00 0.00 0.01 0.04 0.07 0.11 0.15 0.19 0.22
6.32 6.03 5.73 5.41 5.08 4.74 4.40 4.05 3.70 3.35 3.00 2.66 2.33 2.01 1.70 1.42 1.17 0.95 0.76 0.62 0.53 0.49 0.45 0.42 0.38 0.34 0.30 0.26 0.22 0.18 0.14 0.11 0.06 0.01 0.00 0.00 0.00 0.00 0.00 0.00 0.00 0.00 0.00 0.00 0.00 0.00 0.00 0.00 0.00 0.00 0.00 0.03 0.16 0.30 0.44 0.57 0.66 0.72 0.74 0.74 0.72 0.70 0.67 0.63 0.58 0.53 0.47 0.41 0.34 0.27 0.22 0.17 0.13 0.09 0.07 0.06 0.05 0.06 0.07 0.09 0.12 0.16 0.19 0.22
6.91 6.60 6.28 5.93 5.58 5.21 4.83 4.44 4.04 3.64 3.25 2.87 2.50 2.15 1.83 1.52 1.25 1.02 0.82 0.67 0.58 0.53 0.50 0.46 0.42 0.38 0.34 0.30 0.26 0.22 0.18 0.13 0.08 0.02 0.00 0.00 0.00 0.00 0.00 0.00 0.00 0.00 0.00 0.00 0.00 0.00 0.00 0.00 0.00 0.00 0.00 0.13 0.31 0.49 0.67 0.82 0.94 1.02 1.05 1.04 1.02 0.98 0.94 0.88 0.82 0.75 0.68 0.59 0.51 0.42 0.35 0.28 0.23 0.18 0.14 0.12 0.10 0.09 0.09 0.11 0.13 0.15 0.18 0.21
7.48 7.16 6.81 6.44 6.06 5.66 5.24 4.81 4.37 3.94 3.50 3.08 2.68 2.30 1.95 1.62 1.33 1.08 0.88 0.72 0.62 0.57 0.54 0.50 0.46 0.42 0.38 0.34 0.30 0.25 0.21 0.15 0.08 0.01 0.00 0.00 0.00 0.00 0.00 0.00 0.00 0.00 0.00 0.00 0.00 0.00 0.00 0.00 0.00 0.00 0.06 0.26 0.47 0.68 0.88 1.06 1.20 1.30 1.35 1.36 1.33 1.28 1.22 1.15 1.07 0.98 0.89 0.79 0.68 0.58 0.48 0.40 0.33 0.27 0.21 0.17 0.14 0.12 0.11 0.11 0.12 0.14 0.16 0.18
8.02 7.69 7.32 6.93 6.52 6.09 5.64 5.17 4.70 4.22 3.75 3.30 2.86 2.45 2.07 1.73 1.42 1.15 0.93 0.77 0.67 0.62 0.58 0.54 0.50 0.46 0.42 0.38 0.33 0.28 0.22 0.15 0.07 0.00 0.00 0.00 0.00 0.00 0.00 0.00 0.00 0.00 0.00 0.00 0.00 0.00 0.00 0.00 0.00 0.00 0.16 0.39 0.64 0.87 1.09 1.27 1.43 1.55 1.63 1.66 1.65 1.59 1.51 1.42 1.33 1.22 1.11 0.98 0.86 0.73 0.62 0.52 0.43 0.35 0.28 0.22 0.18 0.14 0.12 0.11 0.11 0.12 0.13 0.15
8.53 8.18 7.80 7.39 6.95 6.49 6.01 5.51 5.00 4.49 3.99 3.51 3.04 2.60 2.19 1.82 1.50 1.22 0.99 0.82 0.71 0.66 0.62 0.58 0.54 0.50 0.46 0.41 0.36 0.30 0.22 0.14 0.06 0.00 0.00 0.00 0.00 0.00 0.00 0.00 0.00 0.00 0.00 0.00 0.00 0.00 0.00 0.00 0.00 0.03 0.28 0.54 0.80 1.04 1.27 1.47 1.64 1.78 1.88 1.94 1.95 1.90 1.82 1.71 1.59 1.46 1.33 1.19 1.04 0.89 0.76 0.63 0.52 0.42 0.34 0.26 0.21 0.16 0.13 0.11 0.10 0.10 0.10 0.11
9.00 8.63 8.24 7.81 7.34 6.85 6.34 5.81 5.28 4.74 4.22 3.70 3.21 2.75 2.31 1.92 1.58 1.28 1.04 0.86 0.75 0.70 0.66 0.62 0.58 0.54 0.49 0.44 0.38 0.30 0.22 0.13 0.03 0.00 0.00 0.00 0.00 0.00 0.00 0.00 0.00 0.00 0.00 0.00 0.00 0.00 0.00 0.00 0.00 0.13 0.40 0.68 0.94 1.19 1.43 1.64 1.83 1.98 2.10 2.18 2.21 2.19 2.12 2.00 1.86 1.71 1.56 1.39 1.22 1.05 0.89 0.75 0.62 0.50 0.39 0.31 0.24 0.18 0.14 0.11 0.09 0.08 0.08 0.08
9.41 9.03 8.62 8.16 7.68 7.16 6.62 6.08 5.52 4.96 4.42 3.88 3.37 2.88 2.43 2.02 1.65 1.35 1.09 0.91 0.79 0.74 0.70 0.66 0.62 0.57 0.52 0.45 0.38 0.29 0.20 0.10 0.00 0.00 0.00 0.00 0.00 0.00 0.00 0.00 0.00 0.00 0.00 0.00 0.00 0.00 0.00 0.00 0.00 0.24 0.52 0.79 1.06 1.32 1.56 1.78 1.98 2.15 2.29 2.38 2.44 2.44 2.39 2.29 2.14 1.97 1.79 1.60 1.40 1.21 1.03 0.86 0.70 0.57 0.45 0.35 0.27 0.20 0.15 0.11 0.08 0.06 0.05 0.05
9.75 9.36 8.93 8.46 7.95 7.42 6.86 6.30 5.72 5.15 4.59 4.04 3.50 3.00 2.53 2.11 1.73 1.41 1.14 0.95 0.83 0.77 0.73 0.69 0.65 0.60 0.53 0.45 0.37 0.27 0.17 0.07 0.00 0.00 0.00 0.00 0.00 0.00 0.00 0.00 0.00 0.00 0.00 0.00 0.00 0.00 0.00 0.00 0.07 0.34 0.61 0.89 1.16 1.42 1.67 1.90 2.10 2.29 2.44 2.55 2.62 2.65 2.63 2.55 2.41 2.23 2.02 1.80 1.58 1.36 1.16 0.96 0.79 0.64 0.51 0.40 0.30 0.22 0.16 0.11 0.08 0.05 0.03 0.02
10.02 9.62 9.17 8.68 8.16 7.62 7.05 6.47 5.88 5.30 4.72 4.16 3.61 3.10 2.62 2.18 1.80 1.46 1.19 0.99 0.86 0.81 0.77 0.73 0.67 0.61 0.53 0.44 0.34 0.24 0.13 0.03 0.00 0.00 0.00 0.00 0.00 0.00 0.00 0.00 0.00 0.00 0.00 0.00 0.00 0.00 0.00 0.00 0.16 0.42 0.69 0.96 1.22 1.49 1.74 1.98 2.19 2.38 2.55 2.67 2.76 2.81 2.81 2.76 2.65 2.48 2.26 2.01 1.76 1.51 1.28 1.07 0.88 0.71 0.57 0.45 0.34 0.25 0.18 0.12 0.08 0.04 0.02 0.00
10.20 9.79 9.33 8.83 8.30 7.75 7.17 6.58 5.99 5.39 4.81 4.24 3.69 3.17 2.68 2.24 1.85 1.51 1.23 1.02 0.89 0.84 0.80 0.75 0.68 0.60 0.52 0.42 0.31 0.20 0.09 0.00 0.00 0.00 0.00 0.00 0.00 0.00 0.00 0.00 0.00 0.00 0.00 0.00 0.00 0.00 0.00 0.00 0.22 0.47 0.73 1.00 1.26 1.52 1.78 2.02 2.24 2.44 2.61 2.76 2.86 2.93 2.95 2.92 2.83 2.69 2.48 2.22 1.94 1.66 1.41 1.18 0.98 0.80 0.64 0.50 0.39 0.29 0.21 0.14 0.09 0.05 0.01 0.00
10.28 9.86 9.40 8.90 8.36 7.80 7.22 6.63 6.03 5.44 4.85 4.28 3.73 3.20 2.72 2.27 1.88 1.54 1.26 1.05 0.92 0.86 0.82 0.75 0.68 0.59 0.49 0.38 0.27 0.16 0.04 0.00 0.00 0.00 0.00 0.00 0.00 0.00 0.00 0.00 0.00 0.00 0.00 0.00 0.00 0.00 0.00 0.03 0.26 0.49 0.74 1.00 1.26 1.52 1.78 2.02 2.25 2.45 2.64 2.79 2.91 2.99 3.03 3.02 2.96 2.84 2.66 2.41 2.11 1.81 1.54 1.30 1.08 0.89 0.72 0.57 0.44 0.34 0.24 0.17 0.11 0.06 0.02 0.00
10.26 9.84 9.38 8.88 8.34 7.78 7.20 6.61 6.01 5.42 4.83 4.26 3.71 3.19 2.71 2.26 1.87 1.54 1.26 1.06 0.94 0.89 0.84 0.76 0.67 0.57 0.47 0.35 0.24 0.12 0.00 0.00 0.00 0.00 0.00 0.00 0.00 0.00 0.00 0.00 0.00 0.00 0.00 0.00 0.00 0.00 0.00 0.07 0.28 0.50 0.74 0.99 1.24 1.50 1.75 1.99 2.22 2.43 2.62 2.79 2.92 3.01 3.07 3.08 3.03 2.94 2.78 2.57 2.28 1.97 1.68 1.43 1.19 0.99 0.81 0.65 0.51 0.39 0.29 0.21 0.14 0.09 0.04 0.01
10.16 9.74 9.28 8.77 8.24 7.68 7.10 6.51 5.92 5.33 4.75 4.18 3.63 3.12 2.64 2.20 1.81 1.48 1.22 1.02 0.93 0.92 0.88 0.80 0.70 0.59 0.48 0.36 0.23 0.11 0.00 0.00 0.00 0.00 0.00 0.00 0.00 0.00 0.00 0.00 0.00 0.00 0.00 0.00 0.00 0.00 0.00 0.13 0.32 0.52 0.75 0.99 1.23 1.48 1.73 1.97 2.20 2.41 2.61 2.78 2.92 3.02 3.09 3.12 3.09 3.02 2.89 2.69 2.42 2.13 1.83 1.56 1.31 1.09 0.90 0.73 0.58 0.45 0.34 0.25 0.18 0.11 0.06 0.03
9.97 9.55 9.09 8.59 8.06 7.51 6.93 6.35 5.76 5.17 4.60 4.04 3.50 2.99 2.51 2.09 1.71 1.38 1.13 0.96 0.91 0.94 0.94 0.88 0.77 0.65 0.52 0.39 0.26 0.13 0.01 0.00 0.00 0.00 0.00 0.00 0.00 0.00 0.00 0.00 0.00 0.00 0.00 0.00 0.00 0.00 0.06 0.21 0.38 0.57 0.78 1.01 1.24 1.48 1.72 1.95 2.18 2.40 2.59 2.77 2.91 3.03 3.11 3.15 3.14 3.08 2.97 2.79 2.54 2.26 1.98 1.69 1.44 1.20 1.00 0.82 0.66 0.52 0.40 0.30 0.21 0.14 0.09 0.04
