data_processed/recharge/precip/Precip_1986_02.asc
ncols        168
nrows        136
xllcorner    455000
yllcorner    2107000
cellsize     500
NODATA_value     -99999
[rows 38 to 75 of 136, columns 0 to 83 of 168]
2.41 2.70 2.94 3.14 3.30 3.41 3.48 3.51 3.49 3.44 3.34 3.20 3.01 2.79 2.51 2.16 1.74 1.28 0.80 0.43 0.17 0.03 0.00 0.02 0.04 0.07 0.10 0.13 0.16 0.20 0.24 0.28 0.33 0.38 0.43 0.49 0.54 0.59 0.62 0.63 0.63 0.62 0.61 0.61 0.60 0.60 0.59 0.59 0.58 0.56 0.54 0.52 0.50 0.47 0.44 0.41 0.37 0.33 0.29 0.25 0.21 0.15 0.08 0.00 0.00 0.00 0.00 0.00 0.00 0.00 0.00 0.00 0.00 0.00 0.02 0.06 0.09 0.12 0.16 0.19 0.22 0.25 0.28 0.31
1.68 1.95 2.17 2.37 2.52 2.64 2.72 2.76 2.77 2.75 2.69 2.59 2.46 2.30 2.10 1.85 1.54 1.18 0.80 0.51 0.35 0.29 0.29 0.30 0.31 0.31 0.32 0.34 0.35 0.37 0.38 0.40 0.42 0.45 0.47 0.50 0.53 0.56 0.59 0.60 0.59 0.58 0.57 0.56 0.55 0.54 0.53 0.52 0.51 0.49 0.47 0.45 0.42 0.39 0.37 0.33 0.30 0.27 0.24 0.20 0.16 0.12 0.07 0.01 0.00 0.00 0.00 0.00 0.00 0.00 0.00 0.00 0.02 0.04 0.07 0.10 0.13 0.16 0.19 0.21 0.24 0.26 0.29 0.31
0.95 1.20 1.41 1.60 1.75 1.88 1.97 2.03 2.07 2.08 2.06 2.01 1.93 1.83 1.70 1.54 1.34 1.08 0.81 0.63 0.56 0.54 0.54 0.53 0.53 0.53 0.52 0.52 0.52 0.51 0.51 0.51 0.52 0.52 0.52 0.53 0.54 0.55 0.56 0.56 0.55 0.54 0.52 0.51 0.50 0.49 0.47 0.45 0.44 0.41 0.39 0.37 0.34 0.32 0.29 0.26 0.24 0.21 0.18 0.15 0.12 0.09 0.06 0.02 0.00 0.00 0.00 0.00 0.00 0.00 0.02 0.05 0.07 0.09 0.12 0.14 0.16 0.19 0.21 0.23 0.25 0.27 0.29 0.31
0.24 0.46 0.67 0.84 1.00 1.13 1.24 1.32 1.39 1.43 1.45 1.45 1.42 1.38 1.32 1.24 1.13 0.99 0.84 0.76 0.74 0.74 0.72 0.71 0.70 0.69 0.68 0.66 0.65 0.64 0.62 0.61 0.60 0.59 0.58 0.57 0.56 0.55 0.54 0.53 0.52 0.50 0.48 0.46 0.45 0.43 0.41 0.38 0.36 0.34 0.31 0.29 0.27 0.24 0.22 0.19 0.17 0.15 0.12 0.10 0.08 0.06 0.05 0.03 0.00 0.00 0.00 0.02 0.04 0.05 0.07 0.09 0.11 0.13 0.15 0.17 0.19 0.21 0.23 0.24 0.26 0.28 0.30 0.31
0.00 0.00 0.00 0.11 0.27 0.41 0.53 0.64 0.73 0.81 0.87 0.92 0.95 0.97 0.98 0.97 0.95 0.92 0.87 0.86 0.85 0.85 0.84 0.82 0.81 0.80 0.78 0.76 0.74 0.72 0.71 0.68 0.66 0.64 0.62 0.60 0.58 0.55 0.53 0.51 0.49 0.46 0.44 0.42 0.39 0.36 0.34 0.31 0.29 0.26 0.24 0.21 0.19 0.17 0.14 0.12 0.10 0.09 0.07 0.06 0.05 0.04 0.03 0.03 0.03 0.03 0.04 0.05 0.07 0.08 0.09 0.11 0.13 0.14 0.16 0.18 0.20 0.22 0.23 0.25 0.27 0.28 0.30 0.31
0.00 0.00 0.00 0.00 0.00 0.00 0.00 0.00 0.12 0.24 0.34 0.44 0.53 0.61 0.69 0.76 0.82 0.87 0.89 0.89 0.89 0.89 0.88 0.87 0.86 0.85 0.83 0.82 0.80 0.78 0.75 0.73 0.70 0.68 0.65 0.62 0.59 0.56 0.53 0.50 0.46 0.44 0.41 0.37 0.34 0.31 0.28 0.25 0.22 0.19 0.17 0.14 0.12 0.10 0.08 0.06 0.05 0.04 0.03 0.02 0.02 0.02 0.02 0.03 0.04 0.05 0.05 0.06 0.07 0.09 0.10 0.11 0.13 0.15 0.16 0.18 0.20 0.21 0.23 0.25 0.26 0.28 0.30 0.31
0.00 0.00 0.00 0.00 0.00 0.00 0.00 0.00 0.00 0.00 0.00 0.04 0.19 0.33 0.48 0.63 0.77 0.87 0.90 0.90 0.91 0.91 0.91 0.91 0.90 0.89 0.88 0.86 0.84 0.82 0.80 0.77 0.74 0.71 0.68 0.65 0.61 0.57 0.53 0.49 0.46 0.44 0.41 0.37 0.33 0.29 0.25 0.22 0.18 0.15 0.12 0.10 0.07 0.05 0.04 0.02 0.01 0.01 0.00 0.00 0.01 0.02 0.03 0.04 0.05 0.06 0.06 0.07 0.08 0.09 0.10 0.11 0.13 0.14 0.16 0.17 0.19 0.21 0.22 0.24 0.26 0.27 0.29 0.31
0.00 0.00 0.00 0.00 0.00 0.00 0.00 0.00 0.00 0.00 0.00 0.00 0.00 0.15 0.37 0.59 0.78 0.88 0.91 0.92 0.93 0.94 0.95 0.95 0.95 0.94 0.93 0.91 0.90 0.87 0.85 0.82 0.79 0.76 0.72 0.68 0.63 0.59 0.54 0.50 0.47 0.46 0.44 0.40 0.35 0.31 0.26 0.22 0.18 0.14 0.11 0.08 0.06 0.04 0.02 0.01 0.00 0.00 0.00 0.00 0.01 0.03 0.05 0.06 0.06 0.06 0.07 0.07 0.08 0.09 0.10 0.11 0.13 0.14 0.15 0.17 0.18 0.20 0.22 0.23 0.25 0.27 0.28 0.30
0.00 0.00 0.00 0.00 0.00 0.00 0.00 0.00 0.00 0.00 0.00 0.00 0.00 0.06 0.35 0.61 0.79 0.89 0.92 0.94 0.96 0.97 0.98 0.99 0.99 0.99 0.98 0.97 0.95 0.93 0.90 0.87 0.84 0.80 0.76 0.71 0.66 0.61 0.57 0.53 0.52 0.51 0.50 0.46 0.41 0.36 0.30 0.25 0.21 0.17 0.13 0.09 0.07 0.04 0.02 0.01 0.00 0.00 0.00 0.01 0.03 0.05 0.06 0.07 0.07 0.07 0.08 0.08 0.09 0.09 0.10 0.11 0.12 0.13 0.15 0.16 0.18 0.19 0.21 0.23 0.24 0.26 0.27 0.29
0.00 0.00 0.00 0.00 0.00 0.00 0.00 0.00 0.00 0.00 0.00 0.00 0.00 0.07 0.39 0.63 0.81 0.91 0.94 0.97 0.99 1.00 1.02 1.03 1.04 1.04 1.03 1.02 1.01 0.99 0.96 0.93 0.89 0.85 0.81 0.76 0.70 0.65 0.61 0.59 0.58 0.58 0.57 0.54 0.50 0.44 0.38 0.32 0.26 0.21 0.17 0.13 0.10 0.07 0.05 0.03 0.02 0.02 0.02 0.03 0.05 0.07 0.08 0.08 0.08 0.08 0.08 0.09 0.09 0.09 0.10 0.11 0.12 0.13 0.14 0.16 0.17 0.18 0.20 0.22 0.23 0.25 0.26 0.28
0.00 0.00 0.00 0.00 0.00 0.00 0.00 0.00 0.00 0.00 0.00 0.00 0.00 0.13 0.43 0.67 0.83 0.93 0.97 1.00 1.02 1.04 1.06 1.07 1.09 1.09 1.09 1.08 1.07 1.05 1.02 0.99 0.95 0.91 0.86 0.80 0.75 0.71 0.68 0.67 0.67 0.67 0.67 0.64 0.60 0.54 0.47 0.40 0.34 0.28 0.23 0.18 0.14 0.11 0.08 0.06 0.05 0.05 0.05 0.06 0.07 0.08 0.09 0.09 0.09 0.09 0.09 0.09 0.09 0.10 0.10 0.11 0.12 0.13 0.14 0.15 0.16 0.18 0.19 0.21 0.22 0.24 0.25 0.26
0.00 0.00 0.00 0.00 0.00 0.00 0.00 0.00 0.00 0.00 0.00 0.00 0.00 0.20 0.48 0.71 0.86 0.96 1.00 1.03 1.06 1.08 1.10 1.12 1.14 1.14 1.15 1.14 1.13 1.11 1.08 1.05 1.01 0.97 0.91 0.86 0.82 0.79 0.77 0.77 0.77 0.78 0.78 0.75 0.71 0.65 0.59 0.51 0.44 0.37 0.30 0.25 0.20 0.16 0.13 0.11 0.09 0.08 0.08 0.09 0.09 0.10 0.10 0.11 0.10 0.10 0.09 0.09 0.10 0.10 0.10 0.11 0.11 0.12 0.13 0.14 0.15 0.17 0.18 0.19 0.21 0.22 0.23 0.24
0.00 0.00 0.00 0.00 0.00 0.00 0.00 0.00 0.00 0.00 0.00 0.00 0.00 0.28 0.54 0.75 0.90 0.99 1.04 1.07 1.10 1.13 1.15 1.17 1.19 1.20 1.21 1.20 1.19 1.18 1.15 1.12 1.08 1.03 0.98 0.94 0.91 0.89 0.88 0.88 0.89 0.90 0.90 0.88 0.84 0.78 0.71 0.63 0.55 0.47 0.39 0.33 0.27 0.22 0.18 0.15 0.13 0.12 0.11 0.11 0.11 0.12 0.12 0.12 0.11 0.10 0.10 0.10 0.10 0.10 0.10 0.11 0.11 0.12 0.13 0.14 0.15 0.16 0.17 0.18 0.20 0.20 0.21 0.21
0.00 0.00 0.00 0.00 0.00 0.00 0.00 0.00 0.00 0.00 0.00 0.00 0.07 0.36 0.61 0.80 0.95 1.04 1.08 1.12 1.15 1.18 1.21 1.23 1.25 1.26 1.27 1.27 1.26 1.24 1.22 1.19 1.14 1.10 1.07 1.04 1.02 1.01 1.01 1.01 1.02 1.04 1.04 1.01 0.97 0.91 0.84 0.75 0.67 0.58 0.49 0.41 0.35 0.29 0.24 0.20 0.17 0.16 0.14 0.14 0.13 0.13 0.13 0.12 0.12 0.11 0.10 0.10 0.10 0.10 0.10 0.11 0.11 0.12 0.12 0.13 0.14 0.15 0.16 0.17 0.18 0.18 0.18 0.17
0.00 0.00 0.00 0.00 0.00 0.00 0.00 0.00 0.00 0.00 0.00 0.00 0.19 0.46 0.68 0.86 1.00 1.08 1.13 1.17 1.21 1.24 1.27 1.29 1.31 1.32 1.33 1.33 1.33 1.31 1.29 1.26 1.22 1.19 1.17 1.15 1.14 1.14 1.14 1.15 1.17 1.18 1.18 1.16 1.11 1.05 0.97 0.88 0.79 0.69 0.60 0.51 0.43 0.36 0.30 0.25 0.22 0.19 0.17 0.16 0.15 0.14 0.14 0.13 0.12 0.11 0.11 0.10 0.10 0.10 0.10 0.11 0.11 0.11 0.12 0.12 0.13 0.14 0.15 0.15 0.15 0.15 0.14 0.13
0.00 0.00 0.00 0.00 0.00 0.00 0.00 0.00 0.00 0.00 0.00 0.03 0.31 0.56 0.76 0.93 1.05 1.14 1.19 1.23 1.27 1.30 1.33 1.36 1.38 1.39 1.40 1.40 1.40 1.39 1.36 1.34 1.32 1.30 1.29 1.28 1.28 1.29 1.29 1.30 1.32 1.34 1.33 1.30 1.25 1.19 1.10 1.01 0.91 0.81 0.70 0.60 0.51 0.42 0.35 0.30 0.25 0.22 0.20 0.18 0.17 0.16 0.15 0.14 0.13 0.12 0.11 0.11 0.10 0.10 0.10 0.10 0.11 0.11 0.12 0.12 0.13 0.13 0.13 0.13 0.12 0.11 0.10 0.09
0.00 0.00 0.00 0.00 0.00 0.00 0.00 0.00 0.00 0.00 0.00 0.20 0.45 0.67 0.85 1.00 1.12 1.20 1.25 1.30 1.34 1.37 1.40 1.43 1.45 1.46 1.47 1.47 1.47 1.46 1.45 1.43 1.43 1.42 1.42 1.42 1.43 1.44 1.45 1.46 1.48 1.49 1.49 1.45 1.40 1.33 1.24 1.14 1.03 0.91 0.80 0.69 0.58 0.49 0.41 0.34 0.29 0.25 0.22 0.20 0.18 0.17 0.16 0.14 0.13 0.12 0.11 0.11 0.10 0.10 0.10 0.10 0.11 0.11 0.11 0.12 0.12 0.12 0.11 0.10 0.08 0.07 0.05 0.04
0.00 0.00 0.00 0.00 0.00 0.00 0.00 0.00 0.00 0.00 0.12 0.37 0.59 0.79 0.95 1.09 1.19 1.27 1.33 1.37 1.41 1.45 1.48 1.51 1.53 1.54 1.55 1.55 1.55 1.54 1.54 1.54 1.55 1.56 1.57 1.58 1.59 1.60 1.61 1.63 1.64 1.65 1.64 1.61 1.55 1.47 1.37 1.26 1.14 1.02 0.89 0.77 0.65 0.55 0.46 0.39 0.33 0.28 0.24 0.22 0.19 0.18 0.16 0.15 0.13 0.12 0.11 0.11 0.10 0.10 0.10 0.10 0.10 0.11 0.11 0.11 0.11 0.10 0.08 0.06 0.04 0.02 0.00 0.00
0.00 0.00 0.00 0.00 0.00 0.00 0.00 0.00 0.00 0.11 0.35 0.56 0.75 0.91 1.06 1.18 1.27 1.35 1.40 1.45 1.50 1.53 1.57 1.59 1.61 1.63 1.64 1.64 1.64 1.64 1.65 1.67 1.68 1.70 1.72 1.73 1.75 1.77 1.78 1.79 1.81 1.81 1.80 1.76 1.69 1.60 1.50 1.38 1.25 1.11 0.97 0.84 0.72 0.60 0.51 0.43 0.36 0.31 0.26 0.23 0.20 0.18 0.17 0.15 0.14 0.12 0.11 0.10 0.10 0.10 0.10 0.10 0.10 0.10 0.10 0.10 0.09 0.07 0.05 0.02 0.00 0.00 0.00 0.00
0.00 0.00 0.00 0.00 0.00 0.00 0.00 0.00 0.19 0.39 0.58 0.75 0.91 1.05 1.17 1.27 1.36 1.43 1.49 1.54 1.59 1.62 1.66 1.69 1.71 1.72 1.73 1.73 1.74 1.76 1.78 1.80 1.82 1.85 1.88 1.90 1.92 1.93 1.95 1.96 1.97 1.97 1.95 1.90 1.83 1.73 1.61 1.48 1.34 1.20 1.05 0.91 0.78 0.66 0.55 0.46 0.39 0.33 0.28 0.24 0.21 0.19 0.17 0.15 0.13 0.12 0.11 0.10 0.10 0.09 0.09 0.09 0.10 0.10 0.09 0.08 0.06 0.03 0.01 0.00 0.00 0.00 0.00 0.00
0.00 0.00 0.00 0.00 0.00 0.02 0.20 0.37 0.53 0.68 0.82 0.96 1.08 1.19 1.29 1.38 1.46 1.53 1.59 1.64 1.68 1.72 1.76 1.79 1.81 1.82 1.83 1.85 1.87 1.89 1.92 1.95 1.98 2.01 2.04 2.06 2.09 2.10 2.12 2.13 2.13 2.13 2.10 2.04 1.96 1.85 1.72 1.58 1.43 1.27 1.12 0.97 0.84 0.71 0.60 0.50 0.42 0.35 0.30 0.25 0.22 0.19 0.17 0.15 0.13 0.12 0.11 0.10 0.09 0.09 0.09 0.09 0.09 0.08 0.07 0.05 0.02 0.00 0.00 0.00 0.00 0.00 0.00 0.00
0.00 0.00 0.12 0.26 0.39 0.52 0.64 0.76 0.87 0.98 1.08 1.17 1.26 1.35 1.43 1.50 1.57 1.63 1.69 1.74 1.79 1.83 1.86 1.89 1.91 1.93 1.95 1.98 2.00 2.04 2.07 2.10 2.13 2.17 2.20 2.23 2.25 2.27 2.28 2.29 2.29 2.27 2.24 2.17 2.08 1.96 1.82 1.66 1.50 1.34 1.19 1.04 0.90 0.76 0.65 0.54 0.45 0.37 0.31 0.26 0.22 0.19 0.17 0.15 0.13 0.11 0.10 0.09 0.09 0.08 0.08 0.08 0.07 0.05 0.03 0.01 0.00 0.00 0.00 0.00 0.00 0.00 0.00 0.00
0.56 0.64 0.73 0.81 0.89 0.97 1.05 1.13 1.20 1.27 1.33 1.40 1.46 1.51 1.57 1.63 1.68 1.74 1.80 1.86 1.90 1.94 1.98 2.01 2.03 2.06 2.09 2.12 2.16 2.19 2.23 2.27 2.30 2.33 2.37 2.39 2.42 2.43 2.44 2.44 2.43 2.41 2.37 2.29 2.18 2.05 1.90 1.74 1.57 1.41 1.25 1.10 0.96 0.82 0.69 0.58 0.48 0.39 0.32 0.27 0.23 0.19 0.16 0.14 0.12 0.11 0.09 0.08 0.08 0.07 0.07 0.06 0.04 0.02 0.00 0.00 0.00 0.00 0.00 0.00 0.00 0.00 0.00 0.00
1.18 1.22 1.26 1.30 1.34 1.38 1.42 1.46 1.50 1.54 1.58 1.62 1.65 1.69 1.72 1.76 1.81 1.86 1.92 1.98 2.03 2.07 2.10 2.13 2.17 2.20 2.24 2.28 2.32 2.36 2.40 2.44 2.47 2.50 2.53 2.56 2.58 2.59 2.59 2.59 2.57 2.54 2.48 2.39 2.28 2.13 1.97 1.81 1.64 1.48 1.32 1.17 1.02 0.87 0.74 0.62 0.51 0.42 0.34 0.27 0.23 0.19 0.16 0.13 0.11 0.10 0.08 0.07 0.07 0.06 0.05 0.03 0.00 0.00 0.00 0.00 0.00 0.00 0.00 0.00 0.00 0.00 0.00 0.00
1.71 1.71 1.71 1.72 1.72 1.73 1.75 1.76 1.77 1.79 1.81 1.83 1.85 1.87 1.88 1.91 1.95 2.00 2.05 2.11 2.16 2.20 2.24 2.28 2.32 2.36 2.41 2.45 2.49 2.54 2.57 2.61 2.64 2.67 2.70 2.72 2.73 2.74 2.74 2.72 2.70 2.66 2.59 2.48 2.35 2.20 2.04 1.88 1.72 1.55 1.39 1.23 1.08 0.93 0.79 0.67 0.55 0.44 0.35 0.28 0.22 0.18 0.15 0.12 0.10 0.09 0.07 0.06 0.05 0.04 0.02 0.00 0.00 0.00 0.00 0.00 0.00 0.00 0.00 0.00 0.00 0.00 0.00 0.00
2.14 2.10 2.07 2.05 2.03 2.02 2.01 2.00 2.00 2.00 2.01 2.01 2.02 2.04 2.05 2.07 2.09 2.14 2.19 2.25 2.30 2.35 2.39 2.44 2.49 2.54 2.58 2.63 2.68 2.72 2.76 2.79 2.82 2.84 2.86 2.88 2.88 2.88 2.87 2.84 2.81 2.76 2.67 2.56 2.42 2.27 2.11 1.95 1.79 1.62 1.46 1.30 1.15 1.00 0.85 0.72 0.59 0.48 0.38 0.29 0.22 0.17 0.14 0.11 0.09 0.07 0.06 0.05 0.03 0.00 0.00 0.00 0.00 0.00 0.00 0.00 0.00 0.00 0.00 0.00 0.00 0.00 0.00 0.00
2.44 2.38 2.33 2.28 2.25 2.22 2.19 2.18 2.16 2.16 2.16 2.16 2.17 2.18 2.20 2.22 2.25 2.29 2.34 2.40 2.45 2.51 2.56 2.62 2.67 2.72 2.77 2.82 2.86 2.90 2.94 2.97 3.00 3.01 3.02 3.03 3.02 3.01 2.98 2.95 2.90 2.84 2.74 2.62 2.48 2.33 2.18 2.02 1.86 1.70 1.54 1.38 1.22 1.06 0.91 0.77 0.64 0.52 0.41 0.31 0.23 0.17 0.13 0.10 0.08 0.06 0.04 0.02 0.00 0.00 0.00 0.00 0.00 0.00 0.00 0.00 0.00 0.00 0.00 0.00 0.00 0.00 0.00 0.00
2.62 2.54 2.47 2.41 2.37 2.33 2.30 2.27 2.26 2.25 2.25 2.26 2.28 2.30 2.33 2.36 2.40 2.45 2.51 2.57 2.63 2.69 2.75 2.81 2.86 2.92 2.97 3.01 3.06 3.09 3.13 3.15 3.17 3.18 3.18 3.17 3.16 3.13 3.09 3.04 2.98 2.90 2.79 2.67 2.54 2.40 2.26 2.10 1.94 1.78 1.62 1.45 1.29 1.14 0.98 0.84 0.70 0.57 0.45 0.34 0.25 0.18 0.12 0.08 0.06 0.04 0.01 0.00 0.00 0.00 0.00 0.00 0.00 0.00 0.00 0.00 0.00 0.00 0.00 0.00 0.00 0.00 0.00 0.00
2.67 2.58 2.50 2.44 2.38 2.34 2.31 2.29 2.28 2.28 2.29 2.31 2.34 2.38 2.42 2.47 2.53 2.60 2.68 2.75 2.81 2.88 2.94 3.00 3.06 3.12 3.17 3.21 3.25 3.28 3.31 3.33 3.33 3.33 3.33 3.31 3.27 3.23 3.18 3.11 3.03 2.94 2.84 2.73 2.61 2.47 2.33 2.18 2.02 1.86 1.70 1.54 1.37 1.21 1.06 0.90 0.76 0.62 0.50 0.38 0.28 0.19 0.12 0.07 0.04 0.01 0.00 0.00 0.00 0.00 0.00 0.00 0.00 0.00 0.00 0.00 0.00 0.00 0.00 0.00 0.00 0.00 0.00 0.00
2.67 2.57 2.48 2.41 2.36 2.31 2.28 2.26 2.26 2.27 2.28 2.32 2.36 2.41 2.47 2.54 2.63 2.73 2.84 2.93 3.00 3.07 3.14 3.20 3.26 3.31 3.35 3.39 3.43 3.45 3.47 3.48 3.48 3.47 3.44 3.41 3.36 3.30 3.23 3.14 3.05 2.96 2.86 2.76 2.65 2.52 2.38 2.24 2.09 1.93 1.77 1.60 1.44 1.28 1.12 0.96 0.81 0.67 0.54 0.42 0.30 0.21 0.13 0.06 0.02 0.00 0.00 0.00 0.00 0.00 0.00 0.00 0.00 0.00 0.00 0.00 0.00 0.00 0.00 0.00 0.00 0.00 0.00 0.00
2.65 2.54 2.45 2.37 2.31 2.26 2.23 2.21 2.21 2.22 2.25 2.29 2.34 2.41 2.49 2.58 2.69 2.82 2.97 3.10 3.18 3.26 3.32 3.38 3.44 3.48 3.53 3.56 3.58 3.60 3.61 3.60 3.59 3.56 3.53 3.47 3.41 3.33 3.24 3.14 3.04 2.95 2.86 2.76 2.66 2.54 2.41 2.27 2.12 1.97 1.81 1.65 1.49 1.33 1.17 1.01 0.86 0.71 0.57 0.44 0.32 0.22 0.13 0.06 0.01 0.00 0.00 0.00 0.00 0.00 0.00 0.00 0.00 0.00 0.00 0.00 0.00 0.00 0.00 0.00 0.00 0.00 0.00 0.00
2.62 2.50 2.39 2.30 2.24 2.18 2.15 2.13 2.13 2.15 2.18 2.23 2.29 2.37 2.47 2.59 2.73 2.90 3.08 3.23 3.35 3.43 3.50 3.55 3.60 3.64 3.68 3.70 3.72 3.72 3.72 3.70 3.67 3.63 3.57 3.50 3.42 3.32 3.21 3.11 3.01 2.92 2.83 2.74 2.64 2.53 2.41 2.28 2.14 1.99 1.84 1.68 1.52 1.36 1.20 1.04 0.89 0.74 0.59 0.46 0.34 0.22 0.13 0.06 0.01 0.00 0.00 0.00 0.00 0.00 0.00 0.00 0.00 0.00 0.00 0.00 0.00 0.00 0.00 0.00 0.00 0.00 0.00 0.00
2.58 2.44 2.33 2.23 2.15 2.09 2.05 2.03 2.04 2.05 2.09 2.15 2.22 2.31 2.43 2.57 2.75 2.95 3.16 3.34 3.48 3.59 3.66 3.71 3.75 3.78 3.81 3.82 3.82 3.82 3.79 3.76 3.71 3.65 3.58 3.48 3.38 3.26 3.16 3.06 2.96 2.88 2.79 2.69 2.60 2.49 2.38 2.26 2.13 1.99 1.84 1.69 1.54 1.38 1.22 1.06 0.91 0.75 0.61 0.47 0.34 0.23 0.14 0.06 0.00 0.00 0.00 0.00 0.00 0.00 0.00 0.00 0.00 0.00 0.00 0.00 0.00 0.00 0.00 0.00 0.00 0.00 0.00 0.00
2.54 2.38 2.25 2.14 2.05 1.99 1.94 1.92 1.92 1.94 1.98 2.04 2.12 2.23 2.37 2.55 2.75 2.97 3.21 3.41 3.58 3.70 3.79 3.85 3.88 3.90 3.92 3.92 3.90 3.88 3.84 3.79 3.72 3.64 3.54 3.43 3.31 3.19 3.08 2.99 2.90 2.81 2.72 2.63 2.54 2.44 2.33 2.22 2.10 1.97 1.83 1.68 1.53 1.38 1.22 1.07 0.91 0.76 0.62 0.48 0.35 0.24 0.15 0.07 0.01 0.00 0.00 0.00 0.00 0.00 0.00 0.00 0.00 0.00 0.00 0.00 0.00 0.00 0.00 0.00 0.00 0.00 0.00 0.00
2.48 2.31 2.17 2.04 1.94 1.87 1.82 1.79 1.79 1.81 1.85 1.92 2.02 2.15 2.31 2.51 2.73 2.98 3.24 3.46 3.65 3.79 3.89 3.96 3.99 4.00 4.00 3.98 3.95 3.91 3.85 3.78 3.69 3.59 3.46 3.33 3.21 3.10 3.00 2.90 2.81 2.73 2.64 2.55 2.46 2.36 2.26 2.15 2.04 1.92 1.79 1.65 1.51 1.36 1.21 1.06 0.91 0.76 0.61 0.48 0.36 0.25 0.16 0.08 0.02 0.00 0.00 0.00 0.00 0.00 0.00 0.00 0.00 0.00 0.00 0.00 0.00 0.00 0.00 0.00 0.00 0.00 0.00 0.00
2.41 2.24 2.08 1.94 1.83 1.75 1.69 1.66 1.65 1.67 1.71 1.79 1.90 2.06 2.24 2.46 2.70 2.97 3.24 3.49 3.68 3.84 3.95 4.03 4.07 4.07 4.06 4.02 3.97 3.91 3.83 3.74 3.62 3.49 3.35 3.22 3.10 2.99 2.89 2.80 2.71 2.63 2.55 2.46 2.37 2.27 2.17 2.07 1.96 1.85 1.74 1.61 1.47 1.33 1.19 1.04 0.89 0.75 0.61 0.48 0.37 0.26 0.17 0.09 0.03 0.00 0.00 0.00 0.00 0.00 0.00 0.00 0.00 0.00 0.00 0.00 0.00 0.00 0.00 0.00 0.00 0.00 0.00 0.00
2.32 2.15 1.99 1.84 1.72 1.62 1.55 1.51 1.50 1.52 1.57 1.66 1.79 1.97 2.17 2.40 2.66 2.94 3.23 3.48 3.69 3.86 3.98 4.06 4.11 4.11 4.08 4.03 3.96 3.87 3.77 3.65 3.51 3.36 3.23 3.10 2.98 2.88 2.78 2.69 2.60 2.52 2.44 2.35 2.26 2.17 2.07 1.97 1.87 1.77 1.66 1.54 1.42 1.28 1.15 1.01 0.87 0.73 0.60 0.48 0.37 0.27 0.18 0.10 0.04 0.00 0.00 0.00 0.00 0.00 0.00 0.00 0.00 0.00 0.00 0.00 0.00 0.00 0.00 0.00 0.00 0.00 0.00 0.00
2.21 2.05 1.89 1.74 1.60 1.49 1.42 1.37 1.35 1.37 1.43 1.54 1.69 1.87 2.09 2.34 2.61 2.90 3.20 3.46 3.68 3.85 3.97 4.06 4.10 4.10 4.07 4.00 3.91 3.80 3.67 3.52 3.37 3.22 3.09 2.96 2.85 2.75 2.65 2.56 2.48 2.40 2.32 2.23 2.14 2.05 1.96 1.86 1.76 1.66 1.56 1.46 1.34 1.22 1.09 0.96 0.83 0.71 0.59 0.48 0.38 0.28 0.20 0.12 0.05 0.00 0.00 0.00 0.00 0.00 0.00 0.00 0.00 0.00 0.00 0.00 0.00 0.00 0.00 0.00 0.00 0.00 0.00 0.00
