data_processed/recharge/precip/Precip_2008_05.asc
ncols        168
nrows        136
xllcorner    455000
yllcorner    2107000
cellsize     500
NODATA_value     -99999
[rows 68 to 101 of 136, columns 0 to 76 of 168]
23.84 23.69 23.54 23.38 23.21 23.05 22.88 22.73 22.58 22.44 22.31 22.21 22.14 22.09 22.05 22.03 22.03 22.05 22.09 22.14 22.21 22.31 22.42 22.56 22.77 23.19 23.83 24.65 25.64 26.77 28.03 29.39 30.83 32.32 33.85 35.38 36.88 38.27 39.54 40.71 41.76 42.72 43.57 44.34 45.02 45.62 46.15 46.60 46.99 47.32 47.59 47.80 47.94 48.01 48.02 47.96 47.83 47.62 47.34 46.99 46.55 46.02 45.40 44.72 44.00 43.26 42.47 41.66 40.82 39.95 39.06 38.14 37.20 36.24 35.23 34.08 32.80
24.14 24.01 23.87 23.73 23.57 23.42 23.26 23.11 22.96 22.82 22.70 22.60 22.54 22.50 22.49 22.49 22.50 22.53 22.57 22.63 22.70 22.80 22.91 23.04 23.24 23.66 24.29 25.11 26.11 27.25 28.52 29.89 31.35 32.86 34.41 35.94 37.39 38.74 39.98 41.12 42.14 43.07 43.91 44.65 45.32 45.90 46.41 46.86 47.24 47.57 47.83 48.04 48.17 48.25 48.25 48.19 48.06 47.85 47.57 47.21 46.77 46.21 45.54 44.78 43.98 43.15 42.30 41.44 40.55 39.64 38.72 37.78 36.84 35.88 34.87 33.72 32.44
24.46 24.35 24.23 24.10 23.96 23.81 23.66 23.52 23.37 23.24 23.12 23.03 22.97 22.94 22.93 22.95 22.98 23.02 23.07 23.13 23.21 23.30 23.41 23.53 23.73 24.14 24.77 25.59 26.59 27.75 29.03 30.42 31.89 33.42 34.96 36.44 37.84 39.15 40.36 41.47 42.47 43.37 44.19 44.91 45.56 46.13 46.63 47.07 47.45 47.77 48.03 48.23 48.37 48.44 48.45 48.38 48.25 48.05 47.77 47.40 46.92 46.33 45.64 44.85 43.98 43.08 42.16 41.23 40.30 39.35 38.40 37.45 36.49 35.53 34.53 33.39 32.11
24.80 24.71 24.61 24.49 24.36 24.23 24.09 23.95 23.81 23.68 23.58 23.49 23.43 23.39 23.39 23.42 23.46 23.51 23.57 23.64 23.72 23.81 23.92 24.03 24.23 24.63 25.26 26.09 27.09 28.25 29.55 30.95 32.44 33.96 35.44 36.86 38.21 39.48 40.67 41.75 42.73 43.61 44.40 45.11 45.74 46.30 46.80 47.23 47.60 47.92 48.18 48.38 48.52 48.59 48.60 48.53 48.40 48.20 47.91 47.51 47.01 46.40 45.70 44.90 44.01 43.04 42.06 41.07 40.09 39.10 38.12 37.15 36.18 35.23 34.23 33.09 31.81
25.16 25.09 25.01 24.91 24.79 24.67 24.54 24.40 24.28 24.16 24.06 23.97 23.91 23.87 23.86 23.88 23.93 23.99 24.06 24.14 24.23 24.32 24.42 24.53 24.72 25.12 25.75 26.58 27.59 28.76 30.07 31.48 32.95 34.41 35.82 37.18 38.49 39.72 40.88 41.95 42.91 43.78 44.55 45.25 45.87 46.41 46.90 47.32 47.69 48.01 48.27 48.47 48.61 48.69 48.69 48.63 48.50 48.29 47.97 47.55 47.03 46.41 45.70 44.89 44.00 43.03 42.00 40.95 39.92 38.90 37.89 36.89 35.92 34.96 33.97 32.83 31.55
25.53 25.49 25.43 25.34 25.24 25.13 25.01 24.89 24.77 24.66 24.56 24.48 24.41 24.37 24.35 24.36 24.40 24.47 24.54 24.63 24.72 24.81 24.91 25.02 25.20 25.60 26.23 27.06 28.08 29.26 30.58 31.97 33.36 34.74 36.09 37.40 38.66 39.86 40.99 42.04 43.01 43.87 44.63 45.31 45.92 46.46 46.94 47.36 47.73 48.05 48.31 48.51 48.65 48.73 48.74 48.68 48.54 48.30 47.96 47.52 46.98 46.36 45.64 44.84 43.97 43.01 41.98 40.89 39.81 38.74 37.70 36.69 35.70 34.75 33.76 32.63 31.34
25.93 25.91 25.86 25.79 25.71 25.61 25.50 25.39 25.29 25.18 25.09 25.00 24.93 24.88 24.85 24.84 24.87 24.92 25.00 25.09 25.19 25.28 25.38 25.49 25.66 26.06 26.68 27.52 28.55 29.74 31.02 32.33 33.65 34.95 36.23 37.49 38.70 39.87 40.98 42.02 42.98 43.85 44.63 45.30 45.90 46.43 46.90 47.32 47.69 48.01 48.27 48.48 48.62 48.70 48.72 48.65 48.49 48.22 47.86 47.41 46.87 46.25 45.54 44.75 43.89 42.95 41.94 40.87 39.76 38.66 37.59 36.55 35.56 34.60 33.61 32.48 31.19
26.34 26.34 26.31 26.26 26.19 26.11 26.02 25.92 25.82 25.72 25.62 25.54 25.46 25.40 25.36 25.34 25.34 25.37 25.44 25.53 25.63 25.72 25.82 25.92 26.09 26.49 27.11 27.96 28.99 30.14 31.34 32.56 33.79 35.02 36.24 37.44 38.62 39.75 40.84 41.87 42.83 43.71 44.51 45.20 45.80 46.32 46.79 47.21 47.58 47.90 48.17 48.38 48.53 48.61 48.62 48.53 48.34 48.06 47.69 47.24 46.70 46.07 45.38 44.61 43.77 42.86 41.89 40.85 39.76 38.64 37.54 36.49 35.48 34.52 33.54 32.41 31.11
26.76 26.78 26.78 26.74 26.69 26.63 26.55 26.46 26.36 26.27 26.17 26.08 26.00 25.93 25.87 25.83 25.81 25.82 25.86 25.93 26.02 26.12 26.22 26.32 26.48 26.88 27.51 28.35 29.34 30.40 31.49 32.62 33.77 34.93 36.09 37.25 38.38 39.49 40.56 41.58 42.54 43.43 44.25 44.97 45.60 46.13 46.60 47.01 47.39 47.71 47.99 48.20 48.36 48.44 48.42 48.31 48.11 47.82 47.44 46.99 46.45 45.84 45.16 44.42 43.61 42.73 41.80 40.81 39.78 38.69 37.58 36.50 35.48 34.52 33.55 32.42 31.12
27.20 27.24 27.26 27.25 27.21 27.16 27.09 27.01 26.92 26.82 26.72 26.63 26.53 26.45 26.38 26.32 26.28 26.26 26.27 26.31 26.38 26.47 26.57 26.67 26.83 27.22 27.85 28.65 29.53 30.48 31.47 32.51 33.59 34.68 35.78 36.89 37.99 39.07 40.12 41.13 42.09 43.00 43.84 44.60 45.27 45.84 46.32 46.73 47.11 47.44 47.73 47.95 48.09 48.15 48.11 47.99 47.78 47.48 47.11 46.66 46.14 45.55 44.90 44.18 43.41 42.57 41.69 40.75 39.77 38.75 37.69 36.61 35.58 34.62 33.65 32.51 31.21
27.64 27.71 27.75 27.76 27.74 27.70 27.64 27.56 27.47 27.38 27.27 27.17 27.07 26.97 26.88 26.80 26.74 26.69 26.67 26.67 26.71 26.77 26.86 26.95 27.11 27.50 28.08 28.76 29.53 30.37 31.27 32.22 33.22 34.24 35.29 36.35 37.41 38.47 39.50 40.51 41.48 42.40 43.26 44.05 44.77 45.40 45.92 46.36 46.74 47.09 47.37 47.59 47.72 47.75 47.70 47.57 47.35 47.06 46.70 46.27 45.77 45.20 44.58 43.90 43.16 42.38 41.55 40.67 39.76 38.80 37.82 36.80 35.78 34.81 33.84 32.72 31.45
28.10 28.19 28.25 28.28 28.27 28.24 28.19 28.12 28.03 27.93 27.82 27.71 27.59 27.48 27.37 27.27 27.18 27.11 27.06 27.02 27.02 27.04 27.09 27.17 27.32 27.65 28.11 28.67 29.32 30.06 30.87 31.73 32.65 33.62 34.61 35.62 36.65 37.68 38.70 39.71 40.68 41.62 42.51 43.34 44.10 44.78 45.38 45.87 46.28 46.63 46.91 47.11 47.22 47.24 47.18 47.05 46.84 46.56 46.21 45.80 45.33 44.79 44.21 43.57 42.88 42.15 41.38 40.57 39.73 38.85 37.95 37.02 36.06 35.12 34.16 33.07 31.88
28.64 28.75 28.82 28.86 28.87 28.84 28.79 28.72 28.63 28.52 28.40 28.28 28.15 28.01 27.88 27.75 27.63 27.53 27.44 27.36 27.31 27.29 27.29 27.33 27.42 27.63 27.95 28.39 28.92 29.55 30.27 31.05 31.90 32.80 33.74 34.71 35.70 36.71 37.72 38.72 39.70 40.65 41.57 42.44 43.25 43.99 44.65 45.23 45.71 46.11 46.37 46.55 46.64 46.66 46.60 46.47 46.27 46.00 45.67 45.29 44.84 44.35 43.80 43.21 42.58 41.91 41.20 40.46 39.69 38.90 38.08 37.24 36.39 35.52 34.61 33.60 32.49
29.87 29.98 30.04 30.05 30.04 29.99 29.91 29.81 29.68 29.53 29.37 29.20 29.02 28.84 28.65 28.46 28.28 28.11 27.95 27.81 27.68 27.58 27.51 27.48 27.51 27.59 27.77 28.08 28.50 29.02 29.63 30.33 31.10 31.93 32.81 33.74 34.69 35.67 36.66 37.66 38.64 39.61 40.55 41.45 42.30 43.10 43.82 44.48 45.16 45.81 46.13 46.28 46.35 46.34 46.27 46.13 45.93 45.66 45.34 44.97 44.54 44.07 43.56 43.01 42.41 41.79 41.13 40.45 39.75 39.02 38.28 37.52 36.75 35.95 35.09 34.16 33.15
31.85 32.19 32.19 32.15 32.06 31.93 31.78 31.59 31.38 31.15 30.90 30.63 30.36 30.07 29.78 29.49 29.20 28.91 28.63 28.37 28.12 27.90 27.73 27.66 27.63 27.65 27.71 27.88 28.17 28.58 29.09 29.68 30.37 31.12 31.94 32.81 33.72 34.66 35.62 36.60 37.58 38.55 39.51 40.43 41.32 42.16 42.95 43.78 44.77 45.76 46.33 46.51 46.53 46.48 46.37 46.20 45.97 45.69 45.35 44.97 44.54 44.07 43.57 43.03 42.45 41.85 41.23 40.58 39.91 39.23 38.54 37.84 37.12 36.36 35.53 34.65 33.71
33.92 35.03 35.20 35.04 34.83 34.59 34.30 33.99 33.65 33.28 32.89 32.48 32.05 31.62 31.17 30.72 30.27 29.83 29.38 28.95 28.53 28.19 27.98 27.86 27.79 27.75 27.75 27.80 27.96 28.24 28.63 29.13 29.71 30.38 31.12 31.93 32.78 33.68 34.61 35.57 36.53 37.50 38.46 39.40 40.32 41.20 42.14 43.26 44.56 45.86 46.72 47.12 47.15 47.04 46.87 46.64 46.37 46.04 45.67 45.25 44.80 44.31 43.78 43.23 42.66 42.06 41.44 40.80 40.16 39.50 38.84 38.17 37.48 36.74 35.94 35.10 34.20
35.86 37.85 38.70 38.64 38.27 37.85 37.39 36.89 36.37 35.81 35.23 34.63 34.01 33.38 32.73 32.08 31.42 30.76 30.10 29.45 28.89 28.50 28.24 28.08 27.97 27.89 27.84 27.82 27.86 28.01 28.28 28.66 29.14 29.72 30.38 31.11 31.90 32.75 33.64 34.56 35.50 36.46 37.42 38.37 39.31 40.32 41.52 42.92 44.51 46.09 47.23 47.88 48.09 47.97 47.72 47.41 47.06 46.67 46.24 45.77 45.26 44.73 44.17 43.58 42.98 42.36 41.72 41.08 40.42 39.77 39.12 38.47 37.80 37.09 36.33 35.51 34.65
37.65 40.44 42.06 42.59 42.25 41.62 40.93 40.21 39.45 38.66 37.84 37.00 36.13 35.25 34.35 33.44 32.52 31.60 30.69 29.87 29.26 28.83 28.53 28.33 28.17 28.05 27.95 27.89 27.87 27.90 28.04 28.30 28.67 29.14 29.71 30.36 31.08 31.87 32.70 33.58 34.50 35.43 36.38 37.34 38.39 39.63 41.09 42.75 44.60 46.43 47.81 48.70 49.13 49.15 48.87 48.46 48.02 47.54 47.02 46.47 45.89 45.29 44.67 44.03 43.37 42.71 42.03 41.35 40.67 40.01 39.38 38.75 38.10 37.42 36.69 35.90 35.07
39.31 42.78 45.09 46.30 46.45 45.79 44.83 43.83 42.79 41.72 40.61 39.48 38.32 37.13 35.94 34.72 33.50 32.27 31.16 30.29 29.65 29.18 28.85 28.60 28.40 28.23 28.09 27.99 27.92 27.89 27.91 28.04 28.29 28.66 29.13 29.69 30.33 31.04 31.82 32.65 33.53 34.44 35.37 36.41 37.67 39.14 40.83 42.72 44.80 46.86 48.46 49.55 50.18 50.38 50.21 49.75 49.19 48.59 47.97 47.32 46.64 45.95 45.24 44.53 43.80 43.06 42.33 41.59 40.89 40.23 39.61 39.00 38.38 37.72 37.02 36.26 35.46
40.84 44.89 47.78 49.57 50.31 50.04 48.99 47.67 46.29 44.89 43.44 41.97 40.46 38.93 37.38 35.82 34.24 32.80 31.63 30.73 30.06 29.56 29.19 28.90 28.66 28.44 28.26 28.12 28.01 27.93 27.89 27.91 28.03 28.28 28.64 29.10 29.65 30.29 31.00 31.78 32.60 33.48 34.48 35.70 37.16 38.84 40.73 42.82 45.11 47.37 49.16 50.43 51.22 51.58 51.54 51.16 50.52 49.79 49.03 48.26 47.47 46.66 45.85 45.03 44.20 43.38 42.56 41.78 41.08 40.43 39.82 39.23 38.63 38.00 37.32 36.59 35.82
42.23 46.76 50.14 52.41 53.62 53.83 53.08 51.60 49.85 48.06 46.23 44.37 42.47 40.54 38.59 36.64 34.81 33.31 32.12 31.19 30.49 29.96 29.55 29.22 28.94 28.68 28.46 28.27 28.12 28.00 27.92 27.87 27.88 28.01 28.25 28.60 29.06 29.61 30.25 30.96 31.74 32.65 33.80 35.20 36.83 38.69 40.76 43.03 45.49 47.93 49.88 51.30 52.23 52.72 52.80 52.52 51.92 51.09 50.18 49.26 48.33 47.38 46.44 45.49 44.55 43.61 42.73 41.95 41.25 40.61 40.01 39.44 38.86 38.25 37.60 36.90 36.15
43.49 48.40 52.16 54.81 56.40 56.98 56.61 55.34 53.37 51.15 48.88 46.58 44.24 41.87 39.48 37.25 35.37 33.84 32.63 31.68 30.94 30.38 29.94 29.57 29.24 28.95 28.68 28.45 28.26 28.10 27.97 27.89 27.84 27.85 27.97 28.21 28.57 29.02 29.57 30.21 31.01 32.05 33.35 34.90 36.68 38.69 40.91 43.33 45.93 48.52 50.60 52.15 53.19 53.78 53.95 53.75 53.21 52.38 51.35 50.26 49.17 48.07 46.97 45.87 44.79 43.77 42.88 42.09 41.40 40.77 40.18 39.62 39.06 38.48 37.86 37.18 36.46
44.62 49.82 53.85 56.77 58.64 59.50 59.40 58.40 56.55 54.04 51.29 48.50 45.67 42.81 40.13 37.83 35.94 34.40 33.16 32.18 31.42 30.82 30.34 29.94 29.57 29.24 28.93 28.66 28.43 28.23 28.06 27.94 27.85 27.80 27.81 27.93 28.17 28.52 28.99 29.62 30.52 31.68 33.11 34.77 36.68 38.81 41.15 43.69 46.42 49.12 51.32 52.96 54.09 54.75 54.98 54.82 54.33 53.53 52.47 51.23 49.95 48.66 47.39 46.13 44.95 43.91 43.01 42.22 41.53 40.91 40.33 39.79 39.25 38.69 38.09 37.44 36.74
45.63 51.00 55.21 58.31 60.35 61.38 61.46 60.63 58.95 56.46 53.35 50.03 46.67 43.49 40.74 38.44 36.53 34.97 33.71 32.71 31.92 31.29 30.78 30.34 29.93 29.55 29.21 28.90 28.62 28.38 28.18 28.01 27.89 27.80 27.75 27.76 27.88 28.13 28.57 29.28 30.27 31.53 33.04 34.81 36.81 39.03 41.46 44.10 46.93 49.72 52.00 53.71 54.90 55.60 55.87 55.73 55.25 54.45 53.37 52.07 50.62 49.13 47.67 46.29 45.08 44.03 43.12 42.33 41.64 41.03 40.46 39.93 39.41 38.87 38.30 37.68 37.00
46.51 51.96 56.24 59.41 61.53 62.63 62.78 62.02 60.41 57.99 54.82 51.08 47.38 44.13 41.38 39.06 37.14 35.56 34.28 33.26 32.44 31.78 31.24 30.76 30.31 29.89 29.51 29.16 28.85 28.57 28.33 28.12 27.96 27.83 27.75 27.70 27.72 27.92 28.41 29.18 30.24 31.57 33.15 34.98 37.04 39.33 41.84 44.54 47.43 50.29 52.62 54.38 55.60 56.32 56.59 56.46 55.95 55.12 54.01 52.66 51.11 49.44 47.83 46.42 45.19 44.13 43.22 42.43 41.74 41.13 40.57 40.05 39.55 39.03 38.49 37.89 37.24
47.27 52.69 56.95 60.09 62.18 63.25 63.37 62.58 60.93 58.48 55.29 51.65 48.03 44.79 42.03 39.70 37.76 36.17 34.87 33.82 32.98 32.29 31.72 31.20 30.72 30.26 29.84 29.45 29.10 28.78 28.51 28.26 28.06 27.90 27.77 27.69 27.73 27.97 28.50 29.31 30.41 31.78 33.40 35.27 37.37 39.70 42.25 44.99 47.93 50.82 53.18 54.95 56.17 56.89 57.14 56.97 56.42 55.54 54.36 52.92 51.29 49.58 47.97 46.53 45.29 44.22 43.30 42.50 41.82 41.21 40.66 40.16 39.67 39.18 38.65 38.07 37.44
47.91 53.20 57.33 60.35 62.30 63.24 63.23 62.30 60.52 57.96 54.91 51.75 48.57 45.46 42.70 40.36 38.41 36.80 35.48 34.41 33.55 32.83 32.22 31.67 31.15 30.66 30.20 29.77 29.38 29.03 28.71 28.43 28.19 27.99 27.84 27.79 27.92 28.26 28.82 29.65 30.76 32.14 33.77 35.66 37.77 40.12 42.67 45.43 48.38 51.28 53.64 55.40 56.60 57.28 57.48 57.26 56.64 55.67 54.39 52.86 51.22 49.60 48.06 46.64 45.38 44.30 43.37 42.57 41.88 41.27 40.74 40.24 39.77 39.30 38.79 38.24 37.63
48.43 53.49 57.39 60.18 61.90 62.61 62.36 61.20 59.21 56.69 54.07 51.42 48.73 46.02 43.38 41.04 39.08 37.45 36.12 35.03 34.13 33.39 32.75 32.16 31.61 31.08 30.58 30.12 29.69 29.30 28.95 28.63 28.36 28.13 27.99 28.04 28.28 28.72 29.34 30.18 31.27 32.64 34.26 36.12 38.23 40.56 43.10 45.84 48.78 51.66 54.00 55.72 56.86 57.48 57.61 57.29 56.58 55.50 54.11 52.56 51.02 49.51 48.07 46.71 45.45 44.36 43.42 42.61 41.92 41.32 40.79 40.31 39.85 39.40 38.91 38.38 37.80
48.83 53.57 57.13 59.58 60.97 61.35 60.76 59.29 57.27 55.13 52.96 50.76 48.52 46.26 43.97 41.73 39.76 38.12 36.77 35.66 34.74 33.97 33.30 32.68 32.09 31.52 30.99 30.49 30.03 29.60 29.22 28.87 28.56 28.35 28.31 28.45 28.78 29.29 29.98 30.85 31.93 33.25 34.83 36.65 38.72 41.00 43.50 46.21 49.10 51.94 54.22 55.87 56.94 57.47 57.50 57.07 56.22 55.02 53.61 52.17 50.74 49.34 47.99 46.70 45.50 44.41 43.46 42.65 41.95 41.36 40.83 40.36 39.91 39.48 39.02 38.50 37.94
49.12 53.42 56.56 58.57 59.53 59.47 58.47 56.89 55.19 53.45 51.68 49.87 48.03 46.16 44.27 42.34 40.46 38.81 37.44 36.31 35.37 34.57 33.87 33.22 32.59 31.99 31.42 30.89 30.40 29.93 29.51 29.13 28.84 28.71 28.76 28.98 29.38 29.94 30.68 31.60 32.68 33.96 35.47 37.22 39.22 41.43 43.87 46.50 49.33 52.10 54.29 55.85 56.81 57.22 57.12 56.55 55.57 54.33 53.04 51.72 50.41 49.11 47.84 46.63 45.49 44.43 43.48 42.67 41.97 41.37 40.86 40.39 39.96 39.54 39.10 38.60 38.06
49.30 53.07 55.67 57.15 57.56 56.99 55.81 54.49 53.13 51.74 50.32 48.86 47.37 45.84 44.29 42.70 41.09 39.52 38.13 36.98 36.02 35.20 34.47 33.79 33.12 32.49 31.89 31.32 30.79 30.29 29.84 29.48 29.26 29.21 29.33 29.61 30.05 30.66 31.43 32.36 33.46 34.72 36.15 37.81 39.71 41.83 44.17 46.71 49.44 52.11 54.20 55.63 56.46 56.73 56.47 55.75 54.73 53.61 52.45 51.25 50.05 48.85 47.66 46.52 45.43 44.42 43.49 42.67 41.97 41.38 40.86 40.41 39.99 39.58 39.16 38.69 38.16
49.37 52.50 54.46 55.31 55.11 54.27 53.29 52.27 51.21 50.12 48.99 47.83 46.63 45.40 44.13 42.84 41.52 40.17 38.84 37.68 36.69 35.85 35.09 34.38 33.68 33.01 32.38 31.77 31.21 30.69 30.25 29.95 29.81 29.82 29.99 30.31 30.78 31.41 32.19 33.13 34.22 35.45 36.85 38.41 40.18 42.18 44.39 46.81 49.41 51.96 53.91 55.20 55.87 55.97 55.54 54.77 53.88 52.90 51.87 50.79 49.69 48.58 47.48 46.40 45.36 44.38 43.48 42.67 41.96 41.37 40.85 40.41 40.00 39.61 39.21 38.75 38.24
49.34 51.73 52.95 53.08 52.54 51.84 51.11 50.34 49.53 48.68 47.79 46.87 45.92 44.93 43.91 42.85 41.77 40.66 39.52 38.39 37.39 36.52 35.73 34.99 34.26 33.56 32.89 32.26 31.66 31.15 30.77 30.54 30.45 30.50 30.70 31.05 31.54 32.17 32.94 33.86 34.92 36.13 37.47 38.96 40.61 42.46 44.52 46.78 49.24 51.63 53.42 54.53 55.02 54.93 54.45 53.81 53.07 52.24 51.33 50.36 49.36 48.33 47.30 46.28 45.29 44.34 43.46 42.65 41.95 41.34 40.83 40.39 39.99 39.62 39.23 38.79 38.30
49.19 50.74 51.16 50.86 50.41 49.91 49.37 48.80 48.18 47.52 46.83 46.10 45.34 44.54 43.71 42.84 41.95 41.02 40.06 39.08 38.10 37.21 36.40 35.63 34.87 34.13 33.43 32.77 32.18 31.72 31.40 31.21 31.15 31.23 31.45 31.80 32.28 32.90 33.65 34.54 35.55 36.70 37.99 39.40 40.94 42.64 44.52 46.61 48.89 51.10 52.70 53.61 53.89 53.75 53.41 52.94 52.34 51.64 50.85 49.99 49.08 48.14 47.17 46.21 45.25 44.33 43.46 42.66 41.94 41.31 40.80 40.36 39.97 39.61 39.24 38.82 38.34
