data_processed/recharge/precip/Precip_2000_08.asc
ncols        168
nrows        136
xllcorner    455000
yllcorner    2107000
cellsize     500
NODATA_value     -99999
[rows 64 to 95 of 136, columns 71 to 141 of 168]
239.97 234.51 228.53 222.05 215.11 207.75 199.99 192.16 184.98 178.57 172.86 167.79 163.30 159.32 155.79 152.65 149.82 147.26 144.88 142.59 140.24 137.81 135.20 132.37 129.38 126.26 123.07 119.88 116.72 113.66 110.74 108.02 105.56 103.40 101.42 99.50 97.65 95.86 94.16 92.53 91.00 89.57 88.23 87.01 85.90 84.94 84.26 83.98 84.12 84.74 85.83 87.39 89.39 91.82 94.65 97.88 101.48 105.43 109.72 114.33 119.03 123.15 126.54 129.25 131.32 132.80 133.73 134.16 134.13 133.69 132.88
239.77 234.08 227.89 221.25 214.18 206.73 198.92 191.07 183.90 177.51 171.85 166.85 162.45 158.58 155.17 152.18 149.52 147.15 144.98 142.97 140.99 138.82 136.37 133.68 130.81 127.80 124.71 121.60 118.51 115.51 112.64 109.95 107.51 105.36 103.38 101.46 99.61 97.83 96.12 94.49 92.96 91.52 90.18 88.95 87.84 86.85 86.01 85.49 85.46 85.95 86.93 88.39 90.31 92.67 95.46 98.65 102.23 106.18 110.48 115.12 119.86 124.03 127.49 130.27 132.42 133.99 135.02 135.55 135.64 135.32 134.65
239.14 233.24 226.90 220.13 212.99 205.49 197.68 189.85 182.73 176.42 170.85 165.96 161.69 157.97 154.74 151.94 149.49 147.35 145.45 143.69 141.90 139.88 137.58 135.03 132.28 129.39 126.40 123.38 120.37 117.42 114.60 111.96 109.54 107.40 105.43 103.52 101.67 99.89 98.18 96.56 95.03 93.59 92.25 91.02 89.91 88.92 88.08 87.47 87.27 87.58 88.40 89.72 91.51 93.77 96.46 99.57 103.08 106.98 111.25 115.87 120.61 124.79 128.26 131.07 133.25 134.87 135.95 136.54 136.70 136.47 135.88
238.07 232.02 225.56 218.72 211.54 204.04 196.27 188.52 181.49 175.29 169.86 165.13 161.03 157.51 154.50 151.93 149.75 147.89 146.26 144.65 142.90 140.97 138.81 136.40 133.78 131.00 128.12 125.19 122.26 119.38 116.62 114.01 111.63 109.50 107.54 105.64 103.80 102.02 100.33 98.71 97.18 95.75 94.42 93.19 92.08 91.11 90.35 89.81 89.52 89.62 90.25 91.38 93.00 95.09 97.64 100.63 104.03 107.84 112.03 116.59 121.28 125.42 128.86 131.65 133.82 135.43 136.52 137.13 137.31 137.11 136.57
236.57 230.42 223.89 217.02 209.84 202.39 194.70 187.07 180.18 174.14 168.89 164.36 160.49 157.21 154.46 152.17 150.29 148.73 147.25 145.68 143.96 142.08 140.02 137.75 135.27 132.61 129.84 127.00 124.16 121.35 118.64 116.09 113.73 111.63 109.68 107.79 105.97 104.21 102.52 100.92 99.40 97.97 96.65 95.43 94.35 93.45 92.78 92.31 92.07 92.07 92.45 93.35 94.75 96.65 99.01 101.82 105.08 108.74 112.81 117.26 121.85 125.91 129.28 132.00 134.11 135.68 136.73 137.31 137.47 137.26 136.73
234.66 228.44 221.89 215.03 207.91 200.54 192.98 185.51 178.81 172.98 167.95 163.67 160.06 157.07 154.62 152.67 151.11 149.70 148.24 146.68 145.01 143.19 141.22 139.07 136.72 134.19 131.53 128.79 126.03 123.31 120.66 118.15 115.84 113.76 111.83 109.96 108.15 106.40 104.73 103.14 101.64 100.23 98.92 97.73 96.72 95.92 95.32 94.93 94.74 94.76 95.00 95.64 96.78 98.42 100.55 103.15 106.20 109.69 113.58 117.88 122.33 126.26 129.51 132.11 134.13 135.60 136.56 137.07 137.17 136.92 136.50
232.34 226.11 219.57 212.77 205.74 198.51 191.12 183.86 177.39 171.81 167.05 163.06 159.76 157.10 155.01 153.39 152.00 150.59 149.13 147.60 145.97 144.23 142.35 140.32 138.10 135.71 133.16 130.53 127.87 125.22 122.64 120.18 117.91 115.86 113.95 112.10 110.32 108.59 106.94 105.37 103.88 102.49 101.21 100.11 99.19 98.47 97.94 97.60 97.45 97.51 97.75 98.22 99.07 100.42 102.27 104.61 107.42 110.67 114.35 118.44 122.71 126.47 129.55 132.00 133.86 135.19 136.03 136.42 136.42 136.24 136.06
229.62 223.41 216.94 210.24 203.35 196.31 189.13 182.12 175.92 170.64 166.20 162.54 159.60 157.31 155.58 154.13 152.72 151.30 149.85 148.35 146.78 145.12 143.34 141.43 139.37 137.13 134.72 132.19 129.62 127.06 124.55 122.15 119.92 117.91 116.03 114.20 112.44 110.74 109.12 107.57 106.10 104.75 103.55 102.54 101.70 101.04 100.57 100.28 100.17 100.24 100.50 100.95 101.60 102.63 104.16 106.19 108.71 111.68 115.10 118.95 122.99 126.52 129.39 131.64 133.31 134.46 135.12 135.36 135.40 135.43 135.48
226.50 220.37 214.01 207.46 200.75 193.93 187.02 180.30 174.42 169.48 165.39 162.11 159.57 157.67 156.12 154.64 153.20 151.77 150.34 148.88 147.37 145.79 144.13 142.35 140.44 138.37 136.14 133.74 131.27 128.80 126.36 124.03 121.85 119.87 118.02 116.23 114.50 112.83 111.23 109.71 108.29 107.01 105.91 104.97 104.20 103.60 103.18 102.92 102.83 102.92 103.18 103.62 104.23 105.04 106.22 107.89 110.07 112.72 115.84 119.39 123.16 126.42 129.03 131.04 132.47 133.39 133.85 134.08 134.30 134.53 134.79
223.01 216.98 210.77 204.42 197.94 191.39 184.79 178.41 172.90 168.33 164.65 161.80 159.67 157.94 156.34 154.82 153.36 151.93 150.52 149.11 147.67 146.19 144.63 142.99 141.24 139.37 137.34 135.14 132.80 130.41 128.06 125.79 123.66 121.72 119.91 118.15 116.45 114.82 113.25 111.78 110.44 109.26 108.23 107.36 106.65 106.10 105.71 105.48 105.40 105.49 105.74 106.16 106.74 107.48 108.41 109.71 111.50 113.79 116.55 119.77 123.21 126.17 128.48 130.18 131.33 132.00 132.41 132.79 133.19 133.60 134.03
219.15 213.27 207.26 201.14 194.94 188.70 182.44 176.45 171.35 167.21 163.98 161.56 159.60 157.82 156.16 154.60 153.13 151.71 150.33 148.97 147.61 146.22 144.79 143.30 141.72 140.03 138.22 136.26 134.13 131.87 129.60 127.40 125.34 123.44 121.67 119.95 118.29 116.69 115.17 113.78 112.54 111.43 110.48 109.67 109.00 108.49 108.12 107.90 107.83 107.91 108.14 108.52 109.06 109.75 110.59 111.62 113.00 114.87 117.23 120.07 123.15 125.75 127.71 129.08 129.92 130.49 131.03 131.57 132.11 132.67 133.24
214.96 209.26 203.47 197.62 191.74 185.86 180.00 174.44 169.79 166.13 163.35 161.10 159.08 157.22 155.51 153.92 152.43 151.03 149.69 148.39 147.12 145.84 144.54 143.20 141.79 140.31 138.72 137.00 135.14 133.11 130.96 128.84 126.84 124.99 123.26 121.59 119.97 118.42 116.99 115.69 114.53 113.50 112.60 111.84 111.21 110.72 110.36 110.14 110.06 110.13 110.33 110.67 111.15 111.77 112.54 113.45 114.53 115.97 117.89 120.30 122.96 125.16 126.72 127.74 128.45 129.12 129.78 130.44 131.11 131.78 132.47
210.45 204.97 199.44 193.89 188.37 182.88 177.47 172.38 168.23 165.04 162.44 160.12 158.00 156.07 154.31 152.70 151.21 149.83 148.54 147.31 146.12 144.96 143.80 142.62 141.40 140.12 138.75 137.29 135.70 133.97 132.08 130.08 128.14 126.35 124.67 123.04 121.48 120.02 118.68 117.47 116.37 115.40 114.55 113.82 113.22 112.74 112.39 112.16 112.06 112.09 112.25 112.54 112.96 113.51 114.19 115.00 115.95 117.05 118.51 120.45 122.65 124.40 125.55 126.39 127.17 127.94 128.70 129.45 130.21 130.97 131.75
205.65 200.42 195.18 189.97 184.83 179.78 174.85 170.28 166.62 163.62 160.93 158.50 156.29 154.30 152.50 150.87 149.40 148.05 146.80 145.65 144.56 143.52 142.50 141.49 140.46 139.39 138.27 137.06 135.76 134.33 132.76 131.04 129.22 127.49 125.86 124.29 122.82 121.45 120.20 119.05 118.01 117.09 116.27 115.57 114.98 114.51 114.15 113.90 113.78 113.76 113.87 114.09 114.44 114.90 115.48 116.19 117.01 117.96 119.07 120.51 122.21 123.49 124.43 125.30 126.16 127.00 127.83 128.65 129.47 130.29 131.12
200.59 195.64 190.73 185.89 181.16 176.57 172.16 168.10 164.63 161.52 158.71 156.17 153.89 151.84 150.01 148.37 146.91 145.60 144.42 143.34 142.36 141.45 140.58 139.75 138.91 138.07 137.19 136.25 135.23 134.12 132.89 131.52 129.99 128.38 126.81 125.34 123.96 122.67 121.49 120.40 119.41 118.52 117.73 117.05 116.46 115.98 115.60 115.33 115.16 115.09 115.13 115.28 115.54 115.91 116.38 116.97 117.66 118.47 119.39 120.46 121.66 122.68 123.63 124.56 125.46 126.34 127.21 128.06 128.92 129.77 130.63
195.44 190.81 186.25 181.82 177.53 173.43 169.52 165.70 162.11 158.86 155.92 153.28 150.93 148.83 146.97 145.32 143.87 142.60 141.48 140.49 139.61 138.83 138.12 137.46 136.83 136.20 135.57 134.90 134.17 133.37 132.48 131.47 130.32 129.00 127.57 126.19 124.89 123.68 122.55 121.52 120.57 119.70 118.93 118.25 117.66 117.16 116.75 116.44 116.22 116.09 116.06 116.13 116.29 116.55 116.90 117.36 117.92 118.57 119.33 120.20 121.20 122.21 123.18 124.13 125.05 125.95 126.83 127.70 128.56 129.42 130.28
190.88 186.58 182.39 178.37 174.54 170.90 167.29 163.57 159.91 156.50 153.42 150.66 148.20 146.03 144.12 142.44 140.99 139.73 138.65 137.72 136.93 136.26 135.68 135.17 134.72 134.29 133.88 133.46 133.00 132.50 131.92 131.25 130.44 129.43 128.26 127.00 125.78 124.63 123.56 122.57 121.65 120.81 120.05 119.37 118.77 118.24 117.80 117.44 117.17 116.97 116.86 116.84 116.90 117.05 117.28 117.60 118.01 118.51 119.11 119.88 120.86 121.87 122.87 123.83 124.76 125.67 126.56 127.43 128.29 129.15 130.00
187.11 183.13 179.32 175.71 172.32 168.96 165.46 161.83 158.23 154.74 151.49 148.58 146.00 143.72 141.72 139.99 138.50 137.23 136.16 135.27 134.53 133.94 133.46 133.08 132.77 132.52 132.30 132.09 131.88 131.64 131.34 130.96 130.42 129.69 128.80 127.78 126.67 125.59 124.57 123.62 122.73 121.91 121.15 120.46 119.85 119.30 118.82 118.41 118.07 117.81 117.62 117.50 117.45 117.49 117.59 117.78 118.04 118.39 118.89 119.65 120.61 121.61 122.61 123.58 124.52 125.43 126.32 127.20 128.05 128.90 129.75
184.07 180.43 177.00 173.78 170.64 167.38 163.96 160.42 156.90 153.46 150.13 147.05 144.31 141.90 139.79 137.97 136.41 135.10 134.01 133.12 132.41 131.87 131.46 131.18 130.99 130.88 130.82 130.80 130.80 130.79 130.73 130.56 130.24 129.76 129.14 128.40 127.52 126.53 125.56 124.64 123.78 122.97 122.22 121.53 120.89 120.31 119.79 119.33 118.92 118.59 118.31 118.09 117.94 117.85 117.83 117.87 117.99 118.25 118.75 119.49 120.44 121.43 122.42 123.39 124.33 125.25 126.14 127.01 127.86 128.70 129.53
181.71 178.41 175.34 172.36 169.30 166.12 162.78 159.32 155.88 152.52 149.23 146.06 143.14 140.56 138.31 136.37 134.72 133.33 132.19 131.28 130.57 130.04 129.68 129.46 129.36 129.36 129.44 129.58 129.75 129.93 130.03 130.03 129.91 129.66 129.29 128.81 128.19 127.42 126.53 125.64 124.80 124.00 123.25 122.54 121.88 121.27 120.70 120.18 119.71 119.30 118.93 118.61 118.35 118.13 117.98 117.88 117.92 118.18 118.68 119.42 120.36 121.33 122.30 123.26 124.20 125.11 126.00 126.86 127.71 128.54 129.35
180.00 177.02 174.16 171.25 168.26 165.14 161.88 158.50 155.13 151.84 148.62 145.48 142.46 139.70 137.28 135.19 133.42 131.93 130.71 129.74 129.00 128.46 128.11 127.92 127.88 127.97 128.15 128.42 128.72 129.00 129.22 129.37 129.42 129.38 129.24 129.00 128.63 128.11 127.42 126.60 125.78 124.99 124.23 123.50 122.82 122.16 121.55 120.97 120.43 119.93 119.47 119.04 118.66 118.32 118.03 117.87 117.91 118.18 118.68 119.41 120.34 121.31 122.26 123.21 124.13 125.04 125.92 126.77 127.61 128.42 129.22
178.86 176.07 173.27 170.42 167.48 164.43 161.24 157.93 154.64 151.41 148.25 145.17 142.18 139.31 136.70 134.43 132.50 130.88 129.55 128.50 127.69 127.12 126.75 126.57 126.56 126.69 126.95 127.30 127.66 128.00 128.32 128.59 128.80 128.94 129.01 128.98 128.83 128.55 128.10 127.47 126.70 125.91 125.15 124.40 123.68 122.99 122.32 121.68 121.06 120.47 119.91 119.38 118.88 118.42 118.07 117.91 117.97 118.24 118.74 119.47 120.39 121.34 122.29 123.22 124.13 125.03 125.90 126.74 127.55 128.35 129.13
178.13 175.39 172.63 169.82 166.94 163.95 160.83 157.59 154.36 151.20 148.10 145.07 142.13 139.28 136.55 134.09 131.97 130.19 128.72 127.55 126.66 126.01 125.60 125.39 125.38 125.54 125.82 126.17 126.54 126.93 127.31 127.69 128.03 128.34 128.59 128.75 128.81 128.74 128.52 128.12 127.52 126.77 125.99 125.22 124.47 123.73 123.00 122.29 121.60 120.92 120.25 119.61 118.99 118.48 118.14 118.01 118.08 118.36 118.86 119.59 120.50 121.44 122.38 123.30 124.20 125.08 125.93 126.76 127.56 128.33 129.09
177.63 174.92 172.20 169.44 166.61 163.68 160.62 157.44 154.29 151.18 148.13 145.16 142.26 139.45 136.73 134.14 131.82 129.85 128.22 126.90 125.88 125.14 124.65 124.39 124.35 124.48 124.71 125.02 125.38 125.79 126.22 126.68 127.13 127.58 127.99 128.33 128.57 128.69 128.67 128.48 128.10 127.51 126.75 125.96 125.17 124.38 123.59 122.81 122.03 121.25 120.48 119.73 119.07 118.57 118.26 118.15 118.23 118.53 119.03 119.76 120.66 121.60 122.52 123.43 124.32 125.19 126.03 126.84 127.62 128.37 129.10
177.33 174.66 171.97 169.25 166.47 163.59 160.59 157.48 154.38 151.33 148.33 145.40 142.54 139.76 137.08 134.49 132.04 129.86 128.03 126.54 125.37 124.49 123.90 123.56 123.44 123.46 123.60 123.84 124.17 124.58 125.04 125.55 126.10 126.67 127.22 127.71 128.11 128.40 128.55 128.55 128.37 127.99 127.38 126.60 125.76 124.92 124.07 123.21 122.34 121.47 120.60 119.81 119.17 118.71 118.43 118.34 118.44 118.74 119.25 119.97 120.87 121.80 122.72 123.61 124.49 125.35 126.17 126.97 127.74 128.47 129.17
177.21 174.56 171.91 169.22 166.48 163.65 160.71 157.65 154.61 151.61 148.66 145.77 142.95 140.20 137.54 134.98 132.52 130.20 128.16 126.46 125.11 124.08 123.34 122.87 122.60 122.48 122.50 122.65 122.93 123.31 123.78 124.33 124.95 125.61 126.28 126.89 127.43 127.87 128.18 128.35 128.35 128.15 127.74 127.09 126.25 125.35 124.43 123.49 122.53 121.56 120.66 119.90 119.31 118.88 118.63 118.56 118.68 118.99 119.51 120.23 121.12 122.04 122.95 123.84 124.71 125.55 126.37 127.15 127.91 128.62 129.30
177.24 174.60 171.98 169.33 166.63 163.84 160.95 157.95 154.96 152.00 149.09 146.24 143.45 140.74 138.10 135.56 133.11 130.78 128.59 126.67 125.10 123.88 122.97 122.29 121.81 121.52 121.40 121.45 121.65 121.98 122.44 123.00 123.67 124.41 125.17 125.89 126.55 127.11 127.56 127.87 128.02 127.99 127.76 127.29 126.57 125.65 124.66 123.63 122.59 121.60 120.74 120.03 119.47 119.08 118.86 118.81 118.95 119.27 119.80 120.52 121.41 122.32 123.22 124.10 124.96 125.80 126.60 127.38 128.11 128.82 129.47
177.38 174.77 172.16 169.54 166.88 164.13 161.28 158.34 155.39 152.48 149.61 146.79 144.03 141.34 138.72 136.20 133.76 131.43 129.21 127.14 125.34 123.89 122.71 121.78 121.08 120.60 120.32 120.24 120.34 120.61 121.03 121.59 122.27 123.07 123.91 124.71 125.46 126.12 126.69 127.12 127.41 127.52 127.44 127.13 126.59 125.77 124.75 123.64 122.58 121.64 120.83 120.17 119.66 119.30 119.11 119.09 119.24 119.58 120.11 120.84 121.72 122.63 123.53 124.40 125.25 126.07 126.87 127.63 128.36 129.05 129.69
177.62 175.02 172.43 169.84 167.20 164.50 161.69 158.79 155.89 153.02 150.18 147.39 144.66 141.98 139.38 136.87 134.44 132.11 129.89 127.78 125.81 124.04 122.56 121.36 120.41 119.72 119.26 119.03 119.01 119.18 119.54 120.08 120.76 121.59 122.48 123.35 124.17 124.92 125.57 126.11 126.51 126.74 126.79 126.63 126.23 125.57 124.65 123.58 122.57 121.69 120.94 120.33 119.86 119.54 119.38 119.38 119.56 119.91 120.45 121.18 122.06 122.96 123.85 124.72 125.56 126.38 127.17 127.92 128.63 129.31 129.94
177.92 175.33 172.76 170.19 167.58 164.91 162.14 159.28 156.42 153.58 150.78 148.01 145.30 142.64 140.05 137.54 135.12 132.78 130.55 128.42 126.33 124.32 122.52 121.02 119.81 118.89 118.23 117.82 117.66 117.72 118.00 118.48 119.15 119.99 120.91 121.82 122.68 123.49 124.22 124.84 125.32 125.66 125.81 125.77 125.50 124.99 124.30 123.47 122.57 121.75 121.05 120.49 120.07 119.79 119.66 119.69 119.89 120.25 120.80 121.53 122.41 123.31 124.20 125.06 125.90 126.71 127.48 128.23 128.93 129.60 130.22
178.26 175.67 173.12 170.56 167.98 165.33 162.60 159.78 156.96 154.15 151.37 148.63 145.93 143.29 140.71 138.20 135.77 133.43 131.17 128.95 126.77 124.63 122.59 120.78 119.29 118.10 117.22 116.62 116.29 116.22 116.39 116.80 117.43 118.26 119.19 120.11 121.01 121.86 122.63 123.31 123.86 124.27 124.52 124.57 124.42 124.11 123.69 123.17 122.52 121.81 121.17 120.66 120.28 120.04 119.94 120.00 120.22 120.60 121.16 121.89 122.77 123.67 124.55 125.41 126.24 127.05 127.82 128.55 129.25 129.90 130.51
178.62 176.03 173.48 170.94 168.37 165.75 163.05 160.27 157.48 154.70 151.94 149.21 146.53 143.89 141.32 138.81 136.37 134.00 131.66 129.34 127.06 124.83 122.68 120.63 118.84 117.37 116.24 115.42 114.91 114.68 114.73 115.05 115.61 116.41 117.32 118.24 119.15 120.01 120.81 121.52 122.12 122.59 122.90 123.04 123.05 122.99 122.85 122.62 122.28 121.82 121.28 120.82 120.49 120.29 120.23 120.31 120.55 120.95 121.52 122.26 123.14 124.04 124.92 125.77 126.60 127.39 128.16 128.89 129.57 130.22 130.82
