data_processed/recharge/precip/Precip_1986_08.asc
ncols        168
nrows        136
xllcorner    455000
yllcorner    2107000
cellsize     500
NODATA_value     -99999
[rows 99 to 131 of 136, columns 74 to 147 of 168]
114.84 114.69 114.54 114.41 114.45 114.75 115.30 116.05 116.98 118.05 119.23 120.48 121.76 123.05 124.12 124.45 123.97 122.78 120.96 118.59 115.77 112.58 109.10 105.42 101.64 97.95 94.48 91.35 88.67 86.45 84.68 83.37 82.51 82.09 82.11 82.58 83.47 84.78 86.35 88.13 90.09 92.22 94.50 96.92 99.45 102.08 104.80 107.58 110.42 113.28 116.08 118.65 120.94 122.94 124.64 126.01 127.06 127.77 128.12 128.11 127.73 127.21 126.70 126.21 125.73 125.27 124.83 124.39 123.97 123.55 123.13 122.63 121.85 120.78
114.97 114.95 115.01 115.25 115.74 116.47 117.39 118.47 119.68 120.98 122.35 123.73 125.11 126.44 127.51 127.80 127.27 125.99 124.06 121.56 118.57 115.19 111.49 107.56 103.50 99.40 95.53 92.12 89.20 86.77 84.81 83.33 82.33 81.79 81.72 82.12 82.97 84.25 85.82 87.60 89.57 91.72 94.04 96.50 99.09 101.79 104.58 107.45 110.38 113.28 116.00 118.47 120.68 122.63 124.29 125.67 126.73 127.49 127.91 128.00 127.75 127.33 126.90 126.45 125.99 125.51 125.00 124.48 123.92 123.35 122.74 122.10 121.38 120.54
115.02 115.16 115.53 116.22 117.16 118.29 119.57 120.96 122.43 123.94 125.47 126.98 128.42 129.78 130.83 131.08 130.47 129.09 127.02 124.36 121.19 117.60 113.66 109.47 105.12 100.80 96.72 93.05 89.88 87.22 85.07 83.42 82.26 81.60 81.42 81.74 82.53 83.77 85.32 87.09 89.07 91.24 93.58 96.07 98.71 101.46 104.32 107.27 110.22 113.02 115.61 117.99 120.14 122.04 123.69 125.08 126.18 126.99 127.50 127.70 127.58 127.29 126.95 126.56 126.12 125.63 125.08 124.47 123.81 123.08 122.29 121.48 120.78 120.17
115.02 115.46 116.23 117.32 118.66 120.17 121.78 123.46 125.17 126.88 128.56 130.16 131.66 133.02 134.03 134.21 133.50 132.00 129.79 126.95 123.58 119.75 115.56 111.09 106.56 102.16 97.99 94.14 90.72 87.83 85.46 83.62 82.30 81.50 81.21 81.43 82.16 83.36 84.88 86.63 88.60 90.77 93.12 95.64 98.31 101.11 104.03 106.97 109.79 112.45 114.93 117.23 119.32 121.20 122.84 124.25 125.40 126.29 126.89 127.21 127.24 127.09 126.85 126.53 126.13 125.63 125.05 124.38 123.62 122.76 121.84 121.00 120.30 119.75
115.11 115.95 117.11 118.54 120.20 122.04 123.97 125.92 127.86 129.74 131.55 133.23 134.76 136.11 137.06 137.15 136.33 134.69 132.31 129.27 125.68 121.60 117.14 112.50 107.92 103.48 99.26 95.30 91.70 88.57 85.99 83.95 82.46 81.50 81.09 81.21 81.86 83.01 84.48 86.21 88.16 90.32 92.67 95.21 97.90 100.74 103.63 106.42 109.08 111.60 113.96 116.18 118.23 120.09 121.75 123.19 124.40 125.37 126.09 126.54 126.72 126.72 126.60 126.37 126.01 125.53 124.93 124.21 123.35 122.41 121.50 120.70 120.00 119.43
115.41 116.62 118.13 119.87 121.81 123.90 126.10 128.29 130.43 132.47 134.38 136.13 137.67 138.99 139.86 139.85 138.89 137.09 134.52 131.27 127.43 123.10 118.49 113.84 109.24 104.78 100.50 96.47 92.77 89.46 86.65 84.40 82.72 81.61 81.06 81.07 81.63 82.71 84.14 85.82 87.74 89.89 92.24 94.77 97.48 100.27 102.99 105.60 108.10 110.48 112.73 114.86 116.86 118.72 120.40 121.88 123.17 124.24 125.08 125.68 126.04 126.20 126.21 126.06 125.77 125.32 124.71 123.94 123.05 122.16 121.33 120.57 119.89 119.31
115.88 117.44 119.25 121.27 123.45 125.75 128.13 130.52 132.84 135.02 137.02 138.81 140.35 141.60 142.39 142.24 141.13 139.15 136.37 132.89 128.80 124.34 119.74 115.12 110.53 106.04 101.72 97.64 93.85 90.43 87.44 84.98 83.11 81.83 81.13 81.02 81.48 82.49 83.85 85.48 87.36 89.48 91.81 94.34 96.97 99.57 102.09 104.52 106.86 109.11 111.26 113.31 115.25 117.09 118.80 120.35 121.72 122.90 123.87 124.64 125.17 125.51 125.66 125.63 125.41 125.00 124.39 123.64 122.83 122.06 121.31 120.61 119.96 119.37
116.50 118.37 120.45 122.71 125.10 127.57 130.08 132.59 135.03 137.33 139.40 141.21 142.72 143.91 144.57 144.28 143.00 140.82 137.82 134.10 129.89 125.47 120.94 116.35 111.78 107.29 102.94 98.81 94.95 91.43 88.32 85.68 83.61 82.15 81.30 81.05 81.40 82.32 83.62 85.19 87.02 89.09 91.39 93.83 96.26 98.64 100.95 103.21 105.39 107.51 109.56 111.53 113.43 115.24 116.96 118.58 120.04 121.35 122.47 123.41 124.14 124.67 124.97 125.06 124.92 124.57 124.02 123.39 122.74 122.09 121.43 120.79 120.18 119.59
117.23 119.37 121.69 124.15 126.71 129.32 131.93 134.50 136.99 139.35 141.47 143.28 144.75 145.84 146.37 145.92 144.45 142.04 138.81 134.99 130.87 126.54 122.08 117.54 112.99 108.51 104.15 99.97 96.06 92.46 89.24 86.48 84.24 82.59 81.57 81.17 81.41 82.23 83.44 84.94 86.71 88.73 90.92 93.13 95.31 97.47 99.58 101.67 103.71 105.70 107.65 109.55 111.40 113.19 114.92 116.58 118.15 119.59 120.87 122.00 122.94 123.66 124.14 124.36 124.32 124.06 123.68 123.25 122.76 122.24 121.69 121.12 120.54 119.97
118.04 120.42 122.94 125.57 128.26 130.96 133.64 136.24 138.73 141.06 143.17 144.96 146.37 147.35 147.73 147.09 145.41 142.79 139.47 135.77 131.77 127.55 123.16 118.69 114.18 109.72 105.35 101.15 97.18 93.52 90.21 87.33 84.95 83.13 81.93 81.39 81.49 82.21 83.32 84.74 86.44 88.33 90.27 92.21 94.15 96.08 98.01 99.92 101.82 103.70 105.56 107.39 109.19 110.96 112.70 114.39 116.04 117.62 119.08 120.40 121.57 122.50 123.16 123.52 123.63 123.58 123.44 123.20 122.89 122.51 122.07 121.58 121.05 120.49
118.90 121.48 124.17 126.93 129.71 132.48 135.18 137.78 140.23 142.48 144.50 146.22 147.54 148.39 148.60 147.76 145.86 143.17 140.00 136.46 132.60 128.49 124.20 119.80 115.35 110.91 106.55 102.34 98.33 94.61 91.22 88.24 85.74 83.77 82.40 81.70 81.66 82.26 83.27 84.59 86.14 87.76 89.41 91.09 92.79 94.51 96.24 97.99 99.75 101.52 103.29 105.05 106.82 108.57 110.32 112.05 113.77 115.46 117.10 118.63 120.03 121.19 122.04 122.59 122.95 123.17 123.26 123.24 123.10 122.87 122.55 122.14 121.67 121.14
119.77 122.51 125.33 128.18 131.03 133.82 136.52 139.08 141.45 143.60 145.47 147.02 148.20 148.90 148.91 147.87 145.93 143.42 140.44 137.06 133.35 129.38 125.19 120.88 116.49 112.09 107.75 103.53 99.51 95.74 92.28 89.22 86.60 84.50 82.98 82.10 81.91 82.38 83.28 84.43 85.68 86.99 88.36 89.78 91.24 92.75 94.30 95.90 97.52 99.18 100.86 102.57 104.30 106.04 107.81 109.58 111.36 113.14 114.93 116.67 118.32 119.72 120.80 121.65 122.32 122.82 123.16 123.35 123.40 123.32 123.12 122.82 122.41 121.90
120.62 123.49 126.40 129.32 132.19 134.97 137.63 140.11 142.37 144.36 146.06 147.39 148.34 148.83 148.65 147.58 145.84 143.56 140.78 137.59 134.04 130.21 126.14 121.92 117.61 113.26 108.95 104.75 100.71 96.90 93.39 90.25 87.53 85.31 83.64 82.61 82.25 82.58 83.28 84.12 85.04 86.05 87.13 88.30 89.53 90.84 92.21 93.65 95.14 96.69 98.30 99.95 101.65 103.39 105.17 106.99 108.84 110.72 112.63 114.55 116.45 118.13 119.54 120.73 121.72 122.51 123.10 123.52 123.76 123.85 123.78 123.58 123.24 122.78
121.36 124.32 127.29 130.24 133.10 135.84 138.42 140.79 142.90 144.72 146.20 147.29 147.95 148.15 147.90 147.06 145.59 143.55 141.00 138.01 134.64 130.95 127.02 122.92 118.69 114.41 110.15 105.97 101.93 98.11 94.56 91.35 88.55 86.22 84.43 83.24 82.71 82.76 83.11 83.60 84.20 84.91 85.72 86.64 87.65 88.75 89.95 91.24 92.61 94.06 95.59 97.19 98.87 100.61 102.42 104.29 106.22 108.20 110.23 112.31 114.40 116.41 118.21 119.76 121.07 122.15 123.01 123.66 124.11 124.37 124.44 124.35 124.09 123.68
121.64 124.68 127.70 130.65 133.49 136.17 138.65 140.90 142.85 144.47 145.72 146.55 146.92 146.93 146.68 146.05 144.87 143.11 140.82 138.06 134.90 131.41 127.65 123.69 119.59 115.42 111.24 107.12 103.12 99.31 95.76 92.52 89.68 87.28 85.39 84.08 83.27 82.72 82.56 82.70 82.99 83.41 83.96 84.64 85.44 86.36 87.40 88.55 89.81 91.18 92.65 94.22 95.88 97.64 99.49 101.42 103.44 105.53 107.70 109.90 112.02 114.17 116.32 118.24 119.89 121.29 122.43 123.32 123.99 124.44 124.67 124.70 124.54 124.19
121.36 124.47 127.52 130.47 133.28 135.89 138.28 140.38 142.17 143.59 144.59 145.16 145.35 145.32 145.06 144.48 143.53 142.08 140.09 137.62 134.72 131.47 127.93 124.16 120.23 116.21 112.16 108.15 104.24 100.49 96.98 93.77 90.91 88.49 86.56 85.04 83.71 82.52 81.72 81.40 81.38 81.54 81.85 82.31 82.92 83.68 84.57 85.61 86.77 88.07 89.50 91.05 92.73 94.52 96.42 98.44 100.56 102.79 105.07 107.25 109.32 111.44 113.73 115.99 118.00 119.72 121.16 122.33 123.23 123.89 124.29 124.47 124.42 124.16
120.60 123.77 126.85 129.79 132.56 135.10 137.37 139.33 140.94 142.14 142.91 143.31 143.46 143.40 143.13 142.54 141.66 140.46 138.81 136.67 134.08 131.11 127.83 124.30 120.60 116.77 112.90 109.04 105.26 101.63 98.21 95.06 92.25 89.85 87.79 85.87 83.99 82.19 80.80 79.93 79.52 79.41 79.50 79.76 80.20 80.81 81.58 82.51 83.61 84.86 86.26 87.82 89.52 91.36 93.34 95.46 97.71 100.03 102.26 104.35 106.36 108.45 110.71 113.11 115.45 117.52 119.27 120.72 121.88 122.76 123.36 123.70 123.78 123.62
119.44 122.67 125.77 128.70 131.41 133.87 136.02 137.83 139.25 140.24 140.86 141.20 141.31 141.23 140.93 140.34 139.47 138.35 136.98 135.20 132.96 130.32 127.35 124.12 120.68 117.10 113.45 109.79 106.19 102.71 99.42 96.39 93.67 91.23 88.87 86.51 84.14 81.80 79.86 78.48 77.59 77.15 77.03 77.11 77.39 77.87 78.53 79.39 80.43 81.65 83.05 84.62 86.36 88.28 90.35 92.59 94.92 97.16 99.26 101.25 103.20 105.24 107.47 109.85 112.32 114.71 116.80 118.55 119.98 121.10 121.92 122.43 122.67 122.63
117.99 121.26 124.36 127.27 129.93 132.29 134.32 135.97 137.20 138.05 138.60 138.90 138.98 138.86 138.53 137.93 137.06 135.97 134.69 133.20 131.35 129.10 126.48 123.58 120.45 117.17 113.78 110.37 107.00 103.73 100.62 97.74 95.07 92.43 89.75 87.02 84.20 81.37 78.94 77.10 75.78 74.95 74.55 74.46 74.61 74.97 75.55 76.34 77.35 78.56 79.97 81.58 83.39 85.39 87.57 89.88 92.10 94.16 96.12 98.01 99.89 101.89 104.09 106.43 108.88 111.39 113.79 115.87 117.59 118.97 120.01 120.73 121.14 121.23
116.31 119.62 122.73 125.60 128.19 130.46 132.35 133.84 134.93 135.71 136.22 136.47 136.50 136.34 135.97 135.35 134.48 133.41 132.17 130.79 129.26 127.42 125.21 122.69 119.92 116.97 113.90 110.79 107.68 104.66 101.78 99.03 96.26 93.42 90.48 87.42 84.22 80.94 78.08 75.83 74.13 72.96 72.25 71.95 71.97 72.24 72.75 73.50 74.48 75.69 77.14 78.80 80.69 82.80 85.04 87.20 89.20 91.09 92.90 94.69 96.50 98.46 100.60 102.91 105.33 107.82 110.34 112.72 114.75 116.41 117.71 118.64 119.23 119.48
114.50 117.84 120.94 123.77 126.29 128.45 130.20 131.56 132.59 133.31 133.76 133.96 133.94 133.72 133.31 132.65 131.78 130.73 129.52 128.19 126.78 125.28 123.51 121.42 119.05 116.49 113.79 111.01 108.23 105.50 102.83 100.09 97.24 94.26 91.11 87.77 84.23 80.57 77.32 74.71 72.69 71.22 70.24 69.71 69.58 69.77 70.23 70.96 71.94 73.18 74.67 76.41 78.40 80.55 82.62 84.52 86.30 88.00 89.66 91.34 93.08 94.98 97.09 99.35 101.73 104.20 106.70 109.20 111.52 113.48 115.04 116.21 117.01 117.43
112.65 116.00 119.09 121.88 124.31 126.35 127.99 129.28 130.24 130.90 131.29 131.43 131.34 131.06 130.59 129.91 129.02 127.97 126.79 125.51 124.17 122.80 121.38 119.76 117.85 115.72 113.42 111.04 108.62 106.18 103.63 100.93 98.04 94.96 91.65 88.10 84.28 80.28 76.70 73.79 71.50 69.78 68.59 67.88 67.60 67.70 68.13 68.84 69.84 71.13 72.69 74.52 76.54 78.47 80.24 81.88 83.43 84.94 86.46 88.02 89.69 91.54 93.59 95.81 98.15 100.59 103.06 105.54 107.98 110.21 112.06 113.49 114.51 115.13
110.84 114.20 117.27 119.99 122.34 124.28 125.84 127.05 127.94 128.53 128.85 128.91 128.76 128.42 127.88 127.15 126.24 125.19 124.03 122.79 121.51 120.22 118.96 117.71 116.29 114.64 112.80 110.84 108.79 106.59 104.19 101.57 98.71 95.58 92.17 88.45 84.40 80.12 76.26 73.10 70.59 68.68 67.33 66.48 66.10 66.14 66.54 67.27 68.30 69.65 71.29 73.14 74.92 76.51 77.97 79.34 80.66 81.98 83.34 84.79 86.38 88.17 90.17 92.34 94.65 97.04 99.49 101.94 104.37 106.71 108.82 110.52 111.78 112.62
109.29 112.52 115.55 118.21 120.47 122.32 123.80 124.93 125.74 126.25 126.49 126.48 126.25 125.83 125.23 124.44 123.50 122.44 121.29 120.08 118.86 117.65 116.48 115.40 114.38 113.24 111.90 110.40 108.69 106.75 104.54 102.06 99.27 96.16 92.69 88.86 84.63 80.12 76.04 72.68 70.01 67.96 66.50 65.58 65.15 65.16 65.57 66.34 67.43 68.85 70.50 72.08 73.47 74.72 75.87 76.96 78.05 79.17 80.38 81.71 83.21 84.94 86.89 89.01 91.27 93.62 96.03 98.46 100.86 103.19 105.41 107.37 108.89 110.03
108.41 111.17 114.04 116.62 118.78 120.54 121.93 122.97 123.69 124.11 124.27 124.17 123.86 123.36 122.68 121.84 120.86 119.78 118.63 117.45 116.27 115.12 114.05 113.07 112.23 111.51 110.70 109.65 108.32 106.69 104.74 102.44 99.78 96.73 93.27 89.37 85.02 80.33 76.08 72.58 69.79 67.66 66.14 65.20 64.77 64.82 65.29 66.15 67.34 68.75 70.10 71.25 72.25 73.15 73.98 74.80 75.65 76.58 77.62 78.83 80.25 81.91 83.80 85.86 88.07 90.38 92.76 95.15 97.52 99.83 102.04 104.10 105.94 107.76
108.32 110.54 112.90 115.26 117.32 118.99 120.28 121.22 121.85 122.18 122.24 122.05 121.65 121.05 120.29 119.38 118.36 117.25 116.10 114.94 113.80 112.71 111.71 110.84 110.12 109.59 109.18 108.61 107.71 106.45 104.80 102.75 100.27 97.33 93.93 90.02 85.60 80.79 76.42 72.83 69.98 67.82 66.30 65.38 65.01 65.15 65.74 66.73 67.98 69.11 69.99 70.71 71.32 71.86 72.38 72.92 73.52 74.24 75.12 76.21 77.54 79.13 80.95 82.96 85.12 87.39 89.72 92.07 94.42 96.70 98.89 101.01 103.37 106.08
109.03 110.71 112.47 114.32 116.16 117.72 118.90 119.74 120.26 120.49 120.45 120.16 119.66 118.97 118.11 117.13 116.05 114.91 113.75 112.60 111.49 110.45 109.53 108.75 108.16 107.77 107.53 107.34 106.92 106.07 104.79 103.03 100.78 98.01 94.72 90.86 86.42 81.54 77.10 73.47 70.62 68.48 67.01 66.17 65.91 66.19 66.94 68.02 69.02 69.75 70.23 70.52 70.73 70.91 71.10 71.36 71.72 72.24 72.95 73.90 75.14 76.66 78.42 80.37 82.47 84.69 86.97 89.29 91.60 93.85 96.08 98.59 101.57 104.97
110.47 111.63 112.83 114.10 115.44 116.78 117.85 118.58 118.99 119.11 118.95 118.56 117.95 117.16 116.20 115.13 113.99 112.82 111.64 110.49 109.40 108.41 107.55 106.88 106.44 106.19 106.07 106.04 105.98 105.60 104.72 103.31 101.35 98.81 95.67 91.91 87.51 82.61 78.16 74.55 71.74 69.67 68.31 67.61 67.51 67.97 68.83 69.65 70.26 70.63 70.78 70.71 70.53 70.35 70.22 70.19 70.31 70.61 71.15 71.98 73.12 74.56 76.25 78.14 80.18 82.34 84.58 86.85 89.12 91.41 94.00 97.08 100.61 104.50
112.57 113.25 113.94 114.68 115.47 116.33 117.18 117.78 118.08 118.08 117.81 117.30 116.58 115.67 114.60 113.45 112.24 111.02 109.81 108.65 107.58 106.63 105.87 105.36 105.07 104.96 104.96 105.03 105.11 105.09 104.66 103.65 102.03 99.76 96.84 93.23 88.91 84.05 79.64 76.10 73.39 71.45 70.25 69.73 69.85 70.42 71.02 71.44 71.68 71.72 71.59 71.27 70.78 70.24 69.79 69.47 69.33 69.43 69.79 70.48 71.52 72.89 74.50 76.32 78.30 80.40 82.59 84.82 87.10 89.73 92.86 96.46 100.44 104.73
115.27 115.52 115.76 116.01 116.30 116.63 117.03 117.41 117.58 117.45 117.06 116.43 115.59 114.56 113.38 112.13 110.84 109.56 108.32 107.15 106.09 105.22 104.62 104.29 104.16 104.18 104.31 104.47 104.63 104.73 104.64 104.08 102.84 100.91 98.25 94.85 90.67 85.90 81.59 78.17 75.60 73.85 72.86 72.57 72.82 73.15 73.33 73.37 73.26 73.01 72.62 72.09 71.42 70.63 69.86 69.25 68.86 68.73 68.92 69.47 70.41 71.70 73.23 74.98 76.89 78.93 81.07 83.30 85.90 89.03 92.64 96.66 101.00 105.60
118.53 118.40 118.24 118.07 117.90 117.75 117.65 117.61 117.55 117.29 116.77 116.01 115.04 113.88 112.57 111.22 109.85 108.51 107.23 106.04 105.04 104.35 103.95 103.79 103.81 103.97 104.21 104.48 104.71 104.86 104.88 104.64 103.84 102.29 99.95 96.81 92.83 88.20 84.03 80.79 78.43 76.91 76.17 76.04 76.03 75.93 75.72 75.40 74.99 74.47 73.86 73.15 72.34 71.45 70.48 69.59 68.94 68.60 68.60 69.01 69.85 71.04 72.50 74.17 76.01 77.99 80.12 82.64 85.71 89.28 93.28 97.62 102.23 107.05
122.31 121.86 121.35 120.80 120.23 119.66 119.11 118.59 118.12 117.64 116.98 116.08 114.97 113.68 112.25 110.78 109.32 107.91 106.58 105.44 104.63 104.15 103.94 103.96 104.14 104.43 104.79 105.14 105.46 105.67 105.72 105.56 105.08 103.95 101.98 99.15 95.42 90.99 87.01 84.00 81.90 80.66 80.10 79.70 79.26 78.75 78.17 77.54 76.85 76.10 75.29 74.44 73.53 72.57 71.56 70.52 69.63 69.07 68.89 69.15 69.88 70.99 72.36 73.95 75.72 77.69 80.07 83.03 86.51 90.42 94.71 99.28 104.08 109.01
126.57 125.85 125.04 124.17 123.26 122.31 121.36 120.42 119.50 118.63 117.75 116.71 115.45 114.01 112.44 110.85 109.30 107.81 106.52 105.58 105.00 104.73 104.72 104.90 105.24 105.67 106.13 106.59 106.97 107.24 107.32 107.18 106.76 105.93 104.38 101.91 98.48 94.30 90.58 87.84 86.05 85.00 84.17 83.33 82.47 81.58 80.68 79.76 78.82 77.87 76.90 75.93 74.94 73.95 72.96 71.96 70.98 70.21 69.84 69.95 70.57 71.58 72.87 74.38 76.12 78.32 81.11 84.44 88.23 92.40 96.88 101.59 106.47 111.44
