data_processed/recharge/precip/Precip_2004_10.asc
ncols        168
nrows        136
xllcorner    455000
yllcorner    2107000
cellsize     500
NODATA_value     -99999
[rows 68 to 101 of 136, columns 0 to 76 of 168]
67.33 68.01 68.73 69.48 70.25 71.02 71.80 72.56 73.31 74.03 74.73 75.46 76.18 76.86 77.47 78.00 78.45 78.78 79.00 79.07 79.00 78.76 78.35 77.74 77.10 76.61 76.29 76.10 76.04 76.07 76.18 76.34 76.54 76.74 76.93 77.09 77.24 77.45 77.66 77.78 77.82 77.78 77.68 77.51 77.29 77.03 76.73 76.39 76.04 75.67 75.25 74.76 74.20 73.58 72.89 72.16 71.39 70.58 69.75 68.90 68.03 67.17 66.30 65.44 64.59 63.76 62.95 62.19 61.49 60.87 60.34 59.91 59.60 59.42 59.40 59.54 59.87
68.01 68.71 69.44 70.19 70.95 71.71 72.46 73.20 73.91 74.61 75.34 76.13 76.96 77.77 78.50 79.16 79.71 80.15 80.46 80.63 80.64 80.48 80.13 79.58 78.97 78.49 78.14 77.89 77.73 77.62 77.56 77.51 77.46 77.38 77.25 77.10 77.03 77.08 77.25 77.40 77.48 77.47 77.40 77.26 77.07 76.82 76.54 76.22 75.88 75.51 75.11 74.62 74.07 73.45 72.78 72.06 71.29 70.50 69.68 68.84 67.98 67.13 66.27 65.43 64.61 63.81 63.04 62.31 61.64 61.04 60.53 60.13 59.84 59.68 59.67 59.82 60.16
68.75 69.45 70.18 70.92 71.66 72.40 73.12 73.82 74.50 75.23 76.01 76.85 77.73 78.63 79.50 80.28 80.95 81.50 81.91 82.17 82.27 82.18 81.91 81.43 80.87 80.40 80.02 79.71 79.45 79.21 78.98 78.72 78.43 78.07 77.68 77.34 77.10 76.98 76.99 77.10 77.20 77.23 77.18 77.06 76.89 76.66 76.39 76.08 75.74 75.38 74.98 74.50 73.95 73.33 72.66 71.95 71.19 70.40 69.58 68.75 67.91 67.06 66.21 65.38 64.58 63.81 63.07 62.38 61.74 61.17 60.68 60.30 60.03 59.89 59.90 60.07 60.41
69.53 70.23 70.94 71.66 72.38 73.08 73.76 74.43 75.14 75.91 76.74 77.62 78.53 79.48 80.44 81.34 82.13 82.79 83.31 83.67 83.86 83.86 83.66 83.25 82.75 82.29 81.90 81.53 81.18 80.81 80.42 79.96 79.43 78.85 78.29 77.82 77.44 77.16 76.99 76.95 77.00 77.04 77.01 76.92 76.76 76.54 76.28 75.98 75.64 75.28 74.87 74.39 73.84 73.22 72.55 71.84 71.08 70.29 69.48 68.65 67.80 66.95 66.11 65.29 64.50 63.74 63.04 62.38 61.77 61.23 60.78 60.42 60.18 60.06 60.09 60.27 60.63
70.35 71.04 71.73 72.41 73.09 73.74 74.39 75.08 75.84 76.66 77.52 78.42 79.37 80.33 81.32 82.31 83.23 84.01 84.64 85.10 85.39 85.48 85.37 85.03 84.58 84.15 83.74 83.33 82.89 82.40 81.84 81.19 80.47 79.76 79.11 78.53 78.02 77.59 77.26 77.04 76.94 76.93 76.91 76.83 76.68 76.47 76.21 75.91 75.57 75.20 74.79 74.30 73.74 73.12 72.45 71.73 70.97 70.18 69.36 68.52 67.67 66.82 65.98 65.17 64.38 63.63 62.94 62.32 61.75 61.24 60.82 60.49 60.28 60.18 60.23 60.44 60.81
71.20 71.86 72.51 73.16 73.78 74.40 75.07 75.81 76.60 77.45 78.34 79.27 80.23 81.21 82.21 83.22 84.22 85.12 85.87 86.44 86.83 87.02 86.99 86.74 86.35 85.95 85.53 85.07 84.55 83.94 83.23 82.43 81.62 80.84 80.11 79.42 78.80 78.25 77.78 77.40 77.12 76.95 76.88 76.80 76.65 76.45 76.19 75.88 75.54 75.16 74.74 74.24 73.67 73.04 72.36 71.63 70.86 70.06 69.23 68.38 67.52 66.67 65.83 65.01 64.23 63.49 62.81 62.19 61.65 61.19 60.80 60.50 60.32 60.25 60.33 60.56 60.95
72.07 72.68 73.29 73.88 74.47 75.11 75.82 76.59 77.41 78.29 79.20 80.15 81.12 82.11 83.11 84.12 85.13 86.10 86.97 87.66 88.16 88.45 88.51 88.34 88.02 87.65 87.23 86.73 86.13 85.41 84.59 83.73 82.89 82.05 81.25 80.48 79.76 79.10 78.50 77.98 77.55 77.21 76.98 76.84 76.69 76.48 76.22 75.91 75.55 75.16 74.72 74.20 73.62 72.97 72.28 71.53 70.75 69.93 69.09 68.22 67.36 66.49 65.65 64.82 64.04 63.31 62.63 62.03 61.50 61.07 60.71 60.45 60.30 60.27 60.37 60.62 61.03
72.94 73.51 74.06 74.61 75.21 75.89 76.63 77.43 78.27 79.17 80.09 81.05 82.03 83.02 84.02 85.02 86.01 86.98 87.92 88.73 89.34 89.73 89.90 89.82 89.57 89.24 88.81 88.28 87.61 86.82 85.97 85.11 84.24 83.37 82.52 81.68 80.88 80.12 79.42 78.77 78.20 77.71 77.31 77.01 76.79 76.57 76.30 75.97 75.60 75.19 74.73 74.19 73.59 72.93 72.21 71.45 70.65 69.80 68.94 68.06 67.17 66.30 65.44 64.62 63.83 63.09 62.42 61.82 61.30 60.88 60.56 60.34 60.22 60.22 60.35 60.63 61.07
73.81 74.32 74.83 75.39 76.02 76.73 77.49 78.31 79.18 80.08 81.02 81.98 82.95 83.94 84.92 85.91 86.88 87.83 88.75 89.62 90.34 90.85 91.12 91.14 90.96 90.67 90.26 89.69 88.99 88.21 87.39 86.53 85.66 84.77 83.88 83.00 82.13 81.29 80.49 79.74 79.04 78.41 77.86 77.39 77.02 76.73 76.44 76.10 75.70 75.27 74.78 74.22 73.60 72.91 72.17 71.38 70.54 69.67 68.78 67.88 66.98 66.09 65.22 64.38 63.59 62.85 62.18 61.58 61.06 60.65 60.34 60.15 60.07 60.11 60.27 60.59 61.05
74.67 75.13 75.65 76.24 76.90 77.63 78.41 79.25 80.12 81.03 81.96 82.92 83.88 84.85 85.82 86.78 87.72 88.64 89.53 90.38 91.16 91.77 92.15 92.27 92.18 91.94 91.53 90.97 90.32 89.59 88.81 87.98 87.11 86.22 85.31 84.39 83.48 82.58 81.70 80.85 80.05 79.30 78.61 77.99 77.45 77.01 76.64 76.27 75.86 75.39 74.88 74.29 73.63 72.92 72.14 71.31 70.44 69.54 68.63 67.70 66.78 65.87 64.98 64.13 63.33 62.58 61.90 61.30 60.79 60.38 60.08 59.90 59.85 59.93 60.13 60.48 60.96
75.53 76.00 76.54 77.16 77.84 78.59 79.38 80.22 81.09 82.00 82.93 83.87 84.82 85.77 86.71 87.64 88.55 89.42 90.27 91.07 91.81 92.48 92.97 93.19 93.19 93.00 92.64 92.16 91.58 90.93 90.20 89.42 88.58 87.70 86.78 85.85 84.91 83.96 83.02 82.09 81.20 80.34 79.53 78.78 78.09 77.48 76.96 76.51 76.06 75.57 75.02 74.39 73.70 72.94 72.12 71.26 70.35 69.42 68.47 67.52 66.57 65.64 64.73 63.87 63.05 62.29 61.60 61.00 60.48 60.07 59.77 59.60 59.56 59.67 59.91 60.30 60.82
76.45 76.94 77.51 78.15 78.84 79.59 80.39 81.23 82.10 82.99 83.90 84.83 85.75 86.67 87.58 88.47 89.34 90.17 90.96 91.70 92.39 93.01 93.55 93.88 93.97 93.86 93.61 93.24 92.77 92.20 91.55 90.82 90.03 89.17 88.27 87.34 86.38 85.40 84.42 83.43 82.46 81.52 80.60 79.73 78.91 78.15 77.46 76.86 76.33 75.79 75.20 74.54 73.80 72.99 72.13 71.22 70.27 69.30 68.32 67.34 66.36 65.40 64.47 63.59 62.75 61.98 61.28 60.66 60.14 59.73 59.43 59.26 59.23 59.35 59.62 60.04 60.60
77.45 77.96 78.54 79.19 79.89 80.64 81.43 82.26 83.12 84.00 84.89 85.78 86.68 87.56 88.43 89.28 90.09 90.87 91.60 92.28 92.90 93.45 93.93 94.30 94.50 94.54 94.44 94.20 93.85 93.39 92.82 92.17 91.43 90.62 89.75 88.83 87.87 86.88 85.87 84.84 83.81 82.79 81.79 80.81 79.88 78.99 78.15 77.39 76.70 76.08 75.44 74.72 73.92 73.06 72.15 71.20 70.21 69.20 68.18 67.16 66.15 65.16 64.21 63.30 62.44 61.65 60.93 60.31 59.78 59.36 59.05 58.88 58.85 58.98 59.26 59.71 60.30
78.37 78.89 79.48 80.13 80.83 81.58 82.36 83.17 84.01 84.87 85.73 86.59 87.45 88.29 89.12 89.91 90.67 91.39 92.05 92.66 93.21 93.68 94.08 94.42 94.74 94.95 95.01 94.93 94.71 94.37 93.91 93.34 92.68 91.94 91.12 90.23 89.29 88.30 87.27 86.22 85.15 84.07 83.00 81.94 80.90 79.89 78.93 78.02 77.17 76.41 75.69 74.91 74.06 73.15 72.18 71.18 70.14 69.09 68.03 66.97 65.93 64.91 63.92 62.98 62.10 61.29 60.56 59.92 59.37 58.94 58.63 58.46 58.43 58.55 58.84 59.31 59.90
78.84 79.37 79.97 80.62 81.32 82.06 82.83 83.63 84.44 85.27 86.10 86.93 87.75 88.55 89.32 90.07 90.77 91.42 92.02 92.56 93.03 93.42 93.77 94.14 94.53 94.88 95.12 95.21 95.14 94.94 94.60 94.15 93.59 92.92 92.16 91.33 90.42 89.45 88.43 87.37 86.28 85.17 84.04 82.91 81.79 80.69 79.62 78.58 77.61 76.76 75.95 75.10 74.18 73.21 72.19 71.14 70.05 68.95 67.85 66.75 65.67 64.61 63.60 62.63 61.72 60.89 60.13 59.47 58.91 58.47 58.15 57.97 57.93 58.06 58.35 58.83 59.44
78.82 79.36 79.96 80.61 81.31 82.04 82.80 83.58 84.37 85.17 85.97 86.76 87.54 88.30 89.02 89.71 90.35 90.94 91.47 91.94 92.33 92.68 93.06 93.49 93.94 94.36 94.75 95.02 95.12 95.08 94.89 94.56 94.11 93.55 92.87 92.11 91.25 90.33 89.33 88.28 87.19 86.05 84.90 83.72 82.54 81.36 80.19 79.07 78.04 77.12 76.22 75.28 74.30 73.26 72.19 71.07 69.94 68.79 67.64 66.50 65.38 64.28 63.23 62.23 61.30 60.44 59.66 58.98 58.40 57.94 57.61 57.42 57.38 57.50 57.80 58.30 58.92
78.40 78.90 79.49 80.14 80.83 81.55 82.30 83.06 83.83 84.60 85.37 86.12 86.85 87.56 88.23 88.86 89.45 89.97 90.43 90.83 91.18 91.57 92.02 92.51 93.01 93.49 93.95 94.36 94.66 94.79 94.76 94.59 94.27 93.82 93.25 92.58 91.80 90.93 89.98 88.96 87.88 86.75 85.57 84.37 83.14 81.91 80.69 79.54 78.48 77.49 76.51 75.48 74.42 73.31 72.18 71.01 69.82 68.62 67.42 66.23 65.07 63.94 62.85 61.82 60.85 59.96 59.15 58.45 57.85 57.38 57.03 56.83 56.78 56.90 57.21 57.72 58.35
77.66 78.05 78.60 79.24 79.92 80.63 81.35 82.09 82.84 83.58 84.31 85.02 85.71 86.37 86.99 87.57 88.08 88.54 88.93 89.29 89.69 90.17 90.69 91.23 91.78 92.32 92.83 93.32 93.77 94.09 94.25 94.23 94.07 93.76 93.31 92.74 92.06 91.27 90.38 89.41 88.36 87.25 86.08 84.87 83.62 82.37 81.16 80.02 78.93 77.87 76.81 75.71 74.56 73.39 72.18 70.95 69.71 68.45 67.20 65.97 64.76 63.58 62.46 61.39 60.39 59.46 58.63 57.90 57.28 56.79 56.43 56.21 56.15 56.28 56.59 57.10 57.75
76.66 76.93 77.35 77.93 78.59 79.29 80.00 80.71 81.43 82.14 82.83 83.51 84.15 84.76 85.32 85.84 86.29 86.68 87.04 87.46 87.95 88.50 89.09 89.69 90.29 90.88 91.45 92.00 92.52 92.99 93.34 93.52 93.52 93.37 93.06 92.62 92.05 91.36 90.55 89.65 88.66 87.58 86.44 85.23 84.00 82.80 81.63 80.49 79.38 78.27 77.14 75.96 74.74 73.49 72.21 70.92 69.62 68.31 67.00 65.72 64.46 63.24 62.07 60.96 59.92 58.97 58.11 57.35 56.70 56.19 55.81 55.58 55.51 55.63 55.94 56.46 57.12
75.42 75.58 75.87 76.30 76.89 77.56 78.25 78.95 79.63 80.31 80.97 81.60 82.19 82.75 83.26 83.71 84.10 84.46 84.89 85.41 85.98 86.61 87.26 87.92 88.57 89.21 89.83 90.43 91.01 91.56 92.07 92.44 92.64 92.66 92.52 92.22 91.78 91.20 90.50 89.68 88.76 87.74 86.64 85.49 84.35 83.22 82.09 80.97 79.84 78.68 77.48 76.24 74.95 73.63 72.29 70.93 69.56 68.19 66.83 65.49 64.19 62.92 61.71 60.56 59.48 58.49 57.59 56.80 56.13 55.59 55.19 54.94 54.87 54.98 55.29 55.81 56.47
73.99 74.04 74.19 74.47 74.91 75.49 76.15 76.82 77.48 78.12 78.73 79.32 79.87 80.37 80.82 81.21 81.58 82.02 82.55 83.16 83.83 84.53 85.25 85.96 86.66 87.35 88.02 88.67 89.31 89.92 90.50 91.03 91.43 91.65 91.68 91.55 91.26 90.82 90.23 89.52 88.69 87.75 86.74 85.71 84.68 83.63 82.55 81.45 80.30 79.11 77.85 76.54 75.20 73.81 72.41 70.98 69.55 68.13 66.71 65.31 63.95 62.64 61.38 60.18 59.06 58.03 57.10 56.28 55.58 55.01 54.58 54.32 54.23 54.33 54.63 55.15 55.82
72.40 72.34 72.36 72.50 72.76 73.17 73.73 74.36 74.98 75.59 76.16 76.70 77.20 77.65 78.04 78.41 78.87 79.42 80.06 80.77 81.52 82.29 83.07 83.84 84.58 85.32 86.04 86.74 87.43 88.10 88.74 89.35 89.91 90.33 90.57 90.62 90.50 90.21 89.77 89.18 88.46 87.65 86.79 85.91 84.99 84.03 83.01 81.93 80.78 79.55 78.24 76.88 75.47 74.03 72.57 71.09 69.60 68.12 66.64 65.19 63.77 62.41 61.10 59.85 58.69 57.62 56.65 55.79 55.06 54.46 54.00 53.72 53.61 53.70 53.99 54.51 55.17
70.69 70.53 70.42 70.40 70.49 70.71 71.08 71.60 72.19 72.75 73.29 73.78 74.22 74.62 74.99 75.46 76.04 76.71 77.45 78.25 79.09 79.93 80.77 81.59 82.38 83.16 83.93 84.69 85.43 86.15 86.84 87.51 88.15 88.74 89.19 89.44 89.51 89.39 89.11 88.67 88.11 87.48 86.81 86.08 85.29 84.42 83.47 82.42 81.27 80.00 78.65 77.23 75.78 74.29 72.78 71.25 69.71 68.17 66.64 65.14 63.66 62.24 60.88 59.59 58.38 57.27 56.25 55.35 54.58 53.94 53.46 53.15 53.02 53.09 53.38 53.89 54.55
68.90 68.63 68.40 68.23 68.16 68.19 68.35 68.66 69.12 69.64 70.13 70.57 70.97 71.35 71.83 72.43 73.13 73.91 74.76 75.65 76.57 77.49 78.39 79.25 80.08 80.91 81.73 82.53 83.32 84.09 84.85 85.57 86.27 86.94 87.55 88.02 88.30 88.38 88.27 88.02 87.69 87.29 86.81 86.24 85.58 84.81 83.92 82.91 81.76 80.47 79.07 77.62 76.12 74.59 73.03 71.46 69.87 68.29 66.72 65.16 63.63 62.16 60.74 59.40 58.14 56.98 55.92 54.97 54.15 53.48 52.96 52.62 52.47 52.53 52.80 53.30 53.95
67.06 66.68 66.33 66.02 65.78 65.63 65.58 65.67 65.90 66.29 66.72 67.11 67.50 67.99 68.62 69.35 70.18 71.07 72.02 73.01 74.00 74.99 75.95 76.86 77.73 78.60 79.46 80.31 81.15 81.98 82.78 83.56 84.32 85.05 85.75 86.39 86.88 87.17 87.29 87.31 87.23 87.06 86.78 86.38 85.85 85.18 84.37 83.40 82.27 80.96 79.53 78.04 76.50 74.93 73.33 71.72 70.10 68.47 66.86 65.26 63.69 62.16 60.69 59.29 57.98 56.76 55.65 54.65 53.79 53.08 52.53 52.16 51.98 52.01 52.26 52.75 53.39
65.20 64.73 64.25 63.81 63.40 63.06 62.82 62.67 62.66 62.80 63.10 63.48 63.99 64.63 65.40 66.26 67.21 68.22 69.27 70.34 71.41 72.47 73.48 74.44 75.36 76.26 77.17 78.07 78.96 79.83 80.69 81.52 82.34 83.12 83.88 84.60 85.27 85.81 86.24 86.55 86.74 86.80 86.72 86.50 86.11 85.55 84.82 83.90 82.78 81.47 80.00 78.48 76.91 75.31 73.68 72.03 70.38 68.72 67.07 65.44 63.84 62.27 60.75 59.29 57.92 56.64 55.46 54.42 53.51 52.75 52.16 51.76 51.55 51.56 51.79 52.26 52.89
63.36 62.79 62.21 61.62 61.06 60.54 60.09 59.72 59.47 59.35 59.43 59.84 60.50 61.30 62.20 63.20 64.27 65.39 66.54 67.70 68.85 69.97 71.04 72.04 72.99 73.94 74.89 75.83 76.76 77.69 78.59 79.48 80.35 81.19 82.01 82.79 83.57 84.38 85.14 85.75 86.21 86.51 86.65 86.60 86.36 85.92 85.27 84.41 83.31 81.99 80.50 78.95 77.36 75.73 74.07 72.40 70.72 69.03 67.36 65.70 64.07 62.47 60.91 59.39 57.95 56.60 55.37 54.27 53.31 52.51 51.88 51.44 51.20 51.18 51.39 51.84 52.45
61.59 60.93 60.22 59.50 58.78 58.08 57.43 56.85 56.36 56.03 56.01 56.37 57.09 58.03 59.07 60.20 61.39 62.62 63.86 65.11 66.33 67.52 68.64 69.68 70.67 71.66 72.65 73.63 74.61 75.58 76.54 77.48 78.40 79.30 80.17 81.05 81.98 82.98 83.99 84.91 85.65 86.20 86.54 86.68 86.59 86.28 85.72 84.92 83.85 82.53 81.02 79.45 77.84 76.19 74.52 72.82 71.12 69.41 67.71 66.03 64.38 62.75 61.15 59.59 58.09 56.68 55.39 54.22 53.21 52.36 51.69 51.21 50.93 50.88 51.07 51.50 52.09
59.91 59.15 58.34 57.48 56.61 55.74 54.89 54.09 53.42 53.02 52.96 53.24 53.88 54.86 56.04 57.30 58.60 59.93 61.27 62.61 63.90 65.15 66.33 67.41 68.44 69.46 70.49 71.51 72.54 73.55 74.55 75.54 76.52 77.47 78.43 79.46 80.56 81.71 82.88 84.03 85.05 85.85 86.42 86.74 86.82 86.63 86.17 85.43 84.41 83.08 81.57 79.99 78.36 76.70 75.01 73.30 71.58 69.85 68.14 66.44 64.76 63.10 61.47 59.88 58.34 56.87 55.52 54.29 53.22 52.32 51.60 51.08 50.76 50.68 50.84 51.24 51.82
58.36 57.52 56.59 55.60 54.58 53.54 52.50 51.54 50.82 50.41 50.30 50.52 51.06 51.95 53.15 54.52 55.94 57.38 58.81 60.23 61.60 62.90 64.13 65.26 66.32 67.38 68.44 69.51 70.57 71.63 72.68 73.71 74.74 75.78 76.89 78.08 79.33 80.61 81.91 83.19 84.42 85.47 86.27 86.79 87.03 86.98 86.62 85.96 84.97 83.66 82.14 80.55 78.91 77.24 75.54 73.82 72.09 70.36 68.64 66.92 65.22 63.53 61.86 60.25 58.68 57.18 55.77 54.49 53.36 52.40 51.63 51.06 50.71 50.59 50.71 51.09 51.64
56.98 56.05 55.02 53.90 52.73 51.52 50.35 49.38 48.67 48.24 48.10 48.25 48.70 49.46 50.54 51.92 53.44 54.98 56.51 58.00 59.45 60.81 62.09 63.25 64.34 65.44 66.54 67.64 68.75 69.85 70.94 72.02 73.13 74.32 75.60 76.94 78.32 79.73 81.13 82.51 83.84 85.07 86.10 86.82 87.23 87.32 87.07 86.49 85.55 84.26 82.73 81.14 79.51 77.83 76.13 74.41 72.68 70.94 69.20 67.47 65.73 64.02 62.33 60.69 59.10 57.58 56.15 54.82 53.63 52.61 51.79 51.17 50.77 50.61 50.70 51.05 51.58
55.80 54.79 53.65 52.41 51.09 49.77 48.62 47.69 47.00 46.57 46.39 46.47 46.83 47.47 48.40 49.64 51.15 52.78 54.40 55.97 57.48 58.91 60.23 61.43 62.56 63.68 64.82 65.96 67.10 68.24 69.38 70.54 71.80 73.15 74.58 76.05 77.56 79.07 80.57 82.02 83.42 84.73 85.91 86.83 87.42 87.66 87.53 87.03 86.14 84.87 83.36 81.77 80.14 78.47 76.77 75.05 73.32 71.58 69.82 68.06 66.30 64.57 62.86 61.20 59.60 58.07 56.62 55.27 54.04 52.96 52.08 51.41 50.97 50.77 50.82 51.14 51.63
54.87 53.77 52.53 51.17 49.77 48.49 47.41 46.53 45.87 45.42 45.21 45.23 45.50 46.02 46.81 47.87 49.22 50.82 52.52 54.17 55.75 57.23 58.60 59.84 60.99 62.14 63.31 64.49 65.67 66.85 68.06 69.38 70.80 72.30 73.86 75.45 77.07 78.67 80.24 81.76 83.21 84.56 85.78 86.84 87.60 87.99 87.98 87.57 86.75 85.51 84.00 82.43 80.80 79.14 77.45 75.74 74.01 72.26 70.48 68.70 66.93 65.18 63.47 61.79 60.18 58.64 57.19 55.83 54.58 53.47 52.53 51.81 51.31 51.07 51.08 51.36 51.82
54.21 53.03 51.70 50.28 48.95 47.77 46.77 45.94 45.30 44.85 44.60 44.56 44.75 45.16 45.81 46.70 47.85 49.26 50.91 52.63 54.27 55.81 57.22 58.49 59.67 60.86 62.06 63.27 64.48 65.74 67.10 68.58 70.14 71.78 73.46 75.16 76.87 78.55 80.19 81.76 83.24 84.60 85.84 86.91 87.78 88.32 88.44 88.13 87.37 86.17 84.68 83.12 81.51 79.87 78.19 76.49 74.74 72.97 71.19 69.40 67.61 65.86 64.13 62.45 60.84 59.29 57.84 56.48 55.23 54.11 53.14 52.36 51.81 51.52 51.49 51.73 52.15
