data_processed/recharge/precip/Precip_1987_05.asc
ncols        168
nrows        136
xllcorner    455000
yllcorner    2107000
cellsize     500
NODATA_value     -99999
[rows 0 to 33 of 136, columns 77 to 153 of 168]
59.55 58.27 56.98 55.69 54.40 53.16 51.96 50.82 49.72 48.68 47.68 46.73 45.83 44.98 44.18 43.43 42.73 42.07 41.47 40.91 40.40 39.93 39.52 39.15 38.83 38.56 38.33 38.15 38.02 37.94 37.90 37.91 37.96 38.06 38.21 38.40 38.64 38.92 39.25 39.63 40.05 40.50 41.01 41.55 42.13 42.75 43.41 44.11 45.00 46.47 48.57 51.27 54.53 58.34 62.64 67.41 72.62 78.21 84.03 89.88 95.72 101.54 107.29 112.98 118.56 124.02 129.34 134.50 139.47 144.23 148.76 153.04 157.04 160.75 164.13 167.17 169.85
59.90 58.62 57.34 56.05 54.76 53.48 52.25 51.06 49.93 48.84 47.81 46.84 45.91 45.03 44.21 43.43 42.71 42.04 41.42 40.84 40.32 39.85 39.43 39.06 38.73 38.46 38.24 38.07 37.94 37.87 37.84 37.86 37.93 38.05 38.22 38.43 38.69 39.01 39.36 39.77 40.22 40.71 41.24 41.82 42.44 43.11 43.81 44.55 45.48 46.97 49.07 51.76 55.00 58.75 62.99 67.68 72.78 78.27 84.09 90.08 96.07 102.00 107.86 113.62 119.26 124.76 130.09 135.24 140.18 144.88 149.34 153.52 157.40 160.96 164.18 167.04 169.51
60.24 58.97 57.69 56.40 55.12 53.84 52.57 51.34 50.17 49.05 47.99 46.98 46.02 45.12 44.27 43.47 42.72 42.03 41.39 40.81 40.28 39.79 39.37 38.99 38.66 38.39 38.17 38.00 37.88 37.81 37.80 37.83 37.92 38.05 38.24 38.48 38.76 39.10 39.48 39.92 40.39 40.92 41.49 42.10 42.76 43.46 44.20 44.99 45.95 47.47 49.58 52.25 55.46 59.16 63.33 67.93 72.93 78.29 83.98 89.96 96.06 102.11 108.07 113.90 119.59 125.12 130.46 135.59 140.49 145.14 149.51 153.59 157.34 160.76 163.81 166.47 168.73
60.57 59.30 58.02 56.75 55.47 54.19 52.92 51.66 50.45 49.30 48.20 47.15 46.17 45.23 44.36 43.54 42.77 42.06 41.40 40.80 40.26 39.77 39.33 38.95 38.62 38.34 38.12 37.95 37.84 37.78 37.77 37.82 37.92 38.07 38.28 38.53 38.84 39.20 39.61 40.07 40.58 41.13 41.74 42.38 43.08 43.81 44.60 45.42 46.42 47.96 50.07 52.73 55.91 59.56 63.66 68.17 73.06 78.30 83.85 89.68 95.74 101.88 107.92 113.82 119.56 125.11 130.45 135.56 140.42 145.00 149.29 153.26 156.88 160.15 163.02 165.49 167.53
60.88 59.62 58.35 57.08 55.81 54.54 53.27 52.01 50.77 49.58 48.44 47.37 46.35 45.39 44.48 43.64 42.85 42.12 41.44 40.83 40.27 39.76 39.32 38.93 38.60 38.32 38.10 37.93 37.82 37.77 37.77 37.83 37.94 38.11 38.33 38.61 38.94 39.32 39.75 40.24 40.77 41.36 41.99 42.67 43.40 44.17 44.99 45.85 46.89 48.45 50.56 53.21 56.35 59.95 63.97 68.40 73.18 78.29 83.70 89.37 95.26 101.34 107.44 113.40 119.18 124.75 130.09 135.17 139.98 144.50 148.69 152.55 156.04 159.14 161.84 164.11 165.92
61.18 59.92 58.66 57.40 56.13 54.87 53.61 52.36 51.12 49.90 48.72 47.61 46.56 45.57 44.64 43.77 42.96 42.20 41.51 40.88 40.30 39.79 39.33 38.94 38.60 38.32 38.09 37.93 37.82 37.78 37.79 37.85 37.98 38.16 38.40 38.69 39.04 39.45 39.90 40.41 40.97 41.58 42.25 42.96 43.72 44.52 45.38 46.28 47.36 48.93 51.05 53.67 56.78 60.32 64.28 68.61 73.29 78.27 83.53 89.03 94.75 100.63 106.65 112.65 118.46 124.04 129.37 134.43 139.19 143.63 147.72 151.46 154.81 157.75 160.26 162.32 163.91
61.47 60.21 58.96 57.70 56.44 55.19 53.94 52.70 51.46 50.24 49.04 47.90 46.81 45.79 44.83 43.93 43.10 42.32 41.61 40.96 40.37 39.84 39.37 38.97 38.62 38.34 38.11 37.95 37.85 37.80 37.82 37.90 38.03 38.23 38.48 38.79 39.16 39.58 40.06 40.59 41.18 41.82 42.51 43.25 44.04 44.88 45.77 46.71 47.81 49.41 51.52 54.13 57.20 60.69 64.57 68.81 73.37 78.23 83.34 88.68 94.21 99.90 105.71 111.60 117.42 123.01 128.32 133.34 138.04 142.40 146.40 150.01 153.21 155.99 158.31 160.16 161.51
61.73 60.49 59.24 57.99 56.74 55.50 54.26 53.02 51.80 50.59 49.39 48.22 47.10 46.04 45.05 44.13 43.27 42.47 41.74 41.07 40.46 39.92 39.44 39.03 38.67 38.38 38.16 37.99 37.89 37.85 37.88 37.96 38.11 38.31 38.58 38.91 39.29 39.73 40.23 40.78 41.39 42.05 42.77 43.54 44.36 45.23 46.16 47.13 48.27 49.88 51.99 54.58 57.61 61.04 64.85 69.00 73.45 78.17 83.14 88.31 93.65 99.14 104.73 110.39 116.08 121.65 126.95 131.92 136.56 140.83 144.72 148.21 151.26 153.86 155.99 157.62 158.73
61.99 60.75 59.51 58.27 57.03 55.79 54.56 53.33 52.12 50.92 49.73 48.56 47.42 46.33 45.31 44.36 43.47 42.65 41.89 41.21 40.58 40.03 39.54 39.11 38.75 38.45 38.22 38.06 37.96 37.92 37.95 38.04 38.19 38.41 38.69 39.03 39.43 39.89 40.40 40.98 41.61 42.29 43.03 43.83 44.68 45.58 46.54 47.55 48.72 50.34 52.45 55.02 58.01 61.38 65.12 69.17 73.51 78.10 82.92 87.92 93.08 98.35 103.72 109.14 114.58 120.00 125.25 130.18 134.75 138.94 142.71 146.06 148.96 151.38 153.31 154.72 155.58
62.22 60.99 59.76 58.52 57.29 56.06 54.84 53.63 52.43 51.24 50.06 48.90 47.76 46.65 45.60 44.62 43.70 42.86 42.08 41.37 40.73 40.16 39.65 39.22 38.85 38.54 38.31 38.14 38.04 38.01 38.04 38.14 38.30 38.52 38.81 39.16 39.58 40.05 40.58 41.18 41.83 42.54 43.30 44.12 45.00 45.93 46.92 47.96 49.16 50.80 52.91 55.45 58.40 61.71 65.37 69.32 73.55 78.01 82.67 87.51 92.48 97.55 102.69 107.87 113.05 118.20 123.27 128.13 132.63 136.72 140.38 143.58 146.32 148.56 150.28 151.46 152.08
62.43 61.21 59.99 58.76 57.54 56.32 55.11 53.91 52.72 51.54 50.38 49.23 48.10 46.99 45.92 44.91 43.97 43.10 42.30 41.57 40.91 40.32 39.80 39.35 38.97 38.66 38.42 38.25 38.15 38.11 38.15 38.25 38.42 38.65 38.95 39.31 39.74 40.22 40.77 41.38 42.05 42.78 43.57 44.42 45.32 46.28 47.30 48.37 49.60 51.25 53.35 55.87 58.77 62.03 65.60 69.46 73.57 77.90 82.41 87.07 91.85 96.72 101.63 106.57 111.49 116.36 121.14 125.80 130.20 134.19 137.73 140.79 143.36 145.41 146.92 147.87 148.23
62.63 61.42 60.20 58.99 57.77 56.57 55.37 54.17 52.99 51.83 50.68 49.54 48.43 47.33 46.26 45.23 44.26 43.36 42.54 41.79 41.11 40.50 39.97 39.51 39.12 38.80 38.55 38.38 38.27 38.24 38.27 38.38 38.55 38.79 39.09 39.47 39.90 40.40 40.97 41.59 42.28 43.03 43.84 44.71 45.64 46.63 47.67 48.77 50.03 51.69 53.78 56.28 59.14 62.33 65.83 69.59 73.58 77.77 82.13 86.62 91.21 95.87 100.55 105.24 109.90 114.48 118.97 123.32 127.50 131.36 134.77 137.68 140.08 141.94 143.23 143.94 144.05
62.80 61.60 60.39 59.19 57.99 56.79 55.60 54.42 53.25 52.10 50.96 49.84 48.74 47.66 46.60 45.58 44.59 43.66 42.81 42.04 41.34 40.71 40.16 39.69 39.29 38.96 38.70 38.52 38.42 38.38 38.42 38.52 38.70 38.94 39.25 39.63 40.08 40.59 41.17 41.81 42.52 43.28 44.11 45.01 45.96 46.97 48.04 49.17 50.45 52.12 54.21 56.68 59.49 62.62 66.03 69.69 73.57 77.62 81.82 86.14 90.54 94.99 99.45 103.89 108.28 112.58 116.77 120.80 124.65 128.26 131.52 134.28 136.50 138.16 139.23 139.70 139.54
62.96 61.76 60.56 59.37 58.18 56.99 55.82 54.65 53.49 52.35 51.23 50.12 49.03 47.97 46.93 45.92 44.93 43.99 43.12 42.32 41.60 40.95 40.38 39.89 39.48 39.14 38.88 38.69 38.58 38.54 38.57 38.68 38.86 39.10 39.42 39.81 40.26 40.79 41.38 42.03 42.75 43.54 44.39 45.30 46.27 47.31 48.40 49.56 50.87 52.55 54.62 57.06 59.83 62.90 66.23 69.78 73.54 77.45 81.50 85.64 89.85 94.08 98.31 102.51 106.63 110.65 114.53 118.24 121.75 125.02 128.01 130.59 132.63 134.08 134.93 135.15 134.72
63.08 61.90 60.71 59.53 58.35 57.18 56.01 54.86 53.71 52.59 51.47 50.38 49.31 48.26 47.24 46.24 45.27 44.34 43.45 42.62 41.88 41.22 40.63 40.12 39.70 39.35 39.07 38.88 38.76 38.72 38.75 38.85 39.03 39.28 39.60 39.99 40.46 40.99 41.59 42.26 42.99 43.79 44.66 45.59 46.58 47.64 48.76 49.94 51.27 52.96 55.03 57.44 60.16 63.16 66.40 69.86 73.49 77.27 81.16 85.12 89.13 93.16 97.15 101.10 104.95 108.69 112.27 115.65 118.82 121.73 124.35 126.64 128.47 129.72 130.33 130.30 129.60
63.19 62.02 60.84 59.67 58.50 57.34 56.19 55.04 53.91 52.80 51.70 50.62 49.57 48.53 47.53 46.55 45.60 44.68 43.79 42.96 42.19 41.51 40.90 40.38 39.94 39.57 39.29 39.09 38.96 38.91 38.94 39.04 39.22 39.47 39.79 40.19 40.66 41.20 41.80 42.48 43.23 44.05 44.93 45.88 46.89 47.97 49.11 50.32 51.67 53.36 55.42 57.80 60.47 63.40 66.56 69.91 73.42 77.06 80.79 84.58 88.39 92.20 95.97 99.66 103.25 106.69 109.97 113.03 115.85 118.40 120.64 122.55 124.06 125.08 125.46 125.17 124.19
63.27 62.11 60.94 59.78 58.63 57.48 56.34 55.21 54.09 52.99 51.91 50.85 49.81 48.79 47.80 46.84 45.90 45.00 44.14 43.31 42.53 41.82 41.20 40.66 40.20 39.82 39.53 39.31 39.18 39.12 39.14 39.24 39.42 39.67 39.99 40.39 40.86 41.41 42.03 42.71 43.47 44.30 45.20 46.16 47.20 48.29 49.46 50.69 52.06 53.76 55.80 58.14 60.77 63.63 66.70 69.95 73.33 76.83 80.40 84.01 87.63 91.22 94.75 98.19 101.51 104.67 107.63 110.37 112.85 115.04 116.90 118.40 119.51 120.19 120.31 119.77 118.69
63.33 62.18 61.02 59.87 58.73 57.60 56.47 55.35 54.25 53.17 52.10 51.05 50.03 49.03 48.05 47.11 46.19 45.31 44.46 43.65 42.88 42.16 41.52 40.96 40.48 40.09 39.78 39.56 39.41 39.35 39.36 39.45 39.63 39.87 40.20 40.60 41.08 41.63 42.25 42.95 43.72 44.56 45.47 46.45 47.50 48.61 49.80 51.05 52.44 54.14 56.16 58.48 61.05 63.84 66.82 69.96 73.22 76.58 79.98 83.41 86.83 90.21 93.51 96.70 99.74 102.61 105.27 107.68 109.81 111.64 113.12 114.22 114.91 115.16 114.93 114.28 113.41
63.36 62.22 61.08 59.94 58.81 57.69 56.58 55.47 54.39 53.32 52.27 51.24 50.23 49.24 48.29 47.36 46.46 45.60 44.77 43.98 43.23 42.52 41.86 41.29 40.79 40.38 40.06 39.82 39.66 39.59 39.59 39.68 39.85 40.09 40.42 40.82 41.29 41.85 42.48 43.18 43.96 44.81 45.73 46.73 47.79 48.93 50.13 51.40 52.81 54.51 56.52 58.80 61.31 64.04 66.93 69.96 73.10 76.30 79.55 82.80 86.02 89.18 92.24 95.17 97.94 100.52 102.86 104.95 106.74 108.20 109.29 109.99 110.27 110.09 109.58 109.03 108.43
63.36 62.23 61.10 59.98 58.86 57.76 56.66 55.57 54.50 53.45 52.41 51.40 50.40 49.44 48.50 47.59 46.71 45.87 45.06 44.29 43.56 42.87 42.22 41.63 41.12 40.69 40.35 40.10 39.93 39.84 39.84 39.92 40.08 40.32 40.64 41.04 41.52 42.08 42.71 43.42 44.20 45.06 46.00 47.00 48.08 49.23 50.45 51.74 53.17 54.87 56.86 59.10 61.57 64.21 67.02 69.94 72.95 76.01 79.09 82.15 85.17 88.11 90.94 93.61 96.11 98.39 100.43 102.18 103.62 104.72 105.43 105.73 105.59 105.14 104.65 104.19 103.76
63.33 62.22 61.10 59.99 58.89 57.80 56.71 55.64 54.59 53.55 52.53 51.53 50.56 49.61 48.69 47.80 46.94 46.12 45.33 44.58 43.87 43.20 42.57 41.99 41.47 41.03 40.67 40.40 40.21 40.11 40.10 40.17 40.32 40.56 40.87 41.27 41.75 42.31 42.94 43.66 44.45 45.31 46.26 47.27 48.36 49.53 50.77 52.08 53.51 55.22 57.19 59.39 61.80 64.38 67.08 69.90 72.77 75.69 78.60 81.48 84.30 87.02 89.61 92.03 94.25 96.24 97.96 99.38 100.47 101.20 101.53 101.43 101.03 100.59 100.18 99.81 99.46
63.28 62.17 61.07 59.98 58.89 57.81 56.74 55.69 54.65 53.63 52.62 51.64 50.69 49.76 48.86 47.98 47.15 46.34 45.57 44.84 44.16 43.51 42.90 42.34 41.83 41.37 41.00 40.71 40.51 40.40 40.37 40.43 40.57 40.80 41.11 41.51 41.98 42.54 43.18 43.89 44.69 45.56 46.51 47.54 48.64 49.82 51.07 52.40 53.85 55.55 57.50 59.67 62.02 64.52 67.13 69.83 72.58 75.35 78.09 80.79 83.40 85.90 88.24 90.41 92.35 94.04 95.45 96.55 97.29 97.64 97.59 97.25 96.86 96.51 96.18 95.88 95.61
63.19 62.10 61.02 59.93 58.86 57.80 56.74 55.71 54.68 53.68 52.69 51.73 50.79 49.88 49.00 48.15 47.33 46.55 45.80 45.09 44.42 43.80 43.21 42.67 42.18 41.73 41.35 41.04 40.82 40.69 40.65 40.70 40.83 41.05 41.36 41.75 42.22 42.77 43.41 44.13 44.93 45.81 46.77 47.80 48.91 50.10 51.37 52.71 54.17 55.87 57.80 59.93 62.22 64.64 67.16 69.75 72.36 74.98 77.56 80.07 82.48 84.75 86.85 88.75 90.42 91.82 92.91 93.67 94.06 94.06 93.77 93.44 93.13 92.86 92.61 92.38 92.19
63.07 62.00 60.93 59.86 58.80 57.75 56.72 55.70 54.69 53.70 52.74 51.79 50.87 49.98 49.12 48.29 47.49 46.73 46.00 45.31 44.67 44.06 43.50 42.98 42.50 42.08 41.70 41.38 41.15 41.00 40.95 40.98 41.10 41.31 41.61 41.99 42.46 43.01 43.65 44.37 45.17 46.05 47.01 48.06 49.18 50.38 51.66 53.01 54.49 56.18 58.08 60.17 62.40 64.75 67.17 69.64 72.12 74.59 77.00 79.32 81.52 83.57 85.43 87.07 88.46 89.55 90.33 90.76 90.80 90.57 90.30 90.05 89.83 89.62 89.45 89.30 89.18
62.92 61.86 60.81 59.76 58.71 57.68 56.66 55.66 54.67 53.70 52.75 51.83 50.93 50.05 49.21 48.40 47.62 46.88 46.18 45.51 44.88 44.30 43.75 43.26 42.80 42.40 42.04 41.73 41.49 41.33 41.25 41.27 41.38 41.58 41.87 42.24 42.71 43.25 43.89 44.60 45.41 46.29 47.26 48.31 49.44 50.64 51.93 53.30 54.78 56.47 58.35 60.39 62.57 64.83 67.16 69.51 71.86 74.17 76.41 78.54 80.54 82.36 83.98 85.35 86.46 87.26 87.72 87.81 87.64 87.43 87.24 87.07 86.92 86.79 86.69 86.61 86.55
62.74 61.70 60.65 59.62 58.59 57.58 56.57 55.59 54.62 53.67 52.74 51.83 50.95 50.10 49.28 48.49 47.73 47.01 46.33 45.68 45.08 44.51 43.99 43.51 43.08 42.69 42.35 42.07 41.83 41.66 41.57 41.57 41.67 41.86 42.13 42.50 42.95 43.49 44.12 44.84 45.64 46.53 47.50 48.55 49.68 50.90 52.20 53.58 55.07 56.75 58.60 60.60 62.71 64.90 67.12 69.36 71.57 73.73 75.80 77.74 79.52 81.12 82.49 83.60 84.42 84.92 85.07 84.97 84.82 84.68 84.57 84.47 84.39 84.34 84.30 84.29 84.30
62.53 61.49 60.47 59.45 58.44 57.44 56.46 55.49 54.54 53.60 52.69 51.81 50.95 50.12 49.32 48.55 47.81 47.11 46.45 45.83 45.24 44.70 44.19 43.74 43.32 42.96 42.64 42.37 42.16 42.00 41.90 41.88 41.96 42.14 42.40 42.76 43.20 43.74 44.36 45.07 45.87 46.76 47.73 48.78 49.92 51.15 52.45 53.84 55.34 57.01 58.84 60.79 62.84 64.94 67.07 69.19 71.26 73.26 75.16 76.91 78.48 79.85 80.97 81.82 82.36 82.56 82.52 82.43 82.36 82.30 82.26 82.24 82.23 82.24 82.27 82.32 82.39
62.27 61.26 60.25 59.25 58.25 57.27 56.31 55.36 54.42 53.51 52.62 51.75 50.92 50.11 49.33 48.58 47.87 47.19 46.54 45.94 45.38 44.85 44.37 43.93 43.54 43.19 42.90 42.65 42.46 42.31 42.23 42.20 42.27 42.42 42.67 43.02 43.45 43.98 44.60 45.30 46.10 46.98 47.95 49.01 50.15 51.38 52.70 54.09 55.60 57.26 59.06 60.96 62.94 64.96 66.99 68.99 70.93 72.77 74.49 76.04 77.41 78.54 79.42 80.00 80.26 80.28 80.26 80.26 80.26 80.27 80.30 80.35 80.41 80.48 80.57 80.69 80.82
61.99 60.99 59.99 59.01 58.03 57.07 56.12 55.19 54.28 53.38 52.52 51.67 50.85 50.07 49.31 48.58 47.89 47.23 46.61 46.03 45.48 44.98 44.52 44.10 43.73 43.40 43.13 42.90 42.72 42.60 42.53 42.52 42.57 42.71 42.95 43.28 43.70 44.22 44.83 45.53 46.32 47.20 48.17 49.23 50.38 51.61 52.93 54.33 55.84 57.49 59.26 61.12 63.03 64.97 66.89 68.77 70.56 72.25 73.79 75.15 76.30 77.21 77.83 78.15 78.24 78.29 78.35 78.41 78.49 78.57 78.67 78.78 78.90 79.04 79.19 79.36 79.55
61.66 60.68 59.70 58.74 57.78 56.84 55.91 54.99 54.10 53.23 52.38 51.56 50.76 49.99 49.26 48.55 47.88 47.24 46.64 46.08 45.56 45.07 44.63 44.23 43.88 43.58 43.32 43.11 42.96 42.86 42.81 42.81 42.88 43.01 43.23 43.55 43.96 44.46 45.06 45.75 46.54 47.42 48.38 49.44 50.59 51.82 53.15 54.56 56.07 57.70 59.44 61.25 63.10 64.95 66.76 68.52 70.18 71.70 73.07 74.23 75.17 75.84 76.22 76.38 76.50 76.62 76.75 76.89 77.03 77.18 77.34 77.52 77.70 77.90 78.11 78.33 78.57
61.30 60.33 59.38 58.43 57.49 56.56 55.65 54.76 53.89 53.04 52.21 51.41 50.63 49.89 49.17 48.49 47.84 47.22 46.64 46.10 45.60 45.13 44.71 44.34 44.01 43.72 43.48 43.30 43.16 43.08 43.05 43.07 43.16 43.30 43.51 43.81 44.21 44.70 45.29 45.98 46.75 47.62 48.59 49.64 50.79 52.03 53.35 54.77 56.28 57.90 59.61 61.37 63.14 64.90 66.62 68.25 69.76 71.13 72.31 73.28 74.00 74.44 74.68 74.87 75.06 75.25 75.45 75.66 75.87 76.08 76.31 76.54 76.78 77.03 77.30 77.57 77.86
60.90 59.95 59.01 58.08 57.16 56.25 55.36 54.49 53.64 52.81 52.01 51.23 50.47 49.75 49.05 48.39 47.76 47.17 46.61 46.09 45.60 45.16 44.76 44.41 44.09 43.83 43.61 43.45 43.33 43.27 43.26 43.30 43.41 43.57 43.79 44.08 44.46 44.94 45.52 46.19 46.96 47.83 48.78 49.84 50.98 52.22 53.54 54.96 56.47 58.08 59.75 61.46 63.17 64.84 66.44 67.95 69.32 70.52 71.53 72.30 72.81 73.11 73.38 73.64 73.90 74.17 74.43 74.70 74.97 75.25 75.53 75.82 76.12 76.42 76.74 77.06 77.40
60.46 59.53 58.61 57.69 56.79 55.91 55.04 54.19 53.36 52.55 51.77 51.01 50.28 49.57 48.90 48.26 47.65 47.08 46.54 46.04 45.58 45.15 44.77 44.44 44.15 43.90 43.71 43.56 43.46 43.42 43.43 43.49 43.62 43.80 44.04 44.34 44.71 45.18 45.74 46.40 47.16 48.02 48.97 50.02 51.16 52.39 53.72 55.14 56.65 58.24 59.88 61.53 63.17 64.75 66.25 67.62 68.85 69.89 70.71 71.29 71.67 72.01 72.35 72.68 73.01 73.34 73.67 74.00 74.33 74.67 75.01 75.35 75.70 76.05 76.42 76.79 77.16
59.98 59.07 58.16 57.27 56.39 55.52 54.68 53.85 53.04 52.25 51.49 50.75 50.04 49.36 48.71 48.09 47.50 46.95 46.43 45.95 45.51 45.11 44.75 44.44 44.16 43.94 43.76 43.64 43.56 43.53 43.56 43.65 43.79 43.99 44.25 44.57 44.96 45.41 45.96 46.61 47.36 48.21 49.15 50.19 51.33 52.56 53.88 55.30 56.81 58.39 59.99 61.59 63.15 64.64 66.02 67.27 68.35 69.23 69.87 70.34 70.75 71.16 71.57 71.97 72.36 72.76 73.15 73.54 73.93 74.32 74.71 75.10 75.50 75.90 76.31 76.72 77.14
