data_processed/recharge/precip/Precip_2005_07.asc
ncols        168
nrows        136
xllcorner    455000
yllcorner    2107000
cellsize     500
NODATA_value     -99999
[rows 96 to 127 of 136, columns 73 to 145 of 168]
176.64 173.36 170.18 167.10 164.13 161.27 158.50 155.83 153.25 150.77 148.39 146.10 143.90 141.79 139.76 137.83 135.98 134.21 132.53 130.92 129.40 127.95 126.58 125.28 124.06 122.91 121.83 120.81 119.87 118.99 118.18 117.43 116.74 116.11 115.54 115.02 114.57 114.16 113.81 113.51 113.26 113.06 112.90 112.79 112.73 112.70 112.74 112.91 113.24 113.66 114.13 114.59 115.02 115.42 115.80 116.16 116.48 116.78 117.06 117.31 117.53 117.73 117.89 118.04 118.15 118.24 118.30 118.34 118.35 118.33 118.29 118.21 118.11
179.30 175.74 172.30 168.98 165.77 162.66 159.67 156.78 154.01 151.33 148.76 146.29 143.92 141.65 139.48 137.41 135.43 133.54 131.74 130.04 128.42 126.89 125.44 124.08 122.81 121.61 120.49 119.46 118.49 117.61 116.80 116.06 115.39 114.79 114.26 113.79 113.40 113.06 112.79 112.57 112.42 112.32 112.28 112.30 112.36 112.48 112.65 112.89 113.25 113.68 114.10 114.49 114.86 115.20 115.51 115.80 116.06 116.30 116.51 116.69 116.85 116.98 117.08 117.15 117.20 117.23 117.22 117.19 117.13 117.05 116.94 116.80 116.63
182.19 178.36 174.65 171.06 167.59 164.25 161.02 157.92 154.92 152.05 149.28 146.63 144.08 141.65 139.32 137.10 134.98 132.96 131.05 129.23 127.51 125.89 124.36 122.93 121.59 120.34 119.18 118.11 117.12 116.22 115.41 114.67 114.01 113.44 112.94 112.52 112.17 111.89 111.69 111.55 111.49 111.49 111.56 111.69 111.88 112.14 112.45 112.82 113.24 113.63 113.98 114.31 114.61 114.89 115.14 115.36 115.56 115.73 115.87 115.99 116.08 116.15 116.18 116.19 116.18 116.14 116.07 115.97 115.85 115.70 115.52 115.31 115.08
185.36 181.24 177.25 173.40 169.68 166.09 162.62 159.28 156.07 152.98 150.02 147.17 144.45 141.84 139.35 136.97 134.71 132.55 130.51 128.58 126.76 125.04 123.43 121.91 120.51 119.20 117.99 116.87 115.86 114.93 114.10 113.37 112.72 112.16 111.68 111.29 110.99 110.77 110.63 110.56 110.58 110.67 110.84 111.08 111.40 111.78 112.23 112.78 113.38 113.79 114.08 114.34 114.58 114.78 114.97 115.12 115.25 115.35 115.43 115.48 115.50 115.50 115.46 115.41 115.32 115.21 115.07 114.91 114.71 114.49 114.25 113.97 113.67
188.84 184.43 180.16 176.04 172.05 168.21 164.50 160.93 157.49 154.19 151.01 147.97 145.06 142.27 139.61 137.08 134.67 132.37 130.20 128.15 126.21 124.39 122.69 121.09 119.61 118.24 116.97 115.81 114.76 113.81 112.96 112.22 111.57 111.02 110.56 110.21 109.94 109.77 109.68 109.69 109.78 109.96 110.23 110.57 111.00 111.51 112.12 112.88 113.70 114.29 114.60 114.79 114.95 115.08 115.19 115.27 115.33 115.36 115.36 115.33 115.28 115.20 115.10 114.97 114.81 114.62 114.41 114.17 113.90 113.60 113.28 112.93 112.55
192.63 187.93 183.37 178.97 174.72 170.61 166.66 162.85 159.18 155.66 152.27 149.03 145.92 142.96 140.12 137.42 134.86 132.42 130.11 127.93 125.88 123.95 122.15 120.47 118.91 117.46 116.14 114.93 113.83 112.85 111.98 111.22 110.57 110.03 109.59 109.26 109.02 108.89 108.86 108.93 109.10 109.36 109.71 110.16 110.70 111.35 112.16 113.14 114.18 114.98 115.44 115.64 115.72 115.78 115.81 115.81 115.78 115.73 115.65 115.55 115.42 115.26 115.07 114.86 114.62 114.35 114.06 113.73 113.39 113.01 112.61 112.17 111.72
196.74 191.73 186.89 182.20 177.68 173.31 169.10 165.04 161.14 157.39 153.79 150.34 147.04 143.88 140.87 138.01 135.28 132.69 130.25 127.93 125.76 123.72 121.81 120.04 118.39 116.87 115.48 114.22 113.08 112.06 111.16 110.39 109.73 109.18 108.76 108.44 108.24 108.15 108.17 108.29 108.52 108.86 109.30 109.84 110.51 111.35 112.37 113.56 114.81 115.81 116.46 116.80 116.88 116.85 116.79 116.71 116.60 116.46 116.29 116.10 115.88 115.64 115.37 115.07 114.74 114.39 114.00 113.60 113.16 112.70 112.21 111.69 111.14
201.15 195.84 190.70 185.73 180.92 176.29 171.82 167.52 163.37 159.39 155.57 151.91 148.41 145.06 141.87 138.82 135.93 133.19 130.60 128.15 125.85 123.69 121.68 119.80 118.07 116.47 115.01 113.69 112.49 111.43 110.50 109.70 109.03 108.48 108.06 107.76 107.58 107.53 107.59 107.77 108.06 108.47 108.99 109.65 110.50 111.53 112.75 114.14 115.59 116.78 117.61 118.12 118.32 118.28 118.13 117.95 117.75 117.52 117.26 116.98 116.67 116.33 115.96 115.57 115.15 114.71 114.23 113.73 113.20 112.64 112.06 111.45 110.81
205.83 200.25 194.81 189.55 184.46 179.56 174.82 170.26 165.88 161.66 157.62 153.74 150.03 146.48 143.10 139.88 136.82 133.92 131.17 128.58 126.15 123.87 121.74 119.77 117.94 116.26 114.72 113.33 112.08 110.97 110.01 109.18 108.49 107.93 107.51 107.22 107.06 107.03 107.13 107.36 107.71 108.18 108.81 109.63 110.67 111.89 113.30 114.88 116.52 117.89 118.90 119.56 119.91 119.97 119.80 119.53 119.22 118.90 118.54 118.16 117.75 117.31 116.85 116.36 115.84 115.29 114.72 114.12 113.49 112.83 112.15 111.44 110.70
210.65 204.93 199.23 193.67 188.29 183.11 178.11 173.29 168.65 164.20 159.92 155.82 151.90 148.15 144.57 141.17 137.93 134.86 131.97 129.23 126.66 124.26 122.01 119.92 118.00 116.23 114.61 113.15 111.84 110.68 109.67 108.81 108.09 107.52 107.10 106.81 106.67 106.66 106.79 107.06 107.47 108.03 108.81 109.81 111.02 112.43 114.02 115.78 117.60 119.15 120.31 121.13 121.61 121.80 121.71 121.40 121.00 120.57 120.11 119.62 119.11 118.57 118.00 117.40 116.78 116.13 115.45 114.74 114.01 113.24 112.46 111.64 110.79
215.54 209.73 203.89 198.08 192.41 186.94 181.67 176.59 171.70 166.99 162.48 158.15 154.01 150.06 146.28 142.69 139.27 136.04 132.98 130.09 127.38 124.84 122.48 120.28 118.24 116.38 114.68 113.14 111.76 110.55 109.49 108.59 107.85 107.26 106.82 106.54 106.40 106.42 106.58 106.88 107.36 108.07 109.02 110.19 111.57 113.14 114.90 116.83 118.83 120.54 121.85 122.81 123.43 123.73 123.75 123.51 123.06 122.52 121.95 121.35 120.72 120.07 119.39 118.68 117.95 117.19 116.40 115.58 114.73 113.86 112.96 112.03 111.08
220.50 214.61 208.69 202.74 196.82 191.06 185.51 180.16 175.01 170.06 165.30 160.74 156.38 152.21 148.23 144.45 140.85 137.44 134.21 131.17 128.31 125.64 123.14 120.82 118.68 116.72 114.92 113.31 111.86 110.58 109.47 108.53 107.75 107.14 106.69 106.40 106.27 106.29 106.48 106.85 107.46 108.32 109.43 110.75 112.29 114.03 115.95 118.05 120.20 122.06 123.52 124.61 125.35 125.76 125.88 125.72 125.32 124.72 124.04 123.32 122.58 121.81 121.02 120.19 119.34 118.46 117.55 116.62 115.66 114.66 113.65 112.60 111.53
225.52 219.55 213.55 207.52 201.47 195.47 189.63 184.01 178.59 173.38 168.38 163.59 159.00 154.61 150.42 146.44 142.65 139.06 135.66 132.46 129.45 126.63 124.00 121.56 119.31 117.24 115.35 113.65 112.12 110.78 109.61 108.62 107.81 107.16 106.69 106.39 106.26 106.30 106.53 107.02 107.78 108.79 110.04 111.51 113.20 115.09 117.17 119.41 121.72 123.73 125.32 126.53 127.38 127.89 128.10 128.02 127.68 127.11 126.36 125.52 124.66 123.77 122.85 121.90 120.93 119.92 118.89 117.83 116.75 115.63 114.49 113.32 112.12
230.58 224.54 218.47 212.36 206.24 200.11 194.03 188.12 182.44 176.97 171.72 166.68 161.86 157.25 152.85 148.66 144.68 140.90 137.33 133.96 130.80 127.83 125.06 122.49 120.12 117.94 115.95 114.16 112.56 111.14 109.91 108.87 108.01 107.33 106.83 106.52 106.38 106.45 106.80 107.42 108.31 109.46 110.85 112.47 114.30 116.33 118.55 120.94 123.39 125.53 127.24 128.57 129.52 130.12 130.41 130.39 130.11 129.59 128.85 127.93 126.94 125.92 124.87 123.80 122.69 121.56 120.40 119.21 118.00 116.75 115.48 114.18 112.85
235.68 229.58 223.43 217.26 211.07 204.86 198.66 192.52 186.56 180.82 175.32 170.03 164.97 160.14 155.52 151.12 146.94 142.97 139.22 135.68 132.35 129.23 126.32 123.62 121.12 118.83 116.74 114.85 113.15 111.66 110.37 109.26 108.36 107.64 107.11 106.78 106.66 106.84 107.30 108.05 109.07 110.35 111.86 113.61 115.57 117.74 120.09 122.61 125.20 127.46 129.29 130.72 131.76 132.44 132.80 132.85 132.62 132.13 131.41 130.49 129.41 128.25 127.07 125.86 124.62 123.35 122.05 120.73 119.38 118.00 116.59 115.16 113.69
240.81 234.64 228.44 222.20 215.94 209.67 203.40 197.13 190.94 184.94 179.17 173.63 168.33 163.26 158.42 153.81 149.42 145.26 141.32 137.61 134.11 130.84 127.78 124.94 122.31 119.90 117.70 115.70 113.92 112.35 110.98 109.81 108.85 108.09 107.53 107.21 107.18 107.46 108.04 108.91 110.05 111.44 113.08 114.95 117.03 119.31 121.79 124.44 127.15 129.53 131.47 132.98 134.11 134.86 135.28 135.38 135.18 134.72 134.02 133.10 132.00 130.74 129.42 128.06 126.68 125.28 123.84 122.37 120.88 119.36 117.81 116.23 114.62
245.96 239.73 233.47 227.17 220.85 214.52 208.18 201.86 195.55 189.31 183.28 177.49 171.94 166.63 161.56 156.73 152.13 147.77 143.64 139.75 136.08 132.64 129.43 126.45 123.69 121.15 118.83 116.73 114.86 113.19 111.75 110.51 109.49 108.69 108.12 107.87 107.95 108.33 109.02 109.99 111.24 112.74 114.49 116.47 118.66 121.06 123.65 126.42 129.24 131.73 133.76 135.36 136.56 137.38 137.84 137.98 137.82 137.37 136.68 135.76 134.63 133.33 131.90 130.40 128.87 127.32 125.73 124.12 122.48 120.81 119.11 117.39 115.63
251.12 244.84 238.52 232.17 225.79 219.40 213.01 206.62 200.25 193.90 187.65 181.59 175.79 170.24 164.94 159.88 155.07 150.51 146.18 142.10 138.26 134.65 131.28 128.15 125.25 122.58 120.14 117.94 115.96 114.20 112.67 111.37 110.28 109.46 108.96 108.80 108.97 109.45 110.24 111.31 112.65 114.25 116.10 118.18 120.48 122.98 125.67 128.55 131.48 134.06 136.18 137.85 139.12 139.99 140.49 140.66 140.52 140.08 139.38 138.45 137.30 135.96 134.47 132.85 131.17 129.46 127.72 125.95 124.16 122.33 120.48 118.60 116.69
256.28 249.95 243.58 237.18 230.75 224.31 217.86 211.42 204.99 198.59 192.22 185.95 179.89 174.09 168.55 163.27 158.24 153.46 148.94 144.66 140.64 136.86 133.33 130.04 127.00 124.19 121.63 119.31 117.22 115.37 113.75 112.37 111.26 110.48 110.07 109.99 110.24 110.81 111.68 112.84 114.27 115.97 117.90 120.08 122.47 125.07 127.86 130.82 133.85 136.52 138.72 140.46 141.77 142.69 143.23 143.42 143.28 142.85 142.14 141.18 139.99 138.61 137.06 135.36 133.54 131.67 129.78 127.85 125.90 123.91 121.90 119.86 117.79
261.43 255.06 248.64 242.19 235.72 229.23 222.73 216.24 209.76 203.31 196.89 190.51 184.23 178.18 172.40 166.88 161.63 156.63 151.90 147.43 143.22 139.27 135.57 132.12 128.93 125.99 123.29 120.85 118.65 116.70 114.99 113.56 112.49 111.79 111.45 111.44 111.77 112.42 113.36 114.60 116.11 117.88 119.91 122.16 124.64 127.32 130.19 133.25 136.37 139.11 141.37 143.17 144.53 145.48 146.04 146.24 146.11 145.66 144.93 143.94 142.71 141.28 139.66 137.88 135.96 133.95 131.89 129.80 127.68 125.53 123.35 121.14 118.91
266.57 260.16 253.70 247.20 240.69 234.15 227.61 221.08 214.55 208.05 201.58 195.15 188.78 182.51 176.48 170.73 165.24 160.03 155.09 150.42 146.01 141.88 138.00 134.39 131.05 127.96 125.13 122.56 120.25 118.19 116.42 115.03 114.02 113.38 113.09 113.16 113.55 114.26 115.28 116.58 118.16 120.01 122.10 124.43 126.98 129.74 132.69 135.82 139.02 141.83 144.15 146.00 147.39 148.36 148.94 149.14 149.00 148.53 147.77 146.73 145.46 143.95 142.26 140.39 138.38 136.25 134.04 131.77 129.48 127.16 124.81 122.43 120.02
271.68 265.23 258.73 252.20 245.65 239.08 232.50 225.92 219.35 212.81 206.30 199.82 193.40 187.04 180.80 174.80 169.08 163.64 158.49 153.61 149.01 144.68 140.63 136.86 133.35 130.11 127.15 124.44 122.01 119.88 118.13 116.79 115.83 115.24 115.01 115.13 115.58 116.35 117.42 118.79 120.43 122.33 124.49 126.88 129.50 132.32 135.34 138.54 141.80 144.68 147.05 148.93 150.35 151.34 151.92 152.11 151.95 151.45 150.65 149.56 148.22 146.65 144.87 142.91 140.79 138.54 136.19 133.76 131.29 128.79 126.26 123.70 121.12
276.75 270.27 263.74 257.18 250.59 243.98 237.37 230.75 224.15 217.57 211.02 204.51 198.04 191.64 185.31 179.10 173.14 167.48 162.10 157.01 152.21 147.69 143.46 139.51 135.84 132.45 129.33 126.50 123.98 121.86 120.15 118.84 117.92 117.38 117.20 117.36 117.86 118.67 119.80 121.21 122.90 124.86 127.07 129.52 132.19 135.07 138.15 141.41 144.73 147.65 150.06 151.97 153.40 154.40 154.97 155.15 154.96 154.43 153.57 152.43 151.01 149.35 147.48 145.41 143.18 140.80 138.31 135.73 133.08 130.40 127.69 124.94 122.17
281.78 275.27 268.72 262.13 255.51 248.87 242.22 235.58 228.94 222.33 215.74 209.19 202.70 196.26 189.88 183.59 177.43 171.53 165.93 160.62 155.61 150.90 146.48 142.35 138.51 134.96 131.69 128.76 126.24 124.14 122.47 121.19 120.31 119.80 119.65 119.85 120.38 121.24 122.40 123.85 125.59 127.59 129.84 132.34 135.05 137.98 141.11 144.42 147.79 150.75 153.19 155.11 156.56 157.55 158.11 158.26 158.03 157.45 156.54 155.32 153.82 152.07 150.09 147.91 145.55 143.04 140.40 137.66 134.84 131.97 129.07 126.13 123.17
286.75 280.22 273.65 267.03 260.39 253.72 247.05 240.38 233.72 227.07 220.46 213.88 207.35 200.87 194.47 188.14 181.90 175.80 169.97 164.44 159.22 154.30 149.69 145.37 141.36 137.65 134.27 131.32 128.82 126.75 125.09 123.84 122.97 122.49 122.37 122.59 123.15 124.04 125.23 126.72 128.48 130.52 132.81 135.33 138.09 141.05 144.22 147.57 150.98 153.97 156.43 158.36 159.81 160.78 161.32 161.43 161.16 160.52 159.54 158.24 156.65 154.80 152.71 150.40 147.91 145.25 142.45 139.54 136.54 133.48 130.38 127.25 124.10
291.66 285.12 278.52 271.89 265.22 258.54 251.84 245.15 238.46 231.79 225.15 218.55 211.99 205.49 199.05 192.70 186.42 180.24 174.22 168.47 163.03 157.90 153.09 148.59 144.40 140.56 137.16 134.22 131.72 129.66 128.01 126.77 125.93 125.46 125.35 125.59 126.17 127.08 128.29 129.80 131.59 133.65 135.96 138.51 141.29 144.29 147.48 150.87 154.30 157.32 159.79 161.72 163.15 164.10 164.60 164.68 164.35 163.64 162.58 161.19 159.50 157.54 155.33 152.89 150.25 147.43 144.47 141.38 138.19 134.93 131.62 128.29 124.93
296.50 289.94 283.33 276.68 270.00 263.30 256.59 249.88 243.17 236.48 229.82 223.19 216.61 210.09 203.63 197.25 190.95 184.74 178.64 172.70 167.04 161.70 156.69 151.99 147.66 143.79 140.38 137.44 134.95 132.88 131.24 130.00 129.16 128.70 128.60 128.85 129.44 130.35 131.57 133.09 134.90 136.97 139.30 141.87 144.67 147.68 150.90 154.30 157.76 160.79 163.25 165.18 166.59 167.51 167.97 167.98 167.59 166.80 165.66 164.17 162.37 160.29 157.94 155.36 152.57 149.59 146.45 143.17 139.79 136.31 132.78 129.22 125.64
301.26 294.69 288.07 281.41 274.72 268.01 261.28 254.55 247.83 241.13 234.45 227.81 221.21 214.67 208.19 201.78 195.46 189.23 183.11 177.09 171.25 165.70 160.48 155.63 151.25 147.36 143.95 140.99 138.49 136.42 134.77 133.53 132.68 132.21 132.11 132.36 132.94 133.86 135.08 136.61 138.41 140.49 142.83 145.41 148.21 151.24 154.46 157.88 161.35 164.38 166.84 168.74 170.12 171.00 171.40 171.36 170.89 170.02 168.77 167.18 165.26 163.05 160.56 157.82 154.87 151.71 148.39 144.91 141.32 137.63 133.87 130.06 126.24
305.92 299.35 292.73 286.06 279.36 272.64 265.91 259.17 252.44 245.73 239.04 232.38 225.77 219.21 212.72 206.30 199.96 193.71 187.57 181.53 175.62 169.89 164.51 159.60 155.20 151.28 147.85 144.87 142.35 140.26 138.60 137.34 136.47 135.99 135.88 136.12 136.69 137.60 138.82 140.33 142.14 144.21 146.54 149.12 151.93 154.95 158.18 161.59 165.06 168.09 170.53 172.41 173.74 174.57 174.91 174.79 174.24 173.27 171.92 170.21 168.17 165.81 163.17 160.28 157.14 153.81 150.28 146.61 142.80 138.88 134.88 130.82 126.74
310.49 303.91 297.29 290.62 283.92 277.20 270.46 263.72 256.98 250.26 243.57 236.90 230.28 223.72 217.21 210.78 204.43 198.17 192.01 185.96 180.03 174.29 168.87 163.93 159.49 155.55 152.08 149.08 146.53 144.41 142.72 141.44 140.55 140.05 139.91 140.13 140.69 141.57 142.77 144.28 146.06 148.12 150.44 153.01 155.80 158.82 162.04 165.45 168.91 171.92 174.33 176.17 177.46 178.23 178.50 178.29 177.64 176.57 175.11 173.27 171.09 168.58 165.78 162.71 159.40 155.87 152.14 148.25 144.21 140.05 135.81 131.49 127.13
314.94 308.37 301.75 295.09 288.39 281.67 274.93 268.19 261.45 254.73 248.03 241.36 234.74 228.17 221.66 215.22 208.86 202.59 196.42 190.37 184.48 178.86 173.57 168.63 164.15 160.16 156.66 153.61 151.02 148.87 147.14 145.83 144.91 144.37 144.20 144.39 144.92 145.78 146.95 148.43 150.19 152.23 154.53 157.07 159.85 162.84 166.05 169.44 172.88 175.87 178.24 180.03 181.26 181.96 182.15 181.85 181.10 179.92 178.33 176.35 174.02 171.36 168.39 165.14 161.63 157.90 153.96 149.84 145.57 141.16 136.66 132.07 127.43
319.28 312.72 306.11 299.45 292.76 286.04 279.31 272.57 265.84 259.12 252.42 245.76 239.13 232.56 226.05 219.61 213.24 206.97 200.80 194.79 189.05 183.61 178.47 173.64 169.15 165.12 161.56 158.47 155.83 153.64 151.86 150.50 149.54 148.96 148.75 148.90 149.39 150.22 151.35 152.79 154.52 156.53 158.79 161.31 164.06 167.02 170.20 173.57 176.99 179.93 182.26 183.99 185.16 185.77 185.87 185.48 184.61 183.30 181.58 179.46 176.97 174.14 170.99 167.55 163.84 159.90 155.73 151.38 146.86 142.20 137.42 132.56 127.68
