data_processed/recharge/precip/Precip_2000_02.asc
ncols        168
nrows        136
xllcorner    455000
yllcorner    2107000
cellsize     500
NODATA_value     -99999
[rows 38 to 75 of 136, columns 84 to 167 of 168]
0.36 0.31 0.26 0.22 0.17 0.13 0.09 0.06 0.02 0.00 0.00 0.00 0.00 0.00 0.00 0.00 0.00 0.00 0.00 0.03 0.05 0.09 0.13 0.17 0.22 0.26 0.31 0.35 0.39 0.42 0.44 0.45 0.46 0.46 0.45 0.44 0.42 0.40 0.36 0.31 0.26 0.20 0.12 0.04 0.00 0.00 0.00 0.00 0.00 0.00 0.00 0.00 0.00 0.00 0.00 0.00 0.00 0.04 0.31 0.65 1.09 1.62 2.27 3.04 3.91 4.87 5.93 7.08 8.29 9.58 10.93 12.33 13.77 15.12 16.29 17.26 18.06 18.70 19.19 19.56 19.81 19.97 20.04 20.05
0.33 0.28 0.24 0.20 0.15 0.11 0.07 0.04 0.01 0.00 0.00 0.00 0.00 0.00 0.00 0.00 0.00 0.00 0.00 0.03 0.06 0.10 0.14 0.18 0.23 0.28 0.33 0.37 0.41 0.45 0.48 0.50 0.51 0.50 0.50 0.48 0.46 0.43 0.39 0.35 0.29 0.23 0.15 0.07 0.00 0.00 0.00 0.00 0.00 0.00 0.00 0.00 0.00 0.00 0.00 0.00 0.00 0.04 0.29 0.61 1.02 1.56 2.22 2.99 3.86 4.84 5.90 7.04 8.26 9.55 10.89 12.29 13.72 15.08 16.24 17.21 18.02 18.66 19.17 19.55 19.81 19.99 20.08 20.10
0.31 0.26 0.22 0.17 0.13 0.09 0.06 0.02 0.00 0.00 0.00 0.00 0.00 0.00 0.00 0.00 0.00 0.00 0.01 0.03 0.06 0.10 0.15 0.19 0.24 0.30 0.35 0.40 0.44 0.48 0.51 0.54 0.55 0.55 0.54 0.52 0.50 0.47 0.43 0.38 0.32 0.25 0.18 0.09 0.00 0.00 0.00 0.00 0.00 0.00 0.00 0.00 0.00 0.00 0.00 0.00 0.00 0.03 0.28 0.60 1.02 1.56 2.21 2.98 3.85 4.82 5.88 7.01 8.23 9.50 10.84 12.22 13.65 14.99 16.14 17.11 17.91 18.55 19.06 19.44 19.72 19.90 20.00 20.04
0.28 0.24 0.19 0.15 0.11 0.07 0.04 0.01 0.00 0.00 0.00 0.00 0.00 0.00 0.00 0.00 0.00 0.00 0.01 0.04 0.07 0.11 0.15 0.20 0.25 0.31 0.36 0.41 0.46 0.51 0.54 0.57 0.59 0.60 0.59 0.57 0.54 0.50 0.46 0.41 0.35 0.28 0.20 0.12 0.02 0.00 0.00 0.00 0.00 0.00 0.00 0.00 0.00 0.00 0.00 0.00 0.00 0.02 0.28 0.63 1.07 1.61 2.26 3.02 3.88 4.83 5.88 7.00 8.19 9.45 10.77 12.14 13.54 14.86 16.00 16.95 17.74 18.37 18.87 19.25 19.52 19.70 19.81 19.85
0.26 0.21 0.17 0.13 0.09 0.06 0.03 0.00 0.00 0.00 0.00 0.00 0.00 0.00 0.00 0.00 0.00 0.00 0.01 0.04 0.07 0.11 0.16 0.21 0.26 0.32 0.38 0.43 0.48 0.53 0.57 0.61 0.63 0.63 0.63 0.61 0.58 0.54 0.49 0.44 0.38 0.31 0.23 0.14 0.04 0.00 0.00 0.00 0.00 0.00 0.00 0.00 0.00 0.00 0.00 0.00 0.00 0.03 0.32 0.70 1.17 1.72 2.36 3.10 3.94 4.87 5.89 6.99 8.16 9.40 10.69 12.03 13.40 14.70 15.81 16.74 17.51 18.12 18.61 18.97 19.23 19.41 19.51 19.56
0.23 0.19 0.15 0.11 0.08 0.05 0.02 0.00 0.00 0.00 0.00 0.00 0.00 0.00 0.00 0.00 0.00 0.00 0.02 0.04 0.08 0.12 0.16 0.21 0.27 0.33 0.39 0.45 0.50 0.55 0.60 0.63 0.65 0.66 0.66 0.65 0.62 0.58 0.53 0.47 0.40 0.33 0.25 0.16 0.06 0.00 0.00 0.00 0.00 0.00 0.00 0.00 0.00 0.00 0.00 0.00 0.00 0.07 0.39 0.80 1.30 1.86 2.50 3.22 4.04 4.94 5.94 7.00 8.14 9.34 10.60 11.90 13.24 14.50 15.58 16.48 17.21 17.81 18.27 18.61 18.85 19.01 19.11 19.17
0.21 0.17 0.13 0.09 0.06 0.03 0.01 0.00 0.00 0.00 0.00 0.00 0.00 0.00 0.00 0.00 0.00 0.00 0.02 0.05 0.08 0.12 0.17 0.22 0.28 0.34 0.40 0.46 0.51 0.57 0.61 0.65 0.67 0.69 0.69 0.68 0.65 0.61 0.56 0.50 0.43 0.36 0.28 0.19 0.09 0.00 0.00 0.00 0.00 0.00 0.00 0.00 0.00 0.00 0.00 0.00 0.00 0.15 0.50 0.94 1.45 2.03 2.68 3.39 4.18 5.05 6.00 7.03 8.13 9.29 10.50 11.76 13.06 14.27 15.30 16.16 16.87 17.42 17.85 18.17 18.38 18.53 18.63 18.71
0.18 0.14 0.11 0.08 0.05 0.03 0.01 0.00 0.00 0.00 0.00 0.00 0.00 0.00 0.00 0.00 0.00 0.01 0.03 0.05 0.08 0.12 0.17 0.22 0.28 0.34 0.40 0.46 0.52 0.58 0.62 0.66 0.69 0.71 0.71 0.70 0.68 0.65 0.60 0.54 0.47 0.39 0.30 0.21 0.11 0.00 0.00 0.00 0.00 0.00 0.00 0.00 0.00 0.00 0.00 0.00 0.00 0.26 0.65 1.11 1.63 2.22 2.88 3.59 4.36 5.19 6.10 7.08 8.13 9.24 10.40 11.61 12.85 14.01 14.99 15.81 16.46 16.98 17.37 17.64 17.84 17.99 18.11 18.21
0.16 0.12 0.09 0.07 0.04 0.02 0.00 0.00 0.00 0.00 0.00 0.00 0.00 0.00 0.00 0.00 0.00 0.01 0.03 0.06 0.09 0.12 0.17 0.22 0.28 0.34 0.41 0.47 0.53 0.58 0.63 0.66 0.69 0.71 0.72 0.72 0.71 0.68 0.63 0.57 0.50 0.42 0.33 0.23 0.13 0.02 0.00 0.00 0.00 0.00 0.00 0.00 0.00 0.00 0.00 0.00 0.08 0.42 0.83 1.30 1.84 2.43 3.09 3.79 4.55 5.36 6.22 7.15 8.14 9.19 10.29 11.44 12.62 13.72 14.65 15.41 16.01 16.47 16.81 17.06 17.25 17.42 17.56 17.68
0.14 0.11 0.08 0.06 0.04 0.02 0.00 0.00 0.00 0.00 0.00 0.00 0.00 0.00 0.00 0.00 0.00 0.02 0.04 0.06 0.09 0.12 0.17 0.22 0.28 0.34 0.41 0.47 0.52 0.58 0.62 0.66 0.69 0.72 0.73 0.73 0.72 0.70 0.66 0.60 0.53 0.45 0.36 0.26 0.15 0.04 0.00 0.00 0.00 0.00 0.00 0.00 0.00 0.00 0.00 0.00 0.25 0.61 1.03 1.52 2.06 2.66 3.31 4.01 4.76 5.54 6.37 7.24 8.17 9.15 10.19 11.27 12.38 13.41 14.27 14.96 15.50 15.91 16.21 16.45 16.66 16.84 17.00 17.13
0.12 0.10 0.07 0.05 0.03 0.02 0.01 0.00 0.00 0.00 0.00 0.00 0.00 0.00 0.00 0.00 0.01 0.03 0.04 0.06 0.09 0.13 0.17 0.22 0.28 0.34 0.40 0.46 0.51 0.57 0.61 0.65 0.69 0.71 0.73 0.73 0.72 0.71 0.67 0.62 0.56 0.48 0.38 0.28 0.17 0.06 0.00 0.00 0.00 0.00 0.00 0.00 0.00 0.00 0.00 0.13 0.45 0.83 1.27 1.76 2.31 2.91 3.55 4.24 4.96 5.73 6.52 7.35 8.21 9.12 10.08 11.09 12.12 13.07 13.86 14.48 14.95 15.30 15.60 15.86 16.08 16.28 16.44 16.58
0.11 0.09 0.07 0.05 0.03 0.02 0.01 0.00 0.00 0.00 0.00 0.00 0.00 0.00 0.00 0.01 0.02 0.03 0.05 0.07 0.09 0.12 0.17 0.22 0.27 0.33 0.39 0.44 0.50 0.55 0.59 0.64 0.67 0.70 0.72 0.72 0.72 0.71 0.68 0.64 0.58 0.51 0.41 0.31 0.20 0.08 0.00 0.00 0.00 0.00 0.00 0.00 0.00 0.00 0.06 0.34 0.68 1.08 1.53 2.03 2.58 3.17 3.80 4.47 5.17 5.91 6.67 7.46 8.27 9.10 9.98 10.90 11.84 12.72 13.42 13.96 14.37 14.71 15.02 15.29 15.53 15.73 15.91 16.05
0.10 0.08 0.06 0.05 0.03 0.02 0.02 0.01 0.01 0.00 0.00 0.00 0.01 0.01 0.02 0.02 0.03 0.04 0.06 0.07 0.09 0.12 0.16 0.21 0.26 0.32 0.37 0.42 0.47 0.52 0.57 0.61 0.65 0.68 0.70 0.71 0.71 0.70 0.68 0.64 0.59 0.52 0.44 0.34 0.23 0.10 0.00 0.00 0.00 0.00 0.00 0.00 0.00 0.03 0.28 0.59 0.95 1.36 1.82 2.32 2.86 3.44 4.06 4.71 5.38 6.09 6.81 7.56 8.32 9.09 9.89 10.71 11.56 12.34 12.95 13.42 13.82 14.18 14.49 14.77 15.02 15.23 15.41 15.55
0.09 0.08 0.06 0.05 0.04 0.03 0.02 0.02 0.02 0.01 0.01 0.02 0.02 0.02 0.03 0.03 0.04 0.05 0.06 0.07 0.09 0.12 0.16 0.20 0.25 0.29 0.34 0.39 0.44 0.49 0.54 0.58 0.62 0.65 0.67 0.68 0.69 0.68 0.67 0.64 0.59 0.53 0.46 0.36 0.25 0.13 0.00 0.00 0.00 0.00 0.00 0.00 0.05 0.27 0.55 0.87 1.24 1.66 2.12 2.62 3.16 3.73 4.32 4.95 5.60 6.26 6.95 7.64 8.35 9.07 9.79 10.52 11.27 11.95 12.48 12.93 13.34 13.71 14.03 14.32 14.57 14.78 14.96 15.11
0.09 0.07 0.06 0.05 0.04 0.04 0.03 0.03 0.03 0.03 0.03 0.03 0.03 0.03 0.04 0.05 0.05 0.06 0.07 0.08 0.09 0.12 0.15 0.18 0.22 0.27 0.31 0.36 0.41 0.45 0.50 0.54 0.58 0.61 0.63 0.65 0.66 0.66 0.65 0.62 0.58 0.53 0.46 0.38 0.28 0.16 0.02 0.00 0.00 0.00 0.00 0.11 0.30 0.55 0.85 1.19 1.57 1.99 2.45 2.95 3.47 4.02 4.60 5.19 5.80 6.43 7.07 7.72 8.37 9.03 9.68 10.33 10.98 11.56 12.07 12.54 12.95 13.33 13.66 13.95 14.20 14.41 14.59 14.73
0.09 0.07 0.06 0.06 0.05 0.05 0.04 0.04 0.04 0.04 0.04 0.04 0.04 0.05 0.05 0.05 0.06 0.07 0.07 0.08 0.09 0.11 0.13 0.16 0.19 0.23 0.28 0.32 0.37 0.41 0.45 0.50 0.53 0.57 0.59 0.61 0.62 0.63 0.62 0.60 0.57 0.52 0.46 0.38 0.29 0.18 0.06 0.00 0.01 0.07 0.19 0.36 0.58 0.85 1.17 1.52 1.91 2.33 2.79 3.27 3.78 4.31 4.86 5.42 6.00 6.58 7.17 7.76 8.36 8.95 9.53 10.10 10.67 11.23 11.75 12.22 12.64 13.02 13.35 13.65 13.90 14.11 14.28 14.42
0.08 0.07 0.07 0.06 0.06 0.05 0.05 0.05 0.05 0.05 0.05 0.05 0.05 0.06 0.06 0.06 0.07 0.07 0.08 0.08 0.09 0.10 0.12 0.14 0.17 0.21 0.24 0.28 0.33 0.37 0.41 0.45 0.49 0.52 0.55 0.57 0.59 0.59 0.59 0.57 0.55 0.51 0.46 0.39 0.30 0.20 0.09 0.06 0.11 0.21 0.37 0.58 0.83 1.12 1.44 1.81 2.20 2.62 3.07 3.54 4.03 4.54 5.06 5.59 6.12 6.66 7.20 7.74 8.27 8.79 9.30 9.81 10.33 10.86 11.38 11.87 12.30 12.68 13.02 13.32 13.57 13.78 13.96 14.09
0.08 0.07 0.07 0.06 0.06 0.06 0.06 0.06 0.06 0.06 0.06 0.06 0.06 0.06 0.07 0.07 0.07 0.07 0.08 0.09 0.10 0.11 0.12 0.13 0.16 0.19 0.22 0.26 0.30 0.34 0.38 0.41 0.45 0.49 0.51 0.54 0.55 0.56 0.56 0.55 0.53 0.50 0.45 0.39 0.31 0.22 0.12 0.09 0.16 0.30 0.50 0.73 1.00 1.31 1.65 2.03 2.42 2.84 3.28 3.74 4.21 4.69 5.18 5.67 6.17 6.66 7.15 7.63 8.09 8.55 8.99 9.45 9.94 10.44 10.95 11.43 11.88 12.28 12.63 12.93 13.19 13.41 13.59 13.73
0.07 0.07 0.07 0.06 0.06 0.06 0.06 0.06 0.06 0.06 0.07 0.07 0.07 0.07 0.07 0.07 0.07 0.08 0.08 0.09 0.10 0.11 0.12 0.13 0.15 0.17 0.20 0.23 0.27 0.31 0.34 0.38 0.42 0.45 0.48 0.51 0.52 0.54 0.54 0.53 0.52 0.49 0.45 0.39 0.32 0.23 0.14 0.11 0.18 0.34 0.57 0.83 1.12 1.45 1.81 2.18 2.58 3.00 3.43 3.87 4.32 4.77 5.23 5.68 6.13 6.58 7.01 7.43 7.83 8.22 8.63 9.06 9.51 9.99 10.46 10.93 11.39 11.80 12.17 12.49 12.76 12.99 13.18 13.32
0.06 0.06 0.06 0.06 0.06 0.07 0.07 0.07 0.07 0.07 0.07 0.07 0.07 0.07 0.08 0.08 0.08 0.08 0.09 0.09 0.11 0.12 0.13 0.14 0.15 0.17 0.19 0.22 0.25 0.28 0.32 0.36 0.39 0.42 0.45 0.48 0.50 0.51 0.52 0.52 0.50 0.48 0.45 0.39 0.33 0.24 0.16 0.13 0.20 0.35 0.59 0.87 1.19 1.53 1.90 2.28 2.68 3.09 3.50 3.93 4.35 4.78 5.20 5.62 6.03 6.42 6.80 7.15 7.50 7.85 8.22 8.63 9.06 9.50 9.95 10.39 10.83 11.26 11.65 11.99 12.28 12.52 12.72 12.88
0.06 0.06 0.06 0.06 0.06 0.07 0.07 0.07 0.07 0.08 0.08 0.08 0.08 0.08 0.08 0.08 0.08 0.08 0.09 0.10 0.11 0.12 0.14 0.15 0.16 0.17 0.19 0.21 0.24 0.27 0.30 0.33 0.37 0.40 0.43 0.45 0.47 0.49 0.50 0.50 0.49 0.47 0.44 0.39 0.33 0.25 0.17 0.15 0.22 0.36 0.58 0.87 1.20 1.56 1.93 2.32 2.71 3.11 3.52 3.92 4.33 4.72 5.11 5.48 5.84 6.19 6.51 6.81 7.12 7.44 7.79 8.17 8.57 8.99 9.41 9.83 10.25 10.67 11.07 11.43 11.74 12.01 12.22 12.40
0.05 0.05 0.06 0.06 0.06 0.07 0.07 0.08 0.08 0.08 0.08 0.08 0.08 0.08 0.08 0.08 0.08 0.09 0.10 0.11 0.12 0.13 0.14 0.16 0.17 0.18 0.19 0.21 0.23 0.26 0.29 0.32 0.35 0.38 0.41 0.43 0.45 0.47 0.48 0.49 0.48 0.46 0.44 0.39 0.34 0.26 0.19 0.17 0.23 0.36 0.57 0.84 1.17 1.53 1.91 2.30 2.69 3.08 3.47 3.86 4.23 4.60 4.95 5.28 5.59 5.88 6.15 6.42 6.70 7.01 7.34 7.69 8.07 8.46 8.86 9.25 9.65 10.04 10.44 10.82 11.16 11.45 11.69 11.88
0.04 0.05 0.05 0.06 0.06 0.07 0.07 0.08 0.08 0.08 0.08 0.09 0.09 0.08 0.08 0.09 0.09 0.09 0.10 0.11 0.12 0.14 0.15 0.17 0.18 0.19 0.20 0.22 0.23 0.25 0.28 0.30 0.33 0.36 0.39 0.42 0.44 0.46 0.47 0.47 0.47 0.45 0.43 0.39 0.34 0.27 0.20 0.18 0.24 0.36 0.55 0.80 1.11 1.46 1.85 2.23 2.62 3.00 3.37 3.73 4.08 4.41 4.72 5.01 5.28 5.51 5.75 6.00 6.27 6.55 6.86 7.19 7.54 7.91 8.29 8.66 9.04 9.42 9.79 10.17 10.53 10.85 11.12 11.34
0.03 0.04 0.05 0.06 0.06 0.07 0.08 0.08 0.08 0.09 0.09 0.09 0.09 0.09 0.09 0.09 0.09 0.10 0.11 0.12 0.13 0.15 0.16 0.17 0.19 0.20 0.21 0.23 0.24 0.25 0.27 0.30 0.32 0.35 0.38 0.40 0.42 0.44 0.46 0.46 0.46 0.44 0.42 0.38 0.34 0.27 0.21 0.20 0.25 0.36 0.54 0.76 1.04 1.37 1.73 2.11 2.49 2.86 3.21 3.55 3.87 4.17 4.44 4.68 4.90 5.11 5.33 5.57 5.81 6.08 6.36 6.67 7.01 7.36 7.71 8.07 8.43 8.79 9.15 9.50 9.86 10.21 10.51 10.76
0.02 0.03 0.04 0.05 0.06 0.07 0.08 0.08 0.09 0.09 0.09 0.09 0.09 0.09 0.09 0.10 0.10 0.10 0.11 0.12 0.14 0.15 0.17 0.18 0.20 0.21 0.22 0.24 0.25 0.26 0.28 0.30 0.32 0.34 0.37 0.39 0.41 0.43 0.44 0.45 0.44 0.43 0.41 0.38 0.33 0.28 0.22 0.20 0.25 0.36 0.52 0.72 0.98 1.27 1.60 1.95 2.32 2.67 3.01 3.32 3.61 3.87 4.10 4.30 4.49 4.69 4.90 5.11 5.34 5.59 5.86 6.15 6.47 6.80 7.14 7.48 7.82 8.16 8.50 8.85 9.19 9.54 9.87 10.16
0.01 0.03 0.04 0.05 0.06 0.07 0.08 0.09 0.09 0.09 0.10 0.10 0.10 0.10 0.10 0.10 0.10 0.11 0.12 0.13 0.15 0.16 0.18 0.19 0.21 0.22 0.23 0.25 0.26 0.27 0.29 0.30 0.32 0.34 0.36 0.38 0.40 0.42 0.43 0.43 0.43 0.42 0.40 0.37 0.33 0.28 0.23 0.21 0.26 0.35 0.49 0.68 0.90 1.16 1.45 1.77 2.10 2.44 2.75 3.04 3.29 3.51 3.71 3.89 4.07 4.25 4.45 4.65 4.87 5.10 5.35 5.63 5.93 6.24 6.56 6.89 7.21 7.54 7.87 8.21 8.54 8.87 9.21 9.53
0.00 0.02 0.03 0.05 0.06 0.07 0.08 0.09 0.09 0.10 0.10 0.10 0.10 0.10 0.10 0.11 0.11 0.12 0.13 0.14 0.15 0.17 0.18 0.20 0.22 0.23 0.25 0.26 0.27 0.29 0.30 0.31 0.32 0.34 0.36 0.38 0.39 0.41 0.42 0.42 0.42 0.41 0.39 0.36 0.33 0.28 0.23 0.22 0.26 0.34 0.47 0.63 0.83 1.06 1.31 1.58 1.87 2.16 2.45 2.71 2.93 3.12 3.29 3.46 3.63 3.81 3.99 4.18 4.39 4.61 4.85 5.11 5.39 5.69 6.00 6.31 6.62 6.94 7.26 7.58 7.90 8.23 8.56 8.88
0.00 0.01 0.03 0.05 0.06 0.07 0.08 0.09 0.10 0.10 0.10 0.11 0.11 0.11 0.11 0.11 0.12 0.12 0.13 0.15 0.16 0.18 0.19 0.21 0.22 0.24 0.26 0.27 0.28 0.30 0.31 0.32 0.33 0.35 0.36 0.37 0.39 0.40 0.40 0.40 0.40 0.39 0.38 0.35 0.32 0.28 0.23 0.22 0.26 0.33 0.44 0.58 0.75 0.95 1.16 1.38 1.62 1.87 2.11 2.33 2.52 2.70 2.86 3.03 3.19 3.36 3.53 3.71 3.91 4.12 4.34 4.59 4.86 5.15 5.44 5.74 6.05 6.35 6.66 6.98 7.29 7.61 7.93 8.25
0.00 0.01 0.03 0.04 0.06 0.08 0.09 0.10 0.10 0.11 0.11 0.11 0.11 0.11 0.11 0.12 0.12 0.13 0.14 0.15 0.17 0.18 0.20 0.22 0.23 0.25 0.26 0.28 0.29 0.31 0.32 0.33 0.34 0.35 0.36 0.37 0.38 0.39 0.39 0.39 0.39 0.38 0.36 0.34 0.31 0.27 0.23 0.22 0.25 0.32 0.41 0.53 0.67 0.83 1.01 1.19 1.37 1.56 1.75 1.92 2.10 2.27 2.43 2.59 2.75 2.91 3.08 3.25 3.43 3.63 3.85 4.09 4.35 4.63 4.91 5.20 5.49 5.79 6.10 6.40 6.71 7.03 7.34 7.66
0.00 0.00 0.02 0.04 0.06 0.08 0.09 0.10 0.11 0.11 0.11 0.12 0.12 0.12 0.12 0.12 0.13 0.14 0.15 0.16 0.18 0.19 0.21 0.23 0.24 0.26 0.27 0.29 0.30 0.32 0.33 0.34 0.35 0.36 0.37 0.37 0.37 0.38 0.38 0.38 0.37 0.36 0.35 0.33 0.30 0.27 0.23 0.22 0.25 0.30 0.38 0.47 0.59 0.72 0.85 0.99 1.12 1.25 1.38 1.52 1.68 1.84 2.00 2.16 2.31 2.47 2.63 2.80 2.97 3.17 3.38 3.61 3.86 4.13 4.40 4.68 4.97 5.26 5.56 5.86 6.17 6.48 6.79 7.11
0.00 0.00 0.02 0.04 0.06 0.08 0.09 0.10 0.11 0.12 0.12 0.12 0.12 0.12 0.13 0.13 0.13 0.14 0.15 0.17 0.18 0.20 0.22 0.23 0.25 0.27 0.28 0.30 0.31 0.33 0.34 0.35 0.36 0.37 0.37 0.37 0.37 0.37 0.36 0.36 0.36 0.35 0.33 0.32 0.29 0.26 0.23 0.22 0.24 0.28 0.34 0.42 0.50 0.60 0.69 0.78 0.87 0.95 1.04 1.15 1.27 1.42 1.58 1.73 1.88 2.04 2.19 2.36 2.53 2.72 2.92 3.14 3.39 3.65 3.92 4.19 4.48 4.77 5.06 5.36 5.66 5.97 6.29 6.61
0.00 0.00 0.01 0.04 0.06 0.08 0.09 0.11 0.12 0.12 0.12 0.13 0.13 0.13 0.13 0.13 0.14 0.15 0.16 0.17 0.19 0.21 0.22 0.24 0.26 0.27 0.29 0.31 0.32 0.34 0.35 0.36 0.37 0.37 0.37 0.37 0.36 0.36 0.35 0.35 0.34 0.33 0.32 0.30 0.28 0.26 0.23 0.22 0.23 0.26 0.30 0.36 0.41 0.47 0.53 0.58 0.62 0.66 0.72 0.80 0.90 1.02 1.17 1.32 1.47 1.62 1.78 1.94 2.11 2.29 2.49 2.71 2.95 3.21 3.47 3.74 4.02 4.31 4.60 4.90 5.21 5.52 5.83 6.17
0.00 0.00 0.01 0.03 0.06 0.08 0.09 0.11 0.12 0.12 0.13 0.13 0.13 0.13 0.14 0.14 0.14 0.15 0.16 0.18 0.19 0.21 0.23 0.25 0.26 0.28 0.30 0.31 0.33 0.34 0.36 0.36 0.37 0.37 0.37 0.36 0.36 0.35 0.34 0.33 0.33 0.32 0.31 0.29 0.27 0.25 0.23 0.22 0.22 0.24 0.27 0.29 0.32 0.35 0.36 0.37 0.38 0.41 0.44 0.50 0.57 0.67 0.78 0.92 1.08 1.23 1.39 1.55 1.72 1.90 2.10 2.31 2.55 2.80 3.06 3.33 3.61 3.90 4.19 4.49 4.80 5.11 5.45 5.83
0.00 0.00 0.01 0.03 0.05 0.07 0.09 0.10 0.11 0.12 0.13 0.14 0.14 0.14 0.14 0.14 0.15 0.16 0.17 0.18 0.20 0.22 0.24 0.25 0.27 0.29 0.30 0.32 0.34 0.35 0.36 0.36 0.37 0.37 0.36 0.36 0.35 0.34 0.33 0.32 0.31 0.30 0.29 0.28 0.26 0.24 0.22 0.21 0.21 0.22 0.22 0.23 0.23 0.22 0.20 0.18 0.18 0.18 0.20 0.23 0.29 0.36 0.45 0.57 0.71 0.86 1.02 1.19 1.36 1.54 1.74 1.95 2.19 2.44 2.70 2.97 3.25 3.54 3.83 4.13 4.45 4.78 5.16 5.57
0.00 0.00 0.00 0.02 0.04 0.06 0.08 0.10 0.11 0.12 0.13 0.14 0.14 0.14 0.15 0.15 0.15 0.16 0.17 0.19 0.20 0.22 0.24 0.26 0.28 0.29 0.31 0.33 0.34 0.35 0.36 0.36 0.36 0.36 0.35 0.35 0.34 0.33 0.32 0.31 0.30 0.29 0.28 0.26 0.25 0.23 0.22 0.20 0.20 0.19 0.18 0.16 0.14 0.10 0.06 0.02 0.00 0.00 0.00 0.01 0.04 0.10 0.17 0.27 0.39 0.53 0.69 0.86 1.04 1.22 1.42 1.64 1.87 2.12 2.38 2.66 2.94 3.23 3.53 3.84 4.18 4.55 4.96 5.41
0.00 0.00 0.00 0.01 0.03 0.05 0.07 0.09 0.10 0.11 0.13 0.14 0.14 0.15 0.15 0.15 0.16 0.17 0.18 0.19 0.21 0.23 0.24 0.26 0.28 0.30 0.31 0.33 0.34 0.35 0.35 0.35 0.35 0.35 0.34 0.34 0.33 0.32 0.31 0.30 0.28 0.27 0.26 0.25 0.24 0.22 0.21 0.20 0.18 0.16 0.14 0.10 0.04 0.00 0.00 0.00 0.00 0.00 0.00 0.00 0.00 0.00 0.00 0.02 0.12 0.25 0.41 0.58 0.76 0.95 1.15 1.37 1.60 1.86 2.12 2.40 2.69 2.98 3.29 3.63 4.00 4.41 4.86 5.33
0.00 0.00 0.00 0.00 0.02 0.04 0.06 0.07 0.09 0.10 0.12 0.13 0.14 0.15 0.15 0.16 0.16 0.17 0.18 0.20 0.21 0.23 0.25 0.27 0.28 0.30 0.31 0.33 0.33 0.34 0.34 0.34 0.34 0.34 0.33 0.32 0.31 0.30 0.29 0.28 0.27 0.26 0.25 0.24 0.23 0.21 0.20 0.19 0.17 0.14 0.09 0.03 0.00 0.00 0.00 0.00 0.00 0.00 0.00 0.00 0.00 0.00 0.00 0.00 0.00 0.04 0.17 0.34 0.53 0.72 0.93 1.15 1.40 1.65 1.92 2.21 2.50 2.81 3.14 3.51 3.92 4.37 4.85 5.35
0.00 0.00 0.00 0.00 0.01 0.02 0.04 0.06 0.08 0.09 0.11 0.12 0.13 0.14 0.15 0.16 0.16 0.17 0.18 0.20 0.21 0.23 0.25 0.27 0.29 0.30 0.31 0.32 0.32 0.33 0.33 0.33 0.32 0.32 0.31 0.31 0.30 0.29 0.28 0.27 0.25 0.24 0.23 0.22 0.21 0.20 0.19 0.18 0.15 0.11 0.05 0.00 0.00 0.00 0.00 0.00 0.00 0.00 0.00 0.00 0.00 0.00 0.00 0.00 0.00 0.00 0.02 0.17 0.35 0.55 0.77 1.00 1.25 1.51 1.79 2.08 2.38 2.71 3.09 3.50 3.95 4.43 4.93 5.46
