data_processed/recharge/precip/Precip_1995_06.asc
ncols        168
nrows        136
xllcorner    455000
yllcorner    2107000
cellsize     500
NODATA_value     -99999
[rows 0 to 32 of 136, columns 0 to 73 of 168]
293.00 296.67 300.08 303.21 306.06 308.64 310.94 312.95 314.67 316.09 317.23 318.06 318.60 318.82 318.74 318.35 317.64 316.62 315.27 313.59 311.59 309.26 306.60 303.59 300.17 296.57 293.12 289.56 285.87 282.08 278.21 274.29 270.35 266.41 262.50 258.64 254.88 251.22 247.70 244.34 241.17 238.22 235.51 233.07 230.93 229.11 227.64 226.55 225.86 225.60 225.77 226.17 226.52 226.65 226.54 226.19 225.62 224.86 223.91 222.80 221.53 220.13 218.61 216.99 215.29 213.51 211.69 209.82 207.94 206.06 204.19 202.34 200.55 198.82
292.52 296.15 299.49 302.52 305.23 307.64 309.72 311.49 312.93 314.05 314.83 315.28 315.39 315.16 314.59 313.68 312.41 310.79 308.81 306.47 303.77 300.70 297.26 293.37 288.87 284.17 280.01 276.15 272.25 268.29 264.28 260.27 256.27 252.31 248.42 244.62 240.95 237.42 234.07 230.92 228.00 225.33 222.94 220.87 219.12 217.74 216.75 216.17 216.03 216.33 216.88 217.49 218.08 218.58 218.87 218.92 218.73 218.33 217.73 216.95 216.00 214.91 213.68 212.34 210.90 209.37 207.78 206.14 204.46 202.77 201.08 199.40 197.75 196.15
291.70 295.31 298.63 301.61 304.24 306.53 308.46 310.03 311.25 312.10 312.59 312.71 312.46 311.83 310.83 309.44 307.67 305.51 302.95 300.00 296.66 292.90 288.67 283.78 278.21 272.45 267.26 262.76 258.62 254.50 250.38 246.29 242.25 238.29 234.43 230.71 227.15 223.77 220.61 217.68 215.03 212.66 210.61 208.92 207.59 206.66 206.16 206.11 206.51 207.17 207.90 208.67 209.45 210.21 210.88 211.34 211.55 211.54 211.31 210.89 210.29 209.53 208.61 207.57 206.42 205.17 203.83 202.44 200.99 199.51 198.02 196.53 195.05 193.61
290.66 294.15 297.45 300.44 303.04 305.26 307.09 308.53 309.58 310.23 310.48 310.32 309.76 308.79 307.40 305.60 303.38 300.73 297.65 294.15 290.21 285.75 280.59 274.71 268.17 261.43 255.26 249.81 245.09 240.79 236.57 232.42 228.36 224.41 220.61 216.98 213.55 210.34 207.38 204.70 202.32 200.28 198.59 197.29 196.39 195.94 195.95 196.42 197.15 197.96 198.84 199.77 200.72 201.67 202.60 203.44 204.08 204.48 204.65 204.61 204.38 203.97 203.40 202.69 201.84 200.89 199.84 198.71 197.52 196.28 195.01 193.73 192.45 191.19
289.44 292.77 295.97 298.96 301.59 303.80 305.58 306.95 307.88 308.38 308.44 308.07 307.25 305.98 304.27 302.11 299.49 296.41 292.87 288.86 284.30 279.00 272.93 266.16 258.73 251.11 244.04 237.68 232.09 227.27 222.92 218.73 214.66 210.75 207.02 203.50 200.21 197.19 194.46 192.04 189.96 188.25 186.94 186.05 185.61 185.65 186.15 186.93 187.80 188.73 189.73 190.81 191.93 193.05 194.18 195.29 196.32 197.15 197.75 198.12 198.28 198.24 198.04 197.67 197.16 196.53 195.78 194.95 194.03 193.06 192.04 190.99 189.94 188.87
288.04 291.23 294.29 297.19 299.84 302.10 303.89 305.23 306.10 306.50 306.44 305.90 304.88 303.38 301.40 298.93 295.96 292.51 288.55 284.01 278.69 272.56 265.67 258.09 249.86 241.44 233.57 226.39 219.96 214.35 209.56 205.29 201.23 197.37 193.73 190.34 187.22 184.40 181.91 179.77 178.01 176.66 175.74 175.28 175.31 175.82 176.62 177.50 178.46 179.50 180.62 181.83 183.09 184.39 185.70 187.01 188.32 189.55 190.59 191.39 191.97 192.34 192.52 192.53 192.38 192.09 191.67 191.15 190.54 189.85 189.11 188.32 187.49 186.60
286.47 289.52 292.46 295.24 297.82 300.11 301.97 303.34 304.20 304.57 304.42 303.77 302.61 300.93 298.73 296.01 292.76 288.98 284.58 279.36 273.28 266.41 258.79 250.49 241.55 232.42 223.83 215.92 208.75 202.38 196.86 192.22 188.15 184.36 180.82 177.57 174.64 172.04 169.81 167.96 166.54 165.56 165.06 165.05 165.53 166.31 167.18 168.14 169.17 170.31 171.54 172.87 174.27 175.72 177.20 178.70 180.22 181.73 183.18 184.43 185.45 186.25 186.84 187.24 187.48 187.56 187.50 187.32 187.03 186.66 186.21 185.69 185.09 184.38
284.73 287.66 290.48 293.15 295.62 297.86 299.78 301.23 302.15 302.52 302.36 301.65 300.40 298.59 296.23 293.31 289.83 285.69 280.69 274.79 268.05 260.53 252.27 243.33 233.78 224.03 214.81 206.26 198.43 191.39 185.20 179.90 175.52 171.77 168.36 165.27 162.54 160.18 158.22 156.70 155.63 155.04 154.96 155.39 156.11 156.95 157.86 158.87 159.98 161.19 162.52 163.95 165.48 167.07 168.71 170.39 172.10 173.83 175.56 177.24 178.72 179.97 180.99 181.82 182.46 182.93 183.25 183.44 183.50 183.46 183.32 183.07 182.71 182.21
282.82 285.64 288.36 290.92 293.30 295.45 297.34 298.86 299.88 300.33 300.20 299.49 298.20 296.32 293.85 290.79 287.03 282.38 276.78 270.30 262.98 254.89 246.08 236.60 226.52 216.24 206.48 197.37 188.98 181.37 174.58 168.67 163.72 159.72 156.41 153.51 150.99 148.89 147.23 146.03 145.33 145.16 145.49 146.14 146.90 147.74 148.69 149.74 150.91 152.19 153.60 155.13 156.77 158.49 160.27 162.12 164.01 165.94 167.90 169.86 171.77 173.49 174.98 176.25 177.32 178.21 178.93 179.51 179.94 180.25 180.43 180.47 180.35 180.09
280.75 283.48 286.10 288.57 290.87 292.94 294.75 296.26 297.37 297.94 297.90 297.24 295.97 294.07 291.55 288.30 284.11 278.93 272.83 265.85 258.05 249.49 240.21 230.28 219.75 209.04 198.82 189.25 180.39 172.28 164.99 158.57 153.08 148.59 145.10 142.35 140.07 138.24 136.89 136.05 135.74 135.95 136.49 137.14 137.89 138.74 139.70 140.79 142.00 143.33 144.81 146.43 148.16 150.00 151.92 153.92 155.99 158.10 160.26 162.45 164.66 166.82 168.79 170.53 172.06 173.39 174.54 175.52 176.35 177.02 177.53 177.86 178.02 178.01
278.52 281.16 283.70 286.10 288.32 290.32 292.07 293.52 294.63 295.32 295.42 294.87 293.67 291.81 289.19 285.58 280.95 275.35 268.82 261.44 253.24 244.29 234.64 224.34 213.46 202.39 191.82 181.88 172.62 164.11 156.41 149.56 143.64 138.69 134.77 131.91 129.84 128.31 127.29 126.81 126.88 127.26 127.78 128.39 129.12 129.97 130.94 132.04 133.28 134.66 136.20 137.89 139.71 141.65 143.69 145.83 148.06 150.35 152.70 155.10 157.54 160.00 162.42 164.65 166.66 168.45 170.05 171.47 172.70 173.75 174.61 175.27 175.72 175.97
276.13 278.69 281.16 283.50 285.66 287.61 289.30 290.71 291.78 292.48 292.71 292.33 291.25 289.38 286.48 282.51 277.53 271.58 264.73 257.03 248.52 239.28 229.34 218.77 207.62 196.29 185.45 175.22 165.66 156.84 148.81 141.63 135.35 130.04 125.75 122.54 120.42 119.15 118.48 118.36 118.57 118.92 119.37 119.94 120.64 121.47 122.43 123.54 124.80 126.21 127.79 129.54 131.43 133.47 135.62 137.89 140.26 142.71 145.25 147.85 150.50 153.20 155.93 158.62 161.12 163.41 165.48 167.35 169.00 170.45 171.67 172.67 173.44 173.98
273.59 276.09 278.50 280.78 282.90 284.80 286.46 287.82 288.86 289.54 289.80 289.57 288.56 286.50 283.32 279.08 273.83 267.63 260.54 252.61 243.88 234.43 224.29 213.54 202.21 190.72 179.69 169.26 159.50 150.45 142.19 134.76 128.22 122.63 118.05 114.54 112.14 110.90 110.52 110.52 110.67 110.93 111.31 111.82 112.47 113.27 114.21 115.32 116.58 118.02 119.63 121.42 123.38 125.49 127.74 130.13 132.63 135.23 137.94 140.72 143.58 146.50 149.47 152.47 155.45 158.24 160.81 163.15 165.25 167.11 168.72 170.08 171.19 172.04
270.89 273.35 275.71 277.95 280.03 281.90 283.53 284.87 285.89 286.55 286.80 286.51 285.32 283.05 279.67 275.25 269.83 263.47 256.23 248.15 239.30 229.73 219.48 208.63 197.22 185.64 174.52 163.98 154.10 144.92 136.51 128.92 122.21 116.43 111.65 107.93 105.31 103.83 103.25 103.13 103.16 103.32 103.62 104.07 104.66 105.41 106.33 107.41 108.67 110.11 111.74 113.57 115.58 117.76 120.09 122.58 125.20 127.95 130.80 133.76 136.81 139.94 143.14 146.39 149.69 152.96 156.05 158.88 161.44 163.73 165.76 167.50 168.96 170.14
268.05 270.47 272.80 275.01 277.06 278.91 280.52 281.85 282.87 283.52 283.66 283.01 281.47 279.02 275.53 271.01 265.51 259.08 251.77 243.64 234.75 225.15 214.89 204.02 192.62 181.05 169.92 159.36 149.45 140.23 131.76 124.10 117.30 111.43 106.54 102.69 99.90 97.99 96.77 96.22 96.09 96.15 96.35 96.72 97.24 97.93 98.80 99.85 101.10 102.53 104.17 106.02 108.06 110.30 112.71 115.28 118.01 120.88 123.89 127.01 130.24 133.56 136.98 140.47 144.03 147.63 151.19 154.53 157.57 160.32 162.77 164.92 166.76 168.28
265.07 267.46 269.77 271.96 274.00 275.84 277.44 278.77 279.79 280.33 280.12 279.05 277.15 274.44 270.88 266.35 260.85 254.43 247.15 239.06 230.22 220.67 210.48 199.70 188.39 176.91 165.87 155.38 145.53 136.35 127.91 120.27 113.48 107.60 102.69 98.77 95.65 93.15 91.28 90.07 89.53 89.43 89.53 89.80 90.24 90.86 91.68 92.69 93.90 95.32 96.95 98.80 100.88 103.15 105.62 108.28 111.10 114.09 117.22 120.49 123.89 127.40 131.02 134.75 138.56 142.42 146.30 150.10 153.65 156.88 159.78 162.35 164.58 166.47
261.95 264.32 266.62 268.81 270.84 272.68 274.30 275.63 276.54 276.73 276.10 274.66 272.45 269.47 265.74 261.23 255.83 249.51 242.35 234.39 225.68 216.28 206.25 195.64 184.51 173.22 162.34 152.02 142.31 133.27 124.95 117.42 110.72 104.92 100.05 95.90 92.29 89.23 86.77 84.93 83.75 83.25 83.19 83.35 83.70 84.24 84.99 85.94 87.11 88.50 90.11 91.96 94.05 96.35 98.87 101.59 104.50 107.59 110.84 114.25 117.80 121.49 125.33 129.29 133.33 137.43 141.55 145.67 149.67 153.39 156.76 159.77 162.42 164.70
258.69 261.06 263.36 265.55 267.59 269.45 271.08 272.32 272.87 272.63 271.62 269.87 267.38 264.18 260.28 255.71 250.42 244.30 237.34 229.59 221.12 211.96 202.18 191.82 180.96 169.94 159.33 149.26 139.78 130.96 122.85 115.52 109.00 103.34 98.33 93.79 89.72 86.17 83.17 80.76 78.98 77.86 77.41 77.42 77.66 78.11 78.77 79.65 80.77 82.11 83.70 85.53 87.62 89.94 92.50 95.27 98.25 101.42 104.78 108.31 112.02 115.90 119.95 124.12 128.38 132.70 137.05 141.40 145.70 149.87 153.73 157.20 160.28 162.97
255.29 257.67 259.98 262.19 264.26 266.14 267.67 268.55 268.67 268.06 266.73 264.69 261.98 258.61 254.58 249.94 244.68 238.78 232.11 224.67 216.50 207.67 198.23 188.23 177.72 167.06 156.80 147.07 137.92 129.41 121.60 114.55 108.28 102.58 97.28 92.37 87.91 83.92 80.45 77.52 75.19 73.48 72.43 72.06 72.15 72.49 73.06 73.86 74.91 76.20 77.74 79.55 81.62 83.95 86.53 89.34 92.38 95.63 99.08 102.74 106.61 110.68 114.92 119.28 123.74 128.27 132.83 137.40 141.92 146.39 150.68 154.64 158.17 161.29
251.77 254.17 256.50 258.74 260.84 262.63 263.79 264.24 263.98 263.04 261.43 259.17 256.27 252.77 248.67 243.99 238.76 232.99 226.63 219.58 211.83 203.41 194.39 184.83 174.77 164.57 154.75 145.44 136.70 128.60 121.18 114.46 108.25 102.36 96.79 91.59 86.78 82.42 78.53 75.15 72.32 70.08 68.47 67.51 67.23 67.43 67.89 68.60 69.56 70.79 72.28 74.04 76.09 78.41 81.00 83.84 86.92 90.24 93.79 97.59 101.63 105.87 110.28 114.82 119.47 124.19 128.94 133.70 138.44 143.11 147.69 152.07 156.08 159.65
248.12 250.55 252.92 255.20 257.21 258.63 259.36 259.42 258.83 257.60 255.75 253.31 250.28 246.69 242.56 237.90 232.74 227.09 220.96 214.33 207.06 199.15 190.65 181.61 172.09 162.43 153.14 144.35 136.11 128.50 121.51 114.97 108.66 102.60 96.83 91.38 86.30 81.61 77.36 73.59 70.33 67.62 65.49 63.99 63.15 62.98 63.30 63.90 64.77 65.92 67.34 69.05 71.06 73.36 75.95 78.81 81.93 85.31 88.98 92.93 97.12 101.51 106.07 110.78 115.59 120.48 125.42 130.36 135.28 140.15 144.93 149.58 154.02 158.05
244.34 246.82 249.23 251.43 253.07 254.05 254.40 254.12 253.24 251.77 249.73 247.15 244.03 240.41 236.29 231.70 226.65 221.16 215.25 208.94 202.19 194.87 186.97 178.55 169.66 160.62 151.95 143.77 136.13 129.05 122.33 115.78 109.41 103.24 97.32 91.69 86.39 81.44 76.90 72.79 69.15 66.02 63.45 61.46 60.09 59.38 59.35 59.81 60.57 61.63 62.97 64.61 66.57 68.84 71.42 74.28 77.44 80.92 84.72 88.79 93.10 97.63 102.34 107.19 112.16 117.20 122.30 127.41 132.50 137.55 142.51 147.35 152.05 156.49
240.45 242.97 245.31 247.14 248.33 248.92 248.92 248.35 247.23 245.56 243.39 240.71 237.56 233.94 229.88 225.40 220.51 215.23 209.58 203.59 197.25 190.55 183.35 175.63 167.46 159.14 151.17 143.68 136.68 129.97 123.35 116.83 110.44 104.23 98.23 92.47 87.00 81.86 77.07 72.68 68.73 65.25 62.28 59.86 58.02 56.81 56.26 56.38 57.00 57.95 59.20 60.76 62.66 64.89 67.43 70.31 73.54 77.13 81.03 85.21 89.64 94.28 99.12 104.10 109.20 114.39 119.63 124.89 130.14 135.34 140.47 145.48 150.36 155.05
236.43 238.88 240.85 242.23 243.03 243.27 242.97 242.15 240.83 239.02 236.75 234.02 230.87 227.31 223.36 219.03 214.35 209.33 203.99 198.35 192.43 186.24 179.75 172.83 165.46 157.95 150.78 144.03 137.50 130.98 124.49 118.05 111.71 105.51 99.48 93.66 88.09 82.80 77.83 73.22 69.01 65.24 61.94 59.14 56.90 55.24 54.20 53.82 54.11 54.91 56.06 57.54 59.36 61.53 64.06 66.99 70.30 73.97 77.95 82.23 86.76 91.51 96.45 101.54 106.76 112.08 117.45 122.84 128.23 133.58 138.85 144.02 149.05 153.91
232.16 234.24 235.75 236.73 237.17 237.11 236.56 235.54 234.07 232.16 229.83 227.11 224.01 220.55 216.75 212.62 208.19 203.48 198.49 193.26 187.79 182.11 176.24 170.12 163.65 157.03 150.71 144.53 138.29 131.99 125.68 119.39 113.16 107.03 101.03 95.20 89.58 84.21 79.12 74.35 69.95 65.94 62.36 59.25 56.66 54.60 53.14 52.29 52.10 52.59 53.60 54.97 56.71 58.83 61.39 64.38 67.75 71.48 75.54 79.89 84.50 89.34 94.37 99.57 104.89 110.31 115.79 121.30 126.81 132.29 137.70 143.01 148.18 153.19
227.31 228.93 230.04 230.66 230.80 230.48 229.72 228.55 226.97 225.01 222.68 220.00 217.00 213.69 210.08 206.20 202.07 197.70 193.12 188.33 183.37 178.24 172.97 167.57 162.00 156.33 150.68 144.88 138.96 132.95 126.88 120.79 114.73 108.73 102.82 97.04 91.44 86.04 80.89 76.02 71.47 67.28 63.49 60.13 57.24 54.86 53.02 51.77 51.14 51.16 51.86 53.10 54.76 56.90 59.49 62.52 65.93 69.72 73.83 78.24 82.92 87.83 92.93 98.21 103.62 109.13 114.70 120.32 125.93 131.52 137.05 142.48 147.78 152.92
221.89 223.10 223.84 224.14 224.02 223.48 222.56 221.27 219.63 217.65 215.36 212.78 209.91 206.79 203.43 199.84 196.05 192.07 187.93 183.63 179.21 174.68 170.05 165.34 160.55 155.56 150.38 145.00 139.46 133.78 128.01 122.19 116.35 110.53 104.77 99.10 93.56 88.20 83.04 78.13 73.50 69.19 65.23 61.68 58.55 55.90 53.75 52.15 51.12 50.72 50.98 51.95 53.58 55.73 58.34 61.39 64.84 68.66 72.81 77.26 81.99 86.95 92.12 97.46 102.94 108.52 114.18 119.88 125.59 131.27 136.90 142.43 147.85 153.10
216.57 217.38 217.77 217.77 217.40 216.67 215.60 214.22 212.53 210.56 208.32 205.84 203.13 200.21 197.11 193.83 190.39 186.82 183.14 179.35 175.49 171.56 167.60 163.56 159.21 154.50 149.74 144.81 139.68 134.38 128.95 123.43 117.86 112.26 106.68 101.17 95.74 90.45 85.32 80.41 75.74 71.34 67.27 63.56 60.24 57.35 54.93 53.01 51.64 50.86 50.73 51.40 52.88 55.01 57.64 60.70 64.17 68.01 72.19 76.68 81.45 86.45 91.67 97.06 102.60 108.25 113.98 119.76 125.55 131.31 137.03 142.66 148.18 153.54
211.67 212.10 212.15 211.86 211.24 210.32 209.11 207.63 205.90 203.93 201.76 199.38 196.83 194.13 191.28 188.31 185.24 182.08 178.85 175.58 172.28 168.97 165.63 162.00 157.84 153.30 148.78 144.26 139.57 134.68 129.63 124.44 119.16 113.82 108.46 103.13 97.84 92.65 87.60 82.71 78.02 73.59 69.43 65.59 62.10 59.01 56.35 54.16 52.47 51.38 51.00 51.40 52.61 54.59 57.20 60.26 63.74 67.60 71.81 76.32 81.12 86.17 91.43 96.87 102.46 108.17 113.96 119.80 125.66 131.51 137.31 143.03 148.64 154.10
207.05 207.26 206.98 206.40 205.54 204.42 203.07 201.50 199.73 197.78 195.66 193.40 191.02 188.52 185.94 183.28 180.57 177.83 175.07 172.32 169.58 166.85 163.88 160.42 156.41 152.04 147.68 143.38 139.10 134.65 130.00 125.18 120.22 115.17 110.07 104.94 99.83 94.78 89.82 84.99 80.33 75.87 71.66 67.73 64.11 60.85 57.98 55.54 53.62 52.33 51.76 51.93 52.86 54.57 57.03 60.08 63.56 67.43 71.65 76.18 81.01 86.08 91.38 96.86 102.50 108.26 114.10 120.01 125.93 131.85 137.73 143.53 149.22 154.78
202.58 202.69 202.23 201.38 200.28 198.98 197.49 195.83 194.03 192.09 190.04 187.89 185.67 183.39 181.08 178.74 176.40 174.07 171.78 169.55 167.35 164.95 162.12 158.79 154.93 150.72 146.51 142.37 138.30 134.25 130.03 125.60 121.01 116.28 111.46 106.58 101.67 96.79 91.96 87.22 82.61 78.17 73.94 69.94 66.22 62.83 59.78 57.17 55.13 53.73 52.98 52.93 53.62 55.06 57.24 60.14 63.61 67.48 71.70 76.25 81.09 86.19 91.51 97.03 102.70 108.51 114.40 120.36 126.34 132.33 138.27 144.15 149.92 155.55
198.24 198.28 197.77 196.78 195.47 193.98 192.36 190.62 188.78 186.86 184.88 182.85 180.80 178.74 176.69 174.67 172.70 170.80 168.98 167.23 165.34 163.06 160.33 157.13 153.41 149.34 145.29 141.29 137.37 133.52 129.69 125.69 121.49 117.11 112.60 108.00 103.33 98.65 93.98 89.37 84.84 80.45 76.22 72.20 68.41 64.91 61.76 59.11 57.02 55.51 54.61 54.37 54.84 56.03 57.95 60.58 63.89 67.74 71.96 76.52 81.37 86.48 91.83 97.37 103.07 108.91 114.85 120.85 126.89 132.93 138.93 144.87 150.71 156.37
194.04 194.01 193.47 192.47 191.07 189.42 187.66 185.84 183.98 182.08 180.17 178.26 176.38 174.55 172.77 171.08 169.48 168.00 166.63 165.15 163.34 161.14 158.52 155.43 151.84 147.93 144.02 140.16 136.37 132.66 129.02 125.40 121.62 117.63 113.47 109.17 104.78 100.32 95.85 91.39 86.98 82.67 78.48 74.46 70.64 67.10 63.99 61.35 59.22 57.63 56.61 56.20 56.47 57.44 59.12 61.48 64.52 68.22 72.42 76.97 81.83 86.95 92.31 97.86 103.59 109.46 115.43 121.47 127.55 133.64 139.70 145.69 151.55 157.19
