data_processed/recharge/precip/Precip_1984_10.asc
ncols        168
nrows        136
xllcorner    455000
yllcorner    2107000
cellsize     500
NODATA_value     -99999
[rows 68 to 101 of 136, columns 76 to 151 of 168]
47.06 43.72 40.60 37.72 35.11 32.80 30.68 28.59 26.53 24.51 22.56 20.69 18.99 17.50 16.23 15.19 14.37 13.78 13.54 13.69 14.22 15.06 16.20 17.59 19.18 20.94 22.84 24.83 26.86 28.95 31.08 33.22 35.31 37.30 39.13 40.81 42.38 43.83 45.13 46.24 47.15 47.92 48.64 49.31 49.91 50.44 50.90 51.26 51.53 51.69 51.73 51.65 51.47 51.25 51.02 50.76 50.49 50.20 49.86 49.47 49.01 48.50 47.95 47.35 46.75 46.15 45.56 44.98 44.38 43.77 43.14 42.47 41.76 40.99 40.18 39.30
46.55 43.46 40.60 38.02 35.71 33.59 31.48 29.37 27.28 25.23 23.24 21.33 19.57 18.03 16.70 15.58 14.68 13.99 13.52 13.39 13.64 14.25 15.18 16.39 17.83 19.48 21.29 23.21 25.26 27.42 29.66 31.92 34.15 36.29 38.29 40.15 41.91 43.56 45.06 46.39 47.51 48.42 49.16 49.83 50.42 50.93 51.34 51.65 51.85 51.93 51.88 51.72 51.52 51.31 51.08 50.83 50.55 50.25 49.90 49.50 49.03 48.51 47.94 47.33 46.68 46.02 45.38 44.74 44.10 43.44 42.78 42.08 41.35 40.58 39.76 38.90
46.18 43.39 40.86 38.61 36.53 34.43 32.32 30.20 28.09 26.02 24.00 22.05 20.26 18.67 17.29 16.11 15.13 14.36 13.79 13.44 13.41 13.76 14.45 15.46 16.73 18.23 19.92 21.80 23.86 26.08 28.39 30.74 33.07 35.32 37.44 39.44 41.35 43.16 44.83 46.34 47.65 48.74 49.59 50.26 50.82 51.29 51.65 51.89 52.01 51.99 51.86 51.70 51.51 51.31 51.09 50.84 50.57 50.26 49.91 49.49 49.01 48.48 47.90 47.27 46.61 45.91 45.21 44.52 43.83 43.15 42.44 41.72 40.98 40.20 39.40 38.58
45.99 43.56 41.41 39.40 37.37 35.29 33.17 31.05 28.94 26.85 24.82 22.86 21.03 19.41 17.98 16.76 15.72 14.89 14.24 13.78 13.54 13.61 14.04 14.82 15.89 17.22 18.81 20.65 22.72 24.95 27.29 29.68 32.07 34.40 36.61 38.70 40.73 42.65 44.46 46.11 47.57 48.82 49.82 50.56 51.10 51.52 51.81 51.97 52.00 51.91 51.77 51.63 51.46 51.27 51.06 50.82 50.54 50.23 49.87 49.45 48.97 48.42 47.83 47.19 46.51 45.81 45.07 44.33 43.60 42.88 42.14 41.40 40.64 39.88 39.11 38.32
46.05 44.03 42.15 40.21 38.20 36.14 34.04 31.93 29.82 27.74 25.70 23.73 21.89 20.24 18.79 17.52 16.44 15.55 14.84 14.31 13.97 13.82 13.98 14.50 15.35 16.52 18.02 19.81 21.84 24.05 26.38 28.78 31.19 33.55 35.80 37.96 40.05 42.06 43.95 45.70 47.28 48.64 49.78 50.64 51.23 51.59 51.81 51.88 51.83 51.74 51.64 51.51 51.37 51.19 50.99 50.76 50.49 50.18 49.82 49.39 48.90 48.35 47.74 47.10 46.41 45.69 44.94 44.17 43.40 42.64 41.88 41.12 40.37 39.64 38.90 38.14
46.41 44.68 42.89 40.99 39.02 36.98 34.91 32.82 30.73 28.66 26.63 24.66 22.82 21.16 19.68 18.39 17.27 16.34 15.58 14.99 14.58 14.34 14.29 14.54 15.17 16.20 17.59 19.29 21.25 23.39 25.68 28.04 30.43 32.78 35.05 37.22 39.35 41.40 43.34 45.15 46.79 48.24 49.47 50.43 51.12 51.49 51.63 51.64 51.60 51.54 51.46 51.36 51.24 51.08 50.89 50.67 50.41 50.10 49.74 49.31 48.81 48.25 47.65 46.99 46.30 45.57 44.81 44.03 43.23 42.43 41.65 40.90 40.19 39.48 38.77 38.03
46.94 45.32 43.58 41.73 39.80 37.81 35.78 33.72 31.66 29.61 27.60 25.64 23.81 22.15 20.66 19.35 18.21 17.25 16.45 15.81 15.35 15.04 14.90 14.98 15.42 16.30 17.55 19.12 20.95 23.00 25.19 27.48 29.81 32.12 34.35 36.51 38.63 40.68 42.63 44.46 46.14 47.63 48.90 49.93 50.68 51.13 51.30 51.32 51.32 51.30 51.25 51.18 51.08 50.95 50.77 50.56 50.31 50.00 49.64 49.21 48.71 48.16 47.55 46.89 46.18 45.45 44.68 43.89 43.08 42.27 41.50 40.77 40.08 39.40 38.71 37.99
47.51 45.88 44.20 42.42 40.56 38.62 36.63 34.62 32.59 30.58 28.60 26.67 24.85 23.20 21.72 20.41 19.26 18.27 17.44 16.77 16.26 15.90 15.74 15.81 16.15 16.83 17.90 19.30 20.98 22.88 24.95 27.12 29.35 31.58 33.74 35.84 37.91 39.92 41.85 43.66 45.33 46.82 48.11 49.16 49.94 50.47 50.80 50.97 51.02 51.03 51.02 50.98 50.90 50.79 50.64 50.44 50.19 49.90 49.54 49.11 48.62 48.06 47.45 46.78 46.08 45.33 44.56 43.76 42.96 42.18 41.44 40.73 40.06 39.40 38.73 38.03
48.18 46.44 44.77 43.06 41.26 39.39 37.46 35.50 33.53 31.56 29.62 27.73 25.94 24.32 22.85 21.54 20.39 19.39 18.55 17.85 17.31 16.95 16.83 16.94 17.27 17.81 18.66 19.85 21.34 23.06 24.96 26.98 29.07 31.17 33.23 35.23 37.21 39.15 41.01 42.76 44.38 45.83 47.09 48.12 48.94 49.61 50.13 50.49 50.68 50.74 50.77 50.76 50.71 50.62 50.49 50.31 50.08 49.79 49.44 49.02 48.52 47.97 47.35 46.69 45.98 45.24 44.46 43.67 42.90 42.16 41.46 40.78 40.12 39.48 38.83 38.15
48.95 47.09 45.33 43.63 41.91 40.12 38.26 36.37 34.46 32.55 30.66 28.82 27.07 25.48 24.04 22.75 21.61 20.61 19.76 19.05 18.53 18.23 18.16 18.31 18.65 19.16 19.85 20.80 22.05 23.55 25.24 27.07 28.98 30.92 32.83 34.69 36.55 38.37 40.12 41.78 43.31 44.69 45.88 46.90 47.81 48.62 49.31 49.86 50.24 50.43 50.50 50.53 50.51 50.45 50.34 50.18 49.96 49.69 49.34 48.93 48.44 47.89 47.28 46.62 45.91 45.17 44.40 43.65 42.92 42.23 41.56 40.91 40.28 39.65 39.01 38.35
49.76 47.81 45.96 44.20 42.51 40.79 39.02 37.21 35.37 33.53 31.71 29.92 28.23 26.69 25.28 24.02 22.90 21.92 21.07 20.40 19.96 19.74 19.73 19.90 20.25 20.75 21.38 22.14 23.13 24.37 25.81 27.41 29.11 30.84 32.56 34.25 35.94 37.60 39.21 40.73 42.14 43.40 44.53 45.59 46.60 47.53 48.37 49.08 49.64 50.03 50.22 50.30 50.31 50.28 50.20 50.05 49.86 49.59 49.26 48.85 48.38 47.83 47.23 46.57 45.87 45.13 44.41 43.72 43.05 42.40 41.76 41.14 40.52 39.91 39.28 38.63
50.57 48.57 46.65 44.82 43.08 41.42 39.74 38.01 36.26 34.50 32.75 31.04 29.41 27.92 26.57 25.35 24.26 23.30 22.51 21.95 21.60 21.46 21.50 21.71 22.06 22.54 23.13 23.81 24.58 25.53 26.70 28.02 29.46 30.96 32.45 33.92 35.40 36.87 38.29 39.64 40.88 42.03 43.16 44.28 45.36 46.40 47.35 48.19 48.91 49.48 49.86 50.06 50.12 50.12 50.06 49.94 49.76 49.52 49.20 48.80 48.33 47.80 47.20 46.55 45.87 45.19 44.53 43.89 43.27 42.66 42.06 41.46 40.86 40.26 39.64 39.00
51.33 49.31 47.36 45.50 43.71 42.02 40.40 38.77 37.12 35.45 33.78 32.15 30.60 29.18 27.89 26.72 25.67 24.79 24.13 23.68 23.44 23.37 23.46 23.70 24.05 24.52 25.07 25.68 26.34 27.06 27.90 28.92 30.06 31.27 32.50 33.72 34.96 36.19 37.38 38.52 39.60 40.70 41.84 42.99 44.13 45.24 46.28 47.24 48.09 48.81 49.37 49.75 49.93 49.97 49.94 49.85 49.69 49.47 49.16 48.78 48.33 47.80 47.21 46.59 45.96 45.35 44.76 44.18 43.61 43.04 42.47 41.90 41.31 40.71 40.09 39.45
52.00 49.98 48.04 46.17 44.38 42.66 41.04 39.48 37.93 36.36 34.80 33.26 31.80 30.45 29.23 28.13 27.18 26.45 25.92 25.60 25.44 25.45 25.59 25.85 26.21 26.65 27.16 27.71 28.28 28.86 29.44 30.12 30.93 31.82 32.73 33.66 34.61 35.57 36.50 37.43 38.42 39.49 40.61 41.77 42.94 44.10 45.21 46.26 47.22 48.06 48.77 49.32 49.68 49.84 49.85 49.79 49.65 49.45 49.16 48.80 48.35 47.84 47.28 46.72 46.17 45.64 45.11 44.58 44.06 43.53 42.99 42.44 41.87 41.28 40.66 40.01
52.53 50.55 48.64 46.80 45.02 43.32 41.70 40.16 38.69 37.24 35.78 34.35 32.99 31.73 30.60 29.61 28.83 28.26 27.87 27.66 27.60 27.68 27.87 28.15 28.51 28.93 29.39 29.87 30.35 30.81 31.24 31.63 32.07 32.60 33.17 33.76 34.39 35.04 35.71 36.50 37.41 38.42 39.52 40.66 41.83 43.01 44.17 45.28 46.32 47.27 48.10 48.79 49.32 49.65 49.78 49.76 49.65 49.47 49.20 48.85 48.43 47.95 47.46 46.98 46.51 46.05 45.58 45.11 44.64 44.14 43.64 43.10 42.55 41.96 41.34 40.68
52.87 50.96 49.12 47.33 45.61 43.95 42.37 40.86 39.43 38.07 36.73 35.42 34.16 33.02 32.01 31.21 30.61 30.20 29.96 29.86 29.90 30.04 30.27 30.58 30.94 31.33 31.74 32.15 32.54 32.88 33.17 33.37 33.50 33.64 33.82 34.04 34.31 34.65 35.15 35.81 36.62 37.55 38.58 39.68 40.84 42.01 43.19 44.34 45.44 46.47 47.40 48.21 48.88 49.37 49.67 49.75 49.69 49.53 49.28 48.96 48.57 48.16 47.77 47.38 46.99 46.59 46.19 45.77 45.34 44.89 44.41 43.90 43.35 42.77 42.14 41.47
52.97 51.17 49.42 47.73 46.08 44.50 42.99 41.54 40.17 38.87 37.64 36.45 35.32 34.33 33.53 32.93 32.52 32.27 32.16 32.18 32.30 32.51 32.79 33.11 33.47 33.84 34.20 34.53 34.82 35.05 35.19 35.23 35.15 34.95 34.71 34.52 34.44 34.55 34.88 35.39 36.08 36.91 37.85 38.89 39.99 41.14 42.31 43.48 44.62 45.70 46.71 47.61 48.39 49.02 49.47 49.72 49.76 49.64 49.42 49.13 48.83 48.52 48.22 47.92 47.60 47.28 46.93 46.57 46.18 45.76 45.31 44.82 44.29 43.71 43.08 42.39
52.80 51.14 49.51 47.94 46.41 44.93 43.52 42.17 40.88 39.66 38.51 37.44 36.48 35.72 35.15 34.76 34.53 34.43 34.46 34.59 34.80 35.07 35.39 35.73 36.08 36.42 36.73 36.99 37.18 37.28 37.28 37.15 36.88 36.44 35.85 35.26 34.91 34.81 34.94 35.29 35.83 36.52 37.35 38.30 39.34 40.44 41.58 42.73 43.88 44.99 46.05 47.03 47.90 48.63 49.22 49.62 49.82 49.80 49.64 49.44 49.24 49.04 48.83 48.61 48.37 48.11 47.83 47.51 47.17 46.79 46.36 45.89 45.37 44.79 44.15 43.45
52.40 50.89 49.41 47.97 46.58 45.24 43.94 42.70 41.52 40.41 39.36 38.38 37.61 37.09 36.75 36.56 36.51 36.57 36.73 36.97 37.27 37.60 37.96 38.32 38.67 38.98 39.24 39.42 39.51 39.49 39.35 39.05 38.59 37.94 37.14 36.36 35.76 35.43 35.35 35.51 35.87 36.41 37.12 37.95 38.90 39.93 41.01 42.14 43.28 44.40 45.49 46.51 47.45 48.28 48.97 49.50 49.85 50.01 50.00 49.92 49.82 49.72 49.60 49.46 49.29 49.10 48.87 48.60 48.30 47.95 47.54 47.09 46.57 45.99 45.35 44.63
51.91 50.56 49.23 47.94 46.68 45.47 44.30 43.17 42.10 41.08 40.12 39.21 38.53 38.19 38.08 38.10 38.23 38.46 38.76 39.11 39.50 39.91 40.31 40.70 41.04 41.33 41.54 41.65 41.65 41.52 41.23 40.77 40.12 39.32 38.49 37.68 36.93 36.36 36.06 36.01 36.19 36.57 37.12 37.83 38.67 39.62 40.64 41.72 42.83 43.95 45.05 46.11 47.11 48.01 48.80 49.45 49.95 50.30 50.51 50.60 50.61 50.59 50.55 50.47 50.37 50.23 50.05 49.82 49.55 49.22 48.83 48.37 47.86 47.27 46.60 45.85
51.38 50.18 49.00 47.85 46.72 45.63 44.58 43.57 42.61 41.68 40.79 39.95 39.33 39.07 39.12 39.35 39.68 40.07 40.51 40.99 41.47 41.96 42.41 42.83 43.18 43.45 43.61 43.66 43.57 43.33 42.90 42.29 41.51 40.69 39.88 39.08 38.30 37.58 37.05 36.78 36.76 36.96 37.36 37.93 38.66 39.50 40.45 41.47 42.55 43.65 44.75 45.84 46.87 47.84 48.71 49.48 50.14 50.70 51.12 51.41 51.56 51.63 51.65 51.64 51.59 51.49 51.35 51.15 50.89 50.57 50.18 49.73 49.19 48.58 47.88 47.10
50.80 49.75 48.71 47.69 46.70 45.74 44.80 43.90 43.02 42.17 41.36 40.60 40.06 39.84 39.95 40.33 40.85 41.41 42.01 42.61 43.20 43.76 44.27 44.72 45.08 45.34 45.47 45.46 45.29 44.94 44.39 43.67 42.90 42.11 41.31 40.52 39.74 38.99 38.32 37.83 37.59 37.60 37.83 38.25 38.85 39.58 40.44 41.39 42.42 43.49 44.58 45.68 46.74 47.76 48.72 49.62 50.45 51.20 51.81 52.29 52.61 52.80 52.89 52.93 52.92 52.86 52.73 52.55 52.30 51.98 51.59 51.11 50.56 49.91 49.18 48.34
50.15 49.25 48.36 47.47 46.61 45.76 44.94 44.14 43.34 42.56 41.83 41.17 40.71 40.56 40.69 41.11 41.76 42.50 43.25 43.98 44.68 45.33 45.91 46.39 46.77 47.02 47.12 47.06 46.81 46.36 45.73 45.04 44.31 43.56 42.78 42.00 41.22 40.47 39.76 39.12 38.67 38.48 38.53 38.79 39.23 39.85 40.60 41.47 42.43 43.46 44.54 45.63 46.71 47.78 48.84 49.88 50.87 51.77 52.56 53.21 53.70 54.04 54.23 54.32 54.34 54.30 54.19 54.01 53.76 53.43 53.02 52.52 51.93 51.24 50.45 49.56
49.45 48.69 47.93 47.19 46.45 45.72 44.99 44.27 43.55 42.86 42.22 41.67 41.30 41.21 41.39 41.82 42.49 43.34 44.25 45.12 45.93 46.67 47.32 47.85 48.25 48.50 48.57 48.46 48.14 47.64 47.06 46.43 45.75 45.04 44.28 43.50 42.73 41.97 41.25 40.58 39.99 39.59 39.44 39.53 39.82 40.30 40.94 41.71 42.60 43.57 44.61 45.69 46.79 47.93 49.09 50.25 51.37 52.42 53.37 54.16 54.81 55.29 55.61 55.78 55.82 55.79 55.69 55.51 55.24 54.89 54.45 53.91 53.27 52.53 51.68 50.73
48.67 48.06 47.44 46.82 46.20 45.58 44.93 44.28 43.65 43.06 42.53 42.08 41.82 41.81 42.04 42.50 43.16 44.02 45.02 46.03 46.97 47.80 48.52 49.10 49.53 49.78 49.84 49.68 49.34 48.90 48.40 47.83 47.21 46.53 45.80 45.03 44.26 43.51 42.78 42.09 41.46 40.92 40.57 40.47 40.59 40.92 41.43 42.10 42.90 43.81 44.80 45.86 47.00 48.21 49.47 50.72 51.96 53.14 54.21 55.14 55.91 56.52 56.96 57.24 57.34 57.32 57.21 57.01 56.72 56.34 55.86 55.27 54.58 53.77 52.86 51.88
47.83 47.36 46.88 46.38 45.87 45.32 44.76 44.20 43.66 43.18 42.76 42.44 42.29 42.36 42.65 43.14 43.82 44.65 45.64 46.73 47.79 48.73 49.52 50.16 50.62 50.88 50.93 50.78 50.51 50.17 49.75 49.25 48.68 48.04 47.34 46.58 45.82 45.06 44.33 43.63 42.98 42.39 41.90 41.61 41.55 41.72 42.09 42.64 43.34 44.17 45.11 46.18 47.36 48.63 49.95 51.29 52.61 53.90 55.09 56.14 57.02 57.73 58.27 58.64 58.83 58.84 58.72 58.50 58.18 57.75 57.22 56.58 55.82 54.94 54.00 53.01
46.92 46.58 46.23 45.84 45.41 44.95 44.47 44.01 43.59 43.21 42.92 42.73 42.70 42.87 43.23 43.77 44.46 45.28 46.24 47.29 48.41 49.46 50.34 51.04 51.54 51.81 51.89 51.83 51.68 51.44 51.10 50.68 50.16 49.56 48.88 48.14 47.38 46.63 45.89 45.18 44.51 43.90 43.37 42.93 42.69 42.69 42.90 43.32 43.91 44.65 45.57 46.65 47.85 49.16 50.52 51.93 53.33 54.70 55.99 57.13 58.10 58.90 59.52 59.97 60.23 60.31 60.20 59.95 59.58 59.10 58.51 57.80 56.97 56.07 55.12 54.13
45.93 45.73 45.48 45.18 44.83 44.46 44.09 43.73 43.42 43.18 43.01 42.96 43.07 43.35 43.79 44.37 45.09 45.92 46.84 47.85 48.92 50.00 50.97 51.74 52.28 52.61 52.80 52.88 52.84 52.70 52.45 52.10 51.64 51.08 50.43 49.70 48.95 48.20 47.46 46.74 46.05 45.42 44.86 44.37 44.00 43.82 43.87 44.14 44.61 45.30 46.19 47.26 48.47 49.79 51.19 52.63 54.09 55.54 56.91 58.12 59.16 60.02 60.71 61.21 61.53 61.66 61.59 61.33 60.91 60.37 59.71 58.93 58.07 57.17 56.22 55.23
44.85 44.77 44.61 44.39 44.13 43.86 43.60 43.36 43.18 43.07 43.05 43.15 43.39 43.79 44.32 44.97 45.72 46.56 47.46 48.43 49.43 50.45 51.44 52.28 52.90 53.37 53.70 53.91 53.99 53.95 53.79 53.51 53.11 52.60 51.97 51.26 50.52 49.77 49.03 48.30 47.60 46.95 46.36 45.84 45.41 45.10 44.98 45.10 45.48 46.12 46.97 48.01 49.20 50.52 51.92 53.39 54.89 56.39 57.81 59.08 60.18 61.09 61.82 62.36 62.71 62.87 62.83 62.59 62.14 61.53 60.80 59.99 59.13 58.23 57.28 56.29
43.67 43.67 43.60 43.48 43.33 43.17 43.02 42.91 42.86 42.89 43.03 43.29 43.68 44.20 44.83 45.55 46.35 47.21 48.11 49.04 49.98 50.91 51.82 52.70 53.47 54.10 54.58 54.92 55.12 55.19 55.12 54.91 54.57 54.10 53.50 52.81 52.09 51.34 50.59 49.86 49.15 48.47 47.86 47.31 46.84 46.47 46.23 46.24 46.53 47.09 47.88 48.87 50.03 51.33 52.73 54.20 55.72 57.24 58.71 60.02 61.14 62.08 62.84 63.40 63.77 63.94 63.90 63.66 63.22 62.57 61.81 61.00 60.15 59.25 58.30 57.30
42.38 42.45 42.47 42.45 42.41 42.37 42.35 42.38 42.48 42.66 42.96 43.39 43.94 44.59 45.33 46.14 46.99 47.88 48.78 49.68 50.57 51.43 52.26 53.13 54.01 54.80 55.43 55.91 56.23 56.40 56.42 56.28 56.01 55.58 55.02 54.35 53.63 52.89 52.15 51.41 50.68 49.99 49.35 48.77 48.26 47.86 47.61 47.56 47.75 48.21 48.92 49.85 50.95 52.21 53.58 55.04 56.56 58.10 59.59 60.91 62.05 63.00 63.76 64.32 64.69 64.85 64.80 64.55 64.09 63.48 62.77 61.97 61.12 60.22 59.27 58.27
41.01 41.11 41.22 41.31 41.39 41.48 41.60 41.78 42.03 42.38 42.84 43.45 44.17 44.97 45.83 46.72 47.64 48.57 49.48 50.37 51.22 52.03 52.85 53.70 54.58 55.46 56.24 56.86 57.30 57.58 57.69 57.63 57.42 57.04 56.51 55.86 55.16 54.43 53.68 52.94 52.20 51.50 50.83 50.22 49.69 49.30 49.06 49.00 49.12 49.47 50.08 50.92 51.95 53.15 54.48 55.90 57.40 58.94 60.42 61.75 62.88 63.83 64.57 65.12 65.46 65.59 65.52 65.24 64.81 64.27 63.62 62.86 62.02 61.13 60.18 59.18
39.60 39.72 39.87 40.07 40.28 40.51 40.78 41.11 41.52 42.04 42.69 43.48 44.39 45.34 46.32 47.32 48.31 49.28 50.22 51.11 51.94 52.76 53.59 54.43 55.28 56.15 57.02 57.77 58.33 58.72 58.92 58.95 58.79 58.47 57.97 57.34 56.66 55.94 55.19 54.45 53.70 52.98 52.29 51.67 51.15 50.78 50.56 50.49 50.58 50.86 51.35 52.08 53.02 54.14 55.40 56.78 58.24 59.75 61.22 62.52 63.63 64.55 65.26 65.77 66.07 66.16 66.05 65.79 65.42 64.94 64.36 63.66 62.86 61.96 61.02 60.01
38.16 38.29 38.48 38.74 39.07 39.45 39.88 40.37 40.96 41.66 42.50 43.49 44.59 45.70 46.82 47.93 49.00 50.04 51.00 51.91 52.78 53.64 54.48 55.31 56.14 56.98 57.82 58.63 59.32 59.82 60.11 60.22 60.13 59.85 59.39 58.79 58.12 57.41 56.67 55.92 55.17 54.44 53.74 53.14 52.66 52.30 52.08 52.01 52.08 52.31 52.71 53.32 54.15 55.17 56.35 57.66 59.06 60.52 61.96 63.22 64.29 65.16 65.82 66.27 66.51 66.55 66.45 66.23 65.92 65.50 64.97 64.33 63.58 62.72 61.78 60.77
