data_processed/recharge/precip/Precip_1989_05.asc
ncols        168
nrows        136
xllcorner    455000
yllcorner    2107000
cellsize     500
NODATA_value     -99999
[rows 34 to 67 of 136, columns 77 to 153 of 168]
31.55 31.38 31.18 30.93 30.66 30.37 30.06 29.72 29.37 29.02 28.67 28.33 28.02 27.73 27.47 27.26 27.10 26.99 26.96 27.02 27.17 27.42 27.76 28.20 28.78 29.62 30.75 32.12 33.71 35.50 37.44 39.46 41.50 43.54 45.56 47.54 49.47 51.32 53.09 54.74 56.27 57.65 58.87 59.93 60.88 61.73 62.51 63.21 63.83 64.39 64.90 65.37 65.80 66.19 66.56 66.90 67.20 67.45 67.66 67.85 68.04 68.22 68.43 68.67 68.96 69.31 69.74 70.25 70.88 71.63 72.53 73.59 74.82 76.25 77.87 79.75 81.96
31.40 31.15 30.86 30.55 30.21 29.86 29.49 29.11 28.72 28.33 27.96 27.59 27.26 26.95 26.68 26.46 26.29 26.20 26.19 26.27 26.45 26.71 27.08 27.54 28.13 28.99 30.11 31.48 33.05 34.81 36.72 38.75 40.82 42.88 44.91 46.88 48.79 50.61 52.32 53.92 55.37 56.66 57.79 58.81 59.74 60.58 61.35 62.03 62.65 63.20 63.70 64.16 64.59 64.98 65.34 65.67 65.98 66.26 66.50 66.71 66.91 67.11 67.33 67.58 67.88 68.23 68.66 69.17 69.80 70.55 71.45 72.51 73.73 75.14 76.74 78.61 80.82
31.28 30.95 30.59 30.20 29.80 29.38 28.95 28.53 28.10 27.68 27.27 26.89 26.53 26.20 25.92 25.69 25.53 25.45 25.47 25.57 25.76 26.04 26.42 26.90 27.51 28.37 29.49 30.84 32.39 34.11 35.98 37.97 40.03 42.10 44.12 46.09 47.97 49.74 51.40 52.93 54.30 55.51 56.60 57.60 58.52 59.35 60.10 60.78 61.38 61.93 62.42 62.88 63.30 63.68 64.04 64.37 64.67 64.96 65.22 65.45 65.67 65.88 66.11 66.37 66.67 67.02 67.44 67.96 68.59 69.34 70.24 71.28 72.49 73.88 75.46 77.31 79.51
31.19 30.78 30.35 29.89 29.42 28.94 28.46 27.98 27.52 27.06 26.62 26.21 25.83 25.48 25.19 24.96 24.82 24.76 24.78 24.90 25.11 25.41 25.80 26.29 26.91 27.77 28.88 30.21 31.73 33.41 35.23 37.16 39.16 41.21 43.22 45.16 47.01 48.74 50.34 51.78 53.08 54.25 55.33 56.32 57.22 58.03 58.77 59.44 60.04 60.58 61.07 61.52 61.93 62.31 62.67 62.99 63.30 63.58 63.85 64.09 64.32 64.55 64.79 65.05 65.34 65.70 66.12 66.64 67.27 68.02 68.90 69.93 71.13 72.49 74.04 75.86 78.05
31.13 30.65 30.14 29.62 29.08 28.54 28.01 27.48 26.97 26.47 26.00 25.56 25.16 24.80 24.51 24.29 24.15 24.11 24.14 24.27 24.49 24.80 25.20 25.69 26.32 27.18 28.27 29.58 31.07 32.71 34.47 36.34 38.27 40.24 42.21 44.12 45.92 47.60 49.12 50.50 51.76 52.92 53.98 54.95 55.84 56.64 57.38 58.03 58.63 59.16 59.64 60.09 60.50 60.88 61.23 61.55 61.86 62.14 62.41 62.66 62.90 63.13 63.37 63.63 63.93 64.28 64.71 65.23 65.85 66.59 67.46 68.48 69.64 70.98 72.50 74.28 76.46
31.10 30.54 29.96 29.37 28.77 28.18 27.59 27.01 26.45 25.92 25.42 24.95 24.52 24.16 23.87 23.66 23.54 23.50 23.54 23.67 23.90 24.21 24.61 25.11 25.74 26.59 27.67 28.95 30.40 31.99 33.70 35.50 37.35 39.23 41.11 42.96 44.71 46.32 47.79 49.13 50.37 51.51 52.56 53.52 54.39 55.19 55.91 56.56 57.15 57.68 58.16 58.60 59.01 59.38 59.73 60.06 60.36 60.64 60.91 61.16 61.41 61.64 61.88 62.14 62.44 62.80 63.23 63.75 64.36 65.09 65.94 66.92 68.06 69.37 70.85 72.60 74.75
31.09 30.46 29.81 29.15 28.50 27.84 27.20 26.57 25.97 25.40 24.86 24.37 23.93 23.57 23.29 23.09 22.96 22.93 22.97 23.11 23.33 23.65 24.05 24.55 25.17 26.01 27.07 28.31 29.72 31.26 32.91 34.63 36.40 38.19 39.97 41.72 43.39 44.94 46.37 47.69 48.92 50.04 51.08 52.02 52.89 53.68 54.39 55.03 55.62 56.14 56.61 57.05 57.46 57.84 58.18 58.51 58.81 59.09 59.36 59.62 59.86 60.11 60.35 60.61 60.91 61.27 61.69 62.20 62.80 63.51 64.33 65.29 66.40 67.66 69.10 70.81 72.94
31.09 30.39 29.68 28.96 28.25 27.54 26.84 26.17 25.53 24.91 24.35 23.83 23.40 23.04 22.76 22.55 22.43 22.39 22.44 22.57 22.79 23.10 23.50 23.99 24.61 25.43 26.46 27.67 29.03 30.52 32.10 33.75 35.43 37.12 38.80 40.43 41.99 43.48 44.89 46.20 47.41 48.52 49.54 50.48 51.33 52.11 52.81 53.45 54.03 54.55 55.02 55.46 55.87 56.24 56.59 56.92 57.22 57.50 57.78 58.03 58.28 58.53 58.78 59.05 59.35 59.70 60.12 60.61 61.19 61.87 62.67 63.60 64.67 65.89 67.28 68.94 71.05
31.11 30.34 29.57 28.79 28.02 27.26 26.51 25.80 25.11 24.46 23.87 23.36 22.92 22.55 22.27 22.06 21.94 21.89 21.93 22.06 22.27 22.57 22.96 23.45 24.05 24.85 25.85 27.02 28.33 29.76 31.27 32.83 34.43 36.02 37.58 39.10 40.57 41.99 43.37 44.65 45.85 46.94 47.95 48.88 49.72 50.49 51.19 51.83 52.40 52.92 53.39 53.83 54.23 54.61 54.96 55.28 55.59 55.88 56.15 56.41 56.67 56.93 57.19 57.47 57.77 58.12 58.52 58.99 59.55 60.21 60.97 61.86 62.89 64.06 65.40 67.01 69.08
31.15 30.31 29.47 28.63 27.81 27.00 26.21 25.45 24.72 24.05 23.46 22.93 22.49 22.12 21.83 21.61 21.48 21.42 21.45 21.57 21.77 22.06 22.43 22.90 23.49 24.27 25.23 26.36 27.61 28.97 30.41 31.89 33.39 34.88 36.33 37.76 39.15 40.50 41.81 43.06 44.24 45.33 46.33 47.24 48.08 48.84 49.53 50.16 50.73 51.25 51.72 52.16 52.57 52.94 53.29 53.62 53.93 54.22 54.50 54.77 55.04 55.31 55.59 55.89 56.19 56.53 56.91 57.36 57.89 58.51 59.24 60.09 61.07 62.19 63.47 65.03 67.06
31.19 30.29 29.39 28.49 27.61 26.75 25.92 25.12 24.37 23.69 23.09 22.56 22.11 21.73 21.42 21.20 21.05 20.98 21.00 21.09 21.28 21.55 21.91 22.36 22.93 23.67 24.60 25.68 26.87 28.16 29.52 30.91 32.31 33.70 35.06 36.40 37.72 39.00 40.25 41.45 42.60 43.67 44.66 45.57 46.40 47.15 47.84 48.47 49.04 49.55 50.03 50.46 50.87 51.25 51.60 51.93 52.25 52.54 52.83 53.11 53.39 53.68 53.98 54.29 54.61 54.95 55.31 55.73 56.23 56.81 57.50 58.30 59.23 60.29 61.51 63.01 65.01
31.24 30.27 29.31 28.37 27.43 26.53 25.65 24.82 24.07 23.38 22.77 22.23 21.76 21.37 21.06 20.81 20.65 20.56 20.56 20.64 20.80 21.05 21.39 21.82 22.36 23.07 23.95 24.98 26.11 27.33 28.60 29.90 31.20 32.49 33.77 35.04 36.29 37.51 38.69 39.84 40.94 41.99 42.97 43.87 44.69 45.44 46.13 46.75 47.32 47.83 48.31 48.75 49.16 49.54 49.89 50.23 50.55 50.85 51.15 51.44 51.74 52.05 52.36 52.69 53.02 53.37 53.73 54.12 54.58 55.13 55.76 56.51 57.38 58.39 59.54 60.98 62.92
31.29 30.26 29.25 28.24 27.26 26.31 25.41 24.57 23.80 23.11 22.49 21.93 21.45 21.05 20.72 20.46 20.27 20.17 20.14 20.19 20.33 20.56 20.87 21.27 21.78 22.46 23.29 24.25 25.32 26.46 27.64 28.85 30.06 31.27 32.47 33.67 34.85 36.00 37.13 38.23 39.28 40.29 41.25 42.14 42.96 43.71 44.39 45.01 45.58 46.09 46.57 47.01 47.43 47.81 48.17 48.51 48.84 49.15 49.46 49.78 50.10 50.42 50.74 51.08 51.43 51.78 52.15 52.54 52.96 53.46 54.05 54.74 55.55 56.49 57.57 58.94 60.83
31.34 30.26 29.18 28.13 27.10 26.12 25.20 24.36 23.58 22.87 22.23 21.67 21.17 20.75 20.40 20.12 19.92 19.79 19.73 19.76 19.87 20.06 20.35 20.71 21.19 21.82 22.61 23.51 24.50 25.56 26.65 27.77 28.89 30.02 31.15 32.28 33.39 34.49 35.57 36.61 37.63 38.60 39.53 40.41 41.22 41.96 42.64 43.26 43.83 44.35 44.83 45.27 45.69 46.08 46.45 46.79 47.13 47.46 47.79 48.12 48.45 48.79 49.13 49.48 49.83 50.20 50.58 50.97 51.38 51.84 52.37 53.00 53.74 54.61 55.62 56.91 58.75
31.39 30.25 29.12 28.02 26.96 25.96 25.03 24.17 23.38 22.66 22.01 21.42 20.91 20.47 20.10 19.80 19.57 19.42 19.34 19.33 19.41 19.57 19.82 20.15 20.59 21.17 21.90 22.74 23.65 24.62 25.63 26.65 27.70 28.75 29.81 30.87 31.92 32.97 33.99 35.00 35.97 36.91 37.81 38.67 39.47 40.21 40.89 41.51 42.08 42.60 43.08 43.53 43.95 44.35 44.72 45.08 45.43 45.78 46.13 46.47 46.82 47.17 47.52 47.88 48.24 48.62 49.01 49.41 49.83 50.26 50.74 51.30 51.98 52.77 53.70 54.91 56.69
31.43 30.23 29.05 27.92 26.84 25.83 24.89 24.02 23.21 22.47 21.80 21.20 20.66 20.20 19.81 19.48 19.23 19.05 18.94 18.91 18.95 19.07 19.28 19.57 19.97 20.50 21.17 21.93 22.77 23.65 24.56 25.50 26.47 27.45 28.44 29.44 30.44 31.43 32.41 33.37 34.31 35.22 36.10 36.93 37.72 38.46 39.13 39.76 40.33 40.85 41.34 41.80 42.22 42.63 43.01 43.39 43.76 44.12 44.48 44.84 45.20 45.56 45.92 46.29 46.67 47.05 47.45 47.85 48.27 48.71 49.17 49.67 50.27 50.98 51.83 52.96 54.67
31.46 30.21 29.00 27.84 26.75 25.73 24.77 23.88 23.06 22.30 21.61 20.98 20.43 19.94 19.52 19.17 18.89 18.68 18.54 18.48 18.48 18.56 18.73 18.98 19.32 19.81 20.41 21.09 21.84 22.63 23.46 24.32 25.21 26.12 27.05 27.99 28.94 29.88 30.82 31.74 32.65 33.53 34.39 35.20 35.98 36.71 37.39 38.01 38.59 39.12 39.61 40.07 40.51 40.92 41.32 41.72 42.10 42.48 42.86 43.23 43.60 43.97 44.34 44.72 45.10 45.49 45.89 46.31 46.73 47.17 47.63 48.10 48.63 49.26 50.02 51.06 52.70
31.48 30.19 28.96 27.79 26.69 25.65 24.67 23.76 22.91 22.13 21.42 20.77 20.19 19.67 19.23 18.85 18.54 18.30 18.13 18.03 18.00 18.04 18.16 18.36 18.66 19.08 19.61 20.20 20.86 21.56 22.31 23.09 23.91 24.76 25.63 26.52 27.41 28.31 29.21 30.10 30.98 31.84 32.67 33.48 34.25 34.97 35.66 36.28 36.86 37.40 37.90 38.37 38.81 39.25 39.67 40.07 40.47 40.87 41.25 41.64 42.02 42.40 42.78 43.17 43.56 43.95 44.36 44.78 45.20 45.65 46.10 46.58 47.08 47.63 48.29 49.24 50.80
31.49 30.19 28.94 27.76 26.63 25.57 24.58 23.64 22.77 21.97 21.23 20.55 19.94 19.40 18.93 18.52 18.18 17.90 17.70 17.56 17.50 17.50 17.58 17.73 17.97 18.32 18.76 19.26 19.82 20.44 21.11 21.83 22.58 23.37 24.18 25.01 25.86 26.72 27.58 28.44 29.29 30.13 30.96 31.75 32.52 33.25 33.93 34.57 35.16 35.70 36.21 36.69 37.16 37.61 38.04 38.46 38.88 39.28 39.68 40.08 40.47 40.86 41.25 41.64 42.04 42.44 42.85 43.27 43.70 44.14 44.60 45.07 45.56 46.08 46.65 47.51 48.90
31.53 30.20 28.94 27.73 26.59 25.51 24.49 23.53 22.63 21.80 21.03 20.33 19.69 19.12 18.61 18.17 17.79 17.48 17.24 17.07 16.97 16.93 16.96 17.07 17.25 17.51 17.85 18.26 18.74 19.28 19.88 20.52 21.21 21.94 22.70 23.48 24.29 25.11 25.94 26.77 27.60 28.43 29.24 30.03 30.79 31.53 32.22 32.88 33.49 34.04 34.56 35.06 35.54 36.00 36.45 36.89 37.32 37.74 38.14 38.55 38.95 39.35 39.74 40.14 40.54 40.95 41.36 41.78 42.21 42.66 43.11 43.59 44.08 44.58 45.12 45.80 46.86
31.61 30.26 28.98 27.76 26.59 25.49 24.45 23.47 22.55 21.69 20.89 20.16 19.49 18.89 18.35 17.87 17.47 17.12 16.84 16.63 16.49 16.42 16.41 16.47 16.60 16.77 17.02 17.34 17.74 18.20 18.72 19.30 19.92 20.59 21.30 22.04 22.80 23.58 24.38 25.19 26.00 26.81 27.61 28.39 29.16 29.90 30.61 31.28 31.91 32.47 33.00 33.51 34.01 34.49 34.95 35.40 35.83 36.26 36.68 37.09 37.50 37.90 38.30 38.70 39.11 39.52 39.93 40.35 40.78 41.22 41.68 42.14 42.63 43.13 43.65 44.19 44.88
31.76 30.41 29.11 27.87 26.69 25.57 24.51 23.51 22.57 21.69 20.87 20.12 19.42 18.79 18.22 17.72 17.28 16.91 16.60 16.35 16.17 16.06 16.02 16.05 16.14 16.26 16.42 16.66 16.96 17.35 17.79 18.30 18.86 19.47 20.12 20.81 21.53 22.27 23.04 23.82 24.61 25.40 26.18 26.96 27.73 28.47 29.19 29.87 30.50 31.06 31.59 32.10 32.61 33.10 33.57 34.02 34.47 34.90 35.32 35.74 36.15 36.55 36.96 37.36 37.76 38.17 38.58 39.00 39.42 39.86 40.31 40.77 41.24 41.74 42.24 42.75 43.27
31.90 30.62 29.32 28.07 26.88 25.75 24.67 23.65 22.70 21.80 20.96 20.18 19.47 18.82 18.22 17.70 17.23 16.83 16.49 16.22 16.01 15.87 15.80 15.81 15.86 15.95 16.06 16.21 16.43 16.73 17.10 17.53 18.03 18.57 19.17 19.80 20.48 21.18 21.91 22.66 23.42 24.19 24.97 25.73 26.49 27.24 27.96 28.64 29.26 29.82 30.34 30.84 31.34 31.83 32.31 32.77 33.22 33.66 34.08 34.50 34.91 35.31 35.71 36.11 36.51 36.91 37.32 37.73 38.14 38.57 39.01 39.46 39.92 40.40 40.88 41.38 41.87
31.96 30.82 29.59 28.34 27.14 25.99 24.91 23.88 22.91 22.00 21.14 20.35 19.62 18.95 18.34 17.79 17.30 16.87 16.51 16.21 15.98 15.83 15.75 15.73 15.75 15.81 15.89 16.00 16.14 16.35 16.64 16.99 17.42 17.90 18.44 19.02 19.64 20.30 21.00 21.71 22.45 23.19 23.95 24.71 25.46 26.20 26.91 27.57 28.18 28.73 29.24 29.73 30.21 30.70 31.18 31.64 32.09 32.52 32.94 33.36 33.76 34.16 34.56 34.95 35.34 35.73 36.13 36.53 36.93 37.35 37.77 38.21 38.66 39.12 39.59 40.06 40.53
31.94 30.93 29.82 28.64 27.44 26.29 25.20 24.16 23.19 22.26 21.40 20.60 19.85 19.16 18.54 17.97 17.47 17.02 16.64 16.33 16.09 15.93 15.83 15.79 15.80 15.83 15.88 15.96 16.06 16.19 16.40 16.68 17.03 17.44 17.92 18.44 19.02 19.63 20.28 20.96 21.67 22.39 23.13 23.87 24.61 25.33 26.02 26.66 27.26 27.81 28.31 28.79 29.24 29.70 30.16 30.62 31.06 31.49 31.91 32.32 32.71 33.10 33.49 33.87 34.25 34.63 35.02 35.40 35.79 36.19 36.60 37.02 37.45 37.90 38.35 38.80 39.26
31.84 30.95 29.97 28.91 27.78 26.63 25.54 24.50 23.51 22.59 21.72 20.91 20.15 19.46 18.82 18.24 17.72 17.26 16.87 16.56 16.32 16.16 16.05 16.00 15.98 15.99 16.02 16.07 16.15 16.24 16.37 16.57 16.85 17.19 17.60 18.07 18.59 19.16 19.77 20.41 21.08 21.78 22.49 23.21 23.93 24.62 25.27 25.90 26.48 27.03 27.53 27.99 28.42 28.85 29.27 29.71 30.14 30.56 30.97 31.37 31.76 32.14 32.51 32.88 33.24 33.61 33.97 34.34 34.71 35.09 35.49 35.90 36.32 36.74 37.18 37.61 38.04
31.68 30.90 30.03 29.09 28.07 26.99 25.90 24.86 23.88 22.95 22.08 21.26 20.50 19.80 19.16 18.57 18.04 17.58 17.20 16.90 16.67 16.51 16.39 16.33 16.29 16.28 16.29 16.32 16.38 16.45 16.55 16.68 16.87 17.15 17.49 17.90 18.36 18.88 19.44 20.04 20.68 21.35 22.03 22.72 23.40 24.05 24.68 25.28 25.86 26.40 26.90 27.35 27.76 28.15 28.53 28.92 29.33 29.73 30.13 30.51 30.89 31.25 31.61 31.96 32.30 32.65 33.00 33.34 33.70 34.06 34.45 34.84 35.25 35.66 36.07 36.48 36.90
31.46 30.78 30.01 29.18 28.27 27.29 26.27 25.24 24.26 23.33 22.46 21.65 20.89 20.18 19.54 18.95 18.42 17.98 17.62 17.34 17.12 16.96 16.84 16.76 16.71 16.69 16.68 16.70 16.74 16.79 16.87 16.97 17.10 17.30 17.57 17.91 18.32 18.78 19.30 19.86 20.46 21.09 21.73 22.37 23.00 23.62 24.23 24.81 25.38 25.92 26.41 26.85 27.24 27.59 27.93 28.27 28.63 29.00 29.38 29.75 30.10 30.45 30.78 31.11 31.44 31.76 32.08 32.41 32.75 33.11 33.48 33.86 34.25 34.64 35.04 35.43 35.82
31.19 30.59 29.92 29.18 28.37 27.50 26.58 25.61 24.64 23.72 22.86 22.05 21.29 20.59 19.94 19.36 18.86 18.45 18.12 17.86 17.65 17.50 17.38 17.30 17.24 17.20 17.18 17.19 17.21 17.25 17.32 17.40 17.50 17.63 17.84 18.11 18.46 18.87 19.33 19.84 20.40 20.98 21.57 22.16 22.75 23.33 23.91 24.48 25.04 25.58 26.07 26.49 26.86 27.18 27.49 27.77 28.07 28.38 28.72 29.06 29.39 29.72 30.03 30.33 30.63 30.93 31.23 31.55 31.88 32.23 32.59 32.95 33.33 33.70 34.08 34.45 34.82
30.87 30.36 29.77 29.11 28.39 27.61 26.78 25.91 25.00 24.10 23.24 22.44 21.69 21.00 20.36 19.82 19.36 18.99 18.69 18.45 18.26 18.12 18.00 17.92 17.85 17.80 17.77 17.77 17.78 17.82 17.87 17.94 18.03 18.14 18.28 18.49 18.77 19.12 19.53 20.00 20.50 21.01 21.54 22.08 22.63 23.18 23.73 24.28 24.83 25.37 25.86 26.27 26.62 26.91 27.18 27.42 27.65 27.89 28.16 28.46 28.76 29.06 29.34 29.62 29.89 30.17 30.46 30.76 31.09 31.42 31.77 32.12 32.48 32.84 33.19 33.55 33.90
30.53 30.07 29.55 28.97 28.33 27.63 26.89 26.11 25.29 24.44 23.60 22.81 22.07 21.40 20.81 20.32 19.91 19.58 19.31 19.10 18.93 18.80 18.70 18.61 18.54 18.48 18.45 18.44 18.45 18.48 18.52 18.59 18.67 18.77 18.89 19.04 19.25 19.54 19.90 20.30 20.72 21.17 21.64 22.13 22.64 23.16 23.68 24.22 24.76 25.30 25.79 26.19 26.51 26.78 27.00 27.19 27.37 27.54 27.73 27.95 28.20 28.47 28.72 28.97 29.22 29.48 29.76 30.06 30.38 30.70 31.04 31.38 31.72 32.06 32.39 32.73 33.06
30.15 29.75 29.29 28.77 28.20 27.57 26.91 26.20 25.47 24.70 23.91 23.15 22.44 21.81 21.29 20.85 20.49 20.20 19.97 19.79 19.65 19.53 19.44 19.36 19.29 19.23 19.19 19.18 19.19 19.21 19.26 19.32 19.40 19.50 19.61 19.73 19.89 20.12 20.40 20.72 21.07 21.46 21.87 22.31 22.77 23.26 23.77 24.29 24.82 25.36 25.85 26.24 26.54 26.78 26.96 27.10 27.22 27.33 27.44 27.57 27.74 27.94 28.16 28.38 28.62 28.88 29.16 29.45 29.75 30.07 30.39 30.71 31.04 31.36 31.68 31.99 32.30
29.76 29.41 28.99 28.52 28.01 27.44 26.84 26.20 25.54 24.85 24.14 23.43 22.79 22.24 21.78 21.41 21.10 20.85 20.66 20.51 20.40 20.31 20.23 20.15 20.08 20.03 19.99 19.98 19.99 20.02 20.06 20.12 20.20 20.30 20.41 20.54 20.68 20.83 21.02 21.26 21.54 21.86 22.22 22.61 23.03 23.49 23.97 24.48 25.00 25.55 26.03 26.41 26.70 26.90 27.05 27.14 27.21 27.25 27.28 27.33 27.40 27.51 27.67 27.88 28.12 28.37 28.64 28.93 29.22 29.52 29.83 30.14 30.45 30.75 31.05 31.34 31.63
29.37 29.04 28.66 28.23 27.76 27.25 26.70 26.12 25.51 24.89 24.26 23.67 23.13 22.66 22.28 21.96 21.71 21.52 21.37 21.26 21.17 21.10 21.04 20.98 20.92 20.87 20.84 20.83 20.84 20.87 20.92 20.99 21.07 21.17 21.28 21.41 21.54 21.65 21.76 21.92 22.13 22.38 22.68 23.03 23.41 23.83 24.29 24.78 25.31 25.85 26.34 26.71 26.97 27.15 27.26 27.31 27.31 27.29 27.25 27.21 27.19 27.20 27.30 27.47 27.70 27.95 28.22 28.49 28.78 29.07 29.36 29.66 29.95 30.23 30.51 30.78 31.05
