data_processed/recharge/precip/Precip_2004_09.asc
ncols        168
nrows        136
xllcorner    455000
yllcorner    2107000
cellsize     500
NODATA_value     -99999
[rows 0 to 31 of 136, columns 0 to 71 of 168]
150.58 147.35 144.03 140.61 137.08 133.41 129.61 125.69 121.68 117.59 113.46 109.30 105.13 100.98 96.86 92.80 88.92 85.42 82.31 79.58 77.23 75.23 73.60 72.31 71.35 70.73 70.42 70.41 70.60 70.86 71.16 71.50 71.88 72.31 72.77 73.27 73.81 74.39 75.01 75.67 76.36 77.08 77.85 78.65 79.48 80.34 81.24 82.18 83.14 84.14 85.17 86.22 87.31 88.43 89.58 90.75 91.96 93.19 94.44 95.67 96.88 98.07 99.25 100.43 101.62 102.82 104.05 105.32 106.63 107.99 109.40 110.87
156.45 153.13 149.69 146.12 142.40 138.52 134.50 130.37 126.15 121.86 117.52 113.15 108.78 104.42 100.10 95.84 91.76 88.05 84.73 81.80 79.24 77.04 75.19 73.69 72.52 71.68 71.16 70.95 71.02 71.29 71.62 71.99 72.40 72.85 73.34 73.87 74.44 75.04 75.68 76.35 77.06 77.81 78.59 79.40 80.25 81.13 82.04 82.98 83.95 84.96 85.99 87.05 88.15 89.27 90.42 91.59 92.79 94.01 95.21 96.38 97.52 98.64 99.76 100.88 102.01 103.16 104.33 105.55 106.81 108.12 109.49 110.90
162.39 158.96 155.39 151.64 147.71 143.63 139.41 135.08 130.66 126.17 121.64 117.07 112.51 107.95 103.44 98.98 94.71 90.81 87.30 84.18 81.42 79.02 76.98 75.28 73.91 72.87 72.14 71.72 71.60 71.76 72.10 72.51 72.95 73.43 73.95 74.51 75.10 75.72 76.39 77.09 77.82 78.58 79.38 80.21 81.07 81.97 82.89 83.85 84.83 85.85 86.89 87.96 89.06 90.18 91.34 92.52 93.71 94.87 96.00 97.10 98.17 99.23 100.29 101.35 102.42 103.51 104.63 105.79 107.00 108.26 109.59 110.96
168.36 164.82 161.07 157.12 153.00 148.73 144.32 139.81 135.20 130.53 125.80 121.06 116.30 111.57 106.87 102.24 97.79 93.71 90.01 86.70 83.76 81.18 78.95 77.06 75.50 74.27 73.35 72.74 72.42 72.39 72.63 73.05 73.53 74.04 74.59 75.18 75.80 76.46 77.15 77.87 78.62 79.41 80.23 81.08 81.96 82.88 83.82 84.79 85.79 86.81 87.87 88.95 90.06 91.19 92.35 93.52 94.66 95.76 96.81 97.84 98.85 99.84 100.84 101.84 102.85 103.88 104.95 106.06 107.22 108.43 109.71 111.03
174.34 170.63 166.70 162.57 158.27 153.82 149.23 144.54 139.76 134.91 130.01 125.09 120.17 115.26 110.39 105.59 100.97 96.72 92.85 89.37 86.25 83.50 81.09 79.02 77.29 75.88 74.78 73.99 73.49 73.27 73.33 73.66 74.15 74.70 75.28 75.90 76.56 77.24 77.96 78.71 79.49 80.31 81.15 82.03 82.93 83.86 84.82 85.81 86.83 87.87 88.94 90.03 91.15 92.29 93.45 94.57 95.63 96.66 97.64 98.60 99.54 100.47 101.40 102.34 103.29 104.27 105.29 106.34 107.45 108.61 109.84 111.12
180.26 176.37 172.27 167.97 163.50 158.88 154.13 149.27 144.32 139.31 134.25 129.17 124.08 119.01 113.99 109.03 104.25 99.84 95.82 92.17 88.89 85.97 83.40 81.17 79.27 77.69 76.42 75.45 74.78 74.40 74.28 74.44 74.84 75.41 76.03 76.68 77.37 78.09 78.84 79.62 80.43 81.28 82.15 83.05 83.97 84.93 85.91 86.92 87.95 89.01 90.10 91.21 92.34 93.48 94.59 95.63 96.62 97.57 98.49 99.38 100.25 101.12 101.99 102.86 103.76 104.68 105.64 106.64 107.69 108.81 110.00 111.23
186.08 182.04 177.77 173.32 168.69 163.91 159.01 153.99 148.89 143.72 138.51 133.28 128.04 122.83 117.65 112.54 107.62 103.06 98.89 95.09 91.66 88.59 85.86 83.48 81.42 79.68 78.26 77.13 76.30 75.75 75.48 75.47 75.71 76.19 76.84 77.53 78.25 79.01 79.79 80.61 81.45 82.32 83.23 84.15 85.11 86.09 87.09 88.13 89.18 90.26 91.37 92.50 93.63 94.72 95.74 96.71 97.63 98.51 99.35 100.17 100.98 101.78 102.58 103.40 104.24 105.10 106.00 106.95 107.96 109.03 110.16 111.35
191.81 187.61 183.20 178.60 173.83 168.90 163.85 158.69 153.45 148.14 142.78 137.41 132.04 126.68 121.37 116.13 111.06 106.37 102.06 98.13 94.56 91.34 88.47 85.94 83.74 81.86 80.29 79.01 78.03 77.33 76.91 76.74 76.83 77.17 77.73 78.45 79.21 80.01 80.83 81.68 82.56 83.46 84.39 85.35 86.34 87.35 88.38 89.44 90.52 91.62 92.75 93.88 94.96 95.97 96.92 97.81 98.65 99.45 100.23 100.98 101.72 102.46 103.20 103.95 104.73 105.54 106.39 107.28 108.24 109.26 110.35 111.49
197.43 193.09 188.55 183.81 178.90 173.84 168.65 163.36 157.98 152.54 147.06 141.56 136.06 130.58 125.14 119.77 114.58 109.76 105.33 101.26 97.56 94.22 91.22 88.56 86.22 84.21 82.50 81.09 79.97 79.13 78.56 78.26 78.20 78.40 78.82 79.47 80.25 81.09 81.95 82.84 83.76 84.70 85.66 86.66 87.67 88.71 89.78 90.86 91.97 93.10 94.23 95.31 96.31 97.24 98.11 98.92 99.69 100.42 101.12 101.80 102.48 103.15 103.83 104.52 105.24 105.99 106.78 107.63 108.53 109.50 110.54 111.64
202.93 198.47 193.79 188.93 183.89 178.71 173.40 167.99 162.49 156.93 151.33 145.71 140.09 134.50 128.95 123.46 118.16 113.23 108.68 104.50 100.68 97.22 94.10 91.31 88.86 86.72 84.88 83.35 82.10 81.13 80.44 80.00 79.82 79.87 80.16 80.68 81.40 82.27 83.17 84.10 85.06 86.04 87.04 88.07 89.12 90.19 91.29 92.41 93.54 94.68 95.76 96.76 97.68 98.52 99.31 100.05 100.74 101.40 102.03 102.64 103.25 103.85 104.47 105.10 105.76 106.46 107.19 107.99 108.84 109.76 110.75 111.80
208.31 203.73 198.94 193.96 188.81 183.52 178.10 172.57 166.97 161.30 155.59 149.86 144.14 138.44 132.78 127.20 121.80 116.76 112.10 107.82 103.89 100.32 97.09 94.20 91.63 89.38 87.43 85.78 84.42 83.33 82.52 81.96 81.66 81.59 81.76 82.15 82.76 83.56 84.49 85.47 86.47 87.49 88.53 89.60 90.69 91.80 92.93 94.08 95.23 96.31 97.31 98.22 99.05 99.82 100.53 101.19 101.80 102.39 102.95 103.49 104.03 104.57 105.13 105.70 106.30 106.93 107.62 108.36 109.16 110.03 110.98 111.98
213.55 208.86 203.97 198.89 193.64 188.24 182.72 177.10 171.39 165.63 159.82 154.00 148.18 142.39 136.64 130.96 125.47 120.34 115.59 111.21 107.19 103.52 100.20 97.21 94.54 92.18 90.13 88.38 86.91 85.72 84.80 84.13 83.72 83.54 83.60 83.88 84.37 85.06 85.95 86.95 87.99 89.06 90.15 91.25 92.38 93.53 94.70 95.86 96.96 97.96 98.87 99.69 100.44 101.13 101.76 102.34 102.88 103.39 103.88 104.36 104.83 105.30 105.79 106.30 106.85 107.43 108.05 108.74 109.49 110.31 111.21 112.17
218.64 213.86 208.88 203.70 198.36 192.87 187.27 181.55 175.76 169.91 164.02 158.12 152.21 146.34 140.51 134.75 129.18 123.97 119.14 114.67 110.57 106.82 103.40 100.32 97.56 95.12 92.98 91.13 89.57 88.28 87.27 86.51 85.99 85.72 85.68 85.85 86.24 86.83 87.61 88.57 89.65 90.76 91.89 93.04 94.21 95.40 96.59 97.70 98.71 99.62 100.44 101.18 101.85 102.45 103.00 103.50 103.97 104.41 104.83 105.23 105.64 106.05 106.47 106.92 107.40 107.93 108.50 109.13 109.83 110.61 111.46 112.37
223.58 218.72 213.65 208.40 202.98 197.41 191.72 185.94 180.07 174.14 168.18 162.20 156.23 150.28 144.38 138.55 132.91 127.63 122.73 118.19 114.02 110.19 106.70 103.54 100.71 98.18 95.96 94.03 92.39 91.02 89.92 89.07 88.47 88.11 87.97 88.06 88.36 88.85 89.54 90.41 91.45 92.60 93.78 94.97 96.19 97.40 98.53 99.56 100.47 101.29 102.02 102.68 103.26 103.79 104.26 104.68 105.07 105.44 105.78 106.12 106.46 106.80 107.16 107.55 107.98 108.44 108.96 109.54 110.19 110.91 111.72 112.58
228.36 223.43 218.29 212.96 207.47 201.84 196.09 190.23 184.30 178.31 172.28 166.24 160.21 154.20 148.24 142.36 136.66 131.32 126.36 121.76 117.52 113.63 110.08 106.86 103.95 101.36 99.07 97.07 95.36 93.92 92.74 91.82 91.14 90.70 90.49 90.50 90.71 91.12 91.73 92.52 93.47 94.59 95.81 97.05 98.29 99.45 100.49 101.42 102.24 102.97 103.62 104.19 104.69 105.13 105.52 105.87 106.18 106.47 106.75 107.02 107.29 107.57 107.87 108.19 108.56 108.97 109.43 109.95 110.55 111.23 111.98 112.80
232.97 227.98 222.78 217.39 211.84 206.15 200.34 194.44 188.45 182.41 176.33 170.24 164.15 158.10 152.09 146.16 140.41 135.03 130.02 125.37 121.08 117.14 113.53 110.25 107.30 104.65 102.30 100.24 98.46 96.96 95.72 94.74 93.99 93.49 93.21 93.15 93.29 93.64 94.17 94.88 95.77 96.81 98.00 99.27 100.45 101.52 102.46 103.29 104.03 104.67 105.22 105.71 106.12 106.48 106.79 107.07 107.31 107.52 107.73 107.92 108.13 108.34 108.58 108.84 109.15 109.50 109.91 110.38 110.92 111.55 112.26 113.03
237.39 232.35 227.10 221.67 216.08 210.34 204.49 198.54 192.51 186.42 180.30 174.17 168.05 161.96 155.91 149.95 144.17 138.74 133.69 129.01 124.68 120.69 117.05 113.73 110.72 108.03 105.63 103.53 101.70 100.15 98.86 97.82 97.02 96.46 96.13 96.01 96.10 96.38 96.85 97.50 98.32 99.30 100.41 101.55 102.62 103.59 104.44 105.18 105.82 106.37 106.84 107.24 107.57 107.85 108.08 108.27 108.44 108.58 108.71 108.84 108.98 109.13 109.30 109.50 109.75 110.04 110.39 110.81 111.30 111.88 112.54 113.26
241.63 236.55 231.26 225.79 220.16 214.39 208.51 202.52 196.46 190.35 184.20 178.04 171.89 165.77 159.70 153.71 147.90 142.46 137.38 132.67 128.31 124.30 120.62 117.26 114.23 111.50 109.07 106.92 105.06 103.47 102.14 101.06 100.22 99.62 99.24 99.07 99.11 99.35 99.77 100.37 101.14 102.04 102.98 103.90 104.82 105.67 106.42 107.07 107.62 108.08 108.46 108.77 109.02 109.22 109.37 109.49 109.58 109.65 109.71 109.77 109.83 109.92 110.03 110.17 110.35 110.59 110.89 111.25 111.69 112.22 112.84 113.51
245.66 240.55 235.24 229.75 224.09 218.30 212.39 206.39 200.30 194.17 188.00 181.83 175.66 169.53 163.44 157.44 151.62 146.16 141.07 136.34 131.96 127.93 124.23 120.86 117.80 115.05 112.59 110.42 108.53 106.91 105.55 104.44 103.57 102.94 102.52 102.32 102.32 102.52 102.91 103.47 104.17 104.91 105.64 106.37 107.08 107.77 108.42 108.97 109.43 109.80 110.09 110.32 110.49 110.60 110.67 110.71 110.72 110.72 110.71 110.70 110.70 110.72 110.76 110.84 110.97 111.15 111.39 111.70 112.09 112.57 113.14 113.76
249.49 244.36 239.03 233.53 227.86 222.06 216.14 210.12 204.03 197.89 191.71 185.53 179.36 173.22 167.13 161.13 155.31 149.84 144.75 140.01 135.63 131.59 127.88 124.50 121.43 118.66 116.19 114.01 112.11 110.47 109.09 107.96 107.07 106.41 105.98 105.75 105.73 105.90 106.26 106.76 107.31 107.86 108.39 108.91 109.43 109.94 110.43 110.88 111.25 111.53 111.73 111.87 111.96 111.99 111.98 111.94 111.88 111.80 111.72 111.64 111.57 111.52 111.50 111.52 111.59 111.71 111.90 112.15 112.49 112.92 113.44 114.02
253.09 247.96 242.63 237.12 231.45 225.65 219.73 213.71 207.62 201.48 195.31 189.14 182.97 176.84 170.76 164.76 158.95 153.50 148.41 143.68 139.30 135.27 131.56 128.18 125.11 122.34 119.87 117.68 115.77 114.13 112.75 111.61 110.71 110.04 109.59 109.36 109.32 109.48 109.79 110.15 110.51 110.86 111.20 111.53 111.86 112.18 112.50 112.80 113.07 113.26 113.38 113.43 113.43 113.38 113.29 113.18 113.04 112.89 112.73 112.58 112.45 112.33 112.25 112.21 112.22 112.28 112.41 112.61 112.90 113.28 113.75 114.28
256.47 251.35 246.02 240.52 234.86 229.07 223.16 217.15 211.08 204.95 198.80 192.64 186.49 180.37 174.32 168.34 162.55 157.11 152.04 147.33 142.97 138.95 135.25 131.88 128.83 126.07 123.61 121.43 119.53 117.89 116.51 115.37 114.48 113.81 113.36 113.12 113.08 113.21 113.38 113.56 113.73 113.89 114.05 114.21 114.36 114.50 114.64 114.78 114.91 115.00 115.03 115.00 114.91 114.78 114.61 114.42 114.20 113.98 113.75 113.53 113.33 113.15 113.01 112.90 112.85 112.85 112.93 113.08 113.31 113.64 114.07 114.55
259.61 254.51 249.20 243.72 238.08 232.31 226.42 220.44 214.39 208.29 202.16 196.02 189.90 183.82 177.79 171.85 166.09 160.68 155.64 150.96 146.62 142.63 138.96 135.61 132.57 129.84 127.40 125.24 123.35 121.73 120.37 119.25 118.36 117.71 117.27 117.04 116.98 116.98 116.97 116.97 116.96 116.95 116.93 116.92 116.90 116.87 116.85 116.82 116.79 116.75 116.69 116.57 116.40 116.19 115.94 115.67 115.38 115.08 114.78 114.49 114.22 113.97 113.76 113.60 113.48 113.43 113.45 113.55 113.73 114.01 114.39 114.83
262.51 257.43 252.16 246.70 241.10 235.35 229.50 223.56 217.54 211.48 205.39 199.29 193.21 187.16 181.18 175.27 169.56 164.19 159.19 154.55 150.25 146.29 142.66 139.35 136.35 133.64 131.23 129.10 127.25 125.65 124.31 123.22 122.36 121.73 121.31 121.07 120.89 120.71 120.54 120.36 120.18 120.00 119.82 119.64 119.46 119.28 119.10 118.91 118.73 118.54 118.36 118.15 117.89 117.60 117.27 116.92 116.55 116.18 115.81 115.45 115.11 114.80 114.52 114.30 114.12 114.01 113.98 114.02 114.15 114.38 114.71 115.10
265.15 260.11 254.88 249.47 243.90 238.20 232.39 226.49 220.53 214.51 208.47 202.42 196.39 190.40 184.46 178.61 172.95 167.64 162.69 158.10 153.85 149.94 146.35 143.09 140.13 137.47 135.10 133.01 131.20 129.64 128.34 127.28 126.46 125.86 125.44 125.09 124.75 124.40 124.06 123.72 123.38 123.04 122.70 122.37 122.03 121.70 121.37 121.04 120.71 120.38 120.06 119.73 119.39 119.01 118.60 118.17 117.73 117.28 116.84 116.41 116.00 115.63 115.29 115.00 114.77 114.60 114.51 114.50 114.58 114.76 115.04 115.38
267.53 262.54 257.35 252.00 246.49 240.84 235.09 229.25 223.34 217.38 211.40 205.41 199.44 193.51 187.64 181.85 176.26 171.01 166.12 161.59 157.40 153.55 150.03 146.82 143.91 141.31 138.99 136.96 135.19 133.69 132.44 131.42 130.65 130.06 129.54 129.03 128.52 128.02 127.52 127.02 126.53 126.04 125.55 125.07 124.59 124.12 123.65 123.18 122.71 122.25 121.80 121.34 120.89 120.43 119.94 119.43 118.91 118.39 117.88 117.38 116.90 116.46 116.06 115.71 115.41 115.19 115.04 114.97 115.00 115.13 115.37 115.66
269.63 264.70 259.58 254.29 248.84 243.26 237.58 231.80 225.96 220.07 214.16 208.25 202.35 196.49 190.70 184.99 179.47 174.29 169.48 165.02 160.91 157.13 153.67 150.53 147.69 145.15 142.90 140.93 139.23 137.78 136.59 135.64 134.89 134.20 133.53 132.87 132.20 131.55 130.90 130.26 129.62 128.99 128.36 127.74 127.13 126.52 125.92 125.32 124.73 124.14 123.56 122.98 122.41 121.85 121.28 120.69 120.10 119.50 118.91 118.34 117.80 117.29 116.83 116.41 116.06 115.78 115.57 115.45 115.43 115.51 115.69 115.94
271.45 266.59 261.55 256.33 250.96 245.46 239.85 234.15 228.39 222.59 216.76 210.92 205.11 199.34 193.63 188.01 182.57 177.49 172.76 168.39 164.35 160.65 157.28 154.21 151.46 149.00 146.82 144.92 143.29 141.92 140.80 139.88 139.04 138.21 137.39 136.58 135.77 134.98 134.19 133.41 132.63 131.87 131.11 130.36 129.62 128.88 128.15 127.44 126.72 126.02 125.32 124.64 123.96 123.28 122.62 121.95 121.28 120.61 119.95 119.31 118.70 118.13 117.60 117.12 116.71 116.37 116.10 115.93 115.86 115.89 116.02 116.22
273.02 268.21 263.24 258.11 252.83 247.42 241.90 236.29 230.62 224.91 219.17 213.43 207.72 202.04 196.43 190.90 185.57 180.58 175.95 171.67 167.73 164.12 160.84 157.86 155.20 152.82 150.73 148.92 147.38 146.09 145.01 144.02 143.04 142.06 141.10 140.15 139.21 138.28 137.36 136.45 135.55 134.65 133.77 132.90 132.04 131.19 130.35 129.52 128.69 127.88 127.08 126.29 125.50 124.73 123.97 123.21 122.47 121.72 120.99 120.28 119.60 118.96 118.37 117.83 117.35 116.95 116.64 116.41 116.28 116.26 116.35 116.51
274.37 269.57 264.66 259.63 254.44 249.13 243.71 238.21 232.64 227.03 221.39 215.76 210.15 204.58 199.08 193.66 188.44 183.55 179.03 174.86 171.02 167.52 164.34 161.47 158.90 156.63 154.64 152.92 151.47 150.24 149.10 147.97 146.85 145.74 144.65 143.57 142.50 141.44 140.40 139.36 138.34 137.34 136.34 135.36 134.38 133.42 132.48 131.54 130.62 129.70 128.80 127.91 127.04 126.17 125.32 124.48 123.65 122.83 122.03 121.25 120.50 119.79 119.14 118.53 118.00 117.54 117.17 116.89 116.71 116.64 116.68 116.79
275.50 270.72 265.83 260.87 255.79 250.59 245.28 239.89 234.43 228.94 223.42 217.90 212.41 206.96 201.58 196.28 191.17 186.41 182.01 177.95 174.23 170.84 167.78 165.02 162.56 160.40 158.52 156.91 155.53 154.24 152.96 151.70 150.46 149.23 148.01 146.81 145.62 144.45 143.29 142.14 141.01 139.89 138.79 137.70 136.63 135.57 134.52 133.49 132.47 131.47 130.48 129.50 128.54 127.59 126.66 125.74 124.83 123.94 123.07 122.22 121.40 120.63 119.90 119.24 118.65 118.13 117.70 117.37 117.13 117.02 117.01 117.06
276.42 271.65 266.79 261.86 256.86 251.78 246.59 241.33 236.00 230.62 225.23 219.85 214.48 209.16 203.91 198.74 193.77 189.14 184.86 180.94 177.35 174.08 171.14 168.51 166.17 164.13 162.37 160.84 159.41 157.99 156.60 155.21 153.85 152.50 151.17 149.85 148.55 147.27 146.01 144.76 143.52 142.31 141.11 139.92 138.75 137.60 136.47 135.35 134.24 133.16 132.09 131.03 129.99 128.97 127.96 126.97 126.00 125.04 124.10 123.18 122.30 121.46 120.67 119.94 119.29 118.72 118.23 117.84 117.56 117.39 117.33 117.34
