data_processed/recharge/precip/Precip_2013_03.asc
ncols        168
nrows        136
xllcorner    455000
yllcorner    2107000
cellsize     500
NODATA_value     -99999
[rows 37 to 73 of 136, columns 83 to 165 of 168]
6.10 6.19 6.25 6.28 6.28 6.25 6.19 6.10 5.99 5.86 5.70 5.52 5.31 5.09 4.85 4.61 4.36 4.14 3.96 3.85 3.80 3.80 3.84 3.93 4.05 4.19 4.35 4.52 4.70 4.90 5.11 5.34 5.58 5.83 6.09 6.37 6.64 6.90 7.14 7.36 7.57 7.77 7.96 8.15 8.35 8.54 8.74 8.96 9.18 9.41 9.68 10.00 10.37 10.78 11.23 11.70 12.20 12.71 13.24 13.76 14.27 14.77 15.24 15.65 16.01 16.30 16.51 16.64 16.70 16.78 16.92 17.12 17.37 17.66 17.97 18.30 18.60 18.87 19.10 19.29 19.43 19.51 19.55
6.11 6.23 6.31 6.36 6.37 6.34 6.29 6.21 6.10 5.97 5.80 5.60 5.38 5.14 4.89 4.63 4.37 4.13 3.95 3.82 3.76 3.75 3.79 3.87 3.99 4.15 4.32 4.51 4.71 4.92 5.15 5.39 5.65 5.92 6.20 6.48 6.73 6.97 7.19 7.40 7.59 7.78 7.95 8.13 8.31 8.49 8.68 8.87 9.07 9.29 9.52 9.78 10.10 10.46 10.86 11.30 11.77 12.26 12.76 13.27 13.77 14.26 14.71 15.11 15.47 15.76 15.98 16.13 16.20 16.29 16.45 16.67 16.93 17.22 17.54 17.88 18.21 18.52 18.77 18.98 19.13 19.22 19.25
6.13 6.27 6.37 6.44 6.46 6.45 6.41 6.33 6.22 6.08 5.90 5.68 5.45 5.20 4.94 4.67 4.40 4.15 3.95 3.82 3.75 3.74 3.77 3.85 3.97 4.13 4.32 4.52 4.74 4.98 5.22 5.49 5.76 6.05 6.33 6.59 6.82 7.04 7.25 7.44 7.61 7.78 7.95 8.11 8.27 8.44 8.61 8.79 8.97 9.17 9.38 9.61 9.86 10.17 10.53 10.93 11.36 11.82 12.30 12.79 13.27 13.73 14.16 14.56 14.90 15.19 15.42 15.58 15.67 15.78 15.96 16.18 16.45 16.75 17.07 17.41 17.74 18.07 18.35 18.57 18.73 18.83 18.86
6.16 6.32 6.44 6.52 6.56 6.56 6.53 6.45 6.34 6.18 5.99 5.77 5.53 5.27 4.99 4.72 4.44 4.18 3.98 3.85 3.77 3.75 3.79 3.87 3.99 4.15 4.35 4.57 4.81 5.07 5.33 5.61 5.91 6.19 6.46 6.70 6.92 7.12 7.30 7.48 7.64 7.79 7.95 8.09 8.24 8.39 8.55 8.71 8.88 9.06 9.25 9.45 9.68 9.93 10.24 10.59 10.98 11.41 11.86 12.31 12.76 13.20 13.61 13.99 14.32 14.61 14.85 15.01 15.12 15.24 15.43 15.66 15.94 16.24 16.56 16.90 17.23 17.55 17.84 18.08 18.26 18.36 18.39
6.21 6.37 6.50 6.60 6.66 6.67 6.64 6.57 6.44 6.28 6.08 5.86 5.61 5.34 5.06 4.78 4.50 4.24 4.03 3.90 3.82 3.80 3.84 3.92 4.05 4.22 4.42 4.66 4.92 5.19 5.48 5.78 6.07 6.34 6.59 6.81 7.01 7.19 7.36 7.52 7.67 7.81 7.94 8.08 8.21 8.35 8.49 8.63 8.79 8.95 9.12 9.31 9.51 9.73 9.98 10.28 10.63 11.02 11.42 11.84 12.25 12.66 13.05 13.41 13.74 14.02 14.26 14.43 14.54 14.68 14.88 15.12 15.40 15.70 16.02 16.35 16.67 16.98 17.27 17.52 17.70 17.81 17.83
6.28 6.43 6.57 6.68 6.75 6.78 6.75 6.66 6.54 6.37 6.17 5.94 5.69 5.42 5.14 4.86 4.57 4.31 4.11 3.97 3.90 3.88 3.92 4.01 4.15 4.33 4.54 4.79 5.06 5.36 5.67 5.97 6.24 6.49 6.72 6.92 7.10 7.27 7.42 7.56 7.69 7.82 7.94 8.07 8.19 8.31 8.43 8.56 8.70 8.84 9.00 9.16 9.35 9.54 9.76 10.01 10.31 10.65 11.01 11.38 11.75 12.13 12.49 12.83 13.15 13.43 13.66 13.83 13.96 14.11 14.31 14.55 14.83 15.13 15.45 15.77 16.08 16.38 16.65 16.89 17.07 17.18 17.21
6.36 6.52 6.65 6.76 6.84 6.86 6.83 6.75 6.62 6.45 6.25 6.02 5.77 5.50 5.22 4.94 4.66 4.39 4.19 4.06 4.00 3.99 4.04 4.14 4.29 4.48 4.70 4.96 5.25 5.57 5.88 6.16 6.41 6.64 6.85 7.03 7.19 7.34 7.48 7.60 7.72 7.84 7.95 8.06 8.16 8.27 8.38 8.49 8.61 8.74 8.88 9.03 9.19 9.37 9.56 9.78 10.02 10.30 10.60 10.93 11.27 11.61 11.94 12.26 12.56 12.83 13.05 13.23 13.37 13.52 13.73 13.97 14.25 14.55 14.86 15.17 15.47 15.75 16.00 16.22 16.38 16.49 16.55
6.46 6.61 6.74 6.84 6.90 6.92 6.89 6.81 6.69 6.52 6.32 6.10 5.85 5.58 5.31 5.03 4.75 4.49 4.30 4.18 4.12 4.12 4.18 4.30 4.46 4.66 4.91 5.18 5.49 5.80 6.09 6.35 6.58 6.79 6.98 7.14 7.29 7.42 7.54 7.65 7.75 7.85 7.95 8.05 8.14 8.23 8.33 8.43 8.53 8.64 8.76 8.89 9.03 9.19 9.37 9.55 9.75 9.97 10.22 10.50 10.80 11.10 11.41 11.70 11.98 12.24 12.46 12.63 12.77 12.93 13.14 13.38 13.66 13.95 14.25 14.55 14.83 15.10 15.33 15.52 15.67 15.79 15.87
6.57 6.72 6.84 6.92 6.96 6.97 6.93 6.86 6.74 6.58 6.39 6.16 5.92 5.67 5.40 5.13 4.86 4.61 4.42 4.31 4.26 4.28 4.36 4.48 4.66 4.88 5.15 5.45 5.75 6.04 6.30 6.54 6.75 6.94 7.11 7.25 7.38 7.50 7.60 7.70 7.78 7.87 7.96 8.04 8.12 8.20 8.28 8.36 8.45 8.54 8.65 8.76 8.88 9.02 9.17 9.33 9.50 9.67 9.87 10.10 10.35 10.61 10.89 11.16 11.42 11.65 11.87 12.04 12.18 12.34 12.55 12.79 13.06 13.34 13.63 13.91 14.18 14.43 14.64 14.81 14.96 15.08 15.17
6.69 6.82 6.92 6.98 7.01 7.00 6.96 6.88 6.77 6.62 6.44 6.23 5.99 5.75 5.49 5.23 4.97 4.73 4.56 4.46 4.43 4.46 4.55 4.70 4.90 5.14 5.43 5.72 6.01 6.27 6.51 6.73 6.92 7.09 7.24 7.36 7.48 7.57 7.66 7.74 7.82 7.89 7.96 8.03 8.10 8.17 8.23 8.30 8.37 8.45 8.54 8.63 8.74 8.85 8.97 9.11 9.24 9.39 9.55 9.73 9.93 10.15 10.39 10.63 10.87 11.09 11.29 11.46 11.60 11.76 11.96 12.20 12.46 12.73 13.00 13.27 13.52 13.74 13.93 14.10 14.25 14.38 14.48
6.81 6.92 7.00 7.04 7.05 7.03 6.97 6.90 6.79 6.65 6.48 6.28 6.06 5.82 5.58 5.33 5.09 4.86 4.71 4.62 4.61 4.66 4.78 4.95 5.17 5.43 5.72 5.99 6.25 6.49 6.71 6.91 7.08 7.24 7.37 7.47 7.57 7.65 7.72 7.79 7.85 7.91 7.97 8.03 8.08 8.14 8.19 8.24 8.30 8.36 8.43 8.51 8.59 8.68 8.78 8.89 9.00 9.12 9.25 9.39 9.54 9.73 9.92 10.13 10.34 10.55 10.73 10.89 11.03 11.19 11.39 11.61 11.86 12.12 12.38 12.62 12.85 13.06 13.24 13.41 13.57 13.69 13.80
6.92 7.01 7.06 7.08 7.08 7.04 6.98 6.90 6.79 6.66 6.50 6.32 6.11 5.89 5.67 5.44 5.21 5.00 4.86 4.80 4.81 4.88 5.02 5.22 5.46 5.73 5.99 6.24 6.47 6.69 6.89 7.07 7.24 7.37 7.49 7.59 7.66 7.73 7.79 7.84 7.88 7.93 7.98 8.03 8.07 8.11 8.15 8.19 8.23 8.27 8.32 8.38 8.45 8.52 8.59 8.67 8.76 8.86 8.96 9.08 9.20 9.33 9.49 9.67 9.85 10.03 10.20 10.35 10.48 10.63 10.82 11.04 11.28 11.52 11.76 11.98 12.19 12.39 12.57 12.74 12.89 13.02 13.13
7.01 7.08 7.11 7.11 7.09 7.05 6.98 6.89 6.78 6.65 6.51 6.34 6.16 5.96 5.75 5.54 5.33 5.15 5.03 4.99 5.02 5.12 5.29 5.51 5.75 6.00 6.23 6.46 6.67 6.87 7.06 7.22 7.37 7.50 7.61 7.69 7.76 7.81 7.85 7.89 7.92 7.95 7.99 8.03 8.06 8.08 8.11 8.13 8.16 8.19 8.22 8.26 8.31 8.36 8.41 8.47 8.54 8.61 8.70 8.78 8.88 8.98 9.10 9.24 9.39 9.55 9.70 9.83 9.96 10.10 10.28 10.49 10.70 10.93 11.14 11.35 11.55 11.74 11.92 12.09 12.24 12.37 12.47
7.09 7.13 7.14 7.13 7.10 7.04 6.97 6.87 6.77 6.64 6.51 6.36 6.19 6.02 5.83 5.64 5.46 5.30 5.20 5.19 5.25 5.38 5.57 5.79 6.02 6.24 6.45 6.65 6.84 7.03 7.20 7.35 7.49 7.61 7.71 7.79 7.85 7.88 7.91 7.93 7.95 7.98 8.00 8.02 8.04 8.06 8.07 8.08 8.09 8.10 8.12 8.15 8.17 8.21 8.24 8.29 8.33 8.39 8.45 8.51 8.59 8.66 8.75 8.85 8.97 9.10 9.23 9.35 9.47 9.60 9.77 9.95 10.15 10.36 10.55 10.75 10.94 11.13 11.30 11.46 11.61 11.74 11.84
7.15 7.17 7.16 7.13 7.09 7.02 6.94 6.85 6.74 6.62 6.50 6.36 6.22 6.06 5.90 5.74 5.58 5.45 5.38 5.40 5.49 5.65 5.84 6.04 6.24 6.44 6.63 6.81 6.98 7.15 7.31 7.45 7.58 7.69 7.79 7.86 7.92 7.96 7.97 7.98 7.99 8.00 8.01 8.03 8.03 8.03 8.03 8.03 8.03 8.03 8.03 8.04 8.05 8.07 8.09 8.12 8.15 8.18 8.22 8.27 8.32 8.38 8.44 8.51 8.60 8.70 8.80 8.91 9.01 9.13 9.28 9.45 9.63 9.81 10.00 10.18 10.36 10.54 10.71 10.87 11.01 11.13 11.23
7.19 7.19 7.16 7.12 7.06 6.99 6.91 6.81 6.71 6.59 6.48 6.35 6.23 6.10 5.97 5.83 5.71 5.60 5.57 5.62 5.74 5.90 6.07 6.24 6.42 6.59 6.76 6.93 7.09 7.24 7.38 7.52 7.64 7.75 7.84 7.92 7.98 8.01 8.03 8.03 8.03 8.02 8.03 8.03 8.02 8.01 8.00 7.98 7.97 7.96 7.95 7.95 7.95 7.95 7.96 7.97 7.98 8.00 8.02 8.05 8.08 8.12 8.17 8.22 8.27 8.34 8.42 8.51 8.59 8.70 8.83 8.98 9.14 9.31 9.48 9.65 9.82 9.99 10.15 10.30 10.43 10.55 10.65
7.21 7.19 7.15 7.09 7.02 6.94 6.86 6.76 6.66 6.56 6.45 6.34 6.23 6.13 6.02 5.92 5.82 5.75 5.75 5.84 5.96 6.10 6.25 6.39 6.55 6.70 6.85 7.00 7.15 7.29 7.42 7.55 7.67 7.77 7.86 7.94 8.00 8.05 8.07 8.07 8.06 8.05 8.04 8.03 8.01 7.99 7.97 7.94 7.92 7.90 7.89 7.87 7.86 7.85 7.84 7.84 7.84 7.84 7.85 7.86 7.88 7.90 7.93 7.96 8.00 8.04 8.09 8.16 8.22 8.31 8.43 8.56 8.70 8.85 9.00 9.16 9.32 9.48 9.63 9.77 9.89 10.01 10.10
7.22 7.17 7.11 7.05 6.97 6.89 6.80 6.70 6.61 6.51 6.42 6.32 6.23 6.15 6.07 6.00 5.94 5.90 5.94 6.03 6.13 6.24 6.36 6.49 6.62 6.75 6.89 7.03 7.16 7.29 7.42 7.54 7.65 7.76 7.85 7.93 8.00 8.05 8.08 8.10 8.09 8.07 8.05 8.03 8.01 7.98 7.95 7.92 7.89 7.86 7.84 7.82 7.79 7.77 7.76 7.74 7.73 7.72 7.72 7.71 7.72 7.72 7.73 7.75 7.77 7.79 7.82 7.86 7.91 7.98 8.07 8.18 8.30 8.43 8.57 8.72 8.86 9.00 9.14 9.27 9.39 9.50 9.58
7.20 7.13 7.06 6.98 6.90 6.81 6.72 6.63 6.54 6.45 6.37 6.29 6.22 6.16 6.11 6.07 6.05 6.05 6.09 6.15 6.23 6.32 6.41 6.52 6.63 6.75 6.87 7.00 7.12 7.25 7.37 7.49 7.60 7.70 7.80 7.88 7.96 8.02 8.06 8.09 8.10 8.09 8.07 8.04 8.01 7.97 7.94 7.91 7.88 7.84 7.81 7.78 7.75 7.72 7.70 7.67 7.65 7.63 7.62 7.60 7.59 7.58 7.58 7.58 7.58 7.59 7.60 7.62 7.65 7.70 7.77 7.85 7.96 8.07 8.19 8.32 8.45 8.58 8.70 8.82 8.93 9.03 9.10
7.15 7.07 6.98 6.90 6.81 6.72 6.63 6.54 6.46 6.38 6.32 6.26 6.21 6.17 6.15 6.14 6.15 6.16 6.18 6.22 6.27 6.33 6.41 6.50 6.59 6.70 6.81 6.92 7.04 7.15 7.27 7.39 7.50 7.60 7.70 7.80 7.88 7.95 8.00 8.05 8.07 8.08 8.08 8.05 8.02 7.99 7.95 7.92 7.88 7.84 7.81 7.77 7.74 7.70 7.67 7.64 7.61 7.58 7.55 7.53 7.50 7.48 7.47 7.45 7.44 7.44 7.44 7.44 7.45 7.47 7.52 7.58 7.67 7.76 7.86 7.97 8.08 8.20 8.31 8.42 8.51 8.60 8.67
7.02 6.93 6.84 6.75 6.66 6.58 6.50 6.42 6.36 6.30 6.25 6.22 6.20 6.19 6.21 6.24 6.26 6.26 6.26 6.27 6.29 6.34 6.39 6.46 6.54 6.63 6.72 6.82 6.93 7.04 7.16 7.27 7.38 7.49 7.59 7.69 7.78 7.86 7.93 7.98 8.03 8.06 8.08 8.08 8.06 8.02 7.98 7.95 7.91 7.87 7.83 7.79 7.74 7.70 7.66 7.62 7.58 7.54 7.51 7.47 7.44 7.40 7.37 7.35 7.32 7.30 7.29 7.28 7.28 7.30 7.32 7.36 7.42 7.50 7.58 7.67 7.77 7.87 7.97 8.06 8.15 8.22 8.28
6.81 6.72 6.63 6.55 6.47 6.40 6.33 6.28 6.24 6.21 6.19 6.19 6.21 6.24 6.30 6.35 6.36 6.36 6.34 6.33 6.33 6.35 6.38 6.42 6.48 6.56 6.64 6.73 6.83 6.93 7.03 7.14 7.25 7.36 7.47 7.57 7.66 7.75 7.83 7.90 7.96 8.02 8.07 8.11 8.11 8.08 8.04 8.00 7.95 7.91 7.86 7.81 7.77 7.72 7.67 7.62 7.57 7.52 7.47 7.42 7.38 7.33 7.29 7.25 7.21 7.17 7.14 7.13 7.14 7.15 7.16 7.18 7.22 7.28 7.35 7.42 7.51 7.59 7.68 7.76 7.83 7.90 7.96
6.53 6.45 6.37 6.30 6.24 6.19 6.15 6.13 6.12 6.12 6.15 6.19 6.25 6.33 6.41 6.45 6.46 6.44 6.42 6.40 6.38 6.37 6.37 6.40 6.44 6.49 6.56 6.63 6.72 6.81 6.91 7.01 7.12 7.23 7.33 7.44 7.54 7.63 7.72 7.81 7.89 7.98 8.06 8.13 8.16 8.15 8.12 8.07 8.02 7.97 7.91 7.86 7.80 7.74 7.68 7.62 7.56 7.50 7.44 7.38 7.32 7.26 7.20 7.15 7.09 7.04 7.01 7.00 7.00 7.01 7.03 7.04 7.06 7.10 7.15 7.21 7.28 7.36 7.43 7.50 7.57 7.63 7.67
6.19 6.12 6.07 6.03 5.99 5.97 5.97 5.98 6.01 6.06 6.13 6.23 6.34 6.45 6.52 6.55 6.55 6.52 6.49 6.46 6.43 6.40 6.38 6.38 6.40 6.43 6.48 6.54 6.61 6.70 6.79 6.88 6.98 7.09 7.19 7.30 7.40 7.50 7.60 7.71 7.82 7.93 8.05 8.14 8.20 8.22 8.20 8.15 8.10 8.04 7.98 7.91 7.85 7.78 7.71 7.64 7.56 7.49 7.42 7.34 7.27 7.19 7.12 7.04 6.98 6.93 6.90 6.88 6.89 6.90 6.91 6.92 6.94 6.96 6.99 7.04 7.10 7.16 7.22 7.29 7.35 7.40 7.44
5.81 5.77 5.75 5.73 5.74 5.76 5.80 5.86 5.94 6.04 6.17 6.32 6.46 6.56 6.61 6.63 6.62 6.59 6.55 6.51 6.47 6.43 6.40 6.37 6.37 6.38 6.41 6.46 6.51 6.58 6.66 6.75 6.85 6.95 7.05 7.16 7.26 7.37 7.49 7.61 7.75 7.89 8.03 8.15 8.23 8.27 8.28 8.25 8.19 8.12 8.05 7.98 7.90 7.82 7.74 7.65 7.57 7.48 7.39 7.30 7.21 7.12 7.03 6.94 6.88 6.83 6.80 6.79 6.79 6.80 6.81 6.82 6.83 6.85 6.87 6.91 6.95 7.00 7.06 7.11 7.16 7.21 7.25
5.40 5.40 5.41 5.44 5.49 5.56 5.65 5.76 5.90 6.07 6.26 6.44 6.57 6.66 6.70 6.71 6.69 6.65 6.61 6.56 6.52 6.47 6.42 6.38 6.35 6.34 6.35 6.38 6.42 6.48 6.54 6.62 6.71 6.80 6.90 7.01 7.12 7.24 7.38 7.52 7.68 7.84 8.00 8.14 8.25 8.31 8.34 8.33 8.28 8.21 8.13 8.04 7.96 7.86 7.77 7.67 7.57 7.47 7.37 7.26 7.15 7.04 6.94 6.86 6.79 6.74 6.71 6.70 6.70 6.71 6.72 6.73 6.74 6.76 6.77 6.80 6.83 6.87 6.92 6.97 7.01 7.06 7.09
4.98 5.03 5.08 5.16 5.27 5.39 5.54 5.72 5.93 6.16 6.38 6.55 6.67 6.75 6.78 6.78 6.76 6.71 6.66 6.60 6.55 6.50 6.45 6.40 6.35 6.32 6.31 6.31 6.34 6.38 6.43 6.50 6.58 6.66 6.76 6.86 6.98 7.12 7.27 7.44 7.61 7.79 7.97 8.13 8.25 8.34 8.38 8.39 8.36 8.30 8.21 8.12 8.01 7.91 7.80 7.69 7.57 7.46 7.34 7.21 7.09 6.97 6.87 6.78 6.72 6.67 6.64 6.63 6.63 6.64 6.64 6.65 6.67 6.68 6.70 6.72 6.74 6.77 6.81 6.86 6.90 6.94 6.97
4.57 4.66 4.78 4.91 5.08 5.27 5.49 5.74 6.02 6.28 6.50 6.65 6.76 6.83 6.85 6.84 6.81 6.76 6.70 6.64 6.58 6.52 6.47 6.41 6.36 6.31 6.27 6.26 6.26 6.29 6.33 6.38 6.45 6.53 6.62 6.73 6.86 7.01 7.18 7.35 7.54 7.74 7.93 8.11 8.25 8.35 8.41 8.43 8.42 8.37 8.29 8.19 8.07 7.95 7.83 7.70 7.57 7.44 7.30 7.16 7.02 6.90 6.80 6.72 6.66 6.61 6.58 6.57 6.57 6.57 6.58 6.59 6.60 6.62 6.63 6.65 6.67 6.70 6.73 6.77 6.81 6.84 6.87
4.18 4.32 4.50 4.71 4.94 5.21 5.51 5.83 6.15 6.40 6.60 6.75 6.84 6.90 6.91 6.90 6.86 6.80 6.73 6.67 6.61 6.54 6.48 6.42 6.36 6.31 6.25 6.22 6.20 6.21 6.23 6.27 6.33 6.40 6.49 6.61 6.75 6.91 7.09 7.28 7.48 7.69 7.90 8.09 8.24 8.36 8.43 8.46 8.46 8.42 8.35 8.25 8.13 7.99 7.85 7.71 7.56 7.41 7.25 7.10 6.96 6.85 6.75 6.67 6.61 6.57 6.54 6.52 6.52 6.53 6.53 6.54 6.55 6.56 6.58 6.60 6.62 6.64 6.67 6.71 6.74 6.78 6.81
3.87 4.03 4.27 4.56 4.87 5.22 5.60 5.97 6.27 6.51 6.70 6.83 6.91 6.96 6.97 6.94 6.90 6.83 6.76 6.70 6.63 6.56 6.49 6.43 6.36 6.30 6.25 6.19 6.16 6.14 6.15 6.17 6.22 6.29 6.39 6.51 6.66 6.83 7.01 7.21 7.42 7.64 7.86 8.06 8.23 8.35 8.43 8.47 8.48 8.45 8.39 8.29 8.17 8.02 7.87 7.70 7.54 7.37 7.20 7.05 6.92 6.80 6.71 6.64 6.58 6.53 6.51 6.49 6.49 6.49 6.49 6.50 6.51 6.52 6.54 6.56 6.58 6.60 6.63 6.66 6.69 6.73 6.76
3.69 3.84 4.12 4.48 4.88 5.32 5.74 6.10 6.38 6.61 6.78 6.90 6.98 7.01 7.01 6.98 6.93 6.86 6.79 6.72 6.64 6.57 6.50 6.43 6.36 6.30 6.24 6.18 6.13 6.10 6.08 6.09 6.13 6.21 6.31 6.43 6.59 6.76 6.95 7.15 7.37 7.59 7.82 8.03 8.20 8.33 8.42 8.47 8.48 8.45 8.40 8.31 8.19 8.04 7.87 7.69 7.50 7.32 7.15 7.01 6.88 6.77 6.68 6.61 6.55 6.51 6.48 6.47 6.46 6.46 6.46 6.47 6.48 6.49 6.51 6.52 6.54 6.57 6.60 6.63 6.66 6.70 6.73
3.63 3.80 4.09 4.49 4.98 5.46 5.87 6.21 6.49 6.70 6.86 6.97 7.03 7.06 7.05 7.01 6.96 6.88 6.81 6.73 6.66 6.58 6.51 6.43 6.36 6.30 6.23 6.17 6.11 6.07 6.03 6.04 6.07 6.15 6.25 6.37 6.53 6.70 6.89 7.10 7.32 7.54 7.78 8.00 8.17 8.30 8.39 8.45 8.46 8.44 8.38 8.29 8.18 8.03 7.85 7.66 7.46 7.28 7.12 6.98 6.86 6.75 6.67 6.59 6.54 6.50 6.47 6.45 6.45 6.44 6.45 6.45 6.46 6.47 6.48 6.50 6.52 6.55 6.57 6.61 6.64 6.68 6.74
3.70 3.89 4.21 4.64 5.14 5.60 5.99 6.32 6.58 6.78 6.92 7.02 7.08 7.09 7.08 7.04 6.98 6.90 6.82 6.74 6.66 6.59 6.51 6.43 6.36 6.29 6.22 6.16 6.10 6.05 6.02 6.01 6.05 6.11 6.21 6.33 6.48 6.65 6.84 7.05 7.27 7.50 7.74 7.96 8.13 8.27 8.36 8.41 8.43 8.40 8.35 8.26 8.13 7.98 7.81 7.61 7.42 7.25 7.09 6.96 6.84 6.74 6.66 6.59 6.53 6.49 6.46 6.45 6.44 6.44 6.44 6.44 6.45 6.46 6.47 6.49 6.51 6.53 6.56 6.59 6.63 6.69 6.78
3.90 4.13 4.49 4.91 5.32 5.73 6.10 6.41 6.66 6.84 6.98 7.07 7.11 7.12 7.10 7.06 6.99 6.91 6.83 6.75 6.67 6.59 6.51 6.43 6.35 6.28 6.21 6.15 6.09 6.05 6.02 6.02 6.04 6.10 6.19 6.31 6.46 6.62 6.81 7.02 7.23 7.46 7.70 7.92 8.09 8.22 8.31 8.36 8.37 8.35 8.29 8.19 8.07 7.91 7.74 7.56 7.39 7.22 7.08 6.95 6.83 6.74 6.66 6.59 6.54 6.50 6.47 6.45 6.44 6.44 6.44 6.44 6.44 6.45 6.47 6.48 6.50 6.53 6.55 6.59 6.65 6.74 6.87
4.24 4.52 4.87 5.21 5.56 5.89 6.21 6.49 6.73 6.90 7.02 7.10 7.14 7.14 7.12 7.07 7.00 6.92 6.83 6.75 6.67 6.59 6.50 6.43 6.35 6.27 6.20 6.14 6.09 6.06 6.05 6.05 6.07 6.12 6.20 6.31 6.45 6.61 6.79 6.99 7.20 7.43 7.66 7.87 8.04 8.17 8.26 8.30 8.31 8.27 8.21 8.10 7.97 7.82 7.66 7.50 7.35 7.21 7.07 6.94 6.84 6.74 6.67 6.60 6.55 6.51 6.48 6.46 6.45 6.44 6.44 6.44 6.45 6.46 6.47 6.48 6.50 6.53 6.56 6.62 6.71 6.84 7.00
4.70 4.98 5.27 5.55 5.82 6.08 6.33 6.57 6.78 6.95 7.06 7.13 7.16 7.16 7.12 7.07 7.00 6.92 6.83 6.75 6.66 6.58 6.50 6.42 6.34 6.27 6.20 6.14 6.11 6.09 6.08 6.10 6.12 6.17 6.24 6.34 6.46 6.61 6.78 6.97 7.18 7.39 7.62 7.83 7.99 8.11 8.19 8.23 8.22 8.18 8.10 7.99 7.86 7.72 7.58 7.45 7.32 7.19 7.06 6.95 6.85 6.76 6.68 6.62 6.57 6.53 6.50 6.48 6.47 6.46 6.45 6.45 6.46 6.46 6.48 6.49 6.51 6.54 6.59 6.69 6.83 6.99 7.16
5.22 5.45 5.67 5.89 6.09 6.29 6.48 6.66 6.84 6.99 7.09 7.15 7.17 7.16 7.13 7.07 7.00 6.91 6.83 6.74 6.66 6.57 6.49 6.41 6.33 6.26 6.20 6.16 6.13 6.12 6.13 6.15 6.19 6.24 6.30 6.38 6.50 6.63 6.79 6.97 7.16 7.37 7.58 7.78 7.94 8.05 8.12 8.14 8.12 8.07 7.98 7.87 7.75 7.63 7.51 7.39 7.28 7.17 7.06 6.96 6.86 6.78 6.70 6.64 6.59 6.56 6.53 6.50 6.49 6.48 6.47 6.47 6.47 6.48 6.49 6.50 6.53 6.58 6.68 6.82 6.99 7.18 7.37
