data_processed/recharge/precip/Precip_1994_10.asc
ncols        168
nrows        136
xllcorner    455000
yllcorner    2107000
cellsize     500
NODATA_value     -99999
[rows 34 to 67 of 136, columns 0 to 75 of 168]
145.46 146.32 146.70 146.62 146.13 145.27 144.08 142.62 140.94 139.09 137.09 134.95 132.70 130.36 127.94 125.47 122.96 120.44 117.92 115.42 112.90 110.32 107.67 104.92 102.07 99.08 95.95 92.77 89.63 86.53 83.47 80.48 77.55 74.67 71.71 68.54 65.19 61.71 58.14 54.55 50.97 47.46 44.07 40.85 37.85 35.14 32.86 31.13 29.96 29.37 29.35 29.92 31.07 32.45 33.63 34.56 35.24 35.66 35.82 35.73 35.49 35.30 35.22 35.26 35.43 35.75 36.21 36.84 37.65 38.63 39.82 41.20 42.63 43.88 44.90 45.68
140.97 141.90 142.35 142.35 141.94 141.18 140.10 138.74 137.16 135.39 133.49 131.46 129.34 127.13 124.85 122.54 120.20 117.86 115.53 113.18 110.79 108.33 105.79 103.14 100.37 97.46 94.40 91.29 88.21 85.18 82.19 79.27 76.41 73.62 70.90 68.11 65.12 61.97 58.70 55.36 52.00 48.68 45.45 42.35 39.45 36.90 34.83 33.25 32.16 31.57 31.49 31.93 32.88 34.05 35.05 35.85 36.43 36.81 36.97 36.92 36.66 36.30 36.04 35.93 36.01 36.26 36.71 37.37 38.24 39.34 40.66 42.07 43.33 44.40 45.27 45.93
136.43 137.42 137.93 138.01 137.69 137.01 136.03 134.78 133.30 131.64 129.84 127.93 125.93 123.86 121.74 119.59 117.43 115.27 113.10 110.90 108.64 106.30 103.87 101.32 98.64 95.81 92.83 89.79 86.78 83.81 80.90 78.04 75.26 72.55 69.92 67.37 64.75 61.96 59.01 55.97 52.87 49.77 46.72 43.79 41.13 38.87 37.02 35.59 34.58 34.01 33.88 34.20 34.96 35.92 36.75 37.42 37.93 38.27 38.44 38.45 38.28 37.94 37.54 37.30 37.28 37.47 37.91 38.59 39.53 40.73 42.04 43.24 44.29 45.17 45.88 46.41
131.88 132.92 133.49 133.63 133.39 132.79 131.90 130.74 129.37 127.82 126.13 124.35 122.49 120.57 118.61 116.63 114.65 112.66 110.64 108.58 106.45 104.24 101.92 99.48 96.90 94.15 91.24 88.27 85.33 82.44 79.60 76.82 74.11 71.47 68.92 66.47 64.09 61.67 59.08 56.36 53.55 50.71 47.89 45.28 42.98 41.01 39.39 38.12 37.21 36.66 36.49 36.69 37.27 38.03 38.70 39.25 39.69 40.00 40.19 40.26 40.20 40.00 39.68 39.36 39.23 39.37 39.80 40.50 41.50 42.65 43.72 44.67 45.50 46.18 46.73 47.12
127.34 128.42 129.05 129.25 129.07 128.55 127.74 126.67 125.40 123.95 122.38 120.72 119.00 117.24 115.44 113.64 111.84 110.02 108.16 106.24 104.25 102.16 99.96 97.62 95.14 92.47 89.64 86.74 83.88 81.06 78.30 75.59 72.96 70.41 67.94 65.56 63.29 61.11 58.89 56.52 54.03 51.49 49.07 46.88 44.96 43.31 41.92 40.83 40.01 39.50 39.29 39.39 39.79 40.36 40.87 41.32 41.69 41.98 42.20 42.34 42.39 42.36 42.24 42.03 41.86 41.95 42.36 43.08 43.99 44.86 45.65 46.34 46.93 47.42 47.79 48.05
122.84 123.96 124.63 124.88 124.76 124.31 123.57 122.59 121.40 120.06 118.59 117.05 115.47 113.86 112.25 110.63 109.01 107.35 105.65 103.88 102.03 100.07 97.99 95.76 93.37 90.80 88.04 85.22 82.43 79.70 77.01 74.39 71.83 69.36 66.97 64.68 62.49 60.41 58.44 56.44 54.32 52.24 50.33 48.60 47.06 45.72 44.59 43.66 42.96 42.49 42.25 42.25 42.49 42.87 43.24 43.58 43.90 44.18 44.43 44.65 44.82 44.96 45.05 45.10 45.10 45.19 45.57 46.17 46.77 47.31 47.80 48.23 48.59 48.87 49.07 49.17
118.41 119.56 120.27 120.56 120.50 120.11 119.44 118.53 117.43 116.17 114.80 113.37 111.90 110.46 109.03 107.60 106.16 104.68 103.14 101.52 99.81 97.98 96.02 93.90 91.62 89.13 86.46 83.71 81.01 78.35 75.74 73.20 70.73 68.34 66.04 63.83 61.73 59.74 57.87 56.13 54.53 53.04 51.65 50.38 49.24 48.22 47.34 46.61 46.02 45.60 45.34 45.25 45.33 45.53 45.76 46.01 46.28 46.56 46.86 47.16 47.46 47.78 48.09 48.40 48.71 49.01 49.28 49.53 49.77 49.99 50.18 50.33 50.45 50.52 50.53 50.48
114.08 115.26 115.99 116.33 116.31 115.97 115.36 114.52 113.49 112.32 111.04 109.71 108.36 107.05 105.81 104.57 103.31 102.00 100.63 99.16 97.60 95.90 94.06 92.06 89.87 87.49 84.89 82.23 79.61 77.03 74.51 72.05 69.66 67.36 65.14 63.03 61.01 59.11 57.36 55.88 54.77 53.86 53.01 52.22 51.47 50.79 50.17 49.63 49.17 48.80 48.53 48.35 48.29 48.32 48.42 48.59 48.82 49.10 49.44 49.84 50.29 50.79 51.33 51.92 52.53 53.03 53.21 53.12 52.99 52.87 52.75 52.63 52.50 52.35 52.17 51.96
109.88 111.08 111.83 112.20 112.21 111.92 111.37 110.59 109.63 108.53 107.34 106.11 104.89 103.73 102.61 101.55 100.47 99.34 98.13 96.82 95.40 93.84 92.13 90.24 88.16 85.87 83.36 80.78 78.24 75.75 73.31 70.94 68.64 66.43 64.30 62.27 60.35 58.57 57.06 55.93 55.16 54.70 54.38 54.06 53.73 53.38 53.04 52.70 52.37 52.06 51.79 51.54 51.34 51.21 51.19 51.28 51.47 51.77 52.17 52.67 53.26 53.95 54.73 55.59 56.38 56.89 57.05 56.85 56.41 55.95 55.52 55.11 54.73 54.35 53.98 53.60
105.85 107.04 107.82 108.21 108.25 108.00 107.49 106.77 105.87 104.84 103.74 102.63 101.56 100.52 99.53 98.57 97.64 96.69 95.65 94.50 93.22 91.80 90.22 88.45 86.48 84.28 81.87 79.37 76.92 74.51 72.16 69.88 67.68 65.55 63.52 61.58 59.78 58.25 57.10 56.32 55.85 55.68 55.75 55.89 55.97 55.98 55.91 55.78 55.60 55.36 55.09 54.78 54.44 54.16 54.02 54.04 54.21 54.53 55.00 55.61 56.36 57.25 58.26 59.26 60.03 60.50 60.66 60.48 59.96 59.21 58.46 57.77 57.12 56.51 55.93 55.38
101.99 103.19 103.98 104.38 104.45 104.23 103.76 103.08 102.24 101.29 100.31 99.35 98.41 97.49 96.59 95.73 94.89 94.07 93.20 92.21 91.09 89.81 88.35 86.70 84.84 82.75 80.42 78.02 75.65 73.33 71.08 68.89 66.77 64.74 62.80 60.99 59.45 58.29 57.49 57.02 56.84 56.92 57.22 57.70 58.18 58.54 58.76 58.85 58.82 58.66 58.40 58.03 57.57 57.14 56.90 56.86 57.01 57.36 57.90 58.63 59.54 60.63 61.75 62.69 63.39 63.83 63.99 63.84 63.38 62.58 61.56 60.57 59.66 58.81 58.03 57.30
98.36 99.55 100.34 100.75 100.84 100.64 100.20 99.56 98.78 97.96 97.13 96.30 95.48 94.67 93.86 93.07 92.29 91.54 90.79 89.96 88.99 87.86 86.53 85.01 83.26 81.27 79.04 76.72 74.45 72.22 70.06 67.96 65.94 64.01 62.19 60.65 59.48 58.69 58.22 58.04 58.13 58.44 58.93 59.59 60.34 61.05 61.56 61.88 62.00 61.93 61.69 61.27 60.69 60.13 59.79 59.70 59.84 60.23 60.85 61.71 62.78 63.94 64.97 65.81 66.44 66.85 67.01 66.90 66.49 65.78 64.75 63.52 62.33 61.24 60.24 59.33
94.98 96.15 96.93 97.34 97.44 97.26 96.84 96.26 95.60 94.93 94.24 93.53 92.82 92.09 91.37 90.64 89.92 89.20 88.49 87.77 86.95 85.96 84.77 83.38 81.74 79.86 77.72 75.50 73.32 71.19 69.12 67.12 65.20 63.39 61.84 60.69 59.90 59.44 59.28 59.38 59.70 60.22 60.89 61.69 62.57 63.48 64.28 64.83 65.12 65.15 64.93 64.47 63.79 63.09 62.66 62.52 62.67 63.10 63.81 64.79 65.90 66.94 67.84 68.58 69.16 69.53 69.69 69.61 69.28 68.66 67.75 66.53 65.13 63.79 62.57 61.46
91.87 93.02 93.79 94.19 94.29 94.12 93.75 93.28 92.78 92.24 91.67 91.08 90.46 89.81 89.16 88.48 87.80 87.10 86.40 85.70 84.98 84.13 83.08 81.81 80.30 78.52 76.48 74.35 72.27 70.24 68.27 66.37 64.57 63.04 61.90 61.13 60.69 60.55 60.67 61.02 61.56 62.26 63.09 64.00 64.97 65.95 66.91 67.68 68.14 68.28 68.09 67.60 66.82 66.00 65.49 65.31 65.47 65.95 66.75 67.73 68.69 69.56 70.33 70.99 71.49 71.84 72.00 71.95 71.69 71.17 70.39 69.33 67.96 66.43 64.99 63.68
89.06 90.19 90.93 91.33 91.42 91.28 91.02 90.71 90.35 89.93 89.48 88.98 88.44 87.87 87.27 86.63 85.98 85.29 84.59 83.88 83.15 82.38 81.47 80.33 78.93 77.27 75.33 73.30 71.31 69.38 67.51 65.74 64.23 63.11 62.37 61.96 61.84 62.00 62.38 62.96 63.70 64.56 65.52 66.53 67.56 68.58 69.55 70.42 71.04 71.29 71.15 70.63 69.75 68.82 68.24 68.03 68.21 68.74 69.50 70.30 71.06 71.78 72.42 72.98 73.43 73.74 73.91 73.90 73.70 73.28 72.64 71.73 70.56 69.10 67.49 65.98
86.59 87.68 88.40 88.77 88.88 88.86 88.75 88.59 88.35 88.05 87.70 87.28 86.82 86.31 85.75 85.14 84.50 83.82 83.10 82.36 81.59 80.79 79.95 78.93 77.66 76.11 74.27 72.34 70.46 68.63 66.89 65.41 64.33 63.62 63.24 63.17 63.36 63.79 64.41 65.20 66.11 67.12 68.18 69.27 70.34 71.37 72.31 73.14 73.80 74.15 74.06 73.53 72.57 71.53 70.88 70.66 70.84 71.31 71.85 72.42 73.00 73.55 74.08 74.54 74.92 75.21 75.38 75.41 75.27 74.96 74.45 73.71 72.74 71.50 69.98 68.34
84.48 85.53 86.21 86.59 86.82 86.95 86.99 86.95 86.83 86.64 86.37 86.03 85.63 85.16 84.63 84.04 83.40 82.71 81.97 81.19 80.37 79.50 78.60 77.64 76.49 75.05 73.32 71.50 69.71 68.02 66.58 65.54 64.87 64.54 64.51 64.75 65.23 65.91 66.75 67.72 68.79 69.91 71.06 72.20 73.30 74.31 75.21 75.96 76.53 76.86 76.81 76.27 75.23 74.10 73.39 73.14 73.22 73.43 73.73 74.07 74.46 74.86 75.26 75.63 75.95 76.21 76.38 76.45 76.39 76.18 75.80 75.23 74.45 73.45 72.19 70.67
82.77 83.77 84.44 84.93 85.31 85.59 85.77 85.85 85.84 85.73 85.54 85.27 84.91 84.48 83.97 83.39 82.74 82.02 81.25 80.41 79.52 78.58 77.59 76.55 75.44 74.11 72.49 70.77 69.12 67.73 66.74 66.12 65.85 65.87 66.18 66.71 67.45 68.36 69.40 70.53 71.72 72.95 74.16 75.33 76.43 77.41 78.24 78.89 79.32 79.50 79.38 78.81 77.70 76.48 75.72 75.33 75.13 75.06 75.09 75.22 75.42 75.66 75.94 76.22 76.48 76.71 76.89 77.00 77.01 76.90 76.66 76.26 75.68 74.91 73.91 72.68
81.48 82.46 83.24 83.89 84.42 84.84 85.13 85.32 85.40 85.38 85.25 85.03 84.71 84.30 83.79 83.21 82.54 81.79 80.97 80.07 79.10 78.07 76.97 75.81 74.60 73.30 71.78 70.20 68.87 67.93 67.37 67.16 67.25 67.62 68.23 69.04 70.02 71.13 72.34 73.62 74.92 76.22 77.47 78.65 79.72 80.65 81.39 81.92 82.19 82.18 81.85 81.15 79.97 78.66 77.72 77.02 76.50 76.14 75.93 75.83 75.84 75.93 76.08 76.27 76.48 76.69 76.87 77.02 77.10 77.10 76.99 76.76 76.38 75.84 75.12 74.19
80.67 81.76 82.70 83.50 84.17 84.71 85.12 85.41 85.57 85.61 85.54 85.35 85.06 84.66 84.15 83.55 82.85 82.05 81.17 80.20 79.14 78.01 76.79 75.51 74.15 72.72 71.23 69.95 69.09 68.60 68.46 68.63 69.07 69.76 70.65 71.71 72.90 74.20 75.56 76.96 78.35 79.70 80.98 82.14 83.17 84.01 84.65 85.03 85.13 84.91 84.34 83.38 82.00 80.48 79.20 78.14 77.31 76.67 76.20 75.89 75.71 75.65 75.68 75.78 75.93 76.11 76.30 76.49 76.64 76.74 76.77 76.71 76.54 76.23 75.77 75.14
80.31 81.55 82.65 83.61 84.41 85.07 85.59 85.97 86.21 86.32 86.30 86.15 85.88 85.49 84.98 84.35 83.62 82.78 81.83 80.78 79.64 78.40 77.07 75.64 74.14 72.53 70.82 69.71 69.29 69.25 69.51 70.06 70.84 71.84 73.00 74.31 75.71 77.19 78.69 80.20 81.67 83.06 84.35 85.50 86.47 87.23 87.75 87.98 87.89 87.46 86.63 85.40 83.82 82.09 80.44 79.02 77.86 76.92 76.19 75.65 75.27 75.04 74.93 74.93 75.01 75.15 75.34 75.55 75.76 75.96 76.11 76.21 76.22 76.14 75.94 75.59
80.26 81.58 82.83 83.94 84.90 85.69 86.32 86.80 87.13 87.32 87.36 87.25 87.01 86.64 86.14 85.50 84.74 83.86 82.86 81.75 80.52 79.19 77.74 76.20 74.54 72.64 70.55 69.16 68.92 69.30 69.98 70.91 72.05 73.36 74.81 76.36 77.99 79.65 81.31 82.94 84.49 85.94 87.26 88.39 89.32 90.00 90.41 90.49 90.23 89.59 88.53 87.12 85.49 83.71 81.85 80.07 78.55 77.28 76.26 75.45 74.85 74.42 74.15 74.01 73.99 74.07 74.22 74.43 74.68 74.93 75.18 75.41 75.58 75.69 75.71 75.63
80.49 81.86 83.19 84.45 85.56 86.49 87.25 87.85 88.28 88.55 88.66 88.61 88.41 88.07 87.58 86.94 86.17 85.26 84.22 83.05 81.75 80.33 78.79 77.11 75.18 72.93 70.48 68.74 68.23 68.78 69.87 71.19 72.69 74.33 76.07 77.89 79.75 81.60 83.43 85.18 86.84 88.35 89.70 90.83 91.73 92.34 92.65 92.60 92.18 91.34 90.13 88.67 87.02 85.22 83.31 81.32 79.43 77.81 76.47 75.37 74.50 73.85 73.38 73.09 72.94 72.92 73.01 73.18 73.43 73.72 74.03 74.35 74.66 74.93 75.15 75.29
80.98 82.40 83.78 85.11 86.36 87.44 88.34 89.06 89.60 89.96 90.15 90.18 90.03 89.72 89.26 88.63 87.86 86.93 85.86 84.64 83.28 81.78 80.13 78.21 75.93 73.35 70.59 68.53 67.70 68.00 69.25 70.95 72.82 74.80 76.85 78.94 81.04 83.10 85.10 87.00 88.76 90.35 91.73 92.88 93.75 94.31 94.52 94.36 93.78 92.82 91.57 90.09 88.41 86.59 84.66 82.63 80.53 78.55 76.85 75.43 74.27 73.36 72.67 72.18 71.87 71.73 71.72 71.84 72.05 72.34 72.69 73.08 73.49 73.89 74.27 74.63
81.70 83.16 84.59 85.97 87.28 88.50 89.55 90.40 91.06 91.53 91.81 91.91 91.83 91.57 91.14 90.53 89.76 88.83 87.73 86.48 85.07 83.49 81.61 79.36 76.76 73.88 70.85 68.52 67.40 67.39 68.41 70.27 72.50 74.83 77.19 79.57 81.91 84.19 86.37 88.42 90.30 91.98 93.42 94.58 95.44 95.95 96.09 95.81 95.14 94.14 92.87 91.37 89.67 87.83 85.88 83.82 81.69 79.50 77.44 75.66 74.19 72.99 72.04 71.33 70.84 70.53 70.40 70.42 70.57 70.84 71.19 71.62 72.09 72.60 73.13 73.72
82.62 84.12 85.59 87.01 88.37 89.65 90.83 91.82 92.61 93.20 93.58 93.77 93.76 93.56 93.17 92.60 91.84 90.91 89.80 88.52 87.05 85.26 83.07 80.52 77.65 74.51 71.25 68.68 67.31 67.03 67.77 69.41 71.79 74.46 77.15 79.82 82.42 84.93 87.31 89.52 91.53 93.30 94.80 96.00 96.85 97.33 97.39 97.05 96.35 95.33 94.04 92.52 90.80 88.94 86.97 84.89 82.73 80.50 78.24 76.11 74.28 72.77 71.53 70.57 69.85 69.36 69.07 68.97 69.03 69.24 69.57 70.00 70.51 71.11 71.80 72.60
83.71 85.25 86.76 88.21 89.60 90.93 92.17 93.29 94.22 94.93 95.42 95.70 95.78 95.65 95.32 94.78 94.06 93.14 92.02 90.71 89.05 86.96 84.49 81.67 78.56 75.21 71.75 69.00 67.41 66.90 67.39 68.78 70.96 73.77 76.78 79.75 82.63 85.37 87.95 90.33 92.48 94.36 95.94 97.17 98.03 98.48 98.51 98.14 97.42 96.38 95.07 93.53 91.80 89.92 87.93 85.84 83.66 81.41 79.10 76.77 74.59 72.72 71.17 69.93 68.96 68.25 67.77 67.52 67.46 67.58 67.85 68.26 68.80 69.48 70.32 71.29
84.94 86.52 88.06 89.54 90.97 92.33 93.60 94.78 95.83 96.67 97.29 97.68 97.85 97.80 97.53 97.05 96.36 95.46 94.34 92.85 90.91 88.56 85.84 82.80 79.49 75.96 72.35 69.44 67.68 66.98 67.27 68.43 70.37 73.00 76.15 79.42 82.57 85.56 88.36 90.93 93.22 95.22 96.87 98.16 99.04 99.48 99.48 99.09 98.35 97.30 95.97 94.41 92.67 90.77 88.77 86.66 84.46 82.19 79.86 77.49 75.11 72.89 71.00 69.44 68.19 67.23 66.54 66.10 65.89 65.88 66.07 66.44 67.00 67.77 68.71 69.82
86.28 87.89 89.46 90.98 92.44 93.82 95.12 96.33 97.44 98.40 99.15 99.66 99.93 99.97 99.77 99.35 98.71 97.82 96.55 94.80 92.61 90.02 87.09 83.87 80.41 76.74 73.02 69.99 68.09 67.25 67.37 68.34 70.09 72.50 75.48 78.88 82.31 85.56 88.59 91.34 93.80 95.92 97.67 99.02 99.91 100.33 100.32 99.91 99.15 98.08 96.74 95.17 93.41 91.50 89.48 87.35 85.14 82.86 80.51 78.12 75.70 73.28 71.03 69.13 67.57 66.33 65.39 64.74 64.34 64.19 64.27 64.60 65.17 65.97 66.98 68.19
87.70 89.35 90.94 92.49 93.97 95.38 96.71 97.94 99.07 100.09 100.95 101.58 101.97 102.11 102.00 101.65 101.04 100.02 98.50 96.52 94.11 91.34 88.24 84.88 81.29 77.53 73.73 70.62 68.63 67.68 67.67 68.50 70.09 72.32 75.11 78.36 81.91 85.42 88.68 91.64 94.27 96.52 98.38 99.76 100.64 101.04 101.01 100.59 99.82 98.73 97.38 95.79 94.02 92.10 90.07 87.93 85.70 83.40 81.04 78.63 76.19 73.73 71.29 69.04 67.13 65.58 64.37 63.47 62.87 62.55 62.52 62.78 63.32 64.12 65.16 66.44
89.18 90.85 92.47 94.04 95.55 96.98 98.33 99.58 100.73 101.77 102.68 103.42 103.93 104.18 104.17 103.87 103.15 101.91 100.17 97.98 95.40 92.48 89.26 85.79 82.12 78.30 74.46 71.32 69.28 68.26 68.16 68.89 70.35 72.44 75.08 78.16 81.58 85.20 88.70 91.87 94.67 97.08 98.99 100.37 101.24 101.62 101.58 101.14 100.35 99.26 97.89 96.29 94.51 92.58 90.53 88.39 86.15 83.83 81.46 79.04 76.58 74.10 71.62 69.17 66.92 65.03 63.51 62.34 61.50 61.00 60.84 61.00 61.47 62.23 63.27 64.58
90.69 92.38 94.02 95.61 97.14 98.59 99.95 101.23 102.39 103.44 104.37 105.16 105.77 106.14 106.21 105.83 104.89 103.44 101.52 99.17 96.46 93.42 90.11 86.58 82.87 79.04 75.20 72.06 70.01 68.95 68.81 69.47 70.85 72.85 75.37 78.31 81.59 85.10 88.70 92.08 95.07 97.57 99.49 100.85 101.70 102.07 102.01 101.56 100.76 99.65 98.27 96.67 94.88 92.94 90.88 88.72 86.47 84.15 81.76 79.33 76.85 74.36 71.87 69.38 66.93 64.70 62.84 61.37 60.29 59.59 59.26 59.28 59.64 60.33 61.33 62.62
92.19 93.90 95.56 97.17 98.71 100.17 101.56 102.84 104.02 105.08 106.02 106.82 107.48 107.92 107.92 107.34 106.22 104.60 102.53 100.07 97.26 94.15 90.80 87.24 83.53 79.72 75.92 72.82 70.79 69.75 69.59 70.23 71.57 73.51 75.95 78.81 81.97 85.35 88.86 92.33 95.44 97.94 99.84 101.19 102.02 102.38 102.31 101.85 101.04 99.92 98.54 96.92 95.12 93.18 91.12 88.95 86.69 84.35 81.95 79.51 77.02 74.52 72.01 69.50 67.02 64.59 62.40 60.61 59.26 58.32 57.78 57.63 57.85 58.43 59.35 60.60
93.66 95.38 97.06 98.68 100.23 101.71 103.10 104.40 105.59 106.66 107.61 108.42 109.05 109.34 109.13 108.38 107.11 105.36 103.19 100.65 97.79 94.65 91.28 87.74 84.06 80.31 76.60 73.59 71.62 70.62 70.50 71.15 72.49 74.41 76.81 79.61 82.71 86.00 89.40 92.70 95.69 98.17 100.06 101.40 102.22 102.57 102.49 102.02 101.20 100.07 98.68 97.06 95.25 93.30 91.23 89.06 86.79 84.44 82.04 79.58 77.08 74.57 72.04 69.53 67.03 64.57 62.20 60.10 58.44 57.23 56.44 56.08 56.12 56.55 57.36 58.53
