data_processed/recharge/precip/Precip_1984_09.asc
ncols        168
nrows        136
xllcorner    455000
yllcorner    2107000
cellsize     500
NODATA_value     -99999
[rows 64 to 95 of 136, columns 73 to 145 of 168]
146.13 140.51 135.13 129.98 125.09 120.43 116.03 111.87 107.96 104.31 100.91 97.76 94.87 92.24 89.87 87.76 85.91 84.32 83.00 81.89 80.93 80.11 79.43 78.90 78.51 78.28 78.21 78.29 78.52 78.83 79.18 79.58 80.03 80.53 81.09 81.72 82.41 83.18 84.03 84.96 85.98 87.10 88.31 89.62 91.05 92.58 94.23 96.01 97.91 99.94 102.11 104.36 106.66 109.00 111.38 113.78 116.21 118.66 121.11 123.58 126.05 128.51 130.96 133.40 135.82 138.21 140.57 142.89 145.17 147.40 149.58 151.70 153.75
146.59 140.91 135.46 130.26 125.30 120.59 116.13 111.92 107.96 104.25 100.80 97.60 94.67 91.99 89.58 87.42 85.54 83.92 82.56 81.47 80.60 79.88 79.31 78.89 78.62 78.51 78.55 78.74 79.00 79.31 79.65 80.04 80.47 80.97 81.52 82.14 82.83 83.59 84.43 85.35 86.37 87.47 88.68 89.99 91.40 92.93 94.58 96.34 98.24 100.27 102.43 104.67 106.97 109.31 111.68 114.08 116.51 118.96 121.41 123.88 126.35 128.81 131.27 133.71 136.13 138.53 140.90 143.23 145.52 147.76 149.94 152.07 154.14
147.12 141.38 135.88 130.63 125.62 120.86 116.36 112.10 108.10 104.36 100.87 97.63 94.66 91.95 89.51 87.32 85.41 83.76 82.38 81.27 80.43 79.81 79.36 79.05 78.90 78.91 79.06 79.28 79.54 79.83 80.17 80.54 80.97 81.46 82.00 82.61 83.29 84.04 84.88 85.79 86.80 87.90 89.10 90.40 91.81 93.33 94.97 96.73 98.62 100.64 102.79 105.03 107.32 109.66 112.03 114.43 116.85 119.30 121.76 124.22 126.69 129.16 131.62 134.07 136.49 138.89 141.27 143.60 145.90 148.15 150.35 152.49 154.57
147.71 141.93 136.39 131.10 126.06 121.26 116.72 112.44 108.40 104.63 101.11 97.85 94.86 92.12 89.65 87.45 85.52 83.85 82.46 81.34 80.49 79.92 79.57 79.39 79.36 79.48 79.67 79.88 80.13 80.41 80.73 81.10 81.52 82.00 82.53 83.13 83.80 84.55 85.37 86.28 87.28 88.37 89.56 90.85 92.25 93.77 95.40 97.15 99.04 101.05 103.20 105.43 107.72 110.05 112.42 114.81 117.24 119.68 122.14 124.61 127.08 129.55 132.01 134.46 136.89 139.30 141.68 144.02 146.32 148.58 150.79 152.94 155.03
148.38 142.56 136.99 131.67 126.60 121.79 117.22 112.91 108.86 105.07 101.53 98.26 95.25 92.51 90.03 87.82 85.88 84.21 82.81 81.69 80.84 80.27 79.97 79.91 80.00 80.15 80.33 80.53 80.77 81.04 81.35 81.71 82.12 82.59 83.11 83.71 84.37 85.10 85.92 86.82 87.81 88.89 90.07 91.36 92.75 94.26 95.88 97.63 99.50 101.51 103.65 105.88 108.16 110.48 112.85 115.24 117.66 120.10 122.56 125.03 127.50 129.97 132.44 134.89 137.33 139.74 142.12 144.47 146.78 149.05 151.27 153.43 155.52
149.12 143.28 137.69 132.35 127.27 122.44 117.86 113.54 109.48 105.68 102.14 98.86 95.85 93.10 90.63 88.42 86.48 84.82 83.43 82.31 81.48 80.92 80.64 80.62 80.73 80.88 81.04 81.23 81.46 81.72 82.02 82.37 82.77 83.23 83.74 84.33 84.98 85.70 86.51 87.40 88.38 89.46 90.63 91.90 93.29 94.79 96.40 98.14 100.01 102.01 104.14 106.37 108.64 110.96 113.32 115.71 118.13 120.57 123.02 125.49 127.96 130.44 132.90 135.36 137.80 140.22 142.61 144.96 147.28 149.55 151.78 153.95 156.06
149.93 144.08 138.49 133.14 128.05 123.22 118.64 114.32 110.26 106.46 102.93 99.66 96.65 93.92 91.45 89.26 87.33 85.69 84.31 83.22 82.40 81.87 81.59 81.50 81.53 81.65 81.81 81.99 82.20 82.45 82.74 83.08 83.47 83.92 84.42 84.99 85.64 86.35 87.15 88.03 89.00 90.07 91.23 92.50 93.88 95.37 96.97 98.70 100.56 102.55 104.68 106.90 109.17 111.48 113.83 116.22 118.64 121.07 123.53 125.99 128.47 130.94 133.41 135.87 138.31 140.73 143.13 145.49 147.81 150.10 152.33 154.51 156.63
150.82 144.97 139.38 134.04 128.96 124.13 119.56 115.25 111.20 107.42 103.90 100.65 97.66 94.95 92.51 90.33 88.44 86.82 85.47 84.41 83.63 83.10 82.76 82.54 82.45 82.49 82.62 82.79 82.99 83.23 83.51 83.84 84.22 84.65 85.15 85.71 86.34 87.05 87.84 88.71 89.67 90.72 91.88 93.14 94.51 95.99 97.59 99.31 101.16 103.14 105.26 107.47 109.73 112.04 114.39 116.77 119.18 121.62 124.07 126.54 129.01 131.48 133.95 136.41 138.86 141.29 143.68 146.05 148.38 150.67 152.91 155.10 157.23
151.78 145.95 140.37 135.05 129.98 125.17 120.62 116.34 112.31 108.56 105.06 101.84 98.88 96.20 93.79 91.66 89.80 88.21 86.91 85.89 85.12 84.53 84.07 83.73 83.52 83.45 83.50 83.65 83.84 84.06 84.33 84.65 85.02 85.44 85.92 86.47 87.09 87.79 88.57 89.43 90.38 91.43 92.57 93.82 95.18 96.65 98.24 99.96 101.80 103.77 105.88 108.08 110.34 112.64 114.98 117.36 119.77 122.20 124.65 127.12 129.59 132.06 134.54 137.00 139.45 141.88 144.28 146.65 148.99 151.28 153.53 155.73 157.86
152.83 147.02 141.47 136.17 131.13 126.35 121.83 117.58 113.59 109.87 106.41 103.23 100.32 97.68 95.31 93.22 91.41 89.88 88.62 87.63 86.80 86.10 85.52 85.07 84.75 84.55 84.49 84.56 84.73 84.94 85.20 85.50 85.86 86.27 86.75 87.28 87.89 88.58 89.35 90.20 91.14 92.17 93.31 94.55 95.90 97.36 98.94 100.65 102.48 104.45 106.55 108.74 110.99 113.28 115.62 117.99 120.40 122.83 125.27 127.74 130.21 132.68 135.15 137.62 140.07 142.50 144.91 147.29 149.63 151.93 154.18 156.39 158.53
153.96 148.19 142.67 137.41 132.41 127.67 123.19 118.98 115.04 111.36 107.96 104.82 101.96 99.38 97.06 95.03 93.28 91.80 90.59 89.54 88.61 87.80 87.11 86.55 86.11 85.80 85.63 85.59 85.68 85.87 86.12 86.41 86.75 87.15 87.61 88.14 88.74 89.42 90.17 91.01 91.94 92.97 94.09 95.32 96.66 98.11 99.68 101.38 103.20 105.16 107.25 109.44 111.68 113.97 116.30 118.66 121.06 123.49 125.93 128.39 130.86 133.34 135.81 138.28 140.73 143.16 145.57 147.96 150.30 152.61 154.87 157.08 159.23
155.18 149.45 143.97 138.76 133.81 129.13 124.70 120.55 116.66 113.04 109.70 106.62 103.82 101.30 99.06 97.09 95.41 93.98 92.72 91.57 90.54 89.62 88.83 88.16 87.61 87.19 86.91 86.76 86.74 86.86 87.08 87.36 87.69 88.08 88.53 89.05 89.63 90.30 91.04 91.87 92.79 93.80 94.92 96.14 97.46 98.91 100.47 102.15 103.97 105.91 108.00 110.17 112.41 114.69 117.01 119.37 121.77 124.19 126.63 129.09 131.56 134.03 136.50 138.97 141.42 143.86 146.27 148.66 151.01 153.33 155.59 157.81 159.94
156.48 150.81 145.39 140.24 135.35 130.72 126.37 122.28 118.45 114.91 111.63 108.63 105.90 103.46 101.29 99.40 97.77 96.30 94.95 93.70 92.57 91.55 90.66 89.88 89.24 88.71 88.32 88.06 87.94 87.95 88.10 88.36 88.68 89.06 89.49 90.00 90.57 91.22 91.95 92.77 93.68 94.68 95.79 96.99 98.31 99.74 101.29 102.97 104.77 106.71 108.78 110.95 113.17 115.45 117.77 120.12 122.51 124.93 127.37 129.82 132.29 134.76 137.23 139.70 142.15 144.59 147.01 149.40 151.76 154.07 156.34 158.53 160.63
157.87 152.26 146.92 141.83 137.02 132.46 128.18 124.17 120.43 116.96 113.76 110.84 108.20 105.84 103.76 101.94 100.27 98.72 97.27 95.93 94.70 93.59 92.60 91.73 90.98 90.35 89.86 89.50 89.27 89.18 89.23 89.42 89.71 90.08 90.50 90.99 91.55 92.19 92.91 93.72 94.62 95.61 96.70 97.90 99.20 100.62 102.16 103.83 105.62 107.55 109.61 111.77 113.98 116.25 118.56 120.91 123.29 125.70 128.14 130.59 133.06 135.53 138.00 140.46 142.92 145.36 147.78 150.17 152.53 154.85 157.09 159.25 161.31
159.36 153.83 148.56 143.56 138.82 134.35 130.15 126.23 122.58 119.20 116.09 113.27 110.73 108.46 106.45 104.60 102.85 101.21 99.67 98.24 96.93 95.72 94.64 93.67 92.83 92.11 91.52 91.06 90.73 90.54 90.48 90.57 90.80 91.14 91.55 92.03 92.58 93.21 93.92 94.71 95.59 96.57 97.65 98.84 100.13 101.54 103.07 104.73 106.51 108.42 110.48 112.62 114.83 117.09 119.39 121.73 124.11 126.52 128.95 131.40 133.86 136.33 138.80 141.26 143.72 146.16 148.58 150.98 153.34 155.62 157.83 159.95 161.98
160.93 155.49 150.31 145.40 140.76 136.39 132.29 128.46 124.91 121.63 118.63 115.91 113.47 111.29 109.26 107.33 105.50 103.77 102.15 100.64 99.23 97.94 96.77 95.71 94.78 93.97 93.28 92.73 92.30 92.02 91.87 91.86 91.99 92.26 92.65 93.12 93.66 94.27 94.96 95.74 96.62 97.58 98.65 99.82 101.11 102.50 104.02 105.66 107.44 109.34 111.38 113.52 115.72 117.96 120.26 122.60 124.97 127.37 129.79 132.24 134.70 137.16 139.63 142.10 144.55 147.00 149.42 151.81 154.14 156.38 158.54 160.63 162.64
162.61 157.26 152.19 147.38 142.84 138.57 134.58 130.86 127.42 124.25 121.37 118.76 116.41 114.22 112.11 110.11 108.20 106.40 104.69 103.10 101.61 100.24 98.98 97.84 96.82 95.92 95.15 94.50 93.99 93.61 93.36 93.26 93.30 93.48 93.81 94.25 94.77 95.37 96.05 96.82 97.68 98.63 99.69 100.85 102.12 103.51 105.01 106.64 108.40 110.30 112.33 114.45 116.64 118.88 121.17 123.50 125.86 128.26 130.68 133.12 135.57 138.03 140.50 142.97 145.42 147.87 150.28 152.64 154.92 157.12 159.24 161.29 163.27
164.37 159.14 154.18 149.48 145.06 140.91 137.03 133.44 130.11 127.07 124.31 121.81 119.45 117.18 115.01 112.93 110.95 109.07 107.30 105.62 104.06 102.61 101.27 100.05 98.94 97.96 97.10 96.37 95.77 95.30 94.97 94.78 94.72 94.81 95.05 95.43 95.93 96.52 97.19 97.94 98.79 99.73 100.77 101.92 103.18 104.55 106.04 107.66 109.41 111.29 113.31 115.43 117.60 119.83 122.11 124.43 126.79 129.18 131.59 134.03 136.48 138.94 141.40 143.87 146.32 148.76 151.14 153.44 155.67 157.83 159.92 161.94 163.88
166.24 161.13 156.29 151.72 147.42 143.40 139.65 136.19 133.00 130.09 127.44 124.93 122.51 120.18 117.94 115.80 113.75 111.80 109.95 108.20 106.57 105.04 103.62 102.32 101.14 100.08 99.14 98.33 97.65 97.10 96.68 96.40 96.26 96.26 96.41 96.70 97.14 97.71 98.36 99.10 99.93 100.86 101.89 103.03 104.27 105.63 107.11 108.72 110.45 112.32 114.33 116.44 118.60 120.82 123.09 125.40 127.75 130.14 132.55 134.98 137.42 139.88 142.34 144.80 147.25 149.64 151.97 154.22 156.40 158.52 160.57 162.55 164.47
168.21 163.23 158.53 154.09 149.93 146.05 142.44 139.12 136.07 133.28 130.63 128.07 125.59 123.20 120.90 118.69 116.57 114.56 112.64 110.83 109.12 107.52 106.04 104.66 103.41 102.27 101.26 100.37 99.61 98.98 98.48 98.12 97.89 97.81 97.87 98.08 98.44 98.95 99.58 100.30 101.12 102.04 103.05 104.17 105.41 106.75 108.22 109.82 111.54 113.40 115.39 117.48 119.64 121.85 124.11 126.41 128.75 131.13 133.53 135.96 138.40 140.85 143.31 145.76 148.16 150.50 152.77 154.97 157.11 159.18 161.19 163.15 165.04
170.29 165.45 160.89 156.60 152.59 148.85 145.40 142.22 139.30 136.52 133.82 131.21 128.67 126.22 123.86 121.59 119.42 117.34 115.36 113.49 111.72 110.05 108.50 107.06 105.73 104.53 103.44 102.48 101.64 100.94 100.36 99.92 99.62 99.46 99.44 99.57 99.84 100.27 100.84 101.55 102.35 103.25 104.25 105.36 106.58 107.92 109.37 110.95 112.66 114.50 116.49 118.57 120.71 122.91 125.16 127.46 129.79 132.16 134.55 136.97 139.41 141.86 144.31 146.71 149.05 151.32 153.54 155.69 157.78 159.81 161.79 163.71 165.58
172.47 167.79 163.38 159.25 155.39 151.82 148.52 145.48 142.58 139.76 137.01 134.34 131.75 129.25 126.84 124.51 122.28 120.15 118.11 116.18 114.34 112.62 111.00 109.50 108.11 106.83 105.68 104.65 103.74 102.97 102.32 101.81 101.43 101.20 101.10 101.15 101.35 101.69 102.19 102.84 103.62 104.51 105.50 106.59 107.79 109.12 110.56 112.12 113.82 115.65 117.62 119.69 121.82 124.01 126.25 128.53 130.86 133.22 135.61 138.02 140.46 142.89 145.29 147.62 149.90 152.11 154.27 156.37 158.42 160.42 162.36 164.25 166.09
174.76 170.24 166.00 162.03 158.35 154.95 151.79 148.78 145.84 142.97 140.17 137.46 134.83 132.28 129.81 127.44 125.15 122.97 120.87 118.88 116.99 115.21 113.54 111.97 110.52 109.19 107.97 106.87 105.90 105.06 104.35 103.77 103.32 103.01 102.85 102.82 102.94 103.21 103.63 104.21 104.94 105.81 106.78 107.86 109.05 110.35 111.78 113.33 115.02 116.83 118.79 120.84 122.96 125.14 127.37 129.65 131.96 134.32 136.70 139.11 141.52 143.90 146.23 148.50 150.71 152.87 154.97 157.03 159.03 160.98 162.89 164.75 166.56
177.15 172.81 168.75 164.96 161.46 158.20 155.09 152.04 149.06 146.15 143.31 140.56 137.88 135.28 132.78 130.35 128.02 125.79 123.65 121.60 119.66 117.83 116.10 114.48 112.97 111.58 110.30 109.15 108.11 107.21 106.43 105.79 105.28 104.90 104.67 104.57 104.62 104.82 105.17 105.67 106.33 107.15 108.10 109.16 110.34 111.63 113.04 114.58 116.25 118.05 120.00 122.04 124.15 126.31 128.53 130.80 133.10 135.45 137.82 140.21 142.57 144.88 147.13 149.33 151.48 153.58 155.63 157.64 159.60 161.51 163.38 165.21 167.00
179.66 175.51 171.63 168.04 164.69 161.48 158.33 155.25 152.23 149.29 146.42 143.62 140.91 138.27 135.72 133.26 130.88 128.60 126.41 124.33 122.34 120.45 118.67 117.00 115.44 113.99 112.66 111.45 110.37 109.40 108.57 107.86 107.29 106.85 106.55 106.39 106.38 106.51 106.79 107.23 107.81 108.56 109.46 110.51 111.67 112.94 114.34 115.87 117.52 119.31 121.24 123.27 125.36 127.51 129.72 131.98 134.28 136.61 138.97 141.30 143.58 145.81 147.99 150.12 152.21 154.25 156.25 158.21 160.13 162.00 163.84 165.64 167.41
182.29 178.33 174.65 171.22 167.92 164.69 161.51 158.40 155.35 152.38 149.48 146.65 143.90 141.23 138.64 136.14 133.72 131.40 129.17 127.04 125.01 123.08 121.25 119.54 117.93 116.43 115.05 113.79 112.65 111.63 110.74 109.98 109.35 108.86 108.50 108.28 108.20 108.27 108.49 108.86 109.38 110.06 110.90 111.89 113.03 114.29 115.68 117.19 118.83 120.60 122.51 124.53 126.61 128.75 130.95 133.19 135.48 137.80 140.09 142.34 144.54 146.69 148.80 150.87 152.90 154.88 156.83 158.74 160.62 162.46 164.26 166.03 167.77
185.03 181.28 177.77 174.40 171.08 167.82 164.62 161.49 158.42 155.41 152.48 149.62 146.84 144.14 141.52 138.99 136.54 134.18 131.92 129.75 127.67 125.70 123.84 122.08 120.42 118.88 117.46 116.15 114.96 113.89 112.95 112.14 111.46 110.91 110.49 110.22 110.09 110.10 110.26 110.56 111.03 111.64 112.41 113.35 114.44 115.68 117.05 118.54 120.17 121.93 123.83 125.83 127.89 130.02 132.21 134.44 136.71 138.96 141.16 143.32 145.45 147.53 149.57 151.57 153.54 155.47 157.37 159.23 161.06 162.86 164.64 166.38 168.10
187.89 184.32 180.88 177.49 174.15 170.88 167.66 164.50 161.41 158.38 155.43 152.55 149.74 147.01 144.36 141.80 139.32 136.93 134.63 132.43 130.32 128.31 126.41 124.61 122.92 121.34 119.87 118.52 117.29 116.17 115.19 114.33 113.60 113.00 112.53 112.21 112.02 111.98 112.08 112.33 112.74 113.29 114.01 114.88 115.91 117.11 118.46 119.94 121.54 123.29 125.17 127.16 129.21 131.33 133.50 135.71 137.91 140.06 142.18 144.26 146.30 148.31 150.28 152.22 154.13 156.00 157.85 159.67 161.46 163.23 164.97 166.68 168.38
190.83 187.33 183.88 180.48 177.13 173.84 170.61 167.43 164.32 161.28 158.31 155.40 152.57 149.82 147.15 144.56 142.05 139.64 137.31 135.08 132.94 130.90 128.96 127.13 125.40 123.79 122.28 120.89 119.62 118.47 117.44 116.53 115.76 115.12 114.61 114.23 114.00 113.90 113.96 114.16 114.51 115.01 115.67 116.48 117.46 118.60 119.91 121.36 122.96 124.69 126.55 128.52 130.56 132.67 134.81 136.95 139.05 141.12 143.15 145.15 147.11 149.04 150.95 152.82 154.67 156.49 158.29 160.06 161.81 163.54 165.25 166.94 168.62
193.73 190.22 186.77 183.36 180.01 176.70 173.46 170.27 167.15 164.09 161.10 158.18 155.34 152.57 149.88 147.27 144.74 142.30 139.95 137.69 135.53 133.46 131.49 129.63 127.87 126.22 124.69 123.26 121.95 120.76 119.70 118.75 117.94 117.25 116.70 116.29 116.01 115.87 115.87 116.03 116.33 116.78 117.39 118.15 119.07 120.16 121.41 122.83 124.40 126.12 127.97 129.92 131.95 134.02 136.09 138.13 140.14 142.11 144.06 145.97 147.86 149.72 151.56 153.37 155.16 156.92 158.67 160.40 162.11 163.81 165.49 167.15 168.81
196.50 193.00 189.54 186.13 182.77 179.46 176.21 173.02 169.89 166.82 163.82 160.89 158.03 155.24 152.53 149.91 147.36 144.90 142.53 140.25 138.07 135.98 133.99 132.10 130.31 128.64 127.07 125.62 124.28 123.06 121.96 120.98 120.13 119.41 118.82 118.36 118.04 117.86 117.83 117.93 118.19 118.60 119.16 119.87 120.75 121.78 122.98 124.35 125.89 127.58 129.42 131.35 133.35 135.35 137.32 139.25 141.17 143.05 144.91 146.74 148.55 150.34 152.11 153.86 155.59 157.30 159.00 160.69 162.36 164.02 165.67 167.31 168.94
199.13 195.63 192.18 188.77 185.41 182.10 178.85 175.65 172.52 169.44 166.44 163.50 160.63 157.83 155.12 152.48 149.92 147.44 145.06 142.76 140.56 138.45 136.44 134.53 132.72 131.02 129.43 127.95 126.58 125.33 124.21 123.20 122.32 121.56 120.94 120.45 120.09 119.88 119.80 119.87 120.09 120.45 120.97 121.64 122.47 123.46 124.62 125.94 127.42 129.08 130.90 132.80 134.72 136.61 138.47 140.31 142.13 143.92 145.69 147.45 149.18 150.90 152.60 154.29 155.96 157.62 159.28 160.92 162.55 164.18 165.80 167.42 169.03
