data_processed/recharge/precip/Precip_2000_03.asc
ncols        168
nrows        136
xllcorner    455000
yllcorner    2107000
cellsize     500
NODATA_value     -99999
[rows 70 to 104 of 136, columns 0 to 78 of 168]
1.42 1.78 2.13 2.47 2.80 3.11 3.41 3.68 3.94 4.19 4.42 4.64 4.85 5.05 5.24 5.42 5.60 5.77 5.94 6.11 6.28 6.44 6.61 6.78 6.95 7.12 7.28 7.44 7.60 7.76 7.91 8.07 8.21 8.36 8.50 8.63 8.77 8.89 9.02 9.14 9.25 9.36 9.47 9.57 9.67 9.76 9.84 9.93 10.01 10.08 10.15 10.22 10.28 10.34 10.40 10.45 10.50 10.54 10.58 10.62 10.66 10.69 10.72 10.74 10.76 10.79 10.81 10.84 10.87 10.91 10.96 11.00 11.06 11.11 11.17 11.24 11.31 11.38 11.46
1.56 1.89 2.22 2.54 2.87 3.17 3.47 3.74 4.00 4.24 4.47 4.69 4.90 5.10 5.28 5.47 5.64 5.81 5.98 6.15 6.32 6.48 6.65 6.82 6.99 7.15 7.32 7.48 7.63 7.79 7.94 8.09 8.24 8.38 8.52 8.65 8.78 8.91 9.03 9.15 9.26 9.37 9.47 9.57 9.66 9.75 9.84 9.92 9.99 10.07 10.13 10.20 10.26 10.31 10.37 10.42 10.46 10.50 10.54 10.58 10.61 10.64 10.66 10.68 10.70 10.72 10.73 10.75 10.78 10.80 10.84 10.87 10.92 10.96 11.02 11.07 11.13 11.20 11.27
1.70 2.02 2.33 2.64 2.94 3.24 3.53 3.80 4.06 4.30 4.53 4.74 4.95 5.14 5.33 5.51 5.69 5.86 6.03 6.19 6.35 6.52 6.69 6.85 7.02 7.19 7.35 7.51 7.67 7.82 7.97 8.12 8.26 8.40 8.54 8.67 8.80 8.92 9.04 9.16 9.27 9.37 9.47 9.57 9.66 9.74 9.83 9.91 9.98 10.05 10.11 10.18 10.23 10.29 10.34 10.38 10.42 10.46 10.50 10.53 10.56 10.58 10.60 10.62 10.64 10.65 10.66 10.67 10.68 10.70 10.72 10.75 10.78 10.81 10.86 10.90 10.95 11.01 11.07
1.86 2.15 2.45 2.74 3.03 3.31 3.59 3.86 4.12 4.36 4.58 4.80 5.00 5.19 5.38 5.56 5.73 5.90 6.07 6.23 6.40 6.56 6.72 6.89 7.06 7.22 7.38 7.54 7.70 7.85 8.00 8.14 8.29 8.42 8.56 8.69 8.81 8.94 9.05 9.16 9.27 9.37 9.47 9.57 9.65 9.74 9.82 9.89 9.96 10.03 10.09 10.15 10.20 10.26 10.30 10.34 10.38 10.42 10.45 10.48 10.50 10.52 10.54 10.56 10.57 10.58 10.58 10.58 10.59 10.59 10.60 10.62 10.64 10.66 10.69 10.73 10.77 10.82 10.87
2.02 2.30 2.58 2.86 3.13 3.40 3.66 3.92 4.18 4.41 4.64 4.85 5.05 5.25 5.43 5.61 5.78 5.95 6.11 6.27 6.44 6.60 6.76 6.93 7.09 7.26 7.42 7.57 7.73 7.88 8.03 8.17 8.31 8.45 8.58 8.71 8.83 8.95 9.06 9.17 9.28 9.38 9.47 9.56 9.65 9.73 9.80 9.88 9.94 10.01 10.07 10.12 10.17 10.22 10.26 10.30 10.34 10.37 10.40 10.42 10.44 10.46 10.47 10.49 10.49 10.50 10.50 10.50 10.49 10.49 10.48 10.49 10.50 10.51 10.53 10.56 10.58 10.62 10.66
2.19 2.46 2.72 2.98 3.24 3.49 3.75 3.99 4.24 4.47 4.70 4.91 5.11 5.30 5.48 5.66 5.83 5.99 6.16 6.32 6.48 6.64 6.80 6.97 7.13 7.29 7.45 7.61 7.76 7.91 8.05 8.20 8.33 8.47 8.60 8.72 8.85 8.96 9.07 9.18 9.28 9.38 9.47 9.56 9.64 9.72 9.79 9.86 9.92 9.98 10.04 10.09 10.14 10.18 10.22 10.26 10.29 10.32 10.34 10.36 10.38 10.39 10.40 10.41 10.41 10.41 10.41 10.40 10.39 10.38 10.37 10.36 10.36 10.36 10.37 10.38 10.40 10.42 10.45
2.36 2.61 2.86 3.11 3.36 3.60 3.84 4.07 4.30 4.53 4.75 4.96 5.16 5.35 5.53 5.70 5.87 6.04 6.20 6.36 6.52 6.68 6.84 7.01 7.17 7.33 7.48 7.64 7.79 7.94 8.08 8.22 8.36 8.49 8.62 8.74 8.86 8.97 9.08 9.18 9.28 9.38 9.47 9.55 9.63 9.70 9.77 9.84 9.90 9.96 10.01 10.06 10.10 10.14 10.17 10.21 10.23 10.26 10.28 10.29 10.31 10.32 10.32 10.32 10.32 10.32 10.31 10.30 10.29 10.27 10.25 10.23 10.21 10.20 10.20 10.20 10.20 10.22 10.23
2.53 2.77 3.01 3.25 3.48 3.71 3.93 4.16 4.38 4.60 4.81 5.02 5.21 5.40 5.58 5.75 5.92 6.08 6.24 6.40 6.56 6.72 6.88 7.04 7.20 7.36 7.52 7.67 7.82 7.96 8.11 8.24 8.38 8.51 8.63 8.76 8.87 8.98 9.09 9.19 9.28 9.37 9.46 9.54 9.61 9.69 9.75 9.81 9.87 9.92 9.97 10.02 10.06 10.09 10.12 10.15 10.17 10.19 10.21 10.22 10.23 10.24 10.24 10.23 10.23 10.22 10.21 10.19 10.17 10.15 10.13 10.10 10.07 10.05 10.03 10.02 10.01 10.01 10.01
2.70 2.93 3.16 3.38 3.60 3.82 4.04 4.25 4.46 4.67 4.87 5.07 5.27 5.45 5.63 5.80 5.97 6.13 6.29 6.44 6.60 6.76 6.92 7.08 7.24 7.40 7.55 7.70 7.85 7.99 8.13 8.27 8.40 8.53 8.65 8.77 8.88 8.99 9.09 9.19 9.28 9.37 9.45 9.53 9.60 9.66 9.73 9.78 9.84 9.89 9.93 9.97 10.01 10.04 10.07 10.09 10.11 10.12 10.13 10.14 10.15 10.15 10.14 10.14 10.13 10.11 10.09 10.07 10.05 10.02 9.99 9.96 9.93 9.89 9.86 9.83 9.81 9.80 9.79
2.87 3.08 3.30 3.51 3.72 3.93 4.14 4.34 4.55 4.74 4.94 5.13 5.32 5.50 5.68 5.85 6.01 6.17 6.33 6.48 6.64 6.79 6.95 7.11 7.27 7.43 7.58 7.73 7.88 8.02 8.16 8.29 8.42 8.54 8.66 8.78 8.89 8.99 9.09 9.18 9.27 9.36 9.43 9.51 9.57 9.64 9.70 9.75 9.80 9.84 9.88 9.92 9.95 9.98 10.00 10.02 10.04 10.05 10.05 10.06 10.05 10.05 10.04 10.03 10.01 10.00 9.97 9.95 9.92 9.89 9.85 9.81 9.77 9.73 9.69 9.65 9.61 9.58 9.56
3.02 3.23 3.44 3.64 3.84 4.04 4.24 4.44 4.63 4.82 5.01 5.19 5.38 5.55 5.73 5.89 6.06 6.21 6.37 6.52 6.68 6.83 6.99 7.15 7.31 7.46 7.61 7.76 7.90 8.04 8.18 8.31 8.44 8.56 8.68 8.79 8.89 8.99 9.09 9.18 9.26 9.34 9.41 9.48 9.55 9.61 9.66 9.71 9.76 9.80 9.83 9.86 9.89 9.91 9.93 9.95 9.96 9.96 9.96 9.96 9.96 9.95 9.93 9.92 9.89 9.87 9.84 9.81 9.78 9.74 9.70 9.66 9.61 9.56 9.51 9.46 9.41 9.36 9.33
3.17 3.37 3.57 3.76 3.96 4.15 4.34 4.53 4.71 4.90 5.08 5.26 5.43 5.61 5.78 5.94 6.10 6.26 6.41 6.56 6.71 6.87 7.02 7.18 7.34 7.49 7.64 7.78 7.93 8.06 8.20 8.33 8.45 8.57 8.68 8.79 8.89 8.99 9.08 9.17 9.25 9.32 9.39 9.46 9.52 9.57 9.62 9.67 9.71 9.74 9.77 9.80 9.82 9.84 9.85 9.86 9.87 9.87 9.86 9.86 9.85 9.83 9.81 9.79 9.77 9.74 9.70 9.67 9.63 9.58 9.54 9.49 9.44 9.38 9.32 9.26 9.20 9.14 9.09
3.30 3.50 3.69 3.88 4.06 4.25 4.43 4.61 4.79 4.97 5.15 5.32 5.49 5.66 5.82 5.98 6.14 6.30 6.45 6.60 6.75 6.90 7.05 7.21 7.37 7.52 7.66 7.81 7.95 8.08 8.22 8.34 8.46 8.58 8.69 8.79 8.89 8.98 9.07 9.15 9.22 9.30 9.36 9.42 9.48 9.53 9.57 9.61 9.65 9.68 9.71 9.73 9.75 9.76 9.77 9.77 9.77 9.77 9.76 9.75 9.73 9.71 9.69 9.66 9.63 9.59 9.55 9.51 9.46 9.42 9.36 9.31 9.25 9.19 9.12 9.06 8.99 8.92 8.85
3.42 3.61 3.79 3.98 4.16 4.34 4.52 4.69 4.87 5.04 5.21 5.38 5.54 5.71 5.87 6.03 6.18 6.34 6.48 6.63 6.78 6.93 7.09 7.24 7.39 7.54 7.69 7.83 7.97 8.10 8.23 8.35 8.47 8.58 8.69 8.78 8.88 8.97 9.05 9.13 9.20 9.26 9.32 9.38 9.43 9.48 9.52 9.55 9.58 9.61 9.63 9.65 9.66 9.67 9.67 9.67 9.67 9.66 9.64 9.62 9.60 9.58 9.55 9.51 9.48 9.43 9.39 9.34 9.29 9.24 9.18 9.12 9.05 8.98 8.91 8.84 8.76 8.68 8.60
3.52 3.70 3.88 4.06 4.24 4.41 4.59 4.76 4.93 5.10 5.27 5.43 5.59 5.75 5.91 6.07 6.22 6.37 6.52 6.67 6.81 6.96 7.11 7.27 7.42 7.57 7.71 7.85 7.99 8.12 8.24 8.36 8.47 8.58 8.68 8.77 8.86 8.95 9.02 9.10 9.16 9.23 9.28 9.33 9.38 9.42 9.46 9.49 9.51 9.53 9.55 9.56 9.57 9.57 9.57 9.56 9.55 9.53 9.52 9.49 9.46 9.43 9.40 9.36 9.31 9.27 9.22 9.16 9.11 9.04 8.98 8.91 8.84 8.77 8.69 8.61 8.53 8.44 8.35
3.60 3.78 3.95 4.13 4.30 4.47 4.64 4.81 4.98 5.15 5.31 5.48 5.64 5.79 5.95 6.11 6.26 6.41 6.55 6.70 6.84 6.99 7.14 7.29 7.44 7.59 7.73 7.87 8.00 8.13 8.25 8.36 8.47 8.57 8.67 8.76 8.84 8.92 8.99 9.06 9.12 9.18 9.23 9.28 9.32 9.35 9.38 9.41 9.43 9.45 9.46 9.46 9.46 9.46 9.45 9.44 9.42 9.40 9.38 9.35 9.32 9.28 9.24 9.19 9.14 9.09 9.03 8.97 8.91 8.84 8.77 8.69 8.62 8.54 8.45 8.37 8.28 8.18 8.09
3.66 3.83 4.00 4.17 4.35 4.52 4.68 4.85 5.02 5.18 5.35 5.51 5.67 5.82 5.98 6.13 6.29 6.44 6.58 6.73 6.87 7.01 7.16 7.31 7.46 7.60 7.74 7.88 8.01 8.13 8.25 8.36 8.46 8.56 8.65 8.73 8.81 8.89 8.96 9.02 9.08 9.13 9.17 9.21 9.25 9.28 9.30 9.32 9.34 9.35 9.36 9.36 9.35 9.34 9.33 9.31 9.29 9.26 9.23 9.19 9.16 9.11 9.06 9.01 8.96 8.90 8.83 8.77 8.70 8.62 8.54 8.46 8.38 8.29 8.20 8.11 8.01 7.91 7.81
3.69 3.86 4.03 4.20 4.37 4.54 4.70 4.87 5.04 5.20 5.36 5.53 5.69 5.84 6.00 6.15 6.31 6.46 6.60 6.75 6.89 7.04 7.18 7.33 7.48 7.62 7.76 7.89 8.01 8.13 8.24 8.34 8.44 8.53 8.62 8.70 8.78 8.85 8.91 8.97 9.02 9.06 9.11 9.14 9.17 9.20 9.22 9.23 9.24 9.24 9.24 9.24 9.23 9.21 9.19 9.17 9.14 9.11 9.07 9.03 8.98 8.93 8.88 8.82 8.76 8.69 8.62 8.55 8.47 8.39 8.31 8.22 8.13 8.03 7.93 7.83 7.73 7.62 7.51
3.69 3.86 4.03 4.20 4.37 4.53 4.70 4.87 5.04 5.20 5.36 5.53 5.69 5.85 6.00 6.16 6.31 6.47 6.62 6.77 6.91 7.06 7.20 7.35 7.49 7.63 7.76 7.89 8.01 8.12 8.22 8.32 8.42 8.51 8.59 8.66 8.73 8.80 8.85 8.91 8.95 8.99 9.03 9.06 9.08 9.10 9.12 9.13 9.13 9.13 9.12 9.11 9.09 9.07 9.05 9.02 8.98 8.94 8.90 8.85 8.80 8.74 8.68 8.61 8.55 8.47 8.40 8.32 8.23 8.14 8.05 7.96 7.86 7.76 7.65 7.54 7.43 7.32 7.20
3.66 3.83 4.00 4.17 4.34 4.51 4.68 4.84 5.01 5.18 5.34 5.51 5.67 5.83 5.99 6.15 6.31 6.47 6.62 6.77 6.92 7.07 7.21 7.36 7.50 7.63 7.76 7.88 7.99 8.10 8.20 8.30 8.39 8.47 8.55 8.62 8.68 8.74 8.79 8.84 8.88 8.91 8.94 8.97 8.99 9.00 9.01 9.01 9.01 9.00 8.99 8.97 8.95 8.92 8.89 8.85 8.81 8.76 8.71 8.66 8.60 8.54 8.47 8.40 8.32 8.24 8.16 8.07 7.98 7.88 7.78 7.68 7.58 7.47 7.35 7.24 7.12 7.00 6.87
3.60 3.77 3.94 4.11 4.28 4.45 4.63 4.80 4.97 5.13 5.30 5.47 5.64 5.80 5.97 6.13 6.29 6.45 6.61 6.76 6.92 7.07 7.22 7.35 7.48 7.61 7.74 7.85 7.96 8.06 8.16 8.25 8.33 8.41 8.48 8.55 8.61 8.66 8.71 8.75 8.78 8.81 8.84 8.85 8.87 8.87 8.88 8.87 8.87 8.85 8.83 8.81 8.78 8.75 8.71 8.67 8.62 8.57 8.51 8.45 8.38 8.31 8.24 8.16 8.08 7.99 7.90 7.80 7.71 7.60 7.50 7.39 7.27 7.16 7.04 6.91 6.79 6.66 6.52
3.53 3.70 3.87 4.04 4.22 4.39 4.56 4.74 4.91 5.08 5.25 5.42 5.59 5.76 5.93 6.09 6.26 6.42 6.58 6.74 6.90 7.06 7.18 7.27 7.38 7.51 7.63 7.74 7.85 7.95 8.04 8.12 8.20 8.28 8.35 8.41 8.46 8.51 8.55 8.59 8.62 8.65 8.67 8.68 8.69 8.69 8.69 8.68 8.67 8.65 8.63 8.60 8.57 8.53 8.48 8.44 8.38 8.33 8.26 8.20 8.13 8.05 7.97 7.89 7.80 7.71 7.61 7.51 7.41 7.30 7.19 7.07 6.95 6.83 6.70 6.58 6.44 6.31 6.17
3.45 3.62 3.80 3.97 4.15 4.32 4.49 4.67 4.84 5.02 5.19 5.36 5.54 5.71 5.88 6.05 6.22 6.38 6.55 6.71 6.87 7.01 7.09 7.13 7.20 7.30 7.42 7.53 7.63 7.73 7.82 7.91 7.99 8.06 8.12 8.18 8.23 8.28 8.32 8.36 8.39 8.41 8.43 8.44 8.44 8.44 8.44 8.43 8.41 8.39 8.37 8.33 8.30 8.26 8.21 8.16 8.10 8.04 7.98 7.91 7.83 7.75 7.67 7.58 7.49 7.39 7.29 7.19 7.08 6.97 6.86 6.74 6.61 6.49 6.36 6.22 6.09 5.94 5.80
3.37 3.54 3.72 3.89 4.07 4.24 4.42 4.59 4.77 4.95 5.12 5.30 5.47 5.65 5.82 5.99 6.17 6.34 6.51 6.67 6.81 6.90 6.94 6.94 6.96 7.02 7.12 7.22 7.33 7.43 7.52 7.60 7.68 7.75 7.82 7.88 7.93 7.97 8.01 8.05 8.08 8.10 8.12 8.13 8.13 8.13 8.13 8.11 8.10 8.08 8.05 8.02 7.98 7.93 7.89 7.83 7.78 7.71 7.65 7.58 7.50 7.42 7.33 7.25 7.15 7.05 6.95 6.85 6.74 6.62 6.50 6.38 6.26 6.13 5.99 5.86 5.72 5.58 5.43
3.28 3.46 3.63 3.81 3.98 4.16 4.34 4.51 4.69 4.87 5.05 5.22 5.40 5.58 5.75 5.93 6.11 6.28 6.45 6.59 6.69 6.73 6.73 6.69 6.67 6.69 6.74 6.83 6.93 7.03 7.13 7.21 7.29 7.36 7.43 7.49 7.54 7.59 7.63 7.67 7.70 7.72 7.74 7.75 7.76 7.76 7.75 7.74 7.73 7.71 7.68 7.65 7.61 7.57 7.52 7.47 7.41 7.35 7.28 7.21 7.13 7.05 6.97 6.88 6.79 6.69 6.59 6.48 6.37 6.25 6.14 6.01 5.89 5.76 5.62 5.49 5.35 5.20 5.06
3.19 3.37 3.54 3.72 3.89 4.07 4.25 4.43 4.61 4.79 4.97 5.14 5.32 5.50 5.68 5.86 6.04 6.21 6.36 6.46 6.51 6.52 6.47 6.39 6.33 6.30 6.32 6.37 6.45 6.55 6.65 6.74 6.82 6.90 6.97 7.03 7.09 7.14 7.18 7.22 7.25 7.28 7.30 7.32 7.33 7.33 7.33 7.32 7.30 7.29 7.26 7.23 7.20 7.16 7.11 7.06 7.01 6.95 6.88 6.81 6.74 6.66 6.58 6.49 6.40 6.30 6.20 6.09 5.98 5.87 5.75 5.63 5.51 5.38 5.25 5.11 4.97 4.83 4.68
3.10 3.27 3.45 3.62 3.80 3.98 4.16 4.34 4.52 4.70 4.88 5.06 5.24 5.42 5.60 5.78 5.96 6.11 6.22 6.28 6.29 6.25 6.16 6.04 5.94 5.88 5.85 5.86 5.91 5.99 6.09 6.19 6.28 6.36 6.43 6.50 6.56 6.62 6.67 6.71 6.75 6.78 6.80 6.82 6.84 6.84 6.85 6.84 6.83 6.82 6.80 6.77 6.74 6.71 6.66 6.62 6.57 6.51 6.45 6.38 6.31 6.24 6.16 6.07 5.98 5.89 5.79 5.69 5.59 5.48 5.36 5.24 5.12 5.00 4.87 4.73 4.60 4.46 4.31
3.00 3.18 3.35 3.53 3.70 3.88 4.06 4.24 4.42 4.60 4.78 4.96 5.15 5.33 5.51 5.69 5.85 5.96 6.02 6.04 6.01 5.93 5.81 5.65 5.52 5.42 5.35 5.32 5.33 5.38 5.46 5.56 5.65 5.74 5.82 5.90 5.97 6.03 6.09 6.14 6.18 6.22 6.25 6.27 6.29 6.31 6.32 6.32 6.32 6.31 6.29 6.27 6.25 6.22 6.18 6.14 6.10 6.04 5.99 5.93 5.86 5.79 5.72 5.64 5.56 5.47 5.38 5.28 5.18 5.07 4.96 4.85 4.73 4.61 4.49 4.36 4.23 4.09 3.95
2.90 3.07 3.25 3.42 3.60 3.78 3.96 4.14 4.32 4.50 4.68 4.86 5.05 5.23 5.41 5.57 5.69 5.76 5.78 5.76 5.69 5.57 5.41 5.22 5.05 4.92 4.81 4.75 4.72 4.73 4.78 4.86 4.96 5.06 5.15 5.23 5.31 5.38 5.45 5.50 5.56 5.60 5.64 5.68 5.70 5.72 5.74 5.75 5.76 5.75 5.75 5.74 5.72 5.70 5.67 5.63 5.60 5.55 5.50 5.45 5.39 5.33 5.26 5.19 5.11 5.03 4.95 4.86 4.76 4.66 4.56 4.46 4.34 4.23 4.11 3.99 3.86 3.74 3.61
2.80 2.97 3.14 3.32 3.49 3.67 3.85 4.03 4.21 4.39 4.57 4.76 4.94 5.13 5.29 5.40 5.48 5.51 5.49 5.43 5.32 5.17 4.98 4.76 4.55 4.38 4.25 4.15 4.08 4.05 4.06 4.12 4.21 4.31 4.41 4.51 4.59 4.67 4.75 4.82 4.88 4.93 4.98 5.03 5.06 5.10 5.12 5.14 5.16 5.16 5.17 5.16 5.16 5.14 5.12 5.10 5.07 5.04 5.00 4.95 4.90 4.85 4.79 4.73 4.66 4.59 4.51 4.43 4.34 4.25 4.16 4.06 3.96 3.85 3.74 3.63 3.51 3.39 3.27
2.69 2.86 3.03 3.21 3.38 3.56 3.74 3.92 4.10 4.28 4.46 4.65 4.83 4.99 5.11 5.19 5.22 5.21 5.16 5.06 4.92 4.74 4.51 4.26 4.03 3.82 3.65 3.52 3.42 3.36 3.33 3.35 3.41 3.50 3.61 3.72 3.82 3.91 4.00 4.08 4.15 4.22 4.28 4.33 4.38 4.43 4.46 4.49 4.52 4.54 4.55 4.56 4.56 4.56 4.55 4.54 4.52 4.50 4.47 4.44 4.40 4.36 4.31 4.25 4.20 4.14 4.07 4.00 3.92 3.84 3.76 3.67 3.58 3.48 3.38 3.28 3.17 3.06 2.94
2.59 2.75 2.92 3.10 3.27 3.44 3.62 3.80 3.98 4.16 4.35 4.53 4.69 4.81 4.89 4.93 4.92 4.88 4.79 4.66 4.49 4.27 4.02 3.73 3.47 3.24 3.04 2.87 2.74 2.65 2.59 2.57 2.59 2.65 2.76 2.87 2.99 3.09 3.19 3.29 3.37 3.45 3.53 3.60 3.66 3.72 3.77 3.81 3.85 3.88 3.91 3.93 3.95 3.96 3.96 3.96 3.96 3.95 3.93 3.91 3.88 3.85 3.82 3.77 3.73 3.68 3.62 3.57 3.50 3.43 3.36 3.29 3.21 3.12 3.03 2.94 2.85 2.74 2.63
2.48 2.64 2.81 2.98 3.15 3.33 3.50 3.68 3.86 4.04 4.22 4.38 4.51 4.59 4.63 4.63 4.59 4.51 4.38 4.22 4.02 3.78 3.49 3.18 2.89 2.63 2.40 2.21 2.04 1.92 1.83 1.78 1.77 1.80 1.87 1.98 2.10 2.23 2.34 2.45 2.55 2.65 2.74 2.82 2.90 2.97 3.04 3.10 3.15 3.20 3.24 3.27 3.31 3.33 3.35 3.36 3.37 3.38 3.37 3.37 3.36 3.34 3.32 3.29 3.26 3.22 3.18 3.14 3.09 3.03 2.98 2.91 2.85 2.78 2.70 2.62 2.54 2.44 2.34
2.37 2.53 2.69 2.86 3.03 3.21 3.38 3.56 3.74 3.92 4.08 4.20 4.28 4.32 4.33 4.29 4.22 4.10 3.95 3.76 3.52 3.25 2.94 2.61 2.29 2.00 1.75 1.53 1.34 1.18 1.06 0.98 0.94 0.94 0.98 1.06 1.18 1.31 1.45 1.57 1.69 1.80 1.91 2.01 2.11 2.19 2.28 2.35 2.42 2.49 2.54 2.60 2.64 2.69 2.72 2.75 2.78 2.80 2.81 2.82 2.82 2.82 2.82 2.81 2.79 2.77 2.75 2.72 2.68 2.64 2.60 2.55 2.50 2.45 2.39 2.32 2.24 2.16 2.06
2.25 2.41 2.58 2.74 2.91 3.08 3.26 3.43 3.61 3.77 3.89 3.97 4.02 4.02 3.99 3.92 3.81 3.67 3.48 3.26 3.00 2.71 2.37 2.02 1.67 1.36 1.08 0.83 0.62 0.44 0.29 0.18 0.11 0.08 0.09 0.13 0.23 0.36 0.51 0.65 0.79 0.92 1.05 1.17 1.28 1.39 1.49 1.58 1.67 1.75 1.83 1.90 1.97 2.03 2.08 2.13 2.17 2.21 2.24 2.27 2.29 2.31 2.32 2.32 2.33 2.32 2.32 2.30 2.29 2.27 2.24 2.21 2.18 2.14 2.09 2.03 1.97 1.89 1.80
