data_processed/recharge/precip/Precip_1995_03.asc
ncols        168
nrows        136
xllcorner    455000
yllcorner    2107000
cellsize     500
NODATA_value     -99999
[rows 36 to 71 of 136, columns 0 to 81 of 168]
20.17 20.47 20.75 20.99 21.21 21.40 21.56 21.70 21.80 21.86 21.87 21.85 21.78 21.67 21.52 21.32 21.08 20.78 20.43 20.02 19.55 19.01 18.42 17.76 17.03 16.26 15.47 14.65 13.82 12.97 12.12 11.26 10.41 9.56 8.72 7.87 7.03 6.20 5.38 4.57 3.80 3.07 2.50 2.15 2.02 2.09 2.35 2.79 3.39 4.14 5.03 5.92 6.63 7.15 7.49 7.67 7.69 7.56 7.29 6.90 6.42 5.95 5.51 5.11 4.75 4.41 4.10 3.83 3.60 3.47 3.41 3.43 3.51 3.66 3.87 4.12 4.41 4.72 5.05 5.38 5.71 6.04
19.87 20.16 20.41 20.63 20.83 21.00 21.14 21.25 21.35 21.41 21.42 21.40 21.33 21.22 21.07 20.86 20.61 20.30 19.93 19.51 19.02 18.48 17.87 17.19 16.45 15.67 14.86 14.04 13.20 12.35 11.49 10.64 9.79 8.95 8.13 7.31 6.50 5.70 4.92 4.15 3.43 2.86 2.51 2.36 2.41 2.65 3.06 3.63 4.34 5.18 6.14 7.09 7.86 8.42 8.80 9.01 9.05 8.94 8.68 8.29 7.78 7.19 6.60 6.05 5.53 5.04 4.59 4.19 3.89 3.69 3.57 3.54 3.58 3.69 3.85 4.07 4.34 4.64 4.95 5.26 5.57 5.89
19.56 19.83 20.06 20.26 20.43 20.58 20.70 20.79 20.87 20.92 20.93 20.91 20.84 20.73 20.57 20.36 20.10 19.78 19.41 18.97 18.48 17.92 17.30 16.61 15.86 15.07 14.25 13.42 12.58 11.73 10.87 10.03 9.18 8.35 7.54 6.75 5.98 5.21 4.47 3.76 3.20 2.85 2.71 2.75 2.98 3.37 3.91 4.59 5.39 6.31 7.33 8.32 9.12 9.72 10.12 10.34 10.40 10.29 10.03 9.63 9.10 8.45 7.72 7.00 6.31 5.65 5.07 4.59 4.22 3.95 3.77 3.69 3.68 3.74 3.87 4.06 4.30 4.58 4.87 5.16 5.46 5.76
19.25 19.49 19.69 19.87 20.02 20.14 20.24 20.31 20.37 20.40 20.41 20.38 20.32 20.20 20.04 19.83 19.56 19.23 18.85 18.41 17.91 17.34 16.71 16.02 15.26 14.46 13.63 12.80 11.96 11.11 10.26 9.42 8.59 7.77 6.98 6.20 5.46 4.74 4.06 3.52 3.18 3.04 3.09 3.31 3.68 4.21 4.87 5.64 6.53 7.51 8.57 9.59 10.41 11.02 11.43 11.65 11.70 11.57 11.29 10.87 10.30 9.61 8.81 7.93 7.06 6.26 5.58 5.03 4.58 4.25 4.01 3.87 3.81 3.83 3.92 4.08 4.29 4.55 4.82 5.09 5.37 5.66
18.92 19.14 19.32 19.47 19.60 19.70 19.77 19.82 19.85 19.86 19.85 19.82 19.75 19.64 19.47 19.25 18.98 18.66 18.27 17.82 17.32 16.75 16.11 15.41 14.64 13.84 13.02 12.18 11.34 10.50 9.66 8.83 8.01 7.21 6.43 5.68 4.96 4.29 3.78 3.46 3.34 3.40 3.62 4.00 4.51 5.16 5.92 6.78 7.73 8.75 9.84 10.87 11.69 12.30 12.70 12.91 12.93 12.78 12.46 11.99 11.38 10.64 9.77 8.80 7.80 6.90 6.14 5.50 4.98 4.58 4.28 4.08 3.97 3.95 4.00 4.12 4.31 4.54 4.79 5.04 5.31 5.57
18.60 18.79 18.94 19.07 19.17 19.25 19.30 19.32 19.33 19.31 19.28 19.22 19.15 19.03 18.87 18.65 18.38 18.05 17.67 17.22 16.71 16.14 15.50 14.80 14.03 13.22 12.40 11.57 10.73 9.90 9.07 8.25 7.45 6.67 5.91 5.18 4.51 3.99 3.69 3.59 3.67 3.90 4.28 4.80 5.44 6.19 7.03 7.96 8.96 10.01 11.11 12.14 12.95 13.54 13.92 14.09 14.08 13.88 13.51 12.99 12.31 11.49 10.55 9.55 8.54 7.58 6.73 6.01 5.42 4.95 4.58 4.33 4.16 4.09 4.10 4.19 4.35 4.55 4.78 5.02 5.26 5.51
18.27 18.43 18.56 18.67 18.74 18.79 18.81 18.81 18.79 18.75 18.69 18.62 18.52 18.39 18.23 18.02 17.75 17.43 17.05 16.60 16.09 15.52 14.89 14.18 13.41 12.61 11.79 10.96 10.14 9.31 8.50 7.70 6.92 6.16 5.42 4.74 4.21 3.90 3.79 3.88 4.13 4.53 5.06 5.70 6.45 7.29 8.20 9.18 10.21 11.28 12.37 13.38 14.16 14.72 15.05 15.18 15.11 14.85 14.42 13.82 13.06 12.17 11.19 10.21 9.23 8.27 7.36 6.56 5.89 5.35 4.92 4.60 4.39 4.27 4.24 4.29 4.41 4.59 4.80 5.01 5.23 5.46
17.94 18.08 18.18 18.26 18.31 18.33 18.33 18.30 18.26 18.19 18.11 18.01 17.89 17.74 17.57 17.37 17.11 16.79 16.41 15.97 15.47 14.90 14.27 13.57 12.80 12.00 11.18 10.37 9.55 8.75 7.95 7.17 6.41 5.67 4.99 4.45 4.12 4.00 4.07 4.31 4.72 5.26 5.92 6.67 7.51 8.42 9.39 10.40 11.45 12.52 13.59 14.56 15.30 15.81 16.09 16.15 16.01 15.68 15.16 14.47 13.63 12.69 11.73 10.78 9.84 8.91 8.01 7.15 6.40 5.79 5.29 4.91 4.64 4.47 4.40 4.41 4.50 4.66 4.84 5.02 5.22 5.43
17.62 17.73 17.81 17.86 17.88 17.87 17.84 17.79 17.72 17.63 17.53 17.40 17.26 17.09 16.91 16.69 16.44 16.13 15.76 15.33 14.83 14.27 13.65 12.95 12.19 11.40 10.59 9.79 8.99 8.20 7.42 6.66 5.93 5.24 4.70 4.36 4.23 4.28 4.51 4.89 5.42 6.08 6.85 7.70 8.61 9.58 10.58 11.62 12.66 13.71 14.74 15.67 16.35 16.79 17.00 16.99 16.76 16.34 15.72 14.93 14.04 13.12 12.20 11.29 10.37 9.48 8.60 7.75 6.94 6.25 5.69 5.25 4.92 4.70 4.59 4.56 4.62 4.74 4.89 5.06 5.23 5.42
17.31 17.39 17.44 17.46 17.45 17.42 17.36 17.29 17.20 17.09 16.96 16.81 16.65 16.46 16.25 16.02 15.76 15.46 15.10 14.68 14.20 13.65 13.03 12.35 11.59 10.81 10.02 9.23 8.45 7.68 6.92 6.19 5.50 4.96 4.62 4.47 4.51 4.72 5.08 5.59 6.22 6.97 7.82 8.74 9.72 10.73 11.76 12.79 13.82 14.84 15.82 16.67 17.28 17.64 17.76 17.66 17.33 16.80 16.08 15.24 14.37 13.49 12.60 11.72 10.84 9.97 9.12 8.29 7.50 6.75 6.12 5.62 5.23 4.96 4.80 4.73 4.75 4.85 4.97 5.11 5.26 5.42
17.01 17.06 17.08 17.07 17.03 16.97 16.89 16.80 16.69 16.56 16.41 16.24 16.05 15.85 15.62 15.37 15.09 14.79 14.44 14.04 13.57 13.03 12.42 11.75 11.01 10.24 9.46 8.69 7.93 7.18 6.46 5.77 5.23 4.88 4.73 4.76 4.95 5.30 5.78 6.39 7.11 7.93 8.83 9.80 10.82 11.85 12.89 13.91 14.91 15.88 16.79 17.56 18.08 18.35 18.36 18.15 17.71 17.06 16.28 15.46 14.63 13.78 12.93 12.08 11.23 10.39 9.57 8.77 8.00 7.26 6.58 6.02 5.57 5.25 5.03 4.93 4.91 4.98 5.07 5.18 5.30 5.44
16.73 16.74 16.73 16.69 16.62 16.54 16.44 16.33 16.20 16.05 15.88 15.70 15.49 15.26 15.01 14.74 14.45 14.13 13.78 13.39 12.94 12.42 11.83 11.17 10.44 9.68 8.93 8.18 7.44 6.72 6.04 5.50 5.15 5.00 5.02 5.20 5.53 6.00 6.58 7.28 8.07 8.94 9.87 10.86 11.89 12.93 13.95 14.95 15.91 16.80 17.63 18.31 18.72 18.87 18.77 18.43 17.86 17.15 16.40 15.62 14.82 14.01 13.19 12.37 11.56 10.75 9.96 9.19 8.44 7.73 7.05 6.44 5.94 5.56 5.30 5.14 5.09 5.13 5.19 5.27 5.36 5.47
16.46 16.44 16.40 16.33 16.24 16.14 16.02 15.89 15.74 15.57 15.39 15.18 14.96 14.71 14.44 14.15 13.84 13.50 13.14 12.75 12.32 11.81 11.24 10.60 9.89 9.15 8.42 7.70 6.99 6.31 5.78 5.43 5.27 5.29 5.46 5.78 6.23 6.80 7.47 8.23 9.07 9.97 10.92 11.91 12.92 13.94 14.93 15.89 16.78 17.60 18.33 18.89 19.18 19.20 18.97 18.49 17.86 17.18 16.46 15.72 14.96 14.18 13.40 12.61 11.82 11.05 10.29 9.54 8.82 8.13 7.48 6.87 6.33 5.89 5.58 5.38 5.30 5.29 5.32 5.37 5.44 5.52
16.21 16.16 16.09 16.00 15.89 15.77 15.64 15.49 15.32 15.14 14.93 14.71 14.47 14.20 13.92 13.61 13.28 12.92 12.55 12.14 11.71 11.23 10.68 10.06 9.37 8.65 7.94 7.25 6.58 6.05 5.71 5.56 5.57 5.73 6.04 6.48 7.03 7.68 8.42 9.23 10.10 11.02 11.97 12.94 13.91 14.87 15.81 16.70 17.52 18.24 18.85 19.28 19.44 19.32 18.94 18.39 17.79 17.14 16.46 15.76 15.03 14.29 13.54 12.79 12.03 11.29 10.55 9.84 9.14 8.48 7.85 7.26 6.72 6.25 5.89 5.64 5.52 5.48 5.48 5.49 5.53 5.59
15.98 15.91 15.81 15.70 15.58 15.45 15.30 15.13 14.94 14.74 14.52 14.28 14.02 13.74 13.44 13.12 12.77 12.40 12.00 11.58 11.14 10.66 10.13 9.54 8.87 8.18 7.50 6.85 6.33 6.00 5.84 5.85 6.02 6.32 6.74 7.28 7.91 8.63 9.42 10.26 11.14 12.06 12.99 13.92 14.83 15.72 16.57 17.37 18.09 18.70 19.18 19.46 19.47 19.20 18.74 18.22 17.66 17.05 16.41 15.75 15.06 14.35 13.64 12.91 12.19 11.47 10.77 10.08 9.41 8.77 8.17 7.60 7.08 6.61 6.21 5.92 5.76 5.68 5.65 5.63 5.65 5.71
15.79 15.69 15.58 15.46 15.32 15.17 15.00 14.82 14.62 14.40 14.16 13.91 13.63 13.34 13.02 12.68 12.32 11.93 11.52 11.08 10.62 10.13 9.62 9.04 8.40 7.74 7.11 6.60 6.28 6.13 6.14 6.30 6.60 7.02 7.54 8.16 8.86 9.62 10.44 11.29 12.18 13.07 13.96 14.83 15.68 16.48 17.22 17.89 18.48 18.96 19.29 19.42 19.26 18.91 18.48 18.00 17.48 16.91 16.31 15.69 15.03 14.36 13.68 12.99 12.30 11.61 10.93 10.27 9.63 9.02 8.44 7.89 7.39 6.94 6.55 6.22 6.01 5.90 5.83 5.79 5.81 5.88
15.64 15.53 15.40 15.26 15.11 14.95 14.76 14.57 14.35 14.12 13.87 13.60 13.31 13.00 12.66 12.31 11.93 11.53 11.11 10.66 10.18 9.68 9.15 8.58 7.97 7.36 6.87 6.55 6.41 6.43 6.59 6.89 7.30 7.81 8.42 9.10 9.85 10.64 11.47 12.32 13.18 14.03 14.86 15.66 16.42 17.11 17.73 18.26 18.69 19.00 19.17 19.13 18.88 18.56 18.18 17.74 17.26 16.73 16.17 15.58 14.96 14.32 13.68 13.02 12.36 11.70 11.05 10.42 9.80 9.21 8.66 8.14 7.66 7.23 6.85 6.53 6.29 6.14 6.04 6.00 6.02 6.10
15.54 15.42 15.28 15.13 14.96 14.78 14.59 14.38 14.15 13.90 13.64 13.35 13.05 12.72 12.38 12.01 11.62 11.20 10.76 10.30 9.81 9.29 8.75 8.18 7.59 7.11 6.81 6.68 6.71 6.88 7.17 7.58 8.09 8.68 9.35 10.08 10.85 11.66 12.48 13.31 14.13 14.92 15.68 16.39 17.04 17.60 18.08 18.45 18.70 18.82 18.79 18.66 18.44 18.16 17.82 17.43 16.99 16.50 15.98 15.42 14.84 14.24 13.63 13.00 12.37 11.75 11.13 10.52 9.93 9.37 8.83 8.33 7.87 7.46 7.10 6.80 6.56 6.40 6.30 6.27 6.29 6.37
15.49 15.35 15.20 15.04 14.86 14.67 14.46 14.24 13.99 13.74 13.46 13.16 12.85 12.51 12.15 11.77 11.37 10.94 10.49 10.02 9.52 8.99 8.43 7.85 7.28 6.92 6.80 6.84 7.02 7.32 7.74 8.25 8.84 9.50 10.22 10.98 11.77 12.58 13.38 14.17 14.94 15.66 16.33 16.94 17.46 17.89 18.21 18.40 18.46 18.38 18.24 18.10 17.92 17.69 17.39 17.04 16.64 16.20 15.71 15.20 14.65 14.09 13.50 12.91 12.31 11.72 11.12 10.54 9.98 9.44 8.93 8.46 8.02 7.63 7.29 7.00 6.80 6.70 6.63 6.59 6.61 6.69
15.45 15.30 15.14 14.97 14.78 14.58 14.36 14.13 13.88 13.61 13.33 13.02 12.70 12.35 11.98 11.59 11.18 10.75 10.29 9.80 9.29 8.75 8.19 7.62 7.08 6.74 6.71 6.91 7.23 7.66 8.18 8.79 9.46 10.18 10.94 11.72 12.52 13.31 14.09 14.83 15.54 16.18 16.76 17.25 17.64 17.92 18.07 18.09 17.96 17.76 17.59 17.46 17.30 17.11 16.86 16.55 16.19 15.79 15.34 14.86 14.36 13.83 13.28 12.72 12.15 11.59 11.03 10.47 9.94 9.43 8.94 8.49 8.07 7.70 7.38 7.14 7.02 7.01 7.00 6.98 6.99 7.06
15.42 15.26 15.10 14.92 14.73 14.52 14.29 14.05 13.80 13.52 13.23 12.92 12.59 12.23 11.86 11.46 11.05 10.60 10.14 9.65 9.13 8.59 8.04 7.50 6.97 6.64 6.62 6.89 7.34 7.88 8.51 9.20 9.93 10.70 11.50 12.30 13.09 13.86 14.60 15.30 15.93 16.49 16.96 17.33 17.58 17.70 17.68 17.51 17.27 17.06 16.90 16.76 16.61 16.43 16.22 15.96 15.64 15.28 14.87 14.43 13.97 13.47 12.96 12.43 11.90 11.37 10.84 10.31 9.81 9.32 8.86 8.43 8.04 7.69 7.41 7.25 7.22 7.29 7.36 7.40 7.43 7.48
15.40 15.24 15.07 14.89 14.69 14.48 14.25 14.01 13.74 13.47 13.17 12.85 12.52 12.16 11.78 11.38 10.96 10.51 10.04 9.55 9.03 8.51 7.98 7.47 6.97 6.65 6.61 6.86 7.35 8.00 8.72 9.48 10.28 11.09 11.91 12.71 13.50 14.24 14.94 15.57 16.13 16.59 16.94 17.18 17.29 17.24 17.05 16.77 16.52 16.31 16.15 16.02 15.86 15.69 15.50 15.28 15.00 14.68 14.32 13.92 13.49 13.03 12.56 12.07 11.57 11.07 10.57 10.07 9.60 9.14 8.70 8.30 7.93 7.62 7.43 7.36 7.41 7.56 7.70 7.81 7.89 7.95
15.40 15.23 15.06 14.87 14.67 14.46 14.23 13.98 13.72 13.44 13.14 12.82 12.49 12.13 11.75 11.35 10.92 10.48 10.00 9.51 9.01 8.51 8.02 7.53 7.06 6.75 6.70 6.91 7.36 8.03 8.83 9.66 10.50 11.35 12.18 12.98 13.75 14.46 15.10 15.66 16.13 16.48 16.72 16.82 16.76 16.56 16.26 15.98 15.74 15.54 15.38 15.24 15.08 14.91 14.72 14.52 14.29 14.01 13.69 13.33 12.94 12.52 12.08 11.63 11.16 10.69 10.22 9.76 9.31 8.88 8.47 8.10 7.77 7.56 7.45 7.47 7.60 7.81 8.01 8.19 8.33 8.43
15.40 15.23 15.05 14.86 14.66 14.45 14.22 13.98 13.72 13.44 13.14 12.82 12.49 12.13 11.75 11.35 10.93 10.48 10.02 9.54 9.07 8.60 8.14 7.68 7.24 6.94 6.88 7.05 7.45 8.05 8.84 9.72 10.61 11.48 12.31 13.11 13.85 14.51 15.09 15.57 15.94 16.19 16.29 16.24 16.03 15.73 15.43 15.17 14.93 14.73 14.57 14.43 14.28 14.11 13.92 13.72 13.51 13.27 12.99 12.67 12.32 11.94 11.54 11.12 10.69 10.26 9.82 9.39 8.97 8.57 8.19 7.86 7.62 7.50 7.48 7.57 7.77 8.04 8.30 8.53 8.72 8.87
15.42 15.25 15.06 14.87 14.67 14.46 14.23 13.99 13.73 13.46 13.17 12.85 12.52 12.17 11.79 11.40 10.98 10.54 10.09 9.65 9.21 8.78 8.34 7.91 7.50 7.22 7.15 7.28 7.62 8.14 8.84 9.69 10.60 11.49 12.32 13.10 13.80 14.41 14.92 15.32 15.58 15.70 15.67 15.47 15.17 14.87 14.59 14.34 14.11 13.92 13.75 13.61 13.45 13.28 13.10 12.90 12.69 12.47 12.23 11.96 11.65 11.31 10.94 10.56 10.17 9.77 9.37 8.97 8.58 8.21 7.88 7.63 7.49 7.46 7.52 7.68 7.93 8.25 8.56 8.84 9.08 9.27
15.45 15.27 15.09 14.89 14.69 14.48 14.26 14.02 13.77 13.50 13.21 12.91 12.58 12.23 11.87 11.48 11.07 10.65 10.24 9.83 9.43 9.02 8.62 8.22 7.84 7.57 7.49 7.59 7.87 8.31 8.91 9.64 10.50 11.39 12.21 12.96 13.62 14.17 14.60 14.89 15.05 15.04 14.86 14.58 14.29 14.01 13.75 13.51 13.29 13.09 12.93 12.78 12.62 12.45 12.26 12.07 11.86 11.65 11.43 11.19 10.92 10.63 10.30 9.96 9.60 9.23 8.87 8.50 8.14 7.82 7.58 7.44 7.39 7.43 7.56 7.78 8.08 8.45 8.80 9.12 9.39 9.63
15.49 15.31 15.13 14.93 14.72 14.51 14.29 14.06 13.82 13.56 13.28 12.98 12.67 12.33 11.97 11.59 11.21 10.83 10.45 10.08 9.71 9.34 8.97 8.60 8.24 7.99 7.90 7.98 8.20 8.56 9.05 9.66 10.38 11.19 11.99 12.70 13.30 13.78 14.12 14.32 14.35 14.20 13.95 13.69 13.42 13.16 12.91 12.68 12.47 12.27 12.11 11.95 11.79 11.61 11.43 11.23 11.03 10.82 10.61 10.39 10.16 9.91 9.62 9.32 9.00 8.67 8.33 8.00 7.70 7.47 7.33 7.27 7.30 7.42 7.61 7.88 8.23 8.63 9.01 9.36 9.67 9.93
15.54 15.37 15.18 14.98 14.78 14.56 14.34 14.11 13.88 13.63 13.36 13.08 12.77 12.45 12.10 11.75 11.40 11.06 10.72 10.38 10.05 9.71 9.38 9.05 8.72 8.48 8.39 8.43 8.59 8.87 9.26 9.75 10.32 10.96 11.66 12.32 12.86 13.26 13.51 13.59 13.49 13.28 13.05 12.81 12.57 12.33 12.09 11.87 11.66 11.47 11.30 11.14 10.97 10.79 10.60 10.41 10.21 10.00 9.80 9.59 9.38 9.16 8.91 8.65 8.36 8.07 7.77 7.50 7.29 7.16 7.11 7.14 7.24 7.42 7.67 7.98 8.37 8.79 9.20 9.57 9.90 10.19
15.61 15.43 15.25 15.05 14.84 14.63 14.41 14.18 13.95 13.71 13.46 13.19 12.90 12.59 12.27 11.96 11.65 11.35 11.05 10.75 10.45 10.15 9.85 9.55 9.25 9.03 8.93 8.94 9.05 9.26 9.54 9.90 10.32 10.79 11.31 11.84 12.30 12.62 12.76 12.72 12.57 12.38 12.17 11.96 11.74 11.52 11.30 11.08 10.88 10.68 10.51 10.34 10.17 9.99 9.80 9.60 9.40 9.20 9.00 8.79 8.59 8.39 8.19 7.96 7.72 7.46 7.22 7.04 6.93 6.90 6.93 7.04 7.20 7.44 7.73 8.08 8.49 8.94 9.37 9.76 10.10 10.40
15.69 15.51 15.33 15.13 14.93 14.72 14.50 14.27 14.04 13.80 13.56 13.31 13.04 12.76 12.49 12.22 11.95 11.68 11.42 11.16 10.90 10.63 10.37 10.10 9.84 9.64 9.53 9.51 9.57 9.70 9.88 10.12 10.39 10.68 11.00 11.33 11.64 11.85 11.89 11.80 11.67 11.51 11.34 11.15 10.95 10.74 10.54 10.33 10.13 9.93 9.75 9.58 9.40 9.21 9.02 8.82 8.62 8.42 8.22 8.02 7.83 7.64 7.45 7.26 7.06 6.86 6.72 6.64 6.63 6.68 6.79 6.96 7.19 7.47 7.80 8.18 8.61 9.07 9.51 9.90 10.26 10.56
15.78 15.61 15.43 15.23 15.03 14.82 14.60 14.38 14.15 13.92 13.68 13.44 13.20 12.97 12.74 12.51 12.28 12.06 11.84 11.61 11.39 11.16 10.94 10.71 10.48 10.30 10.19 10.14 10.14 10.19 10.28 10.39 10.51 10.64 10.76 10.87 10.95 10.99 10.97 10.91 10.81 10.69 10.55 10.39 10.21 10.02 9.82 9.62 9.42 9.23 9.04 8.86 8.67 8.48 8.28 8.08 7.88 7.68 7.48 7.29 7.10 6.92 6.74 6.57 6.43 6.33 6.29 6.31 6.39 6.52 6.69 6.92 7.20 7.52 7.88 8.29 8.73 9.19 9.63 10.02 10.37 10.68
15.89 15.72 15.54 15.35 15.15 14.94 14.73 14.51 14.28 14.05 13.82 13.60 13.40 13.21 13.02 12.84 12.66 12.47 12.29 12.11 11.92 11.74 11.55 11.35 11.16 11.00 10.88 10.81 10.76 10.74 10.72 10.71 10.68 10.64 10.57 10.45 10.30 10.16 10.10 10.08 10.02 9.93 9.82 9.68 9.52 9.34 9.16 8.96 8.77 8.57 8.38 8.19 7.99 7.79 7.59 7.39 7.19 6.99 6.79 6.60 6.41 6.24 6.07 5.93 5.87 5.88 5.94 6.04 6.20 6.40 6.64 6.92 7.23 7.58 7.97 8.39 8.83 9.29 9.72 10.11 10.45 10.74
16.01 15.84 15.67 15.48 15.29 15.08 14.87 14.65 14.43 14.21 13.99 13.80 13.63 13.48 13.34 13.20 13.06 12.92 12.78 12.63 12.49 12.34 12.19 12.03 11.88 11.74 11.62 11.52 11.42 11.32 11.21 11.07 10.90 10.69 10.42 10.10 9.77 9.52 9.38 9.32 9.30 9.24 9.15 9.04 8.90 8.74 8.56 8.37 8.18 7.98 7.77 7.57 7.37 7.16 6.96 6.75 6.55 6.35 6.15 5.96 5.78 5.61 5.47 5.40 5.41 5.50 5.65 5.84 6.06 6.32 6.62 6.94 7.29 7.67 8.07 8.49 8.93 9.38 9.80 10.17 10.49 10.77
16.14 15.98 15.81 15.63 15.44 15.24 15.03 14.82 14.61 14.40 14.21 14.05 13.90 13.78 13.68 13.58 13.48 13.39 13.29 13.19 13.08 12.98 12.86 12.75 12.63 12.51 12.39 12.26 12.12 11.94 11.73 11.48 11.16 10.78 10.32 9.85 9.44 9.11 8.86 8.71 8.66 8.63 8.56 8.47 8.35 8.20 8.04 7.85 7.66 7.45 7.24 7.03 6.82 6.60 6.39 6.18 5.97 5.77 5.58 5.39 5.21 5.06 4.99 5.00 5.08 5.23 5.44 5.70 5.99 6.30 6.64 7.00 7.37 7.77 8.17 8.59 9.02 9.45 9.85 10.20 10.50 10.74
16.29 16.13 15.97 15.79 15.61 15.42 15.22 15.01 14.82 14.64 14.47 14.33 14.21 14.11 14.03 13.98 13.93 13.87 13.82 13.76 13.70 13.63 13.56 13.49 13.40 13.31 13.19 13.04 12.84 12.60 12.29 11.91 11.45 10.91 10.33 9.79 9.31 8.90 8.57 8.32 8.17 8.10 8.06 7.99 7.89 7.75 7.59 7.41 7.22 7.01 6.79 6.57 6.34 6.12 5.90 5.68 5.47 5.27 5.07 4.89 4.73 4.65 4.64 4.72 4.86 5.06 5.32 5.62 5.97 6.33 6.70 7.09 7.48 7.88 8.29 8.70 9.11 9.51 9.88 10.19 10.46 10.68
16.45 16.30 16.14 15.98 15.80 15.61 15.42 15.24 15.07 14.91 14.78 14.66 14.56 14.48 14.43 14.40 14.38 14.38 14.37 14.35 14.33 14.31 14.28 14.24 14.20 14.13 14.01 13.83 13.59 13.28 12.87 12.38 11.78 11.13 10.50 9.92 9.39 8.91 8.50 8.16 7.91 7.74 7.66 7.61 7.52 7.40 7.24 7.07 6.87 6.66 6.43 6.19 5.96 5.73 5.50 5.27 5.06 4.85 4.65 4.49 4.39 4.38 4.44 4.56 4.75 5.00 5.29 5.63 6.00 6.40 6.80 7.21 7.61 8.02 8.42 8.81 9.19 9.56 9.88 10.16 10.39 10.56
