data_processed/recharge/precip/Precip_1998_06.asc
ncols        168
nrows        136
xllcorner    455000
yllcorner    2107000
cellsize     500
NODATA_value     -99999
[rows 66 to 98 of 136, columns 0 to 75 of 168]
133.35 132.03 130.54 128.92 127.16 125.29 123.31 121.27 119.23 117.25 115.34 113.51 111.78 110.25 109.05 108.21 107.72 107.55 107.67 108.08 108.73 109.62 110.72 111.79 112.41 112.53 112.18 111.40 110.24 108.72 106.89 104.78 102.44 99.97 97.52 95.13 92.80 90.54 88.36 86.35 84.53 82.89 81.42 80.09 78.89 77.79 76.78 75.83 74.93 74.04 73.14 72.23 71.30 70.35 69.37 68.36 67.31 66.22 65.07 63.78 62.31 60.66 58.86 56.91 54.77 52.33 49.60 46.61 43.42 40.07 36.61 33.08 29.54 26.02 22.70 19.91
133.32 131.96 130.45 128.80 127.03 125.14 123.16 121.10 118.99 116.90 114.90 112.99 111.27 109.90 108.89 108.22 107.88 107.84 108.08 108.58 109.31 110.26 111.39 112.49 113.13 113.26 112.93 112.17 111.02 109.52 107.70 105.60 103.26 100.72 98.09 95.49 92.97 90.53 88.27 86.22 84.39 82.74 81.26 79.93 78.73 77.64 76.64 75.71 74.83 73.96 73.09 72.20 71.28 70.35 69.39 68.39 67.35 66.28 65.16 63.97 62.63 61.11 59.41 57.49 55.23 52.64 49.76 46.64 43.32 39.85 36.28 32.65 29.02 25.42 22.03 19.18
133.25 131.86 130.32 128.65 126.86 124.97 122.99 120.93 118.81 116.66 114.56 112.65 111.08 109.88 109.03 108.50 108.29 108.35 108.67 109.24 110.01 110.98 112.12 113.21 113.84 113.96 113.62 112.84 111.68 110.15 108.32 106.20 103.84 101.27 98.54 95.75 93.02 90.48 88.18 86.12 84.26 82.60 81.12 79.78 78.58 77.50 76.51 75.60 74.74 73.89 73.04 72.17 71.27 70.35 69.41 68.42 67.40 66.34 65.23 64.06 62.83 61.44 59.80 57.78 55.40 52.69 49.70 46.48 43.07 39.52 35.87 32.18 28.49 24.85 21.43 18.56
133.13 131.71 130.15 128.47 126.67 124.77 122.79 120.74 118.63 116.49 114.41 112.64 111.24 110.18 109.46 109.05 108.92 109.06 109.43 110.03 110.82 111.78 112.90 113.95 114.54 114.61 114.22 113.40 112.19 110.62 108.73 106.56 104.15 101.53 98.74 95.84 93.02 90.44 88.11 86.02 84.15 82.48 80.98 79.64 78.45 77.37 76.39 75.49 74.66 73.83 73.00 72.14 71.27 70.36 69.43 68.46 67.45 66.40 65.30 64.14 62.93 61.57 59.86 57.75 55.27 52.48 49.42 46.13 42.66 39.07 35.39 31.67 27.96 24.31 20.89 18.04
132.96 131.52 129.94 128.25 126.44 124.55 122.57 120.53 118.44 116.40 114.57 113.00 111.73 110.80 110.18 109.84 109.78 109.95 110.35 110.95 111.72 112.65 113.71 114.69 115.20 115.21 114.74 113.85 112.55 110.91 108.94 106.69 104.19 101.49 98.63 95.77 93.00 90.41 88.06 85.94 84.05 82.37 80.86 79.52 78.32 77.25 76.28 75.40 74.58 73.78 72.96 72.13 71.27 70.38 69.46 68.51 67.51 66.47 65.37 64.22 62.95 61.41 59.57 57.39 54.86 52.02 48.92 45.60 42.12 38.51 34.83 31.12 27.43 23.80 20.42 17.62
132.74 131.29 129.70 127.99 126.19 124.29 122.32 120.30 118.32 116.54 115.00 113.67 112.56 111.72 111.16 110.88 110.84 111.03 111.41 111.98 112.71 113.57 114.54 115.43 115.83 115.73 115.16 114.16 112.76 111.00 108.92 106.56 103.95 101.15 98.31 95.56 92.91 90.38 88.02 85.88 83.97 82.27 80.75 79.41 78.21 77.14 76.19 75.32 74.52 73.73 72.94 72.12 71.28 70.40 69.50 68.56 67.57 66.54 65.45 64.24 62.77 61.01 58.99 56.72 54.16 51.31 48.21 44.90 41.43 37.85 34.20 30.54 26.90 23.34 20.03 17.32
132.48 131.01 129.41 127.70 125.90 124.01 122.06 120.14 118.42 116.93 115.66 114.57 113.67 112.93 112.41 112.14 112.10 112.27 112.62 113.13 113.77 114.54 115.39 116.14 116.42 116.18 115.47 114.33 112.79 110.89 108.67 106.16 103.43 100.64 97.91 95.27 92.73 90.29 87.98 85.83 83.90 82.19 80.66 79.31 78.11 77.05 76.10 75.25 74.46 73.70 72.92 72.12 71.29 70.43 69.54 68.61 67.64 66.61 65.46 64.05 62.35 60.39 58.19 55.78 53.19 50.36 47.29 44.02 40.61 37.09 33.52 29.93 26.39 22.92 19.73 17.14
132.18 130.69 129.08 127.37 125.57 123.70 121.85 120.20 118.77 117.55 116.52 115.66 114.95 114.36 113.90 113.63 113.55 113.67 113.94 114.36 114.90 115.54 116.25 116.84 116.94 116.54 115.67 114.35 112.64 110.57 108.18 105.52 102.78 100.08 97.46 94.92 92.47 90.12 87.89 85.79 83.85 82.12 80.58 79.23 78.03 76.97 76.03 75.19 74.42 73.68 72.91 72.13 71.32 70.47 69.59 68.67 67.70 66.62 65.26 63.62 61.71 59.57 57.21 54.68 52.00 49.17 46.17 42.98 39.66 36.24 32.77 29.30 25.88 22.56 19.51 17.08
131.82 130.32 128.71 127.01 125.22 123.45 121.86 120.51 119.35 118.38 117.58 116.91 116.38 115.94 115.59 115.32 115.18 115.21 115.39 115.69 116.09 116.56 117.09 117.49 117.40 116.80 115.73 114.21 112.30 110.03 107.46 104.77 102.12 99.52 96.99 94.54 92.17 89.91 87.75 85.72 83.81 82.07 80.52 79.16 77.96 76.90 75.97 75.14 74.39 73.66 72.92 72.15 71.35 70.52 69.65 68.74 67.71 66.41 64.82 62.97 60.87 58.57 56.08 53.44 50.67 47.81 44.86 41.78 38.58 35.30 31.97 28.66 25.40 22.25 19.38 17.14
131.41 129.91 128.30 126.61 124.92 123.41 122.13 121.05 120.14 119.40 118.79 118.31 117.92 117.61 117.36 117.15 116.97 116.90 116.94 117.09 117.31 117.60 117.92 118.09 117.78 116.95 115.65 113.90 111.76 109.28 106.67 104.06 101.50 98.99 96.54 94.17 91.87 89.67 87.58 85.60 83.75 82.03 80.48 79.11 77.90 76.85 75.92 75.11 74.37 73.66 72.93 72.18 71.40 70.58 69.72 68.74 67.50 65.96 64.15 62.11 59.85 57.41 54.81 52.08 49.25 46.35 43.40 40.43 37.39 34.27 31.13 28.00 24.94 22.00 19.34 17.34
130.96 129.46 127.85 126.26 124.84 123.64 122.63 121.80 121.12 120.58 120.15 119.82 119.56 119.36 119.19 119.03 118.87 118.70 118.58 118.55 118.57 118.64 118.72 118.64 118.06 116.98 115.41 113.41 111.04 108.50 105.96 103.44 100.96 98.52 96.14 93.83 91.60 89.46 87.41 85.48 83.67 81.98 80.45 79.07 77.86 76.81 75.89 75.09 74.37 73.68 72.96 72.22 71.45 70.64 69.72 68.53 67.04 65.28 63.28 61.06 58.66 56.10 53.41 50.61 47.75 44.83 41.90 38.98 36.08 33.17 30.24 27.34 24.52 21.81 19.41 17.68
130.45 128.96 127.46 126.13 125.01 124.09 123.34 122.73 122.26 121.90 121.63 121.43 121.28 121.16 121.05 120.93 120.77 120.57 120.31 120.06 119.86 119.67 119.48 119.11 118.25 116.88 115.02 112.76 110.30 107.83 105.37 102.93 100.52 98.14 95.82 93.57 91.38 89.28 87.28 85.38 83.60 81.94 80.42 79.05 77.84 76.79 75.88 75.08 74.38 73.70 73.00 72.28 71.51 70.64 69.50 68.06 66.34 64.38 62.21 59.84 57.32 54.66 51.90 49.07 46.18 43.27 40.38 37.51 34.71 31.99 29.31 26.67 24.12 21.70 19.59 18.16
129.90 128.50 127.27 126.25 125.42 124.75 124.23 123.83 123.55 123.34 123.21 123.12 123.05 122.99 122.92 122.80 122.64 122.39 122.06 121.62 121.15 120.68 120.19 119.51 118.33 116.63 114.49 112.13 109.74 107.34 104.94 102.56 100.21 97.89 95.62 93.40 91.26 89.19 87.21 85.34 83.57 81.93 80.42 79.05 77.84 76.78 75.88 75.09 74.40 73.74 73.06 72.34 71.51 70.42 69.02 67.35 65.43 63.29 60.96 58.47 55.85 53.12 50.31 47.45 44.57 41.69 38.85 36.07 33.37 30.80 28.36 26.01 23.76 21.66 19.88 18.79
129.39 128.27 127.35 126.61 126.03 125.60 125.29 125.08 124.95 124.88 124.86 124.86 124.85 124.83 124.77 124.65 124.44 124.14 123.72 123.15 122.45 121.67 120.84 119.81 118.28 116.27 114.02 111.71 109.39 107.05 104.71 102.38 100.07 97.79 95.56 93.37 91.25 89.21 87.25 85.38 83.62 81.98 80.47 79.09 77.87 76.80 75.89 75.12 74.45 73.80 73.12 72.34 71.29 69.93 68.30 66.42 64.32 62.02 59.56 56.97 54.26 51.48 48.64 45.78 42.92 40.10 37.33 34.65 32.09 29.67 27.42 25.36 23.45 21.70 20.28 19.57
129.10 128.29 127.65 127.17 126.83 126.61 126.49 126.44 126.45 126.50 126.56 126.63 126.66 126.66 126.59 126.43 126.17 125.78 125.25 124.56 123.68 122.61 121.43 120.02 118.15 116.01 113.80 111.55 109.28 106.99 104.70 102.41 100.13 97.88 95.67 93.51 91.40 89.37 87.41 85.55 83.78 82.13 80.60 79.21 77.96 76.86 75.93 75.16 74.50 73.87 73.12 72.11 70.80 69.20 67.35 65.28 63.02 60.59 58.02 55.34 52.58 49.77 46.92 44.08 41.27 38.52 35.85 33.29 30.88 28.64 26.59 24.77 23.19 21.82 20.80 20.47
129.06 128.54 128.16 127.92 127.80 127.77 127.81 127.90 128.03 128.17 128.30 128.40 128.46 128.45 128.34 128.13 127.79 127.30 126.64 125.79 124.73 123.44 121.92 120.15 118.13 116.03 113.88 111.68 109.45 107.20 104.94 102.67 100.42 98.19 95.99 93.84 91.74 89.70 87.74 85.86 84.08 82.41 80.86 79.43 78.15 77.01 76.04 75.23 74.57 73.87 72.90 71.61 70.05 68.24 66.20 63.96 61.56 59.02 56.36 53.62 50.82 47.99 45.17 42.37 39.62 36.96 34.42 32.01 29.76 27.72 25.90 24.33 23.03 22.04 21.41 21.25
129.13 128.88 128.75 128.73 128.80 128.94 129.12 129.34 129.57 129.78 129.96 130.09 130.14 130.10 129.95 129.66 129.23 128.61 127.81 126.78 125.53 124.02 122.25 120.34 118.36 116.30 114.19 112.04 109.84 107.62 105.38 103.14 100.90 98.68 96.48 94.33 92.22 90.18 88.20 86.30 84.50 82.80 81.21 79.74 78.41 77.23 76.20 75.34 74.63 73.72 72.47 70.94 69.15 67.14 64.93 62.54 60.02 57.38 54.65 51.87 49.06 46.24 43.45 40.71 38.05 35.50 33.09 30.85 28.80 26.97 25.39 24.09 23.09 22.41 21.96 21.75
128.77 128.78 128.89 129.09 129.35 129.66 129.99 130.33 130.65 130.93 131.15 131.30 131.36 131.29 131.09 130.72 130.18 129.45 128.49 127.29 125.84 124.12 122.27 120.37 118.42 116.42 114.36 112.24 110.08 107.89 105.68 103.46 101.24 99.04 96.85 94.70 92.59 90.54 88.55 86.64 84.81 83.08 81.46 79.96 78.59 77.36 76.28 75.38 74.67 73.68 72.20 70.43 68.43 66.22 63.85 61.33 58.69 55.97 53.18 50.37 47.54 44.75 42.00 39.33 36.77 34.35 32.09 30.02 28.17 26.56 25.24 24.21 23.50 22.99 22.57 22.33
127.80 128.07 128.43 128.85 129.31 129.79 130.27 130.73 131.15 131.51 131.78 131.96 132.01 131.92 131.67 131.23 130.59 129.73 128.63 127.26 125.63 123.85 122.01 120.13 118.21 116.25 114.24 112.17 110.06 107.91 105.74 103.55 101.35 99.17 97.00 94.85 92.75 90.70 88.71 86.79 84.95 83.20 81.56 80.03 78.62 77.35 76.25 75.37 74.68 73.70 72.16 70.19 67.98 65.59 63.06 60.41 57.67 54.87 52.03 49.19 46.37 43.59 40.90 38.31 35.85 33.56 31.45 29.56 27.92 26.55 25.48 24.73 24.17 23.70 23.30 23.08
126.30 126.81 127.41 128.06 128.72 129.37 130.00 130.59 131.11 131.55 131.87 132.08 132.13 132.02 131.73 131.22 130.49 129.51 128.26 126.75 125.07 123.31 121.51 119.65 117.75 115.82 113.86 111.85 109.79 107.69 105.55 103.40 101.24 99.08 96.94 94.81 92.72 90.68 88.69 86.77 84.92 83.17 81.51 79.96 78.53 77.25 76.18 75.33 74.65 73.69 72.18 70.16 67.79 65.23 62.55 59.77 56.94 54.06 51.18 48.31 45.50 42.76 40.12 37.61 35.27 33.11 31.17 29.47 28.04 26.91 26.09 25.48 24.97 24.52 24.14 23.94
124.53 125.05 125.87 126.74 127.60 128.44 129.22 129.94 130.56 131.08 131.47 131.70 131.76 131.64 131.30 130.73 129.91 128.81 127.44 125.90 124.27 122.56 120.79 118.96 117.09 115.18 113.24 111.28 109.28 107.23 105.15 103.05 100.93 98.80 96.69 94.59 92.53 90.50 88.52 86.60 84.76 83.00 81.33 79.77 78.34 77.11 76.08 75.26 74.60 73.66 72.18 70.21 67.80 65.11 62.28 59.39 56.47 53.53 50.60 47.73 44.92 42.22 39.65 37.24 35.01 32.99 31.22 29.71 28.51 27.61 26.93 26.36 25.87 25.44 25.09 24.90
122.65 123.05 123.87 124.93 126.00 127.02 127.96 128.81 129.54 130.15 130.59 130.86 130.94 130.80 130.42 129.79 128.88 127.69 126.31 124.83 123.26 121.61 119.88 118.08 116.23 114.35 112.44 110.50 108.55 106.57 104.55 102.50 100.43 98.35 96.27 94.21 92.17 90.17 88.21 86.31 84.47 82.72 81.05 79.50 78.13 76.96 75.98 75.18 74.54 73.61 72.16 70.24 67.89 65.19 62.26 59.26 56.24 53.25 50.29 47.41 44.63 41.97 39.47 37.15 35.05 33.18 31.58 30.28 29.29 28.52 27.88 27.33 26.87 26.45 26.12 25.96
120.69 120.97 121.66 122.71 123.94 125.15 126.25 127.24 128.09 128.77 129.28 129.59 129.68 129.53 129.12 128.43 127.45 126.28 124.98 123.58 122.07 120.47 118.79 117.03 115.21 113.36 111.47 109.57 107.65 105.72 103.76 101.77 99.76 97.73 95.70 93.68 91.68 89.70 87.77 85.89 84.08 82.33 80.70 79.22 77.92 76.81 75.86 75.10 74.46 73.56 72.14 70.26 67.97 65.33 62.42 59.34 56.25 53.20 50.22 47.34 44.58 41.98 39.56 37.35 35.37 33.66 32.24 31.14 30.26 29.54 28.92 28.40 27.95 27.56 27.24 27.09
118.68 118.85 119.40 120.30 121.51 122.86 124.13 125.26 126.22 127.00 127.58 127.93 128.04 127.88 127.44 126.71 125.76 124.68 123.48 122.16 120.72 119.18 117.55 115.82 114.05 112.23 110.37 108.50 106.60 104.71 102.80 100.88 98.93 96.96 94.99 93.02 91.06 89.13 87.23 85.38 83.59 81.89 80.34 78.95 77.72 76.66 75.76 75.02 74.39 73.50 72.11 70.27 68.04 65.48 62.65 59.61 56.47 53.38 50.38 47.50 44.78 42.23 39.90 37.80 35.96 34.41 33.17 32.18 31.34 30.64 30.05 29.55 29.12 28.74 28.44 28.30
116.63 116.71 117.13 117.89 118.93 120.24 121.64 122.91 123.99 124.87 125.51 125.91 126.04 125.88 125.43 124.75 123.91 122.94 121.83 120.60 119.24 117.76 116.17 114.49 112.76 110.97 109.16 107.31 105.45 103.58 101.72 99.85 97.97 96.07 94.16 92.24 90.34 88.45 86.60 84.79 83.05 81.45 80.00 78.69 77.54 76.53 75.67 74.95 74.34 73.46 72.09 70.30 68.12 65.63 62.89 59.94 56.86 53.75 50.74 47.87 45.19 42.71 40.47 38.48 36.79 35.40 34.27 33.31 32.50 31.82 31.25 30.77 30.35 29.99 29.70 29.59
114.56 114.55 114.87 115.49 116.37 117.50 118.84 120.22 121.42 122.40 123.12 123.57 123.72 123.57 123.19 122.64 121.93 121.07 120.06 118.91 117.63 116.22 114.69 113.06 111.37 109.62 107.85 106.04 104.21 102.38 100.54 98.71 96.89 95.07 93.22 91.37 89.53 87.70 85.90 84.15 82.53 81.04 79.69 78.47 77.38 76.43 75.60 74.90 74.30 73.43 72.09 70.33 68.22 65.80 63.13 60.29 57.31 54.28 51.28 48.44 45.80 43.40 41.25 39.39 37.84 36.55 35.45 34.51 33.73 33.07 32.52 32.06 31.66 31.31 31.03 30.93
112.49 112.41 112.62 113.12 113.86 114.81 115.96 117.26 118.55 119.63 120.43 120.93 121.12 121.07 120.83 120.42 119.84 119.09 118.19 117.13 115.94 114.60 113.12 111.54 109.89 108.20 106.46 104.70 102.91 101.11 99.31 97.51 95.73 93.97 92.20 90.42 88.65 86.88 85.16 83.54 82.05 80.67 79.42 78.28 77.26 76.35 75.56 74.89 74.29 73.43 72.12 70.40 68.33 65.98 63.40 60.65 57.79 54.88 51.98 49.18 46.60 44.27 42.23 40.49 39.02 37.77 36.70 35.79 35.03 34.39 33.86 33.41 33.02 32.68 32.42 32.32
110.44 110.29 110.42 110.80 111.40 112.20 113.16 114.26 115.46 116.60 117.48 118.05 118.36 118.46 118.38 118.11 117.66 117.03 116.24 115.28 114.16 112.90 111.49 109.96 108.37 106.72 105.03 103.31 101.57 99.81 98.04 96.28 94.54 92.81 91.11 89.41 87.71 86.04 84.46 82.98 81.61 80.35 79.19 78.13 77.18 76.32 75.57 74.91 74.32 73.47 72.17 70.49 68.48 66.20 63.70 61.04 58.30 55.51 52.74 50.06 47.55 45.31 43.37 41.71 40.28 39.05 38.01 37.12 36.38 35.76 35.25 34.81 34.44 34.11 33.85 33.76
108.44 108.23 108.28 108.56 109.03 109.68 110.47 111.36 112.35 113.38 114.32 115.02 115.50 115.78 115.85 115.72 115.41 114.91 114.22 113.37 112.34 111.16 109.81 108.34 106.80 105.21 103.57 101.90 100.20 98.49 96.76 95.04 93.33 91.65 89.98 88.36 86.76 85.24 83.82 82.48 81.24 80.09 79.02 78.04 77.15 76.35 75.62 74.98 74.39 73.55 72.28 70.63 68.67 66.45 64.03 61.47 58.83 56.17 53.54 51.01 48.64 46.49 44.63 43.00 41.60 40.40 39.37 38.51 37.79 37.18 36.68 36.26 35.90 35.58 35.32 35.24
106.49 106.24 106.22 106.41 106.77 107.27 107.89 108.61 109.38 110.19 111.07 111.92 112.59 113.04 113.27 113.29 113.12 112.74 112.17 111.42 110.49 109.39 108.11 106.71 105.22 103.69 102.10 100.48 98.84 97.17 95.49 93.82 92.15 90.50 88.88 87.32 85.87 84.52 83.25 82.05 80.93 79.89 78.92 78.02 77.19 76.43 75.74 75.11 74.52 73.68 72.43 70.82 68.91 66.75 64.41 61.94 59.41 56.87 54.38 52.00 49.79 47.76 45.94 44.34 42.96 41.79 40.78 39.94 39.24 38.65 38.16 37.75 37.39 37.08 36.83 36.75
104.62 104.34 104.26 104.37 104.62 105.00 105.47 106.00 106.58 107.23 107.98 108.82 109.64 110.26 110.66 110.84 110.80 110.56 110.11 109.47 108.63 107.61 106.42 105.07 103.65 102.18 100.65 99.09 97.49 95.88 94.25 92.62 91.00 89.40 87.84 86.39 85.08 83.87 82.76 81.70 80.70 79.77 78.89 78.06 77.29 76.58 75.92 75.31 74.72 73.88 72.65 71.07 69.20 67.11 64.84 62.47 60.05 57.63 55.27 53.04 50.96 49.04 47.29 45.73 44.37 43.22 42.24 41.41 40.72 40.15 39.67 39.26 38.92 38.61 38.36 38.29
102.84 102.54 102.42 102.46 102.62 102.88 103.20 103.58 104.02 104.55 105.18 105.90 106.71 107.47 108.04 108.38 108.49 108.38 108.05 107.52 106.79 105.86 104.74 103.47 102.11 100.70 99.24 97.73 96.20 94.64 93.07 91.49 89.92 88.38 86.95 85.63 84.43 83.34 82.35 81.43 80.56 79.73 78.94 78.19 77.48 76.81 76.17 75.58 74.99 74.15 72.93 71.38 69.56 67.53 65.34 63.06 60.74 58.44 56.22 54.12 52.15 50.32 48.65 47.14 45.82 44.68 43.72 42.91 42.23 41.67 41.20 40.81 40.46 40.15 39.91 39.84
101.18 100.87 100.72 100.70 100.77 100.93 101.13 101.39 101.74 102.18 102.70 103.30 103.98 104.73 105.44 105.93 106.19 106.22 106.02 105.61 104.98 104.14 103.11 101.91 100.62 99.28 97.88 96.44 94.97 93.47 91.95 90.43 88.94 87.53 86.24 85.05 83.96 82.97 82.07 81.26 80.51 79.78 79.08 78.40 77.75 77.12 76.52 75.93 75.34 74.50 73.30 71.78 70.00 68.03 65.91 63.72 61.50 59.32 57.22 55.24 53.37 51.63 50.03 48.58 47.29 46.17 45.23 44.43 43.77 43.21 42.75 42.36 42.02 41.72 41.47 41.40
