data_processed/recharge/precip/Precip_1990_12.asc
ncols        168
nrows        136
xllcorner    455000
yllcorner    2107000
cellsize     500
NODATA_value     -99999
[rows 37 to 73 of 136, columns 0 to 82 of 168]
9.68 2.48 0.00 0.00 0.00 0.00 0.00 0.00 0.00 0.00 0.00 0.00 0.00 0.00 2.01 5.72 8.84 11.40 13.44 15.01 16.12 16.84 17.19 17.22 16.96 16.46 15.75 14.93 14.09 13.24 12.39 11.54 10.70 9.86 9.04 8.24 7.47 6.72 6.00 5.33 4.73 4.22 3.79 3.45 3.18 3.00 2.89 2.86 2.89 2.99 3.15 3.37 3.65 3.95 4.19 4.34 4.42 4.42 4.36 4.23 4.06 3.83 3.56 3.26 2.92 2.56 2.20 1.85 1.56 1.32 1.12 0.97 0.85 0.75 0.67 0.59 0.52 0.44 0.34 0.22 0.10 0.00 0.00
7.81 0.68 0.00 0.00 0.00 0.00 0.00 0.00 0.00 0.00 0.00 0.00 0.00 0.00 1.07 4.61 7.76 10.37 12.46 14.07 15.23 15.99 16.39 16.46 16.24 15.78 15.11 14.33 13.52 12.71 11.89 11.07 10.25 9.45 8.65 7.88 7.12 6.40 5.71 5.09 4.54 4.06 3.66 3.34 3.10 2.93 2.84 2.82 2.86 2.97 3.13 3.35 3.63 3.92 4.16 4.31 4.38 4.38 4.32 4.20 4.02 3.80 3.53 3.23 2.91 2.57 2.24 1.92 1.62 1.36 1.15 0.98 0.85 0.74 0.65 0.57 0.49 0.41 0.32 0.20 0.08 0.00 0.00
6.10 0.00 0.00 0.00 0.00 0.00 0.00 0.00 0.00 0.00 0.00 0.00 0.00 0.00 0.56 3.69 6.70 9.34 11.48 13.13 14.34 15.14 15.58 15.69 15.51 15.09 14.46 13.72 12.95 12.17 11.38 10.59 9.81 9.03 8.26 7.51 6.78 6.09 5.45 4.88 4.37 3.93 3.56 3.26 3.04 2.89 2.81 2.79 2.84 2.95 3.11 3.33 3.60 3.88 4.11 4.25 4.32 4.32 4.25 4.12 3.94 3.72 3.45 3.16 2.85 2.55 2.25 1.96 1.68 1.42 1.19 1.01 0.86 0.74 0.64 0.56 0.48 0.40 0.30 0.19 0.07 0.00 0.00
4.57 0.00 0.00 0.00 0.00 0.00 0.00 0.00 0.00 0.00 0.00 0.00 0.00 0.00 0.46 3.17 5.80 8.32 10.49 12.19 13.44 14.29 14.77 14.92 14.79 14.40 13.81 13.11 12.38 11.63 10.88 10.12 9.37 8.62 7.88 7.15 6.45 5.81 5.22 4.70 4.24 3.83 3.50 3.22 3.01 2.87 2.79 2.78 2.83 2.93 3.09 3.30 3.56 3.83 4.04 4.17 4.23 4.22 4.14 4.01 3.82 3.59 3.32 3.04 2.77 2.50 2.23 1.97 1.72 1.47 1.24 1.04 0.88 0.75 0.65 0.55 0.47 0.38 0.29 0.18 0.07 0.00 0.00
3.24 0.00 0.00 0.00 0.00 0.00 0.00 0.00 0.00 0.00 0.00 0.00 0.00 0.00 0.71 3.02 5.28 7.46 9.51 11.25 12.54 13.44 13.96 14.16 14.06 13.72 13.17 12.50 11.81 11.10 10.38 9.65 8.93 8.21 7.49 6.80 6.16 5.57 5.03 4.55 4.13 3.76 3.45 3.20 3.00 2.87 2.79 2.78 2.83 2.92 3.07 3.27 3.51 3.77 3.96 4.08 4.12 4.09 4.00 3.85 3.65 3.42 3.17 2.92 2.67 2.43 2.19 1.95 1.72 1.50 1.28 1.08 0.91 0.77 0.65 0.56 0.47 0.38 0.29 0.18 0.07 0.00 0.00
2.14 0.00 0.00 0.00 0.00 0.00 0.00 0.00 0.00 0.00 0.00 0.00 0.00 0.00 1.22 3.18 5.08 6.92 8.69 10.32 11.66 12.59 13.16 13.40 13.35 13.05 12.54 11.91 11.25 10.58 9.89 9.20 8.50 7.81 7.13 6.50 5.91 5.37 4.88 4.45 4.06 3.72 3.44 3.21 3.02 2.89 2.82 2.80 2.84 2.92 3.06 3.24 3.46 3.69 3.86 3.96 3.98 3.93 3.82 3.66 3.45 3.23 3.00 2.78 2.56 2.34 2.12 1.91 1.71 1.51 1.31 1.12 0.94 0.79 0.67 0.56 0.47 0.38 0.28 0.18 0.07 0.00 0.00
1.30 0.00 0.00 0.00 0.00 0.00 0.00 0.00 0.00 0.00 0.00 0.00 0.00 0.22 1.91 3.55 5.15 6.69 8.15 9.53 10.79 11.76 12.37 12.65 12.65 12.39 11.91 11.32 10.70 10.06 9.41 8.75 8.09 7.43 6.81 6.24 5.71 5.22 4.78 4.38 4.02 3.71 3.45 3.24 3.07 2.94 2.86 2.84 2.86 2.93 3.05 3.20 3.40 3.61 3.75 3.82 3.82 3.75 3.62 3.44 3.24 3.04 2.84 2.64 2.44 2.24 2.05 1.86 1.67 1.49 1.31 1.14 0.97 0.82 0.68 0.57 0.47 0.38 0.28 0.18 0.07 0.00 0.00
0.74 0.00 0.00 0.00 0.00 0.00 0.00 0.00 0.00 0.00 0.00 0.00 0.00 1.30 2.70 4.07 5.40 6.67 7.88 9.00 10.04 10.95 11.60 11.92 11.96 11.74 11.31 10.76 10.17 9.57 8.95 8.32 7.70 7.11 6.55 6.03 5.55 5.11 4.71 4.34 4.02 3.74 3.49 3.29 3.13 3.01 2.93 2.89 2.90 2.95 3.04 3.17 3.34 3.52 3.63 3.67 3.64 3.54 3.39 3.21 3.04 2.86 2.68 2.50 2.32 2.15 1.97 1.80 1.63 1.46 1.30 1.14 0.99 0.84 0.70 0.58 0.48 0.38 0.28 0.18 0.08 0.00 0.00
0.49 0.00 0.00 0.00 0.00 0.00 0.00 0.00 0.00 0.00 0.00 0.03 1.20 2.37 3.52 4.65 5.75 6.79 7.78 8.69 9.51 10.25 10.85 11.21 11.29 11.11 10.72 10.21 9.66 9.09 8.51 7.93 7.36 6.83 6.34 5.87 5.44 5.04 4.68 4.35 4.05 3.79 3.56 3.37 3.22 3.09 3.01 2.96 2.95 2.98 3.04 3.14 3.28 3.42 3.50 3.50 3.43 3.31 3.16 3.01 2.85 2.69 2.53 2.37 2.21 2.06 1.90 1.74 1.58 1.43 1.28 1.13 0.99 0.85 0.72 0.60 0.48 0.38 0.28 0.18 0.08 0.00 0.00
0.58 0.00 0.00 0.00 0.00 0.00 0.00 0.00 0.00 0.00 0.50 1.44 2.39 3.35 4.29 5.22 6.12 6.98 7.78 8.51 9.16 9.73 10.19 10.52 10.64 10.50 10.15 9.68 9.17 8.64 8.10 7.58 7.09 6.62 6.18 5.77 5.38 5.02 4.69 4.39 4.12 3.88 3.66 3.48 3.33 3.20 3.11 3.05 3.02 3.02 3.05 3.12 3.21 3.31 3.35 3.32 3.22 3.09 2.96 2.83 2.69 2.55 2.41 2.26 2.12 1.97 1.83 1.68 1.54 1.40 1.26 1.12 0.98 0.85 0.73 0.60 0.49 0.38 0.28 0.18 0.08 0.00 0.00
1.03 0.00 0.00 0.00 0.00 0.00 0.00 0.00 0.47 1.14 1.86 2.61 3.38 4.16 4.94 5.70 6.44 7.14 7.80 8.39 8.91 9.35 9.69 9.92 10.02 9.92 9.61 9.18 8.71 8.23 7.76 7.30 6.87 6.47 6.08 5.71 5.37 5.05 4.75 4.48 4.23 4.00 3.79 3.62 3.46 3.33 3.23 3.15 3.09 3.07 3.07 3.09 3.15 3.20 3.20 3.13 3.03 2.92 2.80 2.68 2.56 2.44 2.31 2.18 2.04 1.91 1.77 1.64 1.50 1.37 1.24 1.10 0.98 0.85 0.73 0.61 0.49 0.38 0.28 0.17 0.07 0.00 0.00
1.87 0.74 0.47 0.42 0.50 0.69 0.97 1.34 1.79 2.30 2.86 3.45 4.08 4.72 5.37 6.01 6.63 7.22 7.76 8.25 8.68 9.02 9.28 9.43 9.47 9.37 9.11 8.71 8.29 7.88 7.48 7.09 6.72 6.37 6.03 5.71 5.41 5.12 4.85 4.60 4.37 4.15 3.96 3.78 3.62 3.48 3.36 3.26 3.19 3.13 3.09 3.08 3.08 3.09 3.04 2.96 2.88 2.78 2.68 2.58 2.47 2.35 2.24 2.12 1.99 1.87 1.74 1.61 1.48 1.35 1.22 1.10 0.97 0.85 0.72 0.60 0.49 0.38 0.27 0.16 0.06 0.00 0.00
3.07 2.48 2.14 1.93 1.86 1.90 2.04 2.28 2.59 2.98 3.42 3.91 4.43 4.97 5.52 6.07 6.61 7.12 7.59 8.02 8.38 8.68 8.88 8.99 9.00 8.88 8.63 8.29 7.94 7.60 7.27 6.95 6.63 6.33 6.04 5.77 5.50 5.24 5.00 4.77 4.55 4.34 4.15 3.97 3.81 3.66 3.52 3.40 3.29 3.20 3.12 3.06 3.02 2.98 2.92 2.86 2.78 2.70 2.61 2.52 2.42 2.31 2.21 2.09 1.98 1.86 1.73 1.61 1.48 1.36 1.23 1.10 0.98 0.85 0.73 0.60 0.49 0.37 0.26 0.15 0.05 0.00 0.00
4.44 3.85 3.36 3.02 2.82 2.73 2.76 2.88 3.10 3.38 3.73 4.13 4.57 5.03 5.51 6.00 6.48 6.93 7.36 7.74 8.07 8.34 8.52 8.61 8.60 8.48 8.21 7.87 7.60 7.33 7.06 6.81 6.55 6.30 6.06 5.82 5.59 5.36 5.15 4.93 4.73 4.53 4.34 4.16 3.99 3.82 3.67 3.52 3.39 3.26 3.14 3.04 2.95 2.89 2.85 2.79 2.73 2.66 2.58 2.49 2.40 2.31 2.20 2.10 1.98 1.87 1.75 1.63 1.50 1.38 1.25 1.12 0.99 0.86 0.74 0.61 0.49 0.36 0.24 0.13 0.04 0.00 0.00
6.05 5.45 4.86 4.38 4.04 3.83 3.74 3.74 3.84 4.02 4.27 4.58 4.93 5.31 5.72 6.13 6.54 6.94 7.32 7.65 7.94 8.17 8.32 8.39 8.37 8.20 7.83 7.41 7.13 6.94 6.75 6.55 6.36 6.16 5.97 5.78 5.58 5.39 5.20 5.01 4.82 4.63 4.45 4.27 4.09 3.92 3.75 3.58 3.42 3.26 3.10 2.96 2.86 2.81 2.77 2.72 2.67 2.61 2.54 2.47 2.39 2.30 2.20 2.10 1.99 1.88 1.76 1.64 1.52 1.40 1.27 1.14 1.01 0.88 0.75 0.62 0.49 0.36 0.23 0.11 0.01 0.00 0.00
7.88 7.32 6.72 6.12 5.64 5.29 5.06 4.94 4.92 4.98 5.12 5.32 5.57 5.86 6.18 6.52 6.86 7.19 7.50 7.78 8.01 8.19 8.31 8.34 8.26 7.97 7.49 6.96 6.61 6.42 6.29 6.17 6.04 5.90 5.76 5.62 5.46 5.31 5.15 4.99 4.82 4.65 4.47 4.30 4.12 3.94 3.75 3.57 3.38 3.20 3.01 2.86 2.77 2.72 2.68 2.64 2.61 2.56 2.50 2.43 2.36 2.28 2.19 2.10 1.99 1.89 1.78 1.66 1.54 1.42 1.29 1.16 1.03 0.90 0.76 0.63 0.50 0.36 0.23 0.09 0.00 0.00 0.00
9.90 9.38 8.80 8.19 7.59 7.09 6.71 6.46 6.30 6.24 6.26 6.35 6.49 6.68 6.90 7.14 7.40 7.65 7.88 8.10 8.27 8.39 8.46 8.42 8.19 7.78 7.18 6.56 6.11 5.84 5.72 5.67 5.60 5.53 5.45 5.35 5.25 5.13 5.01 4.87 4.73 4.58 4.42 4.25 4.07 3.89 3.70 3.50 3.29 3.09 2.91 2.77 2.68 2.63 2.60 2.56 2.53 2.49 2.45 2.39 2.33 2.25 2.17 2.09 1.99 1.89 1.78 1.67 1.55 1.43 1.31 1.18 1.05 0.91 0.78 0.64 0.50 0.36 0.22 0.08 0.00 0.00 0.00
12.11 11.62 11.07 10.47 9.84 9.21 8.69 8.28 7.98 7.78 7.67 7.63 7.66 7.73 7.85 7.99 8.15 8.31 8.46 8.60 8.70 8.75 8.72 8.53 8.15 7.60 6.91 6.20 5.66 5.30 5.10 5.06 5.06 5.05 5.03 4.99 4.93 4.86 4.77 4.67 4.56 4.43 4.29 4.13 3.96 3.78 3.58 3.37 3.16 2.96 2.80 2.67 2.59 2.55 2.51 2.48 2.45 2.42 2.38 2.34 2.29 2.22 2.15 2.07 1.98 1.89 1.79 1.68 1.56 1.45 1.32 1.19 1.06 0.93 0.79 0.65 0.51 0.36 0.21 0.07 0.00 0.00 0.00
14.47 14.02 13.49 12.91 12.28 11.61 10.96 10.39 9.94 9.60 9.34 9.17 9.07 9.02 9.02 9.05 9.10 9.16 9.22 9.26 9.28 9.22 9.02 8.65 8.12 7.45 6.66 5.87 5.25 4.81 4.53 4.40 4.42 4.47 4.51 4.53 4.53 4.51 4.46 4.40 4.32 4.22 4.09 3.95 3.79 3.61 3.42 3.21 3.01 2.83 2.69 2.58 2.50 2.46 2.43 2.40 2.37 2.34 2.31 2.28 2.24 2.18 2.12 2.05 1.97 1.88 1.78 1.68 1.57 1.46 1.34 1.21 1.08 0.94 0.81 0.66 0.51 0.36 0.21 0.06 0.00 0.00 0.00
16.99 16.56 16.05 15.48 14.86 14.19 13.48 12.78 12.17 11.67 11.26 10.94 10.70 10.52 10.38 10.29 10.23 10.18 10.13 10.07 9.96 9.72 9.32 8.78 8.11 7.33 6.45 5.59 4.89 4.37 4.01 3.80 3.75 3.81 3.92 4.00 4.05 4.08 4.08 4.06 4.01 3.94 3.84 3.72 3.58 3.41 3.22 3.03 2.86 2.71 2.58 2.48 2.41 2.38 2.35 2.32 2.29 2.26 2.24 2.21 2.18 2.13 2.08 2.02 1.95 1.87 1.78 1.68 1.57 1.46 1.34 1.22 1.09 0.96 0.81 0.67 0.51 0.36 0.20 0.05 0.00 0.00 0.00
19.63 19.22 18.73 18.17 17.55 16.88 16.16 15.40 14.64 13.97 13.41 12.93 12.54 12.21 11.94 11.71 11.52 11.35 11.19 10.99 10.66 10.20 9.61 8.91 8.11 7.22 6.26 5.34 4.57 3.98 3.55 3.27 3.13 3.13 3.24 3.39 3.50 3.59 3.64 3.66 3.65 3.61 3.55 3.45 3.32 3.17 3.00 2.85 2.71 2.58 2.47 2.39 2.33 2.29 2.27 2.24 2.21 2.19 2.16 2.14 2.11 2.08 2.03 1.98 1.92 1.84 1.76 1.67 1.57 1.46 1.35 1.23 1.10 0.96 0.82 0.67 0.51 0.35 0.20 0.04 0.00 0.00 0.00
22.38 22.00 21.52 20.97 20.35 19.66 18.92 18.14 17.32 16.50 15.76 15.12 14.56 14.08 13.66 13.30 12.97 12.66 12.34 11.90 11.35 10.68 9.91 9.05 8.12 7.13 6.10 5.12 4.30 3.64 3.14 2.79 2.58 2.51 2.56 2.71 2.89 3.03 3.14 3.21 3.25 3.24 3.21 3.14 3.03 2.91 2.79 2.67 2.56 2.46 2.37 2.30 2.24 2.21 2.18 2.16 2.13 2.11 2.09 2.06 2.04 2.01 1.98 1.93 1.88 1.82 1.74 1.66 1.56 1.46 1.35 1.23 1.10 0.96 0.82 0.67 0.51 0.35 0.19 0.03 0.00 0.00 0.00
25.23 24.87 24.40 23.85 23.23 22.53 21.77 20.96 20.10 19.21 18.31 17.50 16.77 16.12 15.54 15.02 14.54 14.06 13.48 12.80 12.01 11.14 10.20 9.19 8.14 7.06 5.97 4.93 4.06 3.35 2.79 2.38 2.10 1.96 1.94 2.04 2.22 2.43 2.59 2.71 2.80 2.84 2.84 2.80 2.74 2.66 2.58 2.50 2.42 2.34 2.27 2.21 2.16 2.13 2.11 2.08 2.06 2.03 2.01 1.99 1.96 1.94 1.91 1.88 1.83 1.78 1.71 1.64 1.55 1.45 1.35 1.23 1.10 0.96 0.81 0.66 0.50 0.35 0.19 0.03 0.00 0.00 0.00
28.15 27.81 27.35 26.80 26.17 25.46 24.68 23.83 22.94 22.00 21.02 20.04 19.13 18.31 17.56 16.87 16.20 15.45 14.60 13.66 12.65 11.59 10.48 9.34 8.18 7.01 5.85 4.78 3.86 3.10 2.49 2.02 1.69 1.49 1.41 1.43 1.57 1.78 2.00 2.18 2.31 2.40 2.44 2.45 2.44 2.42 2.38 2.33 2.28 2.22 2.17 2.12 2.08 2.05 2.03 2.00 1.98 1.96 1.94 1.91 1.89 1.87 1.84 1.81 1.78 1.73 1.68 1.61 1.53 1.44 1.33 1.21 1.09 0.95 0.80 0.65 0.50 0.34 0.18 0.03 0.00 0.00 0.00
31.13 30.80 30.36 29.81 29.16 28.43 27.63 26.75 25.81 24.82 23.79 22.71 21.64 20.63 19.70 18.80 17.84 16.79 15.67 14.49 13.27 12.02 10.75 9.48 8.21 6.97 5.76 4.65 3.69 2.89 2.24 1.73 1.35 1.09 0.95 0.92 0.99 1.15 1.39 1.62 1.81 1.94 2.04 2.11 2.15 2.17 2.17 2.16 2.14 2.11 2.07 2.04 2.00 1.98 1.95 1.93 1.91 1.89 1.86 1.84 1.82 1.80 1.77 1.75 1.72 1.68 1.63 1.57 1.50 1.41 1.31 1.19 1.06 0.93 0.79 0.64 0.49 0.33 0.18 0.02 0.00 0.00 0.00
34.16 33.84 33.40 32.84 32.18 31.44 30.60 29.69 28.71 27.67 26.57 25.43 24.25 23.07 21.91 20.70 19.42 18.09 16.71 15.30 13.87 12.44 11.02 9.62 8.26 6.94 5.69 4.55 3.56 2.73 2.04 1.49 1.06 0.76 0.57 0.49 0.50 0.61 0.79 1.04 1.28 1.48 1.64 1.77 1.86 1.93 1.97 2.00 2.00 1.99 1.98 1.95 1.93 1.90 1.88 1.85 1.83 1.81 1.79 1.77 1.75 1.73 1.70 1.68 1.65 1.62 1.58 1.53 1.46 1.37 1.27 1.16 1.04 0.90 0.77 0.62 0.47 0.32 0.17 0.02 0.00 0.00 0.00
37.21 36.90 36.46 35.89 35.22 34.45 33.58 32.63 31.61 30.51 29.35 28.14 26.88 25.55 24.08 22.54 20.95 19.33 17.70 16.07 14.44 12.84 11.27 9.76 8.30 6.93 5.64 4.48 3.47 2.61 1.89 1.30 0.84 0.50 0.27 0.14 0.11 0.16 0.29 0.50 0.76 1.03 1.25 1.43 1.58 1.69 1.78 1.83 1.87 1.88 1.88 1.87 1.85 1.83 1.80 1.78 1.76 1.74 1.72 1.70 1.68 1.66 1.64 1.61 1.58 1.55 1.52 1.47 1.40 1.32 1.23 1.12 1.00 0.87 0.74 0.60 0.46 0.31 0.16 0.02 0.00 0.00 0.00
40.27 39.97 39.52 38.95 38.26 37.46 36.56 35.57 34.49 33.33 32.11 30.82 29.44 27.89 26.16 24.31 22.42 20.54 18.66 16.80 14.98 13.22 11.51 9.89 8.35 6.92 5.60 4.43 3.40 2.52 1.78 1.17 0.68 0.31 0.04 0.00 0.00 0.00 0.00 0.06 0.29 0.58 0.86 1.10 1.30 1.46 1.58 1.68 1.74 1.78 1.80 1.80 1.78 1.76 1.73 1.71 1.69 1.67 1.65 1.63 1.61 1.59 1.57 1.54 1.52 1.48 1.44 1.39 1.33 1.26 1.17 1.07 0.96 0.83 0.71 0.57 0.44 0.30 0.16 0.02 0.00 0.00 0.00
43.32 43.02 42.57 41.98 41.27 40.44 39.51 38.47 37.34 36.12 34.83 33.43 31.83 30.04 28.08 26.00 23.84 21.68 19.57 17.50 15.50 13.57 11.74 10.01 8.40 6.92 5.58 4.40 3.36 2.47 1.72 1.09 0.58 0.18 0.00 0.00 0.00 0.00 0.00 0.00 0.00 0.18 0.48 0.78 1.03 1.23 1.40 1.52 1.61 1.68 1.71 1.72 1.71 1.69 1.67 1.65 1.63 1.61 1.59 1.57 1.55 1.53 1.50 1.48 1.45 1.41 1.37 1.31 1.25 1.18 1.10 1.01 0.90 0.79 0.67 0.54 0.41 0.28 0.15 0.02 0.00 0.00 0.00
46.34 46.04 45.58 44.98 44.24 43.39 42.41 41.33 40.14 38.86 37.45 35.84 34.00 31.99 29.82 27.54 25.18 22.78 20.43 18.16 15.98 13.91 11.95 10.13 8.45 6.93 5.57 4.39 3.35 2.46 1.70 1.06 0.54 0.12 0.00 0.00 0.00 0.00 0.00 0.00 0.00 0.00 0.15 0.46 0.76 1.01 1.21 1.37 1.49 1.58 1.63 1.65 1.65 1.63 1.60 1.58 1.56 1.54 1.52 1.50 1.48 1.46 1.44 1.41 1.38 1.33 1.28 1.23 1.17 1.10 1.02 0.94 0.84 0.74 0.62 0.51 0.38 0.26 0.14 0.02 0.00 0.00 0.00
49.32 49.02 48.55 47.93 47.17 46.27 45.26 44.12 42.88 41.49 39.87 38.01 35.96 33.73 31.37 28.91 26.38 23.81 21.25 18.78 16.44 14.22 12.15 10.23 8.49 6.94 5.58 4.40 3.37 2.48 1.72 1.08 0.55 0.12 0.00 0.00 0.00 0.00 0.00 0.00 0.00 0.00 0.00 0.18 0.49 0.79 1.03 1.22 1.37 1.48 1.55 1.58 1.58 1.56 1.54 1.52 1.50 1.48 1.46 1.44 1.42 1.40 1.37 1.34 1.30 1.25 1.20 1.14 1.07 1.01 0.93 0.86 0.77 0.68 0.57 0.47 0.35 0.24 0.13 0.02 0.00 0.00 0.00
52.24 51.93 51.45 50.80 50.01 49.08 48.02 46.83 45.48 43.88 42.03 39.95 37.69 35.27 32.73 30.10 27.41 24.70 22.00 19.36 16.85 14.50 12.32 10.33 8.53 6.95 5.59 4.43 3.41 2.53 1.78 1.14 0.61 0.19 0.00 0.00 0.00 0.00 0.00 0.00 0.00 0.00 0.00 0.00 0.27 0.57 0.85 1.08 1.26 1.39 1.47 1.52 1.53 1.51 1.48 1.46 1.44 1.42 1.40 1.38 1.36 1.33 1.30 1.26 1.22 1.16 1.11 1.05 0.98 0.91 0.84 0.77 0.69 0.61 0.52 0.42 0.32 0.22 0.11 0.01 0.00 0.00 0.00
55.08 54.76 54.26 53.60 52.77 51.80 50.69 49.40 47.84 46.01 43.94 41.66 39.20 36.60 33.90 31.12 28.29 25.45 22.64 19.89 17.24 14.76 12.48 10.41 8.57 6.96 5.61 4.47 3.48 2.62 1.87 1.25 0.73 0.31 0.00 0.00 0.00 0.00 0.00 0.00 0.00 0.00 0.00 0.00 0.13 0.40 0.68 0.94 1.15 1.30 1.40 1.46 1.47 1.45 1.43 1.40 1.38 1.36 1.34 1.32 1.30 1.27 1.23 1.18 1.13 1.07 1.01 0.95 0.88 0.82 0.75 0.67 0.60 0.53 0.45 0.37 0.28 0.19 0.10 0.01 0.00 0.00 0.00
57.83 57.50 56.98 56.28 55.43 54.41 53.20 51.70 49.92 47.87 45.59 43.12 40.48 37.72 34.87 31.95 29.00 26.05 23.14 20.30 17.57 14.98 12.61 10.47 8.59 6.98 5.64 4.53 3.57 2.73 2.01 1.40 0.90 0.48 0.14 0.00 0.00 0.00 0.00 0.00 0.00 0.00 0.00 0.00 0.08 0.30 0.55 0.81 1.04 1.22 1.34 1.40 1.42 1.40 1.37 1.35 1.33 1.31 1.29 1.26 1.23 1.19 1.15 1.10 1.04 0.98 0.92 0.85 0.79 0.72 0.65 0.58 0.51 0.45 0.38 0.31 0.24 0.16 0.08 0.01 0.00 0.00 0.00
60.46 60.12 59.57 58.85 57.95 56.84 55.43 53.70 51.70 49.45 46.98 44.33 41.54 38.63 35.63 32.59 29.53 26.49 23.50 20.59 17.80 15.16 12.71 10.52 8.61 6.99 5.68 4.60 3.67 2.87 2.18 1.59 1.10 0.69 0.35 0.08 0.00 0.00 0.00 0.00 0.00 0.00 0.00 0.00 0.10 0.28 0.49 0.72 0.95 1.14 1.27 1.35 1.37 1.35 1.33 1.30 1.28 1.26 1.23 1.20 1.16 1.11 1.06 1.01 0.95 0.89 0.82 0.76 0.69 0.62 0.55 0.49 0.42 0.36 0.30 0.25 0.19 0.13 0.07 0.01 0.00 0.00 0.00
62.96 62.60 62.04 61.28 60.29 58.98 57.34 55.40 53.19 50.75 48.11 45.30 42.35 39.31 36.20 33.05 29.90 26.78 23.72 20.76 17.93 15.26 12.78 10.55 8.61 7.00 5.71 4.69 3.80 3.03 2.37 1.81 1.33 0.92 0.59 0.32 0.12 0.00 0.00 0.00 0.00 0.00 0.00 0.05 0.18 0.34 0.51 0.69 0.88 1.07 1.22 1.30 1.33 1.31 1.28 1.26 1.23 1.20 1.17 1.13 1.08 1.03 0.98 0.92 0.85 0.79 0.72 0.66 0.59 0.52 0.46 0.39 0.33 0.28 0.23 0.18 0.14 0.09 0.05 0.00 0.00 0.00 0.00
65.32 64.94 64.34 63.50 62.31 60.78 58.92 56.78 54.38 51.77 48.97 46.01 42.94 39.77 36.55 33.31 30.08 26.90 23.79 20.79 17.93 15.25 12.78 10.55 8.61 7.00 5.75 4.78 3.94 3.22 2.59 2.04 1.58 1.18 0.85 0.59 0.38 0.23 0.13 0.08 0.06 0.09 0.14 0.22 0.32 0.45 0.58 0.73 0.88 1.03 1.16 1.26 1.29 1.27 1.24 1.21 1.18 1.15 1.11 1.06 1.01 0.95 0.89 0.82 0.76 0.69 0.62 0.56 0.49 0.42 0.36 0.30 0.25 0.20 0.15 0.11 0.08 0.05 0.02 0.00 0.00 0.00 0.00
