data_processed/recharge/precip/Precip_1984_08.asc
ncols        168
nrows        136
xllcorner    455000
yllcorner    2107000
cellsize     500
NODATA_value     -99999
[rows 0 to 32 of 136, columns 73 to 145 of 168]
214.15 212.94 211.51 209.85 207.96 205.84 203.48 200.82 197.61 193.67 188.99 183.61 177.56 170.85 163.67 156.93 151.05 145.98 141.69 138.14 135.30 133.04 131.10 129.37 127.84 126.53 125.44 124.56 123.90 123.46 123.21 123.01 122.72 122.35 121.93 121.48 121.04 120.63 120.30 120.09 120.02 120.11 120.38 120.84 121.29 120.99 119.61 117.23 113.95 109.86 105.05 99.61 93.63 87.22 80.54 73.73 66.87 60.00 53.19 46.48 40.13 36.09 35.68 38.77 45.22 54.86 67.52 82.69 98.75 114.72 130.43 145.75 160.53
212.55 211.48 210.18 208.64 206.86 204.83 202.50 199.62 196.00 191.65 186.61 180.89 174.52 167.53 160.10 153.13 147.04 141.79 137.34 133.66 130.71 128.45 126.77 125.40 124.26 123.33 122.63 122.16 121.91 121.87 121.84 121.70 121.44 121.10 120.71 120.28 119.84 119.42 119.09 118.87 118.79 118.87 119.12 119.58 120.24 120.90 120.77 119.51 117.20 113.94 109.81 104.90 99.33 93.25 86.81 80.09 73.14 66.01 58.75 51.43 44.29 39.28 37.70 39.45 44.35 52.25 62.99 76.42 92.01 108.24 124.16 139.60 154.42
210.50 209.59 208.44 207.03 205.37 203.41 200.88 197.62 193.65 188.98 183.63 177.64 171.04 163.83 156.22 149.09 142.86 137.50 132.96 129.21 126.22 123.94 122.35 121.31 120.61 120.13 119.89 119.88 120.07 120.27 120.32 120.23 120.01 119.71 119.34 118.92 118.49 118.08 117.74 117.52 117.43 117.50 117.74 118.18 118.84 119.72 120.60 120.66 119.54 117.32 114.09 109.95 105.07 99.61 93.63 87.19 80.34 73.14 65.65 57.91 50.17 44.39 41.85 42.43 45.98 52.35 61.36 72.87 86.71 102.39 118.43 133.96 148.78
208.03 207.27 206.28 205.03 203.46 201.34 198.48 194.91 190.65 185.72 180.14 173.96 167.18 159.83 152.10 144.89 138.59 133.19 128.63 124.88 121.92 119.69 118.17 117.31 117.01 117.04 117.31 117.79 118.26 118.55 118.66 118.62 118.45 118.18 117.83 117.44 117.02 116.61 116.27 116.05 115.96 116.02 116.25 116.68 117.32 118.19 119.32 120.44 120.71 119.75 117.64 114.56 110.67 106.04 100.71 94.75 88.21 81.13 73.59 65.63 57.50 51.14 47.82 47.45 49.85 54.87 62.36 72.14 84.07 97.98 113.40 128.92 143.71
205.24 204.57 203.74 202.61 200.91 198.50 195.37 191.56 187.07 181.96 176.22 169.90 163.02 155.61 147.83 140.60 134.31 128.93 124.42 120.75 117.88 115.77 114.39 113.70 113.66 114.18 114.98 115.77 116.34 116.70 116.87 116.88 116.76 116.52 116.21 115.84 115.44 115.04 114.70 114.48 114.38 114.44 114.67 115.09 115.72 116.58 117.69 119.07 120.45 120.96 120.28 118.56 115.87 112.26 107.78 102.49 96.45 89.70 82.31 74.32 65.99 59.25 55.36 54.22 55.67 59.55 65.70 73.96 84.17 96.18 109.81 124.62 139.27
202.21 201.59 200.80 199.55 197.61 194.96 191.63 187.64 183.01 177.77 171.95 165.57 158.66 151.24 143.49 136.31 130.09 124.81 120.42 116.89 114.19 112.27 111.10 110.65 110.87 111.69 112.75 113.65 114.30 114.73 114.97 115.04 114.96 114.77 114.49 114.14 113.76 113.37 113.04 112.82 112.73 112.79 113.01 113.42 114.04 114.89 115.99 117.36 119.02 120.80 121.83 121.68 120.38 117.99 114.56 110.14 104.79 98.56 91.52 83.71 75.38 68.44 64.18 62.47 63.16 66.09 71.10 78.03 86.72 97.02 108.76 121.76 135.37
198.95 198.34 197.34 195.78 193.62 190.81 187.34 183.24 178.53 173.25 167.41 161.04 154.16 146.81 139.16 132.10 126.02 120.90 116.71 113.39 110.92 109.26 108.38 108.23 108.74 109.59 110.52 111.43 112.16 112.67 112.98 113.10 113.08 112.94 112.69 112.37 112.01 111.64 111.32 111.10 111.01 111.07 111.29 111.70 112.32 113.16 114.25 115.62 117.38 119.63 122.05 123.64 123.93 122.95 120.76 117.41 112.95 107.45 100.94 93.50 85.36 78.44 74.00 71.92 72.05 74.23 78.29 84.09 91.46 100.24 110.25 121.08 132.41
195.46 194.65 193.32 191.44 189.05 186.11 182.57 178.44 173.72 168.46 162.67 156.38 149.61 142.40 134.91 128.04 122.18 117.30 113.36 110.33 108.16 106.83 106.30 106.48 107.04 107.70 108.43 109.20 109.95 110.53 110.91 111.10 111.13 111.03 110.83 110.55 110.21 109.85 109.54 109.33 109.25 109.31 109.54 109.95 110.56 111.40 112.50 113.97 115.91 118.33 121.20 124.18 126.23 126.87 126.11 124.03 120.66 116.07 110.31 103.43 95.68 88.97 84.54 82.29 82.05 83.68 87.00 91.86 98.10 105.53 113.72 122.28 131.22
191.56 190.43 188.80 186.67 184.06 180.98 177.42 173.32 168.67 163.49 157.82 151.68 145.09 138.09 130.83 124.22 118.65 114.07 110.46 107.78 106.00 105.06 104.90 105.16 105.54 106.00 106.53 107.11 107.74 108.34 108.79 109.04 109.14 109.09 108.92 108.67 108.36 108.02 107.73 107.53 107.46 107.53 107.77 108.18 108.79 109.64 110.85 112.52 114.64 117.21 120.20 123.59 127.04 129.46 130.34 129.71 127.63 124.15 119.33 113.21 106.06 99.74 95.53 93.30 92.89 94.16 96.93 101.05 106.33 112.28 118.50 124.96 131.75
187.17 185.76 183.88 181.55 178.78 175.59 171.99 167.96 163.44 158.43 152.95 147.02 140.68 133.95 127.01 120.73 115.50 111.30 108.09 105.84 104.50 103.98 103.92 104.00 104.19 104.46 104.81 105.21 105.67 106.16 106.63 106.95 107.10 107.11 106.99 106.78 106.50 106.18 105.90 105.72 105.67 105.75 105.99 106.41 107.04 108.01 109.43 111.29 113.58 116.28 119.37 122.84 126.66 130.48 133.16 134.19 133.59 131.42 127.73 122.58 116.20 110.49 106.68 104.67 104.30 105.40 107.82 111.36 115.50 119.78 124.19 128.79 133.66
182.38 180.74 178.67 176.19 173.32 170.07 166.44 162.47 158.12 153.34 148.12 142.49 136.46 130.08 123.51 117.63 112.83 109.08 106.34 104.57 103.69 103.30 103.08 102.97 102.97 103.07 103.24 103.49 103.79 104.13 104.50 104.84 105.06 105.12 105.05 104.88 104.63 104.33 104.08 103.92 103.88 103.97 104.22 104.66 105.43 106.62 108.25 110.29 112.73 115.54 118.72 122.24 126.09 130.24 134.32 137.18 138.26 137.59 135.23 131.23 125.84 120.92 117.72 116.13 115.98 117.12 119.34 122.09 124.86 127.62 130.46 133.43 136.61
177.28 175.46 173.26 170.69 167.77 164.50 160.92 157.02 152.82 148.31 143.42 138.15 132.51 126.55 120.42 115.01 110.70 107.47 105.26 104.00 103.27 102.73 102.32 102.04 101.87 101.81 101.83 101.92 102.08 102.28 102.52 102.78 103.02 103.14 103.12 102.99 102.77 102.51 102.27 102.14 102.11 102.22 102.50 103.09 104.09 105.51 107.32 109.53 112.09 115.01 118.25 121.81 125.66 129.79 134.17 138.43 141.36 142.39 141.56 138.91 134.70 130.77 128.38 127.39 127.67 128.99 130.76 132.44 133.98 135.47 136.97 138.55 140.28
171.96 170.02 167.74 165.14 162.22 159.00 155.51 151.74 147.72 143.46 138.94 134.09 128.91 123.43 117.82 112.95 109.21 106.56 104.90 103.82 102.94 102.22 101.64 101.20 100.88 100.66 100.53 100.49 100.52 100.60 100.72 100.87 101.04 101.18 101.21 101.13 100.95 100.72 100.51 100.40 100.39 100.54 100.97 101.80 103.04 104.67 106.66 109.00 111.68 114.68 117.97 121.55 125.39 129.47 133.79 138.30 142.64 145.54 146.43 145.33 142.49 139.76 138.36 138.19 139.02 140.25 141.25 141.99 142.54 142.98 143.38 143.80 144.32
166.53 164.52 162.22 159.63 156.78 153.66 150.31 146.73 142.94 138.95 134.77 130.39 125.75 120.82 115.79 111.53 108.42 106.36 104.91 103.69 102.64 101.76 101.02 100.43 99.96 99.61 99.35 99.19 99.09 99.06 99.08 99.13 99.21 99.29 99.35 99.32 99.18 98.98 98.80 98.72 98.75 99.06 99.75 100.84 102.30 104.11 106.26 108.73 111.50 114.56 117.89 121.47 125.28 129.30 133.52 137.92 142.48 146.79 149.57 150.21 148.94 147.60 147.39 148.17 149.26 150.00 150.36 150.40 150.20 149.83 149.36 148.85 148.39
161.07 159.06 156.79 154.28 151.54 148.58 145.43 142.09 138.58 134.91 131.11 127.17 123.09 118.79 114.42 110.84 108.36 106.53 104.94 103.56 102.35 101.32 100.45 99.72 99.12 98.64 98.27 97.99 97.79 97.66 97.58 97.55 97.55 97.56 97.58 97.57 97.48 97.31 97.17 97.13 97.33 97.92 98.88 100.20 101.86 103.84 106.13 108.71 111.56 114.67 118.01 121.57 125.33 129.28 133.39 137.65 142.04 146.53 150.72 153.28 153.78 154.01 155.14 156.51 157.42 157.81 157.77 157.35 156.63 155.68 154.57 153.37 152.16
155.70 153.73 151.55 149.16 146.59 143.85 140.95 137.91 134.74 131.45 128.07 124.60 121.06 117.42 113.77 110.87 108.64 106.69 104.95 103.42 102.07 100.90 99.89 99.04 98.32 97.73 97.25 96.88 96.59 96.37 96.22 96.11 96.04 96.00 95.96 95.93 95.86 95.73 95.64 95.78 96.28 97.14 98.35 99.88 101.73 103.87 106.28 108.95 111.86 115.00 118.34 121.86 125.56 129.41 133.39 137.49 141.69 145.98 150.32 154.29 156.71 158.67 160.74 162.22 163.07 163.35 163.13 162.48 161.47 160.18 158.67 157.02 155.30
150.50 148.63 146.59 144.39 142.05 139.57 136.98 134.29 131.51 128.66 125.75 122.80 119.82 116.83 113.87 111.24 108.90 106.80 104.92 103.24 101.77 100.47 99.35 98.38 97.56 96.87 96.30 95.84 95.47 95.18 94.96 94.80 94.68 94.59 94.51 94.44 94.36 94.28 94.37 94.82 95.61 96.73 98.17 99.90 101.92 104.19 106.71 109.46 112.41 115.56 118.88 122.35 125.97 129.70 133.54 137.47 141.46 145.50 149.58 153.67 157.45 160.66 163.15 164.87 165.89 166.28 166.12 165.48 164.42 163.02 161.35 159.47 157.47
145.44 143.73 141.88 139.92 137.86 135.71 133.48 131.20 128.87 126.51 124.13 121.76 119.39 117.01 114.34 111.63 109.15 106.90 104.88 103.08 101.48 100.07 98.83 97.77 96.85 96.07 95.41 94.87 94.43 94.08 93.80 93.59 93.42 93.29 93.18 93.09 93.00 93.04 93.42 94.17 95.23 96.60 98.25 100.17 102.33 104.73 107.33 110.14 113.12 116.26 119.54 122.95 126.46 130.06 133.74 137.47 141.24 145.03 148.82 152.60 156.40 160.02 162.96 165.09 166.47 167.16 167.24 166.78 165.84 164.51 162.86 160.94 158.84
140.36 138.86 137.27 135.61 133.88 132.11 130.31 128.49 126.67 124.86 123.08 121.34 119.59 117.50 114.86 112.10 109.49 107.10 104.94 103.01 101.29 99.76 98.42 97.24 96.23 95.35 94.62 94.00 93.49 93.07 92.73 92.46 92.25 92.08 91.94 91.83 91.83 92.05 92.64 93.65 94.97 96.57 98.41 100.49 102.79 105.28 107.96 110.80 113.79 116.91 120.13 123.45 126.85 130.30 133.80 137.32 140.85 144.36 147.85 151.37 154.98 158.53 161.81 164.43 166.24 167.31 167.72 167.52 166.80 165.63 164.07 162.20 160.09
135.31 134.08 132.81 131.50 130.17 128.84 127.52 126.23 124.97 123.77 122.63 121.52 120.09 118.01 115.36 112.59 109.93 107.42 105.12 103.06 101.21 99.56 98.10 96.82 95.71 94.74 93.92 93.22 92.63 92.14 91.74 91.42 91.16 90.95 90.78 90.74 90.91 91.32 92.08 93.25 94.78 96.58 98.61 100.83 103.24 105.82 108.55 111.41 114.39 117.46 120.61 123.83 127.09 130.38 133.67 136.96 140.23 143.45 146.70 150.03 153.46 156.85 160.09 163.06 165.37 166.90 167.70 167.85 167.41 166.46 165.08 163.32 161.26
130.36 129.47 128.56 127.67 126.80 125.97 125.19 124.47 123.84 123.30 122.82 122.02 120.59 118.50 115.85 113.08 110.40 107.83 105.42 103.22 101.24 99.47 97.90 96.51 95.29 94.23 93.32 92.53 91.87 91.31 90.85 90.47 90.16 89.91 89.81 89.92 90.25 90.82 91.72 93.01 94.67 96.63 98.81 101.16 103.66 106.31 109.07 111.93 114.88 117.89 120.95 124.04 127.15 130.25 133.33 136.37 139.37 142.36 145.43 148.61 151.88 155.11 158.20 161.15 163.83 165.87 167.14 167.70 167.62 166.97 165.82 164.25 162.32
125.59 125.08 124.61 124.19 123.84 123.56 123.38 123.31 123.36 123.48 123.31 122.51 121.06 118.97 116.33 113.57 110.88 108.29 105.82 103.51 101.40 99.51 97.82 96.31 94.99 93.83 92.82 91.96 91.21 90.58 90.06 89.62 89.26 89.06 89.08 89.34 89.81 90.52 91.55 92.94 94.66 96.70 98.99 101.45 104.03 106.72 109.50 112.34 115.24 118.18 121.13 124.08 127.01 129.91 132.76 135.54 138.31 141.15 144.08 147.10 150.21 153.30 156.25 159.07 161.76 164.18 165.98 167.02 167.37 167.09 166.26 164.95 163.22
121.08 121.02 121.03 121.14 121.36 121.70 122.18 122.80 123.53 123.97 123.79 122.97 121.51 119.43 116.81 114.05 111.37 108.77 106.28 103.90 101.68 99.66 97.85 96.23 94.80 93.54 92.44 91.49 90.66 89.96 89.36 88.87 88.54 88.45 88.60 88.97 89.57 90.40 91.53 93.00 94.77 96.84 99.15 101.67 104.32 107.03 109.81 112.62 115.45 118.29 121.11 123.90 126.65 129.32 131.92 134.50 137.13 139.84 142.63 145.52 148.49 151.43 154.25 156.96 159.54 161.99 164.19 165.78 166.62 166.79 166.34 165.35 163.90
116.89 117.34 117.90 118.60 119.45 120.46 121.65 122.97 124.02 124.45 124.23 123.39 121.93 119.87 117.27 114.55 111.87 109.27 106.76 104.35 102.07 99.94 98.00 96.27 94.73 93.37 92.17 91.13 90.22 89.44 88.78 88.30 88.07 88.08 88.33 88.80 89.50 90.43 91.64 93.16 94.97 97.04 99.34 101.84 104.50 107.22 109.98 112.74 115.48 118.21 120.88 123.50 126.03 128.47 130.88 133.33 135.85 138.44 141.11 143.86 146.70 149.51 152.22 154.82 157.30 159.67 161.92 163.92 165.33 166.00 166.01 165.43 164.32
113.12 114.12 115.29 116.64 118.18 119.92 121.82 123.46 124.49 124.88 124.64 123.79 122.33 120.29 117.74 115.04 112.39 109.79 107.27 104.84 102.52 100.33 98.29 96.44 94.79 93.32 92.02 90.88 89.89 89.04 88.38 87.97 87.82 87.91 88.24 88.80 89.58 90.58 91.85 93.41 95.23 97.29 99.55 101.99 104.58 107.27 109.98 112.67 115.31 117.90 120.41 122.83 125.14 127.41 129.71 132.06 134.47 136.95 139.50 142.14 144.85 147.54 150.15 152.65 155.05 157.34 159.53 161.60 163.44 164.69 165.23 165.12 164.42
109.82 111.45 113.28 115.34 117.62 120.09 122.31 123.93 124.90 125.26 125.00 124.15 122.71 120.71 118.20 115.54 112.92 110.33 107.82 105.38 103.03 100.80 98.69 96.73 94.97 93.39 91.99 90.76 89.69 88.82 88.21 87.87 87.78 87.93 88.32 88.94 89.78 90.83 92.14 93.72 95.53 97.55 99.75 102.10 104.58 107.16 109.79 112.39 114.91 117.35 119.68 121.89 124.04 126.21 128.42 130.68 133.00 135.38 137.83 140.36 142.95 145.54 148.04 150.46 152.79 155.02 157.15 159.19 161.11 162.82 163.95 164.38 164.17
107.12 109.39 111.95 114.77 117.79 120.58 122.77 124.33 125.27 125.60 125.34 124.49 123.08 121.11 118.66 116.05 113.46 110.90 108.40 105.95 103.59 101.32 99.17 97.15 95.28 93.59 92.09 90.77 89.66 88.83 88.27 87.96 87.91 88.10 88.53 89.19 90.06 91.15 92.49 94.06 95.84 97.80 99.92 102.17 104.51 106.94 109.40 111.87 114.26 116.52 118.66 120.72 122.79 124.89 127.03 129.21 131.45 133.74 136.09 138.52 141.01 143.50 145.92 148.26 150.52 152.70 154.79 156.80 158.71 160.52 162.11 163.15 163.50
105.23 108.06 111.36 114.93 118.28 121.04 123.17 124.68 125.58 125.90 125.63 124.81 123.43 121.51 119.12 116.57 114.03 111.50 109.01 106.57 104.20 101.91 99.73 97.65 95.71 93.92 92.32 90.96 89.87 89.06 88.51 88.23 88.20 88.41 88.85 89.53 90.42 91.52 92.85 94.40 96.12 98.01 100.03 102.15 104.35 106.59 108.86 111.12 113.32 115.41 117.41 119.40 121.42 123.46 125.54 127.65 129.81 132.02 134.29 136.63 139.03 141.43 143.77 146.05 148.26 150.39 152.45 154.44 156.34 158.16 159.88 161.40 162.38
104.21 107.63 111.56 115.43 118.74 121.42 123.49 124.96 125.85 126.16 125.90 125.10 123.76 121.90 119.59 117.10 114.61 112.13 109.66 107.24 104.87 102.57 100.35 98.24 96.25 94.39 92.74 91.37 90.28 89.47 88.92 88.64 88.60 88.81 89.26 89.93 90.82 91.91 93.22 94.72 96.37 98.16 100.06 102.03 104.05 106.10 108.14 110.16 112.12 114.06 116.01 117.96 119.93 121.93 123.95 126.00 128.10 130.24 132.44 134.70 137.02 139.34 141.61 143.83 146.00 148.10 150.14 152.12 154.02 155.85 157.60 159.28 160.80
104.10 108.09 112.19 115.91 119.12 121.74 123.76 125.20 126.07 126.38 126.14 125.37 124.09 122.29 120.06 117.65 115.22 112.78 110.36 107.95 105.59 103.29 101.06 98.91 96.88 95.01 93.37 91.98 90.87 90.04 89.47 89.17 89.11 89.30 89.72 90.36 91.23 92.30 93.56 94.99 96.55 98.22 99.97 101.78 103.61 105.44 107.24 108.99 110.74 112.57 114.47 116.40 118.34 120.29 122.27 124.27 126.32 128.40 130.53 132.73 134.97 137.23 139.44 141.62 143.75 145.84 147.87 149.84 151.76 153.61 155.40 157.17 158.96
104.81 108.96 112.85 116.36 119.43 121.98 123.96 125.38 126.24 126.56 126.35 125.63 124.40 122.68 120.53 118.21 115.85 113.47 111.09 108.72 106.38 104.08 101.84 99.67 97.64 95.80 94.17 92.77 91.62 90.75 90.14 89.79 89.69 89.83 90.21 90.81 91.63 92.65 93.85 95.18 96.63 98.16 99.75 101.36 102.98 104.57 106.11 107.66 109.29 111.02 112.84 114.72 116.64 118.56 120.50 122.47 124.47 126.51 128.59 130.72 132.91 135.10 137.27 139.42 141.52 143.60 145.63 147.61 149.55 151.44 153.32 155.24 157.20
105.86 109.78 113.43 116.75 119.68 122.15 124.10 125.51 126.37 126.71 126.54 125.86 124.70 123.07 121.02 118.79 116.51 114.20 111.87 109.54 107.22 104.94 102.70 100.56 98.56 96.74 95.10 93.68 92.50 91.56 90.89 90.48 90.31 90.39 90.70 91.24 91.99 92.94 94.05 95.28 96.59 97.96 99.36 100.77 102.15 103.49 104.83 106.27 107.80 109.43 111.15 112.95 114.83 116.74 118.66 120.60 122.56 124.56 126.60 128.69 130.82 132.97 135.11 137.22 139.32 141.39 143.43 145.44 147.42 149.39 151.41 153.48 155.58
106.77 110.43 113.87 117.04 119.85 122.26 124.18 125.58 126.46 126.83 126.70 126.09 125.00 123.46 121.52 119.39 117.20 114.96 112.70 110.41 108.13 105.87 103.67 101.57 99.61 97.79 96.15 94.70 93.47 92.46 91.71 91.21 90.96 90.95 91.17 91.62 92.28 93.15 94.16 95.25 96.41 97.60 98.79 99.96 101.10 102.24 103.48 104.82 106.26 107.79 109.43 111.15 112.96 114.84 116.74 118.66 120.61 122.58 124.58 126.63 128.72 130.84 132.95 135.05 137.15 139.22 141.29 143.33 145.39 147.50 149.66 151.86 154.08
