data_processed/recharge/precip/Precip_1995_06.asc
ncols        168
nrows        136
xllcorner    455000
yllcorner    2107000
cellsize     500
NODATA_value     -99999
[rows 32 to 63 of 136, columns 71 to 141 of 168]
99.88 98.61 97.34 96.07 94.81 93.54 92.28 91.03 89.79 88.56 87.35 86.15 84.97 83.81 82.67 81.56 80.48 79.43 78.43 77.46 76.55 75.68 74.87 74.12 73.44 72.82 72.27 71.83 71.62 71.67 71.97 72.51 73.29 74.31 75.56 77.04 78.73 80.64 82.76 85.08 87.60 90.32 93.22 96.27 99.33 102.33 105.27 108.14 110.94 113.65 116.27 118.80 121.22 123.53 125.73 127.80 129.74 131.54 133.20 134.70 136.05 137.24 138.25 139.08 139.73 140.19 140.45 140.51 140.35 139.97 139.37
102.18 100.91 99.64 98.36 97.08 95.81 94.54 93.27 92.02 90.78 89.55 88.33 87.12 85.94 84.77 83.64 82.53 81.46 80.43 79.44 78.50 77.60 76.77 75.99 75.28 74.63 74.06 73.59 73.35 73.35 73.59 74.07 74.79 75.73 76.89 78.28 79.87 81.67 83.67 85.86 88.25 90.82 93.58 96.51 99.56 102.62 105.61 108.52 111.35 114.09 116.73 119.27 121.70 124.02 126.21 128.26 130.19 131.96 133.59 135.06 136.36 137.49 138.45 139.22 139.80 140.18 140.35 140.32 140.06 139.58 138.86
104.46 103.19 101.91 100.63 99.34 98.06 96.78 95.51 94.24 92.99 91.74 90.50 89.27 88.06 86.88 85.72 84.59 83.49 82.44 81.42 80.46 79.54 78.68 77.88 77.14 76.47 75.87 75.38 75.10 75.05 75.25 75.67 76.32 77.19 78.27 79.55 81.05 82.74 84.62 86.69 88.95 91.38 93.99 96.76 99.69 102.74 105.78 108.73 111.60 114.36 117.03 119.58 122.02 124.34 126.52 128.57 130.47 132.22 133.82 135.25 136.51 137.59 138.49 139.19 139.70 140.00 140.10 139.97 139.61 139.03 138.20
106.73 105.45 104.17 102.88 101.59 100.31 99.02 97.74 96.46 95.18 93.91 92.65 91.41 90.18 88.97 87.79 86.64 85.53 84.45 83.42 82.43 81.49 80.61 79.78 79.02 78.33 77.70 77.18 76.87 76.79 76.93 77.30 77.88 78.68 79.68 80.87 82.27 83.85 85.62 87.57 89.70 91.99 94.45 97.07 99.84 102.76 105.78 108.78 111.68 114.47 117.16 119.73 122.18 124.49 126.67 128.71 130.59 132.32 133.89 135.28 136.50 137.53 138.37 139.01 139.45 139.67 139.68 139.46 139.01 138.32 137.39
108.97 107.69 106.41 105.12 103.83 102.54 101.25 99.95 98.66 97.37 96.08 94.80 93.54 92.30 91.07 89.87 88.70 87.57 86.47 85.42 84.41 83.45 82.55 81.70 80.92 80.20 79.55 79.01 78.67 78.55 78.65 78.96 79.48 80.20 81.12 82.23 83.53 85.01 86.67 88.50 90.50 92.65 94.97 97.43 100.04 102.79 105.68 108.65 111.59 114.41 117.12 119.71 122.16 124.48 126.66 128.69 130.55 132.26 133.79 135.15 136.32 137.30 138.09 138.66 139.03 139.18 139.10 138.80 138.25 137.46 136.41
111.19 109.91 108.63 107.35 106.05 104.76 103.46 102.15 100.85 99.54 98.24 96.94 95.66 94.40 93.16 91.95 90.76 89.61 88.49 87.42 86.39 85.42 84.50 83.63 82.83 82.09 81.43 80.86 80.49 80.34 80.39 80.65 81.11 81.76 82.60 83.63 84.83 86.21 87.76 89.47 91.34 93.36 95.53 97.85 100.30 102.88 105.59 108.43 111.33 114.19 116.92 119.52 121.99 124.31 126.48 128.50 130.35 132.03 133.53 134.85 135.98 136.92 137.64 138.16 138.46 138.53 138.37 137.97 137.33 136.44 135.28
113.38 112.12 110.84 109.55 108.26 106.96 105.65 104.33 103.01 101.69 100.38 99.07 97.78 96.50 95.25 94.02 92.82 91.65 90.52 89.43 88.39 87.39 86.45 85.57 84.75 84.00 83.32 82.73 82.33 82.14 82.16 82.36 82.76 83.35 84.11 85.06 86.17 87.45 88.89 90.48 92.23 94.12 96.15 98.31 100.61 103.03 105.56 108.22 110.98 113.80 116.55 119.17 121.65 123.97 126.14 128.15 129.98 131.64 133.12 134.40 135.49 136.37 137.04 137.49 137.72 137.72 137.48 136.99 136.25 135.26 134.00
115.55 114.29 113.02 111.74 110.44 109.14 107.82 106.49 105.16 103.83 102.50 101.18 99.88 98.59 97.32 96.08 94.87 93.69 92.54 91.44 90.38 89.38 88.42 87.53 86.69 85.92 85.22 84.62 84.20 83.98 83.95 84.10 84.45 84.97 85.66 86.52 87.54 88.73 90.06 91.54 93.16 94.92 96.81 98.83 100.97 103.22 105.59 108.06 110.63 113.30 116.02 118.65 121.14 123.47 125.64 127.63 129.45 131.09 132.53 133.78 134.83 135.66 136.28 136.67 136.83 136.75 136.43 135.85 135.02 133.92 132.55
117.70 116.45 115.18 113.90 112.60 111.29 109.96 108.62 107.28 105.95 104.61 103.28 101.97 100.67 99.39 98.14 96.91 95.72 94.57 93.45 92.38 91.36 90.40 89.49 88.64 87.86 87.14 86.52 86.08 85.83 85.76 85.87 86.16 86.61 87.24 88.02 88.95 90.04 91.27 92.64 94.14 95.77 97.52 99.39 101.38 103.47 105.67 107.96 110.35 112.82 115.38 117.97 120.47 122.80 124.97 126.95 128.76 130.37 131.79 133.00 134.00 134.79 135.35 135.68 135.77 135.62 135.22 134.55 133.63 132.43 131.03
119.83 118.58 117.32 116.04 114.73 113.41 112.08 110.73 109.39 108.04 106.70 105.36 104.04 102.73 101.45 100.19 98.95 97.75 96.59 95.46 94.38 93.35 92.37 91.45 90.59 89.80 89.08 88.44 87.98 87.70 87.59 87.66 87.89 88.29 88.84 89.54 90.39 91.39 92.51 93.77 95.15 96.66 98.28 100.01 101.84 103.77 105.80 107.92 110.12 112.41 114.76 117.19 119.63 121.97 124.13 126.11 127.90 129.49 130.88 132.06 133.02 133.76 134.27 134.53 134.56 134.33 133.85 133.10 132.08 130.85 129.54
121.92 120.69 119.42 118.14 116.83 115.50 114.17 112.82 111.47 110.12 108.77 107.43 106.10 104.79 103.49 102.22 100.98 99.77 98.60 97.47 96.38 95.34 94.36 93.43 92.56 91.76 91.02 90.38 89.89 89.59 89.45 89.47 89.65 89.99 90.47 91.10 91.87 92.77 93.79 94.94 96.21 97.59 99.07 100.66 102.35 104.12 105.99 107.93 109.95 112.04 114.20 116.42 118.69 120.97 123.13 125.11 126.88 128.45 129.81 130.96 131.88 132.57 133.02 133.23 133.19 132.88 132.32 131.49 130.44 129.31 128.11
123.99 122.75 121.49 120.20 118.89 117.56 116.22 114.88 113.52 112.17 110.82 109.47 108.14 106.82 105.52 104.25 103.00 101.79 100.61 99.48 98.38 97.34 96.34 95.41 94.53 93.72 92.98 92.32 91.82 91.49 91.32 91.30 91.43 91.71 92.13 92.69 93.37 94.18 95.11 96.15 97.30 98.56 99.91 101.36 102.90 104.52 106.22 107.99 109.83 111.74 113.70 115.71 117.77 119.88 121.97 123.94 125.70 127.25 128.58 129.69 130.57 131.22 131.61 131.76 131.65 131.28 130.64 129.78 128.83 127.82 126.75
126.01 124.78 123.52 122.23 120.92 119.59 118.25 116.90 115.55 114.19 112.84 111.49 110.16 108.84 107.54 106.26 105.02 103.80 102.62 101.47 100.38 99.33 98.33 97.39 96.51 95.69 94.94 94.28 93.77 93.41 93.21 93.15 93.24 93.46 93.82 94.30 94.90 95.62 96.45 97.39 98.43 99.57 100.79 102.11 103.50 104.97 106.50 108.11 109.77 111.49 113.25 115.06 116.91 118.80 120.71 122.61 124.35 125.88 127.19 128.27 129.11 129.70 130.05 130.14 129.96 129.52 128.86 128.10 127.28 126.40 125.45
127.99 126.76 125.50 124.22 122.91 121.59 120.25 118.90 117.55 116.19 114.84 113.49 112.16 110.84 109.54 108.26 107.01 105.79 104.61 103.47 102.37 101.31 100.31 99.37 98.48 97.66 96.91 96.24 95.72 95.34 95.11 95.02 95.06 95.23 95.52 95.93 96.46 97.10 97.83 98.67 99.60 100.61 101.71 102.89 104.14 105.45 106.83 108.27 109.75 111.29 112.86 114.47 116.11 117.78 119.47 121.17 122.84 124.35 125.63 126.68 127.48 128.03 128.32 128.35 128.11 127.66 127.10 126.48 125.79 125.03 124.20
129.93 128.70 127.45 126.17 124.87 123.54 122.21 120.87 119.52 118.16 116.81 115.47 114.14 112.82 111.52 110.25 109.00 107.78 106.60 105.45 104.35 103.30 102.30 101.35 100.46 99.64 98.89 98.22 97.68 97.29 97.03 96.90 96.90 97.02 97.25 97.59 98.04 98.60 99.24 99.98 100.80 101.70 102.67 103.71 104.82 105.99 107.21 108.48 109.79 111.14 112.52 113.93 115.37 116.82 118.29 119.76 121.23 122.66 123.91 124.93 125.69 126.19 126.43 126.41 126.16 125.82 125.40 124.90 124.34 123.70 123.00
131.81 130.60 129.35 128.08 126.78 125.47 124.14 122.80 121.45 120.11 118.76 117.42 116.09 114.78 113.48 112.21 110.97 109.75 108.57 107.43 106.33 105.28 104.28 103.33 102.45 101.62 100.87 100.20 99.65 99.24 98.96 98.79 98.75 98.82 99.00 99.28 99.65 100.12 100.68 101.31 102.03 102.81 103.66 104.58 105.54 106.56 107.63 108.73 109.87 111.04 112.24 113.45 114.68 115.92 117.16 118.41 119.64 120.87 122.04 123.01 123.74 124.20 124.39 124.36 124.23 124.02 123.73 123.37 122.93 122.42 121.84
133.65 132.45 131.21 129.94 128.65 127.35 126.03 124.69 123.36 122.02 120.68 119.35 118.02 116.72 115.43 114.16 112.92 111.71 110.53 109.39 108.30 107.25 106.25 105.31 104.43 103.61 102.85 102.18 101.63 101.20 100.90 100.70 100.62 100.64 100.76 100.98 101.28 101.67 102.14 102.68 103.29 103.96 104.69 105.47 106.30 107.18 108.09 109.03 110.00 110.99 112.00 113.02 114.05 115.08 116.10 117.12 118.12 119.10 120.06 120.94 121.62 122.04 122.24 122.33 122.34 122.26 122.11 121.87 121.56 121.18 120.72
135.44 134.25 133.02 131.76 130.49 129.19 127.88 126.56 125.23 123.90 122.57 121.24 119.93 118.63 117.34 116.08 114.85 113.65 112.47 111.34 110.25 109.21 108.22 107.28 106.40 105.59 104.84 104.17 103.61 103.17 102.85 102.62 102.50 102.48 102.55 102.70 102.94 103.25 103.63 104.07 104.58 105.14 105.75 106.41 107.10 107.83 108.59 109.37 110.18 110.99 111.81 112.64 113.47 114.29 115.09 115.88 116.65 117.39 118.10 118.77 119.36 119.79 120.10 120.33 120.48 120.54 120.51 120.41 120.23 119.97 119.63
137.18 136.00 134.78 133.54 132.27 130.99 129.69 128.38 127.06 125.74 124.42 123.11 121.80 120.51 119.24 117.99 116.76 115.57 114.40 113.28 112.20 111.16 110.18 109.25 108.38 107.57 106.82 106.16 105.60 105.15 104.80 104.55 104.40 104.33 104.35 104.44 104.61 104.84 105.14 105.49 105.90 106.35 106.84 107.37 107.94 108.52 109.13 109.76 110.39 111.03 111.68 112.31 112.94 113.55 114.14 114.71 115.25 115.75 116.21 116.62 117.04 117.53 117.99 118.36 118.64 118.84 118.95 118.98 118.92 118.78 118.56
138.86 137.70 136.50 135.27 134.02 132.75 131.46 130.16 128.86 127.55 126.24 124.94 123.65 122.37 121.11 119.87 118.65 117.47 116.32 115.20 114.13 113.11 112.13 111.21 110.34 109.54 108.81 108.15 107.59 107.13 106.77 106.49 106.31 106.20 106.16 106.20 106.30 106.46 106.67 106.94 107.24 107.59 107.97 108.37 108.80 109.25 109.71 110.18 110.65 111.12 111.58 112.03 112.46 112.87 113.25 113.59 113.90 114.16 114.38 114.59 114.91 115.36 115.90 116.41 116.83 117.17 117.41 117.57 117.64 117.62 117.52
140.49 139.34 138.16 136.95 135.71 134.46 133.19 131.91 130.62 129.32 128.03 126.74 125.47 124.20 122.95 121.72 120.52 119.35 118.21 117.11 116.05 115.03 114.07 113.16 112.30 111.51 110.79 110.14 109.58 109.11 108.74 108.44 108.22 108.07 107.99 107.97 108.01 108.09 108.23 108.40 108.61 108.85 109.12 109.40 109.70 110.01 110.33 110.64 110.95 111.25 111.53 111.80 112.03 112.23 112.40 112.53 112.61 112.64 112.66 112.78 113.03 113.40 113.90 114.49 115.05 115.51 115.89 116.17 116.37 116.48 116.50
142.07 140.93 139.77 138.58 137.36 136.12 134.87 133.61 132.33 131.06 129.78 128.51 127.25 126.00 124.77 123.55 122.37 121.21 120.08 119.00 117.95 116.95 116.00 115.10 114.26 113.48 112.77 112.13 111.57 111.10 110.71 110.39 110.14 109.96 109.83 109.75 109.73 109.75 109.80 109.89 110.00 110.14 110.30 110.46 110.64 110.81 110.98 111.14 111.29 111.42 111.53 111.61 111.65 111.65 111.61 111.52 111.37 111.22 111.16 111.21 111.38 111.67 112.09 112.64 113.27 113.87 114.38 114.79 115.11 115.34 115.48
143.58 142.47 141.33 140.16 138.96 137.74 136.51 135.26 134.01 132.75 131.50 130.24 129.00 127.77 126.55 125.36 124.19 123.04 121.94 120.86 119.83 118.85 117.91 117.03 116.20 115.43 114.74 114.11 113.56 113.08 112.68 112.35 112.07 111.85 111.68 111.55 111.47 111.41 111.39 111.40 111.42 111.45 111.50 111.55 111.60 111.64 111.67 111.68 111.67 111.63 111.57 111.46 111.31 111.11 110.86 110.56 110.24 110.01 109.88 109.87 109.97 110.18 110.52 110.98 111.57 112.24 112.88 113.42 113.87 114.22 114.48
145.04 143.95 142.83 141.68 140.51 139.31 138.10 136.88 135.65 134.41 133.17 131.94 130.71 129.50 128.31 127.13 125.98 124.85 123.76 122.71 121.70 120.73 119.81 118.94 118.13 117.38 116.70 116.09 115.54 115.07 114.66 114.30 114.00 113.75 113.53 113.36 113.21 113.10 113.00 112.92 112.85 112.79 112.73 112.66 112.59 112.50 112.39 112.25 112.08 111.88 111.64 111.36 111.02 110.62 110.17 109.70 109.31 109.02 108.83 108.75 108.78 108.92 109.18 109.55 110.05 110.67 111.38 112.05 112.62 113.09 113.47
146.44 145.37 144.28 143.15 142.00 140.83 139.64 138.44 137.23 136.02 134.81 133.60 132.39 131.20 130.03 128.87 127.74 126.64 125.57 124.53 123.54 122.59 121.69 120.84 120.05 119.32 118.65 118.06 117.52 117.05 116.63 116.26 115.94 115.65 115.40 115.17 114.97 114.79 114.62 114.46 114.31 114.15 113.98 113.80 113.60 113.38 113.13 112.85 112.53 112.17 111.76 111.29 110.77 110.18 109.57 109.04 108.59 108.24 107.99 107.85 107.81 107.88 108.06 108.35 108.76 109.29 109.94 110.68 111.37 111.97 112.46
147.78 146.74 145.67 144.57 143.44 142.30 141.14 139.96 138.78 137.59 136.40 135.21 134.03 132.87 131.71 130.58 129.47 128.39 127.34 126.33 125.36 124.43 123.55 122.72 121.95 121.24 120.60 120.02 119.50 119.03 118.60 118.22 117.87 117.56 117.27 117.00 116.74 116.50 116.26 116.02 115.78 115.52 115.25 114.96 114.65 114.30 113.91 113.49 113.02 112.49 111.91 111.27 110.56 109.83 109.16 108.57 108.08 107.68 107.37 107.16 107.05 107.05 107.15 107.36 107.69 108.12 108.68 109.36 110.12 110.83 111.45
149.06 148.04 147.00 145.93 144.83 143.71 142.58 141.43 140.27 139.11 137.95 136.79 135.63 134.49 133.37 132.26 131.18 130.12 129.09 128.11 127.16 126.25 125.40 124.59 123.84 123.15 122.53 121.97 121.46 121.00 120.57 120.18 119.81 119.47 119.14 118.83 118.52 118.22 117.91 117.59 117.27 116.92 116.55 116.15 115.71 115.24 114.72 114.15 113.53 112.85 112.10 111.28 110.44 109.65 108.94 108.31 107.77 107.31 106.95 106.68 106.50 106.43 106.45 106.58 106.82 107.17 107.63 108.21 108.91 109.68 110.42
150.29 149.29 148.27 147.22 146.16 145.07 143.97 142.85 141.72 140.59 139.45 138.32 137.19 136.08 134.98 133.90 132.84 131.81 130.82 129.85 128.93 128.05 127.22 126.44 125.71 125.05 124.45 123.91 123.42 122.96 122.53 122.13 121.75 121.38 121.02 120.66 120.31 119.94 119.57 119.18 118.77 118.33 117.86 117.35 116.80 116.20 115.55 114.84 114.07 113.23 112.32 111.38 110.49 109.66 108.91 108.24 107.65 107.14 106.72 106.39 106.15 106.01 105.96 106.01 106.16 106.42 106.79 107.27 107.87 108.58 109.37
151.46 150.48 149.48 148.47 147.43 146.37 145.30 144.21 143.12 142.01 140.91 139.81 138.71 137.63 136.56 135.51 134.48 133.48 132.51 131.57 130.67 129.82 129.02 128.26 127.57 126.93 126.35 125.84 125.36 124.92 124.49 124.08 123.68 123.29 122.90 122.50 122.10 121.68 121.24 120.78 120.28 119.75 119.19 118.57 117.91 117.19 116.41 115.56 114.65 113.65 112.63 111.64 110.71 109.86 109.07 108.36 107.72 107.17 106.69 106.30 105.99 105.78 105.66 105.63 105.70 105.88 106.15 106.54 107.03 107.64 108.36
152.57 151.62 150.64 149.65 148.64 147.62 146.58 145.52 144.46 143.39 142.32 141.25 140.18 139.13 138.09 137.07 136.07 135.10 134.16 133.26 132.39 131.57 130.79 130.07 129.40 128.79 128.24 127.75 127.30 126.86 126.44 126.02 125.61 125.19 124.77 124.34 123.89 123.42 122.91 122.38 121.81 121.19 120.53 119.81 119.04 118.20 117.29 116.31 115.25 114.15 113.08 112.07 111.12 110.23 109.41 108.66 107.98 107.37 106.84 106.39 106.02 105.74 105.54 105.44 105.43 105.52 105.71 106.00 106.39 106.89 107.50
153.62 152.69 151.74 150.78 149.80 148.81 147.80 146.78 145.75 144.72 143.68 142.64 141.61 140.59 139.59 138.60 137.63 136.70 135.79 134.91 134.08 133.29 132.54 131.85 131.21 130.63 130.11 129.65 129.22 128.79 128.37 127.96 127.53 127.10 126.65 126.18 125.68 125.16 124.60 123.99 123.35 122.65 121.89 121.07 120.18 119.23 118.19 117.08 115.92 114.79 113.70 112.67 111.69 110.78 109.92 109.13 108.41 107.75 107.17 106.66 106.23 105.88 105.62 105.44 105.35 105.35 105.45 105.64 105.94 106.34 106.84
154.60 153.70 152.78 151.84 150.90 149.94 148.96 147.98 146.99 145.99 144.99 143.99 142.99 142.01 141.04 140.09 139.16 138.25 137.38 136.54 135.74 134.98 134.27 133.60 133.00 132.45 131.96 131.53 131.12 130.71 130.30 129.88 129.45 129.00 128.52 128.02 127.48 126.90 126.28 125.61 124.89 124.11 123.26 122.34 121.35 120.28 119.12 117.91 116.73 115.58 114.48 113.43 112.43 111.49 110.60 109.77 109.00 108.30 107.67 107.10 106.61 106.20 105.86 105.61 105.44 105.36 105.37 105.47 105.67 105.96 106.36
