data_processed/recharge/precip/Precip_1994_01.asc
ncols        168
nrows        136
xllcorner    455000
yllcorner    2107000
cellsize     500
NODATA_value     -99999
[rows 36 to 71 of 136, columns 0 to 79 of 168]
8.80 9.45 10.06 10.60 11.10 11.55 11.95 12.31 12.62 12.89 13.13 13.32 13.49 13.62 13.75 13.91 14.10 14.31 14.54 14.76 14.98 15.17 15.32 15.43 15.49 15.47 15.37 15.20 15.01 14.82 14.62 14.43 14.24 14.07 13.91 13.77 13.66 13.57 13.53 13.52 13.56 13.64 13.69 13.70 13.68 13.63 13.54 13.41 13.25 13.05 12.82 12.56 12.25 11.92 11.60 11.35 11.17 11.06 11.02 11.06 11.18 11.39 11.68 12.06 12.53 13.10 13.76 14.46 15.08 15.59 15.97 16.23 16.37 16.38 16.26 16.02 15.66 15.16 14.54 13.79
8.88 9.49 10.05 10.56 11.02 11.42 11.78 12.10 12.37 12.60 12.79 12.94 13.07 13.18 13.28 13.38 13.51 13.66 13.83 14.01 14.19 14.35 14.48 14.57 14.61 14.58 14.48 14.32 14.14 13.95 13.76 13.58 13.40 13.23 13.09 12.96 12.86 12.79 12.75 12.77 12.88 13.06 13.27 13.44 13.56 13.63 13.66 13.64 13.56 13.44 13.27 13.06 12.79 12.48 12.18 11.93 11.74 11.61 11.55 11.56 11.63 11.78 12.01 12.31 12.71 13.18 13.71 14.29 14.90 15.42 15.82 16.10 16.25 16.27 16.16 15.92 15.56 15.06 14.43 13.67
8.96 9.52 10.04 10.50 10.90 11.26 11.57 11.84 12.06 12.24 12.39 12.50 12.60 12.69 12.78 12.85 12.93 13.02 13.14 13.27 13.41 13.53 13.63 13.71 13.73 13.70 13.60 13.45 13.27 13.09 12.91 12.73 12.56 12.40 12.26 12.15 12.06 12.00 11.99 12.07 12.23 12.47 12.78 13.11 13.38 13.59 13.74 13.83 13.86 13.83 13.73 13.57 13.35 13.07 12.80 12.56 12.38 12.25 12.17 12.15 12.19 12.30 12.47 12.71 13.03 13.39 13.79 14.23 14.72 15.23 15.65 15.94 16.10 16.13 16.03 15.80 15.44 14.94 14.31 13.54
9.04 9.55 10.00 10.41 10.76 11.06 11.32 11.53 11.70 11.82 11.92 12.00 12.08 12.16 12.23 12.30 12.35 12.40 12.47 12.55 12.64 12.73 12.81 12.86 12.87 12.83 12.73 12.58 12.41 12.24 12.06 11.89 11.73 11.58 11.45 11.34 11.26 11.23 11.29 11.42 11.64 11.93 12.29 12.71 13.13 13.50 13.78 13.99 14.13 14.19 14.18 14.09 13.93 13.70 13.46 13.25 13.08 12.95 12.86 12.83 12.85 12.92 13.05 13.24 13.46 13.71 13.99 14.30 14.65 15.04 15.44 15.75 15.93 15.97 15.88 15.66 15.30 14.80 14.17 13.40
9.11 9.55 9.95 10.29 10.58 10.82 11.02 11.16 11.27 11.34 11.41 11.47 11.54 11.60 11.67 11.72 11.76 11.79 11.82 11.85 11.91 11.96 12.01 12.04 12.03 11.99 11.89 11.74 11.57 11.40 11.23 11.07 10.91 10.77 10.65 10.55 10.50 10.53 10.64 10.83 11.10 11.44 11.84 12.30 12.82 13.33 13.77 14.11 14.37 14.54 14.62 14.61 14.52 14.34 14.14 13.97 13.82 13.71 13.63 13.59 13.60 13.65 13.74 13.86 13.99 14.14 14.30 14.50 14.71 14.97 15.25 15.54 15.73 15.79 15.71 15.50 15.15 14.65 14.02 13.24
9.16 9.53 9.86 10.14 10.36 10.53 10.66 10.74 10.79 10.82 10.87 10.92 10.97 11.03 11.08 11.12 11.16 11.18 11.19 11.19 11.20 11.22 11.24 11.24 11.22 11.17 11.07 10.92 10.76 10.59 10.43 10.27 10.12 9.99 9.87 9.80 9.82 9.91 10.08 10.32 10.63 11.01 11.45 11.95 12.51 13.11 13.69 14.18 14.56 14.85 15.04 15.12 15.10 14.99 14.85 14.72 14.61 14.52 14.46 14.43 14.43 14.46 14.51 14.55 14.60 14.65 14.72 14.80 14.90 15.02 15.17 15.34 15.52 15.59 15.53 15.32 14.98 14.49 13.86 13.08
9.19 9.49 9.75 9.95 10.09 10.19 10.24 10.26 10.27 10.29 10.32 10.36 10.40 10.44 10.48 10.52 10.54 10.56 10.57 10.55 10.53 10.52 10.50 10.49 10.45 10.39 10.28 10.14 9.98 9.82 9.66 9.50 9.36 9.23 9.15 9.14 9.22 9.37 9.59 9.89 10.25 10.67 11.14 11.67 12.26 12.88 13.54 14.18 14.71 15.12 15.42 15.61 15.68 15.64 15.56 15.49 15.42 15.37 15.34 15.33 15.33 15.33 15.32 15.30 15.28 15.25 15.23 15.21 15.20 15.20 15.22 15.26 15.32 15.37 15.32 15.13 14.80 14.32 13.69 12.91
9.20 9.42 9.59 9.71 9.78 9.80 9.77 9.75 9.74 9.75 9.77 9.79 9.82 9.85 9.88 9.91 9.93 9.95 9.95 9.93 9.90 9.86 9.82 9.78 9.72 9.65 9.54 9.40 9.24 9.08 8.93 8.78 8.64 8.54 8.52 8.58 8.72 8.93 9.20 9.54 9.95 10.40 10.91 11.47 12.08 12.72 13.41 14.12 14.79 15.34 15.77 16.06 16.24 16.28 16.28 16.27 16.26 16.26 16.26 16.27 16.26 16.23 16.18 16.11 16.02 15.93 15.82 15.71 15.61 15.50 15.40 15.31 15.24 15.18 15.11 14.93 14.60 14.13 13.51 12.74
9.18 9.31 9.40 9.43 9.41 9.35 9.29 9.25 9.22 9.21 9.22 9.23 9.25 9.27 9.29 9.32 9.33 9.34 9.34 9.33 9.30 9.25 9.19 9.12 9.05 8.96 8.85 8.71 8.55 8.40 8.24 8.10 7.99 7.96 8.01 8.13 8.33 8.59 8.91 9.30 9.74 10.23 10.77 11.36 11.99 12.65 13.34 14.07 14.81 15.50 16.06 16.48 16.76 16.91 16.99 17.06 17.11 17.17 17.21 17.23 17.21 17.15 17.07 16.96 16.82 16.66 16.49 16.30 16.11 15.90 15.70 15.49 15.29 15.10 14.91 14.71 14.40 13.94 13.33 12.56
9.12 9.16 9.15 9.09 8.99 8.89 8.81 8.75 8.71 8.69 8.68 8.68 8.69 8.71 8.72 8.74 8.75 8.76 8.76 8.74 8.72 8.67 8.61 8.52 8.44 8.34 8.22 8.07 7.92 7.77 7.62 7.51 7.47 7.50 7.62 7.80 8.05 8.36 8.74 9.16 9.64 10.17 10.73 11.34 11.99 12.66 13.37 14.09 14.84 15.60 16.30 16.85 17.25 17.50 17.68 17.83 17.97 18.08 18.16 18.18 18.16 18.09 17.98 17.84 17.66 17.46 17.22 16.97 16.69 16.40 16.10 15.79 15.47 15.15 14.84 14.52 14.19 13.74 13.14 12.38
9.03 8.97 8.86 8.71 8.56 8.44 8.35 8.27 8.22 8.19 8.17 8.16 8.16 8.17 8.18 8.19 8.20 8.21 8.21 8.20 8.17 8.13 8.07 7.99 7.89 7.78 7.65 7.51 7.36 7.20 7.09 7.04 7.07 7.18 7.35 7.60 7.90 8.26 8.68 9.14 9.65 10.21 10.80 11.43 12.09 12.78 13.49 14.22 14.96 15.72 16.48 17.16 17.69 18.07 18.35 18.60 18.81 18.98 19.08 19.12 19.10 19.03 18.91 18.75 18.54 18.30 18.01 17.70 17.36 16.99 16.60 16.19 15.77 15.34 14.90 14.46 14.01 13.54 12.94 12.19
8.90 8.73 8.52 8.33 8.16 8.02 7.91 7.83 7.76 7.72 7.69 7.67 7.67 7.67 7.68 7.69 7.69 7.70 7.70 7.69 7.67 7.63 7.58 7.51 7.41 7.29 7.16 7.01 6.86 6.74 6.70 6.72 6.83 7.00 7.23 7.53 7.88 8.29 8.74 9.24 9.79 10.37 10.99 11.63 12.31 13.00 13.71 14.44 15.18 15.93 16.68 17.42 18.08 18.58 18.98 19.33 19.62 19.83 19.96 20.03 20.03 19.97 19.85 19.67 19.45 19.17 18.85 18.49 18.09 17.66 17.19 16.70 16.18 15.65 15.09 14.53 13.95 13.37 12.75 12.01
8.71 8.44 8.19 7.97 7.79 7.64 7.51 7.42 7.34 7.29 7.25 7.23 7.21 7.21 7.22 7.22 7.23 7.24 7.24 7.23 7.22 7.19 7.14 7.08 6.99 6.88 6.75 6.60 6.49 6.44 6.46 6.56 6.73 6.96 7.25 7.60 8.00 8.45 8.95 9.48 10.06 10.66 11.30 11.96 12.64 13.34 14.06 14.78 15.51 16.25 16.98 17.71 18.42 19.04 19.56 20.00 20.35 20.62 20.80 20.90 20.93 20.89 20.78 20.61 20.37 20.07 19.73 19.33 18.88 18.39 17.86 17.29 16.69 16.06 15.41 14.73 14.03 13.32 12.59 11.82
8.49 8.17 7.90 7.66 7.47 7.30 7.16 7.05 6.97 6.90 6.86 6.83 6.81 6.81 6.81 6.82 6.83 6.84 6.84 6.84 6.83 6.81 6.77 6.72 6.64 6.54 6.42 6.31 6.26 6.29 6.39 6.56 6.79 7.08 7.43 7.82 8.27 8.76 9.29 9.85 10.45 11.08 11.73 12.41 13.10 13.80 14.51 15.23 15.95 16.67 17.38 18.08 18.77 19.44 20.06 20.59 21.01 21.35 21.59 21.74 21.81 21.79 21.70 21.54 21.30 21.00 20.63 20.20 19.72 19.19 18.60 17.97 17.30 16.58 15.83 15.05 14.24 13.41 12.55 11.68
8.25 7.93 7.64 7.39 7.17 7.00 6.85 6.73 6.63 6.56 6.51 6.48 6.46 6.45 6.45 6.46 6.47 6.48 6.49 6.49 6.49 6.48 6.45 6.41 6.35 6.26 6.18 6.12 6.15 6.25 6.42 6.65 6.94 7.29 7.68 8.12 8.61 9.14 9.70 10.29 10.91 11.56 12.23 12.91 13.60 14.30 15.01 15.72 16.43 17.12 17.81 18.49 19.15 19.82 20.49 21.10 21.62 22.02 22.33 22.54 22.65 22.68 22.61 22.47 22.24 21.94 21.57 21.12 20.61 20.04 19.41 18.72 17.98 17.20 16.36 15.49 14.58 13.63 12.66 11.63
8.00 7.69 7.40 7.14 6.91 6.72 6.56 6.43 6.33 6.25 6.19 6.15 6.13 6.12 6.12 6.13 6.15 6.16 6.18 6.19 6.19 6.19 6.17 6.14 6.10 6.05 6.01 6.01 6.10 6.26 6.50 6.79 7.14 7.53 7.98 8.46 8.99 9.55 10.14 10.75 11.39 12.05 12.73 13.41 14.11 14.81 15.50 16.20 16.89 17.56 18.22 18.87 19.53 20.21 20.90 21.56 22.16 22.65 23.03 23.30 23.47 23.54 23.52 23.40 23.19 22.90 22.53 22.07 21.54 20.94 20.27 19.54 18.74 17.89 16.98 16.03 15.02 13.97 12.86 11.66
7.75 7.45 7.17 6.90 6.67 6.46 6.29 6.16 6.05 5.96 5.90 5.86 5.84 5.83 5.83 5.84 5.86 5.88 5.90 5.92 5.94 5.94 5.94 5.92 5.91 5.91 5.93 5.98 6.12 6.34 6.63 6.98 7.38 7.82 8.31 8.83 9.39 9.98 10.59 11.23 11.88 12.55 13.23 13.92 14.61 15.30 15.98 16.66 17.33 17.98 18.61 19.25 19.92 20.61 21.31 21.98 22.63 23.21 23.67 24.02 24.25 24.38 24.40 24.32 24.14 23.86 23.49 23.04 22.50 21.88 21.18 20.41 19.57 18.66 17.68 16.65 15.56 14.39 13.12 11.77
7.50 7.21 6.93 6.68 6.44 6.23 6.05 5.91 5.79 5.70 5.64 5.59 5.57 5.56 5.57 5.58 5.60 5.63 5.66 5.69 5.71 5.73 5.74 5.76 5.79 5.85 5.93 6.03 6.21 6.47 6.81 7.20 7.65 8.14 8.66 9.22 9.81 10.42 11.06 11.71 12.38 13.05 13.74 14.42 15.10 15.78 16.45 17.10 17.74 18.37 19.00 19.65 20.32 21.02 21.73 22.41 23.07 23.69 24.24 24.67 24.98 25.17 25.24 25.20 25.06 24.81 24.46 24.01 23.47 22.84 22.12 21.32 20.43 19.48 18.44 17.34 16.15 14.84 13.43 11.94
7.25 6.96 6.70 6.45 6.22 6.01 5.83 5.67 5.55 5.46 5.40 5.35 5.33 5.32 5.33 5.35 5.38 5.41 5.45 5.49 5.52 5.55 5.60 5.66 5.76 5.87 5.99 6.14 6.36 6.66 7.04 7.47 7.96 8.49 9.05 9.64 10.25 10.89 11.54 12.20 12.88 13.55 14.23 14.91 15.58 16.25 16.89 17.52 18.14 18.75 19.39 20.04 20.72 21.43 22.15 22.84 23.50 24.14 24.73 25.25 25.64 25.90 26.03 26.05 25.95 25.73 25.41 24.97 24.44 23.80 23.07 22.25 21.34 20.34 19.25 18.07 16.75 15.31 13.78 12.17
7.00 6.72 6.47 6.23 6.00 5.80 5.62 5.46 5.34 5.24 5.17 5.13 5.11 5.10 5.11 5.14 5.17 5.22 5.26 5.31 5.36 5.43 5.52 5.64 5.79 5.94 6.11 6.30 6.56 6.90 7.31 7.78 8.30 8.86 9.46 10.07 10.71 11.36 12.02 12.69 13.37 14.05 14.72 15.39 16.05 16.69 17.31 17.92 18.53 19.14 19.78 20.44 21.13 21.84 22.56 23.26 23.93 24.58 25.18 25.74 26.21 26.55 26.76 26.84 26.79 26.61 26.32 25.91 25.39 24.76 24.03 23.19 22.26 21.22 20.07 18.77 17.34 15.80 14.16 12.44
6.75 6.48 6.24 6.00 5.79 5.59 5.41 5.26 5.13 5.04 4.97 4.92 4.90 4.90 4.92 4.95 5.00 5.05 5.11 5.17 5.25 5.36 5.51 5.68 5.87 6.08 6.29 6.52 6.82 7.19 7.63 8.13 8.68 9.26 9.88 10.52 11.17 11.84 12.51 13.19 13.86 14.54 15.20 15.85 16.49 17.11 17.71 18.31 18.91 19.53 20.17 20.84 21.53 22.25 22.97 23.68 24.36 25.00 25.61 26.18 26.69 27.12 27.40 27.55 27.56 27.44 27.19 26.82 26.32 25.70 24.97 24.13 23.18 22.09 20.85 19.45 17.93 16.29 14.56 12.75
6.51 6.25 6.01 5.78 5.57 5.38 5.21 5.06 4.94 4.84 4.78 4.74 4.72 4.72 4.75 4.79 4.84 4.90 4.97 5.06 5.19 5.36 5.56 5.78 6.02 6.26 6.51 6.77 7.11 7.51 7.98 8.50 9.07 9.68 10.32 10.97 11.64 12.32 12.99 13.67 14.34 15.01 15.66 16.29 16.91 17.50 18.09 18.69 19.30 19.92 20.56 21.23 21.92 22.65 23.38 24.08 24.77 25.42 26.03 26.60 27.12 27.59 27.96 28.18 28.26 28.20 28.00 27.67 27.20 26.61 25.89 25.05 24.06 22.90 21.57 20.09 18.49 16.78 14.97 13.09
6.27 6.02 5.79 5.57 5.37 5.18 5.02 4.87 4.75 4.66 4.60 4.56 4.55 4.56 4.59 4.63 4.70 4.77 4.87 5.01 5.20 5.42 5.66 5.93 6.20 6.49 6.77 7.07 7.43 7.86 8.35 8.90 9.49 10.11 10.77 11.43 12.11 12.79 13.47 14.15 14.81 15.46 16.10 16.71 17.30 17.88 18.47 19.06 19.67 20.29 20.94 21.60 22.30 23.03 23.76 24.47 25.16 25.81 26.43 27.00 27.53 28.00 28.41 28.71 28.87 28.88 28.74 28.45 28.02 27.46 26.76 25.90 24.85 23.62 22.23 20.69 19.02 17.25 15.39 13.45
6.05 5.80 5.57 5.36 5.16 4.98 4.83 4.69 4.57 4.48 4.42 4.39 4.38 4.40 4.44 4.50 4.57 4.67 4.82 5.02 5.25 5.52 5.81 6.11 6.43 6.75 7.06 7.39 7.78 8.23 8.75 9.31 9.92 10.56 11.22 11.90 12.58 13.26 13.94 14.61 15.26 15.89 16.51 17.10 17.68 18.26 18.84 19.43 20.03 20.65 21.30 21.97 22.67 23.40 24.13 24.85 25.53 26.19 26.80 27.38 27.90 28.38 28.79 29.14 29.37 29.46 29.38 29.15 28.78 28.25 27.55 26.64 25.54 24.25 22.81 21.23 19.52 17.70 15.80 13.83
5.83 5.59 5.37 5.16 4.97 4.80 4.64 4.51 4.40 4.31 4.26 4.23 4.23 4.25 4.30 4.37 4.47 4.63 4.83 5.07 5.35 5.66 5.99 6.33 6.68 7.03 7.38 7.73 8.14 8.62 9.15 9.73 10.35 11.00 11.67 12.35 13.04 13.72 14.39 15.05 15.69 16.30 16.89 17.47 18.04 18.61 19.19 19.78 20.38 21.00 21.64 22.31 23.01 23.74 24.48 25.19 25.88 26.53 27.15 27.73 28.25 28.73 29.14 29.49 29.77 29.93 29.93 29.77 29.44 28.93 28.20 27.25 26.11 24.79 23.32 21.70 19.97 18.13 16.20 14.21
5.62 5.39 5.17 4.97 4.78 4.62 4.47 4.34 4.23 4.15 4.10 4.07 4.08 4.11 4.17 4.27 4.42 4.63 4.88 5.17 5.49 5.84 6.21 6.58 6.96 7.34 7.71 8.08 8.52 9.01 9.56 10.15 10.78 11.43 12.11 12.79 13.48 14.16 14.83 15.47 16.09 16.68 17.25 17.82 18.39 18.95 19.53 20.11 20.71 21.32 21.96 22.63 23.33 24.06 24.79 25.51 26.20 26.85 27.47 28.04 28.57 29.04 29.45 29.80 30.08 30.28 30.36 30.27 29.97 29.44 28.69 27.72 26.56 25.22 23.73 22.11 20.36 18.52 16.59 14.59
5.42 5.20 4.99 4.79 4.61 4.45 4.30 4.18 4.08 4.00 3.95 3.93 3.93 3.97 4.06 4.21 4.41 4.67 4.96 5.30 5.66 6.04 6.44 6.85 7.26 7.66 8.05 8.44 8.89 9.40 9.96 10.56 11.20 11.86 12.53 13.22 13.90 14.57 15.23 15.86 16.46 17.03 17.60 18.16 18.72 19.27 19.84 20.42 21.01 21.62 22.25 22.92 23.61 24.35 25.08 25.80 26.48 27.14 27.75 28.32 28.85 29.32 29.73 30.07 30.35 30.55 30.66 30.61 30.31 29.77 29.01 28.04 26.87 25.54 24.05 22.43 20.69 18.86 16.94 14.96
5.24 5.02 4.82 4.62 4.45 4.29 4.15 4.03 3.93 3.86 3.81 3.79 3.80 3.86 3.99 4.19 4.44 4.74 5.08 5.45 5.85 6.27 6.70 7.13 7.56 7.99 8.40 8.81 9.27 9.79 10.35 10.96 11.60 12.26 12.93 13.61 14.29 14.95 15.59 16.21 16.80 17.37 17.92 18.47 19.02 19.57 20.12 20.69 21.28 21.89 22.52 23.18 23.87 24.60 25.33 26.05 26.73 27.38 27.99 28.56 29.08 29.55 29.95 30.30 30.57 30.76 30.84 30.74 30.45 29.92 29.16 28.20 27.05 25.74 24.27 22.67 20.96 19.15 17.26 15.31
5.07 4.86 4.66 4.47 4.30 4.14 4.01 3.89 3.80 3.73 3.68 3.66 3.69 3.79 3.96 4.20 4.49 4.83 5.21 5.62 6.05 6.50 6.96 7.42 7.87 8.31 8.74 9.16 9.63 10.15 10.73 11.33 11.97 12.63 13.30 13.97 14.63 15.28 15.91 16.52 17.11 17.67 18.22 18.75 19.29 19.83 20.38 20.94 21.52 22.12 22.74 23.40 24.09 24.81 25.55 26.26 26.94 27.58 28.19 28.76 29.27 29.73 30.14 30.47 30.74 30.89 30.87 30.70 30.37 29.86 29.13 28.20 27.08 25.80 24.37 22.81 21.14 19.37 17.53 15.63
4.92 4.71 4.52 4.34 4.17 4.02 3.88 3.77 3.68 3.61 3.57 3.57 3.64 3.77 3.98 4.24 4.57 4.95 5.36 5.80 6.26 6.74 7.22 7.70 8.17 8.63 9.06 9.49 9.97 10.50 11.07 11.68 12.31 12.96 13.62 14.28 14.94 15.57 16.19 16.79 17.37 17.93 18.48 19.01 19.53 20.06 20.60 21.15 21.72 22.31 22.93 23.58 24.27 24.99 25.71 26.42 27.10 27.74 28.34 28.90 29.41 29.87 30.27 30.59 30.81 30.87 30.77 30.52 30.13 29.60 28.91 28.03 26.96 25.73 24.35 22.85 21.24 19.53 17.75 15.92
4.79 4.58 4.39 4.22 4.05 3.90 3.77 3.66 3.57 3.51 3.48 3.53 3.63 3.80 4.04 4.33 4.68 5.08 5.52 5.99 6.48 6.97 7.48 7.97 8.46 8.93 9.37 9.81 10.29 10.82 11.39 11.99 12.62 13.26 13.90 14.55 15.18 15.81 16.41 17.00 17.58 18.14 18.69 19.22 19.73 20.25 20.78 21.32 21.88 22.46 23.08 23.72 24.40 25.11 25.84 26.54 27.21 27.84 28.44 29.00 29.50 29.95 30.33 30.61 30.74 30.70 30.52 30.20 29.75 29.18 28.50 27.67 26.67 25.51 24.20 22.77 21.24 19.61 17.91 16.16
4.68 4.48 4.29 4.12 3.95 3.81 3.68 3.57 3.49 3.44 3.46 3.53 3.68 3.88 4.13 4.44 4.81 5.22 5.68 6.17 6.68 7.20 7.72 8.23 8.73 9.20 9.65 10.09 10.57 11.10 11.66 12.26 12.87 13.50 14.13 14.76 15.38 15.98 16.58 17.16 17.73 18.29 18.84 19.37 19.89 20.40 20.92 21.45 22.00 22.57 23.17 23.81 24.48 25.19 25.90 26.60 27.26 27.89 28.48 29.03 29.53 29.97 30.30 30.48 30.51 30.39 30.14 29.75 29.25 28.64 27.94 27.13 26.21 25.13 23.92 22.58 21.13 19.60 18.00 16.35
4.59 4.39 4.21 4.04 3.88 3.73 3.61 3.50 3.44 3.43 3.48 3.59 3.76 3.99 4.26 4.59 4.97 5.38 5.85 6.35 6.88 7.41 7.94 8.46 8.97 9.45 9.90 10.33 10.81 11.33 11.89 12.47 13.07 13.68 14.30 14.90 15.50 16.10 16.68 17.25 17.82 18.37 18.92 19.46 19.98 20.50 21.00 21.52 22.06 22.62 23.22 23.84 24.51 25.21 25.92 26.60 27.26 27.88 28.47 29.01 29.49 29.88 30.11 30.19 30.13 29.93 29.61 29.17 28.63 27.99 27.26 26.46 25.58 24.60 23.49 22.25 20.92 19.50 18.02 16.48
4.52 4.33 4.15 3.98 3.82 3.68 3.56 3.47 3.44 3.47 3.56 3.70 3.89 4.14 4.43 4.77 5.15 5.57 6.03 6.52 7.05 7.59 8.13 8.66 9.17 9.65 10.10 10.53 11.00 11.51 12.06 12.63 13.21 13.80 14.39 14.98 15.56 16.14 16.71 17.27 17.83 18.38 18.93 19.47 20.00 20.52 21.03 21.55 22.07 22.62 23.20 23.82 24.47 25.17 25.87 26.55 27.20 27.81 28.38 28.91 29.34 29.62 29.75 29.74 29.60 29.33 28.95 28.46 27.89 27.22 26.48 25.67 24.81 23.89 22.90 21.79 20.58 19.29 17.94 16.54
4.48 4.29 4.11 3.94 3.79 3.65 3.55 3.50 3.51 3.57 3.68 3.85 4.06 4.32 4.62 4.97 5.35 5.77 6.22 6.70 7.21 7.75 8.29 8.82 9.33 9.81 10.26 10.68 11.14 11.64 12.17 12.72 13.28 13.85 14.41 14.98 15.54 16.10 16.65 17.21 17.76 18.31 18.85 19.39 19.93 20.46 20.98 21.50 22.02 22.56 23.13 23.74 24.38 25.07 25.76 26.43 27.07 27.67 28.23 28.70 29.02 29.19 29.23 29.13 28.91 28.58 28.15 27.63 27.02 26.34 25.60 24.80 23.95 23.07 22.16 21.18 20.12 18.98 17.77 16.53
4.46 4.27 4.10 3.93 3.78 3.66 3.60 3.58 3.63 3.72 3.86 4.04 4.27 4.54 4.85 5.19 5.57 5.98 6.42 6.88 7.37 7.88 8.41 8.94 9.45 9.92 10.36 10.77 11.22 11.70 12.21 12.74 13.27 13.81 14.35 14.89 15.43 15.97 16.52 17.06 17.60 18.15 18.69 19.23 19.77 20.31 20.84 21.38 21.91 22.44 23.00 23.59 24.22 24.90 25.58 26.24 26.86 27.45 27.95 28.31 28.52 28.60 28.54 28.37 28.08 27.70 27.22 26.67 26.04 25.35 24.61 23.82 23.00 22.16 21.30 20.43 19.52 18.54 17.50 16.43
