data_processed/recharge/precip/Precip_2007_05.asc
ncols        168
nrows        136
xllcorner    455000
yllcorner    2107000
cellsize     500
NODATA_value     -99999
[rows 0 to 33 of 136, columns 0 to 76 of 168]
34.43 34.14 33.87 33.62 33.40 33.21 33.05 32.92 32.82 32.76 32.72 32.69 32.67 32.68 32.77 32.96 33.25 33.60 33.95 34.29 34.62 34.94 35.24 35.54 35.82 36.09 36.34 36.59 36.82 37.05 37.26 37.46 37.65 37.83 38.00 38.15 38.30 38.43 38.56 38.67 38.77 38.87 38.95 39.02 39.09 39.14 39.18 39.21 39.24 39.25 39.25 39.25 39.23 39.21 39.17 39.13 39.08 39.01 38.94 38.86 38.78 38.68 38.58 38.47 38.36 38.25 38.13 38.01 37.87 37.74 37.60 37.45 37.30 37.16 37.01 36.86 36.70
35.14 34.84 34.56 34.30 34.07 33.85 33.67 33.51 33.38 33.26 33.15 33.04 32.94 32.86 32.88 32.99 33.20 33.50 33.87 34.23 34.58 34.92 35.24 35.56 35.86 36.15 36.42 36.69 36.94 37.18 37.40 37.62 37.82 38.02 38.20 38.37 38.52 38.67 38.81 38.93 39.04 39.14 39.23 39.31 39.38 39.44 39.49 39.53 39.55 39.57 39.58 39.57 39.56 39.53 39.50 39.46 39.40 39.34 39.27 39.18 39.09 38.99 38.89 38.78 38.67 38.55 38.43 38.30 38.17 38.02 37.88 37.73 37.57 37.42 37.26 37.10 36.94
35.97 35.67 35.38 35.11 34.85 34.62 34.41 34.22 34.03 33.85 33.66 33.47 33.30 33.15 33.09 33.12 33.26 33.49 33.81 34.18 34.56 34.92 35.26 35.60 35.92 36.23 36.52 36.80 37.07 37.33 37.58 37.81 38.03 38.23 38.43 38.61 38.78 38.94 39.09 39.22 39.34 39.45 39.55 39.64 39.72 39.78 39.84 39.88 39.91 39.93 39.94 39.94 39.93 39.91 39.88 39.83 39.78 39.71 39.64 39.55 39.46 39.36 39.25 39.14 39.02 38.90 38.78 38.65 38.51 38.36 38.21 38.06 37.90 37.73 37.57 37.40 37.23
36.91 36.60 36.31 36.02 35.75 35.50 35.26 35.02 34.77 34.52 34.26 34.00 33.76 33.53 33.39 33.36 33.42 33.58 33.83 34.16 34.55 34.93 35.30 35.66 36.00 36.33 36.65 36.95 37.24 37.51 37.77 38.02 38.26 38.48 38.69 38.88 39.07 39.24 39.40 39.54 39.68 39.80 39.91 40.01 40.09 40.16 40.23 40.27 40.31 40.34 40.35 40.35 40.35 40.33 40.30 40.25 40.20 40.14 40.06 39.97 39.88 39.77 39.66 39.54 39.43 39.30 39.18 39.04 38.90 38.75 38.60 38.44 38.27 38.10 37.93 37.76 37.58
37.95 37.64 37.34 37.04 36.76 36.48 36.20 35.90 35.59 35.26 34.94 34.61 34.30 34.00 33.79 33.69 33.69 33.78 33.96 34.23 34.57 34.97 35.36 35.74 36.10 36.45 36.79 37.11 37.42 37.71 37.99 38.26 38.51 38.75 38.98 39.19 39.39 39.57 39.74 39.90 40.05 40.18 40.30 40.41 40.50 40.58 40.65 40.71 40.75 40.78 40.80 40.81 40.81 40.79 40.76 40.72 40.67 40.61 40.53 40.44 40.34 40.23 40.12 40.00 39.88 39.75 39.62 39.48 39.34 39.19 39.03 38.87 38.70 38.52 38.35 38.17 37.99
39.09 38.78 38.47 38.16 37.86 37.54 37.20 36.84 36.47 36.08 35.69 35.30 34.92 34.56 34.28 34.11 34.04 34.07 34.19 34.39 34.67 35.03 35.44 35.84 36.23 36.60 36.96 37.30 37.63 37.94 38.24 38.53 38.80 39.05 39.30 39.52 39.74 39.94 40.12 40.29 40.45 40.60 40.73 40.85 40.95 41.04 41.12 41.18 41.23 41.27 41.30 41.31 41.31 41.30 41.27 41.24 41.19 41.12 41.04 40.95 40.85 40.74 40.62 40.50 40.37 40.25 40.11 39.97 39.82 39.67 39.51 39.34 39.17 38.99 38.81 38.63 38.44
40.32 40.00 39.69 39.37 39.03 38.66 38.26 37.85 37.41 36.97 36.52 36.07 35.62 35.20 34.86 34.62 34.49 34.45 34.51 34.65 34.88 35.18 35.55 35.96 36.38 36.77 37.15 37.52 37.87 38.20 38.52 38.82 39.11 39.39 39.65 39.89 40.12 40.34 40.54 40.72 40.89 41.05 41.19 41.32 41.44 41.54 41.63 41.70 41.76 41.81 41.84 41.86 41.86 41.86 41.83 41.80 41.75 41.68 41.60 41.51 41.40 41.29 41.17 41.04 40.92 40.78 40.65 40.50 40.35 40.19 40.03 39.86 39.69 39.51 39.32 39.13 38.94
41.63 41.31 40.98 40.63 40.24 39.82 39.38 38.91 38.42 37.92 37.41 36.90 36.39 35.91 35.50 35.21 35.02 34.92 34.92 35.01 35.17 35.42 35.74 36.12 36.55 36.97 37.37 37.76 38.13 38.49 38.83 39.15 39.46 39.75 40.03 40.29 40.54 40.77 40.98 41.18 41.37 41.54 41.70 41.84 41.96 42.08 42.17 42.26 42.33 42.38 42.42 42.45 42.46 42.46 42.44 42.41 42.35 42.29 42.20 42.11 42.00 41.88 41.76 41.63 41.50 41.36 41.22 41.07 40.92 40.76 40.59 40.42 40.25 40.06 39.88 39.69 39.49
43.01 42.68 42.33 41.94 41.50 41.03 40.54 40.01 39.47 38.92 38.36 37.79 37.23 36.68 36.22 35.87 35.62 35.47 35.42 35.45 35.56 35.75 36.02 36.35 36.75 37.18 37.61 38.02 38.42 38.80 39.16 39.50 39.83 40.14 40.44 40.72 40.98 41.23 41.47 41.68 41.88 42.07 42.24 42.39 42.53 42.66 42.76 42.86 42.94 43.00 43.05 43.08 43.10 43.11 43.09 43.05 43.00 42.93 42.84 42.75 42.64 42.52 42.39 42.26 42.12 41.98 41.84 41.69 41.53 41.37 41.20 41.03 40.85 40.66 40.47 40.28 40.08
44.45 44.10 43.71 43.27 42.80 42.28 41.74 41.17 40.58 39.97 39.36 38.74 38.12 37.52 37.01 36.60 36.30 36.10 35.99 35.97 36.03 36.18 36.39 36.68 37.03 37.44 37.88 38.32 38.73 39.14 39.52 39.89 40.24 40.57 40.89 41.18 41.47 41.73 41.98 42.22 42.43 42.63 42.82 42.99 43.14 43.27 43.40 43.50 43.59 43.66 43.72 43.76 43.79 43.80 43.78 43.74 43.69 43.61 43.52 43.42 43.31 43.19 43.06 42.93 42.79 42.64 42.50 42.34 42.18 42.01 41.84 41.67 41.48 41.30 41.11 40.91 40.71
45.92 45.55 45.11 44.64 44.12 43.56 42.97 42.36 41.72 41.07 40.41 39.74 39.07 38.42 37.86 37.40 37.05 36.79 36.64 36.57 36.58 36.68 36.85 37.09 37.40 37.76 38.18 38.64 39.08 39.50 39.91 40.30 40.67 41.03 41.36 41.68 41.98 42.27 42.54 42.79 43.02 43.24 43.44 43.62 43.79 43.94 44.07 44.19 44.29 44.37 44.44 44.49 44.52 44.52 44.51 44.47 44.41 44.33 44.24 44.14 44.03 43.90 43.77 43.63 43.49 43.34 43.19 43.03 42.87 42.70 42.52 42.34 42.16 41.97 41.78 41.58 41.37
47.41 47.00 46.54 46.02 45.46 44.87 44.24 43.58 42.90 42.21 41.50 40.79 40.07 39.37 38.76 38.25 37.85 37.55 37.35 37.24 37.21 37.26 37.39 37.59 37.85 38.18 38.56 38.99 39.45 39.90 40.33 40.74 41.14 41.51 41.87 42.21 42.53 42.84 43.13 43.39 43.65 43.88 44.09 44.29 44.48 44.64 44.79 44.92 45.03 45.13 45.20 45.26 45.28 45.29 45.27 45.23 45.17 45.09 45.00 44.89 44.77 44.65 44.51 44.37 44.22 44.07 43.92 43.76 43.59 43.42 43.24 43.06 42.87 42.68 42.48 42.28 42.08
48.91 48.47 47.97 47.42 46.83 46.20 45.53 44.84 44.12 43.38 42.63 41.87 41.11 40.37 39.71 39.16 38.71 38.37 38.13 37.97 37.90 37.91 38.00 38.16 38.39 38.68 39.02 39.42 39.86 40.33 40.78 41.22 41.64 42.04 42.42 42.78 43.12 43.45 43.75 44.04 44.31 44.56 44.79 45.01 45.21 45.39 45.55 45.69 45.82 45.92 46.00 46.06 46.08 46.09 46.06 46.02 45.96 45.88 45.79 45.68 45.56 45.43 45.29 45.14 44.99 44.84 44.68 44.52 44.35 44.17 43.99 43.81 43.62 43.42 43.22 43.02 42.81
50.41 49.94 49.41 48.83 48.20 47.54 46.84 46.11 45.36 44.58 43.79 42.99 42.19 41.40 40.70 40.11 39.63 39.24 38.96 38.77 38.66 38.63 38.68 38.81 39.00 39.25 39.56 39.93 40.34 40.79 41.26 41.72 42.17 42.59 42.99 43.38 43.74 44.09 44.42 44.72 45.01 45.28 45.53 45.76 45.98 46.17 46.35 46.51 46.65 46.76 46.84 46.89 46.92 46.92 46.89 46.85 46.79 46.70 46.61 46.50 46.37 46.24 46.10 45.95 45.80 45.64 45.48 45.31 45.13 44.96 44.77 44.58 44.39 44.20 43.99 43.79 43.58
51.90 51.40 50.85 50.24 49.59 48.89 48.16 47.40 46.61 45.80 44.98 44.14 43.30 42.48 41.74 41.11 40.58 40.17 39.84 39.61 39.47 39.41 39.43 39.52 39.68 39.90 40.18 40.51 40.90 41.32 41.78 42.26 42.73 43.18 43.61 44.01 44.40 44.77 45.12 45.44 45.75 46.04 46.31 46.56 46.79 47.01 47.20 47.37 47.51 47.62 47.70 47.75 47.78 47.78 47.75 47.71 47.64 47.56 47.46 47.35 47.22 47.08 46.94 46.79 46.63 46.47 46.30 46.13 45.95 45.77 45.59 45.40 45.20 45.00 44.80 44.59 44.38
53.38 52.86 52.28 51.65 50.98 50.25 49.50 48.70 47.89 47.04 46.19 45.32 44.44 43.58 42.80 42.14 41.58 41.13 40.77 40.51 40.34 40.25 40.23 40.30 40.42 40.62 40.87 41.18 41.53 41.93 42.37 42.84 43.33 43.80 44.25 44.68 45.10 45.49 45.86 46.21 46.54 46.85 47.13 47.40 47.65 47.88 48.09 48.27 48.41 48.52 48.60 48.65 48.67 48.67 48.64 48.60 48.53 48.44 48.34 48.22 48.10 47.96 47.81 47.65 47.49 47.33 47.16 46.98 46.80 46.62 46.43 46.23 46.04 45.83 45.63 45.42 45.20
54.85 54.31 53.71 53.06 52.36 51.61 50.83 50.01 49.17 48.30 47.41 46.51 45.60 44.71 43.90 43.20 42.61 42.13 41.74 41.45 41.25 41.13 41.09 41.13 41.23 41.40 41.63 41.91 42.24 42.62 43.03 43.48 43.97 44.46 44.94 45.39 45.83 46.24 46.63 47.01 47.36 47.69 48.00 48.29 48.56 48.80 49.01 49.19 49.33 49.44 49.52 49.57 49.59 49.59 49.56 49.51 49.44 49.35 49.25 49.13 49.00 48.86 48.71 48.55 48.38 48.21 48.04 47.86 47.68 47.49 47.30 47.10 46.90 46.69 46.49 46.27 46.06
56.29 55.74 55.12 54.45 53.73 52.97 52.16 51.32 50.45 49.56 48.64 47.72 46.78 45.85 45.01 44.29 43.67 43.16 42.75 42.43 42.20 42.06 41.99 42.01 42.09 42.23 42.44 42.70 43.01 43.37 43.77 44.20 44.67 45.16 45.65 46.14 46.60 47.04 47.45 47.85 48.22 48.57 48.90 49.21 49.50 49.75 49.96 50.14 50.28 50.39 50.47 50.52 50.54 50.53 50.50 50.45 50.38 50.29 50.18 50.06 49.93 49.78 49.63 49.47 49.30 49.13 48.95 48.77 48.58 48.39 48.19 47.99 47.79 47.58 47.37 47.16 46.94
57.71 57.14 56.51 55.83 55.09 54.31 53.49 52.63 51.73 50.82 49.88 48.93 47.97 47.01 46.15 45.40 44.75 44.22 43.78 43.44 43.19 43.02 42.94 42.93 42.99 43.12 43.31 43.55 43.85 44.19 44.57 44.99 45.44 45.92 46.41 46.92 47.40 47.87 48.31 48.73 49.13 49.50 49.85 50.18 50.47 50.73 50.94 51.12 51.26 51.37 51.44 51.49 51.51 51.50 51.47 51.42 51.34 51.25 51.14 51.02 50.88 50.73 50.58 50.41 50.24 50.06 49.88 49.69 49.50 49.31 49.11 48.91 48.70 48.49 48.28 48.06 47.84
59.09 58.52 57.88 57.18 56.43 55.64 54.80 53.92 53.01 52.07 51.12 50.14 49.16 48.18 47.29 46.52 45.85 45.30 44.84 44.48 44.21 44.02 43.92 43.90 43.94 44.05 44.23 44.45 44.74 45.06 45.43 45.84 46.28 46.75 47.24 47.74 48.25 48.74 49.21 49.65 50.07 50.47 50.84 51.18 51.47 51.72 51.94 52.11 52.25 52.36 52.44 52.48 52.50 52.49 52.46 52.41 52.33 52.24 52.12 52.00 51.86 51.71 51.54 51.38 51.20 51.02 50.84 50.65 50.45 50.25 50.05 49.85 49.64 49.42 49.21 48.99 48.77
60.44 59.86 59.21 58.51 57.75 56.94 56.09 55.20 54.27 53.32 52.35 51.35 50.35 49.35 48.44 47.65 46.97 46.39 45.92 45.54 45.25 45.05 44.93 44.89 44.93 45.02 45.19 45.40 45.68 45.99 46.35 46.75 47.18 47.64 48.13 48.63 49.14 49.65 50.15 50.62 51.06 51.48 51.86 52.20 52.49 52.74 52.96 53.13 53.27 53.38 53.45 53.50 53.52 53.51 53.47 53.42 53.34 53.24 53.13 53.00 52.85 52.70 52.54 52.36 52.18 52.00 51.81 51.62 51.42 51.22 51.01 50.80 50.59 50.38 50.16 49.94 49.71
61.74 61.16 60.51 59.80 59.03 58.21 57.35 56.45 55.52 54.55 53.57 52.56 51.54 50.52 49.59 48.78 48.09 47.49 47.01 46.61 46.31 46.10 45.97 45.92 45.94 46.03 46.18 46.39 46.66 46.97 47.32 47.72 48.14 48.60 49.08 49.58 50.09 50.61 51.12 51.62 52.09 52.52 52.90 53.24 53.53 53.78 54.00 54.17 54.31 54.42 54.49 54.54 54.55 54.54 54.50 54.44 54.36 54.27 54.15 54.02 53.87 53.71 53.54 53.37 53.19 53.00 52.80 52.61 52.41 52.20 51.99 51.78 51.57 51.35 51.13 50.90 50.68
63.00 62.41 61.76 61.05 60.28 59.46 58.59 57.68 56.74 55.77 54.77 53.75 52.71 51.68 50.74 49.92 49.21 48.60 48.10 47.70 47.39 47.17 47.03 46.97 46.99 47.07 47.22 47.42 47.68 47.99 48.34 48.73 49.16 49.61 50.09 50.59 51.10 51.62 52.15 52.67 53.14 53.57 53.95 54.29 54.59 54.84 55.05 55.23 55.37 55.47 55.55 55.59 55.60 55.59 55.55 55.49 55.41 55.31 55.19 55.05 54.90 54.74 54.57 54.39 54.20 54.01 53.82 53.62 53.41 53.20 52.99 52.78 52.56 52.34 52.11 51.89 51.66
64.20 63.62 62.97 62.25 61.48 60.66 59.79 58.88 57.93 56.95 55.94 54.91 53.87 52.83 51.88 51.04 50.32 49.71 49.20 48.79 48.47 48.25 48.10 48.04 48.05 48.13 48.27 48.48 48.73 49.04 49.39 49.79 50.21 50.67 51.15 51.65 52.17 52.70 53.23 53.74 54.21 54.64 55.03 55.36 55.66 55.91 56.12 56.30 56.44 56.54 56.62 56.66 56.67 56.66 56.62 56.55 56.47 56.37 56.24 56.11 55.95 55.79 55.61 55.43 55.24 55.04 54.84 54.64 54.43 54.22 54.01 53.79 53.57 53.34 53.12 52.89 52.65
65.34 64.76 64.12 63.41 62.64 61.82 60.95 60.04 59.09 58.10 57.09 56.06 55.00 53.96 53.00 52.15 51.43 50.81 50.30 49.88 49.56 49.33 49.19 49.12 49.13 49.21 49.35 49.56 49.82 50.13 50.48 50.88 51.31 51.77 52.26 52.77 53.29 53.82 54.34 54.84 55.30 55.73 56.11 56.45 56.75 57.00 57.21 57.39 57.53 57.63 57.70 57.74 57.75 57.74 57.70 57.63 57.54 57.44 57.31 57.17 57.02 56.85 56.67 56.48 56.29 56.09 55.89 55.68 55.47 55.25 55.03 54.81 54.59 54.36 54.13 53.90 53.67
66.42 65.85 65.21 64.51 63.75 62.93 62.07 61.16 60.21 59.22 58.21 57.17 56.11 55.06 54.09 53.25 52.52 51.90 51.38 50.97 50.65 50.42 50.27 50.21 50.22 50.30 50.45 50.66 50.92 51.24 51.60 52.00 52.44 52.91 53.41 53.93 54.46 54.98 55.48 55.96 56.41 56.83 57.21 57.55 57.85 58.10 58.31 58.49 58.62 58.73 58.80 58.84 58.85 58.83 58.79 58.72 58.63 58.52 58.40 58.25 58.09 57.92 57.74 57.55 57.35 57.15 56.94 56.73 56.51 56.30 56.07 55.85 55.62 55.39 55.16 54.92 54.69
67.42 66.87 66.24 65.55 64.80 63.99 63.13 62.22 61.28 60.30 59.28 58.25 57.19 56.13 55.17 54.32 53.59 52.97 52.46 52.04 51.72 51.50 51.36 51.30 51.31 51.40 51.56 51.77 52.04 52.37 52.74 53.15 53.60 54.09 54.59 55.12 55.64 56.15 56.64 57.10 57.54 57.95 58.33 58.66 58.96 59.21 59.42 59.60 59.74 59.84 59.91 59.94 59.95 59.93 59.89 59.82 59.73 59.62 59.49 59.34 59.18 59.01 58.82 58.63 58.42 58.22 58.00 57.79 57.57 57.35 57.12 56.90 56.67 56.43 56.20 55.96 55.72
68.35 67.81 67.20 66.52 65.78 64.99 64.13 63.24 62.30 61.32 60.31 59.28 58.23 57.17 56.21 55.36 54.63 54.02 53.51 53.10 52.79 52.57 52.43 52.38 52.41 52.50 52.67 52.89 53.18 53.51 53.90 54.32 54.79 55.29 55.81 56.33 56.84 57.33 57.80 58.26 58.68 59.08 59.45 59.79 60.08 60.33 60.55 60.72 60.86 60.96 61.03 61.06 61.07 61.05 61.00 60.93 60.84 60.72 60.59 60.44 60.28 60.10 59.91 59.71 59.51 59.29 59.08 58.86 58.64 58.41 58.18 57.95 57.72 57.48 57.25 57.01 56.76
69.20 68.68 68.09 67.43 66.70 65.92 65.08 64.19 63.26 62.30 61.30 60.27 59.22 58.17 57.21 56.37 55.65 55.04 54.53 54.13 53.83 53.62 53.50 53.46 53.49 53.60 53.78 54.02 54.32 54.67 55.07 55.51 55.99 56.50 57.02 57.53 58.02 58.50 58.97 59.41 59.83 60.23 60.59 60.92 61.21 61.46 61.67 61.85 61.98 62.08 62.15 62.19 62.19 62.17 62.12 62.05 61.95 61.84 61.70 61.55 61.38 61.20 61.01 60.81 60.60 60.38 60.16 59.94 59.71 59.48 59.25 59.02 58.78 58.54 58.30 58.06 57.81
69.96 69.46 68.89 68.25 67.54 66.77 65.95 65.08 64.16 63.21 62.22 61.20 60.16 59.12 58.17 57.34 56.62 56.02 55.53 55.14 54.85 54.65 54.54 54.52 54.57 54.69 54.88 55.14 55.46 55.83 56.25 56.71 57.20 57.71 58.21 58.71 59.20 59.67 60.13 60.56 60.98 61.37 61.73 62.05 62.35 62.60 62.81 62.98 63.12 63.22 63.28 63.32 63.32 63.30 63.25 63.17 63.07 62.96 62.82 62.66 62.49 62.31 62.11 61.91 61.69 61.47 61.25 61.02 60.79 60.56 60.32 60.09 59.85 59.60 59.36 59.12 58.87
70.63 70.16 69.61 68.99 68.30 67.56 66.75 65.90 65.00 64.06 63.09 62.08 61.05 60.02 59.08 58.26 57.56 56.97 56.49 56.12 55.84 55.66 55.56 55.55 55.62 55.77 55.98 56.26 56.59 56.98 57.42 57.90 58.40 58.89 59.39 59.88 60.35 60.82 61.27 61.70 62.12 62.50 62.86 63.19 63.48 63.73 63.95 64.12 64.26 64.36 64.42 64.45 64.46 64.43 64.38 64.30 64.20 64.08 63.94 63.78 63.61 63.42 63.22 63.01 62.79 62.57 62.34 62.11 61.87 61.64 61.40 61.16 60.92 60.67 60.43 60.18 59.93
71.20 70.76 70.24 69.64 68.98 68.26 67.47 66.64 65.76 64.84 63.88 62.89 61.88 60.86 59.93 59.13 58.44 57.87 57.41 57.05 56.80 56.63 56.56 56.57 56.66 56.82 57.06 57.36 57.72 58.13 58.59 59.07 59.56 60.04 60.53 61.01 61.48 61.95 62.39 62.82 63.23 63.62 63.98 64.31 64.61 64.87 65.09 65.26 65.40 65.50 65.56 65.59 65.59 65.57 65.51 65.43 65.33 65.21 65.06 64.90 64.72 64.53 64.33 64.12 63.89 63.66 63.43 63.20 62.96 62.72 62.48 62.23 61.99 61.74 61.49 61.24 60.99
71.67 71.26 70.77 70.20 69.57 68.87 68.11 67.30 66.45 65.55 64.61 63.64 62.64 61.64 60.73 59.94 59.28 58.73 58.28 57.95 57.71 57.57 57.52 57.55 57.66 57.85 58.11 58.44 58.83 59.26 59.72 60.20 60.67 61.15 61.63 62.11 62.58 63.04 63.49 63.92 64.33 64.72 65.08 65.41 65.72 65.98 66.21 66.40 66.54 66.64 66.70 66.73 66.73 66.70 66.65 66.56 66.46 66.33 66.19 66.02 65.84 65.65 65.44 65.22 65.00 64.76 64.53 64.29 64.05 63.80 63.56 63.31 63.06 62.81 62.56 62.31 62.05
72.03 71.65 71.19 70.66 70.06 69.39 68.66 67.88 67.05 66.17 65.26 64.31 63.33 62.35 61.46 60.70 60.05 59.52 59.10 58.79 58.58 58.46 58.43 58.49 58.64 58.85 59.14 59.50 59.91 60.35 60.80 61.27 61.74 62.21 62.69 63.17 63.63 64.09 64.54 64.97 65.39 65.78 66.15 66.49 66.80 67.08 67.32 67.52 67.67 67.78 67.84 67.87 67.87 67.84 67.78 67.70 67.59 67.46 67.31 67.14 66.96 66.76 66.55 66.33 66.10 65.86 65.62 65.38 65.13 64.89 64.64 64.39 64.13 63.88 63.62 63.37 63.11
