data_processed/recharge/precip/Precip_1995_11.asc
ncols        168
nrows        136
xllcorner    455000
yllcorner    2107000
cellsize     500
NODATA_value     -99999
[rows 102 to 135 of 136, columns 77 to 153 of 168]
41.79 41.22 40.67 40.12 39.57 39.01 38.41 37.79 37.15 36.49 35.82 35.13 34.43 33.73 33.02 32.32 31.61 30.91 30.23 29.55 28.89 28.25 27.63 27.03 26.47 25.93 25.44 25.01 24.64 24.42 24.42 24.61 24.92 25.33 25.81 26.38 27.01 27.71 28.47 29.28 30.13 31.03 31.96 32.92 33.91 34.91 35.92 36.94 37.95 38.96 39.95 40.93 41.88 42.83 43.80 44.78 45.76 46.73 47.68 48.61 49.52 50.39 51.22 52.01 52.74 53.42 54.04 54.60 55.07 55.47 55.78 56.01 56.13 56.16 56.07 55.87 55.55
42.23 41.65 41.09 40.53 39.96 39.36 38.73 38.08 37.42 36.74 36.04 35.34 34.64 33.93 33.22 32.51 31.82 31.13 30.45 29.80 29.16 28.54 27.95 27.39 26.86 26.37 25.91 25.51 25.17 25.00 25.02 25.19 25.45 25.81 26.25 26.78 27.38 28.05 28.78 29.57 30.41 31.30 32.23 33.19 34.17 35.18 36.21 37.24 38.27 39.31 40.33 41.34 42.33 43.30 44.26 45.24 46.21 47.17 48.12 49.04 49.94 50.80 51.63 52.41 53.14 53.82 54.44 54.98 55.46 55.86 56.17 56.39 56.51 56.54 56.45 56.25 55.93
42.62 42.05 41.48 40.89 40.28 39.65 38.99 38.32 37.64 36.94 36.24 35.53 34.82 34.11 33.40 32.70 32.02 31.35 30.69 30.06 29.44 28.86 28.30 27.78 27.29 26.85 26.44 26.08 25.79 25.63 25.63 25.73 25.94 26.25 26.64 27.13 27.69 28.33 29.03 29.80 30.62 31.49 32.40 33.36 34.34 35.35 36.38 37.43 38.48 39.54 40.59 41.63 42.65 43.65 44.63 45.60 46.57 47.52 48.46 49.39 50.28 51.14 51.97 52.75 53.48 54.16 54.78 55.33 55.80 56.20 56.52 56.74 56.87 56.90 56.82 56.62 56.31
42.93 42.39 41.81 41.20 40.56 39.90 39.22 38.53 37.83 37.12 36.41 35.70 34.99 34.28 33.58 32.90 32.23 31.58 30.95 30.34 29.76 29.21 28.69 28.21 27.77 27.38 27.03 26.72 26.47 26.28 26.21 26.25 26.39 26.64 26.99 27.42 27.94 28.54 29.21 29.95 30.75 31.60 32.50 33.44 34.42 35.43 36.46 37.51 38.57 39.64 40.71 41.78 42.83 43.87 44.88 45.88 46.85 47.81 48.75 49.67 50.57 51.43 52.26 53.05 53.78 54.46 55.09 55.64 56.12 56.53 56.85 57.08 57.22 57.25 57.18 57.00 56.70
43.14 42.67 42.15 41.53 40.86 40.17 39.48 38.77 38.05 37.34 36.62 35.90 35.19 34.50 33.81 33.14 32.48 31.85 31.25 30.67 30.12 29.61 29.13 28.70 28.31 27.96 27.67 27.42 27.19 26.98 26.84 26.81 26.89 27.08 27.37 27.75 28.22 28.77 29.40 30.11 30.87 31.70 32.57 33.50 34.47 35.47 36.49 37.55 38.62 39.70 40.78 41.87 42.94 44.01 45.08 46.18 47.21 48.17 49.12 50.04 50.94 51.80 52.63 53.42 54.16 54.84 55.47 56.03 56.51 56.92 57.25 57.49 57.63 57.67 57.61 57.43 57.14
43.28 42.90 42.47 41.90 41.23 40.52 39.80 39.07 38.34 37.62 36.89 36.17 35.47 34.77 34.10 33.44 32.80 32.19 31.61 31.06 30.55 30.07 29.63 29.24 28.90 28.61 28.36 28.13 27.92 27.73 27.56 27.46 27.47 27.59 27.81 28.14 28.55 29.06 29.64 30.30 31.03 31.83 32.68 33.58 34.53 35.51 36.53 37.58 38.65 39.73 40.83 41.92 43.02 44.13 45.31 46.53 47.67 48.68 49.63 50.54 51.44 52.30 53.13 53.91 54.65 55.33 55.96 56.52 57.00 57.41 57.74 57.98 58.13 58.17 58.11 57.94 57.65
43.38 43.08 42.73 42.25 41.64 40.92 40.18 39.44 38.69 37.95 37.22 36.50 35.80 35.11 34.44 33.79 33.17 32.58 32.03 31.50 31.02 30.58 30.19 29.84 29.54 29.29 29.07 28.86 28.66 28.48 28.32 28.20 28.14 28.18 28.34 28.59 28.95 29.40 29.93 30.55 31.23 31.99 32.80 33.68 34.60 35.57 36.57 37.61 38.67 39.75 40.85 41.95 43.09 44.29 45.57 46.90 48.15 49.27 50.26 51.17 52.06 52.91 53.74 54.51 55.24 55.92 56.54 57.10 57.58 57.99 58.31 58.55 58.69 58.74 58.68 58.50 58.22
43.43 43.21 42.93 42.54 42.01 41.36 40.62 39.86 39.10 38.35 37.61 36.89 36.18 35.50 34.83 34.20 33.60 33.03 32.49 32.00 31.55 31.14 30.79 30.48 30.23 30.00 29.78 29.58 29.40 29.23 29.09 28.97 28.88 28.85 28.93 29.12 29.41 29.80 30.27 30.83 31.47 32.18 32.96 33.80 34.69 35.63 36.61 37.63 38.68 39.76 40.85 41.98 43.19 44.49 45.86 47.29 48.64 49.86 50.95 51.90 52.78 53.63 54.43 55.20 55.92 56.59 57.20 57.75 58.22 58.62 58.94 59.17 59.31 59.35 59.28 59.11 58.81
43.44 43.29 43.09 42.77 42.32 41.76 41.09 40.33 39.55 38.79 38.05 37.32 36.61 35.93 35.28 34.66 34.07 33.52 33.01 32.54 32.12 31.75 31.43 31.16 30.92 30.70 30.49 30.30 30.13 29.98 29.85 29.74 29.65 29.60 29.61 29.72 29.93 30.25 30.66 31.17 31.75 32.41 33.14 33.94 34.80 35.71 36.66 37.66 38.69 39.75 40.86 42.05 43.34 44.71 46.17 47.68 49.12 50.44 51.62 52.67 53.58 54.41 55.21 55.96 56.67 57.32 57.92 58.45 58.92 59.30 59.61 59.83 59.96 59.99 59.91 59.73 59.42
43.42 43.33 43.19 42.94 42.58 42.10 41.51 40.82 40.05 39.28 38.53 37.79 37.09 36.41 35.76 35.15 34.58 34.05 33.56 33.12 32.73 32.39 32.11 31.85 31.62 31.40 31.20 31.02 30.86 30.72 30.60 30.50 30.42 30.37 30.35 30.38 30.52 30.77 31.11 31.55 32.07 32.68 33.36 34.11 34.92 35.79 36.72 37.68 38.69 39.76 40.91 42.17 43.52 44.97 46.50 48.08 49.60 51.00 52.26 53.40 54.40 55.26 56.04 56.77 57.46 58.10 58.68 59.19 59.64 60.01 60.30 60.51 60.62 60.64 60.55 60.35 60.03
43.36 43.34 43.26 43.07 42.78 42.38 41.87 41.27 40.57 39.81 39.05 38.31 37.60 36.93 36.29 35.69 35.13 34.61 34.15 33.73 33.37 33.07 32.79 32.54 32.30 32.09 31.90 31.74 31.59 31.46 31.35 31.26 31.19 31.14 31.11 31.12 31.18 31.34 31.61 31.98 32.44 32.98 33.60 34.30 35.07 35.89 36.78 37.71 38.71 39.81 41.02 42.33 43.74 45.24 46.83 48.48 50.06 51.53 52.87 54.08 55.16 56.10 56.91 57.62 58.29 58.90 59.46 59.95 60.38 60.73 61.00 61.19 61.28 61.28 61.17 60.96 60.62
43.27 43.30 43.28 43.15 42.92 42.59 42.17 41.65 41.04 40.35 39.60 38.86 38.15 37.47 36.84 36.25 35.71 35.21 34.77 34.38 34.04 33.74 33.46 33.21 32.98 32.78 32.59 32.44 32.30 32.18 32.08 32.00 31.93 31.89 31.87 31.87 31.90 31.98 32.17 32.46 32.85 33.32 33.88 34.52 35.23 36.01 36.85 37.76 38.79 39.92 41.17 42.52 43.97 45.52 47.16 48.86 50.50 52.03 53.43 54.71 55.86 56.87 57.75 58.48 59.12 59.71 60.24 60.71 61.11 61.44 61.69 61.85 61.92 61.90 61.77 61.54 61.18
43.15 43.23 43.26 43.18 43.01 42.75 42.40 41.96 41.44 40.84 40.16 39.43 38.72 38.05 37.42 36.84 36.31 35.83 35.41 35.04 34.71 34.40 34.13 33.87 33.65 33.45 33.27 33.12 33.00 32.89 32.80 32.73 32.67 32.63 32.60 32.61 32.63 32.68 32.79 32.99 33.30 33.70 34.20 34.77 35.42 36.14 36.95 37.88 38.92 40.08 41.36 42.74 44.22 45.81 47.48 49.23 50.91 52.49 53.94 55.28 56.48 57.56 58.50 59.30 59.95 60.52 61.02 61.46 61.83 62.13 62.35 62.48 62.53 62.48 62.34 62.09 61.73
43.00 43.13 43.20 43.17 43.06 42.86 42.57 42.21 41.77 41.25 40.67 40.01 39.32 38.65 38.03 37.46 36.94 36.48 36.07 35.70 35.36 35.05 34.77 34.52 34.30 34.10 33.93 33.79 33.68 33.59 33.51 33.44 33.38 33.34 33.32 33.32 33.34 33.39 33.46 33.58 33.81 34.13 34.55 35.05 35.63 36.32 37.12 38.05 39.11 40.28 41.57 42.98 44.48 46.09 47.80 49.57 51.29 52.90 54.40 55.77 57.03 58.16 59.15 60.01 60.72 61.29 61.76 62.17 62.50 62.77 62.96 63.06 63.08 63.02 62.86 62.61 62.24
42.83 43.00 43.11 43.12 43.06 42.91 42.69 42.40 42.03 41.59 41.10 40.54 39.92 39.27 38.65 38.09 37.59 37.14 36.73 36.35 36.00 35.69 35.40 35.15 34.93 34.74 34.58 34.45 34.34 34.26 34.19 34.12 34.07 34.04 34.02 34.02 34.03 34.07 34.13 34.22 34.36 34.60 34.93 35.36 35.89 36.55 37.35 38.28 39.34 40.52 41.82 43.23 44.74 46.37 48.09 49.88 51.62 53.26 54.78 56.19 57.49 58.65 59.69 60.59 61.36 61.97 62.45 62.82 63.12 63.35 63.50 63.58 63.59 63.51 63.35 63.09 62.73
42.64 42.85 42.98 43.04 43.02 42.92 42.76 42.52 42.22 41.87 41.45 40.98 40.45 39.88 39.29 38.74 38.24 37.78 37.36 36.97 36.62 36.30 36.01 35.76 35.54 35.35 35.20 35.07 34.98 34.91 34.84 34.79 34.74 34.71 34.69 34.69 34.70 34.73 34.78 34.86 34.96 35.11 35.36 35.72 36.22 36.87 37.65 38.57 39.61 40.78 42.07 43.48 45.00 46.62 48.35 50.15 51.90 53.55 55.10 56.53 57.85 59.05 60.12 61.06 61.86 62.52 63.03 63.40 63.67 63.86 63.98 64.04 64.04 63.96 63.80 63.54 63.18
42.44 42.67 42.83 42.92 42.93 42.88 42.77 42.59 42.36 42.07 41.73 41.34 40.91 40.43 39.92 39.38 38.88 38.41 37.97 37.58 37.21 36.89 36.60 36.34 36.12 35.94 35.79 35.68 35.60 35.53 35.47 35.42 35.38 35.35 35.33 35.33 35.34 35.36 35.40 35.47 35.55 35.66 35.84 36.16 36.63 37.24 38.00 38.89 39.92 41.07 42.34 43.74 45.24 46.86 48.58 50.38 52.13 53.78 55.33 56.78 58.11 59.33 60.42 61.38 62.21 62.91 63.46 63.86 64.12 64.28 64.39 64.45 64.44 64.36 64.21 63.96 63.61
42.21 42.47 42.65 42.76 42.81 42.80 42.73 42.61 42.43 42.21 41.94 41.63 41.28 40.89 40.47 40.00 39.49 39.01 38.56 38.15 37.78 37.45 37.16 36.90 36.68 36.50 36.36 36.25 36.18 36.12 36.07 36.03 35.99 35.96 35.94 35.93 35.94 35.96 35.99 36.04 36.12 36.22 36.40 36.68 37.10 37.68 38.40 39.25 40.24 41.37 42.61 43.98 45.47 47.06 48.76 50.55 52.29 53.94 55.48 56.93 58.26 59.49 60.59 61.57 62.42 63.13 63.71 64.14 64.44 64.63 64.74 64.79 64.79 64.72 64.57 64.33 64.00
41.98 42.25 42.45 42.58 42.66 42.68 42.65 42.57 42.45 42.29 42.08 41.84 41.57 41.26 40.91 40.51 40.06 39.58 39.12 38.70 38.32 37.98 37.68 37.43 37.21 37.03 36.89 36.79 36.73 36.68 36.64 36.60 36.57 36.54 36.52 36.51 36.50 36.52 36.54 36.58 36.66 36.79 36.99 37.26 37.64 38.16 38.83 39.64 40.59 41.67 42.88 44.21 45.66 47.23 48.90 50.66 52.38 54.01 55.54 56.98 58.30 59.52 60.62 61.60 62.46 63.18 63.78 64.25 64.61 64.87 65.01 65.07 65.08 65.01 64.88 64.66 64.35
41.73 42.02 42.22 42.37 42.47 42.52 42.53 42.49 42.41 42.30 42.16 41.99 41.78 41.54 41.25 40.91 40.53 40.10 39.64 39.21 38.83 38.48 38.18 37.92 37.70 37.52 37.39 37.30 37.24 37.21 37.17 37.14 37.10 37.08 37.05 37.04 37.03 37.04 37.05 37.10 37.19 37.35 37.57 37.86 38.23 38.70 39.30 40.06 40.95 41.98 43.13 44.42 45.83 47.35 48.99 50.71 52.39 53.99 55.50 56.91 58.22 59.42 60.51 61.48 62.34 63.06 63.68 64.21 64.64 64.97 65.18 65.29 65.31 65.26 65.14 64.95 64.66
41.48 41.77 41.98 42.14 42.25 42.33 42.36 42.36 42.32 42.26 42.17 42.06 41.91 41.71 41.48 41.20 40.88 40.52 40.12 39.69 39.30 38.94 38.64 38.37 38.15 37.98 37.85 37.76 37.72 37.69 37.66 37.63 37.60 37.57 37.55 37.53 37.52 37.52 37.54 37.60 37.72 37.90 38.14 38.44 38.81 39.25 39.80 40.48 41.31 42.27 43.37 44.60 45.95 47.42 49.00 50.68 52.32 53.88 55.35 56.73 58.01 59.18 60.25 61.20 62.04 62.78 63.45 64.03 64.53 64.93 65.22 65.40 65.47 65.45 65.36 65.19 64.94
41.22 41.51 41.72 41.88 42.01 42.10 42.16 42.18 42.19 42.17 42.12 42.05 41.94 41.79 41.60 41.38 41.12 40.82 40.49 40.12 39.73 39.37 39.05 38.79 38.57 38.40 38.27 38.19 38.15 38.13 38.11 38.08 38.05 38.03 38.00 37.98 37.96 37.96 38.00 38.09 38.23 38.42 38.67 38.98 39.36 39.80 40.31 40.92 41.67 42.56 43.58 44.74 46.02 47.43 48.96 50.57 52.16 53.66 55.09 56.42 57.66 58.79 59.83 60.75 61.60 62.38 63.09 63.73 64.29 64.76 65.13 65.39 65.54 65.57 65.51 65.38 65.17
40.96 41.25 41.45 41.61 41.74 41.84 41.92 41.97 42.00 42.02 42.00 41.96 41.88 41.77 41.63 41.46 41.25 41.01 40.74 40.44 40.10 39.75 39.43 39.16 38.94 38.77 38.64 38.57 38.54 38.53 38.51 38.49 38.46 38.43 38.40 38.38 38.36 38.38 38.44 38.55 38.70 38.90 39.16 39.47 39.85 40.28 40.78 41.35 42.02 42.82 43.76 44.84 46.05 47.38 48.83 50.37 51.89 53.34 54.70 55.98 57.16 58.25 59.25 60.16 61.03 61.85 62.61 63.31 63.93 64.46 64.91 65.25 65.49 65.61 65.62 65.52 65.35
40.70 40.98 41.17 41.32 41.45 41.56 41.65 41.72 41.77 41.81 41.81 41.79 41.74 41.67 41.57 41.44 41.28 41.09 40.88 40.64 40.37 40.07 39.76 39.49 39.26 39.09 38.97 38.90 38.88 38.88 38.86 38.84 38.82 38.79 38.76 38.73 38.74 38.78 38.85 38.97 39.13 39.34 39.60 39.90 40.27 40.69 41.18 41.72 42.34 43.06 43.90 44.89 46.01 47.25 48.62 50.08 51.53 52.90 54.19 55.40 56.52 57.56 58.53 59.46 60.37 61.22 62.03 62.78 63.45 64.05 64.57 65.00 65.32 65.53 65.63 65.61 65.49
40.44 40.71 40.88 41.02 41.14 41.25 41.34 41.43 41.49 41.53 41.55 41.55 41.53 41.48 41.41 41.32 41.21 41.07 40.91 40.72 40.51 40.28 40.02 39.76 39.54 39.37 39.25 39.18 39.17 39.17 39.16 39.15 39.12 39.09 39.07 39.06 39.08 39.13 39.22 39.34 39.51 39.71 39.96 40.26 40.62 41.02 41.48 42.01 42.59 43.25 44.00 44.88 45.90 47.05 48.32 49.69 51.04 52.33 53.54 54.67 55.73 56.73 57.71 58.67 59.60 60.50 61.35 62.14 62.88 63.54 64.13 64.63 65.04 65.34 65.54 65.62 65.57
40.19 40.43 40.58 40.71 40.82 40.92 41.01 41.09 41.16 41.20 41.23 41.25 41.24 41.22 41.18 41.12 41.04 40.94 40.83 40.70 40.54 40.37 40.18 39.97 39.76 39.59 39.47 39.41 39.40 39.41 39.41 39.39 39.37 39.35 39.33 39.35 39.38 39.44 39.53 39.66 39.82 40.02 40.26 40.54 40.87 41.26 41.69 42.18 42.74 43.35 44.03 44.81 45.71 46.75 47.92 49.19 50.44 51.63 52.75 53.80 54.81 55.81 56.81 57.79 58.75 59.68 60.57 61.42 62.21 62.93 63.59 64.17 64.66 65.05 65.34 65.52 65.59
39.94 40.16 40.28 40.39 40.48 40.57 40.65 40.72 40.78 40.82 40.85 40.87 40.88 40.88 40.86 40.83 40.78 40.72 40.65 40.56 40.46 40.34 40.21 40.07 39.91 39.75 39.64 39.58 39.58 39.60 39.60 39.58 39.57 39.56 39.56 39.58 39.62 39.69 39.78 39.90 40.05 40.23 40.46 40.72 41.03 41.39 41.79 42.25 42.76 43.33 43.96 44.66 45.45 46.37 47.42 48.57 49.72 50.80 51.82 52.81 53.81 54.82 55.83 56.83 57.82 58.78 59.71 60.61 61.45 62.24 62.96 63.61 64.18 64.67 65.05 65.33 65.50
39.71 39.90 39.99 40.06 40.13 40.20 40.26 40.31 40.35 40.39 40.42 40.44 40.46 40.47 40.46 40.45 40.44 40.41 40.37 40.32 40.27 40.20 40.13 40.04 39.95 39.85 39.75 39.69 39.70 39.72 39.72 39.72 39.71 39.71 39.73 39.75 39.80 39.86 39.94 40.05 40.19 40.36 40.56 40.80 41.08 41.40 41.76 42.18 42.65 43.17 43.74 44.38 45.09 45.88 46.81 47.84 48.86 49.82 50.78 51.75 52.75 53.76 54.79 55.81 56.82 57.81 58.78 59.72 60.62 61.46 62.25 62.97 63.62 64.19 64.67 65.05 65.33
39.50 39.65 39.69 39.73 39.77 39.80 39.83 39.86 39.89 39.92 39.94 39.96 39.98 39.99 40.00 40.01 40.01 40.01 40.00 39.99 39.98 39.96 39.93 39.90 39.86 39.82 39.78 39.74 39.75 39.78 39.79 39.79 39.80 39.81 39.83 39.85 39.89 39.95 40.02 40.11 40.23 40.37 40.55 40.76 41.00 41.28 41.60 41.97 42.39 42.85 43.37 43.95 44.58 45.28 46.07 46.97 47.86 48.75 49.68 50.64 51.64 52.65 53.68 54.72 55.76 56.78 57.79 58.77 59.71 60.62 61.47 62.26 62.99 63.64 64.21 64.69 65.07
39.30 39.40 39.40 39.39 39.39 39.39 39.39 39.39 39.40 39.40 39.41 39.42 39.44 39.45 39.47 39.49 39.50 39.52 39.54 39.56 39.58 39.60 39.62 39.64 39.66 39.68 39.69 39.71 39.74 39.77 39.79 39.81 39.82 39.83 39.85 39.87 39.90 39.94 39.99 40.07 40.16 40.27 40.41 40.58 40.79 41.02 41.30 41.61 41.97 42.38 42.83 43.34 43.90 44.53 45.21 45.97 46.77 47.62 48.53 49.48 50.47 51.49 52.53 53.58 54.64 55.69 56.73 57.76 58.75 59.71 60.62 61.49 62.29 63.02 63.68 64.25 64.73
39.11 39.16 39.11 39.05 39.00 38.96 38.92 38.89 38.87 38.85 38.84 38.84 38.85 38.86 38.87 38.90 38.92 38.96 39.00 39.04 39.09 39.15 39.20 39.27 39.33 39.41 39.48 39.56 39.65 39.71 39.74 39.76 39.77 39.78 39.79 39.80 39.81 39.83 39.86 39.91 39.97 40.05 40.15 40.28 40.43 40.62 40.84 41.10 41.39 41.73 42.12 42.55 43.04 43.58 44.18 44.87 45.63 46.46 47.35 48.29 49.27 50.28 51.33 52.39 53.47 54.55 55.62 56.68 57.72 58.73 59.71 60.64 61.51 62.33 63.07 63.74 64.32
38.87 38.89 38.81 38.71 38.60 38.51 38.43 38.36 38.31 38.26 38.23 38.21 38.20 38.20 38.21 38.24 38.27 38.31 38.37 38.43 38.50 38.59 38.68 38.78 38.89 39.01 39.14 39.29 39.47 39.60 39.65 39.67 39.67 39.67 39.66 39.65 39.64 39.64 39.64 39.65 39.67 39.71 39.77 39.84 39.95 40.07 40.23 40.42 40.65 40.92 41.23 41.58 41.98 42.44 43.00 43.69 44.45 45.25 46.11 47.03 48.00 49.01 50.06 51.13 52.22 53.32 54.42 55.52 56.60 57.66 58.69 59.68 60.63 61.51 62.34 63.10 63.77
38.59 38.58 38.48 38.35 38.20 38.06 37.93 37.82 37.72 37.65 37.59 37.54 37.51 37.50 37.50 37.52 37.55 37.60 37.66 37.74 37.83 37.94 38.06 38.19 38.34 38.50 38.69 38.92 39.19 39.41 39.51 39.54 39.53 39.51 39.48 39.45 39.41 39.37 39.33 39.30 39.28 39.27 39.27 39.29 39.33 39.39 39.48 39.60 39.75 39.94 40.16 40.43 40.74 41.15 41.72 42.43 43.20 43.99 44.83 45.72 46.68 47.68 48.72 49.80 50.90 52.01 53.14 54.27 55.38 56.49 57.57 58.62 59.62 60.58 61.49 62.33 63.10
38.27 38.24 38.12 37.97 37.80 37.61 37.43 37.27 37.13 37.01 36.92 36.84 36.79 36.75 36.74 36.75 36.78 36.82 36.89 36.98 37.08 37.21 37.35 37.51 37.69 37.90 38.16 38.47 38.82 39.12 39.29 39.36 39.34 39.30 39.24 39.17 39.09 39.01 38.93 38.85 38.78 38.71 38.65 38.61 38.58 38.57 38.59 38.63 38.69 38.79 38.93 39.10 39.37 39.79 40.37 41.09 41.87 42.67 43.50 44.37 45.31 46.29 47.33 48.40 49.51 50.63 51.78 52.93 54.08 55.22 56.35 57.45 58.52 59.54 60.52 61.44 62.29
