data_processed/recharge/precip/Precip_2010_08.asc
ncols        168
nrows        136
xllcorner    455000
yllcorner    2107000
cellsize     500
NODATA_value     -99999
[rows 32 to 63 of 136, columns 0 to 72 of 168]
235.56 239.60 243.56 247.44 251.22 254.90 258.46 261.89 265.18 268.31 271.26 274.04 276.63 279.01 281.17 283.10 284.79 286.23 287.39 288.28 288.87 289.16 289.17 288.90 288.11 286.41 283.76 280.28 276.10 271.31 266.04 260.40 254.51 248.49 242.44 236.49 230.75 225.33 220.35 215.93 212.18 209.22 207.16 206.12 206.21 207.55 210.25 214.32 219.40 224.62 229.65 234.51 239.18 243.65 247.92 251.95 255.75 259.30 262.59 265.60 268.32 270.74 272.85 274.63 276.07 277.15 277.87 278.21 278.16 277.70 276.83 275.53 273.77
227.87 232.05 236.17 240.21 244.16 248.00 251.72 255.32 258.77 262.08 265.21 268.17 270.94 273.50 275.85 277.97 279.85 281.48 282.84 283.93 284.73 285.24 285.49 285.50 285.23 284.47 282.83 280.30 276.98 273.00 268.46 263.48 258.18 252.67 247.07 241.49 236.06 230.87 226.06 221.73 218.00 214.99 212.80 211.57 211.39 212.40 214.58 217.78 221.82 225.98 229.97 233.80 237.51 241.08 244.49 247.73 250.80 253.67 256.33 258.78 260.99 262.96 264.67 266.11 267.27 268.13 268.68 268.91 268.81 268.35 267.54 266.35 264.69
219.49 223.79 228.07 232.28 236.39 240.40 244.30 248.07 251.70 255.18 258.50 261.64 264.59 267.35 269.89 272.20 274.28 276.11 277.68 278.97 279.97 280.70 281.19 281.45 281.46 281.21 280.51 278.97 276.58 273.45 269.69 265.42 260.76 255.82 250.72 245.57 240.49 235.59 230.99 226.80 223.14 220.13 217.88 216.50 216.11 216.73 218.19 220.48 223.55 226.75 229.78 232.67 235.46 238.16 240.77 243.26 245.63 247.87 249.95 251.88 253.63 255.19 256.55 257.70 258.62 259.30 259.73 259.89 259.78 259.38 258.66 257.54 255.92
210.89 214.96 219.37 223.74 228.02 232.21 236.28 240.23 244.05 247.71 251.22 254.55 257.70 260.65 263.38 265.90 268.18 270.22 271.99 273.48 274.68 275.62 276.33 276.83 277.09 277.12 276.92 276.30 274.88 272.65 269.73 266.23 262.26 257.94 253.39 248.72 244.04 239.48 235.14 231.15 227.62 224.66 222.39 220.92 220.27 220.31 221.03 222.49 224.67 226.96 229.12 231.16 233.10 234.99 236.83 238.62 240.34 241.99 243.54 244.99 246.32 247.52 248.57 249.47 250.20 250.75 251.10 251.25 251.17 250.85 250.18 249.08 247.48
202.58 205.99 210.18 214.69 219.15 223.52 227.78 231.91 235.91 239.77 243.47 247.00 250.35 253.50 256.44 259.16 261.65 263.90 265.85 267.51 268.89 270.02 270.95 271.67 272.16 272.45 272.53 272.41 271.89 270.62 268.58 265.89 262.67 259.02 255.07 250.93 246.72 242.54 238.53 234.78 231.42 228.57 226.33 224.73 223.66 223.10 223.14 223.86 225.21 226.69 228.04 229.31 230.49 231.63 232.76 233.90 235.02 236.12 237.18 238.20 239.15 240.03 240.83 241.52 242.10 242.56 242.88 243.05 243.04 242.75 242.08 240.97 239.39
194.63 197.37 200.95 205.27 209.88 214.43 218.88 223.21 227.40 231.46 235.36 239.09 242.64 246.00 249.15 252.09 254.79 257.20 259.30 261.10 262.65 263.97 265.09 266.02 266.74 267.26 267.60 267.76 267.73 267.34 266.24 264.42 261.99 259.07 255.78 252.22 248.52 244.79 241.14 237.69 234.56 231.86 229.62 227.75 226.23 225.16 224.60 224.63 225.24 225.97 226.60 227.17 227.68 228.17 228.65 229.17 229.73 230.33 230.95 231.58 232.20 232.81 233.39 233.92 234.40 234.82 235.15 235.37 235.37 235.05 234.34 233.22 231.64
187.06 189.19 192.14 195.89 200.33 205.05 209.69 214.21 218.61 222.87 226.97 230.91 234.67 238.24 241.61 244.76 247.62 250.15 252.37 254.31 256.01 257.50 258.80 259.93 260.86 261.61 262.19 262.60 262.85 262.96 262.72 261.82 260.24 258.10 255.51 252.58 249.45 246.21 242.98 239.88 237.03 234.46 232.09 229.93 228.04 226.52 225.44 224.87 224.81 224.86 224.85 224.79 224.71 224.62 224.55 224.52 224.57 224.72 224.94 225.22 225.56 225.94 226.35 226.77 227.19 227.60 227.97 228.19 228.13 227.74 226.99 225.84 224.25
179.87 181.44 183.83 187.00 190.92 195.49 200.30 205.03 209.63 214.10 218.41 222.57 226.54 230.34 233.92 237.21 240.16 242.78 245.11 247.18 249.02 250.66 252.13 253.44 254.58 255.54 256.34 256.99 257.50 257.88 258.14 258.08 257.40 256.09 254.26 252.02 249.50 246.80 244.05 241.36 238.77 236.21 233.70 231.32 229.15 227.25 225.72 224.62 223.97 223.43 222.84 222.23 221.63 221.04 220.50 220.02 219.62 219.35 219.22 219.21 219.31 219.50 219.78 220.13 220.54 220.98 221.32 221.44 221.30 220.84 220.04 218.85 217.23
173.06 174.14 176.03 178.68 182.07 186.15 190.85 195.76 200.57 205.25 209.78 214.16 218.36 222.36 226.08 229.43 232.45 235.15 237.58 239.76 241.73 243.51 245.13 246.61 247.93 249.09 250.10 250.98 251.73 252.37 252.90 253.33 253.48 253.05 252.03 250.53 248.68 246.58 244.35 242.05 239.62 237.08 234.51 231.99 229.60 227.41 225.50 223.95 222.78 221.71 220.63 219.55 218.49 217.48 216.54 215.69 214.94 214.33 213.89 213.62 213.52 213.58 213.77 214.10 214.52 214.91 215.14 215.15 214.90 214.36 213.49 212.25 210.60
166.63 167.29 168.73 170.93 173.84 177.44 181.70 186.51 191.52 196.42 201.18 205.77 210.19 214.32 218.07 221.47 224.53 227.31 229.82 232.10 234.17 236.08 237.85 239.48 240.97 242.31 243.53 244.62 245.59 246.47 247.26 247.97 248.60 248.98 248.82 248.12 246.98 245.53 243.83 241.83 239.57 237.13 234.57 231.99 229.45 227.04 224.83 222.91 221.29 219.78 218.27 216.79 215.36 214.01 212.74 211.59 210.57 209.70 209.01 208.54 208.29 208.25 208.41 208.74 209.09 209.34 209.42 209.30 208.95 208.31 207.36 206.06 204.37
160.60 160.89 161.96 163.75 166.26 169.43 173.25 177.67 182.61 187.71 192.69 197.51 202.03 206.17 209.93 213.35 216.46 219.29 221.87 224.23 226.41 228.43 230.32 232.10 233.74 235.26 236.66 237.94 239.14 240.24 241.27 242.24 243.15 244.00 244.64 244.78 244.42 243.62 242.37 240.70 238.68 236.40 233.93 231.36 228.75 226.20 223.77 221.54 219.56 217.67 215.82 214.02 212.29 210.66 209.14 207.77 206.55 205.51 204.67 204.05 203.70 203.61 203.75 203.99 204.17 204.25 204.18 203.92 203.45 202.71 201.67 200.29 198.54
154.97 154.95 155.70 157.16 159.32 162.13 165.56 169.59 174.18 179.23 184.41 189.32 193.83 197.95 201.71 205.14 208.28 211.15 213.78 216.21 218.47 220.59 222.60 224.51 226.30 227.97 229.54 231.01 232.40 233.72 234.98 236.19 237.36 238.49 239.60 240.52 240.94 240.74 239.97 238.69 237.00 234.96 232.65 230.17 227.57 224.94 222.36 219.91 217.63 215.45 213.33 211.28 209.33 207.50 205.81 204.29 202.94 201.80 200.89 200.22 199.82 199.71 199.75 199.79 199.77 199.66 199.43 199.02 198.41 197.55 196.41 194.95 193.13
149.74 149.48 149.96 151.15 153.02 155.53 158.65 162.34 166.58 171.31 176.32 181.16 185.63 189.72 193.46 196.89 200.03 202.93 205.61 208.09 210.42 212.63 214.74 216.76 218.68 220.49 222.22 223.87 225.44 226.96 228.44 229.87 231.28 232.68 234.06 235.41 236.47 236.90 236.68 235.88 234.57 232.85 230.79 228.46 225.95 223.32 220.67 218.07 215.57 213.17 210.85 208.63 206.53 204.58 202.79 201.19 199.80 198.64 197.72 197.08 196.71 196.49 196.30 196.12 195.89 195.59 195.18 194.61 193.85 192.87 191.61 190.05 188.15
144.92 144.48 144.76 145.74 147.38 149.64 152.51 155.93 159.86 164.12 168.55 173.08 177.46 181.50 185.21 188.63 191.77 194.68 197.38 199.91 202.30 204.58 206.78 208.90 210.93 212.88 214.75 216.55 218.30 220.01 221.68 223.33 224.97 226.61 228.23 229.75 231.12 232.15 232.55 232.30 231.47 230.14 228.39 226.30 223.94 221.40 218.75 216.07 213.43 210.88 208.44 206.12 203.96 201.96 200.15 198.55 197.18 196.07 195.23 194.67 194.25 193.83 193.42 192.99 192.55 192.04 191.44 190.70 189.78 188.66 187.28 185.61 183.61
140.51 139.94 140.09 140.92 142.39 144.48 147.14 150.34 153.86 157.53 161.35 165.31 169.40 173.36 177.03 180.41 183.54 186.45 189.17 191.73 194.16 196.49 198.77 200.98 203.11 205.17 207.17 209.12 211.03 212.91 214.77 216.62 218.48 220.32 222.10 223.77 225.29 226.65 227.65 228.02 227.74 226.87 225.51 223.73 221.61 219.22 216.65 213.97 211.27 208.65 206.16 203.82 201.65 199.68 197.92 196.40 195.14 194.15 193.44 192.87 192.30 191.70 191.08 190.43 189.75 189.03 188.22 187.30 186.22 184.93 183.42 181.63 179.52
136.51 135.89 135.96 136.70 138.07 140.03 142.54 145.39 148.37 151.48 154.73 158.12 161.67 165.35 168.94 172.28 175.38 178.28 181.00 183.57 186.04 188.42 190.75 193.03 195.25 197.42 199.53 201.61 203.67 205.71 207.74 209.78 211.82 213.83 215.75 217.57 219.25 220.78 222.12 223.09 223.43 223.11 222.21 220.82 219.00 216.84 214.42 211.82 209.12 206.51 204.05 201.76 199.68 197.81 196.18 194.81 193.72 192.91 192.24 191.55 190.83 190.07 189.26 188.41 187.51 186.56 185.54 184.42 183.16 181.71 180.05 178.12 175.90
132.94 132.32 132.38 133.09 134.41 136.29 138.51 140.86 143.33 145.91 148.63 151.50 154.52 157.70 161.03 164.29 167.35 170.22 172.93 175.50 177.98 180.40 182.77 185.12 187.41 189.67 191.89 194.08 196.27 198.45 200.65 202.85 205.05 207.20 209.27 211.26 213.11 214.82 216.34 217.66 218.60 218.89 218.54 217.61 216.17 214.32 212.13 209.67 207.06 204.53 202.17 200.02 198.08 196.39 194.97 193.82 192.96 192.23 191.48 190.68 189.83 188.92 187.95 186.92 185.82 184.65 183.41 182.08 180.62 179.00 177.17 175.10 172.75
129.80 129.24 129.35 130.09 131.40 133.06 134.83 136.70 138.69 140.79 143.02 145.40 147.93 150.62 153.49 156.51 159.49 162.32 165.00 167.57 170.05 172.48 174.89 177.28 179.64 181.96 184.27 186.57 188.88 191.19 193.53 195.89 198.23 200.54 202.78 204.93 206.96 208.85 210.57 212.10 213.39 214.29 214.55 214.15 213.18 211.71 209.82 207.59 205.14 202.76 200.58 198.63 196.93 195.49 194.34 193.48 192.74 191.96 191.13 190.23 189.27 188.23 187.12 185.93 184.66 183.29 181.83 180.28 178.62 176.81 174.81 172.58 170.09
127.09 126.65 126.87 127.67 128.82 130.07 131.42 132.85 134.40 136.06 137.85 139.78 141.86 144.10 146.51 149.11 151.87 154.63 157.26 159.80 162.28 164.71 167.14 169.56 171.97 174.36 176.74 179.13 181.54 183.98 186.46 188.97 191.47 193.94 196.36 198.69 200.91 203.00 204.92 206.66 208.17 209.44 210.30 210.52 210.08 209.06 207.55 205.62 203.40 201.25 199.33 197.66 196.26 195.15 194.33 193.63 192.88 192.06 191.17 190.20 189.14 188.00 186.76 185.43 184.00 182.46 180.81 179.04 177.17 175.16 172.97 170.58 167.93
124.82 124.56 124.92 125.62 126.41 127.28 128.23 129.27 130.42 131.68 133.07 134.59 136.27 138.10 140.10 142.28 144.65 147.19 149.77 152.27 154.71 157.14 159.57 162.01 164.45 166.89 169.34 171.80 174.32 176.90 179.53 182.20 184.87 187.52 190.12 192.64 195.06 197.35 199.49 201.44 203.18 204.69 205.93 206.75 206.92 206.44 205.38 203.82 201.91 200.07 198.48 197.16 196.14 195.41 194.79 194.11 193.36 192.52 191.58 190.56 189.43 188.19 186.85 185.40 183.83 182.13 180.31 178.36 176.27 174.05 171.67 169.09 166.28
122.99 122.95 123.25 123.65 124.10 124.61 125.21 125.90 126.70 127.60 128.63 129.79 131.10 132.56 134.19 136.00 137.99 140.19 142.57 145.00 147.41 149.81 152.23 154.68 157.14 159.61 162.11 164.66 167.31 170.04 172.84 175.68 178.53 181.36 184.15 186.88 189.50 192.01 194.36 196.55 198.53 200.28 201.77 202.98 203.76 203.88 203.35 202.24 200.72 199.26 198.07 197.18 196.59 196.10 195.55 194.90 194.16 193.31 192.36 191.29 190.11 188.80 187.38 185.82 184.12 182.29 180.32 178.20 175.92 173.49 170.91 168.14 165.16
121.57 121.55 121.59 121.68 121.83 122.04 122.33 122.71 123.19 123.78 124.49 125.33 126.31 127.45 128.75 130.23 131.89 133.74 135.80 138.06 140.41 142.77 145.17 147.62 150.08 152.57 155.13 157.81 160.62 163.52 166.49 169.51 172.55 175.58 178.57 181.50 184.34 187.07 189.66 192.08 194.31 196.31 198.07 199.55 200.72 201.45 201.52 200.94 199.88 198.87 198.17 197.75 197.45 197.06 196.57 195.97 195.26 194.42 193.47 192.38 191.16 189.81 188.31 186.67 184.88 182.93 180.82 178.55 176.11 173.49 170.70 167.73 164.56
120.30 120.06 119.85 119.68 119.57 119.52 119.54 119.65 119.86 120.17 120.60 121.16 121.86 122.72 123.73 124.91 126.28 127.84 129.60 131.58 133.77 136.08 138.44 140.86 143.32 145.85 148.54 151.38 154.35 157.43 160.58 163.79 167.03 170.26 173.46 176.61 179.68 182.65 185.47 188.14 190.62 192.89 194.91 196.67 198.14 199.28 199.95 199.97 199.44 198.97 198.79 198.71 198.54 198.25 197.84 197.31 196.64 195.84 194.90 193.81 192.58 191.19 189.65 187.94 186.06 184.01 181.79 179.39 176.80 174.02 171.05 167.88 164.51
118.86 118.40 117.98 117.59 117.26 116.99 116.79 116.67 116.64 116.73 116.92 117.24 117.70 118.31 119.08 120.01 121.13 122.43 123.94 125.66 127.61 129.77 132.08 134.46 136.94 139.60 142.44 145.45 148.60 151.87 155.22 158.62 162.06 165.51 168.94 172.32 175.62 178.83 181.90 184.83 187.57 190.11 192.42 194.46 196.22 197.67 198.77 199.39 199.47 199.57 199.76 199.86 199.82 199.65 199.34 198.89 198.29 197.54 196.64 195.57 194.34 192.94 191.36 189.60 187.67 185.54 183.22 180.70 177.99 175.06 171.93 168.58 165.01
117.16 116.54 115.94 115.38 114.86 114.41 114.03 113.72 113.51 113.40 113.40 113.53 113.79 114.19 114.75 115.48 116.39 117.48 118.77 120.28 122.00 123.95 126.14 128.52 131.12 133.94 136.95 140.15 143.48 146.94 150.49 154.11 157.76 161.44 165.09 168.71 172.26 175.72 179.05 182.25 185.26 188.08 190.68 193.02 195.08 196.83 198.26 199.32 199.98 200.50 200.90 201.16 201.28 201.24 201.06 200.71 200.20 199.52 198.66 197.63 196.42 195.03 193.44 191.65 189.67 187.48 185.09 182.48 179.65 176.60 173.33 169.82 166.07
115.32 114.56 113.83 113.13 112.48 111.88 111.35 110.89 110.53 110.26 110.11 110.07 110.17 110.41 110.80 111.36 112.09 113.01 114.13 115.45 116.99 118.76 120.92 123.52 126.28 129.26 132.45 135.82 139.34 142.99 146.74 150.56 154.43 158.32 162.20 166.05 169.84 173.55 177.14 180.60 183.89 186.98 189.86 192.49 194.85 196.92 198.65 200.02 200.97 201.71 202.31 202.76 203.04 203.16 203.11 202.88 202.47 201.88 201.10 200.12 198.95 197.57 195.99 194.19 192.18 189.95 187.50 184.81 181.89 178.73 175.33 171.68 167.78
113.64 112.77 111.93 111.12 110.35 109.63 108.98 108.40 107.91 107.52 107.24 107.07 107.03 107.13 107.38 107.80 108.38 109.15 110.11 111.28 112.67 114.44 116.96 120.01 123.07 126.20 129.52 133.04 136.71 140.52 144.43 148.43 152.48 156.56 160.64 164.70 168.70 172.62 176.44 180.13 183.66 187.00 190.13 193.03 195.66 197.99 200.00 201.55 202.61 203.48 204.27 204.92 205.38 205.66 205.76 205.66 205.37 204.87 204.17 203.26 202.14 200.80 199.23 197.43 195.41 193.14 190.64 187.89 184.88 181.63 178.11 174.33 170.37
112.14 111.19 110.26 109.36 108.50 107.70 106.95 106.28 105.69 105.19 104.80 104.52 104.37 104.36 104.50 104.79 105.25 105.90 106.73 107.78 109.19 111.35 114.34 117.84 121.35 124.75 128.20 131.82 135.62 139.55 143.60 147.73 151.93 156.16 160.40 164.63 168.80 172.91 176.92 180.80 184.54 188.09 191.44 194.56 197.43 199.99 202.13 203.75 204.91 205.87 206.77 207.59 208.25 208.71 208.96 209.01 208.84 208.45 207.85 207.01 205.95 204.65 203.11 201.33 199.30 197.01 194.47 191.66 188.59 185.25 181.63 177.81 173.95
110.80 109.79 108.81 107.84 106.92 106.05 105.23 104.48 103.82 103.24 102.77 102.41 102.18 102.08 102.12 102.32 102.69 103.23 103.97 105.07 106.90 109.56 112.98 116.88 120.82 124.68 128.38 132.10 135.97 140.00 144.14 148.38 152.69 157.04 161.41 165.76 170.08 174.34 178.50 182.55 186.45 190.18 193.72 197.03 200.07 202.73 204.89 206.57 207.82 208.86 209.83 210.74 211.56 212.20 212.63 212.83 212.80 212.53 212.03 211.28 210.29 209.05 207.55 205.78 203.76 201.46 198.89 196.04 192.91 189.49 185.86 182.18 178.50
109.59 108.56 107.54 106.54 105.57 104.66 103.80 103.00 102.29 101.66 101.13 100.71 100.42 100.25 100.23 100.36 100.66 101.14 101.95 103.50 105.85 108.97 112.78 117.04 121.37 125.66 129.81 133.77 137.71 141.79 145.99 150.30 154.69 159.12 163.58 168.03 172.46 176.82 181.10 185.28 189.31 193.19 196.87 200.32 203.41 206.04 208.22 209.95 211.29 212.41 213.43 214.37 215.26 216.06 216.66 217.03 217.14 217.01 216.62 215.98 215.07 213.89 212.44 210.71 208.70 206.40 203.82 200.94 197.76 194.35 190.88 187.39 183.89
108.50 107.46 106.43 105.42 104.44 103.51 102.62 101.81 101.07 100.41 99.85 99.40 99.07 98.87 98.80 98.89 99.15 99.73 101.03 103.13 105.97 109.50 113.65 118.21 122.89 127.57 132.15 136.55 140.72 144.84 149.07 153.41 157.84 162.32 166.83 171.35 175.84 180.29 184.65 188.92 193.05 197.03 200.81 204.26 207.29 209.88 212.06 213.84 215.26 216.46 217.52 218.49 219.38 220.22 220.98 221.51 221.79 221.80 221.54 221.00 220.18 219.08 217.69 216.01 214.03 211.74 209.15 206.25 203.11 199.89 196.63 193.34 190.02
107.54 106.49 105.47 104.46 103.49 102.57 101.69 100.88 100.14 99.48 98.91 98.46 98.11 97.90 97.82 97.89 98.28 99.37 101.25 103.87 107.16 111.06 115.49 120.32 125.29 130.31 135.28 140.11 144.72 149.05 153.29 157.63 162.06 166.56 171.09 175.64 180.16 184.65 189.07 193.39 197.58 201.62 205.35 208.69 211.63 214.18 216.36 218.18 219.68 220.95 222.06 223.04 223.93 224.74 225.52 226.19 226.64 226.80 226.68 226.26 225.55 224.54 223.22 221.59 219.65 217.39 214.80 211.97 209.03 206.05 203.01 199.93 196.79
