data_processed/recharge/precip/Precip_1993_05.asc
ncols        168
nrows        136
xllcorner    455000
yllcorner    2107000
cellsize     500
NODATA_value     -99999
[rows 68 to 101 of 136, columns 0 to 76 of 168]
24.30 24.79 25.21 25.56 25.84 26.03 26.14 26.16 26.10 25.94 25.68 25.33 24.91 24.48 24.06 23.65 23.26 22.89 22.54 22.21 21.90 21.62 21.36 21.12 20.91 20.74 20.59 20.48 20.39 20.31 20.22 20.13 20.03 19.93 19.82 19.71 19.59 19.47 19.34 19.21 19.08 18.95 18.81 18.67 18.53 18.38 18.24 18.09 17.94 17.79 17.65 17.50 17.35 17.20 17.06 16.92 16.78 16.64 16.51 16.38 16.25 16.13 16.02 15.91 15.80 15.71 15.62 15.54 15.47 15.40 15.34 15.30 15.26 15.23 15.22 15.21 15.22
24.67 25.23 25.72 26.14 26.48 26.75 26.94 27.04 27.06 26.99 26.83 26.57 26.21 25.79 25.35 24.93 24.52 24.14 23.77 23.42 23.10 22.80 22.52 22.27 22.05 21.86 21.70 21.57 21.47 21.38 21.28 21.18 21.07 20.95 20.83 20.70 20.57 20.44 20.30 20.16 20.01 19.86 19.71 19.56 19.40 19.25 19.09 18.93 18.76 18.60 18.44 18.27 18.11 17.95 17.79 17.63 17.48 17.32 17.18 17.03 16.89 16.75 16.62 16.50 16.38 16.27 16.16 16.06 15.97 15.89 15.82 15.75 15.70 15.66 15.62 15.60 15.59
25.03 25.65 26.20 26.69 27.10 27.44 27.71 27.89 28.00 28.01 27.94 27.77 27.51 27.15 26.72 26.28 25.86 25.45 25.07 24.71 24.37 24.05 23.76 23.50 23.26 23.06 22.88 22.74 22.63 22.52 22.41 22.29 22.16 22.03 21.90 21.76 21.61 21.47 21.31 21.16 21.00 20.84 20.67 20.51 20.34 20.16 19.99 19.81 19.63 19.46 19.28 19.10 18.92 18.74 18.57 18.39 18.22 18.05 17.89 17.73 17.57 17.41 17.27 17.12 16.99 16.86 16.73 16.62 16.51 16.41 16.32 16.24 16.17 16.10 16.05 16.01 15.98
25.36 26.04 26.66 27.21 27.70 28.11 28.45 28.72 28.90 29.00 29.01 28.94 28.77 28.50 28.14 27.71 27.27 26.85 26.45 26.07 25.71 25.38 25.07 24.79 24.54 24.32 24.13 23.97 23.85 23.72 23.60 23.46 23.33 23.18 23.03 22.88 22.72 22.56 22.39 22.22 22.05 21.87 21.69 21.51 21.32 21.14 20.94 20.75 20.56 20.36 20.17 19.97 19.78 19.58 19.39 19.20 19.01 18.82 18.64 18.46 18.28 18.11 17.95 17.79 17.63 17.48 17.34 17.21 17.08 16.96 16.85 16.75 16.66 16.57 16.50 16.44 16.39
25.68 26.42 27.10 27.72 28.27 28.76 29.17 29.51 29.77 29.95 30.05 30.07 29.99 29.82 29.55 29.19 28.76 28.32 27.90 27.50 27.13 26.78 26.46 26.16 25.89 25.66 25.45 25.28 25.13 25.00 24.86 24.71 24.55 24.40 24.23 24.06 23.89 23.71 23.53 23.35 23.16 22.97 22.77 22.57 22.37 22.16 21.95 21.74 21.53 21.32 21.11 20.89 20.68 20.47 20.26 20.05 19.84 19.63 19.43 19.23 19.04 18.85 18.66 18.48 18.31 18.14 17.98 17.82 17.68 17.54 17.41 17.29 17.17 17.07 16.98 16.90 16.83
25.98 26.78 27.52 28.20 28.82 29.37 29.86 30.27 30.61 30.88 31.06 31.16 31.17 31.10 30.93 30.66 30.30 29.87 29.43 29.01 28.62 28.25 27.91 27.60 27.32 27.06 26.84 26.65 26.49 26.34 26.19 26.02 25.85 25.68 25.50 25.31 25.12 24.93 24.73 24.53 24.33 24.12 23.91 23.69 23.47 23.24 23.02 22.79 22.56 22.33 22.10 21.86 21.63 21.40 21.17 20.94 20.71 20.49 20.27 20.05 19.83 19.62 19.42 19.22 19.02 18.83 18.65 18.48 18.31 18.15 18.00 17.85 17.72 17.59 17.48 17.38 17.28
26.26 27.11 27.91 28.66 29.34 29.96 30.52 31.01 31.43 31.77 32.03 32.22 32.32 32.33 32.26 32.09 31.83 31.47 31.04 30.60 30.19 29.81 29.45 29.12 28.82 28.54 28.31 28.10 27.93 27.76 27.58 27.40 27.22 27.03 26.83 26.63 26.43 26.22 26.00 25.79 25.56 25.33 25.10 24.87 24.63 24.38 24.14 23.89 23.64 23.39 23.14 22.88 22.63 22.38 22.13 21.88 21.63 21.39 21.14 20.90 20.67 20.44 20.21 19.99 19.77 19.56 19.36 19.16 18.97 18.79 18.61 18.45 18.29 18.14 18.01 17.88 17.76
26.53 27.43 28.29 29.09 29.84 30.53 31.15 31.71 32.21 32.63 32.97 33.24 33.43 33.53 33.55 33.48 33.32 33.06 32.70 32.27 31.84 31.44 31.06 30.71 30.39 30.10 29.84 29.62 29.43 29.25 29.05 28.86 28.65 28.45 28.23 28.02 27.79 27.57 27.34 27.10 26.86 26.61 26.36 26.10 25.84 25.58 25.31 25.04 24.77 24.50 24.23 23.95 23.68 23.41 23.14 22.86 22.60 22.33 22.06 21.80 21.54 21.29 21.04 20.80 20.56 20.32 20.10 19.88 19.66 19.46 19.26 19.07 18.89 18.72 18.56 18.41 18.27
26.77 27.73 28.64 29.51 30.31 31.07 31.76 32.39 32.96 33.45 33.88 34.23 34.50 34.70 34.81 34.83 34.76 34.60 34.34 33.99 33.57 33.14 32.75 32.38 32.04 31.73 31.46 31.22 31.01 30.81 30.60 30.38 30.16 29.94 29.71 29.47 29.23 28.99 28.73 28.48 28.21 27.95 27.67 27.39 27.11 26.83 26.54 26.25 25.96 25.66 25.37 25.07 24.78 24.48 24.19 23.89 23.60 23.31 23.03 22.74 22.46 22.18 21.91 21.64 21.38 21.12 20.87 20.62 20.39 20.16 19.93 19.72 19.51 19.32 19.13 18.96 18.79
27.00 28.01 28.98 29.90 30.77 31.58 32.34 33.04 33.68 34.25 34.75 35.18 35.54 35.82 36.02 36.13 36.16 36.10 35.95 35.70 35.35 34.93 34.51 34.12 33.77 33.44 33.15 32.89 32.66 32.44 32.21 31.98 31.74 31.50 31.25 31.00 30.74 30.47 30.20 29.92 29.63 29.34 29.05 28.75 28.44 28.14 27.83 27.51 27.20 26.88 26.56 26.25 25.93 25.61 25.29 24.97 24.66 24.34 24.03 23.72 23.42 23.11 22.82 22.52 22.24 21.95 21.68 21.41 21.14 20.89 20.64 20.40 20.17 19.95 19.74 19.53 19.34
27.22 28.27 29.29 30.27 31.19 32.07 32.89 33.66 34.37 35.01 35.59 36.10 36.54 36.91 37.19 37.40 37.52 37.56 37.50 37.35 37.11 36.77 36.36 35.95 35.57 35.23 34.91 34.63 34.39 34.15 33.90 33.65 33.39 33.13 32.86 32.59 32.31 32.02 31.72 31.42 31.11 30.80 30.48 30.16 29.83 29.50 29.17 28.83 28.49 28.15 27.81 27.47 27.12 26.78 26.44 26.09 25.75 25.42 25.08 24.74 24.41 24.09 23.76 23.44 23.13 22.82 22.52 22.22 21.93 21.65 21.38 21.11 20.85 20.60 20.36 20.14 19.92
27.41 28.52 29.59 30.61 31.60 32.53 33.42 34.25 35.03 35.75 36.40 36.99 37.51 37.96 38.33 38.63 38.84 38.97 39.01 38.97 38.83 38.59 38.26 37.85 37.46 37.09 36.76 36.46 36.19 35.93 35.67 35.40 35.12 34.84 34.55 34.25 33.95 33.63 33.31 32.99 32.66 32.32 31.98 31.63 31.28 30.92 30.57 30.20 29.84 29.47 29.11 28.74 28.37 28.00 27.63 27.27 26.90 26.53 26.17 25.81 25.45 25.10 24.75 24.40 24.06 23.73 23.40 23.07 22.76 22.45 22.15 21.85 21.56 21.29 21.02 20.76 20.51
27.59 28.74 29.86 30.94 31.98 32.97 33.92 34.82 35.66 36.45 37.17 37.84 38.44 38.97 39.43 39.81 40.11 40.34 40.48 40.53 40.50 40.37 40.14 39.81 39.42 39.03 38.68 38.36 38.07 37.79 37.51 37.22 36.92 36.62 36.30 35.98 35.65 35.32 34.97 34.62 34.26 33.90 33.53 33.16 32.78 32.40 32.02 31.63 31.24 30.85 30.46 30.06 29.67 29.27 28.88 28.48 28.09 27.70 27.31 26.92 26.53 26.15 25.78 25.40 25.03 24.67 24.31 23.96 23.61 23.28 22.94 22.62 22.31 22.00 21.70 21.42 21.14
27.75 28.95 30.12 31.25 32.34 33.39 34.40 35.36 36.26 37.12 37.92 38.66 39.33 39.94 40.48 40.95 41.35 41.66 41.90 42.05 42.12 42.09 41.97 41.75 41.44 41.06 40.68 40.34 40.03 39.73 39.43 39.12 38.80 38.47 38.13 37.78 37.43 37.06 36.69 36.32 35.93 35.55 35.15 34.75 34.35 33.94 33.53 33.12 32.70 32.28 31.86 31.44 31.02 30.59 30.17 29.75 29.33 28.91 28.49 28.07 27.66 27.25 26.84 26.44 26.04 25.65 25.26 24.88 24.50 24.14 23.78 23.42 23.08 22.74 22.41 22.10 21.79
27.90 29.14 30.35 31.53 32.68 33.78 34.85 35.87 36.84 37.76 38.63 39.44 40.19 40.88 41.50 42.06 42.54 42.95 43.28 43.52 43.69 43.76 43.75 43.64 43.44 43.14 42.77 42.40 42.08 41.75 41.43 41.09 40.74 40.39 40.02 39.65 39.27 38.88 38.48 38.08 37.67 37.25 36.83 36.41 35.97 35.54 35.10 34.66 34.21 33.77 33.32 32.87 32.42 31.96 31.51 31.06 30.61 30.16 29.71 29.27 28.82 28.38 27.95 27.52 27.09 26.66 26.25 25.83 25.43 25.03 24.64 24.25 23.88 23.51 23.15 22.80 22.46
28.03 29.31 30.57 31.80 32.99 34.15 35.27 36.35 37.38 38.37 39.31 40.19 41.02 41.78 42.48 43.12 43.69 44.19 44.61 44.95 45.21 45.39 45.48 45.48 45.38 45.19 44.90 44.55 44.20 43.85 43.50 43.14 42.76 42.38 41.99 41.59 41.18 40.76 40.34 39.91 39.47 39.02 38.57 38.12 37.66 37.20 36.73 36.26 35.78 35.31 34.83 34.35 33.87 33.39 32.90 32.42 31.94 31.46 30.98 30.51 30.03 29.56 29.09 28.63 28.17 27.72 27.27 26.82 26.39 25.96 25.53 25.12 24.71 24.31 23.92 23.53 23.16
28.15 29.47 30.77 32.04 33.28 34.49 35.67 36.81 37.90 38.95 39.95 40.91 41.80 42.65 43.43 44.15 44.80 45.38 45.89 46.33 46.69 46.96 47.16 47.26 47.27 47.20 47.02 46.74 46.40 46.03 45.65 45.26 44.86 44.44 44.02 43.60 43.16 42.71 42.26 41.80 41.33 40.86 40.38 39.89 39.40 38.91 38.41 37.91 37.41 36.90 36.39 35.88 35.37 34.86 34.34 33.83 33.32 32.81 32.30 31.79 31.28 30.78 30.28 29.79 29.30 28.81 28.33 27.85 27.38 26.92 26.46 26.01 25.57 25.14 24.71 24.30 23.89
28.23 29.59 30.93 32.25 33.54 34.80 36.02 37.22 38.37 39.48 40.55 41.57 42.54 43.45 44.31 45.11 45.84 46.51 47.11 47.64 48.09 48.47 48.76 48.97 49.09 49.12 49.05 48.89 48.57 48.18 47.77 47.35 46.92 46.48 46.04 45.58 45.11 44.64 44.16 43.67 43.17 42.67 42.16 41.65 41.13 40.60 40.08 39.55 39.01 38.48 37.94 37.40 36.85 36.31 35.77 35.22 34.68 34.14 33.60 33.06 32.52 31.99 31.46 30.93 30.40 29.89 29.37 28.86 28.36 27.86 27.37 26.89 26.42 25.95 25.49 25.04 24.60
28.26 29.65 31.03 32.39 33.72 35.03 36.31 37.55 38.76 39.93 41.06 42.14 43.18 44.17 45.10 45.97 46.79 47.54 48.23 48.84 49.38 49.85 50.24 50.55 50.78 50.91 50.95 50.83 50.51 50.11 49.68 49.23 48.78 48.32 47.84 47.36 46.87 46.37 45.86 45.35 44.82 44.30 43.76 43.22 42.68 42.13 41.57 41.01 40.45 39.89 39.32 38.76 38.19 37.62 37.04 36.47 35.90 35.33 34.76 34.19 33.63 33.07 32.51 31.95 31.40 30.85 30.31 29.77 29.24 28.71 28.19 27.68 27.18 26.68 26.19 25.71 25.24
28.23 29.65 31.06 32.46 33.83 35.18 36.51 37.80 39.07 40.29 41.48 42.63 43.73 44.78 45.79 46.73 47.63 48.46 49.22 49.93 50.56 51.12 51.60 52.01 52.33 52.57 52.65 52.52 52.20 51.78 51.34 50.88 50.40 49.92 49.42 48.92 48.40 47.88 47.35 46.81 46.27 45.72 45.16 44.60 44.03 43.46 42.88 42.30 41.71 41.13 40.54 39.94 39.35 38.76 38.16 37.56 36.97 36.37 35.78 35.19 34.60 34.01 33.42 32.84 32.26 31.69 31.12 30.56 30.00 29.45 28.90 28.36 27.83 27.31 26.79 26.29 25.79
28.13 29.59 31.03 32.46 33.88 35.27 36.64 37.98 39.29 40.57 41.82 43.02 44.19 45.30 46.37 47.39 48.36 49.27 50.12 50.90 51.62 52.27 52.84 53.34 53.76 54.03 54.11 53.97 53.63 53.20 52.76 52.28 51.79 51.29 50.77 50.25 49.72 49.18 48.63 48.07 47.51 46.94 46.36 45.78 45.19 44.60 44.00 43.40 42.80 42.19 41.58 40.97 40.35 39.74 39.12 38.50 37.89 37.27 36.65 36.04 35.43 34.82 34.21 33.61 33.01 32.41 31.82 31.23 30.65 30.08 29.51 28.95 28.39 27.85 27.31 26.78 26.26
27.99 29.47 30.94 32.41 33.86 35.29 36.70 38.08 39.44 40.77 42.07 43.33 44.55 45.73 46.87 47.96 48.99 49.97 50.90 51.76 52.56 53.30 53.96 54.55 55.00 55.26 55.32 55.17 54.82 54.39 53.93 53.45 52.95 52.43 51.91 51.37 50.82 50.26 49.70 49.13 48.55 47.96 47.37 46.77 46.17 45.56 44.94 44.33 43.71 43.08 42.45 41.82 41.19 40.56 39.93 39.29 38.66 38.02 37.39 36.76 36.13 35.50 34.87 34.25 33.63 33.02 32.41 31.80 31.20 30.61 30.02 29.44 28.86 28.30 27.74 27.19 26.65
27.79 29.30 30.80 32.29 33.77 35.24 36.68 38.11 39.52 40.89 42.24 43.55 44.83 46.07 47.27 48.42 49.53 50.58 51.58 52.52 53.40 54.22 54.96 55.58 56.02 56.26 56.30 56.14 55.78 55.34 54.87 54.39 53.88 53.36 52.82 52.27 51.71 51.14 50.57 49.98 49.39 48.79 48.19 47.58 46.96 46.34 45.71 45.08 44.45 43.81 43.17 42.52 41.88 41.23 40.58 39.93 39.28 38.64 37.99 37.34 36.70 36.05 35.41 34.77 34.14 33.51 32.88 32.26 31.65 31.04 30.43 29.83 29.24 28.66 28.09 27.52 26.96
27.55 29.07 30.60 32.11 33.62 35.12 36.61 38.07 39.52 40.94 42.33 43.70 45.03 46.33 47.58 48.80 49.97 51.09 52.16 53.17 54.13 55.02 55.80 56.39 56.81 57.03 57.06 56.88 56.51 56.07 55.60 55.10 54.59 54.07 53.52 52.96 52.40 51.82 51.24 50.64 50.04 49.43 48.82 48.20 47.57 46.94 46.31 45.66 45.02 44.37 43.72 43.07 42.41 41.75 41.09 40.43 39.77 39.12 38.46 37.80 37.14 36.49 35.83 35.18 34.54 33.90 33.26 32.62 32.00 31.37 30.76 30.14 29.54 28.95 28.36 27.78 27.21
27.26 28.80 30.34 31.88 33.42 34.95 36.46 37.97 39.45 40.91 42.35 43.76 45.15 46.50 47.81 49.08 50.32 51.50 52.64 53.73 54.75 55.67 56.42 56.99 57.38 57.59 57.60 57.41 57.03 56.58 56.10 55.61 55.09 54.56 54.01 53.45 52.88 52.30 51.71 51.11 50.50 49.89 49.27 48.64 48.01 47.37 46.73 46.08 45.43 44.78 44.12 43.46 42.80 42.13 41.47 40.80 40.13 39.46 38.80 38.13 37.47 36.80 36.14 35.48 34.83 34.18 33.53 32.89 32.25 31.62 30.99 30.37 29.76 29.15 28.55 27.96 27.38
26.92 28.48 30.04 31.60 33.16 34.72 36.26 37.80 39.32 40.82 42.30 43.76 45.19 46.59 47.95 49.28 50.57 51.82 53.03 54.18 55.22 56.11 56.83 57.38 57.75 57.94 57.93 57.73 57.35 56.89 56.41 55.91 55.39 54.85 54.30 53.74 53.17 52.58 51.99 51.39 50.78 50.17 49.54 48.92 48.28 47.64 46.99 46.34 45.69 45.03 44.37 43.71 43.04 42.37 41.70 41.03 40.36 39.69 39.01 38.34 37.67 37.01 36.34 35.68 35.02 34.36 33.71 33.06 32.42 31.78 31.15 30.52 29.90 29.29 28.68 28.09 27.50
26.55 28.12 29.69 31.27 32.85 34.43 36.00 37.57 39.12 40.66 42.18 43.67 45.15 46.60 48.01 49.40 50.75 52.05 53.31 54.48 55.49 56.35 57.05 57.57 57.92 58.09 58.07 57.86 57.47 57.00 56.52 56.01 55.49 54.95 54.40 53.84 53.26 52.68 52.09 51.49 50.88 50.27 49.65 49.02 48.38 47.74 47.10 46.45 45.79 45.14 44.47 43.81 43.14 42.47 41.80 41.13 40.46 39.79 39.11 38.44 37.77 37.10 36.43 35.77 35.11 34.45 33.79 33.14 32.50 31.86 31.22 30.59 29.97 29.36 28.75 28.15 27.56
26.13 27.71 29.30 30.90 32.49 34.09 35.69 37.28 38.86 40.43 41.99 43.52 45.04 46.53 48.00 49.43 50.83 52.19 53.46 54.59 55.58 56.40 57.07 57.57 57.90 58.05 58.02 57.80 57.40 56.93 56.44 55.93 55.40 54.86 54.31 53.75 53.17 52.59 52.00 51.41 50.80 50.19 49.58 48.95 48.32 47.69 47.05 46.40 45.75 45.09 44.44 43.78 43.11 42.45 41.78 41.11 40.44 39.77 39.10 38.43 37.76 37.09 36.43 35.76 35.10 34.45 33.79 33.14 32.50 31.86 31.23 30.60 29.98 29.36 28.75 28.15 27.56
25.68 27.27 28.87 30.47 32.09 33.71 35.32 36.94 38.55 40.15 41.73 43.31 44.86 46.40 47.91 49.39 50.83 52.20 53.43 54.53 55.48 56.28 56.92 57.39 57.70 57.84 57.79 57.56 57.16 56.68 56.19 55.67 55.14 54.60 54.05 53.48 52.91 52.33 51.74 51.15 50.56 49.95 49.34 48.73 48.11 47.48 46.84 46.20 45.56 44.91 44.26 43.61 42.95 42.29 41.63 40.96 40.30 39.64 38.97 38.31 37.64 36.98 36.32 35.66 35.01 34.36 33.71 33.06 32.42 31.79 31.16 30.53 29.92 29.30 28.70 28.10 27.52
25.21 26.79 28.40 30.01 31.64 33.27 34.91 36.54 38.18 39.80 41.42 43.03 44.62 46.19 47.74 49.26 50.71 52.04 53.23 54.29 55.21 55.98 56.59 57.04 57.33 57.45 57.39 57.16 56.75 56.26 55.76 55.25 54.72 54.17 53.62 53.05 52.48 51.90 51.32 50.73 50.14 49.55 48.95 48.34 47.73 47.12 46.49 45.86 45.23 44.59 43.95 43.31 42.66 42.01 41.36 40.70 40.05 39.39 38.74 38.08 37.43 36.78 36.12 35.48 34.83 34.18 33.54 32.91 32.27 31.65 31.02 30.41 29.80 29.19 28.60 28.01 27.43
24.70 26.29 27.89 29.51 31.15 32.79 34.44 36.10 37.75 39.40 41.05 42.68 44.31 45.92 47.50 49.02 50.43 51.71 52.87 53.89 54.77 55.51 56.10 56.53 56.80 56.91 56.84 56.59 56.17 55.69 55.18 54.66 54.13 53.59 53.03 52.47 51.90 51.32 50.74 50.16 49.57 48.98 48.40 47.81 47.21 46.61 46.00 45.38 44.76 44.14 43.51 42.88 42.25 41.61 40.97 40.33 39.69 39.05 38.40 37.76 37.12 36.48 35.84 35.20 34.57 33.93 33.30 32.68 32.06 31.44 30.83 30.22 29.62 29.03 28.44 27.86 27.29
24.16 25.75 27.35 28.98 30.62 32.28 33.94 35.61 37.28 38.95 40.62 42.28 43.94 45.57 47.15 48.63 49.99 51.23 52.35 53.33 54.19 54.90 55.46 55.87 56.12 56.21 56.13 55.87 55.45 54.96 54.45 53.93 53.40 52.85 52.30 51.74 51.17 50.59 50.01 49.43 48.85 48.27 47.70 47.12 46.54 45.96 45.37 44.77 44.17 43.56 42.95 42.33 41.72 41.10 40.47 39.85 39.22 38.60 37.97 37.34 36.72 36.09 35.47 34.84 34.22 33.61 32.99 32.38 31.78 31.17 30.58 29.98 29.40 28.82 28.25 27.68 27.12
23.60 25.18 26.79 28.41 30.06 31.72 33.39 35.07 36.76 38.45 40.14 41.83 43.51 45.13 46.66 48.09 49.40 50.60 51.68 52.63 53.45 54.13 54.67 55.06 55.29 55.37 55.27 55.01 54.58 54.09 53.58 53.06 52.53 51.98 51.43 50.87 50.30 49.73 49.15 48.58 48.00 47.43 46.86 46.30 45.73 45.17 44.60 44.02 43.44 42.85 42.26 41.67 41.07 40.47 39.87 39.26 38.66 38.05 37.44 36.83 36.23 35.62 35.01 34.41 33.81 33.21 32.61 32.02 31.43 30.85 30.27 29.70 29.13 28.57 28.01 27.46 26.92
23.02 24.60 26.20 27.82 29.46 31.13 32.81 34.50 36.20 37.90 39.61 41.32 42.98 44.55 46.03 47.41 48.68 49.84 50.88 51.80 52.58 53.24 53.75 54.12 54.33 54.39 54.29 54.02 53.59 53.09 52.58 52.06 51.52 50.98 50.42 49.86 49.30 48.73 48.16 47.59 47.02 46.46 45.89 45.34 44.79 44.25 43.70 43.15 42.59 42.03 41.46 40.89 40.31 39.74 39.16 38.58 37.99 37.41 36.82 36.24 35.65 35.07 34.49 33.90 33.32 32.75 32.17 31.60 31.04 30.47 29.91 29.36 28.81 28.27 27.74 27.21 26.69
