data_processed/recharge/precip/Precip_1998_04.asc
ncols        168
nrows        136
xllcorner    455000
yllcorner    2107000
cellsize     500
NODATA_value     -99999
[rows 0 to 37 of 136, columns 84 to 167 of 168]
0.40 0.50 0.60 0.71 0.83 0.95 1.08 1.22 1.37 1.52 1.69 1.86 2.06 2.27 2.49 2.74 3.00 3.28 3.58 3.91 4.26 4.63 5.03 5.45 5.90 6.39 6.90 7.44 8.01 8.61 9.25 9.92 10.63 11.36 12.14 12.95 13.79 14.67 15.59 16.54 17.54 18.57 19.64 20.75 21.90 23.09 24.32 25.54 26.57 27.36 27.91 28.24 28.36 28.27 27.98 27.51 26.87 26.06 25.09 23.97 22.71 21.33 19.83 18.21 16.50 14.70 12.90 11.15 9.47 7.88 6.36 4.93 3.58 2.32 1.16 0.09 0.00 0.00 0.00 0.00 0.00 0.00 0.00 0.00
0.49 0.59 0.69 0.80 0.92 1.04 1.17 1.31 1.45 1.60 1.76 1.94 2.12 2.33 2.54 2.78 3.04 3.31 3.61 3.93 4.27 4.63 5.02 5.44 5.89 6.36 6.86 7.40 7.96 8.56 9.19 9.85 10.54 11.27 12.04 12.84 13.67 14.54 15.45 16.39 17.37 18.39 19.45 20.55 21.68 22.86 24.08 25.29 26.31 27.09 27.64 27.98 28.11 28.03 27.77 27.33 26.72 25.94 25.01 23.94 22.74 21.41 19.97 18.43 16.79 15.06 13.27 11.47 9.75 8.11 6.56 5.10 3.73 2.46 1.29 0.22 0.00 0.00 0.00 0.00 0.00 0.00 0.00 0.00
0.58 0.68 0.78 0.89 1.01 1.13 1.26 1.39 1.54 1.69 1.84 2.01 2.19 2.38 2.59 2.82 3.07 3.34 3.63 3.94 4.27 4.63 5.01 5.42 5.85 6.32 6.81 7.34 7.89 8.48 9.10 9.75 10.44 11.16 11.91 12.70 13.52 14.38 15.27 16.20 17.17 18.18 19.22 20.30 21.43 22.59 23.79 24.99 26.00 26.77 27.33 27.67 27.81 27.75 27.51 27.09 26.51 25.77 24.88 23.86 22.71 21.44 20.06 18.58 17.01 15.36 13.64 11.86 10.10 8.42 6.84 5.35 3.96 2.68 1.51 0.44 0.00 0.00 0.00 0.00 0.00 0.00 0.00 0.00
0.67 0.77 0.87 0.98 1.09 1.22 1.34 1.48 1.62 1.77 1.92 2.08 2.26 2.44 2.64 2.86 3.10 3.36 3.64 3.94 4.26 4.61 4.98 5.38 5.81 6.27 6.75 7.26 7.81 8.39 9.00 9.64 10.31 11.02 11.76 12.53 13.34 14.19 15.07 15.98 16.94 17.93 18.96 20.03 21.14 22.28 23.47 24.65 25.65 26.42 26.97 27.32 27.46 27.42 27.20 26.81 26.25 25.55 24.70 23.72 22.62 21.41 20.09 18.67 17.17 15.60 13.96 12.26 10.52 8.81 7.19 5.68 4.28 2.98 1.81 0.74 0.00 0.00 0.00 0.00 0.00 0.00 0.00 0.00
0.76 0.86 0.96 1.07 1.18 1.30 1.43 1.56 1.70 1.84 2.00 2.16 2.33 2.50 2.69 2.90 3.13 3.38 3.65 3.94 4.25 4.59 4.95 5.34 5.76 6.20 6.67 7.18 7.71 8.28 8.87 9.50 10.16 10.85 11.58 12.34 13.14 13.97 14.84 15.74 16.68 17.65 18.67 19.72 20.81 21.94 23.11 24.27 25.26 26.02 26.57 26.92 27.07 27.05 26.84 26.47 25.95 25.28 24.47 23.53 22.48 21.32 20.06 18.71 17.28 15.78 14.22 12.60 10.95 9.27 7.63 6.09 4.67 3.36 2.18 1.12 0.20 0.00 0.00 0.00 0.00 0.00 0.00 0.00
0.85 0.94 1.04 1.15 1.26 1.38 1.51 1.64 1.78 1.92 2.07 2.23 2.40 2.57 2.75 2.95 3.16 3.40 3.66 3.94 4.24 4.56 4.91 5.29 5.69 6.13 6.59 7.08 7.60 8.15 8.74 9.35 10.00 10.68 11.39 12.13 12.91 13.73 14.58 15.47 16.39 17.35 18.35 19.38 20.45 21.56 22.72 23.86 24.83 25.59 26.14 26.48 26.65 26.63 26.44 26.09 25.60 24.96 24.19 23.29 22.29 21.18 19.98 18.69 17.33 15.90 14.42 12.89 11.32 9.73 8.12 6.57 5.13 3.81 2.63 1.58 0.66 0.00 0.00 0.00 0.00 0.00 0.00 0.00
0.94 1.03 1.13 1.23 1.34 1.46 1.59 1.71 1.85 1.99 2.14 2.30 2.46 2.63 2.81 3.00 3.20 3.42 3.67 3.93 4.22 4.53 4.87 5.24 5.63 6.05 6.49 6.97 7.48 8.02 8.59 9.19 9.82 10.48 11.18 11.91 12.67 13.47 14.30 15.17 16.08 17.02 18.00 19.01 20.07 21.16 22.29 23.42 24.37 25.12 25.66 26.01 26.18 26.17 26.00 25.67 25.20 24.59 23.86 23.01 22.05 20.99 19.84 18.62 17.32 15.97 14.56 13.11 11.63 10.13 8.62 7.11 5.66 4.33 3.15 2.10 1.20 0.44 0.00 0.00 0.00 0.00 0.00 0.00
1.02 1.11 1.21 1.31 1.42 1.54 1.66 1.79 1.92 2.06 2.21 2.37 2.53 2.69 2.87 3.05 3.24 3.45 3.68 3.93 4.21 4.51 4.83 5.18 5.56 5.96 6.40 6.86 7.35 7.87 8.43 9.01 9.62 10.27 10.95 11.66 12.41 13.19 14.01 14.86 15.74 16.66 17.62 18.62 19.65 20.73 21.84 22.94 23.88 24.62 25.15 25.50 25.67 25.68 25.52 25.21 24.76 24.19 23.49 22.67 21.76 20.75 19.66 18.50 17.27 15.98 14.65 13.29 11.89 10.48 9.06 7.65 6.25 4.92 3.73 2.69 1.80 1.07 0.47 0.00 0.00 0.00 0.00 0.00
1.10 1.19 1.29 1.39 1.50 1.62 1.74 1.86 1.99 2.13 2.28 2.43 2.59 2.75 2.93 3.10 3.29 3.49 3.70 3.94 4.20 4.48 4.79 5.12 5.49 5.88 6.30 6.74 7.22 7.72 8.26 8.83 9.42 10.05 10.71 11.41 12.13 12.90 13.69 14.52 15.39 16.29 17.23 18.20 19.22 20.27 21.35 22.44 23.36 24.08 24.61 24.96 25.13 25.14 25.00 24.71 24.29 23.74 23.07 22.30 21.43 20.47 19.43 18.33 17.16 15.95 14.69 13.40 12.10 10.77 9.45 8.13 6.83 5.56 4.38 3.35 2.47 1.74 1.12 0.59 0.14 0.00 0.00 0.00
1.18 1.27 1.37 1.47 1.58 1.69 1.81 1.93 2.06 2.20 2.34 2.49 2.65 2.81 2.98 3.16 3.34 3.53 3.73 3.95 4.19 4.46 4.75 5.07 5.42 5.79 6.19 6.62 7.08 7.57 8.09 8.63 9.21 9.82 10.47 11.14 11.85 12.59 13.36 14.17 15.02 15.90 16.81 17.77 18.76 19.78 20.85 21.91 22.82 23.52 24.04 24.39 24.56 24.58 24.45 24.18 23.78 23.25 22.62 21.89 21.06 20.15 19.16 18.12 17.01 15.87 14.68 13.47 12.25 11.02 9.79 8.57 7.37 6.20 5.08 4.07 3.19 2.43 1.77 1.20 0.71 0.30 0.00 0.00
1.26 1.35 1.45 1.55 1.65 1.76 1.88 2.00 2.13 2.26 2.40 2.55 2.70 2.86 3.03 3.20 3.38 3.57 3.76 3.97 4.20 4.45 4.72 5.03 5.36 5.71 6.10 6.51 6.95 7.41 7.91 8.44 9.00 9.59 10.21 10.86 11.55 12.27 13.02 13.81 14.63 15.49 16.38 17.31 18.28 19.28 20.32 21.36 22.24 22.94 23.45 23.79 23.97 23.99 23.87 23.61 23.23 22.73 22.13 21.43 20.65 19.78 18.85 17.86 16.82 15.74 14.63 13.50 12.35 11.21 10.07 8.95 7.86 6.80 5.78 4.82 3.92 3.11 2.41 1.80 1.27 0.82 0.45 0.15
1.34 1.43 1.52 1.62 1.72 1.83 1.95 2.07 2.19 2.32 2.46 2.61 2.76 2.91 3.08 3.25 3.42 3.61 3.80 4.00 4.21 4.45 4.71 4.99 5.30 5.64 6.00 6.39 6.81 7.26 7.74 8.24 8.78 9.35 9.95 10.58 11.24 11.94 12.67 13.43 14.23 15.07 15.93 16.84 17.78 18.76 19.77 20.79 21.65 22.33 22.83 23.16 23.34 23.37 23.25 23.01 22.65 22.18 21.61 20.95 20.20 19.38 18.50 17.56 16.58 15.57 14.53 13.47 12.41 11.35 10.31 9.28 8.29 7.34 6.42 5.52 4.63 3.79 3.04 2.39 1.83 1.35 0.94 0.61
1.42 1.50 1.59 1.69 1.79 1.90 2.01 2.13 2.25 2.38 2.52 2.66 2.81 2.96 3.12 3.29 3.46 3.64 3.83 4.03 4.24 4.46 4.70 4.96 5.25 5.57 5.91 6.28 6.68 7.11 7.56 8.05 8.56 9.11 9.69 10.29 10.93 11.61 12.31 13.05 13.82 14.63 15.48 16.35 17.27 18.22 19.21 20.20 21.04 21.70 22.19 22.51 22.69 22.72 22.62 22.39 22.05 21.60 21.06 20.43 19.72 18.94 18.11 17.23 16.31 15.36 14.39 13.41 12.43 11.45 10.50 9.57 8.67 7.82 6.97 6.13 5.29 4.46 3.67 2.98 2.38 1.86 1.43 1.07
1.49 1.57 1.66 1.76 1.86 1.96 2.07 2.19 2.31 2.44 2.57 2.71 2.85 3.01 3.16 3.33 3.50 3.68 3.87 4.07 4.27 4.48 4.71 4.95 5.22 5.51 5.84 6.18 6.56 6.96 7.40 7.86 8.35 8.87 9.42 10.01 10.62 11.27 11.95 12.66 13.41 14.19 15.01 15.86 16.75 17.67 18.63 19.59 20.41 21.05 21.53 21.84 22.02 22.05 21.95 21.74 21.41 20.99 20.47 19.88 19.21 18.47 17.69 16.86 16.00 15.11 14.21 13.30 12.40 11.51 10.64 9.81 9.00 8.21 7.42 6.63 5.85 5.07 4.29 3.57 2.93 2.38 1.91 1.52
1.56 1.64 1.73 1.83 1.92 2.03 2.13 2.25 2.37 2.49 2.62 2.76 2.90 3.05 3.20 3.36 3.53 3.71 3.90 4.10 4.30 4.51 4.72 4.95 5.20 5.47 5.77 6.09 6.45 6.83 7.24 7.67 8.14 8.64 9.16 9.72 10.31 10.93 11.58 12.27 12.99 13.74 14.53 15.35 16.21 17.11 18.04 18.97 19.76 20.39 20.85 21.16 21.32 21.36 21.27 21.06 20.76 20.35 19.86 19.30 18.66 17.97 17.24 16.46 15.66 14.83 14.00 13.16 12.34 11.53 10.75 10.00 9.25 8.51 7.78 7.04 6.31 5.58 4.85 4.14 3.47 2.88 2.38 1.96
1.63 1.71 1.80 1.89 1.99 2.09 2.19 2.30 2.42 2.54 2.67 2.80 2.94 3.09 3.24 3.40 3.57 3.75 3.93 4.13 4.33 4.53 4.75 4.97 5.19 5.44 5.72 6.02 6.35 6.70 7.08 7.50 7.94 8.41 8.91 9.44 10.00 10.59 11.22 11.87 12.57 13.29 14.05 14.84 15.67 16.54 17.44 18.34 19.11 19.71 20.15 20.45 20.61 20.65 20.56 20.37 20.08 19.69 19.23 18.69 18.10 17.45 16.75 16.03 15.28 14.52 13.75 12.98 12.23 11.51 10.81 10.11 9.42 8.73 8.05 7.36 6.68 6.00 5.33 4.66 4.00 3.38 2.85 2.40
1.70 1.78 1.86 1.95 2.05 2.15 2.25 2.36 2.47 2.59 2.71 2.84 2.98 3.12 3.28 3.44 3.61 3.78 3.97 4.16 4.36 4.56 4.77 4.98 5.20 5.43 5.68 5.96 6.26 6.59 6.94 7.33 7.74 8.18 8.66 9.16 9.69 10.26 10.85 11.48 12.14 12.84 13.57 14.33 15.13 15.96 16.83 17.70 18.44 19.02 19.45 19.74 19.89 19.92 19.84 19.66 19.38 19.01 18.57 18.07 17.50 16.89 16.24 15.57 14.87 14.17 13.47 12.77 12.10 11.44 10.80 10.15 9.51 8.87 8.23 7.60 6.96 6.34 5.71 5.09 4.48 3.87 3.31 2.83
1.77 1.84 1.93 2.01 2.11 2.20 2.30 2.41 2.52 2.64 2.76 2.88 3.02 3.16 3.31 3.47 3.64 3.82 4.00 4.19 4.39 4.59 4.79 5.00 5.22 5.44 5.67 5.91 6.19 6.49 6.82 7.17 7.56 7.97 8.42 8.89 9.39 9.93 10.49 11.09 11.72 12.38 13.08 13.81 14.58 15.38 16.22 17.05 17.77 18.32 18.73 19.01 19.15 19.18 19.10 18.93 18.66 18.31 17.90 17.42 16.89 16.32 15.71 15.08 14.44 13.80 13.16 12.53 11.92 11.32 10.72 10.12 9.53 8.93 8.34 7.75 7.17 6.59 6.01 5.44 4.88 4.32 3.77 3.26
1.83 1.91 1.99 2.07 2.16 2.25 2.35 2.46 2.56 2.68 2.80 2.92 3.06 3.20 3.35 3.51 3.68 3.85 4.03 4.22 4.41 4.61 4.81 5.02 5.23 5.45 5.67 5.89 6.14 6.41 6.71 7.04 7.39 7.78 8.19 8.63 9.10 9.61 10.14 10.71 11.30 11.93 12.60 13.30 14.03 14.80 15.60 16.40 17.09 17.62 18.01 18.27 18.41 18.43 18.36 18.18 17.93 17.60 17.20 16.75 16.25 15.72 15.16 14.57 13.99 13.40 12.82 12.26 11.70 11.14 10.59 10.03 9.48 8.93 8.38 7.84 7.30 6.77 6.24 5.71 5.19 4.68 4.17 3.68
1.89 1.97 2.05 2.13 2.21 2.31 2.40 2.50 2.61 2.72 2.84 2.96 3.10 3.24 3.39 3.55 3.72 3.89 4.07 4.25 4.44 4.64 4.84 5.04 5.25 5.46 5.67 5.89 6.11 6.35 6.62 6.92 7.24 7.59 7.97 8.38 8.82 9.30 9.80 10.33 10.89 11.49 12.12 12.79 13.48 14.21 14.98 15.75 16.40 16.91 17.28 17.53 17.65 17.68 17.60 17.43 17.19 16.87 16.49 16.07 15.60 15.10 14.58 14.05 13.51 12.98 12.45 11.94 11.42 10.91 10.39 9.88 9.37 8.86 8.36 7.86 7.37 6.87 6.39 5.91 5.43 4.97 4.51 4.05
1.95 2.03 2.10 2.18 2.27 2.35 2.45 2.55 2.65 2.76 2.88 3.00 3.14 3.28 3.43 3.59 3.76 3.93 4.11 4.29 4.47 4.67 4.86 5.06 5.26 5.47 5.68 5.88 6.10 6.31 6.55 6.82 7.11 7.43 7.78 8.15 8.56 9.00 9.47 9.96 10.49 11.06 11.65 12.28 12.94 13.64 14.37 15.10 15.72 16.20 16.55 16.78 16.90 16.91 16.83 16.67 16.43 16.13 15.77 15.37 14.93 14.47 13.99 13.50 13.01 12.53 12.05 11.57 11.10 10.62 10.15 9.68 9.21 8.74 8.28 7.82 7.37 6.92 6.48 6.04 5.61 5.18 4.77 4.36
2.01 2.08 2.16 2.23 2.31 2.40 2.49 2.59 2.69 2.80 2.92 3.05 3.18 3.33 3.48 3.63 3.80 3.97 4.14 4.32 4.51 4.69 4.89 5.08 5.28 5.48 5.68 5.89 6.09 6.30 6.51 6.74 7.00 7.28 7.60 7.94 8.31 8.72 9.15 9.61 10.11 10.63 11.19 11.78 12.41 13.06 13.76 14.45 15.04 15.49 15.82 16.03 16.13 16.14 16.06 15.90 15.67 15.38 15.04 14.67 14.26 13.82 13.38 12.93 12.49 12.05 11.61 11.17 10.73 10.29 9.86 9.43 9.00 8.57 8.15 7.73 7.32 6.91 6.50 6.11 5.72 5.33 4.96 4.59
2.07 2.14 2.21 2.28 2.36 2.44 2.53 2.63 2.73 2.84 2.96 3.09 3.23 3.37 3.52 3.68 3.84 4.01 4.18 4.36 4.54 4.72 4.91 5.10 5.30 5.49 5.69 5.89 6.08 6.28 6.48 6.69 6.91 7.16 7.44 7.75 8.09 8.45 8.85 9.27 9.73 10.22 10.74 11.29 11.88 12.50 13.15 13.81 14.37 14.79 15.09 15.28 15.37 15.37 15.29 15.13 14.91 14.63 14.31 13.95 13.57 13.17 12.76 12.35 11.95 11.54 11.14 10.73 10.33 9.93 9.53 9.14 8.74 8.35 7.97 7.59 7.21 6.84 6.48 6.12 5.77 5.43 5.09 4.76
2.12 2.19 2.26 2.33 2.41 2.49 2.57 2.67 2.77 2.89 3.01 3.14 3.28 3.42 3.57 3.72 3.88 4.05 4.22 4.40 4.57 4.76 4.94 5.13 5.32 5.51 5.70 5.89 6.08 6.27 6.46 6.65 6.85 7.07 7.31 7.58 7.88 8.21 8.57 8.95 9.37 9.82 10.31 10.82 11.37 11.95 12.56 13.18 13.70 14.09 14.37 14.54 14.61 14.60 14.51 14.35 14.14 13.87 13.56 13.23 12.87 12.50 12.13 11.76 11.39 11.01 10.64 10.27 9.90 9.54 9.17 8.81 8.45 8.10 7.75 7.41 7.07 6.73 6.41 6.08 5.77 5.46 5.17 4.88
2.18 2.24 2.30 2.37 2.45 2.53 2.62 2.72 2.82 2.94 3.06 3.19 3.33 3.47 3.62 3.77 3.93 4.10 4.26 4.44 4.61 4.79 4.97 5.15 5.33 5.52 5.71 5.89 6.08 6.26 6.45 6.63 6.81 7.00 7.20 7.44 7.70 7.99 8.31 8.66 9.04 9.45 9.89 10.36 10.87 11.41 11.98 12.56 13.04 13.40 13.65 13.80 13.86 13.84 13.74 13.58 13.37 13.11 12.82 12.50 12.17 11.83 11.49 11.15 10.81 10.47 10.13 9.79 9.45 9.12 8.79 8.46 8.13 7.81 7.50 7.19 6.88 6.58 6.29 6.01 5.73 5.46 5.19 4.94
2.23 2.29 2.35 2.42 2.49 2.57 2.66 2.76 2.87 2.99 3.11 3.24 3.38 3.52 3.67 3.82 3.98 4.14 4.31 4.48 4.65 4.82 5.00 5.18 5.36 5.54 5.72 5.90 6.08 6.25 6.43 6.61 6.78 6.95 7.12 7.32 7.54 7.79 8.07 8.38 8.72 9.09 9.49 9.92 10.38 10.88 11.41 11.95 12.39 12.72 12.94 13.07 13.11 13.08 12.97 12.81 12.60 12.35 12.07 11.77 11.47 11.15 10.84 10.53 10.22 9.91 9.60 9.29 8.98 8.68 8.38 8.08 7.79 7.50 7.22 6.94 6.67 6.40 6.14 5.89 5.64 5.41 5.18 4.96
2.27 2.33 2.39 2.46 2.54 2.62 2.71 2.82 2.93 3.04 3.17 3.30 3.44 3.58 3.72 3.88 4.03 4.19 4.35 4.52 4.69 4.86 5.03 5.21 5.38 5.55 5.73 5.90 6.08 6.25 6.42 6.59 6.75 6.91 7.07 7.23 7.41 7.62 7.86 8.13 8.43 8.75 9.11 9.50 9.92 10.37 10.86 11.35 11.76 12.05 12.25 12.35 12.37 12.32 12.21 12.05 11.84 11.60 11.33 11.05 10.77 10.48 10.20 9.91 9.63 9.34 9.06 8.78 8.50 8.23 7.96 7.69 7.43 7.17 6.91 6.67 6.42 6.19 5.96 5.74 5.53 5.32 5.13 4.94
2.32 2.37 2.43 2.51 2.58 2.67 2.77 2.87 2.98 3.10 3.23 3.36 3.49 3.64 3.78 3.93 4.09 4.24 4.40 4.57 4.73 4.90 5.07 5.24 5.41 5.58 5.74 5.91 6.08 6.24 6.41 6.57 6.72 6.87 7.02 7.17 7.32 7.48 7.68 7.90 8.16 8.44 8.76 9.10 9.48 9.89 10.33 10.78 11.14 11.40 11.56 11.64 11.65 11.58 11.46 11.29 11.08 10.85 10.59 10.34 10.08 9.82 9.56 9.30 9.04 8.78 8.52 8.27 8.02 7.77 7.53 7.29 7.05 6.82 6.59 6.38 6.16 5.96 5.76 5.57 5.38 5.21 5.04 4.89
2.36 2.42 2.48 2.56 2.64 2.73 2.83 2.93 3.05 3.17 3.29 3.42 3.56 3.70 3.84 3.99 4.14 4.30 4.46 4.62 4.78 4.94 5.11 5.27 5.43 5.60 5.76 5.92 6.08 6.24 6.40 6.55 6.70 6.84 6.98 7.12 7.25 7.38 7.53 7.71 7.92 8.16 8.43 8.73 9.06 9.42 9.82 10.22 10.54 10.77 10.90 10.95 10.93 10.85 10.72 10.55 10.34 10.11 9.87 9.64 9.40 9.16 8.93 8.69 8.45 8.22 7.99 7.76 7.53 7.31 7.09 6.88 6.67 6.46 6.26 6.07 5.89 5.71 5.54 5.37 5.22 5.07 4.94 4.81
2.41 2.47 2.53 2.61 2.70 2.79 2.89 3.00 3.11 3.23 3.36 3.49 3.62 3.76 3.91 4.05 4.21 4.36 4.51 4.67 4.83 4.99 5.15 5.31 5.47 5.62 5.78 5.94 6.09 6.24 6.39 6.53 6.67 6.81 6.94 7.06 7.18 7.30 7.41 7.55 7.71 7.91 8.13 8.38 8.67 8.98 9.33 9.69 9.97 10.15 10.25 10.28 10.24 10.14 10.00 9.81 9.61 9.39 9.18 8.96 8.75 8.53 8.32 8.10 7.89 7.68 7.47 7.26 7.06 6.86 6.66 6.47 6.29 6.10 5.93 5.76 5.60 5.45 5.30 5.17 5.04 4.92 4.81 4.71
2.46 2.52 2.59 2.67 2.76 2.86 2.96 3.07 3.18 3.30 3.43 3.56 3.69 3.83 3.98 4.12 4.27 4.42 4.57 4.73 4.88 5.04 5.19 5.35 5.50 5.65 5.80 5.95 6.10 6.24 6.38 6.52 6.65 6.78 6.90 7.01 7.12 7.23 7.32 7.42 7.54 7.69 7.86 8.07 8.30 8.57 8.87 9.18 9.42 9.56 9.63 9.63 9.56 9.45 9.29 9.10 8.91 8.71 8.52 8.32 8.12 7.92 7.73 7.53 7.34 7.15 6.96 6.77 6.59 6.41 6.24 6.07 5.91 5.75 5.60 5.45 5.32 5.19 5.06 4.95 4.85 4.75 4.67 4.59
2.51 2.58 2.65 2.74 2.83 2.93 3.03 3.14 3.26 3.38 3.50 3.63 3.77 3.91 4.05 4.19 4.34 4.49 4.64 4.79 4.94 5.09 5.24 5.39 5.54 5.68 5.83 5.97 6.11 6.25 6.38 6.51 6.63 6.75 6.86 6.97 7.07 7.16 7.25 7.32 7.40 7.50 7.63 7.79 7.97 8.19 8.44 8.70 8.89 9.00 9.03 9.00 8.91 8.77 8.60 8.43 8.25 8.07 7.89 7.71 7.53 7.35 7.17 6.99 6.82 6.65 6.48 6.31 6.15 5.99 5.83 5.68 5.54 5.40 5.27 5.15 5.03 4.92 4.82 4.73 4.65 4.58 4.52 4.47
2.57 2.64 2.72 2.81 2.90 3.00 3.11 3.22 3.34 3.46 3.58 3.71 3.85 3.99 4.13 4.27 4.41 4.56 4.70 4.85 5.00 5.14 5.29 5.44 5.58 5.72 5.86 5.99 6.13 6.26 6.38 6.50 6.61 6.72 6.83 6.92 7.01 7.09 7.17 7.24 7.29 7.35 7.43 7.54 7.67 7.84 8.04 8.25 8.39 8.46 8.45 8.39 8.27 8.13 7.96 7.80 7.64 7.47 7.31 7.14 6.98 6.81 6.65 6.49 6.33 6.17 6.02 5.87 5.72 5.58 5.45 5.32 5.19 5.07 4.96 4.86 4.76 4.67 4.59 4.52 4.46 4.41 4.37 4.34
2.64 2.71 2.79 2.88 2.98 3.08 3.19 3.30 3.42 3.54 3.67 3.80 3.93 4.07 4.21 4.35 4.49 4.63 4.78 4.92 5.06 5.20 5.35 5.49 5.62 5.76 5.89 6.02 6.15 6.27 6.38 6.49 6.60 6.70 6.79 6.88 6.96 7.03 7.10 7.15 7.20 7.23 7.27 7.33 7.41 7.53 7.67 7.83 7.93 7.95 7.91 7.81 7.68 7.53 7.38 7.23 7.08 6.93 6.77 6.62 6.47 6.32 6.17 6.02 5.88 5.74 5.60 5.46 5.33 5.21 5.09 4.97 4.86 4.76 4.67 4.58 4.50 4.43 4.37 4.32 4.28 4.24 4.22 4.21
2.71 2.79 2.87 2.96 3.06 3.17 3.28 3.39 3.51 3.63 3.76 3.89 4.02 4.16 4.29 4.43 4.57 4.71 4.85 4.99 5.13 5.27 5.41 5.54 5.67 5.80 5.93 6.05 6.17 6.28 6.39 6.49 6.59 6.68 6.76 6.84 6.91 6.97 7.02 7.07 7.10 7.13 7.14 7.15 7.19 7.25 7.34 7.45 7.49 7.47 7.39 7.27 7.14 7.00 6.86 6.72 6.58 6.44 6.30 6.15 6.01 5.87 5.74 5.60 5.47 5.34 5.22 5.09 4.98 4.87 4.76 4.66 4.57 4.48 4.40 4.33 4.27 4.21 4.17 4.13 4.11 4.09 4.09 4.09
2.79 2.87 2.96 3.05 3.15 3.26 3.37 3.49 3.61 3.73 3.85 3.98 4.12 4.25 4.39 4.52 4.66 4.80 4.93 5.07 5.20 5.34 5.47 5.60 5.73 5.85 5.97 6.08 6.19 6.30 6.40 6.50 6.58 6.67 6.74 6.81 6.86 6.92 6.96 6.99 7.01 7.02 7.02 7.01 7.00 7.01 7.05 7.10 7.10 7.03 6.92 6.80 6.67 6.54 6.41 6.28 6.14 6.01 5.88 5.75 5.61 5.49 5.36 5.23 5.11 4.99 4.88 4.77 4.67 4.57 4.47 4.39 4.31 4.23 4.17 4.11 4.06 4.02 3.99 3.97 3.96 3.96 3.97 3.99
2.87 2.96 3.05 3.15 3.25 3.36 3.47 3.59 3.71 3.83 3.96 4.09 4.22 4.35 4.48 4.62 4.75 4.88 5.02 5.15 5.28 5.41 5.54 5.66 5.78 5.90 6.01 6.12 6.23 6.32 6.42 6.50 6.58 6.65 6.72 6.77 6.82 6.86 6.89 6.91 6.92 6.92 6.91 6.89 6.85 6.81 6.80 6.79 6.74 6.64 6.52 6.40 6.28 6.16 6.03 5.90 5.78 5.65 5.53 5.40 5.28 5.16 5.04 4.92 4.81 4.70 4.60 4.50 4.40 4.31 4.23 4.15 4.08 4.02 3.97 3.92 3.88 3.86 3.84 3.83 3.83 3.85 3.87 3.91
2.96 3.05 3.15 3.25 3.35 3.46 3.58 3.69 3.81 3.94 4.06 4.19 4.32 4.45 4.58 4.72 4.85 4.98 5.11 5.24 5.37 5.49 5.61 5.73 5.85 5.96 6.06 6.16 6.26 6.35 6.43 6.51 6.58 6.65 6.70 6.75 6.78 6.81 6.83 6.84 6.84 6.82 6.80 6.76 6.71 6.65 6.59 6.53 6.43 6.32 6.21 6.09 5.97 5.85 5.73 5.61 5.49 5.37 5.25 5.13 5.01 4.90 4.79 4.68 4.57 4.47 4.37 4.28 4.19 4.11 4.04 3.97 3.91 3.86 3.81 3.78 3.75 3.73 3.72 3.73 3.74 3.77 3.80 3.85
