data_processed/recharge/precip/Precip_2007_05.asc
ncols        168
nrows        136
xllcorner    455000
yllcorner    2107000
cellsize     500
NODATA_value     -99999
[rows 0 to 33 of 136, columns 76 to 151 of 168]
110.08 112.67 115.52 118.80 122.88 127.88 133.71 140.29 147.52 155.30 163.55 172.17 181.07 190.16 199.34 208.50 217.26 225.11 231.80 237.22 241.21 243.66 244.34 243.17 240.37 236.26 231.12 225.24 218.76 211.58 203.76 195.43 186.73 177.78 168.74 159.73 150.90 142.38 134.30 126.81 120.04 114.06 108.82 104.24 100.22 96.67 93.50 90.55 87.69 84.92 82.26 79.72 77.30 75.07 73.11 71.43 70.00 68.81 67.85 67.10 66.56 66.21 66.03 66.02 66.15 66.33 66.17 65.30 63.57 60.84 56.97 51.95 46.92 42.81 39.75 37.85
106.77 109.36 112.35 116.17 120.93 126.55 132.93 140.00 147.64 155.77 164.31 173.14 182.19 191.35 200.54 209.66 218.60 226.97 234.20 240.06 244.41 247.13 248.02 247.04 244.43 240.50 235.53 229.69 222.96 215.42 207.20 198.43 189.25 179.80 170.21 160.63 151.18 142.02 133.26 125.06 117.55 110.85 105.02 99.98 95.64 91.90 88.68 85.75 82.91 80.15 77.49 74.94 72.57 70.46 68.64 67.07 65.74 64.65 63.77 63.10 62.62 62.32 62.18 62.19 62.34 62.61 62.90 62.74 61.74 59.75 56.62 52.35 48.09 44.77 42.55 41.51
103.35 106.03 109.55 114.03 119.40 125.57 132.43 139.91 147.89 156.30 165.04 174.01 183.13 192.29 201.42 210.41 219.17 227.59 235.25 241.56 246.28 249.27 250.37 249.59 247.17 243.42 238.54 232.57 225.62 217.81 209.29 200.19 190.64 180.79 170.77 160.72 150.77 141.07 131.74 122.94 114.78 107.42 100.97 95.46 90.79 86.87 83.59 80.68 77.84 75.09 72.43 69.94 67.71 65.77 64.08 62.64 61.44 60.45 59.67 59.09 58.68 58.45 58.36 58.41 58.59 58.88 59.27 59.63 59.46 58.32 56.04 52.62 49.24 46.83 45.54 45.38
100.00 103.19 107.37 112.46 118.37 125.00 132.27 140.07 148.32 156.93 165.79 174.83 183.94 193.04 202.02 210.80 219.29 227.39 234.98 241.63 246.71 249.99 251.31 250.73 248.50 244.89 240.00 233.95 226.87 218.91 210.19 200.86 191.06 180.91 170.57 160.15 149.81 139.68 129.89 120.58 111.89 103.96 96.92 90.90 85.90 81.78 78.44 75.53 72.70 69.95 67.36 65.04 63.00 61.22 59.69 58.39 57.32 56.46 55.79 55.31 54.99 54.83 54.81 54.92 55.14 55.47 55.88 56.36 56.78 56.57 55.26 52.81 50.40 49.02 48.69 48.93
97.26 101.10 105.88 111.50 117.87 124.89 132.48 140.54 148.99 157.71 166.64 175.66 184.69 193.63 202.40 210.90 219.03 226.71 233.84 240.30 245.64 249.20 250.74 250.36 248.33 244.82 239.98 233.95 226.86 218.84 210.05 200.60 190.64 180.31 169.74 159.07 148.44 137.99 127.84 118.14 109.03 100.64 93.11 86.57 81.15 76.82 73.41 70.50 67.69 65.02 62.63 60.51 58.66 57.06 55.70 54.56 53.64 52.92 52.38 52.01 51.79 51.72 51.78 51.96 52.24 52.61 53.06 53.56 54.12 54.58 54.31 52.93 51.63 51.28 51.45 51.66
95.40 99.83 105.13 111.20 117.95 125.30 133.14 141.38 149.94 158.71 167.61 176.54 185.42 194.14 202.61 210.75 218.45 225.64 232.20 238.06 243.09 246.81 248.58 248.43 246.63 243.32 238.64 232.73 225.73 217.77 209.00 199.54 189.54 179.12 168.44 157.63 146.81 136.14 125.74 115.76 106.33 97.59 89.67 82.71 76.86 72.21 68.72 65.82 63.10 60.65 58.48 56.58 54.94 53.53 52.36 51.40 50.63 50.06 49.66 49.42 49.32 49.36 49.51 49.77 50.12 50.55 51.05 51.59 52.18 52.78 53.26 53.04 52.85 53.10 53.35 53.55
94.45 99.39 105.13 111.58 118.64 126.23 134.25 142.60 151.19 159.94 168.74 177.51 186.15 194.57 202.68 210.38 217.59 224.20 230.13 235.28 239.57 242.86 244.80 245.01 243.53 240.52 236.11 230.43 223.63 215.84 207.19 197.83 187.88 177.50 166.81 155.95 145.07 134.28 123.74 113.58 103.94 94.95 86.75 79.48 73.28 68.27 64.57 61.75 59.27 57.07 55.15 53.48 52.06 50.86 49.88 49.11 48.52 48.11 47.86 47.76 47.79 47.95 48.21 48.57 49.01 49.51 50.07 50.67 51.29 51.93 52.56 53.11 53.60 54.04 54.39 54.66
93.45 98.87 105.01 111.80 119.13 126.91 135.06 143.48 152.07 160.74 169.41 177.97 186.34 194.42 202.12 209.34 216.00 222.00 227.25 231.65 235.13 237.77 239.67 240.25 239.21 236.59 232.54 227.18 220.67 213.13 204.71 195.53 185.75 175.48 164.88 154.07 143.20 132.40 121.81 111.57 101.81 92.66 84.28 76.79 70.32 65.03 61.02 58.15 55.91 53.98 52.31 50.88 49.69 48.72 47.95 47.37 46.97 46.73 46.65 46.70 46.87 47.16 47.54 48.01 48.54 49.13 49.76 50.42 51.10 51.77 52.44 53.09 53.77 54.40 54.92 55.32
91.30 97.18 103.72 110.84 118.43 126.41 134.69 143.17 151.75 160.35 168.87 177.22 185.31 193.05 200.33 207.08 213.19 218.57 223.13 226.79 229.62 231.95 233.68 234.35 233.73 231.58 227.96 223.01 216.87 209.66 201.54 192.63 183.07 173.00 162.56 151.88 141.10 130.37 119.80 109.55 99.74 90.52 82.03 74.39 67.75 62.24 57.96 54.79 52.52 50.83 49.41 48.24 47.28 46.54 45.98 45.61 45.40 45.35 45.43 45.65 45.97 46.39 46.90 47.48 48.12 48.80 49.51 50.24 50.98 51.70 52.39 53.07 53.80 54.58 55.30 55.89
88.01 94.35 101.29 108.74 116.60 124.77 133.18 141.71 150.29 158.81 167.19 175.33 183.14 190.53 197.40 203.66 209.22 213.99 217.87 220.94 223.46 225.58 227.12 227.65 227.16 225.48 222.37 217.89 212.19 205.39 197.64 189.07 179.82 170.02 159.82 149.34 138.73 128.13 117.67 107.48 97.71 88.49 79.95 72.25 65.52 59.86 55.35 51.88 49.33 47.62 46.44 45.52 44.81 44.30 43.97 43.81 43.80 43.94 44.20 44.58 45.06 45.63 46.27 46.97 47.72 48.50 49.30 50.11 50.90 51.66 52.37 53.07 53.83 54.66 55.54 56.33
84.00 90.52 97.85 105.63 113.75 122.12 130.65 139.24 147.81 156.26 164.49 172.42 179.95 186.99 193.45 199.23 204.24 208.39 211.73 214.49 216.81 218.72 220.06 220.43 219.84 218.33 215.72 211.80 206.61 200.30 192.99 184.84 175.97 166.52 156.62 146.43 136.06 125.67 115.38 105.33 95.67 86.52 78.03 70.35 63.61 57.86 53.15 49.44 46.62 44.65 43.46 42.77 42.31 42.04 41.94 42.00 42.20 42.53 42.98 43.53 44.17 44.89 45.67 46.50 47.37 48.25 49.15 50.04 50.87 51.64 52.37 53.09 53.87 54.73 55.65 56.61
80.17 86.08 93.54 101.64 110.02 118.59 127.24 135.89 144.45 152.82 160.91 168.63 175.88 182.57 188.61 193.91 198.37 202.02 205.07 207.62 209.72 211.41 212.55 212.77 212.05 210.47 208.08 204.70 200.10 194.35 187.57 179.90 171.48 162.46 152.95 143.11 133.06 122.95 112.91 103.08 93.60 84.61 76.26 68.71 62.00 56.20 51.35 47.44 44.38 42.16 40.73 40.04 39.81 39.79 39.92 40.21 40.62 41.16 41.80 42.53 43.34 44.22 45.14 46.11 47.10 48.10 49.09 50.02 50.86 51.64 52.39 53.13 53.93 54.81 55.75 56.76
76.88 81.89 88.74 96.91 105.54 114.30 123.08 131.79 140.34 148.63 156.58 164.08 171.05 177.39 183.02 187.83 191.84 195.21 198.04 200.36 202.24 203.72 204.65 204.70 203.86 202.20 199.78 196.65 192.64 187.52 181.33 174.23 166.35 157.81 148.77 139.35 129.70 119.95 110.24 100.70 91.48 82.75 74.67 67.29 60.67 54.86 49.91 45.83 42.59 40.16 38.51 37.60 37.38 37.58 37.96 38.47 39.11 39.85 40.69 41.61 42.60 43.64 44.72 45.83 46.95 48.06 49.10 50.03 50.88 51.66 52.42 53.18 54.00 54.89 55.86 56.88
74.10 78.28 84.25 91.80 100.45 109.40 118.30 127.07 135.61 143.82 151.62 158.91 165.60 171.59 176.80 181.21 184.94 188.09 190.68 192.79 194.44 195.70 196.42 196.29 195.32 193.58 191.11 187.99 184.27 179.77 174.26 167.80 160.52 152.56 144.05 135.14 125.96 116.64 107.33 98.16 89.33 80.99 73.22 66.06 59.57 53.79 48.78 44.59 41.21 38.62 36.78 35.67 35.25 35.46 36.07 36.82 37.68 38.65 39.69 40.80 41.97 43.19 44.43 45.69 46.94 48.10 49.14 50.06 50.91 51.70 52.46 53.24 54.07 54.99 55.97 57.01
71.80 75.24 80.39 87.07 95.10 104.01 113.03 121.86 130.38 138.52 146.17 153.25 159.65 165.30 170.15 174.29 177.79 180.70 183.07 184.94 186.37 187.40 187.90 187.60 186.50 184.65 182.14 179.01 175.34 171.17 166.33 160.58 153.98 146.66 138.77 130.44 121.80 112.99 104.16 95.50 87.19 79.30 71.89 64.99 58.67 52.98 47.96 43.69 40.21 37.50 35.52 34.25 33.65 33.69 34.31 35.29 36.39 37.57 38.83 40.14 41.50 42.90 44.31 45.71 47.01 48.17 49.19 50.11 50.95 51.74 52.52 53.31 54.15 55.08 56.08 57.13
69.97 72.73 77.14 83.02 90.20 98.47 107.41 116.29 124.80 132.85 140.36 147.22 153.34 158.68 163.26 167.17 170.43 173.11 175.25 176.89 178.08 178.87 179.16 178.67 177.43 175.49 172.92 169.79 166.14 162.06 157.58 152.54 146.70 140.10 132.89 125.21 117.19 108.98 100.78 92.78 85.05 77.66 70.64 64.06 57.95 52.38 47.39 43.10 39.56 36.78 34.70 33.31 32.57 32.45 32.92 33.93 35.25 36.66 38.14 39.66 41.22 42.80 44.37 45.83 47.12 48.25 49.26 50.17 51.01 51.80 52.58 53.38 54.24 55.18 56.19 57.25
68.56 70.72 74.48 79.63 86.02 93.45 101.75 110.49 118.98 126.96 134.31 140.96 146.82 151.90 156.24 159.91 162.93 165.37 167.27 168.67 169.62 170.18 170.24 169.57 168.18 166.14 163.51 160.36 156.74 152.73 148.38 143.74 138.64 132.84 126.40 119.44 112.12 104.66 97.25 89.97 82.88 76.02 69.45 63.22 57.37 51.97 47.05 42.77 39.23 36.41 34.29 32.82 31.98 31.75 32.08 32.96 34.32 35.95 37.65 39.39 41.15 42.91 44.54 45.98 47.24 48.36 49.35 50.24 51.07 51.86 52.65 53.45 54.32 55.27 56.29 57.36
67.54 69.19 72.36 76.88 82.55 89.21 96.68 104.77 113.07 120.96 128.17 134.59 140.21 145.04 149.14 152.56 155.34 157.54 159.19 160.35 161.06 161.37 161.20 160.34 158.80 156.66 153.97 150.79 147.19 143.24 139.00 134.52 129.87 124.86 119.25 113.11 106.66 100.12 93.57 87.06 80.64 74.36 68.28 62.44 56.90 51.71 46.92 42.69 39.19 36.38 34.25 32.75 31.86 31.55 31.79 32.55 33.80 35.48 37.40 39.36 41.31 43.14 44.75 46.15 47.38 48.47 49.44 50.32 51.14 51.93 52.72 53.53 54.41 55.36 56.39 57.47
66.89 68.10 70.77 74.72 79.76 85.73 92.43 99.70 107.35 115.00 122.03 128.22 133.58 138.16 142.01 145.18 147.71 149.66 151.06 151.97 152.44 152.50 152.10 151.04 149.35 147.10 144.33 141.13 137.55 133.66 129.52 125.19 120.73 116.20 111.44 106.28 100.89 95.35 89.70 84.00 78.30 72.65 67.10 61.70 56.51 51.57 46.94 42.82 39.40 36.65 34.55 33.06 32.17 31.83 32.02 32.71 33.86 35.45 37.43 39.58 41.61 43.40 44.97 46.34 47.54 48.60 49.54 50.41 51.22 52.00 52.79 53.60 54.48 55.44 56.47 57.56
66.57 67.42 69.67 73.12 77.62 82.96 88.99 95.51 102.36 109.30 115.95 121.88 126.98 131.31 134.91 137.82 140.10 141.79 142.95 143.60 143.82 143.63 142.99 141.73 139.88 137.51 134.67 131.44 127.87 124.03 119.99 115.80 111.52 107.25 103.12 99.07 94.82 90.31 85.61 80.77 75.83 70.85 65.88 60.97 56.16 51.52 47.10 43.13 39.83 37.18 35.16 33.73 32.87 32.55 32.74 33.40 34.50 36.02 37.91 39.97 41.94 43.68 45.20 46.53 47.70 48.73 49.65 50.50 51.30 52.07 52.85 53.67 54.55 55.52 56.55 57.64
66.56 67.13 69.03 72.07 76.09 80.90 86.32 92.17 98.22 104.23 110.10 115.64 120.48 124.55 127.89 130.54 132.57 134.00 134.89 135.29 135.25 134.81 133.92 132.46 130.44 127.95 125.04 121.77 118.21 114.42 110.46 106.41 102.32 98.40 94.81 91.57 88.40 84.98 81.28 77.33 73.20 68.93 64.58 60.20 55.83 51.53 47.37 43.58 40.44 37.94 36.04 34.72 33.94 33.68 33.90 34.58 35.68 37.15 38.82 40.54 42.30 43.97 45.45 46.74 47.87 48.87 49.77 50.59 51.37 52.13 52.91 53.72 54.61 55.58 56.61 57.70
66.82 67.19 68.81 71.53 75.14 79.49 84.38 89.57 94.76 99.87 104.85 109.66 114.13 117.93 121.00 123.40 125.15 126.32 126.96 127.09 126.79 126.08 124.95 123.28 121.10 118.48 115.48 112.17 108.62 104.87 101.00 97.09 93.32 89.90 86.84 84.12 81.71 79.33 76.66 73.66 70.38 66.87 63.18 59.37 55.48 51.57 47.70 44.15 41.22 38.91 37.18 36.00 35.35 35.19 35.49 36.23 37.35 38.65 40.00 41.38 42.82 44.30 45.71 46.95 48.04 49.01 49.88 50.68 51.44 52.19 52.96 53.77 54.66 55.62 56.65 57.74
67.33 67.57 69.00 71.46 74.76 78.72 83.06 87.47 91.83 96.12 100.27 104.27 108.07 111.50 114.31 116.43 117.92 118.83 119.19 119.06 118.49 117.52 116.13 114.24 111.89 109.14 106.06 102.71 99.15 95.44 91.67 88.03 84.75 81.83 79.26 77.02 75.08 73.40 71.73 69.71 67.32 64.62 61.64 58.45 55.08 51.60 48.07 44.80 42.13 40.05 38.53 37.54 37.06 37.05 37.47 38.29 39.29 40.32 41.37 42.45 43.57 44.75 45.98 47.17 48.22 49.15 49.99 50.77 51.51 52.24 53.00 53.80 54.69 55.65 56.67 57.76
68.05 68.24 69.56 71.84 74.89 78.42 82.07 85.72 89.33 92.86 96.27 99.53 102.59 105.41 107.86 109.71 110.93 111.56 111.65 111.25 110.41 109.17 107.52 105.41 102.89 100.00 96.83 93.43 89.86 86.20 82.67 79.50 76.70 74.25 72.14 70.34 68.82 67.56 66.53 65.47 64.02 62.16 59.93 57.40 54.60 51.60 48.45 45.50 43.13 41.32 40.06 39.31 39.03 39.21 39.78 40.54 41.30 42.07 42.85 43.66 44.52 45.42 46.38 47.40 48.40 49.29 50.10 50.85 51.56 52.28 53.02 53.82 54.70 55.65 56.67 57.75
68.96 69.17 70.46 72.63 75.38 78.30 81.26 84.23 87.15 90.00 92.74 95.32 97.72 99.88 101.78 103.28 104.22 104.58 104.39 103.72 102.60 101.08 99.17 96.84 94.13 91.11 87.84 84.38 80.81 77.37 74.27 71.57 69.22 67.21 65.52 64.11 62.98 62.10 61.44 60.97 60.42 59.45 58.02 56.19 54.01 51.52 48.80 46.22 44.19 42.70 41.74 41.27 41.25 41.63 42.19 42.75 43.30 43.84 44.39 44.97 45.58 46.24 46.95 47.73 48.58 49.42 50.20 50.91 51.61 52.30 53.03 53.82 54.69 55.64 56.65 57.71
70.01 70.34 71.66 73.65 75.87 78.17 80.52 82.87 85.19 87.43 89.57 91.56 93.36 94.93 96.25 97.25 97.86 97.93 97.47 96.51 95.11 93.31 91.14 88.58 85.68 82.52 79.14 75.64 72.25 69.22 66.57 64.30 62.36 60.75 59.44 58.41 57.63 57.08 56.74 56.59 56.59 56.46 55.88 54.79 53.27 51.34 49.09 46.92 45.28 44.16 43.54 43.39 43.64 44.07 44.47 44.85 45.21 45.56 45.92 46.30 46.71 47.15 47.65 48.21 48.85 49.56 50.28 50.97 51.64 52.31 53.02 53.80 54.66 55.59 56.59 57.65
71.19 71.69 72.95 74.50 76.17 77.93 79.73 81.55 83.33 85.05 86.65 88.12 89.40 90.46 91.26 91.77 91.93 91.68 90.93 89.69 88.00 85.92 83.48 80.68 77.60 74.28 70.82 67.45 64.45 61.85 59.62 57.73 56.18 54.94 53.97 53.27 52.81 52.56 52.50 52.62 52.88 53.25 53.47 53.18 52.35 51.03 49.30 47.59 46.37 45.66 45.43 45.61 45.95 46.27 46.53 46.77 46.98 47.17 47.37 47.58 47.82 48.09 48.41 48.78 49.23 49.76 50.37 51.01 51.65 52.30 52.99 53.75 54.60 55.52 56.51 57.55
72.46 73.02 73.92 74.99 76.18 77.47 78.80 80.15 81.47 82.73 83.89 84.90 85.74 86.36 86.72 86.79 86.53 85.90 84.84 83.31 81.33 78.96 76.24 73.21 69.92 66.47 63.11 60.12 57.52 55.31 53.45 51.93 50.73 49.81 49.16 48.75 48.56 48.58 48.77 49.12 49.60 50.19 50.85 51.31 51.22 50.56 49.38 48.17 47.43 47.17 47.33 47.66 47.93 48.15 48.31 48.43 48.52 48.60 48.68 48.76 48.86 48.99 49.16 49.38 49.67 50.04 50.49 51.04 51.64 52.26 52.93 53.68 54.51 55.42 56.39 57.39
73.57 73.85 74.34 75.00 75.79 76.68 77.62 78.58 79.51 80.39 81.16 81.80 82.27 82.52 82.52 82.23 81.62 80.63 79.25 77.42 75.15 72.48 69.48 66.20 62.74 59.35 56.34 53.73 51.51 49.65 48.14 46.94 46.04 45.42 45.04 44.90 44.96 45.20 45.60 46.15 46.81 47.56 48.38 49.24 49.86 49.89 49.31 48.64 48.42 48.62 48.98 49.27 49.49 49.64 49.73 49.78 49.79 49.79 49.77 49.75 49.75 49.78 49.84 49.95 50.12 50.36 50.68 51.10 51.61 52.20 52.85 53.58 54.39 55.28 56.21 57.09
74.00 73.95 74.10 74.43 74.90 75.46 76.08 76.72 77.34 77.91 78.38 78.72 78.88 78.84 78.55 77.98 77.08 75.82 74.16 72.06 69.51 66.54 63.25 59.75 56.31 53.25 50.61 48.35 46.47 44.93 43.72 42.82 42.19 41.82 41.69 41.76 42.03 42.47 43.05 43.75 44.56 45.44 46.37 47.34 48.30 48.99 49.06 48.98 49.27 49.73 50.10 50.37 50.56 50.68 50.74 50.74 50.71 50.65 50.58 50.51 50.44 50.39 50.38 50.41 50.49 50.64 50.86 51.18 51.59 52.12 52.74 53.44 54.24 55.08 55.88 56.58
73.54 73.21 73.11 73.18 73.39 73.70 74.07 74.47 74.85 75.18 75.42 75.53 75.48 75.22 74.71 73.93 72.82 71.36 69.50 67.20 64.43 61.20 57.64 54.12 50.99 48.28 45.96 44.03 42.45 41.20 40.26 39.60 39.21 39.06 39.13 39.40 39.84 40.44 41.16 41.99 42.90 43.87 44.88 45.91 46.93 47.91 48.59 49.10 49.69 50.20 50.59 50.88 51.08 51.20 51.26 51.26 51.22 51.14 51.05 50.95 50.85 50.77 50.71 50.69 50.72 50.81 50.98 51.23 51.57 52.03 52.59 53.27 54.02 54.73 55.35 55.88
72.14 71.62 71.32 71.20 71.23 71.36 71.55 71.78 71.99 72.16 72.24 72.19 71.99 71.58 70.93 70.00 68.76 67.16 65.17 62.75 59.86 56.47 52.86 49.62 46.82 44.43 42.41 40.76 39.45 38.45 37.74 37.31 37.12 37.16 37.40 37.82 38.40 39.12 39.94 40.86 41.85 42.88 43.94 44.99 46.02 47.01 47.93 48.74 49.43 49.99 50.43 50.77 51.01 51.17 51.26 51.29 51.27 51.21 51.13 51.04 50.94 50.86 50.79 50.76 50.77 50.84 50.98 51.19 51.50 51.91 52.43 53.06 53.67 54.19 54.63 55.01
70.54 69.87 69.42 69.15 69.03 69.02 69.08 69.17 69.25 69.29 69.25 69.09 68.77 68.25 67.50 66.47 65.13 63.44 61.36 58.85 55.88 52.38 48.75 45.76 43.27 41.17 39.44 38.06 36.99 36.23 35.74 35.51 35.51 35.71 36.11 36.67 37.37 38.19 39.11 40.10 41.15 42.22 43.30 44.36 45.39 46.35 47.25 48.09 48.84 49.48 49.99 50.39 50.69 50.91 51.04 51.11 51.13 51.11 51.06 50.99 50.91 50.83 50.78 50.75 50.76 50.82 50.94 51.14 51.42 51.80 52.29 52.87 53.37 53.71 53.98 54.20
69.30 68.48 67.89 67.49 67.25 67.11 67.05 67.02 66.99 66.92 66.78 66.51 66.10 65.48 64.64 63.53 62.10 60.33 58.18 55.60 52.54 48.94 45.20 42.20 39.93 38.13 36.67 35.55 34.73 34.20 33.92 33.89 34.07 34.44 34.98 35.68 36.49 37.42 38.42 39.48 40.58 41.69 42.79 43.86 44.87 45.81 46.68 47.50 48.27 48.97 49.56 50.02 50.39 50.66 50.84 50.96 51.02 51.03 51.01 50.96 50.91 50.85 50.80 50.77 50.78 50.84 50.95 51.13 51.40 51.75 52.21 52.75 53.20 53.43 53.54 53.61
