data_processed/recharge/precip/Precip_1988_05.asc
ncols        168
nrows        136
xllcorner    455000
yllcorner    2107000
cellsize     500
NODATA_value     -99999
[rows 34 to 67 of 136, columns 0 to 76 of 168]
92.08 95.82 99.40 102.80 105.99 108.90 111.34 113.24 114.57 115.32 115.48 115.04 113.98 112.29 109.97 107.18 104.58 102.33 100.43 98.87 97.66 96.77 96.21 95.97 96.04 96.32 96.61 96.84 97.02 97.15 97.23 97.26 97.24 97.17 97.05 96.88 96.67 96.41 96.11 95.76 95.36 94.93 94.45 93.93 93.37 92.77 92.13 91.45 90.74 89.99 89.20 88.38 87.52 86.63 85.70 84.75 83.76 82.74 81.70 80.64 79.62 78.63 77.68 76.78 75.95 75.17 74.48 73.86 73.32 72.84 72.35 71.87 71.38 70.89 70.40 69.90 69.41
90.67 94.38 97.94 101.31 104.48 107.43 110.09 112.27 113.87 114.90 115.33 115.15 114.35 112.91 110.83 108.29 105.92 103.92 102.27 100.96 99.99 99.36 99.05 99.06 99.29 99.53 99.72 99.86 99.95 99.99 99.99 99.93 99.83 99.68 99.49 99.25 98.97 98.64 98.28 97.87 97.42 96.93 96.40 95.83 95.23 94.59 93.91 93.20 92.45 91.67 90.86 90.01 89.13 88.23 87.29 86.32 85.33 84.31 83.26 82.18 81.11 80.07 79.08 78.15 77.28 76.48 75.75 75.11 74.56 74.06 73.57 73.07 72.57 72.06 71.55 71.05 70.53
89.27 92.95 96.47 99.82 102.98 105.92 108.62 111.02 112.92 114.23 114.94 115.03 114.50 113.34 111.52 109.23 107.12 105.37 103.98 102.93 102.23 101.86 101.82 102.00 102.20 102.35 102.45 102.50 102.51 102.47 102.38 102.25 102.08 101.86 101.61 101.30 100.96 100.58 100.16 99.70 99.21 98.67 98.10 97.50 96.86 96.18 95.48 94.74 93.97 93.17 92.34 91.48 90.59 89.68 88.73 87.77 86.77 85.75 84.71 83.65 82.56 81.48 80.45 79.48 78.58 77.75 77.00 76.34 75.77 75.26 74.75 74.23 73.72 73.20 72.67 72.15 71.62
87.88 91.53 95.02 98.35 101.49 104.41 107.11 109.56 111.69 113.30 114.30 114.69 114.44 113.55 112.01 109.99 108.15 106.68 105.56 104.79 104.36 104.27 104.41 104.56 104.68 104.74 104.76 104.74 104.67 104.56 104.41 104.21 103.97 103.70 103.38 103.03 102.64 102.21 101.74 101.24 100.71 100.14 99.54 98.90 98.24 97.54 96.81 96.06 95.27 94.46 93.62 92.76 91.87 90.96 90.02 89.06 88.07 87.07 86.04 85.00 83.93 82.85 81.79 80.78 79.84 78.98 78.20 77.52 76.94 76.41 75.89 75.36 74.83 74.29 73.76 73.22 72.68
86.51 90.13 93.59 96.90 100.02 102.93 105.63 108.07 110.26 112.10 113.41 114.10 114.16 113.56 112.30 110.57 109.01 107.82 106.99 106.51 106.37 106.47 106.59 106.67 106.70 106.70 106.64 106.55 106.42 106.24 106.03 105.78 105.49 105.16 104.80 104.40 103.97 103.50 103.00 102.47 101.90 101.31 100.68 100.03 99.35 98.64 97.90 97.13 96.35 95.53 94.69 93.83 92.95 92.05 91.12 90.18 89.21 88.23 87.23 86.21 85.18 84.13 83.07 82.03 81.06 80.17 79.37 78.67 78.07 77.53 76.99 76.45 75.90 75.35 74.80 74.25 73.71
85.17 88.75 92.19 95.47 98.58 101.48 104.17 106.61 108.80 110.71 112.26 113.27 113.63 113.34 112.39 110.95 109.69 108.80 108.27 108.09 108.15 108.24 108.29 108.30 108.26 108.19 108.08 107.92 107.73 107.51 107.24 106.94 106.61 106.24 105.84 105.40 104.94 104.44 103.92 103.36 102.77 102.16 101.52 100.86 100.17 99.45 98.71 97.95 97.16 96.36 95.53 94.68 93.81 92.93 92.03 91.11 90.17 89.22 88.25 87.27 86.28 85.28 84.26 83.24 82.24 81.32 80.49 79.77 79.16 78.60 78.05 77.49 76.93 76.37 75.81 75.26 74.72
83.87 87.42 90.83 94.09 97.17 100.07 102.75 105.19 107.38 109.30 110.93 112.18 112.87 112.90 112.26 111.13 110.18 109.61 109.39 109.42 109.48 109.50 109.48 109.43 109.33 109.20 109.04 108.83 108.59 108.32 108.02 107.68 107.31 106.91 106.48 106.02 105.53 105.01 104.47 103.90 103.30 102.68 102.03 101.37 100.68 99.96 99.23 98.48 97.71 96.92 96.11 95.28 94.44 93.58 92.71 91.83 90.93 90.02 89.09 88.16 87.22 86.26 85.30 84.33 83.36 82.42 81.57 80.83 80.20 79.63 79.06 78.49 77.91 77.34 76.78 76.23 75.69
82.61 86.12 89.51 92.75 95.81 98.70 101.37 103.81 106.01 107.94 109.58 110.91 111.85 112.21 111.90 111.10 110.48 110.22 110.23 110.26 110.26 110.22 110.15 110.04 109.90 109.72 109.50 109.26 108.98 108.67 108.34 107.97 107.57 107.15 106.70 106.22 105.72 105.19 104.63 104.06 103.46 102.84 102.20 101.54 100.86 100.16 99.44 98.71 97.96 97.19 96.41 95.62 94.81 93.99 93.16 92.32 91.46 90.60 89.73 88.85 87.97 87.08 86.18 85.28 84.37 83.47 82.60 81.84 81.19 80.61 80.02 79.44 78.86 78.28 77.72 77.17 76.62
81.40 84.88 88.24 91.46 94.51 97.38 100.04 102.49 104.69 106.62 108.28 109.63 110.66 111.28 111.31 110.85 110.56 110.54 110.55 110.53 110.48 110.39 110.27 110.12 109.93 109.71 109.46 109.18 108.88 108.54 108.18 107.79 107.38 106.94 106.48 105.99 105.48 104.95 104.40 103.83 103.24 102.63 102.00 101.35 100.69 100.01 99.32 98.62 97.90 97.16 96.42 95.67 94.90 94.13 93.34 92.55 91.76 90.95 90.14 89.33 88.51 87.69 86.87 86.04 85.22 84.39 83.57 82.80 82.13 81.53 80.94 80.34 79.76 79.19 78.62 78.07 77.52
80.25 83.70 87.03 90.23 93.26 96.12 98.78 101.22 103.43 105.37 107.04 108.41 109.47 110.18 110.48 110.36 110.32 110.32 110.28 110.21 110.12 109.98 109.82 109.63 109.41 109.17 108.89 108.59 108.26 107.91 107.53 107.13 106.71 106.27 105.80 105.32 104.81 104.29 103.74 103.18 102.61 102.02 101.41 100.79 100.16 99.51 98.85 98.18 97.50 96.81 96.12 95.41 94.70 93.98 93.25 92.52 91.79 91.05 90.32 89.57 88.83 88.09 87.35 86.61 85.87 85.14 84.41 83.69 83.01 82.40 81.80 81.21 80.63 80.05 79.49 78.93 78.39
79.18 82.59 85.90 89.07 92.09 94.93 97.59 100.03 102.24 104.19 105.87 107.27 108.34 109.09 109.48 109.55 109.54 109.49 109.42 109.31 109.17 109.01 108.82 108.60 108.36 108.09 107.79 107.48 107.14 106.78 106.39 105.99 105.57 105.13 104.67 104.19 103.70 103.19 102.66 102.12 101.57 101.01 100.43 99.85 99.25 98.64 98.02 97.40 96.77 96.13 95.49 94.84 94.19 93.53 92.88 92.22 91.56 90.89 90.23 89.58 88.92 88.26 87.61 86.97 86.33 85.69 85.07 84.45 83.84 83.23 82.63 82.04 81.45 80.88 80.31 79.76 79.21
78.27 81.64 84.91 88.05 91.04 93.86 96.50 98.92 101.13 103.08 104.77 106.17 107.26 108.02 108.43 108.51 108.46 108.38 108.26 108.12 107.95 107.75 107.54 107.29 107.03 106.74 106.43 106.11 105.76 105.39 105.00 104.60 104.18 103.75 103.30 102.83 102.35 101.86 101.36 100.85 100.32 99.79 99.25 98.70 98.14 97.57 97.00 96.43 95.85 95.27 94.68 94.09 93.51 92.92 92.33 91.74 91.16 90.58 90.00 89.42 88.86 88.29 87.74 87.19 86.65 86.12 85.60 85.08 84.58 84.04 83.45 82.86 82.28 81.70 81.13 80.58 80.02
77.59 80.90 84.11 87.19 90.13 92.91 95.51 97.91 100.08 102.02 103.69 105.07 106.16 106.92 107.33 107.40 107.35 107.23 107.07 106.89 106.69 106.46 106.22 105.95 105.67 105.36 105.04 104.69 104.34 103.96 103.57 103.17 102.75 102.32 101.88 101.43 100.97 100.49 100.01 99.52 99.02 98.52 98.01 97.49 96.97 96.45 95.93 95.40 94.87 94.34 93.81 93.29 92.76 92.24 91.72 91.21 90.70 90.19 89.70 89.21 88.72 88.25 87.79 87.34 86.90 86.47 86.05 85.65 85.25 84.82 84.29 83.71 83.12 82.55 81.98 81.41 80.86
77.10 80.33 83.45 86.47 89.34 92.06 94.60 96.95 99.07 100.97 102.60 103.96 105.02 105.76 106.16 106.23 106.18 106.05 105.87 105.65 105.41 105.16 104.88 104.59 104.28 103.95 103.61 103.26 102.89 102.51 102.11 101.71 101.29 100.87 100.43 99.99 99.54 99.08 98.62 98.15 97.68 97.21 96.73 96.25 95.77 95.28 94.80 94.32 93.84 93.37 92.90 92.43 91.96 91.51 91.06 90.61 90.18 89.75 89.33 88.93 88.53 88.15 87.78 87.42 87.08 86.75 86.44 86.15 85.85 85.52 85.10 84.57 84.00 83.41 82.84 82.27 81.71
76.77 79.89 82.92 85.84 88.63 91.27 93.73 96.01 98.07 99.90 101.48 102.79 103.82 104.55 104.93 105.00 104.95 104.82 104.64 104.39 104.12 103.83 103.52 103.21 102.87 102.53 102.17 101.80 101.42 101.03 100.63 100.22 99.80 99.38 98.95 98.52 98.08 97.64 97.20 96.75 96.31 95.86 95.41 94.96 94.52 94.08 93.64 93.20 92.77 92.35 91.93 91.52 91.12 90.73 90.34 89.97 89.61 89.26 88.92 88.59 88.28 87.99 87.71 87.45 87.20 86.98 86.77 86.58 86.39 86.15 85.82 85.40 84.88 84.30 83.72 83.15 82.58
76.56 79.56 82.48 85.28 87.97 90.50 92.87 95.05 97.03 98.78 100.29 101.56 102.57 103.27 103.64 103.71 103.66 103.54 103.36 103.11 102.81 102.49 102.16 101.81 101.45 101.08 100.70 100.32 99.92 99.52 99.12 98.71 98.29 97.87 97.45 97.02 96.60 96.17 95.75 95.32 94.90 94.48 94.06 93.64 93.23 92.83 92.43 92.04 91.66 91.29 90.93 90.57 90.23 89.90 89.58 89.28 88.99 88.71 88.45 88.21 87.98 87.78 87.59 87.42 87.27 87.15 87.04 86.94 86.85 86.71 86.48 86.15 85.72 85.20 84.62 84.04 83.46
76.45 79.31 82.08 84.76 87.31 89.73 91.98 94.05 95.93 97.59 99.05 100.28 101.25 101.94 102.30 102.37 102.32 102.20 102.02 101.79 101.49 101.14 100.78 100.40 100.01 99.62 99.23 98.82 98.42 98.01 97.59 97.18 96.76 96.34 95.92 95.50 95.09 94.68 94.27 93.86 93.46 93.06 92.67 92.29 91.92 91.55 91.19 90.85 90.51 90.19 89.88 89.58 89.30 89.03 88.78 88.54 88.32 88.12 87.94 87.78 87.63 87.51 87.41 87.34 87.29 87.27 87.26 87.25 87.25 87.20 87.06 86.82 86.48 86.05 85.52 84.94 84.36
76.39 79.09 81.71 84.23 86.64 88.92 91.04 92.98 94.74 96.34 97.75 98.94 99.88 100.55 100.90 100.97 100.92 100.81 100.64 100.41 100.12 99.78 99.39 98.98 98.57 98.16 97.74 97.32 96.90 96.47 96.05 95.63 95.21 94.79 94.38 93.96 93.56 93.16 92.76 92.38 92.00 91.62 91.26 90.91 90.57 90.24 89.92 89.62 89.33 89.06 88.80 88.56 88.33 88.12 87.93 87.76 87.61 87.49 87.38 87.30 87.24 87.20 87.19 87.22 87.27 87.34 87.42 87.50 87.58 87.62 87.57 87.41 87.17 86.82 86.38 85.85 85.26
76.36 78.88 81.32 83.68 85.92 88.03 90.00 91.81 93.50 95.04 96.40 97.55 98.46 99.11 99.45 99.52 99.48 99.37 99.20 98.98 98.70 98.37 97.99 97.56 97.12 96.68 96.24 95.80 95.37 94.93 94.50 94.07 93.64 93.23 92.81 92.41 92.01 91.62 91.24 90.87 90.51 90.16 89.83 89.51 89.20 88.90 88.63 88.36 88.12 87.89 87.69 87.50 87.33 87.18 87.05 86.95 86.87 86.81 86.78 86.78 86.80 86.85 86.94 87.06 87.20 87.36 87.53 87.70 87.86 87.98 88.01 87.94 87.78 87.52 87.16 86.71 86.17
76.33 78.64 80.89 83.05 85.11 87.04 88.86 90.58 92.20 93.68 94.99 96.11 96.99 97.62 97.96 98.02 97.98 97.88 97.72 97.50 97.24 96.92 96.55 96.13 95.67 95.21 94.74 94.29 93.83 93.38 92.94 92.50 92.07 91.65 91.24 90.84 90.45 90.07 89.70 89.35 89.01 88.68 88.37 88.08 87.80 87.55 87.30 87.08 86.88 86.70 86.54 86.41 86.30 86.21 86.14 86.10 86.09 86.11 86.15 86.22 86.33 86.48 86.66 86.87 87.10 87.34 87.59 87.84 88.08 88.28 88.39 88.40 88.31 88.13 87.86 87.49 87.02
76.25 78.34 80.37 82.33 84.18 85.95 87.66 89.30 90.85 92.28 93.54 94.62 95.48 96.09 96.41 96.48 96.44 96.34 96.19 95.98 95.73 95.42 95.06 94.66 94.21 93.73 93.25 92.77 92.29 91.83 91.37 90.93 90.49 90.07 89.66 89.26 88.88 88.51 88.15 87.81 87.49 87.19 86.90 86.64 86.39 86.17 85.96 85.78 85.62 85.49 85.38 85.29 85.24 85.21 85.20 85.23 85.28 85.37 85.48 85.64 85.84 86.08 86.35 86.64 86.95 87.28 87.61 87.94 88.25 88.52 88.70 88.78 88.78 88.67 88.47 88.18 87.79
76.10 77.95 79.75 81.47 83.14 84.78 86.41 87.98 89.46 90.82 92.04 93.08 93.91 94.50 94.82 94.89 94.85 94.76 94.62 94.42 94.17 93.88 93.54 93.15 92.72 92.25 91.75 91.25 90.76 90.28 89.81 89.36 88.91 88.49 88.07 87.68 87.30 86.94 86.59 86.27 85.97 85.68 85.42 85.18 84.97 84.77 84.60 84.46 84.34 84.25 84.19 84.16 84.15 84.18 84.24 84.32 84.44 84.60 84.80 85.04 85.33 85.66 86.01 86.39 86.78 87.18 87.58 87.98 88.37 88.71 88.96 89.11 89.17 89.14 89.01 88.79 88.48
75.84 77.43 78.97 80.49 82.02 83.57 85.11 86.60 88.02 89.33 90.50 91.50 92.31 92.88 93.19 93.26 93.23 93.14 93.00 92.81 92.58 92.30 91.97 91.60 91.19 90.74 90.25 89.74 89.23 88.73 88.25 87.78 87.33 86.90 86.49 86.09 85.72 85.36 85.03 84.72 84.43 84.17 83.93 83.72 83.53 83.37 83.23 83.13 83.05 83.00 82.99 83.01 83.05 83.14 83.25 83.40 83.59 83.82 84.10 84.44 84.81 85.22 85.65 86.10 86.57 87.04 87.52 87.98 88.44 88.84 89.15 89.38 89.50 89.54 89.48 89.33 89.09
75.44 76.75 78.06 79.44 80.87 82.32 83.77 85.19 86.54 87.79 88.92 89.88 90.66 91.21 91.52 91.59 91.56 91.48 91.35 91.17 90.95 90.68 90.36 90.01 89.62 89.19 88.73 88.23 87.71 87.20 86.70 86.22 85.76 85.32 84.91 84.51 84.14 83.79 83.47 83.17 82.90 82.65 82.43 82.24 82.08 81.95 81.85 81.78 81.75 81.74 81.77 81.84 81.94 82.07 82.25 82.46 82.72 83.04 83.41 83.82 84.27 84.76 85.27 85.79 86.33 86.87 87.41 87.95 88.46 88.92 89.30 89.58 89.77 89.87 89.88 89.79 89.61
74.86 75.93 77.09 78.34 79.67 81.03 82.39 83.73 85.02 86.21 87.29 88.22 88.97 89.51 89.81 89.88 89.85 89.78 89.66 89.49 89.28 89.02 88.72 88.39 88.02 87.61 87.17 86.69 86.19 85.67 85.16 84.67 84.20 83.75 83.33 82.94 82.57 82.22 81.91 81.62 81.36 81.13 80.94 80.77 80.64 80.53 80.47 80.43 80.43 80.47 80.55 80.66 80.81 81.00 81.23 81.52 81.86 82.26 82.71 83.20 83.73 84.29 84.87 85.46 86.07 86.67 87.28 87.87 88.44 88.96 89.39 89.73 89.98 90.14 90.20 90.18 90.06
74.14 75.03 76.07 77.21 78.43 79.69 80.97 82.24 83.46 84.60 85.63 86.52 87.25 87.77 88.06 88.13 88.11 88.05 87.93 87.77 87.57 87.33 87.05 86.73 86.38 85.99 85.57 85.12 84.65 84.15 83.63 83.12 82.65 82.19 81.77 81.37 81.00 80.66 80.35 80.08 79.83 79.62 79.44 79.30 79.19 79.11 79.08 79.08 79.12 79.20 79.32 79.47 79.67 79.92 80.22 80.58 81.01 81.49 82.01 82.58 83.18 83.81 84.45 85.11 85.78 86.45 87.11 87.75 88.38 88.95 89.44 89.83 90.13 90.35 90.47 90.50 90.43
73.34 74.10 75.01 76.04 77.15 78.32 79.52 80.71 81.86 82.95 83.93 84.79 85.49 85.99 86.28 86.35 86.34 86.28 86.17 86.03 85.84 85.61 85.34 85.04 84.71 84.35 83.95 83.53 83.08 82.60 82.11 81.60 81.11 80.65 80.22 79.82 79.45 79.11 78.81 78.54 78.31 78.11 77.95 77.83 77.74 77.70 77.69 77.73 77.80 77.92 78.08 78.29 78.54 78.85 79.23 79.67 80.17 80.73 81.32 81.96 82.63 83.32 84.03 84.75 85.47 86.19 86.91 87.61 88.28 88.90 89.44 89.88 90.23 90.49 90.66 90.75 90.74
72.50 73.13 73.92 74.83 75.84 76.92 78.03 79.14 80.23 81.26 82.20 83.02 83.69 84.19 84.46 84.54 84.53 84.48 84.38 84.25 84.07 83.86 83.61 83.33 83.01 82.67 82.30 81.90 81.48 81.03 80.57 80.09 79.59 79.12 78.68 78.28 77.91 77.58 77.28 77.02 76.80 76.62 76.47 76.37 76.31 76.29 76.31 76.38 76.49 76.65 76.85 77.10 77.41 77.80 78.26 78.78 79.35 79.97 80.64 81.34 82.07 82.82 83.59 84.37 85.14 85.92 86.68 87.43 88.15 88.81 89.39 89.88 90.28 90.58 90.80 90.93 90.97
71.63 72.13 72.79 73.59 74.50 75.48 76.50 77.54 78.57 79.54 80.44 81.23 81.87 82.35 82.62 82.70 82.70 82.65 82.57 82.44 82.28 82.08 81.85 81.59 81.29 80.97 80.62 80.25 79.86 79.44 79.01 78.56 78.09 77.62 77.17 76.76 76.39 76.06 75.77 75.52 75.30 75.13 75.01 74.92 74.88 74.89 74.94 75.04 75.19 75.38 75.62 75.93 76.32 76.79 77.31 77.90 78.55 79.23 79.96 80.72 81.51 82.32 83.14 83.97 84.80 85.62 86.43 87.22 87.98 88.69 89.30 89.83 90.27 90.62 90.88 91.06 91.14
70.73 71.09 71.63 72.32 73.12 74.01 74.95 75.92 76.88 77.80 78.65 79.40 80.02 80.48 80.75 80.83 80.84 80.80 80.72 80.61 80.46 80.28 80.06 79.82 79.54 79.25 78.92 78.58 78.21 77.82 77.42 77.00 76.57 76.13 75.69 75.27 74.90 74.57 74.28 74.03 73.83 73.67 73.56 73.49 73.48 73.51 73.58 73.71 73.89 74.12 74.43 74.81 75.27 75.80 76.40 77.06 77.76 78.51 79.30 80.12 80.96 81.82 82.70 83.57 84.45 85.31 86.16 86.99 87.79 88.53 89.18 89.75 90.22 90.61 90.91 91.12 91.24
69.80 70.03 70.44 71.02 71.72 72.51 73.37 74.26 75.16 76.02 76.83 77.55 78.15 78.59 78.85 78.94 78.95 78.92 78.86 78.75 78.62 78.45 78.25 78.03 77.78 77.50 77.20 76.88 76.54 76.19 75.82 75.43 75.04 74.63 74.22 73.81 73.43 73.10 72.81 72.57 72.37 72.23 72.13 72.08 72.08 72.14 72.24 72.40 72.61 72.90 73.27 73.73 74.26 74.86 75.52 76.24 77.00 77.81 78.65 79.52 80.42 81.33 82.24 83.16 84.08 84.98 85.87 86.73 87.56 88.33 89.02 89.62 90.13 90.55 90.88 91.13 91.29
68.84 68.93 69.23 69.69 70.29 70.99 71.76 72.58 73.41 74.23 74.99 75.67 76.25 76.68 76.93 77.02 77.04 77.02 76.97 76.88 76.76 76.60 76.42 76.22 75.99 75.73 75.46 75.17 74.86 74.53 74.19 73.84 73.48 73.12 72.74 72.37 72.00 71.66 71.37 71.14 70.95 70.81 70.73 70.70 70.72 70.79 70.92 71.11 71.38 71.73 72.17 72.69 73.29 73.95 74.67 75.45 76.27 77.13 78.02 78.94 79.88 80.83 81.79 82.75 83.71 84.65 85.57 86.46 87.32 88.11 88.83 89.45 89.99 90.44 90.81 91.09 91.27
67.85 67.82 67.99 68.34 68.83 69.44 70.13 70.88 71.65 72.41 73.13 73.78 74.32 74.74 74.99 75.09 75.11 75.10 75.06 74.98 74.87 74.74 74.58 74.39 74.18 73.95 73.70 73.44 73.16 72.86 72.55 72.24 71.91 71.59 71.25 70.92 70.58 70.25 69.97 69.73 69.55 69.42 69.35 69.34 69.37 69.47 69.63 69.87 70.20 70.62 71.13 71.71 72.37 73.08 73.86 74.69 75.56 76.47 77.41 78.38 79.36 80.35 81.35 82.34 83.33 84.30 85.25 86.16 87.05 87.87 88.60 89.25 89.82 90.30 90.69 90.99 91.21
66.84 66.68 66.72 66.96 67.35 67.87 68.48 69.15 69.86 70.56 71.24 71.86 72.38 72.79 73.03 73.13 73.16 73.16 73.13 73.07 72.98 72.86 72.71 72.55 72.36 72.15 71.93 71.69 71.44 71.18 70.90 70.62 70.33 70.04 69.75 69.45 69.16 68.87 68.60 68.37 68.19 68.07 68.01 68.01 68.06 68.18 68.38 68.69 69.08 69.57 70.14 70.78 71.49 72.26 73.09 73.97 74.89 75.84 76.82 77.83 78.85 79.88 80.91 81.93 82.95 83.94 84.92 85.86 86.76 87.60 88.35 89.02 89.61 90.11 90.52 90.84 91.08
