data_processed/recharge/precip/Precip_1987_11.asc
ncols        168
nrows        136
xllcorner    455000
yllcorner    2107000
cellsize     500
NODATA_value     -99999
[rows 36 to 71 of 136, columns 82 to 163 of 168]
15.36 14.86 14.38 13.93 13.51 13.12 12.79 12.53 12.34 12.20 12.10 12.01 11.94 11.87 11.83 11.82 11.83 11.86 11.90 11.94 11.99 12.02 12.05 12.05 12.03 11.97 11.88 11.74 11.55 11.31 11.00 10.63 10.18 9.66 9.12 8.59 8.10 7.64 7.20 6.79 6.40 6.03 5.70 5.39 5.11 4.86 4.65 4.47 4.32 4.22 4.15 4.12 4.13 4.19 4.30 4.50 4.77 5.12 5.50 5.88 6.27 6.66 7.06 7.47 7.88 8.30 8.71 9.12 9.53 9.92 10.31 10.67 11.02 11.35 11.65 11.92 12.17 12.39 12.62 12.88 13.15 13.41
14.91 14.52 14.14 13.79 13.46 13.16 12.90 12.69 12.53 12.42 12.34 12.27 12.21 12.18 12.18 12.20 12.24 12.30 12.36 12.43 12.49 12.54 12.57 12.57 12.55 12.49 12.39 12.24 12.04 11.77 11.44 11.04 10.56 10.00 9.41 8.85 8.33 7.83 7.35 6.90 6.48 6.09 5.73 5.39 5.10 4.83 4.60 4.41 4.26 4.15 4.08 4.05 4.07 4.14 4.25 4.42 4.68 5.02 5.38 5.76 6.14 6.53 6.93 7.34 7.76 8.18 8.60 9.01 9.42 9.81 10.20 10.56 10.91 11.24 11.54 11.82 12.06 12.27 12.45 12.64 12.86 13.05
14.65 14.34 14.03 13.74 13.47 13.23 13.02 12.85 12.73 12.65 12.58 12.54 12.51 12.52 12.56 12.62 12.69 12.78 12.86 12.95 13.02 13.08 13.12 13.13 13.11 13.05 12.94 12.78 12.56 12.27 11.92 11.48 10.97 10.37 9.74 9.14 8.58 8.03 7.52 7.03 6.58 6.15 5.76 5.40 5.08 4.80 4.56 4.35 4.19 4.08 4.00 3.98 4.00 4.07 4.19 4.36 4.60 4.92 5.27 5.64 6.01 6.41 6.81 7.22 7.63 8.05 8.46 8.87 9.28 9.67 10.05 10.41 10.76 11.08 11.38 11.65 11.89 12.09 12.26 12.40 12.54 12.66
14.64 14.37 14.11 13.85 13.62 13.40 13.22 13.06 12.95 12.88 12.84 12.83 12.85 12.91 12.98 13.08 13.18 13.29 13.40 13.51 13.60 13.67 13.72 13.73 13.71 13.64 13.52 13.35 13.11 12.80 12.42 11.96 11.41 10.78 10.10 9.46 8.84 8.25 7.70 7.17 6.68 6.22 5.80 5.42 5.07 4.77 4.51 4.29 4.12 3.99 3.91 3.88 3.90 3.98 4.11 4.29 4.53 4.83 5.17 5.53 5.90 6.29 6.68 7.09 7.49 7.90 8.31 8.71 9.11 9.49 9.86 10.22 10.55 10.87 11.16 11.42 11.64 11.84 12.00 12.11 12.20 12.25
14.87 14.62 14.38 14.13 13.90 13.69 13.50 13.34 13.22 13.13 13.09 13.12 13.19 13.29 13.41 13.54 13.68 13.82 13.95 14.07 14.18 14.26 14.32 14.34 14.31 14.24 14.12 13.93 13.68 13.35 12.95 12.46 11.88 11.21 10.49 9.80 9.13 8.49 7.89 7.32 6.79 6.30 5.85 5.44 5.07 4.74 4.46 4.22 4.04 3.90 3.82 3.78 3.80 3.88 4.01 4.20 4.45 4.76 5.08 5.43 5.79 6.17 6.55 6.95 7.34 7.74 8.13 8.53 8.91 9.28 9.64 9.98 10.30 10.60 10.88 11.12 11.34 11.52 11.66 11.76 11.82 11.85
15.12 14.89 14.65 14.42 14.19 13.97 13.77 13.60 13.45 13.31 13.21 13.25 13.37 13.52 13.68 13.85 14.03 14.21 14.37 14.52 14.65 14.75 14.82 14.85 14.84 14.77 14.64 14.45 14.19 13.85 13.43 12.92 12.32 11.63 10.90 10.15 9.44 8.75 8.11 7.50 6.93 6.40 5.92 5.48 5.08 4.74 4.44 4.19 3.99 3.84 3.75 3.71 3.73 3.81 3.95 4.15 4.40 4.71 5.03 5.36 5.71 6.07 6.44 6.82 7.20 7.59 7.97 8.34 8.71 9.07 9.41 9.74 10.04 10.32 10.58 10.81 11.01 11.17 11.29 11.38 11.44 11.47
15.30 15.09 14.87 14.64 14.41 14.19 13.98 13.79 13.59 13.39 13.22 13.21 13.34 13.55 13.77 13.99 14.21 14.43 14.64 14.82 14.99 15.12 15.21 15.26 15.26 15.20 15.08 14.89 14.63 14.29 13.86 13.34 12.73 12.03 11.29 10.53 9.77 9.04 8.35 7.70 7.10 6.54 6.02 5.55 5.13 4.76 4.44 4.18 3.97 3.81 3.71 3.67 3.69 3.78 3.92 4.13 4.38 4.68 5.00 5.32 5.66 6.00 6.36 6.72 7.09 7.45 7.81 8.17 8.52 8.86 9.19 9.49 9.78 10.04 10.28 10.49 10.67 10.81 10.92 11.00 11.06 11.11
15.43 15.23 15.02 14.80 14.57 14.35 14.13 13.89 13.63 13.36 13.14 13.07 13.17 13.40 13.68 13.96 14.24 14.51 14.77 15.00 15.20 15.37 15.49 15.57 15.59 15.56 15.45 15.28 15.03 14.69 14.26 13.73 13.11 12.41 11.66 10.89 10.11 9.35 8.61 7.93 7.29 6.69 6.15 5.65 5.21 4.82 4.48 4.20 3.98 3.82 3.71 3.67 3.69 3.78 3.93 4.13 4.39 4.69 5.00 5.31 5.63 5.96 6.30 6.64 6.99 7.33 7.68 8.01 8.34 8.66 8.97 9.25 9.52 9.76 9.98 10.16 10.32 10.44 10.54 10.63 10.70 10.75
15.50 15.32 15.12 14.91 14.68 14.45 14.19 13.89 13.57 13.25 12.97 12.87 12.93 13.13 13.45 13.80 14.14 14.47 14.78 15.06 15.32 15.53 15.69 15.81 15.86 15.86 15.78 15.62 15.39 15.06 14.63 14.10 13.48 12.77 12.01 11.23 10.45 9.66 8.90 8.17 7.49 6.87 6.29 5.77 5.31 4.90 4.54 4.25 4.02 3.85 3.74 3.70 3.72 3.81 3.96 4.17 4.42 4.71 5.02 5.32 5.63 5.94 6.26 6.58 6.90 7.23 7.55 7.86 8.17 8.47 8.75 9.01 9.25 9.47 9.66 9.83 9.96 10.07 10.18 10.27 10.35 10.41
15.51 15.35 15.17 14.96 14.73 14.47 14.15 13.80 13.42 13.05 12.73 12.59 12.63 12.81 13.12 13.51 13.92 14.32 14.70 15.04 15.35 15.62 15.83 15.99 16.09 16.12 16.07 15.95 15.73 15.41 14.98 14.44 13.82 13.11 12.34 11.56 10.76 9.97 9.19 8.43 7.72 7.06 6.46 5.91 5.43 5.00 4.63 4.32 4.08 3.90 3.79 3.75 3.78 3.87 4.02 4.23 4.48 4.76 5.05 5.35 5.64 5.94 6.23 6.53 6.83 7.13 7.43 7.72 8.00 8.27 8.53 8.77 8.98 9.18 9.34 9.48 9.60 9.72 9.83 9.93 10.01 10.07
15.48 15.33 15.16 14.95 14.70 14.38 14.01 13.60 13.19 12.77 12.42 12.26 12.27 12.45 12.75 13.15 13.61 14.09 14.54 14.95 15.33 15.65 15.92 16.14 16.29 16.36 16.36 16.27 16.06 15.74 15.30 14.77 14.14 13.42 12.66 11.87 11.07 10.26 9.47 8.70 7.96 7.27 6.64 6.07 5.56 5.12 4.73 4.41 4.16 3.98 3.87 3.83 3.86 3.95 4.11 4.31 4.55 4.83 5.11 5.39 5.67 5.95 6.23 6.50 6.78 7.05 7.32 7.58 7.84 8.08 8.31 8.52 8.71 8.87 9.01 9.14 9.26 9.38 9.49 9.59 9.67 9.74
15.39 15.26 15.10 14.87 14.56 14.19 13.78 13.33 12.88 12.43 12.06 11.87 11.88 12.05 12.35 12.76 13.25 13.79 14.32 14.81 15.26 15.66 16.00 16.27 16.48 16.61 16.65 16.57 16.36 16.04 15.60 15.07 14.44 13.72 12.95 12.16 11.35 10.54 9.74 8.96 8.20 7.49 6.84 6.24 5.71 5.25 4.85 4.52 4.26 4.08 3.96 3.93 3.96 4.06 4.21 4.41 4.64 4.91 5.18 5.45 5.71 5.97 6.23 6.48 6.73 6.97 7.22 7.45 7.67 7.89 8.08 8.26 8.42 8.56 8.68 8.81 8.93 9.05 9.17 9.26 9.35 9.41
15.25 15.14 14.96 14.68 14.33 13.91 13.46 12.98 12.50 12.04 11.65 11.45 11.45 11.63 11.94 12.37 12.89 13.46 14.06 14.64 15.17 15.65 16.06 16.41 16.68 16.86 16.92 16.85 16.64 16.32 15.88 15.35 14.72 14.00 13.23 12.44 11.63 10.81 10.00 9.21 8.45 7.72 7.04 6.42 5.87 5.39 4.98 4.65 4.38 4.19 4.09 4.05 4.09 4.19 4.33 4.53 4.75 5.01 5.26 5.52 5.76 6.00 6.24 6.47 6.69 6.90 7.11 7.32 7.51 7.69 7.85 8.00 8.12 8.25 8.37 8.50 8.62 8.74 8.85 8.95 9.03 9.10
15.07 14.94 14.71 14.39 14.00 13.55 13.07 12.57 12.07 11.59 11.19 10.99 11.00 11.19 11.52 11.98 12.53 13.15 13.80 14.46 15.08 15.64 16.14 16.57 16.90 17.11 17.17 17.10 16.90 16.58 16.14 15.61 14.98 14.27 13.50 12.70 11.88 11.06 10.25 9.45 8.68 7.94 7.25 6.61 6.04 5.55 5.13 4.78 4.51 4.33 4.23 4.20 4.24 4.33 4.47 4.66 4.88 5.12 5.36 5.59 5.82 6.04 6.25 6.45 6.65 6.83 7.01 7.18 7.34 7.48 7.61 7.72 7.84 7.95 8.08 8.20 8.32 8.43 8.54 8.64 8.72 8.79
14.81 14.64 14.37 14.01 13.59 13.12 12.61 12.10 11.59 11.10 10.70 10.51 10.54 10.74 11.11 11.60 12.20 12.86 13.57 14.29 15.00 15.66 16.25 16.75 17.12 17.33 17.40 17.33 17.13 16.81 16.38 15.85 15.23 14.51 13.74 12.94 12.13 11.31 10.49 9.68 8.90 8.15 7.45 6.80 6.22 5.71 5.27 4.93 4.67 4.49 4.40 4.37 4.40 4.49 4.63 4.81 5.01 5.24 5.46 5.68 5.89 6.08 6.27 6.44 6.61 6.76 6.91 7.04 7.16 7.27 7.36 7.46 7.56 7.68 7.79 7.91 8.03 8.14 8.25 8.34 8.42 8.48
14.45 14.24 13.94 13.55 13.11 12.62 12.10 11.58 11.07 10.59 10.19 10.02 10.06 10.30 10.70 11.24 11.89 12.61 13.38 14.18 14.97 15.73 16.40 16.93 17.31 17.52 17.60 17.53 17.34 17.03 16.61 16.08 15.46 14.75 13.98 13.18 12.36 11.54 10.71 9.90 9.12 8.36 7.65 6.99 6.39 5.87 5.44 5.09 4.84 4.67 4.58 4.55 4.59 4.67 4.80 4.96 5.16 5.37 5.57 5.77 5.95 6.13 6.29 6.43 6.57 6.69 6.80 6.89 6.98 7.05 7.12 7.21 7.31 7.42 7.53 7.64 7.75 7.86 7.96 8.05 8.12 8.18
13.98 13.75 13.42 13.02 12.56 12.06 11.54 11.02 10.51 10.04 9.67 9.52 9.59 9.87 10.32 10.91 11.61 12.40 13.25 14.13 15.01 15.84 16.55 17.09 17.47 17.70 17.78 17.72 17.53 17.23 16.81 16.29 15.67 14.96 14.20 13.40 12.58 11.76 10.93 10.12 9.33 8.56 7.84 7.17 6.57 6.04 5.62 5.28 5.04 4.87 4.78 4.75 4.78 4.86 4.98 5.13 5.31 5.50 5.69 5.86 6.02 6.17 6.30 6.42 6.52 6.61 6.68 6.74 6.78 6.83 6.90 6.98 7.07 7.17 7.28 7.38 7.49 7.59 7.68 7.76 7.83 7.89
13.43 13.17 12.83 12.42 11.95 11.45 10.94 10.43 9.94 9.49 9.14 9.02 9.13 9.46 9.96 10.61 11.38 12.25 13.18 14.14 15.10 15.96 16.67 17.22 17.61 17.84 17.93 17.89 17.71 17.41 17.00 16.48 15.87 15.17 14.41 13.61 12.80 11.97 11.14 10.33 9.53 8.76 8.03 7.36 6.75 6.24 5.82 5.49 5.25 5.09 5.00 4.97 4.99 5.06 5.17 5.30 5.47 5.64 5.81 5.96 6.09 6.21 6.31 6.40 6.47 6.52 6.55 6.58 6.60 6.64 6.70 6.77 6.85 6.94 7.04 7.14 7.23 7.33 7.41 7.49 7.55 7.60
12.80 12.53 12.18 11.76 11.30 10.81 10.31 9.81 9.34 8.92 8.61 8.53 8.69 9.07 9.63 10.35 11.20 12.15 13.17 14.21 15.19 16.04 16.75 17.32 17.72 17.97 18.07 18.03 17.86 17.57 17.17 16.66 16.05 15.36 14.60 13.81 13.00 12.17 11.35 10.53 9.73 8.96 8.22 7.55 6.96 6.46 6.05 5.72 5.48 5.32 5.22 5.19 5.20 5.26 5.36 5.48 5.63 5.78 5.93 6.05 6.16 6.25 6.32 6.37 6.41 6.42 6.42 6.42 6.44 6.47 6.51 6.57 6.64 6.73 6.81 6.90 6.99 7.07 7.15 7.22 7.27 7.31
12.11 11.82 11.46 11.06 10.60 10.13 9.65 9.18 8.75 8.36 8.09 8.06 8.28 8.72 9.35 10.15 11.08 12.12 13.22 14.27 15.23 16.07 16.80 17.38 17.81 18.08 18.19 18.16 18.00 17.72 17.32 16.82 16.22 15.54 14.79 14.00 13.19 12.37 11.54 10.73 9.92 9.15 8.42 7.77 7.20 6.71 6.30 5.97 5.73 5.56 5.46 5.42 5.43 5.48 5.56 5.66 5.79 5.92 6.04 6.14 6.22 6.28 6.32 6.34 6.34 6.31 6.30 6.29 6.30 6.32 6.35 6.40 6.45 6.52 6.60 6.68 6.75 6.83 6.90 6.95 7.00 7.03
11.37 11.06 10.71 10.31 9.88 9.43 8.98 8.55 8.15 7.81 7.59 7.61 7.90 8.41 9.12 10.01 11.03 12.15 13.25 14.28 15.22 16.06 16.79 17.39 17.84 18.15 18.28 18.27 18.12 17.85 17.46 16.97 16.38 15.70 14.96 14.18 13.38 12.56 11.74 10.92 10.12 9.35 8.66 8.03 7.48 6.99 6.59 6.25 6.00 5.82 5.71 5.66 5.66 5.69 5.76 5.85 5.95 6.06 6.15 6.23 6.28 6.30 6.31 6.29 6.25 6.22 6.19 6.18 6.17 6.18 6.20 6.24 6.28 6.34 6.40 6.46 6.53 6.59 6.65 6.69 6.73 6.75
10.60 10.28 9.92 9.53 9.13 8.71 8.30 7.91 7.56 7.28 7.11 7.21 7.56 8.16 8.96 9.93 11.03 12.14 13.21 14.21 15.14 15.98 16.71 17.33 17.82 18.16 18.34 18.36 18.22 17.96 17.59 17.11 16.53 15.86 15.13 14.36 13.56 12.74 11.92 11.11 10.32 9.59 8.93 8.32 7.78 7.31 6.90 6.56 6.30 6.10 5.97 5.90 5.89 5.91 5.96 6.03 6.11 6.19 6.26 6.30 6.32 6.32 6.29 6.24 6.18 6.14 6.10 6.08 6.07 6.07 6.08 6.10 6.13 6.16 6.21 6.26 6.31 6.36 6.41 6.44 6.46 6.48
9.80 9.47 9.12 8.74 8.37 7.99 7.63 7.29 7.00 6.77 6.67 6.84 7.28 7.96 8.86 9.91 11.00 12.06 13.09 14.07 14.99 15.82 16.57 17.20 17.72 18.10 18.33 18.41 18.31 18.06 17.70 17.23 16.67 16.01 15.29 14.52 13.73 12.92 12.11 11.31 10.56 9.87 9.23 8.65 8.13 7.66 7.25 6.91 6.63 6.40 6.25 6.15 6.12 6.13 6.16 6.20 6.26 6.32 6.36 6.37 6.36 6.32 6.25 6.19 6.13 6.08 6.04 6.01 5.99 5.98 5.97 5.98 5.99 6.01 6.04 6.07 6.11 6.14 6.17 6.19 6.20 6.20
8.97 8.64 8.30 7.95 7.61 7.27 6.96 6.68 6.46 6.30 6.28 6.53 7.06 7.84 8.81 9.84 10.87 11.90 12.89 13.85 14.75 15.59 16.34 16.99 17.54 17.96 18.25 18.38 18.35 18.15 17.80 17.35 16.79 16.15 15.44 14.68 13.90 13.10 12.31 11.56 10.85 10.19 9.58 9.02 8.51 8.05 7.64 7.29 6.99 6.74 6.56 6.43 6.36 6.34 6.35 6.38 6.41 6.44 6.45 6.43 6.38 6.31 6.23 6.16 6.10 6.04 6.00 5.96 5.93 5.90 5.88 5.87 5.87 5.87 5.88 5.89 5.91 5.93 5.94 5.95 5.94 5.93
8.13 7.80 7.48 7.16 6.85 6.57 6.32 6.11 5.96 5.88 5.94 6.28 6.91 7.76 8.70 9.67 10.65 11.63 12.60 13.53 14.42 15.25 16.02 16.69 17.27 17.74 18.07 18.27 18.32 18.19 17.89 17.45 16.91 16.28 15.58 14.84 14.06 13.29 12.55 11.85 11.18 10.55 9.97 9.43 8.93 8.47 8.06 7.70 7.39 7.12 6.90 6.73 6.62 6.56 6.54 6.54 6.55 6.55 6.52 6.47 6.39 6.30 6.22 6.15 6.08 6.02 5.97 5.92 5.88 5.84 5.81 5.79 5.77 5.75 5.74 5.73 5.72 5.72 5.72 5.71 5.68 5.66
7.26 6.96 6.66 6.37 6.11 5.88 5.70 5.57 5.50 5.51 5.66 6.10 6.80 7.62 8.49 9.39 10.32 11.26 12.19 13.10 13.98 14.82 15.59 16.29 16.90 17.41 17.80 18.06 18.18 18.14 17.93 17.54 17.02 16.40 15.72 14.99 14.25 13.53 12.84 12.18 11.56 10.96 10.40 9.88 9.39 8.94 8.53 8.15 7.82 7.53 7.28 7.07 6.91 6.80 6.73 6.69 6.67 6.64 6.59 6.50 6.41 6.32 6.24 6.16 6.09 6.02 5.96 5.91 5.85 5.80 5.76 5.72 5.68 5.64 5.61 5.58 5.55 5.52 5.50 5.47 5.43 5.38
6.39 6.11 5.84 5.60 5.39 5.23 5.12 5.07 5.09 5.20 5.46 5.96 6.62 7.36 8.15 9.00 9.87 10.77 11.67 12.56 13.43 14.27 15.05 15.78 16.42 16.97 17.42 17.75 17.94 17.99 17.87 17.59 17.12 16.52 15.85 15.16 14.48 13.82 13.18 12.57 11.98 11.42 10.88 10.38 9.90 9.45 9.03 8.65 8.29 7.98 7.69 7.45 7.24 7.07 6.94 6.84 6.78 6.72 6.64 6.54 6.45 6.36 6.27 6.19 6.12 6.04 5.98 5.91 5.84 5.78 5.72 5.67 5.61 5.55 5.50 5.45 5.39 5.34 5.29 5.23 5.18 5.11
5.52 5.26 5.03 4.84 4.70 4.61 4.58 4.62 4.75 4.96 5.29 5.75 6.32 6.97 7.69 8.47 9.30 10.15 11.03 11.90 12.76 13.60 14.40 15.14 15.82 16.42 16.92 17.31 17.58 17.72 17.70 17.52 17.17 16.63 16.00 15.38 14.76 14.16 13.58 13.01 12.46 11.92 11.41 10.92 10.45 10.00 9.58 9.18 8.81 8.46 8.14 7.86 7.60 7.37 7.18 7.02 6.89 6.79 6.69 6.60 6.50 6.41 6.33 6.24 6.16 6.08 6.01 5.93 5.85 5.78 5.70 5.63 5.55 5.48 5.40 5.33 5.25 5.17 5.09 5.01 4.92 4.84
4.70 4.48 4.30 4.16 4.08 4.07 4.13 4.27 4.50 4.81 5.14 5.51 5.98 6.55 7.20 7.91 8.68 9.50 10.33 11.19 12.04 12.87 13.68 14.44 15.15 15.79 16.35 16.80 17.15 17.37 17.45 17.37 17.13 16.72 16.19 15.64 15.09 14.54 14.01 13.48 12.96 12.46 11.97 11.49 11.02 10.57 10.14 9.73 9.33 8.96 8.60 8.27 7.96 7.68 7.42 7.18 6.99 6.86 6.76 6.67 6.58 6.49 6.40 6.31 6.23 6.14 6.05 5.97 5.88 5.79 5.70 5.61 5.52 5.42 5.33 5.23 5.13 5.02 4.92 4.80 4.69 4.58
4.02 3.84 3.70 3.63 3.62 3.68 3.83 4.08 4.40 4.74 5.07 5.40 5.78 6.25 6.81 7.46 8.16 8.92 9.72 10.54 11.37 12.20 13.00 13.78 14.51 15.18 15.78 16.29 16.70 17.00 17.17 17.19 17.06 16.78 16.38 15.92 15.43 14.93 14.44 13.95 13.47 12.99 12.51 12.04 11.58 11.12 10.68 10.25 9.82 9.41 9.02 8.64 8.27 7.93 7.60 7.30 7.07 6.93 6.84 6.75 6.66 6.57 6.48 6.39 6.30 6.21 6.12 6.02 5.92 5.82 5.72 5.61 5.51 5.39 5.28 5.16 5.03 4.90 4.77 4.63 4.48 4.34
3.48 3.34 3.26 3.25 3.31 3.46 3.71 4.03 4.38 4.72 5.05 5.38 5.71 6.09 6.56 7.12 7.76 8.46 9.20 9.98 10.78 11.59 12.39 13.17 13.91 14.61 15.24 15.80 16.26 16.62 16.87 16.98 16.97 16.80 16.53 16.18 15.77 15.33 14.88 14.42 13.96 13.50 13.04 12.57 12.11 11.64 11.18 10.72 10.27 9.82 9.38 8.95 8.53 8.11 7.72 7.39 7.16 7.02 6.92 6.83 6.74 6.66 6.57 6.48 6.39 6.29 6.19 6.09 5.98 5.87 5.76 5.64 5.52 5.39 5.25 5.11 4.97 4.82 4.66 4.49 4.31 4.14
3.07 2.98 2.96 3.01 3.15 3.39 3.71 4.06 4.41 4.74 5.07 5.40 5.73 6.07 6.45 6.92 7.47 8.10 8.78 9.51 10.27 11.05 11.83 12.61 13.35 14.06 14.72 15.31 15.82 16.24 16.56 16.77 16.85 16.80 16.64 16.40 16.09 15.72 15.31 14.88 14.44 13.99 13.54 13.07 12.60 12.12 11.64 11.15 10.67 10.18 9.69 9.20 8.71 8.23 7.81 7.49 7.26 7.12 7.02 6.92 6.83 6.75 6.67 6.58 6.48 6.38 6.28 6.17 6.06 5.94 5.81 5.68 5.55 5.40 5.25 5.09 4.93 4.75 4.57 4.37 4.17 3.97
2.80 2.76 2.79 2.92 3.14 3.45 3.80 4.14 4.48 4.81 5.13 5.46 5.79 6.13 6.47 6.85 7.31 7.85 8.47 9.14 9.85 10.59 11.35 12.10 12.84 13.56 14.23 14.85 15.40 15.87 16.25 16.54 16.72 16.76 16.70 16.57 16.36 16.07 15.71 15.31 14.89 14.46 14.00 13.53 13.05 12.56 12.05 11.53 11.00 10.47 9.92 9.37 8.82 8.33 7.91 7.59 7.36 7.22 7.12 7.02 6.93 6.85 6.76 6.67 6.58 6.48 6.38 6.26 6.14 6.02 5.88 5.74 5.59 5.43 5.27 5.09 4.91 4.71 4.50 4.27 4.05 3.83
2.65 2.66 2.77 2.97 3.26 3.58 3.92 4.26 4.59 4.92 5.24 5.56 5.89 6.22 6.56 6.90 7.27 7.73 8.26 8.86 9.52 10.21 10.93 11.66 12.38 13.09 13.77 14.41 14.99 15.51 15.96 16.31 16.57 16.70 16.73 16.69 16.56 16.36 16.08 15.72 15.32 14.89 14.43 13.95 13.46 12.94 12.40 11.85 11.27 10.69 10.08 9.48 8.91 8.42 8.02 7.70 7.48 7.34 7.23 7.13 7.03 6.94 6.86 6.77 6.68 6.58 6.48 6.36 6.24 6.10 5.96 5.81 5.65 5.48 5.30 5.11 4.90 4.68 4.44 4.20 3.95 3.71
2.63 2.70 2.87 3.13 3.44 3.75 4.08 4.41 4.74 5.06 5.38 5.70 6.02 6.35 6.68 7.01 7.35 7.72 8.17 8.69 9.28 9.91 10.59 11.28 11.98 12.68 13.35 14.00 14.61 15.17 15.66 16.08 16.40 16.61 16.73 16.76 16.71 16.58 16.37 16.07 15.70 15.27 14.81 14.32 13.81 13.26 12.69 12.09 11.47 10.83 10.18 9.55 9.00 8.53 8.13 7.82 7.59 7.45 7.34 7.24 7.14 7.05 6.96 6.87 6.78 6.68 6.58 6.46 6.34 6.20 6.05 5.89 5.72 5.54 5.35 5.13 4.90 4.66 4.41 4.15 3.88 3.62
2.73 2.86 3.08 3.36 3.65 3.96 4.27 4.60 4.92 5.24 5.55 5.86 6.18 6.51 6.84 7.17 7.49 7.83 8.19 8.62 9.13 9.70 10.32 10.97 11.64 12.31 12.98 13.63 14.26 14.85 15.38 15.85 16.23 16.50 16.69 16.79 16.80 16.74 16.58 16.34 16.02 15.61 15.14 14.63 14.09 13.52 12.91 12.27 11.59 10.90 10.23 9.63 9.09 8.63 8.24 7.93 7.71 7.57 7.45 7.35 7.25 7.15 7.06 6.97 6.88 6.79 6.68 6.56 6.44 6.30 6.14 5.98 5.80 5.61 5.40 5.16 4.91 4.65 4.38 4.11 3.83 3.56
