data_processed/recharge/precip/Precip_1991_03.asc
ncols        168
nrows        136
xllcorner    455000
yllcorner    2107000
cellsize     500
NODATA_value     -99999
[rows 36 to 71 of 136, columns 0 to 79 of 168]
1.14 1.18 1.23 1.29 1.37 1.46 1.56 1.67 1.80 1.94 2.09 2.23 2.36 2.48 2.59 2.69 2.79 2.87 2.95 3.03 3.09 3.15 3.21 3.26 3.31 3.35 3.38 3.42 3.45 3.48 3.51 3.53 3.56 3.58 3.60 3.62 3.64 3.66 3.68 3.69 3.70 3.72 3.73 3.73 3.74 3.75 3.75 3.76 3.77 3.79 3.81 3.83 3.87 3.90 3.94 3.98 4.03 4.08 4.13 4.18 4.24 4.30 4.36 4.42 4.48 4.55 4.61 4.68 4.74 4.80 4.87 4.93 4.99 5.05 5.10 5.13 5.14 5.13 5.10 5.06
1.60 1.66 1.73 1.82 1.92 2.03 2.15 2.29 2.44 2.60 2.75 2.89 3.02 3.14 3.25 3.36 3.45 3.54 3.62 3.70 3.77 3.83 3.89 3.94 3.99 4.04 4.08 4.12 4.15 4.18 4.22 4.25 4.27 4.30 4.33 4.35 4.37 4.39 4.41 4.42 4.44 4.45 4.46 4.47 4.48 4.48 4.49 4.49 4.49 4.50 4.52 4.54 4.56 4.59 4.62 4.65 4.69 4.73 4.78 4.82 4.87 4.92 4.98 5.03 5.08 5.14 5.20 5.25 5.31 5.37 5.42 5.48 5.53 5.58 5.60 5.61 5.59 5.56 5.50 5.43
2.09 2.17 2.27 2.38 2.50 2.63 2.78 2.94 3.11 3.27 3.42 3.56 3.69 3.82 3.93 4.03 4.13 4.22 4.31 4.38 4.46 4.52 4.58 4.64 4.69 4.74 4.79 4.83 4.87 4.90 4.94 4.97 5.01 5.03 5.06 5.09 5.11 5.13 5.15 5.17 5.19 5.20 5.21 5.22 5.23 5.23 5.24 5.24 5.24 5.24 5.25 5.26 5.27 5.29 5.31 5.34 5.37 5.40 5.44 5.48 5.52 5.56 5.61 5.65 5.70 5.75 5.80 5.85 5.90 5.94 5.99 6.04 6.08 6.10 6.10 6.07 6.03 5.97 5.90 5.80
2.62 2.72 2.84 2.97 3.12 3.28 3.45 3.63 3.80 3.96 4.11 4.25 4.38 4.50 4.62 4.72 4.82 4.92 5.00 5.08 5.16 5.22 5.29 5.35 5.40 5.46 5.50 5.55 5.59 5.64 5.68 5.71 5.75 5.78 5.81 5.84 5.87 5.89 5.91 5.93 5.95 5.96 5.97 5.98 5.99 6.00 6.00 6.00 6.00 6.00 5.99 6.00 6.00 6.01 6.03 6.05 6.07 6.09 6.12 6.15 6.18 6.22 6.26 6.29 6.33 6.37 6.41 6.45 6.50 6.54 6.58 6.61 6.62 6.61 6.58 6.53 6.47 6.38 6.28 6.17
3.18 3.31 3.45 3.60 3.77 3.95 4.14 4.32 4.49 4.65 4.80 4.95 5.08 5.20 5.32 5.43 5.53 5.62 5.71 5.79 5.87 5.94 6.01 6.07 6.13 6.18 6.23 6.28 6.33 6.38 6.42 6.46 6.50 6.54 6.57 6.60 6.63 6.66 6.68 6.70 6.72 6.73 6.75 6.76 6.77 6.77 6.77 6.77 6.77 6.77 6.76 6.75 6.75 6.75 6.76 6.77 6.78 6.80 6.82 6.84 6.86 6.89 6.92 6.95 6.98 7.01 7.04 7.07 7.11 7.14 7.16 7.17 7.15 7.11 7.06 6.98 6.89 6.79 6.67 6.53
3.77 3.92 4.09 4.27 4.46 4.66 4.85 5.03 5.20 5.36 5.51 5.65 5.79 5.91 6.03 6.14 6.24 6.33 6.42 6.51 6.59 6.66 6.73 6.80 6.86 6.92 6.97 7.03 7.08 7.13 7.18 7.22 7.26 7.30 7.34 7.37 7.40 7.43 7.46 7.48 7.50 7.52 7.53 7.54 7.55 7.56 7.56 7.56 7.55 7.55 7.54 7.53 7.52 7.51 7.51 7.51 7.51 7.52 7.53 7.54 7.56 7.58 7.59 7.62 7.64 7.66 7.68 7.71 7.73 7.75 7.74 7.72 7.67 7.61 7.53 7.43 7.31 7.18 7.04 6.89
4.40 4.57 4.76 4.97 5.17 5.38 5.57 5.75 5.92 6.08 6.23 6.37 6.50 6.63 6.74 6.85 6.96 7.06 7.15 7.23 7.32 7.39 7.47 7.53 7.60 7.66 7.72 7.78 7.84 7.89 7.94 7.99 8.04 8.08 8.12 8.15 8.19 8.22 8.24 8.27 8.29 8.31 8.32 8.33 8.34 8.35 8.35 8.35 8.35 8.34 8.33 8.31 8.30 8.28 8.27 8.26 8.26 8.25 8.26 8.26 8.27 8.27 8.28 8.30 8.31 8.32 8.34 8.35 8.36 8.35 8.31 8.26 8.18 8.09 7.99 7.86 7.72 7.57 7.41 7.23
5.06 5.26 5.47 5.69 5.90 6.10 6.29 6.47 6.64 6.80 6.95 7.09 7.22 7.35 7.47 7.58 7.69 7.79 7.88 7.97 8.05 8.13 8.21 8.28 8.35 8.41 8.48 8.54 8.60 8.66 8.72 8.77 8.82 8.86 8.90 8.94 8.98 9.01 9.04 9.06 9.09 9.11 9.12 9.13 9.14 9.15 9.15 9.15 9.14 9.14 9.12 9.11 9.09 9.07 9.05 9.03 9.01 9.00 9.00 8.99 8.99 8.99 8.99 8.99 8.99 9.00 9.00 9.00 8.98 8.93 8.87 8.79 8.69 8.57 8.44 8.29 8.13 7.96 7.77 7.58
5.75 5.97 6.20 6.42 6.63 6.83 7.02 7.20 7.37 7.53 7.68 7.82 7.95 8.08 8.20 8.31 8.42 8.52 8.62 8.71 8.79 8.88 8.95 9.03 9.10 9.17 9.24 9.31 9.37 9.43 9.49 9.55 9.60 9.65 9.69 9.74 9.77 9.81 9.84 9.87 9.89 9.91 9.93 9.94 9.95 9.95 9.96 9.95 9.95 9.94 9.93 9.91 9.89 9.86 9.84 9.81 9.79 9.76 9.75 9.73 9.72 9.71 9.70 9.69 9.69 9.68 9.67 9.63 9.58 9.51 9.42 9.31 9.18 9.04 8.88 8.71 8.52 8.33 8.12 7.91
6.47 6.71 6.94 7.16 7.37 7.56 7.75 7.93 8.10 8.26 8.41 8.55 8.69 8.81 8.93 9.05 9.16 9.26 9.36 9.45 9.54 9.62 9.71 9.78 9.86 9.93 10.01 10.08 10.15 10.21 10.28 10.34 10.39 10.44 10.49 10.53 10.57 10.61 10.64 10.67 10.70 10.72 10.74 10.75 10.76 10.76 10.77 10.76 10.76 10.75 10.73 10.72 10.69 10.67 10.64 10.60 10.57 10.54 10.51 10.48 10.46 10.44 10.42 10.40 10.39 10.36 10.32 10.26 10.17 10.07 9.95 9.81 9.66 9.49 9.31 9.11 8.91 8.69 8.47 8.24
7.21 7.45 7.68 7.90 8.11 8.30 8.49 8.67 8.83 8.99 9.14 9.29 9.42 9.55 9.67 9.79 9.90 10.00 10.10 10.20 10.29 10.38 10.46 10.54 10.62 10.70 10.78 10.85 10.93 11.00 11.06 11.13 11.18 11.24 11.29 11.34 11.38 11.42 11.45 11.48 11.51 11.53 11.55 11.56 11.57 11.58 11.58 11.58 11.57 11.56 11.54 11.52 11.50 11.47 11.44 11.40 11.36 11.32 11.28 11.25 11.21 11.18 11.15 11.13 11.09 11.04 10.96 10.87 10.75 10.62 10.47 10.31 10.13 9.93 9.73 9.51 9.28 9.05 8.80 8.55
7.96 8.20 8.42 8.64 8.85 9.04 9.23 9.40 9.57 9.73 9.88 10.03 10.16 10.29 10.41 10.53 10.64 10.75 10.85 10.95 11.04 11.13 11.22 11.30 11.39 11.47 11.55 11.63 11.71 11.78 11.85 11.92 11.98 12.04 12.09 12.14 12.19 12.23 12.26 12.29 12.32 12.35 12.37 12.38 12.39 12.40 12.40 12.39 12.39 12.37 12.36 12.34 12.31 12.28 12.25 12.21 12.16 12.11 12.07 12.02 11.98 11.93 11.89 11.85 11.78 11.69 11.59 11.46 11.32 11.16 10.98 10.79 10.58 10.37 10.14 9.90 9.65 9.39 9.13 8.86
8.71 8.94 9.17 9.38 9.59 9.78 9.97 10.14 10.31 10.47 10.62 10.77 10.90 11.03 11.16 11.28 11.39 11.50 11.60 11.70 11.80 11.89 11.98 12.07 12.15 12.24 12.32 12.40 12.49 12.57 12.64 12.71 12.78 12.84 12.89 12.95 12.99 13.04 13.07 13.11 13.14 13.16 13.18 13.20 13.21 13.21 13.21 13.21 13.20 13.19 13.17 13.15 13.12 13.09 13.05 13.01 12.96 12.91 12.86 12.80 12.75 12.69 12.63 12.55 12.46 12.34 12.20 12.04 11.87 11.68 11.47 11.26 11.03 10.79 10.53 10.27 10.01 9.73 9.45 9.16
9.45 9.69 9.91 10.13 10.33 10.52 10.71 10.88 11.05 11.21 11.36 11.51 11.64 11.77 11.90 12.02 12.13 12.24 12.35 12.45 12.55 12.64 12.74 12.83 12.92 13.01 13.09 13.18 13.27 13.35 13.43 13.50 13.57 13.64 13.70 13.75 13.80 13.85 13.89 13.92 13.95 13.98 14.00 14.01 14.03 14.03 14.03 14.03 14.02 14.01 13.99 13.96 13.93 13.90 13.86 13.82 13.77 13.71 13.65 13.59 13.52 13.45 13.36 13.25 13.11 12.96 12.79 12.60 12.40 12.19 11.95 11.71 11.46 11.19 10.92 10.64 10.35 10.06 9.76 9.45
10.20 10.43 10.66 10.87 11.07 11.26 11.45 11.62 11.79 11.95 12.10 12.24 12.38 12.51 12.64 12.76 12.88 12.99 13.10 13.20 13.30 13.40 13.50 13.59 13.68 13.78 13.87 13.96 14.05 14.14 14.22 14.30 14.37 14.44 14.50 14.56 14.61 14.66 14.70 14.73 14.77 14.79 14.81 14.83 14.84 14.85 14.85 14.84 14.83 14.82 14.80 14.77 14.74 14.71 14.67 14.62 14.57 14.51 14.45 14.38 14.30 14.19 14.06 13.92 13.75 13.57 13.37 13.15 12.92 12.68 12.42 12.15 11.88 11.59 11.29 10.99 10.68 10.37 10.05 9.73
10.95 11.18 11.40 11.61 11.81 12.00 12.18 12.36 12.52 12.68 12.83 12.98 13.12 13.25 13.38 13.50 13.62 13.73 13.84 13.95 14.05 14.15 14.25 14.35 14.44 14.54 14.64 14.73 14.83 14.92 15.00 15.09 15.16 15.23 15.30 15.36 15.41 15.46 15.51 15.54 15.58 15.61 15.63 15.64 15.66 15.66 15.66 15.66 15.65 15.63 15.61 15.58 15.55 15.51 15.47 15.42 15.37 15.31 15.24 15.16 15.05 14.91 14.75 14.57 14.37 14.16 13.93 13.68 13.43 13.16 12.87 12.58 12.28 11.97 11.65 11.33 11.00 10.67 10.34 10.00
11.69 11.92 12.13 12.34 12.54 12.73 12.92 13.09 13.25 13.41 13.56 13.71 13.85 13.98 14.11 14.23 14.35 14.47 14.58 14.69 14.80 14.90 15.00 15.10 15.20 15.30 15.40 15.50 15.60 15.70 15.79 15.87 15.95 16.02 16.09 16.16 16.21 16.26 16.31 16.35 16.38 16.41 16.44 16.45 16.47 16.47 16.47 16.47 16.46 16.44 16.42 16.39 16.36 16.32 16.27 16.22 16.16 16.10 16.02 15.91 15.77 15.61 15.42 15.21 14.98 14.73 14.47 14.20 13.91 13.62 13.31 12.99 12.67 12.34 12.00 11.66 11.31 10.96 10.61 10.26
12.42 12.65 12.87 13.07 13.27 13.46 13.64 13.82 13.98 14.14 14.29 14.44 14.58 14.71 14.84 14.96 15.09 15.20 15.32 15.43 15.54 15.64 15.75 15.85 15.96 16.06 16.16 16.27 16.37 16.47 16.56 16.65 16.73 16.81 16.88 16.95 17.01 17.06 17.11 17.15 17.19 17.22 17.24 17.26 17.27 17.28 17.28 17.27 17.26 17.24 17.22 17.19 17.15 17.11 17.06 17.01 16.95 16.87 16.77 16.64 16.47 16.28 16.06 15.82 15.56 15.29 15.00 14.70 14.38 14.06 13.73 13.39 13.04 12.69 12.33 11.97 11.61 11.24 10.88 10.51
13.15 13.38 13.59 13.80 13.99 14.18 14.36 14.53 14.70 14.86 15.01 15.16 15.30 15.43 15.56 15.69 15.81 15.93 16.05 16.16 16.27 16.38 16.49 16.59 16.70 16.81 16.92 17.02 17.13 17.24 17.33 17.43 17.51 17.59 17.67 17.73 17.80 17.85 17.90 17.95 17.98 18.01 18.04 18.06 18.07 18.08 18.08 18.07 18.06 18.04 18.02 17.99 17.95 17.90 17.85 17.80 17.72 17.62 17.49 17.33 17.14 16.92 16.68 16.42 16.13 15.82 15.51 15.18 14.84 14.49 14.13 13.77 13.40 13.03 12.65 12.27 11.89 11.51 11.13 10.75
13.86 14.09 14.31 14.51 14.71 14.90 15.08 15.25 15.41 15.57 15.72 15.87 16.01 16.15 16.28 16.40 16.53 16.65 16.77 16.88 17.00 17.11 17.22 17.33 17.44 17.55 17.66 17.77 17.89 18.00 18.10 18.19 18.28 18.37 18.44 18.51 18.58 18.64 18.69 18.73 18.77 18.80 18.83 18.85 18.86 18.87 18.87 18.86 18.85 18.83 18.81 18.77 18.73 18.69 18.63 18.57 18.47 18.34 18.18 17.99 17.78 17.54 17.27 16.98 16.67 16.34 16.00 15.64 15.28 14.90 14.52 14.14 13.75 13.35 12.96 12.56 12.16 11.76 11.37 10.97
14.54 14.79 15.02 15.22 15.41 15.60 15.78 15.95 16.12 16.27 16.43 16.57 16.71 16.85 16.98 17.11 17.24 17.36 17.48 17.60 17.71 17.83 17.94 18.06 18.17 18.28 18.40 18.52 18.63 18.75 18.85 18.95 19.04 19.13 19.21 19.28 19.35 19.41 19.47 19.51 19.55 19.59 19.61 19.63 19.65 19.65 19.65 19.65 19.63 19.61 19.59 19.55 19.51 19.46 19.40 19.30 19.18 19.02 18.84 18.62 18.38 18.12 17.83 17.52 17.19 16.84 16.47 16.08 15.69 15.30 14.89 14.49 14.07 13.66 13.25 12.83 12.41 12.00 11.59 11.18
15.20 15.47 15.70 15.92 16.11 16.30 16.47 16.64 16.81 16.97 17.12 17.27 17.41 17.55 17.68 17.81 17.94 18.06 18.18 18.30 18.42 18.54 18.66 18.77 18.89 19.01 19.13 19.25 19.37 19.49 19.60 19.70 19.80 19.89 19.97 20.05 20.11 20.18 20.23 20.28 20.32 20.36 20.38 20.41 20.42 20.43 20.43 20.42 20.41 20.38 20.36 20.32 20.28 20.22 20.13 20.01 19.85 19.67 19.46 19.22 18.96 18.67 18.36 18.03 17.67 17.30 16.91 16.51 16.09 15.67 15.25 14.82 14.39 13.95 13.52 13.09 12.65 12.23 11.80 11.38
15.82 16.11 16.36 16.59 16.79 16.98 17.16 17.33 17.49 17.65 17.80 17.95 18.09 18.23 18.36 18.50 18.62 18.75 18.87 19.00 19.12 19.24 19.36 19.48 19.60 19.72 19.84 19.97 20.10 20.22 20.33 20.44 20.54 20.63 20.72 20.79 20.87 20.93 20.99 21.04 21.08 21.12 21.15 21.17 21.18 21.19 21.19 21.18 21.17 21.14 21.12 21.08 21.02 20.94 20.82 20.67 20.49 20.28 20.05 19.79 19.50 19.19 18.86 18.50 18.13 17.74 17.33 16.91 16.47 16.03 15.58 15.13 14.68 14.23 13.78 13.33 12.88 12.44 12.00 11.57
16.41 16.71 16.99 17.23 17.45 17.65 17.83 18.00 18.16 18.32 18.47 18.62 18.76 18.90 19.04 19.17 19.30 19.43 19.55 19.68 19.80 19.93 20.05 20.17 20.30 20.42 20.55 20.68 20.81 20.93 21.05 21.16 21.27 21.36 21.45 21.53 21.61 21.67 21.73 21.78 21.83 21.87 21.90 21.92 21.93 21.94 21.94 21.93 21.92 21.89 21.86 21.81 21.73 21.62 21.48 21.30 21.09 20.86 20.60 20.32 20.01 19.67 19.32 18.95 18.56 18.15 17.72 17.28 16.83 16.37 15.90 15.43 14.96 14.49 14.02 13.55 13.09 12.63 12.18 11.74
16.97 17.29 17.58 17.84 18.08 18.29 18.48 18.65 18.81 18.97 19.13 19.27 19.42 19.56 19.70 19.83 19.96 20.09 20.22 20.35 20.47 20.60 20.72 20.85 20.98 21.11 21.24 21.37 21.51 21.64 21.76 21.87 21.98 22.08 22.17 22.26 22.33 22.40 22.46 22.52 22.56 22.60 22.63 22.65 22.67 22.68 22.68 22.67 22.65 22.63 22.58 22.51 22.40 22.26 22.09 21.89 21.66 21.40 21.12 20.81 20.48 20.13 19.75 19.36 18.95 18.53 18.08 17.63 17.16 16.68 16.20 15.71 15.22 14.73 14.24 13.76 13.28 12.81 12.35 11.89
17.49 17.82 18.13 18.41 18.67 18.91 19.11 19.29 19.46 19.61 19.77 19.92 20.06 20.20 20.34 20.47 20.61 20.74 20.87 21.00 21.13 21.26 21.39 21.52 21.65 21.78 21.92 22.05 22.19 22.33 22.45 22.57 22.68 22.78 22.88 22.96 23.04 23.11 23.18 23.23 23.28 23.32 23.35 23.37 23.39 23.40 23.40 23.39 23.37 23.34 23.27 23.17 23.03 22.86 22.67 22.44 22.19 21.91 21.60 21.27 20.92 20.55 20.15 19.74 19.32 18.87 18.42 17.95 17.46 16.97 16.47 15.97 15.46 14.95 14.45 13.95 13.46 12.98 12.50 12.04
17.98 18.32 18.65 18.95 19.23 19.48 19.70 19.90 20.08 20.24 20.39 20.54 20.69 20.83 20.97 21.10 21.24 21.37 21.50 21.64 21.77 21.90 22.03 22.16 22.30 22.44 22.58 22.72 22.86 23.00 23.13 23.25 23.36 23.47 23.57 23.66 23.74 23.81 23.88 23.93 23.98 24.02 24.06 24.08 24.10 24.10 24.10 24.09 24.07 24.01 23.91 23.78 23.62 23.43 23.20 22.95 22.68 22.37 22.04 21.69 21.32 20.93 20.52 20.09 19.65 19.19 18.72 18.23 17.74 17.23 16.72 16.20 15.68 15.16 14.64 14.13 13.62 13.13 12.64 12.16
18.43 18.79 19.13 19.44 19.74 20.01 20.26 20.48 20.67 20.84 21.00 21.15 21.29 21.44 21.58 21.72 21.85 21.99 22.12 22.26 22.39 22.52 22.66 22.80 22.93 23.07 23.22 23.36 23.51 23.65 23.79 23.91 24.03 24.14 24.24 24.33 24.42 24.49 24.56 24.62 24.67 24.71 24.74 24.77 24.78 24.79 24.79 24.77 24.72 24.63 24.51 24.35 24.16 23.95 23.70 23.42 23.12 22.80 22.45 22.08 21.69 21.28 20.85 20.41 19.95 19.47 18.99 18.49 17.98 17.46 16.94 16.41 15.88 15.34 14.81 14.28 13.77 13.26 12.76 12.27
18.83 19.21 19.57 19.90 20.21 20.50 20.77 21.01 21.23 21.42 21.59 21.74 21.88 22.03 22.17 22.31 22.45 22.58 22.72 22.86 22.99 23.13 23.27 23.41 23.55 23.69 23.84 23.99 24.14 24.29 24.43 24.56 24.68 24.79 24.89 24.99 25.08 25.15 25.22 25.28 25.34 25.38 25.41 25.44 25.45 25.46 25.45 25.41 25.32 25.21 25.06 24.88 24.66 24.42 24.15 23.86 23.53 23.19 22.82 22.43 22.02 21.59 21.15 20.69 20.21 19.72 19.22 18.71 18.19 17.66 17.13 16.59 16.05 15.51 14.96 14.42 13.89 13.37 12.86 12.37
19.20 19.59 19.96 20.31 20.64 20.95 21.24 21.50 21.74 21.95 22.14 22.30 22.45 22.60 22.74 22.88 23.02 23.16 23.30 23.44 23.58 23.72 23.86 24.00 24.15 24.30 24.45 24.60 24.76 24.91 25.05 25.18 25.31 25.42 25.53 25.63 25.72 25.80 25.87 25.93 25.98 26.03 26.06 26.09 26.10 26.10 26.07 25.99 25.88 25.74 25.56 25.36 25.12 24.85 24.56 24.24 23.90 23.53 23.15 22.74 22.31 21.87 21.41 20.93 20.44 19.94 19.42 18.90 18.37 17.83 17.29 16.74 16.19 15.64 15.09 14.54 14.00 13.47 12.95 12.45
19.53 19.93 20.32 20.69 21.03 21.36 21.66 21.95 22.21 22.44 22.65 22.84 23.00 23.15 23.29 23.43 23.58 23.72 23.86 24.00 24.14 24.28 24.43 24.57 24.72 24.87 25.03 25.19 25.35 25.50 25.65 25.79 25.91 26.03 26.14 26.24 26.34 26.42 26.49 26.55 26.61 26.65 26.69 26.72 26.72 26.70 26.63 26.53 26.39 26.22 26.02 25.79 25.53 25.24 24.93 24.59 24.23 23.84 23.44 23.01 22.57 22.10 21.63 21.14 20.63 20.12 19.59 19.06 18.52 17.97 17.42 16.86 16.31 15.75 15.19 14.64 14.09 13.55 13.02 12.51
19.81 20.23 20.63 21.01 21.38 21.72 22.05 22.35 22.63 22.89 23.12 23.33 23.51 23.67 23.82 23.96 24.11 24.25 24.39 24.54 24.68 24.83 24.97 25.12 25.28 25.43 25.59 25.75 25.92 26.08 26.23 26.37 26.50 26.62 26.73 26.84 26.93 27.02 27.09 27.16 27.21 27.26 27.30 27.31 27.29 27.24 27.14 27.02 26.85 26.66 26.44 26.18 25.90 25.59 25.25 24.89 24.51 24.11 23.68 23.24 22.78 22.30 21.81 21.31 20.79 20.26 19.73 19.18 18.63 18.08 17.52 16.95 16.39 15.83 15.27 14.71 14.15 13.61 13.07 12.55
20.05 20.48 20.90 21.29 21.67 22.04 22.38 22.70 23.00 23.28 23.54 23.77 23.98 24.17 24.32 24.47 24.62 24.76 24.91 25.05 25.20 25.35 25.50 25.65 25.81 25.97 26.13 26.30 26.47 26.63 26.78 26.93 27.06 27.19 27.30 27.41 27.51 27.59 27.67 27.74 27.79 27.84 27.87 27.86 27.81 27.73 27.61 27.45 27.27 27.05 26.80 26.52 26.22 25.89 25.53 25.15 24.75 24.33 23.89 23.43 22.95 22.46 21.96 21.44 20.91 20.37 19.83 19.27 18.71 18.15 17.58 17.01 16.44 15.88 15.31 14.75 14.19 13.64 13.10 12.57
20.25 20.69 21.12 21.53 21.93 22.30 22.67 23.01 23.33 23.63 23.91 24.17 24.40 24.61 24.79 24.95 25.10 25.25 25.39 25.54 25.69 25.84 26.00 26.15 26.31 26.47 26.64 26.81 26.99 27.15 27.31 27.46 27.60 27.73 27.85 27.96 28.05 28.14 28.22 28.29 28.35 28.39 28.39 28.35 28.28 28.17 28.02 27.84 27.63 27.39 27.12 26.82 26.49 26.14 25.76 25.37 24.95 24.51 24.05 23.58 23.09 22.58 22.06 21.53 20.99 20.45 19.89 19.33 18.76 18.19 17.61 17.04 16.47 15.89 15.33 14.76 14.20 13.65 13.11 12.58
20.39 20.85 21.29 21.72 22.13 22.52 22.90 23.26 23.60 23.93 24.23 24.51 24.76 25.00 25.21 25.39 25.56 25.71 25.85 26.01 26.16 26.31 26.47 26.63 26.79 26.96 27.13 27.30 27.48 27.66 27.82 27.97 28.11 28.24 28.36 28.48 28.58 28.67 28.75 28.82 28.87 28.88 28.85 28.79 28.69 28.55 28.38 28.18 27.94 27.68 27.38 27.06 26.72 26.34 25.95 25.53 25.10 24.64 24.17 23.68 23.18 22.66 22.13 21.59 21.04 20.48 19.91 19.34 18.77 18.19 17.61 17.03 16.46 15.88 15.31 14.74 14.19 13.64 13.09 12.56
20.49 20.96 21.41 21.85 22.28 22.69 23.09 23.47 23.83 24.17 24.49 24.80 25.08 25.34 25.57 25.78 25.97 26.14 26.29 26.44 26.60 26.75 26.91 27.08 27.24 27.41 27.59 27.77 27.95 28.13 28.29 28.45 28.60 28.73 28.86 28.97 29.07 29.17 29.25 29.31 29.33 29.32 29.26 29.17 29.04 28.88 28.69 28.46 28.20 27.91 27.60 27.26 26.89 26.50 26.09 25.66 25.20 24.73 24.25 23.74 23.23 22.70 22.15 21.60 21.04 20.48 19.90 19.32 18.74 18.16 17.58 16.99 16.41 15.83 15.26 14.70 14.14 13.59 13.05 12.52
