data_processed/recharge/precip/Precip_2006_12.asc
ncols        168
nrows        136
xllcorner    455000
yllcorner    2107000
cellsize     500
NODATA_value     -99999
[rows 76 to 113 of 136, columns 0 to 83 of 168]
1.83 1.99 2.14 2.31 2.47 2.64 2.81 2.99 3.16 3.34 3.51 3.68 3.85 4.00 4.15 4.29 4.42 4.54 4.63 4.69 4.72 4.72 4.69 4.64 4.58 4.50 4.42 4.32 4.21 4.10 3.98 3.87 3.76 3.66 3.57 3.49 3.42 3.36 3.32 3.29 3.28 3.29 3.33 3.37 3.41 3.44 3.46 3.48 3.50 3.51 3.53 3.54 3.56 3.57 3.58 3.58 3.56 3.52 3.46 3.39 3.30 3.19 3.06 2.91 2.75 2.56 2.36 2.13 1.88 1.58 1.23 0.83 0.38 0.00 0.00 0.00 0.00 0.00 0.00 0.00 0.00 0.00 0.00 0.00
1.74 1.89 2.04 2.21 2.37 2.54 2.72 2.90 3.07 3.25 3.42 3.59 3.76 3.91 4.06 4.20 4.33 4.45 4.55 4.62 4.67 4.68 4.66 4.61 4.55 4.48 4.39 4.28 4.17 4.05 3.93 3.81 3.70 3.59 3.49 3.39 3.31 3.23 3.17 3.12 3.09 3.08 3.09 3.12 3.15 3.19 3.21 3.23 3.25 3.26 3.28 3.29 3.31 3.32 3.33 3.31 3.29 3.24 3.19 3.11 3.02 2.92 2.79 2.65 2.49 2.32 2.13 1.92 1.69 1.43 1.13 0.78 0.39 0.00 0.00 0.00 0.00 0.00 0.00 0.00 0.00 0.00 0.00 0.00
1.65 1.80 1.96 2.12 2.29 2.46 2.64 2.82 2.99 3.17 3.34 3.51 3.68 3.83 3.98 4.12 4.25 4.36 4.46 4.55 4.60 4.62 4.61 4.58 4.52 4.44 4.35 4.24 4.13 4.01 3.89 3.77 3.65 3.53 3.42 3.32 3.22 3.13 3.05 2.98 2.93 2.90 2.88 2.88 2.90 2.94 2.96 2.98 3.00 3.01 3.03 3.05 3.07 3.07 3.07 3.05 3.02 2.97 2.92 2.84 2.76 2.66 2.54 2.41 2.26 2.10 1.92 1.73 1.51 1.29 1.04 0.74 0.40 0.02 0.00 0.00 0.00 0.00 0.00 0.00 0.00 0.00 0.00 0.00
1.57 1.72 1.88 2.04 2.22 2.39 2.57 2.74 2.92 3.10 3.27 3.44 3.60 3.76 3.91 4.04 4.17 4.28 4.38 4.46 4.52 4.56 4.56 4.52 4.47 4.40 4.30 4.20 4.09 3.98 3.86 3.74 3.61 3.49 3.37 3.26 3.15 3.04 2.95 2.87 2.80 2.74 2.70 2.68 2.68 2.69 2.72 2.74 2.76 2.77 2.79 2.81 2.82 2.82 2.81 2.79 2.76 2.71 2.65 2.59 2.51 2.41 2.30 2.18 2.05 1.90 1.74 1.57 1.38 1.17 0.95 0.71 0.43 0.10 0.00 0.00 0.00 0.00 0.00 0.00 0.00 0.00 0.00 0.00
1.51 1.66 1.82 1.98 2.15 2.33 2.50 2.68 2.86 3.03 3.21 3.37 3.53 3.69 3.83 3.97 4.09 4.20 4.29 4.37 4.43 4.47 4.48 4.46 4.41 4.34 4.26 4.17 4.06 3.95 3.84 3.71 3.59 3.46 3.34 3.21 3.10 2.98 2.87 2.78 2.69 2.62 2.56 2.51 2.48 2.47 2.49 2.51 2.52 2.54 2.56 2.57 2.57 2.57 2.56 2.53 2.50 2.46 2.41 2.34 2.27 2.19 2.09 1.99 1.87 1.74 1.59 1.44 1.27 1.09 0.90 0.69 0.46 0.20 0.00 0.00 0.00 0.00 0.00 0.00 0.00 0.00 0.00 0.00
1.45 1.60 1.76 1.93 2.10 2.27 2.45 2.63 2.80 2.98 3.15 3.31 3.47 3.62 3.76 3.89 4.01 4.12 4.21 4.28 4.34 4.38 4.39 4.38 4.34 4.28 4.21 4.13 4.04 3.93 3.82 3.70 3.57 3.45 3.32 3.19 3.06 2.94 2.82 2.71 2.61 2.52 2.44 2.37 2.32 2.29 2.28 2.28 2.30 2.31 2.33 2.33 2.33 2.32 2.31 2.29 2.26 2.22 2.17 2.12 2.06 1.99 1.90 1.81 1.71 1.60 1.48 1.35 1.21 1.05 0.89 0.71 0.52 0.32 0.11 0.00 0.00 0.00 0.00 0.00 0.00 0.00 0.00 0.00
1.41 1.56 1.72 1.88 2.05 2.23 2.40 2.58 2.75 2.92 3.09 3.25 3.41 3.55 3.69 3.82 3.93 4.04 4.12 4.19 4.24 4.27 4.29 4.28 4.26 4.22 4.16 4.09 4.01 3.91 3.80 3.69 3.57 3.44 3.31 3.18 3.05 2.92 2.79 2.67 2.55 2.45 2.35 2.27 2.19 2.14 2.10 2.08 2.08 2.09 2.10 2.10 2.10 2.09 2.08 2.06 2.04 2.00 1.97 1.92 1.87 1.82 1.75 1.68 1.60 1.51 1.41 1.30 1.19 1.06 0.93 0.79 0.63 0.46 0.28 0.12 0.00 0.00 0.00 0.00 0.00 0.00 0.00 0.00
1.35 1.50 1.66 1.83 1.99 2.17 2.34 2.51 2.69 2.85 3.02 3.18 3.33 3.48 3.61 3.73 3.84 3.94 4.02 4.09 4.13 4.16 4.16 4.16 4.15 4.13 4.09 4.03 3.96 3.87 3.77 3.67 3.55 3.42 3.29 3.16 3.03 2.89 2.76 2.63 2.50 2.38 2.27 2.17 2.08 2.00 1.94 1.91 1.91 1.92 1.92 1.92 1.91 1.90 1.89 1.88 1.86 1.84 1.81 1.78 1.74 1.70 1.65 1.60 1.54 1.47 1.40 1.32 1.23 1.14 1.03 0.92 0.80 0.65 0.46 0.28 0.12 0.00 0.00 0.00 0.00 0.00 0.00 0.00
1.28 1.43 1.59 1.75 1.92 2.09 2.26 2.43 2.60 2.77 2.93 3.09 3.24 3.38 3.51 3.63 3.74 3.83 3.90 3.96 4.00 4.02 4.03 4.02 4.01 4.00 3.98 3.94 3.88 3.80 3.72 3.62 3.51 3.39 3.26 3.13 2.99 2.85 2.72 2.58 2.44 2.31 2.19 2.08 1.97 1.88 1.80 1.77 1.77 1.78 1.78 1.78 1.78 1.77 1.76 1.75 1.74 1.73 1.71 1.69 1.67 1.64 1.61 1.58 1.54 1.49 1.45 1.39 1.33 1.27 1.20 1.12 1.01 0.86 0.67 0.48 0.31 0.16 0.03 0.00 0.00 0.00 0.00 0.00
1.20 1.35 1.50 1.67 1.83 2.00 2.17 2.34 2.51 2.68 2.84 2.99 3.14 3.27 3.40 3.51 3.62 3.70 3.77 3.83 3.86 3.88 3.88 3.86 3.85 3.84 3.83 3.81 3.77 3.71 3.64 3.55 3.44 3.33 3.21 3.08 2.95 2.81 2.67 2.53 2.39 2.25 2.11 1.99 1.87 1.76 1.69 1.66 1.67 1.68 1.69 1.69 1.69 1.68 1.68 1.67 1.67 1.67 1.66 1.65 1.64 1.63 1.62 1.61 1.59 1.57 1.55 1.52 1.50 1.46 1.42 1.36 1.25 1.09 0.89 0.70 0.53 0.36 0.21 0.09 0.00 0.00 0.00 0.00
1.13 1.26 1.41 1.57 1.74 1.91 2.08 2.24 2.41 2.57 2.73 2.88 3.02 3.15 3.28 3.39 3.49 3.57 3.63 3.68 3.71 3.72 3.71 3.70 3.68 3.67 3.66 3.65 3.63 3.59 3.53 3.45 3.36 3.26 3.15 3.02 2.89 2.75 2.61 2.47 2.32 2.18 2.04 1.90 1.78 1.68 1.62 1.60 1.61 1.62 1.64 1.64 1.64 1.64 1.64 1.64 1.65 1.65 1.66 1.66 1.67 1.68 1.68 1.69 1.70 1.70 1.71 1.71 1.71 1.71 1.68 1.61 1.49 1.33 1.13 0.94 0.76 0.59 0.43 0.29 0.17 0.07 0.00 0.00
1.10 1.18 1.32 1.47 1.64 1.80 1.97 2.14 2.30 2.46 2.61 2.76 2.90 3.03 3.15 3.26 3.35 3.43 3.49 3.53 3.55 3.55 3.54 3.52 3.50 3.49 3.48 3.47 3.46 3.44 3.39 3.33 3.26 3.17 3.06 2.95 2.82 2.69 2.55 2.41 2.26 2.11 1.97 1.83 1.72 1.63 1.58 1.57 1.58 1.59 1.61 1.62 1.63 1.64 1.64 1.65 1.66 1.68 1.70 1.72 1.74 1.76 1.79 1.82 1.85 1.88 1.91 1.94 1.97 1.98 1.95 1.87 1.75 1.59 1.39 1.19 1.01 0.84 0.67 0.52 0.38 0.26 0.17 0.09
1.10 1.14 1.24 1.37 1.53 1.70 1.86 2.03 2.19 2.35 2.50 2.64 2.78 2.90 3.02 3.12 3.21 3.28 3.33 3.36 3.38 3.38 3.37 3.34 3.32 3.30 3.29 3.28 3.27 3.26 3.24 3.19 3.13 3.06 2.96 2.86 2.74 2.62 2.48 2.34 2.19 2.04 1.90 1.78 1.68 1.62 1.58 1.56 1.57 1.59 1.61 1.63 1.65 1.66 1.68 1.69 1.72 1.74 1.77 1.81 1.85 1.89 1.94 1.99 2.04 2.10 2.16 2.21 2.25 2.26 2.22 2.14 2.02 1.85 1.65 1.45 1.27 1.09 0.93 0.77 0.62 0.48 0.37 0.28
1.12 1.14 1.20 1.30 1.43 1.59 1.76 1.92 2.08 2.23 2.38 2.52 2.65 2.77 2.88 2.98 3.06 3.12 3.17 3.20 3.21 3.20 3.19 3.16 3.14 3.11 3.10 3.08 3.07 3.06 3.05 3.03 2.99 2.93 2.85 2.76 2.65 2.53 2.40 2.27 2.12 1.98 1.86 1.76 1.68 1.62 1.59 1.58 1.60 1.62 1.64 1.66 1.69 1.71 1.74 1.77 1.80 1.84 1.88 1.93 1.99 2.05 2.12 2.19 2.27 2.35 2.44 2.51 2.54 2.54 2.50 2.42 2.29 2.12 1.92 1.72 1.53 1.36 1.19 1.03 0.87 0.73 0.60 0.49
1.18 1.16 1.19 1.25 1.36 1.49 1.65 1.81 1.97 2.12 2.26 2.40 2.53 2.65 2.75 2.84 2.92 2.97 3.01 3.03 3.03 3.02 3.00 2.97 2.95 2.92 2.90 2.89 2.87 2.86 2.85 2.84 2.82 2.78 2.72 2.64 2.55 2.44 2.32 2.19 2.06 1.94 1.84 1.76 1.70 1.66 1.63 1.63 1.64 1.67 1.69 1.72 1.75 1.79 1.83 1.87 1.91 1.96 2.02 2.09 2.16 2.24 2.33 2.43 2.53 2.64 2.73 2.80 2.83 2.82 2.78 2.69 2.56 2.39 2.19 1.99 1.80 1.62 1.45 1.29 1.14 0.99 0.85 0.73
1.26 1.22 1.21 1.25 1.32 1.42 1.56 1.71 1.86 2.01 2.15 2.29 2.41 2.53 2.63 2.71 2.77 2.81 2.84 2.86 2.86 2.85 2.82 2.79 2.76 2.74 2.71 2.69 2.67 2.66 2.65 2.64 2.64 2.61 2.57 2.51 2.43 2.34 2.23 2.12 2.01 1.92 1.85 1.79 1.74 1.71 1.70 1.70 1.71 1.73 1.76 1.80 1.83 1.88 1.93 1.98 2.04 2.11 2.18 2.27 2.36 2.46 2.57 2.69 2.82 2.94 3.03 3.08 3.11 3.10 3.05 2.96 2.83 2.66 2.45 2.26 2.07 1.89 1.72 1.56 1.40 1.25 1.11 0.98
1.37 1.30 1.27 1.27 1.31 1.38 1.49 1.62 1.77 1.91 2.05 2.18 2.31 2.41 2.50 2.57 2.62 2.66 2.68 2.69 2.69 2.67 2.64 2.61 2.58 2.55 2.52 2.50 2.48 2.47 2.45 2.44 2.44 2.43 2.41 2.37 2.31 2.23 2.14 2.06 1.98 1.92 1.87 1.83 1.80 1.78 1.77 1.78 1.79 1.82 1.85 1.89 1.93 1.99 2.05 2.11 2.19 2.27 2.37 2.47 2.58 2.70 2.84 2.98 3.11 3.22 3.31 3.36 3.38 3.37 3.32 3.23 3.09 2.92 2.71 2.52 2.33 2.15 1.98 1.82 1.66 1.52 1.37 1.24
1.50 1.41 1.35 1.33 1.35 1.39 1.46 1.56 1.69 1.83 1.97 2.09 2.20 2.30 2.37 2.43 2.48 2.51 2.52 2.53 2.52 2.50 2.47 2.43 2.40 2.37 2.34 2.32 2.30 2.28 2.26 2.25 2.24 2.24 2.23 2.21 2.17 2.11 2.06 2.01 1.97 1.94 1.91 1.89 1.88 1.87 1.87 1.88 1.89 1.92 1.95 1.99 2.04 2.11 2.18 2.26 2.35 2.45 2.56 2.68 2.81 2.96 3.11 3.26 3.39 3.50 3.57 3.62 3.64 3.62 3.57 3.48 3.34 3.17 2.97 2.77 2.58 2.40 2.23 2.07 1.92 1.77 1.63 1.49
1.65 1.54 1.47 1.43 1.41 1.43 1.47 1.55 1.64 1.76 1.89 2.01 2.11 2.19 2.26 2.31 2.34 2.36 2.37 2.37 2.36 2.34 2.30 2.27 2.23 2.20 2.17 2.14 2.12 2.10 2.08 2.07 2.06 2.05 2.04 2.04 2.03 2.01 1.99 1.98 1.97 1.97 1.96 1.96 1.96 1.97 1.98 1.99 2.00 2.02 2.06 2.11 2.16 2.23 2.32 2.41 2.52 2.63 2.76 2.91 3.06 3.22 3.39 3.53 3.65 3.75 3.82 3.87 3.88 3.86 3.81 3.71 3.58 3.41 3.20 3.01 2.82 2.64 2.48 2.32 2.16 2.02 1.88 1.74
1.83 1.70 1.61 1.55 1.52 1.51 1.53 1.57 1.64 1.73 1.83 1.93 2.02 2.09 2.15 2.19 2.22 2.23 2.23 2.23 2.21 2.18 2.15 2.11 2.07 2.04 2.01 1.98 1.96 1.93 1.91 1.90 1.88 1.87 1.87 1.87 1.89 1.92 1.94 1.96 1.99 2.01 2.02 2.04 2.06 2.07 2.09 2.10 2.12 2.14 2.18 2.23 2.29 2.37 2.46 2.57 2.69 2.82 2.97 3.13 3.31 3.48 3.64 3.77 3.89 3.99 4.05 4.09 4.10 4.08 4.03 3.93 3.80 3.63 3.42 3.23 3.04 2.87 2.70 2.55 2.39 2.25 2.11 1.98
2.02 1.89 1.78 1.70 1.65 1.62 1.62 1.64 1.68 1.73 1.80 1.87 1.94 2.00 2.05 2.08 2.10 2.11 2.10 2.09 2.07 2.04 2.00 1.96 1.93 1.89 1.86 1.83 1.80 1.78 1.76 1.74 1.73 1.71 1.71 1.73 1.77 1.83 1.89 1.95 2.01 2.05 2.09 2.13 2.16 2.19 2.21 2.23 2.24 2.26 2.30 2.35 2.42 2.51 2.61 2.73 2.87 3.02 3.18 3.36 3.54 3.71 3.86 3.99 4.10 4.19 4.26 4.29 4.30 4.28 4.22 4.13 4.00 3.82 3.63 3.43 3.25 3.08 2.91 2.76 2.61 2.47 2.33 2.20
2.24 2.09 1.97 1.88 1.81 1.77 1.75 1.74 1.75 1.77 1.80 1.83 1.88 1.92 1.96 1.98 1.99 2.00 1.99 1.97 1.94 1.91 1.87 1.83 1.80 1.76 1.73 1.70 1.67 1.64 1.62 1.60 1.58 1.58 1.59 1.62 1.68 1.76 1.85 1.95 2.03 2.10 2.17 2.22 2.27 2.30 2.33 2.35 2.36 2.39 2.42 2.48 2.56 2.65 2.76 2.89 3.04 3.21 3.39 3.58 3.75 3.91 4.06 4.18 4.29 4.37 4.43 4.47 4.47 4.45 4.39 4.30 4.17 4.00 3.80 3.61 3.43 3.26 3.10 2.95 2.80 2.66 2.53 2.40
2.47 2.32 2.19 2.09 2.01 1.95 1.91 1.88 1.86 1.84 1.83 1.83 1.84 1.86 1.89 1.90 1.91 1.90 1.89 1.86 1.84 1.80 1.76 1.72 1.68 1.65 1.61 1.58 1.55 1.52 1.50 1.48 1.47 1.47 1.50 1.56 1.63 1.72 1.82 1.94 2.06 2.15 2.24 2.31 2.37 2.42 2.46 2.48 2.49 2.51 2.55 2.61 2.69 2.79 2.91 3.05 3.21 3.39 3.58 3.76 3.92 4.08 4.21 4.34 4.44 4.52 4.58 4.61 4.61 4.59 4.53 4.44 4.31 4.14 3.95 3.76 3.58 3.42 3.26 3.11 2.97 2.83 2.70 2.57
2.71 2.56 2.43 2.32 2.23 2.15 2.09 2.04 1.98 1.94 1.90 1.87 1.85 1.84 1.84 1.84 1.84 1.82 1.80 1.78 1.75 1.71 1.67 1.63 1.59 1.55 1.51 1.48 1.45 1.42 1.40 1.38 1.39 1.41 1.46 1.52 1.61 1.70 1.82 1.95 2.08 2.20 2.31 2.40 2.48 2.54 2.58 2.60 2.61 2.63 2.67 2.73 2.81 2.92 3.05 3.20 3.38 3.56 3.73 3.90 4.06 4.21 4.34 4.45 4.55 4.63 4.68 4.72 4.72 4.69 4.64 4.55 4.42 4.25 4.06 3.88 3.71 3.54 3.39 3.24 3.11 2.97 2.84 2.71
2.98 2.82 2.69 2.57 2.47 2.38 2.30 2.21 2.13 2.06 1.99 1.93 1.88 1.84 1.81 1.80 1.78 1.77 1.74 1.71 1.68 1.64 1.60 1.55 1.51 1.48 1.44 1.41 1.38 1.35 1.33 1.33 1.35 1.39 1.45 1.52 1.62 1.72 1.84 1.97 2.11 2.25 2.38 2.49 2.58 2.64 2.69 2.71 2.72 2.74 2.78 2.84 2.93 3.04 3.18 3.34 3.52 3.69 3.85 4.01 4.16 4.30 4.42 4.53 4.63 4.70 4.75 4.78 4.79 4.76 4.71 4.62 4.49 4.33 4.15 3.97 3.80 3.64 3.49 3.35 3.21 3.08 2.94 2.80
3.25 3.10 2.96 2.84 2.73 2.62 2.52 2.41 2.31 2.21 2.12 2.03 1.96 1.89 1.83 1.79 1.76 1.73 1.70 1.67 1.63 1.59 1.55 1.51 1.47 1.43 1.39 1.36 1.33 1.30 1.30 1.32 1.35 1.40 1.47 1.56 1.66 1.77 1.89 2.02 2.15 2.30 2.44 2.56 2.67 2.74 2.79 2.82 2.82 2.84 2.88 2.94 3.04 3.16 3.30 3.46 3.62 3.78 3.93 4.08 4.22 4.35 4.47 4.57 4.66 4.73 4.78 4.81 4.81 4.79 4.73 4.65 4.53 4.37 4.19 4.01 3.85 3.69 3.55 3.41 3.28 3.14 3.00 2.85
3.54 3.39 3.26 3.13 3.00 2.87 2.75 2.62 2.50 2.38 2.27 2.16 2.06 1.97 1.89 1.82 1.77 1.72 1.69 1.65 1.61 1.57 1.53 1.48 1.44 1.41 1.37 1.34 1.31 1.30 1.32 1.35 1.39 1.46 1.54 1.63 1.73 1.84 1.96 2.09 2.22 2.36 2.50 2.63 2.74 2.83 2.88 2.91 2.91 2.92 2.96 3.03 3.13 3.25 3.39 3.54 3.68 3.83 3.97 4.11 4.24 4.36 4.47 4.57 4.65 4.71 4.76 4.79 4.79 4.77 4.72 4.63 4.52 4.36 4.19 4.02 3.86 3.71 3.57 3.43 3.29 3.15 3.00 2.85
3.83 3.69 3.56 3.42 3.27 3.13 2.99 2.85 2.71 2.57 2.44 2.31 2.20 2.09 1.99 1.90 1.82 1.75 1.70 1.66 1.62 1.57 1.53 1.49 1.45 1.41 1.38 1.35 1.34 1.35 1.37 1.42 1.48 1.55 1.63 1.73 1.83 1.95 2.06 2.19 2.31 2.44 2.56 2.69 2.81 2.90 2.96 2.99 2.99 3.00 3.03 3.10 3.20 3.32 3.45 3.57 3.71 3.84 3.97 4.09 4.21 4.32 4.42 4.52 4.59 4.65 4.70 4.72 4.72 4.70 4.65 4.57 4.46 4.31 4.14 3.97 3.82 3.68 3.54 3.40 3.26 3.11 2.96 2.80
4.14 4.00 3.85 3.70 3.55 3.39 3.24 3.08 2.93 2.78 2.63 2.49 2.36 2.23 2.11 2.01 1.91 1.83 1.76 1.70 1.66 1.61 1.57 1.53 1.49 1.45 1.42 1.41 1.41 1.44 1.48 1.53 1.60 1.68 1.76 1.86 1.97 2.07 2.19 2.30 2.42 2.53 2.65 2.76 2.86 2.95 3.02 3.05 3.04 3.05 3.09 3.15 3.24 3.35 3.45 3.57 3.68 3.80 3.92 4.03 4.14 4.24 4.33 4.42 4.49 4.54 4.58 4.60 4.60 4.58 4.53 4.46 4.35 4.21 4.04 3.88 3.74 3.60 3.45 3.31 3.16 3.01 2.86 2.70
4.44 4.29 4.14 3.98 3.82 3.66 3.49 3.33 3.16 3.00 2.84 2.69 2.54 2.40 2.27 2.15 2.04 1.94 1.86 1.78 1.73 1.68 1.64 1.60 1.56 1.53 1.51 1.52 1.54 1.57 1.62 1.68 1.76 1.84 1.93 2.02 2.13 2.23 2.34 2.44 2.55 2.65 2.75 2.84 2.92 3.00 3.06 3.08 3.08 3.08 3.11 3.17 3.24 3.32 3.41 3.51 3.61 3.71 3.82 3.92 4.02 4.11 4.20 4.27 4.33 4.38 4.42 4.44 4.43 4.41 4.36 4.29 4.18 4.05 3.89 3.74 3.59 3.45 3.30 3.16 3.00 2.85 2.70 2.55
4.72 4.57 4.42 4.26 4.09 3.92 3.75 3.58 3.41 3.24 3.07 2.91 2.76 2.61 2.46 2.33 2.21 2.10 2.00 1.91 1.84 1.79 1.74 1.70 1.67 1.66 1.66 1.67 1.71 1.75 1.81 1.88 1.95 2.04 2.13 2.22 2.31 2.41 2.51 2.60 2.69 2.78 2.86 2.93 2.99 3.04 3.08 3.10 3.09 3.08 3.10 3.14 3.19 3.26 3.33 3.41 3.49 3.58 3.67 3.76 3.85 3.93 4.00 4.07 4.13 4.17 4.20 4.21 4.21 4.18 4.13 4.06 3.96 3.83 3.68 3.53 3.39 3.24 3.09 2.94 2.79 2.64 2.49 2.34
4.99 4.84 4.69 4.52 4.36 4.19 4.01 3.84 3.66 3.49 3.32 3.15 2.99 2.83 2.68 2.54 2.41 2.29 2.18 2.08 2.00 1.93 1.88 1.85 1.83 1.83 1.85 1.88 1.92 1.97 2.04 2.11 2.18 2.27 2.35 2.44 2.53 2.62 2.70 2.78 2.85 2.92 2.98 3.03 3.07 3.09 3.10 3.09 3.07 3.05 3.05 3.06 3.09 3.14 3.19 3.25 3.32 3.40 3.47 3.55 3.62 3.70 3.76 3.82 3.87 3.91 3.93 3.94 3.93 3.90 3.85 3.78 3.68 3.55 3.41 3.26 3.11 2.96 2.81 2.66 2.51 2.36 2.22 2.07
5.24 5.10 4.94 4.78 4.61 4.44 4.27 4.09 3.92 3.74 3.57 3.40 3.23 3.07 2.91 2.76 2.63 2.50 2.38 2.28 2.19 2.11 2.05 2.02 2.02 2.03 2.06 2.10 2.15 2.21 2.27 2.35 2.42 2.50 2.58 2.66 2.74 2.82 2.89 2.95 3.01 3.06 3.10 3.12 3.13 3.12 3.10 3.06 3.02 2.99 2.97 2.96 2.97 3.00 3.03 3.08 3.13 3.19 3.25 3.31 3.37 3.43 3.49 3.54 3.58 3.61 3.63 3.63 3.62 3.59 3.54 3.47 3.37 3.25 3.11 2.96 2.81 2.65 2.50 2.36 2.21 2.07 1.93 1.79
5.49 5.34 5.19 5.03 4.86 4.69 4.52 4.34 4.16 3.98 3.81 3.63 3.46 3.30 3.14 2.98 2.84 2.70 2.58 2.47 2.37 2.28 2.22 2.17 2.17 2.20 2.24 2.29 2.35 2.41 2.48 2.55 2.63 2.71 2.78 2.85 2.92 2.99 3.04 3.09 3.13 3.16 3.17 3.17 3.15 3.12 3.07 3.02 2.97 2.93 2.90 2.87 2.86 2.86 2.88 2.91 2.94 2.99 3.03 3.08 3.13 3.18 3.23 3.27 3.30 3.33 3.34 3.34 3.32 3.29 3.24 3.17 3.07 2.97 2.84 2.70 2.54 2.39 2.24 2.09 1.95 1.81 1.67 1.54
5.72 5.57 5.42 5.26 5.10 4.93 4.76 4.58 4.40 4.22 4.04 3.86 3.69 3.52 3.35 3.19 3.04 2.90 2.77 2.65 2.54 2.45 2.37 2.33 2.31 2.34 2.39 2.45 2.51 2.58 2.66 2.73 2.80 2.88 2.95 3.01 3.07 3.12 3.16 3.19 3.21 3.22 3.21 3.18 3.14 3.08 3.01 2.96 2.91 2.88 2.83 2.79 2.76 2.75 2.74 2.75 2.77 2.80 2.83 2.87 2.91 2.95 2.98 3.02 3.04 3.06 3.07 3.06 3.04 3.01 2.95 2.88 2.80 2.71 2.60 2.47 2.33 2.17 2.02 1.87 1.73 1.59 1.46 1.33
5.94 5.80 5.65 5.49 5.33 5.16 4.98 4.81 4.63 4.44 4.26 4.08 3.90 3.73 3.56 3.39 3.24 3.09 2.95 2.82 2.71 2.61 2.53 2.47 2.45 2.47 2.51 2.58 2.65 2.72 2.80 2.87 2.94 3.01 3.08 3.13 3.18 3.22 3.25 3.26 3.26 3.24 3.21 3.16 3.09 3.01 2.94 2.89 2.85 2.81 2.77 2.72 2.68 2.64 2.62 2.61 2.62 2.63 2.65 2.67 2.70 2.73 2.75 2.77 2.79 2.80 2.80 2.80 2.77 2.73 2.68 2.62 2.56 2.48 2.39 2.27 2.14 1.99 1.83 1.68 1.54 1.41 1.28 1.16
6.15 6.01 5.86 5.71 5.54 5.38 5.20 5.02 4.84 4.66 4.47 4.29 4.11 3.93 3.76 3.59 3.43 3.27 3.12 2.99 2.87 2.76 2.67 2.61 2.58 2.59 2.62 2.69 2.76 2.84 2.91 2.99 3.06 3.12 3.18 3.22 3.26 3.28 3.30 3.29 3.27 3.23 3.18 3.10 3.01 2.94 2.87 2.82 2.77 2.74 2.69 2.65 2.60 2.55 2.51 2.49 2.48 2.47 2.48 2.49 2.50 2.52 2.53 2.55 2.56 2.56 2.56 2.54 2.52 2.48 2.44 2.39 2.34 2.28 2.19 2.09 1.97 1.84 1.69 1.54 1.39 1.26 1.13 1.01
6.35 6.21 6.06 5.91 5.75 5.58 5.41 5.23 5.05 4.86 4.68 4.49 4.31 4.12 3.95 3.77 3.60 3.44 3.29 3.15 3.02 2.91 2.81 2.74 2.70 2.70 2.73 2.78 2.85 2.93 3.00 3.08 3.14 3.20 3.25 3.28 3.31 3.32 3.31 3.29 3.25 3.19 3.11 3.02 2.94 2.86 2.79 2.74 2.70 2.66 2.62 2.57 2.52 2.47 2.42 2.38 2.35 2.33 2.32 2.32 2.32 2.32 2.33 2.34 2.34 2.34 2.33 2.31 2.28 2.25 2.23 2.19 2.15 2.10 2.03 1.94 1.83 1.70 1.57 1.42 1.28 1.14 1.01 0.90
