data_processed/recharge/precip/Precip_1984_11.asc
ncols        168
nrows        136
xllcorner    455000
yllcorner    2107000
cellsize     500
NODATA_value     -99999
[rows 76 to 113 of 136, columns 84 to 167 of 168]
0.21 0.20 0.20 0.19 0.18 0.17 0.16 0.15 0.14 0.12 0.11 0.10 0.09 0.07 0.06 0.06 0.05 0.05 0.04 0.04 0.03 0.03 0.02 0.02 0.02 0.01 0.02 0.03 0.06 0.10 0.15 0.22 0.30 0.39 0.49 0.60 0.72 0.86 1.02 1.20 1.40 1.61 1.82 2.05 2.30 2.55 2.82 3.11 3.41 3.73 4.05 4.37 4.68 4.98 5.27 5.55 5.82 6.07 6.30 6.50 6.66 6.78 6.85 6.87 6.82 6.72 6.56 6.36 6.11 5.83 5.52 5.19 4.86 4.58 4.38 4.25 4.18 4.17 4.19 4.25 4.33 4.41 4.48 4.48
0.20 0.19 0.18 0.17 0.16 0.15 0.14 0.13 0.12 0.11 0.09 0.08 0.07 0.06 0.05 0.05 0.05 0.05 0.05 0.04 0.04 0.04 0.04 0.03 0.03 0.03 0.03 0.05 0.07 0.11 0.15 0.21 0.27 0.35 0.43 0.53 0.64 0.76 0.91 1.07 1.26 1.46 1.67 1.89 2.13 2.38 2.64 2.92 3.22 3.53 3.84 4.15 4.46 4.75 5.04 5.32 5.59 5.83 6.06 6.24 6.38 6.48 6.55 6.57 6.55 6.47 6.33 6.15 5.92 5.66 5.37 5.06 4.74 4.48 4.31 4.20 4.17 4.18 4.24 4.33 4.45 4.55 4.60 4.58
0.18 0.17 0.16 0.15 0.14 0.13 0.12 0.11 0.10 0.09 0.08 0.06 0.06 0.05 0.04 0.04 0.04 0.04 0.05 0.05 0.05 0.05 0.05 0.05 0.05 0.05 0.05 0.06 0.08 0.11 0.15 0.19 0.24 0.31 0.38 0.46 0.56 0.67 0.80 0.95 1.12 1.31 1.51 1.73 1.95 2.20 2.45 2.72 3.01 3.31 3.62 3.92 4.22 4.52 4.80 5.08 5.34 5.58 5.78 5.94 6.07 6.16 6.21 6.23 6.22 6.16 6.06 5.90 5.70 5.47 5.20 4.91 4.62 4.38 4.23 4.16 4.16 4.21 4.31 4.44 4.58 4.67 4.70 4.66
0.16 0.15 0.14 0.13 0.12 0.11 0.10 0.09 0.08 0.07 0.06 0.05 0.04 0.04 0.04 0.04 0.04 0.04 0.04 0.05 0.05 0.06 0.06 0.06 0.06 0.06 0.07 0.07 0.09 0.11 0.14 0.17 0.22 0.26 0.32 0.40 0.48 0.58 0.70 0.84 0.99 1.16 1.35 1.56 1.78 2.01 2.26 2.52 2.80 3.09 3.39 3.69 3.98 4.27 4.55 4.82 5.07 5.28 5.46 5.61 5.72 5.80 5.85 5.86 5.85 5.81 5.74 5.61 5.45 5.24 5.01 4.75 4.48 4.28 4.16 4.13 4.16 4.26 4.40 4.56 4.68 4.75 4.76 4.70
0.15 0.14 0.12 0.12 0.11 0.10 0.09 0.07 0.06 0.05 0.04 0.04 0.03 0.03 0.03 0.03 0.03 0.04 0.04 0.05 0.06 0.06 0.07 0.07 0.07 0.07 0.08 0.08 0.09 0.11 0.13 0.16 0.19 0.23 0.28 0.34 0.42 0.51 0.61 0.73 0.87 1.02 1.20 1.39 1.60 1.83 2.06 2.32 2.58 2.87 3.16 3.44 3.73 4.01 4.28 4.54 4.77 4.96 5.12 5.24 5.34 5.41 5.45 5.47 5.46 5.43 5.37 5.29 5.16 4.99 4.79 4.57 4.33 4.17 4.09 4.10 4.18 4.32 4.49 4.63 4.73 4.78 4.78 4.71
0.14 0.12 0.11 0.10 0.09 0.08 0.07 0.06 0.05 0.04 0.03 0.03 0.03 0.02 0.03 0.03 0.03 0.04 0.04 0.05 0.06 0.06 0.07 0.08 0.08 0.08 0.08 0.09 0.10 0.11 0.12 0.14 0.16 0.19 0.24 0.29 0.35 0.43 0.53 0.63 0.76 0.90 1.05 1.23 1.43 1.64 1.87 2.11 2.37 2.64 2.92 3.20 3.47 3.75 4.01 4.23 4.43 4.60 4.74 4.85 4.94 5.00 5.04 5.06 5.05 5.03 4.99 4.92 4.83 4.71 4.55 4.37 4.18 4.05 4.02 4.08 4.20 4.37 4.53 4.65 4.73 4.77 4.75 4.67
0.12 0.11 0.09 0.08 0.07 0.06 0.05 0.04 0.03 0.03 0.02 0.02 0.02 0.02 0.02 0.02 0.03 0.03 0.04 0.05 0.05 0.06 0.07 0.08 0.08 0.09 0.09 0.09 0.09 0.10 0.11 0.12 0.14 0.16 0.20 0.24 0.30 0.37 0.45 0.54 0.65 0.78 0.92 1.08 1.26 1.46 1.67 1.90 2.15 2.41 2.68 2.95 3.21 3.47 3.70 3.90 4.07 4.22 4.34 4.44 4.52 4.58 4.61 4.63 4.63 4.61 4.58 4.54 4.48 4.40 4.29 4.15 4.01 3.93 3.95 4.06 4.22 4.37 4.50 4.61 4.68 4.70 4.67 4.58
0.11 0.09 0.08 0.07 0.06 0.05 0.04 0.03 0.02 0.02 0.02 0.01 0.01 0.02 0.02 0.02 0.03 0.03 0.04 0.05 0.05 0.06 0.07 0.08 0.08 0.09 0.09 0.09 0.09 0.09 0.09 0.10 0.12 0.14 0.16 0.20 0.25 0.31 0.38 0.46 0.56 0.67 0.80 0.94 1.10 1.28 1.48 1.70 1.94 2.18 2.44 2.70 2.94 3.17 3.37 3.54 3.69 3.82 3.92 4.01 4.08 4.13 4.17 4.19 4.19 4.19 4.17 4.15 4.11 4.07 4.01 3.92 3.83 3.80 3.88 4.02 4.16 4.30 4.41 4.50 4.56 4.57 4.54 4.44
0.10 0.08 0.07 0.06 0.05 0.04 0.03 0.02 0.02 0.01 0.01 0.01 0.01 0.01 0.02 0.02 0.03 0.03 0.04 0.04 0.05 0.06 0.06 0.07 0.08 0.08 0.08 0.08 0.08 0.08 0.08 0.09 0.10 0.11 0.13 0.17 0.20 0.25 0.31 0.38 0.47 0.57 0.68 0.81 0.95 1.12 1.30 1.50 1.72 1.96 2.20 2.44 2.65 2.84 3.01 3.16 3.29 3.40 3.49 3.57 3.63 3.68 3.71 3.74 3.75 3.76 3.76 3.75 3.74 3.73 3.71 3.68 3.64 3.67 3.78 3.91 4.03 4.15 4.25 4.33 4.37 4.38 4.34 4.24
0.10 0.07 0.06 0.04 0.03 0.03 0.02 0.01 0.01 0.01 0.01 0.01 0.01 0.01 0.02 0.02 0.02 0.03 0.03 0.04 0.04 0.05 0.06 0.06 0.07 0.07 0.07 0.07 0.07 0.07 0.07 0.07 0.08 0.09 0.11 0.13 0.16 0.20 0.25 0.32 0.39 0.47 0.57 0.69 0.82 0.96 1.13 1.31 1.52 1.74 1.95 2.15 2.33 2.49 2.63 2.76 2.87 2.96 3.04 3.11 3.16 3.21 3.25 3.28 3.31 3.33 3.34 3.36 3.37 3.39 3.40 3.42 3.44 3.51 3.60 3.71 3.82 3.92 4.01 4.07 4.11 4.11 4.07 3.97
0.11 0.08 0.05 0.04 0.03 0.02 0.02 0.01 0.01 0.01 0.01 0.01 0.01 0.01 0.02 0.02 0.02 0.03 0.03 0.04 0.04 0.04 0.05 0.05 0.05 0.05 0.06 0.06 0.06 0.06 0.06 0.06 0.06 0.07 0.08 0.10 0.13 0.16 0.20 0.25 0.31 0.39 0.47 0.57 0.69 0.82 0.97 1.13 1.32 1.52 1.70 1.86 2.01 2.14 2.25 2.35 2.44 2.52 2.59 2.65 2.70 2.75 2.79 2.83 2.87 2.90 2.94 2.97 3.01 3.06 3.10 3.16 3.21 3.27 3.35 3.44 3.53 3.62 3.70 3.75 3.79 3.79 3.74 3.65
0.12 0.08 0.05 0.04 0.03 0.02 0.02 0.02 0.01 0.01 0.01 0.01 0.01 0.02 0.02 0.02 0.02 0.03 0.03 0.03 0.03 0.03 0.04 0.04 0.04 0.04 0.04 0.04 0.04 0.04 0.04 0.04 0.05 0.05 0.06 0.07 0.09 0.12 0.15 0.20 0.25 0.31 0.39 0.47 0.57 0.69 0.82 0.97 1.14 1.32 1.48 1.60 1.72 1.81 1.90 1.98 2.05 2.11 2.17 2.22 2.27 2.31 2.36 2.41 2.45 2.50 2.56 2.61 2.68 2.75 2.83 2.91 2.98 3.03 3.09 3.16 3.24 3.32 3.39 3.45 3.48 3.48 3.44 3.35
0.12 0.08 0.05 0.05 0.04 0.04 0.03 0.03 0.03 0.02 0.02 0.02 0.02 0.02 0.02 0.02 0.02 0.03 0.03 0.03 0.02 0.02 0.02 0.02 0.02 0.01 0.01 0.02 0.02 0.02 0.03 0.03 0.03 0.03 0.04 0.05 0.06 0.08 0.11 0.14 0.19 0.24 0.30 0.38 0.47 0.57 0.69 0.82 0.98 1.15 1.29 1.39 1.47 1.54 1.60 1.65 1.70 1.75 1.79 1.83 1.87 1.92 1.97 2.02 2.07 2.14 2.21 2.29 2.38 2.48 2.58 2.67 2.74 2.80 2.86 2.92 2.98 3.06 3.12 3.17 3.20 3.20 3.17 3.09
0.13 0.08 0.06 0.06 0.06 0.06 0.05 0.05 0.04 0.04 0.04 0.04 0.03 0.03 0.03 0.03 0.03 0.03 0.02 0.02 0.02 0.01 0.00 0.00 0.00 0.00 0.00 0.00 0.00 0.00 0.00 0.01 0.01 0.01 0.02 0.02 0.03 0.05 0.07 0.10 0.13 0.18 0.23 0.29 0.37 0.46 0.56 0.69 0.83 0.99 1.13 1.22 1.27 1.31 1.34 1.37 1.39 1.42 1.45 1.48 1.52 1.56 1.61 1.67 1.73 1.81 1.89 1.99 2.10 2.22 2.33 2.42 2.50 2.56 2.63 2.69 2.75 2.81 2.87 2.92 2.95 2.96 2.93 2.86
0.13 0.10 0.08 0.08 0.09 0.08 0.08 0.07 0.07 0.06 0.06 0.05 0.05 0.05 0.04 0.04 0.03 0.03 0.02 0.01 0.00 0.00 0.00 0.00 0.00 0.00 0.00 0.00 0.00 0.00 0.00 0.00 0.00 0.00 0.00 0.00 0.01 0.02 0.03 0.06 0.08 0.12 0.16 0.22 0.28 0.36 0.46 0.58 0.71 0.86 0.98 1.06 1.10 1.12 1.12 1.12 1.13 1.14 1.15 1.17 1.20 1.24 1.29 1.35 1.42 1.51 1.61 1.73 1.85 1.97 2.08 2.18 2.25 2.33 2.39 2.46 2.52 2.58 2.64 2.69 2.73 2.74 2.72 2.66
0.15 0.12 0.11 0.11 0.12 0.12 0.11 0.11 0.10 0.09 0.08 0.08 0.07 0.06 0.05 0.04 0.03 0.02 0.01 0.00 0.00 0.00 0.00 0.00 0.00 0.00 0.00 0.00 0.00 0.00 0.00 0.00 0.00 0.00 0.00 0.00 0.00 0.00 0.00 0.02 0.04 0.07 0.11 0.15 0.21 0.28 0.37 0.48 0.60 0.74 0.85 0.92 0.95 0.96 0.95 0.92 0.90 0.89 0.89 0.90 0.92 0.95 1.00 1.06 1.14 1.24 1.35 1.48 1.61 1.73 1.83 1.93 2.01 2.09 2.16 2.23 2.30 2.36 2.42 2.48 2.52 2.54 2.53 2.49
0.17 0.15 0.14 0.15 0.15 0.16 0.15 0.14 0.13 0.12 0.11 0.10 0.09 0.08 0.06 0.05 0.04 0.02 0.01 0.00 0.00 0.00 0.00 0.00 0.00 0.00 0.00 0.00 0.00 0.00 0.00 0.00 0.00 0.00 0.00 0.00 0.00 0.00 0.00 0.00 0.00 0.02 0.05 0.09 0.14 0.21 0.30 0.40 0.51 0.64 0.73 0.80 0.82 0.82 0.80 0.76 0.72 0.69 0.67 0.67 0.68 0.70 0.75 0.81 0.90 1.00 1.12 1.25 1.37 1.48 1.59 1.69 1.77 1.85 1.93 2.01 2.08 2.15 2.21 2.27 2.32 2.35 2.36 2.33
0.20 0.18 0.18 0.19 0.20 0.20 0.19 0.19 0.17 0.16 0.14 0.13 0.11 0.10 0.08 0.06 0.04 0.02 0.00 0.00 0.00 0.00 0.00 0.00 0.00 0.00 0.00 0.00 0.00 0.00 0.00 0.00 0.00 0.00 0.00 0.00 0.00 0.00 0.00 0.00 0.00 0.00 0.01 0.04 0.09 0.16 0.23 0.33 0.43 0.55 0.64 0.69 0.71 0.70 0.67 0.63 0.58 0.52 0.49 0.47 0.47 0.49 0.53 0.59 0.68 0.79 0.90 1.02 1.13 1.24 1.35 1.45 1.54 1.62 1.70 1.78 1.86 1.93 2.00 2.07 2.13 2.17 2.19 2.18
0.23 0.22 0.22 0.23 0.24 0.25 0.24 0.23 0.22 0.20 0.18 0.16 0.14 0.11 0.09 0.07 0.04 0.02 0.00 0.00 0.00 0.00 0.00 0.00 0.00 0.00 0.00 0.00 0.00 0.00 0.00 0.00 0.00 0.00 0.00 0.00 0.00 0.00 0.00 0.00 0.00 0.00 0.00 0.01 0.05 0.11 0.19 0.27 0.37 0.47 0.55 0.59 0.61 0.60 0.56 0.52 0.46 0.39 0.34 0.30 0.29 0.30 0.34 0.40 0.49 0.59 0.69 0.80 0.91 1.01 1.12 1.22 1.30 1.39 1.47 1.56 1.64 1.72 1.79 1.86 1.93 1.99 2.03 2.04
0.27 0.26 0.26 0.28 0.29 0.30 0.29 0.28 0.26 0.24 0.22 0.19 0.16 0.13 0.11 0.07 0.04 0.01 0.00 0.00 0.00 0.00 0.00 0.00 0.00 0.00 0.00 0.00 0.00 0.00 0.00 0.00 0.00 0.00 0.00 0.00 0.00 0.00 0.00 0.00 0.00 0.00 0.00 0.00 0.03 0.08 0.15 0.23 0.31 0.41 0.48 0.51 0.52 0.50 0.47 0.41 0.35 0.29 0.22 0.17 0.15 0.15 0.18 0.24 0.31 0.40 0.49 0.59 0.69 0.79 0.89 0.99 1.08 1.17 1.25 1.34 1.42 1.51 1.59 1.66 1.73 1.80 1.86 1.89
0.30 0.30 0.31 0.33 0.35 0.35 0.35 0.33 0.31 0.29 0.26 0.23 0.19 0.15 0.12 0.08 0.04 0.01 0.00 0.00 0.00 0.00 0.00 0.00 0.00 0.00 0.00 0.00 0.00 0.00 0.00 0.00 0.00 0.00 0.00 0.00 0.00 0.00 0.00 0.00 0.00 0.00 0.00 0.00 0.00 0.06 0.12 0.19 0.27 0.36 0.42 0.45 0.45 0.42 0.38 0.33 0.26 0.20 0.13 0.08 0.04 0.03 0.05 0.09 0.15 0.22 0.30 0.39 0.49 0.58 0.68 0.77 0.86 0.95 1.04 1.13 1.21 1.30 1.38 1.46 1.54 1.61 1.68 1.74
0.35 0.35 0.36 0.39 0.40 0.41 0.40 0.39 0.37 0.34 0.30 0.26 0.22 0.18 0.13 0.09 0.05 0.01 0.00 0.00 0.00 0.00 0.00 0.00 0.00 0.00 0.00 0.00 0.00 0.00 0.00 0.00 0.00 0.00 0.00 0.00 0.00 0.00 0.00 0.00 0.00 0.00 0.00 0.00 0.00 0.04 0.10 0.16 0.24 0.31 0.37 0.39 0.38 0.35 0.31 0.25 0.19 0.12 0.06 0.00 0.00 0.00 0.00 0.00 0.01 0.06 0.13 0.21 0.29 0.38 0.48 0.57 0.66 0.74 0.83 0.92 1.01 1.10 1.19 1.27 1.35 1.43 1.50 1.57
0.39 0.39 0.41 0.44 0.46 0.47 0.46 0.45 0.42 0.39 0.35 0.30 0.25 0.20 0.15 0.10 0.06 0.02 0.00 0.00 0.00 0.00 0.00 0.00 0.00 0.00 0.00 0.00 0.00 0.00 0.00 0.00 0.00 0.00 0.00 0.00 0.00 0.00 0.00 0.00 0.00 0.00 0.00 0.00 0.00 0.03 0.09 0.15 0.21 0.28 0.33 0.34 0.33 0.30 0.25 0.19 0.12 0.06 0.00 0.00 0.00 0.00 0.00 0.00 0.00 0.00 0.00 0.04 0.12 0.20 0.29 0.37 0.46 0.55 0.64 0.73 0.82 0.91 1.00 1.08 1.17 1.25 1.33 1.40
0.44 0.45 0.47 0.50 0.52 0.53 0.52 0.51 0.48 0.44 0.39 0.34 0.28 0.22 0.17 0.12 0.07 0.03 0.00 0.00 0.00 0.00 0.00 0.00 0.00 0.00 0.00 0.00 0.00 0.00 0.00 0.00 0.00 0.00 0.00 0.00 0.00 0.00 0.00 0.00 0.00 0.00 0.00 0.00 0.00 0.03 0.08 0.13 0.19 0.26 0.29 0.30 0.28 0.25 0.20 0.14 0.07 0.00 0.00 0.00 0.00 0.00 0.00 0.00 0.00 0.00 0.00 0.00 0.00 0.03 0.11 0.19 0.28 0.37 0.45 0.54 0.63 0.72 0.81 0.90 0.99 1.08 1.16 1.24
0.48 0.50 0.52 0.56 0.58 0.59 0.58 0.56 0.53 0.49 0.44 0.38 0.32 0.26 0.20 0.14 0.09 0.04 0.00 0.00 0.00 0.00 0.00 0.00 0.00 0.00 0.00 0.00 0.00 0.00 0.00 0.00 0.00 0.00 0.00 0.00 0.00 0.00 0.00 0.00 0.00 0.00 0.00 0.00 0.00 0.03 0.08 0.13 0.18 0.24 0.27 0.27 0.25 0.21 0.15 0.09 0.02 0.00 0.00 0.00 0.00 0.00 0.00 0.00 0.00 0.00 0.00 0.00 0.00 0.00 0.00 0.03 0.11 0.20 0.28 0.37 0.46 0.55 0.64 0.73 0.82 0.91 1.00 1.09
0.53 0.55 0.58 0.62 0.64 0.65 0.64 0.62 0.59 0.54 0.49 0.42 0.36 0.30 0.23 0.17 0.12 0.07 0.02 0.00 0.00 0.00 0.00 0.00 0.00 0.00 0.00 0.00 0.00 0.00 0.00 0.00 0.00 0.00 0.00 0.00 0.00 0.00 0.00 0.00 0.00 0.00 0.00 0.00 0.00 0.04 0.08 0.13 0.17 0.22 0.24 0.24 0.21 0.17 0.12 0.05 0.00 0.00 0.00 0.00 0.00 0.00 0.00 0.00 0.00 0.00 0.00 0.00 0.00 0.00 0.00 0.00 0.00 0.04 0.13 0.22 0.30 0.39 0.49 0.58 0.67 0.76 0.85 0.95
0.58 0.60 0.63 0.67 0.70 0.71 0.70 0.68 0.64 0.59 0.53 0.47 0.41 0.34 0.28 0.21 0.16 0.10 0.05 0.01 0.00 0.00 0.00 0.00 0.00 0.00 0.00 0.00 0.00 0.00 0.00 0.00 0.00 0.00 0.00 0.00 0.00 0.00 0.00 0.00 0.00 0.00 0.00 0.00 0.00 0.04 0.08 0.13 0.17 0.21 0.23 0.22 0.19 0.14 0.08 0.02 0.00 0.00 0.00 0.00 0.00 0.00 0.00 0.00 0.00 0.00 0.00 0.00 0.00 0.00 0.00 0.00 0.00 0.00 0.00 0.07 0.16 0.25 0.34 0.43 0.53 0.62 0.72 0.82
0.62 0.65 0.69 0.73 0.76 0.77 0.76 0.74 0.70 0.65 0.59 0.53 0.46 0.40 0.33 0.27 0.20 0.14 0.09 0.04 0.00 0.00 0.00 0.00 0.00 0.00 0.00 0.00 0.00 0.00 0.00 0.00 0.00 0.00 0.00 0.00 0.00 0.00 0.00 0.00 0.00 0.00 0.00 0.00 0.01 0.05 0.09 0.13 0.17 0.20 0.21 0.20 0.17 0.12 0.06 0.00 0.00 0.00 0.00 0.00 0.00 0.00 0.00 0.00 0.00 0.00 0.00 0.00 0.00 0.00 0.00 0.00 0.00 0.00 0.00 0.00 0.03 0.12 0.21 0.31 0.41 0.51 0.61 0.71
0.67 0.70 0.74 0.78 0.82 0.83 0.82 0.79 0.75 0.70 0.65 0.59 0.53 0.46 0.39 0.33 0.26 0.20 0.14 0.08 0.03 0.00 0.00 0.00 0.00 0.00 0.00 0.00 0.00 0.00 0.00 0.00 0.00 0.00 0.00 0.00 0.00 0.00 0.00 0.00 0.00 0.00 0.00 0.00 0.01 0.06 0.10 0.13 0.16 0.19 0.20 0.18 0.14 0.09 0.04 0.00 0.00 0.00 0.00 0.00 0.00 0.00 0.00 0.00 0.00 0.00 0.00 0.00 0.00 0.00 0.00 0.00 0.00 0.00 0.00 0.00 0.00 0.01 0.10 0.20 0.30 0.41 0.51 0.62
0.71 0.74 0.79 0.84 0.87 0.88 0.87 0.85 0.81 0.77 0.72 0.66 0.60 0.53 0.46 0.40 0.33 0.26 0.20 0.14 0.08 0.04 0.00 0.00 0.00 0.00 0.00 0.00 0.00 0.00 0.00 0.00 0.00 0.00 0.00 0.00 0.00 0.00 0.00 0.00 0.00 0.00 0.00 0.00 0.02 0.06 0.10 0.13 0.16 0.18 0.19 0.16 0.13 0.08 0.02 0.00 0.00 0.00 0.00 0.00 0.00 0.00 0.00 0.00 0.00 0.00 0.00 0.00 0.00 0.00 0.00 0.00 0.00 0.00 0.00 0.00 0.00 0.00 0.02 0.12 0.23 0.33 0.44 0.54
0.75 0.79 0.84 0.89 0.92 0.93 0.93 0.91 0.88 0.84 0.79 0.74 0.68 0.61 0.54 0.48 0.41 0.34 0.27 0.21 0.15 0.09 0.05 0.01 0.00 0.00 0.00 0.00 0.00 0.00 0.00 0.00 0.00 0.00 0.00 0.00 0.00 0.00 0.00 0.00 0.00 0.00 0.00 0.00 0.04 0.07 0.10 0.13 0.16 0.18 0.17 0.15 0.11 0.06 0.01 0.00 0.00 0.00 0.00 0.00 0.00 0.00 0.00 0.00 0.00 0.00 0.00 0.00 0.00 0.00 0.00 0.00 0.00 0.00 0.00 0.00 0.00 0.00 0.00 0.07 0.17 0.28 0.39 0.49
0.78 0.83 0.88 0.93 0.97 0.99 0.99 0.97 0.95 0.92 0.87 0.82 0.76 0.70 0.64 0.57 0.49 0.42 0.35 0.29 0.22 0.16 0.11 0.06 0.03 0.00 0.00 0.00 0.00 0.00 0.00 0.00 0.00 0.00 0.00 0.00 0.00 0.00 0.00 0.00 0.00 0.00 0.00 0.03 0.05 0.08 0.10 0.13 0.15 0.16 0.16 0.13 0.10 0.06 0.02 0.00 0.00 0.00 0.00 0.00 0.00 0.00 0.00 0.00 0.00 0.00 0.00 0.00 0.00 0.00 0.00 0.00 0.00 0.00 0.00 0.00 0.00 0.00 0.00 0.04 0.15 0.25 0.36 0.46
0.82 0.86 0.92 0.98 1.02 1.04 1.05 1.05 1.03 1.00 0.96 0.92 0.86 0.80 0.74 0.67 0.60 0.52 0.45 0.38 0.31 0.25 0.19 0.13 0.09 0.05 0.02 0.00 0.00 0.00 0.00 0.00 0.00 0.00 0.00 0.00 0.00 0.00 0.00 0.00 0.00 0.02 0.04 0.05 0.07 0.09 0.11 0.13 0.14 0.15 0.14 0.13 0.10 0.07 0.03 0.00 0.00 0.00 0.00 0.00 0.00 0.00 0.00 0.00 0.00 0.00 0.00 0.00 0.00 0.00 0.00 0.00 0.00 0.00 0.00 0.00 0.00 0.00 0.00 0.04 0.15 0.25 0.36 0.46
0.85 0.90 0.96 1.02 1.07 1.10 1.12 1.12 1.11 1.09 1.06 1.02 0.97 0.91 0.85 0.78 0.71 0.63 0.56 0.48 0.41 0.34 0.28 0.22 0.16 0.12 0.08 0.06 0.04 0.02 0.01 0.00 0.00 0.00 0.00 0.00 0.01 0.02 0.03 0.04 0.05 0.06 0.07 0.09 0.10 0.11 0.12 0.12 0.13 0.13 0.13 0.12 0.11 0.08 0.05 0.01 0.00 0.00 0.00 0.00 0.00 0.00 0.00 0.00 0.00 0.00 0.00 0.00 0.00 0.00 0.00 0.00 0.00 0.00 0.00 0.00 0.00 0.00 0.00 0.07 0.17 0.28 0.38 0.49
0.88 0.93 0.99 1.05 1.11 1.15 1.18 1.19 1.19 1.18 1.15 1.11 1.07 1.01 0.95 0.88 0.81 0.74 0.66 0.58 0.51 0.44 0.37 0.30 0.24 0.19 0.14 0.11 0.10 0.08 0.07 0.07 0.06 0.06 0.06 0.06 0.07 0.07 0.08 0.08 0.09 0.10 0.10 0.11 0.11 0.11 0.11 0.11 0.11 0.11 0.12 0.12 0.11 0.09 0.07 0.04 0.00 0.00 0.00 0.00 0.00 0.00 0.00 0.00 0.00 0.00 0.00 0.00 0.00 0.00 0.00 0.00 0.00 0.00 0.00 0.00 0.00 0.00 0.00 0.10 0.20 0.30 0.41 0.51
0.91 0.97 1.02 1.08 1.14 1.19 1.23 1.25 1.26 1.25 1.23 1.20 1.15 1.10 1.04 0.98 0.91 0.83 0.76 0.68 0.60 0.52 0.45 0.38 0.31 0.25 0.20 0.16 0.14 0.12 0.12 0.11 0.11 0.10 0.10 0.10 0.11 0.11 0.11 0.11 0.11 0.12 0.11 0.11 0.11 0.10 0.09 0.09 0.08 0.09 0.09 0.10 0.10 0.09 0.07 0.05 0.02 0.00 0.00 0.00 0.00 0.00 0.00 0.00 0.00 0.00 0.00 0.00 0.00 0.00 0.00 0.00 0.00 0.00 0.00 0.00 0.00 0.00 0.02 0.12 0.22 0.32 0.42 0.52
0.95 1.00 1.06 1.12 1.17 1.22 1.26 1.29 1.31 1.31 1.29 1.27 1.23 1.18 1.13 1.07 1.00 0.92 0.85 0.77 0.69 0.61 0.53 0.45 0.38 0.31 0.25 0.20 0.17 0.15 0.14 0.14 0.13 0.13 0.13 0.13 0.13 0.13 0.13 0.13 0.12 0.12 0.11 0.11 0.10 0.08 0.07 0.06 0.06 0.06 0.07 0.07 0.08 0.08 0.07 0.05 0.03 0.00 0.00 0.00 0.00 0.00 0.00 0.00 0.00 0.00 0.00 0.00 0.00 0.00 0.00 0.00 0.00 0.00 0.00 0.00 0.00 0.00 0.03 0.13 0.23 0.33 0.43 0.53
0.99 1.04 1.09 1.15 1.20 1.24 1.29 1.32 1.35 1.35 1.35 1.33 1.30 1.26 1.20 1.14 1.08 1.00 0.93 0.85 0.76 0.68 0.60 0.52 0.44 0.36 0.29 0.24 0.19 0.16 0.15 0.15 0.15 0.15 0.14 0.14 0.14 0.14 0.13 0.13 0.12 0.11 0.10 0.09 0.07 0.05 0.04 0.03 0.03 0.04 0.04 0.05 0.05 0.06 0.06 0.05 0.04 0.02 0.00 0.00 0.00 0.00 0.00 0.00 0.00 0.00 0.00 0.00 0.00 0.00 0.00 0.00 0.00 0.00 0.00 0.00 0.00 0.00 0.04 0.14 0.23 0.33 0.43 0.53
