data_processed/recharge/precip/Precip_2009_10.asc
ncols        168
nrows        136
xllcorner    455000
yllcorner    2107000
cellsize     500
NODATA_value     -99999
[rows 32 to 63 of 136, columns 72 to 143 of 168]
119.79 118.52 117.15 115.70 114.16 112.57 110.98 109.37 107.76 106.15 104.57 103.02 101.50 100.01 98.55 97.13 95.73 94.36 93.01 91.70 90.41 89.14 87.90 86.69 85.50 84.33 83.18 82.05 80.95 79.86 78.79 77.74 76.71 75.70 74.70 73.72 72.75 71.80 70.86 69.93 69.01 68.11 67.22 66.33 65.46 64.59 63.74 62.89 62.04 61.20 60.37 59.54 58.72 57.89 57.07 56.25 55.44 54.63 53.89 53.24 52.69 52.22 51.79 51.26 50.63 49.89 49.07 48.21 47.37 46.57 45.79 45.05
119.25 117.96 116.59 115.12 113.56 111.96 110.35 108.73 107.11 105.52 103.96 102.44 100.94 99.48 98.04 96.64 95.26 93.91 92.59 91.29 90.02 88.77 87.55 86.35 85.18 84.03 82.89 81.78 80.69 79.62 78.57 77.53 76.51 75.51 74.53 73.56 72.60 71.66 70.73 69.81 68.90 68.01 67.12 66.25 65.38 64.52 63.67 62.82 61.98 61.15 60.32 59.49 58.67 57.85 57.03 56.21 55.40 54.58 53.77 53.02 52.37 51.82 51.29 50.68 49.97 49.15 48.31 47.49 46.70 45.94 45.21 44.51
118.71 117.41 116.01 114.53 112.96 111.34 109.72 108.09 106.50 104.93 103.40 101.90 100.42 98.98 97.57 96.19 94.83 93.51 92.21 90.93 89.68 88.45 87.25 86.07 84.91 83.78 82.66 81.57 80.49 79.44 78.40 77.38 76.37 75.39 74.41 73.45 72.51 71.58 70.66 69.75 68.85 67.97 67.09 66.22 65.36 64.51 63.67 62.83 61.99 61.16 60.34 59.52 58.70 57.88 57.06 56.25 55.43 54.62 53.80 52.99 52.24 51.58 50.97 50.27 49.47 48.64 47.83 47.05 46.30 45.58 44.89 44.23
118.18 116.85 115.44 113.94 112.36 110.73 109.10 107.49 105.92 104.38 102.88 101.40 99.95 98.54 97.15 95.79 94.46 93.15 91.87 90.62 89.39 88.18 87.00 85.84 84.70 83.58 82.49 81.41 80.35 79.31 78.29 77.28 76.29 75.32 74.36 73.41 72.48 71.56 70.66 69.76 68.87 68.00 67.13 66.27 65.42 64.58 63.74 62.91 62.08 61.25 60.44 59.62 58.80 57.99 57.18 56.36 55.55 54.73 53.92 53.10 52.28 51.53 50.82 50.03 49.21 48.41 47.63 46.89 46.17 45.48 44.83 44.21
117.64 116.30 114.87 113.35 111.75 110.12 108.51 106.93 105.39 103.88 102.40 100.95 99.53 98.14 96.77 95.44 94.13 92.85 91.59 90.36 89.15 87.97 86.81 85.67 84.55 83.45 82.37 81.31 80.27 79.25 78.24 77.25 76.28 75.32 74.37 73.44 72.52 71.62 70.72 69.84 68.96 68.10 67.24 66.39 65.55 64.71 63.88 63.06 62.24 61.42 60.61 59.80 58.99 58.18 57.37 56.56 55.75 54.94 54.12 53.30 52.48 51.66 50.86 50.05 49.25 48.48 47.73 47.01 46.33 45.67 45.05 44.46
117.12 115.76 114.31 112.77 111.16 109.55 107.97 106.42 104.91 103.42 101.97 100.55 99.16 97.79 96.45 95.14 93.86 92.60 91.37 90.16 88.97 87.81 86.67 85.55 84.45 83.37 82.31 81.27 80.25 79.25 78.26 77.28 76.33 75.38 74.45 73.54 72.63 71.74 70.86 69.98 69.12 68.27 67.42 66.58 65.75 64.93 64.10 63.29 62.48 61.67 60.86 60.05 59.25 58.45 57.64 56.84 56.03 55.22 54.41 53.59 52.77 51.94 51.12 50.33 49.55 48.80 48.08 47.39 46.73 46.10 45.50 44.94
116.68 115.29 113.82 112.27 110.66 109.05 107.50 105.98 104.49 103.04 101.61 100.22 98.85 97.51 96.20 94.91 93.65 92.42 91.21 90.02 88.86 87.72 86.60 85.50 84.42 83.37 82.33 81.30 80.30 79.31 78.34 77.38 76.44 75.51 74.60 73.70 72.81 71.93 71.06 70.20 69.35 68.51 67.67 66.84 66.02 65.20 64.39 63.58 62.78 61.98 61.18 60.38 59.58 58.78 57.98 57.18 56.38 55.57 54.76 53.95 53.13 52.31 51.50 50.71 49.96 49.23 48.53 47.86 47.22 46.61 46.04 45.50
116.32 114.91 113.43 111.87 110.25 108.64 107.10 105.61 104.15 102.72 101.33 99.96 98.62 97.30 96.02 94.76 93.52 92.31 91.12 89.96 88.82 87.70 86.60 85.52 84.47 83.43 82.41 81.40 80.42 79.45 78.49 77.55 76.63 75.71 74.81 73.93 73.05 72.18 71.33 70.48 69.64 68.81 67.99 67.17 66.36 65.55 64.75 63.95 63.15 62.36 61.56 60.77 59.98 59.18 58.39 57.59 56.79 55.99 55.18 54.37 53.55 52.73 51.93 51.16 50.41 49.70 49.02 48.36 47.74 47.15 46.60 46.08
116.05 114.62 113.13 111.56 109.94 108.33 106.79 105.31 103.88 102.48 101.11 99.77 98.46 97.17 95.91 94.67 93.46 92.27 91.11 89.97 88.85 87.75 86.67 85.62 84.58 83.56 82.56 81.57 80.60 79.65 78.71 77.79 76.88 75.98 75.10 74.22 73.36 72.51 71.66 70.83 70.00 69.18 68.37 67.56 66.76 65.96 65.17 64.37 63.59 62.80 62.01 61.22 60.44 59.65 58.86 58.07 57.27 56.47 55.66 54.85 54.04 53.22 52.43 51.66 50.93 50.23 49.55 48.91 48.30 47.73 47.19 46.69
115.87 114.43 112.93 111.36 109.73 108.12 106.58 105.11 103.69 102.32 100.97 99.66 98.37 97.11 95.87 94.66 93.47 92.31 91.17 90.05 88.95 87.87 86.82 85.78 84.76 83.76 82.78 81.81 80.86 79.93 79.01 78.10 77.20 76.32 75.45 74.59 73.74 72.90 72.07 71.25 70.43 69.62 68.82 68.02 67.23 66.44 65.65 64.87 64.09 63.31 62.53 61.75 60.96 60.18 59.39 58.60 57.81 57.01 56.21 55.39 54.58 53.78 52.99 52.23 51.50 50.80 50.14 49.51 48.91 48.35 47.82 47.33
115.78 114.33 112.82 111.24 109.61 108.00 106.46 104.99 103.59 102.23 100.91 99.62 98.36 97.12 95.91 94.72 93.56 92.42 91.30 90.20 89.13 88.07 87.03 86.02 85.02 84.04 83.07 82.12 81.19 80.27 79.37 78.48 77.60 76.73 75.87 75.03 74.19 73.36 72.55 71.73 70.93 70.13 69.34 68.55 67.77 66.99 66.21 65.43 64.66 63.88 63.11 62.33 61.56 60.78 60.00 59.21 58.42 57.62 56.81 55.99 55.18 54.38 53.61 52.86 52.14 51.44 50.78 50.16 49.57 49.01 48.49 48.01
115.79 114.33 112.81 111.22 109.59 107.97 106.44 104.97 103.57 102.22 100.92 99.66 98.42 97.21 96.02 94.86 93.72 92.60 91.50 90.43 89.37 88.34 87.32 86.33 85.35 84.39 83.44 82.51 81.59 80.69 79.80 78.93 78.06 77.21 76.37 75.54 74.71 73.90 73.09 72.29 71.50 70.71 69.93 69.15 68.37 67.60 66.83 66.06 65.30 64.53 63.76 62.99 62.22 61.44 60.66 59.88 59.08 58.28 57.46 56.65 55.84 55.05 54.28 53.54 52.83 52.14 51.48 50.86 50.27 49.72 49.20 48.72
115.89 114.42 112.89 111.29 109.65 108.03 106.50 105.04 103.64 102.30 101.02 99.77 98.56 97.37 96.21 95.07 93.95 92.86 91.78 90.73 89.70 88.68 87.69 86.71 85.75 84.81 83.88 82.97 82.07 81.18 80.31 79.45 78.60 77.76 76.93 76.12 75.31 74.50 73.71 72.92 72.14 71.36 70.59 69.82 69.05 68.29 67.53 66.77 66.00 65.24 64.48 63.71 62.95 62.18 61.40 60.61 59.80 58.99 58.17 57.35 56.55 55.77 55.01 54.28 53.57 52.89 52.24 51.62 51.03 50.48 49.96 49.48
116.08 114.59 113.05 111.45 109.80 108.18 106.64 105.19 103.80 102.47 101.19 99.97 98.77 97.61 96.47 95.36 94.26 93.19 92.14 91.11 90.10 89.10 88.13 87.17 86.23 85.30 84.39 83.50 82.62 81.75 80.89 80.05 79.21 78.39 77.57 76.77 75.97 75.18 74.40 73.62 72.85 72.08 71.32 70.56 69.80 69.05 68.29 67.54 66.78 66.03 65.27 64.51 63.75 62.98 62.19 61.39 60.57 59.75 58.92 58.11 57.31 56.54 55.79 55.07 54.37 53.70 53.05 52.43 51.85 51.29 50.77 50.29
116.35 114.86 113.30 111.69 110.04 108.41 106.87 105.42 104.04 102.72 101.46 100.24 99.07 97.93 96.82 95.72 94.65 93.60 92.57 91.56 90.57 89.60 88.64 87.71 86.78 85.88 84.98 84.11 83.24 82.39 81.55 80.72 79.90 79.09 78.29 77.49 76.71 75.93 75.16 74.39 73.63 72.88 72.12 71.37 70.62 69.87 69.13 68.38 67.63 66.88 66.13 65.37 64.61 63.83 63.03 62.21 61.39 60.55 59.73 58.92 58.12 57.36 56.62 55.91 55.22 54.55 53.91 53.30 52.72 52.16 51.64 51.16
116.71 115.20 113.64 112.02 110.36 108.73 107.19 105.73 104.35 103.04 101.80 100.60 99.44 98.33 97.24 96.17 95.12 94.09 93.08 92.10 91.13 90.17 89.24 88.32 87.41 86.52 85.65 84.79 83.94 83.10 82.28 81.46 80.66 79.86 79.07 78.30 77.52 76.76 76.00 75.24 74.49 73.74 73.00 72.26 71.52 70.78 70.03 69.29 68.55 67.81 67.06 66.31 65.54 64.74 63.92 63.08 62.24 61.41 60.58 59.77 58.98 58.23 57.50 56.80 56.12 55.46 54.82 54.22 53.63 53.08 52.56 52.07
117.16 115.63 114.06 112.43 110.75 109.12 107.58 106.12 104.75 103.45 102.21 101.03 99.89 98.80 97.73 96.69 95.67 94.66 93.67 92.71 91.76 90.82 89.91 89.01 88.12 87.25 86.39 85.55 84.72 83.89 83.08 82.28 81.49 80.71 79.94 79.17 78.41 77.66 76.91 76.16 75.42 74.68 73.95 73.21 72.48 71.75 71.02 70.28 69.55 68.81 68.06 67.30 66.50 65.68 64.84 63.99 63.15 62.30 61.47 60.67 59.88 59.14 58.43 57.73 57.06 56.41 55.78 55.18 54.60 54.05 53.53 53.04
117.68 116.14 114.55 112.91 111.23 109.59 108.05 106.59 105.22 103.93 102.70 101.53 100.42 99.34 98.30 97.29 96.29 95.31 94.34 93.40 92.47 91.55 90.66 89.77 88.91 88.05 87.21 86.39 85.57 84.76 83.97 83.18 82.41 81.64 80.88 80.12 79.37 78.63 77.89 77.16 76.43 75.70 74.97 74.25 73.52 72.80 72.07 71.34 70.61 69.88 69.12 68.32 67.50 66.66 65.81 64.95 64.09 63.24 62.41 61.60 60.83 60.09 59.39 58.71 58.05 57.41 56.79 56.19 55.61 55.06 54.54 54.05
118.28 116.73 115.12 113.47 111.78 110.13 108.59 107.14 105.77 104.48 103.27 102.11 101.01 99.96 98.94 97.95 96.99 96.03 95.09 94.17 93.26 92.36 91.48 90.62 89.77 88.94 88.11 87.30 86.50 85.71 84.93 84.16 83.40 82.64 81.89 81.15 80.42 79.68 78.96 78.23 77.51 76.79 76.07 75.36 74.64 73.92 73.20 72.48 71.75 71.00 70.21 69.39 68.54 67.68 66.81 65.94 65.07 64.22 63.38 62.58 61.81 61.09 60.40 59.73 59.08 58.45 57.83 57.24 56.67 56.12 55.60 55.11
118.96 117.39 115.77 114.11 112.41 110.75 109.20 107.75 106.39 105.11 103.90 102.76 101.67 100.64 99.64 98.68 97.75 96.83 95.92 95.02 94.13 93.25 92.39 91.55 90.72 89.90 89.09 88.30 87.51 86.74 85.97 85.21 84.47 83.72 82.99 82.26 81.53 80.81 80.10 79.38 78.67 77.96 77.25 76.54 75.83 75.12 74.41 73.69 72.94 72.15 71.33 70.48 69.61 68.73 67.84 66.96 66.09 65.23 64.40 63.60 62.83 62.12 61.45 60.79 60.15 59.52 58.92 58.33 57.76 57.22 56.70 56.21
119.71 118.12 116.49 114.81 113.10 111.44 109.89 108.43 107.07 105.80 104.60 103.47 102.40 101.39 100.42 99.48 98.58 97.69 96.81 95.94 95.08 94.22 93.38 92.56 91.74 90.94 90.15 89.37 88.60 87.84 87.09 86.35 85.61 84.88 84.16 83.44 82.73 82.02 81.31 80.61 79.91 79.21 78.51 77.80 77.10 76.40 75.69 74.95 74.16 73.34 72.49 71.61 70.72 69.82 68.91 68.02 67.14 66.27 65.44 64.64 63.89 63.19 62.53 61.88 61.25 60.64 60.04 59.46 58.90 58.36 57.84 57.35
120.53 118.92 117.28 115.59 113.87 112.20 110.64 109.18 107.82 106.55 105.36 104.25 103.20 102.20 101.25 100.34 99.46 98.61 97.77 96.94 96.11 95.28 94.45 93.65 92.85 92.06 91.29 90.53 89.77 89.03 88.29 87.56 86.84 86.13 85.41 84.71 84.01 83.31 82.61 81.92 81.22 80.53 79.84 79.14 78.45 77.75 77.01 76.23 75.41 74.55 73.67 72.77 71.85 70.93 70.01 69.11 68.22 67.35 66.52 65.73 64.98 64.29 63.64 63.01 62.40 61.79 61.20 60.63 60.07 59.53 59.02 58.53
121.42 119.80 118.13 116.43 114.70 113.02 111.45 110.00 108.64 107.37 106.19 105.09 104.05 103.07 102.15 101.26 100.41 99.59 98.79 97.99 97.20 96.41 95.61 94.82 94.04 93.27 92.51 91.77 91.03 90.30 89.58 88.86 88.15 87.45 86.75 86.05 85.36 84.67 83.99 83.30 82.62 81.93 81.25 80.56 79.87 79.14 78.37 77.54 76.68 75.79 74.88 73.95 73.01 72.07 71.14 70.22 69.33 68.46 67.63 66.84 66.10 65.42 64.79 64.17 63.57 62.97 62.39 61.83 61.28 60.74 60.23 59.74
122.37 120.73 119.06 117.34 115.59 113.90 112.33 110.87 109.52 108.26 107.08 105.99 104.96 104.00 103.10 102.24 101.42 100.63 99.86 99.10 98.36 97.60 96.84 96.07 95.31 94.56 93.82 93.09 92.36 91.65 90.94 90.24 89.54 88.85 88.16 87.48 86.80 86.12 85.45 84.77 84.09 83.42 82.74 82.06 81.34 80.56 79.74 78.88 77.98 77.06 76.11 75.16 74.20 73.24 72.30 71.37 70.46 69.59 68.76 67.98 67.25 66.58 65.97 65.37 64.77 64.19 63.62 63.06 62.51 61.99 61.48 60.99
123.39 121.73 120.04 118.31 116.55 114.85 113.27 111.81 110.45 109.20 108.03 106.95 105.94 104.99 104.11 103.27 102.48 101.72 100.98 100.27 99.56 98.85 98.14 97.41 96.67 95.93 95.21 94.49 93.78 93.08 92.39 91.70 91.01 90.34 89.66 88.99 88.32 87.65 86.98 86.32 85.65 84.98 84.31 83.59 82.83 82.00 81.14 80.23 79.30 78.34 77.37 76.39 75.41 74.43 73.47 72.54 71.63 70.75 69.92 69.15 68.43 67.77 67.17 66.59 66.00 65.43 64.87 64.32 63.78 63.26 62.76 62.27
124.47 122.79 121.08 119.34 117.56 115.85 114.27 112.80 111.45 110.19 109.03 107.96 106.96 106.04 105.17 104.36 103.59 102.86 102.16 101.48 100.81 100.15 99.48 98.80 98.10 97.39 96.68 95.98 95.29 94.60 93.92 93.24 92.57 91.90 91.24 90.58 89.92 89.26 88.60 87.95 87.29 86.62 85.92 85.15 84.33 83.46 82.55 81.61 80.64 79.65 78.65 77.64 76.64 75.65 74.67 73.73 72.81 71.94 71.11 70.34 69.63 68.99 68.40 67.83 67.26 66.70 66.15 65.61 65.08 64.56 64.06 63.58
125.61 123.91 122.18 120.42 118.64 116.92 115.32 113.85 112.50 111.24 110.09 109.03 108.04 107.13 106.28 105.50 104.75 104.05 103.39 102.74 102.11 101.49 100.87 100.24 99.60 98.93 98.24 97.55 96.87 96.20 95.53 94.87 94.21 93.56 92.90 92.25 91.61 90.96 90.31 89.66 89.00 88.31 87.55 86.72 85.85 84.93 83.98 83.00 81.99 80.97 79.94 78.91 77.89 76.88 75.89 74.93 74.01 73.14 72.31 71.55 70.85 70.22 69.65 69.10 68.54 68.00 67.45 66.92 66.40 65.89 65.39 64.91
126.80 125.09 123.34 121.56 119.76 118.03 116.43 114.96 113.60 112.35 111.20 110.14 109.17 108.28 107.45 106.68 105.97 105.29 104.66 104.05 103.46 102.88 102.31 101.73 101.14 100.52 99.88 99.21 98.55 97.89 97.23 96.58 95.94 95.29 94.65 94.01 93.37 92.74 92.10 91.45 90.76 90.00 89.18 88.31 87.39 86.42 85.42 84.40 83.36 82.30 81.25 80.19 79.15 78.13 77.13 76.16 75.24 74.36 73.54 72.78 72.09 71.48 70.93 70.39 69.85 69.31 68.78 68.26 67.74 67.24 66.75 66.27
128.06 126.32 124.55 122.76 120.94 119.20 117.59 116.11 114.75 113.50 112.36 111.31 110.35 109.47 108.66 107.91 107.22 106.58 105.98 105.40 104.85 104.32 103.79 103.26 102.72 102.16 101.57 100.95 100.31 99.66 99.02 98.38 97.75 97.12 96.49 95.86 95.23 94.60 93.96 93.28 92.53 91.71 90.83 89.90 88.93 87.92 86.88 85.81 84.74 83.65 82.57 81.49 80.43 79.39 78.38 77.40 76.47 75.60 74.78 74.03 73.35 72.75 72.22 71.69 71.17 70.65 70.13 69.62 69.11 68.61 68.13 67.65
129.36 127.60 125.82 124.00 122.17 120.41 118.80 117.31 115.95 114.70 113.56 112.52 111.57 110.70 109.91 109.19 108.52 107.91 107.34 106.80 106.28 105.79 105.31 104.82 104.33 103.83 103.30 102.75 102.15 101.53 100.90 100.27 99.65 99.03 98.41 97.79 97.17 96.54 95.87 95.12 94.30 93.42 92.49 91.50 90.48 89.42 88.34 87.24 86.13 85.01 83.90 82.80 81.72 80.66 79.64 78.66 77.73 76.85 76.03 75.29 74.62 74.04 73.52 73.02 72.51 72.00 71.49 70.99 70.49 70.00 69.52 69.05
130.71 128.93 127.13 125.30 123.45 121.68 120.05 118.56 117.19 115.94 114.81 113.77 112.83 111.98 111.21 110.51 109.86 109.28 108.73 108.23 107.76 107.30 106.86 106.43 105.99 105.54 105.07 104.57 104.04 103.47 102.86 102.25 101.64 101.03 100.42 99.81 99.19 98.53 97.78 96.97 96.08 95.14 94.15 93.11 92.04 90.93 89.81 88.67 87.52 86.38 85.24 84.12 83.02 81.95 80.91 79.92 78.99 78.11 77.30 76.56 75.91 75.34 74.85 74.35 73.86 73.37 72.87 72.38 71.89 71.41 70.94 70.47
132.11 130.31 128.48 126.63 124.77 122.99 121.35 119.85 118.48 117.23 116.10 115.07 114.14 113.30 112.55 111.86 111.24 110.68 110.17 109.70 109.26 108.85 108.45 108.07 107.68 107.28 106.87 106.43 105.97 105.46 104.90 104.31 103.71 103.11 102.51 101.91 101.25 100.51 99.70 98.81 97.86 96.86 95.81 94.72 93.60 92.45 91.28 90.11 88.93 87.75 86.59 85.44 84.32 83.24 82.19 81.20 80.26 79.38 78.58 77.85 77.21 76.66 76.18 75.70 75.23 74.75 74.27 73.79 73.31 72.83 72.37 71.91
