data_processed/recharge/precip/Precip_1990_10.asc
ncols        168
nrows        136
xllcorner    455000
yllcorner    2107000
cellsize     500
NODATA_value     -99999
[rows 66 to 98 of 136, columns 0 to 73 of 168]
195.78 197.49 199.11 200.62 202.02 203.30 204.46 205.50 206.40 207.16 207.77 208.23 208.54 208.68 208.66 208.46 208.07 207.51 206.74 205.79 204.62 203.25 201.67 199.94 198.06 196.03 193.81 191.39 188.75 185.95 183.08 180.17 177.21 174.22 171.20 168.18 165.23 162.41 159.70 157.10 154.61 152.22 149.94 147.75 145.65 143.65 141.72 139.89 138.12 136.44 134.82 133.27 131.79 130.36 128.99 127.68 126.41 125.18 124.00 122.86 121.75 120.66 119.61 118.58 117.57 116.57 115.58 114.60 113.63 112.66 111.68 110.70 109.70 108.69
193.18 194.99 196.69 198.30 199.79 201.17 202.43 203.57 204.57 205.44 206.16 206.73 207.15 207.41 207.49 207.41 207.15 206.70 206.06 205.23 204.19 202.95 201.49 199.82 197.98 195.97 193.79 191.41 188.80 186.02 183.19 180.31 177.39 174.43 171.46 168.58 165.81 163.15 160.60 158.16 155.82 153.58 151.43 149.37 147.40 145.51 143.70 141.97 140.31 138.71 137.18 135.72 134.31 132.95 131.64 130.38 129.17 127.99 126.84 125.73 124.64 123.58 122.54 121.51 120.50 119.50 118.50 117.51 116.51 115.50 114.49 113.46 112.42 111.36
190.78 192.65 194.43 196.11 197.68 199.15 200.49 201.71 202.80 203.75 204.56 205.22 205.73 206.09 206.27 206.29 206.13 205.78 205.25 204.52 203.59 202.46 201.11 199.55 197.77 195.80 193.65 191.30 188.73 185.99 183.18 180.34 177.45 174.55 171.73 169.02 166.42 163.93 161.54 159.25 157.06 154.95 152.94 151.01 149.16 147.39 145.69 144.06 142.49 140.99 139.55 138.16 136.82 135.53 134.28 133.07 131.90 130.77 129.66 128.57 127.51 126.46 125.43 124.41 123.40 122.39 121.37 120.36 119.33 118.30 117.24 116.17 115.08 113.95
188.59 190.52 192.36 194.10 195.73 197.25 198.66 199.94 201.10 202.12 203.00 203.74 204.33 204.76 205.02 205.12 205.04 204.78 204.34 203.70 202.86 201.82 200.57 199.10 197.41 195.50 193.39 191.07 188.54 185.83 183.06 180.25 177.43 174.67 172.03 169.50 167.07 164.74 162.50 160.36 158.31 156.35 154.46 152.66 150.93 149.27 147.67 146.15 144.68 143.26 141.90 140.59 139.32 138.09 136.90 135.74 134.62 133.52 132.44 131.38 130.34 129.31 128.28 127.26 126.25 125.22 124.19 123.15 122.10 121.03 119.93 118.81 117.66 116.48
186.66 188.63 190.50 192.28 193.96 195.52 196.98 198.31 199.52 200.59 201.53 202.32 202.96 203.45 203.78 203.94 203.93 203.74 203.36 202.79 202.03 201.06 199.89 198.50 196.89 195.06 193.00 190.72 188.22 185.55 182.82 180.08 177.40 174.83 172.37 170.00 167.74 165.57 163.49 161.50 159.58 157.75 156.00 154.32 152.70 151.15 149.66 148.23 146.85 145.52 144.24 143.00 141.80 140.63 139.49 138.39 137.30 136.24 135.19 134.15 133.13 132.11 131.09 130.07 129.04 128.00 126.95 125.89 124.80 123.69 122.55 121.38 120.17 118.92
185.03 187.01 188.91 190.71 192.41 194.00 195.48 196.84 198.08 199.19 200.16 200.99 201.68 202.21 202.58 202.78 202.82 202.68 202.35 201.84 201.13 200.22 199.11 197.78 196.24 194.47 192.47 190.24 187.78 185.15 182.49 179.89 177.40 175.01 172.73 170.53 168.43 166.42 164.49 162.64 160.87 159.17 157.54 155.97 154.47 153.03 151.64 150.30 149.01 147.77 146.56 145.39 144.25 143.14 142.06 140.99 139.95 138.92 137.89 136.88 135.87 134.85 133.84 132.81 131.77 130.72 129.65 128.55 127.43 126.28 125.09 123.86 122.60 121.28
183.71 185.70 187.59 189.40 191.11 192.71 194.20 195.57 196.83 197.95 198.94 199.79 200.50 201.06 201.45 201.69 201.75 201.64 201.35 200.87 200.20 199.33 198.26 196.98 195.48 193.76 191.81 189.63 187.21 184.65 182.14 179.74 177.43 175.22 173.11 171.08 169.14 167.28 165.49 163.79 162.15 160.58 159.07 157.63 156.23 154.89 153.60 152.36 151.15 149.99 148.85 147.75 146.67 145.62 144.58 143.56 142.55 141.55 140.55 139.55 138.55 137.54 136.53 135.49 134.44 133.37 132.27 131.14 129.98 128.78 127.54 126.26 124.93 123.55
182.68 184.66 186.54 188.34 190.04 191.64 193.13 194.50 195.75 196.88 197.88 198.74 199.45 200.02 200.43 200.68 200.76 200.67 200.40 199.94 199.30 198.46 197.41 196.16 194.69 193.01 191.10 188.96 186.68 184.40 182.09 179.87 177.74 175.70 173.75 171.88 170.09 168.38 166.74 165.16 163.65 162.21 160.82 159.48 158.19 156.95 155.75 154.59 153.46 152.37 151.30 150.26 149.23 148.23 147.23 146.25 145.27 144.29 143.31 142.32 141.33 140.32 139.29 138.24 137.17 136.07 134.94 133.77 132.57 131.32 130.02 128.68 127.28 125.82
181.77 183.73 185.60 187.39 189.08 190.68 192.16 193.53 194.79 195.92 196.92 197.79 198.51 199.08 199.51 199.77 199.87 199.79 199.54 199.11 198.49 197.67 196.66 195.44 194.00 192.35 190.48 188.48 186.68 184.96 182.99 180.95 178.98 177.10 175.30 173.57 171.92 170.34 168.82 167.36 165.97 164.62 163.33 162.09 160.89 159.73 158.60 157.51 156.44 155.41 154.39 153.39 152.40 151.42 150.46 149.49 148.52 147.55 146.57 145.57 144.57 143.54 142.49 141.41 140.30 139.16 137.98 136.75 135.48 134.17 132.80 131.37 129.88 128.33
180.92 182.87 184.74 186.52 188.21 189.79 191.28 192.65 193.91 195.04 196.05 196.92 197.66 198.25 198.68 198.96 199.08 199.02 198.80 198.39 197.79 197.00 196.02 194.83 193.43 191.81 190.08 188.55 187.36 186.25 184.84 183.11 181.30 179.55 177.88 176.27 174.74 173.27 171.85 170.50 169.19 167.94 166.72 165.55 164.42 163.32 162.25 161.21 160.18 159.18 158.19 157.22 156.25 155.29 154.32 153.35 152.38 151.39 150.39 149.38 148.34 147.27 146.17 145.05 143.88 142.68 141.43 140.13 138.78 137.37 135.91 134.38 132.79 131.13
180.14 182.08 183.94 185.71 187.40 188.98 190.47 191.84 193.11 194.25 195.26 196.15 196.89 197.49 197.95 198.24 198.38 198.35 198.15 197.76 197.19 196.44 195.48 194.33 192.96 191.49 190.22 189.29 188.69 188.18 187.35 186.16 184.64 183.02 181.46 179.96 178.52 177.14 175.81 174.54 173.30 172.11 170.96 169.85 168.76 167.70 166.67 165.66 164.66 163.67 162.70 161.73 160.76 159.78 158.81 157.82 156.82 155.80 154.76 153.70 152.61 151.49 150.33 149.13 147.89 146.60 145.26 143.87 142.42 140.91 139.34 137.69 135.97 134.18
179.41 181.35 183.20 184.97 186.65 188.24 189.73 191.11 192.38 193.53 194.55 195.45 196.21 196.83 197.30 197.61 197.77 197.77 197.59 197.23 196.69 195.97 195.05 193.93 192.71 191.69 191.01 190.67 190.65 190.71 190.46 189.83 188.82 187.47 186.01 184.60 183.24 181.93 180.67 179.46 178.28 177.14 176.03 174.95 173.89 172.85 171.84 170.83 169.84 168.85 167.87 166.88 165.89 164.90 163.88 162.86 161.81 160.74 159.65 158.52 157.36 156.16 154.92 153.63 152.30 150.91 149.47 147.96 146.39 144.76 143.05 141.26 139.40 137.46
178.74 180.67 182.52 184.29 185.97 187.56 189.05 190.44 191.72 192.88 193.91 194.82 195.60 196.24 196.73 197.07 197.25 197.27 197.12 196.79 196.28 195.59 194.71 193.73 192.95 192.52 192.42 192.65 193.20 193.82 194.12 194.04 193.58 192.72 191.51 190.18 188.88 187.62 186.41 185.23 184.09 182.97 181.89 180.82 179.78 178.74 177.72 176.71 175.70 174.70 173.69 172.67 171.64 170.59 169.53 168.45 167.34 166.20 165.02 163.81 162.56 161.27 159.93 158.53 157.08 155.58 154.00 152.37 150.66 148.88 147.02 145.08 143.05 140.94
178.11 180.03 181.88 183.65 185.34 186.93 188.43 189.83 191.11 192.29 193.34 194.26 195.06 195.72 196.23 196.59 196.80 196.85 196.73 196.43 195.96 195.30 194.56 194.02 193.82 193.95 194.42 195.21 196.31 197.47 198.30 198.76 198.83 198.50 197.75 196.64 195.40 194.17 192.99 191.83 190.71 189.60 188.52 187.45 186.40 185.35 184.31 183.27 182.23 181.18 180.12 179.05 177.96 176.85 175.72 174.56 173.36 172.13 170.86 169.55 168.19 166.78 165.32 163.80 162.22 160.57 158.85 157.07 155.20 153.25 151.22 149.11 146.90 144.60
177.52 179.44 181.29 183.07 184.76 186.36 187.86 189.27 190.57 191.75 192.82 193.77 194.58 195.26 195.80 196.19 196.42 196.50 196.41 196.15 195.72 195.20 194.88 194.91 195.27 195.97 196.98 198.31 199.94 201.62 202.98 203.96 204.54 204.71 204.47 203.81 202.76 201.57 200.39 199.24 198.11 197.00 195.90 194.81 193.72 192.64 191.56 190.47 189.38 188.27 187.15 186.00 184.84 183.64 182.42 181.16 179.87 178.53 177.14 175.71 174.22 172.68 171.08 169.41 167.68 165.87 163.99 162.03 159.99 157.86 155.64 153.33 150.92 148.41
176.97 178.89 180.74 182.52 184.22 185.82 187.34 188.76 190.07 191.27 192.36 193.33 194.16 194.86 195.43 195.84 196.11 196.22 196.16 195.94 195.64 195.55 195.79 196.38 197.29 198.52 200.06 201.92 204.06 206.25 208.12 209.59 210.67 211.34 211.59 211.41 210.79 209.77 208.60 207.43 206.27 205.13 203.99 202.86 201.73 200.60 199.46 198.30 197.13 195.95 194.74 193.51 192.24 190.95 189.61 188.24 186.82 185.35 183.84 182.26 180.63 178.93 177.17 175.34 173.43 171.45 169.39 167.24 165.00 162.67 160.24 157.71 155.08 152.34
176.44 178.36 180.22 182.01 183.71 185.33 186.86 188.29 189.62 190.84 191.95 192.93 193.79 194.52 195.11 195.56 195.86 196.00 195.98 195.89 196.01 196.47 197.26 198.38 199.82 201.58 203.64 206.00 208.64 211.33 213.68 215.64 217.19 218.34 219.06 219.35 219.19 218.58 217.56 216.36 215.17 213.98 212.79 211.60 210.40 209.19 207.97 206.73 205.47 204.19 202.87 201.53 200.15 198.73 197.27 195.76 194.20 192.59 190.92 189.18 187.38 185.52 183.58 181.56 179.46 177.28 175.02 172.66 170.20 167.65 164.99 162.23 159.36 156.38
175.93 177.86 179.73 181.52 183.23 184.87 186.41 187.86 189.20 190.45 191.57 192.58 193.47 194.23 194.85 195.33 195.66 195.84 195.95 196.28 196.94 197.93 199.26 200.90 202.85 205.11 207.67 210.52 213.65 216.81 219.63 222.05 224.07 225.68 226.85 227.59 227.88 227.71 227.08 226.01 224.77 223.51 222.25 220.98 219.69 218.39 217.07 215.73 214.36 212.96 211.52 210.05 208.54 206.98 205.37 203.70 201.98 200.20 198.36 196.45 194.46 192.40 190.27 188.05 185.74 183.34 180.85 178.27 175.58 172.78 169.88 166.87 163.74 160.49
175.44 177.38 179.25 181.05 182.78 184.43 185.99 187.45 188.82 190.08 191.24 192.27 193.19 193.97 194.63 195.14 195.51 195.82 196.34 197.20 198.39 199.90 201.74 203.89 206.34 209.09 212.13 215.45 219.04 222.66 225.94 228.82 231.28 233.33 234.94 236.11 236.84 237.09 236.88 236.18 235.04 233.71 232.35 230.98 229.59 228.18 226.74 225.28 223.78 222.24 220.66 219.04 217.37 215.65 213.87 212.04 210.14 208.17 206.14 204.03 201.84 199.57 197.22 194.77 192.24 189.61 186.87 184.04 181.10 178.04 174.87 171.59 168.18 164.64
174.97 176.91 178.79 180.61 182.35 184.01 185.59 187.07 188.46 189.75 190.93 191.99 192.94 193.76 194.44 194.99 195.49 196.20 197.25 198.62 200.33 202.35 204.68 207.32 210.25 213.48 216.98 220.76 224.80 228.86 232.58 235.89 238.78 241.25 243.29 244.88 246.01 246.68 246.87 246.57 245.78 244.53 243.07 241.58 240.07 238.53 236.96 235.35 233.70 232.01 230.27 228.48 226.63 224.73 222.77 220.74 218.64 216.47 214.23 211.90 209.49 206.99 204.40 201.71 198.93 196.04 193.05 189.95 186.73 183.40 179.95 176.37 172.66 168.83
174.49 176.45 178.34 180.17 181.93 183.61 185.20 186.71 188.13 189.44 190.65 191.74 192.72 193.57 194.29 194.97 195.86 197.09 198.65 200.53 202.73 205.24 208.05 211.16 214.56 218.24 222.19 226.41 230.88 235.37 239.51 243.23 246.54 249.42 251.86 253.86 255.39 256.45 257.03 257.11 256.70 255.77 254.37 252.76 251.10 249.41 247.68 245.91 244.09 242.23 240.31 238.33 236.30 234.19 232.03 229.79 227.47 225.08 222.60 220.04 217.38 214.63 211.79 208.84 205.79 202.63 199.36 195.97 192.47 188.83 185.08 181.19 177.16 173.00
174.01 175.98 177.89 179.74 181.51 183.21 184.83 186.36 187.80 189.14 190.38 191.51 192.52 193.41 194.25 195.32 196.72 198.45 200.50 202.88 205.56 208.54 211.82 215.38 219.23 223.34 227.73 232.37 237.26 242.16 246.69 250.82 254.53 257.80 260.63 263.01 264.92 266.36 267.31 267.76 267.71 267.14 266.05 264.47 262.66 260.80 258.90 256.95 254.94 252.88 250.76 248.58 246.33 244.01 241.62 239.15 236.59 233.96 231.23 228.41 225.50 222.48 219.36 216.14 212.80 209.35 205.78 202.08 198.26 194.31 190.23 186.01 181.65 177.15
173.53 175.51 177.44 179.30 181.10 182.82 184.46 186.02 187.49 188.86 190.13 191.29 192.33 193.35 194.58 196.14 198.04 200.26 202.79 205.63 208.78 212.21 215.94 219.94 224.22 228.76 233.56 238.61 243.89 249.18 254.11 258.62 262.71 266.36 269.56 272.30 274.58 276.38 277.68 278.49 278.79 278.56 277.80 276.51 274.71 272.68 270.58 268.42 266.21 263.94 261.60 259.19 256.71 254.16 251.52 248.80 245.99 243.09 240.10 237.00 233.81 230.50 227.09 223.57 219.92 216.16 212.27 208.25 204.10 199.82 195.39 190.82 186.11 181.24
173.03 175.03 176.97 178.86 180.68 182.42 184.09 185.68 187.18 188.58 189.88 191.08 192.25 193.64 195.36 197.41 199.78 202.47 205.47 208.76 212.35 216.23 220.39 224.81 229.50 234.45 239.65 245.09 250.76 256.42 261.72 266.60 271.05 275.06 278.61 281.71 284.33 286.47 288.12 289.26 289.89 289.99 289.56 288.58 287.04 284.99 282.69 280.32 277.88 275.38 272.80 270.15 267.42 264.61 261.71 258.72 255.63 252.45 249.17 245.78 242.28 238.68 234.95 231.11 227.14 223.04 218.82 214.46 209.96 205.32 200.53 195.59 190.50 185.26
172.52 174.53 176.50 178.40 180.25 182.02 183.72 185.33 186.86 188.30 189.64 190.95 192.49 194.36 196.56 199.09 201.92 205.06 208.51 212.24 216.26 220.56 225.13 229.96 235.05 240.39 245.96 251.78 257.81 263.84 269.49 274.72 279.52 283.87 287.76 291.19 294.15 296.61 298.58 300.04 300.99 301.40 301.27 300.59 299.35 297.54 295.21 292.61 289.93 287.17 284.34 281.42 278.42 275.33 272.15 268.87 265.49 262.01 258.42 254.72 250.91 246.97 242.92 238.73 234.42 229.98 225.39 220.67 215.80 210.79 205.62 200.29 194.81 189.17
171.98 174.01 176.00 177.93 179.80 181.60 183.32 184.97 186.54 188.01 189.47 191.15 193.16 195.50 198.16 201.14 204.42 208.00 211.87 216.03 220.46 225.16 230.13 235.35 240.82 246.53 252.48 258.65 265.03 271.40 277.39 282.95 288.08 292.76 296.97 300.72 303.99 306.77 309.04 310.80 312.04 312.75 312.91 312.52 311.56 310.03 307.91 305.25 302.32 299.29 296.18 292.99 289.70 286.31 282.83 279.24 275.55 271.75 267.83 263.80 259.65 255.37 250.96 246.42 241.74 236.93 231.97 226.87 221.61 216.20 210.63 204.90 199.01 192.94
171.41 173.46 175.47 177.43 179.33 181.16 182.91 184.60 186.20 187.79 189.60 191.75 194.22 197.02 200.12 203.54 207.25 211.25 215.53 220.09 224.92 230.01 235.36 240.96 246.79 252.86 259.15 265.66 272.37 279.07 285.38 291.26 296.70 301.69 306.21 310.26 313.83 316.90 319.46 321.51 323.03 324.01 324.45 324.33 323.63 322.36 320.50 318.04 315.02 311.72 308.31 304.81 301.22 297.52 293.71 289.80 285.78 281.63 277.37 272.99 268.48 263.83 259.06 254.14 249.08 243.88 238.53 233.02 227.36 221.53 215.55 209.39 203.06 196.56
170.80 172.88 174.92 176.90 178.82 180.69 182.48 184.20 185.92 187.86 190.13 192.73 195.65 198.88 202.41 206.24 210.37 214.77 219.45 224.40 229.61 235.08 240.79 246.74 252.92 259.32 265.95 272.78 279.81 286.82 293.43 299.62 305.35 310.63 315.45 319.78 323.63 326.97 329.81 332.13 333.91 335.16 335.85 335.98 335.53 334.51 332.88 330.66 327.81 324.41 320.70 316.88 312.95 308.92 304.78 300.52 296.14 291.64 287.02 282.26 277.37 272.35 267.18 261.87 256.41 250.80 245.03 239.11 233.02 226.76 220.34 213.73 206.96 200.00
170.15 172.26 174.32 176.33 178.29 180.19 182.02 183.85 185.91 188.30 191.02 194.05 197.40 201.05 204.99 209.23 213.75 218.54 223.60 228.92 234.49 240.31 246.37 252.66 259.17 265.90 272.84 279.99 287.32 294.61 301.52 307.98 314.00 319.56 324.64 329.24 333.35 336.96 340.05 342.62 344.66 346.14 347.08 347.44 347.23 346.43 345.03 343.02 340.40 337.14 333.30 329.16 324.89 320.50 316.00 311.38 306.63 301.75 296.74 291.60 286.31 280.88 275.31 269.58 263.70 257.67 251.47 245.10 238.56 231.86 224.97 217.91 210.66 203.22
169.45 171.58 173.68 175.72 177.71 179.65 181.59 183.76 186.26 189.09 192.23 195.69 199.44 203.50 207.84 212.46 217.36 222.52 227.94 233.62 239.54 245.70 252.09 258.70 265.53 272.56 279.80 287.23 294.85 302.42 309.60 316.33 322.61 328.43 333.77 338.62 342.98 346.83 350.16 352.96 355.23 356.95 358.10 358.69 358.69 358.10 356.91 355.11 352.68 349.62 345.91 341.61 336.99 332.23 327.35 322.34 317.20 311.93 306.52 300.96 295.26 289.41 283.41 277.25 270.93 264.45 257.80 250.97 243.97 236.79 229.43 221.88 214.15 206.24
168.70 170.86 172.99 175.06 177.09 179.14 181.41 184.02 186.94 190.19 193.74 197.60 201.75 206.19 210.91 215.90 221.16 226.68 232.45 238.46 244.71 251.19 257.90 264.82 271.94 279.27 286.79 294.49 302.37 310.20 317.64 324.62 331.15 337.21 342.79 347.88 352.46 356.54 360.10 363.12 365.60 367.53 368.89 369.68 369.88 369.48 368.48 366.87 364.62 361.74 358.21 354.01 349.21 344.08 338.80 333.39 327.84 322.15 316.32 310.34 304.20 297.92 291.47 284.85 278.07 271.12 264.00 256.70 249.22 241.55 233.69 225.64 217.42 209.16
167.88 170.08 172.24 174.35 176.49 178.86 181.56 184.58 187.92 191.57 195.51 199.76 204.29 209.09 214.18 219.52 225.13 230.98 237.08 243.42 249.98 256.77 263.77 270.98 278.39 285.99 293.77 301.73 309.86 317.94 325.61 332.83 339.58 345.87 351.67 356.98 361.78 366.07 369.83 373.05 375.73 377.85 379.41 380.38 380.76 380.55 379.72 378.27 376.20 373.47 370.10 366.06 361.35 356.01 350.34 344.50 338.52 332.40 326.13 319.70 313.11 306.36 299.44 292.36 285.10 277.67 270.05 262.26 254.27 246.09 237.72 229.17 220.59 212.09
167.00 169.23 171.43 173.65 176.11 178.90 182.00 185.43 189.16 193.19 197.51 202.13 207.02 212.18 217.61 223.29 229.22 235.40 241.81 248.45 255.32 262.39 269.67 277.15 284.83 292.68 300.72 308.92 317.28 325.58 333.47 340.91 347.88 354.38 360.38 365.89 370.89 375.37 379.33 382.74 385.60 387.89 389.62 390.76 391.31 391.26 390.59 389.30 387.37 384.79 381.56 377.66 373.08 367.81 361.91 355.64 349.22 342.64 335.91 329.01 321.95 314.72 307.32 299.75 291.99 284.05 275.93 267.61 259.11 250.40 241.52 232.60 223.77 215.04
