data_processed/recharge/precip/Precip_2013_07.asc
ncols        168
nrows        136
xllcorner    455000
yllcorner    2107000
cellsize     500
NODATA_value     -99999
[rows 96 to 127 of 136, columns 72 to 143 of 168]
107.30 100.89 94.86 89.18 83.86 78.97 74.49 70.40 66.71 63.39 60.44 57.84 55.59 53.67 52.08 50.79 49.80 49.10 48.68 48.53 48.63 48.97 49.55 50.35 51.36 52.57 53.97 55.54 57.29 59.18 61.22 63.40 65.69 68.10 70.61 73.20 75.88 78.62 81.41 84.25 87.12 90.02 92.92 95.82 98.72 101.59 104.42 107.22 109.95 112.62 115.21 117.72 120.12 122.41 124.58 126.61 128.50 130.24 131.83 133.23 134.39 135.42 136.35 137.19 137.93 138.58 139.14 139.62 140.01 140.34 140.58 140.76
110.39 103.96 97.92 92.20 86.76 81.70 77.04 72.79 68.93 65.45 62.34 59.60 57.20 55.14 53.40 51.98 50.87 50.04 49.50 49.23 49.22 49.46 49.94 50.64 51.56 52.68 54.00 55.49 57.16 58.99 60.97 63.08 65.32 67.68 70.14 72.69 75.32 78.03 80.80 83.61 86.46 89.34 92.23 95.13 98.02 100.90 103.74 106.54 109.30 111.99 114.60 117.14 119.57 121.90 124.11 126.20 128.14 129.96 131.68 133.22 134.42 135.37 136.20 136.94 137.59 138.15 138.63 139.02 139.35 139.60 139.78 139.89
113.64 107.21 101.17 95.43 89.96 84.77 79.93 75.51 71.47 67.83 64.56 61.66 59.11 56.90 55.02 53.46 52.21 51.26 50.59 50.20 50.07 50.20 50.57 51.17 51.99 53.01 54.24 55.65 57.24 58.99 60.90 62.94 65.12 67.42 69.82 72.33 74.92 77.58 80.31 83.10 85.92 88.78 91.66 94.54 97.42 100.29 103.14 105.95 108.71 111.41 114.05 116.61 119.07 121.43 123.68 125.81 127.82 129.76 131.62 133.29 134.61 135.59 136.34 136.98 137.53 138.00 138.39 138.70 138.95 139.12 139.23 139.27
117.04 110.62 104.59 98.85 93.37 88.13 83.17 78.57 74.36 70.54 67.11 64.04 61.33 58.96 56.93 55.23 53.84 52.75 51.95 51.43 51.18 51.19 51.44 51.93 52.65 53.57 54.70 56.02 57.52 59.19 61.02 62.99 65.10 67.33 69.68 72.13 74.67 77.29 79.98 82.72 85.52 88.34 91.20 94.06 96.93 99.79 102.63 105.44 108.20 110.92 113.56 116.14 118.62 121.01 123.29 125.48 127.60 129.66 131.64 133.44 134.88 135.96 136.73 137.28 137.74 138.11 138.41 138.64 138.80 138.89 138.92 138.90
120.62 114.21 108.18 102.45 96.96 91.71 86.71 81.98 77.59 73.59 69.98 66.74 63.87 61.34 59.15 57.30 55.76 54.52 53.59 52.93 52.56 52.44 52.57 52.95 53.55 54.37 55.39 56.62 58.02 59.60 61.35 63.24 65.27 67.44 69.72 72.10 74.58 77.15 79.79 82.49 85.25 88.04 90.86 93.70 96.55 99.39 102.22 105.02 107.78 110.50 113.15 115.73 118.23 120.64 122.97 125.25 127.48 129.66 131.76 133.68 135.23 136.41 137.26 137.82 138.19 138.47 138.67 138.81 138.88 138.89 138.84 138.74
124.35 117.96 111.94 106.22 100.73 95.48 90.47 85.69 81.17 76.99 73.20 69.78 66.73 64.04 61.69 59.67 57.98 56.60 55.52 54.72 54.21 53.96 53.96 54.22 54.70 55.41 56.32 57.44 58.75 60.23 61.89 63.69 65.64 67.73 69.94 72.25 74.67 77.18 79.77 82.42 85.13 87.88 90.66 93.47 96.29 99.11 101.92 104.71 107.46 110.17 112.82 115.41 117.92 120.36 122.77 125.15 127.48 129.77 131.99 134.02 135.67 136.94 137.87 138.50 138.86 139.05 139.16 139.20 139.18 139.10 138.97 138.79
128.23 121.87 115.87 110.16 104.68 99.43 94.41 89.61 85.05 80.74 76.76 73.16 69.94 67.07 64.55 62.37 60.51 58.98 57.74 56.80 56.14 55.76 55.63 55.75 56.11 56.70 57.50 58.51 59.71 61.09 62.65 64.36 66.22 68.22 70.35 72.60 74.94 77.39 79.91 82.51 85.16 87.87 90.61 93.38 96.16 98.95 101.74 104.50 107.24 109.94 112.58 115.17 117.71 120.22 122.71 125.18 127.61 129.99 132.31 134.45 136.19 137.55 138.56 139.25 139.66 139.83 139.85 139.79 139.68 139.51 139.30 139.03
132.27 125.94 119.97 114.27 108.80 103.55 98.53 93.73 89.15 84.79 80.68 76.90 73.48 70.44 67.74 65.39 63.37 61.67 60.27 59.18 58.37 57.84 57.57 57.56 57.79 58.25 58.93 59.82 60.91 62.18 63.63 65.25 67.02 68.93 70.97 73.13 75.40 77.77 80.23 82.76 85.36 88.01 90.70 93.43 96.17 98.93 101.68 104.42 107.13 109.81 112.45 115.05 117.64 120.22 122.79 125.34 127.85 130.33 132.75 134.98 136.82 138.25 139.32 140.07 140.53 140.73 140.72 140.58 140.36 140.10 139.80 139.45
136.45 130.16 124.22 118.54 113.09 107.85 102.83 98.03 93.44 89.07 84.91 80.99 77.39 74.15 71.27 68.74 66.55 64.68 63.12 61.87 60.90 60.22 59.81 59.65 59.74 60.07 60.62 61.39 62.36 63.52 64.86 66.37 68.04 69.85 71.80 73.87 76.06 78.35 80.74 83.20 85.73 88.32 90.96 93.63 96.33 99.04 101.76 104.46 107.15 109.80 112.44 115.08 117.73 120.38 123.02 125.64 128.23 130.79 133.30 135.63 137.54 139.04 140.18 140.97 141.47 141.70 141.70 141.52 141.21 140.85 140.45 140.01
140.78 134.53 128.62 122.97 117.54 112.32 107.31 102.51 97.91 93.53 89.35 85.38 81.64 78.22 75.15 72.44 70.06 68.02 66.29 64.87 63.74 62.91 62.34 62.04 61.98 62.17 62.59 63.22 64.07 65.11 66.33 67.73 69.29 71.00 72.85 74.83 76.93 79.13 81.44 83.82 86.28 88.81 91.38 94.00 96.64 99.30 101.97 104.64 107.29 109.94 112.60 115.29 117.99 120.70 123.40 126.09 128.75 131.39 133.98 136.39 138.37 139.94 141.12 141.96 142.48 142.73 142.74 142.56 142.20 141.75 141.25 140.72
145.25 139.04 133.17 127.56 122.16 116.95 111.96 107.16 102.57 98.18 93.99 90.00 86.21 82.65 79.39 76.48 73.92 71.69 69.79 68.20 66.90 65.90 65.17 64.72 64.51 64.56 64.83 65.33 66.04 66.95 68.05 69.33 70.78 72.38 74.13 76.01 78.01 80.12 82.34 84.64 87.02 89.47 91.98 94.53 97.12 99.72 102.34 104.96 107.59 110.26 112.96 115.68 118.43 121.18 123.94 126.68 129.41 132.12 134.78 137.26 139.31 140.93 142.16 143.03 143.58 143.84 143.85 143.66 143.28 142.77 142.18 141.54
149.85 143.70 137.87 132.30 126.93 121.75 116.77 111.99 107.40 103.01 98.81 94.81 91.00 87.39 83.99 80.89 78.13 75.72 73.63 71.86 70.39 69.22 68.32 67.70 67.35 67.24 67.36 67.72 68.29 69.07 70.04 71.19 72.52 74.00 75.64 77.41 79.31 81.33 83.45 85.67 87.96 90.33 92.76 95.24 97.76 100.31 102.87 105.46 108.10 110.78 113.51 116.26 119.04 121.84 124.64 127.43 130.22 132.99 135.72 138.27 140.37 142.04 143.30 144.20 144.76 145.03 145.04 144.82 144.42 143.87 143.20 142.47
154.59 148.49 142.72 137.19 131.85 126.71 121.75 116.99 112.41 108.02 103.82 99.81 95.99 92.35 88.90 85.66 82.71 80.10 77.82 75.86 74.21 72.86 71.80 71.01 70.49 70.22 70.19 70.40 70.83 71.46 72.30 73.32 74.52 75.88 77.40 79.06 80.85 82.76 84.78 86.90 89.11 91.39 93.74 96.14 98.59 101.07 103.59 106.17 108.81 111.51 114.25 117.03 119.84 122.67 125.50 128.35 131.18 134.00 136.79 139.40 141.56 143.26 144.55 145.47 146.04 146.30 146.29 146.05 145.62 145.02 144.30 143.49
159.45 153.41 147.70 142.22 136.93 131.82 126.89 122.15 117.59 113.21 109.01 105.00 101.16 97.51 94.04 90.74 87.64 84.84 82.36 80.21 78.37 76.84 75.60 74.64 73.94 73.51 73.32 73.37 73.65 74.14 74.83 75.72 76.78 78.01 79.41 80.95 82.62 84.42 86.34 88.36 90.47 92.66 94.92 97.24 99.61 102.03 104.53 107.10 109.75 112.45 115.20 118.00 120.82 123.68 126.55 129.42 132.30 135.17 138.01 140.67 142.87 144.61 145.92 146.84 147.41 147.66 147.64 147.36 146.88 146.23 145.45 144.56
164.43 158.47 152.81 147.39 142.14 137.08 132.19 127.47 122.93 118.57 114.38 110.37 106.53 102.86 99.37 96.05 92.90 89.94 87.27 84.92 82.89 81.17 79.74 78.60 77.73 77.12 76.77 76.66 76.78 77.11 77.65 78.39 79.32 80.42 81.68 83.09 84.65 86.33 88.13 90.04 92.05 94.14 96.31 98.54 100.84 103.23 105.71 108.27 110.91 113.61 116.36 119.16 122.00 124.88 127.77 130.67 133.58 136.49 139.38 142.08 144.31 146.08 147.40 148.33 148.89 149.12 149.06 148.75 148.22 147.51 146.65 145.69
169.54 163.65 158.06 152.70 147.50 142.48 137.63 132.95 128.44 124.10 119.92 115.92 112.08 108.40 104.90 101.56 98.38 95.37 92.55 90.00 87.76 85.84 84.23 82.90 81.85 81.06 80.54 80.26 80.21 80.38 80.77 81.36 82.14 83.10 84.22 85.50 86.93 88.49 90.17 91.97 93.86 95.85 97.91 100.07 102.32 104.68 107.14 109.68 112.30 114.99 117.74 120.54 123.38 126.27 129.17 132.10 135.04 137.97 140.90 143.64 145.90 147.68 149.01 149.93 150.47 150.68 150.59 150.23 149.64 148.86 147.92 146.87
174.76 168.95 163.43 158.13 153.00 148.03 143.23 138.58 134.10 129.79 125.63 121.64 117.80 114.13 110.61 107.26 104.06 101.02 98.14 95.44 93.01 90.89 89.07 87.55 86.31 85.34 84.63 84.18 83.96 83.97 84.19 84.63 85.25 86.06 87.04 88.18 89.47 90.90 92.46 94.14 95.91 97.79 99.76 101.86 104.07 106.39 108.81 111.33 113.92 116.59 119.33 122.13 124.97 127.85 130.77 133.71 136.66 139.62 142.58 145.35 147.63 149.41 150.74 151.65 152.17 152.35 152.21 151.79 151.14 150.28 149.26 148.11
180.10 174.36 168.93 163.70 158.63 153.72 148.96 144.37 139.92 135.64 131.51 127.53 123.70 120.03 116.52 113.15 109.94 106.88 103.97 101.21 98.62 96.30 94.28 92.55 91.12 89.96 89.07 88.43 88.03 87.87 87.93 88.20 88.66 89.32 90.15 91.14 92.29 93.59 95.01 96.56 98.22 99.99 101.89 103.93 106.09 108.37 110.75 113.22 115.79 118.43 121.15 123.93 126.77 129.65 132.56 135.51 138.47 141.45 144.42 147.21 149.50 151.29 152.61 153.50 153.99 154.12 153.93 153.46 152.73 151.79 150.67 149.41
185.54 179.89 174.54 169.39 164.39 159.54 154.84 150.29 145.89 141.64 137.54 133.59 129.78 126.12 122.60 119.24 116.01 112.93 110.00 107.21 104.56 102.08 99.86 97.93 96.29 94.93 93.85 93.02 92.44 92.10 91.98 92.08 92.38 92.87 93.55 94.39 95.39 96.54 97.83 99.24 100.79 102.48 104.32 106.29 108.39 110.61 112.94 115.37 117.90 120.51 123.20 125.96 128.78 131.64 134.55 137.50 140.47 143.45 146.44 149.24 151.54 153.32 154.62 155.48 155.94 156.02 155.77 155.22 154.42 153.38 152.16 150.79
191.08 185.53 180.27 175.20 170.27 165.49 160.85 156.36 152.01 147.80 143.73 139.81 136.02 132.37 128.87 125.50 122.27 119.18 116.23 113.42 110.74 108.20 105.81 103.67 101.83 100.27 98.98 97.96 97.19 96.66 96.37 96.29 96.42 96.74 97.25 97.94 98.79 99.79 100.93 102.22 103.67 105.28 107.03 108.93 110.97 113.13 115.40 117.78 120.27 122.84 125.49 128.22 131.01 133.86 136.75 139.69 142.65 145.64 148.63 151.44 153.73 155.50 156.78 157.60 158.01 158.04 157.72 157.10 156.20 155.07 153.74 152.25
196.73 191.28 186.10 181.12 176.28 171.57 167.00 162.56 158.27 154.10 150.08 146.18 142.42 138.80 135.31 131.95 128.72 125.62 122.66 119.82 117.12 114.54 112.09 109.80 107.74 105.97 104.48 103.26 102.29 101.57 101.09 100.83 100.78 100.93 101.27 101.79 102.48 103.32 104.33 105.51 106.86 108.38 110.06 111.88 113.84 115.93 118.14 120.46 122.89 125.41 128.02 130.71 133.47 136.29 139.16 142.08 145.03 148.01 151.00 153.81 156.09 157.84 159.08 159.86 160.22 160.18 159.79 159.08 158.09 156.85 155.40 153.78
202.47 197.13 192.05 187.16 182.40 177.77 173.27 168.90 164.66 160.55 156.57 152.72 148.99 145.39 141.92 138.57 135.34 132.25 129.27 126.42 123.70 121.09 118.61 116.25 114.04 112.06 110.35 108.92 107.75 106.83 106.15 105.70 105.47 105.44 105.60 105.95 106.47 107.17 108.06 109.13 110.38 111.80 113.38 115.12 117.00 119.01 121.15 123.41 125.77 128.24 130.80 133.44 136.16 138.95 141.79 144.68 147.61 150.58 153.56 156.36 158.62 160.34 161.54 162.28 162.57 162.46 161.99 161.18 160.09 158.74 157.16 155.41
208.30 203.07 198.10 193.30 188.63 184.09 179.67 175.37 171.19 167.14 163.21 159.40 155.71 152.14 148.69 145.36 142.15 139.05 136.08 133.22 130.48 127.85 125.34 122.94 120.66 118.52 116.60 114.96 113.58 112.46 111.58 110.93 110.50 110.28 110.27 110.44 110.80 111.37 112.13 113.09 114.23 115.55 117.03 118.67 120.45 122.38 124.44 126.63 128.92 131.33 133.83 136.42 139.09 141.83 144.64 147.50 150.40 153.35 156.31 159.09 161.33 163.01 164.17 164.84 165.07 164.88 164.31 163.41 162.20 160.73 159.03 157.13
214.22 209.11 204.24 199.55 194.98 190.52 186.18 181.96 177.86 173.87 169.99 166.23 162.58 159.05 155.63 152.32 149.12 146.04 143.07 140.20 137.45 134.81 132.27 129.85 127.53 125.32 123.24 121.38 119.78 118.45 117.36 116.51 115.88 115.47 115.27 115.27 115.49 115.92 116.55 117.39 118.41 119.61 120.99 122.53 124.22 126.05 128.03 130.13 132.35 134.68 137.12 139.65 142.26 144.95 147.71 150.53 153.40 156.32 159.26 162.02 164.22 165.86 166.96 167.57 167.71 167.44 166.78 165.77 164.44 162.84 160.99 158.94
220.23 215.23 210.48 205.90 201.43 197.07 192.82 188.68 184.64 180.72 176.91 173.20 169.60 166.11 162.72 159.44 156.27 153.20 150.23 147.37 144.61 141.96 139.40 136.95 134.60 132.35 130.21 128.18 126.37 124.81 123.51 122.45 121.62 121.02 120.63 120.47 120.54 120.83 121.33 122.04 122.93 124.02 125.27 126.70 128.29 130.02 131.90 133.92 136.05 138.31 140.67 143.13 145.68 148.32 151.02 153.80 156.62 159.50 162.41 165.14 167.30 168.88 169.92 170.46 170.52 170.15 169.38 168.26 166.80 165.06 163.07 160.86
226.32 221.44 216.82 212.34 207.98 203.72 199.56 195.51 191.56 187.71 183.96 180.31 176.77 173.32 169.97 166.73 163.58 160.53 157.58 154.72 151.96 149.30 146.73 144.26 141.89 139.60 137.41 135.32 133.34 131.57 130.05 128.77 127.73 126.93 126.37 126.05 125.97 126.11 126.47 127.03 127.80 128.75 129.89 131.20 132.67 134.30 136.08 137.99 140.04 142.21 144.49 146.87 149.36 151.92 154.57 157.29 160.07 162.90 165.77 168.45 170.57 172.09 173.06 173.51 173.49 173.02 172.14 170.89 169.30 167.41 165.27 162.89
232.48 227.74 223.23 218.88 214.63 210.47 206.41 202.45 198.58 194.81 191.14 187.56 184.07 180.67 177.37 174.17 171.05 168.02 165.09 162.25 159.49 156.83 154.26 151.77 149.37 147.06 144.84 142.70 140.65 138.71 136.97 135.47 134.22 133.24 132.51 132.03 131.78 131.77 131.97 132.39 133.01 133.83 134.84 136.02 137.38 138.89 140.56 142.37 144.32 146.39 148.58 150.89 153.29 155.78 158.36 161.02 163.74 166.52 169.34 171.98 174.04 175.49 176.38 176.75 176.62 176.04 175.04 173.66 171.93 169.90 167.59 165.04
238.71 234.11 229.74 225.51 221.37 217.32 213.37 209.50 205.73 202.04 198.44 194.93 191.51 188.17 184.92 181.76 178.68 175.68 172.77 169.95 167.20 164.54 161.97 159.47 157.06 154.72 152.47 150.30 148.21 146.19 144.28 142.57 141.13 139.96 139.05 138.39 137.98 137.80 137.85 138.11 138.59 139.26 140.13 141.18 142.41 143.80 145.35 147.05 148.89 150.86 152.96 155.17 157.49 159.90 162.40 164.99 167.64 170.36 173.13 175.71 177.71 179.09 179.90 180.16 179.93 179.23 178.11 176.59 174.71 172.51 170.03 167.30
245.01 240.55 236.32 232.22 228.20 224.27 220.43 216.66 212.98 209.39 205.87 202.43 199.08 195.81 192.61 189.50 186.46 183.50 180.62 177.82 175.09 172.44 169.86 167.36 164.94 162.59 160.31 158.11 155.98 153.92 151.94 150.09 148.46 147.09 146.00 145.16 144.57 144.21 144.10 144.20 144.52 145.04 145.77 146.68 147.77 149.03 150.46 152.04 153.76 155.63 157.62 159.73 161.95 164.28 166.70 169.21 171.79 174.44 177.15 179.67 181.59 182.89 183.60 183.77 183.42 182.60 181.33 179.67 177.63 175.27 172.61 169.69
251.38 247.07 242.97 239.01 235.12 231.31 227.58 223.92 220.35 216.84 213.41 210.06 206.78 203.57 200.44 197.38 194.39 191.47 188.63 185.85 183.14 180.51 177.94 175.44 173.01 170.65 168.35 166.12 163.96 161.87 159.88 157.98 156.20 154.65 153.35 152.32 151.55 151.02 150.73 150.66 150.82 151.18 151.75 152.52 153.46 154.59 155.88 157.34 158.94 160.69 162.57 164.57 166.69 168.92 171.25 173.68 176.18 178.76 181.39 183.84 185.68 186.89 187.51 187.56 187.09 186.13 184.73 182.91 180.71 178.17 175.33 172.21
257.81 253.65 249.70 245.87 242.12 238.44 234.82 231.28 227.81 224.41 221.07 217.80 214.60 211.47 208.40 205.40 202.47 199.59 196.79 194.04 191.37 188.75 186.20 183.70 181.27 178.90 176.59 174.35 172.16 170.07 168.06 166.15 164.32 162.62 161.13 159.90 158.94 158.22 157.74 157.50 157.49 157.69 158.10 158.70 159.50 160.48 161.64 162.95 164.43 166.05 167.81 169.70 171.72 173.84 176.08 178.40 180.82 183.31 185.87 188.24 190.00 191.11 191.61 191.55 190.95 189.86 188.30 186.32 183.95 181.22 178.19 174.87
264.29 260.29 256.49 252.81 249.20 245.64 242.16 238.73 235.37 232.07 228.84 225.66 222.55 219.49 216.50 213.56 210.68 207.86 205.10 202.40 199.75 197.16 194.62 192.14 189.72 187.35 185.03 182.77 180.59 178.50 176.48 174.55 172.71 170.96 169.32 167.90 166.73 165.82 165.15 164.73 164.54 164.56 164.80 165.25 165.89 166.71 167.72 168.89 170.23 171.72 173.36 175.13 177.02 179.04 181.17 183.39 185.71 188.12 190.59 192.88 194.54 195.54 195.93 195.74 195.01 193.76 192.05 189.90 187.35 184.44 181.20 177.67
