data_processed/recharge/precip/Precip_1992_03.asc
ncols        168
nrows        136
xllcorner    455000
yllcorner    2107000
cellsize     500
NODATA_value     -99999
[rows 72 to 107 of 136, columns 0 to 81 of 168]
9.69 9.44 9.18 8.92 8.66 8.40 8.16 7.92 7.69 7.47 7.26 7.06 6.86 6.68 6.51 6.35 6.19 6.05 5.93 5.82 5.75 5.74 5.79 5.89 6.02 6.09 6.08 6.00 5.85 5.68 5.52 5.38 5.25 5.15 5.07 5.01 4.97 4.96 4.98 5.02 5.09 5.18 5.31 5.47 5.65 5.88 6.13 6.41 6.71 7.04 7.39 7.73 8.06 8.39 8.70 8.98 9.21 9.41 9.56 9.67 9.74 9.77 9.76 9.72 9.64 9.53 9.38 9.20 8.99 8.76 8.49 8.19 7.82 7.34 6.75 6.05 5.31 4.74 4.39 4.23 4.24 4.37
10.00 9.76 9.52 9.28 9.05 8.81 8.59 8.36 8.15 7.93 7.73 7.53 7.34 7.15 6.97 6.80 6.64 6.48 6.34 6.20 6.08 6.00 5.98 6.01 6.07 6.06 5.97 5.81 5.62 5.44 5.28 5.14 5.01 4.91 4.82 4.76 4.72 4.71 4.71 4.75 4.81 4.90 5.02 5.16 5.34 5.55 5.79 6.07 6.37 6.69 7.04 7.37 7.70 8.02 8.31 8.56 8.77 8.94 9.06 9.15 9.20 9.22 9.20 9.15 9.07 8.95 8.81 8.63 8.43 8.21 7.96 7.68 7.38 7.00 6.52 5.93 5.29 4.83 4.57 4.51 4.55 4.64
10.29 10.08 9.86 9.64 9.43 9.21 9.00 8.79 8.59 8.38 8.18 7.98 7.78 7.59 7.41 7.23 7.05 6.88 6.71 6.56 6.40 6.26 6.16 6.12 6.09 6.00 5.83 5.63 5.44 5.26 5.10 4.96 4.83 4.72 4.64 4.57 4.52 4.50 4.51 4.53 4.59 4.67 4.78 4.92 5.08 5.28 5.51 5.78 6.07 6.39 6.73 7.07 7.39 7.69 7.95 8.17 8.35 8.49 8.60 8.67 8.71 8.71 8.69 8.63 8.54 8.43 8.29 8.13 7.94 7.73 7.49 7.24 6.97 6.67 6.30 5.82 5.31 4.96 4.81 4.78 4.79 4.84
10.57 10.38 10.19 10.00 9.80 9.60 9.40 9.21 9.00 8.80 8.60 8.40 8.20 8.01 7.81 7.61 7.42 7.23 7.04 6.86 6.68 6.50 6.34 6.21 6.10 5.92 5.71 5.51 5.32 5.14 4.98 4.84 4.71 4.60 4.51 4.44 4.39 4.36 4.36 4.38 4.43 4.50 4.60 4.73 4.89 5.08 5.30 5.55 5.84 6.15 6.49 6.82 7.12 7.39 7.62 7.81 7.97 8.09 8.18 8.24 8.26 8.26 8.23 8.17 8.09 7.98 7.85 7.69 7.52 7.33 7.11 6.88 6.64 6.38 6.10 5.75 5.36 5.12 5.02 4.96 4.94 4.95
10.84 10.68 10.51 10.34 10.16 9.97 9.79 9.59 9.40 9.20 9.00 8.79 8.59 8.38 8.17 7.96 7.75 7.54 7.32 7.11 6.90 6.69 6.49 6.28 6.09 5.87 5.66 5.46 5.27 5.09 4.93 4.79 4.66 4.55 4.46 4.38 4.33 4.30 4.29 4.30 4.34 4.41 4.50 4.62 4.77 4.95 5.16 5.40 5.67 5.98 6.30 6.61 6.89 7.13 7.33 7.50 7.64 7.74 7.82 7.86 7.88 7.88 7.84 7.79 7.71 7.61 7.49 7.35 7.19 7.02 6.83 6.63 6.41 6.19 5.95 5.69 5.43 5.25 5.13 5.04 4.98 4.95
11.08 10.94 10.80 10.64 10.48 10.31 10.13 9.94 9.75 9.55 9.35 9.14 8.92 8.70 8.48 8.25 8.02 7.79 7.55 7.31 7.07 6.82 6.58 6.33 6.10 5.88 5.68 5.48 5.29 5.12 4.96 4.81 4.68 4.57 4.47 4.40 4.34 4.30 4.29 4.30 4.33 4.39 4.47 4.58 4.72 4.89 5.09 5.32 5.58 5.87 6.18 6.46 6.70 6.91 7.09 7.24 7.36 7.45 7.52 7.56 7.57 7.56 7.53 7.48 7.41 7.32 7.22 7.10 6.96 6.81 6.65 6.48 6.30 6.11 5.91 5.70 5.48 5.28 5.13 5.01 4.92 4.87
11.22 11.11 10.98 10.85 10.70 10.55 10.38 10.20 10.02 9.82 9.62 9.41 9.18 8.96 8.72 8.48 8.23 7.97 7.71 7.45 7.17 6.90 6.62 6.36 6.14 5.92 5.72 5.52 5.34 5.17 5.01 4.86 4.73 4.62 4.52 4.44 4.38 4.34 4.33 4.33 4.36 4.41 4.48 4.59 4.72 4.87 5.06 5.28 5.53 5.80 6.07 6.32 6.54 6.72 6.88 7.01 7.12 7.20 7.26 7.29 7.30 7.30 7.27 7.23 7.17 7.09 7.00 6.90 6.79 6.66 6.53 6.39 6.24 6.09 5.93 5.75 5.52 5.30 5.11 4.96 4.85 4.77
11.23 11.14 11.05 10.94 10.81 10.68 10.53 10.36 10.19 10.00 9.80 9.59 9.37 9.13 8.89 8.64 8.38 8.10 7.82 7.53 7.24 6.93 6.65 6.39 6.18 5.97 5.77 5.58 5.40 5.23 5.07 4.93 4.80 4.69 4.59 4.51 4.45 4.40 4.38 4.38 4.40 4.45 4.52 4.61 4.73 4.88 5.06 5.27 5.50 5.74 5.98 6.20 6.39 6.55 6.69 6.81 6.90 6.97 7.02 7.05 7.06 7.06 7.04 7.00 6.95 6.89 6.82 6.74 6.65 6.56 6.45 6.35 6.24 6.13 5.98 5.79 5.55 5.32 5.11 4.93 4.79 4.69
11.15 11.07 11.00 10.92 10.82 10.71 10.58 10.43 10.27 10.10 9.91 9.70 9.48 9.25 9.00 8.74 8.47 8.19 7.89 7.58 7.27 6.96 6.68 6.43 6.22 6.02 5.83 5.64 5.47 5.30 5.15 5.01 4.88 4.77 4.67 4.59 4.52 4.48 4.45 4.45 4.47 4.51 4.57 4.66 4.78 4.92 5.09 5.28 5.48 5.69 5.90 6.09 6.26 6.40 6.52 6.62 6.70 6.76 6.81 6.83 6.85 6.84 6.83 6.81 6.77 6.73 6.68 6.62 6.56 6.49 6.42 6.35 6.28 6.18 6.03 5.83 5.58 5.34 5.12 4.92 4.75 4.62
11.06 10.92 10.86 10.81 10.74 10.66 10.55 10.43 10.28 10.12 9.94 9.75 9.54 9.31 9.06 8.80 8.52 8.23 7.92 7.60 7.28 6.98 6.71 6.47 6.27 6.08 5.89 5.71 5.54 5.38 5.23 5.09 4.97 4.86 4.76 4.68 4.62 4.57 4.54 4.54 4.55 4.59 4.65 4.73 4.84 4.97 5.13 5.29 5.46 5.65 5.83 6.00 6.14 6.26 6.36 6.45 6.52 6.57 6.61 6.64 6.66 6.66 6.66 6.64 6.62 6.60 6.57 6.53 6.50 6.46 6.43 6.39 6.33 6.23 6.07 5.86 5.61 5.36 5.13 4.92 4.73 4.58
10.97 10.77 10.66 10.62 10.58 10.53 10.45 10.35 10.23 10.09 9.93 9.74 9.54 9.32 9.08 8.82 8.54 8.25 7.93 7.61 7.30 7.01 6.75 6.52 6.32 6.14 5.96 5.78 5.62 5.46 5.32 5.19 5.06 4.95 4.86 4.78 4.72 4.67 4.64 4.64 4.65 4.68 4.74 4.82 4.92 5.04 5.17 5.31 5.46 5.62 5.78 5.92 6.04 6.14 6.22 6.30 6.36 6.40 6.44 6.47 6.49 6.50 6.51 6.51 6.50 6.50 6.49 6.48 6.48 6.47 6.47 6.45 6.39 6.27 6.11 5.89 5.63 5.38 5.14 4.92 4.72 4.55
10.88 10.63 10.46 10.38 10.35 10.33 10.28 10.21 10.12 10.00 9.86 9.70 9.51 9.30 9.07 8.82 8.54 8.25 7.94 7.63 7.33 7.04 6.79 6.57 6.38 6.20 6.03 5.86 5.70 5.55 5.41 5.28 5.16 5.06 4.97 4.89 4.83 4.78 4.76 4.75 4.76 4.79 4.84 4.92 5.01 5.11 5.22 5.34 5.46 5.60 5.73 5.85 5.95 6.03 6.10 6.16 6.21 6.25 6.29 6.32 6.34 6.36 6.38 6.40 6.41 6.43 6.44 6.46 6.49 6.52 6.53 6.50 6.43 6.30 6.13 5.91 5.65 5.39 5.15 4.93 4.72 4.54
10.79 10.49 10.28 10.15 10.08 10.07 10.06 10.03 9.97 9.88 9.76 9.62 9.45 9.26 9.04 8.80 8.53 8.24 7.94 7.64 7.35 7.08 6.83 6.61 6.43 6.26 6.10 5.94 5.78 5.64 5.50 5.38 5.27 5.17 5.08 5.00 4.94 4.90 4.88 4.87 4.88 4.91 4.96 5.02 5.10 5.18 5.27 5.37 5.47 5.58 5.70 5.79 5.87 5.94 5.99 6.03 6.08 6.12 6.15 6.19 6.22 6.25 6.28 6.31 6.35 6.38 6.43 6.48 6.53 6.57 6.58 6.54 6.46 6.33 6.15 5.92 5.66 5.40 5.15 4.93 4.72 4.53
10.70 10.36 10.11 9.94 9.84 9.80 9.80 9.80 9.78 9.72 9.63 9.52 9.37 9.20 9.00 8.77 8.51 8.24 7.95 7.66 7.38 7.11 6.87 6.67 6.49 6.33 6.17 6.01 5.86 5.72 5.59 5.48 5.37 5.27 5.19 5.12 5.07 5.02 5.00 4.99 5.00 5.03 5.08 5.13 5.19 5.25 5.32 5.40 5.49 5.58 5.67 5.75 5.81 5.86 5.90 5.93 5.96 6.00 6.03 6.07 6.11 6.16 6.20 6.25 6.31 6.37 6.44 6.52 6.59 6.62 6.61 6.56 6.47 6.34 6.16 5.93 5.67 5.40 5.16 4.93 4.71 4.52
10.61 10.24 9.96 9.76 9.62 9.55 9.53 9.55 9.56 9.54 9.49 9.40 9.29 9.14 8.96 8.74 8.50 8.23 7.96 7.68 7.40 7.15 6.92 6.72 6.55 6.39 6.24 6.09 5.95 5.81 5.69 5.57 5.47 5.38 5.30 5.24 5.19 5.15 5.13 5.12 5.13 5.16 5.19 5.23 5.27 5.32 5.38 5.44 5.51 5.58 5.65 5.71 5.76 5.79 5.82 5.84 5.87 5.90 5.93 5.97 6.02 6.08 6.14 6.21 6.29 6.38 6.48 6.57 6.62 6.65 6.63 6.58 6.48 6.34 6.16 5.93 5.67 5.41 5.16 4.93 4.71 4.51
10.53 10.13 9.83 9.60 9.44 9.34 9.30 9.30 9.34 9.35 9.34 9.29 9.20 9.08 8.92 8.72 8.48 8.23 7.96 7.69 7.43 7.18 6.96 6.77 6.61 6.46 6.31 6.17 6.03 5.90 5.78 5.67 5.57 5.48 5.41 5.35 5.31 5.27 5.26 5.25 5.26 5.28 5.30 5.32 5.36 5.39 5.43 5.48 5.53 5.59 5.64 5.68 5.71 5.74 5.76 5.77 5.79 5.82 5.85 5.89 5.95 6.02 6.10 6.19 6.30 6.41 6.52 6.60 6.65 6.66 6.64 6.58 6.48 6.34 6.15 5.92 5.66 5.40 5.16 4.92 4.71 4.51
10.44 10.03 9.71 9.47 9.29 9.18 9.12 9.10 9.12 9.17 9.19 9.18 9.13 9.03 8.88 8.69 8.47 8.23 7.97 7.71 7.46 7.22 7.00 6.82 6.67 6.52 6.38 6.24 6.11 5.99 5.87 5.76 5.67 5.59 5.52 5.46 5.42 5.40 5.38 5.38 5.38 5.39 5.40 5.42 5.44 5.46 5.49 5.52 5.56 5.60 5.64 5.66 5.68 5.70 5.71 5.72 5.73 5.75 5.79 5.83 5.90 5.98 6.08 6.19 6.32 6.44 6.54 6.61 6.65 6.66 6.63 6.56 6.46 6.32 6.13 5.91 5.65 5.39 5.15 4.92 4.70 4.51
10.36 9.94 9.61 9.36 9.17 9.05 8.98 8.96 8.97 9.01 9.06 9.08 9.06 8.98 8.84 8.66 8.45 8.22 7.98 7.73 7.48 7.25 7.04 6.87 6.72 6.59 6.45 6.32 6.19 6.07 5.96 5.86 5.77 5.69 5.62 5.57 5.54 5.51 5.50 5.49 5.49 5.49 5.50 5.50 5.52 5.53 5.55 5.57 5.59 5.62 5.64 5.65 5.66 5.67 5.67 5.68 5.69 5.71 5.74 5.79 5.86 5.96 6.07 6.21 6.34 6.46 6.55 6.61 6.64 6.64 6.60 6.53 6.43 6.29 6.11 5.89 5.63 5.38 5.14 4.91 4.70 4.50
10.27 9.86 9.53 9.27 9.09 8.97 8.89 8.87 8.87 8.91 8.96 9.00 8.99 8.92 8.80 8.63 8.44 8.22 7.98 7.74 7.51 7.28 7.08 6.92 6.78 6.65 6.52 6.39 6.27 6.15 6.05 5.95 5.86 5.78 5.72 5.67 5.64 5.62 5.61 5.60 5.59 5.59 5.58 5.59 5.59 5.60 5.60 5.61 5.62 5.64 5.65 5.65 5.65 5.65 5.65 5.65 5.66 5.68 5.72 5.78 5.85 5.96 6.08 6.22 6.35 6.45 6.53 6.58 6.60 6.60 6.56 6.49 6.39 6.25 6.07 5.86 5.61 5.36 5.13 4.90 4.69 4.50
10.20 9.79 9.46 9.22 9.04 8.92 8.86 8.83 8.85 8.88 8.92 8.93 8.92 8.86 8.76 8.60 8.42 8.21 7.98 7.75 7.53 7.31 7.12 6.96 6.83 6.70 6.58 6.46 6.34 6.23 6.13 6.03 5.95 5.88 5.82 5.77 5.74 5.71 5.70 5.69 5.68 5.67 5.66 5.66 5.66 5.66 5.66 5.66 5.66 5.66 5.66 5.66 5.65 5.64 5.64 5.64 5.65 5.68 5.72 5.78 5.87 5.98 6.10 6.22 6.32 6.42 6.49 6.53 6.55 6.54 6.51 6.44 6.33 6.20 6.03 5.82 5.58 5.34 5.11 4.89 4.69 4.50
10.12 9.73 9.42 9.19 9.02 8.92 8.87 8.86 8.88 8.90 8.91 8.90 8.86 8.81 8.71 8.57 8.39 8.20 7.98 7.76 7.54 7.34 7.15 7.00 6.88 6.76 6.64 6.52 6.41 6.31 6.21 6.12 6.04 5.97 5.91 5.86 5.82 5.80 5.77 5.76 5.75 5.74 5.74 5.73 5.72 5.72 5.71 5.70 5.70 5.69 5.68 5.67 5.65 5.64 5.63 5.64 5.65 5.68 5.73 5.80 5.90 6.00 6.10 6.20 6.28 6.36 6.43 6.47 6.48 6.47 6.43 6.37 6.27 6.13 5.97 5.77 5.54 5.31 5.09 4.88 4.68 4.49
10.05 9.68 9.39 9.18 9.04 8.96 8.93 8.94 8.95 8.95 8.93 8.89 8.83 8.75 8.66 8.53 8.37 8.18 7.97 7.76 7.55 7.36 7.18 7.04 6.92 6.80 6.69 6.58 6.48 6.38 6.28 6.20 6.12 6.05 5.99 5.94 5.90 5.87 5.84 5.82 5.81 5.80 5.80 5.79 5.78 5.77 5.76 5.75 5.73 5.72 5.70 5.68 5.66 5.65 5.64 5.65 5.67 5.71 5.76 5.84 5.93 6.02 6.10 6.17 6.23 6.29 6.34 6.38 6.39 6.38 6.34 6.28 6.19 6.06 5.90 5.71 5.49 5.27 5.06 4.86 4.67 4.49
9.98 9.64 9.39 9.21 9.09 9.04 9.03 9.04 9.03 9.00 8.95 8.89 8.81 8.72 8.61 8.49 8.33 8.16 7.96 7.76 7.56 7.37 7.21 7.07 6.96 6.85 6.74 6.64 6.54 6.44 6.35 6.27 6.19 6.13 6.07 6.02 5.97 5.93 5.90 5.88 5.86 5.85 5.85 5.84 5.83 5.82 5.80 5.79 5.77 5.75 5.73 5.70 5.68 5.67 5.66 5.67 5.70 5.74 5.81 5.88 5.95 6.02 6.07 6.13 6.17 6.21 6.24 6.27 6.28 6.27 6.24 6.18 6.09 5.97 5.82 5.64 5.43 5.23 5.03 4.84 4.66 4.49
9.91 9.61 9.40 9.26 9.18 9.16 9.16 9.14 9.10 9.05 8.99 8.90 8.81 8.70 8.58 8.44 8.30 8.13 7.95 7.75 7.56 7.38 7.22 7.09 6.99 6.89 6.78 6.69 6.59 6.50 6.41 6.33 6.26 6.20 6.14 6.08 6.03 5.99 5.96 5.93 5.91 5.90 5.89 5.88 5.87 5.86 5.85 5.83 5.81 5.78 5.75 5.73 5.71 5.69 5.69 5.71 5.74 5.79 5.85 5.91 5.96 6.00 6.04 6.07 6.10 6.12 6.13 6.15 6.15 6.15 6.12 6.06 5.98 5.87 5.73 5.56 5.37 5.17 4.99 4.81 4.64 4.48
9.85 9.60 9.43 9.33 9.30 9.29 9.26 9.22 9.16 9.09 9.01 8.91 8.80 8.68 8.55 8.41 8.26 8.10 7.92 7.74 7.56 7.39 7.23 7.11 7.01 6.92 6.82 6.73 6.64 6.55 6.47 6.39 6.32 6.25 6.19 6.14 6.09 6.05 6.01 5.98 5.95 5.93 5.92 5.91 5.91 5.90 5.88 5.86 5.84 5.81 5.78 5.76 5.74 5.73 5.73 5.75 5.79 5.84 5.89 5.92 5.95 5.98 6.00 6.01 6.02 6.02 6.02 6.02 6.01 6.00 5.98 5.93 5.86 5.76 5.63 5.48 5.30 5.12 4.94 4.78 4.62 4.47
9.80 9.60 9.48 9.44 9.41 9.38 9.33 9.27 9.20 9.11 9.01 8.90 8.78 8.66 8.52 8.37 8.22 8.06 7.89 7.72 7.55 7.38 7.24 7.12 7.03 6.94 6.85 6.76 6.68 6.59 6.51 6.44 6.37 6.31 6.25 6.19 6.14 6.09 6.06 6.02 5.99 5.97 5.95 5.94 5.93 5.93 5.91 5.90 5.87 5.85 5.82 5.79 5.77 5.77 5.78 5.81 5.84 5.87 5.90 5.92 5.93 5.94 5.94 5.94 5.93 5.92 5.90 5.89 5.87 5.84 5.82 5.78 5.72 5.63 5.52 5.38 5.22 5.05 4.89 4.74 4.60 4.47
9.75 9.61 9.55 9.52 9.48 9.43 9.36 9.28 9.19 9.10 8.99 8.87 8.75 8.61 8.47 8.33 8.17 8.02 7.86 7.69 7.53 7.37 7.23 7.12 7.04 6.95 6.87 6.79 6.71 6.63 6.55 6.48 6.41 6.35 6.29 6.24 6.19 6.14 6.10 6.06 6.03 6.00 5.98 5.97 5.95 5.95 5.94 5.92 5.90 5.88 5.85 5.82 5.81 5.81 5.83 5.85 5.87 5.89 5.90 5.90 5.89 5.88 5.87 5.85 5.83 5.81 5.78 5.75 5.72 5.69 5.65 5.61 5.56 5.49 5.39 5.27 5.12 4.98 4.84 4.70 4.57 4.47
9.70 9.63 9.59 9.54 9.49 9.42 9.34 9.25 9.15 9.04 8.92 8.80 8.67 8.54 8.40 8.26 8.11 7.96 7.81 7.65 7.50 7.35 7.22 7.12 7.04 6.96 6.88 6.80 6.73 6.65 6.58 6.52 6.45 6.39 6.33 6.28 6.23 6.18 6.14 6.10 6.07 6.04 6.01 5.99 5.98 5.96 5.96 5.95 5.93 5.91 5.88 5.86 5.85 5.86 5.87 5.88 5.89 5.88 5.88 5.86 5.84 5.82 5.79 5.76 5.73 5.69 5.65 5.61 5.57 5.53 5.49 5.44 5.40 5.34 5.26 5.15 5.02 4.90 4.77 4.66 4.56 4.52
9.66 9.61 9.56 9.49 9.42 9.34 9.25 9.15 9.04 8.93 8.81 8.69 8.56 8.43 8.29 8.16 8.02 7.88 7.74 7.60 7.46 7.32 7.20 7.10 7.03 6.96 6.88 6.81 6.74 6.67 6.61 6.54 6.48 6.43 6.37 6.32 6.27 6.22 6.18 6.14 6.10 6.07 6.04 6.02 6.00 5.98 5.97 5.97 5.95 5.93 5.91 5.89 5.89 5.90 5.90 5.89 5.88 5.86 5.84 5.81 5.78 5.75 5.71 5.67 5.62 5.57 5.53 5.48 5.42 5.37 5.32 5.27 5.22 5.17 5.11 5.02 4.91 4.81 4.70 4.62 4.59 4.59
9.57 9.51 9.44 9.36 9.28 9.18 9.08 8.98 8.87 8.76 8.64 8.52 8.39 8.27 8.14 8.01 7.89 7.76 7.63 7.51 7.39 7.27 7.16 7.07 7.01 6.94 6.88 6.81 6.75 6.69 6.63 6.57 6.51 6.46 6.40 6.35 6.31 6.26 6.22 6.18 6.14 6.11 6.08 6.05 6.03 6.01 5.99 5.98 5.97 5.96 5.94 5.93 5.93 5.92 5.90 5.88 5.86 5.83 5.79 5.75 5.71 5.66 5.61 5.56 5.51 5.45 5.39 5.34 5.28 5.22 5.16 5.10 5.05 5.00 4.94 4.88 4.79 4.71 4.65 4.62 4.64 4.69
9.37 9.30 9.22 9.13 9.04 8.94 8.84 8.73 8.62 8.51 8.39 8.28 8.16 8.05 7.93 7.82 7.70 7.60 7.49 7.39 7.29 7.20 7.11 7.04 6.98 6.92 6.86 6.81 6.75 6.70 6.64 6.59 6.54 6.49 6.44 6.39 6.35 6.30 6.26 6.22 6.19 6.15 6.12 6.09 6.06 6.04 6.02 6.00 5.99 5.98 5.96 5.95 5.94 5.92 5.89 5.85 5.82 5.77 5.73 5.68 5.62 5.57 5.51 5.45 5.39 5.32 5.26 5.19 5.13 5.07 5.00 4.94 4.89 4.83 4.78 4.72 4.66 4.62 4.61 4.65 4.72 4.82
9.08 9.00 8.91 8.81 8.72 8.61 8.51 8.40 8.30 8.19 8.08 7.97 7.87 7.76 7.66 7.57 7.47 7.38 7.30 7.22 7.15 7.09 7.03 6.98 6.95 6.90 6.85 6.80 6.76 6.71 6.66 6.61 6.57 6.52 6.48 6.43 6.39 6.35 6.31 6.27 6.23 6.20 6.17 6.14 6.11 6.08 6.06 6.04 6.02 6.00 5.98 5.96 5.93 5.90 5.86 5.81 5.76 5.71 5.65 5.59 5.53 5.47 5.40 5.33 5.26 5.19 5.13 5.06 4.99 4.92 4.86 4.79 4.73 4.67 4.62 4.57 4.54 4.55 4.61 4.69 4.81 4.96
8.77 8.68 8.58 8.48 8.37 8.27 8.16 8.06 7.95 7.85 7.75 7.65 7.56 7.46 7.38 7.29 7.22 7.15 7.09 7.03 6.99 6.95 6.93 6.93 6.95 6.93 6.89 6.85 6.81 6.77 6.72 6.68 6.64 6.60 6.56 6.51 6.47 6.43 6.39 6.35 6.32 6.28 6.25 6.21 6.18 6.15 6.12 6.09 6.07 6.05 6.02 5.99 5.95 5.90 5.85 5.79 5.73 5.67 5.60 5.53 5.46 5.39 5.31 5.24 5.16 5.09 5.01 4.94 4.86 4.79 4.72 4.66 4.59 4.53 4.48 4.44 4.43 4.49 4.60 4.74 4.90 5.09
8.48 8.38 8.27 8.16 8.05 7.94 7.83 7.72 7.62 7.52 7.42 7.33 7.24 7.16 7.09 7.02 6.96 6.91 6.87 6.84 6.81 6.81 6.82 6.89 6.97 7.00 6.99 6.95 6.92 6.88 6.84 6.80 6.76 6.72 6.68 6.64 6.60 6.56 6.52 6.48 6.44 6.40 6.36 6.32 6.28 6.25 6.21 6.18 6.14 6.12 6.09 6.04 5.99 5.93 5.86 5.80 5.72 5.65 5.57 5.49 5.41 5.33 5.25 5.16 5.08 5.00 4.92 4.84 4.76 4.69 4.61 4.54 4.48 4.42 4.37 4.34 4.35 4.43 4.58 4.77 4.97 5.20
8.22 8.10 7.98 7.86 7.74 7.62 7.51 7.40 7.30 7.20 7.11 7.02 6.94 6.87 6.80 6.75 6.70 6.67 6.64 6.63 6.64 6.67 6.74 6.86 7.00 7.09 7.13 7.12 7.08 7.05 7.01 6.97 6.94 6.90 6.85 6.81 6.77 6.72 6.68 6.64 6.59 6.55 6.50 6.45 6.41 6.37 6.32 6.28 6.24 6.21 6.17 6.12 6.06 5.99 5.91 5.83 5.75 5.66 5.57 5.48 5.39 5.30 5.21 5.12 5.03 4.94 4.85 4.76 4.68 4.60 4.52 4.45 4.38 4.32 4.29 4.28 4.31 4.40 4.56 4.78 5.03 5.29
7.97 7.84 7.71 7.58 7.45 7.33 7.21 7.10 6.99 6.89 6.80 6.71 6.64 6.58 6.52 6.48 6.45 6.43 6.42 6.43 6.47 6.55 6.68 6.85 7.04 7.19 7.27 7.31 7.29 7.26 7.23 7.19 7.15 7.10 7.06 7.01 6.97 6.92 6.87 6.82 6.77 6.72 6.66 6.61 6.56 6.50 6.45 6.41 6.36 6.32 6.28 6.23 6.16 6.08 5.99 5.90 5.80 5.70 5.60 5.50 5.40 5.30 5.19 5.09 5.00 4.90 4.80 4.71 4.62 4.53 4.45 4.37 4.31 4.27 4.25 4.25 4.30 4.40 4.57 4.80 5.07 5.37
