data_processed/recharge/precip/Precip_2012_09.asc
ncols        168
nrows        136
xllcorner    455000
yllcorner    2107000
cellsize     500
NODATA_value     -99999
[rows 0 to 32 of 136, columns 0 to 74 of 168]
265.05 260.31 255.26 249.98 244.47 238.76 232.90 226.91 220.83 214.68 208.51 202.35 196.22 190.16 184.21 178.40 172.76 167.32 162.11 157.32 154.45 154.36 154.96 153.88 151.71 149.60 147.59 145.85 144.69 144.17 144.25 144.88 146.01 147.61 149.62 152.00 154.71 157.70 160.93 164.35 167.92 171.60 175.33 179.08 182.79 186.59 191.58 198.78 208.23 218.81 226.48 229.93 229.34 226.22 222.45 218.38 214.05 209.50 204.74 199.83 194.79 189.64 184.44 179.19 173.95 168.73 163.58 158.52 153.59 148.82 144.24 139.95 136.25 133.29 131.05
236.15 233.44 230.38 227.02 223.39 219.53 215.47 211.25 206.88 202.42 197.89 193.32 188.75 184.21 179.73 175.36 171.11 167.02 163.13 159.46 156.16 154.15 153.45 152.05 149.93 147.89 146.11 144.90 144.32 144.32 144.87 145.90 147.39 149.29 151.54 154.11 156.96 160.03 163.28 166.67 170.15 173.68 177.21 180.70 184.11 187.38 190.65 195.04 201.62 209.41 214.28 215.03 213.18 210.61 207.71 204.51 201.02 197.30 193.37 189.27 185.01 180.65 176.21 171.72 167.21 162.72 158.27 153.91 149.66 145.56 141.64 137.92 134.50 131.59 129.31
215.21 213.92 212.26 210.26 207.96 205.38 202.55 199.52 196.32 192.97 189.51 185.97 182.39 178.80 175.24 171.73 168.30 165.00 161.86 158.90 156.16 153.73 151.97 150.24 148.18 146.36 145.10 144.46 144.39 144.85 145.80 147.18 148.96 151.09 153.53 156.22 159.13 162.21 165.42 168.71 172.04 175.36 178.63 181.80 184.83 187.68 190.29 192.80 196.37 201.08 202.99 202.23 200.71 198.81 196.56 193.99 191.13 188.01 184.67 181.15 177.46 173.65 169.74 165.77 161.78 157.78 153.82 149.93 146.14 142.47 138.98 135.67 132.60 129.82 127.49
204.40 203.99 203.16 201.96 200.41 198.54 196.39 193.99 191.37 188.57 185.62 182.55 179.39 176.19 172.97 169.76 166.60 163.52 160.55 157.73 155.09 152.66 150.49 148.49 146.64 145.34 144.64 144.50 144.88 145.73 147.01 148.68 150.68 152.98 155.53 158.29 161.20 164.23 167.33 170.46 173.57 176.62 179.55 182.34 184.93 187.28 189.34 191.07 192.60 194.23 194.39 193.75 192.68 191.21 189.38 187.21 184.74 182.01 179.04 175.86 172.51 169.02 165.43 161.76 158.04 154.32 150.61 146.96 143.40 139.95 136.65 133.54 130.64 127.98 125.62
203.73 203.73 203.27 202.38 201.11 199.47 197.52 195.27 192.77 190.04 187.12 184.05 180.84 177.55 174.19 170.81 167.44 164.10 160.84 157.68 154.67 151.82 149.18 146.86 145.39 144.64 144.44 144.75 145.52 146.71 148.28 150.17 152.34 154.76 157.36 160.12 162.98 165.91 168.85 171.75 174.59 177.31 179.86 182.21 184.30 186.10 187.55 188.62 189.28 189.69 189.78 189.42 188.60 187.38 185.78 183.83 181.56 179.02 176.22 173.21 170.01 166.65 163.18 159.61 155.99 152.35 148.71 145.11 141.58 138.16 134.87 131.75 128.84 126.15 123.72
205.28 205.58 205.39 204.73 203.64 202.16 200.31 198.13 195.65 192.90 189.93 186.75 183.41 179.93 176.35 172.71 169.03 165.35 161.70 158.11 154.63 151.27 148.08 145.20 143.54 143.19 143.49 144.23 145.38 146.89 148.72 150.83 153.16 155.67 158.32 161.07 163.87 166.67 169.43 172.11 174.66 177.03 179.18 181.08 182.66 183.89 184.72 185.14 185.36 185.66 185.85 185.70 185.12 184.11 182.71 180.95 178.85 176.47 173.82 170.93 167.85 164.60 161.22 157.73 154.17 150.57 146.97 143.39 139.87 136.45 133.14 129.99 127.02 124.27 121.73
205.93 206.58 206.71 206.32 205.47 204.17 202.47 200.40 197.99 195.27 192.28 189.05 185.61 181.99 178.24 174.37 170.43 166.45 162.46 158.49 154.58 150.76 147.06 143.64 141.40 140.83 141.47 142.65 144.18 146.01 148.11 150.43 152.91 155.53 158.23 160.96 163.70 166.38 168.96 171.41 173.67 175.70 177.45 178.89 179.96 180.63 180.87 180.88 180.99 181.23 181.37 181.34 180.99 180.22 179.05 177.50 175.61 173.40 170.92 168.20 165.26 162.14 158.87 155.49 152.02 148.50 144.96 141.43 137.94 134.53 131.23 128.07 125.08 122.26 119.61
205.77 206.72 207.19 207.13 206.55 205.49 203.98 202.06 199.77 197.12 194.16 190.92 187.42 183.72 179.83 175.79 171.64 167.40 163.11 158.81 154.51 150.27 146.11 142.20 139.41 138.22 138.60 140.08 141.98 144.14 146.51 149.03 151.68 154.40 157.14 159.87 162.53 165.09 167.50 169.71 171.69 173.38 174.73 175.72 176.28 176.40 176.28 176.21 176.27 176.44 176.53 176.47 176.24 175.73 174.80 173.49 171.83 169.84 167.55 165.01 162.24 159.28 156.16 152.90 149.55 146.13 142.67 139.22 135.79 132.43 129.16 126.02 123.01 120.12 117.38
205.13 206.07 206.84 207.13 206.87 206.10 204.83 203.11 200.97 198.44 195.55 192.34 188.85 185.09 181.12 176.95 172.62 168.18 163.63 159.03 154.40 149.78 145.22 140.88 137.59 135.82 135.55 136.71 138.86 141.35 143.98 146.72 149.52 152.34 155.13 157.85 160.45 162.89 165.12 167.10 168.79 170.13 171.09 171.62 171.70 171.50 171.32 171.22 171.23 171.33 171.37 171.26 171.03 170.64 169.98 168.94 167.52 165.77 163.71 161.38 158.81 156.03 153.07 149.97 146.76 143.47 140.13 136.77 133.43 130.14 126.93 123.81 120.78 117.86 115.04
204.13 204.96 205.74 206.32 206.43 205.98 205.00 203.52 201.58 199.21 196.45 193.32 189.86 186.10 182.08 177.83 173.38 168.76 164.01 159.15 154.23 149.29 144.39 139.67 135.93 133.63 132.73 133.22 135.02 137.69 140.60 143.55 146.51 149.43 152.27 154.98 157.51 159.83 161.89 163.64 165.04 166.04 166.60 166.70 166.50 166.26 166.06 165.93 165.89 165.94 165.91 165.77 165.50 165.13 164.61 163.84 162.71 161.22 159.41 157.32 154.97 152.40 149.63 146.72 143.67 140.53 137.33 134.10 130.88 127.68 124.54 121.45 118.43 115.48 112.62
202.82 203.53 204.19 204.80 205.21 205.12 204.47 203.28 201.59 199.42 196.82 193.82 190.44 186.73 182.71 178.42 173.89 169.14 164.22 159.15 153.99 148.80 143.60 138.56 134.44 131.65 130.19 130.02 131.10 133.38 136.43 139.59 142.71 145.73 148.62 151.32 153.79 155.99 157.87 159.39 160.51 161.17 161.35 161.21 160.99 160.76 160.55 160.39 160.30 160.28 160.20 160.02 159.73 159.34 158.84 158.23 157.38 156.19 154.66 152.82 150.72 148.39 145.85 143.14 140.29 137.33 134.29 131.22 128.13 125.05 121.99 118.96 115.96 113.02 110.13
201.21 201.80 202.35 202.86 203.29 203.51 203.23 202.37 200.97 199.06 196.67 193.84 190.59 186.96 182.99 178.70 174.13 169.29 164.24 159.02 153.69 148.28 142.86 137.55 133.09 129.89 127.91 127.14 127.53 129.06 131.66 134.92 138.19 141.32 144.25 146.94 149.35 151.43 153.14 154.43 155.26 155.59 155.58 155.44 155.25 155.03 154.81 154.62 154.49 154.41 154.27 154.05 153.73 153.32 152.83 152.26 151.58 150.69 149.46 147.92 146.09 144.02 141.72 139.25 136.62 133.86 131.02 128.12 125.20 122.25 119.29 116.34 113.39 110.47 107.59
199.32 199.80 200.25 200.65 200.99 201.24 201.27 200.79 199.72 198.11 195.97 193.35 190.28 186.78 182.90 178.65 174.07 169.20 164.08 158.77 153.31 147.75 142.15 136.63 131.89 128.32 125.88 124.56 124.32 125.12 126.94 129.72 133.02 136.25 139.23 141.92 144.26 146.22 147.76 148.82 149.37 149.55 149.57 149.48 149.32 149.11 148.88 148.66 148.48 148.34 148.15 147.88 147.54 147.12 146.63 146.08 145.45 144.74 143.83 142.60 141.07 139.29 137.27 135.05 132.67 130.15 127.53 124.83 122.08 119.29 116.46 113.61 110.74 107.87 105.01
197.17 197.55 197.89 198.20 198.44 198.60 198.67 198.51 197.82 196.55 194.71 192.35 189.49 186.17 182.42 178.25 173.71 168.85 163.72 158.37 152.84 147.19 141.46 135.79 130.82 126.94 124.10 122.29 121.46 121.59 122.65 124.61 127.40 130.61 133.63 136.31 138.59 140.44 141.80 142.64 143.08 143.31 143.39 143.35 143.22 143.02 142.78 142.54 142.31 142.11 141.87 141.56 141.19 140.76 140.28 139.74 139.14 138.50 137.78 136.88 135.69 134.21 132.50 130.56 128.45 126.19 123.82 121.35 118.81 116.19 113.51 110.78 108.01 105.22 102.40
194.78 195.06 195.31 195.52 195.67 195.75 195.74 195.62 195.26 194.36 192.87 190.81 188.22 185.11 181.52 177.47 173.03 168.24 163.16 157.82 152.28 146.59 140.79 135.02 129.89 125.74 122.56 120.31 118.96 118.47 118.83 119.99 121.92 124.57 127.52 130.19 132.41 134.14 135.34 136.10 136.62 136.94 137.09 137.10 136.99 136.81 136.56 136.29 136.01 135.75 135.46 135.11 134.72 134.28 133.80 133.27 132.71 132.11 131.48 130.79 129.93 128.80 127.41 125.79 123.98 122.01 119.92 117.71 115.39 112.97 110.46 107.88 105.24 102.53 99.79
192.18 192.36 192.52 192.64 192.71 192.71 192.62 192.43 192.12 191.55 190.44 188.73 186.43 183.57 180.18 176.32 172.04 167.37 162.38 157.11 151.62 145.94 140.13 134.31 129.07 124.72 121.25 118.61 116.79 115.75 115.45 115.87 116.98 118.73 121.08 123.63 125.79 127.41 128.57 129.43 130.06 130.46 130.68 130.74 130.67 130.49 130.24 129.94 129.62 129.30 128.95 128.57 128.15 127.71 127.23 126.72 126.19 125.64 125.06 124.47 123.84 123.06 122.02 120.74 119.27 117.63 115.84 113.90 111.83 109.64 107.33 104.92 102.42 99.83 97.18
189.38 189.47 189.54 189.58 189.57 189.49 189.33 189.07 188.69 188.19 187.41 186.08 184.11 181.53 178.41 174.79 170.71 166.23 161.39 156.25 150.85 145.24 139.47 133.66 128.36 123.87 120.16 117.20 114.96 113.41 112.52 112.26 112.59 113.48 114.91 116.80 118.80 120.42 121.70 122.69 123.42 123.92 124.21 124.32 124.28 124.11 123.85 123.53 123.17 122.79 122.39 121.97 121.53 121.07 120.60 120.11 119.61 119.10 118.59 118.07 117.55 117.01 116.34 115.45 114.35 113.06 111.60 109.96 108.16 106.21 104.12 101.91 99.57 97.13 94.59
186.40 186.41 186.40 186.36 186.27 186.12 185.89 185.56 185.13 184.57 183.85 182.82 181.22 179.00 176.19 172.86 169.04 164.80 160.17 155.21 149.96 144.48 138.81 133.07 127.76 123.18 119.29 116.06 113.46 111.46 110.03 109.13 108.75 108.83 109.36 110.31 111.72 113.37 114.80 115.92 116.75 117.34 117.70 117.86 117.85 117.70 117.43 117.09 116.68 116.24 115.79 115.34 114.87 114.41 113.94 113.47 113.01 112.55 112.10 111.65 111.22 110.81 110.42 109.93 109.24 108.33 107.21 105.89 104.39 102.71 100.86 98.86 96.72 94.44 92.04
183.26 183.19 183.11 183.00 182.84 182.62 182.33 181.94 181.45 180.82 180.02 179.04 177.77 175.95 173.52 170.53 167.04 163.08 158.72 153.99 148.95 143.65 138.13 132.51 127.26 122.64 118.62 115.18 112.27 109.88 107.97 106.50 105.44 104.78 104.47 104.58 105.22 106.42 107.89 109.13 110.08 110.76 111.18 111.40 111.42 111.28 111.02 110.64 110.19 109.70 109.20 108.71 108.22 107.75 107.28 106.84 106.41 106.00 105.61 105.24 104.91 104.63 104.41 104.23 103.95 103.43 102.68 101.71 100.53 99.14 97.56 95.80 93.88 91.79 89.55
179.99 179.85 179.69 179.51 179.29 179.01 178.65 178.21 177.65 176.94 176.07 175.04 173.85 172.38 170.38 167.80 164.68 161.07 157.02 152.59 147.81 142.75 137.44 131.99 126.85 122.25 118.16 114.56 111.40 108.67 106.32 104.34 102.68 101.32 100.30 99.72 99.64 100.10 101.11 102.38 103.44 104.20 104.70 104.97 105.02 104.90 104.63 104.23 103.74 103.19 102.64 102.11 101.61 101.12 100.67 100.24 99.85 99.49 99.16 98.88 98.67 98.54 98.49 98.49 98.51 98.39 98.04 97.44 96.59 95.52 94.24 92.74 91.05 89.17 87.12
176.60 176.39 176.17 175.92 175.64 175.30 174.90 174.39 173.75 172.96 172.04 170.97 169.75 168.40 166.78 164.65 161.96 158.75 155.08 150.99 146.53 141.76 136.71 131.50 126.52 121.99 117.89 114.18 110.83 107.82 105.10 102.65 100.44 98.50 96.91 95.72 94.97 94.72 94.98 95.79 96.85 97.71 98.28 98.60 98.69 98.58 98.30 97.89 97.35 96.74 96.15 95.58 95.06 94.57 94.12 93.72 93.36 93.05 92.79 92.62 92.57 92.60 92.71 92.87 93.06 93.25 93.30 93.08 92.61 91.88 90.90 89.69 88.26 86.62 84.78
173.12 172.84 172.56 172.26 171.92 171.53 171.06 170.47 169.75 168.91 167.94 166.84 165.62 164.27 162.80 161.08 158.87 156.12 152.88 149.19 145.11 140.68 135.96 131.03 126.27 121.87 117.81 114.05 110.56 107.31 104.28 101.42 98.76 96.36 94.27 92.52 91.17 90.25 89.80 89.86 90.46 91.31 91.95 92.32 92.45 92.36 92.08 91.64 91.06 90.40 89.75 89.16 88.61 88.12 87.68 87.29 86.97 86.72 86.57 86.55 86.65 86.84 87.10 87.42 87.77 88.13 88.48 88.67 88.58 88.21 87.57 86.67 85.53 84.14 82.53
169.56 169.22 168.88 168.53 168.14 167.69 167.13 166.47 165.69 164.80 163.81 162.70 161.48 160.16 158.72 157.18 155.41 153.17 150.41 147.18 143.53 139.51 135.15 130.57 126.08 121.87 117.90 114.15 110.58 107.16 103.86 100.68 97.68 94.88 92.34 90.09 88.19 86.66 85.55 84.90 84.76 85.13 85.75 86.17 86.34 86.26 85.98 85.52 84.90 84.18 83.49 82.86 82.30 81.80 81.37 81.01 80.73 80.58 80.57 80.70 80.95 81.29 81.71 82.18 82.69 83.21 83.73 84.22 84.52 84.54 84.26 83.70 82.86 81.75 80.40
165.94 165.55 165.16 164.76 164.31 163.77 163.14 162.41 161.59 160.68 159.67 158.57 157.37 156.08 154.70 153.23 151.67 149.90 147.68 144.96 141.79 138.22 134.30 130.11 125.96 121.98 118.17 114.47 110.87 107.34 103.85 100.44 97.14 94.01 91.08 88.39 85.98 83.90 82.19 80.88 80.02 79.66 79.80 80.19 80.38 80.33 80.04 79.56 78.90 78.13 77.39 76.73 76.15 75.64 75.22 74.89 74.71 74.70 74.84 75.11 75.51 76.00 76.57 77.19 77.85 78.53 79.21 79.87 80.48 80.89 80.99 80.78 80.27 79.47 78.39
162.30 161.85 161.42 160.95 160.42 159.80 159.11 158.34 157.49 156.56 155.55 154.47 153.31 152.08 150.77 149.38 147.93 146.39 144.67 142.52 139.89 136.83 133.39 129.66 125.88 122.21 118.60 115.02 111.45 107.85 104.23 100.64 97.12 93.70 90.43 87.35 84.51 81.93 79.67 77.76 76.25 75.18 74.58 74.49 74.62 74.58 74.30 73.79 73.10 72.28 71.49 70.80 70.19 69.69 69.28 69.04 68.99 69.12 69.40 69.82 70.36 71.00 71.72 72.49 73.31 74.14 74.98 75.79 76.57 77.27 77.77 77.94 77.78 77.31 76.53
158.63 158.14 157.65 157.10 156.48 155.81 155.06 154.26 153.40 152.47 151.49 150.44 149.33 148.17 146.94 145.66 144.32 142.92 141.47 139.84 137.81 135.32 132.42 129.19 125.86 122.53 119.18 115.77 112.27 108.66 104.97 101.26 97.57 93.92 90.37 86.96 83.72 80.71 77.95 75.50 73.39 71.66 70.36 69.53 69.18 69.07 68.78 68.25 67.52 66.65 65.82 65.09 64.47 63.97 63.65 63.53 63.62 63.89 64.31 64.87 65.55 66.34 67.20 68.12 69.09 70.07 71.06 72.03 72.97 73.84 74.63 75.18 75.40 75.28 74.83
154.97 154.43 153.84 153.21 152.53 151.81 151.04 150.22 149.36 148.45 147.50 146.50 145.46 144.38 143.26 142.09 140.89 139.64 138.35 137.02 135.54 133.67 131.37 128.70 125.87 122.95 119.91 116.70 113.29 109.72 106.03 102.25 98.43 94.62 90.84 87.15 83.59 80.18 76.99 74.05 71.39 69.07 67.12 65.58 64.50 63.90 63.52 62.97 62.20 61.28 60.40 59.65 59.02 58.59 58.39 58.41 58.63 59.03 59.59 60.30 61.12 62.04 63.05 64.12 65.23 66.37 67.50 68.63 69.71 70.75 71.70 72.55 73.16 73.41 73.30
151.32 150.69 150.02 149.33 148.60 147.84 147.05 146.24 145.39 144.52 143.61 142.69 141.73 140.75 139.74 138.71 137.65 136.57 135.46 134.34 133.18 131.90 130.24 128.19 125.91 123.44 120.73 117.74 114.48 111.00 107.35 103.57 99.68 95.75 91.81 87.89 84.05 80.32 76.75 73.37 70.22 67.36 64.81 62.63 60.85 59.51 58.64 57.99 57.18 56.20 55.28 54.51 53.94 53.63 53.56 53.71 54.07 54.60 55.30 56.13 57.10 58.16 59.31 60.52 61.78 63.06 64.35 65.62 66.86 68.04 69.15 70.17 71.07 71.70 71.96
147.66 146.94 146.21 145.47 144.70 143.93 143.14 142.34 141.53 140.70 139.87 139.02 138.16 137.29 136.42 135.53 134.64 133.74 132.83 131.92 131.00 130.07 129.03 127.65 125.96 123.96 121.57 118.83 115.78 112.46 108.90 105.16 101.27 97.28 93.22 89.14 85.08 81.07 77.17 73.41 69.84 66.49 63.40 60.63 58.20 56.16 54.56 53.41 52.47 51.45 50.50 49.77 49.33 49.14 49.20 49.48 49.96 50.62 51.45 52.43 53.52 54.73 56.01 57.37 58.77 60.19 61.62 63.04 64.43 65.77 67.03 68.21 69.27 70.19 70.83
144.00 143.22 142.44 141.66 140.88 140.10 139.33 138.56 137.79 137.03 136.28 135.53 134.79 134.05 133.32 132.60 131.88 131.18 130.49 129.80 129.13 128.47 127.81 127.06 125.96 124.39 122.37 119.94 117.15 114.03 110.63 106.99 103.15 99.15 95.04 90.84 86.62 82.40 78.22 74.14 70.19 66.41 62.84 59.53 56.51 53.83 51.53 49.65 48.21 47.06 46.16 45.55 45.22 45.16 45.34 45.74 46.35 47.14 48.10 49.21 50.44 51.78 53.20 54.69 56.23 57.80 59.38 60.94 62.48 63.96 65.37 66.70 67.92 69.00 69.93
140.36 139.53 138.71 137.91 137.13 136.37 135.63 134.90 134.20 133.52 132.86 132.23 131.61 131.02 130.46 129.91 129.40 128.90 128.44 128.00 127.59 127.21 126.84 126.39 125.73 124.63 123.03 120.97 118.49 115.64 112.45 108.96 105.22 101.27 97.15 92.90 88.56 84.18 79.79 75.44 71.16 67.00 63.01 59.21 55.66 52.39 49.45 46.87 44.70 43.04 42.13 41.65 41.45 41.51 41.82 42.35 43.09 44.02 45.11 46.36 47.72 49.20 50.77 52.40 54.09 55.80 57.52 59.24 60.93 62.56 64.13 65.61 66.99 68.23 69.31
136.71 135.84 135.00 134.20 133.44 132.70 132.01 131.35 130.73 130.15 129.60 129.10 128.63 128.20 127.82 127.47 127.17 126.90 126.68 126.51 126.37 126.28 126.09 125.71 125.20 124.52 123.39 121.75 119.64 117.09 114.16 110.88 107.30 103.45 99.37 95.11 90.72 86.22 81.66 77.09 72.54 68.06 63.69 59.46 55.42 51.62 48.08 44.85 41.92 39.45 38.07 37.61 37.56 37.77 38.22 38.91 39.80 40.88 42.13 43.53 45.06 46.70 48.42 50.22 52.07 53.95 55.84 57.73 59.59 61.40 63.14 64.80 66.35 67.75 68.90
133.06 132.17 131.33 130.55 129.81 129.13 128.50 127.93 127.40 126.94 126.52 126.16 125.86 125.61 125.42 125.29 125.22 125.20 125.24 125.35 125.50 125.58 125.44 125.08 124.61 124.08 123.37 122.19 120.50 118.32 115.70 112.67 109.29 105.59 101.61 97.40 92.99 88.43 83.76 79.02 74.25 69.49 64.79 60.18 55.71 51.42 47.33 43.44 39.75 36.53 34.38 33.49 33.50 33.88 34.51 35.37 36.43 37.69 39.12 40.70 42.41 44.23 46.14 48.13 50.17 52.24 54.32 56.40 58.45 60.46 62.40 64.26 65.99 67.47 68.64
