data_processed/recharge/precip/Precip_1998_06.asc
ncols        168
nrows        136
xllcorner    455000
yllcorner    2107000
cellsize     500
NODATA_value     -99999
[rows 33 to 65 of 136, columns 0 to 75 of 168]
144.78 144.51 144.00 143.28 142.37 141.30 140.09 138.76 137.34 135.85 134.33 132.78 131.25 129.74 128.29 126.93 125.67 124.54 123.57 122.78 122.19 121.86 121.85 122.08 122.27 122.38 122.37 122.22 121.96 121.60 121.17 120.67 120.12 119.56 118.99 118.43 117.90 117.42 117.01 116.68 116.46 116.37 116.41 116.61 117.00 117.58 118.36 119.34 120.47 121.08 120.80 119.82 118.49 116.92 115.14 113.18 111.07 108.84 106.53 104.17 101.79 99.41 97.08 94.83 92.67 90.66 88.82 87.17 85.76 84.61 83.76 83.20 82.75 82.20 81.59 81.09
142.25 142.09 141.74 141.16 140.39 139.44 138.34 137.12 135.80 134.41 132.96 131.49 130.01 128.56 127.16 125.82 124.59 123.48 122.51 121.72 121.13 120.80 120.79 121.01 121.20 121.32 121.34 121.25 121.04 120.71 120.31 119.83 119.29 118.73 118.15 117.57 117.02 116.50 116.05 115.67 115.39 115.22 115.18 115.30 115.58 116.04 116.67 117.50 118.47 118.95 118.54 117.32 115.52 113.46 111.24 108.89 106.45 103.94 101.40 98.87 96.36 93.92 91.57 89.35 87.29 85.42 83.77 82.38 81.27 80.47 80.00 79.66 79.29 78.81 78.28 77.86
139.78 139.51 139.27 138.86 138.24 137.43 136.47 135.37 134.17 132.88 131.53 130.14 128.74 127.36 126.02 124.74 123.55 122.46 121.52 120.73 120.15 119.83 119.81 120.03 120.21 120.31 120.34 120.27 120.10 119.81 119.42 118.95 118.43 117.86 117.26 116.67 116.08 115.53 115.02 114.58 114.23 113.99 113.87 113.89 114.05 114.37 114.85 115.52 116.34 116.69 116.17 114.86 112.86 110.38 107.73 105.00 102.23 99.45 96.70 93.99 91.37 88.87 86.51 84.34 82.37 80.65 79.21 78.07 77.27 76.81 76.53 76.26 75.94 75.53 75.06 74.71
137.50 137.01 136.70 136.41 135.96 135.31 134.50 133.55 132.47 131.30 130.07 128.79 127.49 126.19 124.92 123.71 122.58 121.54 120.62 119.84 119.26 118.93 118.91 119.11 119.28 119.38 119.39 119.32 119.16 118.89 118.52 118.06 117.54 116.96 116.34 115.72 115.09 114.49 113.93 113.43 113.01 112.68 112.47 112.37 112.40 112.57 112.90 113.43 114.10 114.32 113.70 112.31 110.25 107.61 104.60 101.50 98.41 95.37 92.40 89.53 86.80 84.25 81.89 79.77 77.91 76.35 75.11 74.24 73.73 73.43 73.20 72.97 72.69 72.34 71.94 71.65
135.42 134.74 134.25 133.91 133.59 133.13 132.48 131.68 130.76 129.73 128.62 127.47 126.28 125.08 123.91 122.78 121.72 120.72 119.80 119.02 118.44 118.10 118.07 118.26 118.42 118.50 118.49 118.41 118.24 117.98 117.62 117.16 116.63 116.03 115.39 114.73 114.07 113.41 112.79 112.22 111.72 111.30 110.98 110.75 110.63 110.66 110.85 111.23 111.77 111.86 111.14 109.68 107.57 104.90 101.77 98.37 94.97 91.67 88.49 85.47 82.65 80.04 77.69 75.63 73.89 72.49 71.47 70.85 70.47 70.21 69.99 69.79 69.56 69.25 68.91 68.68
133.54 132.70 132.05 131.57 131.23 130.91 130.45 129.83 129.07 128.20 127.24 126.22 125.16 124.09 123.02 121.99 120.97 119.97 119.06 118.28 117.69 117.35 117.30 117.48 117.62 117.68 117.65 117.55 117.35 117.08 116.71 116.25 115.71 115.09 114.42 113.72 113.01 112.30 111.61 110.96 110.37 109.85 109.40 109.03 108.78 108.66 108.72 108.96 109.36 109.33 108.51 106.99 104.84 102.15 99.02 95.54 91.89 88.34 84.97 81.81 78.89 76.25 73.91 71.92 70.29 69.07 68.25 67.74 67.37 67.11 66.91 66.74 66.54 66.27 65.97 65.79
131.87 130.90 130.12 129.51 129.06 128.74 128.45 128.02 127.44 126.74 125.95 125.08 124.17 123.24 122.29 121.31 120.30 119.31 118.39 117.61 117.01 116.66 116.59 116.75 116.87 116.91 116.86 116.73 116.52 116.21 115.83 115.35 114.79 114.14 113.44 112.69 111.92 111.15 110.39 109.66 108.97 108.32 107.73 107.23 106.85 106.60 106.52 106.63 106.90 106.75 105.84 104.25 102.07 99.37 96.26 92.81 89.12 85.38 81.82 78.52 75.52 72.84 70.53 68.61 67.11 66.05 65.31 64.79 64.42 64.15 63.96 63.80 63.63 63.39 63.14 63.00
130.41 129.33 128.45 127.75 127.22 126.82 126.55 126.29 125.92 125.41 124.80 124.10 123.36 122.56 121.68 120.71 119.70 118.71 117.79 117.00 116.40 116.02 115.94 116.07 116.17 116.18 116.11 115.96 115.71 115.39 114.97 114.47 113.87 113.20 112.45 111.65 110.82 109.98 109.14 108.32 107.50 106.73 106.01 105.38 104.86 104.49 104.28 104.26 104.40 104.14 103.15 101.50 99.28 96.58 93.49 90.08 86.46 82.72 79.02 75.59 72.52 69.82 67.53 65.70 64.31 63.30 62.55 61.99 61.60 61.33 61.14 60.99 60.83 60.63 60.40 60.29
129.14 127.99 127.05 126.28 125.69 125.25 124.93 124.73 124.54 124.24 123.83 123.32 122.74 122.02 121.15 120.19 119.18 118.19 117.26 116.46 115.84 115.45 115.34 115.45 115.52 115.50 115.40 115.22 114.94 114.58 114.14 113.60 112.98 112.26 111.47 110.61 109.72 108.80 107.87 106.92 105.99 105.09 104.24 103.49 102.85 102.35 102.02 101.87 101.89 101.52 100.45 98.75 96.50 93.80 90.73 87.38 83.84 80.19 76.53 73.02 69.88 67.16 64.92 63.15 61.79 60.74 59.94 59.35 58.94 58.65 58.46 58.30 58.15 57.97 57.76 57.69
128.08 126.89 125.90 125.11 124.49 124.02 123.70 123.49 123.37 123.27 123.07 122.76 122.26 121.55 120.69 119.73 118.72 117.73 116.79 115.98 115.33 114.92 114.79 114.87 114.90 114.86 114.72 114.51 114.20 113.81 113.32 112.75 112.09 111.34 110.50 109.58 108.62 107.61 106.56 105.50 104.44 103.42 102.46 101.58 100.82 100.20 99.75 99.49 99.38 98.92 97.77 96.02 93.75 91.05 88.01 84.71 81.25 77.71 74.18 70.75 67.58 64.86 62.65 60.87 59.46 58.34 57.50 56.87 56.42 56.11 55.90 55.74 55.59 55.42 55.23 55.17
127.23 126.02 125.02 124.23 123.61 123.15 122.84 122.65 122.57 122.57 122.56 122.34 121.86 121.16 120.30 119.34 118.33 117.32 116.37 115.54 114.88 114.44 114.28 114.32 114.32 114.24 114.08 113.82 113.48 113.05 112.53 111.92 111.22 110.43 109.54 108.57 107.51 106.40 105.24 104.06 102.88 101.75 100.67 99.68 98.81 98.07 97.50 97.12 96.91 96.34 95.12 93.33 91.04 88.34 85.34 82.10 78.73 75.30 71.91 68.64 65.59 62.89 60.64 58.79 57.30 56.12 55.22 54.54 54.06 53.72 53.48 53.31 53.16 52.98 52.81 52.76
126.57 125.38 124.41 123.64 123.05 122.64 122.37 122.23 122.20 122.25 122.22 122.00 121.53 120.84 119.98 119.01 117.99 116.97 116.01 115.15 114.47 114.00 113.80 113.81 113.78 113.66 113.45 113.16 112.78 112.30 111.74 111.09 110.35 109.51 108.58 107.55 106.41 105.18 103.91 102.62 101.34 100.09 98.90 97.80 96.81 95.97 95.29 94.80 94.48 93.82 92.53 90.69 88.39 85.71 82.74 79.57 76.29 72.98 69.73 66.64 63.77 61.16 58.84 56.90 55.33 54.08 53.11 52.38 51.84 51.46 51.20 51.00 50.84 50.66 50.49 50.45
126.12 124.97 124.05 123.34 122.82 122.47 122.28 122.22 122.25 122.23 122.07 121.75 121.27 120.57 119.71 118.74 117.71 116.67 115.69 114.81 114.09 113.59 113.36 113.33 113.26 113.10 112.85 112.51 112.09 111.57 110.97 110.27 109.48 108.60 107.61 106.51 105.30 103.98 102.60 101.21 99.82 98.46 97.17 95.96 94.87 93.92 93.13 92.54 92.11 91.37 90.02 88.14 85.83 83.17 80.24 77.14 73.95 70.77 67.67 64.74 62.02 59.51 57.22 55.21 53.54 52.21 51.17 50.37 49.78 49.36 49.06 48.83 48.65 48.46 48.28 48.23
125.87 124.80 123.96 123.34 122.91 122.66 122.57 122.59 122.57 122.40 122.09 121.65 121.08 120.37 119.50 118.52 117.47 116.42 115.41 114.50 113.76 113.22 112.95 112.87 112.76 112.55 112.26 111.88 111.40 110.84 110.19 109.44 108.60 107.66 106.61 105.44 104.17 102.79 101.34 99.84 98.35 96.89 95.50 94.19 93.00 91.94 91.05 90.36 89.83 89.00 87.60 85.69 83.37 80.73 77.85 74.83 71.74 68.68 65.73 62.95 60.33 57.91 55.68 53.68 51.94 50.52 49.40 48.53 47.88 47.40 47.05 46.79 46.58 46.37 46.18 46.12
125.83 124.86 124.13 123.62 123.32 123.20 123.21 123.19 123.02 122.71 122.26 121.69 121.01 120.23 119.34 118.34 117.28 116.20 115.17 114.23 113.45 112.87 112.56 112.44 112.27 112.02 111.68 111.25 110.73 110.11 109.41 108.61 107.71 106.70 105.58 104.35 103.02 101.60 100.10 98.53 96.95 95.39 93.90 92.50 91.21 90.06 89.07 88.28 87.66 86.75 85.29 83.36 81.04 78.43 75.60 72.65 69.67 66.74 63.93 61.26 58.74 56.39 54.23 52.26 50.51 49.01 47.80 46.86 46.14 45.60 45.20 44.89 44.64 44.41 44.20 44.12
125.98 125.15 124.56 124.20 124.05 124.06 124.03 123.86 123.55 123.09 122.52 121.83 121.05 120.18 119.23 118.21 117.12 116.02 114.96 113.99 113.17 112.55 112.19 112.02 111.80 111.50 111.11 110.62 110.05 109.38 108.62 107.76 106.79 105.71 104.52 103.24 101.86 100.41 98.88 97.28 95.63 93.99 92.41 90.91 89.53 88.29 87.21 86.33 85.61 84.63 83.12 81.17 78.86 76.27 73.50 70.64 67.77 64.97 62.28 59.71 57.27 54.99 52.88 50.94 49.20 47.67 46.38 45.35 44.55 43.94 43.48 43.13 42.83 42.56 42.33 42.22
126.34 125.67 125.26 125.07 125.07 125.05 124.87 124.56 124.10 123.52 122.83 122.04 121.16 120.21 119.19 118.12 117.00 115.87 114.77 113.77 112.90 112.24 111.83 111.61 111.34 110.98 110.53 109.99 109.36 108.64 107.82 106.88 105.83 104.69 103.45 102.12 100.71 99.22 97.67 96.06 94.40 92.70 91.03 89.45 87.98 86.65 85.48 84.51 83.71 82.66 81.11 79.14 76.83 74.28 71.58 68.80 66.06 63.39 60.80 58.33 55.97 53.75 51.67 49.76 48.02 46.47 45.13 44.01 43.13 42.44 41.91 41.50 41.16 40.84 40.57 40.44
126.90 126.43 126.21 126.20 126.17 126.00 125.68 125.22 124.64 123.94 123.15 122.26 121.30 120.27 119.18 118.06 116.91 115.74 114.61 113.56 112.66 111.95 111.49 111.21 110.88 110.46 109.96 109.36 108.67 107.88 106.98 105.97 104.86 103.65 102.36 100.99 99.55 98.04 96.48 94.86 93.20 91.50 89.79 88.13 86.57 85.16 83.91 82.86 81.98 80.86 79.27 77.29 75.00 72.49 69.85 67.20 64.59 62.03 59.55 57.16 54.86 52.69 50.64 48.73 46.99 45.41 44.03 42.84 41.87 41.10 40.49 40.01 39.61 39.25 38.94 38.76
127.66 127.41 127.39 127.36 127.19 126.87 126.41 125.82 125.12 124.31 123.42 122.45 121.41 120.31 119.18 118.01 116.83 115.64 114.47 113.38 112.42 111.66 111.14 110.80 110.42 109.94 109.37 108.71 107.95 107.08 106.11 105.03 103.86 102.61 101.28 99.87 98.41 96.88 95.31 93.70 92.04 90.37 88.67 86.97 85.34 83.85 82.52 81.39 80.43 79.26 77.63 75.64 73.37 70.91 68.39 65.87 63.39 60.94 58.55 56.23 53.99 51.85 49.82 47.91 46.15 44.54 43.10 41.84 40.77 39.91 39.22 38.67 38.20 37.79 37.42 37.19
128.62 128.58 128.56 128.39 128.06 127.60 127.01 126.30 125.49 124.59 123.61 122.56 121.45 120.30 119.12 117.92 116.72 115.52 114.33 113.20 112.20 111.38 110.80 110.40 109.95 109.41 108.77 108.04 107.20 106.26 105.21 104.08 102.86 101.56 100.19 98.77 97.28 95.75 94.18 92.57 90.93 89.28 87.61 85.94 84.29 82.73 81.33 80.12 79.09 77.86 76.21 74.21 71.97 69.62 67.25 64.87 62.50 60.15 57.84 55.57 53.38 51.26 49.24 47.32 45.53 43.87 42.37 41.02 39.86 38.89 38.11 37.47 36.93 36.45 36.03 35.74
129.73 129.71 129.54 129.21 128.74 128.15 127.44 126.62 125.71 124.72 123.66 122.54 121.38 120.19 118.97 117.75 116.53 115.33 114.15 113.02 111.97 111.09 110.45 109.99 109.47 108.86 108.15 107.34 106.42 105.40 104.30 103.11 101.85 100.52 99.12 97.68 96.18 94.65 93.08 91.49 89.88 88.25 86.63 85.01 83.39 81.81 80.35 79.08 77.98 76.69 75.01 73.03 70.90 68.70 66.47 64.21 61.94 59.68 57.44 55.23 53.07 50.97 48.94 47.00 45.17 43.46 41.87 40.44 39.16 38.07 37.15 36.42 35.80 35.24 34.75 34.41
130.76 130.58 130.26 129.79 129.19 128.47 127.65 126.73 125.73 124.66 123.53 122.36 121.15 119.92 118.69 117.45 116.23 115.03 113.87 112.77 111.73 110.80 110.10 109.56 108.97 108.29 107.50 106.60 105.61 104.54 103.38 102.14 100.84 99.48 98.07 96.61 95.11 93.58 92.03 90.46 88.88 87.30 85.72 84.15 82.60 81.08 79.61 78.27 77.11 75.78 74.10 72.21 70.23 68.19 66.09 63.94 61.77 59.58 57.40 55.23 53.09 50.99 48.95 46.98 45.10 43.32 41.65 40.11 38.72 37.48 36.41 35.53 34.81 34.17 33.61 33.19
131.47 131.15 130.67 130.07 129.35 128.52 127.59 126.58 125.51 124.37 123.18 121.96 120.72 119.47 118.21 116.97 115.76 114.58 113.45 112.38 111.39 110.48 109.72 109.12 108.45 107.68 106.81 105.84 104.79 103.66 102.45 101.18 99.85 98.46 97.04 95.57 94.08 92.56 91.03 89.49 87.95 86.41 84.89 83.38 81.90 80.46 79.06 77.72 76.51 75.15 73.56 71.84 70.02 68.12 66.13 64.09 62.00 59.88 57.75 55.61 53.48 51.38 49.31 47.30 45.36 43.50 41.74 40.08 38.56 37.17 35.93 34.86 33.97 33.23 32.59 32.09
131.83 131.36 130.75 130.02 129.19 128.25 127.24 126.15 125.00 123.80 122.57 121.31 120.04 118.77 117.51 116.28 115.08 113.93 112.84 111.82 110.88 110.04 109.32 108.66 107.91 107.05 106.11 105.08 103.96 102.78 101.54 100.23 98.88 97.48 96.05 94.58 93.10 91.60 90.10 88.59 87.09 85.61 84.14 82.71 81.31 79.95 78.65 77.40 76.20 74.93 73.51 71.96 70.29 68.50 66.63 64.68 62.67 60.61 58.51 56.39 54.26 52.14 50.04 47.98 45.97 44.02 42.15 40.38 38.71 37.16 35.74 34.48 33.38 32.45 31.69 31.07
132.00 131.38 130.64 129.79 128.84 127.81 126.70 125.54 124.32 123.07 121.79 120.49 119.20 117.92 116.65 115.43 114.25 113.13 112.08 111.11 110.24 109.48 108.90 108.39 107.60 106.66 105.63 104.53 103.35 102.12 100.82 99.48 98.10 96.68 95.23 93.77 92.29 90.80 89.32 87.84 86.38 84.95 83.54 82.17 80.84 79.56 78.35 77.19 76.06 74.92 73.68 72.29 70.76 69.11 67.35 65.49 63.55 61.55 59.49 57.39 55.27 53.13 51.00 48.89 46.81 44.77 42.80 40.90 39.09 37.38 35.79 34.33 33.01 31.81 30.74 29.99
132.18 131.41 130.53 129.56 128.50 127.36 126.16 124.91 123.62 122.31 120.98 119.65 118.32 117.02 115.76 114.53 113.37 112.27 111.26 110.34 109.53 108.90 108.60 108.38 107.74 106.74 105.62 104.43 103.17 101.86 100.50 99.10 97.67 96.21 94.74 93.25 91.75 90.26 88.78 87.32 85.88 84.47 83.09 81.77 80.49 79.28 78.13 77.02 75.92 74.83 73.72 72.50 71.13 69.62 67.99 66.24 64.39 62.45 60.44 58.38 56.27 54.14 51.99 49.83 47.70 45.59 43.52 41.51 39.58 37.72 35.97 34.32 32.76 31.19 29.73 28.69
132.40 131.49 130.47 129.36 128.18 126.93 125.64 124.30 122.93 121.55 120.17 118.79 117.44 116.11 114.83 113.61 112.45 111.38 110.40 109.52 108.84 108.47 108.45 108.50 108.12 107.25 106.06 104.75 103.39 101.99 100.55 99.07 97.57 96.05 94.52 92.99 91.46 89.95 88.45 86.97 85.53 84.13 82.77 81.47 80.23 79.06 77.94 76.86 75.79 74.72 73.65 72.56 71.37 70.01 68.51 66.88 65.13 63.28 61.34 59.33 57.25 55.13 52.97 50.80 48.62 46.45 44.31 42.20 40.15 38.16 36.25 34.39 32.49 30.55 28.74 27.35
132.65 131.61 130.45 129.21 127.90 126.54 125.14 123.71 122.26 120.81 119.37 117.94 116.55 115.19 113.90 112.67 111.52 110.46 109.51 108.74 108.30 108.21 108.44 108.73 108.58 107.94 106.85 105.46 103.98 102.46 100.91 99.34 97.75 96.16 94.56 92.96 91.38 89.82 88.28 86.78 85.31 83.90 82.54 81.24 80.01 78.86 77.76 76.70 75.65 74.61 73.57 72.52 71.45 70.26 68.92 67.42 65.79 64.03 62.17 60.22 58.19 56.09 53.94 51.76 49.55 47.34 45.13 42.94 40.79 38.69 36.59 34.42 32.17 29.90 27.76 26.07
132.87 131.76 130.49 129.11 127.67 126.19 124.68 123.15 121.62 120.09 118.58 117.10 115.66 114.28 112.96 111.72 110.57 109.53 108.67 108.14 107.96 108.10 108.55 109.05 109.11 108.67 107.78 106.47 104.89 103.24 101.56 99.88 98.18 96.48 94.79 93.11 91.45 89.82 88.23 86.68 85.17 83.73 82.34 81.03 79.81 78.66 77.58 76.54 75.52 74.51 73.49 72.47 71.44 70.37 69.18 67.83 66.33 64.69 62.93 61.05 59.07 57.02 54.89 52.71 50.49 48.25 45.99 43.73 41.49 39.23 36.85 34.37 31.81 29.24 26.82 24.85
133.05 131.89 130.56 129.07 127.50 125.89 124.27 122.64 121.02 119.41 117.83 116.29 114.80 113.38 112.04 110.78 109.63 108.66 108.03 107.75 107.79 108.15 108.79 109.47 109.70 109.43 108.71 107.56 106.04 104.27 102.45 100.63 98.80 96.99 95.18 93.40 91.65 89.93 88.26 86.64 85.08 83.58 82.15 80.83 79.61 78.48 77.41 76.39 75.39 74.41 73.42 72.42 71.40 70.37 69.31 68.12 66.76 65.24 63.58 61.80 59.90 57.89 55.80 53.64 51.42 49.16 46.87 44.56 42.19 39.67 37.01 34.24 31.41 28.58 25.91 23.70
133.19 131.98 130.61 129.07 127.40 125.67 123.92 122.19 120.46 118.77 117.12 115.51 113.97 112.51 111.13 109.86 108.77 108.02 107.62 107.55 107.80 108.34 109.14 109.96 110.33 110.21 109.62 108.62 107.22 105.49 103.54 101.56 99.59 97.63 95.69 93.79 91.92 90.10 88.33 86.62 84.98 83.41 81.96 80.63 79.42 78.29 77.24 76.24 75.27 74.31 73.34 72.36 71.37 70.36 69.33 68.25 67.05 65.68 64.14 62.46 60.64 58.71 56.67 54.54 52.34 50.07 47.75 45.35 42.75 39.97 37.05 34.04 30.98 27.93 25.04 22.63
133.29 132.04 130.62 129.05 127.34 125.51 123.65 121.80 119.98 118.19 116.46 114.78 113.18 111.67 110.26 109.04 108.15 107.62 107.43 107.55 107.97 108.65 109.58 110.52 111.00 110.99 110.52 109.62 108.33 106.69 104.75 102.63 100.49 98.37 96.28 94.23 92.23 90.29 88.40 86.58 84.84 83.23 81.77 80.44 79.23 78.12 77.08 76.10 75.15 74.21 73.27 72.32 71.35 70.36 69.34 68.30 67.20 65.98 64.58 63.02 61.30 59.45 57.48 55.39 53.22 50.96 48.58 45.97 43.14 40.14 37.00 33.78 30.52 27.28 24.21 21.64
133.34 132.05 130.60 129.00 127.26 125.40 123.46 121.49 119.56 117.68 115.86 114.11 112.45 110.89 109.52 108.48 107.80 107.47 107.45 107.73 108.28 109.08 110.11 111.13 111.70 111.77 111.37 110.55 109.34 107.78 105.90 103.76 101.46 99.16 96.91 94.69 92.54 90.44 88.42 86.48 84.68 83.05 81.59 80.26 79.06 77.95 76.93 75.96 75.04 74.12 73.20 72.27 71.32 70.35 69.35 68.33 67.26 66.15 64.89 63.46 61.86 60.11 58.21 56.19 54.05 51.76 49.20 46.39 43.36 40.17 36.85 33.46 30.04 26.64 23.43 20.73
