data_processed/recharge/precip/Precip_2011_03.asc
ncols        168
nrows        136
xllcorner    455000
yllcorner    2107000
cellsize     500
NODATA_value     -99999
[rows 36 to 71 of 136, columns 0 to 79 of 168]
8.65 8.46 8.32 8.22 8.16 8.14 8.14 8.12 8.09 8.05 8.00 7.94 7.87 7.80 7.72 7.62 7.49 7.33 7.14 6.93 6.69 6.43 6.16 5.87 5.57 5.28 4.98 4.69 4.39 4.10 3.81 3.53 3.26 3.02 2.79 2.59 2.41 2.26 2.13 2.03 1.96 1.93 1.95 2.01 2.12 2.27 2.47 2.71 3.00 3.37 3.82 4.32 4.88 5.46 6.06 6.67 7.27 7.84 8.38 8.87 9.31 9.68 9.99 10.21 10.35 10.40 10.38 10.30 10.16 9.96 9.70 9.39 9.02 8.59 8.13 7.64 7.13 6.61 6.09 5.57
8.21 8.01 7.85 7.74 7.67 7.65 7.67 7.70 7.73 7.74 7.74 7.73 7.72 7.70 7.66 7.58 7.46 7.31 7.13 6.92 6.68 6.42 6.14 5.85 5.55 5.25 4.96 4.66 4.36 4.07 3.78 3.50 3.22 2.97 2.73 2.52 2.34 2.18 2.05 1.95 1.90 1.89 1.93 2.01 2.14 2.31 2.53 2.79 3.11 3.50 3.96 4.48 5.04 5.63 6.24 6.85 7.44 8.01 8.54 9.02 9.44 9.79 10.07 10.26 10.36 10.40 10.37 10.29 10.15 9.95 9.70 9.39 9.02 8.59 8.13 7.64 7.14 6.62 6.10 5.58
7.77 7.56 7.39 7.28 7.21 7.18 7.21 7.27 7.35 7.42 7.49 7.55 7.59 7.61 7.58 7.51 7.41 7.27 7.10 6.90 6.66 6.41 6.12 5.83 5.53 5.23 4.93 4.63 4.34 4.05 3.76 3.48 3.20 2.94 2.69 2.47 2.28 2.12 1.99 1.91 1.87 1.88 1.93 2.03 2.17 2.36 2.60 2.88 3.21 3.61 4.08 4.61 5.18 5.78 6.39 6.99 7.59 8.15 8.67 9.13 9.53 9.85 10.10 10.25 10.34 10.38 10.35 10.27 10.13 9.93 9.68 9.37 9.00 8.58 8.12 7.64 7.13 6.62 6.10 5.58
7.34 7.12 6.96 6.84 6.78 6.76 6.79 6.86 6.98 7.12 7.25 7.37 7.45 7.49 7.49 7.44 7.35 7.22 7.06 6.86 6.64 6.38 6.10 5.80 5.50 5.20 4.90 4.61 4.31 4.03 3.74 3.46 3.19 2.92 2.67 2.44 2.24 2.08 1.96 1.89 1.86 1.88 1.95 2.06 2.22 2.42 2.67 2.96 3.30 3.72 4.20 4.73 5.31 5.90 6.51 7.11 7.69 8.25 8.75 9.20 9.57 9.86 10.08 10.22 10.31 10.34 10.32 10.23 10.09 9.90 9.65 9.34 8.98 8.56 8.10 7.62 7.12 6.61 6.10 5.58
6.92 6.70 6.55 6.44 6.38 6.38 6.42 6.51 6.65 6.83 7.03 7.19 7.30 7.36 7.38 7.35 7.27 7.16 7.01 6.82 6.60 6.35 6.07 5.77 5.47 5.17 4.88 4.58 4.29 4.00 3.72 3.45 3.18 2.92 2.67 2.44 2.24 2.08 1.97 1.90 1.88 1.91 1.98 2.10 2.27 2.48 2.74 3.04 3.39 3.82 4.30 4.84 5.41 6.00 6.60 7.19 7.77 8.30 8.79 9.22 9.56 9.83 10.03 10.18 10.26 10.29 10.27 10.19 10.05 9.85 9.61 9.30 8.94 8.53 8.08 7.60 7.11 6.60 6.09 5.57
6.52 6.31 6.17 6.07 6.04 6.05 6.11 6.23 6.39 6.59 6.80 6.99 7.13 7.22 7.25 7.24 7.19 7.09 6.95 6.77 6.56 6.31 6.03 5.74 5.44 5.14 4.85 4.55 4.27 3.98 3.71 3.44 3.18 2.93 2.69 2.46 2.26 2.11 2.00 1.94 1.93 1.96 2.04 2.16 2.33 2.55 2.81 3.12 3.48 3.90 4.39 4.92 5.49 6.08 6.67 7.25 7.80 8.32 8.79 9.19 9.52 9.78 9.98 10.12 10.20 10.24 10.21 10.13 9.99 9.80 9.56 9.26 8.90 8.50 8.05 7.58 7.09 6.58 6.08 5.57
6.14 5.96 5.83 5.75 5.74 5.77 5.86 6.01 6.19 6.39 6.59 6.78 6.94 7.05 7.11 7.13 7.09 7.01 6.88 6.71 6.51 6.27 5.99 5.69 5.40 5.10 4.81 4.52 4.24 3.97 3.70 3.43 3.18 2.94 2.71 2.50 2.33 2.18 2.07 2.01 1.99 2.03 2.10 2.23 2.40 2.62 2.88 3.19 3.55 3.98 4.46 4.99 5.55 6.12 6.70 7.26 7.80 8.30 8.74 9.12 9.44 9.70 9.91 10.05 10.14 10.17 10.14 10.06 9.93 9.74 9.50 9.21 8.86 8.46 8.01 7.55 7.06 6.57 6.06 5.56
5.80 5.64 5.53 5.48 5.50 5.56 5.69 5.85 6.04 6.22 6.40 6.57 6.74 6.87 6.96 6.99 6.97 6.91 6.80 6.64 6.45 6.21 5.94 5.65 5.35 5.06 4.78 4.49 4.22 3.95 3.68 3.43 3.18 2.95 2.75 2.56 2.41 2.27 2.16 2.10 2.08 2.11 2.19 2.31 2.48 2.69 2.96 3.27 3.62 4.04 4.52 5.04 5.59 6.15 6.70 7.25 7.76 8.23 8.65 9.02 9.34 9.61 9.82 9.97 10.06 10.09 10.07 9.99 9.86 9.68 9.44 9.15 8.81 8.42 7.98 7.52 7.04 6.55 6.05 5.55
5.50 5.36 5.29 5.27 5.32 5.42 5.57 5.74 5.91 6.08 6.24 6.39 6.54 6.68 6.79 6.84 6.85 6.80 6.70 6.56 6.37 6.15 5.88 5.59 5.30 5.02 4.73 4.46 4.19 3.93 3.67 3.43 3.20 2.99 2.80 2.64 2.49 2.38 2.28 2.22 2.19 2.21 2.28 2.40 2.56 2.77 3.03 3.33 3.68 4.10 4.56 5.07 5.60 6.14 6.68 7.19 7.68 8.13 8.54 8.90 9.23 9.50 9.72 9.88 9.98 10.01 9.99 9.92 9.79 9.61 9.38 9.10 8.76 8.37 7.95 7.49 7.02 6.54 6.04 5.55
5.24 5.14 5.10 5.12 5.21 5.34 5.50 5.66 5.81 5.96 6.11 6.24 6.37 6.49 6.60 6.68 6.70 6.67 6.59 6.47 6.29 6.07 5.81 5.53 5.24 4.96 4.69 4.42 4.16 3.91 3.66 3.43 3.22 3.03 2.86 2.71 2.59 2.49 2.41 2.35 2.32 2.33 2.39 2.50 2.65 2.85 3.10 3.39 3.73 4.13 4.59 5.07 5.58 6.10 6.61 7.11 7.57 8.00 8.40 8.77 9.09 9.37 9.60 9.77 9.88 9.93 9.91 9.84 9.72 9.55 9.32 9.04 8.72 8.34 7.92 7.47 7.01 6.53 6.04 5.55
5.03 4.97 4.97 5.04 5.16 5.31 5.45 5.59 5.73 5.87 6.00 6.12 6.23 6.33 6.42 6.50 6.54 6.53 6.47 6.36 6.20 5.99 5.73 5.46 5.18 4.91 4.64 4.38 4.13 3.88 3.65 3.44 3.25 3.08 2.93 2.80 2.69 2.60 2.53 2.49 2.46 2.47 2.51 2.60 2.74 2.93 3.16 3.44 3.77 4.16 4.59 5.06 5.55 6.04 6.52 6.98 7.43 7.85 8.24 8.61 8.93 9.22 9.45 9.64 9.77 9.83 9.83 9.77 9.65 9.48 9.26 8.99 8.67 8.30 7.89 7.46 7.00 6.53 6.05 5.57
4.88 4.86 4.91 5.02 5.16 5.29 5.42 5.55 5.67 5.80 5.91 6.01 6.11 6.19 6.27 6.33 6.37 6.38 6.34 6.24 6.09 5.89 5.65 5.38 5.11 4.84 4.59 4.34 4.09 3.86 3.65 3.46 3.29 3.13 2.99 2.88 2.78 2.71 2.65 2.62 2.60 2.61 2.64 2.72 2.84 3.01 3.22 3.49 3.80 4.17 4.58 5.02 5.48 5.94 6.39 6.84 7.27 7.68 8.07 8.43 8.76 9.05 9.29 9.49 9.63 9.72 9.74 9.69 9.58 9.42 9.21 8.95 8.64 8.27 7.87 7.45 7.00 6.54 6.06 5.59
4.79 4.83 4.92 5.04 5.17 5.29 5.41 5.52 5.64 5.74 5.84 5.93 6.01 6.08 6.14 6.18 6.21 6.21 6.19 6.11 5.97 5.79 5.55 5.29 5.03 4.77 4.53 4.29 4.06 3.85 3.65 3.48 3.32 3.18 3.06 2.96 2.87 2.81 2.76 2.73 2.73 2.74 2.77 2.83 2.93 3.08 3.28 3.52 3.81 4.16 4.54 4.96 5.39 5.82 6.25 6.67 7.09 7.49 7.87 8.23 8.56 8.86 9.11 9.32 9.48 9.58 9.63 9.61 9.52 9.36 9.16 8.91 8.61 8.25 7.86 7.45 7.01 6.55 6.09 5.64
4.77 4.86 4.96 5.08 5.19 5.30 5.41 5.51 5.61 5.71 5.79 5.87 5.93 5.99 6.03 6.05 6.06 6.05 6.03 5.96 5.84 5.67 5.44 5.19 4.94 4.70 4.46 4.23 4.03 3.83 3.65 3.49 3.35 3.22 3.12 3.02 2.95 2.89 2.86 2.84 2.84 2.86 2.89 2.95 3.03 3.16 3.33 3.55 3.81 4.13 4.49 4.87 5.26 5.67 6.08 6.49 6.89 7.28 7.66 8.02 8.35 8.65 8.91 9.13 9.31 9.43 9.50 9.51 9.45 9.31 9.12 8.88 8.58 8.24 7.86 7.46 7.03 6.59 6.15 5.72
4.82 4.92 5.02 5.12 5.23 5.33 5.43 5.52 5.61 5.69 5.76 5.82 5.88 5.91 5.94 5.95 5.94 5.92 5.87 5.80 5.70 5.54 5.33 5.08 4.84 4.61 4.39 4.18 3.99 3.81 3.65 3.50 3.37 3.26 3.16 3.08 3.01 2.97 2.93 2.92 2.93 2.95 2.99 3.05 3.12 3.23 3.37 3.56 3.80 4.08 4.41 4.76 5.12 5.50 5.89 6.28 6.67 7.06 7.43 7.78 8.11 8.42 8.69 8.93 9.12 9.26 9.35 9.39 9.36 9.26 9.09 8.86 8.58 8.25 7.88 7.48 7.07 6.65 6.24 5.84
4.89 4.99 5.08 5.18 5.27 5.36 5.45 5.54 5.62 5.68 5.75 5.80 5.83 5.86 5.87 5.86 5.84 5.80 5.74 5.65 5.54 5.40 5.20 4.97 4.74 4.52 4.32 4.12 3.95 3.78 3.64 3.50 3.38 3.28 3.19 3.12 3.06 3.02 2.99 2.98 2.99 3.01 3.06 3.11 3.19 3.28 3.40 3.56 3.77 4.02 4.31 4.62 4.96 5.32 5.68 6.06 6.44 6.81 7.18 7.53 7.86 8.17 8.45 8.70 8.91 9.07 9.19 9.25 9.25 9.19 9.06 8.85 8.58 8.26 7.91 7.53 7.13 6.75 6.38 6.01
4.97 5.06 5.15 5.24 5.33 5.41 5.49 5.57 5.63 5.69 5.74 5.78 5.81 5.82 5.81 5.79 5.76 5.70 5.62 5.52 5.39 5.24 5.05 4.84 4.62 4.42 4.23 4.06 3.90 3.75 3.61 3.49 3.38 3.28 3.20 3.13 3.08 3.04 3.02 3.02 3.03 3.05 3.09 3.15 3.22 3.31 3.42 3.55 3.72 3.94 4.19 4.47 4.78 5.11 5.46 5.82 6.18 6.55 6.91 7.26 7.59 7.91 8.20 8.46 8.68 8.87 9.01 9.10 9.13 9.10 9.01 8.84 8.60 8.30 7.96 7.60 7.25 6.90 6.56 6.23
5.06 5.14 5.23 5.31 5.39 5.47 5.54 5.61 5.66 5.71 5.75 5.78 5.79 5.79 5.78 5.74 5.69 5.62 5.52 5.41 5.26 5.10 4.90 4.70 4.50 4.32 4.14 3.98 3.83 3.69 3.56 3.45 3.35 3.26 3.19 3.13 3.08 3.04 3.03 3.02 3.03 3.05 3.09 3.15 3.22 3.30 3.40 3.52 3.66 3.84 4.05 4.31 4.59 4.89 5.22 5.56 5.91 6.27 6.62 6.97 7.31 7.63 7.93 8.20 8.44 8.65 8.81 8.92 8.99 8.99 8.94 8.81 8.62 8.35 8.04 7.73 7.42 7.11 6.80 6.50
5.15 5.23 5.31 5.39 5.46 5.53 5.60 5.66 5.70 5.74 5.77 5.79 5.79 5.78 5.75 5.70 5.64 5.55 5.44 5.31 5.15 4.97 4.76 4.56 4.37 4.20 4.04 3.89 3.76 3.63 3.51 3.41 3.32 3.24 3.17 3.11 3.07 3.04 3.02 3.01 3.02 3.05 3.08 3.13 3.20 3.28 3.37 3.48 3.61 3.76 3.94 4.16 4.41 4.69 5.00 5.32 5.66 6.00 6.35 6.69 7.03 7.36 7.66 7.95 8.20 8.43 8.61 8.75 8.85 8.89 8.87 8.79 8.64 8.43 8.18 7.91 7.64 7.37 7.10 6.82
5.26 5.34 5.41 5.48 5.55 5.61 5.67 5.72 5.76 5.79 5.81 5.82 5.81 5.78 5.74 5.68 5.60 5.50 5.37 5.23 5.05 4.85 4.64 4.42 4.24 4.09 3.94 3.81 3.69 3.57 3.47 3.37 3.29 3.22 3.15 3.10 3.07 3.04 3.02 3.02 3.03 3.05 3.09 3.14 3.20 3.28 3.37 3.47 3.60 3.73 3.88 4.07 4.29 4.54 4.82 5.13 5.45 5.78 6.11 6.45 6.79 7.12 7.43 7.72 7.99 8.23 8.44 8.61 8.73 8.80 8.81 8.77 8.68 8.55 8.37 8.15 7.92 7.68 7.44 7.19
5.39 5.46 5.53 5.59 5.65 5.71 5.76 5.80 5.83 5.85 5.86 5.86 5.84 5.80 5.75 5.67 5.58 5.46 5.32 5.16 4.97 4.76 4.53 4.31 4.13 3.98 3.85 3.73 3.62 3.52 3.42 3.34 3.27 3.20 3.15 3.11 3.08 3.05 3.04 3.05 3.06 3.08 3.12 3.16 3.22 3.30 3.38 3.48 3.60 3.73 3.87 4.03 4.22 4.44 4.70 4.98 5.28 5.60 5.92 6.25 6.59 6.91 7.23 7.53 7.81 8.06 8.29 8.48 8.62 8.72 8.78 8.79 8.77 8.70 8.59 8.44 8.25 8.04 7.82 7.59
5.53 5.60 5.66 5.72 5.77 5.82 5.86 5.90 5.92 5.93 5.93 5.91 5.88 5.83 5.77 5.68 5.57 5.44 5.29 5.11 4.91 4.69 4.45 4.22 4.03 3.88 3.75 3.65 3.55 3.47 3.39 3.32 3.26 3.20 3.16 3.13 3.10 3.09 3.08 3.09 3.10 3.13 3.16 3.21 3.27 3.34 3.42 3.52 3.63 3.76 3.90 4.04 4.20 4.39 4.62 4.88 5.16 5.46 5.77 6.09 6.42 6.74 7.06 7.36 7.65 7.92 8.16 8.37 8.54 8.67 8.77 8.84 8.89 8.89 8.84 8.74 8.61 8.43 8.23 8.03
5.70 5.75 5.80 5.86 5.91 5.95 5.98 6.01 6.02 6.02 6.01 5.99 5.94 5.88 5.80 5.70 5.58 5.44 5.27 5.08 4.87 4.64 4.39 4.15 3.95 3.80 3.67 3.58 3.50 3.43 3.36 3.30 3.26 3.21 3.18 3.16 3.14 3.13 3.13 3.14 3.16 3.19 3.23 3.28 3.34 3.40 3.48 3.57 3.69 3.81 3.94 4.08 4.23 4.40 4.59 4.82 5.08 5.36 5.65 5.96 6.28 6.60 6.92 7.22 7.52 7.80 8.05 8.27 8.47 8.64 8.80 8.94 9.04 9.10 9.11 9.07 8.98 8.84 8.67 8.48
5.89 5.93 5.97 6.01 6.06 6.09 6.12 6.13 6.14 6.13 6.11 6.07 6.02 5.95 5.85 5.74 5.60 5.45 5.27 5.06 4.84 4.60 4.35 4.10 3.89 3.73 3.61 3.51 3.45 3.39 3.34 3.30 3.26 3.24 3.22 3.20 3.19 3.19 3.20 3.22 3.25 3.28 3.32 3.37 3.42 3.48 3.56 3.65 3.76 3.87 4.00 4.14 4.28 4.44 4.61 4.81 5.04 5.30 5.58 5.87 6.18 6.49 6.80 7.11 7.41 7.69 7.96 8.20 8.43 8.66 8.87 9.07 9.23 9.34 9.40 9.41 9.36 9.26 9.12 8.95
6.10 6.13 6.15 6.19 6.22 6.25 6.27 6.28 6.27 6.25 6.22 6.17 6.11 6.02 5.92 5.79 5.64 5.47 5.28 5.07 4.84 4.59 4.32 4.06 3.85 3.69 3.56 3.47 3.41 3.36 3.33 3.31 3.29 3.27 3.26 3.26 3.26 3.27 3.29 3.32 3.35 3.39 3.43 3.47 3.52 3.58 3.65 3.74 3.84 3.96 4.08 4.21 4.35 4.50 4.66 4.84 5.04 5.27 5.53 5.81 6.10 6.41 6.71 7.02 7.32 7.61 7.89 8.16 8.44 8.72 8.99 9.23 9.44 9.61 9.71 9.76 9.74 9.68 9.57 9.41
6.33 6.34 6.36 6.38 6.40 6.42 6.43 6.43 6.42 6.39 6.35 6.29 6.21 6.12 6.00 5.86 5.70 5.51 5.31 5.09 4.85 4.58 4.31 4.04 3.83 3.66 3.54 3.45 3.39 3.35 3.33 3.32 3.32 3.32 3.32 3.33 3.35 3.37 3.40 3.43 3.47 3.51 3.54 3.58 3.63 3.68 3.75 3.84 3.94 4.05 4.17 4.30 4.44 4.58 4.74 4.90 5.08 5.29 5.52 5.78 6.06 6.35 6.65 6.96 7.26 7.55 7.85 8.17 8.50 8.83 9.14 9.43 9.68 9.89 10.03 10.12 10.13 10.10 10.01 9.87
6.58 6.58 6.59 6.59 6.60 6.61 6.61 6.60 6.58 6.54 6.49 6.42 6.33 6.22 6.09 5.94 5.77 5.57 5.36 5.12 4.87 4.60 4.31 4.04 3.82 3.65 3.53 3.44 3.38 3.35 3.34 3.35 3.36 3.38 3.40 3.42 3.45 3.49 3.52 3.57 3.60 3.64 3.67 3.71 3.75 3.80 3.87 3.95 4.05 4.16 4.28 4.40 4.53 4.67 4.82 4.98 5.15 5.34 5.55 5.79 6.05 6.33 6.62 6.91 7.21 7.53 7.87 8.23 8.60 8.97 9.32 9.65 9.94 10.19 10.37 10.48 10.52 10.51 10.43 10.31
6.84 6.83 6.83 6.83 6.82 6.82 6.80 6.79 6.75 6.71 6.65 6.57 6.47 6.35 6.20 6.04 5.85 5.64 5.42 5.17 4.91 4.63 4.33 4.06 3.83 3.66 3.53 3.45 3.40 3.37 3.37 3.39 3.42 3.45 3.49 3.53 3.57 3.62 3.67 3.71 3.74 3.78 3.81 3.84 3.88 3.93 4.00 4.08 4.17 4.28 4.39 4.51 4.64 4.78 4.92 5.08 5.24 5.42 5.61 5.82 6.06 6.32 6.60 6.89 7.21 7.56 7.94 8.34 8.75 9.15 9.53 9.90 10.22 10.50 10.71 10.84 10.91 10.91 10.84 10.72
7.12 7.10 7.09 7.08 7.06 7.04 7.02 6.99 6.94 6.89 6.82 6.73 6.61 6.48 6.32 6.14 5.94 5.72 5.49 5.23 4.96 4.67 4.37 4.08 3.85 3.68 3.55 3.47 3.42 3.41 3.42 3.45 3.49 3.54 3.60 3.66 3.71 3.77 3.82 3.86 3.89 3.92 3.95 3.98 4.02 4.07 4.13 4.21 4.30 4.40 4.52 4.63 4.76 4.89 5.03 5.18 5.34 5.51 5.69 5.88 6.10 6.35 6.61 6.91 7.26 7.64 8.06 8.49 8.92 9.36 9.77 10.16 10.52 10.82 11.05 11.21 11.29 11.29 11.24 11.12
7.40 7.38 7.36 7.34 7.32 7.29 7.25 7.20 7.15 7.08 7.00 6.90 6.77 6.62 6.45 6.26 6.05 5.82 5.57 5.31 5.02 4.73 4.42 4.12 3.89 3.71 3.59 3.51 3.47 3.46 3.48 3.52 3.58 3.65 3.72 3.80 3.87 3.93 3.98 4.01 4.04 4.07 4.10 4.12 4.16 4.21 4.27 4.34 4.43 4.54 4.64 4.76 4.88 5.01 5.15 5.29 5.45 5.61 5.78 5.97 6.17 6.39 6.66 6.99 7.36 7.78 8.22 8.68 9.14 9.59 10.03 10.45 10.82 11.15 11.40 11.57 11.66 11.67 11.61 11.48
7.70 7.67 7.65 7.62 7.58 7.54 7.50 7.44 7.37 7.29 7.20 7.08 6.94 6.78 6.59 6.39 6.17 5.93 5.67 5.39 5.10 4.79 4.48 4.18 3.94 3.76 3.63 3.56 3.52 3.52 3.56 3.61 3.68 3.77 3.87 3.96 4.03 4.09 4.13 4.17 4.19 4.22 4.24 4.27 4.30 4.35 4.41 4.48 4.57 4.67 4.78 4.89 5.01 5.13 5.26 5.41 5.56 5.71 5.88 6.06 6.25 6.48 6.78 7.13 7.52 7.96 8.42 8.90 9.38 9.86 10.32 10.75 11.14 11.48 11.74 11.92 12.01 12.02 11.96 11.82
8.00 7.97 7.94 7.90 7.86 7.82 7.76 7.69 7.61 7.52 7.41 7.27 7.12 6.94 6.74 6.53 6.29 6.04 5.77 5.49 5.19 4.87 4.55 4.24 4.00 3.82 3.69 3.62 3.59 3.60 3.64 3.71 3.80 3.91 4.02 4.11 4.19 4.25 4.29 4.32 4.35 4.37 4.39 4.42 4.45 4.49 4.55 4.62 4.71 4.81 4.91 5.02 5.14 5.26 5.39 5.52 5.67 5.82 5.99 6.16 6.37 6.63 6.95 7.32 7.73 8.19 8.66 9.16 9.65 10.14 10.61 11.05 11.46 11.81 12.08 12.26 12.35 12.35 12.28 12.13
8.31 8.28 8.24 8.20 8.15 8.10 8.03 7.96 7.86 7.75 7.62 7.47 7.30 7.11 6.90 6.68 6.43 6.17 5.89 5.59 5.28 4.96 4.63 4.32 4.07 3.89 3.76 3.69 3.67 3.69 3.74 3.82 3.93 4.05 4.16 4.26 4.34 4.40 4.44 4.47 4.49 4.51 4.54 4.56 4.59 4.63 4.69 4.76 4.85 4.94 5.04 5.15 5.26 5.38 5.51 5.64 5.78 5.93 6.09 6.29 6.54 6.83 7.18 7.56 7.99 8.45 8.94 9.44 9.95 10.45 10.92 11.37 11.78 12.14 12.41 12.59 12.67 12.66 12.57 12.39
8.62 8.59 8.55 8.50 8.45 8.39 8.32 8.23 8.12 7.99 7.85 7.68 7.50 7.29 7.07 6.83 6.58 6.30 6.01 5.71 5.39 5.06 4.72 4.40 4.15 3.97 3.84 3.78 3.76 3.79 3.85 3.95 4.06 4.18 4.29 4.39 4.47 4.54 4.58 4.61 4.64 4.66 4.68 4.70 4.73 4.77 4.82 4.89 4.98 5.08 5.18 5.28 5.39 5.51 5.63 5.76 5.90 6.04 6.23 6.46 6.74 7.07 7.45 7.85 8.29 8.76 9.25 9.76 10.27 10.77 11.25 11.69 12.10 12.46 12.73 12.90 12.97 12.94 12.82 12.62
8.94 8.90 8.86 8.81 8.76 8.69 8.61 8.50 8.38 8.24 8.08 7.89 7.70 7.48 7.25 6.99 6.73 6.44 6.14 5.83 5.50 5.17 4.82 4.49 4.24 4.06 3.93 3.87 3.86 3.90 3.97 4.08 4.19 4.30 4.40 4.50 4.59 4.66 4.71 4.75 4.77 4.79 4.81 4.83 4.86 4.90 4.95 5.02 5.11 5.20 5.30 5.40 5.51 5.63 5.75 5.87 6.01 6.18 6.40 6.67 6.99 7.35 7.75 8.17 8.62 9.10 9.59 10.09 10.60 11.10 11.57 12.02 12.42 12.77 13.03 13.19 13.24 13.19 13.04 12.81
9.25 9.22 9.17 9.12 9.06 8.99 8.89 8.78 8.64 8.48 8.31 8.11 7.90 7.67 7.43 7.16 6.88 6.59 6.28 5.96 5.63 5.28 4.92 4.59 4.34 4.15 4.03 3.97 3.97 4.02 4.10 4.19 4.29 4.39 4.49 4.59 4.68 4.75 4.82 4.87 4.90 4.92 4.93 4.96 4.98 5.02 5.07 5.14 5.23 5.32 5.42 5.52 5.63 5.74 5.86 5.98 6.14 6.35 6.62 6.93 7.28 7.66 8.08 8.52 8.99 9.47 9.95 10.45 10.95 11.44 11.91 12.34 12.73 13.07 13.32 13.45 13.48 13.40 13.22 12.95
