data_processed/recharge/precip/Precip_2001_09.asc
ncols        168
nrows        136
xllcorner    455000
yllcorner    2107000
cellsize     500
NODATA_value     -99999
[rows 0 to 31 of 136, columns 72 to 143 of 168]
223.49 221.52 218.95 215.71 212.27 208.99 205.93 203.20 200.84 198.83 197.17 195.82 194.77 194.00 193.50 193.25 193.22 193.40 193.78 194.32 195.03 195.87 196.83 197.89 199.03 200.24 201.46 202.46 203.00 203.10 203.37 204.03 204.86 205.59 206.17 206.59 206.86 207.00 206.99 206.86 206.60 206.21 205.72 205.12 204.41 203.60 202.71 201.73 200.67 199.53 198.33 197.06 195.76 194.66 193.98 193.79 193.80 193.89 193.99 194.02 193.94 193.78 193.53 193.21 192.83 192.40 191.93 191.43 190.92 190.39 189.87 189.36
224.57 222.02 219.22 215.80 212.19 208.77 205.68 202.97 200.62 198.60 196.91 195.52 194.42 193.59 193.01 192.66 192.52 192.58 192.81 193.20 193.74 194.39 195.15 196.00 196.91 197.88 198.87 199.85 200.55 200.82 201.21 201.86 202.46 202.93 203.27 203.48 203.58 203.56 203.43 203.20 202.87 202.45 201.95 201.37 200.71 199.99 199.20 198.35 197.46 196.51 195.53 194.51 193.47 192.44 191.67 191.36 191.24 191.16 191.00 190.75 190.41 190.00 189.53 189.01 188.44 187.84 187.23 186.60 185.97 185.35 184.76 184.19
226.46 223.02 219.61 215.95 212.18 208.73 205.66 202.96 200.59 198.55 196.82 195.38 194.21 193.29 192.61 192.15 191.88 191.79 191.87 192.09 192.44 192.89 193.44 194.05 194.72 195.42 196.14 196.86 197.53 197.96 198.40 198.84 199.17 199.39 199.51 199.53 199.46 199.31 199.08 198.78 198.40 197.97 197.48 196.93 196.34 195.72 195.05 194.36 193.65 192.92 192.18 191.43 190.68 189.94 189.25 188.84 188.56 188.21 187.78 187.28 186.71 186.09 185.42 184.72 183.99 183.25 182.51 181.78 181.07 180.39 179.74 179.15
229.22 224.91 220.57 216.24 212.34 208.91 205.84 203.13 200.74 198.66 196.88 195.37 194.12 193.11 192.31 191.72 191.32 191.07 190.98 191.02 191.16 191.41 191.72 192.09 192.50 192.93 193.37 193.78 194.17 194.49 194.73 194.88 194.95 194.94 194.86 194.71 194.50 194.23 193.91 193.55 193.15 192.71 192.25 191.76 191.26 190.75 190.23 189.71 189.19 188.69 188.21 187.75 187.32 186.92 186.56 186.24 185.74 185.13 184.46 183.73 182.95 182.13 181.29 180.44 179.58 178.72 177.89 177.08 176.30 175.58 174.91 174.31
232.72 227.59 222.27 216.63 211.92 208.42 205.39 202.69 200.31 198.22 196.41 194.86 193.56 192.47 191.60 190.91 190.39 190.02 189.78 189.66 189.63 189.68 189.80 189.95 190.13 190.31 190.49 190.63 190.70 190.69 190.62 190.49 190.30 190.06 189.77 189.45 189.09 188.71 188.31 187.88 187.45 187.01 186.58 186.15 185.73 185.33 184.96 184.61 184.30 184.02 183.80 183.62 183.51 183.45 183.54 183.74 183.35 182.52 181.61 180.65 179.67 178.68 177.67 176.67 175.68 174.72 173.79 172.91 172.09 171.33 170.64 170.05
236.78 230.83 224.29 217.23 211.15 206.92 203.86 201.23 198.90 196.85 195.07 193.53 192.21 191.11 190.20 189.46 188.87 188.42 188.09 187.86 187.71 187.63 187.59 187.57 187.57 187.56 187.52 187.40 187.15 186.81 186.43 186.00 185.55 185.07 184.57 184.06 183.55 183.04 182.54 182.05 181.58 181.13 180.71 180.33 179.99 179.69 179.45 179.26 179.14 179.09 179.11 179.21 179.40 179.75 180.40 181.21 181.37 180.65 179.53 178.35 177.17 175.98 174.81 173.66 172.54 171.47 170.45 169.49 168.61 167.82 167.12 166.52
241.21 234.21 226.43 218.08 210.68 205.18 201.46 198.84 196.62 194.65 192.94 191.46 190.19 189.12 188.22 187.48 186.88 186.40 186.03 185.74 185.51 185.34 185.20 185.07 184.93 184.77 184.52 184.09 183.51 182.85 182.18 181.48 180.76 180.03 179.31 178.61 177.93 177.29 176.68 176.11 175.59 175.12 174.70 174.36 174.08 173.88 173.76 173.72 173.78 173.93 174.19 174.56 175.12 175.99 177.20 178.59 179.33 179.13 178.12 176.75 175.36 173.98 172.64 171.34 170.09 168.91 167.79 166.76 165.82 164.98 164.26 163.67
245.62 237.55 228.64 219.12 210.53 203.81 198.93 195.73 193.56 191.74 190.15 188.77 187.60 186.60 185.77 185.08 184.52 184.06 183.69 183.39 183.14 182.93 182.74 182.54 182.32 182.00 181.45 180.69 179.78 178.83 177.87 176.92 175.96 175.00 174.05 173.14 172.29 171.50 170.77 170.11 169.53 169.03 168.61 168.29 168.07 167.95 167.94 168.04 168.27 168.62 169.11 169.80 170.83 172.23 173.97 175.87 177.15 177.52 177.01 175.75 174.17 172.61 171.10 169.64 168.26 166.95 165.74 164.63 163.63 162.75 162.01 161.41
249.80 240.77 230.87 220.32 210.66 202.86 196.88 192.62 189.93 188.21 186.79 185.58 184.55 183.68 182.96 182.37 181.89 181.50 181.19 180.93 180.71 180.51 180.31 180.10 179.77 179.16 178.27 177.18 175.98 174.74 173.52 172.33 171.15 169.99 168.83 167.72 166.68 165.73 164.87 164.11 163.46 162.91 162.49 162.18 162.00 161.95 162.05 162.28 162.67 163.21 163.98 165.11 166.62 168.50 170.71 173.09 174.86 175.73 175.76 174.98 173.52 171.79 170.10 168.49 166.96 165.54 164.22 163.03 161.97 161.04 160.27 159.67
253.71 243.85 233.08 221.63 211.04 202.28 195.32 190.06 186.42 184.26 182.98 181.98 181.14 180.45 179.90 179.46 179.11 178.85 178.64 178.47 178.33 178.19 178.04 177.76 177.16 176.21 174.99 173.59 172.10 170.60 169.14 167.72 166.34 164.99 163.67 162.38 161.15 160.03 159.03 158.17 157.43 156.83 156.38 156.08 155.93 155.95 156.13 156.49 157.02 157.81 158.97 160.54 162.50 164.81 167.44 170.24 172.45 173.79 174.30 174.04 173.04 171.42 169.57 167.80 166.14 164.59 163.17 161.89 160.76 159.79 158.99 158.38
257.29 246.74 235.23 223.00 211.61 202.03 194.22 188.09 183.57 180.55 178.91 178.09 177.49 177.04 176.70 176.45 176.30 176.20 176.15 176.12 176.10 176.07 175.91 175.38 174.43 173.14 171.62 169.93 168.16 166.41 164.72 163.10 161.53 160.02 158.55 157.13 155.75 154.46 153.31 152.32 151.50 150.84 150.35 150.04 149.92 149.98 150.25 150.71 151.45 152.59 154.16 156.12 158.47 161.16 164.17 167.35 169.94 171.70 172.65 172.85 172.34 171.16 169.43 167.52 165.71 164.04 162.51 161.15 159.95 158.93 158.09 157.46
260.50 249.39 237.27 224.40 212.33 202.06 193.53 186.67 181.38 177.59 175.20 174.09 173.71 173.53 173.46 173.47 173.54 173.67 173.82 173.99 174.14 174.16 173.75 172.86 171.57 169.97 168.15 166.19 164.17 162.18 160.28 158.46 156.73 155.07 153.48 151.95 150.47 149.06 147.76 146.64 145.71 144.98 144.44 144.12 144.01 144.12 144.45 145.08 146.13 147.63 149.55 151.86 154.54 157.57 160.91 164.41 167.35 169.48 170.82 171.44 171.36 170.65 169.34 167.54 165.60 163.81 162.17 160.71 159.44 158.37 157.50 156.85
263.31 251.76 239.17 225.78 213.16 202.33 193.21 185.74 179.83 175.38 172.32 170.57 169.98 170.06 170.30 170.61 170.97 171.36 171.77 172.17 172.43 172.20 171.44 170.21 168.60 166.70 164.60 162.38 160.12 157.92 155.82 153.83 151.94 150.15 148.45 146.83 145.29 143.82 142.42 141.17 140.12 139.31 138.72 138.37 138.26 138.40 138.86 139.76 141.12 142.93 145.15 147.76 150.74 154.05 157.68 161.45 164.69 167.13 168.82 169.80 170.12 169.82 168.95 167.55 165.73 163.82 162.07 160.52 159.17 158.04 157.14 156.47
265.67 253.81 240.87 227.10 214.06 202.79 193.22 185.27 178.85 173.89 170.29 167.97 166.85 166.79 167.32 167.98 168.68 169.39 170.10 170.65 170.68 170.09 168.98 167.43 165.52 163.34 160.98 158.51 156.04 153.63 151.35 149.21 147.18 145.27 143.48 141.78 140.19 138.69 137.27 135.95 134.79 133.88 133.23 132.84 132.72 132.94 133.63 134.80 136.44 138.51 140.99 143.85 147.07 150.62 154.48 158.49 161.97 164.68 166.66 167.96 168.63 168.70 168.22 167.23 165.79 163.99 162.15 160.50 159.07 157.89 156.94 156.23
267.53 255.49 242.33 228.30 214.99 203.41 193.51 185.21 178.42 173.07 169.06 166.30 164.72 164.23 164.71 165.71 166.79 167.87 168.77 169.11 168.77 167.84 166.40 164.54 162.34 159.89 157.28 154.59 151.91 149.33 146.88 144.59 142.45 140.44 138.57 136.82 135.19 133.67 132.26 130.96 129.76 128.75 128.02 127.59 127.51 127.92 128.84 130.24 132.09 134.38 137.06 140.13 143.55 147.29 151.33 155.52 159.20 162.13 164.36 165.93 166.89 167.28 167.14 166.53 165.48 164.04 162.30 160.57 159.07 157.82 156.82 156.06
268.85 256.76 243.52 229.36 215.89 204.13 194.04 185.52 178.49 172.87 168.58 165.52 163.62 162.78 162.93 163.94 165.39 166.72 167.43 167.39 166.70 165.44 163.68 161.53 159.07 156.37 153.53 150.63 147.76 145.01 142.42 140.00 137.75 135.66 133.73 131.94 130.29 128.78 127.39 126.13 124.98 123.96 123.16 122.72 122.79 123.39 124.49 126.07 128.10 130.55 133.39 136.61 140.18 144.06 148.24 152.56 156.39 159.50 161.93 163.72 164.92 165.58 165.74 165.45 164.74 163.67 162.28 160.65 159.08 157.77 156.73 155.92
269.59 257.58 244.38 230.23 216.73 204.93 194.76 186.15 179.02 173.27 168.82 165.58 163.48 162.43 162.34 163.12 164.48 165.56 165.90 165.51 164.48 162.90 160.85 158.43 155.71 152.77 149.72 146.63 143.59 140.68 137.96 135.44 133.10 130.94 128.96 127.15 125.50 124.00 122.66 121.46 120.39 119.46 118.73 118.41 118.63 119.37 120.61 122.32 124.47 127.03 129.99 133.32 136.98 140.96 145.22 149.63 153.56 156.79 159.37 161.34 162.74 163.63 164.03 164.01 163.60 162.84 161.79 160.49 159.04 157.71 156.63 155.79
269.71 257.91 244.88 230.86 217.47 205.74 195.64 187.07 179.95 174.20 169.73 166.45 164.28 163.14 162.94 163.39 163.91 164.26 164.19 163.46 162.11 160.23 157.91 155.22 152.26 149.12 145.87 142.60 139.40 136.36 133.53 130.91 128.50 126.29 124.28 122.46 120.82 119.36 118.08 116.95 115.99 115.24 114.80 114.71 115.04 115.87 117.20 118.98 121.21 123.85 126.87 130.25 133.96 137.99 142.29 146.73 150.72 154.03 156.71 158.80 160.36 161.41 162.02 162.22 162.05 161.57 160.82 159.87 158.78 157.60 156.52 155.66
269.15 257.70 244.97 231.21 218.05 206.54 196.62 188.22 181.25 175.63 171.26 168.07 165.97 164.86 164.46 164.15 163.69 163.09 162.35 161.26 159.61 157.45 154.86 151.93 148.75 145.40 141.97 138.55 135.21 132.05 129.12 126.42 123.96 121.72 119.69 117.88 116.27 114.86 113.65 112.62 111.83 111.38 111.28 111.50 112.01 112.91 114.27 116.09 118.34 121.00 124.03 127.43 131.14 135.16 139.46 143.89 147.88 151.22 153.95 156.12 157.78 158.96 159.72 160.09 160.13 159.87 159.40 158.81 158.10 157.27 156.34 155.49
267.89 256.90 244.60 231.23 218.44 207.27 197.67 189.57 182.88 177.51 173.38 170.40 168.49 167.33 166.26 165.04 163.69 162.21 160.63 158.95 156.97 154.54 151.71 148.56 145.17 141.64 138.04 134.47 131.01 127.75 124.74 121.98 119.48 117.22 115.20 113.41 111.85 110.51 109.39 108.53 108.03 107.91 108.14 108.66 109.44 110.47 111.84 113.64 115.87 118.50 121.51 124.86 128.53 132.50 136.73 141.11 145.05 148.37 151.11 153.31 155.02 156.28 157.14 157.64 157.83 157.80 157.64 157.39 157.03 156.55 155.95 155.25
265.87 255.48 243.74 230.90 218.59 207.89 198.75 191.08 184.79 179.81 176.04 173.40 171.56 169.83 167.95 165.92 163.76 161.50 159.15 156.73 154.24 151.53 148.47 145.11 141.53 137.83 134.09 130.39 126.83 123.48 120.40 117.60 115.07 112.81 110.81 109.07 107.57 106.32 105.35 104.78 104.61 104.80 105.32 106.12 107.17 108.44 109.90 111.65 113.81 116.37 119.29 122.55 126.13 130.00 134.13 138.40 142.25 145.50 148.20 150.38 152.10 153.39 154.30 154.88 155.23 155.47 155.62 155.68 155.64 155.48 155.21 154.82
263.05 253.39 242.34 230.15 218.46 208.36 199.80 192.69 186.94 182.47 179.19 176.77 174.46 171.99 169.37 166.62 163.76 160.81 157.79 154.71 151.59 148.45 145.15 141.59 137.84 133.99 130.12 126.31 122.65 119.23 116.10 113.28 110.75 108.50 106.54 104.85 103.43 102.33 101.65 101.39 101.53 102.01 102.80 103.86 105.16 106.66 108.32 110.12 112.18 114.61 117.40 120.53 123.97 127.69 131.67 135.77 139.49 142.63 145.23 147.34 149.02 150.29 151.21 151.89 152.47 152.97 153.40 153.74 153.98 154.12 154.15 154.06
259.39 250.59 240.36 228.94 218.01 208.64 200.79 194.36 189.28 185.45 182.53 179.73 176.76 173.65 170.39 167.02 163.56 160.01 156.40 152.76 149.09 145.43 141.76 138.01 134.11 130.12 126.13 122.23 118.50 115.02 111.86 109.03 106.50 104.29 102.38 100.77 99.50 98.68 98.30 98.34 98.75 99.50 100.54 101.85 103.37 105.09 106.94 108.91 110.97 113.24 115.86 118.80 122.05 125.57 129.35 133.25 136.78 139.75 142.21 144.21 145.79 147.00 147.96 148.83 149.63 150.37 151.04 151.63 152.12 152.53 152.82 153.01
254.84 247.03 237.75 227.24 217.19 208.69 201.67 196.06 191.77 188.43 185.23 181.86 178.33 174.65 170.86 166.96 162.98 158.94 154.85 150.74 146.62 142.51 138.43 134.40 130.34 126.23 122.14 118.16 114.37 110.86 107.69 104.85 102.36 100.19 98.35 96.88 95.88 95.36 95.27 95.58 96.25 97.24 98.52 100.04 101.77 103.68 105.71 107.84 110.03 112.26 114.67 117.38 120.38 123.66 127.19 130.84 134.13 136.89 139.16 141.00 142.45 143.63 144.73 145.79 146.79 147.73 148.61 149.41 150.13 150.76 151.30 151.73
249.36 242.67 234.47 225.00 215.97 208.45 202.40 197.73 194.06 190.55 186.85 183.00 179.00 174.87 170.63 166.30 161.91 157.46 152.99 148.50 144.02 139.56 135.15 130.81 126.54 122.32 118.15 114.11 110.28 106.75 103.57 100.76 98.31 96.21 94.51 93.30 92.59 92.34 92.52 93.08 93.98 95.20 96.69 98.41 100.32 102.40 104.59 106.86 109.18 111.50 113.82 116.27 118.99 121.98 125.20 128.55 131.55 134.05 136.09 137.72 139.08 140.37 141.62 142.83 144.00 145.12 146.17 147.16 148.07 148.90 149.64 150.28
242.92 237.48 230.48 222.18 214.28 207.88 202.93 199.02 195.27 191.35 187.25 183.01 178.63 174.14 169.55 164.89 160.18 155.43 150.66 145.89 141.15 136.44 131.80 127.24 122.77 118.41 114.17 110.09 106.23 102.69 99.53 96.76 94.37 92.40 90.95 90.03 89.59 89.60 90.01 90.80 91.93 93.34 95.02 96.92 99.00 101.22 103.54 105.94 108.37 110.78 113.15 115.47 117.87 120.52 123.40 126.40 129.07 131.26 133.02 134.50 135.92 137.31 138.69 140.03 141.33 142.59 143.79 144.93 146.00 146.99 147.91 148.72
235.58 231.39 225.73 218.73 212.11 206.95 202.89 199.00 194.93 190.68 186.28 181.74 177.08 172.33 167.49 162.59 157.65 152.69 147.73 142.78 137.87 133.01 128.22 123.53 118.95 114.51 110.21 106.09 102.23 98.70 95.58 92.86 90.60 88.87 87.70 87.04 86.84 87.09 87.72 88.72 90.04 91.64 93.48 95.53 97.75 100.10 102.54 105.04 107.55 110.04 112.47 114.80 117.03 119.31 121.79 124.39 126.68 128.52 130.07 131.57 133.06 134.54 136.00 137.44 138.84 140.21 141.52 142.79 143.98 145.11 146.17 147.13
227.96 224.50 220.19 214.62 209.38 205.25 201.31 197.18 192.87 188.40 183.79 179.05 174.21 169.28 164.29 159.25 154.18 149.11 144.04 139.01 134.03 129.11 124.28 119.56 114.97 110.52 106.23 102.13 98.28 94.79 91.71 89.12 87.09 85.63 84.71 84.29 84.32 84.78 85.62 86.80 88.29 90.05 92.04 94.22 96.56 99.02 101.55 104.12 106.70 109.24 111.71 114.07 116.28 118.33 120.39 122.55 124.42 125.98 127.50 129.03 130.57 132.10 133.62 135.12 136.60 138.04 139.44 140.79 142.09 143.32 144.48 145.56
220.59 217.43 213.92 209.78 205.71 201.80 197.70 193.41 188.96 184.36 179.63 174.79 169.86 164.86 159.81 154.72 149.62 144.53 139.46 134.44 129.48 124.60 119.82 115.17 110.66 106.30 102.12 98.14 94.39 90.95 87.99 85.62 83.85 82.64 81.96 81.75 81.99 82.64 83.66 85.00 86.65 88.54 90.66 92.95 95.39 97.93 100.53 103.16 105.78 108.36 110.84 113.20 115.40 117.40 119.19 120.88 122.42 123.91 125.43 126.97 128.51 130.07 131.61 133.15 134.66 136.15 137.60 139.01 140.37 141.68 142.92 144.08
213.59 210.73 207.59 204.12 200.33 196.34 192.15 187.79 183.28 178.64 173.88 169.03 164.09 159.11 154.08 149.04 143.99 138.97 133.99 129.06 124.21 119.46 114.82 110.32 105.97 101.80 97.82 94.05 90.51 87.23 84.49 82.37 80.84 79.86 79.38 79.38 79.80 80.62 81.80 83.29 85.07 87.08 89.30 91.69 94.20 96.80 99.46 102.13 104.77 107.36 109.84 112.18 114.35 116.31 118.01 119.48 120.90 122.36 123.85 125.36 126.90 128.44 129.98 131.52 133.04 134.55 136.02 137.46 138.86 140.21 141.49 142.72
207.17 204.60 201.71 198.22 194.34 190.27 186.04 181.65 177.12 172.46 167.71 162.88 157.98 153.04 148.08 143.11 138.16 133.24 128.37 123.58 118.88 114.29 109.82 105.51 101.37 97.41 93.66 90.13 86.81 83.68 81.11 79.23 77.93 77.16 76.88 77.07 77.67 78.65 79.97 81.60 83.50 85.62 87.93 90.40 92.98 95.64 98.34 101.03 103.69 106.28 108.75 111.06 113.19 115.10 116.75 118.18 119.56 120.97 122.41 123.89 125.39 126.91 128.44 129.97 131.49 132.99 134.48 135.93 137.35 138.73 140.05 141.31
201.39 199.03 196.09 192.46 188.46 184.32 180.04 175.62 171.08 166.43 161.70 156.89 152.04 147.16 142.27 137.39 132.54 127.74 123.00 118.35 113.81 109.39 105.11 101.00 97.06 93.33 89.82 86.52 83.35 80.34 77.87 76.14 75.05 74.49 74.42 74.78 75.55 76.69 78.16 79.92 81.93 84.15 86.56 89.10 91.74 94.45 97.18 99.90 102.57 105.15 107.60 109.88 111.97 113.82 115.44 116.84 118.19 119.56 120.96 122.40 123.86 125.35 126.85 128.36 129.87 131.37 132.86 134.32 135.76 137.15 138.51 139.80
