data_processed/recharge/precip/Precip_1997_02.asc
ncols        168
nrows        136
xllcorner    455000
yllcorner    2107000
cellsize     500
NODATA_value     -99999
[rows 0 to 36 of 136, columns 83 to 165 of 168]
0.13 0.14 0.14 0.14 0.14 0.14 0.13 0.12 0.10 0.09 0.07 0.05 0.03 0.00 0.00 0.00 0.00 0.00 0.00 0.00 0.00 0.00 0.00 0.00 0.00 0.00 0.00 0.00 0.00 0.00 0.00 0.00 0.00 0.00 0.00 0.00 0.00 0.00 0.00 0.00 0.00 0.00 0.00 0.00 0.00 0.00 0.00 0.00 0.00 0.00 0.00 0.00 0.00 0.00 0.00 0.07 0.16 0.25 0.34 0.44 0.54 0.64 0.74 0.84 0.94 1.04 1.14 1.25 1.35 1.45 1.56 1.66 1.76 1.86 1.96 2.05 2.15 2.24 2.33 2.42 2.50 2.59 2.67
0.11 0.12 0.13 0.13 0.13 0.13 0.13 0.12 0.11 0.09 0.08 0.06 0.04 0.02 0.00 0.00 0.00 0.00 0.00 0.00 0.00 0.00 0.00 0.00 0.00 0.00 0.00 0.00 0.00 0.00 0.00 0.00 0.00 0.00 0.00 0.00 0.00 0.00 0.00 0.00 0.00 0.00 0.00 0.00 0.00 0.00 0.00 0.00 0.00 0.00 0.00 0.00 0.00 0.00 0.00 0.02 0.11 0.20 0.29 0.38 0.48 0.58 0.67 0.77 0.87 0.97 1.07 1.17 1.27 1.36 1.46 1.56 1.66 1.75 1.84 1.94 2.03 2.11 2.20 2.28 2.36 2.44 2.51
0.10 0.11 0.12 0.12 0.13 0.13 0.12 0.12 0.11 0.10 0.08 0.07 0.05 0.03 0.01 0.00 0.00 0.00 0.00 0.00 0.00 0.00 0.00 0.00 0.00 0.00 0.00 0.00 0.00 0.00 0.00 0.00 0.00 0.00 0.00 0.00 0.00 0.00 0.00 0.00 0.00 0.00 0.00 0.00 0.00 0.00 0.00 0.00 0.00 0.00 0.00 0.00 0.00 0.00 0.00 0.00 0.07 0.15 0.24 0.33 0.43 0.52 0.61 0.71 0.80 0.90 1.00 1.09 1.19 1.28 1.37 1.47 1.56 1.65 1.74 1.83 1.91 1.99 2.07 2.15 2.22 2.30 2.36
0.09 0.09 0.10 0.11 0.12 0.12 0.12 0.12 0.11 0.10 0.09 0.08 0.06 0.05 0.03 0.01 0.00 0.00 0.00 0.00 0.00 0.00 0.00 0.00 0.00 0.00 0.00 0.00 0.00 0.00 0.00 0.00 0.00 0.00 0.00 0.00 0.00 0.00 0.00 0.00 0.00 0.00 0.00 0.00 0.00 0.00 0.00 0.00 0.00 0.00 0.00 0.00 0.00 0.00 0.00 0.00 0.03 0.12 0.20 0.29 0.38 0.47 0.56 0.65 0.75 0.84 0.93 1.02 1.11 1.20 1.29 1.38 1.47 1.56 1.64 1.72 1.80 1.88 1.95 2.03 2.10 2.16 2.22
0.08 0.08 0.09 0.10 0.11 0.11 0.12 0.12 0.11 0.11 0.10 0.09 0.08 0.06 0.04 0.03 0.01 0.00 0.00 0.00 0.00 0.00 0.00 0.00 0.00 0.00 0.00 0.00 0.00 0.00 0.00 0.00 0.00 0.00 0.00 0.00 0.00 0.00 0.00 0.00 0.00 0.00 0.00 0.00 0.00 0.00 0.00 0.00 0.00 0.00 0.00 0.00 0.00 0.00 0.00 0.00 0.00 0.08 0.17 0.25 0.34 0.43 0.52 0.60 0.69 0.78 0.87 0.96 1.05 1.13 1.22 1.30 1.39 1.47 1.55 1.63 1.70 1.77 1.84 1.91 1.97 2.03 2.09
0.07 0.07 0.08 0.09 0.10 0.11 0.11 0.11 0.11 0.11 0.10 0.10 0.09 0.07 0.06 0.05 0.03 0.01 0.00 0.00 0.00 0.00 0.00 0.00 0.00 0.00 0.00 0.00 0.00 0.00 0.00 0.00 0.00 0.00 0.00 0.00 0.00 0.00 0.00 0.00 0.00 0.00 0.00 0.00 0.00 0.00 0.00 0.00 0.00 0.00 0.00 0.00 0.00 0.00 0.00 0.00 0.00 0.05 0.13 0.22 0.31 0.39 0.48 0.56 0.65 0.73 0.82 0.90 0.99 1.07 1.15 1.23 1.31 1.39 1.47 1.54 1.61 1.68 1.74 1.80 1.86 1.91 1.96
0.06 0.07 0.07 0.08 0.09 0.10 0.11 0.11 0.11 0.11 0.11 0.10 0.10 0.09 0.07 0.06 0.05 0.03 0.02 0.00 0.00 0.00 0.00 0.00 0.00 0.00 0.00 0.00 0.00 0.00 0.00 0.00 0.00 0.00 0.00 0.00 0.00 0.00 0.00 0.00 0.00 0.00 0.00 0.00 0.00 0.00 0.00 0.00 0.00 0.00 0.00 0.00 0.00 0.00 0.00 0.00 0.00 0.02 0.11 0.19 0.28 0.36 0.45 0.53 0.61 0.69 0.78 0.86 0.94 1.02 1.10 1.17 1.25 1.32 1.39 1.46 1.53 1.59 1.65 1.70 1.75 1.80 1.84
0.06 0.06 0.07 0.08 0.08 0.09 0.10 0.10 0.11 0.11 0.11 0.11 0.10 0.10 0.09 0.08 0.07 0.05 0.04 0.02 0.01 0.00 0.00 0.00 0.00 0.00 0.00 0.00 0.00 0.00 0.00 0.00 0.00 0.00 0.00 0.00 0.00 0.00 0.00 0.00 0.00 0.00 0.00 0.00 0.00 0.00 0.00 0.00 0.00 0.00 0.00 0.00 0.00 0.00 0.00 0.00 0.00 0.00 0.08 0.17 0.26 0.34 0.42 0.50 0.58 0.66 0.74 0.82 0.90 0.97 1.05 1.12 1.19 1.26 1.33 1.39 1.45 1.51 1.56 1.61 1.65 1.69 1.73
0.05 0.06 0.06 0.07 0.08 0.08 0.09 0.10 0.11 0.11 0.11 0.11 0.11 0.11 0.10 0.09 0.08 0.07 0.06 0.05 0.04 0.02 0.01 0.00 0.00 0.00 0.00 0.00 0.00 0.00 0.00 0.00 0.00 0.00 0.00 0.00 0.00 0.00 0.00 0.00 0.00 0.00 0.00 0.00 0.00 0.00 0.00 0.00 0.00 0.00 0.00 0.00 0.00 0.00 0.00 0.00 0.00 0.00 0.06 0.15 0.24 0.33 0.41 0.49 0.56 0.64 0.72 0.79 0.86 0.94 1.01 1.08 1.14 1.21 1.27 1.33 1.39 1.44 1.48 1.52 1.56 1.59 1.62
0.05 0.06 0.06 0.07 0.07 0.08 0.09 0.09 0.10 0.11 0.11 0.12 0.12 0.12 0.11 0.11 0.10 0.09 0.08 0.07 0.06 0.05 0.04 0.03 0.01 0.00 0.00 0.00 0.00 0.00 0.00 0.00 0.00 0.00 0.00 0.00 0.00 0.00 0.00 0.00 0.00 0.00 0.00 0.00 0.00 0.00 0.00 0.00 0.00 0.00 0.00 0.00 0.00 0.00 0.00 0.00 0.00 0.00 0.04 0.13 0.22 0.31 0.40 0.48 0.55 0.63 0.70 0.77 0.84 0.91 0.98 1.04 1.11 1.17 1.23 1.28 1.33 1.37 1.41 1.44 1.47 1.50 1.52
0.05 0.05 0.06 0.06 0.07 0.07 0.08 0.09 0.10 0.10 0.11 0.12 0.12 0.12 0.12 0.12 0.11 0.11 0.10 0.09 0.09 0.08 0.07 0.06 0.05 0.03 0.02 0.00 0.00 0.00 0.00 0.00 0.00 0.00 0.00 0.00 0.00 0.00 0.00 0.00 0.00 0.00 0.00 0.00 0.00 0.00 0.00 0.00 0.00 0.00 0.00 0.00 0.00 0.00 0.00 0.00 0.00 0.00 0.02 0.12 0.21 0.30 0.39 0.47 0.55 0.62 0.69 0.76 0.83 0.90 0.96 1.02 1.08 1.14 1.19 1.24 1.28 1.31 1.34 1.37 1.39 1.41 1.43
0.05 0.05 0.06 0.06 0.07 0.07 0.08 0.08 0.09 0.10 0.11 0.12 0.12 0.13 0.13 0.13 0.13 0.12 0.12 0.12 0.11 0.10 0.10 0.09 0.08 0.07 0.05 0.04 0.02 0.00 0.00 0.00 0.00 0.00 0.00 0.00 0.00 0.00 0.00 0.00 0.00 0.00 0.00 0.00 0.00 0.00 0.00 0.00 0.00 0.00 0.00 0.00 0.00 0.00 0.00 0.00 0.00 0.00 0.01 0.11 0.20 0.30 0.39 0.48 0.56 0.63 0.70 0.76 0.83 0.89 0.95 1.01 1.06 1.12 1.16 1.20 1.24 1.26 1.29 1.31 1.32 1.33 1.34
0.05 0.06 0.06 0.06 0.07 0.07 0.08 0.08 0.09 0.10 0.11 0.11 0.12 0.13 0.13 0.14 0.14 0.14 0.14 0.14 0.13 0.13 0.12 0.12 0.11 0.10 0.09 0.07 0.06 0.03 0.01 0.00 0.00 0.00 0.00 0.00 0.00 0.00 0.00 0.00 0.00 0.00 0.00 0.00 0.00 0.00 0.00 0.00 0.00 0.00 0.00 0.00 0.00 0.00 0.00 0.00 0.00 0.00 0.00 0.10 0.20 0.30 0.39 0.48 0.57 0.64 0.71 0.78 0.84 0.90 0.95 1.01 1.06 1.11 1.14 1.17 1.20 1.22 1.24 1.25 1.26 1.26 1.27
0.06 0.06 0.06 0.06 0.07 0.07 0.07 0.08 0.09 0.09 0.10 0.11 0.12 0.13 0.14 0.14 0.15 0.15 0.15 0.16 0.16 0.16 0.15 0.15 0.14 0.13 0.12 0.11 0.09 0.07 0.05 0.02 0.00 0.00 0.00 0.00 0.00 0.00 0.00 0.00 0.00 0.00 0.00 0.00 0.00 0.00 0.00 0.00 0.00 0.00 0.00 0.00 0.00 0.00 0.00 0.00 0.00 0.00 0.00 0.09 0.19 0.30 0.39 0.49 0.58 0.66 0.74 0.80 0.86 0.92 0.97 1.02 1.06 1.10 1.13 1.15 1.17 1.18 1.19 1.20 1.20 1.20 1.19
0.06 0.06 0.06 0.06 0.07 0.07 0.07 0.08 0.09 0.09 0.10 0.11 0.12 0.13 0.14 0.15 0.16 0.16 0.17 0.17 0.18 0.18 0.18 0.18 0.17 0.17 0.16 0.14 0.13 0.11 0.08 0.05 0.02 0.00 0.00 0.00 0.00 0.00 0.00 0.00 0.00 0.00 0.00 0.00 0.00 0.00 0.00 0.00 0.00 0.00 0.00 0.00 0.00 0.00 0.00 0.00 0.00 0.00 0.00 0.09 0.19 0.30 0.40 0.50 0.59 0.68 0.76 0.83 0.89 0.95 1.00 1.04 1.07 1.10 1.12 1.14 1.15 1.15 1.15 1.15 1.15 1.14 1.13
0.06 0.06 0.06 0.06 0.07 0.07 0.07 0.08 0.08 0.09 0.10 0.11 0.12 0.13 0.14 0.15 0.16 0.17 0.19 0.19 0.20 0.21 0.21 0.21 0.21 0.20 0.19 0.18 0.16 0.14 0.12 0.09 0.05 0.02 0.00 0.00 0.00 0.00 0.00 0.00 0.00 0.00 0.00 0.00 0.00 0.00 0.00 0.00 0.00 0.00 0.00 0.00 0.00 0.00 0.00 0.00 0.00 0.00 0.00 0.09 0.20 0.31 0.41 0.52 0.61 0.71 0.79 0.87 0.94 0.99 1.03 1.07 1.09 1.11 1.12 1.13 1.13 1.13 1.12 1.11 1.10 1.09 1.07
0.07 0.07 0.06 0.07 0.07 0.07 0.07 0.08 0.08 0.09 0.10 0.11 0.12 0.13 0.14 0.15 0.17 0.19 0.20 0.21 0.22 0.23 0.24 0.24 0.24 0.23 0.23 0.22 0.20 0.18 0.16 0.13 0.09 0.05 0.00 0.00 0.00 0.00 0.00 0.00 0.00 0.00 0.00 0.00 0.00 0.00 0.00 0.00 0.00 0.00 0.00 0.00 0.00 0.00 0.00 0.00 0.00 0.00 0.00 0.09 0.21 0.32 0.43 0.53 0.64 0.73 0.82 0.91 0.98 1.04 1.07 1.10 1.12 1.13 1.13 1.13 1.12 1.11 1.10 1.08 1.07 1.04 1.02
0.07 0.07 0.07 0.07 0.07 0.07 0.07 0.08 0.08 0.09 0.10 0.10 0.11 0.13 0.14 0.16 0.18 0.20 0.21 0.23 0.24 0.25 0.26 0.27 0.27 0.27 0.26 0.25 0.24 0.22 0.19 0.16 0.13 0.09 0.04 0.00 0.00 0.00 0.00 0.00 0.00 0.00 0.00 0.00 0.00 0.00 0.00 0.00 0.00 0.00 0.00 0.00 0.00 0.00 0.00 0.00 0.00 0.00 0.00 0.10 0.22 0.33 0.44 0.56 0.66 0.77 0.86 0.95 1.02 1.08 1.12 1.14 1.15 1.15 1.15 1.14 1.12 1.11 1.08 1.06 1.03 1.01 0.98
0.08 0.07 0.07 0.07 0.07 0.07 0.07 0.08 0.08 0.09 0.09 0.10 0.11 0.13 0.14 0.16 0.18 0.21 0.23 0.25 0.26 0.28 0.29 0.30 0.30 0.30 0.30 0.29 0.27 0.25 0.23 0.20 0.16 0.12 0.07 0.02 0.00 0.00 0.00 0.00 0.00 0.00 0.00 0.00 0.00 0.00 0.00 0.00 0.00 0.00 0.00 0.00 0.00 0.00 0.00 0.00 0.00 0.00 0.00 0.11 0.23 0.35 0.46 0.58 0.69 0.80 0.90 0.99 1.06 1.12 1.16 1.18 1.19 1.18 1.17 1.15 1.13 1.10 1.08 1.04 1.01 0.98 0.94
0.08 0.08 0.07 0.07 0.07 0.07 0.07 0.08 0.08 0.09 0.09 0.10 0.12 0.13 0.15 0.17 0.19 0.22 0.24 0.26 0.28 0.30 0.32 0.33 0.33 0.33 0.33 0.32 0.31 0.29 0.27 0.24 0.20 0.16 0.11 0.05 0.00 0.00 0.00 0.00 0.00 0.00 0.00 0.00 0.00 0.00 0.00 0.00 0.00 0.00 0.00 0.00 0.00 0.00 0.00 0.00 0.00 0.00 0.00 0.12 0.24 0.37 0.49 0.61 0.73 0.84 0.94 1.02 1.09 1.15 1.19 1.22 1.23 1.22 1.20 1.17 1.14 1.11 1.07 1.04 1.00 0.95 0.91
0.09 0.08 0.07 0.07 0.07 0.07 0.07 0.07 0.08 0.08 0.09 0.10 0.12 0.14 0.16 0.18 0.21 0.23 0.26 0.28 0.30 0.33 0.34 0.36 0.36 0.37 0.37 0.36 0.35 0.33 0.31 0.28 0.24 0.20 0.15 0.09 0.02 0.00 0.00 0.00 0.00 0.00 0.00 0.00 0.00 0.00 0.00 0.00 0.00 0.00 0.00 0.00 0.00 0.00 0.00 0.00 0.00 0.00 0.02 0.14 0.26 0.39 0.52 0.64 0.76 0.87 0.97 1.05 1.12 1.18 1.22 1.25 1.26 1.25 1.23 1.20 1.16 1.12 1.08 1.03 0.99 0.94 0.89
0.09 0.08 0.08 0.07 0.07 0.07 0.07 0.07 0.08 0.08 0.09 0.11 0.13 0.15 0.17 0.19 0.22 0.25 0.27 0.30 0.32 0.35 0.37 0.38 0.40 0.40 0.40 0.40 0.39 0.37 0.35 0.32 0.28 0.24 0.19 0.13 0.06 0.00 0.00 0.00 0.00 0.00 0.00 0.00 0.00 0.00 0.00 0.00 0.00 0.00 0.00 0.00 0.00 0.00 0.00 0.00 0.00 0.00 0.03 0.16 0.29 0.42 0.55 0.67 0.79 0.90 1.00 1.08 1.15 1.20 1.25 1.27 1.29 1.28 1.27 1.23 1.19 1.14 1.09 1.04 0.98 0.93 0.88
0.09 0.08 0.08 0.07 0.07 0.07 0.07 0.07 0.08 0.08 0.10 0.12 0.14 0.16 0.18 0.21 0.24 0.26 0.29 0.32 0.35 0.37 0.39 0.41 0.43 0.44 0.44 0.43 0.42 0.41 0.39 0.36 0.32 0.28 0.22 0.16 0.10 0.02 0.00 0.00 0.00 0.00 0.00 0.00 0.00 0.00 0.00 0.00 0.00 0.00 0.00 0.00 0.00 0.00 0.00 0.00 0.00 0.00 0.05 0.18 0.31 0.45 0.58 0.70 0.82 0.92 1.02 1.10 1.17 1.22 1.26 1.29 1.31 1.31 1.30 1.27 1.22 1.17 1.11 1.05 0.99 0.93 0.87
0.10 0.09 0.08 0.07 0.07 0.07 0.07 0.07 0.08 0.09 0.10 0.12 0.15 0.17 0.20 0.23 0.26 0.29 0.31 0.34 0.37 0.40 0.42 0.44 0.46 0.47 0.47 0.47 0.46 0.45 0.43 0.40 0.36 0.32 0.26 0.20 0.13 0.05 0.00 0.00 0.00 0.00 0.00 0.00 0.00 0.00 0.00 0.00 0.00 0.00 0.00 0.00 0.00 0.00 0.00 0.00 0.00 0.00 0.07 0.21 0.34 0.48 0.61 0.73 0.84 0.94 1.03 1.11 1.18 1.23 1.28 1.31 1.32 1.33 1.32 1.29 1.25 1.20 1.13 1.07 1.00 0.93 0.87
0.10 0.09 0.08 0.07 0.07 0.06 0.06 0.07 0.08 0.10 0.11 0.14 0.16 0.19 0.22 0.25 0.28 0.31 0.34 0.37 0.40 0.42 0.45 0.47 0.49 0.50 0.51 0.51 0.50 0.49 0.47 0.44 0.40 0.36 0.30 0.24 0.17 0.09 0.00 0.00 0.00 0.00 0.00 0.00 0.00 0.00 0.00 0.00 0.00 0.00 0.00 0.00 0.00 0.00 0.00 0.00 0.00 0.00 0.10 0.23 0.37 0.50 0.63 0.74 0.85 0.95 1.04 1.11 1.18 1.24 1.28 1.31 1.33 1.34 1.33 1.31 1.28 1.23 1.17 1.09 1.02 0.95 0.87
0.10 0.09 0.08 0.07 0.06 0.06 0.07 0.07 0.09 0.11 0.13 0.15 0.18 0.21 0.24 0.27 0.30 0.33 0.37 0.40 0.43 0.45 0.48 0.50 0.52 0.54 0.55 0.55 0.54 0.53 0.51 0.48 0.44 0.40 0.35 0.28 0.21 0.13 0.04 0.00 0.00 0.00 0.00 0.00 0.00 0.00 0.00 0.00 0.00 0.00 0.00 0.00 0.00 0.00 0.00 0.00 0.00 0.00 0.13 0.26 0.40 0.52 0.64 0.75 0.86 0.95 1.04 1.11 1.18 1.23 1.28 1.31 1.33 1.34 1.34 1.32 1.30 1.25 1.20 1.12 1.04 0.96 0.88
0.10 0.08 0.07 0.07 0.06 0.06 0.07 0.08 0.10 0.12 0.14 0.17 0.20 0.23 0.26 0.29 0.33 0.36 0.40 0.43 0.46 0.49 0.51 0.54 0.56 0.57 0.58 0.59 0.58 0.57 0.55 0.52 0.49 0.44 0.39 0.32 0.25 0.17 0.08 0.00 0.00 0.00 0.00 0.00 0.00 0.00 0.00 0.00 0.00 0.00 0.00 0.00 0.00 0.00 0.00 0.00 0.00 0.02 0.16 0.29 0.41 0.53 0.65 0.75 0.85 0.94 1.03 1.10 1.17 1.22 1.27 1.30 1.33 1.34 1.34 1.33 1.30 1.27 1.22 1.15 1.08 0.99 0.90
0.10 0.08 0.07 0.06 0.06 0.07 0.08 0.09 0.11 0.13 0.16 0.19 0.22 0.25 0.29 0.32 0.36 0.39 0.43 0.46 0.49 0.52 0.55 0.57 0.59 0.61 0.62 0.62 0.62 0.61 0.59 0.57 0.53 0.49 0.43 0.37 0.29 0.21 0.11 0.01 0.00 0.00 0.00 0.00 0.00 0.00 0.00 0.00 0.00 0.00 0.00 0.00 0.00 0.00 0.00 0.00 0.00 0.05 0.18 0.30 0.42 0.54 0.64 0.74 0.84 0.93 1.01 1.08 1.14 1.20 1.25 1.28 1.31 1.33 1.33 1.32 1.31 1.27 1.23 1.18 1.11 1.02 0.93
0.09 0.08 0.07 0.06 0.07 0.07 0.09 0.10 0.13 0.15 0.18 0.21 0.24 0.28 0.32 0.35 0.39 0.43 0.46 0.50 0.53 0.56 0.59 0.61 0.63 0.65 0.66 0.66 0.66 0.65 0.64 0.61 0.57 0.53 0.48 0.41 0.34 0.25 0.15 0.05 0.00 0.00 0.00 0.00 0.00 0.00 0.00 0.00 0.00 0.00 0.00 0.00 0.00 0.00 0.00 0.00 0.00 0.07 0.19 0.31 0.42 0.53 0.63 0.73 0.82 0.90 0.98 1.05 1.11 1.17 1.22 1.25 1.28 1.30 1.31 1.31 1.30 1.27 1.24 1.19 1.13 1.05 0.96
0.09 0.07 0.07 0.07 0.07 0.08 0.10 0.12 0.14 0.17 0.20 0.24 0.27 0.31 0.35 0.39 0.42 0.46 0.50 0.54 0.57 0.60 0.63 0.65 0.67 0.69 0.70 0.70 0.70 0.70 0.68 0.65 0.62 0.58 0.52 0.46 0.38 0.29 0.20 0.09 0.00 0.00 0.00 0.00 0.00 0.00 0.00 0.00 0.00 0.00 0.00 0.00 0.00 0.00 0.00 0.00 0.00 0.09 0.20 0.30 0.41 0.51 0.61 0.70 0.79 0.87 0.94 1.01 1.07 1.13 1.18 1.22 1.25 1.27 1.28 1.29 1.28 1.26 1.23 1.19 1.14 1.07 0.99
0.08 0.07 0.07 0.07 0.08 0.10 0.12 0.14 0.17 0.20 0.23 0.27 0.30 0.34 0.38 0.42 0.46 0.50 0.54 0.58 0.61 0.64 0.67 0.70 0.72 0.73 0.74 0.75 0.75 0.74 0.72 0.70 0.67 0.62 0.57 0.50 0.42 0.34 0.24 0.13 0.01 0.00 0.00 0.00 0.00 0.00 0.00 0.00 0.00 0.00 0.00 0.00 0.00 0.00 0.00 0.00 0.00 0.09 0.19 0.29 0.39 0.48 0.57 0.66 0.74 0.82 0.90 0.96 1.02 1.08 1.13 1.17 1.20 1.23 1.24 1.25 1.25 1.24 1.21 1.18 1.14 1.08 1.01
0.08 0.08 0.08 0.08 0.10 0.11 0.13 0.16 0.19 0.22 0.26 0.30 0.34 0.38 0.42 0.46 0.50 0.54 0.58 0.62 0.66 0.69 0.72 0.74 0.76 0.78 0.79 0.80 0.79 0.79 0.77 0.75 0.71 0.67 0.61 0.55 0.47 0.38 0.28 0.17 0.05 0.00 0.00 0.00 0.00 0.00 0.00 0.00 0.00 0.00 0.00 0.00 0.00 0.00 0.00 0.00 0.00 0.08 0.17 0.26 0.35 0.44 0.53 0.61 0.69 0.77 0.84 0.90 0.96 1.02 1.07 1.11 1.15 1.17 1.19 1.21 1.21 1.20 1.19 1.16 1.13 1.08 1.02
0.09 0.08 0.09 0.10 0.11 0.13 0.16 0.19 0.22 0.25 0.29 0.33 0.37 0.42 0.46 0.50 0.55 0.59 0.63 0.67 0.70 0.74 0.77 0.79 0.81 0.83 0.84 0.84 0.84 0.83 0.82 0.79 0.76 0.72 0.66 0.60 0.52 0.43 0.33 0.21 0.09 0.00 0.00 0.00 0.00 0.00 0.00 0.00 0.00 0.00 0.00 0.00 0.00 0.00 0.00 0.00 0.00 0.06 0.14 0.23 0.31 0.39 0.47 0.55 0.63 0.70 0.77 0.83 0.89 0.95 1.00 1.04 1.08 1.11 1.13 1.15 1.16 1.16 1.15 1.13 1.10 1.07 1.02
0.09 0.09 0.10 0.11 0.13 0.16 0.18 0.22 0.25 0.29 0.33 0.37 0.42 0.46 0.51 0.55 0.59 0.64 0.68 0.72 0.76 0.79 0.82 0.84 0.87 0.88 0.89 0.90 0.89 0.88 0.87 0.84 0.81 0.76 0.71 0.64 0.57 0.48 0.37 0.26 0.13 0.00 0.00 0.00 0.00 0.00 0.00 0.00 0.00 0.00 0.00 0.00 0.00 0.00 0.00 0.00 0.00 0.02 0.10 0.18 0.25 0.33 0.40 0.48 0.55 0.62 0.68 0.75 0.81 0.86 0.91 0.96 1.00 1.03 1.06 1.08 1.09 1.10 1.10 1.09 1.07 1.04 1.00
0.10 0.11 0.12 0.13 0.16 0.18 0.21 0.25 0.29 0.33 0.37 0.41 0.46 0.51 0.55 0.60 0.64 0.69 0.73 0.77 0.81 0.84 0.87 0.90 0.92 0.94 0.95 0.95 0.95 0.94 0.92 0.89 0.86 0.82 0.76 0.69 0.62 0.53 0.42 0.31 0.18 0.03 0.00 0.00 0.00 0.00 0.00 0.00 0.00 0.00 0.00 0.00 0.00 0.00 0.00 0.00 0.00 0.00 0.05 0.12 0.19 0.25 0.32 0.39 0.46 0.53 0.59 0.65 0.71 0.76 0.81 0.86 0.90 0.94 0.97 1.00 1.02 1.03 1.04 1.03 1.02 1.00 0.98
0.12 0.12 0.14 0.16 0.18 0.21 0.25 0.28 0.32 0.37 0.41 0.46 0.51 0.55 0.60 0.65 0.70 0.74 0.79 0.83 0.87 0.90 0.93 0.96 0.98 1.00 1.01 1.01 1.01 1.00 0.98 0.95 0.91 0.87 0.81 0.75 0.67 0.58 0.47 0.35 0.22 0.08 0.00 0.00 0.00 0.00 0.00 0.00 0.00 0.00 0.00 0.00 0.00 0.00 0.00 0.00 0.00 0.00 0.00 0.04 0.10 0.17 0.23 0.29 0.36 0.42 0.48 0.54 0.60 0.65 0.70 0.75 0.80 0.84 0.87 0.90 0.93 0.95 0.96 0.97 0.96 0.95 0.94
0.13 0.15 0.16 0.19 0.21 0.25 0.28 0.32 0.37 0.41 0.46 0.51 0.56 0.61 0.66 0.71 0.75 0.80 0.85 0.89 0.93 0.96 0.99 1.02 1.04 1.06 1.07 1.07 1.07 1.06 1.04 1.01 0.97 0.92 0.87 0.80 0.72 0.63 0.52 0.40 0.27 0.12 0.00 0.00 0.00 0.00 0.00 0.00 0.00 0.00 0.00 0.00 0.00 0.00 0.00 0.00 0.00 0.00 0.00 0.00 0.01 0.06 0.12 0.18 0.24 0.30 0.36 0.42 0.47 0.53 0.58 0.63 0.68 0.72 0.76 0.80 0.83 0.85 0.87 0.88 0.89 0.89 0.88
