data_processed/recharge/precip/Precip_2013_02.asc
ncols        168
nrows        136
xllcorner    455000
yllcorner    2107000
cellsize     500
NODATA_value     -99999
[rows 0 to 37 of 136, columns 84 to 167 of 168]
7.64 7.60 7.52 7.39 7.23 7.03 6.80 6.52 6.21 5.86 5.47 5.05 4.60 4.12 3.62 3.09 2.57 2.08 1.64 1.23 0.86 0.54 0.26 0.04 0.00 0.00 0.00 0.00 0.00 0.00 0.00 0.00 0.00 0.00 0.00 0.00 0.00 0.00 0.00 0.03 0.05 0.06 0.06 0.07 0.07 0.08 0.08 0.09 0.10 0.12 0.14 0.16 0.19 0.23 0.26 0.31 0.35 0.41 0.47 0.53 0.60 0.68 0.76 0.84 0.93 1.03 1.13 1.22 1.29 1.32 1.34 1.34 1.34 1.33 1.32 1.30 1.28 1.26 1.23 1.20 1.17 1.14 1.11 1.08
7.90 7.84 7.74 7.60 7.43 7.21 6.96 6.67 6.34 5.97 5.57 5.14 4.67 4.17 3.65 3.10 2.56 2.06 1.60 1.18 0.81 0.49 0.22 0.01 0.00 0.00 0.00 0.00 0.00 0.00 0.00 0.00 0.00 0.00 0.00 0.00 0.00 0.00 0.00 0.03 0.05 0.06 0.06 0.07 0.07 0.07 0.08 0.09 0.11 0.13 0.15 0.17 0.20 0.24 0.28 0.32 0.37 0.43 0.48 0.55 0.62 0.69 0.77 0.86 0.95 1.05 1.15 1.24 1.31 1.34 1.37 1.38 1.38 1.38 1.37 1.36 1.35 1.33 1.31 1.28 1.25 1.22 1.19 1.16
8.09 8.02 7.90 7.75 7.56 7.33 7.06 6.76 6.41 6.04 5.62 5.17 4.69 4.18 3.64 3.08 2.52 2.00 1.53 1.10 0.74 0.43 0.17 0.00 0.00 0.00 0.00 0.00 0.00 0.00 0.00 0.00 0.00 0.00 0.00 0.00 0.00 0.00 0.00 0.02 0.05 0.05 0.06 0.06 0.07 0.07 0.08 0.10 0.11 0.13 0.16 0.18 0.22 0.25 0.29 0.34 0.38 0.44 0.50 0.56 0.63 0.70 0.78 0.87 0.96 1.06 1.16 1.25 1.31 1.35 1.38 1.40 1.42 1.42 1.43 1.42 1.41 1.40 1.38 1.36 1.33 1.30 1.27 1.23
8.21 8.12 7.99 7.83 7.62 7.38 7.10 6.78 6.43 6.04 5.62 5.16 4.67 4.14 3.58 3.00 2.43 1.90 1.43 1.01 0.66 0.36 0.11 0.00 0.00 0.00 0.00 0.00 0.00 0.00 0.00 0.00 0.00 0.00 0.00 0.00 0.00 0.00 0.00 0.02 0.04 0.05 0.05 0.06 0.07 0.07 0.09 0.10 0.12 0.14 0.16 0.19 0.22 0.26 0.30 0.34 0.39 0.45 0.50 0.57 0.63 0.71 0.78 0.87 0.96 1.05 1.15 1.24 1.31 1.36 1.40 1.43 1.45 1.47 1.48 1.48 1.48 1.47 1.46 1.44 1.41 1.38 1.35 1.32
8.25 8.15 8.01 7.83 7.61 7.36 7.07 6.74 6.38 5.98 5.55 5.08 4.58 4.05 3.48 2.88 2.30 1.77 1.31 0.90 0.56 0.27 0.03 0.00 0.00 0.00 0.00 0.00 0.00 0.00 0.00 0.00 0.00 0.00 0.00 0.00 0.00 0.00 0.00 0.01 0.04 0.05 0.05 0.06 0.07 0.08 0.09 0.10 0.12 0.14 0.17 0.20 0.23 0.26 0.30 0.35 0.39 0.45 0.50 0.56 0.63 0.70 0.78 0.86 0.94 1.04 1.13 1.22 1.29 1.36 1.41 1.45 1.49 1.51 1.53 1.54 1.55 1.54 1.54 1.52 1.50 1.47 1.44 1.41
8.20 8.09 7.95 7.76 7.53 7.27 6.97 6.63 6.26 5.86 5.42 4.94 4.43 3.89 3.32 2.72 2.14 1.62 1.17 0.78 0.44 0.16 0.00 0.00 0.00 0.00 0.00 0.00 0.00 0.00 0.00 0.00 0.00 0.00 0.00 0.00 0.00 0.00 0.00 0.01 0.04 0.04 0.05 0.06 0.06 0.08 0.09 0.10 0.12 0.14 0.17 0.20 0.23 0.26 0.30 0.34 0.39 0.44 0.49 0.55 0.61 0.68 0.75 0.83 0.92 1.00 1.10 1.20 1.28 1.36 1.42 1.48 1.52 1.56 1.59 1.61 1.62 1.63 1.62 1.61 1.60 1.57 1.54 1.51
8.12 7.99 7.83 7.64 7.40 7.13 6.82 6.47 6.09 5.68 5.23 4.74 4.23 3.68 3.10 2.52 1.96 1.46 1.02 0.65 0.33 0.06 0.00 0.00 0.00 0.00 0.00 0.00 0.00 0.00 0.00 0.00 0.00 0.00 0.00 0.00 0.00 0.00 0.00 0.02 0.05 0.04 0.04 0.04 0.05 0.07 0.08 0.10 0.11 0.13 0.16 0.18 0.21 0.25 0.28 0.32 0.37 0.42 0.47 0.52 0.58 0.65 0.72 0.79 0.87 0.96 1.06 1.16 1.26 1.35 1.43 1.50 1.56 1.61 1.65 1.68 1.70 1.71 1.71 1.71 1.70 1.68 1.66 1.62
8.00 7.87 7.70 7.49 7.24 6.95 6.63 6.27 5.88 5.46 5.00 4.50 3.98 3.42 2.86 2.31 1.79 1.31 0.89 0.52 0.22 0.00 0.00 0.00 0.00 0.00 0.00 0.00 0.00 0.00 0.00 0.00 0.00 0.00 0.00 0.00 0.00 0.00 0.01 0.06 0.06 0.04 0.02 0.02 0.03 0.04 0.06 0.07 0.09 0.11 0.13 0.16 0.19 0.22 0.25 0.29 0.33 0.38 0.43 0.48 0.54 0.60 0.67 0.74 0.82 0.90 1.00 1.11 1.22 1.33 1.43 1.51 1.58 1.64 1.70 1.74 1.77 1.79 1.80 1.81 1.80 1.79 1.77 1.74
7.87 7.72 7.53 7.30 7.04 6.74 6.41 6.04 5.63 5.19 4.72 4.21 3.68 3.14 2.61 2.09 1.60 1.16 0.76 0.41 0.12 0.00 0.00 0.00 0.00 0.00 0.00 0.00 0.00 0.00 0.00 0.00 0.00 0.00 0.00 0.00 0.00 0.00 0.06 0.09 0.09 0.04 0.01 0.00 0.00 0.00 0.02 0.03 0.05 0.07 0.09 0.12 0.15 0.18 0.21 0.25 0.29 0.33 0.38 0.43 0.48 0.54 0.61 0.68 0.75 0.84 0.95 1.06 1.17 1.29 1.40 1.50 1.59 1.67 1.73 1.79 1.83 1.86 1.89 1.90 1.90 1.90 1.88 1.86
7.70 7.54 7.33 7.09 6.81 6.49 6.14 5.75 5.33 4.88 4.39 3.88 3.36 2.85 2.35 1.87 1.41 0.99 0.62 0.30 0.02 0.00 0.00 0.00 0.00 0.00 0.00 0.00 0.00 0.00 0.00 0.00 0.00 0.00 0.00 0.00 0.00 0.07 0.12 0.14 0.11 0.05 0.00 0.00 0.00 0.00 0.00 0.00 0.00 0.02 0.04 0.07 0.10 0.12 0.16 0.19 0.23 0.27 0.32 0.36 0.42 0.47 0.53 0.60 0.68 0.78 0.89 1.00 1.12 1.24 1.36 1.48 1.58 1.68 1.76 1.83 1.88 1.93 1.96 1.99 2.00 2.01 2.00 1.98
7.51 7.32 7.10 6.84 6.54 6.20 5.83 5.43 4.99 4.52 4.02 3.51 3.03 2.55 2.09 1.64 1.21 0.82 0.48 0.18 0.00 0.00 0.00 0.00 0.00 0.00 0.00 0.00 0.00 0.00 0.00 0.00 0.00 0.00 0.00 0.00 0.06 0.13 0.17 0.18 0.14 0.07 0.00 0.00 0.00 0.00 0.00 0.00 0.00 0.00 0.00 0.01 0.03 0.06 0.09 0.12 0.16 0.20 0.24 0.29 0.34 0.39 0.45 0.53 0.61 0.71 0.82 0.94 1.06 1.18 1.31 1.43 1.56 1.67 1.77 1.85 1.92 1.98 2.03 2.07 2.09 2.11 2.11 2.10
7.29 7.08 6.83 6.55 6.23 5.87 5.48 5.06 4.60 4.11 3.62 3.15 2.70 2.26 1.83 1.40 1.01 0.65 0.33 0.06 0.00 0.00 0.00 0.00 0.00 0.00 0.00 0.00 0.00 0.00 0.00 0.00 0.00 0.00 0.00 0.05 0.13 0.20 0.23 0.22 0.18 0.09 0.01 0.00 0.00 0.00 0.00 0.00 0.00 0.00 0.00 0.00 0.00 0.00 0.02 0.05 0.08 0.12 0.16 0.20 0.25 0.30 0.37 0.45 0.54 0.64 0.75 0.87 0.99 1.12 1.25 1.38 1.51 1.64 1.76 1.86 1.95 2.02 2.09 2.14 2.17 2.20 2.21 2.22
7.03 6.79 6.52 6.22 5.87 5.49 5.08 4.63 4.16 3.68 3.23 2.79 2.37 1.96 1.56 1.17 0.80 0.47 0.18 0.00 0.00 0.00 0.00 0.00 0.00 0.00 0.00 0.00 0.00 0.00 0.00 0.00 0.00 0.00 0.02 0.12 0.20 0.26 0.28 0.27 0.21 0.12 0.03 0.00 0.00 0.00 0.00 0.00 0.00 0.00 0.00 0.00 0.00 0.00 0.00 0.00 0.00 0.03 0.07 0.11 0.16 0.22 0.29 0.37 0.47 0.57 0.68 0.80 0.93 1.05 1.18 1.32 1.45 1.59 1.72 1.85 1.95 2.05 2.12 2.19 2.24 2.28 2.31 2.32
6.73 6.47 6.18 5.84 5.47 5.07 4.63 4.17 3.70 3.26 2.83 2.43 2.04 1.66 1.29 0.93 0.59 0.29 0.02 0.00 0.00 0.00 0.00 0.00 0.00 0.00 0.00 0.00 0.00 0.00 0.00 0.00 0.00 0.00 0.09 0.19 0.26 0.31 0.33 0.31 0.25 0.15 0.05 0.00 0.00 0.00 0.00 0.00 0.00 0.00 0.00 0.00 0.00 0.00 0.00 0.00 0.00 0.00 0.00 0.01 0.07 0.13 0.21 0.30 0.39 0.50 0.61 0.73 0.85 0.98 1.11 1.25 1.39 1.53 1.67 1.81 1.94 2.05 2.15 2.23 2.30 2.35 2.39 2.42
6.40 6.11 5.79 5.42 5.03 4.60 4.14 3.68 3.25 2.83 2.44 2.07 1.71 1.36 1.03 0.70 0.38 0.11 0.00 0.00 0.00 0.00 0.00 0.00 0.00 0.00 0.00 0.00 0.00 0.00 0.00 0.00 0.00 0.03 0.15 0.25 0.32 0.36 0.38 0.35 0.29 0.18 0.08 0.00 0.00 0.00 0.00 0.00 0.00 0.00 0.00 0.00 0.00 0.00 0.00 0.00 0.00 0.00 0.00 0.00 0.00 0.05 0.13 0.22 0.31 0.42 0.53 0.65 0.77 0.90 1.04 1.17 1.31 1.46 1.60 1.75 1.90 2.03 2.15 2.25 2.33 2.40 2.46 2.50
6.03 5.71 5.35 4.96 4.53 4.08 3.62 3.20 2.80 2.42 2.06 1.72 1.39 1.07 0.76 0.46 0.18 0.00 0.00 0.00 0.00 0.00 0.00 0.00 0.00 0.00 0.00 0.00 0.00 0.00 0.00 0.00 0.00 0.08 0.20 0.29 0.37 0.41 0.42 0.40 0.33 0.22 0.11 0.00 0.00 0.00 0.00 0.00 0.00 0.00 0.00 0.00 0.00 0.00 0.00 0.00 0.00 0.00 0.00 0.00 0.00 0.00 0.05 0.14 0.24 0.34 0.45 0.57 0.69 0.82 0.96 1.09 1.23 1.38 1.53 1.68 1.84 1.99 2.12 2.25 2.35 2.44 2.51 2.56
5.60 5.26 4.87 4.44 3.99 3.54 3.12 2.73 2.36 2.01 1.68 1.37 1.07 0.79 0.51 0.23 0.00 0.00 0.00 0.00 0.00 0.00 0.00 0.00 0.00 0.00 0.00 0.00 0.00 0.00 0.00 0.00 0.00 0.12 0.24 0.34 0.41 0.45 0.46 0.44 0.37 0.26 0.14 0.03 0.00 0.00 0.00 0.00 0.00 0.00 0.00 0.00 0.00 0.00 0.00 0.00 0.00 0.00 0.00 0.00 0.00 0.00 0.00 0.07 0.16 0.27 0.38 0.49 0.61 0.74 0.87 1.01 1.15 1.30 1.45 1.60 1.76 1.92 2.08 2.22 2.35 2.45 2.54 2.59
5.11 4.75 4.33 3.88 3.43 3.02 2.63 2.27 1.93 1.61 1.32 1.04 0.77 0.51 0.25 0.01 0.00 0.00 0.00 0.00 0.00 0.00 0.00 0.00 0.00 0.00 0.00 0.00 0.00 0.00 0.00 0.00 0.01 0.15 0.27 0.37 0.44 0.49 0.50 0.47 0.41 0.30 0.18 0.06 0.00 0.00 0.00 0.00 0.00 0.00 0.00 0.00 0.00 0.00 0.00 0.00 0.00 0.00 0.00 0.00 0.00 0.00 0.00 0.00 0.09 0.19 0.30 0.41 0.53 0.65 0.78 0.92 1.06 1.21 1.36 1.52 1.68 1.84 2.01 2.17 2.31 2.44 2.53 2.60
4.55 4.18 3.75 3.31 2.89 2.50 2.15 1.82 1.51 1.23 0.96 0.71 0.47 0.24 0.01 0.00 0.00 0.00 0.00 0.00 0.00 0.00 0.00 0.00 0.00 0.00 0.00 0.00 0.00 0.00 0.00 0.00 0.01 0.15 0.28 0.38 0.46 0.52 0.53 0.51 0.45 0.34 0.22 0.11 0.00 0.00 0.00 0.00 0.00 0.00 0.00 0.00 0.00 0.00 0.00 0.00 0.00 0.00 0.00 0.00 0.00 0.00 0.00 0.00 0.02 0.12 0.22 0.33 0.44 0.57 0.69 0.83 0.97 1.11 1.27 1.42 1.58 1.75 1.92 2.09 2.25 2.39 2.49 2.57
3.93 3.54 3.14 2.74 2.36 2.01 1.68 1.39 1.11 0.86 0.62 0.39 0.18 0.00 0.00 0.00 0.00 0.00 0.00 0.00 0.00 0.00 0.00 0.00 0.00 0.00 0.00 0.00 0.00 0.00 0.00 0.00 0.00 0.15 0.28 0.39 0.48 0.54 0.56 0.54 0.48 0.38 0.27 0.15 0.03 0.00 0.00 0.00 0.00 0.00 0.00 0.00 0.00 0.00 0.00 0.00 0.00 0.00 0.00 0.00 0.00 0.00 0.00 0.00 0.00 0.05 0.15 0.25 0.36 0.48 0.60 0.73 0.87 1.02 1.17 1.32 1.49 1.65 1.82 1.99 2.15 2.30 2.42 2.52
3.25 2.89 2.53 2.18 1.85 1.53 1.24 0.97 0.72 0.50 0.29 0.09 0.00 0.00 0.00 0.00 0.00 0.00 0.00 0.00 0.00 0.00 0.00 0.00 0.00 0.00 0.00 0.00 0.00 0.00 0.00 0.00 0.00 0.13 0.27 0.39 0.48 0.55 0.58 0.57 0.52 0.43 0.32 0.20 0.08 0.00 0.00 0.00 0.00 0.00 0.00 0.00 0.00 0.00 0.00 0.00 0.00 0.00 0.00 0.00 0.00 0.00 0.00 0.00 0.00 0.00 0.07 0.17 0.27 0.39 0.51 0.64 0.77 0.92 1.07 1.22 1.38 1.55 1.71 1.87 2.03 2.18 2.32 2.43
2.58 2.25 1.94 1.63 1.34 1.07 0.81 0.57 0.35 0.15 0.00 0.00 0.00 0.00 0.00 0.00 0.00 0.00 0.00 0.00 0.00 0.00 0.00 0.00 0.00 0.00 0.00 0.00 0.00 0.00 0.00 0.00 0.00 0.09 0.24 0.37 0.48 0.55 0.59 0.60 0.55 0.47 0.36 0.25 0.14 0.02 0.00 0.00 0.00 0.00 0.00 0.00 0.00 0.00 0.00 0.00 0.00 0.00 0.00 0.00 0.00 0.00 0.00 0.00 0.00 0.00 0.00 0.09 0.19 0.30 0.41 0.54 0.67 0.81 0.96 1.11 1.27 1.43 1.59 1.74 1.90 2.05 2.19 2.32
1.93 1.65 1.37 1.11 0.86 0.62 0.40 0.19 0.00 0.00 0.00 0.00 0.00 0.00 0.00 0.00 0.00 0.00 0.00 0.00 0.00 0.00 0.00 0.00 0.00 0.00 0.00 0.00 0.00 0.00 0.00 0.00 0.00 0.04 0.20 0.35 0.46 0.55 0.60 0.61 0.58 0.51 0.41 0.31 0.20 0.08 0.00 0.00 0.00 0.00 0.00 0.00 0.00 0.00 0.00 0.00 0.00 0.00 0.00 0.00 0.00 0.00 0.00 0.00 0.00 0.00 0.00 0.01 0.11 0.21 0.32 0.44 0.57 0.70 0.85 1.00 1.15 1.30 1.46 1.61 1.75 1.90 2.04 2.17
1.33 1.09 0.85 0.62 0.40 0.20 0.00 0.00 0.00 0.00 0.00 0.00 0.00 0.00 0.00 0.00 0.00 0.00 0.00 0.00 0.00 0.00 0.00 0.00 0.00 0.00 0.00 0.00 0.00 0.00 0.00 0.00 0.00 0.00 0.15 0.31 0.44 0.54 0.60 0.63 0.61 0.55 0.46 0.37 0.26 0.15 0.03 0.00 0.00 0.00 0.00 0.00 0.00 0.00 0.00 0.00 0.00 0.00 0.00 0.00 0.00 0.00 0.00 0.00 0.00 0.00 0.00 0.00 0.02 0.12 0.23 0.34 0.46 0.60 0.73 0.88 1.02 1.17 1.31 1.46 1.60 1.74 1.88 2.02
0.79 0.57 0.37 0.17 0.00 0.00 0.00 0.00 0.00 0.00 0.00 0.00 0.00 0.00 0.00 0.00 0.00 0.00 0.00 0.00 0.00 0.00 0.00 0.00 0.00 0.00 0.00 0.00 0.00 0.00 0.00 0.00 0.00 0.00 0.08 0.25 0.40 0.51 0.60 0.64 0.63 0.58 0.51 0.43 0.33 0.22 0.10 0.00 0.00 0.00 0.00 0.00 0.00 0.00 0.00 0.00 0.00 0.00 0.00 0.00 0.00 0.00 0.00 0.00 0.00 0.00 0.00 0.00 0.00 0.03 0.13 0.24 0.36 0.48 0.62 0.75 0.89 1.03 1.17 1.31 1.45 1.59 1.72 1.85
0.30 0.12 0.00 0.00 0.00 0.00 0.00 0.00 0.00 0.00 0.00 0.00 0.00 0.00 0.00 0.00 0.00 0.00 0.00 0.00 0.00 0.00 0.00 0.00 0.00 0.00 0.00 0.00 0.00 0.00 0.00 0.00 0.00 0.00 0.01 0.18 0.35 0.48 0.58 0.64 0.65 0.62 0.56 0.49 0.40 0.30 0.19 0.08 0.00 0.00 0.00 0.00 0.00 0.00 0.00 0.00 0.00 0.00 0.00 0.00 0.00 0.00 0.00 0.00 0.00 0.00 0.00 0.00 0.00 0.00 0.04 0.14 0.25 0.37 0.49 0.62 0.75 0.88 1.02 1.15 1.29 1.42 1.56 1.68
0.00 0.00 0.00 0.00 0.00 0.00 0.00 0.00 0.00 0.00 0.00 0.00 0.00 0.00 0.00 0.00 0.00 0.00 0.00 0.00 0.00 0.00 0.00 0.00 0.00 0.00 0.00 0.00 0.00 0.00 0.00 0.00 0.00 0.00 0.00 0.12 0.29 0.44 0.55 0.63 0.66 0.65 0.61 0.55 0.47 0.38 0.29 0.19 0.08 0.00 0.00 0.00 0.00 0.00 0.00 0.00 0.00 0.00 0.00 0.00 0.00 0.00 0.00 0.00 0.00 0.00 0.00 0.00 0.00 0.00 0.00 0.05 0.15 0.25 0.37 0.49 0.61 0.74 0.87 1.00 1.13 1.26 1.39 1.52
0.00 0.00 0.00 0.00 0.00 0.00 0.00 0.00 0.00 0.00 0.00 0.00 0.00 0.00 0.00 0.00 0.00 0.00 0.00 0.00 0.00 0.00 0.00 0.00 0.00 0.00 0.00 0.00 0.00 0.00 0.00 0.00 0.00 0.00 0.00 0.08 0.23 0.38 0.52 0.62 0.67 0.68 0.65 0.61 0.55 0.48 0.40 0.31 0.22 0.13 0.04 0.00 0.00 0.00 0.00 0.00 0.00 0.00 0.00 0.00 0.00 0.00 0.00 0.00 0.00 0.00 0.00 0.00 0.00 0.00 0.00 0.00 0.04 0.14 0.25 0.36 0.47 0.59 0.72 0.84 0.97 1.10 1.23 1.35
0.00 0.00 0.00 0.00 0.00 0.00 0.00 0.00 0.00 0.00 0.00 0.00 0.00 0.00 0.00 0.00 0.00 0.00 0.00 0.00 0.00 0.00 0.00 0.00 0.00 0.00 0.00 0.00 0.00 0.00 0.00 0.00 0.00 0.00 0.00 0.07 0.21 0.34 0.48 0.60 0.67 0.70 0.70 0.67 0.63 0.58 0.52 0.45 0.37 0.29 0.21 0.12 0.04 0.00 0.00 0.00 0.00 0.00 0.00 0.00 0.00 0.00 0.00 0.00 0.00 0.00 0.00 0.00 0.00 0.00 0.00 0.00 0.00 0.03 0.12 0.23 0.34 0.45 0.57 0.69 0.82 0.94 1.07 1.19
0.00 0.00 0.00 0.00 0.00 0.00 0.00 0.00 0.00 0.00 0.00 0.00 0.00 0.00 0.00 0.00 0.00 0.00 0.00 0.00 0.00 0.00 0.00 0.00 0.00 0.00 0.00 0.00 0.00 0.00 0.00 0.00 0.00 0.00 0.00 0.09 0.21 0.33 0.45 0.57 0.67 0.72 0.74 0.74 0.72 0.69 0.65 0.60 0.54 0.47 0.39 0.31 0.23 0.15 0.06 0.00 0.00 0.00 0.00 0.00 0.00 0.00 0.00 0.00 0.00 0.00 0.00 0.00 0.00 0.00 0.00 0.00 0.00 0.00 0.01 0.11 0.21 0.32 0.43 0.55 0.67 0.79 0.92 1.04
0.00 0.00 0.00 0.00 0.00 0.00 0.00 0.00 0.00 0.00 0.00 0.00 0.00 0.00 0.00 0.00 0.00 0.00 0.00 0.00 0.00 0.00 0.00 0.00 0.00 0.00 0.00 0.00 0.00 0.00 0.00 0.00 0.00 0.00 0.03 0.14 0.25 0.36 0.46 0.56 0.66 0.73 0.78 0.81 0.82 0.82 0.80 0.76 0.72 0.66 0.59 0.52 0.44 0.36 0.27 0.18 0.09 0.01 0.00 0.00 0.00 0.00 0.00 0.00 0.00 0.00 0.00 0.00 0.00 0.00 0.00 0.00 0.00 0.00 0.00 0.00 0.09 0.19 0.30 0.41 0.53 0.65 0.77 0.89
0.00 0.00 0.00 0.00 0.00 0.00 0.00 0.00 0.00 0.00 0.00 0.00 0.00 0.00 0.00 0.00 0.00 0.00 0.00 0.00 0.00 0.00 0.00 0.00 0.00 0.00 0.00 0.00 0.00 0.00 0.00 0.00 0.00 0.01 0.12 0.22 0.31 0.40 0.49 0.58 0.65 0.74 0.82 0.88 0.92 0.94 0.94 0.92 0.90 0.85 0.80 0.73 0.66 0.58 0.49 0.40 0.30 0.21 0.11 0.02 0.00 0.00 0.00 0.00 0.00 0.00 0.00 0.00 0.00 0.00 0.00 0.00 0.00 0.00 0.00 0.00 0.00 0.07 0.17 0.28 0.40 0.52 0.64 0.76
0.00 0.00 0.00 0.00 0.00 0.00 0.00 0.00 0.00 0.00 0.00 0.00 0.00 0.00 0.00 0.00 0.00 0.00 0.00 0.00 0.00 0.00 0.00 0.00 0.00 0.00 0.00 0.00 0.00 0.00 0.00 0.00 0.00 0.09 0.18 0.27 0.35 0.43 0.50 0.57 0.64 0.72 0.82 0.91 0.98 1.03 1.06 1.06 1.05 1.03 0.99 0.93 0.86 0.79 0.70 0.61 0.51 0.41 0.30 0.19 0.09 0.00 0.00 0.00 0.00 0.00 0.00 0.00 0.00 0.00 0.00 0.00 0.00 0.00 0.00 0.00 0.00 0.00 0.04 0.15 0.26 0.37 0.49 0.62
0.00 0.00 0.00 0.00 0.00 0.00 0.00 0.00 0.00 0.00 0.00 0.00 0.00 0.00 0.00 0.00 0.00 0.00 0.00 0.00 0.00 0.00 0.00 0.00 0.00 0.00 0.00 0.00 0.00 0.00 0.00 0.00 0.06 0.14 0.23 0.30 0.37 0.44 0.49 0.55 0.62 0.70 0.80 0.90 1.00 1.08 1.14 1.17 1.18 1.17 1.15 1.11 1.05 0.98 0.90 0.81 0.71 0.60 0.48 0.37 0.25 0.12 0.00 0.00 0.00 0.00 0.00 0.00 0.00 0.00 0.00 0.00 0.00 0.00 0.00 0.00 0.00 0.00 0.00 0.00 0.11 0.23 0.35 0.47
0.00 0.00 0.00 0.00 0.00 0.00 0.00 0.00 0.00 0.00 0.00 0.00 0.00 0.00 0.00 0.00 0.00 0.00 0.00 0.00 0.00 0.00 0.00 0.00 0.00 0.00 0.00 0.00 0.00 0.00 0.00 0.01 0.10 0.18 0.25 0.31 0.37 0.42 0.46 0.52 0.59 0.67 0.77 0.87 0.99 1.10 1.18 1.24 1.28 1.29 1.28 1.26 1.21 1.15 1.08 0.99 0.89 0.78 0.66 0.54 0.41 0.27 0.13 0.00 0.00 0.00 0.00 0.00 0.00 0.00 0.00 0.00 0.00 0.00 0.00 0.00 0.00 0.00 0.00 0.00 0.00 0.08 0.21 0.33
0.00 0.00 0.00 0.00 0.00 0.00 0.00 0.00 0.00 0.00 0.00 0.00 0.00 0.00 0.00 0.00 0.00 0.00 0.00 0.00 0.00 0.00 0.00 0.00 0.00 0.00 0.00 0.00 0.00 0.00 0.00 0.04 0.12 0.19 0.25 0.30 0.34 0.38 0.43 0.49 0.56 0.64 0.73 0.84 0.95 1.07 1.19 1.28 1.34 1.38 1.39 1.38 1.35 1.31 1.24 1.16 1.06 0.95 0.83 0.70 0.56 0.41 0.26 0.09 0.00 0.00 0.00 0.00 0.00 0.00 0.00 0.00 0.00 0.00 0.00 0.00 0.00 0.00 0.00 0.00 0.00 0.00 0.07 0.20
0.00 0.00 0.00 0.00 0.00 0.00 0.00 0.00 0.00 0.00 0.00 0.00 0.00 0.00 0.00 0.00 0.00 0.00 0.00 0.00 0.00 0.00 0.00 0.00 0.00 0.00 0.00 0.00 0.00 0.00 0.00 0.05 0.12 0.17 0.22 0.26 0.30 0.34 0.39 0.45 0.52 0.60 0.69 0.79 0.91 1.03 1.15 1.27 1.36 1.43 1.47 1.48 1.47 1.43 1.38 1.31 1.22 1.11 0.99 0.86 0.71 0.55 0.38 0.19 0.00 0.00 0.00 0.00 0.00 0.00 0.00 0.00 0.00 0.00 0.00 0.00 0.00 0.00 0.00 0.00 0.00 0.00 0.00 0.07
0.00 0.00 0.00 0.00 0.00 0.00 0.00 0.00 0.00 0.00 0.00 0.00 0.00 0.00 0.00 0.00 0.00 0.00 0.00 0.00 0.00 0.00 0.00 0.00 0.00 0.00 0.00 0.00 0.00 0.00 0.00 0.04 0.10 0.14 0.18 0.22 0.25 0.29 0.34 0.40 0.47 0.55 0.64 0.75 0.86 0.98 1.10 1.23 1.35 1.44 1.51 1.54 1.55 1.54 1.50 1.44 1.35 1.25 1.13 1.00 0.85 0.68 0.49 0.28 0.05 0.00 0.00 0.00 0.00 0.00 0.00 0.00 0.00 0.00 0.00 0.00 0.00 0.00 0.00 0.00 0.00 0.00 0.00 0.00
