data_processed/recharge/precip/Precip_1991_10.asc
ncols        168
nrows        136
xllcorner    455000
yllcorner    2107000
cellsize     500
NODATA_value     -99999
[rows 32 to 63 of 136, columns 71 to 141 of 168]
103.53 102.73 101.96 101.22 100.51 99.84 99.19 98.60 98.10 97.68 97.36 97.12 96.97 96.91 96.94 97.05 97.25 97.54 97.91 98.36 98.89 99.51 100.21 100.97 101.66 102.23 102.68 102.99 103.18 103.25 103.19 103.01 102.70 102.26 101.70 101.01 100.20 99.26 98.19 97.01 95.76 94.51 93.28 92.08 90.90 89.74 88.61 87.51 86.43 85.40 84.39 83.43 82.50 81.61 80.77 79.97 79.21 78.51 77.85 77.25 76.70 76.21 75.78 75.40 75.09 74.84 74.66 74.55 74.50 74.53 74.63
103.96 103.16 102.38 101.63 100.92 100.23 99.60 99.05 98.59 98.22 97.94 97.74 97.63 97.60 97.66 97.80 98.03 98.34 98.73 99.20 99.76 100.39 101.10 101.87 102.58 103.17 103.64 103.99 104.21 104.32 104.30 104.17 103.91 103.54 103.04 102.42 101.68 100.82 99.84 98.74 97.52 96.24 94.98 93.74 92.52 91.33 90.18 89.05 87.96 86.91 85.89 84.92 83.98 83.09 82.25 81.45 80.71 80.02 79.38 78.79 78.27 77.80 77.39 77.05 76.78 76.57 76.43 76.36 76.37 76.45 76.60
104.39 103.58 102.80 102.04 101.32 100.65 100.06 99.56 99.14 98.81 98.56 98.40 98.32 98.33 98.42 98.59 98.84 99.17 99.59 100.08 100.65 101.30 102.02 102.80 103.53 104.13 104.62 105.00 105.26 105.40 105.43 105.34 105.14 104.82 104.39 103.84 103.17 102.39 101.49 100.48 99.35 98.11 96.81 95.53 94.28 93.06 91.88 90.73 89.62 88.55 87.52 86.54 85.60 84.70 83.86 83.07 82.33 81.65 81.03 80.46 79.95 79.51 79.14 78.83 78.59 78.42 78.32 78.30 78.35 78.48 78.66
104.82 104.00 103.21 102.45 101.74 101.11 100.57 100.11 99.73 99.44 99.24 99.11 99.07 99.10 99.22 99.42 99.69 100.05 100.48 100.99 101.57 102.23 102.97 103.76 104.49 105.11 105.63 106.03 106.32 106.50 106.57 106.53 106.38 106.11 105.74 105.26 104.66 103.95 103.14 102.21 101.17 100.02 98.76 97.46 96.18 94.93 93.71 92.54 91.41 90.32 89.28 88.29 87.34 86.44 85.60 84.81 84.08 83.41 82.80 82.25 81.77 81.35 81.00 80.72 80.51 80.38 80.33 80.35 80.45 80.60 80.72
105.24 104.41 103.62 102.88 102.21 101.63 101.13 100.71 100.38 100.12 99.95 99.86 99.85 99.91 100.06 100.28 100.57 100.95 101.40 101.92 102.52 103.19 103.93 104.73 105.48 106.11 106.65 107.07 107.39 107.61 107.72 107.72 107.62 107.41 107.10 106.68 106.15 105.52 104.78 103.94 102.99 101.93 100.77 99.51 98.20 96.92 95.68 94.48 93.33 92.22 91.16 90.16 89.20 88.30 87.46 86.68 85.95 85.29 84.69 84.16 83.69 83.30 82.98 82.73 82.56 82.46 82.45 82.51 82.63 82.72 82.78
105.65 104.83 104.05 103.35 102.73 102.19 101.74 101.36 101.06 100.85 100.71 100.65 100.66 100.76 100.92 101.17 101.49 101.88 102.34 102.88 103.49 104.17 104.92 105.72 106.48 107.13 107.68 108.13 108.48 108.72 108.87 108.92 108.86 108.71 108.45 108.09 107.63 107.08 106.41 105.65 104.79 103.83 102.76 101.60 100.34 99.03 97.76 96.54 95.37 94.24 93.17 92.15 91.19 90.28 89.44 88.66 87.94 87.28 86.70 86.18 85.74 85.37 85.07 84.85 84.71 84.66 84.68 84.75 84.81 84.84 84.84
106.07 105.26 104.52 103.87 103.30 102.80 102.39 102.05 101.79 101.61 101.50 101.47 101.51 101.63 101.82 102.09 102.42 102.83 103.31 103.86 104.48 105.17 105.92 106.73 107.49 108.15 108.72 109.19 109.56 109.84 110.03 110.11 110.11 110.00 109.80 109.50 109.11 108.62 108.04 107.36 106.58 105.71 104.74 103.67 102.51 101.26 99.97 98.72 97.53 96.38 95.29 94.26 93.29 92.38 91.53 90.75 90.04 89.39 88.82 88.32 87.89 87.54 87.27 87.08 86.98 86.95 86.98 87.00 86.99 86.96 86.90
106.49 105.73 105.04 104.44 103.91 103.45 103.08 102.78 102.55 102.40 102.33 102.32 102.39 102.54 102.75 103.03 103.39 103.81 104.30 104.86 105.49 106.18 106.94 107.75 108.51 109.18 109.77 110.26 110.66 110.96 111.18 111.31 111.34 111.29 111.14 110.91 110.58 110.16 109.65 109.04 108.35 107.57 106.69 105.73 104.67 103.52 102.28 101.02 99.80 98.64 97.53 96.49 95.50 94.59 93.74 92.96 92.25 91.61 91.05 90.56 90.15 89.82 89.58 89.42 89.34 89.32 89.28 89.23 89.16 89.06 88.95
106.96 106.25 105.61 105.04 104.56 104.14 103.81 103.54 103.35 103.23 103.18 103.21 103.30 103.46 103.70 104.00 104.37 104.80 105.31 105.87 106.51 107.20 107.97 108.77 109.54 110.22 110.82 111.32 111.75 112.08 112.33 112.50 112.58 112.57 112.47 112.29 112.03 111.68 111.24 110.71 110.10 109.41 108.62 107.75 106.80 105.76 104.63 103.42 102.19 101.00 99.88 98.82 97.83 96.90 96.05 95.27 94.56 93.93 93.38 92.90 92.51 92.21 91.99 91.85 91.77 91.69 91.58 91.46 91.33 91.17 90.99
107.48 106.81 106.21 105.69 105.24 104.87 104.57 104.34 104.18 104.09 104.07 104.12 104.23 104.42 104.67 104.98 105.37 105.81 106.32 106.90 107.54 108.24 109.00 109.81 110.57 111.26 111.87 112.39 112.83 113.20 113.48 113.68 113.80 113.84 113.79 113.67 113.46 113.18 112.81 112.36 111.83 111.22 110.53 109.75 108.90 107.96 106.94 105.84 104.67 103.47 102.33 101.26 100.26 99.32 98.47 97.68 96.98 96.35 95.81 95.35 94.98 94.69 94.49 94.35 94.20 94.05 93.88 93.69 93.49 93.27 93.03
108.03 107.41 106.85 106.38 105.97 105.63 105.36 105.16 105.03 104.97 104.98 105.05 105.18 105.39 105.65 105.99 106.38 106.84 107.35 107.93 108.57 109.27 110.03 110.84 111.61 112.30 112.91 113.45 113.91 114.30 114.61 114.85 115.01 115.09 115.09 115.02 114.88 114.65 114.36 113.98 113.53 113.00 112.40 111.72 110.96 110.13 109.22 108.23 107.17 106.04 104.89 103.80 102.79 101.85 100.98 100.20 99.50 98.88 98.34 97.89 97.54 97.27 97.06 96.85 96.63 96.40 96.16 95.91 95.64 95.36 95.06
108.62 108.04 107.53 107.09 106.72 106.42 106.18 106.01 105.91 105.88 105.90 106.00 106.15 106.37 106.66 107.00 107.40 107.87 108.39 108.97 109.62 110.32 111.07 111.87 112.64 113.33 113.95 114.50 114.99 115.39 115.73 116.00 116.20 116.32 116.37 116.36 116.27 116.11 115.88 115.57 115.20 114.75 114.24 113.65 112.99 112.26 111.45 110.58 109.63 108.62 107.53 106.44 105.41 104.46 103.60 102.81 102.11 101.49 100.97 100.53 100.19 99.90 99.62 99.34 99.05 98.74 98.43 98.11 97.78 97.44 97.09
109.25 108.71 108.24 107.84 107.50 107.23 107.03 106.89 106.81 106.80 106.85 106.96 107.14 107.37 107.67 108.02 108.43 108.90 109.43 110.02 110.66 111.35 112.11 112.90 113.66 114.35 114.98 115.55 116.04 116.47 116.84 117.14 117.37 117.53 117.63 117.67 117.63 117.53 117.37 117.13 116.83 116.47 116.04 115.54 114.97 114.34 113.64 112.88 112.05 111.15 110.19 109.16 108.14 107.18 106.30 105.51 104.81 104.20 103.68 103.26 102.89 102.54 102.18 101.82 101.45 101.08 100.70 100.32 99.92 99.52 99.11
109.91 109.41 108.98 108.61 108.31 108.07 107.90 107.78 107.73 107.74 107.81 107.94 108.13 108.38 108.69 109.05 109.47 109.94 110.48 111.06 111.70 112.39 113.13 113.92 114.67 115.37 116.00 116.57 117.09 117.53 117.92 118.25 118.52 118.72 118.86 118.95 118.97 118.92 118.82 118.66 118.43 118.15 117.80 117.39 116.92 116.38 115.79 115.13 114.42 113.64 112.80 111.89 110.94 109.98 109.10 108.30 107.60 107.00 106.48 106.03 105.60 105.16 104.73 104.29 103.85 103.40 102.96 102.51 102.05 101.59 101.13
110.60 110.14 109.74 109.41 109.14 108.93 108.78 108.70 108.67 108.70 108.79 108.93 109.14 109.40 109.71 110.08 110.51 110.98 111.52 112.10 112.73 113.42 114.15 114.93 115.68 116.37 117.00 117.58 118.11 118.58 118.99 119.34 119.64 119.88 120.07 120.19 120.27 120.28 120.24 120.15 119.99 119.78 119.52 119.19 118.81 118.38 117.88 117.33 116.73 116.07 115.35 114.57 113.74 112.85 111.98 111.18 110.48 109.87 109.33 108.81 108.29 107.77 107.26 106.74 106.23 105.72 105.21 104.69 104.17 103.66 103.14
111.31 110.89 110.53 110.23 109.99 109.81 109.69 109.62 109.62 109.67 109.77 109.93 110.15 110.42 110.74 111.12 111.54 112.02 112.55 113.13 113.76 114.44 115.16 115.92 116.66 117.35 117.99 118.57 119.11 119.59 120.02 120.40 120.73 121.01 121.24 121.41 121.53 121.60 121.62 121.59 121.51 121.37 121.19 120.95 120.66 120.32 119.93 119.48 118.98 118.44 117.84 117.19 116.48 115.73 114.93 114.14 113.43 112.80 112.18 111.57 110.97 110.37 109.78 109.19 108.60 108.02 107.44 106.87 106.29 105.71 105.14
112.05 111.66 111.33 111.07 110.85 110.70 110.60 110.56 110.57 110.64 110.76 110.93 111.16 111.44 111.77 112.14 112.57 113.05 113.58 114.15 114.77 115.44 116.15 116.90 117.63 118.31 118.95 119.54 120.08 120.58 121.03 121.44 121.79 122.10 122.37 122.59 122.76 122.88 122.96 122.99 122.98 122.92 122.81 122.65 122.45 122.21 121.91 121.57 121.18 120.75 120.26 119.74 119.16 118.54 117.87 117.16 116.43 115.72 115.01 114.32 113.63 112.96 112.29 111.62 110.97 110.32 109.67 109.03 108.39 107.76 107.13
112.80 112.45 112.16 111.92 111.73 111.60 111.52 111.50 111.53 111.62 111.75 111.93 112.17 112.45 112.79 113.17 113.60 114.07 114.59 115.16 115.77 116.43 117.13 117.86 118.58 119.25 119.89 120.48 121.03 121.54 122.01 122.43 122.82 123.16 123.46 123.72 123.94 124.12 124.25 124.35 124.40 124.41 124.38 124.31 124.19 124.03 123.84 123.60 123.31 122.99 122.63 122.22 121.77 121.28 120.74 120.14 119.42 118.63 117.83 117.05 116.28 115.53 114.78 114.04 113.32 112.60 111.89 111.19 110.49 109.80 109.12
113.58 113.26 112.99 112.78 112.62 112.51 112.45 112.45 112.50 112.59 112.74 112.93 113.17 113.46 113.80 114.18 114.61 115.08 115.59 116.15 116.75 117.40 118.08 118.80 119.50 120.17 120.79 121.39 121.94 122.46 122.95 123.40 123.81 124.18 124.52 124.82 125.08 125.31 125.50 125.65 125.77 125.85 125.89 125.90 125.87 125.80 125.70 125.56 125.38 125.17 124.92 124.63 124.31 123.94 123.51 122.97 122.30 121.50 120.63 119.77 118.92 118.09 117.26 116.45 115.66 114.87 114.10 113.33 112.58 111.83 111.10
114.36 114.07 113.83 113.65 113.51 113.42 113.39 113.40 113.46 113.57 113.72 113.93 114.17 114.47 114.80 115.18 115.61 116.07 116.58 117.13 117.71 118.34 119.01 119.71 120.39 121.05 121.67 122.26 122.82 123.35 123.85 124.32 124.75 125.15 125.52 125.86 126.17 126.45 126.69 126.90 127.08 127.23 127.35 127.43 127.49 127.51 127.50 127.46 127.38 127.27 127.14 126.97 126.76 126.50 126.13 125.64 125.02 124.28 123.41 122.47 121.54 120.63 119.73 118.85 117.98 117.13 116.29 115.47 114.66 113.86 113.07
115.16 114.90 114.68 114.52 114.41 114.34 114.32 114.35 114.42 114.54 114.70 114.91 115.16 115.45 115.79 116.17 116.59 117.04 117.54 118.08 118.65 119.26 119.91 120.59 121.26 121.90 122.51 123.10 123.67 124.20 124.71 125.20 125.65 126.08 126.48 126.86 127.21 127.53 127.83 128.10 128.34 128.55 128.74 128.90 129.04 129.15 129.23 129.28 129.31 129.31 129.28 129.23 129.12 128.90 128.58 128.14 127.57 126.89 126.08 125.15 124.15 123.16 122.19 121.23 120.30 119.38 118.48 117.59 116.73 115.87 115.03
115.96 115.73 115.54 115.40 115.30 115.25 115.25 115.29 115.37 115.50 115.67 115.88 116.14 116.43 116.76 117.13 117.54 117.99 118.48 119.00 119.56 120.15 120.78 121.43 122.08 122.71 123.32 123.90 124.47 125.01 125.53 126.03 126.50 126.96 127.39 127.80 128.19 128.56 128.91 129.23 129.53 129.81 130.07 130.31 130.52 130.71 130.88 131.03 131.16 131.26 131.34 131.38 131.31 131.14 130.86 130.47 129.96 129.33 128.59 127.72 126.73 125.67 124.63 123.60 122.60 121.62 120.65 119.71 118.78 117.88 116.99
116.77 116.56 116.39 116.27 116.19 116.16 116.17 116.22 116.32 116.45 116.63 116.84 117.09 117.38 117.71 118.08 118.48 118.92 119.39 119.90 120.44 121.01 121.61 122.25 122.88 123.49 124.08 124.66 125.22 125.77 126.30 126.81 127.31 127.78 128.25 128.69 129.12 129.53 129.92 130.30 130.66 131.00 131.33 131.64 131.93 132.21 132.46 132.71 132.93 133.14 133.30 133.37 133.35 133.22 132.98 132.64 132.18 131.62 130.93 130.13 129.20 128.16 127.05 125.96 124.89 123.84 122.82 121.81 120.83 119.87 118.93
117.58 117.39 117.24 117.14 117.08 117.06 117.08 117.15 117.25 117.39 117.56 117.78 118.03 118.32 118.64 119.00 119.39 119.81 120.27 120.76 121.28 121.83 122.41 123.02 123.63 124.22 124.80 125.37 125.93 126.48 127.02 127.54 128.05 128.55 129.04 129.52 129.98 130.43 130.88 131.30 131.72 132.13 132.52 132.90 133.27 133.62 133.97 134.30 134.62 134.90 135.10 135.21 135.22 135.13 134.94 134.64 134.24 133.73 133.11 132.37 131.52 130.54 129.45 128.30 127.16 126.05 124.97 123.91 122.87 121.86 120.87
118.38 118.21 118.09 118.00 117.96 117.95 117.98 118.05 118.16 118.30 118.48 118.70 118.95 119.23 119.54 119.89 120.27 120.68 121.12 121.59 122.09 122.62 123.17 123.75 124.33 124.91 125.48 126.04 126.59 127.14 127.68 128.22 128.74 129.26 129.78 130.28 130.78 131.28 131.76 132.24 132.71 133.17 133.63 134.08 134.53 134.96 135.39 135.81 136.20 136.51 136.74 136.88 136.92 136.88 136.73 136.48 136.13 135.68 135.12 134.45 133.66 132.76 131.75 130.61 129.42 128.25 127.11 125.99 124.90 123.83 122.79
119.18 119.03 118.93 118.86 118.82 118.83 118.87 118.95 119.06 119.20 119.38 119.59 119.83 120.11 120.41 120.75 121.12 121.51 121.93 122.38 122.86 123.36 123.89 124.44 124.99 125.55 126.10 126.65 127.20 127.75 128.29 128.83 129.37 129.91 130.45 130.98 131.52 132.05 132.58 133.10 133.63 134.15 134.67 135.19 135.70 136.22 136.73 137.21 137.63 137.96 138.22 138.39 138.47 138.46 138.36 138.16 137.86 137.46 136.96 136.36 135.65 134.82 133.88 132.83 131.66 130.44 129.23 128.06 126.91 125.80 124.71
119.97 119.84 119.75 119.69 119.67 119.69 119.73 119.82 119.93 120.07 120.25 120.46 120.69 120.96 121.25 121.58 121.93 122.30 122.70 123.13 123.58 124.06 124.56 125.08 125.60 126.14 126.67 127.21 127.75 128.29 128.84 129.39 129.94 130.49 131.05 131.61 132.18 132.75 133.32 133.89 134.46 135.04 135.62 136.21 136.80 137.38 137.95 138.46 138.89 139.25 139.53 139.73 139.85 139.88 139.82 139.67 139.42 139.08 138.65 138.10 137.46 136.71 135.85 134.88 133.79 132.60 131.34 130.11 128.92 127.75 126.62
120.74 120.64 120.56 120.52 120.50 120.53 120.58 120.66 120.78 120.92 121.09 121.29 121.52 121.78 122.06 122.36 122.70 123.05 123.43 123.84 124.26 124.71 125.18 125.66 126.16 126.67 127.18 127.71 128.24 128.77 129.32 129.88 130.44 131.01 131.59 132.17 132.77 133.37 133.98 134.60 135.22 135.86 136.50 137.15 137.80 138.44 139.03 139.55 140.00 140.38 140.68 140.91 141.06 141.13 141.12 141.01 140.82 140.54 140.16 139.69 139.11 138.43 137.65 136.76 135.76 134.65 133.43 132.16 130.91 129.69 128.51
121.48 121.41 121.35 121.32 121.31 121.34 121.40 121.48 121.59 121.73 121.90 122.09 122.31 122.56 122.82 123.11 123.43 123.76 124.12 124.49 124.89 125.31 125.74 126.20 126.66 127.14 127.64 128.14 128.66 129.19 129.74 130.30 130.87 131.45 132.05 132.66 133.28 133.91 134.56 135.22 135.90 136.58 137.28 137.99 138.69 139.35 139.94 140.47 140.94 141.34 141.67 141.93 142.12 142.22 142.25 142.20 142.06 141.83 141.51 141.10 140.59 139.99 139.29 138.48 137.57 136.55 135.42 134.18 132.89 131.63 130.40
122.20 122.15 122.11 122.09 122.10 122.13 122.19 122.27 122.38 122.52 122.68 122.86 123.06 123.29 123.54 123.82 124.11 124.42 124.75 125.10 125.47 125.85 126.25 126.67 127.11 127.56 128.03 128.52 129.02 129.55 130.09 130.65 131.22 131.82 132.43 133.06 133.71 134.38 135.06 135.76 136.48 137.22 137.98 138.72 139.43 140.09 140.69 141.24 141.72 142.14 142.50 142.79 143.01 143.15 143.22 143.21 143.13 142.95 142.70 142.35 141.91 141.38 140.76 140.03 139.21 138.28 137.24 136.10 134.84 133.55 132.27
122.88 122.85 122.84 122.84 122.85 122.89 122.94 123.03 123.13 123.26 123.41 123.58 123.78 123.99 124.22 124.47 124.74 125.03 125.33 125.66 125.99 126.34 126.71 127.09 127.49 127.91 128.35 128.82 129.31 129.83 130.36 130.92 131.51 132.11 132.74 133.39 134.06 134.76 135.48 136.22 136.98 137.77 138.55 139.31 140.02 140.67 141.28 141.84 142.34 142.78 143.16 143.48 143.73 143.92 144.03 144.07 144.03 143.92 143.72 143.44 143.07 142.61 142.06 141.42 140.68 139.84 138.90 137.85 136.70 135.44 134.14
123.52 123.51 123.52 123.54 123.57 123.61 123.67 123.75 123.85 123.97 124.11 124.26 124.44 124.64 124.85 125.08 125.33 125.59 125.86 126.15 126.45 126.77 127.10 127.44 127.80 128.19 128.61 129.06 129.53 130.03 130.56 131.12 131.71 132.32 132.96 133.63 134.33 135.05 135.80 136.58 137.39 138.20 138.98 139.73 140.44 141.10 141.72 142.28 142.80 143.26 143.67 144.01 144.30 144.52 144.68 144.76 144.77 144.71 144.58 144.36 144.06 143.67 143.20 142.64 141.98 141.23 140.39 139.44 138.39 137.23 135.98
