data_processed/recharge/precip/Precip_2006_08.asc
ncols        168
nrows        136
xllcorner    455000
yllcorner    2107000
cellsize     500
NODATA_value     -99999
[rows 96 to 127 of 136, columns 0 to 71 of 168]
235.24 236.79 238.26 239.59 240.74 241.65 242.27 242.54 242.44 242.09 241.72 241.29 240.73 240.06 239.28 238.43 237.50 236.53 235.52 234.50 233.48 232.47 231.48 230.45 229.37 228.24 227.08 225.89 224.68 223.46 222.24 221.03 219.84 218.68 217.58 216.65 216.11 216.18 216.93 218.41 220.67 223.77 227.77 232.70 238.63 245.61 253.69 262.67 270.60 276.42 280.25 282.30 282.74 281.76 279.54 276.27 272.12 267.28 261.93 256.29 250.61 245.18 240.22 235.69 231.49 227.53 223.71 219.94 216.11 212.15 207.94 203.39
235.39 236.86 238.18 239.30 240.18 240.75 240.98 240.81 240.38 239.92 239.53 239.16 238.74 238.19 237.52 236.76 235.93 235.03 234.08 233.10 232.11 231.13 230.14 229.11 228.00 226.83 225.61 224.35 223.05 221.72 220.38 219.04 217.69 216.37 215.13 214.05 213.21 212.86 213.20 214.31 216.23 219.02 222.73 227.42 233.13 239.92 247.85 256.70 264.56 270.35 274.20 276.32 276.88 276.06 274.05 271.03 267.19 262.71 257.82 252.80 247.76 242.76 237.96 233.56 229.50 225.68 222.02 218.40 214.75 210.96 206.93 202.58
235.48 236.85 238.02 238.93 239.53 239.76 239.60 239.14 238.65 238.18 237.75 237.35 236.98 236.55 235.99 235.32 234.57 233.73 232.84 231.91 230.94 229.97 228.99 227.95 226.81 225.59 224.31 222.97 221.57 220.14 218.67 217.18 215.67 214.18 212.78 211.54 210.54 209.86 209.75 210.42 211.93 214.35 217.72 222.09 227.52 234.06 241.77 250.45 258.16 263.85 267.66 269.78 270.39 269.68 267.82 265.00 261.41 257.28 252.96 248.57 244.15 239.72 235.32 231.10 227.19 223.53 220.02 216.58 213.11 209.50 205.67 201.52
235.50 236.77 237.78 238.47 238.78 238.68 238.28 237.81 237.34 236.87 236.42 235.99 235.58 235.19 234.73 234.15 233.47 232.70 231.85 230.95 230.02 229.06 228.07 227.01 225.84 224.57 223.22 221.79 220.30 218.74 217.14 215.49 213.79 212.11 210.51 209.09 207.90 207.02 206.56 206.75 207.79 209.77 212.73 216.73 221.82 228.05 235.47 243.90 251.41 256.95 260.65 262.71 263.31 262.63 260.86 258.17 254.84 251.24 247.53 243.73 239.88 236.00 232.11 228.24 224.52 221.03 217.70 214.45 211.16 207.76 204.14 200.20
235.44 236.62 237.45 237.91 237.94 237.65 237.28 236.87 236.44 235.99 235.54 235.09 234.65 234.21 233.79 233.29 232.67 231.96 231.16 230.29 229.37 228.42 227.43 226.33 225.12 223.80 222.38 220.86 219.26 217.59 215.82 213.95 212.02 210.11 208.30 206.65 205.25 204.17 203.48 203.28 203.81 205.29 207.78 211.34 216.02 221.88 228.96 237.08 244.32 249.64 253.17 255.11 255.63 254.93 253.18 250.66 247.80 244.79 241.64 238.39 235.07 231.68 228.27 224.84 221.45 218.16 215.02 211.96 208.88 205.69 202.28 198.57
235.31 236.37 237.04 237.26 237.16 236.93 236.65 236.33 235.96 235.55 235.12 234.67 234.20 233.73 233.26 232.78 232.23 231.56 230.80 229.96 229.05 228.10 227.09 225.97 224.72 223.34 221.83 220.22 218.51 216.67 214.66 212.53 210.34 208.17 206.11 204.21 202.57 201.24 200.32 199.87 199.99 200.92 202.88 205.94 210.15 215.57 222.25 229.99 236.91 241.94 245.24 246.99 247.38 246.59 244.91 242.82 240.52 238.04 235.42 232.67 229.82 226.89 223.90 220.89 217.87 214.87 211.94 209.09 206.23 203.26 200.08 196.61
235.10 236.03 236.53 236.67 236.66 236.58 236.42 236.19 235.89 235.55 235.15 234.72 234.25 233.76 233.24 232.72 232.17 231.55 230.83 230.00 229.10 228.14 227.12 225.97 224.66 223.21 221.63 219.92 218.04 215.93 213.62 211.19 208.72 206.26 203.91 201.74 199.82 198.23 197.04 196.33 196.17 196.66 198.04 200.54 204.22 209.14 215.34 222.65 229.17 233.86 236.86 238.36 238.55 237.74 236.43 234.88 233.10 231.12 228.97 226.68 224.25 221.73 219.13 216.47 213.79 211.10 208.43 205.80 203.17 200.43 197.50 194.28
234.79 235.61 236.06 236.35 236.52 236.59 236.57 236.45 236.26 235.98 235.65 235.25 234.80 234.30 233.76 233.19 232.60 231.98 231.27 230.47 229.57 228.60 227.55 226.36 225.00 223.48 221.80 219.93 217.75 215.31 212.68 209.92 207.12 204.35 201.69 199.21 196.99 195.09 193.61 192.60 192.16 192.34 193.26 195.15 198.23 202.58 208.26 215.07 221.13 225.41 228.05 229.24 229.31 228.82 228.03 226.97 225.66 224.14 222.42 220.53 218.49 216.32 214.06 211.72 209.32 206.90 204.48 202.07 199.67 197.18 194.51 191.55
234.40 235.23 235.86 236.36 236.73 236.98 237.11 237.13 237.04 236.87 236.60 236.26 235.84 235.36 234.82 234.22 233.58 232.91 232.19 231.39 230.49 229.51 228.43 227.20 225.77 224.17 222.33 220.13 217.59 214.79 211.79 208.68 205.53 202.42 199.41 196.59 194.03 191.81 190.00 188.67 187.90 187.78 188.36 189.75 192.20 195.92 201.00 207.25 212.79 216.60 218.82 219.79 220.14 220.14 219.82 219.21 218.33 217.21 215.87 214.34 212.63 210.78 208.81 206.73 204.59 202.39 200.16 197.93 195.72 193.48 191.07 188.39
234.04 235.09 235.98 236.72 237.30 237.74 238.04 238.21 238.26 238.20 238.03 237.76 237.39 236.94 236.41 235.81 235.15 234.42 233.65 232.83 231.92 230.91 229.80 228.51 227.02 225.25 223.07 220.47 217.53 214.33 210.95 207.45 203.92 200.43 197.05 193.86 190.94 188.35 186.18 184.50 183.39 182.91 183.16 184.19 186.11 189.17 193.59 199.21 204.17 207.44 209.35 210.55 211.36 211.81 211.92 211.71 211.21 210.45 209.45 208.23 206.81 205.23 203.49 201.64 199.69 197.66 195.59 193.49 191.39 189.30 187.15 184.76
233.92 235.26 236.43 237.41 238.22 238.87 239.37 239.71 239.91 239.98 239.92 239.74 239.45 239.05 238.55 237.97 237.29 236.54 235.72 234.83 233.89 232.85 231.70 230.36 228.70 226.56 223.94 220.90 217.54 213.92 210.12 206.20 202.26 198.36 194.58 190.99 187.67 184.69 182.14 180.07 178.58 177.73 177.60 178.26 179.80 182.30 186.03 190.96 195.27 198.13 200.22 201.87 203.10 203.95 204.44 204.59 204.43 203.98 203.26 202.30 201.13 199.76 198.23 196.55 194.75 192.85 190.88 188.87 186.82 184.78 182.75 180.62
234.09 235.74 237.20 238.45 239.51 240.39 241.10 241.63 242.00 242.22 242.29 242.22 242.02 241.69 241.24 240.68 240.02 239.26 238.41 237.47 236.46 235.38 234.18 232.67 230.61 228.00 224.91 221.42 217.59 213.52 209.27 204.91 200.52 196.18 191.97 187.95 184.20 180.80 177.83 175.35 173.45 172.19 171.66 171.93 173.07 175.16 178.30 182.51 186.32 189.31 191.81 193.86 195.47 196.68 197.50 197.96 198.08 197.90 197.42 196.69 195.71 194.52 193.13 191.58 189.88 188.07 186.16 184.17 182.15 180.09 178.04 176.00
234.51 236.50 238.26 239.80 241.13 242.26 243.19 243.93 244.49 244.88 245.10 245.15 245.06 244.82 244.44 243.92 243.29 242.53 241.67 240.70 239.64 238.50 237.27 235.37 232.80 229.69 226.10 222.11 217.80 213.24 208.50 203.67 198.80 194.00 189.31 184.83 180.63 176.77 173.35 170.42 168.08 166.38 165.42 165.26 165.97 167.64 170.34 174.04 177.91 181.30 184.18 186.58 188.53 190.05 191.16 191.89 192.26 192.30 192.02 191.46 190.63 189.57 188.29 186.83 185.19 183.41 181.52 179.53 177.47 175.36 173.23 171.11
234.89 237.22 239.29 241.14 242.75 244.13 245.30 246.27 247.03 247.59 247.97 248.17 248.19 248.05 247.75 247.30 246.70 245.96 245.10 244.11 243.02 242.08 241.45 239.54 236.45 232.79 228.64 224.11 219.25 214.15 208.87 203.50 198.11 192.78 187.58 182.58 177.86 173.50 169.57 166.14 163.30 161.12 159.66 159.02 159.25 160.44 162.69 166.03 169.91 173.64 176.89 179.64 181.92 183.73 185.12 186.11 186.71 186.95 186.86 186.46 185.78 184.83 183.65 182.25 180.67 178.92 177.02 175.01 172.91 170.74 168.52 166.36
235.02 237.69 240.09 242.24 244.14 245.79 247.21 248.40 249.37 250.12 250.67 251.01 251.16 251.13 250.92 250.53 249.98 249.28 248.42 247.43 246.57 246.39 246.62 245.35 242.16 237.90 233.14 227.98 222.51 216.80 210.92 204.96 198.97 193.04 187.25 181.67 176.37 171.44 166.93 162.94 159.54 156.79 154.78 153.58 153.27 153.96 155.79 158.74 162.30 166.06 169.65 172.75 175.35 177.48 179.15 180.40 181.24 181.70 181.80 181.57 181.04 180.21 179.13 177.81 176.28 174.57 172.68 170.66 168.52 166.29 164.07 162.22
234.87 237.89 240.63 243.09 245.29 247.22 248.89 250.32 251.50 252.45 253.17 253.67 253.96 254.04 253.92 253.61 253.12 252.45 251.61 250.88 250.81 251.51 252.53 251.97 249.28 244.82 239.40 233.56 227.41 221.03 214.48 207.84 201.19 194.60 188.16 181.92 175.98 170.40 165.25 160.63 156.59 153.22 150.58 148.77 147.89 148.16 149.64 152.22 155.41 158.87 162.49 165.92 168.86 171.30 173.26 174.78 175.87 176.55 176.85 176.80 176.42 175.73 174.76 173.52 172.06 170.38 168.51 166.48 164.32 162.11 160.21 158.88
234.50 237.81 240.89 243.68 246.18 248.39 250.33 252.00 253.40 254.55 255.46 256.12 256.55 256.76 256.74 256.52 256.09 255.47 254.92 255.00 255.83 257.35 259.09 259.16 257.02 252.92 247.20 240.64 233.74 226.61 219.32 211.95 204.57 197.26 190.08 183.13 176.47 170.18 164.33 159.00 154.26 150.19 146.87 144.44 143.14 143.07 144.19 146.41 149.25 152.38 155.73 159.19 162.44 165.21 167.47 169.26 170.60 171.52 172.03 172.16 171.94 171.39 170.54 169.40 168.00 166.37 164.53 162.50 160.38 158.52 157.15 156.30
234.06 237.51 240.87 243.98 246.79 249.30 251.50 253.42 255.06 256.43 257.52 258.36 258.94 259.27 259.37 259.24 258.89 258.58 258.87 259.89 261.55 263.81 266.18 266.80 265.15 261.45 255.94 248.98 241.30 233.36 225.26 217.08 208.90 200.80 192.83 185.09 177.65 170.58 163.95 157.85 152.35 147.52 143.52 140.67 139.05 138.65 139.43 141.30 143.79 146.60 149.64 152.86 156.16 159.22 161.79 163.87 165.47 166.62 167.35 167.68 167.63 167.22 166.49 165.45 164.13 162.56 160.75 158.80 157.04 155.71 154.83 154.43
233.58 237.12 240.61 243.99 247.11 249.92 252.41 254.59 256.46 258.04 259.34 260.35 261.10 261.57 261.79 261.76 261.75 262.31 263.56 265.43 267.86 270.77 273.69 274.79 273.54 270.17 264.92 258.04 249.86 241.06 232.09 223.04 213.99 205.02 196.20 187.61 179.31 171.39 163.93 156.99 150.65 145.09 140.67 137.51 135.59 134.88 135.32 136.85 139.01 141.50 144.25 147.20 150.27 153.39 156.24 158.61 160.48 161.88 162.83 163.36 163.48 163.23 162.63 161.70 160.47 158.96 157.26 155.68 154.46 153.63 153.21 153.21
233.07 236.68 240.25 243.75 247.13 250.24 253.02 255.46 257.59 259.40 260.90 262.10 263.01 263.63 263.99 264.33 265.20 266.74 268.88 271.54 274.65 278.13 281.54 283.03 282.11 278.99 273.92 267.13 258.88 249.49 239.60 229.62 219.64 209.73 199.99 190.47 181.25 172.42 164.04 156.20 149.08 143.09 138.39 134.95 132.74 131.71 131.83 133.03 134.87 137.05 139.52 142.20 145.03 147.95 150.87 153.51 155.66 157.31 158.49 159.22 159.53 159.45 158.99 158.17 157.03 155.65 154.34 153.31 152.61 152.23 152.21 152.57
232.52 236.20 239.83 243.41 246.90 250.25 253.32 256.04 258.42 260.47 262.18 263.58 264.67 265.45 266.20 267.45 269.34 271.79 274.73 278.10 281.81 285.79 289.60 291.42 290.73 287.79 282.82 276.06 267.76 258.16 247.58 236.61 225.63 214.72 203.98 193.47 183.27 173.46 164.11 155.42 147.87 141.62 136.66 132.95 130.45 129.12 128.93 129.81 131.33 133.22 135.42 137.84 140.44 143.15 145.90 148.60 151.01 152.92 154.34 155.29 155.79 155.88 155.56 154.87 153.89 152.92 152.16 151.66 151.41 151.45 151.79 152.45
231.94 235.67 239.36 242.99 246.55 250.01 253.31 256.31 258.95 261.24 263.18 264.78 266.06 267.27 268.95 271.24 274.06 277.34 281.02 285.01 289.24 293.65 297.77 299.84 299.32 296.47 291.52 284.71 276.29 266.49 255.56 243.80 231.76 219.79 207.99 196.42 185.17 174.31 164.06 154.94 147.15 140.67 135.45 131.47 128.70 127.08 126.59 127.15 128.38 129.98 131.91 134.09 136.47 138.97 141.53 144.10 146.58 148.74 150.40 151.57 152.28 152.54 152.38 151.88 151.32 150.91 150.68 150.64 150.82 151.23 151.88 152.80
231.34 235.10 238.83 242.51 246.12 249.63 253.03 256.25 259.16 261.70 263.87 265.69 267.42 269.59 272.33 275.58 279.26 283.30 287.62 292.16 296.84 301.59 305.96 308.19 307.76 304.93 299.92 292.99 284.36 274.28 263.00 250.74 237.82 224.74 211.80 199.11 186.74 174.93 164.24 154.90 146.90 140.19 134.73 130.50 127.45 125.56 124.78 125.04 125.97 127.30 128.98 130.92 133.08 135.39 137.78 140.19 142.56 144.79 146.69 148.09 149.01 149.45 149.50 149.44 149.46 149.58 149.83 150.22 150.77 151.50 152.42 153.55
230.70 234.49 238.25 241.96 245.60 249.16 252.60 255.91 259.03 261.83 264.25 266.55 269.26 272.51 276.24 280.37 284.83 289.55 294.45 299.46 304.50 309.52 314.06 316.37 315.95 313.06 307.92 300.77 291.87 281.44 269.72 256.96 243.41 229.34 215.22 201.34 187.96 175.71 164.82 155.30 147.08 140.15 134.47 129.99 126.69 124.52 123.46 123.43 124.08 125.15 126.58 128.30 130.25 132.37 134.60 136.86 139.10 141.26 143.24 144.87 145.99 146.68 147.19 147.71 148.26 148.87 149.55 150.32 151.20 152.21 153.35 154.66
230.03 233.83 237.61 241.35 245.01 248.59 252.07 255.42 258.62 261.62 264.55 267.85 271.68 275.94 280.58 285.51 290.67 295.99 301.38 306.78 312.12 317.32 321.95 324.27 323.79 320.75 315.40 307.97 298.70 287.84 275.62 262.29 248.07 233.23 218.03 203.10 189.28 176.85 165.80 156.08 147.67 140.53 134.63 129.92 126.37 123.95 122.61 122.30 122.67 123.49 124.68 126.19 127.95 129.90 131.97 134.10 136.22 138.28 140.20 141.92 143.30 144.46 145.56 146.62 147.67 148.72 149.79 150.90 152.06 153.29 154.61 156.04
229.34 233.14 236.92 240.66 244.34 247.94 251.44 254.81 258.05 261.38 265.27 269.71 274.57 279.77 285.23 290.90 296.68 302.51 308.33 314.04 319.59 324.90 329.54 331.79 331.16 327.91 322.27 314.47 304.77 293.40 280.59 266.60 251.66 236.01 220.11 204.88 190.92 178.34 167.12 157.24 148.64 141.30 135.18 130.25 126.46 123.79 122.20 121.62 121.72 122.30 123.27 124.57 126.15 127.93 129.85 131.85 133.87 135.84 137.70 139.43 141.17 142.91 144.56 146.13 147.62 149.07 150.48 151.88 153.28 154.70 156.15 157.66
228.61 232.40 236.18 239.92 243.60 247.20 250.71 254.10 257.61 261.74 266.59 272.03 277.84 283.89 290.11 296.42 302.75 309.02 315.17 321.13 326.81 332.15 336.72 338.82 337.97 334.43 328.41 320.18 309.96 297.99 284.53 269.80 254.05 237.76 221.85 206.83 192.85 180.14 168.78 158.72 149.95 142.42 136.10 130.95 126.94 124.03 122.19 121.34 121.20 121.54 122.30 123.40 124.80 126.43 128.22 130.10 132.03 133.92 135.77 137.71 139.81 142.00 144.15 146.17 148.06 149.86 151.57 153.21 154.80 156.36 157.90 159.44
227.86 231.63 235.38 239.11 242.78 246.37 249.88 253.53 257.83 262.86 268.53 274.75 281.38 288.20 295.09 301.97 308.77 315.41 321.82 327.93 333.67 338.97 343.39 345.26 344.11 340.19 333.73 324.98 314.16 301.53 287.33 271.79 255.41 239.17 223.59 208.81 194.98 182.23 170.72 160.52 151.58 143.87 137.36 132.00 127.78 124.64 122.55 121.46 121.07 121.18 121.74 122.66 123.90 125.38 127.04 128.82 130.66 132.53 134.55 136.81 139.22 141.73 144.25 146.68 148.93 151.03 152.99 154.83 156.57 158.22 159.80 161.33
227.08 230.81 234.54 238.24 241.88 245.47 249.22 253.63 258.80 264.64 271.04 277.91 285.14 292.60 300.08 307.45 314.64 321.57 328.16 334.36 340.07 345.24 349.44 351.00 349.48 345.11 338.12 328.77 317.28 303.91 288.89 272.73 256.46 240.64 225.40 210.88 197.21 184.51 172.93 162.58 153.48 145.61 138.91 133.37 128.93 125.58 123.26 121.92 121.30 121.20 121.56 122.31 123.39 124.74 126.28 127.97 129.77 131.79 134.11 136.64 139.33 142.10 144.88 147.60 150.17 152.53 154.69 156.69 158.52 160.22 161.80 163.27
226.28 229.96 233.64 237.30 240.92 244.73 249.22 254.49 260.45 267.00 274.03 281.45 289.15 297.04 304.98 312.76 320.26 327.39 334.09 340.29 345.90 350.87 354.76 355.94 353.97 349.06 341.47 331.44 319.21 305.02 289.38 273.40 257.64 242.25 227.35 213.09 199.58 186.96 175.35 164.89 155.64 147.61 140.74 135.01 130.38 126.82 124.28 122.71 121.86 121.56 121.74 122.32 123.26 124.48 125.92 127.56 129.49 131.76 134.33 137.10 140.02 143.01 146.00 148.93 151.71 154.28 156.61 158.71 160.60 162.30 163.83 165.20
225.45 229.07 232.70 236.31 240.14 244.67 250.00 256.05 262.70 269.85 277.42 285.29 293.36 301.54 309.73 317.79 325.51 332.78 339.51 345.63 351.07 355.75 359.26 359.98 357.47 351.96 343.69 332.90 319.84 305.05 289.66 274.27 259.04 244.07 229.52 215.51 202.16 189.61 177.99 167.42 158.03 149.84 142.81 136.91 132.09 128.33 125.58 123.79 122.73 122.23 122.23 122.67 123.47 124.57 125.95 127.70 129.85 132.34 135.11 138.08 141.18 144.35 147.51 150.59 153.52 156.24 158.68 160.84 162.74 164.40 165.83 167.05
224.59 228.15 231.72 235.52 240.05 245.40 251.49 258.20 265.44 273.11 281.10 289.33 297.68 306.06 314.36 322.49 330.31 337.62 344.30 350.27 355.45 359.77 362.83 363.01 359.88 353.68 344.65 333.04 319.40 304.91 290.20 275.43 260.71 246.18 231.97 218.21 205.02 192.54 180.90 170.23 160.65 152.27 145.09 139.02 134.03 130.08 127.13 125.13 123.86 123.19 123.02 123.31 123.98 125.01 126.48 128.41 130.74 133.41 136.34 139.47 142.71 146.01 149.30 152.49 155.53 158.33 160.85 163.03 164.89 166.46 167.75 168.77
