data_processed/recharge/precip/Precip_2008_07.asc
ncols        168
nrows        136
xllcorner    455000
yllcorner    2107000
cellsize     500
NODATA_value     -99999
[rows 99 to 131 of 136, columns 75 to 149 of 168]
132.86 130.41 128.04 125.73 123.50 121.34 119.26 117.25 115.32 113.46 111.68 109.98 108.36 106.81 105.35 103.97 102.68 101.46 100.33 99.29 98.33 97.45 96.67 95.97 95.36 94.84 94.41 94.08 93.83 93.68 93.62 93.66 93.79 94.02 94.34 94.77 95.29 95.91 96.63 97.46 98.38 99.41 100.54 101.78 103.17 104.86 106.89 109.25 111.91 114.87 118.11 121.62 125.39 129.41 133.65 138.12 142.79 147.65 152.70 157.91 163.28 168.79 174.43 180.19 186.05 192.00 198.03 204.12 210.27 216.45 222.67 228.89 235.12 241.34 247.53
136.98 134.42 131.93 129.51 127.17 124.90 122.71 120.59 118.55 116.59 114.71 112.90 111.18 109.54 107.98 106.50 105.11 103.80 102.58 101.44 100.39 99.43 98.55 97.77 97.08 96.47 95.96 95.54 95.22 94.99 94.85 94.81 94.87 95.03 95.28 95.63 96.09 96.64 97.30 98.06 98.92 99.88 100.95 102.13 103.53 105.42 107.71 110.31 113.22 116.41 119.88 123.61 127.59 131.81 136.25 140.90 145.75 150.78 155.99 161.36 166.87 172.52 178.29 184.16 190.13 196.19 202.32 208.50 214.72 220.98 227.26 233.54 239.82 246.07 252.29
141.25 138.57 135.97 133.44 130.99 128.61 126.31 124.08 121.94 119.87 117.88 115.98 114.16 112.42 110.76 109.19 107.70 106.30 104.98 103.75 102.61 101.56 100.60 99.73 98.95 98.27 97.68 97.18 96.78 96.47 96.26 96.14 96.13 96.21 96.39 96.68 97.06 97.55 98.14 98.84 99.64 100.54 101.55 102.67 104.02 105.94 108.42 111.28 114.43 117.86 121.56 125.51 129.70 134.12 138.75 143.59 148.62 153.82 159.19 164.71 170.37 176.16 182.06 188.06 194.14 200.30 206.53 212.80 219.10 225.43 231.77 238.11 244.44 250.73 256.99
145.65 142.85 140.14 137.50 134.93 132.45 130.04 127.71 125.46 123.29 121.20 119.20 117.27 115.43 113.68 112.01 110.43 108.94 107.53 106.21 104.99 103.85 102.80 101.85 100.99 100.22 99.55 98.97 98.49 98.11 97.82 97.63 97.55 97.56 97.67 97.89 98.21 98.63 99.16 99.79 100.53 101.37 102.33 103.40 104.69 106.58 109.11 112.16 115.55 119.22 123.15 127.32 131.72 136.35 141.18 146.20 151.41 156.79 162.32 168.00 173.81 179.73 185.76 191.88 198.08 204.35 210.67 217.03 223.42 229.83 236.23 242.63 249.00 255.34 261.62
150.16 147.25 144.42 141.67 139.00 136.41 133.89 131.46 129.10 126.83 124.65 122.54 120.52 118.59 116.74 114.98 113.30 111.72 110.22 108.82 107.50 106.28 105.15 104.11 103.17 102.32 101.57 100.92 100.36 99.90 99.54 99.28 99.12 99.07 99.11 99.26 99.52 99.87 100.34 100.91 101.59 102.38 103.29 104.30 105.54 107.40 109.92 113.03 116.62 120.52 124.68 129.07 133.69 138.52 143.55 148.76 154.15 159.70 165.40 171.23 177.19 183.25 189.42 195.66 201.98 208.35 214.77 221.23 227.70 234.18 240.65 247.11 253.53 259.91 266.23
154.77 151.76 148.82 145.96 143.18 140.48 137.86 135.33 132.87 130.50 128.21 126.01 123.89 121.86 119.92 118.07 116.30 114.63 113.04 111.55 110.15 108.84 107.63 106.51 105.49 104.56 103.73 103.00 102.37 101.84 101.41 101.08 100.85 100.73 100.70 100.79 100.98 101.27 101.68 102.19 102.82 103.56 104.41 105.37 106.56 108.38 110.89 114.02 117.68 121.78 126.17 130.78 135.61 140.65 145.88 151.29 156.86 162.58 168.45 174.44 180.54 186.75 193.05 199.42 205.85 212.33 218.86 225.40 231.96 238.51 245.05 251.57 258.04 264.47 270.82
159.50 156.37 153.33 150.36 147.47 144.67 141.95 139.31 136.75 134.28 131.90 129.60 127.38 125.26 123.23 121.28 119.43 117.66 115.99 114.41 112.93 111.54 110.24 109.04 107.94 106.94 106.03 105.23 104.52 103.92 103.42 103.02 102.72 102.53 102.44 102.46 102.59 102.82 103.17 103.63 104.21 104.90 105.70 106.61 107.75 109.54 112.03 115.17 118.87 123.06 127.64 132.48 137.53 142.77 148.20 153.80 159.56 165.46 171.49 177.64 183.89 190.24 196.67 203.17 209.72 216.32 222.94 229.58 236.22 242.85 249.47 256.04 262.57 269.04 275.43
164.32 161.08 157.93 154.85 151.86 148.96 146.13 143.39 140.74 138.17 135.69 133.29 130.99 128.77 126.64 124.61 122.67 120.81 119.06 117.39 115.83 114.35 112.98 111.70 110.52 109.44 108.46 107.58 106.80 106.13 105.56 105.09 104.72 104.47 104.32 104.27 104.34 104.51 104.81 105.23 105.76 106.40 107.15 108.00 109.09 110.85 113.34 116.48 120.21 124.46 129.15 134.18 139.45 144.90 150.53 156.32 162.26 168.34 174.54 180.85 187.26 193.75 200.32 206.95 213.62 220.32 227.05 233.78 240.51 247.22 253.91 260.54 267.13 273.64 280.07
169.22 165.88 162.62 159.44 156.35 153.34 150.41 147.57 144.82 142.15 139.58 137.09 134.69 132.38 130.17 128.04 126.01 124.08 122.23 120.49 118.84 117.29 115.83 114.47 113.22 112.06 111.01 110.06 109.21 108.46 107.82 107.29 106.86 106.54 106.32 106.22 106.23 106.36 106.61 106.98 107.46 108.05 108.75 109.55 110.59 112.32 114.79 117.95 121.72 126.02 130.78 135.94 141.40 147.06 152.90 158.88 165.01 171.26 177.63 184.11 190.67 197.31 204.01 210.76 217.56 224.37 231.21 238.04 244.85 251.65 258.40 265.10 271.74 278.30 284.77
174.21 170.76 167.40 164.12 160.92 157.81 154.78 151.85 149.00 146.23 143.56 140.98 138.49 136.09 133.79 131.58 129.46 127.44 125.52 123.69 121.96 120.32 118.79 117.36 116.03 114.80 113.67 112.65 111.73 110.92 110.21 109.61 109.11 108.73 108.45 108.29 108.25 108.34 108.55 108.87 109.30 109.85 110.50 111.25 112.24 113.93 116.40 119.57 123.37 127.72 132.57 137.82 143.42 149.28 155.31 161.50 167.81 174.24 180.79 187.42 194.14 200.92 207.76 214.65 221.56 228.50 235.43 242.36 249.27 256.14 262.97 269.73 276.43 283.04 289.55
179.26 175.72 172.25 168.87 165.57 162.36 159.24 156.20 153.26 150.40 147.64 144.96 142.38 139.90 137.50 135.21 133.01 130.90 128.89 126.98 125.17 123.46 121.85 120.35 118.94 117.64 116.44 115.35 114.36 113.48 112.71 112.04 111.48 111.04 110.70 110.50 110.42 110.46 110.63 110.90 111.29 111.79 112.39 113.08 114.03 115.69 118.15 121.33 125.16 129.57 134.49 139.85 145.57 151.58 157.81 164.19 170.69 177.31 184.02 190.82 197.69 204.63 211.61 218.62 225.66 232.71 239.75 246.78 253.77 260.73 267.63 274.46 281.22 287.87 294.43
184.34 180.73 177.17 173.69 170.29 166.98 163.76 160.63 157.59 154.64 151.79 149.03 146.36 143.78 141.30 138.92 136.64 134.45 132.36 130.37 128.48 126.70 125.01 123.43 121.95 120.58 119.31 118.15 117.09 116.15 115.31 114.58 113.96 113.46 113.08 112.84 112.72 112.72 112.84 113.07 113.41 113.86 114.41 115.06 115.95 117.59 120.04 123.23 127.10 131.56 136.56 142.02 147.86 154.01 160.41 166.98 173.68 180.47 187.36 194.32 201.35 208.44 215.56 222.71 229.87 237.03 244.18 251.31 258.40 265.44 272.41 279.31 286.13 292.84 299.43
189.46 185.78 182.14 178.58 175.08 171.67 168.36 165.13 162.00 158.96 156.01 153.16 150.41 147.75 145.18 142.72 140.35 138.08 135.91 133.84 131.88 130.02 128.26 126.60 125.05 123.61 122.27 121.04 119.92 118.91 118.01 117.22 116.54 116.00 115.59 115.30 115.14 115.10 115.18 115.37 115.66 116.06 116.56 117.16 118.01 119.61 122.05 125.26 129.16 133.69 138.76 144.32 150.28 156.58 163.14 169.90 176.78 183.76 190.83 197.96 205.14 212.38 219.64 226.92 234.21 241.49 248.75 255.98 263.16 270.29 277.34 284.31 291.18 297.94 304.58
194.60 190.85 187.14 183.50 179.93 176.43 173.01 169.70 166.47 163.34 160.31 157.37 154.52 151.78 149.13 146.58 144.13 141.78 139.54 137.39 135.35 133.42 131.58 129.86 128.24 126.73 125.32 124.02 122.84 121.76 120.80 119.95 119.24 118.66 118.21 117.89 117.69 117.61 117.64 117.78 118.03 118.39 118.84 119.38 120.19 121.76 124.20 127.42 131.35 135.94 141.09 146.75 152.83 159.27 166.00 172.95 180.03 187.20 194.44 201.74 209.09 216.47 223.88 231.30 238.71 246.11 253.48 260.81 268.09 275.30 282.43 289.47 296.40 303.22 309.90
199.75 195.93 192.16 188.46 184.81 181.23 177.72 174.31 171.00 167.78 164.66 161.63 158.70 155.87 153.14 150.51 147.98 145.56 143.23 141.01 138.90 136.89 134.98 133.19 131.50 129.92 128.45 127.09 125.84 124.70 123.68 122.80 122.05 121.43 120.95 120.59 120.35 120.23 120.22 120.32 120.52 120.83 121.23 121.73 122.48 124.03 126.46 129.69 133.67 138.31 143.54 149.30 155.51 162.09 168.99 176.12 183.41 190.80 198.23 205.70 213.21 220.74 228.29 235.85 243.39 250.91 258.39 265.83 273.20 280.50 287.71 294.82 301.81 308.68 315.42
204.91 201.02 197.19 193.42 189.71 186.06 182.48 178.98 175.58 172.27 169.06 165.95 162.93 160.02 157.21 154.50 151.89 149.39 146.99 144.70 142.51 140.43 138.45 136.59 134.83 133.18 131.65 130.22 128.91 127.72 126.66 125.75 124.97 124.32 123.79 123.40 123.12 122.95 122.90 122.96 123.12 123.38 123.74 124.19 124.90 126.41 128.83 132.09 136.10 140.79 146.11 151.96 158.30 165.03 172.09 179.41 186.91 194.53 202.19 209.85 217.52 225.21 232.91 240.60 248.27 255.91 263.51 271.05 278.52 285.91 293.20 300.38 307.44 314.36 321.14
210.06 206.11 202.22 198.39 194.61 190.90 187.26 183.68 180.19 176.80 173.50 170.31 167.21 164.22 161.33 158.54 155.86 153.28 150.80 148.43 146.17 144.02 141.98 140.04 138.22 136.51 134.91 133.42 132.06 130.83 129.74 128.80 127.98 127.30 126.74 126.31 125.99 125.79 125.69 125.71 125.82 126.04 126.35 126.75 127.41 128.90 131.32 134.59 138.63 143.39 148.78 154.74 161.20 168.07 175.30 182.81 190.52 198.37 206.29 214.19 222.06 229.90 237.75 245.58 253.38 261.14 268.85 276.50 284.07 291.54 298.91 306.17 313.29 320.28 327.11
215.20 211.19 207.24 203.35 199.52 195.75 192.04 188.41 184.85 181.37 177.99 174.71 171.53 168.46 165.49 162.62 159.86 157.21 154.66 152.22 149.89 147.67 145.56 143.56 141.67 139.89 138.23 136.69 135.29 134.03 132.92 131.94 131.10 130.38 129.78 129.31 128.96 128.72 128.58 128.55 128.63 128.80 129.06 129.41 130.03 131.50 133.90 137.19 141.27 146.09 151.56 157.62 164.20 171.22 178.62 186.31 194.24 202.32 210.49 218.67 226.80 234.84 242.83 250.80 258.73 266.62 274.45 282.20 289.87 297.43 304.89 312.22 319.41 326.45 333.33
220.31 216.25 212.24 208.29 204.41 200.58 196.82 193.13 189.51 185.96 182.50 179.14 175.88 172.73 169.68 166.74 163.91 161.18 158.56 156.05 153.65 151.36 149.18 147.11 145.16 143.32 141.61 140.04 138.61 137.33 136.18 135.17 134.30 133.55 132.92 132.41 132.02 131.74 131.56 131.49 131.52 131.65 131.87 132.17 132.75 134.18 136.59 139.89 144.01 148.88 154.44 160.61 167.31 174.48 182.04 189.92 198.06 206.37 214.80 223.25 231.68 239.99 248.18 256.29 264.36 272.37 280.31 288.17 295.94 303.60 311.14 318.54 325.80 332.90 339.83
225.39 221.27 217.22 213.22 209.28 205.40 201.59 197.84 194.17 190.57 187.04 183.60 180.26 177.03 173.91 170.89 167.98 165.18 162.49 159.91 157.44 155.09 152.84 150.71 148.70 146.81 145.06 143.46 142.01 140.70 139.53 138.49 137.58 136.80 136.14 135.59 135.16 134.84 134.63 134.52 134.51 134.59 134.76 135.02 135.55 136.96 139.36 142.68 146.84 151.77 157.41 163.68 170.51 177.82 185.55 193.63 201.97 210.52 219.20 227.93 236.65 245.29 253.77 262.07 270.27 278.41 286.47 294.44 302.31 310.06 317.69 325.17 332.50 339.66 346.64
230.42 226.26 222.15 218.11 214.12 210.19 206.33 202.54 198.81 195.16 191.57 188.07 184.66 181.35 178.15 175.06 172.08 169.21 166.45 163.80 161.27 158.85 156.54 154.34 152.28 150.36 148.59 146.97 145.49 144.15 142.95 141.89 140.94 140.13 139.43 138.86 138.39 138.03 137.78 137.63 137.57 137.61 137.74 137.95 138.44 139.82 142.22 145.55 149.75 154.75 160.47 166.84 173.79 181.25 189.15 197.42 205.98 214.76 223.69 232.70 241.72 250.67 259.49 268.11 276.50 284.77 292.95 301.03 309.00 316.85 324.56 332.12 339.52 346.74 353.78
235.41 231.20 227.05 222.96 218.92 214.95 211.04 207.20 203.42 199.72 196.09 192.54 189.07 185.69 182.41 179.25 176.20 173.26 170.43 167.71 165.11 162.63 160.26 158.01 155.92 153.98 152.18 150.54 149.04 147.68 146.45 145.35 144.38 143.53 142.80 142.19 141.69 141.29 141.00 140.81 140.71 140.71 140.79 140.96 141.40 142.76 145.15 148.51 152.75 157.80 163.61 170.08 177.16 184.77 192.84 201.29 210.06 219.08 228.27 237.56 246.87 256.15 265.31 274.28 283.00 291.46 299.76 307.96 316.03 323.97 331.77 339.41 346.88 354.17 361.26
240.34 236.09 231.89 227.75 223.68 219.66 215.71 211.82 208.00 204.26 200.58 196.98 193.46 190.02 186.68 183.45 180.32 177.32 174.42 171.64 168.97 166.42 164.00 161.73 159.62 157.66 155.84 154.18 152.65 151.26 150.01 148.88 147.88 147.00 146.24 145.59 145.06 144.62 144.29 144.06 143.92 143.88 143.92 144.04 144.44 145.78 148.16 151.53 155.81 160.93 166.82 173.40 180.61 188.36 196.60 205.25 214.23 223.48 232.92 242.49 252.11 261.70 271.21 280.55 289.65 298.45 306.94 315.25 323.43 331.47 339.35 347.08 354.62 361.97 369.10
245.20 240.91 236.67 232.49 228.37 224.32 220.32 216.40 212.54 208.75 205.03 201.39 197.83 194.35 190.95 187.64 184.45 181.38 178.42 175.57 172.84 170.24 167.79 165.51 163.37 161.39 159.56 157.87 156.32 154.91 153.63 152.47 151.44 150.53 149.74 149.06 148.48 148.02 147.65 147.38 147.20 147.11 147.11 147.18 147.54 148.85 151.24 154.63 158.95 164.13 170.10 176.79 184.12 192.02 200.43 209.27 218.47 227.95 237.65 247.50 257.41 267.33 277.18 286.88 296.37 305.57 314.42 322.92 331.21 339.35 347.33 355.13 362.75 370.15 377.21
249.99 245.66 241.38 237.17 233.01 228.91 224.88 220.91 217.02 213.19 209.44 205.76 202.15 198.63 195.19 191.83 188.58 185.43 182.41 179.50 176.72 174.10 171.64 169.33 167.18 165.18 163.33 161.62 160.04 158.60 157.30 156.12 155.06 154.12 153.29 152.58 151.97 151.47 151.06 150.75 150.53 150.40 150.36 150.39 150.71 151.99 154.38 157.79 162.15 167.39 173.45 180.24 187.70 195.75 204.33 213.36 222.77 232.49 242.45 252.57 262.79 273.03 283.22 293.29 303.16 312.78 322.05 330.92 339.40 347.64 355.71 363.60 371.27 378.60 385.48
254.69 250.32 246.01 241.76 237.57 233.44 229.37 225.37 221.44 217.57 213.78 210.07 206.43 202.87 199.39 196.00 192.69 189.48 186.39 183.43 180.63 178.00 175.52 173.20 171.03 169.01 167.14 165.41 163.81 162.35 161.02 159.81 158.72 157.75 156.89 156.15 155.51 154.97 154.53 154.18 153.92 153.75 153.66 153.65 153.93 155.19 157.57 161.00 165.40 170.71 176.85 183.75 191.33 199.54 208.29 217.51 227.14 237.09 247.31 257.71 268.23 278.79 289.32 299.76 310.02 320.04 329.75 339.07 347.93 356.36 364.53 372.48 380.08 387.22 393.90
259.29 254.89 250.55 246.27 242.04 237.88 233.78 229.75 225.78 221.89 218.06 214.32 210.64 207.05 203.54 200.11 196.77 193.51 190.37 187.40 184.58 181.93 179.44 177.11 174.92 172.89 170.99 169.24 167.62 166.14 164.78 163.54 162.43 161.43 160.54 159.76 159.09 158.51 158.03 157.65 157.35 157.14 157.01 156.95 157.19 158.43 160.81 164.26 168.71 174.08 180.30 187.31 195.02 203.38 212.30 221.72 231.56 241.75 252.22 262.90 273.72 284.61 295.48 306.28 316.93 327.36 337.50 347.28 356.61 365.45 373.78 381.66 389.06 395.98 402.46
263.79 259.37 255.00 250.68 246.43 242.24 238.11 234.04 230.05 226.12 222.27 218.49 214.79 211.17 207.62 204.16 200.79 197.51 194.37 191.39 188.56 185.90 183.40 181.05 178.85 176.79 174.88 173.11 171.47 169.96 168.57 167.31 166.17 165.14 164.22 163.41 162.71 162.10 161.58 161.16 160.83 160.57 160.40 160.30 160.50 161.72 164.10 167.57 172.06 177.49 183.80 190.91 198.76 207.26 216.36 225.97 236.02 246.45 257.18 268.15 279.27 290.47 301.70 312.86 323.90 334.74 345.31 355.54 365.35 374.65 383.24 391.00 398.18 404.89 411.17
268.18 263.73 259.33 254.99 250.71 246.49 242.34 238.25 234.23 230.27 226.39 222.59 218.86 215.21 211.64 208.15 204.76 201.50 198.38 195.40 192.57 189.89 187.38 185.01 182.80 180.73 178.80 177.00 175.34 173.81 172.40 171.11 169.94 168.89 167.94 167.10 166.36 165.72 165.17 164.71 164.33 164.04 163.83 163.69 163.85 165.04 167.42 170.92 175.45 180.95 187.34 194.56 202.54 211.19 220.46 230.26 240.53 251.20 262.19 273.43 284.86 296.39 307.96 319.49 330.92 342.17 353.17 363.85 374.11 383.73 392.51 400.39 407.44 413.95 420.03
272.44 267.97 263.55 259.19 254.89 250.65 246.47 242.35 238.31 234.33 230.43 226.60 222.84 219.16 215.57 212.07 208.70 205.47 202.38 199.42 196.59 193.91 191.38 189.00 186.77 184.68 182.73 180.92 179.24 177.68 176.25 174.94 173.74 172.66 171.68 170.81 170.04 169.36 168.78 168.28 167.87 167.54 167.29 167.10 167.23 168.40 170.78 174.29 178.87 184.43 190.91 198.24 206.35 215.16 224.59 234.59 245.08 255.99 267.24 278.76 290.48 302.34 314.25 326.16 337.97 349.63 361.07 372.18 382.73 392.50 401.45 409.54 416.74 423.15 429.03
276.58 272.09 267.65 263.27 258.94 254.68 250.48 246.35 242.28 238.28 234.36 230.50 226.73 223.03 219.43 215.95 212.62 209.42 206.35 203.42 200.61 197.93 195.39 193.00 190.76 188.65 186.69 184.85 183.15 181.57 180.12 178.78 177.56 176.45 175.45 174.54 173.74 173.03 172.41 171.88 171.43 171.06 170.77 170.55 170.63 171.78 174.16 177.70 182.32 187.95 194.52 201.95 210.19 219.15 228.76 238.96 249.66 260.80 272.31 284.12 296.15 308.33 320.59 332.86 345.06 357.14 368.98 380.34 391.00 400.91 410.03 418.33 425.79 432.38 438.18
280.58 276.07 271.61 267.21 262.87 258.59 254.37 250.22 246.14 242.12 238.18 234.31 230.51 226.81 223.24 219.80 216.50 213.33 210.30 207.39 204.61 201.95 199.42 197.01 194.75 192.63 190.65 188.80 187.08 185.48 184.00 182.64 181.39 180.26 179.22 178.29 177.46 176.71 176.06 175.50 175.01 174.60 174.27 174.01 174.05 175.18 177.57 181.12 185.79 191.48 198.14 205.69 214.05 223.17 232.95 243.34 254.26 265.65 277.42 289.50 301.84 314.34 326.95 339.59 352.18 364.64 376.70 388.14 398.89 408.92 418.22 426.74 434.45 441.33 447.35
284.42 279.90 275.43 271.02 266.66 262.37 258.14 253.97 249.87 245.84 241.88 237.99 234.20 230.53 227.00 223.60 220.34 217.21 214.21 211.33 208.58 205.94 203.43 201.03 198.75 196.62 194.62 192.75 191.01 189.39 187.89 186.51 185.23 184.07 183.01 182.05 181.18 180.41 179.72 179.12 178.60 178.16 177.78 177.48 177.49 178.60 180.98 184.57 189.27 195.04 201.78 209.44 217.94 227.20 237.16 247.75 258.89 270.51 282.54 294.91 307.55 320.38 333.33 346.34 359.30 371.95 384.04 395.52 406.36 416.53 425.99 434.73 442.70 449.87 456.23
