data_processed/recharge/precip/Precip_2012_11.asc
ncols        168
nrows        136
xllcorner    455000
yllcorner    2107000
cellsize     500
NODATA_value     -99999
[rows 0 to 33 of 136, columns 76 to 151 of 168]
1.46 1.18 0.93 0.73 0.59 0.52 0.53 0.64 0.85 1.16 1.50 1.85 2.21 2.59 2.97 3.36 3.77 4.18 4.60 5.02 5.45 5.89 6.34 6.79 7.24 7.70 8.16 8.62 9.08 9.55 10.01 10.48 10.94 11.41 11.87 12.33 12.78 13.23 13.65 14.04 14.40 14.72 15.02 15.29 15.54 15.75 15.93 16.08 16.20 16.29 16.35 16.37 16.36 16.32 16.24 16.13 15.98 15.79 15.57 15.31 15.02 14.68 14.31 13.90 13.45 12.96 12.42 11.85 11.24 10.58 9.88 9.21 8.67 8.29 8.05 7.94
1.44 1.15 0.89 0.69 0.54 0.47 0.48 0.59 0.82 1.13 1.48 1.84 2.21 2.59 2.98 3.39 3.80 4.21 4.64 5.07 5.51 5.96 6.41 6.86 7.32 7.78 8.25 8.72 9.19 9.65 10.13 10.59 11.06 11.53 12.00 12.46 12.91 13.34 13.73 14.10 14.44 14.75 15.03 15.28 15.51 15.70 15.87 16.01 16.11 16.19 16.23 16.25 16.23 16.18 16.09 15.97 15.81 15.62 15.40 15.14 14.84 14.50 14.13 13.71 13.26 12.77 12.24 11.67 11.06 10.41 9.71 9.04 8.51 8.13 7.88 7.75
1.43 1.12 0.85 0.64 0.49 0.41 0.43 0.54 0.77 1.10 1.45 1.82 2.20 2.59 2.99 3.39 3.81 4.24 4.67 5.11 5.55 6.00 6.46 6.92 7.39 7.85 8.32 8.79 9.27 9.74 10.21 10.69 11.16 11.63 12.10 12.56 12.99 13.39 13.77 14.11 14.43 14.72 14.98 15.22 15.43 15.61 15.77 15.89 15.99 16.05 16.09 16.09 16.06 16.00 15.91 15.79 15.63 15.43 15.20 14.94 14.64 14.30 13.93 13.52 13.07 12.58 12.05 11.49 10.88 10.23 9.55 8.89 8.36 7.97 7.71 7.58
1.41 1.09 0.81 0.59 0.43 0.35 0.37 0.48 0.72 1.05 1.41 1.79 2.18 2.57 2.98 3.39 3.82 4.25 4.68 5.13 5.58 6.04 6.50 6.96 7.43 7.90 8.38 8.85 9.33 9.80 10.28 10.76 11.23 11.70 12.17 12.61 13.02 13.40 13.75 14.08 14.38 14.65 14.89 15.11 15.31 15.48 15.62 15.73 15.82 15.88 15.90 15.90 15.87 15.80 15.71 15.58 15.41 15.22 14.99 14.72 14.43 14.09 13.72 13.31 12.87 12.38 11.86 11.30 10.70 10.06 9.38 8.73 8.21 7.82 7.56 7.42
1.39 1.05 0.76 0.53 0.37 0.29 0.30 0.42 0.66 1.00 1.37 1.75 2.14 2.55 2.96 3.38 3.81 4.24 4.69 5.14 5.59 6.05 6.52 6.99 7.46 7.93 8.41 8.89 9.37 9.85 10.33 10.80 11.28 11.75 12.19 12.61 12.99 13.36 13.69 14.00 14.28 14.53 14.76 14.96 15.14 15.30 15.43 15.54 15.61 15.66 15.69 15.68 15.64 15.57 15.47 15.34 15.18 14.98 14.75 14.49 14.19 13.86 13.50 13.09 12.65 12.18 11.66 11.11 10.52 9.89 9.22 8.58 8.06 7.68 7.42 7.27
1.37 1.02 0.72 0.48 0.31 0.22 0.23 0.35 0.59 0.94 1.32 1.70 2.10 2.51 2.93 3.35 3.79 4.23 4.68 5.13 5.59 6.05 6.52 6.99 7.47 7.95 8.43 8.91 9.39 9.87 10.35 10.83 11.30 11.75 12.17 12.56 12.93 13.27 13.58 13.87 14.13 14.37 14.58 14.77 14.94 15.08 15.20 15.30 15.37 15.41 15.43 15.42 15.38 15.31 15.21 15.08 14.92 14.72 14.50 14.24 13.95 13.62 13.26 12.86 12.43 11.96 11.46 10.92 10.34 9.72 9.07 8.44 7.93 7.55 7.28 7.13
1.35 0.99 0.67 0.42 0.24 0.15 0.16 0.28 0.52 0.88 1.26 1.65 2.05 2.47 2.89 3.32 3.76 4.20 4.65 5.11 5.57 6.04 6.51 6.99 7.47 7.94 8.43 8.91 9.39 9.87 10.36 10.83 11.28 11.70 12.10 12.47 12.82 13.14 13.43 13.70 13.95 14.17 14.37 14.54 14.70 14.83 14.93 15.02 15.09 15.13 15.14 15.13 15.09 15.02 14.92 14.79 14.63 14.44 14.22 13.97 13.68 13.36 13.01 12.62 12.20 11.74 11.25 10.72 10.16 9.55 8.91 8.30 7.80 7.42 7.16 7.01
1.34 0.95 0.62 0.36 0.17 0.08 0.08 0.20 0.45 0.81 1.19 1.59 2.00 2.42 2.84 3.28 3.72 4.17 4.62 5.08 5.55 6.02 6.49 6.97 7.45 7.93 8.41 8.89 9.38 9.86 10.33 10.79 11.21 11.61 11.99 12.34 12.66 12.97 13.24 13.49 13.72 13.93 14.12 14.28 14.42 14.54 14.63 14.71 14.77 14.80 14.82 14.81 14.77 14.70 14.60 14.48 14.33 14.14 13.93 13.68 13.40 13.09 12.75 12.37 11.96 11.52 11.04 10.52 9.97 9.38 8.76 8.16 7.67 7.30 7.05 6.89
1.32 0.92 0.58 0.30 0.11 0.00 0.01 0.13 0.37 0.73 1.13 1.53 1.94 2.36 2.79 3.23 3.67 4.12 4.58 5.04 5.51 5.98 6.45 6.93 7.41 7.89 8.38 8.86 9.34 9.82 10.27 10.70 11.11 11.48 11.84 12.17 12.47 12.76 13.01 13.25 13.46 13.66 13.83 13.98 14.11 14.21 14.30 14.37 14.42 14.45 14.46 14.45 14.41 14.35 14.26 14.14 13.99 13.82 13.61 13.37 13.10 12.81 12.47 12.11 11.71 11.28 10.82 10.32 9.79 9.22 8.61 8.03 7.55 7.19 6.94 6.79
1.31 0.89 0.53 0.24 0.04 0.00 0.00 0.04 0.29 0.66 1.05 1.46 1.87 2.30 2.73 3.17 3.61 4.07 4.52 4.99 5.46 5.93 6.40 6.88 7.36 7.84 8.33 8.81 9.29 9.74 10.17 10.58 10.96 11.31 11.65 11.96 12.24 12.51 12.75 12.97 13.17 13.35 13.51 13.64 13.76 13.86 13.94 14.00 14.04 14.06 14.07 14.06 14.03 13.97 13.89 13.78 13.64 13.47 13.27 13.05 12.79 12.51 12.19 11.84 11.46 11.04 10.60 10.11 9.60 9.05 8.46 7.90 7.44 7.09 6.85 6.70
1.30 0.86 0.49 0.19 0.00 0.00 0.00 0.00 0.21 0.58 0.98 1.38 1.80 2.23 2.66 3.10 3.55 4.00 4.46 4.93 5.39 5.87 6.34 6.82 7.30 7.78 8.26 8.74 9.19 9.62 10.03 10.41 10.77 11.11 11.42 11.71 11.98 12.23 12.46 12.66 12.85 13.01 13.16 13.28 13.39 13.48 13.55 13.60 13.64 13.66 13.66 13.64 13.61 13.56 13.49 13.39 13.26 13.10 12.92 12.71 12.46 12.19 11.89 11.56 11.19 10.80 10.37 9.91 9.41 8.88 8.32 7.78 7.34 7.00 6.77 6.63
1.30 0.84 0.45 0.13 0.00 0.00 0.00 0.00 0.13 0.50 0.90 1.31 1.72 2.15 2.59 3.03 3.48 3.93 4.39 4.86 5.32 5.80 6.27 6.75 7.23 7.71 8.18 8.63 9.06 9.47 9.85 10.21 10.55 10.87 11.16 11.44 11.69 11.92 12.13 12.32 12.49 12.64 12.78 12.89 12.99 13.07 13.14 13.18 13.21 13.22 13.22 13.21 13.17 13.13 13.06 12.97 12.86 12.71 12.54 12.34 12.12 11.86 11.58 11.26 10.92 10.54 10.14 9.70 9.22 8.72 8.18 7.66 7.24 6.92 6.70 6.56
1.30 0.82 0.41 0.08 0.00 0.00 0.00 0.00 0.05 0.41 0.82 1.23 1.65 2.07 2.51 2.95 3.40 3.85 4.31 4.78 5.24 5.72 6.19 6.66 7.14 7.61 8.06 8.49 8.90 9.28 9.64 9.98 10.30 10.60 10.87 11.13 11.36 11.58 11.77 11.95 12.11 12.25 12.38 12.48 12.57 12.64 12.70 12.74 12.76 12.77 12.77 12.75 12.72 12.67 12.61 12.53 12.43 12.30 12.15 11.97 11.76 11.52 11.26 10.96 10.64 10.28 9.90 9.48 9.04 8.55 8.04 7.55 7.15 6.85 6.64 6.51
1.31 0.81 0.38 0.03 0.00 0.00 0.00 0.00 0.00 0.33 0.73 1.14 1.56 1.99 2.43 2.87 3.32 3.77 4.23 4.69 5.16 5.63 6.10 6.57 7.04 7.49 7.91 8.32 8.70 9.06 9.40 9.72 10.02 10.29 10.55 10.79 11.01 11.21 11.39 11.56 11.71 11.84 11.95 12.05 12.13 12.19 12.24 12.28 12.30 12.30 12.30 12.28 12.24 12.20 12.14 12.07 11.98 11.87 11.73 11.57 11.38 11.17 10.92 10.65 10.35 10.02 9.66 9.27 8.85 8.39 7.91 7.44 7.06 6.78 6.59 6.47
1.32 0.80 0.35 0.00 0.00 0.00 0.00 0.00 0.00 0.25 0.65 1.06 1.48 1.91 2.34 2.78 3.23 3.68 4.14 4.60 5.06 5.53 6.00 6.46 6.91 7.33 7.73 8.11 8.47 8.81 9.13 9.43 9.71 9.96 10.21 10.43 10.63 10.82 10.99 11.14 11.28 11.40 11.50 11.59 11.66 11.72 11.77 11.80 11.81 11.82 11.81 11.79 11.76 11.71 11.65 11.59 11.51 11.42 11.30 11.16 10.99 10.80 10.58 10.33 10.05 9.75 9.41 9.05 8.66 8.23 7.78 7.34 6.99 6.73 6.55 6.45
1.34 0.79 0.33 0.00 0.00 0.00 0.00 0.00 0.00 0.17 0.57 0.98 1.40 1.82 2.25 2.69 3.14 3.59 4.04 4.50 4.96 5.42 5.88 6.32 6.74 7.14 7.52 7.88 8.21 8.53 8.83 9.11 9.37 9.61 9.84 10.04 10.23 10.41 10.56 10.70 10.83 10.94 11.03 11.12 11.18 11.24 11.28 11.30 11.32 11.32 11.31 11.29 11.26 11.21 11.16 11.10 11.03 10.94 10.85 10.73 10.58 10.41 10.22 10.00 9.75 9.47 9.16 8.83 8.47 8.07 7.65 7.24 6.92 6.68 6.52 6.43
1.37 0.80 0.31 0.00 0.00 0.00 0.00 0.00 0.00 0.08 0.48 0.89 1.31 1.73 2.16 2.60 3.04 3.49 3.94 4.39 4.85 5.30 5.74 6.15 6.55 6.92 7.28 7.61 7.93 8.23 8.50 8.77 9.01 9.23 9.44 9.64 9.81 9.97 10.12 10.25 10.36 10.47 10.55 10.63 10.69 10.74 10.77 10.80 10.81 10.81 10.80 10.78 10.75 10.71 10.66 10.60 10.54 10.46 10.38 10.28 10.16 10.02 9.85 9.66 9.43 9.19 8.91 8.61 8.28 7.92 7.53 7.15 6.86 6.64 6.51 6.43
1.40 0.81 0.30 0.00 0.00 0.00 0.00 0.00 0.00 0.01 0.40 0.81 1.22 1.64 2.07 2.51 2.94 3.39 3.83 4.28 4.73 5.16 5.57 5.96 6.33 6.68 7.01 7.33 7.62 7.90 8.16 8.40 8.63 8.84 9.03 9.21 9.37 9.52 9.66 9.78 9.88 9.98 10.06 10.12 10.18 10.22 10.26 10.28 10.29 10.29 10.28 10.26 10.24 10.20 10.15 10.10 10.04 9.97 9.90 9.82 9.72 9.61 9.47 9.30 9.11 8.90 8.66 8.39 8.09 7.76 7.41 7.07 6.80 6.62 6.50 6.45
1.45 0.83 0.30 0.00 0.00 0.00 0.00 0.00 0.00 0.00 0.32 0.73 1.14 1.56 1.98 2.41 2.84 3.28 3.72 4.16 4.59 4.99 5.37 5.74 6.09 6.41 6.72 7.02 7.29 7.55 7.79 8.02 8.23 8.42 8.60 8.77 8.92 9.06 9.18 9.29 9.39 9.48 9.55 9.61 9.66 9.70 9.73 9.75 9.76 9.77 9.76 9.74 9.72 9.69 9.65 9.60 9.55 9.49 9.42 9.35 9.27 9.19 9.08 8.94 8.79 8.60 8.39 8.16 7.90 7.61 7.29 6.99 6.76 6.60 6.51 6.47
1.50 0.86 0.31 0.00 0.00 0.00 0.00 0.00 0.00 0.00 0.25 0.65 1.06 1.47 1.89 2.31 2.74 3.18 3.61 4.02 4.42 4.80 5.16 5.50 5.82 6.12 6.41 6.69 6.94 7.18 7.41 7.62 7.81 7.99 8.16 8.31 8.45 8.58 8.69 8.79 8.89 8.96 9.03 9.09 9.14 9.18 9.20 9.22 9.23 9.24 9.23 9.22 9.20 9.17 9.14 9.10 9.05 9.00 8.95 8.89 8.82 8.75 8.67 8.58 8.45 8.30 8.13 7.93 7.71 7.46 7.18 6.92 6.72 6.59 6.53 6.52
1.54 0.90 0.33 0.00 0.00 0.00 0.00 0.00 0.00 0.00 0.18 0.57 0.98 1.38 1.80 2.22 2.64 3.06 3.47 3.86 4.23 4.58 4.91 5.23 5.53 5.82 6.09 6.34 6.58 6.80 7.01 7.20 7.38 7.55 7.70 7.84 7.97 8.09 8.19 8.29 8.37 8.45 8.51 8.56 8.61 8.64 8.67 8.69 8.70 8.71 8.70 8.69 8.68 8.66 8.63 8.60 8.56 8.52 8.48 8.43 8.38 8.32 8.26 8.20 8.11 8.00 7.86 7.70 7.52 7.31 7.07 6.85 6.69 6.59 6.56 6.57
1.51 0.93 0.35 0.00 0.00 0.00 0.00 0.00 0.00 0.00 0.11 0.50 0.90 1.30 1.71 2.12 2.53 2.93 3.31 3.67 4.02 4.34 4.66 4.95 5.23 5.49 5.74 5.98 6.20 6.40 6.59 6.77 6.94 7.09 7.23 7.36 7.48 7.59 7.69 7.78 7.85 7.92 7.98 8.03 8.07 8.11 8.14 8.16 8.17 8.18 8.18 8.17 8.16 8.15 8.13 8.10 8.08 8.05 8.01 7.98 7.94 7.90 7.86 7.81 7.76 7.69 7.59 7.47 7.33 7.16 6.97 6.79 6.67 6.61 6.60 6.64
1.37 0.87 0.36 0.00 0.00 0.00 0.00 0.00 0.00 0.00 0.05 0.43 0.82 1.22 1.62 2.02 2.41 2.78 3.13 3.47 3.79 4.09 4.38 4.65 4.91 5.15 5.38 5.60 5.80 5.99 6.17 6.33 6.49 6.63 6.76 6.88 6.99 7.09 7.18 7.26 7.33 7.40 7.45 7.50 7.54 7.57 7.60 7.62 7.64 7.65 7.65 7.65 7.65 7.64 7.63 7.62 7.60 7.58 7.56 7.53 7.51 7.48 7.46 7.43 7.41 7.37 7.32 7.24 7.14 7.02 6.87 6.73 6.65 6.63 6.65 6.72
1.12 0.70 0.29 0.00 0.00 0.00 0.00 0.00 0.00 0.00 0.00 0.37 0.75 1.14 1.53 1.91 2.27 2.61 2.94 3.25 3.54 3.82 4.09 4.34 4.58 4.80 5.02 5.21 5.40 5.57 5.74 5.89 6.03 6.16 6.28 6.39 6.49 6.58 6.67 6.74 6.81 6.87 6.92 6.97 7.01 7.04 7.07 7.09 7.11 7.13 7.14 7.14 7.15 7.15 7.14 7.14 7.13 7.12 7.12 7.11 7.10 7.09 7.08 7.07 7.06 7.06 7.04 7.01 6.96 6.88 6.78 6.68 6.65 6.66 6.72 6.82
0.73 0.41 0.09 0.00 0.00 0.00 0.00 0.00 0.00 0.00 0.00 0.31 0.69 1.06 1.43 1.78 2.11 2.43 2.73 3.01 3.29 3.54 3.79 4.02 4.24 4.44 4.64 4.82 4.99 5.15 5.30 5.44 5.57 5.69 5.80 5.90 5.99 6.08 6.15 6.22 6.29 6.34 6.40 6.44 6.48 6.52 6.55 6.57 6.59 6.61 6.63 6.64 6.65 6.66 6.67 6.67 6.68 6.68 6.69 6.69 6.70 6.70 6.71 6.72 6.73 6.75 6.77 6.78 6.77 6.74 6.69 6.64 6.65 6.70 6.80 6.91
0.20 0.00 0.00 0.00 0.00 0.00 0.00 0.00 0.00 0.00 0.00 0.26 0.62 0.97 1.31 1.63 1.94 2.23 2.50 2.77 3.02 3.25 3.48 3.69 3.89 4.08 4.25 4.42 4.57 4.72 4.86 4.98 5.10 5.21 5.31 5.41 5.49 5.57 5.64 5.71 5.77 5.82 5.87 5.92 5.96 5.99 6.03 6.06 6.08 6.11 6.13 6.15 6.17 6.19 6.20 6.22 6.24 6.26 6.28 6.30 6.32 6.34 6.37 6.40 6.43 6.46 6.50 6.55 6.58 6.60 6.60 6.61 6.66 6.75 6.87 6.99
0.00 0.00 0.00 0.00 0.00 0.00 0.00 0.00 0.00 0.00 0.00 0.21 0.55 0.87 1.18 1.47 1.75 2.02 2.27 2.51 2.74 2.95 3.16 3.35 3.53 3.70 3.86 4.02 4.16 4.29 4.41 4.53 4.64 4.74 4.83 4.91 4.99 5.07 5.14 5.20 5.26 5.31 5.36 5.40 5.45 5.48 5.52 5.55 5.59 5.62 5.65 5.67 5.70 5.73 5.76 5.79 5.82 5.85 5.88 5.92 5.96 6.00 6.04 6.09 6.14 6.20 6.26 6.33 6.40 6.47 6.52 6.58 6.68 6.80 6.92 7.04
0.00 0.00 0.00 0.00 0.00 0.00 0.00 0.00 0.00 0.00 0.00 0.15 0.46 0.76 1.04 1.30 1.56 1.80 2.03 2.25 2.45 2.65 2.83 3.01 3.17 3.33 3.47 3.61 3.74 3.86 3.97 4.08 4.17 4.26 4.35 4.43 4.50 4.57 4.64 4.70 4.75 4.80 4.85 4.90 4.94 4.98 5.02 5.06 5.10 5.14 5.18 5.21 5.25 5.29 5.33 5.37 5.42 5.46 5.51 5.56 5.62 5.68 5.74 5.81 5.89 5.97 6.05 6.14 6.24 6.35 6.45 6.56 6.69 6.82 6.94 7.07
0.00 0.00 0.00 0.00 0.00 0.00 0.00 0.00 0.00 0.00 0.00 0.09 0.37 0.64 0.89 1.13 1.36 1.58 1.79 1.99 2.17 2.35 2.51 2.67 2.82 2.96 3.09 3.21 3.32 3.43 3.53 3.63 3.72 3.80 3.88 3.95 4.02 4.09 4.15 4.21 4.26 4.31 4.36 4.41 4.46 4.50 4.55 4.59 4.64 4.68 4.73 4.77 4.82 4.87 4.92 4.98 5.04 5.10 5.16 5.23 5.31 5.39 5.47 5.56 5.66 5.76 5.87 5.99 6.11 6.24 6.38 6.52 6.66 6.80 6.93 7.06
0.00 0.00 0.00 0.00 0.00 0.00 0.00 0.00 0.00 0.00 0.00 0.10 0.35 0.59 0.82 1.03 1.24 1.43 1.62 1.79 1.96 2.11 2.26 2.40 2.53 2.65 2.76 2.87 2.97 3.07 3.16 3.24 3.32 3.40 3.47 3.54 3.60 3.66 3.72 3.77 3.82 3.88 3.93 3.98 4.02 4.07 4.12 4.17 4.22 4.27 4.33 4.38 4.44 4.50 4.57 4.63 4.71 4.78 4.86 4.95 5.04 5.14 5.24 5.35 5.47 5.60 5.73 5.87 6.02 6.18 6.33 6.48 6.63 6.77 6.91 7.04
0.00 0.00 0.00 0.00 0.00 0.00 0.00 0.00 0.00 0.00 0.00 0.25 0.47 0.68 0.88 1.07 1.25 1.41 1.57 1.72 1.87 2.00 2.12 2.24 2.35 2.46 2.56 2.65 2.74 2.82 2.89 2.97 3.04 3.10 3.16 3.22 3.28 3.33 3.38 3.43 3.48 3.53 3.58 3.63 3.68 3.73 3.78 3.83 3.88 3.94 4.00 4.06 4.13 4.20 4.27 4.35 4.44 4.53 4.62 4.72 4.83 4.95 5.07 5.20 5.33 5.48 5.64 5.80 5.97 6.14 6.31 6.46 6.61 6.75 6.90 7.03
0.00 0.00 0.00 0.00 0.00 0.00 0.00 0.00 0.00 0.00 0.17 0.51 0.73 0.91 1.08 1.23 1.38 1.53 1.66 1.78 1.90 2.01 2.11 2.21 2.30 2.39 2.47 2.54 2.61 2.68 2.74 2.80 2.85 2.90 2.95 3.00 3.05 3.09 3.14 3.18 3.23 3.27 3.32 3.36 3.41 3.46 3.51 3.57 3.62 3.68 3.75 3.82 3.89 3.97 4.05 4.14 4.23 4.33 4.44 4.56 4.68 4.81 4.94 5.09 5.25 5.41 5.59 5.77 5.96 6.13 6.29 6.45 6.60 6.75 6.90 7.04
0.00 0.00 0.00 0.00 0.00 0.00 0.00 0.00 0.00 0.00 0.36 0.80 1.09 1.27 1.40 1.53 1.65 1.76 1.87 1.97 2.06 2.14 2.22 2.29 2.36 2.42 2.48 2.54 2.59 2.64 2.68 2.73 2.77 2.80 2.84 2.88 2.91 2.95 2.99 3.02 3.06 3.10 3.14 3.18 3.22 3.27 3.32 3.38 3.43 3.50 3.56 3.64 3.71 3.80 3.89 3.98 4.08 4.19 4.31 4.44 4.57 4.72 4.87 5.03 5.20 5.38 5.58 5.77 5.96 6.14 6.30 6.45 6.61 6.76 6.91 7.06
0.00 0.00 0.00 0.00 0.00 0.00 0.00 0.00 0.00 0.00 0.55 1.09 1.48 1.73 1.86 1.95 2.04 2.12 2.20 2.27 2.33 2.39 2.44 2.49 2.53 2.57 2.61 2.64 2.67 2.70 2.73 2.75 2.78 2.80 2.82 2.85 2.87 2.89 2.92 2.94 2.97 3.00 3.04 3.07 3.11 3.16 3.20 3.26 3.31 3.38 3.44 3.52 3.60 3.68 3.78 3.88 3.99 4.11 4.23 4.37 4.51 4.67 4.83 5.01 5.20 5.39 5.59 5.79 5.98 6.16 6.32 6.48 6.63 6.78 6.94 7.09
