data_processed/recharge/precip/Precip_2000_08.asc
ncols        168
nrows        136
xllcorner    455000
yllcorner    2107000
cellsize     500
NODATA_value     -99999
[rows 32 to 63 of 136, columns 71 to 141 of 168]
213.80 211.43 208.77 205.77 202.42 198.70 194.57 190.09 185.47 180.78 176.04 171.26 166.47 161.67 156.79 151.77 146.65 141.45 136.21 130.95 125.71 120.53 115.43 110.44 105.61 100.95 96.52 92.37 88.65 85.40 82.66 80.44 78.77 77.66 76.95 76.49 76.22 76.10 76.10 76.17 76.33 76.66 77.19 77.91 78.78 79.80 80.93 82.17 83.49 84.86 86.28 87.72 89.15 90.57 91.97 93.36 94.76 96.16 97.58 99.03 100.52 102.08 103.72 105.44 107.25 109.14 111.12 113.31 115.76 118.47 121.37
211.36 209.06 206.46 203.53 200.24 196.59 192.53 188.13 183.58 178.95 174.27 169.55 164.81 160.07 155.34 150.54 145.62 140.62 135.55 130.45 125.35 120.29 115.30 110.41 105.65 101.06 96.71 92.73 89.19 86.09 83.47 81.34 79.74 78.67 78.00 77.57 77.35 77.28 77.33 77.46 77.62 77.85 78.22 78.78 79.50 80.36 81.33 82.41 83.57 84.79 86.05 87.33 88.61 89.88 91.17 92.46 93.78 95.13 96.52 97.96 99.45 101.01 102.66 104.37 106.17 108.05 110.01 112.06 114.31 116.80 119.53
209.28 207.02 204.47 201.60 198.38 194.78 190.79 186.45 181.97 177.40 172.77 168.10 163.40 158.70 154.02 149.35 144.64 139.83 134.94 130.01 125.06 120.13 115.25 110.46 105.78 101.30 97.13 93.35 89.97 87.01 84.51 82.47 80.93 79.89 79.25 78.85 78.66 78.63 78.73 78.91 79.13 79.36 79.61 79.99 80.54 81.22 82.02 82.93 83.91 84.96 86.04 87.15 88.26 89.40 90.56 91.76 93.00 94.30 95.65 97.06 98.56 100.12 101.76 103.47 105.26 107.12 109.06 111.08 113.19 115.48 118.01
207.52 205.31 202.81 199.98 196.81 193.27 189.34 185.06 180.63 176.11 171.53 166.89 162.23 157.56 152.91 148.28 143.70 139.07 134.37 129.60 124.80 120.00 115.24 110.55 106.00 101.73 97.78 94.18 90.96 88.14 85.74 83.78 82.30 81.29 80.66 80.28 80.12 80.13 80.26 80.48 80.76 81.04 81.29 81.54 81.89 82.38 82.99 83.71 84.50 85.35 86.25 87.17 88.12 89.11 90.15 91.25 92.41 93.64 94.95 96.35 97.83 99.39 101.02 102.72 104.49 106.34 108.25 110.25 112.32 114.48 116.81
206.08 203.91 201.44 198.66 195.53 192.04 188.16 183.93 179.55 175.08 170.53 165.93 161.30 156.65 152.01 147.40 142.84 138.33 133.80 129.20 124.56 119.90 115.26 110.72 106.40 102.35 98.61 95.20 92.13 89.44 87.13 85.25 83.81 82.82 82.20 81.84 81.69 81.73 81.89 82.15 82.47 82.80 83.10 83.34 83.54 83.82 84.23 84.73 85.32 85.96 86.65 87.39 88.17 89.02 89.93 90.92 91.99 93.16 94.42 95.79 97.27 98.82 100.44 102.12 103.87 105.69 107.59 109.55 111.59 113.70 115.90
204.95 202.80 200.37 197.62 194.53 191.08 187.24 183.05 178.71 174.28 169.76 165.19 160.57 155.94 151.32 146.71 142.15 137.65 133.23 128.79 124.31 119.79 115.32 111.02 106.96 103.14 99.60 96.36 93.44 90.86 88.65 86.83 85.42 84.45 83.83 83.48 83.35 83.39 83.58 83.87 84.22 84.59 84.94 85.23 85.42 85.54 85.72 86.00 86.36 86.78 87.25 87.80 88.41 89.10 89.88 90.76 91.74 92.84 94.05 95.40 96.86 98.40 100.00 101.66 103.39 105.19 107.05 108.98 110.98 113.06 115.20
204.11 201.98 199.57 196.85 193.79 190.37 186.57 182.42 178.11 173.70 169.21 164.65 160.06 155.44 150.81 146.21 141.64 137.13 132.70 128.36 124.03 119.70 115.50 111.47 107.65 104.05 100.70 97.63 94.84 92.38 90.25 88.49 87.11 86.14 85.52 85.16 85.04 85.10 85.30 85.61 85.99 86.39 86.78 87.11 87.34 87.45 87.45 87.49 87.60 87.78 88.04 88.39 88.83 89.36 90.01 90.77 91.66 92.68 93.84 95.15 96.60 98.12 99.70 101.34 103.04 104.81 106.64 108.53 110.49 112.52 114.62
203.55 201.44 199.05 196.34 193.30 189.91 186.13 182.02 177.73 173.34 168.87 164.32 159.73 155.11 150.49 145.87 141.29 136.77 132.31 127.96 123.74 119.69 115.78 112.02 108.44 105.05 101.89 98.97 96.32 93.96 91.91 90.19 88.84 87.86 87.23 86.86 86.73 86.80 87.01 87.34 87.73 88.16 88.57 88.94 89.22 89.36 89.34 89.18 89.03 88.98 89.01 89.16 89.42 89.79 90.30 90.95 91.74 92.68 93.78 95.05 96.48 97.98 99.54 101.15 102.82 104.55 106.34 108.20 110.11 112.09 114.13
203.26 201.16 198.77 196.08 193.06 189.68 185.92 181.83 177.56 173.19 168.72 164.18 159.59 154.96 150.32 145.69 141.09 136.54 132.06 127.71 123.61 119.78 116.14 112.64 109.29 106.11 103.12 100.35 97.82 95.56 93.57 91.90 90.56 89.57 88.92 88.54 88.40 88.46 88.67 89.00 89.41 89.86 90.30 90.69 91.00 91.18 91.19 90.99 90.65 90.34 90.16 90.10 90.17 90.39 90.75 91.27 91.96 92.82 93.86 95.09 96.49 97.97 99.50 101.08 102.71 104.41 106.16 107.96 109.83 111.76 113.75
203.23 201.12 198.74 196.05 193.04 189.67 185.92 181.84 177.59 173.22 168.75 164.21 159.61 154.97 150.31 145.66 141.03 136.45 131.97 127.72 123.72 120.00 116.55 113.29 110.16 107.18 104.36 101.74 99.32 97.14 95.22 93.58 92.25 91.25 90.56 90.16 90.00 90.05 90.25 90.58 91.00 91.45 91.90 92.32 92.65 92.85 92.88 92.72 92.36 91.88 91.47 91.20 91.09 91.14 91.35 91.75 92.33 93.10 94.08 95.26 96.63 98.08 99.58 101.12 102.72 104.37 106.07 107.83 109.65 111.52 113.44
203.44 201.33 198.94 196.24 193.23 189.86 186.13 182.05 177.80 173.43 168.96 164.40 159.78 155.12 150.44 145.76 141.10 136.52 132.13 127.98 124.08 120.43 117.06 113.95 111.03 108.23 105.58 103.08 100.78 98.68 96.81 95.20 93.87 92.84 92.12 91.68 91.50 91.53 91.72 92.04 92.45 92.90 93.36 93.79 94.12 94.32 94.37 94.26 93.98 93.51 92.94 92.46 92.16 92.03 92.10 92.36 92.83 93.51 94.42 95.56 96.89 98.31 99.77 101.27 102.83 104.43 106.09 107.79 109.55 111.36 113.19
203.89 201.75 199.35 196.65 193.63 190.26 186.52 182.44 178.19 173.81 169.32 164.75 160.10 155.41 150.70 145.98 141.32 136.82 132.54 128.48 124.65 121.06 117.73 114.66 111.86 109.23 106.73 104.36 102.16 100.13 98.31 96.72 95.38 94.31 93.55 93.08 92.86 92.86 93.03 93.33 93.73 94.18 94.64 95.04 95.36 95.56 95.64 95.58 95.38 95.02 94.49 93.87 93.37 93.07 92.98 93.11 93.46 94.05 94.88 95.97 97.27 98.64 100.06 101.53 103.04 104.59 106.19 107.83 109.53 111.24 112.88
204.55 202.40 199.97 197.25 194.21 190.83 187.08 183.00 178.74 174.34 169.83 165.23 160.55 155.83 151.08 146.35 141.77 137.38 133.18 129.18 125.40 121.86 118.55 115.49 112.69 110.15 107.79 105.54 103.42 101.47 99.68 98.10 96.74 95.64 94.82 94.30 94.05 94.01 94.15 94.43 94.81 95.24 95.66 96.03 96.32 96.53 96.65 96.65 96.53 96.28 95.89 95.34 94.72 94.24 93.99 93.98 94.22 94.71 95.46 96.49 97.75 99.08 100.46 101.88 103.33 104.83 106.37 107.96 109.55 111.08 112.52
205.42 203.24 200.78 198.04 194.98 191.58 187.81 183.71 179.43 175.01 170.47 165.83 161.12 156.36 151.60 146.95 142.47 138.15 134.01 130.07 126.33 122.80 119.50 116.43 113.60 111.03 108.72 106.57 104.54 102.64 100.89 99.31 97.93 96.77 95.90 95.33 95.02 94.94 95.04 95.29 95.64 96.02 96.38 96.71 96.99 97.21 97.36 97.43 97.41 97.27 97.02 96.64 96.11 95.53 95.12 94.97 95.09 95.48 96.15 97.11 98.33 99.62 100.95 102.31 103.71 105.15 106.63 108.12 109.53 110.86 112.11
206.49 204.27 201.78 199.00 195.91 192.48 188.69 184.57 180.26 175.81 171.23 166.56 161.80 157.02 152.34 147.79 143.38 139.12 135.03 131.12 127.39 123.86 120.54 117.44 114.57 111.94 109.57 107.44 105.48 103.62 101.90 100.31 98.90 97.69 96.75 96.11 95.75 95.62 95.68 95.88 96.16 96.46 96.76 97.05 97.33 97.57 97.76 97.90 97.97 97.96 97.86 97.65 97.32 96.87 96.37 96.08 96.06 96.35 96.93 97.83 99.00 100.24 101.52 102.82 104.17 105.54 106.92 108.24 109.46 110.59 111.66
207.74 205.47 202.94 200.12 196.99 193.53 189.71 185.56 181.21 176.72 172.10 167.38 162.61 157.91 153.31 148.83 144.48 140.27 136.20 132.30 128.57 125.03 121.67 118.52 115.59 112.88 110.40 108.18 106.20 104.38 102.66 101.07 99.62 98.34 97.33 96.63 96.20 96.01 96.01 96.13 96.30 96.52 96.77 97.03 97.30 97.57 97.81 98.03 98.20 98.32 98.36 98.33 98.21 97.98 97.64 97.28 97.14 97.32 97.81 98.64 99.75 100.94 102.16 103.41 104.69 105.97 107.18 108.30 109.33 110.30 111.20
209.16 206.84 204.26 201.39 198.22 194.71 190.85 186.67 182.28 177.74 173.07 168.33 163.63 159.01 154.48 150.06 145.75 141.56 137.50 133.59 129.84 126.26 122.85 119.63 116.61 113.81 111.22 108.86 106.75 104.88 103.16 101.55 100.05 98.70 97.61 96.83 96.33 96.07 95.97 95.96 96.03 96.18 96.37 96.62 96.89 97.18 97.48 97.78 98.06 98.30 98.51 98.66 98.75 98.76 98.68 98.50 98.31 98.37 98.78 99.54 100.59 101.72 102.88 104.06 105.25 106.36 107.38 108.32 109.18 109.99 110.75
210.74 208.37 205.73 202.80 199.57 196.02 192.11 187.88 183.44 178.85 174.17 169.49 164.87 160.32 155.84 151.45 147.16 142.97 138.91 134.97 131.18 127.54 124.06 120.75 117.63 114.70 111.98 109.48 107.20 105.17 103.36 101.71 100.16 98.73 97.55 96.68 96.10 95.72 95.47 95.34 95.32 95.39 95.55 95.77 96.05 96.38 96.74 97.12 97.51 97.90 98.27 98.61 98.91 99.16 99.34 99.45 99.48 99.52 99.82 100.50 101.49 102.57 103.66 104.75 105.77 106.69 107.54 108.31 109.03 109.69 110.32
212.48 210.06 207.35 204.35 201.05 197.43 193.47 189.19 184.70 180.08 175.46 170.86 166.30 161.80 157.35 152.97 148.68 144.48 140.39 136.41 132.55 128.84 125.27 121.86 118.61 115.55 112.68 110.00 107.55 105.31 103.31 101.53 99.91 98.39 97.11 96.15 95.43 94.88 94.49 94.25 94.14 94.14 94.26 94.47 94.76 95.13 95.55 96.03 96.53 97.06 97.60 98.13 98.66 99.15 99.61 100.02 100.36 100.63 100.94 101.54 102.46 103.47 104.47 105.40 106.23 106.99 107.67 108.30 108.87 109.41 109.93
214.38 211.89 209.11 206.03 202.65 198.95 194.92 190.58 186.06 181.51 176.96 172.42 167.90 163.42 158.99 154.61 150.30 146.07 141.92 137.88 133.95 130.13 126.45 122.92 119.53 116.31 113.27 110.41 107.75 105.30 103.06 101.06 99.28 97.65 96.26 95.14 94.24 93.53 93.00 92.65 92.45 92.40 92.48 92.68 92.99 93.40 93.90 94.46 95.09 95.77 96.48 97.21 97.96 98.71 99.44 100.15 100.83 101.45 102.02 102.63 103.49 104.40 105.24 105.99 106.66 107.26 107.80 108.29 108.75 109.18 109.59
216.44 213.87 211.01 207.84 204.37 200.58 196.46 192.06 187.59 183.11 178.61 174.11 169.62 165.15 160.72 156.32 151.97 147.69 143.48 139.35 135.32 131.40 127.59 123.91 120.37 116.98 113.74 110.68 107.80 105.11 102.63 100.36 98.31 96.50 94.93 93.61 92.52 91.65 90.99 90.53 90.25 90.14 90.19 90.39 90.73 91.18 91.75 92.42 93.17 94.00 94.89 95.83 96.81 97.81 98.83 99.85 100.85 101.84 102.78 103.69 104.56 105.32 105.99 106.57 107.09 107.55 107.96 108.33 108.68 109.01 109.34
218.65 216.01 213.07 209.81 206.25 202.35 198.01 193.30 188.82 184.42 179.99 175.54 171.09 166.64 162.21 157.80 153.42 149.10 144.83 140.64 136.52 132.49 128.57 124.76 121.07 117.51 114.10 110.84 107.76 104.84 102.12 99.59 97.29 95.32 93.60 92.06 90.78 89.74 88.93 88.35 87.97 87.80 87.81 87.99 88.34 88.83 89.46 90.21 91.08 92.05 93.11 94.24 95.43 96.68 97.96 99.28 100.61 101.94 103.26 104.60 105.84 106.57 107.06 107.49 107.85 108.17 108.46 108.71 108.95 109.19 109.43
221.04 218.32 215.29 211.95 208.28 204.17 199.38 194.17 189.38 185.00 180.67 176.31 171.94 167.55 163.16 158.78 154.42 150.09 145.81 141.58 137.42 133.33 129.33 125.42 121.63 117.95 114.40 110.99 107.73 104.63 101.70 98.98 96.54 94.52 92.75 91.06 89.56 88.31 87.33 86.60 86.11 85.83 85.77 85.91 86.24 86.74 87.40 88.21 89.16 90.24 91.43 92.73 94.11 95.57 97.10 98.68 100.30 101.95 103.65 105.48 107.25 108.35 108.81 109.06 109.26 109.42 109.56 109.69 109.81 109.93 110.08
223.56 220.76 217.64 214.21 210.33 205.78 200.49 194.82 189.60 184.95 180.68 176.45 172.19 167.90 163.60 159.29 154.99 150.70 146.44 142.23 138.06 133.95 129.91 125.95 122.09 118.33 114.68 111.16 107.77 104.53 101.46 98.63 96.17 94.12 92.30 90.56 88.90 87.44 86.26 85.34 84.69 84.29 84.13 84.19 84.47 84.95 85.61 86.45 87.46 88.62 89.91 91.34 92.88 94.53 96.26 98.08 99.96 101.93 104.06 106.37 108.64 110.24 111.04 111.24 111.27 111.26 111.24 111.22 111.20 111.20 111.23
226.16 223.28 220.08 216.44 212.13 207.09 201.35 195.25 189.64 184.62 180.14 176.00 171.89 167.75 163.57 159.38 155.18 150.97 146.78 142.61 138.48 134.39 130.36 126.39 122.50 118.70 115.00 111.41 107.93 104.60 101.47 98.63 96.16 94.07 92.22 90.44 88.74 87.12 85.71 84.59 83.75 83.20 82.90 82.86 83.05 83.47 84.11 84.95 85.98 87.19 88.56 90.09 91.76 93.55 95.47 97.49 99.63 101.98 104.53 107.27 110.00 112.06 113.32 113.84 113.80 113.61 113.42 113.23 113.06 112.93 112.83
228.82 225.86 222.46 218.39 213.59 208.10 201.96 195.49 189.52 184.17 179.39 175.10 171.11 167.15 163.14 159.10 155.04 150.96 146.87 142.80 138.74 134.72 130.73 126.80 122.93 119.13 115.41 111.79 108.27 104.92 101.79 98.96 96.47 94.36 92.48 90.67 88.93 87.26 85.70 84.35 83.30 82.55 82.10 81.91 82.00 82.34 82.91 83.72 84.74 85.97 87.39 88.98 90.75 92.67 94.73 96.96 99.42 102.12 105.05 108.18 111.32 113.79 115.48 116.42 116.67 116.41 116.03 115.67 115.33 115.04 114.79
231.50 228.34 224.51 219.97 214.73 208.84 202.33 195.53 189.25 183.62 178.57 174.04 169.95 166.14 162.35 158.50 154.62 150.70 146.77 142.83 138.90 134.97 131.08 127.22 123.40 119.64 115.96 112.35 108.85 105.52 102.41 99.59 97.09 94.96 93.05 91.21 89.44 87.75 86.14 84.63 83.35 82.38 81.73 81.38 81.32 81.55 82.03 82.78 83.76 84.98 86.41 88.05 89.88 91.89 94.10 96.58 99.33 102.35 105.61 109.09 112.59 115.44 117.51 118.84 119.47 119.47 119.01 118.45 117.94 117.47 117.07
234.03 230.45 226.16 221.18 215.55 209.30 202.47 195.38 188.85 182.97 177.70 172.97 168.71 164.85 161.24 157.63 153.97 150.26 146.52 142.76 138.98 135.21 131.44 127.70 123.98 120.31 116.69 113.13 109.68 106.38 103.30 100.48 97.98 95.83 93.90 92.04 90.25 88.53 86.89 85.34 83.90 82.69 81.82 81.27 81.04 81.12 81.49 82.14 83.05 84.22 85.64 87.29 89.15 91.26 93.66 96.38 99.39 102.67 106.22 110.00 113.81 116.99 119.39 121.06 122.05 122.41 122.17 121.52 120.81 120.16 119.58
236.16 232.12 227.40 222.03 216.05 209.49 202.38 195.06 188.31 182.24 176.79 171.90 167.50 163.54 159.94 156.54 153.14 149.69 146.18 142.63 139.06 135.47 131.88 128.29 124.72 121.17 117.63 114.14 110.74 107.48 104.42 101.61 99.11 96.95 95.01 93.12 91.31 89.57 87.91 86.34 84.86 83.49 82.38 81.60 81.17 81.07 81.29 81.81 82.63 83.73 85.10 86.72 88.62 90.86 93.44 96.35 99.57 103.08 106.86 110.90 114.98 118.44 121.13 123.10 124.40 125.07 125.15 124.70 123.89 123.04 122.27
237.82 233.36 228.25 222.54 216.25 209.42 202.09 194.57 187.64 181.42 175.84 170.84 166.35 162.31 158.67 155.34 152.19 149.02 145.79 142.50 139.18 135.82 132.43 129.04 125.65 122.22 118.77 115.35 112.00 108.79 105.76 102.96 100.47 98.30 96.34 94.44 92.61 90.85 89.18 87.58 86.08 84.68 83.41 82.39 81.72 81.41 81.45 81.82 82.51 83.50 84.79 86.40 88.37 90.72 93.43 96.49 99.87 103.56 107.54 111.79 116.09 119.78 122.72 124.94 126.50 127.44 127.80 127.64 126.99 126.03 125.06
239.00 234.16 228.72 222.71 216.16 209.10 201.58 193.92 186.86 180.53 174.86 169.79 165.26 161.20 157.55 154.24 151.21 148.32 145.40 142.42 139.38 136.29 133.16 130.00 126.77 123.44 120.08 116.72 113.44 110.27 107.27 104.50 102.01 99.84 97.87 95.96 94.12 92.35 90.66 89.05 87.54 86.12 84.81 83.63 82.71 82.17 81.99 82.17 82.70 83.56 84.77 86.39 88.41 90.84 93.63 96.79 100.29 104.11 108.24 112.66 117.14 121.02 124.15 126.58 128.36 129.52 130.12 130.20 129.80 128.98 127.88
239.71 234.54 228.81 222.54 215.77 208.54 200.88 193.11 185.97 179.58 173.87 168.78 164.24 160.20 156.58 153.34 150.39 147.67 145.07 142.43 139.72 136.94 134.10 131.14 128.02 124.80 121.52 118.24 115.02 111.90 108.94 106.20 103.72 101.55 99.57 97.66 95.81 94.03 92.33 90.71 89.18 87.76 86.43 85.22 84.14 83.34 82.92 82.89 83.23 83.95 85.11 86.72 88.76 91.20 94.04 97.26 100.83 104.74 108.97 113.51 118.12 122.14 125.43 128.02 129.97 131.31 132.10 132.38 132.19 131.57 130.59
