data_processed/recharge/precip/Precip_1999_10.asc
ncols        168
nrows        136
xllcorner    455000
yllcorner    2107000
cellsize     500
NODATA_value     -99999
[rows 33 to 65 of 136, columns 0 to 73 of 168]
80.69 80.59 80.47 80.35 80.23 80.11 79.99 79.88 79.78 79.69 79.62 79.57 79.54 79.53 79.55 79.59 79.67 79.79 79.93 80.05 80.11 80.12 80.10 80.06 79.99 79.88 79.71 79.49 79.23 78.91 78.56 78.16 77.73 77.26 76.75 76.21 75.65 75.05 74.43 73.78 73.11 72.42 71.72 71.00 70.27 69.52 68.77 68.01 67.25 66.48 65.72 64.95 64.19 63.44 62.70 61.96 61.24 60.54 59.85 59.18 58.54 57.92 57.32 56.75 56.22 55.71 55.24 54.81 54.41 54.06 53.75 53.49 53.27 53.10
79.18 79.16 79.14 79.12 79.10 79.08 79.07 79.07 79.08 79.11 79.15 79.22 79.31 79.42 79.57 79.74 79.95 80.19 80.40 80.53 80.59 80.61 80.60 80.57 80.52 80.44 80.31 80.13 79.90 79.62 79.30 78.94 78.53 78.09 77.61 77.10 76.55 75.98 75.37 74.75 74.09 73.42 72.73 72.02 71.30 70.56 69.81 69.06 68.30 67.54 66.77 66.00 65.24 64.48 63.73 62.99 62.26 61.55 60.85 60.16 59.50 58.86 58.24 57.65 57.09 56.56 56.07 55.61 55.18 54.80 54.45 54.15 53.90 53.70
77.57 77.66 77.75 77.85 77.94 78.04 78.15 78.27 78.41 78.56 78.74 78.94 79.16 79.41 79.70 80.02 80.36 80.67 80.88 81.02 81.09 81.12 81.12 81.09 81.05 80.98 80.88 80.74 80.55 80.31 80.02 79.68 79.31 78.89 78.44 77.95 77.43 76.87 76.29 75.68 75.04 74.38 73.70 73.00 72.29 71.56 70.82 70.07 69.31 68.55 67.78 67.02 66.25 65.49 64.73 63.98 63.24 62.51 61.79 61.09 60.41 59.75 59.12 58.51 57.92 57.36 56.84 56.35 55.89 55.48 55.10 54.77 54.48 54.23
75.91 76.13 76.34 76.56 76.78 77.02 77.26 77.52 77.80 78.09 78.41 78.76 79.13 79.54 79.98 80.44 80.85 81.17 81.38 81.52 81.60 81.64 81.65 81.63 81.59 81.53 81.44 81.33 81.17 80.96 80.71 80.40 80.05 79.67 79.24 78.77 78.27 77.73 77.17 76.57 75.95 75.31 74.64 73.95 73.25 72.53 71.79 71.04 70.29 69.52 68.76 67.99 67.21 66.44 65.68 64.92 64.17 63.42 62.69 61.98 61.28 60.60 59.94 59.31 58.70 58.12 57.56 57.04 56.56 56.11 55.69 55.32 55.00 54.71
74.23 74.58 74.94 75.29 75.66 76.04 76.43 76.84 77.27 77.73 78.20 78.71 79.25 79.82 80.42 80.95 81.37 81.69 81.91 82.05 82.14 82.18 82.19 82.18 82.14 82.09 82.00 81.90 81.77 81.60 81.37 81.10 80.78 80.41 80.01 79.56 79.08 78.57 78.02 77.44 76.84 76.20 75.55 74.87 74.17 73.46 72.72 71.98 71.23 70.46 69.69 68.92 68.14 67.36 66.59 65.82 65.05 64.30 63.55 62.82 62.10 61.40 60.72 60.06 59.43 58.82 58.24 57.69 57.17 56.69 56.24 55.83 55.46 55.14
72.56 73.06 73.56 74.08 74.60 75.14 75.70 76.28 76.87 77.50 78.15 78.83 79.55 80.29 80.96 81.50 81.92 82.23 82.45 82.60 82.69 82.73 82.75 82.75 82.72 82.66 82.58 82.48 82.36 82.21 82.01 81.77 81.47 81.14 80.75 80.33 79.87 79.38 78.85 78.28 77.69 77.07 76.42 75.75 75.06 74.35 73.63 72.89 72.13 71.37 70.59 69.81 69.03 68.25 67.46 66.68 65.90 65.13 64.37 63.62 62.88 62.16 61.46 60.78 60.12 59.48 58.87 58.29 57.74 57.22 56.73 56.29 55.88 55.51
70.92 71.59 72.26 72.95 73.64 74.36 75.09 75.85 76.63 77.44 78.28 79.15 80.04 80.86 81.53 82.07 82.48 82.79 83.02 83.17 83.26 83.31 83.34 83.33 83.31 83.25 83.17 83.07 82.95 82.81 82.63 82.42 82.15 81.84 81.48 81.08 80.64 80.16 79.65 79.10 78.52 77.91 77.27 76.61 75.93 75.22 74.50 73.76 73.00 72.24 71.46 70.68 69.89 69.09 68.30 67.50 66.71 65.93 65.15 64.38 63.63 62.88 62.16 61.45 60.76 60.09 59.45 58.84 58.26 57.70 57.18 56.70 56.24 55.79
69.36 70.21 71.06 71.93 72.81 73.72 74.64 75.59 76.57 77.58 78.62 79.68 80.65 81.47 82.14 82.67 83.08 83.39 83.61 83.76 83.86 83.91 83.94 83.94 83.92 83.86 83.79 83.68 83.56 83.41 83.24 83.05 82.81 82.52 82.18 81.80 81.38 80.92 80.42 79.89 79.32 78.72 78.10 77.44 76.76 76.06 75.34 74.60 73.85 73.08 72.30 71.51 70.71 69.91 69.10 68.30 67.49 66.69 65.89 65.11 64.33 63.56 62.81 62.08 61.36 60.67 60.00 59.35 58.73 58.14 57.59 57.06 56.52 55.97
67.90 68.94 69.99 71.05 72.14 73.25 74.38 75.54 76.73 77.95 79.18 80.33 81.31 82.11 82.77 83.30 83.70 84.01 84.23 84.38 84.48 84.54 84.57 84.57 84.55 84.50 84.42 84.32 84.19 84.04 83.87 83.67 83.45 83.18 82.87 82.51 82.11 81.66 81.18 80.66 80.11 79.52 78.90 78.25 77.58 76.88 76.16 75.42 74.66 73.89 73.11 72.31 71.50 70.69 69.87 69.06 68.24 67.42 66.60 65.80 65.00 64.21 63.43 62.67 61.93 61.21 60.50 59.82 59.17 58.55 57.94 57.33 56.70 56.06
66.57 67.82 69.08 70.36 71.66 72.98 74.33 75.72 77.13 78.56 79.89 81.03 81.99 82.79 83.44 83.96 84.36 84.66 84.88 85.03 85.13 85.19 85.23 85.23 85.21 85.15 85.07 84.97 84.84 84.68 84.50 84.30 84.08 83.83 83.54 83.20 82.82 82.39 81.92 81.41 80.87 80.29 79.68 79.04 78.37 77.67 76.95 76.22 75.46 74.68 73.89 73.08 72.27 71.45 70.62 69.79 68.95 68.12 67.28 66.46 65.63 64.82 64.02 63.23 62.46 61.71 60.97 60.26 59.57 58.90 58.22 57.52 56.80 56.06
65.41 66.88 68.36 69.87 71.40 72.96 74.54 76.16 77.79 79.32 80.64 81.77 82.72 83.50 84.14 84.65 85.05 85.34 85.56 85.71 85.81 85.87 85.91 85.91 85.89 85.83 85.75 85.64 85.51 85.35 85.17 84.96 84.73 84.48 84.20 83.88 83.51 83.10 82.64 82.15 81.61 81.04 80.44 79.80 79.14 78.45 77.73 76.99 76.23 75.44 74.65 73.84 73.01 72.18 71.34 70.49 69.64 68.78 67.93 67.08 66.24 65.40 64.58 63.76 62.96 62.17 61.41 60.66 59.93 59.18 58.41 57.62 56.81 55.98
64.45 66.15 67.87 69.62 71.39 73.20 75.03 76.88 78.61 80.13 81.43 82.55 83.48 84.26 84.88 85.38 85.77 86.06 86.27 86.42 86.52 86.59 86.62 86.63 86.60 86.54 86.46 86.35 86.21 86.04 85.85 85.63 85.40 85.14 84.85 84.54 84.19 83.79 83.35 82.87 82.34 81.78 81.18 80.55 79.89 79.20 78.48 77.74 76.97 76.19 75.38 74.56 73.73 72.88 72.03 71.17 70.30 69.43 68.55 67.68 66.82 65.96 65.10 64.26 63.43 62.61 61.81 61.02 60.21 59.38 58.52 57.64 56.74 55.83
63.71 65.66 67.64 69.64 71.67 73.74 75.81 77.76 79.48 80.98 82.27 83.37 84.29 85.05 85.66 86.15 86.53 86.82 87.02 87.17 87.26 87.33 87.37 87.37 87.34 87.28 87.19 87.07 86.93 86.76 86.56 86.33 86.08 85.81 85.52 85.21 84.86 84.48 84.05 83.58 83.06 82.51 81.92 81.29 80.63 79.94 79.22 78.47 77.70 76.91 76.10 75.27 74.43 73.57 72.70 71.82 70.94 70.05 69.15 68.26 67.37 66.48 65.60 64.73 63.86 63.01 62.17 61.31 60.42 59.49 58.55 57.58 56.60 55.61
63.23 65.45 67.69 69.97 72.27 74.58 76.77 78.70 80.40 81.88 83.15 84.23 85.13 85.88 86.48 86.96 87.33 87.61 87.81 87.95 88.04 88.11 88.15 88.15 88.11 88.05 87.96 87.83 87.68 87.50 87.29 87.06 86.80 86.52 86.21 85.88 85.53 85.16 84.74 84.28 83.77 83.22 82.63 82.01 81.35 80.66 79.94 79.19 78.42 77.62 76.80 75.96 75.11 74.23 73.35 72.46 71.55 70.64 69.73 68.81 67.90 66.98 66.07 65.17 64.28 63.38 62.47 61.52 60.54 59.54 58.51 57.46 56.40 55.32
63.05 65.54 68.07 70.62 73.19 75.61 77.78 79.70 81.37 82.83 84.07 85.13 86.02 86.75 87.34 87.81 88.17 88.44 88.63 88.77 88.86 88.93 88.96 88.96 88.92 88.85 88.75 88.62 88.46 88.27 88.06 87.81 87.54 87.25 86.93 86.58 86.22 85.83 85.42 84.97 84.47 83.93 83.34 82.72 82.07 81.38 80.65 79.90 79.12 78.32 77.49 76.64 75.77 74.88 73.98 73.07 72.15 71.22 70.28 69.34 68.40 67.46 66.52 65.59 64.65 63.70 62.70 61.67 60.61 59.52 58.41 57.28 56.13 54.98
63.18 65.97 68.79 71.62 74.30 76.71 78.85 80.74 82.39 83.82 85.05 86.09 86.96 87.67 88.25 88.71 89.06 89.31 89.50 89.63 89.72 89.78 89.81 89.81 89.77 89.69 89.59 89.45 89.28 89.08 88.85 88.59 88.31 88.00 87.67 87.31 86.93 86.53 86.10 85.65 85.16 84.63 84.05 83.43 82.77 82.08 81.35 80.60 79.81 79.00 78.16 77.30 76.42 75.52 74.60 73.67 72.73 71.78 70.82 69.85 68.89 67.92 66.95 65.98 64.98 63.94 62.86 61.75 60.60 59.44 58.25 57.04 55.82 54.59
63.67 66.77 69.87 72.82 75.48 77.86 79.97 81.83 83.46 84.87 86.07 87.09 87.94 88.64 89.20 89.65 89.98 90.23 90.41 90.53 90.62 90.68 90.70 90.69 90.65 90.57 90.45 90.31 90.13 89.92 89.68 89.41 89.11 88.79 88.44 88.07 87.67 87.25 86.81 86.34 85.85 85.32 84.74 84.13 83.47 82.78 82.05 81.29 80.49 79.67 78.82 77.95 77.05 76.14 75.21 74.26 73.30 72.32 71.34 70.35 69.36 68.36 67.35 66.32 65.24 64.11 62.96 61.76 60.55 59.30 58.04 56.76 55.46 54.16
64.54 67.94 71.16 74.09 76.72 79.06 81.15 82.98 84.58 85.96 87.15 88.15 88.98 89.66 90.21 90.63 90.96 91.20 91.37 91.48 91.56 91.61 91.64 91.62 91.57 91.48 91.36 91.20 91.01 90.79 90.54 90.26 89.95 89.61 89.25 88.85 88.44 88.00 87.54 87.05 86.54 86.01 85.44 84.82 84.16 83.47 82.74 81.97 81.17 80.34 79.48 78.59 77.68 76.75 75.80 74.83 73.85 72.85 71.85 70.83 69.81 68.78 67.71 66.59 65.43 64.23 63.00 61.73 60.44 59.12 57.78 56.43 55.06 53.69
65.81 69.32 72.53 75.42 78.01 80.33 82.38 84.19 85.76 87.12 88.28 89.26 90.07 90.73 91.26 91.67 91.98 92.21 92.37 92.48 92.55 92.60 92.61 92.59 92.53 92.44 92.30 92.14 91.94 91.70 91.44 91.14 90.82 90.46 90.08 89.67 89.24 88.78 88.29 87.79 87.26 86.71 86.13 85.52 84.86 84.16 83.42 82.64 81.84 81.00 80.12 79.23 78.30 77.35 76.39 75.40 74.39 73.38 72.34 71.30 70.24 69.15 68.00 66.81 65.57 64.30 62.99 61.65 60.29 58.90 57.49 56.07 54.63 53.19
67.30 70.79 73.96 76.81 79.37 81.65 83.67 85.45 87.00 88.33 89.46 90.42 91.21 91.85 92.36 92.76 93.06 93.27 93.42 93.52 93.58 93.63 93.64 93.61 93.54 93.43 93.29 93.11 92.90 92.66 92.38 92.07 91.72 91.35 90.95 90.53 90.07 89.59 89.09 88.56 88.00 87.43 86.83 86.21 85.55 84.85 84.10 83.32 82.50 81.65 80.77 79.86 78.92 77.95 76.97 75.96 74.93 73.89 72.83 71.76 70.64 69.47 68.24 66.98 65.67 64.32 62.94 61.53 60.10 58.64 57.16 55.67 54.17 52.67
68.87 72.32 75.45 78.27 80.79 83.04 85.03 86.77 88.29 89.60 90.71 91.64 92.41 93.03 93.52 93.90 94.19 94.39 94.52 94.61 94.67 94.70 94.71 94.67 94.59 94.48 94.32 94.13 93.91 93.65 93.35 93.03 92.67 92.28 91.86 91.42 90.94 90.44 89.91 89.36 88.78 88.18 87.56 86.91 86.25 85.54 84.79 84.00 83.17 82.31 81.41 80.49 79.53 78.55 77.54 76.51 75.46 74.40 73.31 72.17 70.98 69.73 68.44 67.10 65.72 64.31 62.86 61.38 59.88 58.35 56.81 55.26 53.69 52.13
70.51 73.92 77.01 79.79 82.28 84.49 86.45 88.16 89.65 90.93 92.01 92.92 93.66 94.27 94.74 95.10 95.37 95.55 95.68 95.76 95.80 95.83 95.83 95.78 95.69 95.57 95.40 95.20 94.96 94.68 94.38 94.03 93.66 93.25 92.81 92.34 91.85 91.32 90.77 90.19 89.59 88.96 88.31 87.64 86.95 86.23 85.48 84.68 83.84 82.97 82.06 81.11 80.14 79.14 78.11 77.06 75.99 74.89 73.74 72.54 71.27 69.96 68.59 67.19 65.74 64.26 62.74 61.20 59.63 58.04 56.44 54.82 53.20 51.57
72.22 75.59 78.64 81.38 83.83 86.01 87.93 89.61 91.07 92.32 93.38 94.26 94.98 95.56 96.01 96.36 96.61 96.78 96.89 96.95 96.99 97.01 97.00 96.94 96.84 96.70 96.53 96.31 96.06 95.77 95.44 95.08 94.69 94.26 93.80 93.31 92.79 92.24 91.67 91.06 90.44 89.78 89.11 88.40 87.68 86.94 86.17 85.36 84.51 83.63 82.70 81.75 80.76 79.74 78.69 77.61 76.51 75.36 74.14 72.86 71.53 70.14 68.71 67.24 65.73 64.18 62.60 61.00 59.37 57.72 56.06 54.38 52.70 51.01
74.01 77.33 80.34 83.04 85.45 87.60 89.48 91.13 92.56 93.78 94.81 95.66 96.36 96.92 97.35 97.67 97.90 98.06 98.16 98.21 98.23 98.24 98.22 98.15 98.04 97.89 97.70 97.47 97.20 96.90 96.55 96.17 95.76 95.31 94.83 94.32 93.78 93.21 92.60 91.98 91.32 90.64 89.93 89.20 88.45 87.67 86.88 86.05 85.19 84.29 83.36 82.38 81.37 80.33 79.26 78.16 77.00 75.78 74.49 73.15 71.75 70.30 68.81 67.27 65.70 64.09 62.45 60.78 59.09 57.39 55.67 53.93 52.20 50.46
75.86 79.15 82.11 84.77 87.15 89.25 91.10 92.72 94.11 95.30 96.30 97.13 97.80 98.34 98.75 99.05 99.26 99.40 99.48 99.52 99.54 99.53 99.50 99.42 99.30 99.14 98.93 98.68 98.40 98.07 97.71 97.31 96.88 96.41 95.91 95.37 94.81 94.21 93.58 92.93 92.24 91.53 90.80 90.04 89.25 88.44 87.61 86.76 85.88 84.97 84.02 83.02 82.00 80.94 79.84 78.68 77.46 76.17 74.82 73.41 71.95 70.43 68.88 67.28 65.65 63.98 62.28 60.56 58.81 57.05 55.27 53.49 51.70 49.91
77.80 81.04 83.96 86.58 88.91 90.98 92.79 94.37 95.73 96.89 97.86 98.66 99.31 99.82 100.21 100.49 100.68 100.80 100.87 100.89 100.90 100.88 100.84 100.75 100.61 100.43 100.21 99.95 99.65 99.30 98.92 98.50 98.05 97.56 97.03 96.47 95.88 95.26 94.60 93.92 93.21 92.47 91.70 90.91 90.09 89.25 88.38 87.50 86.59 85.66 84.69 83.68 82.63 81.54 80.39 79.17 77.88 76.53 75.11 73.64 72.12 70.55 68.93 67.28 65.59 63.86 62.11 60.33 58.53 56.72 54.89 53.05 51.21 49.37
79.81 83.00 85.88 88.46 90.75 92.78 94.56 96.10 97.43 98.56 99.50 100.27 100.89 101.37 101.73 102.00 102.17 102.27 102.32 102.33 102.32 102.29 102.23 102.13 101.98 101.79 101.55 101.27 100.95 100.59 100.19 99.75 99.27 98.75 98.21 97.62 97.00 96.35 95.67 94.96 94.22 93.45 92.65 91.82 90.97 90.09 89.19 88.27 87.33 86.36 85.37 84.34 83.27 82.13 80.92 79.63 78.28 76.87 75.39 73.86 72.28 70.65 68.98 67.27 65.52 63.74 61.94 60.11 58.26 56.39 54.52 52.63 50.74 48.86
81.91 85.05 87.88 90.42 92.67 94.66 96.40 97.91 99.20 100.29 101.20 101.94 102.53 102.99 103.33 103.57 103.72 103.80 103.83 103.83 103.80 103.76 103.69 103.57 103.41 103.20 102.94 102.65 102.31 101.92 101.50 101.04 100.54 100.00 99.43 98.82 98.18 97.50 96.79 96.04 95.27 94.47 93.64 92.78 91.89 90.98 90.04 89.08 88.10 87.10 86.07 85.01 83.89 82.69 81.42 80.07 78.66 77.19 75.66 74.07 72.43 70.75 69.02 67.26 65.46 63.63 61.77 59.89 58.00 56.08 54.16 52.23 50.30 48.37
84.08 87.18 89.97 92.46 94.67 96.61 98.32 99.79 101.04 102.10 102.98 103.69 104.25 104.68 105.00 105.21 105.34 105.40 105.41 105.39 105.35 105.30 105.21 105.08 104.90 104.67 104.40 104.08 103.72 103.32 102.88 102.39 101.87 101.31 100.71 100.07 99.40 98.69 97.95 97.18 96.37 95.54 94.67 93.78 92.86 91.91 90.94 89.94 88.92 87.87 86.80 85.68 84.49 83.23 81.90 80.50 79.03 77.50 75.91 74.27 72.58 70.85 69.07 67.26 65.41 63.53 61.63 59.70 57.76 55.80 53.83 51.86 49.88 47.91
86.34 89.39 92.13 94.58 96.74 98.65 100.31 101.74 102.96 103.99 104.83 105.51 106.04 106.45 106.73 106.92 107.03 107.07 107.06 107.02 106.96 106.90 106.80 106.65 106.45 106.21 105.92 105.58 105.20 104.77 104.31 103.80 103.25 102.66 102.04 101.37 100.67 99.94 99.17 98.36 97.53 96.66 95.76 94.83 93.87 92.89 91.88 90.84 89.77 88.68 87.54 86.34 85.08 83.76 82.37 80.91 79.39 77.81 76.17 74.48 72.74 70.95 69.13 67.27 65.37 63.45 61.50 59.53 57.54 55.54 53.53 51.52 49.50 47.49
88.69 91.69 94.38 96.78 98.90 100.77 102.39 103.78 104.96 105.95 106.76 107.41 107.91 108.29 108.55 108.71 108.79 108.81 108.78 108.72 108.65 108.57 108.45 108.28 108.07 107.81 107.50 107.14 106.74 106.29 105.80 105.27 104.69 104.08 103.42 102.73 102.00 101.24 100.43 99.60 98.73 97.83 96.89 95.93 94.93 93.91 92.86 91.78 90.67 89.51 88.29 87.01 85.67 84.28 82.84 81.33 79.75 78.12 76.43 74.69 72.91 71.07 69.20 67.29 65.36 63.39 61.40 59.38 57.36 55.32 53.27 51.22 49.17 47.12
91.12 94.07 96.72 99.07 101.15 102.97 104.55 105.90 107.05 108.00 108.77 109.39 109.86 110.20 110.43 110.57 110.63 110.63 110.58 110.50 110.40 110.31 110.17 109.99 109.76 109.47 109.14 108.76 108.34 107.87 107.35 106.79 106.19 105.55 104.87 104.15 103.39 102.59 101.76 100.89 99.99 99.05 98.08 97.08 96.04 94.98 93.89 92.77 91.59 90.35 89.05 87.69 86.28 84.82 83.31 81.75 80.12 78.44 76.71 74.92 73.09 71.21 69.30 67.35 65.37 63.36 61.33 59.28 57.21 55.14 53.05 50.97 48.88 46.80
93.65 96.55 99.14 101.45 103.48 105.26 106.79 108.10 109.21 110.12 110.86 111.44 111.88 112.20 112.40 112.51 112.54 112.52 112.44 112.34 112.23 112.12 111.97 111.76 111.51 111.21 110.85 110.45 110.00 109.51 108.97 108.39 107.76 107.09 106.38 105.63 104.84 104.01 103.14 102.24 101.30 100.32 99.32 98.28 97.21 96.10 94.97 93.78 92.52 91.20 89.83 88.40 86.92 85.38 83.80 82.18 80.51 78.78 77.00 75.17 73.30 71.38 69.42 67.43 65.41 63.37 61.30 59.21 57.11 55.00 52.88 50.76 48.65 46.53
