data_processed/recharge/precip/Precip_2004_07.asc
ncols        168
nrows        136
xllcorner    455000
yllcorner    2107000
cellsize     500
NODATA_value     -99999
[rows 64 to 95 of 136, columns 0 to 72 of 168]
385.28 380.98 377.00 373.30 369.86 366.64 363.59 360.70 357.91 355.20 352.54 349.88 347.19 344.44 341.59 338.61 335.46 332.11 328.54 324.80 320.90 316.83 312.63 308.28 303.81 299.22 294.51 289.71 284.82 279.85 274.80 269.69 264.53 259.32 254.07 248.80 243.51 238.22 232.92 227.64 222.37 217.14 211.94 206.80 201.78 196.92 192.23 187.70 183.32 179.01 174.71 170.40 166.07 161.73 157.37 153.00 148.61 144.21 139.78 135.33 130.86 126.37 121.86 117.31 112.75 108.15 103.53 98.87 94.19 89.47 84.72 79.93 75.11
389.85 385.45 381.37 377.59 374.07 370.78 367.68 364.73 361.91 359.17 356.48 353.80 351.11 348.36 345.53 342.57 339.45 336.14 332.62 328.92 325.05 321.02 316.84 312.52 308.07 303.50 298.82 294.03 289.14 284.18 279.13 274.02 268.85 263.63 258.37 253.08 247.77 242.45 237.13 231.82 226.51 221.24 216.00 210.80 205.67 200.66 195.82 191.13 186.53 181.94 177.34 172.75 168.15 163.54 158.93 154.31 149.68 145.04 140.39 135.73 131.06 126.37 121.67 116.94 112.20 107.45 102.67 97.87 93.04 88.19 83.32 78.42 73.50
394.33 389.82 385.66 381.80 378.20 374.85 371.69 368.69 365.83 363.06 360.35 357.67 354.97 352.23 349.41 346.48 343.39 340.12 336.65 332.99 329.16 325.17 321.03 316.74 312.31 307.76 303.10 298.32 293.45 288.49 283.45 278.34 273.16 267.94 262.67 257.37 252.04 246.70 241.35 236.01 230.67 225.36 220.08 214.84 209.65 204.53 199.53 194.62 189.72 184.83 179.96 175.08 170.21 165.35 160.48 155.62 150.76 145.90 141.03 136.16 131.28 126.40 121.52 116.62 111.71 106.80 101.87 96.93 91.97 87.00 82.01 77.00 71.98
398.71 394.11 389.85 385.91 382.25 378.83 375.62 372.58 369.68 366.89 364.16 361.47 358.77 356.04 353.24 350.33 347.28 344.05 340.63 337.02 333.24 329.29 325.18 320.92 316.52 312.00 307.35 302.60 297.74 292.79 287.75 282.65 277.47 272.24 266.97 261.65 256.31 250.95 245.58 240.21 234.85 229.50 224.19 218.91 213.67 208.48 203.29 198.08 192.89 187.72 182.56 177.41 172.28 167.16 162.05 156.95 151.86 146.77 141.70 136.62 131.55 126.49 121.42 116.35 111.29 106.22 101.14 96.07 90.98 85.89 80.79 75.69 70.57
402.99 398.29 393.95 389.94 386.21 382.73 379.47 376.39 373.46 370.64 367.90 365.20 362.51 359.79 357.00 354.13 351.11 347.94 344.57 341.01 337.27 333.36 329.29 325.07 320.70 316.20 311.58 306.85 302.01 297.07 292.04 286.94 281.77 276.54 271.26 265.94 260.58 255.21 249.82 244.42 239.03 233.66 228.31 222.99 217.70 212.39 207.00 201.53 196.05 190.60 185.16 179.75 174.36 168.99 163.64 158.31 153.00 147.70 142.41 137.14 131.88 126.63 121.39 116.16 110.94 105.72 100.51 95.30 90.10 84.89 79.69 74.49 69.28
407.17 402.38 397.96 393.87 390.07 386.54 383.23 380.11 377.15 374.31 371.56 368.85 366.17 363.46 360.71 357.86 354.89 351.76 348.45 344.94 341.25 337.38 333.36 329.17 324.84 320.38 315.78 311.07 306.25 301.33 296.31 291.22 286.05 280.82 275.54 270.21 264.85 259.46 254.05 248.64 243.23 237.82 232.44 227.08 221.68 216.19 210.61 204.95 199.22 193.49 187.79 182.11 176.47 170.86 165.27 159.72 154.18 148.67 143.19 137.72 132.28 126.85 121.45 116.06 110.69 105.33 99.98 94.65 89.33 84.02 78.71 73.42 68.13
411.25 406.37 401.86 397.70 393.84 390.25 386.90 383.75 380.76 377.90 375.14 372.44 369.76 367.07 364.34 361.53 358.61 355.53 352.27 348.82 345.18 341.36 337.38 333.24 328.94 324.51 319.95 315.26 310.46 305.56 300.56 295.48 290.32 285.09 279.81 274.48 269.11 263.71 258.29 252.86 247.42 241.99 236.58 231.11 225.54 219.88 214.12 208.29 202.37 196.41 190.44 184.52 178.63 172.78 166.96 161.18 155.43 149.72 144.04 138.39 132.76 127.17 121.60 116.06 110.54 105.04 99.57 94.12 88.68 83.27 77.87 72.49 67.13
415.21 410.25 405.67 401.43 397.52 393.88 390.48 387.30 384.28 381.41 378.64 375.94 373.28 370.61 367.91 365.13 362.26 359.24 356.04 352.64 349.06 345.29 341.36 337.26 333.00 328.61 324.07 319.42 314.64 309.76 304.78 299.71 294.56 289.35 284.07 278.73 273.36 267.95 262.52 257.07 251.62 246.16 240.65 235.03 229.30 223.47 217.54 211.54 205.47 199.33 193.14 186.97 180.84 174.76 168.72 162.72 156.77 150.85 144.98 139.15 133.35 127.59 121.86 116.17 110.51 104.89 99.29 93.72 88.19 82.67 77.19 71.73 66.29
419.07 414.02 409.36 405.06 401.09 397.40 393.97 390.75 387.72 384.83 382.06 379.36 376.71 374.07 371.40 368.67 365.84 362.88 359.74 356.41 352.88 349.17 345.28 341.23 337.02 332.66 328.16 323.53 318.79 313.93 308.97 303.92 298.78 293.58 288.30 282.97 277.60 272.19 266.75 261.29 255.81 250.27 244.61 238.83 232.94 226.96 220.89 214.73 208.50 202.21 195.87 189.49 183.12 176.81 170.55 164.34 158.19 152.08 146.02 140.01 134.05 128.13 122.25 116.42 110.62 104.87 99.16 93.48 87.84 82.24 76.67 71.13 65.63
422.81 417.68 412.95 408.59 404.56 400.82 397.35 394.11 391.06 388.16 385.39 382.70 380.07 377.45 374.81 372.13 369.35 366.45 363.38 360.11 356.64 352.99 349.15 345.15 340.98 336.66 332.20 327.61 322.90 318.07 313.13 308.10 302.98 297.78 292.52 287.19 281.82 276.41 270.96 265.48 259.93 254.25 248.45 242.53 236.50 230.37 224.16 217.86 211.49 205.06 198.58 192.05 185.49 178.96 172.48 166.07 159.72 153.42 147.19 141.00 134.87 128.80 122.78 116.81 110.88 105.01 99.19 93.41 87.67 81.98 76.33 70.73 65.16
426.43 421.22 416.42 412.00 407.92 404.14 400.64 397.37 394.30 391.40 388.63 385.95 383.34 380.75 378.15 375.51 372.79 369.95 366.95 363.75 360.34 356.74 352.96 349.01 344.89 340.62 336.20 331.65 326.96 322.16 317.25 312.24 307.14 301.96 296.71 291.39 286.02 280.61 275.15 269.61 263.93 258.12 252.18 246.13 239.97 233.71 227.37 220.94 214.45 207.89 201.27 194.61 187.92 181.21 174.53 167.92 161.37 154.89 148.48 142.13 135.84 129.62 123.46 117.35 111.31 105.32 99.39 93.51 87.69 81.91 76.19 70.52 64.90
429.93 424.64 419.78 415.30 411.17 407.35 403.82 400.53 397.45 394.54 391.77 389.11 386.52 383.96 381.40 378.81 376.15 373.38 370.45 367.31 363.97 360.44 356.72 352.82 348.75 344.52 340.15 335.63 330.99 326.22 321.34 316.35 311.27 306.11 300.87 295.57 290.20 284.79 279.27 273.61 267.81 261.88 255.82 249.65 243.37 236.99 230.53 223.99 217.37 210.69 203.96 197.19 190.38 183.54 176.69 169.89 163.16 156.50 149.92 143.41 136.97 130.60 124.30 118.07 111.91 105.81 99.78 93.81 87.90 82.05 76.26 70.53 64.86
433.30 427.95 423.02 418.48 414.31 410.46 406.89 403.58 400.49 397.58 394.82 392.18 389.61 387.09 384.57 382.03 379.43 376.73 373.87 370.81 367.54 364.07 360.40 356.56 352.55 348.37 344.04 339.57 334.96 330.23 325.38 320.42 315.37 310.23 305.00 299.71 294.35 288.88 283.26 277.49 271.58 265.54 259.37 253.09 246.70 240.22 233.65 227.00 220.28 213.49 206.66 199.78 192.86 185.92 178.96 172.00 165.09 158.26 151.52 144.85 138.27 131.76 125.33 118.98 112.70 106.50 100.37 94.31 88.32 82.41 76.56 70.77 65.05
436.54 431.12 426.13 421.55 417.33 413.44 409.85 406.53 403.43 400.52 397.77 395.14 392.60 390.12 387.65 385.16 382.62 380.00 377.22 374.23 371.03 367.62 364.02 360.24 356.28 352.16 347.88 343.45 338.89 334.19 329.38 324.45 319.42 314.30 309.10 303.82 298.42 292.86 287.14 281.27 275.26 269.11 262.85 256.47 249.99 243.41 236.74 229.99 223.18 216.30 209.37 202.40 195.39 188.35 181.30 174.24 167.19 160.20 153.29 146.48 139.75 133.11 126.56 120.09 113.70 107.40 101.18 95.04 88.98 82.99 77.09 71.25 65.50
439.49 434.17 429.13 424.49 420.23 416.31 412.70 409.36 406.25 403.35 400.62 398.01 395.50 393.05 390.63 388.20 385.73 383.18 380.48 377.57 374.44 371.11 367.57 363.85 359.96 355.89 351.66 347.28 342.76 338.10 333.33 328.43 323.44 318.34 313.16 307.84 302.36 296.70 290.90 284.94 278.84 272.61 266.26 259.80 253.23 246.56 239.81 232.98 226.08 219.12 212.11 205.05 197.96 190.84 183.71 176.57 169.43 162.31 155.25 148.29 141.43 134.66 127.99 121.41 114.92 108.53 102.22 96.00 89.87 83.83 77.87 72.00 66.20
441.72 436.92 431.98 427.31 423.01 419.06 415.43 412.08 408.97 406.07 403.35 400.77 398.30 395.89 393.52 391.15 388.75 386.28 383.66 380.83 377.78 374.51 371.05 367.40 363.56 359.55 355.37 351.05 346.57 341.96 337.22 332.37 327.40 322.33 317.12 311.73 306.17 300.44 294.55 288.52 282.35 276.04 269.62 263.08 256.43 249.70 242.87 235.97 228.99 221.96 214.88 207.75 200.59 193.40 186.20 178.99 171.78 164.58 157.41 150.32 143.32 136.43 129.65 122.96 116.38 109.89 103.51 97.22 91.02 84.92 78.92 73.01 67.19
443.09 438.97 434.55 429.99 425.66 421.69 418.04 414.68 411.57 408.69 405.98 403.43 400.99 398.63 396.32 394.01 391.68 389.28 386.75 384.00 381.03 377.84 374.45 370.86 367.09 363.14 359.03 354.75 350.33 345.76 341.06 336.25 331.31 326.23 320.95 315.50 309.87 304.07 298.12 292.02 285.79 279.42 272.93 266.32 259.62 252.82 245.93 238.97 231.93 224.84 217.70 210.51 203.29 196.04 188.78 181.52 174.25 167.00 159.76 152.56 145.44 138.44 131.54 124.75 118.08 111.51 105.05 98.69 92.44 86.30 80.25 74.31 68.46
443.65 440.20 436.44 432.39 428.18 424.19 420.52 417.16 414.05 411.18 408.50 405.98 403.58 401.26 399.00 396.76 394.51 392.20 389.75 387.09 384.20 381.09 377.77 374.26 370.55 366.66 362.61 358.39 354.02 349.50 344.85 340.07 335.13 329.99 324.66 319.15 313.46 307.61 301.61 295.46 289.16 282.74 276.20 269.55 262.79 255.94 249.00 241.99 234.90 227.76 220.57 213.33 206.07 198.77 191.47 184.15 176.84 169.54 162.26 155.01 147.80 140.68 133.69 126.81 120.04 113.40 106.87 100.45 94.15 87.96 81.87 75.90 70.04
443.45 440.64 437.53 434.13 430.42 426.55 422.88 419.51 416.42 413.56 410.90 408.41 406.05 403.79 401.59 399.42 397.24 395.01 392.66 390.08 387.28 384.25 381.01 377.57 373.93 370.11 366.12 361.96 357.64 353.18 348.57 343.79 338.81 333.62 328.25 322.69 316.97 311.07 305.02 298.83 292.50 286.03 279.45 272.76 265.96 259.07 252.09 245.04 237.92 230.74 223.51 216.23 208.93 201.60 194.26 186.91 179.57 172.23 164.92 157.63 150.38 143.19 136.10 129.13 122.28 115.57 108.97 102.50 96.15 89.92 83.81 77.81 71.94
442.55 440.34 437.86 435.09 432.02 428.64 425.10 421.74 418.65 415.81 413.18 410.72 408.41 406.20 404.06 401.96 399.86 397.73 395.47 392.98 390.26 387.32 384.16 380.79 377.23 373.48 369.55 365.45 361.19 356.78 352.18 347.37 342.35 337.14 331.73 326.14 320.38 314.46 308.38 302.15 295.79 289.29 282.68 275.96 269.13 262.21 255.21 248.13 240.98 233.77 226.52 219.22 211.89 204.54 197.18 189.80 182.43 175.08 167.74 160.43 153.17 145.94 138.79 131.73 124.82 118.03 111.38 104.85 98.46 92.20 86.06 80.05 74.17
440.99 439.36 437.48 435.31 432.86 430.11 427.06 423.83 420.76 417.94 415.34 412.92 410.65 408.50 406.43 404.40 402.38 400.34 398.18 395.79 393.16 390.30 387.22 383.93 380.45 376.77 372.91 368.87 364.67 360.27 355.66 350.82 345.78 340.55 335.12 329.51 323.73 317.78 311.68 305.43 299.05 292.54 285.91 279.17 272.32 265.39 258.37 251.27 244.11 236.89 229.62 222.31 214.96 207.60 200.22 192.84 185.46 178.09 170.74 163.42 156.15 148.92 141.74 134.64 127.65 120.80 114.10 107.53 101.10 94.81 88.65 82.63 76.75
438.81 437.75 436.44 434.86 433.00 430.86 428.41 425.66 422.73 419.94 417.37 414.99 412.78 410.68 408.68 406.73 404.80 402.85 400.79 398.49 395.95 393.18 390.19 386.99 383.58 379.97 376.18 372.21 368.03 363.63 359.00 354.16 349.10 343.85 338.42 332.80 327.00 321.05 314.94 308.69 302.30 295.78 289.14 282.39 275.54 268.60 261.58 254.48 247.31 240.08 232.81 225.50 218.15 210.79 203.41 196.02 188.64 181.27 173.93 166.61 159.34 152.11 144.94 137.83 130.81 123.90 117.15 110.54 104.08 97.77 91.60 85.57 79.69
436.09 435.56 434.79 433.77 432.48 430.91 429.06 426.91 424.45 421.81 419.27 416.94 414.78 412.75 410.81 408.94 407.10 405.24 403.28 401.09 398.65 395.97 393.06 389.94 386.62 383.09 379.37 375.43 371.26 366.85 362.22 357.38 352.33 347.08 341.64 336.02 330.23 324.28 318.17 311.92 305.53 299.02 292.39 285.64 278.80 271.86 264.84 257.75 250.59 243.37 236.11 228.81 221.47 214.11 206.74 199.37 192.00 184.65 177.31 170.01 162.74 155.53 148.37 141.28 134.26 127.34 120.54 113.90 107.42 101.08 94.91 88.88 83.00
432.85 432.83 432.58 432.09 431.35 430.34 429.05 427.48 425.60 423.42 421.04 418.76 416.65 414.68 412.82 411.03 409.28 407.53 405.67 403.58 401.23 398.65 395.84 392.81 389.56 386.11 382.43 378.51 374.35 369.95 365.33 360.50 355.46 350.22 344.79 339.19 333.41 327.47 321.38 315.14 308.77 302.27 295.66 288.93 282.10 275.18 268.18 261.11 253.97 246.77 239.52 232.24 224.93 217.59 210.24 202.89 195.54 188.21 180.90 173.62 166.38 159.19 152.06 145.00 138.00 131.10 124.29 117.62 111.12 104.77 98.59 92.57 86.71
429.16 429.63 429.87 429.89 429.66 429.18 428.43 427.41 426.10 424.49 422.56 420.44 418.40 416.50 414.71 413.01 411.35 409.70 407.95 405.96 403.72 401.23 398.51 395.57 392.41 389.01 385.36 381.45 377.31 372.93 368.34 363.52 358.51 353.29 347.89 342.31 336.56 330.64 324.58 318.37 312.02 305.55 298.96 292.26 285.46 278.57 271.60 264.56 257.44 250.28 243.06 235.81 228.53 221.23 213.91 206.59 199.28 191.98 184.71 177.46 170.26 163.11 156.01 148.98 142.03 135.16 128.39 121.72 115.20 108.85 102.67 96.66 90.82
425.06 425.99 426.70 427.20 427.47 427.49 427.26 426.76 425.99 424.92 423.56 421.88 420.00 418.18 416.47 414.85 413.29 411.75 410.11 408.23 406.09 403.70 401.08 398.22 395.12 391.76 388.14 384.27 380.16 375.82 371.25 366.47 361.49 356.31 350.94 345.39 339.68 333.80 327.77 321.60 315.29 308.86 302.31 295.65 288.89 282.04 275.11 268.10 261.04 253.91 246.74 239.53 232.29 225.03 217.76 210.49 203.22 195.97 188.74 181.54 174.39 167.28 160.23 153.25 146.35 139.53 132.81 126.19 119.68 113.33 107.16 101.16 95.35
420.61 421.97 423.13 424.08 424.82 425.32 425.58 425.58 425.32 424.78 423.95 422.82 421.38 419.72 418.10 416.57 415.11 413.67 412.15 410.38 408.34 406.06 403.53 400.75 397.70 394.37 390.79 386.97 382.90 378.60 374.08 369.35 364.41 359.28 353.95 348.45 342.79 336.96 330.98 324.85 318.59 312.21 305.71 299.10 292.39 285.60 278.72 271.76 264.75 257.68 250.56 243.41 236.22 229.02 221.80 214.59 207.38 200.18 193.01 185.87 178.77 171.73 164.74 157.82 150.98 144.22 137.56 131.00 124.55 118.23 112.07 106.09 100.30
415.85 417.62 419.20 420.59 421.76 422.72 423.44 423.92 424.15 424.10 423.78 423.17 422.26 421.04 419.59 418.16 416.80 415.48 414.07 412.41 410.48 408.30 405.86 403.13 400.13 396.86 393.33 389.56 385.55 381.30 376.84 372.16 367.28 362.20 356.94 351.50 345.89 340.12 334.20 328.13 321.94 315.61 309.18 302.63 295.98 289.25 282.43 275.55 268.59 261.59 254.54 247.45 240.33 233.19 226.05 218.90 211.75 204.63 197.52 190.46 183.43 176.45 169.54 162.69 155.92 149.23 142.64 136.15 129.78 123.53 117.41 111.46 105.71
410.84 412.99 414.97 416.76 418.35 419.73 420.90 421.83 422.52 422.95 423.11 422.99 422.59 421.88 420.86 419.62 418.36 417.15 415.86 414.31 412.50 410.41 408.03 405.36 402.42 399.22 395.76 392.05 388.11 383.93 379.54 374.93 370.11 365.10 359.91 354.54 349.00 343.30 337.45 331.46 325.33 319.08 312.72 306.24 299.67 293.01 286.27 279.46 272.58 265.65 258.68 251.67 244.63 237.57 230.50 223.43 216.36 209.32 202.30 195.31 188.36 181.47 174.63 167.87 161.18 154.58 148.07 141.67 135.38 129.22 123.18 117.29 111.57
405.63 408.14 410.48 412.65 414.64 416.42 418.00 419.36 420.48 421.36 421.98 422.33 422.41 422.19 421.68 420.85 419.79 418.69 417.52 416.09 414.37 412.36 410.05 407.46 404.60 401.48 398.09 394.46 390.60 386.50 382.18 377.65 372.92 367.99 362.87 357.58 352.13 346.51 340.74 334.83 328.79 322.62 316.34 309.95 303.47 296.89 290.24 283.51 276.72 269.88 262.99 256.07 249.12 242.15 235.17 228.19 221.22 214.26 207.33 200.44 193.59 186.79 180.04 173.37 166.78 160.28 153.86 147.56 141.37 135.30 129.36 123.56 117.91
400.26 403.10 405.79 408.32 410.67 412.83 414.80 416.55 418.09 419.39 420.44 421.24 421.78 422.03 421.99 421.65 420.99 420.10 419.05 417.73 416.10 414.17 411.95 409.44 406.67 403.63 400.34 396.80 393.02 389.01 384.78 380.34 375.70 370.86 365.84 360.64 355.28 349.75 344.08 338.26 332.32 326.25 320.06 313.77 307.38 300.90 294.34 287.72 281.03 274.28 267.50 260.67 253.82 246.95 240.08 233.20 226.33 219.48 212.65 205.86 199.11 192.41 185.78 179.21 172.73 166.33 160.02 153.83 147.74 141.78 135.95 130.26 124.72
394.79 397.94 400.95 403.81 406.50 409.02 411.35 413.48 415.40 417.10 418.57 419.79 420.75 421.45 421.86 421.99 421.81 421.31 420.45 419.22 417.69 415.86 413.73 411.33 408.65 405.71 402.52 399.08 395.40 391.49 387.36 383.03 378.48 373.75 368.83 363.74 358.48 353.06 347.49 341.78 335.94 329.97 323.89 317.71 311.43 305.06 298.61 292.09 285.51 278.88 272.20 265.49 258.75 252.00 245.23 238.47 231.71 224.97 218.26 211.58 204.95 198.37 191.85 185.40 179.03 172.75 166.56 160.48 154.52 148.68 142.97 137.40 131.98
