data_processed/recharge/precip/Precip_2006_06.asc
ncols        168
nrows        136
xllcorner    455000
yllcorner    2107000
cellsize     500
NODATA_value     -99999
[rows 96 to 127 of 136, columns 73 to 145 of 168]
166.97 164.05 161.26 158.61 156.09 153.70 151.44 149.30 147.30 145.42 143.66 142.03 140.52 139.13 137.86 136.71 135.67 134.75 133.95 133.26 132.68 132.21 131.86 131.61 131.47 131.44 131.51 131.68 131.96 132.34 132.82 133.40 134.08 134.85 135.72 136.68 137.74 138.88 140.12 141.45 142.87 144.37 145.96 147.63 149.39 151.24 153.20 155.29 157.48 159.69 161.81 163.71 165.39 166.84 168.09 169.13 169.96 170.60 171.06 171.32 171.41 171.33 171.08 170.67 170.11 169.40 168.54 167.55 166.42 165.17 163.80 162.32 160.72
168.53 165.48 162.57 159.80 157.17 154.67 152.30 150.07 147.96 145.99 144.15 142.43 140.84 139.38 138.03 136.82 135.72 134.75 133.89 133.15 132.53 132.02 131.63 131.35 131.19 131.13 131.18 131.35 131.62 131.99 132.47 133.05 133.74 134.52 135.41 136.40 137.48 138.66 139.93 141.30 142.76 144.31 145.95 147.68 149.50 151.40 153.40 155.51 157.69 159.77 161.65 163.30 164.74 165.97 166.99 167.82 168.46 168.92 169.19 169.30 169.23 169.00 168.62 168.09 167.41 166.59 165.64 164.57 163.37 162.05 160.63 159.10 157.47
170.26 167.08 164.04 161.14 158.39 155.77 153.29 150.95 148.74 146.67 144.73 142.93 141.25 139.70 138.29 137.00 135.83 134.79 133.88 133.08 132.41 131.86 131.42 131.11 130.91 130.82 130.85 130.99 131.25 131.61 132.08 132.66 133.35 134.14 135.04 136.04 137.14 138.34 139.65 141.05 142.54 144.14 145.82 147.60 149.47 151.44 153.49 155.62 157.66 159.50 161.12 162.53 163.73 164.74 165.56 166.19 166.64 166.91 167.02 166.96 166.74 166.38 165.86 165.21 164.43 163.51 162.47 161.32 160.05 158.68 157.21 155.64 153.99
172.13 168.81 165.63 162.61 159.72 156.99 154.39 151.94 149.62 147.45 145.41 143.51 141.74 140.11 138.61 137.24 136.00 134.89 133.91 133.06 132.33 131.73 131.25 130.89 130.65 130.53 130.53 130.65 130.88 131.23 131.69 132.27 132.95 133.75 134.65 135.66 136.77 138.00 139.32 140.75 142.28 143.91 145.63 147.46 149.38 151.40 153.51 155.66 157.54 159.12 160.49 161.66 162.64 163.43 164.04 164.47 164.73 164.83 164.77 164.55 164.19 163.69 163.05 162.28 161.39 160.38 159.26 158.03 156.70 155.27 153.76 152.16 150.48
174.07 170.61 167.30 164.14 161.13 158.27 155.56 152.99 150.56 148.28 146.14 144.15 142.29 140.57 138.98 137.54 136.23 135.05 134.00 133.09 132.30 131.64 131.12 130.71 130.44 130.28 130.25 130.34 130.55 130.88 131.33 131.90 132.58 133.37 134.28 135.30 136.42 137.66 139.01 140.46 142.02 143.69 145.45 147.32 149.29 151.36 153.52 155.71 157.58 159.00 160.12 161.06 161.81 162.38 162.78 163.01 163.09 163.01 162.78 162.41 161.90 161.26 160.50 159.61 158.61 157.51 156.30 155.00 153.60 152.12 150.56 148.93 147.23
176.09 172.49 169.04 165.75 162.61 159.62 156.79 154.11 151.57 149.18 146.94 144.85 142.89 141.08 139.42 137.89 136.50 135.25 134.14 133.16 132.32 131.60 131.03 130.58 130.26 130.07 130.01 130.07 130.26 130.57 131.00 131.56 132.23 133.02 133.93 134.96 136.10 137.35 138.72 140.20 141.79 143.49 145.29 147.20 149.22 151.33 153.52 155.74 157.66 159.06 160.03 160.73 161.25 161.60 161.79 161.83 161.72 161.46 161.06 160.54 159.88 159.11 158.22 157.22 156.11 154.91 153.62 152.24 150.78 149.25 147.65 145.98 144.26
178.19 174.44 170.85 167.43 164.16 161.05 158.09 155.29 152.64 150.15 147.80 145.60 143.56 141.66 139.90 138.29 136.83 135.51 134.32 133.28 132.38 131.61 130.98 130.49 130.13 129.90 129.80 129.84 130.00 130.29 130.71 131.25 131.92 132.71 133.62 134.65 135.80 137.07 138.46 139.96 141.57 143.30 145.15 147.10 149.15 151.29 153.51 155.77 157.72 159.16 160.11 160.66 160.95 161.09 161.07 160.91 160.61 160.18 159.61 158.93 158.13 157.22 156.20 155.08 153.88 152.58 151.20 149.75 148.22 146.64 144.99 143.29 141.54
180.36 176.46 172.74 169.18 165.78 162.54 159.46 156.54 153.78 151.17 148.72 146.43 144.28 142.29 140.45 138.76 137.21 135.81 134.56 133.45 132.49 131.67 130.98 130.44 130.04 129.77 129.64 129.64 129.78 130.05 130.45 130.98 131.63 132.42 133.33 134.37 135.53 136.81 138.22 139.74 141.38 143.14 145.02 147.00 149.08 151.25 153.50 155.80 157.78 159.24 160.23 160.76 160.91 160.83 160.60 160.24 159.76 159.14 158.41 157.57 156.62 155.58 154.43 153.20 151.89 150.50 149.03 147.51 145.92 144.27 142.58 140.85 139.08
182.60 178.57 174.70 171.00 167.47 164.10 160.90 157.86 154.98 152.26 149.71 147.31 145.07 142.98 141.05 139.27 137.65 136.18 134.85 133.68 132.65 131.77 131.03 130.44 129.99 129.68 129.52 129.49 129.60 129.84 130.22 130.74 131.39 132.17 133.08 134.12 135.28 136.58 138.00 139.54 141.21 143.00 144.90 146.91 149.01 151.21 153.49 155.82 157.83 159.33 160.33 160.89 161.02 160.80 160.37 159.82 159.14 158.35 157.45 156.45 155.36 154.18 152.91 151.56 150.14 148.65 147.10 145.50 143.85 142.15 140.42 138.65 136.86
184.88 180.74 176.74 172.90 169.23 165.73 162.41 159.25 156.25 153.42 150.76 148.26 145.92 143.74 141.71 139.85 138.15 136.59 135.20 133.95 132.86 131.92 131.13 130.49 129.99 129.64 129.44 129.37 129.45 129.68 130.04 130.54 131.17 131.95 132.85 133.89 135.07 136.37 137.81 139.37 141.06 142.88 144.80 146.83 148.95 151.18 153.49 155.84 157.88 159.40 160.44 161.02 161.17 160.93 160.37 159.62 158.75 157.78 156.72 155.56 154.32 153.00 151.60 150.14 148.62 147.03 145.40 143.72 142.00 140.25 138.47 136.67 134.85
187.12 182.95 178.85 174.87 171.07 167.44 163.99 160.70 157.59 154.65 151.87 149.27 146.83 144.55 142.44 140.49 138.70 137.07 135.60 134.29 133.13 132.13 131.28 130.58 130.04 129.65 129.40 129.30 129.35 129.55 129.89 130.37 130.99 131.76 132.66 133.71 134.88 136.20 137.65 139.23 140.94 142.76 144.70 146.75 148.90 151.15 153.49 155.87 157.93 159.48 160.54 161.14 161.31 161.09 160.51 159.62 158.58 157.43 156.20 154.88 153.50 152.04 150.52 148.94 147.30 145.63 143.91 142.15 140.37 138.56 136.74 134.90 133.06
189.30 185.12 180.99 176.92 172.98 169.22 165.64 162.23 159.00 155.94 153.06 150.35 147.80 145.43 143.22 141.18 139.31 137.60 136.05 134.67 133.45 132.38 131.48 130.73 130.13 129.70 129.41 129.28 129.30 129.46 129.78 130.24 130.85 131.61 132.51 133.55 134.73 136.05 137.51 139.11 140.83 142.67 144.62 146.69 148.86 151.13 153.49 155.90 157.99 159.57 160.65 161.27 161.45 161.25 160.68 159.77 158.60 157.28 155.88 154.41 152.87 151.28 149.63 147.93 146.19 144.42 142.61 140.78 138.94 137.08 135.21 133.34 131.47
191.41 187.23 183.09 179.00 174.97 171.08 167.37 163.83 160.48 157.31 154.31 151.49 148.84 146.37 144.07 141.94 139.98 138.19 136.57 135.11 133.82 132.69 131.73 130.92 130.28 129.79 129.47 129.30 129.28 129.42 129.71 130.16 130.75 131.49 132.39 133.43 134.61 135.94 137.41 139.01 140.74 142.59 144.56 146.64 148.83 151.12 153.51 155.94 158.06 159.66 160.76 161.39 161.60 161.40 160.84 159.95 158.75 157.31 155.75 154.12 152.44 150.70 148.93 147.12 145.27 143.40 141.51 139.60 137.69 135.78 133.86 131.96 130.07
193.44 189.27 185.13 181.04 176.99 173.01 169.17 165.51 162.03 158.74 155.63 152.70 149.95 147.38 144.98 142.76 140.72 138.84 137.14 135.61 134.25 133.06 132.03 131.17 130.47 129.94 129.57 129.36 129.31 129.42 129.69 130.11 130.69 131.42 132.30 133.34 134.52 135.85 137.32 138.93 140.67 142.53 144.51 146.61 148.82 151.13 153.54 156.00 158.14 159.75 160.87 161.53 161.74 161.56 161.01 160.12 158.93 157.47 155.79 154.01 152.18 150.31 148.40 146.47 144.52 142.56 140.58 138.60 136.62 134.65 132.69 130.75 128.84
195.39 191.23 187.10 183.01 178.97 174.97 171.04 167.26 163.66 160.25 157.02 153.98 151.13 148.45 145.96 143.65 141.51 139.55 137.77 136.17 134.73 133.47 132.39 131.47 130.72 130.14 129.72 129.47 129.39 129.47 129.71 130.10 130.66 131.38 132.26 133.28 134.47 135.80 137.27 138.88 140.63 142.50 144.49 146.60 148.83 151.15 153.58 156.06 158.23 159.86 161.00 161.67 161.90 161.73 161.18 160.30 159.11 157.65 155.95 154.05 152.08 150.07 148.04 146.00 143.94 141.87 139.81 137.76 135.71 133.68 131.68 129.71 127.77
197.26 193.11 188.99 184.92 180.88 176.89 172.95 169.08 165.36 161.83 158.49 155.34 152.37 149.59 147.00 144.59 142.37 140.33 138.46 136.78 135.28 133.95 132.80 131.82 131.02 130.39 129.92 129.63 129.51 129.56 129.77 130.14 130.68 131.38 132.25 133.27 134.45 135.78 137.25 138.87 140.62 142.49 144.50 146.62 148.86 151.20 153.65 156.15 158.34 159.99 161.14 161.82 162.06 161.90 161.36 160.48 159.30 157.83 156.13 154.21 152.13 149.99 147.83 145.67 143.50 141.34 139.19 137.06 134.95 132.87 130.82 128.81 126.85
199.03 194.90 190.80 186.74 182.72 178.74 174.81 170.94 167.13 163.48 160.02 156.76 153.69 150.80 148.11 145.61 143.29 141.16 139.22 137.46 135.88 134.48 133.27 132.23 131.37 130.68 130.18 129.84 129.68 129.69 129.87 130.22 130.74 131.43 132.28 133.29 134.47 135.79 137.27 138.88 140.63 142.52 144.53 146.66 148.91 151.27 153.74 156.26 158.46 160.13 161.30 161.99 162.24 162.08 161.55 160.68 159.49 158.02 156.31 154.39 152.28 150.04 147.76 145.48 143.20 140.95 138.71 136.51 134.33 132.19 130.10 128.05 126.07
200.71 196.60 192.53 188.48 184.48 180.52 176.61 172.74 168.94 165.21 161.64 158.26 155.07 152.08 149.29 146.69 144.28 142.06 140.04 138.20 136.54 135.07 133.79 132.69 131.77 131.04 130.48 130.10 129.90 129.88 130.03 130.35 130.85 131.52 132.36 133.36 134.53 135.85 137.32 138.93 140.69 142.58 144.59 146.74 149.00 151.37 153.85 156.39 158.61 160.30 161.47 162.18 162.43 162.28 161.75 160.88 159.69 158.22 156.50 154.57 152.45 150.18 147.81 145.41 143.03 140.68 138.36 136.07 133.83 131.64 129.50 127.42 125.41
202.29 198.21 194.16 190.14 186.16 182.22 178.33 174.49 170.70 166.97 163.32 159.82 156.53 153.44 150.54 147.84 145.34 143.03 140.92 139.00 137.27 135.73 134.38 133.21 132.24 131.44 130.84 130.41 130.17 130.11 130.23 130.52 131.00 131.65 132.48 133.47 134.63 135.94 137.41 139.02 140.78 142.67 144.69 146.84 149.11 151.50 153.99 156.55 158.78 160.48 161.67 162.38 162.65 162.50 161.97 161.10 159.90 158.43 156.70 154.76 152.63 150.34 147.94 145.46 142.97 140.52 138.11 135.75 133.44 131.20 129.01 126.90 124.86
203.75 199.71 195.69 191.70 187.75 183.84 179.97 176.15 172.39 168.68 165.03 161.47 158.06 154.86 151.86 149.06 146.46 144.06 141.86 139.86 138.05 136.44 135.02 133.79 132.75 131.91 131.25 130.78 130.49 130.39 130.48 130.75 131.20 131.84 132.65 133.63 134.78 136.08 137.55 139.16 140.91 142.80 144.83 146.98 149.26 151.66 154.17 156.73 158.98 160.69 161.89 162.61 162.88 162.74 162.21 161.33 160.13 158.65 156.92 154.96 152.81 150.51 148.09 145.57 143.01 140.46 137.97 135.53 133.16 130.85 128.62 126.47 124.41
205.10 201.10 197.12 193.16 189.25 185.37 181.53 177.74 174.00 170.32 166.70 163.14 159.66 156.35 153.25 150.35 147.65 145.16 142.87 140.79 138.90 137.21 135.72 134.43 133.33 132.43 131.71 131.20 130.87 130.73 130.78 131.03 131.46 132.08 132.87 133.84 134.98 136.27 137.73 139.33 141.08 142.98 145.00 147.16 149.45 151.85 154.37 156.95 159.21 160.94 162.14 162.86 163.14 162.99 162.46 161.58 160.38 158.89 157.14 155.17 153.01 150.69 148.25 145.71 143.11 140.49 137.91 135.40 132.96 130.60 128.32 126.14 124.05
206.34 202.37 198.43 194.52 190.64 186.80 183.00 179.24 175.54 171.89 168.29 164.76 161.30 157.92 154.71 151.71 148.92 146.33 143.95 141.78 139.81 138.05 136.49 135.13 133.97 133.00 132.24 131.67 131.29 131.12 131.15 131.37 131.78 132.38 133.15 134.11 135.23 136.51 137.96 139.56 141.30 143.19 145.22 147.38 149.67 152.08 154.61 157.21 159.48 161.21 162.42 163.15 163.42 163.28 162.75 161.86 160.65 159.15 157.39 155.40 153.23 150.89 148.42 145.86 143.23 140.58 137.93 135.34 132.83 130.41 128.09 125.87 123.76
207.44 203.53 199.63 195.77 191.93 188.13 184.37 180.65 176.99 173.37 169.81 166.31 162.88 159.52 156.25 153.14 150.25 147.57 145.10 142.84 140.79 138.95 137.32 135.89 134.66 133.64 132.82 132.20 131.78 131.58 131.58 131.77 132.16 132.73 133.49 134.43 135.53 136.81 138.24 139.83 141.57 143.46 145.49 147.65 149.94 152.36 154.90 157.50 159.78 161.52 162.73 163.46 163.74 163.59 163.05 162.16 160.94 159.43 157.66 155.65 153.46 151.10 148.61 146.02 143.37 140.68 137.99 135.34 132.77 130.29 127.92 125.67 123.53
208.42 204.56 200.71 196.90 193.11 189.36 185.64 181.97 178.34 174.77 171.25 167.79 164.39 161.06 157.81 154.65 151.66 148.88 146.32 143.97 141.84 139.92 138.21 136.71 135.42 134.33 133.46 132.79 132.34 132.10 132.07 132.24 132.60 133.15 133.89 134.81 135.90 137.15 138.58 140.16 141.89 143.77 145.80 147.96 150.25 152.68 155.22 157.83 160.12 161.86 163.08 163.81 164.09 163.94 163.39 162.49 161.26 159.73 157.95 155.93 153.71 151.33 148.81 146.20 143.52 140.80 138.07 135.38 132.75 130.22 127.81 125.51 123.35
209.26 205.45 201.67 197.90 194.17 190.47 186.81 183.18 179.60 176.08 172.60 169.18 165.83 162.54 159.32 156.18 153.13 150.26 147.61 145.17 142.95 140.95 139.17 137.60 136.24 135.09 134.17 133.46 132.98 132.70 132.64 132.78 133.11 133.64 134.35 135.25 136.32 137.56 138.97 140.54 142.27 144.14 146.16 148.32 150.62 153.04 155.59 158.21 160.50 162.25 163.47 164.20 164.47 164.31 163.76 162.85 161.61 160.07 158.26 156.22 153.99 151.58 149.04 146.40 143.68 140.93 138.17 135.44 132.76 130.18 127.72 125.39 123.20
209.95 206.21 202.49 198.78 195.11 191.47 187.86 184.29 180.76 177.28 173.86 170.49 167.18 163.94 160.76 157.66 154.64 151.71 148.97 146.44 144.14 142.05 140.19 138.55 137.12 135.92 134.95 134.21 133.68 133.38 133.28 133.38 133.69 134.19 134.88 135.75 136.81 138.03 139.43 140.98 142.70 144.57 146.58 148.74 151.03 153.45 156.01 158.63 160.93 162.68 163.90 164.63 164.89 164.73 164.17 163.24 161.99 160.43 158.61 156.55 154.29 151.86 149.29 146.61 143.87 141.08 138.28 135.51 132.80 130.17 127.66 125.30 123.08
210.50 206.83 203.17 199.53 195.92 192.34 188.79 185.28 181.81 178.39 175.02 171.70 168.44 165.25 162.12 159.07 156.09 153.19 150.40 147.78 145.39 143.22 141.28 139.57 138.08 136.83 135.82 135.03 134.47 134.13 133.99 134.07 134.34 134.82 135.48 136.33 137.36 138.57 139.94 141.49 143.19 145.05 147.05 149.21 151.50 153.92 156.47 159.10 161.41 163.15 164.37 165.10 165.36 165.19 164.61 163.68 162.40 160.83 158.99 156.91 154.62 152.16 149.56 146.86 144.07 141.25 138.42 135.60 132.84 130.17 127.62 125.22 122.97
210.89 207.29 203.70 200.14 196.59 193.08 189.60 186.15 182.74 179.38 176.07 172.81 169.61 166.47 163.40 160.40 157.47 154.62 151.85 149.19 146.71 144.46 142.44 140.66 139.13 137.83 136.77 135.94 135.34 134.96 134.79 134.83 135.07 135.51 136.15 136.98 137.98 139.17 140.53 142.06 143.75 145.59 147.59 149.73 152.02 154.44 157.00 159.63 161.93 163.68 164.90 165.61 165.87 165.68 165.10 164.15 162.86 161.27 159.40 157.29 154.98 152.50 149.87 147.13 144.31 141.45 138.57 135.72 132.91 130.19 127.59 125.14 122.86
211.13 207.60 204.09 200.60 197.13 193.69 190.27 186.90 183.56 180.26 177.02 173.82 170.68 167.60 164.59 161.64 158.77 155.97 153.26 150.63 148.11 145.78 143.69 141.85 140.27 138.92 137.81 136.94 136.29 135.87 135.66 135.67 135.88 136.29 136.90 137.69 138.68 139.84 141.18 142.69 144.37 146.20 148.19 150.32 152.60 155.02 157.57 160.21 162.51 164.26 165.47 166.18 166.42 166.23 165.63 164.66 163.35 161.74 159.85 157.72 155.38 152.86 150.20 147.43 144.57 141.67 138.75 135.85 133.00 130.24 127.58 125.07 122.75
211.20 207.75 204.33 200.91 197.52 194.15 190.82 187.51 184.25 181.02 177.84 174.72 171.64 168.63 165.68 162.79 159.98 157.24 154.59 152.01 149.53 147.17 145.03 143.14 141.50 140.10 138.95 138.03 137.33 136.87 136.62 136.59 136.76 137.14 137.72 138.49 139.45 140.59 141.91 143.40 145.06 146.88 148.85 150.98 153.25 155.66 158.21 160.84 163.15 164.89 166.09 166.80 167.03 166.82 166.21 165.22 163.89 162.26 160.34 158.19 155.82 153.27 150.57 147.76 144.87 141.92 138.96 136.02 133.12 130.30 127.59 125.03 122.65
211.09 207.74 204.40 201.07 197.76 194.48 191.22 187.99 184.80 181.66 178.55 175.50 172.49 169.55 166.67 163.85 161.10 158.43 155.83 153.32 150.91 148.62 146.47 144.52 142.82 141.38 140.17 139.20 138.47 137.96 137.67 137.60 137.73 138.08 138.63 139.37 140.30 141.41 142.71 144.18 145.82 147.62 149.58 151.70 153.96 156.37 158.91 161.54 163.84 165.58 166.78 167.47 167.69 167.47 166.84 165.83 164.48 162.82 160.88 158.69 156.29 153.71 150.98 148.13 145.20 142.21 139.20 136.21 133.26 130.39 127.63 125.01 122.57
210.81 207.55 204.30 201.06 197.84 194.64 191.47 188.33 185.22 182.16 179.13 176.15 173.23 170.36 167.55 164.80 162.12 159.52 156.99 154.57 152.25 150.05 147.96 146.00 144.25 142.75 141.49 140.47 139.69 139.14 138.80 138.69 138.79 139.10 139.61 140.32 141.23 142.31 143.59 145.03 146.65 148.44 150.39 152.49 154.74 157.14 159.68 162.30 164.60 166.33 167.52 168.20 168.40 168.17 167.52 166.49 165.12 163.43 161.46 159.24 156.81 154.19 151.43 148.54 145.56 142.53 139.48 136.44 133.44 130.51 127.70 125.03 122.55
