data_processed/recharge/precip/Precip_2012_10.asc
ncols        168
nrows        136
xllcorner    455000
yllcorner    2107000
cellsize     500
NODATA_value     -99999
[rows 35 to 69 of 136, columns 0 to 78 of 168]
5.33 5.74 6.13 6.52 6.90 7.27 7.62 7.95 8.27 8.57 8.85 9.11 9.34 9.55 9.74 9.90 10.04 10.14 10.21 10.25 10.27 10.25 10.22 10.18 10.13 10.08 10.02 9.96 9.90 9.85 9.80 9.76 9.72 9.68 9.65 9.63 9.61 9.59 9.57 9.56 9.56 9.55 9.55 9.55 9.55 9.55 9.56 9.57 9.58 9.59 9.61 9.62 9.64 9.65 9.67 9.69 9.71 9.73 9.75 9.77 9.78 9.80 9.82 9.84 9.85 9.87 9.88 9.89 9.90 9.91 9.92 9.92 9.92 9.92 9.92 9.91 9.90 9.89 9.86
5.29 5.71 6.12 6.52 6.90 7.28 7.64 7.98 8.31 8.62 8.91 9.18 9.42 9.64 9.84 10.01 10.15 10.26 10.34 10.39 10.41 10.40 10.38 10.34 10.30 10.25 10.20 10.14 10.08 10.02 9.97 9.92 9.88 9.84 9.80 9.77 9.75 9.73 9.71 9.69 9.68 9.67 9.67 9.66 9.66 9.66 9.67 9.67 9.68 9.69 9.70 9.72 9.73 9.74 9.76 9.78 9.79 9.81 9.83 9.84 9.86 9.88 9.89 9.91 9.93 9.94 9.95 9.96 9.97 9.98 9.99 9.99 9.99 9.99 9.99 9.98 9.97 9.95 9.89
5.25 5.68 6.10 6.51 6.91 7.29 7.67 8.02 8.36 8.68 8.98 9.26 9.52 9.76 9.97 10.15 10.30 10.41 10.50 10.55 10.58 10.58 10.56 10.53 10.49 10.45 10.40 10.35 10.29 10.23 10.17 10.12 10.07 10.03 9.99 9.95 9.92 9.90 9.87 9.85 9.84 9.82 9.82 9.81 9.80 9.80 9.80 9.81 9.81 9.82 9.83 9.84 9.85 9.86 9.87 9.89 9.90 9.92 9.93 9.95 9.96 9.98 9.99 10.01 10.02 10.03 10.04 10.05 10.06 10.07 10.08 10.08 10.08 10.08 10.08 10.07 10.05 9.99 9.89
5.20 5.64 6.08 6.50 6.92 7.32 7.71 8.08 8.43 8.77 9.09 9.38 9.66 9.91 10.13 10.32 10.47 10.59 10.68 10.74 10.77 10.78 10.76 10.74 10.71 10.67 10.63 10.58 10.53 10.47 10.40 10.35 10.29 10.24 10.20 10.16 10.13 10.10 10.07 10.04 10.02 10.01 9.99 9.98 9.97 9.97 9.96 9.96 9.97 9.97 9.97 9.98 9.99 10.00 10.01 10.02 10.03 10.04 10.06 10.07 10.08 10.10 10.11 10.12 10.13 10.14 10.15 10.16 10.17 10.18 10.18 10.18 10.18 10.18 10.18 10.16 10.11 10.01 9.86
5.15 5.61 6.06 6.51 6.94 7.36 7.77 8.16 8.53 8.88 9.22 9.53 9.82 10.09 10.32 10.52 10.68 10.80 10.89 10.96 10.99 11.00 11.00 10.98 10.95 10.92 10.88 10.84 10.79 10.73 10.67 10.61 10.55 10.50 10.45 10.40 10.36 10.32 10.29 10.26 10.24 10.22 10.20 10.18 10.17 10.16 10.15 10.15 10.15 10.14 10.15 10.15 10.15 10.16 10.17 10.17 10.18 10.19 10.20 10.21 10.22 10.23 10.25 10.26 10.26 10.27 10.28 10.29 10.29 10.30 10.30 10.30 10.30 10.30 10.28 10.23 10.14 10.00 9.81
5.11 5.59 6.07 6.53 6.98 7.42 7.85 8.26 8.65 9.03 9.39 9.72 10.03 10.31 10.55 10.74 10.91 11.03 11.13 11.20 11.24 11.25 11.25 11.24 11.22 11.19 11.16 11.12 11.08 11.02 10.97 10.90 10.84 10.78 10.72 10.67 10.63 10.58 10.55 10.51 10.48 10.45 10.43 10.41 10.39 10.38 10.37 10.36 10.35 10.34 10.34 10.34 10.34 10.34 10.35 10.35 10.36 10.36 10.37 10.38 10.38 10.39 10.40 10.41 10.41 10.42 10.43 10.43 10.44 10.44 10.44 10.44 10.44 10.42 10.37 10.28 10.14 9.96 9.74
5.08 5.59 6.09 6.57 7.05 7.52 7.97 8.40 8.82 9.22 9.60 9.96 10.28 10.56 10.80 11.00 11.16 11.29 11.39 11.46 11.51 11.53 11.53 11.52 11.51 11.49 11.46 11.42 11.38 11.33 11.28 11.22 11.16 11.09 11.03 10.97 10.92 10.87 10.83 10.79 10.75 10.72 10.69 10.66 10.64 10.62 10.60 10.59 10.58 10.57 10.56 10.56 10.55 10.55 10.55 10.55 10.55 10.55 10.56 10.56 10.56 10.57 10.57 10.58 10.58 10.59 10.59 10.59 10.59 10.59 10.59 10.59 10.57 10.52 10.43 10.30 10.13 9.91 9.65
5.07 5.61 6.13 6.65 7.15 7.64 8.12 8.58 9.02 9.45 9.86 10.22 10.55 10.83 11.07 11.28 11.44 11.58 11.68 11.76 11.80 11.83 11.84 11.83 11.82 11.80 11.78 11.75 11.71 11.67 11.62 11.56 11.50 11.43 11.36 11.30 11.24 11.19 11.14 11.09 11.05 11.01 10.97 10.94 10.91 10.89 10.87 10.85 10.83 10.81 10.80 10.79 10.78 10.78 10.77 10.77 10.76 10.76 10.76 10.76 10.76 10.76 10.76 10.76 10.77 10.77 10.77 10.76 10.76 10.76 10.76 10.74 10.69 10.60 10.47 10.30 10.09 9.83 9.54
5.09 5.66 6.21 6.76 7.29 7.81 8.32 8.81 9.28 9.73 10.15 10.52 10.85 11.13 11.38 11.58 11.75 11.89 11.99 12.07 12.12 12.15 12.16 12.16 12.15 12.14 12.12 12.09 12.06 12.02 11.97 11.92 11.86 11.79 11.73 11.66 11.59 11.53 11.47 11.42 11.37 11.32 11.28 11.24 11.21 11.18 11.15 11.13 11.10 11.08 11.06 11.05 11.04 11.02 11.01 11.00 11.00 10.99 10.99 10.98 10.98 10.97 10.97 10.97 10.96 10.96 10.96 10.95 10.95 10.94 10.92 10.87 10.78 10.65 10.49 10.28 10.03 9.74 9.41
5.15 5.74 6.33 6.90 7.47 8.02 8.56 9.09 9.59 10.06 10.47 10.85 11.17 11.46 11.70 11.91 12.08 12.22 12.33 12.41 12.46 12.50 12.51 12.51 12.51 12.50 12.48 12.45 12.42 12.39 12.34 12.29 12.24 12.18 12.11 12.04 11.96 11.90 11.83 11.77 11.72 11.66 11.62 11.57 11.53 11.49 11.46 11.43 11.40 11.37 11.35 11.33 11.31 11.29 11.27 11.26 11.25 11.24 11.23 11.22 11.21 11.20 11.19 11.18 11.18 11.17 11.16 11.15 11.14 11.12 11.07 10.98 10.85 10.69 10.48 10.23 9.95 9.63 9.26
5.24 5.87 6.49 7.10 7.70 8.29 8.86 9.42 9.94 10.41 10.82 11.20 11.52 11.81 12.06 12.26 12.44 12.58 12.69 12.77 12.83 12.86 12.88 12.88 12.88 12.87 12.86 12.84 12.81 12.77 12.73 12.69 12.63 12.57 12.51 12.44 12.36 12.29 12.22 12.15 12.09 12.03 11.97 11.92 11.87 11.83 11.79 11.75 11.71 11.68 11.65 11.62 11.60 11.57 11.55 11.53 11.51 11.50 11.48 11.47 11.45 11.44 11.43 11.42 11.40 11.39 11.38 11.37 11.34 11.29 11.20 11.07 10.90 10.70 10.45 10.17 9.86 9.50 9.10
5.37 6.04 6.70 7.35 7.99 8.62 9.23 9.80 10.31 10.78 11.20 11.57 11.90 12.19 12.43 12.64 12.82 12.96 13.07 13.15 13.21 13.25 13.27 13.28 13.28 13.27 13.26 13.24 13.21 13.18 13.14 13.10 13.05 12.99 12.93 12.86 12.78 12.70 12.62 12.55 12.48 12.41 12.35 12.29 12.23 12.18 12.13 12.09 12.05 12.01 11.97 11.94 11.91 11.88 11.85 11.82 11.80 11.78 11.75 11.73 11.72 11.70 11.68 11.66 11.64 11.63 11.61 11.58 11.53 11.43 11.30 11.13 10.93 10.69 10.41 10.10 9.75 9.36 8.93
5.56 6.27 6.97 7.66 8.34 9.00 9.63 10.20 10.72 11.18 11.60 11.97 12.30 12.58 12.83 13.04 13.22 13.36 13.47 13.56 13.62 13.66 13.68 13.69 13.69 13.69 13.68 13.66 13.63 13.60 13.57 13.52 13.47 13.42 13.36 13.29 13.22 13.14 13.06 12.97 12.89 12.82 12.75 12.68 12.62 12.56 12.50 12.45 12.40 12.36 12.31 12.27 12.23 12.20 12.16 12.13 12.10 12.07 12.04 12.02 11.99 11.97 11.94 11.92 11.90 11.87 11.84 11.78 11.68 11.55 11.38 11.18 10.94 10.66 10.35 10.00 9.62 9.20 8.74
5.80 6.55 7.30 8.04 8.76 9.44 10.06 10.63 11.14 11.61 12.03 12.40 12.72 13.01 13.25 13.46 13.64 13.78 13.90 13.98 14.04 14.08 14.11 14.12 14.12 14.12 14.11 14.10 14.07 14.04 14.01 13.96 13.92 13.86 13.80 13.74 13.66 13.59 13.51 13.42 13.33 13.25 13.17 13.09 13.02 12.95 12.89 12.83 12.77 12.72 12.67 12.62 12.57 12.53 12.49 12.45 12.41 12.38 12.34 12.31 12.28 12.25 12.22 12.19 12.16 12.12 12.06 11.96 11.82 11.65 11.45 11.21 10.93 10.62 10.28 9.90 9.48 9.03 8.55
6.11 6.91 7.70 8.48 9.22 9.89 10.52 11.08 11.60 12.06 12.47 12.84 13.17 13.45 13.70 13.91 14.08 14.23 14.34 14.43 14.49 14.53 14.55 14.57 14.57 14.57 14.56 14.55 14.53 14.50 14.46 14.42 14.37 14.32 14.26 14.20 14.12 14.05 13.97 13.88 13.79 13.70 13.61 13.52 13.44 13.37 13.30 13.23 13.16 13.10 13.04 12.99 12.93 12.88 12.83 12.79 12.74 12.70 12.66 12.62 12.58 12.54 12.50 12.47 12.42 12.35 12.25 12.11 11.94 11.73 11.49 11.22 10.91 10.57 10.19 9.78 9.33 8.85 8.34
6.48 7.33 8.17 8.97 9.70 10.38 11.00 11.56 12.07 12.53 12.94 13.31 13.64 13.92 14.16 14.37 14.55 14.69 14.80 14.89 14.95 15.00 15.02 15.03 15.04 15.04 15.03 15.02 15.00 14.97 14.93 14.89 14.85 14.79 14.73 14.67 14.60 14.52 14.44 14.35 14.26 14.16 14.07 13.97 13.89 13.80 13.72 13.64 13.57 13.50 13.43 13.37 13.30 13.25 13.19 13.13 13.08 13.03 12.98 12.94 12.89 12.85 12.80 12.75 12.67 12.56 12.42 12.24 12.03 11.79 11.52 11.21 10.87 10.50 10.09 9.65 9.17 8.67 8.13
6.94 7.83 8.69 9.48 10.21 10.89 11.50 12.06 12.57 13.03 13.44 13.80 14.13 14.41 14.65 14.86 15.03 15.17 15.29 15.37 15.44 15.48 15.50 15.52 15.52 15.52 15.52 15.50 15.48 15.45 15.42 15.38 15.33 15.28 15.22 15.15 15.08 15.00 14.92 14.83 14.74 14.65 14.54 14.44 14.34 14.25 14.16 14.07 13.99 13.91 13.83 13.76 13.69 13.62 13.56 13.50 13.44 13.38 13.32 13.27 13.21 13.16 13.10 13.02 12.90 12.75 12.57 12.36 12.11 11.84 11.53 11.19 10.82 10.41 9.98 9.51 9.01 8.47 7.91
7.46 8.38 9.23 10.02 10.75 11.42 12.03 12.59 13.09 13.55 13.95 14.32 14.64 14.92 15.16 15.36 15.53 15.68 15.79 15.87 15.94 15.98 16.00 16.02 16.02 16.02 16.02 16.00 15.98 15.95 15.92 15.87 15.83 15.77 15.71 15.65 15.57 15.50 15.42 15.33 15.23 15.14 15.03 14.93 14.82 14.71 14.61 14.52 14.43 14.34 14.25 14.17 14.09 14.01 13.94 13.87 13.80 13.73 13.67 13.61 13.54 13.48 13.38 13.26 13.10 12.92 12.70 12.46 12.18 11.87 11.53 11.16 10.75 10.32 9.86 9.36 8.83 8.27 7.68
8.04 8.96 9.80 10.59 11.31 11.97 12.58 13.13 13.64 14.09 14.49 14.85 15.17 15.44 15.68 15.89 16.06 16.20 16.31 16.39 16.45 16.49 16.52 16.53 16.54 16.54 16.53 16.51 16.49 16.46 16.43 16.38 16.34 16.28 16.22 16.15 16.08 16.00 15.92 15.83 15.73 15.63 15.53 15.42 15.31 15.19 15.08 14.98 14.88 14.78 14.68 14.59 14.50 14.42 14.33 14.25 14.18 14.10 14.03 13.96 13.88 13.77 13.64 13.48 13.29 13.07 12.82 12.54 12.23 11.88 11.51 11.11 10.68 10.22 9.73 9.20 8.65 8.07 7.46
8.65 9.55 10.40 11.18 11.89 12.55 13.15 13.70 14.20 14.65 15.05 15.40 15.72 15.99 16.23 16.43 16.60 16.73 16.84 16.93 16.99 17.03 17.05 17.06 17.07 17.07 17.06 17.04 17.02 16.99 16.95 16.91 16.86 16.80 16.74 16.67 16.59 16.51 16.43 16.34 16.24 16.14 16.03 15.92 15.81 15.69 15.57 15.45 15.34 15.23 15.13 15.02 14.93 14.83 14.74 14.65 14.56 14.48 14.39 14.31 14.19 14.05 13.88 13.69 13.46 13.20 12.92 12.60 12.26 11.89 11.49 11.06 10.60 10.11 9.59 9.04 8.47 7.86 7.23
9.28 10.18 11.01 11.79 12.50 13.15 13.75 14.29 14.78 15.23 15.62 15.98 16.29 16.56 16.79 16.99 17.15 17.29 17.40 17.48 17.54 17.57 17.59 17.61 17.61 17.61 17.60 17.58 17.55 17.52 17.48 17.44 17.39 17.33 17.26 17.19 17.12 17.04 16.95 16.86 16.76 16.65 16.55 16.43 16.31 16.19 16.07 15.94 15.82 15.70 15.58 15.47 15.36 15.26 15.15 15.05 14.96 14.86 14.76 14.64 14.49 14.31 14.11 13.87 13.61 13.32 13.00 12.66 12.29 11.88 11.45 11.00 10.51 10.00 9.45 8.88 8.28 7.65 7.00
9.93 10.82 11.65 12.42 13.12 13.77 14.36 14.90 15.39 15.83 16.22 16.57 16.87 17.14 17.37 17.56 17.73 17.86 17.96 18.04 18.10 18.13 18.15 18.16 18.17 18.16 18.15 18.13 18.10 18.07 18.03 17.98 17.93 17.87 17.80 17.73 17.65 17.56 17.47 17.38 17.28 17.17 17.06 16.95 16.83 16.70 16.57 16.44 16.30 16.17 16.05 15.92 15.81 15.69 15.58 15.47 15.36 15.25 15.11 14.95 14.77 14.55 14.31 14.04 13.75 13.43 13.08 12.70 12.30 11.87 11.41 10.93 10.41 9.88 9.31 8.71 8.09 7.44 6.77
10.60 11.49 12.31 13.07 13.77 14.41 15.00 15.53 16.01 16.45 16.83 17.18 17.48 17.74 17.97 18.16 18.32 18.44 18.55 18.62 18.68 18.71 18.73 18.74 18.74 18.73 18.71 18.69 18.66 18.63 18.58 18.53 18.48 18.41 18.34 18.27 18.19 18.10 18.01 17.91 17.81 17.70 17.58 17.46 17.34 17.21 17.08 16.94 16.80 16.66 16.52 16.39 16.26 16.13 16.01 15.89 15.76 15.62 15.44 15.25 15.02 14.78 14.50 14.20 13.87 13.52 13.14 12.74 12.30 11.85 11.36 10.85 10.32 9.75 9.16 8.55 7.90 7.24 6.54
11.30 12.18 12.99 13.75 14.44 15.08 15.66 16.18 16.66 17.09 17.47 17.80 18.10 18.36 18.58 18.77 18.92 19.05 19.14 19.22 19.27 19.30 19.31 19.32 19.32 19.31 19.29 19.26 19.23 19.19 19.15 19.09 19.03 18.97 18.90 18.82 18.73 18.64 18.55 18.45 18.34 18.23 18.11 17.99 17.86 17.73 17.59 17.45 17.31 17.16 17.01 16.86 16.72 16.58 16.45 16.31 16.15 15.97 15.76 15.52 15.27 14.98 14.68 14.34 13.98 13.60 13.19 12.76 12.30 11.82 11.31 10.77 10.21 9.63 9.02 8.38 7.72 7.03 6.32
12.02 12.89 13.70 14.44 15.13 15.76 16.33 16.85 17.32 17.74 18.12 18.45 18.74 18.99 19.21 19.39 19.54 19.66 19.76 19.83 19.87 19.90 19.91 19.91 19.91 19.90 19.88 19.85 19.81 19.77 19.72 19.66 19.60 19.53 19.46 19.37 19.29 19.19 19.09 18.99 18.88 18.76 18.64 18.51 18.38 18.25 18.11 17.96 17.81 17.66 17.50 17.34 17.19 17.04 16.89 16.71 16.52 16.30 16.05 15.79 15.49 15.18 14.84 14.47 14.09 13.67 13.24 12.78 12.29 11.78 11.25 10.69 10.11 9.50 8.87 8.22 7.54 6.83 6.10
12.76 13.62 14.42 15.16 15.84 16.46 17.02 17.53 18.00 18.41 18.78 19.11 19.39 19.64 19.85 20.03 20.17 20.29 20.38 20.45 20.49 20.51 20.52 20.52 20.51 20.50 20.47 20.44 20.40 20.35 20.30 20.24 20.17 20.10 20.02 19.94 19.84 19.75 19.64 19.53 19.42 19.30 19.17 19.04 18.91 18.77 18.62 18.47 18.32 18.16 18.00 17.83 17.67 17.50 17.31 17.10 16.87 16.61 16.33 16.03 15.71 15.36 14.99 14.60 14.18 13.74 13.28 12.79 12.28 11.75 11.19 10.61 10.01 9.38 8.73 8.05 7.36 6.63 5.89
13.51 14.37 15.16 15.89 16.56 17.17 17.73 18.24 18.69 19.10 19.46 19.78 20.06 20.30 20.51 20.68 20.82 20.93 21.02 21.08 21.12 21.14 21.14 21.14 21.13 21.10 21.08 21.04 21.00 20.95 20.89 20.83 20.75 20.68 20.59 20.50 20.41 20.30 20.20 20.08 19.96 19.84 19.71 19.57 19.43 19.29 19.14 18.98 18.82 18.66 18.49 18.32 18.14 17.94 17.71 17.47 17.20 16.91 16.60 16.26 15.91 15.53 15.13 14.71 14.26 13.80 13.31 12.80 12.26 11.71 11.13 10.53 9.91 9.26 8.59 7.90 7.18 6.45 5.69
14.29 15.14 15.92 16.64 17.30 17.91 18.46 18.96 19.40 19.80 20.16 20.47 20.75 20.98 21.18 21.35 21.48 21.59 21.67 21.72 21.76 21.77 21.77 21.76 21.75 21.72 21.69 21.65 21.60 21.55 21.49 21.42 21.34 21.26 21.17 21.08 20.97 20.87 20.75 20.63 20.51 20.38 20.24 20.10 19.96 19.81 19.65 19.49 19.33 19.16 18.99 18.80 18.60 18.36 18.10 17.82 17.52 17.20 16.85 16.49 16.10 15.69 15.26 14.81 14.34 13.85 13.34 12.80 12.25 11.67 11.07 10.45 9.81 9.14 8.46 7.75 7.02 6.27 5.49
15.09 15.93 16.70 17.41 18.06 18.66 19.20 19.69 20.13 20.52 20.87 21.18 21.44 21.67 21.86 22.02 22.15 22.25 22.33 22.38 22.41 22.42 22.41 22.40 22.38 22.35 22.31 22.27 22.21 22.15 22.09 22.01 21.93 21.85 21.75 21.65 21.54 21.43 21.31 21.19 21.06 20.92 20.78 20.64 20.48 20.33 20.17 20.00 19.83 19.66 19.47 19.26 19.03 18.76 18.47 18.16 17.82 17.47 17.09 16.70 16.28 15.85 15.39 14.92 14.42 13.90 13.37 12.81 12.23 11.63 11.01 10.37 9.71 9.03 8.33 7.61 6.86 6.10 5.31
15.90 16.73 17.49 18.20 18.84 19.43 19.96 20.44 20.87 21.26 21.60 21.90 22.15 22.37 22.56 22.71 22.83 22.93 23.00 23.04 23.07 23.07 23.06 23.04 23.02 22.98 22.94 22.89 22.83 22.77 22.69 22.62 22.53 22.44 22.34 22.23 22.12 22.00 21.88 21.75 21.61 21.47 21.32 21.17 21.01 20.85 20.68 20.51 20.33 20.15 19.94 19.70 19.44 19.14 18.83 18.48 18.12 17.73 17.32 16.90 16.46 15.99 15.51 15.01 14.49 13.95 13.39 12.81 12.21 11.60 10.96 10.30 9.62 8.93 8.21 7.47 6.72 5.94 5.14
16.74 17.55 18.31 19.00 19.63 20.21 20.73 21.20 21.63 22.00 22.34 22.63 22.88 23.09 23.27 23.41 23.53 23.62 23.68 23.72 23.74 23.74 23.72 23.70 23.66 23.62 23.58 23.52 23.46 23.39 23.31 23.22 23.13 23.03 22.93 22.81 22.69 22.57 22.44 22.30 22.16 22.01 21.86 21.70 21.54 21.37 21.20 21.02 20.83 20.62 20.38 20.11 19.82 19.50 19.16 18.79 18.40 17.98 17.55 17.10 16.62 16.14 15.63 15.10 14.56 14.00 13.42 12.82 12.20 11.56 10.91 10.24 9.54 8.83 8.10 7.35 6.58 5.80 4.99
17.59 18.39 19.13 19.81 20.44 21.01 21.52 21.98 22.40 22.76 23.09 23.37 23.61 23.82 23.99 24.12 24.23 24.31 24.37 24.40 24.41 24.41 24.39 24.36 24.32 24.27 24.22 24.15 24.08 24.01 23.92 23.83 23.73 23.63 23.52 23.40 23.27 23.14 23.00 22.86 22.71 22.56 22.40 22.23 22.06 21.89 21.70 21.51 21.30 21.06 20.79 20.50 20.18 19.84 19.47 19.08 18.67 18.22 17.76 17.28 16.79 16.27 15.74 15.20 14.63 14.05 13.45 12.83 12.19 11.54 10.87 10.18 9.47 8.75 8.00 7.24 6.46 5.67 4.85
18.45 19.25 19.98 20.65 21.26 21.82 22.32 22.77 23.18 23.54 23.85 24.12 24.36 24.55 24.71 24.85 24.95 25.02 25.07 25.09 25.10 25.08 25.06 25.02 24.98 24.92 24.86 24.79 24.72 24.63 24.54 24.45 24.34 24.23 24.11 23.98 23.85 23.71 23.57 23.42 23.26 23.10 22.93 22.76 22.58 22.40 22.21 21.99 21.75 21.48 21.19 20.87 20.53 20.16 19.77 19.36 18.92 18.46 17.97 17.47 16.95 16.41 15.86 15.29 14.70 14.10 13.48 12.84 12.19 11.52 10.83 10.13 9.41 8.67 7.92 7.15 6.36 5.55 4.73
19.33 20.11 20.83 21.49 22.10 22.64 23.13 23.58 23.97 24.32 24.62 24.89 25.11 25.30 25.45 25.58 25.67 25.73 25.77 25.79 25.79 25.77 25.74 25.69 25.64 25.58 25.51 25.44 25.36 25.26 25.17 25.06 24.95 24.83 24.70 24.57 24.43 24.29 24.13 23.98 23.81 23.64 23.47 23.29 23.10 22.91 22.69 22.44 22.18 21.88 21.56 21.22 20.86 20.47 20.06 19.62 19.16 18.68 18.18 17.65 17.11 16.55 15.97 15.38 14.77 14.15 13.51 12.86 12.19 11.51 10.81 10.09 9.36 8.61 7.84 7.06 6.27 5.45 4.63
20.23 21.00 21.71 22.35 22.94 23.48 23.96 24.39 24.78 25.11 25.41 25.66 25.88 26.06 26.20 26.31 26.40 26.45 26.49 26.50 26.49 26.46 26.42 26.37 26.31 26.24 26.17 26.09 26.00 25.90 25.79 25.68 25.56 25.43 25.30 25.16 25.01 24.86 24.70 24.53 24.36 24.18 24.00 23.81 23.61 23.39 23.15 22.88 22.58 22.26 21.92 21.56 21.17 20.76 20.32 19.87 19.39 18.89 18.37 17.83 17.26 16.68 16.09 15.48 14.85 14.21 13.56 12.89 12.20 11.51 10.79 10.06 9.32 8.56 7.79 7.00 6.20 5.38 4.54
