data_processed/recharge/precip/Precip_2009_02.asc
ncols        168
nrows        136
xllcorner    455000
yllcorner    2107000
cellsize     500
NODATA_value     -99999
[rows 36 to 71 of 136, columns 0 to 80 of 168]
10.52 10.42 10.43 10.54 10.73 10.99 11.29 11.64 12.00 12.35 12.65 12.88 13.04 13.13 13.14 13.06 12.90 12.69 12.45 12.17 11.87 11.55 11.22 10.89 10.55 10.22 9.88 9.52 9.15 8.77 8.39 8.00 7.61 7.23 6.86 6.52 6.22 5.96 5.75 5.58 5.46 5.39 5.37 5.42 5.52 5.67 5.87 6.11 6.38 6.69 7.01 7.31 7.51 7.61 7.64 7.58 7.46 7.27 7.03 6.75 6.44 6.12 5.80 5.48 5.16 4.84 4.52 4.22 3.94 3.69 3.48 3.29 3.13 2.99 2.87 2.76 2.68 2.60 2.53 2.46 2.40
10.76 10.64 10.63 10.71 10.87 11.09 11.37 11.67 12.00 12.33 12.62 12.86 13.01 13.09 13.08 12.99 12.84 12.65 12.42 12.16 11.87 11.57 11.25 10.93 10.61 10.30 9.97 9.62 9.26 8.90 8.52 8.15 7.78 7.41 7.05 6.71 6.40 6.13 5.92 5.75 5.63 5.57 5.57 5.64 5.76 5.93 6.15 6.40 6.69 7.01 7.34 7.65 7.86 7.97 7.99 7.94 7.81 7.62 7.37 7.08 6.74 6.37 6.01 5.64 5.28 4.91 4.56 4.23 3.94 3.69 3.46 3.27 3.10 2.95 2.82 2.71 2.62 2.54 2.46 2.40 2.34
11.01 10.88 10.85 10.91 11.04 11.24 11.48 11.75 12.04 12.33 12.60 12.83 12.99 13.05 13.04 12.96 12.83 12.65 12.44 12.19 11.92 11.64 11.33 11.03 10.72 10.41 10.09 9.76 9.42 9.06 8.70 8.34 7.99 7.63 7.29 6.95 6.64 6.37 6.14 5.97 5.86 5.81 5.84 5.92 6.05 6.24 6.47 6.73 7.03 7.36 7.70 8.01 8.22 8.33 8.36 8.30 8.16 7.96 7.70 7.38 7.02 6.63 6.22 5.80 5.38 4.97 4.60 4.26 3.96 3.70 3.47 3.26 3.09 2.93 2.80 2.69 2.59 2.50 2.42 2.35 2.29
11.28 11.13 11.08 11.12 11.24 11.41 11.62 11.86 12.12 12.37 12.61 12.82 12.97 13.03 13.03 12.97 12.86 12.70 12.50 12.27 12.02 11.74 11.45 11.16 10.86 10.57 10.26 9.94 9.60 9.26 8.91 8.57 8.22 7.88 7.55 7.23 6.93 6.65 6.42 6.25 6.15 6.12 6.15 6.25 6.39 6.59 6.82 7.10 7.40 7.73 8.08 8.39 8.59 8.70 8.72 8.65 8.50 8.28 8.00 7.67 7.28 6.86 6.41 5.94 5.48 5.05 4.66 4.31 4.01 3.73 3.49 3.28 3.10 2.94 2.80 2.68 2.58 2.49 2.41 2.33 2.27
11.54 11.39 11.33 11.36 11.45 11.60 11.79 12.01 12.24 12.46 12.67 12.84 12.97 13.05 13.06 13.02 12.92 12.78 12.60 12.38 12.14 11.88 11.61 11.32 11.03 10.75 10.45 10.14 9.82 9.49 9.15 8.82 8.48 8.16 7.84 7.54 7.25 6.98 6.75 6.59 6.50 6.48 6.53 6.63 6.78 6.98 7.22 7.49 7.79 8.12 8.47 8.77 8.97 9.07 9.08 8.99 8.83 8.59 8.29 7.92 7.51 7.06 6.57 6.07 5.58 5.14 4.74 4.39 4.07 3.79 3.54 3.32 3.13 2.96 2.82 2.70 2.59 2.50 2.41 2.34 2.27
11.80 11.64 11.58 11.60 11.68 11.82 11.99 12.18 12.39 12.58 12.76 12.90 13.01 13.09 13.12 13.10 13.02 12.89 12.72 12.52 12.30 12.05 11.78 11.51 11.23 10.95 10.66 10.36 10.05 9.73 9.41 9.08 8.76 8.45 8.14 7.85 7.58 7.34 7.14 7.00 6.92 6.91 6.95 7.05 7.21 7.40 7.64 7.91 8.21 8.53 8.87 9.17 9.36 9.44 9.43 9.32 9.14 8.87 8.54 8.15 7.71 7.22 6.70 6.19 5.71 5.25 4.85 4.48 4.15 3.86 3.61 3.38 3.19 3.01 2.87 2.74 2.63 2.53 2.45 2.37 2.30
12.06 11.90 11.83 11.85 11.92 12.05 12.20 12.38 12.56 12.74 12.89 13.01 13.11 13.18 13.21 13.20 13.13 13.02 12.87 12.68 12.47 12.23 11.97 11.71 11.44 11.17 10.89 10.60 10.30 9.99 9.67 9.36 9.05 8.75 8.46 8.18 7.93 7.73 7.58 7.46 7.39 7.38 7.42 7.52 7.67 7.86 8.09 8.36 8.65 8.96 9.28 9.57 9.74 9.81 9.77 9.64 9.43 9.13 8.77 8.34 7.86 7.34 6.82 6.32 5.84 5.39 4.97 4.60 4.26 3.96 3.70 3.47 3.27 3.09 2.94 2.81 2.70 2.60 2.51 2.43 2.36
12.30 12.15 12.08 12.09 12.17 12.28 12.43 12.60 12.76 12.92 13.05 13.16 13.25 13.30 13.33 13.32 13.27 13.17 13.03 12.86 12.65 12.42 12.18 11.92 11.66 11.40 11.13 10.84 10.55 10.25 9.94 9.64 9.34 9.05 8.77 8.52 8.32 8.16 8.04 7.96 7.91 7.90 7.94 8.03 8.17 8.35 8.57 8.82 9.10 9.39 9.70 9.97 10.12 10.16 10.10 9.94 9.69 9.37 8.96 8.50 7.98 7.46 6.95 6.46 5.99 5.54 5.12 4.74 4.40 4.09 3.82 3.58 3.37 3.19 3.04 2.90 2.79 2.68 2.59 2.51 2.44
12.52 12.38 12.32 12.34 12.41 12.52 12.67 12.82 12.98 13.12 13.24 13.33 13.40 13.45 13.47 13.46 13.41 13.33 13.20 13.04 12.84 12.62 12.39 12.14 11.89 11.63 11.37 11.09 10.80 10.51 10.21 9.92 9.63 9.35 9.10 8.89 8.73 8.60 8.52 8.47 8.45 8.46 8.49 8.57 8.70 8.87 9.07 9.30 9.56 9.83 10.12 10.36 10.49 10.50 10.41 10.22 9.93 9.57 9.12 8.62 8.11 7.60 7.10 6.62 6.15 5.71 5.29 4.90 4.55 4.24 3.96 3.72 3.50 3.32 3.16 3.02 2.90 2.80 2.71 2.62 2.55
12.72 12.59 12.55 12.57 12.65 12.76 12.91 13.05 13.19 13.32 13.42 13.51 13.57 13.61 13.62 13.61 13.56 13.48 13.37 13.21 13.03 12.82 12.59 12.35 12.11 11.86 11.60 11.32 11.04 10.76 10.47 10.18 9.90 9.65 9.44 9.28 9.16 9.07 9.01 8.99 9.00 9.02 9.07 9.15 9.25 9.40 9.58 9.79 10.03 10.28 10.54 10.75 10.85 10.83 10.70 10.47 10.14 9.73 9.25 8.75 8.25 7.76 7.27 6.79 6.33 5.89 5.48 5.09 4.74 4.42 4.13 3.88 3.66 3.47 3.31 3.17 3.05 2.94 2.85 2.77 2.69
12.89 12.78 12.75 12.79 12.87 13.00 13.14 13.27 13.40 13.51 13.60 13.68 13.73 13.76 13.77 13.76 13.71 13.64 13.53 13.38 13.21 13.01 12.79 12.55 12.31 12.07 11.81 11.55 11.27 10.99 10.71 10.43 10.18 9.98 9.81 9.69 9.60 9.54 9.52 9.52 9.55 9.60 9.66 9.74 9.83 9.96 10.11 10.29 10.50 10.72 10.95 11.13 11.19 11.13 10.96 10.69 10.32 9.87 9.39 8.91 8.42 7.94 7.46 7.00 6.54 6.11 5.69 5.30 4.94 4.62 4.33 4.07 3.85 3.66 3.49 3.35 3.23 3.12 3.02 2.94 2.87
13.03 12.94 12.93 12.98 13.08 13.21 13.34 13.46 13.57 13.67 13.75 13.82 13.87 13.90 13.91 13.89 13.85 13.77 13.67 13.54 13.37 13.18 12.96 12.74 12.50 12.26 12.01 11.75 11.48 11.20 10.93 10.68 10.48 10.31 10.19 10.10 10.05 10.03 10.03 10.06 10.10 10.16 10.24 10.33 10.42 10.52 10.65 10.80 10.97 11.16 11.36 11.50 11.52 11.42 11.20 10.88 10.47 10.02 9.56 9.10 8.63 8.16 7.69 7.23 6.78 6.35 5.94 5.55 5.18 4.85 4.56 4.30 4.07 3.87 3.70 3.56 3.43 3.32 3.23 3.14 3.07
13.13 13.07 13.08 13.16 13.26 13.38 13.49 13.60 13.70 13.79 13.86 13.92 13.97 14.00 14.01 13.99 13.95 13.89 13.79 13.67 13.51 13.32 13.12 12.89 12.66 12.42 12.18 11.92 11.65 11.39 11.14 10.94 10.78 10.66 10.58 10.53 10.50 10.51 10.53 10.58 10.64 10.72 10.81 10.90 11.00 11.10 11.20 11.31 11.44 11.59 11.75 11.85 11.82 11.67 11.41 11.04 10.64 10.21 9.77 9.32 8.87 8.41 7.95 7.50 7.06 6.63 6.22 5.82 5.46 5.12 4.81 4.55 4.31 4.11 3.94 3.79 3.67 3.56 3.46 3.38 3.31
13.19 13.16 13.20 13.29 13.39 13.49 13.58 13.68 13.77 13.85 13.92 13.97 14.02 14.05 14.06 14.05 14.01 13.96 13.87 13.76 13.62 13.44 13.24 13.02 12.79 12.55 12.31 12.05 11.80 11.56 11.36 11.21 11.09 11.01 10.96 10.95 10.95 10.98 11.03 11.10 11.17 11.26 11.36 11.45 11.55 11.65 11.73 11.82 11.91 12.01 12.12 12.18 12.10 11.90 11.59 11.23 10.85 10.45 10.03 9.59 9.15 8.70 8.26 7.81 7.37 6.95 6.54 6.14 5.77 5.43 5.11 4.83 4.59 4.39 4.21 4.06 3.94 3.83 3.73 3.65 3.59
13.20 13.20 13.26 13.34 13.42 13.51 13.60 13.68 13.76 13.83 13.90 13.96 14.00 14.03 14.04 14.04 14.01 13.97 13.89 13.79 13.67 13.51 13.32 13.10 12.88 12.64 12.40 12.15 11.92 11.73 11.58 11.47 11.40 11.36 11.34 11.36 11.39 11.44 11.51 11.59 11.68 11.78 11.88 11.98 12.08 12.16 12.24 12.31 12.36 12.42 12.48 12.48 12.35 12.11 11.80 11.47 11.11 10.73 10.33 9.91 9.48 9.05 8.61 8.17 7.74 7.31 6.90 6.51 6.13 5.78 5.46 5.17 4.91 4.69 4.52 4.37 4.24 4.13 4.03 3.97 3.94
13.15 13.18 13.24 13.30 13.37 13.44 13.51 13.59 13.66 13.73 13.80 13.85 13.90 13.93 13.95 13.95 13.94 13.90 13.84 13.76 13.65 13.51 13.34 13.14 12.92 12.69 12.45 12.23 12.05 11.91 11.80 11.74 11.70 11.70 11.71 11.75 11.81 11.89 11.97 12.07 12.17 12.27 12.37 12.47 12.56 12.65 12.71 12.76 12.79 12.80 12.81 12.75 12.58 12.34 12.07 11.76 11.42 11.06 10.68 10.28 9.86 9.44 9.01 8.58 8.15 7.73 7.32 6.92 6.54 6.18 5.85 5.55 5.28 5.05 4.86 4.70 4.58 4.47 4.39 4.35 4.36
13.03 13.06 13.09 13.14 13.20 13.26 13.32 13.39 13.46 13.53 13.59 13.65 13.70 13.74 13.76 13.78 13.77 13.75 13.71 13.64 13.55 13.43 13.29 13.11 12.90 12.68 12.47 12.30 12.17 12.07 12.02 11.99 11.99 12.02 12.06 12.13 12.21 12.30 12.41 12.51 12.62 12.73 12.83 12.93 13.01 13.08 13.14 13.17 13.18 13.16 13.11 13.02 12.85 12.64 12.39 12.11 11.79 11.45 11.09 10.70 10.30 9.89 9.47 9.04 8.62 8.20 7.79 7.39 7.00 6.64 6.30 5.98 5.70 5.45 5.24 5.08 4.95 4.86 4.81 4.81 4.85
12.82 12.83 12.85 12.88 12.93 12.98 13.04 13.10 13.17 13.23 13.30 13.36 13.41 13.46 13.49 13.51 13.52 13.51 13.49 13.44 13.37 13.28 13.16 13.01 12.83 12.64 12.48 12.36 12.28 12.23 12.21 12.23 12.26 12.32 12.39 12.48 12.58 12.69 12.80 12.92 13.03 13.14 13.24 13.33 13.41 13.47 13.50 13.52 13.50 13.46 13.38 13.29 13.15 12.97 12.75 12.49 12.20 11.88 11.53 11.16 10.78 10.38 9.97 9.55 9.13 8.71 8.30 7.90 7.51 7.13 6.78 6.46 6.16 5.90 5.67 5.48 5.35 5.28 5.28 5.31 5.38
12.59 12.59 12.59 12.61 12.64 12.68 12.74 12.79 12.85 12.92 12.98 13.04 13.10 13.15 13.19 13.23 13.25 13.25 13.24 13.22 13.17 13.09 13.00 12.87 12.74 12.60 12.49 12.42 12.39 12.38 12.40 12.45 12.51 12.60 12.70 12.80 12.92 13.04 13.17 13.29 13.40 13.51 13.61 13.69 13.75 13.79 13.81 13.80 13.76 13.69 13.60 13.51 13.40 13.25 13.06 12.83 12.56 12.27 11.94 11.59 11.22 10.83 10.43 10.02 9.61 9.19 8.78 8.38 7.98 7.61 7.25 6.91 6.60 6.33 6.08 5.88 5.72 5.66 5.69 5.76 5.86
12.36 12.35 12.35 12.35 12.37 12.40 12.44 12.49 12.55 12.61 12.67 12.73 12.79 12.85 12.90 12.94 12.97 12.99 12.99 12.98 12.95 12.90 12.82 12.74 12.65 12.57 12.51 12.49 12.49 12.52 12.58 12.66 12.75 12.86 12.97 13.10 13.23 13.36 13.49 13.61 13.72 13.83 13.91 13.98 14.03 14.05 14.04 14.01 13.94 13.86 13.78 13.69 13.58 13.46 13.30 13.10 12.86 12.58 12.28 11.95 11.59 11.22 10.83 10.44 10.03 9.62 9.22 8.81 8.42 8.04 7.68 7.33 7.02 6.72 6.47 6.24 6.07 6.00 6.03 6.13 6.27
12.11 12.12 12.11 12.11 12.11 12.13 12.16 12.20 12.25 12.30 12.36 12.42 12.48 12.54 12.60 12.65 12.69 12.72 12.73 12.74 12.72 12.69 12.65 12.62 12.58 12.54 12.53 12.55 12.59 12.66 12.75 12.85 12.97 13.09 13.23 13.37 13.50 13.64 13.77 13.89 14.00 14.09 14.17 14.22 14.25 14.24 14.21 14.15 14.08 14.00 13.91 13.82 13.72 13.60 13.46 13.29 13.08 12.83 12.55 12.24 11.91 11.55 11.18 10.80 10.40 10.01 9.60 9.21 8.82 8.43 8.07 7.72 7.39 7.09 6.82 6.58 6.40 6.31 6.33 6.44 6.62
11.87 11.87 11.88 11.87 11.86 11.87 11.88 11.91 11.96 12.00 12.06 12.12 12.18 12.24 12.30 12.35 12.40 12.44 12.47 12.49 12.49 12.49 12.49 12.50 12.51 12.52 12.55 12.61 12.69 12.79 12.90 13.03 13.16 13.31 13.45 13.60 13.75 13.88 14.01 14.13 14.23 14.31 14.37 14.40 14.40 14.37 14.32 14.25 14.17 14.09 14.01 13.92 13.81 13.69 13.56 13.41 13.23 13.01 12.76 12.48 12.17 11.83 11.48 11.11 10.73 10.34 9.95 9.55 9.17 8.79 8.42 8.07 7.73 7.42 7.14 6.89 6.69 6.60 6.61 6.72 6.90
11.61 11.62 11.63 11.63 11.63 11.62 11.62 11.64 11.67 11.72 11.76 11.82 11.88 11.94 12.00 12.06 12.11 12.16 12.20 12.23 12.26 12.30 12.35 12.40 12.45 12.51 12.58 12.67 12.78 12.91 13.04 13.19 13.34 13.50 13.65 13.81 13.95 14.09 14.21 14.32 14.40 14.47 14.51 14.52 14.49 14.44 14.38 14.30 14.23 14.15 14.07 13.98 13.87 13.75 13.62 13.47 13.32 13.13 12.91 12.65 12.36 12.05 11.71 11.36 11.00 10.62 10.24 9.86 9.48 9.10 8.73 8.38 8.04 7.72 7.43 7.17 6.96 6.86 6.86 6.97 7.15
11.35 11.37 11.38 11.39 11.39 11.38 11.38 11.38 11.40 11.44 11.48 11.53 11.58 11.64 11.71 11.77 11.83 11.88 11.93 11.99 12.05 12.13 12.22 12.31 12.40 12.49 12.60 12.72 12.86 13.01 13.17 13.33 13.50 13.66 13.82 13.98 14.12 14.25 14.37 14.46 14.53 14.58 14.59 14.58 14.53 14.47 14.40 14.33 14.26 14.18 14.09 14.00 13.89 13.77 13.64 13.49 13.34 13.18 12.98 12.76 12.49 12.21 11.89 11.56 11.21 10.85 10.49 10.11 9.74 9.37 9.01 8.65 8.30 7.98 7.68 7.42 7.20 7.09 7.10 7.20 7.39
11.09 11.11 11.13 11.14 11.15 11.15 11.14 11.14 11.15 11.17 11.20 11.25 11.30 11.36 11.42 11.48 11.54 11.61 11.68 11.76 11.87 11.98 12.10 12.23 12.35 12.48 12.62 12.77 12.93 13.10 13.28 13.46 13.63 13.80 13.97 14.12 14.26 14.38 14.48 14.56 14.61 14.63 14.62 14.58 14.52 14.46 14.40 14.33 14.25 14.17 14.08 13.99 13.88 13.76 13.62 13.48 13.33 13.17 13.00 12.80 12.57 12.31 12.02 11.71 11.38 11.04 10.69 10.33 9.96 9.60 9.23 8.88 8.53 8.20 7.90 7.63 7.41 7.30 7.30 7.41 7.60
10.82 10.85 10.87 10.89 10.90 10.90 10.91 10.90 10.90 10.91 10.94 10.97 11.02 11.07 11.13 11.20 11.26 11.34 11.44 11.56 11.70 11.84 12.00 12.15 12.31 12.47 12.63 12.81 12.99 13.18 13.37 13.56 13.74 13.92 14.08 14.23 14.36 14.47 14.55 14.61 14.64 14.63 14.60 14.55 14.49 14.43 14.36 14.29 14.21 14.13 14.05 13.95 13.84 13.71 13.58 13.43 13.28 13.12 12.95 12.78 12.58 12.35 12.09 11.80 11.49 11.17 10.84 10.49 10.14 9.78 9.42 9.06 8.71 8.39 8.09 7.82 7.59 7.48 7.49 7.60 7.79
10.56 10.59 10.61 10.63 10.65 10.66 10.67 10.67 10.67 10.67 10.69 10.71 10.75 10.80 10.86 10.92 11.00 11.11 11.23 11.38 11.54 11.72 11.90 12.08 12.27 12.45 12.64 12.84 13.04 13.25 13.45 13.64 13.83 14.00 14.16 14.30 14.42 14.51 14.57 14.61 14.61 14.58 14.54 14.49 14.43 14.37 14.30 14.23 14.15 14.07 13.98 13.88 13.77 13.64 13.51 13.36 13.21 13.04 12.88 12.71 12.53 12.33 12.10 11.84 11.56 11.26 10.94 10.61 10.26 9.91 9.55 9.20 8.86 8.53 8.23 7.96 7.74 7.63 7.64 7.76 7.96
10.30 10.33 10.36 10.38 10.40 10.41 10.43 10.43 10.44 10.44 10.45 10.46 10.50 10.54 10.59 10.67 10.77 10.90 11.05 11.22 11.41 11.61 11.81 12.02 12.23 12.44 12.65 12.87 13.08 13.30 13.50 13.70 13.89 14.06 14.21 14.33 14.44 14.51 14.55 14.56 14.54 14.50 14.45 14.40 14.35 14.29 14.22 14.15 14.07 13.98 13.89 13.79 13.68 13.55 13.41 13.26 13.10 12.94 12.77 12.60 12.43 12.25 12.05 11.82 11.57 11.29 10.99 10.67 10.33 9.99 9.64 9.29 8.95 8.64 8.34 8.08 7.86 7.75 7.77 7.90 8.11
10.04 10.07 10.10 10.13 10.15 10.17 10.18 10.20 10.21 10.22 10.22 10.23 10.25 10.29 10.35 10.44 10.57 10.72 10.89 11.08 11.29 11.51 11.73 11.96 12.19 12.42 12.65 12.88 13.11 13.33 13.54 13.74 13.92 14.08 14.22 14.33 14.42 14.47 14.48 14.47 14.43 14.40 14.35 14.30 14.25 14.18 14.12 14.04 13.96 13.87 13.78 13.68 13.56 13.43 13.29 13.14 12.98 12.82 12.65 12.47 12.30 12.12 11.95 11.75 11.52 11.27 10.98 10.67 10.35 10.01 9.67 9.34 9.01 8.70 8.41 8.15 7.94 7.84 7.87 8.01 8.24
9.79 9.82 9.85 9.88 9.90 9.92 9.94 9.96 9.97 9.99 10.00 10.01 10.03 10.06 10.14 10.25 10.39 10.56 10.75 10.96 11.18 11.42 11.66 11.91 12.16 12.40 12.64 12.88 13.12 13.34 13.55 13.75 13.92 14.07 14.20 14.29 14.35 14.38 14.37 14.35 14.32 14.28 14.23 14.18 14.13 14.06 13.99 13.92 13.83 13.75 13.65 13.54 13.42 13.29 13.15 13.00 12.83 12.67 12.50 12.32 12.15 11.97 11.80 11.62 11.42 11.18 10.91 10.62 10.31 9.99 9.66 9.33 9.02 8.72 8.44 8.19 7.99 7.90 7.94 8.09 8.34
9.54 9.57 9.60 9.63 9.66 9.68 9.70 9.72 9.74 9.76 9.78 9.79 9.82 9.88 9.97 10.09 10.24 10.43 10.63 10.85 11.09 11.34 11.60 11.86 12.12 12.38 12.63 12.88 13.11 13.34 13.55 13.73 13.90 14.03 14.14 14.21 14.25 14.25 14.24 14.21 14.18 14.14 14.10 14.05 13.99 13.93 13.86 13.78 13.69 13.60 13.50 13.39 13.27 13.14 12.99 12.83 12.67 12.50 12.33 12.15 11.97 11.80 11.62 11.44 11.25 11.03 10.78 10.51 10.21 9.90 9.59 9.28 8.98 8.69 8.43 8.19 8.00 7.92 7.98 8.15 8.42
9.30 9.33 9.36 9.39 9.42 9.44 9.47 9.49 9.51 9.53 9.55 9.59 9.64 9.72 9.83 9.96 10.12 10.32 10.53 10.76 11.01 11.27 11.54 11.81 12.08 12.35 12.61 12.86 13.09 13.31 13.51 13.69 13.84 13.96 14.04 14.09 14.10 14.10 14.09 14.07 14.04 14.00 13.95 13.90 13.84 13.78 13.70 13.62 13.54 13.44 13.34 13.23 13.10 12.96 12.81 12.66 12.49 12.32 12.14 11.96 11.78 11.60 11.42 11.23 11.03 10.82 10.59 10.33 10.06 9.77 9.48 9.18 8.90 8.63 8.38 8.15 7.98 7.91 7.99 8.18 8.47
9.07 9.10 9.13 9.16 9.19 9.21 9.24 9.26 9.29 9.31 9.35 9.41 9.49 9.59 9.72 9.86 10.03 10.23 10.45 10.69 10.94 11.21 11.48 11.76 12.04 12.31 12.57 12.82 13.06 13.27 13.46 13.62 13.75 13.85 13.91 13.93 13.94 13.94 13.93 13.91 13.88 13.84 13.80 13.74 13.68 13.62 13.54 13.46 13.37 13.27 13.16 13.05 12.92 12.78 12.63 12.46 12.30 12.12 11.94 11.76 11.58 11.39 11.19 10.98 10.76 10.55 10.33 10.10 9.84 9.58 9.30 9.03 8.77 8.51 8.28 8.07 7.91 7.87 7.96 8.18 8.49
8.85 8.88 8.91 8.94 8.96 8.99 9.01 9.04 9.07 9.11 9.17 9.25 9.36 9.48 9.63 9.78 9.96 10.16 10.39 10.63 10.89 11.16 11.43 11.71 11.99 12.27 12.53 12.78 13.00 13.20 13.38 13.52 13.63 13.70 13.74 13.76 13.77 13.77 13.76 13.74 13.72 13.68 13.63 13.58 13.52 13.45 13.37 13.28 13.19 13.09 12.98 12.86 12.73 12.58 12.43 12.26 12.09 11.91 11.73 11.55 11.35 11.15 10.93 10.70 10.47 10.24 10.02 9.80 9.57 9.33 9.08 8.83 8.58 8.35 8.14 7.95 7.81 7.79 7.91 8.14 8.49
8.64 8.67 8.70 8.72 8.75 8.77 8.80 8.83 8.87 8.93 9.02 9.12 9.25 9.39 9.55 9.73 9.91 10.12 10.34 10.58 10.84 11.11 11.38 11.66 11.94 12.22 12.48 12.71 12.93 13.11 13.27 13.39 13.48 13.53 13.56 13.58 13.59 13.60 13.59 13.57 13.55 13.51 13.46 13.41 13.34 13.27 13.19 13.10 13.01 12.90 12.79 12.67 12.53 12.38 12.22 12.05 11.88 11.70 11.51 11.31 11.10 10.87 10.64 10.39 10.15 9.91 9.67 9.45 9.24 9.02 8.80 8.57 8.35 8.14 7.95 7.79 7.67 7.67 7.81 8.08 8.46
8.45 8.47 8.50 8.52 8.55 8.57 8.60 8.64 8.70 8.78 8.89 9.01 9.16 9.32 9.49 9.68 9.88 10.09 10.31 10.55 10.80 11.06 11.33 11.61 11.89 12.16 12.41 12.63 12.83 13.00 13.14 13.23 13.29 13.34 13.37 13.40 13.41 13.42 13.41 13.40 13.37 13.34 13.29 13.23 13.17 13.09 13.01 12.92 12.82 12.71 12.59 12.46 12.32 12.17 12.01 11.84 11.66 11.47 11.27 11.06 10.82 10.58 10.32 10.06 9.80 9.55 9.30 9.07 8.86 8.66 8.46 8.26 8.07 7.89 7.72 7.58 7.49 7.52 7.69 7.98 8.39
