data_processed/recharge/precip/Precip_1993_04.asc
ncols        168
nrows        136
xllcorner    455000
yllcorner    2107000
cellsize     500
NODATA_value     -99999
[rows 34 to 67 of 136, columns 0 to 76 of 168]
27.98 28.93 29.74 30.42 30.98 31.41 31.74 32.02 32.32 32.66 33.05 33.49 34.01 34.60 35.29 36.08 36.98 38.00 39.12 40.28 41.43 42.58 43.73 44.86 45.98 47.10 48.25 49.43 50.65 51.91 53.19 54.50 55.83 57.16 58.48 59.82 61.16 62.52 63.90 65.31 66.76 68.25 69.78 71.35 72.80 74.00 74.95 75.68 76.22 76.60 76.86 76.86 76.44 75.63 74.45 72.96 71.18 69.16 66.97 64.68 62.34 59.97 57.61 55.28 53.02 50.84 48.79 46.90 45.18 43.61 42.02 40.30 38.46 36.47 34.33 32.04 29.63
27.41 28.34 29.15 29.85 30.44 30.94 31.34 31.65 31.94 32.28 32.68 33.15 33.71 34.36 35.12 36.00 37.00 38.10 39.25 40.39 41.54 42.69 43.83 44.97 46.11 47.23 48.39 49.57 50.79 52.03 53.29 54.58 55.88 57.20 58.51 59.82 61.14 62.46 63.80 65.16 66.54 67.96 69.40 70.72 71.78 72.58 73.15 73.53 73.75 73.84 73.83 73.59 72.98 72.01 70.72 69.16 67.35 65.34 63.16 60.89 58.60 56.32 54.10 51.95 49.91 48.00 46.27 44.72 43.34 41.95 40.45 38.84 37.10 35.22 33.21 31.05 28.77
26.85 27.75 28.56 29.28 29.92 30.47 30.95 31.36 31.70 32.05 32.47 32.98 33.58 34.30 35.13 36.10 37.18 38.29 39.42 40.56 41.69 42.84 43.98 45.12 46.26 47.39 48.55 49.73 50.93 52.16 53.40 54.66 55.93 57.21 58.49 59.77 61.04 62.32 63.60 64.90 66.22 67.54 68.74 69.66 70.32 70.75 70.98 71.04 70.97 70.79 70.54 70.10 69.32 68.23 66.86 65.26 63.45 61.48 59.38 57.20 55.00 52.85 50.80 48.87 47.08 45.48 44.09 42.87 41.66 40.36 38.95 37.43 35.79 34.03 32.14 30.10 27.96
26.30 27.18 27.99 28.73 29.40 30.02 30.58 31.08 31.54 31.96 32.41 32.96 33.62 34.40 35.32 36.35 37.43 38.53 39.63 40.75 41.88 43.01 44.15 45.28 46.42 47.56 48.71 49.88 51.07 52.28 53.50 54.72 55.95 57.19 58.42 59.66 60.88 62.10 63.32 64.55 65.77 66.85 67.65 68.18 68.48 68.57 68.48 68.26 67.92 67.51 67.05 66.43 65.52 64.33 62.92 61.30 59.53 57.63 55.65 53.62 51.58 49.61 47.76 46.07 44.58 43.32 42.24 41.18 40.05 38.82 37.50 36.08 34.54 32.89 31.12 29.21 27.20
25.75 26.62 27.42 28.18 28.90 29.57 30.21 30.82 31.40 31.96 32.50 33.10 33.81 34.67 35.65 36.67 37.72 38.79 39.87 40.97 42.08 43.20 44.32 45.45 46.59 47.72 48.87 50.03 51.20 52.38 53.57 54.76 55.94 57.13 58.31 59.49 60.65 61.80 62.95 64.08 65.05 65.75 66.16 66.33 66.29 66.07 65.70 65.22 64.66 64.04 63.40 62.64 61.62 60.38 58.94 57.35 55.63 53.84 52.01 50.17 48.35 46.61 45.01 43.61 42.44 41.49 40.56 39.57 38.50 37.36 36.12 34.79 33.36 31.82 30.16 28.38 26.50
25.22 26.06 26.87 27.65 28.40 29.14 29.86 30.57 31.27 31.96 32.66 33.37 34.16 35.07 36.03 37.02 38.03 39.06 40.12 41.19 42.28 43.38 44.49 45.61 46.74 47.87 49.00 50.15 51.30 52.45 53.60 54.75 55.89 57.03 58.15 59.26 60.35 61.43 62.47 63.36 63.95 64.26 64.32 64.16 63.81 63.32 62.70 61.99 61.22 60.43 59.65 58.77 57.68 56.40 54.97 53.43 51.81 50.16 48.50 46.88 45.32 43.88 42.59 41.51 40.64 39.82 38.95 38.03 37.03 35.96 34.81 33.58 32.25 30.81 29.27 27.61 25.86
24.69 25.51 26.31 27.11 27.91 28.71 29.51 30.32 31.14 31.98 32.84 33.72 34.62 35.51 36.42 37.37 38.35 39.35 40.37 41.41 42.48 43.56 44.65 45.75 46.87 47.98 49.11 50.23 51.35 52.47 53.59 54.69 55.78 56.86 57.92 58.96 59.98 60.96 61.76 62.27 62.48 62.44 62.17 61.71 61.09 60.34 59.50 58.60 57.66 56.73 55.83 54.87 53.73 52.46 51.07 49.61 48.12 46.62 45.17 43.80 42.54 41.43 40.51 39.75 39.02 38.25 37.43 36.57 35.64 34.65 33.58 32.44 31.20 29.88 28.45 26.91 25.28
24.16 24.96 25.77 26.59 27.42 28.28 29.16 30.08 31.02 32.00 33.02 34.06 35.05 35.95 36.82 37.72 38.66 39.62 40.61 41.62 42.65 43.70 44.77 45.86 46.95 48.06 49.16 50.26 51.36 52.44 53.51 54.56 55.60 56.62 57.61 58.58 59.50 60.25 60.69 60.82 60.69 60.33 59.76 59.03 58.17 57.20 56.17 55.10 54.03 52.99 52.00 50.98 49.84 48.59 47.27 45.93 44.59 43.29 42.08 40.98 40.04 39.30 38.72 38.14 37.48 36.76 36.00 35.19 34.33 33.41 32.43 31.37 30.24 29.01 27.70 26.28 24.78
23.64 24.42 25.22 26.06 26.94 27.86 28.82 29.84 30.90 32.03 33.18 34.30 35.35 36.32 37.21 38.06 38.95 39.87 40.81 41.79 42.79 43.81 44.85 45.92 46.99 48.08 49.16 50.23 51.29 52.33 53.35 54.36 55.33 56.29 57.21 58.08 58.78 59.18 59.27 59.07 58.63 57.97 57.14 56.17 55.10 53.95 52.75 51.55 50.37 49.24 48.20 47.16 46.03 44.85 43.63 42.43 41.27 40.21 39.26 38.48 37.89 37.47 37.07 36.58 36.01 35.36 34.65 33.90 33.10 32.26 31.36 30.39 29.35 28.23 27.02 25.73 24.35
23.11 23.87 24.68 25.54 26.46 27.44 28.49 29.60 30.79 32.03 33.25 34.41 35.52 36.55 37.50 38.37 39.21 40.08 40.98 41.92 42.88 43.87 44.88 45.91 46.96 48.03 49.08 50.12 51.14 52.14 53.11 54.05 54.97 55.85 56.69 57.34 57.70 57.75 57.52 57.04 56.33 55.42 54.36 53.18 51.92 50.62 49.29 47.98 46.73 45.55 44.48 43.45 42.37 41.28 40.19 39.16 38.23 37.42 36.77 36.33 36.06 35.80 35.47 35.07 34.58 34.02 33.39 32.70 31.97 31.19 30.37 29.49 28.54 27.53 26.43 25.25 23.99
22.59 23.33 24.14 25.02 25.98 27.02 28.15 29.37 30.65 31.93 33.18 34.38 35.53 36.62 37.63 38.56 39.42 40.24 41.10 41.98 42.91 43.86 44.83 45.83 46.86 47.90 48.92 49.92 50.90 51.85 52.76 53.65 54.50 55.29 55.91 56.23 56.25 56.00 55.49 54.76 53.83 52.72 51.46 50.10 48.69 47.26 45.84 44.46 43.15 41.95 40.89 39.90 38.90 37.93 37.01 36.18 35.49 34.97 34.65 34.52 34.40 34.21 33.95 33.62 33.22 32.75 32.21 31.59 30.93 30.22 29.48 28.68 27.83 26.91 25.92 24.86 23.72
22.07 22.79 23.60 24.50 25.50 26.60 27.81 29.10 30.41 31.70 32.97 34.20 35.38 36.51 37.58 38.58 39.50 40.33 41.14 41.98 42.86 43.77 44.70 45.67 46.66 47.67 48.66 49.62 50.55 51.44 52.30 53.12 53.88 54.47 54.76 54.75 54.48 53.96 53.21 52.27 51.15 49.88 48.48 46.99 45.46 43.93 42.44 41.01 39.69 38.50 37.48 36.56 35.67 34.84 34.12 33.53 33.12 32.91 32.89 32.90 32.84 32.71 32.52 32.26 31.93 31.54 31.09 30.57 29.98 29.35 28.68 27.97 27.20 26.39 25.50 24.55 23.54
21.54 22.24 23.05 23.97 25.02 26.18 27.45 28.74 30.04 31.34 32.61 33.86 35.07 36.24 37.35 38.40 39.38 40.28 41.10 41.90 42.72 43.58 44.48 45.41 46.36 47.33 48.28 49.20 50.08 50.91 51.71 52.45 53.01 53.27 53.25 52.95 52.42 51.66 50.71 49.59 48.32 46.93 45.44 43.87 42.26 40.67 39.14 37.70 36.39 35.25 34.29 33.46 32.72 32.08 31.58 31.25 31.15 31.23 31.34 31.39 31.38 31.31 31.18 30.99 30.73 30.42 30.05 29.62 29.12 28.58 27.98 27.35 26.68 25.96 25.18 24.34 23.44
21.01 21.69 22.50 23.45 24.53 25.73 26.98 28.25 29.54 30.82 32.09 33.35 34.58 35.77 36.92 38.02 39.06 40.02 40.91 41.71 42.49 43.30 44.15 45.03 45.94 46.88 47.78 48.65 49.47 50.25 50.96 51.50 51.75 51.71 51.40 50.86 50.10 49.15 48.03 46.77 45.39 43.91 42.36 40.76 39.13 37.52 35.99 34.57 33.31 32.23 31.37 30.68 30.10 29.67 29.43 29.40 29.57 29.77 29.92 30.01 30.05 30.02 29.95 29.82 29.63 29.39 29.10 28.75 28.35 27.89 27.38 26.84 26.25 25.63 24.95 24.22 23.44
20.48 21.14 21.95 22.91 24.01 25.18 26.39 27.62 28.88 30.14 31.41 32.66 33.90 35.11 36.29 37.43 38.51 39.53 40.47 41.34 42.13 42.89 43.69 44.52 45.39 46.28 47.14 47.96 48.72 49.42 49.94 50.17 50.12 49.81 49.27 48.51 47.56 46.45 45.20 43.84 42.38 40.85 39.28 37.68 36.09 34.53 33.03 31.67 30.48 29.50 28.77 28.24 27.87 27.68 27.72 27.96 28.23 28.46 28.64 28.77 28.84 28.87 28.84 28.77 28.64 28.47 28.25 27.98 27.66 27.30 26.88 26.43 25.93 25.40 24.83 24.21 23.54
19.93 20.58 21.39 22.35 23.40 24.51 25.66 26.85 28.06 29.30 30.54 31.79 33.03 34.25 35.45 36.61 37.73 38.79 39.79 40.73 41.58 42.35 43.10 43.88 44.70 45.54 46.35 47.11 47.80 48.31 48.53 48.48 48.17 47.62 46.87 45.94 44.84 43.61 42.26 40.83 39.33 37.79 36.23 34.68 33.16 31.69 30.30 29.03 27.95 27.11 26.53 26.20 26.06 26.14 26.44 26.77 27.07 27.31 27.52 27.67 27.78 27.85 27.87 27.84 27.78 27.67 27.52 27.32 27.08 26.80 26.48 26.12 25.72 25.28 24.80 24.29 23.74
19.38 20.01 20.79 21.69 22.66 23.69 24.77 25.91 27.08 28.28 29.50 30.72 31.95 33.17 34.38 35.56 36.70 37.81 38.85 39.84 40.76 41.59 42.35 43.08 43.85 44.64 45.40 46.08 46.58 46.81 46.75 46.45 45.91 45.17 44.25 43.18 41.97 40.65 39.24 37.77 36.27 34.75 33.25 31.77 30.36 29.03 27.80 26.71 25.78 25.10 24.71 24.60 24.72 25.05 25.43 25.78 26.08 26.34 26.56 26.74 26.88 26.98 27.04 27.07 27.05 27.00 26.91 26.78 26.62 26.42 26.19 25.91 25.61 25.27 24.89 24.49 24.04
18.82 19.40 20.10 20.90 21.77 22.72 23.74 24.80 25.92 27.07 28.25 29.45 30.66 31.88 33.08 34.27 35.43 36.56 37.65 38.68 39.65 40.55 41.37 42.12 42.83 43.57 44.25 44.76 44.98 44.94 44.64 44.12 43.40 42.50 41.44 40.26 38.97 37.60 36.18 34.71 33.24 31.79 30.37 29.01 27.74 26.58 25.55 24.68 23.99 23.52 23.36 23.49 23.85 24.26 24.63 24.97 25.28 25.55 25.78 25.98 26.15 26.28 26.38 26.44 26.48 26.48 26.45 26.39 26.29 26.17 26.01 25.83 25.61 25.37 25.10 24.80 24.46
18.23 18.70 19.28 19.97 20.74 21.60 22.53 23.53 24.58 25.67 26.81 27.97 29.16 30.35 31.55 32.73 33.91 35.05 36.16 37.23 38.25 39.21 40.09 40.90 41.62 42.30 42.81 43.04 43.01 42.73 42.22 41.52 40.65 39.63 38.48 37.23 35.90 34.51 33.10 31.68 30.28 28.92 27.62 26.42 25.32 24.37 23.57 22.96 22.56 22.40 22.50 22.86 23.29 23.68 24.04 24.38 24.68 24.95 25.20 25.41 25.60 25.76 25.89 25.99 26.07 26.12 26.14 26.14 26.11 26.05 25.97 25.87 25.74 25.59 25.42 25.22 25.00
17.58 17.92 18.37 18.94 19.60 20.36 21.20 22.11 23.09 24.13 25.21 26.32 27.47 28.64 29.82 31.00 32.17 33.32 34.45 35.55 36.61 37.61 38.55 39.42 40.21 40.85 41.12 41.09 40.83 40.34 39.67 38.82 37.82 36.71 35.49 34.21 32.87 31.50 30.13 28.78 27.48 26.25 25.11 24.08 23.20 22.48 21.95 21.64 21.56 21.74 22.12 22.55 22.94 23.31 23.66 23.98 24.27 24.54 24.79 25.02 25.22 25.40 25.56 25.69 25.80 25.90 25.97 26.02 26.05 26.06 26.05 26.03 25.98 25.92 25.84 25.74 25.64
17.03 17.24 17.56 18.00 18.55 19.20 19.94 20.77 21.67 22.63 23.65 24.71 25.82 26.95 28.10 29.27 30.43 31.59 32.73 33.85 34.94 35.98 36.97 37.90 38.78 39.51 39.71 39.46 38.97 38.30 37.45 36.47 35.36 34.17 32.90 31.58 30.24 28.90 27.59 26.32 25.13 24.03 23.06 22.23 21.56 21.09 20.84 20.82 21.07 21.54 22.00 22.38 22.74 23.08 23.40 23.70 23.98 24.25 24.49 24.72 24.93 25.12 25.30 25.46 25.60 25.73 25.84 25.94 26.03 26.10 26.15 26.19 26.22 26.24 26.24 26.24 26.25
16.54 16.71 16.92 17.22 17.65 18.19 18.82 19.55 20.36 21.25 22.20 23.21 24.26 25.36 26.48 27.62 28.77 29.93 31.07 32.21 33.31 34.39 35.42 36.43 37.41 38.26 38.56 38.27 37.58 36.72 35.71 34.59 33.38 32.10 30.78 29.44 28.10 26.79 25.54 24.36 23.28 22.32 21.51 20.88 20.44 20.22 20.24 20.53 21.04 21.57 22.00 22.34 22.66 22.96 23.25 23.53 23.79 24.03 24.27 24.49 24.70 24.90 25.09 25.27 25.43 25.59 25.74 25.87 26.00 26.12 26.23 26.34 26.43 26.52 26.61 26.69 26.79
16.10 16.25 16.41 16.61 16.91 17.32 17.85 18.47 19.19 20.00 20.87 21.82 22.81 23.86 24.94 26.06 27.19 28.34 29.48 30.62 31.75 32.85 33.94 35.03 36.11 37.07 37.49 37.32 36.61 35.57 34.41 33.16 31.84 30.49 29.12 27.75 26.42 25.15 23.95 22.86 21.90 21.08 20.45 20.01 19.80 19.83 20.13 20.67 21.24 21.73 22.11 22.42 22.70 22.97 23.22 23.46 23.69 23.91 24.13 24.34 24.54 24.74 24.93 25.12 25.30 25.48 25.65 25.82 25.98 26.15 26.31 26.46 26.62 26.78 26.94 27.10 27.29
15.69 15.84 15.98 16.13 16.32 16.61 17.02 17.54 18.16 18.87 19.67 20.54 21.48 22.47 23.51 24.59 25.70 26.83 27.97 29.11 30.25 31.39 32.55 33.72 34.89 35.94 36.48 36.43 35.85 34.81 33.51 32.13 30.71 29.29 27.87 26.49 25.16 23.93 22.79 21.79 20.95 20.28 19.82 19.59 19.60 19.89 20.42 21.00 21.54 21.99 22.33 22.60 22.85 23.08 23.29 23.49 23.69 23.88 24.07 24.26 24.45 24.64 24.83 25.01 25.20 25.39 25.59 25.78 25.97 26.17 26.37 26.58 26.79 27.01 27.24 27.47 27.72
15.32 15.46 15.59 15.73 15.88 16.06 16.35 16.75 17.27 17.89 18.60 19.39 20.26 21.19 22.18 23.22 24.30 25.40 26.53 27.67 28.83 30.03 31.25 32.49 33.73 34.86 35.51 35.59 35.15 34.26 32.97 31.48 29.97 28.47 27.01 25.61 24.30 23.10 22.04 21.13 20.41 19.89 19.61 19.58 19.82 20.31 20.89 21.43 21.93 22.34 22.65 22.88 23.09 23.29 23.47 23.64 23.79 23.94 24.10 24.26 24.43 24.60 24.78 24.96 25.15 25.35 25.55 25.76 25.98 26.20 26.44 26.68 26.95 27.22 27.51 27.80 28.11
14.99 15.11 15.24 15.37 15.51 15.65 15.84 16.12 16.53 17.04 17.66 18.37 19.16 20.03 20.96 21.95 22.99 24.07 25.18 26.33 27.53 28.77 30.04 31.34 32.65 33.85 34.59 34.78 34.48 33.74 32.61 31.15 29.56 28.00 26.50 25.09 23.79 22.63 21.64 20.83 20.24 19.87 19.77 19.94 20.37 20.90 21.44 21.94 22.40 22.77 23.04 23.24 23.42 23.59 23.74 23.87 23.99 24.11 24.22 24.35 24.49 24.63 24.79 24.96 25.14 25.34 25.54 25.76 26.00 26.24 26.51 26.79 27.10 27.42 27.75 28.09 28.45
14.68 14.80 14.92 15.05 15.18 15.32 15.46 15.65 15.94 16.34 16.86 17.48 18.19 18.99 19.86 20.79 21.79 22.83 23.93 25.10 26.33 27.61 28.92 30.27 31.63 32.90 33.72 34.02 33.84 33.25 32.28 30.99 29.46 27.84 26.30 24.88 23.61 22.50 21.58 20.87 20.40 20.19 20.27 20.61 21.07 21.56 22.05 22.52 22.94 23.28 23.52 23.68 23.83 23.96 24.08 24.19 24.28 24.37 24.44 24.52 24.62 24.74 24.87 25.02 25.19 25.37 25.57 25.79 26.03 26.29 26.59 26.90 27.24 27.59 27.96 28.33 28.73
14.41 14.52 14.64 14.76 14.89 15.03 15.17 15.32 15.50 15.80 16.21 16.73 17.35 18.07 18.87 19.75 20.70 21.72 22.82 24.00 25.25 26.55 27.90 29.28 30.69 32.01 32.90 33.29 33.23 32.77 31.96 30.85 29.49 27.95 26.40 24.97 23.72 22.66 21.81 21.21 20.87 20.82 21.04 21.41 21.83 22.28 22.73 23.16 23.54 23.84 24.05 24.19 24.30 24.41 24.50 24.58 24.65 24.70 24.75 24.79 24.84 24.92 25.02 25.14 25.28 25.45 25.64 25.85 26.10 26.37 26.68 27.01 27.37 27.75 28.14 28.54 28.97
14.17 14.28 14.39 14.51 14.64 14.77 14.91 15.06 15.21 15.41 15.71 16.13 16.66 17.29 18.02 18.83 19.74 20.74 21.84 23.03 24.28 25.60 26.97 28.38 29.82 31.19 32.14 32.61 32.65 32.31 31.65 30.71 29.54 28.19 26.73 25.31 24.08 23.07 22.31 21.81 21.61 21.68 21.92 22.24 22.62 23.03 23.45 23.84 24.19 24.46 24.64 24.74 24.83 24.91 24.97 25.03 25.07 25.10 25.13 25.14 25.15 25.18 25.24 25.32 25.43 25.57 25.75 25.95 26.20 26.48 26.79 27.13 27.50 27.89 28.30 28.72 29.16
13.96 14.06 14.17 14.29 14.42 14.55 14.69 14.84 14.99 15.16 15.36 15.68 16.11 16.65 17.30 18.05 18.93 19.91 21.00 22.17 23.42 24.75 26.13 27.55 29.02 30.42 31.42 31.97 32.10 31.88 31.35 30.56 29.57 28.42 27.16 25.87 24.68 23.72 23.04 22.65 22.55 22.64 22.83 23.11 23.45 23.83 24.20 24.56 24.88 25.12 25.26 25.34 25.41 25.46 25.50 25.53 25.55 25.56 25.56 25.55 25.54 25.52 25.53 25.57 25.64 25.75 25.90 26.10 26.33 26.61 26.92 27.26 27.63 28.02 28.43 28.85 29.30
13.77 13.88 13.99 14.10 14.23 14.36 14.50 14.65 14.81 14.98 15.16 15.38 15.71 16.15 16.73 17.44 18.27 19.23 20.29 21.44 22.68 24.00 25.38 26.81 28.29 29.72 30.76 31.36 31.58 31.46 31.06 30.42 29.59 28.63 27.59 26.50 25.45 24.57 23.97 23.67 23.57 23.61 23.77 24.01 24.31 24.64 24.98 25.31 25.59 25.80 25.92 25.98 26.01 26.04 26.06 26.07 26.07 26.06 26.04 26.01 25.98 25.94 25.90 25.89 25.92 25.99 26.12 26.29 26.51 26.77 27.06 27.39 27.75 28.13 28.53 28.95 29.40
13.61 13.72 13.83 13.95 14.07 14.21 14.35 14.51 14.67 14.85 15.03 15.22 15.46 15.82 16.33 16.99 17.78 18.69 19.71 20.83 22.05 23.35 24.72 26.15 27.64 29.07 30.15 30.81 31.10 31.07 30.78 30.28 29.61 28.82 27.98 27.11 26.29 25.56 25.04 24.73 24.59 24.59 24.71 24.91 25.17 25.47 25.78 26.07 26.33 26.51 26.60 26.63 26.65 26.65 26.65 26.63 26.61 26.59 26.55 26.51 26.46 26.40 26.34 26.28 26.26 26.30 26.39 26.54 26.73 26.96 27.23 27.53 27.87 28.23 28.62 29.02 29.46
13.48 13.58 13.70 13.82 13.95 14.09 14.24 14.40 14.57 14.75 14.94 15.14 15.37 15.68 16.11 16.70 17.43 18.29 19.27 20.35 21.54 22.81 24.16 25.58 27.06 28.49 29.59 30.29 30.64 30.70 30.51 30.14 29.61 29.00 28.34 27.68 27.09 26.58 26.13 25.79 25.61 25.57 25.64 25.81 26.04 26.30 26.58 26.85 27.07 27.23 27.30 27.30 27.29 27.28 27.25 27.22 27.18 27.14 27.08 27.03 26.96 26.89 26.82 26.75 26.69 26.69 26.73 26.84 26.99 27.18 27.41 27.69 27.99 28.32 28.68 29.06 29.47
13.36 13.47 13.59 13.72 13.85 14.00 14.15 14.32 14.50 14.68 14.89 15.11 15.38 15.69 16.07 16.58 17.24 18.04 18.96 19.99 21.14 22.37 23.69 25.09 26.55 27.98 29.08 29.81 30.22 30.35 30.26 29.99 29.61 29.15 28.67 28.21 27.82 27.47 27.13 26.83 26.61 26.53 26.57 26.70 26.89 27.13 27.38 27.61 27.81 27.94 27.99 27.97 27.94 27.91 27.87 27.82 27.76 27.70 27.63 27.56 27.48 27.40 27.32 27.25 27.19 27.14 27.14 27.19 27.29 27.43 27.62 27.85 28.11 28.40 28.72 29.07 29.44
