data_processed/recharge/precip/Precip_2004_10.asc
ncols        168
nrows        136
xllcorner    455000
yllcorner    2107000
cellsize     500
NODATA_value     -99999
[rows 0 to 34 of 136, columns 0 to 77 of 168]
140.55 140.62 140.52 140.26 139.83 139.26 138.54 137.67 136.68 135.55 134.30 132.94 131.46 129.87 128.19 126.41 124.54 122.59 120.56 118.52 116.50 114.51 112.56 110.63 108.74 106.88 105.06 103.27 101.53 99.82 98.15 96.53 94.95 93.41 91.92 90.47 89.07 87.72 86.43 85.17 83.96 82.79 81.65 80.53 79.43 78.35 77.29 76.22 75.16 74.10 73.02 71.94 70.83 69.70 68.55 67.37 66.22 65.16 64.20 63.32 62.52 61.81 61.16 60.58 60.07 59.62 59.22 58.87 58.56 58.30 58.07 57.88 57.71 57.56 57.43 57.31 57.20 57.12
142.99 143.02 142.88 142.58 142.13 141.53 140.79 139.91 138.91 137.78 136.53 135.16 133.69 132.12 130.46 128.70 126.86 124.94 122.95 120.94 118.95 116.99 115.05 113.14 111.25 109.39 107.57 105.77 104.01 102.28 100.58 98.92 97.30 95.71 94.17 92.67 91.21 89.79 88.41 87.09 85.80 84.55 83.32 82.12 80.94 79.77 78.61 77.45 76.29 75.13 73.95 72.76 71.55 70.31 69.05 67.82 66.69 65.65 64.70 63.83 63.05 62.33 61.69 61.12 60.60 60.15 59.74 59.38 59.06 58.78 58.54 58.32 58.12 57.95 57.79 57.64 57.50 57.37
145.20 145.18 145.01 144.68 144.20 143.58 142.82 141.93 140.92 139.78 138.53 137.18 135.72 134.16 132.52 130.79 128.97 127.09 125.14 123.17 121.21 119.27 117.35 115.45 113.58 111.72 109.89 108.09 106.31 104.55 102.83 101.14 99.48 97.85 96.26 94.70 93.17 91.69 90.24 88.84 87.47 86.14 84.83 83.55 82.28 81.02 79.77 78.52 77.27 76.00 74.73 73.43 72.11 70.78 69.48 68.27 67.16 66.14 65.20 64.35 63.57 62.87 62.23 61.66 61.14 60.68 60.27 59.90 59.57 59.27 59.01 58.77 58.55 58.35 58.16 57.98 57.81 57.65
147.17 147.12 146.91 146.55 146.05 145.41 144.63 143.73 142.71 141.58 140.33 138.98 137.54 136.00 134.38 132.67 130.89 129.04 127.13 125.20 123.28 121.37 119.47 117.58 115.72 113.87 112.04 110.22 108.43 106.66 104.91 103.19 101.49 99.82 98.18 96.57 94.98 93.43 91.91 90.43 88.98 87.57 86.18 84.82 83.47 82.12 80.78 79.44 78.09 76.73 75.36 73.96 72.55 71.17 69.89 68.71 67.62 66.62 65.70 64.86 64.10 63.40 62.77 62.20 61.69 61.22 60.80 60.42 60.08 59.77 59.49 59.23 58.99 58.77 58.55 58.34 58.13 57.94
148.92 148.83 148.59 148.20 147.68 147.02 146.23 145.32 144.30 143.16 141.92 140.59 139.15 137.63 136.03 134.36 132.61 130.80 128.93 127.04 125.15 123.27 121.40 119.53 117.68 115.83 114.00 112.18 110.38 108.59 106.82 105.07 103.34 101.63 99.94 98.28 96.63 95.02 93.43 91.87 90.34 88.84 87.38 85.93 84.50 83.07 81.64 80.21 78.77 77.31 75.84 74.35 72.90 71.56 70.31 69.15 68.08 67.10 66.20 65.38 64.63 63.94 63.31 62.75 62.23 61.77 61.34 60.96 60.61 60.28 59.99 59.71 59.45 59.20 58.95 58.71 58.47 58.24
150.44 150.32 150.05 149.63 149.09 148.41 147.62 146.70 145.67 144.54 143.31 141.98 140.57 139.07 137.50 135.85 134.14 132.37 130.54 128.69 126.84 125.00 123.15 121.30 119.46 117.63 115.80 113.98 112.16 110.36 108.57 106.79 105.03 103.28 101.54 99.83 98.13 96.46 94.80 93.17 91.56 89.97 88.42 86.88 85.37 83.86 82.34 80.82 79.29 77.74 76.18 74.67 73.25 71.93 70.71 69.58 68.54 67.58 66.70 65.89 65.15 64.48 63.86 63.30 62.78 62.32 61.89 61.50 61.13 60.80 60.49 60.19 59.91 59.63 59.36 59.09 58.82 58.56
151.75 151.59 151.29 150.85 150.29 149.60 148.79 147.87 146.84 145.72 144.49 143.18 141.78 140.31 138.76 137.15 135.47 133.75 131.97 130.16 128.35 126.54 124.72 122.90 121.07 119.24 117.42 115.60 113.78 111.96 110.15 108.35 106.55 104.77 102.99 101.23 99.48 97.74 96.02 94.32 92.63 90.96 89.32 87.69 86.09 84.49 82.89 81.29 79.67 78.04 76.45 74.97 73.59 72.30 71.11 70.01 69.00 68.06 67.20 66.40 65.68 65.01 64.40 63.85 63.34 62.87 62.44 62.04 61.67 61.32 61.00 60.68 60.38 60.08 59.79 59.49 59.19 58.90
152.83 152.64 152.32 151.86 151.28 150.58 149.76 148.84 147.81 146.69 145.48 144.18 142.81 141.36 139.84 138.26 136.63 134.94 133.21 131.45 129.68 127.90 126.11 124.31 122.51 120.69 118.88 117.05 115.23 113.40 111.57 109.75 107.92 106.10 104.29 102.48 100.68 98.88 97.10 95.32 93.56 91.81 90.08 88.36 86.66 84.97 83.29 81.60 79.90 78.25 76.70 75.26 73.91 72.66 71.51 70.43 69.44 68.53 67.69 66.91 66.20 65.55 64.95 64.40 63.89 63.42 62.99 62.59 62.21 61.85 61.51 61.19 60.86 60.54 60.22 59.89 59.57 59.25
153.70 153.48 153.13 152.66 152.06 151.35 150.53 149.60 148.58 147.47 146.27 144.99 143.64 142.21 140.73 139.19 137.59 135.95 134.27 132.56 130.84 129.10 127.34 125.56 123.78 121.98 120.17 118.35 116.52 114.68 112.84 110.99 109.14 107.29 105.43 103.58 101.73 99.88 98.03 96.19 94.35 92.53 90.71 88.90 87.10 85.31 83.54 81.77 80.06 78.44 76.94 75.54 74.23 73.02 71.89 70.85 69.89 69.00 68.18 67.42 66.72 66.08 65.49 64.95 64.45 63.98 63.55 63.14 62.76 62.39 62.04 61.69 61.35 61.01 60.67 60.31 59.95 59.61
154.36 154.12 153.74 153.25 152.64 151.92 151.09 150.17 149.15 148.05 146.87 145.61 144.28 142.88 141.43 139.93 138.38 136.78 135.16 133.50 131.82 130.12 128.39 126.64 124.88 123.10 121.29 119.48 117.65 115.81 113.95 112.08 110.21 108.32 106.43 104.54 102.64 100.73 98.83 96.92 95.01 93.11 91.20 89.31 87.41 85.53 83.66 81.86 80.19 78.62 77.16 75.80 74.54 73.36 72.27 71.26 70.32 69.46 68.66 67.92 67.24 66.61 66.04 65.50 65.00 64.54 64.10 63.69 63.30 62.93 62.56 62.21 61.85 61.49 61.12 60.74 60.36 59.98
154.81 154.54 154.15 153.64 153.01 152.29 151.46 150.54 149.53 148.44 147.28 146.04 144.73 143.37 141.95 140.49 138.98 137.44 135.87 134.26 132.63 130.97 129.28 127.56 125.82 124.05 122.27 120.46 118.63 116.78 114.91 113.03 111.13 109.22 107.29 105.35 103.41 101.45 99.49 97.51 95.54 93.56 91.57 89.59 87.60 85.63 83.72 81.95 80.31 78.79 77.38 76.06 74.83 73.69 72.63 71.65 70.75 69.91 69.13 68.42 67.75 67.14 66.57 66.05 65.56 65.10 64.66 64.25 63.86 63.47 63.10 62.73 62.35 61.97 61.58 61.17 60.77 60.36
155.05 154.76 154.35 153.82 153.19 152.46 151.64 150.72 149.72 148.65 147.50 146.28 145.01 143.68 142.30 140.88 139.42 137.92 136.41 134.86 133.27 131.65 130.00 128.32 126.60 124.85 123.08 121.28 119.45 117.60 115.72 113.82 111.90 109.97 108.01 106.03 104.04 102.03 100.01 97.98 95.94 93.88 91.82 89.75 87.68 85.68 83.79 82.05 80.43 78.95 77.58 76.30 75.11 74.01 72.99 72.04 71.16 70.35 69.60 68.91 68.26 67.67 67.11 66.59 66.11 65.65 65.22 64.81 64.41 64.02 63.63 63.25 62.86 62.46 62.05 61.62 61.18 60.76
155.09 154.78 154.35 153.81 153.18 152.44 151.62 150.71 149.72 148.66 147.53 146.35 145.10 143.81 142.47 141.09 139.68 138.24 136.78 135.28 133.75 132.18 130.56 128.91 127.22 125.50 123.74 121.95 120.13 118.27 116.39 114.48 112.54 110.58 108.59 106.57 104.54 102.49 100.41 98.32 96.21 94.08 91.94 89.80 87.71 85.74 83.89 82.16 80.57 79.10 77.76 76.53 75.38 74.32 73.33 72.42 71.57 70.79 70.06 69.39 68.76 68.18 67.64 67.14 66.66 66.21 65.78 65.36 64.96 64.57 64.17 63.78 63.37 62.96 62.52 62.07 61.61 61.16
154.94 154.60 154.16 153.61 152.97 152.23 151.41 150.51 149.54 148.50 147.39 146.23 145.02 143.76 142.46 141.13 139.77 138.38 136.98 135.55 134.07 132.54 130.97 129.35 127.69 125.99 124.25 122.47 120.66 118.80 116.91 114.99 113.04 111.05 109.03 106.98 104.91 102.81 100.68 98.53 96.36 94.16 91.95 89.80 87.75 85.81 84.00 82.30 80.73 79.28 77.95 76.74 75.64 74.62 73.67 72.79 71.97 71.21 70.51 69.86 69.26 68.70 68.17 67.67 67.21 66.76 66.34 65.92 65.52 65.11 64.71 64.31 63.89 63.46 63.00 62.53 62.05 61.57
154.58 154.23 153.77 153.22 152.57 151.84 151.02 150.13 149.17 148.15 147.07 145.94 144.76 143.54 142.28 141.00 139.69 138.37 137.03 135.65 134.23 132.75 131.22 129.64 128.01 126.34 124.62 122.85 121.04 119.19 117.30 115.37 113.40 111.39 109.34 107.27 105.15 103.01 100.83 98.62 96.39 94.13 91.92 89.81 87.81 85.91 84.13 82.47 80.91 79.48 78.16 76.96 75.88 74.90 73.99 73.14 72.36 71.63 70.96 70.33 69.75 69.20 68.69 68.21 67.75 67.31 66.89 66.48 66.07 65.66 65.25 64.84 64.41 63.96 63.49 62.99 62.49 61.99
154.03 153.66 153.19 152.63 151.99 151.26 150.45 149.57 148.63 147.63 146.58 145.47 144.33 143.15 141.94 140.71 139.45 138.19 136.91 135.60 134.23 132.80 131.32 129.78 128.19 126.54 124.84 123.09 121.29 119.45 117.55 115.61 113.63 111.60 109.53 107.42 105.27 103.08 100.86 98.60 96.31 94.06 91.90 89.84 87.88 86.03 84.29 82.65 81.12 79.71 78.40 77.21 76.13 75.17 74.29 73.48 72.73 72.03 71.39 70.79 70.22 69.70 69.20 68.73 68.29 67.86 67.44 67.03 66.62 66.21 65.80 65.37 64.93 64.47 63.98 63.46 62.93 62.41
153.29 152.91 152.43 151.87 151.22 150.49 149.70 148.83 147.91 146.94 145.91 144.84 143.74 142.60 141.44 140.25 139.06 137.85 136.64 135.39 134.08 132.71 131.27 129.77 128.21 126.60 124.92 123.19 121.40 119.56 117.67 115.72 113.73 111.68 109.59 107.45 105.27 103.04 100.77 98.46 96.18 93.99 91.89 89.89 87.99 86.18 84.47 82.87 81.36 79.96 78.67 77.48 76.41 75.44 74.58 73.81 73.09 72.43 71.81 71.23 70.69 70.19 69.71 69.26 68.82 68.40 67.99 67.58 67.17 66.76 66.34 65.90 65.45 64.97 64.47 63.93 63.39 62.84
152.36 151.97 151.48 150.92 150.27 149.55 148.77 147.92 147.02 146.07 145.07 144.04 142.98 141.88 140.77 139.64 138.50 137.36 136.21 135.03 133.78 132.46 131.08 129.62 128.10 126.51 124.86 123.15 121.38 119.55 117.66 115.71 113.70 111.64 109.53 107.36 105.14 102.88 100.57 98.28 96.07 93.95 91.91 89.97 88.11 86.35 84.68 83.11 81.63 80.25 78.97 77.79 76.72 75.75 74.88 74.12 73.44 72.81 72.22 71.67 71.15 70.67 70.21 69.77 69.34 68.93 68.53 68.12 67.72 67.30 66.88 66.44 65.97 65.48 64.96 64.41 63.84 63.27
151.24 150.84 150.35 149.79 149.15 148.44 147.67 146.84 145.96 145.04 144.07 143.08 142.05 141.01 139.94 138.87 137.79 136.71 135.64 134.53 133.34 132.08 130.74 129.33 127.85 126.29 124.67 122.98 121.23 119.40 117.52 115.56 113.55 111.48 109.35 107.16 104.91 102.61 100.33 98.12 95.98 93.93 91.96 90.07 88.27 86.55 84.92 83.38 81.93 80.57 79.31 78.14 77.07 76.09 75.22 74.45 73.77 73.17 72.61 72.09 71.60 71.14 70.70 70.27 69.86 69.46 69.06 68.66 68.26 67.85 67.42 66.97 66.50 65.99 65.46 64.89 64.30 63.71
149.95 149.54 149.05 148.48 147.85 147.15 146.39 145.59 144.73 143.84 142.91 141.95 140.97 139.97 138.96 137.95 136.93 135.92 134.92 133.88 132.75 131.55 130.26 128.90 127.46 125.94 124.35 122.68 120.94 119.13 117.25 115.30 113.28 111.20 109.05 106.83 104.57 102.30 100.10 97.97 95.92 93.94 92.03 90.20 88.45 86.78 85.19 83.68 82.26 80.93 79.68 78.52 77.45 76.48 75.60 74.81 74.12 73.53 73.00 72.50 72.04 71.60 71.17 70.77 70.37 69.98 69.59 69.20 68.80 68.38 67.95 67.50 67.02 66.51 65.96 65.37 64.76 64.15
148.51 148.06 147.57 147.00 146.38 145.69 144.95 144.17 143.34 142.48 141.59 140.67 139.73 138.79 137.83 136.88 135.92 134.98 134.05 133.08 132.02 130.88 129.65 128.34 126.94 125.46 123.90 122.26 120.54 118.74 116.87 114.92 112.90 110.80 108.64 106.41 104.18 102.01 99.90 97.85 95.88 93.97 92.13 90.36 88.66 87.04 85.49 84.02 82.63 81.32 80.09 78.94 77.88 76.90 76.02 75.22 74.51 73.89 73.37 72.90 72.46 72.04 71.64 71.25 70.87 70.49 70.11 69.73 69.33 68.92 68.48 68.03 67.54 67.01 66.45 65.85 65.22 64.60
146.96 146.44 145.91 145.36 144.74 144.07 143.35 142.59 141.79 140.96 140.11 139.23 138.35 137.45 136.55 135.66 134.77 133.90 133.04 132.15 131.16 130.08 128.91 127.64 126.29 124.85 123.32 121.71 120.01 118.23 116.36 114.42 112.40 110.29 108.12 105.94 103.81 101.74 99.72 97.76 95.86 94.03 92.25 90.54 88.90 87.33 85.82 84.39 83.03 81.75 80.53 79.40 78.35 77.37 76.48 75.67 74.94 74.30 73.75 73.28 72.87 72.48 72.10 71.73 71.36 71.00 70.63 70.25 69.86 69.45 69.01 68.55 68.05 67.52 66.95 66.33 65.69 65.04
145.30 144.70 144.12 143.54 142.94 142.28 141.58 140.85 140.08 139.29 138.47 137.64 136.81 135.96 135.12 134.29 133.47 132.68 131.90 131.08 130.16 129.14 128.03 126.82 125.51 124.11 122.62 121.03 119.36 117.60 115.75 113.81 111.78 109.69 107.57 105.50 103.47 101.49 99.57 97.69 95.88 94.11 92.41 90.76 89.18 87.66 86.20 84.80 83.47 82.21 81.02 79.90 78.86 77.88 76.99 76.17 75.42 74.76 74.18 73.68 73.27 72.90 72.54 72.19 71.84 71.49 71.13 70.76 70.38 69.97 69.53 69.07 68.57 68.02 67.44 66.81 66.15 65.49
143.53 142.86 142.21 141.59 140.97 140.33 139.66 138.95 138.22 137.46 136.69 135.91 135.12 134.33 133.55 132.79 132.04 131.32 130.62 129.87 129.03 128.08 127.02 125.87 124.61 123.25 121.80 120.25 118.60 116.85 115.02 113.09 111.07 109.04 107.03 105.07 103.15 101.27 99.44 97.66 95.92 94.23 92.60 91.02 89.49 88.02 86.61 85.25 83.96 82.72 81.55 80.45 79.41 78.44 77.54 76.71 75.95 75.27 74.66 74.13 73.68 73.31 72.97 72.64 72.31 71.97 71.63 71.27 70.89 70.48 70.05 69.58 69.07 68.53 67.93 67.28 66.61 65.94
141.64 140.89 140.19 139.52 138.87 138.23 137.58 136.90 136.20 135.49 134.76 134.02 133.29 132.56 131.84 131.15 130.47 129.82 129.20 128.54 127.77 126.89 125.90 124.80 123.59 122.28 120.86 119.34 117.72 116.00 114.18 112.26 110.32 108.40 106.52 104.67 102.86 101.08 99.35 97.65 96.00 94.39 92.83 91.31 89.84 88.42 87.05 85.74 84.48 83.27 82.13 81.04 80.01 79.05 78.14 77.31 76.54 75.83 75.20 74.64 74.15 73.73 73.39 73.08 72.76 72.44 72.11 71.76 71.39 70.99 70.55 70.09 69.58 69.02 68.42 67.76 67.07 66.38
139.63 138.81 138.05 137.33 136.65 135.99 135.35 134.70 134.04 133.36 132.68 132.00 131.32 130.65 130.00 129.37 128.77 128.20 127.66 127.08 126.39 125.57 124.65 123.61 122.45 121.19 119.81 118.33 116.73 115.04 113.24 111.41 109.59 107.80 106.03 104.30 102.60 100.92 99.28 97.68 96.11 94.58 93.09 91.64 90.23 88.86 87.54 86.27 85.05 83.87 82.75 81.68 80.66 79.70 78.80 77.96 77.17 76.45 75.79 75.20 74.67 74.22 73.83 73.50 73.21 72.90 72.58 72.24 71.88 71.48 71.05 70.59 70.07 69.51 68.90 68.23 67.53 66.83
137.49 136.61 135.79 135.02 134.31 133.63 132.99 132.36 131.73 131.10 130.46 129.83 129.21 128.60 128.02 127.46 126.93 126.44 125.99 125.50 124.88 124.14 123.28 122.30 121.20 119.98 118.65 117.20 115.64 113.98 112.27 110.56 108.88 107.22 105.58 103.96 102.36 100.79 99.25 97.74 96.26 94.80 93.39 92.00 90.66 89.35 88.08 86.85 85.66 84.52 83.42 82.37 81.36 80.41 79.51 78.66 77.86 77.13 76.44 75.82 75.26 74.76 74.32 73.95 73.64 73.35 73.04 72.72 72.36 71.97 71.54 71.08 70.56 70.00 69.37 68.69 67.98 67.27
135.23 134.27 133.40 132.59 131.85 131.15 130.50 129.88 129.28 128.69 128.11 127.53 126.97 126.42 125.91 125.42 124.97 124.57 124.20 123.79 123.25 122.59 121.79 120.88 119.83 118.67 117.38 115.97 114.45 112.88 111.31 109.75 108.20 106.67 105.15 103.65 102.16 100.70 99.26 97.84 96.44 95.07 93.73 92.41 91.13 89.87 88.65 87.47 86.32 85.21 84.14 83.10 82.12 81.17 80.27 79.42 78.61 77.86 77.15 76.50 75.91 75.36 74.88 74.46 74.09 73.78 73.49 73.17 72.83 72.45 72.03 71.56 71.04 70.47 69.84 69.15 68.43 67.70
132.83 131.81 130.88 130.04 129.26 128.55 127.89 127.28 126.70 126.15 125.61 125.09 124.59 124.11 123.67 123.26 122.89 122.57 122.29 121.97 121.51 120.92 120.20 119.34 118.36 117.25 116.01 114.65 113.23 111.80 110.38 108.96 107.55 106.15 104.76 103.37 102.00 100.64 99.30 97.97 96.66 95.38 94.11 92.86 91.64 90.45 89.28 88.14 87.03 85.95 84.91 83.90 82.92 81.99 81.09 80.23 79.42 78.65 77.92 77.25 76.62 76.03 75.51 75.03 74.61 74.24 73.93 73.62 73.29 72.91 72.50 72.03 71.52 70.94 70.31 69.61 68.88 68.14
130.30 129.22 128.24 127.35 126.54 125.81 125.15 124.55 123.99 123.48 122.99 122.53 122.09 121.68 121.30 120.97 120.68 120.45 120.26 120.03 119.65 119.14 118.49 117.70 116.78 115.72 114.54 113.29 112.02 110.75 109.48 108.21 106.94 105.66 104.39 103.13 101.87 100.62 99.38 98.15 96.93 95.72 94.53 93.36 92.20 91.07 89.95 88.86 87.79 86.74 85.73 84.74 83.78 82.86 81.97 81.11 80.29 79.50 78.76 78.05 77.39 76.77 76.20 75.67 75.19 74.77 74.39 74.06 73.73 73.37 72.96 72.50 71.98 71.40 70.76 70.06 69.31 68.57
127.63 126.48 125.45 124.52 123.69 122.95 122.29 121.69 121.16 120.68 120.24 119.83 119.46 119.12 118.82 118.56 118.36 118.21 118.12 117.97 117.69 117.26 116.68 115.96 115.10 114.10 113.04 111.95 110.85 109.73 108.61 107.49 106.35 105.21 104.07 102.93 101.78 100.64 99.50 98.37 97.24 96.11 95.00 93.90 92.81 91.73 90.67 89.63 88.60 87.59 86.61 85.64 84.70 83.79 82.90 82.04 81.21 80.42 79.65 78.93 78.23 77.58 76.96 76.39 75.85 75.36 74.92 74.52 74.16 73.81 73.40 72.95 72.43 71.86 71.21 70.50 69.75 68.99
124.81 123.61 122.53 121.56 120.71 119.95 119.29 118.70 118.19 117.75 117.36 117.01 116.71 116.44 116.21 116.04 115.92 115.86 115.86 115.81 115.61 115.26 114.76 114.11 113.33 112.45 111.56 110.64 109.70 108.75 107.78 106.80 105.80 104.80 103.78 102.76 101.73 100.70 99.66 98.63 97.59 96.55 95.52 94.49 93.47 92.45 91.45 90.45 89.47 88.50 87.54 86.60 85.68 84.78 83.90 83.04 82.21 81.40 80.62 79.87 79.14 78.45 77.79 77.17 76.58 76.03 75.52 75.05 74.63 74.24 73.84 73.39 72.87 72.30 71.65 70.93 70.17 69.40
121.85 120.58 119.46 118.46 117.58 116.81 116.15 115.58 115.09 114.68 114.34 114.06 113.83 113.64 113.49 113.40 113.37 113.40 113.50 113.55 113.44 113.17 112.75 112.18 111.52 110.83 110.10 109.36 108.59 107.79 106.98 106.14 105.29 104.42 103.53 102.63 101.72 100.80 99.87 98.93 97.99 97.04 96.09 95.13 94.18 93.22 92.27 91.33 90.39 89.46 88.53 87.62 86.72 85.83 84.96 84.10 83.27 82.45 81.65 80.88 80.13 79.40 78.70 78.03 77.39 76.78 76.21 75.67 75.16 74.70 74.26 73.81 73.30 72.73 72.08 71.35 70.59 69.81
118.74 117.41 116.24 115.21 114.31 113.53 112.87 112.31 111.85 111.49 111.20 110.98 110.82 110.72 110.66 110.65 110.71 110.84 111.03 111.17 111.16 110.98 110.64 110.21 109.74 109.23 108.68 108.11 107.51 106.87 106.21 105.52 104.81 104.08 103.33 102.55 101.76 100.95 100.12 99.29 98.43 97.57 96.70 95.82 94.94 94.05 93.16 92.26 91.37 90.48 89.59 88.70 87.82 86.95 86.09 85.23 84.39 83.57 82.75 81.96 81.18 80.42 79.68 78.97 78.28 77.61 76.97 76.36 75.78 75.23 74.72 74.23 73.72 73.14 72.49 71.76 70.99 70.21
115.47 114.09 112.87 111.81 110.88 110.10 109.44 108.90 108.47 108.15 107.91 107.76 107.68 107.66 107.70 107.79 107.94 108.17 108.46 108.70 108.78 108.69 108.50 108.26 107.98 107.66 107.30 106.90 106.46 105.99 105.48 104.95 104.38 103.78 103.16 102.51 101.84 101.14 100.42 99.69 98.93 98.16 97.37 96.57 95.76 94.93 94.10 93.26 92.41 91.56 90.70 89.85 88.99 88.13 87.28 86.43 85.59 84.75 83.93 83.11 82.31 81.52 80.74 79.98 79.24 78.52 77.82 77.14 76.48 75.85 75.25 74.68 74.13 73.55 72.90 72.16 71.39 70.60
