data_processed/recharge/precip/Precip_1997_11.asc
ncols        168
nrows        136
xllcorner    455000
yllcorner    2107000
cellsize     500
NODATA_value     -99999
[rows 72 to 107 of 136, columns 82 to 163 of 168]
5.43 5.63 5.84 6.05 6.27 6.49 6.72 6.94 7.17 7.40 7.62 7.84 8.05 8.25 8.42 8.58 8.73 8.88 9.03 9.19 9.35 9.51 9.67 9.84 10.01 10.18 10.36 10.55 10.74 10.95 11.16 11.37 11.60 11.83 12.08 12.34 12.61 12.89 13.18 13.48 13.80 14.13 14.45 14.77 15.09 15.41 15.73 16.04 16.35 16.65 16.94 17.23 17.51 17.77 18.03 18.28 18.52 18.74 18.96 19.15 19.34 19.50 19.65 19.79 19.90 20.00 20.05 20.04 19.94 19.61 18.93 17.92 16.61 15.03 13.22 11.21 9.03 6.73 4.33 1.86 0.00 0.00
5.51 5.73 5.95 6.19 6.43 6.67 6.92 7.17 7.43 7.68 7.94 8.19 8.42 8.64 8.84 9.01 9.17 9.32 9.48 9.63 9.79 9.95 10.12 10.29 10.46 10.64 10.83 11.02 11.22 11.42 11.64 11.86 12.09 12.33 12.58 12.85 13.12 13.41 13.71 14.02 14.34 14.68 15.01 15.34 15.67 15.99 16.32 16.63 16.95 17.26 17.56 17.85 18.14 18.41 18.68 18.93 19.18 19.41 19.63 19.83 20.02 20.19 20.35 20.49 20.61 20.69 20.71 20.65 20.52 20.31 19.88 19.12 18.04 16.66 15.04 13.20 11.17 9.00 6.70 4.33 1.90 0.00
5.58 5.82 6.06 6.31 6.57 6.84 7.12 7.39 7.68 7.96 8.24 8.52 8.77 9.01 9.22 9.42 9.60 9.76 9.91 10.07 10.23 10.40 10.57 10.74 10.92 11.10 11.29 11.48 11.69 11.90 12.12 12.34 12.58 12.83 13.09 13.36 13.64 13.93 14.24 14.56 14.89 15.23 15.57 15.91 16.24 16.58 16.91 17.24 17.56 17.87 18.18 18.48 18.77 19.06 19.33 19.59 19.85 20.08 20.31 20.52 20.72 20.90 21.06 21.21 21.32 21.35 21.32 21.22 21.05 20.81 20.50 19.99 19.15 18.00 16.58 14.93 13.07 11.03 8.86 6.59 4.25 1.88
5.66 5.90 6.17 6.44 6.72 7.01 7.31 7.61 7.92 8.23 8.53 8.82 9.09 9.35 9.58 9.80 10.00 10.18 10.34 10.50 10.67 10.84 11.01 11.19 11.37 11.55 11.75 11.95 12.16 12.37 12.60 12.83 13.07 13.33 13.59 13.87 14.16 14.46 14.77 15.10 15.44 15.79 16.14 16.48 16.83 17.17 17.51 17.84 18.17 18.49 18.81 19.12 19.42 19.71 19.99 20.26 20.52 20.77 21.00 21.22 21.43 21.61 21.78 21.92 21.98 21.97 21.89 21.74 21.53 21.26 20.93 20.53 19.94 19.03 17.83 16.38 14.70 12.83 10.80 8.65 6.41 4.11
5.73 5.99 6.27 6.56 6.86 7.17 7.49 7.82 8.15 8.48 8.79 9.10 9.38 9.66 9.92 10.16 10.38 10.58 10.76 10.93 11.10 11.27 11.45 11.63 11.81 12.01 12.20 12.41 12.62 12.84 13.08 13.32 13.57 13.83 14.10 14.38 14.68 14.99 15.31 15.64 15.99 16.35 16.71 17.06 17.41 17.76 18.11 18.45 18.79 19.12 19.45 19.77 20.07 20.37 20.66 20.94 21.21 21.46 21.70 21.93 22.14 22.34 22.49 22.58 22.59 22.54 22.41 22.22 21.97 21.66 21.30 20.89 20.41 19.74 18.79 17.55 16.06 14.37 12.50 10.49 8.37 6.17
5.80 6.08 6.37 6.67 6.99 7.33 7.67 8.02 8.37 8.70 9.03 9.35 9.65 9.94 10.22 10.48 10.73 10.95 11.16 11.35 11.53 11.70 11.88 12.07 12.26 12.45 12.66 12.87 13.09 13.32 13.55 13.80 14.06 14.32 14.60 14.89 15.20 15.51 15.84 16.19 16.55 16.91 17.28 17.64 18.00 18.36 18.72 19.07 19.42 19.76 20.09 20.42 20.73 21.04 21.34 21.63 21.90 22.17 22.42 22.65 22.87 23.05 23.16 23.20 23.16 23.05 22.88 22.65 22.36 22.02 21.62 21.18 20.70 20.15 19.43 18.42 17.16 15.66 13.96 12.10 10.11 8.03
5.87 6.16 6.47 6.79 7.13 7.48 7.84 8.20 8.56 8.91 9.25 9.58 9.89 10.20 10.50 10.78 11.04 11.29 11.53 11.74 11.94 12.12 12.31 12.50 12.69 12.90 13.11 13.32 13.55 13.78 14.03 14.28 14.54 14.82 15.11 15.41 15.72 16.04 16.38 16.74 17.11 17.48 17.85 18.23 18.60 18.97 19.33 19.69 20.05 20.40 20.74 21.08 21.40 21.72 22.03 22.32 22.61 22.88 23.13 23.38 23.58 23.72 23.77 23.76 23.67 23.52 23.31 23.04 22.71 22.34 21.91 21.44 20.93 20.37 19.77 19.00 17.96 16.68 15.17 13.48 11.64 9.69
5.94 6.25 6.57 6.91 7.26 7.63 8.00 8.37 8.73 9.09 9.44 9.78 10.11 10.43 10.75 11.05 11.33 11.61 11.87 12.11 12.33 12.54 12.73 12.93 13.13 13.33 13.55 13.77 14.01 14.25 14.50 14.76 15.03 15.31 15.61 15.92 16.24 16.57 16.92 17.28 17.66 18.05 18.43 18.81 19.19 19.57 19.95 20.32 20.68 21.04 21.39 21.74 22.07 22.40 22.72 23.02 23.31 23.59 23.86 24.09 24.25 24.33 24.33 24.27 24.14 23.94 23.69 23.38 23.02 22.61 22.15 21.65 21.12 20.54 19.94 19.29 18.48 17.42 16.12 14.62 12.95 11.14
6.02 6.33 6.67 7.02 7.39 7.76 8.14 8.51 8.88 9.24 9.60 9.96 10.30 10.64 10.97 11.29 11.60 11.89 12.17 12.44 12.69 12.92 13.14 13.35 13.55 13.77 13.99 14.22 14.46 14.71 14.96 15.23 15.51 15.80 16.11 16.42 16.75 17.10 17.46 17.83 18.22 18.61 19.01 19.40 19.79 20.18 20.57 20.95 21.32 21.69 22.05 22.40 22.75 23.09 23.41 23.73 24.03 24.32 24.57 24.75 24.85 24.88 24.84 24.72 24.55 24.31 24.02 23.68 23.28 22.84 22.35 21.83 21.26 20.67 20.05 19.40 18.71 17.88 16.80 15.50 14.02 12.37
6.09 6.42 6.76 7.13 7.50 7.88 8.25 8.63 9.01 9.38 9.75 10.11 10.47 10.82 11.17 11.51 11.83 12.15 12.45 12.74 13.02 13.28 13.53 13.75 13.97 14.19 14.42 14.66 14.91 15.16 15.43 15.70 15.99 16.29 16.61 16.93 17.27 17.62 17.99 18.38 18.78 19.18 19.59 19.99 20.39 20.79 21.18 21.58 21.96 22.34 22.71 23.08 23.43 23.78 24.11 24.44 24.75 25.02 25.23 25.35 25.40 25.37 25.28 25.12 24.91 24.63 24.30 23.92 23.49 23.02 22.51 21.96 21.37 20.76 20.12 19.46 18.78 18.06 17.21 16.13 14.84 13.38
6.17 6.51 6.86 7.23 7.60 7.98 8.35 8.73 9.11 9.49 9.87 10.24 10.62 10.98 11.34 11.70 12.04 12.38 12.70 13.02 13.32 13.61 13.88 14.14 14.38 14.61 14.85 15.09 15.35 15.61 15.89 16.17 16.47 16.78 17.10 17.43 17.78 18.15 18.53 18.92 19.33 19.75 20.16 20.58 20.99 21.40 21.81 22.21 22.60 22.99 23.38 23.75 24.12 24.47 24.82 25.15 25.45 25.67 25.82 25.89 25.88 25.81 25.67 25.47 25.21 24.89 24.53 24.11 23.65 23.15 22.61 22.04 21.44 20.81 20.15 19.48 18.78 18.08 17.35 16.49 15.42 14.15
6.25 6.59 6.95 7.31 7.68 8.05 8.43 8.82 9.20 9.58 9.97 10.35 10.74 11.11 11.49 11.86 12.22 12.58 12.92 13.26 13.59 13.90 14.20 14.49 14.76 15.02 15.27 15.52 15.78 16.06 16.34 16.63 16.94 17.26 17.59 17.94 18.30 18.67 19.06 19.47 19.89 20.31 20.74 21.17 21.59 22.01 22.43 22.84 23.25 23.65 24.04 24.43 24.81 25.17 25.53 25.85 26.09 26.26 26.35 26.36 26.31 26.18 26.00 25.76 25.46 25.10 24.70 24.25 23.76 23.24 22.67 22.08 21.46 20.81 20.14 19.46 18.76 18.05 17.33 16.59 15.74 14.68
6.33 6.67 7.02 7.38 7.74 8.12 8.50 8.88 9.27 9.66 10.05 10.44 10.83 11.22 11.61 12.00 12.38 12.75 13.12 13.48 13.83 14.17 14.49 14.81 15.11 15.40 15.68 15.94 16.21 16.49 16.79 17.09 17.41 17.73 18.08 18.43 18.80 19.19 19.59 20.01 20.44 20.88 21.32 21.75 22.19 22.62 23.05 23.48 23.89 24.31 24.71 25.11 25.50 25.87 26.22 26.48 26.67 26.77 26.81 26.77 26.67 26.50 26.27 25.98 25.64 25.26 24.82 24.34 23.83 23.27 22.69 22.07 21.43 20.77 20.09 19.39 18.69 17.97 17.25 16.53 15.80 14.96
6.41 6.74 7.08 7.43 7.79 8.16 8.54 8.92 9.31 9.71 10.11 10.51 10.91 11.31 11.71 12.11 12.50 12.90 13.28 13.66 14.04 14.40 14.75 15.10 15.43 15.75 16.06 16.35 16.63 16.92 17.23 17.54 17.87 18.20 18.56 18.92 19.31 19.70 20.11 20.54 20.99 21.44 21.89 22.34 22.79 23.23 23.67 24.11 24.54 24.96 25.38 25.79 26.19 26.55 26.84 27.04 27.17 27.22 27.20 27.12 26.96 26.75 26.48 26.15 25.78 25.35 24.89 24.38 23.83 23.26 22.65 22.02 21.36 20.69 19.99 19.29 18.58 17.86 17.14 16.42 15.71 15.00
6.47 6.79 7.12 7.47 7.82 8.19 8.57 8.95 9.34 9.74 10.14 10.55 10.96 11.37 11.78 12.20 12.61 13.02 13.42 13.82 14.22 14.60 14.98 15.36 15.72 16.07 16.41 16.73 17.04 17.35 17.66 17.98 18.32 18.67 19.03 19.41 19.80 20.21 20.64 21.08 21.54 22.00 22.46 22.93 23.39 23.84 24.29 24.74 25.19 25.62 26.05 26.47 26.85 27.16 27.39 27.53 27.60 27.60 27.53 27.39 27.19 26.94 26.62 26.26 25.85 25.39 24.89 24.36 23.79 23.19 22.56 21.91 21.24 20.56 19.86 19.15 18.43 17.71 16.99 16.28 15.57 14.88
6.52 6.83 7.15 7.49 7.84 8.20 8.57 8.96 9.35 9.75 10.16 10.57 10.99 11.41 11.84 12.26 12.69 13.11 13.53 13.95 14.37 14.78 15.18 15.58 15.97 16.35 16.72 17.08 17.43 17.76 18.09 18.42 18.77 19.13 19.50 19.89 20.30 20.72 21.15 21.61 22.08 22.56 23.03 23.51 23.98 24.45 24.92 25.38 25.83 26.28 26.72 27.13 27.45 27.70 27.86 27.95 27.96 27.91 27.79 27.60 27.36 27.06 26.71 26.31 25.86 25.37 24.85 24.28 23.69 23.07 22.43 21.76 21.08 20.38 19.67 18.96 18.24 17.52 16.80 16.10 15.40 14.71
6.55 6.85 7.16 7.49 7.84 8.20 8.57 8.95 9.34 9.75 10.16 10.57 11.00 11.43 11.86 12.30 12.74 13.18 13.62 14.06 14.49 14.93 15.36 15.78 16.20 16.60 17.00 17.40 17.78 18.14 18.50 18.85 19.21 19.58 19.97 20.37 20.78 21.22 21.67 22.13 22.62 23.11 23.60 24.09 24.57 25.05 25.53 26.01 26.48 26.94 27.36 27.71 27.97 28.16 28.26 28.29 28.25 28.15 27.97 27.74 27.46 27.12 26.73 26.29 25.81 25.29 24.74 24.15 23.54 22.90 22.23 21.55 20.86 20.15 19.44 18.72 18.00 17.28 16.57 15.87 15.19 14.51
6.58 6.86 7.17 7.49 7.82 8.18 8.54 8.92 9.32 9.72 10.13 10.56 10.99 11.42 11.87 12.32 12.77 13.22 13.68 14.14 14.59 15.05 15.50 15.95 16.39 16.83 17.26 17.68 18.09 18.49 18.88 19.26 19.64 20.02 20.42 20.83 21.26 21.71 22.17 22.65 23.15 23.66 24.16 24.66 25.16 25.66 26.15 26.64 27.12 27.56 27.93 28.21 28.41 28.53 28.58 28.56 28.46 28.31 28.09 27.81 27.49 27.11 26.68 26.21 25.70 25.15 24.57 23.96 23.33 22.67 21.99 21.30 20.59 19.88 19.16 18.44 17.72 17.01 16.30 15.61 14.93 14.28
6.59 6.86 7.16 7.47 7.79 8.14 8.50 8.88 9.27 9.68 10.09 10.52 10.95 11.40 11.85 12.31 12.77 13.24 13.71 14.19 14.66 15.14 15.61 16.08 16.55 17.01 17.47 17.93 18.37 18.81 19.24 19.65 20.06 20.46 20.87 21.30 21.74 22.20 22.67 23.17 23.68 24.20 24.72 25.23 25.75 26.26 26.76 27.26 27.73 28.11 28.41 28.63 28.77 28.83 28.82 28.75 28.60 28.40 28.13 27.82 27.45 27.03 26.57 26.06 25.52 24.95 24.34 23.71 23.06 22.38 21.69 20.99 20.27 19.55 18.83 18.11 17.39 16.68 15.99 15.31 14.64 14.00
6.60 6.85 7.13 7.43 7.75 8.09 8.45 8.82 9.21 9.61 10.03 10.46 10.90 11.35 11.81 12.28 12.75 13.24 13.72 14.21 14.70 15.20 15.69 16.19 16.68 17.17 17.66 18.14 18.62 19.09 19.55 20.00 20.45 20.88 21.31 21.75 22.20 22.68 23.17 23.68 24.20 24.74 25.27 25.80 26.33 26.85 27.37 27.85 28.26 28.58 28.81 28.97 29.05 29.05 28.99 28.86 28.66 28.41 28.10 27.74 27.33 26.88 26.38 25.85 25.28 24.68 24.05 23.40 22.73 22.04 21.34 20.62 19.90 19.18 18.45 17.73 17.02 16.32 15.63 14.96 14.31 13.68
6.59 6.83 7.10 7.39 7.70 8.03 8.38 8.75 9.13 9.53 9.95 10.38 10.83 11.28 11.75 12.23 12.71 13.21 13.71 14.21 14.72 15.23 15.75 16.27 16.79 17.30 17.82 18.33 18.83 19.34 19.83 20.32 20.80 21.27 21.73 22.19 22.66 23.15 23.65 24.18 24.72 25.27 25.81 26.36 26.90 27.44 27.94 28.37 28.70 28.95 29.13 29.22 29.24 29.19 29.07 28.89 28.65 28.35 28.00 27.60 27.15 26.66 26.14 25.57 24.98 24.35 23.70 23.03 22.34 21.64 20.92 20.20 19.48 18.75 18.02 17.31 16.60 15.90 15.23 14.57 13.93 13.33
6.57 6.80 7.05 7.33 7.63 7.95 8.29 8.65 9.04 9.44 9.85 10.29 10.73 11.19 11.67 12.15 12.65 13.15 13.67 14.19 14.71 15.24 15.78 16.32 16.86 17.40 17.94 18.48 19.02 19.55 20.08 20.60 21.12 21.63 22.13 22.62 23.11 23.61 24.13 24.67 25.23 25.79 26.35 26.91 27.47 27.99 28.43 28.79 29.06 29.24 29.35 29.38 29.35 29.24 29.07 28.84 28.55 28.21 27.82 27.38 26.90 26.37 25.82 25.22 24.60 23.96 23.29 22.60 21.90 21.18 20.46 19.73 19.00 18.27 17.54 16.83 16.13 15.44 14.78 14.13 13.52 12.93
6.54 6.75 6.99 7.26 7.54 7.86 8.19 8.55 8.93 9.32 9.74 10.17 10.62 11.09 11.56 12.06 12.56 13.08 13.60 14.14 14.68 15.23 15.78 16.34 16.90 17.47 18.04 18.60 19.17 19.73 20.30 20.85 21.41 21.95 22.49 23.02 23.55 24.07 24.60 25.16 25.73 26.31 26.89 27.46 28.00 28.46 28.83 29.11 29.32 29.44 29.49 29.46 29.37 29.21 28.99 28.71 28.38 27.99 27.56 27.08 26.57 26.01 25.43 24.81 24.16 23.49 22.81 22.10 21.38 20.66 19.93 19.19 18.46 17.73 17.01 16.30 15.61 14.93 14.28 13.65 13.05 12.49
6.51 6.70 6.92 7.17 7.45 7.75 8.08 8.43 8.80 9.19 9.61 10.04 10.49 10.96 11.44 11.94 12.45 12.98 13.51 14.06 14.62 15.18 15.76 16.33 16.92 17.51 18.10 18.69 19.29 19.88 20.48 21.07 21.66 22.24 22.82 23.39 23.95 24.51 25.06 25.63 26.22 26.82 27.41 27.97 28.44 28.83 29.13 29.35 29.49 29.55 29.53 29.45 29.30 29.09 28.82 28.50 28.12 27.70 27.23 26.71 26.16 25.58 24.96 24.32 23.65 22.96 22.26 21.54 20.81 20.08 19.34 18.60 17.87 17.14 16.42 15.72 15.04 14.37 13.73 13.12 12.55 12.00
6.46 6.64 6.84 7.08 7.34 7.63 7.95 8.29 8.66 9.05 9.46 9.89 10.34 10.81 11.30 11.80 12.32 12.85 13.40 13.96 14.53 15.11 15.70 16.30 16.91 17.52 18.13 18.75 19.38 20.00 20.62 21.25 21.87 22.49 23.11 23.72 24.32 24.92 25.51 26.10 26.71 27.31 27.89 28.39 28.79 29.10 29.34 29.49 29.56 29.56 29.49 29.35 29.15 28.89 28.57 28.20 27.78 27.32 26.81 26.26 25.68 25.07 24.43 23.76 23.07 22.37 21.65 20.91 20.17 19.43 18.69 17.95 17.21 16.49 15.78 15.08 14.41 13.76 13.14 12.55 11.99 11.47
6.41 6.57 6.76 6.97 7.22 7.50 7.81 8.14 8.50 8.88 9.29 9.72 10.17 10.64 11.13 11.64 12.17 12.71 13.27 13.84 14.42 15.02 15.63 16.24 16.87 17.50 18.14 18.78 19.43 20.09 20.74 21.40 22.05 22.71 23.36 24.01 24.65 25.29 25.93 26.55 27.18 27.77 28.28 28.70 29.03 29.28 29.44 29.53 29.54 29.48 29.35 29.16 28.91 28.60 28.24 27.82 27.36 26.86 26.32 25.74 25.13 24.48 23.82 23.13 22.42 21.70 20.96 20.22 19.47 18.72 17.98 17.23 16.50 15.78 15.08 14.39 13.73 13.10 12.49 11.92 11.39 10.90
6.36 6.50 6.67 6.87 7.11 7.37 7.67 7.99 8.34 8.72 9.12 9.55 10.00 10.47 10.96 11.48 12.01 12.56 13.12 13.71 14.30 14.91 15.54 16.17 16.81 17.47 18.13 18.80 19.47 20.15 20.84 21.52 22.21 22.90 23.59 24.28 24.96 25.64 26.32 26.99 27.64 28.19 28.63 28.97 29.23 29.41 29.50 29.53 29.48 29.36 29.18 28.93 28.63 28.27 27.86 27.41 26.91 26.37 25.79 25.18 24.54 23.87 23.18 22.47 21.74 21.00 20.26 19.50 18.75 17.99 17.24 16.50 15.77 15.06 14.36 13.69 13.04 12.42 11.84 11.29 10.78 10.31
6.35 6.46 6.61 6.80 7.02 7.27 7.56 7.87 8.21 8.58 8.98 9.40 9.85 10.32 10.82 11.34 11.87 12.43 13.00 13.60 14.21 14.83 15.47 16.12 16.78 17.45 18.14 18.83 19.53 20.24 20.95 21.67 22.39 23.11 23.83 24.56 25.28 26.00 26.72 27.44 28.15 28.71 29.09 29.36 29.55 29.66 29.69 29.64 29.53 29.36 29.12 28.82 28.47 28.06 27.61 27.11 26.57 25.99 25.38 24.74 24.07 23.37 22.66 21.92 21.18 20.42 19.66 18.90 18.13 17.37 16.62 15.88 15.15 14.44 13.76 13.09 12.46 11.86 11.29 10.76 10.27 9.83
6.38 6.47 6.61 6.77 6.98 7.22 7.49 7.79 8.12 8.49 8.88 9.30 9.75 10.22 10.71 11.23 11.77 12.34 12.92 13.52 14.14 14.78 15.43 16.10 16.78 17.47 18.18 18.89 19.62 20.35 21.09 21.84 22.59 23.35 24.11 24.87 25.63 26.39 27.16 27.93 28.69 29.30 29.70 29.91 30.03 30.06 30.03 29.92 29.75 29.51 29.21 28.86 28.46 28.00 27.50 26.96 26.38 25.76 25.12 24.44 23.74 23.02 22.28 21.52 20.76 19.99 19.21 18.43 17.66 16.89 16.14 15.40 14.67 13.96 13.28 12.63 12.01 11.42 10.87 10.36 9.90 9.49
6.45 6.53 6.64 6.79 6.98 7.20 7.46 7.75 8.08 8.43 8.82 9.24 9.68 10.15 10.65 11.17 11.71 12.28 12.87 13.48 14.11 14.76 15.43 16.11 16.81 17.52 18.25 18.99 19.74 20.49 21.26 22.04 22.82 23.61 24.40 25.20 26.00 26.81 27.62 28.44 29.26 29.92 30.37 30.60 30.66 30.62 30.52 30.35 30.11 29.81 29.46 29.05 28.60 28.09 27.54 26.96 26.34 25.68 25.00 24.29 23.55 22.80 22.04 21.26 20.48 19.69 18.90 18.11 17.32 16.55 15.79 15.04 14.32 13.62 12.94 12.30 11.69 11.12 10.58 10.09 9.65 9.26
6.58 6.63 6.72 6.86 7.03 7.24 7.48 7.76 8.07 8.42 8.80 9.21 9.65 10.12 10.62 11.14 11.69 12.26 12.86 13.48 14.12 14.78 15.46 16.16 16.87 17.61 18.35 19.11 19.88 20.67 21.46 22.27 23.08 23.90 24.73 25.56 26.40 27.26 28.12 28.99 29.86 30.58 31.07 31.35 31.42 31.33 31.16 30.92 30.62 30.26 29.85 29.39 28.88 28.32 27.73 27.10 26.43 25.74 25.01 24.27 23.51 22.73 21.94 21.13 20.33 19.52 18.71 17.91 17.12 16.34 15.57 14.82 14.10 13.40 12.73 12.09 11.49 10.93 10.42 9.95 9.53 9.16
6.75 6.78 6.85 6.97 7.12 7.31 7.54 7.81 8.11 8.45 8.82 9.23 9.67 10.13 10.63 11.15 11.70 12.28 12.88 13.51 14.16 14.83 15.53 16.24 16.97 17.72 18.49 19.27 20.06 20.87 21.69 22.53 23.37 24.22 25.08 25.95 26.84 27.74 28.66 29.58 30.49 31.26 31.80 32.12 32.24 32.17 31.94 31.64 31.27 30.85 30.38 29.86 29.30 28.69 28.05 27.37 26.66 25.93 25.17 24.39 23.59 22.78 21.96 21.14 20.31 19.48 18.66 17.84 17.03 16.24 15.47 14.72 14.00 13.30 12.63 12.01 11.42 10.87 10.37 9.91 9.51 9.17
6.97 6.98 7.03 7.12 7.26 7.43 7.65 7.91 8.20 8.53 8.89 9.29 9.72 10.18 10.68 11.20 11.76 12.34 12.95 13.58 14.24 14.92 15.63 16.36 17.10 17.87 18.66 19.46 20.28 21.11 21.96 22.82 23.69 24.57 25.47 26.39 27.32 28.27 29.23 30.20 31.16 31.97 32.56 32.93 33.09 33.06 32.84 32.49 32.06 31.57 31.04 30.47 29.85 29.19 28.50 27.77 27.02 26.24 25.44 24.63 23.80 22.96 22.11 21.26 20.41 19.56 18.72 17.89 17.07 16.27 15.49 14.74 14.01 13.32 12.65 12.03 11.45 10.91 10.43 9.99 9.61 9.29
7.24 7.22 7.25 7.33 7.44 7.60 7.80 8.04 8.33 8.64 9.00 9.39 9.82 10.28 10.77 11.30 11.85 12.44 13.05 13.69 14.36 15.05 15.77 16.51 17.27 18.06 18.86 19.68 20.52 21.38 22.25 23.14 24.04 24.96 25.90 26.86 27.83 28.83 29.83 30.85 31.85 32.71 33.34 33.75 33.96 33.97 33.80 33.45 32.97 32.43 31.83 31.20 30.52 29.81 29.07 28.30 27.50 26.68 25.84 24.99 24.13 23.26 22.38 21.50 20.63 19.76 18.90 18.05 17.22 16.41 15.63 14.87 14.14 13.44 12.78 12.17 11.59 11.07 10.60 10.18 9.82 9.52
7.56 7.52 7.53 7.58 7.68 7.82 8.00 8.23 8.50 8.81 9.15 9.54 9.96 10.42 10.91 11.43 11.99 12.58 13.19 13.84 14.52 15.22 15.95 16.70 17.48 18.28 19.10 19.94 20.80 21.68 22.58 23.49 24.43 25.38 26.37 27.37 28.39 29.42 30.47 31.53 32.58 33.48 34.16 34.61 34.86 34.91 34.77 34.46 33.99 33.40 32.75 32.05 31.32 30.56 29.76 28.94 28.10 27.24 26.36 25.47 24.57 23.67 22.76 21.86 20.96 20.07 19.19 18.33 17.48 16.66 15.87 15.10 14.37 13.67 13.02 12.41 11.84 11.33 10.86 10.46 10.12 9.84
7.93 7.86 7.85 7.88 7.96 8.08 8.25 8.46 8.72 9.02 9.35 9.73 10.14 10.60 11.08 11.61 12.16 12.75 13.38 14.03 14.71 15.42 16.16 16.93 17.72 18.53 19.37 20.23 21.12 22.02 22.94 23.88 24.86 25.85 26.88 27.92 28.98 30.06 31.15 32.25 33.34 34.28 35.00 35.49 35.78 35.87 35.77 35.50 35.06 34.48 33.78 33.02 32.23 31.42 30.57 29.70 28.81 27.91 26.99 26.06 25.12 24.19 23.25 22.32 21.39 20.48 19.58 18.70 17.85 17.01 16.21 15.44 14.70 14.00 13.35 12.74 12.18 11.68 11.23 10.84 10.52 10.26
