data_processed/recharge/precip/Precip_1984_08.asc
ncols        168
nrows        136
xllcorner    455000
yllcorner    2107000
cellsize     500
NODATA_value     -99999
[rows 99 to 131 of 136, columns 0 to 72 of 168]
142.12 142.28 142.19 141.94 141.62 141.49 141.72 142.34 143.37 144.79 146.52 148.49 150.62 152.82 155.03 157.16 159.13 160.87 162.37 163.77 165.11 166.37 167.56 168.67 169.70 170.62 171.45 172.17 172.78 173.26 173.59 173.73 173.61 173.18 172.48 171.52 170.34 168.97 167.42 165.72 163.92 162.15 160.87 160.17 159.94 160.11 160.59 161.29 162.13 163.03 163.89 164.49 164.64 164.29 163.40 162.02 160.23 158.08 155.62 152.90 149.98 146.91 143.73 140.51 137.27 133.96 130.58 127.14 123.68 120.22 116.78 113.40 110.09
141.75 141.59 141.16 140.55 140.03 139.82 139.93 140.40 141.22 142.40 143.92 145.67 147.57 149.55 151.53 153.44 155.18 156.70 157.97 159.16 160.32 161.43 162.49 163.49 164.43 165.30 166.09 166.81 167.44 167.96 168.34 168.55 168.56 168.30 167.75 166.93 165.87 164.59 163.11 161.48 159.71 157.97 156.76 156.14 156.05 156.38 157.06 158.00 159.11 160.31 161.35 162.02 162.26 162.04 161.34 160.13 158.46 156.43 154.08 151.48 148.67 145.71 142.64 139.53 136.39 133.19 129.90 126.55 123.17 119.79 116.42 113.10 109.86
141.23 140.73 139.95 139.18 138.63 138.36 138.37 138.67 139.29 140.23 141.50 143.03 144.72 146.48 148.24 149.92 151.45 152.73 153.78 154.78 155.76 156.72 157.65 158.55 159.41 160.22 161.00 161.73 162.39 162.95 163.38 163.66 163.76 163.64 163.25 162.57 161.63 160.46 159.08 157.51 155.79 154.10 152.95 152.44 152.48 152.99 153.88 155.07 156.46 157.79 158.84 159.52 159.83 159.73 159.19 158.19 156.70 154.79 152.56 150.07 147.37 144.52 141.56 138.55 135.52 132.42 129.22 125.96 122.66 119.36 116.06 112.82 109.74
140.57 139.73 138.82 138.07 137.53 137.20 137.11 137.27 137.68 138.38 139.36 140.63 142.10 143.65 145.20 146.67 147.97 149.04 149.87 150.67 151.48 152.29 153.10 153.90 154.69 155.47 156.25 157.00 157.69 158.29 158.78 159.13 159.30 159.28 159.03 158.51 157.71 156.66 155.37 153.89 152.24 150.59 149.53 149.13 149.32 150.02 151.14 152.57 154.05 155.32 156.31 157.00 157.35 157.35 156.95 156.14 154.88 153.16 151.06 148.68 146.09 143.35 140.50 137.59 134.67 131.66 128.55 125.38 122.17 118.93 115.72 112.63 109.81
139.81 138.88 138.04 137.35 136.81 136.44 136.25 136.27 136.49 136.94 137.64 138.58 139.78 141.12 142.45 143.71 144.80 145.65 146.27 146.88 147.52 148.19 148.88 149.59 150.33 151.11 151.90 152.67 153.39 154.04 154.59 155.00 155.27 155.34 155.21 154.83 154.17 153.25 152.08 150.69 149.11 147.53 146.55 146.28 146.64 147.54 148.87 150.35 151.70 152.85 153.77 154.44 154.81 154.88 154.61 153.96 152.92 151.46 149.56 147.31 144.83 142.19 139.45 136.65 133.82 130.91 127.90 124.81 121.68 118.53 115.46 112.63 110.07
139.25 138.45 137.72 137.09 136.56 136.16 135.89 135.76 135.80 136.02 136.43 137.05 137.88 138.93 140.05 141.10 141.98 142.62 143.03 143.45 143.93 144.47 145.05 145.70 146.42 147.20 147.99 148.79 149.55 150.24 150.85 151.35 151.70 151.87 151.85 151.60 151.09 150.31 149.26 147.98 146.48 144.98 144.10 143.97 144.50 145.59 146.93 148.21 149.37 150.38 151.21 151.83 152.21 152.33 152.15 151.66 150.82 149.60 147.98 145.94 143.58 141.05 138.41 135.72 132.99 130.18 127.25 124.25 121.20 118.21 115.39 112.80 110.45
139.21 138.57 137.96 137.40 136.89 136.45 136.10 135.85 135.71 135.70 135.83 136.13 136.59 137.23 138.05 138.88 139.56 139.99 140.21 140.45 140.77 141.17 141.68 142.30 143.01 143.79 144.60 145.42 146.22 146.97 147.64 148.21 148.65 148.93 149.03 148.90 148.54 147.91 146.99 145.82 144.42 143.01 142.25 142.27 142.96 144.01 145.08 146.11 147.06 147.90 148.61 149.17 149.53 149.68 149.58 149.21 148.55 147.55 146.20 144.47 142.35 139.94 137.40 134.81 132.18 129.46 126.63 123.71 120.82 118.06 115.47 113.08 110.91
139.79 139.33 138.84 138.35 137.87 137.41 136.98 136.61 136.30 136.07 135.94 135.91 136.00 136.23 136.61 137.13 137.59 137.82 137.84 137.90 138.08 138.39 138.86 139.46 140.16 140.94 141.77 142.62 143.46 144.26 145.01 145.66 146.19 146.58 146.79 146.80 146.58 146.10 145.34 144.30 143.01 141.70 141.06 141.21 141.82 142.54 143.29 144.03 144.75 145.41 145.98 146.45 146.77 146.93 146.89 146.62 146.11 145.32 144.22 142.79 140.99 138.83 136.41 133.92 131.39 128.76 126.02 123.26 120.59 118.05 115.65 113.42 111.38
141.10 140.81 140.46 140.05 139.60 139.12 138.63 138.14 137.67 137.23 136.83 136.49 136.22 136.04 135.97 136.00 136.13 136.15 135.98 135.87 135.94 136.20 136.64 137.22 137.92 138.71 139.55 140.43 141.32 142.19 143.00 143.74 144.37 144.86 145.20 145.34 145.27 144.96 144.37 143.48 142.31 141.11 140.58 140.61 140.82 141.14 141.53 141.98 142.44 142.89 143.31 143.66 143.92 144.06 144.06 143.88 143.50 142.89 142.02 140.86 139.40 137.59 135.43 133.05 130.62 128.09 125.50 122.95 120.49 118.13 115.88 113.77 111.82
143.21 143.11 142.90 142.58 142.16 141.68 141.13 140.53 139.90 139.25 138.60 137.96 137.34 136.76 136.23 135.76 135.38 135.05 134.68 134.45 134.46 134.68 135.09 135.65 136.35 137.14 138.02 138.93 139.87 140.79 141.68 142.50 143.24 143.84 144.30 144.59 144.67 144.52 144.10 143.40 142.39 141.28 140.58 140.15 139.90 139.80 139.82 139.93 140.12 140.34 140.58 140.80 140.98 141.09 141.10 140.98 140.71 140.26 139.60 138.70 137.53 136.07 134.30 132.19 129.88 127.50 125.11 122.76 120.47 118.24 116.10 114.07 112.16
146.10 146.20 146.13 145.91 145.55 145.06 144.47 143.77 143.00 142.15 141.25 140.32 139.35 138.38 137.41 136.45 135.53 134.65 133.95 133.65 133.61 133.80 134.19 134.75 135.45 136.27 137.17 138.13 139.13 140.12 141.10 142.02 142.86 143.59 144.18 144.61 144.86 144.88 144.65 144.15 143.32 142.11 140.89 139.92 139.17 138.62 138.24 138.01 137.89 137.86 137.89 137.96 138.03 138.08 138.08 138.00 137.81 137.49 137.01 136.34 135.45 134.32 132.92 131.22 129.21 127.03 124.83 122.63 120.46 118.32 116.25 114.26 112.36
149.27 149.59 149.70 149.60 149.31 148.85 148.23 147.47 146.57 145.56 144.44 143.23 141.95 140.61 139.22 137.80 136.36 134.92 133.70 133.16 133.10 133.30 133.71 134.30 135.05 135.92 136.90 137.94 139.03 140.14 141.23 142.29 143.28 144.17 144.94 145.56 145.99 146.23 146.23 145.94 145.13 143.67 142.01 140.46 139.18 138.14 137.32 136.69 136.23 135.90 135.69 135.55 135.47 135.42 135.36 135.27 135.13 134.90 134.56 134.08 133.42 132.58 131.51 130.18 128.57 126.67 124.61 122.52 120.41 118.33 116.27 114.26 112.31
152.49 153.07 153.38 153.44 153.26 152.85 152.24 151.44 150.45 149.30 147.99 146.55 144.98 143.30 141.53 139.67 137.73 135.77 134.04 133.06 132.84 133.08 133.55 134.23 135.07 136.05 137.14 138.32 139.55 140.82 142.08 143.32 144.51 145.61 146.60 147.45 148.14 148.64 148.88 148.64 147.62 145.91 143.97 141.97 140.12 138.54 137.23 136.16 135.30 134.63 134.12 133.73 133.45 133.24 133.08 132.94 132.79 132.60 132.35 132.00 131.54 130.93 130.14 129.16 127.93 126.34 124.46 122.42 120.34 118.24 116.14 114.06 112.02
155.73 156.59 157.13 157.38 157.34 157.02 156.45 155.64 154.59 153.33 151.87 150.22 148.39 146.41 144.28 141.99 139.57 137.14 134.96 133.56 132.99 133.14 133.72 134.52 135.51 136.64 137.91 139.27 140.70 142.17 143.65 145.12 146.55 147.91 149.18 150.31 151.30 152.08 152.39 151.94 150.68 148.73 146.54 144.28 141.97 139.82 137.97 136.41 135.11 134.05 133.19 132.50 131.97 131.56 131.25 131.00 130.79 130.60 130.38 130.13 129.80 129.38 128.85 128.17 127.28 125.99 124.31 122.35 120.24 118.08 115.89 113.69 111.50
158.93 160.11 160.93 161.39 161.52 161.32 160.82 160.03 158.95 157.62 156.03 154.20 152.16 149.90 147.39 144.68 141.84 139.00 136.43 134.67 133.77 133.66 134.23 135.20 136.37 137.71 139.19 140.78 142.46 144.18 145.94 147.69 149.41 151.08 152.66 154.13 155.44 156.30 156.41 155.72 154.23 152.06 149.65 147.15 144.58 141.98 139.56 137.46 135.67 134.16 132.90 131.87 131.04 130.38 129.86 129.46 129.14 128.89 128.67 128.45 128.22 127.96 127.65 127.24 126.66 125.63 124.13 122.27 120.14 117.87 115.53 113.16 110.76
162.08 163.60 164.71 165.43 165.75 165.71 165.31 164.57 163.50 162.12 160.44 158.47 156.22 153.65 150.78 147.69 144.50 141.31 138.41 136.35 135.18 134.84 135.23 136.26 137.67 139.26 141.01 142.87 144.84 146.87 148.94 151.03 153.09 155.12 157.07 158.89 160.30 160.97 160.85 159.93 158.23 155.84 153.22 150.49 147.69 144.83 141.97 139.30 136.96 134.96 133.25 131.83 130.65 129.69 128.92 128.31 127.84 127.48 127.20 126.99 126.83 126.70 126.57 126.40 126.09 125.29 123.94 122.14 120.00 117.61 115.08 112.48 109.82
165.25 167.02 168.46 169.45 170.01 170.15 169.89 169.23 168.19 166.80 165.05 162.96 160.47 157.58 154.38 150.99 147.50 144.03 140.86 138.56 137.19 136.66 136.91 137.86 139.40 141.28 143.34 145.54 147.85 150.23 152.67 155.13 157.59 160.02 162.36 164.31 165.53 165.97 165.63 164.50 162.59 160.01 157.18 154.25 151.23 148.15 145.02 141.91 139.00 136.45 134.26 132.38 130.81 129.49 128.42 127.57 126.89 126.38 126.01 125.78 125.66 125.63 125.64 125.68 125.61 124.99 123.76 121.99 119.80 117.29 114.54 111.66 108.70
168.59 170.45 172.13 173.42 174.25 174.60 174.50 173.96 172.99 171.61 169.82 167.55 164.79 161.63 158.17 154.53 150.81 147.11 143.74 141.26 139.74 139.10 139.26 140.15 141.70 143.80 146.21 148.78 151.48 154.27 157.12 160.01 162.91 165.76 168.25 170.02 171.02 171.24 170.68 169.36 167.25 164.49 161.47 158.34 155.12 151.82 148.48 145.12 141.77 138.65 135.91 133.54 131.51 129.80 128.38 127.22 126.29 125.59 125.12 124.84 124.73 124.76 124.89 125.10 125.23 124.77 123.62 121.85 119.58 116.90 113.92 110.72 107.40
172.11 174.02 175.78 177.31 178.42 179.02 179.12 178.72 177.85 176.51 174.61 172.12 169.13 165.76 162.10 158.27 154.37 150.52 147.01 144.41 142.81 142.11 142.25 143.14 144.73 146.92 149.62 152.60 155.74 158.98 162.29 165.66 169.02 172.04 174.36 175.91 176.69 176.70 175.95 174.43 172.15 169.21 166.02 162.70 159.29 155.80 152.26 148.68 145.08 141.52 138.21 135.29 132.77 130.61 128.79 127.28 126.08 125.18 124.57 124.21 124.08 124.13 124.34 124.68 124.98 124.65 123.54 121.74 119.36 116.49 113.23 109.68 105.94
175.76 177.74 179.56 181.18 182.51 183.38 183.70 183.48 182.72 181.33 179.26 176.60 173.45 169.92 166.13 162.17 158.17 154.22 150.62 147.97 146.34 145.65 145.82 146.79 148.47 150.79 153.67 157.02 160.63 164.36 168.19 172.05 175.61 178.46 180.56 181.90 182.48 182.30 181.36 179.67 177.22 174.12 170.76 167.28 163.68 160.01 156.27 152.49 148.69 144.89 141.14 137.65 134.59 131.93 129.66 127.78 126.29 125.17 124.39 123.92 123.72 123.76 124.02 124.46 124.90 124.66 123.56 121.69 119.16 116.06 112.50 108.56 104.36
179.53 181.56 183.45 185.13 186.55 187.63 188.20 188.18 187.44 185.93 183.73 180.95 177.70 174.08 170.21 166.20 162.14 158.15 154.54 151.89 150.30 149.67 149.95 151.04 152.88 155.39 158.49 162.11 166.15 170.43 174.79 178.87 182.26 184.90 186.79 187.93 188.32 187.96 186.85 184.99 182.39 179.14 175.63 171.99 168.23 164.39 160.47 156.50 152.51 148.51 144.52 140.60 136.95 133.75 131.02 128.76 126.96 125.58 124.60 123.98 123.68 123.69 123.96 124.46 125.01 124.82 123.69 121.72 119.01 115.65 111.75 107.39 102.69
183.36 185.47 187.42 189.17 190.65 191.82 192.58 192.63 191.82 190.23 187.96 185.13 181.84 178.20 174.32 170.30 166.25 162.29 158.71 156.14 154.64 154.15 154.58 155.87 157.92 160.68 164.07 168.00 172.41 177.16 181.74 185.66 188.84 191.28 192.97 193.93 194.14 193.61 192.35 190.34 187.60 184.22 180.57 176.78 172.87 168.86 164.78 160.63 156.46 152.27 148.09 143.93 139.86 136.12 132.92 130.27 128.12 126.45 125.23 124.42 124.00 123.93 124.17 124.71 125.32 125.16 123.97 121.87 118.94 115.28 111.00 106.20 100.97
187.22 189.41 191.44 193.26 194.82 196.03 196.70 196.65 195.81 194.20 191.93 189.11 185.84 182.23 178.40 174.44 170.47 166.59 163.12 160.67 159.34 159.03 159.69 161.22 163.56 166.63 170.36 174.66 179.44 184.25 188.61 192.32 195.30 197.54 199.05 199.84 199.88 199.20 197.79 195.65 192.77 189.27 185.49 181.57 177.52 173.37 169.13 164.83 160.48 156.12 151.75 147.41 143.15 139.08 135.41 132.32 129.79 127.80 126.30 125.28 124.69 124.51 124.70 125.24 125.88 125.70 124.43 122.15 118.97 114.99 110.30 105.01 99.21
191.09 193.37 195.48 197.37 198.98 200.08 200.50 200.25 199.37 197.80 195.59 192.83 189.65 186.14 182.41 178.57 174.74 171.01 167.70 165.45 164.33 164.28 165.22 167.07 169.75 173.19 177.32 182.03 186.86 191.33 195.32 198.77 201.55 203.62 204.96 205.58 205.48 204.66 203.11 200.84 197.85 194.24 190.35 186.30 182.13 177.84 173.46 169.01 164.51 159.98 155.45 150.98 146.64 142.46 138.49 134.95 132.01 129.65 127.85 126.57 125.79 125.46 125.56 126.06 126.71 126.48 125.08 122.60 119.13 114.79 109.66 103.84 97.44
194.93 197.29 199.49 201.44 202.93 203.75 203.93 203.51 202.52 200.99 198.89 196.27 193.23 189.88 186.32 182.67 179.03 175.50 172.42 170.42 169.59 169.86 171.14 173.36 176.45 180.33 184.88 189.66 194.16 198.24 201.87 204.99 207.55 209.44 210.63 211.10 210.86 209.91 208.24 205.86 202.77 199.06 195.07 190.91 186.62 182.21 177.70 173.12 168.47 163.80 159.16 154.63 150.25 146.02 141.98 138.16 134.79 132.04 129.90 128.33 127.31 126.81 126.79 127.22 127.83 127.52 125.96 123.24 119.45 114.71 109.10 102.73 95.72
198.69 201.15 203.42 205.24 206.43 206.99 206.97 206.40 205.32 203.79 201.81 199.38 196.54 193.41 190.08 186.68 183.29 180.04 177.24 175.56 175.08 175.71 177.40 180.06 183.61 187.95 192.60 197.04 201.15 204.87 208.16 210.97 213.25 214.95 215.99 216.33 215.96 214.89 213.11 210.63 207.45 203.66 199.58 195.33 190.94 186.42 181.79 177.08 172.31 167.55 162.89 158.34 153.94 149.70 145.64 141.77 138.14 134.99 132.47 130.58 129.30 128.58 128.40 128.73 129.27 128.85 127.09 124.09 119.96 114.78 108.67 101.72 94.34
202.36 204.89 207.01 208.52 209.43 209.76 209.57 208.89 207.76 206.24 204.34 202.11 199.54 196.69 193.66 190.56 187.49 184.57 182.12 180.82 180.74 181.81 183.97 187.12 191.16 195.61 199.93 203.98 207.72 211.10 214.08 216.60 218.63 220.10 220.98 221.19 220.71 219.54 217.67 215.10 211.84 207.97 203.82 199.49 195.00 190.39 185.66 180.84 176.01 171.25 166.60 162.07 157.69 153.46 149.40 145.54 141.89 138.50 135.59 133.35 131.77 130.81 130.43 130.62 131.06 130.49 128.50 125.20 120.68 115.03 108.39 101.14 93.86
205.85 208.24 210.03 211.23 211.88 212.02 211.70 210.94 209.81 208.32 206.53 204.48 202.20 199.68 197.01 194.27 191.59 189.06 187.02 186.15 186.54 188.12 190.80 194.47 198.64 202.76 206.68 210.37 213.77 216.84 219.53 221.79 223.58 224.85 225.55 225.63 225.05 223.78 221.83 219.19 215.86 211.94 207.72 203.32 198.76 194.06 189.24 184.39 179.58 174.87 170.26 165.78 161.43 157.24 153.22 149.40 145.78 142.39 139.28 136.67 134.75 133.51 132.91 132.92 133.23 132.47 130.22 126.57 121.63 115.51 108.61 101.53 94.47
208.90 210.93 212.39 213.32 213.75 213.74 213.32 212.53 211.41 210.01 208.36 206.51 204.49 202.34 200.08 197.78 195.53 193.46 191.90 191.53 192.45 194.58 197.81 201.63 205.47 209.19 212.74 216.09 219.18 221.96 224.39 226.41 228.00 229.08 229.63 229.59 228.91 227.56 225.54 222.83 219.46 215.49 211.22 206.76 202.13 197.37 192.53 187.74 183.01 178.37 173.83 169.41 165.13 161.01 157.06 153.30 149.74 146.41 143.33 140.53 138.27 136.71 135.85 135.66 135.79 134.82 132.27 128.25 122.87 116.54 109.89 103.11 96.28
211.23 212.90 214.06 214.75 215.01 214.88 214.40 213.61 212.55 211.26 209.79 208.17 206.45 204.67 202.85 201.03 199.29 197.74 196.71 196.90 198.41 201.12 204.51 208.00 211.44 214.80 218.01 221.04 223.84 226.36 228.55 230.37 231.77 232.70 233.11 232.97 232.21 230.80 228.72 225.97 222.55 218.55 214.24 209.74 205.07 200.31 195.56 190.87 186.24 181.70 177.26 172.94 168.76 164.73 160.87 157.20 153.74 150.50 147.50 144.76 142.33 140.44 139.29 138.86 138.78 137.56 134.68 130.27 124.74 118.73 112.45 105.97 99.37
212.76 214.11 215.01 215.50 215.61 215.40 214.89 214.14 213.17 212.04 210.78 209.44 208.05 206.65 205.29 204.00 202.83 201.85 201.41 202.23 204.34 207.23 210.30 213.39 216.46 219.47 222.37 225.11 227.65 229.93 231.91 233.54 234.78 235.58 235.89 235.67 234.86 233.42 231.32 228.53 225.09 221.06 216.73 212.20 207.56 202.91 198.30 193.73 189.24 184.82 180.51 176.31 172.25 168.35 164.61 161.06 157.72 154.60 151.71 149.09 146.73 144.71 143.25 142.54 142.23 140.72 137.49 132.99 127.85 122.29 116.39 110.21 103.84
213.46 214.53 215.20 215.52 215.53 215.27 214.77 214.09 213.26 212.31 211.30 210.26 209.24 208.27 207.39 206.65 206.09 205.75 205.97 207.42 209.74 212.30 214.96 217.68 220.42 223.11 225.72 228.19 230.49 232.56 234.36 235.83 236.94 237.63 237.86 237.59 236.75 235.31 233.22 230.45 226.99 222.95 218.62 214.14 209.64 205.16 200.70 196.30 191.95 187.70 183.54 179.49 175.59 171.83 168.24 164.84 161.65 158.67 155.93 153.45 151.23 149.31 147.73 146.74 146.16 144.34 141.09 137.04 132.43 127.32 121.79 115.92 109.78
213.29 214.11 214.59 214.79 214.72 214.45 214.00 213.42 212.76 212.04 211.31 210.62 210.00 209.49 209.13 208.97 209.05 209.40 210.29 211.96 213.94 216.11 218.40 220.78 223.19 225.59 227.94 230.17 232.26 234.14 235.78 237.12 238.12 238.73 238.91 238.60 237.77 236.35 234.32 231.61 228.19 224.17 219.91 215.61 211.30 207.00 202.73 198.51 194.35 190.28 186.30 182.44 178.71 175.13 171.72 168.50 165.48 162.67 160.10 157.79 155.75 154.00 152.55 151.46 150.61 148.82 146.09 142.64 138.55 133.90 128.75 123.19 117.29
