data_processed/recharge/precip/Precip_1989_10.asc
ncols        168
nrows        136
xllcorner    455000
yllcorner    2107000
cellsize     500
NODATA_value     -99999
[rows 68 to 101 of 136, columns 0 to 76 of 168]
38.25 37.58 36.93 36.31 35.73 35.18 34.68 34.22 33.80 33.44 33.11 32.81 32.55 32.32 32.12 31.93 31.77 31.61 31.47 31.34 31.21 31.08 30.94 30.80 30.65 30.49 30.35 30.20 30.07 29.94 29.81 29.68 29.56 29.45 29.33 29.22 29.11 29.00 28.90 28.79 28.69 28.59 28.48 28.38 28.30 28.23 28.19 28.17 28.16 28.18 28.21 28.27 28.34 28.43 28.53 28.66 28.79 28.95 29.11 29.30 29.49 29.70 29.92 30.16 30.40 30.66 30.93 31.21 31.50 31.80 32.13 32.49 32.87 33.27 33.69 34.14 34.60
37.36 36.71 36.10 35.51 34.97 34.45 33.96 33.52 33.12 32.76 32.45 32.17 31.92 31.70 31.51 31.33 31.18 31.04 30.91 30.79 30.68 30.56 30.44 30.31 30.17 30.04 29.90 29.77 29.65 29.53 29.42 29.30 29.20 29.09 28.99 28.89 28.79 28.70 28.60 28.51 28.42 28.32 28.23 28.16 28.10 28.07 28.05 28.06 28.08 28.13 28.19 28.26 28.36 28.47 28.60 28.74 28.90 29.07 29.25 29.45 29.66 29.89 30.12 30.37 30.63 30.89 31.17 31.46 31.75 32.06 32.38 32.72 33.09 33.48 33.89 34.32 34.77
36.43 35.81 35.22 34.67 34.16 33.67 33.21 32.79 32.40 32.06 31.76 31.49 31.25 31.05 30.87 30.71 30.57 30.45 30.33 30.23 30.12 30.02 29.92 29.80 29.68 29.56 29.44 29.32 29.21 29.11 29.01 28.91 28.81 28.72 28.63 28.54 28.46 28.38 28.29 28.21 28.13 28.05 27.98 27.94 27.92 27.91 27.92 27.96 28.01 28.08 28.16 28.26 28.38 28.51 28.66 28.82 29.00 29.18 29.39 29.60 29.83 30.06 30.31 30.57 30.84 31.11 31.40 31.69 32.00 32.30 32.62 32.95 33.31 33.68 34.08 34.50 34.93
35.47 34.88 34.32 33.80 33.31 32.85 32.42 32.03 31.66 31.33 31.04 30.79 30.57 30.38 30.21 30.07 29.94 29.83 29.73 29.64 29.55 29.46 29.37 29.27 29.17 29.06 28.95 28.85 28.76 28.67 28.58 28.49 28.41 28.33 28.26 28.18 28.11 28.04 27.97 27.90 27.83 27.78 27.74 27.73 27.73 27.76 27.80 27.86 27.93 28.02 28.13 28.26 28.40 28.55 28.71 28.89 29.09 29.29 29.51 29.74 29.98 30.23 30.49 30.76 31.03 31.32 31.61 31.91 32.22 32.54 32.86 33.18 33.52 33.88 34.26 34.66 35.08
34.49 33.93 33.39 32.90 32.43 32.00 31.60 31.23 30.89 30.58 30.30 30.06 29.85 29.68 29.52 29.39 29.28 29.19 29.10 29.03 28.95 28.88 28.80 28.72 28.63 28.54 28.45 28.36 28.28 28.21 28.13 28.06 28.00 27.93 27.87 27.81 27.75 27.69 27.63 27.57 27.53 27.51 27.51 27.52 27.55 27.61 27.67 27.76 27.86 27.97 28.10 28.25 28.41 28.58 28.77 28.96 29.17 29.39 29.63 29.87 30.12 30.38 30.65 30.93 31.22 31.51 31.81 32.12 32.43 32.75 33.07 33.40 33.73 34.07 34.44 34.82 35.22
33.51 32.96 32.45 31.97 31.53 31.12 30.74 30.39 30.08 29.79 29.53 29.31 29.11 28.95 28.81 28.70 28.60 28.52 28.45 28.39 28.33 28.28 28.22 28.15 28.07 28.00 27.92 27.85 27.79 27.73 27.67 27.61 27.56 27.51 27.46 27.41 27.37 27.32 27.28 27.25 27.24 27.25 27.27 27.32 27.38 27.45 27.55 27.66 27.78 27.92 28.07 28.24 28.42 28.61 28.81 29.02 29.25 29.48 29.73 29.99 30.25 30.52 30.80 31.09 31.38 31.68 31.99 32.30 32.62 32.94 33.26 33.59 33.92 34.25 34.60 34.96 35.34
32.51 31.98 31.49 31.03 30.61 30.22 29.86 29.53 29.24 28.97 28.73 28.53 28.35 28.20 28.08 27.98 27.90 27.83 27.78 27.73 27.69 27.65 27.61 27.56 27.50 27.44 27.38 27.33 27.28 27.23 27.19 27.15 27.11 27.07 27.04 27.01 26.97 26.94 26.93 26.93 26.95 26.99 27.04 27.11 27.20 27.30 27.42 27.55 27.70 27.86 28.03 28.22 28.41 28.62 28.84 29.07 29.31 29.56 29.82 30.09 30.36 30.65 30.93 31.23 31.53 31.84 32.15 32.46 32.78 33.11 33.43 33.76 34.09 34.42 34.75 35.09 35.45
31.52 31.00 30.53 30.09 29.68 29.30 28.96 28.65 28.38 28.13 27.91 27.72 27.56 27.43 27.32 27.24 27.17 27.12 27.08 27.06 27.03 27.01 26.98 26.95 26.90 26.86 26.82 26.78 26.75 26.72 26.69 26.67 26.64 26.62 26.60 26.58 26.57 26.56 26.58 26.61 26.66 26.73 26.81 26.91 27.02 27.15 27.29 27.45 27.61 27.79 27.99 28.19 28.41 28.63 28.87 29.11 29.37 29.63 29.90 30.18 30.46 30.75 31.05 31.35 31.66 31.97 32.29 32.60 32.93 33.25 33.57 33.90 34.23 34.56 34.88 35.21 35.55
30.53 30.03 29.57 29.14 28.74 28.38 28.06 27.76 27.50 27.27 27.06 26.89 26.75 26.63 26.54 26.47 26.42 26.39 26.37 26.36 26.35 26.34 26.33 26.31 26.29 26.26 26.24 26.22 26.20 26.19 26.18 26.17 26.16 26.16 26.15 26.15 26.16 26.19 26.23 26.30 26.37 26.47 26.58 26.70 26.84 26.99 27.15 27.33 27.52 27.72 27.93 28.15 28.39 28.63 28.88 29.14 29.40 29.68 29.96 30.25 30.54 30.84 31.14 31.45 31.76 32.08 32.40 32.72 33.04 33.37 33.69 34.02 34.34 34.67 34.99 35.31 35.63
29.56 29.07 28.61 28.20 27.81 27.46 27.15 26.86 26.61 26.39 26.20 26.04 25.91 25.81 25.73 25.68 25.65 25.63 25.63 25.63 25.64 25.65 25.66 25.66 25.65 25.65 25.64 25.64 25.64 25.64 25.65 25.65 25.66 25.67 25.69 25.71 25.75 25.81 25.89 25.98 26.08 26.21 26.34 26.49 26.65 26.82 27.01 27.21 27.42 27.64 27.87 28.11 28.35 28.61 28.87 29.15 29.43 29.71 30.00 30.30 30.60 30.91 31.22 31.53 31.85 32.17 32.49 32.81 33.13 33.46 33.78 34.10 34.42 34.74 35.06 35.37 35.69
28.60 28.12 27.67 27.26 26.89 26.55 26.24 25.97 25.72 25.51 25.33 25.19 25.06 24.97 24.91 24.87 24.86 24.86 24.87 24.89 24.92 24.95 24.97 24.99 25.00 25.01 25.02 25.04 25.06 25.08 25.10 25.12 25.15 25.18 25.22 25.27 25.35 25.44 25.54 25.66 25.79 25.94 26.10 26.27 26.46 26.65 26.86 27.08 27.30 27.54 27.79 28.04 28.31 28.58 28.86 29.14 29.43 29.73 30.03 30.33 30.64 30.95 31.27 31.59 31.91 32.23 32.55 32.87 33.19 33.52 33.84 34.16 34.47 34.79 35.10 35.40 35.71
27.68 27.20 26.76 26.35 25.98 25.65 25.34 25.08 24.84 24.64 24.46 24.32 24.21 24.13 24.07 24.04 24.04 24.06 24.09 24.13 24.17 24.22 24.26 24.30 24.33 24.36 24.39 24.42 24.46 24.50 24.54 24.58 24.62 24.68 24.75 24.84 24.94 25.06 25.19 25.34 25.49 25.67 25.85 26.05 26.25 26.47 26.70 26.93 27.18 27.43 27.70 27.97 28.24 28.53 28.82 29.11 29.41 29.72 30.03 30.34 30.66 30.97 31.29 31.62 31.94 32.26 32.58 32.90 33.23 33.54 33.86 34.18 34.49 34.79 35.10 35.40 35.69
26.79 26.31 25.87 25.46 25.10 24.76 24.46 24.20 23.97 23.77 23.60 23.46 23.35 23.28 23.22 23.20 23.21 23.24 23.28 23.34 23.41 23.47 23.53 23.59 23.64 23.69 23.74 23.79 23.84 23.90 23.96 24.02 24.09 24.18 24.28 24.40 24.53 24.68 24.83 25.01 25.19 25.39 25.59 25.81 26.04 26.28 26.52 26.78 27.04 27.31 27.59 27.87 28.16 28.46 28.76 29.07 29.38 29.69 30.01 30.33 30.65 30.97 31.29 31.62 31.94 32.26 32.59 32.91 33.22 33.54 33.85 34.16 34.47 34.77 35.06 35.35 35.64
25.93 25.45 25.01 24.61 24.24 23.91 23.61 23.34 23.11 22.91 22.75 22.61 22.50 22.43 22.38 22.36 22.37 22.40 22.46 22.54 22.62 22.70 22.79 22.86 22.93 23.00 23.07 23.14 23.21 23.28 23.36 23.45 23.56 23.67 23.81 23.95 24.11 24.29 24.47 24.67 24.88 25.10 25.33 25.56 25.81 26.07 26.33 26.61 26.89 27.17 27.46 27.76 28.07 28.37 28.69 29.00 29.32 29.64 29.96 30.29 30.61 30.94 31.26 31.59 31.91 32.24 32.56 32.88 33.19 33.50 33.81 34.11 34.41 34.70 34.99 35.27 35.54
25.13 24.64 24.20 23.79 23.42 23.08 22.78 22.51 22.28 22.08 21.91 21.77 21.67 21.59 21.54 21.52 21.53 21.57 21.63 21.71 21.81 21.92 22.02 22.12 22.20 22.29 22.38 22.47 22.56 22.66 22.76 22.88 23.02 23.17 23.33 23.51 23.69 23.89 24.10 24.32 24.56 24.80 25.05 25.31 25.57 25.85 26.13 26.42 26.71 27.02 27.32 27.63 27.95 28.26 28.59 28.91 29.23 29.56 29.89 30.22 30.55 30.88 31.20 31.53 31.85 32.18 32.49 32.81 33.12 33.43 33.73 34.02 34.31 34.60 34.87 35.14 35.40
24.38 23.88 23.43 23.02 22.64 22.29 21.99 21.71 21.48 21.27 21.10 20.96 20.85 20.77 20.72 20.70 20.70 20.74 20.80 20.88 20.99 21.11 21.23 21.35 21.46 21.57 21.67 21.78 21.90 22.02 22.16 22.31 22.48 22.66 22.85 23.05 23.26 23.49 23.72 23.97 24.22 24.48 24.75 25.03 25.32 25.61 25.91 26.21 26.52 26.84 27.16 27.48 27.80 28.13 28.46 28.79 29.12 29.46 29.79 30.12 30.46 30.79 31.11 31.44 31.76 32.08 32.40 32.71 33.01 33.31 33.61 33.90 34.18 34.45 34.71 34.97 35.22
23.68 23.18 22.72 22.29 21.90 21.55 21.24 20.96 20.71 20.50 20.32 20.17 20.06 19.97 19.91 19.89 19.89 19.92 19.97 20.05 20.16 20.29 20.43 20.57 20.70 20.83 20.95 21.09 21.23 21.38 21.55 21.74 21.93 22.14 22.36 22.58 22.82 23.07 23.33 23.60 23.87 24.16 24.45 24.74 25.05 25.36 25.67 25.99 26.31 26.64 26.97 27.30 27.64 27.97 28.31 28.65 28.99 29.32 29.66 30.00 30.33 30.66 30.99 31.31 31.64 31.95 32.26 32.57 32.87 33.16 33.45 33.73 34.00 34.26 34.51 34.75 34.99
23.06 22.54 22.07 21.63 21.23 20.87 20.54 20.25 19.99 19.77 19.58 19.42 19.29 19.20 19.14 19.10 19.09 19.11 19.16 19.24 19.34 19.46 19.61 19.77 19.92 20.07 20.22 20.38 20.55 20.74 20.94 21.15 21.38 21.61 21.86 22.11 22.37 22.65 22.93 23.21 23.51 23.81 24.12 24.44 24.76 25.08 25.41 25.74 26.08 26.42 26.76 27.10 27.44 27.79 28.13 28.48 28.82 29.16 29.50 29.84 30.17 30.50 30.83 31.15 31.47 31.78 32.09 32.39 32.68 32.97 33.24 33.51 33.77 34.02 34.26 34.49 34.71
22.50 21.97 21.48 21.03 20.61 20.24 19.89 19.59 19.32 19.08 18.88 18.71 18.57 18.47 18.39 18.34 18.33 18.34 18.38 18.44 18.53 18.65 18.79 18.95 19.12 19.29 19.47 19.67 19.87 20.09 20.32 20.56 20.81 21.07 21.34 21.62 21.91 22.20 22.51 22.82 23.13 23.45 23.78 24.11 24.45 24.79 25.13 25.47 25.82 26.17 26.52 26.87 27.22 27.57 27.92 28.27 28.62 28.97 29.31 29.65 29.98 30.31 30.64 30.96 31.27 31.58 31.88 32.17 32.45 32.73 33.00 33.26 33.50 33.74 33.97 34.18 34.38
22.03 21.48 20.97 20.50 20.07 19.67 19.31 18.99 18.71 18.45 18.24 18.05 17.90 17.78 17.69 17.63 17.60 17.59 17.62 17.67 17.75 17.86 17.99 18.14 18.32 18.52 18.73 18.96 19.19 19.44 19.70 19.97 20.24 20.53 20.83 21.13 21.44 21.75 22.08 22.41 22.74 23.08 23.42 23.77 24.12 24.47 24.83 25.19 25.54 25.90 26.26 26.62 26.98 27.34 27.69 28.04 28.39 28.74 29.08 29.42 29.76 30.08 30.41 30.72 31.03 31.33 31.63 31.91 32.19 32.45 32.71 32.96 33.19 33.41 33.63 33.82 34.01
21.64 21.07 20.54 20.05 19.60 19.18 18.81 18.47 18.17 17.90 17.66 17.46 17.29 17.16 17.05 16.98 16.93 16.91 16.93 16.97 17.03 17.12 17.24 17.39 17.59 17.83 18.07 18.33 18.59 18.87 19.15 19.44 19.75 20.06 20.37 20.70 21.03 21.36 21.70 22.05 22.40 22.76 23.11 23.47 23.84 24.20 24.57 24.93 25.30 25.67 26.03 26.40 26.76 27.12 27.48 27.84 28.19 28.53 28.87 29.21 29.54 29.86 30.18 30.49 30.79 31.09 31.37 31.65 31.91 32.17 32.41 32.64 32.86 33.07 33.26 33.44 33.61
21.32 20.74 20.19 19.68 19.21 18.78 18.38 18.03 17.71 17.42 17.17 16.95 16.77 16.62 16.50 16.41 16.35 16.32 16.31 16.34 16.39 16.47 16.58 16.76 17.00 17.27 17.55 17.83 18.12 18.42 18.73 19.04 19.37 19.70 20.03 20.38 20.72 21.08 21.43 21.79 22.16 22.53 22.90 23.27 23.64 24.01 24.39 24.76 25.13 25.50 25.87 26.24 26.61 26.97 27.33 27.68 28.03 28.37 28.71 29.04 29.37 29.68 29.99 30.29 30.58 30.87 31.14 31.40 31.65 31.89 32.12 32.34 32.54 32.73 32.90 33.06 33.21
21.09 20.48 19.92 19.39 18.90 18.45 18.04 17.67 17.33 17.03 16.76 16.52 16.32 16.16 16.02 15.92 15.84 15.80 15.78 15.80 15.84 15.91 16.04 16.25 16.53 16.84 17.15 17.47 17.78 18.10 18.43 18.77 19.11 19.46 19.81 20.17 20.53 20.90 21.27 21.64 22.01 22.39 22.77 23.15 23.53 23.91 24.29 24.66 25.04 25.41 25.79 26.15 26.52 26.88 27.23 27.58 27.93 28.26 28.59 28.92 29.23 29.54 29.84 30.13 30.41 30.68 30.93 31.18 31.41 31.64 31.85 32.04 32.22 32.39 32.54 32.68 32.80
20.94 20.31 19.73 19.18 18.67 18.21 17.78 17.38 17.03 16.71 16.43 16.18 15.96 15.78 15.63 15.51 15.42 15.36 15.33 15.33 15.37 15.46 15.63 15.88 16.19 16.53 16.88 17.23 17.58 17.92 18.26 18.62 18.97 19.34 19.70 20.07 20.45 20.83 21.21 21.59 21.97 22.36 22.74 23.12 23.51 23.89 24.27 24.65 25.03 25.40 25.77 26.13 26.49 26.85 27.20 27.54 27.88 28.21 28.53 28.84 29.14 29.44 29.72 30.00 30.26 30.51 30.75 30.98 31.20 31.40 31.59 31.76 31.92 32.06 32.19 32.30 32.39
20.87 20.22 19.61 19.05 18.52 18.04 17.59 17.18 16.81 16.47 16.17 15.91 15.68 15.48 15.31 15.18 15.08 15.01 14.96 14.96 15.01 15.14 15.35 15.62 15.97 16.35 16.73 17.12 17.50 17.86 18.23 18.59 18.96 19.34 19.72 20.10 20.48 20.87 21.25 21.64 22.03 22.42 22.81 23.19 23.58 23.96 24.34 24.72 25.09 25.46 25.82 26.18 26.54 26.89 27.23 27.56 27.88 28.20 28.51 28.81 29.10 29.38 29.65 29.90 30.15 30.38 30.60 30.81 31.00 31.18 31.34 31.49 31.62 31.74 31.84 31.92 31.98
20.87 20.21 19.58 19.00 18.45 17.95 17.49 17.06 16.67 16.32 16.00 15.72 15.47 15.26 15.08 14.93 14.82 14.73 14.68 14.69 14.78 14.95 15.18 15.49 15.87 16.28 16.70 17.11 17.53 17.93 18.32 18.70 19.08 19.46 19.85 20.24 20.63 21.02 21.41 21.80 22.19 22.58 22.97 23.36 23.74 24.12 24.50 24.87 25.24 25.60 25.96 26.31 26.65 26.99 27.32 27.64 27.95 28.25 28.55 28.83 29.10 29.36 29.61 29.85 30.07 30.28 30.48 30.66 30.83 30.98 31.12 31.24 31.34 31.43 31.49 31.54 31.57
20.96 20.27 19.63 19.03 18.46 17.94 17.46 17.02 16.61 16.24 15.91 15.61 15.35 15.12 14.93 14.76 14.63 14.54 14.51 14.56 14.68 14.88 15.14 15.48 15.89 16.32 16.77 17.22 17.67 18.11 18.53 18.94 19.33 19.72 20.11 20.50 20.89 21.29 21.68 22.07 22.46 22.85 23.24 23.62 24.00 24.37 24.74 25.11 25.47 25.82 26.17 26.51 26.84 27.16 27.48 27.78 28.08 28.36 28.64 28.90 29.15 29.39 29.62 29.83 30.03 30.22 30.39 30.54 30.68 30.81 30.91 31.00 31.07 31.13 31.16 31.17 31.17
21.12 20.41 19.75 19.13 18.55 18.01 17.51 17.05 16.63 16.24 15.89 15.58 15.30 15.06 14.85 14.67 14.54 14.46 14.46 14.54 14.70 14.92 15.22 15.59 16.02 16.48 16.96 17.44 17.92 18.39 18.85 19.29 19.70 20.09 20.49 20.88 21.28 21.67 22.06 22.45 22.84 23.22 23.60 23.98 24.35 24.71 25.08 25.43 25.78 26.12 26.45 26.78 27.09 27.40 27.70 27.99 28.26 28.53 28.78 29.03 29.25 29.47 29.67 29.86 30.03 30.19 30.33 30.46 30.57 30.66 30.73 30.79 30.82 30.84 30.84 30.81 30.77
21.36 20.63 19.95 19.31 18.72 18.16 17.64 17.16 16.72 16.32 15.96 15.63 15.34 15.08 14.85 14.67 14.55 14.51 14.54 14.65 14.83 15.09 15.41 15.80 16.26 16.75 17.26 17.77 18.28 18.78 19.27 19.74 20.18 20.60 21.00 21.39 21.78 22.17 22.56 22.94 23.32 23.70 24.07 24.44 24.80 25.15 25.50 25.84 26.18 26.50 26.82 27.13 27.43 27.72 27.99 28.26 28.51 28.76 28.99 29.20 29.41 29.60 29.77 29.93 30.07 30.20 30.31 30.40 30.48 30.53 30.57 30.59 30.59 30.57 30.52 30.46 30.37
21.68 20.93 20.23 19.57 18.96 18.38 17.85 17.35 16.90 16.48 16.10 15.75 15.44 15.17 14.94 14.77 14.68 14.67 14.74 14.88 15.09 15.37 15.72 16.13 16.61 17.13 17.66 18.19 18.73 19.26 19.78 20.29 20.77 21.21 21.63 22.02 22.40 22.79 23.17 23.54 23.91 24.28 24.64 25.00 25.35 25.69 26.02 26.35 26.66 26.97 27.27 27.56 27.84 28.10 28.36 28.60 28.83 29.05 29.25 29.44 29.61 29.77 29.92 30.04 30.15 30.25 30.32 30.38 30.42 30.44 30.44 30.41 30.37 30.31 30.22 30.12 29.99
22.07 21.31 20.59 19.91 19.28 18.68 18.13 17.62 17.15 16.71 16.32 15.96 15.63 15.35 15.14 15.00 14.94 14.96 15.05 15.22 15.45 15.76 16.13 16.57 17.07 17.61 18.16 18.72 19.29 19.85 20.40 20.93 21.44 21.92 22.36 22.77 23.15 23.53 23.90 24.26 24.62 24.97 25.32 25.66 25.99 26.32 26.63 26.94 27.24 27.53 27.80 28.07 28.32 28.56 28.79 29.01 29.21 29.40 29.57 29.73 29.87 30.00 30.11 30.20 30.28 30.34 30.37 30.39 30.39 30.37 30.33 30.26 30.18 30.07 29.94 29.79 29.61
22.54 21.76 21.02 20.32 19.67 19.06 18.49 17.96 17.47 17.02 16.61 16.23 15.90 15.64 15.45 15.34 15.31 15.36 15.48 15.67 15.93 16.25 16.65 17.11 17.63 18.19 18.76 19.35 19.93 20.52 21.10 21.66 22.20 22.71 23.19 23.63 24.02 24.39 24.74 25.10 25.44 25.78 26.11 26.43 26.74 27.05 27.34 27.63 27.90 28.17 28.42 28.66 28.89 29.10 29.30 29.49 29.66 29.82 29.96 30.08 30.19 30.28 30.36 30.41 30.45 30.47 30.46 30.44 30.40 30.33 30.25 30.14 30.01 29.85 29.67 29.47 29.25
23.08 22.28 21.52 20.81 20.14 19.51 18.93 18.38 17.88 17.41 16.98 16.60 16.28 16.04 15.89 15.81 15.80 15.87 16.01 16.23 16.51 16.86 17.27 17.75 18.29 18.87 19.46 20.07 20.68 21.29 21.89 22.48 23.05 23.59 24.10 24.57 24.99 25.37 25.71 26.05 26.37 26.69 27.00 27.31 27.60 27.88 28.15 28.41 28.66 28.90 29.12 29.34 29.53 29.72 29.89 30.04 30.18 30.30 30.41 30.50 30.57 30.62 30.65 30.67 30.66 30.64 30.59 30.53 30.44 30.33 30.19 30.04 29.86 29.65 29.42 29.18 28.92
23.70 22.88 22.11 21.38 20.69 20.04 19.44 18.88 18.35 17.87 17.43 17.06 16.78 16.57 16.44 16.38 16.40 16.50 16.66 16.90 17.20 17.57 18.00 18.49 19.05 19.64 20.25 20.88 21.51 22.14 22.77 23.38 23.97 24.54 25.08 25.58 26.04 26.45 26.80 27.12 27.43 27.72 28.01 28.29 28.56 28.81 29.06 29.29 29.51 29.72 29.92 30.10 30.26 30.41 30.55 30.67 30.77 30.85 30.92 30.97 31.00 31.01 31.01 30.98 30.93 30.86 30.77 30.65 30.52 30.36 30.17 29.97 29.73 29.48 29.20 28.92 28.62
