data_processed/recharge/precip/Precip_1997_09.asc
ncols        168
nrows        136
xllcorner    455000
yllcorner    2107000
cellsize     500
NODATA_value     -99999
[rows 34 to 67 of 136, columns 0 to 75 of 168]
140.14 140.39 140.55 140.63 140.64 140.57 140.44 140.23 139.96 139.63 139.21 138.66 137.97 137.16 136.23 135.19 134.05 132.81 131.45 129.97 128.38 126.70 124.92 123.08 121.19 119.28 117.36 115.43 113.49 111.55 109.60 107.65 105.70 103.75 101.80 99.87 97.94 96.03 94.12 92.24 90.38 88.53 86.71 84.92 83.15 81.41 79.71 78.04 76.41 74.82 73.27 71.76 70.30 68.89 67.53 66.23 64.98 63.79 62.65 61.58 60.58 59.64 58.78 57.98 57.26 56.59 55.92 55.19 54.42 53.59 52.70 51.74 50.76 49.82 48.92 48.07
138.97 139.26 139.46 139.59 139.65 139.63 139.54 139.38 139.16 138.88 138.55 138.12 137.58 136.90 136.10 135.18 134.16 133.03 131.77 130.39 128.91 127.32 125.64 123.92 122.17 120.39 118.60 116.78 114.96 113.11 111.26 109.40 107.53 105.66 103.79 101.92 100.04 98.18 96.32 94.47 92.64 90.82 89.01 87.23 85.46 83.72 82.01 80.32 78.66 77.04 75.45 73.90 72.39 70.92 69.50 68.12 66.79 65.51 64.29 63.12 62.01 60.96 59.97 59.05 58.20 57.41 56.68 55.93 55.13 54.27 53.35 52.37 51.36 50.38 49.46 48.59
137.65 137.98 138.24 138.41 138.51 138.54 138.50 138.39 138.22 137.99 137.70 137.36 136.94 136.40 135.73 134.94 134.04 133.03 131.88 130.62 129.24 127.76 126.21 124.64 123.03 121.39 119.73 118.04 116.33 114.60 112.85 111.08 109.30 107.51 105.72 103.91 102.10 100.29 98.49 96.68 94.88 93.09 91.30 89.53 87.78 86.04 84.32 82.62 80.94 79.29 77.67 76.08 74.52 73.00 71.52 70.07 68.67 67.31 66.00 64.74 63.53 62.37 61.27 60.23 59.25 58.33 57.48 56.67 55.84 54.95 54.00 52.99 51.95 50.95 50.00 49.10
136.19 136.57 136.86 137.08 137.22 137.30 137.30 137.24 137.12 136.94 136.71 136.42 136.08 135.67 135.13 134.48 133.71 132.81 131.78 130.63 129.37 128.03 126.65 125.23 123.77 122.28 120.75 119.19 117.60 115.98 114.34 112.68 111.00 109.30 107.58 105.85 104.11 102.36 100.61 98.85 97.09 95.33 93.58 91.82 90.08 88.35 86.63 84.92 83.23 81.56 79.92 78.29 76.69 75.12 73.59 72.08 70.61 69.18 67.79 66.44 65.13 63.87 62.66 61.51 60.40 59.36 58.37 57.44 56.55 55.63 54.66 53.62 52.55 51.52 50.54 49.61
134.58 135.00 135.34 135.60 135.79 135.90 135.96 135.94 135.87 135.74 135.55 135.32 135.03 134.69 134.29 133.77 133.13 132.36 131.46 130.44 129.33 128.17 126.96 125.70 124.39 123.05 121.66 120.23 118.77 117.28 115.75 114.19 112.61 111.01 109.38 107.73 106.06 104.38 102.68 100.98 99.27 97.55 95.82 94.10 92.38 90.66 88.94 87.23 85.54 83.85 82.18 80.53 78.90 77.29 75.70 74.14 72.61 71.11 69.64 68.21 66.81 65.46 64.14 62.88 61.66 60.49 59.37 58.30 57.29 56.32 55.32 54.25 53.15 52.09 51.08 50.16
132.83 133.28 133.66 133.96 134.19 134.36 134.45 134.49 134.46 134.38 134.24 134.05 133.82 133.53 133.21 132.81 132.31 131.68 130.91 130.05 129.13 128.15 127.12 126.02 124.88 123.69 122.45 121.16 119.83 118.47 117.06 115.62 114.14 112.63 111.10 109.53 107.95 106.34 104.71 103.06 101.40 99.73 98.04 96.35 94.65 92.95 91.24 89.54 87.84 86.15 84.47 82.79 81.13 79.48 77.85 76.24 74.65 73.09 71.55 70.04 68.56 67.12 65.71 64.34 63.01 61.72 60.48 59.28 58.13 57.04 55.97 54.88 53.75 52.66 51.65 50.74
130.92 131.41 131.83 132.17 132.45 132.65 132.79 132.87 132.89 132.85 132.76 132.62 132.44 132.20 131.93 131.62 131.24 130.75 130.17 129.51 128.78 127.98 127.13 126.21 125.23 124.20 123.11 121.97 120.78 119.55 118.26 116.94 115.58 114.17 112.74 111.26 109.76 108.23 106.67 105.09 103.49 101.86 100.22 98.57 96.90 95.22 93.54 91.84 90.15 88.45 86.76 85.07 83.38 81.70 80.03 78.38 76.74 75.12 73.52 71.94 70.38 68.85 67.35 65.88 64.44 63.04 61.68 60.36 59.08 57.85 56.66 55.50 54.35 53.26 52.27 51.38
128.76 129.30 129.76 130.15 130.47 130.73 130.92 131.04 131.11 131.13 131.09 131.00 130.87 130.69 130.47 130.22 129.92 129.59 129.22 128.76 128.23 127.63 126.96 126.22 125.42 124.55 123.62 122.63 121.59 120.49 119.34 118.14 116.89 115.60 114.27 112.89 111.48 110.03 108.55 107.04 105.50 103.94 102.35 100.73 99.10 97.45 95.79 94.11 92.43 90.73 89.03 87.33 85.63 83.92 82.23 80.53 78.85 77.17 75.51 73.87 72.24 70.63 69.05 67.48 65.95 64.44 62.97 61.53 60.12 58.76 57.43 56.15 54.95 53.88 52.91 52.04
125.86 126.48 127.02 127.50 127.90 128.24 128.52 128.74 128.90 129.00 129.06 129.06 129.02 128.94 128.82 128.64 128.38 128.11 127.92 127.67 127.35 126.95 126.47 125.92 125.29 124.59 123.83 123.00 122.11 121.16 120.14 119.08 117.95 116.78 115.56 114.29 112.97 111.62 110.22 108.79 107.32 105.81 104.28 102.72 101.13 99.52 97.88 96.23 94.56 92.87 91.18 89.47 87.76 86.04 84.31 82.59 80.87 79.15 77.43 75.73 74.04 72.36 70.69 69.04 67.42 65.81 64.23 62.68 61.15 59.66 58.20 56.79 55.51 54.42 53.47 52.62
122.02 122.78 123.47 124.09 124.63 125.12 125.54 125.90 126.21 126.46 126.66 126.81 126.92 126.99 127.00 126.89 126.64 126.37 126.23 126.17 126.06 125.87 125.59 125.23 124.79 124.27 123.68 123.02 122.28 121.48 120.62 119.69 118.70 117.65 116.54 115.39 114.18 112.92 111.61 110.26 108.87 107.44 105.97 104.46 102.93 101.36 99.76 98.14 96.49 94.82 93.14 91.43 89.71 87.98 86.24 84.49 82.74 80.98 79.23 77.47 75.72 73.97 72.24 70.51 68.80 67.10 65.42 63.76 62.13 60.52 58.95 57.43 56.03 54.86 53.90 53.07
117.36 118.32 119.20 120.02 120.76 121.45 122.07 122.63 123.14 123.60 124.00 124.36 124.68 124.93 125.04 124.95 124.70 124.43 124.30 124.30 124.37 124.39 124.32 124.16 123.91 123.58 123.17 122.68 122.11 121.47 120.76 119.97 119.12 118.21 117.23 116.19 115.09 113.94 112.73 111.48 110.17 108.81 107.42 105.98 104.50 102.98 101.43 99.84 98.22 96.58 94.91 93.22 91.50 89.77 88.02 86.25 84.48 82.69 80.89 79.10 77.29 75.49 73.69 71.89 70.10 68.32 66.55 64.79 63.05 61.35 59.69 58.07 56.55 55.27 54.24 53.40
111.98 113.19 114.33 115.40 116.40 117.34 118.22 119.05 119.81 120.53 121.20 121.82 122.37 122.75 122.89 122.81 122.57 122.30 122.17 122.18 122.32 122.52 122.66 122.71 122.66 122.53 122.30 121.99 121.60 121.13 120.57 119.94 119.24 118.46 117.62 116.71 115.73 114.69 113.59 112.43 111.21 109.94 108.62 107.26 105.84 104.38 102.88 101.34 99.76 98.15 96.51 94.83 93.13 91.40 89.64 87.87 86.08 84.27 82.44 80.61 78.76 76.91 75.05 73.19 71.33 69.47 67.62 65.77 63.95 62.17 60.42 58.70 57.08 55.69 54.55 53.65
106.00 107.52 108.96 110.35 111.66 112.91 114.11 115.24 116.33 117.36 118.35 119.26 119.96 120.39 120.56 120.50 120.27 120.00 119.87 119.88 120.03 120.30 120.63 120.89 121.05 121.12 121.09 120.96 120.75 120.45 120.07 119.60 119.05 118.42 117.71 116.93 116.08 115.16 114.18 113.12 112.01 110.83 109.60 108.31 106.97 105.58 104.13 102.65 101.11 99.54 97.93 96.27 94.59 92.87 91.12 89.35 87.54 85.72 83.87 82.01 80.13 78.23 76.32 74.41 72.48 70.55 68.63 66.71 64.83 62.98 61.14 59.32 57.60 56.11 54.88 53.88
99.51 101.39 103.21 104.96 106.64 108.26 109.83 111.34 112.79 114.20 115.53 116.62 117.38 117.85 118.06 118.02 117.79 117.52 117.40 117.42 117.57 117.85 118.25 118.69 119.07 119.35 119.52 119.59 119.57 119.45 119.24 118.94 118.55 118.08 117.52 116.88 116.16 115.37 114.50 113.57 112.56 111.48 110.34 109.14 107.88 106.56 105.18 103.75 102.28 100.75 99.17 97.55 95.89 94.20 92.46 90.69 88.88 87.05 85.19 83.30 81.39 79.46 77.51 75.55 73.57 71.58 69.60 67.64 65.70 63.78 61.86 59.95 58.12 56.53 55.21 54.12
92.62 94.93 97.17 99.34 101.45 103.50 105.49 107.43 109.32 111.11 112.65 113.82 114.64 115.16 115.39 115.38 115.16 114.89 114.76 114.79 114.95 115.24 115.65 116.17 116.74 117.23 117.61 117.89 118.06 118.13 118.10 117.97 117.75 117.44 117.04 116.55 115.97 115.32 114.58 113.76 112.87 111.90 110.86 109.75 108.58 107.34 106.04 104.67 103.25 101.78 100.25 98.67 97.05 95.37 93.66 91.90 90.10 88.27 86.40 84.50 82.57 80.61 78.62 76.62 74.59 72.56 70.55 68.56 66.56 64.57 62.58 60.57 58.64 56.96 55.54 54.37
85.44 88.23 90.95 93.61 96.20 98.73 101.21 103.63 105.96 108.00 109.63 110.87 111.75 112.31 112.58 112.58 112.37 112.10 111.98 112.01 112.18 112.48 112.91 113.44 114.08 114.76 115.36 115.84 116.22 116.49 116.65 116.70 116.66 116.52 116.28 115.94 115.52 115.00 114.40 113.71 112.94 112.08 111.15 110.15 109.07 107.92 106.69 105.41 104.06 102.64 101.17 99.64 98.05 96.41 94.72 92.98 91.20 89.37 87.50 85.59 83.65 81.67 79.66 77.62 75.57 73.53 71.49 69.46 67.42 65.36 63.29 61.20 59.17 57.40 55.89 54.63
78.08 81.41 84.67 87.86 90.99 94.06 97.08 100.00 102.60 104.74 106.45 107.77 108.71 109.32 109.62 109.64 109.43 109.17 109.05 109.08 109.26 109.58 110.02 110.57 111.23 111.99 112.77 113.47 114.06 114.53 114.89 115.14 115.28 115.31 115.24 115.07 114.80 114.43 113.97 113.42 112.77 112.04 111.23 110.33 109.35 108.30 107.16 105.96 104.68 103.33 101.92 100.45 98.91 97.31 95.65 93.94 92.18 90.36 88.50 86.59 84.64 82.65 80.62 78.57 76.53 74.48 72.42 70.35 68.26 66.15 64.00 61.82 59.70 57.84 56.24 54.91
70.65 74.57 78.42 82.21 85.94 89.61 93.17 96.38 99.10 101.35 103.14 104.53 105.53 106.18 106.52 106.56 106.36 106.10 105.98 106.02 106.21 106.54 106.99 107.56 108.24 109.02 109.89 110.78 111.58 112.26 112.83 113.27 113.60 113.82 113.92 113.92 113.82 113.61 113.30 112.89 112.38 111.78 111.09 110.31 109.44 108.48 107.45 106.33 105.13 103.86 102.52 101.10 99.62 98.07 96.46 94.78 93.04 91.25 89.40 87.50 85.55 83.56 81.54 79.51 77.47 75.41 73.34 71.23 69.10 66.93 64.71 62.45 60.24 58.28 56.61 55.19
63.25 67.82 72.32 76.76 81.14 85.41 89.30 92.65 95.48 97.82 99.70 101.16 102.22 102.92 103.29 103.36 103.16 102.90 102.79 102.84 103.03 103.37 103.84 104.43 105.13 105.93 106.82 107.80 108.79 109.69 110.46 111.11 111.64 112.05 112.34 112.52 112.58 112.54 112.38 112.12 111.76 111.30 110.74 110.08 109.32 108.48 107.55 106.53 105.42 104.23 102.97 101.62 100.20 98.70 97.14 95.50 93.80 92.04 90.21 88.33 86.39 84.41 82.43 80.42 78.39 76.33 74.24 72.11 69.93 67.70 65.42 63.07 60.78 58.74 56.98 55.50
55.99 61.27 66.48 71.62 76.65 81.27 85.32 88.79 91.73 94.17 96.14 97.67 98.79 99.54 99.94 100.03 99.84 99.58 99.48 99.53 99.74 100.09 100.57 101.17 101.89 102.72 103.64 104.64 105.72 106.81 107.80 108.67 109.40 110.01 110.49 110.85 111.09 111.22 111.23 111.13 110.92 110.60 110.17 109.65 109.02 108.29 107.47 106.55 105.54 104.45 103.26 101.99 100.64 99.21 97.70 96.11 94.46 92.73 90.93 89.07 87.17 85.24 83.29 81.31 79.30 77.24 75.13 72.97 70.76 68.48 66.13 63.71 61.32 59.20 57.37 55.81
48.98 55.02 60.99 66.84 72.25 77.04 81.22 84.82 87.87 90.41 92.47 94.07 95.25 96.04 96.48 96.59 96.41 96.15 96.05 96.11 96.33 96.69 97.19 97.81 98.55 99.40 100.35 101.38 102.49 103.67 104.85 105.93 106.88 107.69 108.38 108.93 109.36 109.66 109.85 109.91 109.86 109.69 109.41 109.02 108.52 107.92 107.22 106.41 105.51 104.51 103.41 102.23 100.95 99.59 98.14 96.62 95.01 93.32 91.56 89.76 87.92 86.05 84.14 82.19 80.19 78.13 76.01 73.83 71.58 69.25 66.84 64.34 61.88 59.68 57.77 56.15
42.32 49.18 55.90 62.16 67.76 72.70 77.02 80.74 83.91 86.55 88.69 90.36 91.60 92.45 92.91 93.05 92.88 92.62 92.53 92.59 92.82 93.20 93.71 94.35 95.11 95.98 96.96 98.02 99.16 100.37 101.65 102.92 104.09 105.11 106.00 106.76 107.38 107.87 108.23 108.47 108.58 108.57 108.45 108.20 107.84 107.37 106.79 106.10 105.31 104.42 103.42 102.33 101.14 99.85 98.48 97.01 95.46 93.83 92.14 90.41 88.65 86.83 84.97 83.05 81.06 79.01 76.89 74.69 72.40 70.02 67.55 64.99 62.44 60.17 58.19 56.50
36.12 43.78 50.95 57.41 63.17 68.26 72.72 76.57 79.84 82.58 84.81 86.56 87.86 88.75 89.25 89.41 89.25 89.00 88.91 88.98 89.22 89.61 90.14 90.80 91.58 92.48 93.47 94.56 95.74 96.99 98.30 99.67 101.03 102.27 103.38 104.34 105.16 105.84 106.39 106.81 107.09 107.25 107.28 107.19 106.98 106.65 106.20 105.64 104.97 104.18 103.29 102.30 101.20 100.00 98.70 97.31 95.83 94.28 92.68 91.04 89.35 87.59 85.78 83.89 81.93 79.88 77.75 75.53 73.22 70.80 68.27 65.64 63.01 60.67 58.62 56.87
30.42 38.55 45.93 52.56 58.49 63.73 68.32 72.30 75.69 78.53 80.84 82.67 84.03 84.97 85.51 85.68 85.53 85.29 85.20 85.28 85.53 85.93 86.48 87.16 87.96 88.88 89.91 91.03 92.23 93.52 94.87 96.28 97.73 99.17 100.50 101.67 102.70 103.59 104.33 104.93 105.40 105.73 105.93 106.00 105.94 105.76 105.45 105.02 104.47 103.81 103.03 102.14 101.14 100.03 98.82 97.51 96.13 94.69 93.20 91.64 90.02 88.33 86.56 84.71 82.78 80.74 78.61 76.38 74.04 71.58 69.00 66.29 63.60 61.18 59.07 57.25
24.89 33.25 40.82 47.63 53.72 59.12 63.85 67.95 71.46 74.39 76.80 78.69 80.12 81.11 81.68 81.88 81.74 81.50 81.42 81.51 81.77 82.18 82.75 83.44 84.27 85.21 86.27 87.42 88.66 89.98 91.36 92.81 94.31 95.85 97.37 98.77 100.01 101.10 102.05 102.85 103.50 104.01 104.39 104.62 104.73 104.69 104.53 104.25 103.83 103.29 102.64 101.86 100.97 99.96 98.85 97.65 96.39 95.07 93.68 92.22 90.68 89.05 87.34 85.53 83.61 81.60 79.47 77.22 74.85 72.36 69.73 66.96 64.19 61.71 59.54 57.66
19.32 27.88 35.64 42.63 48.88 54.43 59.30 63.53 67.15 70.19 72.68 74.65 76.14 77.17 77.78 78.01 77.88 77.64 77.56 77.67 77.94 78.37 78.94 79.66 80.51 81.48 82.56 83.74 85.01 86.37 87.79 89.28 90.83 92.41 94.03 95.62 97.09 98.40 99.55 100.55 101.40 102.10 102.66 103.07 103.34 103.47 103.46 103.32 103.05 102.65 102.12 101.46 100.68 99.79 98.80 97.74 96.62 95.42 94.14 92.77 91.31 89.75 88.09 86.32 84.44 82.44 80.32 78.06 75.67 73.14 70.46 67.63 64.80 62.25 60.02 58.09
13.68 22.44 30.39 37.56 43.98 49.68 54.69 59.05 62.78 65.92 68.50 70.54 72.09 73.18 73.82 74.07 73.95 73.72 73.65 73.76 74.04 74.49 75.08 75.82 76.69 77.69 78.79 80.01 81.31 82.70 84.17 85.70 87.29 88.92 90.59 92.28 93.95 95.48 96.85 98.06 99.11 100.01 100.75 101.34 101.79 102.09 102.24 102.26 102.13 101.87 101.48 100.95 100.29 99.54 98.71 97.80 96.82 95.74 94.57 93.29 91.92 90.43 88.83 87.11 85.26 83.28 81.16 78.90 76.49 73.93 71.20 68.32 65.42 62.81 60.52 58.54
7.97 16.94 25.09 32.44 39.02 44.87 50.02 54.51 58.35 61.59 64.26 66.38 67.99 69.13 69.81 70.08 69.97 69.74 69.68 69.80 70.10 70.56 71.17 71.93 72.82 73.84 74.98 76.22 77.56 78.99 80.49 82.07 83.70 85.38 87.10 88.84 90.61 92.34 93.93 95.36 96.62 97.72 98.66 99.45 100.07 100.55 100.87 101.05 101.08 100.97 100.72 100.33 99.83 99.25 98.59 97.83 96.98 96.03 94.97 93.80 92.51 91.10 89.56 87.88 86.07 84.11 82.00 79.74 77.31 74.72 71.96 69.02 66.06 63.39 61.05 59.02
2.22 11.40 19.73 27.26 34.01 40.02 45.31 49.92 53.88 57.22 59.97 62.17 63.85 65.03 65.75 66.05 65.95 65.73 65.67 65.80 66.11 66.59 67.22 68.00 68.91 69.96 71.12 72.40 73.77 75.23 76.78 78.39 80.07 81.80 83.56 85.37 87.19 89.03 90.82 92.47 93.95 95.26 96.40 97.38 98.20 98.86 99.36 99.71 99.90 99.94 99.84 99.63 99.32 98.92 98.42 97.82 97.11 96.29 95.35 94.28 93.08 91.75 90.27 88.65 86.87 84.94 82.84 80.58 78.14 75.52 72.72 69.73 66.71 63.98 61.59 59.52
0.00 5.81 14.34 22.04 28.96 35.12 40.55 45.29 49.37 52.81 55.65 57.93 59.67 60.90 61.66 61.97 61.89 61.67 61.63 61.77 62.09 62.58 63.23 64.03 64.97 66.04 67.24 68.54 69.95 71.45 73.03 74.69 76.41 78.18 80.00 81.86 83.74 85.63 87.53 89.39 91.09 92.62 93.97 95.16 96.17 97.02 97.71 98.23 98.59 98.80 98.89 98.88 98.77 98.55 98.23 97.78 97.22 96.53 95.70 94.74 93.63 92.38 90.97 89.40 87.67 85.76 83.68 81.42 78.97 76.33 73.49 70.45 67.37 64.60 62.16 60.04
0.00 0.19 8.91 16.79 23.88 30.19 35.76 40.63 44.82 48.37 51.30 53.65 55.45 56.74 57.53 57.88 57.80 57.59 57.55 57.71 58.04 58.55 59.21 60.04 61.00 62.10 63.32 64.66 66.10 67.64 69.26 70.96 72.73 74.55 76.42 78.33 80.26 82.22 84.18 86.14 88.05 89.80 91.38 92.77 93.99 95.04 95.92 96.62 97.17 97.58 97.89 98.09 98.18 98.15 97.99 97.71 97.29 96.74 96.03 95.18 94.17 93.00 91.66 90.15 88.46 86.58 84.52 82.26 79.81 77.15 74.27 71.19 68.06 65.23 62.74 60.59
0.00 0.00 3.45 11.52 18.77 25.24 30.95 35.95 40.25 43.90 46.92 49.35 51.22 52.55 53.39 53.76 53.70 53.49 53.46 53.62 53.97 54.49 55.18 56.02 57.01 58.14 59.39 60.76 62.24 63.81 65.48 67.22 69.03 70.90 72.82 74.79 76.78 78.79 80.82 82.84 84.86 86.82 88.62 90.23 91.66 92.92 93.99 94.90 95.66 96.31 96.84 97.26 97.55 97.71 97.73 97.61 97.34 96.92 96.34 95.60 94.69 93.60 92.34 90.88 89.24 87.40 85.36 83.11 80.65 77.97 75.07 71.94 68.76 65.88 63.36 61.16
0.00 0.00 0.00 6.23 13.65 20.27 26.13 31.25 35.67 39.42 42.54 45.04 46.97 48.36 49.23 49.62 49.58 49.38 49.36 49.53 49.89 50.43 51.14 52.00 53.02 54.17 55.45 56.86 58.37 59.98 61.69 63.47 65.33 67.25 69.22 71.24 73.29 75.36 77.45 79.54 81.63 83.70 85.70 87.54 89.19 90.66 91.94 93.08 94.09 94.99 95.75 96.39 96.88 97.23 97.43 97.48 97.36 97.08 96.63 96.00 95.19 94.19 93.00 91.61 90.02 88.22 86.20 83.97 81.50 78.81 75.88 72.71 69.48 66.56 64.00 61.77
0.00 0.00 0.00 0.93 8.52 15.30 21.29 26.55 31.09 34.94 38.14 40.73 42.72 44.16 45.07 45.49 45.46 45.26 45.25 45.44 45.81 46.37 47.10 47.98 49.02 50.20 51.52 52.95 54.50 56.15 57.90 59.73 61.63 63.60 65.62 67.69 69.80 71.93 74.08 76.24 78.39 80.54 82.66 84.70 86.58 88.27 89.80 91.21 92.48 93.62 94.62 95.47 96.17 96.72 97.10 97.32 97.36 97.22 96.90 96.39 95.68 94.78 93.66 92.34 90.80 89.04 87.05 84.83 82.36 79.66 76.70 73.50 70.22 67.26 64.66 62.40
