data_processed/recharge/precip/Precip_2008_03.asc
ncols        168
nrows        136
xllcorner    455000
yllcorner    2107000
cellsize     500
NODATA_value     -99999
[rows 0 to 37 of 136, columns 84 to 167 of 168]
1.90 1.92 1.94 1.96 1.97 1.98 1.99 2.00 2.00 2.00 2.00 2.00 1.99 1.99 1.98 1.97 1.96 1.95 1.94 1.92 1.91 1.89 1.88 1.86 1.84 1.83 1.81 1.79 1.77 1.75 1.74 1.73 1.72 1.72 1.72 1.73 1.73 1.73 1.71 1.66 1.59 1.50 1.38 1.24 1.07 0.89 0.70 0.51 0.31 0.11 0.00 0.00 0.00 0.00 0.00 0.00 0.00 0.00 0.00 0.00 0.00 0.00 0.00 0.00 0.00 0.00 0.00 0.00 0.00 0.00 0.00 0.00 0.00 0.00 0.00 0.00 0.00 0.00 0.00 0.00 0.00 0.00 0.00 0.00
1.84 1.87 1.89 1.90 1.92 1.93 1.94 1.95 1.96 1.96 1.96 1.96 1.96 1.96 1.95 1.95 1.94 1.93 1.92 1.91 1.89 1.88 1.87 1.85 1.84 1.82 1.80 1.79 1.77 1.76 1.75 1.75 1.75 1.75 1.76 1.77 1.78 1.78 1.76 1.72 1.66 1.58 1.47 1.34 1.19 1.00 0.81 0.61 0.41 0.20 0.00 0.00 0.00 0.00 0.00 0.00 0.00 0.00 0.00 0.00 0.00 0.00 0.00 0.00 0.00 0.00 0.00 0.00 0.00 0.00 0.00 0.00 0.00 0.00 0.00 0.00 0.00 0.00 0.00 0.00 0.00 0.00 0.00 0.00
1.79 1.81 1.84 1.86 1.87 1.89 1.90 1.91 1.92 1.93 1.93 1.93 1.93 1.93 1.93 1.93 1.92 1.91 1.90 1.89 1.88 1.87 1.86 1.85 1.83 1.82 1.81 1.79 1.78 1.78 1.78 1.78 1.79 1.80 1.81 1.82 1.83 1.84 1.82 1.79 1.74 1.67 1.57 1.45 1.31 1.14 0.95 0.75 0.54 0.33 0.12 0.00 0.00 0.00 0.00 0.00 0.00 0.00 0.00 0.00 0.00 0.00 0.00 0.00 0.00 0.00 0.00 0.00 0.00 0.00 0.00 0.00 0.00 0.00 0.00 0.00 0.00 0.00 0.00 0.00 0.00 0.00 0.00 0.00
1.73 1.76 1.79 1.81 1.83 1.85 1.86 1.88 1.89 1.90 1.90 1.91 1.91 1.91 1.91 1.91 1.91 1.90 1.89 1.89 1.88 1.87 1.86 1.85 1.84 1.83 1.82 1.81 1.81 1.81 1.82 1.82 1.84 1.85 1.86 1.88 1.89 1.90 1.89 1.87 1.82 1.76 1.68 1.57 1.44 1.29 1.11 0.91 0.70 0.48 0.27 0.05 0.00 0.00 0.00 0.00 0.00 0.00 0.00 0.00 0.00 0.00 0.00 0.00 0.00 0.00 0.00 0.00 0.00 0.00 0.00 0.00 0.00 0.00 0.00 0.00 0.00 0.00 0.00 0.00 0.00 0.00 0.00 0.00
1.68 1.72 1.74 1.77 1.79 1.81 1.83 1.85 1.86 1.87 1.88 1.89 1.89 1.89 1.90 1.90 1.90 1.89 1.89 1.89 1.88 1.87 1.87 1.86 1.85 1.84 1.84 1.84 1.85 1.85 1.86 1.88 1.89 1.91 1.93 1.95 1.97 1.98 1.97 1.96 1.92 1.86 1.79 1.69 1.58 1.44 1.28 1.09 0.89 0.67 0.45 0.23 0.01 0.00 0.00 0.00 0.00 0.00 0.00 0.00 0.00 0.00 0.00 0.00 0.00 0.00 0.00 0.00 0.00 0.00 0.00 0.00 0.00 0.00 0.00 0.00 0.00 0.00 0.00 0.00 0.00 0.00 0.00 0.00
1.64 1.67 1.70 1.73 1.75 1.78 1.80 1.82 1.83 1.85 1.86 1.87 1.88 1.88 1.89 1.89 1.89 1.89 1.89 1.89 1.89 1.88 1.88 1.87 1.87 1.87 1.87 1.88 1.89 1.91 1.92 1.94 1.96 1.98 2.00 2.03 2.05 2.06 2.06 2.05 2.02 1.97 1.91 1.82 1.72 1.60 1.45 1.29 1.10 0.88 0.66 0.44 0.22 0.00 0.00 0.00 0.00 0.00 0.00 0.00 0.00 0.00 0.00 0.00 0.00 0.00 0.00 0.00 0.00 0.00 0.00 0.00 0.00 0.00 0.00 0.00 0.00 0.00 0.00 0.00 0.00 0.00 0.00 0.00
1.59 1.63 1.66 1.69 1.72 1.75 1.77 1.79 1.81 1.83 1.84 1.85 1.87 1.87 1.88 1.89 1.89 1.90 1.90 1.90 1.90 1.90 1.90 1.90 1.90 1.91 1.92 1.93 1.95 1.97 1.99 2.01 2.04 2.06 2.09 2.11 2.14 2.15 2.16 2.15 2.13 2.09 2.03 1.96 1.87 1.76 1.63 1.48 1.31 1.12 0.90 0.68 0.45 0.23 0.01 0.00 0.00 0.00 0.00 0.00 0.00 0.00 0.00 0.00 0.00 0.00 0.00 0.00 0.00 0.00 0.00 0.00 0.00 0.00 0.00 0.00 0.00 0.00 0.00 0.00 0.00 0.00 0.00 0.00
1.55 1.59 1.62 1.66 1.69 1.72 1.74 1.77 1.79 1.81 1.83 1.84 1.86 1.87 1.88 1.89 1.90 1.90 1.91 1.91 1.92 1.92 1.92 1.93 1.94 1.95 1.97 1.99 2.02 2.04 2.07 2.10 2.12 2.15 2.18 2.21 2.23 2.25 2.26 2.26 2.24 2.21 2.17 2.10 2.03 1.93 1.82 1.68 1.53 1.36 1.16 0.94 0.72 0.50 0.28 0.06 0.00 0.00 0.00 0.00 0.00 0.00 0.00 0.00 0.00 0.00 0.00 0.00 0.00 0.00 0.00 0.00 0.00 0.00 0.00 0.00 0.00 0.00 0.00 0.00 0.00 0.00 0.00 0.00
1.51 1.55 1.59 1.63 1.66 1.69 1.72 1.75 1.77 1.80 1.82 1.84 1.85 1.87 1.88 1.90 1.91 1.92 1.92 1.93 1.94 1.94 1.96 1.97 1.99 2.01 2.03 2.06 2.09 2.12 2.15 2.19 2.22 2.25 2.28 2.31 2.34 2.36 2.37 2.37 2.36 2.34 2.30 2.25 2.19 2.11 2.01 1.89 1.75 1.60 1.42 1.23 1.01 0.79 0.57 0.35 0.14 0.00 0.00 0.00 0.00 0.00 0.00 0.00 0.00 0.00 0.00 0.00 0.00 0.00 0.00 0.00 0.00 0.00 0.00 0.00 0.00 0.00 0.00 0.00 0.00 0.00 0.00 0.00
1.47 1.51 1.56 1.60 1.63 1.67 1.70 1.73 1.76 1.79 1.81 1.83 1.85 1.87 1.89 1.91 1.92 1.93 1.94 1.95 1.97 1.98 2.00 2.02 2.05 2.08 2.11 2.14 2.18 2.21 2.25 2.28 2.32 2.35 2.39 2.42 2.45 2.47 2.49 2.49 2.49 2.47 2.45 2.41 2.35 2.28 2.20 2.10 1.98 1.85 1.69 1.52 1.32 1.11 0.89 0.67 0.46 0.25 0.05 0.00 0.00 0.00 0.00 0.00 0.00 0.00 0.00 0.00 0.00 0.00 0.00 0.00 0.00 0.00 0.00 0.00 0.00 0.00 0.00 0.00 0.00 0.00 0.00 0.00
1.43 1.48 1.52 1.57 1.61 1.65 1.68 1.72 1.75 1.78 1.81 1.83 1.86 1.88 1.90 1.92 1.94 1.95 1.97 1.98 2.00 2.03 2.05 2.08 2.12 2.15 2.19 2.23 2.27 2.31 2.35 2.39 2.43 2.46 2.50 2.53 2.56 2.59 2.61 2.62 2.62 2.61 2.59 2.56 2.52 2.47 2.40 2.31 2.21 2.10 1.96 1.81 1.64 1.45 1.23 1.02 0.81 0.60 0.41 0.22 0.03 0.00 0.00 0.00 0.00 0.00 0.00 0.00 0.00 0.00 0.00 0.00 0.00 0.00 0.00 0.00 0.00 0.00 0.00 0.00 0.00 0.00 0.00 0.00
1.39 1.44 1.49 1.54 1.59 1.63 1.67 1.71 1.74 1.78 1.81 1.84 1.86 1.89 1.91 1.94 1.96 1.98 2.00 2.02 2.05 2.08 2.12 2.15 2.19 2.23 2.28 2.32 2.37 2.41 2.46 2.50 2.54 2.58 2.62 2.65 2.68 2.71 2.73 2.75 2.75 2.75 2.74 2.72 2.69 2.65 2.60 2.53 2.45 2.35 2.23 2.10 1.95 1.79 1.60 1.39 1.18 0.98 0.78 0.60 0.42 0.25 0.09 0.00 0.00 0.00 0.00 0.00 0.00 0.00 0.00 0.00 0.00 0.00 0.00 0.00 0.00 0.00 0.00 0.00 0.00 0.00 0.00 0.00
1.36 1.41 1.47 1.52 1.56 1.61 1.65 1.70 1.74 1.77 1.81 1.84 1.87 1.90 1.93 1.96 1.98 2.01 2.03 2.07 2.10 2.14 2.19 2.23 2.28 2.33 2.38 2.42 2.47 2.52 2.57 2.62 2.66 2.70 2.74 2.78 2.81 2.84 2.86 2.88 2.89 2.90 2.90 2.89 2.87 2.84 2.80 2.75 2.68 2.60 2.51 2.40 2.27 2.13 1.97 1.79 1.59 1.39 1.19 1.01 0.83 0.66 0.51 0.37 0.23 0.11 0.01 0.00 0.00 0.00 0.00 0.00 0.00 0.00 0.00 0.00 0.00 0.00 0.00 0.00 0.00 0.00 0.00 0.00
1.34 1.39 1.44 1.49 1.55 1.60 1.64 1.69 1.73 1.77 1.81 1.85 1.88 1.92 1.95 1.98 2.01 2.04 2.08 2.12 2.17 2.22 2.27 2.32 2.37 2.42 2.48 2.53 2.59 2.64 2.69 2.74 2.79 2.83 2.87 2.91 2.94 2.97 3.00 3.02 3.04 3.05 3.06 3.06 3.05 3.03 3.00 2.97 2.92 2.85 2.78 2.69 2.59 2.47 2.33 2.18 2.01 1.82 1.63 1.45 1.27 1.11 0.96 0.82 0.69 0.58 0.48 0.39 0.32 0.26 0.20 0.15 0.08 0.02 0.00 0.00 0.00 0.00 0.00 0.00 0.00 0.00 0.00 0.00
1.31 1.37 1.42 1.47 1.53 1.58 1.63 1.68 1.73 1.77 1.82 1.86 1.90 1.93 1.97 2.01 2.05 2.09 2.14 2.19 2.24 2.30 2.35 2.41 2.47 2.53 2.59 2.65 2.71 2.76 2.82 2.87 2.92 2.97 3.01 3.04 3.08 3.11 3.14 3.16 3.18 3.20 3.22 3.23 3.23 3.22 3.21 3.19 3.15 3.11 3.05 2.99 2.91 2.81 2.70 2.57 2.43 2.27 2.09 1.91 1.74 1.58 1.43 1.30 1.18 1.07 0.97 0.89 0.82 0.76 0.69 0.61 0.54 0.47 0.39 0.31 0.24 0.16 0.09 0.02 0.00 0.00 0.00 0.00
1.29 1.35 1.40 1.46 1.51 1.57 1.62 1.68 1.73 1.78 1.83 1.87 1.91 1.96 2.00 2.04 2.09 2.14 2.20 2.26 2.32 2.38 2.45 2.51 2.58 2.64 2.71 2.77 2.83 2.89 2.95 3.00 3.06 3.10 3.15 3.18 3.22 3.25 3.28 3.30 3.33 3.36 3.38 3.40 3.41 3.42 3.41 3.41 3.39 3.36 3.33 3.28 3.22 3.15 3.07 2.96 2.85 2.72 2.57 2.40 2.24 2.08 1.94 1.81 1.69 1.59 1.50 1.42 1.34 1.26 1.18 1.09 1.01 0.92 0.83 0.74 0.66 0.57 0.48 0.40 0.32 0.24 0.16 0.09
1.28 1.33 1.39 1.45 1.50 1.56 1.62 1.67 1.73 1.78 1.83 1.88 1.93 1.98 2.03 2.09 2.14 2.21 2.27 2.34 2.41 2.48 2.55 2.62 2.69 2.76 2.83 2.90 2.96 3.03 3.09 3.14 3.19 3.24 3.29 3.33 3.36 3.39 3.42 3.45 3.48 3.51 3.54 3.57 3.59 3.61 3.62 3.63 3.63 3.62 3.60 3.58 3.54 3.49 3.43 3.35 3.27 3.16 3.04 2.91 2.76 2.61 2.47 2.34 2.23 2.13 2.05 1.96 1.87 1.78 1.68 1.58 1.48 1.39 1.29 1.19 1.09 0.99 0.89 0.79 0.70 0.61 0.52 0.43
1.26 1.32 1.38 1.44 1.49 1.55 1.61 1.67 1.73 1.79 1.85 1.90 1.95 2.01 2.07 2.14 2.21 2.28 2.35 2.42 2.50 2.58 2.65 2.73 2.81 2.88 2.96 3.03 3.10 3.16 3.23 3.28 3.34 3.39 3.43 3.47 3.50 3.53 3.56 3.60 3.63 3.67 3.71 3.74 3.77 3.80 3.83 3.85 3.86 3.87 3.88 3.87 3.85 3.83 3.79 3.74 3.68 3.61 3.52 3.42 3.30 3.16 3.03 2.91 2.80 2.70 2.61 2.51 2.40 2.30 2.19 2.08 1.97 1.86 1.75 1.63 1.52 1.41 1.30 1.20 1.09 0.99 0.89 0.79
1.25 1.31 1.37 1.43 1.49 1.55 1.61 1.67 1.74 1.80 1.86 1.92 1.98 2.05 2.12 2.20 2.27 2.35 2.43 2.52 2.60 2.68 2.77 2.85 2.93 3.01 3.09 3.16 3.24 3.30 3.37 3.43 3.48 3.53 3.58 3.62 3.65 3.68 3.71 3.75 3.79 3.83 3.87 3.91 3.96 4.00 4.03 4.07 4.10 4.13 4.15 4.16 4.16 4.16 4.15 4.13 4.09 4.05 3.99 3.92 3.83 3.73 3.61 3.50 3.39 3.29 3.18 3.06 2.95 2.83 2.71 2.59 2.46 2.34 2.22 2.09 1.97 1.85 1.72 1.61 1.49 1.38 1.27 1.16
1.25 1.31 1.37 1.43 1.49 1.55 1.62 1.68 1.74 1.81 1.87 1.94 2.02 2.10 2.18 2.26 2.35 2.44 2.53 2.61 2.70 2.79 2.88 2.97 3.06 3.14 3.22 3.30 3.38 3.45 3.52 3.58 3.63 3.68 3.73 3.77 3.80 3.82 3.86 3.90 3.94 3.99 4.04 4.09 4.14 4.19 4.24 4.29 4.33 4.38 4.41 4.45 4.47 4.49 4.50 4.51 4.50 4.48 4.45 4.41 4.36 4.29 4.21 4.11 3.99 3.88 3.75 3.63 3.50 3.37 3.23 3.10 2.96 2.83 2.69 2.56 2.42 2.29 2.15 2.02 1.90 1.77 1.65 1.53
1.24 1.30 1.36 1.43 1.49 1.56 1.62 1.69 1.75 1.82 1.90 1.98 2.06 2.15 2.24 2.33 2.43 2.53 2.62 2.72 2.81 2.91 3.01 3.10 3.19 3.28 3.36 3.44 3.52 3.60 3.66 3.73 3.78 3.83 3.88 3.92 3.94 3.97 4.01 4.05 4.09 4.14 4.20 4.26 4.32 4.38 4.44 4.51 4.57 4.62 4.68 4.73 4.78 4.82 4.86 4.88 4.90 4.92 4.92 4.91 4.88 4.85 4.80 4.72 4.60 4.47 4.34 4.20 4.06 3.91 3.77 3.62 3.47 3.32 3.18 3.03 2.88 2.73 2.59 2.45 2.31 2.17 2.04 1.91
1.24 1.30 1.37 1.43 1.50 1.56 1.63 1.70 1.77 1.85 1.93 2.02 2.11 2.21 2.31 2.41 2.52 2.62 2.72 2.83 2.93 3.03 3.13 3.23 3.32 3.42 3.50 3.59 3.67 3.74 3.81 3.88 3.94 3.99 4.03 4.07 4.09 4.12 4.15 4.20 4.25 4.30 4.36 4.43 4.50 4.57 4.64 4.72 4.80 4.87 4.94 5.01 5.08 5.15 5.20 5.26 5.30 5.34 5.37 5.39 5.40 5.40 5.36 5.30 5.20 5.07 4.92 4.77 4.62 4.46 4.30 4.14 3.98 3.82 3.66 3.50 3.35 3.19 3.03 2.88 2.73 2.58 2.44 2.30
1.24 1.30 1.37 1.43 1.50 1.57 1.64 1.71 1.79 1.88 1.97 2.07 2.17 2.28 2.39 2.50 2.61 2.72 2.83 2.94 3.05 3.16 3.26 3.36 3.46 3.56 3.65 3.74 3.82 3.90 3.97 4.03 4.09 4.14 4.18 4.22 4.24 4.27 4.30 4.34 4.40 4.46 4.52 4.60 4.67 4.76 4.84 4.93 5.02 5.11 5.20 5.29 5.38 5.47 5.55 5.62 5.70 5.76 5.82 5.87 5.91 5.92 5.91 5.86 5.78 5.66 5.51 5.35 5.18 5.01 4.84 4.67 4.50 4.33 4.16 3.99 3.82 3.65 3.48 3.32 3.16 3.00 2.84 2.69
1.24 1.31 1.38 1.44 1.51 1.58 1.66 1.74 1.82 1.92 2.02 2.12 2.23 2.35 2.47 2.58 2.70 2.82 2.94 3.06 3.17 3.28 3.39 3.50 3.60 3.70 3.80 3.89 3.97 4.05 4.12 4.19 4.24 4.29 4.33 4.37 4.39 4.41 4.45 4.49 4.55 4.61 4.68 4.76 4.85 4.94 5.04 5.14 5.24 5.35 5.46 5.57 5.67 5.78 5.89 5.99 6.08 6.18 6.27 6.34 6.40 6.42 6.42 6.39 6.32 6.22 6.09 5.93 5.75 5.57 5.39 5.21 5.02 4.84 4.65 4.47 4.29 4.11 3.93 3.76 3.58 3.42 3.25 3.09
1.25 1.32 1.38 1.45 1.52 1.60 1.68 1.77 1.87 1.97 2.08 2.19 2.31 2.43 2.55 2.68 2.80 2.93 3.05 3.17 3.30 3.41 3.53 3.64 3.74 3.85 3.94 4.04 4.12 4.20 4.27 4.34 4.40 4.45 4.49 4.52 4.54 4.56 4.59 4.64 4.69 4.76 4.84 4.93 5.02 5.12 5.23 5.34 5.46 5.58 5.71 5.83 5.96 6.09 6.22 6.34 6.47 6.59 6.70 6.79 6.86 6.89 6.90 6.89 6.84 6.76 6.65 6.50 6.32 6.13 5.94 5.74 5.54 5.35 5.15 4.96 4.77 4.57 4.39 4.20 4.02 3.84 3.66 3.49
1.26 1.33 1.40 1.47 1.54 1.62 1.71 1.81 1.92 2.03 2.14 2.26 2.38 2.51 2.64 2.77 2.91 3.04 3.17 3.30 3.42 3.55 3.66 3.78 3.89 3.99 4.09 4.19 4.27 4.35 4.43 4.49 4.55 4.60 4.64 4.66 4.68 4.70 4.73 4.78 4.84 4.91 4.99 5.09 5.19 5.30 5.42 5.54 5.68 5.81 5.95 6.10 6.24 6.39 6.54 6.69 6.84 6.98 7.11 7.21 7.29 7.34 7.36 7.36 7.32 7.26 7.17 7.04 6.88 6.69 6.49 6.28 6.07 5.86 5.66 5.45 5.24 5.04 4.84 4.64 4.45 4.26 4.07 3.89
1.27 1.34 1.41 1.48 1.57 1.66 1.76 1.86 1.97 2.09 2.21 2.34 2.47 2.60 2.74 2.88 3.01 3.15 3.29 3.42 3.55 3.68 3.80 3.92 4.03 4.14 4.24 4.34 4.43 4.51 4.58 4.65 4.70 4.75 4.78 4.81 4.83 4.84 4.87 4.92 4.98 5.06 5.14 5.24 5.35 5.47 5.60 5.74 5.88 6.03 6.19 6.35 6.52 6.69 6.86 7.04 7.20 7.36 7.49 7.60 7.69 7.75 7.79 7.80 7.78 7.73 7.66 7.55 7.41 7.24 7.04 6.82 6.60 6.38 6.16 5.94 5.72 5.51 5.30 5.09 4.89 4.69 4.49 4.30
1.28 1.35 1.43 1.51 1.60 1.70 1.81 1.92 2.04 2.16 2.29 2.42 2.56 2.70 2.84 2.98 3.12 3.27 3.41 3.55 3.68 3.81 3.94 4.06 4.18 4.29 4.39 4.49 4.58 4.66 4.73 4.80 4.85 4.90 4.93 4.95 4.97 4.98 5.01 5.06 5.12 5.20 5.29 5.39 5.51 5.64 5.78 5.93 6.09 6.25 6.43 6.61 6.79 6.98 7.17 7.37 7.54 7.70 7.84 7.96 8.06 8.13 8.18 8.21 8.21 8.18 8.12 8.03 7.91 7.76 7.57 7.35 7.12 6.89 6.66 6.43 6.21 5.98 5.76 5.54 5.32 5.11 4.90 4.70
1.30 1.37 1.45 1.54 1.64 1.75 1.86 1.98 2.11 2.24 2.38 2.52 2.66 2.80 2.95 3.09 3.24 3.39 3.53 3.68 3.82 3.95 4.08 4.21 4.32 4.44 4.54 4.64 4.73 4.81 4.88 4.95 5.00 5.04 5.07 5.10 5.11 5.12 5.14 5.19 5.25 5.33 5.43 5.54 5.66 5.80 5.95 6.11 6.28 6.46 6.65 6.85 7.05 7.26 7.47 7.67 7.86 8.02 8.17 8.30 8.40 8.49 8.55 8.59 8.60 8.58 8.54 8.47 8.37 8.24 8.07 7.88 7.65 7.41 7.16 6.92 6.69 6.45 6.22 5.99 5.76 5.54 5.32 5.11
1.32 1.40 1.49 1.59 1.69 1.81 1.93 2.06 2.19 2.33 2.47 2.61 2.76 2.91 3.06 3.21 3.36 3.51 3.66 3.80 3.95 4.09 4.22 4.35 4.47 4.58 4.69 4.79 4.88 4.96 5.03 5.09 5.14 5.19 5.21 5.23 5.24 5.25 5.27 5.32 5.38 5.46 5.56 5.68 5.81 5.96 6.12 6.29 6.47 6.67 6.87 7.08 7.31 7.53 7.75 7.95 8.14 8.31 8.46 8.60 8.71 8.81 8.88 8.93 8.96 8.96 8.93 8.88 8.79 8.68 8.54 8.36 8.16 7.92 7.67 7.41 7.16 6.92 6.67 6.43 6.19 5.96 5.73 5.51
1.35 1.43 1.53 1.64 1.75 1.87 2.00 2.14 2.27 2.42 2.56 2.71 2.86 3.02 3.17 3.33 3.48 3.63 3.79 3.94 4.08 4.22 4.36 4.49 4.61 4.73 4.84 4.93 5.02 5.11 5.18 5.24 5.29 5.33 5.35 5.37 5.37 5.37 5.40 5.44 5.51 5.59 5.69 5.82 5.95 6.11 6.27 6.46 6.65 6.86 7.08 7.31 7.55 7.78 8.00 8.20 8.39 8.57 8.73 8.87 8.99 9.10 9.18 9.24 9.28 9.30 9.29 9.25 9.18 9.09 8.97 8.82 8.63 8.41 8.16 7.90 7.64 7.38 7.13 6.88 6.63 6.39 6.15 5.91
1.38 1.48 1.58 1.70 1.82 1.95 2.08 2.22 2.37 2.51 2.66 2.82 2.98 3.13 3.29 3.45 3.61 3.76 3.92 4.07 4.22 4.36 4.50 4.63 4.75 4.87 4.98 5.08 5.17 5.25 5.32 5.38 5.43 5.46 5.48 5.50 5.49 5.49 5.52 5.56 5.62 5.71 5.82 5.94 6.09 6.25 6.43 6.62 6.83 7.05 7.29 7.53 7.77 8.00 8.21 8.42 8.61 8.80 8.96 9.11 9.24 9.35 9.45 9.52 9.57 9.60 9.60 9.58 9.54 9.46 9.36 9.23 9.07 8.87 8.64 8.39 8.12 7.85 7.58 7.32 7.06 6.81 6.56 6.31
1.43 1.53 1.64 1.76 1.89 2.03 2.17 2.31 2.46 2.61 2.77 2.93 3.09 3.25 3.41 3.57 3.73 3.89 4.05 4.20 4.35 4.49 4.63 4.77 4.89 5.01 5.12 5.22 5.31 5.39 5.46 5.51 5.56 5.59 5.61 5.62 5.61 5.61 5.63 5.67 5.74 5.83 5.93 6.07 6.21 6.38 6.57 6.77 6.99 7.23 7.47 7.72 7.95 8.18 8.40 8.61 8.81 8.99 9.16 9.32 9.45 9.58 9.68 9.76 9.83 9.87 9.89 9.88 9.85 9.80 9.71 9.60 9.46 9.29 9.09 8.85 8.58 8.31 8.03 7.76 7.49 7.22 6.96 6.71
1.48 1.59 1.71 1.84 1.97 2.11 2.26 2.41 2.56 2.72 2.88 3.04 3.21 3.37 3.54 3.70 3.86 4.02 4.18 4.34 4.49 4.63 4.77 4.90 5.03 5.15 5.26 5.36 5.45 5.53 5.59 5.65 5.69 5.72 5.74 5.74 5.73 5.72 5.74 5.78 5.84 5.93 6.04 6.18 6.33 6.51 6.71 6.92 7.15 7.40 7.64 7.88 8.11 8.34 8.56 8.77 8.97 9.15 9.33 9.49 9.63 9.76 9.88 9.97 10.05 10.10 10.13 10.14 10.13 10.09 10.03 9.94 9.82 9.67 9.49 9.28 9.03 8.76 8.47 8.19 7.91 7.64 7.37 7.10
1.54 1.66 1.78 1.92 2.06 2.20 2.35 2.51 2.67 2.83 2.99 3.16 3.33 3.50 3.66 3.83 3.99 4.16 4.31 4.47 4.62 4.77 4.91 5.04 5.17 5.28 5.39 5.49 5.58 5.66 5.72 5.77 5.81 5.84 5.85 5.85 5.84 5.82 5.84 5.87 5.94 6.03 6.15 6.28 6.45 6.63 6.83 7.06 7.29 7.54 7.77 8.01 8.24 8.46 8.68 8.89 9.09 9.28 9.46 9.63 9.78 9.92 10.04 10.14 10.23 10.29 10.34 10.37 10.37 10.35 10.30 10.23 10.13 10.00 9.85 9.66 9.44 9.19 8.91 8.62 8.33 8.04 7.76 7.49
1.61 1.73 1.86 2.00 2.15 2.30 2.46 2.61 2.78 2.94 3.11 3.28 3.45 3.62 3.79 3.96 4.12 4.29 4.45 4.60 4.76 4.90 5.04 5.17 5.30 5.42 5.52 5.62 5.71 5.78 5.85 5.90 5.93 5.96 5.96 5.96 5.94 5.92 5.93 5.97 6.03 6.12 6.24 6.38 6.55 6.74 6.95 7.18 7.41 7.65 7.88 8.11 8.34 8.56 8.77 8.98 9.18 9.38 9.56 9.73 9.89 10.03 10.16 10.27 10.37 10.45 10.51 10.55 10.57 10.56 10.53 10.48 10.40 10.30 10.16 10.00 9.81 9.58 9.32 9.04 8.74 8.44 8.15 7.87
1.68 1.81 1.95 2.09 2.24 2.40 2.56 2.72 2.89 3.06 3.23 3.40 3.58 3.75 3.92 4.09 4.26 4.42 4.58 4.74 4.89 5.03 5.17 5.30 5.43 5.54 5.65 5.75 5.83 5.91 5.97 6.01 6.05 6.06 6.07 6.06 6.03 6.01 6.01 6.05 6.11 6.21 6.32 6.47 6.64 6.84 7.05 7.28 7.50 7.73 7.95 8.18 8.40 8.62 8.83 9.04 9.24 9.44 9.62 9.80 9.96 10.11 10.25 10.37 10.48 10.57 10.64 10.69 10.72 10.74 10.72 10.69 10.63 10.55 10.43 10.30 10.13 9.93 9.70 9.43 9.14 8.84 8.54 8.25
1.76 1.90 2.04 2.19 2.35 2.51 2.67 2.84 3.01 3.18 3.35 3.53 3.70 3.88 4.05 4.22 4.39 4.55 4.71 4.87 5.02 5.17 5.30 5.43 5.56 5.67 5.77 5.87 5.95 6.02 6.08 6.12 6.15 6.17 6.17 6.15 6.12 6.09 6.09 6.12 6.19 6.28 6.40 6.55 6.73 6.92 7.13 7.34 7.56 7.78 7.99 8.21 8.43 8.65 8.86 9.06 9.27 9.46 9.65 9.83 9.99 10.15 10.29 10.43 10.54 10.64 10.73 10.79 10.84 10.87 10.87 10.86 10.82 10.75 10.66 10.55 10.40 10.23 10.02 9.79 9.52 9.22 8.92 8.61
