data_processed/recharge/precip/Precip_2007_07.asc
ncols        168
nrows        136
xllcorner    455000
yllcorner    2107000
cellsize     500
NODATA_value     -99999
[rows 64 to 95 of 136, columns 0 to 71 of 168]
132.15 130.87 129.94 129.35 129.05 129.04 129.28 129.70 130.15 130.58 130.99 131.39 131.80 132.23 132.69 133.26 134.17 135.53 137.36 139.65 142.42 145.66 149.38 153.57 158.01 162.46 166.85 171.12 175.21 179.07 182.63 185.83 188.75 191.54 194.24 196.83 199.29 201.61 203.75 205.69 207.38 208.69 209.58 210.02 210.01 209.52 208.55 207.07 205.09 202.79 200.28 197.63 194.88 192.08 189.27 186.51 183.87 181.63 180.09 179.25 179.07 179.48 180.45 181.93 183.86 186.07 188.36 190.63 192.80 194.81 196.58 198.04
129.78 128.61 127.79 127.28 127.07 127.13 127.43 127.97 128.65 129.33 129.96 130.55 131.11 131.65 132.25 133.13 134.41 136.08 138.15 140.63 143.52 146.83 150.55 154.69 159.06 163.49 167.90 172.23 176.43 180.42 184.16 187.59 190.64 193.39 196.01 198.54 200.96 203.26 205.39 207.31 208.90 210.10 210.90 211.28 211.23 210.74 209.78 208.34 206.42 204.18 201.73 199.12 196.41 193.63 190.84 188.08 185.41 182.90 180.82 179.44 178.78 178.78 179.39 180.56 182.13 183.91 185.80 187.73 189.63 191.43 193.06 194.45
127.60 126.53 125.80 125.38 125.25 125.38 125.75 126.34 127.12 128.02 128.89 129.69 130.42 131.16 132.11 133.40 135.02 136.98 139.28 141.93 144.93 148.28 151.99 156.05 160.35 164.73 169.14 173.52 177.79 181.91 185.82 189.45 192.74 195.65 198.23 200.69 203.05 205.31 207.38 209.16 210.60 211.68 212.38 212.70 212.61 212.09 211.13 209.72 207.86 205.67 203.26 200.69 198.00 195.24 192.45 189.69 187.01 184.45 182.08 180.18 178.99 178.52 178.71 179.43 180.49 181.80 183.27 184.86 186.48 188.06 189.53 190.83
125.65 124.68 124.04 123.70 123.65 123.85 124.28 124.92 125.74 126.73 127.81 128.83 129.81 130.96 132.36 134.04 135.99 138.22 140.73 143.52 146.61 149.99 153.66 157.64 161.84 166.16 170.56 174.95 179.29 183.52 187.57 191.38 194.90 198.07 200.83 203.26 205.55 207.71 209.61 211.21 212.49 213.44 214.04 214.27 214.12 213.58 212.62 211.22 209.40 207.25 204.88 202.33 199.66 196.90 194.11 191.34 188.63 186.04 183.61 181.41 179.69 178.70 178.36 178.48 178.99 179.80 180.86 182.08 183.40 184.75 186.06 187.25
123.98 123.11 122.56 122.30 122.32 122.58 123.07 123.76 124.63 125.65 126.80 128.07 129.50 131.14 132.97 135.02 137.28 139.76 142.47 145.39 148.55 151.94 155.56 159.43 163.51 167.76 172.12 176.52 180.90 185.21 189.39 193.38 197.11 200.53 203.57 206.19 208.41 210.36 212.04 213.45 214.57 215.38 215.86 216.00 215.79 215.20 214.22 212.84 211.05 208.93 206.59 204.05 201.38 198.62 195.82 193.02 190.28 187.65 185.16 182.88 180.86 179.28 178.25 177.75 177.69 178.00 178.62 179.47 180.48 181.59 182.72 183.80
122.64 121.87 121.40 121.22 121.31 121.64 122.18 122.92 123.82 124.88 126.11 127.67 129.57 131.68 133.93 136.33 138.89 141.60 144.48 147.52 150.72 154.10 157.66 161.39 165.35 169.50 173.80 178.19 182.60 186.98 191.27 195.40 199.33 202.98 206.29 209.17 211.46 213.22 214.68 215.89 216.83 217.49 217.85 217.89 217.60 216.96 215.96 214.57 212.80 210.71 208.37 205.84 203.17 200.39 197.56 194.74 191.95 189.26 186.72 184.36 182.18 180.14 178.46 177.31 176.67 176.47 176.63 177.10 177.79 178.64 179.58 180.53
121.70 121.01 120.63 120.52 120.68 121.06 121.66 122.44 123.38 124.52 125.98 127.84 130.06 132.57 135.21 137.95 140.78 143.71 146.74 149.87 153.11 156.46 159.93 163.52 167.32 171.36 175.59 179.94 184.37 188.80 193.18 197.44 201.54 205.40 208.92 211.95 214.40 216.23 217.53 218.53 219.28 219.78 220.00 219.93 219.56 218.86 217.82 216.42 214.66 212.58 210.25 207.71 205.02 202.22 199.36 196.48 193.65 190.90 188.28 185.78 183.39 181.11 178.99 177.23 176.00 175.27 174.98 175.04 175.40 175.98 176.71 177.53
121.18 120.59 120.28 120.25 120.47 120.91 121.56 122.38 123.41 124.77 126.52 128.64 131.09 133.83 136.80 139.85 142.94 146.06 149.23 152.44 155.69 159.00 162.36 165.79 169.42 173.32 177.46 181.77 186.18 190.64 195.09 199.47 203.72 207.73 211.35 214.49 217.10 219.12 220.51 221.36 221.92 222.25 222.32 222.13 221.66 220.89 219.80 218.38 216.62 214.55 212.21 209.65 206.93 204.10 201.19 198.27 195.37 192.54 189.80 187.12 184.53 182.05 179.71 177.55 175.75 174.48 173.71 173.37 173.39 173.69 174.20 174.86
121.16 120.65 120.42 120.46 120.74 121.24 121.93 122.84 124.09 125.73 127.73 130.06 132.69 135.58 138.72 142.02 145.34 148.64 151.92 155.19 158.44 161.68 164.92 168.17 171.61 175.36 179.39 183.63 188.01 192.49 196.99 201.47 205.80 209.85 213.52 216.76 219.51 221.72 223.34 224.31 224.74 224.89 224.81 224.48 223.90 223.05 221.91 220.46 218.69 216.60 214.25 211.67 208.91 206.03 203.07 200.08 197.11 194.17 191.27 188.42 185.66 183.00 180.48 178.12 175.96 174.18 172.92 172.16 171.81 171.82 172.10 172.60
121.68 121.25 121.10 121.21 121.55 122.09 122.87 124.00 125.51 127.38 129.59 132.09 134.86 137.87 141.08 144.47 147.96 151.42 154.80 158.11 161.34 164.50 167.59 170.64 173.87 177.46 181.36 185.51 189.85 194.32 198.86 203.36 207.67 211.71 215.42 218.75 221.63 224.02 225.86 227.09 227.67 227.70 227.45 226.99 226.29 225.35 224.14 222.65 220.86 218.76 216.37 213.76 210.95 208.02 204.99 201.93 198.85 195.78 192.74 189.75 186.84 184.03 181.36 178.84 176.51 174.40 172.67 171.47 170.76 170.46 170.50 170.82
122.79 122.44 122.37 122.53 122.93 123.57 124.56 125.93 127.67 129.74 132.10 134.74 137.61 140.68 143.94 147.33 150.84 154.39 157.85 161.17 164.36 167.42 170.35 173.18 176.19 179.59 183.34 187.39 191.66 196.11 200.62 205.04 209.29 213.31 217.04 220.44 223.44 226.00 228.04 229.53 230.40 230.60 230.26 229.65 228.83 227.78 226.49 224.95 223.13 221.00 218.58 215.92 213.06 210.05 206.95 203.80 200.62 197.43 194.27 191.17 188.13 185.20 182.40 179.75 177.29 175.03 173.01 171.39 170.30 169.68 169.46 169.59
124.55 124.28 124.27 124.50 124.99 125.83 127.06 128.65 130.57 132.79 135.27 138.00 140.92 144.02 147.27 150.63 154.07 157.56 161.03 164.35 167.48 170.42 173.18 175.77 178.53 181.73 185.32 189.24 193.43 197.79 202.16 206.45 210.63 214.61 218.36 221.82 224.93 227.63 229.88 231.60 232.76 233.29 233.15 232.46 231.50 230.35 228.97 227.37 225.51 223.34 220.87 218.15 215.22 212.14 208.97 205.73 202.46 199.19 195.94 192.74 189.61 186.58 183.67 180.92 178.35 175.97 173.83 171.96 170.49 169.54 169.06 168.99
127.01 126.81 126.86 127.19 127.88 128.95 130.38 132.14 134.20 136.53 139.09 141.86 144.80 147.89 151.08 154.36 157.69 161.04 164.38 167.64 170.69 173.49 176.05 178.39 180.89 183.86 187.26 191.04 195.09 199.24 203.43 207.59 211.67 215.62 219.37 222.87 226.07 228.91 231.34 233.30 234.73 235.59 235.80 235.34 234.32 233.04 231.57 229.89 227.98 225.76 223.24 220.45 217.45 214.30 211.07 207.77 204.45 201.11 197.80 194.52 191.32 188.22 185.24 182.41 179.75 177.29 175.06 173.09 171.40 170.13 169.37 169.08
130.21 130.08 130.24 130.75 131.66 132.92 134.52 136.41 138.56 140.96 143.55 146.33 149.24 152.27 155.37 158.53 161.71 164.88 168.00 171.05 173.96 176.60 178.94 181.01 183.23 185.96 189.16 192.73 196.52 200.43 204.43 208.44 212.41 216.30 220.04 223.58 226.86 229.82 232.42 234.60 236.29 237.45 238.03 237.95 237.19 235.87 234.29 232.53 230.56 228.28 225.69 222.82 219.77 216.59 213.33 210.00 206.64 203.26 199.91 196.59 193.35 190.19 187.16 184.27 181.56 179.04 176.75 174.71 172.94 171.49 170.46 169.95
134.22 134.19 134.53 135.25 136.34 137.75 139.46 141.44 143.65 146.07 148.66 151.39 154.24 157.16 160.14 163.13 166.12 169.06 171.92 174.68 177.31 179.73 181.84 183.61 185.53 188.00 190.94 194.19 197.68 201.34 205.12 208.97 212.83 216.65 220.36 223.92 227.27 230.34 233.10 235.48 237.43 238.88 239.80 240.11 239.77 238.73 237.13 235.28 233.24 230.89 228.22 225.31 222.25 219.07 215.80 212.47 209.10 205.71 202.34 199.01 195.74 192.56 189.51 186.59 183.84 181.29 178.96 176.88 175.07 173.56 172.39 171.65
139.11 139.26 139.79 140.69 141.91 143.43 145.22 147.24 149.46 151.86 154.40 157.05 159.79 162.57 165.37 168.16 170.91 173.58 176.14 178.58 180.84 182.91 184.71 186.17 187.77 189.92 192.48 195.38 198.55 201.95 205.51 209.18 212.91 216.64 220.32 223.88 227.28 230.46 233.37 235.94 238.12 239.86 241.10 241.79 241.87 241.29 239.99 238.14 236.01 233.59 230.89 228.00 224.97 221.81 218.56 215.25 211.89 208.52 205.16 201.83 198.57 195.40 192.34 189.42 186.66 184.10 181.76 179.67 177.84 176.31 175.10 174.25
145.00 145.33 146.03 147.05 148.37 149.95 151.77 153.80 155.99 158.33 160.78 163.31 165.89 168.48 171.07 173.61 176.08 178.44 180.66 182.72 184.58 186.22 187.59 188.67 189.89 191.60 193.75 196.27 199.12 202.24 205.56 209.05 212.64 216.27 219.90 223.46 226.90 230.16 233.20 235.95 238.35 240.37 241.92 242.97 243.46 243.33 242.53 241.00 238.89 236.45 233.79 230.96 227.97 224.87 221.67 218.40 215.08 211.75 208.42 205.13 201.90 198.75 195.71 192.82 190.08 187.54 185.21 183.13 181.31 179.78 178.58 177.72
151.51 152.00 152.83 153.94 155.33 156.95 158.77 160.76 162.90 165.15 167.48 169.85 172.25 174.63 176.96 179.23 181.38 183.41 185.26 186.92 188.34 189.51 190.39 191.08 191.90 193.13 194.84 196.97 199.47 202.29 205.36 208.64 212.07 215.58 219.14 222.67 226.14 229.47 232.62 235.53 238.14 240.40 242.25 243.65 244.52 244.83 244.50 243.50 241.84 239.56 236.97 234.21 231.29 228.25 225.11 221.89 218.63 215.35 212.07 208.82 205.63 202.53 199.53 196.67 193.96 191.45 189.15 187.09 185.29 183.78 182.59 181.75
157.44 158.08 159.04 160.26 161.71 163.37 165.20 167.17 169.25 171.41 173.62 175.84 178.06 180.23 182.32 184.31 186.16 187.85 189.33 190.59 191.58 192.29 192.81 193.36 194.01 194.84 196.08 197.78 199.90 202.38 205.16 208.20 211.42 214.79 218.23 221.70 225.15 228.51 231.74 234.76 237.54 240.02 242.13 243.83 245.05 245.75 245.88 245.46 244.54 242.81 240.38 237.66 234.79 231.79 228.68 225.50 222.27 219.02 215.77 212.54 209.38 206.29 203.30 200.45 197.76 195.26 192.96 190.90 189.10 187.59 186.39 185.55
162.69 163.35 164.44 165.77 167.30 169.01 170.86 172.81 174.85 176.93 179.04 181.12 183.17 185.14 187.00 188.73 190.28 191.64 192.77 193.64 194.22 194.60 195.01 195.51 196.10 196.77 197.61 198.85 200.54 202.64 205.09 207.83 210.81 213.98 217.28 220.64 224.03 227.38 230.63 233.74 236.64 239.29 241.62 243.58 245.11 246.17 246.79 247.04 246.82 245.80 243.86 241.26 238.40 235.41 232.31 229.14 225.91 222.66 219.40 216.17 212.99 209.89 206.90 204.03 201.32 198.79 196.46 194.37 192.54 191.00 189.78 189.03
167.54 167.99 169.07 170.51 172.14 173.91 175.78 177.74 179.74 181.76 183.77 185.73 187.62 189.40 191.04 192.52 193.79 194.84 195.62 196.12 196.41 196.71 197.08 197.54 198.08 198.70 199.38 200.22 201.45 203.13 205.20 207.61 210.31 213.24 216.34 219.56 222.84 226.14 229.38 232.52 235.51 238.28 240.78 242.96 244.77 246.24 247.43 248.29 248.70 248.32 247.03 244.87 242.09 239.08 235.96 232.76 229.51 226.22 222.93 219.67 216.45 213.31 210.26 207.35 204.59 202.00 199.62 197.48 195.58 194.00 192.85 192.26
172.07 172.27 173.12 174.54 176.26 178.10 180.02 181.99 183.97 185.94 187.86 189.71 191.45 193.06 194.49 195.73 196.73 197.47 197.93 198.17 198.40 198.70 199.05 199.48 199.98 200.54 201.17 201.86 202.70 203.91 205.56 207.60 209.97 212.62 215.48 218.51 221.65 224.85 228.04 231.18 234.20 237.06 239.69 242.05 244.18 246.13 247.85 249.25 250.22 250.40 249.69 248.12 245.73 242.76 239.59 236.34 233.02 229.68 226.32 222.99 219.70 216.49 213.37 210.38 207.54 204.87 202.40 200.17 198.20 196.67 195.68 195.24
176.28 176.26 176.86 178.04 179.72 181.63 183.61 185.59 187.57 189.50 191.35 193.10 194.70 196.14 197.38 198.39 199.13 199.59 199.83 200.04 200.29 200.58 200.93 201.33 201.79 202.32 202.90 203.54 204.23 205.05 206.25 207.87 209.87 212.19 214.78 217.58 220.53 223.59 226.68 229.77 232.79 235.69 238.42 241.02 243.54 245.92 248.09 249.96 251.40 252.09 251.88 250.82 248.96 246.33 243.17 239.83 236.42 232.98 229.54 226.11 222.72 219.40 216.18 213.08 210.13 207.35 204.77 202.43 200.51 199.12 198.27 197.95
180.21 179.99 180.35 181.27 182.70 184.56 186.58 188.61 190.58 192.48 194.27 195.93 197.41 198.70 199.75 200.54 201.04 201.32 201.55 201.81 202.09 202.39 202.73 203.12 203.55 204.04 204.59 205.19 205.83 206.51 207.32 208.48 210.07 212.03 214.29 216.82 219.54 222.41 225.37 228.37 231.34 234.25 237.12 240.02 242.89 245.63 248.18 250.44 252.29 253.40 253.63 253.02 251.61 249.44 246.56 243.19 239.67 236.11 232.54 228.98 225.46 222.01 218.66 215.42 212.32 209.40 206.69 204.38 202.59 201.34 200.61 200.40
183.87 183.47 183.63 184.30 185.45 187.05 189.00 191.06 193.05 194.93 196.67 198.25 199.62 200.76 201.64 202.23 202.59 202.89 203.19 203.50 203.81 204.14 204.48 204.85 205.27 205.73 206.25 206.81 207.41 208.05 208.72 209.51 210.64 212.19 214.09 216.30 218.75 221.39 224.17 227.03 229.93 232.89 235.98 239.13 242.27 245.30 248.15 250.73 252.92 254.38 254.97 254.73 253.70 251.93 249.45 246.31 242.72 239.01 235.29 231.57 227.90 224.28 220.76 217.35 214.09 211.01 208.31 206.13 204.47 203.33 202.70 202.56
187.28 186.73 186.70 187.15 188.05 189.35 191.03 193.00 195.01 196.88 198.59 200.10 201.37 202.38 203.10 203.59 204.00 204.39 204.76 205.12 205.48 205.83 206.19 206.56 206.96 207.41 207.90 208.44 209.01 209.61 210.24 210.89 211.64 212.74 214.24 216.08 218.22 220.60 223.16 225.85 228.71 231.79 235.05 238.38 241.71 244.96 248.04 250.87 253.32 255.06 255.93 255.99 255.28 253.83 251.68 248.88 245.47 241.65 237.74 233.84 229.98 226.17 222.45 218.85 215.41 212.32 209.74 207.68 206.13 205.08 204.51 204.43
190.45 189.78 189.58 189.84 190.50 191.55 192.92 194.61 196.51 198.38 200.06 201.51 202.70 203.60 204.25 204.81 205.33 205.81 206.27 206.70 207.10 207.49 207.87 208.24 208.64 209.08 209.56 210.08 210.62 211.20 211.79 212.40 213.03 213.75 214.80 216.24 218.03 220.09 222.39 224.96 227.86 231.02 234.36 237.80 241.26 244.65 247.89 250.89 253.53 255.47 256.56 256.85 256.37 255.16 253.28 250.75 247.61 243.93 239.88 235.76 231.67 227.64 223.70 219.89 216.42 213.45 210.99 209.03 207.55 206.56 206.05 205.99
193.42 192.64 192.31 192.39 192.85 193.65 194.75 196.12 197.72 199.47 201.13 202.54 203.65 204.52 205.27 205.97 206.61 207.20 207.74 208.24 208.70 209.14 209.54 209.93 210.32 210.76 211.24 211.74 212.28 212.83 213.40 213.98 214.57 215.16 215.84 216.84 218.23 219.95 222.04 224.55 227.43 230.60 233.96 237.44 240.95 244.40 247.73 250.83 253.59 255.65 256.88 257.32 257.01 255.98 254.28 251.95 249.02 245.55 241.57 237.28 232.94 228.66 224.49 220.63 217.27 214.41 212.04 210.15 208.73 207.78 207.29 207.23
196.19 195.33 194.89 194.82 195.09 195.67 196.52 197.60 198.88 200.33 201.85 203.21 204.33 205.33 206.24 207.08 207.84 208.55 209.18 209.77 210.30 210.78 211.22 211.63 212.03 212.48 212.95 213.46 213.98 214.52 215.08 215.64 216.20 216.76 217.31 217.95 218.90 220.32 222.26 224.68 227.47 230.56 233.87 237.31 240.80 244.25 247.59 250.72 253.52 255.64 256.94 257.45 257.23 256.30 254.72 252.51 249.72 246.40 242.57 238.30 233.74 229.21 224.98 221.22 217.96 215.19 212.88 211.04 209.66 208.72 208.22 208.15
198.80 197.88 197.34 197.15 197.26 197.64 198.26 199.08 200.06 201.17 202.37 203.65 204.92 206.09 207.17 208.16 209.06 209.88 210.62 211.30 211.90 212.44 212.92 213.36 213.78 214.24 214.73 215.23 215.76 216.30 216.84 217.39 217.93 218.47 219.00 219.51 220.20 221.38 223.14 225.37 228.00 230.95 234.13 237.46 240.86 244.23 247.50 250.59 253.36 255.46 256.75 257.28 257.07 256.17 254.63 252.47 249.75 246.50 242.76 238.57 234.02 229.47 225.33 221.67 218.49 215.77 213.51 211.70 210.32 209.37 208.84 208.73
201.24 200.29 199.69 199.39 199.37 199.58 199.99 200.57 201.28 202.08 203.00 204.13 205.47 206.82 208.08 209.22 210.27 211.22 212.07 212.84 213.53 214.13 214.67 215.14 215.59 216.07 216.57 217.09 217.62 218.16 218.71 219.25 219.78 220.31 220.82 221.41 222.17 223.20 224.69 226.67 229.07 231.80 234.78 237.93 241.15 244.37 247.51 250.47 253.14 255.15 256.37 256.83 256.56 255.62 254.04 251.86 249.13 245.88 242.16 238.03 233.75 229.55 225.55 221.96 218.83 216.15 213.91 212.09 210.70 209.72 209.14 208.95
203.56 202.60 201.95 201.57 201.44 201.50 201.73 202.09 202.55 203.12 203.89 204.90 206.13 207.55 208.98 210.29 211.49 212.57 213.55 214.42 215.20 215.88 216.47 216.98 217.47 217.97 218.50 219.04 219.59 220.14 220.69 221.24 221.77 222.29 222.89 223.66 224.60 225.68 226.94 228.61 230.70 233.14 235.85 238.74 241.72 244.72 247.64 250.42 252.91 254.76 255.82 256.13 255.74 254.68 253.00 250.73 247.91 244.59 240.84 236.92 233.05 229.27 225.58 222.09 218.99 216.32 214.07 212.23 210.80 209.75 209.10 208.82
