data_processed/recharge/precip/Precip_1996_07.asc
ncols        168
nrows        136
xllcorner    455000
yllcorner    2107000
cellsize     500
NODATA_value     -99999
[rows 33 to 65 of 136, columns 0 to 74 of 168]
199.19 198.44 197.59 196.68 195.70 194.67 193.59 192.46 191.30 190.11 188.90 187.67 186.43 185.20 183.96 182.75 181.55 180.37 179.23 178.13 177.09 176.12 175.22 174.37 173.43 172.36 171.14 169.60 167.62 165.22 162.45 159.37 156.02 152.46 148.73 144.89 140.98 137.06 133.18 129.39 125.73 122.26 119.03 116.09 113.49 111.27 109.44 108.02 107.10 106.68 106.59 106.82 107.35 108.03 108.77 109.56 110.38 111.23 112.10 112.97 113.84 114.70 115.54 116.35 117.11 117.83 118.48 119.06 119.57 119.98 120.30 120.49 120.48 120.21 119.65
197.27 196.59 195.79 194.91 193.96 192.95 191.89 190.79 189.65 188.48 187.29 186.08 184.87 183.65 182.43 181.23 180.04 178.88 177.75 176.68 175.67 174.74 173.87 173.03 172.11 171.08 169.92 168.61 166.99 164.95 162.50 159.71 156.62 153.29 149.76 146.08 142.30 138.48 134.66 130.90 127.25 123.75 120.45 117.42 114.68 112.24 110.11 108.38 107.15 106.41 105.98 105.86 106.06 106.57 107.24 107.97 108.75 109.57 110.43 111.30 112.19 113.07 113.95 114.81 115.65 116.45 117.20 117.89 118.52 119.08 119.53 119.81 119.85 119.62 119.10
195.19 194.61 193.89 193.05 192.13 191.15 190.12 189.05 187.93 186.79 185.62 184.44 183.24 182.04 180.85 179.66 178.50 177.35 176.26 175.23 174.28 173.38 172.54 171.72 170.83 169.82 168.70 167.46 166.08 164.40 162.31 159.84 157.05 153.97 150.66 147.17 143.56 139.87 136.15 132.45 128.83 125.32 122.00 118.89 115.98 113.28 110.89 108.89 107.39 106.38 105.67 105.23 105.10 105.31 105.83 106.52 107.27 108.08 108.94 109.83 110.74 111.67 112.61 113.54 114.46 115.36 116.22 117.04 117.81 118.50 119.04 119.37 119.46 119.27 118.78
192.98 192.48 191.84 191.08 190.20 189.26 188.26 187.22 186.14 185.02 183.88 182.72 181.56 180.38 179.21 178.05 176.90 175.79 174.76 173.80 172.89 172.04 171.22 170.43 169.56 168.59 167.51 166.32 165.02 163.58 161.86 159.74 157.27 154.48 151.43 148.16 144.74 141.21 137.61 134.01 130.45 126.97 123.64 120.41 117.29 114.38 111.76 109.55 107.82 106.57 105.61 104.91 104.50 104.40 104.65 105.21 105.95 106.76 107.63 108.55 109.51 110.50 111.50 112.52 113.54 114.55 115.54 116.50 117.41 118.19 118.79 119.16 119.28 119.12 118.66
190.64 190.20 189.64 188.97 188.17 187.27 186.31 185.30 184.25 183.17 182.06 180.93 179.79 178.64 177.50 176.36 175.26 174.23 173.27 172.37 171.52 170.71 169.93 169.16 168.32 167.39 166.35 165.22 163.97 162.62 161.14 159.39 157.27 154.80 152.03 149.02 145.82 142.48 139.04 135.56 132.09 128.67 125.27 121.88 118.59 115.50 112.71 110.31 108.40 106.97 105.80 104.87 104.22 103.86 103.82 104.14 104.79 105.61 106.51 107.47 108.49 109.55 110.64 111.76 112.89 114.03 115.16 116.27 117.27 118.10 118.74 119.15 119.31 119.17 118.73
188.19 187.80 187.30 186.69 185.98 185.16 184.24 183.27 182.26 181.21 180.14 179.05 177.94 176.82 175.71 174.62 173.61 172.66 171.78 170.94 170.15 169.38 168.64 167.90 167.09 166.20 165.21 164.13 162.95 161.67 160.29 158.79 157.03 154.90 152.46 149.73 146.78 143.66 140.41 137.08 133.72 130.29 126.78 123.26 119.85 116.62 113.69 111.16 109.11 107.53 106.20 105.09 104.24 103.66 103.39 103.45 103.87 104.63 105.57 106.59 107.68 108.83 110.02 111.26 112.52 113.80 115.07 116.27 117.32 118.20 118.88 119.32 119.51 119.40 118.98
185.66 185.29 184.83 184.28 183.63 182.89 182.05 181.13 180.16 179.15 178.11 177.06 175.98 174.91 173.85 172.86 171.95 171.09 170.28 169.52 168.78 168.07 167.36 166.65 165.88 165.02 164.09 163.06 161.95 160.75 159.45 158.06 156.54 154.78 152.68 150.27 147.61 144.73 141.70 138.55 135.23 131.74 128.14 124.54 121.03 117.72 114.70 112.07 109.92 108.24 106.79 105.55 104.53 103.78 103.32 103.17 103.36 103.92 104.82 105.91 107.09 108.34 109.65 111.01 112.41 113.84 115.20 116.45 117.55 118.47 119.19 119.66 119.87 119.78 119.37
183.04 182.68 182.24 181.73 181.14 180.46 179.70 178.85 177.93 176.96 175.97 174.95 173.92 172.91 171.96 171.08 170.27 169.50 168.78 168.08 167.41 166.74 166.08 165.40 164.67 163.86 162.98 162.01 160.97 159.84 158.63 157.33 155.93 154.43 152.69 150.62 148.27 145.68 142.88 139.83 136.50 132.96 129.32 125.68 122.13 118.77 115.70 113.01 110.82 109.07 107.55 106.21 105.08 104.20 103.59 103.27 103.27 103.62 104.35 105.43 106.71 108.07 109.51 111.02 112.56 114.08 115.50 116.80 117.94 118.90 119.64 120.14 120.37 120.30 119.89
180.37 180.00 179.57 179.07 178.51 177.88 177.18 176.40 175.55 174.64 173.69 172.72 171.77 170.87 170.05 169.29 168.57 167.90 167.26 166.64 166.03 165.42 164.80 164.16 163.46 162.70 161.87 160.97 160.00 158.95 157.83 156.62 155.33 153.95 152.47 150.77 148.76 146.46 143.82 140.79 137.47 133.94 130.30 126.66 123.10 119.74 116.66 113.97 111.77 110.01 108.45 107.05 105.86 104.89 104.17 103.72 103.58 103.77 104.32 105.25 106.54 108.03 109.61 111.26 112.90 114.48 115.95 117.29 118.47 119.46 120.23 120.75 120.99 120.93 120.53
177.66 177.25 176.81 176.31 175.77 175.17 174.51 173.79 173.02 172.17 171.28 170.39 169.56 168.80 168.11 167.46 166.86 166.28 165.73 165.18 164.64 164.08 163.51 162.91 162.25 161.54 160.77 159.94 159.04 158.07 157.04 155.93 154.74 153.48 152.14 150.70 149.03 146.94 144.37 141.40 138.12 134.64 131.05 127.45 123.94 120.61 117.57 114.92 112.74 111.01 109.46 108.06 106.84 105.82 105.03 104.51 104.26 104.33 104.74 105.51 106.68 108.22 109.94 111.69 113.39 115.01 116.52 117.90 119.12 120.14 120.93 121.47 121.72 121.66 121.26
174.91 174.46 173.98 173.47 172.92 172.34 171.70 171.03 170.31 169.53 168.74 168.00 167.32 166.70 166.14 165.61 165.11 164.64 164.17 163.70 163.23 162.73 162.21 161.65 161.04 160.38 159.67 158.90 158.08 157.20 156.26 155.25 154.17 153.03 151.81 150.50 148.96 146.98 144.50 141.63 138.44 135.05 131.55 128.03 124.61 121.36 118.40 115.83 113.73 112.06 110.56 109.20 107.99 106.97 106.16 105.60 105.30 105.29 105.60 106.26 107.29 108.71 110.43 112.23 113.98 115.65 117.21 118.62 119.87 120.91 121.72 122.27 122.53 122.46 122.06
172.15 171.64 171.11 170.57 170.00 169.40 168.78 168.13 167.44 166.76 166.13 165.56 165.04 164.56 164.13 163.72 163.34 162.96 162.59 162.20 161.80 161.37 160.89 160.37 159.81 159.20 158.56 157.86 157.12 156.33 155.48 154.57 153.61 152.59 151.48 150.16 148.50 146.53 144.18 141.45 138.40 135.14 131.77 128.38 125.08 121.97 119.13 116.67 114.69 113.14 111.74 110.45 109.30 108.32 107.53 106.97 106.65 106.61 106.87 107.46 108.39 109.63 111.14 112.89 114.68 116.39 117.99 119.43 120.70 121.76 122.58 123.13 123.39 123.33 122.91
169.40 168.80 168.21 167.61 167.00 166.38 165.75 165.11 164.48 163.94 163.47 163.07 162.71 162.38 162.08 161.80 161.53 161.25 160.97 160.67 160.35 159.98 159.56 159.08 158.57 158.02 157.44 156.82 156.16 155.45 154.70 153.90 153.05 152.13 151.00 149.53 147.74 145.69 143.40 140.83 137.96 134.88 131.68 128.47 125.34 122.39 119.72 117.43 115.61 114.21 112.95 111.78 110.74 109.84 109.12 108.60 108.31 108.28 108.53 109.07 109.88 110.92 112.21 113.74 115.47 117.21 118.83 120.30 121.59 122.66 123.49 124.05 124.30 124.23 123.80
166.66 165.97 165.29 164.62 163.95 163.29 162.64 162.02 161.51 161.10 160.78 160.53 160.32 160.14 159.98 159.83 159.67 159.51 159.33 159.11 158.86 158.56 158.19 157.77 157.31 156.82 156.30 155.76 155.18 154.57 153.92 153.23 152.48 151.52 150.21 148.59 146.69 144.56 142.24 139.78 137.12 134.25 131.27 128.28 125.36 122.62 120.16 118.08 116.46 115.26 114.18 113.18 112.27 111.50 110.89 110.46 110.24 110.26 110.53 111.02 111.69 112.56 113.64 114.92 116.42 118.08 119.73 121.22 122.52 123.60 124.44 124.99 125.24 125.15 124.70
163.96 163.15 162.37 161.61 160.87 160.15 159.50 158.97 158.57 158.28 158.09 157.96 157.90 157.86 157.84 157.81 157.78 157.72 157.64 157.52 157.34 157.11 156.80 156.43 156.02 155.60 155.15 154.69 154.20 153.68 153.13 152.53 151.73 150.57 149.09 147.32 145.32 143.13 140.79 138.35 135.84 133.23 130.51 127.77 125.11 122.63 120.42 118.58 117.22 116.26 115.40 114.60 113.89 113.29 112.83 112.53 112.42 112.52 112.79 113.21 113.78 114.50 115.39 116.45 117.68 119.10 120.66 122.16 123.47 124.56 125.39 125.94 126.18 126.07 125.60
161.30 160.36 159.46 158.59 157.77 157.02 156.42 155.98 155.68 155.50 155.41 155.40 155.45 155.53 155.64 155.75 155.83 155.89 155.91 155.88 155.78 155.62 155.38 155.06 154.71 154.35 153.98 153.59 153.19 152.77 152.31 151.64 150.62 149.26 147.62 145.73 143.64 141.40 139.05 136.64 134.21 131.80 129.37 126.94 124.57 122.39 120.47 118.93 117.85 117.18 116.59 116.04 115.56 115.17 114.90 114.78 114.82 114.98 115.24 115.61 116.09 116.69 117.42 118.27 119.27 120.42 121.72 123.12 124.43 125.52 126.35 126.88 127.10 126.97 126.47
158.71 157.62 156.58 155.59 154.71 153.99 153.47 153.10 152.87 152.77 152.77 152.86 153.00 153.19 153.41 153.63 153.83 154.01 154.13 154.19 154.18 154.09 153.92 153.65 153.36 153.07 152.77 152.47 152.16 151.82 151.28 150.37 149.12 147.58 145.79 143.79 141.63 139.36 137.02 134.65 132.30 130.02 127.84 125.74 123.72 121.87 120.30 119.09 118.35 118.00 117.72 117.47 117.26 117.12 117.09 117.17 117.33 117.55 117.83 118.17 118.59 119.09 119.68 120.36 121.15 122.04 123.05 124.18 125.38 126.46 127.27 127.79 127.99 127.83 127.30
156.21 154.94 153.75 152.67 151.80 151.13 150.65 150.33 150.16 150.13 150.20 150.36 150.58 150.86 151.17 151.48 151.79 152.07 152.30 152.45 152.53 152.52 152.41 152.21 151.98 151.75 151.54 151.32 151.09 150.65 149.84 148.69 147.23 145.52 143.60 141.50 139.29 137.00 134.67 132.37 130.12 127.97 125.98 124.17 122.53 121.06 119.87 119.04 118.67 118.70 118.77 118.85 118.96 119.12 119.36 119.62 119.90 120.19 120.51 120.85 121.24 121.66 122.13 122.66 123.26 123.92 124.66 125.49 126.40 127.36 128.15 128.65 128.82 128.63 128.06
153.80 152.34 151.03 149.94 149.08 148.44 147.99 147.71 147.58 147.59 147.71 147.92 148.21 148.56 148.93 149.33 149.72 150.09 150.41 150.66 150.83 150.90 150.86 150.72 150.55 150.40 150.27 150.12 149.77 149.05 147.97 146.59 144.94 143.07 141.03 138.85 136.60 134.31 132.02 129.79 127.65 125.66 123.85 122.28 120.97 119.93 119.16 118.75 118.81 119.24 119.72 120.17 120.64 121.13 121.61 122.06 122.47 122.87 123.24 123.61 123.98 124.35 124.73 125.13 125.56 126.02 126.52 127.06 127.66 128.31 128.98 129.44 129.58 129.36 128.74
151.50 149.90 148.55 147.45 146.59 145.95 145.51 145.25 145.14 145.17 145.33 145.58 145.91 146.30 146.74 147.19 147.64 148.08 148.48 148.82 149.08 149.23 149.26 149.18 149.08 149.01 148.93 148.65 148.00 146.99 145.66 144.06 142.23 140.22 138.07 135.84 133.56 131.28 129.04 126.90 124.89 123.06 121.46 120.13 119.11 118.46 118.14 118.20 118.72 119.62 120.53 121.40 122.26 123.06 123.78 124.43 125.01 125.52 125.99 126.40 126.78 127.12 127.44 127.73 128.02 128.29 128.57 128.86 129.16 129.48 129.83 130.15 130.25 129.98 129.32
149.39 147.73 146.34 145.22 144.34 143.69 143.24 142.97 142.87 142.91 143.08 143.35 143.70 144.13 144.59 145.09 145.59 146.08 146.53 146.93 147.26 147.49 147.60 147.59 147.56 147.54 147.32 146.72 145.75 144.46 142.89 141.08 139.09 136.96 134.72 132.44 130.15 127.90 125.73 123.69 121.82 120.17 118.79 117.72 117.00 116.69 116.81 117.37 118.39 119.79 121.18 122.51 123.74 124.84 125.82 126.69 127.45 128.12 128.69 129.18 129.59 129.93 130.20 130.42 130.58 130.70 130.78 130.83 130.86 130.87 130.87 130.87 130.81 130.49 129.78
147.59 145.87 144.44 143.28 142.36 141.68 141.20 140.91 140.79 140.82 140.98 141.25 141.61 142.04 142.53 143.05 143.57 144.09 144.59 145.03 145.41 145.70 145.88 145.94 145.95 145.78 145.22 144.28 143.01 141.45 139.65 137.66 135.52 133.28 130.97 128.65 126.37 124.16 122.07 120.15 118.44 116.99 115.84 115.04 114.64 114.67 115.19 116.23 117.80 119.73 121.64 123.40 124.99 126.42 127.69 128.80 129.78 130.61 131.32 131.90 132.37 132.73 132.98 133.14 133.21 133.19 133.10 132.94 132.72 132.45 132.12 131.76 131.36 130.87 130.09
146.16 144.37 142.87 141.64 140.67 139.93 139.41 139.08 138.92 138.92 139.06 139.31 139.66 140.08 140.57 141.09 141.62 142.16 142.67 143.14 143.55 143.88 144.10 144.20 144.05 143.51 142.58 141.31 139.76 137.95 135.95 133.78 131.51 129.17 126.81 124.47 122.20 120.05 118.06 116.28 114.74 113.50 112.60 112.09 112.01 112.41 113.33 114.82 116.91 119.42 121.82 124.00 125.98 127.75 129.33 130.72 131.93 132.96 133.83 134.53 135.07 135.47 135.73 135.86 135.85 135.73 135.49 135.14 134.70 134.16 133.53 132.83 132.05 131.21 130.25
145.11 143.23 141.64 140.34 139.29 138.48 137.89 137.51 137.30 137.25 137.35 137.56 137.88 138.28 138.74 139.24 139.77 140.30 140.81 141.29 141.71 142.06 142.32 142.40 141.93 141.00 139.71 138.13 136.30 134.26 132.05 129.72 127.32 124.90 122.49 120.14 117.90 115.82 113.93 112.29 110.94 109.92 109.28 109.06 109.32 110.09 111.42 113.36 115.90 118.80 121.66 124.30 126.69 128.83 130.74 132.43 133.89 135.14 136.19 137.03 137.68 138.15 138.44 138.55 138.50 138.29 137.92 137.41 136.77 135.99 135.09 134.07 132.94 131.69 130.19
144.46 142.47 140.79 139.38 138.24 137.35 136.68 136.22 135.94 135.83 135.87 136.03 136.30 136.66 137.08 137.56 138.06 138.57 139.07 139.54 139.95 140.31 140.62 140.81 140.28 139.02 137.38 135.48 133.36 131.07 128.65 126.16 123.63 121.11 118.64 116.28 114.07 112.04 110.25 108.75 107.57 106.77 106.38 106.46 107.04 108.18 109.92 112.25 115.02 118.05 121.22 124.31 127.13 129.67 131.94 133.94 135.69 137.18 138.43 139.44 140.22 140.77 141.11 141.24 141.16 140.89 140.42 139.78 138.95 137.96 136.80 135.49 134.02 132.21 129.69
144.20 142.09 140.28 138.77 137.52 136.53 135.77 135.21 134.85 134.66 134.63 134.72 134.93 135.23 135.60 136.03 136.49 136.96 137.43 137.88 138.28 138.67 139.09 139.38 138.95 137.63 135.69 133.45 131.04 128.49 125.86 123.19 120.52 117.89 115.37 112.98 110.78 108.80 107.10 105.73 104.71 104.11 103.97 104.33 105.23 106.73 108.82 111.36 114.24 117.36 120.65 124.02 127.28 130.24 132.89 135.23 137.28 139.04 140.52 141.72 142.65 143.32 143.73 143.90 143.82 143.50 142.96 142.20 141.22 140.04 138.65 137.06 135.09 132.33 128.73
144.25 142.07 140.13 138.49 137.12 136.01 135.14 134.48 134.02 133.73 133.61 133.62 133.75 133.97 134.28 134.64 135.05 135.47 135.90 136.30 136.73 137.20 137.71 138.10 137.76 136.53 134.52 132.01 129.29 126.48 123.62 120.76 117.94 115.21 112.61 110.18 107.98 106.05 104.43 103.17 102.32 101.91 102.00 102.63 103.84 105.65 107.93 110.57 113.53 116.75 120.12 123.60 127.13 130.51 133.56 136.27 138.65 140.70 142.43 143.84 144.95 145.75 146.26 146.49 146.43 146.10 145.51 144.65 143.54 142.19 140.59 138.56 135.71 131.94 127.35
144.49 142.34 140.31 138.53 137.03 135.79 134.78 134.01 133.43 133.03 132.80 132.71 132.75 132.89 133.11 133.40 133.73 134.09 134.45 134.87 135.35 135.90 136.47 136.95 136.69 135.54 133.62 131.05 128.07 124.99 121.89 118.83 115.85 113.00 110.31 107.84 105.64 103.74 102.19 101.04 100.33 100.11 100.42 101.31 102.79 104.77 107.14 109.87 112.91 116.19 119.64 123.19 126.82 130.46 133.92 137.02 139.75 142.11 144.12 145.77 147.07 148.04 148.67 148.98 148.97 148.65 148.02 147.10 145.88 144.38 142.40 139.57 135.78 131.09 125.59
144.85 142.77 140.77 138.89 137.23 135.84 134.70 133.78 133.07 132.55 132.20 132.00 131.92 131.96 132.08 132.28 132.52 132.80 133.15 133.61 134.14 134.75 135.39 135.93 135.75 134.67 132.81 130.31 127.28 123.96 120.62 117.35 114.20 111.21 108.44 105.91 103.69 101.81 100.32 99.27 98.70 98.65 99.18 100.30 101.93 103.99 106.44 109.24 112.34 115.70 119.21 122.82 126.52 130.25 133.96 137.45 140.55 143.25 145.55 147.46 148.99 150.14 150.92 151.33 151.39 151.10 150.47 149.50 148.20 146.38 143.66 139.96 135.33 129.81 123.52
145.33 143.32 141.37 139.49 137.72 136.17 134.87 133.80 132.95 132.29 131.80 131.46 131.26 131.18 131.19 131.27 131.42 131.66 132.04 132.53 133.11 133.75 134.45 135.04 134.91 133.89 132.09 129.65 126.67 123.30 119.75 116.26 112.93 109.81 106.93 104.34 102.09 100.23 98.79 97.83 97.38 97.50 98.21 99.46 101.17 103.30 105.81 108.67 111.84 115.25 118.82 122.49 126.23 130.02 133.80 137.53 141.01 144.07 146.70 148.89 150.66 152.02 152.97 153.51 153.67 153.43 152.81 151.82 150.27 147.78 144.27 139.80 134.41 128.16 121.16
145.91 143.96 142.05 140.21 138.44 136.76 135.29 134.05 133.04 132.22 131.58 131.10 130.76 130.54 130.42 130.39 130.48 130.72 131.12 131.63 132.23 132.91 133.64 134.27 134.19 133.21 131.46 129.06 126.13 122.80 119.20 115.53 112.01 108.73 105.74 103.08 100.79 98.93 97.54 96.65 96.33 96.59 97.41 98.72 100.50 102.69 105.26 108.17 111.39 114.85 118.46 122.18 125.97 129.79 133.62 137.42 141.12 144.54 147.51 150.01 152.06 153.64 154.78 155.49 155.75 155.60 155.01 153.83 151.69 148.48 144.27 139.11 133.06 126.18 118.56
146.59 144.68 142.82 141.01 139.25 137.55 135.94 134.53 133.33 132.34 131.53 130.89 130.39 130.02 129.77 129.66 129.73 129.98 130.38 130.90 131.52 132.22 132.97 133.63 133.57 132.62 130.90 128.54 125.64 122.35 118.78 115.05 111.37 107.93 104.82 102.08 99.75 97.88 96.51 95.70 95.47 95.83 96.71 98.08 99.91 102.15 104.77 107.73 110.99 114.49 118.13 121.89 125.71 129.57 133.43 137.26 141.02 144.65 147.97 150.80 153.13 154.98 156.33 157.21 157.62 157.56 156.86 155.15 152.35 148.52 143.70 137.96 131.34 123.92 115.78
147.35 145.48 143.66 141.87 140.13 138.43 136.78 135.21 133.82 132.64 131.65 130.84 130.17 129.64 129.28 129.14 129.20 129.44 129.82 130.34 130.96 131.66 132.42 133.10 133.06 132.12 130.42 128.07 125.20 121.93 118.38 114.67 110.94 107.37 104.12 101.29 98.90 97.02 95.67 94.92 94.76 95.17 96.10 97.52 99.40 101.68 104.34 107.33 110.62 114.15 117.82 121.60 125.45 129.34 133.22 137.07 140.85 144.53 148.04 151.21 153.86 155.98 157.58 158.66 159.22 159.11 157.95 155.67 152.31 147.94 142.61 136.37 129.29 121.41 112.85
