data_processed/recharge/precip/Precip_1984_02.asc
ncols        168
nrows        136
xllcorner    455000
yllcorner    2107000
cellsize     500
NODATA_value     -99999
[rows 0 to 35 of 136, columns 82 to 163 of 168]
27.45 25.97 24.48 23.01 21.55 20.10 18.71 17.48 16.49 15.70 15.11 14.67 14.30 13.96 13.63 13.31 13.01 12.71 12.41 12.10 11.80 11.48 11.15 10.80 10.43 10.04 9.64 9.24 8.85 8.49 8.18 7.90 7.66 7.47 7.33 7.28 7.37 7.59 7.93 8.40 8.98 9.66 10.44 11.32 12.28 13.31 14.41 15.58 16.81 18.14 19.56 21.05 22.62 24.21 25.70 27.09 28.37 29.54 30.64 31.70 32.72 33.70 34.61 35.46 36.22 36.88 37.44 37.89 38.20 38.37 38.39 38.27 38.04 37.73 37.32 36.80 36.16 35.44 34.65 33.81 32.93 32.00
28.37 26.84 25.29 23.74 22.19 20.65 19.15 17.82 16.72 15.84 15.16 14.64 14.27 13.95 13.66 13.37 13.09 12.82 12.54 12.26 11.97 11.66 11.35 11.01 10.65 10.26 9.86 9.47 9.09 8.74 8.43 8.16 7.93 7.74 7.60 7.51 7.51 7.65 7.92 8.33 8.85 9.49 10.24 11.08 12.02 13.05 14.15 15.34 16.63 18.03 19.53 21.11 22.77 24.45 26.03 27.48 28.81 30.04 31.15 32.17 33.14 34.05 34.90 35.67 36.35 36.92 37.39 37.73 37.93 37.99 37.91 37.73 37.48 37.14 36.71 36.17 35.50 34.75 33.94 33.07 32.16 31.21
29.11 27.54 25.94 24.33 22.72 21.10 19.51 18.08 16.90 15.94 15.18 14.59 14.16 13.85 13.60 13.35 13.11 12.87 12.63 12.38 12.12 11.84 11.55 11.22 10.86 10.48 10.09 9.70 9.33 8.99 8.69 8.42 8.20 8.02 7.88 7.79 7.75 7.80 8.00 8.33 8.79 9.37 10.07 10.88 11.79 12.80 13.91 15.13 16.48 17.94 19.50 21.15 22.88 24.64 26.28 27.79 29.17 30.42 31.55 32.56 33.48 34.32 35.09 35.78 36.37 36.85 37.21 37.44 37.52 37.47 37.34 37.15 36.88 36.53 36.08 35.51 34.82 34.04 33.20 32.31 31.37 30.40
29.68 28.08 26.45 24.80 23.13 21.44 19.78 18.28 17.03 16.00 15.18 14.54 14.05 13.71 13.47 13.28 13.09 12.89 12.69 12.49 12.27 12.03 11.75 11.43 11.08 10.70 10.31 9.93 9.57 9.24 8.95 8.69 8.48 8.30 8.17 8.08 8.04 8.05 8.16 8.41 8.80 9.31 9.96 10.72 11.59 12.58 13.71 14.97 16.35 17.86 19.47 21.17 22.96 24.78 26.48 28.03 29.43 30.70 31.84 32.84 33.72 34.50 35.18 35.77 36.26 36.64 36.88 36.99 36.97 36.88 36.73 36.53 36.25 35.89 35.42 34.83 34.11 33.31 32.44 31.53 30.57 29.59
30.07 28.47 26.82 25.14 23.43 21.70 19.97 18.42 17.11 16.04 15.17 14.48 13.96 13.59 13.33 13.17 13.04 12.90 12.76 12.61 12.43 12.22 11.96 11.64 11.29 10.92 10.54 10.16 9.81 9.49 9.21 8.96 8.76 8.59 8.46 8.38 8.34 8.35 8.41 8.58 8.88 9.32 9.90 10.61 11.44 12.43 13.57 14.85 16.26 17.79 19.43 21.18 23.02 24.88 26.62 28.19 29.61 30.88 32.00 32.99 33.83 34.55 35.14 35.64 36.02 36.28 36.40 36.40 36.34 36.24 36.09 35.88 35.60 35.22 34.73 34.13 33.39 32.56 31.68 30.74 29.77 28.77
30.30 28.70 27.05 25.36 23.62 21.86 20.10 18.50 17.16 16.04 15.14 14.44 13.90 13.50 13.24 13.07 12.98 12.92 12.84 12.75 12.62 12.41 12.15 11.84 11.49 11.13 10.75 10.39 10.05 9.74 9.47 9.23 9.04 8.87 8.75 8.68 8.64 8.65 8.72 8.83 9.05 9.41 9.91 10.56 11.37 12.36 13.49 14.78 16.20 17.74 19.41 21.18 23.05 24.95 26.70 28.29 29.70 30.96 32.06 33.00 33.80 34.45 34.97 35.35 35.62 35.76 35.77 35.73 35.67 35.57 35.42 35.21 34.92 34.53 34.03 33.41 32.65 31.80 30.90 29.95 28.96 27.95
30.36 28.79 27.15 25.46 23.72 21.94 20.15 18.53 17.16 16.03 15.12 14.40 13.85 13.46 13.20 13.04 12.97 12.96 12.96 12.92 12.79 12.59 12.33 12.02 11.68 11.32 10.96 10.61 10.28 9.98 9.72 9.50 9.31 9.16 9.04 8.97 8.94 8.96 9.02 9.14 9.31 9.58 10.01 10.61 11.40 12.36 13.48 14.76 16.17 17.72 19.39 21.17 23.06 24.97 26.73 28.31 29.72 30.94 32.00 32.89 33.62 34.20 34.63 34.91 35.05 35.08 35.05 35.02 34.97 34.88 34.73 34.52 34.22 33.83 33.32 32.68 31.90 31.04 30.12 29.16 28.16 27.13
30.27 28.74 27.13 25.46 23.73 21.95 20.15 18.51 17.14 16.00 15.09 14.38 13.84 13.47 13.22 13.09 13.05 13.07 13.11 13.06 12.94 12.74 12.49 12.19 11.86 11.51 11.16 10.81 10.49 10.21 9.97 9.76 9.58 9.43 9.33 9.26 9.24 9.26 9.33 9.44 9.61 9.85 10.22 10.78 11.53 12.45 13.54 14.79 16.19 17.72 19.38 21.16 23.04 24.96 26.72 28.28 29.65 30.83 31.83 32.66 33.31 33.80 34.12 34.29 34.32 34.31 34.31 34.29 34.24 34.16 34.02 33.81 33.51 33.11 32.59 31.94 31.15 30.28 29.35 28.37 27.36 26.32
30.02 28.55 26.99 25.35 23.64 21.88 20.08 18.45 17.09 15.97 15.07 14.38 13.87 13.52 13.31 13.22 13.22 13.25 13.25 13.19 13.07 12.88 12.63 12.34 12.01 11.67 11.33 11.00 10.70 10.43 10.20 10.00 9.83 9.70 9.60 9.55 9.53 9.56 9.63 9.75 9.93 10.19 10.56 11.07 11.76 12.63 13.68 14.88 16.24 17.75 19.38 21.14 23.01 24.92 26.65 28.18 29.50 30.63 31.56 32.30 32.86 33.24 33.45 33.51 33.51 33.52 33.53 33.53 33.50 33.42 33.29 33.08 32.78 32.38 31.86 31.20 30.40 29.51 28.57 27.59 26.57 25.52
29.63 28.23 26.73 25.14 23.48 21.74 19.97 18.36 17.02 15.93 15.07 14.41 13.94 13.64 13.48 13.44 13.45 13.43 13.39 13.31 13.18 12.99 12.75 12.46 12.15 11.82 11.49 11.17 10.88 10.63 10.41 10.23 10.07 9.95 9.87 9.82 9.81 9.84 9.92 10.05 10.27 10.57 10.97 11.46 12.09 12.90 13.88 15.04 16.35 17.80 19.40 21.13 22.97 24.85 26.55 28.02 29.29 30.34 31.19 31.83 32.28 32.54 32.64 32.67 32.69 32.71 32.74 32.75 32.73 32.67 32.55 32.35 32.05 31.65 31.12 30.46 29.65 28.75 27.81 26.82 25.79 24.74
29.10 27.78 26.36 24.84 23.23 21.54 19.81 18.23 16.93 15.89 15.07 14.47 14.06 13.82 13.72 13.69 13.66 13.60 13.52 13.41 13.26 13.07 12.84 12.56 12.26 11.94 11.62 11.32 11.04 10.80 10.60 10.43 10.29 10.19 10.11 10.07 10.07 10.11 10.20 10.38 10.63 10.98 11.41 11.92 12.52 13.26 14.17 15.25 16.50 17.90 19.44 21.12 22.92 24.75 26.40 27.81 29.00 29.96 30.71 31.24 31.57 31.72 31.79 31.84 31.89 31.92 31.94 31.96 31.96 31.91 31.80 31.61 31.32 30.92 30.39 29.72 28.91 28.01 27.05 26.06 25.03 23.98
28.44 27.22 25.89 24.45 22.91 21.29 19.60 18.08 16.84 15.85 15.10 14.57 14.24 14.07 13.99 13.92 13.83 13.74 13.62 13.49 13.32 13.13 12.90 12.63 12.34 12.03 11.73 11.44 11.18 10.96 10.77 10.62 10.49 10.40 10.34 10.31 10.32 10.37 10.51 10.72 11.02 11.39 11.85 12.39 13.01 13.71 14.53 15.53 16.70 18.02 19.50 21.11 22.85 24.63 26.21 27.55 28.64 29.51 30.14 30.55 30.76 30.88 30.98 31.06 31.12 31.16 31.18 31.19 31.18 31.15 31.05 30.87 30.59 30.19 29.67 29.00 28.18 27.27 26.32 25.32 24.30 23.25
27.64 26.54 25.32 23.98 22.53 20.98 19.36 17.91 16.74 15.83 15.16 14.71 14.46 14.32 14.19 14.07 13.95 13.82 13.67 13.52 13.34 13.15 12.92 12.67 12.39 12.09 11.80 11.53 11.28 11.08 10.92 10.78 10.67 10.59 10.54 10.52 10.55 10.65 10.83 11.08 11.41 11.81 12.30 12.85 13.48 14.19 14.98 15.88 16.95 18.19 19.58 21.12 22.79 24.49 25.99 27.23 28.22 28.97 29.47 29.76 29.96 30.11 30.24 30.34 30.41 30.45 30.47 30.47 30.44 30.39 30.30 30.13 29.86 29.47 28.95 28.29 27.47 26.56 25.60 24.61 23.59 22.54
26.74 25.75 24.65 23.43 22.08 20.62 19.09 17.72 16.64 15.82 15.25 14.90 14.67 14.48 14.31 14.14 13.98 13.82 13.66 13.49 13.31 13.11 12.90 12.66 12.40 12.12 11.85 11.59 11.36 11.18 11.03 10.91 10.82 10.75 10.71 10.72 10.79 10.93 11.15 11.44 11.80 12.23 12.73 13.30 13.95 14.66 15.44 16.30 17.27 18.40 19.69 21.13 22.72 24.33 25.74 26.87 27.74 28.35 28.74 29.01 29.24 29.43 29.58 29.70 29.78 29.82 29.83 29.81 29.76 29.67 29.56 29.40 29.14 28.77 28.25 27.59 26.77 25.87 24.91 23.92 22.90 21.87
25.82 24.88 23.90 22.80 21.57 20.23 18.80 17.52 16.54 15.83 15.37 15.05 14.78 14.54 14.31 14.11 13.92 13.73 13.56 13.38 13.20 13.01 12.81 12.60 12.36 12.11 11.85 11.61 11.40 11.23 11.11 11.01 10.93 10.88 10.87 10.92 11.03 11.22 11.47 11.79 12.18 12.63 13.15 13.74 14.39 15.10 15.88 16.72 17.63 18.65 19.83 21.17 22.64 24.16 25.45 26.46 27.20 27.69 28.06 28.38 28.64 28.86 29.04 29.16 29.25 29.29 29.29 29.25 29.16 29.04 28.89 28.69 28.44 28.08 27.57 26.92 26.10 25.20 24.25 23.27 22.26 21.24
24.92 24.01 23.09 22.11 21.02 19.79 18.48 17.32 16.46 15.87 15.44 15.08 14.75 14.46 14.19 13.95 13.74 13.53 13.35 13.17 12.99 12.82 12.64 12.45 12.26 12.04 11.81 11.59 11.40 11.26 11.15 11.07 11.01 10.98 11.02 11.11 11.27 11.50 11.78 12.13 12.54 13.01 13.54 14.14 14.79 15.50 16.27 17.10 17.99 18.95 20.00 21.22 22.58 23.98 25.14 26.02 26.63 27.11 27.53 27.88 28.18 28.43 28.62 28.76 28.84 28.87 28.86 28.79 28.68 28.52 28.31 28.06 27.77 27.41 26.92 26.27 25.46 24.57 23.63 22.65 21.66 20.67
24.05 23.18 22.29 21.38 20.41 19.33 18.15 17.12 16.38 15.84 15.36 14.94 14.56 14.22 13.92 13.66 13.42 13.20 13.01 12.84 12.67 12.52 12.36 12.21 12.06 11.89 11.72 11.53 11.36 11.24 11.15 11.09 11.06 11.08 11.16 11.30 11.50 11.76 12.07 12.44 12.87 13.36 13.90 14.50 15.15 15.86 16.62 17.43 18.30 19.22 20.21 21.29 22.52 23.79 24.81 25.56 26.16 26.69 27.15 27.55 27.88 28.15 28.35 28.50 28.58 28.60 28.57 28.47 28.32 28.12 27.86 27.55 27.19 26.78 26.29 25.65 24.85 23.97 23.04 22.09 21.13 20.17
23.23 22.40 21.56 20.69 19.79 18.84 17.80 16.91 16.23 15.63 15.10 14.62 14.20 13.82 13.49 13.20 12.95 12.72 12.53 12.36 12.22 12.08 11.96 11.85 11.74 11.63 11.52 11.40 11.27 11.17 11.11 11.08 11.09 11.16 11.29 11.47 11.70 11.99 12.33 12.72 13.17 13.66 14.21 14.81 15.46 16.15 16.90 17.70 18.54 19.44 20.38 21.37 22.46 23.59 24.49 25.23 25.88 26.46 26.97 27.40 27.76 28.04 28.26 28.40 28.48 28.49 28.43 28.31 28.12 27.87 27.56 27.18 26.75 26.26 25.71 25.07 24.28 23.41 22.50 21.58 20.66 19.74
22.47 21.70 20.90 20.08 19.23 18.36 17.45 16.62 15.88 15.22 14.63 14.10 13.64 13.23 12.87 12.56 12.30 12.08 11.89 11.74 11.61 11.51 11.42 11.36 11.30 11.25 11.21 11.16 11.11 11.06 11.03 11.04 11.11 11.23 11.39 11.61 11.88 12.19 12.55 12.96 13.41 13.92 14.47 15.06 15.70 16.39 17.12 17.89 18.71 19.57 20.47 21.42 22.41 23.42 24.31 25.11 25.82 26.45 26.99 27.46 27.84 28.14 28.36 28.50 28.57 28.56 28.48 28.32 28.09 27.79 27.42 26.98 26.47 25.89 25.25 24.54 23.75 22.90 22.03 21.15 20.27 19.37
21.80 21.08 20.33 19.56 18.76 17.93 17.06 16.19 15.38 14.66 14.01 13.44 12.94 12.50 12.12 11.80 11.53 11.31 11.13 10.99 10.89 10.82 10.77 10.75 10.75 10.77 10.79 10.83 10.86 10.91 10.96 11.03 11.14 11.30 11.50 11.74 12.03 12.37 12.75 13.17 13.63 14.13 14.68 15.26 15.89 16.55 17.26 18.01 18.79 19.61 20.48 21.37 22.32 23.31 24.27 25.13 25.90 26.58 27.16 27.66 28.06 28.38 28.61 28.75 28.81 28.78 28.67 28.48 28.21 27.86 27.43 26.92 26.34 25.68 24.94 24.14 23.28 22.45 21.62 20.78 19.92 19.07
21.22 20.54 19.83 19.10 18.34 17.53 16.67 15.78 14.92 14.13 13.43 12.81 12.26 11.79 11.39 11.05 10.77 10.55 10.37 10.25 10.17 10.13 10.12 10.15 10.20 10.28 10.37 10.48 10.61 10.79 10.96 11.10 11.25 11.43 11.66 11.93 12.23 12.58 12.96 13.38 13.84 14.33 14.86 15.43 16.03 16.67 17.34 18.05 18.79 19.57 20.37 21.22 22.16 23.16 24.16 25.09 25.93 26.66 27.30 27.83 28.27 28.61 28.86 29.01 29.07 29.03 28.91 28.69 28.39 27.99 27.51 26.95 26.30 25.57 24.75 23.86 22.91 22.02 21.21 20.41 19.60 18.78
20.70 20.05 19.38 18.67 17.93 17.13 16.27 15.38 14.50 13.66 12.90 12.23 11.64 11.14 10.70 10.34 10.05 9.82 9.66 9.54 9.48 9.47 9.50 9.56 9.67 9.80 9.96 10.16 10.41 10.70 10.99 11.23 11.44 11.64 11.89 12.16 12.47 12.82 13.19 13.60 14.04 14.52 15.03 15.56 16.13 16.73 17.36 18.01 18.70 19.41 20.17 21.00 21.94 22.96 23.97 24.95 25.86 26.66 27.35 27.94 28.42 28.80 29.07 29.24 29.31 29.28 29.15 28.92 28.59 28.17 27.65 27.04 26.34 25.54 24.66 23.70 22.67 21.70 20.83 20.05 19.27 18.49
20.23 19.60 18.94 18.26 17.52 16.73 15.87 14.98 14.11 13.26 12.45 11.72 11.08 10.54 10.07 9.69 9.38 9.15 8.98 8.87 8.82 8.83 8.89 9.00 9.15 9.34 9.57 9.88 10.25 10.66 11.05 11.39 11.68 11.92 12.17 12.44 12.75 13.08 13.44 13.83 14.24 14.69 15.16 15.65 16.17 16.72 17.29 17.89 18.51 19.17 19.90 20.74 21.68 22.71 23.73 24.72 25.68 26.55 27.32 27.97 28.51 28.93 29.24 29.44 29.53 29.52 29.39 29.16 28.82 28.38 27.83 27.19 26.44 25.59 24.66 23.63 22.54 21.49 20.54 19.71 18.95 18.21
19.77 19.15 18.51 17.83 17.11 16.32 15.46 14.58 13.71 12.86 12.04 11.27 10.59 10.00 9.50 9.09 8.76 8.51 8.34 8.24 8.20 8.23 8.32 8.46 8.65 8.90 9.24 9.66 10.14 10.65 11.14 11.56 11.92 12.23 12.49 12.76 13.04 13.35 13.69 14.04 14.42 14.82 15.24 15.69 16.15 16.64 17.15 17.67 18.23 18.86 19.59 20.43 21.38 22.41 23.44 24.45 25.42 26.34 27.18 27.91 28.51 28.99 29.35 29.59 29.72 29.72 29.61 29.39 29.05 28.60 28.04 27.37 26.59 25.71 24.73 23.65 22.50 21.38 20.37 19.45 18.65 17.93
19.31 18.70 18.07 17.40 16.68 15.91 15.06 14.18 13.32 12.48 11.66 10.88 10.15 9.52 8.98 8.54 8.19 7.92 7.74 7.64 7.62 7.66 7.77 7.95 8.19 8.54 8.99 9.50 10.07 10.66 11.24 11.73 12.16 12.53 12.84 13.10 13.36 13.63 13.93 14.24 14.57 14.92 15.29 15.67 16.06 16.48 16.91 17.36 17.89 18.51 19.25 20.09 21.04 22.08 23.11 24.12 25.10 26.04 26.93 27.74 28.42 28.97 29.39 29.68 29.85 29.89 29.81 29.60 29.28 28.83 28.26 27.58 26.78 25.88 24.86 23.75 22.55 21.37 20.29 19.31 18.44 17.67
18.84 18.24 17.62 16.96 16.26 15.49 14.65 13.79 12.93 12.09 11.28 10.51 9.77 9.10 8.52 8.05 7.67 7.39 7.20 7.09 7.07 7.13 7.26 7.48 7.82 8.26 8.80 9.40 10.04 10.71 11.35 11.91 12.40 12.81 13.15 13.44 13.68 13.91 14.16 14.42 14.69 14.97 15.27 15.58 15.90 16.23 16.58 17.00 17.52 18.14 18.88 19.72 20.67 21.71 22.74 23.76 24.75 25.70 26.60 27.46 28.22 28.85 29.34 29.69 29.92 30.01 29.96 29.79 29.48 29.05 28.49 27.80 27.00 26.08 25.04 23.90 22.66 21.44 20.31 19.27 18.33 17.49
18.36 17.77 17.16 16.52 15.83 15.07 14.24 13.39 12.54 11.72 10.92 10.15 9.42 8.74 8.13 7.61 7.21 6.91 6.70 6.59 6.57 6.64 6.81 7.10 7.53 8.06 8.67 9.34 10.06 10.79 11.48 12.09 12.62 13.06 13.43 13.74 13.98 14.18 14.37 14.56 14.76 14.97 15.19 15.41 15.64 15.89 16.20 16.61 17.13 17.75 18.48 19.32 20.26 21.30 22.34 23.35 24.35 25.30 26.22 27.09 27.90 28.62 29.19 29.62 29.91 30.05 30.06 29.93 29.65 29.25 28.70 28.03 27.23 26.30 25.26 24.09 22.82 21.57 20.40 19.31 18.31 17.42
17.86 17.29 16.70 16.08 15.40 14.66 13.84 13.00 12.16 11.35 10.56 9.80 9.08 8.41 7.79 7.25 6.81 6.48 6.26 6.14 6.12 6.21 6.45 6.83 7.33 7.93 8.61 9.34 10.11 10.89 11.63 12.27 12.82 13.29 13.67 13.99 14.23 14.41 14.55 14.67 14.79 14.91 15.04 15.16 15.30 15.51 15.81 16.21 16.72 17.33 18.06 18.89 19.83 20.86 21.89 22.91 23.91 24.87 25.80 26.68 27.51 28.27 28.93 29.45 29.81 30.03 30.09 30.01 29.78 29.41 28.90 28.24 27.46 26.54 25.49 24.31 23.03 21.76 20.55 19.42 18.38 17.43
17.36 16.81 16.24 15.63 14.97 14.24 13.44 12.61 11.79 10.98 10.20 9.46 8.75 8.09 7.48 6.93 6.47 6.11 5.87 5.74 5.73 5.89 6.20 6.65 7.21 7.87 8.60 9.38 10.19 11.01 11.78 12.45 13.02 13.49 13.88 14.18 14.41 14.57 14.67 14.72 14.75 14.78 14.80 14.83 14.93 15.12 15.41 15.80 16.30 16.90 17.61 18.44 19.37 20.39 21.42 22.44 23.44 24.40 25.34 26.22 27.06 27.85 28.56 29.16 29.62 29.91 30.05 30.03 29.85 29.53 29.05 28.43 27.67 26.76 25.72 24.55 23.26 21.97 20.75 19.59 18.52 17.52
16.85 16.32 15.77 15.18 14.54 13.82 13.04 12.22 11.42 10.63 9.86 9.13 8.43 7.78 7.19 6.65 6.19 5.81 5.54 5.41 5.46 5.69 6.06 6.57 7.18 7.89 8.66 9.47 10.31 11.16 11.94 12.62 13.19 13.66 14.03 14.32 14.52 14.65 14.71 14.70 14.65 14.57 14.49 14.47 14.55 14.73 15.00 15.38 15.86 16.45 17.15 17.96 18.89 19.90 20.93 21.94 22.93 23.90 24.84 25.73 26.58 27.37 28.10 28.76 29.30 29.69 29.91 29.96 29.85 29.58 29.15 28.57 27.85 26.97 25.95 24.79 23.50 22.21 20.98 19.81 18.70 17.68
16.34 15.83 15.30 14.73 14.10 13.41 12.64 11.85 11.06 10.28 9.53 8.81 8.13 7.50 6.91 6.39 5.94 5.56 5.30 5.22 5.33 5.60 6.03 6.58 7.23 7.97 8.77 9.60 10.46 11.32 12.11 12.78 13.34 13.80 14.15 14.40 14.57 14.65 14.65 14.58 14.45 14.28 14.15 14.12 14.17 14.33 14.59 14.95 15.42 16.00 16.68 17.48 18.39 19.39 20.41 21.41 22.40 23.37 24.30 25.20 26.06 26.86 27.60 28.28 28.87 29.35 29.66 29.79 29.76 29.56 29.19 28.66 27.98 27.14 26.15 25.01 23.74 22.46 21.22 20.05 18.93 17.89
15.82 15.34 14.83 14.28 13.68 13.00 12.25 11.47 10.70 9.95 9.21 8.51 7.85 7.23 6.66 6.15 5.71 5.37 5.18 5.16 5.32 5.64 6.10 6.68 7.36 8.12 8.93 9.78 10.64 11.49 12.28 12.94 13.48 13.90 14.21 14.42 14.53 14.56 14.49 14.35 14.15 13.96 13.82 13.76 13.80 13.94 14.18 14.52 14.97 15.53 16.20 16.98 17.88 18.86 19.87 20.86 21.85 22.81 23.74 24.64 25.50 26.31 27.06 27.74 28.36 28.89 29.29 29.52 29.57 29.44 29.15 28.68 28.05 27.26 26.31 25.21 23.96 22.70 21.47 20.30 19.18 18.13
15.29 14.84 14.36 13.83 13.25 12.60 11.87 11.11 10.36 9.62 8.91 8.22 7.58 6.97 6.42 5.93 5.53 5.28 5.19 5.24 5.44 5.79 6.27 6.87 7.56 8.33 9.14 9.99 10.84 11.68 12.45 13.08 13.58 13.96 14.23 14.38 14.43 14.38 14.24 14.02 13.80 13.62 13.49 13.42 13.44 13.55 13.77 14.09 14.52 15.06 15.71 16.47 17.35 18.32 19.31 20.29 21.27 22.22 23.15 24.05 24.91 25.72 26.48 27.17 27.79 28.34 28.79 29.11 29.26 29.22 29.01 28.62 28.06 27.32 26.42 25.36 24.15 22.92 21.71 20.55 19.44 18.39
14.77 14.34 13.88 13.38 12.83 12.20 11.50 10.76 10.03 9.31 8.62 7.95 7.33 6.74 6.21 5.76 5.46 5.31 5.30 5.42 5.68 6.05 6.54 7.15 7.84 8.60 9.41 10.24 11.07 11.88 12.61 13.21 13.66 13.99 14.19 14.27 14.24 14.11 13.89 13.65 13.44 13.27 13.15 13.08 13.08 13.17 13.37 13.66 14.07 14.59 15.22 15.96 16.82 17.77 18.74 19.71 20.67 21.62 22.54 23.44 24.29 25.11 25.86 26.56 27.18 27.73 28.20 28.58 28.82 28.89 28.76 28.46 27.97 27.31 26.47 25.46 24.30 23.10 21.93 20.79 19.70 18.65
14.24 13.84 13.41 12.94 12.41 11.81 11.13 10.42 9.71 9.02 8.34 7.70 7.09 6.53 6.05 5.70 5.50 5.44 5.51 5.70 6.01 6.41 6.91 7.51 8.19 8.93 9.71 10.52 11.32 12.09 12.78 13.32 13.71 13.97 14.10 14.10 13.98 13.76 13.52 13.29 13.09 12.92 12.80 12.74 12.73 12.81 12.97 13.25 13.63 14.12 14.72 15.44 16.28 17.21 18.16 19.11 20.06 21.00 21.91 22.80 23.65 24.46 25.21 25.90 26.53 27.08 27.56 27.95 28.25 28.42 28.40 28.18 27.78 27.20 26.43 25.48 24.38 23.23 22.10 21.00 19.94 18.91
13.71 13.35 12.95 12.50 12.00 11.43 10.77 10.08 9.40 8.73 8.09 7.47 6.88 6.37 5.99 5.75 5.66 5.68 5.83 6.08 6.42 6.86 7.37 7.95 8.61 9.32 10.07 10.83 11.58 12.30 12.93 13.41 13.73 13.91 13.95 13.86 13.65 13.40 13.16 12.94 12.74 12.58 12.46 12.39 12.38 12.45 12.59 12.84 13.19 13.65 14.23 14.93 15.74 16.64 17.57 18.51 19.44 20.36 21.27 22.14 22.99 23.78 24.52 25.21 25.83 26.39 26.87 27.27 27.58 27.81 27.89 27.78 27.48 26.98 26.30 25.43 24.39 23.30 22.23 21.17 20.14 19.15
