data_processed/recharge/precip/Precip_1984_02.asc
ncols        168
nrows        136
xllcorner    455000
yllcorner    2107000
cellsize     500
NODATA_value     -99999
[rows 35 to 69 of 136, columns 79 to 157 of 168]
12.75 12.77 12.80 12.83 12.86 12.89 12.91 12.94 12.97 13.00 13.03 13.06 13.08 13.11 13.14 13.17 13.19 13.22 13.25 13.27 13.30 13.33 13.35 13.38 13.40 13.42 13.45 13.47 13.49 13.52 13.54 13.56 13.58 13.60 13.61 13.63 13.65 13.67 13.71 13.75 13.81 13.87 13.95 14.03 14.08 14.06 13.98 13.83 13.62 13.35 13.03 12.66 12.28 11.89 11.48 11.07 10.65 10.23 9.80 9.37 8.94 8.51 8.08 7.66 7.24 6.83 6.43 6.03 5.65 5.29 4.94 4.60 4.29 3.99 3.71 3.46 3.23 3.03 2.85
12.59 12.62 12.65 12.69 12.72 12.75 12.79 12.82 12.85 12.89 12.92 12.95 12.98 13.02 13.05 13.08 13.11 13.14 13.17 13.20 13.23 13.26 13.29 13.32 13.35 13.38 13.40 13.43 13.46 13.48 13.50 13.53 13.55 13.57 13.59 13.61 13.63 13.65 13.68 13.72 13.76 13.82 13.88 13.96 14.00 13.98 13.88 13.72 13.50 13.23 12.90 12.56 12.20 11.82 11.44 11.05 10.64 10.24 9.82 9.41 8.99 8.57 8.15 7.73 7.32 6.92 6.52 6.13 5.75 5.39 5.03 4.70 4.37 4.07 3.79 3.53 3.29 3.08 2.89
12.43 12.47 12.51 12.54 12.58 12.62 12.66 12.70 12.73 12.77 12.81 12.85 12.88 12.92 12.96 12.99 13.03 13.06 13.10 13.13 13.17 13.20 13.23 13.26 13.30 13.33 13.36 13.39 13.41 13.44 13.47 13.50 13.52 13.55 13.57 13.59 13.62 13.64 13.66 13.69 13.72 13.77 13.83 13.89 13.93 13.90 13.79 13.63 13.40 13.12 12.81 12.49 12.15 11.80 11.44 11.06 10.68 10.28 9.89 9.48 9.08 8.67 8.26 7.85 7.45 7.05 6.65 6.27 5.89 5.52 5.17 4.83 4.50 4.20 3.91 3.64 3.39 3.17 2.97
12.27 12.31 12.36 12.40 12.44 12.49 12.53 12.57 12.62 12.66 12.70 12.74 12.78 12.82 12.86 12.90 12.94 12.98 13.02 13.06 13.10 13.13 13.17 13.21 13.24 13.27 13.31 13.34 13.37 13.40 13.43 13.46 13.49 13.52 13.55 13.57 13.60 13.62 13.64 13.66 13.69 13.73 13.78 13.84 13.87 13.82 13.71 13.53 13.30 13.04 12.76 12.47 12.15 11.82 11.48 11.12 10.75 10.38 9.99 9.60 9.21 8.81 8.41 8.01 7.61 7.21 6.82 6.44 6.07 5.70 5.34 5.00 4.67 4.36 4.06 3.79 3.53 3.29 3.08
12.11 12.16 12.21 12.25 12.30 12.35 12.40 12.45 12.49 12.54 12.59 12.63 12.68 12.72 12.77 12.81 12.86 12.90 12.94 12.98 13.03 13.07 13.11 13.14 13.18 13.22 13.26 13.29 13.33 13.36 13.39 13.43 13.46 13.49 13.52 13.55 13.57 13.60 13.62 13.65 13.67 13.70 13.74 13.79 13.81 13.76 13.63 13.46 13.25 13.01 12.76 12.49 12.19 11.88 11.56 11.22 10.87 10.51 10.14 9.76 9.38 8.99 8.60 8.21 7.82 7.43 7.04 6.66 6.28 5.92 5.56 5.22 4.88 4.56 4.26 3.98 3.71 3.46 3.24
11.95 12.00 12.05 12.11 12.16 12.21 12.27 12.32 12.37 12.42 12.47 12.52 12.57 12.62 12.67 12.72 12.77 12.81 12.86 12.91 12.95 12.99 13.04 13.08 13.12 13.16 13.20 13.24 13.28 13.32 13.35 13.39 13.42 13.46 13.49 13.52 13.55 13.58 13.60 13.63 13.65 13.68 13.71 13.75 13.76 13.69 13.57 13.42 13.24 13.03 12.80 12.55 12.28 11.99 11.69 11.37 11.03 10.69 10.33 9.97 9.60 9.22 8.84 8.45 8.07 7.68 7.30 6.92 6.55 6.18 5.82 5.47 5.14 4.81 4.50 4.21 3.93 3.68 3.44
11.78 11.84 11.90 11.96 12.02 12.07 12.13 12.19 12.24 12.30 12.36 12.41 12.46 12.52 12.57 12.62 12.68 12.73 12.78 12.83 12.87 12.92 12.97 13.01 13.06 13.10 13.15 13.19 13.23 13.27 13.31 13.35 13.38 13.42 13.45 13.49 13.52 13.55 13.58 13.61 13.63 13.66 13.68 13.71 13.71 13.65 13.55 13.43 13.27 13.09 12.89 12.66 12.41 12.15 11.86 11.56 11.24 10.91 10.57 10.22 9.86 9.49 9.12 8.74 8.36 7.98 7.61 7.23 6.86 6.49 6.13 5.78 5.44 5.11 4.79 4.49 4.20 3.93 3.69
11.62 11.68 11.74 11.81 11.87 11.93 11.99 12.06 12.12 12.18 12.24 12.30 12.35 12.41 12.47 12.52 12.58 12.63 12.69 12.74 12.79 12.84 12.90 12.94 12.99 13.04 13.09 13.13 13.18 13.22 13.26 13.30 13.34 13.38 13.41 13.45 13.48 13.52 13.55 13.58 13.61 13.63 13.66 13.68 13.69 13.65 13.58 13.48 13.36 13.20 13.02 12.82 12.59 12.35 12.08 11.80 11.50 11.18 10.86 10.52 10.17 9.81 9.45 9.08 8.71 8.33 7.96 7.58 7.21 6.84 6.48 6.13 5.78 5.45 5.12 4.81 4.52 4.24 3.98
11.46 11.52 11.59 11.66 11.73 11.80 11.86 11.93 11.99 12.06 12.12 12.18 12.25 12.31 12.37 12.43 12.49 12.55 12.60 12.66 12.72 12.77 12.82 12.88 12.93 12.98 13.03 13.07 13.12 13.17 13.21 13.25 13.30 13.34 13.38 13.41 13.45 13.48 13.52 13.55 13.58 13.61 13.64 13.66 13.68 13.68 13.64 13.57 13.47 13.34 13.19 13.01 12.80 12.58 12.33 12.07 11.79 11.49 11.17 10.85 10.51 10.16 9.81 9.45 9.08 8.71 8.34 7.97 7.60 7.23 6.87 6.51 6.16 5.82 5.49 5.17 4.86 4.58 4.30
11.32 11.40 11.47 11.54 11.61 11.68 11.75 11.82 11.89 11.96 12.03 12.09 12.16 12.22 12.29 12.35 12.41 12.47 12.53 12.59 12.65 12.71 12.77 12.82 12.87 12.93 12.98 13.03 13.08 13.12 13.17 13.22 13.26 13.30 13.34 13.38 13.42 13.46 13.49 13.52 13.56 13.59 13.61 13.64 13.67 13.68 13.68 13.64 13.56 13.46 13.34 13.18 13.00 12.80 12.57 12.32 12.06 11.78 11.48 11.17 10.84 10.51 10.16 9.81 9.45 9.09 8.72 8.35 7.98 7.62 7.25 6.89 6.54 6.19 5.85 5.53 5.22 4.92 4.63
11.22 11.30 11.37 11.45 11.52 11.60 11.67 11.74 11.81 11.89 11.96 12.03 12.09 12.16 12.23 12.29 12.36 12.42 12.48 12.54 12.60 12.66 12.72 12.78 12.83 12.89 12.94 12.99 13.04 13.09 13.14 13.19 13.23 13.27 13.32 13.36 13.39 13.43 13.47 13.50 13.53 13.56 13.59 13.62 13.65 13.67 13.68 13.67 13.63 13.56 13.46 13.33 13.17 12.99 12.79 12.56 12.31 12.05 11.77 11.47 11.16 10.83 10.50 10.16 9.81 9.45 9.09 8.72 8.36 7.99 7.62 7.26 6.91 6.56 6.21 5.88 5.56 5.25 4.96
11.15 11.23 11.31 11.38 11.46 11.54 11.61 11.69 11.76 11.83 11.91 11.98 12.05 12.12 12.19 12.25 12.32 12.38 12.45 12.51 12.57 12.63 12.69 12.75 12.81 12.86 12.91 12.97 13.02 13.07 13.12 13.16 13.21 13.25 13.29 13.33 13.37 13.41 13.44 13.48 13.51 13.54 13.57 13.60 13.63 13.65 13.67 13.69 13.67 13.63 13.55 13.45 13.32 13.16 12.98 12.77 12.55 12.30 12.03 11.75 11.45 11.14 10.82 10.49 10.15 9.80 9.44 9.08 8.72 8.35 7.99 7.63 7.27 6.91 6.57 6.23 5.90 5.58 5.28
11.10 11.18 11.26 11.34 11.42 11.50 11.58 11.66 11.73 11.81 11.88 11.95 12.02 12.09 12.16 12.23 12.30 12.36 12.43 12.49 12.55 12.62 12.67 12.73 12.79 12.85 12.90 12.95 13.00 13.05 13.10 13.15 13.19 13.23 13.28 13.32 13.35 13.39 13.42 13.46 13.49 13.52 13.55 13.58 13.61 13.64 13.66 13.68 13.69 13.67 13.62 13.55 13.44 13.31 13.15 12.96 12.76 12.53 12.28 12.02 11.73 11.44 11.12 10.80 10.47 10.13 9.78 9.42 9.07 8.70 8.34 7.98 7.62 7.27 6.91 6.57 6.24 5.91 5.60
11.09 11.17 11.25 11.33 11.41 11.49 11.57 11.65 11.72 11.80 11.87 11.95 12.02 12.09 12.16 12.23 12.29 12.36 12.42 12.49 12.55 12.61 12.67 12.73 12.78 12.84 12.89 12.94 12.99 13.04 13.09 13.14 13.18 13.22 13.26 13.30 13.34 13.37 13.41 13.44 13.47 13.50 13.53 13.57 13.60 13.62 13.65 13.67 13.68 13.69 13.67 13.62 13.54 13.43 13.29 13.13 12.95 12.74 12.51 12.26 11.99 11.71 11.41 11.10 10.78 10.45 10.10 9.76 9.40 9.04 8.68 8.32 7.96 7.61 7.25 6.91 6.56 6.23 5.91
11.10 11.18 11.26 11.34 11.42 11.50 11.58 11.66 11.74 11.81 11.89 11.96 12.03 12.10 12.17 12.24 12.31 12.37 12.43 12.50 12.56 12.62 12.68 12.73 12.79 12.84 12.89 12.95 12.99 13.04 13.09 13.13 13.17 13.21 13.25 13.29 13.32 13.36 13.39 13.42 13.45 13.48 13.52 13.55 13.58 13.61 13.64 13.66 13.67 13.68 13.68 13.66 13.61 13.53 13.41 13.28 13.11 12.92 12.71 12.48 12.23 11.96 11.68 11.38 11.07 10.75 10.41 10.07 9.73 9.37 9.02 8.66 8.30 7.94 7.58 7.23 6.89 6.55 6.22
11.13 11.22 11.30 11.38 11.46 11.54 11.62 11.69 11.77 11.84 11.92 11.99 12.06 12.13 12.20 12.27 12.33 12.40 12.46 12.52 12.58 12.64 12.69 12.75 12.80 12.85 12.90 12.95 13.00 13.05 13.09 13.13 13.17 13.21 13.24 13.28 13.31 13.34 13.37 13.40 13.43 13.46 13.50 13.53 13.57 13.60 13.62 13.65 13.66 13.67 13.68 13.68 13.65 13.60 13.51 13.40 13.26 13.09 12.90 12.69 12.45 12.20 11.93 11.65 11.35 11.03 10.71 10.38 10.04 9.69 9.34 8.98 8.62 8.26 7.91 7.55 7.20 6.86 6.52
11.19 11.28 11.36 11.44 11.52 11.60 11.67 11.75 11.82 11.90 11.97 12.04 12.11 12.18 12.24 12.31 12.37 12.43 12.49 12.55 12.61 12.67 12.72 12.77 12.83 12.87 12.92 12.97 13.01 13.05 13.09 13.13 13.17 13.20 13.24 13.27 13.30 13.33 13.36 13.38 13.42 13.45 13.48 13.52 13.55 13.59 13.61 13.64 13.66 13.67 13.68 13.68 13.67 13.64 13.58 13.49 13.38 13.23 13.06 12.87 12.65 12.42 12.16 11.89 11.61 11.31 10.99 10.67 10.33 9.99 9.64 9.29 8.94 8.58 8.22 7.86 7.51 7.16 6.82
11.28 11.36 11.44 11.52 11.60 11.67 11.75 11.82 11.90 11.97 12.04 12.11 12.17 12.24 12.30 12.36 12.43 12.49 12.54 12.60 12.65 12.71 12.76 12.81 12.86 12.90 12.95 12.99 13.03 13.07 13.10 13.14 13.17 13.20 13.23 13.26 13.29 13.31 13.34 13.37 13.40 13.43 13.47 13.50 13.54 13.58 13.60 13.63 13.65 13.66 13.67 13.68 13.67 13.66 13.63 13.57 13.47 13.35 13.20 13.03 12.83 12.62 12.38 12.12 11.85 11.56 11.26 10.94 10.62 10.28 9.94 9.59 9.24 8.88 8.52 8.17 7.81 7.46 7.11
11.39 11.47 11.55 11.62 11.70 11.77 11.85 11.92 11.99 12.06 12.12 12.19 12.25 12.31 12.38 12.43 12.49 12.55 12.60 12.66 12.71 12.76 12.80 12.85 12.89 12.93 12.97 13.01 13.05 13.08 13.11 13.15 13.17 13.20 13.22 13.25 13.27 13.30 13.33 13.35 13.38 13.42 13.45 13.49 13.53 13.57 13.60 13.62 13.64 13.66 13.67 13.67 13.67 13.67 13.65 13.61 13.54 13.45 13.32 13.17 12.99 12.79 12.57 12.33 12.07 11.80 11.51 11.20 10.89 10.56 10.22 9.88 9.53 9.18 8.82 8.46 8.10 7.75 7.40
11.51 11.60 11.67 11.75 11.82 11.89 11.96 12.03 12.09 12.16 12.22 12.29 12.35 12.40 12.46 12.52 12.57 12.62 12.67 12.72 12.77 12.81 12.86 12.90 12.94 12.97 13.01 13.04 13.07 13.10 13.13 13.15 13.18 13.20 13.22 13.24 13.26 13.29 13.31 13.34 13.37 13.40 13.44 13.48 13.52 13.56 13.59 13.61 13.64 13.65 13.66 13.67 13.67 13.67 13.66 13.64 13.59 13.52 13.42 13.29 13.13 12.95 12.75 12.52 12.28 12.02 11.74 11.45 11.14 10.82 10.49 10.15 9.81 9.46 9.10 8.75 8.39 8.03 7.68
11.63 11.74 11.82 11.89 11.96 12.03 12.09 12.16 12.22 12.28 12.34 12.40 12.45 12.51 12.56 12.61 12.66 12.71 12.75 12.80 12.84 12.88 12.91 12.95 12.98 13.02 13.05 13.07 13.10 13.12 13.14 13.16 13.18 13.20 13.22 13.24 13.26 13.28 13.30 13.33 13.36 13.39 13.43 13.47 13.51 13.55 13.58 13.61 13.63 13.65 13.66 13.67 13.67 13.67 13.66 13.64 13.62 13.57 13.49 13.38 13.25 13.09 12.90 12.69 12.47 12.22 11.95 11.67 11.38 11.07 10.75 10.42 10.08 9.73 9.38 9.02 8.67 8.31 7.95
11.76 11.88 11.98 12.06 12.12 12.18 12.24 12.30 12.36 12.42 12.47 12.52 12.57 12.62 12.67 12.72 12.76 12.80 12.84 12.88 12.91 12.95 12.98 13.01 13.04 13.06 13.09 13.11 13.13 13.14 13.16 13.17 13.19 13.20 13.22 13.23 13.25 13.27 13.29 13.32 13.34 13.38 13.42 13.46 13.50 13.54 13.57 13.60 13.63 13.65 13.66 13.67 13.67 13.67 13.66 13.64 13.62 13.59 13.54 13.45 13.34 13.20 13.04 12.85 12.64 12.40 12.15 11.88 11.60 11.30 10.99 10.67 10.33 9.99 9.64 9.29 8.93 8.57 8.21
11.88 12.02 12.13 12.23 12.30 12.36 12.41 12.46 12.52 12.57 12.61 12.66 12.71 12.75 12.79 12.83 12.87 12.90 12.94 12.97 13.00 13.02 13.05 13.07 13.09 13.11 13.13 13.14 13.16 13.17 13.18 13.18 13.19 13.20 13.21 13.23 13.24 13.26 13.28 13.30 13.33 13.37 13.40 13.45 13.49 13.53 13.57 13.60 13.62 13.64 13.66 13.67 13.67 13.67 13.66 13.65 13.62 13.60 13.56 13.50 13.41 13.29 13.15 12.98 12.79 12.57 12.33 12.08 11.81 11.52 11.22 10.90 10.57 10.24 9.89 9.54 9.19 8.83 8.47
12.00 12.16 12.29 12.39 12.48 12.54 12.59 12.64 12.69 12.73 12.77 12.81 12.85 12.89 12.92 12.95 12.98 13.01 13.04 13.06 13.09 13.11 13.12 13.14 13.15 13.16 13.17 13.18 13.19 13.19 13.19 13.20 13.20 13.21 13.21 13.22 13.24 13.25 13.27 13.29 13.32 13.36 13.39 13.44 13.49 13.53 13.56 13.60 13.62 13.64 13.66 13.67 13.67 13.67 13.66 13.65 13.63 13.60 13.57 13.53 13.46 13.36 13.24 13.09 12.91 12.72 12.50 12.26 12.00 11.72 11.43 11.12 10.80 10.47 10.14 9.79 9.44 9.08 8.72
12.12 12.29 12.44 12.56 12.66 12.73 12.79 12.83 12.87 12.91 12.94 12.97 13.01 13.03 13.06 13.09 13.11 13.13 13.15 13.17 13.18 13.19 13.20 13.21 13.22 13.22 13.22 13.22 13.22 13.21 13.21 13.21 13.21 13.21 13.21 13.22 13.23 13.24 13.26 13.28 13.31 13.35 13.39 13.43 13.48 13.52 13.56 13.59 13.62 13.64 13.66 13.67 13.67 13.67 13.67 13.65 13.63 13.61 13.57 13.53 13.48 13.41 13.31 13.18 13.02 12.84 12.64 12.42 12.17 11.91 11.63 11.33 11.02 10.70 10.36 10.02 9.67 9.32 8.96
12.24 12.42 12.58 12.72 12.83 12.92 12.99 13.03 13.07 13.10 13.12 13.15 13.17 13.19 13.21 13.23 13.24 13.25 13.26 13.27 13.28 13.28 13.28 13.28 13.28 13.27 13.26 13.26 13.25 13.24 13.23 13.22 13.22 13.22 13.22 13.22 13.23 13.24 13.25 13.28 13.30 13.34 13.38 13.42 13.47 13.52 13.56 13.59 13.62 13.64 13.66 13.67 13.68 13.68 13.67 13.66 13.64 13.61 13.58 13.54 13.49 13.44 13.36 13.25 13.11 12.95 12.77 12.56 12.33 12.08 11.81 11.52 11.22 10.91 10.58 10.24 9.90 9.54 9.19
12.35 12.55 12.72 12.87 13.00 13.10 13.18 13.24 13.27 13.29 13.31 13.33 13.34 13.36 13.37 13.37 13.38 13.38 13.39 13.38 13.38 13.37 13.37 13.36 13.34 13.33 13.31 13.30 13.28 13.26 13.25 13.24 13.23 13.22 13.22 13.22 13.22 13.23 13.25 13.27 13.29 13.33 13.37 13.42 13.47 13.51 13.55 13.59 13.62 13.64 13.66 13.67 13.68 13.68 13.67 13.66 13.64 13.62 13.59 13.55 13.50 13.45 13.38 13.30 13.18 13.04 12.87 12.68 12.46 12.23 11.97 11.70 11.41 11.10 10.78 10.45 10.11 9.76 9.41
12.46 12.67 12.86 13.02 13.16 13.27 13.37 13.43 13.48 13.50 13.51 13.52 13.53 13.53 13.53 13.53 13.52 13.52 13.51 13.50 13.49 13.47 13.45 13.43 13.41 13.38 13.36 13.34 13.31 13.29 13.27 13.25 13.24 13.23 13.22 13.22 13.22 13.23 13.24 13.26 13.29 13.32 13.36 13.41 13.46 13.51 13.55 13.59 13.62 13.64 13.66 13.68 13.68 13.68 13.68 13.67 13.65 13.62 13.59 13.55 13.51 13.45 13.39 13.32 13.23 13.11 12.96 12.78 12.58 12.36 12.12 11.86 11.58 11.28 10.97 10.65 10.31 9.97 9.61
12.57 12.79 12.99 13.16 13.31 13.44 13.54 13.62 13.68 13.71 13.72 13.72 13.72 13.71 13.70 13.69 13.67 13.66 13.64 13.62 13.59 13.56 13.54 13.50 13.47 13.44 13.41 13.38 13.35 13.32 13.29 13.27 13.25 13.24 13.23 13.22 13.22 13.22 13.24 13.25 13.28 13.31 13.36 13.41 13.46 13.51 13.55 13.59 13.62 13.65 13.67 13.68 13.69 13.69 13.68 13.67 13.66 13.63 13.60 13.56 13.51 13.46 13.40 13.33 13.25 13.15 13.02 12.87 12.69 12.48 12.25 12.00 11.74 11.45 11.15 10.83 10.50 10.16 9.79
12.67 12.90 13.11 13.29 13.45 13.59 13.70 13.80 13.86 13.91 13.93 13.93 13.91 13.90 13.87 13.85 13.83 13.80 13.77 13.73 13.70 13.66 13.62 13.58 13.54 13.50 13.46 13.42 13.38 13.35 13.32 13.29 13.27 13.25 13.23 13.22 13.22 13.22 13.23 13.25 13.27 13.31 13.35 13.40 13.46 13.51 13.55 13.59 13.62 13.65 13.67 13.68 13.69 13.69 13.69 13.68 13.66 13.64 13.61 13.57 13.52 13.47 13.41 13.34 13.26 13.18 13.07 12.93 12.77 12.58 12.37 12.13 11.88 11.60 11.31 11.00 10.68 10.33 9.96
12.77 13.01 13.22 13.42 13.59 13.73 13.86 13.96 14.04 14.09 14.12 14.13 14.11 14.09 14.05 14.02 13.98 13.94 13.90 13.85 13.81 13.76 13.71 13.66 13.61 13.56 13.51 13.46 13.42 13.38 13.34 13.31 13.28 13.26 13.24 13.22 13.22 13.22 13.23 13.24 13.27 13.30 13.35 13.40 13.45 13.50 13.55 13.59 13.62 13.65 13.67 13.69 13.70 13.70 13.70 13.69 13.67 13.65 13.61 13.58 13.53 13.48 13.42 13.35 13.27 13.19 13.09 12.98 12.83 12.66 12.46 12.24 12.00 11.74 11.46 11.16 10.83 10.47 10.10
12.86 13.11 13.33 13.53 13.71 13.87 14.00 14.11 14.20 14.26 14.30 14.32 14.31 14.28 14.24 14.19 14.14 14.09 14.03 13.97 13.91 13.85 13.79 13.73 13.67 13.62 13.56 13.51 13.46 13.41 13.37 13.33 13.29 13.27 13.24 13.23 13.22 13.22 13.23 13.24 13.26 13.30 13.34 13.40 13.45 13.50 13.55 13.59 13.63 13.65 13.68 13.69 13.70 13.71 13.70 13.69 13.68 13.65 13.62 13.58 13.54 13.49 13.43 13.36 13.28 13.20 13.10 13.00 12.87 12.72 12.54 12.34 12.11 11.86 11.59 11.28 10.95 10.60 10.22
12.95 13.20 13.43 13.64 13.83 13.99 14.13 14.25 14.35 14.42 14.47 14.49 14.49 14.47 14.42 14.36 14.30 14.23 14.17 14.10 14.02 13.95 13.88 13.81 13.74 13.68 13.61 13.55 13.49 13.44 13.39 13.35 13.31 13.28 13.25 13.23 13.22 13.22 13.22 13.24 13.26 13.29 13.34 13.39 13.45 13.50 13.55 13.59 13.63 13.66 13.68 13.70 13.71 13.71 13.71 13.70 13.69 13.66 13.63 13.59 13.55 13.49 13.43 13.37 13.29 13.20 13.11 13.01 12.90 12.76 12.60 12.41 12.20 11.96 11.69 11.38 11.05 10.70 10.32
13.03 13.29 13.53 13.74 13.94 14.11 14.25 14.38 14.48 14.56 14.61 14.65 14.65 14.64 14.60 14.54 14.46 14.38 14.30 14.22 14.13 14.05 13.97 13.89 13.81 13.74 13.67 13.60 13.53 13.47 13.42 13.37 13.33 13.29 13.26 13.24 13.22 13.22 13.22 13.23 13.26 13.29 13.34 13.39 13.45 13.50 13.55 13.60 13.63 13.66 13.69 13.70 13.72 13.72 13.72 13.71 13.69 13.67 13.64 13.60 13.56 13.50 13.44 13.37 13.30 13.21 13.12 13.02 12.91 12.79 12.64 12.47 12.27 12.03 11.76 11.46 11.13 10.78 10.40
13.10 13.37 13.61 13.83 14.03 14.21 14.36 14.49 14.60 14.68 14.75 14.78 14.80 14.79 14.76 14.70 14.62 14.53 14.43 14.34 14.24 14.15 14.06 13.97 13.88 13.80 13.72 13.64 13.57 13.51 13.45 13.39 13.34 13.30 13.27 13.24 13.23 13.22 13.22 13.23 13.25 13.29 13.33 13.39 13.45 13.51 13.56 13.60 13.64 13.67 13.69 13.71 13.72 13.73 13.73 13.72 13.70 13.68 13.65 13.61 13.57 13.51 13.45 13.38 13.31 13.22 13.13 13.03 12.91 12.80 12.66 12.50 12.31 12.08 11.81 11.51 11.19 10.83 10.46
