data_processed/recharge/precip/Precip_2011_02.asc
ncols        168
nrows        136
xllcorner    455000
yllcorner    2107000
cellsize     500
NODATA_value     -99999
[rows 38 to 75 of 136, columns 0 to 83 of 168]
1.71 1.81 1.93 2.08 2.24 2.41 2.58 2.74 2.88 3.00 3.10 3.18 3.23 3.25 3.24 3.21 3.18 3.13 3.09 3.04 2.99 2.95 2.90 2.86 2.82 2.77 2.72 2.67 2.62 2.56 2.50 2.44 2.39 2.33 2.28 2.23 2.17 2.12 2.06 2.01 1.95 1.88 1.81 1.74 1.66 1.57 1.47 1.36 1.24 1.13 1.04 0.98 0.95 0.94 0.96 0.98 1.03 1.08 1.13 1.17 1.20 1.23 1.25 1.27 1.28 1.28 1.27 1.26 1.26 1.27 1.29 1.33 1.38 1.45 1.54 1.64 1.74 1.83 1.92 2.00 2.08 2.15 2.21 2.27
1.70 1.80 1.92 2.05 2.20 2.37 2.54 2.70 2.85 2.97 3.07 3.15 3.19 3.20 3.19 3.17 3.14 3.10 3.06 3.02 2.97 2.93 2.88 2.84 2.79 2.75 2.69 2.64 2.58 2.53 2.47 2.41 2.34 2.28 2.23 2.17 2.11 2.06 2.00 1.94 1.88 1.82 1.75 1.68 1.60 1.51 1.41 1.31 1.20 1.08 1.00 0.95 0.92 0.91 0.92 0.95 0.99 1.05 1.10 1.15 1.19 1.23 1.25 1.27 1.27 1.27 1.26 1.26 1.26 1.28 1.30 1.34 1.39 1.46 1.55 1.65 1.74 1.83 1.92 2.00 2.07 2.14 2.20 2.26
1.69 1.78 1.90 2.03 2.17 2.32 2.48 2.64 2.79 2.92 3.02 3.09 3.12 3.14 3.13 3.12 3.10 3.07 3.03 2.99 2.95 2.90 2.86 2.81 2.76 2.71 2.66 2.60 2.54 2.48 2.42 2.36 2.30 2.23 2.17 2.11 2.05 1.99 1.94 1.88 1.81 1.75 1.68 1.61 1.53 1.45 1.36 1.26 1.15 1.04 0.96 0.91 0.88 0.88 0.89 0.92 0.96 1.01 1.07 1.12 1.17 1.21 1.24 1.25 1.26 1.26 1.25 1.26 1.27 1.28 1.31 1.34 1.40 1.47 1.55 1.65 1.74 1.83 1.92 2.00 2.07 2.14 2.20 2.25
1.67 1.77 1.88 2.00 2.13 2.27 2.42 2.56 2.70 2.83 2.93 3.00 3.04 3.06 3.07 3.06 3.05 3.02 2.99 2.96 2.92 2.87 2.82 2.77 2.72 2.67 2.61 2.56 2.50 2.44 2.37 2.31 2.24 2.18 2.11 2.05 1.99 1.93 1.87 1.81 1.75 1.68 1.62 1.55 1.47 1.39 1.30 1.21 1.10 1.00 0.92 0.87 0.85 0.84 0.86 0.89 0.93 0.98 1.03 1.09 1.14 1.18 1.21 1.23 1.24 1.24 1.25 1.26 1.27 1.29 1.31 1.35 1.40 1.47 1.56 1.65 1.75 1.83 1.92 1.99 2.07 2.13 2.19 2.25
1.66 1.75 1.86 1.97 2.09 2.22 2.35 2.48 2.61 2.72 2.82 2.89 2.94 2.97 2.99 3.00 2.99 2.97 2.95 2.92 2.88 2.83 2.78 2.73 2.68 2.62 2.57 2.51 2.44 2.38 2.32 2.25 2.18 2.12 2.05 1.98 1.92 1.86 1.80 1.74 1.68 1.61 1.55 1.48 1.41 1.33 1.24 1.15 1.05 0.95 0.88 0.83 0.81 0.81 0.82 0.85 0.89 0.94 1.00 1.05 1.10 1.15 1.18 1.20 1.22 1.23 1.24 1.25 1.27 1.29 1.32 1.36 1.41 1.48 1.57 1.66 1.75 1.83 1.91 1.99 2.06 2.13 2.19 2.24
1.65 1.74 1.84 1.95 2.06 2.18 2.29 2.41 2.51 2.61 2.70 2.78 2.84 2.88 2.91 2.93 2.93 2.92 2.90 2.87 2.83 2.79 2.74 2.68 2.63 2.57 2.51 2.45 2.38 2.32 2.25 2.19 2.12 2.05 1.98 1.91 1.85 1.78 1.72 1.66 1.60 1.54 1.48 1.41 1.34 1.27 1.19 1.10 1.00 0.91 0.84 0.79 0.77 0.77 0.79 0.82 0.86 0.91 0.96 1.01 1.06 1.10 1.14 1.17 1.20 1.22 1.23 1.25 1.27 1.29 1.33 1.37 1.42 1.49 1.57 1.66 1.75 1.83 1.91 1.99 2.06 2.12 2.18 2.23
1.65 1.73 1.82 1.92 2.03 2.13 2.23 2.33 2.42 2.50 2.58 2.66 2.73 2.79 2.83 2.86 2.86 2.86 2.84 2.82 2.78 2.74 2.69 2.63 2.57 2.51 2.45 2.39 2.32 2.25 2.18 2.12 2.05 1.98 1.91 1.84 1.77 1.71 1.65 1.59 1.53 1.47 1.41 1.34 1.28 1.20 1.12 1.04 0.95 0.86 0.79 0.75 0.74 0.74 0.76 0.79 0.83 0.87 0.92 0.97 1.02 1.06 1.11 1.14 1.17 1.20 1.22 1.24 1.27 1.30 1.33 1.37 1.43 1.49 1.58 1.66 1.75 1.83 1.91 1.98 2.05 2.11 2.17 2.22
1.65 1.72 1.81 1.90 2.00 2.09 2.18 2.26 2.33 2.40 2.48 2.55 2.63 2.69 2.74 2.78 2.80 2.80 2.79 2.76 2.73 2.69 2.63 2.58 2.51 2.45 2.39 2.32 2.25 2.18 2.11 2.04 1.97 1.90 1.83 1.76 1.70 1.63 1.57 1.51 1.45 1.39 1.33 1.27 1.21 1.14 1.06 0.98 0.89 0.81 0.75 0.71 0.70 0.70 0.72 0.75 0.79 0.84 0.89 0.94 0.98 1.03 1.07 1.11 1.15 1.18 1.21 1.24 1.27 1.30 1.33 1.38 1.43 1.50 1.58 1.66 1.75 1.83 1.91 1.98 2.04 2.11 2.16 2.21
1.65 1.73 1.81 1.89 1.97 2.05 2.13 2.19 2.26 2.33 2.39 2.46 2.53 2.60 2.66 2.70 2.72 2.73 2.72 2.70 2.67 2.63 2.58 2.52 2.45 2.39 2.32 2.25 2.18 2.11 2.04 1.96 1.89 1.82 1.75 1.68 1.62 1.55 1.49 1.43 1.37 1.31 1.26 1.20 1.13 1.07 1.00 0.92 0.84 0.76 0.70 0.67 0.66 0.67 0.69 0.72 0.76 0.80 0.85 0.90 0.95 0.99 1.04 1.08 1.13 1.16 1.20 1.23 1.26 1.30 1.33 1.38 1.43 1.50 1.58 1.66 1.75 1.83 1.90 1.97 2.04 2.10 2.15 2.20
1.66 1.73 1.81 1.89 1.96 2.02 2.09 2.15 2.21 2.27 2.33 2.39 2.45 2.51 2.57 2.62 2.65 2.66 2.66 2.64 2.61 2.57 2.52 2.45 2.39 2.32 2.25 2.18 2.10 2.03 1.96 1.88 1.81 1.74 1.67 1.60 1.53 1.47 1.41 1.35 1.29 1.23 1.18 1.12 1.06 1.00 0.93 0.86 0.78 0.71 0.66 0.63 0.62 0.63 0.65 0.68 0.72 0.77 0.82 0.86 0.91 0.96 1.01 1.05 1.10 1.14 1.18 1.22 1.26 1.29 1.33 1.38 1.43 1.50 1.58 1.66 1.74 1.82 1.89 1.96 2.03 2.09 2.14 2.18
1.68 1.75 1.82 1.89 1.95 2.01 2.06 2.12 2.17 2.23 2.28 2.33 2.39 2.44 2.49 2.53 2.57 2.59 2.60 2.58 2.55 2.51 2.45 2.39 2.32 2.25 2.17 2.10 2.03 1.95 1.87 1.80 1.73 1.65 1.58 1.52 1.45 1.39 1.32 1.26 1.21 1.15 1.10 1.04 0.99 0.93 0.86 0.80 0.72 0.65 0.61 0.58 0.58 0.59 0.61 0.65 0.69 0.73 0.78 0.83 0.88 0.93 0.98 1.03 1.07 1.12 1.16 1.21 1.25 1.29 1.33 1.38 1.43 1.50 1.57 1.66 1.73 1.81 1.88 1.95 2.01 2.07 2.12 2.16
1.71 1.78 1.84 1.90 1.95 2.00 2.06 2.11 2.16 2.20 2.25 2.30 2.34 2.38 2.42 2.46 2.50 2.52 2.53 2.52 2.49 2.45 2.39 2.32 2.25 2.18 2.10 2.02 1.95 1.87 1.79 1.72 1.64 1.57 1.50 1.43 1.36 1.30 1.24 1.18 1.12 1.07 1.01 0.96 0.91 0.85 0.79 0.73 0.66 0.60 0.56 0.54 0.53 0.55 0.57 0.61 0.65 0.69 0.74 0.79 0.84 0.89 0.94 0.99 1.04 1.09 1.14 1.19 1.23 1.28 1.32 1.37 1.43 1.49 1.57 1.65 1.72 1.80 1.87 1.94 2.00 2.05 2.09 2.12
1.76 1.81 1.87 1.92 1.97 2.02 2.07 2.11 2.16 2.20 2.24 2.28 2.32 2.35 2.38 2.41 2.43 2.45 2.46 2.45 2.43 2.39 2.33 2.26 2.18 2.10 2.03 1.95 1.87 1.79 1.71 1.63 1.56 1.49 1.42 1.35 1.28 1.22 1.15 1.09 1.03 0.98 0.93 0.88 0.83 0.77 0.72 0.66 0.60 0.54 0.50 0.49 0.49 0.50 0.53 0.57 0.61 0.65 0.69 0.74 0.79 0.85 0.90 0.96 1.01 1.06 1.12 1.17 1.22 1.27 1.31 1.36 1.42 1.48 1.56 1.63 1.71 1.78 1.85 1.92 1.98 2.02 2.05 2.07
1.81 1.86 1.92 1.96 2.01 2.06 2.10 2.14 2.18 2.22 2.25 2.28 2.31 2.33 2.35 2.37 2.38 2.39 2.40 2.39 2.37 2.32 2.26 2.19 2.11 2.03 1.95 1.87 1.79 1.71 1.63 1.55 1.48 1.41 1.33 1.26 1.20 1.13 1.07 1.01 0.95 0.89 0.84 0.79 0.74 0.69 0.64 0.59 0.53 0.48 0.45 0.43 0.44 0.46 0.49 0.52 0.56 0.60 0.64 0.69 0.74 0.80 0.86 0.91 0.97 1.03 1.08 1.14 1.20 1.25 1.30 1.35 1.41 1.47 1.54 1.62 1.69 1.76 1.83 1.89 1.94 1.97 1.99 2.00
1.88 1.93 1.98 2.02 2.07 2.11 2.15 2.19 2.22 2.25 2.28 2.30 2.32 2.33 2.35 2.35 2.35 2.35 2.34 2.33 2.31 2.26 2.20 2.13 2.04 1.96 1.88 1.79 1.71 1.63 1.55 1.47 1.40 1.33 1.25 1.18 1.11 1.05 0.99 0.92 0.87 0.81 0.76 0.70 0.66 0.61 0.57 0.52 0.47 0.42 0.39 0.38 0.39 0.41 0.43 0.46 0.50 0.54 0.59 0.63 0.69 0.74 0.80 0.86 0.92 0.98 1.04 1.11 1.16 1.22 1.28 1.33 1.39 1.45 1.52 1.60 1.67 1.74 1.80 1.86 1.89 1.92 1.93 1.93
1.96 2.01 2.06 2.10 2.15 2.18 2.22 2.25 2.28 2.30 2.32 2.34 2.35 2.35 2.35 2.35 2.34 2.33 2.31 2.28 2.25 2.20 2.14 2.06 1.98 1.89 1.81 1.72 1.64 1.56 1.48 1.40 1.32 1.25 1.17 1.10 1.04 0.97 0.90 0.84 0.78 0.73 0.67 0.62 0.57 0.53 0.48 0.44 0.39 0.35 0.33 0.32 0.33 0.35 0.37 0.40 0.43 0.47 0.52 0.57 0.62 0.68 0.74 0.80 0.86 0.93 0.99 1.06 1.12 1.19 1.25 1.31 1.37 1.43 1.50 1.57 1.65 1.71 1.76 1.80 1.83 1.84 1.85 1.84
2.07 2.11 2.16 2.20 2.24 2.28 2.31 2.33 2.35 2.37 2.38 2.39 2.39 2.39 2.38 2.37 2.35 2.32 2.29 2.25 2.20 2.15 2.08 2.00 1.91 1.83 1.74 1.65 1.57 1.49 1.41 1.33 1.25 1.17 1.10 1.03 0.96 0.89 0.83 0.76 0.70 0.65 0.59 0.54 0.49 0.44 0.40 0.36 0.32 0.28 0.26 0.26 0.26 0.27 0.29 0.32 0.35 0.39 0.44 0.49 0.54 0.60 0.66 0.73 0.79 0.86 0.93 1.00 1.07 1.14 1.21 1.28 1.34 1.41 1.47 1.55 1.61 1.67 1.71 1.74 1.75 1.76 1.75 1.74
2.19 2.24 2.28 2.32 2.35 2.39 2.41 2.43 2.45 2.46 2.47 2.46 2.46 2.45 2.43 2.40 2.37 2.33 2.29 2.23 2.17 2.11 2.03 1.94 1.85 1.76 1.68 1.59 1.50 1.42 1.34 1.26 1.18 1.10 1.03 0.96 0.89 0.82 0.75 0.69 0.63 0.57 0.51 0.46 0.41 0.36 0.32 0.28 0.24 0.21 0.19 0.18 0.18 0.19 0.21 0.23 0.26 0.30 0.34 0.39 0.45 0.51 0.57 0.64 0.71 0.78 0.86 0.93 1.01 1.08 1.16 1.23 1.30 1.37 1.44 1.51 1.56 1.61 1.64 1.65 1.66 1.66 1.65 1.63
2.33 2.37 2.42 2.45 2.49 2.51 2.53 2.55 2.56 2.56 2.56 2.55 2.54 2.52 2.49 2.45 2.41 2.36 2.30 2.24 2.16 2.08 1.99 1.89 1.80 1.70 1.62 1.53 1.44 1.36 1.27 1.19 1.11 1.04 0.96 0.89 0.81 0.75 0.68 0.62 0.55 0.49 0.44 0.38 0.33 0.29 0.24 0.20 0.16 0.13 0.11 0.09 0.09 0.09 0.11 0.13 0.16 0.20 0.24 0.29 0.35 0.41 0.47 0.54 0.62 0.69 0.77 0.85 0.93 1.01 1.09 1.17 1.25 1.33 1.40 1.46 1.50 1.54 1.56 1.57 1.57 1.56 1.54 1.52
2.47 2.51 2.56 2.59 2.62 2.65 2.66 2.68 2.68 2.68 2.67 2.66 2.63 2.60 2.57 2.52 2.47 2.40 2.33 2.26 2.17 2.07 1.96 1.84 1.73 1.64 1.55 1.46 1.37 1.29 1.20 1.12 1.04 0.96 0.89 0.81 0.74 0.67 0.61 0.54 0.48 0.42 0.36 0.31 0.26 0.21 0.17 0.13 0.09 0.06 0.04 0.02 0.01 0.01 0.02 0.04 0.07 0.10 0.15 0.20 0.25 0.31 0.38 0.45 0.52 0.60 0.68 0.76 0.85 0.93 1.02 1.11 1.19 1.28 1.36 1.42 1.46 1.47 1.48 1.49 1.48 1.46 1.44 1.41
2.61 2.66 2.70 2.73 2.76 2.78 2.80 2.81 2.81 2.80 2.79 2.76 2.74 2.70 2.65 2.60 2.53 2.46 2.38 2.29 2.19 2.08 1.94 1.80 1.67 1.56 1.47 1.38 1.30 1.21 1.13 1.05 0.97 0.89 0.81 0.74 0.67 0.60 0.53 0.47 0.41 0.35 0.29 0.24 0.19 0.14 0.10 0.06 0.03 0.01 0.00 0.00 0.00 0.00 0.00 0.00 0.00 0.02 0.06 0.11 0.16 0.22 0.29 0.36 0.43 0.51 0.60 0.68 0.77 0.86 0.95 1.04 1.13 1.22 1.31 1.38 1.41 1.43 1.43 1.42 1.40 1.38 1.35 1.32
2.75 2.79 2.84 2.87 2.90 2.92 2.93 2.94 2.94 2.93 2.91 2.88 2.85 2.80 2.75 2.68 2.61 2.53 2.44 2.34 2.22 2.09 1.93 1.77 1.62 1.49 1.39 1.30 1.21 1.13 1.05 0.97 0.89 0.81 0.74 0.67 0.59 0.53 0.46 0.40 0.34 0.28 0.23 0.18 0.13 0.08 0.04 0.01 0.00 0.00 0.00 0.00 0.00 0.00 0.00 0.00 0.00 0.00 0.00 0.03 0.08 0.14 0.21 0.28 0.35 0.43 0.52 0.60 0.69 0.79 0.88 0.97 1.07 1.16 1.25 1.33 1.37 1.39 1.38 1.36 1.34 1.31 1.28 1.24
2.88 2.93 2.97 3.01 3.04 3.06 3.07 3.08 3.07 3.06 3.03 3.00 2.96 2.91 2.85 2.78 2.70 2.61 2.51 2.39 2.26 2.10 1.93 1.75 1.58 1.44 1.31 1.22 1.13 1.05 0.97 0.89 0.81 0.74 0.66 0.59 0.52 0.46 0.39 0.33 0.28 0.22 0.17 0.12 0.07 0.03 0.00 0.00 0.00 0.00 0.00 0.00 0.00 0.00 0.00 0.00 0.00 0.00 0.00 0.00 0.01 0.07 0.13 0.20 0.28 0.35 0.44 0.53 0.62 0.71 0.81 0.91 1.00 1.10 1.20 1.27 1.32 1.35 1.34 1.32 1.29 1.26 1.22 1.18
3.01 3.06 3.11 3.15 3.18 3.20 3.21 3.21 3.21 3.19 3.16 3.13 3.08 3.03 2.96 2.88 2.80 2.70 2.58 2.45 2.30 2.13 1.94 1.74 1.55 1.39 1.26 1.14 1.05 0.96 0.89 0.81 0.73 0.66 0.59 0.52 0.46 0.39 0.33 0.28 0.22 0.17 0.12 0.07 0.03 0.00 0.00 0.00 0.00 0.00 0.00 0.00 0.00 0.00 0.00 0.00 0.00 0.00 0.00 0.00 0.00 0.00 0.06 0.13 0.20 0.28 0.37 0.45 0.55 0.64 0.74 0.84 0.94 1.03 1.13 1.22 1.27 1.30 1.30 1.29 1.25 1.21 1.16 1.12
3.14 3.19 3.24 3.28 3.31 3.33 3.35 3.35 3.34 3.32 3.30 3.26 3.21 3.15 3.08 2.99 2.90 2.79 2.66 2.51 2.34 2.15 1.95 1.73 1.54 1.36 1.21 1.08 0.97 0.88 0.81 0.73 0.66 0.59 0.53 0.46 0.40 0.34 0.28 0.23 0.17 0.12 0.08 0.03 0.00 0.00 0.00 0.00 0.00 0.00 0.00 0.00 0.00 0.00 0.00 0.00 0.00 0.00 0.00 0.00 0.00 0.00 0.01 0.07 0.14 0.22 0.30 0.39 0.48 0.57 0.67 0.77 0.87 0.97 1.07 1.15 1.21 1.25 1.26 1.25 1.22 1.17 1.12 1.07
3.26 3.32 3.37 3.41 3.44 3.46 3.48 3.48 3.47 3.46 3.43 3.39 3.33 3.27 3.20 3.11 3.00 2.88 2.73 2.57 2.39 2.19 1.97 1.74 1.53 1.34 1.18 1.04 0.92 0.82 0.73 0.66 0.60 0.53 0.47 0.41 0.35 0.29 0.24 0.19 0.14 0.09 0.05 0.00 0.00 0.00 0.00 0.00 0.00 0.00 0.00 0.00 0.00 0.00 0.00 0.00 0.00 0.00 0.00 0.00 0.00 0.00 0.00 0.02 0.08 0.16 0.23 0.32 0.41 0.50 0.60 0.69 0.80 0.90 1.00 1.09 1.15 1.19 1.20 1.20 1.18 1.14 1.09 1.03
3.38 3.44 3.49 3.53 3.57 3.59 3.61 3.61 3.61 3.59 3.56 3.52 3.46 3.40 3.32 3.22 3.10 2.97 2.81 2.63 2.44 2.22 1.99 1.76 1.53 1.34 1.16 1.01 0.88 0.77 0.68 0.60 0.54 0.48 0.42 0.36 0.31 0.25 0.21 0.16 0.12 0.07 0.03 0.00 0.00 0.00 0.00 0.00 0.00 0.00 0.00 0.00 0.00 0.00 0.00 0.00 0.00 0.00 0.00 0.00 0.00 0.00 0.00 0.00 0.03 0.10 0.18 0.26 0.34 0.43 0.53 0.62 0.72 0.83 0.93 1.02 1.09 1.13 1.15 1.15 1.13 1.10 1.05 1.00
3.49 3.55 3.61 3.65 3.69 3.71 3.73 3.74 3.73 3.72 3.69 3.64 3.59 3.52 3.44 3.33 3.20 3.05 2.88 2.69 2.49 2.26 2.03 1.78 1.55 1.34 1.16 1.00 0.86 0.74 0.64 0.56 0.49 0.43 0.38 0.33 0.28 0.23 0.19 0.15 0.11 0.06 0.02 0.00 0.00 0.00 0.00 0.00 0.00 0.00 0.00 0.00 0.00 0.00 0.00 0.00 0.00 0.00 0.00 0.00 0.00 0.00 0.00 0.00 0.00 0.05 0.12 0.20 0.28 0.37 0.46 0.56 0.65 0.76 0.86 0.95 1.02 1.06 1.09 1.09 1.08 1.05 1.02 0.97
3.60 3.66 3.72 3.77 3.80 3.83 3.85 3.86 3.85 3.84 3.81 3.77 3.71 3.64 3.54 3.43 3.29 3.13 2.95 2.75 2.54 2.31 2.06 1.81 1.57 1.36 1.17 1.00 0.85 0.73 0.62 0.53 0.46 0.40 0.35 0.31 0.26 0.22 0.19 0.15 0.10 0.06 0.02 0.00 0.00 0.00 0.00 0.00 0.00 0.00 0.00 0.00 0.00 0.00 0.00 0.00 0.00 0.00 0.00 0.00 0.00 0.00 0.00 0.00 0.00 0.01 0.08 0.15 0.22 0.31 0.40 0.49 0.58 0.68 0.79 0.88 0.95 0.99 1.02 1.03 1.02 1.00 0.97 0.93
3.70 3.77 3.83 3.88 3.91 3.94 3.96 3.97 3.97 3.96 3.93 3.89 3.83 3.75 3.64 3.52 3.37 3.20 3.02 2.81 2.59 2.36 2.10 1.84 1.60 1.38 1.19 1.02 0.87 0.74 0.62 0.53 0.45 0.39 0.34 0.30 0.27 0.23 0.20 0.16 0.11 0.07 0.03 0.00 0.00 0.00 0.00 0.00 0.00 0.00 0.00 0.00 0.00 0.00 0.00 0.00 0.00 0.00 0.00 0.00 0.00 0.00 0.00 0.00 0.00 0.00 0.04 0.10 0.17 0.25 0.33 0.42 0.52 0.61 0.72 0.81 0.88 0.92 0.95 0.97 0.96 0.95 0.92 0.89
3.80 3.87 3.93 3.98 4.02 4.05 4.07 4.08 4.08 4.07 4.04 4.00 3.93 3.84 3.73 3.60 3.44 3.27 3.08 2.87 2.65 2.41 2.15 1.89 1.64 1.42 1.22 1.05 0.89 0.76 0.65 0.55 0.47 0.41 0.36 0.32 0.29 0.26 0.22 0.18 0.13 0.09 0.04 0.00 0.00 0.00 0.00 0.00 0.00 0.00 0.00 0.00 0.00 0.00 0.00 0.00 0.00 0.00 0.00 0.00 0.00 0.00 0.00 0.00 0.00 0.00 0.00 0.06 0.12 0.20 0.27 0.36 0.45 0.54 0.64 0.73 0.80 0.85 0.88 0.90 0.90 0.89 0.87 0.84
3.90 3.97 4.03 4.08 4.12 4.15 4.17 4.18 4.18 4.17 4.14 4.09 4.02 3.92 3.81 3.67 3.51 3.33 3.14 2.93 2.70 2.46 2.20 1.94 1.69 1.47 1.27 1.09 0.94 0.80 0.69 0.59 0.51 0.45 0.40 0.36 0.32 0.29 0.25 0.21 0.16 0.12 0.07 0.03 0.00 0.00 0.00 0.00 0.00 0.00 0.00 0.00 0.00 0.00 0.00 0.00 0.00 0.00 0.00 0.00 0.00 0.00 0.00 0.00 0.00 0.00 0.00 0.02 0.08 0.15 0.22 0.30 0.39 0.48 0.57 0.66 0.73 0.78 0.81 0.83 0.83 0.82 0.81 0.78
3.99 4.06 4.12 4.17 4.22 4.25 4.27 4.28 4.28 4.26 4.23 4.17 4.09 3.99 3.87 3.73 3.57 3.39 3.20 2.98 2.75 2.51 2.25 1.99 1.74 1.52 1.32 1.15 1.00 0.86 0.75 0.65 0.58 0.51 0.46 0.42 0.37 0.33 0.29 0.25 0.20 0.15 0.11 0.06 0.02 0.00 0.00 0.00 0.00 0.00 0.00 0.00 0.00 0.00 0.00 0.00 0.00 0.00 0.00 0.00 0.00 0.00 0.00 0.00 0.00 0.00 0.00 0.00 0.04 0.10 0.17 0.24 0.33 0.41 0.51 0.59 0.66 0.70 0.74 0.75 0.76 0.76 0.74 0.72
4.07 4.15 4.21 4.26 4.31 4.34 4.36 4.37 4.37 4.34 4.30 4.23 4.15 4.05 3.93 3.78 3.62 3.44 3.25 3.04 2.81 2.57 2.31 2.05 1.81 1.59 1.39 1.22 1.07 0.94 0.83 0.74 0.66 0.60 0.54 0.49 0.44 0.39 0.34 0.30 0.25 0.20 0.15 0.10 0.06 0.02 0.00 0.00 0.00 0.00 0.00 0.00 0.00 0.00 0.00 0.00 0.00 0.00 0.00 0.00 0.00 0.00 0.00 0.00 0.00 0.00 0.00 0.00 0.02 0.07 0.13 0.19 0.27 0.35 0.44 0.52 0.58 0.63 0.66 0.68 0.69 0.68 0.67 0.66
4.15 4.23 4.29 4.35 4.39 4.43 4.45 4.45 4.44 4.41 4.35 4.28 4.19 4.09 3.97 3.83 3.67 3.49 3.29 3.08 2.86 2.62 2.37 2.11 1.87 1.66 1.47 1.30 1.16 1.03 0.93 0.84 0.77 0.70 0.64 0.58 0.52 0.46 0.41 0.36 0.30 0.25 0.20 0.15 0.11 0.07 0.04 0.01 0.00 0.00 0.00 0.00 0.00 0.00 0.00 0.00 0.00 0.00 0.00 0.00 0.00 0.00 0.00 0.00 0.00 0.00 0.00 0.00 0.00 0.04 0.09 0.15 0.22 0.29 0.38 0.45 0.51 0.56 0.59 0.60 0.61 0.61 0.60 0.59
4.22 4.30 4.37 4.42 4.47 4.50 4.52 4.52 4.50 4.46 4.40 4.32 4.23 4.12 4.00 3.86 3.70 3.53 3.34 3.13 2.91 2.68 2.43 2.18 1.95 1.74 1.56 1.40 1.26 1.14 1.04 0.96 0.88 0.81 0.74 0.67 0.61 0.55 0.48 0.43 0.37 0.32 0.26 0.21 0.17 0.13 0.09 0.06 0.05 0.03 0.02 0.01 0.01 0.00 0.00 0.00 0.00 0.00 0.00 0.00 0.00 0.00 0.00 0.00 0.00 0.00 0.00 0.00 0.00 0.01 0.06 0.11 0.17 0.24 0.32 0.39 0.44 0.48 0.51 0.53 0.53 0.53 0.53 0.52
4.29 4.37 4.44 4.50 4.54 4.57 4.58 4.57 4.55 4.50 4.43 4.35 4.25 4.14 4.02 3.88 3.72 3.56 3.37 3.17 2.96 2.74 2.50 2.25 2.03 1.83 1.65 1.50 1.37 1.26 1.17 1.08 1.00 0.93 0.85 0.78 0.71 0.64 0.57 0.51 0.45 0.39 0.33 0.28 0.23 0.19 0.15 0.12 0.10 0.09 0.08 0.07 0.06 0.05 0.04 0.03 0.02 0.01 0.00 0.00 0.00 0.00 0.00 0.00 0.00 0.00 0.00 0.00 0.00 0.00 0.03 0.07 0.13 0.19 0.26 0.33 0.38 0.41 0.44 0.45 0.46 0.46 0.45 0.45
4.35 4.43 4.50 4.56 4.60 4.63 4.63 4.61 4.58 4.52 4.46 4.37 4.27 4.16 4.03 3.89 3.74 3.58 3.40 3.21 3.01 2.79 2.56 2.33 2.11 1.92 1.76 1.62 1.50 1.40 1.30 1.21 1.13 1.04 0.96 0.88 0.81 0.73 0.66 0.60 0.53 0.47 0.41 0.36 0.31 0.26 0.22 0.19 0.17 0.15 0.14 0.13 0.11 0.10 0.09 0.07 0.06 0.05 0.04 0.02 0.01 0.00 0.00 0.00 0.00 0.00 0.00 0.00 0.00 0.00 0.01 0.05 0.09 0.15 0.21 0.27 0.31 0.35 0.37 0.38 0.38 0.38 0.38 0.38
