data_processed/recharge/precip/Precip_2002_02.asc
ncols        168
nrows        136
xllcorner    455000
yllcorner    2107000
cellsize     500
NODATA_value     -99999
[rows 0 to 36 of 136, columns 0 to 82 of 168]
44.14 43.80 43.71 43.78 43.98 44.31 44.76 45.32 45.99 46.75 47.60 48.52 49.52 50.58 51.69 52.85 54.05 55.29 56.54 57.75 58.87 59.86 60.73 61.48 62.16 62.76 63.30 63.75 64.07 64.23 64.22 64.06 63.78 63.37 62.87 62.28 61.61 60.89 60.13 59.33 58.53 57.72 56.93 56.17 55.45 54.75 54.08 53.46 52.91 52.42 51.95 51.48 51.03 50.58 50.11 49.62 49.10 48.55 47.97 47.35 46.69 46.00 45.26 44.48 43.65 42.78 41.85 40.86 39.82 38.72 37.58 36.43 35.29 34.18 33.09 32.02 30.97 29.93 28.90 27.85 26.76 25.62 24.44
46.13 45.87 45.77 45.81 45.97 46.26 46.66 47.16 47.76 48.44 49.21 50.05 50.95 51.91 52.92 53.96 55.04 56.14 57.26 58.38 59.46 60.42 61.26 61.97 62.60 63.17 63.66 64.02 64.20 64.22 64.09 63.83 63.45 62.97 62.39 61.74 61.04 60.28 59.50 58.69 57.89 57.10 56.34 55.62 54.96 54.36 53.82 53.33 52.92 52.57 52.24 51.92 51.61 51.28 50.93 50.55 50.14 49.70 49.22 48.70 48.15 47.55 46.91 46.22 45.48 44.69 43.84 42.94 41.98 40.96 39.87 38.74 37.60 36.47 35.36 34.27 33.19 32.12 31.03 29.89 28.70 27.46 26.19
48.03 47.78 47.66 47.67 47.81 48.05 48.41 48.86 49.40 50.01 50.71 51.47 52.28 53.14 54.05 54.99 55.95 56.93 57.92 58.91 59.89 60.81 61.60 62.27 62.87 63.39 63.77 63.98 64.02 63.92 63.68 63.31 62.84 62.28 61.64 60.94 60.19 59.41 58.60 57.80 57.00 56.24 55.51 54.83 54.23 53.71 53.28 52.94 52.67 52.47 52.30 52.13 51.95 51.74 51.50 51.24 50.94 50.60 50.23 49.82 49.37 48.87 48.32 47.73 47.08 46.38 45.62 44.81 43.93 42.98 41.97 40.90 39.76 38.63 37.50 36.39 35.28 34.16 32.97 31.73 30.44 29.11 27.76
49.73 49.48 49.35 49.35 49.46 49.67 49.99 50.39 50.88 51.44 52.06 52.74 53.48 54.25 55.06 55.90 56.75 57.62 58.48 59.34 60.19 61.01 61.76 62.39 62.93 63.34 63.57 63.63 63.54 63.31 62.95 62.49 61.94 61.30 60.60 59.85 59.06 58.25 57.44 56.64 55.85 55.11 54.42 53.79 53.25 52.80 52.47 52.25 52.15 52.11 52.09 52.06 52.00 51.91 51.80 51.65 51.46 51.24 50.98 50.67 50.32 49.93 49.48 48.98 48.43 47.82 47.15 46.42 45.63 44.77 43.84 42.83 41.76 40.63 39.49 38.35 37.19 35.97 34.68 33.35 31.97 30.55 29.11
51.20 50.95 50.82 50.80 50.90 51.09 51.37 51.73 52.17 52.68 53.25 53.86 54.52 55.22 55.94 56.68 57.43 58.19 58.94 59.67 60.39 61.08 61.72 62.29 62.71 62.95 63.03 62.95 62.72 62.37 61.91 61.36 60.72 60.01 59.26 58.46 57.64 56.81 55.99 55.19 54.43 53.71 53.06 52.49 52.01 51.64 51.40 51.29 51.33 51.46 51.58 51.67 51.74 51.78 51.78 51.75 51.69 51.58 51.43 51.23 50.99 50.70 50.35 49.95 49.50 48.98 48.40 47.76 47.05 46.28 45.43 44.51 43.51 42.43 41.29 40.10 38.84 37.52 36.14 34.71 33.24 31.75 30.23
52.43 52.19 52.06 52.04 52.12 52.29 52.54 52.87 53.27 53.73 54.25 54.80 55.39 56.01 56.65 57.30 57.96 58.61 59.25 59.87 60.46 61.02 61.53 61.95 62.20 62.28 62.20 61.98 61.63 61.16 60.60 59.95 59.24 58.47 57.65 56.82 55.97 55.12 54.30 53.51 52.76 52.08 51.47 50.96 50.55 50.26 50.11 50.11 50.26 50.49 50.74 50.97 51.17 51.33 51.45 51.54 51.59 51.60 51.56 51.48 51.34 51.16 50.91 50.61 50.26 49.84 49.35 48.80 48.18 47.49 46.72 45.88 44.96 43.95 42.81 41.54 40.18 38.77 37.30 35.78 34.23 32.66 31.07
53.45 53.22 53.10 53.07 53.14 53.30 53.53 53.83 54.20 54.61 55.07 55.57 56.10 56.64 57.20 57.77 58.33 58.88 59.42 59.92 60.39 60.82 61.17 61.43 61.52 61.44 61.21 60.85 60.37 59.80 59.14 58.40 57.61 56.78 55.91 55.04 54.16 53.31 52.48 51.70 50.98 50.33 49.77 49.32 48.98 48.78 48.73 48.82 49.02 49.30 49.64 49.99 50.31 50.60 50.85 51.05 51.22 51.34 51.41 51.44 51.41 51.32 51.18 50.98 50.72 50.39 50.00 49.53 49.00 48.39 47.71 46.94 46.09 45.10 43.92 42.58 41.15 39.65 38.11 36.52 34.90 33.27 31.61
54.28 54.06 53.95 53.93 53.99 54.13 54.34 54.62 54.95 55.32 55.73 56.18 56.64 57.12 57.60 58.09 58.56 59.01 59.44 59.84 60.19 60.47 60.67 60.77 60.70 60.46 60.09 59.60 59.00 58.32 57.56 56.74 55.88 54.98 54.07 53.16 52.26 51.40 50.57 49.80 49.11 48.50 47.99 47.60 47.34 47.23 47.26 47.40 47.63 47.94 48.33 48.77 49.21 49.62 49.98 50.31 50.58 50.82 51.00 51.13 51.20 51.22 51.17 51.07 50.90 50.66 50.36 49.98 49.53 49.00 48.39 47.70 46.87 45.84 44.60 43.22 41.74 40.19 38.58 36.94 35.27 33.58 31.89
54.92 54.72 54.62 54.60 54.66 54.79 54.99 55.24 55.54 55.87 56.24 56.63 57.04 57.45 57.86 58.26 58.65 59.01 59.33 59.62 59.83 59.96 60.01 59.98 59.76 59.38 58.86 58.23 57.52 56.73 55.88 54.98 54.04 53.09 52.14 51.20 50.28 49.40 48.58 47.83 47.17 46.60 46.15 45.82 45.64 45.60 45.68 45.84 46.10 46.44 46.86 47.35 47.87 48.40 48.88 49.31 49.70 50.04 50.33 50.56 50.74 50.85 50.91 50.89 50.82 50.67 50.45 50.15 49.78 49.33 48.80 48.13 47.25 46.17 44.89 43.48 41.97 40.39 38.74 37.06 35.35 33.63 31.90
55.37 55.20 55.11 55.10 55.16 55.29 55.47 55.70 55.97 56.27 56.60 56.94 57.29 57.63 57.98 58.30 58.60 58.87 59.09 59.25 59.31 59.30 59.22 59.06 58.72 58.19 57.53 56.77 55.94 55.05 54.10 53.12 52.13 51.12 50.13 49.15 48.22 47.34 46.53 45.80 45.16 44.64 44.25 43.99 43.88 43.88 43.97 44.17 44.45 44.82 45.27 45.78 46.35 46.96 47.55 48.10 48.59 49.04 49.43 49.76 50.04 50.25 50.39 50.47 50.48 50.42 50.28 50.07 49.78 49.40 48.89 48.17 47.25 46.13 44.82 43.38 41.86 40.26 38.60 36.89 35.16 33.43 31.69
55.64 55.51 55.44 55.44 55.51 55.63 55.80 56.01 56.25 56.52 56.81 57.10 57.40 57.68 57.96 58.21 58.43 58.60 58.70 58.71 58.64 58.50 58.30 58.03 57.57 56.92 56.13 55.24 54.28 53.28 52.25 51.20 50.14 49.08 48.05 47.05 46.10 45.22 44.42 43.71 43.11 42.64 42.30 42.11 42.03 42.05 42.16 42.38 42.68 43.08 43.55 44.10 44.69 45.34 46.01 46.67 47.27 47.82 48.31 48.74 49.11 49.41 49.65 49.82 49.92 49.94 49.88 49.75 49.53 49.17 48.61 47.85 46.89 45.74 44.42 42.97 41.43 39.83 38.17 36.47 34.73 32.99 31.26
55.74 55.64 55.60 55.62 55.69 55.81 55.97 56.17 56.39 56.63 56.88 57.13 57.38 57.61 57.82 57.99 58.13 58.19 58.15 58.03 57.84 57.58 57.27 56.89 56.33 55.57 54.66 53.65 52.57 51.45 50.33 49.21 48.09 46.98 45.91 44.89 43.94 43.05 42.27 41.59 41.03 40.60 40.32 40.15 40.09 40.12 40.26 40.49 40.82 41.24 41.73 42.30 42.93 43.60 44.31 45.04 45.75 46.40 46.99 47.51 47.98 48.37 48.70 48.95 49.13 49.23 49.26 49.20 49.00 48.60 48.00 47.20 46.22 45.05 43.71 42.26 40.72 39.13 37.48 35.79 34.08 32.35 30.63
55.68 55.61 55.60 55.65 55.73 55.85 56.01 56.19 56.39 56.61 56.82 57.03 57.23 57.41 57.55 57.66 57.68 57.61 57.45 57.21 56.90 56.54 56.14 55.67 55.01 54.16 53.15 52.02 50.82 49.59 48.37 47.17 45.99 44.84 43.74 42.70 41.73 40.86 40.08 39.43 38.91 38.53 38.27 38.12 38.07 38.12 38.27 38.52 38.87 39.30 39.82 40.41 41.06 41.76 42.50 43.27 44.05 44.79 45.48 46.10 46.65 47.14 47.55 47.89 48.15 48.33 48.42 48.38 48.15 47.71 47.07 46.25 45.24 44.07 42.73 41.28 39.76 38.18 36.55 34.89 33.21 31.52 29.83
55.46 55.43 55.45 55.52 55.62 55.75 55.91 56.08 56.27 56.45 56.64 56.81 56.96 57.09 57.17 57.17 57.07 56.88 56.60 56.25 55.85 55.40 54.91 54.37 53.63 52.69 51.58 50.36 49.06 47.72 46.39 45.09 43.85 42.66 41.53 40.48 39.50 38.64 37.88 37.26 36.78 36.42 36.17 36.02 35.98 36.05 36.21 36.48 36.84 37.29 37.82 38.43 39.11 39.83 40.60 41.39 42.20 43.02 43.80 44.51 45.15 45.72 46.22 46.64 46.98 47.23 47.35 47.27 46.99 46.52 45.86 45.02 44.01 42.83 41.51 40.07 38.57 37.02 35.42 33.80 32.16 30.51 28.87
55.10 55.11 55.16 55.25 55.37 55.52 55.68 55.84 56.01 56.18 56.34 56.48 56.59 56.66 56.64 56.52 56.30 56.00 55.62 55.18 54.69 54.16 53.61 52.99 52.19 51.17 49.99 48.69 47.30 45.86 44.42 43.03 41.70 40.47 39.31 38.24 37.27 36.41 35.68 35.09 34.62 34.26 34.01 33.88 33.85 33.92 34.10 34.37 34.74 35.21 35.76 36.39 37.08 37.82 38.61 39.43 40.27 41.12 41.97 42.76 43.49 44.15 44.72 45.22 45.63 45.91 45.99 45.87 45.56 45.07 44.39 43.55 42.54 41.38 40.07 38.66 37.19 35.68 34.12 32.54 30.95 29.36 27.79
54.61 54.66 54.74 54.86 55.00 55.15 55.32 55.49 55.65 55.80 55.93 56.03 56.10 56.08 55.95 55.71 55.39 54.99 54.52 54.00 53.44 52.84 52.23 51.56 50.70 49.62 48.38 47.00 45.53 44.02 42.49 41.00 39.58 38.27 37.08 36.00 35.03 34.18 33.47 32.89 32.42 32.07 31.82 31.69 31.67 31.75 31.93 32.22 32.60 33.07 33.64 34.28 34.98 35.75 36.56 37.40 38.26 39.14 40.02 40.88 41.69 42.42 43.08 43.65 44.08 44.33 44.37 44.22 43.89 43.38 42.70 41.86 40.87 39.72 38.44 37.07 35.65 34.18 32.67 31.15 29.62 28.10 26.60
54.00 54.08 54.20 54.34 54.50 54.67 54.84 55.01 55.17 55.30 55.41 55.48 55.46 55.33 55.09 54.76 54.35 53.86 53.32 52.73 52.10 51.45 50.79 50.09 49.18 48.06 46.76 45.32 43.79 42.20 40.60 39.02 37.52 36.12 34.87 33.77 32.80 31.97 31.26 30.67 30.20 29.85 29.61 29.48 29.46 29.55 29.73 30.02 30.41 30.89 31.47 32.12 32.84 33.62 34.44 35.31 36.19 37.09 37.99 38.89 39.76 40.57 41.30 41.89 42.29 42.50 42.51 42.34 42.00 41.49 40.82 39.99 39.02 37.91 36.67 35.34 33.97 32.55 31.11 29.65 28.20 26.75 25.33
53.27 53.39 53.54 53.71 53.89 54.08 54.26 54.43 54.58 54.71 54.79 54.79 54.66 54.43 54.09 53.67 53.18 52.62 52.01 51.37 50.69 50.00 49.31 48.57 47.64 46.48 45.13 43.65 42.07 40.42 38.76 37.11 35.53 34.05 32.72 31.56 30.59 29.76 29.04 28.45 27.98 27.63 27.39 27.26 27.24 27.32 27.51 27.80 28.19 28.68 29.26 29.93 30.66 31.45 32.29 33.17 34.07 34.99 35.92 36.83 37.74 38.60 39.35 39.91 40.28 40.46 40.45 40.27 39.93 39.42 38.76 37.96 37.02 35.95 34.76 33.50 32.18 30.83 29.46 28.08 26.71 25.35 24.02
52.44 52.60 52.78 52.98 53.18 53.39 53.58 53.75 53.90 54.01 54.03 53.92 53.70 53.37 52.95 52.46 51.90 51.28 50.62 49.93 49.22 48.50 47.79 47.04 46.08 44.90 43.53 42.01 40.38 38.69 36.98 35.28 33.63 32.09 30.68 29.45 28.41 27.56 26.84 26.24 25.77 25.41 25.16 25.03 25.01 25.09 25.28 25.57 25.96 26.46 27.04 27.71 28.45 29.25 30.10 30.99 31.91 32.85 33.80 34.74 35.66 36.50 37.21 37.73 38.07 38.23 38.22 38.04 37.70 37.21 36.58 35.81 34.91 33.89 32.76 31.56 30.32 29.05 27.76 26.46 25.18 23.92 22.69
51.51 51.71 51.93 52.16 52.38 52.60 52.81 52.99 53.13 53.17 53.09 52.89 52.58 52.18 51.69 51.13 50.52 49.85 49.15 48.43 47.70 46.96 46.24 45.49 44.52 43.33 41.94 40.40 38.75 37.02 35.27 33.53 31.83 30.23 28.76 27.45 26.33 25.40 24.66 24.05 23.57 23.20 22.95 22.81 22.78 22.86 23.05 23.34 23.73 24.22 24.81 25.48 26.22 27.03 27.89 28.80 29.73 30.68 31.64 32.60 33.49 34.26 34.89 35.37 35.69 35.85 35.83 35.66 35.35 34.88 34.29 33.56 32.72 31.76 30.70 29.57 28.41 27.22 26.03 24.83 23.65 22.49 21.37
50.49 50.74 50.99 51.25 51.50 51.74 51.96 52.13 52.21 52.16 51.99 51.71 51.32 50.86 50.31 49.71 49.05 48.35 47.62 46.88 46.13 45.40 44.68 43.93 42.98 41.78 40.39 38.84 37.17 35.43 33.65 31.87 30.14 28.50 26.97 25.59 24.37 23.35 22.53 21.90 21.40 21.02 20.76 20.61 20.58 20.65 20.83 21.12 21.50 21.99 22.58 23.25 24.00 24.81 25.68 26.59 27.53 28.50 29.47 30.39 31.20 31.89 32.45 32.88 33.18 33.34 33.34 33.19 32.89 32.47 31.92 31.25 30.47 29.58 28.60 27.56 26.49 25.40 24.30 23.21 22.14 21.10 20.10
49.40 49.69 49.98 50.27 50.55 50.81 51.02 51.15 51.13 51.00 50.74 50.39 49.94 49.42 48.83 48.19 47.50 46.78 46.04 45.29 44.54 43.81 43.11 42.39 41.45 40.27 38.89 37.34 35.67 33.92 32.12 30.33 28.57 26.90 25.32 23.87 22.57 21.44 20.51 19.80 19.27 18.88 18.61 18.45 18.40 18.47 18.64 18.92 19.30 19.78 20.36 21.03 21.78 22.60 23.47 24.38 25.33 26.30 27.24 28.08 28.80 29.42 29.92 30.31 30.58 30.73 30.75 30.63 30.38 30.00 29.50 28.90 28.19 27.38 26.49 25.55 24.57 23.59 22.60 21.63 20.68 19.77 18.90
48.24 48.58 48.91 49.23 49.53 49.80 49.97 50.00 49.90 49.68 49.36 48.95 48.45 47.88 47.26 46.59 45.88 45.15 44.41 43.67 42.93 42.22 41.55 40.86 39.96 38.80 37.44 35.91 34.24 32.50 30.70 28.90 27.14 25.43 23.82 22.31 20.93 19.71 18.67 17.83 17.22 16.79 16.51 16.33 16.27 16.32 16.48 16.75 17.12 17.60 18.17 18.84 19.58 20.40 21.27 22.19 23.14 24.07 24.92 25.67 26.32 26.88 27.33 27.68 27.93 28.07 28.11 28.03 27.83 27.50 27.07 26.54 25.91 25.20 24.41 23.57 22.71 21.84 20.97 20.12 19.31 18.53 17.80
47.03 47.41 47.78 48.14 48.45 48.67 48.75 48.70 48.53 48.24 47.86 47.39 46.86 46.25 45.61 44.92 44.21 43.48 42.75 42.02 41.32 40.64 40.01 39.37 38.51 37.39 36.06 34.55 32.91 31.18 29.40 27.61 25.85 24.12 22.47 20.91 19.46 18.15 17.01 16.05 15.30 14.78 14.46 14.27 14.20 14.23 14.38 14.63 14.99 15.46 16.02 16.68 17.42 18.23 19.10 20.02 20.93 21.77 22.52 23.19 23.78 24.28 24.70 25.02 25.26 25.40 25.45 25.41 25.26 25.01 24.65 24.21 23.67 23.06 22.37 21.65 20.91 20.17 19.43 18.72 18.04 17.41 16.81
45.76 46.19 46.60 46.98 47.26 47.39 47.39 47.26 47.02 46.68 46.25 45.75 45.18 44.55 43.89 43.20 42.49 41.78 41.07 40.37 39.70 39.07 38.49 37.91 37.11 36.04 34.76 33.29 31.69 29.99 28.24 26.47 24.71 22.98 21.29 19.68 18.17 16.79 15.54 14.47 13.59 12.93 12.51 12.28 12.19 12.21 12.34 12.57 12.92 13.37 13.92 14.57 15.30 16.11 16.97 17.84 18.65 19.40 20.07 20.67 21.21 21.66 22.05 22.36 22.59 22.74 22.82 22.82 22.73 22.55 22.28 21.92 21.49 20.99 20.42 19.83 19.22 18.61 18.02 17.45 16.92 16.41 15.91
44.46 44.94 45.38 45.72 45.92 45.97 45.89 45.70 45.41 45.02 44.55 44.02 43.43 42.79 42.12 41.44 40.74 40.05 39.38 38.72 38.11 37.54 37.02 36.51 35.78 34.77 33.55 32.13 30.58 28.94 27.23 25.49 23.74 22.00 20.29 18.65 17.08 15.62 14.29 13.11 12.11 11.31 10.73 10.39 10.26 10.26 10.37 10.59 10.91 11.35 11.89 12.52 13.24 14.04 14.85 15.62 16.33 16.99 17.59 18.14 18.63 19.05 19.42 19.72 19.96 20.13 20.24 20.28 20.25 20.15 19.97 19.72 19.40 19.02 18.59 18.12 17.66 17.20 16.75 16.34 15.94 15.53 15.14
43.13 43.65 44.05 44.31 44.43 44.41 44.28 44.03 43.69 43.27 42.78 42.22 41.62 40.98 40.32 39.65 38.98 38.32 37.69 37.09 36.54 36.04 35.60 35.17 34.52 33.59 32.43 31.09 29.62 28.04 26.39 24.69 22.95 21.21 19.49 17.81 16.19 14.67 13.25 11.97 10.85 9.92 9.19 8.69 8.44 8.40 8.49 8.68 8.99 9.40 9.93 10.55 11.25 11.99 12.70 13.36 13.99 14.58 15.12 15.61 16.06 16.47 16.82 17.12 17.38 17.58 17.73 17.83 17.87 17.85 17.77 17.63 17.44 17.19 16.89 16.57 16.26 15.95 15.66 15.38 15.09 14.79 14.49
41.77 42.25 42.58 42.77 42.81 42.74 42.55 42.27 41.89 41.45 40.93 40.37 39.77 39.14 38.50 37.85 37.22 36.60 36.02 35.48 35.00 34.58 34.24 33.91 33.35 32.51 31.44 30.20 28.82 27.32 25.72 24.06 22.35 20.62 18.89 17.18 15.52 13.93 12.44 11.07 9.84 8.78 7.90 7.24 6.82 6.66 6.70 6.87 7.16 7.55 8.05 8.65 9.30 9.93 10.53 11.11 11.66 12.18 12.66 13.12 13.55 13.93 14.29 14.61 14.89 15.13 15.33 15.49 15.60 15.68 15.71 15.69 15.62 15.51 15.37 15.20 15.05 14.90 14.75 14.58 14.39 14.19 13.97
40.32 40.72 40.98 41.10 41.09 40.96 40.74 40.42 40.02 39.56 39.04 38.48 37.89 37.28 36.67 36.06 35.47 34.91 34.39 33.92 33.52 33.19 32.95 32.73 32.28 31.55 30.60 29.48 28.19 26.77 25.24 23.63 21.95 20.23 18.50 16.77 15.07 13.43 11.87 10.41 9.08 7.90 6.89 6.07 5.48 5.13 5.05 5.17 5.43 5.80 6.27 6.81 7.34 7.87 8.38 8.87 9.35 9.82 10.26 10.69 11.10 11.48 11.85 12.19 12.50 12.79 13.05 13.29 13.49 13.66 13.81 13.91 13.99 14.03 14.04 14.05 14.05 14.05 14.01 13.95 13.86 13.74 13.61
38.73 39.06 39.25 39.32 39.26 39.10 38.84 38.50 38.09 37.63 37.11 36.57 36.00 35.42 34.84 34.28 33.74 33.25 32.80 32.41 32.10 31.88 31.75 31.65 31.32 30.74 29.93 28.93 27.75 26.42 24.96 23.40 21.76 20.06 18.33 16.59 14.87 13.18 11.56 10.02 8.59 7.29 6.15 5.19 4.43 3.90 3.62 3.61 3.82 4.16 4.57 4.99 5.41 5.84 6.26 6.69 7.11 7.53 7.94 8.35 8.75 9.14 9.52 9.89 10.25 10.60 10.93 11.25 11.55 11.83 12.10 12.34 12.57 12.77 12.95 13.12 13.27 13.38 13.45 13.49 13.49 13.47 13.41
37.01 37.29 37.43 37.44 37.35 37.16 36.88 36.53 36.12 35.66 35.17 34.64 34.10 33.57 33.04 32.53 32.06 31.64 31.28 30.98 30.77 30.66 30.65 30.68 30.52 30.09 29.43 28.56 27.49 26.25 24.88 23.38 21.78 20.11 18.39 16.65 14.90 13.17 11.49 9.88 8.36 6.96 5.69 4.59 3.68 2.97 2.50 2.29 2.35 2.61 2.90 3.21 3.53 3.87 4.22 4.58 4.95 5.33 5.72 6.12 6.52 6.93 7.34 7.75 8.17 8.58 8.99 9.40 9.81 10.21 10.61 11.00 11.38 11.75 12.10 12.42 12.69 12.91 13.09 13.22 13.31 13.36 13.37
35.29 35.51 35.60 35.58 35.46 35.25 34.96 34.61 34.20 33.76 33.28 32.79 32.29 31.80 31.33 30.89 30.50 30.15 29.88 29.69 29.58 29.58 29.66 29.73 29.70 29.45 28.95 28.21 27.27 26.14 24.85 23.43 21.89 20.26 18.56 16.82 15.06 13.31 11.59 9.91 8.32 6.82 5.44 4.21 3.15 2.28 1.64 1.23 1.10 1.19 1.35 1.55 1.78 2.04 2.32 2.62 2.95 3.30 3.67 4.07 4.48 4.91 5.35 5.81 6.28 6.77 7.27 7.78 8.30 8.83 9.36 9.90 10.44 10.98 11.44 11.85 12.24 12.57 12.85 13.07 13.25 13.38 13.46
33.65 33.82 33.87 33.82 33.68 33.45 33.16 32.81 32.41 31.98 31.53 31.08 30.63 30.19 29.78 29.41 29.09 28.84 28.66 28.57 28.58 28.66 28.74 28.78 28.75 28.64 28.31 27.73 26.93 25.92 24.74 23.40 21.94 20.37 18.71 16.99 15.24 13.48 11.72 10.01 8.35 6.77 5.30 3.96 2.77 1.75 0.94 0.37 0.08 0.00 0.02 0.11 0.24 0.42 0.63 0.88 1.17 1.49 1.85 2.24 2.66 3.11 3.59 4.10 4.63 5.19 5.78 6.39 7.02 7.68 8.35 9.04 9.74 10.36 10.88 11.35 11.83 12.28 12.66 12.98 13.25 13.46 13.62
32.10 32.22 32.24 32.16 32.00 31.76 31.47 31.12 30.74 30.34 29.92 29.51 29.11 28.73 28.38 28.09 27.85 27.69 27.62 27.63 27.73 27.81 27.86 27.85 27.80 27.69 27.49 27.09 26.44 25.58 24.52 23.29 21.92 20.42 18.82 17.14 15.41 13.65 11.89 10.14 8.44 6.80 5.25 3.81 2.51 1.37 0.43 0.00 0.00 0.00 0.00 0.00 0.00 0.00 0.00 0.00 0.00 0.00 0.24 0.63 1.06 1.54 2.05 2.61 3.21 3.85 4.53 5.24 5.99 6.77 7.59 8.42 9.19 9.86 10.42 10.95 11.48 12.01 12.50 12.93 13.29 13.58 13.82
30.62 30.72 30.70 30.60 30.42 30.18 29.89 29.56 29.20 28.82 28.45 28.08 27.73 27.41 27.14 26.93 26.78 26.72 26.74 26.84 26.94 26.99 27.00 26.96 26.87 26.73 26.55 26.28 25.81 25.10 24.18 23.08 21.81 20.40 18.87 17.25 15.56 13.82 12.06 10.30 8.57 6.89 5.28 3.76 2.37 1.13 0.08 0.00 0.00 0.00 0.00 0.00 0.00 0.00 0.00 0.00 0.00 0.00 0.00 0.00 0.00 0.19 0.75 1.36 2.03 2.74 3.51 4.33 5.19 6.10 7.05 7.94 8.75 9.45 10.05 10.63 11.21 11.79 12.37 12.90 13.35 13.74 14.05
29.21 29.29 29.26 29.14 28.95 28.71 28.43 28.11 27.78 27.44 27.10 26.78 26.49 26.24 26.05 25.92 25.87 25.90 26.01 26.11 26.18 26.20 26.17 26.10 25.98 25.81 25.60 25.34 25.00 24.47 23.71 22.74 21.60 20.29 18.85 17.31 15.67 13.97 12.24 10.49 8.74 7.03 5.37 3.80 2.34 1.03 0.00 0.00 0.00 0.00 0.00 0.00 0.00 0.00 0.00 0.00 0.00 0.00 0.00 0.00 0.00 0.00 0.00 0.34 1.07 1.87 2.73 3.65 4.63 5.66 6.66 7.57 8.40 9.13 9.78 10.39 11.02 11.65 12.27 12.88 13.43 13.91 14.31
27.87 27.93 27.89 27.77 27.58 27.34 27.07 26.78 26.47 26.17 25.88 25.62 25.39 25.22 25.10 25.06 25.11 25.22 25.33 25.41 25.44 25.43 25.37 25.27 25.11 24.92 24.68 24.40 24.08 23.68 23.09 22.28 21.27 20.09 18.76 17.30 15.74 14.10 12.40 10.67 8.93 7.21 5.53 3.92 2.42 1.07 0.00 0.00 0.00 0.00 0.00 0.00 0.00 0.00 0.00 0.00 0.00 0.00 0.00 0.00 0.00 0.00 0.00 0.00 0.35 1.23 2.18 3.21 4.30 5.37 6.37 7.29 8.14 8.90 9.58 10.24 10.90 11.57 12.23 12.89 13.52 14.09 14.58
