data_processed/recharge/precip/Precip_1986_08.asc
ncols        168
nrows        136
xllcorner    455000
yllcorner    2107000
cellsize     500
NODATA_value     -99999
[rows 0 to 31 of 136, columns 0 to 70 of 168]
178.69 174.12 169.57 165.05 160.65 156.46 152.53 148.86 145.47 142.38 139.61 137.16 135.06 133.32 131.95 130.92 130.01 129.10 128.22 127.35 126.50 125.67 124.87 124.10 123.35 122.63 121.94 121.29 120.67 120.09 119.54 119.03 118.56 118.12 117.71 117.35 117.01 116.72 116.46 116.23 116.04 115.89 115.77 115.69 115.64 115.63 115.65 115.71 115.80 115.93 116.10 116.30 116.53 116.80 117.11 117.45 117.83 118.24 118.71 119.23 119.83 120.50 121.23 122.05 122.94 123.91 124.96 126.09 127.31 128.59 129.87
179.31 174.69 170.08 165.57 161.25 157.16 153.32 149.73 146.42 143.41 140.69 138.30 136.25 134.55 133.22 132.22 131.33 130.44 129.57 128.72 127.88 127.06 126.25 125.47 124.72 123.99 123.28 122.61 121.97 121.36 120.78 120.24 119.73 119.26 118.82 118.41 118.04 117.70 117.40 117.12 116.89 116.68 116.51 116.37 116.27 116.20 116.16 116.16 116.19 116.25 116.35 116.48 116.64 116.84 117.07 117.33 117.63 117.97 118.38 118.86 119.41 120.02 120.71 121.47 122.32 123.24 124.24 125.33 126.51 127.74 128.97
179.82 175.16 170.57 166.15 161.93 157.94 154.19 150.68 147.45 144.50 141.85 139.51 137.51 135.85 134.55 133.59 132.71 131.85 131.00 130.15 129.32 128.50 127.70 126.91 126.14 125.40 124.68 123.98 123.32 122.68 122.07 121.49 120.95 120.44 119.96 119.51 119.10 118.71 118.36 118.04 117.75 117.49 117.26 117.07 116.90 116.77 116.67 116.60 116.56 116.56 116.58 116.64 116.72 116.84 116.99 117.18 117.41 117.70 118.06 118.48 118.97 119.54 120.18 120.89 121.69 122.56 123.52 124.57 125.70 126.89 128.08
180.25 175.61 171.11 166.80 162.69 158.79 155.12 151.70 148.54 145.66 143.07 140.79 138.83 137.22 135.95 135.01 134.16 133.32 132.48 131.64 130.81 130.00 129.19 128.40 127.63 126.87 126.13 125.41 124.72 124.05 123.40 122.79 122.21 121.66 121.13 120.64 120.18 119.74 119.34 118.96 118.62 118.30 118.02 117.76 117.54 117.34 117.17 117.03 116.92 116.85 116.80 116.78 116.78 116.82 116.89 117.01 117.18 117.42 117.72 118.10 118.54 119.05 119.64 120.31 121.06 121.88 122.80 123.79 124.88 126.03 127.18
180.64 176.10 171.72 167.52 163.51 159.71 156.13 152.79 149.70 146.89 144.36 142.13 140.22 138.64 137.41 136.49 135.67 134.84 134.01 133.18 132.36 131.55 130.74 129.94 129.15 128.38 127.62 126.88 126.16 125.46 124.78 124.13 123.50 122.91 122.34 121.80 121.28 120.80 120.34 119.91 119.50 119.13 118.78 118.46 118.17 117.90 117.67 117.46 117.27 117.12 116.99 116.89 116.82 116.77 116.77 116.83 116.95 117.14 117.39 117.71 118.10 118.56 119.10 119.72 120.42 121.20 122.07 123.02 124.06 125.17 126.27
181.09 176.67 172.40 168.30 164.39 160.69 157.19 153.93 150.92 148.17 145.70 143.53 141.66 140.12 138.92 138.03 137.22 136.41 135.59 134.78 133.96 133.14 132.33 131.53 130.73 129.94 129.16 128.39 127.64 126.91 126.20 125.50 124.83 124.19 123.57 122.98 122.41 121.87 121.35 120.86 120.40 119.96 119.55 119.16 118.80 118.46 118.15 117.86 117.61 117.37 117.16 116.98 116.82 116.71 116.65 116.66 116.72 116.85 117.05 117.32 117.66 118.07 118.56 119.13 119.78 120.52 121.34 122.24 123.24 124.30 125.37
181.59 177.29 173.14 169.15 165.34 161.72 158.32 155.14 152.20 149.51 147.10 144.98 143.15 141.65 140.48 139.61 138.83 138.03 137.22 136.41 135.60 134.78 133.97 133.15 132.34 131.53 130.73 129.94 129.17 128.40 127.65 126.91 126.20 125.50 124.83 124.18 123.56 122.96 122.38 121.83 121.30 120.79 120.31 119.85 119.42 119.01 118.62 118.26 117.92 117.60 117.31 117.04 116.81 116.64 116.53 116.48 116.49 116.57 116.71 116.93 117.22 117.58 118.02 118.55 119.15 119.84 120.61 121.47 122.42 123.44 124.46
182.15 177.97 173.93 170.05 166.34 162.81 159.49 156.39 153.52 150.90 148.55 146.47 144.69 143.23 142.09 141.24 140.47 139.69 138.90 138.09 137.28 136.46 135.64 134.81 133.99 133.16 132.34 131.53 130.72 129.92 129.13 128.35 127.59 126.84 126.11 125.41 124.72 124.06 123.42 122.80 122.21 121.63 121.08 120.55 120.04 119.55 119.08 118.64 118.21 117.81 117.43 117.09 116.81 116.58 116.41 116.30 116.26 116.28 116.38 116.54 116.78 117.09 117.49 117.96 118.51 119.15 119.88 120.70 121.61 122.58 123.56
182.77 178.71 174.78 171.00 167.39 163.95 160.72 157.69 154.89 152.33 150.04 148.01 146.28 144.84 143.73 142.91 142.16 141.39 140.60 139.80 138.99 138.17 137.34 136.51 135.66 134.82 133.98 133.13 132.29 131.46 130.63 129.81 129.00 128.20 127.42 126.65 125.90 125.18 124.47 123.78 123.12 122.47 121.84 121.23 120.64 120.07 119.52 118.99 118.48 117.99 117.54 117.14 116.80 116.51 116.29 116.13 116.03 116.00 116.04 116.16 116.35 116.61 116.95 117.38 117.88 118.48 119.16 119.93 120.79 121.72 122.66
183.44 179.49 175.68 172.00 168.48 165.14 161.98 159.03 156.30 153.81 151.57 149.59 147.89 146.50 145.42 144.61 143.88 143.12 142.34 141.55 140.74 139.91 139.07 138.23 137.37 136.51 135.64 134.77 133.89 133.02 132.15 131.29 130.43 129.58 128.74 127.91 127.10 126.30 125.53 124.77 124.03 123.30 122.60 121.91 121.24 120.58 119.95 119.33 118.73 118.17 117.66 117.20 116.80 116.46 116.18 115.96 115.81 115.73 115.72 115.78 115.91 116.13 116.42 116.80 117.26 117.80 118.44 119.16 119.98 120.87 121.77
184.15 180.32 176.61 173.04 169.62 166.36 163.29 160.42 157.75 155.32 153.13 151.20 149.55 148.18 147.13 146.35 145.63 144.88 144.11 143.32 142.50 141.67 140.83 139.97 139.09 138.21 137.32 136.42 135.51 134.60 133.69 132.78 131.88 130.97 130.07 129.19 128.31 127.44 126.59 125.75 124.94 124.13 123.34 122.57 121.82 121.08 120.35 119.64 118.97 118.35 117.78 117.26 116.80 116.40 116.07 115.80 115.59 115.46 115.39 115.40 115.49 115.65 115.90 116.23 116.64 117.14 117.73 118.41 119.18 120.03 120.88
184.90 181.19 177.59 174.12 170.79 167.63 164.63 161.83 159.24 156.86 154.73 152.84 151.23 149.90 148.87 148.10 147.40 146.66 145.90 145.11 144.29 143.46 142.60 141.73 140.84 139.93 139.01 138.08 137.14 136.19 135.24 134.29 133.33 132.37 131.42 130.46 129.52 128.58 127.65 126.74 125.84 124.95 124.08 123.22 122.38 121.55 120.73 119.95 119.22 118.53 117.90 117.33 116.81 116.36 115.97 115.64 115.38 115.20 115.08 115.04 115.07 115.19 115.38 115.66 116.03 116.48 117.02 117.66 118.39 119.19 120.00
185.69 182.09 178.60 175.23 172.00 168.92 166.00 163.28 160.75 158.43 156.35 154.51 152.93 151.64 150.63 149.88 149.19 148.46 147.71 146.92 146.10 145.26 144.39 143.50 142.59 141.66 140.72 139.75 138.78 137.79 136.80 135.80 134.79 133.78 132.76 131.75 130.73 129.72 128.72 127.72 126.74 125.77 124.81 123.86 122.93 122.00 121.11 120.26 119.47 118.73 118.04 117.41 116.83 116.32 115.88 115.50 115.19 114.94 114.78 114.68 114.67 114.73 114.88 115.11 115.43 115.83 116.33 116.92 117.61 118.37 119.14
186.51 183.03 179.64 176.37 173.23 170.24 167.40 164.75 162.28 160.03 157.99 156.20 154.66 153.39 152.41 151.68 151.00 150.28 149.53 148.74 147.92 147.07 146.19 145.28 144.35 143.40 142.43 141.43 140.42 139.40 138.36 137.31 136.25 135.18 134.10 133.02 131.94 130.86 129.78 128.70 127.63 126.57 125.52 124.48 123.45 122.45 121.50 120.59 119.73 118.93 118.18 117.49 116.87 116.30 115.80 115.36 115.00 114.70 114.48 114.34 114.27 114.29 114.38 114.57 114.84 115.20 115.65 116.20 116.84 117.55 118.28
187.36 183.99 180.71 177.53 174.49 171.58 168.82 166.24 163.83 161.64 159.65 157.90 156.40 155.16 154.20 153.49 152.82 152.11 151.36 150.57 149.74 148.88 147.99 147.07 146.12 145.14 144.14 143.11 142.06 141.00 139.91 138.81 137.70 136.57 135.44 134.29 133.14 131.99 130.83 129.67 128.51 127.36 126.22 125.08 123.98 122.91 121.89 120.93 120.01 119.15 118.34 117.60 116.91 116.29 115.73 115.24 114.82 114.47 114.20 114.01 113.89 113.86 113.90 114.04 114.26 114.58 114.98 115.48 116.08 116.75 117.44
188.23 184.97 181.79 178.72 175.76 172.93 170.26 167.74 165.40 163.26 161.33 159.62 158.15 156.94 156.00 155.31 154.65 153.94 153.19 152.40 151.57 150.70 149.80 148.86 147.88 146.88 145.85 144.79 143.70 142.59 141.46 140.31 139.14 137.96 136.76 135.55 134.33 133.10 131.87 130.63 129.38 128.14 126.90 125.68 124.51 123.38 122.30 121.27 120.30 119.38 118.51 117.71 116.97 116.29 115.68 115.13 114.66 114.26 113.94 113.69 113.52 113.44 113.44 113.52 113.70 113.97 114.33 114.78 115.34 115.97 116.62
189.12 185.97 182.89 179.92 177.05 174.31 171.70 169.26 166.98 164.89 163.01 161.34 159.91 158.73 157.81 157.13 156.48 155.78 155.03 154.23 153.40 152.52 151.60 150.64 149.64 148.61 147.55 146.45 145.33 144.18 143.00 141.80 140.57 139.33 138.07 136.79 135.50 134.20 132.88 131.56 130.23 128.89 127.58 126.30 125.06 123.87 122.73 121.64 120.60 119.62 118.70 117.84 117.04 116.31 115.64 115.04 114.51 114.06 113.69 113.39 113.17 113.04 112.99 113.03 113.16 113.38 113.69 114.10 114.61 115.20 115.81
190.02 186.98 184.01 181.13 178.35 175.68 173.16 170.78 168.56 166.53 164.69 163.07 161.67 160.51 159.61 158.94 158.30 157.61 156.86 156.06 155.22 154.32 153.39 152.41 151.39 150.33 149.24 148.10 146.94 145.74 144.52 143.27 141.99 140.68 139.36 138.01 136.65 135.27 133.87 132.47 131.05 129.64 128.27 126.92 125.63 124.37 123.17 122.02 120.93 119.89 118.91 117.99 117.13 116.34 115.62 114.97 114.39 113.88 113.45 113.10 112.84 112.65 112.56 112.55 112.63 112.80 113.07 113.44 113.91 114.45 115.02
190.93 187.99 185.13 182.34 179.65 177.07 174.61 172.30 170.15 168.17 166.38 164.79 163.42 162.29 161.41 160.76 160.12 159.43 158.68 157.88 157.03 156.12 155.17 154.17 153.12 152.04 150.91 149.74 148.53 147.29 146.02 144.71 143.38 142.01 140.62 139.21 137.77 136.31 134.84 133.35 131.86 130.40 128.97 127.57 126.21 124.90 123.63 122.42 121.27 120.17 119.13 118.15 117.24 116.39 115.62 114.91 114.28 113.72 113.24 112.84 112.52 112.29 112.14 112.09 112.12 112.25 112.47 112.80 113.22 113.72 114.24
191.84 189.02 186.25 183.56 180.95 178.45 176.07 173.82 171.73 169.80 168.06 166.51 165.17 164.07 163.20 162.56 161.93 161.24 160.49 159.68 158.82 157.90 156.93 155.91 154.84 153.72 152.56 151.35 150.10 148.82 147.49 146.13 144.74 143.31 141.86 140.37 138.86 137.33 135.77 134.21 132.67 131.16 129.68 128.22 126.81 125.44 124.11 122.84 121.63 120.47 119.37 118.34 117.37 116.47 115.64 114.88 114.19 113.58 113.05 112.60 112.23 111.95 111.75 111.65 111.63 111.72 111.90 112.17 112.55 113.01 113.50
192.76 190.04 187.37 184.77 182.25 179.83 177.52 175.34 173.30 171.43 169.72 168.21 166.91 165.83 164.98 164.34 163.72 163.03 162.28 161.47 160.59 159.66 158.67 157.62 156.53 155.38 154.18 152.94 151.65 150.31 148.94 147.52 146.07 144.58 143.06 141.50 139.92 138.30 136.69 135.08 133.49 131.93 130.40 128.89 127.43 126.00 124.62 123.28 122.01 120.79 119.64 118.55 117.52 116.56 115.68 114.86 114.12 113.46 112.88 112.37 111.96 111.63 111.38 111.23 111.17 111.21 111.34 111.57 111.91 112.33 112.77
193.66 191.05 188.48 185.98 183.54 181.20 178.96 176.84 174.86 173.04 171.38 169.90 168.63 167.57 166.74 166.11 165.49 164.81 164.05 163.23 162.34 161.39 160.38 159.31 158.19 157.01 155.78 154.49 153.16 151.78 150.35 148.88 147.37 145.81 144.22 142.59 140.93 139.26 137.60 135.95 134.32 132.71 131.12 129.57 128.05 126.57 125.14 123.75 122.42 121.14 119.93 118.78 117.70 116.68 115.74 114.87 114.08 113.36 112.73 112.18 111.71 111.33 111.04 110.84 110.73 110.72 110.81 111.00 111.29 111.67 112.07
194.57 192.06 189.59 187.17 184.82 182.55 180.38 178.33 176.41 174.63 173.01 171.57 170.33 169.29 168.47 167.86 167.24 166.55 165.79 164.96 164.06 163.10 162.07 160.97 159.82 158.61 157.34 156.01 154.63 153.20 151.72 150.19 148.62 147.00 145.34 143.64 141.93 140.21 138.51 136.82 135.14 133.49 131.86 130.26 128.69 127.16 125.68 124.24 122.85 121.51 120.24 119.04 117.90 116.83 115.83 114.91 114.06 113.30 112.61 112.01 111.49 111.06 110.72 110.47 110.32 110.26 110.31 110.45 110.70 111.03 111.39
195.45 193.05 190.67 188.35 186.08 183.89 181.79 179.80 177.93 176.20 174.63 173.22 172.00 170.98 170.18 169.57 168.96 168.27 167.50 166.66 165.75 164.76 163.71 162.59 161.41 160.16 158.86 157.49 156.06 154.58 153.05 151.46 149.83 148.14 146.42 144.66 142.91 141.16 139.42 137.68 135.97 134.27 132.60 130.95 129.34 127.77 126.23 124.74 123.30 121.91 120.58 119.32 118.12 117.00 115.95 114.97 114.07 113.25 112.52 111.86 111.29 110.82 110.43 110.13 109.93 109.83 109.83 109.93 110.14 110.42 110.75
196.32 194.02 191.74 189.50 187.31 185.20 183.17 181.24 179.42 177.74 176.21 174.84 173.64 172.65 171.86 171.25 170.64 169.95 169.17 168.32 167.40 166.39 165.32 164.17 162.96 161.68 160.33 158.92 157.45 155.92 154.33 152.69 150.99 149.24 147.46 145.67 143.89 142.10 140.32 138.55 136.80 135.06 133.35 131.66 130.00 128.38 126.80 125.26 123.77 122.33 120.95 119.63 118.38 117.20 116.09 115.06 114.11 113.24 112.45 111.75 111.13 110.60 110.17 109.82 109.58 109.43 109.38 109.44 109.60 109.85 110.13
197.17 194.97 192.78 190.63 188.53 186.48 184.52 182.65 180.89 179.25 177.76 176.42 175.25 174.27 173.50 172.90 172.28 171.59 170.81 169.95 169.00 167.98 166.88 165.71 164.46 163.15 161.76 160.31 158.79 157.20 155.56 153.85 152.09 150.30 148.49 146.67 144.85 143.04 141.22 139.42 137.62 135.85 134.10 132.37 130.67 129.01 127.38 125.80 124.26 122.78 121.34 119.97 118.67 117.43 116.27 115.19 114.18 113.26 112.42 111.66 110.99 110.42 109.93 109.54 109.25 109.06 108.97 108.98 109.10 109.30 109.54
197.98 195.88 193.79 191.73 189.70 187.74 185.84 184.03 182.32 180.73 179.27 177.96 176.82 175.86 175.09 174.50 173.89 173.19 172.40 171.52 170.56 169.52 168.40 167.19 165.92 164.56 163.13 161.64 160.07 158.43 156.73 154.97 153.16 151.34 149.51 147.66 145.81 143.96 142.12 140.28 138.45 136.64 134.85 133.09 131.35 129.65 127.98 126.35 124.77 123.24 121.76 120.34 118.98 117.69 116.48 115.34 114.28 113.31 112.41 111.61 110.89 110.27 109.73 109.30 108.96 108.72 108.58 108.55 108.63 108.79 108.99
198.77 196.77 194.77 192.79 190.85 188.95 187.12 185.37 183.71 182.16 180.74 179.47 178.35 177.40 176.65 176.05 175.44 174.73 173.93 173.05 172.07 171.00 169.86 168.62 167.31 165.92 164.45 162.91 161.29 159.60 157.84 156.04 154.21 152.37 150.51 148.64 146.76 144.88 143.01 141.14 139.28 137.44 135.61 133.81 132.04 130.30 128.59 126.92 125.30 123.72 122.20 120.73 119.33 117.99 116.72 115.53 114.42 113.39 112.45 111.59 110.82 110.15 109.57 109.09 108.70 108.42 108.23 108.16 108.19 108.31 108.47
199.52 197.62 195.71 193.82 191.95 190.13 188.36 186.66 185.05 183.55 182.17 180.92 179.83 178.90 178.15 177.56 176.94 176.23 175.42 174.52 173.52 172.43 171.26 170.00 168.65 167.22 165.71 164.11 162.45 160.70 158.91 157.09 155.24 153.37 151.49 149.60 147.70 145.79 143.89 141.99 140.11 138.23 136.38 134.54 132.73 130.95 129.21 127.51 125.84 124.23 122.66 121.15 119.70 118.31 116.99 115.75 114.59 113.51 112.51 111.61 110.79 110.07 109.44 108.91 108.48 108.15 107.92 107.80 107.79 107.87 107.99
200.22 198.43 196.61 194.80 193.01 191.25 189.55 187.91 186.35 184.89 183.54 182.33 181.25 180.33 179.59 179.01 178.39 177.67 176.85 175.93 174.91 173.80 172.60 171.30 169.92 168.45 166.89 165.26 163.54 161.76 159.95 158.11 156.25 154.36 152.46 150.55 148.62 146.70 144.77 142.84 140.93 139.03 137.14 135.27 133.43 131.62 129.84 128.10 126.40 124.75 123.14 121.59 120.10 118.67 117.30 116.01 114.79 113.66 112.62 111.66 110.79 110.02 109.35 108.77 108.29 107.92 107.65 107.48 107.43 107.46 107.54
200.88 199.18 197.46 195.73 194.02 192.33 190.69 189.10 187.59 186.18 184.86 183.67 182.62 181.72 180.98 180.39 179.77 179.04 178.21 177.27 176.24 175.10 173.87 172.54 171.12 169.61 168.01 166.33 164.58 162.79 160.97 159.11 157.23 155.33 153.41 151.48 149.54 147.59 145.64 143.69 141.75 139.82 137.91 136.01 134.14 132.30 130.49 128.71 126.97 125.28 123.64 122.05 120.52 119.05 117.64 116.30 115.04 113.85 112.76 111.75 110.84 110.02 109.29 108.67 108.14 107.72 107.41 107.20 107.10 107.10 107.14
201.47 199.87 198.25 196.61 194.97 193.35 191.77 190.24 188.78 187.40 186.12 184.96 183.92 183.03 182.31 181.72 181.09 180.35 179.50 178.55 177.49 176.33 175.07 173.71 172.25 170.70 169.06 167.35 165.59 163.79 161.96 160.09 158.20 156.28 154.35 152.40 150.44 148.47 146.50 144.53 142.56 140.61 138.67 136.75 134.85 132.98 131.14 129.33 127.56 125.84 124.16 122.53 120.96 119.45 118.00 116.62 115.32 114.09 112.94 111.88 110.92 110.05 109.28 108.61 108.04 107.57 107.21 106.96 106.82 106.77 106.77
