data_processed/recharge/precip/Precip_2003_06.asc
ncols        168
nrows        136
xllcorner    455000
yllcorner    2107000
cellsize     500
NODATA_value     -99999
[rows 0 to 31 of 136, columns 0 to 70 of 168]
388.08 397.66 405.33 410.96 415.53 419.35 422.41 424.66 426.09 426.66 426.35 425.14 423.00 419.89 415.80 410.69 404.55 397.40 389.63 381.81 374.53 368.38 363.91 360.56 357.18 353.63 349.91 346.02 341.92 337.49 332.75 327.77 322.65 317.47 312.32 307.30 302.49 297.99 293.88 290.26 287.21 284.83 283.36 283.94 287.86 295.74 308.08 325.40 346.44 364.73 378.23 387.03 391.22 391.05 388.26 385.06 381.85 378.60 375.29 371.90 368.41 364.78 361.01 357.07 352.94 348.59 344.00 339.17 334.34 329.91 325.90
381.23 389.39 395.98 401.70 406.79 411.21 414.95 417.97 420.25 421.76 422.48 422.38 421.42 419.59 416.86 413.20 408.58 402.99 396.50 389.63 382.99 377.18 372.76 369.29 365.77 362.08 358.23 354.15 349.70 344.86 339.70 334.32 328.81 323.25 317.74 312.37 307.23 302.40 297.98 294.06 290.73 288.07 286.19 285.34 286.88 292.25 302.07 316.88 335.38 351.09 361.97 368.10 369.74 368.68 367.20 365.69 364.14 362.52 360.81 358.99 357.04 354.94 352.65 350.17 347.47 344.52 341.30 337.80 334.00 330.09 326.37
374.80 382.04 388.59 394.62 400.10 405.00 409.30 412.97 415.98 418.31 419.93 420.81 420.93 420.26 418.77 416.43 413.23 409.12 404.09 398.29 392.33 386.90 382.56 379.00 375.38 371.58 367.56 363.12 358.20 352.90 347.29 341.48 335.54 329.57 323.66 317.91 312.39 307.20 302.44 298.18 294.53 291.57 289.38 288.07 287.94 290.51 297.40 309.27 324.80 337.52 345.36 348.57 349.00 348.99 348.94 348.85 348.68 348.42 348.04 347.52 346.84 345.97 344.90 343.60 342.05 340.23 338.12 335.68 332.91 329.78 326.44
369.23 376.30 382.95 389.17 394.92 400.18 404.93 409.12 412.75 415.78 418.18 419.93 421.00 421.36 420.99 419.86 417.94 415.21 411.64 407.20 402.10 397.08 392.85 389.24 385.54 381.60 377.19 372.24 366.81 361.01 354.92 348.63 342.23 335.82 329.48 323.30 317.38 311.80 306.65 302.02 298.01 294.70 292.19 290.56 289.91 290.56 294.25 302.75 314.91 324.21 328.76 330.44 331.65 332.83 333.96 335.00 335.94 336.76 337.43 337.94 338.25 338.36 338.22 337.84 337.17 336.20 334.90 333.26 331.26 328.86 326.05
364.93 371.89 378.53 384.82 390.73 396.23 401.29 405.90 410.02 413.62 416.68 419.18 421.08 422.36 422.98 422.94 422.19 420.71 418.48 415.46 411.64 407.26 403.18 399.54 395.72 391.38 386.41 380.89 374.92 368.59 361.98 355.18 348.29 341.40 334.59 327.96 321.59 315.58 310.01 304.98 300.58 296.89 294.01 292.03 291.03 291.12 292.64 297.52 305.89 311.53 314.22 316.42 318.59 320.69 322.70 324.61 326.39 328.02 329.47 330.72 331.76 332.55 333.08 333.33 333.26 332.87 332.13 331.01 329.49 327.56 325.18
361.55 368.30 374.80 381.04 386.98 392.60 397.87 402.76 407.25 411.31 414.91 418.03 420.64 422.72 424.22 425.14 425.44 425.10 424.08 422.37 419.93 416.74 413.09 409.38 405.12 400.17 394.60 388.49 381.94 375.04 367.88 360.54 353.12 345.71 338.39 331.27 324.42 317.95 311.93 306.46 301.63 297.53 294.24 291.87 290.50 290.22 291.12 293.59 298.09 301.55 304.51 307.42 310.26 313.01 315.64 318.14 320.48 322.64 324.59 326.32 327.80 329.02 329.94 330.54 330.81 330.72 330.25 329.37 328.07 326.33 324.11
358.64 365.04 371.29 377.35 383.20 388.82 394.17 399.23 403.97 408.37 412.39 416.01 419.21 421.96 424.23 425.99 427.21 427.88 427.96 427.43 426.25 424.41 421.98 418.39 413.49 407.88 401.65 394.90 387.73 380.21 372.45 364.52 356.53 348.55 340.69 333.03 325.66 318.67 312.15 306.20 300.89 296.33 292.60 289.80 288.00 287.31 287.81 289.62 292.72 296.21 299.67 303.05 306.33 309.50 312.51 315.37 318.03 320.49 322.71 324.69 326.38 327.77 328.85 329.58 329.95 329.92 329.49 328.63 327.31 325.52 323.23
356.12 362.06 367.93 373.69 379.33 384.82 390.13 395.23 400.10 404.71 409.03 413.03 416.70 419.99 422.89 425.37 427.40 428.96 430.01 430.54 430.50 430.04 429.61 427.69 422.71 416.36 409.38 401.90 394.01 385.78 377.32 368.71 360.05 351.42 342.91 334.62 326.63 319.03 311.92 305.38 299.51 294.40 290.12 286.79 284.48 283.28 283.31 284.89 288.09 291.89 295.79 299.60 303.29 306.82 310.19 313.36 316.31 319.02 321.48 323.65 325.51 327.05 328.24 329.06 329.48 329.49 329.06 328.17 326.79 324.91 322.50
354.18 359.53 364.89 370.24 375.54 380.77 385.92 390.93 395.80 400.50 404.99 409.25 413.25 416.97 420.38 423.45 426.16 428.48 430.38 431.84 432.97 434.31 436.08 436.36 432.85 426.28 418.46 410.14 401.40 392.36 383.09 373.68 364.23 354.83 345.56 336.52 327.80 319.48 311.66 304.43 297.88 292.09 287.16 283.18 280.24 278.45 278.19 279.82 283.12 287.06 291.27 295.53 299.65 303.60 307.34 310.86 314.14 317.15 319.87 322.27 324.35 326.07 327.41 328.35 328.86 328.93 328.54 327.65 326.26 324.33 321.84
352.92 357.60 362.33 367.13 371.97 376.83 381.68 386.49 391.23 395.89 400.42 404.81 409.03 413.05 416.84 420.39 423.65 426.60 429.23 431.63 434.35 437.66 441.45 443.74 442.18 436.87 428.70 419.42 409.74 399.76 389.56 379.24 368.90 358.61 348.47 338.57 329.00 319.84 311.20 303.16 295.81 289.24 283.54 278.80 275.14 272.98 272.75 274.48 277.86 281.90 286.24 290.81 295.39 299.78 303.94 307.85 311.48 314.82 317.85 320.53 322.84 324.78 326.31 327.40 328.05 328.22 327.90 327.06 325.68 323.73 321.06
352.14 356.37 360.40 364.53 368.78 373.14 377.56 382.04 386.54 391.03 395.48 399.88 404.19 408.38 412.43 416.32 420.01 423.48 426.83 430.60 435.06 440.16 445.76 449.87 450.08 446.46 439.33 429.57 418.84 407.80 396.57 385.22 373.86 362.57 351.45 340.57 330.04 319.93 310.36 301.39 293.13 285.66 279.07 273.49 269.38 267.24 267.10 268.91 272.37 276.48 280.90 285.60 290.49 295.34 299.96 304.29 308.32 312.03 315.38 318.38 320.97 323.16 324.91 326.20 327.02 327.33 327.11 326.35 325.02 322.96 319.77
351.58 355.62 359.19 362.58 366.12 369.85 373.73 377.75 381.87 386.07 390.32 394.60 398.87 403.11 407.30 411.40 415.40 419.39 423.88 429.16 435.18 441.86 449.09 454.80 456.57 454.47 448.79 439.85 428.50 416.31 403.92 391.44 378.95 366.54 354.31 342.35 330.74 319.57 308.94 298.94 289.65 281.16 273.62 267.51 263.40 261.34 261.28 263.16 266.67 270.84 275.33 280.10 285.11 290.27 295.35 300.15 304.61 308.72 312.45 315.79 318.71 321.18 323.19 324.71 325.73 326.21 326.14 325.49 324.12 321.61 317.81
351.18 355.07 358.46 361.38 364.14 367.12 370.33 373.77 377.39 381.17 385.09 389.12 393.23 397.40 401.60 405.79 410.09 415.00 420.78 427.39 434.76 442.84 451.47 458.59 461.73 460.94 456.52 448.78 438.03 425.08 411.44 397.70 383.97 370.33 356.89 343.72 330.92 318.57 306.77 295.62 285.19 275.62 267.47 261.35 257.32 255.33 255.33 257.25 260.81 265.02 269.56 274.39 279.46 284.73 290.13 295.40 300.33 304.88 309.02 312.74 316.01 318.81 321.11 322.91 324.16 324.85 324.96 324.33 322.58 319.54 315.20
350.91 354.64 357.89 360.65 362.93 365.09 367.52 370.24 373.24 376.48 379.95 383.61 387.43 391.40 395.47 399.77 404.76 410.72 417.60 425.34 433.87 443.12 452.97 461.30 465.60 465.92 462.56 455.83 446.02 433.47 418.93 403.84 388.75 373.77 358.99 344.50 330.39 316.75 303.68 291.25 279.61 269.36 261.18 255.14 251.18 249.25 249.29 251.24 254.81 259.05 263.63 268.50 273.62 278.95 284.44 290.03 295.44 300.47 305.06 309.19 312.85 316.01 318.65 320.75 322.27 323.21 323.41 322.48 320.26 316.76 311.98
350.74 354.31 357.43 360.05 362.19 363.86 365.44 367.32 369.57 372.15 375.04 378.20 381.61 385.25 389.21 393.98 399.79 406.62 414.40 423.06 432.55 442.79 453.64 462.97 468.23 469.46 466.96 461.04 451.99 440.13 425.77 409.64 393.09 376.66 360.43 344.51 328.98 313.93 299.46 285.71 273.31 263.01 254.90 248.92 245.01 243.12 243.18 245.15 248.73 252.98 257.58 262.47 267.62 272.99 278.54 284.21 289.94 295.45 300.53 305.12 309.21 312.76 315.77 318.20 320.04 321.13 321.10 319.78 317.18 313.31 308.17
350.63 354.06 357.03 359.53 361.56 363.09 364.17 365.17 366.54 368.33 370.51 373.05 375.93 379.24 383.45 388.80 395.26 402.76 411.23 420.62 430.85 441.88 453.54 463.68 469.69 471.62 469.78 464.46 455.98 444.62 430.70 414.53 396.82 378.82 361.04 343.57 326.50 309.93 294.01 279.41 266.95 256.73 248.67 242.73 238.86 236.99 237.06 239.03 242.60 246.84 251.44 256.34 261.51 266.91 272.48 278.20 284.01 289.84 295.41 300.49 305.04 309.03 312.44 315.25 317.31 318.24 317.89 316.27 313.37 309.22 303.82
350.56 353.83 356.67 359.05 360.97 362.41 363.36 363.85 364.30 365.18 366.52 368.32 370.66 373.99 378.56 384.33 391.22 399.19 408.15 418.06 428.85 440.45 452.72 463.46 470.02 472.46 471.08 466.17 458.03 446.98 433.32 417.34 399.37 380.07 360.62 341.49 322.77 304.63 287.79 273.12 260.72 250.54 242.53 236.62 232.76 230.89 230.96 232.91 236.46 240.68 245.26 250.15 255.32 260.72 266.32 272.05 277.90 283.80 289.69 295.27 300.32 304.78 308.63 311.73 313.70 314.40 313.81 311.97 308.87 304.53 298.96
350.49 353.62 356.32 358.58 360.39 361.74 362.61 362.99 362.92 362.84 363.23 364.27 366.41 369.87 374.63 380.60 387.73 395.96 405.22 415.45 426.59 438.56 451.24 462.37 469.29 472.04 470.90 466.19 458.22 447.27 433.66 417.68 399.65 379.87 358.99 338.09 317.68 298.54 281.60 266.99 254.64 244.50 236.51 230.61 226.75 224.88 224.92 226.84 230.34 234.52 239.07 243.94 249.09 254.49 260.08 265.82 271.68 277.61 283.56 289.46 295.02 299.98 304.19 307.27 309.08 309.62 308.89 306.91 303.70 299.26 293.61
350.40 353.38 355.95 358.09 359.79 361.05 361.84 362.16 361.99 361.38 360.89 361.51 363.55 366.97 371.70 377.68 384.84 393.14 402.49 412.83 424.12 436.27 449.15 460.48 467.55 470.39 469.31 464.60 456.58 445.53 431.77 415.60 397.32 377.23 355.65 333.25 311.78 292.53 275.65 261.08 248.76 238.64 230.65 224.75 220.88 218.97 218.98 220.84 224.28 228.41 232.91 237.74 242.86 248.23 253.80 259.54 265.39 271.33 277.29 283.26 289.13 294.49 298.76 301.75 303.47 303.94 303.15 301.14 297.90 293.46 287.81
350.25 353.08 355.52 357.54 359.14 360.31 361.03 361.29 361.07 360.48 360.02 360.40 362.16 365.32 369.83 375.62 382.62 390.77 400.01 410.27 421.50 433.63 446.50 457.83 464.85 467.59 466.36 461.45 453.18 441.83 427.72 411.15 392.42 371.83 349.76 327.30 306.00 286.81 269.96 255.42 243.11 232.99 225.00 219.08 215.17 213.22 213.17 214.97 218.33 222.39 226.82 231.60 236.67 241.99 247.53 253.24 259.08 265.00 270.97 276.93 282.74 287.97 292.19 295.17 296.90 297.39 296.64 294.68 291.51 287.15 281.60
350.01 352.70 355.00 356.91 358.41 359.49 360.13 360.33 360.18 360.11 360.35 360.92 362.29 365.00 369.08 374.47 381.10 388.91 397.84 407.82 418.79 430.69 443.36 454.48 461.25 463.69 462.10 456.79 448.07 436.22 421.56 404.38 385.00 363.79 341.88 320.59 300.29 281.39 264.58 250.04 237.74 227.60 219.58 213.63 209.67 207.66 207.54 209.25 212.52 216.49 220.84 225.54 230.55 235.82 241.31 246.97 252.77 258.67 264.61 270.45 275.81 280.53 284.55 287.59 289.41 290.01 289.39 287.57 284.56 280.36 275.00
349.65 352.19 354.37 356.16 357.56 358.55 359.13 359.37 359.71 360.37 361.31 362.48 363.90 366.05 369.50 374.29 380.35 387.62 396.03 405.52 416.04 427.50 439.77 450.49 456.80 458.74 456.60 450.68 441.30 428.75 413.33 395.36 375.20 354.05 333.27 313.25 294.15 276.12 259.53 245.00 232.67 222.51 214.45 208.43 204.41 202.33 202.12 203.73 206.89 210.75 215.01 219.62 224.54 229.74 235.16 240.77 246.52 252.37 258.16 263.54 268.33 272.53 276.12 279.05 281.03 281.83 281.43 279.84 277.07 273.14 268.05
349.13 351.54 353.59 355.27 356.57 357.48 358.08 358.80 359.83 361.15 362.72 364.47 366.37 368.43 371.15 375.14 380.43 386.95 394.64 403.45 413.30 424.14 435.80 445.90 451.56 452.79 449.90 443.18 432.94 419.48 403.11 384.21 364.01 343.95 324.41 305.56 287.55 270.54 254.68 240.31 227.96 217.75 209.63 203.54 199.44 197.26 196.94 198.44 201.48 205.22 209.36 213.86 218.69 223.79 229.13 234.66 240.34 246.02 251.34 256.13 260.39 264.10 267.25 269.84 271.82 272.88 272.78 271.51 269.08 265.50 260.78
348.44 350.70 352.63 354.20 355.40 356.33 357.37 358.75 360.42 362.33 364.45 366.71 369.08 371.49 373.98 377.07 381.38 386.96 393.73 401.65 410.64 420.64 431.50 440.79 445.59 445.91 442.05 434.33 423.03 408.47 391.03 371.98 352.83 333.98 315.59 297.80 280.78 264.68 249.66 235.87 223.62 213.35 205.16 198.99 194.79 192.50 192.06 193.42 196.32 199.92 203.93 208.32 213.03 218.02 223.26 228.70 234.19 239.37 244.09 248.33 252.09 255.35 258.10 260.35 262.07 263.22 263.50 262.64 260.63 257.50 253.23
347.53 349.66 351.45 352.92 354.12 355.46 357.14 359.12 361.35 363.78 366.37 369.07 371.83 374.59 377.32 380.02 383.27 387.69 393.35 400.17 408.10 417.07 426.91 435.19 438.93 438.14 433.13 424.19 411.64 395.86 378.17 360.13 342.17 324.43 307.06 290.24 274.10 258.81 244.53 231.40 219.59 209.37 201.09 194.82 190.50 188.08 187.51 188.72 191.46 194.90 198.77 203.01 207.59 212.46 217.58 222.81 227.78 232.35 236.51 240.23 243.53 246.37 248.77 250.71 252.18 253.17 253.63 253.24 251.75 249.14 245.43
346.37 348.36 350.04 351.49 353.09 355.02 357.27 359.78 362.49 365.37 368.36 371.42 374.49 377.53 380.49 383.31 386.03 389.22 393.56 399.08 405.74 413.47 422.11 429.17 431.65 429.55 423.17 412.82 398.90 382.77 366.06 349.18 332.29 315.55 299.12 283.15 267.80 253.22 239.56 227.00 215.67 205.74 197.45 191.06 186.61 184.05 183.32 184.36 186.93 190.20 193.90 197.99 202.42 207.15 212.04 216.73 221.08 225.07 228.70 231.95 234.81 237.28 239.36 241.02 242.27 243.09 243.48 243.38 242.47 240.49 237.41
344.94 346.80 348.45 350.26 352.42 354.90 357.64 360.60 363.73 366.97 370.29 373.63 376.95 380.18 383.30 386.24 388.95 391.47 394.40 398.43 403.62 409.91 417.14 422.78 423.79 420.18 412.24 400.38 386.01 370.81 355.21 339.38 323.47 307.64 292.03 276.81 262.14 248.16 235.04 222.93 211.98 202.36 194.21 187.75 183.15 180.43 179.53 180.40 182.77 185.86 189.38 193.29 197.56 202.03 206.37 210.42 214.18 217.62 220.76 223.56 226.04 228.18 229.97 231.40 232.46 233.15 233.46 233.38 232.85 231.55 229.20
343.21 345.02 347.01 349.35 352.02 354.96 358.12 361.45 364.92 368.46 372.03 375.58 379.06 382.42 385.61 388.59 391.30 393.70 395.82 398.28 401.80 406.44 412.05 416.08 415.43 410.10 400.50 388.08 374.60 360.49 345.92 331.03 315.99 300.96 286.07 271.50 257.40 243.93 231.23 219.47 208.80 199.38 191.36 184.90 180.17 177.28 176.19 176.85 179.02 181.90 185.23 188.95 192.94 196.85 200.53 203.97 207.17 210.11 212.79 215.19 217.32 219.16 220.70 221.93 222.85 223.45 223.72 223.65 223.23 222.40 220.84
341.22 343.35 345.83 348.65 351.74 355.07 358.58 362.22 365.94 369.70 373.45 377.13 380.70 384.11 387.31 390.25 392.89 395.17 397.04 398.54 400.32 403.12 406.91 409.12 406.60 399.46 389.21 377.64 365.22 352.10 338.45 324.40 310.13 295.79 281.52 267.50 253.87 240.79 228.41 216.90 206.40 197.08 189.09 182.58 177.71 174.62 173.33 173.78 175.72 178.38 181.49 184.91 188.32 191.56 194.62 197.49 200.16 202.64 204.90 206.94 208.75 210.32 211.65 212.72 213.54 214.08 214.34 214.32 214.00 213.37 212.38
339.29 341.89 344.81 348.03 351.48 355.11 358.89 362.76 366.67 370.57 374.42 378.16 381.75 385.13 388.26 391.09 393.57 395.66 397.29 398.43 399.11 400.00 401.77 401.95 397.48 389.58 380.13 369.60 358.14 345.91 333.07 319.76 306.16 292.40 278.65 265.07 251.81 239.02 226.86 215.49 205.07 195.74 187.67 181.01 175.91 172.54 170.99 171.20 172.90 175.33 178.11 180.94 183.66 186.26 188.73 191.07 193.26 195.30 197.18 198.90 200.43 201.78 202.93 203.88 204.63 205.15 205.44 205.50 205.32 204.88 204.18
337.53 340.53 343.82 347.35 351.08 354.96 358.93 362.95 366.97 370.94 374.82 378.54 382.07 385.35 388.34 390.98 393.24 395.05 396.37 397.15 397.35 396.99 396.68 394.75 389.42 382.29 373.85 364.25 353.65 342.20 330.07 317.40 304.35 291.08 277.74 264.50 251.50 238.90 226.86 215.53 205.07 195.63 187.38 180.46 175.03 171.25 169.28 169.17 170.61 172.68 174.86 176.98 179.05 181.05 182.98 184.82 186.57 188.21 189.75 191.17 192.46 193.62 194.64 195.51 196.22 196.76 197.12 197.30 197.29 197.08 196.66
335.73 339.07 342.65 346.44 350.38 354.42 358.52 362.62 366.68 370.65 374.48 378.11 381.51 384.62 387.39 389.78 391.73 393.20 394.14 394.50 394.23 393.27 391.64 388.81 384.21 378.06 370.52 361.76 351.91 341.15 329.62 317.49 304.90 292.02 279.00 265.99 253.15 240.64 228.62 217.23 206.63 196.99 188.45 181.18 175.32 171.04 168.48 167.81 168.81 170.26 171.72 173.18 174.63 176.07 177.48 178.86 180.20 181.48 182.72 183.88 184.97 185.98 186.90 187.72 188.43 189.02 189.49 189.83 190.02 190.07 189.96
