data_processed/recharge/precip/Precip_1986_09.asc
ncols        168
nrows        136
xllcorner    455000
yllcorner    2107000
cellsize     500
NODATA_value     -99999
[rows 33 to 65 of 136, columns 0 to 74 of 168]
153.87 153.30 152.67 151.97 151.20 150.35 149.41 148.40 147.30 146.09 144.70 143.08 141.26 139.25 137.06 134.80 132.70 130.80 129.10 127.60 126.29 125.10 123.97 122.88 121.82 120.80 119.82 118.87 117.95 117.06 116.19 115.35 114.53 113.73 112.95 112.18 111.42 110.68 109.94 109.22 108.49 107.77 107.05 106.33 105.60 104.87 104.13 103.38 102.62 101.84 101.05 100.23 99.40 98.54 97.66 96.75 95.81 94.85 93.84 92.80 91.72 90.61 89.45 88.21 86.86 85.40 83.82 82.13 80.34 78.50 76.65 74.79 72.93 71.06 69.20
155.27 154.74 154.15 153.47 152.73 151.90 151.00 150.00 148.93 147.76 146.48 145.01 143.32 141.43 139.34 137.17 135.15 133.34 131.73 130.32 129.03 127.80 126.61 125.46 124.34 123.27 122.23 121.22 120.24 119.29 118.36 117.46 116.57 115.71 114.86 114.03 113.22 112.41 111.61 110.82 110.03 109.24 108.45 107.67 106.87 106.07 105.27 104.45 103.62 102.77 101.91 101.02 100.12 99.19 98.24 97.26 96.25 95.20 94.13 93.01 91.86 90.67 89.44 88.16 86.80 85.33 83.75 82.06 80.27 78.43 76.58 74.72 72.85 71.00 69.19
156.68 156.18 155.62 154.97 154.25 153.46 152.57 151.61 150.55 149.40 148.16 146.80 145.25 143.48 141.50 139.43 137.51 135.80 134.29 132.90 131.57 130.29 129.05 127.85 126.68 125.56 124.46 123.40 122.37 121.36 120.38 119.42 118.48 117.56 116.66 115.77 114.90 114.03 113.18 112.32 111.48 110.63 109.79 108.94 108.08 107.22 106.35 105.47 104.58 103.67 102.74 101.80 100.83 99.83 98.82 97.77 96.69 95.58 94.44 93.26 92.04 90.78 89.48 88.13 86.73 85.26 83.68 81.98 80.19 78.35 76.50 74.64 72.79 70.98 69.22
158.08 157.62 157.08 156.47 155.78 155.01 154.15 153.20 152.16 151.04 149.81 148.49 147.04 145.41 143.55 141.58 139.77 138.17 136.69 135.27 133.90 132.57 131.29 130.04 128.83 127.66 126.51 125.40 124.32 123.27 122.24 121.23 120.25 119.28 118.33 117.39 116.46 115.54 114.64 113.73 112.83 111.93 111.03 110.13 109.22 108.31 107.38 106.44 105.49 104.53 103.54 102.54 101.51 100.46 99.38 98.28 97.14 95.97 94.77 93.53 92.25 90.92 89.56 88.15 86.69 85.17 83.59 81.89 80.10 78.26 76.40 74.56 72.75 71.00 69.30
159.49 159.06 158.55 157.97 157.30 156.55 155.72 154.79 153.78 152.67 151.46 150.15 148.74 147.20 145.47 143.62 141.92 140.36 138.86 137.40 135.99 134.63 133.30 132.02 130.77 129.55 128.37 127.22 126.10 125.00 123.93 122.88 121.85 120.84 119.85 118.86 117.89 116.93 115.97 115.02 114.08 113.13 112.18 111.23 110.28 109.31 108.34 107.35 106.35 105.33 104.30 103.24 102.16 101.06 99.93 98.77 97.58 96.36 95.10 93.80 92.46 91.09 89.66 88.20 86.68 85.11 83.49 81.79 80.00 78.15 76.31 74.51 72.77 71.07 69.43
160.90 160.50 160.02 159.46 158.82 158.10 157.29 156.38 155.38 154.29 153.10 151.80 150.40 148.90 147.26 145.53 143.89 142.30 140.77 139.28 137.84 136.45 135.09 133.77 132.49 131.24 130.03 128.84 127.68 126.55 125.44 124.36 123.29 122.24 121.21 120.19 119.18 118.18 117.18 116.19 115.20 114.22 113.23 112.24 111.24 110.23 109.21 108.18 107.14 106.08 105.00 103.89 102.77 101.62 100.44 99.24 98.00 96.73 95.42 94.07 92.69 91.26 89.79 88.27 86.70 85.08 83.41 81.68 79.88 78.05 76.26 74.52 72.83 71.19 69.60
162.43 162.05 161.59 161.05 160.43 159.72 158.91 158.02 157.03 155.95 154.76 153.47 152.07 150.57 148.95 147.27 145.61 144.01 142.45 140.94 139.47 138.05 136.66 135.32 134.01 132.73 131.49 130.27 129.08 127.92 126.79 125.67 124.57 123.49 122.42 121.37 120.33 119.29 118.26 117.24 116.22 115.19 114.17 113.14 112.10 111.06 110.01 108.94 107.85 106.75 105.63 104.49 103.33 102.14 100.92 99.67 98.39 97.08 95.73 94.34 92.91 91.43 89.92 88.35 86.74 85.07 83.35 81.58 79.76 77.97 76.23 74.55 72.92 71.34 69.80
164.71 164.29 163.79 163.21 162.54 161.79 160.94 159.99 158.95 157.81 156.57 155.22 153.77 152.21 150.58 148.93 147.27 145.64 144.06 142.53 141.04 139.59 138.18 136.81 135.47 134.17 132.90 131.66 130.44 129.25 128.08 126.94 125.81 124.70 123.60 122.52 121.44 120.38 119.32 118.26 117.20 116.15 115.09 114.03 112.95 111.87 110.78 109.68 108.56 107.42 106.26 105.09 103.88 102.65 101.39 100.11 98.79 97.43 96.04 94.61 93.14 91.62 90.06 88.45 86.79 85.08 83.32 81.50 79.63 77.84 76.16 74.53 72.96 71.43 69.94
167.95 167.41 166.78 166.07 165.27 164.38 163.40 162.32 161.14 159.86 158.48 156.99 155.40 153.77 152.17 150.56 148.94 147.30 145.70 144.14 142.63 141.15 139.72 138.32 136.96 135.63 134.33 133.06 131.82 130.60 129.41 128.23 127.07 125.93 124.80 123.69 122.58 121.48 120.39 119.30 118.21 117.12 116.03 114.93 113.82 112.71 111.58 110.44 109.28 108.11 106.91 105.70 104.45 103.19 101.89 100.56 99.20 97.80 96.37 94.90 93.38 91.82 90.22 88.57 86.87 85.11 83.30 81.44 79.52 77.68 76.00 74.43 72.91 71.44 70.01
171.99 171.24 170.40 169.47 168.46 167.35 166.14 164.84 163.44 161.94 160.33 158.62 156.91 155.28 153.71 152.14 150.56 148.97 147.36 145.78 144.24 142.74 141.28 139.85 138.47 137.11 135.79 134.49 133.22 131.97 130.75 129.54 128.36 127.18 126.03 124.88 123.74 122.61 121.49 120.36 119.24 118.12 116.99 115.86 114.71 113.56 112.40 111.22 110.03 108.82 107.58 106.33 105.05 103.74 102.40 101.03 99.63 98.20 96.72 95.21 93.65 92.05 90.40 88.71 86.96 85.16 83.30 81.38 79.42 77.54 75.82 74.25 72.78 71.36 69.99
176.69 175.63 174.49 173.27 171.95 170.54 169.03 167.42 165.71 163.89 161.99 160.11 158.37 156.75 155.20 153.68 152.15 150.59 149.02 147.43 145.87 144.35 142.86 141.41 140.00 138.62 137.26 135.94 134.64 133.37 132.11 130.88 129.66 128.46 127.27 126.09 124.92 123.76 122.60 121.45 120.29 119.13 117.97 116.80 115.63 114.44 113.24 112.03 110.79 109.54 108.27 106.98 105.66 104.31 102.94 101.53 100.09 98.61 97.09 95.53 93.93 92.29 90.60 88.86 87.07 85.22 83.31 81.35 79.34 77.41 75.65 74.04 72.57 71.21 69.89
181.88 180.44 178.92 177.30 175.60 173.79 171.89 169.89 167.79 165.59 163.46 161.52 159.77 158.16 156.64 155.17 153.69 152.18 150.65 149.09 147.53 145.98 144.47 142.99 141.55 140.14 138.76 137.41 136.08 134.78 133.50 132.23 130.99 129.75 128.53 127.33 126.12 124.93 123.74 122.55 121.36 120.17 118.97 117.77 116.56 115.34 114.10 112.85 111.58 110.29 108.98 107.65 106.29 104.91 103.49 102.04 100.56 99.04 97.48 95.88 94.24 92.55 90.82 89.03 87.19 85.29 83.33 81.32 79.27 77.31 75.50 73.85 72.35 70.99 69.72
187.41 185.50 183.51 181.42 179.24 176.96 174.59 172.10 169.54 167.06 164.84 162.88 161.11 159.51 158.03 156.62 155.18 153.72 152.24 150.72 149.19 147.63 146.10 144.60 143.13 141.69 140.29 138.91 137.55 136.22 134.91 133.61 132.34 131.07 129.82 128.58 127.35 126.12 124.90 123.68 122.45 121.23 120.00 118.76 117.51 116.25 114.98 113.69 112.39 111.06 109.72 108.34 106.95 105.52 104.06 102.57 101.05 99.49 97.89 96.25 94.56 92.83 91.05 89.22 87.32 85.37 83.37 81.31 79.22 77.21 75.37 73.68 72.14 70.75 69.48
193.13 190.67 188.12 185.48 182.74 179.90 176.95 173.93 171.03 168.45 166.17 164.17 162.40 160.82 159.37 158.01 156.63 155.22 153.78 152.31 150.81 149.29 147.75 146.22 144.73 143.27 141.83 140.42 139.04 137.68 136.34 135.01 133.71 132.41 131.13 129.86 128.59 127.34 126.08 124.82 123.57 122.31 121.04 119.77 118.49 117.19 115.88 114.56 113.22 111.85 110.47 109.06 107.62 106.15 104.66 103.13 101.56 99.96 98.32 96.64 94.91 93.13 91.30 89.41 87.47 85.47 83.42 81.32 79.18 77.14 75.25 73.53 71.96 70.53 69.23
198.90 195.80 192.60 189.31 185.93 182.44 178.87 175.46 172.42 169.76 167.44 165.41 163.63 162.06 160.66 159.35 158.03 156.67 155.28 153.85 152.40 150.92 149.40 147.87 146.35 144.86 143.40 141.96 140.55 139.16 137.79 136.44 135.10 133.78 132.46 131.16 129.86 128.57 127.28 125.99 124.70 123.41 122.11 120.80 119.48 118.15 116.81 115.44 114.06 112.66 111.24 109.79 108.31 106.81 105.27 103.70 102.10 100.45 98.77 97.04 95.27 93.44 91.56 89.62 87.62 85.57 83.48 81.34 79.16 77.08 75.16 73.40 71.79 70.33 69.01
204.55 200.72 196.80 192.78 188.66 184.46 180.45 176.88 173.75 171.02 168.65 166.59 164.81 163.25 161.89 160.64 159.37 158.07 156.73 155.35 153.94 152.50 151.03 149.53 148.00 146.48 144.99 143.53 142.09 140.67 139.27 137.89 136.52 135.16 133.82 132.48 131.15 129.83 128.51 127.18 125.86 124.53 123.20 121.85 120.50 119.13 117.75 116.35 114.93 113.50 112.03 110.55 109.03 107.49 105.91 104.30 102.65 100.97 99.24 97.47 95.64 93.76 91.82 89.83 87.78 85.69 83.55 81.37 79.16 77.03 75.08 73.29 71.65 70.16 68.80
209.93 205.29 200.55 195.71 190.81 186.11 181.92 178.23 175.01 172.21 169.79 167.70 165.92 164.39 163.07 161.87 160.66 159.42 158.13 156.81 155.44 154.05 152.62 151.15 149.65 148.12 146.61 145.12 143.65 142.20 140.77 139.36 137.96 136.57 135.20 133.83 132.47 131.11 129.75 128.40 127.04 125.68 124.31 122.93 121.54 120.14 118.72 117.28 115.83 114.35 112.85 111.32 109.77 108.18 106.57 104.91 103.23 101.50 99.73 97.90 96.02 94.08 92.09 90.05 87.96 85.82 83.64 81.42 79.17 77.01 75.02 73.19 71.52 70.00 68.62
214.89 209.34 203.71 198.00 192.54 187.64 183.31 179.51 176.19 173.33 170.86 168.75 166.97 165.46 164.18 163.05 161.90 160.71 159.48 158.21 156.90 155.55 154.16 152.73 151.27 149.77 148.25 146.73 145.23 143.75 142.29 140.85 139.42 138.00 136.60 135.20 133.80 132.41 131.03 129.64 128.24 126.85 125.44 124.03 122.60 121.16 119.71 118.23 116.74 115.23 113.69 112.12 110.53 108.90 107.24 105.55 103.82 102.05 100.22 98.34 96.40 94.41 92.37 90.28 88.15 85.97 83.74 81.48 79.19 77.00 74.98 73.12 71.42 69.87 68.46
219.27 212.74 206.16 199.84 194.15 189.09 184.63 180.71 177.31 174.38 171.87 169.74 167.96 166.47 165.24 164.17 163.09 161.96 160.78 159.56 158.30 157.00 155.66 154.28 152.85 151.39 149.89 148.36 146.84 145.33 143.84 142.37 140.91 139.46 138.02 136.59 135.16 133.74 132.32 130.90 129.47 128.04 126.60 125.15 123.68 122.21 120.72 119.21 117.68 116.12 114.54 112.94 111.31 109.64 107.94 106.21 104.43 102.61 100.72 98.78 96.79 94.75 92.66 90.52 88.34 86.12 83.86 81.56 79.23 77.01 74.95 73.07 71.34 69.76 68.33
222.93 215.37 208.12 201.55 195.67 190.46 185.86 181.84 178.35 175.35 172.80 170.66 168.88 167.42 166.24 165.23 164.21 163.14 162.03 160.87 159.66 158.41 157.11 155.77 154.39 152.97 151.51 150.00 148.46 146.93 145.41 143.91 142.42 140.94 139.47 138.01 136.55 135.09 133.64 132.18 130.72 129.25 127.77 126.29 124.79 123.28 121.75 120.20 118.63 117.04 115.43 113.78 112.11 110.40 108.66 106.89 105.05 103.17 101.22 99.23 97.19 95.10 92.96 90.78 88.55 86.29 83.99 81.65 79.29 77.03 74.95 73.03 71.28 69.67 68.22
225.75 217.47 209.93 203.16 197.12 191.75 187.02 182.90 179.32 176.26 173.67 171.51 169.73 168.30 167.17 166.23 165.28 164.28 163.22 162.12 160.97 159.77 158.52 157.23 155.89 154.51 153.08 151.61 150.10 148.55 147.01 145.47 143.95 142.44 140.94 139.44 137.95 136.46 134.98 133.48 131.99 130.49 128.98 127.45 125.92 124.37 122.81 121.22 119.61 117.98 116.33 114.65 112.93 111.19 109.40 107.57 105.67 103.73 101.73 99.68 97.59 95.45 93.26 91.04 88.77 86.47 84.13 81.76 79.37 77.08 74.96 73.02 71.24 69.61 68.13
228.00 219.42 211.66 204.70 198.48 192.96 188.11 183.87 180.21 177.09 174.46 172.29 170.52 169.12 168.04 167.17 166.29 165.35 164.36 163.32 162.22 161.08 159.88 158.64 157.35 156.01 154.62 153.19 151.71 150.18 148.62 147.06 145.51 143.97 142.43 140.91 139.38 137.86 136.34 134.81 133.28 131.75 130.20 128.64 127.07 125.49 123.88 122.26 120.62 118.95 117.25 115.53 113.78 111.99 110.15 108.25 106.30 104.29 102.24 100.14 98.00 95.81 93.58 91.31 89.00 86.66 84.29 81.88 79.46 77.14 75.00 73.03 71.22 69.57 68.06
230.09 221.27 213.30 206.14 199.75 194.08 189.10 184.77 181.03 177.85 175.19 173.00 171.24 169.87 168.85 168.05 167.23 166.37 165.44 164.46 163.42 162.34 161.19 160.00 158.76 157.46 156.11 154.72 153.28 151.79 150.25 148.67 147.09 145.52 143.95 142.39 140.84 139.28 137.73 136.17 134.60 133.03 131.45 129.86 128.25 126.63 124.99 123.33 121.64 119.94 118.20 116.44 114.64 112.79 110.89 108.93 106.92 104.86 102.76 100.61 98.41 96.18 93.90 91.59 89.25 86.87 84.46 82.02 79.57 77.22 75.05 73.05 71.22 69.55 68.02
232.09 223.03 214.84 207.49 200.93 195.12 190.02 185.58 181.76 178.53 175.83 173.63 171.88 170.55 169.58 168.86 168.12 167.32 166.46 165.54 164.57 163.54 162.46 161.31 160.12 158.87 157.57 156.21 154.81 153.35 151.85 150.29 148.70 147.09 145.50 143.91 142.32 140.73 139.14 137.54 135.94 134.34 132.72 131.09 129.45 127.79 126.11 124.41 122.69 120.95 119.17 117.37 115.51 113.60 111.63 109.61 107.55 105.43 103.28 101.08 98.83 96.55 94.24 91.88 89.50 87.09 84.64 82.17 79.69 77.31 75.12 73.10 71.25 69.55 68.01
233.99 224.70 216.30 208.76 202.03 196.08 190.85 186.31 182.42 179.13 176.40 174.19 172.46 171.16 170.25 169.60 168.94 168.21 167.42 166.57 165.66 164.69 163.66 162.58 161.43 160.23 158.98 157.66 156.30 154.88 153.41 151.89 150.31 148.69 147.07 145.44 143.82 142.20 140.57 138.94 137.31 135.67 134.02 132.35 130.67 128.97 127.26 125.52 123.76 121.98 120.16 118.29 116.37 114.40 112.37 110.30 108.17 106.01 103.80 101.55 99.26 96.94 94.58 92.19 89.77 87.32 84.84 82.34 79.83 77.43 75.21 73.17 71.29 69.58 68.02
235.79 226.26 217.66 209.93 203.04 196.94 191.60 186.96 182.99 179.65 176.89 174.68 172.96 171.70 170.85 170.28 169.69 169.04 168.32 167.54 166.69 165.79 164.82 163.79 162.70 161.55 160.34 159.07 157.75 156.37 154.93 153.44 151.90 150.30 148.66 147.00 145.35 143.69 142.03 140.37 138.70 137.02 135.34 133.63 131.92 130.18 128.43 126.66 124.86 123.03 121.15 119.22 117.23 115.20 113.11 110.98 108.80 106.59 104.33 102.03 99.70 97.33 94.93 92.50 90.04 87.56 85.05 82.52 79.99 77.56 75.32 73.25 71.36 69.63 68.05
237.49 227.74 218.92 211.01 203.95 197.72 192.25 187.52 183.48 180.09 177.31 175.08 173.38 172.16 171.38 170.88 170.38 169.80 169.16 168.44 167.67 166.82 165.92 164.94 163.91 162.81 161.65 160.43 159.15 157.82 156.42 154.96 153.45 151.88 150.26 148.58 146.90 145.21 143.52 141.82 140.12 138.40 136.68 134.94 133.19 131.42 129.63 127.82 125.97 124.08 122.14 120.14 118.09 115.99 113.85 111.66 109.44 107.17 104.86 102.52 100.14 97.73 95.29 92.83 90.33 87.82 85.28 82.72 80.16 77.71 75.45 73.36 71.45 69.70 68.10
239.10 229.11 220.09 211.99 204.78 198.40 192.82 188.00 183.89 180.45 177.64 175.41 173.73 172.55 171.83 171.42 170.99 170.49 169.93 169.29 168.58 167.80 166.96 166.05 165.07 164.03 162.92 161.75 160.52 159.22 157.86 156.44 154.96 153.43 151.83 150.18 148.47 146.75 145.03 143.29 141.56 139.81 138.05 136.27 134.48 132.68 130.85 128.99 127.09 125.13 123.12 121.05 118.94 116.79 114.59 112.35 110.07 107.75 105.40 103.01 100.59 98.14 95.66 93.16 90.64 88.09 85.52 82.94 80.35 77.88 75.59 73.49 71.56 69.79 68.19
240.59 230.38 221.16 212.88 205.50 198.99 193.30 188.38 184.21 180.72 177.88 175.66 174.00 172.87 172.21 171.88 171.54 171.12 170.63 170.07 169.43 168.72 167.94 167.09 166.18 165.19 164.14 163.02 161.83 160.58 159.26 157.88 156.44 154.94 153.37 151.74 150.06 148.32 146.56 144.79 143.02 141.24 139.44 137.63 135.80 133.96 132.08 130.16 128.19 126.16 124.09 121.97 119.80 117.58 115.33 113.04 110.71 108.34 105.94 103.51 101.05 98.56 96.04 93.51 90.95 88.37 85.78 83.17 80.56 78.07 75.76 73.64 71.69 69.91 68.29
241.99 231.55 222.13 213.67 206.14 199.49 193.69 188.68 184.44 180.91 178.05 175.82 174.19 173.10 172.52 172.27 172.01 171.68 171.27 170.78 170.21 169.58 168.87 168.08 167.23 166.30 165.30 164.23 163.10 161.89 160.62 159.28 157.88 156.41 154.87 153.28 151.62 149.89 148.12 146.32 144.51 142.69 140.86 139.01 137.15 135.26 133.32 131.33 129.29 127.20 125.06 122.87 120.65 118.38 116.07 113.72 111.34 108.93 106.48 104.01 101.51 98.98 96.43 93.87 91.28 88.67 86.05 83.42 80.79 78.27 75.95 73.81 71.85 70.05 68.42
243.28 232.62 222.99 214.36 206.67 199.89 193.98 188.89 184.58 181.00 178.13 175.91 174.30 173.26 172.75 172.58 172.41 172.16 171.83 171.42 170.94 170.37 169.73 169.01 168.22 167.35 166.41 165.40 164.32 163.16 161.93 160.64 159.27 157.84 156.34 154.77 153.14 151.45 149.68 147.87 146.02 144.17 142.30 140.42 138.51 136.55 134.55 132.49 130.38 128.22 126.02 123.78 121.49 119.17 116.81 114.41 111.98 109.52 107.04 104.52 101.98 99.42 96.84 94.23 91.62 88.98 86.34 83.68 81.03 78.50 76.16 74.00 72.03 70.22 68.58
244.46 233.58 223.76 214.95 207.11 200.20 194.18 189.00 184.63 181.01 178.12 175.90 174.32 173.33 172.89 172.82 172.74 172.58 172.33 172.00 171.59 171.10 170.53 169.88 169.15 168.35 167.47 166.51 165.48 164.38 163.20 161.95 160.63 159.23 157.77 156.24 154.63 152.96 151.23 149.42 147.56 145.67 143.77 141.84 139.87 137.84 135.76 133.64 131.46 129.24 126.98 124.68 122.34 119.96 117.55 115.10 112.63 110.12 107.59 105.04 102.46 99.86 97.25 94.61 91.97 89.31 86.64 83.96 81.29 78.74 76.38 74.21 72.23 70.41 68.75
245.53 234.44 224.41 215.43 207.44 200.40 194.28 189.02 184.58 180.93 178.02 175.82 174.26 173.33 172.96 172.98 172.99 172.91 172.75 172.51 172.17 171.76 171.26 170.69 170.03 169.29 168.47 167.57 166.60 165.55 164.42 163.21 161.94 160.58 159.16 157.66 156.09 154.45 152.74 150.96 149.11 147.20 145.25 143.26 141.21 139.11 136.97 134.78 132.54 130.26 127.94 125.58 123.18 120.75 118.29 115.80 113.27 110.73 108.15 105.56 102.95 100.31 97.67 95.00 92.33 89.65 86.95 84.26 81.57 79.00 76.63 74.45 72.45 70.62 68.96
