data_processed/recharge/precip/Precip_2010_05.asc
ncols        168
nrows        136
xllcorner    455000
yllcorner    2107000
cellsize     500
NODATA_value     -99999
[rows 34 to 67 of 136, columns 0 to 75 of 168]
63.17 62.91 62.57 62.17 61.70 61.15 60.54 59.86 59.12 58.31 57.43 56.49 55.47 54.33 53.05 51.62 50.06 48.38 46.72 45.22 43.88 42.71 41.70 40.80 39.93 39.07 38.22 37.38 36.55 35.73 34.92 34.11 33.32 32.54 31.78 31.02 30.28 29.55 28.83 28.12 27.43 26.76 26.09 25.44 24.81 24.19 23.59 23.00 22.43 21.88 21.34 20.82 20.32 19.83 19.37 18.92 18.49 18.08 17.69 17.32 16.97 16.64 16.33 16.04 15.78 15.53 15.31 15.11 14.93 14.76 14.56 14.36 14.15 13.93 13.72 13.52
62.09 61.89 61.62 61.29 60.88 60.41 59.87 59.26 58.59 57.85 57.05 56.18 55.25 54.25 53.13 51.86 50.46 48.93 47.42 46.07 44.89 43.86 42.96 42.08 41.20 40.34 39.48 38.63 37.79 36.96 36.14 35.33 34.52 33.73 32.95 32.18 31.41 30.67 29.93 29.20 28.49 27.79 27.10 26.43 25.77 25.13 24.50 23.88 23.28 22.70 22.13 21.57 21.04 20.52 20.01 19.53 19.06 18.61 18.18 17.77 17.38 17.01 16.65 16.32 16.01 15.72 15.45 15.20 14.97 14.76 14.55 14.34 14.11 13.87 13.64 13.43
61.18 61.05 60.85 60.58 60.24 59.84 59.37 58.83 58.24 57.57 56.85 56.06 55.21 54.30 53.32 52.22 50.98 49.61 48.26 47.06 46.04 45.12 44.23 43.35 42.48 41.61 40.75 39.89 39.05 38.21 37.38 36.55 35.74 34.93 34.14 33.35 32.58 31.81 31.06 30.31 29.58 28.86 28.15 27.46 26.77 26.10 25.45 24.81 24.18 23.56 22.96 22.38 21.81 21.26 20.72 20.20 19.70 19.21 18.74 18.29 17.86 17.44 17.05 16.67 16.32 15.98 15.66 15.36 15.09 14.83 14.60 14.36 14.12 13.86 13.62 13.38
60.44 60.38 60.25 60.05 59.78 59.45 59.06 58.60 58.07 57.49 56.84 56.13 55.36 54.54 53.65 52.69 51.62 50.42 49.23 48.20 47.28 46.39 45.51 44.63 43.75 42.88 42.02 41.16 40.31 39.46 38.62 37.79 36.97 36.16 35.35 34.55 33.76 32.98 32.21 31.45 30.70 29.96 29.24 28.52 27.82 27.12 26.44 25.77 25.12 24.48 23.85 23.24 22.64 22.06 21.49 20.93 20.39 19.87 19.37 18.88 18.41 17.95 17.52 17.10 16.70 16.32 15.95 15.61 15.29 14.99 14.70 14.44 14.18 13.91 13.64 13.39
59.89 59.90 59.84 59.71 59.52 59.26 58.94 58.56 58.11 57.61 57.04 56.41 55.73 54.98 54.18 53.32 52.40 51.37 50.35 49.43 48.54 47.66 46.78 45.90 45.02 44.16 43.29 42.43 41.57 40.73 39.88 39.05 38.21 37.39 36.58 35.77 34.97 34.17 33.39 32.62 31.85 31.10 30.35 29.62 28.89 28.18 27.47 26.78 26.11 25.44 24.79 24.15 23.52 22.90 22.31 21.72 21.15 20.59 20.05 19.53 19.02 18.53 18.05 17.59 17.15 16.73 16.33 15.94 15.57 15.22 14.89 14.58 14.29 14.00 13.71 13.43
59.54 59.62 59.63 59.57 59.45 59.27 59.03 58.73 58.36 57.94 57.45 56.91 56.31 55.65 54.93 54.16 53.34 52.45 51.55 50.67 49.79 48.91 48.04 47.16 46.29 45.42 44.56 43.70 42.84 41.99 41.15 40.30 39.47 38.64 37.82 37.00 36.19 35.39 34.59 33.80 33.02 32.25 31.49 30.74 30.00 29.27 28.54 27.83 27.13 26.44 25.76 25.10 24.44 23.80 23.17 22.56 21.96 21.37 20.80 20.24 19.70 19.17 18.66 18.16 17.68 17.22 16.77 16.34 15.93 15.53 15.16 14.80 14.47 14.14 13.83 13.51
59.32 59.48 59.56 59.59 59.55 59.45 59.29 59.06 58.78 58.44 58.04 57.59 57.08 56.51 55.88 55.21 54.47 53.67 52.81 51.94 51.07 50.20 49.33 48.46 47.60 46.73 45.87 45.01 44.15 43.30 42.45 41.61 40.77 39.93 39.10 38.28 37.46 36.65 35.84 35.05 34.25 33.47 32.69 31.93 31.17 30.42 29.68 28.94 28.22 27.51 26.81 26.12 25.44 24.77 24.12 23.47 22.84 22.23 21.62 21.03 20.45 19.89 19.34 18.81 18.29 17.79 17.30 16.83 16.38 15.94 15.52 15.12 14.73 14.34 13.94 13.57
59.13 59.37 59.54 59.65 59.70 59.69 59.62 59.48 59.30 59.05 58.75 58.39 57.97 57.50 56.98 56.40 55.75 55.00 54.18 53.33 52.47 51.61 50.74 49.88 49.02 48.16 47.30 46.44 45.58 44.73 43.88 43.03 42.19 41.35 40.51 39.68 38.86 38.03 37.22 36.41 35.60 34.81 34.02 33.23 32.46 31.69 30.93 30.18 29.43 28.70 27.97 27.26 26.56 25.86 25.18 24.51 23.85 23.20 22.56 21.94 21.33 20.73 20.15 19.58 19.02 18.48 17.95 17.44 16.94 16.46 16.00 15.55 15.09 14.55 14.01 13.55
58.95 59.28 59.55 59.75 59.90 59.99 60.02 59.99 59.90 59.76 59.56 59.31 59.00 58.64 58.22 57.73 57.13 56.43 55.65 54.84 54.00 53.14 52.29 51.43 50.57 49.71 48.85 48.00 47.14 46.29 45.43 44.58 43.74 42.89 42.05 41.21 40.37 39.54 38.72 37.89 37.08 36.27 35.46 34.66 33.87 33.08 32.30 31.53 30.77 30.01 29.26 28.52 27.79 27.07 26.36 25.66 24.97 24.29 23.62 22.97 22.32 21.69 21.07 20.46 19.87 19.29 18.72 18.17 17.63 17.11 16.60 16.07 15.47 14.77 14.07 13.47
58.80 59.24 59.61 59.92 60.18 60.37 60.51 60.59 60.62 60.59 60.50 60.37 60.18 59.93 59.61 59.17 58.61 57.95 57.22 56.45 55.64 54.80 53.95 53.10 52.25 51.39 50.54 49.68 48.82 47.97 47.11 46.26 45.40 44.55 43.70 42.86 42.01 41.17 40.33 39.50 38.67 37.85 37.02 36.21 35.40 34.59 33.79 33.00 32.22 31.44 30.67 29.90 29.15 28.40 27.66 26.93 26.21 25.50 24.80 24.11 23.43 22.77 22.11 21.46 20.83 20.21 19.60 19.01 18.43 17.86 17.27 16.61 15.85 15.00 14.15 13.41
58.71 59.25 59.74 60.17 60.54 60.85 61.11 61.31 61.46 61.55 61.59 61.58 61.52 61.37 61.09 60.69 60.17 59.56 58.87 58.14 57.38 56.57 55.74 54.89 54.04 53.19 52.33 51.48 50.62 49.76 48.91 48.05 47.19 46.33 45.48 44.62 43.77 42.92 42.07 41.22 40.38 39.54 38.70 37.87 37.04 36.22 35.40 34.59 33.78 32.98 32.18 31.40 30.61 29.84 29.07 28.31 27.56 26.82 26.09 25.37 24.65 23.95 23.26 22.57 21.90 21.24 20.59 19.96 19.33 18.69 17.96 17.14 16.22 15.23 14.24 13.36
58.68 59.34 59.96 60.51 61.01 61.45 61.84 62.17 62.45 62.67 62.85 62.97 63.00 62.90 62.66 62.30 61.82 61.25 60.61 59.92 59.20 58.43 57.63 56.80 55.95 55.10 54.25 53.39 52.53 51.68 50.81 49.95 49.09 48.23 47.36 46.50 45.64 44.78 43.92 43.06 42.20 41.34 40.49 39.64 38.80 37.96 37.12 36.28 35.45 34.63 33.81 33.00 32.19 31.39 30.59 29.80 29.02 28.25 27.48 26.73 25.98 25.24 24.51 23.79 23.08 22.38 21.69 21.01 20.31 19.52 18.64 17.66 16.60 15.47 14.35 13.33
58.73 59.53 60.27 60.96 61.60 62.18 62.70 63.17 63.59 63.96 64.28 64.50 64.59 64.52 64.32 63.99 63.56 63.02 62.43 61.78 61.10 60.37 59.61 58.80 57.97 57.12 56.27 55.41 54.56 53.69 52.83 51.96 51.10 50.23 49.35 48.48 47.61 46.74 45.87 44.99 44.12 43.25 42.39 41.52 40.66 39.79 38.94 38.08 37.23 36.38 35.54 34.70 33.86 33.03 32.21 31.39 30.58 29.78 28.98 28.19 27.40 26.63 25.86 25.10 24.35 23.61 22.88 22.13 21.28 20.34 19.30 18.18 16.98 15.72 14.46 13.31
58.88 59.82 60.71 61.54 62.32 63.05 63.72 64.35 64.92 65.44 65.86 66.14 66.25 66.21 66.05 65.76 65.36 64.88 64.32 63.72 63.07 62.38 61.66 60.89 60.08 59.25 58.40 57.54 56.68 55.82 54.95 54.08 53.20 52.33 51.45 50.57 49.69 48.80 47.92 47.03 46.15 45.26 44.38 43.50 42.61 41.73 40.86 39.98 39.10 38.23 37.36 36.50 35.64 34.78 33.93 33.08 32.24 31.40 30.57 29.75 28.93 28.11 27.31 26.51 25.72 24.94 24.14 23.24 22.24 21.14 19.96 18.69 17.36 15.97 14.59 13.32
59.15 60.24 61.28 62.27 63.21 64.09 64.92 65.70 66.43 67.07 67.54 67.84 67.98 67.98 67.85 67.60 67.24 66.80 66.29 65.73 65.12 64.47 63.78 63.04 62.27 61.46 60.62 59.77 58.90 58.04 57.17 56.29 55.41 54.53 53.64 52.75 51.86 50.96 50.07 49.17 48.27 47.37 46.47 45.57 44.67 43.77 42.87 41.97 41.07 40.18 39.28 38.39 37.50 36.62 35.74 34.86 33.99 33.12 32.25 31.39 30.54 29.69 28.85 28.01 27.18 26.33 25.38 24.32 23.17 21.93 20.60 19.20 17.74 16.22 14.73 13.34
59.55 60.81 62.01 63.16 64.26 65.31 66.31 67.26 68.11 68.79 69.28 69.61 69.79 69.82 69.72 69.51 69.19 68.79 68.32 67.80 67.23 66.62 65.96 65.26 64.53 63.75 62.93 62.08 61.22 60.35 59.48 58.59 57.71 56.82 55.92 55.02 54.12 53.22 52.31 51.40 50.48 49.57 48.65 47.73 46.81 45.89 44.97 44.05 43.13 42.21 41.29 40.37 39.46 38.55 37.63 36.73 35.82 34.92 34.02 33.13 32.24 31.35 30.47 29.60 28.69 27.69 26.59 25.38 24.08 22.69 21.23 19.71 18.12 16.49 14.88 13.37
60.10 61.53 62.91 64.23 65.51 66.74 67.91 68.98 69.87 70.57 71.10 71.45 71.66 71.72 71.66 71.48 71.21 70.85 70.42 69.94 69.41 68.84 68.21 67.55 66.84 66.09 65.31 64.48 63.63 62.75 61.87 60.99 60.10 59.20 58.29 57.39 56.47 55.56 54.63 53.71 52.78 51.85 50.91 49.98 49.04 48.10 47.16 46.21 45.27 44.33 43.38 42.44 41.50 40.55 39.61 38.67 37.74 36.80 35.87 34.94 34.02 33.09 32.17 31.23 30.18 29.02 27.76 26.41 24.96 23.44 21.85 20.20 18.50 16.75 15.04 13.43
60.82 62.43 63.99 65.50 66.96 68.37 69.67 70.79 71.70 72.42 72.97 73.35 73.58 73.68 73.65 73.51 73.28 72.96 72.57 72.14 71.65 71.11 70.52 69.89 69.22 68.50 67.74 66.94 66.11 65.24 64.36 63.46 62.57 61.66 60.75 59.83 58.91 57.98 57.04 56.10 55.16 54.21 53.26 52.31 51.35 50.39 49.42 48.46 47.49 46.52 45.55 44.58 43.61 42.64 41.67 40.70 39.73 38.76 37.80 36.83 35.87 34.91 33.92 32.83 31.62 30.31 28.90 27.41 25.83 24.18 22.46 20.70 18.88 17.03 15.21 13.50
61.72 63.52 65.28 66.98 68.63 70.18 71.52 72.65 73.58 74.33 74.90 75.31 75.57 75.70 75.71 75.60 75.41 75.13 74.79 74.39 73.94 73.44 72.89 72.29 71.64 70.96 70.23 69.45 68.64 67.80 66.92 66.02 65.11 64.20 63.28 62.35 61.42 60.48 59.53 58.57 57.62 56.65 55.68 54.71 53.73 52.75 51.76 50.78 49.79 48.79 47.80 46.80 45.80 44.80 43.80 42.80 41.80 40.80 39.80 38.80 37.80 36.76 35.63 34.38 33.02 31.56 30.01 28.38 26.67 24.89 23.06 21.18 19.26 17.31 15.39 13.59
62.83 64.83 66.78 68.69 70.48 72.06 73.42 74.57 75.52 76.29 76.88 77.32 77.61 77.77 77.81 77.74 77.59 77.35 77.05 76.69 76.28 75.82 75.30 74.73 74.12 73.46 72.76 72.02 71.23 70.40 69.54 68.65 67.74 66.81 65.88 64.95 64.00 63.05 62.08 61.12 60.14 59.16 58.17 57.18 56.19 55.18 54.18 53.16 52.15 51.13 50.11 49.09 48.06 47.03 46.00 44.97 43.93 42.90 41.86 40.83 39.75 38.58 37.29 35.88 34.37 32.77 31.08 29.32 27.49 25.59 23.65 21.66 19.64 17.60 15.59 13.70
64.15 66.36 68.52 70.57 72.40 74.00 75.37 76.53 77.50 78.29 78.91 79.38 79.70 79.89 79.96 79.93 79.81 79.62 79.36 79.04 78.67 78.24 77.76 77.23 76.65 76.02 75.34 74.62 73.86 73.06 72.22 71.34 70.43 69.50 68.56 67.61 66.65 65.68 64.71 63.73 62.74 61.74 60.73 59.72 58.70 57.68 56.65 55.62 54.58 53.53 52.49 51.43 50.38 49.32 48.26 47.19 46.13 45.06 43.99 42.88 41.67 40.33 38.88 37.33 35.68 33.94 32.12 30.23 28.28 26.28 24.22 22.14 20.02 17.89 15.80 13.83
65.71 68.14 70.45 72.53 74.37 75.98 77.36 78.55 79.54 80.34 80.99 81.48 81.83 82.05 82.16 82.16 82.09 81.93 81.71 81.43 81.10 80.71 80.26 79.76 79.21 78.61 77.96 77.27 76.53 75.75 74.93 74.07 73.17 72.24 71.29 70.33 69.36 68.38 67.39 66.40 65.39 64.38 63.35 62.32 61.28 60.24 59.19 58.13 57.07 56.00 54.92 53.84 52.76 51.67 50.58 49.48 48.38 47.28 46.14 44.89 43.51 42.02 40.42 38.73 36.94 35.07 33.13 31.12 29.05 26.94 24.79 22.61 20.40 18.19 16.02 13.97
67.51 70.10 72.44 74.53 76.38 78.00 79.40 80.60 81.61 82.44 83.10 83.62 84.00 84.25 84.39 84.44 84.39 84.28 84.10 83.87 83.57 83.21 82.80 82.33 81.81 81.24 80.62 79.95 79.24 78.48 77.68 76.84 75.95 75.04 74.09 73.12 72.13 71.14 70.14 69.12 68.10 67.07 66.03 64.98 63.92 62.85 61.78 60.70 59.61 58.51 57.41 56.31 55.19 54.07 52.95 51.82 50.69 49.51 48.23 46.82 45.29 43.65 41.91 40.07 38.15 36.16 34.10 31.97 29.80 27.59 25.34 23.07 20.78 18.49 16.25 14.13
69.51 72.13 74.48 76.57 78.43 80.06 81.47 82.69 83.71 84.56 85.25 85.80 86.20 86.49 86.66 86.74 86.74 86.66 86.53 86.33 86.07 85.75 85.37 84.94 84.45 83.90 83.31 82.67 81.98 81.24 80.46 79.63 78.77 77.87 76.92 75.95 74.96 73.95 72.93 71.91 70.87 69.82 68.76 67.69 66.61 65.52 64.42 63.32 62.20 61.08 59.95 58.82 57.67 56.53 55.37 54.21 53.00 51.69 50.24 48.68 47.00 45.21 43.33 41.37 39.32 37.21 35.03 32.80 30.53 28.22 25.88 23.53 21.17 18.80 16.49 14.31
71.57 74.19 76.54 78.65 80.51 82.15 83.58 84.81 85.85 86.73 87.44 88.01 88.44 88.75 88.96 89.08 89.11 89.08 88.98 88.82 88.60 88.32 87.97 87.57 87.11 86.59 86.03 85.41 84.74 84.03 83.27 82.46 81.61 80.72 79.79 78.83 77.83 76.81 75.78 74.73 73.68 72.61 71.53 70.44 69.34 68.23 67.11 65.98 64.84 63.69 62.54 61.37 60.20 59.02 57.83 56.60 55.26 53.78 52.18 50.46 48.64 46.71 44.70 42.61 40.45 38.22 35.93 33.60 31.23 28.84 26.42 23.98 21.55 19.12 16.75 14.50
73.66 76.28 78.64 80.75 82.62 84.27 85.71 86.96 88.02 88.91 89.65 90.24 90.70 91.05 91.29 91.44 91.51 91.52 91.46 91.34 91.16 90.91 90.60 90.23 89.80 89.31 88.77 88.18 87.53 86.84 86.10 85.31 84.47 83.60 82.68 81.73 80.74 79.71 78.66 77.60 76.53 75.44 74.35 73.24 72.11 70.98 69.84 68.68 67.52 66.35 65.16 63.97 62.77 61.55 60.30 58.92 57.42 55.78 54.03 52.17 50.21 48.15 46.02 43.80 41.52 39.19 36.80 34.37 31.92 29.43 26.93 24.43 21.93 19.44 17.01 14.71
75.78 78.40 80.76 82.88 84.76 86.42 87.87 89.13 90.21 91.13 91.88 92.50 92.99 93.37 93.64 93.82 93.93 93.98 93.97 93.88 93.74 93.52 93.24 92.90 92.50 92.05 91.53 90.96 90.34 89.67 88.94 88.17 87.36 86.50 85.59 84.65 83.66 82.64 81.59 80.51 79.42 78.32 77.20 76.07 74.92 73.77 72.60 71.42 70.23 69.03 67.82 66.60 65.37 64.09 62.69 61.15 59.49 57.70 55.80 53.80 51.71 49.53 47.27 44.94 42.56 40.12 37.63 35.12 32.57 30.01 27.44 24.87 22.31 19.77 17.29 14.94
77.92 80.54 82.90 85.02 86.91 88.58 90.05 91.33 92.42 93.36 94.14 94.78 95.30 95.70 96.01 96.23 96.37 96.46 96.49 96.44 96.33 96.15 95.91 95.60 95.23 94.80 94.31 93.76 93.17 92.51 91.81 91.06 90.25 89.41 88.51 87.58 86.60 85.59 84.54 83.45 82.34 81.22 80.08 78.93 77.77 76.59 75.40 74.19 72.98 71.75 70.51 69.26 67.96 66.53 64.97 63.28 61.46 59.53 57.50 55.36 53.14 50.84 48.47 46.03 43.54 41.01 38.43 35.83 33.21 30.58 27.94 25.31 22.69 20.10 17.58 15.19
80.08 82.70 85.06 87.19 89.08 90.77 92.24 93.54 94.65 95.60 96.41 97.07 97.62 98.05 98.39 98.64 98.83 98.95 99.02 99.01 98.94 98.79 98.58 98.30 97.96 97.56 97.10 96.58 96.00 95.37 94.68 93.95 93.16 92.33 91.45 90.52 89.55 88.54 87.50 86.41 85.29 84.15 82.99 81.82 80.64 79.43 78.22 76.99 75.75 74.49 73.22 71.90 70.46 68.87 67.15 65.31 63.35 61.28 59.11 56.85 54.51 52.09 49.61 47.07 44.48 41.86 39.20 36.52 33.82 31.12 28.43 25.74 23.08 20.44 17.88 15.46
82.25 84.87 87.24 89.37 91.27 92.96 94.45 95.76 96.89 97.86 98.69 99.38 99.95 100.41 100.78 101.07 101.29 101.46 101.56 101.59 101.55 101.44 101.26 101.02 100.71 100.33 99.89 99.40 98.84 98.23 97.56 96.84 96.07 95.25 94.38 93.47 92.51 91.51 90.46 89.38 88.26 87.10 85.93 84.73 83.53 82.30 81.06 79.81 78.54 77.25 75.92 74.45 72.85 71.10 69.23 67.24 65.14 62.94 60.64 58.26 55.80 53.28 50.69 48.06 45.38 42.67 39.93 37.17 34.41 31.65 28.90 26.17 23.46 20.79 18.20 15.74
84.43 87.05 89.42 91.55 93.46 95.16 96.66 97.98 99.13 100.12 100.97 101.69 102.29 102.78 103.18 103.50 103.76 103.96 104.11 104.18 104.17 104.10 103.95 103.73 103.45 103.10 102.69 102.22 101.69 101.09 100.45 99.74 98.99 98.18 97.32 96.42 95.46 94.47 93.43 92.35 91.23 90.07 88.88 87.66 86.43 85.18 83.92 82.64 81.34 79.99 78.51 76.89 75.12 73.23 71.21 69.08 66.85 64.51 62.10 59.60 57.03 54.40 51.72 48.99 46.23 43.44 40.62 37.80 34.98 32.16 29.36 26.59 23.84 21.14 18.52 16.04
86.61 89.23 91.60 93.74 95.66 97.37 98.88 100.21 101.38 102.39 103.26 104.00 104.62 105.15 105.58 105.94 106.23 106.47 106.66 106.76 106.79 106.75 106.64 106.45 106.20 105.88 105.49 105.04 104.53 103.96 103.33 102.64 101.90 101.10 100.26 99.36 98.42 97.42 96.39 95.31 94.19 93.03 91.84 90.61 89.35 88.08 86.79 85.48 84.12 82.63 80.98 79.20 77.28 75.24 73.08 70.82 68.46 66.00 63.47 60.86 58.19 55.46 52.69 49.87 47.03 44.17 41.29 38.40 35.53 32.66 29.82 27.00 24.22 21.50 18.86 16.36
88.80 91.41 93.79 95.93 97.85 99.57 101.10 102.44 103.63 104.66 105.55 106.31 106.96 107.51 107.98 108.37 108.70 108.98 109.20 109.34 109.41 109.40 109.32 109.16 108.94 108.64 108.28 107.86 107.37 106.81 106.20 105.53 104.80 104.02 103.18 102.30 101.36 100.37 99.34 98.27 97.15 95.99 94.79 93.55 92.28 90.98 89.67 88.29 86.79 85.13 83.33 81.39 79.33 77.15 74.85 72.46 69.98 67.41 64.76 62.05 59.28 56.46 53.60 50.71 47.79 44.85 41.91 38.98 36.05 33.14 30.26 27.41 24.61 21.86 19.21 16.69
90.98 93.59 95.97 98.11 100.04 101.77 103.31 104.67 105.87 106.91 107.83 108.61 109.29 109.87 110.36 110.79 111.15 111.47 111.74 111.92 112.02 112.04 111.99 111.87 111.67 111.40 111.07 110.66 110.19 109.66 109.06 108.41 107.70 106.93 106.10 105.22 104.29 103.31 102.28 101.21 100.09 98.93 97.72 96.48 95.20 93.88 92.50 90.99 89.32 87.50 85.55 83.46 81.26 78.94 76.52 74.01 71.40 68.72 65.97 63.16 60.30 57.40 54.45 51.49 48.50 45.50 42.51 39.52 36.55 33.60 30.69 27.81 24.99 22.23 19.57 17.04
