data_processed/recharge/precip/Precip_1993_02.asc
ncols        168
nrows        136
xllcorner    455000
yllcorner    2107000
cellsize     500
NODATA_value     -99999
[rows 0 to 35 of 136, columns 82 to 163 of 168]
19.82 19.82 19.79 19.76 19.71 19.64 19.55 19.45 19.33 19.19 19.03 18.85 18.63 18.37 18.08 17.76 17.40 17.00 16.57 16.11 15.61 15.10 14.57 14.04 13.51 12.97 12.43 11.89 11.35 10.80 10.26 9.74 9.26 8.81 8.41 8.05 7.73 7.44 7.20 6.99 6.82 6.68 6.59 6.52 6.50 6.50 6.54 6.62 6.72 6.86 7.03 7.24 7.47 7.73 8.03 8.35 8.70 9.08 9.49 9.93 10.39 10.87 11.39 11.93 12.49 13.08 13.69 14.32 14.98 15.65 16.35 17.07 17.82 18.58 19.36 20.15 20.97 21.81 22.66 23.53 24.41 25.32
19.15 19.13 19.09 19.04 18.98 18.89 18.79 18.68 18.55 18.39 18.23 18.04 17.82 17.57 17.28 16.96 16.61 16.22 15.80 15.34 14.85 14.34 13.82 13.30 12.77 12.25 11.72 11.18 10.65 10.12 9.61 9.14 8.71 8.32 7.96 7.65 7.37 7.13 6.93 6.77 6.64 6.55 6.49 6.46 6.47 6.51 6.59 6.70 6.84 7.01 7.21 7.44 7.70 7.99 8.31 8.66 9.04 9.44 9.87 10.32 10.80 11.31 11.84 12.39 12.97 13.57 14.19 14.83 15.50 16.19 16.89 17.62 18.36 19.13 19.91 20.71 21.53 22.36 23.21 24.08 24.96 25.86
18.49 18.45 18.40 18.34 18.26 18.16 18.05 17.92 17.78 17.62 17.44 17.24 17.02 16.77 16.49 16.18 15.83 15.44 15.03 14.58 14.09 13.59 13.08 12.56 12.05 11.53 11.01 10.49 9.97 9.47 9.01 8.59 8.21 7.86 7.56 7.29 7.06 6.86 6.70 6.58 6.49 6.44 6.42 6.43 6.47 6.55 6.66 6.80 6.97 7.17 7.40 7.66 7.94 8.26 8.60 8.97 9.37 9.79 10.24 10.71 11.21 11.73 12.27 12.84 13.43 14.04 14.67 15.33 16.00 16.69 17.40 18.13 18.88 19.65 20.43 21.23 22.05 22.88 23.72 24.58 25.46 26.35
17.84 17.79 17.73 17.65 17.56 17.45 17.33 17.19 17.03 16.86 16.67 16.46 16.23 15.98 15.70 15.40 15.05 14.68 14.27 13.82 13.34 12.85 12.35 11.84 11.33 10.83 10.32 9.81 9.32 8.87 8.46 8.09 7.75 7.46 7.20 6.97 6.78 6.63 6.51 6.43 6.37 6.36 6.37 6.42 6.49 6.60 6.74 6.91 7.11 7.34 7.60 7.88 8.19 8.53 8.89 9.28 9.70 10.14 10.61 11.09 11.61 12.14 12.70 13.28 13.87 14.49 15.13 15.79 16.47 17.17 17.88 18.62 19.36 20.13 20.91 21.71 22.52 23.35 24.19 25.04 25.91 26.78
17.21 17.15 17.07 16.98 16.88 16.76 16.62 16.47 16.30 16.12 15.92 15.70 15.46 15.20 14.93 14.63 14.29 13.92 13.52 13.08 12.61 12.12 11.63 11.13 10.64 10.14 9.64 9.17 8.73 8.33 7.96 7.64 7.35 7.09 6.87 6.69 6.54 6.43 6.35 6.30 6.28 6.30 6.35 6.43 6.54 6.68 6.84 7.04 7.27 7.52 7.80 8.11 8.44 8.80 9.19 9.59 10.03 10.48 10.96 11.47 11.99 12.54 13.10 13.69 14.30 14.93 15.57 16.23 16.92 17.62 18.33 19.06 19.81 20.58 21.35 22.15 22.95 23.77 24.60 25.45 26.30 27.17
16.59 16.51 16.43 16.32 16.21 16.08 15.93 15.77 15.60 15.40 15.19 14.96 14.72 14.45 14.17 13.87 13.54 13.17 12.78 12.35 11.89 11.41 10.92 10.44 9.95 9.47 9.00 8.57 8.18 7.83 7.51 7.23 6.98 6.77 6.59 6.45 6.34 6.26 6.22 6.20 6.22 6.27 6.35 6.46 6.60 6.76 6.96 7.18 7.43 7.71 8.01 8.34 8.70 9.07 9.48 9.90 10.35 10.82 11.31 11.83 12.36 12.92 13.49 14.09 14.70 15.33 15.98 16.65 17.33 18.03 18.75 19.48 20.22 20.98 21.75 22.54 23.34 24.15 24.97 25.80 26.64 27.50
15.98 15.90 15.80 15.68 15.56 15.42 15.26 15.09 14.91 14.70 14.49 14.25 14.00 13.73 13.44 13.13 12.80 12.44 12.05 11.63 11.18 10.71 10.23 9.76 9.28 8.83 8.41 8.03 7.68 7.37 7.10 6.86 6.65 6.48 6.34 6.24 6.16 6.12 6.11 6.13 6.18 6.26 6.37 6.51 6.67 6.87 7.09 7.34 7.61 7.91 8.23 8.58 8.95 9.34 9.76 10.20 10.66 11.15 11.65 12.17 12.72 13.28 13.86 14.46 15.08 15.71 16.37 17.03 17.72 18.41 19.12 19.85 20.59 21.34 22.11 22.88 23.67 24.47 25.28 26.10 26.93 27.77
15.39 15.29 15.18 15.06 14.92 14.78 14.61 14.43 14.24 14.03 13.80 13.56 13.30 13.02 12.73 12.41 12.08 11.72 11.34 10.93 10.48 10.02 9.56 9.09 8.65 8.24 7.87 7.53 7.23 6.96 6.73 6.53 6.36 6.23 6.13 6.06 6.02 6.01 6.03 6.08 6.16 6.27 6.41 6.57 6.77 6.98 7.23 7.50 7.79 8.11 8.45 8.81 9.20 9.61 10.04 10.49 10.97 11.46 11.97 12.50 13.06 13.62 14.21 14.81 15.43 16.07 16.72 17.38 18.06 18.76 19.47 20.19 20.92 21.66 22.42 23.18 23.96 24.75 25.54 26.34 27.16 27.98
14.81 14.70 14.59 14.45 14.31 14.15 13.98 13.79 13.59 13.37 13.14 12.89 12.63 12.34 12.04 11.72 11.38 11.02 10.65 10.24 9.81 9.35 8.90 8.47 8.07 7.70 7.38 7.08 6.82 6.59 6.40 6.24 6.11 6.01 5.95 5.91 5.90 5.93 5.98 6.06 6.17 6.30 6.47 6.65 6.87 7.11 7.37 7.66 7.97 8.31 8.67 9.05 9.45 9.87 10.31 10.78 11.26 11.76 12.28 12.82 13.37 13.95 14.53 15.14 15.76 16.39 17.04 17.70 18.38 19.07 19.77 20.48 21.20 21.94 22.68 23.43 24.20 24.97 25.74 26.53 27.32 28.12
14.25 14.13 14.00 13.86 13.71 13.55 13.37 13.17 12.96 12.74 12.50 12.25 11.98 11.69 11.38 11.06 10.72 10.35 9.97 9.57 9.15 8.71 8.28 7.89 7.54 7.22 6.93 6.68 6.46 6.27 6.11 5.99 5.89 5.83 5.80 5.79 5.82 5.87 5.95 6.06 6.19 6.35 6.54 6.75 6.98 7.24 7.53 7.83 8.16 8.51 8.88 9.28 9.69 10.12 10.58 11.05 11.54 12.05 12.57 13.11 13.67 14.24 14.83 15.44 16.05 16.68 17.33 17.99 18.65 19.33 20.03 20.73 21.44 22.16 22.89 23.63 24.38 25.13 25.89 26.66 27.43 28.21
13.70 13.57 13.44 13.29 13.13 12.96 12.77 12.57 12.36 12.13 11.89 11.63 11.35 11.06 10.75 10.42 10.08 9.71 9.33 8.93 8.51 8.09 7.71 7.36 7.05 6.77 6.53 6.31 6.13 5.98 5.86 5.77 5.71 5.67 5.67 5.70 5.75 5.83 5.94 6.07 6.23 6.41 6.62 6.85 7.10 7.38 7.68 8.00 8.35 8.71 9.10 9.50 9.92 10.37 10.83 11.31 11.80 12.31 12.84 13.38 13.94 14.52 15.10 15.70 16.32 16.94 17.58 18.23 18.89 19.56 20.24 20.93 21.63 22.34 23.05 23.78 24.50 25.24 25.98 26.73 27.48 28.23
13.17 13.04 12.89 12.74 12.57 12.39 12.20 12.00 11.78 11.54 11.30 11.03 10.75 10.46 10.14 9.81 9.47 9.10 8.72 8.31 7.89 7.50 7.16 6.85 6.58 6.34 6.13 5.96 5.81 5.70 5.61 5.55 5.53 5.53 5.55 5.61 5.69 5.79 5.93 6.08 6.26 6.47 6.70 6.95 7.22 7.52 7.83 8.17 8.53 8.90 9.30 9.71 10.15 10.60 11.06 11.55 12.05 12.56 13.09 13.64 14.19 14.77 15.35 15.95 16.56 17.18 17.81 18.45 19.10 19.76 20.43 21.10 21.79 22.48 23.18 23.88 24.59 25.31 26.03 26.75 27.48 28.21
12.66 12.52 12.37 12.21 12.04 11.85 11.66 11.44 11.22 10.98 10.73 10.46 10.18 9.88 9.56 9.23 8.88 8.51 8.13 7.72 7.30 6.91 6.59 6.33 6.10 5.90 5.73 5.59 5.48 5.40 5.35 5.33 5.33 5.36 5.42 5.50 5.61 5.74 5.90 6.08 6.28 6.51 6.76 7.03 7.32 7.63 7.96 8.32 8.69 9.08 9.48 9.91 10.35 10.81 11.28 11.77 12.27 12.79 13.32 13.87 14.43 15.00 15.58 16.17 16.78 17.39 18.01 18.65 19.29 19.94 20.59 21.26 21.93 22.60 23.28 23.97 24.66 25.36 26.06 26.76 27.46 28.16
12.18 12.03 11.87 11.70 11.53 11.33 11.13 10.92 10.69 10.44 10.19 9.92 9.63 9.33 9.01 8.68 8.33 7.96 7.57 7.17 6.75 6.35 6.03 5.79 5.60 5.44 5.31 5.21 5.14 5.09 5.07 5.08 5.12 5.18 5.27 5.38 5.51 5.67 5.86 6.06 6.29 6.54 6.80 7.09 7.40 7.73 8.08 8.45 8.83 9.23 9.65 10.08 10.53 11.00 11.48 11.97 12.48 13.00 13.54 14.08 14.64 15.21 15.79 16.38 16.98 17.58 18.20 18.82 19.46 20.09 20.74 21.39 22.05 22.71 23.37 24.04 24.71 25.39 26.06 26.74 27.42 28.10
11.71 11.56 11.39 11.22 11.03 10.84 10.63 10.41 10.18 9.93 9.67 9.40 9.11 8.80 8.48 8.15 7.79 7.42 7.04 6.64 6.22 5.82 5.50 5.26 5.09 4.96 4.87 4.81 4.78 4.77 4.78 4.83 4.89 4.99 5.10 5.24 5.41 5.59 5.80 6.03 6.27 6.54 6.83 7.14 7.47 7.82 8.18 8.56 8.96 9.37 9.80 10.24 10.70 11.18 11.66 12.16 12.67 13.20 13.73 14.28 14.84 15.40 15.98 16.57 17.16 17.76 18.37 18.98 19.61 20.23 20.87 21.50 22.14 22.79 23.44 24.09 24.74 25.40 26.05 26.71 27.36 28.02
11.27 11.11 10.94 10.76 10.57 10.36 10.15 9.93 9.69 9.44 9.18 8.90 8.61 8.30 7.98 7.64 7.29 6.92 6.54 6.13 5.71 5.32 5.00 4.76 4.58 4.48 4.42 4.40 4.40 4.43 4.48 4.55 4.65 4.78 4.92 5.09 5.28 5.49 5.72 5.97 6.25 6.54 6.85 7.17 7.52 7.88 8.26 8.66 9.07 9.49 9.93 10.39 10.85 11.34 11.83 12.33 12.85 13.38 13.91 14.46 15.02 15.58 16.15 16.74 17.32 17.92 18.52 19.13 19.74 20.35 20.97 21.60 22.22 22.85 23.49 24.12 24.75 25.39 26.02 26.65 27.28 27.91
10.84 10.67 10.50 10.31 10.12 9.91 9.69 9.47 9.23 8.97 8.71 8.43 8.13 7.82 7.50 7.16 6.81 6.44 6.06 5.66 5.24 4.85 4.53 4.28 4.11 4.00 3.96 3.97 4.01 4.07 4.16 4.27 4.40 4.55 4.73 4.92 5.14 5.38 5.63 5.91 6.20 6.52 6.84 7.19 7.55 7.93 8.33 8.74 9.16 9.60 10.05 10.51 10.99 11.48 11.98 12.49 13.01 13.54 14.08 14.62 15.18 15.74 16.31 16.89 17.47 18.06 18.65 19.25 19.85 20.46 21.06 21.67 22.29 22.90 23.51 24.13 24.74 25.36 25.97 26.58 27.19 27.79
10.43 10.26 10.08 9.89 9.69 9.48 9.26 9.03 8.78 8.53 8.26 7.98 7.68 7.37 7.05 6.71 6.36 5.99 5.61 5.21 4.79 4.40 4.08 3.83 3.66 3.55 3.51 3.54 3.61 3.70 3.82 3.96 4.13 4.31 4.52 4.74 4.98 5.25 5.53 5.83 6.14 6.48 6.83 7.19 7.57 7.97 8.38 8.80 9.24 9.69 10.15 10.62 11.11 11.60 12.11 12.62 13.15 13.68 14.22 14.77 15.32 15.88 16.45 17.02 17.60 18.18 18.77 19.36 19.95 20.54 21.14 21.73 22.33 22.93 23.52 24.12 24.72 25.31 25.90 26.49 27.07 27.65
10.05 9.87 9.68 9.49 9.28 9.07 8.84 8.61 8.36 8.10 7.83 7.55 7.25 6.94 6.62 6.28 5.93 5.57 5.18 4.78 4.37 3.98 3.66 3.41 3.23 3.12 3.08 3.11 3.19 3.32 3.47 3.65 3.84 4.06 4.29 4.54 4.81 5.10 5.41 5.73 6.07 6.42 6.79 7.18 7.58 7.99 8.41 8.85 9.30 9.76 10.24 10.72 11.21 11.71 12.22 12.74 13.27 13.81 14.35 14.90 15.45 16.01 16.57 17.14 17.71 18.29 18.86 19.44 20.03 20.61 21.19 21.77 22.36 22.94 23.52 24.09 24.67 25.24 25.81 26.38 26.94 27.49
9.67 9.49 9.30 9.10 8.89 8.67 8.45 8.21 7.96 7.70 7.42 7.14 6.84 6.53 6.21 5.88 5.53 5.17 4.78 4.38 3.97 3.58 3.26 3.01 2.83 2.72 2.68 2.70 2.79 2.93 3.11 3.32 3.54 3.79 4.05 4.33 4.63 4.94 5.27 5.62 5.98 6.36 6.75 7.15 7.57 7.99 8.43 8.89 9.35 9.82 10.30 10.80 11.30 11.81 12.32 12.85 13.38 13.92 14.46 15.01 15.56 16.12 16.68 17.24 17.81 18.37 18.94 19.51 20.09 20.66 21.23 21.80 22.36 22.93 23.49 24.05 24.61 25.16 25.70 26.25 26.78 27.31
9.32 9.13 8.94 8.73 8.52 8.30 8.07 7.83 7.58 7.31 7.04 6.75 6.46 6.15 5.83 5.50 5.15 4.79 4.41 4.01 3.59 3.20 2.88 2.64 2.46 2.35 2.30 2.32 2.40 2.54 2.74 2.97 3.23 3.51 3.80 4.11 4.43 4.77 5.13 5.49 5.88 6.27 6.68 7.11 7.54 7.98 8.44 8.90 9.38 9.86 10.36 10.86 11.37 11.89 12.41 12.94 13.47 14.01 14.56 15.10 15.65 16.21 16.77 17.32 17.89 18.45 19.01 19.57 20.13 20.69 21.25 21.80 22.35 22.90 23.45 23.99 24.52 25.06 25.58 26.10 26.61 27.12
8.99 8.79 8.59 8.39 8.17 7.95 7.71 7.47 7.21 6.95 6.68 6.39 6.10 5.79 5.47 5.14 4.80 4.43 4.05 3.66 3.24 2.85 2.53 2.28 2.11 1.99 1.95 1.96 2.04 2.18 2.37 2.62 2.91 3.21 3.53 3.87 4.22 4.58 4.96 5.36 5.76 6.18 6.61 7.05 7.50 7.96 8.43 8.91 9.40 9.89 10.40 10.91 11.42 11.95 12.48 13.01 13.55 14.09 14.63 15.18 15.73 16.28 16.84 17.39 17.95 18.50 19.05 19.61 20.16 20.70 21.25 21.79 22.33 22.86 23.39 23.91 24.43 24.93 25.44 25.93 26.42 26.92
8.66 8.47 8.26 8.05 7.84 7.61 7.37 7.13 6.87 6.61 6.33 6.05 5.76 5.46 5.14 4.81 4.46 4.10 3.72 3.33 2.91 2.53 2.21 1.96 1.78 1.66 1.61 1.63 1.70 1.84 2.03 2.27 2.57 2.90 3.25 3.62 3.99 4.38 4.79 5.20 5.63 6.07 6.51 6.97 7.44 7.92 8.40 8.90 9.40 9.91 10.42 10.94 11.46 11.99 12.53 13.07 13.61 14.15 14.70 15.25 15.80 16.34 16.89 17.44 17.99 18.54 19.08 19.63 20.17 20.70 21.23 21.76 22.28 22.80 23.31 23.81 24.31 24.80 25.28 25.75 26.24 26.73
8.36 8.16 7.95 7.74 7.52 7.29 7.05 6.80 6.55 6.29 6.01 5.73 5.44 5.14 4.83 4.50 4.15 3.79 3.42 3.02 2.61 2.22 1.90 1.65 1.47 1.36 1.30 1.32 1.39 1.52 1.70 1.95 2.24 2.58 2.96 3.35 3.75 4.17 4.60 5.03 5.48 5.94 6.41 6.89 7.37 7.86 8.36 8.87 9.39 9.90 10.43 10.96 11.49 12.03 12.57 13.11 13.65 14.20 14.75 15.29 15.84 16.39 16.93 17.48 18.02 18.56 19.10 19.63 20.16 20.68 21.20 21.71 22.22 22.72 23.21 23.70 24.17 24.64 25.10 25.57 26.05 26.54
8.07 7.87 7.66 7.44 7.22 6.98 6.74 6.50 6.24 5.98 5.72 5.44 5.15 4.85 4.53 4.21 3.86 3.51 3.13 2.74 2.32 1.94 1.62 1.37 1.19 1.07 1.02 1.03 1.10 1.22 1.40 1.64 1.93 2.27 2.65 3.07 3.50 3.94 4.39 4.85 5.32 5.80 6.29 6.79 7.29 7.80 8.31 8.83 9.36 9.89 10.42 10.96 11.50 12.04 12.59 13.14 13.68 14.23 14.78 15.33 15.87 16.42 16.96 17.50 18.03 18.57 19.10 19.62 20.14 20.65 21.15 21.65 22.14 22.63 23.10 23.57 24.02 24.47 24.93 25.39 25.87 26.36
7.79 7.59 7.37 7.16 6.93 6.70 6.46 6.21 5.96 5.70 5.44 5.16 4.87 4.57 4.26 3.94 3.60 3.24 2.86 2.47 2.06 1.67 1.36 1.11 0.92 0.81 0.75 0.76 0.82 0.95 1.13 1.36 1.64 1.97 2.36 2.78 3.24 3.70 4.18 4.66 5.15 5.65 6.16 6.67 7.19 7.72 8.24 8.78 9.32 9.86 10.40 10.95 11.50 12.05 12.60 13.15 13.70 14.25 14.80 15.34 15.89 16.43 16.97 17.50 18.03 18.56 19.08 19.59 20.10 20.60 21.09 21.57 22.05 22.52 22.97 23.42 23.86 24.30 24.75 25.22 25.69 26.17
7.53 7.32 7.11 6.89 6.66 6.43 6.19 5.95 5.70 5.44 5.18 4.90 4.62 4.32 4.01 3.69 3.35 2.99 2.62 2.23 1.82 1.43 1.11 0.86 0.68 0.56 0.51 0.51 0.57 0.69 0.87 1.10 1.37 1.70 2.08 2.50 2.96 3.45 3.95 4.45 4.97 5.49 6.01 6.54 7.08 7.62 8.16 8.71 9.26 9.81 10.37 10.92 11.48 12.04 12.59 13.15 13.70 14.25 14.80 15.35 15.89 16.43 16.96 17.49 18.02 18.53 19.04 19.55 20.04 20.53 21.01 21.48 21.94 22.39 22.83 23.26 23.69 24.13 24.58 25.04 25.51 25.99
7.28 7.07 6.85 6.63 6.40 6.17 5.94 5.70 5.45 5.20 4.94 4.66 4.38 4.09 3.78 3.45 3.12 2.76 2.39 2.00 1.59 1.21 0.89 0.64 0.46 0.34 0.28 0.28 0.34 0.46 0.63 0.85 1.13 1.45 1.82 2.23 2.69 3.19 3.71 4.23 4.77 5.31 5.85 6.40 6.96 7.51 8.07 8.63 9.19 9.76 10.32 10.89 11.45 12.01 12.57 13.13 13.69 14.24 14.79 15.34 15.88 16.41 16.94 17.47 17.98 18.49 19.00 19.49 19.97 20.45 20.92 21.37 21.81 22.25 22.67 23.10 23.53 23.97 24.41 24.87 25.34 25.82
7.05 6.83 6.61 6.39 6.17 5.94 5.71 5.47 5.23 4.97 4.71 4.44 4.16 3.87 3.56 3.24 2.91 2.55 2.18 1.79 1.39 1.00 0.69 0.44 0.25 0.13 0.07 0.07 0.13 0.24 0.41 0.63 0.90 1.22 1.58 1.99 2.44 2.93 3.45 4.00 4.56 5.12 5.68 6.25 6.82 7.39 7.96 8.54 9.11 9.69 10.26 10.83 11.40 11.97 12.54 13.10 13.66 14.22 14.77 15.31 15.85 16.38 16.91 17.43 17.94 18.44 18.93 19.42 19.89 20.35 20.80 21.25 21.67 22.09 22.51 22.93 23.36 23.80 24.24 24.70 25.16 25.64
6.82 6.61 6.39 6.17 5.95 5.72 5.49 5.26 5.02 4.77 4.51 4.24 3.96 3.67 3.37 3.05 2.71 2.36 1.99 1.61 1.20 0.82 0.50 0.25 0.07 0.00 0.00 0.00 0.00 0.05 0.21 0.43 0.69 1.00 1.36 1.76 2.20 2.69 3.21 3.76 4.34 4.92 5.50 6.08 6.67 7.26 7.84 8.43 9.02 9.60 10.19 10.77 11.35 11.92 12.49 13.06 13.62 14.18 14.73 15.27 15.81 16.34 16.86 17.37 17.88 18.37 18.85 19.33 19.79 20.24 20.68 21.11 21.52 21.93 22.35 22.77 23.20 23.63 24.07 24.53 24.99 25.46
6.61 6.40 6.18 5.96 5.75 5.52 5.30 5.06 4.82 4.58 4.32 4.05 3.78 3.49 3.19 2.87 2.54 2.19 1.82 1.43 1.03 0.65 0.33 0.08 0.00 0.00 0.00 0.00 0.00 0.00 0.03 0.24 0.50 0.81 1.16 1.55 1.99 2.46 2.98 3.52 4.10 4.70 5.30 5.91 6.51 7.11 7.71 8.31 8.91 9.51 10.10 10.69 11.27 11.85 12.43 13.00 13.57 14.12 14.67 15.22 15.75 16.28 16.80 17.30 17.80 18.29 18.76 19.22 19.68 20.11 20.54 20.95 21.36 21.78 22.19 22.61 23.03 23.47 23.91 24.36 24.82 25.29
6.41 6.20 5.99 5.77 5.56 5.34 5.11 4.88 4.65 4.40 4.15 3.88 3.61 3.32 3.02 2.71 2.38 2.03 1.66 1.28 0.88 0.50 0.18 0.00 0.00 0.00 0.00 0.00 0.00 0.00 0.00 0.07 0.33 0.63 0.97 1.36 1.79 2.26 2.76 3.30 3.88 4.48 5.10 5.72 6.34 6.95 7.57 8.18 8.79 9.40 10.00 10.60 11.19 11.78 12.36 12.93 13.50 14.06 14.61 15.15 15.68 16.21 16.72 17.22 17.71 18.19 18.66 19.11 19.55 19.97 20.39 20.80 21.21 21.62 22.03 22.45 22.87 23.30 23.74 24.19 24.65 25.12
6.23 6.02 5.81 5.60 5.39 5.17 4.95 4.72 4.49 4.24 3.99 3.73 3.46 3.17 2.87 2.56 2.23 1.89 1.52 1.14 0.74 0.36 0.05 0.00 0.00 0.00 0.00 0.00 0.00 0.00 0.00 0.00 0.17 0.47 0.81 1.19 1.61 2.07 2.57 3.10 3.66 4.26 4.88 5.52 6.15 6.78 7.41 8.04 8.66 9.28 9.89 10.49 11.09 11.69 12.27 12.85 13.42 13.98 14.53 15.07 15.60 16.12 16.63 17.12 17.61 18.08 18.53 18.98 19.41 19.82 20.23 20.64 21.05 21.46 21.87 22.28 22.71 23.13 23.57 24.02 24.47 24.94
6.06 5.85 5.65 5.44 5.23 5.01 4.79 4.57 4.34 4.10 3.85 3.59 3.32 3.04 2.74 2.43 2.10 1.76 1.40 1.02 0.62 0.24 0.00 0.00 0.00 0.00 0.00 0.00 0.00 0.00 0.00 0.00 0.03 0.32 0.66 1.03 1.45 1.90 2.39 2.91 3.47 4.05 4.67 5.30 5.95 6.60 7.24 7.88 8.52 9.14 9.76 10.38 10.98 11.58 12.17 12.75 13.32 13.89 14.44 14.98 15.50 16.02 16.52 17.01 17.49 17.95 18.40 18.83 19.25 19.66 20.07 20.48 20.89 21.29 21.71 22.12 22.54 22.97 23.40 23.85 24.30 24.77
5.90 5.70 5.50 5.29 5.08 4.87 4.66 4.43 4.21 3.97 3.72 3.47 3.20 2.92 2.62 2.31 1.99 1.65 1.29 0.91 0.51 0.13 0.00 0.00 0.00 0.00 0.00 0.00 0.00 0.00 0.00 0.00 0.00 0.19 0.52 0.89 1.30 1.75 2.23 2.74 3.29 3.86 4.47 5.10 5.75 6.41 7.06 7.72 8.36 9.00 9.63 10.25 10.86 11.47 12.06 12.65 13.22 13.78 14.33 14.87 15.40 15.91 16.41 16.89 17.36 17.81 18.25 18.68 19.09 19.50 19.91 20.32 20.72 21.13 21.54 21.96 22.38 22.80 23.24 23.68 24.13 24.60
5.76 5.56 5.36 5.16 4.95 4.74 4.53 4.31 4.09 3.85 3.61 3.35 3.09 2.81 2.52 2.21 1.89 1.55 1.19 0.81 0.42 0.04 0.00 0.00 0.00 0.00 0.00 0.00 0.00 0.00 0.00 0.00 0.00 0.07 0.40 0.76 1.17 1.61 2.08 2.59 3.12 3.69 4.28 4.90 5.54 6.21 6.87 7.54 8.19 8.84 9.48 10.11 10.73 11.34 11.94 12.53 13.10 13.67 14.22 14.75 15.28 15.78 16.28 16.76 17.22 17.66 18.09 18.52 18.93 19.34 19.75 20.15 20.56 20.97 21.38 21.79 22.21 22.63 23.07 23.51 23.96 24.43
