data_processed/recharge/precip/Precip_2003_11.asc
ncols        168
nrows        136
xllcorner    455000
yllcorner    2107000
cellsize     500
NODATA_value     -99999
[rows 74 to 110 of 136, columns 83 to 165 of 168]
0.00 0.00 0.00 0.00 0.00 0.00 0.00 0.00 0.00 0.00 0.00 0.00 0.00 0.00 0.00 0.00 0.00 0.00 0.00 0.00 0.00 0.00 0.00 0.00 0.00 0.00 0.00 0.00 0.00 0.00 0.00 0.00 0.00 0.00 0.17 0.83 1.48 2.12 2.75 3.36 3.96 4.53 5.09 5.61 6.11 6.58 7.02 7.42 7.79 8.11 8.39 8.62 8.83 9.04 9.24 9.44 9.64 9.85 10.05 10.25 10.44 10.64 10.83 11.03 11.22 11.41 11.59 11.78 11.96 12.14 12.32 12.49 12.66 12.83 12.99 13.15 13.31 13.47 13.62 13.76 13.90 14.04 14.17
0.00 0.00 0.00 0.00 0.00 0.00 0.00 0.00 0.00 0.00 0.00 0.00 0.00 0.00 0.00 0.00 0.00 0.00 0.00 0.00 0.00 0.00 0.00 0.00 0.00 0.00 0.00 0.00 0.00 0.00 0.00 0.00 0.00 0.00 0.00 0.62 1.29 1.95 2.59 3.22 3.83 4.42 4.98 5.52 6.03 6.50 6.95 7.35 7.72 8.04 8.32 8.56 8.76 8.96 9.16 9.37 9.57 9.77 9.96 10.16 10.36 10.55 10.74 10.93 11.12 11.31 11.50 11.68 11.86 12.03 12.21 12.38 12.55 12.72 12.88 13.04 13.20 13.35 13.50 13.64 13.78 13.92 14.04
0.00 0.00 0.00 0.00 0.00 0.00 0.00 0.00 0.00 0.00 0.00 0.00 0.00 0.00 0.00 0.00 0.00 0.00 0.00 0.00 0.00 0.00 0.00 0.00 0.00 0.00 0.00 0.00 0.00 0.00 0.00 0.00 0.00 0.00 0.00 0.42 1.10 1.78 2.44 3.08 3.70 4.30 4.88 5.42 5.94 6.42 6.87 7.28 7.65 7.97 8.25 8.49 8.69 8.89 9.09 9.29 9.48 9.68 9.88 10.07 10.27 10.46 10.65 10.84 11.03 11.21 11.39 11.57 11.75 11.93 12.10 12.27 12.44 12.60 12.76 12.92 13.08 13.23 13.37 13.51 13.65 13.78 13.91
0.00 0.00 0.00 0.00 0.00 0.00 0.00 0.00 0.00 0.00 0.00 0.00 0.00 0.00 0.00 0.00 0.00 0.00 0.00 0.00 0.00 0.00 0.00 0.00 0.00 0.00 0.00 0.00 0.00 0.00 0.00 0.00 0.00 0.00 0.00 0.21 0.91 1.60 2.28 2.94 3.57 4.18 4.77 5.32 5.85 6.34 6.79 7.20 7.58 7.90 8.18 8.41 8.61 8.81 9.01 9.21 9.40 9.60 9.79 9.98 10.17 10.36 10.55 10.74 10.92 11.11 11.29 11.46 11.64 11.81 11.98 12.15 12.32 12.48 12.64 12.80 12.95 13.10 13.24 13.38 13.52 13.65 13.77
0.00 0.00 0.00 0.00 0.00 0.00 0.00 0.00 0.00 0.00 0.00 0.00 0.00 0.00 0.00 0.00 0.00 0.00 0.00 0.00 0.00 0.00 0.00 0.00 0.00 0.00 0.00 0.00 0.00 0.00 0.00 0.00 0.00 0.00 0.00 0.02 0.73 1.43 2.12 2.79 3.44 4.07 4.66 5.23 5.76 6.25 6.71 7.13 7.50 7.83 8.11 8.34 8.54 8.73 8.93 9.12 9.31 9.51 9.70 9.89 10.08 10.26 10.45 10.63 10.82 11.00 11.17 11.35 11.52 11.70 11.87 12.03 12.20 12.36 12.52 12.67 12.82 12.97 13.11 13.24 13.38 13.50 13.62
0.00 0.00 0.00 0.00 0.00 0.00 0.00 0.00 0.00 0.00 0.00 0.00 0.00 0.00 0.00 0.00 0.00 0.00 0.00 0.00 0.00 0.00 0.00 0.00 0.00 0.00 0.00 0.00 0.00 0.00 0.00 0.00 0.00 0.00 0.00 0.00 0.55 1.26 1.97 2.65 3.31 3.95 4.55 5.13 5.67 6.17 6.63 7.05 7.43 7.76 8.03 8.26 8.46 8.65 8.84 9.03 9.22 9.41 9.60 9.79 9.98 10.16 10.35 10.53 10.71 10.88 11.06 11.23 11.41 11.58 11.74 11.91 12.07 12.23 12.39 12.54 12.68 12.83 12.97 13.10 13.23 13.35 13.47
0.00 0.00 0.00 0.00 0.00 0.00 0.00 0.00 0.00 0.00 0.00 0.00 0.00 0.00 0.00 0.00 0.00 0.00 0.00 0.00 0.00 0.00 0.00 0.00 0.00 0.00 0.00 0.00 0.00 0.00 0.00 0.00 0.00 0.00 0.00 0.00 0.42 1.11 1.81 2.51 3.18 3.83 4.44 5.02 5.57 6.08 6.55 6.97 7.35 7.68 7.96 8.18 8.38 8.57 8.76 8.94 9.13 9.32 9.51 9.69 9.88 10.06 10.24 10.42 10.59 10.77 10.94 11.11 11.28 11.45 11.62 11.78 11.94 12.10 12.25 12.40 12.54 12.68 12.82 12.95 13.08 13.20 13.31
0.00 0.00 0.00 0.00 0.00 0.00 0.00 0.00 0.00 0.00 0.00 0.00 0.00 0.00 0.00 0.00 0.00 0.00 0.00 0.00 0.00 0.00 0.00 0.00 0.00 0.00 0.00 0.00 0.00 0.00 0.00 0.00 0.00 0.00 0.00 0.00 0.34 0.99 1.67 2.36 3.05 3.71 4.33 4.92 5.48 5.99 6.46 6.89 7.27 7.60 7.88 8.10 8.29 8.48 8.67 8.85 9.04 9.22 9.41 9.59 9.77 9.95 10.13 10.30 10.48 10.65 10.82 10.99 11.16 11.33 11.49 11.65 11.81 11.96 12.11 12.26 12.40 12.54 12.67 12.80 12.92 13.04 13.15
0.00 0.00 0.00 0.00 0.00 0.00 0.00 0.00 0.00 0.00 0.00 0.00 0.00 0.00 0.00 0.00 0.00 0.00 0.00 0.00 0.00 0.00 0.00 0.00 0.00 0.00 0.00 0.00 0.00 0.00 0.00 0.00 0.00 0.00 0.00 0.00 0.31 0.93 1.58 2.24 2.92 3.59 4.22 4.82 5.38 5.90 6.38 6.81 7.19 7.52 7.80 8.02 8.21 8.39 8.58 8.76 8.94 9.12 9.30 9.48 9.66 9.84 10.01 10.19 10.36 10.53 10.70 10.87 11.03 11.20 11.36 11.51 11.67 11.82 11.97 12.11 12.25 12.38 12.51 12.64 12.76 12.87 12.98
0.00 0.00 0.00 0.00 0.00 0.00 0.00 0.00 0.00 0.00 0.00 0.00 0.00 0.00 0.00 0.00 0.00 0.00 0.00 0.00 0.00 0.00 0.00 0.00 0.00 0.00 0.00 0.00 0.00 0.00 0.00 0.00 0.00 0.00 0.00 0.00 0.33 0.92 1.53 2.16 2.81 3.47 4.11 4.72 5.29 5.81 6.29 6.73 7.11 7.44 7.72 7.94 8.12 8.30 8.48 8.66 8.84 9.02 9.20 9.37 9.55 9.72 9.89 10.07 10.24 10.40 10.57 10.74 10.90 11.06 11.22 11.37 11.53 11.67 11.82 11.96 12.09 12.22 12.35 12.47 12.59 12.70 12.80
0.00 0.00 0.00 0.00 0.00 0.00 0.00 0.00 0.00 0.00 0.00 0.00 0.00 0.00 0.00 0.00 0.00 0.00 0.00 0.00 0.00 0.00 0.00 0.00 0.00 0.00 0.00 0.00 0.00 0.00 0.00 0.00 0.00 0.00 0.00 0.00 0.40 0.96 1.54 2.13 2.74 3.36 4.00 4.61 5.19 5.72 6.20 6.64 7.03 7.36 7.63 7.85 8.03 8.21 8.39 8.56 8.74 8.92 9.09 9.26 9.43 9.61 9.77 9.94 10.11 10.28 10.44 10.61 10.77 10.92 11.08 11.23 11.38 11.52 11.66 11.80 11.93 12.06 12.18 12.30 12.41 12.52 12.62
0.00 0.00 0.00 0.00 0.00 0.00 0.00 0.00 0.00 0.00 0.00 0.00 0.00 0.00 0.00 0.00 0.00 0.00 0.00 0.00 0.00 0.00 0.00 0.00 0.00 0.00 0.00 0.00 0.00 0.00 0.00 0.00 0.00 0.00 0.00 0.01 0.53 1.05 1.59 2.15 2.72 3.31 3.91 4.51 5.09 5.63 6.12 6.56 6.94 7.27 7.55 7.76 7.94 8.11 8.29 8.46 8.64 8.81 8.98 9.15 9.32 9.49 9.65 9.82 9.98 10.15 10.31 10.47 10.63 10.78 10.93 11.08 11.23 11.37 11.51 11.64 11.77 11.89 12.01 12.12 12.23 12.33 12.43
0.00 0.00 0.00 0.00 0.00 0.00 0.00 0.00 0.00 0.00 0.00 0.00 0.00 0.00 0.00 0.00 0.00 0.00 0.00 0.00 0.00 0.00 0.00 0.00 0.00 0.00 0.00 0.00 0.00 0.00 0.00 0.00 0.00 0.00 0.00 0.22 0.70 1.20 1.71 2.23 2.76 3.31 3.86 4.42 4.99 5.53 6.03 6.47 6.86 7.19 7.46 7.67 7.85 8.02 8.19 8.36 8.53 8.70 8.87 9.03 9.20 9.36 9.53 9.69 9.86 10.02 10.18 10.33 10.49 10.64 10.79 10.93 11.07 11.21 11.35 11.47 11.60 11.72 11.83 11.94 12.05 12.14 12.23
0.00 0.00 0.00 0.00 0.00 0.00 0.00 0.00 0.00 0.00 0.00 0.00 0.00 0.00 0.00 0.00 0.00 0.00 0.00 0.00 0.00 0.00 0.00 0.00 0.00 0.00 0.00 0.00 0.00 0.00 0.00 0.00 0.00 0.00 0.04 0.48 0.93 1.40 1.87 2.36 2.85 3.36 3.87 4.39 4.91 5.44 5.94 6.38 6.77 7.10 7.37 7.58 7.75 7.92 8.09 8.25 8.42 8.59 8.75 8.91 9.08 9.24 9.40 9.56 9.72 9.88 10.04 10.19 10.34 10.49 10.64 10.78 10.92 11.05 11.18 11.30 11.43 11.54 11.65 11.76 11.85 11.95 12.03
0.00 0.00 0.00 0.00 0.00 0.00 0.00 0.00 0.00 0.00 0.00 0.00 0.00 0.00 0.00 0.00 0.00 0.00 0.00 0.00 0.00 0.00 0.00 0.00 0.00 0.00 0.00 0.00 0.00 0.00 0.00 0.00 0.00 0.00 0.38 0.80 1.22 1.65 2.09 2.54 3.00 3.46 3.93 4.40 4.88 5.37 5.85 6.29 6.68 7.01 7.28 7.49 7.66 7.82 7.98 8.15 8.31 8.47 8.63 8.79 8.95 9.12 9.27 9.43 9.59 9.74 9.90 10.05 10.19 10.34 10.48 10.62 10.75 10.88 11.01 11.13 11.25 11.36 11.46 11.56 11.66 11.74 11.83
0.00 0.00 0.00 0.00 0.00 0.00 0.00 0.00 0.00 0.00 0.00 0.00 0.00 0.00 0.00 0.00 0.00 0.00 0.00 0.00 0.00 0.00 0.00 0.00 0.00 0.00 0.00 0.00 0.00 0.00 0.00 0.00 0.04 0.41 0.78 1.17 1.56 1.96 2.37 2.78 3.20 3.62 4.05 4.48 4.91 5.34 5.78 6.20 6.59 6.92 7.19 7.40 7.56 7.72 7.88 8.04 8.20 8.36 8.51 8.67 8.83 8.99 9.14 9.30 9.45 9.60 9.75 9.90 10.04 10.18 10.32 10.46 10.59 10.71 10.83 10.95 11.06 11.17 11.27 11.37 11.45 11.54 11.61
0.00 0.00 0.00 0.00 0.00 0.00 0.00 0.00 0.00 0.00 0.00 0.00 0.00 0.00 0.00 0.00 0.00 0.00 0.00 0.00 0.00 0.00 0.00 0.00 0.00 0.00 0.00 0.00 0.00 0.00 0.00 0.20 0.54 0.89 1.24 1.60 1.96 2.33 2.71 3.08 3.46 3.84 4.22 4.61 4.99 5.37 5.75 6.13 6.50 6.83 7.10 7.30 7.46 7.62 7.77 7.93 8.08 8.24 8.39 8.55 8.71 8.86 9.01 9.16 9.31 9.46 9.61 9.75 9.89 10.03 10.16 10.29 10.42 10.54 10.65 10.77 10.87 10.98 11.07 11.16 11.25 11.32 11.39
0.00 0.00 0.00 0.00 0.00 0.00 0.00 0.00 0.00 0.00 0.00 0.00 0.00 0.00 0.00 0.00 0.00 0.00 0.00 0.00 0.00 0.00 0.00 0.00 0.00 0.00 0.00 0.00 0.00 0.17 0.48 0.79 1.11 1.43 1.76 2.09 2.42 2.76 3.10 3.44 3.78 4.12 4.46 4.80 5.13 5.46 5.79 6.12 6.44 6.74 7.01 7.20 7.36 7.51 7.66 7.82 7.97 8.12 8.27 8.43 8.58 8.73 8.88 9.03 9.17 9.32 9.46 9.60 9.73 9.87 9.99 10.12 10.24 10.36 10.47 10.58 10.68 10.78 10.87 10.95 11.03 11.10 11.17
0.00 0.00 0.00 0.00 0.00 0.00 0.00 0.00 0.00 0.00 0.00 0.00 0.00 0.00 0.00 0.00 0.00 0.00 0.00 0.00 0.00 0.00 0.00 0.00 0.00 0.00 0.01 0.29 0.57 0.85 1.14 1.44 1.73 2.03 2.34 2.64 2.94 3.25 3.55 3.85 4.16 4.45 4.75 5.04 5.33 5.61 5.89 6.16 6.42 6.67 6.91 7.10 7.26 7.40 7.55 7.70 7.85 8.00 8.15 8.30 8.45 8.60 8.74 8.89 9.03 9.17 9.31 9.44 9.57 9.70 9.83 9.95 10.06 10.18 10.28 10.39 10.48 10.57 10.66 10.74 10.81 10.88 10.94
0.00 0.00 0.00 0.00 0.00 0.00 0.00 0.00 0.00 0.00 0.00 0.00 0.00 0.00 0.00 0.00 0.00 0.00 0.00 0.00 0.00 0.00 0.00 0.02 0.27 0.53 0.79 1.05 1.32 1.59 1.87 2.14 2.42 2.70 2.97 3.25 3.52 3.80 4.06 4.33 4.59 4.85 5.10 5.35 5.59 5.82 6.04 6.26 6.46 6.66 6.84 7.01 7.15 7.30 7.44 7.59 7.74 7.88 8.03 8.17 8.32 8.46 8.60 8.74 8.88 9.02 9.15 9.28 9.41 9.53 9.65 9.77 9.88 9.99 10.09 10.19 10.28 10.37 10.45 10.52 10.59 10.65 10.70
0.00 0.00 0.00 0.00 0.00 0.00 0.00 0.00 0.00 0.00 0.00 0.00 0.00 0.00 0.00 0.00 0.00 0.00 0.00 0.00 0.15 0.38 0.62 0.86 1.11 1.36 1.61 1.87 2.12 2.38 2.64 2.90 3.15 3.41 3.66 3.91 4.15 4.39 4.63 4.86 5.08 5.29 5.50 5.70 5.89 6.07 6.25 6.40 6.55 6.69 6.81 6.92 7.04 7.18 7.32 7.46 7.61 7.75 7.89 8.03 8.17 8.31 8.45 8.59 8.72 8.85 8.98 9.11 9.23 9.35 9.47 9.58 9.69 9.79 9.89 9.98 10.07 10.15 10.22 10.29 10.35 10.41 10.46
0.00 0.00 0.00 0.00 0.00 0.00 0.00 0.00 0.00 0.00 0.00 0.00 0.00 0.00 0.00 0.00 0.07 0.29 0.51 0.74 0.98 1.22 1.46 1.70 1.95 2.19 2.44 2.69 2.94 3.18 3.42 3.66 3.90 4.13 4.36 4.58 4.80 5.01 5.21 5.40 5.59 5.76 5.93 6.08 6.23 6.36 6.48 6.58 6.68 6.75 6.81 6.85 6.90 7.01 7.15 7.29 7.43 7.57 7.71 7.85 7.99 8.12 8.26 8.39 8.52 8.65 8.78 8.90 9.02 9.14 9.25 9.35 9.46 9.56 9.65 9.74 9.82 9.90 9.97 10.03 10.09 10.14 10.18
0.00 0.00 0.00 0.00 0.00 0.00 0.00 0.00 0.00 0.00 0.00 0.00 0.00 0.17 0.39 0.62 0.85 1.08 1.32 1.56 1.81 2.05 2.30 2.54 2.79 3.03 3.28 3.52 3.75 3.99 4.22 4.44 4.66 4.87 5.07 5.27 5.46 5.64 5.81 5.97 6.12 6.25 6.38 6.49 6.59 6.67 6.74 6.79 6.83 6.84 6.83 6.79 6.77 6.82 6.93 7.07 7.21 7.35 7.48 7.62 7.76 7.89 8.02 8.15 8.28 8.41 8.53 8.65 8.77 8.88 8.99 9.09 9.19 9.29 9.38 9.46 9.54 9.61 9.68 9.74 9.79 9.84 9.88
0.00 0.00 0.00 0.00 0.00 0.00 0.00 0.00 0.00 0.00 0.17 0.40 0.64 0.88 1.12 1.37 1.62 1.88 2.13 2.38 2.64 2.89 3.14 3.39 3.64 3.88 4.12 4.35 4.58 4.80 5.02 5.23 5.43 5.62 5.80 5.98 6.14 6.29 6.43 6.55 6.67 6.77 6.85 6.92 6.97 7.01 7.03 7.03 7.01 6.95 6.87 6.76 6.67 6.64 6.69 6.80 6.94 7.07 7.21 7.35 7.48 7.61 7.74 7.87 8.00 8.12 8.25 8.36 8.48 8.59 8.69 8.80 8.89 8.99 9.07 9.16 9.23 9.30 9.37 9.42 9.47 9.51 9.55
0.00 0.00 0.00 0.00 0.00 0.00 0.00 0.02 0.27 0.53 0.79 1.05 1.32 1.58 1.85 2.12 2.39 2.67 2.93 3.20 3.47 3.73 3.99 4.24 4.49 4.73 4.97 5.20 5.42 5.63 5.84 6.03 6.22 6.39 6.55 6.70 6.84 6.96 7.07 7.16 7.24 7.30 7.35 7.38 7.38 7.37 7.35 7.29 7.20 7.08 6.93 6.75 6.58 6.49 6.46 6.51 6.62 6.76 6.89 7.03 7.16 7.29 7.43 7.55 7.68 7.80 7.92 8.04 8.15 8.26 8.37 8.47 8.56 8.65 8.74 8.82 8.89 8.96 9.02 9.08 9.12 9.16 9.20
0.00 0.00 0.00 0.00 0.00 0.00 0.23 0.52 0.81 1.10 1.39 1.69 1.99 2.28 2.58 2.87 3.17 3.46 3.74 4.02 4.30 4.57 4.84 5.10 5.35 5.59 5.83 6.05 6.27 6.48 6.67 6.85 7.02 7.18 7.32 7.45 7.56 7.65 7.73 7.80 7.84 7.87 7.87 7.86 7.83 7.77 7.69 7.57 7.42 7.22 7.00 6.75 6.52 6.35 6.26 6.24 6.29 6.40 6.53 6.67 6.80 6.94 7.07 7.19 7.32 7.44 7.56 7.68 7.79 7.90 8.00 8.10 8.20 8.29 8.37 8.45 8.52 8.59 8.65 8.70 8.75 8.79 8.82
0.00 0.00 0.00 0.00 0.02 0.34 0.67 1.00 1.33 1.67 2.00 2.33 2.66 2.98 3.30 3.62 3.94 4.25 4.55 4.85 5.14 5.42 5.70 5.96 6.22 6.47 6.70 6.92 7.14 7.33 7.52 7.69 7.84 7.98 8.11 8.21 8.30 8.37 8.43 8.46 8.47 8.46 8.43 8.38 8.30 8.20 8.06 7.87 7.65 7.39 7.10 6.78 6.48 6.25 6.08 5.99 5.97 6.02 6.13 6.27 6.40 6.54 6.67 6.80 6.92 7.05 7.17 7.28 7.40 7.51 7.61 7.71 7.81 7.90 7.98 8.06 8.13 8.20 8.26 8.31 8.35 8.39 8.42
0.00 0.00 0.00 0.00 0.36 0.73 1.11 1.48 1.86 2.23 2.60 2.96 3.32 3.68 4.03 4.38 4.72 5.05 5.37 5.68 5.99 6.29 6.57 6.84 7.10 7.35 7.59 7.81 8.02 8.21 8.39 8.55 8.69 8.81 8.92 9.01 9.07 9.12 9.14 9.15 9.13 9.09 9.02 8.93 8.81 8.64 8.43 8.18 7.89 7.57 7.21 6.83 6.46 6.16 5.93 5.77 5.68 5.67 5.72 5.83 5.97 6.10 6.23 6.37 6.49 6.62 6.74 6.86 6.97 7.08 7.19 7.29 7.38 7.47 7.56 7.64 7.71 7.78 7.84 7.89 7.93 7.97 8.00
0.00 0.00 0.00 0.26 0.69 1.12 1.54 1.96 2.38 2.79 3.20 3.60 3.99 4.38 4.76 5.13 5.50 5.85 6.20 6.53 6.85 7.16 7.45 7.74 8.00 8.26 8.49 8.72 8.92 9.11 9.28 9.43 9.56 9.67 9.76 9.82 9.87 9.89 9.89 9.87 9.82 9.75 9.65 9.51 9.33 9.10 8.83 8.51 8.16 7.77 7.34 6.90 6.46 6.10 5.80 5.58 5.43 5.34 5.33 5.38 5.49 5.63 5.77 5.90 6.03 6.16 6.28 6.40 6.52 6.63 6.74 6.84 6.93 7.03 7.11 7.19 7.27 7.33 7.39 7.45 7.49 7.53 7.56
0.00 0.00 0.07 0.54 1.02 1.49 1.97 2.43 2.89 3.35 3.80 4.24 4.67 5.09 5.50 5.90 6.29 6.67 7.03 7.38 7.72 8.04 8.35 8.64 8.92 9.18 9.42 9.64 9.84 10.03 10.19 10.33 10.45 10.55 10.62 10.67 10.70 10.70 10.68 10.62 10.55 10.44 10.30 10.11 9.87 9.57 9.23 8.85 8.44 7.98 7.50 6.99 6.49 6.06 5.70 5.42 5.20 5.05 4.97 4.95 5.01 5.13 5.26 5.40 5.53 5.66 5.79 5.91 6.03 6.15 6.26 6.36 6.46 6.55 6.64 6.73 6.80 6.87 6.93 6.99 7.04 7.08 7.11
0.00 0.00 0.33 0.83 1.34 1.87 2.39 2.91 3.41 3.91 4.40 4.88 5.34 5.80 6.24 6.67 7.09 7.49 7.88 8.25 8.61 8.94 9.27 9.57 9.85 10.12 10.36 10.59 10.79 10.97 11.13 11.26 11.37 11.46 11.52 11.55 11.56 11.54 11.49 11.42 11.31 11.17 10.97 10.72 10.41 10.06 9.66 9.22 8.74 8.22 7.67 7.10 6.54 6.05 5.63 5.28 5.00 4.78 4.64 4.56 4.55 4.61 4.73 4.87 5.01 5.14 5.27 5.40 5.52 5.64 5.75 5.86 5.96 6.06 6.15 6.24 6.31 6.39 6.45 6.51 6.56 6.60 6.64
0.00 0.14 0.62 1.14 1.69 2.25 2.82 3.38 3.94 4.48 5.01 5.53 6.03 6.52 7.00 7.46 7.90 8.33 8.74 9.13 9.51 9.86 10.20 10.52 10.81 11.08 11.33 11.56 11.76 11.94 12.10 12.22 12.33 12.40 12.45 12.47 12.46 12.42 12.35 12.24 12.10 11.91 11.65 11.34 10.97 10.56 10.10 9.60 9.05 8.48 7.87 7.24 6.62 6.07 5.59 5.17 4.83 4.55 4.35 4.21 4.14 4.13 4.19 4.31 4.45 4.59 4.72 4.86 4.98 5.11 5.22 5.33 5.44 5.54 5.64 5.73 5.81 5.88 5.95 6.01 6.07 6.11 6.15
0.00 0.43 0.94 1.49 2.06 2.65 3.25 3.87 4.47 5.05 5.63 6.18 6.73 7.25 7.76 8.25 8.73 9.18 9.62 10.04 10.43 10.80 11.15 11.48 11.79 12.07 12.33 12.56 12.76 12.94 13.09 13.22 13.31 13.37 13.41 13.41 13.39 13.33 13.24 13.11 12.91 12.66 12.34 11.97 11.55 11.07 10.55 9.99 9.39 8.76 8.09 7.40 6.72 6.11 5.57 5.09 4.69 4.35 4.09 3.89 3.75 3.68 3.68 3.75 3.87 4.01 4.15 4.29 4.42 4.55 4.67 4.79 4.90 5.01 5.11 5.20 5.29 5.37 5.44 5.50 5.56 5.61 5.65
0.24 0.75 1.30 1.87 2.46 3.08 3.71 4.36 5.00 5.64 6.25 6.85 7.44 8.00 8.54 9.07 9.57 10.06 10.52 10.96 11.37 11.76 12.13 12.48 12.79 13.08 13.35 13.58 13.79 13.97 14.12 14.24 14.33 14.39 14.41 14.40 14.36 14.28 14.16 13.98 13.73 13.42 13.04 12.62 12.13 11.60 11.03 10.41 9.75 9.06 8.33 7.58 6.85 6.18 5.58 5.05 4.58 4.19 3.86 3.60 3.40 3.28 3.21 3.22 3.29 3.41 3.56 3.70 3.84 3.97 4.10 4.22 4.34 4.45 4.55 4.65 4.75 4.83 4.91 4.98 5.04 5.09 5.14
0.57 1.11 1.68 2.28 2.90 3.54 4.20 4.87 5.55 6.23 6.89 7.54 8.16 8.76 9.34 9.90 10.44 10.95 11.44 11.90 12.34 12.75 13.14 13.50 13.83 14.13 14.40 14.64 14.86 15.04 15.19 15.30 15.38 15.43 15.45 15.43 15.37 15.27 15.10 14.86 14.56 14.19 13.76 13.27 12.74 12.15 11.52 10.84 10.13 9.38 8.60 7.79 7.00 6.27 5.62 5.03 4.51 4.05 3.67 3.35 3.10 2.91 2.79 2.73 2.74 2.81 2.94 3.09 3.23 3.37 3.51 3.64 3.76 3.88 3.99 4.09 4.19 4.28 4.37 4.44 4.51 4.57 4.62
0.93 1.51 2.11 2.73 3.38 4.04 4.72 5.42 6.13 6.84 7.55 8.23 8.90 9.54 10.16 10.75 11.32 11.86 12.38 12.87 13.33 13.76 14.17 14.54 14.89 15.20 15.48 15.73 15.95 16.14 16.29 16.40 16.48 16.52 16.53 16.50 16.42 16.27 16.05 15.75 15.39 14.97 14.49 13.95 13.35 12.71 12.02 11.29 10.53 9.72 8.89 8.03 7.18 6.40 5.68 5.04 4.46 3.95 3.51 3.13 2.82 2.58 2.40 2.28 2.23 2.25 2.32 2.45 2.61 2.75 2.90 3.03 3.16 3.29 3.41 3.52 3.62 3.72 3.81 3.89 3.97 4.03 4.09
1.34 1.94 2.57 3.22 3.89 4.58 5.29 6.01 6.74 7.48 8.22 8.95 9.66 10.34 10.99 11.62 12.23 12.80 13.35 13.86 14.35 14.80 15.23 15.62 15.98 16.31 16.60 16.86 17.09 17.27 17.42 17.54 17.61 17.65 17.65 17.60 17.48 17.27 17.00 16.65 16.24 15.76 15.23 14.63 13.99 13.29 12.55 11.77 10.95 10.09 9.20 8.29 7.39 6.55 5.78 5.08 4.45 3.89 3.39 2.96 2.59 2.29 2.05 1.88 1.77 1.73 1.75 1.83 1.96 2.12 2.27 2.41 2.55 2.68 2.81 2.93 3.04 3.15 3.25 3.34 3.42 3.49 3.56
