data_processed/recharge/precip/Precip_2003_05.asc
ncols        168
nrows        136
xllcorner    455000
yllcorner    2107000
cellsize     500
NODATA_value     -99999
[rows 0 to 35 of 136, columns 0 to 79 of 168]
0.00 0.00 0.00 0.00 0.00 0.00 0.00 0.00 0.00 0.00 0.00 0.00 5.15 12.27 18.92 25.06 30.65 35.69 40.18 44.15 47.63 50.62 53.14 55.21 56.84 58.04 58.84 59.24 59.26 58.92 58.23 57.20 55.86 54.22 52.40 50.54 48.69 46.85 45.02 43.20 41.39 39.59 37.80 36.03 34.28 32.54 30.82 29.11 27.43 25.76 24.11 22.49 20.89 19.31 17.76 16.24 14.74 13.35 12.14 11.11 10.25 9.55 9.01 8.60 8.32 8.16 8.11 8.14 8.26 8.46 8.71 9.01 9.35 9.72 10.10 10.49 10.90 11.32 11.75 12.19
0.00 0.00 0.00 0.00 0.00 0.00 0.00 0.00 0.00 0.00 0.00 0.00 5.51 12.72 19.48 25.75 31.49 36.69 41.35 45.49 49.13 52.28 54.95 57.17 58.94 60.29 61.22 61.75 61.91 61.69 61.12 60.22 58.99 57.45 55.63 53.63 51.60 49.58 47.58 45.58 43.59 41.62 39.66 37.71 35.78 33.87 31.97 30.09 28.23 26.40 24.58 22.79 21.02 19.27 17.55 15.86 14.28 12.88 11.68 10.67 9.82 9.14 8.61 8.21 7.94 7.79 7.74 7.79 7.91 8.11 8.37 8.68 9.02 9.39 9.77 10.17 10.58 11.01 11.44 11.88
0.00 0.00 0.00 0.00 0.00 0.00 0.00 0.00 0.00 0.00 0.00 0.00 5.95 13.24 20.10 26.48 32.36 37.71 42.52 46.81 50.59 53.88 56.69 59.04 60.95 62.42 63.48 64.13 64.40 64.29 63.83 63.03 61.90 60.46 58.72 56.71 54.53 52.32 50.12 47.94 45.76 43.60 41.46 39.33 37.21 35.12 33.04 30.98 28.94 26.92 24.92 22.95 21.00 19.07 17.18 15.39 13.81 12.43 11.24 10.24 9.41 8.73 8.21 7.82 7.57 7.42 7.38 7.43 7.57 7.77 8.04 8.35 8.69 9.07 9.45 9.85 10.27 10.69 11.13 11.58
0.00 0.00 0.00 0.00 0.00 0.00 0.00 0.00 0.00 0.00 0.00 0.00 6.47 13.83 20.76 27.24 33.24 38.72 43.67 48.10 52.01 55.43 58.36 60.83 62.85 64.44 65.60 66.36 66.72 66.72 66.35 65.63 64.59 63.23 61.57 59.62 57.41 55.04 52.64 50.26 47.89 45.53 43.19 40.87 38.56 36.27 34.00 31.74 29.51 27.30 25.11 22.95 20.81 18.70 16.71 14.92 13.35 11.98 10.81 9.82 9.00 8.34 7.82 7.45 7.20 7.06 7.03 7.09 7.23 7.44 7.71 8.02 8.37 8.75 9.14 9.54 9.96 10.39 10.83 11.28
0.00 0.00 0.00 0.00 0.00 0.00 0.00 0.00 0.00 0.00 0.00 0.00 7.07 14.47 21.47 28.04 34.14 39.74 44.81 49.36 53.39 56.92 59.96 62.53 64.65 66.33 67.59 68.43 68.88 68.96 68.66 68.02 67.05 65.75 64.15 62.26 60.10 57.69 55.12 52.53 49.95 47.39 44.84 42.31 39.80 37.30 34.83 32.37 29.94 27.52 25.14 22.77 20.44 18.22 16.22 14.45 12.90 11.54 10.38 9.40 8.60 7.95 7.44 7.08 6.84 6.71 6.68 6.75 6.90 7.11 7.38 7.70 8.06 8.43 8.83 9.23 9.65 10.09 10.53 10.98
0.00 0.00 0.00 0.00 0.00 0.00 0.00 0.00 0.00 0.00 0.00 0.00 7.74 15.17 22.22 28.86 35.04 40.75 45.93 50.58 54.71 58.34 61.47 64.14 66.34 68.10 69.43 70.35 70.87 71.01 70.78 70.19 69.27 68.03 66.47 64.63 62.50 60.12 57.49 54.71 51.92 49.14 46.38 43.63 40.91 38.20 35.51 32.84 30.19 27.57 24.97 22.40 19.96 17.74 15.76 14.00 12.46 11.12 9.97 9.00 8.21 7.57 7.07 6.72 6.48 6.36 6.35 6.42 6.57 6.79 7.07 7.39 7.75 8.13 8.52 8.93 9.35 9.79 10.23 10.69
0.00 0.00 0.00 0.00 0.00 0.00 0.00 0.00 0.00 0.00 0.00 0.69 8.47 15.92 23.01 29.69 35.95 41.75 47.03 51.76 55.98 59.68 62.90 65.64 67.91 69.74 71.13 72.11 72.68 72.87 72.68 72.14 71.26 70.05 68.53 66.71 64.61 62.24 59.62 56.77 53.78 50.78 47.79 44.82 41.87 38.93 36.02 33.13 30.26 27.42 24.61 21.92 19.47 17.26 15.30 13.56 12.03 10.70 9.57 8.61 7.82 7.20 6.71 6.37 6.14 6.03 6.02 6.10 6.25 6.48 6.76 7.09 7.45 7.83 8.23 8.64 9.06 9.50 9.94 10.40
0.00 0.00 0.00 0.00 0.00 0.00 0.00 0.00 0.00 0.00 0.00 1.49 9.26 16.71 23.82 30.55 36.86 42.73 48.09 52.90 57.18 60.96 64.23 67.03 69.36 71.23 72.67 73.69 74.31 74.53 74.38 73.86 73.00 71.81 70.31 68.50 66.40 64.04 61.42 58.56 55.48 52.27 49.05 45.84 42.66 39.49 36.35 33.22 30.12 27.06 24.12 21.43 18.99 16.80 14.85 13.12 11.61 10.30 9.17 8.23 7.45 6.84 6.36 6.02 5.81 5.70 5.70 5.78 5.95 6.18 6.46 6.79 7.15 7.54 7.94 8.35 8.77 9.21 9.66 10.12
0.00 0.00 0.00 0.00 0.00 0.00 0.00 0.00 0.00 0.00 0.00 2.37 10.11 17.55 24.65 31.40 37.76 43.69 49.11 53.98 58.32 62.14 65.47 68.31 70.67 72.59 74.06 75.11 75.74 75.99 75.85 75.35 74.50 73.31 71.80 69.99 67.89 65.52 62.88 60.01 56.90 53.58 50.14 46.69 43.26 39.85 36.46 33.10 29.77 26.57 23.62 20.95 18.53 16.36 14.42 12.71 11.20 9.90 8.79 7.86 7.10 6.49 6.02 5.69 5.48 5.39 5.39 5.48 5.65 5.88 6.17 6.50 6.87 7.25 7.65 8.07 8.49 8.93 9.38 9.84
0.00 0.00 0.00 0.00 0.00 0.00 0.00 0.00 0.00 0.00 0.00 3.31 11.00 18.41 25.51 32.27 38.65 44.63 50.09 55.00 59.38 63.24 66.60 69.47 71.86 73.79 75.28 76.34 76.99 77.24 77.10 76.59 75.74 74.54 73.02 71.19 69.07 66.67 64.00 61.09 57.94 54.58 51.02 47.34 43.66 39.99 36.35 32.74 29.27 26.07 23.14 20.48 18.08 15.92 14.00 12.30 10.81 9.52 8.42 7.50 6.75 6.15 5.69 5.37 5.17 5.08 5.09 5.18 5.36 5.60 5.89 6.22 6.59 6.97 7.38 7.79 8.22 8.66 9.11 9.57
0.00 0.00 0.00 0.00 0.00 0.00 0.00 0.00 0.00 0.00 0.00 4.31 11.94 19.30 26.38 33.13 39.53 45.53 51.02 55.97 60.37 64.25 67.62 70.50 72.91 74.84 76.33 77.39 78.03 78.27 78.12 77.60 76.72 75.49 73.94 72.08 69.92 67.48 64.77 61.81 58.61 55.19 51.56 47.74 43.82 39.89 36.00 32.25 28.77 25.58 22.67 20.03 17.64 15.50 13.59 11.91 10.43 9.16 8.07 7.16 6.41 5.82 5.38 5.06 4.87 4.78 4.80 4.90 5.08 5.32 5.61 5.95 6.32 6.71 7.11 7.53 7.95 8.39 8.85 9.31
0.00 0.00 0.00 0.00 0.00 0.00 0.00 0.00 0.00 0.00 0.00 5.36 12.91 20.22 27.25 33.98 40.37 46.39 51.90 56.86 61.27 65.16 68.53 71.41 73.81 75.74 77.21 78.25 78.87 79.08 78.90 78.35 77.43 76.17 74.57 72.66 70.45 67.95 65.18 62.15 58.88 55.39 51.69 47.79 43.71 39.55 35.50 31.74 28.28 25.11 22.22 19.59 17.22 15.10 13.20 11.53 10.07 8.80 7.73 6.83 6.09 5.51 5.07 4.77 4.58 4.50 4.52 4.63 4.81 5.05 5.35 5.69 6.06 6.45 6.85 7.27 7.70 8.14 8.59 9.05
0.00 0.00 0.00 0.00 0.00 0.00 0.00 0.00 0.00 0.00 0.00 6.46 13.92 21.15 28.13 34.82 41.20 47.21 52.72 57.68 62.09 65.96 69.33 72.19 74.56 76.46 77.91 78.92 79.50 79.67 79.45 78.84 77.87 76.55 74.90 72.92 70.64 68.07 65.22 62.12 58.77 55.19 51.39 47.40 43.23 39.03 35.00 31.26 27.81 24.66 21.79 19.18 16.82 14.71 12.83 11.17 9.72 8.46 7.40 6.51 5.78 5.21 4.78 4.48 4.30 4.23 4.25 4.37 4.55 4.80 5.10 5.44 5.81 6.20 6.60 7.02 7.45 7.89 8.34 8.81
0.00 0.00 0.00 0.00 0.00 0.00 0.00 0.00 0.00 0.00 0.08 7.60 14.95 22.09 29.00 35.64 41.98 47.98 53.48 58.42 62.81 66.66 69.99 72.82 75.16 77.02 78.43 79.38 79.91 80.03 79.75 79.08 78.04 76.65 74.92 72.86 70.50 67.84 64.91 61.71 58.26 54.58 50.67 46.58 42.43 38.39 34.49 30.79 27.36 24.23 21.37 18.77 16.43 14.33 12.46 10.82 9.38 8.14 7.08 6.20 5.49 4.92 4.50 4.21 4.04 3.97 4.00 4.12 4.30 4.56 4.86 5.20 5.57 5.96 6.36 6.78 7.21 7.65 8.10 8.57
0.00 0.00 0.00 0.00 0.00 0.00 0.00 0.00 0.00 0.00 1.40 8.78 16.00 23.04 29.86 36.44 42.73 48.70 54.17 59.08 63.43 67.24 70.53 73.31 75.60 77.40 78.75 79.65 80.11 80.15 79.79 79.05 77.93 76.45 74.63 72.48 70.02 67.26 64.22 60.91 57.34 53.54 49.53 45.45 41.47 37.61 33.89 30.31 26.93 23.81 20.96 18.38 16.06 13.97 12.12 10.48 9.06 7.83 6.78 5.91 5.21 4.65 4.24 3.95 3.78 3.72 3.76 3.88 4.07 4.32 4.63 4.97 5.34 5.73 6.14 6.55 6.98 7.42 7.88 8.34
0.00 0.00 0.00 0.00 0.00 0.00 0.00 0.00 0.00 0.00 2.77 9.99 17.08 23.99 30.71 37.20 43.44 49.35 54.78 59.64 63.94 67.70 70.93 73.65 75.87 77.61 78.88 79.70 80.08 80.03 79.59 78.74 77.53 75.95 74.02 71.76 69.19 66.31 63.15 59.71 56.02 52.10 48.10 44.18 40.38 36.71 33.17 29.76 26.49 23.41 20.58 18.01 15.70 13.63 11.79 10.17 8.75 7.53 6.50 5.64 4.94 4.39 3.99 3.71 3.55 3.49 3.53 3.65 3.85 4.10 4.41 4.76 5.13 5.52 5.92 6.34 6.77 7.21 7.66 8.12
0.00 0.00 0.00 0.00 0.00 0.00 0.00 0.00 0.00 0.00 4.18 11.23 18.16 24.94 31.55 37.94 44.09 49.95 55.32 60.11 64.35 68.04 71.19 73.83 75.97 77.62 78.80 79.53 79.81 79.67 79.12 78.17 76.84 75.14 73.09 70.71 68.01 65.00 61.70 58.12 54.30 50.38 46.53 42.81 39.19 35.70 32.34 29.10 25.98 23.01 20.21 17.66 15.36 13.31 11.48 9.87 8.46 7.25 6.23 5.38 4.69 4.15 3.75 3.48 3.32 3.27 3.31 3.44 3.64 3.90 4.21 4.55 4.92 5.31 5.71 6.13 6.56 7.00 7.45 7.91
0.00 0.00 0.00 0.00 0.00 0.00 0.00 0.00 0.00 0.00 5.62 12.48 19.25 25.88 32.35 38.63 44.69 50.47 55.77 60.49 64.64 68.24 71.31 73.86 75.90 77.45 78.53 79.14 79.31 79.05 78.38 77.31 75.85 74.02 71.84 69.31 66.47 63.31 59.86 56.14 52.31 48.55 44.89 41.35 37.92 34.60 31.40 28.32 25.37 22.54 19.85 17.33 15.04 13.00 11.18 9.58 8.19 6.99 5.98 5.14 4.45 3.92 3.53 3.26 3.11 3.07 3.11 3.24 3.44 3.71 4.01 4.36 4.73 5.12 5.52 5.94 6.36 6.80 7.25 7.71
0.00 0.00 0.00 0.00 0.00 0.00 0.00 0.00 0.00 0.38 7.10 13.76 20.34 26.81 33.13 39.28 45.23 50.92 56.13 60.75 64.81 68.31 71.27 73.71 75.64 77.08 78.03 78.53 78.57 78.18 77.37 76.16 74.56 72.58 70.25 67.57 64.56 61.24 57.64 53.91 50.24 46.66 43.19 39.83 36.57 33.42 30.38 27.46 24.66 21.98 19.42 17.00 14.74 12.71 10.91 9.32 7.94 6.75 5.74 4.91 4.24 3.71 3.32 3.06 2.92 2.88 2.93 3.06 3.26 3.53 3.84 4.18 4.55 4.94 5.34 5.75 6.18 6.62 7.07 7.53
0.00 0.00 0.00 0.00 0.00 0.00 0.00 0.00 0.00 2.12 8.60 15.04 21.42 27.71 33.87 39.88 45.71 51.28 56.39 60.91 64.85 68.24 71.08 73.40 75.20 76.51 77.33 77.68 77.58 77.04 76.08 74.72 72.96 70.82 68.32 65.47 62.29 58.81 55.18 51.61 48.13 44.74 41.44 38.25 35.16 32.17 29.29 26.53 23.87 21.33 18.91 16.62 14.45 12.44 10.65 9.07 7.70 6.52 5.52 4.70 4.03 3.52 3.13 2.88 2.74 2.70 2.76 2.89 3.10 3.36 3.67 4.02 4.39 4.78 5.17 5.59 6.01 6.45 6.89 7.35
0.00 0.00 0.00 0.00 0.00 0.00 0.00 0.00 0.00 3.89 10.12 16.33 22.50 28.59 34.58 40.43 46.11 51.57 56.55 60.95 64.77 68.02 70.73 72.91 74.57 75.73 76.40 76.60 76.34 75.64 74.52 72.98 71.05 68.73 66.05 63.02 59.66 56.15 52.68 49.30 46.00 42.78 39.66 36.64 33.71 30.88 28.15 25.53 23.02 20.61 18.33 16.15 14.10 12.18 10.41 8.84 7.48 6.31 5.32 4.51 3.85 3.34 2.96 2.71 2.58 2.54 2.60 2.74 2.95 3.21 3.52 3.87 4.24 4.62 5.02 5.43 5.85 6.29 6.73 7.19
0.00 0.00 0.00 0.00 0.00 0.00 0.00 0.00 0.00 5.70 11.65 17.62 23.56 29.44 35.23 40.91 46.44 51.76 56.61 60.87 64.54 67.65 70.21 72.24 73.74 74.74 75.24 75.27 74.84 73.97 72.66 70.94 68.82 66.31 63.43 60.21 56.82 53.47 50.19 46.98 43.86 40.82 37.87 35.00 32.23 29.55 26.97 24.49 22.11 19.84 17.68 15.63 13.69 11.87 10.18 8.63 7.28 6.12 5.14 4.33 3.68 3.18 2.81 2.56 2.43 2.40 2.46 2.61 2.81 3.08 3.39 3.74 4.10 4.49 4.88 5.29 5.71 6.14 6.59 7.04
0.00 0.00 0.00 0.00 0.00 0.00 0.00 0.00 1.90 7.52 13.20 18.90 24.59 30.25 35.84 41.33 46.69 51.85 56.55 60.66 64.18 67.13 69.52 71.38 72.71 73.53 73.85 73.70 73.08 72.01 70.51 68.59 66.26 63.55 60.47 57.21 53.98 50.81 47.71 44.68 41.73 38.86 36.07 33.36 30.74 28.21 25.77 23.42 21.18 19.03 16.99 15.05 13.23 11.51 9.91 8.43 7.10 5.95 4.98 4.18 3.53 3.04 2.67 2.43 2.31 2.28 2.34 2.49 2.70 2.96 3.27 3.62 3.98 4.36 4.76 5.16 5.58 6.01 6.45 6.90
0.00 0.00 0.00 0.00 0.00 0.00 0.00 0.00 4.06 9.37 14.75 20.17 25.61 31.02 36.39 41.67 46.85 51.84 56.38 60.32 63.66 66.44 68.65 70.32 71.47 72.09 72.22 71.87 71.05 69.77 68.06 65.92 63.38 60.46 57.33 54.23 51.18 48.19 45.27 42.42 39.63 36.92 34.28 31.73 29.25 26.86 24.56 22.34 20.22 18.19 16.27 14.44 12.72 11.11 9.60 8.21 6.93 5.80 4.84 4.04 3.41 2.91 2.55 2.32 2.20 2.17 2.24 2.38 2.59 2.86 3.17 3.51 3.88 4.26 4.65 5.05 5.47 5.89 6.33 6.78
0.00 0.00 0.00 0.00 0.00 0.00 0.00 1.40 6.25 11.23 16.30 21.43 26.59 31.75 36.88 41.94 46.92 51.73 56.09 59.84 63.00 65.58 67.60 69.07 70.01 70.43 70.35 69.79 68.75 67.25 65.31 62.94 60.18 57.20 54.23 51.31 48.44 45.63 42.88 40.19 37.57 35.01 32.53 30.12 27.78 25.53 23.35 21.26 19.26 17.35 15.53 13.81 12.19 10.67 9.25 7.94 6.75 5.66 4.72 3.93 3.30 2.81 2.46 2.22 2.10 2.08 2.15 2.30 2.51 2.78 3.09 3.43 3.79 4.17 4.55 4.95 5.37 5.79 6.23 6.67
0.00 0.00 0.00 0.00 0.00 0.00 0.00 3.98 8.47 13.10 17.84 22.66 27.53 32.42 37.30 42.13 46.89 51.50 55.66 59.22 62.18 64.55 66.36 67.62 68.34 68.54 68.23 67.44 66.16 64.43 62.25 59.65 56.82 54.00 51.21 48.47 45.78 43.15 40.56 38.03 35.57 33.16 30.82 28.55 26.35 24.22 22.17 20.20 18.31 16.51 14.80 13.18 11.65 10.21 8.88 7.65 6.53 5.51 4.61 3.83 3.21 2.72 2.38 2.15 2.03 2.01 2.09 2.23 2.44 2.71 3.02 3.36 3.72 4.09 4.48 4.87 5.28 5.70 6.14 6.58
0.00 0.00 0.00 0.00 0.00 0.00 2.67 6.59 10.70 14.97 19.37 23.87 28.44 33.04 37.64 42.23 46.76 51.16 55.11 58.45 61.19 63.34 64.93 65.96 66.44 66.41 65.86 64.82 63.29 61.31 58.89 56.22 53.55 50.90 48.30 45.74 43.22 40.75 38.32 35.95 33.63 31.37 29.17 27.03 24.96 22.96 21.03 19.17 17.40 15.70 14.08 12.55 11.11 9.76 8.51 7.35 6.29 5.34 4.49 3.75 3.14 2.66 2.32 2.09 1.98 1.96 2.04 2.18 2.40 2.66 2.97 3.31 3.67 4.04 4.42 4.81 5.22 5.63 6.06 6.50
0.00 0.00 0.00 0.00 0.00 2.46 5.73 9.24 12.95 16.85 20.89 25.05 29.29 33.59 37.92 42.24 46.52 50.69 54.42 57.53 60.04 61.95 63.30 64.08 64.32 64.03 63.23 61.92 60.14 57.90 55.40 52.89 50.40 47.94 45.51 43.12 40.76 38.45 36.18 33.96 31.78 29.66 27.60 25.59 23.64 21.76 19.94 18.19 16.52 14.92 13.40 11.96 10.60 9.33 8.14 7.05 6.06 5.16 4.36 3.67 3.09 2.62 2.28 2.06 1.95 1.93 2.01 2.16 2.37 2.63 2.94 3.28 3.63 4.00 4.37 4.76 5.17 5.58 6.01 6.44
0.00 0.00 0.00 0.31 3.13 5.95 8.82 11.90 15.21 18.71 22.38 26.19 30.09 34.08 38.10 42.14 46.17 50.09 53.58 56.45 58.71 60.37 61.46 61.99 61.96 61.41 60.33 58.75 56.70 54.38 52.03 49.70 47.39 45.11 42.85 40.62 38.43 36.27 34.15 32.07 30.04 28.05 26.11 24.23 22.40 20.63 18.92 17.28 15.70 14.19 12.76 11.40 10.12 8.92 7.80 6.78 5.84 4.99 4.24 3.59 3.04 2.59 2.26 2.04 1.93 1.92 2.00 2.15 2.36 2.62 2.93 3.26 3.61 3.97 4.35 4.73 5.13 5.54 5.97 6.40
0.00 0.00 1.27 3.93 6.59 9.25 11.89 14.58 17.47 20.56 23.85 27.28 30.84 34.49 38.21 41.95 45.70 49.36 52.60 55.20 57.20 58.60 59.42 59.67 59.36 58.52 57.16 55.31 53.17 51.00 48.84 46.68 44.55 42.44 40.34 38.27 36.23 34.23 32.25 30.31 28.41 26.55 24.74 22.97 21.26 19.59 17.99 16.44 14.96 13.54 12.18 10.90 9.69 8.56 7.51 6.54 5.65 4.85 4.14 3.52 3.00 2.58 2.26 2.05 1.94 1.93 2.01 2.16 2.37 2.63 2.93 3.27 3.61 3.97 4.34 4.72 5.12 5.52 5.94 6.37
0.00 2.29 4.76 7.26 9.77 12.28 14.77 17.23 19.72 22.40 25.28 28.33 31.52 34.83 38.21 41.65 45.10 48.50 51.46 53.79 55.51 56.63 57.16 57.12 56.52 55.38 53.74 51.79 49.80 47.81 45.82 43.85 41.88 39.93 38.00 36.09 34.19 32.33 30.49 28.69 26.91 25.18 23.48 21.83 20.22 18.66 17.15 15.70 14.30 12.96 11.69 10.48 9.33 8.26 7.27 6.34 5.50 4.74 4.07 3.48 2.99 2.59 2.28 2.08 1.97 1.97 2.04 2.19 2.40 2.66 2.96 3.29 3.64 3.99 4.35 4.73 5.12 5.52 5.94 6.36
3.39 5.65 7.96 10.30 12.65 15.00 17.34 19.65 21.92 24.21 26.67 29.32 32.14 35.08 38.12 41.23 44.38 47.48 50.16 52.20 53.63 54.45 54.68 54.33 53.43 52.00 50.25 48.45 46.64 44.83 43.02 41.21 39.41 37.62 35.84 34.07 32.32 30.60 28.89 27.21 25.57 23.95 22.36 20.82 19.31 17.85 16.43 15.07 13.75 12.49 11.28 10.14 9.06 8.04 7.10 6.22 5.42 4.69 4.05 3.49 3.01 2.63 2.33 2.13 2.03 2.02 2.09 2.24 2.45 2.71 3.01 3.33 3.68 4.02 4.38 4.76 5.14 5.54 5.95 6.37
6.60 8.69 10.84 13.01 15.21 17.40 19.59 21.75 23.87 25.94 28.02 30.26 32.68 35.24 37.92 40.69 43.52 46.32 48.70 50.44 51.55 52.06 51.97 51.31 50.10 48.56 46.95 45.33 43.70 42.07 40.43 38.78 37.14 35.50 33.87 32.25 30.64 29.04 27.47 25.91 24.38 22.87 21.40 19.95 18.55 17.18 15.84 14.56 13.32 12.13 10.99 9.90 8.88 7.91 7.01 6.18 5.41 4.72 4.10 3.56 3.09 2.72 2.43 2.22 2.11 2.10 2.17 2.32 2.53 2.78 3.08 3.40 3.74 4.08 4.44 4.80 5.18 5.58 5.98 6.39
9.47 11.40 13.37 15.39 17.42 19.46 21.50 23.51 25.48 27.41 29.27 31.13 33.14 35.31 37.62 40.03 42.53 45.01 47.06 48.48 49.28 49.46 49.04 48.06 46.73 45.33 43.91 42.47 41.01 39.55 38.07 36.58 35.10 33.61 32.12 30.63 29.15 27.69 26.23 24.79 23.37 21.98 20.60 19.25 17.94 16.65 15.40 14.19 13.02 11.90 10.82 9.79 8.81 7.89 7.03 6.23 5.49 4.82 4.22 3.70 3.24 2.87 2.58 2.37 2.25 2.21 2.27 2.42 2.62 2.88 3.17 3.49 3.82 4.16 4.51 4.87 5.25 5.63 6.03 6.44
11.98 13.74 15.55 17.41 19.28 21.17 23.05 24.91 26.74 28.52 30.24 31.88 33.51 35.28 37.20 39.24 41.38 43.53 45.26 46.34 46.80 46.63 45.89 44.78 43.60 42.38 41.14 39.87 38.58 37.28 35.96 34.63 33.29 31.94 30.59 29.24 27.89 26.54 25.20 23.88 22.56 21.26 19.99 18.73 17.50 16.29 15.12 13.98 12.88 11.81 10.79 9.81 8.88 8.00 7.17 6.40 5.68 5.03 4.45 3.93 3.48 3.10 2.80 2.58 2.44 2.39 2.42 2.54 2.74 2.99 3.28 3.60 3.92 4.26 4.60 4.96 5.33 5.71 6.10 6.50
14.12 15.71 17.36 19.05 20.76 22.49 24.22 25.93 27.61 29.25 30.82 32.33 33.75 35.14 36.66 38.32 40.09 41.89 43.27 44.00 44.10 43.60 42.73 41.76 40.76 39.72 38.65 37.55 36.43 35.28 34.12 32.93 31.73 30.52 29.30 28.08 26.85 25.62 24.39 23.17 21.96 20.76 19.57 18.40 17.25 16.12 15.01 13.94 12.89 11.88 10.91 9.98 9.08 8.24 7.44 6.69 6.00 5.36 4.78 4.26 3.81 3.43 3.12 2.88 2.72 2.63 2.63 2.72 2.89 3.13 3.42 3.73 4.05 4.38 4.72 5.07 5.43 5.81 6.19 6.58
