data_processed/recharge/precip/Precip_1987_06.asc
ncols        168
nrows        136
xllcorner    455000
yllcorner    2107000
cellsize     500
NODATA_value     -99999
[rows 0 to 31 of 136, columns 72 to 143 of 168]
139.06 138.98 138.87 138.75 138.60 138.43 138.24 138.04 137.81 137.56 137.28 136.98 136.65 136.31 135.94 135.56 135.17 134.76 134.33 133.90 133.47 133.02 132.57 132.12 131.67 131.22 130.77 130.32 129.89 129.46 129.04 128.63 128.24 127.86 127.50 127.16 126.84 126.54 126.27 126.02 125.80 125.62 125.46 125.33 125.20 125.05 124.90 124.74 124.57 124.41 124.26 124.11 123.88 123.15 121.86 120.08 117.85 115.24 112.31 109.13 105.75 102.24 98.66 95.02 91.34 87.65 83.96 80.29 76.66 73.10 69.61 66.21
139.05 138.97 138.87 138.75 138.61 138.45 138.28 138.08 137.87 137.64 137.39 137.11 136.81 136.48 136.14 135.78 135.40 135.01 134.61 134.20 133.78 133.35 132.92 132.49 132.05 131.62 131.18 130.76 130.33 129.92 129.51 129.12 128.74 128.38 128.03 127.70 127.39 127.10 126.84 126.60 126.39 126.21 126.05 125.89 125.72 125.53 125.34 125.14 124.94 124.75 124.56 124.39 124.12 123.37 122.05 120.22 117.95 115.30 112.33 109.10 105.68 102.11 98.46 94.78 91.07 87.35 83.65 79.99 76.38 72.84 69.39 66.05
138.99 138.92 138.83 138.72 138.58 138.43 138.26 138.08 137.88 137.67 137.44 137.18 136.90 136.60 136.28 135.94 135.59 135.22 134.84 134.45 134.04 133.64 133.22 132.81 132.39 131.97 131.55 131.14 130.73 130.33 129.94 129.56 129.20 128.85 128.51 128.19 127.89 127.62 127.36 127.14 126.94 126.76 126.58 126.37 126.16 125.94 125.70 125.47 125.24 125.02 124.80 124.60 124.31 123.53 122.18 120.32 118.02 115.33 112.32 109.05 105.58 101.96 98.27 94.54 90.81 87.09 83.40 79.75 76.17 72.67 69.28 66.01
138.89 138.83 138.74 138.64 138.51 138.37 138.21 138.03 137.84 137.64 137.43 137.19 136.94 136.66 136.36 136.05 135.71 135.37 135.01 134.64 134.25 133.87 133.47 133.07 132.67 132.27 131.87 131.48 131.09 130.70 130.33 129.96 129.61 129.27 128.95 128.64 128.36 128.09 127.85 127.63 127.44 127.23 127.01 126.77 126.52 126.26 126.00 125.73 125.47 125.22 124.98 124.76 124.45 123.64 122.27 120.38 118.05 115.33 112.28 108.97 105.45 101.79 98.05 94.29 90.54 86.83 83.15 79.54 76.01 72.57 69.24 66.06
138.76 138.70 138.62 138.52 138.40 138.26 138.11 137.94 137.76 137.57 137.36 137.15 136.91 136.66 136.39 136.09 135.78 135.46 135.12 134.77 134.41 134.04 133.67 133.29 132.91 132.53 132.15 131.77 131.39 131.02 130.67 130.32 129.98 129.65 129.34 129.05 128.78 128.53 128.30 128.09 127.86 127.62 127.36 127.09 126.80 126.51 126.22 125.93 125.64 125.37 125.11 124.87 124.54 123.71 122.32 120.41 118.05 115.30 112.22 108.87 105.31 101.61 97.82 94.01 90.23 86.53 82.89 79.33 75.85 72.49 69.25 66.16
138.59 138.53 138.46 138.36 138.25 138.12 137.97 137.81 137.64 137.45 137.25 137.05 136.83 136.60 136.35 136.08 135.80 135.50 135.18 134.85 134.51 134.17 133.81 133.45 133.09 132.73 132.37 132.01 131.65 131.30 130.96 130.62 130.30 129.99 129.70 129.42 129.16 128.92 128.70 128.46 128.20 127.92 127.63 127.32 127.01 126.69 126.37 126.05 125.75 125.46 125.18 124.92 124.58 123.74 122.33 120.40 118.01 115.23 112.12 108.74 105.15 101.41 97.58 93.73 89.91 86.18 82.58 79.07 75.67 72.39 69.26 66.28
138.39 138.33 138.26 138.17 138.06 137.94 137.79 137.64 137.47 137.29 137.10 136.91 136.70 136.49 136.26 136.02 135.76 135.48 135.18 134.88 134.56 134.24 133.90 133.57 133.22 132.88 132.54 132.20 131.86 131.52 131.20 130.88 130.58 130.28 130.00 129.74 129.50 129.26 129.02 128.75 128.45 128.14 127.82 127.48 127.14 126.80 126.46 126.12 125.80 125.49 125.20 124.93 124.58 123.73 122.30 120.35 117.95 115.15 112.01 108.60 104.98 101.20 97.34 93.44 89.58 85.81 82.19 78.74 75.43 72.26 69.24 66.39
138.15 138.10 138.03 137.94 137.84 137.72 137.58 137.43 137.27 137.09 136.91 136.72 136.52 136.32 136.11 135.89 135.65 135.40 135.13 134.85 134.56 134.25 133.94 133.63 133.31 132.98 132.66 132.34 132.02 131.70 131.39 131.10 130.81 130.53 130.27 130.02 129.78 129.53 129.25 128.95 128.62 128.28 127.93 127.57 127.21 126.84 126.48 126.13 125.79 125.47 125.17 124.90 124.54 123.68 122.24 120.28 117.86 115.04 111.88 108.44 104.79 100.99 97.09 93.16 89.25 85.44 81.78 78.32 75.10 72.04 69.15 66.44
137.88 137.83 137.77 137.68 137.58 137.46 137.33 137.18 137.03 136.86 136.68 136.50 136.31 136.11 135.91 135.71 135.50 135.27 135.02 134.76 134.49 134.22 133.93 133.63 133.33 133.03 132.73 132.43 132.13 131.83 131.54 131.26 130.99 130.73 130.48 130.25 129.99 129.71 129.39 129.06 128.71 128.34 127.97 127.59 127.20 126.82 126.45 126.09 125.74 125.41 125.10 124.82 124.46 123.60 122.15 120.18 117.74 114.91 111.73 108.27 104.60 100.77 96.84 92.87 88.93 85.08 81.38 77.88 74.66 71.70 68.96 66.41
137.58 137.54 137.47 137.39 137.29 137.17 137.04 136.90 136.75 136.59 136.41 136.24 136.05 135.86 135.67 135.48 135.28 135.08 134.86 134.62 134.38 134.12 133.86 133.59 133.31 133.03 132.75 132.47 132.19 131.91 131.64 131.38 131.13 130.88 130.65 130.39 130.11 129.79 129.45 129.09 128.72 128.33 127.93 127.54 127.14 126.74 126.36 125.99 125.63 125.30 124.99 124.71 124.35 123.48 122.03 120.05 117.61 114.76 111.57 108.09 104.40 100.54 96.59 92.59 88.62 84.73 80.99 77.46 74.19 71.25 68.63 66.25
137.26 137.21 137.14 137.06 136.96 136.85 136.72 136.58 136.44 136.28 136.11 135.94 135.76 135.58 135.39 135.20 135.01 134.83 134.63 134.43 134.20 133.97 133.73 133.48 133.23 132.97 132.71 132.45 132.20 131.94 131.69 131.45 131.21 130.98 130.73 130.45 130.13 129.79 129.43 129.05 128.65 128.24 127.83 127.42 127.01 126.61 126.21 125.84 125.48 125.14 124.84 124.56 124.20 123.34 121.89 119.91 117.46 114.60 111.40 107.91 104.19 100.32 96.34 92.32 88.32 84.40 80.63 77.06 73.75 70.77 68.17 65.94
136.90 136.86 136.79 136.71 136.61 136.50 136.37 136.24 136.09 135.94 135.77 135.60 135.43 135.25 135.07 134.89 134.71 134.53 134.35 134.17 133.98 133.77 133.55 133.33 133.10 132.87 132.63 132.39 132.15 131.92 131.69 131.47 131.25 131.00 130.73 130.41 130.07 129.71 129.32 128.92 128.51 128.09 127.67 127.24 126.82 126.41 126.02 125.64 125.28 124.95 124.65 124.38 124.03 123.17 121.72 119.74 117.29 114.43 111.22 107.72 103.99 100.10 96.10 92.06 88.03 84.09 80.28 76.68 73.33 70.31 67.68 65.48
136.53 136.48 136.41 136.33 136.23 136.12 135.99 135.86 135.71 135.56 135.40 135.24 135.07 134.89 134.72 134.54 134.37 134.19 134.02 133.86 133.69 133.51 133.32 133.12 132.91 132.70 132.49 132.28 132.06 131.85 131.64 131.44 131.20 130.93 130.63 130.29 129.93 129.54 129.14 128.72 128.30 127.87 127.44 127.01 126.58 126.17 125.77 125.40 125.04 124.72 124.42 124.16 123.83 122.98 121.54 119.56 117.11 114.25 111.03 107.53 103.79 99.88 95.87 91.81 87.77 83.80 79.96 76.33 72.95 69.90 67.22 64.99
136.12 136.07 136.00 135.92 135.82 135.71 135.59 135.45 135.31 135.16 135.00 134.84 134.67 134.50 134.33 134.16 133.99 133.82 133.66 133.50 133.35 133.19 133.03 132.85 132.67 132.49 132.30 132.11 131.92 131.73 131.54 131.32 131.06 130.76 130.44 130.08 129.70 129.30 128.88 128.46 128.02 127.58 127.15 126.71 126.29 125.88 125.48 125.11 124.77 124.45 124.17 123.92 123.60 122.77 121.34 119.37 116.92 114.06 110.85 107.33 103.59 99.68 95.65 91.58 87.52 83.53 79.67 76.01 72.60 69.52 66.81 64.54
135.70 135.65 135.57 135.49 135.39 135.27 135.15 135.02 134.87 134.72 134.57 134.41 134.24 134.08 133.91 133.74 133.58 133.41 133.26 133.10 132.96 132.82 132.68 132.53 132.38 132.22 132.05 131.89 131.72 131.55 131.35 131.10 130.82 130.51 130.16 129.79 129.39 128.98 128.56 128.12 127.68 127.24 126.80 126.37 125.94 125.54 125.15 124.79 124.45 124.15 123.88 123.66 123.35 122.54 121.12 119.17 116.73 113.87 110.66 107.15 103.40 99.48 95.45 91.36 87.29 83.28 79.41 75.72 72.29 69.18 66.44 64.13
135.26 135.20 135.12 135.03 134.93 134.82 134.69 134.56 134.41 134.26 134.11 133.95 133.78 133.62 133.46 133.29 133.13 132.97 132.82 132.67 132.53 132.40 132.28 132.16 132.03 131.89 131.76 131.61 131.47 131.29 131.06 130.80 130.50 130.16 129.80 129.42 129.01 128.59 128.16 127.72 127.28 126.83 126.40 125.97 125.55 125.16 124.78 124.43 124.11 123.82 123.58 123.37 123.09 122.30 120.90 118.95 116.53 113.68 110.48 106.97 103.22 99.30 95.26 91.17 87.08 83.07 79.17 75.47 72.02 68.88 66.11 63.78
134.79 134.73 134.65 134.56 134.45 134.33 134.21 134.07 133.93 133.78 133.62 133.46 133.30 133.14 132.97 132.81 132.65 132.50 132.35 132.21 132.07 131.94 131.83 131.72 131.62 131.52 131.40 131.28 131.13 130.92 130.68 130.40 130.08 129.73 129.36 128.97 128.56 128.13 127.69 127.25 126.81 126.37 125.94 125.52 125.12 124.73 124.37 124.04 123.73 123.47 123.24 123.06 122.81 122.04 120.66 118.74 116.33 113.50 110.30 106.80 103.06 99.14 95.10 91.00 86.91 82.88 78.98 75.26 71.79 68.63 65.84 63.48
134.31 134.24 134.16 134.06 133.95 133.83 133.70 133.56 133.42 133.26 133.11 132.95 132.79 132.62 132.46 132.30 132.15 131.99 131.85 131.71 131.58 131.46 131.35 131.25 131.16 131.08 130.99 130.86 130.69 130.47 130.21 129.91 129.58 129.22 128.84 128.44 128.03 127.60 127.17 126.73 126.29 125.86 125.44 125.03 124.64 124.27 123.93 123.61 123.33 123.09 122.89 122.74 122.52 121.77 120.42 118.52 116.13 113.31 110.13 106.64 102.91 99.00 94.96 90.86 86.77 82.73 78.82 75.09 71.60 68.43 65.61 63.23
133.82 133.74 133.65 133.55 133.43 133.31 133.17 133.03 132.88 132.73 132.57 132.41 132.25 132.09 131.92 131.77 131.61 131.46 131.32 131.18 131.05 130.94 130.83 130.74 130.66 130.59 130.49 130.34 130.15 129.92 129.64 129.34 129.00 128.64 128.25 127.85 127.43 127.01 126.58 126.15 125.72 125.30 124.89 124.50 124.12 123.77 123.45 123.16 122.91 122.69 122.52 122.40 122.21 121.50 120.18 118.30 115.94 113.14 109.97 106.50 102.78 98.88 94.85 90.75 86.66 82.62 78.70 74.96 71.47 68.28 65.45 63.05
133.31 133.22 133.13 133.02 132.90 132.77 132.63 132.48 132.33 132.17 132.01 131.85 131.69 131.52 131.36 131.20 131.05 130.90 130.76 130.62 130.50 130.38 130.28 130.19 130.11 130.01 129.89 129.73 129.52 129.27 128.99 128.68 128.34 127.97 127.59 127.19 126.77 126.35 125.93 125.51 125.10 124.69 124.30 123.92 123.57 123.24 122.94 122.68 122.46 122.28 122.14 122.06 121.90 121.23 119.94 118.09 115.75 112.98 109.83 106.38 102.67 98.78 94.76 90.67 86.58 82.54 78.63 74.88 71.38 68.18 65.34 62.92
132.78 132.69 132.59 132.47 132.35 132.21 132.07 131.92 131.76 131.60 131.44 131.27 131.10 130.94 130.78 130.62 130.46 130.31 130.17 130.04 129.92 129.80 129.70 129.61 129.50 129.37 129.20 129.01 128.80 128.54 128.26 127.94 127.60 127.23 126.85 126.46 126.05 125.64 125.23 124.82 124.42 124.04 123.66 123.31 122.98 122.68 122.41 122.18 121.99 121.84 121.74 121.70 121.59 120.95 119.70 117.88 115.57 112.83 109.71 106.28 102.59 98.71 94.71 90.63 86.54 82.51 78.60 74.85 71.35 68.14 65.29 62.86
132.25 132.15 132.04 131.91 131.78 131.64 131.49 131.33 131.17 131.01 130.84 130.67 130.50 130.33 130.17 130.01 129.85 129.70 129.56 129.43 129.31 129.20 129.09 128.97 128.82 128.64 128.44 128.22 127.99 127.73 127.44 127.12 126.78 126.42 126.05 125.66 125.27 124.87 124.48 124.09 123.71 123.34 122.99 122.67 122.37 122.09 121.86 121.66 121.51 121.40 121.34 121.34 121.27 120.68 119.46 117.68 115.41 112.70 109.60 106.20 102.53 98.68 94.69 90.62 86.55 82.53 78.62 74.88 71.37 68.16 65.31 62.87
131.70 131.60 131.48 131.34 131.20 131.05 130.90 130.73 130.57 130.40 130.22 130.05 129.88 129.71 129.54 129.38 129.22 129.07 128.93 128.79 128.67 128.55 128.42 128.26 128.07 127.85 127.62 127.37 127.11 126.84 126.55 126.23 125.90 125.55 125.18 124.81 124.43 124.05 123.67 123.31 122.95 122.61 122.29 121.99 121.72 121.48 121.28 121.12 121.01 120.94 120.93 120.97 120.95 120.41 119.23 117.50 115.26 112.58 109.52 106.14 102.51 98.67 94.70 90.66 86.60 82.59 78.69 74.96 71.45 68.24 65.39 62.94
131.15 131.03 130.90 130.76 130.61 130.46 130.29 130.12 129.95 129.77 129.59 129.41 129.24 129.06 128.89 128.72 128.56 128.41 128.27 128.13 128.01 127.86 127.68 127.48 127.25 127.00 126.73 126.46 126.17 125.87 125.58 125.27 124.95 124.61 124.26 123.90 123.54 123.18 122.82 122.48 122.15 121.84 121.55 121.28 121.05 120.85 120.69 120.57 120.50 120.48 120.52 120.61 120.64 120.14 119.02 117.33 115.13 112.49 109.47 106.12 102.51 98.71 94.76 90.74 86.70 82.70 78.82 75.09 71.60 68.39 65.54 63.09
130.59 130.46 130.32 130.17 130.01 129.85 129.67 129.50 129.32 129.13 128.95 128.76 128.58 128.40 128.23 128.06 127.89 127.74 127.59 127.45 127.29 127.10 126.88 126.63 126.37 126.09 125.79 125.49 125.18 124.86 124.55 124.24 123.93 123.60 123.27 122.93 122.59 122.26 121.93 121.61 121.31 121.03 120.78 120.55 120.36 120.20 120.08 120.01 119.99 120.01 120.10 120.25 120.34 119.89 118.82 117.17 115.02 112.42 109.44 106.13 102.56 98.78 94.86 90.86 86.85 82.87 79.00 75.29 71.81 68.61 65.76 63.32
130.03 129.89 129.74 129.58 129.41 129.23 129.05 128.86 128.67 128.48 128.29 128.10 127.91 127.72 127.54 127.37 127.20 127.04 126.89 126.71 126.51 126.27 126.01 125.73 125.43 125.12 124.80 124.47 124.14 123.80 123.48 123.16 122.85 122.54 122.23 121.91 121.60 121.29 120.99 120.71 120.44 120.20 119.98 119.80 119.64 119.53 119.46 119.44 119.46 119.55 119.69 119.90 120.04 119.65 118.63 117.04 114.94 112.38 109.44 106.17 102.64 98.89 95.01 91.04 87.05 83.10 79.24 75.55 72.08 68.90 66.06 63.61
129.46 129.31 129.15 128.97 128.79 128.61 128.41 128.22 128.02 127.82 127.62 127.42 127.23 127.04 126.85 126.67 126.50 126.33 126.14 125.92 125.67 125.39 125.09 124.78 124.45 124.11 123.76 123.41 123.05 122.71 122.37 122.04 121.72 121.42 121.13 120.85 120.56 120.28 120.02 119.77 119.54 119.34 119.16 119.02 118.92 118.85 118.83 118.86 118.94 119.08 119.28 119.55 119.76 119.43 118.47 116.93 114.88 112.37 109.48 106.25 102.76 99.05 95.20 91.27 87.30 83.38 79.55 75.88 72.43 69.26 66.42 63.92
128.89 128.73 128.55 128.37 128.17 127.98 127.77 127.57 127.36 127.15 126.94 126.74 126.53 126.33 126.14 125.95 125.77 125.57 125.33 125.06 124.77 124.46 124.12 123.77 123.41 123.05 122.68 122.30 121.93 121.57 121.22 120.88 120.56 120.26 119.99 119.73 119.48 119.24 119.01 118.80 118.61 118.45 118.32 118.23 118.17 118.16 118.19 118.28 118.42 118.62 118.88 119.21 119.49 119.22 118.32 116.84 114.85 112.40 109.55 106.37 102.92 99.26 95.45 91.55 87.62 83.72 79.92 76.28 72.85 69.69 66.81 64.20
128.32 128.14 127.95 127.76 127.55 127.34 127.13 126.91 126.69 126.47 126.26 126.04 125.83 125.62 125.42 125.22 125.00 124.75 124.47 124.16 123.82 123.47 123.10 122.73 122.34 121.95 121.55 121.16 120.78 120.41 120.05 119.70 119.38 119.08 118.81 118.57 118.36 118.15 117.97 117.80 117.66 117.55 117.46 117.42 117.42 117.46 117.55 117.70 117.90 118.16 118.49 118.89 119.23 119.04 118.20 116.79 114.85 112.46 109.66 106.54 103.13 99.52 95.75 91.89 87.99 84.13 80.36 76.75 73.34 70.16 67.20 64.49
127.76 127.56 127.36 127.14 126.93 126.70 126.48 126.25 126.02 125.79 125.56 125.34 125.12 124.90 124.69 124.45 124.18 123.88 123.55 123.20 122.83 122.44 122.05 121.64 121.23 120.81 120.40 120.00 119.60 119.22 118.85 118.50 118.18 117.88 117.62 117.39 117.20 117.04 116.89 116.77 116.68 116.62 116.59 116.60 116.65 116.76 116.91 117.12 117.38 117.72 118.12 118.59 119.00 118.88 118.11 116.76 114.89 112.55 109.82 106.75 103.39 99.83 96.10 92.29 88.43 84.61 80.87 77.29 73.88 70.65 67.63 64.82
127.19 126.98 126.76 126.53 126.30 126.07 125.83 125.59 125.34 125.10 124.86 124.63 124.40 124.17 123.91 123.63 123.31 122.96 122.59 122.20 121.80 121.38 120.95 120.52 120.08 119.65 119.22 118.80 118.39 118.00 117.63 117.28 116.96 116.67 116.42 116.20 116.02 115.89 115.79 115.72 115.68 115.67 115.70 115.77 115.89 116.05 116.27 116.54 116.88 117.28 117.76 118.30 118.80 118.75 118.05 116.77 114.96 112.69 110.02 107.00 103.71 100.19 96.52 92.75 88.94 85.16 81.46 77.89 74.46 71.20 68.12 65.24
126.63 126.40 126.17 125.93 125.68 125.43 125.18 124.92 124.67 124.41 124.16 123.92 123.67 123.40 123.09 122.76 122.39 122.00 121.59 121.17 120.73 120.28 119.82 119.37 118.91 118.46 118.01 117.58 117.17 116.77 116.40 116.05 115.73 115.45 115.21 115.00 114.84 114.73 114.67 114.65 114.67 114.72 114.80 114.94 115.11 115.34 115.63 115.98 116.39 116.86 117.41 118.04 118.61 118.64 118.02 116.82 115.08 112.88 110.27 107.31 104.08 100.62 97.00 93.28 89.52 85.78 82.12 78.56 75.13 71.85 68.73 65.79
