data_processed/recharge/precip/Precip_2004_02.asc
ncols        168
nrows        136
xllcorner    455000
yllcorner    2107000
cellsize     500
NODATA_value     -99999
[rows 0 to 37 of 136, columns 84 to 167 of 168]
0.07 0.08 0.10 0.11 0.13 0.14 0.14 0.14 0.13 0.11 0.09 0.05 0.01 0.00 0.00 0.00 0.00 0.00 0.00 0.00 0.00 0.00 0.00 0.00 0.00 0.00 0.00 0.00 0.00 0.02 0.05 0.07 0.08 0.09 0.09 0.08 0.06 0.04 0.03 0.01 0.00 0.00 0.00 0.00 0.00 0.00 0.00 0.00 0.00 0.00 0.00 0.00 0.00 0.01 0.01 0.02 0.03 0.04 0.05 0.06 0.07 0.08 0.10 0.11 0.12 0.14 0.15 0.16 0.17 0.18 0.19 0.19 0.20 0.20 0.20 0.19 0.18 0.18 0.16 0.15 0.14 0.12 0.11 0.09
0.10 0.12 0.14 0.16 0.17 0.18 0.19 0.19 0.18 0.16 0.14 0.11 0.06 0.00 0.00 0.00 0.00 0.00 0.00 0.00 0.00 0.00 0.00 0.00 0.00 0.00 0.00 0.00 0.00 0.00 0.02 0.04 0.06 0.07 0.08 0.08 0.07 0.05 0.03 0.02 0.01 0.00 0.00 0.00 0.00 0.00 0.00 0.00 0.00 0.00 0.00 0.00 0.01 0.01 0.02 0.03 0.04 0.05 0.06 0.07 0.08 0.09 0.10 0.11 0.13 0.14 0.15 0.16 0.17 0.18 0.19 0.19 0.19 0.19 0.19 0.18 0.18 0.17 0.15 0.14 0.13 0.11 0.10 0.08
0.14 0.16 0.18 0.21 0.22 0.24 0.24 0.25 0.24 0.23 0.20 0.17 0.12 0.06 0.00 0.00 0.00 0.00 0.00 0.00 0.00 0.00 0.00 0.00 0.00 0.00 0.00 0.00 0.00 0.00 0.00 0.01 0.03 0.04 0.06 0.06 0.06 0.05 0.04 0.02 0.01 0.01 0.00 0.00 0.00 0.00 0.00 0.00 0.00 0.00 0.01 0.01 0.02 0.02 0.03 0.04 0.05 0.06 0.07 0.08 0.09 0.10 0.11 0.12 0.13 0.14 0.15 0.16 0.17 0.18 0.18 0.19 0.18 0.18 0.18 0.17 0.16 0.15 0.14 0.13 0.12 0.10 0.09 0.08
0.18 0.21 0.24 0.27 0.29 0.30 0.31 0.32 0.31 0.30 0.27 0.24 0.19 0.13 0.06 0.00 0.00 0.00 0.00 0.00 0.00 0.00 0.00 0.00 0.00 0.00 0.00 0.00 0.00 0.00 0.00 0.00 0.00 0.01 0.02 0.04 0.04 0.04 0.04 0.03 0.02 0.01 0.01 0.01 0.00 0.00 0.00 0.01 0.01 0.01 0.02 0.02 0.03 0.03 0.04 0.05 0.06 0.07 0.07 0.08 0.09 0.10 0.11 0.12 0.13 0.14 0.15 0.16 0.17 0.17 0.17 0.17 0.17 0.17 0.16 0.16 0.15 0.14 0.13 0.11 0.10 0.09 0.08 0.06
0.24 0.28 0.31 0.34 0.36 0.38 0.39 0.40 0.39 0.38 0.36 0.32 0.28 0.22 0.15 0.06 0.00 0.00 0.00 0.00 0.00 0.00 0.00 0.00 0.00 0.00 0.00 0.00 0.00 0.00 0.00 0.00 0.00 0.00 0.00 0.00 0.01 0.02 0.03 0.03 0.02 0.02 0.01 0.01 0.01 0.01 0.01 0.02 0.02 0.02 0.03 0.03 0.04 0.04 0.05 0.06 0.07 0.07 0.08 0.09 0.10 0.11 0.12 0.12 0.13 0.14 0.15 0.16 0.16 0.16 0.16 0.16 0.16 0.15 0.14 0.14 0.13 0.12 0.11 0.09 0.08 0.07 0.06 0.05
0.31 0.35 0.38 0.42 0.44 0.47 0.48 0.49 0.49 0.48 0.46 0.42 0.38 0.32 0.24 0.16 0.06 0.00 0.00 0.00 0.00 0.00 0.00 0.00 0.00 0.00 0.00 0.00 0.00 0.00 0.00 0.00 0.00 0.00 0.00 0.00 0.00 0.00 0.01 0.02 0.02 0.02 0.02 0.02 0.02 0.02 0.02 0.03 0.03 0.03 0.04 0.04 0.05 0.05 0.06 0.07 0.07 0.08 0.09 0.10 0.10 0.11 0.12 0.12 0.13 0.14 0.14 0.15 0.15 0.15 0.15 0.14 0.14 0.13 0.12 0.11 0.10 0.09 0.08 0.07 0.06 0.05 0.04 0.03
0.38 0.43 0.47 0.50 0.54 0.56 0.58 0.59 0.59 0.58 0.56 0.53 0.49 0.43 0.35 0.26 0.16 0.06 0.00 0.00 0.00 0.00 0.00 0.00 0.00 0.00 0.00 0.00 0.00 0.00 0.00 0.00 0.00 0.00 0.00 0.00 0.00 0.00 0.00 0.00 0.02 0.04 0.04 0.04 0.04 0.04 0.04 0.05 0.05 0.05 0.06 0.06 0.07 0.07 0.08 0.08 0.09 0.09 0.10 0.10 0.11 0.12 0.12 0.13 0.13 0.13 0.14 0.14 0.14 0.14 0.13 0.13 0.12 0.12 0.11 0.10 0.09 0.08 0.07 0.06 0.05 0.04 0.03 0.02
0.46 0.51 0.56 0.60 0.63 0.66 0.68 0.70 0.70 0.70 0.68 0.65 0.61 0.55 0.47 0.37 0.25 0.14 0.04 0.00 0.00 0.00 0.00 0.00 0.00 0.00 0.00 0.00 0.00 0.00 0.00 0.00 0.00 0.00 0.00 0.00 0.00 0.00 0.00 0.00 0.02 0.05 0.07 0.08 0.08 0.08 0.08 0.08 0.08 0.08 0.09 0.09 0.09 0.10 0.10 0.10 0.11 0.11 0.11 0.12 0.12 0.12 0.12 0.13 0.13 0.13 0.13 0.14 0.14 0.13 0.13 0.12 0.11 0.11 0.10 0.09 0.08 0.07 0.06 0.05 0.05 0.04 0.03 0.03
0.54 0.60 0.65 0.70 0.74 0.77 0.80 0.81 0.82 0.82 0.80 0.77 0.73 0.67 0.58 0.48 0.36 0.24 0.12 0.01 0.00 0.00 0.00 0.00 0.00 0.00 0.00 0.00 0.00 0.00 0.00 0.00 0.00 0.00 0.00 0.00 0.00 0.00 0.00 0.00 0.02 0.07 0.11 0.12 0.13 0.13 0.12 0.12 0.12 0.12 0.12 0.13 0.13 0.13 0.13 0.13 0.13 0.13 0.13 0.13 0.13 0.13 0.12 0.12 0.12 0.12 0.13 0.13 0.13 0.13 0.12 0.12 0.11 0.11 0.10 0.09 0.08 0.08 0.07 0.07 0.06 0.06 0.06 0.06
0.63 0.69 0.75 0.80 0.84 0.88 0.91 0.93 0.95 0.95 0.93 0.91 0.86 0.79 0.70 0.59 0.46 0.33 0.21 0.08 0.00 0.00 0.00 0.00 0.00 0.00 0.00 0.00 0.00 0.00 0.00 0.00 0.00 0.00 0.00 0.00 0.00 0.00 0.00 0.00 0.02 0.08 0.14 0.17 0.18 0.18 0.18 0.18 0.17 0.17 0.17 0.17 0.16 0.16 0.16 0.15 0.15 0.15 0.14 0.14 0.13 0.13 0.12 0.12 0.12 0.12 0.12 0.13 0.13 0.13 0.13 0.12 0.12 0.11 0.11 0.10 0.10 0.09 0.09 0.09 0.09 0.09 0.09 0.10
0.71 0.78 0.85 0.90 0.96 1.00 1.04 1.06 1.08 1.08 1.07 1.04 0.99 0.92 0.82 0.70 0.56 0.43 0.30 0.17 0.04 0.00 0.00 0.00 0.00 0.00 0.00 0.00 0.00 0.00 0.00 0.00 0.00 0.00 0.00 0.00 0.00 0.00 0.00 0.00 0.02 0.10 0.16 0.21 0.23 0.24 0.24 0.23 0.23 0.22 0.21 0.21 0.20 0.19 0.19 0.18 0.17 0.16 0.15 0.14 0.13 0.12 0.11 0.11 0.11 0.11 0.12 0.12 0.13 0.13 0.13 0.13 0.12 0.12 0.12 0.12 0.12 0.12 0.12 0.12 0.13 0.13 0.14 0.15
0.80 0.88 0.95 1.01 1.07 1.12 1.16 1.19 1.21 1.22 1.21 1.18 1.12 1.04 0.93 0.80 0.67 0.53 0.39 0.25 0.12 0.00 0.00 0.00 0.00 0.00 0.00 0.00 0.00 0.00 0.00 0.00 0.00 0.00 0.00 0.00 0.00 0.00 0.00 0.00 0.02 0.11 0.19 0.24 0.28 0.30 0.30 0.29 0.28 0.27 0.26 0.25 0.24 0.22 0.21 0.20 0.19 0.17 0.16 0.14 0.13 0.11 0.11 0.10 0.11 0.11 0.11 0.12 0.12 0.13 0.13 0.13 0.14 0.14 0.14 0.14 0.15 0.15 0.16 0.17 0.18 0.19 0.20 0.22
0.90 0.98 1.06 1.13 1.19 1.25 1.30 1.33 1.36 1.36 1.35 1.31 1.24 1.16 1.05 0.91 0.77 0.62 0.48 0.34 0.20 0.07 0.00 0.00 0.00 0.00 0.00 0.00 0.00 0.00 0.00 0.00 0.00 0.00 0.00 0.00 0.00 0.00 0.00 0.00 0.02 0.13 0.21 0.28 0.32 0.34 0.35 0.35 0.34 0.32 0.30 0.29 0.27 0.25 0.23 0.21 0.19 0.17 0.15 0.13 0.11 0.10 0.09 0.09 0.10 0.10 0.11 0.12 0.12 0.13 0.13 0.14 0.15 0.16 0.16 0.17 0.18 0.19 0.20 0.22 0.24 0.26 0.28 0.30
0.99 1.08 1.17 1.25 1.32 1.38 1.44 1.48 1.50 1.50 1.48 1.43 1.36 1.27 1.16 1.02 0.87 0.72 0.57 0.43 0.29 0.15 0.02 0.00 0.00 0.00 0.00 0.00 0.00 0.00 0.00 0.00 0.00 0.00 0.00 0.00 0.00 0.00 0.00 0.00 0.03 0.14 0.23 0.30 0.35 0.38 0.40 0.40 0.39 0.37 0.34 0.32 0.30 0.27 0.24 0.22 0.19 0.16 0.13 0.11 0.09 0.09 0.08 0.08 0.09 0.10 0.10 0.11 0.12 0.13 0.14 0.15 0.16 0.18 0.19 0.20 0.22 0.24 0.26 0.28 0.30 0.33 0.36 0.39
1.08 1.19 1.28 1.37 1.45 1.52 1.58 1.62 1.64 1.63 1.61 1.55 1.48 1.38 1.27 1.12 0.97 0.82 0.67 0.52 0.37 0.23 0.09 0.00 0.00 0.00 0.00 0.00 0.00 0.00 0.00 0.00 0.00 0.00 0.00 0.00 0.00 0.00 0.00 0.00 0.04 0.15 0.25 0.33 0.38 0.42 0.43 0.44 0.42 0.40 0.38 0.34 0.31 0.28 0.25 0.21 0.18 0.14 0.11 0.09 0.07 0.07 0.07 0.07 0.08 0.09 0.10 0.11 0.12 0.13 0.14 0.16 0.18 0.20 0.22 0.24 0.26 0.29 0.32 0.35 0.38 0.42 0.45 0.50
1.18 1.29 1.40 1.49 1.58 1.66 1.72 1.75 1.77 1.76 1.73 1.67 1.59 1.49 1.37 1.23 1.07 0.91 0.76 0.60 0.45 0.31 0.16 0.03 0.00 0.00 0.00 0.00 0.00 0.00 0.00 0.00 0.00 0.00 0.00 0.00 0.00 0.00 0.00 0.00 0.04 0.17 0.27 0.35 0.40 0.44 0.46 0.46 0.45 0.43 0.40 0.36 0.32 0.28 0.23 0.19 0.15 0.11 0.08 0.06 0.05 0.05 0.05 0.06 0.07 0.08 0.09 0.10 0.11 0.13 0.15 0.17 0.19 0.22 0.25 0.28 0.31 0.34 0.38 0.42 0.46 0.51 0.56 0.63
1.28 1.40 1.51 1.62 1.72 1.79 1.85 1.88 1.89 1.88 1.84 1.78 1.70 1.60 1.47 1.32 1.17 1.01 0.85 0.69 0.54 0.39 0.24 0.10 0.00 0.00 0.00 0.00 0.00 0.00 0.00 0.00 0.00 0.00 0.00 0.00 0.00 0.00 0.00 0.00 0.05 0.18 0.28 0.36 0.42 0.46 0.47 0.48 0.46 0.44 0.40 0.36 0.31 0.26 0.21 0.15 0.11 0.07 0.05 0.03 0.03 0.03 0.03 0.04 0.05 0.07 0.08 0.09 0.11 0.13 0.16 0.18 0.21 0.24 0.28 0.32 0.36 0.40 0.45 0.50 0.55 0.61 0.68 0.78
1.37 1.51 1.64 1.75 1.85 1.92 1.97 2.00 2.00 1.99 1.95 1.89 1.80 1.70 1.57 1.42 1.26 1.09 0.93 0.77 0.62 0.46 0.31 0.17 0.03 0.00 0.00 0.00 0.00 0.00 0.00 0.00 0.00 0.00 0.00 0.00 0.00 0.00 0.00 0.00 0.06 0.19 0.30 0.38 0.43 0.47 0.48 0.48 0.46 0.43 0.39 0.34 0.28 0.22 0.16 0.11 0.06 0.03 0.01 0.00 0.00 0.00 0.01 0.02 0.04 0.05 0.07 0.09 0.11 0.13 0.16 0.19 0.23 0.27 0.31 0.36 0.41 0.46 0.52 0.58 0.65 0.73 0.83 0.94
1.46 1.61 1.75 1.87 1.97 2.04 2.08 2.11 2.11 2.09 2.05 1.98 1.90 1.79 1.66 1.51 1.34 1.18 1.02 0.85 0.69 0.54 0.39 0.24 0.10 0.00 0.00 0.00 0.00 0.00 0.00 0.00 0.00 0.00 0.00 0.00 0.00 0.00 0.00 0.00 0.07 0.20 0.30 0.38 0.44 0.47 0.48 0.47 0.45 0.41 0.36 0.30 0.24 0.17 0.10 0.05 0.01 0.00 0.00 0.00 0.00 0.00 0.00 0.00 0.02 0.04 0.06 0.08 0.10 0.13 0.17 0.20 0.25 0.29 0.34 0.40 0.46 0.52 0.59 0.67 0.76 0.87 0.99 1.13
1.54 1.71 1.86 1.98 2.07 2.14 2.19 2.21 2.21 2.18 2.14 2.07 1.98 1.87 1.74 1.59 1.42 1.26 1.09 0.93 0.77 0.61 0.46 0.31 0.17 0.03 0.00 0.00 0.00 0.00 0.00 0.00 0.00 0.00 0.00 0.00 0.00 0.00 0.00 0.00 0.08 0.21 0.31 0.39 0.43 0.46 0.46 0.45 0.42 0.37 0.32 0.25 0.17 0.10 0.04 0.00 0.00 0.00 0.00 0.00 0.00 0.00 0.00 0.00 0.00 0.02 0.04 0.07 0.10 0.13 0.17 0.21 0.26 0.32 0.38 0.44 0.51 0.59 0.67 0.77 0.88 1.02 1.17 1.33
1.62 1.79 1.94 2.07 2.17 2.23 2.28 2.30 2.29 2.27 2.22 2.15 2.06 1.95 1.82 1.67 1.50 1.33 1.17 1.00 0.84 0.68 0.53 0.38 0.23 0.10 0.00 0.00 0.00 0.00 0.00 0.00 0.00 0.00 0.00 0.00 0.00 0.00 0.00 0.00 0.10 0.22 0.31 0.38 0.43 0.45 0.44 0.42 0.38 0.32 0.25 0.17 0.10 0.03 0.00 0.00 0.00 0.00 0.00 0.00 0.00 0.00 0.00 0.00 0.00 0.00 0.03 0.05 0.09 0.13 0.17 0.22 0.28 0.34 0.41 0.49 0.56 0.65 0.76 0.88 1.03 1.18 1.36 1.54
1.68 1.85 2.01 2.14 2.24 2.31 2.36 2.37 2.37 2.34 2.29 2.22 2.13 2.02 1.89 1.74 1.57 1.40 1.24 1.07 0.91 0.75 0.59 0.44 0.30 0.16 0.04 0.00 0.00 0.00 0.00 0.00 0.00 0.00 0.00 0.00 0.00 0.00 0.00 0.00 0.11 0.22 0.31 0.38 0.41 0.42 0.41 0.38 0.32 0.26 0.18 0.09 0.02 0.00 0.00 0.00 0.00 0.00 0.00 0.00 0.00 0.00 0.00 0.00 0.00 0.00 0.01 0.04 0.08 0.12 0.18 0.23 0.30 0.37 0.45 0.53 0.62 0.73 0.87 1.01 1.18 1.36 1.56 1.76
1.71 1.89 2.05 2.18 2.29 2.37 2.42 2.44 2.43 2.41 2.36 2.29 2.20 2.08 1.95 1.80 1.63 1.47 1.30 1.14 0.97 0.81 0.66 0.51 0.36 0.23 0.11 0.01 0.00 0.00 0.00 0.00 0.00 0.00 0.00 0.00 0.00 0.00 0.00 0.02 0.12 0.23 0.31 0.36 0.39 0.39 0.37 0.32 0.26 0.18 0.09 0.01 0.00 0.00 0.00 0.00 0.00 0.00 0.00 0.00 0.00 0.00 0.00 0.00 0.00 0.00 0.00 0.02 0.07 0.12 0.18 0.24 0.31 0.39 0.48 0.58 0.69 0.83 0.99 1.16 1.35 1.55 1.76 1.99
1.73 1.90 2.06 2.20 2.31 2.40 2.46 2.49 2.48 2.46 2.41 2.34 2.25 2.14 2.00 1.85 1.69 1.52 1.36 1.19 1.03 0.87 0.71 0.57 0.43 0.30 0.19 0.10 0.01 0.00 0.00 0.00 0.00 0.00 0.00 0.00 0.00 0.00 0.00 0.04 0.13 0.23 0.30 0.35 0.36 0.35 0.31 0.26 0.18 0.09 0.01 0.00 0.00 0.00 0.00 0.00 0.00 0.00 0.00 0.00 0.00 0.00 0.00 0.00 0.00 0.00 0.00 0.00 0.05 0.11 0.18 0.25 0.33 0.42 0.52 0.64 0.78 0.94 1.12 1.31 1.52 1.74 1.98 2.22
1.72 1.90 2.05 2.19 2.31 2.40 2.47 2.51 2.52 2.50 2.45 2.38 2.29 2.18 2.05 1.90 1.73 1.57 1.41 1.24 1.08 0.92 0.77 0.63 0.50 0.38 0.28 0.19 0.10 0.04 0.00 0.00 0.00 0.00 0.00 0.00 0.00 0.00 0.00 0.06 0.14 0.23 0.30 0.33 0.33 0.30 0.25 0.18 0.10 0.02 0.00 0.00 0.00 0.00 0.00 0.00 0.00 0.00 0.00 0.00 0.00 0.00 0.00 0.00 0.00 0.00 0.00 0.00 0.04 0.10 0.17 0.26 0.34 0.45 0.57 0.71 0.88 1.06 1.26 1.47 1.70 1.94 2.19 2.45
1.69 1.86 2.02 2.16 2.28 2.38 2.46 2.51 2.53 2.52 2.48 2.41 2.32 2.21 2.08 1.93 1.77 1.61 1.45 1.29 1.13 0.97 0.83 0.69 0.57 0.46 0.36 0.27 0.20 0.13 0.08 0.03 0.00 0.00 0.00 0.00 0.00 0.00 0.03 0.09 0.16 0.23 0.28 0.30 0.29 0.25 0.18 0.10 0.03 0.00 0.00 0.00 0.00 0.00 0.00 0.00 0.00 0.00 0.00 0.00 0.00 0.00 0.00 0.00 0.00 0.00 0.00 0.00 0.02 0.09 0.17 0.26 0.36 0.48 0.63 0.80 0.98 1.19 1.41 1.64 1.89 2.15 2.41 2.69
1.64 1.81 1.96 2.10 2.23 2.34 2.42 2.48 2.51 2.52 2.49 2.42 2.34 2.23 2.10 1.96 1.80 1.64 1.48 1.32 1.17 1.02 0.88 0.76 0.65 0.54 0.45 0.36 0.29 0.23 0.17 0.13 0.09 0.06 0.04 0.03 0.03 0.04 0.07 0.11 0.17 0.23 0.27 0.27 0.24 0.18 0.11 0.04 0.00 0.00 0.00 0.00 0.00 0.00 0.00 0.00 0.00 0.00 0.00 0.00 0.00 0.00 0.00 0.00 0.00 0.00 0.00 0.00 0.00 0.08 0.16 0.27 0.39 0.53 0.70 0.89 1.10 1.32 1.56 1.82 2.08 2.35 2.64 2.92
1.56 1.72 1.88 2.02 2.15 2.26 2.35 2.42 2.47 2.48 2.47 2.42 2.34 2.24 2.12 1.97 1.82 1.66 1.50 1.35 1.20 1.07 0.94 0.83 0.72 0.62 0.53 0.45 0.38 0.32 0.26 0.22 0.18 0.15 0.13 0.11 0.11 0.11 0.12 0.14 0.18 0.23 0.25 0.23 0.19 0.12 0.06 0.00 0.00 0.00 0.00 0.00 0.00 0.00 0.00 0.00 0.00 0.00 0.00 0.00 0.00 0.00 0.00 0.00 0.00 0.00 0.00 0.00 0.00 0.06 0.16 0.28 0.43 0.60 0.79 1.00 1.22 1.47 1.72 1.99 2.27 2.56 2.86 3.16
1.45 1.61 1.77 1.91 2.04 2.16 2.26 2.34 2.39 2.42 2.42 2.39 2.33 2.23 2.11 1.97 1.82 1.67 1.52 1.38 1.24 1.12 1.00 0.89 0.79 0.70 0.61 0.54 0.47 0.41 0.35 0.31 0.27 0.23 0.21 0.19 0.17 0.17 0.17 0.17 0.20 0.22 0.22 0.19 0.14 0.08 0.02 0.00 0.00 0.00 0.00 0.00 0.00 0.00 0.00 0.00 0.00 0.00 0.00 0.00 0.00 0.00 0.00 0.00 0.00 0.00 0.00 0.00 0.00 0.04 0.16 0.31 0.48 0.67 0.88 1.11 1.35 1.61 1.89 2.17 2.46 2.77 3.07 3.39
1.32 1.48 1.63 1.78 1.91 2.03 2.14 2.22 2.29 2.33 2.35 2.33 2.29 2.21 2.10 1.97 1.82 1.67 1.53 1.40 1.28 1.16 1.05 0.95 0.86 0.77 0.69 0.62 0.55 0.49 0.44 0.39 0.35 0.31 0.28 0.26 0.24 0.22 0.21 0.21 0.21 0.22 0.20 0.16 0.11 0.06 0.01 0.00 0.00 0.00 0.00 0.00 0.00 0.00 0.00 0.00 0.00 0.00 0.00 0.00 0.00 0.00 0.00 0.00 0.00 0.00 0.00 0.00 0.00 0.04 0.18 0.35 0.54 0.75 0.98 1.22 1.49 1.76 2.05 2.35 2.66 2.97 3.29 3.61
1.17 1.32 1.47 1.61 1.75 1.87 1.98 2.08 2.16 2.21 2.24 2.24 2.22 2.16 2.07 1.94 1.80 1.67 1.54 1.42 1.31 1.20 1.10 1.01 0.92 0.84 0.76 0.69 0.63 0.57 0.52 0.47 0.42 0.38 0.35 0.32 0.29 0.27 0.25 0.23 0.22 0.21 0.18 0.15 0.11 0.07 0.02 0.00 0.00 0.00 0.00 0.00 0.00 0.00 0.00 0.00 0.00 0.00 0.00 0.00 0.00 0.00 0.00 0.00 0.00 0.00 0.00 0.00 0.00 0.04 0.20 0.39 0.60 0.83 1.08 1.34 1.62 1.91 2.21 2.52 2.84 3.17 3.50 3.83
0.99 1.14 1.29 1.43 1.57 1.69 1.81 1.91 2.00 2.06 2.11 2.13 2.12 2.08 2.01 1.91 1.78 1.66 1.55 1.44 1.34 1.24 1.15 1.06 0.98 0.90 0.83 0.76 0.70 0.64 0.59 0.54 0.49 0.44 0.40 0.37 0.33 0.30 0.27 0.25 0.22 0.21 0.19 0.16 0.13 0.09 0.05 0.00 0.00 0.00 0.00 0.00 0.00 0.00 0.00 0.00 0.00 0.00 0.00 0.00 0.00 0.00 0.00 0.00 0.00 0.00 0.00 0.00 0.00 0.05 0.23 0.44 0.67 0.91 1.18 1.46 1.75 2.05 2.37 2.69 3.02 3.35 3.69 4.03
0.83 0.97 1.11 1.25 1.39 1.52 1.64 1.74 1.84 1.91 1.97 2.00 2.01 1.99 1.94 1.86 1.76 1.66 1.55 1.46 1.36 1.27 1.19 1.11 1.03 0.96 0.89 0.83 0.76 0.71 0.65 0.60 0.55 0.50 0.45 0.41 0.37 0.33 0.29 0.25 0.22 0.21 0.19 0.17 0.15 0.11 0.08 0.03 0.00 0.00 0.00 0.00 0.00 0.00 0.00 0.00 0.00 0.00 0.00 0.00 0.00 0.00 0.00 0.00 0.00 0.00 0.00 0.00 0.00 0.03 0.24 0.47 0.71 0.98 1.26 1.55 1.86 2.18 2.50 2.84 3.18 3.52 3.87 4.21
0.67 0.81 0.94 1.08 1.21 1.34 1.46 1.58 1.68 1.76 1.83 1.87 1.90 1.89 1.86 1.81 1.73 1.64 1.56 1.47 1.38 1.30 1.23 1.15 1.08 1.01 0.95 0.88 0.82 0.76 0.70 0.65 0.59 0.54 0.49 0.44 0.39 0.34 0.29 0.25 0.22 0.20 0.19 0.17 0.16 0.13 0.10 0.06 0.02 0.00 0.00 0.00 0.00 0.00 0.00 0.00 0.00 0.00 0.00 0.00 0.00 0.00 0.00 0.00 0.00 0.00 0.00 0.00 0.00 0.00 0.22 0.47 0.74 1.02 1.32 1.63 1.95 2.28 2.62 2.97 3.32 3.67 4.02 4.37
0.53 0.65 0.78 0.91 1.04 1.17 1.30 1.41 1.52 1.61 1.68 1.74 1.78 1.79 1.78 1.74 1.69 1.62 1.55 1.48 1.40 1.33 1.26 1.19 1.12 1.06 0.99 0.93 0.87 0.81 0.75 0.69 0.63 0.57 0.51 0.45 0.40 0.34 0.29 0.24 0.22 0.20 0.19 0.17 0.16 0.14 0.11 0.08 0.04 0.00 0.00 0.00 0.00 0.00 0.00 0.00 0.00 0.00 0.00 0.00 0.00 0.00 0.00 0.00 0.00 0.00 0.00 0.00 0.00 0.00 0.19 0.46 0.74 1.04 1.36 1.68 2.02 2.36 2.72 3.07 3.43 3.80 4.16 4.52
0.41 0.52 0.64 0.76 0.89 1.01 1.13 1.25 1.36 1.46 1.54 1.61 1.66 1.68 1.69 1.67 1.63 1.59 1.54 1.48 1.42 1.35 1.29 1.22 1.16 1.10 1.03 0.97 0.91 0.85 0.78 0.72 0.66 0.59 0.53 0.46 0.39 0.33 0.28 0.24 0.21 0.20 0.18 0.17 0.16 0.14 0.12 0.10 0.07 0.03 0.00 0.00 0.00 0.00 0.00 0.00 0.00 0.00 0.00 0.00 0.00 0.00 0.00 0.00 0.00 0.00 0.00 0.00 0.00 0.00 0.15 0.43 0.73 1.05 1.38 1.72 2.07 2.43 2.80 3.16 3.54 3.91 4.28 4.65
0.30 0.40 0.50 0.62 0.74 0.86 0.98 1.09 1.20 1.31 1.40 1.47 1.53 1.57 1.60 1.59 1.57 1.55 1.51 1.47 1.42 1.37 1.31 1.25 1.19 1.13 1.07 1.00 0.94 0.88 0.81 0.74 0.67 0.60 0.53 0.45 0.38 0.32 0.27 0.24 0.21 0.20 0.18 0.17 0.15 0.14 0.12 0.11 0.08 0.05 0.01 0.00 0.00 0.00 0.00 0.00 0.00 0.00 0.00 0.00 0.00 0.00 0.00 0.00 0.00 0.00 0.00 0.00 0.00 0.00 0.12 0.39 0.70 1.04 1.39 1.74 2.11 2.48 2.86 3.24 3.62 4.01 4.39 4.76
0.21 0.29 0.39 0.49 0.60 0.72 0.83 0.95 1.06 1.16 1.25 1.34 1.41 1.46 1.50 1.51 1.51 1.50 1.48 1.45 1.42 1.37 1.32 1.27 1.21 1.15 1.09 1.03 0.96 0.89 0.82 0.75 0.68 0.60 0.52 0.44 0.37 0.32 0.27 0.23 0.21 0.19 0.18 0.16 0.15 0.14 0.12 0.11 0.09 0.06 0.03 0.00 0.00 0.00 0.00 0.00 0.00 0.00 0.00 0.00 0.00 0.00 0.00 0.00 0.00 0.00 0.00 0.00 0.00 0.00 0.11 0.37 0.67 1.02 1.38 1.76 2.14 2.52 2.92 3.31 3.70 4.09 4.48 4.87
