data_processed/recharge/precip/Precip_1992_12.asc
ncols        168
nrows        136
xllcorner    455000
yllcorner    2107000
cellsize     500
NODATA_value     -99999
[rows 70 to 104 of 136, columns 0 to 78 of 168]
13.41 13.88 14.34 14.79 15.22 15.64 16.04 16.43 16.81 17.16 17.50 17.83 18.13 18.42 18.70 18.95 19.18 19.40 19.59 19.77 19.93 20.06 20.18 20.27 20.34 20.39 20.42 20.42 20.41 20.36 20.29 20.20 20.08 19.94 19.77 19.58 19.38 19.15 18.92 18.66 18.40 18.12 17.83 17.53 17.22 16.91 16.60 16.28 15.96 15.63 15.31 14.98 14.66 14.33 14.00 13.67 13.35 13.02 12.70 12.38 12.06 11.75 11.44 11.14 10.84 10.54 10.26 9.98 9.70 9.43 9.18 8.93 8.69 8.45 8.23 8.02 7.82 7.64 7.46
13.18 13.66 14.12 14.57 15.01 15.43 15.84 16.23 16.61 16.97 17.32 17.65 17.96 18.26 18.54 18.80 19.04 19.26 19.47 19.66 19.82 19.97 20.10 20.20 20.29 20.35 20.39 20.41 20.40 20.37 20.32 20.24 20.14 20.01 19.86 19.68 19.49 19.28 19.05 18.81 18.56 18.29 18.01 17.73 17.44 17.15 16.85 16.54 16.24 15.92 15.61 15.30 14.98 14.66 14.34 14.02 13.70 13.39 13.07 12.75 12.44 12.13 11.83 11.52 11.23 10.93 10.64 10.36 10.09 9.82 9.55 9.30 9.05 8.82 8.59 8.37 8.17 7.97 7.78
12.94 13.42 13.88 14.34 14.78 15.20 15.61 16.01 16.39 16.76 17.11 17.45 17.77 18.07 18.36 18.63 18.88 19.11 19.33 19.52 19.70 19.86 19.99 20.11 20.21 20.28 20.33 20.36 20.37 20.36 20.32 20.26 20.17 20.05 19.92 19.75 19.57 19.38 19.17 18.94 18.70 18.45 18.19 17.92 17.65 17.37 17.08 16.79 16.50 16.20 15.90 15.59 15.29 14.98 14.67 14.36 14.04 13.73 13.42 13.11 12.80 12.50 12.19 11.89 11.59 11.30 11.01 10.73 10.45 10.18 9.91 9.65 9.40 9.16 8.93 8.70 8.49 8.28 8.08
12.69 13.17 13.64 14.09 14.53 14.96 15.38 15.78 16.16 16.54 16.89 17.24 17.56 17.87 18.16 18.44 18.70 18.94 19.16 19.37 19.56 19.72 19.87 20.00 20.10 20.19 20.25 20.30 20.32 20.32 20.30 20.25 20.17 20.08 19.95 19.81 19.64 19.46 19.26 19.05 18.82 18.59 18.34 18.09 17.84 17.57 17.30 17.03 16.74 16.46 16.17 15.87 15.58 15.28 14.97 14.67 14.37 14.06 13.75 13.45 13.14 12.84 12.54 12.24 11.94 11.65 11.36 11.07 10.79 10.52 10.25 9.99 9.73 9.48 9.24 9.01 8.78 8.57 8.36
12.43 12.91 13.38 13.84 14.28 14.71 15.13 15.53 15.92 16.30 16.66 17.01 17.34 17.65 17.95 18.24 18.50 18.75 18.98 19.20 19.39 19.57 19.73 19.86 19.98 20.08 20.15 20.21 20.24 20.26 20.25 20.21 20.16 20.07 19.97 19.83 19.68 19.52 19.33 19.14 18.93 18.71 18.49 18.25 18.01 17.76 17.50 17.24 16.97 16.70 16.42 16.14 15.85 15.56 15.26 14.97 14.67 14.37 14.07 13.76 13.46 13.16 12.86 12.56 12.27 11.97 11.68 11.40 11.11 10.83 10.56 10.29 10.03 9.77 9.53 9.29 9.05 8.83 8.61
12.16 12.64 13.11 13.57 14.01 14.45 14.87 15.27 15.67 16.05 16.41 16.76 17.10 17.42 17.73 18.02 18.29 18.55 18.79 19.01 19.21 19.40 19.56 19.71 19.84 19.95 20.03 20.10 20.15 20.17 20.17 20.15 20.11 20.05 19.95 19.84 19.70 19.55 19.38 19.21 19.02 18.82 18.61 18.39 18.17 17.93 17.69 17.44 17.18 16.92 16.65 16.38 16.10 15.81 15.53 15.24 14.95 14.65 14.36 14.06 13.76 13.46 13.16 12.87 12.57 12.27 11.98 11.69 11.41 11.12 10.85 10.57 10.31 10.04 9.79 9.54 9.30 9.06 8.84
11.89 12.37 12.83 13.29 13.74 14.17 14.59 15.00 15.40 15.78 16.15 16.51 16.85 17.17 17.49 17.78 18.06 18.32 18.57 18.80 19.01 19.20 19.38 19.54 19.67 19.79 19.89 19.97 20.03 20.06 20.08 20.07 20.04 19.99 19.92 19.82 19.70 19.56 19.42 19.26 19.09 18.90 18.71 18.51 18.30 18.08 17.85 17.61 17.37 17.12 16.86 16.59 16.32 16.05 15.77 15.49 15.20 14.91 14.62 14.33 14.03 13.73 13.44 13.14 12.84 12.55 12.26 11.96 11.67 11.39 11.11 10.83 10.55 10.28 10.02 9.76 9.51 9.27 9.03
11.60 12.08 12.55 13.00 13.45 13.89 14.31 14.72 15.12 15.51 15.88 16.24 16.58 16.91 17.23 17.53 17.81 18.08 18.34 18.57 18.79 18.99 19.18 19.34 19.49 19.62 19.73 19.82 19.88 19.93 19.96 19.97 19.95 19.91 19.85 19.77 19.67 19.55 19.43 19.29 19.13 18.97 18.79 18.61 18.41 18.20 17.99 17.76 17.53 17.29 17.04 16.79 16.53 16.26 15.99 15.71 15.43 15.15 14.86 14.57 14.28 13.98 13.69 13.39 13.09 12.80 12.50 12.21 11.91 11.62 11.34 11.05 10.77 10.49 10.22 9.96 9.70 9.44 9.19
11.31 11.78 12.25 12.71 13.15 13.59 14.02 14.43 14.83 15.22 15.59 15.95 16.30 16.64 16.96 17.26 17.55 17.83 18.09 18.33 18.56 18.77 18.96 19.13 19.29 19.43 19.54 19.64 19.72 19.78 19.82 19.84 19.84 19.81 19.76 19.70 19.62 19.52 19.42 19.29 19.16 19.01 18.85 18.68 18.50 18.30 18.10 17.89 17.67 17.44 17.20 16.96 16.70 16.44 16.18 15.91 15.63 15.35 15.07 14.78 14.49 14.20 13.91 13.61 13.31 13.01 12.72 12.42 12.12 11.83 11.54 11.25 10.96 10.67 10.39 10.12 9.85 9.58 9.33
11.02 11.49 11.96 12.41 12.86 13.29 13.72 14.13 14.54 14.93 15.30 15.67 16.02 16.36 16.68 16.99 17.29 17.57 17.83 18.08 18.32 18.53 18.73 18.91 19.08 19.22 19.35 19.46 19.55 19.62 19.67 19.70 19.71 19.70 19.66 19.61 19.54 19.47 19.38 19.28 19.16 19.03 18.88 18.73 18.56 18.38 18.19 17.99 17.78 17.56 17.34 17.10 16.86 16.61 16.35 16.08 15.81 15.54 15.26 14.98 14.69 14.40 14.10 13.81 13.51 13.21 12.91 12.61 12.31 12.01 11.71 11.42 11.12 10.83 10.54 10.26 9.98 9.70 9.43
10.73 11.20 11.67 12.12 12.57 13.00 13.43 13.84 14.24 14.63 15.01 15.38 15.74 16.08 16.40 16.72 17.02 17.30 17.57 17.83 18.07 18.29 18.50 18.69 18.86 19.01 19.15 19.27 19.37 19.45 19.51 19.55 19.57 19.57 19.54 19.50 19.45 19.39 19.32 19.24 19.14 19.03 18.90 18.76 18.60 18.44 18.26 18.08 17.88 17.67 17.45 17.23 16.99 16.75 16.50 16.24 15.97 15.70 15.43 15.15 14.86 14.57 14.28 13.98 13.69 13.38 13.08 12.78 12.48 12.17 11.87 11.57 11.27 10.97 10.67 10.38 10.09 9.80 9.52
10.45 10.92 11.38 11.83 12.28 12.71 13.14 13.55 13.95 14.35 14.73 15.10 15.45 15.80 16.13 16.44 16.75 17.04 17.31 17.57 17.82 18.05 18.26 18.45 18.63 18.80 18.94 19.07 19.18 19.27 19.34 19.39 19.42 19.43 19.41 19.38 19.35 19.30 19.25 19.18 19.10 19.00 18.89 18.77 18.63 18.48 18.31 18.14 17.95 17.75 17.55 17.33 17.10 16.87 16.62 16.37 16.11 15.85 15.58 15.30 15.02 14.73 14.44 14.14 13.84 13.54 13.24 12.93 12.62 12.32 12.01 11.70 11.39 11.09 10.78 10.48 10.18 9.89 9.59
10.17 10.64 11.10 11.55 11.99 12.43 12.85 13.26 13.67 14.06 14.44 14.81 15.17 15.51 15.85 16.17 16.47 16.77 17.05 17.31 17.56 17.80 18.01 18.22 18.40 18.57 18.73 18.86 18.98 19.08 19.16 19.22 19.26 19.28 19.27 19.25 19.23 19.19 19.15 19.10 19.04 18.96 18.86 18.76 18.63 18.49 18.34 18.18 18.01 17.82 17.62 17.42 17.20 16.97 16.73 16.49 16.24 15.98 15.71 15.43 15.15 14.87 14.58 14.28 13.98 13.68 13.37 13.07 12.75 12.44 12.13 11.82 11.50 11.19 10.88 10.57 10.26 9.95 9.65
9.91 10.37 10.83 11.27 11.71 12.14 12.57 12.98 13.38 13.77 14.16 14.53 14.89 15.23 15.57 15.89 16.20 16.50 16.78 17.05 17.30 17.54 17.77 17.98 18.17 18.35 18.51 18.65 18.77 18.88 18.97 19.04 19.09 19.12 19.12 19.11 19.10 19.08 19.05 19.01 18.96 18.90 18.82 18.73 18.62 18.49 18.36 18.21 18.05 17.87 17.68 17.48 17.28 17.06 16.83 16.59 16.34 16.09 15.82 15.55 15.27 14.99 14.70 14.41 14.11 13.80 13.49 13.18 12.87 12.55 12.24 11.92 11.60 11.28 10.96 10.64 10.32 10.00 9.69
9.65 10.11 10.56 11.00 11.44 11.87 12.29 12.70 13.10 13.49 13.87 14.24 14.60 14.95 15.29 15.61 15.93 16.23 16.51 16.78 17.04 17.29 17.52 17.73 17.93 18.11 18.28 18.43 18.56 18.68 18.77 18.85 18.91 18.95 18.96 18.96 18.96 18.95 18.93 18.90 18.87 18.82 18.76 18.68 18.59 18.48 18.36 18.22 18.07 17.90 17.73 17.54 17.34 17.13 16.90 16.67 16.43 16.18 15.92 15.65 15.38 15.10 14.81 14.51 14.21 13.91 13.60 13.29 12.97 12.65 12.33 12.00 11.67 11.35 11.02 10.69 10.36 10.04 9.71
9.40 9.85 10.30 10.74 11.17 11.60 12.01 12.42 12.82 13.21 13.59 13.96 14.32 14.67 15.01 15.34 15.65 15.95 16.24 16.52 16.78 17.03 17.26 17.48 17.69 17.88 18.05 18.20 18.34 18.47 18.57 18.66 18.73 18.77 18.80 18.81 18.81 18.81 18.80 18.79 18.76 18.73 18.68 18.62 18.54 18.45 18.34 18.21 18.07 17.92 17.75 17.58 17.38 17.18 16.97 16.74 16.51 16.26 16.01 15.74 15.47 15.19 14.90 14.61 14.31 14.00 13.69 13.37 13.05 12.73 12.40 12.07 11.74 11.40 11.07 10.73 10.39 10.06 9.72
9.15 9.60 10.04 10.48 10.91 11.33 11.75 12.15 12.55 12.94 13.32 13.69 14.05 14.40 14.74 15.06 15.38 15.68 15.97 16.25 16.52 16.77 17.01 17.23 17.44 17.63 17.81 17.98 18.12 18.25 18.36 18.46 18.53 18.59 18.62 18.64 18.65 18.66 18.66 18.66 18.65 18.63 18.59 18.54 18.48 18.40 18.30 18.19 18.07 17.92 17.77 17.60 17.42 17.22 17.01 16.80 16.57 16.33 16.08 15.82 15.55 15.27 14.98 14.69 14.39 14.08 13.77 13.45 13.13 12.80 12.47 12.13 11.79 11.45 11.11 10.76 10.41 10.07 9.72
8.92 9.36 9.80 10.23 10.66 11.07 11.49 11.89 12.28 12.67 13.05 13.42 13.77 14.12 14.46 14.79 15.11 15.41 15.70 15.98 16.25 16.51 16.75 16.98 17.19 17.39 17.57 17.74 17.90 18.03 18.15 18.25 18.33 18.40 18.44 18.46 18.49 18.50 18.52 18.52 18.52 18.51 18.49 18.46 18.41 18.34 18.26 18.16 18.04 17.91 17.77 17.61 17.44 17.25 17.05 16.84 16.61 16.38 16.13 15.88 15.61 15.34 15.05 14.76 14.46 14.15 13.84 13.52 13.19 12.86 12.52 12.18 11.83 11.48 11.13 10.78 10.42 10.07 9.71
8.69 9.13 9.56 9.99 10.41 10.82 11.23 11.63 12.02 12.41 12.78 13.15 13.50 13.85 14.19 14.52 14.83 15.14 15.43 15.72 15.99 16.25 16.49 16.72 16.94 17.14 17.33 17.51 17.67 17.81 17.93 18.04 18.13 18.20 18.25 18.28 18.31 18.34 18.36 18.38 18.39 18.39 18.38 18.36 18.32 18.27 18.20 18.12 18.01 17.89 17.76 17.61 17.45 17.27 17.07 16.87 16.65 16.42 16.18 15.93 15.67 15.39 15.11 14.82 14.52 14.21 13.89 13.57 13.24 12.90 12.56 12.21 11.86 11.51 11.15 10.79 10.42 10.06 9.69
8.48 8.91 9.34 9.76 10.17 10.58 10.98 11.38 11.77 12.15 12.52 12.88 13.24 13.59 13.92 14.25 14.57 14.87 15.17 15.45 15.72 15.98 16.23 16.46 16.69 16.89 17.09 17.27 17.43 17.58 17.71 17.83 17.92 18.00 18.06 18.10 18.13 18.17 18.20 18.23 18.25 18.26 18.26 18.25 18.23 18.19 18.13 18.06 17.97 17.86 17.74 17.60 17.44 17.27 17.09 16.89 16.68 16.45 16.22 15.97 15.71 15.44 15.16 14.87 14.57 14.26 13.94 13.61 13.28 12.94 12.59 12.24 11.89 11.52 11.16 10.79 10.41 10.04 9.66
8.28 8.70 9.12 9.53 9.94 10.35 10.74 11.13 11.52 11.90 12.26 12.63 12.98 13.32 13.66 13.98 14.30 14.61 14.90 15.19 15.46 15.72 15.97 16.21 16.43 16.65 16.84 17.03 17.20 17.35 17.49 17.61 17.71 17.80 17.86 17.91 17.95 18.00 18.04 18.07 18.10 18.12 18.14 18.14 18.12 18.10 18.06 17.99 17.92 17.82 17.71 17.58 17.43 17.27 17.09 16.90 16.70 16.48 16.25 16.00 15.75 15.48 15.20 14.91 14.61 14.30 13.98 13.65 13.31 12.97 12.62 12.26 11.90 11.53 11.16 10.78 10.40 10.01 9.62
8.09 8.50 8.91 9.32 9.72 10.12 10.51 10.90 11.28 11.65 12.02 12.37 12.72 13.07 13.40 13.72 14.04 14.34 14.64 14.92 15.20 15.46 15.71 15.95 16.18 16.40 16.60 16.79 16.96 17.12 17.27 17.39 17.50 17.59 17.66 17.71 17.76 17.82 17.86 17.91 17.95 17.98 18.00 18.01 18.01 18.00 17.97 17.92 17.86 17.77 17.67 17.55 17.41 17.26 17.09 16.91 16.71 16.49 16.27 16.03 15.77 15.51 15.23 14.94 14.64 14.33 14.01 13.68 13.34 12.99 12.64 12.28 11.91 11.53 11.15 10.76 10.37 9.98 9.58
7.91 8.31 8.72 9.12 9.51 9.90 10.29 10.67 11.04 11.41 11.77 12.13 12.47 12.81 13.14 13.47 13.78 14.08 14.38 14.66 14.94 15.20 15.46 15.70 15.93 16.15 16.36 16.55 16.73 16.89 17.04 17.17 17.28 17.38 17.45 17.51 17.57 17.63 17.69 17.74 17.79 17.83 17.86 17.88 17.90 17.89 17.87 17.84 17.79 17.72 17.62 17.51 17.39 17.24 17.08 16.90 16.71 16.50 16.28 16.05 15.79 15.53 15.26 14.97 14.67 14.36 14.03 13.70 13.36 13.01 12.65 12.28 11.91 11.53 11.14 10.74 10.34 9.94 9.53
7.74 8.14 8.53 8.93 9.31 9.70 10.08 10.45 10.82 11.18 11.54 11.89 12.23 12.57 12.90 13.22 13.53 13.83 14.12 14.41 14.68 14.95 15.20 15.45 15.68 15.91 16.12 16.31 16.50 16.66 16.82 16.95 17.07 17.17 17.25 17.31 17.38 17.44 17.51 17.57 17.63 17.68 17.72 17.75 17.77 17.78 17.77 17.75 17.71 17.65 17.57 17.47 17.36 17.22 17.07 16.90 16.71 16.51 16.29 16.06 15.81 15.55 15.28 14.99 14.69 14.38 14.05 13.72 13.38 13.02 12.66 12.29 11.91 11.52 11.12 10.72 10.31 9.89 9.47
7.58 7.97 8.36 8.74 9.12 9.50 9.87 10.24 10.60 10.96 11.31 11.66 12.00 12.33 12.65 12.97 13.28 13.58 13.87 14.15 14.43 14.70 14.95 15.20 15.44 15.67 15.88 16.08 16.26 16.44 16.59 16.73 16.85 16.96 17.04 17.11 17.18 17.26 17.33 17.40 17.46 17.52 17.57 17.61 17.64 17.66 17.67 17.66 17.63 17.58 17.52 17.43 17.32 17.19 17.05 16.88 16.70 16.51 16.30 16.07 15.82 15.57 15.29 15.01 14.71 14.40 14.07 13.74 13.39 13.03 12.66 12.29 11.90 11.51 11.10 10.69 10.27 9.85 9.42
7.44 7.82 8.20 8.58 8.95 9.32 9.68 10.04 10.40 10.75 11.09 11.43 11.77 12.10 12.42 12.73 13.04 13.33 13.62 13.91 14.18 14.45 14.71 14.96 15.20 15.43 15.64 15.85 16.03 16.21 16.37 16.51 16.64 16.74 16.83 16.91 16.99 17.07 17.14 17.22 17.29 17.36 17.42 17.47 17.51 17.54 17.55 17.55 17.54 17.51 17.45 17.38 17.28 17.16 17.02 16.87 16.70 16.50 16.30 16.07 15.83 15.58 15.31 15.02 14.72 14.41 14.09 13.75 13.40 13.04 12.67 12.28 11.89 11.49 11.08 10.66 10.23 9.80 9.36
7.32 7.69 8.05 8.42 8.78 9.14 9.50 9.85 10.20 10.55 10.89 11.22 11.55 11.87 12.19 12.50 12.80 13.09 13.38 13.67 13.95 14.21 14.47 14.73 14.97 15.20 15.41 15.62 15.81 15.99 16.15 16.29 16.42 16.54 16.63 16.71 16.79 16.87 16.96 17.04 17.12 17.19 17.26 17.32 17.37 17.41 17.44 17.45 17.44 17.42 17.38 17.32 17.24 17.13 17.00 16.85 16.68 16.50 16.30 16.08 15.84 15.59 15.32 15.04 14.74 14.43 14.10 13.76 13.41 13.04 12.67 12.28 11.88 11.48 11.06 10.63 10.20 9.75 9.30
7.20 7.56 7.92 8.28 8.63 8.98 9.33 9.68 10.02 10.35 10.69 11.01 11.34 11.65 11.97 12.27 12.57 12.87 13.15 13.44 13.72 13.98 14.24 14.50 14.74 14.97 15.19 15.39 15.59 15.77 15.93 16.08 16.21 16.33 16.42 16.51 16.60 16.68 16.77 16.86 16.95 17.03 17.10 17.17 17.23 17.28 17.32 17.34 17.35 17.34 17.31 17.26 17.19 17.09 16.97 16.83 16.67 16.49 16.30 16.08 15.85 15.60 15.33 15.05 14.75 14.44 14.11 13.77 13.42 13.05 12.67 12.28 11.87 11.46 11.04 10.60 10.16 9.70 9.24
7.11 7.46 7.80 8.15 8.49 8.83 9.17 9.51 9.84 10.17 10.50 10.82 11.14 11.45 11.75 12.05 12.35 12.65 12.93 13.22 13.49 13.76 14.02 14.27 14.52 14.75 14.97 15.18 15.37 15.55 15.72 15.87 16.00 16.12 16.22 16.31 16.40 16.49 16.59 16.68 16.77 16.86 16.95 17.02 17.09 17.15 17.19 17.23 17.24 17.24 17.23 17.19 17.13 17.05 16.95 16.81 16.66 16.49 16.30 16.08 15.86 15.61 15.34 15.06 14.77 14.45 14.13 13.78 13.43 13.06 12.67 12.28 11.87 11.45 11.02 10.57 10.12 9.66 9.19
7.03 7.36 7.70 8.03 8.37 8.70 9.03 9.36 9.68 10.00 10.32 10.63 10.94 11.25 11.55 11.85 12.15 12.44 12.72 13.01 13.28 13.55 13.81 14.06 14.30 14.53 14.76 14.96 15.16 15.34 15.51 15.66 15.80 15.92 16.03 16.12 16.21 16.31 16.41 16.51 16.60 16.70 16.79 16.87 16.95 17.01 17.07 17.11 17.14 17.15 17.14 17.12 17.07 17.01 16.91 16.79 16.65 16.48 16.30 16.09 15.86 15.62 15.36 15.08 14.78 14.47 14.14 13.80 13.44 13.07 12.68 12.28 11.86 11.44 11.00 10.55 10.09 9.62 9.13
6.96 7.29 7.61 7.93 8.26 8.58 8.90 9.22 9.53 9.84 10.15 10.46 10.76 11.06 11.36 11.66 11.95 12.24 12.53 12.81 13.08 13.35 13.61 13.86 14.10 14.33 14.55 14.76 14.96 15.14 15.31 15.46 15.60 15.73 15.83 15.93 16.02 16.12 16.23 16.33 16.43 16.53 16.63 16.72 16.80 16.88 16.94 16.99 17.03 17.05 17.06 17.04 17.01 16.96 16.88 16.77 16.64 16.48 16.30 16.10 15.88 15.64 15.38 15.10 14.80 14.49 14.16 13.82 13.45 13.08 12.69 12.28 11.86 11.43 10.98 10.53 10.06 9.58 9.09
6.92 7.23 7.54 7.85 8.16 8.47 8.78 9.09 9.40 9.70 10.00 10.30 10.59 10.89 11.19 11.48 11.77 12.06 12.34 12.62 12.89 13.15 13.41 13.66 13.90 14.13 14.35 14.56 14.76 14.95 15.12 15.27 15.41 15.54 15.64 15.74 15.84 15.94 16.05 16.16 16.27 16.37 16.47 16.57 16.66 16.74 16.82 16.88 16.92 16.95 16.97 16.97 16.95 16.90 16.84 16.74 16.63 16.48 16.31 16.11 15.89 15.66 15.40 15.12 14.83 14.52 14.19 13.84 13.47 13.09 12.70 12.29 11.87 11.43 10.97 10.51 10.03 9.54 9.04
6.89 7.18 7.48 7.78 8.08 8.38 8.68 8.98 9.27 9.57 9.86 10.15 10.44 10.73 11.02 11.31 11.60 11.88 12.17 12.44 12.71 12.97 13.23 13.48 13.72 13.95 14.17 14.38 14.57 14.76 14.93 15.09 15.23 15.35 15.46 15.56 15.66 15.77 15.88 15.99 16.10 16.21 16.32 16.42 16.52 16.61 16.69 16.76 16.81 16.86 16.88 16.89 16.88 16.85 16.79 16.71 16.61 16.48 16.32 16.13 15.92 15.68 15.43 15.15 14.86 14.55 14.21 13.87 13.50 13.12 12.72 12.30 11.87 11.43 10.97 10.50 10.01 9.52 9.00
6.87 7.16 7.44 7.73 8.02 8.31 8.59 8.88 9.16 9.45 9.73 10.02 10.30 10.59 10.88 11.16 11.45 11.73 12.01 12.28 12.54 12.81 13.06 13.31 13.54 13.77 13.99 14.20 14.40 14.58 14.75 14.91 15.05 15.18 15.29 15.38 15.49 15.60 15.71 15.83 15.94 16.06 16.17 16.28 16.38 16.48 16.57 16.64 16.71 16.76 16.79 16.81 16.81 16.79 16.75 16.68 16.59 16.47 16.33 16.15 15.94 15.71 15.46 15.19 14.89 14.58 14.25 13.90 13.53 13.15 12.75 12.33 11.89 11.44 10.98 10.50 10.00 9.50 8.98
6.88 7.15 7.42 7.70 7.97 8.25 8.52 8.79 9.07 9.34 9.62 9.90 10.19 10.47 10.75 11.03 11.31 11.59 11.86 12.13 12.39 12.65 12.90 13.15 13.38 13.61 13.83 14.03 14.23 14.41 14.58 14.74 14.88 15.01 15.12 15.22 15.32 15.43 15.55 15.67 15.79 15.91 16.03 16.14 16.25 16.35 16.44 16.53 16.60 16.66 16.70 16.73 16.74 16.73 16.70 16.65 16.57 16.46 16.33 16.17 15.97 15.75 15.50 15.23 14.94 14.63 14.29 13.94 13.57 13.19 12.78 12.36 11.92 11.46 10.99 10.50 10.00 9.48 8.95
