data_processed/recharge/precip/Precip_1997_10.asc
ncols        168
nrows        136
xllcorner    455000
yllcorner    2107000
cellsize     500
NODATA_value     -99999
[rows 102 to 135 of 136, columns 77 to 153 of 168]
28.74 26.93 25.13 23.38 21.78 20.42 19.28 18.35 17.63 17.10 16.76 16.59 16.59 16.75 17.05 17.49 18.06 18.78 19.68 20.75 21.98 23.34 24.79 26.02 26.64 26.66 26.12 25.05 23.51 21.74 19.97 18.23 16.56 14.98 13.51 12.19 11.02 10.05 9.29 8.78 8.53 8.56 8.90 9.51 10.37 11.45 12.75 14.24 15.89 17.61 19.37 21.13 22.88 24.57 26.20 27.78 29.30 30.77 32.16 33.49 34.74 35.92 37.00 38.00 38.90 39.71 40.40 41.02 41.61 42.23 42.91 43.67 44.54 45.50 46.45 47.36 48.21
28.15 26.39 24.67 23.10 21.74 20.60 19.66 18.91 18.35 17.96 17.73 17.66 17.73 17.94 18.27 18.72 19.27 19.92 20.69 21.61 22.67 23.85 25.12 26.14 26.54 26.31 25.48 24.13 22.51 20.84 19.17 17.53 15.94 14.43 13.01 11.73 10.60 9.65 8.90 8.38 8.11 8.12 8.43 9.05 9.94 11.07 12.43 13.99 15.71 17.50 19.32 21.15 22.96 24.72 26.42 28.08 29.68 31.22 32.69 34.08 35.40 36.64 37.79 38.85 39.81 40.66 41.42 42.05 42.60 43.13 43.71 44.35 45.08 45.89 46.69 47.43 48.11
27.52 25.85 24.31 22.98 21.84 20.90 20.15 19.56 19.14 18.86 18.73 18.74 18.87 19.11 19.45 19.89 20.41 21.01 21.67 22.42 23.28 24.26 25.31 26.10 26.24 25.73 24.63 23.21 21.70 20.16 18.60 17.06 15.56 14.13 12.79 11.56 10.47 9.55 8.81 8.30 8.02 8.01 8.30 8.90 9.81 10.99 12.41 14.04 15.84 17.71 19.60 21.50 23.37 25.19 26.97 28.69 30.35 31.94 33.47 34.91 36.28 37.57 38.76 39.86 40.86 41.76 42.55 43.22 43.77 44.22 44.67 45.17 45.74 46.39 47.01 47.57 48.06
26.87 25.39 24.09 22.99 22.06 21.31 20.71 20.27 19.97 19.80 19.75 19.81 19.97 20.22 20.56 20.97 21.44 21.97 22.53 23.14 23.80 24.54 25.35 25.88 25.74 24.95 23.79 22.50 21.14 19.74 18.31 16.88 15.48 14.14 12.87 11.71 10.67 9.79 9.08 8.58 8.31 8.29 8.55 9.12 10.01 11.23 12.71 14.43 16.31 18.26 20.23 22.20 24.12 25.99 27.81 29.58 31.28 32.92 34.48 35.96 37.37 38.68 39.90 41.03 42.05 42.97 43.77 44.46 45.03 45.47 45.81 46.14 46.54 46.99 47.41 47.76 48.10
26.31 25.07 24.00 23.11 22.37 21.78 21.34 21.02 20.82 20.73 20.73 20.83 21.01 21.26 21.58 21.94 22.34 22.78 23.23 23.70 24.18 24.67 25.21 25.46 25.04 24.20 23.19 22.08 20.88 19.62 18.33 17.03 15.74 14.49 13.31 12.22 11.24 10.41 9.74 9.27 9.01 8.99 9.24 9.78 10.64 11.85 13.38 15.17 17.15 19.18 21.22 23.22 25.18 27.09 28.94 30.74 32.46 34.12 35.71 37.21 38.63 39.96 41.19 42.33 43.36 44.28 45.09 45.77 46.34 46.77 47.07 47.26 47.46 47.70 47.90 48.08 48.32
25.88 24.87 24.02 23.31 22.75 22.31 21.98 21.77 21.65 21.62 21.68 21.80 21.97 22.20 22.47 22.77 23.08 23.41 23.74 24.06 24.36 24.63 24.88 24.85 24.39 23.73 22.92 21.99 20.96 19.86 18.71 17.54 16.37 15.23 14.14 13.14 12.23 11.46 10.84 10.40 10.16 10.16 10.41 10.94 11.77 12.93 14.45 16.31 18.38 20.47 22.54 24.57 26.54 28.47 30.34 32.14 33.88 35.54 37.13 38.64 40.06 41.38 42.61 43.74 44.76 45.67 46.46 47.13 47.67 48.08 48.36 48.49 48.51 48.52 48.53 48.61 48.76
25.48 24.69 24.03 23.51 23.09 22.79 22.58 22.45 22.41 22.43 22.50 22.63 22.79 22.98 23.19 23.40 23.62 23.82 24.01 24.16 24.27 24.33 24.35 24.27 24.01 23.56 22.96 22.22 21.37 20.43 19.44 18.41 17.37 16.35 15.37 14.45 13.63 12.92 12.36 11.97 11.76 11.78 12.03 12.56 13.37 14.51 15.99 17.85 19.97 22.09 24.17 26.20 28.18 30.10 31.97 33.77 35.50 37.15 38.73 40.22 41.62 42.93 44.14 45.24 46.23 47.11 47.87 48.51 49.02 49.39 49.62 49.71 49.65 49.50 49.39 49.37 49.43
24.42 23.86 23.43 23.09 22.85 22.70 22.62 22.60 22.64 22.73 22.85 23.00 23.16 23.33 23.50 23.65 23.78 23.88 23.94 23.94 23.89 23.77 23.67 23.66 23.59 23.36 22.96 22.41 21.73 20.97 20.12 19.24 18.33 17.43 16.55 15.73 14.99 14.35 13.85 13.49 13.32 13.36 13.62 14.14 14.94 16.05 17.50 19.44 21.74 23.90 25.97 28.00 29.97 31.88 33.74 35.52 37.23 38.87 40.42 41.89 43.26 44.54 45.71 46.78 47.74 48.58 49.30 49.89 50.35 50.67 50.85 50.89 50.78 50.57 50.38 50.26 50.22
22.29 22.01 21.83 21.73 21.71 21.74 21.83 21.97 22.14 22.33 22.54 22.75 22.96 23.15 23.31 23.45 23.54 23.57 23.54 23.44 23.26 23.07 22.95 22.93 22.93 22.88 22.67 22.31 21.81 21.20 20.51 19.76 18.97 18.18 17.40 16.67 16.01 15.43 14.98 14.66 14.52 14.57 14.83 15.34 16.12 17.21 18.74 20.90 23.43 25.77 27.87 29.89 31.84 33.74 35.57 37.33 39.02 40.62 42.15 43.58 44.92 46.16 47.29 48.32 49.23 50.02 50.69 51.23 51.63 51.90 52.02 52.01 51.87 51.63 51.40 51.19 51.06
19.24 19.23 19.35 19.53 19.76 20.03 20.33 20.66 21.00 21.34 21.67 21.99 22.28 22.54 22.75 22.90 22.99 23.00 22.93 22.77 22.54 22.34 22.21 22.17 22.16 22.17 22.13 21.94 21.61 21.16 20.61 19.99 19.32 18.64 17.95 17.30 16.71 16.19 15.78 15.50 15.38 15.43 15.70 16.19 16.95 18.12 19.87 22.25 24.98 27.53 29.80 31.83 33.76 35.63 37.44 39.17 40.82 42.39 43.88 45.27 46.57 47.76 48.85 49.82 50.68 51.42 52.03 52.51 52.85 53.05 53.12 53.08 52.92 52.66 52.39 52.15 51.94
15.65 15.68 16.09 16.59 17.12 17.67 18.22 18.78 19.34 19.87 20.37 20.84 21.26 21.62 21.91 22.13 22.26 22.29 22.22 22.04 21.81 21.59 21.46 21.41 21.38 21.38 21.39 21.35 21.18 20.88 20.46 19.97 19.41 18.83 18.23 17.66 17.13 16.66 16.29 16.04 15.93 15.99 16.24 16.72 17.58 18.96 20.92 23.49 26.40 29.13 31.59 33.77 35.71 37.55 39.32 41.01 42.62 44.15 45.59 46.93 48.18 49.32 50.35 51.27 52.07 52.74 53.29 53.70 53.97 54.12 54.16 54.10 53.92 53.64 53.36 53.09 52.84
11.82 11.71 12.21 13.03 13.90 14.77 15.62 16.46 17.26 18.03 18.74 19.40 19.98 20.49 20.91 21.23 21.45 21.54 21.48 21.30 21.06 20.84 20.70 20.64 20.61 20.59 20.58 20.59 20.55 20.39 20.10 19.73 19.28 18.79 18.28 17.77 17.30 16.88 16.54 16.31 16.21 16.26 16.51 17.09 18.15 19.74 21.89 24.61 27.67 30.56 33.19 35.54 37.62 39.46 41.18 42.83 44.39 45.87 47.25 48.54 49.73 50.81 51.78 52.63 53.36 53.97 54.44 54.78 55.00 55.12 55.15 55.07 54.87 54.58 54.28 54.00 53.73
7.84 7.60 8.04 9.00 10.21 11.44 12.63 13.79 14.89 15.93 16.90 17.78 18.58 19.28 19.87 20.33 20.66 20.80 20.75 20.57 20.33 20.10 19.96 19.89 19.84 19.81 19.79 19.78 19.77 19.73 19.57 19.31 18.96 18.56 18.12 17.68 17.26 16.88 16.57 16.35 16.25 16.31 16.65 17.43 18.70 20.47 22.78 25.64 28.81 31.83 34.59 37.10 39.34 41.29 43.00 44.60 46.11 47.53 48.85 50.08 51.20 52.21 53.11 53.89 54.54 55.07 55.47 55.75 55.94 56.05 56.07 55.98 55.78 55.47 55.16 54.86 54.58
3.75 3.43 3.82 4.79 6.20 7.80 9.38 10.89 12.33 13.68 14.95 16.11 17.16 18.09 18.88 19.53 19.94 20.09 20.04 19.86 19.62 19.39 19.24 19.16 19.10 19.05 19.02 18.99 18.97 18.95 18.89 18.74 18.48 18.16 17.80 17.41 17.04 16.69 16.40 16.20 16.10 16.26 16.80 17.78 19.23 21.16 23.59 26.55 29.82 32.94 35.81 38.44 40.81 42.91 44.72 46.29 47.74 49.09 50.35 51.51 52.55 53.49 54.31 55.01 55.58 56.03 56.36 56.62 56.81 56.92 56.93 56.83 56.62 56.31 55.99 55.69 55.39
0.00 0.00 0.00 0.64 2.14 3.99 5.96 7.87 9.69 11.41 13.01 14.48 15.83 17.03 18.06 18.82 19.24 19.40 19.35 19.17 18.93 18.70 18.55 18.46 18.40 18.34 18.28 18.24 18.20 18.16 18.13 18.05 17.89 17.65 17.34 17.01 16.68 16.36 16.08 15.89 15.90 16.25 16.99 18.15 19.74 21.80 24.33 27.37 30.70 33.89 36.85 39.57 42.04 44.25 46.19 47.85 49.27 50.55 51.73 52.81 53.77 54.63 55.36 55.98 56.46 56.84 57.16 57.42 57.60 57.70 57.71 57.62 57.40 57.10 56.78 56.47 56.16
0.00 0.00 0.00 0.00 0.00 0.24 2.52 4.85 7.09 9.21 11.19 13.02 14.70 16.20 17.37 18.15 18.59 18.75 18.71 18.53 18.29 18.06 17.90 17.81 17.74 17.67 17.60 17.54 17.48 17.42 17.36 17.31 17.21 17.04 16.79 16.51 16.21 15.91 15.66 15.56 15.76 16.31 17.22 18.53 20.24 22.39 25.00 28.09 31.45 34.68 37.69 40.48 43.03 45.33 47.37 49.14 50.62 51.86 52.96 53.95 54.83 55.60 56.24 56.76 57.18 57.55 57.86 58.12 58.31 58.41 58.42 58.33 58.12 57.82 57.50 57.19 56.89
0.00 0.00 0.00 0.00 0.00 0.00 0.00 1.95 4.64 7.20 9.60 11.83 13.87 15.54 16.74 17.53 17.98 18.15 18.12 17.94 17.71 17.47 17.31 17.22 17.14 17.06 16.98 16.90 16.82 16.74 16.66 16.58 16.49 16.37 16.18 15.94 15.66 15.39 15.24 15.34 15.73 16.44 17.50 18.92 20.73 22.95 25.60 28.70 32.08 35.32 38.36 41.18 43.78 46.14 48.26 50.11 51.68 52.97 54.02 54.92 55.70 56.37 56.91 57.36 57.78 58.15 58.47 58.73 58.93 59.04 59.06 58.97 58.77 58.48 58.17 57.86 57.57
0.00 0.00 0.00 0.00 0.00 0.00 0.00 0.00 2.46 5.50 8.36 11.01 13.25 14.95 16.17 16.98 17.43 17.61 17.59 17.42 17.19 16.95 16.79 16.69 16.60 16.51 16.42 16.33 16.24 16.14 16.04 15.93 15.82 15.70 15.54 15.33 15.09 14.92 14.96 15.24 15.80 16.65 17.82 19.33 21.20 23.46 26.13 29.23 32.58 35.80 38.84 41.68 44.30 46.69 48.85 50.75 52.39 53.76 54.84 55.68 56.36 56.92 57.40 57.84 58.26 58.64 58.97 59.25 59.45 59.57 59.61 59.53 59.35 59.07 58.77 58.48 58.19
0.00 0.00 0.00 0.00 0.00 0.00 0.00 0.00 0.72 4.21 7.54 10.43 12.71 14.43 15.67 16.49 16.96 17.15 17.13 16.97 16.74 16.51 16.35 16.25 16.15 16.06 15.96 15.85 15.74 15.62 15.50 15.37 15.23 15.08 14.92 14.74 14.60 14.62 14.84 15.28 15.98 16.94 18.19 19.76 21.67 23.94 26.60 29.66 32.96 36.14 39.15 41.96 44.58 46.97 49.14 51.08 52.76 54.17 55.31 56.17 56.78 57.27 57.75 58.20 58.63 59.03 59.37 59.66 59.88 60.02 60.07 60.02 59.85 59.59 59.31 59.03 58.75
0.00 0.00 0.00 0.00 0.00 0.00 0.00 0.00 0.00 3.44 7.02 9.95 12.25 14.00 15.25 16.08 16.57 16.77 16.76 16.61 16.38 16.15 15.99 15.89 15.79 15.69 15.58 15.46 15.34 15.20 15.06 14.91 14.74 14.57 14.38 14.27 14.31 14.51 14.89 15.46 16.26 17.30 18.61 20.22 22.13 24.39 27.00 29.99 33.22 36.33 39.28 42.05 44.62 47.00 49.15 51.08 52.77 54.21 55.39 56.29 56.95 57.47 57.96 58.44 58.88 59.30 59.66 59.97 60.21 60.37 60.44 60.41 60.27 60.03 59.77 59.51 59.25
0.00 0.00 0.00 0.00 0.00 0.00 0.00 0.00 0.00 3.01 6.59 9.55 11.88 13.65 14.92 15.77 16.27 16.48 16.48 16.34 16.12 15.90 15.74 15.64 15.54 15.43 15.31 15.18 15.04 14.89 14.73 14.56 14.37 14.17 14.04 14.06 14.25 14.59 15.10 15.78 16.65 17.75 19.09 20.70 22.59 24.80 27.34 30.24 33.36 36.38 39.24 41.93 44.44 46.76 48.88 50.78 52.45 53.88 55.06 56.03 56.84 57.51 58.05 58.54 59.01 59.45 59.83 60.17 60.43 60.62 60.72 60.71 60.60 60.39 60.16 59.92 59.68
0.00 0.00 0.00 0.00 0.00 0.00 0.00 0.00 0.00 2.63 6.21 9.22 11.61 13.40 14.70 15.56 16.08 16.30 16.31 16.18 15.97 15.75 15.60 15.50 15.39 15.28 15.15 15.02 14.87 14.70 14.52 14.33 14.12 13.97 13.97 14.12 14.42 14.88 15.48 16.23 17.16 18.28 19.62 21.20 23.05 25.18 27.63 30.41 33.39 36.28 39.02 41.61 44.03 46.27 48.31 50.16 51.78 53.18 54.39 55.48 56.45 57.28 57.96 58.51 59.01 59.47 59.89 60.25 60.55 60.76 60.89 60.92 60.84 60.67 60.47 60.26 60.05
0.00 0.00 0.00 0.00 0.00 0.00 0.00 0.00 0.00 2.26 5.82 8.88 11.37 13.26 14.58 15.47 16.00 16.24 16.27 16.14 15.94 15.73 15.58 15.48 15.38 15.26 15.13 14.98 14.82 14.64 14.44 14.23 14.08 14.05 14.17 14.43 14.83 15.37 16.03 16.83 17.77 18.89 20.21 21.74 23.51 25.54 27.86 30.49 33.30 36.04 38.64 41.09 43.39 45.52 47.47 49.22 50.78 52.17 53.47 54.68 55.79 56.78 57.63 58.32 58.88 59.37 59.82 60.22 60.55 60.80 60.97 61.03 60.99 60.86 60.69 60.52 60.34
0.00 0.00 0.00 0.00 0.00 0.00 0.00 0.00 0.00 1.83 5.39 8.49 11.08 13.13 14.58 15.50 16.05 16.31 16.35 16.24 16.04 15.84 15.69 15.60 15.49 15.37 15.24 15.09 14.91 14.72 14.51 14.35 14.31 14.41 14.63 14.98 15.45 16.04 16.75 17.57 18.51 19.60 20.85 22.30 23.97 25.87 28.04 30.49 33.11 35.66 38.09 40.38 42.53 44.52 46.35 47.99 49.50 50.94 52.34 53.66 54.90 56.02 57.02 57.88 58.58 59.14 59.63 60.07 60.43 60.73 60.93 61.04 61.04 60.95 60.83 60.69 60.55
0.00 0.00 0.00 0.00 0.00 0.00 0.00 0.00 0.00 1.30 4.85 8.00 10.70 12.91 14.57 15.65 16.24 16.52 16.57 16.47 16.29 16.09 15.95 15.86 15.76 15.64 15.50 15.34 15.16 14.96 14.80 14.75 14.83 15.01 15.32 15.73 16.25 16.88 17.61 18.44 19.36 20.39 21.56 22.90 24.43 26.18 28.16 30.41 32.81 35.15 37.37 39.48 41.45 43.28 44.95 46.51 48.04 49.55 51.03 52.44 53.78 55.03 56.17 57.18 58.05 58.75 59.31 59.78 60.20 60.54 60.79 60.94 60.99 60.95 60.87 60.78 60.67
0.00 0.00 0.00 0.00 0.00 0.00 0.00 0.00 0.00 0.63 4.17 7.37 10.17 12.55 14.43 15.78 16.56 16.88 16.94 16.86 16.69 16.50 16.37 16.29 16.19 16.07 15.92 15.76 15.57 15.42 15.37 15.43 15.59 15.85 16.22 16.67 17.23 17.87 18.60 19.41 20.30 21.27 22.34 23.54 24.91 26.47 28.24 30.25 32.40 34.50 36.50 38.39 40.15 41.79 43.34 44.89 46.46 48.02 49.55 51.05 52.48 53.83 55.09 56.24 57.26 58.12 58.82 59.37 59.84 60.23 60.53 60.74 60.84 60.84 60.81 60.77 60.71
0.00 0.00 0.00 0.00 0.00 0.00 0.00 0.00 0.00 0.00 3.29 6.54 9.45 11.99 14.10 15.72 16.82 17.37 17.48 17.41 17.26 17.08 16.96 16.88 16.78 16.66 16.52 16.35 16.22 16.17 16.21 16.35 16.58 16.90 17.30 17.78 18.34 18.98 19.69 20.46 21.30 22.20 23.17 24.21 25.39 26.74 28.27 30.01 31.89 33.72 35.46 37.10 38.64 40.12 41.63 43.19 44.77 46.36 47.94 49.50 51.01 52.45 53.82 55.08 56.23 57.25 58.11 58.81 59.35 59.79 60.15 60.41 60.57 60.63 60.66 60.67 60.66
0.00 0.00 0.00 0.00 0.00 0.00 0.00 0.00 0.00 0.00 2.17 5.47 8.49 11.20 13.52 15.43 16.87 17.79 18.16 18.14 18.00 17.84 17.72 17.65 17.56 17.44 17.30 17.18 17.14 17.18 17.31 17.51 17.79 18.14 18.56 19.04 19.59 20.19 20.86 21.58 22.34 23.16 24.02 24.92 25.89 26.99 28.26 29.71 31.28 32.81 34.27 35.64 36.98 38.39 39.87 41.42 43.00 44.61 46.22 47.82 49.39 50.91 52.36 53.73 55.00 56.15 57.16 58.02 58.70 59.22 59.64 59.97 60.19 60.31 60.40 60.46 60.51
0.00 0.00 0.00 0.00 0.00 0.00 0.00 0.00 0.00 0.00 0.76 4.11 7.25 10.11 12.67 14.85 16.63 17.94 18.75 19.02 18.93 18.78 18.68 18.61 18.53 18.42 18.33 18.30 18.34 18.45 18.63 18.88 19.18 19.54 19.96 20.42 20.93 21.49 22.09 22.73 23.40 24.11 24.84 25.60 26.39 27.23 28.20 29.33 30.57 31.77 32.92 34.06 35.30 36.65 38.09 39.61 41.17 42.78 44.41 46.03 47.65 49.23 50.75 52.21 53.58 54.85 55.99 56.99 57.84 58.50 59.01 59.40 59.68 59.88 60.03 60.16 60.27
0.00 0.00 0.00 0.00 0.00 0.00 0.00 0.00 0.00 0.00 0.00 2.42 5.66 8.70 11.47 13.94 16.06 17.77 19.03 19.78 20.02 19.93 19.83 19.78 19.71 19.64 19.63 19.68 19.79 19.96 20.17 20.43 20.74 21.09 21.48 21.91 22.36 22.85 23.36 23.90 24.46 25.03 25.62 26.22 26.83 27.44 28.10 28.88 29.76 30.62 31.50 32.51 33.66 34.93 36.31 37.78 39.31 40.90 42.53 44.17 45.81 47.43 49.02 50.54 52.00 53.37 54.63 55.76 56.75 57.58 58.22 58.70 59.06 59.32 59.55 59.75 59.96
0.00 0.00 0.00 0.00 0.00 0.00 0.00 0.00 0.00 0.00 0.00 0.34 3.70 6.90 9.90 12.65 15.11 17.22 18.93 20.20 20.97 21.23 21.20 21.17 21.14 21.15 21.22 21.32 21.48 21.67 21.90 22.16 22.45 22.77 23.11 23.47 23.85 24.25 24.65 25.07 25.49 25.91 26.33 26.75 27.16 27.56 27.95 28.37 28.86 29.42 30.13 31.02 32.06 33.24 34.55 35.95 37.44 39.00 40.61 42.25 43.90 45.54 47.17 48.76 50.28 51.73 53.09 54.34 55.46 56.43 57.24 57.86 58.31 58.65 58.95 59.26 59.57
0.00 0.00 0.00 0.00 0.00 0.00 0.00 0.00 0.00 0.00 0.00 0.00 1.40 4.77 8.00 11.03 13.82 16.33 18.49 20.27 21.62 22.48 22.80 22.83 22.87 22.95 23.07 23.21 23.39 23.59 23.80 24.04 24.29 24.56 24.83 25.11 25.39 25.68 25.95 26.23 26.49 26.74 26.97 27.18 27.37 27.54 27.68 27.79 27.96 28.32 28.88 29.63 30.55 31.63 32.84 34.17 35.59 37.10 38.68 40.30 41.94 43.60 45.25 46.88 48.46 49.98 51.42 52.77 54.00 55.10 56.05 56.83 57.42 57.86 58.27 58.68 59.09
0.00 0.00 0.00 0.00 0.00 0.00 0.00 0.00 0.00 0.00 0.00 0.00 0.38 3.88 7.31 10.59 13.70 16.57 19.16 21.43 23.31 24.73 25.24 25.14 25.20 25.32 25.46 25.61 25.78 25.95 26.13 26.32 26.50 26.69 26.86 27.03 27.18 27.32 27.44 27.54 27.61 27.66 27.67 27.65 27.59 27.50 27.36 27.25 27.30 27.49 27.89 28.49 29.28 30.23 31.34 32.57 33.92 35.37 36.89 38.48 40.11 41.76 43.42 45.08 46.70 48.27 49.79 51.22 52.55 53.76 54.84 55.76 56.48 56.98 57.49 58.01 58.52
0.00 0.00 0.00 0.00 0.00 0.00 0.00 0.00 0.00 0.00 0.00 0.00 2.07 5.66 9.23 12.71 16.08 19.26 22.23 24.92 27.25 28.78 28.98 28.54 28.46 28.56 28.68 28.80 28.92 29.03 29.14 29.23 29.31 29.37 29.41 29.43 29.42 29.38 29.30 29.19 29.03 28.84 28.60 28.31 27.96 27.57 27.17 26.94 26.93 27.04 27.28 27.72 28.36 29.18 30.16 31.30 32.56 33.93 35.40 36.94 38.54 40.17 41.84 43.50 45.15 46.77 48.34 49.85 51.26 52.58 53.77 54.79 55.55 56.08 56.63 57.24 57.85
