data_processed/recharge/precip/Precip_1988_10.asc
ncols        168
nrows        136
xllcorner    455000
yllcorner    2107000
cellsize     500
NODATA_value     -99999
[rows 68 to 101 of 136, columns 0 to 77 of 168]
34.26 35.92 37.43 38.79 40.01 41.10 42.05 42.87 43.57 44.16 44.63 44.99 45.26 45.42 45.50 45.48 45.39 45.22 44.98 44.67 44.31 43.92 43.50 43.05 42.57 42.07 41.54 40.99 40.42 39.83 39.22 38.59 37.94 37.28 36.61 35.92 35.22 34.51 33.79 33.06 32.33 31.59 30.84 30.10 29.36 28.62 27.90 27.18 26.48 25.79 25.11 24.45 23.80 23.17 22.56 21.97 21.44 20.97 20.54 20.17 19.84 19.57 19.34 19.15 19.02 18.93 18.88 18.87 18.91 18.98 19.10 19.25 19.44 19.67 19.93 20.23 20.56 20.92
34.14 35.85 37.40 38.81 40.08 41.20 42.19 43.05 43.79 44.41 44.91 45.30 45.60 45.79 45.89 45.90 45.83 45.68 45.45 45.16 44.82 44.44 44.03 43.59 43.13 42.64 42.13 41.59 41.03 40.45 39.85 39.23 38.59 37.94 37.27 36.59 35.90 35.19 34.48 33.76 33.03 32.29 31.56 30.82 30.09 29.37 28.65 27.95 27.25 26.57 25.90 25.24 24.59 23.96 23.35 22.76 22.19 21.68 21.23 20.82 20.46 20.16 19.90 19.69 19.52 19.40 19.33 19.30 19.31 19.36 19.45 19.58 19.75 19.96 20.20 20.48 20.79 21.13
33.97 35.73 37.34 38.79 40.10 41.26 42.29 43.19 43.97 44.62 45.16 45.58 45.90 46.12 46.25 46.28 46.23 46.10 45.90 45.63 45.30 44.93 44.54 44.12 43.67 43.19 42.69 42.16 41.61 41.05 40.45 39.85 39.22 38.58 37.92 37.24 36.56 35.86 35.16 34.44 33.72 32.99 32.26 31.54 30.82 30.11 29.40 28.70 28.02 27.34 26.67 26.02 25.38 24.75 24.14 23.55 22.97 22.43 21.93 21.49 21.11 20.77 20.48 20.24 20.04 19.89 19.79 19.73 19.72 19.74 19.81 19.92 20.07 20.25 20.47 20.73 21.02 21.35
33.77 35.58 37.23 38.73 40.08 41.29 42.36 43.30 44.11 44.79 45.37 45.82 46.17 46.42 46.58 46.64 46.61 46.50 46.31 46.06 45.74 45.40 45.02 44.61 44.18 43.71 43.22 42.71 42.18 41.62 41.04 40.44 39.82 39.19 38.54 37.88 37.20 36.51 35.81 35.10 34.39 33.67 32.96 32.24 31.54 30.83 30.14 29.45 28.77 28.10 27.44 26.79 26.15 25.53 24.92 24.33 23.75 23.19 22.67 22.19 21.77 21.40 21.08 20.80 20.58 20.40 20.27 20.18 20.14 20.14 20.18 20.26 20.39 20.55 20.75 20.98 21.25 21.56
33.52 35.38 37.08 38.62 40.02 41.27 42.38 43.36 44.21 44.93 45.54 46.03 46.41 46.69 46.87 46.95 46.95 46.86 46.70 46.46 46.16 45.83 45.47 45.08 44.66 44.21 43.73 43.23 42.71 42.16 41.60 41.01 40.40 39.78 39.14 38.49 37.82 37.14 36.45 35.75 35.05 34.34 33.64 32.94 32.25 31.55 30.87 30.19 29.52 28.85 28.20 27.55 26.92 26.30 25.69 25.10 24.52 23.96 23.42 22.91 22.46 22.05 21.69 21.39 21.13 20.92 20.76 20.64 20.57 20.54 20.56 20.61 20.71 20.84 21.02 21.23 21.48 21.76
33.27 35.13 36.88 38.47 39.91 41.21 42.36 43.38 44.27 45.03 45.67 46.19 46.61 46.91 47.12 47.23 47.25 47.19 47.04 46.82 46.55 46.23 45.89 45.51 45.10 44.67 44.21 43.73 43.22 42.68 42.13 41.55 40.96 40.35 39.72 39.08 38.42 37.75 37.07 36.38 35.69 35.00 34.31 33.63 32.94 32.26 31.58 30.91 30.25 29.59 28.94 28.30 27.67 27.06 26.45 25.86 25.28 24.72 24.18 23.65 23.16 22.72 22.33 21.99 21.70 21.45 21.26 21.11 21.01 20.95 20.94 20.96 21.03 21.14 21.29 21.48 21.70 21.97
33.07 34.89 36.64 38.28 39.77 41.11 42.30 43.36 44.29 45.08 45.76 46.32 46.76 47.10 47.34 47.47 47.52 47.48 47.35 47.16 46.90 46.60 46.27 45.91 45.52 45.10 44.66 44.19 43.69 43.17 42.63 42.07 41.49 40.89 40.27 39.64 38.99 38.33 37.66 36.99 36.32 35.65 34.97 34.30 33.62 32.95 32.28 31.62 30.97 30.31 29.67 29.04 28.41 27.80 27.20 26.61 26.03 25.47 24.92 24.39 23.88 23.41 22.98 22.60 22.27 22.00 21.77 21.59 21.45 21.36 21.32 21.32 21.36 21.44 21.56 21.72 21.92 22.16
32.94 34.69 36.39 38.04 39.57 40.96 42.20 43.30 44.26 45.10 45.81 46.40 46.88 47.25 47.51 47.68 47.75 47.73 47.63 47.45 47.21 46.93 46.62 46.28 45.91 45.50 45.08 44.62 44.14 43.64 43.11 42.56 41.99 41.40 40.80 40.18 39.54 38.90 38.25 37.59 36.93 36.27 35.61 34.95 34.29 33.63 32.97 32.32 31.67 31.02 30.39 29.76 29.14 28.52 27.92 27.34 26.76 26.20 25.65 25.12 24.60 24.11 23.64 23.23 22.87 22.55 22.29 22.07 21.91 21.78 21.71 21.68 21.69 21.74 21.83 21.97 22.14 22.35
32.85 34.55 36.19 37.79 39.33 40.76 42.04 43.19 44.19 45.07 45.82 46.44 46.95 47.35 47.65 47.84 47.94 47.95 47.87 47.71 47.49 47.23 46.94 46.61 46.26 45.87 45.46 45.02 44.56 44.07 43.55 43.02 42.46 41.89 41.30 40.69 40.07 39.44 38.81 38.17 37.53 36.88 36.23 35.58 34.93 34.28 33.63 32.99 32.35 31.71 31.08 30.46 29.84 29.23 28.63 28.04 27.47 26.91 26.36 25.82 25.30 24.80 24.32 23.87 23.47 23.12 22.82 22.57 22.36 22.21 22.10 22.03 22.01 22.04 22.10 22.20 22.35 22.53
32.81 34.45 36.04 37.59 39.08 40.52 41.85 43.03 44.08 44.99 45.78 46.44 46.99 47.42 47.74 47.96 48.09 48.12 48.07 47.93 47.73 47.49 47.21 46.91 46.57 46.20 45.81 45.39 44.94 44.46 43.97 43.45 42.91 42.35 41.77 41.18 40.58 39.97 39.35 38.73 38.10 37.47 36.83 36.20 35.56 34.92 34.28 33.64 33.01 32.38 31.75 31.13 30.52 29.92 29.32 28.73 28.16 27.59 27.04 26.51 25.98 25.48 24.99 24.52 24.08 23.69 23.35 23.07 22.83 22.64 22.49 22.39 22.34 22.33 22.36 22.44 22.55 22.70
32.81 34.39 35.93 37.42 38.87 40.27 41.60 42.83 43.92 44.87 45.69 46.39 46.97 47.44 47.79 48.04 48.20 48.25 48.22 48.11 47.93 47.71 47.45 47.17 46.85 46.50 46.12 45.72 45.29 44.83 44.35 43.84 43.32 42.77 42.21 41.64 41.06 40.47 39.87 39.26 38.65 38.03 37.41 36.79 36.16 35.53 34.90 34.27 33.65 33.02 32.40 31.79 31.18 30.58 29.98 29.40 28.82 28.26 27.71 27.17 26.64 26.13 25.64 25.16 24.70 24.27 23.90 23.57 23.29 23.07 22.89 22.75 22.66 22.62 22.62 22.66 22.74 22.87
32.85 34.37 35.86 37.30 38.70 40.05 41.34 42.58 43.71 44.70 45.56 46.30 46.91 47.41 47.80 48.08 48.26 48.35 48.34 48.25 48.09 47.89 47.66 47.39 47.09 46.76 46.40 46.02 45.60 45.16 44.69 44.21 43.70 43.17 42.63 42.08 41.52 40.94 40.36 39.77 39.18 38.57 37.96 37.35 36.73 36.12 35.50 34.88 34.26 33.64 33.03 32.42 31.82 31.22 30.62 30.04 29.47 28.90 28.35 27.80 27.28 26.76 26.26 25.78 25.31 24.86 24.45 24.08 23.76 23.50 23.28 23.11 22.98 22.90 22.87 22.88 22.93 23.02
32.90 34.38 35.81 37.21 38.56 39.86 41.11 42.31 43.45 44.48 45.38 46.16 46.81 47.34 47.76 48.07 48.28 48.39 48.41 48.34 48.21 48.03 47.82 47.57 47.29 46.98 46.64 46.27 45.88 45.45 45.01 44.54 44.05 43.54 43.02 42.49 41.95 41.39 40.83 40.25 39.67 39.08 38.49 37.89 37.28 36.68 36.07 35.46 34.84 34.24 33.63 33.02 32.42 31.83 31.24 30.65 30.08 29.51 28.96 28.41 27.88 27.36 26.86 26.37 25.89 25.44 25.00 24.59 24.24 23.93 23.67 23.46 23.30 23.19 23.11 23.09 23.10 23.16
32.98 34.41 35.79 37.14 38.44 39.70 40.91 42.07 43.17 44.22 45.16 45.97 46.66 47.22 47.68 48.02 48.26 48.40 48.44 48.40 48.28 48.13 47.94 47.71 47.45 47.16 46.84 46.49 46.12 45.71 45.28 44.83 44.37 43.88 43.39 42.88 42.35 41.81 41.27 40.71 40.14 39.57 38.98 38.40 37.80 37.21 36.61 36.00 35.40 34.80 34.20 33.60 33.00 32.41 31.82 31.24 30.66 30.10 29.54 28.99 28.46 27.93 27.42 26.93 26.45 25.98 25.53 25.10 24.71 24.36 24.06 23.81 23.61 23.46 23.35 23.29 23.27 23.29
33.07 34.45 35.79 37.09 38.35 39.56 40.73 41.85 42.91 43.93 44.88 45.73 46.45 47.06 47.54 47.92 48.19 48.35 48.42 48.40 48.31 48.18 48.01 47.81 47.57 47.31 47.01 46.68 46.32 45.93 45.53 45.10 44.66 44.20 43.72 43.23 42.72 42.20 41.67 41.13 40.58 40.02 39.45 38.87 38.29 37.70 37.11 36.52 35.93 35.33 34.73 34.14 33.55 32.96 32.37 31.79 31.22 30.65 30.09 29.54 29.00 28.48 27.96 27.46 26.97 26.50 26.04 25.60 25.18 24.79 24.45 24.16 23.92 23.73 23.58 23.48 23.42 23.41
33.16 34.49 35.79 37.05 38.26 39.44 40.56 41.65 42.68 43.66 44.58 45.44 46.20 46.84 47.36 47.77 48.07 48.26 48.36 48.37 48.30 48.19 48.05 47.87 47.65 47.40 47.13 46.82 46.48 46.12 45.74 45.33 44.91 44.47 44.02 43.54 43.06 42.56 42.04 41.52 40.98 40.43 39.88 39.32 38.75 38.17 37.59 37.01 36.42 35.83 35.24 34.65 34.06 33.47 32.89 32.31 31.74 31.17 30.61 30.06 29.52 28.98 28.46 27.95 27.46 26.98 26.51 26.06 25.63 25.22 24.84 24.50 24.22 23.99 23.80 23.66 23.56 23.51
33.25 34.54 35.79 37.01 38.19 39.32 40.41 41.46 42.45 43.40 44.29 45.13 45.90 46.57 47.13 47.57 47.90 48.12 48.25 48.28 48.24 48.16 48.03 47.88 47.69 47.46 47.20 46.92 46.60 46.27 45.91 45.53 45.13 44.71 44.28 43.83 43.36 42.88 42.38 41.87 41.35 40.82 40.27 39.72 39.17 38.60 38.03 37.45 36.87 36.29 35.71 35.12 34.54 33.96 33.37 32.80 32.22 31.66 31.09 30.54 29.99 29.46 28.93 28.42 27.91 27.42 26.95 26.49 26.05 25.62 25.21 24.84 24.51 24.24 24.01 23.83 23.69 23.60
33.34 34.58 35.79 36.97 38.11 39.20 40.26 41.27 42.23 43.15 44.01 44.82 45.57 46.25 46.84 47.32 47.68 47.93 48.09 48.15 48.13 48.07 47.97 47.84 47.67 47.47 47.24 46.98 46.69 46.38 46.04 45.69 45.31 44.92 44.50 44.07 43.62 43.16 42.68 42.19 41.68 41.16 40.63 40.09 39.55 38.99 38.43 37.86 37.29 36.72 36.14 35.56 34.98 34.40 33.82 33.24 32.67 32.10 31.54 30.98 30.43 29.89 29.36 28.84 28.33 27.83 27.35 26.88 26.42 25.99 25.57 25.17 24.80 24.48 24.21 23.98 23.81 23.68
33.41 34.61 35.78 36.92 38.02 39.08 40.10 41.08 42.01 42.90 43.73 44.51 45.24 45.90 46.51 47.01 47.41 47.70 47.88 47.96 47.97 47.94 47.87 47.76 47.61 47.44 47.23 46.99 46.73 46.45 46.14 45.81 45.46 45.08 44.69 44.28 43.85 43.40 42.94 42.46 41.97 41.47 40.95 40.43 39.89 39.35 38.79 38.24 37.67 37.10 36.53 35.96 35.38 34.80 34.23 33.65 33.08 32.51 31.94 31.39 30.83 30.29 29.75 29.22 28.71 28.20 27.71 27.23 26.76 26.31 25.88 25.47 25.07 24.71 24.39 24.13 23.91 23.73
33.45 34.62 35.75 36.86 37.92 38.95 39.94 40.89 41.79 42.64 43.45 44.20 44.91 45.55 46.14 46.66 47.08 47.40 47.62 47.73 47.77 47.76 47.71 47.63 47.51 47.36 47.18 46.97 46.74 46.48 46.20 45.89 45.56 45.20 44.83 44.44 44.03 43.60 43.15 42.69 42.22 41.73 41.23 40.71 40.19 39.66 39.11 38.57 38.01 37.45 36.88 36.31 35.74 35.17 34.59 34.02 33.45 32.88 32.31 31.75 31.19 30.64 30.10 29.57 29.04 28.53 28.03 27.54 27.06 26.60 26.16 25.73 25.32 24.92 24.56 24.25 23.99 23.77
33.47 34.60 35.70 36.77 37.80 38.80 39.76 40.67 41.55 42.38 43.16 43.89 44.57 45.19 45.76 46.27 46.71 47.06 47.30 47.44 47.51 47.53 47.51 47.45 47.36 47.24 47.09 46.91 46.70 46.46 46.21 45.92 45.61 45.28 44.93 44.56 44.17 43.76 43.33 42.88 42.42 41.95 41.46 40.96 40.45 39.92 39.39 38.85 38.30 37.75 37.19 36.62 36.05 35.48 34.91 34.34 33.77 33.20 32.63 32.07 31.51 30.95 30.40 29.87 29.33 28.81 28.30 27.80 27.32 26.84 26.39 25.94 25.52 25.11 24.72 24.37 24.06 23.80
33.45 34.55 35.61 36.65 37.65 38.62 39.55 40.44 41.29 42.09 42.85 43.56 44.22 44.82 45.37 45.86 46.30 46.66 46.93 47.10 47.20 47.24 47.25 47.22 47.16 47.07 46.95 46.79 46.61 46.40 46.17 45.91 45.62 45.32 44.98 44.63 44.26 43.87 43.46 43.03 42.58 42.12 41.65 41.16 40.66 40.15 39.62 39.09 38.55 38.00 37.45 36.89 36.32 35.76 35.19 34.62 34.04 33.47 32.90 32.34 31.77 31.22 30.66 30.12 29.58 29.05 28.53 28.02 27.53 27.04 26.57 26.11 25.67 25.25 24.84 24.46 24.11 23.80
33.40 34.46 35.49 36.50 37.47 38.41 39.31 40.18 41.00 41.78 42.52 43.21 43.85 44.44 44.97 45.45 45.86 46.22 46.51 46.71 46.83 46.90 46.94 46.95 46.92 46.85 46.76 46.63 46.48 46.30 46.09 45.85 45.59 45.30 44.99 44.66 44.30 43.93 43.54 43.12 42.69 42.25 41.79 41.31 40.82 40.32 39.81 39.28 38.75 38.21 37.66 37.11 36.55 35.98 35.41 34.84 34.27 33.70 33.13 32.56 32.00 31.43 30.88 30.32 29.78 29.24 28.71 28.19 27.69 27.19 26.71 26.24 25.78 25.34 24.92 24.52 24.13 23.78
33.29 34.32 35.32 36.30 37.24 38.16 39.04 39.88 40.68 41.44 42.16 42.83 43.45 44.02 44.54 45.01 45.41 45.76 46.04 46.26 46.41 46.52 46.59 46.62 46.62 46.59 46.52 46.42 46.29 46.14 45.95 45.74 45.50 45.23 44.95 44.63 44.30 43.94 43.56 43.17 42.75 42.32 41.87 41.41 40.93 40.44 39.94 39.42 38.90 38.37 37.82 37.27 36.72 36.16 35.59 35.02 34.45 33.88 33.31 32.74 32.17 31.60 31.04 30.48 29.93 29.38 28.84 28.32 27.80 27.29 26.79 26.31 25.84 25.39 24.95 24.53 24.12 23.74
33.15 34.15 35.12 36.07 36.99 37.88 38.74 39.56 40.34 41.08 41.78 42.43 43.04 43.60 44.10 44.56 44.95 45.29 45.57 45.78 45.95 46.09 46.19 46.25 46.28 46.28 46.24 46.17 46.07 45.94 45.78 45.59 45.37 45.13 44.86 44.57 44.25 43.91 43.55 43.17 42.77 42.36 41.92 41.47 41.00 40.52 40.03 39.52 39.01 38.48 37.94 37.40 36.85 36.29 35.73 35.16 34.59 34.02 33.44 32.87 32.30 31.72 31.16 30.59 30.03 29.48 28.93 28.39 27.86 27.34 26.84 26.34 25.85 25.38 24.93 24.49 24.07 23.67
33.04 34.01 34.95 35.88 36.77 37.63 38.47 39.26 40.03 40.75 41.43 42.07 42.66 43.20 43.70 44.14 44.52 44.85 45.12 45.33 45.50 45.66 45.79 45.89 45.95 45.97 45.96 45.92 45.84 45.73 45.60 45.43 45.24 45.01 44.77 44.49 44.19 43.87 43.53 43.17 42.78 42.38 41.96 41.52 41.06 40.59 40.11 39.61 39.10 38.58 38.05 37.51 36.96 36.40 35.84 35.28 34.71 34.13 33.56 32.98 32.40 31.83 31.25 30.68 30.11 29.55 29.00 28.45 27.91 27.37 26.85 26.34 25.84 25.36 24.89 24.43 23.99 23.58
32.97 33.91 34.83 35.72 36.59 37.43 38.24 39.02 39.76 40.46 41.12 41.74 42.32 42.85 43.33 43.76 44.13 44.45 44.72 44.92 45.09 45.25 45.40 45.53 45.62 45.67 45.69 45.67 45.62 45.54 45.42 45.28 45.10 44.90 44.67 44.42 44.14 43.84 43.51 43.16 42.79 42.40 41.99 41.56 41.12 40.66 40.18 39.69 39.19 38.67 38.15 37.61 37.06 36.51 35.95 35.38 34.81 34.24 33.66 33.08 32.50 31.92 31.34 30.76 30.18 29.61 29.05 28.49 27.93 27.39 26.85 26.33 25.81 25.31 24.82 24.35 23.90 23.50
32.95 33.86 34.75 35.62 36.46 37.27 38.06 38.81 39.53 40.21 40.86 41.46 42.02 42.54 43.00 43.42 43.78 44.10 44.36 44.56 44.73 44.88 45.04 45.18 45.30 45.38 45.42 45.43 45.40 45.34 45.25 45.13 44.98 44.80 44.59 44.35 44.09 43.80 43.49 43.16 42.80 42.42 42.02 41.61 41.17 40.72 40.25 39.77 39.27 38.76 38.24 37.71 37.16 36.61 36.05 35.49 34.91 34.34 33.75 33.17 32.58 32.00 31.41 30.82 30.24 29.66 29.08 28.51 27.94 27.39 26.84 26.30 25.76 25.25 24.74 24.26 23.82 23.42
32.98 33.86 34.72 35.55 36.37 37.16 37.92 38.65 39.35 40.01 40.63 41.22 41.76 42.26 42.72 43.12 43.48 43.78 44.04 44.24 44.40 44.56 44.71 44.86 44.99 45.09 45.16 45.20 45.20 45.16 45.09 44.99 44.86 44.70 44.51 44.29 44.04 43.77 43.48 43.16 42.81 42.45 42.06 41.65 41.23 40.78 40.32 39.85 39.36 38.85 38.33 37.80 37.26 36.71 36.15 35.58 35.01 34.43 33.84 33.25 32.66 32.07 31.47 30.88 30.29 29.69 29.11 28.52 27.94 27.37 26.81 26.25 25.70 25.17 24.65 24.18 23.74 23.35
33.05 33.89 34.72 35.53 36.32 37.08 37.82 38.53 39.20 39.85 40.45 41.02 41.55 42.03 42.47 42.86 43.21 43.51 43.76 43.96 44.12 44.28 44.43 44.57 44.71 44.83 44.92 44.98 45.01 44.99 44.95 44.87 44.75 44.61 44.44 44.24 44.01 43.75 43.47 43.16 42.83 42.48 42.10 41.70 41.29 40.85 40.40 39.93 39.44 38.94 38.43 37.90 37.36 36.81 36.25 35.68 35.10 34.52 33.93 33.33 32.73 32.13 31.53 30.93 30.32 29.72 29.12 28.53 27.94 27.35 26.77 26.19 25.63 25.09 24.58 24.11 23.68 23.30
33.16 33.98 34.77 35.56 36.32 37.05 37.76 38.45 39.10 39.72 40.31 40.86 41.37 41.84 42.26 42.65 42.99 43.29 43.53 43.73 43.89 44.04 44.19 44.33 44.47 44.59 44.70 44.78 44.83 44.84 44.81 44.75 44.66 44.54 44.38 44.20 43.98 43.74 43.47 43.18 42.86 42.52 42.15 41.76 41.35 40.92 40.48 40.01 39.53 39.03 38.52 37.99 37.46 36.90 36.34 35.77 35.19 34.60 34.01 33.41 32.81 32.20 31.59 30.97 30.36 29.75 29.13 28.52 27.92 27.32 26.72 26.13 25.56 25.02 24.52 24.06 23.64 23.26
33.31 34.10 34.87 35.62 36.35 37.06 37.75 38.41 39.04 39.64 40.20 40.73 41.23 41.68 42.10 42.48 42.81 43.10 43.35 43.54 43.69 43.84 43.99 44.13 44.27 44.39 44.51 44.60 44.67 44.70 44.70 44.66 44.58 44.48 44.34 44.17 43.97 43.74 43.49 43.21 42.90 42.56 42.21 41.83 41.43 41.01 40.56 40.10 39.63 39.13 38.62 38.10 37.56 37.01 36.44 35.87 35.29 34.69 34.09 33.49 32.88 32.26 31.64 31.02 30.39 29.77 29.14 28.52 27.90 27.28 26.67 26.07 25.51 24.97 24.48 24.02 23.61 23.25
33.51 34.26 35.00 35.72 36.43 37.11 37.77 38.41 39.01 39.59 40.14 40.65 41.13 41.57 41.98 42.35 42.68 42.96 43.20 43.39 43.54 43.69 43.84 43.98 44.11 44.24 44.35 44.45 44.53 44.58 44.60 44.58 44.52 44.43 44.31 44.16 43.97 43.76 43.52 43.25 42.95 42.63 42.28 41.91 41.51 41.10 40.66 40.21 39.73 39.24 38.73 38.21 37.67 37.11 36.55 35.97 35.38 34.79 34.18 33.57 32.95 32.32 31.69 31.06 30.42 29.79 29.15 28.51 27.87 27.24 26.62 26.03 25.47 24.94 24.46 24.01 23.61 23.25
33.75 34.47 35.18 35.87 36.54 37.20 37.84 38.45 39.03 39.59 40.11 40.61 41.08 41.51 41.91 42.27 42.59 42.87 43.10 43.28 43.43 43.58 43.73 43.87 44.00 44.12 44.24 44.34 44.42 44.49 44.52 44.52 44.48 44.41 44.30 44.16 43.99 43.79 43.56 43.30 43.02 42.70 42.36 42.00 41.61 41.20 40.77 40.32 39.85 39.36 38.85 38.32 37.78 37.23 36.66 36.08 35.49 34.89 34.27 33.65 33.02 32.39 31.75 31.10 30.46 29.81 29.15 28.50 27.85 27.21 26.60 26.01 25.46 24.94 24.46 24.02 23.63 23.28
