data_processed/recharge/precip/Precip_2001_10.asc
ncols        168
nrows        136
xllcorner    455000
yllcorner    2107000
cellsize     500
NODATA_value     -99999
[rows 102 to 135 of 136, columns 77 to 153 of 168]
38.58 38.15 37.63 37.08 36.54 36.03 35.53 35.05 34.59 34.13 33.68 33.23 32.78 32.33 31.88 31.42 30.94 30.45 29.94 29.39 28.62 27.45 25.89 23.98 21.93 20.43 19.65 19.59 20.19 21.20 22.35 23.61 24.95 26.37 27.86 29.39 30.96 32.54 34.13 35.71 37.27 38.79 40.26 41.67 42.99 44.24 45.43 46.63 47.84 49.08 50.31 51.50 52.62 53.68 54.63 55.37 55.80 55.95 55.83 55.46 54.88 54.10 53.14 52.03 50.78 49.43 47.99 46.49 44.95 43.38 41.82 40.27 38.72 37.17 35.64 34.16 32.90
33.88 33.42 32.93 32.46 32.02 31.60 31.20 30.81 30.45 30.09 29.74 29.39 29.05 28.70 28.36 28.00 27.63 27.25 26.85 26.44 25.98 25.29 24.21 22.73 21.09 19.99 19.65 20.01 20.81 21.78 22.88 24.09 25.40 26.80 28.28 29.81 31.38 32.99 34.61 36.23 37.84 39.43 40.97 42.46 43.88 45.22 46.47 47.68 48.90 50.15 51.41 52.61 53.75 54.78 55.60 56.11 56.32 56.27 55.98 55.46 54.74 53.84 52.78 51.59 50.28 48.89 47.43 45.92 44.39 42.86 41.36 39.89 38.49 37.12 35.79 34.52 33.50
29.64 29.20 28.78 28.40 28.04 27.70 27.39 27.09 26.81 26.55 26.29 26.04 25.79 25.54 25.29 25.03 24.76 24.48 24.18 23.87 23.53 23.15 22.55 21.54 20.33 19.68 19.78 20.34 21.10 22.01 23.06 24.24 25.53 26.92 28.39 29.92 31.52 33.15 34.81 36.48 38.15 39.81 41.43 43.02 44.54 45.99 47.35 48.63 49.87 51.13 52.41 53.63 54.75 55.64 56.23 56.53 56.55 56.32 55.87 55.21 54.37 53.37 52.24 50.98 49.64 48.22 46.76 45.27 43.78 42.30 40.87 39.50 38.22 37.03 35.92 34.90 34.12
25.97 25.60 25.25 24.94 24.65 24.40 24.16 23.94 23.75 23.56 23.38 23.22 23.05 22.89 22.72 22.55 22.38 22.19 21.98 21.76 21.52 21.26 20.95 20.41 19.67 19.47 19.77 20.29 20.99 21.86 22.88 24.03 25.30 26.68 28.15 29.71 31.33 33.00 34.71 36.44 38.18 39.91 41.62 43.31 44.94 46.51 48.01 49.42 50.73 52.02 53.31 54.52 55.50 56.17 56.54 56.64 56.49 56.10 55.51 54.74 53.80 52.72 51.52 50.23 48.86 47.44 46.00 44.54 43.10 41.70 40.37 39.11 37.96 36.93 36.05 35.29 34.79
22.99 22.67 22.39 22.14 21.92 21.73 21.57 21.42 21.29 21.18 21.08 20.98 20.89 20.81 20.72 20.63 20.53 20.43 20.31 20.17 20.02 19.84 19.64 19.39 19.09 19.10 19.36 19.82 20.47 21.30 22.28 23.42 24.68 26.06 27.55 29.13 30.78 32.50 34.26 36.06 37.87 39.70 41.51 43.30 45.05 46.76 48.39 49.95 51.42 52.79 54.08 55.14 55.90 56.36 56.53 56.46 56.15 55.63 54.92 54.04 53.02 51.88 50.65 49.33 47.96 46.56 45.15 43.75 42.39 41.08 39.86 38.73 37.73 36.88 36.19 35.69 35.44
20.62 20.36 20.13 19.94 19.78 19.65 19.54 19.46 19.39 19.34 19.31 19.28 19.26 19.24 19.23 19.21 19.18 19.15 19.10 19.05 18.97 18.87 18.75 18.60 18.44 18.41 18.60 19.01 19.61 20.40 21.36 22.48 23.74 25.13 26.64 28.24 29.93 31.70 33.52 35.39 37.28 39.20 41.11 43.02 44.89 46.73 48.51 50.23 51.86 53.39 54.69 55.55 56.08 56.34 56.34 56.10 55.65 55.01 54.20 53.24 52.16 50.98 49.72 48.40 47.04 45.67 44.31 42.99 41.71 40.52 39.42 38.45 37.61 36.95 36.47 36.17 35.94
18.55 18.33 18.16 18.01 17.90 17.82 17.77 17.74 17.73 17.74 17.76 17.79 17.83 17.88 17.93 17.97 18.01 18.05 18.07 18.08 18.07 18.05 18.00 17.91 17.79 17.76 17.88 18.22 18.77 19.51 20.44 21.53 22.78 24.16 25.68 27.30 29.02 30.83 32.70 34.63 36.59 38.59 40.60 42.60 44.59 46.56 48.47 50.33 52.12 53.82 55.27 56.09 56.44 56.50 56.33 55.94 55.36 54.60 53.70 52.67 51.53 50.31 49.03 47.71 46.38 45.05 43.75 42.50 41.33 40.25 39.29 38.47 37.82 37.34 37.05 36.80 36.55
16.69 16.50 16.36 16.26 16.20 16.16 16.16 16.18 16.22 16.28 16.35 16.44 16.53 16.63 16.74 16.84 16.94 17.04 17.12 17.20 17.26 17.29 17.29 17.25 17.18 17.18 17.29 17.56 18.04 18.72 19.60 20.66 21.88 23.25 24.76 26.38 28.12 29.95 31.86 33.84 35.86 37.93 40.01 42.11 44.20 46.27 48.31 50.30 52.24 54.10 55.72 56.70 57.03 56.92 56.58 56.05 55.34 54.47 53.48 52.38 51.19 49.94 48.64 47.33 46.02 44.74 43.51 42.34 41.27 40.32 39.50 38.84 38.36 38.06 37.82 37.57 37.30
15.13 14.87 14.75 14.69 14.67 14.67 14.71 14.77 14.85 14.96 15.08 15.21 15.35 15.51 15.66 15.82 15.97 16.12 16.27 16.40 16.51 16.59 16.62 16.61 16.59 16.64 16.78 17.03 17.43 18.04 18.86 19.87 21.05 22.39 23.88 25.50 27.24 29.08 31.01 33.02 35.09 37.21 39.37 41.54 43.72 45.89 48.03 50.15 52.22 54.23 56.00 57.16 57.66 57.55 57.07 56.39 55.56 54.59 53.51 52.34 51.11 49.83 48.53 47.23 45.95 44.72 43.55 42.48 41.51 40.69 40.01 39.52 39.20 38.95 38.70 38.44 38.16
13.92 13.53 13.35 13.30 13.31 13.35 13.42 13.52 13.64 13.78 13.94 14.12 14.31 14.50 14.70 14.91 15.11 15.31 15.50 15.68 15.83 15.93 15.98 16.01 16.02 16.11 16.29 16.56 16.94 17.48 18.22 19.17 20.29 21.59 23.05 24.65 26.37 28.22 30.16 32.19 34.29 36.46 38.66 40.90 43.15 45.41 47.66 49.88 52.08 54.21 56.13 57.45 58.14 58.21 57.74 56.94 55.99 54.92 53.76 52.53 51.26 49.96 48.65 47.37 46.13 44.95 43.86 42.88 42.03 41.33 40.81 40.46 40.19 39.93 39.68 39.40 39.11
13.03 12.53 12.23 12.12 12.13 12.20 12.30 12.43 12.58 12.76 12.95 13.16 13.39 13.62 13.86 14.10 14.35 14.59 14.83 15.03 15.18 15.29 15.37 15.43 15.48 15.60 15.82 16.12 16.52 17.03 17.70 18.56 19.62 20.86 22.27 23.84 25.54 27.37 29.31 31.35 33.47 35.66 37.91 40.20 42.51 44.84 47.18 49.51 51.81 54.06 56.11 57.58 58.44 58.71 58.43 57.66 56.61 55.45 54.21 52.93 51.62 50.30 49.00 47.73 46.53 45.42 44.40 43.52 42.79 42.23 41.84 41.54 41.26 40.99 40.73 40.44 40.15
12.44 11.84 11.43 11.20 11.15 11.23 11.35 11.50 11.68 11.89 12.11 12.35 12.60 12.87 13.14 13.42 13.70 13.97 14.22 14.42 14.57 14.70 14.79 14.88 14.97 15.12 15.36 15.70 16.12 16.65 17.27 18.06 19.04 20.21 21.56 23.08 24.75 26.55 28.48 30.51 32.63 34.84 37.11 39.44 41.81 44.21 46.62 49.04 51.43 53.78 55.94 57.55 58.56 59.02 58.94 58.37 57.37 56.14 54.83 53.50 52.15 50.82 49.53 48.29 47.13 46.08 45.15 44.37 43.76 43.32 42.98 42.67 42.39 42.11 41.84 41.55 41.25
12.13 11.44 10.93 10.60 10.44 10.45 10.57 10.74 10.94 11.16 11.41 11.67 11.95 12.24 12.54 12.85 13.15 13.43 13.66 13.85 14.01 14.14 14.25 14.35 14.47 14.66 14.93 15.28 15.73 16.27 16.91 17.65 18.55 19.64 20.92 22.38 23.99 25.76 27.65 29.67 31.79 33.99 36.28 38.64 41.05 43.50 45.98 48.47 50.94 53.38 55.64 57.37 58.52 59.14 59.26 58.91 58.11 56.94 55.59 54.21 52.84 51.50 50.21 49.01 47.90 46.92 46.08 45.41 44.90 44.50 44.16 43.84 43.56 43.28 43.00 42.71 42.41
12.07 11.30 10.70 10.28 10.02 9.92 9.98 10.15 10.36 10.60 10.86 11.14 11.44 11.75 12.07 12.39 12.69 12.94 13.15 13.33 13.48 13.61 13.73 13.86 14.01 14.22 14.51 14.89 15.35 15.91 16.56 17.30 18.16 19.16 20.36 21.74 23.29 25.00 26.85 28.84 30.93 33.13 35.43 37.80 40.25 42.74 45.27 47.81 50.34 52.86 55.20 57.04 58.32 59.10 59.39 59.24 58.67 57.72 56.45 55.04 53.64 52.30 51.03 49.86 48.81 47.90 47.16 46.58 46.11 45.71 45.36 45.04 44.75 44.48 44.20 43.91 43.60
12.25 11.41 10.73 10.22 9.87 9.67 9.63 9.74 9.94 10.19 10.46 10.75 11.06 11.39 11.72 12.03 12.29 12.50 12.69 12.85 12.99 13.12 13.25 13.40 13.57 13.80 14.11 14.51 14.99 15.55 16.21 16.96 17.81 18.77 19.87 21.16 22.64 24.28 26.08 28.02 30.08 32.27 34.56 36.95 39.41 41.93 44.49 47.07 49.65 52.23 54.64 56.57 57.97 58.88 59.34 59.37 59.01 58.29 57.25 55.94 54.54 53.20 51.96 50.83 49.84 49.01 48.34 47.80 47.33 46.93 46.57 46.26 45.97 45.69 45.41 45.13 44.82
12.63 11.73 10.99 10.40 9.97 9.69 9.55 9.56 9.70 9.94 10.22 10.51 10.83 11.16 11.46 11.72 11.93 12.11 12.27 12.41 12.54 12.67 12.80 12.96 13.15 13.41 13.74 14.14 14.63 15.21 15.87 16.62 17.47 18.42 19.47 20.67 22.05 23.62 25.35 27.23 29.25 31.41 33.69 36.07 38.54 41.07 43.64 46.25 48.87 51.49 53.96 55.97 57.47 58.51 59.11 59.31 59.14 58.64 57.84 56.78 55.50 54.18 52.96 51.87 50.95 50.19 49.55 49.01 48.54 48.14 47.79 47.47 47.18 46.91 46.64 46.35 46.05
13.20 12.25 11.45 10.80 10.30 9.95 9.73 9.64 9.69 9.87 10.13 10.42 10.73 11.03 11.27 11.47 11.64 11.77 11.90 12.01 12.13 12.25 12.39 12.56 12.76 13.04 13.38 13.80 14.29 14.87 15.53 16.28 17.13 18.06 19.10 20.24 21.53 23.01 24.65 26.47 28.45 30.58 32.83 35.19 37.64 40.16 42.75 45.37 48.01 50.66 53.17 55.24 56.83 57.97 58.71 59.07 59.08 58.78 58.21 57.39 56.36 55.18 54.00 52.97 52.10 51.37 50.74 50.20 49.73 49.33 48.98 48.67 48.38 48.12 47.85 47.57 47.28
13.93 12.94 12.10 11.40 10.84 10.42 10.12 9.96 9.92 10.01 10.20 10.48 10.74 10.96 11.14 11.28 11.39 11.49 11.57 11.66 11.75 11.87 12.01 12.18 12.40 12.69 13.04 13.46 13.96 14.54 15.20 15.95 16.78 17.71 18.73 19.85 21.08 22.46 24.02 25.77 27.69 29.76 31.97 34.29 36.72 39.23 41.80 44.42 47.07 49.73 52.27 54.39 56.05 57.29 58.15 58.65 58.83 58.72 58.36 57.78 57.01 56.08 55.06 54.08 53.24 52.51 51.88 51.34 50.88 50.48 50.14 49.83 49.56 49.30 49.04 48.77 48.49
14.79 13.78 12.90 12.16 11.56 11.08 10.72 10.49 10.38 10.38 10.49 10.66 10.83 10.96 11.07 11.14 11.20 11.25 11.29 11.35 11.43 11.53 11.66 11.84 12.07 12.36 12.72 13.15 13.65 14.23 14.88 15.62 16.44 17.35 18.36 19.46 20.66 21.98 23.46 25.13 26.97 28.98 31.13 33.40 35.79 38.26 40.81 43.42 46.06 48.72 51.27 53.42 55.14 56.47 57.43 58.05 58.39 58.45 58.29 57.93 57.40 56.75 55.99 55.14 54.31 53.59 52.96 52.43 51.98 51.59 51.25 50.96 50.69 50.44 50.19 49.94 49.67
15.77 14.74 13.84 13.07 12.43 11.91 11.50 11.21 11.03 10.96 10.94 10.95 10.99 11.03 11.06 11.06 11.06 11.06 11.06 11.09 11.14 11.22 11.35 11.53 11.76 12.06 12.42 12.85 13.35 13.92 14.57 15.29 16.10 16.99 17.98 19.06 20.24 21.55 22.97 24.55 26.30 28.23 30.31 32.52 34.85 37.28 39.79 42.36 44.98 47.63 50.18 52.35 54.12 55.51 56.56 57.30 57.77 57.99 58.01 57.86 57.57 57.16 56.65 56.02 55.30 54.59 53.98 53.46 53.01 52.63 52.31 52.02 51.77 51.53 51.29 51.05 50.79
16.83 15.80 14.89 14.10 13.43 12.88 12.44 12.10 11.86 11.68 11.51 11.37 11.25 11.17 11.11 11.04 10.98 10.92 10.88 10.87 10.89 10.95 11.07 11.24 11.49 11.79 12.15 12.57 13.06 13.63 14.26 14.97 15.76 16.63 17.59 18.66 19.83 21.12 22.52 24.03 25.69 27.52 29.52 31.65 33.91 36.28 38.73 41.26 43.85 46.47 49.01 51.18 52.97 54.42 55.54 56.38 56.97 57.35 57.54 57.57 57.49 57.31 57.02 56.62 56.11 55.51 54.91 54.40 53.96 53.60 53.28 53.01 52.77 52.55 52.33 52.10 51.86
17.96 16.94 16.03 15.23 14.55 13.97 13.50 13.12 12.80 12.48 12.17 11.88 11.62 11.40 11.23 11.08 10.95 10.84 10.75 10.69 10.68 10.72 10.82 10.99 11.24 11.54 11.89 12.31 12.79 13.34 13.96 14.65 15.42 16.27 17.22 18.27 19.43 20.70 22.07 23.55 25.14 26.87 28.76 30.80 32.98 35.27 37.66 40.13 42.66 45.24 47.75 49.92 51.72 53.20 54.39 55.32 56.01 56.52 56.86 57.08 57.19 57.21 57.12 56.92 56.63 56.23 55.73 55.24 54.82 54.47 54.17 53.92 53.69 53.49 53.29 53.08 52.86
19.14 18.13 17.23 16.44 15.75 15.17 14.67 14.22 13.77 13.32 12.88 12.47 12.08 11.74 11.44 11.19 10.98 10.81 10.67 10.57 10.52 10.53 10.61 10.77 11.01 11.31 11.66 12.07 12.54 13.07 13.67 14.34 15.09 15.92 16.86 17.90 19.04 20.28 21.62 23.06 24.61 26.26 28.04 29.98 32.05 34.26 36.56 38.96 41.43 43.96 46.42 48.56 50.37 51.87 53.11 54.10 54.89 55.52 56.00 56.39 56.68 56.87 56.97 56.97 56.86 56.66 56.36 55.97 55.57 55.24 54.96 54.72 54.51 54.33 54.15 53.96 53.76
20.33 19.35 18.47 17.70 17.02 16.42 15.87 15.31 14.74 14.18 13.63 13.10 12.60 12.14 11.73 11.37 11.07 10.83 10.63 10.48 10.40 10.38 10.44 10.59 10.82 11.11 11.45 11.85 12.30 12.81 13.39 14.04 14.77 15.59 16.52 17.54 18.65 19.86 21.17 22.58 24.08 25.67 27.37 29.19 31.15 33.25 35.46 37.77 40.16 42.61 45.02 47.12 48.92 50.43 51.70 52.75 53.62 54.35 54.98 55.51 55.96 56.32 56.59 56.76 56.84 56.82 56.71 56.49 56.19 55.88 55.62 55.41 55.22 55.06 54.90 54.74 54.56
21.52 20.58 19.73 18.98 18.31 17.68 17.03 16.36 15.70 15.04 14.39 13.76 13.16 12.60 12.09 11.63 11.23 10.90 10.64 10.45 10.32 10.27 10.30 10.44 10.66 10.94 11.26 11.64 12.07 12.56 13.12 13.75 14.47 15.29 16.19 17.19 18.28 19.46 20.72 22.08 23.53 25.07 26.70 28.43 30.27 32.25 34.35 36.56 38.86 41.23 43.55 45.61 47.38 48.88 50.17 51.26 52.21 53.05 53.81 54.48 55.08 55.58 56.00 56.33 56.57 56.72 56.78 56.74 56.61 56.39 56.16 55.96 55.80 55.66 55.53 55.40 55.24
22.68 21.79 20.99 20.27 19.57 18.85 18.11 17.36 16.61 15.86 15.12 14.41 13.73 13.08 12.48 11.93 11.45 11.04 10.71 10.46 10.28 10.20 10.20 10.31 10.52 10.79 11.10 11.46 11.87 12.33 12.87 13.50 14.21 15.01 15.89 16.86 17.91 19.05 20.28 21.59 22.98 24.46 26.03 27.68 29.42 31.27 33.25 35.34 37.53 39.80 42.04 44.03 45.75 47.24 48.53 49.66 50.69 51.64 52.52 53.31 54.03 54.67 55.22 55.69 56.08 56.38 56.59 56.71 56.74 56.68 56.54 56.38 56.24 56.13 56.03 55.92 55.79
23.79 22.96 22.20 21.47 20.70 19.91 19.10 18.28 17.45 16.63 15.82 15.03 14.27 13.56 12.88 12.27 11.71 11.23 10.83 10.51 10.29 10.16 10.14 10.23 10.42 10.67 10.96 11.29 11.68 12.13 12.67 13.28 13.97 14.75 15.60 16.54 17.56 18.65 19.83 21.09 22.42 23.84 25.34 26.91 28.57 30.31 32.15 34.11 36.18 38.33 40.47 42.38 44.05 45.50 46.79 47.98 49.10 50.15 51.12 52.03 52.85 53.60 54.28 54.87 55.39 55.82 56.17 56.43 56.61 56.70 56.70 56.63 56.53 56.44 56.37 56.29 56.20
24.82 24.06 23.30 22.52 21.69 20.84 19.96 19.08 18.19 17.31 16.44 15.60 14.78 14.01 13.28 12.60 11.99 11.45 10.99 10.62 10.34 10.17 10.11 10.17 10.35 10.57 10.84 11.15 11.52 11.97 12.49 13.09 13.77 14.51 15.34 16.24 17.21 18.26 19.38 20.58 21.85 23.20 24.63 26.12 27.70 29.34 31.07 32.89 34.82 36.84 38.87 40.68 42.27 43.70 45.02 46.27 47.47 48.59 49.65 50.64 51.56 52.41 53.18 53.88 54.51 55.06 55.53 55.92 56.23 56.45 56.60 56.65 56.64 56.59 56.55 56.50 56.44
25.75 25.00 24.21 23.37 22.50 21.60 20.68 19.75 18.82 17.89 16.98 16.09 15.22 14.40 13.63 12.91 12.25 11.67 11.17 10.75 10.43 10.22 10.12 10.15 10.30 10.51 10.75 11.05 11.41 11.85 12.36 12.94 13.59 14.30 15.09 15.95 16.87 17.87 18.94 20.07 21.28 22.55 23.90 25.31 26.80 28.35 29.97 31.66 33.45 35.33 37.22 38.93 40.45 41.88 43.25 44.55 45.80 46.99 48.11 49.18 50.17 51.10 51.96 52.75 53.47 54.12 54.69 55.19 55.61 55.96 56.23 56.41 56.52 56.55 56.54 56.53 56.51
26.48 25.71 24.88 24.01 23.11 22.17 21.22 20.26 19.29 18.34 17.39 16.47 15.57 14.72 13.92 13.17 12.48 11.87 11.33 10.89 10.54 10.30 10.17 10.17 10.29 10.47 10.70 10.99 11.35 11.78 12.26 12.82 13.43 14.12 14.86 15.67 16.55 17.49 18.50 19.56 20.70 21.89 23.16 24.48 25.87 27.33 28.84 30.42 32.07 33.80 35.55 37.15 38.65 40.10 41.50 42.84 44.13 45.36 46.54 47.65 48.71 49.70 50.63 51.49 52.29 53.02 53.68 54.27 54.79 55.24 55.61 55.91 56.13 56.27 56.34 56.37 56.38
26.94 26.15 25.30 24.41 23.49 22.54 21.57 20.58 19.60 18.62 17.66 16.72 15.81 14.94 14.11 13.35 12.64 12.01 11.46 11.00 10.64 10.38 10.24 10.22 10.31 10.48 10.71 10.99 11.34 11.74 12.21 12.73 13.31 13.95 14.66 15.42 16.24 17.12 18.05 19.05 20.11 21.22 22.40 23.63 24.92 26.27 27.68 29.15 30.68 32.26 33.87 35.43 36.93 38.39 39.80 41.16 42.47 43.73 44.94 46.09 47.19 48.22 49.20 50.12 50.98 51.78 52.51 53.18 53.78 54.31 54.77 55.17 55.49 55.73 55.90 56.01 56.05
27.18 26.38 25.52 24.62 23.69 22.73 21.75 20.75 19.76 18.78 17.80 16.86 15.94 15.06 14.23 13.45 12.74 12.11 11.55 11.08 10.72 10.45 10.30 10.28 10.39 10.55 10.77 11.04 11.37 11.75 12.18 12.67 13.21 13.81 14.46 15.16 15.92 16.73 17.60 18.52 19.49 20.52 21.60 22.74 23.92 25.16 26.46 27.81 29.21 30.68 32.22 33.75 35.25 36.70 38.11 39.48 40.80 42.07 43.30 44.48 45.60 46.67 47.69 48.65 49.56 50.41 51.20 51.93 52.59 53.20 53.74 54.21 54.62 54.96 55.22 55.44 55.58
27.35 26.54 25.68 24.77 23.83 22.86 21.88 20.88 19.88 18.89 17.91 16.96 16.04 15.15 14.32 13.54 12.83 12.18 11.63 11.16 10.78 10.52 10.37 10.37 10.50 10.69 10.89 11.14 11.44 11.78 12.18 12.63 13.12 13.66 14.25 14.89 15.58 16.32 17.10 17.94 18.82 19.75 20.73 21.76 22.83 23.96 25.13 26.35 27.63 29.02 30.52 32.03 33.51 34.95 36.36 37.72 39.05 40.33 41.57 42.76 43.91 45.01 46.06 47.06 48.01 48.90 49.74 50.53 51.26 51.93 52.54 53.09 53.57 54.00 54.38 54.79 55.13
27.49 26.67 25.80 24.89 23.94 22.97 21.98 20.98 19.97 18.98 18.00 17.04 16.11 15.23 14.39 13.61 12.89 12.25 11.69 11.21 10.84 10.58 10.45 10.48 10.65 10.86 11.08 11.30 11.56 11.87 12.22 12.61 13.04 13.52 14.04 14.61 15.22 15.87 16.57 17.31 18.09 18.92 19.78 20.70 21.65 22.65 23.69 24.78 25.98 27.33 28.79 30.25 31.71 33.13 34.53 35.89 37.21 38.50 39.75 40.95 42.12 43.24 44.32 45.36 46.34 47.28 48.17 49.01 49.79 50.52 51.20 51.82 52.38 52.91 53.46 54.07 54.63
