data_processed/recharge/precip/Precip_2001_01.asc
ncols        168
nrows        136
xllcorner    455000
yllcorner    2107000
cellsize     500
NODATA_value     -99999
[rows 38 to 75 of 136, columns 84 to 167 of 168]
2.14 2.02 1.90 1.78 1.65 1.53 1.40 1.28 1.16 1.06 1.00 0.95 0.94 0.95 0.98 1.04 1.13 1.24 1.38 1.53 1.71 1.90 2.10 2.31 2.52 2.73 2.95 3.16 3.36 3.55 3.71 3.84 3.93 3.99 4.01 4.01 3.99 3.97 3.93 3.87 3.81 3.73 3.64 3.54 3.43 3.32 3.20 3.08 2.96 2.84 2.73 2.62 2.51 2.41 2.31 2.22 2.16 2.11 2.09 2.08 2.09 2.13 2.19 2.28 2.38 2.51 2.64 2.79 2.94 3.11 3.27 3.42 3.54 3.63 3.70 3.74 3.76 3.76 3.74 3.70 3.65 3.59 3.53 3.48
2.18 2.06 1.94 1.82 1.71 1.59 1.48 1.37 1.28 1.21 1.17 1.15 1.15 1.18 1.23 1.30 1.40 1.52 1.67 1.83 2.00 2.19 2.38 2.58 2.78 2.98 3.17 3.36 3.54 3.70 3.84 3.95 4.02 4.05 4.06 4.06 4.04 4.01 3.97 3.91 3.84 3.75 3.66 3.55 3.44 3.31 3.19 3.06 2.94 2.81 2.69 2.57 2.46 2.35 2.24 2.15 2.06 2.00 1.95 1.93 1.94 1.98 2.04 2.13 2.23 2.36 2.49 2.64 2.80 2.97 3.13 3.28 3.41 3.51 3.58 3.64 3.67 3.68 3.67 3.65 3.61 3.57 3.51 3.46
2.21 2.10 1.99 1.87 1.77 1.66 1.56 1.47 1.41 1.37 1.35 1.35 1.38 1.42 1.49 1.58 1.68 1.81 1.96 2.13 2.30 2.48 2.67 2.86 3.04 3.22 3.39 3.56 3.70 3.83 3.94 4.03 4.08 4.10 4.11 4.11 4.09 4.05 4.00 3.94 3.86 3.78 3.68 3.56 3.44 3.31 3.18 3.05 2.92 2.79 2.66 2.53 2.41 2.29 2.18 2.08 1.98 1.90 1.84 1.81 1.82 1.85 1.91 2.00 2.10 2.23 2.36 2.51 2.67 2.83 3.00 3.16 3.29 3.39 3.47 3.53 3.57 3.59 3.59 3.58 3.56 3.53 3.49 3.44
2.26 2.15 2.04 1.93 1.82 1.73 1.65 1.60 1.57 1.55 1.55 1.57 1.62 1.68 1.76 1.85 1.97 2.11 2.26 2.43 2.60 2.77 2.95 3.13 3.29 3.45 3.60 3.74 3.86 3.95 4.03 4.08 4.12 4.15 4.15 4.15 4.12 4.09 4.03 3.97 3.89 3.80 3.69 3.57 3.45 3.31 3.17 3.03 2.90 2.76 2.62 2.49 2.37 2.24 2.13 2.02 1.92 1.83 1.76 1.73 1.72 1.75 1.81 1.89 1.99 2.11 2.25 2.39 2.55 2.71 2.88 3.03 3.16 3.27 3.36 3.42 3.46 3.49 3.51 3.51 3.50 3.48 3.45 3.41
2.30 2.20 2.09 1.99 1.89 1.82 1.77 1.74 1.73 1.74 1.76 1.81 1.86 1.94 2.03 2.14 2.26 2.40 2.56 2.72 2.89 3.06 3.23 3.39 3.54 3.68 3.80 3.91 4.00 4.06 4.10 4.13 4.16 4.18 4.19 4.18 4.16 4.12 4.06 3.99 3.91 3.82 3.71 3.58 3.45 3.31 3.16 3.02 2.88 2.73 2.59 2.46 2.32 2.20 2.08 1.96 1.86 1.77 1.71 1.67 1.66 1.68 1.73 1.81 1.90 2.02 2.15 2.29 2.44 2.60 2.77 2.92 3.05 3.15 3.24 3.31 3.36 3.39 3.41 3.42 3.42 3.41 3.39 3.37
2.36 2.25 2.15 2.06 1.98 1.93 1.90 1.90 1.91 1.94 1.99 2.04 2.12 2.20 2.31 2.42 2.55 2.69 2.85 3.02 3.18 3.34 3.49 3.64 3.77 3.89 3.99 4.06 4.12 4.15 4.17 4.19 4.20 4.22 4.22 4.21 4.19 4.15 4.09 4.02 3.93 3.83 3.72 3.59 3.45 3.31 3.16 3.01 2.86 2.71 2.57 2.43 2.29 2.15 2.03 1.91 1.81 1.73 1.68 1.64 1.62 1.64 1.68 1.75 1.83 1.94 2.06 2.20 2.35 2.50 2.66 2.81 2.93 3.04 3.12 3.19 3.24 3.28 3.30 3.32 3.32 3.32 3.32 3.30
2.41 2.31 2.22 2.15 2.09 2.06 2.06 2.07 2.10 2.15 2.21 2.29 2.37 2.47 2.58 2.70 2.84 2.98 3.14 3.30 3.46 3.61 3.75 3.88 3.99 4.08 4.15 4.20 4.22 4.24 4.25 4.25 4.25 4.25 4.25 4.24 4.21 4.17 4.11 4.04 3.95 3.85 3.73 3.60 3.46 3.30 3.15 3.00 2.84 2.69 2.54 2.40 2.25 2.12 1.99 1.88 1.79 1.71 1.66 1.63 1.61 1.62 1.65 1.71 1.79 1.88 2.00 2.13 2.26 2.41 2.56 2.70 2.82 2.92 3.01 3.07 3.12 3.16 3.19 3.21 3.22 3.22 3.23 3.23
2.47 2.38 2.31 2.26 2.23 2.22 2.23 2.25 2.30 2.36 2.44 2.53 2.63 2.74 2.85 2.98 3.12 3.27 3.42 3.58 3.73 3.86 3.99 4.10 4.19 4.25 4.30 4.32 4.32 4.33 4.33 4.32 4.31 4.30 4.28 4.26 4.23 4.19 4.13 4.06 3.97 3.86 3.74 3.61 3.46 3.30 3.15 2.99 2.83 2.68 2.52 2.37 2.23 2.09 1.97 1.86 1.78 1.71 1.67 1.64 1.62 1.63 1.65 1.69 1.76 1.85 1.95 2.07 2.19 2.33 2.47 2.60 2.72 2.81 2.89 2.95 3.00 3.04 3.07 3.09 3.10 3.12 3.13 3.13
2.54 2.47 2.42 2.39 2.38 2.39 2.41 2.45 2.51 2.58 2.67 2.77 2.88 3.00 3.12 3.25 3.39 3.54 3.69 3.84 3.98 4.10 4.21 4.30 4.37 4.41 4.42 4.43 4.43 4.42 4.41 4.40 4.38 4.35 4.32 4.29 4.25 4.21 4.15 4.07 3.98 3.87 3.75 3.61 3.46 3.30 3.14 2.98 2.82 2.66 2.51 2.35 2.21 2.07 1.96 1.87 1.79 1.73 1.69 1.66 1.65 1.65 1.67 1.70 1.75 1.83 1.92 2.02 2.14 2.26 2.39 2.51 2.62 2.70 2.78 2.83 2.88 2.91 2.94 2.96 2.98 3.00 3.02 3.03
2.63 2.58 2.55 2.54 2.55 2.57 2.61 2.66 2.73 2.81 2.90 3.01 3.13 3.25 3.38 3.51 3.65 3.80 3.94 4.09 4.21 4.32 4.41 4.48 4.52 4.54 4.54 4.54 4.54 4.52 4.50 4.48 4.45 4.41 4.37 4.33 4.28 4.22 4.16 4.09 3.99 3.88 3.76 3.62 3.47 3.31 3.14 2.98 2.81 2.65 2.49 2.34 2.20 2.08 1.97 1.89 1.82 1.76 1.73 1.70 1.69 1.69 1.71 1.73 1.77 1.83 1.90 1.99 2.09 2.20 2.32 2.43 2.52 2.60 2.66 2.71 2.75 2.78 2.80 2.83 2.86 2.88 2.90 2.92
2.74 2.71 2.70 2.71 2.73 2.76 2.81 2.87 2.95 3.04 3.14 3.25 3.37 3.50 3.63 3.76 3.90 4.04 4.18 4.31 4.43 4.52 4.59 4.64 4.66 4.66 4.66 4.66 4.64 4.62 4.59 4.56 4.52 4.48 4.43 4.37 4.31 4.25 4.18 4.10 4.01 3.90 3.77 3.63 3.47 3.31 3.14 2.98 2.81 2.65 2.49 2.34 2.21 2.10 2.01 1.93 1.86 1.81 1.78 1.75 1.74 1.74 1.75 1.78 1.81 1.85 1.91 1.98 2.06 2.16 2.26 2.35 2.43 2.49 2.55 2.58 2.61 2.64 2.67 2.70 2.73 2.76 2.78 2.81
2.86 2.86 2.86 2.88 2.92 2.97 3.02 3.09 3.18 3.27 3.37 3.48 3.60 3.73 3.86 3.99 4.13 4.26 4.40 4.52 4.62 4.70 4.75 4.77 4.78 4.79 4.78 4.77 4.75 4.72 4.69 4.65 4.60 4.55 4.49 4.43 4.35 4.28 4.20 4.11 4.02 3.91 3.78 3.64 3.48 3.31 3.15 2.98 2.81 2.65 2.50 2.36 2.24 2.14 2.05 1.98 1.92 1.88 1.84 1.82 1.81 1.81 1.81 1.83 1.85 1.89 1.93 1.98 2.05 2.12 2.20 2.28 2.34 2.39 2.43 2.46 2.49 2.51 2.54 2.57 2.60 2.63 2.66 2.69
3.01 3.02 3.04 3.07 3.12 3.17 3.24 3.32 3.40 3.50 3.60 3.71 3.83 3.95 4.08 4.21 4.34 4.47 4.59 4.70 4.79 4.84 4.88 4.89 4.90 4.90 4.90 4.88 4.86 4.82 4.79 4.74 4.69 4.63 4.56 4.48 4.41 4.32 4.23 4.13 4.03 3.92 3.79 3.65 3.49 3.32 3.15 2.98 2.82 2.66 2.52 2.40 2.29 2.20 2.12 2.05 2.00 1.95 1.92 1.90 1.89 1.88 1.89 1.90 1.91 1.94 1.96 2.00 2.04 2.10 2.16 2.22 2.26 2.30 2.32 2.34 2.37 2.39 2.42 2.45 2.48 2.51 2.54 2.58
3.16 3.19 3.22 3.27 3.32 3.39 3.46 3.54 3.63 3.72 3.82 3.93 4.04 4.16 4.28 4.40 4.52 4.64 4.76 4.85 4.92 4.97 4.99 5.01 5.02 5.02 5.01 4.99 4.96 4.93 4.88 4.83 4.77 4.71 4.63 4.55 4.46 4.37 4.27 4.16 4.05 3.93 3.80 3.66 3.50 3.33 3.16 2.99 2.84 2.69 2.57 2.46 2.36 2.27 2.20 2.14 2.09 2.05 2.01 1.99 1.98 1.97 1.97 1.97 1.98 1.99 2.01 2.03 2.06 2.09 2.13 2.16 2.19 2.21 2.22 2.24 2.26 2.28 2.31 2.33 2.36 2.40 2.43 2.47
3.33 3.37 3.42 3.47 3.53 3.60 3.68 3.76 3.85 3.94 4.04 4.14 4.25 4.35 4.46 4.57 4.68 4.79 4.90 4.98 5.03 5.07 5.10 5.12 5.13 5.13 5.12 5.10 5.07 5.03 4.98 4.93 4.86 4.79 4.71 4.62 4.53 4.43 4.32 4.20 4.08 3.95 3.81 3.67 3.51 3.34 3.17 3.02 2.87 2.75 2.63 2.53 2.44 2.36 2.29 2.24 2.19 2.15 2.12 2.09 2.08 2.06 2.06 2.05 2.06 2.06 2.06 2.07 2.08 2.09 2.11 2.12 2.12 2.13 2.13 2.15 2.16 2.18 2.20 2.23 2.26 2.29 2.32 2.36
3.51 3.56 3.61 3.68 3.74 3.82 3.90 3.98 4.07 4.16 4.25 4.34 4.44 4.53 4.63 4.73 4.82 4.92 5.00 5.07 5.13 5.17 5.20 5.22 5.23 5.23 5.22 5.20 5.17 5.13 5.08 5.02 4.95 4.88 4.79 4.70 4.60 4.49 4.37 4.25 4.12 3.98 3.84 3.69 3.52 3.36 3.20 3.06 2.93 2.81 2.71 2.62 2.54 2.47 2.40 2.35 2.30 2.27 2.23 2.21 2.19 2.17 2.16 2.15 2.14 2.13 2.12 2.12 2.11 2.10 2.09 2.08 2.07 2.07 2.07 2.07 2.08 2.10 2.12 2.14 2.17 2.20 2.23 2.26
3.69 3.75 3.81 3.88 3.95 4.03 4.11 4.19 4.27 4.36 4.44 4.53 4.61 4.69 4.78 4.86 4.93 5.01 5.08 5.15 5.21 5.25 5.29 5.31 5.32 5.33 5.32 5.30 5.26 5.22 5.17 5.11 5.04 4.96 4.88 4.78 4.67 4.56 4.44 4.31 4.17 4.02 3.87 3.71 3.54 3.39 3.25 3.12 3.00 2.90 2.80 2.72 2.65 2.58 2.52 2.47 2.43 2.39 2.36 2.33 2.30 2.28 2.26 2.24 2.22 2.21 2.19 2.17 2.14 2.12 2.09 2.07 2.05 2.03 2.02 2.02 2.03 2.03 2.05 2.07 2.09 2.11 2.14 2.18
3.85 3.92 3.99 4.06 4.14 4.22 4.29 4.37 4.45 4.53 4.61 4.68 4.75 4.82 4.89 4.95 5.01 5.07 5.14 5.21 5.27 5.32 5.36 5.39 5.40 5.41 5.40 5.38 5.35 5.31 5.26 5.20 5.13 5.05 4.96 4.86 4.75 4.63 4.50 4.36 4.22 4.07 3.91 3.74 3.57 3.41 3.28 3.17 3.07 2.98 2.89 2.82 2.75 2.69 2.64 2.59 2.55 2.51 2.48 2.44 2.42 2.39 2.36 2.33 2.30 2.28 2.24 2.21 2.17 2.13 2.09 2.06 2.03 2.01 1.99 1.98 1.98 1.98 1.99 2.00 2.02 2.04 2.07 2.10
3.99 4.07 4.14 4.22 4.30 4.37 4.45 4.53 4.60 4.67 4.74 4.80 4.86 4.91 4.96 5.01 5.05 5.10 5.17 5.25 5.31 5.37 5.42 5.45 5.47 5.48 5.47 5.46 5.43 5.39 5.34 5.28 5.21 5.12 5.03 4.93 4.82 4.69 4.56 4.42 4.27 4.11 3.95 3.77 3.60 3.44 3.31 3.21 3.12 3.04 2.97 2.90 2.84 2.79 2.74 2.70 2.66 2.62 2.58 2.55 2.52 2.48 2.45 2.41 2.38 2.33 2.29 2.24 2.19 2.14 2.10 2.07 2.03 2.00 1.98 1.96 1.94 1.94 1.94 1.95 1.96 1.98 2.00 2.02
4.11 4.19 4.27 4.35 4.43 4.51 4.58 4.65 4.72 4.78 4.84 4.89 4.93 4.97 5.01 5.03 5.07 5.13 5.20 5.27 5.34 5.40 5.45 5.49 5.51 5.53 5.53 5.51 5.49 5.45 5.40 5.34 5.27 5.19 5.10 4.99 4.88 4.76 4.62 4.48 4.32 4.16 3.99 3.81 3.64 3.47 3.34 3.24 3.16 3.09 3.03 2.97 2.92 2.87 2.83 2.79 2.75 2.71 2.68 2.64 2.61 2.57 2.53 2.48 2.44 2.39 2.33 2.27 2.21 2.16 2.12 2.08 2.04 2.00 1.97 1.94 1.92 1.91 1.90 1.90 1.90 1.92 1.93 1.96
4.20 4.29 4.38 4.46 4.54 4.61 4.68 4.74 4.80 4.86 4.90 4.94 4.97 5.00 5.02 5.04 5.08 5.13 5.20 5.28 5.35 5.41 5.46 5.51 5.54 5.56 5.56 5.56 5.54 5.50 5.46 5.40 5.33 5.25 5.16 5.05 4.94 4.81 4.68 4.53 4.37 4.21 4.04 3.86 3.68 3.51 3.37 3.27 3.19 3.13 3.08 3.03 2.99 2.95 2.91 2.87 2.84 2.80 2.76 2.73 2.69 2.64 2.60 2.55 2.49 2.43 2.36 2.29 2.23 2.18 2.13 2.09 2.05 2.01 1.97 1.94 1.91 1.88 1.87 1.86 1.86 1.86 1.88 1.90
4.28 4.37 4.46 4.54 4.62 4.69 4.76 4.81 4.86 4.91 4.94 4.97 4.98 4.99 5.01 5.03 5.07 5.13 5.20 5.27 5.34 5.41 5.46 5.51 5.55 5.58 5.59 5.59 5.57 5.54 5.50 5.45 5.38 5.30 5.21 5.11 4.99 4.86 4.73 4.58 4.42 4.26 4.09 3.91 3.73 3.56 3.42 3.30 3.22 3.16 3.12 3.08 3.05 3.01 2.98 2.95 2.91 2.88 2.84 2.80 2.76 2.71 2.66 2.60 2.53 2.46 2.39 2.32 2.26 2.20 2.16 2.11 2.07 2.03 1.99 1.94 1.90 1.87 1.85 1.83 1.82 1.82 1.83 1.84
4.33 4.43 4.52 4.60 4.68 4.75 4.81 4.86 4.90 4.93 4.95 4.96 4.97 4.97 4.99 5.01 5.05 5.11 5.18 5.26 5.33 5.39 5.45 5.50 5.54 5.57 5.59 5.60 5.59 5.56 5.53 5.48 5.42 5.34 5.25 5.15 5.04 4.91 4.77 4.63 4.47 4.31 4.14 3.96 3.78 3.61 3.46 3.35 3.26 3.19 3.15 3.12 3.09 3.07 3.04 3.01 2.98 2.95 2.91 2.87 2.82 2.77 2.71 2.64 2.57 2.50 2.42 2.35 2.29 2.23 2.18 2.14 2.09 2.05 2.00 1.96 1.91 1.87 1.84 1.81 1.80 1.79 1.79 1.79
4.37 4.47 4.56 4.64 4.71 4.78 4.83 4.87 4.91 4.93 4.93 4.93 4.93 4.94 4.96 4.98 5.02 5.08 5.15 5.23 5.30 5.36 5.42 5.47 5.51 5.55 5.58 5.59 5.59 5.57 5.54 5.50 5.44 5.37 5.28 5.19 5.07 4.95 4.82 4.68 4.52 4.36 4.19 4.02 3.83 3.66 3.51 3.40 3.30 3.23 3.18 3.15 3.13 3.11 3.09 3.07 3.04 3.01 2.97 2.93 2.88 2.82 2.76 2.68 2.61 2.53 2.46 2.39 2.32 2.26 2.21 2.16 2.12 2.07 2.02 1.97 1.93 1.88 1.84 1.80 1.78 1.76 1.75 1.75
4.39 4.49 4.58 4.66 4.73 4.79 4.84 4.87 4.89 4.90 4.89 4.89 4.89 4.90 4.91 4.94 4.98 5.04 5.11 5.19 5.26 5.32 5.38 5.43 5.48 5.52 5.55 5.57 5.57 5.57 5.54 5.51 5.45 5.39 5.31 5.21 5.11 4.99 4.86 4.72 4.57 4.42 4.25 4.07 3.89 3.72 3.57 3.45 3.35 3.28 3.22 3.18 3.16 3.15 3.13 3.11 3.09 3.06 3.02 2.98 2.93 2.87 2.80 2.72 2.65 2.57 2.50 2.42 2.36 2.29 2.24 2.19 2.14 2.09 2.04 1.99 1.95 1.90 1.85 1.81 1.77 1.75 1.73 1.72
4.40 4.50 4.59 4.66 4.73 4.78 4.82 4.84 4.85 4.85 4.84 4.84 4.84 4.85 4.86 4.89 4.93 4.99 5.06 5.13 5.20 5.27 5.33 5.38 5.43 5.47 5.50 5.53 5.54 5.54 5.53 5.50 5.45 5.39 5.32 5.23 5.13 5.02 4.90 4.76 4.62 4.47 4.30 4.13 3.95 3.77 3.63 3.51 3.41 3.33 3.27 3.23 3.20 3.18 3.17 3.15 3.13 3.10 3.07 3.02 2.97 2.90 2.83 2.76 2.69 2.61 2.53 2.46 2.39 2.33 2.27 2.22 2.17 2.12 2.07 2.02 1.97 1.92 1.87 1.82 1.78 1.74 1.71 1.70
4.41 4.49 4.57 4.65 4.71 4.75 4.78 4.79 4.79 4.78 4.78 4.78 4.78 4.79 4.81 4.83 4.87 4.93 5.00 5.07 5.14 5.21 5.27 5.32 5.37 5.41 5.45 5.48 5.50 5.50 5.50 5.48 5.44 5.39 5.32 5.24 5.15 5.04 4.93 4.80 4.66 4.51 4.35 4.18 4.00 3.83 3.69 3.57 3.47 3.38 3.32 3.27 3.24 3.21 3.20 3.19 3.17 3.14 3.11 3.06 3.01 2.94 2.87 2.80 2.72 2.65 2.57 2.50 2.43 2.37 2.31 2.25 2.20 2.15 2.09 2.04 1.99 1.94 1.89 1.84 1.79 1.74 1.71 1.69
4.42 4.49 4.55 4.61 4.67 4.70 4.72 4.72 4.72 4.72 4.71 4.71 4.71 4.72 4.74 4.77 4.81 4.86 4.93 5.01 5.08 5.14 5.20 5.26 5.30 5.35 5.38 5.41 5.43 5.45 5.45 5.44 5.41 5.37 5.31 5.24 5.16 5.06 4.95 4.83 4.70 4.56 4.40 4.24 4.06 3.89 3.75 3.63 3.53 3.44 3.38 3.32 3.28 3.25 3.23 3.22 3.20 3.18 3.14 3.10 3.04 2.98 2.91 2.84 2.76 2.69 2.61 2.54 2.47 2.40 2.34 2.29 2.23 2.18 2.12 2.07 2.01 1.96 1.91 1.86 1.81 1.76 1.72 1.68
4.42 4.47 4.53 4.57 4.61 4.64 4.65 4.65 4.65 4.64 4.64 4.64 4.64 4.65 4.67 4.70 4.74 4.79 4.86 4.93 5.00 5.07 5.13 5.18 5.23 5.27 5.31 5.34 5.36 5.38 5.39 5.39 5.37 5.34 5.29 5.23 5.16 5.07 4.97 4.86 4.74 4.60 4.45 4.29 4.12 3.95 3.81 3.69 3.59 3.50 3.44 3.38 3.34 3.30 3.27 3.25 3.23 3.21 3.17 3.13 3.08 3.02 2.95 2.88 2.80 2.73 2.65 2.58 2.51 2.44 2.38 2.32 2.26 2.20 2.15 2.09 2.04 1.98 1.93 1.88 1.83 1.78 1.73 1.69
4.41 4.46 4.49 4.52 4.55 4.56 4.57 4.57 4.57 4.57 4.56 4.56 4.57 4.57 4.59 4.62 4.66 4.71 4.78 4.85 4.92 4.98 5.04 5.10 5.15 5.19 5.23 5.26 5.29 5.31 5.32 5.32 5.31 5.30 5.26 5.21 5.15 5.07 4.98 4.88 4.77 4.64 4.49 4.34 4.17 4.01 3.87 3.75 3.65 3.57 3.50 3.44 3.39 3.35 3.32 3.29 3.26 3.23 3.20 3.16 3.11 3.05 2.99 2.92 2.84 2.77 2.69 2.62 2.54 2.47 2.41 2.35 2.29 2.23 2.18 2.12 2.06 2.01 1.95 1.90 1.85 1.80 1.75 1.70
4.40 4.43 4.46 4.47 4.48 4.48 4.48 4.49 4.49 4.49 4.48 4.48 4.49 4.49 4.51 4.54 4.58 4.63 4.69 4.76 4.83 4.90 4.96 5.01 5.06 5.10 5.14 5.18 5.20 5.22 5.24 5.24 5.25 5.24 5.22 5.18 5.13 5.07 4.99 4.89 4.79 4.67 4.53 4.38 4.22 4.07 3.93 3.81 3.72 3.63 3.56 3.50 3.45 3.41 3.37 3.34 3.30 3.27 3.23 3.19 3.14 3.08 3.02 2.95 2.88 2.80 2.73 2.65 2.58 2.51 2.45 2.38 2.32 2.26 2.20 2.15 2.09 2.03 1.97 1.92 1.87 1.82 1.77 1.72
4.39 4.41 4.41 4.41 4.41 4.41 4.40 4.40 4.40 4.40 4.40 4.40 4.40 4.41 4.43 4.45 4.49 4.54 4.61 4.67 4.74 4.80 4.86 4.92 4.97 5.01 5.05 5.09 5.11 5.13 5.15 5.16 5.17 5.17 5.16 5.14 5.10 5.05 4.98 4.90 4.80 4.69 4.56 4.42 4.27 4.12 3.99 3.88 3.78 3.70 3.63 3.57 3.52 3.47 3.43 3.39 3.35 3.30 3.26 3.22 3.17 3.12 3.05 2.99 2.91 2.84 2.76 2.69 2.61 2.54 2.48 2.42 2.35 2.29 2.23 2.17 2.11 2.05 2.00 1.94 1.89 1.84 1.79 1.74
4.37 4.37 4.37 4.36 4.35 4.34 4.33 4.32 4.32 4.32 4.32 4.31 4.32 4.33 4.34 4.37 4.40 4.45 4.51 4.58 4.65 4.71 4.77 4.82 4.87 4.92 4.96 4.99 5.02 5.04 5.06 5.08 5.09 5.10 5.10 5.09 5.06 5.02 4.97 4.89 4.81 4.70 4.59 4.45 4.31 4.16 4.04 3.93 3.84 3.76 3.69 3.63 3.58 3.53 3.49 3.44 3.39 3.35 3.30 3.25 3.20 3.14 3.08 3.02 2.95 2.87 2.80 2.72 2.65 2.58 2.51 2.45 2.38 2.32 2.26 2.20 2.14 2.08 2.02 1.96 1.91 1.85 1.80 1.75
4.34 4.33 4.32 4.30 4.29 4.27 4.26 4.25 4.24 4.23 4.23 4.23 4.23 4.24 4.25 4.28 4.31 4.36 4.42 4.49 4.55 4.61 4.67 4.72 4.77 4.82 4.86 4.89 4.92 4.95 4.97 4.99 5.01 5.02 5.02 5.02 5.01 4.98 4.94 4.88 4.80 4.71 4.60 4.48 4.34 4.21 4.09 3.99 3.90 3.82 3.76 3.70 3.65 3.60 3.55 3.50 3.44 3.39 3.34 3.28 3.23 3.17 3.11 3.04 2.98 2.90 2.83 2.75 2.68 2.61 2.54 2.47 2.41 2.34 2.28 2.22 2.16 2.10 2.04 1.98 1.93 1.87 1.82 1.77
4.31 4.29 4.27 4.25 4.23 4.21 4.19 4.18 4.16 4.15 4.15 4.15 4.15 4.15 4.17 4.19 4.22 4.27 4.33 4.39 4.45 4.51 4.57 4.62 4.67 4.71 4.75 4.79 4.82 4.85 4.88 4.90 4.92 4.94 4.94 4.95 4.94 4.93 4.90 4.85 4.79 4.71 4.61 4.50 4.37 4.24 4.13 4.04 3.95 3.88 3.82 3.76 3.71 3.66 3.60 3.55 3.49 3.43 3.38 3.32 3.26 3.19 3.13 3.07 3.00 2.93 2.85 2.78 2.70 2.63 2.56 2.50 2.43 2.37 2.30 2.24 2.18 2.12 2.06 2.00 1.94 1.89 1.83 1.78
4.27 4.25 4.23 4.21 4.18 4.16 4.13 4.11 4.09 4.08 4.07 4.06 4.06 4.07 4.08 4.10 4.13 4.17 4.23 4.29 4.35 4.41 4.47 4.52 4.57 4.61 4.65 4.69 4.73 4.76 4.79 4.81 4.83 4.85 4.86 4.87 4.87 4.86 4.85 4.81 4.76 4.69 4.61 4.51 4.39 4.27 4.17 4.08 4.01 3.94 3.88 3.83 3.77 3.72 3.66 3.60 3.54 3.48 3.41 3.35 3.29 3.22 3.16 3.09 3.02 2.95 2.88 2.80 2.73 2.65 2.59 2.52 2.45 2.39 2.32 2.26 2.20 2.13 2.07 2.01 1.96 1.90 1.85 1.79
4.24 4.21 4.19 4.16 4.13 4.10 4.07 4.05 4.03 4.01 3.99 3.98 3.98 3.98 3.99 4.01 4.04 4.08 4.14 4.20 4.26 4.31 4.37 4.42 4.46 4.51 4.55 4.59 4.63 4.66 4.70 4.72 4.75 4.77 4.78 4.79 4.79 4.79 4.78 4.76 4.73 4.67 4.60 4.51 4.40 4.29 4.20 4.12 4.05 3.99 3.93 3.88 3.82 3.77 3.70 3.64 3.58 3.51 3.45 3.38 3.31 3.25 3.18 3.11 3.04 2.97 2.90 2.82 2.75 2.67 2.60 2.54 2.47 2.40 2.34 2.27 2.21 2.15 2.09 2.03 1.97 1.91 1.85 1.80
4.20 4.17 4.14 4.11 4.08 4.05 4.02 3.99 3.96 3.94 3.92 3.91 3.90 3.90 3.91 3.93 3.95 3.99 4.05 4.10 4.16 4.21 4.27 4.32 4.36 4.41 4.45 4.49 4.53 4.57 4.60 4.63 4.66 4.68 4.70 4.71 4.71 4.71 4.71 4.70 4.67 4.63 4.57 4.50 4.40 4.31 4.22 4.15 4.09 4.04 3.98 3.92 3.87 3.81 3.74 3.68 3.61 3.55 3.48 3.41 3.34 3.27 3.20 3.12 3.05 2.98 2.91 2.84 2.76 2.69 2.62 2.55 2.48 2.41 2.35 2.28 2.22 2.16 2.09 2.03 1.97 1.92 1.86 1.81
