data_processed/recharge/precip/Precip_1998_12.asc
ncols        168
nrows        136
xllcorner    455000
yllcorner    2107000
cellsize     500
NODATA_value     -99999
[rows 0 to 37 of 136, columns 84 to 167 of 168]
0.00 0.00 0.00 0.00 0.00 0.00 0.00 0.00 0.00 0.00 0.00 0.00 0.00 0.00 0.00 0.00 0.00 0.03 0.04 0.00 0.00 0.00 0.00 0.00 0.00 0.00 0.00 0.00 0.00 0.00 0.00 0.00 0.00 0.00 0.00 0.00 0.00 0.00 0.00 0.00 0.00 0.00 0.00 0.00 0.00 0.00 0.00 0.00 0.00 0.00 0.00 0.00 0.00 0.00 0.00 0.00 0.00 0.00 0.00 0.00 0.00 0.00 0.21 0.78 1.50 2.39 3.33 3.91 4.07 3.84 3.25 2.35 1.31 0.28 0.00 0.00 0.00 0.00 0.00 0.00 0.00 0.00 0.00 0.00
0.39 0.09 0.00 0.00 0.00 0.00 0.00 0.00 0.00 0.00 0.00 0.00 0.00 0.00 0.00 0.00 0.00 0.00 0.00 0.00 0.00 0.00 0.00 0.00 0.00 0.00 0.00 0.00 0.00 0.00 0.00 0.00 0.00 0.00 0.00 0.00 0.00 0.00 0.00 0.00 0.00 0.00 0.00 0.00 0.00 0.00 0.00 0.00 0.00 0.00 0.00 0.00 0.00 0.00 0.00 0.00 0.00 0.00 0.00 0.00 0.13 0.43 0.81 1.31 1.95 2.77 3.62 4.09 4.13 3.76 3.03 2.13 1.19 0.24 0.00 0.00 0.00 0.00 0.00 0.00 0.00 0.00 0.00 0.00
0.89 0.58 0.30 0.06 0.00 0.00 0.00 0.00 0.00 0.00 0.00 0.00 0.00 0.00 0.00 0.00 0.00 0.00 0.00 0.00 0.00 0.00 0.00 0.00 0.00 0.00 0.00 0.00 0.00 0.00 0.00 0.00 0.00 0.00 0.00 0.00 0.00 0.00 0.00 0.00 0.00 0.00 0.00 0.00 0.00 0.00 0.00 0.00 0.00 0.00 0.00 0.00 0.00 0.00 0.00 0.00 0.00 0.06 0.30 0.55 0.83 1.14 1.47 1.89 2.45 3.18 3.93 4.28 4.18 3.68 2.96 2.17 1.34 0.48 0.00 0.00 0.00 0.00 0.00 0.00 0.00 0.00 0.00 0.00
1.44 1.12 0.83 0.57 0.33 0.12 0.00 0.00 0.00 0.00 0.00 0.00 0.00 0.00 0.00 0.00 0.00 0.00 0.00 0.00 0.00 0.00 0.00 0.00 0.00 0.00 0.00 0.00 0.00 0.00 0.00 0.00 0.00 0.00 0.00 0.00 0.00 0.00 0.00 0.00 0.00 0.00 0.00 0.00 0.00 0.00 0.00 0.00 0.00 0.00 0.00 0.00 0.00 0.00 0.13 0.32 0.52 0.74 0.98 1.24 1.53 1.83 2.17 2.54 3.00 3.62 4.25 4.48 4.25 3.77 3.19 2.52 1.79 1.01 0.20 0.00 0.00 0.00 0.00 0.00 0.00 0.00 0.00 0.00
2.02 1.71 1.41 1.13 0.87 0.63 0.42 0.23 0.07 0.00 0.00 0.00 0.00 0.00 0.00 0.00 0.00 0.00 0.00 0.00 0.00 0.00 0.00 0.00 0.00 0.00 0.00 0.00 0.00 0.00 0.00 0.00 0.00 0.00 0.00 0.00 0.00 0.00 0.00 0.00 0.00 0.00 0.00 0.00 0.00 0.00 0.00 0.00 0.00 0.03 0.17 0.31 0.46 0.62 0.79 0.97 1.18 1.40 1.64 1.90 2.18 2.49 2.82 3.19 3.59 4.09 4.60 4.71 4.52 4.19 3.74 3.20 2.57 1.87 1.12 0.33 0.00 0.00 0.00 0.00 0.00 0.00 0.00 0.00
2.65 2.33 2.02 1.73 1.45 1.19 0.94 0.72 0.52 0.33 0.17 0.04 0.00 0.00 0.00 0.00 0.00 0.00 0.00 0.00 0.00 0.00 0.00 0.00 0.00 0.00 0.00 0.00 0.00 0.00 0.00 0.00 0.00 0.00 0.00 0.00 0.00 0.00 0.00 0.00 0.00 0.00 0.00 0.00 0.08 0.19 0.31 0.42 0.54 0.66 0.79 0.92 1.07 1.22 1.39 1.58 1.78 1.99 2.23 2.49 2.77 3.08 3.41 3.77 4.16 4.60 5.00 5.15 5.13 4.96 4.65 4.22 3.69 3.07 2.38 1.63 0.83 0.01 0.00 0.00 0.00 0.00 0.00 0.00
3.32 2.99 2.67 2.36 2.06 1.77 1.50 1.24 0.99 0.76 0.54 0.35 0.17 0.02 0.00 0.00 0.00 0.00 0.00 0.00 0.00 0.00 0.00 0.00 0.00 0.00 0.00 0.00 0.00 0.00 0.00 0.00 0.00 0.00 0.00 0.00 0.00 0.00 0.00 0.07 0.21 0.35 0.47 0.58 0.69 0.79 0.90 1.01 1.12 1.23 1.36 1.48 1.62 1.77 1.94 2.11 2.31 2.52 2.76 3.01 3.29 3.59 3.92 4.28 4.67 5.09 5.53 5.86 6.02 6.01 5.84 5.53 5.10 4.56 3.93 3.21 2.44 1.61 0.75 0.00 0.00 0.00 0.00 0.00
4.01 3.68 3.34 3.01 2.68 2.36 2.05 1.74 1.44 1.16 0.88 0.62 0.37 0.15 0.00 0.00 0.00 0.00 0.00 0.00 0.00 0.00 0.00 0.00 0.00 0.00 0.00 0.00 0.00 0.00 0.00 0.00 0.00 0.00 0.07 0.15 0.25 0.36 0.48 0.62 0.79 0.95 1.07 1.17 1.27 1.37 1.47 1.57 1.67 1.78 1.89 2.02 2.15 2.29 2.45 2.62 2.81 3.02 3.25 3.50 3.77 4.07 4.39 4.75 5.14 5.57 6.05 6.51 6.85 7.01 7.00 6.82 6.50 6.06 5.49 4.83 4.09 3.28 2.41 1.51 0.58 0.00 0.00 0.00
4.73 4.37 4.01 3.65 3.29 2.93 2.57 2.21 1.85 1.50 1.16 0.83 0.51 0.24 0.06 0.00 0.00 0.00 0.00 0.00 0.00 0.00 0.00 0.00 0.00 0.00 0.01 0.04 0.08 0.12 0.18 0.24 0.30 0.38 0.47 0.57 0.67 0.79 0.93 1.10 1.30 1.50 1.64 1.75 1.84 1.93 2.02 2.11 2.21 2.31 2.41 2.53 2.65 2.79 2.94 3.11 3.29 3.50 3.72 3.96 4.23 4.53 4.85 5.20 5.60 6.06 6.56 7.06 7.52 7.86 8.02 7.99 7.80 7.46 6.99 6.40 5.71 4.92 4.07 3.15 2.19 1.21 0.21 0.00
5.44 5.06 4.67 4.27 3.87 3.46 3.04 2.63 2.21 1.79 1.37 0.96 0.59 0.32 0.14 0.03 0.00 0.00 0.00 0.00 0.02 0.05 0.08 0.11 0.15 0.19 0.23 0.28 0.33 0.39 0.46 0.53 0.61 0.70 0.80 0.91 1.03 1.16 1.32 1.52 1.76 1.99 2.17 2.30 2.39 2.47 2.55 2.63 2.72 2.81 2.91 3.02 3.14 3.27 3.42 3.58 3.76 3.95 4.17 4.41 4.67 4.96 5.29 5.65 6.07 6.55 7.07 7.59 8.09 8.55 8.88 9.02 8.98 8.76 8.40 7.89 7.26 6.52 5.69 4.78 3.81 2.79 1.74 0.67
6.15 5.74 5.31 4.86 4.41 3.94 3.47 2.98 2.49 1.99 1.49 1.04 0.68 0.40 0.21 0.10 0.04 0.02 0.02 0.05 0.10 0.14 0.19 0.24 0.29 0.35 0.41 0.47 0.54 0.61 0.69 0.77 0.86 0.96 1.07 1.19 1.32 1.47 1.66 1.89 2.16 2.42 2.63 2.79 2.91 2.99 3.06 3.14 3.22 3.30 3.39 3.49 3.61 3.73 3.87 4.02 4.20 4.39 4.60 4.84 5.10 5.38 5.72 6.11 6.55 7.05 7.59 8.12 8.63 9.12 9.57 9.89 10.00 9.93 9.69 9.28 8.74 8.06 7.27 6.38 5.41 4.37 3.28 2.15
6.84 6.38 5.91 5.41 4.90 4.36 3.82 3.26 2.69 2.11 1.57 1.12 0.75 0.47 0.28 0.17 0.10 0.07 0.07 0.10 0.15 0.21 0.27 0.34 0.40 0.47 0.54 0.62 0.70 0.78 0.87 0.96 1.06 1.17 1.28 1.41 1.56 1.74 1.96 2.21 2.51 2.80 3.04 3.23 3.38 3.48 3.55 3.62 3.69 3.77 3.85 3.95 4.05 4.17 4.30 4.45 4.62 4.81 5.01 5.24 5.50 5.80 6.15 6.56 7.03 7.55 8.10 8.65 9.18 9.68 10.15 10.58 10.87 10.96 10.85 10.56 10.11 9.52 8.78 7.93 6.98 5.94 4.83 3.66
7.49 6.99 6.45 5.89 5.31 4.71 4.09 3.44 2.79 2.17 1.64 1.19 0.82 0.55 0.35 0.23 0.16 0.12 0.12 0.14 0.19 0.25 0.33 0.41 0.48 0.56 0.65 0.73 0.82 0.91 1.01 1.11 1.21 1.33 1.45 1.59 1.77 1.97 2.21 2.49 2.81 3.13 3.39 3.61 3.79 3.92 4.02 4.08 4.15 4.22 4.29 4.38 4.48 4.59 4.72 4.86 5.02 5.20 5.40 5.63 5.90 6.22 6.60 7.03 7.51 8.04 8.61 9.17 9.71 10.23 10.71 11.16 11.56 11.81 11.86 11.71 11.37 10.87 10.21 9.42 8.50 7.47 6.35 5.16
8.09 7.53 6.93 6.31 5.65 4.97 4.26 3.53 2.84 2.23 1.70 1.25 0.89 0.61 0.42 0.29 0.21 0.17 0.16 0.18 0.22 0.29 0.37 0.45 0.54 0.63 0.72 0.81 0.91 1.01 1.11 1.21 1.33 1.45 1.58 1.74 1.93 2.16 2.42 2.72 3.07 3.41 3.70 3.95 4.15 4.31 4.43 4.52 4.58 4.65 4.72 4.79 4.89 4.99 5.11 5.25 5.40 5.58 5.77 6.01 6.30 6.65 7.04 7.49 7.98 8.53 9.12 9.69 10.24 10.76 11.25 11.71 12.13 12.49 12.70 12.70 12.49 12.10 11.54 10.81 9.94 8.95 7.84 6.63
8.63 8.00 7.33 6.63 5.90 5.13 4.33 3.57 2.88 2.28 1.75 1.32 0.96 0.68 0.48 0.34 0.26 0.21 0.20 0.22 0.26 0.32 0.40 0.49 0.58 0.68 0.78 0.87 0.97 1.08 1.18 1.29 1.41 1.54 1.69 1.87 2.07 2.31 2.59 2.91 3.28 3.64 3.96 4.23 4.46 4.64 4.79 4.91 4.99 5.05 5.11 5.19 5.27 5.37 5.48 5.61 5.76 5.93 6.14 6.40 6.71 7.07 7.49 7.95 8.46 9.02 9.61 10.20 10.76 11.29 11.78 12.25 12.67 13.04 13.36 13.52 13.46 13.19 12.73 12.10 11.30 10.35 9.26 8.04
9.09 8.39 7.64 6.86 6.03 5.17 4.34 3.58 2.91 2.32 1.81 1.37 1.02 0.74 0.53 0.40 0.31 0.26 0.24 0.25 0.29 0.35 0.43 0.51 0.61 0.71 0.81 0.91 1.02 1.12 1.23 1.34 1.47 1.61 1.77 1.96 2.18 2.44 2.73 3.07 3.46 3.84 4.17 4.47 4.72 4.93 5.10 5.24 5.35 5.43 5.49 5.56 5.64 5.73 5.83 5.96 6.10 6.28 6.51 6.79 7.12 7.50 7.93 8.41 8.93 9.50 10.10 10.69 11.26 11.79 12.30 12.76 13.19 13.56 13.89 14.15 14.25 14.12 13.79 13.25 12.54 11.65 10.58 9.31
9.46 8.68 7.85 6.97 6.05 5.16 4.34 3.60 2.94 2.36 1.85 1.42 1.07 0.79 0.58 0.44 0.35 0.30 0.28 0.28 0.32 0.38 0.45 0.54 0.64 0.74 0.84 0.94 1.05 1.15 1.26 1.38 1.51 1.66 1.83 2.03 2.27 2.53 2.84 3.20 3.60 4.00 4.35 4.66 4.93 5.17 5.36 5.53 5.66 5.77 5.85 5.91 5.98 6.06 6.16 6.28 6.44 6.64 6.89 7.19 7.54 7.93 8.37 8.86 9.39 9.97 10.58 11.18 11.75 12.29 12.79 13.26 13.68 14.06 14.38 14.65 14.84 14.87 14.68 14.26 13.65 12.81 11.74 10.44
9.71 8.85 7.93 6.96 6.01 5.13 4.32 3.60 2.96 2.39 1.89 1.47 1.12 0.84 0.63 0.49 0.39 0.33 0.31 0.31 0.35 0.40 0.48 0.56 0.66 0.76 0.86 0.97 1.07 1.17 1.28 1.40 1.54 1.70 1.88 2.09 2.33 2.61 2.93 3.30 3.71 4.12 4.49 4.82 5.11 5.36 5.58 5.77 5.92 6.05 6.15 6.23 6.30 6.38 6.47 6.60 6.78 7.00 7.27 7.58 7.95 8.35 8.81 9.30 9.85 10.43 11.05 11.65 12.22 12.76 13.27 13.73 14.15 14.53 14.84 15.11 15.31 15.43 15.38 15.11 14.58 13.77 12.70 11.40
9.80 8.89 7.89 6.88 5.94 5.09 4.31 3.60 2.97 2.41 1.92 1.51 1.16 0.89 0.67 0.53 0.43 0.36 0.34 0.34 0.37 0.42 0.50 0.58 0.68 0.78 0.89 0.99 1.09 1.19 1.30 1.42 1.56 1.72 1.91 2.12 2.37 2.66 2.99 3.37 3.79 4.22 4.60 4.95 5.25 5.52 5.75 5.96 6.13 6.28 6.41 6.51 6.59 6.67 6.78 6.93 7.12 7.36 7.65 7.98 8.35 8.77 9.23 9.74 10.29 10.88 11.50 12.10 12.67 13.21 13.72 14.18 14.60 14.97 15.28 15.53 15.73 15.85 15.89 15.73 15.27 14.50 13.47 12.18
9.71 8.76 7.76 6.78 5.87 5.04 4.28 3.59 2.97 2.43 1.95 1.54 1.20 0.92 0.71 0.56 0.46 0.39 0.36 0.36 0.39 0.45 0.52 0.60 0.70 0.80 0.91 1.01 1.11 1.21 1.32 1.44 1.58 1.74 1.93 2.15 2.40 2.70 3.03 3.42 3.85 4.29 4.68 5.04 5.36 5.64 5.89 6.11 6.30 6.47 6.62 6.74 6.85 6.96 7.09 7.26 7.47 7.73 8.03 8.37 8.75 9.18 9.65 10.16 10.72 11.31 11.93 12.53 13.11 13.65 14.15 14.60 15.02 15.38 15.68 15.93 16.11 16.22 16.24 16.09 15.70 15.00 14.02 12.78
9.46 8.52 7.58 6.67 5.80 4.98 4.24 3.57 2.97 2.44 1.97 1.57 1.23 0.96 0.74 0.59 0.48 0.41 0.38 0.38 0.41 0.46 0.53 0.62 0.72 0.82 0.93 1.03 1.13 1.24 1.34 1.46 1.60 1.76 1.95 2.17 2.42 2.72 3.06 3.45 3.89 4.34 4.74 5.11 5.44 5.73 5.99 6.23 6.44 6.62 6.78 6.93 7.07 7.23 7.40 7.59 7.82 8.09 8.40 8.75 9.15 9.58 10.06 10.58 11.13 11.73 12.35 12.95 13.52 14.05 14.55 15.00 15.40 15.75 16.05 16.28 16.45 16.53 16.46 16.24 15.86 15.25 14.35 13.19
9.11 8.23 7.37 6.52 5.70 4.92 4.20 3.55 2.96 2.44 1.98 1.59 1.26 0.99 0.77 0.61 0.50 0.43 0.40 0.40 0.43 0.48 0.55 0.63 0.73 0.84 0.94 1.05 1.15 1.26 1.37 1.48 1.61 1.77 1.96 2.18 2.43 2.73 3.08 3.47 3.92 4.37 4.78 5.15 5.49 5.79 6.07 6.31 6.53 6.73 6.91 7.09 7.27 7.47 7.69 7.91 8.16 8.45 8.77 9.13 9.53 9.97 10.46 10.97 11.53 12.13 12.74 13.34 13.91 14.43 14.92 15.36 15.76 16.10 16.38 16.60 16.73 16.72 16.56 16.26 15.83 15.25 14.46 13.40
8.73 7.93 7.13 6.34 5.58 4.84 4.15 3.52 2.95 2.44 1.99 1.60 1.28 1.01 0.79 0.63 0.52 0.45 0.41 0.41 0.44 0.49 0.56 0.65 0.74 0.85 0.95 1.06 1.17 1.28 1.39 1.51 1.64 1.79 1.97 2.19 2.44 2.74 3.08 3.48 3.93 4.38 4.79 5.17 5.52 5.83 6.11 6.37 6.60 6.81 7.02 7.23 7.46 7.70 7.96 8.22 8.50 8.80 9.13 9.50 9.91 10.35 10.84 11.35 11.91 12.50 13.12 13.71 14.27 14.79 15.27 15.70 16.08 16.41 16.68 16.85 16.90 16.79 16.55 16.18 15.69 15.07 14.33 13.39
8.36 7.62 6.87 6.14 5.43 4.74 4.08 3.47 2.92 2.43 1.99 1.61 1.29 1.02 0.81 0.65 0.53 0.46 0.42 0.42 0.44 0.49 0.57 0.65 0.75 0.85 0.95 1.06 1.17 1.29 1.41 1.54 1.67 1.81 1.99 2.20 2.45 2.74 3.08 3.48 3.92 4.38 4.80 5.18 5.52 5.84 6.13 6.39 6.63 6.87 7.12 7.37 7.64 7.92 8.20 8.50 8.81 9.14 9.48 9.86 10.27 10.72 11.20 11.72 12.27 12.86 13.46 14.05 14.60 15.11 15.58 16.00 16.37 16.68 16.90 16.99 16.94 16.76 16.45 16.01 15.46 14.80 14.04 13.16
8.00 7.31 6.62 5.94 5.27 4.62 4.00 3.42 2.89 2.41 1.98 1.61 1.29 1.03 0.82 0.65 0.54 0.46 0.42 0.42 0.45 0.50 0.57 0.65 0.74 0.83 0.94 1.05 1.17 1.29 1.42 1.56 1.70 1.85 2.01 2.21 2.46 2.75 3.08 3.47 3.92 4.37 4.79 5.17 5.52 5.84 6.13 6.40 6.66 6.94 7.22 7.50 7.80 8.11 8.43 8.76 9.10 9.45 9.82 10.20 10.61 11.06 11.54 12.06 12.61 13.19 13.79 14.36 14.90 15.40 15.86 16.26 16.61 16.88 17.02 17.02 16.88 16.62 16.25 15.75 15.15 14.46 13.66 12.79
7.67 7.03 6.39 5.75 5.12 4.50 3.91 3.36 2.84 2.38 1.96 1.60 1.29 1.03 0.82 0.65 0.53 0.46 0.42 0.42 0.44 0.49 0.55 0.63 0.71 0.81 0.91 1.02 1.14 1.28 1.41 1.56 1.72 1.88 2.05 2.24 2.47 2.75 3.08 3.47 3.91 4.36 4.77 5.15 5.50 5.82 6.12 6.41 6.70 7.00 7.31 7.63 7.96 8.30 8.64 9.00 9.36 9.74 10.13 10.53 10.94 11.39 11.87 12.38 12.92 13.49 14.08 14.64 15.17 15.66 16.10 16.49 16.79 16.97 17.02 16.93 16.72 16.40 15.96 15.42 14.78 14.05 13.24 12.35
7.37 6.78 6.18 5.58 4.98 4.39 3.83 3.29 2.80 2.34 1.94 1.59 1.28 1.03 0.81 0.65 0.53 0.45 0.41 0.41 0.43 0.47 0.53 0.59 0.67 0.76 0.87 0.98 1.11 1.24 1.39 1.55 1.72 1.89 2.08 2.28 2.50 2.77 3.09 3.47 3.90 4.34 4.75 5.13 5.47 5.79 6.11 6.42 6.75 7.08 7.41 7.76 8.11 8.47 8.83 9.21 9.60 10.00 10.40 10.82 11.25 11.70 12.17 12.67 13.20 13.77 14.34 14.90 15.41 15.88 16.30 16.64 16.86 16.95 16.90 16.74 16.47 16.08 15.60 15.02 14.35 13.60 12.77 11.88
7.13 6.58 6.02 5.44 4.87 4.31 3.76 3.24 2.76 2.31 1.91 1.56 1.27 1.01 0.80 0.64 0.51 0.44 0.40 0.39 0.40 0.43 0.48 0.54 0.61 0.70 0.80 0.92 1.05 1.19 1.35 1.52 1.70 1.89 2.09 2.31 2.54 2.80 3.11 3.47 3.89 4.33 4.73 5.10 5.44 5.78 6.11 6.45 6.80 7.15 7.51 7.88 8.25 8.63 9.01 9.41 9.81 10.23 10.65 11.08 11.52 11.98 12.44 12.94 13.46 14.01 14.58 15.11 15.61 16.06 16.44 16.69 16.81 16.81 16.69 16.46 16.12 15.69 15.16 14.55 13.86 13.10 12.27 11.38
6.96 6.44 5.91 5.36 4.81 4.26 3.73 3.22 2.74 2.29 1.89 1.54 1.24 0.99 0.78 0.62 0.49 0.42 0.37 0.36 0.35 0.37 0.41 0.46 0.53 0.61 0.72 0.84 0.97 1.12 1.29 1.46 1.66 1.87 2.09 2.32 2.57 2.84 3.13 3.49 3.90 4.32 4.71 5.08 5.43 5.78 6.14 6.50 6.87 7.24 7.62 8.00 8.39 8.78 9.18 9.59 10.01 10.43 10.86 11.31 11.76 12.22 12.69 13.18 13.69 14.23 14.77 15.29 15.77 16.18 16.46 16.62 16.65 16.57 16.38 16.09 15.70 15.22 14.67 14.03 13.32 12.56 11.73 10.85
6.87 6.38 5.86 5.34 4.80 4.27 3.74 3.23 2.75 2.30 1.89 1.52 1.21 0.96 0.76 0.59 0.47 0.39 0.33 0.29 0.28 0.28 0.31 0.36 0.42 0.50 0.61 0.73 0.87 1.02 1.20 1.39 1.60 1.82 2.06 2.31 2.59 2.87 3.17 3.51 3.91 4.32 4.70 5.07 5.44 5.82 6.19 6.57 6.95 7.34 7.73 8.12 8.52 8.93 9.34 9.76 10.18 10.61 11.05 11.50 11.96 12.42 12.90 13.38 13.88 14.40 14.94 15.43 15.86 16.18 16.36 16.43 16.39 16.23 15.98 15.64 15.21 14.70 14.12 13.46 12.75 11.99 11.17 10.32
6.87 6.40 5.90 5.39 4.87 4.34 3.81 3.30 2.81 2.35 1.92 1.54 1.21 0.94 0.72 0.55 0.43 0.33 0.25 0.20 0.18 0.17 0.19 0.23 0.29 0.37 0.47 0.59 0.74 0.90 1.08 1.29 1.51 1.75 2.00 2.28 2.57 2.88 3.21 3.56 3.94 4.34 4.72 5.11 5.49 5.88 6.27 6.66 7.05 7.45 7.85 8.25 8.66 9.07 9.49 9.91 10.34 10.78 11.22 11.67 12.13 12.59 13.07 13.55 14.04 14.55 15.06 15.51 15.84 16.06 16.15 16.14 16.02 15.81 15.51 15.12 14.65 14.12 13.52 12.86 12.15 11.39 10.60 9.77
6.97 6.52 6.03 5.53 5.01 4.48 3.95 3.43 2.93 2.45 2.00 1.60 1.24 0.93 0.69 0.51 0.36 0.25 0.15 0.09 0.04 0.03 0.04 0.07 0.12 0.20 0.31 0.43 0.58 0.75 0.94 1.16 1.39 1.65 1.92 2.22 2.53 2.87 3.22 3.60 3.99 4.38 4.78 5.18 5.57 5.97 6.37 6.77 7.17 7.57 7.97 8.38 8.79 9.21 9.63 10.05 10.48 10.92 11.36 11.81 12.26 12.72 13.19 13.67 14.15 14.65 15.12 15.47 15.71 15.83 15.85 15.76 15.58 15.31 14.96 14.54 14.05 13.49 12.88 12.23 11.53 10.79 10.02 9.24
7.09 6.65 6.18 5.68 5.16 4.63 4.10 3.58 3.06 2.56 2.10 1.66 1.27 0.94 0.66 0.46 0.30 0.16 0.05 0.00 0.00 0.00 0.00 0.00 0.00 0.03 0.14 0.26 0.42 0.59 0.79 1.02 1.27 1.54 1.83 2.15 2.49 2.85 3.23 3.63 4.04 4.45 4.85 5.26 5.66 6.06 6.47 6.87 7.28 7.68 8.09 8.50 8.91 9.32 9.74 10.16 10.59 11.02 11.46 11.90 12.35 12.80 13.26 13.73 14.21 14.69 15.12 15.39 15.53 15.56 15.50 15.35 15.11 14.80 14.41 13.95 13.44 12.87 12.26 11.61 10.92 10.21 9.48 8.73
7.14 6.72 6.27 5.78 5.27 4.75 4.21 3.68 3.16 2.65 2.16 1.71 1.30 0.93 0.64 0.43 0.24 0.09 0.00 0.00 0.00 0.00 0.00 0.00 0.00 0.00 0.00 0.11 0.27 0.45 0.66 0.90 1.16 1.44 1.76 2.09 2.45 2.84 3.24 3.66 4.08 4.51 4.92 5.33 5.74 6.15 6.55 6.96 7.36 7.77 8.17 8.58 8.99 9.40 9.82 10.23 10.65 11.08 11.51 11.94 12.38 12.82 13.27 13.73 14.19 14.64 15.05 15.29 15.36 15.31 15.18 14.96 14.67 14.30 13.88 13.40 12.86 12.29 11.67 11.03 10.36 9.68 8.98 8.28
7.13 6.73 6.30 5.83 5.33 4.81 4.28 3.75 3.22 2.70 2.21 1.74 1.31 0.94 0.64 0.41 0.21 0.04 0.00 0.00 0.00 0.00 0.00 0.00 0.00 0.00 0.00 0.00 0.14 0.33 0.54 0.79 1.06 1.37 1.69 2.05 2.43 2.84 3.26 3.69 4.12 4.56 4.99 5.40 5.81 6.22 6.63 7.03 7.43 7.84 8.24 8.64 9.05 9.45 9.86 10.27 10.68 11.09 11.51 11.93 12.36 12.79 13.22 13.66 14.09 14.53 14.92 15.14 15.18 15.07 14.87 14.59 14.24 13.84 13.38 12.87 12.32 11.74 11.13 10.50 9.85 9.20 8.54 7.89
7.05 6.69 6.28 5.83 5.34 4.84 4.32 3.79 3.26 2.73 2.23 1.75 1.32 0.95 0.64 0.40 0.19 0.00 0.00 0.00 0.00 0.00 0.00 0.00 0.00 0.00 0.00 0.00 0.02 0.22 0.44 0.70 0.99 1.30 1.65 2.02 2.43 2.85 3.27 3.71 4.15 4.60 5.04 5.47 5.88 6.29 6.69 7.09 7.49 7.89 8.28 8.68 9.07 9.47 9.87 10.27 10.67 11.07 11.47 11.88 12.29 12.70 13.12 13.52 13.93 14.34 14.71 14.92 14.95 14.83 14.57 14.23 13.84 13.39 12.90 12.38 11.82 11.23 10.63 10.01 9.39 8.77 8.15 7.55
6.92 6.58 6.20 5.77 5.31 4.82 4.31 3.79 3.26 2.74 2.23 1.76 1.34 0.96 0.65 0.40 0.18 0.00 0.00 0.00 0.00 0.00 0.00 0.00 0.00 0.00 0.00 0.00 0.00 0.13 0.37 0.63 0.93 1.26 1.62 2.02 2.43 2.85 3.28 3.72 4.18 4.63 5.08 5.52 5.95 6.36 6.75 7.15 7.54 7.93 8.31 8.70 9.08 9.47 9.85 10.24 10.62 11.01 11.40 11.79 12.18 12.57 12.95 13.32 13.70 14.08 14.43 14.63 14.66 14.53 14.27 13.89 13.45 12.97 12.45 11.91 11.34 10.75 10.16 9.56 8.97 8.38 7.81 7.27
6.72 6.43 6.08 5.68 5.24 4.77 4.27 3.76 3.24 2.73 2.24 1.78 1.36 0.99 0.67 0.41 0.18 0.00 0.00 0.00 0.00 0.00 0.00 0.00 0.00 0.00 0.00 0.00 0.00 0.07 0.31 0.58 0.89 1.24 1.61 2.01 2.42 2.85 3.28 3.73 4.19 4.66 5.11 5.56 6.00 6.42 6.82 7.20 7.58 7.96 8.33 8.71 9.08 9.45 9.81 10.18 10.55 10.92 11.29 11.66 12.02 12.37 12.72 13.06 13.41 13.76 14.09 14.28 14.30 14.18 13.93 13.55 13.09 12.57 12.03 11.47 10.89 10.31 9.73 9.15 8.59 8.04 7.52 7.03
