data_processed/recharge/precip/Precip_2009_06.asc
ncols        168
nrows        136
xllcorner    455000
yllcorner    2107000
cellsize     500
NODATA_value     -99999
[rows 66 to 98 of 136, columns 0 to 72 of 168]
142.93 140.10 137.32 134.57 131.87 129.22 126.62 124.07 121.59 119.17 116.82 114.54 112.43 110.64 109.22 108.16 107.42 107.00 106.86 106.99 107.38 107.99 108.80 109.81 110.98 112.22 113.36 114.37 115.23 115.92 116.45 116.78 116.92 116.84 116.54 116.00 115.20 114.16 113.01 111.89 110.84 109.85 108.92 108.06 107.25 106.51 105.81 105.18 104.60 104.07 103.58 103.06 102.50 101.88 101.22 100.51 99.76 98.97 98.15 97.29 96.40 95.49 94.54 93.50 92.26 90.82 89.20 87.42 85.52 83.51 81.43 79.30 77.15
141.29 138.47 135.70 132.97 130.30 127.68 125.12 122.62 120.19 117.82 115.54 113.41 111.56 110.02 108.80 107.91 107.33 107.04 107.03 107.28 107.75 108.43 109.31 110.35 111.55 112.80 113.95 114.98 115.86 116.58 117.13 117.50 117.67 117.63 117.37 116.87 116.14 115.24 114.21 113.10 112.04 111.03 110.09 109.21 108.39 107.62 106.91 106.26 105.66 105.11 104.60 104.07 103.48 102.83 102.14 101.40 100.61 99.78 98.91 98.01 97.07 96.10 95.02 93.78 92.36 90.77 89.01 87.11 85.10 83.00 80.84 78.64 76.43
139.68 136.89 134.14 131.44 128.81 126.23 123.71 121.27 118.90 116.60 114.47 112.62 111.06 109.77 108.75 108.01 107.57 107.40 107.49 107.82 108.36 109.09 110.00 111.06 112.25 113.49 114.64 115.66 116.53 117.26 117.81 118.18 118.36 118.34 118.09 117.63 117.02 116.29 115.44 114.45 113.39 112.37 111.41 110.51 109.66 108.88 108.15 107.47 106.85 106.28 105.74 105.18 104.56 103.89 103.16 102.38 101.55 100.68 99.76 98.80 97.81 96.71 95.42 93.96 92.35 90.61 88.73 86.73 84.62 82.44 80.22 77.97 75.72
138.13 135.36 132.64 129.99 127.39 124.86 122.41 120.03 117.73 115.59 113.73 112.16 110.87 109.84 109.04 108.46 108.13 108.06 108.22 108.61 109.19 109.95 110.86 111.91 113.08 114.29 115.40 116.38 117.23 117.93 118.46 118.82 118.98 118.94 118.71 118.34 117.88 117.31 116.62 115.81 114.87 113.85 112.86 111.94 111.07 110.26 109.50 108.80 108.15 107.55 106.99 106.40 105.74 105.03 104.26 103.44 102.57 101.64 100.68 99.66 98.53 97.22 95.72 94.06 92.26 90.35 88.35 86.26 84.07 81.83 79.55 77.27 74.99
136.61 133.88 131.21 128.60 126.06 123.59 121.20 118.90 116.76 114.89 113.32 112.03 110.99 110.18 109.59 109.20 108.98 108.98 109.20 109.62 110.21 110.97 111.87 112.89 114.01 115.15 116.20 117.14 117.93 118.58 119.06 119.38 119.50 119.45 119.28 119.04 118.71 118.28 117.75 117.11 116.33 115.42 114.44 113.48 112.58 111.74 110.96 110.22 109.54 108.91 108.32 107.69 107.00 106.25 105.44 104.57 103.64 102.67 101.64 100.49 99.15 97.61 95.91 94.06 92.09 90.02 87.89 85.70 83.45 81.16 78.85 76.54 74.26
135.15 132.46 129.84 127.29 124.82 122.42 120.11 117.96 116.10 114.52 113.22 112.18 111.37 110.77 110.37 110.15 110.08 110.16 110.40 110.83 111.42 112.16 113.01 113.98 115.02 116.08 117.04 117.89 118.61 119.19 119.60 119.85 119.93 119.92 119.85 119.72 119.51 119.21 118.82 118.33 117.71 116.96 116.08 115.12 114.19 113.32 112.50 111.73 111.01 110.35 109.72 109.05 108.32 107.52 106.66 105.74 104.77 103.73 102.56 101.20 99.63 97.88 95.99 93.96 91.83 89.62 87.36 85.06 82.75 80.42 78.09 75.77 73.50
133.74 131.11 128.55 126.07 123.66 121.35 119.20 117.33 115.75 114.45 113.40 112.59 111.99 111.59 111.36 111.28 111.35 111.53 111.81 112.23 112.79 113.47 114.27 115.15 116.09 117.04 117.90 118.64 119.26 119.73 120.05 120.23 120.33 120.39 120.41 120.37 120.27 120.09 119.83 119.46 118.99 118.40 117.68 116.82 115.88 114.96 114.10 113.30 112.54 111.84 111.17 110.46 109.68 108.84 107.92 106.95 105.91 104.73 103.35 101.75 99.97 98.03 95.96 93.77 91.49 89.15 86.77 84.37 81.98 79.62 77.28 74.97 72.72
132.40 129.82 127.33 124.93 122.61 120.46 118.59 117.01 115.70 114.65 113.83 113.23 112.83 112.59 112.52 112.58 112.75 113.02 113.37 113.79 114.29 114.91 115.61 116.38 117.20 118.02 118.74 119.36 119.85 120.20 120.42 120.59 120.74 120.86 120.96 121.00 120.99 120.91 120.76 120.52 120.17 119.72 119.15 118.44 117.59 116.67 115.76 114.91 114.12 113.37 112.65 111.90 111.07 110.17 109.20 108.16 106.98 105.58 103.96 102.16 100.18 98.05 95.81 93.47 91.06 88.60 86.12 83.63 81.17 78.76 76.41 74.13 71.92
131.11 128.61 126.20 123.88 121.73 119.85 118.27 116.97 115.92 115.10 114.49 114.08 113.85 113.77 113.83 114.00 114.27 114.61 115.01 115.45 115.92 116.44 117.03 117.67 118.34 118.99 119.56 120.02 120.36 120.59 120.78 120.97 121.16 121.33 121.48 121.60 121.66 121.67 121.61 121.48 121.25 120.92 120.48 119.91 119.22 118.38 117.46 116.56 115.72 114.92 114.15 113.35 112.47 111.51 110.48 109.30 107.89 106.25 104.42 102.41 100.24 97.95 95.55 93.08 90.54 87.97 85.40 82.84 80.32 77.86 75.50 73.23 71.07
129.88 127.47 125.15 123.00 121.12 119.54 118.24 117.19 116.37 115.76 115.35 115.12 115.03 115.09 115.26 115.52 115.87 116.27 116.70 117.15 117.60 118.04 118.49 118.98 119.47 119.95 120.33 120.62 120.80 120.97 121.16 121.37 121.58 121.79 121.98 122.15 122.28 122.36 122.38 122.34 122.21 121.99 121.67 121.23 120.67 119.98 119.14 118.22 117.33 116.47 115.66 114.80 113.86 112.84 111.66 110.25 108.60 106.74 104.70 102.50 100.17 97.72 95.18 92.57 89.93 87.27 84.62 81.99 79.43 76.94 74.56 72.30 70.19
128.73 126.41 124.26 122.39 120.81 119.50 118.45 117.63 117.03 116.62 116.38 116.30 116.35 116.52 116.78 117.13 117.52 117.95 118.40 118.85 119.28 119.66 119.99 120.30 120.60 120.86 121.04 121.14 121.24 121.39 121.57 121.78 122.01 122.23 122.46 122.66 122.84 122.98 123.07 123.09 123.05 122.93 122.71 122.39 121.95 121.39 120.69 119.85 118.93 118.02 117.15 116.23 115.22 114.05 112.64 110.99 109.12 107.05 104.82 102.44 99.95 97.35 94.68 91.96 89.22 86.48 83.76 81.09 78.49 75.98 73.60 71.36 69.28
127.65 125.50 123.64 122.06 120.76 119.70 118.89 118.28 117.87 117.64 117.55 117.61 117.78 118.04 118.38 118.77 119.21 119.65 120.10 120.52 120.90 121.22 121.45 121.60 121.68 121.71 121.68 121.68 121.73 121.85 122.01 122.20 122.42 122.65 122.89 123.12 123.33 123.51 123.65 123.74 123.77 123.73 123.60 123.38 123.05 122.61 122.04 121.33 120.48 119.54 118.60 117.62 116.46 115.06 113.40 111.52 109.44 107.18 104.77 102.22 99.58 96.85 94.06 91.25 88.42 85.61 82.84 80.13 77.51 74.99 72.62 70.40 68.37
126.72 124.86 123.28 121.98 120.93 120.12 119.52 119.11 118.87 118.79 118.85 119.01 119.28 119.62 120.01 120.44 120.89 121.34 121.76 122.14 122.45 122.69 122.82 122.83 122.71 122.51 122.35 122.27 122.27 122.33 122.46 122.62 122.82 123.05 123.28 123.52 123.75 123.96 124.14 124.28 124.36 124.38 124.33 124.19 123.96 123.62 123.16 122.58 121.85 120.98 120.01 118.87 117.48 115.82 113.94 111.84 109.56 107.12 104.54 101.84 99.06 96.21 93.32 90.42 87.52 84.65 81.84 79.10 76.47 73.97 71.62 69.44 67.46
126.10 124.53 123.23 122.18 121.37 120.77 120.36 120.12 120.04 120.09 120.26 120.53 120.86 121.26 121.69 122.13 122.58 122.99 123.37 123.68 123.91 124.04 124.05 123.91 123.65 123.34 123.09 122.93 122.86 122.86 122.93 123.05 123.22 123.42 123.64 123.88 124.11 124.33 124.54 124.71 124.83 124.91 124.91 124.85 124.69 124.44 124.08 123.61 123.00 122.25 121.32 119.99 118.35 116.46 114.35 112.05 109.58 106.97 104.23 101.39 98.49 95.53 92.55 89.56 86.60 83.69 80.85 78.10 75.47 72.99 70.67 68.54 66.63
125.80 124.64 123.59 122.77 122.16 121.74 121.50 121.41 121.46 121.62 121.87 122.20 122.59 123.01 123.44 123.88 124.28 124.65 124.95 125.17 125.29 125.29 125.14 124.86 124.56 124.25 123.95 123.70 123.54 123.47 123.48 123.54 123.66 123.83 124.02 124.23 124.46 124.68 124.89 125.08 125.24 125.35 125.40 125.39 125.30 125.13 124.86 124.47 123.97 123.34 122.54 121.23 119.39 117.27 114.95 112.45 109.80 107.01 104.13 101.16 98.13 95.07 92.00 88.94 85.93 82.97 80.11 77.35 74.73 72.27 69.99 67.92 66.07
125.42 125.04 124.34 123.72 123.29 123.03 122.92 122.95 123.09 123.33 123.64 124.01 124.41 124.83 125.24 125.63 125.98 126.26 126.46 126.56 126.53 126.37 126.07 125.76 125.48 125.20 124.90 124.59 124.34 124.18 124.11 124.10 124.16 124.27 124.43 124.61 124.81 125.02 125.23 125.42 125.59 125.72 125.81 125.85 125.81 125.70 125.49 125.19 124.78 124.26 123.59 122.41 120.60 118.30 115.77 113.08 110.25 107.30 104.27 101.17 98.03 94.87 91.71 88.59 85.52 82.53 79.65 76.89 74.28 71.84 69.61 67.59 65.83
124.77 125.30 125.30 124.98 124.69 124.56 124.56 124.68 124.89 125.18 125.51 125.89 126.28 126.66 127.03 127.34 127.60 127.77 127.84 127.78 127.59 127.27 126.95 126.68 126.43 126.16 125.87 125.56 125.25 124.99 124.82 124.73 124.72 124.77 124.86 125.00 125.16 125.35 125.54 125.72 125.89 126.04 126.15 126.21 126.21 126.15 126.00 125.76 125.43 125.01 124.47 123.43 121.74 119.48 116.79 113.91 110.90 107.80 104.62 101.40 98.14 94.89 91.66 88.47 85.36 82.34 79.43 76.67 74.08 71.68 69.49 67.54 65.83
123.87 125.24 126.06 126.36 126.32 126.28 126.36 126.54 126.79 127.09 127.43 127.78 128.13 128.45 128.73 128.95 129.08 129.11 129.02 128.79 128.43 128.09 127.82 127.60 127.38 127.13 126.85 126.55 126.22 125.90 125.63 125.44 125.34 125.31 125.34 125.41 125.53 125.67 125.83 125.99 126.15 126.29 126.41 126.49 126.51 126.48 126.38 126.18 125.92 125.59 125.17 124.26 122.71 120.58 117.92 114.90 111.73 108.47 105.16 101.81 98.45 95.10 91.80 88.55 85.40 82.35 79.43 76.68 74.11 71.74 69.60 67.71 66.00
122.74 124.87 126.45 127.48 127.98 128.13 128.27 128.47 128.73 129.02 129.33 129.63 129.91 130.14 130.31 130.39 130.38 130.24 129.95 129.55 129.18 128.91 128.71 128.53 128.34 128.10 127.83 127.53 127.21 126.86 126.52 126.23 126.03 125.90 125.85 125.85 125.90 125.99 126.10 126.23 126.37 126.49 126.60 126.68 126.72 126.70 126.60 126.45 126.24 126.01 125.69 124.91 123.49 121.49 118.97 115.98 112.69 109.28 105.83 102.37 98.91 95.48 92.10 88.80 85.60 82.53 79.61 76.87 74.32 71.99 69.90 68.01 66.29
121.40 124.22 126.47 128.17 129.32 129.95 130.21 130.41 130.65 130.90 131.15 131.37 131.55 131.66 131.69 131.61 131.42 131.08 130.62 130.21 129.93 129.73 129.59 129.45 129.28 129.06 128.80 128.50 128.18 127.83 127.47 127.10 126.78 126.55 126.40 126.32 126.29 126.31 126.37 126.45 126.54 126.64 126.73 126.79 126.82 126.78 126.69 126.56 126.41 126.25 126.04 125.37 124.07 122.20 119.82 116.96 113.71 110.20 106.62 103.04 99.48 95.97 92.53 89.18 85.95 82.86 79.94 77.21 74.69 72.40 70.32 68.43 66.69
119.87 123.31 126.17 128.46 130.19 131.37 132.03 132.30 132.49 132.67 132.83 132.94 132.99 132.95 132.81 132.55 132.14 131.63 131.17 130.86 130.67 130.55 130.46 130.36 130.22 130.01 129.75 129.46 129.13 128.78 128.40 128.00 127.61 127.26 127.00 126.82 126.70 126.64 126.62 126.64 126.68 126.73 126.79 126.81 126.78 126.72 126.62 126.52 126.42 126.33 126.21 125.65 124.47 122.72 120.46 117.74 114.61 111.15 107.49 103.80 100.15 96.56 93.05 89.66 86.40 83.30 80.38 77.66 75.17 72.91 70.84 68.94 67.20
118.19 122.18 125.56 128.37 130.60 132.28 133.40 133.99 134.20 134.28 134.32 134.29 134.18 133.97 133.63 133.15 132.55 132.04 131.70 131.50 131.39 131.34 131.31 131.26 131.14 130.94 130.69 130.39 130.06 129.70 129.30 128.89 128.46 128.03 127.65 127.35 127.13 126.98 126.87 126.82 126.79 126.78 126.76 126.71 126.62 126.51 126.41 126.32 126.26 126.24 126.21 125.75 124.67 123.04 120.89 118.30 115.31 111.97 108.36 104.60 100.87 97.20 93.64 90.21 86.92 83.81 80.89 78.20 75.74 73.49 71.43 69.55 67.81
116.38 120.83 124.67 127.92 130.58 132.67 134.20 135.18 135.62 135.66 135.55 135.36 135.06 134.64 134.07 133.40 132.82 132.44 132.21 132.11 132.10 132.12 132.14 132.12 132.03 131.84 131.59 131.29 130.96 130.58 130.17 129.74 129.29 128.82 128.35 127.93 127.59 127.32 127.12 126.97 126.86 126.76 126.63 126.48 126.32 126.17 126.05 125.97 125.94 125.98 126.03 125.66 124.69 123.16 121.12 118.64 115.78 112.57 109.09 105.39 101.60 97.87 94.26 90.78 87.48 84.36 81.46 78.80 76.37 74.15 72.11 70.24 68.51
114.46 119.30 123.52 127.13 130.15 132.58 134.44 135.73 136.47 136.68 136.47 136.08 135.56 134.90 134.14 133.49 133.05 132.80 132.70 132.70 132.77 132.86 132.94 132.96 132.88 132.70 132.46 132.16 131.81 131.43 131.00 130.55 130.07 129.57 129.05 128.54 128.07 127.68 127.37 127.12 126.88 126.63 126.37 126.12 125.89 125.69 125.54 125.46 125.46 125.55 125.67 125.39 124.51 123.07 121.15 118.78 116.02 112.94 109.59 106.02 102.29 98.53 94.87 91.36 88.04 84.93 82.07 79.45 77.06 74.86 72.85 71.00 69.29
112.45 117.61 122.14 126.04 129.34 132.03 134.14 135.68 136.65 137.07 136.95 136.40 135.64 134.77 134.04 133.54 133.26 133.14 133.16 133.26 133.41 133.57 133.70 133.76 133.70 133.52 133.28 132.98 132.62 132.22 131.78 131.31 130.80 130.27 129.72 129.15 128.58 128.06 127.62 127.21 126.80 126.39 126.00 125.64 125.32 125.07 124.89 124.80 124.81 124.95 125.14 124.94 124.14 122.79 120.96 118.70 116.05 113.09 109.85 106.41 102.81 99.12 95.44 91.90 88.58 85.51 82.71 80.14 77.79 75.64 73.66 71.83 70.14
110.38 115.78 120.54 124.66 128.16 131.05 133.34 135.04 136.17 136.72 136.73 136.19 135.28 134.46 133.89 133.56 133.42 133.44 133.57 133.77 134.01 134.24 134.42 134.51 134.47 134.30 134.05 133.74 133.38 132.97 132.51 132.01 131.47 130.91 130.32 129.71 129.08 128.45 127.84 127.22 126.62 126.04 125.51 125.03 124.63 124.31 124.08 123.98 124.00 124.17 124.43 124.30 123.58 122.32 120.57 118.40 115.86 113.00 109.88 106.56 103.08 99.51 95.91 92.39 89.12 86.12 83.38 80.87 78.57 76.46 74.52 72.73 71.06
108.28 113.85 118.76 123.02 126.65 129.66 132.05 133.85 135.05 135.67 135.73 135.30 134.67 134.09 133.70 133.54 133.55 133.69 133.94 134.24 134.56 134.85 135.08 135.20 135.18 135.01 134.77 134.45 134.08 133.65 133.17 132.64 132.08 131.48 130.85 130.19 129.52 128.78 127.97 127.13 126.33 125.58 124.90 124.30 123.79 123.40 123.13 123.01 123.03 123.23 123.54 123.47 122.82 121.64 119.98 117.89 115.44 112.68 109.67 106.46 103.10 99.66 96.20 92.84 89.67 86.74 84.07 81.62 79.38 77.32 75.43 73.67 72.04
106.16 111.82 116.82 121.15 124.83 127.88 130.30 132.11 133.32 133.94 134.04 133.94 133.80 133.62 133.46 133.46 133.62 133.89 134.25 134.65 135.05 135.41 135.68 135.84 135.83 135.67 135.42 135.10 134.71 134.26 133.76 133.21 132.61 131.97 131.30 130.60 129.83 128.94 127.97 126.95 125.94 125.01 124.17 123.44 122.83 122.35 122.03 121.88 121.90 122.12 122.47 122.46 121.87 120.76 119.17 117.17 114.81 112.14 109.22 106.11 102.87 99.57 96.32 93.20 90.20 87.37 84.77 82.39 80.21 78.22 76.37 74.66 73.07
104.06 109.74 114.73 119.06 122.73 125.74 128.12 129.87 131.01 131.61 132.01 132.35 132.66 132.92 133.13 133.33 133.63 134.04 134.51 135.00 135.48 135.90 136.22 136.40 136.41 136.25 135.99 135.66 135.26 134.80 134.27 133.69 133.06 132.39 131.67 130.87 129.94 128.91 127.79 126.62 125.44 124.32 123.32 122.45 121.73 121.17 120.78 120.59 120.60 120.84 121.22 121.26 120.73 119.68 118.16 116.23 113.95 111.37 108.54 105.53 102.42 99.33 96.33 93.44 90.65 87.98 85.48 83.18 81.07 79.13 77.35 75.69 74.15
101.99 107.61 112.54 116.78 120.35 123.26 125.52 127.14 128.21 129.05 129.86 130.62 131.34 131.99 132.58 133.10 133.58 134.11 134.69 135.28 135.83 136.32 136.68 136.90 136.92 136.76 136.49 136.15 135.74 135.25 134.70 134.09 133.43 132.71 131.90 130.94 129.85 128.66 127.40 126.10 124.79 123.52 122.35 121.34 120.49 119.84 119.38 119.15 119.14 119.38 119.80 119.88 119.40 118.40 116.94 115.08 112.87 110.36 107.62 104.73 101.84 99.01 96.25 93.58 91.01 88.53 86.18 83.97 81.93 80.07 78.35 76.75 75.26
99.98 105.47 110.26 114.34 117.74 120.47 122.54 124.03 125.29 126.51 127.69 128.82 129.89 130.90 131.83 132.67 133.42 134.11 134.80 135.48 136.11 136.65 137.07 137.31 137.34 137.18 136.91 136.55 136.12 135.61 135.04 134.40 133.69 132.88 131.90 130.77 129.52 128.18 126.79 125.37 123.95 122.57 121.26 120.09 119.12 118.36 117.83 117.55 117.51 117.75 118.20 118.31 117.87 116.92 115.51 113.71 111.56 109.13 106.50 103.84 101.21 98.63 96.11 93.66 91.29 89.00 86.82 84.74 82.80 81.01 79.36 77.83 76.40
98.06 103.34 107.91 111.76 114.92 117.39 119.27 120.91 122.51 124.06 125.57 127.03 128.41 129.72 130.94 132.07 133.10 134.01 134.83 135.60 136.31 136.91 137.36 137.63 137.67 137.50 137.23 136.86 136.41 135.88 135.28 134.60 133.80 132.81 131.66 130.36 128.96 127.48 125.96 124.41 122.89 121.41 120.01 118.72 117.62 116.75 116.14 115.79 115.72 115.96 116.41 116.56 116.15 115.24 113.88 112.12 110.03 107.71 105.31 102.92 100.56 98.23 95.94 93.70 91.53 89.42 87.41 85.48 83.66 81.96 80.39 78.93 77.56
96.24 101.25 105.52 109.07 111.91 114.13 116.11 118.05 119.95 121.80 123.59 125.32 126.97 128.53 130.00 131.37 132.62 133.75 134.75 135.63 136.41 137.07 137.56 137.85 137.90 137.73 137.45 137.07 136.59 136.04 135.40 134.63 133.65 132.48 131.16 129.70 128.15 126.54 124.88 123.23 121.60 120.03 118.55 117.18 115.97 114.99 114.29 113.87 113.77 113.99 114.45 114.62 114.23 113.35 112.03 110.32 108.33 106.24 104.13 102.01 99.91 97.81 95.75 93.72 91.74 89.82 87.96 86.18 84.49 82.89 81.41 80.03 78.73
