data_processed/recharge/precip/Precip_2007_08.asc
ncols        168
nrows        136
xllcorner    455000
yllcorner    2107000
cellsize     500
NODATA_value     -99999
[rows 32 to 63 of 136, columns 0 to 72 of 168]
196.46 200.80 205.07 209.05 212.74 216.15 219.30 222.18 224.83 227.24 229.42 231.40 233.17 234.76 236.16 237.40 238.48 239.41 240.21 240.88 241.44 241.88 241.86 240.71 238.58 236.11 233.37 230.27 226.86 223.17 219.28 215.22 211.07 206.88 202.69 198.58 194.58 190.77 187.20 183.91 180.98 178.44 176.37 174.81 173.83 173.47 173.80 175.05 177.50 180.09 181.07 180.82 180.08 179.00 177.63 176.02 174.20 172.21 170.10 167.92 165.69 163.47 161.29 159.21 157.25 155.46 153.88 152.56 151.53 150.84 150.53 150.64 151.06
189.37 192.01 195.59 199.17 202.54 205.71 208.68 211.47 214.09 216.55 218.85 221.02 223.06 224.98 226.80 228.52 230.16 231.72 233.22 234.67 236.07 237.06 236.96 235.58 233.22 230.56 227.71 224.63 221.26 217.62 213.77 209.78 205.69 201.56 197.45 193.41 189.49 185.77 182.28 179.09 176.25 173.83 171.86 170.42 169.55 169.32 169.96 171.78 174.81 177.94 179.41 179.19 177.90 176.21 174.30 172.20 169.95 167.60 165.19 162.76 160.35 158.00 155.76 153.67 151.76 150.09 148.69 147.61 146.88 146.55 146.66 147.13 147.77
183.42 183.98 186.04 189.09 192.22 195.23 198.11 200.89 203.56 206.15 208.66 211.10 213.49 215.84 218.15 220.44 222.72 225.00 227.29 229.58 231.53 232.44 232.10 230.50 227.94 225.09 222.08 218.91 215.56 211.97 208.18 204.24 200.22 196.15 192.11 188.15 184.32 180.68 177.29 174.19 171.46 169.13 167.28 165.95 165.21 165.29 166.51 168.92 172.47 176.08 178.02 178.24 176.95 174.73 172.23 169.61 166.90 164.15 161.39 158.68 156.05 153.54 151.20 149.07 147.19 145.59 144.34 143.45 142.99 142.97 143.37 144.03 144.83
178.58 177.20 177.38 179.11 181.87 184.80 187.68 190.52 193.34 196.14 198.94 201.74 204.56 207.41 210.30 213.25 216.25 219.33 222.47 225.32 227.18 227.84 227.28 225.47 222.74 219.72 216.55 213.24 209.83 206.27 202.54 198.66 194.70 190.71 186.74 182.86 179.11 175.56 172.26 169.26 166.63 164.41 162.67 161.47 161.04 161.70 163.52 166.45 170.47 174.50 176.86 177.50 176.59 174.35 171.33 168.15 164.94 161.75 158.62 155.58 152.69 149.99 147.51 145.30 143.40 141.85 140.70 139.98 139.74 139.95 140.50 141.30 142.24
174.76 171.64 170.11 170.16 171.80 174.51 177.47 180.46 183.50 186.60 189.77 193.02 196.35 199.80 203.35 207.03 210.84 214.78 218.48 221.25 222.85 223.28 222.50 220.51 217.62 214.45 211.14 207.71 204.19 200.59 196.90 193.08 189.19 185.27 181.38 177.57 173.91 170.45 167.24 164.35 161.82 159.71 158.09 157.20 157.36 158.63 160.98 164.39 168.81 173.20 175.92 176.92 176.37 174.46 171.40 167.71 163.97 160.30 156.75 153.36 150.18 147.24 144.59 142.26 140.31 138.77 137.68 137.09 137.00 137.34 138.00 138.91 139.97
171.89 167.24 164.17 162.72 162.88 164.66 167.57 170.80 174.15 177.63 181.25 185.02 188.96 193.07 197.37 201.87 206.55 211.06 214.68 217.18 218.54 218.74 217.78 215.62 212.58 209.29 205.86 202.33 198.71 195.03 191.32 187.55 183.73 179.88 176.07 172.35 168.77 165.41 162.30 159.50 157.08 155.09 153.78 153.49 154.26 156.08 158.91 162.73 167.50 172.19 175.21 176.50 176.26 174.65 171.86 168.11 163.88 159.69 155.69 151.91 148.40 145.19 142.32 139.85 137.80 136.23 135.18 134.67 134.67 135.10 135.86 136.86 138.02
169.91 163.91 159.51 156.74 155.60 156.12 158.28 161.63 165.36 169.31 173.47 177.85 182.47 187.34 192.47 197.85 203.11 207.52 210.86 213.11 214.25 214.25 213.12 210.82 207.65 204.24 200.72 197.09 193.40 189.66 185.90 182.13 178.37 174.59 170.86 167.23 163.74 160.47 157.46 154.77 152.46 150.79 150.08 150.41 151.74 154.04 157.30 161.47 166.52 171.46 174.72 176.25 176.25 174.88 172.34 168.81 164.48 159.83 155.34 151.13 147.24 143.72 140.61 137.95 135.78 134.14 133.10 132.65 132.72 133.22 134.05 135.13 136.37
168.73 161.58 156.04 152.14 149.90 149.32 150.43 153.22 157.24 161.73 166.51 171.59 176.98 182.68 188.70 194.66 199.82 203.95 207.04 209.05 209.98 209.81 208.52 206.09 202.82 199.32 195.71 192.02 188.27 184.49 180.69 176.91 173.16 169.46 165.81 162.26 158.87 155.69 152.78 150.20 148.21 147.15 147.07 147.96 149.79 152.53 156.14 160.61 165.89 171.00 174.44 176.16 176.34 175.16 172.81 169.46 165.30 160.53 155.58 150.91 146.61 142.75 139.35 136.47 134.14 132.44 131.43 131.03 131.14 131.69 132.57 133.70 135.00
168.29 160.18 153.70 148.87 145.71 144.23 144.46 146.40 150.05 154.99 160.47 166.32 172.56 179.17 185.78 191.63 196.50 200.37 203.21 205.02 205.76 205.43 204.00 201.46 198.10 194.53 190.86 187.12 183.33 179.52 175.71 171.92 168.19 164.53 160.96 157.50 154.20 151.12 148.32 146.06 144.68 144.26 144.76 146.15 148.42 151.52 155.44 160.14 165.59 170.83 174.39 176.23 176.53 175.48 173.25 170.03 166.00 161.34 156.25 151.14 146.40 142.16 138.44 135.30 132.84 131.15 130.15 129.77 129.91 130.49 131.40 132.57 133.89
168.50 159.63 152.40 146.84 142.96 140.77 140.30 141.57 144.59 149.35 155.44 162.15 169.30 176.50 183.00 188.56 193.15 196.77 199.40 201.01 201.58 201.10 199.56 196.93 193.50 189.87 186.16 182.39 178.58 174.76 170.95 167.19 163.48 159.86 156.36 152.98 149.78 146.81 144.32 142.69 141.96 142.12 143.13 144.97 147.61 151.03 155.19 160.07 165.62 170.93 174.55 176.45 176.82 175.83 173.68 170.53 166.57 161.98 156.95 151.66 146.51 141.84 137.77 134.44 131.94 130.25 129.25 128.88 129.02 129.60 130.53 131.71 133.05
169.31 159.86 152.08 145.98 141.57 138.87 137.91 138.69 141.24 145.57 151.67 159.14 166.88 173.97 180.16 185.44 189.78 193.17 195.60 197.03 197.45 196.85 195.21 192.51 189.03 185.36 181.62 177.84 174.03 170.22 166.44 162.70 159.05 155.49 152.05 148.77 145.67 143.01 141.16 140.18 140.04 140.72 142.19 144.42 147.38 151.05 155.39 160.39 165.99 171.30 174.92 176.83 177.21 176.23 174.08 170.94 166.99 162.42 157.40 152.12 146.77 141.71 137.37 133.97 131.45 129.73 128.72 128.32 128.45 129.02 129.94 131.11 132.44
170.63 160.81 152.66 146.21 141.47 138.46 137.19 137.68 139.95 144.02 149.89 157.13 164.59 171.37 177.27 182.29 186.40 189.58 191.82 193.09 193.38 192.68 190.95 188.20 184.69 181.00 177.26 173.48 169.68 165.90 162.16 158.48 154.89 151.41 148.07 144.90 142.13 140.11 138.92 138.54 138.93 140.07 141.94 144.49 147.71 151.57 156.04 161.10 166.69 171.95 175.51 177.37 177.69 176.66 174.46 171.27 167.28 162.66 157.60 152.28 146.89 141.76 137.37 133.91 131.35 129.59 128.53 128.10 128.19 128.73 129.61 130.75 132.06
172.38 162.39 154.08 147.47 142.59 139.45 138.07 138.47 140.66 144.65 150.03 156.03 162.38 168.71 174.34 179.11 183.00 185.99 188.06 189.20 189.38 188.59 186.80 184.01 180.49 176.80 173.07 169.31 165.55 161.82 158.14 154.54 151.03 147.64 144.42 141.59 139.50 138.18 137.60 137.76 138.62 140.17 142.37 145.19 148.61 152.61 157.14 162.19 167.72 172.86 176.31 178.05 178.26 177.12 174.81 171.52 167.42 162.70 157.54 152.13 146.82 141.98 137.75 134.26 131.63 129.80 128.68 128.19 128.23 128.71 129.54 130.63 131.89
174.51 164.53 156.24 149.68 144.86 141.79 140.49 140.99 143.27 146.95 151.22 155.86 160.84 166.13 171.37 175.91 179.61 182.42 184.35 185.36 185.45 184.59 182.76 179.95 176.43 172.77 169.06 165.35 161.65 157.98 154.38 150.86 147.46 144.20 141.33 139.19 137.83 137.18 137.20 137.84 139.11 141.00 143.48 146.51 150.08 154.15 158.69 163.68 169.07 174.05 177.32 178.89 178.92 177.61 175.14 171.68 167.42 162.53 157.22 151.87 146.86 142.35 138.36 134.96 132.26 130.35 129.15 128.58 128.54 128.94 129.70 130.72 131.92
176.93 167.15 159.09 152.77 148.19 145.39 144.37 145.14 147.29 150.02 153.09 156.49 160.21 164.22 168.51 172.70 176.21 178.88 180.68 181.59 181.60 180.69 178.83 176.03 172.53 168.90 165.25 161.60 157.97 154.39 150.88 147.47 144.20 141.31 139.15 137.76 137.08 137.07 137.65 138.77 140.41 142.58 145.28 148.46 152.11 156.19 160.68 165.55 170.76 175.50 178.54 179.87 179.68 178.14 175.44 171.75 167.26 162.18 156.88 151.84 147.17 142.92 139.15 135.90 133.23 131.23 129.93 129.25 129.11 129.42 130.09 131.02 132.12
179.57 170.20 162.55 156.66 152.53 150.18 149.62 150.43 151.80 153.49 155.49 157.78 160.35 163.19 166.30 169.63 172.84 175.36 177.05 177.88 177.83 176.89 175.03 172.25 168.80 165.22 161.63 158.06 154.52 151.05 147.66 144.39 141.49 139.32 137.93 137.24 137.22 137.79 138.89 140.48 142.48 144.90 147.75 151.02 154.70 158.73 163.11 167.80 172.76 177.22 179.96 181.00 180.52 178.69 175.70 171.73 166.98 161.88 156.90 152.20 147.81 143.80 140.20 137.07 134.45 132.41 130.99 130.20 129.94 130.13 130.68 131.50 132.50
182.36 173.58 166.55 161.28 157.79 156.07 155.72 155.92 156.41 157.19 158.25 159.56 161.12 162.92 164.95 167.19 169.61 171.89 173.49 174.25 174.16 173.21 171.36 168.62 165.22 161.72 158.22 154.75 151.32 147.97 144.73 141.84 139.68 138.30 137.63 137.61 138.19 139.30 140.89 142.90 145.26 147.93 150.90 154.21 157.84 161.78 165.99 170.44 175.09 179.20 181.59 182.28 181.45 179.27 175.94 171.65 166.84 162.06 157.44 153.03 148.89 145.06 141.59 138.54 135.94 133.86 132.33 131.40 131.00 131.05 131.47 132.16 133.02
185.22 177.23 171.00 166.55 163.87 162.55 161.75 161.23 160.98 160.98 161.21 161.68 162.36 163.24 164.32 165.58 167.01 168.59 169.99 170.70 170.59 169.64 167.83 165.14 161.83 158.42 155.03 151.67 148.37 145.17 142.32 140.19 138.84 138.20 138.21 138.81 139.95 141.57 143.60 145.99 148.67 151.60 154.71 158.01 161.55 165.32 169.30 173.46 177.75 181.44 183.42 183.70 182.46 179.88 176.16 171.79 167.31 162.89 158.59 154.44 150.49 146.81 143.43 140.40 137.78 135.62 133.96 132.84 132.28 132.18 132.44 132.97 133.69
188.08 181.08 175.85 172.39 170.27 168.67 167.32 166.21 165.34 164.68 164.23 163.97 163.90 164.01 164.27 164.68 165.23 165.90 166.67 167.24 167.13 166.21 164.45 161.83 158.62 155.32 152.05 148.82 145.69 142.89 140.82 139.51 138.92 138.97 139.62 140.81 142.47 144.54 146.97 149.70 152.66 155.81 159.07 162.40 165.81 169.36 173.05 176.85 180.72 183.95 185.46 185.27 183.56 180.54 176.70 172.65 168.56 164.47 160.43 156.49 152.71 149.12 145.79 142.75 140.06 137.77 135.93 134.59 133.78 133.48 133.57 133.93 134.47
190.87 185.05 180.99 178.27 176.04 174.04 172.27 170.70 169.33 168.15 167.14 166.30 165.61 165.05 164.63 164.32 164.11 164.00 163.97 163.99 163.79 162.90 161.21 158.69 155.59 152.43 149.30 146.24 143.52 141.51 140.27 139.75 139.87 140.58 141.83 143.55 145.69 148.18 150.97 153.99 157.19 160.52 163.90 167.28 170.61 173.90 177.24 180.62 184.01 186.71 187.69 186.97 184.76 181.59 178.08 174.43 170.68 166.87 163.06 159.29 155.62 152.09 148.76 145.67 142.87 140.42 138.35 136.73 135.59 134.99 134.85 135.02 135.37
193.52 189.04 185.90 183.22 180.76 178.50 176.43 174.54 172.81 171.23 169.80 168.49 167.31 166.23 165.24 164.34 163.52 162.75 162.03 161.34 160.67 159.74 158.14 155.73 152.77 149.75 146.79 144.16 142.24 141.09 140.65 140.86 141.66 142.99 144.79 147.01 149.58 152.45 155.55 158.83 162.22 165.68 169.13 172.52 175.80 178.90 181.86 184.77 187.61 189.73 190.12 188.84 186.44 183.61 180.51 177.21 173.75 170.18 166.56 162.92 159.32 155.81 152.43 149.25 146.30 143.63 141.30 139.35 137.84 136.81 136.30 136.22 136.36
195.92 192.53 189.60 186.86 184.30 181.91 179.67 177.57 175.61 173.77 172.04 170.40 168.85 167.38 165.96 164.60 163.28 161.98 160.70 159.43 158.14 156.83 155.23 152.96 150.15 147.31 144.78 142.97 141.93 141.60 141.91 142.81 144.24 146.15 148.46 151.13 154.09 157.29 160.66 164.15 167.70 171.25 174.73 178.10 181.28 184.23 186.89 189.29 191.53 193.00 192.78 191.28 189.22 186.81 184.08 181.09 177.88 174.51 171.02 167.47 163.90 160.36 156.90 153.57 150.42 147.51 144.87 142.55 140.62 139.11 138.08 137.56 137.43
197.54 194.53 191.70 189.02 186.49 184.09 181.81 179.65 177.58 175.61 173.71 171.87 170.09 168.34 166.63 164.94 163.25 161.55 159.84 158.10 156.32 154.49 152.58 150.37 147.75 145.35 143.67 142.75 142.54 142.98 144.00 145.55 147.58 150.01 152.80 155.88 159.19 162.68 166.28 169.94 173.59 177.19 180.66 183.96 187.01 189.76 192.16 194.15 195.76 196.56 196.08 194.93 193.31 191.27 188.87 186.14 183.14 179.93 176.54 173.02 169.44 165.83 162.24 158.73 155.34 152.13 149.14 146.42 144.02 141.99 140.38 139.24 138.61
197.44 194.68 192.07 189.58 187.20 184.92 182.74 180.63 178.59 176.60 174.66 172.75 170.86 168.97 167.09 165.19 163.26 161.30 159.28 157.21 155.06 152.82 150.49 148.06 145.80 144.26 143.49 143.42 143.99 145.16 146.85 149.01 151.59 154.51 157.72 161.17 164.79 168.53 172.32 176.10 179.82 183.42 186.84 190.02 192.90 195.42 197.53 199.15 200.26 200.78 200.65 199.95 198.72 197.02 194.90 192.40 189.57 186.46 183.13 179.62 175.98 172.26 168.50 164.77 161.10 157.55 154.17 151.00 148.10 145.51 143.28 141.47 140.12
195.92 193.50 191.18 188.96 186.82 184.74 182.72 180.75 178.81 176.90 174.99 173.08 171.17 169.22 167.24 165.22 163.13 160.97 158.73 156.40 153.96 151.40 148.73 146.14 144.28 143.57 143.67 144.41 145.73 147.59 149.91 152.64 155.72 159.09 162.69 166.46 170.35 174.29 178.22 182.10 185.85 189.41 192.74 195.76 198.42 200.67 202.44 203.68 204.49 205.11 205.41 205.16 204.32 202.96 201.11 198.83 196.17 193.18 189.90 186.38 182.68 178.85 174.92 170.96 167.01 163.12 159.34 155.72 152.31 149.16 146.31 143.83 141.74
193.71 191.60 189.61 187.69 185.81 183.97 182.15 180.34 178.54 176.72 174.89 173.02 171.10 169.13 167.09 164.97 162.75 160.43 158.00 155.44 152.74 149.91 147.13 144.74 143.12 142.86 143.69 145.20 147.24 149.74 152.65 155.91 159.45 163.23 167.18 171.24 175.36 179.46 183.51 187.43 191.16 194.65 197.84 200.67 203.08 205.01 206.41 207.37 208.11 208.71 209.18 209.34 208.93 207.94 206.40 204.38 201.92 199.07 195.88 192.40 188.67 184.76 180.70 176.54 172.35 168.15 164.01 159.98 156.09 152.41 148.98 145.85 143.03
191.03 189.08 187.41 185.81 184.22 182.64 181.05 179.44 177.80 176.11 174.37 172.57 170.68 168.71 166.63 164.45 162.13 159.68 157.09 154.33 151.41 148.53 146.01 143.88 142.48 142.43 143.66 145.82 148.52 151.64 155.09 158.84 162.82 166.96 171.22 175.53 179.83 184.07 188.18 192.10 195.78 199.16 202.18 204.77 206.89 208.47 209.60 210.46 211.16 211.74 212.19 212.50 212.49 211.90 210.71 208.99 206.76 204.10 201.03 197.62 193.91 189.95 185.79 181.48 177.07 172.61 168.15 163.74 159.42 155.24 151.26 147.48 143.93
188.03 186.15 184.62 183.32 182.06 180.77 179.43 178.05 176.60 175.07 173.46 171.74 169.92 167.97 165.89 163.67 161.28 158.73 156.00 153.08 150.18 147.61 145.42 143.54 142.32 142.45 143.87 146.37 149.64 153.32 157.29 161.48 165.85 170.32 174.85 179.37 183.82 188.14 192.28 196.17 199.76 202.98 205.79 208.11 209.90 211.21 212.23 213.04 213.71 214.27 214.68 214.95 215.07 214.86 214.06 212.67 210.72 208.27 205.37 202.06 198.41 194.44 190.22 185.80 181.21 176.52 171.77 167.02 162.30 157.66 153.12 148.68 144.46
184.76 182.94 181.46 180.30 179.33 178.36 177.31 176.18 174.95 173.61 172.15 170.55 168.82 166.93 164.87 162.64 160.21 157.58 154.75 151.91 149.39 147.20 145.31 143.66 142.61 142.89 144.46 147.13 150.68 154.84 159.28 163.88 168.60 173.36 178.12 182.80 187.36 191.73 195.86 199.68 203.14 206.17 208.72 210.73 212.26 213.45 214.39 215.15 215.80 216.34 216.72 216.94 217.00 216.90 216.47 215.44 213.81 211.61 208.91 205.75 202.18 198.25 194.00 189.50 184.78 179.90 174.90 169.84 164.75 159.64 154.51 149.48 144.66
181.28 179.51 178.07 176.95 176.11 175.42 174.69 173.84 172.85 171.73 170.45 169.01 167.39 165.59 163.58 161.36 158.92 156.26 153.57 151.16 149.08 147.26 145.65 144.20 143.30 143.71 145.41 148.20 151.89 156.29 161.11 166.09 171.11 176.13 181.07 185.89 190.51 194.90 198.97 202.68 205.96 208.76 211.03 212.78 214.17 215.26 216.13 216.85 217.48 218.01 218.36 218.53 218.52 218.35 218.01 217.32 216.04 214.14 211.68 208.70 205.25 201.39 197.16 192.61 187.79 182.75 177.54 172.20 166.73 161.11 155.45 149.89 144.56
177.64 175.91 174.51 173.42 172.60 172.03 171.58 171.03 170.33 169.45 168.38 167.12 165.65 163.95 162.03 159.86 157.44 154.98 152.77 150.87 149.21 147.74 146.39 145.12 144.34 144.87 146.67 149.57 153.36 157.86 162.87 168.15 173.44 178.67 183.76 188.66 193.32 197.67 201.66 205.21 208.29 210.82 212.83 214.43 215.70 216.70 217.51 218.19 218.79 219.31 219.64 219.76 219.69 219.43 219.00 218.40 217.43 215.87 213.68 210.92 207.63 203.88 199.70 195.14 190.26 185.10 179.71 174.07 168.16 162.08 155.97 149.96 144.18
173.88 172.20 170.83 169.76 168.95 168.40 168.05 167.78 167.38 166.77 165.95 164.89 163.59 162.04 160.22 158.14 155.98 154.07 152.43 151.01 149.75 148.59 147.48 146.37 145.69 146.31 148.20 151.18 155.05 159.63 164.72 170.13 175.63 181.02 186.23 191.18 195.83 200.11 203.96 207.33 210.16 212.44 214.28 215.75 216.91 217.83 218.57 219.21 219.80 220.31 220.61 220.68 220.55 220.22 219.69 218.98 218.08 216.81 214.93 212.43 209.35 205.73 201.64 197.12 192.21 186.97 181.35 175.34 169.05 162.59 156.10 149.71 143.55
