data_processed/recharge/precip/Precip_1991_03.asc
ncols        168
nrows        136
xllcorner    455000
yllcorner    2107000
cellsize     500
NODATA_value     -99999
[rows 0 to 36 of 136, columns 0 to 81 of 168]
0.00 0.00 0.00 0.00 0.00 0.00 0.00 0.00 0.00 0.00 0.00 0.00 0.00 0.00 0.00 0.00 0.00 0.00 0.02 0.10 0.17 0.24 0.29 0.30 0.32 0.33 0.33 0.33 0.33 0.33 0.32 0.30 0.29 0.27 0.25 0.23 0.21 0.19 0.17 0.15 0.12 0.10 0.08 0.06 0.05 0.03 0.02 0.01 0.00 0.00 0.00 0.00 0.00 0.00 0.00 0.00 0.00 0.00 0.00 0.00 0.00 0.00 0.00 0.00 0.00 0.00 0.00 0.00 0.00 0.00 0.00 0.00 0.00 0.00 0.00 0.00 0.00 0.01 0.01 0.02 0.03 0.05
0.12 0.00 0.00 0.00 0.00 0.00 0.00 0.00 0.00 0.00 0.00 0.00 0.00 0.00 0.00 0.00 0.00 0.05 0.10 0.16 0.20 0.24 0.27 0.29 0.30 0.31 0.31 0.31 0.30 0.29 0.28 0.27 0.25 0.23 0.21 0.19 0.17 0.15 0.13 0.11 0.09 0.07 0.05 0.04 0.03 0.01 0.01 0.00 0.00 0.00 0.00 0.00 0.00 0.00 0.00 0.00 0.00 0.00 0.00 0.00 0.00 0.00 0.00 0.00 0.00 0.00 0.00 0.00 0.00 0.00 0.00 0.00 0.00 0.00 0.00 0.00 0.01 0.02 0.03 0.04 0.05 0.06
0.00 0.00 0.00 0.00 0.00 0.00 0.00 0.00 0.00 0.00 0.00 0.00 0.00 0.00 0.00 0.00 0.00 0.00 0.02 0.09 0.15 0.21 0.26 0.28 0.29 0.29 0.29 0.28 0.27 0.26 0.25 0.23 0.22 0.20 0.18 0.16 0.14 0.12 0.10 0.08 0.06 0.04 0.03 0.02 0.01 0.00 0.00 0.00 0.00 0.00 0.00 0.00 0.00 0.00 0.00 0.00 0.00 0.00 0.00 0.00 0.00 0.00 0.00 0.00 0.00 0.00 0.00 0.00 0.00 0.00 0.00 0.00 0.00 0.00 0.01 0.02 0.03 0.04 0.05 0.06 0.08 0.09
0.00 0.00 0.00 0.00 0.00 0.00 0.00 0.00 0.00 0.00 0.00 0.00 0.00 0.00 0.00 0.00 0.00 0.00 0.00 0.04 0.12 0.19 0.24 0.26 0.28 0.28 0.27 0.26 0.25 0.24 0.22 0.20 0.18 0.16 0.14 0.12 0.11 0.09 0.07 0.05 0.04 0.02 0.01 0.00 0.00 0.00 0.00 0.00 0.00 0.00 0.00 0.00 0.00 0.00 0.00 0.00 0.00 0.00 0.00 0.00 0.00 0.00 0.00 0.00 0.00 0.00 0.00 0.00 0.00 0.00 0.00 0.00 0.00 0.01 0.03 0.05 0.06 0.07 0.08 0.10 0.11 0.13
0.00 0.00 0.00 0.00 0.00 0.00 0.00 0.00 0.00 0.00 0.00 0.00 0.00 0.00 0.00 0.00 0.00 0.00 0.00 0.00 0.10 0.17 0.22 0.25 0.26 0.26 0.25 0.24 0.23 0.21 0.19 0.18 0.16 0.14 0.12 0.10 0.08 0.06 0.04 0.03 0.02 0.00 0.00 0.00 0.00 0.00 0.00 0.00 0.00 0.00 0.00 0.00 0.00 0.00 0.00 0.00 0.00 0.00 0.00 0.00 0.00 0.00 0.00 0.00 0.00 0.00 0.00 0.00 0.00 0.00 0.00 0.00 0.01 0.03 0.05 0.08 0.10 0.12 0.13 0.15 0.16 0.18
0.00 0.00 0.00 0.00 0.00 0.00 0.00 0.00 0.00 0.00 0.00 0.00 0.00 0.00 0.00 0.00 0.00 0.00 0.00 0.00 0.08 0.15 0.20 0.22 0.24 0.24 0.24 0.23 0.21 0.19 0.17 0.15 0.13 0.11 0.09 0.07 0.06 0.04 0.02 0.01 0.00 0.00 0.00 0.00 0.00 0.00 0.00 0.00 0.00 0.00 0.00 0.00 0.00 0.00 0.00 0.00 0.00 0.00 0.00 0.00 0.00 0.00 0.00 0.00 0.00 0.00 0.00 0.00 0.00 0.00 0.00 0.01 0.03 0.05 0.08 0.12 0.15 0.17 0.19 0.21 0.22 0.24
0.00 0.00 0.00 0.00 0.00 0.00 0.00 0.00 0.00 0.00 0.00 0.00 0.00 0.00 0.00 0.00 0.00 0.00 0.00 0.00 0.06 0.12 0.17 0.20 0.22 0.22 0.22 0.21 0.20 0.18 0.16 0.13 0.11 0.09 0.07 0.05 0.04 0.02 0.01 0.00 0.00 0.00 0.00 0.00 0.00 0.00 0.00 0.00 0.00 0.00 0.00 0.00 0.00 0.00 0.00 0.00 0.00 0.00 0.00 0.00 0.00 0.00 0.00 0.00 0.00 0.00 0.00 0.00 0.00 0.00 0.01 0.03 0.05 0.08 0.12 0.16 0.20 0.23 0.25 0.27 0.29 0.30
0.00 0.00 0.00 0.00 0.00 0.00 0.00 0.00 0.00 0.00 0.00 0.00 0.00 0.00 0.00 0.00 0.00 0.00 0.00 0.00 0.03 0.10 0.15 0.18 0.19 0.20 0.20 0.20 0.18 0.16 0.14 0.12 0.10 0.08 0.06 0.04 0.02 0.01 0.00 0.00 0.00 0.00 0.00 0.00 0.00 0.00 0.00 0.00 0.00 0.00 0.00 0.00 0.00 0.00 0.00 0.00 0.00 0.00 0.00 0.00 0.00 0.00 0.00 0.00 0.00 0.00 0.00 0.00 0.00 0.01 0.03 0.05 0.08 0.12 0.17 0.21 0.25 0.29 0.32 0.34 0.36 0.38
0.00 0.00 0.00 0.00 0.00 0.00 0.00 0.00 0.00 0.00 0.00 0.00 0.00 0.00 0.00 0.00 0.00 0.00 0.00 0.00 0.01 0.07 0.12 0.15 0.17 0.18 0.18 0.18 0.17 0.15 0.13 0.11 0.08 0.06 0.04 0.03 0.01 0.00 0.00 0.00 0.00 0.00 0.00 0.00 0.00 0.00 0.00 0.00 0.00 0.00 0.00 0.00 0.00 0.00 0.00 0.00 0.00 0.00 0.00 0.00 0.00 0.00 0.00 0.00 0.00 0.00 0.00 0.00 0.01 0.03 0.05 0.08 0.12 0.17 0.22 0.27 0.31 0.35 0.39 0.41 0.44 0.45
0.00 0.00 0.00 0.00 0.00 0.00 0.00 0.00 0.00 0.00 0.00 0.00 0.00 0.00 0.00 0.00 0.00 0.00 0.00 0.00 0.00 0.05 0.09 0.12 0.14 0.15 0.16 0.16 0.15 0.14 0.12 0.10 0.08 0.05 0.04 0.02 0.00 0.00 0.00 0.00 0.00 0.00 0.00 0.00 0.00 0.00 0.00 0.00 0.00 0.00 0.00 0.00 0.00 0.00 0.00 0.00 0.00 0.00 0.00 0.00 0.00 0.00 0.00 0.00 0.00 0.00 0.00 0.01 0.03 0.05 0.08 0.12 0.17 0.22 0.27 0.33 0.37 0.42 0.46 0.49 0.51 0.53
0.00 0.00 0.00 0.00 0.00 0.00 0.00 0.00 0.00 0.00 0.00 0.00 0.00 0.00 0.00 0.00 0.00 0.00 0.00 0.00 0.00 0.02 0.06 0.09 0.11 0.13 0.13 0.14 0.13 0.12 0.11 0.09 0.07 0.05 0.03 0.02 0.00 0.00 0.00 0.00 0.00 0.00 0.00 0.00 0.00 0.00 0.00 0.00 0.00 0.00 0.00 0.00 0.00 0.00 0.00 0.00 0.00 0.00 0.00 0.00 0.00 0.00 0.00 0.00 0.00 0.00 0.01 0.03 0.05 0.08 0.12 0.16 0.21 0.27 0.33 0.39 0.44 0.48 0.52 0.56 0.58 0.61
0.00 0.00 0.00 0.00 0.00 0.00 0.00 0.00 0.00 0.00 0.00 0.00 0.00 0.00 0.00 0.00 0.00 0.00 0.00 0.00 0.00 0.00 0.04 0.07 0.09 0.10 0.11 0.11 0.11 0.11 0.10 0.08 0.07 0.05 0.03 0.01 0.00 0.00 0.00 0.00 0.00 0.00 0.00 0.00 0.00 0.00 0.00 0.00 0.00 0.00 0.00 0.00 0.00 0.00 0.00 0.00 0.00 0.00 0.00 0.00 0.00 0.00 0.00 0.00 0.00 0.01 0.02 0.05 0.08 0.12 0.16 0.21 0.27 0.32 0.39 0.45 0.50 0.55 0.59 0.63 0.65 0.68
0.00 0.00 0.00 0.00 0.00 0.00 0.00 0.00 0.00 0.00 0.00 0.00 0.00 0.00 0.00 0.00 0.00 0.00 0.00 0.00 0.00 0.00 0.01 0.04 0.06 0.08 0.09 0.09 0.09 0.09 0.08 0.07 0.06 0.05 0.03 0.02 0.01 0.00 0.00 0.00 0.00 0.00 0.00 0.00 0.00 0.00 0.00 0.00 0.00 0.00 0.00 0.00 0.00 0.00 0.00 0.00 0.00 0.00 0.00 0.00 0.00 0.00 0.00 0.00 0.01 0.02 0.05 0.08 0.12 0.16 0.21 0.26 0.32 0.38 0.45 0.51 0.56 0.61 0.66 0.69 0.72 0.74
0.00 0.00 0.00 0.00 0.00 0.00 0.00 0.00 0.00 0.00 0.00 0.00 0.00 0.00 0.00 0.00 0.00 0.00 0.00 0.00 0.00 0.00 0.00 0.01 0.03 0.05 0.06 0.07 0.07 0.07 0.07 0.06 0.05 0.05 0.04 0.03 0.02 0.01 0.01 0.00 0.00 0.00 0.00 0.00 0.00 0.00 0.00 0.00 0.00 0.00 0.00 0.00 0.00 0.00 0.00 0.00 0.00 0.00 0.00 0.00 0.00 0.00 0.00 0.01 0.02 0.05 0.08 0.12 0.16 0.21 0.26 0.32 0.38 0.44 0.51 0.57 0.63 0.68 0.72 0.75 0.78 0.81
0.00 0.00 0.00 0.00 0.00 0.00 0.00 0.00 0.00 0.00 0.00 0.00 0.00 0.00 0.00 0.00 0.00 0.00 0.00 0.00 0.00 0.00 0.00 0.00 0.01 0.03 0.04 0.05 0.05 0.05 0.05 0.05 0.05 0.04 0.04 0.03 0.03 0.02 0.02 0.01 0.01 0.00 0.00 0.00 0.00 0.00 0.00 0.00 0.00 0.00 0.00 0.00 0.00 0.00 0.00 0.00 0.00 0.00 0.00 0.00 0.00 0.00 0.01 0.02 0.05 0.08 0.11 0.16 0.20 0.26 0.31 0.37 0.43 0.50 0.57 0.63 0.68 0.73 0.78 0.81 0.84 0.86
0.00 0.00 0.00 0.00 0.00 0.00 0.00 0.00 0.00 0.00 0.00 0.00 0.00 0.00 0.00 0.00 0.00 0.00 0.00 0.00 0.00 0.00 0.00 0.00 0.00 0.00 0.02 0.03 0.03 0.04 0.04 0.04 0.04 0.04 0.04 0.04 0.04 0.03 0.02 0.02 0.01 0.01 0.01 0.00 0.00 0.00 0.00 0.00 0.00 0.00 0.00 0.00 0.00 0.00 0.00 0.00 0.00 0.00 0.00 0.00 0.00 0.01 0.02 0.05 0.08 0.11 0.15 0.20 0.25 0.31 0.37 0.43 0.49 0.56 0.62 0.69 0.74 0.79 0.83 0.87 0.89 0.91
0.00 0.00 0.00 0.00 0.00 0.00 0.00 0.00 0.00 0.00 0.00 0.00 0.00 0.00 0.00 0.00 0.00 0.00 0.00 0.00 0.00 0.00 0.00 0.00 0.00 0.00 0.00 0.01 0.02 0.02 0.03 0.03 0.04 0.04 0.04 0.04 0.04 0.04 0.03 0.02 0.02 0.01 0.01 0.01 0.00 0.00 0.00 0.00 0.00 0.00 0.00 0.00 0.00 0.00 0.00 0.00 0.00 0.00 0.00 0.00 0.01 0.02 0.05 0.08 0.11 0.15 0.20 0.25 0.30 0.36 0.42 0.49 0.55 0.61 0.68 0.74 0.79 0.84 0.88 0.91 0.94 0.95
0.00 0.00 0.00 0.00 0.00 0.00 0.00 0.00 0.00 0.00 0.00 0.00 0.00 0.00 0.00 0.00 0.00 0.00 0.00 0.00 0.00 0.00 0.00 0.00 0.00 0.00 0.00 0.00 0.00 0.01 0.02 0.02 0.03 0.04 0.04 0.04 0.04 0.04 0.04 0.03 0.02 0.02 0.01 0.01 0.00 0.00 0.00 0.00 0.00 0.00 0.00 0.00 0.00 0.00 0.00 0.00 0.00 0.00 0.00 0.01 0.02 0.05 0.07 0.11 0.15 0.20 0.25 0.30 0.36 0.42 0.48 0.54 0.60 0.67 0.73 0.79 0.84 0.89 0.92 0.95 0.97 0.99
0.00 0.00 0.00 0.00 0.00 0.00 0.00 0.00 0.00 0.00 0.00 0.00 0.00 0.00 0.00 0.00 0.00 0.00 0.00 0.00 0.00 0.00 0.00 0.00 0.00 0.00 0.00 0.00 0.00 0.00 0.01 0.02 0.03 0.03 0.04 0.04 0.04 0.04 0.04 0.03 0.03 0.02 0.01 0.01 0.01 0.00 0.00 0.00 0.00 0.00 0.00 0.00 0.00 0.00 0.00 0.00 0.00 0.00 0.01 0.02 0.05 0.07 0.11 0.15 0.19 0.24 0.30 0.35 0.41 0.47 0.53 0.60 0.66 0.72 0.78 0.84 0.89 0.93 0.96 0.98 1.00 1.01
0.00 0.00 0.00 0.00 0.00 0.00 0.00 0.00 0.00 0.00 0.00 0.00 0.00 0.00 0.00 0.00 0.00 0.00 0.00 0.00 0.00 0.00 0.00 0.00 0.00 0.00 0.00 0.00 0.00 0.00 0.00 0.01 0.02 0.03 0.03 0.04 0.04 0.04 0.04 0.03 0.03 0.02 0.02 0.01 0.01 0.00 0.00 0.00 0.00 0.00 0.00 0.00 0.00 0.00 0.00 0.00 0.00 0.01 0.02 0.04 0.07 0.11 0.15 0.19 0.24 0.29 0.35 0.40 0.46 0.52 0.59 0.65 0.71 0.77 0.82 0.88 0.92 0.96 0.99 1.01 1.02 1.03
0.00 0.00 0.00 0.00 0.00 0.00 0.00 0.00 0.00 0.00 0.00 0.00 0.00 0.00 0.00 0.00 0.00 0.00 0.00 0.00 0.00 0.00 0.00 0.00 0.00 0.00 0.00 0.00 0.00 0.00 0.00 0.00 0.01 0.02 0.03 0.03 0.03 0.04 0.04 0.03 0.03 0.03 0.02 0.01 0.01 0.00 0.00 0.00 0.00 0.00 0.00 0.00 0.00 0.00 0.00 0.00 0.01 0.02 0.04 0.07 0.11 0.14 0.19 0.24 0.29 0.34 0.40 0.46 0.52 0.58 0.64 0.70 0.75 0.81 0.86 0.91 0.95 0.98 1.01 1.02 1.03 1.03
0.00 0.00 0.01 0.04 0.06 0.07 0.08 0.08 0.08 0.07 0.05 0.04 0.02 0.00 0.00 0.00 0.00 0.00 0.00 0.00 0.00 0.00 0.00 0.00 0.00 0.00 0.00 0.00 0.00 0.00 0.00 0.00 0.01 0.01 0.02 0.03 0.03 0.03 0.03 0.03 0.03 0.03 0.02 0.01 0.01 0.01 0.00 0.00 0.00 0.00 0.00 0.00 0.00 0.00 0.00 0.01 0.02 0.04 0.07 0.10 0.14 0.19 0.23 0.28 0.34 0.39 0.45 0.51 0.57 0.63 0.68 0.74 0.79 0.85 0.89 0.94 0.97 1.00 1.01 1.02 1.03 1.03
0.14 0.17 0.20 0.21 0.22 0.22 0.22 0.21 0.19 0.17 0.15 0.12 0.09 0.06 0.03 0.00 0.00 0.00 0.00 0.00 0.00 0.00 0.00 0.00 0.00 0.00 0.00 0.00 0.00 0.00 0.00 0.00 0.00 0.01 0.01 0.02 0.02 0.02 0.03 0.03 0.02 0.02 0.02 0.02 0.01 0.01 0.00 0.00 0.00 0.00 0.00 0.00 0.00 0.00 0.01 0.02 0.04 0.07 0.10 0.14 0.18 0.23 0.28 0.33 0.39 0.44 0.50 0.56 0.61 0.67 0.73 0.78 0.83 0.88 0.92 0.95 0.98 1.00 1.01 1.02 1.02 1.02
0.36 0.38 0.39 0.39 0.38 0.37 0.35 0.33 0.30 0.27 0.24 0.20 0.16 0.13 0.09 0.05 0.02 0.00 0.00 0.00 0.00 0.00 0.00 0.00 0.00 0.00 0.00 0.00 0.00 0.00 0.00 0.00 0.00 0.00 0.01 0.01 0.02 0.02 0.02 0.02 0.02 0.02 0.02 0.01 0.01 0.01 0.00 0.00 0.00 0.00 0.00 0.00 0.00 0.01 0.02 0.04 0.07 0.10 0.14 0.18 0.23 0.28 0.33 0.38 0.44 0.49 0.55 0.60 0.66 0.71 0.76 0.81 0.86 0.90 0.93 0.96 0.98 1.00 1.00 1.01 1.01 1.00
0.57 0.58 0.57 0.56 0.54 0.52 0.49 0.45 0.41 0.37 0.33 0.28 0.24 0.19 0.15 0.10 0.06 0.03 0.00 0.00 0.00 0.00 0.00 0.00 0.00 0.00 0.00 0.00 0.00 0.00 0.00 0.00 0.00 0.00 0.00 0.01 0.01 0.01 0.01 0.01 0.01 0.01 0.01 0.01 0.01 0.01 0.00 0.00 0.00 0.00 0.00 0.00 0.01 0.02 0.04 0.07 0.10 0.14 0.18 0.22 0.27 0.32 0.38 0.43 0.48 0.54 0.59 0.65 0.70 0.75 0.79 0.84 0.88 0.91 0.94 0.96 0.98 0.98 0.99 0.99 0.99 0.98
0.79 0.77 0.76 0.73 0.70 0.66 0.62 0.57 0.52 0.47 0.42 0.36 0.31 0.26 0.21 0.16 0.11 0.07 0.03 0.00 0.00 0.00 0.00 0.00 0.00 0.00 0.00 0.00 0.00 0.00 0.00 0.00 0.00 0.00 0.00 0.00 0.00 0.01 0.01 0.01 0.01 0.01 0.01 0.01 0.01 0.00 0.00 0.00 0.00 0.00 0.00 0.01 0.02 0.04 0.07 0.10 0.14 0.18 0.22 0.27 0.32 0.37 0.42 0.48 0.53 0.58 0.63 0.68 0.73 0.78 0.82 0.86 0.89 0.92 0.94 0.95 0.96 0.96 0.96 0.96 0.96 0.96
1.00 0.97 0.94 0.90 0.85 0.80 0.75 0.69 0.63 0.57 0.51 0.44 0.38 0.32 0.27 0.21 0.16 0.11 0.07 0.04 0.01 0.00 0.00 0.00 0.00 0.00 0.00 0.00 0.00 0.00 0.00 0.00 0.00 0.00 0.00 0.00 0.00 0.00 0.00 0.00 0.00 0.00 0.00 0.00 0.00 0.00 0.00 0.00 0.00 0.00 0.01 0.02 0.04 0.07 0.10 0.13 0.17 0.22 0.26 0.31 0.36 0.42 0.47 0.52 0.57 0.62 0.67 0.72 0.76 0.80 0.84 0.87 0.89 0.91 0.92 0.93 0.93 0.94 0.94 0.94 0.94 0.93
1.20 1.16 1.11 1.06 1.00 0.94 0.87 0.81 0.74 0.67 0.59 0.52 0.46 0.39 0.33 0.27 0.21 0.16 0.12 0.08 0.06 0.04 0.03 0.02 0.02 0.02 0.02 0.01 0.01 0.01 0.01 0.01 0.01 0.00 0.00 0.00 0.00 0.00 0.00 0.00 0.00 0.00 0.00 0.00 0.00 0.00 0.00 0.00 0.00 0.00 0.00 0.00 0.02 0.06 0.09 0.14 0.18 0.23 0.28 0.33 0.38 0.44 0.49 0.54 0.59 0.64 0.69 0.73 0.77 0.81 0.84 0.86 0.88 0.89 0.90 0.90 0.91 0.91 0.91 0.91 0.90 0.90
1.39 1.34 1.28 1.21 1.14 1.07 0.99 0.91 0.84 0.76 0.68 0.60 0.53 0.46 0.39 0.32 0.27 0.21 0.17 0.13 0.10 0.08 0.07 0.06 0.06 0.05 0.05 0.04 0.04 0.03 0.03 0.02 0.02 0.01 0.01 0.01 0.01 0.00 0.00 0.00 0.00 0.00 0.00 0.00 0.00 0.00 0.00 0.00 0.00 0.00 0.00 0.00 0.00 0.00 0.00 0.02 0.08 0.13 0.19 0.25 0.31 0.37 0.43 0.49 0.55 0.60 0.65 0.69 0.74 0.77 0.80 0.83 0.85 0.86 0.87 0.87 0.87 0.87 0.87 0.87 0.87 0.87
1.57 1.50 1.43 1.35 1.27 1.19 1.10 1.02 0.93 0.84 0.76 0.68 0.60 0.52 0.45 0.38 0.32 0.27 0.23 0.19 0.16 0.14 0.12 0.11 0.10 0.09 0.08 0.07 0.07 0.06 0.05 0.04 0.04 0.03 0.02 0.02 0.01 0.01 0.01 0.01 0.00 0.00 0.00 0.00 0.00 0.00 0.00 0.00 0.00 0.00 0.00 0.00 0.00 0.00 0.00 0.00 0.00 0.00 0.00 0.08 0.15 0.22 0.30 0.37 0.43 0.50 0.56 0.61 0.67 0.71 0.75 0.78 0.81 0.82 0.83 0.83 0.84 0.84 0.84 0.84 0.83 0.83
1.73 1.65 1.56 1.48 1.39 1.30 1.20 1.11 1.02 0.93 0.84 0.75 0.67 0.59 0.52 0.45 0.39 0.33 0.29 0.25 0.22 0.20 0.18 0.17 0.15 0.14 0.13 0.11 0.10 0.09 0.08 0.07 0.06 0.05 0.04 0.03 0.03 0.02 0.02 0.01 0.01 0.01 0.01 0.01 0.01 0.00 0.00 0.00 0.00 0.00 0.00 0.00 0.00 0.00 0.00 0.00 0.00 0.00 0.00 0.00 0.00 0.00 0.09 0.18 0.27 0.35 0.43 0.50 0.57 0.63 0.68 0.73 0.76 0.78 0.79 0.79 0.79 0.80 0.80 0.80 0.79 0.79
1.88 1.79 1.69 1.60 1.50 1.40 1.30 1.20 1.11 1.01 0.92 0.83 0.74 0.66 0.59 0.52 0.46 0.41 0.36 0.33 0.29 0.26 0.24 0.22 0.21 0.19 0.17 0.16 0.14 0.12 0.11 0.10 0.08 0.07 0.06 0.05 0.04 0.04 0.03 0.03 0.02 0.02 0.02 0.02 0.01 0.00 0.00 0.00 0.00 0.00 0.00 0.00 0.00 0.00 0.00 0.00 0.00 0.00 0.00 0.00 0.00 0.00 0.00 0.00 0.07 0.17 0.27 0.37 0.46 0.54 0.61 0.67 0.71 0.73 0.74 0.75 0.75 0.75 0.75 0.75 0.75 0.75
2.03 1.92 1.81 1.71 1.61 1.50 1.40 1.29 1.19 1.09 1.00 0.90 0.82 0.74 0.66 0.60 0.54 0.49 0.44 0.40 0.36 0.33 0.30 0.28 0.26 0.24 0.22 0.20 0.18 0.16 0.15 0.13 0.11 0.10 0.09 0.07 0.06 0.06 0.05 0.04 0.04 0.03 0.03 0.02 0.00 0.00 0.00 0.00 0.00 0.00 0.00 0.00 0.00 0.00 0.00 0.00 0.00 0.00 0.00 0.00 0.00 0.00 0.00 0.00 0.00 0.00 0.10 0.23 0.35 0.45 0.54 0.60 0.65 0.68 0.69 0.69 0.70 0.70 0.70 0.70 0.70 0.70
2.17 2.05 1.93 1.82 1.71 1.60 1.49 1.38 1.28 1.18 1.08 0.99 0.90 0.82 0.75 0.68 0.63 0.57 0.53 0.48 0.44 0.40 0.37 0.35 0.32 0.30 0.28 0.25 0.23 0.21 0.19 0.16 0.15 0.13 0.11 0.10 0.09 0.08 0.07 0.06 0.05 0.05 0.03 0.00 0.00 0.00 0.00 0.00 0.00 0.00 0.00 0.00 0.00 0.00 0.00 0.00 0.00 0.00 0.00 0.00 0.00 0.00 0.00 0.00 0.00 0.00 0.00 0.09 0.24 0.36 0.46 0.54 0.59 0.62 0.63 0.64 0.64 0.64 0.64 0.65 0.65 0.65
2.30 2.17 2.04 1.92 1.80 1.69 1.58 1.47 1.36 1.26 1.16 1.07 0.99 0.91 0.84 0.78 0.72 0.66 0.61 0.56 0.52 0.48 0.44 0.41 0.38 0.36 0.33 0.30 0.28 0.25 0.23 0.20 0.18 0.16 0.14 0.13 0.11 0.10 0.09 0.08 0.07 0.05 0.00 0.00 0.00 0.00 0.00 0.00 0.00 0.00 0.00 0.00 0.00 0.00 0.00 0.00 0.00 0.00 0.00 0.00 0.00 0.00 0.00 0.00 0.00 0.00 0.00 0.00 0.13 0.27 0.38 0.47 0.53 0.56 0.58 0.58 0.58 0.58 0.59 0.59 0.59 0.60
2.43 2.29 2.15 2.02 1.90 1.78 1.67 1.56 1.45 1.35 1.25 1.16 1.08 1.01 0.94 0.88 0.82 0.76 0.70 0.65 0.60 0.55 0.51 0.48 0.45 0.42 0.39 0.36 0.33 0.30 0.27 0.25 0.22 0.20 0.17 0.16 0.14 0.12 0.11 0.10 0.08 0.02 0.00 0.00 0.00 0.00 0.00 0.00 0.00 0.00 0.00 0.00 0.00 0.00 0.00 0.00 0.00 0.00 0.00 0.00 0.00 0.00 0.00 0.00 0.00 0.00 0.00 0.00 0.02 0.18 0.30 0.40 0.46 0.50 0.52 0.52 0.52 0.52 0.53 0.53 0.53 0.54
2.56 2.40 2.26 2.12 1.99 1.87 1.76 1.65 1.54 1.44 1.35 1.26 1.19 1.11 1.05 0.98 0.92 0.85 0.79 0.73 0.68 0.63 0.59 0.55 0.51 0.48 0.45 0.41 0.38 0.35 0.32 0.29 0.26 0.23 0.21 0.19 0.17 0.15 0.13 0.11 0.05 0.00 0.00 0.00 0.00 0.00 0.00 0.00 0.00 0.00 0.00 0.00 0.00 0.00 0.00 0.00 0.00 0.00 0.00 0.00 0.00 0.00 0.00 0.00 0.00 0.00 0.00 0.00 0.00 0.08 0.22 0.32 0.39 0.44 0.45 0.46 0.46 0.46 0.46 0.46 0.47 0.48
