data_processed/recharge/precip/Precip_2011_06.asc
ncols        168
nrows        136
xllcorner    455000
yllcorner    2107000
cellsize     500
NODATA_value     -99999
[rows 0 to 31 of 136, columns 71 to 141 of 168]
158.91 158.94 158.98 159.01 159.02 159.01 158.98 158.94 158.88 158.80 158.70 158.59 158.45 158.30 158.12 157.93 157.72 157.48 157.20 156.82 156.35 155.77 155.10 154.33 153.48 152.54 151.51 150.41 149.23 147.98 146.66 145.28 143.83 142.33 140.76 139.15 137.49 135.78 134.03 132.24 130.42 128.57 126.66 124.66 122.56 120.38 118.11 115.77 113.36 110.90 108.39 105.84 103.26 100.66 98.05 95.44 92.83 90.23 87.65 85.10 82.58 80.11 77.71 75.39 73.17 71.05 69.07 67.22 65.52 64.00 62.66
158.90 158.95 159.00 159.04 159.06 159.07 159.06 159.03 158.98 158.92 158.84 158.74 158.62 158.48 158.32 158.14 157.95 157.73 157.49 157.21 156.83 156.35 155.77 155.09 154.32 153.46 152.52 151.50 150.39 149.21 147.96 146.64 145.25 143.80 142.30 140.74 139.12 137.46 135.75 134.00 132.21 130.36 128.42 126.37 124.22 121.99 119.67 117.28 114.83 112.33 109.77 107.19 104.57 101.94 99.29 96.64 94.00 91.38 88.77 86.17 83.61 81.09 78.63 76.24 73.93 71.74 69.65 67.70 65.90 64.26 62.80
158.88 158.93 159.00 159.05 159.09 159.11 159.12 159.10 159.07 159.02 158.96 158.87 158.77 158.65 158.50 158.34 158.16 157.96 157.74 157.50 157.21 156.83 156.34 155.76 155.08 154.31 153.45 152.51 151.48 150.37 149.19 147.94 146.61 145.23 143.78 142.27 140.71 139.09 137.43 135.72 133.95 132.07 130.08 127.98 125.79 123.51 121.16 118.73 116.24 113.70 111.12 108.50 105.85 103.19 100.52 97.85 95.18 92.53 89.90 87.28 84.67 82.11 79.59 77.14 74.77 72.49 70.32 68.28 66.38 64.62 63.04
158.83 158.90 158.98 159.05 159.10 159.14 159.16 159.16 159.15 159.11 159.06 158.99 158.90 158.80 158.67 158.53 158.36 158.18 157.98 157.75 157.51 157.21 156.83 156.34 155.76 155.07 154.30 153.44 152.49 151.46 150.35 149.17 147.92 146.59 145.20 143.75 142.24 140.68 139.07 137.38 135.58 133.66 131.63 129.50 127.27 124.96 122.57 120.11 117.60 115.03 112.42 109.78 107.11 104.42 101.73 99.04 96.36 93.70 91.05 88.40 85.77 83.16 80.60 78.10 75.66 73.32 71.07 68.94 66.94 65.09 63.40
158.77 158.86 158.95 159.03 159.10 159.15 159.19 159.20 159.20 159.18 159.15 159.10 159.02 158.93 158.82 158.70 158.55 158.38 158.20 157.99 157.76 157.51 157.22 156.83 156.34 155.75 155.07 154.29 153.43 152.48 151.45 150.34 149.15 147.90 146.57 145.18 143.73 142.22 140.63 138.93 137.09 135.14 133.08 130.92 128.66 126.33 123.91 121.43 118.89 116.31 113.68 111.02 108.34 105.64 102.94 100.24 97.55 94.88 92.22 89.56 86.90 84.27 81.67 79.11 76.62 74.22 71.90 69.69 67.61 65.67 63.87
158.70 158.79 158.90 159.00 159.08 159.15 159.20 159.23 159.24 159.24 159.22 159.18 159.13 159.05 158.96 158.85 158.72 158.57 158.40 158.21 158.00 157.77 157.52 157.22 156.83 156.34 155.75 155.06 154.29 153.42 152.47 151.44 150.32 149.14 147.88 146.56 145.17 143.69 142.09 140.35 138.49 136.52 134.43 132.25 129.97 127.62 125.19 122.69 120.14 117.54 114.90 112.23 109.54 106.84 104.13 101.43 98.74 96.07 93.42 90.75 88.07 85.41 82.78 80.19 77.66 75.19 72.81 70.54 68.38 66.34 64.46
158.60 158.71 158.83 158.95 159.04 159.13 159.19 159.24 159.27 159.28 159.28 159.26 159.22 159.16 159.08 158.99 158.87 158.74 158.59 158.42 158.23 158.02 157.78 157.53 157.23 156.84 156.34 155.75 155.06 154.28 153.41 152.46 151.43 150.31 149.13 147.87 146.52 145.04 143.41 141.66 139.78 137.78 135.68 133.48 131.20 128.83 126.39 123.89 121.33 118.72 116.08 113.41 110.73 108.03 105.32 102.62 99.94 97.28 94.63 91.96 89.28 86.61 83.95 81.33 78.76 76.25 73.81 71.47 69.24 67.13 65.16
158.49 158.61 158.75 158.88 158.99 159.09 159.17 159.23 159.28 159.31 159.32 159.31 159.29 159.25 159.19 159.11 159.02 158.90 158.77 158.61 158.44 158.24 158.03 157.80 157.54 157.24 156.84 156.35 155.75 155.06 154.28 153.41 152.46 151.42 150.31 149.10 147.75 146.25 144.61 142.84 140.95 138.94 136.84 134.63 132.34 129.97 127.53 125.02 122.47 119.87 117.23 114.57 111.89 109.20 106.50 103.82 101.15 98.51 95.87 93.21 90.53 87.85 85.18 82.53 79.93 77.38 74.90 72.50 70.21 68.03 65.98
158.37 158.50 158.65 158.80 158.92 159.04 159.13 159.21 159.27 159.32 159.35 159.36 159.35 159.33 159.28 159.22 159.14 159.05 158.93 158.79 158.64 158.46 158.27 158.05 157.81 157.56 157.25 156.85 156.35 155.76 155.07 154.28 153.41 152.46 151.40 150.19 148.83 147.32 145.68 143.90 142.01 140.00 137.89 135.69 133.40 131.03 128.60 126.10 123.55 120.96 118.34 115.69 113.03 110.35 107.68 105.02 102.37 99.75 97.14 94.50 91.82 89.14 86.46 83.80 81.17 78.59 76.07 73.63 71.28 69.03 66.91
158.23 158.37 158.54 158.70 158.84 158.97 159.08 159.17 159.25 159.31 159.36 159.39 159.40 159.39 159.36 159.32 159.26 159.18 159.08 158.96 158.82 158.66 158.49 158.29 158.07 157.83 157.57 157.27 156.87 156.37 155.77 155.08 154.29 153.40 152.35 151.14 149.77 148.26 146.62 144.85 142.96 140.96 138.85 136.66 134.38 132.02 129.60 127.12 124.59 122.02 119.42 116.79 114.15 111.50 108.86 106.22 103.61 101.02 98.44 95.81 93.16 90.48 87.80 85.13 82.49 79.88 77.33 74.85 72.45 70.15 67.97
158.07 158.23 158.41 158.58 158.74 158.89 159.01 159.12 159.22 159.30 159.36 159.40 159.43 159.44 159.43 159.40 159.36 159.29 159.21 159.11 158.99 158.85 158.69 158.52 158.32 158.10 157.86 157.60 157.29 156.89 156.38 155.78 155.07 154.19 153.14 151.93 150.58 149.07 147.44 145.67 143.80 141.81 139.72 137.54 135.28 132.94 130.54 128.09 125.58 123.04 120.46 117.87 115.26 112.64 110.03 107.43 104.85 102.30 99.76 97.17 94.54 91.87 89.20 86.53 83.88 81.26 78.68 76.17 73.73 71.38 69.14
157.90 158.07 158.27 158.46 158.63 158.79 158.93 159.06 159.17 159.26 159.34 159.40 159.45 159.47 159.48 159.47 159.44 159.40 159.34 159.25 159.15 159.03 158.89 158.73 158.55 158.35 158.13 157.89 157.63 157.31 156.91 156.38 155.69 154.82 153.78 152.59 151.24 149.75 148.13 146.39 144.53 142.56 140.49 138.34 136.10 133.80 131.42 129.00 126.53 124.02 121.48 118.92 116.34 113.77 111.20 108.65 106.11 103.61 101.11 98.56 95.96 93.32 90.66 88.00 85.35 82.71 80.12 77.59 75.12 72.73 70.44
157.71 157.90 158.11 158.31 158.50 158.68 158.84 158.98 159.11 159.22 159.31 159.39 159.45 159.49 159.52 159.53 159.52 159.49 159.45 159.38 159.30 159.20 159.07 158.93 158.77 158.59 158.39 158.17 157.93 157.66 157.32 156.83 156.15 155.29 154.27 153.09 151.77 150.30 148.70 146.98 145.15 143.21 141.18 139.05 136.85 134.58 132.24 129.86 127.42 124.96 122.46 119.94 117.42 114.89 112.37 109.87 107.39 104.94 102.50 99.99 97.43 94.82 92.19 89.54 86.89 84.26 81.66 79.10 76.61 74.19 71.86
157.51 157.71 157.94 158.16 158.36 158.55 158.73 158.89 159.03 159.16 159.27 159.36 159.44 159.50 159.54 159.57 159.58 159.57 159.54 159.50 159.43 159.35 159.25 159.12 158.98 158.82 158.64 158.44 158.21 157.94 157.58 157.09 156.43 155.60 154.61 153.45 152.16 150.72 149.15 147.47 145.67 143.77 141.77 139.69 137.53 135.30 133.01 130.66 128.28 125.86 123.41 120.95 118.48 116.01 113.55 111.10 108.69 106.30 103.92 101.46 98.95 96.38 93.77 91.15 88.51 85.89 83.29 80.72 78.21 75.77 73.41
157.29 157.51 157.75 157.98 158.21 158.41 158.60 158.78 158.94 159.08 159.21 159.32 159.42 159.50 159.56 159.60 159.63 159.64 159.63 159.60 159.55 159.49 159.40 159.30 159.18 159.04 158.88 158.69 158.46 158.15 157.72 157.20 156.56 155.76 154.79 153.67 152.41 151.01 149.49 147.84 146.08 144.23 142.27 140.24 138.13 135.95 133.71 131.42 129.09 126.73 124.34 121.94 119.53 117.12 114.73 112.35 110.00 107.69 105.37 102.98 100.51 97.99 95.42 92.83 90.22 87.61 85.01 82.45 79.93 77.47 75.08
157.06 157.29 157.55 157.80 158.04 158.26 158.47 158.66 158.84 159.00 159.14 159.27 159.38 159.48 159.56 159.62 159.66 159.69 159.70 159.69 159.66 159.62 159.55 159.47 159.37 159.24 159.10 158.91 158.63 158.25 157.77 157.20 156.53 155.75 154.83 153.75 152.54 151.18 149.70 148.10 146.40 144.59 142.69 140.71 138.65 136.53 134.35 132.13 129.86 127.56 125.24 122.91 120.57 118.23 115.91 113.61 111.33 109.10 106.86 104.54 102.13 99.66 97.14 94.58 92.00 89.42 86.84 84.28 81.75 79.28 76.88
156.81 157.06 157.33 157.60 157.85 158.09 158.32 158.53 158.72 158.90 159.06 159.21 159.34 159.45 159.55 159.63 159.69 159.73 159.76 159.77 159.76 159.74 159.69 159.63 159.54 159.44 159.29 159.05 158.71 158.27 157.73 157.11 156.40 155.61 154.72 153.69 152.53 151.22 149.80 148.26 146.61 144.86 143.02 141.10 139.11 137.06 134.95 132.79 130.59 128.37 126.12 123.86 121.60 119.34 117.10 114.88 112.69 110.54 108.38 106.14 103.80 101.40 98.93 96.41 93.87 91.31 88.76 86.21 83.70 81.22 78.81
156.55 156.81 157.10 157.39 157.66 157.91 158.15 158.38 158.59 158.79 158.96 159.13 159.28 159.41 159.52 159.62 159.70 159.77 159.81 159.84 159.85 159.84 159.82 159.77 159.71 159.60 159.40 159.10 158.69 158.20 157.61 156.94 156.19 155.37 154.48 153.50 152.39 151.15 149.78 148.30 146.72 145.04 143.27 141.42 139.50 137.52 135.48 133.40 131.28 129.14 126.97 124.80 122.62 120.45 118.30 116.17 114.07 112.01 109.95 107.79 105.53 103.19 100.78 98.32 95.83 93.30 90.78 88.25 85.75 83.28 80.87
156.28 156.56 156.86 157.16 157.45 157.72 157.98 158.22 158.45 158.66 158.86 159.04 159.20 159.35 159.49 159.60 159.70 159.79 159.85 159.90 159.93 159.94 159.93 159.91 159.84 159.68 159.41 159.05 158.59 158.04 157.41 156.70 155.92 155.07 154.15 153.17 152.12 150.94 149.65 148.24 146.73 145.13 143.43 141.66 139.82 137.92 135.97 133.97 131.94 129.88 127.81 125.72 123.64 121.56 119.50 117.47 115.47 113.51 111.55 109.48 107.31 105.04 102.71 100.31 97.86 95.39 92.90 90.40 87.92 85.47 83.06
156.00 156.29 156.61 156.92 157.23 157.51 157.79 158.05 158.29 158.52 158.74 158.94 159.12 159.29 159.44 159.58 159.69 159.79 159.88 159.94 159.99 160.02 160.04 160.00 159.88 159.66 159.33 158.91 158.40 157.81 157.14 156.39 155.58 154.70 153.77 152.77 151.73 150.62 149.41 148.08 146.65 145.12 143.52 141.83 140.08 138.26 136.40 134.50 132.56 130.60 128.62 126.63 124.65 122.67 120.72 118.79 116.90 115.05 113.19 111.22 109.14 106.97 104.70 102.37 99.99 97.57 95.12 92.66 90.21 87.78 85.38
155.70 156.00 156.34 156.67 156.99 157.30 157.59 157.87 158.13 158.38 158.61 158.83 159.03 159.21 159.38 159.54 159.67 159.79 159.90 159.98 160.05 160.10 160.11 160.02 159.83 159.55 159.16 158.69 158.14 157.51 156.80 156.02 155.18 154.28 153.33 152.33 151.28 150.20 149.05 147.81 146.47 145.03 143.52 141.92 140.27 138.55 136.79 134.98 133.14 131.28 129.41 127.53 125.66 123.79 121.95 120.13 118.35 116.62 114.88 113.02 111.04 108.95 106.77 104.52 102.20 99.84 97.45 95.03 92.62 90.22 87.84
155.39 155.71 156.06 156.41 156.75 157.07 157.38 157.67 157.95 158.22 158.47 158.70 158.92 159.13 159.31 159.49 159.64 159.78 159.90 160.01 160.09 160.14 160.09 159.94 159.69 159.35 158.91 158.40 157.80 157.13 156.39 155.59 154.73 153.81 152.85 151.84 150.79 149.71 148.60 147.44 146.19 144.86 143.44 141.95 140.39 138.78 137.12 135.42 133.70 131.95 130.19 128.42 126.66 124.91 123.19 121.49 119.84 118.23 116.61 114.86 112.99 111.00 108.92 106.75 104.51 102.21 99.88 97.52 95.15 92.78 90.44
155.06 155.40 155.77 156.13 156.49 156.83 157.15 157.46 157.76 158.05 158.31 158.57 158.80 159.03 159.23 159.42 159.60 159.76 159.90 160.02 160.10 160.09 159.98 159.77 159.46 159.06 158.58 158.02 157.39 156.69 155.92 155.10 154.22 153.29 152.32 151.31 150.27 149.19 148.10 146.98 145.83 144.60 143.28 141.90 140.46 138.96 137.41 135.83 134.22 132.59 130.95 129.30 127.66 126.04 124.44 122.88 121.35 119.87 118.38 116.76 115.00 113.12 111.14 109.06 106.90 104.68 102.42 100.12 97.80 95.48 93.17
154.73 155.08 155.46 155.85 156.22 156.57 156.92 157.25 157.56 157.86 158.15 158.42 158.68 158.92 159.14 159.35 159.55 159.72 159.88 160.00 160.03 159.95 159.78 159.51 159.15 158.70 158.18 157.58 156.92 156.19 155.40 154.56 153.67 152.73 151.76 150.75 149.71 148.65 147.58 146.48 145.38 144.25 143.05 141.79 140.46 139.08 137.65 136.19 134.71 133.20 131.69 130.17 128.67 127.18 125.71 124.28 122.90 121.56 120.20 118.71 117.08 115.31 113.43 111.45 109.39 107.25 105.06 102.83 100.57 98.31 96.04
154.38 154.74 155.15 155.55 155.94 156.31 156.67 157.02 157.35 157.67 157.98 158.26 158.54 158.80 159.04 159.27 159.49 159.68 159.84 159.90 159.86 159.72 159.48 159.16 158.75 158.27 157.71 157.08 156.38 155.63 154.82 153.97 153.07 152.13 151.16 150.16 149.14 148.09 147.04 145.97 144.90 143.83 142.75 141.60 140.40 139.15 137.85 136.52 135.17 133.80 132.42 131.04 129.67 128.33 127.00 125.72 124.47 123.28 122.07 120.72 119.22 117.57 115.81 113.94 111.97 109.93 107.82 105.66 103.47 101.26 99.05
154.02 154.40 154.82 155.24 155.64 156.04 156.41 156.78 157.13 157.47 157.79 158.10 158.39 158.67 158.93 159.18 159.41 159.60 159.70 159.70 159.59 159.39 159.11 158.73 158.28 157.76 157.16 156.51 155.79 155.02 154.20 153.34 152.43 151.50 150.53 149.54 148.54 147.51 146.48 145.45 144.42 143.39 142.38 141.36 140.29 139.17 138.01 136.82 135.60 134.37 133.14 131.91 130.68 129.48 128.31 127.17 126.08 125.05 123.99 122.78 121.42 119.91 118.26 116.51 114.65 112.70 110.69 108.61 106.50 104.36 102.20
153.65 154.05 154.48 154.92 155.34 155.75 156.15 156.53 156.90 157.25 157.60 157.92 158.23 158.53 158.81 159.08 159.31 159.44 159.47 159.40 159.24 158.99 158.65 158.23 157.74 157.18 156.56 155.88 155.14 154.36 153.53 152.66 151.76 150.83 149.88 148.91 147.92 146.92 145.93 144.93 143.94 142.96 142.00 141.05 140.11 139.14 138.12 137.08 136.01 134.93 133.85 132.77 131.70 130.65 129.64 128.66 127.73 126.85 125.96 124.91 123.69 122.31 120.80 119.16 117.42 115.58 113.66 111.68 109.65 107.58 105.50
153.27 153.68 154.13 154.59 155.03 155.45 155.87 156.27 156.66 157.03 157.39 157.74 158.07 158.38 158.68 158.94 159.11 159.18 159.14 159.02 158.80 158.50 158.12 157.66 157.14 156.55 155.90 155.20 154.45 153.66 152.82 151.96 151.06 150.14 149.20 148.25 147.29 146.33 145.36 144.41 143.46 142.54 141.63 140.75 139.90 139.06 138.20 137.31 136.39 135.47 134.54 133.62 132.72 131.83 130.98 130.17 129.41 128.71 127.98 127.09 126.02 124.79 123.42 121.91 120.29 118.57 116.76 114.87 112.93 110.95 108.93
152.88 153.30 153.77 154.24 154.70 155.15 155.58 156.00 156.40 156.80 157.18 157.54 157.89 158.23 158.52 158.72 158.82 158.82 158.73 158.55 158.28 157.93 157.51 157.02 156.47 155.85 155.19 154.47 153.71 152.91 152.08 151.22 150.33 149.43 148.51 147.59 146.66 145.73 144.80 143.89 143.00 142.13 141.28 140.46 139.69 138.95 138.23 137.50 136.75 135.99 135.23 134.48 133.74 133.03 132.35 131.72 131.13 130.60 130.06 129.33 128.43 127.35 126.12 124.75 123.26 121.66 119.96 118.18 116.34 114.45 112.53
152.47 152.92 153.40 153.89 154.37 154.83 155.28 155.72 156.14 156.55 156.95 157.34 157.70 158.03 158.27 158.40 158.44 158.38 158.23 158.00 157.68 157.30 156.84 156.32 155.74 155.11 154.42 153.70 152.93 152.13 151.31 150.45 149.58 148.70 147.81 146.91 146.02 145.13 144.25 143.39 142.55 141.74 140.95 140.21 139.51 138.85 138.24 137.67 137.09 136.50 135.92 135.34 134.78 134.25 133.75 133.29 132.89 132.55 132.18 131.64 130.90 129.99 128.91 127.69 126.33 124.86 123.28 121.62 119.88 118.10 116.28
152.06 152.52 153.02 153.53 154.02 154.50 154.97 155.43 155.87 156.30 156.72 157.12 157.48 157.75 157.92 157.99 157.96 157.85 157.65 157.37 157.01 156.59 156.10 155.56 154.96 154.31 153.62 152.88 152.12 151.32 150.51 149.67 148.82 147.96 147.09 146.23 145.38 144.53 143.70 142.90 142.12 141.37 140.66 139.99 139.36 138.79 138.27 137.82 137.41 137.00 136.59 136.20 135.82 135.48 135.17 134.90 134.69 134.54 134.37 134.01 133.45 132.70 131.79 130.72 129.51 128.17 126.72 125.18 123.57 121.91 120.21
151.64 152.11 152.63 153.16 153.67 154.17 154.66 155.13 155.59 156.04 156.48 156.87 157.18 157.38 157.48 157.48 157.40 157.23 156.99 156.67 156.28 155.82 155.31 154.74 154.13 153.47 152.77 152.04 151.27 150.49 149.68 148.86 148.04 147.21 146.38 145.55 144.74 143.95 143.17 142.42 141.71 141.03 140.39 139.80 139.26 138.78 138.35 138.00 137.72 137.48 137.27 137.06 136.88 136.73 136.61 136.55 136.53 136.59 136.61 136.44 136.06 135.50 134.75 133.84 132.78 131.59 130.28 128.88 127.41 125.88 124.30
