data_processed/recharge/precip/Precip_1984_12.asc
ncols        168
nrows        136
xllcorner    455000
yllcorner    2107000
cellsize     500
NODATA_value     -99999
[rows 74 to 110 of 136, columns 84 to 167 of 168]
3.51 3.36 3.25 3.17 3.09 3.02 2.94 2.87 2.79 2.72 2.64 2.57 2.49 2.41 2.32 2.25 2.19 2.15 2.12 2.12 2.13 2.15 2.19 2.24 2.30 2.37 2.45 2.51 2.54 2.55 2.53 2.49 2.43 2.35 2.26 2.16 2.04 1.92 1.79 1.68 1.59 1.51 1.45 1.40 1.38 1.37 1.38 1.40 1.45 1.52 1.59 1.67 1.75 1.83 1.91 1.99 2.07 2.14 2.20 2.26 2.31 2.34 2.34 2.30 2.24 2.14 2.02 1.86 1.68 1.47 1.23 0.98 0.70 0.42 0.17 0.00 0.00 0.00 0.00 0.00 0.00 0.00 0.00 0.00
3.26 3.10 2.99 2.90 2.83 2.75 2.68 2.61 2.54 2.48 2.41 2.34 2.27 2.20 2.13 2.08 2.05 2.04 2.04 2.06 2.08 2.12 2.17 2.23 2.30 2.37 2.45 2.51 2.54 2.55 2.53 2.50 2.44 2.37 2.29 2.19 2.08 1.97 1.85 1.74 1.64 1.56 1.50 1.46 1.43 1.42 1.43 1.46 1.51 1.58 1.66 1.75 1.83 1.92 2.00 2.09 2.17 2.24 2.31 2.37 2.42 2.44 2.44 2.40 2.34 2.24 2.11 1.95 1.77 1.56 1.32 1.06 0.78 0.50 0.24 0.01 0.00 0.00 0.00 0.00 0.00 0.00 0.00 0.00
3.00 2.83 2.71 2.63 2.55 2.48 2.42 2.35 2.29 2.22 2.16 2.10 2.04 1.99 1.95 1.93 1.93 1.94 1.96 2.00 2.04 2.09 2.15 2.22 2.29 2.37 2.44 2.50 2.53 2.54 2.53 2.49 2.44 2.37 2.29 2.20 2.10 2.00 1.90 1.79 1.70 1.61 1.55 1.51 1.48 1.47 1.49 1.52 1.58 1.65 1.74 1.82 1.91 2.00 2.09 2.18 2.27 2.34 2.42 2.48 2.52 2.53 2.52 2.49 2.42 2.33 2.20 2.04 1.86 1.65 1.41 1.15 0.87 0.59 0.33 0.10 0.00 0.00 0.00 0.00 0.00 0.00 0.00 0.00
2.73 2.56 2.44 2.35 2.28 2.21 2.14 2.08 2.02 1.97 1.91 1.86 1.81 1.79 1.78 1.79 1.82 1.85 1.90 1.95 2.00 2.07 2.14 2.21 2.28 2.36 2.43 2.49 2.52 2.53 2.51 2.48 2.43 2.36 2.29 2.20 2.11 2.02 1.92 1.83 1.74 1.66 1.60 1.55 1.53 1.53 1.54 1.58 1.64 1.72 1.81 1.90 2.00 2.09 2.19 2.28 2.37 2.45 2.52 2.57 2.61 2.62 2.60 2.56 2.50 2.41 2.28 2.13 1.95 1.74 1.51 1.25 0.97 0.69 0.43 0.20 0.00 0.00 0.00 0.00 0.00 0.00 0.00 0.00
2.46 2.29 2.16 2.07 2.00 1.93 1.87 1.81 1.76 1.71 1.66 1.62 1.61 1.61 1.63 1.67 1.71 1.77 1.83 1.90 1.97 2.05 2.12 2.20 2.27 2.35 2.42 2.47 2.50 2.50 2.48 2.45 2.40 2.34 2.26 2.18 2.10 2.02 1.94 1.86 1.78 1.71 1.64 1.60 1.58 1.57 1.59 1.63 1.70 1.78 1.88 1.98 2.08 2.18 2.28 2.37 2.47 2.55 2.62 2.66 2.69 2.69 2.67 2.63 2.57 2.48 2.36 2.21 2.04 1.84 1.61 1.36 1.08 0.81 0.56 0.33 0.13 0.00 0.00 0.00 0.00 0.00 0.00 0.00
2.20 2.01 1.88 1.79 1.72 1.66 1.60 1.55 1.50 1.45 1.42 1.41 1.42 1.45 1.50 1.55 1.62 1.70 1.78 1.86 1.94 2.03 2.11 2.19 2.26 2.33 2.40 2.44 2.47 2.47 2.45 2.41 2.36 2.29 2.23 2.15 2.08 2.01 1.93 1.86 1.80 1.74 1.68 1.64 1.62 1.62 1.64 1.68 1.75 1.84 1.94 2.05 2.15 2.26 2.36 2.47 2.56 2.64 2.70 2.74 2.76 2.76 2.74 2.70 2.63 2.55 2.44 2.30 2.13 1.94 1.72 1.47 1.20 0.94 0.70 0.48 0.28 0.11 0.00 0.00 0.00 0.00 0.00 0.00
1.94 1.75 1.61 1.52 1.46 1.39 1.34 1.29 1.24 1.21 1.21 1.22 1.26 1.31 1.38 1.45 1.54 1.63 1.73 1.82 1.92 2.01 2.09 2.17 2.25 2.32 2.37 2.41 2.43 2.42 2.40 2.36 2.30 2.24 2.18 2.12 2.05 1.98 1.92 1.86 1.80 1.75 1.71 1.68 1.66 1.66 1.68 1.73 1.80 1.90 2.01 2.12 2.23 2.34 2.45 2.55 2.64 2.71 2.77 2.80 2.82 2.82 2.80 2.76 2.70 2.61 2.51 2.38 2.22 2.04 1.83 1.60 1.34 1.09 0.85 0.64 0.46 0.30 0.16 0.04 0.00 0.00 0.00 0.00
1.70 1.49 1.35 1.26 1.20 1.14 1.08 1.04 1.01 1.00 1.02 1.06 1.12 1.19 1.27 1.37 1.47 1.58 1.69 1.79 1.90 1.99 2.08 2.16 2.23 2.30 2.34 2.37 2.38 2.37 2.34 2.29 2.24 2.19 2.13 2.07 2.01 1.95 1.89 1.84 1.79 1.75 1.72 1.70 1.69 1.69 1.72 1.78 1.85 1.95 2.07 2.18 2.30 2.42 2.53 2.63 2.71 2.78 2.83 2.86 2.88 2.88 2.86 2.82 2.76 2.68 2.58 2.46 2.32 2.15 1.96 1.73 1.49 1.25 1.03 0.83 0.66 0.51 0.37 0.25 0.14 0.06 0.00 0.00
1.47 1.25 1.11 1.02 0.95 0.89 0.85 0.81 0.81 0.82 0.86 0.92 1.00 1.09 1.19 1.30 1.42 1.53 1.65 1.77 1.88 1.98 2.07 2.15 2.22 2.27 2.31 2.33 2.33 2.31 2.27 2.23 2.18 2.12 2.07 2.01 1.96 1.90 1.85 1.81 1.77 1.74 1.72 1.71 1.71 1.72 1.76 1.81 1.90 2.00 2.12 2.24 2.37 2.49 2.59 2.69 2.77 2.83 2.88 2.92 2.93 2.93 2.92 2.88 2.83 2.76 2.67 2.56 2.42 2.27 2.09 1.88 1.66 1.43 1.22 1.04 0.88 0.73 0.60 0.47 0.37 0.28 0.21 0.17
1.26 1.03 0.88 0.79 0.72 0.67 0.63 0.62 0.64 0.68 0.73 0.81 0.91 1.01 1.13 1.25 1.37 1.50 1.63 1.75 1.86 1.97 2.06 2.14 2.20 2.25 2.27 2.28 2.27 2.24 2.20 2.16 2.11 2.06 2.00 1.95 1.90 1.85 1.81 1.77 1.74 1.71 1.70 1.70 1.71 1.74 1.78 1.84 1.93 2.05 2.17 2.30 2.42 2.54 2.64 2.74 2.81 2.88 2.93 2.96 2.98 2.99 2.98 2.95 2.90 2.84 2.76 2.65 2.53 2.39 2.23 2.04 1.84 1.63 1.44 1.27 1.12 0.97 0.83 0.71 0.61 0.52 0.45 0.41
1.12 0.84 0.67 0.58 0.52 0.47 0.46 0.47 0.50 0.56 0.64 0.73 0.84 0.96 1.08 1.21 1.35 1.48 1.61 1.74 1.85 1.96 2.05 2.13 2.18 2.22 2.23 2.22 2.20 2.17 2.13 2.08 2.04 1.99 1.94 1.88 1.84 1.79 1.75 1.72 1.69 1.68 1.68 1.68 1.70 1.74 1.80 1.87 1.96 2.08 2.21 2.34 2.47 2.58 2.68 2.77 2.85 2.92 2.97 3.01 3.03 3.04 3.04 3.02 2.98 2.92 2.85 2.76 2.66 2.53 2.39 2.22 2.03 1.84 1.67 1.51 1.36 1.21 1.08 0.96 0.86 0.78 0.71 0.67
1.09 0.72 0.50 0.40 0.35 0.32 0.32 0.35 0.41 0.48 0.57 0.68 0.80 0.92 1.06 1.20 1.34 1.47 1.61 1.73 1.85 1.95 2.04 2.11 2.16 2.18 2.18 2.17 2.14 2.10 2.06 2.01 1.96 1.91 1.86 1.82 1.77 1.73 1.69 1.66 1.65 1.64 1.64 1.65 1.69 1.73 1.80 1.88 1.98 2.11 2.25 2.38 2.50 2.61 2.71 2.80 2.88 2.95 3.00 3.05 3.08 3.10 3.10 3.09 3.06 3.02 2.96 2.89 2.79 2.68 2.56 2.41 2.24 2.07 1.91 1.76 1.61 1.47 1.34 1.22 1.12 1.04 0.98 0.94
1.16 0.71 0.40 0.24 0.19 0.18 0.20 0.25 0.32 0.41 0.51 0.63 0.76 0.90 1.04 1.18 1.33 1.47 1.60 1.73 1.84 1.94 2.02 2.09 2.13 2.14 2.13 2.11 2.07 2.03 1.99 1.94 1.89 1.84 1.79 1.74 1.70 1.66 1.62 1.60 1.59 1.58 1.59 1.61 1.65 1.71 1.78 1.88 1.99 2.13 2.27 2.40 2.52 2.63 2.73 2.82 2.91 2.98 3.04 3.09 3.13 3.15 3.17 3.17 3.15 3.12 3.08 3.02 2.95 2.85 2.74 2.62 2.47 2.31 2.15 2.00 1.86 1.72 1.60 1.49 1.40 1.32 1.27 1.23
1.29 0.77 0.36 0.07 0.00 0.00 0.00 0.07 0.16 0.27 0.39 0.53 0.67 0.82 0.97 1.12 1.27 1.42 1.56 1.69 1.81 1.91 1.99 2.05 2.08 2.09 2.07 2.04 2.00 1.96 1.91 1.86 1.80 1.75 1.70 1.65 1.60 1.57 1.54 1.52 1.50 1.50 1.52 1.55 1.59 1.66 1.74 1.84 1.97 2.14 2.30 2.43 2.55 2.66 2.77 2.86 2.95 3.03 3.09 3.15 3.20 3.23 3.26 3.27 3.26 3.25 3.22 3.18 3.12 3.04 2.95 2.84 2.70 2.55 2.40 2.25 2.11 1.99 1.87 1.76 1.68 1.61 1.55 1.53
1.47 0.86 0.35 0.00 0.00 0.00 0.00 0.00 0.00 0.05 0.19 0.35 0.51 0.67 0.84 1.01 1.18 1.33 1.48 1.62 1.74 1.85 1.94 2.00 2.03 2.03 2.01 1.97 1.92 1.87 1.82 1.76 1.70 1.65 1.59 1.54 1.50 1.46 1.43 1.41 1.40 1.41 1.42 1.46 1.51 1.58 1.67 1.79 1.94 2.14 2.33 2.49 2.61 2.72 2.83 2.92 3.01 3.09 3.17 3.23 3.29 3.33 3.36 3.38 3.39 3.39 3.38 3.35 3.31 3.25 3.18 3.07 2.94 2.79 2.65 2.51 2.37 2.25 2.14 2.04 1.95 1.89 1.84 1.82
1.66 0.96 0.35 0.00 0.00 0.00 0.00 0.00 0.00 0.00 0.00 0.11 0.29 0.48 0.67 0.86 1.04 1.22 1.38 1.53 1.67 1.79 1.88 1.94 1.97 1.97 1.93 1.89 1.84 1.78 1.72 1.66 1.59 1.53 1.48 1.42 1.38 1.34 1.31 1.29 1.28 1.29 1.31 1.35 1.40 1.48 1.58 1.72 1.91 2.13 2.35 2.53 2.68 2.80 2.90 3.00 3.10 3.18 3.26 3.33 3.39 3.44 3.49 3.52 3.54 3.55 3.55 3.54 3.52 3.47 3.40 3.31 3.18 3.04 2.90 2.76 2.63 2.51 2.41 2.31 2.23 2.17 2.13 2.11
1.85 1.08 0.37 0.00 0.00 0.00 0.00 0.00 0.00 0.00 0.00 0.00 0.03 0.25 0.47 0.68 0.89 1.09 1.27 1.44 1.59 1.73 1.83 1.89 1.91 1.89 1.85 1.80 1.75 1.68 1.62 1.55 1.48 1.42 1.35 1.30 1.25 1.21 1.18 1.16 1.15 1.16 1.18 1.22 1.28 1.37 1.50 1.66 1.87 2.11 2.35 2.56 2.74 2.88 3.00 3.10 3.20 3.29 3.37 3.45 3.52 3.58 3.63 3.67 3.71 3.73 3.75 3.75 3.74 3.70 3.63 3.54 3.42 3.28 3.15 3.02 2.89 2.78 2.67 2.58 2.51 2.45 2.41 2.40
2.04 1.19 0.40 0.00 0.00 0.00 0.00 0.00 0.00 0.00 0.00 0.00 0.00 0.00 0.25 0.49 0.73 0.95 1.16 1.36 1.53 1.67 1.77 1.82 1.84 1.82 1.77 1.72 1.65 1.59 1.52 1.44 1.37 1.30 1.23 1.17 1.12 1.08 1.04 1.02 1.01 1.02 1.05 1.09 1.16 1.27 1.41 1.60 1.82 2.08 2.34 2.58 2.79 2.96 3.10 3.21 3.31 3.41 3.49 3.58 3.65 3.72 3.79 3.84 3.89 3.93 3.95 3.97 3.96 3.92 3.86 3.77 3.66 3.53 3.40 3.27 3.15 3.04 2.94 2.85 2.78 2.73 2.69 2.68
2.22 1.31 0.45 0.00 0.00 0.00 0.00 0.00 0.00 0.00 0.00 0.00 0.00 0.00 0.02 0.30 0.57 0.83 1.07 1.29 1.48 1.62 1.71 1.75 1.76 1.74 1.69 1.63 1.56 1.49 1.42 1.34 1.26 1.19 1.11 1.05 0.99 0.94 0.91 0.88 0.87 0.88 0.91 0.96 1.04 1.17 1.34 1.54 1.78 2.05 2.33 2.58 2.82 3.02 3.20 3.33 3.44 3.54 3.63 3.72 3.81 3.89 3.96 4.02 4.08 4.13 4.17 4.19 4.18 4.15 4.09 4.01 3.90 3.77 3.65 3.52 3.41 3.30 3.20 3.12 3.05 3.00 2.97 2.96
2.38 1.42 0.51 0.00 0.00 0.00 0.00 0.00 0.00 0.00 0.00 0.00 0.00 0.00 0.00 0.13 0.43 0.73 1.00 1.25 1.43 1.57 1.65 1.69 1.69 1.66 1.60 1.54 1.47 1.40 1.32 1.24 1.16 1.08 1.00 0.93 0.87 0.81 0.77 0.75 0.74 0.74 0.77 0.84 0.94 1.09 1.27 1.49 1.74 2.02 2.30 2.58 2.83 3.06 3.27 3.44 3.58 3.69 3.79 3.88 3.97 4.06 4.14 4.22 4.29 4.35 4.39 4.40 4.40 4.37 4.31 4.23 4.13 4.01 3.89 3.77 3.66 3.55 3.46 3.38 3.31 3.26 3.23 3.23
2.54 1.54 0.58 0.00 0.00 0.00 0.00 0.00 0.00 0.00 0.00 0.00 0.00 0.00 0.00 0.00 0.33 0.66 0.96 1.20 1.38 1.51 1.58 1.62 1.61 1.58 1.52 1.45 1.38 1.31 1.23 1.15 1.07 0.99 0.90 0.82 0.75 0.70 0.65 0.62 0.60 0.61 0.66 0.74 0.86 1.02 1.21 1.44 1.70 1.98 2.28 2.56 2.83 3.09 3.32 3.53 3.70 3.84 3.95 4.05 4.15 4.24 4.34 4.42 4.50 4.56 4.60 4.62 4.61 4.58 4.53 4.46 4.36 4.24 4.13 4.02 3.91 3.80 3.71 3.63 3.57 3.52 3.49 3.49
2.68 1.65 0.66 0.00 0.00 0.00 0.00 0.00 0.00 0.00 0.00 0.00 0.00 0.00 0.00 0.00 0.26 0.63 0.93 1.16 1.33 1.45 1.52 1.55 1.54 1.50 1.44 1.37 1.30 1.22 1.14 1.06 0.98 0.90 0.82 0.73 0.66 0.59 0.54 0.50 0.49 0.51 0.57 0.67 0.80 0.97 1.17 1.40 1.66 1.95 2.25 2.54 2.83 3.10 3.36 3.59 3.80 3.97 4.11 4.23 4.33 4.44 4.54 4.63 4.71 4.77 4.80 4.82 4.82 4.79 4.74 4.67 4.58 4.47 4.36 4.25 4.15 4.05 3.96 3.88 3.82 3.77 3.75 3.74
2.80 1.76 0.74 0.00 0.00 0.00 0.00 0.00 0.00 0.00 0.00 0.00 0.00 0.00 0.00 0.00 0.23 0.60 0.89 1.12 1.28 1.40 1.46 1.49 1.47 1.43 1.37 1.30 1.22 1.14 1.06 0.98 0.90 0.82 0.74 0.66 0.58 0.51 0.45 0.41 0.41 0.44 0.52 0.62 0.76 0.94 1.14 1.37 1.63 1.92 2.22 2.52 2.81 3.10 3.38 3.63 3.87 4.08 4.26 4.41 4.53 4.64 4.74 4.84 4.91 4.97 5.00 5.02 5.02 4.99 4.95 4.88 4.79 4.69 4.58 4.48 4.38 4.28 4.19 4.12 4.06 4.01 3.99 3.98
2.91 1.86 0.83 0.00 0.00 0.00 0.00 0.00 0.00 0.00 0.00 0.00 0.00 0.00 0.00 0.00 0.21 0.57 0.86 1.08 1.24 1.34 1.41 1.43 1.41 1.37 1.30 1.23 1.15 1.07 0.99 0.91 0.83 0.75 0.67 0.59 0.51 0.44 0.38 0.35 0.37 0.41 0.49 0.60 0.75 0.92 1.13 1.36 1.61 1.89 2.19 2.49 2.79 3.09 3.38 3.66 3.92 4.17 4.38 4.57 4.72 4.84 4.94 5.03 5.10 5.16 5.19 5.21 5.21 5.19 5.14 5.08 5.00 4.90 4.80 4.70 4.60 4.51 4.42 4.35 4.29 4.24 4.22 4.21
2.99 1.95 0.92 0.00 0.00 0.00 0.00 0.00 0.00 0.00 0.00 0.00 0.00 0.00 0.00 0.00 0.20 0.55 0.83 1.04 1.20 1.30 1.36 1.37 1.36 1.31 1.24 1.17 1.09 1.01 0.93 0.85 0.77 0.69 0.62 0.54 0.47 0.40 0.36 0.35 0.36 0.42 0.50 0.62 0.76 0.93 1.13 1.36 1.61 1.88 2.17 2.46 2.77 3.07 3.38 3.67 3.96 4.23 4.47 4.70 4.89 5.03 5.14 5.22 5.29 5.34 5.37 5.39 5.39 5.37 5.33 5.27 5.19 5.10 5.00 4.90 4.81 4.72 4.64 4.56 4.50 4.46 4.44 4.44
3.06 2.03 1.01 0.03 0.00 0.00 0.00 0.00 0.00 0.00 0.00 0.00 0.00 0.00 0.00 0.00 0.19 0.53 0.80 1.01 1.16 1.26 1.31 1.33 1.31 1.26 1.20 1.12 1.04 0.97 0.89 0.81 0.73 0.65 0.58 0.50 0.44 0.40 0.38 0.38 0.40 0.46 0.54 0.66 0.80 0.97 1.16 1.37 1.61 1.87 2.15 2.44 2.74 3.05 3.36 3.67 3.98 4.27 4.54 4.79 5.01 5.18 5.31 5.39 5.46 5.51 5.54 5.55 5.55 5.54 5.50 5.44 5.37 5.28 5.19 5.10 5.01 4.92 4.84 4.77 4.71 4.67 4.65 4.66
3.10 2.10 1.10 0.13 0.00 0.00 0.00 0.00 0.00 0.00 0.00 0.00 0.00 0.00 0.00 0.00 0.21 0.52 0.78 0.99 1.13 1.23 1.28 1.29 1.27 1.23 1.16 1.08 1.01 0.93 0.85 0.78 0.70 0.63 0.56 0.49 0.45 0.43 0.43 0.45 0.49 0.54 0.63 0.73 0.87 1.03 1.21 1.41 1.63 1.87 2.13 2.42 2.71 3.02 3.34 3.66 3.98 4.29 4.58 4.85 5.09 5.29 5.44 5.55 5.61 5.66 5.69 5.71 5.71 5.69 5.66 5.61 5.54 5.45 5.37 5.28 5.19 5.10 5.03 4.96 4.90 4.87 4.87 4.90
3.11 2.16 1.19 0.24 0.00 0.00 0.00 0.00 0.00 0.00 0.00 0.00 0.00 0.00 0.00 0.00 0.27 0.53 0.77 0.97 1.12 1.21 1.26 1.27 1.25 1.20 1.14 1.06 0.99 0.91 0.84 0.76 0.69 0.62 0.56 0.52 0.50 0.50 0.52 0.56 0.61 0.67 0.75 0.85 0.97 1.11 1.28 1.46 1.67 1.89 2.13 2.40 2.69 3.00 3.31 3.64 3.97 4.29 4.59 4.88 5.13 5.34 5.52 5.66 5.75 5.80 5.83 5.85 5.85 5.83 5.80 5.75 5.69 5.61 5.53 5.44 5.36 5.27 5.20 5.13 5.09 5.08 5.11 5.16
3.10 2.19 1.27 0.36 0.00 0.00 0.00 0.00 0.00 0.00 0.00 0.00 0.00 0.00 0.00 0.10 0.35 0.58 0.79 0.97 1.11 1.20 1.25 1.26 1.24 1.19 1.13 1.05 0.98 0.91 0.84 0.77 0.70 0.64 0.60 0.58 0.58 0.61 0.64 0.69 0.76 0.83 0.91 0.99 1.10 1.23 1.38 1.54 1.72 1.92 2.14 2.39 2.67 2.97 3.28 3.61 3.94 4.26 4.57 4.86 5.12 5.36 5.56 5.72 5.84 5.92 5.95 5.97 5.97 5.96 5.93 5.88 5.82 5.75 5.67 5.59 5.51 5.43 5.35 5.30 5.29 5.33 5.39 5.45
3.06 2.21 1.34 0.48 0.00 0.00 0.00 0.00 0.00 0.00 0.00 0.00 0.00 0.00 0.00 0.23 0.44 0.65 0.83 0.99 1.12 1.21 1.25 1.26 1.24 1.20 1.13 1.06 0.99 0.92 0.86 0.79 0.73 0.69 0.68 0.68 0.71 0.75 0.80 0.86 0.93 1.01 1.10 1.18 1.27 1.38 1.50 1.64 1.80 1.97 2.16 2.39 2.65 2.94 3.25 3.57 3.89 4.21 4.52 4.81 5.08 5.33 5.55 5.74 5.89 5.99 6.05 6.07 6.07 6.06 6.03 5.99 5.94 5.87 5.80 5.72 5.64 5.56 5.50 5.50 5.55 5.63 5.72 5.79
2.98 2.21 1.41 0.60 0.00 0.00 0.00 0.00 0.00 0.00 0.00 0.00 0.00 0.00 0.15 0.34 0.54 0.72 0.88 1.03 1.14 1.23 1.27 1.29 1.27 1.22 1.16 1.09 1.03 0.96 0.90 0.84 0.81 0.79 0.80 0.82 0.86 0.92 0.98 1.06 1.14 1.22 1.31 1.39 1.48 1.56 1.66 1.77 1.90 2.03 2.20 2.40 2.64 2.92 3.21 3.52 3.82 4.13 4.43 4.73 5.00 5.26 5.50 5.70 5.87 6.01 6.10 6.15 6.16 6.15 6.12 6.09 6.03 5.97 5.90 5.83 5.75 5.69 5.70 5.76 5.86 5.98 6.10 6.18
2.88 2.19 1.46 0.73 0.14 0.00 0.00 0.00 0.00 0.00 0.00 0.00 0.00 0.10 0.27 0.44 0.61 0.78 0.93 1.07 1.18 1.26 1.31 1.32 1.31 1.26 1.21 1.14 1.08 1.02 0.97 0.93 0.92 0.93 0.96 1.00 1.06 1.12 1.20 1.28 1.37 1.45 1.54 1.63 1.71 1.78 1.85 1.93 2.02 2.12 2.25 2.43 2.65 2.90 3.16 3.45 3.74 4.03 4.33 4.61 4.89 5.16 5.40 5.62 5.82 5.98 6.10 6.18 6.22 6.21 6.19 6.16 6.11 6.05 5.98 5.91 5.86 5.87 5.95 6.08 6.24 6.40 6.54 6.64
2.74 2.15 1.51 0.85 0.34 0.04 0.00 0.00 0.00 0.00 0.00 0.00 0.07 0.20 0.35 0.50 0.66 0.82 0.97 1.10 1.21 1.30 1.36 1.38 1.37 1.33 1.27 1.21 1.16 1.11 1.08 1.07 1.08 1.11 1.16 1.21 1.28 1.36 1.44 1.53 1.62 1.71 1.80 1.88 1.95 2.02 2.07 2.12 2.17 2.23 2.33 2.47 2.66 2.87 3.11 3.36 3.63 3.91 4.19 4.47 4.75 5.01 5.27 5.50 5.71 5.89 6.04 6.15 6.22 6.25 6.24 6.21 6.16 6.11 6.05 6.00 6.03 6.13 6.29 6.48 6.69 6.89 7.05 7.17
2.60 2.08 1.53 0.97 0.55 0.30 0.13 0.01 0.00 0.00 0.00 0.03 0.12 0.23 0.37 0.52 0.67 0.82 0.97 1.11 1.23 1.33 1.41 1.45 1.45 1.42 1.36 1.31 1.26 1.24 1.23 1.25 1.28 1.33 1.39 1.46 1.54 1.63 1.72 1.81 1.90 1.99 2.07 2.15 2.22 2.27 2.31 2.33 2.35 2.37 2.42 2.53 2.67 2.84 3.05 3.27 3.51 3.77 4.03 4.30 4.57 4.84 5.09 5.33 5.56 5.76 5.93 6.07 6.17 6.23 6.25 6.23 6.19 6.14 6.11 6.15 6.28 6.47 6.71 6.97 7.23 7.46 7.65 7.78
2.49 2.02 1.55 1.08 0.72 0.44 0.23 0.09 0.00 0.00 0.00 0.01 0.09 0.20 0.32 0.47 0.62 0.78 0.94 1.09 1.22 1.34 1.44 1.50 1.53 1.52 1.48 1.44 1.42 1.41 1.43 1.47 1.52 1.59 1.66 1.74 1.83 1.93 2.02 2.11 2.21 2.29 2.37 2.44 2.49 2.54 2.56 2.57 2.55 2.53 2.53 2.59 2.68 2.81 2.98 3.17 3.38 3.61 3.86 4.11 4.37 4.63 4.88 5.13 5.36 5.58 5.77 5.93 6.06 6.16 6.21 6.22 6.19 6.18 6.24 6.40 6.63 6.92 7.23 7.55 7.86 8.13 8.35 8.48
2.41 2.00 1.59 1.17 0.79 0.49 0.25 0.08 0.00 0.00 0.00 0.00 0.00 0.10 0.22 0.37 0.53 0.70 0.87 1.03 1.19 1.33 1.45 1.55 1.61 1.64 1.63 1.61 1.61 1.64 1.68 1.73 1.80 1.88 1.97 2.06 2.15 2.25 2.35 2.44 2.53 2.61 2.68 2.74 2.79 2.81 2.82 2.81 2.78 2.72 2.67 2.67 2.71 2.79 2.91 3.07 3.25 3.45 3.67 3.91 4.15 4.40 4.65 4.90 5.14 5.36 5.57 5.75 5.91 6.03 6.12 6.17 6.18 6.25 6.45 6.72 7.06 7.43 7.82 8.20 8.56 8.87 9.10 9.25
2.41 2.06 1.70 1.32 0.93 0.59 0.32 0.12 0.00 0.00 0.00 0.00 0.00 0.04 0.17 0.31 0.47 0.65 0.83 1.01 1.18 1.34 1.49 1.61 1.71 1.77 1.81 1.83 1.86 1.90 1.96 2.04 2.12 2.21 2.31 2.41 2.51 2.61 2.71 2.80 2.88 2.96 3.02 3.07 3.10 3.11 3.10 3.07 3.02 2.95 2.87 2.82 2.80 2.83 2.90 3.01 3.16 3.33 3.52 3.73 3.96 4.19 4.43 4.68 4.91 5.14 5.36 5.56 5.74 5.89 6.00 6.08 6.13 6.27 6.57 6.96 7.40 7.86 8.32 8.76 9.17 9.51 9.77 9.92
