data_processed/recharge/precip/Precip_1991_10.asc
ncols        168
nrows        136
xllcorner    455000
yllcorner    2107000
cellsize     500
NODATA_value     -99999
[rows 33 to 65 of 136, columns 0 to 73 of 168]
161.94 160.14 158.52 157.11 155.92 154.99 154.28 153.64 152.93 152.16 151.33 150.46 149.56 148.66 147.75 146.84 145.89 144.85 143.73 142.51 141.20 139.79 138.29 136.68 134.98 133.21 131.38 129.49 127.54 125.54 123.48 121.38 119.21 116.83 114.15 111.21 108.04 104.67 101.15 97.50 93.76 89.99 86.34 82.93 79.79 76.95 74.45 72.30 70.53 69.17 68.23 67.69 67.53 67.74 68.32 69.25 70.54 72.17 74.12 76.30 78.62 81.05 83.57 86.17 88.83 91.53 94.25 96.98 99.67 102.30 104.85 107.33 109.72 112.01
160.09 158.04 156.17 154.50 153.06 151.86 150.94 150.27 149.69 149.06 148.40 147.71 147.00 146.30 145.59 144.83 143.99 143.04 142.00 140.85 139.60 138.24 136.77 135.19 133.51 131.76 129.96 128.10 126.19 124.23 122.23 120.17 118.08 115.92 113.57 110.94 108.04 104.93 101.62 98.17 94.63 91.13 87.81 84.70 81.82 79.21 76.89 74.88 73.21 71.92 71.00 70.47 70.29 70.47 70.99 71.85 73.05 74.57 76.41 78.54 80.88 83.34 85.88 88.50 91.17 93.88 96.60 99.31 101.96 104.54 107.05 109.49 111.83 114.09
158.07 155.81 153.74 151.86 150.21 148.82 147.69 146.85 146.29 145.84 145.37 144.89 144.41 143.92 143.39 142.75 142.00 141.15 140.19 139.11 137.92 136.61 135.18 133.63 131.97 130.25 128.48 126.65 124.78 122.87 120.91 118.91 116.88 114.81 112.68 110.37 107.79 104.95 101.91 98.71 95.49 92.38 89.41 86.62 84.02 81.64 79.51 77.66 76.11 74.89 74.01 73.49 73.31 73.47 73.96 74.76 75.88 77.31 79.03 81.05 83.33 85.80 88.36 90.98 93.66 96.37 99.07 101.72 104.32 106.85 109.32 111.71 114.01 116.23
155.90 153.49 151.26 149.23 147.43 145.88 144.59 143.60 142.92 142.54 142.29 142.05 141.81 141.51 141.11 140.59 139.95 139.19 138.31 137.30 136.18 134.92 133.53 132.01 130.38 128.68 126.94 125.15 123.32 121.46 119.55 117.61 115.63 113.63 111.60 109.52 107.27 104.75 102.01 99.19 96.41 93.71 91.11 88.64 86.33 84.20 82.28 80.60 79.18 78.04 77.23 76.74 76.57 76.72 77.18 77.95 79.00 80.35 81.97 83.86 86.02 88.43 90.98 93.62 96.29 98.97 101.61 104.20 106.74 109.22 111.64 113.98 116.23 118.41
153.61 151.10 148.76 146.64 144.73 143.07 141.68 140.58 139.80 139.35 139.22 139.24 139.20 139.04 138.76 138.36 137.83 137.17 136.37 135.44 134.38 133.18 131.83 130.34 128.74 127.07 125.36 123.61 121.83 120.01 118.15 116.27 114.36 112.42 110.46 108.49 106.47 104.30 102.00 99.67 97.36 95.08 92.86 90.74 88.73 86.86 85.17 83.67 82.39 81.36 80.61 80.16 80.02 80.18 80.63 81.36 82.37 83.65 85.18 86.97 89.00 91.28 93.77 96.38 99.02 101.63 104.21 106.74 109.22 111.64 113.99 116.28 118.49 120.61
151.22 148.66 146.28 144.10 142.14 140.43 138.99 137.84 137.00 136.50 136.34 136.42 136.53 136.52 136.37 136.08 135.66 135.10 134.39 133.54 132.54 131.39 130.09 128.64 127.06 125.43 123.75 122.05 120.30 118.53 116.73 114.91 113.06 111.20 109.31 107.42 105.52 103.72 101.95 100.14 98.30 96.46 94.64 92.87 91.18 89.59 88.13 86.82 85.70 84.79 84.12 83.73 83.63 83.81 84.27 84.98 85.95 87.17 88.64 90.33 92.25 94.40 96.74 99.25 101.81 104.35 106.85 109.31 111.73 114.08 116.38 118.61 120.76 122.83
148.77 146.22 143.84 141.66 139.70 137.99 136.55 135.39 134.55 134.03 133.76 133.71 133.83 133.94 133.93 133.76 133.45 132.99 132.37 131.60 130.67 129.58 128.33 126.91 125.36 123.76 122.13 120.46 118.77 117.05 115.30 113.54 111.76 109.97 108.16 106.36 104.67 103.17 101.85 100.56 99.20 97.81 96.40 95.00 93.64 92.34 91.13 90.03 89.08 88.30 87.72 87.41 87.37 87.58 88.05 88.76 89.71 90.89 92.29 93.91 95.74 97.76 99.93 102.23 104.64 107.10 109.53 111.92 114.26 116.55 118.78 120.95 123.04 125.05
146.29 143.79 141.46 139.33 137.43 135.77 134.38 133.27 132.46 131.88 131.48 131.26 131.23 131.35 131.46 131.42 131.22 130.86 130.33 129.64 128.78 127.75 126.55 125.17 123.65 122.08 120.49 118.87 117.22 115.56 113.87 112.18 110.46 108.74 107.03 105.43 104.02 102.80 101.77 100.89 100.03 99.10 98.11 97.10 96.08 95.08 94.13 93.26 92.49 91.85 91.39 91.16 91.19 91.45 91.95 92.67 93.61 94.77 96.12 97.67 99.41 101.29 103.27 105.37 107.57 109.88 112.22 114.53 116.80 119.02 121.18 123.28 125.31 127.25
143.81 141.41 139.18 137.16 135.36 133.80 132.51 131.49 130.67 130.00 129.48 129.11 128.90 128.87 128.98 129.05 128.97 128.71 128.28 127.67 126.88 125.91 124.76 123.42 121.94 120.41 118.86 117.28 115.69 114.08 112.46 110.82 109.18 107.55 106.03 104.70 103.57 102.61 101.83 101.23 100.76 100.29 99.74 99.12 98.46 97.78 97.11 96.48 95.90 95.42 95.08 94.95 95.06 95.38 95.92 96.67 97.62 98.76 100.08 101.58 103.20 104.92 106.72 108.63 110.63 112.73 114.93 117.16 119.35 121.49 123.57 125.60 127.55 129.43
141.34 139.10 137.03 135.17 133.52 132.11 130.96 129.98 129.11 128.36 127.74 127.24 126.89 126.68 126.62 126.69 126.71 126.56 126.22 125.70 124.99 124.08 122.98 121.69 120.24 118.75 117.24 115.71 114.17 112.62 111.06 109.49 107.94 106.50 105.25 104.18 103.30 102.60 102.06 101.68 101.46 101.36 101.25 101.04 100.75 100.40 100.02 99.64 99.27 98.96 98.75 98.74 98.94 99.34 99.94 100.73 101.69 102.83 104.13 105.55 107.04 108.60 110.25 111.98 113.79 115.70 117.69 119.77 121.87 123.93 125.94 127.89 129.77 131.57
138.93 136.90 135.04 133.38 131.94 130.72 129.65 128.66 127.76 126.96 126.25 125.65 125.16 124.80 124.56 124.46 124.47 124.42 124.18 123.74 123.10 122.27 121.22 119.97 118.56 117.11 115.64 114.17 112.68 111.19 109.70 108.22 106.85 105.66 104.67 103.86 103.22 102.75 102.43 102.27 102.26 102.38 102.61 102.81 102.90 102.90 102.83 102.71 102.57 102.44 102.38 102.50 102.81 103.30 103.97 104.80 105.80 106.95 108.20 109.51 110.88 112.31 113.81 115.38 117.02 118.74 120.54 122.42 124.37 126.34 128.26 130.13 131.93 133.66
136.60 134.83 133.23 131.83 130.62 129.54 128.51 127.53 126.62 125.78 125.01 124.32 123.72 123.22 122.83 122.55 122.38 122.30 122.15 121.81 121.25 120.48 119.49 118.28 116.91 115.51 114.09 112.66 111.24 109.81 108.39 107.09 105.98 105.05 104.30 103.72 103.31 103.05 102.95 102.99 103.17 103.47 103.90 104.42 104.90 105.25 105.49 105.65 105.75 105.83 105.93 106.19 106.62 107.21 107.96 108.87 109.90 111.03 112.20 113.42 114.68 116.00 117.37 118.79 120.28 121.83 123.44 125.13 126.88 128.71 130.54 132.32 134.03 135.68
134.39 132.92 131.63 130.52 129.50 128.50 127.52 126.58 125.67 124.81 124.00 123.24 122.56 121.94 121.41 120.96 120.61 120.35 120.17 119.91 119.43 118.73 117.80 116.64 115.31 113.95 112.58 111.21 109.84 108.49 107.25 106.20 105.33 104.64 104.12 103.76 103.56 103.51 103.60 103.82 104.18 104.65 105.24 105.93 106.70 107.41 107.99 108.44 108.79 109.07 109.35 109.77 110.33 111.04 111.89 112.87 113.92 114.99 116.10 117.24 118.42 119.63 120.88 122.18 123.52 124.92 126.37 127.87 129.44 131.07 132.75 134.43 136.06 137.63
132.31 131.21 130.26 129.38 128.48 127.58 126.68 125.79 124.90 124.04 123.21 122.41 121.65 120.94 120.29 119.69 119.17 118.73 118.37 118.06 117.66 117.03 116.16 115.05 113.77 112.45 111.13 109.82 108.52 107.34 106.34 105.53 104.89 104.42 104.12 103.97 103.96 104.10 104.37 104.77 105.28 105.91 106.64 107.46 108.38 109.36 110.27 111.03 111.64 112.15 112.62 113.20 113.92 114.76 115.72 116.73 117.76 118.80 119.86 120.94 122.04 123.16 124.32 125.50 126.72 127.98 129.28 130.62 132.01 133.44 134.93 136.47 138.00 139.48
130.40 129.70 129.02 128.31 127.56 126.78 125.97 125.14 124.31 123.47 122.63 121.80 120.99 120.21 119.45 118.74 118.07 117.45 116.89 116.40 115.95 115.39 114.58 113.53 112.29 111.02 109.76 108.51 107.38 106.44 105.67 105.08 104.66 104.40 104.29 104.33 104.51 104.82 105.25 105.80 106.46 107.23 108.09 109.04 110.07 111.17 112.32 113.38 114.28 115.03 115.70 116.46 117.34 118.32 119.34 120.37 121.39 122.41 123.44 124.47 125.51 126.56 127.63 128.72 129.83 130.96 132.13 133.32 134.55 135.81 137.12 138.46 139.85 141.22
128.67 128.29 127.83 127.31 126.72 126.07 125.38 124.64 123.87 123.07 122.25 121.42 120.58 119.74 118.90 118.08 117.28 116.51 115.78 115.09 114.45 113.83 113.08 112.08 110.89 109.67 108.47 107.39 106.49 105.77 105.22 104.84 104.62 104.55 104.63 104.84 105.19 105.65 106.24 106.93 107.72 108.61 109.58 110.64 111.76 112.95 114.20 115.48 116.66 117.66 118.55 119.51 120.56 121.64 122.70 123.74 124.77 125.79 126.79 127.79 128.79 129.79 130.79 131.80 132.81 133.84 134.88 135.94 137.02 138.13 139.26 140.43 141.63 142.85
127.02 126.90 126.67 126.35 125.95 125.46 124.90 124.27 123.59 122.85 122.06 121.24 120.39 119.51 118.62 117.71 116.81 115.91 115.01 114.14 113.30 112.48 111.67 110.72 109.58 108.43 107.38 106.52 105.84 105.33 104.99 104.80 104.77 104.88 105.12 105.49 105.99 106.60 107.32 108.13 109.04 110.04 111.11 112.25 113.46 114.72 116.04 117.39 118.76 120.02 121.14 122.30 123.48 124.62 125.73 126.81 127.86 128.89 129.89 130.88 131.85 132.81 133.75 134.69 135.63 136.56 137.50 138.44 139.40 140.36 141.34 142.34 143.35 144.39
125.36 125.51 125.53 125.44 125.24 124.93 124.52 124.02 123.44 122.78 122.05 121.26 120.42 119.53 118.59 117.62 116.63 115.61 114.59 113.55 112.52 111.50 110.49 109.47 108.38 107.38 106.55 105.91 105.43 105.12 104.96 104.96 105.09 105.36 105.76 106.28 106.91 107.64 108.48 109.41 110.42 111.50 112.66 113.88 115.15 116.47 117.84 119.23 120.65 122.07 123.42 124.74 126.01 127.23 128.41 129.54 130.63 131.68 132.70 133.68 134.64 135.57 136.48 137.37 138.24 139.10 139.95 140.79 141.63 142.47 143.31 144.15 145.00 145.86
123.67 124.12 124.41 124.56 124.58 124.46 124.23 123.88 123.42 122.86 122.21 121.47 120.65 119.76 118.80 117.79 116.72 115.61 114.47 113.29 112.09 110.88 109.65 108.42 107.31 106.50 105.88 105.44 105.15 105.02 105.04 105.20 105.49 105.91 106.45 107.09 107.85 108.70 109.64 110.66 111.76 112.92 114.15 115.43 116.75 118.12 119.52 120.94 122.38 123.83 125.30 126.73 128.11 129.42 130.68 131.87 133.02 134.11 135.16 136.16 137.11 138.04 138.92 139.77 140.60 141.40 142.17 142.93 143.66 144.39 145.10 145.81 146.51 147.21
121.99 122.74 123.32 123.72 123.97 124.07 124.02 123.83 123.50 123.06 122.49 121.82 121.04 120.16 119.20 118.15 117.03 115.84 114.59 113.28 111.93 110.53 109.10 107.61 106.26 105.45 105.02 104.76 104.66 104.70 104.88 105.20 105.64 106.20 106.86 107.63 108.50 109.45 110.49 111.60 112.77 114.01 115.29 116.62 117.99 119.39 120.82 122.25 123.70 125.18 126.70 128.23 129.72 131.13 132.48 133.75 134.96 136.11 137.19 138.22 139.19 140.12 140.99 141.82 142.61 143.36 144.07 144.75 145.40 146.03 146.63 147.21 147.77 148.32
120.32 121.38 122.24 122.92 123.41 123.73 123.87 123.86 123.68 123.36 122.89 122.29 121.57 120.72 119.75 118.69 117.52 116.26 114.91 113.49 111.99 110.43 108.77 107.01 105.37 104.32 103.88 103.79 103.87 104.08 104.42 104.88 105.46 106.15 106.93 107.82 108.79 109.84 110.96 112.15 113.39 114.69 116.03 117.41 118.81 120.24 121.68 123.13 124.59 126.10 127.66 129.24 130.82 132.35 133.80 135.17 136.45 137.66 138.80 139.87 140.87 141.80 142.68 143.50 144.26 144.97 145.64 146.26 146.83 147.37 147.87 148.34 148.77 149.17
118.70 120.01 121.18 122.13 122.88 123.43 123.78 123.95 123.93 123.74 123.39 122.88 122.21 121.40 120.45 119.37 118.17 116.85 115.42 113.89 112.26 110.50 108.62 106.61 104.70 103.37 102.69 102.59 102.81 103.18 103.67 104.27 104.98 105.79 106.70 107.69 108.75 109.89 111.10 112.35 113.66 115.01 116.40 117.81 119.24 120.69 122.14 123.59 125.08 126.62 128.22 129.85 131.48 133.10 134.66 136.13 137.50 138.79 139.99 141.11 142.15 143.11 144.00 144.82 145.57 146.25 146.88 147.45 147.96 148.42 148.83 149.20 149.51 149.69
117.25 118.70 120.11 121.35 122.36 123.15 123.73 124.09 124.24 124.20 123.97 123.55 122.96 122.20 121.28 120.20 118.97 117.61 116.11 114.47 112.69 110.73 108.63 106.39 104.23 102.63 101.68 101.34 101.54 102.05 102.68 103.41 104.25 105.18 106.19 107.27 108.43 109.65 110.93 112.25 113.61 115.01 116.43 117.87 119.32 120.78 122.23 123.69 125.19 126.76 128.40 130.08 131.75 133.43 135.07 136.65 138.13 139.50 140.78 141.96 143.05 144.05 144.96 145.79 146.54 147.21 147.81 148.34 148.80 149.19 149.53 149.79 149.92 149.83
115.98 117.55 119.08 120.55 121.84 122.89 123.69 124.25 124.59 124.71 124.61 124.30 123.80 123.10 122.21 121.15 119.91 118.51 116.94 115.19 113.23 111.10 108.79 106.33 103.94 102.11 100.89 100.29 100.25 100.73 101.48 102.34 103.29 104.33 105.44 106.62 107.86 109.15 110.49 111.86 113.27 114.71 116.16 117.62 119.08 120.53 121.97 123.44 124.95 126.55 128.23 129.95 131.67 133.38 135.08 136.75 138.33 139.81 141.17 142.42 143.57 144.62 145.57 146.42 147.19 147.86 148.44 148.94 149.36 149.70 149.96 150.07 149.95 149.59
114.90 116.57 118.21 119.80 121.30 122.61 123.65 124.43 124.97 125.25 125.30 125.11 124.70 124.07 123.24 122.20 120.96 119.53 117.87 115.99 113.88 111.58 109.09 106.44 103.84 101.77 100.32 99.46 99.17 99.41 100.13 101.09 102.15 103.29 104.49 105.75 107.06 108.42 109.82 111.24 112.69 114.15 115.63 117.10 118.55 119.97 121.40 122.86 124.39 126.01 127.74 129.49 131.25 133.01 134.75 136.46 138.13 139.72 141.18 142.52 143.74 144.85 145.85 146.74 147.52 148.20 148.78 149.27 149.66 149.95 150.08 149.97 149.62 149.02
113.99 115.76 117.50 119.18 120.80 122.31 123.60 124.61 125.35 125.81 126.02 125.96 125.66 125.12 124.34 123.33 122.10 120.62 118.87 116.87 114.63 112.18 109.52 106.69 103.89 101.62 99.95 98.86 98.32 98.30 98.79 99.71 100.86 102.09 103.37 104.71 106.09 107.50 108.95 110.41 111.89 113.38 114.86 116.31 117.72 119.12 120.53 121.99 123.53 125.18 126.94 128.73 130.53 132.32 134.10 135.86 137.58 139.25 140.82 142.26 143.57 144.75 145.80 146.74 147.56 148.26 148.85 149.33 149.69 149.88 149.83 149.52 148.95 148.14
113.26 115.13 116.96 118.73 120.43 122.04 123.52 124.77 125.72 126.38 126.75 126.84 126.66 126.21 125.50 124.54 123.29 121.74 119.91 117.81 115.45 112.87 110.07 107.08 104.11 101.64 99.77 98.46 97.69 97.44 97.67 98.37 99.46 100.76 102.13 103.53 104.97 106.43 107.92 109.42 110.92 112.42 113.87 115.27 116.63 118.00 119.39 120.85 122.40 124.07 125.86 127.69 129.52 131.36 133.18 134.97 136.73 138.45 140.10 141.65 143.05 144.32 145.45 146.44 147.30 148.04 148.65 149.13 149.42 149.46 149.23 148.74 148.00 146.99
112.70 114.66 116.58 118.43 120.21 121.90 123.47 124.90 126.07 126.93 127.48 127.73 127.68 127.33 126.70 125.76 124.48 122.88 120.98 118.80 116.35 113.65 110.73 107.59 104.46 101.83 99.77 98.26 97.28 96.80 96.80 97.25 98.12 99.37 100.78 102.25 103.73 105.24 106.76 108.28 109.80 111.26 112.65 113.98 115.30 116.64 118.01 119.47 121.02 122.71 124.53 126.39 128.26 130.13 131.99 133.82 135.62 137.38 139.08 140.71 142.22 143.58 144.79 145.85 146.77 147.55 148.19 148.62 148.79 148.69 148.32 147.68 146.78 145.61
112.31 114.36 116.36 118.29 120.14 121.89 123.53 125.04 126.38 127.45 128.19 128.61 128.70 128.47 127.89 126.94 125.65 124.02 122.07 119.83 117.30 114.51 111.47 108.21 104.94 102.15 99.93 98.25 97.08 96.39 96.17 96.39 97.02 98.04 99.39 100.90 102.43 103.97 105.52 107.05 108.52 109.90 111.21 112.49 113.76 115.06 116.42 117.86 119.42 121.13 122.98 124.87 126.78 128.68 130.57 132.44 134.27 136.07 137.81 139.48 141.07 142.54 143.84 144.99 145.98 146.81 147.42 147.77 147.83 147.62 147.13 146.36 145.33 144.01
112.09 114.22 116.30 118.30 120.22 122.03 123.73 125.30 126.71 127.94 128.87 129.46 129.70 129.56 129.01 128.09 126.79 125.15 123.17 120.89 118.30 115.43 112.30 108.93 105.54 102.62 100.25 98.40 97.06 96.19 95.77 95.77 96.18 96.96 98.10 99.53 101.08 102.65 104.21 105.69 107.06 108.35 109.59 110.81 112.03 113.29 114.63 116.06 117.62 119.35 121.23 123.15 125.08 127.02 128.94 130.84 132.71 134.54 136.32 138.03 139.67 141.21 142.62 143.86 144.92 145.76 146.32 146.59 146.57 146.27 145.69 144.82 143.67 142.25
112.03 114.24 116.38 118.46 120.44 122.31 124.06 125.68 127.13 128.42 129.50 130.27 130.63 130.56 130.07 129.18 127.90 126.26 124.28 121.96 119.33 116.41 113.21 109.74 106.25 103.21 100.71 98.72 97.22 96.18 95.58 95.39 95.59 96.15 97.05 98.27 99.75 101.31 102.81 104.18 105.45 106.65 107.81 108.96 110.13 111.36 112.67 114.09 115.66 117.40 119.30 121.25 123.21 125.17 127.13 129.06 130.96 132.83 134.64 136.38 138.06 139.65 141.14 142.47 143.57 144.38 144.90 145.12 145.05 144.69 144.03 143.09 141.86 140.34
112.13 114.41 116.62 118.76 120.80 122.72 124.52 126.18 127.68 129.00 130.13 130.98 131.44 131.45 131.03 130.20 128.96 127.34 125.36 123.04 120.39 117.42 114.16 110.63 107.05 103.91 101.30 99.19 97.55 96.36 95.59 95.23 95.24 95.60 96.29 97.28 98.53 99.93 101.29 102.54 103.71 104.82 105.90 106.98 108.10 109.29 110.57 111.98 113.54 115.30 117.22 119.20 121.18 123.17 125.16 127.12 129.06 130.95 132.79 134.57 136.28 137.91 139.43 140.80 141.90 142.70 143.20 143.39 143.29 142.89 142.19 141.19 139.90 138.32
112.39 114.73 117.01 119.20 121.29 123.27 125.11 126.81 128.34 129.69 130.79 131.62 132.13 132.24 131.90 131.14 129.96 128.38 126.43 124.11 121.45 118.46 115.17 111.59 107.93 104.71 102.01 99.79 98.03 96.71 95.80 95.28 95.12 95.29 95.78 96.55 97.50 98.55 99.68 100.81 101.86 102.88 103.88 104.89 105.96 107.10 108.35 109.75 111.31 113.07 115.02 117.02 119.03 121.05 123.06 125.05 127.01 128.93 130.81 132.62 134.36 136.01 137.53 138.84 139.92 140.74 141.24 141.44 141.33 140.92 140.20 139.17 137.84 136.22
