data_processed/recharge/precip/Precip_2007_02.asc
ncols        168
nrows        136
xllcorner    455000
yllcorner    2107000
cellsize     500
NODATA_value     -99999
[rows 102 to 135 of 136, columns 77 to 153 of 168]
33.49 33.49 33.47 33.44 33.40 33.35 33.28 33.21 33.12 33.04 32.94 32.85 32.75 32.66 32.56 32.47 32.38 32.30 32.23 32.16 32.11 32.07 32.04 32.02 32.03 32.05 32.09 32.15 32.23 32.34 32.47 32.63 32.82 33.04 33.29 33.57 33.88 34.23 34.58 34.91 35.22 35.54 35.86 36.15 36.43 36.70 36.94 37.17 37.38 37.57 37.74 37.90 38.05 38.18 38.29 38.39 38.48 38.55 38.61 38.65 38.69 38.71 38.72 38.72 38.71 38.69 38.66 38.62 38.57 38.51 38.44 38.36 38.28 38.19 38.09 37.99 37.88
34.46 34.46 34.44 34.40 34.35 34.28 34.21 34.12 34.03 33.93 33.82 33.71 33.60 33.49 33.38 33.27 33.16 33.06 32.96 32.88 32.80 32.73 32.68 32.64 32.62 32.61 32.62 32.66 32.71 32.79 32.89 33.01 33.17 33.35 33.57 33.81 34.09 34.36 34.62 34.84 35.06 35.29 35.52 35.75 35.96 36.16 36.35 36.52 36.68 36.82 36.95 37.07 37.17 37.26 37.34 37.41 37.47 37.52 37.55 37.58 37.60 37.61 37.61 37.60 37.58 37.56 37.53 37.49 37.45 37.40 37.35 37.29 37.23 37.16 37.09 37.02 36.94
35.44 35.43 35.40 35.36 35.30 35.22 35.14 35.04 34.94 34.83 34.71 34.58 34.46 34.33 34.20 34.07 33.95 33.83 33.71 33.61 33.51 33.42 33.34 33.28 33.23 33.20 33.18 33.19 33.21 33.26 33.33 33.43 33.55 33.70 33.88 34.09 34.30 34.48 34.64 34.77 34.89 35.03 35.18 35.33 35.48 35.62 35.75 35.87 35.97 36.07 36.16 36.23 36.30 36.35 36.40 36.44 36.47 36.50 36.51 36.52 36.53 36.52 36.52 36.50 36.49 36.46 36.44 36.41 36.38 36.34 36.30 36.26 36.22 36.18 36.14 36.09 36.05
36.40 36.39 36.35 36.30 36.24 36.16 36.07 35.96 35.85 35.72 35.59 35.46 35.32 35.17 35.03 34.89 34.75 34.61 34.48 34.35 34.23 34.12 34.02 33.93 33.86 33.81 33.76 33.74 33.74 33.76 33.80 33.87 33.96 34.08 34.22 34.36 34.48 34.58 34.64 34.68 34.72 34.77 34.83 34.91 34.99 35.07 35.15 35.21 35.27 35.32 35.37 35.40 35.43 35.45 35.47 35.48 35.49 35.49 35.49 35.49 35.48 35.47 35.45 35.44 35.42 35.40 35.38 35.36 35.34 35.32 35.30 35.28 35.26 35.25 35.23 35.22 35.22
37.35 37.33 37.29 37.24 37.17 37.08 36.98 36.87 36.75 36.61 36.47 36.33 36.17 36.02 35.86 35.70 35.55 35.39 35.24 35.10 34.96 34.83 34.71 34.60 34.50 34.42 34.36 34.31 34.28 34.27 34.29 34.32 34.39 34.47 34.55 34.61 34.64 34.65 34.63 34.58 34.53 34.50 34.48 34.49 34.50 34.52 34.54 34.56 34.57 34.58 34.58 34.58 34.58 34.57 34.56 34.55 34.53 34.51 34.50 34.48 34.46 34.44 34.42 34.41 34.39 34.37 34.36 34.35 34.35 34.34 34.34 34.35 34.36 34.37 34.39 34.41 34.44
38.27 38.25 38.22 38.16 38.08 37.99 37.89 37.77 37.64 37.49 37.34 37.19 37.02 36.86 36.68 36.51 36.34 36.17 36.00 35.84 35.69 35.54 35.40 35.27 35.15 35.05 34.96 34.89 34.83 34.80 34.79 34.79 34.82 34.85 34.85 34.83 34.78 34.70 34.60 34.46 34.33 34.22 34.13 34.07 34.02 33.98 33.94 33.91 33.88 33.85 33.81 33.78 33.74 33.70 33.66 33.63 33.59 33.56 33.53 33.50 33.47 33.45 33.43 33.41 33.40 33.39 33.39 33.39 33.40 33.42 33.44 33.47 33.50 33.55 33.60 33.66 33.73
39.17 39.15 39.11 39.05 38.97 38.88 38.77 38.64 38.51 38.36 38.20 38.03 37.86 37.68 37.50 37.31 37.13 36.94 36.76 36.58 36.41 36.24 36.08 35.93 35.80 35.67 35.56 35.46 35.39 35.33 35.29 35.27 35.24 35.19 35.12 35.02 34.89 34.73 34.55 34.33 34.12 33.93 33.78 33.64 33.53 33.44 33.35 33.28 33.20 33.13 33.06 32.99 32.92 32.85 32.79 32.74 32.68 32.63 32.59 32.55 32.52 32.49 32.47 32.46 32.45 32.45 32.46 32.48 32.51 32.55 32.59 32.65 32.71 32.79 32.88 32.98 33.09
40.03 40.01 39.98 39.91 39.84 39.74 39.62 39.49 39.35 39.20 39.03 38.85 38.67 38.48 38.29 38.09 37.90 37.70 37.50 37.31 37.12 36.93 36.76 36.59 36.43 36.29 36.16 36.04 35.94 35.86 35.79 35.71 35.62 35.50 35.35 35.17 34.97 34.74 34.47 34.18 33.89 33.64 33.41 33.22 33.05 32.90 32.77 32.65 32.53 32.42 32.32 32.22 32.12 32.03 31.95 31.87 31.81 31.74 31.69 31.64 31.61 31.58 31.56 31.55 31.55 31.57 31.59 31.63 31.67 31.73 31.80 31.89 31.99 32.10 32.23 32.37 32.52
40.86 40.84 40.80 40.74 40.66 40.56 40.44 40.31 40.16 40.00 39.83 39.65 39.46 39.26 39.06 38.85 38.64 38.43 38.22 38.02 37.81 37.61 37.42 37.23 37.06 36.89 36.74 36.60 36.48 36.37 36.26 36.12 35.95 35.76 35.54 35.29 35.02 34.71 34.38 34.02 33.65 33.33 33.04 32.79 32.57 32.37 32.19 32.03 31.88 31.74 31.61 31.48 31.35 31.24 31.14 31.05 30.96 30.89 30.83 30.78 30.74 30.71 30.70 30.69 30.71 30.73 30.77 30.83 30.89 30.98 31.08 31.20 31.33 31.48 31.64 31.83 32.03
41.63 41.62 41.59 41.53 41.45 41.35 41.23 41.09 40.94 40.78 40.60 40.41 40.22 40.01 39.80 39.58 39.36 39.14 38.92 38.70 38.48 38.27 38.06 37.86 37.67 37.48 37.31 37.15 37.01 36.85 36.67 36.47 36.24 35.98 35.70 35.38 35.04 34.67 34.26 33.83 33.40 33.01 32.67 32.36 32.09 31.85 31.63 31.43 31.25 31.08 30.92 30.76 30.62 30.48 30.36 30.25 30.16 30.08 30.01 29.95 29.92 29.89 29.88 29.89 29.91 29.96 30.01 30.09 30.18 30.29 30.42 30.57 30.74 30.93 31.14 31.37 31.62
42.36 42.35 42.32 42.26 42.18 42.08 41.97 41.83 41.68 41.51 41.33 41.14 40.93 40.72 40.50 40.28 40.05 39.82 39.59 39.35 39.12 38.89 38.67 38.46 38.25 38.05 37.86 37.68 37.49 37.28 37.04 36.77 36.48 36.16 35.82 35.44 35.03 34.59 34.13 33.63 33.13 32.68 32.28 31.92 31.61 31.32 31.07 30.83 30.63 30.43 30.25 30.08 29.91 29.76 29.62 29.50 29.40 29.31 29.24 29.18 29.15 29.13 29.13 29.14 29.18 29.24 29.32 29.42 29.54 29.68 29.84 30.02 30.23 30.46 30.71 30.99 31.29
43.04 43.03 43.00 42.95 42.87 42.77 42.65 42.52 42.36 42.19 42.01 41.81 41.61 41.39 41.16 40.93 40.70 40.46 40.21 39.97 39.73 39.49 39.25 39.02 38.80 38.58 38.37 38.15 37.91 37.64 37.35 37.03 36.68 36.30 35.90 35.46 34.99 34.49 33.96 33.40 32.84 32.34 31.89 31.48 31.12 30.80 30.51 30.25 30.02 29.80 29.61 29.42 29.25 29.08 28.93 28.80 28.68 28.59 28.52 28.46 28.43 28.42 28.43 28.46 28.51 28.59 28.69 28.81 28.96 29.13 29.33 29.55 29.80 30.07 30.37 30.69 31.05
43.67 43.65 43.62 43.57 43.50 43.40 43.28 43.15 42.99 42.82 42.64 42.44 42.23 42.01 41.78 41.54 41.30 41.05 40.80 40.54 40.29 40.04 39.79 39.55 39.31 39.08 38.83 38.56 38.27 37.95 37.61 37.23 36.83 36.40 35.93 35.44 34.92 34.36 33.77 33.15 32.54 31.98 31.48 31.03 30.63 30.27 29.96 29.67 29.42 29.19 28.98 28.79 28.61 28.44 28.28 28.14 28.02 27.92 27.85 27.80 27.77 27.77 27.79 27.84 27.91 28.01 28.13 28.28 28.46 28.67 28.90 29.16 29.45 29.77 30.11 30.49 30.90
44.25 44.22 44.17 44.13 44.06 43.97 43.85 43.72 43.57 43.40 43.21 43.01 42.80 42.57 42.34 42.10 41.85 41.59 41.33 41.07 40.81 40.55 40.29 40.03 39.78 39.51 39.22 38.91 38.57 38.20 37.81 37.38 36.93 36.45 35.93 35.39 34.81 34.20 33.56 32.88 32.22 31.61 31.06 30.58 30.14 29.75 29.41 29.10 28.83 28.59 28.37 28.18 28.00 27.84 27.68 27.54 27.41 27.31 27.24 27.20 27.18 27.19 27.22 27.29 27.38 27.50 27.65 27.83 28.04 28.28 28.55 28.85 29.19 29.55 29.95 30.38 30.83
44.78 44.73 44.68 44.62 44.55 44.46 44.35 44.22 44.07 43.90 43.72 43.52 43.30 43.08 42.84 42.59 42.34 42.08 41.81 41.54 41.27 41.00 40.73 40.46 40.18 39.88 39.54 39.19 38.80 38.39 37.95 37.48 36.98 36.45 35.89 35.30 34.67 34.01 33.32 32.59 31.87 31.22 30.63 30.11 29.64 29.22 28.86 28.53 28.25 28.00 27.78 27.59 27.41 27.26 27.12 26.98 26.86 26.77 26.70 26.66 26.65 26.67 26.73 26.81 26.92 27.07 27.25 27.46 27.70 27.98 28.29 28.64 29.02 29.43 29.88 30.35 30.79
45.26 45.19 45.12 45.05 44.97 44.88 44.78 44.65 44.50 44.34 44.15 43.95 43.74 43.51 43.27 43.02 42.77 42.50 42.23 41.95 41.68 41.40 41.12 40.82 40.50 40.16 39.79 39.40 38.97 38.52 38.04 37.52 36.98 36.41 35.80 35.16 34.49 33.79 33.04 32.27 31.51 30.81 30.19 29.63 29.14 28.70 28.31 27.97 27.68 27.42 27.20 27.01 26.85 26.71 26.58 26.47 26.37 26.28 26.22 26.19 26.20 26.23 26.30 26.41 26.55 26.72 26.93 27.17 27.45 27.77 28.12 28.51 28.94 29.41 29.89 30.35 30.76
45.67 45.59 45.51 45.42 45.32 45.22 45.12 45.00 44.86 44.69 44.51 44.32 44.10 43.87 43.63 43.38 43.12 42.85 42.58 42.30 42.02 41.73 41.43 41.10 40.75 40.37 39.97 39.53 39.07 38.58 38.06 37.51 36.93 36.32 35.67 34.99 34.28 33.53 32.74 31.92 31.12 30.39 29.73 29.14 28.62 28.17 27.76 27.42 27.11 26.86 26.64 26.46 26.31 26.18 26.08 26.00 25.92 25.86 25.81 25.80 25.81 25.87 25.96 26.09 26.25 26.45 26.69 26.97 27.29 27.65 28.05 28.48 28.96 29.46 29.94 30.36 30.73
46.02 45.93 45.83 45.72 45.61 45.50 45.38 45.26 45.13 44.97 44.79 44.60 44.39 44.16 43.92 43.67 43.41 43.14 42.86 42.57 42.28 41.98 41.65 41.29 40.91 40.50 40.07 39.60 39.11 38.58 38.03 37.45 36.83 36.18 35.50 34.78 34.03 33.24 32.41 31.55 30.71 29.94 29.26 28.65 28.10 27.63 27.22 26.86 26.56 26.30 26.09 25.92 25.79 25.68 25.61 25.55 25.51 25.49 25.47 25.48 25.51 25.58 25.70 25.85 26.04 26.28 26.55 26.87 27.23 27.63 28.07 28.56 29.07 29.56 29.99 30.38 30.72
46.31 46.19 46.08 45.96 45.83 45.70 45.57 45.44 45.31 45.15 44.98 44.79 44.58 44.36 44.12 43.87 43.61 43.34 43.06 42.77 42.46 42.13 41.78 41.40 40.99 40.55 40.09 39.60 39.07 38.52 37.94 37.32 36.67 35.99 35.27 34.52 33.73 32.91 32.05 31.16 30.28 29.48 28.77 28.13 27.57 27.09 26.67 26.31 26.01 25.76 25.56 25.40 25.29 25.21 25.16 25.14 25.14 25.16 25.19 25.23 25.29 25.38 25.52 25.70 25.92 26.19 26.50 26.86 27.26 27.71 28.20 28.72 29.21 29.66 30.06 30.41 30.71
46.52 46.39 46.25 46.12 45.98 45.83 45.69 45.54 45.40 45.24 45.08 44.89 44.69 44.47 44.23 43.98 43.72 43.45 43.17 42.87 42.54 42.19 41.82 41.41 40.98 40.53 40.04 39.52 38.97 38.39 37.78 37.14 36.46 35.75 35.00 34.22 33.40 32.55 31.66 30.73 29.82 28.99 28.26 27.61 27.04 26.54 26.11 25.76 25.46 25.22 25.04 24.90 24.81 24.76 24.74 24.76 24.80 24.86 24.94 25.04 25.15 25.27 25.44 25.64 25.90 26.20 26.55 26.95 27.40 27.89 28.41 28.91 29.37 29.77 30.13 30.44 30.71
46.65 46.50 46.35 46.20 46.04 45.89 45.72 45.56 45.40 45.24 45.07 44.89 44.70 44.48 44.25 44.00 43.74 43.47 43.18 42.86 42.52 42.16 41.76 41.34 40.89 40.42 39.91 39.37 38.80 38.20 37.56 36.90 36.20 35.46 34.69 33.88 33.03 32.15 31.23 30.27 29.33 28.49 27.73 27.07 26.48 25.98 25.56 25.20 24.92 24.69 24.52 24.41 24.34 24.32 24.35 24.40 24.49 24.60 24.74 24.90 25.07 25.24 25.44 25.68 25.98 26.32 26.71 27.15 27.64 28.16 28.66 29.12 29.52 29.89 30.20 30.48 30.72
46.70 46.54 46.37 46.20 46.03 45.85 45.68 45.50 45.32 45.15 44.97 44.79 44.60 44.39 44.16 43.92 43.66 43.39 43.08 42.76 42.41 42.03 41.62 41.18 40.72 40.22 39.70 39.14 38.56 37.94 37.28 36.60 35.87 35.12 34.32 33.49 32.62 31.71 30.77 29.78 28.82 27.95 27.18 26.51 25.92 25.42 25.00 24.65 24.38 24.17 24.02 23.93 23.90 23.91 23.97 24.08 24.21 24.38 24.58 24.79 25.03 25.28 25.54 25.82 26.15 26.53 26.96 27.45 27.97 28.47 28.92 29.33 29.69 30.01 30.29 30.53 30.73
46.66 46.48 46.30 46.11 45.92 45.73 45.54 45.35 45.16 44.97 44.78 44.59 44.40 44.19 43.97 43.73 43.47 43.19 42.88 42.55 42.19 41.80 41.38 40.93 40.46 39.95 39.41 38.84 38.24 37.61 36.94 36.23 35.49 34.72 33.91 33.05 32.17 31.24 30.27 29.26 28.28 27.40 26.62 25.93 25.35 24.85 24.43 24.09 23.84 23.65 23.53 23.47 23.47 23.52 23.63 23.78 23.97 24.19 24.45 24.73 25.04 25.37 25.71 26.06 26.43 26.85 27.33 27.85 28.34 28.79 29.19 29.55 29.86 30.14 30.38 30.58 30.75
46.53 46.34 46.14 45.93 45.73 45.52 45.32 45.11 44.90 44.69 44.49 44.28 44.08 43.88 43.66 43.43 43.17 42.88 42.57 42.23 41.86 41.47 41.04 40.59 40.11 39.59 39.05 38.47 37.85 37.21 36.53 35.81 35.06 34.27 33.44 32.57 31.67 30.72 29.74 28.71 27.71 26.82 26.03 25.34 24.76 24.26 23.86 23.54 23.30 23.13 23.04 23.02 23.06 23.15 23.30 23.50 23.75 24.04 24.36 24.72 25.10 25.50 25.93 26.37 26.82 27.29 27.79 28.28 28.72 29.11 29.46 29.77 30.05 30.28 30.48 30.65 30.78
46.31 46.10 45.88 45.66 45.44 45.22 44.99 44.77 44.54 44.32 44.10 43.88 43.66 43.45 43.24 43.00 42.74 42.46 42.14 41.80 41.44 41.04 40.61 40.16 39.67 39.15 38.60 38.01 37.39 36.74 36.05 35.32 34.56 33.76 32.92 32.04 31.12 30.17 29.17 28.13 27.11 26.21 25.42 24.73 24.15 23.67 23.27 22.97 22.76 22.62 22.56 22.58 22.66 22.80 23.00 23.26 23.56 23.92 24.31 24.74 25.20 25.69 26.20 26.73 27.28 27.81 28.29 28.72 29.11 29.45 29.75 30.01 30.23 30.43 30.59 30.72 30.82
45.99 45.76 45.52 45.29 45.05 44.81 44.57 44.33 44.09 43.85 43.61 43.38 43.15 42.92 42.69 42.45 42.20 41.92 41.61 41.27 40.91 40.51 40.09 39.63 39.14 38.62 38.07 37.48 36.85 36.20 35.50 34.77 34.00 33.19 32.35 31.46 30.53 29.57 28.56 27.51 26.49 25.58 24.78 24.10 23.53 23.06 22.68 22.41 22.22 22.11 22.09 22.14 22.27 22.46 22.72 23.04 23.41 23.83 24.29 24.80 25.34 25.92 26.52 27.15 27.77 28.33 28.79 29.17 29.50 29.79 30.03 30.25 30.43 30.58 30.70 30.79 30.86
45.56 45.31 45.06 44.81 44.55 44.29 44.04 43.78 43.52 43.27 43.02 42.77 42.52 42.28 42.03 41.79 41.53 41.26 40.96 40.63 40.27 39.88 39.46 39.01 38.52 38.00 37.45 36.86 36.24 35.58 34.89 34.15 33.38 32.57 31.72 30.83 29.90 28.93 27.91 26.85 25.82 24.91 24.12 23.45 22.89 22.44 22.08 21.83 21.67 21.61 21.62 21.72 21.90 22.14 22.46 22.84 23.27 23.77 24.31 24.90 25.52 26.19 26.89 27.60 28.24 28.80 29.26 29.62 29.90 30.13 30.33 30.50 30.63 30.74 30.82 30.88 30.91
45.03 44.76 44.49 44.22 43.94 43.67 43.40 43.12 42.85 42.58 42.31 42.05 41.79 41.53 41.27 41.02 40.76 40.49 40.20 39.88 39.53 39.15 38.73 38.29 37.81 37.30 36.75 36.17 35.55 34.90 34.20 33.47 32.70 31.89 31.04 30.15 29.22 28.24 27.22 26.16 25.13 24.22 23.44 22.78 22.23 21.80 21.47 21.25 21.13 21.10 21.16 21.31 21.53 21.84 22.21 22.66 23.17 23.74 24.36 25.03 25.75 26.51 27.29 28.01 28.65 29.20 29.66 30.03 30.30 30.49 30.64 30.75 30.84 30.91 30.95 30.97 30.97
44.38 44.10 43.81 43.52 43.22 42.93 42.64 42.35 42.06 41.77 41.49 41.22 40.95 40.68 40.41 40.14 39.88 39.60 39.32 39.02 38.68 38.31 37.91 37.48 37.01 36.51 35.97 35.39 34.78 34.13 33.45 32.72 31.96 31.15 30.30 29.42 28.49 27.51 26.49 25.43 24.40 23.50 22.73 22.08 21.56 21.15 20.85 20.66 20.58 20.59 20.70 20.90 21.18 21.55 21.99 22.50 23.09 23.73 24.44 25.20 26.01 26.85 27.64 28.36 28.99 29.54 30.00 30.38 30.65 30.84 30.95 31.02 31.06 31.09 31.09 31.07 31.04
43.62 43.31 43.01 42.70 42.39 42.08 41.77 41.46 41.16 40.86 40.56 40.28 40.00 39.72 39.45 39.17 38.90 38.62 38.34 38.04 37.72 37.37 36.98 36.56 36.11 35.62 35.10 34.54 33.94 33.30 32.62 31.91 31.15 30.35 29.51 28.63 27.70 26.73 25.72 24.66 23.64 22.75 21.99 21.36 20.86 20.48 20.22 20.06 20.02 20.08 20.24 20.49 20.84 21.27 21.78 22.37 23.03 23.76 24.55 25.41 26.30 27.15 27.93 28.63 29.26 29.81 30.28 30.66 30.95 31.15 31.25 31.29 31.29 31.27 31.23 31.18 31.11
42.73 42.41 42.08 41.76 41.43 41.10 40.77 40.45 40.13 39.82 39.53 39.23 38.95 38.67 38.38 38.11 37.82 37.54 37.25 36.96 36.65 36.32 35.96 35.56 35.12 34.65 34.14 33.59 33.01 32.39 31.72 31.02 30.28 29.49 28.66 27.79 26.87 25.91 24.91 23.86 22.84 21.96 21.22 20.62 20.14 19.79 19.57 19.46 19.46 19.57 19.78 20.09 20.50 21.00 21.59 22.25 23.00 23.81 24.70 25.63 26.53 27.36 28.13 28.83 29.45 30.00 30.47 30.86 31.17 31.39 31.52 31.55 31.52 31.46 31.38 31.29 31.19
41.72 41.38 41.03 40.69 40.34 39.99 39.65 39.32 38.99 38.68 38.38 38.08 37.79 37.50 37.22 36.94 36.65 36.37 36.08 35.79 35.48 35.17 34.82 34.45 34.03 33.58 33.09 32.57 32.00 31.40 30.75 30.06 29.34 28.56 27.75 26.89 25.99 25.04 24.05 23.01 22.01 21.15 20.43 19.85 19.40 19.09 18.90 18.84 18.89 19.05 19.32 19.70 20.17 20.75 21.41 22.15 22.98 23.89 24.85 25.79 26.67 27.49 28.25 28.94 29.56 30.12 30.59 30.99 31.32 31.55 31.71 31.77 31.75 31.66 31.54 31.42 31.28
40.58 40.22 39.85 39.49 39.12 38.76 38.41 38.07 37.74 37.42 37.12 36.82 36.53 36.24 35.96 35.67 35.39 35.10 34.82 34.52 34.22 33.91 33.59 33.24 32.85 32.42 31.96 31.45 30.91 30.33 29.70 29.04 28.33 27.58 26.78 25.94 25.05 24.12 23.14 22.12 21.14 20.29 19.60 19.05 18.64 18.37 18.22 18.20 18.31 18.53 18.86 19.31 19.85 20.50 21.24 22.07 22.99 23.97 24.94 25.86 26.72 27.53 28.28 28.96 29.59 30.14 30.63 31.04 31.38 31.64 31.82 31.92 31.93 31.85 31.71 31.55 31.38
39.30 38.92 38.54 38.15 37.77 37.40 37.04 36.70 36.37 36.06 35.75 35.45 35.16 34.87 34.59 34.31 34.03 33.75 33.46 33.17 32.88 32.57 32.26 31.93 31.57 31.17 30.73 30.26 29.74 29.18 28.58 27.94 27.25 26.52 25.75 24.93 24.07 23.15 22.19 21.19 20.22 19.41 18.74 18.23 17.86 17.62 17.53 17.56 17.72 18.00 18.40 18.92 19.54 20.26 21.09 22.01 23.00 23.99 24.93 25.82 26.67 27.47 28.21 28.89 29.52 30.08 30.58 31.00 31.36 31.65 31.85 31.98 32.03 31.99 31.87 31.68 31.48
