data_processed/recharge/precip/Precip_1987_05.asc
ncols        168
nrows        136
xllcorner    455000
yllcorner    2107000
cellsize     500
NODATA_value     -99999
[rows 102 to 135 of 136, columns 0 to 76 of 168]
48.85 50.13 51.32 52.41 53.38 54.24 55.07 55.86 56.58 57.17 57.56 57.73 57.65 57.31 56.71 55.82 54.63 53.13 51.31 49.27 47.10 44.84 42.53 40.20 37.88 35.62 33.46 31.43 29.66 28.40 27.70 27.53 27.94 28.97 30.62 32.83 35.53 38.66 42.17 45.99 50.06 54.32 58.32 61.67 64.37 66.46 67.99 69.00 69.52 69.62 69.32 68.72 68.05 67.43 66.85 66.36 66.06 66.00 66.11 66.37 66.73 67.14 67.55 67.93 68.22 68.42 68.56 68.66 68.71 68.71 68.66 68.56 68.41 68.20 67.95 67.69 67.44
46.69 47.86 48.94 49.92 50.82 51.71 52.59 53.42 54.19 54.88 55.42 55.73 55.80 55.59 55.11 54.33 53.24 51.83 50.10 48.14 46.06 43.88 41.65 39.40 37.17 34.99 32.92 31.07 29.70 28.86 28.54 28.71 29.34 30.47 32.15 34.37 37.07 40.18 43.64 47.40 51.40 55.55 59.45 62.69 65.28 67.25 68.67 69.56 69.97 69.95 69.59 69.14 68.71 68.33 67.99 67.69 67.46 67.39 67.50 67.76 68.11 68.51 68.92 69.29 69.58 69.77 69.91 70.00 70.05 70.04 69.99 69.89 69.73 69.53 69.32 69.12 68.94
44.59 45.63 46.59 47.50 48.42 49.34 50.25 51.12 51.93 52.66 53.29 53.75 53.96 53.89 53.54 52.88 51.90 50.59 48.94 47.08 45.08 42.99 40.85 38.69 36.55 34.47 32.59 31.16 30.23 29.79 29.81 30.27 31.16 32.44 34.14 36.32 38.96 41.99 45.36 49.01 52.87 56.87 60.61 63.68 66.11 67.92 69.17 69.89 70.13 70.00 69.76 69.53 69.33 69.17 69.03 68.92 68.85 68.83 68.93 69.18 69.52 69.92 70.32 70.69 70.97 71.15 71.28 71.37 71.40 71.39 71.33 71.22 71.06 70.90 70.75 70.62 70.50
42.58 43.49 44.36 45.27 46.21 47.16 48.09 48.98 49.82 50.58 51.25 51.79 52.14 52.22 52.00 51.47 50.61 49.40 47.86 46.09 44.18 42.19 40.15 38.08 36.05 34.17 32.72 31.74 31.23 31.15 31.49 32.22 33.32 34.77 36.55 38.67 41.20 44.10 47.32 50.80 54.48 58.28 61.80 64.66 66.86 68.45 69.48 69.99 70.07 70.03 69.99 69.97 69.97 69.99 70.03 70.09 70.17 70.27 70.41 70.65 70.98 71.37 71.76 72.11 72.38 72.55 72.67 72.74 72.77 72.75 72.68 72.56 72.43 72.33 72.24 72.16 72.10
40.70 41.51 42.38 43.30 44.24 45.20 46.14 47.05 47.91 48.69 49.38 49.95 50.38 50.60 50.52 50.12 49.39 48.30 46.86 45.19 43.39 41.50 39.56 37.60 35.78 34.35 33.37 32.82 32.69 32.94 33.56 34.53 35.82 37.41 39.27 41.39 43.79 46.51 49.53 52.79 56.23 59.77 63.02 65.61 67.54 68.86 69.62 69.92 70.06 70.20 70.35 70.51 70.68 70.86 71.04 71.24 71.45 71.67 71.90 72.16 72.48 72.85 73.22 73.56 73.81 73.97 74.08 74.13 74.15 74.11 74.03 73.94 73.87 73.82 73.78 73.75 73.73
39.04 39.82 40.69 41.60 42.55 43.50 44.45 45.37 46.23 47.03 47.73 48.31 48.76 49.06 49.12 48.86 48.25 47.28 45.95 44.39 42.70 40.92 39.10 37.37 36.00 35.06 34.53 34.38 34.59 35.15 36.02 37.19 38.64 40.33 42.25 44.38 46.70 49.22 51.98 54.97 58.11 61.34 64.27 66.53 68.14 69.14 69.64 69.96 70.28 70.59 70.90 71.21 71.52 71.82 72.13 72.44 72.75 73.06 73.37 73.68 74.01 74.36 74.71 75.03 75.27 75.41 75.50 75.54 75.53 75.48 75.42 75.39 75.37 75.36 75.37 75.38 75.39
37.70 38.48 39.32 40.23 41.16 42.11 43.05 43.96 44.83 45.62 46.32 46.91 47.37 47.68 47.80 47.68 47.21 46.37 45.16 43.72 42.14 40.49 38.90 37.63 36.78 36.30 36.18 36.40 36.93 37.76 38.85 40.19 41.76 43.53 45.48 47.59 49.83 52.19 54.68 57.33 60.13 62.99 65.55 67.43 68.67 69.36 69.86 70.34 70.80 71.25 71.69 72.12 72.54 72.95 73.35 73.74 74.12 74.49 74.85 75.21 75.55 75.90 76.23 76.53 76.74 76.86 76.93 76.95 76.93 76.89 76.88 76.89 76.92 76.95 76.99 77.03 77.07
36.76 37.50 38.33 39.21 40.12 41.05 41.98 42.87 43.73 44.51 45.21 45.79 46.25 46.55 46.68 46.62 46.28 45.58 44.50 43.17 41.73 40.32 39.21 38.47 38.10 38.05 38.31 38.87 39.69 40.75 42.03 43.51 45.17 46.98 48.93 50.98 53.13 55.33 57.58 59.89 62.29 64.73 66.86 68.31 69.20 69.86 70.49 71.10 71.69 72.25 72.79 73.32 73.82 74.30 74.76 75.20 75.63 76.03 76.42 76.78 77.13 77.46 77.77 78.04 78.23 78.33 78.37 78.37 78.36 78.37 78.40 78.45 78.51 78.58 78.64 78.71 78.76
36.24 36.94 37.73 38.58 39.46 40.37 41.26 42.14 42.97 43.73 44.41 44.98 45.42 45.72 45.84 45.78 45.49 44.92 43.97 42.78 41.59 40.68 40.11 39.88 39.95 40.30 40.91 41.77 42.84 44.11 45.55 47.14 48.86 50.69 52.59 54.56 56.57 58.59 60.61 62.60 64.58 66.55 68.19 69.26 70.08 70.85 71.60 72.31 72.99 73.64 74.26 74.84 75.40 75.92 76.42 76.89 77.32 77.73 78.11 78.46 78.78 79.08 79.34 79.58 79.74 79.80 79.82 79.83 79.86 79.91 79.98 80.06 80.14 80.23 80.31 80.39 80.45
36.17 36.83 37.58 38.38 39.23 40.09 40.95 41.79 42.59 43.33 43.98 44.52 44.94 45.22 45.32 45.24 44.95 44.42 43.60 42.68 42.00 41.65 41.60 41.82 42.31 43.03 43.97 45.09 46.39 47.83 49.40 51.07 52.81 54.62 56.46 58.31 60.15 61.96 63.71 65.39 66.97 68.45 69.65 70.62 71.54 72.41 73.24 74.03 74.77 75.47 76.14 76.76 77.34 77.88 78.38 78.84 79.27 79.65 80.00 80.30 80.57 80.80 80.99 81.15 81.26 81.29 81.32 81.36 81.42 81.51 81.60 81.70 81.80 81.90 81.99 82.07 82.14
36.58 37.19 37.88 38.63 39.43 40.25 41.07 41.87 42.62 43.32 43.94 44.45 44.84 45.08 45.16 45.05 44.74 44.20 43.47 43.02 42.92 43.10 43.53 44.20 45.07 46.13 47.36 48.73 50.22 51.80 53.47 55.18 56.93 58.69 60.43 62.13 63.78 65.35 66.81 68.15 69.34 70.43 71.51 72.56 73.55 74.50 75.39 76.22 77.01 77.75 78.43 79.06 79.65 80.18 80.66 81.09 81.48 81.81 82.10 82.34 82.53 82.67 82.76 82.81 82.88 83.07 83.12 83.19 83.26 83.35 83.45 83.55 83.65 83.74 83.82 83.88 83.93
37.37 37.92 38.56 39.27 40.01 40.79 41.56 42.32 43.04 43.70 44.29 44.77 45.12 45.34 45.40 45.27 44.93 44.36 43.59 43.33 43.74 44.44 45.34 46.43 47.68 49.07 50.57 52.17 53.84 55.56 57.31 59.06 60.79 62.49 64.12 65.67 67.11 68.42 69.58 70.56 71.41 72.38 73.50 74.62 75.69 76.70 77.65 78.54 79.36 80.13 80.83 81.47 82.05 82.57 83.04 83.44 83.78 84.06 84.29 84.46 84.56 84.61 84.61 84.62 85.16 86.12 86.43 86.44 86.44 86.46 86.47 86.49 86.50 86.50 86.48 86.45 86.39
38.46 38.96 39.55 40.21 40.92 41.66 42.39 43.12 43.81 44.44 44.99 45.44 45.78 45.97 46.01 45.86 45.49 44.86 44.02 43.72 44.30 45.46 46.83 48.33 49.95 51.66 53.43 55.25 57.10 58.94 60.76 62.54 64.26 65.88 67.40 68.78 70.00 71.05 71.90 72.58 73.32 74.30 75.44 76.60 77.75 78.83 79.85 80.79 81.66 82.46 83.19 83.84 84.43 84.95 85.39 85.77 86.08 86.32 86.49 86.59 86.63 86.59 86.57 87.06 88.50 90.33 91.31 91.44 91.28 91.11 90.94 90.76 90.57 90.36 90.14 89.89 89.62
39.81 40.27 40.82 41.44 42.12 42.81 43.52 44.22 44.87 45.48 46.01 46.44 46.76 46.94 46.96 46.78 46.36 45.67 44.77 44.40 44.93 46.24 48.02 49.93 51.91 53.93 55.96 58.00 60.01 61.97 63.87 65.67 67.35 68.90 70.29 71.50 72.50 73.28 73.86 74.44 75.19 76.19 77.35 78.54 79.72 80.87 81.96 82.96 83.88 84.73 85.49 86.16 86.76 87.28 87.72 88.08 88.36 88.56 88.69 88.73 88.70 88.66 89.11 90.50 92.82 95.44 97.12 97.76 97.59 97.13 96.66 96.17 95.67 95.16 94.62 94.05 93.44
41.39 41.81 42.33 42.92 43.56 44.23 44.91 45.58 46.21 46.80 47.31 47.73 48.03 48.20 48.19 47.97 47.50 46.74 45.79 45.36 45.82 47.08 48.99 51.26 53.59 55.91 58.21 60.45 62.62 64.70 66.65 68.47 70.12 71.59 72.85 73.87 74.65 75.20 75.68 76.26 77.03 78.04 79.23 80.43 81.63 82.81 83.96 85.03 86.02 86.91 87.70 88.41 89.03 89.56 90.00 90.34 90.60 90.77 90.86 90.85 90.83 91.28 92.63 94.89 97.98 101.28 103.58 104.76 104.93 104.34 103.46 102.56 101.64 100.70 99.73 98.73 97.69
43.15 43.55 44.03 44.59 45.21 45.86 46.51 47.16 47.79 48.36 48.85 49.26 49.55 49.70 49.66 49.38 48.86 48.05 47.05 46.57 46.97 48.16 50.01 52.39 55.03 57.65 60.20 62.65 64.97 67.15 69.16 70.98 72.59 73.97 75.09 75.93 76.51 76.97 77.45 78.04 78.82 79.85 81.05 82.27 83.48 84.68 85.86 86.99 88.04 88.98 89.83 90.57 91.22 91.76 92.20 92.55 92.79 92.94 92.99 93.01 93.48 94.82 97.04 100.06 103.83 107.73 110.55 112.17 112.72 112.31 111.16 109.74 108.29 106.81 105.30 103.76 102.17
45.05 45.44 45.90 46.44 47.03 47.66 48.31 48.94 49.55 50.11 50.60 51.01 51.28 51.39 51.30 50.98 50.41 49.57 48.52 47.99 48.35 49.48 51.26 53.58 56.31 59.18 61.97 64.61 67.08 69.36 71.42 73.24 74.81 76.09 77.06 77.74 78.24 78.69 79.18 79.77 80.56 81.61 82.83 84.06 85.28 86.49 87.67 88.83 89.94 90.94 91.84 92.63 93.30 93.87 94.32 94.67 94.91 95.04 95.13 95.65 97.01 99.21 102.20 105.90 110.25 114.64 117.88 119.85 120.68 120.47 119.35 117.52 115.44 113.32 111.16 108.96 106.71
47.03 47.44 47.89 48.42 49.00 49.61 50.25 50.87 51.48 52.03 52.52 52.91 53.16 53.23 53.10 52.74 52.13 51.25 50.17 49.60 49.91 50.98 52.71 54.96 57.63 60.57 63.56 66.39 69.00 71.37 73.47 75.29 76.79 77.97 78.82 79.43 79.92 80.36 80.85 81.45 82.24 83.30 84.53 85.78 87.01 88.22 89.42 90.58 91.70 92.76 93.72 94.55 95.27 95.86 96.34 96.70 96.93 97.12 97.71 99.12 101.34 104.31 107.96 112.24 117.08 121.88 125.44 127.67 128.67 128.57 127.49 125.53 122.91 120.04 117.12 114.15 111.13
49.07 49.49 49.97 50.49 51.06 51.67 52.29 52.92 53.52 54.08 54.56 54.92 55.13 55.17 55.00 54.62 53.98 53.07 51.96 51.35 51.62 52.65 54.32 56.52 59.11 62.00 65.03 68.01 70.76 73.21 75.34 77.15 78.59 79.68 80.47 81.06 81.53 81.97 82.45 83.06 83.86 84.93 86.17 87.42 88.66 89.88 91.08 92.24 93.37 94.45 95.45 96.34 97.10 97.73 98.23 98.61 98.92 99.61 101.10 103.36 106.33 109.97 114.20 118.96 124.19 129.29 133.09 135.47 136.57 136.48 135.33 133.24 130.33 126.79 123.00 119.16 115.26
51.15 51.59 52.08 52.61 53.18 53.79 54.41 55.04 55.65 56.20 56.66 57.00 57.18 57.19 57.00 56.58 55.92 54.99 53.85 53.22 53.46 54.45 56.07 58.21 60.75 63.57 66.54 69.54 72.38 74.91 77.08 78.86 80.25 81.28 82.05 82.62 83.08 83.51 83.99 84.59 85.40 86.47 87.73 88.99 90.23 91.46 92.66 93.82 94.94 96.01 97.03 97.97 98.78 99.46 99.99 100.45 101.28 102.86 105.19 108.20 111.84 116.05 120.76 125.91 131.44 136.75 140.68 143.13 144.21 144.04 142.74 140.43 137.21 133.21 128.63 123.81 118.92
53.26 53.72 54.22 54.76 55.33 55.94 56.57 57.21 57.81 58.35 58.79 59.10 59.26 59.24 59.03 58.60 57.92 56.97 55.82 55.18 55.39 56.34 57.93 60.02 62.50 65.26 68.16 71.10 73.94 76.52 78.71 80.47 81.82 82.82 83.56 84.11 84.56 84.98 85.45 86.05 86.85 87.94 89.20 90.46 91.71 92.94 94.14 95.30 96.41 97.48 98.49 99.44 100.30 101.02 101.65 102.64 104.35 106.77 109.85 113.53 117.73 122.42 127.51 132.95 138.68 144.11 148.08 150.50 151.47 151.13 149.58 146.94 143.33 138.86 133.66 127.90 121.92
55.37 55.85 56.36 56.91 57.48 58.09 58.73 59.37 59.96 60.48 60.90 61.19 61.34 61.31 61.09 60.64 59.96 59.00 57.84 57.18 57.37 58.30 59.85 61.90 64.34 67.04 69.88 72.75 75.52 78.08 80.27 82.00 83.31 84.28 84.99 85.53 85.95 86.36 86.82 87.41 88.22 89.31 90.57 91.84 93.10 94.32 95.52 96.67 97.78 98.84 99.84 100.77 101.63 102.46 103.63 105.49 108.04 111.21 114.94 119.18 123.86 128.92 134.31 139.95 145.78 151.23 155.15 157.43 158.21 157.59 155.69 152.64 148.53 143.50 137.66 131.13 124.10
57.47 57.96 58.49 59.04 59.62 60.23 60.85 61.47 62.05 62.55 62.96 63.25 63.39 63.35 63.12 62.67 61.98 61.02 59.86 59.19 59.37 60.28 61.80 63.82 66.22 68.87 71.66 74.47 77.18 79.65 81.76 83.44 84.72 85.66 86.34 86.85 87.26 87.65 88.10 88.68 89.49 90.58 91.85 93.12 94.37 95.59 96.78 97.93 99.03 100.08 101.07 101.99 102.89 104.19 106.22 108.91 112.20 116.03 120.32 125.03 130.09 135.44 141.01 146.75 152.60 157.97 161.74 163.80 164.28 163.29 160.95 157.38 152.69 147.00 140.43 133.12 125.52
59.53 60.05 60.58 61.14 61.72 62.32 62.91 63.49 64.04 64.54 64.95 65.23 65.37 65.33 65.11 64.66 63.97 63.01 61.85 61.19 61.36 62.26 63.76 65.75 68.12 70.73 73.47 76.23 78.85 81.20 83.19 84.80 86.04 86.94 87.59 88.07 88.46 88.83 89.27 89.85 90.65 91.74 93.01 94.28 95.53 96.75 97.93 99.07 100.16 101.20 102.17 103.13 104.48 106.56 109.35 112.78 116.71 121.09 125.85 130.93 136.27 141.81 147.48 153.23 158.99 164.19 167.71 169.45 169.54 168.09 165.21 161.03 155.66 149.22 141.84 134.02 126.39
61.55 62.08 62.63 63.19 63.77 64.34 64.89 65.43 65.94 66.42 66.82 67.11 67.25 67.22 67.00 66.56 65.88 64.94 63.79 63.13 63.30 64.19 65.68 67.66 69.99 72.57 75.27 77.96 80.44 82.62 84.50 86.05 87.25 88.12 88.74 89.20 89.56 89.91 90.33 90.90 91.70 92.78 94.06 95.32 96.57 97.78 98.95 100.08 101.16 102.18 103.19 104.58 106.70 109.51 112.95 116.95 121.42 126.26 131.39 136.75 142.27 147.90 153.58 159.24 164.82 169.75 172.93 174.26 173.86 171.85 168.34 163.45 157.30 150.03 142.16 134.35 126.83
63.51 64.05 64.60 65.17 65.72 66.26 66.78 67.27 67.74 68.17 68.55 68.85 69.00 68.99 68.78 68.36 67.69 66.76 65.63 64.99 65.17 66.06 67.54 69.50 71.82 74.37 77.01 79.52 81.81 83.85 85.63 87.12 88.31 89.19 89.79 90.21 90.55 90.88 91.28 91.84 92.62 93.70 94.97 96.24 97.47 98.68 99.84 100.96 102.02 103.08 104.51 106.65 109.47 112.90 116.88 121.34 126.21 131.40 136.80 142.34 147.95 153.58 159.16 164.64 169.94 174.51 177.25 178.07 177.09 174.42 170.18 164.49 157.50 149.73 141.92 134.28 126.88
65.38 65.93 66.49 67.04 67.57 68.08 68.56 69.01 69.43 69.81 70.14 70.42 70.59 70.59 70.41 70.00 69.36 68.46 67.35 66.73 66.92 67.82 69.30 71.26 73.56 76.05 78.50 80.79 82.90 84.81 86.49 87.94 89.14 90.06 90.69 91.10 91.41 91.72 92.10 92.64 93.42 94.49 95.76 97.01 98.24 99.44 100.59 101.69 102.79 104.26 106.42 109.24 112.66 116.61 121.03 125.84 130.97 136.37 141.93 147.56 153.17 158.70 164.09 169.29 174.22 178.33 180.53 180.75 179.09 175.67 170.61 164.05 156.57 148.91 141.31 133.84 126.58
67.15 67.71 68.26 68.79 69.29 69.77 70.22 70.63 71.00 71.33 71.60 71.82 71.98 72.00 71.84 71.47 70.86 69.98 68.91 68.31 68.53 69.44 70.93 72.88 75.13 77.42 79.61 81.69 83.62 85.41 87.02 88.44 89.65 90.63 91.36 91.84 92.14 92.42 92.79 93.31 94.07 95.14 96.40 97.65 98.87 100.05 101.18 102.32 103.82 105.99 108.82 112.22 116.15 120.51 125.26 130.31 135.61 141.09 146.67 152.27 157.78 163.11 168.22 173.04 177.51 181.06 182.64 182.15 179.72 175.45 169.51 162.46 155.13 147.74 140.37 133.09 125.98
68.79 69.35 69.89 70.40 70.88 71.33 71.74 72.11 72.44 72.71 72.93 73.08 73.18 73.19 73.06 72.72 72.15 71.31 70.28 69.71 69.95 70.88 72.39 74.30 76.32 78.32 80.26 82.13 83.91 85.58 87.13 88.53 89.76 90.82 91.67 92.30 92.71 92.99 93.33 93.84 94.58 95.64 96.89 98.13 99.33 100.50 101.67 103.20 105.38 108.20 111.59 115.47 119.79 124.47 129.44 134.64 140.00 145.45 150.92 156.35 161.64 166.69 171.42 175.77 179.67 182.57 183.43 182.14 178.84 173.67 167.24 160.39 153.38 146.28 139.15 132.08 125.12
70.29 70.84 71.36 71.86 72.32 72.74 73.12 73.45 73.72 73.95 74.11 74.20 74.22 74.17 74.03 73.73 73.20 72.41 71.42 70.89 71.17 72.12 73.59 75.25 76.95 78.67 80.37 82.05 83.68 85.25 86.74 88.13 89.41 90.54 91.53 92.34 92.96 93.38 93.73 94.21 94.94 95.99 97.23 98.45 99.64 100.84 102.39 104.58 107.39 110.76 114.60 118.86 123.46 128.35 133.44 138.68 143.99 149.31 154.57 159.70 164.64 169.29 173.54 177.32 180.57 182.73 182.76 180.58 176.35 170.70 164.51 158.05 151.37 144.56 137.70 130.84 124.06
71.62 72.16 72.67 73.15 73.59 73.98 74.33 74.62 74.85 75.02 75.12 75.15 75.11 74.98 74.77 74.46 73.98 73.23 72.29 71.82 72.13 73.06 74.26 75.57 76.95 78.39 79.86 81.36 82.86 84.34 85.79 87.18 88.50 89.74 90.86 91.86 92.71 93.41 93.93 94.42 95.14 96.17 97.39 98.60 99.83 101.40 103.59 106.39 109.72 113.52 117.72 122.24 127.03 132.02 137.13 142.30 147.47 152.55 157.50 162.23 166.68 170.78 174.45 177.57 180.05 181.37 180.49 177.37 172.66 167.30 161.54 155.47 149.14 142.65 136.05 129.42 122.84
72.76 73.30 73.80 74.27 74.68 75.05 75.36 75.61 75.79 75.91 75.96 75.93 75.82 75.62 75.33 74.95 74.45 73.76 72.88 72.46 72.75 73.39 74.20 75.15 76.22 77.40 78.66 79.99 81.36 82.77 84.18 85.59 86.98 88.32 89.59 90.79 91.89 92.87 93.72 94.43 95.16 96.18 97.39 98.63 100.21 102.41 105.19 108.48 112.23 116.36 120.81 125.50 130.37 135.36 140.38 145.38 150.29 155.04 159.56 163.79 167.65 171.08 174.01 176.36 177.99 178.38 176.53 172.93 168.56 163.68 158.37 152.70 146.74 140.57 134.26 127.88 121.50
73.72 74.25 74.74 75.19 75.58 75.92 76.19 76.40 76.55 76.62 76.61 76.51 76.33 76.06 75.70 75.23 74.66 73.96 73.14 72.70 72.68 72.90 73.32 73.93 74.71 75.63 76.69 77.86 79.12 80.46 81.86 83.29 84.75 86.21 87.65 89.06 90.41 91.70 92.90 93.98 94.97 96.01 97.25 98.84 101.03 103.78 107.04 110.74 114.80 119.16 123.75 128.50 133.35 138.23 143.06 147.79 152.34 156.65 160.64 164.26 167.43 170.08 172.15 173.57 174.25 173.64 171.32 168.11 164.27 159.90 155.04 149.79 144.22 138.39 132.37 126.25 120.09
74.45 74.98 75.46 75.89 76.26 76.57 76.82 76.99 77.09 77.12 77.05 76.90 76.66 76.31 75.87 75.32 74.66 73.88 73.01 72.25 71.78 71.57 71.62 71.89 72.38 73.07 73.93 74.95 76.11 77.39 78.77 80.25 81.78 83.37 84.99 86.62 88.24 89.84 91.39 92.89 94.30 95.65 97.25 99.42 102.15 105.37 109.00 112.98 117.25 121.73 126.35 131.06 135.78 140.44 144.98 149.32 153.41 157.16 160.53 163.43 165.79 167.56 168.67 169.03 168.62 167.50 165.60 162.98 159.70 155.84 151.46 146.64 141.46 135.98 130.28 124.44 118.51
