data_processed/recharge/precip/Precip_2011_01.asc
ncols        168
nrows        136
xllcorner    455000
yllcorner    2107000
cellsize     500
NODATA_value     -99999
[rows 0 to 37 of 136, columns 0 to 83 of 168]
0.01 0.01 0.01 0.01 0.01 0.02 0.02 0.02 0.02 0.02 0.02 0.02 0.02 0.02 0.02 0.02 0.01 0.01 0.02 0.02 0.02 0.02 0.01 0.01 0.01 0.01 0.00 0.00 0.00 0.00 0.00 0.00 0.00 0.00 0.00 0.00 0.00 0.00 0.00 0.00 0.00 0.00 0.00 0.00 0.00 0.00 0.00 0.00 0.00 0.00 0.00 0.00 0.00 0.00 0.00 0.00 0.00 0.00 0.00 0.00 0.00 0.00 0.00 0.00 0.00 0.00 0.00 0.00 0.00 0.08 0.15 0.23 0.29 0.34 0.36 0.36 0.36 0.36 0.35 0.34 0.33 0.32 0.31 0.29
0.00 0.01 0.01 0.01 0.01 0.01 0.02 0.02 0.02 0.02 0.02 0.01 0.01 0.01 0.01 0.01 0.01 0.01 0.01 0.01 0.01 0.01 0.01 0.01 0.00 0.00 0.00 0.00 0.00 0.00 0.00 0.00 0.00 0.00 0.00 0.00 0.00 0.00 0.00 0.00 0.00 0.00 0.00 0.00 0.00 0.00 0.00 0.00 0.00 0.00 0.00 0.00 0.00 0.00 0.00 0.00 0.00 0.00 0.00 0.00 0.00 0.00 0.00 0.00 0.00 0.00 0.00 0.04 0.10 0.17 0.23 0.29 0.35 0.39 0.41 0.41 0.41 0.40 0.39 0.38 0.37 0.36 0.35 0.34
0.00 0.01 0.01 0.01 0.01 0.01 0.01 0.01 0.01 0.01 0.01 0.01 0.01 0.01 0.01 0.01 0.01 0.01 0.00 0.00 0.00 0.00 0.00 0.00 0.00 0.00 0.00 0.00 0.00 0.00 0.00 0.00 0.00 0.00 0.00 0.00 0.00 0.00 0.00 0.00 0.00 0.00 0.00 0.00 0.00 0.00 0.00 0.00 0.00 0.00 0.00 0.00 0.00 0.00 0.00 0.00 0.00 0.00 0.00 0.00 0.00 0.00 0.00 0.00 0.01 0.07 0.13 0.19 0.24 0.29 0.34 0.38 0.42 0.46 0.48 0.48 0.47 0.46 0.45 0.44 0.43 0.42 0.40 0.39
0.00 0.00 0.01 0.01 0.01 0.01 0.01 0.01 0.01 0.01 0.01 0.01 0.01 0.01 0.01 0.01 0.00 0.00 0.00 0.00 0.00 0.00 0.00 0.00 0.00 0.00 0.00 0.00 0.00 0.00 0.00 0.00 0.00 0.00 0.00 0.00 0.00 0.00 0.00 0.00 0.00 0.00 0.00 0.00 0.00 0.00 0.00 0.00 0.00 0.00 0.00 0.00 0.00 0.00 0.00 0.00 0.00 0.00 0.00 0.00 0.00 0.03 0.10 0.16 0.21 0.27 0.32 0.37 0.41 0.45 0.48 0.51 0.53 0.55 0.55 0.55 0.54 0.53 0.52 0.51 0.50 0.48 0.46 0.45
0.00 0.00 0.00 0.01 0.01 0.01 0.01 0.01 0.01 0.01 0.01 0.01 0.01 0.01 0.01 0.00 0.00 0.00 0.00 0.00 0.00 0.00 0.00 0.00 0.00 0.00 0.00 0.00 0.00 0.00 0.00 0.00 0.00 0.00 0.00 0.00 0.00 0.00 0.00 0.00 0.00 0.00 0.00 0.00 0.00 0.00 0.00 0.00 0.00 0.00 0.00 0.00 0.00 0.00 0.00 0.00 0.00 0.00 0.05 0.12 0.20 0.27 0.33 0.39 0.44 0.49 0.53 0.57 0.60 0.63 0.65 0.66 0.66 0.66 0.65 0.63 0.62 0.61 0.60 0.58 0.57 0.55 0.53 0.51
0.00 0.00 0.00 0.00 0.01 0.01 0.01 0.01 0.01 0.01 0.01 0.01 0.01 0.01 0.00 0.00 0.00 0.00 0.00 0.00 0.00 0.00 0.00 0.00 0.00 0.00 0.00 0.00 0.00 0.00 0.00 0.00 0.00 0.00 0.00 0.00 0.00 0.00 0.00 0.00 0.00 0.00 0.00 0.00 0.00 0.00 0.00 0.00 0.00 0.00 0.00 0.00 0.00 0.00 0.00 0.00 0.10 0.20 0.29 0.37 0.45 0.52 0.58 0.64 0.69 0.73 0.77 0.80 0.82 0.84 0.84 0.84 0.83 0.80 0.76 0.70 0.68 0.66 0.65 0.64 0.62 0.60 0.58 0.56
0.00 0.00 0.00 0.00 0.00 0.01 0.01 0.01 0.01 0.01 0.01 0.01 0.01 0.01 0.00 0.00 0.00 0.00 0.00 0.00 0.00 0.00 0.00 0.00 0.00 0.00 0.00 0.00 0.00 0.00 0.00 0.00 0.00 0.00 0.00 0.00 0.00 0.00 0.00 0.00 0.00 0.00 0.00 0.00 0.00 0.00 0.00 0.00 0.00 0.00 0.00 0.00 0.00 0.00 0.10 0.22 0.33 0.44 0.53 0.62 0.71 0.78 0.85 0.91 0.96 1.00 1.03 1.05 1.06 1.07 1.06 1.04 1.01 0.96 0.87 0.77 0.71 0.68 0.67 0.66 0.64 0.62 0.60 0.58
0.00 0.00 0.00 0.00 0.00 0.00 0.00 0.01 0.01 0.01 0.01 0.01 0.01 0.01 0.00 0.00 0.00 0.00 0.00 0.00 0.00 0.00 0.00 0.00 0.00 0.00 0.00 0.00 0.00 0.00 0.00 0.00 0.00 0.00 0.00 0.00 0.00 0.00 0.00 0.00 0.00 0.00 0.00 0.00 0.00 0.00 0.00 0.00 0.00 0.00 0.00 0.00 0.02 0.17 0.31 0.44 0.57 0.68 0.79 0.89 0.98 1.06 1.13 1.19 1.24 1.27 1.30 1.32 1.32 1.32 1.30 1.27 1.21 1.12 0.99 0.86 0.75 0.69 0.67 0.65 0.64 0.62 0.60 0.59
0.00 0.00 0.00 0.00 0.00 0.00 0.00 0.00 0.01 0.01 0.01 0.01 0.01 0.00 0.00 0.00 0.00 0.00 0.00 0.00 0.00 0.00 0.00 0.00 0.00 0.00 0.00 0.00 0.00 0.00 0.00 0.00 0.00 0.00 0.00 0.00 0.00 0.00 0.00 0.00 0.00 0.00 0.00 0.00 0.00 0.00 0.00 0.00 0.00 0.00 0.00 0.03 0.19 0.35 0.51 0.66 0.80 0.93 1.05 1.16 1.25 1.34 1.41 1.48 1.53 1.56 1.59 1.60 1.60 1.59 1.56 1.50 1.41 1.28 1.12 0.94 0.80 0.71 0.65 0.63 0.61 0.60 0.59 0.57
0.00 0.00 0.00 0.00 0.00 0.00 0.00 0.00 0.00 0.01 0.01 0.01 0.01 0.00 0.00 0.00 0.00 0.00 0.00 0.00 0.00 0.00 0.00 0.01 0.00 0.00 0.00 0.00 0.00 0.00 0.00 0.00 0.00 0.00 0.00 0.00 0.00 0.00 0.00 0.00 0.00 0.00 0.00 0.00 0.00 0.00 0.00 0.00 0.00 0.00 0.04 0.20 0.37 0.54 0.71 0.88 1.03 1.18 1.31 1.43 1.53 1.63 1.71 1.77 1.82 1.86 1.88 1.89 1.89 1.86 1.81 1.72 1.60 1.43 1.24 1.03 0.86 0.73 0.64 0.59 0.57 0.56 0.55 0.54
0.00 0.00 0.00 0.00 0.00 0.00 0.00 0.00 0.00 0.00 0.00 0.01 0.01 0.00 0.00 0.00 0.00 0.00 0.00 0.00 0.01 0.01 0.02 0.02 0.01 0.00 0.00 0.00 0.00 0.00 0.00 0.00 0.00 0.00 0.00 0.00 0.00 0.00 0.00 0.00 0.00 0.00 0.00 0.00 0.00 0.00 0.00 0.00 0.00 0.04 0.21 0.38 0.55 0.73 0.91 1.09 1.26 1.42 1.57 1.70 1.81 1.91 2.00 2.07 2.12 2.16 2.19 2.19 2.18 2.14 2.06 1.94 1.78 1.59 1.37 1.13 0.93 0.77 0.65 0.57 0.52 0.51 0.50 0.49
0.00 0.00 0.00 0.00 0.00 0.00 0.00 0.00 0.00 0.00 0.00 0.00 0.00 0.00 0.00 0.00 0.00 0.00 0.01 0.01 0.02 0.03 0.03 0.04 0.03 0.00 0.00 0.00 0.00 0.00 0.00 0.00 0.00 0.00 0.00 0.00 0.00 0.00 0.00 0.00 0.00 0.00 0.00 0.00 0.00 0.00 0.00 0.00 0.04 0.21 0.38 0.56 0.74 0.93 1.12 1.30 1.48 1.66 1.82 1.96 2.09 2.20 2.29 2.37 2.43 2.47 2.49 2.49 2.47 2.40 2.29 2.14 1.96 1.74 1.49 1.23 1.01 0.82 0.67 0.56 0.49 0.45 0.44 0.44
0.00 0.00 0.00 0.00 0.00 0.00 0.00 0.00 0.00 0.00 0.00 0.00 0.00 0.00 0.00 0.00 0.01 0.01 0.02 0.03 0.04 0.05 0.05 0.05 0.05 0.02 0.00 0.00 0.00 0.00 0.00 0.00 0.00 0.00 0.00 0.00 0.00 0.00 0.00 0.00 0.00 0.00 0.00 0.00 0.00 0.00 0.00 0.05 0.21 0.38 0.56 0.75 0.94 1.13 1.32 1.51 1.70 1.88 2.06 2.22 2.35 2.48 2.58 2.66 2.72 2.77 2.79 2.78 2.73 2.64 2.50 2.33 2.13 1.89 1.62 1.33 1.09 0.88 0.71 0.57 0.48 0.41 0.38 0.38
0.00 0.00 0.00 0.00 0.00 0.00 0.00 0.00 0.00 0.00 0.00 0.00 0.00 0.00 0.01 0.01 0.02 0.03 0.04 0.05 0.06 0.07 0.07 0.08 0.07 0.05 0.02 0.00 0.00 0.00 0.00 0.00 0.00 0.00 0.00 0.00 0.00 0.00 0.00 0.00 0.00 0.00 0.00 0.00 0.00 0.00 0.07 0.21 0.38 0.56 0.75 0.94 1.13 1.33 1.53 1.72 1.91 2.10 2.29 2.46 2.61 2.74 2.86 2.95 3.02 3.07 3.08 3.05 2.97 2.86 2.70 2.51 2.29 2.03 1.74 1.44 1.17 0.94 0.75 0.60 0.48 0.40 0.34 0.32
0.00 0.00 0.00 0.00 0.00 0.00 0.00 0.00 0.00 0.00 0.00 0.00 0.00 0.00 0.01 0.02 0.03 0.04 0.06 0.07 0.08 0.09 0.10 0.10 0.09 0.08 0.05 0.02 0.00 0.00 0.00 0.00 0.00 0.00 0.00 0.00 0.00 0.00 0.00 0.00 0.00 0.00 0.00 0.00 0.00 0.09 0.23 0.38 0.55 0.74 0.93 1.13 1.33 1.53 1.73 1.93 2.13 2.32 2.51 2.69 2.86 3.00 3.12 3.22 3.30 3.34 3.33 3.28 3.19 3.06 2.89 2.68 2.44 2.16 1.86 1.54 1.26 1.02 0.81 0.64 0.50 0.40 0.33 0.29
0.00 0.00 0.00 0.00 0.00 0.00 0.00 0.00 0.00 0.00 0.00 0.00 0.00 0.01 0.02 0.03 0.05 0.07 0.08 0.10 0.11 0.12 0.12 0.13 0.12 0.10 0.08 0.05 0.02 0.00 0.00 0.00 0.00 0.00 0.00 0.00 0.00 0.00 0.00 0.00 0.00 0.00 0.00 0.03 0.13 0.26 0.40 0.56 0.73 0.92 1.12 1.32 1.53 1.73 1.94 2.14 2.34 2.53 2.72 2.91 3.08 3.24 3.37 3.48 3.55 3.58 3.56 3.49 3.39 3.24 3.05 2.83 2.58 2.29 1.97 1.65 1.35 1.10 0.88 0.69 0.54 0.43 0.34 0.29
0.00 0.00 0.00 0.00 0.00 0.00 0.00 0.00 0.00 0.00 0.00 0.00 0.00 0.02 0.03 0.05 0.07 0.09 0.11 0.12 0.14 0.15 0.15 0.16 0.15 0.14 0.12 0.10 0.07 0.04 0.01 0.00 0.00 0.00 0.00 0.00 0.00 0.00 0.00 0.00 0.00 0.02 0.09 0.19 0.30 0.43 0.57 0.73 0.91 1.11 1.31 1.52 1.72 1.93 2.14 2.34 2.55 2.74 2.94 3.12 3.30 3.46 3.61 3.71 3.77 3.78 3.75 3.67 3.56 3.40 3.20 2.97 2.71 2.41 2.09 1.75 1.45 1.18 0.95 0.76 0.60 0.47 0.37 0.31
0.00 0.00 0.00 0.00 0.00 0.00 0.00 0.00 0.00 0.00 0.00 0.00 0.01 0.03 0.05 0.07 0.10 0.12 0.14 0.16 0.17 0.18 0.19 0.19 0.18 0.17 0.16 0.14 0.12 0.10 0.08 0.06 0.04 0.03 0.02 0.02 0.02 0.02 0.04 0.07 0.12 0.18 0.26 0.35 0.47 0.60 0.74 0.91 1.09 1.29 1.50 1.71 1.92 2.13 2.34 2.55 2.75 2.95 3.14 3.32 3.50 3.67 3.80 3.90 3.95 3.95 3.91 3.82 3.70 3.53 3.33 3.09 2.82 2.52 2.19 1.85 1.54 1.27 1.04 0.84 0.67 0.53 0.43 0.35
0.00 0.00 0.00 0.00 0.00 0.00 0.00 0.00 0.00 0.00 0.00 0.00 0.03 0.05 0.08 0.10 0.13 0.15 0.17 0.19 0.21 0.22 0.22 0.22 0.21 0.21 0.19 0.18 0.17 0.16 0.15 0.14 0.14 0.14 0.15 0.17 0.18 0.19 0.21 0.24 0.28 0.35 0.43 0.52 0.64 0.77 0.92 1.08 1.27 1.47 1.68 1.89 2.11 2.32 2.53 2.74 2.95 3.14 3.34 3.52 3.70 3.85 3.96 4.04 4.09 4.08 4.03 3.94 3.81 3.64 3.44 3.20 2.93 2.62 2.29 1.95 1.64 1.37 1.13 0.92 0.75 0.61 0.50 0.42
0.00 0.00 0.00 0.00 0.00 0.00 0.00 0.00 0.00 0.00 0.00 0.02 0.04 0.07 0.10 0.13 0.16 0.19 0.21 0.23 0.25 0.26 0.26 0.26 0.25 0.24 0.23 0.23 0.22 0.22 0.22 0.23 0.24 0.26 0.28 0.31 0.33 0.35 0.38 0.41 0.45 0.52 0.59 0.69 0.80 0.94 1.09 1.26 1.45 1.65 1.86 2.08 2.29 2.51 2.72 2.93 3.13 3.33 3.53 3.71 3.87 3.99 4.09 4.15 4.18 4.17 4.12 4.03 3.90 3.73 3.53 3.29 3.01 2.71 2.38 2.04 1.73 1.46 1.22 1.02 0.85 0.71 0.60 0.52
0.00 0.00 0.00 0.00 0.00 0.00 0.00 0.00 0.00 0.00 0.01 0.04 0.07 0.10 0.13 0.17 0.20 0.23 0.25 0.27 0.29 0.30 0.30 0.30 0.29 0.28 0.28 0.27 0.28 0.28 0.29 0.31 0.34 0.37 0.40 0.44 0.47 0.51 0.54 0.58 0.63 0.69 0.76 0.86 0.97 1.11 1.26 1.43 1.62 1.83 2.04 2.26 2.47 2.69 2.90 3.11 3.32 3.51 3.70 3.87 4.01 4.11 4.18 4.23 4.24 4.23 4.18 4.09 3.96 3.79 3.59 3.35 3.09 2.79 2.46 2.13 1.82 1.56 1.32 1.12 0.96 0.82 0.71 0.63
0.00 0.00 0.00 0.00 0.00 0.00 0.00 0.00 0.00 0.00 0.03 0.06 0.10 0.13 0.17 0.21 0.24 0.27 0.30 0.32 0.33 0.34 0.34 0.34 0.33 0.32 0.32 0.32 0.33 0.34 0.37 0.40 0.43 0.47 0.51 0.56 0.60 0.65 0.70 0.75 0.80 0.86 0.93 1.03 1.14 1.27 1.42 1.60 1.79 2.00 2.21 2.43 2.65 2.86 3.07 3.28 3.49 3.68 3.86 4.00 4.11 4.20 4.25 4.28 4.28 4.25 4.20 4.11 3.99 3.83 3.63 3.40 3.14 2.85 2.53 2.21 1.91 1.65 1.43 1.24 1.08 0.94 0.84 0.76
0.00 0.00 0.00 0.00 0.00 0.00 0.00 0.00 0.00 0.02 0.06 0.09 0.13 0.17 0.21 0.25 0.29 0.32 0.35 0.37 0.38 0.39 0.39 0.38 0.37 0.37 0.37 0.37 0.39 0.41 0.44 0.48 0.52 0.57 0.61 0.66 0.72 0.77 0.83 0.89 0.96 1.03 1.10 1.19 1.30 1.44 1.59 1.76 1.95 2.16 2.38 2.59 2.81 3.03 3.24 3.45 3.65 3.83 3.98 4.10 4.19 4.25 4.29 4.30 4.29 4.25 4.18 4.10 3.98 3.83 3.65 3.43 3.18 2.90 2.60 2.28 2.00 1.75 1.54 1.35 1.20 1.08 0.99 0.90
0.00 0.00 0.00 0.00 0.00 0.00 0.00 0.00 0.02 0.05 0.09 0.13 0.17 0.22 0.26 0.30 0.33 0.37 0.40 0.42 0.43 0.44 0.44 0.43 0.42 0.41 0.41 0.42 0.44 0.47 0.51 0.55 0.60 0.65 0.70 0.76 0.82 0.89 0.96 1.03 1.10 1.18 1.26 1.36 1.46 1.59 1.74 1.91 2.11 2.32 2.53 2.75 2.97 3.18 3.39 3.59 3.78 3.93 4.06 4.16 4.23 4.28 4.30 4.30 4.27 4.22 4.15 4.06 3.95 3.81 3.64 3.43 3.20 2.93 2.64 2.35 2.08 1.85 1.65 1.48 1.34 1.23 1.13 1.03
0.00 0.00 0.00 0.00 0.00 0.00 0.00 0.02 0.05 0.09 0.13 0.18 0.22 0.26 0.31 0.35 0.39 0.42 0.45 0.47 0.49 0.49 0.49 0.47 0.46 0.46 0.46 0.48 0.50 0.53 0.57 0.62 0.67 0.72 0.78 0.84 0.91 0.98 1.06 1.14 1.23 1.32 1.41 1.51 1.62 1.75 1.89 2.06 2.26 2.47 2.68 2.90 3.11 3.32 3.53 3.72 3.88 4.01 4.12 4.20 4.25 4.28 4.29 4.27 4.23 4.18 4.10 4.00 3.89 3.76 3.60 3.41 3.20 2.95 2.68 2.40 2.15 1.94 1.76 1.61 1.48 1.37 1.26 1.16
0.00 0.00 0.00 0.00 0.00 0.00 0.02 0.05 0.09 0.14 0.18 0.23 0.27 0.32 0.37 0.41 0.45 0.48 0.51 0.53 0.54 0.55 0.54 0.52 0.51 0.50 0.51 0.53 0.56 0.59 0.63 0.68 0.73 0.78 0.85 0.91 0.99 1.07 1.15 1.24 1.34 1.44 1.54 1.65 1.77 1.89 2.04 2.20 2.39 2.60 2.82 3.03 3.24 3.45 3.64 3.81 3.94 4.05 4.14 4.20 4.24 4.25 4.25 4.22 4.18 4.11 4.03 3.93 3.81 3.68 3.54 3.37 3.18 2.95 2.70 2.45 2.22 2.03 1.87 1.73 1.61 1.49 1.38 1.27
0.00 0.00 0.00 0.00 0.00 0.02 0.06 0.10 0.14 0.19 0.24 0.29 0.33 0.38 0.43 0.47 0.51 0.54 0.57 0.59 0.60 0.60 0.59 0.57 0.56 0.55 0.56 0.58 0.60 0.64 0.68 0.72 0.77 0.83 0.90 0.97 1.05 1.13 1.22 1.32 1.42 1.53 1.65 1.77 1.89 2.03 2.17 2.34 2.52 2.73 2.94 3.15 3.36 3.55 3.72 3.86 3.97 4.06 4.13 4.18 4.20 4.20 4.19 4.15 4.10 4.03 3.94 3.84 3.73 3.60 3.46 3.31 3.13 2.93 2.71 2.48 2.28 2.11 1.97 1.84 1.72 1.60 1.48 1.37
0.00 0.00 0.00 0.00 0.03 0.06 0.10 0.15 0.20 0.25 0.30 0.35 0.40 0.45 0.50 0.54 0.58 0.61 0.63 0.65 0.66 0.66 0.65 0.63 0.61 0.60 0.61 0.62 0.65 0.68 0.71 0.76 0.81 0.87 0.94 1.01 1.09 1.18 1.28 1.38 1.49 1.61 1.73 1.86 2.00 2.14 2.29 2.46 2.64 2.85 3.06 3.26 3.45 3.62 3.76 3.88 3.97 4.04 4.09 4.12 4.13 4.13 4.10 4.06 4.00 3.93 3.84 3.74 3.62 3.50 3.37 3.22 3.07 2.90 2.70 2.50 2.33 2.19 2.05 1.92 1.80 1.68 1.56 1.44
0.00 0.00 0.01 0.04 0.07 0.11 0.16 0.21 0.26 0.31 0.37 0.42 0.47 0.52 0.57 0.61 0.65 0.68 0.70 0.72 0.73 0.72 0.71 0.68 0.66 0.65 0.65 0.66 0.68 0.70 0.74 0.78 0.83 0.89 0.96 1.04 1.12 1.21 1.31 1.42 1.54 1.66 1.79 1.93 2.08 2.23 2.39 2.56 2.75 2.95 3.15 3.34 3.51 3.65 3.77 3.86 3.94 3.99 4.03 4.05 4.05 4.03 3.99 3.95 3.88 3.81 3.72 3.62 3.51 3.39 3.27 3.13 2.99 2.84 2.68 2.51 2.37 2.23 2.10 1.98 1.85 1.73 1.61 1.50
0.00 0.02 0.05 0.09 0.13 0.17 0.22 0.27 0.33 0.39 0.44 0.50 0.55 0.60 0.65 0.69 0.73 0.76 0.78 0.79 0.80 0.79 0.77 0.74 0.71 0.69 0.69 0.69 0.70 0.72 0.75 0.79 0.84 0.90 0.97 1.04 1.13 1.22 1.33 1.44 1.56 1.69 1.83 1.97 2.13 2.29 2.46 2.65 2.83 3.03 3.22 3.38 3.53 3.65 3.74 3.82 3.88 3.92 3.94 3.94 3.93 3.91 3.87 3.82 3.75 3.68 3.59 3.49 3.39 3.28 3.16 3.04 2.91 2.78 2.64 2.50 2.37 2.24 2.11 1.99 1.87 1.75 1.64 1.52
0.04 0.07 0.10 0.14 0.19 0.24 0.29 0.35 0.40 0.46 0.52 0.58 0.63 0.68 0.73 0.77 0.81 0.84 0.85 0.86 0.86 0.85 0.83 0.80 0.76 0.73 0.72 0.71 0.72 0.73 0.76 0.79 0.84 0.89 0.96 1.04 1.12 1.22 1.32 1.44 1.56 1.70 1.84 1.99 2.16 2.33 2.51 2.70 2.90 3.10 3.26 3.40 3.52 3.62 3.69 3.75 3.80 3.82 3.83 3.83 3.81 3.77 3.73 3.68 3.61 3.54 3.45 3.36 3.26 3.16 3.05 2.94 2.83 2.71 2.59 2.46 2.34 2.22 2.10 1.98 1.86 1.75 1.64 1.53
0.07 0.11 0.15 0.19 0.24 0.30 0.36 0.42 0.48 0.54 0.60 0.66 0.71 0.76 0.81 0.85 0.88 0.91 0.93 0.93 0.93 0.91 0.89 0.85 0.81 0.78 0.75 0.74 0.73 0.74 0.76 0.79 0.83 0.88 0.95 1.02 1.10 1.20 1.31 1.42 1.55 1.69 1.84 1.99 2.16 2.34 2.53 2.73 2.94 3.13 3.29 3.41 3.50 3.58 3.64 3.68 3.71 3.72 3.72 3.71 3.68 3.64 3.59 3.54 3.47 3.40 3.32 3.23 3.14 3.05 2.95 2.85 2.75 2.65 2.54 2.42 2.30 2.18 2.07 1.96 1.85 1.74 1.63 1.52
0.10 0.14 0.19 0.24 0.30 0.36 0.42 0.48 0.54 0.61 0.67 0.73 0.78 0.84 0.88 0.92 0.95 0.98 0.99 0.99 0.98 0.97 0.94 0.90 0.86 0.83 0.79 0.77 0.75 0.75 0.76 0.79 0.82 0.87 0.93 1.00 1.08 1.17 1.28 1.40 1.53 1.67 1.82 1.98 2.15 2.34 2.53 2.74 2.94 3.14 3.30 3.41 3.49 3.54 3.59 3.61 3.63 3.62 3.61 3.59 3.56 3.51 3.46 3.40 3.34 3.27 3.19 3.11 3.03 2.94 2.86 2.77 2.69 2.59 2.49 2.37 2.26 2.15 2.04 1.93 1.82 1.72 1.62 1.52
0.13 0.18 0.23 0.29 0.35 0.41 0.48 0.54 0.61 0.67 0.74 0.80 0.85 0.90 0.95 0.99 1.02 1.04 1.05 1.05 1.04 1.02 0.99 0.95 0.91 0.87 0.84 0.80 0.78 0.77 0.77 0.78 0.81 0.85 0.91 0.97 1.05 1.14 1.25 1.36 1.49 1.63 1.78 1.95 2.13 2.32 2.51 2.71 2.92 3.12 3.28 3.39 3.47 3.51 3.53 3.54 3.54 3.53 3.50 3.47 3.43 3.39 3.33 3.27 3.21 3.14 3.07 3.00 2.92 2.85 2.78 2.70 2.62 2.54 2.43 2.32 2.21 2.10 2.00 1.90 1.80 1.70 1.60 1.51
0.16 0.21 0.27 0.33 0.39 0.46 0.53 0.60 0.67 0.74 0.80 0.86 0.92 0.97 1.01 1.05 1.07 1.09 1.10 1.10 1.09 1.07 1.04 1.00 0.96 0.92 0.88 0.84 0.81 0.79 0.78 0.78 0.80 0.84 0.88 0.94 1.02 1.10 1.21 1.32 1.45 1.59 1.74 1.91 2.09 2.27 2.47 2.66 2.87 3.07 3.23 3.35 3.43 3.46 3.47 3.47 3.45 3.43 3.40 3.36 3.31 3.26 3.20 3.14 3.08 3.02 2.95 2.89 2.82 2.76 2.70 2.63 2.56 2.47 2.38 2.27 2.16 2.06 1.96 1.87 1.77 1.68 1.59 1.49
0.20 0.25 0.31 0.37 0.44 0.51 0.58 0.66 0.73 0.79 0.86 0.92 0.98 1.03 1.07 1.10 1.13 1.14 1.15 1.14 1.13 1.11 1.08 1.04 1.00 0.96 0.92 0.88 0.84 0.81 0.79 0.79 0.80 0.82 0.86 0.91 0.98 1.06 1.16 1.27 1.39 1.53 1.68 1.85 2.03 2.21 2.40 2.59 2.79 2.99 3.16 3.28 3.36 3.40 3.41 3.39 3.37 3.33 3.29 3.24 3.19 3.14 3.08 3.02 2.96 2.90 2.84 2.78 2.73 2.68 2.62 2.56 2.49 2.41 2.32 2.22 2.11 2.02 1.92 1.83 1.74 1.65 1.56 1.48
0.23 0.28 0.34 0.41 0.48 0.56 0.63 0.71 0.78 0.85 0.92 0.98 1.03 1.08 1.12 1.16 1.18 1.19 1.19 1.19 1.18 1.15 1.12 1.09 1.04 1.00 0.96 0.92 0.88 0.84 0.81 0.80 0.80 0.81 0.84 0.88 0.94 1.02 1.11 1.21 1.33 1.47 1.62 1.78 1.95 2.13 2.31 2.50 2.70 2.89 3.06 3.18 3.27 3.31 3.33 3.31 3.28 3.23 3.18 3.13 3.07 3.02 2.96 2.90 2.84 2.79 2.73 2.68 2.64 2.59 2.54 2.49 2.42 2.35 2.26 2.16 2.06 1.97 1.88 1.79 1.70 1.62 1.54 1.45
0.27 0.32 0.38 0.45 0.53 0.61 0.68 0.76 0.83 0.90 0.97 1.03 1.09 1.13 1.17 1.20 1.23 1.24 1.24 1.23 1.22 1.19 1.16 1.12 1.08 1.04 1.00 0.96 0.91 0.88 0.84 0.81 0.80 0.80 0.82 0.86 0.91 0.97 1.06 1.16 1.27 1.40 1.54 1.70 1.86 2.03 2.20 2.39 2.58 2.78 2.94 3.06 3.15 3.20 3.23 3.22 3.18 3.13 3.07 3.02 2.96 2.90 2.84 2.78 2.73 2.68 2.63 2.59 2.55 2.51 2.46 2.41 2.35 2.28 2.20 2.10 2.01 1.92 1.83 1.74 1.66 1.58 1.50 1.43
