data_processed/recharge/precip/Precip_1993_05.asc
ncols        168
nrows        136
xllcorner    455000
yllcorner    2107000
cellsize     500
NODATA_value     -99999
[rows 34 to 67 of 136, columns 0 to 76 of 168]
6.06 5.51 4.95 4.41 3.90 3.44 3.03 2.69 2.43 2.28 2.22 2.26 2.39 2.63 2.97 3.43 4.01 4.64 5.30 5.96 6.64 7.33 8.02 8.72 9.43 10.13 10.85 11.62 12.46 13.38 14.38 15.46 16.63 17.89 19.24 20.70 22.33 24.33 26.71 29.46 32.53 35.90 39.52 43.26 46.99 50.68 54.28 57.77 61.11 64.28 67.22 69.93 72.30 73.98 74.83 74.92 74.32 73.10 71.33 69.09 66.43 63.44 60.24 57.09 54.11 51.34 48.83 46.62 44.77 43.35 42.37 41.83 41.72 42.03 42.74 43.83 45.30
6.08 5.51 4.93 4.38 3.86 3.39 2.97 2.63 2.38 2.22 2.18 2.26 2.45 2.75 3.16 3.70 4.29 4.91 5.55 6.20 6.86 7.53 8.22 8.91 9.60 10.30 11.01 11.77 12.60 13.51 14.49 15.55 16.70 17.93 19.25 20.67 22.18 23.88 25.94 28.38 31.19 34.31 37.61 40.99 44.38 47.77 51.11 54.38 57.54 60.56 63.41 66.05 68.39 70.08 70.97 71.14 70.64 69.56 67.97 65.92 63.50 60.76 57.80 54.73 51.78 49.08 46.66 44.58 42.91 41.69 40.92 40.57 40.63 41.09 41.95 43.17 44.75
6.15 5.57 4.99 4.44 3.92 3.44 3.03 2.70 2.46 2.32 2.30 2.41 2.65 3.02 3.50 4.05 4.63 5.22 5.84 6.47 7.12 7.78 8.45 9.13 9.81 10.50 11.21 11.96 12.78 13.67 14.64 15.68 16.80 18.00 19.29 20.67 22.14 23.71 25.47 27.58 30.07 32.82 35.70 38.68 41.71 44.78 47.85 50.88 53.84 56.70 59.43 61.98 64.29 65.97 66.89 67.11 66.70 65.74 64.29 62.43 60.22 57.74 55.05 52.23 49.40 46.78 44.47 42.57 41.11 40.10 39.51 39.34 39.56 40.18 41.16 42.51 44.20
6.28 5.70 5.12 4.58 4.07 3.61 3.21 2.90 2.68 2.56 2.57 2.71 3.00 3.42 3.92 4.45 5.00 5.58 6.17 6.78 7.41 8.06 8.71 9.38 10.06 10.74 11.44 12.19 12.99 13.87 14.81 15.83 16.93 18.10 19.36 20.70 22.13 23.66 25.28 27.08 29.13 31.39 33.82 36.39 39.05 41.79 44.56 47.33 50.08 52.76 55.35 57.80 60.05 61.70 62.63 62.89 62.55 61.69 60.38 58.68 56.67 54.42 52.00 49.47 46.91 44.44 42.31 40.62 39.37 38.55 38.15 38.14 38.53 39.28 40.39 41.85 43.64
6.45 5.88 5.32 4.79 4.31 3.87 3.51 3.22 3.03 2.95 3.00 3.18 3.50 3.92 4.39 4.89 5.42 5.97 6.54 7.13 7.74 8.37 9.02 9.67 10.34 11.02 11.71 12.44 13.24 14.10 15.02 16.02 17.09 18.23 19.45 20.76 22.15 23.64 25.20 26.76 28.34 30.09 32.05 34.18 36.46 38.84 41.30 43.80 46.31 48.80 51.23 53.57 55.74 57.35 58.26 58.54 58.26 57.49 56.29 54.74 52.91 50.87 48.69 46.44 44.19 42.07 40.21 38.73 37.69 37.06 36.83 36.99 37.51 38.40 39.64 41.20 43.08
6.66 6.11 5.59 5.09 4.63 4.23 3.91 3.66 3.52 3.49 3.58 3.80 4.11 4.48 4.90 5.37 5.87 6.40 6.95 7.52 8.11 8.73 9.35 10.00 10.65 11.32 12.00 12.73 13.51 14.35 15.26 16.23 17.27 18.39 19.58 20.85 22.20 23.63 25.05 26.41 27.69 28.98 30.45 32.13 34.00 36.01 38.14 40.35 42.60 44.88 47.14 49.35 51.42 52.97 53.85 54.14 53.89 53.18 52.09 50.67 49.00 47.16 45.20 43.22 41.32 39.62 38.14 36.92 36.07 35.62 35.56 35.86 36.53 37.54 38.89 40.55 42.51
6.91 6.40 5.91 5.45 5.04 4.69 4.41 4.22 4.13 4.16 4.30 4.52 4.79 5.10 5.47 5.89 6.36 6.86 7.39 7.95 8.52 9.12 9.73 10.36 11.00 11.66 12.33 13.05 13.82 14.64 15.53 16.47 17.49 18.57 19.73 20.96 22.26 23.56 24.79 25.94 27.03 28.04 29.07 30.29 31.73 33.35 35.13 37.03 39.02 41.07 43.14 45.20 47.15 48.63 49.46 49.73 49.50 48.85 47.83 46.53 45.01 43.34 41.60 39.93 38.43 37.12 36.02 35.14 34.51 34.23 34.33 34.78 35.57 36.70 38.15 39.89 41.93
7.19 6.73 6.29 5.89 5.53 5.24 5.02 4.89 4.87 4.95 5.10 5.29 5.52 5.79 6.10 6.47 6.90 7.37 7.88 8.41 8.96 9.54 10.14 10.75 11.38 12.03 12.70 13.40 14.15 14.96 15.82 16.75 17.73 18.78 19.91 21.09 22.27 23.38 24.43 25.40 26.31 27.15 27.93 28.73 29.72 30.94 32.35 33.93 35.63 37.43 39.29 41.18 43.01 44.38 45.16 45.40 45.17 44.54 43.59 42.38 40.99 39.49 38.03 36.71 35.58 34.62 33.87 33.32 32.98 32.90 33.14 33.73 34.64 35.88 37.42 39.24 41.34
7.51 7.11 6.73 6.39 6.10 5.87 5.72 5.67 5.71 5.81 5.94 6.10 6.29 6.52 6.80 7.12 7.49 7.92 8.39 8.90 9.44 10.00 10.58 11.18 11.80 12.44 13.09 13.78 14.52 15.31 16.15 17.05 18.00 19.02 20.10 21.17 22.18 23.12 24.00 24.81 25.56 26.24 26.87 27.43 28.03 28.83 29.86 31.09 32.49 34.02 35.66 37.36 39.04 40.30 41.00 41.18 40.94 40.33 39.42 38.29 37.02 35.75 34.62 33.64 32.82 32.18 31.73 31.47 31.42 31.58 31.99 32.71 33.74 35.07 36.69 38.59 40.75
7.86 7.52 7.21 6.95 6.73 6.59 6.52 6.54 6.61 6.70 6.81 6.95 7.11 7.31 7.54 7.82 8.14 8.52 8.95 9.44 9.95 10.49 11.05 11.64 12.25 12.87 13.52 14.19 14.92 15.69 16.50 17.37 18.30 19.28 20.25 21.16 22.01 22.80 23.52 24.19 24.79 25.34 25.84 26.27 26.66 27.09 27.72 28.59 29.66 30.91 32.30 33.80 35.32 36.45 37.04 37.16 36.88 36.27 35.39 34.34 33.25 32.28 31.45 30.76 30.23 29.87 29.68 29.67 29.86 30.26 30.87 31.72 32.86 34.28 35.98 37.94 40.15
8.23 7.97 7.75 7.56 7.44 7.38 7.40 7.46 7.53 7.61 7.70 7.82 7.96 8.13 8.33 8.57 8.86 9.19 9.57 10.01 10.50 11.02 11.56 12.13 12.72 13.34 13.97 14.64 15.34 16.09 16.89 17.73 18.62 19.50 20.33 21.09 21.80 22.44 23.04 23.57 24.05 24.48 24.86 25.19 25.47 25.71 25.98 26.48 27.21 28.16 29.29 30.57 31.90 32.89 33.36 33.40 33.07 32.43 31.58 30.67 29.85 29.15 28.58 28.15 27.86 27.73 27.76 27.97 28.36 28.95 29.75 30.75 32.00 33.50 35.27 37.28 39.53
8.62 8.46 8.32 8.24 8.21 8.25 8.31 8.38 8.45 8.52 8.61 8.71 8.83 8.98 9.16 9.37 9.61 9.91 10.24 10.63 11.08 11.58 12.10 12.66 13.23 13.83 14.46 15.11 15.80 16.52 17.29 18.10 18.90 19.65 20.34 20.98 21.56 22.08 22.56 22.98 23.36 23.69 23.97 24.21 24.40 24.55 24.66 24.82 25.20 25.83 26.68 27.72 28.86 29.67 30.02 29.95 29.55 28.89 28.14 27.47 26.89 26.42 26.07 25.85 25.76 25.82 26.04 26.42 26.98 27.72 28.66 29.80 31.16 32.74 34.57 36.63 38.91
9.03 8.97 8.94 8.96 9.03 9.12 9.21 9.28 9.36 9.44 9.52 9.62 9.73 9.86 10.01 10.20 10.42 10.67 10.97 11.32 11.72 12.17 12.68 13.21 13.77 14.36 14.97 15.61 16.28 16.98 17.72 18.45 19.13 19.76 20.33 20.85 21.32 21.75 22.12 22.46 22.74 22.99 23.19 23.35 23.47 23.56 23.60 23.62 23.69 23.99 24.55 25.33 26.24 26.88 27.07 26.88 26.40 25.81 25.27 24.81 24.43 24.15 23.98 23.93 24.01 24.22 24.58 25.09 25.77 26.63 27.67 28.90 30.34 32.00 33.87 35.97 38.27
9.45 9.50 9.59 9.72 9.86 9.98 10.08 10.18 10.26 10.35 10.43 10.53 10.63 10.75 10.89 11.06 11.25 11.48 11.75 12.06 12.41 12.82 13.29 13.80 14.34 14.92 15.51 16.13 16.79 17.46 18.13 18.75 19.32 19.84 20.32 20.74 21.12 21.46 21.76 22.01 22.23 22.40 22.54 22.65 22.72 22.75 22.76 22.74 22.69 22.70 22.94 23.45 24.13 24.56 24.58 24.27 23.82 23.40 23.04 22.74 22.53 22.40 22.37 22.45 22.65 22.97 23.43 24.04 24.80 25.73 26.83 28.12 29.60 31.29 33.19 35.31 37.63
9.89 10.06 10.26 10.47 10.64 10.80 10.93 11.04 11.15 11.24 11.34 11.44 11.54 11.66 11.79 11.94 12.12 12.32 12.56 12.84 13.16 13.53 13.94 14.42 14.94 15.50 16.08 16.69 17.32 17.93 18.50 19.03 19.50 19.94 20.33 20.68 20.98 21.25 21.49 21.68 21.84 21.97 22.06 22.13 22.16 22.17 22.15 22.10 22.04 21.95 21.93 22.14 22.57 22.78 22.63 22.31 22.00 21.72 21.50 21.34 21.24 21.22 21.29 21.46 21.74 22.14 22.66 23.32 24.12 25.08 26.21 27.51 28.99 30.68 32.56 34.66 36.97
10.33 10.63 10.91 11.17 11.38 11.57 11.74 11.88 12.01 12.12 12.23 12.34 12.45 12.57 12.69 12.84 13.00 13.19 13.41 13.66 13.95 14.28 14.66 15.09 15.58 16.11 16.68 17.27 17.84 18.37 18.86 19.30 19.70 20.07 20.39 20.68 20.93 21.15 21.34 21.49 21.61 21.71 21.78 21.82 21.84 21.83 21.80 21.75 21.69 21.60 21.50 21.48 21.63 21.63 21.43 21.21 21.01 20.85 20.72 20.65 20.63 20.68 20.81 21.03 21.35 21.78 22.32 22.99 23.80 24.75 25.86 27.13 28.58 30.21 32.04 34.07 36.32
10.76 11.15 11.50 11.80 12.07 12.30 12.50 12.68 12.84 12.98 13.11 13.23 13.35 13.47 13.60 13.74 13.90 14.08 14.28 14.51 14.77 15.08 15.42 15.81 16.26 16.76 17.30 17.84 18.34 18.80 19.22 19.60 19.95 20.26 20.53 20.78 20.99 21.18 21.34 21.47 21.57 21.65 21.71 21.75 21.77 21.76 21.75 21.71 21.66 21.60 21.53 21.45 21.40 21.30 21.17 21.04 20.92 20.82 20.76 20.73 20.75 20.84 20.99 21.22 21.53 21.95 22.47 23.11 23.88 24.79 25.84 27.04 28.41 29.96 31.69 33.61 35.74
11.15 11.61 12.01 12.37 12.69 12.97 13.21 13.43 13.62 13.79 13.94 14.08 14.22 14.35 14.49 14.63 14.78 14.95 15.14 15.36 15.60 15.88 16.20 16.55 16.96 17.42 17.91 18.38 18.82 19.22 19.59 19.92 20.23 20.50 20.74 20.96 21.15 21.32 21.46 21.58 21.68 21.76 21.82 21.87 21.90 21.92 21.92 21.92 21.90 21.88 21.85 21.81 21.76 21.71 21.65 21.58 21.51 21.46 21.42 21.41 21.45 21.53 21.68 21.89 22.18 22.56 23.03 23.62 24.32 25.15 26.11 27.22 28.49 29.92 31.52 33.31 35.30
11.50 11.98 12.44 12.86 13.23 13.56 13.85 14.10 14.33 14.53 14.71 14.87 15.02 15.17 15.31 15.46 15.61 15.77 15.95 16.15 16.38 16.63 16.92 17.24 17.61 18.02 18.45 18.87 19.25 19.60 19.92 20.22 20.48 20.73 20.94 21.14 21.31 21.47 21.60 21.72 21.82 21.91 21.99 22.05 22.10 22.15 22.18 22.21 22.24 22.26 22.28 22.28 22.27 22.26 22.26 22.25 22.23 22.21 22.21 22.22 22.27 22.35 22.49 22.68 22.94 23.28 23.71 24.24 24.87 25.62 26.50 27.51 28.67 29.99 31.47 33.13 34.96
11.82 12.31 12.80 13.27 13.70 14.07 14.41 14.70 14.96 15.19 15.40 15.58 15.75 15.91 16.06 16.21 16.37 16.53 16.70 16.88 17.09 17.32 17.58 17.87 18.19 18.54 18.91 19.28 19.62 19.93 20.21 20.47 20.71 20.93 21.12 21.30 21.47 21.62 21.75 21.87 21.98 22.09 22.18 22.26 22.34 22.42 22.49 22.56 22.64 22.71 22.77 22.81 22.83 22.85 22.88 22.93 22.96 22.99 23.02 23.06 23.12 23.21 23.34 23.52 23.76 24.06 24.45 24.92 25.49 26.17 26.97 27.89 28.95 30.15 31.51 33.03 34.62
12.12 12.62 13.12 13.62 14.09 14.51 14.89 15.23 15.52 15.79 16.02 16.23 16.42 16.59 16.75 16.91 17.06 17.21 17.38 17.55 17.74 17.94 18.18 18.43 18.70 18.99 19.32 19.64 19.93 20.21 20.46 20.69 20.91 21.11 21.29 21.46 21.62 21.77 21.91 22.04 22.17 22.29 22.40 22.52 22.63 22.75 22.86 22.98 23.11 23.22 23.31 23.38 23.43 23.48 23.54 23.61 23.70 23.78 23.84 23.91 23.99 24.09 24.22 24.39 24.61 24.89 25.23 25.66 26.17 26.78 27.49 28.33 29.29 30.38 31.62 32.91 34.15
12.40 12.90 13.41 13.91 14.41 14.88 15.31 15.68 16.02 16.31 16.58 16.81 17.02 17.20 17.38 17.54 17.69 17.84 17.99 18.15 18.33 18.51 18.71 18.91 19.13 19.38 19.65 19.93 20.20 20.45 20.68 20.89 21.08 21.27 21.45 21.61 21.78 21.93 22.08 22.23 22.38 22.52 22.67 22.82 22.97 23.13 23.30 23.47 23.64 23.78 23.91 24.00 24.08 24.15 24.23 24.33 24.44 24.56 24.67 24.77 24.87 24.99 25.12 25.28 25.49 25.74 26.05 26.43 26.89 27.43 28.08 28.83 29.69 30.68 31.70 32.66 33.56
12.65 13.16 13.68 14.19 14.69 15.19 15.65 16.07 16.45 16.78 17.07 17.32 17.55 17.75 17.94 18.10 18.26 18.41 18.56 18.70 18.86 19.01 19.16 19.32 19.50 19.70 19.94 20.18 20.42 20.64 20.86 21.06 21.24 21.42 21.60 21.77 21.94 22.11 22.28 22.45 22.62 22.80 22.98 23.17 23.37 23.58 23.80 24.02 24.21 24.39 24.54 24.66 24.77 24.86 24.97 25.08 25.20 25.34 25.49 25.63 25.76 25.89 26.03 26.19 26.38 26.61 26.89 27.23 27.64 28.13 28.70 29.37 30.14 30.93 31.64 32.27 32.84
12.88 13.40 13.92 14.44 14.95 15.45 15.94 16.40 16.81 17.17 17.49 17.78 18.03 18.25 18.44 18.61 18.77 18.92 19.06 19.20 19.32 19.44 19.55 19.67 19.81 19.97 20.17 20.38 20.59 20.80 21.01 21.20 21.39 21.57 21.75 21.93 22.12 22.30 22.49 22.69 22.90 23.11 23.34 23.58 23.83 24.09 24.36 24.60 24.83 25.03 25.21 25.36 25.49 25.60 25.72 25.85 25.99 26.13 26.30 26.47 26.63 26.78 26.94 27.10 27.28 27.50 27.75 28.05 28.42 28.85 29.35 29.94 30.53 31.03 31.43 31.75 32.01
13.09 13.62 14.14 14.67 15.18 15.69 16.19 16.66 17.11 17.51 17.86 18.17 18.44 18.68 18.88 19.07 19.23 19.38 19.51 19.62 19.72 19.80 19.87 19.96 20.06 20.19 20.36 20.54 20.73 20.93 21.13 21.33 21.53 21.72 21.91 22.11 22.31 22.52 22.74 22.98 23.22 23.48 23.76 24.05 24.35 24.66 24.96 25.23 25.48 25.70 25.91 26.08 26.23 26.37 26.51 26.65 26.79 26.95 27.11 27.29 27.48 27.66 27.83 28.00 28.18 28.38 28.61 28.88 29.20 29.58 30.02 30.45 30.76 30.96 31.07 31.11 31.10
13.27 13.81 14.34 14.87 15.40 15.91 16.41 16.89 17.36 17.79 18.17 18.51 18.80 19.05 19.28 19.47 19.63 19.78 19.89 19.98 20.04 20.09 20.14 20.19 20.27 20.37 20.50 20.66 20.84 21.03 21.23 21.44 21.65 21.87 22.08 22.30 22.53 22.77 23.03 23.30 23.59 23.90 24.23 24.58 24.93 25.27 25.59 25.88 26.16 26.41 26.63 26.83 27.00 27.16 27.31 27.46 27.61 27.77 27.94 28.12 28.31 28.51 28.70 28.88 29.06 29.26 29.47 29.71 29.99 30.31 30.61 30.77 30.81 30.74 30.58 30.36 30.10
13.44 13.98 14.52 15.06 15.58 16.10 16.61 17.09 17.56 18.01 18.42 18.79 19.10 19.38 19.61 19.81 19.98 20.12 20.21 20.27 20.30 20.33 20.35 20.38 20.43 20.51 20.62 20.76 20.92 21.11 21.31 21.53 21.77 22.01 22.26 22.51 22.78 23.06 23.35 23.67 24.02 24.38 24.77 25.16 25.54 25.90 26.24 26.56 26.86 27.13 27.38 27.59 27.79 27.96 28.13 28.29 28.45 28.61 28.77 28.94 29.13 29.33 29.54 29.73 29.92 30.11 30.31 30.52 30.76 30.96 31.01 30.91 30.69 30.38 29.98 29.52 29.03
13.58 14.13 14.67 15.22 15.75 16.27 16.78 17.27 17.75 18.20 18.63 19.02 19.36 19.65 19.90 20.11 20.27 20.39 20.45 20.49 20.51 20.51 20.51 20.52 20.55 20.61 20.70 20.83 20.99 21.17 21.39 21.62 21.88 22.15 22.44 22.74 23.06 23.38 23.73 24.10 24.50 24.92 25.36 25.78 26.18 26.56 26.92 27.26 27.58 27.87 28.13 28.37 28.58 28.77 28.95 29.12 29.28 29.45 29.61 29.77 29.95 30.13 30.33 30.54 30.74 30.93 31.11 31.30 31.43 31.40 31.20 30.87 30.43 29.89 29.28 28.61 27.92
13.70 14.25 14.81 15.35 15.89 16.42 16.93 17.43 17.91 18.36 18.79 19.20 19.56 19.87 20.14 20.35 20.49 20.59 20.64 20.66 20.66 20.65 20.63 20.63 20.64 20.68 20.76 20.88 21.04 21.23 21.46 21.71 22.00 22.31 22.64 22.99 23.36 23.75 24.15 24.58 25.04 25.51 25.97 26.41 26.83 27.24 27.62 27.98 28.31 28.62 28.90 29.16 29.39 29.59 29.78 29.96 30.12 30.28 30.44 30.60 30.76 30.93 31.11 31.31 31.51 31.70 31.88 31.97 31.88 31.63 31.22 30.68 30.03 29.29 28.49 27.64 26.76
13.79 14.35 14.91 15.47 16.01 16.54 17.06 17.56 18.05 18.51 18.94 19.34 19.72 20.05 20.32 20.51 20.65 20.73 20.77 20.78 20.77 20.74 20.72 20.70 20.70 20.73 20.80 20.91 21.07 21.28 21.52 21.81 22.12 22.47 22.86 23.26 23.70 24.15 24.63 25.12 25.63 26.12 26.60 27.06 27.50 27.92 28.32 28.70 29.05 29.38 29.68 29.95 30.19 30.41 30.61 30.79 30.95 31.11 31.26 31.41 31.56 31.71 31.87 32.04 32.23 32.41 32.50 32.41 32.12 31.66 31.06 30.33 29.50 28.59 27.62 26.61 25.59
13.87 14.44 15.00 15.56 16.11 16.65 17.17 17.68 18.16 18.62 19.06 19.47 19.84 20.17 20.42 20.61 20.74 20.81 20.85 20.85 20.83 20.80 20.77 20.74 20.74 20.76 20.82 20.94 21.11 21.33 21.60 21.91 22.27 22.66 23.10 23.56 24.06 24.59 25.15 25.70 26.23 26.75 27.24 27.72 28.18 28.62 29.04 29.43 29.80 30.14 30.45 30.74 30.99 31.22 31.43 31.61 31.78 31.93 32.07 32.21 32.34 32.48 32.62 32.76 32.91 32.99 32.90 32.61 32.15 31.52 30.75 29.86 28.87 27.81 26.70 25.55 24.40
13.92 14.49 15.07 15.63 16.19 16.73 17.25 17.76 18.25 18.72 19.16 19.57 19.93 20.23 20.47 20.65 20.78 20.85 20.88 20.88 20.86 20.82 20.79 20.76 20.76 20.78 20.84 20.96 21.14 21.38 21.68 22.03 22.43 22.87 23.36 23.90 24.47 25.08 25.69 26.29 26.85 27.38 27.90 28.39 28.87 29.32 29.75 30.16 30.54 30.90 31.22 31.52 31.79 32.02 32.23 32.42 32.58 32.73 32.87 32.99 33.11 33.22 33.33 33.44 33.48 33.36 33.06 32.61 31.98 31.20 30.29 29.26 28.15 26.96 25.73 24.47 23.21
13.95 14.53 15.11 15.68 16.24 16.79 17.32 17.83 18.32 18.79 19.23 19.62 19.96 20.24 20.47 20.64 20.77 20.84 20.87 20.87 20.85 20.82 20.79 20.77 20.76 20.79 20.86 20.99 21.19 21.45 21.78 22.17 22.61 23.11 23.67 24.27 24.92 25.58 26.23 26.86 27.46 28.02 28.55 29.06 29.55 30.02 30.46 30.88 31.28 31.64 31.98 32.29 32.57 32.81 33.02 33.21 33.37 33.51 33.63 33.74 33.84 33.93 34.01 34.02 33.85 33.52 33.03 32.40 31.64 30.73 29.70 28.56 27.34 26.05 24.73 23.39 22.05
13.96 14.55 15.13 15.71 16.27 16.82 17.36 17.87 18.37 18.84 19.26 19.63 19.95 20.21 20.42 20.59 20.71 20.79 20.83 20.84 20.82 20.80 20.77 20.76 20.76 20.80 20.87 21.02 21.24 21.53 21.90 22.33 22.83 23.39 24.01 24.68 25.38 26.08 26.75 27.41 28.04 28.64 29.20 29.73 30.23 30.71 31.16 31.59 32.00 32.38 32.72 33.04 33.33 33.58 33.79 33.98 34.13 34.26 34.37 34.47 34.54 34.61 34.58 34.39 34.03 33.50 32.84 32.04 31.13 30.12 28.99 27.77 26.46 25.10 23.71 22.31 20.91
