data_processed/recharge/precip/Precip_1986_05.asc
ncols        168
nrows        136
xllcorner    455000
yllcorner    2107000
cellsize     500
NODATA_value     -99999
[rows 66 to 98 of 136, columns 75 to 149 of 168]
33.93 32.62 31.43 30.36 29.44 28.65 28.00 27.50 27.17 26.99 26.98 27.14 27.48 27.93 28.48 29.12 29.84 30.67 31.58 32.60 33.72 34.93 36.25 37.68 39.20 40.77 42.38 44.01 45.67 47.38 49.12 50.91 52.74 54.62 56.56 58.55 60.60 62.71 64.89 67.14 69.46 71.85 74.33 76.88 79.52 82.21 84.88 87.53 90.15 92.73 95.27 97.75 100.18 102.54 104.83 107.04 109.17 111.21 113.14 114.98 116.70 118.31 119.79 121.14 122.35 123.43 124.42 125.33 126.16 126.92 127.61 128.22 128.76 129.23 129.63
32.64 31.30 30.09 29.00 28.04 27.23 26.55 26.03 25.66 25.46 25.42 25.55 25.86 26.35 26.96 27.67 28.48 29.38 30.38 31.48 32.68 33.98 35.40 36.90 38.46 40.05 41.66 43.31 44.98 46.70 48.45 50.25 52.10 54.00 55.95 57.95 60.02 62.15 64.34 66.61 68.94 71.36 73.85 76.43 79.09 81.80 84.49 87.17 89.82 92.42 94.99 97.51 99.97 102.37 104.70 106.95 109.12 111.20 113.19 115.07 116.85 118.51 120.04 121.45 122.72 123.85 124.84 125.74 126.56 127.31 127.98 128.57 129.09 129.54 129.92
31.43 30.07 28.84 27.73 26.75 25.91 25.22 24.68 24.29 24.06 24.00 24.11 24.40 24.87 25.52 26.31 27.19 28.17 29.26 30.45 31.74 33.14 34.63 36.18 37.75 39.34 40.97 42.62 44.31 46.03 47.80 49.61 51.47 53.38 55.34 57.36 59.44 61.59 63.80 66.08 68.43 70.87 73.38 75.97 78.65 81.38 84.10 86.80 89.47 92.11 94.70 97.25 99.75 102.18 104.55 106.85 109.06 111.18 113.22 115.15 116.97 118.68 120.27 121.73 123.06 124.25 125.29 126.20 127.01 127.73 128.39 128.96 129.46 129.89 130.24
30.30 28.93 27.68 26.56 25.57 24.72 24.01 23.46 23.05 22.81 22.73 22.82 23.10 23.55 24.20 25.03 25.99 27.06 28.24 29.52 30.91 32.39 33.92 35.48 37.06 38.66 40.29 41.95 43.65 45.38 47.16 48.98 50.85 52.77 54.75 56.78 58.88 61.03 63.26 65.56 67.93 70.38 72.90 75.51 78.21 80.96 83.70 86.42 89.12 91.78 94.41 96.99 99.52 101.99 104.39 106.72 108.98 111.15 113.22 115.20 117.08 118.84 120.48 122.00 123.38 124.63 125.73 126.69 127.50 128.21 128.84 129.39 129.87 130.27 130.58
29.26 27.89 26.64 25.51 24.52 23.66 22.94 22.38 21.96 21.71 21.63 21.71 21.97 22.42 23.05 23.88 24.90 26.06 27.33 28.70 30.18 31.70 33.24 34.80 36.39 37.99 39.63 41.30 43.01 44.75 46.54 48.37 50.25 52.18 54.17 56.21 58.32 60.49 62.73 65.04 67.42 69.89 72.43 75.06 77.77 80.54 83.30 86.04 88.76 91.45 94.11 96.72 99.28 101.78 104.22 106.59 108.88 111.09 113.21 115.24 117.16 118.97 120.67 122.24 123.68 124.98 126.15 127.16 128.02 128.73 129.34 129.87 130.32 130.69 130.94
28.33 26.96 25.71 24.58 23.59 22.73 22.01 21.45 21.03 20.78 20.69 20.77 21.03 21.48 22.11 22.93 23.95 25.17 26.54 28.00 29.52 31.04 32.59 34.15 35.74 37.35 39.00 40.67 42.38 44.14 45.93 47.77 49.66 51.60 53.60 55.65 57.77 59.95 62.20 64.53 66.93 69.40 71.96 74.60 77.33 80.11 82.89 85.66 88.40 91.11 93.79 96.43 99.02 101.56 104.04 106.44 108.77 111.03 113.19 115.26 117.23 119.09 120.83 122.46 123.95 125.31 126.54 127.61 128.53 129.29 129.90 130.40 130.82 131.11 131.29
27.51 26.14 24.90 23.78 22.80 21.95 21.24 20.68 20.27 20.02 19.94 20.02 20.29 20.73 21.37 22.19 23.22 24.45 25.87 27.37 28.88 30.41 31.96 33.53 35.12 36.74 38.38 40.06 41.78 43.54 45.34 47.19 49.08 51.03 53.04 55.10 57.23 59.43 61.69 64.02 66.43 68.92 71.49 74.15 76.89 79.69 82.49 85.27 88.04 90.77 93.48 96.15 98.77 101.33 103.84 106.28 108.65 110.94 113.15 115.26 117.28 119.18 120.98 122.65 124.20 125.62 126.90 128.03 129.02 129.84 130.49 130.98 131.33 131.54 131.64
26.80 25.45 24.23 23.12 22.15 21.32 20.62 20.07 19.68 19.44 19.37 19.47 19.75 20.20 20.85 21.68 22.72 23.94 25.31 26.77 28.28 29.81 31.36 32.93 34.52 36.14 37.79 39.48 41.20 42.96 44.77 46.62 48.53 50.48 52.50 54.57 56.71 58.91 61.18 63.53 65.95 68.45 71.03 73.70 76.46 79.27 82.08 84.89 87.67 90.43 93.16 95.85 98.50 101.10 103.64 106.12 108.52 110.85 113.10 115.25 117.31 119.26 121.11 122.83 124.44 125.91 127.24 128.43 129.48 130.36 131.07 131.56 131.85 131.98 132.00
26.22 24.90 23.70 22.61 21.66 20.85 20.17 19.65 19.27 19.06 19.00 19.12 19.41 19.89 20.55 21.40 22.44 23.60 24.87 26.24 27.72 29.24 30.79 32.36 33.96 35.58 37.23 38.92 40.65 42.41 44.22 46.08 47.99 49.95 51.97 54.05 56.20 58.41 60.69 63.04 65.48 67.99 70.58 73.26 76.03 78.86 81.68 84.50 87.31 90.09 92.84 95.56 98.23 100.86 103.43 105.94 108.38 110.75 113.03 115.23 117.33 119.33 121.22 123.00 124.65 126.17 127.56 128.81 129.91 130.85 131.57 132.07 132.35 132.43 132.38
25.78 24.49 23.32 22.26 21.34 20.55 19.91 19.41 19.06 18.87 18.84 18.98 19.30 19.80 20.48 21.35 22.33 23.40 24.57 25.84 27.23 28.71 30.26 31.82 33.42 35.04 36.70 38.39 40.11 41.88 43.70 45.56 47.47 49.44 51.47 53.55 55.70 57.92 60.21 62.57 65.01 67.53 70.14 72.83 75.61 78.44 81.29 84.12 86.94 89.74 92.52 95.26 97.96 100.62 103.22 105.76 108.24 110.64 112.96 115.20 117.34 119.38 121.32 123.14 124.85 126.42 127.87 129.17 130.31 131.26 131.98 132.49 132.79 132.87 132.77
25.49 24.23 23.09 22.08 21.19 20.44 19.83 19.36 19.05 18.89 18.89 19.07 19.42 19.95 20.65 21.46 22.36 23.34 24.41 25.58 26.86 28.25 29.76 31.32 32.91 34.53 36.19 37.88 39.61 41.38 43.19 45.06 46.98 48.95 50.98 53.07 55.22 57.45 59.74 62.11 64.56 67.09 69.70 72.40 75.19 78.04 80.89 83.74 86.58 89.40 92.20 94.96 97.69 100.37 103.00 105.57 108.08 110.52 112.88 115.15 117.34 119.42 121.40 123.27 125.03 126.65 128.15 129.49 130.64 131.58 132.31 132.83 133.14 133.25 133.15
25.35 24.14 23.04 22.07 21.22 20.51 19.94 19.52 19.24 19.13 19.17 19.39 19.77 20.33 20.98 21.71 22.52 23.40 24.38 25.45 26.63 27.92 29.33 30.85 32.44 34.06 35.71 37.40 39.13 40.90 42.72 44.58 46.50 48.48 50.51 52.60 54.76 56.99 59.29 61.67 64.12 66.66 69.28 71.99 74.78 77.64 80.51 83.37 86.23 89.06 91.88 94.66 97.41 100.12 102.78 105.38 107.92 110.39 112.79 115.10 117.32 119.45 121.48 123.39 125.19 126.87 128.40 129.74 130.88 131.81 132.54 133.07 133.40 133.54 133.48
25.38 24.22 23.17 22.25 21.45 20.79 20.26 19.89 19.66 19.59 19.68 19.94 20.36 20.87 21.45 22.09 22.81 23.60 24.48 25.46 26.54 27.73 29.03 30.46 32.00 33.61 35.27 36.95 38.68 40.45 42.27 44.13 46.05 48.03 50.06 52.16 54.32 56.56 58.86 61.24 63.70 66.24 68.87 71.58 74.39 77.25 80.13 83.01 85.87 88.73 91.56 94.37 97.14 99.87 102.56 105.19 107.76 110.26 112.69 115.04 117.30 119.47 121.54 123.50 125.34 127.05 128.58 129.90 131.03 131.96 132.69 133.24 133.58 133.74 133.71
25.58 24.47 23.48 22.61 21.87 21.27 20.80 20.48 20.31 20.29 20.43 20.73 21.12 21.55 22.04 22.60 23.23 23.93 24.72 25.60 26.58 27.67 28.87 30.19 31.64 33.21 34.85 36.54 38.26 40.03 41.85 43.71 45.63 47.61 49.64 51.74 53.90 56.14 58.45 60.83 63.29 65.84 68.47 71.19 74.00 76.88 79.76 82.65 85.53 88.40 91.25 94.08 96.87 99.63 102.34 104.99 107.59 110.13 112.59 114.97 117.27 119.48 121.59 123.59 125.47 127.16 128.67 129.97 131.09 132.02 132.76 133.31 133.68 133.86 133.87
25.96 24.92 23.99 23.19 22.51 21.97 21.56 21.30 21.19 21.23 21.42 21.69 22.00 22.36 22.77 23.24 23.78 24.40 25.10 25.88 26.77 27.75 28.85 30.06 31.40 32.88 34.48 36.15 37.87 39.64 41.45 43.32 45.23 47.21 49.24 51.34 53.51 55.74 58.05 60.44 62.90 65.45 68.09 70.81 73.63 76.51 79.40 82.30 85.20 88.08 90.95 93.79 96.60 99.38 102.12 104.80 107.43 109.99 112.49 114.91 117.24 119.49 121.64 123.66 125.52 127.18 128.66 129.96 131.06 131.99 132.73 133.30 133.69 133.90 133.94
26.53 25.56 24.70 23.97 23.36 22.89 22.55 22.36 22.32 22.41 22.58 22.78 23.01 23.29 23.62 24.01 24.47 24.99 25.60 26.30 27.08 27.97 28.97 30.08 31.31 32.68 34.18 35.81 37.52 39.28 41.09 42.95 44.87 46.84 48.87 50.97 53.13 55.37 57.68 60.07 62.54 65.09 67.72 70.45 73.27 76.16 79.06 81.97 84.87 87.77 90.65 93.51 96.34 99.14 101.90 104.61 107.26 109.86 112.38 114.83 117.20 119.49 121.65 123.66 125.48 127.11 128.57 129.85 130.95 131.87 132.62 133.20 133.61 133.85 133.92
27.30 26.41 25.63 24.97 24.44 24.04 23.78 23.67 23.68 23.76 23.86 23.99 24.15 24.35 24.60 24.91 25.28 25.72 26.24 26.84 27.54 28.33 29.22 30.23 31.36 32.62 34.01 35.54 37.20 38.96 40.76 42.62 44.53 46.50 48.53 50.62 52.79 55.02 57.33 59.72 62.19 64.74 67.38 70.11 72.93 75.82 78.73 81.64 84.56 87.46 90.36 93.24 96.09 98.91 101.68 104.42 107.10 109.72 112.28 114.76 117.16 119.46 121.60 123.56 125.34 126.95 128.39 129.65 130.74 131.67 132.43 133.02 133.45 133.72 133.82
28.28 27.47 26.78 26.21 25.76 25.44 25.27 25.21 25.22 25.23 25.26 25.32 25.41 25.54 25.71 25.94 26.23 26.58 27.01 27.52 28.12 28.82 29.62 30.53 31.55 32.70 33.98 35.40 36.96 38.67 40.46 42.31 44.22 46.19 48.21 50.30 52.47 54.70 57.01 59.39 61.86 64.41 67.05 69.78 72.61 75.50 78.41 81.33 84.25 87.17 90.08 92.97 95.84 98.68 101.48 104.23 106.94 109.59 112.17 114.68 117.10 119.36 121.45 123.37 125.12 126.70 128.11 129.36 130.45 131.38 132.14 132.75 133.20 133.50 133.64
29.47 28.76 28.16 27.68 27.32 27.10 26.99 26.93 26.87 26.82 26.79 26.78 26.80 26.85 26.95 27.10 27.30 27.57 27.92 28.34 28.85 29.45 30.15 30.96 31.88 32.92 34.10 35.41 36.86 38.46 40.21 42.05 43.95 45.91 47.93 50.02 52.17 54.40 56.71 59.09 61.56 64.11 66.75 69.48 72.30 75.20 78.11 81.04 83.97 86.90 89.82 92.72 95.60 98.46 101.28 104.05 106.78 109.46 112.07 114.59 116.96 119.17 121.21 123.09 124.80 126.36 127.75 128.99 130.07 130.99 131.77 132.39 132.87 133.19 133.37
30.89 30.28 29.78 29.39 29.14 28.99 28.88 28.76 28.65 28.54 28.44 28.36 28.31 28.29 28.31 28.38 28.51 28.70 28.95 29.29 29.70 30.21 30.82 31.53 32.35 33.29 34.36 35.56 36.90 38.38 40.02 41.82 43.71 45.66 47.67 49.76 51.91 54.13 56.43 58.81 61.28 63.83 66.46 69.19 72.02 74.91 77.83 80.76 83.69 86.63 89.56 92.48 95.38 98.25 101.08 103.88 106.63 109.33 111.95 114.42 116.73 118.89 120.88 122.72 124.40 125.92 127.30 128.52 129.60 130.53 131.31 131.95 132.45 132.80 133.02
32.55 32.04 31.64 31.37 31.19 31.05 30.89 30.72 30.54 30.37 30.21 30.07 29.94 29.86 29.80 29.80 29.84 29.95 30.12 30.37 30.70 31.11 31.62 32.24 32.96 33.80 34.76 35.85 37.08 38.45 39.98 41.66 43.50 45.45 47.45 49.53 51.67 53.89 56.19 58.57 61.02 63.57 66.20 68.93 71.75 74.65 77.56 80.50 83.44 86.38 89.32 92.25 95.16 98.05 100.90 103.72 106.49 109.19 111.75 114.16 116.41 118.51 120.45 122.25 123.90 125.40 126.76 127.97 129.04 129.97 130.76 131.42 131.94 132.33 132.58
34.45 34.05 33.77 33.58 33.42 33.23 33.02 32.79 32.56 32.33 32.10 31.89 31.71 31.55 31.42 31.34 31.31 31.33 31.42 31.58 31.82 32.15 32.57 33.08 33.71 34.44 35.30 36.29 37.41 38.67 40.08 41.65 43.38 45.27 47.27 49.34 51.47 53.69 55.98 58.34 60.80 63.34 65.97 68.69 71.51 74.40 77.32 80.26 83.20 86.15 89.10 92.04 94.96 97.86 100.73 103.57 106.33 108.97 111.46 113.80 115.99 118.04 119.94 121.69 123.31 124.79 126.12 127.33 128.39 129.33 130.13 130.81 131.35 131.77 132.06
36.61 36.33 36.14 35.97 35.76 35.52 35.26 34.98 34.69 34.40 34.12 33.84 33.59 33.36 33.17 33.01 32.90 32.85 32.86 32.93 33.08 33.32 33.64 34.07 34.59 35.23 35.98 36.86 37.88 39.03 40.33 41.78 43.40 45.18 47.12 49.18 51.31 53.51 55.79 58.15 60.60 63.14 65.76 68.48 71.30 74.18 77.10 80.04 82.99 85.94 88.89 91.84 94.77 97.69 100.57 103.40 106.10 108.66 111.08 113.35 115.48 117.47 119.33 121.04 122.63 124.08 125.40 126.59 127.66 128.60 129.41 130.10 130.68 131.13 131.46
39.02 38.85 38.68 38.47 38.22 37.93 37.62 37.29 36.95 36.60 36.25 35.92 35.60 35.30 35.04 34.81 34.62 34.49 34.42 34.41 34.48 34.63 34.86 35.19 35.62 36.15 36.81 37.59 38.49 39.54 40.72 42.06 43.56 45.22 47.06 49.06 51.17 53.37 55.64 58.00 60.44 62.96 65.58 68.30 71.11 73.99 76.90 79.84 82.79 85.75 88.71 91.66 94.61 97.53 100.40 103.16 105.78 108.25 110.60 112.80 114.87 116.81 118.62 120.30 121.86 123.29 124.59 125.77 126.84 127.78 128.61 129.32 129.91 130.40 130.77
41.69 41.54 41.34 41.08 40.79 40.46 40.10 39.71 39.32 38.91 38.51 38.11 37.73 37.37 37.03 36.73 36.47 36.27 36.11 36.02 36.01 36.07 36.21 36.45 36.78 37.22 37.77 38.45 39.25 40.19 41.26 42.49 43.87 45.41 47.13 49.02 51.08 53.26 55.53 57.87 60.30 62.82 65.43 68.14 70.94 73.82 76.73 79.66 82.61 85.58 88.54 91.50 94.45 97.36 100.16 102.82 105.35 107.75 110.02 112.16 114.17 116.06 117.83 119.47 121.00 122.40 123.69 124.87 125.93 126.88 127.71 128.44 129.07 129.59 130.00
44.52 44.34 44.10 43.81 43.47 43.09 42.69 42.26 41.81 41.35 40.89 40.43 39.98 39.56 39.15 38.78 38.45 38.17 37.94 37.77 37.67 37.64 37.70 37.84 38.08 38.43 38.88 39.45 40.15 40.98 41.95 43.06 44.33 45.76 47.35 49.12 51.07 53.19 55.44 57.78 60.20 62.71 65.31 68.01 70.81 73.68 76.58 79.51 82.46 85.43 88.39 91.36 94.29 97.12 99.82 102.39 104.83 107.15 109.35 111.42 113.38 115.22 116.94 118.55 120.04 121.43 122.70 123.87 124.93 125.88 126.74 127.49 128.14 128.69 129.15
47.46 47.25 46.97 46.64 46.27 45.85 45.39 44.91 44.41 43.90 43.38 42.87 42.36 41.87 41.40 40.96 40.56 40.20 39.89 39.64 39.46 39.35 39.32 39.37 39.52 39.77 40.13 40.60 41.19 41.92 42.78 43.78 44.94 46.25 47.72 49.37 51.20 53.21 55.40 57.72 60.13 62.63 65.22 67.91 70.70 73.56 76.46 79.39 82.34 85.30 88.27 91.21 94.06 96.78 99.38 101.86 104.21 106.46 108.58 110.59 112.49 114.28 115.96 117.53 119.00 120.36 121.62 122.78 123.84 124.80 125.67 126.44 127.12 127.71 128.21
50.51 50.27 49.96 49.59 49.17 48.71 48.22 47.69 47.14 46.57 46.00 45.43 44.86 44.31 43.77 43.26 42.79 42.36 41.98 41.65 41.39 41.19 41.07 41.04 41.10 41.25 41.51 41.89 42.38 43.00 43.75 44.65 45.69 46.89 48.25 49.77 51.48 53.37 55.44 57.71 60.10 62.59 65.17 67.85 70.62 73.48 76.37 79.29 82.24 85.20 88.14 90.99 93.73 96.34 98.84 101.23 103.50 105.67 107.72 109.67 111.51 113.25 114.89 116.43 117.87 119.21 120.45 121.61 122.67 123.64 124.52 125.31 126.02 126.65 127.19
53.67 53.39 53.05 52.65 52.19 51.69 51.15 50.58 49.98 49.37 48.74 48.11 47.48 46.87 46.27 45.69 45.15 44.65 44.19 43.79 43.44 43.17 42.96 42.84 42.81 42.87 43.04 43.32 43.71 44.23 44.87 45.66 46.59 47.67 48.92 50.33 51.91 53.68 55.63 57.77 60.11 62.58 65.15 67.82 70.58 73.43 76.31 79.23 82.17 85.10 87.94 90.67 93.29 95.80 98.21 100.50 102.69 104.78 106.77 108.65 110.44 112.13 113.73 115.23 116.64 117.96 119.20 120.34 121.40 122.38 123.28 124.10 124.83 125.50 126.08
56.93 56.63 56.25 55.82 55.33 54.78 54.20 53.58 52.94 52.27 51.59 50.91 50.23 49.55 48.89 48.25 47.64 47.06 46.53 46.05 45.63 45.27 44.99 44.78 44.66 44.63 44.70 44.88 45.18 45.59 46.14 46.82 47.64 48.61 49.74 51.03 52.50 54.14 55.96 57.98 60.20 62.62 65.17 67.82 70.57 73.41 76.28 79.19 82.10 84.92 87.64 90.25 92.76 95.17 97.47 99.68 101.79 103.80 105.71 107.54 109.27 110.91 112.47 113.94 115.33 116.63 117.85 118.99 120.05 121.04 121.95 122.79 123.56 124.26 124.89
60.30 59.97 59.57 59.10 58.57 57.99 57.37 56.71 56.01 55.30 54.57 53.83 53.09 52.36 51.63 50.93 50.25 49.61 49.01 48.45 47.95 47.52 47.15 46.86 46.65 46.53 46.51 46.59 46.79 47.10 47.54 48.12 48.83 49.69 50.71 51.89 53.23 54.75 56.46 58.35 60.44 62.73 65.23 67.86 70.60 73.42 76.29 79.16 81.95 84.65 87.24 89.74 92.13 94.43 96.64 98.76 100.78 102.72 104.57 106.33 108.01 109.61 111.12 112.56 113.92 115.20 116.41 117.55 118.62 119.61 120.54 121.41 122.21 122.94 123.62
63.78 63.42 62.99 62.49 61.92 61.31 60.64 59.94 59.21 58.44 57.66 56.87 56.08 55.28 54.50 53.73 52.99 52.28 51.61 50.98 50.41 49.89 49.44 49.07 48.77 48.56 48.45 48.44 48.54 48.76 49.10 49.57 50.17 50.92 51.83 52.89 54.12 55.52 57.10 58.87 60.83 63.00 65.37 67.94 70.67 73.47 76.29 79.05 81.71 84.27 86.74 89.12 91.40 93.60 95.71 97.74 99.69 101.55 103.33 105.03 106.66 108.21 109.68 111.09 112.42 113.69 114.89 116.02 117.09 118.10 119.05 119.93 120.77 121.54 122.26
67.36 66.98 66.52 65.99 65.39 64.74 64.04 63.29 62.51 61.70 60.88 60.03 59.18 58.33 57.49 56.66 55.86 55.08 54.34 53.64 52.99 52.40 51.87 51.41 51.03 50.74 50.53 50.43 50.44 50.55 50.79 51.16 51.66 52.30 53.10 54.04 55.16 56.44 57.90 59.54 61.38 63.42 65.66 68.11 70.77 73.53 76.23 78.84 81.36 83.79 86.14 88.40 90.58 92.67 94.69 96.63 98.49 100.28 101.99 103.64 105.21 106.71 108.15 109.53 110.84 112.08 113.27 114.40 115.48 116.50 117.46 118.38 119.24 120.06 120.83
