data_processed/recharge/precip/Precip_1997_09.asc
ncols        168
nrows        136
xllcorner    455000
yllcorner    2107000
cellsize     500
NODATA_value     -99999
[rows 102 to 135 of 136, columns 0 to 75 of 168]
86.45 88.25 90.06 91.88 93.72 95.55 97.39 99.22 101.04 102.85 104.64 106.41 108.15 109.86 111.54 113.18 114.77 116.32 117.82 119.26 120.66 122.04 123.38 124.61 125.71 126.63 127.33 127.83 128.14 128.28 128.28 128.14 127.88 127.53 127.10 126.60 126.07 125.50 124.94 124.38 123.85 123.36 122.94 122.61 122.36 122.15 121.80 121.30 120.51 119.41 118.09 116.62 115.04 113.34 111.56 109.71 107.81 105.88 103.93 101.99 100.07 98.20 96.38 94.63 92.99 91.45 90.05 88.80 87.71 86.81 86.12 85.61 85.25 85.05 85.00 84.99
83.36 85.29 87.23 89.18 91.13 93.08 95.03 96.98 98.90 100.82 102.71 104.57 106.41 108.21 109.97 111.70 113.37 115.00 116.57 118.08 119.53 120.93 122.29 123.54 124.60 125.43 126.04 126.44 126.67 126.73 126.63 126.41 126.08 125.65 125.15 124.59 123.99 123.36 122.73 122.11 121.53 120.99 120.52 120.13 119.85 119.68 119.57 119.33 118.81 118.03 117.06 115.93 114.66 113.27 111.78 110.19 108.54 106.84 105.10 103.36 101.61 99.89 98.21 96.59 95.05 93.60 92.26 91.06 90.01 89.13 88.43 87.93 87.60 87.42 87.29 87.00
80.01 82.09 84.17 86.25 88.34 90.42 92.50 94.56 96.61 98.63 100.64 102.61 104.55 106.45 108.32 110.13 111.90 113.61 115.27 116.86 118.39 119.85 121.22 122.43 123.39 124.11 124.62 124.93 125.06 125.02 124.84 124.53 124.11 123.60 123.02 122.38 121.70 121.00 120.30 119.62 118.97 118.37 117.84 117.40 117.06 116.85 116.77 116.76 116.57 116.16 115.55 114.77 113.83 112.75 111.54 110.23 108.83 107.37 105.85 104.31 102.75 101.19 99.66 98.17 96.74 95.38 94.12 92.98 91.97 91.10 90.41 89.90 89.59 89.33 88.92 88.30
76.58 78.80 81.03 83.26 85.48 87.70 89.90 92.09 94.27 96.41 98.53 100.62 102.67 104.68 106.65 108.57 110.43 112.24 113.98 115.66 117.27 118.77 120.02 121.08 121.93 122.55 122.95 123.16 123.19 123.06 122.78 122.38 121.88 121.28 120.62 119.90 119.14 118.37 117.60 116.84 116.13 115.46 114.87 114.37 113.98 113.71 113.59 113.67 113.82 113.80 113.56 113.13 112.52 111.76 110.85 109.82 108.69 107.47 106.18 104.84 103.47 102.09 100.72 99.36 98.05 96.80 95.62 94.54 93.58 92.74 92.06 91.54 91.08 90.50 89.76 88.83
73.48 75.84 78.20 80.56 82.91 85.25 87.58 89.89 92.18 94.44 96.67 98.86 101.01 103.12 105.18 107.19 109.14 111.03 112.86 114.61 116.27 117.59 118.45 119.19 119.90 120.42 120.74 120.86 120.80 120.58 120.23 119.75 119.17 118.50 117.77 116.98 116.16 115.33 114.50 113.69 112.92 112.20 111.56 111.02 110.58 110.28 110.18 110.35 110.68 111.00 111.14 111.07 110.80 110.36 109.76 109.02 108.15 107.18 106.13 105.01 103.84 102.63 101.42 100.21 99.02 97.88 96.79 95.78 94.87 94.08 93.41 92.76 91.87 90.83 89.77 88.59
70.76 73.25 75.73 78.21 80.69 83.14 85.58 88.00 90.39 92.75 95.07 97.36 99.60 101.79 103.94 106.02 108.05 110.02 111.91 113.70 115.17 116.11 116.57 116.91 117.31 117.71 117.95 117.99 117.87 117.59 117.17 116.63 115.99 115.27 114.48 113.64 112.77 111.89 111.02 110.17 109.36 108.61 107.94 107.36 106.91 106.64 106.65 106.92 107.34 107.83 108.30 108.59 108.68 108.56 108.27 107.83 107.24 106.53 105.71 104.82 103.85 102.83 101.79 100.73 99.67 98.64 97.65 96.73 95.88 95.12 94.35 93.33 91.98 90.49 89.05 87.62
68.42 71.02 73.62 76.21 78.78 81.34 83.88 86.39 88.87 91.32 93.73 96.09 98.41 100.68 102.90 105.05 107.15 109.17 111.09 112.70 113.78 114.33 114.44 114.41 114.40 114.50 114.63 114.62 114.44 114.11 113.65 113.06 112.38 111.62 110.79 109.92 109.02 108.11 107.21 106.34 105.51 104.74 104.05 103.47 103.06 102.92 103.03 103.38 103.88 104.46 105.10 105.72 106.15 106.38 106.41 106.26 105.96 105.51 104.94 104.27 103.52 102.70 101.82 100.92 100.01 99.10 98.21 97.37 96.58 95.76 94.69 93.26 91.48 89.57 87.76 86.04
66.46 69.13 71.82 74.51 77.18 79.83 82.45 85.05 87.61 90.13 92.61 95.05 97.44 99.77 102.04 104.25 106.40 108.44 110.17 111.39 112.08 112.30 112.10 111.74 111.36 111.05 110.88 110.79 110.57 110.21 109.71 109.10 108.39 107.60 106.75 105.86 104.95 104.03 103.12 102.24 101.40 100.63 99.95 99.43 99.17 99.15 99.36 99.77 100.32 100.98 101.71 102.50 103.24 103.81 104.16 104.32 104.31 104.13 103.82 103.39 102.85 102.23 101.54 100.80 100.03 99.25 98.47 97.72 96.90 95.83 94.40 92.61 90.43 88.14 86.00 84.01
64.89 67.58 70.34 73.10 75.85 78.58 81.28 83.95 86.58 89.17 91.71 94.20 96.64 99.03 101.35 103.60 105.76 107.61 108.95 109.78 110.13 110.05 109.58 108.93 108.23 107.55 106.98 106.59 106.30 105.92 105.40 104.78 104.06 103.27 102.42 101.52 100.61 99.69 98.79 97.92 97.09 96.34 95.74 95.38 95.26 95.35 95.64 96.09 96.69 97.41 98.21 99.08 99.99 100.86 101.55 102.02 102.30 102.41 102.36 102.16 101.85 101.43 100.93 100.36 99.75 99.10 98.44 97.69 96.68 95.32 93.58 91.45 88.91 86.28 83.85 81.62
63.69 66.39 69.16 71.97 74.79 77.58 80.34 83.07 85.76 88.40 90.99 93.53 96.01 98.44 100.79 103.05 105.01 106.46 107.42 107.91 107.96 107.62 106.94 106.04 105.05 104.04 103.10 102.31 101.73 101.29 100.78 100.16 99.45 98.66 97.82 96.95 96.05 95.15 94.27 93.42 92.63 91.98 91.55 91.35 91.36 91.54 91.89 92.38 93.00 93.76 94.62 95.56 96.56 97.59 98.57 99.36 99.95 100.34 100.55 100.61 100.52 100.32 100.01 99.62 99.17 98.66 98.04 97.15 95.91 94.30 92.29 89.85 87.00 84.06 81.38 78.95
62.83 65.52 68.29 71.11 73.96 76.81 79.62 82.39 85.12 87.81 90.44 93.01 95.52 97.97 100.33 102.38 103.94 105.01 105.63 105.82 105.62 105.06 104.19 103.10 101.86 100.56 99.29 98.13 97.15 96.43 95.88 95.28 94.59 93.83 93.02 92.18 91.31 90.45 89.61 88.81 88.13 87.67 87.42 87.36 87.48 87.74 88.14 88.64 89.28 90.06 90.96 91.96 93.03 94.14 95.27 96.35 97.24 97.92 98.41 98.72 98.88 98.89 98.79 98.58 98.29 97.86 97.15 96.09 94.67 92.84 90.60 87.90 84.76 81.55 78.66 76.07
62.30 64.97 67.71 70.52 73.37 76.23 79.08 81.89 84.66 87.37 90.03 92.62 95.15 97.59 99.74 101.40 102.57 103.30 103.62 103.55 103.14 102.41 101.40 100.14 98.70 97.16 95.60 94.11 92.76 91.64 90.82 90.19 89.54 88.83 88.06 87.26 86.45 85.64 84.85 84.18 83.71 83.44 83.36 83.43 83.64 83.97 84.39 84.89 85.53 86.32 87.24 88.28 89.40 90.59 91.81 93.04 94.20 95.18 95.95 96.52 96.92 97.16 97.26 97.25 97.06 96.60 95.79 94.61 93.03 91.03 88.58 85.67 82.28 78.84 75.76 73.05
62.09 64.70 67.40 70.18 73.01 75.86 78.72 81.55 84.34 87.07 89.74 92.34 94.86 97.08 98.83 100.10 100.94 101.37 101.42 101.14 100.56 99.70 98.59 97.21 95.61 93.87 92.07 90.29 88.61 87.12 85.89 85.00 84.35 83.69 82.98 82.24 81.50 80.76 80.12 79.67 79.42 79.33 79.39 79.58 79.87 80.25 80.68 81.16 81.77 82.56 83.49 84.55 85.71 86.95 88.24 89.55 90.86 92.11 93.16 94.00 94.65 95.13 95.44 95.57 95.41 94.90 94.03 92.76 91.07 88.93 86.32 83.22 79.62 75.99 72.77 69.97
62.15 64.70 67.35 70.08 72.86 75.69 78.52 81.35 84.14 86.88 89.55 92.13 94.42 96.25 97.61 98.54 99.08 99.25 99.09 98.64 97.92 96.98 95.81 94.36 92.64 90.73 88.73 86.70 84.74 82.92 81.32 80.03 79.12 78.47 77.84 77.18 76.52 75.94 75.54 75.33 75.27 75.35 75.54 75.82 76.18 76.58 77.01 77.46 78.04 78.80 79.73 80.79 81.98 83.25 84.59 85.97 87.36 88.75 90.06 91.18 92.08 92.80 93.29 93.50 93.36 92.85 91.95 90.62 88.86 86.62 83.88 80.63 76.86 73.07 69.75 66.89
62.49 64.95 67.52 70.18 72.91 75.68 78.48 81.27 84.05 86.77 89.41 91.77 93.67 95.11 96.13 96.76 97.04 96.99 96.66 96.07 95.27 94.28 93.10 91.61 89.81 87.79 85.62 83.39 81.19 79.08 77.15 75.49 74.18 73.27 72.67 72.11 71.63 71.31 71.16 71.16 71.28 71.51 71.81 72.18 72.59 73.00 73.41 73.81 74.34 75.06 75.96 77.02 78.21 79.50 80.88 82.31 83.77 85.24 86.68 88.05 89.22 90.15 90.78 91.06 90.98 90.51 89.61 88.27 86.47 84.17 81.34 77.98 74.07 70.16 66.77 63.90
63.07 65.43 67.90 70.48 73.13 75.83 78.57 81.31 84.05 86.72 89.13 91.09 92.60 93.69 94.41 94.79 94.85 94.63 94.17 93.49 92.64 91.65 90.49 89.01 87.18 85.08 82.79 80.40 77.99 75.64 73.43 71.44 69.75 68.45 67.61 67.17 66.96 66.90 66.99 67.19 67.47 67.83 68.24 68.67 69.11 69.52 69.90 70.23 70.69 71.36 72.22 73.25 74.43 75.73 77.12 78.59 80.10 81.63 83.16 84.66 86.04 87.16 87.93 88.34 88.35 87.95 87.10 85.78 83.98 81.65 78.77 75.33 71.33 67.34 63.91 61.07
63.88 66.11 68.48 70.95 73.50 76.12 78.77 81.45 84.10 86.52 88.52 90.09 91.26 92.05 92.51 92.67 92.56 92.21 91.66 90.93 90.08 89.12 88.04 86.60 84.78 82.64 80.28 77.77 75.20 72.64 70.19 67.91 65.89 64.23 63.06 62.55 62.55 62.75 63.05 63.43 63.87 64.34 64.83 65.32 65.77 66.16 66.49 66.74 67.11 67.71 68.52 69.51 70.66 71.95 73.34 74.83 76.37 77.95 79.54 81.11 82.59 83.88 84.83 85.40 85.54 85.25 84.49 83.23 81.45 79.14 76.25 72.77 68.71 64.67 61.25 58.47
64.89 66.98 69.22 71.56 74.00 76.51 79.07 81.64 84.01 86.00 87.59 88.82 89.68 90.22 90.46 90.45 90.20 89.76 89.16 88.44 87.62 86.74 85.77 84.42 82.65 80.52 78.12 75.54 72.85 70.13 67.47 64.95 62.65 60.73 59.36 58.61 58.50 58.86 59.36 59.91 60.48 61.06 61.61 62.13 62.58 62.94 63.20 63.35 63.62 64.14 64.87 65.81 66.92 68.17 69.56 71.04 72.60 74.21 75.85 77.48 79.02 80.42 81.56 82.32 82.63 82.48 81.84 80.68 78.98 76.71 73.84 70.36 66.28 62.23 58.86 56.17
66.08 68.02 70.10 72.31 74.62 77.00 79.43 81.69 83.61 85.17 86.40 87.31 87.92 88.24 88.31 88.16 87.82 87.34 86.73 86.04 85.30 84.55 83.73 82.52 80.83 78.75 76.36 73.74 70.97 68.14 65.32 62.60 60.14 58.10 56.57 55.57 55.15 55.33 55.94 56.64 57.33 57.99 58.60 59.13 59.56 59.88 60.05 60.09 60.24 60.65 61.30 62.16 63.22 64.43 65.79 67.26 68.82 70.46 72.15 73.84 75.46 76.94 78.21 79.16 79.69 79.72 79.24 78.21 76.62 74.43 71.63 68.18 64.11 60.09 56.80 54.25
67.45 69.21 71.12 73.17 75.32 77.54 79.64 81.43 82.91 84.09 84.99 85.62 86.00 86.15 86.08 85.84 85.46 84.97 84.40 83.79 83.17 82.58 81.96 80.92 79.37 77.38 75.04 72.43 69.62 66.71 63.77 60.98 58.49 56.37 54.68 53.44 52.70 52.51 52.88 53.64 54.43 55.16 55.80 56.34 56.74 56.99 57.06 56.97 56.99 57.28 57.83 58.60 59.58 60.73 62.04 63.49 65.05 66.75 68.51 70.28 71.99 73.57 74.94 76.05 76.79 77.04 76.75 75.89 74.45 72.38 69.68 66.30 62.28 58.33 55.16 52.77
68.95 70.51 72.24 74.11 76.07 77.95 79.55 80.89 81.96 82.79 83.39 83.78 83.97 83.98 83.83 83.54 83.16 82.70 82.21 81.72 81.27 80.88 80.49 79.67 78.30 76.44 74.19 71.63 68.83 65.89 62.96 60.22 57.74 55.55 53.71 52.24 51.20 50.63 50.55 51.01 51.81 52.59 53.25 53.77 54.12 54.29 54.25 54.02 53.89 54.04 54.47 55.13 56.02 57.10 58.35 59.78 61.40 63.18 65.03 66.89 68.70 70.39 71.88 73.12 74.03 74.51 74.45 73.80 72.54 70.64 68.07 64.80 60.87 57.02 54.00 51.83
70.58 71.93 73.45 75.10 76.69 78.06 79.19 80.09 80.79 81.31 81.65 81.83 81.87 81.78 81.59 81.30 80.95 80.57 80.20 79.87 79.62 79.48 79.38 78.82 77.66 75.98 73.86 71.39 68.64 65.79 63.01 60.37 57.90 55.66 53.67 51.99 50.65 49.70 49.18 49.12 49.56 50.30 50.96 51.45 51.74 51.81 51.63 51.24 50.94 50.95 51.24 51.78 52.56 53.56 54.77 56.25 57.96 59.83 61.78 63.75 65.68 67.49 69.12 70.50 71.56 72.23 72.42 72.01 70.97 69.26 66.87 63.75 59.94 56.23 53.40 51.48
72.31 73.43 74.70 75.96 77.02 77.89 78.57 79.09 79.46 79.69 79.80 79.81 79.73 79.58 79.38 79.14 78.87 78.62 78.41 78.29 78.29 78.44 78.65 78.39 77.49 76.03 74.09 71.75 69.19 66.57 63.97 61.43 58.99 56.70 54.58 52.69 51.07 49.75 48.79 48.21 48.07 48.38 48.95 49.39 49.60 49.55 49.23 48.66 48.18 48.02 48.16 48.57 49.23 50.17 51.44 53.01 54.81 56.79 58.85 60.95 63.01 64.97 66.74 68.28 69.50 70.35 70.74 70.60 69.82 68.34 66.15 63.22 59.58 56.04 53.44 51.80
74.12 74.97 75.83 76.53 77.08 77.48 77.76 77.92 77.99 77.97 77.89 77.77 77.61 77.43 77.26 77.09 76.96 76.88 76.88 77.01 77.30 77.78 78.36 78.44 77.84 76.63 74.91 72.84 70.60 68.25 65.85 63.42 61.02 58.68 56.45 54.36 52.46 50.79 49.39 48.31 47.57 47.24 47.32 47.61 47.72 47.55 47.06 46.30 45.62 45.28 45.25 45.51 46.09 47.08 48.45 50.13 52.05 54.14 56.34 58.58 60.78 62.89 64.83 66.54 67.94 68.97 69.57 69.65 69.14 67.94 65.99 63.29 59.84 56.52 54.19 52.87
75.97 76.38 76.67 76.84 76.90 76.88 76.78 76.62 76.43 76.20 75.97 75.74 75.53 75.37 75.25 75.21 75.25 75.39 75.66 76.07 76.69 77.54 78.53 79.00 78.74 77.84 76.47 74.81 72.92 70.86 68.65 66.35 64.00 61.63 59.28 57.01 54.84 52.82 51.00 49.42 48.10 47.11 46.47 46.22 46.13 45.81 45.15 44.17 43.28 42.74 42.53 42.69 43.33 44.42 45.90 47.70 49.75 51.98 54.32 56.71 59.08 61.35 63.47 65.36 66.96 68.20 69.00 69.31 69.05 68.13 66.47 64.02 60.81 57.75 55.72 54.75
77.70 77.52 77.26 76.92 76.54 76.12 75.69 75.25 74.82 74.42 74.06 73.77 73.55 73.43 73.41 73.52 73.77 74.17 74.75 75.52 76.51 77.78 79.21 80.11 80.24 79.77 78.90 77.68 76.17 74.39 72.40 70.23 67.93 65.54 63.09 60.64 58.22 55.87 53.63 51.55 49.67 48.03 46.67 45.63 44.93 44.36 43.50 42.29 41.18 40.43 40.10 40.32 41.06 42.27 43.88 45.81 48.00 50.38 52.88 55.44 57.98 60.44 62.75 64.85 66.65 68.10 69.14 69.67 69.66 69.01 67.65 65.50 62.57 59.79 58.09 57.34
79.16 78.41 77.62 76.82 76.03 75.25 74.51 73.82 73.20 72.66 72.22 71.90 71.71 71.66 71.78 72.07 72.56 73.26 74.19 75.36 76.79 78.52 80.44 81.81 82.46 82.58 82.24 81.48 80.35 78.87 77.10 75.08 72.84 70.44 67.90 65.28 62.61 59.93 57.29 54.73 52.29 50.01 47.93 46.10 44.55 43.30 42.14 40.69 39.34 38.45 38.17 38.50 39.37 40.72 42.46 44.54 46.89 49.43 52.11 54.85 57.58 60.24 62.76 65.07 67.10 68.78 70.05 70.84 71.08 70.70 69.63 67.79 65.17 62.71 61.22 60.19
80.38 79.08 77.81 76.58 75.41 74.31 73.30 72.40 71.62 70.98 70.49 70.17 70.04 70.10 70.39 70.91 71.67 72.71 74.02 75.63 77.55 79.81 82.27 84.24 85.57 86.31 86.51 86.22 85.47 84.30 82.77 80.90 78.74 76.33 73.71 70.93 68.02 65.03 61.99 58.96 55.97 53.06 50.28 47.66 45.24 43.08 41.18 39.39 37.87 37.04 36.88 37.34 38.35 39.84 41.74 43.98 46.50 49.23 52.09 55.03 57.96 60.84 63.58 66.11 68.38 70.31 71.84 72.89 73.40 73.30 72.52 70.99 68.70 66.42 64.61 63.06
82.66 80.80 79.02 77.34 75.76 74.32 73.02 71.88 70.92 70.15 69.59 69.25 69.15 69.31 69.74 70.45 71.47 72.81 74.49 76.52 78.91 81.68 84.62 87.30 89.34 90.73 91.50 91.69 91.35 90.51 89.23 87.53 85.47 83.07 80.40 77.47 74.35 71.06 67.66 64.17 60.65 57.13 53.66 50.28 47.02 43.94 41.13 39.56 38.49 37.72 37.64 38.18 39.28 40.86 42.87 45.22 47.86 50.72 53.72 56.80 59.90 62.93 65.84 68.56 71.02 73.15 74.87 76.14 76.87 77.00 76.46 75.18 73.09 70.54 68.17 66.09
91.30 88.60 86.03 83.62 81.37 79.30 77.44 75.79 74.37 73.19 72.28 71.65 71.31 71.28 71.58 72.22 73.22 74.59 76.36 78.53 81.11 83.97 86.92 89.95 92.72 94.82 96.21 96.96 97.09 96.66 95.69 94.23 92.33 90.02 87.35 84.36 81.08 77.57 73.85 69.98 66.00 61.94 57.85 53.77 49.73 45.86 43.56 45.19 46.71 46.23 45.90 46.20 47.07 48.43 50.22 52.37 54.81 57.47 60.29 63.20 66.13 69.01 71.77 74.34 76.67 78.67 80.28 81.44 82.07 82.11 81.48 80.13 78.00 75.32 72.48 69.85
107.66 103.76 100.04 96.53 93.25 90.20 87.40 84.88 82.63 80.69 79.07 77.78 76.84 76.26 76.07 76.27 76.88 77.92 79.41 81.35 83.69 86.30 89.13 92.15 95.28 98.10 100.22 101.60 102.29 102.33 101.76 100.63 98.97 96.83 94.25 91.26 87.92 84.26 80.32 76.15 71.79 67.27 62.64 57.94 53.28 50.01 50.96 56.50 61.75 63.52 63.08 62.73 62.95 63.67 64.83 66.35 68.18 70.23 72.45 74.77 77.12 79.42 81.61 83.63 85.41 86.87 87.95 88.58 88.70 88.23 87.13 85.44 83.20 80.53 77.55 74.47
130.99 125.68 120.46 115.49 110.80 106.40 102.32 98.55 95.12 92.05 89.35 87.04 85.13 83.65 82.59 81.99 81.86 82.20 83.05 84.41 86.24 88.52 91.23 94.20 97.33 100.52 103.36 105.46 106.80 107.40 107.32 106.59 105.26 103.37 100.96 98.07 94.74 91.02 86.94 82.55 77.88 72.99 67.91 62.73 58.77 58.72 63.48 72.59 81.33 86.51 87.98 87.12 86.28 85.94 86.05 86.53 87.33 88.36 89.57 90.88 92.22 93.53 94.75 95.79 96.60 97.10 97.24 96.93 96.11 94.77 93.03 90.96 88.60 85.95 82.98 79.77
158.91 153.60 146.67 139.88 133.43 127.32 121.57 116.20 111.23 106.66 102.53 98.83 95.59 92.83 90.55 88.78 87.54 86.83 86.75 87.35 88.63 90.60 93.19 96.10 99.18 102.37 105.59 108.43 110.48 111.73 112.22 111.98 111.06 109.50 107.34 104.63 101.40 97.69 93.56 89.03 84.15 78.97 73.57 69.19 68.41 72.10 80.33 92.66 104.54 112.90 117.46 118.16 116.41 114.61 113.25 112.28 111.62 111.21 110.99 110.87 110.80 110.71 110.52 110.18 109.60 108.73 107.50 105.83 103.75 101.46 99.06 96.61 94.14 91.51 88.56 85.35
188.54 185.15 177.91 169.10 160.52 152.33 144.57 137.23 130.35 123.92 117.98 112.54 107.61 103.20 99.34 96.04 93.33 91.35 90.26 90.09 90.83 92.48 94.94 97.78 100.81 103.97 107.20 110.42 113.21 115.19 116.33 116.66 116.23 115.09 113.27 110.81 107.77 104.16 100.05 95.47 90.46 85.11 80.61 79.39 82.28 89.36 100.73 115.93 130.60 141.77 149.19 152.67 152.13 149.02 145.79 142.94 140.42 138.16 136.08 134.12 132.22 130.30 128.30 126.15 123.78 121.12 118.10 114.78 111.42 108.19 105.14 102.32 99.74 97.13 94.20 91.00
