data_processed/recharge/precip/Precip_1999_04.asc
ncols        168
nrows        136
xllcorner    455000
yllcorner    2107000
cellsize     500
NODATA_value     -99999
[rows 35 to 69 of 136, columns 0 to 77 of 168]
32.92 33.03 33.12 33.19 33.23 33.25 33.24 33.21 33.16 33.08 32.98 32.86 32.72 32.55 32.37 32.16 31.93 31.68 31.39 31.07 30.70 30.31 29.91 29.49 29.05 28.61 28.16 27.71 27.24 26.77 26.30 25.82 25.33 24.84 24.35 23.85 23.35 22.85 22.34 21.84 21.33 20.83 20.33 19.82 19.32 18.82 18.33 17.84 17.35 16.86 16.38 15.91 15.44 14.98 14.53 14.08 13.65 13.22 12.80 12.39 11.99 11.60 11.23 10.86 10.51 10.17 9.85 9.54 9.24 8.96 8.70 8.45 8.22 8.00 7.81 7.63 7.48 7.34
32.93 33.06 33.16 33.24 33.30 33.33 33.34 33.32 33.29 33.23 33.14 33.04 32.91 32.77 32.60 32.41 32.20 31.95 31.66 31.33 30.97 30.58 30.17 29.75 29.31 28.86 28.40 27.94 27.47 26.99 26.51 26.02 25.52 25.03 24.53 24.02 23.52 23.01 22.50 21.99 21.48 20.96 20.46 19.95 19.44 18.94 18.43 17.94 17.44 16.95 16.47 15.99 15.52 15.05 14.60 14.15 13.70 13.27 12.85 12.44 12.03 11.64 11.26 10.89 10.54 10.20 9.87 9.56 9.26 8.98 8.71 8.46 8.23 8.01 7.81 7.63 7.48 7.34
32.94 33.08 33.20 33.30 33.37 33.42 33.44 33.44 33.42 33.38 33.32 33.23 33.12 33.00 32.85 32.68 32.47 32.22 31.93 31.60 31.23 30.84 30.43 30.01 29.56 29.11 28.65 28.17 27.69 27.21 26.72 26.22 25.72 25.22 24.71 24.20 23.68 23.17 22.65 22.14 21.62 21.10 20.59 20.07 19.56 19.05 18.54 18.04 17.54 17.04 16.56 16.07 15.60 15.13 14.66 14.21 13.76 13.32 12.90 12.48 12.07 11.68 11.29 10.92 10.56 10.22 9.89 9.57 9.27 8.98 8.72 8.46 8.23 8.01 7.81 7.63 7.47 7.34
32.95 33.11 33.24 33.36 33.44 33.51 33.55 33.57 33.57 33.55 33.50 33.44 33.35 33.25 33.12 32.95 32.74 32.49 32.20 31.87 31.50 31.11 30.70 30.27 29.82 29.37 28.90 28.42 27.93 27.43 26.94 26.43 25.92 25.41 24.90 24.38 23.86 23.34 22.81 22.29 21.76 21.24 20.72 20.20 19.68 19.16 18.65 18.14 17.64 17.14 16.64 16.15 15.67 15.20 14.73 14.27 13.82 13.38 12.94 12.52 12.11 11.71 11.32 10.95 10.59 10.24 9.90 9.58 9.28 8.99 8.72 8.46 8.22 8.00 7.80 7.62 7.46 7.33
32.96 33.14 33.29 33.42 33.53 33.61 33.67 33.72 33.73 33.73 33.71 33.67 33.60 33.51 33.39 33.22 33.01 32.76 32.47 32.14 31.77 31.37 30.96 30.53 30.08 29.62 29.15 28.66 28.17 27.67 27.16 26.65 26.13 25.61 25.09 24.56 24.04 23.51 22.98 22.44 21.91 21.38 20.85 20.33 19.80 19.28 18.76 18.24 17.73 17.23 16.73 16.23 15.75 15.26 14.79 14.33 13.87 13.42 12.99 12.56 12.15 11.74 11.35 10.97 10.60 10.25 9.91 9.59 9.28 8.99 8.71 8.45 8.21 7.99 7.79 7.61 7.45 7.31
32.98 33.17 33.34 33.49 33.62 33.73 33.81 33.87 33.91 33.93 33.93 33.91 33.87 33.79 33.66 33.50 33.29 33.03 32.74 32.41 32.04 31.64 31.22 30.79 30.35 29.88 29.41 28.92 28.42 27.91 27.39 26.87 26.35 25.82 25.29 24.75 24.22 23.68 23.14 22.60 22.07 21.53 20.99 20.46 19.93 19.40 18.87 18.35 17.83 17.32 16.81 16.31 15.82 15.33 14.86 14.38 13.92 13.47 13.03 12.60 12.18 11.77 11.37 10.99 10.62 10.26 9.92 9.59 9.28 8.98 8.70 8.44 8.20 7.97 7.77 7.59 7.43 7.29
33.00 33.21 33.40 33.58 33.72 33.85 33.96 34.04 34.11 34.15 34.18 34.18 34.14 34.06 33.94 33.77 33.56 33.30 33.01 32.68 32.30 31.91 31.49 31.06 30.61 30.14 29.66 29.17 28.67 28.15 27.63 27.10 26.57 26.03 25.49 24.95 24.40 23.86 23.31 22.77 22.22 21.68 21.13 20.59 20.05 19.52 18.98 18.46 17.93 17.41 16.90 16.39 15.90 15.40 14.92 14.44 13.98 13.52 13.07 12.63 12.21 11.79 11.39 11.00 10.63 10.27 9.92 9.59 9.27 8.97 8.69 8.42 8.18 7.95 7.75 7.56 7.40 7.26
33.02 33.26 33.48 33.67 33.84 34.00 34.13 34.24 34.33 34.40 34.44 34.45 34.41 34.33 34.21 34.04 33.83 33.57 33.28 32.94 32.57 32.17 31.76 31.32 30.87 30.40 29.92 29.43 28.92 28.40 27.87 27.33 26.79 26.25 25.70 25.15 24.60 24.04 23.49 22.94 22.38 21.83 21.28 20.73 20.18 19.64 19.10 18.57 18.03 17.51 16.99 16.48 15.97 15.47 14.98 14.50 14.03 13.56 13.11 12.67 12.24 11.82 11.41 11.02 10.64 10.27 9.92 9.58 9.26 8.96 8.67 8.40 8.15 7.93 7.72 7.54 7.37 7.24
33.06 33.32 33.56 33.78 33.98 34.16 34.31 34.45 34.56 34.66 34.71 34.72 34.68 34.60 34.48 34.31 34.09 33.84 33.55 33.21 32.84 32.44 32.02 31.59 31.13 30.66 30.18 29.68 29.17 28.65 28.12 27.57 27.02 26.47 25.91 25.35 24.79 24.23 23.67 23.11 22.55 21.99 21.43 20.87 20.32 19.77 19.22 18.68 18.14 17.61 17.08 16.56 16.05 15.54 15.05 14.56 14.08 13.61 13.15 12.70 12.27 11.84 11.43 11.03 10.64 10.27 9.92 9.57 9.25 8.94 8.65 8.38 8.13 7.90 7.69 7.50 7.34 7.20
33.11 33.39 33.66 33.91 34.13 34.33 34.52 34.68 34.82 34.93 34.98 34.99 34.95 34.87 34.74 34.57 34.36 34.11 33.81 33.48 33.11 32.71 32.29 31.85 31.40 30.93 30.44 29.94 29.43 28.90 28.37 27.82 27.26 26.70 26.13 25.57 25.00 24.43 23.86 23.29 22.72 22.15 21.58 21.01 20.45 19.89 19.34 18.79 18.24 17.71 17.17 16.64 16.13 15.61 15.11 14.61 14.13 13.65 13.19 12.73 12.29 11.86 11.44 11.04 10.65 10.27 9.91 9.56 9.23 8.92 8.63 8.35 8.10 7.87 7.66 7.47 7.31 7.17
33.17 33.48 33.78 34.05 34.30 34.54 34.75 34.94 35.09 35.19 35.25 35.26 35.22 35.14 35.01 34.84 34.63 34.37 34.08 33.74 33.37 32.97 32.55 32.11 31.66 31.19 30.70 30.20 29.68 29.16 28.62 28.07 27.50 26.94 26.36 25.78 25.21 24.63 24.05 23.47 22.89 22.31 21.74 21.16 20.59 20.03 19.46 18.91 18.35 17.81 17.27 16.73 16.20 15.69 15.17 14.67 14.18 13.70 13.23 12.77 12.32 11.88 11.46 11.05 10.65 10.27 9.90 9.55 9.22 8.90 8.60 8.33 8.07 7.84 7.62 7.43 7.27 7.13
33.25 33.59 33.91 34.22 34.50 34.76 35.00 35.20 35.35 35.45 35.51 35.52 35.48 35.40 35.27 35.10 34.89 34.64 34.34 34.01 33.64 33.24 32.82 32.38 31.92 31.45 30.96 30.46 29.94 29.41 28.87 28.31 27.75 27.18 26.59 26.01 25.42 24.83 24.24 23.65 23.07 22.48 21.90 21.32 20.74 20.16 19.59 19.03 18.46 17.91 17.36 16.82 16.29 15.76 15.24 14.73 14.23 13.74 13.27 12.80 12.34 11.90 11.47 11.05 10.65 10.26 9.89 9.53 9.20 8.88 8.58 8.30 8.04 7.80 7.59 7.40 7.23 7.09
33.35 33.72 34.07 34.40 34.72 35.01 35.26 35.46 35.61 35.71 35.77 35.78 35.74 35.66 35.53 35.36 35.15 34.90 34.60 34.27 33.90 33.50 33.08 32.64 32.18 31.71 31.22 30.71 30.20 29.66 29.12 28.56 27.99 27.42 26.83 26.24 25.64 25.04 24.45 23.85 23.25 22.66 22.06 21.47 20.89 20.30 19.72 19.15 18.58 18.02 17.46 16.91 16.37 15.83 15.31 14.79 14.29 13.79 13.30 12.83 12.37 11.92 11.48 11.06 10.65 10.26 9.88 9.52 9.18 8.85 8.55 8.27 8.00 7.76 7.55 7.36 7.19 7.04
33.46 33.87 34.25 34.62 34.96 35.26 35.51 35.71 35.86 35.97 36.02 36.03 36.00 35.92 35.79 35.62 35.41 35.16 34.86 34.53 34.16 33.76 33.34 32.90 32.44 31.97 31.48 30.97 30.45 29.92 29.37 28.81 28.24 27.66 27.07 26.47 25.87 25.26 24.65 24.05 23.44 22.84 22.23 21.63 21.04 20.45 19.86 19.28 18.70 18.13 17.56 17.00 16.45 15.91 15.38 14.85 14.34 13.84 13.34 12.86 12.39 11.94 11.49 11.06 10.65 10.25 9.87 9.50 9.16 8.83 8.52 8.23 7.97 7.73 7.51 7.31 7.14 7.00
33.60 34.04 34.46 34.85 35.21 35.51 35.76 35.96 36.12 36.22 36.28 36.29 36.25 36.17 36.05 35.88 35.67 35.41 35.12 34.79 34.42 34.02 33.60 33.16 32.70 32.23 31.74 31.23 30.71 30.17 29.62 29.06 28.49 27.90 27.31 26.71 26.10 25.49 24.87 24.25 23.64 23.02 22.41 21.80 21.20 20.60 20.00 19.41 18.82 18.24 17.67 17.10 16.54 15.99 15.45 14.92 14.40 13.89 13.38 12.90 12.42 11.96 11.51 11.07 10.65 10.24 9.86 9.49 9.13 8.80 8.49 8.20 7.93 7.69 7.47 7.27 7.10 6.95
33.76 34.24 34.69 35.09 35.45 35.75 36.00 36.21 36.36 36.47 36.52 36.54 36.50 36.42 36.30 36.13 35.92 35.67 35.38 35.05 34.68 34.28 33.86 33.42 32.96 32.49 31.99 31.49 30.96 30.42 29.87 29.31 28.73 28.15 27.55 26.95 26.34 25.72 25.09 24.46 23.84 23.21 22.59 21.97 21.36 20.75 20.14 19.54 18.95 18.36 17.77 17.20 16.63 16.07 15.52 14.98 14.45 13.93 13.43 12.93 12.45 11.97 11.52 11.07 10.65 10.24 9.84 9.47 9.11 8.78 8.46 8.17 7.90 7.65 7.42 7.23 7.05 6.90
33.95 34.46 34.92 35.33 35.69 35.99 36.24 36.45 36.60 36.71 36.77 36.78 36.75 36.67 36.54 36.38 36.17 35.92 35.63 35.30 34.93 34.53 34.12 33.68 33.22 32.74 32.25 31.74 31.22 30.68 30.12 29.56 28.98 28.39 27.79 27.19 26.57 25.95 25.32 24.68 24.05 23.41 22.78 22.15 21.53 20.91 20.29 19.68 19.08 18.48 17.89 17.30 16.73 16.16 15.60 15.05 14.51 13.99 13.47 12.97 12.47 11.99 11.53 11.08 10.65 10.23 9.83 9.45 9.09 8.75 8.43 8.14 7.86 7.61 7.38 7.18 7.00 6.86
34.17 34.68 35.15 35.56 35.92 36.22 36.48 36.68 36.84 36.95 37.01 37.02 36.99 36.91 36.79 36.62 36.42 36.17 35.88 35.55 35.18 34.79 34.37 33.93 33.47 33.00 32.51 32.00 31.47 30.93 30.37 29.81 29.23 28.64 28.03 27.42 26.80 26.18 25.54 24.91 24.26 23.62 22.98 22.34 21.70 21.07 20.45 19.83 19.21 18.60 18.00 17.41 16.82 16.25 15.68 15.12 14.58 14.04 13.52 13.00 12.50 12.02 11.55 11.09 10.65 10.23 9.82 9.44 9.07 8.73 8.40 8.10 7.82 7.57 7.34 7.14 6.96 6.81
34.39 34.91 35.37 35.78 36.14 36.45 36.71 36.91 37.07 37.18 37.24 37.26 37.22 37.15 37.03 36.87 36.66 36.41 36.13 35.80 35.43 35.04 34.62 34.18 33.73 33.25 32.76 32.25 31.72 31.18 30.62 30.05 29.47 28.88 28.28 27.66 27.04 26.41 25.77 25.13 24.48 23.83 23.18 22.53 21.88 21.24 20.61 19.98 19.35 18.73 18.12 17.52 16.93 16.34 15.76 15.20 14.64 14.10 13.56 13.04 12.53 12.04 11.56 11.10 10.65 10.23 9.82 9.43 9.06 8.71 8.38 8.07 7.79 7.53 7.30 7.09 6.91 6.76
34.60 35.12 35.59 36.00 36.36 36.67 36.93 37.14 37.30 37.41 37.47 37.49 37.46 37.38 37.26 37.10 36.90 36.65 36.37 36.04 35.68 35.29 34.87 34.43 33.98 33.50 33.01 32.50 31.97 31.43 30.87 30.30 29.72 29.12 28.52 27.90 27.28 26.64 26.00 25.35 24.70 24.04 23.38 22.72 22.07 21.42 20.77 20.13 19.50 18.87 18.25 17.64 17.03 16.44 15.85 15.27 14.71 14.16 13.61 13.08 12.57 12.07 11.58 11.11 10.66 10.23 9.81 9.41 9.04 8.68 8.35 8.04 7.76 7.49 7.26 7.05 6.86 6.71
34.80 35.33 35.80 36.21 36.57 36.88 37.14 37.35 37.52 37.63 37.69 37.71 37.68 37.61 37.50 37.34 37.13 36.89 36.61 36.28 35.92 35.53 35.12 34.68 34.23 33.75 33.26 32.75 32.22 31.68 31.12 30.55 29.96 29.37 28.76 28.14 27.51 26.87 26.23 25.58 24.92 24.26 23.60 22.93 22.26 21.60 20.94 20.29 19.65 19.01 18.38 17.76 17.14 16.54 15.94 15.36 14.78 14.22 13.67 13.13 12.61 12.10 11.60 11.13 10.67 10.23 9.81 9.40 9.02 8.66 8.33 8.01 7.72 7.46 7.22 7.00 6.82 6.66
35.00 35.53 36.00 36.41 36.78 37.09 37.35 37.57 37.73 37.84 37.91 37.93 37.91 37.84 37.72 37.56 37.36 37.12 36.84 36.52 36.16 35.77 35.36 34.93 34.47 34.00 33.51 33.00 32.47 31.92 31.37 30.79 30.21 29.61 29.00 28.38 27.75 27.11 26.46 25.80 25.14 24.48 23.81 23.14 22.46 21.79 21.12 20.46 19.80 19.15 18.51 17.88 17.26 16.64 16.03 15.44 14.86 14.28 13.72 13.18 12.65 12.13 11.63 11.15 10.68 10.23 9.80 9.40 9.01 8.65 8.30 7.99 7.69 7.42 7.18 6.96 6.77 6.61
35.19 35.72 36.19 36.61 36.98 37.29 37.56 37.77 37.94 38.05 38.12 38.15 38.12 38.06 37.94 37.79 37.59 37.35 37.07 36.75 36.40 36.01 35.60 35.17 34.72 34.24 33.75 33.24 32.71 32.17 31.61 31.04 30.45 29.85 29.24 28.61 27.98 27.34 26.69 26.03 25.37 24.70 24.02 23.35 22.67 21.98 21.31 20.63 19.97 19.31 18.65 18.01 17.38 16.75 16.13 15.53 14.93 14.35 13.78 13.23 12.69 12.17 11.66 11.17 10.69 10.24 9.81 9.39 9.00 8.63 8.28 7.96 7.66 7.39 7.14 6.92 6.73 6.57
35.38 35.90 36.38 36.80 37.17 37.49 37.75 37.97 38.14 38.26 38.33 38.35 38.33 38.27 38.16 38.01 37.81 37.58 37.30 36.98 36.63 36.24 35.84 35.41 34.95 34.48 33.99 33.48 32.95 32.41 31.85 31.28 30.69 30.09 29.47 28.85 28.21 27.57 26.91 26.25 25.59 24.91 24.24 23.55 22.87 22.18 21.50 20.81 20.13 19.46 18.80 18.15 17.50 16.86 16.24 15.62 15.02 14.43 13.85 13.29 12.74 12.21 11.69 11.19 10.71 10.25 9.81 9.39 8.99 8.62 8.27 7.94 7.63 7.36 7.11 6.88 6.69 6.52
35.55 36.08 36.56 36.98 37.35 37.67 37.94 38.16 38.33 38.46 38.53 38.56 38.54 38.48 38.37 38.22 38.03 37.80 37.52 37.21 36.86 36.47 36.07 35.64 35.19 34.72 34.23 33.72 33.19 32.65 32.09 31.52 30.93 30.32 29.71 29.08 28.44 27.80 27.14 26.48 25.81 25.13 24.45 23.76 23.08 22.38 21.69 21.00 20.31 19.63 18.95 18.29 17.63 16.98 16.35 15.72 15.11 14.51 13.92 13.35 12.79 12.25 11.73 11.22 10.73 10.27 9.82 9.39 8.99 8.61 8.25 7.92 7.61 7.33 7.08 6.85 6.65 6.48
35.71 36.25 36.73 37.16 37.53 37.85 38.13 38.35 38.52 38.65 38.72 38.75 38.74 38.68 38.58 38.43 38.24 38.01 37.74 37.43 37.08 36.70 36.30 35.87 35.42 34.95 34.47 33.96 33.43 32.89 32.33 31.75 31.16 30.56 29.94 29.31 28.68 28.03 27.37 26.70 26.03 25.35 24.66 23.97 23.28 22.59 21.89 21.19 20.49 19.80 19.11 18.43 17.77 17.11 16.46 15.82 15.20 14.59 14.00 13.41 12.85 12.30 11.77 11.25 10.76 10.29 9.83 9.40 8.99 8.60 8.24 7.90 7.59 7.31 7.05 6.82 6.62 6.44
35.87 36.41 36.89 37.32 37.70 38.03 38.30 38.53 38.70 38.83 38.91 38.94 38.93 38.88 38.78 38.63 38.45 38.22 37.95 37.64 37.30 36.92 36.52 36.10 35.65 35.18 34.70 34.19 33.66 33.12 32.56 31.99 31.40 30.79 30.17 29.55 28.90 28.25 27.59 26.93 26.25 25.57 24.88 24.18 23.49 22.79 22.08 21.38 20.68 19.98 19.28 18.59 17.91 17.24 16.58 15.93 15.30 14.68 14.08 13.49 12.91 12.35 11.81 11.29 10.79 10.31 9.85 9.41 8.99 8.60 8.23 7.89 7.57 7.28 7.02 6.79 6.58 6.41
36.02 36.56 37.05 37.48 37.86 38.19 38.47 38.70 38.88 39.01 39.09 39.13 39.12 39.07 38.97 38.83 38.65 38.42 38.16 37.85 37.51 37.14 36.74 36.32 35.87 35.41 34.92 34.42 33.89 33.35 32.79 32.22 31.63 31.02 30.40 29.77 29.13 28.48 27.82 27.15 26.47 25.78 25.09 24.39 23.69 22.99 22.28 21.57 20.86 20.16 19.45 18.75 18.06 17.38 16.71 16.05 15.41 14.78 14.16 13.56 12.98 12.41 11.86 11.34 10.83 10.34 9.87 9.42 9.00 8.60 8.23 7.88 7.56 7.27 7.00 6.76 6.55 6.38
36.16 36.70 37.19 37.63 38.01 38.35 38.63 38.86 39.04 39.18 39.26 39.30 39.30 39.25 39.15 39.02 38.84 38.62 38.36 38.06 37.72 37.35 36.95 36.54 36.09 35.63 35.15 34.64 34.12 33.58 33.02 32.45 31.86 31.25 30.63 30.00 29.36 28.70 28.04 27.37 26.69 26.00 25.30 24.60 23.90 23.19 22.48 21.77 21.05 20.34 19.63 18.92 18.21 17.52 16.84 16.17 15.52 14.88 14.25 13.65 13.05 12.48 11.92 11.38 10.87 10.37 9.90 9.44 9.02 8.61 8.23 7.88 7.55 7.25 6.98 6.74 6.53 6.35
36.29 36.84 37.33 37.77 38.16 38.49 38.78 39.01 39.20 39.34 39.43 39.47 39.47 39.43 39.34 39.20 39.03 38.81 38.55 38.26 37.92 37.55 37.16 36.75 36.31 35.85 35.37 34.87 34.34 33.80 33.25 32.67 32.08 31.48 30.86 30.23 29.58 28.93 28.26 27.59 26.90 26.21 25.51 24.81 24.10 23.39 22.67 21.96 21.24 20.52 19.80 19.09 18.38 17.67 16.98 16.30 15.64 14.99 14.35 13.74 13.13 12.55 11.98 11.44 10.91 10.41 9.93 9.47 9.04 8.62 8.24 7.88 7.55 7.24 6.97 6.72 6.51 6.32
36.41 36.96 37.46 37.90 38.29 38.63 38.92 39.16 39.35 39.49 39.59 39.63 39.64 39.59 39.51 39.38 39.21 38.99 38.74 38.45 38.12 37.75 37.37 36.96 36.52 36.06 35.58 35.08 34.56 34.02 33.47 32.89 32.30 31.70 31.08 30.45 29.80 29.15 28.48 27.80 27.12 26.42 25.72 25.02 24.31 23.59 22.87 22.15 21.43 20.70 19.98 19.26 18.54 17.83 17.13 16.44 15.77 15.10 14.46 13.83 13.22 12.63 12.05 11.50 10.97 10.46 9.97 9.50 9.06 8.64 8.25 7.89 7.55 7.24 6.96 6.71 6.49 6.30
36.52 37.07 37.57 38.02 38.42 38.76 39.05 39.30 39.49 39.64 39.74 39.79 39.80 39.76 39.67 39.55 39.38 39.17 38.92 38.64 38.31 37.95 37.57 37.16 36.72 36.27 35.79 35.29 34.78 34.24 33.68 33.11 32.52 31.92 31.30 30.67 30.02 29.36 28.69 28.02 27.33 26.63 25.93 25.22 24.51 23.79 23.07 22.34 21.61 20.89 20.16 19.43 18.71 18.00 17.29 16.59 15.90 15.23 14.57 13.94 13.31 12.71 12.13 11.57 11.03 10.51 10.01 9.54 9.09 8.67 8.27 7.90 7.56 7.24 6.96 6.70 6.48 6.29
36.62 37.18 37.68 38.14 38.53 38.88 39.18 39.43 39.63 39.78 39.88 39.93 39.95 39.91 39.83 39.71 39.55 39.35 39.10 38.82 38.49 38.14 37.76 37.35 36.92 36.47 36.00 35.50 34.99 34.45 33.90 33.33 32.74 32.13 31.51 30.88 30.24 29.58 28.91 28.23 27.54 26.84 26.14 25.43 24.71 23.99 23.26 22.53 21.80 21.07 20.34 19.61 18.88 18.16 17.45 16.74 16.04 15.36 14.69 14.05 13.42 12.81 12.21 11.64 11.09 10.57 10.06 9.58 9.13 8.70 8.29 7.92 7.57 7.25 6.96 6.70 6.47 6.28
36.71 37.27 37.78 38.24 38.64 38.99 39.30 39.55 39.75 39.90 40.01 40.07 40.09 40.06 39.99 39.87 39.71 39.51 39.27 38.99 38.67 38.32 37.95 37.54 37.12 36.67 36.20 35.71 35.19 34.66 34.11 33.54 32.95 32.34 31.73 31.09 30.45 29.79 29.12 28.44 27.75 27.05 26.34 25.63 24.91 24.18 23.45 22.72 21.98 21.25 20.52 19.78 19.05 18.33 17.61 16.90 16.19 15.50 14.82 14.17 13.53 12.90 12.30 11.73 11.17 10.63 10.12 9.63 9.17 8.73 8.32 7.94 7.59 7.26 6.97 6.70 6.47 6.27
36.79 37.36 37.87 38.33 38.74 39.10 39.40 39.66 39.87 40.02 40.14 40.20 40.22 40.20 40.13 40.02 39.86 39.67 39.43 39.16 38.84 38.50 38.13 37.73 37.31 36.86 36.39 35.90 35.39 34.86 34.31 33.74 33.15 32.55 31.93 31.30 30.66 30.00 29.33 28.64 27.95 27.25 26.54 25.83 25.10 24.37 23.64 22.91 22.17 21.43 20.69 19.96 19.22 18.50 17.77 17.06 16.35 15.65 14.96 14.29 13.64 13.01 12.40 11.81 11.25 10.71 10.19 9.69 9.22 8.78 8.36 7.97 7.61 7.28 6.98 6.71 6.48 6.27
