data_processed/recharge/precip/Precip_1998_10.asc
ncols        168
nrows        136
xllcorner    455000
yllcorner    2107000
cellsize     500
NODATA_value     -99999
[rows 33 to 65 of 136, columns 0 to 73 of 168]
201.05 199.03 196.91 194.71 192.46 190.17 187.85 185.47 183.04 180.57 178.08 175.58 173.09 170.63 168.22 165.86 163.56 161.31 159.11 156.95 154.85 152.80 150.80 148.86 146.97 145.14 143.30 141.45 139.58 137.69 135.79 133.87 131.96 130.03 128.11 126.19 124.27 122.36 120.46 118.58 116.72 114.87 113.05 111.25 109.49 107.75 106.06 104.40 102.78 101.21 99.68 98.21 96.79 95.43 94.12 92.88 91.71 90.60 89.57 88.61 87.72 86.84 85.92 84.97 83.99 82.99 81.95 80.90 79.82 78.72 77.63 76.59 75.63 74.72
200.28 198.37 196.36 194.28 192.13 189.93 187.72 185.48 183.20 180.88 178.53 176.17 173.81 171.47 169.17 166.92 164.73 162.58 160.48 158.42 156.41 154.46 152.55 150.69 148.88 147.07 145.23 143.37 141.49 139.58 137.66 135.73 133.79 131.84 129.89 127.93 125.98 124.04 122.10 120.17 118.26 116.37 114.49 112.64 110.82 109.03 107.27 105.54 103.86 102.21 100.61 99.06 97.56 96.12 94.73 93.40 92.13 90.94 89.81 88.75 87.77 86.85 85.94 85.01 84.04 83.04 82.02 80.97 79.90 78.81 77.72 76.69 75.73 74.83
199.51 197.72 195.82 193.85 191.80 189.71 187.58 185.45 183.32 181.15 178.95 176.72 174.50 172.29 170.11 167.98 165.90 163.86 161.87 159.91 158.01 156.15 154.34 152.57 150.79 148.98 147.14 145.28 143.39 141.47 139.54 137.59 135.63 133.66 131.68 129.70 127.72 125.74 123.77 121.80 119.85 117.91 115.99 114.09 112.22 110.37 108.55 106.76 105.01 103.30 101.63 100.01 98.43 96.91 95.44 94.03 92.68 91.39 90.17 89.02 87.94 86.93 85.99 85.07 84.11 83.12 82.11 81.07 80.01 78.92 77.85 76.82 75.87 74.98
198.75 197.08 195.30 193.43 191.49 189.50 187.47 185.43 183.40 181.37 179.32 177.25 175.17 173.10 171.05 169.04 167.08 165.15 163.27 161.43 159.63 157.88 156.16 154.44 152.67 150.87 149.03 147.16 145.27 143.35 141.41 139.45 137.47 135.49 133.49 131.49 129.48 127.47 125.47 123.47 121.48 119.50 117.54 115.59 113.67 111.77 109.90 108.06 106.25 104.47 102.74 101.05 99.40 97.81 96.26 94.77 93.33 91.96 90.65 89.41 88.24 87.14 86.11 85.16 84.21 83.23 82.23 81.20 80.15 79.08 78.01 76.99 76.05 75.16
198.01 196.46 194.80 193.04 191.21 189.32 187.39 185.44 183.50 181.57 179.66 177.74 175.81 173.88 171.97 170.09 168.25 166.45 164.69 162.97 161.29 159.64 157.97 156.26 154.51 152.72 150.89 149.03 147.13 145.21 143.27 141.30 139.32 137.32 135.31 133.28 131.26 129.23 127.19 125.17 123.15 121.13 119.13 117.15 115.18 113.23 111.31 109.42 107.55 105.72 103.93 102.17 100.46 98.80 97.18 95.61 94.10 92.65 91.26 89.93 88.67 87.48 86.36 85.32 84.34 83.38 82.38 81.37 80.33 79.26 78.20 77.20 76.26 75.39
197.30 195.88 194.34 192.69 190.97 189.18 187.35 185.50 183.64 181.79 179.98 178.20 176.43 174.65 172.88 171.14 169.44 167.77 166.13 164.54 162.97 161.38 159.73 158.05 156.31 154.53 152.72 150.86 148.98 147.06 145.12 143.15 141.16 139.15 137.13 135.09 133.05 131.00 128.95 126.89 124.84 122.80 120.77 118.75 116.74 114.75 112.79 110.84 108.93 107.05 105.20 103.38 101.61 99.88 98.20 96.56 94.98 93.45 91.98 90.57 89.22 87.94 86.74 85.60 84.54 83.55 82.57 81.57 80.54 79.49 78.44 77.45 76.52 75.66
196.63 195.34 193.92 192.39 190.78 189.09 187.36 185.61 183.84 182.08 180.35 178.66 177.03 175.40 173.78 172.19 170.62 169.09 167.59 166.12 164.61 163.06 161.44 159.78 158.07 156.31 154.51 152.67 150.79 148.89 146.95 144.98 142.99 140.98 138.95 136.91 134.85 132.79 130.72 128.65 126.57 124.50 122.44 120.39 118.35 116.32 114.32 112.33 110.37 108.44 106.54 104.67 102.84 101.05 99.31 97.61 95.95 94.36 92.81 91.32 89.90 88.54 87.25 86.02 84.87 83.80 82.80 81.80 80.79 79.75 78.71 77.73 76.82 75.97
196.02 194.85 193.55 192.14 190.64 189.07 187.44 185.78 184.10 182.43 180.78 179.17 177.63 176.14 174.68 173.24 171.82 170.43 169.06 167.66 166.20 164.67 163.09 161.46 159.77 158.04 156.26 154.44 152.58 150.69 148.76 146.80 144.81 142.80 140.77 138.73 136.66 134.59 132.51 130.42 128.33 126.24 124.15 122.07 120.00 117.95 115.90 113.88 111.88 109.91 107.96 106.04 104.16 102.31 100.51 98.75 97.03 95.37 93.75 92.20 90.70 89.26 87.88 86.58 85.34 84.18 83.10 82.08 81.08 80.05 79.03 78.06 77.16 76.30
195.46 194.43 193.25 191.96 190.57 189.11 187.58 186.02 184.44 182.85 181.29 179.76 178.29 176.89 175.57 174.28 173.02 171.77 170.48 169.13 167.71 166.23 164.68 163.08 161.43 159.73 157.97 156.18 154.34 152.46 150.54 148.60 146.62 144.62 142.59 140.54 138.48 136.40 134.31 132.21 130.11 128.00 125.89 123.79 121.70 119.61 117.54 115.48 113.45 111.43 109.44 107.48 105.55 103.66 101.80 99.98 98.21 96.48 94.80 93.18 91.61 90.09 88.65 87.26 85.94 84.70 83.53 82.43 81.40 80.39 79.38 78.43 77.52 76.65
194.98 194.08 193.03 191.86 190.59 189.23 187.81 186.35 184.86 183.37 181.88 180.44 179.04 177.71 176.48 175.33 174.21 173.05 171.82 170.52 169.15 167.71 166.21 164.65 163.03 161.36 159.64 157.87 156.05 154.20 152.30 150.37 148.41 146.42 144.40 142.36 140.29 138.21 136.12 134.01 131.90 129.78 127.66 125.54 123.43 121.32 119.22 117.14 115.07 113.02 110.99 108.99 107.02 105.08 103.17 101.30 99.47 97.69 95.95 94.26 92.63 91.05 89.53 88.07 86.67 85.35 84.09 82.91 81.81 80.78 79.78 78.82 77.89 77.00
194.51 193.74 192.83 191.78 190.63 189.40 188.09 186.73 185.34 183.95 182.56 181.19 179.88 178.63 177.46 176.40 175.37 174.27 173.10 171.85 170.53 169.14 167.69 166.17 164.59 162.96 161.27 159.53 157.75 155.92 154.04 152.13 150.19 148.21 146.20 144.17 142.12 140.04 137.95 135.84 133.72 131.59 129.46 127.33 125.20 123.07 120.95 118.84 116.75 114.67 112.61 110.57 108.56 106.58 104.62 102.71 100.83 98.99 97.20 95.45 93.75 92.11 90.52 88.99 87.53 86.12 84.79 83.53 82.34 81.22 80.14 79.16 78.21 77.29
193.75 193.15 192.39 191.50 190.50 189.40 188.23 187.01 185.75 184.47 183.20 181.95 180.74 179.59 178.52 177.52 176.56 175.52 174.41 173.21 171.95 170.61 169.20 167.73 166.19 164.59 162.94 161.24 159.48 157.68 155.83 153.94 152.02 150.06 148.06 146.04 143.99 141.92 139.83 137.72 135.60 133.47 131.33 129.18 127.03 124.89 122.75 120.62 118.49 116.39 114.29 112.22 110.17 108.15 106.15 104.19 102.26 100.37 98.52 96.72 94.96 93.26 91.60 90.01 88.47 86.99 85.58 84.24 82.96 81.63 80.28 79.16 78.19 77.26
192.63 192.22 191.66 190.96 190.14 189.22 188.22 187.16 186.07 184.95 183.83 182.72 181.66 180.64 179.65 178.72 177.81 176.83 175.77 174.64 173.42 172.13 170.77 169.35 167.85 166.30 164.68 163.01 161.28 159.51 157.69 155.82 153.91 151.97 149.99 147.98 145.93 143.87 141.78 139.67 137.55 135.41 133.26 131.10 128.94 126.78 124.62 122.46 120.31 118.17 116.05 113.94 111.86 109.79 107.76 105.75 103.77 101.83 99.93 98.07 96.25 94.48 92.76 91.10 89.49 87.94 86.45 85.01 83.53 81.90 80.24 78.85 77.76 76.81
191.22 191.04 190.70 190.22 189.62 188.91 188.12 187.27 186.37 185.44 184.50 183.58 182.68 181.76 180.85 179.98 179.13 178.21 177.20 176.12 174.96 173.72 172.41 171.03 169.57 168.06 166.48 164.84 163.15 161.40 159.60 157.76 155.87 153.94 151.98 149.98 147.94 145.88 143.80 141.69 139.56 137.41 135.26 133.09 130.91 128.73 126.55 124.37 122.20 120.03 117.88 115.74 113.61 111.51 109.43 107.38 105.35 103.36 101.40 99.49 97.61 95.78 93.99 92.26 90.58 88.95 87.38 85.75 83.98 82.04 80.06 78.37 77.03 75.98
189.57 189.66 189.59 189.36 189.01 188.55 188.00 187.38 186.71 186.01 185.29 184.57 183.79 182.95 182.11 181.30 180.52 179.65 178.70 177.66 176.55 175.37 174.10 172.76 171.35 169.88 168.34 166.73 165.07 163.35 161.58 159.76 157.89 155.98 154.03 152.04 150.01 147.96 145.88 143.77 141.64 139.49 137.32 135.14 132.95 130.75 128.55 126.35 124.15 121.96 119.77 117.60 115.44 113.29 111.17 109.07 107.00 104.96 102.95 100.97 99.04 97.14 95.29 93.49 91.74 90.03 88.27 86.36 84.29 82.05 79.77 77.79 76.16 74.86
187.76 188.15 188.37 188.44 188.37 188.19 187.92 187.57 187.16 186.72 186.24 185.66 184.96 184.20 183.42 182.69 181.96 181.15 180.25 179.27 178.20 177.06 175.85 174.56 173.19 171.75 170.25 168.68 167.05 165.36 163.61 161.81 159.97 158.07 156.13 154.16 152.14 150.09 148.01 145.90 143.77 141.62 139.44 137.25 135.05 132.83 130.61 128.39 126.17 123.94 121.73 119.52 117.32 115.14 112.98 110.83 108.71 106.62 104.56 102.53 100.53 98.57 96.66 94.79 92.96 91.07 89.04 86.84 84.47 81.94 79.37 77.10 75.19 73.63
185.85 186.58 187.12 187.52 187.77 187.91 187.94 187.90 187.79 187.62 187.29 186.80 186.19 185.50 184.80 184.13 183.46 182.71 181.86 180.93 179.91 178.82 177.65 176.40 175.08 173.68 172.21 170.68 169.08 167.42 165.70 163.92 162.09 160.22 158.30 156.33 154.33 152.28 150.21 148.10 145.96 143.80 141.62 139.42 137.20 134.97 132.73 130.49 128.24 125.99 123.74 121.50 119.27 117.05 114.84 112.65 110.49 108.34 106.23 104.14 102.09 100.07 98.09 96.14 94.14 91.99 89.67 87.19 84.54 81.73 78.87 76.32 74.14 72.31
183.90 185.00 185.91 186.66 187.27 187.75 188.13 188.43 188.63 188.63 188.41 188.00 187.47 186.86 186.23 185.63 185.02 184.32 183.53 182.65 181.67 180.62 179.49 178.29 177.01 175.65 174.22 172.72 171.16 169.52 167.83 166.08 164.27 162.42 160.51 158.56 156.56 154.52 152.45 150.34 148.21 146.04 143.85 141.64 139.41 137.17 134.91 132.64 130.37 128.09 125.81 123.54 121.27 119.01 116.76 114.53 112.32 110.12 107.96 105.81 103.70 101.62 99.57 97.46 95.19 92.77 90.19 87.43 84.51 81.42 78.29 75.47 73.02 70.94
181.98 183.48 184.79 185.94 186.94 187.80 188.56 189.20 189.59 189.70 189.57 189.25 188.80 188.27 187.71 187.18 186.63 185.99 185.25 184.42 183.49 182.48 181.39 180.23 178.99 177.67 176.28 174.82 173.28 171.68 170.01 168.29 166.50 164.66 162.77 160.83 158.84 156.81 154.74 152.64 150.50 148.33 146.13 143.91 141.67 139.41 137.13 134.85 132.55 130.24 127.94 125.63 123.33 121.03 118.74 116.46 114.20 111.96 109.74 107.54 105.37 103.22 101.01 98.65 96.13 93.44 90.59 87.58 84.39 81.02 77.62 74.54 71.84 69.51
180.16 182.09 183.84 185.41 186.83 188.12 189.25 190.10 190.60 190.81 190.78 190.55 190.18 189.73 189.25 188.78 188.30 187.71 187.03 186.24 185.37 184.40 183.35 182.22 181.01 179.73 178.38 176.95 175.45 173.88 172.24 170.53 168.77 166.95 165.07 163.15 161.17 159.15 157.08 154.98 152.84 150.67 148.46 146.23 143.98 141.70 139.41 137.10 134.78 132.45 130.11 127.77 125.43 123.10 120.77 118.45 116.14 113.85 111.57 109.32 107.08 104.78 102.33 99.72 96.95 94.01 90.90 87.63 84.18 80.55 76.89 73.55 70.60 68.03
178.49 180.90 183.11 185.15 187.03 188.72 190.08 191.05 191.66 191.97 192.03 191.89 191.61 191.24 190.83 190.42 190.00 189.48 188.85 188.12 187.29 186.36 185.35 184.25 183.08 181.83 180.52 179.12 177.65 176.11 174.50 172.82 171.08 169.28 167.42 165.50 163.54 161.52 159.46 157.36 155.22 153.05 150.84 148.60 146.33 144.04 141.72 139.39 137.05 134.69 132.33 129.96 127.58 125.21 122.84 120.48 118.12 115.78 113.46 111.14 108.76 106.22 103.53 100.68 97.67 94.48 91.13 87.60 83.89 80.01 76.10 72.51 69.32 66.52
177.04 179.96 182.68 185.21 187.53 189.48 190.96 192.04 192.76 193.17 193.32 193.28 193.08 192.79 192.45 192.12 191.76 191.30 190.72 190.04 189.26 188.38 187.40 186.34 185.20 183.98 182.69 181.33 179.89 178.38 176.80 175.15 173.43 171.64 169.80 167.90 165.94 163.94 161.88 159.79 157.64 155.46 153.25 151.00 148.72 146.41 144.08 141.73 139.37 136.98 134.59 132.19 129.78 127.37 124.96 122.55 120.15 117.76 115.38 112.92 110.32 107.55 104.63 101.54 98.29 94.87 91.27 87.50 83.55 79.42 75.26 71.43 68.01 64.98
175.89 179.35 182.60 185.61 188.20 190.28 191.88 193.07 193.90 194.41 194.66 194.70 194.59 194.38 194.11 193.85 193.56 193.15 192.63 192.00 191.27 190.43 189.50 188.48 187.37 186.18 184.91 183.57 182.17 180.69 179.13 177.50 175.81 174.04 172.22 170.33 168.39 166.39 164.34 162.24 160.10 157.92 155.70 153.44 151.15 148.83 146.48 144.11 141.72 139.31 136.89 134.45 132.01 129.56 127.11 124.67 122.22 119.77 117.25 114.59 111.76 108.78 105.63 102.32 98.83 95.18 91.35 87.34 83.16 78.79 74.39 70.33 66.68 63.44
175.08 179.12 182.89 186.18 188.91 191.11 192.84 194.14 195.07 195.68 196.03 196.17 196.14 196.01 195.82 195.62 195.39 195.05 194.59 194.01 193.32 192.53 191.64 190.65 189.58 188.42 187.18 185.86 184.47 183.02 181.49 179.89 178.22 176.47 174.66 172.79 170.86 168.87 166.83 164.73 162.59 160.40 158.18 155.91 153.61 151.27 148.91 146.52 144.11 141.67 139.22 136.76 134.28 131.80 129.31 126.82 124.32 121.74 119.02 116.15 113.11 109.91 106.54 103.01 99.30 95.43 91.37 87.14 82.72 78.12 73.49 69.20 65.34 61.89
174.70 179.28 183.35 186.79 189.65 191.98 193.82 195.24 196.28 196.99 197.44 197.66 197.73 197.67 197.56 197.43 197.27 196.99 196.58 196.05 195.42 194.67 193.82 192.87 191.83 190.70 189.48 188.19 186.82 185.38 183.88 182.30 180.65 178.93 177.14 175.28 173.36 171.38 169.34 167.25 165.11 162.92 160.69 158.41 156.10 153.75 151.37 148.96 146.53 144.07 141.59 139.09 136.59 134.06 131.54 128.99 126.37 123.61 120.69 117.61 114.36 110.96 107.38 103.63 99.72 95.62 91.35 86.89 82.26 77.43 72.57 68.07 64.00 60.35
174.73 179.63 183.86 187.43 190.42 192.87 194.84 196.37 197.51 198.33 198.88 199.19 199.34 199.37 199.33 199.27 199.18 198.95 198.61 198.14 197.55 196.85 196.04 195.13 194.12 193.02 191.83 190.56 189.21 187.79 186.30 184.74 183.11 181.41 179.64 177.79 175.88 173.91 171.88 169.79 167.65 165.46 163.23 160.94 158.62 156.26 153.86 151.43 148.98 146.49 143.99 141.46 138.92 136.36 133.79 131.13 128.33 125.37 122.26 118.98 115.54 111.93 108.15 104.20 100.08 95.77 91.29 86.62 81.77 76.73 71.66 66.95 62.67 58.82
174.96 180.02 184.38 188.10 191.22 193.79 195.88 197.52 198.78 199.70 200.34 200.75 200.99 201.10 201.13 201.15 201.12 200.96 200.67 200.25 199.71 199.06 198.29 197.42 196.44 195.37 194.21 192.96 191.63 190.22 188.75 187.20 185.59 183.91 182.15 180.33 178.43 176.47 174.44 172.36 170.22 168.03 165.79 163.50 161.16 158.79 156.38 153.93 151.45 148.94 146.41 143.85 141.28 138.68 135.99 133.17 130.18 127.04 123.74 120.27 116.64 112.84 108.87 104.72 100.40 95.89 91.21 86.34 81.28 76.03 70.75 65.83 61.36 57.33
175.22 180.43 184.94 188.79 192.04 194.74 196.94 198.70 200.07 201.10 201.84 202.34 202.66 202.85 202.97 203.05 203.09 202.99 202.76 202.39 201.91 201.30 200.57 199.74 198.80 197.76 196.62 195.40 194.09 192.70 191.23 189.70 188.09 186.43 184.69 182.88 180.99 179.04 177.02 174.94 172.81 170.61 168.37 166.07 163.73 161.34 158.91 156.44 153.94 151.41 148.85 146.27 143.65 140.95 138.10 135.10 131.94 128.63 125.15 121.50 117.68 113.70 109.54 105.20 100.69 95.99 91.11 86.04 80.78 75.33 69.85 64.74 60.09 55.87
175.50 180.86 185.51 189.50 192.88 195.71 198.03 199.91 201.38 202.52 203.35 203.95 204.36 204.63 204.82 204.98 205.08 205.05 204.87 204.57 204.13 203.57 202.89 202.09 201.19 200.18 199.07 197.87 196.58 195.20 193.75 192.22 190.62 188.96 187.24 185.44 183.57 181.63 179.62 177.54 175.41 173.21 170.96 168.66 166.31 163.91 161.46 158.98 156.46 153.90 151.31 148.69 145.98 143.13 140.12 136.95 133.63 130.14 126.49 122.67 118.68 114.52 110.18 105.66 100.96 96.08 91.01 85.75 80.30 74.66 68.98 63.69 58.85 54.47
175.79 181.30 186.10 190.22 193.74 196.69 199.14 201.13 202.72 203.95 204.89 205.58 206.08 206.44 206.71 206.93 207.10 207.13 207.02 206.76 206.38 205.86 205.23 204.47 203.60 202.63 201.55 200.37 199.10 197.74 196.30 194.78 193.19 191.53 189.80 188.02 186.16 184.23 182.23 180.16 178.02 175.83 173.57 171.26 168.90 166.49 164.03 161.53 158.99 156.41 153.79 151.07 148.22 145.21 142.05 138.72 135.24 131.59 127.78 123.79 119.63 115.30 110.79 106.10 101.23 96.17 90.92 85.48 79.84 74.01 68.15 62.68 57.67 53.12
176.10 181.76 186.70 190.97 194.61 197.70 200.26 202.37 204.07 205.41 206.45 207.24 207.82 208.26 208.61 208.91 209.14 209.24 209.18 208.98 208.65 208.18 207.59 206.88 206.05 205.10 204.05 202.90 201.65 200.31 198.88 197.37 195.78 194.12 192.39 190.61 188.76 186.84 184.84 182.78 180.64 178.45 176.19 173.87 171.50 169.08 166.61 164.09 161.52 158.92 156.21 153.37 150.37 147.22 143.90 140.43 136.79 132.99 129.02 124.88 120.56 116.07 111.39 106.53 101.49 96.26 90.84 85.23 79.42 73.41 67.37 61.72 56.56 51.85
176.43 182.24 187.32 191.72 195.50 198.71 201.40 203.63 205.44 206.88 208.02 208.90 209.58 210.10 210.53 210.90 211.20 211.36 211.37 211.23 210.94 210.53 209.98 209.30 208.51 207.60 206.58 205.45 204.22 202.90 201.48 199.98 198.40 196.74 195.01 193.22 191.36 189.45 187.46 185.40 183.27 181.08 178.82 176.49 174.11 171.68 169.19 166.65 164.07 161.38 158.55 155.57 152.44 149.15 145.70 142.08 138.30 134.35 130.23 125.94 121.47 116.82 111.99 106.97 101.77 96.38 90.79 85.01 79.03 72.86 66.64 60.84 55.51 50.66
176.76 182.72 187.94 192.49 196.40 199.74 202.55 204.89 206.81 208.37 209.61 210.58 211.35 211.96 212.46 212.91 213.28 213.50 213.57 213.48 213.26 212.89 212.38 211.75 210.99 210.12 209.12 208.02 206.81 205.51 204.11 202.62 201.04 199.38 197.65 195.86 193.99 192.07 190.08 188.03 185.90 183.71 181.44 179.12 176.73 174.28 171.78 169.22 166.56 163.76 160.81 157.70 154.44 151.02 147.43 143.69 139.77 135.68 131.42 126.98 122.37 117.57 112.59 107.43 102.07 96.53 90.78 84.84 78.71 72.36 65.99 60.02 54.55 49.56
