data_processed/recharge/precip/Precip_2001_06.asc
ncols        168
nrows        136
xllcorner    455000
yllcorner    2107000
cellsize     500
NODATA_value     -99999
[rows 32 to 63 of 136, columns 0 to 72 of 168]
191.11 195.16 199.07 202.82 206.40 209.80 213.00 215.99 218.77 221.31 223.61 225.66 227.43 228.92 230.12 231.01 231.58 231.83 231.73 231.30 230.56 229.40 228.05 226.57 224.97 223.24 221.40 219.44 217.38 215.22 212.97 210.62 208.19 205.68 203.10 200.44 197.72 194.93 192.10 189.21 186.27 183.30 180.29 177.25 174.18 171.10 167.99 164.88 161.77 158.65 155.54 152.43 149.34 146.28 143.23 140.22 137.24 134.30 131.40 128.56 125.77 123.04 120.37 117.77 115.25 112.81 110.45 108.19 106.01 103.94 101.97 100.12 98.37
192.93 196.88 200.68 204.31 207.76 211.03 214.10 216.95 219.58 221.97 224.11 225.99 227.59 228.91 229.93 230.63 231.01 231.06 230.75 230.09 229.19 228.14 226.95 225.63 224.18 222.60 220.90 219.08 217.16 215.13 213.00 210.77 208.45 206.05 203.57 201.01 198.39 195.69 192.94 190.13 187.27 184.37 181.42 178.44 175.43 172.40 169.34 166.27 163.19 160.10 157.02 153.93 150.86 147.80 144.77 141.76 138.77 135.82 132.92 130.05 127.24 124.48 121.78 119.15 116.59 114.10 111.69 109.36 107.13 104.99 102.95 101.02 99.19
194.95 198.77 202.42 205.91 209.22 212.34 215.24 217.93 220.39 222.61 224.56 226.25 227.66 228.78 229.59 230.08 230.25 230.07 229.55 228.79 227.94 227.02 225.99 224.83 223.53 222.10 220.54 218.86 217.07 215.17 213.16 211.05 208.85 206.55 204.17 201.71 199.18 196.57 193.90 191.17 188.39 185.55 182.67 179.75 176.80 173.81 170.80 167.77 164.72 161.66 158.60 155.54 152.48 149.44 146.40 143.39 140.40 137.45 134.53 131.64 128.81 126.02 123.29 120.61 118.01 115.47 113.01 110.62 108.33 106.12 104.01 101.99 100.09
197.30 200.96 204.45 207.76 210.89 213.82 216.54 219.03 221.28 223.29 225.03 226.50 227.69 228.57 229.15 229.40 229.31 228.89 228.24 227.52 226.74 225.90 225.00 223.99 222.85 221.56 220.15 218.61 216.95 215.18 213.29 211.31 209.22 207.03 204.76 202.40 199.96 197.44 194.86 192.21 189.50 186.73 183.92 181.06 178.16 175.22 172.26 169.27 166.25 163.23 160.19 157.15 154.11 151.08 148.05 145.04 142.05 139.09 136.15 133.25 130.39 127.57 124.81 122.10 119.45 116.86 114.35 111.91 109.55 107.28 105.09 103.00 101.02
199.96 203.42 206.71 209.82 212.74 215.45 217.94 220.21 222.23 223.99 225.49 226.71 227.63 228.25 228.56 228.53 228.18 227.61 226.98 226.31 225.60 224.83 224.01 223.12 222.13 220.99 219.73 218.33 216.80 215.16 213.40 211.53 209.56 207.49 205.32 203.06 200.72 198.29 195.79 193.23 190.59 187.90 185.15 182.35 179.51 176.63 173.71 170.76 167.79 164.79 161.79 158.77 155.74 152.72 149.71 146.70 143.71 140.73 137.79 134.87 131.99 129.15 126.35 123.61 120.92 118.28 115.72 113.22 110.81 108.47 106.21 104.05 101.98
202.89 206.13 209.18 212.05 214.73 217.19 219.42 221.43 223.18 224.67 225.89 226.82 227.46 227.79 227.79 227.47 226.95 226.38 225.79 225.18 224.52 223.82 223.06 222.24 221.37 220.39 219.26 218.01 216.62 215.11 213.48 211.73 209.88 207.92 205.85 203.70 201.45 199.12 196.71 194.23 191.67 189.05 186.37 183.63 180.85 178.02 175.15 172.25 169.31 166.35 163.37 160.38 157.38 154.37 151.36 148.36 145.37 142.39 139.43 136.50 133.60 130.73 127.91 125.13 122.40 119.72 117.11 114.56 112.08 109.68 107.36 105.12 102.97
206.06 209.03 211.82 214.42 216.82 219.00 220.95 222.66 224.11 225.30 226.21 226.82 227.14 227.14 226.82 226.31 225.77 225.23 224.68 224.11 223.51 222.87 222.16 221.41 220.60 219.74 218.76 217.65 216.40 215.02 213.52 211.90 210.16 208.31 206.36 204.31 202.16 199.93 197.60 195.20 192.73 190.18 187.57 184.90 182.18 179.40 176.58 173.72 170.83 167.91 164.96 161.99 159.01 156.02 153.02 150.02 147.03 144.05 141.09 138.14 135.22 132.33 129.48 126.67 123.90 121.18 118.52 115.92 113.38 110.92 108.53 106.22 103.99
209.42 212.10 214.60 216.90 218.99 220.85 222.48 223.86 224.98 225.84 226.40 226.67 226.63 226.28 225.75 225.21 224.69 224.17 223.65 223.13 222.58 221.98 221.33 220.63 219.88 219.08 218.22 217.25 216.14 214.90 213.52 212.03 210.41 208.68 206.83 204.89 202.84 200.70 198.47 196.16 193.76 191.29 188.75 186.15 183.48 180.77 178.00 175.19 172.34 169.45 166.53 163.59 160.63 157.66 154.67 151.68 148.70 145.71 142.74 139.78 136.85 133.94 131.06 128.21 125.41 122.65 119.94 117.29 114.70 112.17 109.71 107.33 105.00
212.95 215.31 217.47 219.44 221.19 222.70 223.98 225.01 225.77 226.25 226.44 226.33 225.91 225.33 224.76 224.21 223.69 223.19 222.70 222.22 221.72 221.17 220.57 219.92 219.22 218.47 217.66 216.80 215.83 214.73 213.48 212.11 210.62 209.00 207.27 205.43 203.49 201.45 199.31 197.08 194.77 192.38 189.91 187.37 184.77 182.11 179.40 176.63 173.83 170.98 168.10 165.18 162.25 159.29 156.32 153.34 150.36 147.37 144.40 141.43 138.48 135.55 132.64 129.77 126.93 124.13 121.38 118.67 116.03 113.44 110.92 108.44 105.90
216.60 218.61 220.41 222.01 223.39 224.53 225.42 226.06 226.42 226.50 226.28 225.77 225.11 224.46 223.87 223.31 222.80 222.31 221.84 221.39 220.93 220.43 219.88 219.27 218.61 217.91 217.15 216.35 215.48 214.51 213.40 212.16 210.79 209.29 207.67 205.94 204.10 202.16 200.11 197.97 195.74 193.43 191.04 188.57 186.04 183.44 180.78 178.06 175.30 172.49 169.64 166.76 163.85 160.92 157.96 154.99 152.01 149.03 146.05 143.07 140.11 137.16 134.23 131.32 128.45 125.61 122.82 120.07 117.37 114.72 112.11 109.43 106.64
220.35 221.97 223.38 224.58 225.55 226.28 226.76 226.97 226.91 226.56 225.92 225.13 224.38 223.70 223.09 222.52 222.00 221.52 221.08 220.65 220.23 219.77 219.26 218.69 218.08 217.41 216.69 215.93 215.12 214.25 213.27 212.16 210.91 209.53 208.03 206.41 204.67 202.83 200.88 198.83 196.69 194.46 192.14 189.74 187.27 184.73 182.13 179.47 176.75 173.98 171.17 168.32 165.44 162.53 159.59 156.63 153.66 150.68 147.69 144.71 141.73 138.77 135.81 132.88 129.98 127.11 124.27 121.47 118.72 115.99 113.19 110.26 107.21
224.16 225.36 226.35 227.11 227.65 227.93 227.96 227.72 227.20 226.40 225.46 224.58 223.78 223.06 222.42 221.83 221.31 220.83 220.40 220.00 219.62 219.19 218.72 218.19 217.61 216.98 216.30 215.57 214.79 213.97 213.09 212.11 210.99 209.73 208.34 206.83 205.21 203.46 201.61 199.65 197.60 195.45 193.21 190.88 188.48 186.00 183.46 180.85 178.18 175.45 172.68 169.86 167.01 164.12 161.20 158.26 155.29 152.32 149.33 146.34 143.35 140.37 137.40 134.44 131.51 128.60 125.72 122.88 120.05 117.13 114.09 110.92 107.63
227.99 228.74 229.27 229.57 229.64 229.45 229.00 228.27 227.27 226.15 225.10 224.15 223.30 222.54 221.86 221.26 220.72 220.25 219.83 219.45 219.10 218.70 218.26 217.76 217.21 216.61 215.96 215.27 214.52 213.73 212.90 212.01 211.01 209.88 208.61 207.21 205.69 204.05 202.30 200.43 198.47 196.40 194.24 191.99 189.66 187.24 184.75 182.20 179.58 176.90 174.17 171.38 168.56 165.69 162.79 159.86 156.91 153.94 150.95 147.96 144.96 141.96 138.97 135.99 133.03 130.08 127.17 124.25 121.25 118.10 114.82 111.42 107.90
231.81 232.07 232.11 231.92 231.48 230.79 229.83 228.60 227.26 226.01 224.88 223.86 222.96 222.15 221.43 220.80 220.25 219.77 219.35 218.99 218.67 218.30 217.88 217.41 216.89 216.31 215.69 215.03 214.31 213.55 212.74 211.89 210.99 209.97 208.82 207.54 206.13 204.59 202.94 201.17 199.29 197.31 195.23 193.06 190.79 188.45 186.02 183.52 180.95 178.31 175.62 172.88 170.08 167.24 164.36 161.45 158.51 155.55 152.56 149.56 146.56 143.55 140.54 137.54 134.54 131.57 128.59 125.50 122.28 118.91 115.41 111.78 108.04
235.58 235.32 234.84 234.13 233.16 231.92 230.43 228.84 227.36 226.01 224.80 223.71 222.74 221.88 221.12 220.46 219.89 219.40 218.99 218.64 218.33 217.99 217.59 217.14 216.64 216.10 215.50 214.85 214.16 213.42 212.64 211.81 210.94 210.02 208.99 207.82 206.52 205.09 203.53 201.86 200.08 198.18 196.18 194.08 191.89 189.61 187.25 184.80 182.28 179.70 177.05 174.34 171.58 168.77 165.91 163.02 160.09 157.13 154.15 151.15 148.14 145.12 142.09 139.07 136.05 133.02 129.87 126.58 123.14 119.55 115.84 112.01 108.06
239.27 238.46 237.43 236.15 234.62 232.83 230.96 229.21 227.61 226.17 224.87 223.70 222.66 221.74 220.94 220.25 219.65 219.15 218.73 218.39 218.10 217.77 217.39 216.96 216.48 215.95 215.38 214.75 214.08 213.36 212.59 211.78 210.93 210.04 209.09 208.04 206.85 205.53 204.08 202.50 200.81 199.00 197.09 195.07 192.95 190.73 188.43 186.05 183.58 181.05 178.44 175.77 173.04 170.26 167.43 164.55 161.64 158.69 155.72 152.72 149.70 146.67 143.63 140.58 137.52 134.33 130.98 127.48 123.83 120.05 116.14 112.10 107.96
242.83 241.45 239.83 237.96 235.85 233.66 231.61 229.73 228.02 226.47 225.08 223.83 222.72 221.74 220.89 220.16 219.53 219.01 218.59 218.25 217.97 217.66 217.29 216.88 216.41 215.90 215.33 214.72 214.06 213.36 212.61 211.81 210.98 210.10 209.18 208.20 207.13 205.91 204.57 203.09 201.49 199.77 197.94 196.00 193.96 191.81 189.58 187.25 184.84 182.36 179.80 177.17 174.47 171.72 168.92 166.06 163.17 160.23 157.26 154.26 151.24 148.20 145.15 142.06 138.85 135.46 131.92 128.22 124.38 120.41 116.30 112.08 107.75
246.25 244.26 242.02 239.54 237.00 234.62 232.43 230.42 228.59 226.94 225.45 224.11 222.92 221.88 220.97 220.20 219.54 219.00 218.56 218.22 217.95 217.65 217.29 216.89 216.43 215.92 215.37 214.77 214.12 213.42 212.68 211.90 211.07 210.21 209.30 208.35 207.34 206.24 205.00 203.62 202.12 200.49 198.75 196.89 194.92 192.85 190.68 188.41 186.06 183.63 181.11 178.52 175.87 173.15 170.37 167.54 164.66 161.74 158.77 155.78 152.75 149.71 146.62 143.39 139.99 136.42 132.69 128.81 124.79 120.63 116.35 111.95 107.44
249.48 246.84 243.97 241.04 238.30 235.76 233.42 231.28 229.33 227.56 225.97 224.54 223.28 222.16 221.20 220.37 219.68 219.11 218.65 218.31 218.04 217.74 217.39 216.99 216.54 216.04 215.49 214.90 214.25 213.56 212.83 212.05 211.23 210.37 209.46 208.52 207.54 206.50 205.37 204.09 202.69 201.15 199.50 197.72 195.83 193.83 191.73 189.53 187.23 184.85 182.38 179.84 177.22 174.54 171.79 168.98 166.12 163.21 160.26 157.27 154.24 151.16 147.94 144.54 140.96 137.22 133.31 129.26 125.06 120.73 116.28 111.72 107.04
252.48 249.18 245.84 242.69 239.77 237.08 234.59 232.31 230.23 228.35 226.65 225.13 223.78 222.59 221.56 220.68 219.94 219.34 218.87 218.52 218.25 217.95 217.60 217.20 216.75 216.25 215.70 215.11 214.47 213.78 213.05 212.27 211.45 210.59 209.69 208.75 207.77 206.75 205.68 204.51 203.20 201.76 200.19 198.49 196.68 194.76 192.73 190.59 188.36 186.03 183.61 181.11 178.53 175.88 173.16 170.38 167.54 164.65 161.70 158.72 155.67 152.47 149.09 145.52 141.77 137.86 133.79 129.57 125.21 120.72 116.11 111.39 106.57
255.24 251.45 247.87 244.54 241.44 238.58 235.94 233.52 231.31 229.30 227.49 225.87 224.43 223.17 222.07 221.13 220.35 219.71 219.22 218.85 218.57 218.27 217.92 217.52 217.06 216.56 216.01 215.41 214.76 214.07 213.34 212.56 211.74 210.87 209.97 209.02 208.04 207.02 205.96 204.85 203.64 202.30 200.82 199.21 197.48 195.63 193.67 191.60 189.42 187.15 184.79 182.34 179.80 177.18 174.50 171.74 168.92 166.05 163.12 160.11 156.95 153.60 150.05 146.32 142.41 138.35 134.12 129.75 125.24 120.61 115.85 110.98 106.01
257.93 253.89 250.10 246.58 243.31 240.27 237.48 234.91 232.56 230.43 228.50 226.78 225.25 223.90 222.73 221.73 220.90 220.22 219.69 219.31 219.02 218.71 218.35 217.94 217.48 216.97 216.41 215.80 215.15 214.45 213.71 212.92 212.09 211.22 210.31 209.36 208.37 207.34 206.27 205.17 204.02 202.77 201.38 199.86 198.21 196.44 194.55 192.55 190.44 188.23 185.91 183.51 181.01 178.44 175.78 173.06 170.26 167.40 164.46 161.36 158.05 154.54 150.84 146.96 142.91 138.70 134.33 129.82 125.17 120.39 115.50 110.50 105.40
260.79 256.53 252.54 248.82 245.36 242.16 239.20 236.48 233.99 231.73 229.69 227.85 226.22 224.79 223.54 222.48 221.59 220.87 220.31 219.90 219.60 219.28 218.90 218.48 218.01 217.48 216.91 216.29 215.63 214.92 214.16 213.36 212.52 211.64 210.72 209.75 208.75 207.71 206.64 205.52 204.37 203.18 201.88 200.45 198.89 197.19 195.38 193.44 191.40 189.24 186.98 184.63 182.18 179.64 177.02 174.32 171.55 168.69 165.65 162.41 158.96 155.31 151.47 147.45 143.27 138.92 134.42 129.78 125.00 120.10 115.08 109.95 104.73
263.86 259.38 255.19 251.27 247.62 244.24 241.12 238.24 235.61 233.21 231.04 229.09 227.36 225.83 224.51 223.37 222.43 221.66 221.06 220.62 220.30 219.97 219.58 219.13 218.64 218.10 217.52 216.88 216.20 215.47 214.70 213.89 213.03 212.13 211.19 210.21 209.19 208.14 207.05 205.92 204.76 203.56 202.31 200.97 199.49 197.88 196.14 194.27 192.29 190.20 187.99 185.69 183.29 180.79 178.21 175.54 172.77 169.82 166.65 163.27 159.69 155.91 151.94 147.80 143.49 139.02 134.40 129.63 124.74 119.72 114.59 109.35 104.01
267.16 262.46 258.05 253.93 250.09 246.52 243.23 240.19 237.41 234.87 232.58 230.51 228.67 227.05 225.64 224.43 223.42 222.59 221.95 221.49 221.14 220.78 220.37 219.91 219.40 218.84 218.23 217.57 216.87 216.12 215.33 214.49 213.62 212.70 211.74 210.74 209.70 208.63 207.51 206.37 205.18 203.96 202.71 201.42 200.02 198.49 196.83 195.04 193.12 191.09 188.94 186.69 184.33 181.88 179.33 176.68 173.83 170.76 167.47 163.96 160.26 156.36 152.27 148.01 143.59 139.00 134.27 129.40 124.40 119.27 114.04 108.70 103.26
270.69 265.75 261.12 256.80 252.76 249.01 245.54 242.34 239.40 236.72 234.29 232.10 230.15 228.43 226.93 225.64 224.56 223.68 222.99 222.49 222.12 221.73 221.30 220.81 220.27 219.68 219.05 218.37 217.64 216.87 216.05 215.19 214.29 213.35 212.36 211.34 210.27 209.17 208.04 206.87 205.66 204.42 203.14 201.84 200.49 199.03 197.45 195.73 193.88 191.91 189.83 187.63 185.32 182.91 180.38 177.65 174.69 171.51 168.10 164.48 160.67 156.66 152.47 148.10 143.57 138.89 134.06 129.09 123.99 118.77 113.44 108.01 102.48
274.44 269.27 264.42 259.88 255.64 251.70 248.05 244.68 241.58 238.76 236.19 233.88 231.81 229.98 228.39 227.02 225.86 224.92 224.18 223.64 223.24 222.82 222.35 221.84 221.27 220.65 219.99 219.28 218.52 217.72 216.87 215.98 215.05 214.08 213.06 212.01 210.92 209.79 208.62 207.42 206.19 204.92 203.61 202.28 200.91 199.50 197.99 196.35 194.57 192.67 190.64 188.50 186.24 183.86 181.26 178.43 175.36 172.07 168.56 164.84 160.93 156.82 152.54 148.08 143.45 138.68 133.76 128.70 123.51 118.21 112.80 107.29 101.68
278.43 273.02 267.94 263.18 258.74 254.60 250.77 247.23 243.97 240.99 238.28 235.84 233.65 231.71 230.02 228.56 227.33 226.32 225.52 224.94 224.50 224.05 223.55 222.99 222.39 221.74 221.04 220.30 219.51 218.67 217.79 216.87 215.90 214.89 213.85 212.76 211.64 210.47 209.28 208.04 206.77 205.47 204.13 202.77 201.37 199.94 198.47 196.90 195.19 193.35 191.39 189.30 187.07 184.63 181.95 179.02 175.85 172.47 168.86 165.06 161.05 156.86 152.48 147.94 143.24 138.38 133.38 128.25 122.99 117.61 112.13 106.54 100.87
282.65 277.00 271.69 266.71 262.06 257.72 253.70 249.98 246.55 243.41 240.56 237.98 235.67 233.62 231.82 230.27 228.96 227.88 227.03 226.39 225.91 225.42 224.88 224.29 223.65 222.96 222.22 221.44 220.61 219.73 218.81 217.85 216.85 215.80 214.72 213.60 212.43 211.23 210.00 208.72 207.42 206.08 204.70 203.30 201.86 200.40 198.90 197.37 195.73 193.96 192.06 190.01 187.74 185.21 182.43 179.42 176.17 172.70 169.01 165.13 161.04 156.77 152.33 147.71 142.93 138.01 132.94 127.74 122.42 116.98 111.43 105.79 100.06
287.11 281.21 275.67 270.47 265.60 261.06 256.84 252.94 249.34 246.04 243.04 240.32 237.88 235.71 233.81 232.16 230.76 229.61 228.69 228.00 227.47 226.94 226.35 225.72 225.04 224.30 223.52 222.70 221.82 220.91 219.95 218.94 217.90 216.81 215.68 214.51 213.31 212.07 210.79 209.48 208.13 206.75 205.33 203.88 202.41 200.90 199.36 197.80 196.19 194.49 192.63 190.54 188.19 185.59 182.73 179.64 176.32 172.77 169.02 165.06 160.91 156.58 152.07 147.39 142.55 137.57 132.44 127.19 121.81 116.32 110.72 105.03 99.26
291.82 285.67 279.88 274.45 269.36 264.62 260.20 256.11 252.34 248.87 245.72 242.85 240.28 237.99 235.97 234.22 232.73 231.50 230.51 229.76 229.19 228.61 227.98 227.30 226.56 225.78 224.96 224.08 223.16 222.20 221.19 220.14 219.05 217.91 216.74 215.52 214.27 212.98 211.66 210.30 208.90 207.48 206.02 204.52 203.00 201.45 199.86 198.25 196.62 194.92 193.03 190.87 188.45 185.78 182.85 179.70 176.31 172.71 168.89 164.88 160.67 156.28 151.71 146.98 142.10 137.07 131.90 126.60 121.18 115.64 110.01 104.28 98.47
296.77 290.37 284.34 278.67 273.36 268.40 263.78 259.50 255.55 251.91 248.60 245.58 242.87 240.46 238.32 236.47 234.89 233.57 232.51 231.70 231.07 230.43 229.75 229.02 228.23 227.40 226.52 225.60 224.62 223.61 222.55 221.45 220.30 219.12 217.89 216.63 215.32 213.99 212.61 211.20 209.75 208.27 206.76 205.22 203.65 202.04 200.41 198.75 197.04 195.22 193.22 191.00 188.52 185.79 182.81 179.60 176.16 172.50 168.64 164.57 160.32 155.89 151.28 146.51 141.59 136.52 131.31 125.98 120.53 114.96 109.30 103.55 97.71
