data_processed/recharge/precip/Precip_2003_05.asc
ncols        168
nrows        136
xllcorner    455000
yllcorner    2107000
cellsize     500
NODATA_value     -99999
[rows 102 to 135 of 136, columns 0 to 76 of 168]
25.65 25.47 25.98 26.85 27.83 28.86 29.94 31.03 32.13 33.21 34.26 35.25 36.17 36.99 37.71 38.30 38.74 39.00 39.03 38.76 38.18 37.32 36.18 34.84 33.44 31.99 30.52 29.04 27.57 26.16 24.84 23.61 22.46 21.40 20.43 19.55 18.76 18.06 17.46 16.94 16.53 16.20 15.98 15.86 15.90 16.11 16.48 16.99 17.63 18.30 18.97 19.64 20.32 21.00 21.69 22.36 23.02 23.64 24.23 24.77 25.25 25.67 26.02 26.28 26.46 26.53 26.50 26.35 26.08 25.73 25.35 24.96 24.53 24.08 23.62 23.23 22.91
26.43 26.69 27.35 28.14 29.00 29.92 30.88 31.86 32.85 33.82 34.76 35.64 36.46 37.18 37.79 38.27 38.61 38.78 38.76 38.50 37.95 37.11 36.00 34.68 33.30 31.88 30.44 29.00 27.61 26.30 25.06 23.90 22.82 21.81 20.88 20.03 19.26 18.57 17.96 17.43 16.99 16.64 16.37 16.19 16.10 16.17 16.38 16.75 17.24 17.79 18.34 18.92 19.52 20.15 20.78 21.41 22.04 22.65 23.23 23.78 24.29 24.74 25.14 25.46 25.71 25.88 25.94 25.91 25.76 25.50 25.15 24.78 24.38 23.95 23.52 23.15 22.86
27.19 27.65 28.25 28.95 29.73 30.58 31.46 32.37 33.28 34.18 35.04 35.85 36.59 37.25 37.79 38.20 38.47 38.58 38.50 38.21 37.68 36.87 35.78 34.50 33.15 31.76 30.36 29.01 27.72 26.49 25.33 24.23 23.20 22.23 21.34 20.51 19.75 19.06 18.44 17.90 17.43 17.03 16.71 16.46 16.29 16.22 16.27 16.47 16.80 17.20 17.63 18.10 18.60 19.14 19.70 20.28 20.86 21.43 22.00 22.54 23.05 23.53 23.96 24.33 24.64 24.87 25.02 25.08 25.04 24.90 24.64 24.30 23.93 23.53 23.13 22.79 22.53
27.58 28.02 28.58 29.24 29.98 30.78 31.62 32.48 33.36 34.21 35.04 35.81 36.52 37.13 37.64 38.02 38.26 38.33 38.22 37.91 37.38 36.59 35.54 34.29 32.97 31.63 30.33 29.07 27.87 26.72 25.63 24.59 23.60 22.67 21.80 20.98 20.22 19.53 18.89 18.32 17.81 17.36 16.98 16.67 16.42 16.24 16.14 16.16 16.31 16.54 16.82 17.16 17.55 17.99 18.46 18.96 19.48 20.01 20.54 21.05 21.56 22.03 22.48 22.88 23.22 23.51 23.73 23.87 23.92 23.88 23.74 23.48 23.15 22.78 22.41 22.11 21.88
27.31 27.74 28.29 28.93 29.66 30.45 31.29 32.15 33.01 33.87 34.69 35.46 36.16 36.78 37.29 37.67 37.91 37.99 37.88 37.57 37.05 36.29 35.27 34.05 32.79 31.55 30.34 29.18 28.06 26.98 25.94 24.95 24.00 23.10 22.24 21.43 20.67 19.96 19.30 18.69 18.14 17.63 17.18 16.79 16.45 16.17 15.95 15.79 15.75 15.80 15.92 16.11 16.38 16.70 17.06 17.47 17.91 18.37 18.84 19.32 19.80 20.26 20.70 21.11 21.48 21.81 22.07 22.28 22.41 22.45 22.41 22.27 22.02 21.69 21.36 21.09 20.89
26.30 26.75 27.31 27.99 28.74 29.56 30.42 31.30 32.20 33.08 33.93 34.74 35.47 36.12 36.67 37.09 37.36 37.48 37.41 37.14 36.66 35.94 34.96 33.81 32.65 31.51 30.40 29.32 28.27 27.25 26.27 25.31 24.40 23.51 22.67 21.85 21.08 20.35 19.65 19.00 18.39 17.82 17.30 16.82 16.38 15.99 15.65 15.36 15.13 14.98 14.93 14.96 15.08 15.26 15.51 15.81 16.15 16.52 16.93 17.35 17.78 18.21 18.63 19.04 19.42 19.76 20.06 20.31 20.50 20.62 20.66 20.61 20.47 20.23 19.94 19.71 19.53
24.90 25.38 25.99 26.71 27.50 28.36 29.27 30.20 31.14 32.08 32.98 33.83 34.62 35.32 35.91 36.39 36.72 36.89 36.88 36.67 36.24 35.58 34.72 33.74 32.69 31.65 30.62 29.61 28.62 27.65 26.71 25.78 24.88 24.01 23.16 22.34 21.54 20.77 20.03 19.33 18.65 18.00 17.39 16.81 16.27 15.76 15.29 14.86 14.51 14.20 13.96 13.83 13.78 13.82 13.93 14.10 14.34 14.62 14.94 15.29 15.66 16.05 16.44 16.83 17.20 17.55 17.87 18.16 18.39 18.57 18.68 18.72 18.68 18.56 18.39 18.20 18.06
23.69 24.22 24.86 25.61 26.44 27.34 28.28 29.26 30.24 31.21 32.16 33.05 33.88 34.63 35.27 35.79 36.17 36.39 36.43 36.27 35.90 35.35 34.71 33.97 33.08 32.12 31.16 30.21 29.26 28.33 27.41 26.50 25.60 24.72 23.85 23.00 22.16 21.34 20.54 19.76 19.00 18.26 17.55 16.86 16.19 15.55 14.94 14.41 13.98 13.58 13.19 12.88 12.66 12.55 12.52 12.56 12.68 12.86 13.09 13.37 13.68 14.01 14.37 14.73 15.09 15.44 15.78 16.09 16.36 16.59 16.77 16.89 16.96 17.00 17.00 16.92 16.81
22.75 23.30 23.97 24.74 25.60 26.53 27.50 28.50 29.52 30.52 31.50 32.43 33.30 34.08 34.76 35.32 35.74 36.00 36.08 35.97 35.69 35.35 34.95 34.44 33.74 32.91 32.00 31.09 30.17 29.26 28.34 27.43 26.51 25.61 24.70 23.80 22.91 22.02 21.15 20.28 19.42 18.57 17.74 16.91 16.10 15.32 14.61 14.03 13.54 13.08 12.61 12.14 11.76 11.48 11.31 11.22 11.22 11.29 11.42 11.62 11.86 12.14 12.44 12.78 13.12 13.47 13.81 14.14 14.45 14.73 14.97 15.18 15.39 15.59 15.75 15.82 15.80
22.03 22.61 23.30 24.09 24.97 25.92 26.91 27.94 28.97 30.00 31.00 31.96 32.85 33.66 34.37 34.96 35.41 35.70 35.82 35.79 35.71 35.59 35.42 35.12 34.61 33.91 33.09 32.20 31.30 30.38 29.46 28.52 27.58 26.63 25.67 24.71 23.75 22.78 21.80 20.83 19.86 18.88 17.91 16.94 15.98 15.11 14.36 13.72 13.18 12.66 12.14 11.60 11.08 10.64 10.31 10.08 9.95 9.91 9.94 10.05 10.21 10.43 10.69 10.98 11.30 11.64 11.99 12.33 12.67 12.99 13.30 13.63 13.98 14.33 14.64 14.84 14.96
21.51 22.14 22.85 23.65 24.54 25.50 26.51 27.54 28.59 29.64 30.66 31.63 32.54 33.37 34.10 34.71 35.18 35.50 35.69 35.84 35.98 36.07 36.11 36.00 35.65 35.09 34.36 33.51 32.60 31.67 30.72 29.75 28.75 27.75 26.72 25.68 24.62 23.55 22.47 21.37 20.27 19.15 18.02 16.90 15.86 14.95 14.17 13.49 12.90 12.33 11.76 11.18 10.59 10.02 9.53 9.16 8.90 8.73 8.66 8.67 8.76 8.90 9.11 9.36 9.65 9.97 10.32 10.67 11.03 11.41 11.82 12.27 12.74 13.22 13.65 13.99 14.22
21.17 21.85 22.60 23.42 24.31 25.27 26.28 27.32 28.37 29.42 30.45 31.43 32.35 33.19 33.93 34.55 35.04 35.42 35.78 36.14 36.47 36.76 36.98 37.05 36.85 36.39 35.74 34.94 34.03 33.07 32.07 31.04 29.99 28.91 27.79 26.66 25.49 24.31 23.09 21.86 20.60 19.33 18.04 16.84 15.78 14.85 14.04 13.33 12.70 12.09 11.48 10.86 10.23 9.60 8.99 8.47 8.07 7.78 7.59 7.50 7.50 7.58 7.72 7.92 8.18 8.48 8.81 9.17 9.57 10.02 10.53 11.09 11.67 12.26 12.80 13.25 13.59
20.99 21.72 22.51 23.36 24.26 25.21 26.22 27.25 28.31 29.35 30.38 31.36 32.28 33.12 33.86 34.49 35.03 35.56 36.11 36.66 37.17 37.64 38.03 38.26 38.18 37.82 37.23 36.45 35.54 34.53 33.47 32.38 31.24 30.06 28.85 27.60 26.31 24.99 23.63 22.24 20.82 19.38 18.02 16.82 15.75 14.81 13.98 13.25 12.58 11.93 11.28 10.63 9.97 9.31 8.65 8.02 7.47 7.05 6.75 6.55 6.46 6.45 6.53 6.68 6.90 7.17 7.49 7.86 8.32 8.85 9.45 10.09 10.77 11.45 12.09 12.62 13.05
20.96 21.74 22.57 23.45 24.37 25.32 26.31 27.34 28.38 29.41 30.43 31.40 32.31 33.14 33.88 34.55 35.23 35.95 36.67 37.38 38.06 38.68 39.23 39.60 39.63 39.35 38.80 38.03 37.09 36.02 34.88 33.69 32.46 31.17 29.84 28.46 27.03 25.56 24.04 22.48 20.89 19.38 18.03 16.83 15.77 14.83 13.99 13.23 12.53 11.86 11.18 10.50 9.82 9.14 8.46 7.78 7.12 6.57 6.14 5.83 5.64 5.55 5.55 5.65 5.81 6.05 6.37 6.78 7.30 7.90 8.57 9.28 10.03 10.79 11.51 12.12 12.62
21.07 21.89 22.76 23.67 24.62 25.58 26.56 27.57 28.58 29.60 30.59 31.55 32.44 33.26 34.03 34.83 35.68 36.55 37.43 38.29 39.11 39.88 40.56 41.05 41.18 40.95 40.42 39.64 38.66 37.52 36.27 34.96 33.60 32.19 30.72 29.20 27.61 25.97 24.27 22.54 20.89 19.40 18.07 16.89 15.84 14.90 14.05 13.28 12.56 11.86 11.16 10.46 9.76 9.06 8.37 7.68 6.99 6.34 5.78 5.36 5.06 4.88 4.80 4.83 4.94 5.16 5.50 5.96 6.52 7.17 7.89 8.66 9.46 10.28 11.07 11.74 12.29
21.31 22.16 23.07 24.01 24.98 25.96 26.94 27.93 28.92 29.90 30.87 31.79 32.66 33.50 34.39 35.34 36.34 37.35 38.37 39.36 40.31 41.20 42.00 42.60 42.79 42.61 42.09 41.28 40.23 39.00 37.62 36.15 34.63 33.07 31.45 29.76 28.00 26.17 24.30 22.51 20.89 19.44 18.15 16.99 15.96 15.02 14.17 13.39 12.66 11.94 11.22 10.51 9.80 9.09 8.39 7.70 7.01 6.33 5.68 5.13 4.73 4.45 4.29 4.24 4.32 4.53 4.89 5.38 5.97 6.65 7.40 8.21 9.06 9.93 10.76 11.47 12.06
21.66 22.55 23.48 24.45 25.44 26.43 27.42 28.40 29.36 30.31 31.24 32.13 33.01 33.96 34.99 36.07 37.19 38.33 39.47 40.57 41.64 42.63 43.53 44.21 44.46 44.30 43.77 42.92 41.79 40.44 38.92 37.27 35.54 33.77 31.97 30.10 28.15 26.15 24.22 22.47 20.91 19.51 18.25 17.13 16.11 15.19 14.35 13.57 12.82 12.09 11.37 10.65 9.94 9.23 8.53 7.83 7.15 6.47 5.81 5.18 4.65 4.27 4.02 3.91 3.97 4.19 4.56 5.05 5.66 6.35 7.13 7.96 8.83 9.73 10.59 11.33 11.94
22.11 23.03 23.99 24.98 25.98 26.98 27.98 28.96 29.91 30.82 31.71 32.60 33.57 34.64 35.79 36.99 38.22 39.47 40.70 41.91 43.06 44.14 45.13 45.88 46.17 46.01 45.45 44.53 43.31 41.83 40.15 38.30 36.34 34.31 32.26 30.18 28.05 25.99 24.12 22.45 20.94 19.60 18.39 17.30 16.31 15.41 14.58 13.80 13.06 12.32 11.60 10.88 10.17 9.46 8.77 8.08 7.41 6.74 6.09 5.45 4.85 4.36 4.03 3.89 3.93 4.14 4.49 4.98 5.58 6.27 7.05 7.89 8.77 9.68 10.55 11.30 11.92
22.65 23.60 24.58 25.59 26.60 27.61 28.61 29.58 30.52 31.41 32.30 33.27 34.36 35.54 36.78 38.08 39.41 40.74 42.06 43.34 44.57 45.72 46.77 47.57 47.88 47.71 47.10 46.11 44.77 43.14 41.28 39.21 37.00 34.69 32.33 29.99 27.79 25.81 24.03 22.43 20.99 19.71 18.55 17.50 16.55 15.68 14.87 14.10 13.36 12.63 11.90 11.19 10.49 9.79 9.11 8.44 7.78 7.14 6.50 5.89 5.29 4.74 4.36 4.18 4.19 4.36 4.69 5.15 5.73 6.41 7.17 8.00 8.88 9.78 10.65 11.39 12.00
23.27 24.24 25.24 26.26 27.28 28.29 29.29 30.25 31.18 32.10 33.08 34.17 35.35 36.61 37.95 39.32 40.73 42.13 43.51 44.86 46.14 47.34 48.44 49.28 49.59 49.39 48.71 47.62 46.15 44.36 42.29 39.99 37.51 34.91 32.24 29.72 27.53 25.63 23.94 22.42 21.06 19.83 18.73 17.74 16.83 15.99 15.20 14.45 13.72 13.00 12.29 11.59 10.90 10.22 9.56 8.91 8.27 7.65 7.05 6.46 5.91 5.42 5.02 4.79 4.75 4.88 5.16 5.58 6.12 6.77 7.50 8.30 9.15 10.04 10.89 11.61 12.19
23.95 24.95 25.96 26.99 28.01 29.03 30.01 30.97 31.92 32.94 34.06 35.25 36.52 37.86 39.26 40.70 42.16 43.61 45.04 46.43 47.76 48.99 50.12 50.97 51.27 51.01 50.26 49.05 47.43 45.45 43.17 40.62 37.86 34.96 32.13 29.58 27.35 25.45 23.84 22.41 21.13 19.98 18.94 18.00 17.14 16.35 15.59 14.86 14.15 13.44 12.75 12.07 11.40 10.74 10.11 9.48 8.88 8.29 7.72 7.18 6.71 6.31 5.97 5.72 5.61 5.67 5.90 6.26 6.75 7.35 8.03 8.79 9.60 10.45 11.26 11.94 12.48
24.69 25.70 26.73 27.76 28.78 29.79 30.77 31.75 32.81 33.96 35.19 36.49 37.85 39.25 40.70 42.18 43.68 45.17 46.63 48.05 49.39 50.64 51.78 52.63 52.89 52.57 51.72 50.37 48.59 46.41 43.89 41.07 38.03 35.01 32.19 29.62 27.35 25.38 23.76 22.40 21.21 20.14 19.17 18.30 17.49 16.74 16.02 15.33 14.64 13.95 13.28 12.62 11.98 11.36 10.75 10.16 9.59 9.04 8.53 8.08 7.70 7.39 7.13 6.91 6.77 6.76 6.90 7.19 7.61 8.14 8.76 9.46 10.22 11.01 11.78 12.40 12.88
25.46 26.49 27.52 28.56 29.58 30.58 31.58 32.67 33.85 35.12 36.45 37.85 39.29 40.75 42.24 43.75 45.27 46.78 48.25 49.68 51.02 52.27 53.41 54.23 54.45 54.04 53.07 51.57 49.60 47.20 44.43 41.36 38.22 35.23 32.44 29.87 27.55 25.52 23.80 22.42 21.30 20.31 19.42 18.62 17.87 17.17 16.50 15.84 15.18 14.52 13.88 13.26 12.65 12.07 11.50 10.95 10.42 9.93 9.51 9.15 8.86 8.63 8.44 8.30 8.18 8.12 8.18 8.38 8.71 9.16 9.70 10.32 11.00 11.73 12.43 12.98 13.38
26.27 27.30 28.34 29.37 30.39 31.42 32.53 33.74 35.03 36.40 37.83 39.30 40.81 42.33 43.86 45.39 46.91 48.42 49.89 51.30 52.64 53.87 54.98 55.77 55.91 55.40 54.29 52.63 50.45 47.82 44.81 41.66 38.60 35.67 32.90 30.33 27.99 25.89 24.08 22.58 21.41 20.50 19.69 18.96 18.28 17.65 17.03 16.41 15.78 15.16 14.56 13.97 13.41 12.86 12.34 11.84 11.37 10.98 10.65 10.39 10.18 10.03 9.91 9.83 9.77 9.73 9.72 9.82 10.05 10.40 10.84 11.37 11.96 12.60 13.21 13.68 13.98
27.09 28.13 29.17 30.20 31.24 32.37 33.60 34.92 36.32 37.78 39.28 40.82 42.39 43.96 45.52 47.07 48.59 50.08 51.52 52.91 54.21 55.40 56.47 57.20 57.26 56.63 55.37 53.52 51.12 48.26 45.21 42.17 39.21 36.34 33.61 31.05 28.67 26.52 24.62 23.00 21.69 20.72 19.98 19.33 18.72 18.15 17.59 17.02 16.44 15.86 15.30 14.76 14.24 13.74 13.27 12.84 12.47 12.18 11.95 11.78 11.65 11.57 11.52 11.49 11.48 11.48 11.49 11.51 11.62 11.85 12.19 12.61 13.09 13.63 14.14 14.50 14.69
27.91 28.95 29.99 31.05 32.19 33.44 34.79 36.21 37.69 39.23 40.80 42.39 44.00 45.60 47.19 48.75 50.26 51.72 53.13 54.47 55.72 56.86 57.86 58.52 58.48 57.71 56.28 54.22 51.62 48.74 45.83 42.93 40.07 37.28 34.59 32.03 29.64 27.43 25.45 23.71 22.26 21.12 20.30 19.71 19.19 18.69 18.20 17.69 17.15 16.62 16.11 15.62 15.15 14.71 14.31 13.98 13.72 13.53 13.39 13.30 13.25 13.23 13.24 13.27 13.31 13.35 13.38 13.40 13.43 13.53 13.73 14.03 14.39 14.81 15.20 15.44 15.51
28.73 29.77 30.83 31.99 33.26 34.62 36.06 37.56 39.12 40.72 42.35 43.99 45.62 47.25 48.84 50.40 51.90 53.33 54.69 55.96 57.14 58.21 59.14 59.71 59.54 58.62 57.00 54.75 52.16 49.46 46.72 43.96 41.21 38.49 35.85 33.31 30.90 28.65 26.58 24.74 23.15 21.83 20.83 20.15 19.68 19.26 18.84 18.39 17.91 17.43 16.98 16.55 16.14 15.78 15.48 15.26 15.10 15.00 14.95 14.94 14.97 15.02 15.08 15.16 15.24 15.32 15.38 15.42 15.43 15.43 15.49 15.64 15.87 16.15 16.41 16.51 16.43
29.52 30.59 31.76 33.04 34.41 35.86 37.39 38.97 40.59 42.24 43.91 45.57 47.23 48.86 50.46 52.00 53.47 54.87 56.17 57.37 58.47 59.44 60.28 60.74 60.43 59.34 57.54 55.33 52.95 50.47 47.90 45.28 42.65 40.02 37.43 34.91 32.48 30.19 28.05 26.11 24.38 22.90 21.70 20.80 20.23 19.86 19.52 19.14 18.72 18.30 17.91 17.54 17.22 16.97 16.78 16.67 16.61 16.60 16.63 16.70 16.79 16.90 17.02 17.14 17.26 17.37 17.45 17.51 17.52 17.50 17.44 17.44 17.51 17.64 17.75 17.69 17.46
30.32 31.49 32.77 34.15 35.62 37.16 38.75 40.39 42.07 43.76 45.45 47.14 48.80 50.42 52.00 53.51 54.95 56.30 57.54 58.67 59.67 60.54 61.26 61.59 61.12 59.88 58.14 56.18 54.05 51.78 49.40 46.93 44.41 41.87 39.34 36.84 34.41 32.08 29.88 27.84 25.98 24.34 22.94 21.83 21.02 20.53 20.23 19.93 19.58 19.23 18.90 18.62 18.41 18.27 18.20 18.18 18.22 18.30 18.41 18.55 18.70 18.87 19.04 19.20 19.36 19.49 19.59 19.66 19.68 19.65 19.56 19.43 19.33 19.29 19.23 19.01 18.62
31.18 32.46 33.85 35.32 36.87 38.48 40.13 41.82 43.53 45.25 46.96 48.65 50.30 51.91 53.46 54.93 56.32 57.60 58.77 59.81 60.71 61.46 62.05 62.24 61.64 60.48 59.04 57.36 55.48 53.42 51.23 48.92 46.52 44.08 41.61 39.14 36.72 34.35 32.09 29.95 27.97 26.17 24.59 23.26 22.20 21.44 21.01 20.76 20.48 20.20 19.97 19.80 19.71 19.69 19.72 19.80 19.93 20.09 20.27 20.48 20.69 20.91 21.13 21.33 21.51 21.67 21.79 21.86 21.88 21.84 21.74 21.56 21.32 21.10 20.86 20.46 19.99
32.10 33.48 34.96 36.51 38.13 39.79 41.50 43.22 44.96 46.69 48.40 50.08 51.71 53.29 54.80 56.22 57.54 58.75 59.84 60.78 61.57 62.20 62.65 62.72 62.23 61.40 60.27 58.88 57.25 55.42 53.42 51.27 49.00 46.66 44.26 41.83 39.41 37.02 34.70 32.48 30.38 28.43 26.67 25.12 23.82 22.79 22.06 21.66 21.43 21.24 21.13 21.09 21.11 21.19 21.33 21.50 21.71 21.95 22.21 22.48 22.75 23.02 23.28 23.51 23.72 23.89 24.02 24.10 24.11 24.06 23.94 23.73 23.43 23.06 22.63 22.15 21.70
33.00 34.46 36.01 37.63 39.29 41.00 42.73 44.47 46.21 47.93 49.63 51.28 52.88 54.40 55.85 57.20 58.44 59.55 60.53 61.36 62.03 62.52 62.83 62.98 62.86 62.38 61.57 60.47 59.11 57.51 55.71 53.73 51.61 49.37 47.04 44.66 42.25 39.85 37.48 35.18 32.96 30.88 28.94 27.19 25.65 24.36 23.33 22.63 22.51 22.55 22.55 22.62 22.74 22.92 23.14 23.40 23.68 23.98 24.30 24.62 24.93 25.24 25.52 25.77 25.99 26.17 26.30 26.36 26.36 26.28 26.13 25.88 25.53 25.08 24.59 24.12 23.67
33.59 35.09 36.65 38.27 39.93 41.62 43.32 45.02 46.71 48.37 49.99 51.56 53.07 54.49 55.82 57.04 58.14 59.11 59.93 60.59 61.07 61.38 61.59 61.83 62.00 61.89 61.44 60.66 59.58 58.23 56.65 54.86 52.90 50.79 48.56 46.25 43.87 41.47 39.08 36.72 34.41 32.21 30.12 28.19 26.43 24.89 23.61 23.05 24.02 24.93 25.11 25.22 25.39 25.60 25.84 26.11 26.40 26.70 27.01 27.31 27.60 27.87 28.12 28.33 28.49 28.61 28.66 28.65 28.57 28.40 28.14 27.79 27.34 26.85 26.37 25.92 25.49
33.91 35.36 36.87 38.42 40.01 41.60 43.21 44.80 46.36 47.89 49.37 50.79 52.12 53.37 54.51 55.53 56.42 57.17 57.75 58.17 58.41 58.55 58.72 58.97 59.24 59.43 59.34 58.90 58.13 57.07 55.74 54.17 52.39 50.44 48.34 46.12 43.81 41.44 39.05 36.65 34.29 31.99 29.78 27.69 25.75 24.01 22.90 23.43 25.79 28.05 29.02 29.21 29.32 29.47 29.64 29.84 30.05 30.26 30.47 30.67 30.84 30.99 31.11 31.18 31.21 31.17 31.07 30.89 30.64 30.29 29.84 29.30 28.75 28.26 27.81 27.38 26.97
