data_processed/recharge/precip/Precip_2008_09.asc
ncols        168
nrows        136
xllcorner    455000
yllcorner    2107000
cellsize     500
NODATA_value     -99999
[rows 0 to 32 of 136, columns 0 to 73 of 168]
107.25 113.40 119.32 124.98 130.32 135.31 139.90 144.02 147.63 150.70 153.20 155.10 156.35 156.95 156.84 156.14 155.05 153.63 151.88 149.81 147.43 144.76 141.81 138.62 135.35 132.12 128.96 125.85 122.80 119.81 116.88 114.01 111.20 108.46 105.78 103.16 100.61 98.13 95.72 93.38 91.10 88.90 86.77 84.71 82.72 80.81 78.98 77.22 75.54 73.94 72.41 70.97 69.61 68.33 67.13 66.02 64.99 64.05 63.19 62.42 61.69 60.96 60.22 59.46 58.70 57.92 57.12 56.31 55.49 54.70 53.96 53.26 52.60 51.99
108.04 114.31 120.37 126.15 131.62 136.73 141.42 145.63 149.34 152.51 155.12 157.13 158.51 159.23 159.27 158.70 157.75 156.47 154.85 152.92 150.68 148.14 145.31 142.21 138.88 135.48 132.13 128.85 125.63 122.47 119.38 116.36 113.40 110.52 107.70 104.96 102.28 99.68 97.16 94.70 92.33 90.03 87.80 85.66 83.59 81.61 79.70 77.88 76.14 74.48 72.91 71.43 70.03 68.72 67.50 66.37 65.32 64.37 63.51 62.70 61.90 61.10 60.30 59.50 58.69 57.89 57.08 56.26 55.45 54.67 53.93 53.24 52.59 51.98
109.35 115.74 121.91 127.82 133.39 138.59 143.35 147.64 151.44 154.71 157.42 159.54 161.03 161.88 162.04 161.61 160.79 159.63 158.15 156.34 154.22 151.80 149.10 146.12 142.87 139.40 135.87 132.39 128.99 125.66 122.40 119.21 116.09 113.05 110.09 107.20 104.39 101.65 99.00 96.43 93.93 91.52 89.19 86.95 84.79 82.72 80.73 78.83 77.02 75.30 73.66 72.12 70.68 69.32 68.06 66.90 65.83 64.85 63.94 63.04 62.16 61.29 60.43 59.58 58.74 57.91 57.08 56.27 55.46 54.69 53.95 53.27 52.62 52.02
111.16 117.67 123.94 129.94 135.59 140.84 145.67 150.04 153.91 157.27 160.08 162.30 163.90 164.86 165.14 164.83 164.14 163.11 161.74 160.05 158.05 155.74 153.15 150.28 147.14 143.75 140.13 136.47 132.87 129.35 125.90 122.53 119.24 116.04 112.91 109.86 106.90 104.02 101.23 98.52 95.90 93.36 90.92 88.56 86.29 84.12 82.04 80.05 78.15 76.35 74.65 73.04 71.53 70.12 68.81 67.60 66.48 65.44 64.43 63.44 62.47 61.53 60.62 59.72 58.84 57.98 57.14 56.32 55.52 54.75 54.03 53.35 52.71 52.11
113.45 120.05 126.41 132.47 138.17 143.47 148.36 152.79 156.74 160.18 163.07 165.38 167.09 168.15 168.55 168.36 167.78 166.86 165.60 164.02 162.13 159.93 157.45 154.68 151.64 148.34 144.79 141.04 137.24 133.52 129.87 126.31 122.84 119.45 116.15 112.93 109.80 106.77 103.82 100.96 98.20 95.53 92.95 90.47 88.08 85.79 83.60 81.51 79.52 77.62 75.83 74.15 72.56 71.08 69.71 68.43 67.24 66.08 64.97 63.89 62.84 61.83 60.85 59.91 58.99 58.11 57.26 56.43 55.63 54.87 54.16 53.48 52.85 52.26
116.20 122.88 129.28 135.37 141.10 146.46 151.39 155.89 159.90 163.41 166.38 168.77 170.57 171.73 172.23 172.15 171.68 170.87 169.71 168.23 166.44 164.34 161.95 159.28 156.34 153.13 149.67 145.97 142.08 138.15 134.29 130.53 126.85 123.27 119.78 116.38 113.08 109.87 106.75 103.74 100.82 98.00 95.28 92.66 90.14 87.72 85.41 83.20 81.10 79.10 77.21 75.43 73.75 72.19 70.74 69.36 68.05 66.78 65.56 64.39 63.26 62.18 61.14 60.15 59.20 58.29 57.42 56.59 55.79 55.04 54.33 53.66 53.03 52.45
119.37 126.08 132.50 138.61 144.38 149.77 154.75 159.29 163.36 166.93 169.97 172.45 174.33 175.58 176.18 176.19 175.82 175.11 174.05 172.66 170.96 168.96 166.66 164.07 161.21 158.08 154.71 151.09 147.24 143.20 139.14 135.15 131.27 127.48 123.78 120.19 116.69 113.30 110.01 106.82 103.73 100.75 97.87 95.10 92.43 89.88 87.43 85.09 82.87 80.75 78.75 76.86 75.09 73.43 71.86 70.35 68.91 67.53 66.20 64.94 63.73 62.58 61.48 60.44 59.45 58.51 57.63 56.79 56.00 55.26 54.55 53.89 53.27 52.68
122.91 129.62 136.05 142.18 147.96 153.38 158.40 162.98 167.10 170.73 173.83 176.37 178.33 179.66 180.35 180.46 180.18 179.55 178.58 177.29 175.67 173.75 171.52 169.02 166.23 163.19 159.88 156.34 152.56 148.56 144.37 140.17 136.06 132.05 128.14 124.34 120.64 117.05 113.56 110.19 106.92 103.76 100.71 97.78 94.95 92.24 89.65 87.17 84.81 82.56 80.43 78.42 76.53 74.74 73.03 71.39 69.82 68.32 66.90 65.54 64.25 63.03 61.87 60.78 59.75 58.78 57.88 57.04 56.26 55.52 54.82 54.16 53.54 52.96
126.76 133.47 139.90 146.03 151.84 157.28 162.32 166.94 171.10 174.77 177.93 180.53 182.55 183.96 184.73 184.93 184.73 184.18 183.30 182.08 180.54 178.69 176.54 174.10 171.39 168.41 165.17 161.69 157.97 154.03 149.87 145.55 141.20 136.96 132.83 128.80 124.89 121.09 117.40 113.82 110.36 107.01 103.78 100.67 97.67 94.80 92.04 89.41 86.89 84.51 82.24 80.10 78.06 76.11 74.25 72.48 70.78 69.17 67.64 66.19 64.81 63.52 62.30 61.16 60.10 59.10 58.18 57.34 56.56 55.83 55.13 54.48 53.87 53.29
130.91 137.61 144.03 150.17 155.97 161.43 166.49 171.13 175.33 179.04 182.24 184.90 186.98 188.46 189.30 189.57 189.45 188.98 188.16 187.01 185.54 183.76 181.67 179.30 176.64 173.72 170.54 167.12 163.45 159.56 155.46 151.15 146.68 142.20 137.82 133.56 129.42 125.39 121.49 117.70 114.03 110.48 107.05 103.75 100.57 97.52 94.59 91.79 89.11 86.56 84.15 81.84 79.64 77.53 75.52 73.61 71.79 70.06 68.43 66.88 65.43 64.06 62.78 61.59 60.49 59.47 58.53 57.68 56.90 56.18 55.49 54.84 54.23 53.66
135.34 142.01 148.42 154.54 160.35 165.81 170.88 175.55 179.77 183.51 186.75 189.45 191.58 193.12 194.02 194.36 194.31 193.90 193.15 192.06 190.65 188.93 186.90 184.58 181.98 179.11 175.98 172.60 168.98 165.14 161.08 156.81 152.34 147.72 143.11 138.60 134.21 129.95 125.81 121.80 117.91 114.15 110.51 107.01 103.63 100.38 97.27 94.28 91.43 88.71 86.12 83.64 81.27 79.00 76.84 74.79 72.84 71.00 69.26 67.62 66.08 64.64 63.31 62.06 60.92 59.87 58.92 58.06 57.29 56.57 55.89 55.24 54.64 54.07
140.01 146.65 153.04 159.15 164.94 170.40 175.48 180.15 184.39 188.15 191.42 194.16 196.34 197.92 198.88 199.28 199.29 198.94 198.25 197.21 195.85 194.18 192.20 189.93 187.37 184.55 181.46 178.12 174.54 170.73 166.70 162.47 158.03 153.41 148.65 143.89 139.25 134.73 130.35 126.10 121.98 117.99 114.13 110.41 106.82 103.37 100.05 96.88 93.84 90.93 88.14 85.48 82.94 80.51 78.20 76.01 73.94 71.98 70.13 68.40 66.78 65.27 63.87 62.58 61.40 60.32 59.35 58.49 57.72 57.01 56.33 55.69 55.09 54.52
144.90 151.50 157.86 163.95 169.73 175.17 180.24 184.92 189.17 192.95 196.24 199.01 201.22 202.85 203.86 204.31 204.37 204.07 203.42 202.44 201.12 199.49 197.55 195.32 192.80 190.01 186.95 183.65 180.10 176.31 172.31 168.10 163.69 159.09 154.31 149.40 144.50 139.72 135.08 130.58 126.21 121.98 117.89 113.94 110.13 106.46 102.93 99.55 96.30 93.19 90.21 87.37 84.65 82.07 79.61 77.28 75.08 73.00 71.05 69.23 67.52 65.94 64.48 63.14 61.92 60.81 59.83 58.95 58.19 57.48 56.81 56.17 55.57 55.01
150.00 156.55 162.87 168.92 174.68 180.10 185.16 189.83 194.08 197.87 201.18 203.97 206.21 207.87 208.92 209.42 209.52 209.26 208.65 207.71 206.43 204.83 202.93 200.72 198.23 195.47 192.44 189.16 185.63 181.87 177.88 173.69 169.29 164.70 159.94 155.00 149.94 144.90 139.99 135.22 130.59 126.11 121.77 117.58 113.53 109.63 105.87 102.27 98.81 95.49 92.32 89.30 86.41 83.66 81.06 78.59 76.26 74.07 72.01 70.09 68.31 66.65 65.13 63.74 62.48 61.34 60.34 59.46 58.70 57.99 57.32 56.69 56.10 55.54
155.27 161.77 168.04 174.05 179.77 185.17 190.21 194.87 199.11 202.90 206.21 209.01 211.27 212.96 214.04 214.58 214.72 214.49 213.92 213.00 211.75 210.18 208.30 206.12 203.65 200.91 197.89 194.63 191.11 187.36 183.39 179.20 174.81 170.23 165.47 160.53 155.44 150.23 145.04 140.00 135.10 130.35 125.75 121.30 117.00 112.86 108.87 105.04 101.36 97.84 94.48 91.27 88.21 85.30 82.55 79.94 77.49 75.18 73.02 71.00 69.13 67.40 65.82 64.37 63.07 61.91 60.89 60.00 59.24 58.54 57.88 57.25 56.66 56.10
160.69 167.13 173.35 179.31 184.99 190.35 195.36 200.00 204.22 208.01 211.32 214.12 216.39 218.10 219.21 219.77 219.94 219.74 219.19 218.29 217.06 215.51 213.65 211.48 209.03 206.30 203.29 200.03 196.52 192.78 188.81 184.62 180.23 175.65 170.88 165.94 160.83 155.58 150.22 144.89 139.70 134.68 129.80 125.08 120.52 116.13 111.90 107.84 103.95 100.23 96.67 93.28 90.05 86.98 84.08 81.33 78.75 76.32 74.06 71.94 69.99 68.19 66.54 65.05 63.71 62.52 61.47 60.58 59.82 59.13 58.47 57.84 57.25 56.70
166.24 172.61 178.76 184.67 190.30 195.62 200.59 205.20 209.40 213.17 216.47 219.27 221.55 223.26 224.39 224.97 225.16 224.98 224.44 223.56 222.35 220.80 218.95 216.79 214.34 211.61 208.61 205.35 201.84 198.09 194.11 189.92 185.52 180.92 176.14 171.19 166.07 160.80 155.38 149.86 144.39 139.07 133.91 128.91 124.09 119.44 114.98 110.69 106.59 102.66 98.91 95.33 91.93 88.70 85.65 82.76 80.05 77.51 75.13 72.93 70.89 69.01 67.30 65.76 64.38 63.16 62.10 61.20 60.44 59.75 59.09 58.47 57.88 57.33
171.89 178.18 184.27 190.11 195.68 200.95 205.88 210.45 214.62 218.36 221.65 224.44 226.71 228.43 229.56 230.16 230.36 230.19 229.66 228.78 227.57 226.03 224.18 222.02 219.57 216.83 213.83 210.56 207.04 203.28 199.29 195.08 190.66 186.04 181.24 176.26 171.12 165.82 160.38 154.80 149.13 143.51 138.06 132.78 127.69 122.80 118.09 113.58 109.26 105.13 101.18 97.42 93.85 90.46 87.25 84.23 81.39 78.73 76.24 73.94 71.82 69.87 68.10 66.50 65.08 63.83 62.75 61.84 61.09 60.40 59.75 59.13 58.54 57.99
177.62 183.83 189.83 195.60 201.11 206.32 211.20 215.72 219.85 223.56 226.82 229.59 231.85 233.56 234.70 235.30 235.51 235.34 234.81 233.93 232.72 231.17 229.31 227.15 224.68 221.94 218.91 215.63 212.09 208.31 204.30 200.06 195.62 190.98 186.15 181.14 175.96 170.63 165.15 159.54 153.80 147.98 142.23 136.68 131.33 126.19 121.25 116.51 111.97 107.63 103.49 99.54 95.80 92.25 88.89 85.73 82.76 79.98 77.39 74.99 72.79 70.76 68.93 67.28 65.82 64.54 63.44 62.52 61.77 61.09 60.44 59.82 59.24 58.68
183.41 189.52 195.44 201.13 206.56 211.70 216.53 220.99 225.08 228.75 231.97 234.72 236.96 238.66 239.78 240.38 240.58 240.41 239.87 238.99 237.76 236.20 234.33 232.14 229.66 226.89 223.85 220.54 216.97 213.17 209.12 204.86 200.38 195.71 190.84 185.79 180.57 175.20 169.68 164.02 158.23 152.35 146.43 140.62 135.01 129.62 124.44 119.47 114.71 110.17 105.83 101.71 97.79 94.07 90.57 87.26 84.16 81.27 78.57 76.08 73.79 71.69 69.79 68.09 66.59 65.28 64.16 63.24 62.48 61.80 61.16 60.54 59.96 59.41
189.23 195.24 201.06 206.66 212.02 217.08 221.84 226.24 230.27 233.89 237.08 239.79 242.00 243.67 244.79 245.38 245.56 245.38 244.82 243.92 242.67 241.10 239.20 236.99 234.48 231.68 228.61 225.27 221.67 217.82 213.74 209.44 204.92 200.20 195.29 190.19 184.93 179.50 173.93 168.22 162.40 156.51 150.56 144.58 138.72 133.08 127.66 122.47 117.49 112.74 108.21 103.90 99.81 95.93 92.27 88.83 85.60 82.59 79.79 77.20 74.82 72.65 70.69 68.93 67.39 66.05 64.91 63.98 63.23 62.55 61.90 61.29 60.71 60.16
195.05 200.95 206.68 212.18 217.44 222.43 227.10 231.44 235.41 238.97 242.11 244.78 246.95 248.60 249.69 250.26 250.42 250.21 249.64 248.71 247.43 245.83 243.90 241.66 239.11 236.28 233.17 229.78 226.14 222.26 218.13 213.78 209.21 204.44 199.48 194.33 189.00 183.52 177.89 172.14 166.32 160.42 154.47 148.47 142.46 136.58 130.92 125.50 120.31 115.35 110.62 106.13 101.86 97.82 94.01 90.43 87.07 83.94 81.03 78.34 75.88 73.63 71.61 69.80 68.22 66.84 65.69 64.75 64.00 63.32 62.68 62.07 61.49 60.94
200.86 206.65 212.26 217.66 222.82 227.72 232.31 236.57 240.47 243.97 247.04 249.66 251.79 253.40 254.46 255.00 255.14 254.90 254.29 253.33 252.02 250.38 248.41 246.12 243.54 240.66 237.50 234.07 230.38 226.44 222.26 217.86 213.23 208.40 203.37 198.16 192.78 187.23 181.56 175.80 169.98 164.09 158.14 152.15 146.13 140.10 134.21 128.56 123.15 117.99 113.07 108.39 103.95 99.75 95.78 92.06 88.57 85.32 82.30 79.52 76.97 74.65 72.56 70.70 69.07 67.67 66.49 65.54 64.79 64.12 63.48 62.87 62.29 61.74
206.63 212.29 217.78 223.07 228.13 232.92 237.42 241.60 245.42 248.85 251.86 254.41 256.49 258.06 259.08 259.58 259.69 259.41 258.76 257.76 256.41 254.72 252.70 250.37 247.73 244.80 241.59 238.10 234.35 230.35 226.11 221.64 216.95 212.06 206.96 201.68 196.22 190.64 184.96 179.20 173.38 167.50 161.56 155.59 149.58 143.55 137.52 131.65 126.03 120.66 115.54 110.67 106.06 101.70 97.58 93.72 90.10 86.73 83.61 80.72 78.09 75.69 73.54 71.63 69.96 68.52 67.33 66.37 65.62 64.95 64.31 63.70 63.12 62.57
212.33 217.86 223.22 228.39 233.34 238.03 242.43 246.51 250.24 253.59 256.53 259.02 261.03 262.55 263.52 263.98 264.04 263.72 263.02 261.97 260.57 258.82 256.75 254.37 251.67 248.68 245.40 241.85 238.04 233.97 229.66 225.12 220.36 215.39 210.21 204.86 199.36 193.76 188.08 182.33 176.52 170.65 164.73 158.77 152.79 146.78 140.76 134.77 128.93 123.35 118.04 112.99 108.20 103.68 99.41 95.41 91.66 88.17 84.93 81.96 79.23 76.76 74.55 72.58 70.86 69.40 68.18 67.21 66.46 65.80 65.16 64.55 63.97 63.42
217.95 223.33 228.56 233.61 238.43 243.00 247.30 251.28 254.91 258.17 261.03 263.44 265.39 266.84 267.76 268.18 268.18 267.80 267.05 265.94 264.48 262.68 260.54 258.09 255.33 252.27 248.92 245.30 241.41 237.27 232.88 228.26 223.42 218.36 213.11 207.70 202.20 196.61 190.93 185.19 179.39 173.54 167.64 161.71 155.75 149.77 143.79 137.81 131.86 126.08 120.57 115.33 110.37 105.68 101.27 97.12 93.24 89.63 86.29 83.21 80.40 77.86 75.57 73.55 71.80 70.30 69.06 68.08 67.33 66.67 66.03 65.42 64.84 64.29
223.45 228.69 233.77 238.68 243.37 247.83 252.00 255.87 259.41 262.57 265.34 267.67 269.54 270.92 271.78 272.13 272.08 271.64 270.83 269.65 268.12 266.25 264.04 261.52 258.68 255.55 252.12 248.42 244.45 240.22 235.75 231.04 226.11 220.97 215.66 210.25 204.75 199.17 193.51 187.78 181.99 176.16 170.29 164.38 158.46 152.52 146.57 140.63 134.71 128.82 123.13 117.71 112.57 107.72 103.14 98.86 94.85 91.12 87.67 84.49 81.60 78.97 76.63 74.55 72.75 71.22 69.96 68.98 68.22 67.56 66.93 66.32 65.74 65.19
228.82 233.90 238.83 243.59 248.15 252.47 256.52 260.28 263.70 266.76 269.43 271.67 273.46 274.76 275.55 275.84 275.71 275.21 274.32 273.07 271.46 269.51 267.23 264.63 261.71 258.49 254.98 251.19 247.13 242.81 238.24 233.44 228.41 223.22 217.91 212.51 207.01 201.44 195.79 190.08 184.32 178.52 172.67 166.80 160.91 155.01 149.11 143.22 137.34 131.49 125.70 120.10 114.79 109.77 105.05 100.62 96.48 92.63 89.07 85.79 82.81 80.11 77.70 75.57 73.73 72.17 70.89 69.89 69.14 68.47 67.84 67.23 66.65 66.10
234.02 238.94 243.71 248.32 252.74 256.92 260.84 264.46 267.77 270.72 273.28 275.43 277.12 278.34 279.04 279.26 279.06 278.47 277.51 276.18 274.49 272.45 270.08 267.39 264.38 261.07 257.46 253.58 249.42 245.00 240.33 235.43 230.35 225.15 219.85 214.46 208.98 203.42 197.79 192.11 186.37 180.60 174.79 168.95 163.11 157.25 151.40 145.56 139.74 133.95 128.19 122.51 117.03 111.85 106.97 102.40 98.13 94.16 90.49 87.12 84.05 81.27 78.80 76.61 74.73 73.13 71.83 70.82 70.07 69.41 68.77 68.16 67.58 67.03
239.04 243.78 248.39 252.84 257.10 261.14 264.92 268.41 271.59 274.42 276.87 278.91 280.50 281.63 282.24 282.38 282.09 281.42 280.37 278.95 277.17 275.04 272.58 269.78 266.68 263.26 259.56 255.57 251.30 246.78 242.01 237.05 231.96 226.77 221.48 216.10 210.64 205.10 199.50 193.84 188.14 182.40 176.63 170.84 165.04 159.23 153.44 147.65 141.89 136.16 130.48 124.84 119.29 113.95 108.92 104.20 99.80 95.71 91.93 88.46 85.30 82.45 79.91 77.67 75.74 74.11 72.79 71.77 71.01 70.35 69.72 69.11 68.53 67.98
243.85 248.41 252.85 257.13 261.23 265.11 268.74 272.09 275.14 277.84 280.17 282.09 283.58 284.60 285.12 285.17 284.79 284.03 282.88 281.36 279.48 277.25 274.68 271.79 268.57 265.05 261.24 257.13 252.76 248.12 243.29 238.33 233.25 228.07 222.80 217.43 211.99 206.48 200.91 195.29 189.62 183.92 178.20 172.45 166.70 160.95 155.21 149.49 143.80 138.14 132.52 126.96 121.47 116.06 110.89 106.03 101.49 97.28 93.39 89.83 86.58 83.65 81.04 78.75 76.77 75.11 73.77 72.74 71.98 71.32 70.69 70.08 69.50 68.94
248.40 252.80 257.06 261.16 265.09 268.81 272.29 275.49 278.39 280.95 283.15 284.95 286.33 287.24 287.66 287.60 287.13 286.26 285.01 283.39 281.40 279.06 276.38 273.37 270.05 266.41 262.47 258.25 253.76 249.06 244.23 239.27 234.21 229.05 223.79 218.45 213.04 207.56 202.02 196.44 190.81 185.16 179.48 173.79 168.10 162.41 156.73 151.07 145.45 139.86 134.33 128.85 123.44 118.10 112.86 107.87 103.20 98.87 94.87 91.21 87.87 84.87 82.19 79.84 77.82 76.13 74.76 73.72 72.96 72.30 71.67 71.06 70.47 69.91
252.58 256.90 260.99 264.91 268.66 272.21 275.52 278.57 281.32 283.74 285.80 287.47 288.72 289.52 289.83 289.66 289.08 288.10 286.74 285.00 282.90 280.45 277.65 274.52 271.07 267.31 263.25 258.90 254.35 249.65 244.82 239.88 234.84 229.70 224.47 219.15 213.77 208.33 202.83 197.29 191.71 186.11 180.48 174.85 169.21 163.59 157.98 152.40 146.85 141.34 135.89 130.49 125.17 119.92 114.76 109.72 104.93 100.48 96.37 92.60 89.18 86.10 83.35 80.95 78.89 77.16 75.77 74.71 73.95 73.29 72.66 72.05 71.46 70.90
