data_processed/recharge/precip/Precip_1997_10.asc
ncols        168
nrows        136
xllcorner    455000
yllcorner    2107000
cellsize     500
NODATA_value     -99999
[rows 68 to 101 of 136, columns 75 to 149 of 168]
39.43 38.66 37.91 37.21 36.53 35.89 35.27 34.68 34.12 33.59 33.08 32.59 32.12 31.68 31.25 30.84 30.45 30.08 29.72 29.40 29.11 28.85 28.62 28.43 28.26 28.11 27.98 27.88 27.81 27.77 27.77 27.80 27.88 27.99 28.16 28.37 28.63 28.95 29.32 29.75 30.25 30.81 31.44 32.14 32.91 33.76 34.69 35.69 36.74 37.81 38.90 39.99 41.11 42.23 43.36 44.49 45.64 46.78 47.92 49.06 50.20 51.33 52.46 53.57 54.68 55.77 56.84 57.90 58.94 59.95 60.94 61.88 62.58 62.84 62.69
40.85 40.05 39.30 38.57 37.88 37.22 36.59 35.98 35.41 34.85 34.33 33.82 33.34 32.88 32.43 32.01 31.60 31.20 30.82 30.46 30.13 29.84 29.57 29.33 29.11 28.91 28.73 28.59 28.47 28.39 28.35 28.34 28.38 28.46 28.59 28.77 29.01 29.30 29.65 30.06 30.54 31.08 31.69 32.38 33.14 33.98 34.90 35.90 36.94 38.01 39.09 40.18 41.29 42.40 43.53 44.66 45.80 46.94 48.08 49.22 50.35 51.48 52.60 53.72 54.82 55.90 56.98 58.03 59.06 60.08 61.07 62.03 62.94 63.61 63.85
42.26 41.45 40.68 39.94 39.23 38.56 37.91 37.29 36.70 36.13 35.58 35.06 34.56 34.08 33.62 33.18 32.75 32.34 31.95 31.56 31.20 30.86 30.54 30.24 29.97 29.72 29.50 29.30 29.14 29.02 28.94 28.89 28.90 28.94 29.04 29.19 29.40 29.66 29.99 30.38 30.83 31.36 31.96 32.63 33.38 34.21 35.12 36.11 37.15 38.21 39.28 40.37 41.48 42.59 43.71 44.84 45.97 47.11 48.24 49.38 50.51 51.64 52.75 53.86 54.96 56.05 57.11 58.17 59.20 60.21 61.20 62.16 63.09 63.97 64.61
43.67 42.85 42.06 41.31 40.59 39.89 39.23 38.60 37.99 37.40 36.84 36.31 35.79 35.30 34.82 34.36 33.92 33.49 33.08 32.68 32.28 31.90 31.52 31.17 30.84 30.54 30.27 30.03 29.83 29.66 29.54 29.46 29.42 29.44 29.50 29.62 29.80 30.04 30.34 30.71 31.14 31.65 32.23 32.89 33.62 34.44 35.35 36.34 37.37 38.42 39.49 40.58 41.67 42.78 43.90 45.02 46.15 47.28 48.42 49.55 50.67 51.80 52.91 54.02 55.11 56.19 57.26 58.31 59.34 60.35 61.33 62.29 63.22 64.13 64.97
45.08 44.24 43.44 42.67 41.94 41.23 40.55 39.90 39.28 38.68 38.11 37.55 37.02 36.51 36.02 35.55 35.09 34.64 34.22 33.80 33.37 32.95 32.52 32.11 31.73 31.38 31.06 30.78 30.53 30.32 30.16 30.04 29.96 29.94 29.98 30.07 30.22 30.43 30.70 31.05 31.46 31.95 32.52 33.16 33.88 34.69 35.59 36.57 37.60 38.65 39.71 40.79 41.88 42.99 44.10 45.22 46.34 47.47 48.60 49.72 50.85 51.97 53.08 54.18 55.27 56.35 57.41 58.46 59.48 60.49 61.47 62.43 63.36 64.25 65.09
46.47 45.62 44.81 44.03 43.28 42.56 41.87 41.20 40.56 39.95 39.36 38.80 38.25 37.73 37.22 36.73 36.26 35.80 35.35 34.90 34.45 33.99 33.53 33.07 32.64 32.24 31.87 31.53 31.24 30.99 30.78 30.63 30.52 30.46 30.46 30.52 30.64 30.83 31.08 31.40 31.80 32.26 32.81 33.44 34.15 34.95 35.84 36.81 37.84 38.88 39.94 41.01 42.10 43.20 44.30 45.42 46.54 47.66 48.78 49.91 51.03 52.14 53.25 54.35 55.44 56.51 57.57 58.61 59.64 60.64 61.62 62.57 63.49 64.36 65.17
47.85 46.99 46.16 45.37 44.61 43.87 43.17 42.49 41.84 41.22 40.62 40.04 39.48 38.94 38.42 37.92 37.43 36.95 36.48 35.99 35.51 35.02 34.53 34.04 33.55 33.10 32.68 32.30 31.97 31.67 31.43 31.23 31.08 30.99 30.96 30.99 31.08 31.24 31.47 31.77 32.14 32.59 33.12 33.73 34.43 35.22 36.10 37.07 38.09 39.12 40.17 41.24 42.33 43.42 44.52 45.63 46.75 47.86 48.98 50.10 51.22 52.33 53.43 54.52 55.61 56.68 57.74 58.78 59.80 60.80 61.77 62.72 63.61 64.45 65.24
49.21 48.34 47.50 46.70 45.92 45.18 44.46 43.77 43.11 42.47 41.86 41.27 40.69 40.14 39.61 39.09 38.59 38.09 37.58 37.06 36.55 36.03 35.51 34.99 34.48 33.98 33.52 33.09 32.71 32.37 32.08 31.84 31.66 31.54 31.47 31.47 31.53 31.66 31.86 32.14 32.49 32.93 33.44 34.04 34.72 35.50 36.37 37.33 38.34 39.37 40.42 41.49 42.56 43.65 44.75 45.85 46.96 48.07 49.19 50.30 51.41 52.52 53.62 54.71 55.79 56.86 57.91 58.95 59.96 60.96 61.92 62.84 63.70 64.51 65.28
50.55 49.67 48.82 48.01 47.22 46.46 45.74 45.04 44.36 43.71 43.09 42.48 41.90 41.33 40.79 40.26 39.72 39.19 38.65 38.10 37.56 37.02 36.47 35.93 35.40 34.87 34.36 33.89 33.46 33.08 32.75 32.47 32.25 32.09 31.99 31.96 31.99 32.10 32.28 32.53 32.86 33.27 33.77 34.35 35.03 35.79 36.65 37.61 38.61 39.64 40.68 41.74 42.81 43.89 44.98 46.08 47.18 48.29 49.40 50.51 51.62 52.72 53.82 54.90 55.98 57.04 58.09 59.12 60.14 61.12 62.05 62.94 63.77 64.56 65.30
51.87 50.98 50.12 49.29 48.50 47.73 46.99 46.28 45.59 44.93 44.30 43.68 43.09 42.51 41.95 41.39 40.82 40.26 39.69 39.11 38.54 37.98 37.41 36.85 36.30 35.75 35.22 34.70 34.23 33.80 33.43 33.12 32.86 32.66 32.53 32.47 32.47 32.55 32.70 32.93 33.24 33.63 34.11 34.68 35.34 36.10 36.95 37.89 38.89 39.91 40.95 42.00 43.06 44.14 45.23 46.32 47.42 48.52 49.63 50.73 51.83 52.93 54.02 55.10 56.17 57.23 58.28 59.31 60.31 61.26 62.16 63.02 63.82 64.58 65.29
53.16 52.25 51.39 50.55 49.74 48.97 48.22 47.50 46.80 46.13 45.49 44.86 44.25 43.66 43.08 42.48 41.89 41.29 40.69 40.09 39.50 38.91 38.32 37.74 37.17 36.61 36.06 35.52 35.01 34.54 34.13 33.77 33.48 33.25 33.08 32.98 32.96 33.01 33.13 33.34 33.63 34.00 34.47 35.02 35.67 36.41 37.25 38.19 39.18 40.19 41.22 42.27 43.33 44.40 45.48 46.57 47.66 48.76 49.86 50.96 52.05 53.15 54.23 55.31 56.38 57.43 58.47 59.49 60.46 61.37 62.24 63.07 63.85 64.58 65.27
54.41 53.50 52.62 51.78 50.97 50.18 49.42 48.69 47.99 47.31 46.65 46.02 45.40 44.78 44.16 43.53 42.91 42.28 41.66 41.04 40.42 39.81 39.20 38.60 38.02 37.44 36.88 36.33 35.80 35.29 34.84 34.44 34.11 33.84 33.64 33.52 33.46 33.48 33.58 33.77 34.03 34.39 34.83 35.37 36.00 36.74 37.57 38.50 39.48 40.49 41.51 42.55 43.60 44.67 45.74 46.83 47.91 49.01 50.10 51.19 52.29 53.37 54.45 55.53 56.59 57.64 58.67 59.65 60.58 61.46 62.30 63.10 63.85 64.55 65.22
55.63 54.71 53.83 52.98 52.15 51.36 50.59 49.86 49.14 48.45 47.79 47.14 46.49 45.84 45.19 44.54 43.88 43.23 42.58 41.94 41.30 40.67 40.05 39.43 38.83 38.24 37.67 37.11 36.57 36.05 35.56 35.13 34.76 34.45 34.22 34.06 33.98 33.97 34.04 34.20 34.45 34.78 35.21 35.73 36.35 37.07 37.90 38.82 39.80 40.80 41.81 42.84 43.89 44.95 46.02 47.09 48.18 49.26 50.35 51.44 52.53 53.61 54.69 55.75 56.81 57.85 58.84 59.78 60.68 61.53 62.34 63.10 63.82 64.50 65.15
56.81 55.89 54.99 54.13 53.30 52.50 51.73 50.98 50.26 49.57 48.89 48.21 47.53 46.85 46.17 45.49 44.81 44.13 43.46 42.80 42.14 41.49 40.85 40.23 39.61 39.01 38.43 37.87 37.32 36.80 36.29 35.82 35.42 35.08 34.81 34.62 34.50 34.47 34.52 34.65 34.88 35.19 35.60 36.11 36.71 37.42 38.23 39.15 40.12 41.11 42.12 43.15 44.19 45.24 46.30 47.37 48.45 49.53 50.61 51.70 52.78 53.85 54.92 55.99 57.03 58.03 58.98 59.89 60.75 61.57 62.34 63.08 63.78 64.43 65.05
57.95 57.02 56.12 55.25 54.42 53.61 52.83 52.08 51.35 50.64 49.93 49.23 48.52 47.81 47.10 46.39 45.68 44.99 44.29 43.61 42.93 42.27 41.62 40.98 40.36 39.75 39.16 38.59 38.04 37.51 37.01 36.53 36.09 35.72 35.41 35.19 35.04 34.98 35.00 35.12 35.32 35.61 36.00 36.49 37.08 37.78 38.59 39.49 40.46 41.44 42.44 43.46 44.50 45.54 46.60 47.66 48.73 49.81 50.88 51.96 53.04 54.11 55.17 56.22 57.22 58.18 59.09 59.96 60.79 61.58 62.33 63.03 63.70 64.33 64.93
59.04 58.10 57.20 56.33 55.48 54.67 53.88 53.13 52.39 51.65 50.91 50.17 49.44 48.70 47.96 47.23 46.50 45.78 45.07 44.37 43.68 43.00 42.34 41.69 41.06 40.44 39.85 39.27 38.72 38.20 37.69 37.22 36.77 36.37 36.03 35.77 35.60 35.51 35.51 35.59 35.77 36.05 36.42 36.89 37.47 38.15 38.95 39.85 40.80 41.78 42.78 43.79 44.81 45.85 46.90 47.96 49.02 50.09 51.16 52.24 53.30 54.37 55.42 56.42 57.39 58.30 59.18 60.02 60.81 61.57 62.28 62.96 63.60 64.21 64.78
60.08 59.14 58.23 57.35 56.50 55.69 54.89 54.12 53.36 52.59 51.82 51.06 50.29 49.52 48.76 48.01 47.26 46.52 45.80 45.08 44.37 43.68 43.01 42.35 41.71 41.09 40.50 39.92 39.37 38.84 38.35 37.88 37.43 37.03 36.66 36.37 36.17 36.05 36.02 36.08 36.24 36.49 36.85 37.30 37.87 38.54 39.32 40.21 41.16 42.13 43.12 44.13 45.14 46.18 47.22 48.27 49.33 50.39 51.45 52.52 53.58 54.63 55.64 56.60 57.52 58.40 59.24 60.04 60.80 61.52 62.21 62.86 63.48 64.06 64.61
61.06 60.12 59.21 58.32 57.47 56.65 55.85 55.06 54.26 53.46 52.66 51.87 51.07 50.28 49.50 48.73 47.96 47.21 46.46 45.73 45.01 44.31 43.63 42.97 42.32 41.70 41.10 40.52 39.97 39.45 38.96 38.50 38.06 37.67 37.30 36.99 36.75 36.60 36.55 36.58 36.72 36.95 37.29 37.73 38.28 38.94 39.71 40.59 41.53 42.50 43.48 44.47 45.49 46.51 47.55 48.59 49.64 50.70 51.76 52.81 53.86 54.86 55.82 56.75 57.63 58.47 59.27 60.03 60.76 61.45 62.11 62.73 63.32 63.88 64.41
61.99 61.04 60.13 59.24 58.39 57.56 56.73 55.90 55.08 54.25 53.42 52.60 51.78 50.97 50.17 49.38 48.59 47.82 47.06 46.32 45.59 44.89 44.20 43.53 42.88 42.25 41.65 41.08 40.54 40.02 39.53 39.08 38.66 38.27 37.92 37.61 37.35 37.17 37.09 37.10 37.21 37.42 37.74 38.17 38.70 39.35 40.11 40.98 41.92 42.87 43.84 44.83 45.84 46.86 47.88 48.92 49.97 51.02 52.07 53.10 54.10 55.06 55.98 56.86 57.70 58.50 59.27 60.00 60.69 61.35 61.98 62.58 63.14 63.68 64.18
62.86 61.91 60.99 60.10 59.24 58.38 57.53 56.67 55.81 54.96 54.10 53.26 52.42 51.59 50.77 49.95 49.16 48.37 47.60 46.85 46.11 45.40 44.70 44.03 43.38 42.76 42.16 41.59 41.05 40.54 40.06 39.62 39.21 38.84 38.50 38.21 37.95 37.75 37.64 37.63 37.72 37.91 38.21 38.62 39.14 39.77 40.52 41.39 42.31 43.26 44.22 45.21 46.20 47.21 48.23 49.26 50.30 51.34 52.37 53.37 54.32 55.23 56.11 56.94 57.74 58.51 59.24 59.93 60.60 61.23 61.83 62.39 62.93 63.45 63.93
63.66 62.71 61.79 60.90 60.01 59.12 58.23 57.34 56.46 55.58 54.70 53.83 52.97 52.12 51.28 50.46 49.65 48.85 48.07 47.31 46.57 45.85 45.15 44.47 43.82 43.20 42.61 42.04 41.51 41.01 40.54 40.11 39.72 39.36 39.04 38.77 38.53 38.34 38.21 38.18 38.24 38.41 38.69 39.08 39.59 40.21 40.95 41.80 42.72 43.66 44.61 45.59 46.58 47.58 48.60 49.62 50.65 51.67 52.65 53.60 54.50 55.37 56.20 57.00 57.76 58.48 59.18 59.84 60.47 61.07 61.64 62.18 62.70 63.19 63.65
64.40 63.44 62.52 61.60 60.68 59.76 58.84 57.93 57.02 56.11 55.21 54.32 53.45 52.58 51.72 50.88 50.06 49.25 48.47 47.70 46.95 46.23 45.53 44.85 44.21 43.59 43.00 42.44 41.92 41.43 40.97 40.55 40.18 39.84 39.54 39.28 39.07 38.91 38.79 38.73 38.78 38.93 39.19 39.56 40.05 40.66 41.38 42.23 43.14 44.07 45.02 45.99 46.97 47.96 48.97 49.98 50.99 51.96 52.90 53.79 54.65 55.47 56.26 57.02 57.74 58.43 59.08 59.71 60.31 60.88 61.42 61.94 62.43 62.90 63.34
65.06 64.10 63.15 62.20 61.25 60.30 59.35 58.41 57.48 56.55 55.63 54.73 53.83 52.95 52.08 51.23 50.40 49.58 48.78 48.01 47.26 46.54 45.84 45.16 44.52 43.91 43.33 42.78 42.27 41.79 41.35 40.95 40.58 40.26 39.99 39.75 39.57 39.43 39.34 39.30 39.33 39.45 39.69 40.05 40.52 41.12 41.84 42.67 43.57 44.49 45.44 46.39 47.37 48.35 49.35 50.34 51.30 52.22 53.11 53.95 54.77 55.54 56.29 57.00 57.69 58.34 58.96 59.55 60.12 60.66 61.18 61.67 62.13 62.58 63.00
65.64 64.66 63.68 62.69 61.71 60.74 59.77 58.80 57.85 56.90 55.96 55.04 54.13 53.23 52.35 51.49 50.65 49.83 49.03 48.25 47.50 46.77 46.08 45.41 44.77 44.16 43.59 43.05 42.55 42.09 41.66 41.28 40.94 40.64 40.39 40.18 40.02 39.91 39.84 39.83 39.88 40.00 40.22 40.55 41.01 41.59 42.30 43.13 44.02 44.93 45.86 46.81 47.78 48.76 49.73 50.67 51.58 52.45 53.28 54.08 54.85 55.58 56.28 56.96 57.60 58.22 58.80 59.36 59.90 60.41 60.90 61.36 61.81 62.23 62.63
66.12 65.10 64.09 63.08 62.07 61.07 60.08 59.09 58.11 57.15 56.19 55.25 54.33 53.42 52.53 51.66 50.81 49.99 49.18 48.41 47.65 46.93 46.24 45.58 44.94 44.35 43.79 43.26 42.77 42.33 41.92 41.56 41.23 40.96 40.73 40.55 40.41 40.33 40.30 40.33 40.41 40.54 40.75 41.07 41.52 42.08 42.78 43.60 44.48 45.38 46.31 47.25 48.20 49.16 50.08 50.97 51.82 52.63 53.42 54.17 54.89 55.58 56.24 56.88 57.48 58.06 58.61 59.14 59.65 60.13 60.59 61.03 61.45 61.85 62.23
66.48 65.43 64.39 63.35 62.32 61.29 60.28 59.27 58.27 57.29 56.32 55.37 54.43 53.52 52.62 51.74 50.89 50.06 49.25 48.48 47.73 47.01 46.32 45.67 45.04 44.46 43.91 43.40 42.93 42.50 42.11 41.77 41.47 41.22 41.01 40.86 40.76 40.71 40.71 40.77 40.89 41.06 41.29 41.61 42.03 42.59 43.27 44.08 44.95 45.85 46.76 47.69 48.62 49.52 50.39 51.22 52.02 52.79 53.52 54.23 54.90 55.55 56.17 56.76 57.33 57.87 58.39 58.89 59.36 59.82 60.25 60.66 61.06 61.44 61.81
66.72 65.64 64.57 63.51 62.45 61.40 60.37 59.34 58.33 57.33 56.35 55.38 54.44 53.51 52.61 51.73 50.87 50.04 49.24 48.46 47.72 47.00 46.32 45.68 45.07 44.49 43.96 43.46 43.01 42.60 42.23 41.91 41.64 41.41 41.24 41.12 41.04 41.03 41.07 41.16 41.32 41.53 41.81 42.14 42.56 43.10 43.78 44.57 45.44 46.32 47.23 48.13 49.01 49.85 50.66 51.44 52.19 52.90 53.59 54.25 54.88 55.48 56.06 56.61 57.14 57.65 58.13 58.60 59.04 59.47 59.88 60.27 60.64 61.00 61.35
66.83 65.73 64.63 63.55 62.47 61.40 60.34 59.30 58.27 57.26 56.27 55.29 54.34 53.41 52.50 51.62 50.76 49.93 49.13 48.35 47.62 46.91 46.24 45.60 45.00 44.45 43.93 43.45 43.02 42.63 42.28 41.99 41.74 41.54 41.40 41.31 41.27 41.29 41.36 41.50 41.69 41.95 42.27 42.65 43.10 43.64 44.29 45.08 45.94 46.81 47.69 48.54 49.36 50.14 50.90 51.62 52.31 52.98 53.62 54.23 54.81 55.37 55.91 56.43 56.92 57.39 57.84 58.28 58.69 59.09 59.47 59.84 60.19 60.53 60.85
66.81 65.69 64.57 63.46 62.36 61.27 60.20 59.14 58.10 57.08 56.08 55.10 54.13 53.20 52.29 51.40 50.54 49.72 48.92 48.15 47.42 46.72 46.06 45.44 44.86 44.31 43.81 43.36 42.94 42.58 42.26 41.99 41.77 41.60 41.49 41.43 41.43 41.49 41.60 41.77 42.01 42.31 42.67 43.11 43.60 44.17 44.83 45.61 46.45 47.30 48.12 48.91 49.67 50.39 51.09 51.76 52.40 53.02 53.61 54.17 54.71 55.23 55.73 56.21 56.66 57.10 57.52 57.92 58.30 58.67 59.03 59.37 59.70 60.02 60.33
66.67 65.52 64.38 63.25 62.13 61.03 59.94 58.87 57.82 56.78 55.77 54.78 53.82 52.88 51.97 51.08 50.23 49.40 48.61 47.85 47.13 46.44 45.80 45.19 44.62 44.10 43.62 43.18 42.79 42.45 42.16 41.92 41.73 41.59 41.51 41.49 41.52 41.62 41.77 41.99 42.27 42.61 43.02 43.50 44.05 44.67 45.37 46.14 46.96 47.75 48.51 49.23 49.93 50.60 51.25 51.86 52.45 53.02 53.56 54.08 54.58 55.05 55.51 55.95 56.37 56.77 57.16 57.53 57.88 58.23 58.56 58.88 59.18 59.48 59.77
66.42 65.25 64.09 62.94 61.81 60.69 59.59 58.50 57.44 56.40 55.38 54.39 53.42 52.48 51.57 50.69 49.83 49.02 48.23 47.48 46.77 46.10 45.46 44.87 44.32 43.82 43.36 42.94 42.58 42.26 42.00 41.79 41.63 41.53 41.48 41.50 41.57 41.70 41.90 42.16 42.49 42.88 43.34 43.87 44.47 45.14 45.89 46.70 47.47 48.20 48.89 49.56 50.20 50.81 51.40 51.96 52.50 53.02 53.51 53.99 54.44 54.87 55.29 55.69 56.07 56.44 56.79 57.13 57.46 57.77 58.08 58.37 58.66 58.94 59.21
66.19 65.00 63.81 62.65 61.50 60.36 59.25 58.16 57.08 56.04 55.01 54.01 53.04 52.10 51.19 50.31 49.46 48.65 47.87 47.13 46.43 45.77 45.15 44.58 44.05 43.56 43.12 42.73 42.39 42.10 41.87 41.69 41.56 41.49 41.48 41.53 41.65 41.82 42.06 42.36 42.73 43.17 43.68 44.27 44.92 45.65 46.45 47.31 48.10 48.78 49.41 50.01 50.59 51.14 51.67 52.18 52.67 53.13 53.57 54.00 54.40 54.79 55.17 55.53 55.87 56.20 56.52 56.82 57.12 57.41 57.68 57.95 58.22 58.47 58.73
66.00 64.78 63.58 62.40 61.23 60.08 58.96 57.85 56.77 55.72 54.69 53.68 52.71 51.77 50.86 49.98 49.14 48.33 47.56 46.83 46.14 45.50 44.89 44.33 43.82 43.35 42.94 42.57 42.26 41.99 41.79 41.64 41.54 41.51 41.54 41.62 41.77 41.99 42.27 42.62 43.04 43.52 44.08 44.72 45.42 46.20 47.05 47.96 48.80 49.49 50.07 50.61 51.13 51.62 52.09 52.54 52.97 53.38 53.77 54.14 54.50 54.84 55.17 55.48 55.79 56.08 56.36 56.63 56.89 57.14 57.39 57.63 57.87 58.10 58.33
65.85 64.62 63.40 62.19 61.01 59.85 58.71 57.60 56.51 55.44 54.41 53.40 52.42 51.48 50.57 49.70 48.86 48.06 47.30 46.58 45.90 45.27 44.68 44.14 43.64 43.20 42.80 42.46 42.17 41.94 41.76 41.64 41.58 41.58 41.64 41.76 41.95 42.21 42.53 42.93 43.39 43.93 44.54 45.22 45.98 46.80 47.70 48.65 49.54 50.28 50.87 51.36 51.81 52.24 52.64 53.03 53.40 53.75 54.09 54.41 54.71 55.01 55.29 55.56 55.81 56.06 56.30 56.53 56.76 56.98 57.19 57.40 57.61 57.82 58.02
