data_processed/recharge/precip/Precip_2005_10.asc
ncols        168
nrows        136
xllcorner    455000
yllcorner    2107000
cellsize     500
NODATA_value     -99999
[rows 35 to 69 of 136, columns 0 to 77 of 168]
47.13 49.27 51.43 53.61 55.80 57.98 60.16 62.41 64.82 67.39 70.09 72.90 75.76 78.66 81.55 84.39 87.03 89.41 91.52 93.39 95.01 96.40 97.56 98.49 99.29 100.04 100.77 101.48 102.16 102.81 103.44 104.05 104.62 105.16 105.66 106.14 106.57 106.97 107.34 107.66 107.94 108.18 108.37 108.52 108.63 108.68 108.69 108.64 108.54 108.39 108.18 107.92 107.60 107.22 106.78 106.28 105.71 105.08 104.38 103.62 102.79 101.96 101.16 100.41 99.70 99.02 98.36 97.72 97.09 96.46 95.82 95.17 94.50 93.82 93.12 92.41 91.69 90.94
47.58 49.61 51.66 53.74 55.84 57.93 60.02 62.09 64.23 66.52 68.97 71.54 74.19 76.90 79.63 82.33 84.84 87.08 89.07 90.81 92.32 93.59 94.63 95.54 96.40 97.25 98.07 98.87 99.65 100.40 101.13 101.83 102.50 103.14 103.75 104.33 104.87 105.38 105.85 106.28 106.67 107.02 107.32 107.59 107.80 107.97 108.09 108.16 108.18 108.15 108.06 107.92 107.72 107.47 107.15 106.77 106.33 105.83 105.26 104.63 103.93 103.16 102.39 101.65 100.94 100.27 99.62 98.99 98.37 97.76 97.13 96.49 95.83 95.15 94.46 93.76 93.03 92.27
47.78 49.70 51.65 53.63 55.64 57.64 59.65 61.64 63.62 65.65 67.83 70.16 72.59 75.10 77.66 80.21 82.57 84.67 86.53 88.14 89.51 90.66 91.66 92.63 93.58 94.51 95.42 96.31 97.18 98.02 98.84 99.64 100.40 101.14 101.84 102.52 103.16 103.76 104.33 104.87 105.36 105.81 106.22 106.59 106.92 107.19 107.43 107.61 107.74 107.82 107.85 107.82 107.74 107.60 107.40 107.15 106.83 106.45 106.00 105.49 104.91 104.27 103.56 102.84 102.15 101.48 100.85 100.23 99.62 99.02 98.40 97.77 97.12 96.45 95.77 95.06 94.32 93.52
47.72 49.53 51.38 53.27 55.19 57.11 59.04 60.96 62.87 64.75 66.68 68.75 70.96 73.26 75.64 78.02 80.23 82.19 83.89 85.36 86.60 87.69 88.75 89.80 90.82 91.83 92.83 93.80 94.75 95.68 96.59 97.47 98.32 99.15 99.94 100.71 101.44 102.14 102.81 103.43 104.03 104.58 105.09 105.56 105.98 106.36 106.70 106.98 107.22 107.41 107.54 107.63 107.66 107.63 107.54 107.40 107.20 106.93 106.60 106.21 105.75 105.23 104.64 103.98 103.30 102.65 102.03 101.42 100.83 100.24 99.63 99.01 98.37 97.71 97.03 96.31 95.53 94.69
47.38 49.10 50.86 52.66 54.48 56.33 58.18 60.04 61.88 63.70 65.49 67.33 69.29 71.38 73.56 75.77 77.82 79.62 81.17 82.49 83.66 84.80 85.93 87.05 88.15 89.24 90.30 91.35 92.38 93.39 94.38 95.34 96.27 97.18 98.06 98.91 99.73 100.52 101.27 101.99 102.67 103.32 103.92 104.48 105.00 105.48 105.91 106.30 106.64 106.93 107.16 107.35 107.48 107.56 107.58 107.55 107.45 107.30 107.08 106.80 106.45 106.04 105.57 105.02 104.41 103.78 103.17 102.57 101.99 101.41 100.82 100.21 99.58 98.92 98.23 97.47 96.66 95.78
46.78 48.39 50.06 51.77 53.52 55.29 57.07 58.86 60.64 62.40 64.14 65.85 67.59 69.46 71.43 73.46 75.34 76.97 78.36 79.61 80.82 82.02 83.22 84.40 85.56 86.72 87.86 88.98 90.08 91.16 92.22 93.25 94.27 95.25 96.21 97.14 98.04 98.91 99.75 100.55 101.31 102.04 102.73 103.39 104.00 104.56 105.09 105.57 106.00 106.38 106.71 107.00 107.23 107.41 107.53 107.59 107.60 107.55 107.44 107.26 107.03 106.73 106.36 105.92 105.42 104.85 104.25 103.67 103.10 102.54 101.96 101.36 100.74 100.07 99.34 98.55 97.69 96.78
45.89 47.41 48.99 50.61 52.28 53.98 55.69 57.42 59.14 60.85 62.55 64.21 65.83 67.49 69.25 71.09 72.79 74.24 75.55 76.82 78.09 79.36 80.61 81.85 83.08 84.29 85.49 86.68 87.85 88.99 90.12 91.23 92.31 93.36 94.39 95.40 96.37 97.32 98.23 99.11 99.96 100.76 101.54 102.27 102.96 103.62 104.22 104.79 105.31 105.78 106.21 106.58 106.90 107.17 107.39 107.55 107.66 107.70 107.69 107.62 107.48 107.28 107.02 106.68 106.28 105.82 105.28 104.72 104.17 103.62 103.05 102.46 101.82 101.12 100.36 99.53 98.64 97.70
44.71 46.13 47.63 49.17 50.76 52.39 54.04 55.71 57.38 59.04 60.69 62.32 63.90 65.45 67.02 68.66 70.17 71.53 72.86 74.18 75.50 76.81 78.12 79.41 80.70 81.97 83.23 84.47 85.70 86.91 88.09 89.26 90.41 91.53 92.63 93.70 94.74 95.75 96.74 97.69 98.61 99.49 100.34 101.15 101.92 102.65 103.34 103.98 104.58 105.14 105.65 106.11 106.52 106.87 107.18 107.43 107.63 107.76 107.84 107.86 107.82 107.72 107.55 107.32 107.02 106.65 106.21 105.71 105.18 104.64 104.08 103.48 102.81 102.08 101.27 100.41 99.49 98.52
43.23 44.57 45.97 47.44 48.96 50.52 52.11 53.72 55.34 56.96 58.57 60.16 61.72 63.24 64.71 66.17 67.57 68.94 70.32 71.68 73.05 74.41 75.76 77.10 78.44 79.76 81.07 82.36 83.64 84.90 86.15 87.37 88.58 89.76 90.92 92.05 93.15 94.23 95.28 96.29 97.28 98.23 99.15 100.03 100.87 101.67 102.43 103.15 103.83 104.46 105.05 105.59 106.08 106.52 106.90 107.24 107.52 107.74 107.91 108.02 108.06 108.05 107.98 107.83 107.63 107.35 107.01 106.60 106.12 105.60 105.04 104.40 103.70 102.93 102.09 101.20 100.25 99.24
41.58 42.83 44.15 45.54 46.98 48.47 49.99 51.54 53.11 54.68 56.24 57.79 59.32 60.81 62.26 63.66 65.06 66.47 67.88 69.29 70.69 72.09 73.49 74.87 76.25 77.62 78.97 80.32 81.64 82.96 84.25 85.53 86.78 88.02 89.23 90.42 91.58 92.72 93.83 94.91 95.95 96.97 97.95 98.89 99.80 100.67 101.50 102.29 103.04 103.75 104.41 105.02 105.58 106.10 106.57 106.98 107.34 107.64 107.89 108.08 108.22 108.29 108.30 108.25 108.13 107.95 107.69 107.38 106.98 106.47 105.88 105.21 104.47 103.67 102.80 101.88 100.90 99.87
40.25 41.37 42.57 43.85 45.18 46.57 47.99 49.45 50.93 52.42 53.91 55.39 56.85 58.29 59.69 61.06 62.46 63.91 65.35 66.80 68.24 69.69 71.12 72.55 73.97 75.39 76.79 78.18 79.56 80.92 82.27 83.60 84.91 86.20 87.47 88.71 89.93 91.13 92.30 93.44 94.54 95.62 96.67 97.68 98.65 99.59 100.49 101.35 102.17 102.95 103.68 104.37 105.01 105.60 106.15 106.64 107.08 107.47 107.80 108.07 108.29 108.45 108.55 108.58 108.55 108.46 108.30 108.07 107.71 107.20 106.58 105.88 105.11 104.28 103.39 102.44 101.44 100.38
39.30 40.26 41.30 42.42 43.61 44.86 46.15 47.48 48.83 50.20 51.58 52.95 54.31 55.67 57.04 58.38 59.76 61.20 62.68 64.17 65.66 67.14 68.62 70.10 71.56 73.03 74.48 75.92 77.35 78.76 80.16 81.54 82.91 84.26 85.58 86.89 88.17 89.42 90.65 91.86 93.03 94.17 95.28 96.36 97.41 98.42 99.39 100.32 101.21 102.06 102.87 103.64 104.35 105.03 105.65 106.22 106.74 107.21 107.63 107.99 108.29 108.54 108.73 108.85 108.91 108.91 108.84 108.65 108.29 107.76 107.13 106.42 105.63 104.77 103.86 102.89 101.86 100.79
38.66 39.42 40.27 41.20 42.20 43.27 44.39 45.55 46.74 47.95 49.17 50.40 51.66 52.97 54.30 55.61 56.97 58.39 59.88 61.40 62.93 64.46 65.99 67.51 69.03 70.54 72.04 73.53 75.01 76.48 77.93 79.37 80.80 82.20 83.59 84.95 86.29 87.61 88.91 90.17 91.41 92.62 93.80 94.95 96.07 97.15 98.19 99.20 100.16 101.09 101.98 102.82 103.62 104.37 105.07 105.73 106.33 106.89 107.39 107.84 108.23 108.56 108.84 109.06 109.21 109.30 109.27 109.09 108.71 108.17 107.53 106.81 106.01 105.14 104.21 103.22 102.18 101.09
38.27 38.79 39.40 40.11 40.89 41.73 42.64 43.59 44.58 45.59 46.63 47.73 48.92 50.19 51.48 52.77 54.10 55.50 56.97 58.51 60.08 61.65 63.23 64.80 66.36 67.92 69.48 71.02 72.56 74.08 75.59 77.09 78.57 80.04 81.48 82.91 84.31 85.70 87.06 88.39 89.70 90.98 92.23 93.45 94.63 95.79 96.90 97.99 99.03 100.03 101.00 101.92 102.80 103.63 104.42 105.16 105.85 106.50 107.08 107.62 108.10 108.53 108.90 109.21 109.45 109.59 109.57 109.37 108.99 108.44 107.79 107.06 106.26 105.38 104.44 103.43 102.38 101.28
38.06 38.30 38.64 39.07 39.59 40.18 40.83 41.54 42.29 43.07 43.95 44.97 46.11 47.34 48.59 49.85 51.16 52.54 54.00 55.52 57.10 58.72 60.34 61.96 63.58 65.19 66.80 68.40 69.99 71.57 73.14 74.70 76.24 77.77 79.27 80.77 82.24 83.68 85.11 86.51 87.89 89.24 90.56 91.85 93.11 94.34 95.54 96.70 97.82 98.90 99.95 100.95 101.91 102.83 103.70 104.53 105.31 106.04 106.72 107.34 107.92 108.44 108.90 109.30 109.59 109.74 109.72 109.52 109.13 108.56 107.90 107.17 106.38 105.50 104.56 103.54 102.48 101.37
37.95 37.87 37.90 38.03 38.24 38.54 38.90 39.32 39.80 40.39 41.18 42.14 43.24 44.42 45.64 46.87 48.15 49.52 50.95 52.46 54.03 55.66 57.33 59.00 60.68 62.34 64.01 65.66 67.31 68.95 70.58 72.20 73.80 75.39 76.97 78.52 80.06 81.58 83.07 84.55 85.99 87.42 88.81 90.18 91.51 92.82 94.09 95.33 96.53 97.69 98.82 99.91 100.96 101.96 102.92 103.83 104.70 105.52 106.29 107.01 107.68 108.29 108.84 109.30 109.61 109.76 109.74 109.53 109.13 108.55 107.89 107.15 106.36 105.49 104.55 103.55 102.48 101.37
37.87 37.44 37.12 36.90 36.78 36.74 36.77 36.88 37.13 37.63 38.35 39.25 40.30 41.43 42.62 43.82 45.08 46.42 47.84 49.34 50.90 52.53 54.21 55.93 57.66 59.39 61.11 62.82 64.53 66.23 67.92 69.60 71.27 72.92 74.56 76.19 77.79 79.38 80.95 82.49 84.01 85.51 86.98 88.42 89.83 91.22 92.57 93.89 95.17 96.42 97.63 98.80 99.93 101.02 102.07 103.08 104.04 104.95 105.81 106.62 107.38 108.09 108.70 109.18 109.50 109.65 109.63 109.42 109.01 108.42 107.74 107.01 106.21 105.35 104.43 103.44 102.39 101.28
37.77 36.94 36.23 35.63 35.13 34.71 34.39 34.24 34.38 34.80 35.46 36.31 37.30 38.39 39.54 40.72 41.95 43.28 44.68 46.16 47.71 49.33 51.02 52.76 54.54 56.32 58.10 59.87 61.64 63.41 65.16 66.91 68.64 70.36 72.07 73.76 75.44 77.10 78.73 80.35 81.95 83.52 85.07 86.59 88.08 89.54 90.97 92.38 93.74 95.08 96.37 97.63 98.85 100.03 101.17 102.27 103.32 104.32 105.28 106.19 107.04 107.81 108.44 108.93 109.27 109.43 109.41 109.19 108.77 108.17 107.48 106.74 105.95 105.10 104.19 103.22 102.19 101.09
37.55 36.29 35.15 34.13 33.21 32.40 31.79 31.52 31.58 31.93 32.52 33.31 34.25 35.30 36.42 37.56 38.77 40.08 41.46 42.93 44.47 46.09 47.77 49.51 51.32 53.15 54.99 56.83 58.66 60.49 62.31 64.12 65.92 67.71 69.49 71.25 73.00 74.73 76.44 78.13 79.81 81.46 83.08 84.68 86.25 87.80 89.32 90.80 92.25 93.67 95.06 96.40 97.71 98.99 100.22 101.40 102.55 103.65 104.70 105.71 106.62 107.42 108.07 108.58 108.92 109.09 109.07 108.85 108.42 107.80 107.11 106.36 105.57 104.73 103.83 102.88 101.88 100.81
37.16 35.43 33.83 32.34 30.98 29.85 29.11 28.75 28.73 29.01 29.53 30.26 31.15 32.16 33.24 34.36 35.55 36.83 38.20 39.65 41.18 42.79 44.47 46.22 48.03 49.89 51.79 53.69 55.58 57.48 59.36 61.24 63.11 64.97 66.82 68.66 70.48 72.28 74.07 75.84 77.59 79.32 81.03 82.71 84.36 85.99 87.59 89.16 90.70 92.21 93.69 95.12 96.52 97.89 99.21 100.49 101.74 102.93 104.08 105.15 106.10 106.92 107.60 108.12 108.47 108.65 108.63 108.40 107.96 107.33 106.63 105.88 105.09 104.26 103.38 102.44 101.46 100.43
36.53 34.28 32.17 30.20 28.49 27.22 26.39 25.94 25.84 26.04 26.50 27.17 28.01 28.98 30.02 31.11 32.28 33.54 34.89 36.33 37.86 39.46 41.14 42.88 44.69 46.57 48.49 50.45 52.42 54.38 56.33 58.28 60.22 62.16 64.08 65.99 67.88 69.77 71.63 73.48 75.31 77.12 78.91 80.67 82.41 84.13 85.81 87.47 89.10 90.70 92.26 93.79 95.29 96.74 98.16 99.54 100.88 102.17 103.39 104.50 105.48 106.33 107.03 107.56 107.93 108.10 108.09 107.86 107.41 106.76 106.05 105.30 104.51 103.69 102.82 101.91 100.95 99.95
35.58 32.79 30.14 27.80 25.94 24.56 23.63 23.09 22.91 23.04 23.43 24.05 24.84 25.76 26.77 27.83 28.97 30.21 31.55 32.98 34.49 36.09 37.76 39.51 41.32 43.20 45.15 47.14 49.17 51.20 53.22 55.24 57.26 59.26 61.26 63.24 65.22 67.18 69.12 71.05 72.96 74.86 76.73 78.58 80.40 82.20 83.98 85.73 87.45 89.13 90.79 92.42 94.01 95.56 97.08 98.55 99.99 101.35 102.61 103.76 104.77 105.64 106.36 106.91 107.29 107.47 107.45 107.22 106.76 106.11 105.38 104.63 103.85 103.03 102.17 101.28 100.35 99.37
34.24 30.87 27.83 25.32 23.34 21.86 20.84 20.21 19.95 20.01 20.33 20.89 21.63 22.51 23.48 24.51 25.63 26.85 28.17 29.59 31.09 32.68 34.35 36.10 37.92 39.81 41.76 43.77 45.84 47.93 50.03 52.13 54.21 56.30 58.37 60.43 62.48 64.52 66.55 68.56 70.56 72.53 74.49 76.43 78.34 80.23 82.09 83.93 85.74 87.53 89.28 91.00 92.68 94.33 95.95 97.53 99.03 100.45 101.75 102.93 103.98 104.87 105.61 106.18 106.56 106.75 106.74 106.50 106.03 105.36 104.63 103.88 103.10 102.29 101.45 100.57 99.67 98.72
32.47 28.66 25.44 22.81 20.72 19.14 18.02 17.31 16.96 16.94 17.21 17.70 18.39 19.23 20.17 21.17 22.27 23.47 24.77 26.17 27.67 29.25 30.92 32.67 34.50 36.39 38.36 40.38 42.47 44.60 46.77 48.94 51.10 53.26 55.41 57.55 59.69 61.81 63.92 66.01 68.09 70.15 72.20 74.22 76.23 78.21 80.16 82.10 84.00 85.88 87.73 89.54 91.33 93.08 94.79 96.44 98.01 99.47 100.81 102.03 103.10 104.02 104.78 105.37 105.76 105.96 105.94 105.70 105.23 104.55 103.81 103.05 102.27 101.47 100.64 99.79 98.91 97.99
30.37 26.38 23.03 20.28 18.08 16.40 15.18 14.38 13.95 13.86 14.06 14.50 15.14 15.93 16.83 17.81 18.88 20.06 21.35 22.74 24.22 25.80 27.47 29.22 31.05 32.95 34.93 36.97 39.07 41.23 43.44 45.68 47.92 50.16 52.39 54.62 56.83 59.04 61.23 63.41 65.58 67.73 69.86 71.97 74.07 76.14 78.19 80.22 82.22 84.19 86.14 88.05 89.94 91.79 93.58 95.29 96.91 98.41 99.80 101.05 102.16 103.11 103.89 104.49 104.89 105.10 105.08 104.84 104.35 103.66 102.91 102.15 101.37 100.58 99.77 98.93 98.08 97.19
28.20 24.08 20.60 17.73 15.43 13.64 12.32 11.43 10.93 10.76 10.89 11.27 11.86 12.61 13.48 14.43 15.47 16.64 17.91 19.28 20.76 22.33 24.00 25.75 27.58 29.50 31.48 33.54 35.66 37.84 40.08 42.37 44.68 47.00 49.31 51.62 53.92 56.21 58.49 60.76 63.01 65.25 67.48 69.68 71.87 74.04 76.18 78.30 80.40 82.47 84.52 86.54 88.52 90.45 92.31 94.08 95.74 97.30 98.72 100.01 101.15 102.12 102.93 103.54 103.96 104.17 104.15 103.91 103.41 102.71 101.95 101.19 100.41 99.63 98.83 98.02 97.19 96.34
26.02 21.76 18.16 15.17 12.75 10.86 9.45 8.47 7.89 7.65 7.71 8.04 8.58 9.28 10.11 11.03 12.06 13.20 14.46 15.82 17.29 18.85 20.52 22.27 24.11 26.03 28.03 30.10 32.24 34.44 36.70 39.02 41.39 43.78 46.18 48.57 50.96 53.33 55.70 58.06 60.40 62.73 65.05 67.35 69.63 71.90 74.14 76.36 78.56 80.73 82.87 84.99 87.06 89.06 90.98 92.81 94.52 96.12 97.59 98.91 100.08 101.09 101.91 102.54 102.97 103.18 103.17 102.92 102.42 101.70 100.94 100.17 99.40 98.62 97.84 97.05 96.24 95.42
23.84 19.44 15.71 12.61 10.08 8.08 6.57 5.51 4.84 4.53 4.53 4.80 5.28 5.95 6.74 7.64 8.64 9.76 11.00 12.35 13.81 15.37 17.03 18.78 20.63 22.56 24.57 26.65 28.81 31.04 33.32 35.67 38.07 40.52 43.00 45.48 47.95 50.41 52.87 55.32 57.75 60.18 62.59 64.98 67.36 69.72 72.06 74.38 76.68 78.96 81.20 83.41 85.55 87.62 89.60 91.48 93.25 94.90 96.41 97.77 98.97 100.00 100.84 101.49 101.93 102.15 102.14 101.88 101.37 100.65 99.87 99.10 98.34 97.57 96.80 96.03 95.25 94.46
21.65 17.12 13.26 10.04 7.40 5.30 3.69 2.54 1.79 1.41 1.34 1.55 1.99 2.61 3.37 4.24 5.22 6.32 7.54 8.88 10.33 11.88 13.54 15.30 17.14 19.08 21.10 23.20 25.38 27.63 29.94 32.32 34.75 37.24 39.77 42.33 44.90 47.45 50.00 52.54 55.07 57.59 60.10 62.59 65.06 67.52 69.97 72.39 74.79 77.16 79.50 81.79 84.00 86.14 88.18 90.12 91.94 93.63 95.18 96.58 97.81 98.87 99.73 100.40 100.85 101.08 101.07 100.81 100.29 99.55 98.77 98.00 97.23 96.48 95.72 94.97 94.21 93.46
19.46 14.80 10.82 7.48 4.72 2.52 0.82 0.00 0.00 0.00 0.00 0.00 0.00 0.00 0.00 0.84 1.80 2.88 4.09 5.41 6.85 8.40 10.06 11.81 13.67 15.61 17.64 19.76 21.96 24.23 26.57 28.97 31.44 33.96 36.54 39.16 41.81 44.45 47.10 49.73 52.36 54.97 57.57 60.17 62.74 65.30 67.85 70.37 72.87 75.35 77.77 80.13 82.42 84.62 86.72 88.72 90.59 92.33 93.92 95.35 96.62 97.70 98.59 99.27 99.73 99.97 99.96 99.70 99.17 98.42 97.63 96.85 96.10 95.35 94.61 93.87 93.15 92.42
17.28 12.49 8.38 4.92 2.06 0.00 0.00 0.00 0.00 0.00 0.00 0.00 0.00 0.00 0.00 0.00 0.00 0.00 0.64 1.95 3.38 4.93 6.58 8.34 10.20 12.15 14.20 16.33 18.54 20.84 23.20 25.64 28.13 30.69 33.31 35.97 38.69 41.42 44.16 46.89 49.61 52.33 55.03 57.72 60.40 63.06 65.71 68.34 70.94 73.50 76.00 78.44 80.80 83.07 85.23 87.29 89.21 90.99 92.63 94.10 95.40 96.50 97.41 98.11 98.59 98.83 98.82 98.56 98.02 97.26 96.46 95.69 94.93 94.19 93.47 92.75 92.05 91.36
15.12 10.19 5.96 2.38 0.00 0.00 0.00 0.00 0.00 0.00 0.00 0.00 0.00 0.00 0.00 0.00 0.00 0.00 0.00 0.00 0.00 1.47 3.12 4.88 6.74 8.71 10.76 12.91 15.14 17.46 19.85 22.31 24.85 27.44 30.10 32.80 35.56 38.37 41.20 44.02 46.85 49.66 52.46 55.26 58.04 60.81 63.56 66.29 68.98 71.63 74.22 76.73 79.16 81.50 83.72 85.83 87.81 89.64 91.32 92.82 94.15 95.29 96.22 96.93 97.42 97.67 97.66 97.40 96.85 96.08 95.27 94.50 93.74 93.01 92.30 91.61 90.94 90.27
12.97 7.91 3.55 0.00 0.00 0.00 0.00 0.00 0.00 0.00 0.00 0.00 0.00 0.00 0.00 0.00 0.00 0.00 0.00 0.00 0.00 0.00 0.00 1.44 3.31 5.28 7.35 9.51 11.76 14.10 16.52 19.01 21.58 24.21 26.90 29.65 32.46 35.32 38.21 41.14 44.06 46.97 49.88 52.78 55.66 58.54 61.39 64.22 67.01 69.74 72.41 75.00 77.51 79.91 82.20 84.36 86.39 88.27 89.99 91.53 92.89 94.06 95.01 95.74 96.24 96.50 96.49 96.22 95.67 94.88 94.07 93.29 92.54 91.82 91.13 90.46 89.81 89.18
10.85 5.66 1.17 0.00 0.00 0.00 0.00 0.00 0.00 0.00 0.00 0.00 0.00 0.00 0.00 0.00 0.00 0.00 0.00 0.00 0.00 0.00 0.00 0.00 0.00 1.88 3.96 6.14 8.41 10.77 13.21 15.73 18.33 21.00 23.73 26.53 29.38 32.29 35.24 38.24 41.26 44.28 47.29 50.29 53.28 56.26 59.22 62.15 65.03 67.85 70.60 73.27 75.84 78.31 80.67 82.89 84.97 86.89 88.65 90.24 91.63 92.82 93.79 94.54 95.05 95.32 95.32 95.04 94.48 93.68 92.87 92.08 91.34 90.63 89.95 89.30 88.67 88.08
8.76 3.43 0.00 0.00 0.00 0.00 0.00 0.00 0.00 0.00 0.00 0.00 0.00 0.00 0.00 0.00 0.00 0.00 0.00 0.00 0.00 0.00 0.00 0.00 0.00 0.00 0.60 2.79 5.08 7.46 9.93 12.49 15.12 17.82 20.60 23.44 26.34 29.29 32.30 35.35 38.45 41.57 44.69 47.80 50.90 53.99 57.05 60.07 63.04 65.95 68.78 71.53 74.18 76.72 79.13 81.41 83.54 85.52 87.32 88.94 90.36 91.58 92.58 93.34 93.87 94.14 94.14 93.86 93.29 92.48 91.66 90.88 90.14 89.43 88.77 88.14 87.54 86.98
