data_processed/recharge/precip/Precip_1984_04.asc
ncols        168
nrows        136
xllcorner    455000
yllcorner    2107000
cellsize     500
NODATA_value     -99999
[rows 0 to 36 of 136, columns 83 to 165 of 168]
0.69 0.69 0.69 0.69 0.69 0.68 0.68 0.67 0.67 0.66 0.65 0.64 0.64 0.63 0.62 0.60 0.59 0.58 0.57 0.56 0.54 0.53 0.51 0.50 0.48 0.46 0.45 0.43 0.41 0.40 0.39 0.39 0.40 0.41 0.42 0.45 0.47 0.50 0.54 0.58 0.63 0.68 0.73 0.80 0.88 0.96 1.06 1.17 1.28 1.39 1.51 1.62 1.73 1.83 1.93 2.02 2.10 2.18 2.26 2.35 2.43 2.52 2.60 2.69 2.78 2.87 2.96 3.06 3.15 3.24 3.33 3.42 3.51 3.60 3.69 3.78 3.87 3.95 4.03 4.11 4.19 4.26 4.34
0.69 0.69 0.69 0.69 0.69 0.69 0.69 0.69 0.68 0.68 0.67 0.66 0.66 0.65 0.64 0.63 0.62 0.61 0.60 0.59 0.57 0.56 0.54 0.53 0.51 0.50 0.48 0.47 0.45 0.45 0.45 0.45 0.46 0.48 0.50 0.52 0.55 0.59 0.63 0.67 0.72 0.77 0.83 0.90 0.98 1.07 1.18 1.29 1.40 1.53 1.65 1.77 1.89 2.01 2.12 2.23 2.32 2.41 2.49 2.57 2.66 2.74 2.83 2.92 3.01 3.10 3.19 3.29 3.38 3.47 3.57 3.66 3.75 3.84 3.93 4.02 4.11 4.19 4.28 4.36 4.44 4.51 4.58
0.69 0.69 0.69 0.69 0.70 0.70 0.70 0.70 0.69 0.69 0.69 0.68 0.68 0.67 0.66 0.66 0.65 0.64 0.63 0.61 0.60 0.59 0.58 0.56 0.55 0.53 0.52 0.50 0.50 0.50 0.50 0.51 0.53 0.55 0.57 0.60 0.64 0.67 0.72 0.76 0.81 0.87 0.93 1.00 1.08 1.18 1.29 1.41 1.53 1.66 1.79 1.93 2.06 2.19 2.31 2.43 2.54 2.64 2.72 2.81 2.89 2.98 3.07 3.16 3.25 3.34 3.44 3.53 3.62 3.72 3.81 3.90 4.00 4.09 4.18 4.27 4.36 4.44 4.53 4.61 4.69 4.76 4.82
0.69 0.69 0.69 0.70 0.70 0.70 0.70 0.71 0.71 0.70 0.70 0.70 0.70 0.69 0.68 0.68 0.67 0.66 0.65 0.64 0.63 0.62 0.61 0.59 0.58 0.56 0.55 0.55 0.55 0.55 0.56 0.58 0.60 0.62 0.65 0.68 0.72 0.76 0.81 0.86 0.91 0.96 1.02 1.10 1.18 1.29 1.40 1.52 1.65 1.79 1.93 2.07 2.22 2.36 2.50 2.63 2.75 2.86 2.97 3.06 3.14 3.23 3.32 3.41 3.50 3.59 3.69 3.78 3.87 3.97 4.06 4.16 4.25 4.34 4.44 4.53 4.62 4.70 4.79 4.87 4.95 5.01 5.06
0.69 0.69 0.69 0.70 0.70 0.70 0.71 0.71 0.71 0.71 0.71 0.71 0.71 0.71 0.70 0.70 0.69 0.68 0.68 0.67 0.66 0.65 0.63 0.62 0.61 0.60 0.59 0.59 0.60 0.61 0.63 0.65 0.67 0.70 0.73 0.77 0.81 0.85 0.90 0.95 1.00 1.06 1.12 1.20 1.29 1.39 1.51 1.64 1.78 1.92 2.07 2.22 2.37 2.53 2.68 2.82 2.96 3.09 3.20 3.31 3.40 3.49 3.58 3.67 3.76 3.86 3.95 4.04 4.14 4.23 4.33 4.42 4.52 4.61 4.70 4.79 4.88 4.97 5.06 5.14 5.20 5.26 5.29
0.69 0.69 0.69 0.69 0.70 0.70 0.71 0.72 0.72 0.72 0.72 0.73 0.72 0.72 0.72 0.72 0.71 0.71 0.70 0.69 0.68 0.67 0.66 0.65 0.64 0.64 0.64 0.64 0.66 0.67 0.69 0.72 0.75 0.78 0.81 0.85 0.90 0.94 0.99 1.04 1.10 1.16 1.22 1.29 1.39 1.50 1.62 1.75 1.89 2.05 2.20 2.36 2.53 2.69 2.85 3.01 3.16 3.30 3.44 3.56 3.67 3.76 3.85 3.94 4.04 4.13 4.22 4.32 4.41 4.51 4.60 4.70 4.79 4.89 4.98 5.07 5.16 5.25 5.33 5.40 5.45 5.49 5.52
0.68 0.68 0.69 0.69 0.70 0.70 0.71 0.72 0.72 0.73 0.73 0.73 0.74 0.74 0.74 0.73 0.73 0.72 0.72 0.71 0.70 0.69 0.68 0.68 0.68 0.68 0.69 0.70 0.72 0.74 0.76 0.79 0.82 0.86 0.90 0.94 0.98 1.03 1.08 1.14 1.19 1.25 1.31 1.39 1.49 1.60 1.72 1.86 2.01 2.17 2.33 2.50 2.68 2.85 3.02 3.19 3.36 3.52 3.67 3.80 3.93 4.04 4.14 4.23 4.32 4.41 4.51 4.60 4.70 4.79 4.89 4.98 5.08 5.17 5.26 5.36 5.45 5.53 5.60 5.66 5.70 5.73 5.74
0.68 0.68 0.69 0.69 0.70 0.70 0.71 0.72 0.72 0.73 0.74 0.74 0.74 0.75 0.75 0.75 0.74 0.74 0.74 0.73 0.72 0.72 0.71 0.71 0.72 0.72 0.74 0.76 0.78 0.80 0.83 0.86 0.90 0.94 0.98 1.03 1.07 1.12 1.18 1.23 1.29 1.35 1.41 1.49 1.58 1.70 1.83 1.97 2.12 2.29 2.46 2.64 2.82 3.01 3.19 3.37 3.55 3.72 3.89 4.04 4.19 4.31 4.43 4.53 4.62 4.71 4.80 4.90 4.99 5.09 5.18 5.28 5.37 5.47 5.56 5.65 5.74 5.81 5.87 5.91 5.94 5.95 5.95
0.67 0.68 0.68 0.69 0.69 0.70 0.71 0.72 0.72 0.73 0.74 0.75 0.75 0.76 0.76 0.76 0.76 0.76 0.75 0.75 0.74 0.74 0.74 0.75 0.76 0.77 0.79 0.82 0.84 0.87 0.90 0.94 0.98 1.02 1.07 1.11 1.16 1.21 1.27 1.32 1.38 1.44 1.50 1.58 1.68 1.79 1.93 2.07 2.23 2.41 2.59 2.77 2.96 3.16 3.35 3.55 3.74 3.92 4.10 4.27 4.43 4.58 4.71 4.83 4.93 5.02 5.11 5.21 5.30 5.40 5.49 5.59 5.68 5.78 5.87 5.95 6.03 6.08 6.13 6.15 6.17 6.17 6.16
0.67 0.67 0.68 0.68 0.69 0.70 0.71 0.71 0.72 0.73 0.74 0.75 0.76 0.76 0.77 0.77 0.77 0.77 0.77 0.76 0.76 0.77 0.78 0.79 0.81 0.83 0.85 0.88 0.91 0.94 0.98 1.02 1.06 1.10 1.15 1.20 1.25 1.30 1.36 1.41 1.47 1.53 1.59 1.67 1.77 1.89 2.02 2.18 2.34 2.52 2.70 2.90 3.10 3.30 3.51 3.71 3.92 4.12 4.31 4.50 4.67 4.84 4.99 5.12 5.24 5.34 5.44 5.53 5.62 5.72 5.81 5.91 6.00 6.09 6.18 6.25 6.31 6.35 6.38 6.39 6.40 6.39 6.37
0.66 0.67 0.67 0.68 0.69 0.70 0.70 0.71 0.72 0.73 0.74 0.75 0.76 0.77 0.77 0.78 0.78 0.78 0.78 0.78 0.79 0.80 0.81 0.83 0.85 0.88 0.91 0.94 0.97 1.01 1.05 1.09 1.14 1.19 1.23 1.29 1.34 1.39 1.45 1.50 1.56 1.62 1.68 1.76 1.86 1.98 2.12 2.27 2.44 2.62 2.82 3.02 3.23 3.44 3.66 3.88 4.09 4.30 4.51 4.71 4.91 5.09 5.26 5.41 5.55 5.67 5.77 5.86 5.95 6.05 6.14 6.24 6.33 6.42 6.49 6.55 6.59 6.61 6.63 6.63 6.62 6.60 6.57
0.66 0.66 0.67 0.68 0.68 0.69 0.70 0.71 0.72 0.73 0.74 0.75 0.76 0.77 0.77 0.78 0.78 0.79 0.79 0.80 0.82 0.83 0.85 0.88 0.91 0.94 0.97 1.00 1.04 1.08 1.13 1.17 1.22 1.27 1.32 1.37 1.42 1.48 1.53 1.59 1.65 1.70 1.76 1.84 1.94 2.06 2.21 2.36 2.54 2.73 2.93 3.13 3.35 3.57 3.80 4.03 4.26 4.48 4.71 4.92 5.13 5.33 5.52 5.69 5.85 5.99 6.11 6.21 6.30 6.39 6.49 6.58 6.67 6.74 6.79 6.83 6.86 6.87 6.87 6.86 6.84 6.80 6.76
0.65 0.66 0.66 0.67 0.68 0.69 0.70 0.71 0.72 0.73 0.74 0.75 0.76 0.77 0.78 0.78 0.79 0.80 0.81 0.83 0.85 0.87 0.90 0.93 0.96 0.99 1.03 1.07 1.11 1.16 1.20 1.25 1.30 1.35 1.40 1.45 1.51 1.56 1.62 1.67 1.73 1.79 1.85 1.92 2.02 2.15 2.29 2.45 2.63 2.82 3.03 3.24 3.47 3.70 3.94 4.18 4.42 4.66 4.89 5.12 5.35 5.56 5.77 5.96 6.13 6.29 6.44 6.56 6.66 6.75 6.84 6.93 7.00 7.05 7.09 7.12 7.13 7.12 7.11 7.08 7.05 7.00 6.95
0.64 0.65 0.66 0.67 0.67 0.68 0.69 0.70 0.71 0.72 0.73 0.74 0.75 0.77 0.78 0.79 0.80 0.81 0.83 0.85 0.88 0.91 0.94 0.97 1.01 1.05 1.09 1.13 1.18 1.23 1.28 1.33 1.38 1.43 1.48 1.54 1.59 1.64 1.70 1.76 1.81 1.87 1.92 2.00 2.10 2.22 2.37 2.53 2.71 2.91 3.12 3.35 3.58 3.82 4.07 4.32 4.57 4.82 5.07 5.31 5.55 5.78 6.01 6.22 6.41 6.59 6.75 6.90 7.02 7.12 7.20 7.27 7.33 7.36 7.38 7.39 7.39 7.37 7.34 7.30 7.25 7.20 7.13
0.63 0.64 0.65 0.66 0.67 0.68 0.69 0.70 0.71 0.72 0.73 0.74 0.75 0.76 0.77 0.79 0.81 0.83 0.86 0.88 0.92 0.95 0.99 1.03 1.07 1.11 1.15 1.20 1.25 1.30 1.35 1.40 1.45 1.51 1.56 1.61 1.67 1.72 1.78 1.83 1.89 1.94 2.00 2.07 2.17 2.29 2.44 2.61 2.79 3.00 3.21 3.44 3.68 3.93 4.19 4.45 4.71 4.97 5.24 5.49 5.75 6.00 6.24 6.46 6.68 6.88 7.06 7.23 7.37 7.49 7.56 7.61 7.65 7.67 7.67 7.66 7.64 7.61 7.57 7.51 7.45 7.38 7.31
0.63 0.63 0.64 0.65 0.66 0.67 0.68 0.69 0.71 0.72 0.73 0.74 0.75 0.76 0.78 0.80 0.82 0.85 0.88 0.92 0.95 0.99 1.03 1.08 1.12 1.17 1.22 1.27 1.32 1.37 1.42 1.47 1.53 1.58 1.64 1.69 1.74 1.80 1.85 1.91 1.96 2.01 2.06 2.14 2.24 2.36 2.51 2.68 2.87 3.07 3.29 3.53 3.78 4.03 4.30 4.57 4.84 5.12 5.39 5.67 5.94 6.20 6.46 6.70 6.93 7.15 7.36 7.54 7.70 7.83 7.91 7.95 7.97 7.97 7.95 7.93 7.89 7.85 7.79 7.72 7.65 7.57 7.48
0.62 0.63 0.64 0.65 0.66 0.67 0.68 0.69 0.70 0.71 0.72 0.73 0.75 0.76 0.78 0.81 0.84 0.87 0.91 0.95 0.99 1.03 1.08 1.13 1.18 1.23 1.28 1.33 1.38 1.44 1.49 1.54 1.60 1.65 1.71 1.76 1.82 1.87 1.92 1.98 2.03 2.08 2.13 2.20 2.30 2.42 2.57 2.74 2.93 3.14 3.37 3.61 3.86 4.13 4.40 4.68 4.97 5.25 5.54 5.83 6.11 6.39 6.66 6.93 7.18 7.42 7.64 7.84 8.01 8.13 8.22 8.27 8.28 8.26 8.23 8.19 8.14 8.07 8.00 7.92 7.84 7.75 7.65
0.61 0.62 0.63 0.64 0.65 0.66 0.67 0.68 0.70 0.71 0.72 0.73 0.75 0.77 0.79 0.82 0.86 0.90 0.94 0.98 1.03 1.08 1.13 1.18 1.23 1.28 1.34 1.39 1.45 1.50 1.56 1.61 1.67 1.72 1.78 1.83 1.89 1.94 1.99 2.04 2.09 2.13 2.18 2.25 2.35 2.47 2.62 2.80 2.99 3.20 3.44 3.68 3.94 4.21 4.50 4.79 5.08 5.38 5.68 5.98 6.28 6.57 6.86 7.14 7.41 7.67 7.91 8.11 8.28 8.41 8.50 8.56 8.57 8.55 8.50 8.44 8.38 8.30 8.21 8.12 8.02 7.92 7.81
0.60 0.61 0.62 0.63 0.64 0.65 0.67 0.68 0.69 0.70 0.72 0.73 0.75 0.78 0.81 0.84 0.88 0.92 0.97 1.02 1.07 1.12 1.17 1.23 1.28 1.34 1.40 1.45 1.51 1.57 1.62 1.68 1.74 1.79 1.84 1.90 1.95 2.00 2.05 2.10 2.14 2.19 2.23 2.30 2.40 2.52 2.67 2.84 3.04 3.26 3.49 3.75 4.01 4.29 4.58 4.88 5.18 5.49 5.81 6.12 6.43 6.74 7.04 7.34 7.63 7.90 8.14 8.34 8.51 8.65 8.75 8.81 8.83 8.82 8.77 8.69 8.61 8.52 8.42 8.31 8.20 8.08 7.96
0.59 0.60 0.61 0.62 0.64 0.65 0.66 0.67 0.68 0.70 0.71 0.74 0.76 0.79 0.83 0.87 0.91 0.95 1.00 1.05 1.11 1.16 1.22 1.28 1.34 1.40 1.45 1.51 1.57 1.63 1.69 1.74 1.80 1.85 1.91 1.96 2.01 2.06 2.11 2.15 2.20 2.24 2.28 2.34 2.44 2.56 2.71 2.88 3.08 3.30 3.54 3.80 4.07 4.36 4.66 4.96 5.28 5.60 5.92 6.25 6.57 6.90 7.22 7.53 7.83 8.10 8.34 8.54 8.72 8.86 8.96 9.03 9.06 9.06 9.01 8.94 8.84 8.73 8.62 8.50 8.37 8.25 8.11
0.58 0.59 0.60 0.62 0.63 0.64 0.65 0.67 0.68 0.70 0.72 0.74 0.77 0.81 0.85 0.89 0.94 0.98 1.04 1.09 1.15 1.21 1.27 1.33 1.39 1.45 1.51 1.57 1.63 1.69 1.74 1.80 1.86 1.91 1.96 2.02 2.06 2.11 2.16 2.20 2.24 2.28 2.32 2.38 2.47 2.59 2.74 2.92 3.12 3.34 3.58 3.84 4.12 4.42 4.72 5.04 5.36 5.69 6.03 6.37 6.70 7.04 7.38 7.70 8.00 8.26 8.50 8.71 8.88 9.03 9.14 9.21 9.25 9.26 9.23 9.16 9.06 8.94 8.81 8.68 8.54 8.40 8.26
0.57 0.58 0.60 0.61 0.62 0.63 0.65 0.66 0.68 0.70 0.73 0.76 0.79 0.83 0.87 0.92 0.97 1.02 1.07 1.13 1.19 1.25 1.31 1.37 1.44 1.50 1.56 1.62 1.68 1.74 1.80 1.86 1.91 1.96 2.02 2.07 2.11 2.16 2.20 2.24 2.28 2.31 2.35 2.40 2.49 2.61 2.76 2.94 3.14 3.37 3.61 3.88 4.16 4.46 4.77 5.10 5.43 5.77 6.12 6.47 6.82 7.17 7.52 7.84 8.13 8.39 8.63 8.84 9.01 9.16 9.28 9.36 9.41 9.43 9.41 9.36 9.26 9.14 9.00 8.85 8.70 8.55 8.40
0.56 0.57 0.59 0.60 0.61 0.63 0.64 0.66 0.68 0.71 0.74 0.77 0.81 0.85 0.90 0.95 1.00 1.05 1.11 1.17 1.23 1.29 1.35 1.42 1.48 1.55 1.61 1.67 1.73 1.79 1.85 1.91 1.96 2.01 2.06 2.11 2.16 2.20 2.24 2.27 2.31 2.34 2.37 2.42 2.51 2.63 2.78 2.95 3.16 3.38 3.63 3.90 4.19 4.50 4.82 5.15 5.49 5.84 6.20 6.56 6.93 7.28 7.62 7.94 8.22 8.49 8.72 8.93 9.11 9.26 9.38 9.47 9.53 9.56 9.55 9.51 9.44 9.33 9.18 9.02 8.86 8.70 8.53
0.55 0.57 0.58 0.59 0.61 0.62 0.64 0.66 0.69 0.72 0.75 0.79 0.83 0.88 0.93 0.98 1.03 1.09 1.15 1.21 1.27 1.33 1.40 1.46 1.53 1.59 1.66 1.72 1.78 1.84 1.90 1.95 2.01 2.06 2.10 2.15 2.19 2.23 2.27 2.30 2.33 2.36 2.38 2.43 2.52 2.63 2.78 2.96 3.16 3.39 3.64 3.92 4.21 4.52 4.85 5.19 5.54 5.90 6.27 6.64 7.01 7.36 7.69 8.00 8.28 8.54 8.78 8.98 9.17 9.32 9.45 9.54 9.61 9.65 9.65 9.63 9.57 9.47 9.35 9.19 9.01 8.84 8.66
0.54 0.56 0.57 0.58 0.60 0.62 0.64 0.67 0.70 0.73 0.77 0.81 0.86 0.91 0.96 1.01 1.07 1.12 1.18 1.25 1.31 1.37 1.44 1.50 1.57 1.63 1.70 1.76 1.82 1.88 1.94 1.99 2.04 2.09 2.14 2.18 2.22 2.26 2.29 2.32 2.35 2.37 2.39 2.43 2.51 2.63 2.78 2.95 3.16 3.39 3.64 3.92 4.22 4.53 4.87 5.21 5.57 5.94 6.32 6.70 7.06 7.40 7.72 8.02 8.30 8.56 8.79 9.00 9.19 9.34 9.48 9.58 9.66 9.70 9.72 9.71 9.66 9.58 9.47 9.33 9.16 8.97 8.78
0.53 0.55 0.56 0.58 0.59 0.62 0.64 0.68 0.71 0.75 0.79 0.84 0.88 0.94 0.99 1.04 1.10 1.16 1.22 1.28 1.35 1.41 1.48 1.54 1.61 1.67 1.73 1.80 1.86 1.92 1.97 2.03 2.08 2.12 2.17 2.21 2.24 2.28 2.31 2.33 2.35 2.37 2.39 2.43 2.50 2.62 2.76 2.94 3.14 3.37 3.63 3.91 4.21 4.53 4.87 5.23 5.59 5.97 6.35 6.72 7.07 7.40 7.72 8.01 8.29 8.54 8.77 8.98 9.17 9.33 9.46 9.58 9.66 9.72 9.75 9.75 9.72 9.66 9.56 9.44 9.28 9.10 8.90
0.52 0.54 0.55 0.57 0.59 0.62 0.65 0.69 0.73 0.77 0.81 0.86 0.91 0.97 1.02 1.08 1.14 1.20 1.26 1.32 1.39 1.45 1.51 1.58 1.64 1.71 1.77 1.83 1.89 1.95 2.00 2.05 2.10 2.15 2.19 2.23 2.26 2.29 2.31 2.33 2.35 2.36 2.37 2.41 2.48 2.59 2.73 2.91 3.11 3.35 3.61 3.89 4.20 4.52 4.87 5.23 5.60 5.98 6.35 6.70 7.04 7.37 7.67 7.96 8.23 8.48 8.71 8.92 9.11 9.27 9.41 9.53 9.62 9.69 9.73 9.74 9.73 9.69 9.61 9.51 9.37 9.21 9.01
0.51 0.53 0.55 0.57 0.60 0.63 0.67 0.70 0.75 0.79 0.84 0.89 0.94 1.00 1.05 1.11 1.17 1.23 1.30 1.36 1.42 1.49 1.55 1.61 1.68 1.74 1.80 1.86 1.92 1.97 2.03 2.08 2.12 2.16 2.20 2.24 2.27 2.29 2.31 2.33 2.34 2.35 2.35 2.38 2.45 2.56 2.70 2.87 3.08 3.31 3.57 3.86 4.17 4.50 4.85 5.21 5.59 5.95 6.31 6.65 6.98 7.29 7.59 7.87 8.13 8.38 8.61 8.82 9.01 9.18 9.32 9.45 9.55 9.62 9.68 9.70 9.70 9.67 9.62 9.53 9.42 9.28 9.10
0.51 0.52 0.55 0.58 0.61 0.64 0.68 0.72 0.77 0.81 0.86 0.92 0.97 1.03 1.09 1.15 1.21 1.27 1.33 1.39 1.46 1.52 1.58 1.64 1.71 1.77 1.82 1.88 1.94 1.99 2.04 2.09 2.13 2.17 2.21 2.24 2.26 2.29 2.30 2.31 2.32 2.32 2.32 2.34 2.41 2.51 2.65 2.82 3.03 3.26 3.52 3.81 4.12 4.46 4.81 5.18 5.54 5.89 6.23 6.55 6.87 7.17 7.46 7.74 8.00 8.24 8.47 8.68 8.87 9.04 9.19 9.32 9.43 9.52 9.58 9.62 9.63 9.62 9.58 9.52 9.43 9.31 9.15
0.50 0.52 0.55 0.58 0.62 0.66 0.70 0.74 0.79 0.84 0.89 0.95 1.00 1.06 1.12 1.18 1.24 1.30 1.36 1.43 1.49 1.55 1.61 1.67 1.73 1.79 1.85 1.90 1.95 2.00 2.05 2.10 2.14 2.17 2.21 2.23 2.25 2.27 2.28 2.29 2.29 2.28 2.27 2.29 2.35 2.45 2.59 2.76 2.96 3.20 3.46 3.75 4.07 4.41 4.76 5.11 5.45 5.78 6.10 6.42 6.72 7.02 7.30 7.56 7.82 8.06 8.28 8.49 8.69 8.86 9.02 9.15 9.27 9.37 9.44 9.49 9.52 9.53 9.51 9.46 9.39 9.29 9.16
0.50 0.53 0.56 0.59 0.63 0.67 0.72 0.76 0.81 0.87 0.92 0.98 1.03 1.09 1.15 1.21 1.27 1.33 1.40 1.46 1.52 1.58 1.64 1.70 1.75 1.81 1.86 1.91 1.96 2.01 2.06 2.10 2.13 2.17 2.19 2.22 2.23 2.25 2.25 2.25 2.25 2.23 2.22 2.23 2.29 2.38 2.52 2.69 2.89 3.12 3.39 3.68 4.00 4.33 4.66 4.99 5.31 5.63 5.94 6.24 6.53 6.82 7.09 7.35 7.60 7.84 8.06 8.27 8.46 8.64 8.80 8.94 9.07 9.17 9.26 9.32 9.37 9.39 9.39 9.36 9.31 9.23 9.13
0.50 0.53 0.57 0.61 0.65 0.69 0.74 0.79 0.84 0.89 0.95 1.01 1.06 1.12 1.18 1.24 1.30 1.36 1.43 1.49 1.54 1.60 1.66 1.72 1.77 1.82 1.87 1.92 1.97 2.01 2.05 2.09 2.12 2.15 2.17 2.19 2.20 2.21 2.21 2.21 2.19 2.18 2.15 2.16 2.21 2.30 2.43 2.60 2.80 3.03 3.30 3.59 3.90 4.22 4.53 4.84 5.14 5.44 5.73 6.02 6.30 6.57 6.84 7.09 7.34 7.57 7.79 8.00 8.19 8.37 8.54 8.69 8.82 8.94 9.03 9.11 9.17 9.21 9.22 9.21 9.18 9.13 9.05
0.51 0.54 0.58 0.62 0.67 0.71 0.76 0.81 0.87 0.92 0.98 1.03 1.09 1.15 1.21 1.27 1.33 1.39 1.45 1.51 1.57 1.62 1.68 1.73 1.78 1.83 1.88 1.93 1.97 2.01 2.04 2.07 2.10 2.12 2.14 2.16 2.16 2.16 2.16 2.15 2.13 2.10 2.08 2.08 2.12 2.21 2.33 2.50 2.70 2.93 3.19 3.48 3.77 4.06 4.35 4.64 4.92 5.21 5.49 5.76 6.03 6.29 6.55 6.79 7.03 7.26 7.48 7.69 7.88 8.07 8.24 8.39 8.53 8.66 8.76 8.85 8.93 8.98 9.01 9.02 9.01 8.98 8.93
0.52 0.55 0.59 0.64 0.69 0.73 0.79 0.84 0.89 0.95 1.01 1.06 1.12 1.18 1.24 1.30 1.36 1.42 1.47 1.53 1.59 1.64 1.69 1.74 1.79 1.84 1.88 1.92 1.96 1.99 2.02 2.05 2.07 2.09 2.10 2.11 2.11 2.11 2.10 2.08 2.05 2.02 1.99 1.98 2.02 2.10 2.22 2.38 2.58 2.81 3.07 3.33 3.59 3.86 4.13 4.40 4.66 4.93 5.19 5.45 5.71 5.96 6.21 6.45 6.68 6.91 7.12 7.33 7.53 7.71 7.89 8.05 8.20 8.33 8.45 8.55 8.64 8.71 8.76 8.79 8.80 8.79 8.76
0.53 0.57 0.61 0.66 0.71 0.76 0.81 0.86 0.92 0.98 1.03 1.09 1.15 1.21 1.27 1.32 1.38 1.44 1.49 1.55 1.60 1.65 1.70 1.75 1.79 1.84 1.88 1.91 1.94 1.97 2.00 2.02 2.03 2.05 2.05 2.06 2.05 2.04 2.02 2.00 1.97 1.93 1.88 1.87 1.90 1.98 2.10 2.25 2.45 2.67 2.90 3.14 3.38 3.62 3.86 4.11 4.36 4.61 4.86 5.10 5.35 5.59 5.83 6.06 6.29 6.51 6.72 6.93 7.13 7.31 7.49 7.66 7.81 7.96 8.09 8.20 8.30 8.39 8.45 8.51 8.54 8.55 8.54
0.54 0.58 0.63 0.68 0.73 0.78 0.83 0.89 0.94 1.00 1.06 1.12 1.17 1.23 1.29 1.35 1.40 1.46 1.51 1.56 1.61 1.66 1.71 1.75 1.79 1.83 1.86 1.89 1.92 1.94 1.96 1.98 1.99 1.99 1.99 1.99 1.98 1.96 1.94 1.91 1.87 1.82 1.77 1.75 1.77 1.84 1.96 2.11 2.29 2.49 2.69 2.90 3.11 3.33 3.55 3.78 4.01 4.24 4.48 4.71 4.94 5.17 5.40 5.62 5.85 6.06 6.27 6.48 6.68 6.87 7.05 7.23 7.39 7.54 7.68 7.81 7.92 8.02 8.11 8.18 8.23 8.26 8.28
0.56 0.60 0.65 0.70 0.75 0.80 0.86 0.91 0.97 1.03 1.08 1.14 1.20 1.25 1.31 1.36 1.42 1.47 1.52 1.57 1.62 1.66 1.70 1.74 1.78 1.81 1.84 1.87 1.89 1.91 1.92 1.93 1.93 1.93 1.93 1.91 1.89 1.87 1.84 1.80 1.75 1.70 1.64 1.61 1.63 1.69 1.80 1.94 2.10 2.26 2.43 2.61 2.80 3.00 3.20 3.41 3.62 3.83 4.05 4.27 4.49 4.71 4.93 5.14 5.36 5.57 5.78 5.99 6.19 6.38 6.57 6.74 6.91 7.07 7.23 7.36 7.49 7.61 7.71 7.80 7.87 7.93 7.97
