data_processed/recharge/precip/Precip_2000_07.asc
ncols        168
nrows        136
xllcorner    455000
yllcorner    2107000
cellsize     500
NODATA_value     -99999
[rows 0 to 32 of 136, columns 74 to 147 of 168]
74.53 73.99 73.72 73.75 73.82 73.68 73.49 73.26 73.02 72.75 72.46 72.15 71.84 71.51 71.18 70.84 70.51 70.17 69.84 69.53 69.22 68.93 68.65 68.40 68.17 67.97 67.80 67.66 67.56 67.49 67.43 67.32 67.07 66.64 66.05 65.32 64.47 63.52 62.49 61.39 60.24 59.07 57.88 56.71 55.56 54.46 53.42 52.46 51.61 50.88 50.28 49.85 49.58 49.52 49.66 50.04 50.66 51.79 53.67 56.03 58.83 62.01 65.55 69.40 73.53 77.91 82.49 87.23 92.11 97.09 102.12 107.17 112.20 117.18
75.37 75.00 74.93 75.17 75.44 75.30 74.91 74.47 74.02 73.56 73.09 72.61 72.14 71.66 71.19 70.73 70.27 69.83 69.41 69.01 68.63 68.27 67.95 67.65 67.39 67.17 66.99 66.85 66.76 66.69 66.60 66.51 66.38 66.11 65.66 65.06 64.32 63.46 62.50 61.46 60.35 59.20 58.03 56.84 55.67 54.52 53.43 52.40 51.45 50.61 49.89 49.31 48.89 48.64 48.60 48.75 49.09 49.97 51.83 54.41 57.42 60.79 64.48 68.45 72.68 77.11 81.72 86.46 91.31 96.21 101.15 106.07 110.95 115.74
76.06 75.87 75.99 76.43 76.91 76.96 76.57 75.94 75.28 74.62 73.97 73.32 72.68 72.05 71.44 70.84 70.27 69.72 69.20 68.71 68.25 67.83 67.45 67.11 66.82 66.57 66.38 66.24 66.13 66.02 65.90 65.79 65.68 65.53 65.24 64.77 64.16 63.40 62.53 61.56 60.51 59.40 58.24 57.06 55.88 54.70 53.56 52.47 51.44 50.50 49.67 48.96 48.39 47.99 47.74 47.65 47.73 48.33 49.91 52.46 55.66 59.21 63.05 67.14 71.45 75.94 80.58 85.32 90.13 94.97 99.80 104.60 109.31 113.91
76.62 76.60 76.90 77.52 78.18 78.45 78.25 77.62 76.78 75.92 75.08 74.25 73.45 72.66 71.91 71.18 70.48 69.82 69.19 68.61 68.07 67.58 67.14 66.76 66.43 66.16 65.95 65.78 65.63 65.49 65.34 65.19 65.05 64.92 64.76 64.44 63.96 63.32 62.56 61.67 60.69 59.63 58.51 57.35 56.16 54.97 53.80 52.66 51.57 50.55 49.62 48.79 48.09 47.52 47.06 46.73 46.57 46.90 48.19 50.46 53.60 57.30 61.29 65.50 69.90 74.44 79.10 83.84 88.61 93.38 98.11 102.77 107.32 111.73
77.09 77.23 77.68 78.46 79.29 79.73 79.74 79.31 78.47 77.44 76.40 75.40 74.42 73.48 72.57 71.70 70.88 70.10 69.37 68.70 68.08 67.51 67.01 66.57 66.21 65.90 65.66 65.45 65.26 65.08 64.90 64.72 64.56 64.40 64.25 64.06 63.72 63.22 62.56 61.78 60.88 59.88 58.81 57.68 56.51 55.32 54.13 52.96 51.81 50.73 49.71 48.78 47.95 47.19 46.52 45.98 45.58 45.67 46.70 48.66 51.50 55.13 59.23 63.56 68.04 72.64 77.33 82.05 86.78 91.48 96.11 100.64 105.03 109.23
77.48 77.75 78.34 79.25 80.23 80.83 81.02 80.79 80.15 79.12 77.92 76.73 75.58 74.47 73.41 72.41 71.45 70.56 69.72 68.95 68.24 67.60 67.03 66.54 66.13 65.78 65.49 65.24 65.01 64.80 64.58 64.38 64.18 63.99 63.81 63.64 63.42 63.07 62.54 61.87 61.06 60.15 59.14 58.06 56.92 55.74 54.54 53.34 52.16 51.02 49.93 48.90 47.91 46.97 46.12 45.37 44.77 44.63 45.41 47.09 49.62 52.94 56.95 61.36 65.93 70.58 75.28 79.99 84.68 89.31 93.83 98.23 102.45 106.46
77.80 78.18 78.89 79.91 81.01 81.76 82.10 82.05 81.61 80.78 79.58 78.23 76.90 75.63 74.42 73.27 72.18 71.16 70.21 69.34 68.54 67.82 67.19 66.64 66.17 65.78 65.44 65.14 64.87 64.62 64.38 64.15 63.92 63.71 63.50 63.29 63.09 62.85 62.47 61.92 61.23 60.41 59.47 58.45 57.35 56.20 55.01 53.81 52.61 51.42 50.26 49.10 47.95 46.86 45.83 44.91 44.12 43.78 44.32 45.74 47.98 50.97 54.66 58.95 63.57 68.27 72.99 77.69 82.34 86.89 91.31 95.57 99.62 103.43
78.06 78.53 79.33 80.45 81.64 82.51 82.99 83.10 82.84 82.20 81.20 79.86 78.38 76.94 75.57 74.27 73.05 71.90 70.84 69.86 68.97 68.17 67.46 66.85 66.33 65.88 65.49 65.15 64.85 64.57 64.29 64.03 63.78 63.53 63.29 63.06 62.83 62.61 62.34 61.93 61.36 60.65 59.80 58.85 57.81 56.70 55.53 54.34 53.12 51.89 50.63 49.35 48.07 46.84 45.66 44.58 43.62 43.10 43.42 44.60 46.56 49.25 52.61 56.57 61.05 65.77 70.51 75.19 79.79 84.26 88.58 92.69 96.57 100.18
78.26 78.81 79.67 80.86 82.14 83.10 83.70 83.95 83.84 83.38 82.58 81.43 79.96 78.37 76.84 75.39 74.03 72.76 71.57 70.49 69.50 68.62 67.84 67.17 66.59 66.09 65.65 65.27 64.93 64.61 64.31 64.02 63.74 63.47 63.20 62.94 62.68 62.43 62.17 61.88 61.44 60.85 60.11 59.24 58.27 57.22 56.09 54.91 53.68 52.38 51.02 49.64 48.25 46.89 45.59 44.37 43.26 42.57 42.70 43.65 45.36 47.77 50.81 54.43 58.56 63.12 67.85 72.52 77.07 81.46 85.67 89.64 93.35 96.75
78.42 79.01 79.93 81.17 82.50 83.54 84.24 84.60 84.63 84.32 83.69 82.74 81.46 79.89 78.22 76.62 75.11 73.71 72.40 71.21 70.12 69.16 68.31 67.58 66.95 66.39 65.91 65.49 65.11 64.76 64.43 64.11 63.80 63.50 63.21 62.92 62.63 62.35 62.07 61.79 61.46 61.00 60.38 59.61 58.73 57.74 56.66 55.49 54.22 52.86 51.43 49.96 48.48 47.02 45.61 44.27 43.03 42.19 42.15 42.90 44.37 46.51 49.26 52.55 56.33 60.54 65.08 69.70 74.20 78.52 82.61 86.44 89.98 93.19
78.55 79.17 80.11 81.38 82.74 83.84 84.61 85.06 85.20 85.03 84.56 83.77 82.69 81.31 79.66 77.92 76.27 74.73 73.30 72.00 70.82 69.79 68.88 68.09 67.40 66.79 66.26 65.80 65.38 65.00 64.65 64.30 63.97 63.64 63.32 63.00 62.68 62.37 62.06 61.75 61.44 61.09 60.60 59.95 59.16 58.25 57.21 56.04 54.73 53.32 51.84 50.30 48.75 47.21 45.71 44.26 42.92 41.95 41.76 42.32 43.57 45.47 47.94 50.93 54.38 58.22 62.39 66.80 71.23 75.47 79.44 83.13 86.50 89.57
78.65 79.27 80.22 81.49 82.87 84.00 84.82 85.35 85.58 85.52 85.18 84.55 83.64 82.45 80.99 79.28 77.50 75.82 74.26 72.86 71.61 70.51 69.54 68.68 67.93 67.28 66.71 66.20 65.75 65.34 64.95 64.58 64.22 63.87 63.52 63.17 62.83 62.49 62.15 61.81 61.48 61.13 60.75 60.22 59.55 58.71 57.69 56.51 55.19 53.75 52.23 50.66 49.05 47.45 45.87 44.35 42.91 41.84 41.51 41.90 42.96 44.63 46.85 49.56 52.68 56.18 59.97 64.01 68.21 72.33 76.20 79.74 82.99 85.99
78.73 79.33 80.27 81.53 82.90 84.03 84.89 85.47 85.77 85.80 85.57 85.07 84.31 83.29 82.02 80.49 78.74 76.95 75.29 73.80 72.48 71.31 70.27 69.36 68.56 67.85 67.23 66.69 66.20 65.76 65.35 64.95 64.56 64.18 63.81 63.43 63.06 62.70 62.33 61.97 61.60 61.23 60.85 60.43 59.86 59.07 58.08 56.90 55.58 54.14 52.61 51.01 49.37 47.72 46.09 44.51 43.00 41.84 41.39 41.64 42.53 43.99 45.97 48.41 51.24 54.41 57.85 61.50 65.31 69.18 72.91 76.36 79.53 82.46
78.80 79.37 80.27 81.49 82.83 83.95 84.82 85.43 85.78 85.88 85.73 85.34 84.71 83.84 82.74 81.40 79.84 78.11 76.38 74.82 73.43 72.19 71.09 70.11 69.26 68.50 67.84 67.25 66.73 66.26 65.82 65.40 64.99 64.58 64.18 63.78 63.38 62.99 62.60 62.20 61.81 61.41 61.01 60.58 60.04 59.30 58.35 57.21 55.91 54.48 52.95 51.35 49.69 48.02 46.36 44.73 43.18 41.95 41.40 41.52 42.25 43.53 45.29 47.48 50.04 52.90 56.00 59.29 62.70 66.17 69.66 73.02 76.13 79.00
78.87 79.38 80.22 81.38 82.68 83.77 84.62 85.23 85.61 85.76 85.68 85.38 84.86 84.11 83.15 81.99 80.65 79.16 77.53 75.91 74.44 73.14 71.97 70.94 70.03 69.23 68.52 67.90 67.34 66.84 66.37 65.93 65.49 65.06 64.63 64.21 63.78 63.36 62.94 62.52 62.10 61.67 61.22 60.70 60.10 59.39 58.50 57.41 56.16 54.76 53.25 51.66 50.02 48.34 46.66 45.01 43.42 42.15 41.52 41.54 42.13 43.24 44.81 46.77 49.07 51.64 54.43 57.37 60.40 63.49 66.62 69.78 72.81 75.60
78.96 79.38 80.14 81.22 82.44 83.48 84.30 84.90 85.29 85.46 85.43 85.19 84.75 84.11 83.29 82.31 81.20 79.96 78.58 77.05 75.53 74.15 72.93 71.84 70.88 70.03 69.27 68.61 68.02 67.48 67.00 66.53 66.06 65.61 65.15 64.71 64.26 63.81 63.37 62.92 62.47 61.99 61.45 60.82 60.13 59.37 58.52 57.50 56.31 54.96 53.50 51.94 50.32 48.66 46.99 45.34 43.73 42.43 41.74 41.67 42.15 43.11 44.50 46.25 48.32 50.62 53.11 55.72 58.41 61.15 63.93 66.75 69.59 72.30
79.06 79.38 80.03 81.02 82.14 83.11 83.87 84.43 84.80 84.98 84.97 84.78 84.40 83.86 83.18 82.40 81.52 80.51 79.37 78.08 76.66 75.23 73.94 72.80 71.78 70.88 70.09 69.39 68.76 68.20 67.69 67.19 66.71 66.23 65.75 65.27 64.80 64.33 63.86 63.38 62.88 62.31 61.67 60.95 60.16 59.32 58.43 57.47 56.36 55.08 53.68 52.18 50.60 48.97 47.33 45.69 44.10 42.78 42.06 41.92 42.29 43.13 44.36 45.93 47.77 49.83 52.04 54.34 56.70 59.11 61.57 64.06 66.59 69.12
79.18 79.38 79.91 80.77 81.78 82.65 83.34 83.84 84.18 84.34 84.33 84.16 83.83 83.40 82.89 82.30 81.62 80.83 79.92 78.87 77.68 76.35 75.02 73.82 72.75 71.80 70.97 70.22 69.56 68.97 68.44 67.92 67.41 66.91 66.41 65.91 65.41 64.91 64.41 63.89 63.30 62.62 61.88 61.07 60.20 59.28 58.33 57.34 56.29 55.11 53.79 52.36 50.84 49.27 47.67 46.07 44.50 43.19 42.45 42.26 42.56 43.29 44.38 45.78 47.42 49.25 51.18 53.18 55.24 57.35 59.51 61.70 63.92 66.16
79.35 79.40 79.79 80.50 81.38 82.12 82.71 83.14 83.41 83.53 83.51 83.35 83.10 82.80 82.45 82.03 81.53 80.94 80.23 79.41 78.46 77.36 76.13 74.89 73.77 72.78 71.90 71.12 70.42 69.81 69.25 68.71 68.18 67.65 67.12 66.60 66.08 65.56 65.01 64.39 63.69 62.92 62.08 61.19 60.24 59.26 58.24 57.20 56.13 55.03 53.81 52.47 51.04 49.54 48.00 46.46 44.94 43.66 42.92 42.70 42.94 43.57 44.55 45.80 47.26 48.84 50.50 52.23 54.01 55.84 57.72 59.63 61.56 63.52
79.55 79.44 79.66 80.21 80.92 81.53 82.00 82.33 82.52 82.58 82.52 82.40 82.26 82.09 81.87 81.61 81.27 80.86 80.35 79.74 79.00 78.14 77.13 75.99 74.84 73.80 72.88 72.06 71.33 70.69 70.11 69.55 68.99 68.44 67.89 67.35 66.80 66.23 65.59 64.86 64.07 63.20 62.28 61.30 60.29 59.24 58.16 57.07 55.97 54.87 53.73 52.51 51.18 49.77 48.32 46.85 45.39 44.16 43.44 43.21 43.41 43.98 44.85 45.96 47.22 48.56 49.97 51.44 52.97 54.55 56.17 57.82 59.50 61.20
79.81 79.51 79.54 79.90 80.44 80.89 81.21 81.42 81.51 81.50 81.44 81.40 81.35 81.28 81.19 81.06 80.87 80.61 80.28 79.86 79.33 78.68 77.91 76.99 75.93 74.86 73.90 73.05 72.29 71.62 71.01 70.43 69.85 69.28 68.71 68.14 67.55 66.88 66.13 65.31 64.42 63.46 62.46 61.42 60.34 59.23 58.11 56.97 55.83 54.70 53.58 52.45 51.24 49.95 48.60 47.23 45.85 44.69 44.01 43.79 43.97 44.49 45.27 46.21 47.25 48.36 49.54 50.79 52.09 53.44 54.82 56.25 57.69 59.16
80.14 79.62 79.45 79.60 79.93 80.19 80.35 80.42 80.40 80.35 80.34 80.36 80.38 80.41 80.42 80.40 80.34 80.23 80.06 79.80 79.46 79.01 78.45 77.76 76.92 75.95 74.96 74.08 73.29 72.59 71.96 71.36 70.76 70.17 69.57 68.96 68.27 67.49 66.64 65.72 64.74 63.71 62.64 61.53 60.39 59.23 58.06 56.89 55.72 54.57 53.44 52.33 51.23 50.07 48.84 47.58 46.31 45.24 44.62 44.43 44.60 45.08 45.73 46.48 47.31 48.22 49.20 50.24 51.34 52.48 53.66 54.87 56.11 57.37
80.53 79.79 79.38 79.30 79.41 79.47 79.44 79.35 79.26 79.23 79.25 79.31 79.39 79.48 79.58 79.66 79.71 79.73 79.69 79.60 79.42 79.15 78.79 78.30 77.69 76.94 76.05 75.14 74.32 73.60 72.95 72.32 71.70 71.09 70.45 69.73 68.93 68.06 67.11 66.11 65.05 63.94 62.80 61.63 60.44 59.24 58.03 56.83 55.64 54.47 53.33 52.22 51.16 50.12 49.03 47.90 46.76 45.79 45.25 45.11 45.29 45.67 46.15 46.72 47.38 48.11 48.91 49.77 50.69 51.64 52.64 53.67 54.72 55.79
80.96 80.01 79.34 79.01 78.88 78.71 78.49 78.30 78.19 78.15 78.18 78.26 78.39 78.53 78.69 78.86 79.01 79.13 79.22 79.26 79.23 79.13 78.94 78.64 78.24 77.70 77.03 76.22 75.39 74.64 73.96 73.32 72.68 72.02 71.28 70.46 69.55 68.58 67.55 66.46 65.32 64.15 62.95 61.73 60.49 59.25 58.01 56.78 55.58 54.40 53.25 52.15 51.10 50.11 49.16 48.18 47.18 46.34 45.90 45.81 45.93 46.17 46.50 46.92 47.42 48.00 48.64 49.35 50.10 50.90 51.74 52.61 53.50 54.41
81.33 80.25 79.36 78.76 78.35 77.95 77.59 77.34 77.20 77.14 77.17 77.26 77.40 77.58 77.79 78.02 78.24 78.46 78.65 78.81 78.91 78.95 78.92 78.80 78.58 78.25 77.79 77.19 76.46 75.70 75.01 74.34 73.66 72.90 72.05 71.12 70.12 69.06 67.94 66.78 65.57 64.34 63.09 61.82 60.54 59.27 58.00 56.76 55.54 54.36 53.22 52.13 51.10 50.13 49.25 48.41 47.57 46.87 46.53 46.42 46.42 46.53 46.74 47.03 47.40 47.85 48.36 48.93 49.55 50.22 50.92 51.65 52.41 53.17
81.59 80.42 79.38 78.53 77.85 77.27 76.83 76.51 76.32 76.22 76.22 76.30 76.45 76.65 76.89 77.16 77.45 77.74 78.01 78.27 78.49 78.66 78.77 78.81 78.76 78.61 78.34 77.96 77.43 76.77 76.07 75.36 74.58 73.70 72.75 71.73 70.64 69.49 68.30 67.06 65.80 64.51 63.21 61.90 60.59 59.29 58.01 56.75 55.53 54.35 53.22 52.14 51.14 50.21 49.36 48.60 47.91 47.36 47.03 46.83 46.73 46.74 46.84 47.03 47.29 47.63 48.04 48.50 49.01 49.57 50.16 50.78 51.42 52.07
81.74 80.47 79.32 78.32 77.47 76.78 76.23 75.84 75.57 75.43 75.39 75.44 75.57 75.77 76.03 76.33 76.65 77.00 77.34 77.68 78.00 78.28 78.52 78.69 78.79 78.81 78.73 78.53 78.22 77.76 77.16 76.37 75.47 74.49 73.43 72.32 71.14 69.92 68.65 67.35 66.03 64.69 63.35 62.00 60.67 59.35 58.05 56.79 55.56 54.39 53.28 52.22 51.25 50.35 49.55 48.84 48.23 47.72 47.32 47.04 46.86 46.79 46.81 46.92 47.10 47.35 47.67 48.05 48.47 48.94 49.44 49.97 50.52 51.08
81.85 80.47 79.21 78.15 77.28 76.50 75.85 75.36 75.01 74.80 74.70 74.72 74.83 75.02 75.27 75.59 75.95 76.33 76.74 77.15 77.55 77.93 78.28 78.58 78.82 78.99 79.08 79.07 78.95 78.72 78.35 77.63 76.63 75.54 74.38 73.17 71.90 70.60 69.26 67.89 66.51 65.12 63.72 62.34 60.97 59.62 58.31 57.03 55.81 54.64 53.53 52.50 51.55 50.69 49.92 49.25 48.66 48.12 47.66 47.31 47.07 46.93 46.88 46.92 47.03 47.21 47.46 47.76 48.11 48.50 48.93 49.38 49.85 50.33
81.94 80.44 79.13 78.08 77.22 76.41 75.68 75.09 74.65 74.36 74.21 74.17 74.24 74.41 74.66 74.99 75.36 75.79 76.24 76.71 77.19 77.66 78.11 78.53 78.90 79.22 79.46 79.63 79.71 79.72 79.61 79.13 78.19 77.00 75.73 74.40 73.04 71.64 70.22 68.77 67.32 65.87 64.42 62.99 61.58 60.20 58.86 57.56 56.32 55.15 54.05 53.02 52.09 51.25 50.51 49.84 49.23 48.66 48.17 47.77 47.47 47.27 47.16 47.13 47.18 47.30 47.48 47.72 48.00 48.32 48.68 49.06 49.46 49.87
82.00 80.44 79.13 78.09 77.24 76.45 75.69 75.02 74.48 74.11 73.88 73.79 73.82 73.96 74.19 74.51 74.90 75.35 75.84 76.37 76.91 77.46 78.01 78.54 79.03 79.48 79.88 80.22 80.53 80.79 80.92 80.67 79.95 78.81 77.43 76.00 74.52 73.03 71.51 69.98 68.45 66.92 65.41 63.92 62.46 61.04 59.66 58.34 57.08 55.89 54.78 53.76 52.83 52.00 51.26 50.57 49.93 49.33 48.81 48.38 48.03 47.78 47.61 47.53 47.53 47.59 47.72 47.89 48.12 48.38 48.67 48.99 49.33 49.67
82.08 80.53 79.23 78.20 77.35 76.56 75.82 75.12 74.50 74.04 73.73 73.57 73.55 73.65 73.86 74.16 74.56 75.02 75.54 76.11 76.71 77.33 77.96 78.59 79.20 79.78 80.33 80.88 81.42 81.90 82.27 82.24 81.74 80.79 79.45 77.91 76.32 74.72 73.10 71.47 69.85 68.25 66.66 65.11 63.59 62.11 60.69 59.33 58.04 56.83 55.71 54.67 53.74 52.90 52.14 51.43 50.75 50.13 49.58 49.12 48.73 48.44 48.23 48.10 48.05 48.06 48.14 48.26 48.43 48.64 48.88 49.15 49.43 49.71
82.26 80.71 79.42 78.39 77.54 76.75 76.01 75.32 74.68 74.14 73.74 73.51 73.42 73.47 73.65 73.93 74.32 74.79 75.33 75.93 76.58 77.27 77.98 78.69 79.40 80.12 80.87 81.63 82.38 83.07 83.64 83.83 83.53 82.78 81.62 80.10 78.41 76.68 74.95 73.22 71.51 69.81 68.15 66.52 64.93 63.39 61.92 60.52 59.19 57.94 56.79 55.74 54.79 53.93 53.14 52.40 51.70 51.05 50.47 49.97 49.55 49.22 48.97 48.81 48.71 48.69 48.72 48.80 48.93 49.09 49.29 49.50 49.73 49.97
82.52 80.98 79.69 78.66 77.81 77.02 76.27 75.58 74.95 74.39 73.91 73.59 73.44 73.43 73.56 73.82 74.19 74.65 75.21 75.84 76.52 77.26 78.03 78.83 79.66 80.55 81.49 82.45 83.39 84.28 85.05 85.42 85.31 84.75 83.76 82.41 80.73 78.89 77.04 75.20 73.38 71.59 69.83 68.12 66.45 64.85 63.32 61.86 60.48 59.20 58.01 56.94 55.96 55.07 54.25 53.48 52.75 52.07 51.46 50.93 50.48 50.11 49.83 49.63 49.50 49.44 49.44 49.49 49.58 49.70 49.86 50.04 50.22 50.42
