data_processed/recharge/precip/Precip_1992_09.asc
ncols        168
nrows        136
xllcorner    455000
yllcorner    2107000
cellsize     500
NODATA_value     -99999
[rows 96 to 127 of 136, columns 72 to 143 of 168]
165.70 166.46 167.22 168.02 168.88 169.83 170.90 172.08 173.36 174.73 176.15 177.59 179.00 180.31 181.49 182.55 183.48 184.29 184.96 185.51 185.91 186.18 186.31 186.30 186.14 185.84 185.38 184.75 183.90 182.80 181.47 179.93 178.19 176.39 174.70 173.15 171.73 170.44 169.27 168.11 166.91 165.66 164.38 163.06 161.70 160.31 158.89 157.45 155.98 154.49 152.98 151.46 149.93 148.39 146.90 145.56 144.38 143.39 142.58 141.95 141.39 140.82 140.26 139.69 139.11 138.52 137.91 137.26 136.56 135.82 135.01 134.14
165.65 166.57 167.38 168.21 169.09 170.05 171.12 172.30 173.58 174.94 176.35 177.73 179.03 180.21 181.28 182.24 183.08 183.81 184.41 184.89 185.24 185.46 185.55 185.51 185.34 185.02 184.56 183.96 183.20 182.21 181.00 179.56 177.92 176.22 174.64 173.21 171.91 170.73 169.58 168.39 167.17 165.91 164.62 163.30 161.96 160.59 159.21 157.81 156.39 154.96 153.52 152.08 150.64 149.19 147.75 146.39 145.19 144.17 143.36 142.75 142.20 141.65 141.09 140.53 139.96 139.36 138.75 138.09 137.39 136.64 135.83 134.96
165.14 166.35 167.32 168.19 169.09 170.06 171.13 172.31 173.59 174.94 176.28 177.55 178.72 179.78 180.75 181.61 182.36 183.00 183.53 183.95 184.24 184.42 184.48 184.41 184.22 183.89 183.44 182.85 182.12 181.23 180.14 178.82 177.29 175.71 174.25 172.94 171.76 170.61 169.43 168.22 166.98 165.72 164.44 163.14 161.83 160.50 159.16 157.81 156.46 155.10 153.75 152.40 151.06 149.72 148.40 147.10 145.88 144.86 144.05 143.44 142.90 142.36 141.81 141.26 140.69 140.10 139.49 138.84 138.15 137.40 136.60 135.72
164.13 165.63 166.90 167.93 168.87 169.85 170.92 172.10 173.37 174.66 175.87 177.01 178.05 179.00 179.86 180.62 181.28 181.84 182.30 182.66 182.90 183.04 183.06 182.97 182.76 182.43 181.97 181.39 180.69 179.85 178.87 177.68 176.28 174.82 173.49 172.30 171.15 169.98 168.78 167.56 166.33 165.08 163.82 162.55 161.27 159.99 158.71 157.43 156.16 154.89 153.63 152.39 151.16 149.95 148.76 147.59 146.46 145.43 144.62 144.02 143.49 142.96 142.42 141.88 141.32 140.75 140.15 139.51 138.83 138.10 137.30 136.44
162.62 164.38 165.95 167.28 168.39 169.39 170.47 171.64 172.85 174.00 175.08 176.08 177.00 177.83 178.59 179.25 179.83 180.31 180.70 181.00 181.19 181.29 181.28 181.16 180.94 180.60 180.15 179.59 178.90 178.10 177.17 176.10 174.84 173.51 172.31 171.15 169.98 168.80 167.59 166.38 165.16 163.94 162.71 161.48 160.26 159.04 157.83 156.63 155.45 154.28 153.13 152.00 150.90 149.83 148.78 147.77 146.80 145.87 145.07 144.47 143.95 143.43 142.92 142.39 141.86 141.31 140.73 140.11 139.45 138.74 137.97 137.13
160.58 162.60 164.44 166.08 167.49 168.67 169.76 170.87 171.93 172.93 173.87 174.74 175.54 176.26 176.91 177.48 177.98 178.39 178.71 178.95 179.09 179.15 179.10 178.97 178.73 178.39 177.95 177.40 176.74 175.96 175.08 174.07 172.94 171.74 170.58 169.41 168.23 167.04 165.84 164.65 163.46 162.27 161.09 159.91 158.75 157.61 156.48 155.38 154.29 153.24 152.21 151.21 150.25 149.33 148.45 147.60 146.81 146.06 145.37 144.80 144.29 143.80 143.31 142.82 142.31 141.79 141.24 140.65 140.02 139.34 138.60 137.80
158.04 160.30 162.41 164.33 166.06 167.55 168.76 169.75 170.65 171.51 172.30 173.04 173.72 174.33 174.87 175.35 175.76 176.09 176.34 176.52 176.62 176.63 176.56 176.40 176.15 175.81 175.37 174.83 174.19 173.45 172.61 171.66 170.59 169.42 168.25 167.06 165.88 164.70 163.53 162.36 161.20 160.06 158.94 157.83 156.75 155.69 154.65 153.65 152.68 151.75 150.85 150.00 149.19 148.42 147.71 147.04 146.44 145.89 145.40 144.96 144.51 144.05 143.60 143.14 142.68 142.19 141.68 141.14 140.54 139.90 139.20 138.43
155.26 157.73 160.08 162.27 164.28 166.08 167.55 168.58 169.35 170.04 170.68 171.28 171.82 172.31 172.74 173.11 173.42 173.66 173.84 173.94 173.98 173.94 173.83 173.63 173.36 173.00 172.55 172.02 171.39 170.67 169.86 168.93 167.87 166.69 165.50 164.30 163.12 161.95 160.79 159.65 158.53 157.44 156.37 155.33 154.32 153.34 152.40 151.50 150.64 149.83 149.07 148.35 147.69 147.09 146.54 146.06 145.64 145.28 145.00 144.78 144.49 144.10 143.70 143.29 142.88 142.45 141.99 141.49 140.95 140.36 139.71 139.00
152.34 155.01 157.57 160.01 162.28 164.34 166.07 167.33 168.12 168.66 169.14 169.57 169.97 170.31 170.61 170.86 171.05 171.19 171.27 171.30 171.25 171.15 170.97 170.73 170.41 170.02 169.55 169.01 168.38 167.66 166.85 165.91 164.82 163.63 162.43 161.22 160.03 158.86 157.72 156.60 155.52 154.46 153.44 152.46 151.52 150.63 149.77 148.97 148.22 147.53 146.89 146.31 145.79 145.34 144.96 144.65 144.41 144.26 144.19 144.19 144.12 143.90 143.58 143.24 142.89 142.53 142.13 141.70 141.23 140.70 140.12 139.47
149.32 152.15 154.91 157.57 160.09 162.37 164.31 165.79 166.79 167.34 167.66 167.92 168.15 168.34 168.49 168.60 168.67 168.69 168.66 168.58 168.44 168.25 168.00 167.69 167.32 166.88 166.37 165.80 165.14 164.41 163.57 162.59 161.47 160.27 159.05 157.85 156.65 155.48 154.35 153.25 152.19 151.17 150.20 149.27 148.40 147.57 146.81 146.10 145.45 144.87 144.35 143.90 143.53 143.23 143.00 142.86 142.81 142.85 142.99 143.19 143.35 143.37 143.24 143.00 142.73 142.44 142.12 141.77 141.38 140.94 140.43 139.86
146.21 149.19 152.14 155.02 157.74 160.21 162.33 163.99 165.18 165.92 166.23 166.33 166.37 166.39 166.38 166.33 166.25 166.14 165.98 165.78 165.54 165.25 164.91 164.52 164.07 163.57 163.01 162.39 161.69 160.91 160.01 158.98 157.84 156.62 155.41 154.20 153.00 151.83 150.70 149.62 148.58 147.59 146.66 145.78 144.97 144.22 143.53 142.91 142.36 141.88 141.48 141.16 140.92 140.76 140.70 140.72 140.86 141.09 141.42 141.83 142.20 142.47 142.59 142.55 142.39 142.19 141.97 141.71 141.42 141.07 140.66 140.18
143.05 146.18 149.32 152.39 155.28 157.90 160.15 161.96 163.31 164.21 164.69 164.76 164.63 164.46 164.27 164.06 163.82 163.55 163.25 162.92 162.55 162.14 161.70 161.21 160.67 160.09 159.46 158.77 158.01 157.15 156.19 155.12 153.96 152.73 151.50 150.29 149.10 147.94 146.81 145.74 144.72 143.76 142.86 142.03 141.27 140.58 139.97 139.43 138.97 138.60 138.31 138.11 138.00 137.99 138.08 138.28 138.59 139.01 139.53 140.12 140.71 141.20 141.58 141.81 141.87 141.80 141.68 141.53 141.34 141.10 140.80 140.43
139.90 143.21 146.51 149.73 152.75 155.48 157.83 159.74 161.20 162.24 162.86 163.07 162.91 162.56 162.17 161.77 161.35 160.92 160.46 159.98 159.47 158.93 158.36 157.76 157.12 156.45 155.73 154.94 154.09 153.15 152.14 151.03 149.84 148.60 147.37 146.16 144.97 143.82 142.71 141.64 140.63 139.70 138.83 138.04 137.33 136.70 136.16 135.70 135.33 135.06 134.87 134.79 134.81 134.94 135.19 135.56 136.05 136.64 137.34 138.11 138.89 139.61 140.24 140.74 141.08 141.24 141.26 141.23 141.16 141.04 140.87 140.62
136.87 140.32 143.75 147.07 150.18 152.98 155.39 157.37 158.92 160.05 160.77 161.10 161.05 160.65 160.07 159.47 158.86 158.24 157.61 156.96 156.30 155.61 154.91 154.18 153.42 152.63 151.79 150.91 149.96 148.95 147.88 146.73 145.52 144.26 143.02 141.81 140.64 139.50 138.40 137.35 136.36 135.44 134.60 133.85 133.19 132.61 132.13 131.75 131.46 131.28 131.20 131.23 131.37 131.65 132.07 132.60 133.25 134.01 134.87 135.82 136.79 137.72 138.58 139.34 139.97 140.43 140.70 140.83 140.89 140.91 140.86 140.76
133.99 137.54 141.06 144.45 147.61 150.45 152.89 154.89 156.48 157.66 158.46 158.87 158.92 158.60 157.96 157.16 156.34 155.52 154.70 153.87 153.03 152.19 151.33 150.45 149.56 148.63 147.68 146.68 145.65 144.57 143.44 142.25 141.01 139.74 138.50 137.29 136.12 134.99 133.92 132.89 131.92 131.02 130.21 129.49 128.86 128.34 127.92 127.60 127.40 127.30 127.32 127.46 127.75 128.18 128.74 129.42 130.23 131.15 132.16 133.28 134.42 135.56 136.65 137.66 138.57 139.33 139.91 140.30 140.53 140.70 140.80 140.85
131.31 134.93 138.50 141.92 145.10 147.93 150.35 152.34 153.93 155.14 155.96 156.42 156.52 156.28 155.70 154.82 153.79 152.76 151.73 150.70 149.68 148.65 147.62 146.59 145.54 144.48 143.40 142.30 141.18 140.02 138.83 137.61 136.34 135.06 133.82 132.61 131.45 130.33 129.27 128.27 127.33 126.46 125.67 124.98 124.39 123.91 123.55 123.29 123.16 123.15 123.27 123.54 123.97 124.53 125.23 126.06 127.01 128.08 129.25 130.51 131.83 133.16 134.47 135.73 136.90 137.95 138.85 139.57 140.07 140.42 140.69 140.90
128.87 132.52 136.10 139.51 142.67 145.46 147.82 149.77 151.32 152.50 153.32 153.78 153.90 153.69 153.16 152.32 151.20 149.95 148.70 147.46 146.23 145.01 143.80 142.59 141.39 140.19 138.99 137.78 136.57 135.34 134.10 132.83 131.54 130.25 129.00 127.79 126.64 125.54 124.49 123.52 122.61 121.78 121.02 120.36 119.80 119.36 119.05 118.86 118.79 118.87 119.11 119.51 120.06 120.75 121.58 122.55 123.63 124.83 126.14 127.55 129.03 130.55 132.07 133.56 134.99 136.32 137.53 138.58 139.43 140.06 140.53 140.91
126.71 130.35 133.90 137.27 140.36 143.07 145.34 147.20 148.68 149.80 150.57 151.00 151.10 150.89 150.36 149.54 148.44 147.08 145.61 144.14 142.69 141.26 139.86 138.48 137.12 135.79 134.46 133.15 131.85 130.55 129.25 127.94 126.63 125.33 124.07 122.87 121.72 120.63 119.61 118.66 117.78 116.98 116.27 115.65 115.13 114.73 114.46 114.32 114.33 114.51 114.87 115.38 116.05 116.86 117.82 118.90 120.12 121.45 122.89 124.43 126.07 127.76 129.48 131.19 132.87 134.48 135.98 137.35 138.55 139.54 140.31 140.91
124.87 128.46 131.95 135.23 138.22 140.81 142.95 144.68 146.05 147.08 147.76 148.12 148.16 147.90 147.35 146.51 145.40 144.03 142.44 140.74 139.06 137.42 135.83 134.28 132.77 131.29 129.85 128.44 127.04 125.67 124.31 122.97 121.64 120.32 119.06 117.86 116.72 115.64 114.64 113.71 112.87 112.11 111.44 110.86 110.39 110.03 109.80 109.73 109.83 110.12 110.57 111.19 111.97 112.89 113.96 115.16 116.49 117.94 119.51 121.18 122.95 124.82 126.73 128.66 130.58 132.45 134.24 135.92 137.45 138.81 139.95 140.86
123.38 126.89 130.27 133.43 136.28 138.72 140.69 142.25 143.48 144.36 144.92 145.17 145.12 144.77 144.15 143.26 142.11 140.71 139.08 137.25 135.35 133.51 131.73 130.01 128.35 126.74 125.17 123.65 122.17 120.73 119.32 117.93 116.58 115.25 113.99 112.79 111.65 110.59 109.61 108.71 107.89 107.17 106.54 106.02 105.60 105.29 105.12 105.13 105.33 105.71 106.26 106.97 107.85 108.88 110.05 111.36 112.80 114.36 116.03 117.82 119.73 121.75 123.85 125.98 128.13 130.26 132.33 134.31 136.17 137.88 139.40 140.70
122.30 125.68 128.92 131.92 134.59 136.83 138.59 139.96 140.99 141.70 142.10 142.20 142.01 141.55 140.82 139.83 138.60 137.14 135.46 133.60 131.60 129.56 127.60 125.71 123.89 122.14 120.46 118.83 117.26 115.75 114.28 112.86 111.48 110.15 108.88 107.68 106.55 105.50 104.54 103.67 102.88 102.20 101.62 101.14 100.78 100.55 100.48 100.57 100.85 101.31 101.95 102.75 103.72 104.84 106.11 107.51 109.05 110.71 112.49 114.39 116.43 118.59 120.86 123.20 125.57 127.94 130.28 132.55 134.73 136.78 138.67 140.34
121.65 124.87 127.92 130.73 133.18 135.19 136.70 137.83 138.64 139.13 139.33 139.25 138.89 138.26 137.38 136.27 134.92 133.36 131.62 129.74 127.72 125.59 123.45 121.39 119.42 117.53 115.72 114.00 112.34 110.75 109.23 107.77 106.37 105.02 103.75 102.55 101.44 100.40 99.46 98.61 97.86 97.22 96.68 96.25 95.96 95.83 95.87 96.07 96.43 96.96 97.68 98.56 99.61 100.81 102.17 103.66 105.29 107.04 108.92 110.91 113.06 115.37 117.81 120.33 122.91 125.52 128.12 130.68 133.16 135.55 137.78 139.74
121.48 124.49 127.33 129.90 132.10 133.84 135.06 135.91 136.45 136.70 136.66 136.35 135.78 134.95 133.89 132.60 131.11 129.44 127.64 125.71 123.67 121.52 119.29 117.07 114.95 112.93 111.00 109.17 107.42 105.77 104.19 102.69 101.27 99.91 98.64 97.44 96.34 95.32 94.39 93.57 92.85 92.25 91.75 91.39 91.20 91.18 91.32 91.63 92.08 92.69 93.47 94.43 95.55 96.83 98.25 99.83 101.54 103.38 105.34 107.42 109.68 112.12 114.71 117.41 120.19 123.03 125.88 128.71 131.50 134.19 136.68 138.85
121.82 124.60 127.18 129.48 131.38 132.81 133.71 134.24 134.48 134.43 134.12 133.55 132.72 131.67 130.38 128.89 127.24 125.47 123.58 121.59 119.50 117.33 115.08 112.78 110.51 108.36 106.31 104.37 102.54 100.81 99.18 97.65 96.20 94.84 93.56 92.37 91.27 90.27 89.36 88.57 87.88 87.31 86.88 86.62 86.53 86.61 86.86 87.26 87.81 88.51 89.36 90.38 91.56 92.91 94.40 96.05 97.83 99.74 101.78 103.94 106.30 108.86 111.59 114.47 117.44 120.50 123.59 126.69 129.75 132.66 135.32 137.67
122.73 125.22 127.51 129.49 131.07 132.14 132.68 132.86 132.75 132.38 131.75 130.88 129.77 128.44 126.90 125.22 123.42 121.51 119.52 117.43 115.28 113.06 110.79 108.47 106.13 103.84 101.68 99.64 97.72 95.92 94.23 92.66 91.19 89.82 88.54 87.35 86.26 85.27 84.39 83.62 82.97 82.46 82.12 81.96 81.98 82.15 82.50 82.99 83.64 84.44 85.37 86.45 87.69 89.09 90.64 92.34 94.19 96.17 98.27 100.51 102.95 105.63 108.50 111.53 114.69 117.95 121.28 124.63 127.87 130.91 133.71 136.23
124.23 126.41 128.36 129.99 131.19 131.88 132.02 131.80 131.32 130.58 129.60 128.39 126.95 125.31 123.54 121.66 119.68 117.63 115.50 113.31 111.07 108.78 106.46 104.11 101.75 99.40 97.12 94.98 92.98 91.11 89.37 87.76 86.27 84.89 83.61 82.42 81.34 80.37 79.51 78.77 78.17 77.75 77.51 77.44 77.55 77.83 78.26 78.85 79.59 80.47 81.50 82.65 83.94 85.39 87.00 88.75 90.65 92.68 94.85 97.14 99.67 102.45 105.44 108.63 111.97 115.43 118.97 122.45 125.79 128.94 131.86 134.54
126.36 128.19 129.77 131.01 131.81 132.07 131.77 131.12 130.22 129.07 127.70 126.11 124.32 122.40 120.38 118.28 116.12 113.89 111.61 109.28 106.93 104.55 102.16 99.76 97.38 95.00 92.67 90.43 88.34 86.40 84.61 82.96 81.45 80.06 78.78 77.60 76.53 75.57 74.73 74.04 73.53 73.20 73.06 73.09 73.29 73.65 74.17 74.85 75.68 76.65 77.75 78.99 80.36 81.85 83.50 85.30 87.24 89.32 91.53 93.88 96.48 99.35 102.47 105.79 109.30 112.94 116.58 120.13 123.53 126.77 129.80 132.61
129.12 130.61 131.78 132.59 132.94 132.74 131.96 130.84 129.48 127.90 126.09 124.10 121.97 119.77 117.50 115.16 112.78 110.35 107.89 105.41 102.93 100.43 97.95 95.49 93.05 90.65 88.29 86.00 83.83 81.82 79.98 78.29 76.76 75.37 74.08 72.91 71.84 70.91 70.11 69.50 69.08 68.85 68.79 68.91 69.20 69.65 70.26 71.02 71.93 72.98 74.17 75.49 76.93 78.49 80.18 82.01 83.99 86.11 88.36 90.75 93.41 96.37 99.59 103.06 106.70 110.41 114.07 117.65 121.10 124.41 127.54 130.47
132.37 133.65 134.43 134.77 134.64 133.93 132.64 131.01 129.16 127.09 124.83 122.46 120.01 117.50 114.95 112.35 109.73 107.08 104.43 101.77 99.13 96.50 93.90 91.34 88.83 86.38 84.00 81.69 79.48 77.40 75.51 73.78 72.23 70.83 69.54 68.37 67.32 66.42 65.71 65.19 64.86 64.71 64.74 64.95 65.32 65.85 66.54 67.38 68.37 69.50 70.76 72.15 73.67 75.31 77.06 78.92 80.93 83.07 85.36 87.79 90.50 93.53 96.86 100.42 104.11 107.80 111.45 115.04 118.53 121.89 125.10 128.12
136.06 137.19 137.70 137.59 136.94 135.69 133.85 131.67 129.28 126.71 124.03 121.28 118.49 115.66 112.80 109.92 107.04 104.15 101.28 98.42 95.60 92.81 90.08 87.40 84.80 82.27 79.83 77.50 75.27 73.16 71.21 69.45 67.88 66.47 65.18 64.02 63.00 62.18 61.55 61.12 60.87 60.81 60.92 61.21 61.66 62.27 63.04 63.96 65.02 66.22 67.56 69.02 70.60 72.31 74.12 76.05 78.08 80.25 82.55 85.01 87.76 90.86 94.26 97.83 101.46 105.10 108.72 112.31 115.81 119.22 122.49 125.59
140.19 141.16 141.47 141.04 139.88 138.06 135.62 132.86 129.91 126.87 123.77 120.64 117.48 114.30 111.12 107.94 104.77 101.62 98.50 95.43 92.40 89.44 86.54 83.73 81.01 78.39 75.87 73.48 71.21 69.09 67.12 65.32 63.74 62.32 61.03 59.89 58.95 58.21 57.67 57.32 57.15 57.17 57.36 57.73 58.25 58.94 59.78 60.77 61.90 63.17 64.57 66.10 67.76 69.52 71.40 73.39 75.47 77.66 79.98 82.45 85.24 88.38 91.74 95.22 98.76 102.33 105.92 109.48 112.99 116.41 119.72 122.89
144.78 145.59 145.68 144.99 143.45 141.06 137.99 134.63 131.17 127.66 124.14 120.60 117.05 113.50 109.97 106.46 102.98 99.55 96.17 92.85 89.60 86.44 83.36 80.39 77.53 74.79 72.18 69.71 67.38 65.22 63.23 61.42 59.82 58.39 57.13 56.06 55.20 54.54 54.08 53.81 53.72 53.81 54.08 54.52 55.12 55.87 56.78 57.84 59.04 60.37 61.84 63.43 65.15 66.97 68.91 70.95 73.09 75.33 77.66 80.14 82.94 86.01 89.24 92.58 96.02 99.52 103.04 106.56 110.06 113.49 116.83 120.04
