data_processed/recharge/precip/Precip_2006_06.asc
ncols        168
nrows        136
xllcorner    455000
yllcorner    2107000
cellsize     500
NODATA_value     -99999
[rows 32 to 63 of 136, columns 73 to 145 of 168]
145.96 144.33 142.87 141.58 140.44 139.44 138.55 137.76 137.06 136.44 135.87 135.33 134.83 134.33 133.82 133.29 132.72 132.10 131.41 130.63 129.75 128.76 127.63 126.35 124.93 123.49 122.08 120.74 119.49 118.34 117.32 116.42 115.67 115.09 114.68 114.46 114.45 114.67 115.11 115.81 116.78 118.02 119.57 121.42 123.59 126.11 128.98 132.22 135.85 139.85 143.87 147.30 150.17 152.51 154.36 155.76 156.74 157.33 157.58 157.51 157.16 156.58 155.78 154.81 153.71 152.50 151.23 149.93 148.62 147.36 146.18 145.10 144.16
142.39 141.05 139.89 138.89 138.04 137.32 136.71 136.21 135.78 135.43 135.13 134.86 134.62 134.38 134.13 133.85 133.54 133.16 132.72 132.18 131.54 130.78 129.88 128.84 127.74 126.53 125.09 123.69 122.36 121.12 119.98 118.97 118.08 117.35 116.78 116.39 116.19 116.20 116.44 116.91 117.63 118.62 119.90 121.47 123.35 125.56 128.11 131.01 134.29 138.01 142.15 146.06 149.42 152.21 154.48 156.26 157.59 158.49 159.01 159.18 159.04 158.62 157.95 157.08 156.03 154.84 153.56 152.20 150.81 149.42 148.08 146.80 145.63
138.72 137.62 136.73 136.00 135.41 134.95 134.60 134.35 134.18 134.08 134.02 134.00 134.00 133.99 133.98 133.93 133.85 133.70 133.47 133.15 132.73 132.18 131.50 130.78 130.28 129.67 128.46 126.98 125.54 124.18 122.90 121.73 120.68 119.77 119.01 118.41 118.00 117.78 117.76 117.98 118.43 119.13 120.11 121.36 122.92 124.79 126.99 129.53 132.49 136.10 140.24 144.39 148.22 151.50 154.22 156.41 158.11 159.35 160.17 160.61 160.69 160.46 159.95 159.20 158.23 157.09 155.82 154.43 152.98 151.50 150.02 148.57 147.20
135.04 134.11 133.44 132.95 132.60 132.38 132.26 132.24 132.30 132.42 132.58 132.78 132.99 133.20 133.39 133.55 133.66 133.71 133.68 133.56 133.32 132.97 132.59 132.43 132.57 132.59 131.90 130.58 129.02 127.49 126.05 124.69 123.45 122.32 121.33 120.50 119.83 119.34 119.05 118.97 119.11 119.50 120.14 121.05 122.25 123.74 125.55 127.77 130.62 134.20 138.31 142.46 146.54 150.28 153.47 156.10 158.20 159.81 160.96 161.68 162.03 162.02 161.69 161.08 160.23 159.16 157.92 156.54 155.06 153.50 151.92 150.33 148.77
131.38 130.61 130.09 129.79 129.66 129.64 129.73 129.92 130.17 130.49 130.85 131.24 131.64 132.03 132.41 132.75 133.04 133.26 133.40 133.44 133.38 133.29 133.44 133.89 134.63 135.22 135.07 134.19 132.72 131.03 129.37 127.80 126.32 124.95 123.70 122.59 121.63 120.85 120.24 119.84 119.64 119.67 119.95 120.48 121.28 122.37 123.84 125.94 128.76 132.31 136.39 140.52 144.60 148.59 152.24 155.33 157.86 159.85 161.36 162.41 163.03 163.27 163.15 162.72 162.00 161.04 159.86 158.51 157.02 155.42 153.75 152.05 150.34
127.75 127.13 126.75 126.59 126.62 126.79 127.07 127.43 127.86 128.35 128.88 129.43 129.99 130.54 131.08 131.57 132.01 132.38 132.67 132.85 133.03 133.44 134.15 135.15 136.45 137.57 137.91 137.48 136.37 134.70 132.83 131.00 129.26 127.61 126.06 124.65 123.37 122.25 121.30 120.53 119.97 119.61 119.49 119.60 119.98 120.71 122.06 124.13 126.93 130.45 134.48 138.58 142.64 146.64 150.53 154.07 157.06 159.47 161.36 162.75 163.69 164.20 164.32 164.08 163.53 162.70 161.62 160.32 158.85 157.24 155.51 153.72 151.89
124.18 123.70 123.45 123.41 123.56 123.87 124.30 124.81 125.39 126.03 126.70 127.39 128.09 128.78 129.44 130.06 130.63 131.12 131.53 131.93 132.57 133.50 134.72 136.24 138.04 139.65 140.43 140.41 139.65 138.26 136.35 134.26 132.21 130.25 128.38 126.63 125.00 123.51 122.18 121.02 120.04 119.27 118.71 118.38 118.38 118.99 120.32 122.37 125.14 128.62 132.60 136.66 140.69 144.68 148.58 152.36 155.78 158.65 160.94 162.71 163.98 164.79 165.18 165.17 164.81 164.13 163.17 161.96 160.53 158.93 157.18 155.32 153.39
120.67 120.32 120.20 120.27 120.52 120.93 121.48 122.12 122.82 123.58 124.37 125.17 125.98 126.78 127.55 128.27 128.93 129.52 130.12 130.95 132.06 133.47 135.17 137.16 139.42 141.46 142.65 142.98 142.54 141.42 139.70 137.50 135.14 132.83 130.60 128.47 126.46 124.57 122.82 121.23 119.82 118.59 117.57 116.85 116.72 117.32 118.63 120.66 123.39 126.81 130.74 134.75 138.75 142.71 146.60 150.40 154.06 157.36 160.09 162.26 163.89 165.03 165.71 165.96 165.82 165.32 164.51 163.41 162.05 160.49 158.73 156.84 154.84
117.24 117.02 117.01 117.19 117.53 118.03 118.66 119.39 120.19 121.04 121.92 122.81 123.71 124.59 125.43 126.23 126.97 127.73 128.71 129.98 131.54 133.38 135.51 137.91 140.58 143.02 144.56 145.20 145.03 144.13 142.60 140.50 137.98 135.30 132.68 130.14 127.71 125.38 123.19 121.14 119.25 117.54 116.11 115.26 115.13 115.71 117.00 119.00 121.68 125.04 128.91 132.87 136.83 140.75 144.63 148.42 152.10 155.63 158.79 161.39 163.41 164.91 165.90 166.43 166.54 166.25 165.61 164.65 163.39 161.88 160.16 158.25 156.20
113.90 113.80 113.89 114.17 114.61 115.19 115.88 116.67 117.54 118.46 119.41 120.36 121.32 122.25 123.15 124.00 124.88 125.98 127.37 129.04 130.99 133.22 135.73 138.51 141.55 144.33 146.18 147.08 147.13 146.42 145.02 143.02 140.51 137.60 134.57 131.59 128.70 125.91 123.24 120.69 118.30 116.16 114.60 113.75 113.61 114.17 115.44 117.39 120.02 123.32 127.11 131.01 134.92 138.81 142.66 146.43 150.11 153.67 157.06 160.08 162.52 164.39 165.74 166.58 166.96 166.91 166.47 165.66 164.53 163.10 161.43 159.54 157.47
110.67 110.68 110.87 111.24 111.76 112.41 113.17 114.01 114.92 115.88 116.87 117.86 118.85 119.81 120.74 121.71 122.89 124.36 126.11 128.13 130.43 133.01 135.85 138.96 142.32 145.40 147.50 148.63 148.85 148.27 146.96 145.01 142.51 139.53 136.21 132.77 129.39 126.10 122.91 119.84 117.01 114.73 113.17 112.32 112.17 112.71 113.93 115.84 118.41 121.64 125.36 129.19 133.04 136.88 140.70 144.45 148.12 151.68 155.10 158.34 161.20 163.48 165.20 166.38 167.06 167.27 167.05 166.43 165.44 164.13 162.53 160.69 158.63
107.55 107.67 107.96 108.41 109.00 109.72 110.53 111.42 112.37 113.35 114.35 115.36 116.35 117.32 118.34 119.57 121.09 122.87 124.94 127.27 129.87 132.74 135.87 139.26 142.90 146.23 148.55 149.84 150.20 149.70 148.44 146.50 143.95 140.90 137.41 133.62 129.73 125.90 122.17 118.64 115.67 113.41 111.85 110.98 110.81 111.32 112.50 114.35 116.85 120.00 123.64 127.40 131.19 134.98 138.75 142.48 146.13 149.68 153.11 156.39 159.47 162.16 164.27 165.81 166.82 167.32 167.34 166.93 166.12 164.95 163.45 161.67 159.65
104.57 104.78 105.16 105.69 106.35 107.12 107.98 108.91 109.88 110.88 111.89 112.89 113.87 114.90 116.15 117.67 119.47 121.53 123.86 126.46 129.32 132.44 135.81 139.43 143.29 146.84 149.32 150.74 151.18 150.73 149.46 147.47 144.84 141.66 138.01 133.97 129.66 125.28 121.07 117.41 114.45 112.19 110.62 109.75 109.54 110.01 111.14 112.93 115.36 118.43 121.97 125.65 129.37 133.10 136.83 140.51 144.14 147.68 151.11 154.40 157.52 160.43 162.94 164.87 166.22 167.02 167.32 167.15 166.54 165.53 164.17 162.48 160.52
101.74 102.04 102.50 103.10 103.82 104.64 105.54 106.49 107.49 108.50 109.51 110.50 111.52 112.75 114.24 116.01 118.04 120.34 122.89 125.71 128.77 132.09 135.66 139.48 143.52 147.23 149.83 151.33 151.80 151.34 150.03 147.95 145.19 141.83 137.97 133.67 129.04 124.28 119.94 116.30 113.35 111.09 109.51 108.61 108.37 108.79 109.87 111.58 113.93 116.91 120.35 123.94 127.58 131.25 134.92 138.57 142.16 145.68 149.10 152.39 155.53 158.48 161.21 163.52 165.24 166.38 166.97 167.06 166.68 165.87 164.66 163.10 161.22
99.06 99.44 99.98 100.64 101.41 102.28 103.21 104.19 105.20 106.21 107.22 108.26 109.48 110.94 112.64 114.60 116.82 119.30 122.03 125.02 128.25 131.72 135.44 139.40 143.58 147.40 150.08 151.61 152.07 151.56 150.16 147.94 145.00 141.43 137.29 132.70 127.84 123.16 118.94 115.31 112.37 110.10 108.51 107.57 107.30 107.66 108.67 110.31 112.57 115.45 118.79 122.28 125.84 129.44 133.05 136.64 140.20 143.69 147.10 150.38 153.52 156.49 159.26 161.78 163.86 165.36 166.28 166.66 166.53 165.93 164.91 163.49 161.73
96.56 97.02 97.62 98.34 99.16 100.06 101.02 102.01 103.03 104.04 105.10 106.33 107.79 109.45 111.33 113.45 115.81 118.43 121.29 124.40 127.75 131.33 135.15 139.21 143.47 147.36 150.07 151.59 152.00 151.39 149.84 147.45 144.28 140.44 136.00 131.18 126.43 122.02 118.00 114.46 111.52 109.24 107.62 106.65 106.32 106.63 107.57 109.12 111.29 114.06 117.29 120.68 124.15 127.66 131.20 134.74 138.26 141.71 145.09 148.37 151.51 154.48 157.25 159.81 162.09 163.95 165.22 165.91 166.06 165.71 164.90 163.66 162.03
94.25 94.77 95.43 96.20 97.06 97.99 98.97 99.97 100.99 102.05 103.29 104.75 106.41 108.27 110.32 112.56 115.02 117.73 120.68 123.86 127.28 130.93 134.81 138.91 143.22 147.13 149.82 151.28 151.59 150.83 149.10 146.48 143.04 138.89 134.22 129.53 125.06 120.89 117.08 113.70 110.81 108.51 106.85 105.84 105.46 105.70 106.55 108.02 110.08 112.74 115.86 119.13 122.50 125.93 129.40 132.87 136.33 139.75 143.10 146.35 149.48 152.44 155.21 157.77 160.10 162.16 163.78 164.81 165.27 165.19 164.61 163.57 162.11
92.14 92.72 93.43 94.24 95.14 96.09 97.07 98.08 99.15 100.39 101.84 103.48 105.32 107.34 109.54 111.91 114.46 117.21 120.19 123.41 126.85 130.52 134.41 138.51 142.82 146.71 149.33 150.69 150.85 149.90 147.94 145.04 141.29 136.91 132.39 127.99 123.79 119.85 116.23 112.98 110.19 107.90 106.21 105.15 104.70 104.87 105.64 107.01 108.96 111.50 114.49 117.65 120.91 124.25 127.63 131.04 134.44 137.81 141.12 144.33 147.42 150.36 153.13 155.69 158.04 160.14 161.96 163.34 164.13 164.35 164.03 163.22 161.95
90.24 90.88 91.64 92.48 93.40 94.36 95.36 96.42 97.65 99.08 100.70 102.51 104.50 106.66 108.98 111.46 114.09 116.87 119.85 123.05 126.47 130.11 133.96 138.03 142.28 146.10 148.62 149.82 149.78 148.60 146.36 143.14 139.16 134.94 130.74 126.63 122.68 118.94 115.48 112.37 109.66 107.41 105.70 104.58 104.06 104.15 104.82 106.09 107.93 110.34 113.19 116.23 119.38 122.62 125.91 129.24 132.57 135.89 139.14 142.30 145.35 148.26 151.01 153.57 155.93 158.05 159.92 161.49 162.62 163.16 163.14 162.58 161.52
88.57 89.26 90.05 90.93 91.86 92.84 93.88 95.09 96.50 98.09 99.86 101.81 103.92 106.19 108.61 111.18 113.87 116.70 119.65 122.79 126.15 129.71 133.48 137.46 141.62 145.32 147.68 148.68 148.40 146.94 144.37 140.93 137.12 133.24 129.34 125.50 121.78 118.23 114.92 111.91 109.26 107.04 105.31 104.13 103.54 103.54 104.12 105.27 106.99 109.26 111.98 114.89 117.92 121.05 124.24 127.49 130.74 133.98 137.16 140.26 143.26 146.14 148.86 151.41 153.77 155.91 157.80 159.43 160.75 161.62 161.91 161.63 160.82
87.15 87.88 88.70 89.59 90.54 91.56 92.75 94.12 95.68 97.41 99.31 101.36 103.57 105.92 108.41 111.03 113.77 116.62 119.57 122.64 125.88 129.32 132.97 136.81 140.83 144.36 146.52 147.28 146.71 144.92 142.13 138.87 135.43 131.87 128.26 124.67 121.15 117.77 114.59 111.66 109.07 106.85 105.09 103.83 103.15 103.05 103.52 104.55 106.14 108.27 110.85 113.62 116.52 119.53 122.63 125.78 128.94 132.08 135.18 138.21 141.16 143.99 146.68 149.22 151.57 153.71 155.62 157.28 158.66 159.72 160.33 160.35 159.82
85.98 86.74 87.59 88.50 89.49 90.64 91.98 93.49 95.17 97.01 99.00 101.14 103.42 105.82 108.35 111.00 113.75 116.60 119.54 122.57 125.69 128.96 132.43 136.09 139.92 143.25 145.16 145.62 144.73 142.71 140.12 137.23 134.14 130.89 127.55 124.19 120.86 117.62 114.55 111.69 109.12 106.90 105.08 103.73 102.91 102.68 103.04 103.95 105.40 107.38 109.80 112.43 115.20 118.09 121.07 124.10 127.15 130.19 133.20 136.16 139.04 141.82 144.48 146.98 149.32 151.46 153.38 155.06 156.48 157.60 158.40 158.74 158.50
85.08 85.87 86.74 87.69 88.80 90.09 91.54 93.16 94.94 96.86 98.92 101.12 103.43 105.87 108.41 111.06 113.79 116.62 119.52 122.49 125.52 128.63 131.88 135.31 138.91 141.98 143.59 143.72 142.60 140.80 138.60 136.09 133.32 130.37 127.28 124.12 120.96 117.85 114.86 112.06 109.49 107.23 105.34 103.88 102.91 102.49 102.68 103.45 104.76 106.59 108.84 111.32 113.95 116.71 119.56 122.46 125.38 128.32 131.23 134.11 136.92 139.64 142.24 144.72 147.03 149.16 151.09 152.78 154.22 155.39 156.25 156.78 156.85
84.47 85.28 86.19 87.25 88.48 89.88 91.43 93.13 94.97 96.95 99.05 101.27 103.61 106.04 108.57 111.18 113.88 116.65 119.48 122.37 125.30 128.28 131.32 134.48 137.79 140.56 141.84 141.74 140.85 139.46 137.66 135.49 133.04 130.35 127.49 124.52 121.51 118.51 115.59 112.81 110.23 107.92 105.94 104.34 103.20 102.56 102.51 103.08 104.23 105.90 107.99 110.30 112.78 115.39 118.08 120.84 123.64 126.46 129.27 132.05 134.78 137.44 139.99 142.42 144.70 146.82 148.74 150.44 151.90 153.10 154.01 154.61 154.86
84.15 85.01 86.01 87.18 88.51 89.99 91.61 93.36 95.25 97.25 99.37 101.59 103.91 106.31 108.80 111.36 113.99 116.67 119.41 122.18 125.00 127.84 130.70 133.59 136.58 139.01 140.06 140.20 139.74 138.77 137.34 135.51 133.34 130.90 128.25 125.45 122.56 119.65 116.78 114.01 111.40 109.02 106.92 105.17 103.83 102.97 102.64 102.91 103.82 105.31 107.23 109.37 111.68 114.11 116.65 119.26 121.92 124.61 127.32 130.00 132.64 135.22 137.71 140.09 142.34 144.43 146.34 148.04 149.51 150.74 151.68 152.33 152.66
84.17 85.11 86.21 87.47 88.86 90.39 92.06 93.84 95.74 97.74 99.84 102.03 104.31 106.66 109.08 111.56 114.09 116.66 119.27 121.91 124.57 127.25 129.93 132.61 135.28 137.49 138.79 139.39 139.37 138.79 137.70 136.18 134.29 132.08 129.62 126.97 124.19 121.35 118.51 115.72 113.06 110.59 108.36 106.43 104.88 103.77 103.14 103.08 103.63 104.85 106.57 108.52 110.64 112.89 115.25 117.71 120.23 122.79 125.37 127.95 130.50 133.00 135.42 137.74 139.94 142.00 143.89 145.58 147.06 148.30 149.28 149.97 150.35
84.41 85.43 86.61 87.92 89.36 90.93 92.61 94.40 96.29 98.28 100.34 102.49 104.70 106.98 109.30 111.68 114.09 116.54 119.00 121.49 123.98 126.47 128.95 131.42 133.89 136.24 138.02 139.09 139.49 139.29 138.55 137.33 135.70 133.71 131.43 128.93 126.25 123.47 120.65 117.85 115.13 112.55 110.18 108.08 106.31 104.93 104.01 103.60 103.77 104.57 105.94 107.68 109.60 111.67 113.86 116.16 118.53 120.96 123.42 125.89 128.34 130.76 133.11 135.37 137.53 139.55 141.41 143.10 144.58 145.84 146.84 147.57 148.00
84.50 85.44 86.68 88.06 89.55 91.16 92.86 94.66 96.55 98.51 100.55 102.64 104.80 107.00 109.24 111.52 113.81 116.13 118.46 120.78 123.10 125.41 127.70 129.98 132.36 134.75 136.88 138.43 139.28 139.49 139.12 138.23 136.89 135.15 133.09 130.75 128.20 125.51 122.74 119.95 117.20 114.55 112.07 109.81 107.85 106.24 105.04 104.32 104.13 104.44 105.28 106.66 108.38 110.29 112.33 114.48 116.73 119.04 121.39 123.77 126.14 128.49 130.79 133.01 135.13 137.14 139.00 140.69 142.19 143.48 144.52 145.31 145.81
84.73 85.19 86.36 87.80 89.35 91.00 92.74 94.55 96.44 98.40 100.41 102.47 104.57 106.71 108.87 111.05 113.24 115.44 117.63 119.81 121.97 124.10 126.22 128.42 130.75 133.10 135.26 137.15 138.49 139.15 139.19 138.67 137.66 136.21 134.39 132.26 129.88 127.32 124.63 121.89 119.14 116.46 113.90 111.54 109.42 107.61 106.18 105.17 104.58 104.41 104.73 105.58 106.98 108.72 110.62 112.66 114.79 117.01 119.28 121.59 123.90 126.20 128.46 130.66 132.78 134.79 136.66 138.38 139.92 141.26 142.37 143.24 143.82
85.23 85.12 85.84 87.20 88.81 90.51 92.29 94.13 96.03 97.98 99.98 102.01 104.07 106.15 108.24 110.34 112.43 114.51 116.58 118.62 120.63 122.61 124.65 126.79 129.06 131.35 133.48 135.43 137.10 138.24 138.73 138.62 137.97 136.85 135.31 133.43 131.26 128.86 126.30 123.64 120.94 118.26 115.67 113.23 110.99 109.03 107.39 106.06 105.06 104.46 104.31 104.66 105.55 106.98 108.76 110.70 112.74 114.89 117.10 119.35 121.63 123.90 126.15 128.35 130.48 132.51 134.42 136.19 137.79 139.20 140.40 141.35 141.95
86.00 85.36 85.52 86.45 87.99 89.75 91.57 93.44 95.36 97.32 99.31 101.32 103.34 105.37 107.40 109.42 111.43 113.40 115.35 117.26 119.14 121.04 123.02 125.10 127.30 129.53 131.62 133.53 135.27 136.76 137.72 138.05 137.81 137.05 135.84 134.24 132.31 130.12 127.72 125.18 122.56 119.93 117.34 114.85 112.54 110.44 108.57 106.92 105.57 104.58 104.02 103.91 104.32 105.27 106.77 108.60 110.59 112.67 114.84 117.07 119.33 121.59 123.85 126.07 128.23 130.30 132.27 134.11 135.79 137.30 138.59 139.58 140.14
86.98 85.87 85.54 85.95 87.07 88.75 90.62 92.54 94.49 96.46 98.45 100.44 102.44 104.43 106.40 108.36 110.28 112.16 114.00 115.80 117.60 119.44 121.35 123.36 125.48 127.65 129.68 131.56 133.28 134.83 136.14 136.95 137.14 136.79 135.94 134.66 133.01 131.06 128.86 126.48 123.98 121.43 118.88 116.39 114.03 111.78 109.67 107.75 106.10 104.78 103.85 103.34 103.31 103.80 104.83 106.41 108.33 110.38 112.53 114.75 117.01 119.29 121.58 123.84 126.05 128.19 130.24 132.17 133.95 135.56 136.90 137.85 138.36
