data_processed/recharge/precip/Precip_1999_04.asc
ncols        168
nrows        136
xllcorner    455000
yllcorner    2107000
cellsize     500
NODATA_value     -99999
[rows 70 to 104 of 136, columns 78 to 155 of 168]
6.14 5.60 5.11 4.67 4.28 3.94 3.65 3.42 3.24 3.12 3.04 3.00 3.02 3.09 3.22 3.40 3.64 3.93 4.28 4.69 5.16 5.69 6.28 6.93 7.64 8.39 9.17 9.98 10.82 11.69 12.58 13.50 14.44 15.41 16.40 17.45 18.55 19.70 20.91 22.15 23.43 24.76 26.14 27.55 28.98 30.43 31.89 33.34 34.78 36.20 37.59 38.96 40.31 41.62 42.88 44.08 45.22 46.27 47.22 48.07 48.82 49.47 50.04 50.53 50.92 51.22 51.43 51.57 51.65 51.68 51.66 51.59 51.48 51.32 51.13 50.90 50.64 50.36
5.98 5.46 4.98 4.55 4.17 3.84 3.56 3.34 3.16 3.03 2.94 2.90 2.91 2.97 3.09 3.26 3.49 3.78 4.13 4.53 5.00 5.53 6.12 6.77 7.48 8.23 9.01 9.82 10.66 11.53 12.42 13.34 14.28 15.26 16.28 17.37 18.51 19.70 20.92 22.19 23.48 24.80 26.16 27.55 28.97 30.40 31.83 33.26 34.68 36.07 37.44 38.78 40.10 41.38 42.61 43.79 44.90 45.92 46.85 47.69 48.45 49.13 49.73 50.26 50.70 51.04 51.30 51.47 51.56 51.61 51.60 51.54 51.43 51.29 51.10 50.87 50.61 50.33
5.83 5.32 4.86 4.44 4.07 3.75 3.49 3.27 3.08 2.95 2.85 2.81 2.81 2.86 2.97 3.14 3.36 3.64 3.98 4.38 4.84 5.37 5.95 6.60 7.31 8.06 8.84 9.66 10.50 11.36 12.26 13.18 14.13 15.13 16.20 17.32 18.49 19.70 20.95 22.23 23.53 24.85 26.19 27.56 28.95 30.35 31.75 33.15 34.53 35.88 37.21 38.51 39.80 41.04 42.24 43.38 44.45 45.44 46.35 47.19 47.96 48.66 49.30 49.85 50.33 50.72 51.02 51.24 51.36 51.42 51.42 51.38 51.28 51.14 50.95 50.73 50.47 50.19
5.69 5.19 4.74 4.34 3.99 3.69 3.42 3.19 3.01 2.86 2.76 2.71 2.71 2.76 2.86 3.01 3.23 3.50 3.84 4.23 4.69 5.21 5.79 6.44 7.15 7.90 8.68 9.49 10.33 11.20 12.09 13.02 14.00 15.04 16.14 17.29 18.48 19.71 20.98 22.26 23.57 24.89 26.22 27.56 28.91 30.27 31.63 32.98 34.32 35.63 36.91 38.17 39.41 40.61 41.76 42.86 43.89 44.84 45.73 46.57 47.36 48.07 48.73 49.31 49.82 50.24 50.59 50.85 51.02 51.11 51.12 51.09 51.00 50.87 50.69 50.47 50.22 49.94
5.56 5.08 4.65 4.26 3.92 3.62 3.35 3.12 2.93 2.78 2.68 2.62 2.61 2.66 2.75 2.90 3.11 3.37 3.70 4.09 4.54 5.06 5.64 6.28 6.99 7.74 8.51 9.32 10.16 11.03 11.93 12.88 13.90 14.98 16.11 17.28 18.49 19.73 21.00 22.29 23.60 24.91 26.23 27.54 28.85 30.16 31.48 32.78 34.06 35.32 36.54 37.75 38.93 40.07 41.17 42.21 43.20 44.13 45.01 45.85 46.63 47.36 48.03 48.63 49.16 49.62 50.00 50.30 50.52 50.65 50.69 50.67 50.60 50.47 50.30 50.09 49.84 49.57
5.44 4.98 4.56 4.19 3.86 3.55 3.28 3.05 2.86 2.71 2.60 2.54 2.53 2.56 2.65 2.79 2.99 3.25 3.57 3.95 4.40 4.91 5.48 6.13 6.83 7.58 8.35 9.16 9.99 10.86 11.79 12.79 13.84 14.94 16.09 17.28 18.50 19.75 21.02 22.31 23.60 24.90 26.20 27.49 28.77 30.03 31.28 32.53 33.75 34.94 36.10 37.24 38.35 39.44 40.47 41.46 42.40 43.32 44.19 45.01 45.79 46.52 47.20 47.81 48.36 48.84 49.25 49.59 49.85 50.02 50.11 50.11 50.05 49.94 49.78 49.57 49.33 49.06
5.33 4.89 4.49 4.13 3.79 3.48 3.22 2.98 2.79 2.63 2.52 2.46 2.44 2.47 2.55 2.69 2.89 3.14 3.45 3.82 4.26 4.77 5.34 5.98 6.68 7.42 8.19 8.99 9.84 10.74 11.70 12.72 13.80 14.92 16.09 17.28 18.51 19.76 21.03 22.30 23.59 24.87 26.14 27.40 28.64 29.86 31.05 32.23 33.38 34.50 35.58 36.64 37.69 38.70 39.67 40.61 41.52 42.40 43.25 44.06 44.83 45.56 46.23 46.85 47.41 47.91 48.35 48.71 49.00 49.21 49.34 49.39 49.35 49.25 49.10 48.90 48.67 48.41
5.23 4.81 4.42 4.05 3.72 3.42 3.15 2.91 2.72 2.56 2.45 2.38 2.36 2.39 2.47 2.60 2.79 3.03 3.34 3.71 4.14 4.64 5.20 5.84 6.53 7.27 8.04 8.84 9.71 10.65 11.64 12.69 13.78 14.92 16.09 17.29 18.52 19.76 21.02 22.28 23.54 24.80 26.04 27.27 28.47 29.64 30.78 31.88 32.95 33.99 34.99 35.97 36.93 37.86 38.77 39.67 40.54 41.39 42.21 43.00 43.75 44.46 45.13 45.75 46.32 46.83 47.28 47.66 47.98 48.22 48.39 48.48 48.48 48.41 48.27 48.08 47.85 47.60
5.15 4.73 4.34 3.98 3.65 3.35 3.08 2.84 2.65 2.49 2.38 2.31 2.28 2.31 2.38 2.51 2.69 2.94 3.24 3.60 4.02 4.51 5.07 5.70 6.39 7.12 7.90 8.73 9.63 10.59 11.61 12.67 13.78 14.93 16.10 17.30 18.52 19.75 20.99 22.23 23.47 24.69 25.90 27.08 28.24 29.36 30.44 31.47 32.46 33.40 34.31 35.20 36.07 36.94 37.79 38.64 39.46 40.27 41.06 41.82 42.55 43.24 43.90 44.51 45.07 45.59 46.04 46.44 46.78 47.05 47.25 47.37 47.42 47.38 47.27 47.09 46.87 46.63
5.06 4.65 4.26 3.91 3.57 3.27 3.01 2.77 2.58 2.42 2.31 2.24 2.21 2.23 2.31 2.43 2.61 2.85 3.14 3.50 3.92 4.40 4.95 5.58 6.26 7.00 7.80 8.66 9.59 10.57 11.60 12.68 13.79 14.94 16.11 17.30 18.51 19.72 20.94 22.15 23.35 24.54 25.71 26.84 27.95 29.01 30.03 30.99 31.90 32.75 33.56 34.35 35.14 35.94 36.73 37.51 38.29 39.05 39.80 40.52 41.22 41.89 42.52 43.12 43.68 44.19 44.65 45.06 45.41 45.69 45.92 46.07 46.15 46.16 46.08 45.93 45.72 45.49
4.97 4.56 4.18 3.83 3.50 3.20 2.93 2.70 2.51 2.35 2.24 2.17 2.14 2.16 2.23 2.36 2.53 2.77 3.06 3.41 3.82 4.30 4.85 5.46 6.15 6.91 7.74 8.63 9.58 10.57 11.62 12.70 13.81 14.96 16.12 17.30 18.48 19.67 20.86 22.04 23.20 24.34 25.46 26.54 27.59 28.59 29.54 30.43 31.26 32.03 32.73 33.43 34.14 34.86 35.58 36.30 37.02 37.73 38.43 39.11 39.77 40.41 41.02 41.59 42.13 42.63 43.09 43.50 43.86 44.16 44.40 44.58 44.69 44.73 44.69 44.57 44.38 44.17
4.88 4.48 4.10 3.75 3.42 3.13 2.87 2.64 2.44 2.29 2.17 2.10 2.07 2.09 2.16 2.28 2.46 2.69 2.97 3.32 3.73 4.20 4.74 5.36 6.06 6.84 7.69 8.61 9.57 10.58 11.63 12.71 13.82 14.96 16.11 17.26 18.43 19.59 20.74 21.88 23.00 24.10 25.16 26.19 27.17 28.10 28.98 29.80 30.54 31.23 31.87 32.50 33.12 33.76 34.41 35.06 35.71 36.37 37.01 37.65 38.27 38.87 39.44 40.00 40.52 41.01 41.45 41.86 42.22 42.53 42.79 42.98 43.12 43.19 43.18 43.11 42.96 42.77
4.80 4.41 4.03 3.68 3.36 3.07 2.81 2.58 2.38 2.23 2.11 2.04 2.01 2.03 2.09 2.21 2.38 2.60 2.88 3.23 3.63 4.10 4.63 5.25 5.96 6.76 7.64 8.57 9.55 10.56 11.62 12.70 13.80 14.93 16.06 17.20 18.34 19.47 20.58 21.68 22.76 23.80 24.81 25.78 26.69 27.56 28.36 29.10 29.77 30.40 31.01 31.58 32.14 32.69 33.26 33.85 34.44 35.03 35.62 36.20 36.78 37.34 37.89 38.41 38.92 39.39 39.82 40.23 40.59 40.90 41.17 41.38 41.54 41.64 41.67 41.63 41.53 41.38
4.74 4.35 3.98 3.63 3.31 3.02 2.75 2.52 2.33 2.17 2.06 1.98 1.95 1.96 2.02 2.14 2.30 2.52 2.80 3.13 3.53 3.99 4.53 5.16 5.88 6.69 7.57 8.51 9.50 10.53 11.58 12.66 13.76 14.87 15.98 17.10 18.21 19.30 20.39 21.44 22.47 23.46 24.41 25.31 26.16 26.95 27.68 28.34 28.97 29.56 30.13 30.67 31.18 31.67 32.16 32.67 33.19 33.72 34.26 34.79 35.32 35.85 36.36 36.86 37.33 37.79 38.21 38.61 38.97 39.29 39.56 39.79 39.97 40.10 40.16 40.16 40.10 40.00
4.70 4.31 3.94 3.59 3.27 2.98 2.72 2.48 2.29 2.13 2.01 1.93 1.89 1.90 1.96 2.07 2.22 2.44 2.71 3.03 3.43 3.90 4.45 5.09 5.81 6.61 7.50 8.45 9.44 10.47 11.52 12.60 13.68 14.78 15.87 16.96 18.04 19.11 20.15 21.16 22.14 23.07 23.96 24.80 25.58 26.30 26.95 27.56 28.15 28.71 29.25 29.75 30.23 30.67 31.10 31.53 31.99 32.45 32.93 33.41 33.90 34.38 34.86 35.32 35.78 36.21 36.62 37.01 37.37 37.69 37.97 38.22 38.42 38.56 38.66 38.70 38.68 38.63
4.68 4.29 3.92 3.57 3.25 2.96 2.69 2.46 2.26 2.10 1.97 1.89 1.85 1.85 1.90 2.00 2.15 2.36 2.62 2.94 3.34 3.82 4.38 5.02 5.74 6.54 7.43 8.37 9.37 10.40 11.45 12.51 13.59 14.66 15.74 16.80 17.85 18.87 19.87 20.83 21.76 22.64 23.47 24.24 24.95 25.59 26.20 26.78 27.33 27.85 28.35 28.83 29.27 29.68 30.07 30.44 30.83 31.23 31.65 32.07 32.51 32.95 33.39 33.82 34.25 34.66 35.06 35.44 35.79 36.11 36.40 36.66 36.87 37.04 37.17 37.25 37.28 37.26
4.67 4.29 3.92 3.57 3.25 2.95 2.68 2.45 2.24 2.08 1.95 1.86 1.81 1.81 1.85 1.94 2.09 2.28 2.54 2.87 3.27 3.76 4.32 4.96 5.67 6.47 7.35 8.29 9.28 10.31 11.35 12.41 13.47 14.52 15.57 16.60 17.62 18.60 19.56 20.47 21.34 22.16 22.93 23.63 24.27 24.87 25.44 25.98 26.50 26.99 27.46 27.90 28.31 28.69 29.05 29.39 29.71 30.05 30.40 30.78 31.16 31.56 31.96 32.36 32.76 33.15 33.53 33.89 34.24 34.56 34.85 35.12 35.35 35.55 35.70 35.82 35.89 35.92
4.69 4.30 3.94 3.59 3.26 2.97 2.69 2.45 2.25 2.07 1.94 1.84 1.79 1.78 1.81 1.90 2.03 2.22 2.48 2.82 3.23 3.71 4.27 4.90 5.61 6.41 7.28 8.21 9.19 10.21 11.24 12.29 13.33 14.36 15.38 16.38 17.36 18.30 19.21 20.07 20.89 21.64 22.34 22.98 23.57 24.14 24.67 25.18 25.66 26.12 26.56 26.97 27.35 27.71 28.04 28.35 28.64 28.92 29.21 29.52 29.86 30.21 30.57 30.93 31.30 31.66 32.02 32.38 32.71 33.03 33.33 33.61 33.85 34.07 34.26 34.41 34.52 34.60
4.73 4.34 3.97 3.63 3.30 3.00 2.72 2.48 2.27 2.09 1.94 1.84 1.78 1.76 1.79 1.86 1.99 2.19 2.45 2.79 3.20 3.69 4.24 4.86 5.56 6.34 7.20 8.12 9.09 10.09 11.11 12.14 13.17 14.18 15.17 16.13 17.07 17.97 18.83 19.64 20.39 21.09 21.72 22.31 22.87 23.40 23.90 24.37 24.82 25.25 25.66 26.04 26.39 26.72 27.03 27.31 27.58 27.83 28.07 28.32 28.60 28.90 29.22 29.55 29.88 30.22 30.56 30.90 31.23 31.54 31.84 32.12 32.39 32.63 32.84 33.03 33.18 33.30
4.78 4.40 4.03 3.68 3.36 3.06 2.78 2.53 2.31 2.12 1.97 1.86 1.79 1.76 1.77 1.84 1.98 2.18 2.45 2.79 3.20 3.67 4.22 4.83 5.51 6.28 7.12 8.03 8.98 9.96 10.97 11.98 12.99 13.97 14.93 15.86 16.75 17.61 18.41 19.17 19.86 20.49 21.09 21.64 22.17 22.66 23.13 23.57 23.98 24.38 24.76 25.11 25.44 25.74 26.03 26.29 26.53 26.76 26.97 27.18 27.40 27.65 27.92 28.21 28.51 28.82 29.14 29.46 29.77 30.08 30.39 30.68 30.95 31.21 31.46 31.68 31.88 32.04
4.86 4.47 4.11 3.76 3.43 3.13 2.85 2.60 2.37 2.17 2.02 1.89 1.81 1.77 1.78 1.86 1.99 2.20 2.47 2.81 3.21 3.67 4.21 4.80 5.47 6.21 7.04 7.92 8.86 9.82 10.81 11.80 12.78 13.74 14.67 15.56 16.41 17.22 17.97 18.66 19.30 19.89 20.45 20.97 21.46 21.92 22.35 22.76 23.15 23.52 23.87 24.19 24.50 24.78 25.03 25.27 25.50 25.70 25.90 26.08 26.25 26.45 26.68 26.92 27.19 27.47 27.77 28.06 28.37 28.67 28.97 29.27 29.56 29.84 30.11 30.37 30.61 30.81
4.96 4.57 4.21 3.86 3.53 3.23 2.95 2.69 2.46 2.25 2.08 1.95 1.86 1.81 1.83 1.90 2.04 2.25 2.52 2.84 3.24 3.69 4.21 4.78 5.43 6.15 6.95 7.81 8.72 9.66 10.63 11.59 12.55 13.49 14.39 15.24 16.04 16.80 17.50 18.13 18.73 19.28 19.80 20.29 20.75 21.18 21.58 21.96 22.32 22.66 22.98 23.28 23.56 23.82 24.05 24.27 24.48 24.66 24.84 25.00 25.16 25.31 25.49 25.69 25.92 26.17 26.44 26.72 27.01 27.30 27.60 27.91 28.21 28.52 28.82 29.11 29.39 29.63
5.08 4.70 4.33 3.98 3.65 3.34 3.06 2.80 2.57 2.36 2.18 2.03 1.94 1.89 1.91 1.99 2.13 2.33 2.59 2.90 3.28 3.72 4.21 4.77 5.39 6.09 6.86 7.69 8.58 9.49 10.43 11.37 12.30 13.20 14.08 14.90 15.66 16.36 17.00 17.60 18.15 18.68 19.16 19.62 20.04 20.44 20.82 21.17 21.50 21.81 22.11 22.38 22.64 22.87 23.09 23.29 23.47 23.64 23.80 23.95 24.09 24.22 24.36 24.52 24.71 24.93 25.17 25.42 25.70 25.99 26.29 26.60 26.92 27.24 27.57 27.89 28.21 28.49
5.23 4.84 4.47 4.12 3.79 3.48 3.20 2.93 2.69 2.48 2.30 2.15 2.05 2.01 2.03 2.11 2.24 2.43 2.68 2.98 3.35 3.76 4.23 4.76 5.35 6.02 6.76 7.57 8.42 9.30 10.21 11.12 12.01 12.89 13.73 14.52 15.24 15.89 16.50 17.06 17.58 18.07 18.52 18.95 19.34 19.71 20.06 20.38 20.69 20.97 21.25 21.50 21.73 21.94 22.14 22.32 22.49 22.64 22.79 22.92 23.05 23.17 23.29 23.41 23.56 23.74 23.95 24.19 24.45 24.73 25.03 25.34 25.67 26.02 26.37 26.73 27.09 27.41
5.39 5.01 4.64 4.29 3.95 3.64 3.35 3.09 2.85 2.63 2.44 2.30 2.21 2.17 2.19 2.26 2.38 2.56 2.80 3.08 3.42 3.82 4.26 4.76 5.32 5.95 6.66 7.43 8.25 9.10 9.97 10.84 11.71 12.55 13.35 14.10 14.79 15.42 15.99 16.52 17.01 17.47 17.89 18.29 18.65 18.99 19.31 19.61 19.89 20.15 20.40 20.63 20.84 21.03 21.21 21.37 21.52 21.66 21.79 21.92 22.03 22.14 22.25 22.36 22.48 22.62 22.80 23.01 23.26 23.53 23.83 24.15 24.49 24.86 25.23 25.63 26.02 26.39
5.58 5.20 4.83 4.47 4.14 3.82 3.53 3.26 3.02 2.80 2.63 2.50 2.41 2.37 2.38 2.44 2.56 2.72 2.94 3.20 3.52 3.88 4.30 4.76 5.28 5.88 6.55 7.29 8.07 8.88 9.71 10.55 11.37 12.17 12.94 13.65 14.32 14.93 15.49 15.99 16.45 16.87 17.27 17.63 17.97 18.28 18.58 18.85 19.10 19.34 19.57 19.78 19.97 20.14 20.30 20.45 20.58 20.71 20.83 20.94 21.05 21.15 21.25 21.35 21.45 21.57 21.72 21.91 22.14 22.40 22.70 23.02 23.38 23.76 24.16 24.59 25.02 25.42
5.80 5.41 5.04 4.68 4.35 4.03 3.74 3.46 3.22 3.01 2.85 2.73 2.65 2.61 2.61 2.66 2.76 2.91 3.10 3.34 3.63 3.96 4.34 4.77 5.25 5.81 6.44 7.13 7.87 8.64 9.43 10.22 11.01 11.77 12.49 13.18 13.82 14.42 14.97 15.46 15.89 16.29 16.65 16.99 17.30 17.59 17.86 18.11 18.34 18.56 18.76 18.95 19.12 19.28 19.42 19.55 19.67 19.78 19.89 19.99 20.09 20.18 20.28 20.37 20.47 20.58 20.71 20.88 21.09 21.34 21.64 21.97 22.33 22.73 23.16 23.62 24.09 24.53
6.04 5.65 5.28 4.92 4.58 4.26 3.96 3.69 3.45 3.26 3.11 3.00 2.92 2.88 2.88 2.92 2.99 3.12 3.29 3.50 3.75 4.05 4.40 4.78 5.22 5.73 6.32 6.97 7.66 8.39 9.13 9.88 10.61 11.33 12.02 12.68 13.30 13.89 14.43 14.91 15.34 15.72 16.05 16.36 16.65 16.91 17.16 17.38 17.59 17.79 17.97 18.14 18.29 18.43 18.56 18.68 18.79 18.89 18.99 19.08 19.16 19.25 19.34 19.43 19.53 19.65 19.77 19.92 20.12 20.36 20.65 20.99 21.36 21.78 22.23 22.72 23.23 23.71
6.31 5.91 5.54 5.18 4.84 4.51 4.21 3.95 3.73 3.55 3.40 3.29 3.22 3.18 3.17 3.20 3.26 3.35 3.49 3.67 3.89 4.15 4.45 4.80 5.19 5.65 6.19 6.79 7.44 8.11 8.81 9.51 10.19 10.87 11.53 12.16 12.77 13.34 13.86 14.35 14.78 15.15 15.47 15.75 16.01 16.25 16.47 16.68 16.87 17.04 17.21 17.36 17.50 17.62 17.74 17.84 17.94 18.03 18.11 18.20 18.28 18.36 18.44 18.53 18.64 18.76 18.89 19.05 19.23 19.46 19.75 20.09 20.48 20.91 21.39 21.90 22.45 22.97
6.60 6.20 5.83 5.46 5.12 4.80 4.51 4.26 4.05 3.87 3.73 3.62 3.55 3.50 3.49 3.50 3.54 3.61 3.72 3.86 4.04 4.26 4.52 4.81 5.15 5.57 6.06 6.60 7.20 7.82 8.46 9.11 9.75 10.39 11.02 11.62 12.21 12.76 13.28 13.76 14.19 14.57 14.89 15.16 15.40 15.62 15.81 16.00 16.17 16.32 16.47 16.61 16.73 16.84 16.94 17.03 17.12 17.20 17.28 17.35 17.42 17.50 17.59 17.68 17.79 17.92 18.06 18.23 18.42 18.65 18.94 19.28 19.67 20.12 20.62 21.17 21.75 22.31
6.92 6.52 6.14 5.77 5.43 5.12 4.84 4.60 4.40 4.23 4.09 3.98 3.90 3.85 3.82 3.82 3.85 3.89 3.97 4.07 4.21 4.38 4.59 4.83 5.12 5.48 5.91 6.40 6.94 7.51 8.10 8.69 9.29 9.89 10.49 11.07 11.63 12.17 12.68 13.15 13.58 13.97 14.31 14.58 14.81 15.00 15.18 15.34 15.49 15.63 15.77 15.88 15.99 16.09 16.18 16.26 16.34 16.41 16.48 16.54 16.62 16.69 16.78 16.88 17.00 17.13 17.29 17.47 17.69 17.93 18.21 18.56 18.96 19.43 19.95 20.53 21.15 21.74
7.26 6.86 6.48 6.11 5.78 5.48 5.22 4.99 4.79 4.62 4.47 4.36 4.27 4.21 4.17 4.16 4.16 4.19 4.23 4.29 4.39 4.51 4.67 4.85 5.08 5.38 5.76 6.19 6.67 7.18 7.71 8.26 8.81 9.38 9.94 10.49 11.03 11.55 12.05 12.52 12.96 13.35 13.70 13.99 14.23 14.41 14.57 14.72 14.85 14.98 15.09 15.20 15.29 15.38 15.45 15.53 15.59 15.65 15.72 15.78 15.85 15.93 16.02 16.13 16.26 16.40 16.58 16.78 17.01 17.28 17.58 17.93 18.35 18.83 19.37 19.98 20.63 21.26
7.63 7.23 6.85 6.50 6.18 5.89 5.63 5.40 5.21 5.03 4.89 4.77 4.67 4.59 4.54 4.50 4.49 4.49 4.50 4.53 4.58 4.65 4.75 4.88 5.04 5.28 5.60 5.97 6.38 6.83 7.31 7.80 8.32 8.84 9.37 9.89 10.41 10.92 11.41 11.88 12.31 12.71 13.07 13.38 13.64 13.84 14.00 14.12 14.24 14.35 14.45 14.54 14.62 14.70 14.77 14.83 14.89 14.94 15.00 15.07 15.14 15.22 15.32 15.44 15.57 15.74 15.93 16.15 16.40 16.70 17.03 17.40 17.83 18.33 18.90 19.53 20.22 20.88
8.03 7.63 7.26 6.92 6.61 6.33 6.08 5.85 5.66 5.48 5.33 5.20 5.09 4.99 4.92 4.86 4.82 4.79 4.78 4.77 4.78 4.80 4.84 4.90 5.00 5.18 5.42 5.73 6.08 6.46 6.88 7.33 7.80 8.29 8.78 9.28 9.78 10.27 10.75 11.21 11.64 12.05 12.42 12.75 13.03 13.27 13.44 13.56 13.66 13.76 13.85 13.93 14.00 14.06 14.12 14.17 14.22 14.28 14.33 14.40 14.48 14.57 14.67 14.80 14.96 15.13 15.34 15.59 15.87 16.19 16.55 16.96 17.42 17.93 18.52 19.19 19.91 20.60
8.47 8.08 7.72 7.39 7.09 6.81 6.56 6.34 6.13 5.95 5.79 5.64 5.52 5.41 5.31 5.23 5.16 5.10 5.05 5.01 4.97 4.95 4.93 4.93 4.96 5.06 5.24 5.47 5.75 6.08 6.45 6.84 7.27 7.72 8.18 8.65 9.13 9.60 10.07 10.52 10.96 11.37 11.75 12.10 12.41 12.67 12.88 13.02 13.12 13.21 13.28 13.35 13.41 13.47 13.51 13.56 13.61 13.66 13.72 13.79 13.87 13.97 14.09 14.23 14.40 14.60 14.83 15.10 15.41 15.76 16.15 16.60 17.09 17.65 18.26 18.95 19.71 20.44
