data_processed/recharge/precip/Precip_2009_06.asc
ncols        168
nrows        136
xllcorner    455000
yllcorner    2107000
cellsize     500
NODATA_value     -99999
[rows 0 to 31 of 136, columns 0 to 71 of 168]
112.41 113.78 115.08 116.30 117.44 118.48 119.41 120.23 120.92 121.49 121.91 122.19 122.30 122.26 122.03 121.63 121.03 120.23 119.33 118.41 117.48 116.54 115.59 114.64 113.69 112.73 111.77 110.81 109.85 108.90 107.95 107.00 106.06 105.13 104.21 103.31 102.45 101.62 100.82 100.05 99.31 98.61 97.93 97.27 96.65 96.05 95.48 94.93 94.40 93.90 93.41 92.95 92.51 92.09 91.68 91.30 90.93 90.58 90.26 89.98 89.75 89.57 89.43 89.36 89.35 89.41 89.54 89.76 90.05 90.43 90.91 91.48
112.22 113.71 115.12 116.45 117.68 118.81 119.83 120.73 121.51 122.14 122.63 122.97 123.14 123.14 122.96 122.60 122.03 121.27 120.39 119.49 118.57 117.65 116.72 115.78 114.83 113.87 112.92 111.95 110.99 110.03 109.07 108.11 107.15 106.20 105.25 104.32 103.40 102.52 101.67 100.85 100.06 99.29 98.56 97.85 97.16 96.50 95.87 95.25 94.66 94.09 93.54 93.01 92.50 92.01 91.54 91.08 90.64 90.23 89.86 89.53 89.25 89.01 88.84 88.72 88.68 88.70 88.80 88.98 89.25 89.60 90.06 90.61
112.10 113.71 115.22 116.65 117.98 119.21 120.31 121.29 122.14 122.85 123.40 123.80 124.02 124.07 123.94 123.61 123.08 122.34 121.48 120.60 119.71 118.80 117.88 116.94 116.00 115.05 114.09 113.13 112.16 111.18 110.21 109.24 108.26 107.29 106.32 105.36 104.40 103.47 102.56 101.68 100.83 100.01 99.21 98.44 97.69 96.97 96.27 95.59 94.93 94.30 93.68 93.08 92.50 91.93 91.38 90.85 90.35 89.89 89.46 89.08 88.74 88.46 88.24 88.09 88.00 87.99 88.05 88.20 88.44 88.77 89.20 89.74
112.05 113.76 115.39 116.92 118.35 119.66 120.85 121.91 122.83 123.61 124.23 124.68 124.96 125.06 124.96 124.67 124.17 123.46 122.62 121.76 120.88 119.98 119.07 118.15 117.21 116.26 115.30 114.33 113.35 112.37 111.38 110.39 109.40 108.40 107.41 106.42 105.43 104.45 103.48 102.55 101.64 100.75 99.89 99.06 98.25 97.46 96.69 95.95 95.22 94.51 93.82 93.15 92.49 91.85 91.23 90.64 90.07 89.55 89.06 88.63 88.24 87.92 87.65 87.45 87.32 87.27 87.31 87.43 87.64 87.94 88.35 88.86
112.06 113.89 115.62 117.25 118.77 120.17 121.45 122.59 123.58 124.42 125.10 125.61 125.94 126.09 126.03 125.78 125.30 124.62 123.80 122.96 122.09 121.21 120.30 119.38 118.45 117.50 116.54 115.56 114.58 113.58 112.58 111.57 110.56 109.54 108.52 107.50 106.48 105.46 104.45 103.45 102.48 101.53 100.61 99.70 98.83 97.97 97.13 96.31 95.51 94.73 93.97 93.22 92.49 91.78 91.08 90.42 89.80 89.21 88.67 88.18 87.75 87.37 87.06 86.82 86.65 86.57 86.56 86.65 86.83 87.11 87.49 87.99
112.14 114.08 115.91 117.64 119.25 120.74 122.10 123.32 124.38 125.29 126.03 126.60 126.98 127.17 127.15 126.93 126.49 125.82 125.03 124.20 123.35 122.47 121.58 120.66 119.73 118.78 117.81 116.83 115.83 114.82 113.81 112.78 111.74 110.70 109.65 108.60 107.55 106.49 105.44 104.39 103.35 102.34 101.35 100.38 99.43 98.50 97.59 96.70 95.83 94.97 94.13 93.30 92.49 91.71 90.95 90.22 89.53 88.89 88.29 87.75 87.26 86.84 86.48 86.19 85.99 85.86 85.82 85.88 86.03 86.28 86.64 87.11
112.29 114.33 116.27 118.09 119.80 121.38 122.81 124.11 125.24 126.22 127.02 127.64 128.07 128.30 128.32 128.13 127.72 127.07 126.30 125.48 124.64 123.78 122.89 121.97 121.04 120.09 119.11 118.12 117.12 116.10 115.06 114.01 112.96 111.89 110.81 109.73 108.64 107.55 106.45 105.36 104.26 103.18 102.12 101.08 100.06 99.05 98.07 97.10 96.15 95.22 94.30 93.39 92.51 91.65 90.82 90.03 89.28 88.58 87.92 87.32 86.78 86.31 85.90 85.57 85.33 85.16 85.09 85.11 85.23 85.45 85.79 86.24
112.50 114.65 116.69 118.61 120.41 122.07 123.59 124.95 126.16 127.20 128.06 128.73 129.21 129.48 129.54 129.38 128.99 128.37 127.61 126.81 125.98 125.12 124.24 123.33 122.39 121.43 120.45 119.45 118.43 117.40 116.34 115.28 114.19 113.10 111.99 110.88 109.75 108.62 107.49 106.34 105.20 104.05 102.92 101.81 100.71 99.63 98.57 97.53 96.50 95.48 94.48 93.50 92.54 91.61 90.71 89.85 89.04 88.27 87.56 86.90 86.31 85.79 85.34 84.96 84.67 84.47 84.36 84.35 84.44 84.63 84.94 85.37
112.79 115.04 117.18 119.20 121.08 122.83 124.42 125.86 127.14 128.24 129.15 129.88 130.40 130.71 130.81 130.68 130.32 129.71 128.97 128.18 127.36 126.51 125.63 124.72 123.78 122.82 121.83 120.82 119.79 118.73 117.66 116.57 115.46 114.34 113.20 112.05 110.89 109.72 108.54 107.35 106.16 104.96 103.76 102.57 101.40 100.24 99.10 97.97 96.86 95.76 94.68 93.62 92.59 91.58 90.62 89.69 88.81 87.98 87.21 86.50 85.86 85.28 84.78 84.36 84.03 83.79 83.64 83.59 83.65 83.82 84.11 84.51
113.14 115.50 117.73 119.84 121.82 123.65 125.32 126.83 128.17 129.33 130.30 131.08 131.65 132.00 132.13 132.03 131.69 131.10 130.37 129.60 128.78 127.94 127.06 126.15 125.21 124.24 123.24 122.22 121.17 120.10 119.00 117.89 116.75 115.60 114.43 113.25 112.05 110.83 109.61 108.38 107.13 105.88 104.62 103.36 102.11 100.87 99.65 98.44 97.24 96.06 94.90 93.76 92.65 91.57 90.54 89.54 88.60 87.71 86.88 86.11 85.41 84.79 84.24 83.78 83.40 83.12 82.93 82.85 82.88 83.02 83.27 83.66
113.56 116.02 118.36 120.56 122.62 124.53 126.28 127.86 129.27 130.49 131.51 132.34 132.95 133.34 133.50 133.43 133.11 132.54 131.82 131.06 130.25 129.41 128.53 127.62 126.67 125.70 124.69 123.65 122.59 121.50 120.38 119.24 118.08 116.89 115.69 114.47 113.23 111.97 110.70 109.42 108.13 106.82 105.51 104.19 102.86 101.54 100.23 98.93 97.65 96.38 95.14 93.92 92.73 91.58 90.48 89.42 88.41 87.45 86.56 85.74 84.98 84.31 83.71 83.20 82.78 82.46 82.24 82.12 82.11 82.22 82.45 82.81
114.05 116.62 119.05 121.34 123.49 125.48 127.30 128.95 130.42 131.70 132.78 133.65 134.30 134.73 134.93 134.88 134.58 134.03 133.32 132.56 131.76 130.92 130.05 129.13 128.18 127.19 126.17 125.12 124.04 122.93 121.79 120.62 119.43 118.21 116.97 115.71 114.43 113.14 111.82 110.49 109.14 107.78 106.41 105.02 103.63 102.23 100.83 99.45 98.08 96.73 95.40 94.10 92.84 91.61 90.44 89.31 88.23 87.22 86.26 85.38 84.57 83.84 83.20 82.64 82.18 81.81 81.55 81.40 81.36 81.44 81.65 81.98
114.62 117.28 119.81 122.19 124.42 126.49 128.39 130.10 131.64 132.97 134.10 135.02 135.72 136.18 136.41 136.38 136.11 135.57 134.87 134.12 133.32 132.48 131.60 130.68 129.73 128.73 127.70 126.63 125.53 124.39 123.23 122.03 120.81 119.56 118.29 116.99 115.67 114.32 112.96 111.57 110.17 108.76 107.32 105.88 104.42 102.95 101.47 99.99 98.53 97.09 95.68 94.31 92.97 91.67 90.42 89.22 88.08 87.00 85.99 85.04 84.18 83.40 82.70 82.10 81.59 81.19 80.89 80.70 80.63 80.68 80.85 81.16
115.25 118.02 120.64 123.11 125.42 127.56 129.53 131.32 132.91 134.31 135.49 136.45 137.19 137.68 137.94 137.94 137.68 137.16 136.47 135.72 134.93 134.09 133.21 132.28 131.31 130.30 129.26 128.17 127.05 125.89 124.70 123.48 122.22 120.94 119.63 118.29 116.92 115.53 114.12 112.68 111.23 109.75 108.26 106.75 105.22 103.68 102.12 100.56 99.01 97.49 95.99 94.54 93.12 91.74 90.42 89.15 87.95 86.80 85.73 84.73 83.81 82.97 82.23 81.58 81.02 80.58 80.24 80.01 79.91 79.92 80.07 80.35
115.96 118.82 121.53 124.09 126.49 128.71 130.75 132.60 134.25 135.70 136.93 137.94 138.71 139.24 139.53 139.55 139.31 138.79 138.11 137.37 136.58 135.74 134.85 133.92 132.94 131.92 130.86 129.75 128.61 127.43 126.21 124.96 123.67 122.35 121.00 119.62 118.21 116.77 115.30 113.81 112.30 110.77 109.21 107.63 106.03 104.41 102.78 101.15 99.52 97.91 96.33 94.79 93.30 91.85 90.45 89.11 87.84 86.63 85.49 84.43 83.46 82.57 81.77 81.07 80.48 79.98 79.61 79.34 79.20 79.19 79.31 79.56
116.75 119.70 122.50 125.15 127.62 129.92 132.03 133.94 135.66 137.16 138.43 139.48 140.30 140.86 141.17 141.21 140.99 140.48 139.81 139.07 138.28 137.44 136.54 135.60 134.61 133.58 132.50 131.37 130.21 129.00 127.75 126.47 125.15 123.79 122.40 120.97 119.52 118.03 116.51 114.97 113.40 111.80 110.18 108.53 106.85 105.16 103.46 101.75 100.05 98.36 96.70 95.08 93.50 91.98 90.51 89.10 87.76 86.48 85.28 84.17 83.13 82.19 81.34 80.59 79.95 79.41 79.00 78.70 78.52 78.47 78.56 78.79
117.60 120.65 123.55 126.27 128.83 131.20 133.37 135.35 137.12 138.67 140.00 141.09 141.94 142.53 142.87 142.93 142.72 142.22 141.55 140.82 140.03 139.18 138.28 137.33 136.33 135.28 134.18 133.03 131.84 130.61 129.33 128.01 126.66 125.26 123.83 122.36 120.85 119.32 117.75 116.15 114.52 112.86 111.16 109.43 107.68 105.92 104.14 102.36 100.59 98.83 97.09 95.39 93.74 92.14 90.59 89.11 87.70 86.36 85.10 83.92 82.83 81.83 80.93 80.14 79.45 78.87 78.41 78.07 77.86 77.78 77.84 78.04
118.53 121.68 124.66 127.47 130.10 132.54 134.79 136.83 138.65 140.26 141.63 142.76 143.64 144.26 144.62 144.71 144.51 144.02 143.35 142.62 141.82 140.97 140.06 139.10 138.09 137.02 135.90 134.73 133.52 132.25 130.95 129.59 128.20 126.76 125.29 123.77 122.22 120.63 119.01 117.35 115.65 113.92 112.15 110.35 108.52 106.68 104.84 102.99 101.15 99.32 97.52 95.74 94.00 92.33 90.71 89.16 87.68 86.27 84.95 83.71 82.56 81.50 80.55 79.70 78.97 78.34 77.84 77.47 77.22 77.11 77.13 77.31
119.54 122.78 125.84 128.74 131.44 133.96 136.27 138.37 140.25 141.90 143.32 144.49 145.40 146.05 146.43 146.53 146.35 145.87 145.20 144.47 143.67 142.81 141.89 140.92 139.89 138.80 137.66 136.47 135.23 133.94 132.60 131.21 129.78 128.30 126.78 125.22 123.61 121.97 120.29 118.57 116.80 114.99 113.15 111.27 109.38 107.47 105.55 103.63 101.72 99.83 97.96 96.11 94.30 92.55 90.85 89.23 87.68 86.21 84.82 83.52 82.31 81.20 80.20 79.30 78.52 77.85 77.30 76.89 76.60 76.46 76.46 76.60
120.62 123.95 127.10 130.08 132.86 135.44 137.82 139.98 141.91 143.61 145.07 146.28 147.22 147.90 148.30 148.42 148.24 147.77 147.11 146.37 145.56 144.70 143.77 142.78 141.74 140.63 139.47 138.25 136.98 135.66 134.29 132.86 131.39 129.87 128.30 126.69 125.04 123.34 121.60 119.80 117.96 116.07 114.15 112.21 110.24 108.26 106.27 104.29 102.31 100.35 98.41 96.50 94.63 92.80 91.04 89.34 87.72 86.18 84.73 83.36 82.10 80.93 79.87 78.92 78.09 77.38 76.79 76.34 76.02 75.84 75.80 75.92
121.78 125.20 128.44 131.49 134.35 137.00 139.44 141.65 143.64 145.39 146.89 148.13 149.11 149.81 150.23 150.37 150.20 149.73 149.06 148.32 147.51 146.64 145.70 144.70 143.63 142.51 141.32 140.08 138.78 137.42 136.01 134.55 133.04 131.47 129.86 128.20 126.49 124.74 122.92 121.05 119.13 117.17 115.18 113.16 111.12 109.07 107.01 104.96 102.92 100.89 98.89 96.91 94.98 93.09 91.25 89.48 87.79 86.18 84.66 83.24 81.91 80.69 79.58 78.58 77.70 76.94 76.31 75.81 75.46 75.24 75.17 75.26
123.02 126.52 129.85 132.98 135.90 138.62 141.12 143.40 145.43 147.23 148.77 150.05 151.05 151.78 152.22 152.37 152.21 151.74 151.07 150.33 149.51 148.63 147.67 146.66 145.57 144.42 143.21 141.94 140.61 139.22 137.78 136.28 134.72 133.11 131.45 129.74 127.97 126.14 124.25 122.30 120.31 118.28 116.21 114.12 112.01 109.89 107.77 105.65 103.54 101.45 99.38 97.34 95.35 93.39 91.50 89.66 87.90 86.22 84.64 83.15 81.77 80.49 79.32 78.27 77.34 76.53 75.86 75.32 74.93 74.67 74.57 74.63
124.33 127.92 131.33 134.54 137.54 140.32 142.88 145.21 147.30 149.14 150.71 152.03 153.06 153.81 154.27 154.43 154.27 153.81 153.14 152.39 151.56 150.67 149.70 148.66 147.56 146.39 145.15 143.85 142.49 141.07 139.58 138.04 136.44 134.79 133.08 131.31 129.46 127.55 125.59 123.57 121.50 119.39 117.26 115.10 112.92 110.73 108.54 106.35 104.18 102.02 99.89 97.79 95.74 93.72 91.77 89.87 88.04 86.30 84.65 83.10 81.65 80.31 79.09 77.99 77.01 76.16 75.44 74.86 74.43 74.14 74.01 74.03
125.73 129.40 132.89 136.17 139.24 142.09 144.71 147.09 149.23 151.11 152.73 154.07 155.13 155.91 156.38 156.55 156.40 155.93 155.26 154.50 153.67 152.76 151.78 150.72 149.60 148.40 147.14 145.81 144.41 142.95 141.43 139.85 138.20 136.50 134.73 132.88 130.96 128.98 126.94 124.84 122.70 120.53 118.32 116.09 113.84 111.59 109.33 107.08 104.84 102.62 100.43 98.27 96.15 94.08 92.06 90.11 88.22 86.41 84.70 83.08 81.58 80.18 78.90 77.74 76.71 75.82 75.05 74.43 73.96 73.64 73.47 73.46
127.22 130.97 134.53 137.88 141.02 143.93 146.61 149.05 151.23 153.15 154.81 156.18 157.27 158.06 158.55 158.73 158.58 158.12 157.44 156.67 155.83 154.90 153.90 152.83 151.68 150.46 149.17 147.81 146.38 144.88 143.32 141.69 140.00 138.24 136.39 134.47 132.48 130.42 128.30 126.13 123.92 121.67 119.40 117.10 114.78 112.46 110.14 107.82 105.52 103.24 100.98 98.76 96.58 94.45 92.38 90.37 88.43 86.56 84.79 83.11 81.54 80.08 78.75 77.54 76.46 75.51 74.70 74.04 73.53 73.17 72.97 72.93
128.82 132.63 136.25 139.67 142.88 145.85 148.59 151.07 153.30 155.26 156.95 158.36 159.47 160.28 160.78 160.97 160.83 160.36 159.67 158.90 158.04 157.10 156.08 154.99 153.81 152.57 151.24 149.85 148.38 146.85 145.24 143.57 141.82 139.99 138.07 136.07 134.00 131.87 129.68 127.44 125.15 122.84 120.49 118.12 115.74 113.35 110.96 108.58 106.22 103.87 101.56 99.28 97.04 94.85 92.72 90.65 88.66 86.74 84.91 83.17 81.54 80.03 78.64 77.37 76.24 75.24 74.39 73.69 73.13 72.73 72.50 72.43
130.52 134.38 138.06 141.54 144.81 147.84 150.63 153.17 155.44 157.44 159.17 160.60 161.74 162.56 163.08 163.27 163.13 162.66 161.97 161.18 160.31 159.35 158.31 157.19 156.00 154.72 153.37 151.94 150.44 148.86 147.21 145.48 143.66 141.75 139.75 137.68 135.54 133.33 131.07 128.75 126.40 124.01 121.60 119.17 116.72 114.26 111.81 109.37 106.94 104.53 102.16 99.82 97.52 95.28 93.09 90.97 88.92 86.95 85.06 83.27 81.59 80.01 78.56 77.24 76.06 75.02 74.12 73.37 72.77 72.34 72.07 71.97
132.32 136.25 139.98 143.51 146.82 149.91 152.75 155.34 157.65 159.69 161.45 162.91 164.07 164.91 165.44 165.64 165.50 165.02 164.32 163.52 162.63 161.66 160.60 159.46 158.23 156.92 155.54 154.08 152.53 150.92 149.21 147.41 145.51 143.52 141.45 139.30 137.08 134.80 132.47 130.09 127.67 125.21 122.73 120.23 117.71 115.20 112.68 110.17 107.68 105.22 102.78 100.38 98.03 95.73 93.48 91.31 89.20 87.18 85.25 83.41 81.67 80.04 78.53 77.16 75.92 74.83 73.88 73.09 72.46 71.98 71.68 71.54
134.24 138.22 142.00 145.57 148.93 152.06 154.95 157.58 159.94 162.02 163.80 165.29 166.47 167.33 167.86 168.06 167.92 167.44 166.73 165.91 165.01 164.02 162.94 161.77 160.52 159.18 157.76 156.26 154.68 153.01 151.23 149.35 147.37 145.31 143.16 140.94 138.65 136.30 133.89 131.44 128.95 126.42 123.87 121.31 118.73 116.15 113.57 111.00 108.45 105.92 103.43 100.97 98.56 96.20 93.91 91.68 89.52 87.45 85.46 83.57 81.78 80.11 78.55 77.12 75.83 74.69 73.69 72.86 72.18 71.67 71.32 71.16
136.28 140.30 144.13 147.74 151.14 154.30 157.23 159.90 162.30 164.41 166.22 167.73 168.93 169.81 170.35 170.56 170.41 169.92 169.20 168.37 167.45 166.43 165.33 164.14 162.85 161.48 160.03 158.49 156.86 155.11 153.26 151.30 149.25 147.11 144.88 142.59 140.23 137.80 135.33 132.81 130.25 127.66 125.04 122.41 119.77 117.12 114.48 111.85 109.24 106.65 104.10 101.59 99.12 96.71 94.36 92.08 89.87 87.74 85.71 83.77 81.93 80.21 78.60 77.12 75.78 74.59 73.55 72.66 71.94 71.39 71.01 70.81
138.44 142.50 146.37 150.02 153.45 156.64 159.60 162.29 164.73 166.87 168.72 170.25 171.47 172.35 172.91 173.11 172.97 172.46 171.73 170.88 169.94 168.91 167.78 166.56 165.24 163.84 162.35 160.76 159.05 157.23 155.29 153.26 151.13 148.92 146.62 144.25 141.82 139.33 136.78 134.19 131.56 128.91 126.23 123.53 120.83 118.12 115.42 112.73 110.06 107.41 104.80 102.23 99.71 97.24 94.84 92.51 90.25 88.07 85.99 84.00 82.12 80.35 78.70 77.17 75.78 74.54 73.45 72.52 71.76 71.16 70.75 70.51
140.72 144.82 148.72 152.41 155.87 159.09 162.07 164.79 167.24 169.41 171.28 172.84 174.07 174.97 175.53 175.73 175.58 175.07 174.32 173.46 172.50 171.44 170.28 169.03 167.69 166.25 164.71 163.04 161.26 159.35 157.34 155.23 153.03 150.74 148.37 145.93 143.43 140.87 138.25 135.60 132.90 130.18 127.44 124.68 121.91 119.14 116.38 113.63 110.90 108.20 105.53 102.90 100.33 97.81 95.35 92.97 90.66 88.43 86.30 84.26 82.34 80.52 78.83 77.26 75.82 74.53 73.39 72.42 71.61 70.98 70.53 70.25
