data_processed/recharge/precip/Precip_2001_04.asc
ncols        168
nrows        136
xllcorner    455000
yllcorner    2107000
cellsize     500
NODATA_value     -99999
[rows 0 to 33 of 136, columns 0 to 76 of 168]
114.26 112.94 111.35 109.51 107.46 105.22 102.82 100.31 97.69 95.01 92.29 89.57 86.86 84.21 81.64 79.18 76.85 74.70 72.75 71.02 69.55 68.26 66.99 65.69 64.44 63.37 62.48 61.70 61.00 60.37 59.83 59.37 59.00 58.71 58.52 58.43 58.43 58.54 58.75 59.06 59.49 60.04 60.70 61.48 62.38 63.41 64.57 65.85 67.24 68.71 70.04 71.07 71.84 72.46 72.99 73.43 73.79 74.07 74.28 74.41 74.49 74.50 74.45 74.36 74.21 74.02 73.79 73.53 73.23 72.91 72.56 72.20 71.81 71.31 70.59 69.61 68.49
114.58 113.52 112.17 110.54 108.67 106.60 104.34 101.92 99.39 96.75 94.06 91.33 88.60 85.88 83.23 80.65 78.19 75.87 73.72 71.77 70.06 68.59 67.31 66.03 64.81 63.76 62.83 61.98 61.21 60.53 59.93 59.42 59.00 58.68 58.46 58.33 58.32 58.41 58.61 58.93 59.36 59.92 60.59 61.40 62.33 63.39 64.60 65.93 67.40 68.96 70.39 71.52 72.46 73.28 73.99 74.59 75.09 75.48 75.78 75.98 76.10 76.13 76.08 75.96 75.76 75.50 75.17 74.79 74.35 73.86 73.32 72.74 72.12 71.46 70.67 69.64 68.47
114.99 114.21 113.11 111.70 110.03 108.11 105.99 103.69 101.23 98.66 96.00 93.27 90.51 87.75 85.01 82.33 79.73 77.25 74.91 72.75 70.79 69.06 67.59 66.29 65.09 64.00 63.00 62.08 61.24 60.50 59.84 59.28 58.82 58.47 58.21 58.07 58.03 58.11 58.31 58.62 59.06 59.63 60.32 61.15 62.11 63.22 64.46 65.85 67.38 69.03 70.57 71.90 73.09 74.13 75.03 75.80 76.44 76.96 77.36 77.64 77.81 77.87 77.83 77.69 77.46 77.13 76.72 76.23 75.66 75.01 74.29 73.51 72.67 71.77 70.81 69.70 68.46
115.51 115.01 114.16 112.98 111.50 109.76 107.78 105.60 103.24 100.73 98.10 95.38 92.60 89.80 86.99 84.21 81.48 78.85 76.33 73.96 71.76 69.77 68.02 66.52 65.23 64.06 62.98 61.99 61.09 60.29 59.58 58.98 58.47 58.08 57.80 57.63 57.58 57.65 57.84 58.16 58.60 59.18 59.90 60.75 61.74 62.88 64.17 65.60 67.19 68.93 70.69 72.29 73.72 74.99 76.10 77.06 77.86 78.52 79.03 79.40 79.63 79.74 79.72 79.58 79.31 78.94 78.45 77.86 77.17 76.38 75.50 74.52 73.47 72.33 71.12 69.82 68.43
115.84 115.64 115.06 114.12 112.87 111.32 109.50 107.45 105.20 102.77 100.20 97.50 94.73 91.89 89.03 86.16 83.33 80.56 77.88 75.32 72.90 70.67 68.63 66.79 65.22 63.94 62.78 61.72 60.76 59.90 59.15 58.50 57.96 57.54 57.23 57.04 56.97 57.04 57.23 57.55 58.00 58.60 59.34 60.22 61.25 62.42 63.76 65.25 66.90 68.71 70.63 72.50 74.20 75.72 77.05 78.20 79.18 79.99 80.63 81.11 81.43 81.59 81.61 81.47 81.20 80.79 80.25 79.58 78.78 77.86 76.83 75.68 74.43 73.07 71.60 69.99 68.34
115.80 115.92 115.64 114.97 113.95 112.62 110.99 109.10 106.98 104.65 102.16 99.52 96.76 93.92 91.02 88.10 85.19 82.30 79.48 76.75 74.14 71.68 69.34 67.15 65.23 63.68 62.42 61.29 60.28 59.36 58.56 57.88 57.31 56.85 56.53 56.32 56.25 56.31 56.50 56.83 57.30 57.92 58.68 59.60 60.67 61.89 63.27 64.82 66.53 68.41 70.40 72.43 74.39 76.18 77.75 79.12 80.29 81.27 82.06 82.66 83.08 83.32 83.39 83.29 83.03 82.60 82.02 81.29 80.40 79.38 78.21 76.91 75.47 73.90 72.15 70.23 68.27
115.44 115.84 115.87 115.50 114.75 113.65 112.23 110.52 108.55 106.36 103.96 101.39 98.69 95.86 92.96 90.00 87.02 84.05 81.11 78.24 75.45 72.74 70.10 67.60 65.34 63.46 61.95 60.73 59.66 58.70 57.86 57.14 56.54 56.07 55.72 55.51 55.43 55.49 55.69 56.04 56.53 57.17 57.97 58.92 60.03 61.30 62.74 64.34 66.10 68.04 70.09 72.19 74.31 76.35 78.18 79.79 81.17 82.34 83.29 84.04 84.58 84.92 85.06 85.01 84.77 84.35 83.74 82.97 82.02 80.90 79.62 78.18 76.57 74.77 72.74 70.53 68.28
114.92 115.44 115.75 115.69 115.22 114.38 113.20 111.70 109.91 107.87 105.59 103.12 100.48 97.71 94.82 91.85 88.83 85.79 82.76 79.76 76.77 73.81 70.90 68.11 65.56 63.36 61.55 60.10 58.95 57.95 57.07 56.32 55.70 55.21 54.85 54.63 54.55 54.62 54.83 55.20 55.71 56.38 57.22 58.21 59.37 60.69 62.17 63.81 65.62 67.61 69.72 71.87 74.05 76.23 78.32 80.18 81.80 83.17 84.31 85.22 85.90 86.35 86.58 86.60 86.41 86.01 85.40 84.60 83.60 82.41 81.04 79.47 77.67 75.63 73.36 70.88 68.37
114.36 114.88 115.30 115.52 115.37 114.81 113.88 112.61 111.03 109.16 107.03 104.68 102.14 99.43 96.58 93.62 90.59 87.51 84.40 81.24 78.06 74.87 71.73 68.68 65.86 63.40 61.29 59.56 58.20 57.13 56.23 55.45 54.81 54.30 53.94 53.72 53.64 53.72 53.95 54.34 54.88 55.59 56.46 57.50 58.71 60.07 61.58 63.25 65.10 67.14 69.29 71.49 73.71 75.94 78.17 80.28 82.15 83.75 85.09 86.18 87.02 87.60 87.95 88.05 87.92 87.56 86.97 86.16 85.13 83.89 82.43 80.71 78.73 76.49 73.99 71.28 68.53
113.75 114.28 114.71 115.04 115.16 114.91 114.27 113.25 111.89 110.22 108.27 106.06 103.63 101.01 98.22 95.30 92.28 89.17 85.96 82.65 79.29 75.92 72.57 69.30 66.25 63.54 61.19 59.19 57.57 56.31 55.35 54.55 53.89 53.38 53.01 52.80 52.73 52.82 53.08 53.49 54.07 54.81 55.73 56.82 58.05 59.43 60.96 62.66 64.55 66.62 68.81 71.05 73.31 75.58 77.85 80.09 82.20 84.05 85.62 86.90 87.91 88.65 89.13 89.34 89.29 88.99 88.43 87.64 86.60 85.31 83.74 81.88 79.74 77.32 74.63 71.70 68.74
113.09 113.62 114.07 114.41 114.64 114.67 114.33 113.59 112.48 111.03 109.27 107.23 104.95 102.44 99.74 96.88 93.87 90.71 87.40 83.97 80.47 76.94 73.42 69.96 66.70 63.78 61.21 58.99 57.13 55.63 54.50 53.65 52.99 52.47 52.11 51.90 51.85 51.96 52.24 52.68 53.30 54.09 55.05 56.15 57.39 58.78 60.33 62.05 63.96 66.07 68.30 70.57 72.86 75.16 77.46 79.74 81.97 84.06 85.87 87.37 88.57 89.48 90.10 90.44 90.49 90.26 89.77 89.00 87.96 86.61 84.95 82.97 80.70 78.12 75.26 72.14 68.99
112.39 112.92 113.37 113.73 113.98 114.12 114.05 113.61 112.77 111.57 110.03 108.18 106.06 103.69 101.10 98.31 95.31 92.09 88.70 85.18 81.57 77.91 74.26 70.64 67.22 64.12 61.36 58.94 56.88 55.17 53.81 52.82 52.12 51.60 51.25 51.05 51.02 51.15 51.46 51.94 52.60 53.43 54.40 55.50 56.74 58.13 59.69 61.43 63.36 65.49 67.75 70.05 72.37 74.69 77.01 79.31 81.57 83.78 85.81 87.55 88.97 90.07 90.86 91.33 91.50 91.38 90.95 90.22 89.16 87.76 86.03 83.97 81.58 78.88 75.88 72.59 69.28
111.64 112.17 112.63 113.00 113.27 113.43 113.47 113.30 112.76 111.82 110.53 108.90 106.96 104.75 102.28 99.54 96.53 93.29 89.86 86.28 82.59 78.84 75.08 71.34 67.78 64.53 61.62 59.04 56.80 54.91 53.36 52.18 51.35 50.81 50.46 50.28 50.27 50.44 50.78 51.31 52.00 52.83 53.78 54.87 56.10 57.49 59.05 60.80 62.75 64.90 67.18 69.50 71.83 74.18 76.51 78.82 81.10 83.32 85.47 87.44 89.09 90.39 91.36 92.00 92.31 92.30 91.95 91.25 90.19 88.76 86.98 84.85 82.39 79.59 76.46 73.04 69.60
110.84 111.38 111.84 112.21 112.50 112.68 112.74 112.69 112.41 111.77 110.74 109.35 107.63 105.59 103.22 100.52 97.53 94.30 90.85 87.24 83.52 79.71 75.87 72.04 68.37 65.01 61.97 59.26 56.89 54.84 53.14 51.79 50.79 50.14 49.78 49.63 49.65 49.85 50.23 50.79 51.47 52.27 53.20 54.26 55.48 56.86 58.42 60.17 62.13 64.30 66.59 68.92 71.27 73.63 75.97 78.29 80.57 82.80 84.96 87.03 88.90 90.43 91.61 92.43 92.89 93.00 92.73 92.07 91.02 89.59 87.79 85.62 83.10 80.23 77.01 73.48 69.93
110.00 110.53 111.00 111.38 111.67 111.87 111.96 111.94 111.78 111.40 110.66 109.53 108.03 106.14 103.86 101.24 98.30 95.10 91.68 88.08 84.34 80.50 76.62 72.73 68.99 65.55 62.42 59.61 57.12 54.97 53.14 51.66 50.51 49.71 49.27 49.11 49.16 49.40 49.81 50.36 51.00 51.77 52.66 53.70 54.89 56.26 57.81 59.56 61.52 63.69 66.00 68.34 70.69 73.05 75.39 77.71 79.99 82.22 84.37 86.45 88.42 90.17 91.57 92.58 93.22 93.44 93.25 92.65 91.64 90.24 88.45 86.27 83.72 80.79 77.51 73.90 70.26
109.11 109.64 110.11 110.50 110.80 111.02 111.13 111.12 111.00 110.74 110.26 109.41 108.10 106.35 104.20 101.67 98.82 95.69 92.32 88.76 85.04 81.21 77.31 73.40 69.62 66.13 62.94 60.07 57.51 55.26 53.35 51.76 50.50 49.59 49.01 48.79 48.85 49.12 49.51 50.00 50.59 51.31 52.17 53.17 54.34 55.69 57.22 58.96 60.91 63.09 65.40 67.74 70.09 72.45 74.79 77.11 79.38 81.59 83.74 85.80 87.77 89.61 91.22 92.44 93.24 93.59 93.50 92.99 92.05 90.70 88.94 86.77 84.22 81.27 77.95 74.28 70.59
108.18 108.71 109.17 109.56 109.88 110.11 110.24 110.26 110.16 109.94 109.57 108.91 107.79 106.21 104.20 101.81 99.08 96.06 92.77 89.28 85.61 81.82 77.95 74.04 70.25 66.74 63.53 60.62 58.02 55.72 53.75 52.09 50.76 49.75 49.08 48.76 48.75 48.97 49.29 49.72 50.26 50.93 51.74 52.70 53.84 55.15 56.67 58.39 60.33 62.51 64.81 67.14 69.49 71.84 74.17 76.47 78.73 80.93 83.06 85.11 87.05 88.88 90.57 91.97 92.93 93.43 93.47 93.07 92.23 90.96 89.25 87.13 84.60 81.66 78.31 74.61 70.89
107.20 107.72 108.18 108.58 108.90 109.14 109.29 109.33 109.27 109.07 108.67 108.03 107.09 105.70 103.88 101.66 99.08 96.18 93.02 89.63 86.05 82.33 78.51 74.63 70.87 67.38 64.18 61.26 58.65 56.34 54.33 52.63 51.26 50.20 49.47 49.05 48.88 48.93 49.16 49.52 50.00 50.61 51.37 52.29 53.39 54.67 56.15 57.85 59.78 61.94 64.23 66.56 68.89 71.22 73.54 75.82 78.06 80.24 82.35 84.37 86.28 88.08 89.71 91.15 92.28 92.95 93.16 92.90 92.18 91.00 89.39 87.33 84.84 81.93 78.60 74.89 71.17
106.18 106.69 107.15 107.55 107.88 108.13 108.29 108.36 108.30 108.07 107.61 106.92 106.02 104.82 103.21 101.19 98.79 96.07 93.05 89.80 86.34 82.72 78.98 75.18 71.47 68.03 64.86 61.98 59.39 57.09 55.09 53.39 51.99 50.91 50.13 49.58 49.23 49.08 49.15 49.42 49.83 50.38 51.08 51.95 53.00 54.24 55.69 57.36 59.26 61.40 63.68 65.99 68.30 70.61 72.91 75.16 77.38 79.53 81.61 83.59 85.47 87.20 88.76 90.13 91.30 92.15 92.54 92.44 91.87 90.83 89.32 87.36 84.94 82.09 78.79 75.11 71.40
105.11 105.61 106.07 106.47 106.80 107.06 107.24 107.31 107.22 106.91 106.39 105.66 104.73 103.59 102.19 100.39 98.21 95.69 92.86 89.77 86.46 82.97 79.36 75.65 72.04 68.68 65.58 62.76 60.22 57.97 56.00 54.33 52.96 51.87 50.99 50.28 49.75 49.43 49.32 49.43 49.75 50.23 50.87 51.68 52.68 53.87 55.28 56.91 58.79 60.90 63.16 65.44 67.73 70.01 72.28 74.50 76.68 78.80 80.84 82.78 84.59 86.25 87.73 89.03 90.14 91.04 91.61 91.71 91.31 90.42 89.05 87.20 84.89 82.11 78.88 75.25 71.59
104.00 104.49 104.94 105.34 105.68 105.94 106.12 106.15 105.97 105.59 105.02 104.26 103.30 102.16 100.84 99.27 97.33 95.04 92.43 89.53 86.41 83.09 79.62 76.06 72.56 69.31 66.32 63.60 61.15 58.97 57.07 55.46 54.12 52.96 51.95 51.11 50.43 49.95 49.67 49.61 49.79 50.18 50.75 51.49 52.43 53.57 54.93 56.53 58.36 60.45 62.68 64.93 67.18 69.43 71.66 73.85 75.99 78.07 80.06 81.93 83.66 85.24 86.65 87.88 88.93 89.77 90.39 90.68 90.48 89.77 88.56 86.86 84.67 82.00 78.86 75.29 71.71
102.84 103.32 103.76 104.16 104.50 104.76 104.88 104.82 104.56 104.13 103.51 102.71 101.75 100.61 99.31 97.84 96.14 94.11 91.74 89.09 86.17 83.06 79.77 76.37 73.03 69.93 67.07 64.48 62.14 60.08 58.28 56.74 55.36 54.11 52.99 52.03 51.23 50.61 50.19 49.97 49.99 50.24 50.72 51.40 52.27 53.35 54.66 56.20 58.00 60.05 62.24 64.45 66.67 68.88 71.06 73.21 75.31 77.33 79.25 81.04 82.69 84.19 85.53 86.69 87.67 88.45 89.02 89.37 89.36 88.86 87.84 86.31 84.28 81.74 78.71 75.25 71.76
101.64 102.10 102.54 102.93 103.26 103.46 103.48 103.33 103.01 102.52 101.86 101.04 100.07 98.94 97.66 96.24 94.67 92.89 90.80 88.41 85.74 82.86 79.79 76.59 73.43 70.50 67.82 65.38 63.20 61.28 59.59 58.05 56.61 55.28 54.08 53.01 52.11 51.38 50.83 50.48 50.36 50.46 50.82 51.40 52.20 53.22 54.47 55.96 57.70 59.71 61.86 64.03 66.20 68.36 70.50 72.59 74.63 76.58 78.41 80.12 81.69 83.12 84.39 85.48 86.40 87.12 87.63 87.93 87.99 87.69 86.89 85.55 83.69 81.32 78.43 75.09 71.73
100.39 100.84 101.26 101.64 101.89 101.99 101.92 101.69 101.30 100.77 100.08 99.25 98.27 97.16 95.92 94.54 93.04 91.40 89.59 87.49 85.11 82.48 79.66 76.69 73.76 71.04 68.56 66.31 64.31 62.54 60.89 59.31 57.82 56.44 55.17 54.03 53.04 52.22 51.57 51.11 50.86 50.84 51.06 51.52 52.24 53.18 54.36 55.79 57.48 59.43 61.53 63.65 65.78 67.89 69.97 72.00 73.96 75.82 77.57 79.20 80.70 82.05 83.24 84.27 85.12 85.78 86.24 86.48 86.50 86.28 85.68 84.57 82.91 80.72 78.00 74.81 71.60
99.10 99.53 99.93 100.22 100.37 100.36 100.20 99.91 99.47 98.89 98.18 97.34 96.37 95.29 94.08 92.76 91.32 89.78 88.13 86.32 84.25 81.93 79.38 76.68 73.99 71.52 69.27 67.25 65.44 63.73 62.08 60.48 58.97 57.55 56.24 55.05 53.99 53.10 52.37 51.82 51.47 51.34 51.44 51.78 52.38 53.24 54.35 55.71 57.34 59.24 61.28 63.35 65.41 67.46 69.48 71.43 73.30 75.07 76.74 78.29 79.71 80.99 82.12 83.08 83.87 84.47 84.87 85.06 85.03 84.76 84.24 83.35 81.92 79.94 77.42 74.40 71.37
97.76 98.16 98.47 98.65 98.68 98.58 98.34 97.98 97.49 96.89 96.16 95.32 94.37 93.31 92.15 90.89 89.54 88.09 86.56 84.93 83.17 81.17 78.94 76.53 74.13 71.93 69.94 68.15 66.44 64.77 63.13 61.54 60.02 58.58 57.25 56.02 54.93 53.98 53.19 52.58 52.16 51.94 51.94 52.18 52.67 53.42 54.44 55.73 57.29 59.13 61.11 63.11 65.11 67.09 69.02 70.88 72.66 74.35 75.94 77.41 78.76 79.96 81.02 81.92 82.64 83.19 83.53 83.67 83.59 83.28 82.73 81.91 80.71 78.97 76.66 73.85 71.02
96.37 96.67 96.86 96.91 96.84 96.65 96.35 95.93 95.40 94.77 94.03 93.20 92.27 91.25 90.15 88.96 87.69 86.34 84.93 83.44 81.88 80.21 78.32 76.24 74.15 72.26 70.54 68.89 67.24 65.61 64.00 62.44 60.93 59.51 58.17 56.93 55.82 54.84 54.02 53.36 52.88 52.59 52.52 52.67 53.07 53.72 54.65 55.85 57.34 59.11 61.02 62.95 64.88 66.77 68.61 70.38 72.07 73.68 75.18 76.58 77.85 78.99 79.98 80.81 81.47 81.96 82.25 82.34 82.21 81.86 81.26 80.42 79.31 77.80 75.73 73.15 70.55
94.85 95.02 95.07 95.02 94.85 94.58 94.21 93.75 93.19 92.54 91.80 90.98 90.09 89.11 88.07 86.96 85.78 84.54 83.25 81.90 80.50 79.06 77.51 75.79 74.06 72.47 70.92 69.36 67.79 66.22 64.67 63.15 61.69 60.29 58.97 57.74 56.63 55.65 54.80 54.12 53.60 53.27 53.15 53.24 53.57 54.14 54.98 56.09 57.49 59.18 61.03 62.88 64.71 66.51 68.25 69.93 71.54 73.06 74.49 75.81 77.01 78.08 79.00 79.77 80.37 80.80 81.04 81.08 80.90 80.50 79.87 78.99 77.85 76.44 74.61 72.28 69.94
93.17 93.20 93.14 92.98 92.72 92.38 91.96 91.45 90.86 90.20 89.47 88.68 87.82 86.90 85.92 84.90 83.82 82.70 81.54 80.34 79.10 77.84 76.54 75.18 73.79 72.41 70.99 69.53 68.05 66.56 65.09 63.64 62.24 60.89 59.61 58.42 57.33 56.36 55.52 54.83 54.30 53.95 53.79 53.84 54.12 54.63 55.40 56.44 57.76 59.37 61.13 62.89 64.62 66.32 67.98 69.57 71.09 72.53 73.88 75.12 76.25 77.25 78.11 78.82 79.36 79.73 79.92 79.91 79.69 79.25 78.57 77.66 76.49 75.05 73.33 71.24 69.09
91.36 91.26 91.08 90.82 90.49 90.08 89.61 89.06 88.46 87.80 87.08 86.31 85.50 84.64 83.74 82.80 81.83 80.83 79.81 78.76 77.70 76.62 75.53 74.41 73.23 72.00 70.71 69.37 68.01 66.63 65.26 63.90 62.57 61.29 60.08 58.94 57.89 56.95 56.14 55.46 54.94 54.59 54.42 54.45 54.69 55.17 55.89 56.87 58.13 59.66 61.32 62.98 64.62 66.22 67.78 69.29 70.73 72.09 73.36 74.53 75.58 76.51 77.31 77.96 78.44 78.76 78.89 78.83 78.57 78.09 77.38 76.42 75.22 73.76 72.02 70.00 67.84
89.59 89.37 89.08 88.73 88.31 87.84 87.31 86.74 86.12 85.45 84.75 84.01 83.24 82.44 81.62 80.78 79.92 79.04 78.16 77.27 76.37 75.48 74.57 73.54 72.42 71.32 70.18 68.98 67.75 66.49 65.22 63.96 62.73 61.53 60.39 59.32 58.33 57.43 56.66 56.01 55.51 55.16 55.00 55.02 55.25 55.70 56.38 57.32 58.51 59.96 61.53 63.09 64.63 66.14 67.61 69.03 70.39 71.67 72.86 73.96 74.95 75.81 76.54 77.13 77.56 77.82 77.91 77.80 77.49 76.97 76.22 75.24 74.00 72.51 70.74 68.70 66.49
87.95 87.60 87.20 86.75 86.25 85.71 85.14 84.53 83.89 83.23 82.54 81.83 81.10 80.36 79.62 78.87 78.11 77.36 76.62 75.88 75.16 74.43 73.60 72.59 71.50 70.46 69.45 68.40 67.30 66.17 65.02 63.87 62.74 61.64 60.58 59.58 58.65 57.81 57.08 56.47 56.00 55.68 55.52 55.54 55.76 56.19 56.85 57.75 58.88 60.25 61.72 63.18 64.63 66.05 67.44 68.77 70.05 71.25 72.37 73.40 74.31 75.11 75.78 76.31 76.69 76.90 76.93 76.78 76.43 75.87 75.09 74.07 72.81 71.29 69.48 67.41 65.17
86.37 85.94 85.42 84.88 84.30 83.70 83.07 82.43 81.77 81.10 80.43 79.75 79.06 78.39 77.72 77.06 76.41 75.78 75.18 74.60 74.02 73.37 72.56 71.57 70.50 69.49 68.54 67.62 66.67 65.68 64.66 63.63 62.61 61.60 60.64 59.72 58.87 58.10 57.42 56.86 56.42 56.12 55.99 56.02 56.24 56.66 57.30 58.16 59.23 60.51 61.89 63.27 64.63 65.97 67.27 68.52 69.71 70.84 71.88 72.84 73.69 74.43 75.03 75.51 75.83 75.99 75.98 75.78 75.39 74.79 73.97 72.93 71.63 70.07 68.24 66.13 63.87
84.76 84.34 83.75 83.10 82.45 81.78 81.10 80.42 79.75 79.07 78.41 77.76 77.12 76.50 75.91 75.34 74.80 74.29 73.82 73.38 72.87 72.24 71.45 70.48 69.44 68.45 67.53 66.68 65.86 65.01 64.13 63.23 62.33 61.44 60.57 59.74 58.98 58.28 57.67 57.16 56.77 56.51 56.40 56.45 56.69 57.11 57.73 58.55 59.56 60.77 62.06 63.35 64.63 65.88 67.10 68.27 69.38 70.44 71.41 72.30 73.08 73.75 74.31 74.72 74.99 75.10 75.05 74.81 74.38 73.74 72.89 71.81 70.47 68.87 67.00 64.87 62.59
