data_processed/recharge/precip/Precip_2001_06.asc
ncols        168
nrows        136
xllcorner    455000
yllcorner    2107000
cellsize     500
NODATA_value     -99999
[rows 0 to 31 of 136, columns 73 to 145 of 168]
89.06 88.04 87.11 86.27 85.50 84.78 84.10 83.47 82.88 82.33 81.81 81.32 80.86 80.43 80.02 79.63 79.26 78.91 78.56 78.23 77.90 77.58 77.26 76.94 76.62 76.28 75.94 75.59 75.22 74.83 74.43 74.00 73.52 72.98 72.38 71.74 71.05 70.32 69.56 68.78 68.01 67.25 66.51 65.81 65.14 64.53 63.98 63.51 63.12 62.82 62.62 62.54 62.58 62.76 63.07 63.55 64.18 64.99 65.99 67.17 68.57 70.17 72.00 74.07 76.26 78.12 79.51 80.47 81.03 81.23 81.09 80.65 79.94
89.27 88.22 87.28 86.41 85.62 84.88 84.18 83.53 82.92 82.34 81.80 81.29 80.81 80.35 79.92 79.51 79.11 78.74 78.37 78.01 77.67 77.32 76.98 76.63 76.28 75.93 75.56 75.19 74.80 74.39 73.96 73.51 73.02 72.49 71.90 71.26 70.56 69.83 69.06 68.29 67.51 66.75 66.00 65.28 64.60 63.98 63.41 62.91 62.49 62.17 61.94 61.83 61.83 61.97 62.24 62.67 63.26 64.02 64.96 66.09 67.42 68.97 70.73 72.73 74.86 76.66 78.01 78.96 79.52 79.74 79.63 79.25 78.61
89.47 88.41 87.44 86.56 85.74 84.98 84.26 83.59 82.96 82.36 81.80 81.26 80.76 80.28 79.83 79.40 78.98 78.58 78.20 77.82 77.45 77.08 76.71 76.35 75.98 75.60 75.21 74.81 74.40 73.97 73.52 73.04 72.54 72.01 71.42 70.78 70.09 69.35 68.60 67.83 67.05 66.28 65.53 64.81 64.12 63.48 62.90 62.38 61.94 61.59 61.34 61.19 61.16 61.26 61.50 61.89 62.43 63.14 64.04 65.12 66.39 67.88 69.59 71.52 73.58 75.33 76.66 77.59 78.16 78.39 78.33 78.00 77.43
89.68 88.60 87.61 86.71 85.87 85.09 84.36 83.66 83.01 82.39 81.80 81.25 80.73 80.23 79.76 79.30 78.87 78.45 78.04 77.64 77.25 76.86 76.47 76.08 75.69 75.29 74.89 74.46 74.03 73.58 73.10 72.61 72.08 71.53 70.95 70.31 69.63 68.91 68.16 67.40 66.63 65.86 65.11 64.38 63.69 63.04 62.44 61.91 61.46 61.08 60.81 60.64 60.58 60.65 60.85 61.20 61.70 62.37 63.22 64.25 65.48 66.91 68.56 70.43 72.44 74.14 75.44 76.36 76.93 77.19 77.17 76.91 76.42
89.88 88.79 87.79 86.87 86.01 85.21 84.45 83.74 83.06 82.43 81.82 81.25 80.71 80.19 79.70 79.22 78.77 78.33 77.90 77.48 77.07 76.66 76.25 75.84 75.43 75.01 74.58 74.14 73.69 73.21 72.72 72.20 71.66 71.08 70.48 69.85 69.19 68.48 67.75 67.00 66.24 65.48 64.73 64.00 63.31 62.65 62.05 61.51 61.04 60.65 60.35 60.16 60.08 60.12 60.29 60.60 61.07 61.70 62.51 63.49 64.67 66.05 67.65 69.47 71.42 73.08 74.35 75.26 75.85 76.14 76.17 75.96 75.56
90.09 88.98 87.96 87.02 86.15 85.33 84.56 83.83 83.13 82.48 81.85 81.26 80.70 80.16 79.65 79.16 78.68 78.22 77.78 77.34 76.91 76.48 76.05 75.62 75.19 74.75 74.30 73.84 73.37 72.87 72.36 71.82 71.26 70.67 70.05 69.42 68.76 68.08 67.37 66.63 65.88 65.13 64.39 63.67 62.97 62.31 61.71 61.16 60.68 60.28 59.96 59.75 59.65 59.67 59.81 60.10 60.53 61.13 61.89 62.84 63.97 65.31 66.86 68.62 70.52 72.14 73.40 74.31 74.91 75.23 75.31 75.17 74.86
90.30 89.17 88.14 87.19 86.30 85.46 84.67 83.92 83.21 82.53 81.89 81.28 80.70 80.15 79.62 79.11 78.62 78.14 77.67 77.21 76.76 76.32 75.87 75.43 74.98 74.52 74.05 73.57 73.08 72.57 72.03 71.48 70.89 70.29 69.67 69.02 68.37 67.70 67.00 66.29 65.55 64.82 64.09 63.37 62.68 62.03 61.42 60.87 60.38 59.97 59.65 59.42 59.30 59.29 59.42 59.68 60.08 60.65 61.38 62.29 63.38 64.68 66.18 67.90 69.74 71.33 72.57 73.48 74.10 74.46 74.59 74.53 74.30
90.51 89.37 88.32 87.35 86.45 85.60 84.79 84.02 83.29 82.60 81.94 81.32 80.72 80.15 79.60 79.07 78.56 78.07 77.58 77.11 76.64 76.18 75.72 75.25 74.78 74.31 73.82 73.33 72.81 72.28 71.73 71.16 70.56 69.95 69.32 68.67 68.01 67.34 66.66 65.97 65.26 64.54 63.82 63.11 62.43 61.78 61.18 60.63 60.14 59.72 59.39 59.15 59.02 59.00 59.10 59.34 59.72 60.26 60.96 61.83 62.89 64.15 65.61 67.28 69.08 70.64 71.87 72.78 73.43 73.83 74.02 74.03 73.90
90.72 89.57 88.51 87.52 86.60 85.74 84.91 84.13 83.38 82.68 82.00 81.36 80.75 80.16 79.60 79.05 78.53 78.01 77.51 77.02 76.54 76.06 75.58 75.10 74.61 74.12 73.62 73.11 72.58 72.03 71.46 70.87 70.26 69.64 69.00 68.35 67.69 67.02 66.35 65.67 64.98 64.28 63.58 62.89 62.23 61.59 60.99 60.44 59.95 59.54 59.20 58.96 58.81 58.78 58.87 59.09 59.45 59.96 60.63 61.48 62.50 63.72 65.14 66.78 68.54 70.07 71.29 72.21 72.88 73.33 73.58 73.67 73.64
90.93 89.77 88.70 87.70 86.76 85.88 85.04 84.24 83.48 82.76 82.07 81.42 80.79 80.19 79.61 79.05 78.50 77.98 77.46 76.95 76.45 75.96 75.46 74.97 74.47 73.96 73.44 72.91 72.36 71.80 71.22 70.62 70.00 69.36 68.72 68.07 67.41 66.74 66.07 65.40 64.73 64.05 63.38 62.71 62.06 61.43 60.84 60.30 59.82 59.41 59.07 58.82 58.67 58.63 58.71 58.91 59.25 59.75 60.40 61.22 62.21 63.40 64.79 66.39 68.11 69.62 70.83 71.77 72.47 72.96 73.28 73.45 73.52
91.15 89.97 88.89 87.88 86.93 86.03 85.18 84.37 83.59 82.86 82.15 81.48 80.84 80.22 79.63 79.05 78.50 77.95 77.42 76.90 76.39 75.88 75.37 74.86 74.34 73.82 73.29 72.74 72.18 71.60 71.00 70.39 69.76 69.12 68.47 67.81 67.15 66.49 65.83 65.16 64.50 63.85 63.20 62.55 61.92 61.31 60.74 60.21 59.74 59.33 59.00 58.75 58.60 58.55 58.62 58.81 59.14 59.62 60.25 61.05 62.02 63.18 64.54 66.10 67.79 69.28 70.49 71.44 72.18 72.72 73.11 73.37 73.54
91.36 90.18 89.08 88.06 87.10 86.19 85.32 84.50 83.71 82.96 82.24 81.56 80.90 80.27 79.66 79.08 78.51 77.95 77.41 76.87 76.34 75.82 75.29 74.77 74.24 73.70 73.15 72.59 72.02 71.42 70.81 70.18 69.55 68.90 68.25 67.59 66.93 66.27 65.61 64.96 64.31 63.68 63.05 62.43 61.82 61.23 60.68 60.16 59.70 59.31 58.98 58.74 58.58 58.54 58.60 58.79 59.11 59.57 60.19 60.97 61.92 63.05 64.38 65.92 67.58 69.06 70.27 71.24 72.01 72.61 73.07 73.43 73.71
91.58 90.38 89.27 88.24 87.27 86.35 85.47 84.63 83.83 83.07 82.34 81.65 80.98 80.33 79.71 79.11 78.53 77.96 77.40 76.86 76.31 75.78 75.24 74.70 74.16 73.61 73.05 72.47 71.87 71.26 70.64 70.00 69.36 68.71 68.05 67.40 66.74 66.08 65.43 64.79 64.16 63.53 62.92 62.33 61.75 61.18 60.65 60.16 59.71 59.33 59.01 58.78 58.63 58.59 58.65 58.83 59.15 59.60 60.21 60.97 61.91 63.02 64.33 65.84 67.48 68.94 70.16 71.15 71.97 72.63 73.17 73.62 74.01
91.79 90.59 89.47 88.43 87.45 86.52 85.63 84.78 83.97 83.19 82.45 81.74 81.06 80.41 79.78 79.16 78.57 77.99 77.42 76.86 76.31 75.76 75.21 74.66 74.10 73.54 72.96 72.36 71.75 71.12 70.49 69.84 69.19 68.54 67.88 67.23 66.57 65.92 65.28 64.65 64.03 63.42 62.83 62.26 61.70 61.17 60.66 60.19 59.77 59.40 59.10 58.88 58.74 58.70 58.77 58.95 59.26 59.71 60.31 61.06 61.99 63.09 64.37 65.86 67.48 68.93 70.16 71.18 72.04 72.77 73.38 73.93 74.44
92.01 90.80 89.67 88.62 87.63 86.69 85.79 84.93 84.11 83.32 82.57 81.85 81.16 80.50 79.85 79.23 78.62 78.03 77.45 76.88 76.32 75.76 75.19 74.63 74.06 73.48 72.88 72.27 71.64 71.00 70.35 69.70 69.05 68.39 67.73 67.08 66.43 65.79 65.16 64.54 63.93 63.34 62.77 62.22 61.69 61.18 60.71 60.26 59.86 59.52 59.23 59.03 58.90 58.87 58.95 59.14 59.45 59.90 60.49 61.24 62.15 63.24 64.51 65.98 67.58 69.03 70.27 71.32 72.23 73.02 73.73 74.38 75.01
92.23 91.01 89.88 88.82 87.82 86.86 85.95 85.08 84.25 83.46 82.70 81.97 81.27 80.59 79.94 79.31 78.69 78.09 77.50 76.92 76.34 75.77 75.20 74.63 74.04 73.44 72.82 72.18 71.54 70.89 70.24 69.58 68.92 68.26 67.60 66.95 66.31 65.68 65.05 64.45 63.86 63.28 62.73 62.20 61.70 61.23 60.78 60.37 60.00 59.67 59.41 59.23 59.12 59.10 59.19 59.38 59.70 60.15 60.75 61.49 62.40 63.48 64.74 66.19 67.78 69.23 70.48 71.58 72.54 73.40 74.19 74.95 75.70
92.44 91.22 90.08 89.01 88.01 87.05 86.13 85.25 84.41 83.61 82.84 82.10 81.39 80.71 80.04 79.40 78.78 78.17 77.57 76.98 76.39 75.81 75.23 74.63 74.02 73.40 72.76 72.11 71.46 70.80 70.13 69.47 68.80 68.14 67.49 66.84 66.21 65.58 64.97 64.38 63.81 63.25 62.72 62.22 61.74 61.30 60.88 60.50 60.16 59.87 59.64 59.47 59.38 59.39 59.49 59.69 60.02 60.48 61.08 61.82 62.72 63.80 65.05 66.50 68.07 69.53 70.80 71.94 72.95 73.89 74.77 75.64 76.52
92.66 91.43 90.29 89.21 88.20 87.23 86.31 85.42 84.57 83.76 82.99 82.24 81.52 80.83 80.16 79.51 78.88 78.26 77.65 77.05 76.46 75.87 75.26 74.64 74.01 73.36 72.71 72.05 71.38 70.71 70.04 69.37 68.70 68.04 67.39 66.75 66.12 65.51 64.91 64.33 63.78 63.24 62.74 62.26 61.81 61.39 61.01 60.67 60.36 60.10 59.90 59.76 59.70 59.72 59.84 60.06 60.41 60.87 61.48 62.23 63.13 64.20 65.45 66.89 68.46 69.92 71.22 72.40 73.48 74.49 75.47 76.45 77.47
92.88 91.65 90.50 89.42 88.40 87.42 86.49 85.60 84.75 83.93 83.14 82.39 81.67 80.97 80.29 79.63 78.99 78.36 77.75 77.14 76.54 75.92 75.29 74.65 74.00 73.33 72.66 71.99 71.31 70.63 69.95 69.28 68.61 67.95 67.31 66.67 66.05 65.45 64.87 64.30 63.77 63.26 62.77 62.32 61.90 61.52 61.17 60.86 60.59 60.37 60.20 60.09 60.06 60.11 60.25 60.49 60.85 61.33 61.95 62.70 63.61 64.69 65.94 67.37 68.94 70.41 71.74 72.97 74.11 75.20 76.29 77.38 78.53
93.10 91.86 90.71 89.63 88.60 87.62 86.68 85.78 84.92 84.10 83.31 82.55 81.82 81.11 80.43 79.76 79.12 78.48 77.86 77.25 76.62 75.98 75.33 74.66 73.98 73.30 72.62 71.93 71.24 70.55 69.87 69.20 68.53 67.87 67.23 66.60 65.99 65.40 64.83 64.29 63.77 63.28 62.83 62.40 62.01 61.66 61.35 61.08 60.85 60.67 60.54 60.47 60.46 60.54 60.71 60.97 61.35 61.85 62.48 63.25 64.17 65.25 66.51 67.94 69.51 71.00 72.36 73.63 74.84 76.02 77.21 78.43 79.72
93.32 92.08 90.92 89.83 88.81 87.82 86.88 85.97 85.11 84.28 83.49 82.72 81.98 81.27 80.58 79.91 79.26 78.62 77.99 77.35 76.70 76.03 75.35 74.66 73.97 73.27 72.57 71.87 71.17 70.48 69.80 69.12 68.45 67.80 67.16 66.54 65.94 65.37 64.82 64.29 63.79 63.33 62.90 62.50 62.14 61.82 61.55 61.31 61.13 60.99 60.91 60.87 60.91 61.02 61.21 61.51 61.91 62.43 63.08 63.87 64.80 65.89 67.15 68.59 70.16 71.67 73.07 74.40 75.68 76.95 78.24 79.59 81.02
93.54 92.29 91.14 90.05 89.02 88.03 87.08 86.17 85.30 84.47 83.67 82.90 82.16 81.44 80.75 80.08 79.42 78.77 78.12 77.45 76.76 76.07 75.37 74.66 73.95 73.24 72.52 71.81 71.11 70.41 69.72 69.04 68.38 67.73 67.10 66.49 65.90 65.34 64.81 64.30 63.83 63.39 62.98 62.61 62.29 62.00 61.76 61.57 61.43 61.33 61.30 61.31 61.39 61.54 61.77 62.09 62.52 63.07 63.74 64.54 65.50 66.60 67.87 69.32 70.90 72.43 73.87 75.26 76.61 77.98 79.38 80.86 82.44
93.75 92.51 91.35 90.26 89.23 88.24 87.29 86.37 85.50 84.67 83.86 83.09 82.35 81.63 80.93 80.25 79.59 78.91 78.23 77.53 76.82 76.10 75.38 74.65 73.92 73.19 72.47 71.75 71.04 70.33 69.64 68.97 68.31 67.66 67.04 66.44 65.87 65.32 64.81 64.32 63.87 63.45 63.08 62.74 62.45 62.20 62.00 61.84 61.74 61.70 61.71 61.77 61.90 62.10 62.36 62.72 63.19 63.76 64.46 65.29 66.26 67.38 68.67 70.13 71.72 73.28 74.76 76.21 77.65 79.11 80.63 82.24 83.97
93.97 92.73 91.57 90.48 89.44 88.45 87.50 86.58 85.71 84.87 84.07 83.29 82.54 81.82 81.12 80.44 79.74 79.04 78.32 77.60 76.86 76.12 75.37 74.63 73.89 73.14 72.41 71.68 70.96 70.26 69.56 68.89 68.23 67.60 66.98 66.40 65.84 65.31 64.81 64.35 63.92 63.53 63.18 62.88 62.62 62.41 62.24 62.13 62.08 62.08 62.14 62.25 62.44 62.68 63.00 63.40 63.90 64.51 65.23 66.09 67.09 68.23 69.54 71.01 72.62 74.21 75.74 77.25 78.77 80.34 81.97 83.72 85.60
94.19 92.95 91.79 90.70 89.66 88.67 87.72 86.80 85.92 85.08 84.28 83.50 82.75 82.03 81.32 80.61 79.88 79.15 78.40 77.64 76.88 76.12 75.36 74.60 73.84 73.08 72.34 71.60 70.88 70.17 69.48 68.81 68.15 67.53 66.92 66.35 65.81 65.29 64.82 64.37 63.97 63.61 63.29 63.02 62.80 62.62 62.50 62.43 62.42 62.47 62.58 62.75 62.99 63.29 63.67 64.12 64.66 65.30 66.06 66.95 67.97 69.14 70.47 71.97 73.60 75.22 76.80 78.38 79.99 81.66 83.42 85.31 87.34
94.41 93.17 92.01 90.92 89.89 88.89 87.94 87.02 86.15 85.31 84.50 83.72 82.97 82.24 81.51 80.76 80.00 79.23 78.46 77.67 76.89 76.11 75.32 74.55 73.77 73.01 72.25 71.51 70.79 70.08 69.39 68.72 68.07 67.45 66.86 66.30 65.77 65.28 64.82 64.41 64.03 63.70 63.41 63.17 62.99 62.85 62.77 62.75 62.78 62.88 63.04 63.26 63.56 63.92 64.36 64.87 65.46 66.14 66.94 67.86 68.92 70.12 71.48 72.99 74.65 76.31 77.95 79.60 81.30 83.08 84.96 86.99 89.13
94.63 93.39 92.24 91.15 90.11 89.12 88.17 87.25 86.37 85.53 84.73 83.95 83.19 82.44 81.66 80.88 80.09 79.29 78.49 77.68 76.88 76.07 75.27 74.48 73.69 72.92 72.16 71.41 70.68 69.97 69.28 68.62 67.98 67.37 66.79 66.25 65.74 65.26 64.83 64.44 64.09 63.79 63.53 63.33 63.18 63.08 63.04 63.06 63.15 63.29 63.51 63.79 64.14 64.56 65.06 65.64 66.29 67.03 67.87 68.83 69.92 71.16 72.54 74.09 75.77 77.47 79.17 80.90 82.69 84.58 86.60 88.72 90.90
94.85 93.61 92.46 91.38 90.34 89.35 88.40 87.49 86.61 85.77 84.96 84.18 83.40 82.60 81.79 80.98 80.15 79.33 78.50 77.67 76.84 76.02 75.20 74.39 73.59 72.81 72.04 71.29 70.56 69.85 69.17 68.51 67.88 67.28 66.71 66.19 65.69 65.24 64.83 64.46 64.14 63.87 63.65 63.48 63.37 63.32 63.32 63.39 63.52 63.72 63.98 64.32 64.73 65.21 65.78 66.42 67.14 67.95 68.85 69.85 70.98 72.25 73.67 75.25 76.96 78.71 80.47 82.28 84.17 86.17 88.28 90.44 92.63
95.07 93.84 92.69 91.61 90.58 89.59 88.64 87.73 86.85 86.01 85.20 84.39 83.57 82.73 81.89 81.04 80.19 79.33 78.48 77.62 76.78 75.93 75.10 74.28 73.47 72.68 71.91 71.15 70.42 69.72 69.04 68.38 67.76 67.18 66.63 66.11 65.64 65.21 64.82 64.48 64.19 63.95 63.77 63.64 63.57 63.55 63.60 63.72 63.90 64.15 64.47 64.86 65.33 65.88 66.50 67.21 68.00 68.88 69.85 70.92 72.09 73.40 74.86 76.47 78.22 80.01 81.84 83.74 85.73 87.81 89.95 92.13 94.35
95.34 94.07 92.92 91.84 90.81 89.83 88.88 87.97 87.10 86.26 85.42 84.57 83.70 82.83 81.95 81.07 80.19 79.31 78.43 77.55 76.68 75.83 74.98 74.15 73.33 72.53 71.75 71.00 70.27 69.56 68.89 68.24 67.63 67.06 66.53 66.03 65.58 65.17 64.81 64.50 64.24 64.03 63.88 63.79 63.76 63.79 63.88 64.04 64.28 64.58 64.95 65.41 65.94 66.55 67.24 68.01 68.88 69.83 70.87 72.01 73.25 74.60 76.10 77.75 79.54 81.39 83.29 85.27 87.33 89.45 91.61 93.81 96.05
95.70 94.36 93.16 92.07 91.05 90.07 89.13 88.22 87.35 86.48 85.59 84.70 83.80 82.89 81.98 81.07 80.16 79.25 78.35 77.45 76.56 75.69 74.83 73.99 73.16 72.36 71.57 70.82 70.09 69.39 68.72 68.09 67.49 66.93 66.41 65.93 65.50 65.12 64.79 64.50 64.28 64.10 63.99 63.94 63.95 64.02 64.16 64.37 64.65 65.01 65.44 65.95 66.55 67.22 67.98 68.82 69.76 70.79 71.91 73.12 74.44 75.86 77.40 79.09 80.93 82.83 84.80 86.85 88.95 91.09 93.27 95.49 97.75
96.16 94.74 93.47 92.32 91.29 90.32 89.38 88.47 87.57 86.65 85.73 84.79 83.85 82.91 81.97 81.03 80.09 79.16 78.23 77.31 76.41 75.52 74.65 73.79 72.96 72.15 71.37 70.61 69.89 69.19 68.53 67.91 67.32 66.78 66.28 65.82 65.41 65.05 64.75 64.50 64.30 64.16 64.09 64.07 64.13 64.25 64.43 64.70 65.03 65.44 65.93 66.50 67.16 67.90 68.72 69.64 70.65 71.75 72.95 74.24 75.64 77.14 78.75 80.49 82.37 84.33 86.36 88.44 90.56 92.73 94.94 97.18 99.45
