data_processed/recharge/precip/Precip_2009_06.asc
ncols        168
nrows        136
xllcorner    455000
yllcorner    2107000
cellsize     500
NODATA_value     -99999
[rows 96 to 127 of 136, columns 72 to 143 of 168]
225.69 220.42 215.16 210.01 204.97 200.06 195.27 190.60 186.06 181.63 177.32 173.14 169.07 165.12 161.29 157.58 153.99 150.51 147.15 143.91 140.79 137.78 134.88 132.11 129.44 126.89 124.46 122.14 119.93 117.83 115.85 113.98 112.22 110.57 109.04 107.61 106.29 105.09 103.99 103.00 102.12 101.35 100.69 100.13 99.69 99.35 99.11 98.98 98.96 99.04 99.22 99.52 99.91 100.41 101.01 101.71 102.52 103.44 104.53 105.78 107.18 108.73 110.42 112.24 114.18 116.24 118.40 120.67 123.02 125.47 127.99 130.58
226.66 221.38 216.18 211.07 206.05 201.16 196.39 191.74 187.21 182.80 178.51 174.33 170.28 166.34 162.52 158.82 155.24 151.77 148.41 145.18 142.05 139.05 136.15 133.38 130.71 128.16 125.72 123.39 121.18 119.08 117.09 115.21 113.44 111.78 110.23 108.79 107.46 106.24 105.12 104.12 103.22 102.43 101.75 101.17 100.70 100.33 100.07 99.91 99.86 99.91 100.07 100.33 100.69 101.16 101.72 102.39 103.17 104.11 105.23 106.54 108.01 109.62 111.37 113.25 115.24 117.35 119.56 121.87 124.28 126.76 129.32 131.95
227.49 222.29 217.16 212.11 207.14 202.27 197.51 192.88 188.37 183.97 179.69 175.53 171.49 167.57 163.76 160.06 156.49 153.02 149.68 146.44 143.33 140.32 137.43 134.65 131.98 129.43 126.99 124.66 122.44 120.33 118.33 116.44 114.66 112.99 111.43 109.98 108.63 107.40 106.27 105.24 104.32 103.51 102.81 102.21 101.71 101.32 101.04 100.85 100.77 100.80 100.92 101.15 101.48 101.91 102.44 103.09 103.89 104.86 106.02 107.37 108.89 110.56 112.36 114.29 116.34 118.50 120.76 123.11 125.56 128.08 130.68 133.34
228.27 223.15 218.10 213.12 208.21 203.37 198.64 194.03 189.53 185.15 180.89 176.74 172.71 168.80 165.00 161.31 157.74 154.29 150.95 147.72 144.60 141.60 138.71 135.93 133.27 130.71 128.26 125.93 123.70 121.59 119.58 117.68 115.90 114.21 112.64 111.17 109.82 108.56 107.42 106.37 105.44 104.61 103.88 103.26 102.74 102.33 102.01 101.80 101.70 101.69 101.79 101.98 102.28 102.68 103.19 103.85 104.68 105.69 106.88 108.26 109.82 111.54 113.40 115.38 117.48 119.68 121.99 124.39 126.87 129.44 132.07 134.76
229.01 223.96 218.99 214.08 209.25 204.47 199.78 195.18 190.70 186.34 182.09 177.96 173.94 170.04 166.25 162.57 159.01 155.56 152.23 149.00 145.89 142.89 140.00 137.23 134.56 132.00 129.55 127.21 124.98 122.86 120.85 118.94 117.14 115.45 113.86 112.38 111.01 109.74 108.58 107.52 106.57 105.72 104.97 104.32 103.78 103.34 103.00 102.77 102.63 102.60 102.67 102.83 103.10 103.47 104.00 104.69 105.56 106.59 107.81 109.22 110.81 112.57 114.48 116.51 118.66 120.91 123.26 125.70 128.22 130.82 133.48 136.21
229.70 224.74 219.84 215.01 210.25 205.55 200.91 196.35 191.89 187.54 183.31 179.19 175.18 171.29 167.51 163.85 160.29 156.85 153.52 150.30 147.20 144.20 141.31 138.53 135.87 133.31 130.85 128.51 126.28 124.15 122.13 120.21 118.40 116.70 115.10 113.61 112.22 110.94 109.76 108.68 107.71 106.84 106.07 105.41 104.84 104.38 104.01 103.75 103.59 103.53 103.56 103.70 103.94 104.33 104.89 105.62 106.51 107.57 108.81 110.25 111.87 113.66 115.61 117.68 119.87 122.17 124.56 127.04 129.60 132.23 134.93 137.68
230.36 225.47 220.66 215.90 211.21 206.58 202.02 197.52 193.09 188.76 184.54 180.44 176.44 172.56 168.80 165.14 161.59 158.16 154.84 151.62 148.52 145.52 142.64 139.86 137.19 134.63 132.18 129.83 127.59 125.45 123.43 121.50 119.68 117.97 116.36 114.86 113.45 112.16 110.96 109.87 108.87 107.98 107.20 106.51 105.92 105.43 105.04 104.76 104.57 104.47 104.48 104.60 104.86 105.28 105.86 106.62 107.53 108.62 109.88 111.34 112.99 114.81 116.79 118.90 121.13 123.47 125.90 128.41 131.01 133.67 136.40 139.18
230.97 226.16 221.43 216.76 212.14 207.59 203.09 198.66 194.29 189.99 185.79 181.70 177.72 173.85 170.10 166.45 162.91 159.49 156.17 152.96 149.86 146.87 143.98 141.21 138.54 135.98 133.52 131.17 128.92 126.78 124.75 122.81 120.99 119.26 117.64 116.12 114.71 113.40 112.18 111.07 110.06 109.15 108.34 107.63 107.02 106.51 106.10 105.78 105.57 105.45 105.44 105.57 105.85 106.30 106.92 107.69 108.63 109.73 111.02 112.50 114.17 116.02 118.02 120.17 122.43 124.81 127.27 129.82 132.45 135.14 137.90 140.70
231.54 226.82 222.17 217.58 213.04 208.56 204.14 199.78 195.48 191.24 187.07 182.99 179.02 175.17 171.42 167.78 164.26 160.84 157.53 154.32 151.23 148.24 145.36 142.58 139.91 137.35 134.89 132.53 130.28 128.14 126.09 124.15 122.32 120.58 118.95 117.42 115.99 114.66 113.43 112.31 111.28 110.35 109.52 108.79 108.15 107.62 107.18 106.84 106.60 106.46 106.46 106.62 106.94 107.41 108.05 108.84 109.80 110.92 112.21 113.72 115.41 117.28 119.31 121.48 123.78 126.19 128.69 131.27 133.92 136.64 139.42 142.25
232.07 227.44 222.88 218.37 213.91 209.51 205.16 200.87 196.64 192.46 188.35 184.30 180.35 176.51 172.77 169.15 165.63 162.22 158.91 155.71 152.62 149.64 146.76 143.98 141.31 138.74 136.28 133.92 131.67 129.52 127.47 125.52 123.67 121.93 120.29 118.74 117.30 115.96 114.71 113.57 112.52 111.57 110.72 109.97 109.32 108.76 108.30 107.93 107.67 107.54 107.57 107.76 108.10 108.60 109.25 110.06 111.03 112.16 113.47 114.99 116.70 118.59 120.64 122.84 125.16 127.60 130.14 132.75 135.43 138.18 140.98 143.83
232.57 228.03 223.56 219.13 214.75 210.43 206.16 201.94 197.78 193.67 189.62 185.63 181.71 177.88 174.16 170.54 167.03 163.62 160.33 157.13 154.05 151.06 148.19 145.41 142.74 140.17 137.71 135.35 133.09 130.93 128.88 126.92 125.07 123.31 121.66 120.10 118.64 117.29 116.03 114.87 113.80 112.83 111.96 111.19 110.51 109.93 109.44 109.06 108.81 108.71 108.77 108.98 109.34 109.85 110.52 111.35 112.33 113.47 114.79 116.32 118.04 119.95 122.02 124.24 126.59 129.05 131.62 134.26 136.97 139.74 142.57 145.44
233.04 228.59 224.20 219.86 215.57 211.33 207.13 202.99 198.90 194.86 190.88 186.95 183.08 179.28 175.57 171.96 168.46 165.07 161.77 158.59 155.51 152.53 149.65 146.88 144.21 141.64 139.17 136.81 134.54 132.38 130.32 128.36 126.49 124.73 123.06 121.49 120.02 118.65 117.38 116.20 115.12 114.13 113.24 112.45 111.75 111.14 110.64 110.27 110.04 109.97 110.05 110.28 110.65 111.19 111.87 112.71 113.70 114.84 116.16 117.70 119.43 121.35 123.44 125.68 128.05 130.54 133.13 135.80 138.54 141.34 144.18 147.07
233.48 229.12 224.82 220.57 216.36 212.20 208.08 204.02 200.00 196.03 192.12 188.26 184.45 180.71 177.02 173.43 169.93 166.55 163.26 160.08 157.00 154.03 151.15 148.38 145.71 143.14 140.67 138.31 136.04 133.87 131.80 129.83 127.96 126.18 124.51 122.93 121.44 120.06 118.77 117.57 116.47 115.47 114.56 113.74 113.02 112.40 111.91 111.56 111.36 111.31 111.41 111.65 112.04 112.59 113.28 114.12 115.12 116.27 117.59 119.13 120.87 122.80 124.90 127.15 129.54 132.05 134.66 137.36 140.14 142.96 145.83 148.73
233.89 229.62 225.42 221.25 217.13 213.05 209.01 205.03 201.08 197.19 193.35 189.55 185.81 182.13 178.50 174.93 171.44 168.06 164.79 161.61 158.54 155.57 152.70 149.93 147.26 144.69 142.22 139.85 137.57 135.40 133.32 131.35 129.46 127.68 125.99 124.40 122.91 121.50 120.20 118.99 117.87 116.85 115.92 115.08 114.34 113.74 113.27 112.95 112.77 112.73 112.85 113.10 113.51 114.06 114.76 115.60 116.60 117.75 119.07 120.61 122.35 124.29 126.40 128.66 131.06 133.59 136.22 138.95 141.75 144.60 147.49 150.41
234.27 230.10 225.98 221.91 217.88 213.88 209.93 206.02 202.16 198.34 194.57 190.84 187.17 183.54 179.97 176.46 173.00 169.63 166.36 163.19 160.12 157.15 154.28 151.52 148.85 146.28 143.80 141.43 139.15 136.98 134.89 132.91 131.02 129.22 127.53 125.92 124.41 123.00 121.68 120.45 119.32 118.27 117.32 116.48 115.75 115.17 114.72 114.42 114.25 114.23 114.36 114.63 115.04 115.59 116.29 117.14 118.14 119.28 120.60 122.13 123.88 125.82 127.93 130.20 132.62 135.16 137.81 140.55 143.37 146.25 149.17 152.12
234.62 230.55 226.53 222.55 218.61 214.70 210.83 207.00 203.22 199.47 195.77 192.12 188.51 184.96 181.45 177.99 174.58 171.24 167.98 164.81 161.75 158.79 155.92 153.15 150.49 147.91 145.44 143.06 140.78 138.60 136.51 134.52 132.62 130.82 129.11 127.49 125.97 124.54 123.21 121.96 120.81 119.75 118.79 117.95 117.25 116.68 116.26 115.97 115.82 115.81 115.94 116.22 116.63 117.19 117.89 118.74 119.73 120.86 122.17 123.70 125.44 127.38 129.50 131.77 134.20 136.75 139.41 142.17 145.01 147.91 150.85 153.83
234.95 230.98 227.06 223.17 219.32 215.50 211.72 207.97 204.27 200.60 196.98 193.40 189.86 186.37 182.92 179.53 176.18 172.88 169.64 166.49 163.43 160.47 157.61 154.84 152.17 149.60 147.13 144.75 142.46 140.28 138.18 136.18 134.28 132.46 130.74 129.12 127.58 126.14 124.79 123.53 122.36 121.29 120.34 119.52 118.84 118.29 117.88 117.60 117.46 117.46 117.60 117.88 118.29 118.85 119.55 120.39 121.37 122.49 123.79 125.31 127.05 128.98 131.09 133.37 135.80 138.36 141.03 143.80 146.66 149.57 152.54 155.54
235.26 231.39 227.57 223.77 220.01 216.29 212.59 208.93 205.31 201.72 198.17 194.67 191.20 187.78 184.40 181.07 177.78 174.54 171.35 168.22 165.16 162.21 159.35 156.59 153.92 151.35 148.87 146.49 144.20 142.01 139.91 137.90 135.99 134.16 132.43 130.80 129.25 127.79 126.43 125.15 123.97 122.91 121.98 121.18 120.52 119.98 119.58 119.32 119.18 119.19 119.33 119.60 120.02 120.57 121.26 122.09 123.05 124.16 125.45 126.96 128.68 130.61 132.72 135.00 137.42 139.99 142.67 145.45 148.31 151.25 154.23 157.25
235.55 231.78 228.06 224.36 220.70 217.06 213.46 209.88 206.34 202.84 199.37 195.94 192.54 189.19 185.88 182.61 179.38 176.20 173.07 169.98 166.95 164.00 161.15 158.39 155.72 153.15 150.67 148.29 146.00 143.80 141.69 139.68 137.76 135.93 134.19 132.54 130.98 129.51 128.13 126.84 125.67 124.63 123.72 122.93 122.28 121.76 121.36 121.10 120.97 120.98 121.12 121.39 121.80 122.34 123.02 123.84 124.79 125.88 127.15 128.64 130.35 132.27 134.37 136.64 139.07 141.63 144.31 147.10 149.98 152.92 155.92 158.95
235.82 232.16 228.53 224.94 221.37 217.83 214.31 210.83 207.37 203.95 200.56 197.21 193.89 190.61 187.36 184.16 181.00 177.88 174.80 171.77 168.79 165.86 163.01 160.25 157.58 155.01 152.53 150.15 147.85 145.65 143.54 141.52 139.59 137.75 136.00 134.34 132.77 131.28 129.89 128.62 127.47 126.44 125.54 124.77 124.13 123.61 123.22 122.96 122.84 122.84 122.97 123.24 123.64 124.17 124.83 125.63 126.57 127.64 128.88 130.36 132.05 133.95 136.05 138.31 140.73 143.29 145.97 148.76 151.64 154.59 157.60 160.65
236.08 232.52 229.00 225.50 222.03 218.59 215.16 211.77 208.40 205.06 201.75 198.48 195.24 192.03 188.86 185.72 182.62 179.57 176.55 173.58 170.65 167.76 164.93 162.18 159.51 156.94 154.46 152.07 149.77 147.57 145.45 143.42 141.49 139.64 137.88 136.21 134.62 133.13 131.75 130.49 129.36 128.35 127.46 126.69 126.06 125.54 125.16 124.90 124.77 124.76 124.89 125.14 125.53 126.05 126.69 127.47 128.39 129.43 130.65 132.10 133.78 135.66 137.74 139.99 142.40 144.96 147.64 150.43 153.31 156.27 159.28 162.34
236.32 232.87 229.45 226.06 222.69 219.34 216.01 212.71 209.43 206.17 202.95 199.75 196.59 193.46 190.36 187.29 184.26 181.27 178.31 175.40 172.53 169.69 166.91 164.17 161.51 158.94 156.46 154.07 151.76 149.55 147.43 145.40 143.45 141.60 139.83 138.14 136.55 135.07 133.71 132.46 131.34 130.34 129.46 128.70 128.06 127.55 127.16 126.90 126.76 126.75 126.86 127.10 127.47 127.97 128.60 129.36 130.24 131.26 132.45 133.88 135.53 137.40 139.46 141.69 144.09 146.64 149.31 152.09 154.97 157.93 160.95 164.02
236.55 233.20 229.90 226.61 223.34 220.09 216.85 213.64 210.45 207.29 204.15 201.04 197.95 194.89 191.87 188.87 185.91 182.99 180.09 177.24 174.42 171.65 168.91 166.22 163.57 161.00 158.52 156.13 153.83 151.61 149.48 147.44 145.49 143.63 141.85 140.16 138.58 137.11 135.76 134.53 133.41 132.42 131.54 130.78 130.15 129.63 129.24 128.97 128.82 128.79 128.89 129.12 129.47 129.95 130.55 131.28 132.14 133.13 134.29 135.68 137.31 139.15 141.19 143.41 145.79 148.32 150.98 153.76 156.64 159.59 162.61 165.69
236.77 233.53 230.33 227.15 223.98 220.83 217.70 214.58 211.48 208.41 205.36 202.33 199.32 196.34 193.39 190.47 187.58 184.72 181.90 179.10 176.35 173.63 170.94 168.30 165.70 163.15 160.66 158.27 155.96 153.74 151.61 149.57 147.61 145.73 143.95 142.27 140.70 139.25 137.91 136.68 135.57 134.58 133.70 132.95 132.31 131.78 131.38 131.10 130.94 130.90 130.98 131.18 131.51 131.96 132.54 133.24 134.07 135.02 136.14 137.51 139.10 140.92 142.93 145.13 147.49 150.01 152.66 155.42 158.29 161.24 164.26 167.33
236.98 233.85 230.77 227.69 224.63 221.58 218.54 215.52 212.52 209.53 206.57 203.63 200.70 197.81 194.93 192.09 189.27 186.48 183.72 180.99 178.29 175.63 173.00 170.41 167.86 165.35 162.88 160.49 158.18 155.96 153.82 151.77 149.80 147.92 146.14 144.48 142.92 141.48 140.14 138.92 137.82 136.82 135.95 135.18 134.53 134.00 133.59 133.29 133.11 133.06 133.12 133.30 133.60 134.02 134.57 135.23 136.03 136.94 138.03 139.36 140.92 142.70 144.69 146.86 149.20 151.70 154.33 157.08 159.94 162.88 165.89 168.96
237.18 234.17 231.19 228.23 225.27 222.32 219.39 216.47 213.56 210.67 207.79 204.94 202.10 199.28 196.49 193.72 190.97 188.25 185.56 182.90 180.26 177.66 175.09 172.56 170.06 167.59 165.17 162.79 160.48 158.25 156.11 154.05 152.08 150.21 148.44 146.79 145.24 143.80 142.47 141.25 140.14 139.15 138.26 137.49 136.83 136.29 135.86 135.55 135.35 135.27 135.30 135.46 135.73 136.12 136.63 137.26 138.01 138.89 139.93 141.22 142.75 144.50 146.45 148.60 150.91 153.39 156.00 158.73 161.57 164.51 167.51 170.57
237.38 234.48 231.62 228.77 225.92 223.07 220.24 217.42 214.61 211.81 209.03 206.26 203.51 200.78 198.06 195.37 192.70 190.05 187.43 184.83 182.27 179.72 177.21 174.73 172.29 169.87 167.50 165.16 162.86 160.63 158.48 156.42 154.46 152.60 150.84 149.20 147.65 146.22 144.89 143.67 142.55 141.55 140.65 139.87 139.20 138.64 138.19 137.86 137.63 137.53 137.53 137.66 137.90 138.25 138.73 139.32 140.03 140.86 141.86 143.11 144.59 146.30 148.22 150.34 152.62 155.07 157.66 160.37 163.20 166.11 169.10 172.16
237.57 234.80 232.05 229.30 226.57 223.83 221.10 218.38 215.67 212.97 210.28 207.60 204.94 202.29 199.66 197.05 194.45 191.88 189.33 186.80 184.30 181.82 179.37 176.95 174.56 172.19 169.87 167.57 165.31 163.10 160.95 158.89 156.94 155.09 153.34 151.70 150.16 148.72 147.39 146.16 145.04 144.02 143.12 142.32 141.63 141.05 140.58 140.22 139.97 139.84 139.81 139.90 140.10 140.42 140.86 141.40 142.07 142.85 143.80 145.00 146.45 148.12 150.00 152.08 154.33 156.75 159.31 162.00 164.80 167.70 170.68 173.72
237.77 235.11 232.48 229.85 227.22 224.59 221.97 219.35 216.74 214.14 211.54 208.96 206.38 203.82 201.28 198.74 196.23 193.73 191.25 188.80 186.36 183.95 181.56 179.20 176.86 174.55 172.28 170.03 167.82 165.64 163.52 161.47 159.53 157.68 155.94 154.29 152.75 151.31 149.97 148.73 147.60 146.57 145.65 144.83 144.12 143.52 143.02 142.64 142.36 142.19 142.13 142.18 142.35 142.62 143.01 143.52 144.13 144.86 145.76 146.91 148.31 149.94 151.78 153.82 156.04 158.42 160.95 163.62 166.39 169.27 172.23 175.25
237.96 235.42 232.91 230.40 227.88 225.37 222.85 220.34 217.83 215.32 212.82 210.33 207.85 205.38 202.92 200.47 198.03 195.61 193.21 190.82 188.46 186.11 183.79 181.49 179.21 176.96 174.73 172.54 170.37 168.25 166.17 164.15 162.21 160.37 158.62 156.97 155.43 153.98 152.63 151.38 150.23 149.19 148.25 147.41 146.67 146.04 145.52 145.10 144.79 144.59 144.49 144.50 144.62 144.85 145.20 145.65 146.21 146.89 147.74 148.83 150.18 151.76 153.56 155.55 157.73 160.08 162.58 165.21 167.96 170.81 173.75 176.75
238.16 235.74 233.35 230.95 228.55 226.15 223.74 221.34 218.93 216.53 214.13 211.73 209.34 206.96 204.58 202.22 199.87 197.52 195.20 192.89 190.59 188.31 186.05 183.81 181.60 179.40 177.23 175.09 172.98 170.92 168.90 166.92 164.99 163.15 161.40 159.75 158.19 156.73 155.36 154.10 152.94 151.87 150.91 150.04 149.28 148.62 148.07 147.61 147.27 147.02 146.88 146.85 146.93 147.11 147.40 147.80 148.31 148.93 149.72 150.76 152.05 153.58 155.33 157.28 159.42 161.73 164.19 166.79 169.51 172.33 175.24 178.22
238.36 236.07 233.80 231.52 229.23 226.94 224.65 222.35 220.05 217.75 215.45 213.15 210.85 208.56 206.28 204.00 201.73 199.47 197.22 194.98 192.76 190.55 188.36 186.19 184.03 181.90 179.78 177.70 175.65 173.64 171.67 169.74 167.86 166.02 164.26 162.60 161.03 159.56 158.18 156.89 155.71 154.62 153.63 152.74 151.95 151.25 150.66 150.17 149.78 149.50 149.32 149.24 149.26 149.39 149.63 149.97 150.42 150.98 151.71 152.69 153.93 155.40 157.10 159.00 161.10 163.36 165.78 168.34 171.03 173.82 176.70 179.65
