data_processed/recharge/precip/Precip_1999_02.asc
ncols        168
nrows        136
xllcorner    455000
yllcorner    2107000
cellsize     500
NODATA_value     -99999
[rows 76 to 113 of 136, columns 84 to 167 of 168]
0.08 0.08 0.08 0.08 0.09 0.11 0.13 0.16 0.20 0.24 0.29 0.34 0.41 0.48 0.56 0.64 0.73 0.83 0.93 1.04 1.15 1.26 1.38 1.47 1.54 1.59 1.62 1.63 1.63 1.62 1.60 1.58 1.56 1.54 1.53 1.53 1.54 1.57 1.61 1.67 1.76 1.85 1.94 2.03 2.13 2.25 2.40 2.57 2.78 2.99 3.19 3.39 3.57 3.76 3.93 4.10 4.26 4.41 4.55 4.69 4.82 4.94 5.05 5.15 5.25 5.34 5.42 5.46 5.46 5.39 5.26 5.10 4.92 4.73 4.52 4.30 4.05 3.78 3.50 3.20 2.90 2.60 2.31 2.02
0.08 0.08 0.08 0.09 0.10 0.12 0.14 0.17 0.20 0.24 0.29 0.34 0.40 0.47 0.55 0.63 0.72 0.82 0.92 1.02 1.13 1.24 1.33 1.40 1.44 1.47 1.48 1.48 1.46 1.44 1.42 1.40 1.38 1.37 1.37 1.38 1.40 1.45 1.51 1.60 1.72 1.87 2.02 2.19 2.36 2.55 2.76 3.00 3.24 3.47 3.69 3.90 4.10 4.29 4.47 4.64 4.79 4.93 5.07 5.19 5.30 5.39 5.48 5.55 5.62 5.67 5.71 5.73 5.72 5.66 5.53 5.36 5.18 4.99 4.77 4.53 4.26 3.98 3.68 3.37 3.06 2.75 2.44 2.15
0.10 0.09 0.09 0.10 0.11 0.12 0.14 0.17 0.20 0.24 0.28 0.34 0.39 0.46 0.53 0.61 0.70 0.80 0.90 1.00 1.11 1.19 1.25 1.29 1.31 1.32 1.31 1.30 1.28 1.25 1.23 1.21 1.20 1.19 1.20 1.22 1.27 1.33 1.42 1.54 1.69 1.87 2.09 2.33 2.58 2.85 3.13 3.42 3.69 3.95 4.19 4.42 4.63 4.83 5.01 5.18 5.34 5.48 5.60 5.71 5.81 5.88 5.95 6.00 6.03 6.05 6.05 6.04 6.01 5.94 5.81 5.65 5.47 5.26 5.02 4.76 4.47 4.17 3.86 3.54 3.22 2.89 2.58 2.27
0.11 0.11 0.11 0.11 0.12 0.13 0.15 0.18 0.21 0.24 0.28 0.33 0.39 0.45 0.52 0.59 0.68 0.77 0.87 0.97 1.05 1.10 1.14 1.16 1.16 1.15 1.13 1.10 1.08 1.05 1.03 1.01 1.00 1.01 1.03 1.07 1.14 1.23 1.34 1.49 1.68 1.90 2.16 2.47 2.80 3.14 3.48 3.81 4.11 4.40 4.67 4.92 5.15 5.36 5.56 5.74 5.89 6.03 6.16 6.26 6.34 6.41 6.45 6.48 6.49 6.48 6.45 6.40 6.33 6.24 6.11 5.95 5.75 5.52 5.26 4.98 4.68 4.36 4.04 3.70 3.37 3.04 2.71 2.40
0.14 0.13 0.13 0.13 0.14 0.15 0.16 0.19 0.21 0.24 0.28 0.33 0.38 0.43 0.50 0.57 0.65 0.74 0.83 0.91 0.96 0.98 1.00 0.99 0.98 0.95 0.92 0.89 0.86 0.83 0.82 0.81 0.81 0.83 0.87 0.93 1.02 1.13 1.28 1.47 1.69 1.95 2.26 2.61 3.01 3.41 3.80 4.16 4.51 4.83 5.12 5.40 5.66 5.89 6.10 6.29 6.46 6.60 6.73 6.83 6.90 6.96 6.99 7.00 6.99 6.96 6.90 6.82 6.71 6.59 6.43 6.25 6.04 5.79 5.51 5.21 4.89 4.56 4.22 3.87 3.53 3.18 2.85 2.53
0.16 0.15 0.15 0.15 0.15 0.16 0.17 0.19 0.22 0.24 0.28 0.32 0.37 0.42 0.48 0.55 0.62 0.71 0.79 0.85 0.87 0.87 0.86 0.84 0.81 0.77 0.74 0.70 0.67 0.64 0.62 0.62 0.64 0.67 0.73 0.81 0.93 1.07 1.25 1.47 1.73 2.03 2.39 2.79 3.22 3.66 4.09 4.50 4.88 5.24 5.58 5.88 6.17 6.42 6.65 6.86 7.04 7.19 7.32 7.42 7.50 7.55 7.57 7.57 7.54 7.48 7.40 7.29 7.16 7.00 6.81 6.60 6.36 6.09 5.80 5.48 5.14 4.79 4.44 4.08 3.72 3.37 3.03 2.70
0.17 0.16 0.16 0.16 0.16 0.17 0.18 0.19 0.22 0.24 0.27 0.31 0.35 0.40 0.46 0.52 0.59 0.67 0.76 0.81 0.82 0.80 0.77 0.72 0.68 0.63 0.58 0.54 0.51 0.48 0.47 0.48 0.51 0.56 0.63 0.74 0.88 1.05 1.26 1.52 1.82 2.16 2.56 2.98 3.43 3.90 4.37 4.82 5.25 5.65 6.02 6.37 6.68 6.96 7.22 7.44 7.64 7.80 7.94 8.05 8.12 8.17 8.19 8.18 8.13 8.06 7.96 7.83 7.66 7.48 7.26 7.02 6.76 6.46 6.15 5.81 5.46 5.09 4.72 4.35 3.98 3.62 3.27 2.93
0.17 0.17 0.16 0.16 0.16 0.17 0.18 0.19 0.21 0.23 0.26 0.30 0.34 0.38 0.44 0.50 0.57 0.65 0.74 0.79 0.79 0.76 0.71 0.65 0.59 0.53 0.47 0.42 0.39 0.37 0.36 0.38 0.42 0.48 0.58 0.71 0.87 1.07 1.32 1.61 1.95 2.33 2.75 3.20 3.66 4.15 4.64 5.13 5.61 6.05 6.46 6.84 7.19 7.51 7.79 8.04 8.25 8.43 8.58 8.70 8.78 8.83 8.84 8.83 8.77 8.69 8.57 8.42 8.24 8.03 7.79 7.52 7.22 6.90 6.56 6.21 5.84 5.46 5.07 4.68 4.30 3.93 3.56 3.22
0.17 0.16 0.16 0.16 0.16 0.16 0.17 0.19 0.20 0.22 0.25 0.28 0.32 0.37 0.42 0.48 0.55 0.63 0.71 0.77 0.77 0.74 0.68 0.60 0.53 0.46 0.39 0.34 0.31 0.29 0.29 0.31 0.36 0.45 0.56 0.71 0.90 1.13 1.41 1.74 2.11 2.52 2.96 3.42 3.90 4.40 4.91 5.43 5.94 6.43 6.89 7.31 7.70 8.05 8.36 8.63 8.87 9.08 9.24 9.37 9.46 9.51 9.53 9.51 9.45 9.36 9.23 9.06 8.87 8.64 8.37 8.08 7.75 7.40 7.04 6.66 6.27 5.87 5.47 5.07 4.68 4.29 3.92 3.56
0.16 0.15 0.15 0.15 0.15 0.15 0.16 0.17 0.19 0.21 0.24 0.27 0.30 0.35 0.40 0.46 0.53 0.61 0.70 0.75 0.76 0.73 0.67 0.59 0.50 0.42 0.35 0.29 0.25 0.24 0.25 0.28 0.34 0.44 0.58 0.75 0.97 1.23 1.54 1.90 2.30 2.72 3.17 3.65 4.15 4.67 5.20 5.73 6.26 6.79 7.30 7.76 8.19 8.58 8.93 9.23 9.50 9.72 9.91 10.05 10.16 10.22 10.24 10.22 10.16 10.06 9.93 9.75 9.55 9.30 9.01 8.69 8.33 7.96 7.57 7.17 6.76 6.34 5.92 5.51 5.10 4.70 4.32 3.95
0.14 0.14 0.13 0.13 0.13 0.14 0.15 0.16 0.18 0.20 0.22 0.25 0.28 0.33 0.38 0.45 0.52 0.60 0.68 0.74 0.75 0.73 0.67 0.59 0.50 0.41 0.33 0.27 0.24 0.22 0.24 0.28 0.36 0.47 0.63 0.82 1.07 1.36 1.70 2.08 2.49 2.93 3.40 3.89 4.41 4.94 5.49 6.04 6.59 7.14 7.68 8.19 8.67 9.09 9.48 9.82 10.12 10.37 10.58 10.74 10.86 10.94 10.97 10.96 10.90 10.80 10.66 10.49 10.27 10.00 9.70 9.35 8.97 8.57 8.15 7.72 7.29 6.85 6.42 5.99 5.56 5.15 4.76 4.38
0.12 0.11 0.11 0.11 0.11 0.12 0.13 0.14 0.16 0.18 0.20 0.23 0.27 0.32 0.37 0.44 0.51 0.59 0.68 0.73 0.75 0.72 0.68 0.60 0.52 0.43 0.34 0.28 0.24 0.23 0.26 0.31 0.40 0.53 0.71 0.93 1.20 1.52 1.88 2.27 2.69 3.15 3.63 4.14 4.67 5.22 5.78 6.35 6.92 7.48 8.05 8.60 9.12 9.59 10.02 10.40 10.73 11.01 11.25 11.43 11.57 11.66 11.71 11.70 11.66 11.57 11.43 11.25 11.02 10.75 10.42 10.05 9.65 9.22 8.77 8.32 7.86 7.40 6.95 6.50 6.06 5.64 5.23 4.85
0.08 0.08 0.08 0.09 0.09 0.10 0.11 0.12 0.14 0.16 0.18 0.21 0.26 0.31 0.37 0.43 0.51 0.59 0.67 0.73 0.75 0.73 0.69 0.62 0.55 0.46 0.38 0.32 0.28 0.27 0.30 0.37 0.47 0.62 0.82 1.06 1.36 1.69 2.07 2.47 2.90 3.37 3.87 4.39 4.94 5.51 6.08 6.66 7.25 7.83 8.41 8.98 9.54 10.06 10.53 10.95 11.32 11.64 11.90 12.12 12.28 12.39 12.45 12.47 12.43 12.35 12.22 12.04 11.80 11.51 11.17 10.78 10.35 9.90 9.44 8.96 8.47 7.99 7.51 7.05 6.60 6.16 5.74 5.34
0.05 0.05 0.05 0.06 0.06 0.07 0.08 0.10 0.11 0.14 0.16 0.20 0.25 0.30 0.37 0.44 0.51 0.59 0.68 0.73 0.75 0.74 0.70 0.64 0.58 0.51 0.44 0.38 0.34 0.34 0.37 0.45 0.57 0.74 0.95 1.22 1.53 1.88 2.26 2.67 3.12 3.60 4.11 4.64 5.21 5.79 6.38 6.98 7.58 8.18 8.78 9.36 9.94 10.49 11.01 11.48 11.89 12.25 12.55 12.79 12.98 13.12 13.20 13.24 13.22 13.15 13.02 12.84 12.60 12.30 11.94 11.53 11.09 10.62 10.13 9.62 9.11 8.61 8.11 7.62 7.15 6.70 6.27 5.86
0.01 0.01 0.01 0.02 0.03 0.04 0.05 0.07 0.09 0.12 0.15 0.20 0.25 0.30 0.37 0.44 0.52 0.60 0.68 0.74 0.76 0.75 0.72 0.67 0.61 0.55 0.50 0.45 0.42 0.43 0.47 0.56 0.69 0.88 1.11 1.39 1.71 2.07 2.46 2.88 3.34 3.83 4.35 4.90 5.48 6.08 6.68 7.29 7.91 8.53 9.14 9.74 10.33 10.91 11.46 11.98 12.43 12.83 13.17 13.45 13.67 13.84 13.95 14.01 14.01 13.95 13.83 13.65 13.41 13.10 12.73 12.30 11.84 11.35 10.84 10.31 9.78 9.25 8.73 8.21 7.72 7.26 6.81 6.39
0.00 0.00 0.00 0.00 0.00 0.01 0.02 0.04 0.07 0.10 0.14 0.19 0.25 0.31 0.38 0.45 0.53 0.61 0.69 0.75 0.77 0.77 0.74 0.70 0.66 0.61 0.56 0.53 0.52 0.53 0.59 0.68 0.83 1.03 1.28 1.57 1.89 2.26 2.66 3.09 3.56 4.06 4.60 5.16 5.75 6.36 6.98 7.61 8.24 8.87 9.50 10.11 10.72 11.31 11.89 12.44 12.94 13.38 13.76 14.08 14.34 14.55 14.69 14.77 14.79 14.75 14.64 14.46 14.22 13.90 13.52 13.08 12.60 12.09 11.56 11.02 10.47 9.91 9.36 8.83 8.32 7.83 7.37 6.94
0.00 0.00 0.00 0.00 0.00 0.00 0.00 0.02 0.05 0.09 0.14 0.19 0.25 0.32 0.39 0.46 0.54 0.62 0.71 0.76 0.79 0.79 0.77 0.74 0.70 0.66 0.63 0.62 0.62 0.65 0.72 0.83 0.99 1.20 1.46 1.75 2.08 2.45 2.86 3.30 3.78 4.30 4.84 5.42 6.02 6.64 7.28 7.92 8.56 9.21 9.85 10.48 11.10 11.71 12.30 12.87 13.41 13.90 14.33 14.69 14.99 15.24 15.41 15.52 15.56 15.54 15.44 15.27 15.02 14.70 14.30 13.85 13.36 12.84 12.29 11.73 11.16 10.58 10.02 9.46 8.92 8.41 7.93 7.49
0.00 0.00 0.00 0.00 0.00 0.00 0.00 0.00 0.04 0.08 0.14 0.20 0.26 0.33 0.40 0.48 0.56 0.64 0.73 0.78 0.81 0.82 0.80 0.78 0.75 0.73 0.71 0.71 0.73 0.78 0.86 0.99 1.16 1.38 1.63 1.93 2.27 2.65 3.06 3.52 4.00 4.53 5.08 5.67 6.29 6.92 7.57 8.22 8.88 9.54 10.20 10.84 11.48 12.10 12.71 13.29 13.85 14.37 14.85 15.27 15.62 15.90 16.11 16.24 16.31 16.30 16.22 16.05 15.81 15.49 15.08 14.61 14.11 13.57 13.01 12.44 11.85 11.26 10.67 10.09 9.53 9.00 8.50 8.04
0.00 0.00 0.00 0.00 0.00 0.00 0.00 0.00 0.03 0.08 0.14 0.21 0.28 0.35 0.42 0.50 0.58 0.67 0.75 0.81 0.84 0.85 0.84 0.82 0.81 0.79 0.79 0.80 0.84 0.91 1.01 1.16 1.33 1.55 1.81 2.11 2.46 2.84 3.27 3.73 4.22 4.76 5.32 5.92 6.55 7.20 7.86 8.52 9.19 9.87 10.53 11.20 11.85 12.48 13.10 13.70 14.27 14.82 15.34 15.80 16.20 16.52 16.77 16.94 17.03 17.04 16.97 16.81 16.57 16.25 15.84 15.36 14.85 14.30 13.72 13.13 12.53 11.92 11.32 10.72 10.15 9.59 9.07 8.58
0.00 0.00 0.00 0.00 0.00 0.00 0.00 0.00 0.02 0.08 0.15 0.22 0.29 0.37 0.45 0.53 0.61 0.70 0.78 0.84 0.87 0.88 0.88 0.87 0.87 0.86 0.87 0.90 0.96 1.04 1.16 1.31 1.50 1.72 1.99 2.30 2.65 3.04 3.47 3.94 4.44 4.98 5.56 6.16 6.80 7.46 8.14 8.81 9.50 10.18 10.86 11.54 12.20 12.85 13.49 14.10 14.69 15.26 15.79 16.29 16.74 17.10 17.39 17.59 17.71 17.74 17.68 17.54 17.31 16.98 16.57 16.08 15.56 15.00 14.42 13.81 13.20 12.57 11.95 11.34 10.75 10.18 9.63 9.11
0.00 0.00 0.00 0.00 0.00 0.00 0.00 0.00 0.02 0.09 0.16 0.24 0.31 0.39 0.48 0.56 0.64 0.73 0.81 0.87 0.90 0.92 0.93 0.93 0.93 0.94 0.96 1.01 1.08 1.18 1.31 1.47 1.67 1.90 2.17 2.48 2.83 3.23 3.66 4.14 4.65 5.20 5.78 6.40 7.05 7.72 8.41 9.10 9.79 10.49 11.18 11.87 12.55 13.21 13.86 14.49 15.09 15.68 16.23 16.75 17.22 17.63 17.95 18.19 18.34 18.39 18.36 18.23 18.00 17.68 17.26 16.77 16.24 15.67 15.08 14.46 13.84 13.20 12.57 11.94 11.33 10.74 10.16 9.61
0.00 0.00 0.00 0.00 0.00 0.00 0.00 0.00 0.02 0.10 0.18 0.26 0.34 0.42 0.51 0.59 0.68 0.76 0.84 0.91 0.94 0.97 0.98 0.99 1.00 1.02 1.06 1.12 1.20 1.31 1.45 1.62 1.82 2.06 2.34 2.66 3.01 3.41 3.86 4.34 4.86 5.41 6.01 6.63 7.29 7.97 8.67 9.37 10.07 10.78 11.49 12.19 12.88 13.55 14.22 14.86 15.49 16.08 16.65 17.18 17.66 18.10 18.46 18.74 18.91 19.00 18.98 18.86 18.65 18.33 17.91 17.41 16.88 16.30 15.70 15.08 14.44 13.80 13.15 12.51 11.88 11.27 10.67 10.10
0.00 0.00 0.00 0.00 0.00 0.00 0.00 0.00 0.03 0.11 0.19 0.28 0.37 0.46 0.55 0.63 0.72 0.80 0.88 0.95 0.99 1.01 1.03 1.05 1.07 1.10 1.15 1.22 1.32 1.44 1.59 1.77 1.98 2.22 2.51 2.83 3.19 3.59 4.04 4.53 5.05 5.62 6.22 6.85 7.52 8.21 8.92 9.63 10.34 11.06 11.78 12.49 13.19 13.88 14.56 15.22 15.86 16.47 17.05 17.58 18.08 18.52 18.91 19.22 19.43 19.54 19.54 19.44 19.24 18.92 18.50 18.01 17.47 16.89 16.28 15.65 15.01 14.36 13.70 13.05 12.40 11.76 11.14 10.54
0.00 0.00 0.00 0.00 0.00 0.00 0.00 0.00 0.05 0.13 0.22 0.31 0.40 0.49 0.59 0.68 0.76 0.85 0.93 0.99 1.04 1.07 1.09 1.12 1.15 1.19 1.25 1.34 1.44 1.57 1.73 1.91 2.13 2.38 2.67 2.99 3.36 3.77 4.22 4.71 5.24 5.81 6.42 7.06 7.74 8.44 9.15 9.87 10.60 11.33 12.06 12.78 13.49 14.20 14.89 15.56 16.21 16.83 17.41 17.96 18.46 18.91 19.30 19.63 19.87 20.01 20.04 19.96 19.76 19.46 19.04 18.55 18.00 17.42 16.81 16.18 15.53 14.87 14.20 13.53 12.86 12.21 11.57 10.95
0.00 0.00 0.00 0.00 0.00 0.00 0.00 0.00 0.08 0.16 0.25 0.34 0.44 0.54 0.63 0.72 0.81 0.90 0.98 1.04 1.09 1.12 1.15 1.19 1.23 1.28 1.36 1.45 1.56 1.70 1.86 2.06 2.28 2.53 2.83 3.15 3.52 3.93 4.38 4.88 5.42 5.99 6.61 7.26 7.94 8.65 9.37 10.10 10.84 11.58 12.32 13.05 13.78 14.50 15.20 15.88 16.54 17.17 17.76 18.30 18.80 19.25 19.65 19.98 20.24 20.40 20.46 20.40 20.22 19.92 19.51 19.01 18.47 17.89 17.28 16.64 15.99 15.32 14.64 13.95 13.27 12.60 11.95 11.32
0.00 0.00 0.00 0.00 0.00 0.00 0.00 0.03 0.12 0.20 0.29 0.39 0.48 0.58 0.68 0.77 0.86 0.95 1.03 1.09 1.14 1.18 1.22 1.26 1.31 1.38 1.46 1.56 1.68 1.83 2.00 2.20 2.43 2.68 2.98 3.31 3.68 4.09 4.54 5.04 5.58 6.16 6.78 7.44 8.13 8.85 9.58 10.32 11.06 11.81 12.56 13.31 14.05 14.78 15.49 16.18 16.84 17.47 18.06 18.61 19.11 19.56 19.95 20.28 20.53 20.71 20.79 20.76 20.59 20.31 19.90 19.41 18.87 18.29 17.68 17.04 16.38 15.70 15.01 14.32 13.62 12.94 12.27 11.63
0.00 0.00 0.00 0.00 0.00 0.00 0.00 0.08 0.16 0.25 0.34 0.44 0.53 0.63 0.73 0.83 0.92 1.01 1.09 1.15 1.20 1.25 1.29 1.34 1.41 1.48 1.57 1.68 1.81 1.96 2.14 2.34 2.57 2.83 3.13 3.46 3.83 4.24 4.69 5.19 5.73 6.31 6.94 7.60 8.30 9.03 9.77 10.51 11.27 12.03 12.79 13.54 14.29 15.03 15.75 16.44 17.11 17.74 18.33 18.88 19.38 19.82 20.21 20.53 20.78 20.95 21.04 21.02 20.88 20.61 20.21 19.72 19.19 18.61 18.00 17.36 16.69 16.01 15.31 14.61 13.91 13.22 12.54 11.88
0.00 0.00 0.00 0.00 0.00 0.00 0.05 0.13 0.22 0.31 0.40 0.50 0.59 0.69 0.79 0.88 0.98 1.07 1.15 1.21 1.27 1.32 1.37 1.43 1.50 1.59 1.69 1.80 1.94 2.09 2.27 2.48 2.71 2.98 3.28 3.61 3.98 4.38 4.83 5.33 5.87 6.45 7.08 7.75 8.46 9.19 9.93 10.69 11.45 12.22 12.99 13.76 14.52 15.26 15.98 16.68 17.34 17.97 18.56 19.11 19.60 20.04 20.42 20.73 20.97 21.13 21.21 21.20 21.07 20.81 20.42 19.94 19.41 18.84 18.23 17.59 16.92 16.23 15.53 14.82 14.12 13.42 12.73 12.07
0.00 0.00 0.00 0.00 0.00 0.03 0.11 0.20 0.29 0.38 0.47 0.56 0.66 0.76 0.85 0.95 1.04 1.13 1.21 1.28 1.34 1.40 1.46 1.53 1.61 1.70 1.81 1.93 2.07 2.23 2.41 2.62 2.86 3.12 3.42 3.75 4.12 4.53 4.97 5.46 6.00 6.58 7.21 7.88 8.59 9.33 10.08 10.85 11.62 12.40 13.18 13.95 14.71 15.45 16.18 16.87 17.54 18.17 18.75 19.29 19.78 20.21 20.57 20.87 21.10 21.24 21.31 21.28 21.16 20.92 20.54 20.07 19.54 18.97 18.37 17.72 17.06 16.37 15.67 14.96 14.25 13.55 12.86 12.18
0.00 0.00 0.00 0.00 0.03 0.11 0.19 0.28 0.36 0.46 0.55 0.64 0.74 0.83 0.93 1.02 1.11 1.20 1.28 1.35 1.42 1.48 1.56 1.64 1.72 1.82 1.93 2.06 2.20 2.37 2.56 2.77 3.00 3.27 3.57 3.90 4.26 4.66 5.11 5.59 6.12 6.69 7.32 7.99 8.71 9.45 10.21 10.98 11.77 12.55 13.33 14.11 14.87 15.61 16.34 17.03 17.69 18.31 18.89 19.42 19.90 20.32 20.67 20.95 21.16 21.29 21.34 21.29 21.15 20.91 20.54 20.08 19.57 19.00 18.40 17.76 17.10 16.41 15.71 15.00 14.29 13.59 12.90 12.22
0.00 0.00 0.00 0.03 0.11 0.19 0.28 0.36 0.45 0.55 0.64 0.73 0.83 0.92 1.01 1.10 1.19 1.27 1.35 1.43 1.51 1.58 1.66 1.75 1.84 1.95 2.07 2.20 2.34 2.51 2.70 2.91 3.15 3.41 3.71 4.04 4.40 4.80 5.23 5.71 6.24 6.80 7.42 8.09 8.80 9.55 10.32 11.10 11.89 12.67 13.46 14.23 14.99 15.74 16.46 17.14 17.80 18.41 18.98 19.50 19.97 20.37 20.71 20.98 21.17 21.28 21.30 21.24 21.07 20.81 20.43 19.98 19.48 18.92 18.32 17.69 17.03 16.35 15.66 14.95 14.24 13.54 12.85 12.18
0.00 0.00 0.03 0.11 0.19 0.28 0.36 0.45 0.54 0.63 0.73 0.82 0.91 1.00 1.09 1.18 1.26 1.34 1.42 1.51 1.59 1.68 1.77 1.86 1.96 2.07 2.19 2.33 2.48 2.65 2.84 3.05 3.29 3.55 3.84 4.17 4.53 4.92 5.35 5.83 6.34 6.90 7.51 8.17 8.88 9.63 10.40 11.19 11.98 12.77 13.55 14.32 15.08 15.82 16.53 17.22 17.86 18.47 19.02 19.53 19.98 20.37 20.69 20.94 21.11 21.20 21.20 21.11 20.92 20.63 20.25 19.80 19.30 18.76 18.17 17.55 16.89 16.22 15.53 14.83 14.12 13.43 12.74 12.06
0.00 0.02 0.10 0.18 0.26 0.35 0.44 0.53 0.62 0.71 0.80 0.90 0.99 1.07 1.16 1.24 1.32 1.40 1.48 1.57 1.66 1.76 1.85 1.95 2.06 2.18 2.30 2.44 2.60 2.77 2.96 3.17 3.41 3.67 3.96 4.28 4.64 5.03 5.46 5.92 6.43 6.98 7.58 8.24 8.94 9.69 10.47 11.25 12.04 12.83 13.61 14.38 15.14 15.87 16.58 17.25 17.88 18.48 19.02 19.51 19.95 20.32 20.62 20.85 21.00 21.07 21.04 20.92 20.71 20.40 20.02 19.57 19.08 18.54 17.97 17.35 16.71 16.04 15.35 14.66 13.96 13.27 12.58 11.91
0.00 0.07 0.15 0.24 0.32 0.41 0.50 0.59 0.69 0.78 0.87 0.96 1.05 1.13 1.22 1.30 1.37 1.45 1.54 1.62 1.72 1.82 1.92 2.03 2.15 2.27 2.40 2.54 2.70 2.87 3.06 3.28 3.51 3.77 4.06 4.38 4.73 5.12 5.54 6.00 6.50 7.05 7.65 8.30 9.00 9.74 10.51 11.29 12.08 12.87 13.65 14.41 15.16 15.89 16.58 17.25 17.87 18.45 18.98 19.45 19.87 20.22 20.50 20.71 20.84 20.88 20.83 20.68 20.45 20.14 19.75 19.31 18.82 18.29 17.72 17.11 16.48 15.82 15.14 14.45 13.76 13.06 12.38 11.71
0.04 0.12 0.20 0.29 0.38 0.47 0.56 0.65 0.74 0.83 0.92 1.01 1.10 1.18 1.26 1.34 1.42 1.50 1.58 1.67 1.77 1.87 1.98 2.10 2.22 2.34 2.48 2.62 2.78 2.96 3.15 3.37 3.60 3.86 4.15 4.47 4.82 5.20 5.61 6.07 6.57 7.11 7.70 8.35 9.05 9.78 10.54 11.31 12.10 12.88 13.66 14.41 15.16 15.87 16.56 17.21 17.82 18.38 18.89 19.35 19.75 20.08 20.34 20.52 20.62 20.64 20.56 20.40 20.16 19.85 19.46 19.01 18.52 18.00 17.43 16.84 16.21 15.56 14.89 14.20 13.52 12.83 12.15 11.48
0.07 0.15 0.24 0.33 0.42 0.51 0.60 0.70 0.79 0.88 0.97 1.06 1.14 1.22 1.30 1.38 1.46 1.54 1.62 1.71 1.81 1.91 2.03 2.15 2.27 2.40 2.54 2.69 2.86 3.04 3.23 3.45 3.68 3.94 4.23 4.54 4.89 5.26 5.67 6.12 6.62 7.16 7.75 8.39 9.08 9.81 10.55 11.32 12.09 12.87 13.64 14.39 15.12 15.82 16.50 17.13 17.73 18.28 18.77 19.21 19.59 19.89 20.13 20.29 20.36 20.35 20.26 20.09 19.85 19.53 19.14 18.69 18.20 17.67 17.11 16.52 15.91 15.26 14.60 13.92 13.24 12.56 11.88 11.22
0.09 0.18 0.27 0.36 0.46 0.55 0.64 0.74 0.83 0.92 1.01 1.09 1.17 1.25 1.33 1.41 1.49 1.57 1.66 1.75 1.84 1.95 2.06 2.19 2.32 2.45 2.60 2.75 2.92 3.10 3.30 3.51 3.75 4.01 4.29 4.60 4.94 5.31 5.72 6.17 6.67 7.21 7.80 8.43 9.11 9.82 10.56 11.31 12.08 12.84 13.60 14.34 15.06 15.75 16.41 17.03 17.61 18.14 18.61 19.03 19.38 19.67 19.88 20.01 20.05 20.02 19.92 19.75 19.50 19.18 18.79 18.34 17.85 17.33 16.77 16.18 15.57 14.94 14.28 13.61 12.94 12.26 11.59 10.93
0.11 0.20 0.30 0.39 0.49 0.58 0.68 0.77 0.86 0.95 1.04 1.12 1.20 1.28 1.36 1.44 1.52 1.60 1.68 1.78 1.87 1.98 2.10 2.22 2.35 2.49 2.64 2.80 2.97 3.15 3.35 3.57 3.80 4.06 4.34 4.65 4.99 5.36 5.77 6.22 6.71 7.25 7.83 8.46 9.13 9.83 10.55 11.29 12.04 12.79 13.54 14.27 14.97 15.65 16.29 16.90 17.46 17.96 18.42 18.81 19.14 19.40 19.58 19.68 19.71 19.67 19.56 19.38 19.13 18.81 18.41 17.96 17.48 16.95 16.40 15.82 15.21 14.58 13.94 13.28 12.61 11.94 11.27 10.62
