data_processed/recharge/precip/Precip_2006_07.asc
ncols        168
nrows        136
xllcorner    455000
yllcorner    2107000
cellsize     500
NODATA_value     -99999
[rows 32 to 63 of 136, columns 72 to 143 of 168]
193.82 190.63 187.56 184.62 181.79 179.07 176.46 173.95 171.53 169.20 166.95 164.79 162.69 160.67 158.71 156.80 154.95 153.14 151.38 149.65 147.96 146.28 144.63 143.00 141.37 139.76 138.23 136.80 135.53 134.41 133.46 132.68 132.09 131.70 131.50 131.51 131.74 132.20 132.89 133.82 135.01 136.45 138.16 140.14 142.41 144.97 147.83 150.99 154.48 158.29 162.43 166.77 170.66 173.94 176.68 178.89 180.62 181.91 182.79 183.30 183.47 183.35 182.96 182.36 181.57 180.63 179.57 178.45 177.28 176.12 174.99 173.93
190.86 187.76 184.71 181.79 179.00 176.34 173.80 171.37 169.06 166.84 164.73 162.71 160.78 158.94 157.17 155.47 153.85 152.28 150.77 149.31 147.90 146.53 145.20 143.89 142.62 141.46 140.35 138.99 137.66 136.48 135.47 134.62 133.95 133.46 133.17 133.07 133.19 133.53 134.09 134.89 135.92 137.21 138.76 140.58 142.67 145.05 147.72 150.69 153.97 157.56 161.52 165.86 170.12 173.89 177.06 179.67 181.77 183.38 184.55 185.30 185.69 185.74 185.49 184.98 184.25 183.33 182.26 181.07 179.81 178.52 177.22 175.95
187.75 184.71 181.69 178.78 176.01 173.38 170.89 168.53 166.29 164.18 162.17 160.28 158.49 156.80 155.21 153.70 152.27 150.92 149.65 148.44 147.29 146.20 145.16 144.17 143.31 142.77 142.35 141.41 140.11 138.85 137.74 136.79 136.02 135.41 135.00 134.78 134.76 134.95 135.36 135.99 136.86 137.97 139.34 140.96 142.86 145.03 147.48 150.23 153.28 156.67 160.54 164.85 169.21 173.35 176.99 180.03 182.51 184.48 185.96 186.99 187.61 187.86 187.77 187.38 186.74 185.86 184.80 183.59 182.26 180.85 179.41 177.96
184.52 181.53 178.56 175.68 172.91 170.29 167.82 165.50 163.32 161.27 159.36 157.56 155.89 154.33 152.88 151.54 150.29 149.13 148.06 147.08 146.17 145.33 144.56 143.95 143.67 143.79 144.01 143.69 142.76 141.49 140.27 139.20 138.29 137.54 136.98 136.60 136.42 136.44 136.67 137.12 137.79 138.70 139.86 141.27 142.93 144.87 147.08 149.58 152.41 155.72 159.55 163.83 168.16 172.39 176.40 179.89 182.80 185.14 186.96 188.29 189.18 189.65 189.75 189.51 188.98 188.17 187.15 185.93 184.56 183.08 181.52 179.92
181.18 178.23 175.32 172.48 169.73 167.11 164.64 162.33 160.18 158.18 156.32 154.61 153.03 151.57 150.25 149.04 147.94 146.95 146.07 145.28 144.58 143.98 143.54 143.47 143.80 144.52 145.34 145.60 145.23 144.28 143.01 141.79 140.72 139.81 139.07 138.51 138.14 137.96 137.99 138.22 138.68 139.36 140.28 141.45 142.86 144.54 146.49 148.75 151.49 154.76 158.56 162.79 167.09 171.30 175.39 179.25 182.59 185.34 187.53 189.19 190.37 191.09 191.41 191.35 190.95 190.25 189.28 188.09 186.71 185.17 183.52 181.79
177.75 174.85 171.98 169.19 166.48 163.87 161.38 159.07 156.92 154.94 153.12 151.46 149.94 148.57 147.34 146.24 145.28 144.43 143.70 143.09 142.59 142.28 142.34 142.83 143.72 144.99 146.36 147.16 147.30 146.84 145.83 144.52 143.27 142.17 141.24 140.47 139.88 139.48 139.28 139.27 139.48 139.91 140.57 141.47 142.61 144.00 145.70 147.87 150.57 153.80 157.56 161.75 166.00 170.18 174.25 178.19 181.89 185.06 187.65 189.66 191.16 192.16 192.72 192.86 192.63 192.06 191.18 190.04 188.67 187.11 185.39 183.54
174.26 171.39 168.56 165.81 163.15 160.57 158.10 155.75 153.59 151.60 149.80 148.16 146.69 145.37 144.22 143.21 142.34 141.62 141.02 140.56 140.31 140.45 141.03 142.03 143.44 145.22 147.08 148.36 148.98 148.97 148.39 147.29 145.91 144.60 143.44 142.44 141.61 140.96 140.50 140.23 140.17 140.32 140.69 141.29 142.13 143.26 144.86 146.99 149.66 152.85 156.56 160.69 164.90 169.03 173.07 176.99 180.77 184.30 187.29 189.70 191.53 192.85 193.67 194.04 194.00 193.58 192.82 191.76 190.43 188.87 187.10 185.08
170.72 167.89 165.09 162.37 159.75 157.21 154.77 152.43 150.23 148.22 146.39 144.76 143.30 142.02 140.91 139.97 139.18 138.55 138.07 137.82 137.98 138.59 139.64 141.11 142.97 145.21 147.52 149.24 150.27 150.67 150.48 149.75 148.53 147.05 145.64 144.38 143.28 142.36 141.62 141.06 140.70 140.55 140.61 140.89 141.45 142.47 144.03 146.13 148.76 151.90 155.55 159.63 163.77 167.86 171.86 175.75 179.51 183.12 186.46 189.26 191.47 193.12 194.24 194.87 195.05 194.81 194.19 193.23 191.97 190.42 188.54 186.33
167.17 164.35 161.58 158.90 156.30 153.80 151.40 149.09 146.88 144.82 142.96 141.31 139.84 138.57 137.49 136.58 135.85 135.29 134.98 135.09 135.68 136.71 138.18 140.07 142.34 144.99 147.70 149.80 151.21 151.96 152.11 151.70 150.78 149.41 147.80 146.25 144.87 143.64 142.59 141.72 141.04 140.56 140.28 140.26 140.71 141.70 143.23 145.29 147.87 150.96 154.55 158.55 162.64 166.67 170.62 174.47 178.21 181.79 185.22 188.35 190.96 192.97 194.41 195.32 195.74 195.71 195.26 194.44 193.25 191.65 189.63 187.27
163.61 160.81 158.06 155.40 152.83 150.36 147.98 145.71 143.53 141.46 139.55 137.84 136.35 135.06 133.97 133.08 132.38 131.95 131.96 132.46 133.42 134.84 136.68 138.93 141.57 144.57 147.63 150.07 151.80 152.86 153.30 153.17 152.51 151.37 149.81 148.03 146.32 144.78 143.39 142.18 141.15 140.31 139.72 139.59 140.00 140.96 142.45 144.46 146.99 150.02 153.54 157.47 161.49 165.46 169.36 173.16 176.86 180.42 183.82 187.04 189.97 192.36 194.15 195.37 196.07 196.27 196.02 195.34 194.16 192.47 190.36 187.89
160.07 157.29 154.55 151.91 149.36 146.91 144.56 142.31 140.16 138.12 136.19 134.42 132.87 131.54 130.42 129.52 128.91 128.76 129.11 129.94 131.23 132.97 135.14 137.71 140.66 143.97 147.34 150.07 152.07 153.39 154.07 154.16 153.72 152.77 151.38 149.60 147.62 145.72 143.97 142.40 140.99 139.83 139.12 138.95 139.34 140.26 141.70 143.66 146.12 149.08 152.53 156.38 160.32 164.22 168.06 171.82 175.47 178.99 182.37 185.57 188.58 191.29 193.45 195.01 196.01 196.47 196.43 195.81 194.60 192.88 190.71 188.18
156.57 153.80 151.07 148.44 145.91 143.48 141.14 138.91 136.79 134.77 132.86 131.07 129.45 128.05 126.89 126.03 125.66 125.79 126.43 127.55 129.13 131.15 133.58 136.42 139.64 143.21 146.83 149.80 152.03 153.55 154.43 154.70 154.42 153.62 152.36 150.68 148.65 146.43 144.30 142.33 140.59 139.30 138.56 138.36 138.71 139.58 140.97 142.87 145.27 148.16 151.52 155.28 159.14 162.97 166.74 170.44 174.04 177.52 180.87 184.04 187.04 189.82 192.29 194.22 195.54 196.27 196.35 195.76 194.57 192.85 190.68 188.14
153.13 150.37 147.65 145.02 142.50 140.07 137.75 135.54 133.43 131.43 129.54 127.77 126.12 124.64 123.49 122.82 122.69 123.08 123.96 125.31 127.12 129.37 132.03 135.09 138.52 142.31 146.13 149.29 151.69 153.38 154.40 154.80 154.63 153.93 152.75 151.14 149.15 146.82 144.34 142.02 140.14 138.82 138.05 137.82 138.12 138.94 140.28 142.11 144.43 147.24 150.51 154.18 157.95 161.70 165.40 169.03 172.58 176.01 179.31 182.46 185.43 188.20 190.74 192.96 194.62 195.54 195.70 195.18 194.05 192.38 190.26 187.75
149.78 147.01 144.29 141.67 139.15 136.73 134.42 132.21 130.11 128.13 126.26 124.50 122.87 121.44 120.44 119.97 120.04 120.63 121.70 123.24 125.23 127.66 130.50 133.72 137.32 141.27 145.25 148.55 151.08 152.88 153.99 154.47 154.36 153.72 152.57 150.98 148.99 146.65 144.07 141.66 139.76 138.41 137.60 137.32 137.57 138.34 139.60 141.36 143.61 146.32 149.50 153.07 156.75 160.40 164.03 167.59 171.07 174.45 177.70 180.81 183.75 186.50 189.03 191.31 193.12 194.17 194.46 194.06 193.03 191.47 189.44 187.02
146.54 143.76 141.03 138.40 135.88 133.46 131.15 128.95 126.86 124.88 123.02 121.28 119.74 118.56 117.80 117.50 117.73 118.45 119.67 121.35 123.48 126.03 129.00 132.35 136.06 140.13 144.21 147.61 150.21 152.07 153.23 153.74 153.65 153.00 151.84 150.22 148.18 145.85 143.51 141.32 139.44 138.05 137.20 136.88 137.07 137.76 138.96 140.64 142.79 145.42 148.50 151.96 155.53 159.09 162.63 166.11 169.53 172.84 176.04 179.11 182.01 184.73 187.22 189.35 191.02 192.17 192.62 192.38 191.51 190.10 188.21 185.92
143.42 140.62 137.88 135.25 132.71 130.29 127.98 125.77 123.68 121.71 119.85 118.20 116.90 116.01 115.52 115.42 115.75 116.58 117.89 119.66 121.87 124.51 127.55 130.97 134.76 138.89 143.03 146.47 149.10 150.97 152.13 152.62 152.50 151.80 150.57 148.87 146.82 144.70 142.70 140.83 139.14 137.76 136.86 136.48 136.60 137.23 138.34 139.94 142.00 144.52 147.49 150.84 154.30 157.77 161.21 164.61 167.95 171.19 174.33 177.34 180.20 182.86 185.18 187.07 188.53 189.59 190.18 190.15 189.48 188.26 186.56 184.46
140.45 137.63 134.87 132.22 129.68 127.24 124.92 122.71 120.61 118.64 116.86 115.44 114.42 113.79 113.54 113.65 114.13 115.02 116.37 118.18 120.44 123.10 126.17 129.62 133.42 137.57 141.72 145.15 147.76 149.60 150.70 151.13 150.92 150.13 148.79 147.04 145.18 143.39 141.69 140.12 138.71 137.48 136.57 136.12 136.18 136.73 137.76 139.26 141.22 143.63 146.49 149.72 153.07 156.42 159.77 163.08 166.33 169.50 172.58 175.53 178.31 180.78 182.83 184.49 185.75 186.65 187.20 187.35 186.93 185.96 184.50 182.63
137.65 134.81 132.02 129.35 126.78 124.33 121.99 119.77 117.67 115.76 114.20 113.04 112.27 111.88 111.84 112.15 112.80 113.78 115.14 116.94 119.18 121.83 124.88 128.30 132.08 136.19 140.30 143.68 146.22 147.97 148.97 149.28 148.94 148.00 146.59 145.01 143.46 141.96 140.55 139.24 138.08 137.09 136.30 135.82 135.80 136.26 137.20 138.60 140.46 142.76 145.49 148.59 151.82 155.06 158.30 161.51 164.68 167.77 170.77 173.63 176.20 178.38 180.18 181.61 182.69 183.45 183.90 184.05 183.86 183.17 182.00 180.40
135.03 132.16 129.35 126.65 124.06 121.58 119.22 116.98 114.94 113.24 111.94 111.02 110.46 110.27 110.41 110.89 111.69 112.79 114.19 115.95 118.13 120.72 123.69 127.04 130.74 134.77 138.79 142.06 144.48 146.10 146.95 147.10 146.58 145.53 144.27 142.98 141.71 140.48 139.32 138.25 137.31 136.53 135.92 135.54 135.46 135.84 136.67 137.97 139.71 141.89 144.50 147.47 150.56 153.69 156.81 159.92 162.99 165.99 168.89 171.52 173.77 175.67 177.22 178.45 179.37 180.00 180.35 180.46 180.32 179.90 179.06 177.79
132.63 129.73 126.88 124.15 121.53 119.02 116.64 114.45 112.60 111.14 110.06 109.34 108.98 108.95 109.25 109.87 110.78 111.99 113.47 115.22 117.30 119.77 122.63 125.85 129.42 133.32 137.20 140.32 142.57 144.00 144.66 144.59 143.93 143.02 142.03 141.02 140.00 139.00 138.06 137.20 136.45 135.85 135.40 135.16 135.14 135.45 136.18 137.36 138.98 141.04 143.51 146.34 149.30 152.30 155.30 158.30 161.26 164.15 166.79 169.08 171.04 172.66 173.99 175.02 175.79 176.30 176.58 176.65 176.52 176.21 175.67 174.78
130.47 127.52 124.63 121.86 119.20 116.67 114.32 112.32 110.70 109.45 108.56 108.02 107.81 107.93 108.35 109.07 110.08 111.35 112.88 114.66 116.68 119.01 121.70 124.75 128.14 131.86 135.55 138.47 140.51 141.71 142.12 141.88 141.33 140.68 139.94 139.16 138.37 137.58 136.83 136.15 135.56 135.10 134.79 134.66 134.75 135.07 135.72 136.78 138.28 140.19 142.52 145.21 148.03 150.89 153.77 156.65 159.48 162.09 164.38 166.34 168.00 169.37 170.48 171.34 171.96 172.38 172.60 172.64 172.53 172.28 171.90 171.36
128.56 125.56 122.62 119.81 117.11 114.61 112.44 110.65 109.23 108.16 107.43 107.04 106.96 107.18 107.70 108.50 109.56 110.88 112.43 114.22 116.22 118.43 120.92 123.75 126.92 130.41 133.86 136.53 138.30 139.22 139.43 139.28 138.98 138.56 138.05 137.48 136.88 136.27 135.68 135.14 134.69 134.35 134.14 134.10 134.25 134.63 135.26 136.22 137.59 139.36 141.55 144.08 146.75 149.47 152.22 154.95 157.49 159.72 161.64 163.29 164.67 165.80 166.71 167.41 167.91 168.24 168.41 168.45 168.37 168.19 167.92 167.59
126.92 123.87 120.88 118.02 115.34 113.00 111.04 109.43 108.18 107.26 106.67 106.39 106.41 106.71 107.29 108.14 109.23 110.55 112.10 113.87 115.83 117.97 120.30 122.88 125.77 128.98 132.15 134.52 135.98 136.66 136.94 137.03 136.95 136.74 136.42 136.02 135.58 135.12 134.66 134.25 133.89 133.64 133.50 133.52 133.72 134.12 134.77 135.68 136.92 138.55 140.58 142.95 145.47 148.04 150.62 153.04 155.17 157.02 158.60 159.95 161.06 161.97 162.69 163.24 163.64 163.90 164.04 164.09 164.05 163.95 163.81 163.64
125.58 122.47 119.43 116.58 114.05 111.90 110.11 108.66 107.54 106.75 106.26 106.06 106.15 106.51 107.12 107.98 109.07 110.38 111.89 113.60 115.49 117.55 119.76 122.13 124.71 127.59 130.43 132.45 133.64 134.38 134.88 135.17 135.28 135.25 135.09 134.85 134.53 134.19 133.84 133.51 133.23 133.03 132.94 132.98 133.19 133.60 134.22 135.10 136.26 137.74 139.61 141.82 144.18 146.57 148.82 150.80 152.53 154.01 155.27 156.33 157.20 157.90 158.44 158.86 159.16 159.37 159.49 159.56 159.59 159.59 159.59 159.59
124.56 121.38 118.35 115.64 113.29 111.30 109.65 108.32 107.31 106.61 106.19 106.05 106.18 106.56 107.17 108.02 109.08 110.33 111.78 113.41 115.20 117.14 119.22 121.42 123.75 126.26 128.72 130.45 131.67 132.61 133.30 133.77 134.04 134.16 134.13 134.00 133.79 133.54 133.26 132.98 132.75 132.58 132.50 132.54 132.73 133.11 133.68 134.50 135.58 136.95 138.66 140.69 142.85 144.89 146.69 148.24 149.58 150.71 151.66 152.44 153.08 153.58 153.97 154.27 154.49 154.66 154.78 154.89 154.99 155.10 155.25 155.45
123.91 120.69 117.79 115.24 113.04 111.18 109.64 108.41 107.48 106.84 106.46 106.35 106.48 106.85 107.44 108.24 109.24 110.42 111.77 113.29 114.94 116.74 118.65 120.67 122.79 125.00 127.14 128.88 130.29 131.40 132.26 132.87 133.28 133.51 133.59 133.55 133.41 133.21 132.97 132.73 132.51 132.33 132.24 132.25 132.40 132.71 133.21 133.93 134.90 136.15 137.71 139.54 141.32 142.89 144.23 145.37 146.34 147.13 147.78 148.31 148.72 149.04 149.29 149.49 149.64 149.78 149.92 150.08 150.27 150.51 150.83 151.24
123.74 120.17 117.39 114.99 112.93 111.18 109.74 108.59 107.73 107.13 106.78 106.68 106.81 107.15 107.70 108.44 109.37 110.45 111.70 113.08 114.59 116.22 117.96 119.78 121.68 123.68 125.78 127.69 129.28 130.56 131.56 132.31 132.84 133.18 133.35 133.38 133.30 133.15 132.94 132.72 132.49 132.31 132.18 132.15 132.24 132.47 132.89 133.51 134.36 135.48 136.86 138.32 139.60 140.69 141.60 142.34 142.94 143.42 143.79 144.07 144.28 144.44 144.56 144.67 144.77 144.90 145.07 145.29 145.59 145.98 146.48 147.11
123.96 119.50 116.42 114.15 112.24 110.62 109.30 108.25 107.46 106.92 106.62 106.55 106.69 107.03 107.55 108.25 109.11 110.13 111.28 112.55 113.93 115.42 116.99 118.63 120.36 122.26 124.33 126.32 128.09 129.56 130.74 131.65 132.32 132.79 133.07 133.20 133.21 133.13 132.98 132.79 132.59 132.41 132.28 132.23 132.28 132.47 132.82 133.36 134.11 135.09 136.16 137.15 137.95 138.57 139.06 139.42 139.68 139.85 139.96 140.01 140.04 140.04 140.06 140.09 140.17 140.30 140.51 140.82 141.24 141.79 142.49 143.36
124.55 119.18 115.25 112.71 110.93 109.46 108.28 107.34 106.66 106.21 105.97 105.95 106.12 106.47 107.00 107.68 108.50 109.46 110.54 111.72 113.00 114.36 115.79 117.29 118.93 120.78 122.79 124.77 126.63 128.31 129.68 130.78 131.63 132.25 132.68 132.94 133.06 133.08 133.01 132.89 132.75 132.61 132.50 132.46 132.50 132.67 132.98 133.47 134.13 134.85 135.52 136.09 136.42 136.57 136.64 136.64 136.57 136.46 136.32 136.16 136.01 135.89 135.81 135.79 135.85 136.01 136.28 136.69 137.25 137.97 138.89 140.02
125.47 119.27 114.49 111.16 109.12 107.80 106.77 105.98 105.42 105.07 104.93 104.97 105.20 105.59 106.13 106.81 107.62 108.55 109.57 110.69 111.88 113.14 114.46 115.87 117.45 119.24 121.20 123.13 124.99 126.77 128.36 129.68 130.73 131.54 132.14 132.56 132.82 132.96 133.01 132.99 132.93 132.85 132.80 132.80 132.86 133.04 133.34 133.78 134.24 134.63 134.93 135.12 135.03 134.72 134.34 133.97 133.60 133.22 132.84 132.49 132.19 131.96 131.80 131.74 131.80 132.00 132.35 132.88 133.59 134.52 135.67 137.07
126.70 119.76 114.21 110.07 107.29 105.74 104.86 104.23 103.81 103.59 103.56 103.70 104.00 104.45 105.04 105.74 106.56 107.47 108.47 109.54 110.67 111.85 113.08 114.43 115.94 117.65 119.55 121.43 123.27 125.05 126.76 128.31 129.59 130.61 131.42 132.02 132.46 132.76 132.94 133.05 133.10 133.12 133.15 133.21 133.34 133.55 133.85 134.14 134.32 134.40 134.39 134.24 133.78 133.06 132.23 131.43 130.74 130.10 129.51 128.99 128.55 128.22 128.00 127.93 128.01 128.26 128.71 129.37 130.26 131.40 132.80 134.47
128.19 120.61 114.38 109.52 105.99 103.76 102.67 102.19 101.94 101.87 101.97 102.23 102.62 103.15 103.80 104.55 105.39 106.32 107.31 108.36 109.44 110.54 111.70 112.97 114.39 116.03 117.85 119.68 121.48 123.24 124.97 126.65 128.17 129.44 130.48 131.30 131.93 132.42 132.78 133.04 133.23 133.38 133.52 133.68 133.88 134.14 134.34 134.42 134.36 134.19 133.91 133.47 132.68 131.59 130.35 129.10 128.00 127.10 126.31 125.63 125.08 124.66 124.40 124.32 124.44 124.77 125.33 126.14 127.22 128.59 130.25 132.13
