data_processed/recharge/precip/Precip_2001_01.asc
ncols        168
nrows        136
xllcorner    455000
yllcorner    2107000
cellsize     500
NODATA_value     -99999
[rows 37 to 73 of 136, columns 82 to 163 of 168]
5.98 6.15 6.26 6.34 6.38 6.40 6.42 6.44 6.46 6.47 6.48 6.49 6.50 6.50 6.50 6.50 6.50 6.50 6.49 6.49 6.48 6.47 6.46 6.45 6.44 6.43 6.42 6.41 6.40 6.39 6.38 6.37 6.37 6.36 6.35 6.35 6.34 6.34 6.34 6.34 6.34 6.35 6.35 6.36 6.37 6.39 6.40 6.42 6.45 6.47 6.50 6.53 6.57 6.60 6.64 6.67 6.71 6.74 6.77 6.79 6.82 6.83 6.85 6.85 6.85 6.84 6.82 6.79 6.75 6.69 6.63 6.56 6.48 6.39 6.30 6.20 6.09 5.97 5.85 5.72 5.58 5.44
6.05 6.25 6.40 6.51 6.57 6.60 6.62 6.63 6.64 6.64 6.65 6.65 6.65 6.65 6.65 6.64 6.64 6.63 6.62 6.61 6.60 6.59 6.57 6.56 6.55 6.53 6.52 6.51 6.49 6.48 6.47 6.46 6.44 6.43 6.43 6.42 6.41 6.41 6.41 6.40 6.41 6.41 6.41 6.42 6.43 6.45 6.46 6.48 6.51 6.53 6.56 6.59 6.63 6.66 6.69 6.73 6.76 6.79 6.82 6.85 6.87 6.89 6.90 6.91 6.91 6.91 6.89 6.87 6.83 6.79 6.73 6.66 6.59 6.51 6.42 6.32 6.21 6.10 5.98 5.85 5.72 5.58
6.12 6.35 6.54 6.67 6.77 6.82 6.84 6.85 6.85 6.85 6.85 6.84 6.84 6.83 6.82 6.81 6.80 6.78 6.77 6.75 6.74 6.72 6.70 6.68 6.67 6.65 6.63 6.61 6.59 6.58 6.56 6.55 6.53 6.52 6.51 6.50 6.49 6.48 6.48 6.47 6.47 6.48 6.48 6.49 6.49 6.51 6.52 6.54 6.56 6.59 6.62 6.65 6.68 6.71 6.74 6.78 6.81 6.84 6.87 6.90 6.92 6.93 6.95 6.95 6.96 6.96 6.95 6.93 6.90 6.86 6.81 6.75 6.69 6.61 6.52 6.43 6.33 6.22 6.10 5.98 5.85 5.71
6.19 6.45 6.67 6.84 6.96 7.04 7.08 7.09 7.09 7.08 7.07 7.06 7.05 7.03 7.01 7.00 6.98 6.96 6.94 6.91 6.89 6.87 6.85 6.82 6.80 6.78 6.75 6.73 6.71 6.69 6.67 6.65 6.63 6.61 6.60 6.58 6.57 6.56 6.55 6.55 6.54 6.54 6.54 6.55 6.55 6.56 6.58 6.59 6.61 6.64 6.66 6.69 6.72 6.75 6.79 6.82 6.85 6.88 6.91 6.93 6.95 6.97 6.98 6.99 7.00 7.00 7.00 6.98 6.96 6.93 6.89 6.83 6.77 6.70 6.62 6.53 6.43 6.32 6.21 6.09 5.97 5.84
6.26 6.55 6.79 6.99 7.15 7.26 7.33 7.36 7.35 7.34 7.32 7.30 7.28 7.26 7.23 7.21 7.18 7.15 7.12 7.10 7.07 7.04 7.01 6.98 6.95 6.92 6.89 6.86 6.84 6.81 6.78 6.76 6.74 6.71 6.69 6.67 6.66 6.64 6.63 6.62 6.61 6.61 6.61 6.61 6.61 6.62 6.63 6.64 6.66 6.68 6.70 6.73 6.76 6.79 6.82 6.85 6.88 6.91 6.94 6.97 6.99 7.00 7.02 7.02 7.03 7.03 7.03 7.02 7.01 6.98 6.94 6.90 6.84 6.77 6.70 6.61 6.52 6.42 6.31 6.20 6.08 5.95
6.33 6.65 6.92 7.14 7.32 7.46 7.56 7.62 7.64 7.62 7.59 7.56 7.53 7.50 7.47 7.44 7.40 7.37 7.33 7.29 7.26 7.22 7.18 7.15 7.11 7.07 7.04 7.00 6.97 6.94 6.91 6.87 6.85 6.82 6.79 6.77 6.75 6.73 6.71 6.70 6.68 6.67 6.67 6.66 6.66 6.67 6.67 6.68 6.70 6.72 6.74 6.76 6.79 6.82 6.85 6.88 6.91 6.94 6.97 6.99 7.01 7.03 7.04 7.05 7.05 7.05 7.05 7.05 7.04 7.02 6.99 6.95 6.90 6.84 6.77 6.69 6.60 6.51 6.40 6.29 6.17 6.05
6.40 6.74 7.04 7.29 7.50 7.66 7.79 7.87 7.91 7.92 7.89 7.85 7.81 7.77 7.73 7.69 7.64 7.60 7.55 7.51 7.46 7.42 7.37 7.33 7.28 7.24 7.20 7.15 7.11 7.07 7.03 7.00 6.96 6.93 6.89 6.86 6.84 6.81 6.79 6.77 6.75 6.74 6.72 6.72 6.71 6.71 6.71 6.72 6.73 6.75 6.77 6.79 6.82 6.84 6.87 6.90 6.93 6.96 6.99 7.01 7.03 7.04 7.06 7.07 7.07 7.07 7.07 7.06 7.05 7.04 7.02 6.98 6.94 6.89 6.82 6.75 6.67 6.58 6.48 6.38 6.26 6.14
6.47 6.83 7.15 7.43 7.66 7.85 8.00 8.11 8.18 8.21 8.20 8.16 8.11 8.06 8.01 7.95 7.90 7.85 7.79 7.74 7.68 7.63 7.57 7.52 7.47 7.41 7.36 7.31 7.26 7.21 7.17 7.12 7.08 7.04 7.00 6.96 6.93 6.89 6.86 6.84 6.81 6.79 6.78 6.76 6.75 6.74 6.74 6.75 6.76 6.77 6.79 6.81 6.83 6.86 6.89 6.91 6.94 6.97 7.00 7.02 7.04 7.05 7.07 7.08 7.08 7.08 7.08 7.07 7.06 7.05 7.03 7.01 6.97 6.93 6.87 6.80 6.73 6.64 6.55 6.45 6.34 6.22
6.53 6.92 7.26 7.56 7.82 8.03 8.21 8.34 8.43 8.49 8.50 8.48 8.43 8.36 8.30 8.24 8.17 8.11 8.04 7.98 7.91 7.85 7.78 7.72 7.66 7.60 7.53 7.48 7.42 7.36 7.30 7.25 7.20 7.15 7.10 7.06 7.01 6.97 6.94 6.90 6.87 6.84 6.82 6.80 6.78 6.77 6.77 6.77 6.78 6.79 6.81 6.83 6.85 6.87 6.90 6.92 6.95 6.98 7.00 7.03 7.04 7.06 7.07 7.08 7.08 7.08 7.08 7.08 7.07 7.05 7.04 7.02 6.99 6.95 6.90 6.84 6.77 6.69 6.61 6.51 6.41 6.29
6.59 7.00 7.37 7.69 7.97 8.21 8.40 8.56 8.67 8.75 8.79 8.79 8.75 8.69 8.61 8.53 8.46 8.38 8.31 8.23 8.15 8.08 8.00 7.93 7.86 7.78 7.71 7.64 7.58 7.51 7.44 7.38 7.32 7.26 7.21 7.15 7.10 7.05 7.01 6.96 6.93 6.89 6.86 6.83 6.81 6.80 6.79 6.79 6.80 6.80 6.82 6.83 6.85 6.88 6.90 6.92 6.95 6.98 7.00 7.02 7.04 7.06 7.07 7.08 7.08 7.08 7.08 7.07 7.06 7.05 7.03 7.01 6.99 6.96 6.92 6.86 6.80 6.73 6.65 6.56 6.46 6.35
6.66 7.08 7.47 7.81 8.11 8.37 8.59 8.76 8.90 9.00 9.06 9.08 9.06 9.01 8.93 8.85 8.76 8.67 8.58 8.49 8.40 8.32 8.23 8.15 8.06 7.98 7.90 7.82 7.74 7.66 7.58 7.51 7.44 7.37 7.31 7.24 7.18 7.12 7.07 7.02 6.97 6.93 6.89 6.86 6.83 6.82 6.81 6.80 6.81 6.81 6.82 6.84 6.85 6.87 6.90 6.92 6.95 6.97 7.00 7.02 7.03 7.05 7.06 7.07 7.07 7.07 7.07 7.06 7.05 7.04 7.02 7.01 6.98 6.96 6.92 6.88 6.82 6.76 6.68 6.60 6.50 6.40
6.71 7.16 7.56 7.93 8.24 8.52 8.76 8.95 9.11 9.23 9.31 9.35 9.36 9.33 9.26 9.17 9.07 8.97 8.87 8.76 8.66 8.56 8.47 8.37 8.27 8.18 8.08 7.99 7.90 7.81 7.72 7.64 7.56 7.48 7.40 7.33 7.26 7.19 7.13 7.06 7.01 6.96 6.91 6.88 6.85 6.83 6.82 6.81 6.81 6.81 6.82 6.83 6.85 6.87 6.89 6.91 6.94 6.96 6.98 7.00 7.02 7.03 7.05 7.05 7.06 7.06 7.05 7.05 7.04 7.03 7.01 6.99 6.97 6.94 6.91 6.87 6.83 6.77 6.70 6.62 6.54 6.44
6.77 7.23 7.65 8.03 8.37 8.67 8.92 9.14 9.31 9.45 9.55 9.61 9.63 9.62 9.58 9.50 9.39 9.27 9.16 9.04 8.93 8.82 8.70 8.59 8.48 8.38 8.27 8.16 8.06 7.96 7.86 7.77 7.67 7.58 7.49 7.41 7.33 7.25 7.17 7.10 7.04 6.98 6.93 6.89 6.86 6.84 6.82 6.81 6.81 6.81 6.82 6.83 6.84 6.86 6.88 6.90 6.92 6.94 6.97 6.99 7.00 7.01 7.02 7.03 7.03 7.03 7.03 7.03 7.02 7.00 6.99 6.97 6.95 6.92 6.89 6.86 6.82 6.77 6.71 6.64 6.56 6.47
6.82 7.30 7.74 8.13 8.49 8.80 9.07 9.30 9.50 9.65 9.77 9.85 9.89 9.90 9.87 9.81 9.71 9.59 9.46 9.33 9.20 9.07 8.95 8.82 8.70 8.58 8.46 8.34 8.22 8.11 8.00 7.89 7.78 7.68 7.58 7.48 7.39 7.30 7.21 7.13 7.06 7.00 6.95 6.91 6.87 6.85 6.83 6.81 6.80 6.80 6.81 6.81 6.82 6.84 6.86 6.88 6.90 6.92 6.94 6.96 6.98 6.99 7.00 7.00 7.01 7.01 7.00 7.00 6.99 6.98 6.96 6.94 6.92 6.89 6.86 6.83 6.80 6.75 6.70 6.64 6.57 6.48
6.87 7.37 7.82 8.23 8.60 8.92 9.21 9.46 9.67 9.84 9.97 10.06 10.12 10.15 10.14 10.09 10.01 9.90 9.76 9.62 9.48 9.33 9.19 9.05 8.91 8.78 8.64 8.51 8.38 8.25 8.13 8.01 7.89 7.77 7.66 7.55 7.44 7.34 7.24 7.16 7.08 7.02 6.96 6.91 6.88 6.84 6.82 6.80 6.79 6.79 6.79 6.80 6.80 6.82 6.83 6.85 6.87 6.89 6.91 6.93 6.95 6.96 6.97 6.97 6.98 6.98 6.97 6.96 6.95 6.94 6.93 6.91 6.89 6.86 6.83 6.80 6.77 6.73 6.68 6.63 6.56 6.49
6.92 7.43 7.89 8.31 8.70 9.04 9.34 9.60 9.82 10.01 10.15 10.27 10.34 10.38 10.38 10.35 10.29 10.19 10.07 9.91 9.75 9.59 9.44 9.28 9.13 8.98 8.83 8.68 8.54 8.39 8.25 8.12 7.98 7.85 7.72 7.60 7.48 7.37 7.27 7.18 7.10 7.03 6.97 6.92 6.87 6.84 6.81 6.79 6.78 6.77 6.77 6.77 6.78 6.79 6.81 6.82 6.84 6.86 6.88 6.90 6.91 6.92 6.93 6.94 6.94 6.94 6.93 6.93 6.92 6.90 6.89 6.87 6.85 6.82 6.79 6.76 6.73 6.69 6.65 6.60 6.55 6.48
6.96 7.48 7.96 8.39 8.79 9.14 9.45 9.73 9.96 10.16 10.32 10.45 10.53 10.59 10.60 10.59 10.54 10.46 10.35 10.20 10.03 9.86 9.68 9.51 9.34 9.17 9.01 8.84 8.68 8.53 8.37 8.22 8.07 7.92 7.78 7.64 7.51 7.40 7.29 7.19 7.11 7.04 6.97 6.92 6.87 6.83 6.80 6.78 6.76 6.75 6.75 6.75 6.75 6.76 6.77 6.79 6.81 6.82 6.84 6.86 6.87 6.88 6.89 6.89 6.90 6.89 6.89 6.88 6.87 6.86 6.84 6.82 6.80 6.78 6.75 6.72 6.69 6.65 6.61 6.57 6.52 6.46
7.00 7.53 8.02 8.46 8.87 9.23 9.56 9.84 10.09 10.30 10.47 10.61 10.71 10.77 10.80 10.80 10.76 10.70 10.60 10.46 10.30 10.12 9.93 9.74 9.55 9.37 9.18 9.00 8.83 8.65 8.48 8.31 8.15 7.99 7.83 7.68 7.54 7.42 7.31 7.21 7.12 7.04 6.97 6.91 6.86 6.82 6.78 6.76 6.74 6.73 6.72 6.72 6.72 6.72 6.74 6.75 6.77 6.78 6.80 6.82 6.83 6.84 6.84 6.85 6.85 6.85 6.84 6.83 6.82 6.81 6.79 6.77 6.75 6.73 6.70 6.67 6.64 6.60 6.56 6.52 6.47 6.42
7.03 7.57 8.07 8.53 8.94 9.31 9.65 9.94 10.20 10.42 10.60 10.75 10.86 10.94 10.98 10.99 10.96 10.91 10.82 10.70 10.55 10.37 10.17 9.96 9.76 9.55 9.35 9.16 8.96 8.77 8.58 8.40 8.21 8.04 7.87 7.71 7.57 7.44 7.32 7.22 7.12 7.04 6.97 6.90 6.85 6.80 6.76 6.73 6.71 6.70 6.69 6.68 6.68 6.69 6.69 6.71 6.72 6.74 6.75 6.77 6.78 6.79 6.79 6.80 6.80 6.79 6.79 6.78 6.77 6.76 6.74 6.72 6.70 6.67 6.65 6.62 6.58 6.55 6.51 6.47 6.42 6.38
7.06 7.61 8.12 8.58 9.00 9.38 9.73 10.03 10.30 10.53 10.72 10.87 10.99 11.08 11.13 11.15 11.13 11.09 11.01 10.90 10.76 10.59 10.40 10.18 9.95 9.73 9.51 9.30 9.09 8.88 8.67 8.47 8.27 8.08 7.90 7.74 7.59 7.46 7.33 7.22 7.12 7.04 6.96 6.89 6.83 6.78 6.74 6.71 6.68 6.66 6.65 6.64 6.64 6.64 6.65 6.66 6.67 6.69 6.70 6.72 6.73 6.73 6.74 6.74 6.74 6.74 6.73 6.72 6.71 6.70 6.68 6.66 6.64 6.61 6.59 6.56 6.52 6.49 6.45 6.41 6.36 6.32
7.09 7.64 8.15 8.62 9.05 9.44 9.79 10.10 10.38 10.61 10.81 10.98 11.10 11.20 11.26 11.28 11.28 11.24 11.17 11.07 10.94 10.78 10.60 10.38 10.15 9.90 9.67 9.43 9.20 8.97 8.75 8.52 8.31 8.12 7.93 7.77 7.61 7.47 7.34 7.23 7.12 7.03 6.95 6.88 6.81 6.76 6.71 6.68 6.65 6.63 6.61 6.60 6.59 6.59 6.60 6.61 6.62 6.63 6.65 6.66 6.67 6.68 6.68 6.68 6.68 6.67 6.67 6.66 6.65 6.63 6.62 6.60 6.57 6.55 6.52 6.49 6.46 6.42 6.39 6.35 6.30 6.26
7.11 7.67 8.19 8.66 9.09 9.49 9.84 10.16 10.44 10.68 10.89 11.06 11.19 11.29 11.36 11.39 11.40 11.37 11.30 11.21 11.09 10.94 10.76 10.55 10.32 10.07 9.81 9.55 9.30 9.05 8.81 8.57 8.36 8.15 7.96 7.79 7.63 7.48 7.35 7.23 7.12 7.02 6.93 6.86 6.79 6.73 6.68 6.64 6.61 6.58 6.57 6.55 6.55 6.54 6.55 6.55 6.56 6.58 6.59 6.60 6.61 6.61 6.62 6.62 6.61 6.61 6.60 6.59 6.58 6.57 6.55 6.53 6.51 6.48 6.45 6.42 6.39 6.36 6.32 6.28 6.23 6.19
7.13 7.69 8.21 8.69 9.13 9.52 9.88 10.21 10.49 10.74 10.95 11.12 11.26 11.37 11.44 11.48 11.49 11.46 11.41 11.32 11.21 11.06 10.89 10.69 10.46 10.21 9.94 9.66 9.39 9.12 8.86 8.62 8.39 8.18 7.99 7.81 7.64 7.49 7.35 7.23 7.11 7.01 6.92 6.84 6.76 6.70 6.65 6.61 6.57 6.54 6.52 6.50 6.49 6.49 6.49 6.50 6.50 6.52 6.53 6.54 6.54 6.55 6.55 6.55 6.55 6.54 6.53 6.52 6.51 6.49 6.48 6.46 6.43 6.41 6.38 6.35 6.32 6.28 6.24 6.21 6.16 6.12
7.14 7.70 8.22 8.70 9.15 9.55 9.91 10.23 10.52 10.77 10.98 11.16 11.31 11.42 11.49 11.54 11.55 11.53 11.48 11.40 11.29 11.15 10.98 10.79 10.57 10.32 10.05 9.76 9.46 9.18 8.92 8.67 8.43 8.22 8.01 7.83 7.66 7.50 7.35 7.22 7.10 6.99 6.90 6.81 6.74 6.67 6.61 6.57 6.53 6.49 6.47 6.45 6.44 6.43 6.43 6.43 6.44 6.45 6.46 6.47 6.47 6.48 6.48 6.48 6.47 6.47 6.46 6.45 6.43 6.42 6.40 6.38 6.36 6.33 6.30 6.27 6.24 6.21 6.17 6.13 6.09 6.04
7.14 7.71 8.23 8.71 9.15 9.56 9.92 10.25 10.53 10.79 11.00 11.18 11.33 11.44 11.52 11.57 11.58 11.57 11.52 11.44 11.34 11.20 11.04 10.85 10.63 10.39 10.12 9.83 9.53 9.24 8.97 8.71 8.47 8.24 8.04 7.84 7.67 7.50 7.35 7.21 7.09 6.98 6.88 6.79 6.71 6.64 6.58 6.52 6.48 6.45 6.42 6.40 6.38 6.37 6.37 6.37 6.37 6.38 6.39 6.40 6.40 6.40 6.40 6.40 6.40 6.39 6.38 6.37 6.35 6.34 6.32 6.30 6.27 6.25 6.22 6.19 6.16 6.12 6.09 6.05 6.01 5.96
7.14 7.71 8.23 8.71 9.15 9.55 9.92 10.24 10.53 10.79 11.00 11.18 11.33 11.44 11.52 11.57 11.59 11.57 11.53 11.45 11.35 11.22 11.06 10.87 10.66 10.42 10.16 9.88 9.59 9.29 9.01 8.75 8.50 8.27 8.06 7.86 7.67 7.50 7.35 7.21 7.08 6.96 6.85 6.76 6.67 6.60 6.53 6.48 6.43 6.39 6.36 6.34 6.32 6.31 6.30 6.30 6.31 6.31 6.32 6.33 6.33 6.33 6.33 6.32 6.32 6.31 6.30 6.29 6.27 6.26 6.24 6.21 6.19 6.16 6.14 6.11 6.07 6.04 6.00 5.96 5.92 5.88
7.14 7.70 8.22 8.70 9.14 9.54 9.90 10.23 10.51 10.76 10.98 11.16 11.31 11.42 11.50 11.55 11.57 11.55 11.51 11.43 11.33 11.20 11.04 10.86 10.64 10.41 10.15 9.89 9.62 9.34 9.06 8.79 8.54 8.30 8.08 7.87 7.68 7.50 7.34 7.19 7.06 6.94 6.83 6.73 6.64 6.56 6.49 6.43 6.38 6.34 6.31 6.28 6.26 6.24 6.24 6.23 6.23 6.24 6.25 6.25 6.25 6.25 6.25 6.24 6.24 6.23 6.22 6.20 6.19 6.17 6.15 6.13 6.10 6.08 6.05 6.02 5.98 5.95 5.91 5.87 5.83 5.79
7.13 7.68 8.20 8.68 9.11 9.51 9.87 10.19 10.48 10.73 10.94 11.12 11.26 11.38 11.45 11.50 11.52 11.50 11.46 11.38 11.28 11.15 10.99 10.80 10.59 10.36 10.13 9.88 9.63 9.37 9.10 8.83 8.57 8.32 8.09 7.88 7.69 7.50 7.34 7.18 7.04 6.91 6.80 6.69 6.60 6.52 6.45 6.38 6.33 6.28 6.25 6.22 6.19 6.18 6.17 6.16 6.16 6.16 6.17 6.17 6.17 6.17 6.16 6.16 6.15 6.14 6.13 6.11 6.10 6.08 6.06 6.04 6.01 5.98 5.96 5.93 5.89 5.86 5.82 5.78 5.74 5.70
7.11 7.66 8.17 8.64 9.07 9.47 9.82 10.14 10.42 10.67 10.88 11.05 11.20 11.30 11.38 11.42 11.44 11.42 11.37 11.29 11.19 11.06 10.90 10.71 10.51 10.29 10.07 9.85 9.61 9.37 9.12 8.86 8.60 8.35 8.11 7.89 7.69 7.50 7.33 7.17 7.02 6.89 6.77 6.66 6.56 6.48 6.40 6.33 6.27 6.23 6.18 6.15 6.13 6.11 6.09 6.09 6.08 6.09 6.09 6.09 6.09 6.08 6.08 6.07 6.06 6.05 6.04 6.02 6.01 5.99 5.97 5.94 5.92 5.89 5.86 5.83 5.80 5.76 5.72 5.69 5.64 5.60
7.08 7.63 8.13 8.60 9.02 9.41 9.76 10.07 10.35 10.59 10.80 10.97 11.10 11.21 11.28 11.32 11.33 11.31 11.26 11.18 11.07 10.93 10.77 10.59 10.40 10.20 10.00 9.79 9.57 9.34 9.11 8.87 8.62 8.37 8.13 7.90 7.69 7.50 7.32 7.15 7.00 6.86 6.74 6.62 6.52 6.43 6.35 6.28 6.22 6.17 6.12 6.09 6.06 6.03 6.02 6.01 6.00 6.00 6.01 6.01 6.00 6.00 5.99 5.98 5.97 5.96 5.95 5.93 5.91 5.89 5.87 5.85 5.82 5.79 5.76 5.73 5.70 5.66 5.63 5.59 5.55 5.50
7.05 7.59 8.09 8.54 8.96 9.34 9.68 9.99 10.26 10.49 10.69 10.86 10.99 11.09 11.15 11.19 11.19 11.16 11.11 11.02 10.91 10.77 10.61 10.45 10.27 10.09 9.90 9.71 9.51 9.30 9.08 8.85 8.62 8.38 8.14 7.91 7.69 7.49 7.31 7.14 6.98 6.84 6.71 6.59 6.48 6.38 6.30 6.22 6.16 6.10 6.06 6.02 5.99 5.96 5.94 5.93 5.92 5.92 5.92 5.92 5.92 5.91 5.90 5.89 5.88 5.87 5.85 5.83 5.82 5.79 5.77 5.75 5.72 5.69 5.66 5.63 5.60 5.56 5.52 5.48 5.44 5.40
7.01 7.54 8.03 8.48 8.89 9.26 9.59 9.89 10.15 10.38 10.57 10.73 10.85 10.94 11.00 11.03 11.02 10.99 10.93 10.84 10.72 10.58 10.44 10.29 10.13 9.96 9.79 9.61 9.42 9.23 9.02 8.82 8.60 8.38 8.15 7.92 7.69 7.49 7.30 7.12 6.96 6.81 6.67 6.55 6.44 6.34 6.25 6.17 6.10 6.04 5.99 5.95 5.91 5.89 5.87 5.85 5.84 5.84 5.84 5.83 5.83 5.82 5.81 5.80 5.79 5.77 5.75 5.74 5.72 5.69 5.67 5.65 5.62 5.59 5.56 5.53 5.49 5.46 5.42 5.38 5.34 5.29
6.96 7.48 7.96 8.40 8.80 9.16 9.48 9.77 10.02 10.24 10.42 10.57 10.69 10.77 10.82 10.84 10.83 10.78 10.71 10.62 10.50 10.38 10.25 10.11 9.96 9.81 9.65 9.49 9.32 9.14 8.95 8.76 8.56 8.35 8.14 7.92 7.69 7.48 7.28 7.10 6.93 6.78 6.64 6.51 6.39 6.29 6.20 6.11 6.04 5.98 5.92 5.88 5.84 5.81 5.79 5.77 5.76 5.75 5.75 5.74 5.74 5.73 5.72 5.70 5.69 5.67 5.66 5.64 5.62 5.59 5.57 5.54 5.51 5.48 5.45 5.42 5.39 5.35 5.31 5.27 5.23 5.18
6.91 7.42 7.88 8.31 8.70 9.05 9.36 9.64 9.88 10.08 10.25 10.39 10.50 10.57 10.61 10.62 10.60 10.55 10.47 10.37 10.27 10.16 10.04 9.91 9.78 9.65 9.50 9.35 9.19 9.03 8.86 8.68 8.49 8.30 8.10 7.90 7.69 7.48 7.27 7.08 6.91 6.75 6.60 6.47 6.35 6.24 6.14 6.06 5.98 5.91 5.85 5.81 5.76 5.73 5.71 5.69 5.67 5.67 5.66 5.65 5.64 5.63 5.62 5.61 5.59 5.57 5.55 5.53 5.51 5.49 5.46 5.44 5.41 5.38 5.35 5.31 5.28 5.24 5.20 5.16 5.12 5.07
6.85 7.34 7.79 8.21 8.58 8.92 9.22 9.48 9.71 9.91 10.07 10.19 10.28 10.35 10.37 10.37 10.34 10.28 10.20 10.12 10.02 9.92 9.82 9.71 9.59 9.46 9.33 9.19 9.05 8.90 8.74 8.58 8.41 8.23 8.05 7.86 7.66 7.46 7.26 7.07 6.89 6.72 6.57 6.43 6.30 6.19 6.09 6.00 5.92 5.85 5.78 5.73 5.69 5.65 5.62 5.60 5.59 5.58 5.57 5.56 5.55 5.54 5.52 5.51 5.49 5.47 5.45 5.43 5.41 5.38 5.36 5.33 5.30 5.27 5.24 5.20 5.17 5.13 5.09 5.05 5.00 4.95
6.78 7.26 7.69 8.09 8.45 8.78 9.06 9.31 9.53 9.71 9.85 9.97 10.05 10.10 10.11 10.10 10.05 9.99 9.92 9.85 9.77 9.68 9.59 9.49 9.38 9.27 9.15 9.02 8.89 8.75 8.61 8.46 8.31 8.14 7.98 7.80 7.62 7.43 7.24 7.05 6.86 6.69 6.53 6.39 6.26 6.14 6.03 5.94 5.85 5.78 5.71 5.66 5.61 5.57 5.54 5.52 5.50 5.49 5.48 5.47 5.46 5.44 5.43 5.41 5.39 5.37 5.35 5.33 5.30 5.28 5.25 5.22 5.19 5.16 5.12 5.09 5.05 5.01 4.97 4.93 4.88 4.83
6.70 7.16 7.58 7.96 8.31 8.62 8.89 9.12 9.32 9.49 9.62 9.72 9.78 9.82 9.82 9.79 9.75 9.70 9.64 9.57 9.50 9.42 9.34 9.25 9.16 9.06 8.95 8.84 8.72 8.59 8.46 8.33 8.19 8.04 7.88 7.72 7.56 7.38 7.21 7.02 6.84 6.66 6.50 6.35 6.21 6.09 5.98 5.88 5.79 5.71 5.64 5.59 5.54 5.49 5.46 5.43 5.41 5.40 5.39 5.37 5.36 5.34 5.33 5.31 5.29 5.27 5.24 5.22 5.19 5.17 5.14 5.11 5.08 5.04 5.01 4.98 4.94 4.90 4.85 4.81 4.76 4.71
