data_processed/recharge/precip/Precip_2013_08.asc
ncols        168
nrows        136
xllcorner    455000
yllcorner    2107000
cellsize     500
NODATA_value     -99999
[rows 64 to 95 of 136, columns 0 to 70 of 168]
141.92 139.88 137.78 135.63 133.44 131.27 129.29 127.59 126.18 125.04 124.16 123.52 123.12 122.93 122.96 123.28 124.08 125.34 127.01 129.02 131.32 133.85 136.55 139.21 141.46 143.23 144.54 145.42 145.89 145.97 145.69 145.15 144.57 144.03 143.55 143.15 142.84 142.66 142.60 142.71 143.00 143.64 144.72 146.26 148.26 150.75 153.71 157.16 161.08 165.26 169.49 173.73 177.96 182.15 186.27 190.31 194.18 197.54 200.11 201.92 203.01 203.44 203.26 202.53 201.29 199.59 197.35 194.31 190.49 186.00 180.97
140.95 138.94 136.88 134.78 132.65 130.51 128.40 126.50 124.89 123.59 122.58 121.83 121.35 121.12 121.24 121.87 123.01 124.61 126.60 128.93 131.53 134.36 137.34 140.27 142.78 144.81 146.39 147.53 148.26 148.59 148.55 148.15 147.52 146.86 146.25 145.71 145.25 144.90 144.68 144.62 144.88 145.57 146.71 148.31 150.37 152.90 155.90 159.39 163.34 167.54 171.78 176.03 180.26 184.44 188.56 192.57 196.46 200.15 203.30 205.65 207.21 208.03 208.16 207.67 206.59 204.84 202.16 198.56 194.17 189.10 183.49
140.01 138.05 136.03 133.97 131.89 129.81 127.74 125.73 123.93 122.45 121.28 120.42 119.85 119.66 120.04 120.98 122.43 124.31 126.59 129.18 132.04 135.11 138.32 141.48 144.21 146.46 148.25 149.60 150.53 151.06 151.22 151.02 150.49 149.74 148.96 148.25 147.61 147.06 146.66 146.55 146.86 147.61 148.81 150.45 152.55 155.12 158.15 161.66 165.63 169.84 174.09 178.33 182.55 186.72 190.81 194.79 198.64 202.34 205.80 208.69 210.76 212.01 212.51 212.29 211.28 209.20 206.08 202.03 197.17 191.64 185.55
139.12 137.20 135.22 133.21 131.18 129.15 127.15 125.17 123.27 121.61 120.28 119.28 118.72 118.76 119.42 120.62 122.32 124.44 126.94 129.76 132.83 136.09 139.49 142.82 145.72 148.13 150.09 151.60 152.69 153.38 153.69 153.64 153.25 152.55 151.63 150.71 149.86 149.11 148.65 148.59 148.95 149.75 150.99 152.67 154.80 157.39 160.44 163.96 167.94 172.16 176.40 180.63 184.83 188.97 193.02 196.97 200.77 204.40 207.85 211.03 213.61 215.35 216.24 216.21 214.98 212.58 209.12 204.72 199.51 193.62 187.16
138.28 136.39 134.45 132.49 130.51 128.54 126.59 124.68 122.83 121.07 119.58 118.55 118.17 118.45 119.33 120.75 122.65 124.97 127.65 130.64 133.87 137.28 140.81 144.27 147.29 149.82 151.89 153.52 154.72 155.52 155.93 155.98 155.69 155.08 154.16 153.06 151.99 151.17 150.74 150.73 151.14 151.98 153.24 154.95 157.10 159.70 162.77 166.29 170.27 174.48 178.70 182.91 187.08 191.18 195.19 199.08 202.82 206.39 209.76 212.91 215.75 217.97 219.16 219.04 217.61 214.98 211.29 206.65 201.20 195.05 188.33
137.48 135.62 133.72 131.80 129.88 127.96 126.07 124.23 122.44 120.75 119.29 118.42 118.24 118.72 119.78 121.36 123.42 125.88 128.70 131.80 135.14 138.65 142.27 145.80 148.90 151.51 153.65 155.34 156.60 157.45 157.92 158.03 157.78 157.22 156.34 155.22 154.12 153.34 152.96 152.98 153.43 154.29 155.57 157.30 159.46 162.06 165.12 168.64 172.61 176.80 180.99 185.17 189.30 193.35 197.31 201.13 204.80 208.30 211.58 214.63 217.42 219.72 220.91 220.69 219.15 216.40 212.59 207.82 202.23 195.94 189.07
136.71 134.89 133.03 131.16 129.28 127.42 125.59 123.81 122.10 120.60 119.53 118.93 118.92 119.53 120.72 122.43 124.59 127.15 130.05 133.23 136.63 140.19 143.85 147.41 150.53 153.16 155.32 157.03 158.30 159.17 159.65 159.75 159.51 158.94 158.10 157.17 156.31 155.62 155.28 155.33 155.79 156.67 157.97 159.69 161.86 164.46 167.51 171.01 174.95 179.11 183.27 187.40 191.48 195.47 199.36 203.11 206.70 210.11 213.30 216.24 218.77 220.53 221.40 221.16 219.61 216.86 213.03 208.24 202.62 196.29 189.38
135.99 134.20 132.38 130.55 128.72 126.92 125.14 123.43 121.92 120.83 120.18 119.97 120.17 120.88 122.15 123.93 126.15 128.76 131.70 134.90 138.31 141.87 145.52 149.07 152.17 154.77 156.90 158.58 159.82 160.65 161.08 161.14 160.85 160.27 159.58 158.96 158.41 157.96 157.69 157.76 158.24 159.12 160.42 162.14 164.29 166.87 169.90 173.38 177.29 181.40 185.51 189.59 193.61 197.53 201.35 205.01 208.52 211.82 214.90 217.58 219.51 220.61 220.94 220.48 219.01 216.36 212.63 207.92 202.38 196.13 189.28
135.31 133.55 131.77 129.98 128.20 126.44 124.74 123.22 122.11 121.45 121.21 121.36 121.87 122.74 124.05 125.85 128.08 130.69 133.61 136.79 140.17 143.69 147.28 150.76 153.79 156.32 158.37 159.96 161.12 161.86 162.21 162.18 161.83 161.37 160.96 160.62 160.37 160.21 160.15 160.28 160.75 161.63 162.92 164.63 166.75 169.31 172.31 175.74 179.61 183.67 187.73 191.74 195.68 199.53 203.26 206.83 210.23 213.42 216.23 218.31 219.57 220.07 219.85 218.96 217.39 214.92 211.38 206.87 201.52 195.44 188.77
134.66 132.93 131.19 129.44 127.71 126.01 124.49 123.38 122.71 122.45 122.57 123.06 123.87 124.98 126.38 128.16 130.36 132.92 135.78 138.89 142.18 145.60 149.09 152.45 155.36 157.77 159.70 161.16 162.19 162.80 163.00 162.87 162.61 162.39 162.24 162.17 162.18 162.29 162.50 162.82 163.33 164.20 165.47 167.14 169.24 171.76 174.71 178.10 181.91 185.91 189.90 193.84 197.70 201.46 205.08 208.56 211.84 214.75 216.95 218.36 219.01 218.96 218.25 216.92 215.03 212.56 209.30 205.10 200.04 194.25 187.86
134.04 132.35 130.64 128.94 127.26 125.75 124.63 123.95 123.68 123.79 124.25 125.04 126.11 127.46 129.03 130.84 132.96 135.42 138.17 141.16 144.33 147.60 150.94 154.14 156.88 159.12 160.87 162.16 163.01 163.43 163.49 163.41 163.36 163.38 163.47 163.63 163.88 164.23 164.68 165.24 165.92 166.81 168.05 169.69 171.74 174.21 177.11 180.44 184.19 188.12 192.03 195.88 199.65 203.30 206.82 210.17 213.17 215.48 217.00 217.79 217.88 217.33 216.18 214.48 212.26 209.58 206.43 202.61 197.95 192.56 186.56
133.46 131.80 130.13 128.47 126.97 125.87 125.19 124.91 125.01 125.46 126.22 127.27 128.58 130.12 131.86 133.78 135.86 138.18 140.78 143.60 146.58 149.67 152.80 155.79 158.32 160.34 161.87 162.93 163.55 163.78 163.86 163.96 164.12 164.35 164.64 165.02 165.48 166.04 166.70 167.48 168.38 169.41 170.65 172.25 174.25 176.66 179.50 182.76 186.43 190.28 194.10 197.85 201.52 205.06 208.46 211.52 213.90 215.52 216.42 216.64 216.23 215.23 213.70 211.66 209.18 206.29 203.04 199.44 195.27 190.38 184.87
132.92 131.29 129.66 128.18 127.08 126.41 126.14 126.23 126.67 127.41 128.44 129.73 131.24 132.94 134.82 136.83 138.95 141.18 143.58 146.18 148.93 151.78 154.66 157.39 159.65 161.40 162.67 163.46 163.84 164.05 164.29 164.57 164.91 165.31 165.79 166.35 166.99 167.74 168.59 169.56 170.65 171.87 173.24 174.82 176.76 179.10 181.86 185.04 188.63 192.39 196.11 199.76 203.31 206.72 209.83 212.27 213.96 214.94 215.27 214.97 214.11 212.72 210.85 208.54 205.85 202.80 199.46 195.87 192.02 187.72 182.82
132.40 130.81 129.35 128.27 127.62 127.35 127.45 127.88 128.62 129.64 130.90 132.38 134.06 135.90 137.87 139.94 142.10 144.29 146.53 148.88 151.36 153.92 156.50 158.92 160.87 162.30 163.25 163.76 164.09 164.43 164.81 165.25 165.74 166.29 166.93 167.64 168.45 169.35 170.36 171.49 172.75 174.14 175.67 177.35 179.26 181.52 184.20 187.29 190.78 194.43 198.04 201.58 205.00 208.12 210.59 212.33 213.38 213.79 213.59 212.83 211.57 209.84 207.69 205.16 202.30 199.16 195.78 192.20 188.48 184.61 180.39
131.92 130.50 129.45 128.81 128.56 128.66 129.10 129.84 130.84 132.09 133.56 135.21 137.02 138.95 140.99 143.09 145.24 147.40 149.55 151.67 153.83 156.06 158.29 160.35 161.94 163.01 163.63 164.05 164.48 164.95 165.45 166.01 166.63 167.31 168.07 168.91 169.85 170.89 172.04 173.30 174.69 176.22 177.89 179.72 181.70 183.92 186.50 189.49 192.87 196.41 199.91 203.30 206.42 208.91 210.68 211.77 212.23 212.10 211.44 210.28 208.66 206.64 204.26 201.57 198.61 195.42 192.05 188.54 184.95 181.31 177.64
131.62 130.60 129.98 129.75 129.87 130.32 131.06 132.07 133.31 134.76 136.39 138.18 140.09 142.09 144.15 146.26 148.37 150.46 152.50 154.46 156.33 158.18 160.02 161.68 162.86 163.56 164.05 164.55 165.07 165.63 166.23 166.88 167.59 168.38 169.24 170.18 171.23 172.37 173.63 175.00 176.51 178.15 179.93 181.87 183.97 186.25 188.76 191.64 194.90 198.32 201.68 204.77 207.25 209.02 210.13 210.63 210.55 209.95 208.87 207.35 205.44 203.19 200.63 197.83 194.81 191.62 188.32 184.94 181.53 178.14 174.81
131.72 131.14 130.94 131.08 131.54 132.29 133.30 134.54 135.99 137.61 139.38 141.26 143.24 145.27 147.33 149.40 151.44 153.42 155.33 157.11 158.76 160.26 161.66 162.86 163.63 164.18 164.71 165.27 165.86 166.48 167.15 167.87 168.66 169.51 170.45 171.47 172.59 173.82 175.15 176.61 178.20 179.93 181.80 183.83 186.02 188.38 190.93 193.72 196.86 200.14 203.19 205.63 207.39 208.50 209.01 208.96 208.40 207.38 205.93 204.11 201.96 199.52 196.85 193.98 190.96 187.83 184.64 181.44 178.27 175.18 172.21
132.28 132.11 132.28 132.76 133.53 134.55 135.80 137.24 138.86 140.62 142.48 144.44 146.44 148.47 150.50 152.50 154.43 156.28 158.01 159.59 161.00 162.20 163.19 163.95 164.52 165.08 165.65 166.24 166.87 167.53 168.24 169.01 169.84 170.74 171.72 172.80 173.97 175.24 176.63 178.15 179.80 181.58 183.52 185.61 187.86 190.29 192.90 195.71 198.74 201.71 204.10 205.81 206.90 207.40 207.35 206.82 205.83 204.43 202.68 200.61 198.27 195.70 192.96 190.07 187.10 184.09 181.08 178.11 175.23 172.49 169.93
133.11 133.32 133.84 134.63 135.67 136.94 138.40 140.02 141.78 143.64 145.58 147.57 149.58 151.58 153.55 155.44 157.25 158.93 160.46 161.80 162.94 163.84 164.51 165.09 165.65 166.22 166.80 167.41 168.04 168.72 169.45 170.24 171.09 172.01 173.02 174.12 175.31 176.62 178.04 179.59 181.27 183.09 185.06 187.19 189.49 191.96 194.61 197.46 200.51 202.99 204.63 205.66 206.12 206.05 205.50 204.51 203.14 201.41 199.39 197.11 194.63 191.97 189.20 186.35 183.48 180.61 177.81 175.12 172.57 170.23 168.12
133.64 134.22 135.07 136.17 137.48 138.98 140.64 142.43 144.32 146.28 148.28 150.30 152.31 154.27 156.16 157.95 159.61 161.12 162.44 163.54 164.40 165.02 165.58 166.18 166.75 167.32 167.90 168.50 169.14 169.82 170.55 171.34 172.20 173.13 174.15 175.26 176.47 177.79 179.23 180.79 182.49 184.33 186.33 188.48 190.80 193.30 195.99 198.95 202.28 204.83 205.94 206.29 206.12 205.49 204.44 203.01 201.25 199.20 196.92 194.44 191.81 189.07 186.28 183.47 180.69 177.99 175.41 172.99 170.78 168.84 167.19
133.70 134.65 135.84 137.23 138.81 140.54 142.40 144.35 146.37 148.42 150.49 152.54 154.53 156.45 158.27 159.95 161.47 162.80 163.90 164.76 165.37 165.90 166.49 167.14 167.75 168.32 168.89 169.48 170.11 170.78 171.50 172.28 173.14 174.07 175.08 176.19 177.40 178.72 180.17 181.74 183.44 185.30 187.30 189.47 191.80 194.32 197.11 200.35 204.01 206.90 208.10 207.97 207.17 205.97 204.41 202.53 200.38 198.01 195.45 192.76 189.99 187.16 184.34 181.56 178.88 176.32 173.95 171.81 169.94 168.38 167.19
133.38 134.64 136.16 137.85 139.69 141.65 143.70 145.81 147.96 150.10 152.23 154.30 156.28 158.16 159.90 161.46 162.83 163.98 164.87 165.51 166.05 166.63 167.28 167.97 168.63 169.24 169.81 170.38 170.98 171.63 172.33 173.09 173.93 174.84 175.85 176.94 178.14 179.46 180.89 182.46 184.16 186.01 188.02 190.18 192.52 195.13 198.18 201.73 205.67 208.88 210.44 210.42 209.19 207.42 205.34 203.00 200.46 197.75 194.92 192.02 189.08 186.17 183.31 180.56 177.96 175.55 173.39 171.51 169.96 168.79 168.02
132.90 134.26 136.06 138.04 140.14 142.33 144.57 146.84 149.10 151.34 153.52 155.61 157.58 159.41 161.06 162.51 163.73 164.69 165.39 165.98 166.59 167.24 167.95 168.69 169.39 170.04 170.65 171.21 171.78 172.40 173.07 173.80 174.61 175.50 176.47 177.55 178.73 180.02 181.44 182.99 184.68 186.51 188.50 190.66 193.08 195.92 199.25 203.07 207.26 210.74 212.64 213.00 211.92 209.75 207.15 204.36 201.41 198.36 195.25 192.12 189.03 186.01 183.11 180.38 177.86 175.59 173.63 172.01 170.78 169.97 169.41
132.38 133.73 135.60 137.83 140.18 142.59 145.02 147.44 149.83 152.15 154.38 156.48 158.44 160.21 161.78 163.11 164.18 164.98 165.65 166.32 167.02 167.75 168.52 169.31 170.05 170.75 171.39 171.98 172.55 173.12 173.75 174.44 175.21 176.06 177.00 178.04 179.19 180.45 181.84 183.36 185.02 186.83 188.80 191.01 193.65 196.75 200.33 204.37 208.77 212.48 214.67 215.39 214.71 212.72 209.78 206.52 203.16 199.76 196.36 193.01 189.75 186.62 183.67 180.95 178.51 176.37 174.60 173.24 172.30 171.66 171.13
131.83 133.17 135.01 137.28 139.84 142.46 145.08 147.65 150.15 152.55 154.83 156.95 158.89 160.61 162.09 163.29 164.23 165.02 165.80 166.57 167.35 168.15 168.98 169.82 170.62 171.35 172.04 172.68 173.27 173.82 174.40 175.04 175.76 176.56 177.45 178.44 179.55 180.77 182.11 183.59 185.22 186.99 189.01 191.42 194.30 197.63 201.40 205.63 210.20 214.10 216.54 217.57 217.26 215.69 212.96 209.40 205.64 201.88 198.19 194.60 191.17 187.92 184.92 182.21 179.83 177.82 176.24 175.10 174.29 173.65 173.13
131.26 132.60 134.39 136.60 139.18 141.97 144.76 147.48 150.10 152.58 154.90 157.03 158.94 160.61 161.99 163.10 164.05 164.96 165.84 166.72 167.59 168.46 169.36 170.25 171.09 171.88 172.61 173.29 173.92 174.50 175.06 175.64 176.29 177.03 177.86 178.80 179.84 181.01 182.30 183.73 185.31 187.11 189.31 191.94 195.02 198.53 202.47 206.84 211.54 215.59 218.24 219.54 219.56 218.39 216.09 212.77 208.76 204.65 200.65 196.83 193.21 189.85 186.79 184.07 181.75 179.86 178.44 177.38 176.55 175.88 175.36
130.68 132.00 133.76 135.91 138.39 141.17 144.10 146.96 149.69 152.24 154.61 156.74 158.63 160.23 161.55 162.69 163.77 164.81 165.81 166.78 167.74 168.70 169.65 170.60 171.49 172.33 173.10 173.82 174.49 175.12 175.70 176.25 176.83 177.50 178.26 179.13 180.11 181.21 182.44 183.81 185.39 187.36 189.75 192.57 195.81 199.46 203.52 207.99 212.78 216.95 219.77 221.30 221.61 220.78 218.90 216.04 212.29 207.98 203.68 199.61 195.80 192.31 189.19 186.47 184.20 182.41 181.02 179.91 179.02 178.32 177.78
130.08 131.40 133.12 135.21 137.60 140.27 143.15 146.11 148.94 151.57 153.97 156.11 157.97 159.53 160.90 162.19 163.41 164.57 165.69 166.77 167.82 168.86 169.88 170.88 171.83 172.71 173.53 174.30 175.01 175.68 176.30 176.87 177.42 178.01 178.69 179.47 180.37 181.40 182.55 183.92 185.65 187.79 190.34 193.30 196.66 200.41 204.56 209.09 213.92 218.16 221.11 222.83 223.39 222.88 221.36 218.93 215.66 211.65 207.20 202.87 198.87 195.25 192.05 189.32 187.08 185.28 183.81 182.62 181.67 180.93 180.37
129.47 130.79 132.48 134.51 136.81 139.36 142.10 144.99 147.88 150.58 153.01 155.16 157.00 158.64 160.17 161.61 162.98 164.28 165.51 166.70 167.84 168.95 170.04 171.11 172.10 173.04 173.91 174.72 175.48 176.19 176.84 177.46 178.03 178.57 179.16 179.86 180.67 181.60 182.74 184.23 186.12 188.40 191.07 194.13 197.57 201.38 205.57 210.12 214.96 219.23 222.27 224.14 224.91 224.66 223.48 221.44 218.62 215.10 210.97 206.54 202.35 198.59 195.31 192.54 190.25 188.34 186.76 185.48 184.46 183.67 183.07
128.85 130.17 131.84 133.81 136.03 138.46 141.06 143.78 146.57 149.29 151.76 153.92 155.86 157.67 159.38 160.98 162.49 163.92 165.27 166.57 167.81 169.00 170.16 171.28 172.33 173.32 174.24 175.10 175.91 176.65 177.35 178.00 178.61 179.18 179.72 180.32 181.03 181.93 183.17 184.79 186.80 189.18 191.93 195.04 198.52 202.36 206.55 211.08 215.88 220.14 223.23 225.21 226.15 226.13 225.24 223.54 221.13 218.09 214.48 210.40 206.15 202.24 198.87 196.00 193.56 191.52 189.82 188.45 187.35 186.51 185.87
128.23 129.56 131.21 133.12 135.26 137.58 140.04 142.59 145.18 147.77 150.24 152.52 154.66 156.65 158.53 160.29 161.95 163.51 164.99 166.39 167.72 169.00 170.23 171.41 172.52 173.56 174.54 175.45 176.30 177.09 177.83 178.52 179.17 179.77 180.33 180.88 181.54 182.53 183.88 185.60 187.69 190.12 192.91 196.05 199.53 203.34 207.49 211.96 216.69 220.90 224.00 226.04 227.11 227.28 226.64 225.25 223.21 220.59 217.47 213.93 210.06 206.14 202.62 199.58 196.98 194.79 192.98 191.49 190.31 189.40 188.71
127.60 128.95 130.58 132.44 134.51 136.72 139.04 141.42 143.81 146.20 148.63 151.07 153.40 155.59 157.64 159.56 161.37 163.07 164.67 166.18 167.61 168.97 170.27 171.51 172.68 173.78 174.81 175.77 176.67 177.51 178.29 179.03 179.71 180.35 180.95 181.57 182.37 183.45 184.88 186.66 188.78 191.23 194.02 197.13 200.57 204.32 208.39 212.76 217.38 221.49 224.56 226.63 227.79 228.11 227.67 226.55 224.84 222.61 219.94 216.90 213.59 210.04 206.45 203.23 200.46 198.12 196.17 194.58 193.31 192.32 191.57
