data_processed/recharge/precip/Precip_1985_08.asc
ncols        168
nrows        136
xllcorner    455000
yllcorner    2107000
cellsize     500
NODATA_value     -99999
[rows 0 to 32 of 136, columns 0 to 73 of 168]
190.77 188.74 186.29 183.75 181.33 179.02 176.82 174.73 172.73 170.83 169.01 167.25 165.54 163.90 162.38 161.02 159.85 158.91 158.19 157.46 156.65 155.78 154.85 153.87 152.85 151.80 150.70 149.55 148.36 147.17 145.99 144.86 143.79 142.81 141.95 141.22 140.65 140.25 140.04 140.03 140.23 140.72 141.75 143.39 145.56 148.17 151.14 154.39 157.82 161.25 164.54 167.65 170.52 173.11 175.36 177.24 178.70 179.75 180.54 181.16 181.63 181.96 182.17 182.28 182.29 182.22 182.06 181.81 181.46 181.00 180.44 179.76 178.93 177.91
190.11 188.40 186.20 183.56 180.84 178.24 175.76 173.39 171.13 168.97 166.89 164.84 162.85 160.98 159.25 157.71 156.39 155.35 154.54 153.75 152.88 151.96 151.00 149.99 148.97 147.93 146.87 145.79 144.70 143.61 142.55 141.54 140.60 139.77 139.07 138.51 138.11 137.89 137.86 138.04 138.44 139.13 140.34 142.13 144.42 147.13 150.16 153.45 156.89 160.41 163.83 167.02 169.93 172.50 174.70 176.48 177.84 178.92 179.80 180.51 181.05 181.44 181.70 181.84 181.88 181.83 181.68 181.43 181.07 180.60 180.02 179.32 178.49 177.49
189.15 187.73 185.86 183.49 180.68 177.80 175.04 172.40 169.88 167.43 165.02 162.67 160.41 158.29 156.36 154.64 153.18 152.02 151.13 150.26 149.34 148.37 147.37 146.35 145.31 144.26 143.22 142.20 141.18 140.17 139.21 138.31 137.50 136.80 136.24 135.84 135.60 135.54 135.68 136.03 136.62 137.48 138.86 140.78 143.18 145.96 149.04 152.34 155.78 159.27 162.72 165.97 168.90 171.45 173.58 175.28 176.68 177.86 178.83 179.62 180.22 180.67 180.97 181.14 181.20 181.16 181.01 180.76 180.39 179.91 179.30 178.56 177.70 176.69
187.93 186.76 185.20 183.19 180.67 177.71 174.68 171.76 168.94 166.14 163.39 160.73 158.20 155.84 153.69 151.80 150.19 148.92 147.94 147.00 146.02 145.00 143.97 142.92 141.86 140.82 139.79 138.78 137.81 136.88 136.00 135.20 134.50 133.93 133.50 133.23 133.13 133.22 133.51 134.02 134.76 135.79 137.31 139.36 141.84 144.68 147.79 151.10 154.51 157.95 161.33 164.55 167.47 169.98 172.06 173.82 175.33 176.60 177.65 178.51 179.17 179.67 180.00 180.20 180.27 180.23 180.08 179.82 179.44 178.93 178.29 177.52 176.61 175.55
186.48 185.55 184.26 182.58 180.44 177.78 174.68 171.45 168.24 165.07 161.99 159.02 156.22 153.61 151.25 149.18 147.42 146.03 144.97 143.95 142.91 141.85 140.77 139.69 138.62 137.57 136.55 135.56 134.63 133.75 132.94 132.23 131.63 131.17 130.85 130.70 130.72 130.94 131.36 132.01 132.90 134.08 135.73 137.87 140.43 143.31 146.44 149.73 153.10 156.46 159.74 162.85 165.69 168.17 170.32 172.18 173.79 175.15 176.29 177.20 177.92 178.46 178.82 179.04 179.12 179.08 178.92 178.64 178.23 177.69 177.01 176.20 175.24 174.12
184.85 184.11 183.08 181.69 179.90 177.63 174.80 171.38 167.77 164.23 160.80 157.53 154.45 151.60 149.02 146.77 144.86 143.35 142.20 141.11 140.01 138.89 137.77 136.67 135.58 134.52 133.50 132.54 131.63 130.79 130.05 129.42 128.91 128.53 128.31 128.26 128.39 128.72 129.26 130.04 131.06 132.37 134.13 136.35 138.96 141.87 145.00 148.25 151.56 154.84 158.00 160.96 163.67 166.17 168.43 170.40 172.10 173.54 174.75 175.72 176.49 177.06 177.45 177.67 177.75 177.70 177.53 177.23 176.79 176.21 175.49 174.63 173.61 172.43
183.08 182.51 181.69 180.57 179.08 177.12 174.54 171.29 167.50 163.60 159.83 156.24 152.88 149.79 147.00 144.56 142.50 140.87 139.63 138.46 137.29 136.12 134.97 133.83 132.72 131.66 130.65 129.69 128.82 128.04 127.36 126.80 126.35 126.05 125.91 125.94 126.16 126.58 127.23 128.11 129.24 130.66 132.52 134.81 137.46 140.38 143.48 146.69 149.92 153.09 156.12 158.95 161.60 164.10 166.41 168.48 170.27 171.79 173.05 174.08 174.89 175.49 175.90 176.13 176.20 176.14 175.94 175.61 175.13 174.51 173.75 172.82 171.74 170.49
181.20 180.76 180.13 179.24 177.97 176.16 173.77 170.79 167.21 163.16 159.05 155.15 151.51 148.17 145.16 142.54 140.33 138.58 137.24 136.00 134.76 133.54 132.34 131.17 130.05 128.97 127.96 127.03 126.20 125.48 124.86 124.36 123.98 123.74 123.65 123.75 124.04 124.55 125.28 126.25 127.47 128.99 130.93 133.27 135.94 138.85 141.92 145.06 148.20 151.25 154.14 156.91 159.54 162.03 164.34 166.46 168.32 169.91 171.23 172.31 173.15 173.77 174.19 174.42 174.48 174.39 174.17 173.80 173.28 172.62 171.79 170.80 169.65 168.26
179.26 178.93 178.45 177.68 176.46 174.74 172.51 169.76 166.49 162.68 158.45 154.25 150.33 146.74 143.51 140.70 138.34 136.46 135.03 133.71 132.41 131.13 129.88 128.68 127.53 126.45 125.45 124.55 123.77 123.10 122.54 122.11 121.79 121.60 121.57 121.71 122.06 122.63 123.42 124.47 125.77 127.37 129.37 131.75 134.42 137.30 140.32 143.38 146.41 149.33 152.16 154.89 157.50 159.96 162.26 164.37 166.28 167.93 169.30 170.41 171.28 171.92 172.34 172.56 172.61 172.49 172.23 171.82 171.26 170.54 169.65 168.59 167.29 165.49
177.29 177.03 176.58 175.76 174.53 172.86 170.76 168.21 165.21 161.75 157.81 153.52 149.33 145.48 142.04 139.04 136.52 134.52 132.99 131.59 130.22 128.88 127.59 126.35 125.18 124.10 123.12 122.26 121.51 120.89 120.40 120.02 119.77 119.65 119.66 119.85 120.24 120.84 121.69 122.79 124.16 125.82 127.86 130.25 132.91 135.76 138.70 141.67 144.58 147.43 150.21 152.89 155.46 157.90 160.18 162.28 164.18 165.86 167.27 168.42 169.31 169.96 170.38 170.59 170.61 170.46 170.16 169.70 169.08 168.30 167.34 166.14 164.44 162.12
175.34 175.02 174.42 173.48 172.19 170.55 168.54 166.16 163.40 160.25 156.69 152.73 148.48 144.39 140.72 137.53 134.86 132.73 131.11 129.63 128.18 126.79 125.45 124.18 122.99 121.92 120.96 120.14 119.43 118.86 118.41 118.10 117.91 117.86 117.94 118.17 118.58 119.21 120.09 121.23 122.64 124.35 126.42 128.82 131.44 134.23 137.09 139.95 142.78 145.56 148.28 150.92 153.45 155.85 158.10 160.18 162.07 163.74 165.18 166.35 167.26 167.91 168.32 168.51 168.49 168.31 167.96 167.45 166.77 165.91 164.82 163.22 161.00 158.21
173.33 172.76 171.93 170.83 169.47 167.81 165.87 163.62 161.06 158.19 154.98 151.44 147.55 143.44 139.57 136.18 133.35 131.10 129.37 127.81 126.30 124.84 123.45 122.15 120.97 119.91 118.98 118.18 117.52 116.98 116.58 116.32 116.19 116.21 116.36 116.66 117.11 117.76 118.65 119.81 121.25 122.99 125.07 127.45 130.03 132.74 135.50 138.27 141.02 143.74 146.39 148.98 151.46 153.82 156.03 158.08 159.95 161.61 163.04 164.22 165.14 165.78 166.18 166.35 166.29 166.06 165.66 165.09 164.34 163.35 161.86 159.75 157.07 153.86
171.12 170.21 169.13 167.84 166.36 164.66 162.75 160.60 158.22 155.59 152.70 149.54 146.12 142.41 138.54 134.98 131.98 129.60 127.78 126.13 124.54 123.02 121.59 120.29 119.11 118.07 117.16 116.39 115.75 115.26 114.90 114.69 114.62 114.69 114.92 115.29 115.80 116.48 117.38 118.55 120.00 121.75 123.83 126.17 128.69 131.31 133.97 136.64 139.31 141.95 144.54 147.06 149.48 151.79 153.97 155.99 157.83 159.47 160.88 162.06 162.97 163.61 163.99 164.12 164.02 163.73 163.27 162.63 161.75 160.37 158.38 155.81 152.72 149.17
168.68 167.41 166.02 164.52 162.89 161.12 159.19 157.12 154.87 152.45 149.85 147.05 144.05 140.84 137.42 133.90 130.75 128.24 126.31 124.58 122.92 121.34 119.90 118.59 117.42 116.38 115.49 114.74 114.13 113.67 113.36 113.19 113.17 113.31 113.59 114.03 114.63 115.38 116.30 117.46 118.90 120.65 122.71 124.99 127.43 129.94 132.50 135.08 137.66 140.21 142.72 145.17 147.53 149.79 151.92 153.89 155.70 157.31 158.71 159.87 160.77 161.40 161.75 161.85 161.70 161.35 160.83 160.05 158.78 156.90 154.46 151.50 148.07 144.23
166.01 164.34 162.64 160.88 159.06 157.18 155.22 153.18 151.04 148.80 146.45 143.98 141.37 138.63 135.74 132.70 129.63 127.00 124.97 123.15 121.42 119.82 118.36 117.05 115.87 114.85 113.97 113.24 112.65 112.22 111.94 111.82 111.85 112.04 112.39 112.89 113.56 114.39 115.39 116.56 117.98 119.71 121.73 123.94 126.26 128.66 131.10 133.57 136.05 138.52 140.95 143.32 145.61 147.80 149.88 151.80 153.57 155.15 156.52 157.66 158.55 159.17 159.50 159.55 159.35 158.93 158.27 157.12 155.36 153.04 150.20 146.91 143.20 139.14
163.14 161.04 158.98 156.93 154.90 152.88 150.85 148.81 146.74 144.65 142.51 140.33 138.09 135.78 133.40 130.94 128.38 125.86 123.73 121.83 120.07 118.45 116.98 115.65 114.48 113.45 112.58 111.86 111.30 110.90 110.65 110.57 110.64 110.88 111.28 111.85 112.59 113.50 114.57 115.82 117.26 118.95 120.89 122.98 125.18 127.44 129.77 132.13 134.51 136.87 139.21 141.50 143.72 145.84 147.85 149.72 151.44 152.97 154.31 155.43 156.30 156.90 157.23 157.24 156.98 156.44 155.40 153.76 151.57 148.86 145.70 142.13 138.21 133.99
160.10 157.53 155.08 152.71 150.43 148.23 146.10 144.03 142.01 140.03 138.08 136.15 134.24 132.34 130.43 128.51 126.57 124.61 122.66 120.73 118.93 117.28 115.79 114.45 113.26 112.24 111.37 110.66 110.11 109.73 109.51 109.46 109.57 109.86 110.31 110.94 111.74 112.71 113.86 115.19 116.70 118.38 120.20 122.14 124.19 126.33 128.53 130.77 133.03 135.29 137.53 139.73 141.86 143.91 145.85 147.66 149.32 150.81 152.10 153.18 154.03 154.61 154.92 154.93 154.57 153.67 152.15 150.08 147.51 144.48 141.05 137.27 133.20 128.88
157.12 154.07 151.19 148.48 145.93 143.53 141.27 139.15 137.14 135.25 133.46 131.77 130.17 128.64 127.19 125.79 124.45 123.24 122.13 120.46 118.62 116.92 115.38 113.99 112.77 111.72 110.82 110.10 109.54 109.15 108.93 108.89 109.01 109.32 109.79 110.45 111.29 112.30 113.50 114.89 116.44 118.10 119.81 121.59 123.49 125.48 127.54 129.65 131.79 133.93 136.06 138.16 140.19 142.15 144.00 145.74 147.33 148.76 150.00 151.03 151.83 152.39 152.67 152.61 152.02 150.72 148.77 146.32 143.41 140.11 136.46 132.51 128.33 123.95
154.43 150.87 147.56 144.49 141.65 139.03 136.63 134.43 132.42 130.60 128.96 127.48 126.17 125.00 123.98 123.09 122.41 122.13 122.02 121.18 119.55 117.77 116.13 114.66 113.36 112.23 111.27 110.48 109.87 109.43 109.16 109.08 109.17 109.45 109.91 110.55 111.38 112.39 113.60 114.99 116.54 118.17 119.81 121.48 123.21 125.03 126.94 128.90 130.89 132.90 134.90 136.87 138.80 140.65 142.40 144.04 145.55 146.90 148.06 149.03 149.78 150.28 150.47 150.17 149.27 147.69 145.42 142.62 139.41 135.86 132.03 127.95 123.69 119.30
152.10 148.01 144.25 140.80 137.65 134.80 132.23 129.94 127.92 126.15 124.63 123.35 122.31 121.48 120.88 120.56 120.71 121.34 122.15 122.22 121.32 119.70 117.94 116.34 114.91 113.66 112.59 111.69 110.98 110.44 110.09 109.92 109.94 110.14 110.54 111.12 111.90 112.86 114.04 115.42 116.95 118.54 120.14 121.74 123.33 124.98 126.71 128.50 130.34 132.19 134.05 135.88 137.67 139.40 141.03 142.56 143.97 145.22 146.30 147.18 147.85 148.24 148.15 147.50 146.32 144.50 142.02 138.98 135.51 131.76 127.77 123.59 119.29 114.91
150.19 145.56 141.33 137.48 134.01 130.90 128.15 125.75 123.69 121.96 120.55 119.45 118.65 118.16 118.03 118.45 119.41 120.86 122.50 123.39 123.30 122.31 120.65 118.89 117.30 115.88 114.65 113.60 112.74 112.06 111.58 111.28 111.18 111.27 111.55 112.03 112.71 113.61 114.77 116.14 117.65 119.20 120.76 122.29 123.80 125.30 126.84 128.45 130.11 131.79 133.49 135.16 136.80 138.39 139.89 141.29 142.57 143.71 144.68 145.47 145.99 146.07 145.60 144.63 143.19 141.17 138.52 135.33 131.71 127.78 123.67 119.43 115.12 110.78
148.76 143.58 138.86 134.60 130.78 127.40 124.45 121.92 119.81 118.09 116.77 115.83 115.28 115.17 115.68 116.80 118.49 120.67 123.04 124.66 125.29 125.01 123.90 122.18 120.38 118.76 117.32 116.08 115.03 114.17 113.50 113.04 112.76 112.69 112.82 113.15 113.72 114.60 115.76 117.13 118.61 120.12 121.62 123.10 124.54 125.95 127.33 128.74 130.20 131.70 133.21 134.71 136.18 137.61 138.96 140.21 141.36 142.36 143.21 143.83 144.01 143.66 142.84 141.58 139.91 137.70 134.92 131.64 127.94 123.93 119.74 115.47 111.17 106.92
147.77 142.13 136.90 132.21 128.03 124.36 121.19 118.52 116.33 114.61 113.36 112.57 112.31 112.74 113.86 115.61 117.93 120.74 123.76 126.01 127.27 127.61 127.11 125.85 124.03 122.17 120.48 119.00 117.71 116.62 115.73 115.05 114.56 114.29 114.22 114.40 114.95 115.84 117.00 118.35 119.80 121.28 122.72 124.13 125.50 126.83 128.10 129.34 130.60 131.89 133.20 134.51 135.80 137.05 138.23 139.32 140.30 141.16 141.81 142.05 141.78 141.04 139.89 138.36 136.49 134.14 131.24 127.89 124.17 120.16 115.96 111.70 107.46 103.31
146.97 141.15 135.52 130.37 125.82 121.84 118.44 115.60 113.32 111.59 110.39 109.81 109.98 110.93 112.57 114.85 117.70 121.06 124.63 127.43 129.22 130.09 130.10 129.35 127.90 125.96 124.00 122.23 120.66 119.29 118.14 117.19 116.45 115.92 115.67 115.82 116.39 117.30 118.46 119.79 121.21 122.64 124.03 125.37 126.67 127.91 129.09 130.21 131.28 132.36 133.45 134.55 135.64 136.69 137.68 138.60 139.41 140.04 140.28 140.03 139.33 138.23 136.77 135.01 132.97 130.49 127.52 124.12 120.40 116.43 112.31 108.11 103.97 99.97
146.27 140.41 134.66 129.16 124.21 119.91 116.25 113.23 110.84 109.08 108.00 107.75 108.34 109.71 111.78 114.50 117.80 121.61 125.63 128.88 131.12 132.42 132.86 132.52 131.48 129.82 127.73 125.63 123.74 122.06 120.59 119.33 118.29 117.54 117.25 117.44 118.04 118.95 120.11 121.42 122.81 124.19 125.52 126.79 128.01 129.16 130.25 131.26 132.21 133.08 133.95 134.83 135.69 136.53 137.32 138.03 138.60 138.79 138.50 137.78 136.68 135.24 133.51 131.54 129.36 126.79 123.76 120.35 116.66 112.76 108.74 104.69 100.71 96.88
145.65 139.81 134.08 128.52 123.27 118.62 114.70 111.48 108.97 107.22 106.38 106.45 107.36 109.06 111.47 114.54 118.19 122.36 126.75 130.36 132.95 134.59 135.36 135.35 134.63 133.27 131.36 129.08 126.83 124.78 122.95 121.34 120.04 119.25 119.01 119.24 119.86 120.78 121.93 123.22 124.57 125.89 127.16 128.36 129.50 130.56 131.55 132.46 133.28 134.02 134.68 135.32 135.95 136.55 137.12 137.56 137.64 137.27 136.49 135.33 133.85 132.10 130.13 127.98 125.68 123.05 119.99 116.60 112.96 109.16 105.28 101.41 97.64 94.05
145.13 139.35 133.69 128.20 122.94 118.05 113.84 110.41 107.82 106.22 105.59 105.89 107.03 108.97 111.63 114.95 118.86 123.30 127.96 131.84 134.68 136.57 137.59 137.81 137.31 136.17 134.46 132.28 129.78 127.33 125.10 123.19 121.84 121.11 120.92 121.19 121.82 122.75 123.89 125.15 126.46 127.73 128.94 130.06 131.12 132.08 132.97 133.77 134.47 135.08 135.59 136.01 136.39 136.75 137.01 136.94 136.43 135.52 134.26 132.69 130.86 128.83 126.64 124.35 121.96 119.29 116.24 112.90 109.34 105.66 101.95 98.29 94.76 91.46
144.72 139.02 133.47 128.11 122.98 118.14 113.74 110.15 107.61 106.12 105.62 106.05 107.33 109.41 112.23 115.71 119.79 124.40 129.24 133.29 136.31 138.36 139.52 139.88 139.51 138.49 136.90 134.82 132.32 129.58 127.01 125.05 123.78 123.11 122.96 123.26 123.92 124.85 125.97 127.21 128.47 129.69 130.82 131.87 132.83 133.71 134.49 135.17 135.75 136.23 136.59 136.85 137.00 137.04 136.76 136.06 134.97 133.55 131.83 129.88 127.74 125.46 123.08 120.67 118.22 115.54 112.53 109.25 105.81 102.29 98.77 95.34 92.09 89.11
144.41 138.85 133.45 128.25 123.30 118.65 114.42 110.89 108.37 106.90 106.44 106.90 108.23 110.37 113.25 116.79 120.95 125.65 130.58 134.71 137.80 139.91 141.13 141.54 141.21 140.22 138.65 136.58 134.09 131.37 128.89 127.02 125.82 125.21 125.11 125.44 126.11 127.04 128.15 129.35 130.57 131.72 132.78 133.75 134.63 135.40 136.08 136.64 137.10 137.44 137.66 137.76 137.67 137.18 136.24 134.92 133.28 131.37 129.24 126.94 124.51 122.00 119.47 116.96 114.48 111.82 108.87 105.70 102.40 99.06 95.76 92.60 89.65 87.01
144.21 138.83 133.61 128.61 123.88 119.53 115.74 112.55 110.07 108.55 108.02 108.44 109.72 111.82 114.67 118.19 122.33 127.02 131.94 136.07 139.14 141.22 142.41 142.77 142.39 141.33 139.70 137.55 135.10 132.77 130.74 129.08 127.95 127.40 127.34 127.69 128.37 129.30 130.39 131.56 132.73 133.82 134.81 135.69 136.48 137.15 137.71 138.15 138.48 138.68 138.76 138.64 138.09 137.00 135.45 133.55 131.39 129.03 126.50 123.87 121.18 118.48 115.82 113.24 110.77 108.16 105.29 102.25 99.13 96.00 92.95 90.08 87.47 85.20
144.13 138.96 133.97 129.22 124.81 120.92 117.59 114.82 112.60 111.03 110.36 110.63 111.78 113.75 116.47 119.88 123.91 128.50 133.32 137.35 140.30 142.27 143.33 143.55 143.02 141.82 140.02 137.84 135.74 133.92 132.37 131.10 130.14 129.65 129.62 130.00 130.69 131.61 132.68 133.81 134.93 135.95 136.86 137.66 138.35 138.92 139.36 139.69 139.88 139.94 139.80 139.21 138.08 136.44 134.38 131.96 129.32 126.52 123.64 120.71 117.79 114.92 112.16 109.55 107.10 104.57 101.82 98.94 96.01 93.12 90.36 87.81 85.55 83.66
144.17 139.25 134.53 130.12 126.19 122.78 119.89 117.50 115.62 114.22 113.42 113.46 114.38 116.12 118.63 121.83 125.66 130.06 134.70 138.52 141.28 143.03 143.87 143.86 143.10 141.65 139.74 137.88 136.27 134.91 133.79 132.92 132.28 131.92 131.94 132.33 133.03 133.94 134.98 136.08 137.14 138.09 138.92 139.64 140.22 140.68 141.02 141.21 141.27 141.12 140.51 139.33 137.64 135.50 132.98 130.15 127.08 123.89 120.67 117.48 114.35 111.35 108.51 105.89 103.50 101.07 98.47 95.78 93.08 90.46 88.00 85.80 83.91 82.25
144.34 139.71 135.36 131.44 128.01 125.05 122.56 120.52 118.93 117.79 117.08 116.90 117.50 118.93 121.13 124.03 127.57 131.68 136.04 139.58 142.04 143.49 144.01 143.68 142.59 140.96 139.34 137.94 136.77 135.82 135.09 134.57 134.26 134.14 134.26 134.67 135.37 136.27 137.28 138.33 139.34 140.22 140.97 141.59 142.08 142.43 142.64 142.70 142.56 141.94 140.73 138.99 136.79 134.19 131.26 128.06 124.66 121.15 117.63 114.19 110.89 107.78 104.90 102.30 99.99 97.70 95.28 92.80 90.35 88.03 85.91 84.06 82.42 80.88
