data_processed/recharge/precip/Precip_2005_08.asc
ncols        168
nrows        136
xllcorner    455000
yllcorner    2107000
cellsize     500
NODATA_value     -99999
[rows 0 to 31 of 136, columns 71 to 141 of 168]
230.95 228.48 225.93 223.43 220.99 218.61 216.28 213.99 211.73 209.46 207.14 204.79 202.40 199.97 197.52 195.04 192.54 190.03 187.50 184.96 182.46 180.13 178.06 176.30 174.90 173.89 173.34 173.01 172.35 171.42 170.37 169.38 168.64 168.30 168.26 168.20 168.06 167.87 167.65 167.42 167.20 167.02 166.88 166.83 166.87 167.01 167.10 167.00 166.61 165.81 164.52 162.61 160.13 157.53 155.01 152.61 150.33 148.22 146.31 144.75 143.89 143.79 144.41 145.71 147.66 150.20 153.30 156.91 160.99 165.51 170.33
228.19 225.68 223.03 220.44 217.93 215.49 213.11 210.79 208.47 206.14 203.78 201.40 199.02 196.62 194.21 191.81 189.41 187.01 184.62 182.25 179.90 177.61 175.55 173.79 172.39 171.40 170.85 170.55 169.94 169.09 168.16 167.33 166.76 166.38 165.95 165.40 164.77 164.08 163.33 162.57 161.81 161.07 160.37 159.74 159.19 158.75 158.41 158.00 157.37 156.40 155.00 153.05 150.58 148.00 145.50 143.10 140.82 138.70 136.92 135.80 135.43 135.77 136.76 138.38 140.58 143.32 146.54 150.23 154.32 158.78 163.57
225.37 222.81 220.05 217.36 214.76 212.25 209.82 207.41 205.00 202.59 200.19 197.79 195.40 193.02 190.66 188.32 186.01 183.73 181.48 179.27 177.10 174.98 172.96 171.20 169.81 168.81 168.28 167.98 167.42 166.65 165.83 165.14 164.53 163.82 162.97 162.00 160.93 159.78 158.58 157.34 156.10 154.86 153.65 152.49 151.41 150.43 149.56 148.80 147.95 146.83 145.35 143.39 140.96 138.42 135.96 133.59 131.34 129.40 128.10 127.53 127.64 128.40 129.76 131.69 134.13 137.04 140.39 144.13 148.22 152.62 157.29
222.53 219.91 217.03 214.23 211.54 208.94 206.40 203.87 201.36 198.88 196.42 193.99 191.59 189.23 186.91 184.64 182.41 180.24 178.13 176.08 174.09 172.17 170.33 168.62 167.21 166.22 165.68 165.40 164.88 164.17 163.45 162.73 161.85 160.79 159.58 158.24 156.79 155.24 153.64 151.98 150.30 148.62 146.96 145.34 143.79 142.32 140.95 139.71 138.58 137.34 135.80 133.85 131.49 129.03 126.63 124.32 122.29 120.88 120.17 120.14 120.73 121.90 123.61 125.83 128.50 131.58 135.04 138.83 142.91 147.24 151.77
219.73 217.03 214.03 211.11 208.30 205.57 202.88 200.22 197.61 195.04 192.52 190.06 187.65 185.30 183.02 180.81 178.66 176.60 174.62 172.72 170.90 169.19 167.56 166.04 164.69 163.68 163.14 162.86 162.37 161.73 160.98 160.03 158.87 157.53 156.02 154.36 152.58 150.71 148.75 146.73 144.68 142.62 140.56 138.54 136.56 134.66 132.85 131.16 129.60 128.15 126.58 124.67 122.40 120.04 117.74 115.68 114.23 113.46 113.35 113.83 114.89 116.46 118.52 121.02 123.91 127.15 130.71 134.54 138.60 142.84 147.22
217.02 214.23 211.08 208.02 205.06 202.15 199.30 196.52 193.79 191.14 188.56 186.05 183.63 181.29 179.04 176.88 174.81 172.85 170.99 169.24 167.60 166.08 164.67 163.39 162.24 161.29 160.73 160.45 159.98 159.31 158.40 157.24 155.86 154.28 152.53 150.62 148.57 146.41 144.16 141.85 139.48 137.09 134.69 132.32 129.98 127.70 125.51 123.42 121.45 119.63 117.93 116.07 113.92 111.70 109.69 108.26 107.50 107.37 107.83 108.83 110.34 112.31 114.70 117.46 120.56 123.96 127.60 131.46 135.48 139.63 143.86
214.64 211.55 208.24 205.00 201.83 198.74 195.73 192.80 189.96 187.22 184.57 182.02 179.57 177.24 175.01 172.90 170.91 169.04 167.31 165.70 164.23 162.89 161.70 160.66 159.77 159.03 158.53 158.23 157.74 156.96 155.91 154.60 153.06 151.30 149.36 147.25 144.99 142.61 140.13 137.56 134.94 132.28 129.60 126.93 124.29 121.69 119.17 116.74 114.42 112.24 110.22 108.31 106.29 104.40 103.07 102.38 102.31 102.80 103.82 105.33 107.28 109.63 112.34 115.37 118.67 122.20 125.93 129.80 133.78 137.82 141.88
213.48 209.18 205.50 202.02 198.64 195.36 192.19 189.12 186.17 183.33 180.61 178.01 175.54 173.21 171.01 168.94 167.02 165.25 163.63 162.16 160.86 159.71 158.73 157.92 157.29 156.83 156.55 156.26 155.72 154.87 153.73 152.32 150.67 148.80 146.72 144.47 142.06 139.51 136.85 134.09 131.26 128.39 125.49 122.58 119.68 116.83 114.03 111.31 108.70 106.21 103.87 101.69 99.82 98.63 98.09 98.14 98.74 99.85 101.43 103.43 105.81 108.53 111.56 114.83 118.32 121.98 125.77 129.65 133.57 137.50 141.39
212.93 207.24 202.77 198.97 195.40 191.96 188.64 185.45 182.39 179.48 176.71 174.09 171.62 169.30 167.14 165.14 163.31 161.66 160.17 158.86 157.74 156.80 156.06 155.50 155.15 154.98 154.80 154.40 153.79 152.91 151.73 150.27 148.56 146.61 144.45 142.09 139.57 136.90 134.10 131.20 128.21 125.17 122.08 118.98 115.88 112.81 109.78 106.83 103.96 101.20 98.59 96.17 94.25 93.55 93.79 94.57 95.84 97.57 99.69 102.18 104.99 108.08 111.41 114.93 118.60 122.39 126.24 130.12 133.98 137.79 141.49
212.37 205.74 200.35 195.89 192.06 188.48 185.05 181.78 178.66 175.71 172.92 170.31 167.86 165.60 163.52 161.62 159.92 158.41 157.10 155.99 155.08 154.38 153.90 153.64 153.58 153.52 153.19 152.59 151.83 150.91 149.72 148.24 146.50 144.51 142.30 139.88 137.28 134.52 131.63 128.61 125.51 122.33 119.10 115.84 112.57 109.31 106.09 102.93 99.85 96.87 94.05 91.51 89.47 88.75 89.44 90.93 92.88 95.21 97.88 100.86 104.10 107.55 111.18 114.95 118.81 122.71 126.63 130.51 134.31 137.99 141.52
212.10 204.67 198.43 193.17 188.77 185.00 181.50 178.17 175.03 172.07 169.30 166.73 164.35 162.18 160.21 158.45 156.90 155.58 154.47 153.59 152.94 152.52 152.34 152.38 152.43 152.19 151.64 150.85 149.90 148.85 147.64 146.18 144.45 142.45 140.22 137.78 135.14 132.33 129.37 126.28 123.09 119.81 116.47 113.09 109.68 106.28 102.91 99.58 96.31 93.18 90.30 87.68 85.54 84.68 85.32 87.22 89.81 92.75 95.98 99.44 103.10 106.92 110.86 114.87 118.91 122.94 126.91 130.79 134.53 138.09 141.43
212.13 203.98 196.99 190.99 185.90 181.66 178.03 174.69 171.55 168.62 165.91 163.41 161.14 159.09 157.27 155.68 154.33 153.22 152.35 151.74 151.37 151.27 151.40 151.56 151.41 150.93 150.17 149.18 148.06 146.83 145.51 144.05 142.36 140.39 138.18 135.75 133.10 130.28 127.29 124.16 120.92 117.58 114.16 110.69 107.19 103.68 100.18 96.72 93.36 90.21 87.30 84.64 82.41 81.43 81.90 83.72 86.68 90.21 93.98 97.93 102.01 106.20 110.44 114.69 118.91 123.06 127.09 130.97 134.65 138.09 141.24
212.40 203.63 195.98 189.33 183.62 178.79 174.79 171.39 168.29 165.43 162.81 160.42 158.28 156.39 154.75 153.37 152.25 151.39 150.81 150.49 150.45 150.67 150.92 150.85 150.44 149.73 148.76 147.59 146.29 144.90 143.41 141.86 140.18 138.29 136.13 133.74 131.13 128.32 125.34 122.21 118.95 115.58 112.13 108.61 105.05 101.46 97.88 94.36 91.03 87.91 85.00 82.31 80.02 78.94 79.27 80.90 83.75 87.59 91.88 96.32 100.83 105.38 109.92 114.41 118.82 123.08 127.18 131.05 134.67 137.98 140.95
212.86 203.56 195.33 188.13 181.89 176.56 172.08 168.40 165.32 162.55 160.05 157.82 155.85 154.15 152.73 151.59 150.73 150.17 149.89 149.91 150.21 150.54 150.55 150.20 149.53 148.59 147.42 146.07 144.60 143.05 141.41 139.70 137.95 136.09 134.03 131.71 129.17 126.42 123.48 120.39 117.15 113.79 110.33 106.79 103.20 99.58 95.99 92.56 89.31 86.24 83.36 80.65 78.32 77.15 77.35 78.82 81.46 85.16 89.72 94.63 99.56 104.47 109.31 114.05 118.63 123.01 127.16 131.04 134.59 137.78 140.56
213.47 203.72 195.01 187.34 180.66 174.91 170.05 166.01 162.74 160.05 157.71 155.66 153.89 152.43 151.26 150.39 149.84 149.59 149.66 150.03 150.44 150.51 150.22 149.59 148.67 147.51 146.14 144.61 142.99 141.27 139.49 137.64 135.75 133.83 131.83 129.62 127.18 124.53 121.67 118.64 115.46 112.14 108.71 105.20 101.62 98.04 94.58 91.28 88.13 85.14 82.29 79.60 77.24 76.00 76.10 77.42 79.87 83.35 87.74 92.86 98.20 103.47 108.62 113.59 118.35 122.85 127.06 130.93 134.41 137.48 140.10
214.18 204.07 194.96 186.92 179.89 173.81 168.65 164.33 160.82 158.04 155.84 154.00 152.48 151.28 150.40 149.84 149.62 149.74 150.17 150.64 150.78 150.52 149.92 149.02 147.86 146.48 144.92 143.22 141.44 139.57 137.65 135.67 133.65 131.60 129.55 127.43 125.13 122.60 119.86 116.93 113.84 110.60 107.24 103.79 100.30 96.90 93.63 90.48 87.46 84.55 81.76 79.09 76.72 75.44 75.45 76.65 78.93 82.19 86.34 91.27 96.77 102.39 107.83 113.05 117.98 122.60 126.87 130.73 134.15 137.10 139.64
214.93 204.55 195.14 186.81 179.52 173.21 167.83 163.32 159.65 156.74 154.54 152.92 151.67 150.77 150.21 150.00 150.15 150.63 151.17 151.35 151.14 150.56 149.66 148.49 147.09 145.49 143.75 141.90 139.96 137.95 135.88 133.77 131.63 129.48 127.31 125.16 122.96 120.59 118.00 115.21 112.25 109.13 105.88 102.56 99.30 96.14 93.07 90.10 87.21 84.42 81.71 79.08 76.72 75.42 75.36 76.44 78.57 81.65 85.56 90.22 95.51 101.24 106.97 112.42 117.53 122.27 126.59 130.44 133.81 136.71 139.21
215.67 205.12 195.50 186.97 179.50 173.04 167.54 162.94 159.19 156.23 154.02 152.49 151.52 150.95 150.75 150.93 151.46 152.04 152.27 152.08 151.52 150.62 149.44 148.00 146.36 144.56 142.64 140.63 138.54 136.39 134.20 131.96 129.71 127.44 125.18 122.93 120.71 118.47 116.06 113.45 110.65 107.68 104.62 101.58 98.61 95.70 92.86 90.08 87.35 84.68 82.07 79.51 77.18 75.86 75.75 76.75 78.75 81.65 85.35 89.75 94.75 100.24 106.03 111.71 117.00 121.85 126.22 130.08 133.43 136.32 138.79
216.37 205.72 195.97 187.34 179.79 173.28 167.74 163.13 159.39 156.48 154.33 152.90 152.12 151.90 152.09 152.66 153.29 153.55 153.38 152.82 151.92 150.71 149.24 147.55 145.68 143.68 141.58 139.42 137.19 134.91 132.59 130.23 127.87 125.49 123.13 120.80 118.50 116.25 114.00 111.59 108.99 106.26 103.53 100.83 98.16 95.53 92.93 90.36 87.81 85.29 82.79 80.31 78.03 76.73 76.59 77.51 79.40 82.15 85.66 89.82 94.54 99.71 105.24 110.93 116.38 121.35 125.78 129.66 133.02 135.91 138.37
216.95 206.31 196.53 187.88 180.34 173.85 168.37 163.84 160.21 157.43 155.43 154.18 153.61 153.68 154.26 154.92 155.21 155.05 154.49 153.57 152.33 150.81 149.06 147.12 145.03 142.83 140.57 138.26 135.90 133.49 131.04 128.58 126.11 123.64 121.19 118.77 116.39 114.08 111.83 109.60 107.28 104.93 102.59 100.25 97.91 95.57 93.23 90.89 88.54 86.18 83.82 81.44 79.23 77.95 77.80 78.67 80.47 83.08 86.41 90.36 94.83 99.70 104.89 110.28 115.70 120.77 125.25 129.17 132.57 135.48 137.94
217.39 206.84 197.11 188.53 181.08 174.72 169.39 165.03 161.59 159.03 157.28 156.30 156.02 156.38 156.98 157.28 157.12 156.55 155.60 154.32 152.76 150.94 148.91 146.73 144.42 142.03 139.60 137.15 134.66 132.13 129.57 127.00 124.42 121.86 119.33 116.83 114.39 112.01 109.71 107.55 105.59 103.68 101.75 99.78 97.79 95.76 93.71 91.61 89.48 87.31 85.09 82.83 80.71 79.48 79.34 80.18 81.90 84.39 87.57 91.32 95.55 100.14 105.01 110.04 115.13 120.10 124.64 128.62 132.06 135.00 137.49
217.62 207.25 197.66 189.25 181.99 175.84 170.74 166.64 163.49 161.23 159.82 159.19 159.28 159.67 159.82 159.61 159.02 158.04 156.71 155.08 153.19 151.08 148.79 146.36 143.84 141.26 138.68 136.09 133.48 130.83 128.16 125.49 122.82 120.17 117.56 114.99 112.48 110.05 107.76 105.72 103.98 102.45 100.94 99.37 97.75 96.05 94.29 92.47 90.57 88.60 86.56 84.44 82.42 81.26 81.14 81.96 83.63 86.03 89.07 92.64 96.64 100.98 105.54 110.22 114.89 119.49 123.94 127.98 131.48 134.47 136.99
217.60 207.50 198.14 189.98 183.00 177.15 172.37 168.63 165.85 163.99 163.00 162.79 162.96 162.94 162.60 161.92 160.90 159.52 157.82 155.85 153.63 151.23 148.68 146.01 143.28 140.53 137.79 135.08 132.35 129.59 126.82 124.05 121.29 118.56 115.88 113.24 110.68 108.25 106.08 104.20 102.60 101.27 100.12 98.97 97.72 96.38 94.94 93.40 91.75 90.01 88.15 86.19 84.30 83.22 83.15 83.98 85.60 87.93 90.85 94.26 98.06 102.16 106.42 110.71 114.97 119.16 123.28 127.24 130.81 133.86 136.44
217.28 207.54 198.50 190.68 184.06 178.60 174.25 170.94 168.62 167.25 166.75 166.68 166.47 165.98 165.20 164.12 162.72 160.98 158.92 156.61 154.08 151.39 148.58 145.69 142.76 139.83 136.95 134.12 131.27 128.40 125.53 122.67 119.83 117.03 114.27 111.58 109.02 106.71 104.70 102.96 101.49 100.28 99.31 98.51 97.66 96.69 95.58 94.35 92.98 91.47 89.83 88.04 86.29 85.32 85.31 86.16 87.77 90.04 92.86 96.13 99.75 103.60 107.51 111.42 115.29 119.12 122.87 126.54 130.05 133.18 135.82
216.60 207.31 198.69 191.30 185.14 180.16 176.30 173.52 171.76 170.94 170.63 170.21 169.57 168.68 167.52 166.09 164.37 162.34 160.00 157.36 154.53 151.56 148.50 145.38 142.26 139.16 136.14 133.19 130.23 127.27 124.31 121.36 118.44 115.57 112.75 110.06 107.63 105.48 103.60 102.00 100.64 99.54 98.67 98.02 97.51 96.92 96.17 95.26 94.18 92.94 91.52 89.93 88.34 87.50 87.57 88.46 90.07 92.30 95.03 98.18 101.62 105.15 108.70 112.26 115.79 119.28 122.71 126.06 129.31 132.40 135.11
215.53 206.78 198.66 191.78 186.17 181.76 178.50 176.33 175.19 174.61 173.98 173.17 172.15 170.91 169.44 167.72 165.74 163.49 160.94 158.09 154.98 151.74 148.43 145.09 141.78 138.52 135.36 132.30 129.24 126.18 123.13 120.11 117.12 114.18 111.37 108.80 106.52 104.52 102.78 101.29 100.05 99.04 98.25 97.67 97.29 97.03 96.65 96.08 95.31 94.34 93.17 91.80 90.40 89.69 89.86 90.82 92.45 94.65 97.33 100.34 103.49 106.70 109.92 113.16 116.38 119.57 122.71 125.78 128.75 131.62 134.32
214.00 205.88 198.35 192.09 187.10 183.35 180.78 179.29 178.44 177.59 176.59 175.43 174.10 172.57 170.85 168.90 166.73 164.30 161.61 158.64 155.39 151.91 148.36 144.82 141.31 137.90 134.62 131.45 128.29 125.14 122.01 118.91 115.86 112.93 110.24 107.83 105.70 103.83 102.21 100.83 99.68 98.75 98.04 97.52 97.19 97.03 96.96 96.75 96.31 95.64 94.74 93.60 92.39 91.85 92.14 93.17 94.84 97.04 99.64 102.41 105.26 108.16 111.10 114.05 117.00 119.92 122.80 125.62 128.36 131.00 133.52
211.98 204.57 197.72 192.16 187.90 184.90 183.06 181.92 180.83 179.64 178.33 176.89 175.30 173.55 171.63 169.52 167.20 164.67 161.90 158.88 155.60 152.05 148.30 144.55 140.87 137.30 133.90 130.63 127.38 124.15 120.94 117.78 114.72 111.92 109.39 107.13 105.13 103.38 101.87 100.59 99.53 98.67 98.02 97.54 97.25 97.11 97.14 97.21 97.12 96.77 96.15 95.26 94.27 93.91 94.34 95.47 97.20 99.37 101.76 104.25 106.83 109.47 112.15 114.85 117.56 120.26 122.92 125.52 128.06 130.50 132.83
209.40 202.80 196.72 191.95 188.50 186.30 184.87 183.52 182.12 180.65 179.09 177.43 175.65 173.73 171.68 169.46 167.06 164.48 161.69 158.68 155.44 151.95 148.20 144.29 140.44 136.73 133.20 129.84 126.51 123.20 119.92 116.75 113.83 111.18 108.80 106.68 104.81 103.17 101.76 100.57 99.58 98.78 98.17 97.73 97.46 97.34 97.36 97.51 97.69 97.67 97.35 96.73 95.99 95.82 96.41 97.66 99.41 101.41 103.55 105.80 108.14 110.55 113.01 115.50 118.01 120.51 122.98 125.41 127.77 130.05 132.23
206.22 200.52 195.30 191.41 188.83 187.08 185.48 183.86 182.21 180.51 178.76 176.93 175.02 173.00 170.87 168.61 166.19 163.62 160.87 157.93 154.79 151.42 147.82 143.98 140.02 136.17 132.53 129.07 125.66 122.28 119.01 115.97 113.21 110.71 108.47 106.47 104.71 103.18 101.86 100.74 99.81 99.06 98.49 98.08 97.81 97.69 97.70 97.82 98.05 98.29 98.29 97.96 97.47 97.52 98.29 99.62 101.24 103.02 104.94 106.97 109.11 111.32 113.60 115.91 118.25 120.59 122.91 125.20 127.43 129.59 131.65
202.39 197.68 193.41 190.45 188.38 186.49 184.64 182.80 180.96 179.11 177.23 175.30 173.31 171.25 169.10 166.85 164.48 161.98 159.33 156.52 153.53 150.36 146.97 143.37 139.54 135.62 131.87 128.33 124.85 121.47 118.32 115.45 112.84 110.48 108.37 106.49 104.83 103.38 102.14 101.08 100.21 99.50 98.95 98.55 98.29 98.15 98.13 98.22 98.40 98.66 98.91 98.89 98.67 98.96 99.86 101.10 102.52 104.11 105.84 107.70 109.67 111.72 113.85 116.02 118.22 120.44 122.65 124.82 126.96 129.02 131.00
197.89 194.23 190.96 188.56 186.39 184.29 182.25 180.25 178.29 176.33 174.38 172.41 170.41 168.36 166.26 164.08 161.81 159.44 156.95 154.33 151.57 148.63 145.53 142.23 138.73 135.01 131.24 127.62 124.14 120.88 117.90 115.18 112.71 110.49 108.49 106.71 105.14 103.78 102.60 101.59 100.76 100.08 99.54 99.14 98.87 98.71 98.65 98.69 98.81 99.00 99.25 99.46 99.53 100.01 100.85 101.92 103.17 104.60 106.19 107.91 109.74 111.67 113.68 115.75 117.85 119.98 122.10 124.21 126.28 128.29 130.22
