data_processed/recharge/precip/Precip_2006_03.asc
ncols        168
nrows        136
xllcorner    455000
yllcorner    2107000
cellsize     500
NODATA_value     -99999
[rows 70 to 104 of 136, columns 78 to 155 of 168]
22.93 23.33 23.66 23.91 24.09 24.17 24.16 24.04 23.82 23.50 23.11 22.66 22.14 21.56 20.91 20.20 19.42 18.58 17.68 16.70 15.66 14.57 13.47 12.39 11.32 10.27 9.25 8.28 7.35 6.48 5.67 4.93 4.27 3.70 3.22 2.86 2.62 2.50 2.49 2.59 2.78 3.07 3.43 3.86 4.36 4.92 5.52 6.12 6.68 7.20 7.69 8.14 8.56 8.93 9.26 9.55 9.80 10.01 10.18 10.34 10.51 10.69 10.87 11.06 11.24 11.43 11.60 11.76 11.91 12.05 12.16 12.25 12.32 12.39 12.46 12.53 12.62 12.71
23.79 24.17 24.49 24.74 24.90 24.97 24.95 24.83 24.61 24.29 23.87 23.38 22.83 22.22 21.54 20.81 20.00 19.14 18.21 17.21 16.15 15.04 13.92 12.82 11.73 10.67 9.64 8.65 7.71 6.83 6.01 5.26 4.59 4.01 3.52 3.13 2.85 2.69 2.65 2.72 2.89 3.15 3.50 3.93 4.43 4.99 5.59 6.20 6.76 7.29 7.78 8.22 8.63 8.99 9.31 9.59 9.82 10.01 10.20 10.38 10.57 10.76 10.96 11.15 11.34 11.53 11.71 11.87 12.02 12.15 12.26 12.34 12.40 12.46 12.52 12.59 12.67 12.75
24.59 24.96 25.26 25.49 25.63 25.68 25.65 25.53 25.32 25.00 24.59 24.08 23.50 22.86 22.16 21.39 20.56 19.67 18.72 17.70 16.63 15.50 14.37 13.24 12.14 11.07 10.02 9.02 8.07 7.18 6.35 5.60 4.93 4.34 3.85 3.44 3.13 2.93 2.85 2.89 3.03 3.27 3.61 4.02 4.51 5.07 5.68 6.29 6.86 7.38 7.87 8.30 8.70 9.05 9.35 9.60 9.82 10.02 10.23 10.43 10.64 10.85 11.06 11.26 11.46 11.66 11.84 12.00 12.15 12.27 12.37 12.44 12.49 12.55 12.60 12.67 12.74 12.82
25.32 25.67 25.94 26.15 26.27 26.31 26.27 26.15 25.94 25.64 25.24 24.74 24.14 23.47 22.74 21.95 21.10 20.19 19.22 18.18 17.09 15.95 14.80 13.66 12.55 11.46 10.41 9.40 8.44 7.54 6.71 5.95 5.28 4.69 4.19 3.78 3.46 3.23 3.11 3.11 3.22 3.44 3.75 4.15 4.63 5.18 5.79 6.40 6.96 7.48 7.95 8.38 8.76 9.09 9.37 9.61 9.83 10.06 10.29 10.51 10.74 10.96 11.18 11.39 11.60 11.80 11.98 12.15 12.29 12.41 12.51 12.57 12.61 12.65 12.70 12.76 12.82 12.90
25.97 26.29 26.53 26.71 26.81 26.84 26.80 26.68 26.48 26.18 25.80 25.32 24.73 24.05 23.30 22.48 21.61 20.68 19.69 18.64 17.53 16.38 15.22 14.07 12.95 11.85 10.79 9.77 8.81 7.91 7.08 6.33 5.65 5.06 4.56 4.14 3.81 3.56 3.42 3.38 3.45 3.64 3.92 4.30 4.77 5.31 5.92 6.52 7.08 7.59 8.05 8.46 8.81 9.12 9.39 9.63 9.88 10.13 10.37 10.62 10.86 11.09 11.32 11.54 11.76 11.96 12.14 12.31 12.45 12.57 12.66 12.71 12.74 12.78 12.82 12.87 12.93 13.00
26.53 26.81 27.02 27.17 27.25 27.28 27.24 27.12 26.92 26.64 26.27 25.81 25.25 24.58 23.82 22.99 22.10 21.15 20.15 19.08 17.96 16.79 15.62 14.47 13.34 12.23 11.17 10.14 9.18 8.28 7.46 6.71 6.04 5.45 4.94 4.52 4.18 3.92 3.76 3.69 3.73 3.88 4.14 4.49 4.94 5.47 6.07 6.66 7.21 7.70 8.14 8.53 8.87 9.16 9.43 9.70 9.97 10.23 10.49 10.75 11.00 11.25 11.48 11.71 11.93 12.14 12.32 12.49 12.63 12.74 12.82 12.87 12.89 12.92 12.95 12.99 13.04 13.11
26.98 27.21 27.39 27.53 27.60 27.62 27.58 27.46 27.27 27.00 26.65 26.21 25.67 25.03 24.29 23.46 22.55 21.59 20.57 19.50 18.36 17.19 16.01 14.85 13.71 12.60 11.53 10.51 9.56 8.67 7.85 7.11 6.44 5.85 5.34 4.91 4.57 4.30 4.13 4.04 4.05 4.17 4.39 4.72 5.14 5.65 6.24 6.82 7.35 7.82 8.24 8.61 8.92 9.22 9.51 9.80 10.09 10.37 10.65 10.92 11.18 11.43 11.67 11.90 12.12 12.33 12.52 12.68 12.82 12.93 13.01 13.04 13.05 13.07 13.09 13.13 13.17 13.24
27.30 27.51 27.67 27.79 27.85 27.87 27.82 27.71 27.52 27.27 26.93 26.51 26.00 25.39 24.69 23.88 22.97 22.00 20.97 19.88 18.74 17.56 16.37 15.21 14.06 12.95 11.89 10.88 9.94 9.06 8.26 7.52 6.86 6.27 5.75 5.32 4.97 4.70 4.52 4.42 4.41 4.49 4.68 4.98 5.37 5.86 6.43 7.00 7.50 7.96 8.35 8.69 9.02 9.34 9.65 9.96 10.26 10.56 10.85 11.12 11.39 11.65 11.89 12.13 12.34 12.54 12.73 12.89 13.03 13.13 13.20 13.23 13.23 13.24 13.25 13.28 13.32 13.39
27.52 27.70 27.84 27.94 28.00 28.01 27.96 27.85 27.67 27.43 27.11 26.71 26.23 25.65 24.98 24.21 23.34 22.36 21.33 20.23 19.09 17.90 16.71 15.54 14.40 13.29 12.24 11.25 10.32 9.46 8.66 7.94 7.28 6.69 6.18 5.74 5.39 5.11 4.92 4.81 4.79 4.85 5.01 5.27 5.64 6.10 6.65 7.19 7.68 8.10 8.47 8.82 9.17 9.51 9.84 10.16 10.48 10.79 11.09 11.37 11.64 11.90 12.15 12.38 12.59 12.79 12.96 13.12 13.25 13.35 13.41 13.43 13.42 13.42 13.42 13.44 13.49 13.58
27.62 27.78 27.90 27.99 28.04 28.04 27.99 27.89 27.72 27.49 27.19 26.81 26.35 25.81 25.17 24.45 23.61 22.68 21.65 20.55 19.40 18.21 17.02 15.85 14.71 13.63 12.60 11.63 10.71 9.86 9.08 8.36 7.71 7.12 6.61 6.18 5.82 5.54 5.33 5.21 5.18 5.23 5.37 5.60 5.93 6.37 6.89 7.41 7.86 8.27 8.64 9.01 9.38 9.74 10.09 10.42 10.75 11.07 11.37 11.66 11.94 12.20 12.44 12.66 12.87 13.06 13.22 13.37 13.49 13.58 13.63 13.64 13.62 13.61 13.61 13.63 13.69 13.80
27.61 27.74 27.85 27.92 27.96 27.96 27.91 27.81 27.66 27.44 27.16 26.80 26.37 25.86 25.26 24.58 23.79 22.91 21.91 20.83 19.67 18.48 17.30 16.14 15.02 13.96 12.95 12.00 11.10 10.27 9.49 8.78 8.14 7.56 7.05 6.62 6.26 5.97 5.76 5.63 5.59 5.63 5.75 5.96 6.26 6.66 7.16 7.64 8.08 8.48 8.88 9.27 9.66 10.03 10.39 10.74 11.08 11.40 11.71 12.00 12.28 12.53 12.77 12.99 13.19 13.36 13.51 13.64 13.74 13.82 13.86 13.86 13.83 13.81 13.81 13.85 13.94 14.06
27.48 27.59 27.68 27.75 27.78 27.77 27.72 27.63 27.48 27.28 27.02 26.69 26.28 25.81 25.25 24.60 23.86 23.03 22.09 21.05 19.91 18.72 17.55 16.41 15.33 14.29 13.30 12.37 11.49 10.67 9.91 9.21 8.58 8.00 7.50 7.07 6.70 6.42 6.20 6.07 6.01 6.03 6.14 6.34 6.62 6.99 7.45 7.91 8.35 8.78 9.20 9.61 10.00 10.39 10.76 11.12 11.47 11.79 12.10 12.39 12.67 12.92 13.15 13.36 13.54 13.70 13.84 13.95 14.03 14.08 14.11 14.09 14.05 14.03 14.05 14.11 14.21 14.35
27.23 27.32 27.40 27.45 27.47 27.46 27.42 27.33 27.19 27.01 26.76 26.46 26.08 25.64 25.11 24.51 23.82 23.04 22.16 21.17 20.09 18.92 17.78 16.68 15.62 14.61 13.65 12.73 11.88 11.07 10.33 9.64 9.01 8.45 7.95 7.52 7.16 6.87 6.65 6.51 6.44 6.45 6.55 6.73 6.99 7.34 7.78 8.24 8.70 9.15 9.59 10.01 10.42 10.82 11.20 11.57 11.91 12.24 12.55 12.84 13.11 13.36 13.58 13.77 13.94 14.09 14.21 14.29 14.35 14.38 14.38 14.34 14.29 14.29 14.32 14.40 14.51 14.66
26.85 26.92 26.98 27.01 27.03 27.02 26.98 26.89 26.77 26.60 26.37 26.09 25.75 25.33 24.85 24.29 23.64 22.91 22.09 21.17 20.15 19.05 17.95 16.89 15.86 14.88 13.94 13.06 12.22 11.44 10.71 10.04 9.43 8.87 8.38 7.96 7.60 7.31 7.09 6.95 6.87 6.88 6.96 7.13 7.38 7.72 8.16 8.64 9.12 9.59 10.04 10.48 10.91 11.31 11.70 12.07 12.43 12.76 13.07 13.35 13.61 13.85 14.06 14.25 14.40 14.53 14.63 14.70 14.73 14.74 14.70 14.62 14.53 14.53 14.58 14.67 14.79 14.95
26.33 26.38 26.42 26.45 26.45 26.44 26.40 26.32 26.21 26.05 25.85 25.59 25.27 24.89 24.45 23.93 23.33 22.65 21.88 21.02 20.08 19.06 18.03 17.01 16.03 15.08 14.18 13.32 12.51 11.75 11.05 10.40 9.80 9.26 8.79 8.37 8.02 7.74 7.53 7.38 7.31 7.31 7.39 7.55 7.79 8.14 8.59 9.09 9.59 10.07 10.55 11.00 11.44 11.86 12.26 12.64 12.99 13.33 13.63 13.92 14.18 14.41 14.61 14.78 14.93 15.04 15.12 15.17 15.18 15.16 15.08 14.93 14.77 14.73 14.79 14.89 15.03 15.20
25.69 25.71 25.73 25.75 25.75 25.73 25.69 25.62 25.52 25.37 25.19 24.95 24.67 24.32 23.91 23.43 22.88 22.25 21.55 20.77 19.89 18.94 18.00 17.05 16.12 15.21 14.35 13.52 12.75 12.02 11.34 10.72 10.14 9.63 9.17 8.77 8.44 8.16 7.96 7.82 7.75 7.76 7.84 8.00 8.25 8.61 9.07 9.58 10.09 10.60 11.09 11.56 12.01 12.45 12.85 13.24 13.60 13.94 14.25 14.53 14.79 15.02 15.21 15.37 15.51 15.60 15.67 15.70 15.69 15.62 15.48 15.27 15.05 14.94 14.96 15.07 15.23 15.41
24.92 24.93 24.93 24.94 24.93 24.91 24.86 24.80 24.71 24.58 24.41 24.20 23.94 23.63 23.25 22.82 22.31 21.74 21.11 20.40 19.60 18.72 17.85 16.99 16.13 15.28 14.46 13.68 12.94 12.25 11.60 11.00 10.46 9.97 9.54 9.16 8.84 8.59 8.39 8.27 8.21 8.22 8.31 8.48 8.75 9.12 9.60 10.12 10.64 11.15 11.66 12.15 12.62 13.07 13.49 13.88 14.25 14.59 14.91 15.19 15.44 15.67 15.85 16.01 16.13 16.22 16.26 16.27 16.23 16.10 15.90 15.63 15.35 15.19 15.16 15.23 15.39 15.59
24.06 24.04 24.03 24.01 24.00 23.97 23.93 23.87 23.79 23.67 23.52 23.34 23.10 22.82 22.49 22.09 21.64 21.15 20.59 19.95 19.21 18.40 17.59 16.82 16.05 15.29 14.52 13.78 13.09 12.43 11.83 11.27 10.76 10.30 9.89 9.54 9.24 9.01 8.84 8.73 8.68 8.71 8.81 9.00 9.29 9.67 10.16 10.69 11.22 11.74 12.26 12.76 13.25 13.71 14.14 14.55 14.93 15.28 15.59 15.88 16.13 16.35 16.53 16.68 16.79 16.87 16.90 16.87 16.77 16.59 16.33 16.00 15.67 15.46 15.38 15.41 15.54 15.74
23.10 23.05 23.02 22.99 22.97 22.94 22.90 22.84 22.77 22.67 22.54 22.37 22.17 21.92 21.62 21.28 20.90 20.48 19.99 19.42 18.74 17.98 17.25 16.55 15.87 15.20 14.52 13.85 13.20 12.59 12.03 11.51 11.03 10.61 10.24 9.92 9.65 9.44 9.29 9.21 9.18 9.23 9.35 9.56 9.86 10.26 10.76 11.30 11.83 12.36 12.88 13.40 13.89 14.37 14.82 15.24 15.62 15.98 16.30 16.59 16.84 17.06 17.24 17.38 17.48 17.54 17.55 17.47 17.32 17.08 16.78 16.40 16.02 15.76 15.63 15.62 15.71 15.89
22.09 21.99 21.93 21.89 21.85 21.82 21.78 21.73 21.66 21.57 21.46 21.32 21.14 20.92 20.67 20.41 20.11 19.76 19.33 18.82 18.20 17.50 16.82 16.19 15.60 15.02 14.45 13.87 13.28 12.73 12.21 11.73 11.30 10.92 10.58 10.30 10.07 9.89 9.77 9.71 9.71 9.78 9.92 10.14 10.46 10.87 11.38 11.92 12.47 13.00 13.53 14.05 14.55 15.04 15.50 15.93 16.33 16.69 17.02 17.31 17.57 17.78 17.96 18.10 18.19 18.22 18.18 18.06 17.85 17.58 17.22 16.80 16.37 16.08 15.91 15.86 15.92 16.06
21.03 20.89 20.78 20.71 20.66 20.62 20.58 20.53 20.47 20.40 20.30 20.18 20.03 19.86 19.69 19.50 19.27 18.98 18.62 18.17 17.60 16.94 16.33 15.77 15.25 14.76 14.28 13.81 13.33 12.84 12.37 11.95 11.57 11.23 10.94 10.69 10.50 10.36 10.27 10.24 10.26 10.35 10.51 10.75 11.08 11.50 12.01 12.57 13.12 13.66 14.19 14.71 15.22 15.71 16.18 16.63 17.04 17.41 17.74 18.04 18.30 18.52 18.69 18.82 18.89 18.88 18.79 18.63 18.38 18.06 17.67 17.20 16.74 16.41 16.21 16.13 16.15 16.27
19.94 19.76 19.60 19.48 19.40 19.35 19.31 19.27 19.22 19.15 19.08 18.98 18.87 18.78 18.68 18.56 18.40 18.17 17.87 17.47 16.94 16.34 15.78 15.28 14.84 14.43 14.05 13.68 13.31 12.92 12.53 12.16 11.83 11.54 11.30 11.10 10.95 10.85 10.79 10.78 10.83 10.94 11.12 11.37 11.71 12.14 12.67 13.22 13.78 14.32 14.86 15.38 15.89 16.39 16.86 17.31 17.74 18.12 18.46 18.77 19.03 19.25 19.42 19.53 19.56 19.51 19.38 19.18 18.89 18.54 18.11 17.61 17.12 16.76 16.53 16.42 16.42 16.51
18.85 18.62 18.41 18.24 18.11 18.03 17.98 17.94 17.90 17.85 17.79 17.74 17.70 17.68 17.66 17.60 17.50 17.34 17.09 16.73 16.26 15.69 15.19 14.75 14.37 14.05 13.75 13.48 13.22 12.95 12.67 12.37 12.10 11.87 11.68 11.53 11.42 11.36 11.33 11.34 11.41 11.54 11.74 12.01 12.36 12.80 13.32 13.88 14.44 14.99 15.53 16.05 16.57 17.06 17.54 17.99 18.42 18.81 19.17 19.48 19.74 19.96 20.12 20.20 20.19 20.11 19.94 19.70 19.39 19.00 18.54 18.02 17.50 17.11 16.85 16.73 16.71 16.78
17.76 17.49 17.23 17.01 16.83 16.69 16.61 16.57 16.54 16.50 16.48 16.50 16.54 16.59 16.63 16.64 16.60 16.49 16.29 15.98 15.54 15.02 14.56 14.18 13.87 13.61 13.41 13.23 13.07 12.91 12.75 12.57 12.38 12.21 12.07 11.98 11.91 11.88 11.87 11.91 12.00 12.15 12.36 12.64 13.00 13.45 13.98 14.54 15.10 15.65 16.19 16.72 17.23 17.73 18.20 18.66 19.09 19.49 19.85 20.17 20.44 20.65 20.77 20.82 20.78 20.66 20.47 20.20 19.86 19.45 18.96 18.41 17.87 17.46 17.19 17.05 17.01 17.07
16.71 16.38 16.08 15.80 15.56 15.37 15.24 15.16 15.13 15.13 15.18 15.28 15.40 15.52 15.62 15.69 15.70 15.64 15.49 15.22 14.81 14.33 13.91 13.58 13.33 13.15 13.02 12.93 12.87 12.83 12.79 12.74 12.66 12.57 12.50 12.44 12.41 12.40 12.42 12.48 12.59 12.76 12.98 13.28 13.65 14.10 14.63 15.20 15.76 16.31 16.85 17.38 17.89 18.38 18.86 19.31 19.73 20.13 20.50 20.83 21.09 21.27 21.37 21.38 21.32 21.18 20.96 20.67 20.30 19.87 19.37 18.80 18.24 17.82 17.53 17.37 17.33 17.39
15.70 15.32 14.97 14.64 14.34 14.09 13.90 13.77 13.73 13.80 13.93 14.10 14.28 14.47 14.63 14.75 14.82 14.80 14.69 14.46 14.09 13.63 13.25 12.97 12.78 12.66 12.61 12.61 12.64 12.70 12.78 12.85 12.91 12.94 12.93 12.91 12.90 12.92 12.97 13.05 13.18 13.36 13.60 13.90 14.28 14.73 15.27 15.84 16.40 16.95 17.49 18.02 18.53 19.02 19.49 19.94 20.36 20.75 21.12 21.43 21.67 21.83 21.90 21.89 21.81 21.64 21.41 21.10 20.72 20.27 19.75 19.17 18.60 18.16 17.87 17.71 17.66 17.71
14.75 14.33 13.92 13.54 13.18 12.88 12.62 12.46 12.42 12.53 12.72 12.96 13.21 13.46 13.67 13.85 13.96 13.99 13.91 13.71 13.37 12.94 12.59 12.35 12.22 12.16 12.18 12.26 12.39 12.55 12.74 12.93 13.11 13.25 13.33 13.36 13.39 13.43 13.50 13.61 13.75 13.95 14.20 14.51 14.90 15.36 15.89 16.46 17.02 17.57 18.11 18.63 19.14 19.63 20.10 20.54 20.96 21.34 21.69 21.97 22.18 22.31 22.36 22.34 22.24 22.06 21.81 21.48 21.09 20.63 20.11 19.52 18.94 18.50 18.21 18.04 18.00 18.05
13.89 13.41 12.95 12.51 12.10 11.74 11.45 11.29 11.26 11.36 11.59 11.88 12.19 12.49 12.76 12.99 13.14 13.20 13.16 12.99 12.67 12.26 11.94 11.75 11.66 11.67 11.75 11.91 12.13 12.39 12.68 12.98 13.26 13.49 13.67 13.79 13.86 13.93 14.02 14.15 14.31 14.52 14.78 15.10 15.49 15.95 16.49 17.06 17.61 18.16 18.70 19.22 19.72 20.21 20.67 21.11 21.52 21.88 22.19 22.43 22.61 22.72 22.76 22.72 22.61 22.42 22.16 21.83 21.43 20.96 20.43 19.84 19.26 18.83 18.53 18.37 18.33 18.40
13.12 12.59 12.08 11.58 11.12 10.72 10.45 10.30 10.28 10.37 10.57 10.88 11.24 11.59 11.91 12.18 12.37 12.46 12.45 12.30 12.00 11.61 11.32 11.16 11.12 11.18 11.33 11.57 11.86 12.22 12.60 12.98 13.33 13.65 13.92 14.14 14.30 14.41 14.52 14.66 14.84 15.06 15.34 15.66 16.06 16.52 17.06 17.62 18.18 18.72 19.25 19.77 20.27 20.75 21.20 21.63 22.02 22.35 22.62 22.82 22.97 23.05 23.08 23.03 22.91 22.72 22.45 22.12 21.72 21.26 20.73 20.14 19.56 19.13 18.85 18.70 18.67 18.75
12.47 11.89 11.32 10.77 10.28 9.90 9.65 9.51 9.48 9.56 9.74 10.01 10.37 10.77 11.13 11.43 11.66 11.78 11.79 11.66 11.38 11.01 10.74 10.61 10.61 10.72 10.93 11.23 11.61 12.04 12.49 12.93 13.34 13.73 14.08 14.38 14.64 14.84 14.99 15.15 15.35 15.58 15.86 16.19 16.59 17.05 17.59 18.15 18.70 19.24 19.77 20.28 20.77 21.24 21.69 22.10 22.45 22.74 22.97 23.15 23.26 23.32 23.32 23.27 23.15 22.95 22.69 22.36 21.96 21.50 20.98 20.40 19.84 19.42 19.15 19.01 19.00 19.09
11.96 11.33 10.70 10.13 9.66 9.31 9.07 8.94 8.90 8.96 9.11 9.34 9.65 10.03 10.42 10.76 11.02 11.17 11.20 11.09 10.82 10.45 10.20 10.10 10.13 10.29 10.56 10.93 11.37 11.85 12.33 12.81 13.28 13.72 14.14 14.53 14.88 15.17 15.41 15.61 15.81 16.06 16.34 16.68 17.08 17.55 18.08 18.63 19.18 19.71 20.23 20.74 21.22 21.69 22.11 22.48 22.80 23.05 23.25 23.40 23.49 23.52 23.51 23.43 23.31 23.12 22.86 22.54 22.16 21.71 21.20 20.63 20.08 19.67 19.42 19.30 19.31 19.43
11.60 10.91 10.27 9.73 9.29 8.96 8.73 8.60 8.55 8.59 8.70 8.89 9.14 9.46 9.82 10.18 10.46 10.64 10.68 10.58 10.32 9.96 9.72 9.65 9.71 9.91 10.24 10.66 11.13 11.62 12.12 12.63 13.14 13.64 14.12 14.58 15.00 15.38 15.72 16.00 16.24 16.49 16.78 17.13 17.53 17.99 18.52 19.06 19.60 20.13 20.65 21.14 21.62 22.06 22.45 22.78 23.06 23.29 23.46 23.58 23.64 23.66 23.62 23.54 23.40 23.22 22.97 22.66 22.29 21.86 21.36 20.81 20.28 19.90 19.67 19.58 19.62 19.76
11.41 10.71 10.10 9.60 9.19 8.88 8.66 8.52 8.45 8.46 8.54 8.67 8.86 9.10 9.39 9.71 10.00 10.19 10.25 10.16 9.90 9.54 9.32 9.26 9.36 9.60 9.95 10.38 10.85 11.35 11.87 12.40 12.94 13.48 14.01 14.52 15.01 15.47 15.90 16.27 16.59 16.87 17.17 17.52 17.92 18.38 18.90 19.44 19.98 20.50 21.00 21.49 21.94 22.34 22.69 22.99 23.24 23.44 23.58 23.68 23.72 23.72 23.67 23.58 23.43 23.24 23.01 22.72 22.36 21.95 21.48 20.95 20.45 20.09 19.89 19.83 19.90 20.06
11.45 10.79 10.23 9.76 9.38 9.08 8.86 8.71 8.63 8.60 8.63 8.71 8.84 9.00 9.19 9.42 9.66 9.85 9.92 9.83 9.57 9.21 8.99 8.95 9.07 9.34 9.69 10.09 10.54 11.04 11.56 12.10 12.67 13.24 13.81 14.37 14.92 15.45 15.94 16.40 16.82 17.18 17.51 17.86 18.25 18.71 19.22 19.76 20.28 20.79 21.29 21.75 22.17 22.53 22.85 23.11 23.33 23.50 23.62 23.70 23.73 23.71 23.65 23.55 23.40 23.21 22.98 22.70 22.37 21.98 21.54 21.04 20.57 20.24 20.07 20.05 20.13 20.24
11.80 11.20 10.68 10.24 9.88 9.59 9.37 9.20 9.09 9.03 9.01 9.03 9.08 9.16 9.26 9.38 9.51 9.64 9.70 9.61 9.35 8.98 8.76 8.73 8.86 9.10 9.41 9.78 10.21 10.69 11.20 11.75 12.32 12.91 13.51 14.12 14.71 15.30 15.86 16.39 16.89 17.35 17.75 18.13 18.52 18.97 19.48 20.01 20.52 21.02 21.49 21.92 22.30 22.63 22.91 23.15 23.34 23.48 23.59 23.65 23.66 23.63 23.57 23.46 23.31 23.12 22.89 22.62 22.31 21.95 21.54 21.08 20.64 20.35 20.22 20.21 20.24 20.27
