data_processed/recharge/precip/Precip_1996_02.asc
ncols        168
nrows        136
xllcorner    455000
yllcorner    2107000
cellsize     500
NODATA_value     -99999
[rows 0 to 37 of 136, columns 0 to 83 of 168]
0.48 0.44 0.39 0.27 0.10 0.00 0.00 0.00 0.00 0.00 0.00 0.00 0.00 0.00 0.00 0.00 0.00 0.00 0.00 0.00 0.00 0.00 0.00 0.00 0.00 0.00 0.00 0.00 0.00 0.00 0.00 0.00 0.00 0.00 0.00 0.00 0.00 0.00 0.00 0.00 0.00 0.00 0.00 0.00 0.00 0.00 0.00 0.00 0.00 0.00 0.00 0.18 0.34 0.43 0.45 0.43 0.40 0.37 0.34 0.32 0.29 0.27 0.24 0.22 0.20 0.17 0.15 0.13 0.10 0.08 0.05 0.03 0.00 0.00 0.00 0.00 0.00 0.00 0.00 0.00 0.00 0.00 0.00 0.00
0.42 0.35 0.25 0.12 0.00 0.00 0.00 0.00 0.00 0.00 0.00 0.00 0.00 0.00 0.00 0.00 0.00 0.00 0.00 0.00 0.00 0.00 0.00 0.00 0.00 0.00 0.00 0.00 0.00 0.00 0.00 0.00 0.00 0.00 0.00 0.00 0.00 0.00 0.00 0.00 0.00 0.00 0.00 0.00 0.00 0.00 0.00 0.00 0.00 0.00 0.00 0.15 0.25 0.28 0.26 0.24 0.22 0.20 0.19 0.17 0.16 0.14 0.13 0.12 0.11 0.09 0.08 0.07 0.06 0.05 0.03 0.02 0.01 0.00 0.00 0.00 0.00 0.00 0.00 0.00 0.00 0.00 0.00 0.00
0.35 0.27 0.18 0.07 0.00 0.00 0.00 0.00 0.00 0.00 0.00 0.00 0.00 0.00 0.00 0.00 0.00 0.00 0.00 0.00 0.00 0.00 0.00 0.00 0.00 0.00 0.00 0.00 0.00 0.00 0.00 0.00 0.00 0.00 0.00 0.00 0.00 0.00 0.00 0.00 0.00 0.00 0.00 0.00 0.00 0.00 0.00 0.00 0.00 0.00 0.04 0.12 0.16 0.14 0.13 0.11 0.10 0.09 0.08 0.07 0.06 0.05 0.05 0.04 0.04 0.03 0.03 0.03 0.02 0.02 0.02 0.01 0.01 0.00 0.00 0.00 0.00 0.00 0.00 0.00 0.00 0.00 0.00 0.00
0.30 0.23 0.15 0.06 0.00 0.00 0.00 0.00 0.00 0.00 0.00 0.00 0.00 0.00 0.00 0.00 0.00 0.00 0.00 0.00 0.00 0.00 0.00 0.00 0.00 0.00 0.00 0.00 0.00 0.00 0.00 0.00 0.00 0.00 0.00 0.00 0.00 0.00 0.00 0.00 0.00 0.00 0.00 0.00 0.00 0.00 0.00 0.00 0.01 0.06 0.08 0.10 0.09 0.07 0.05 0.04 0.03 0.02 0.01 0.01 0.00 0.00 0.00 0.00 0.00 0.00 0.00 0.00 0.00 0.01 0.01 0.01 0.01 0.01 0.01 0.01 0.01 0.01 0.01 0.01 0.01 0.01 0.01 0.00
0.24 0.19 0.13 0.06 0.00 0.00 0.00 0.00 0.00 0.00 0.00 0.00 0.00 0.00 0.00 0.00 0.00 0.00 0.00 0.00 0.00 0.00 0.00 0.00 0.00 0.00 0.00 0.00 0.00 0.00 0.00 0.00 0.00 0.00 0.00 0.00 0.00 0.00 0.00 0.00 0.00 0.00 0.00 0.00 0.00 0.00 0.00 0.00 0.06 0.10 0.11 0.09 0.07 0.05 0.04 0.03 0.01 0.00 0.00 0.00 0.00 0.00 0.00 0.00 0.00 0.00 0.00 0.00 0.00 0.01 0.01 0.01 0.02 0.02 0.03 0.03 0.03 0.03 0.03 0.03 0.03 0.03 0.03 0.02
0.19 0.15 0.10 0.05 0.00 0.00 0.00 0.00 0.00 0.00 0.00 0.00 0.00 0.00 0.00 0.00 0.00 0.00 0.00 0.00 0.00 0.00 0.00 0.00 0.00 0.00 0.00 0.00 0.00 0.00 0.00 0.00 0.00 0.00 0.00 0.00 0.00 0.00 0.00 0.00 0.00 0.00 0.00 0.00 0.00 0.00 0.00 0.06 0.10 0.12 0.12 0.10 0.08 0.06 0.04 0.03 0.02 0.01 0.00 0.00 0.00 0.00 0.00 0.00 0.00 0.00 0.00 0.00 0.00 0.01 0.01 0.02 0.03 0.03 0.04 0.04 0.05 0.06 0.06 0.06 0.05 0.05 0.05 0.05
0.14 0.11 0.07 0.03 0.00 0.00 0.00 0.00 0.00 0.00 0.00 0.00 0.00 0.00 0.00 0.00 0.00 0.00 0.00 0.00 0.00 0.00 0.00 0.00 0.00 0.00 0.00 0.00 0.00 0.00 0.00 0.00 0.00 0.00 0.00 0.00 0.00 0.00 0.00 0.00 0.00 0.00 0.00 0.00 0.00 0.01 0.07 0.11 0.13 0.14 0.13 0.11 0.09 0.07 0.05 0.03 0.02 0.01 0.00 0.00 0.00 0.00 0.00 0.00 0.00 0.00 0.00 0.00 0.00 0.01 0.01 0.02 0.03 0.04 0.04 0.06 0.07 0.09 0.09 0.09 0.09 0.08 0.08 0.08
0.10 0.07 0.04 0.01 0.00 0.00 0.00 0.00 0.00 0.00 0.00 0.00 0.00 0.00 0.00 0.00 0.00 0.00 0.00 0.00 0.00 0.00 0.00 0.01 0.16 0.35 0.48 0.48 0.36 0.19 0.03 0.00 0.00 0.00 0.00 0.00 0.00 0.00 0.00 0.00 0.00 0.00 0.00 0.02 0.07 0.11 0.13 0.15 0.15 0.15 0.14 0.12 0.10 0.08 0.06 0.04 0.02 0.01 0.00 0.00 0.00 0.00 0.00 0.00 0.00 0.00 0.00 0.00 0.00 0.00 0.01 0.02 0.03 0.04 0.05 0.07 0.09 0.11 0.13 0.13 0.13 0.12 0.12 0.11
0.06 0.03 0.01 0.00 0.00 0.00 0.00 0.00 0.00 0.00 0.00 0.00 0.00 0.00 0.00 0.00 0.00 0.00 0.04 0.09 0.15 0.23 0.36 0.55 0.78 1.05 1.26 1.35 1.31 1.15 0.94 0.75 0.59 0.47 0.37 0.29 0.24 0.20 0.18 0.17 0.17 0.17 0.18 0.19 0.19 0.19 0.18 0.17 0.17 0.16 0.15 0.13 0.11 0.09 0.06 0.04 0.03 0.01 0.00 0.00 0.00 0.00 0.00 0.00 0.00 0.00 0.00 0.00 0.00 0.00 0.01 0.02 0.03 0.04 0.06 0.09 0.11 0.14 0.16 0.17 0.17 0.17 0.16 0.15
0.03 0.01 0.00 0.00 0.00 0.00 0.00 0.00 0.00 0.00 0.00 0.00 0.00 0.00 0.00 0.05 0.10 0.16 0.24 0.32 0.42 0.57 0.78 1.04 1.35 1.69 1.97 2.13 2.16 2.08 1.88 1.63 1.40 1.21 1.04 0.90 0.78 0.68 0.60 0.53 0.48 0.43 0.38 0.34 0.30 0.25 0.21 0.19 0.18 0.17 0.16 0.14 0.12 0.09 0.07 0.05 0.03 0.01 0.00 0.00 0.00 0.00 0.00 0.00 0.00 0.00 0.00 0.00 0.00 0.00 0.00 0.01 0.03 0.05 0.07 0.10 0.14 0.17 0.20 0.21 0.22 0.22 0.21 0.19
0.00 0.00 0.00 0.00 0.00 0.00 0.00 0.00 0.00 0.00 0.00 0.00 0.00 0.01 0.07 0.13 0.20 0.28 0.38 0.50 0.66 0.89 1.17 1.49 1.86 2.26 2.60 2.82 2.92 2.91 2.78 2.54 2.25 1.97 1.73 1.52 1.33 1.17 1.02 0.89 0.77 0.67 0.56 0.47 0.37 0.29 0.24 0.21 0.19 0.18 0.17 0.15 0.12 0.10 0.08 0.06 0.04 0.02 0.00 0.00 0.00 0.00 0.00 0.00 0.00 0.00 0.00 0.00 0.00 0.00 0.00 0.01 0.03 0.06 0.09 0.12 0.16 0.20 0.23 0.25 0.26 0.26 0.25 0.24
0.00 0.00 0.00 0.00 0.00 0.00 0.00 0.00 0.00 0.00 0.00 0.00 0.00 0.04 0.10 0.17 0.26 0.36 0.48 0.66 0.90 1.18 1.52 1.90 2.32 2.77 3.15 3.43 3.59 3.63 3.56 3.38 3.09 2.75 2.43 2.14 1.88 1.64 1.43 1.23 1.05 0.88 0.71 0.56 0.42 0.33 0.26 0.23 0.20 0.19 0.17 0.15 0.13 0.11 0.08 0.06 0.04 0.02 0.01 0.00 0.00 0.00 0.00 0.00 0.00 0.00 0.00 0.00 0.00 0.00 0.00 0.01 0.04 0.07 0.10 0.14 0.19 0.23 0.26 0.28 0.30 0.30 0.30 0.29
0.00 0.00 0.00 0.00 0.00 0.00 0.00 0.00 0.00 0.00 0.00 0.00 0.00 0.04 0.11 0.19 0.29 0.41 0.59 0.82 1.11 1.45 1.84 2.26 2.72 3.21 3.63 3.95 4.15 4.24 4.23 4.10 3.86 3.52 3.13 2.76 2.42 2.11 1.81 1.54 1.29 1.05 0.82 0.62 0.47 0.36 0.29 0.24 0.21 0.20 0.18 0.16 0.13 0.11 0.09 0.07 0.05 0.03 0.01 0.00 0.00 0.00 0.00 0.00 0.00 0.00 0.00 0.00 0.00 0.00 0.00 0.02 0.05 0.08 0.12 0.17 0.21 0.25 0.29 0.32 0.33 0.34 0.34 0.33
0.00 0.00 0.00 0.00 0.00 0.00 0.00 0.00 0.00 0.00 0.00 0.00 0.00 0.03 0.10 0.19 0.30 0.47 0.70 0.98 1.32 1.70 2.12 2.58 3.07 3.58 4.03 4.38 4.62 4.75 4.77 4.69 4.50 4.20 3.81 3.36 2.94 2.54 2.17 1.82 1.49 1.17 0.90 0.68 0.51 0.39 0.31 0.26 0.22 0.20 0.18 0.16 0.14 0.12 0.10 0.07 0.06 0.04 0.02 0.00 0.00 0.00 0.00 0.00 0.00 0.00 0.00 0.00 0.00 0.00 0.00 0.03 0.06 0.10 0.14 0.19 0.24 0.28 0.32 0.35 0.37 0.38 0.38 0.37
0.00 0.00 0.00 0.00 0.00 0.00 0.00 0.00 0.00 0.00 0.00 0.00 0.00 0.01 0.08 0.18 0.33 0.55 0.82 1.14 1.51 1.92 2.36 2.85 3.36 3.89 4.35 4.72 4.98 5.14 5.20 5.15 4.99 4.74 4.38 3.92 3.42 2.93 2.48 2.04 1.63 1.27 0.97 0.73 0.55 0.42 0.33 0.27 0.23 0.21 0.19 0.17 0.14 0.12 0.10 0.08 0.06 0.04 0.02 0.01 0.00 0.00 0.00 0.00 0.00 0.00 0.00 0.00 0.00 0.00 0.01 0.04 0.08 0.12 0.17 0.21 0.26 0.31 0.35 0.38 0.40 0.41 0.41 0.41
0.00 0.00 0.00 0.00 0.00 0.00 0.00 0.00 0.00 0.00 0.00 0.00 0.00 0.00 0.07 0.20 0.39 0.64 0.94 1.29 1.68 2.11 2.57 3.07 3.59 4.12 4.60 4.97 5.25 5.42 5.50 5.47 5.35 5.12 4.79 4.37 3.85 3.28 2.73 2.21 1.74 1.35 1.03 0.78 0.59 0.45 0.35 0.28 0.24 0.21 0.19 0.17 0.15 0.13 0.11 0.09 0.07 0.05 0.03 0.01 0.00 0.00 0.00 0.00 0.00 0.00 0.00 0.00 0.00 0.00 0.02 0.06 0.10 0.14 0.19 0.24 0.29 0.34 0.38 0.41 0.43 0.44 0.44 0.44
0.00 0.00 0.00 0.00 0.00 0.00 0.00 0.00 0.00 0.00 0.00 0.00 0.00 0.00 0.09 0.25 0.47 0.74 1.06 1.43 1.83 2.27 2.74 3.24 3.76 4.29 4.76 5.13 5.41 5.59 5.68 5.66 5.55 5.35 5.04 4.64 4.15 3.56 2.93 2.34 1.84 1.43 1.10 0.83 0.63 0.48 0.37 0.29 0.25 0.22 0.19 0.17 0.15 0.13 0.11 0.09 0.07 0.05 0.04 0.02 0.01 0.00 0.00 0.00 0.00 0.00 0.00 0.00 0.00 0.01 0.05 0.08 0.12 0.17 0.22 0.27 0.32 0.36 0.40 0.43 0.45 0.46 0.47 0.46
0.00 0.00 0.00 0.00 0.00 0.00 0.00 0.00 0.00 0.00 0.00 0.00 0.00 0.04 0.16 0.34 0.58 0.86 1.19 1.56 1.97 2.41 2.88 3.36 3.87 4.38 4.84 5.20 5.47 5.65 5.73 5.72 5.62 5.42 5.13 4.74 4.26 3.69 3.06 2.46 1.94 1.51 1.16 0.88 0.67 0.50 0.39 0.30 0.25 0.22 0.19 0.17 0.15 0.13 0.11 0.10 0.08 0.06 0.04 0.03 0.01 0.00 0.00 0.00 0.00 0.00 0.00 0.00 0.01 0.04 0.07 0.11 0.15 0.20 0.25 0.29 0.34 0.39 0.43 0.45 0.47 0.48 0.49 0.48
0.00 0.00 0.00 0.00 0.00 0.00 0.00 0.00 0.00 0.00 0.00 0.00 0.04 0.14 0.28 0.47 0.71 1.00 1.33 1.69 2.09 2.52 2.97 3.44 3.92 4.41 4.84 5.18 5.43 5.59 5.66 5.64 5.53 5.33 5.04 4.66 4.19 3.67 3.12 2.56 2.04 1.59 1.22 0.93 0.70 0.53 0.40 0.31 0.26 0.22 0.19 0.17 0.15 0.14 0.12 0.10 0.08 0.07 0.05 0.03 0.02 0.01 0.00 0.00 0.00 0.00 0.00 0.01 0.04 0.07 0.10 0.14 0.18 0.23 0.28 0.32 0.37 0.41 0.45 0.48 0.49 0.50 0.50 0.49
0.00 0.00 0.00 0.00 0.00 0.00 0.00 0.00 0.00 0.00 0.00 0.05 0.14 0.27 0.43 0.62 0.86 1.14 1.46 1.81 2.19 2.59 3.02 3.46 3.91 4.36 4.76 5.07 5.29 5.42 5.47 5.43 5.31 5.09 4.79 4.41 3.97 3.52 3.07 2.60 2.12 1.66 1.28 0.98 0.73 0.55 0.42 0.32 0.26 0.22 0.19 0.17 0.16 0.14 0.12 0.10 0.09 0.07 0.06 0.04 0.03 0.02 0.01 0.00 0.01 0.02 0.03 0.05 0.07 0.10 0.14 0.18 0.22 0.26 0.31 0.35 0.40 0.44 0.47 0.50 0.51 0.51 0.51 0.50
0.01 0.01 0.01 0.00 0.00 0.00 0.00 0.00 0.00 0.01 0.06 0.15 0.27 0.43 0.61 0.81 1.04 1.30 1.59 1.92 2.27 2.64 3.03 3.43 3.83 4.24 4.59 4.86 5.04 5.14 5.15 5.08 4.93 4.70 4.38 4.01 3.64 3.28 2.91 2.53 2.14 1.73 1.34 1.02 0.77 0.57 0.43 0.33 0.26 0.22 0.19 0.17 0.16 0.14 0.12 0.11 0.09 0.08 0.06 0.05 0.04 0.03 0.03 0.03 0.04 0.05 0.07 0.09 0.12 0.15 0.18 0.22 0.26 0.30 0.34 0.38 0.43 0.46 0.49 0.51 0.52 0.52 0.52 0.50
0.03 0.03 0.03 0.02 0.02 0.02 0.02 0.02 0.03 0.07 0.16 0.28 0.43 0.60 0.79 1.01 1.23 1.47 1.73 2.02 2.33 2.66 3.00 3.35 3.70 4.04 4.34 4.55 4.68 4.74 4.71 4.60 4.41 4.14 3.83 3.53 3.23 2.94 2.65 2.36 2.05 1.73 1.39 1.06 0.80 0.59 0.44 0.34 0.26 0.22 0.19 0.17 0.16 0.14 0.13 0.11 0.10 0.08 0.07 0.06 0.05 0.05 0.05 0.06 0.08 0.09 0.11 0.14 0.16 0.19 0.23 0.26 0.30 0.34 0.38 0.42 0.45 0.49 0.51 0.53 0.53 0.53 0.52 0.50
0.05 0.05 0.05 0.05 0.04 0.04 0.04 0.05 0.09 0.17 0.29 0.43 0.60 0.78 0.99 1.20 1.42 1.64 1.86 2.10 2.36 2.64 2.92 3.21 3.50 3.77 4.00 4.15 4.22 4.22 4.13 3.97 3.74 3.47 3.21 2.97 2.75 2.53 2.31 2.10 1.87 1.63 1.38 1.10 0.83 0.61 0.45 0.34 0.27 0.22 0.19 0.17 0.16 0.14 0.13 0.12 0.10 0.09 0.08 0.07 0.07 0.07 0.08 0.10 0.12 0.14 0.16 0.19 0.22 0.25 0.28 0.31 0.34 0.38 0.41 0.45 0.48 0.51 0.53 0.54 0.54 0.53 0.52 0.49
0.08 0.08 0.08 0.07 0.07 0.07 0.07 0.11 0.19 0.30 0.44 0.60 0.78 0.97 1.17 1.38 1.59 1.79 1.99 2.18 2.38 2.59 2.80 3.02 3.23 3.43 3.58 3.65 3.65 3.58 3.43 3.21 2.96 2.73 2.53 2.35 2.19 2.04 1.90 1.75 1.61 1.44 1.27 1.07 0.85 0.63 0.47 0.35 0.27 0.22 0.19 0.17 0.16 0.15 0.13 0.12 0.11 0.10 0.09 0.09 0.10 0.11 0.12 0.14 0.16 0.19 0.22 0.24 0.27 0.30 0.33 0.36 0.39 0.42 0.45 0.48 0.51 0.53 0.54 0.55 0.54 0.53 0.51 0.48
0.11 0.11 0.10 0.10 0.10 0.10 0.14 0.21 0.32 0.45 0.60 0.78 0.96 1.15 1.35 1.55 1.74 1.92 2.09 2.23 2.37 2.50 2.64 2.77 2.90 3.01 3.07 3.06 2.98 2.82 2.60 2.36 2.14 1.96 1.81 1.69 1.58 1.50 1.42 1.34 1.26 1.17 1.07 0.95 0.81 0.64 0.47 0.35 0.26 0.21 0.18 0.17 0.16 0.15 0.14 0.12 0.11 0.11 0.11 0.12 0.13 0.14 0.16 0.19 0.21 0.24 0.27 0.30 0.33 0.36 0.39 0.42 0.44 0.47 0.49 0.52 0.54 0.55 0.56 0.56 0.54 0.52 0.50 0.46
0.14 0.14 0.13 0.13 0.13 0.17 0.24 0.34 0.46 0.61 0.78 0.95 1.14 1.32 1.51 1.69 1.86 2.01 2.14 2.25 2.33 2.38 2.43 2.47 2.50 2.51 2.47 2.36 2.19 1.95 1.69 1.47 1.29 1.16 1.05 0.98 0.93 0.90 0.88 0.86 0.85 0.83 0.80 0.76 0.69 0.60 0.47 0.35 0.26 0.21 0.18 0.17 0.16 0.15 0.14 0.13 0.12 0.13 0.13 0.15 0.16 0.19 0.21 0.24 0.27 0.30 0.33 0.36 0.39 0.42 0.45 0.47 0.50 0.52 0.53 0.55 0.56 0.57 0.57 0.56 0.54 0.51 0.48 0.45
0.17 0.17 0.16 0.17 0.20 0.27 0.36 0.48 0.63 0.78 0.95 1.13 1.30 1.48 1.64 1.80 1.94 2.05 2.15 2.21 2.23 2.22 2.17 2.11 2.03 1.93 1.78 1.57 1.30 1.01 0.76 0.57 0.43 0.33 0.27 0.24 0.24 0.26 0.29 0.33 0.38 0.42 0.46 0.48 0.49 0.47 0.42 0.35 0.26 0.20 0.18 0.16 0.16 0.15 0.14 0.14 0.14 0.15 0.16 0.18 0.21 0.23 0.26 0.29 0.32 0.36 0.39 0.42 0.45 0.48 0.51 0.53 0.55 0.57 0.58 0.59 0.59 0.59 0.58 0.56 0.54 0.51 0.47 0.44
0.21 0.20 0.20 0.23 0.30 0.39 0.51 0.64 0.79 0.95 1.12 1.29 1.45 1.61 1.75 1.87 1.97 2.05 2.09 2.10 2.07 1.99 1.86 1.69 1.50 1.28 1.01 0.68 0.34 0.06 0.00 0.00 0.00 0.00 0.00 0.00 0.00 0.00 0.00 0.00 0.00 0.00 0.06 0.15 0.22 0.27 0.30 0.29 0.25 0.20 0.17 0.16 0.15 0.15 0.15 0.15 0.16 0.18 0.20 0.22 0.25 0.28 0.31 0.35 0.38 0.42 0.45 0.49 0.52 0.54 0.57 0.59 0.61 0.62 0.62 0.62 0.62 0.61 0.59 0.56 0.53 0.50 0.47 0.44
0.24 0.24 0.27 0.34 0.42 0.54 0.67 0.81 0.96 1.12 1.28 1.43 1.57 1.70 1.81 1.90 1.96 1.98 1.97 1.92 1.83 1.68 1.47 1.21 0.89 0.54 0.14 0.00 0.00 0.00 0.00 0.00 0.00 0.00 0.00 0.00 0.00 0.00 0.00 0.00 0.00 0.00 0.00 0.00 0.00 0.01 0.10 0.17 0.19 0.19 0.17 0.16 0.15 0.15 0.16 0.17 0.19 0.21 0.24 0.27 0.30 0.34 0.37 0.41 0.44 0.48 0.52 0.55 0.58 0.60 0.63 0.65 0.66 0.66 0.66 0.66 0.64 0.62 0.60 0.57 0.53 0.50 0.47 0.43
0.29 0.32 0.38 0.46 0.57 0.69 0.83 0.97 1.12 1.27 1.41 1.54 1.66 1.76 1.83 1.87 1.88 1.86 1.78 1.67 1.50 1.27 0.98 0.63 0.21 0.00 0.00 0.00 0.00 0.00 0.00 0.00 0.00 0.00 0.00 0.00 0.00 0.00 0.00 0.00 0.00 0.00 0.00 0.00 0.00 0.00 0.00 0.00 0.07 0.13 0.15 0.15 0.15 0.16 0.18 0.20 0.22 0.25 0.28 0.32 0.35 0.39 0.43 0.47 0.51 0.54 0.58 0.61 0.64 0.66 0.68 0.70 0.71 0.71 0.71 0.69 0.67 0.64 0.61 0.58 0.54 0.51 0.47 0.43
0.33 0.38 0.47 0.57 0.69 0.83 0.97 1.11 1.25 1.38 1.51 1.61 1.70 1.76 1.79 1.78 1.74 1.66 1.52 1.33 1.09 0.78 0.41 0.00 0.00 0.00 0.00 0.00 0.00 0.00 0.00 0.00 0.00 0.00 0.00 0.00 0.00 0.00 0.00 0.00 0.00 0.00 0.00 0.00 0.00 0.00 0.00 0.00 0.00 0.04 0.13 0.15 0.16 0.18 0.20 0.23 0.26 0.29 0.33 0.37 0.41 0.45 0.49 0.53 0.57 0.61 0.64 0.67 0.70 0.72 0.74 0.75 0.76 0.75 0.74 0.72 0.69 0.66 0.62 0.59 0.55 0.51 0.48 0.44
0.30 0.35 0.46 0.59 0.72 0.87 1.01 1.15 1.29 1.41 1.52 1.60 1.66 1.68 1.68 1.63 1.53 1.39 1.19 0.94 0.62 0.23 0.00 0.00 0.00 0.00 0.00 0.00 0.00 0.00 0.00 0.00 0.00 0.00 0.00 0.00 0.00 0.00 0.00 0.00 0.00 0.00 0.00 0.00 0.00 0.00 0.00 0.00 0.00 0.00 0.11 0.15 0.18 0.20 0.23 0.26 0.30 0.34 0.38 0.42 0.47 0.51 0.55 0.59 0.63 0.67 0.70 0.73 0.76 0.78 0.79 0.80 0.80 0.79 0.77 0.74 0.71 0.68 0.64 0.60 0.56 0.52 0.48 0.44
0.26 0.23 0.34 0.49 0.65 0.81 0.96 1.11 1.24 1.35 1.45 1.51 1.54 1.54 1.50 1.41 1.27 1.07 0.82 0.50 0.11 0.00 0.00 0.00 0.00 0.00 0.00 0.00 0.00 0.00 0.00 0.00 0.00 0.00 0.00 0.00 0.00 0.00 0.00 0.00 0.00 0.00 0.00 0.00 0.00 0.00 0.00 0.00 0.00 0.00 0.10 0.16 0.19 0.23 0.26 0.30 0.34 0.39 0.43 0.48 0.52 0.57 0.61 0.65 0.69 0.73 0.76 0.79 0.81 0.83 0.83 0.84 0.83 0.82 0.79 0.76 0.73 0.70 0.66 0.62 0.57 0.53 0.49 0.45
0.24 0.12 0.15 0.30 0.48 0.66 0.83 0.98 1.12 1.23 1.31 1.36 1.37 1.34 1.27 1.14 0.96 0.71 0.41 0.03 0.00 0.00 0.00 0.00 0.00 0.00 0.00 0.00 0.00 0.00 0.00 0.00 0.00 0.00 0.00 0.00 0.00 0.00 0.00 0.00 0.00 0.00 0.00 0.00 0.00 0.00 0.00 0.00 0.00 0.00 0.09 0.16 0.21 0.26 0.30 0.35 0.39 0.44 0.49 0.53 0.58 0.63 0.67 0.71 0.75 0.79 0.81 0.84 0.86 0.87 0.87 0.87 0.86 0.84 0.81 0.78 0.75 0.71 0.67 0.63 0.59 0.54 0.50 0.45
0.24 0.03 0.00 0.06 0.24 0.44 0.62 0.79 0.93 1.04 1.12 1.16 1.15 1.10 1.00 0.84 0.62 0.33 0.00 0.00 0.00 0.00 0.00 0.00 0.00 0.00 0.00 0.00 0.00 0.00 0.00 0.00 0.00 0.00 0.00 0.00 0.00 0.00 0.00 0.00 0.00 0.00 0.00 0.00 0.00 0.00 0.00 0.00 0.00 0.00 0.09 0.16 0.22 0.28 0.34 0.39 0.44 0.49 0.54 0.59 0.64 0.68 0.73 0.77 0.81 0.84 0.86 0.88 0.90 0.90 0.90 0.89 0.87 0.85 0.82 0.79 0.76 0.73 0.69 0.64 0.60 0.55 0.50 0.46
0.25 0.00 0.00 0.00 0.00 0.15 0.36 0.54 0.69 0.81 0.88 0.92 0.90 0.83 0.71 0.52 0.26 0.00 0.00 0.00 0.00 0.00 0.00 0.00 0.00 0.00 0.00 0.00 0.00 0.00 0.00 0.00 0.00 0.00 0.00 0.00 0.00 0.00 0.00 0.00 0.00 0.00 0.00 0.00 0.00 0.00 0.00 0.00 0.00 0.00 0.08 0.17 0.24 0.31 0.37 0.43 0.49 0.54 0.59 0.65 0.69 0.74 0.78 0.82 0.86 0.88 0.91 0.92 0.93 0.93 0.93 0.91 0.89 0.86 0.84 0.81 0.77 0.74 0.70 0.65 0.61 0.56 0.51 0.46
0.27 0.00 0.00 0.00 0.00 0.00 0.05 0.25 0.42 0.54 0.62 0.65 0.63 0.54 0.40 0.18 0.00 0.00 0.00 0.00 0.00 0.00 0.00 0.00 0.00 0.00 0.00 0.00 0.00 0.00 0.00 0.00 0.00 0.00 0.00 0.00 0.00 0.00 0.00 0.00 0.00 0.00 0.00 0.00 0.00 0.00 0.00 0.00 0.00 0.00 0.08 0.17 0.25 0.33 0.40 0.47 0.54 0.59 0.65 0.70 0.75 0.79 0.83 0.87 0.90 0.93 0.95 0.96 0.96 0.96 0.94 0.92 0.90 0.88 0.85 0.82 0.78 0.75 0.71 0.66 0.62 0.57 0.52 0.47
0.31 0.00 0.00 0.00 0.00 0.00 0.00 0.00 0.12 0.26 0.34 0.38 0.35 0.25 0.09 0.00 0.00 0.00 0.00 0.00 0.00 0.00 0.00 0.00 0.00 0.00 0.00 0.00 0.00 0.00 0.00 0.00 0.00 0.00 0.00 0.00 0.00 0.00 0.00 0.00 0.00 0.00 0.00 0.00 0.00 0.00 0.00 0.00 0.00 0.00 0.08 0.18 0.26 0.35 0.43 0.50 0.58 0.64 0.70 0.75 0.80 0.84 0.88 0.91 0.94 0.96 0.98 0.98 0.98 0.97 0.95 0.93 0.91 0.89 0.86 0.83 0.79 0.76 0.71 0.67 0.62 0.57 0.52 0.47
