data_processed/recharge/precip/Precip_2012_08.asc
ncols        168
nrows        136
xllcorner    455000
yllcorner    2107000
cellsize     500
NODATA_value     -99999
[rows 32 to 63 of 136, columns 72 to 143 of 168]
134.93 134.80 134.05 132.84 131.44 129.95 128.48 127.09 125.79 124.60 123.51 122.52 121.65 120.90 120.28 119.78 119.42 119.21 119.14 119.22 119.45 119.85 120.42 121.16 122.08 123.18 124.46 125.86 127.33 128.54 129.22 129.52 129.68 129.77 129.79 129.74 129.64 129.48 129.27 129.00 128.69 128.33 127.94 127.50 127.04 126.54 126.01 125.45 124.88 124.29 123.68 123.06 122.45 121.87 121.32 120.75 120.24 120.17 120.91 122.48 124.80 127.81 131.46 135.67 140.39 145.56 151.10 156.96 163.07 169.38 175.81 182.31
131.84 131.75 131.03 129.88 128.55 127.09 125.56 124.08 122.72 121.48 120.38 119.41 118.59 117.91 117.38 117.02 116.82 116.78 116.92 117.24 117.75 118.44 119.34 120.43 121.73 123.22 124.86 126.64 128.51 130.12 131.23 131.82 132.03 132.10 132.09 132.01 131.87 131.66 131.38 131.05 130.67 130.23 129.74 129.21 128.63 128.02 127.36 126.68 125.97 125.23 124.46 123.71 122.98 122.28 121.58 120.88 120.17 119.53 119.34 119.98 121.47 123.72 126.68 130.28 134.47 139.18 144.35 149.91 155.81 161.97 168.34 174.85
128.96 128.89 128.21 127.11 125.84 124.46 122.97 121.43 119.97 118.67 117.52 116.54 115.73 115.10 114.65 114.38 114.30 114.42 114.74 115.27 116.02 116.98 118.16 119.58 121.21 123.02 124.99 127.10 129.31 131.29 132.79 133.78 134.28 134.40 134.37 134.26 134.08 133.82 133.49 133.10 132.64 132.13 131.55 130.92 130.25 129.52 128.75 127.94 127.10 126.22 125.33 124.48 123.65 122.83 122.01 121.17 120.33 119.50 118.76 118.48 119.05 120.47 122.67 125.60 129.19 133.38 138.11 143.30 148.91 154.86 161.10 167.55
126.28 126.23 125.59 124.53 123.33 122.01 120.60 119.11 117.59 116.19 114.98 113.96 113.13 112.51 112.09 111.89 111.91 112.16 112.63 113.34 114.30 115.49 116.94 118.63 120.53 122.61 124.86 127.26 129.78 132.09 133.93 135.30 136.18 136.56 136.58 136.45 136.23 135.93 135.56 135.11 134.58 134.00 133.34 132.63 131.85 131.02 130.14 129.21 128.24 127.25 126.30 125.36 124.44 123.52 122.58 121.62 120.66 119.70 118.78 117.95 117.61 118.12 119.51 121.69 124.62 128.21 132.43 137.19 142.44 148.11 154.14 160.48
123.81 123.77 123.16 122.15 121.00 119.75 118.42 117.01 115.55 114.09 112.78 111.68 110.81 110.17 109.77 109.61 109.69 110.03 110.63 111.49 112.62 114.02 115.69 117.59 119.70 122.00 124.49 127.16 129.94 132.53 134.69 136.38 137.61 138.36 138.63 138.54 138.29 137.96 137.54 137.04 136.46 135.80 135.08 134.28 133.41 132.48 131.49 130.45 129.39 128.36 127.35 126.34 125.34 124.32 123.28 122.21 121.13 120.06 119.02 118.03 117.14 116.75 117.24 118.61 120.80 123.74 127.37 131.63 136.45 141.78 147.54 153.68
121.53 121.50 120.93 119.96 118.86 117.67 116.41 115.09 113.72 112.32 110.95 109.75 108.81 108.12 107.70 107.54 107.67 108.07 108.76 109.74 111.01 112.58 114.40 116.46 118.75 121.24 123.93 126.81 129.83 132.66 135.08 137.06 138.60 139.68 140.30 140.45 140.24 139.88 139.42 138.87 138.24 137.52 136.72 135.84 134.89 133.87 132.78 131.67 130.58 129.52 128.46 127.40 126.33 125.22 124.08 122.92 121.74 120.57 119.42 118.31 117.27 116.35 115.94 116.43 117.81 120.03 123.01 126.69 131.02 135.93 141.36 147.23
119.45 119.44 118.88 117.95 116.90 115.78 114.59 113.35 112.07 110.77 109.46 108.20 107.15 106.39 105.92 105.74 105.87 106.31 107.06 108.13 109.51 111.18 113.11 115.29 117.71 120.35 123.20 126.25 129.45 132.50 135.14 137.37 139.18 140.55 141.48 141.96 141.98 141.64 141.15 140.57 139.88 139.11 138.24 137.29 136.26 135.15 134.01 132.90 131.80 130.72 129.62 128.52 127.38 126.21 124.99 123.73 122.46 121.20 119.95 118.75 117.61 116.54 115.61 115.20 115.71 117.13 119.39 122.44 126.20 130.63 135.65 141.22
117.58 117.57 117.03 116.14 115.13 114.06 112.94 111.77 110.58 109.38 108.18 107.00 105.89 105.02 104.47 104.24 104.35 104.79 105.57 106.69 108.12 109.84 111.83 114.10 116.61 119.35 122.33 125.51 128.86 132.07 134.90 137.34 139.38 141.00 142.20 142.97 143.30 143.18 142.71 142.09 141.36 140.53 139.61 138.59 137.49 136.35 135.23 134.13 133.03 131.94 130.82 129.68 128.49 127.26 125.96 124.63 123.28 121.93 120.61 119.32 118.08 116.92 115.85 114.93 114.56 115.12 116.59 118.93 122.06 125.93 130.50 135.87
115.90 115.89 115.37 114.51 113.55 112.53 111.47 110.38 109.27 108.16 107.07 106.00 104.97 104.04 103.38 103.07 103.12 103.54 104.31 105.43 106.85 108.59 110.61 112.91 115.47 118.29 121.34 124.62 128.07 131.41 134.39 136.99 139.22 141.05 142.48 143.50 144.10 144.27 144.01 143.40 142.64 141.77 140.79 139.71 138.59 137.49 136.41 135.34 134.26 133.16 132.03 130.86 129.64 128.36 127.00 125.60 124.18 122.76 121.36 120.00 118.68 117.44 116.29 115.24 114.36 114.05 114.67 116.22 118.66 121.93 126.14 131.33
114.42 114.41 113.91 113.07 112.14 111.17 110.17 109.15 108.13 107.11 106.12 105.16 104.25 103.40 102.69 102.27 102.24 102.59 103.30 104.36 105.74 107.45 109.46 111.76 114.33 117.17 120.27 123.60 127.12 130.54 133.62 136.36 138.73 140.73 142.36 143.59 144.42 144.85 144.85 144.44 143.68 142.77 141.75 140.68 139.62 138.58 137.55 136.51 135.46 134.37 133.24 132.06 130.81 129.49 128.08 126.62 125.15 123.67 122.20 120.77 119.39 118.08 116.86 115.74 114.73 113.92 113.68 114.39 116.08 118.85 122.73 127.64
113.13 113.12 112.63 111.81 110.92 110.00 109.05 108.10 107.15 106.22 105.33 104.48 103.69 102.97 102.34 101.87 101.71 101.95 102.55 103.52 104.82 106.46 108.41 110.67 113.22 116.05 119.14 122.48 126.03 129.49 132.64 135.46 137.95 140.08 141.85 143.26 144.29 144.92 145.17 145.00 144.42 143.52 142.52 141.53 140.56 139.60 138.62 137.63 136.61 135.55 134.43 133.25 131.99 130.63 129.18 127.68 126.16 124.63 123.12 121.63 120.20 118.82 117.54 116.35 115.29 114.35 113.62 113.51 114.55 116.83 120.29 124.84
112.04 112.02 111.54 110.74 109.88 109.00 108.11 107.22 106.34 105.50 104.70 103.95 103.28 102.69 102.19 101.81 101.57 101.64 102.10 102.93 104.11 105.64 107.50 109.68 112.16 114.93 117.98 121.29 124.83 128.30 131.47 134.34 136.89 139.11 141.00 142.53 143.71 144.53 144.97 145.02 144.68 144.00 143.15 142.27 141.40 140.52 139.62 138.69 137.72 136.69 135.59 134.41 133.14 131.77 130.29 128.76 127.20 125.63 124.08 122.55 121.07 119.65 118.31 117.08 115.95 114.97 114.16 113.74 114.21 115.92 118.86 122.92
111.15 111.11 110.63 109.86 109.03 108.18 107.34 106.51 105.70 104.94 104.23 103.59 103.02 102.55 102.19 101.92 101.74 101.70 101.97 102.62 103.65 105.03 106.75 108.81 111.18 113.86 116.82 120.07 123.55 126.98 130.14 133.02 135.60 137.87 139.82 141.45 142.74 143.69 144.28 144.52 144.45 144.14 143.60 142.88 142.12 141.34 140.52 139.66 138.74 137.76 136.69 135.53 134.27 132.89 131.40 129.84 128.26 126.66 125.08 123.52 122.00 120.54 119.17 117.89 116.72 115.71 115.03 114.79 115.04 116.14 118.45 121.93
110.45 110.40 109.92 109.15 108.35 107.54 106.74 105.97 105.23 104.54 103.92 103.37 102.92 102.57 102.31 102.14 102.06 102.06 102.19 102.63 103.45 104.64 106.19 108.08 110.31 112.85 115.70 118.84 122.22 125.58 128.68 131.52 134.09 136.37 138.35 140.03 141.40 142.44 143.15 143.60 143.85 143.90 143.73 143.31 142.71 142.03 141.30 140.53 139.68 138.75 137.72 136.60 135.35 133.98 132.47 130.90 129.31 127.70 126.09 124.51 122.97 121.49 120.08 118.77 117.60 116.73 116.28 116.25 116.63 117.45 119.09 121.88
109.94 109.87 109.39 108.64 107.85 107.07 106.32 105.59 104.92 104.31 103.77 103.32 102.96 102.71 102.54 102.47 102.47 102.55 102.70 102.97 103.55 104.52 105.85 107.54 109.58 111.94 114.63 117.62 120.87 124.11 127.12 129.88 132.40 134.64 136.62 138.31 139.71 140.81 141.68 142.39 142.95 143.33 143.49 143.43 143.10 142.58 141.96 141.27 140.50 139.64 138.67 137.58 136.36 135.00 133.51 131.94 130.33 128.72 127.11 125.51 123.96 122.47 121.04 119.74 118.71 118.08 117.85 118.00 118.53 119.43 120.73 122.79
109.63 109.54 109.04 108.30 107.53 106.78 106.06 105.39 104.77 104.23 103.77 103.41 103.15 102.97 102.89 102.88 102.96 103.10 103.31 103.59 103.98 104.68 105.76 107.21 109.01 111.16 113.65 116.45 119.53 122.61 125.48 128.13 130.55 132.72 134.65 136.31 137.71 138.91 139.99 140.96 141.79 142.45 142.92 143.18 143.19 142.94 142.47 141.88 141.20 140.42 139.51 138.47 137.30 135.96 134.48 132.92 131.32 129.71 128.10 126.51 124.96 123.46 122.06 120.91 120.14 119.73 119.69 120.01 120.66 121.65 122.96 124.62
109.50 109.39 108.88 108.14 107.39 106.66 105.98 105.35 104.79 104.32 103.93 103.65 103.46 103.35 103.33 103.39 103.52 103.72 103.98 104.30 104.67 105.16 105.94 107.11 108.64 110.54 112.78 115.35 118.21 121.10 123.79 126.29 128.58 130.64 132.47 134.07 135.51 136.87 138.16 139.35 140.42 141.33 142.07 142.61 142.93 142.99 142.78 142.34 141.76 141.06 140.23 139.26 138.13 136.83 135.37 133.84 132.26 130.67 129.07 127.49 125.95 124.48 123.24 122.36 121.82 121.62 121.75 122.20 122.95 124.00 125.34 126.96
109.57 109.42 108.91 108.16 107.42 106.72 106.07 105.48 104.97 104.56 104.24 104.02 103.89 103.84 103.87 103.98 104.15 104.39 104.68 105.03 105.43 105.88 106.43 107.27 108.50 110.10 112.06 114.36 116.97 119.61 122.09 124.39 126.50 128.41 130.12 131.71 133.26 134.78 136.24 137.61 138.88 140.01 140.98 141.77 142.35 142.70 142.79 142.59 142.15 141.56 140.81 139.91 138.84 137.60 136.18 134.67 133.12 131.55 129.98 128.43 126.93 125.64 124.67 124.03 123.71 123.69 123.96 124.52 125.35 126.44 127.78 129.37
109.82 109.65 109.11 108.37 107.63 106.94 106.32 105.77 105.32 104.96 104.69 104.52 104.43 104.43 104.50 104.63 104.84 105.10 105.42 105.79 106.20 106.65 107.14 107.73 108.61 109.87 111.51 113.50 115.81 118.18 120.40 122.47 124.36 126.09 127.72 129.37 131.02 132.66 134.25 135.78 137.21 138.53 139.70 140.71 141.52 142.11 142.47 142.55 142.35 141.88 141.24 140.42 139.43 138.24 136.86 135.40 133.89 132.37 130.83 129.33 128.02 127.01 126.30 125.89 125.75 125.88 126.27 126.91 127.79 128.90 130.22 131.76
110.27 110.06 109.50 108.75 108.01 107.34 106.74 106.23 105.82 105.50 105.28 105.14 105.09 105.11 105.20 105.36 105.58 105.85 106.18 106.55 106.97 107.41 107.89 108.40 109.00 109.89 111.16 112.80 114.77 116.82 118.75 120.54 122.19 123.79 125.43 127.12 128.84 130.56 132.25 133.90 135.46 136.93 138.27 139.45 140.47 141.28 141.86 142.19 142.25 142.01 141.49 140.77 139.86 138.74 137.43 136.01 134.56 133.08 131.62 130.32 129.30 128.55 128.08 127.85 127.88 128.14 128.62 129.32 130.22 131.32 132.60 134.06
110.90 110.65 110.07 109.30 108.57 107.91 107.34 106.86 106.48 106.19 106.00 105.88 105.84 105.88 105.98 106.14 106.36 106.64 106.96 107.32 107.72 108.15 108.61 109.09 109.59 110.17 111.04 112.29 113.89 115.58 117.17 118.65 120.11 121.66 123.31 125.02 126.77 128.54 130.29 132.02 133.68 135.26 136.73 138.06 139.24 140.23 141.01 141.56 141.84 141.84 141.54 140.94 140.12 139.09 137.84 136.49 135.10 133.71 132.46 131.46 130.71 130.20 129.93 129.88 130.04 130.40 130.95 131.69 132.59 133.65 134.87 136.22
111.73 111.43 110.82 110.04 109.30 108.65 108.10 107.65 107.29 107.02 106.83 106.72 106.69 106.73 106.82 106.98 107.19 107.45 107.75 108.09 108.46 108.86 109.28 109.72 110.17 110.63 111.17 111.99 113.18 114.47 115.69 116.93 118.30 119.80 121.40 123.09 124.84 126.62 128.41 130.18 131.91 133.56 135.13 136.58 137.88 139.02 139.96 140.69 141.17 141.38 141.30 140.90 140.20 139.26 138.09 136.82 135.53 134.36 133.41 132.69 132.20 131.91 131.81 131.91 132.18 132.62 133.22 133.96 134.84 135.84 136.96 138.18
112.89 112.40 111.75 110.95 110.21 109.57 109.04 108.59 108.24 107.97 107.78 107.67 107.63 107.65 107.73 107.86 108.05 108.27 108.54 108.84 109.17 109.53 109.90 110.29 110.68 111.08 111.48 111.94 112.67 113.54 114.45 115.55 116.81 118.22 119.76 121.40 123.11 124.87 126.65 128.43 130.19 131.89 133.52 135.04 136.44 137.69 138.76 139.63 140.27 140.66 140.77 140.58 140.07 139.24 138.16 137.00 135.94 135.09 134.44 133.98 133.70 133.60 133.67 133.88 134.24 134.73 135.35 136.07 136.90 137.82 138.82 139.89
114.49 113.68 112.87 112.04 111.30 110.67 110.13 109.68 109.32 109.04 108.84 108.71 108.64 108.63 108.68 108.78 108.93 109.11 109.33 109.58 109.86 110.15 110.46 110.78 111.11 111.43 111.75 112.06 112.41 112.92 113.64 114.57 115.70 116.99 118.42 119.97 121.61 123.31 125.06 126.82 128.57 130.28 131.93 133.50 134.96 136.28 137.45 138.43 139.19 139.73 140.00 139.98 139.66 139.00 138.06 137.14 136.41 135.85 135.47 135.25 135.17 135.24 135.43 135.74 136.16 136.68 137.29 137.97 138.72 139.53 140.39 141.28
116.48 115.37 114.24 113.24 112.49 111.86 111.31 110.85 110.48 110.18 109.96 109.80 109.70 109.66 109.67 109.73 109.82 109.96 110.13 110.32 110.53 110.76 111.00 111.25 111.49 111.74 111.97 112.19 112.39 112.69 113.21 113.97 114.93 116.07 117.36 118.80 120.33 121.95 123.63 125.33 127.05 128.74 130.39 131.98 133.47 134.84 136.06 137.12 137.99 138.63 139.03 139.17 139.00 138.48 137.56 136.90 136.49 136.23 136.11 136.11 136.22 136.45 136.76 137.16 137.64 138.18 138.77 139.40 140.07 140.76 141.47 142.17
118.81 117.40 115.90 114.55 113.63 112.99 112.44 111.98 111.60 111.29 111.05 110.87 110.75 110.68 110.66 110.68 110.74 110.83 110.95 111.10 111.25 111.43 111.60 111.78 111.96 112.13 112.28 112.41 112.51 112.69 113.03 113.58 114.35 115.33 116.47 117.77 119.18 120.70 122.29 123.92 125.58 127.24 128.87 130.45 131.95 133.35 134.62 135.74 136.69 137.43 137.94 138.20 138.14 137.50 136.31 135.58 135.43 135.49 135.66 135.91 136.25 136.65 137.12 137.63 138.19 138.77 139.38 139.99 140.60 141.20 141.78 142.32
121.39 119.67 117.83 116.12 114.86 114.05 113.50 113.05 112.67 112.36 112.11 111.92 111.79 111.70 111.66 111.66 111.69 111.75 111.83 111.93 112.04 112.16 112.29 112.41 112.53 112.63 112.70 112.73 112.74 112.82 113.03 113.40 113.97 114.76 115.74 116.88 118.16 119.55 121.04 122.59 124.18 125.78 127.37 128.93 130.43 131.84 133.14 134.30 135.31 136.13 136.73 137.06 136.85 135.92 134.47 133.49 133.29 133.61 134.09 134.63 135.22 135.84 136.48 137.15 137.82 138.48 139.13 139.75 140.33 140.87 141.36 141.78
124.15 122.13 119.98 117.95 116.35 115.22 114.52 114.07 113.70 113.39 113.15 112.96 112.82 112.73 112.67 112.66 112.67 112.70 112.75 112.82 112.90 112.98 113.06 113.14 113.20 113.23 113.21 113.15 113.05 113.04 113.16 113.41 113.80 114.38 115.17 116.14 117.27 118.53 119.89 121.34 122.84 124.37 125.91 127.43 128.91 130.31 131.62 132.82 133.86 134.74 135.38 135.54 135.01 133.78 132.09 130.88 130.47 130.76 131.50 132.35 133.22 134.09 134.95 135.79 136.60 137.37 138.10 138.76 139.35 139.87 140.29 140.61
127.02 124.75 122.34 120.03 118.13 116.67 115.65 115.06 114.70 114.41 114.18 114.00 113.86 113.77 113.71 113.69 113.69 113.71 113.74 113.79 113.84 113.89 113.94 113.97 113.97 113.91 113.80 113.64 113.46 113.34 113.37 113.53 113.80 114.20 114.79 115.57 116.53 117.63 118.86 120.19 121.58 123.03 124.50 125.96 127.40 128.78 130.09 131.29 132.37 133.25 133.68 133.48 132.64 131.15 129.23 127.83 127.21 127.31 128.04 129.16 130.34 131.49 132.59 133.64 134.63 135.54 136.37 137.11 137.74 138.26 138.65 138.91
129.99 127.50 124.87 122.32 120.15 118.40 117.07 116.18 115.68 115.41 115.20 115.04 114.92 114.84 114.79 114.76 114.76 114.77 114.80 114.83 114.87 114.90 114.92 114.90 114.81 114.67 114.46 114.21 113.93 113.72 113.66 113.72 113.91 114.20 114.60 115.18 115.95 116.89 117.96 119.15 120.42 121.76 123.14 124.53 125.91 127.26 128.54 129.74 130.79 131.43 131.49 130.94 129.80 128.07 125.97 124.38 123.59 123.52 124.09 125.21 126.66 128.11 129.49 130.79 131.98 133.07 134.04 134.88 135.58 136.14 136.53 136.76
133.01 130.34 127.53 124.78 122.39 120.39 118.79 117.59 116.81 116.42 116.23 116.09 116.00 115.93 115.90 115.88 115.89 115.91 115.93 115.96 115.99 116.00 115.98 115.88 115.71 115.48 115.19 114.85 114.47 114.17 114.02 113.99 114.09 114.29 114.59 114.99 115.55 116.30 117.20 118.23 119.37 120.59 121.86 123.16 124.47 125.76 127.01 128.14 128.92 129.15 128.84 127.97 126.56 124.62 122.34 120.60 119.66 119.45 119.87 120.86 122.33 124.06 125.75 127.31 128.75 130.04 131.18 132.16 132.96 133.58 134.01 134.23
136.07 133.26 130.30 127.39 124.82 122.61 120.77 119.32 118.25 117.58 117.27 117.16 117.10 117.07 117.06 117.06 117.09 117.12 117.15 117.19 117.21 117.19 117.09 116.91 116.66 116.34 115.96 115.53 115.07 114.68 114.44 114.33 114.33 114.45 114.66 114.95 115.34 115.88 116.59 117.45 118.44 119.52 120.67 121.86 123.08 124.30 125.45 126.29 126.63 126.46 125.79 124.63 122.98 120.85 118.43 116.56 115.49 115.15 115.46 116.34 117.70 119.47 121.43 123.30 125.00 126.53 127.88 129.02 129.96 130.68 131.17 131.43
