data_processed/recharge/precip/Precip_1997_06.asc
ncols        168
nrows        136
xllcorner    455000
yllcorner    2107000
cellsize     500
NODATA_value     -99999
[rows 0 to 32 of 136, columns 75 to 149 of 168]
107.62 107.23 106.81 106.33 105.80 105.21 104.56 103.86 103.12 102.32 101.48 100.59 99.66 98.69 97.68 96.63 95.55 94.44 93.30 92.13 90.93 89.71 88.46 87.20 85.92 84.62 83.31 81.98 80.65 79.31 77.96 76.61 75.25 73.90 72.55 71.20 69.86 68.53 67.23 65.98 64.78 63.64 62.56 61.54 60.58 59.70 58.84 57.81 56.52 55.01 53.31 51.46 49.47 47.39 45.25 43.08 40.92 38.76 36.62 34.51 32.43 30.39 28.39 26.45 24.57 22.75 21.00 19.33 17.75 16.26 14.87 13.59 12.41 11.36 10.43
107.80 107.42 107.03 106.63 106.17 105.65 105.07 104.44 103.75 103.02 102.23 101.40 100.52 99.59 98.63 97.63 96.59 95.51 94.40 93.26 92.09 90.90 89.68 88.43 87.17 85.88 84.58 83.27 81.94 80.60 79.25 77.90 76.54 75.17 73.81 72.45 71.09 69.76 68.48 67.24 66.05 64.92 63.84 62.82 61.86 60.97 60.11 59.06 57.75 56.22 54.50 52.61 50.58 48.46 46.27 44.04 41.81 39.60 37.41 35.26 33.15 31.09 29.08 27.13 25.25 23.44 21.71 20.07 18.52 17.08 15.74 14.52 13.42 12.44 11.60
107.94 107.56 107.19 106.82 106.43 105.99 105.48 104.92 104.30 103.63 102.90 102.12 101.30 100.43 99.51 98.56 97.56 96.53 95.46 94.35 93.22 92.05 90.86 89.64 88.39 87.13 85.84 84.54 83.22 81.89 80.54 79.19 77.83 76.46 75.09 73.72 72.37 71.06 69.80 68.57 67.40 66.28 65.21 64.19 63.23 62.34 61.47 60.41 59.09 57.54 55.79 53.87 51.81 49.64 47.41 45.13 42.84 40.57 38.34 36.15 34.01 31.92 29.90 27.95 26.07 24.27 22.57 20.96 19.45 18.05 16.77 15.61 14.57 13.68 12.93
108.03 107.66 107.29 106.94 106.59 106.22 105.79 105.30 104.75 104.14 103.48 102.77 102.00 101.19 100.33 99.42 98.47 97.48 96.46 95.39 94.29 93.16 92.00 90.80 89.59 88.34 87.08 85.79 84.49 83.17 81.83 80.48 79.13 77.76 76.39 75.03 73.71 72.42 71.18 69.98 68.82 67.71 66.65 65.64 64.69 63.79 62.92 61.85 60.52 58.95 57.18 55.23 53.14 50.94 48.66 46.34 44.00 41.67 39.39 37.16 34.99 32.89 30.85 28.90 27.02 25.24 23.56 21.98 20.51 19.15 17.93 16.83 15.87 15.06 14.39
108.08 107.71 107.36 107.01 106.67 106.34 105.98 105.57 105.10 104.56 103.97 103.32 102.62 101.87 101.06 100.21 99.32 98.38 97.40 96.37 95.32 94.22 93.09 91.93 90.75 89.53 88.29 87.02 85.74 84.43 83.11 81.77 80.42 79.06 77.71 76.39 75.10 73.84 72.62 71.44 70.30 69.21 68.16 67.16 66.22 65.33 64.45 63.39 62.04 60.46 58.67 56.70 54.58 52.34 50.02 47.65 45.27 42.89 40.55 38.29 36.09 33.96 31.92 29.96 28.09 26.32 24.66 23.11 21.68 20.38 19.21 18.18 17.29 16.56 15.99
108.08 107.73 107.38 107.04 106.71 106.38 106.07 105.73 105.34 104.88 104.36 103.78 103.15 102.46 101.72 100.93 100.09 99.20 98.27 97.30 96.29 95.23 94.14 93.02 91.87 90.68 89.47 88.23 86.97 85.68 84.38 83.05 81.71 80.38 79.07 77.78 76.53 75.30 74.11 72.96 71.84 70.77 69.74 68.75 67.82 66.93 66.06 65.00 63.65 62.06 60.25 58.25 56.11 53.84 51.49 49.08 46.64 44.21 41.82 39.50 37.27 35.13 33.08 31.11 29.26 27.50 25.87 24.35 22.96 21.71 20.60 19.63 18.82 18.18 17.70
108.05 107.70 107.36 107.03 106.70 106.39 106.08 105.79 105.47 105.09 104.65 104.15 103.58 102.97 102.29 101.56 100.78 99.95 99.08 98.16 97.19 96.19 95.14 94.06 92.95 91.80 90.61 89.40 88.17 86.91 85.62 84.32 83.01 81.72 80.46 79.21 78.00 76.81 75.65 74.52 73.43 72.38 71.37 70.40 69.48 68.61 67.75 66.68 65.33 63.73 61.91 59.90 57.73 55.44 53.05 50.60 48.12 45.65 43.20 40.83 38.55 36.38 34.31 32.35 30.50 28.77 27.16 25.68 24.33 23.13 22.08 21.18 20.45 19.88 19.50
107.98 107.64 107.31 106.98 106.66 106.35 106.06 105.77 105.49 105.19 104.83 104.41 103.92 103.38 102.77 102.11 101.40 100.63 99.81 98.95 98.04 97.08 96.09 95.05 93.97 92.86 91.72 90.54 89.34 88.10 86.85 85.58 84.33 83.09 81.87 80.67 79.50 78.35 77.22 76.13 75.07 74.04 73.06 72.11 71.20 70.34 69.49 68.43 67.08 65.48 63.65 61.62 59.43 57.12 54.70 52.22 49.70 47.18 44.69 42.25 39.91 37.70 35.62 33.66 31.82 30.10 28.52 27.07 25.77 24.62 23.63 22.80 22.15 21.67 21.38
107.87 107.54 107.21 106.89 106.58 106.28 105.99 105.71 105.44 105.18 104.90 104.56 104.15 103.69 103.16 102.57 101.92 101.22 100.47 99.66 98.81 97.91 96.97 95.98 94.95 93.88 92.78 91.64 90.47 89.27 88.06 86.86 85.66 84.48 83.31 82.16 81.02 79.91 78.83 77.77 76.74 75.75 74.79 73.86 72.98 72.13 71.30 70.24 68.90 67.29 65.46 63.42 61.22 58.88 56.44 53.92 51.37 48.80 46.26 43.78 41.38 39.11 36.98 35.01 33.18 31.48 29.93 28.52 27.26 26.17 25.24 24.48 23.90 23.52 23.32
107.73 107.40 107.08 106.77 106.46 106.17 105.89 105.61 105.35 105.10 104.86 104.60 104.28 103.89 103.44 102.93 102.36 101.73 101.04 100.30 99.51 98.67 97.78 96.85 95.87 94.85 93.79 92.70 91.57 90.42 89.27 88.13 87.00 85.87 84.76 83.65 82.57 81.51 80.46 79.44 78.45 77.49 76.56 75.66 74.79 73.97 73.15 72.11 70.78 69.17 67.33 65.29 63.07 60.71 58.25 55.70 53.12 50.52 47.93 45.40 42.95 40.61 38.42 36.41 34.58 32.90 31.38 30.01 28.80 27.75 26.89 26.20 25.71 25.41 25.31
107.55 107.23 106.91 106.61 106.31 106.02 105.75 105.48 105.22 104.98 104.75 104.53 104.29 103.99 103.62 103.19 102.70 102.14 101.53 100.86 100.13 99.35 98.53 97.65 96.73 95.76 94.75 93.70 92.63 91.56 90.48 89.41 88.33 87.27 86.21 85.16 84.13 83.11 82.12 81.14 80.18 79.26 78.36 77.49 76.65 75.85 75.05 74.03 72.70 71.10 69.26 67.21 64.99 62.62 60.13 57.56 54.94 52.31 49.69 47.11 44.61 42.22 39.97 37.89 36.01 34.34 32.85 31.51 30.35 29.37 28.56 27.95 27.54 27.33 27.33
107.33 107.02 106.71 106.42 106.13 105.84 105.57 105.31 105.06 104.83 104.60 104.39 104.20 103.98 103.70 103.35 102.94 102.46 101.92 101.32 100.67 99.96 99.20 98.38 97.52 96.61 95.65 94.67 93.68 92.68 91.68 90.67 89.66 88.66 87.66 86.68 85.70 84.73 83.78 82.85 81.94 81.05 80.18 79.35 78.54 77.77 76.99 75.99 74.67 73.08 71.25 69.20 66.96 64.58 62.08 59.49 56.84 54.17 51.52 48.90 46.35 43.90 41.60 39.46 37.51 35.80 34.32 33.03 31.91 30.99 30.25 29.71 29.38 29.26 29.36
107.09 106.78 106.48 106.19 105.91 105.63 105.37 105.11 104.87 104.64 104.42 104.22 104.03 103.86 103.66 103.40 103.07 102.68 102.22 101.70 101.12 100.48 99.79 99.04 98.24 97.39 96.51 95.61 94.70 93.78 92.85 91.92 90.98 90.05 89.11 88.19 87.26 86.35 85.45 84.57 83.70 82.86 82.03 81.23 80.46 79.71 78.96 77.98 76.68 75.10 73.27 71.23 68.99 66.60 64.08 61.47 58.81 56.11 53.42 50.76 48.17 45.67 43.31 41.11 39.11 37.33 35.80 34.53 33.47 32.60 31.93 31.47 31.22 31.20 31.40
106.81 106.51 106.22 105.94 105.66 105.39 105.13 104.88 104.64 104.42 104.21 104.01 103.83 103.66 103.51 103.33 103.10 102.79 102.42 101.98 101.48 100.91 100.29 99.61 98.88 98.11 97.32 96.51 95.69 94.85 94.00 93.14 92.28 91.42 90.55 89.69 88.83 87.97 87.13 86.29 85.48 84.67 83.89 83.13 82.39 81.68 80.96 80.00 78.73 77.16 75.34 73.30 71.06 68.66 66.14 63.52 60.83 58.11 55.38 52.69 50.06 47.52 45.10 42.85 40.78 38.94 37.34 36.03 35.00 34.19 33.59 33.21 33.04 33.11 33.41
106.51 106.22 105.93 105.65 105.38 105.11 104.86 104.62 104.39 104.17 103.96 103.77 103.59 103.43 103.29 103.16 103.01 102.79 102.51 102.15 101.74 101.25 100.71 100.11 99.46 98.79 98.09 97.37 96.64 95.89 95.12 94.34 93.56 92.76 91.97 91.17 90.37 89.58 88.80 88.02 87.25 86.50 85.76 85.04 84.34 83.67 82.98 82.05 80.80 79.25 77.44 75.41 73.17 70.77 68.24 65.61 62.90 60.16 57.40 54.68 52.01 49.43 46.97 44.66 42.54 40.63 38.97 37.58 36.51 35.74 35.21 34.90 34.83 34.99 35.40
106.18 105.89 105.61 105.34 105.07 104.81 104.56 104.33 104.10 103.89 103.69 103.50 103.33 103.17 103.04 102.91 102.81 102.68 102.49 102.22 101.89 101.49 101.03 100.52 99.98 99.41 98.81 98.19 97.54 96.88 96.20 95.51 94.80 94.08 93.36 92.63 91.90 91.18 90.45 89.73 89.02 88.32 87.63 86.95 86.30 85.66 85.01 84.11 82.88 81.36 79.57 77.55 75.32 72.92 70.38 67.74 65.02 62.26 59.48 56.73 54.02 51.40 48.90 46.54 44.36 42.39 40.67 39.22 38.07 37.26 36.78 36.55 36.56 36.82 37.33
105.82 105.54 105.26 104.99 104.73 104.48 104.24 104.01 103.79 103.58 103.39 103.20 103.04 102.89 102.75 102.64 102.54 102.46 102.35 102.18 101.94 101.63 101.27 100.87 100.44 99.97 99.47 98.95 98.40 97.83 97.24 96.63 96.00 95.37 94.72 94.07 93.41 92.75 92.09 91.43 90.77 90.13 89.49 88.86 88.25 87.66 87.05 86.18 84.99 83.49 81.72 79.71 77.49 75.10 72.56 69.91 67.18 64.40 61.60 58.82 56.09 53.43 50.88 48.48 46.25 44.23 42.44 40.92 39.71 38.82 38.30 38.13 38.23 38.58 39.20
105.44 105.16 104.89 104.63 104.37 104.13 103.89 103.66 103.45 103.25 103.06 102.88 102.72 102.57 102.44 102.33 102.24 102.16 102.11 102.03 101.88 101.68 101.44 101.15 100.82 100.46 100.07 99.65 99.20 98.72 98.22 97.70 97.17 96.61 96.05 95.47 94.88 94.29 93.70 93.10 92.51 91.92 91.34 90.77 90.21 89.66 89.09 88.26 87.10 85.63 83.88 81.88 79.68 77.29 74.76 72.11 69.37 66.58 63.76 60.96 58.20 55.51 52.92 50.48 48.20 46.12 44.28 42.70 41.41 40.45 39.86 39.65 39.81 40.26 40.93
105.03 104.76 104.49 104.24 103.99 103.75 103.51 103.29 103.08 102.89 102.70 102.53 102.37 102.23 102.11 102.00 101.91 101.84 101.79 101.76 101.72 101.64 101.52 101.35 101.14 100.89 100.60 100.28 99.93 99.56 99.15 98.73 98.28 97.81 97.33 96.83 96.32 95.80 95.28 94.75 94.22 93.70 93.17 92.65 92.14 91.65 91.12 90.34 89.21 87.77 86.05 84.07 81.88 79.51 76.98 74.33 71.59 68.78 65.96 63.13 60.35 57.63 55.01 52.52 50.20 48.07 46.17 44.53 43.18 42.15 41.48 41.20 41.32 41.79 42.44
104.60 104.33 104.07 103.82 103.58 103.34 103.11 102.90 102.69 102.50 102.32 102.16 102.00 101.87 101.75 101.65 101.56 101.50 101.45 101.44 101.47 101.51 101.51 101.46 101.36 101.23 101.06 100.85 100.60 100.32 100.02 99.69 99.33 98.95 98.56 98.14 97.71 97.27 96.82 96.37 95.91 95.44 94.98 94.52 94.07 93.62 93.14 92.40 91.31 89.91 88.21 86.27 84.10 81.74 79.21 76.57 73.82 71.02 68.18 65.34 62.53 59.78 57.13 54.61 52.25 50.07 48.12 46.42 45.01 43.92 43.17 42.81 42.81 43.13 43.72
104.15 103.89 103.63 103.38 103.15 102.91 102.69 102.48 102.28 102.09 101.92 101.76 101.61 101.48 101.36 101.27 101.19 101.13 101.10 101.11 101.18 101.29 101.40 101.48 101.50 101.49 101.43 101.33 101.19 101.02 100.82 100.58 100.32 100.04 99.73 99.40 99.06 98.70 98.32 97.94 97.55 97.15 96.76 96.36 95.96 95.57 95.15 94.45 93.41 92.04 90.38 88.46 86.31 83.97 81.46 78.82 76.07 73.26 70.42 67.56 64.74 61.97 59.29 56.73 54.33 52.11 50.11 48.36 46.89 45.74 44.92 44.44 44.26 44.37 44.79
103.67 103.42 103.17 102.93 102.69 102.47 102.25 102.04 101.85 101.67 101.50 101.34 101.20 101.07 100.96 100.86 100.79 100.75 100.74 100.79 100.88 101.02 101.21 101.40 101.55 101.65 101.71 101.72 101.70 101.64 101.54 101.41 101.24 101.05 100.84 100.60 100.34 100.07 99.77 99.47 99.15 98.83 98.50 98.16 97.83 97.50 97.13 96.48 95.48 94.15 92.53 90.64 88.52 86.19 83.70 81.07 78.33 75.52 72.67 69.81 66.97 64.18 61.48 58.89 56.45 54.19 52.15 50.35 48.82 47.60 46.68 46.04 45.67 45.57 45.78
103.18 102.93 102.69 102.45 102.22 102.00 101.79 101.59 101.40 101.22 101.05 100.90 100.76 100.64 100.53 100.44 100.38 100.36 100.39 100.46 100.58 100.75 100.96 101.22 101.49 101.72 101.90 102.03 102.12 102.17 102.18 102.15 102.09 102.00 101.88 101.73 101.57 101.38 101.17 100.94 100.70 100.45 100.19 99.93 99.66 99.39 99.07 98.49 97.53 96.25 94.66 92.81 90.71 88.41 85.94 83.32 80.59 77.79 74.93 72.06 69.21 66.41 63.68 61.07 58.60 56.30 54.22 52.37 50.79 49.48 48.42 47.60 47.04 46.75 46.75
102.68 102.43 102.19 101.96 101.73 101.52 101.31 101.11 100.92 100.75 100.59 100.44 100.30 100.19 100.08 100.01 99.98 99.99 100.04 100.14 100.28 100.47 100.71 101.00 101.34 101.68 101.98 102.24 102.44 102.61 102.73 102.81 102.85 102.87 102.85 102.80 102.72 102.62 102.50 102.35 102.20 102.02 101.84 101.64 101.44 101.24 100.99 100.45 99.56 98.32 96.77 94.95 92.89 90.62 88.17 85.57 82.85 80.05 77.20 74.32 71.46 68.64 65.90 63.26 60.76 58.44 56.31 54.42 52.76 51.32 50.11 49.13 48.40 47.93 47.72
102.15 101.91 101.68 101.45 101.23 101.02 100.81 100.62 100.44 100.27 100.11 99.96 99.83 99.72 99.63 99.58 99.57 99.61 99.69 99.81 99.97 100.19 100.45 100.77 101.13 101.54 101.96 102.34 102.67 102.95 103.18 103.38 103.53 103.65 103.73 103.78 103.80 103.79 103.76 103.70 103.63 103.53 103.43 103.31 103.18 103.04 102.85 102.38 101.54 100.35 98.85 97.07 95.05 92.80 90.38 87.79 85.09 82.30 79.46 76.58 73.72 70.89 68.13 65.47 62.95 60.59 58.42 56.47 54.70 53.14 51.78 50.65 49.75 49.10 48.70
101.62 101.38 101.15 100.93 100.71 100.50 100.30 100.11 99.93 99.76 99.61 99.47 99.34 99.24 99.18 99.16 99.17 99.23 99.33 99.48 99.67 99.91 100.19 100.53 100.91 101.35 101.84 102.33 102.78 103.18 103.54 103.85 104.11 104.34 104.52 104.68 104.79 104.88 104.94 104.98 104.99 104.98 104.95 104.91 104.85 104.79 104.67 104.26 103.48 102.34 100.89 99.16 97.17 94.96 92.56 90.00 87.32 84.54 81.70 78.83 75.96 73.13 70.36 67.68 65.13 62.75 60.53 58.49 56.62 54.93 53.44 52.16 51.11 50.28 49.70
101.07 100.83 100.61 100.39 100.17 99.97 99.77 99.59 99.41 99.25 99.10 98.96 98.85 98.77 98.73 98.73 98.77 98.85 98.98 99.15 99.36 99.62 99.92 100.28 100.69 101.14 101.65 102.22 102.78 103.31 103.78 104.21 104.59 104.93 105.22 105.48 105.70 105.89 106.05 106.17 106.28 106.35 106.41 106.45 106.47 106.48 106.43 106.09 105.37 104.29 102.89 101.20 99.26 97.08 94.71 92.18 89.52 86.76 83.93 81.07 78.20 75.36 72.58 69.89 67.32 64.90 62.62 60.48 58.51 56.71 55.10 53.68 52.48 51.49 50.73
100.50 100.28 100.05 99.84 99.63 99.43 99.23 99.05 98.88 98.72 98.57 98.45 98.36 98.31 98.29 98.31 98.38 98.48 98.62 98.81 99.04 99.32 99.65 100.03 100.45 100.93 101.46 102.04 102.68 103.32 103.92 104.47 104.96 105.42 105.82 106.19 106.52 106.81 107.06 107.29 107.48 107.65 107.79 107.92 108.02 108.10 108.13 107.86 107.20 106.19 104.84 103.20 101.30 99.17 96.83 94.33 91.69 88.95 86.14 83.28 80.42 77.58 74.79 72.09 69.50 67.03 64.68 62.46 60.40 58.50 56.77 55.22 53.87 52.73 51.81
99.93 99.71 99.49 99.27 99.07 98.87 98.68 98.50 98.34 98.18 98.05 97.95 97.88 97.85 97.85 97.90 97.98 98.10 98.27 98.47 98.73 99.02 99.37 99.76 100.21 100.70 101.25 101.85 102.51 103.21 103.93 104.60 105.22 105.79 106.31 106.79 107.23 107.62 107.98 108.31 108.60 108.86 109.09 109.30 109.49 109.66 109.76 109.57 108.98 108.02 106.73 105.15 103.29 101.20 98.91 96.44 93.83 91.11 88.31 85.47 82.61 79.78 76.99 74.27 71.65 69.13 66.72 64.44 62.29 60.30 58.46 56.79 55.31 54.02 52.94
99.35 99.13 98.91 98.70 98.50 98.31 98.12 97.95 97.78 97.64 97.53 97.45 97.40 97.39 97.41 97.48 97.58 97.72 97.91 98.13 98.40 98.72 99.08 99.50 99.96 100.47 101.03 101.65 102.32 103.05 103.83 104.62 105.36 106.05 106.69 107.29 107.83 108.34 108.80 109.23 109.62 109.98 110.31 110.61 110.88 111.13 111.32 111.20 110.68 109.79 108.57 107.04 105.23 103.19 100.93 98.50 95.92 93.23 90.45 87.62 84.78 81.95 79.16 76.43 73.79 71.23 68.77 66.42 64.20 62.12 60.18 58.40 56.79 55.37 54.14
98.76 98.54 98.33 98.12 97.92 97.73 97.55 97.38 97.23 97.11 97.01 96.95 96.93 96.94 96.98 97.06 97.18 97.34 97.54 97.79 98.08 98.41 98.79 99.22 99.70 100.22 100.80 101.43 102.12 102.86 103.66 104.51 105.37 106.19 106.95 107.66 108.33 108.94 109.52 110.05 110.54 111.00 111.43 111.82 112.18 112.52 112.79 112.75 112.31 111.49 110.33 108.86 107.11 105.11 102.90 100.51 97.96 95.30 92.55 89.74 86.91 84.09 81.31 78.58 75.91 73.33 70.83 68.43 66.14 63.98 61.95 60.06 58.34 56.78 55.41
98.16 97.95 97.74 97.54 97.34 97.15 96.97 96.81 96.68 96.58 96.51 96.47 96.46 96.48 96.55 96.65 96.78 96.96 97.18 97.44 97.75 98.09 98.49 98.93 99.42 99.97 100.56 101.20 101.90 102.66 103.47 104.34 105.26 106.20 107.08 107.92 108.70 109.43 110.12 110.76 111.36 111.92 112.44 112.93 113.39 113.82 114.18 114.22 113.85 113.11 112.01 110.61 108.91 106.97 104.81 102.46 99.95 97.32 94.59 91.81 89.00 86.21 83.45 80.72 78.05 75.44 72.91 70.46 68.12 65.88 63.77 61.79 59.96 58.28 56.78
97.56 97.35 97.14 96.94 96.75 96.57 96.40 96.26 96.14 96.06 96.00 95.98 95.99 96.04 96.12 96.23 96.39 96.58 96.81 97.09 97.41 97.77 98.18 98.64 99.14 99.70 100.30 100.96 101.67 102.44 103.26 104.14 105.08 106.08 107.08 108.04 108.94 109.80 110.60 111.35 112.06 112.73 113.35 113.94 114.50 115.02 115.47 115.60 115.31 114.64 113.62 112.28 110.65 108.76 106.65 104.34 101.87 99.28 96.58 93.84 91.08 88.32 85.58 82.87 80.20 77.58 75.02 72.54 70.14 67.85 65.66 63.59 61.66 59.87 58.24
