data_processed/recharge/precip/Precip_1996_12.asc
ncols        168
nrows        136
xllcorner    455000
yllcorner    2107000
cellsize     500
NODATA_value     -99999
[rows 72 to 107 of 136, columns 0 to 79 of 168]
15.59 15.22 14.85 14.47 14.09 13.70 13.31 12.92 12.54 12.16 11.80 11.44 11.10 10.78 10.48 10.20 9.94 9.72 9.52 9.36 9.23 9.14 9.08 9.03 9.00 8.98 8.98 8.99 9.02 9.06 9.12 9.19 9.27 9.36 9.47 9.59 9.72 9.86 10.01 10.17 10.35 10.52 10.68 10.83 10.97 11.09 11.20 11.30 11.38 11.45 11.50 11.53 11.55 11.55 11.53 11.49 11.44 11.36 11.26 11.15 11.01 10.85 10.66 10.44 10.16 9.83 9.46 9.03 8.55 8.03 7.46 6.84 6.17 5.46 4.69 3.88 3.03 2.13 1.18 0.18
15.99 15.60 15.20 14.81 14.41 14.00 13.60 13.19 12.79 12.40 12.02 11.65 11.30 10.96 10.65 10.35 10.09 9.85 9.64 9.47 9.33 9.23 9.15 9.09 9.05 9.02 9.01 9.02 9.03 9.07 9.11 9.17 9.24 9.33 9.43 9.54 9.66 9.79 9.94 10.09 10.25 10.40 10.53 10.66 10.77 10.87 10.96 11.04 11.10 11.15 11.18 11.19 11.19 11.18 11.14 11.09 11.02 10.93 10.82 10.69 10.54 10.37 10.18 9.96 9.71 9.40 9.04 8.63 8.17 7.67 7.11 6.51 5.86 5.16 4.41 3.62 2.78 1.89 0.96 0.00
16.44 16.03 15.61 15.19 14.77 14.35 13.93 13.51 13.10 12.69 12.29 11.91 11.54 11.19 10.86 10.55 10.27 10.02 9.80 9.61 9.46 9.35 9.26 9.19 9.14 9.10 9.08 9.07 9.08 9.10 9.13 9.18 9.25 9.32 9.41 9.52 9.63 9.76 9.89 10.03 10.16 10.28 10.40 10.50 10.59 10.67 10.73 10.79 10.83 10.86 10.87 10.87 10.85 10.82 10.77 10.70 10.62 10.52 10.40 10.26 10.10 9.92 9.72 9.49 9.25 8.96 8.62 8.23 7.80 7.31 6.77 6.19 5.56 4.88 4.15 3.37 2.55 1.68 0.76 0.00
16.94 16.51 16.07 15.63 15.19 14.75 14.31 13.88 13.45 13.02 12.61 12.21 11.82 11.46 11.11 10.79 10.50 10.23 10.00 9.80 9.63 9.51 9.41 9.32 9.26 9.21 9.18 9.16 9.15 9.16 9.19 9.23 9.28 9.35 9.43 9.52 9.63 9.75 9.86 9.98 10.08 10.18 10.27 10.34 10.41 10.47 10.51 10.55 10.57 10.58 10.58 10.56 10.52 10.48 10.41 10.33 10.24 10.12 9.99 9.84 9.67 9.48 9.27 9.04 8.79 8.52 8.20 7.84 7.42 6.96 6.44 5.88 5.27 4.61 3.90 3.14 2.34 1.49 0.59 0.00
17.47 17.02 16.57 16.12 15.66 15.20 14.75 14.29 13.84 13.40 12.97 12.55 12.15 11.77 11.41 11.07 10.76 10.48 10.23 10.02 9.84 9.70 9.59 9.50 9.42 9.36 9.31 9.28 9.26 9.26 9.28 9.31 9.35 9.41 9.48 9.56 9.66 9.75 9.85 9.93 10.01 10.09 10.15 10.21 10.25 10.29 10.31 10.33 10.33 10.32 10.30 10.26 10.22 10.15 10.08 9.98 9.87 9.75 9.61 9.45 9.27 9.07 8.86 8.62 8.37 8.09 7.79 7.44 7.05 6.61 6.12 5.58 4.99 4.35 3.66 2.93 2.15 1.32 0.44 0.00
18.04 17.58 17.11 16.64 16.17 15.70 15.23 14.76 14.29 13.83 13.38 12.95 12.53 12.13 11.75 11.40 11.08 10.78 10.52 10.29 10.09 9.94 9.82 9.71 9.62 9.54 9.48 9.44 9.41 9.40 9.40 9.42 9.45 9.50 9.56 9.63 9.70 9.78 9.84 9.90 9.96 10.01 10.05 10.08 10.11 10.12 10.13 10.12 10.11 10.08 10.05 9.99 9.93 9.86 9.76 9.66 9.54 9.40 9.25 9.08 8.90 8.69 8.47 8.23 7.97 7.69 7.38 7.06 6.69 6.27 5.81 5.29 4.73 4.11 3.45 2.74 1.98 1.18 0.32 0.00
18.65 18.17 17.69 17.21 16.73 16.24 15.76 15.27 14.78 14.31 13.84 13.39 12.95 12.54 12.14 11.77 11.43 11.12 10.84 10.59 10.39 10.22 10.08 9.96 9.85 9.76 9.69 9.63 9.59 9.57 9.56 9.56 9.58 9.62 9.67 9.72 9.77 9.81 9.86 9.89 9.92 9.95 9.97 9.98 9.98 9.98 9.97 9.94 9.91 9.87 9.82 9.75 9.67 9.58 9.48 9.36 9.23 9.09 8.92 8.75 8.55 8.34 8.11 7.87 7.60 7.32 7.01 6.69 6.34 5.95 5.51 5.02 4.48 3.90 3.26 2.57 1.84 1.06 0.23 0.00
19.28 18.79 18.30 17.81 17.32 16.82 16.32 15.83 15.33 14.84 14.35 13.88 13.43 12.99 12.58 12.19 11.83 11.50 11.21 10.95 10.72 10.54 10.39 10.25 10.13 10.02 9.94 9.87 9.81 9.78 9.75 9.75 9.75 9.77 9.80 9.83 9.85 9.87 9.89 9.90 9.91 9.91 9.91 9.90 9.88 9.86 9.83 9.79 9.74 9.68 9.61 9.53 9.44 9.34 9.23 9.10 8.96 8.80 8.63 8.45 8.24 8.03 7.79 7.54 7.27 6.99 6.68 6.36 6.01 5.64 5.23 4.77 4.26 3.70 3.09 2.43 1.73 0.97 0.17 0.00
19.93 19.44 18.94 18.44 17.94 17.43 16.93 16.42 15.92 15.41 14.91 14.42 13.95 13.49 13.06 12.66 12.28 11.94 11.62 11.34 11.11 10.91 10.73 10.58 10.45 10.33 10.23 10.14 10.07 10.02 9.98 9.96 9.96 9.96 9.96 9.96 9.95 9.95 9.94 9.93 9.92 9.90 9.88 9.85 9.81 9.77 9.72 9.66 9.60 9.52 9.44 9.35 9.24 9.13 9.00 8.87 8.71 8.55 8.37 8.18 7.97 7.75 7.51 7.26 6.99 6.70 6.39 6.06 5.72 5.35 4.96 4.53 4.05 3.52 2.95 2.32 1.64 0.92 0.14 0.00
20.61 20.11 19.60 19.10 18.59 18.08 17.56 17.05 16.54 16.03 15.52 15.01 14.52 14.05 13.60 13.17 12.78 12.41 12.08 11.79 11.53 11.31 11.13 10.96 10.81 10.67 10.55 10.46 10.37 10.30 10.25 10.22 10.19 10.16 10.14 10.11 10.08 10.05 10.02 9.99 9.95 9.91 9.87 9.82 9.77 9.71 9.64 9.57 9.49 9.40 9.30 9.20 9.08 8.96 8.82 8.67 8.51 8.34 8.15 7.96 7.74 7.52 7.27 7.02 6.74 6.45 6.14 5.82 5.47 5.11 4.72 4.32 3.87 3.37 2.83 2.23 1.58 0.89 0.15 0.00
21.30 20.79 20.29 19.78 19.26 18.75 18.23 17.71 17.19 16.68 16.16 15.65 15.14 14.65 14.18 13.74 13.32 12.94 12.59 12.28 12.00 11.77 11.56 11.38 11.21 11.06 10.93 10.81 10.71 10.63 10.56 10.50 10.45 10.39 10.34 10.29 10.24 10.19 10.13 10.08 10.02 9.96 9.90 9.83 9.76 9.68 9.60 9.51 9.41 9.31 9.20 9.08 8.96 8.82 8.67 8.52 8.35 8.17 7.98 7.77 7.56 7.33 7.08 6.82 6.54 6.25 5.94 5.62 5.27 4.91 4.53 4.13 3.71 3.25 2.73 2.17 1.56 0.90 0.19 0.00
22.00 21.49 20.98 20.47 19.95 19.44 18.92 18.40 17.88 17.36 16.84 16.32 15.81 15.31 14.82 14.35 13.92 13.52 13.15 12.81 12.52 12.27 12.05 11.84 11.66 11.49 11.34 11.21 11.09 10.99 10.90 10.82 10.74 10.66 10.58 10.50 10.43 10.35 10.28 10.20 10.12 10.04 9.96 9.87 9.78 9.69 9.59 9.49 9.38 9.26 9.14 9.01 8.87 8.73 8.57 8.41 8.23 8.05 7.85 7.64 7.42 7.18 6.93 6.67 6.39 6.10 5.79 5.47 5.13 4.77 4.39 4.00 3.59 3.15 2.67 2.14 1.57 0.94 0.27 0.00
22.70 22.20 21.69 21.18 20.66 20.15 19.63 19.11 18.59 18.07 17.55 17.03 16.52 16.01 15.50 15.02 14.56 14.14 13.75 13.40 13.09 12.82 12.58 12.35 12.15 11.96 11.80 11.65 11.51 11.39 11.28 11.16 11.05 10.95 10.85 10.75 10.65 10.55 10.45 10.36 10.26 10.16 10.06 9.96 9.85 9.74 9.63 9.51 9.39 9.26 9.13 8.98 8.84 8.68 8.52 8.34 8.16 7.97 7.77 7.55 7.33 7.09 6.84 6.58 6.30 6.01 5.70 5.38 5.04 4.68 4.31 3.92 3.52 3.09 2.64 2.15 1.61 1.02 0.38 0.00
23.41 22.91 22.41 21.90 21.38 20.87 20.35 19.83 19.31 18.80 18.28 17.76 17.25 16.74 16.24 15.74 15.26 14.82 14.41 14.04 13.71 13.42 13.15 12.91 12.69 12.49 12.30 12.13 11.97 11.83 11.68 11.54 11.41 11.28 11.15 11.03 10.91 10.79 10.67 10.55 10.44 10.32 10.20 10.08 9.96 9.83 9.71 9.58 9.44 9.30 9.16 9.00 8.85 8.68 8.51 8.33 8.14 7.94 7.74 7.52 7.29 7.05 6.80 6.53 6.26 5.97 5.66 5.34 5.01 4.66 4.29 3.91 3.51 3.09 2.65 2.19 1.69 1.14 0.54 0.00
24.12 23.62 23.12 22.62 22.11 21.60 21.09 20.57 20.06 19.54 19.03 18.52 18.01 17.50 17.00 16.50 16.01 15.55 15.12 14.73 14.37 14.06 13.78 13.52 13.28 13.05 12.85 12.66 12.47 12.29 12.12 11.96 11.80 11.65 11.50 11.35 11.21 11.07 10.93 10.79 10.66 10.52 10.39 10.25 10.11 9.97 9.83 9.69 9.54 9.39 9.23 9.07 8.91 8.74 8.56 8.37 8.18 7.97 7.76 7.54 7.31 7.07 6.82 6.55 6.28 5.99 5.69 5.37 5.04 4.69 4.33 3.96 3.56 3.15 2.72 2.28 1.81 1.30 0.74 0.13
24.82 24.33 23.84 23.34 22.84 22.34 21.83 21.32 20.81 20.30 19.80 19.29 18.79 18.29 17.79 17.30 16.81 16.33 15.88 15.46 15.09 14.76 14.46 14.18 13.91 13.67 13.44 13.22 13.01 12.80 12.61 12.42 12.23 12.06 11.88 11.71 11.55 11.39 11.23 11.08 10.92 10.77 10.62 10.47 10.32 10.16 10.01 9.85 9.69 9.53 9.37 9.20 9.02 8.84 8.66 8.47 8.27 8.06 7.85 7.62 7.39 7.15 6.90 6.63 6.36 6.07 5.77 5.46 5.13 4.79 4.44 4.07 3.69 3.28 2.87 2.43 1.98 1.50 0.98 0.42
25.51 25.03 24.55 24.06 23.57 23.07 22.58 22.08 21.58 21.08 20.58 20.08 19.58 19.09 18.60 18.11 17.63 17.16 16.69 16.26 15.86 15.51 15.18 14.88 14.60 14.33 14.07 13.82 13.58 13.35 13.13 12.92 12.71 12.51 12.32 12.13 11.94 11.76 11.58 11.41 11.24 11.07 10.90 10.74 10.57 10.41 10.24 10.07 9.90 9.73 9.56 9.38 9.20 9.01 8.82 8.62 8.42 8.21 7.99 7.77 7.53 7.29 7.04 6.78 6.50 6.22 5.93 5.62 5.30 4.96 4.62 4.26 3.88 3.49 3.08 2.65 2.21 1.75 1.27 0.75
26.19 25.72 25.25 24.77 24.29 23.81 23.32 22.83 22.34 21.85 21.36 20.87 20.39 19.90 19.42 18.95 18.47 18.01 17.55 17.10 16.68 16.31 15.96 15.64 15.33 15.03 14.75 14.47 14.21 13.95 13.70 13.47 13.24 13.01 12.80 12.59 12.38 12.18 11.99 11.80 11.61 11.42 11.24 11.06 10.88 10.71 10.53 10.35 10.17 9.99 9.80 9.62 9.43 9.24 9.04 8.84 8.63 8.42 8.20 7.97 7.74 7.50 7.25 6.99 6.72 6.44 6.15 5.85 5.53 5.21 4.87 4.51 4.15 3.77 3.37 2.96 2.53 2.08 1.62 1.13
26.85 26.39 25.94 25.47 25.00 24.53 24.06 23.58 23.11 22.63 22.15 21.67 21.20 20.73 20.26 19.79 19.33 18.88 18.43 17.99 17.56 17.16 16.80 16.44 16.11 15.78 15.47 15.17 14.88 14.60 14.33 14.06 13.81 13.57 13.33 13.10 12.88 12.66 12.45 12.24 12.03 11.84 11.64 11.44 11.25 11.06 10.87 10.68 10.50 10.31 10.12 9.92 9.73 9.53 9.33 9.12 8.91 8.70 8.48 8.25 8.02 7.78 7.53 7.27 7.01 6.73 6.45 6.15 5.84 5.52 5.19 4.85 4.49 4.12 3.74 3.34 2.92 2.49 2.04 1.57
27.48 27.04 26.60 26.16 25.70 25.25 24.79 24.33 23.87 23.40 22.94 22.48 22.02 21.56 21.10 20.65 20.21 19.76 19.33 18.90 18.48 18.07 17.68 17.30 16.93 16.58 16.24 15.91 15.60 15.29 15.00 14.71 14.44 14.17 13.92 13.67 13.42 13.19 12.96 12.74 12.52 12.30 12.09 11.89 11.68 11.48 11.28 11.08 10.89 10.69 10.49 10.29 10.09 9.89 9.68 9.47 9.26 9.05 8.83 8.60 8.37 8.13 7.88 7.63 7.37 7.10 6.82 6.53 6.23 5.92 5.60 5.26 4.92 4.56 4.18 3.80 3.39 2.98 2.54 2.10
28.08 27.66 27.24 26.81 26.37 25.93 25.49 25.05 24.60 24.15 23.71 23.26 22.81 22.37 21.93 21.49 21.06 20.63 20.21 19.80 19.39 18.98 18.56 18.15 17.76 17.38 17.01 16.66 16.32 15.99 15.68 15.37 15.08 14.79 14.52 14.25 13.99 13.74 13.49 13.25 13.02 12.79 12.57 12.35 12.14 11.93 11.72 11.51 11.31 11.10 10.90 10.69 10.49 10.28 10.07 9.86 9.65 9.43 9.21 8.99 8.76 8.52 8.28 8.03 7.77 7.51 7.24 6.96 6.67 6.37 6.05 5.73 5.40 5.05 4.69 4.32 3.93 3.53 3.11 2.68
28.64 28.24 27.83 27.42 27.00 26.58 26.15 25.72 25.29 24.86 24.43 23.99 23.56 23.14 22.71 22.29 21.87 21.46 21.05 20.65 20.24 19.81 19.37 18.94 18.52 18.12 17.73 17.35 16.99 16.64 16.31 15.98 15.67 15.36 15.07 14.79 14.51 14.25 13.99 13.73 13.49 13.25 13.02 12.79 12.57 12.35 12.13 11.92 11.71 11.50 11.29 11.08 10.87 10.67 10.46 10.25 10.03 9.82 9.60 9.38 9.15 8.92 8.68 8.44 8.19 7.94 7.67 7.40 7.12 6.83 6.53 6.22 5.90 5.57 5.23 4.87 4.50 4.12 3.72 3.31
29.16 28.77 28.38 27.98 27.58 27.17 26.76 26.35 25.93 25.52 25.10 24.68 24.27 23.85 23.44 23.03 22.63 22.23 21.84 21.43 21.00 20.56 20.10 19.65 19.22 18.79 18.38 17.98 17.60 17.23 16.88 16.54 16.21 15.89 15.58 15.28 14.99 14.71 14.44 14.18 13.92 13.67 13.43 13.19 12.96 12.74 12.52 12.30 12.08 11.87 11.66 11.45 11.24 11.04 10.83 10.62 10.41 10.20 9.98 9.77 9.55 9.32 9.09 8.86 8.62 8.37 8.12 7.86 7.59 7.31 7.03 6.73 6.43 6.11 5.79 5.45 5.10 4.73 4.35 3.96
29.63 29.26 28.89 28.51 28.12 27.73 27.33 26.93 26.53 26.13 25.73 25.32 24.92 24.52 24.13 23.73 23.34 22.95 22.56 22.13 21.69 21.23 20.76 20.30 19.84 19.40 18.97 18.55 18.15 17.77 17.39 17.04 16.69 16.36 16.03 15.72 15.42 15.13 14.85 14.58 14.32 14.06 13.81 13.57 13.33 13.10 12.88 12.65 12.44 12.22 12.01 11.80 11.60 11.39 11.19 10.98 10.78 10.57 10.36 10.15 9.94 9.72 9.50 9.28 9.05 8.82 8.58 8.33 8.07 7.81 7.54 7.27 6.98 6.68 6.37 6.05 5.72 5.38 5.02 4.63
30.07 29.71 29.35 28.99 28.61 28.24 27.86 27.47 27.09 26.70 26.31 25.92 25.53 25.15 24.76 24.38 24.00 23.61 23.20 22.76 22.30 21.82 21.34 20.86 20.40 19.94 19.49 19.06 18.64 18.24 17.86 17.48 17.12 16.78 16.44 16.12 15.81 15.51 15.22 14.94 14.67 14.41 14.16 13.91 13.67 13.44 13.21 12.99 12.77 12.56 12.35 12.14 11.94 11.74 11.54 11.34 11.14 10.94 10.74 10.54 10.33 10.13 9.92 9.71 9.49 9.27 9.04 8.81 8.57 8.33 8.08 7.82 7.55 7.27 6.99 6.69 6.38 6.05 5.70 5.32
30.46 30.12 29.78 29.42 29.07 28.70 28.34 27.97 27.60 27.22 26.85 26.47 26.10 25.73 25.35 24.98 24.60 24.20 23.77 23.31 22.84 22.34 21.85 21.36 20.88 20.41 19.95 19.51 19.08 18.66 18.26 17.88 17.51 17.15 16.81 16.48 16.16 15.85 15.55 15.27 14.99 14.73 14.47 14.22 13.98 13.75 13.52 13.30 13.08 12.87 12.67 12.46 12.26 12.07 11.87 11.68 11.49 11.30 11.11 10.92 10.73 10.54 10.34 10.14 9.94 9.73 9.53 9.31 9.09 8.87 8.63 8.39 8.15 7.89 7.63 7.35 7.06 6.75 6.40 6.04
30.81 30.49 30.16 29.82 29.48 29.13 28.78 28.42 28.07 27.71 27.34 26.98 26.62 26.26 25.90 25.53 25.13 24.71 24.26 23.80 23.31 22.80 22.29 21.79 21.30 20.82 20.35 19.89 19.45 19.02 18.61 18.22 17.84 17.47 17.12 16.78 16.46 16.15 15.85 15.56 15.28 15.01 14.75 14.50 14.26 14.03 13.80 13.59 13.37 13.17 12.97 12.77 12.58 12.39 12.20 12.02 11.84 11.66 11.48 11.30 11.13 10.95 10.77 10.58 10.40 10.21 10.02 9.82 9.62 9.42 9.21 8.99 8.77 8.53 8.29 8.04 7.76 7.45 7.12 6.76
31.13 30.82 30.51 30.18 29.85 29.52 29.18 28.84 28.49 28.15 27.80 27.45 27.10 26.75 26.39 26.00 25.59 25.15 24.69 24.21 23.70 23.18 22.66 22.15 21.65 21.16 20.68 20.22 19.77 19.33 18.91 18.51 18.12 17.75 17.39 17.05 16.72 16.41 16.10 15.81 15.53 15.26 15.00 14.76 14.52 14.29 14.07 13.85 13.65 13.45 13.25 13.06 12.88 12.70 12.53 12.35 12.19 12.02 11.85 11.69 11.53 11.36 11.20 11.03 10.87 10.70 10.53 10.35 10.17 9.99 9.80 9.61 9.41 9.20 8.98 8.74 8.47 8.18 7.86 7.51
31.41 31.12 30.81 30.50 30.19 29.87 29.54 29.21 28.88 28.55 28.21 27.87 27.54 27.18 26.81 26.40 25.97 25.52 25.05 24.55 24.04 23.50 22.97 22.45 21.94 21.44 20.96 20.49 20.03 19.59 19.16 18.75 18.36 17.98 17.62 17.27 16.94 16.62 16.32 16.03 15.75 15.48 15.23 14.98 14.75 14.52 14.31 14.10 13.90 13.71 13.52 13.34 13.17 13.00 12.84 12.68 12.53 12.37 12.22 12.08 11.93 11.78 11.64 11.49 11.35 11.20 11.05 10.90 10.74 10.59 10.42 10.26 10.08 9.90 9.69 9.46 9.20 8.92 8.61 8.27
31.65 31.37 31.08 30.79 30.49 30.18 29.87 29.55 29.23 28.91 28.58 28.26 27.92 27.55 27.16 26.74 26.29 25.83 25.34 24.83 24.31 23.76 23.22 22.69 22.17 21.66 21.17 20.69 20.23 19.79 19.35 18.94 18.54 18.16 17.80 17.45 17.12 16.80 16.50 16.21 15.93 15.67 15.42 15.18 14.95 14.73 14.52 14.32 14.13 13.95 13.78 13.61 13.45 13.30 13.15 13.00 12.86 12.73 12.60 12.47 12.34 12.21 12.09 11.96 11.84 11.71 11.59 11.46 11.33 11.20 11.06 10.92 10.77 10.60 10.40 10.18 9.94 9.67 9.37 9.04
31.86 31.59 31.32 31.04 30.75 30.45 30.15 29.85 29.54 29.23 28.92 28.59 28.23 27.85 27.44 27.01 26.55 26.07 25.57 25.05 24.52 23.96 23.41 22.87 22.34 21.83 21.33 20.85 20.38 19.93 19.50 19.08 18.68 18.30 17.94 17.59 17.26 16.94 16.64 16.36 16.09 15.83 15.58 15.35 15.13 14.92 14.72 14.53 14.35 14.18 14.02 13.87 13.72 13.58 13.45 13.32 13.20 13.08 12.97 12.86 12.75 12.65 12.54 12.44 12.34 12.24 12.14 12.04 11.94 11.84 11.73 11.61 11.47 11.31 11.13 10.92 10.69 10.43 10.14 9.82
32.04 31.78 31.52 31.25 30.97 30.69 30.40 30.11 29.81 29.51 29.20 28.85 28.48 28.08 27.66 27.22 26.75 26.26 25.74 25.22 24.67 24.11 23.55 23.00 22.46 21.95 21.44 20.95 20.48 20.03 19.59 19.17 18.77 18.39 18.03 17.69 17.36 17.05 16.75 16.47 16.21 15.96 15.72 15.49 15.28 15.08 14.90 14.72 14.55 14.40 14.25 14.11 13.98 13.86 13.74 13.63 13.53 13.43 13.34 13.25 13.17 13.09 13.01 12.93 12.86 12.79 12.71 12.64 12.57 12.49 12.41 12.30 12.18 12.03 11.86 11.67 11.45 11.20 10.92 10.62
32.18 31.94 31.69 31.43 31.16 30.89 30.62 30.33 30.05 29.75 29.41 29.06 28.67 28.26 27.82 27.36 26.88 26.38 25.86 25.32 24.77 24.20 23.63 23.07 22.53 22.01 21.50 21.01 20.54 20.08 19.64 19.22 18.82 18.44 18.08 17.74 17.42 17.11 16.83 16.55 16.30 16.05 15.83 15.61 15.41 15.23 15.05 14.89 14.74 14.60 14.46 14.34 14.23 14.13 14.03 13.94 13.86 13.79 13.72 13.65 13.59 13.54 13.49 13.44 13.39 13.35 13.30 13.26 13.22 13.16 13.10 13.01 12.90 12.76 12.61 12.43 12.22 11.98 11.71 11.42
32.29 32.06 31.82 31.57 31.32 31.06 30.79 30.52 30.23 29.92 29.57 29.20 28.80 28.37 27.93 27.46 26.96 26.45 25.92 25.38 24.81 24.23 23.66 23.10 22.55 22.03 21.52 21.02 20.54 20.09 19.65 19.23 18.83 18.45 18.09 17.76 17.44 17.15 16.86 16.60 16.35 16.12 15.91 15.71 15.52 15.35 15.19 15.04 14.91 14.78 14.67 14.57 14.47 14.39 14.32 14.25 14.19 14.14 14.10 14.06 14.03 14.00 13.97 13.95 13.94 13.92 13.91 13.90 13.88 13.84 13.79 13.71 13.62 13.50 13.36 13.19 12.99 12.77 12.51 12.22
32.37 32.15 31.92 31.69 31.44 31.19 30.94 30.66 30.36 30.03 29.67 29.28 28.87 28.44 27.98 27.49 26.99 26.47 25.93 25.38 24.81 24.22 23.64 23.08 22.53 22.00 21.48 20.99 20.51 20.05 19.61 19.20 18.80 18.42 18.07 17.74 17.43 17.14 16.87 16.62 16.38 16.17 15.96 15.78 15.61 15.45 15.31 15.18 15.06 14.96 14.86 14.78 14.71 14.65 14.60 14.56 14.52 14.50 14.48 14.47 14.46 14.47 14.47 14.48 14.50 14.51 14.53 14.55 14.54 14.53 14.49 14.43 14.35 14.24 14.11 13.96 13.77 13.56 13.31 13.04
32.41 32.21 31.99 31.77 31.54 31.30 31.04 30.75 30.43 30.09 29.71 29.31 28.89 28.44 27.97 27.48 26.97 26.44 25.90 25.33 24.76 24.17 23.58 23.01 22.46 21.93 21.41 20.92 20.44 19.98 19.54 19.13 18.73 18.36 18.01 17.68 17.38 17.10 16.84 16.61 16.38 16.18 15.99 15.82 15.67 15.53 15.41 15.30 15.20 15.12 15.05 14.99 14.94 14.90 14.88 14.86 14.86 14.86 14.87 14.89 14.91 14.94 14.98 15.02 15.07 15.12 15.17 15.20 15.21 15.21 15.19 15.14 15.08 14.99 14.87 14.73 14.55 14.35 14.12 13.85
