data_processed/recharge/precip/Precip_2005_10.asc
ncols        168
nrows        136
xllcorner    455000
yllcorner    2107000
cellsize     500
NODATA_value     -99999
[rows 0 to 33 of 136, columns 0 to 74 of 168]
157.82 161.37 163.60 164.19 163.57 162.61 161.48 160.17 158.69 157.02 155.16 153.11 150.86 148.41 145.75 142.87 139.71 136.30 132.83 129.49 126.49 124.04 122.25 120.71 119.08 117.38 115.61 113.77 111.87 109.91 107.89 105.85 103.83 101.86 99.98 98.23 96.64 95.25 94.10 93.23 92.67 92.66 93.74 96.23 100.31 106.16 113.97 123.79 133.47 140.61 145.18 147.34 147.24 145.06 141.23 136.82 132.38 127.94 123.53 119.18 114.90 110.72 106.66 102.74 98.98 95.41 92.09 89.15 86.56 84.22 82.01 79.83 77.54 75.14 72.72
151.51 153.95 154.95 154.88 154.50 153.98 153.30 152.46 151.46 150.29 148.94 147.41 145.70 143.80 141.70 139.41 136.91 134.17 131.26 128.38 125.72 123.48 121.81 120.34 118.79 117.17 115.48 113.73 111.90 110.00 108.05 106.08 104.14 102.26 100.48 98.83 97.35 96.07 95.05 94.30 93.87 93.81 94.37 96.17 99.55 104.70 111.81 120.92 129.89 136.30 140.14 141.55 140.71 138.06 134.74 131.30 127.80 124.26 120.69 117.12 113.58 110.08 106.65 103.31 100.08 96.98 94.04 91.31 88.83 86.57 84.41 82.23 79.92 77.46 74.99
145.10 146.42 146.81 146.94 146.93 146.79 146.50 146.08 145.50 144.76 143.87 142.81 141.58 140.17 138.59 136.82 134.86 132.70 130.35 127.92 125.58 123.57 122.00 120.60 119.12 117.58 115.97 114.28 112.49 110.62 108.70 106.78 104.89 103.06 101.34 99.77 98.36 97.18 96.24 95.60 95.28 95.32 95.77 96.92 99.46 103.76 110.02 118.27 126.37 131.91 134.86 135.38 133.95 131.74 129.34 126.80 124.14 121.39 118.56 115.68 112.77 109.86 106.96 104.10 101.29 98.57 95.96 93.47 91.13 88.95 86.83 84.66 82.33 79.82 77.30
138.66 139.41 139.95 140.37 140.67 140.86 140.91 140.84 140.63 140.27 139.78 139.13 138.32 137.36 136.22 134.92 133.45 131.79 129.95 127.96 125.95 124.15 122.69 121.35 119.94 118.47 116.91 115.22 113.42 111.55 109.64 107.73 105.86 104.07 102.39 100.85 99.50 98.37 97.50 96.92 96.68 96.81 97.34 98.33 100.09 103.40 108.64 115.89 122.97 127.48 129.40 129.21 128.14 126.80 125.25 123.51 121.59 119.53 117.34 115.05 112.68 110.25 107.79 105.30 102.83 100.39 97.99 95.68 93.46 91.34 89.27 87.12 84.76 82.21 79.64
132.73 133.59 134.35 135.01 135.56 136.02 136.36 136.58 136.68 136.65 136.49 136.20 135.76 135.18 134.45 133.56 132.51 131.29 129.91 128.35 126.68 125.08 123.72 122.44 121.10 119.66 118.07 116.34 114.50 112.60 110.67 108.75 106.87 105.08 103.40 101.88 100.55 99.45 98.61 98.08 97.89 98.07 98.66 99.71 101.25 103.66 107.75 113.83 119.75 123.09 124.16 124.26 124.01 123.48 122.68 121.63 120.36 118.89 117.25 115.45 113.51 111.47 109.34 107.13 104.89 102.62 100.36 98.11 95.91 93.78 91.71 89.56 87.19 84.60 81.99
127.90 128.90 129.83 130.68 131.43 132.10 132.66 133.13 133.48 133.73 133.85 133.86 133.73 133.48 133.09 132.55 131.87 131.04 130.05 128.91 127.60 126.21 124.95 123.73 122.41 120.91 119.23 117.43 115.53 113.57 111.59 109.63 107.72 105.89 104.19 102.65 101.32 100.21 99.38 98.86 98.69 98.90 99.53 100.62 102.20 104.32 107.38 112.16 116.76 119.13 120.42 121.29 121.80 121.97 121.82 121.37 120.65 119.68 118.47 117.06 115.47 113.71 111.81 109.79 107.67 105.48 103.24 100.97 98.69 96.43 94.20 91.99 89.60 86.97 84.31
124.09 125.19 126.24 127.21 128.11 128.93 129.66 130.31 130.87 131.32 131.68 131.92 132.06 132.07 131.97 131.73 131.37 130.86 130.22 129.43 128.48 127.39 126.24 125.02 123.60 121.99 120.21 118.31 116.31 114.27 112.21 110.17 108.19 106.31 104.56 102.98 101.60 100.47 99.62 99.08 98.90 99.11 99.74 100.84 102.44 104.58 107.30 110.93 114.44 116.95 118.96 120.54 121.71 122.48 122.88 122.93 122.66 122.08 121.22 120.10 118.74 117.17 115.40 113.47 111.38 109.17 106.86 104.46 102.00 99.51 97.00 94.50 91.97 89.29 86.62
121.06 122.21 123.31 124.36 125.35 126.27 127.13 127.91 128.61 129.23 129.76 130.20 130.54 130.77 130.90 130.91 130.81 130.58 130.23 129.74 129.12 128.35 127.42 126.13 124.57 122.81 120.89 118.86 116.74 114.59 112.42 110.28 108.21 106.24 104.41 102.76 101.32 100.13 99.22 98.64 98.42 98.60 99.21 100.30 101.89 104.02 106.74 110.08 113.67 116.87 119.56 121.76 123.50 124.79 125.66 126.13 126.22 125.95 125.35 124.44 123.24 121.77 120.06 118.12 115.99 113.67 111.20 108.60 105.88 103.08 100.20 97.29 94.35 91.50 88.80
118.30 119.47 120.60 121.69 122.74 123.74 124.68 125.57 126.39 127.14 127.82 128.41 128.92 129.35 129.68 129.91 130.04 130.06 129.97 129.75 129.42 128.98 128.40 127.27 125.58 123.66 121.59 119.40 117.14 114.85 112.55 110.29 108.10 106.03 104.10 102.35 100.82 99.55 98.57 97.93 97.65 97.78 98.34 99.39 100.95 103.06 105.79 109.20 113.06 116.86 120.22 123.04 125.35 127.15 128.48 129.36 129.81 129.85 129.50 128.80 127.74 126.37 124.71 122.77 120.57 118.15 115.51 112.69 109.71 106.59 103.34 100.00 96.61 93.37 90.54
115.66 116.83 117.97 119.09 120.17 121.23 122.24 123.20 124.12 124.98 125.78 126.51 127.18 127.77 128.28 128.71 129.04 129.29 129.43 129.48 129.43 129.32 129.10 128.29 126.72 124.66 122.41 120.06 117.64 115.19 112.74 110.34 108.01 105.81 103.75 101.89 100.26 98.89 97.82 97.09 96.73 96.78 97.29 98.27 99.79 101.88 104.68 108.20 112.17 116.22 120.16 123.62 126.51 128.86 130.67 131.99 132.82 133.19 133.12 132.63 131.76 130.51 128.91 126.98 124.75 122.24 119.47 116.46 113.23 109.82 106.22 102.49 98.69 95.03 91.86
113.19 114.33 115.46 116.57 117.68 118.76 119.81 120.84 121.82 122.77 123.67 124.52 125.32 126.05 126.73 127.33 127.85 128.30 128.66 128.95 129.21 129.43 129.52 129.03 127.73 125.75 123.35 120.80 118.20 115.57 112.95 110.39 107.91 105.55 103.36 101.36 99.60 98.11 96.93 96.09 95.63 95.60 96.01 96.93 98.40 100.57 103.47 107.09 111.15 115.31 119.49 123.50 127.00 129.91 132.23 134.00 135.24 135.96 136.19 135.96 135.28 134.17 132.67 130.78 128.54 125.96 123.08 119.90 116.45 112.76 108.84 104.75 100.58 96.55 93.01
110.88 111.98 113.08 114.18 115.27 116.36 117.44 118.50 119.54 120.55 121.53 122.48 123.38 124.24 125.05 125.80 126.49 127.12 127.70 128.26 128.80 129.30 129.70 129.48 128.44 126.67 124.31 121.60 118.79 115.96 113.16 110.41 107.76 105.23 102.88 100.73 98.82 97.19 95.87 94.91 94.33 94.19 94.50 95.35 96.89 99.17 102.18 105.88 110.02 114.27 118.55 122.80 126.82 130.31 133.17 135.42 137.08 138.18 138.73 138.77 138.31 137.37 135.98 134.16 131.93 129.32 126.33 123.01 119.37 115.41 111.19 106.79 102.29 97.93 94.08
108.73 109.81 110.88 111.93 113.00 114.08 115.15 116.23 117.30 118.35 119.39 120.41 121.40 122.36 123.28 124.16 125.00 125.80 126.61 127.42 128.21 128.98 129.64 129.67 128.85 127.29 125.10 122.38 119.39 116.34 113.33 110.38 107.53 104.82 102.28 99.96 97.88 96.09 94.62 93.51 92.80 92.52 92.75 93.66 95.32 97.71 100.81 104.59 108.80 113.12 117.48 121.83 126.08 130.07 133.48 136.23 138.35 139.84 140.75 141.08 140.86 140.11 138.86 137.13 134.93 132.30 129.25 125.80 121.95 117.76 113.28 108.61 103.82 99.18 95.05
106.73 107.80 108.84 109.87 110.89 111.92 112.98 114.05 115.12 116.20 117.28 118.34 119.40 120.43 121.45 122.44 123.42 124.42 125.44 126.46 127.48 128.48 129.37 129.62 129.00 127.61 125.56 122.96 119.93 116.68 113.44 110.27 107.20 104.28 101.54 99.03 96.76 94.79 93.15 91.87 91.00 90.62 90.91 91.94 93.71 96.20 99.38 103.23 107.50 111.89 116.32 120.74 125.08 129.28 133.17 136.45 139.04 140.96 142.23 142.88 142.93 142.40 141.31 139.68 137.55 134.92 131.81 128.23 124.20 119.80 115.11 110.21 105.19 100.30 95.94
104.88 105.93 106.97 107.97 108.95 109.94 110.95 111.99 113.05 114.13 115.21 116.31 117.41 118.50 119.59 120.68 121.82 123.00 124.20 125.41 126.63 127.82 128.92 129.36 128.90 127.65 125.72 123.21 120.24 116.92 113.45 110.04 106.74 103.59 100.63 97.90 95.43 93.26 91.42 89.96 88.97 88.63 89.05 90.21 92.08 94.65 97.90 101.81 106.13 110.57 115.06 119.55 123.97 128.25 132.35 136.08 139.16 141.52 143.19 144.18 144.52 144.23 143.32 141.83 139.77 137.17 134.00 130.28 126.11 121.55 116.68 111.60 106.38 101.29 96.75
103.17 104.21 105.23 106.23 107.20 108.14 109.09 110.08 111.10 112.16 113.24 114.34 115.46 116.58 117.74 118.96 120.24 121.56 122.92 124.29 125.67 127.03 128.30 128.90 128.58 127.44 125.60 123.15 120.21 116.90 113.32 109.67 106.11 102.72 99.52 96.55 93.85 91.46 89.41 87.81 86.86 86.66 87.20 88.46 90.42 93.07 96.38 100.34 104.70 109.19 113.73 118.28 122.75 127.11 131.28 135.20 138.72 141.55 143.63 144.99 145.64 145.60 144.91 143.57 141.61 139.00 135.76 131.95 127.67 123.00 118.01 112.79 107.41 102.17 97.48
101.59 102.62 103.63 104.62 105.59 106.53 107.44 108.35 109.32 110.33 111.38 112.46 113.58 114.74 115.98 117.31 118.69 120.13 121.61 123.11 124.63 126.13 127.54 128.27 128.06 127.00 125.21 122.79 119.86 116.53 112.91 109.10 105.29 101.63 98.17 94.95 92.00 89.37 87.16 85.59 84.78 84.71 85.36 86.72 88.77 91.48 94.85 98.83 103.22 107.75 112.34 116.93 121.46 125.87 130.10 134.10 137.80 141.04 143.56 145.30 146.29 146.54 146.07 144.91 143.01 140.38 137.10 133.25 128.91 124.16 119.09 113.77 108.29 102.93 98.14
100.15 101.16 102.17 103.15 104.12 105.06 105.96 106.83 107.72 108.66 109.66 110.71 111.82 113.03 114.34 115.74 117.21 118.74 120.31 121.91 123.53 125.14 126.67 127.49 127.35 126.35 124.58 122.17 119.21 115.83 112.14 108.23 104.24 100.30 96.56 93.06 89.85 87.03 84.85 83.43 82.75 82.80 83.56 85.00 87.12 89.89 93.29 97.31 101.72 106.27 110.89 115.52 120.09 124.55 128.84 132.89 136.66 140.07 142.97 145.12 146.47 147.03 146.80 145.76 143.90 141.30 138.03 134.17 129.82 125.04 119.93 114.55 109.00 103.57 98.73
98.82 99.83 100.83 101.81 102.77 103.71 104.62 105.50 106.34 107.19 108.12 109.13 110.25 111.50 112.85 114.29 115.82 117.40 119.03 120.70 122.39 124.08 125.69 126.59 126.49 125.50 123.73 121.29 118.29 114.83 111.03 107.00 102.85 98.68 94.65 90.86 87.44 84.66 82.63 81.34 80.79 80.94 81.79 83.31 85.49 88.31 91.74 95.78 100.20 104.76 109.40 114.06 118.66 123.16 127.49 131.59 135.41 138.89 141.95 144.46 146.19 147.06 147.03 146.08 144.30 141.76 138.54 134.73 130.40 125.64 120.53 115.14 109.57 104.11 99.25
97.62 98.61 99.61 100.59 101.55 102.50 103.41 104.29 105.14 105.95 106.80 107.79 108.91 110.16 111.52 112.98 114.52 116.13 117.80 119.50 121.24 122.98 124.64 125.58 125.49 124.50 122.69 120.19 117.10 113.54 109.61 105.42 101.09 96.72 92.42 88.41 85.01 82.38 80.49 79.34 78.90 79.15 80.08 81.67 83.90 86.75 90.21 94.25 98.67 103.24 107.89 112.56 117.19 121.71 126.07 130.22 134.08 137.60 140.73 143.39 145.43 146.56 146.68 145.87 144.21 141.77 138.65 134.92 130.66 125.96 120.89 115.54 109.98 104.54 99.71
96.53 97.51 98.50 99.48 100.45 101.40 102.32 103.21 104.07 104.91 105.77 106.73 107.82 109.05 110.39 111.83 113.36 114.97 116.63 118.35 120.09 121.86 123.54 124.48 124.38 123.35 121.48 118.89 115.69 111.98 107.89 103.52 98.97 94.37 89.89 85.94 82.71 80.22 78.47 77.43 77.09 77.43 78.43 80.08 82.35 85.23 88.70 92.73 97.14 101.71 106.36 111.04 115.68 120.22 124.61 128.78 132.68 136.24 139.41 142.11 144.18 145.44 145.75 145.12 143.62 141.34 138.36 134.75 130.61 126.01 121.02 115.75 110.26 104.87 100.12
95.54 96.52 97.51 98.48 99.45 100.41 101.34 102.25 103.15 104.07 105.01 105.96 107.00 108.17 109.46 110.86 112.35 113.92 115.56 117.25 118.98 120.73 122.40 123.33 123.18 122.07 120.11 117.40 114.06 110.19 105.90 101.31 96.52 91.74 87.37 83.61 80.54 78.19 76.56 75.63 75.39 75.80 76.87 78.56 80.86 83.76 87.23 91.25 95.64 100.19 104.84 109.51 114.15 118.70 123.10 127.29 131.21 134.80 137.98 140.60 142.54 143.78 144.26 143.84 142.55 140.47 137.66 134.23 130.24 125.78 120.93 115.77 110.39 105.11 100.47
94.66 95.63 96.61 97.59 98.57 99.53 100.48 101.42 102.39 103.40 104.42 105.45 106.47 107.56 108.76 110.09 111.51 113.02 114.60 116.23 117.92 119.63 121.26 122.13 121.91 120.70 118.61 115.76 112.24 108.17 103.66 98.82 93.86 89.19 85.04 81.48 78.55 76.31 74.79 73.96 73.79 74.28 75.39 77.12 79.44 82.35 85.81 89.80 94.17 98.69 103.32 107.97 112.61 117.15 121.56 125.75 129.69 133.28 136.36 138.80 140.60 141.75 142.25 142.04 141.00 139.15 136.58 133.35 129.57 125.29 120.62 115.62 110.39 105.25 100.77
93.87 94.84 95.82 96.80 97.78 98.75 99.73 100.75 101.81 102.90 104.00 105.09 106.17 107.22 108.33 109.54 110.86 112.28 113.77 115.32 116.93 118.57 120.13 120.92 120.60 119.26 117.01 113.97 110.25 105.95 101.20 96.18 91.35 86.93 83.00 79.60 76.79 74.63 73.17 72.42 72.32 72.87 74.02 75.78 78.11 81.01 84.45 88.41 92.74 97.23 101.82 106.46 111.07 115.60 120.00 124.20 128.11 131.57 134.44 136.71 138.38 139.45 139.91 139.78 138.97 137.41 135.10 132.13 128.59 124.55 120.09 115.30 110.25 105.31 101.03
93.17 94.14 95.12 96.10 97.09 98.10 99.15 100.26 101.40 102.56 103.72 104.88 106.01 107.10 108.16 109.24 110.44 111.73 113.10 114.54 116.04 117.57 119.04 119.72 119.26 117.75 115.33 112.08 108.12 103.57 98.63 93.76 89.21 85.03 81.29 78.04 75.33 73.23 71.78 71.04 70.99 71.58 72.77 74.54 76.88 79.76 83.17 87.09 91.36 95.81 100.37 104.96 109.55 114.06 118.44 122.60 126.35 129.57 132.23 134.34 135.89 136.89 137.32 137.20 136.52 135.23 133.23 130.56 127.31 123.54 119.34 114.80 109.99 105.28 101.25
92.55 93.52 94.50 95.49 96.51 97.59 98.73 99.91 101.13 102.35 103.58 104.79 105.98 107.11 108.19 109.21 110.25 111.38 112.61 113.90 115.26 116.67 118.01 118.54 117.91 116.22 113.58 110.09 105.87 101.14 96.36 91.80 87.51 83.56 79.99 76.87 74.24 72.17 70.71 69.91 69.83 70.44 71.65 73.42 75.75 78.61 81.98 85.84 90.06 94.45 98.96 103.51 108.06 112.53 116.86 120.83 124.31 127.29 129.75 131.70 133.15 134.08 134.50 134.40 133.80 132.67 130.98 128.66 125.73 122.28 118.39 114.13 109.61 105.17 101.42
92.01 92.98 93.97 94.99 96.08 97.24 98.45 99.71 100.99 102.28 103.56 104.82 106.05 107.22 108.33 109.36 110.31 111.27 112.31 113.44 114.63 115.87 117.06 117.42 116.59 114.68 111.79 108.03 103.63 99.08 94.64 90.37 86.33 82.58 79.16 76.15 73.58 71.53 70.03 69.15 68.95 69.46 70.66 72.44 74.75 77.57 80.89 84.69 88.84 93.16 97.61 102.11 106.61 111.01 115.13 118.79 121.99 124.73 127.01 128.81 130.16 131.04 131.45 131.39 130.86 129.87 128.40 126.42 123.86 120.77 117.23 113.31 109.10 104.98 101.57
91.55 92.52 93.53 94.62 95.79 97.03 98.31 99.63 100.97 102.31 103.65 104.95 106.21 107.42 108.56 109.61 110.55 111.40 112.25 113.17 114.16 115.21 116.21 116.36 115.31 113.15 109.98 106.05 101.84 97.65 93.52 89.53 85.72 82.15 78.87 75.94 73.42 71.35 69.80 68.83 68.48 68.80 69.86 71.60 73.88 76.66 79.92 83.64 87.71 91.96 96.33 100.77 105.18 109.35 113.12 116.47 119.40 121.92 124.01 125.69 126.94 127.78 128.19 128.18 127.74 126.88 125.59 123.88 121.70 119.02 115.86 112.32 108.48 104.72 101.69
91.15 92.14 93.23 94.40 95.64 96.95 98.30 99.67 101.06 102.45 103.83 105.17 106.46 107.69 108.85 109.91 110.87 111.70 112.42 113.11 113.88 114.71 115.48 115.41 114.10 111.65 108.31 104.58 100.76 96.92 93.09 89.35 85.75 82.34 79.17 76.31 73.81 71.72 70.10 69.00 68.48 68.60 69.40 70.94 73.15 75.88 79.07 82.71 86.68 90.85 95.14 99.48 103.62 107.41 110.83 113.88 116.55 118.85 120.78 122.33 123.51 124.31 124.73 124.78 124.44 123.73 122.63 121.15 119.29 117.02 114.30 111.18 107.75 104.40 101.78
90.83 91.90 93.06 94.30 95.62 96.98 98.39 99.81 101.25 102.68 104.09 105.46 106.77 108.02 109.19 110.26 111.22 112.05 112.74 113.29 113.80 114.38 114.90 114.56 112.97 110.34 107.23 103.91 100.47 96.95 93.41 89.90 86.48 83.21 80.14 77.33 74.82 72.69 70.97 69.73 69.03 68.91 69.43 70.66 72.62 75.25 78.36 81.91 85.78 89.85 94.02 98.06 101.80 105.20 108.28 111.04 113.46 115.56 117.33 118.77 119.87 120.65 121.09 121.20 120.98 120.42 119.52 118.29 116.72 114.82 112.55 109.89 106.91 104.00 101.85
90.64 91.78 93.01 94.32 95.70 97.12 98.57 100.04 101.52 102.98 104.41 105.81 107.14 108.40 109.57 110.64 111.60 112.42 113.09 113.60 113.95 114.25 114.49 113.86 112.09 109.71 107.03 104.12 101.03 97.81 94.53 91.24 87.99 84.83 81.84 79.05 76.52 74.32 72.49 71.09 70.18 69.81 70.03 70.90 72.49 74.82 77.80 81.24 85.01 88.94 92.79 96.39 99.70 102.73 105.49 107.96 110.14 112.05 113.67 115.00 116.05 116.81 117.28 117.47 117.36 116.97 116.28 115.31 114.04 112.48 110.62 108.45 105.97 103.55 101.88
90.57 91.78 93.07 94.44 95.87 97.34 98.84 100.35 101.85 103.34 104.79 106.20 107.55 108.81 109.98 111.05 111.99 112.79 113.44 113.92 114.21 114.33 114.28 113.47 111.95 110.04 107.79 105.25 102.49 99.57 96.53 93.43 90.32 87.27 84.32 81.54 78.98 76.69 74.72 73.14 72.00 71.35 71.26 71.76 72.93 74.81 77.45 80.74 84.34 87.93 91.31 94.45 97.35 100.02 102.45 104.65 106.61 108.33 109.81 111.05 112.04 112.80 113.32 113.59 113.61 113.39 112.93 112.22 111.26 110.05 108.60 106.89 104.93 103.02 101.59
90.61 91.88 93.23 94.65 96.13 97.64 99.17 100.71 102.24 103.74 105.21 106.63 107.97 109.24 110.40 111.45 112.37 113.15 113.76 114.21 114.46 114.51 114.35 113.80 112.78 111.32 109.48 107.31 104.87 102.21 99.39 96.46 93.49 90.52 87.61 84.82 82.19 79.80 77.68 75.90 74.52 73.58 73.14 73.26 74.00 75.40 77.53 80.41 83.62 86.70 89.58 92.28 94.78 97.10 99.22 101.16 102.89 104.44 105.79 106.95 107.90 108.67 109.23 109.60 109.76 109.73 109.50 109.06 108.42 107.58 106.54 105.28 103.81 102.17 100.61
90.77 92.08 93.48 94.94 96.44 97.98 99.53 101.09 102.63 104.14 105.60 107.01 108.35 109.59 110.73 111.75 112.64 113.38 113.95 114.34 114.54 114.56 114.46 114.26 113.73 112.74 111.32 109.53 107.42 105.04 102.46 99.72 96.89 94.02 91.16 88.36 85.70 83.21 80.95 78.99 77.37 76.16 75.39 75.14 75.46 76.40 78.01 80.31 82.94 85.48 87.89 90.15 92.27 94.24 96.07 97.75 99.28 100.66 101.90 102.98 103.91 104.69 105.31 105.79 106.10 106.27 106.27 106.12 105.82 105.35 104.73 103.93 102.74 101.09 99.36
