data_processed/recharge/precip/Precip_1984_02.asc
ncols        168
nrows        136
xllcorner    455000
yllcorner    2107000
cellsize     500
NODATA_value     -99999
[rows 36 to 71 of 136, columns 0 to 81 of 168]
15.75 16.04 16.31 16.56 16.79 16.99 17.18 17.34 17.47 17.59 17.67 17.73 17.76 17.72 17.52 17.18 16.72 16.15 15.51 15.02 14.78 14.79 15.03 15.48 16.06 16.64 17.18 17.66 18.09 18.47 18.78 19.04 19.23 19.35 19.41 19.40 19.29 19.06 18.69 18.18 17.54 16.79 15.94 15.06 14.16 13.23 12.29 11.36 10.47 9.65 8.92 8.26 7.68 7.17 6.75 6.41 6.15 5.97 5.87 5.86 6.04 6.46 7.11 7.97 9.03 10.20 11.23 12.06 12.68 13.12 13.38 13.54 13.67 13.79 13.88 13.95 13.98 13.98 13.93 13.83 13.68 13.46
14.83 15.11 15.38 15.63 15.86 16.07 16.26 16.44 16.59 16.73 16.84 16.93 17.00 17.05 17.01 16.84 16.52 16.08 15.56 15.17 15.03 15.14 15.47 15.95 16.45 16.90 17.31 17.68 18.00 18.26 18.48 18.63 18.73 18.77 18.75 18.66 18.50 18.25 17.89 17.41 16.79 16.07 15.26 14.42 13.55 12.66 11.77 10.92 10.13 9.41 8.76 8.17 7.66 7.22 6.84 6.54 6.31 6.14 6.05 6.04 6.11 6.35 6.83 7.53 8.44 9.47 10.36 11.05 11.54 11.86 12.07 12.26 12.44 12.61 12.77 12.89 12.99 13.05 13.07 13.05 12.97 12.83
13.91 14.18 14.44 14.68 14.91 15.13 15.33 15.52 15.69 15.85 15.99 16.11 16.21 16.29 16.35 16.34 16.19 15.90 15.51 15.24 15.23 15.45 15.84 16.25 16.63 16.98 17.28 17.55 17.77 17.95 18.08 18.15 18.18 18.15 18.06 17.92 17.71 17.43 17.08 16.62 16.04 15.35 14.59 13.79 12.97 12.14 11.33 10.58 9.89 9.26 8.69 8.18 7.73 7.33 7.00 6.73 6.52 6.37 6.29 6.27 6.31 6.43 6.72 7.23 7.97 8.82 9.55 10.07 10.41 10.65 10.88 11.11 11.33 11.54 11.74 11.92 12.06 12.18 12.25 12.28 12.26 12.19
12.98 13.24 13.49 13.73 13.96 14.18 14.39 14.59 14.77 14.95 15.11 15.26 15.39 15.51 15.61 15.70 15.71 15.59 15.35 15.23 15.35 15.65 15.99 16.30 16.58 16.84 17.06 17.24 17.39 17.49 17.56 17.58 17.55 17.47 17.34 17.16 16.91 16.61 16.25 15.81 15.27 14.64 13.93 13.18 12.42 11.68 10.98 10.34 9.74 9.19 8.70 8.25 7.85 7.50 7.21 6.97 6.78 6.64 6.55 6.52 6.54 6.62 6.77 7.07 7.60 8.26 8.79 9.14 9.38 9.62 9.86 10.11 10.36 10.60 10.83 11.04 11.22 11.38 11.49 11.57 11.59 11.57
12.05 12.29 12.53 12.77 13.00 13.22 13.43 13.64 13.84 14.03 14.22 14.39 14.55 14.70 14.84 14.97 15.08 15.13 15.07 15.10 15.32 15.59 15.84 16.07 16.27 16.46 16.61 16.73 16.82 16.88 16.90 16.88 16.82 16.71 16.55 16.35 16.09 15.79 15.42 14.99 14.50 13.92 13.27 12.59 11.93 11.30 10.71 10.16 9.65 9.18 8.75 8.36 8.02 7.71 7.45 7.23 7.05 6.91 6.82 6.77 6.77 6.81 6.90 7.05 7.35 7.79 8.11 8.33 8.56 8.80 9.05 9.31 9.57 9.83 10.07 10.30 10.50 10.68 10.82 10.93 10.99 11.00
11.13 11.36 11.58 11.81 12.03 12.26 12.47 12.69 12.90 13.11 13.31 13.51 13.70 13.88 14.06 14.23 14.39 14.53 14.64 14.79 14.99 15.19 15.37 15.54 15.69 15.81 15.92 16.00 16.06 16.08 16.08 16.03 15.96 15.84 15.68 15.48 15.23 14.93 14.58 14.18 13.72 13.19 12.62 12.04 11.50 10.98 10.49 10.03 9.60 9.21 8.84 8.50 8.20 7.93 7.69 7.49 7.32 7.18 7.08 7.01 6.98 6.98 7.02 7.09 7.22 7.43 7.60 7.78 8.00 8.23 8.47 8.73 8.98 9.24 9.49 9.72 9.93 10.12 10.28 10.40 10.47 10.50
10.23 10.44 10.66 10.87 11.09 11.31 11.53 11.76 11.98 12.20 12.42 12.64 12.85 13.07 13.28 13.48 13.68 13.88 14.05 14.20 14.34 14.48 14.61 14.73 14.83 14.93 15.00 15.06 15.09 15.10 15.09 15.04 14.97 14.86 14.71 14.52 14.30 14.03 13.71 13.35 12.93 12.47 12.00 11.55 11.11 10.70 10.31 9.93 9.58 9.25 8.94 8.66 8.39 8.15 7.93 7.74 7.57 7.43 7.31 7.21 7.14 7.10 7.08 7.09 7.13 7.22 7.35 7.50 7.69 7.90 8.12 8.36 8.60 8.84 9.08 9.31 9.52 9.70 9.86 9.98 10.07 10.10
9.48 9.66 9.86 10.06 10.27 10.49 10.71 10.93 11.16 11.39 11.63 11.86 12.10 12.34 12.58 12.82 13.06 13.28 13.43 13.53 13.62 13.70 13.78 13.86 13.93 13.99 14.03 14.07 14.09 14.09 14.06 14.02 13.95 13.85 13.71 13.55 13.35 13.11 12.83 12.51 12.15 11.79 11.44 11.11 10.78 10.46 10.16 9.86 9.58 9.31 9.06 8.81 8.58 8.36 8.16 7.97 7.80 7.64 7.49 7.37 7.25 7.16 7.08 7.03 7.02 7.10 7.20 7.33 7.48 7.67 7.87 8.08 8.31 8.53 8.76 8.97 9.17 9.35 9.51 9.63 9.72 9.76
8.88 9.05 9.22 9.41 9.61 9.81 10.03 10.25 10.48 10.72 10.97 11.22 11.48 11.74 12.01 12.28 12.53 12.72 12.83 12.90 12.94 12.97 13.00 13.03 13.06 13.08 13.10 13.11 13.11 13.10 13.06 13.02 12.95 12.85 12.73 12.59 12.41 12.20 11.95 11.68 11.41 11.17 10.94 10.72 10.49 10.27 10.04 9.82 9.60 9.39 9.18 8.97 8.76 8.56 8.36 8.17 7.99 7.81 7.63 7.47 7.31 7.16 7.02 6.92 6.91 6.98 7.08 7.19 7.31 7.47 7.64 7.84 8.04 8.25 8.46 8.67 8.86 9.03 9.18 9.31 9.39 9.44
8.45 8.59 8.74 8.91 9.09 9.28 9.49 9.71 9.94 10.18 10.43 10.70 10.97 11.25 11.54 11.82 12.04 12.19 12.26 12.29 12.30 12.29 12.26 12.25 12.23 12.22 12.21 12.19 12.17 12.14 12.09 12.04 11.97 11.88 11.77 11.64 11.49 11.30 11.10 10.90 10.75 10.62 10.50 10.37 10.24 10.10 9.95 9.80 9.64 9.47 9.29 9.11 8.93 8.74 8.54 8.34 8.14 7.93 7.72 7.51 7.29 7.08 6.90 6.81 6.80 6.87 6.97 7.07 7.18 7.30 7.45 7.63 7.81 8.00 8.20 8.39 8.57 8.74 8.89 9.01 9.10 9.15
8.17 8.27 8.40 8.54 8.70 8.88 9.07 9.28 9.51 9.75 10.01 10.28 10.56 10.86 11.15 11.40 11.57 11.68 11.71 11.71 11.68 11.64 11.58 11.52 11.46 11.41 11.36 11.31 11.26 11.21 11.16 11.10 11.02 10.94 10.84 10.72 10.58 10.43 10.30 10.21 10.15 10.12 10.10 10.07 10.02 9.96 9.88 9.78 9.67 9.54 9.40 9.24 9.07 8.88 8.68 8.47 8.24 8.00 7.75 7.48 7.21 6.96 6.79 6.69 6.69 6.76 6.85 6.95 7.06 7.17 7.29 7.44 7.61 7.78 7.96 8.14 8.32 8.48 8.62 8.74 8.83 8.88
8.02 8.09 8.18 8.30 8.43 8.59 8.77 8.97 9.19 9.43 9.69 9.96 10.25 10.55 10.80 10.99 11.12 11.19 11.19 11.15 11.10 11.03 10.94 10.84 10.74 10.64 10.56 10.48 10.40 10.33 10.26 10.19 10.11 10.02 9.93 9.82 9.71 9.62 9.58 9.59 9.63 9.69 9.75 9.80 9.82 9.83 9.81 9.77 9.70 9.60 9.49 9.34 9.18 8.99 8.78 8.54 8.28 8.00 7.70 7.38 7.07 6.83 6.67 6.58 6.58 6.65 6.75 6.84 6.94 7.05 7.16 7.29 7.43 7.59 7.75 7.92 8.08 8.24 8.37 8.49 8.58 8.64
7.98 8.03 8.09 8.17 8.28 8.42 8.58 8.76 8.97 9.20 9.46 9.73 10.01 10.26 10.46 10.60 10.69 10.72 10.68 10.62 10.54 10.44 10.33 10.21 10.07 9.94 9.81 9.70 9.60 9.50 9.41 9.32 9.24 9.15 9.06 8.96 8.91 8.91 8.96 9.05 9.17 9.31 9.45 9.56 9.65 9.71 9.74 9.74 9.71 9.64 9.55 9.41 9.25 9.05 8.81 8.55 8.25 7.93 7.57 7.23 6.93 6.71 6.55 6.48 6.48 6.55 6.64 6.74 6.84 6.94 7.05 7.16 7.28 7.42 7.57 7.72 7.88 8.02 8.15 8.27 8.36 8.42
8.02 8.07 8.11 8.16 8.24 8.34 8.48 8.65 8.84 9.06 9.31 9.56 9.80 9.99 10.13 10.23 10.27 10.26 10.20 10.11 10.00 9.88 9.75 9.61 9.46 9.29 9.13 8.98 8.84 8.72 8.61 8.51 8.41 8.31 8.23 8.19 8.21 8.29 8.41 8.57 8.77 8.97 9.18 9.35 9.50 9.60 9.67 9.70 9.70 9.65 9.57 9.44 9.26 9.05 8.79 8.49 8.15 7.78 7.40 7.07 6.79 6.58 6.44 6.37 6.37 6.45 6.54 6.63 6.73 6.83 6.94 7.05 7.16 7.28 7.41 7.55 7.69 7.83 7.96 8.07 8.16 8.22
8.12 8.17 8.21 8.24 8.28 8.36 8.47 8.61 8.79 8.99 9.21 9.42 9.59 9.72 9.81 9.86 9.87 9.83 9.74 9.62 9.49 9.35 9.20 9.04 8.87 8.69 8.50 8.31 8.15 7.99 7.86 7.74 7.63 7.54 7.49 7.52 7.61 7.76 7.95 8.17 8.42 8.69 8.95 9.17 9.36 9.50 9.60 9.65 9.66 9.63 9.54 9.41 9.22 8.99 8.70 8.36 7.97 7.57 7.21 6.90 6.65 6.46 6.33 6.26 6.27 6.34 6.43 6.53 6.63 6.73 6.83 6.94 7.05 7.16 7.27 7.40 7.53 7.66 7.78 7.89 7.97 8.03
8.28 8.32 8.36 8.38 8.41 8.45 8.53 8.65 8.80 8.98 9.14 9.28 9.39 9.46 9.51 9.52 9.48 9.41 9.30 9.16 9.01 8.85 8.68 8.50 8.32 8.13 7.92 7.72 7.52 7.33 7.17 7.03 6.91 6.85 6.87 6.96 7.11 7.31 7.55 7.83 8.13 8.45 8.75 9.02 9.23 9.40 9.51 9.58 9.59 9.56 9.47 9.32 9.11 8.85 8.52 8.14 7.73 7.36 7.03 6.74 6.51 6.33 6.21 6.16 6.17 6.24 6.33 6.43 6.53 6.63 6.73 6.84 6.94 7.05 7.16 7.27 7.39 7.51 7.62 7.72 7.80 7.84
8.48 8.51 8.54 8.57 8.59 8.61 8.66 8.75 8.86 8.98 9.07 9.14 9.19 9.22 9.21 9.18 9.11 9.01 8.88 8.72 8.55 8.37 8.19 8.00 7.80 7.60 7.39 7.17 6.95 6.74 6.55 6.39 6.30 6.29 6.36 6.50 6.70 6.94 7.23 7.55 7.89 8.25 8.59 8.88 9.11 9.29 9.42 9.48 9.49 9.44 9.33 9.16 8.93 8.63 8.26 7.86 7.49 7.14 6.84 6.58 6.37 6.20 6.10 6.05 6.07 6.14 6.24 6.33 6.43 6.53 6.63 6.74 6.84 6.95 7.05 7.15 7.26 7.37 7.48 7.56 7.63 7.67
8.71 8.74 8.76 8.78 8.80 8.82 8.85 8.89 8.94 8.97 9.00 9.01 9.00 8.98 8.93 8.86 8.76 8.63 8.47 8.30 8.11 7.92 7.72 7.52 7.31 7.10 6.88 6.66 6.44 6.21 6.00 5.86 5.81 5.85 5.96 6.14 6.38 6.66 6.98 7.33 7.70 8.08 8.45 8.75 9.00 9.18 9.30 9.36 9.36 9.28 9.15 8.94 8.66 8.32 7.94 7.58 7.24 6.93 6.65 6.41 6.22 6.07 5.98 5.94 5.97 6.05 6.14 6.23 6.33 6.44 6.54 6.64 6.75 6.85 6.95 7.05 7.15 7.25 7.34 7.41 7.46 7.50
8.96 8.98 8.99 9.00 9.01 9.03 9.04 9.03 9.00 8.97 8.93 8.88 8.82 8.74 8.65 8.55 8.42 8.26 8.09 7.89 7.70 7.49 7.29 7.07 6.86 6.64 6.42 6.19 5.97 5.75 5.57 5.47 5.46 5.53 5.67 5.88 6.14 6.45 6.79 7.16 7.55 7.95 8.33 8.64 8.89 9.06 9.17 9.21 9.18 9.07 8.89 8.64 8.32 7.96 7.61 7.29 6.98 6.71 6.46 6.25 6.07 5.95 5.87 5.84 5.87 5.95 6.04 6.14 6.24 6.34 6.45 6.55 6.65 6.76 6.86 6.96 7.05 7.13 7.20 7.25 7.30 7.33
9.23 9.23 9.23 9.23 9.23 9.23 9.21 9.15 9.07 8.96 8.86 8.75 8.64 8.52 8.39 8.25 8.09 7.91 7.72 7.51 7.30 7.09 6.87 6.66 6.43 6.21 5.99 5.76 5.54 5.37 5.26 5.21 5.22 5.32 5.48 5.71 5.98 6.31 6.66 7.05 7.45 7.85 8.23 8.54 8.77 8.93 9.02 9.03 8.96 8.81 8.58 8.27 7.93 7.59 7.28 6.99 6.73 6.48 6.26 6.08 5.93 5.82 5.75 5.73 5.77 5.85 5.95 6.05 6.15 6.25 6.36 6.46 6.57 6.67 6.77 6.87 6.94 7.01 7.06 7.10 7.13 7.16
9.49 9.47 9.46 9.45 9.43 9.40 9.33 9.23 9.11 8.95 8.79 8.63 8.46 8.30 8.13 7.96 7.77 7.58 7.37 7.15 6.93 6.71 6.49 6.27 6.04 5.82 5.59 5.38 5.20 5.09 5.05 5.05 5.11 5.22 5.39 5.62 5.91 6.24 6.59 6.98 7.37 7.77 8.14 8.44 8.65 8.79 8.84 8.81 8.69 8.48 8.20 7.87 7.54 7.24 6.96 6.70 6.47 6.25 6.07 5.90 5.78 5.68 5.63 5.62 5.67 5.75 5.85 5.95 6.06 6.16 6.27 6.37 6.48 6.58 6.68 6.76 6.82 6.87 6.91 6.94 6.97 7.00
9.74 9.71 9.67 9.64 9.59 9.51 9.40 9.27 9.11 8.92 8.72 8.50 8.29 8.09 7.88 7.68 7.47 7.26 7.04 6.81 6.58 6.36 6.13 5.90 5.68 5.45 5.24 5.07 4.96 4.91 4.92 4.98 5.08 5.22 5.39 5.63 5.91 6.23 6.58 6.95 7.34 7.72 8.07 8.34 8.53 8.62 8.63 8.54 8.37 8.10 7.79 7.48 7.18 6.91 6.65 6.41 6.20 6.02 5.86 5.73 5.62 5.55 5.51 5.51 5.56 5.65 5.76 5.86 5.97 6.07 6.18 6.29 6.40 6.49 6.58 6.64 6.69 6.73 6.76 6.79 6.81 6.84
9.97 9.92 9.86 9.78 9.69 9.56 9.42 9.25 9.07 8.86 8.63 8.37 8.12 7.88 7.64 7.41 7.18 6.95 6.72 6.49 6.25 6.02 5.79 5.57 5.34 5.13 4.96 4.85 4.81 4.82 4.88 4.99 5.13 5.29 5.49 5.71 5.98 6.28 6.61 6.97 7.33 7.69 8.01 8.25 8.39 8.43 8.38 8.24 8.00 7.70 7.41 7.12 6.85 6.59 6.36 6.14 5.95 5.79 5.66 5.55 5.47 5.41 5.39 5.40 5.46 5.56 5.66 5.77 5.88 5.99 6.10 6.21 6.31 6.39 6.46 6.51 6.55 6.58 6.60 6.62 6.64 6.67
10.17 10.09 9.98 9.86 9.73 9.57 9.39 9.19 8.98 8.75 8.50 8.23 7.95 7.67 7.40 7.15 6.90 6.65 6.42 6.18 5.94 5.71 5.48 5.26 5.04 4.88 4.77 4.73 4.75 4.81 4.92 5.06 5.23 5.43 5.64 5.87 6.12 6.39 6.70 7.02 7.34 7.67 7.95 8.14 8.23 8.22 8.10 7.89 7.62 7.34 7.06 6.80 6.55 6.31 6.09 5.89 5.72 5.57 5.46 5.37 5.31 5.27 5.27 5.29 5.36 5.46 5.56 5.68 5.79 5.90 6.01 6.12 6.21 6.27 6.32 6.36 6.39 6.41 6.43 6.45 6.48 6.51
10.32 10.19 10.05 9.88 9.71 9.51 9.31 9.08 8.85 8.60 8.34 8.06 7.77 7.47 7.17 6.89 6.63 6.37 6.13 5.89 5.65 5.42 5.20 4.98 4.81 4.71 4.67 4.69 4.76 4.87 5.01 5.19 5.39 5.61 5.84 6.08 6.32 6.56 6.82 7.10 7.38 7.66 7.90 8.03 8.06 7.97 7.79 7.54 7.27 7.02 6.76 6.51 6.28 6.06 5.85 5.67 5.51 5.37 5.26 5.19 5.15 5.13 5.14 5.18 5.25 5.36 5.47 5.58 5.70 5.81 5.92 6.01 6.08 6.14 6.18 6.20 6.22 6.24 6.26 6.28 6.30 6.34
10.41 10.23 10.04 9.84 9.63 9.40 9.17 8.93 8.67 8.41 8.13 7.85 7.56 7.25 6.95 6.65 6.37 6.10 5.85 5.62 5.38 5.15 4.94 4.77 4.67 4.63 4.65 4.72 4.83 4.98 5.16 5.37 5.59 5.83 6.07 6.31 6.55 6.77 6.99 7.21 7.44 7.67 7.84 7.91 7.86 7.70 7.47 7.23 6.99 6.75 6.51 6.27 6.05 5.84 5.65 5.47 5.32 5.19 5.09 5.02 4.99 4.99 5.01 5.06 5.14 5.25 5.37 5.49 5.61 5.72 5.82 5.89 5.94 5.98 6.01 6.03 6.05 6.06 6.08 6.10 6.13 6.17
10.42 10.19 9.97 9.73 9.49 9.24 8.98 8.72 8.45 8.17 7.89 7.60 7.31 7.01 6.71 6.41 6.11 5.84 5.60 5.36 5.13 4.91 4.75 4.64 4.61 4.63 4.70 4.81 4.96 5.15 5.36 5.59 5.83 6.08 6.32 6.56 6.79 7.00 7.19 7.35 7.52 7.67 7.78 7.77 7.64 7.44 7.22 6.99 6.76 6.53 6.31 6.08 5.87 5.67 5.48 5.31 5.17 5.04 4.94 4.88 4.84 4.84 4.88 4.94 5.03 5.15 5.27 5.40 5.51 5.61 5.68 5.74 5.78 5.81 5.83 5.84 5.85 5.87 5.89 5.91 5.95 6.00
10.35 10.09 9.82 9.56 9.28 9.01 8.73 8.45 8.17 7.89 7.60 7.32 7.03 6.74 6.45 6.16 5.87 5.60 5.35 5.12 4.90 4.73 4.63 4.59 4.61 4.69 4.80 4.96 5.14 5.36 5.59 5.84 6.09 6.34 6.59 6.82 7.04 7.23 7.39 7.51 7.61 7.68 7.71 7.61 7.44 7.24 7.04 6.82 6.60 6.38 6.16 5.95 5.74 5.54 5.36 5.19 5.05 4.92 4.83 4.76 4.72 4.72 4.75 4.82 4.92 5.04 5.17 5.29 5.39 5.47 5.53 5.57 5.60 5.62 5.63 5.64 5.65 5.67 5.69 5.72 5.76 5.83
10.20 9.91 9.61 9.31 9.02 8.72 8.43 8.14 7.85 7.56 7.27 6.99 6.71 6.43 6.16 5.89 5.62 5.36 5.11 4.90 4.73 4.63 4.59 4.61 4.68 4.80 4.96 5.15 5.36 5.60 5.85 6.11 6.36 6.62 6.86 7.08 7.28 7.44 7.57 7.66 7.70 7.69 7.63 7.48 7.31 7.13 6.93 6.72 6.51 6.30 6.08 5.87 5.67 5.47 5.29 5.12 4.97 4.84 4.74 4.67 4.62 4.61 4.64 4.70 4.81 4.94 5.06 5.17 5.25 5.31 5.35 5.38 5.40 5.41 5.42 5.43 5.44 5.45 5.48 5.52 5.58 5.65
9.99 9.66 9.33 9.01 8.69 8.38 8.08 7.77 7.48 7.19 6.91 6.63 6.36 6.10 5.84 5.59 5.35 5.12 4.90 4.72 4.62 4.59 4.61 4.68 4.80 4.96 5.15 5.37 5.61 5.86 6.12 6.39 6.64 6.89 7.12 7.32 7.50 7.63 7.73 7.77 7.76 7.69 7.58 7.43 7.27 7.09 6.90 6.70 6.49 6.28 6.06 5.85 5.65 5.45 5.27 5.09 4.94 4.81 4.70 4.61 4.56 4.54 4.55 4.60 4.70 4.82 4.93 5.01 5.08 5.12 5.15 5.17 5.18 5.19 5.19 5.20 5.21 5.24 5.27 5.32 5.39 5.48
9.78 9.42 9.06 8.71 8.37 8.05 7.73 7.42 7.11 6.82 6.54 6.27 6.01 5.76 5.53 5.30 5.08 4.88 4.70 4.58 4.54 4.56 4.64 4.76 4.92 5.12 5.34 5.58 5.84 6.11 6.37 6.64 6.89 7.12 7.34 7.52 7.66 7.77 7.82 7.82 7.76 7.66 7.54 7.40 7.25 7.07 6.89 6.69 6.48 6.27 6.06 5.85 5.64 5.44 5.25 5.08 4.92 4.78 4.66 4.56 4.50 4.47 4.47 4.51 4.59 4.72 4.81 4.88 4.92 4.95 4.97 4.98 4.98 4.98 4.99 4.99 5.01 5.04 5.08 5.14 5.22 5.32
9.65 9.25 8.86 8.48 8.12 7.77 7.43 7.11 6.80 6.51 6.23 5.96 5.71 5.47 5.25 5.04 4.85 4.67 4.52 4.44 4.44 4.52 4.65 4.81 5.01 5.24 5.49 5.75 6.02 6.30 6.57 6.83 7.07 7.29 7.49 7.64 7.76 7.82 7.83 7.78 7.69 7.58 7.46 7.33 7.18 7.02 6.84 6.65 6.45 6.24 6.03 5.82 5.61 5.41 5.22 5.04 4.88 4.73 4.60 4.50 4.43 4.39 4.38 4.41 4.50 4.64 4.74 4.79 4.81 4.83 4.83 4.83 4.83 4.82 4.82 4.83 4.85 4.88 4.93 4.99 5.09 5.21
9.59 9.16 8.73 8.32 7.93 7.56 7.20 6.87 6.54 6.24 5.96 5.69 5.44 5.21 5.00 4.81 4.64 4.49 4.37 4.31 4.34 4.46 4.63 4.83 5.07 5.32 5.59 5.88 6.16 6.44 6.71 6.96 7.20 7.40 7.57 7.69 7.77 7.79 7.76 7.68 7.59 7.48 7.36 7.22 7.08 6.92 6.75 6.57 6.37 6.17 5.97 5.76 5.56 5.36 5.16 4.98 4.82 4.67 4.54 4.43 4.35 4.30 4.28 4.33 4.43 4.58 4.68 4.74 4.75 4.75 4.74 4.73 4.71 4.70 4.70 4.70 4.72 4.76 4.81 4.89 4.99 5.12
9.62 9.14 8.68 8.24 7.81 7.41 7.03 6.68 6.34 6.02 5.73 5.46 5.21 4.99 4.79 4.61 4.46 4.34 4.24 4.21 4.26 4.38 4.58 4.82 5.09 5.37 5.66 5.95 6.24 6.53 6.79 7.04 7.25 7.43 7.57 7.67 7.70 7.69 7.62 7.55 7.46 7.35 7.22 7.09 6.94 6.79 6.63 6.45 6.27 6.08 5.88 5.68 5.47 5.28 5.09 4.91 4.74 4.59 4.45 4.34 4.26 4.20 4.21 4.27 4.38 4.53 4.65 4.71 4.73 4.71 4.69 4.66 4.64 4.62 4.61 4.61 4.63 4.67 4.73 4.81 4.92 5.07
9.73 9.20 8.70 8.22 7.76 7.33 6.92 6.54 6.19 5.86 5.56 5.28 5.03 4.81 4.61 4.45 4.31 4.21 4.13 4.12 4.19 4.32 4.52 4.78 5.07 5.37 5.68 5.99 6.28 6.56 6.82 7.05 7.25 7.40 7.51 7.57 7.56 7.52 7.46 7.39 7.30 7.19 7.07 6.93 6.78 6.63 6.47 6.31 6.13 5.95 5.76 5.56 5.37 5.18 4.99 4.81 4.64 4.49 4.36 4.24 4.16 4.13 4.15 4.22 4.35 4.51 4.63 4.69 4.72 4.71 4.67 4.63 4.60 4.57 4.55 4.55 4.57 4.61 4.67 4.76 4.89 5.04
9.90 9.33 8.79 8.26 7.77 7.31 6.87 6.46 6.09 5.74 5.42 5.14 4.88 4.66 4.47 4.31 4.19 4.10 4.05 4.06 4.13 4.27 4.47 4.72 5.02 5.34 5.66 5.97 6.27 6.54 6.79 7.00 7.18 7.30 7.38 7.39 7.37 7.33 7.28 7.21 7.13 7.02 6.89 6.75 6.60 6.45 6.29 6.13 5.97 5.80 5.61 5.43 5.24 5.06 4.87 4.70 4.54 4.39 4.25 4.15 4.09 4.07 4.11 4.20 4.33 4.49 4.62 4.69 4.72 4.72 4.68 4.63 4.59 4.55 4.53 4.52 4.54 4.58 4.64 4.74 4.87 5.04
