data_processed/recharge/precip/Precip_1995_01.asc
ncols        168
nrows        136
xllcorner    455000
yllcorner    2107000
cellsize     500
NODATA_value     -99999
[rows 68 to 101 of 136, columns 77 to 153 of 168]
20.07 20.22 20.38 20.55 20.73 20.92 21.12 21.33 21.55 21.77 22.01 22.25 22.50 22.76 23.02 23.29 23.57 23.85 24.14 24.43 24.73 25.06 25.42 25.82 26.26 26.73 27.23 27.75 28.30 28.87 29.47 30.08 30.71 31.35 32.00 32.66 33.33 34.00 34.67 35.33 35.98 36.62 37.26 37.89 38.51 39.12 39.72 40.31 40.89 41.45 42.00 42.54 43.06 43.57 44.06 44.54 45.00 45.44 45.86 46.26 46.65 47.01 47.35 47.67 47.97 48.24 48.49 48.72 48.92 49.10 49.25 49.38 49.49 49.57 49.64 49.69 49.72
19.97 20.12 20.29 20.46 20.64 20.83 21.03 21.24 21.46 21.68 21.92 22.16 22.41 22.67 22.94 23.21 23.48 23.77 24.05 24.35 24.65 24.98 25.34 25.75 26.18 26.65 27.15 27.67 28.22 28.79 29.39 30.00 30.62 31.26 31.91 32.57 33.23 33.89 34.55 35.20 35.84 36.48 37.11 37.73 38.35 38.95 39.54 40.13 40.70 41.26 41.81 42.34 42.86 43.37 43.86 44.33 44.79 45.23 45.66 46.06 46.45 46.81 47.16 47.48 47.79 48.07 48.32 48.56 48.77 48.95 49.11 49.24 49.35 49.44 49.52 49.57 49.60
19.86 20.02 20.18 20.35 20.53 20.72 20.92 21.13 21.35 21.58 21.81 22.06 22.31 22.57 22.83 23.10 23.38 23.66 23.95 24.25 24.55 24.88 25.25 25.65 26.09 26.56 27.05 27.58 28.13 28.70 29.29 29.90 30.52 31.16 31.81 32.46 33.11 33.76 34.41 35.05 35.68 36.31 36.93 37.54 38.15 38.75 39.34 39.91 40.48 41.04 41.58 42.11 42.63 43.13 43.62 44.10 44.56 45.00 45.42 45.83 46.22 46.59 46.94 47.27 47.57 47.86 48.12 48.36 48.58 48.77 48.94 49.08 49.20 49.29 49.37 49.42 49.46
19.74 19.89 20.06 20.23 20.41 20.60 20.80 21.01 21.23 21.46 21.69 21.94 22.19 22.45 22.71 22.98 23.26 23.55 23.84 24.13 24.43 24.77 25.13 25.54 25.98 26.44 26.94 27.47 28.01 28.58 29.17 29.78 30.40 31.04 31.68 32.32 32.96 33.60 34.23 34.86 35.49 36.11 36.72 37.33 37.93 38.52 39.10 39.67 40.23 40.78 41.33 41.85 42.37 42.87 43.36 43.83 44.29 44.74 45.16 45.57 45.96 46.33 46.69 47.02 47.33 47.62 47.89 48.14 48.36 48.56 48.74 48.89 49.02 49.12 49.19 49.25 49.29
19.60 19.76 19.92 20.09 20.27 20.46 20.66 20.87 21.09 21.32 21.55 21.80 22.05 22.31 22.58 22.85 23.13 23.41 23.70 24.00 24.30 24.63 25.00 25.41 25.85 26.31 26.81 27.33 27.88 28.45 29.04 29.64 30.26 30.89 31.52 32.15 32.78 33.41 34.03 34.65 35.26 35.87 36.48 37.08 37.67 38.25 38.83 39.40 39.95 40.50 41.04 41.56 42.08 42.58 43.07 43.54 44.00 44.44 44.87 45.28 45.67 46.05 46.40 46.74 47.06 47.36 47.63 47.88 48.12 48.32 48.51 48.67 48.80 48.91 48.99 49.06 49.10
19.45 19.61 19.77 19.94 20.12 20.31 20.51 20.72 20.94 21.16 21.40 21.64 21.90 22.16 22.42 22.70 22.98 23.26 23.55 23.85 24.15 24.49 24.86 25.26 25.70 26.17 26.66 27.18 27.73 28.30 28.88 29.49 30.10 30.72 31.34 31.95 32.57 33.18 33.80 34.40 35.01 35.61 36.21 36.80 37.38 37.96 38.53 39.09 39.64 40.19 40.72 41.24 41.75 42.25 42.74 43.21 43.67 44.11 44.54 44.95 45.35 45.73 46.09 46.43 46.75 47.05 47.34 47.60 47.83 48.05 48.24 48.41 48.56 48.67 48.77 48.84 48.88
19.29 19.44 19.60 19.78 19.96 20.15 20.34 20.55 20.77 20.99 21.23 21.47 21.73 21.99 22.25 22.53 22.81 23.09 23.38 23.68 23.99 24.32 24.69 25.09 25.53 26.00 26.49 27.01 27.56 28.13 28.71 29.31 29.91 30.51 31.12 31.72 32.32 32.93 33.53 34.13 34.72 35.31 35.90 36.48 37.06 37.63 38.20 38.75 39.30 39.84 40.37 40.89 41.40 41.89 42.38 42.85 43.31 43.75 44.18 44.60 44.99 45.37 45.74 46.08 46.41 46.72 47.01 47.27 47.52 47.74 47.94 48.12 48.28 48.40 48.51 48.59 48.64
19.11 19.26 19.42 19.60 19.78 19.96 20.16 20.37 20.58 20.81 21.04 21.29 21.54 21.80 22.06 22.34 22.62 22.90 23.20 23.49 23.80 24.13 24.50 24.91 25.34 25.81 26.31 26.83 27.37 27.93 28.51 29.10 29.68 30.27 30.86 31.45 32.05 32.64 33.23 33.81 34.40 34.98 35.56 36.14 36.71 37.27 37.83 38.38 38.92 39.46 39.98 40.50 41.00 41.50 41.98 42.45 42.91 43.36 43.79 44.20 44.60 44.99 45.35 45.70 46.04 46.35 46.64 46.92 47.17 47.40 47.61 47.80 47.96 48.10 48.21 48.30 48.37
18.91 19.07 19.23 19.40 19.58 19.77 19.96 20.17 20.38 20.61 20.84 21.08 21.33 21.59 21.86 22.13 22.41 22.70 22.99 23.29 23.59 23.93 24.30 24.70 25.14 25.61 26.10 26.62 27.16 27.72 28.28 28.85 29.42 30.00 30.57 31.15 31.73 32.31 32.89 33.47 34.04 34.62 35.19 35.75 36.32 36.87 37.43 37.97 38.51 39.04 39.56 40.07 40.58 41.07 41.55 42.02 42.48 42.93 43.36 43.77 44.18 44.56 44.93 45.29 45.62 45.94 46.24 46.52 46.78 47.02 47.24 47.43 47.61 47.76 47.88 47.98 48.06
18.70 18.86 19.02 19.19 19.37 19.56 19.75 19.95 20.17 20.39 20.62 20.86 21.11 21.37 21.63 21.91 22.19 22.47 22.77 23.06 23.37 23.70 24.07 24.48 24.91 25.38 25.87 26.39 26.92 27.47 28.02 28.57 29.13 29.69 30.25 30.82 31.38 31.95 32.52 33.09 33.65 34.22 34.78 35.34 35.89 36.44 36.99 37.53 38.06 38.58 39.10 39.61 40.11 40.60 41.08 41.55 42.01 42.46 42.89 43.31 43.71 44.10 44.48 44.84 45.18 45.50 45.81 46.09 46.36 46.61 46.83 47.04 47.22 47.38 47.51 47.63 47.71
18.48 18.63 18.80 18.97 19.14 19.33 19.52 19.72 19.93 20.15 20.38 20.62 20.87 21.12 21.39 21.66 21.94 22.23 22.52 22.82 23.13 23.46 23.83 24.23 24.67 25.13 25.62 26.13 26.65 27.18 27.71 28.25 28.79 29.34 29.89 30.44 31.00 31.55 32.11 32.67 33.22 33.78 34.33 34.88 35.43 35.97 36.51 37.04 37.57 38.09 38.61 39.11 39.61 40.10 40.58 41.05 41.51 41.95 42.39 42.81 43.21 43.61 43.98 44.35 44.69 45.02 45.33 45.62 45.90 46.15 46.39 46.60 46.79 46.96 47.11 47.23 47.33
18.24 18.40 18.56 18.73 18.90 19.09 19.28 19.48 19.69 19.90 20.13 20.36 20.61 20.86 21.13 21.40 21.68 21.97 22.26 22.56 22.86 23.20 23.57 23.97 24.40 24.87 25.35 25.84 26.35 26.86 27.37 27.90 28.42 28.96 29.49 30.03 30.57 31.12 31.66 32.21 32.76 33.30 33.85 34.39 34.93 35.46 36.00 36.53 37.05 37.56 38.07 38.58 39.07 39.56 40.04 40.51 40.96 41.41 41.84 42.26 42.67 43.07 43.45 43.82 44.17 44.50 44.82 45.12 45.40 45.66 45.90 46.12 46.32 46.50 46.66 46.79 46.90
17.99 18.14 18.30 18.47 18.65 18.83 19.02 19.22 19.42 19.64 19.86 20.09 20.34 20.59 20.85 21.12 21.40 21.68 21.97 22.27 22.58 22.91 23.28 23.68 24.12 24.57 25.04 25.52 26.00 26.50 27.00 27.50 28.02 28.53 29.06 29.58 30.11 30.65 31.18 31.71 32.25 32.79 33.32 33.86 34.39 34.92 35.44 35.97 36.48 37.00 37.50 38.00 38.49 38.98 39.45 39.92 40.38 40.82 41.26 41.68 42.09 42.49 42.88 43.25 43.60 43.94 44.26 44.57 44.85 45.12 45.37 45.61 45.82 46.00 46.17 46.32 46.44
17.72 17.87 18.03 18.20 18.37 18.56 18.74 18.94 19.14 19.36 19.58 19.81 20.05 20.29 20.55 20.82 21.09 21.38 21.67 21.97 22.27 22.61 22.97 23.37 23.80 24.24 24.69 25.15 25.62 26.09 26.58 27.07 27.57 28.07 28.58 29.09 29.61 30.13 30.65 31.18 31.71 32.23 32.76 33.28 33.81 34.33 34.85 35.37 35.88 36.39 36.89 37.38 37.87 38.36 38.83 39.30 39.75 40.20 40.64 41.06 41.47 41.87 42.26 42.64 42.99 43.34 43.67 43.98 44.27 44.55 44.81 45.05 45.27 45.47 45.64 45.80 45.93
17.44 17.59 17.75 17.92 18.09 18.27 18.45 18.65 18.85 19.06 19.28 19.50 19.74 19.98 20.24 20.50 20.77 21.05 21.34 21.64 21.95 22.28 22.65 23.04 23.45 23.87 24.30 24.74 25.19 25.65 26.12 26.59 27.08 27.57 28.06 28.56 29.07 29.58 30.09 30.60 31.12 31.64 32.15 32.67 33.19 33.70 34.22 34.73 35.23 35.74 36.23 36.73 37.21 37.69 38.17 38.63 39.09 39.53 39.97 40.40 40.81 41.21 41.61 41.98 42.35 42.69 43.03 43.35 43.65 43.93 44.20 44.45 44.67 44.88 45.07 45.24 45.39
17.14 17.29 17.45 17.61 17.78 17.96 18.15 18.34 18.54 18.75 18.96 19.18 19.42 19.66 19.90 20.16 20.43 20.71 21.00 21.29 21.60 21.93 22.29 22.66 23.05 23.45 23.87 24.29 24.72 25.17 25.62 26.08 26.55 27.02 27.50 27.99 28.48 28.98 29.48 29.98 30.49 31.00 31.51 32.01 32.52 33.03 33.54 34.04 34.54 35.04 35.54 36.03 36.51 36.99 37.46 37.92 38.38 38.82 39.26 39.69 40.11 40.51 40.91 41.29 41.65 42.01 42.35 42.67 42.98 43.27 43.54 43.80 44.04 44.26 44.46 44.64 44.79
16.83 16.98 17.13 17.30 17.47 17.64 17.82 18.01 18.21 18.42 18.63 18.85 19.08 19.31 19.56 19.81 20.08 20.35 20.63 20.92 21.23 21.55 21.89 22.25 22.62 23.00 23.39 23.80 24.21 24.64 25.08 25.52 25.97 26.43 26.90 27.38 27.85 28.34 28.83 29.32 29.82 30.31 30.81 31.31 31.82 32.32 32.82 33.32 33.81 34.31 34.79 35.28 35.76 36.24 36.71 37.17 37.62 38.07 38.51 38.94 39.36 39.76 40.16 40.55 40.92 41.28 41.62 41.95 42.27 42.56 42.85 43.11 43.36 43.59 43.80 43.99 44.16
16.50 16.65 16.81 16.97 17.14 17.31 17.49 17.68 17.87 18.07 18.28 18.50 18.72 18.96 19.20 19.45 19.71 19.97 20.25 20.54 20.84 21.14 21.46 21.80 22.15 22.51 22.88 23.27 23.67 24.08 24.50 24.93 25.36 25.81 26.26 26.73 27.19 27.66 28.14 28.62 29.11 29.60 30.09 30.58 31.07 31.57 32.06 32.55 33.04 33.53 34.02 34.50 34.98 35.45 35.92 36.38 36.83 37.28 37.72 38.15 38.57 38.98 39.38 39.77 40.14 40.51 40.86 41.19 41.51 41.82 42.11 42.38 42.64 42.88 43.10 43.30 43.48
16.20 16.35 16.50 16.66 16.82 16.99 17.17 17.35 17.54 17.74 17.94 18.15 18.37 18.60 18.84 19.08 19.33 19.60 19.87 20.15 20.44 20.74 21.04 21.36 21.68 22.03 22.38 22.75 23.13 23.52 23.92 24.34 24.76 25.19 25.63 26.08 26.53 26.99 27.45 27.93 28.40 28.88 29.36 29.84 30.33 30.81 31.30 31.78 32.27 32.75 33.23 33.71 34.18 34.65 35.12 35.58 36.03 36.48 36.92 37.35 37.77 38.18 38.58 38.98 39.36 39.72 40.08 40.42 40.75 41.06 41.36 41.64 41.90 42.15 42.38 42.59 42.78
15.93 16.07 16.22 16.37 16.53 16.69 16.87 17.04 17.23 17.42 17.62 17.82 18.03 18.25 18.48 18.72 18.96 19.22 19.48 19.76 20.05 20.35 20.64 20.93 21.24 21.56 21.90 22.25 22.61 22.98 23.37 23.76 24.17 24.58 25.01 25.44 25.88 26.33 26.78 27.24 27.70 28.17 28.64 29.11 29.59 30.06 30.54 31.02 31.50 31.98 32.45 32.93 33.40 33.86 34.32 34.78 35.23 35.68 36.12 36.55 36.97 37.38 37.79 38.18 38.56 38.93 39.29 39.64 39.97 40.29 40.60 40.88 41.16 41.41 41.65 41.87 42.07
15.67 15.81 15.95 16.10 16.26 16.41 16.58 16.75 16.93 17.11 17.30 17.50 17.70 17.91 18.13 18.36 18.60 18.84 19.10 19.38 19.67 19.96 20.24 20.53 20.82 21.12 21.43 21.76 22.10 22.46 22.83 23.20 23.59 23.99 24.40 24.82 25.24 25.68 26.12 26.56 27.01 27.47 27.93 28.39 28.86 29.33 29.80 30.27 30.74 31.21 31.68 32.14 32.61 33.07 33.53 33.98 34.43 34.88 35.31 35.74 36.17 36.58 36.99 37.38 37.77 38.14 38.50 38.85 39.19 39.52 39.83 40.12 40.40 40.67 40.91 41.14 41.35
15.45 15.58 15.72 15.86 16.00 16.15 16.31 16.47 16.64 16.81 16.99 17.18 17.38 17.58 17.79 18.01 18.23 18.47 18.73 19.00 19.28 19.57 19.85 20.13 20.41 20.69 20.99 21.29 21.62 21.95 22.30 22.66 23.03 23.42 23.81 24.21 24.62 25.04 25.46 25.90 26.33 26.78 27.23 27.68 28.13 28.59 29.05 29.52 29.98 30.44 30.91 31.37 31.83 32.29 32.74 33.19 33.64 34.08 34.51 34.94 35.36 35.78 36.18 36.58 36.97 37.34 37.71 38.06 38.41 38.74 39.05 39.35 39.64 39.91 40.16 40.40 40.62
15.25 15.37 15.50 15.63 15.77 15.91 16.05 16.20 16.36 16.53 16.70 16.87 17.06 17.25 17.45 17.66 17.88 18.11 18.36 18.62 18.90 19.18 19.47 19.74 20.02 20.29 20.56 20.85 21.15 21.47 21.80 22.14 22.49 22.86 23.23 23.62 24.01 24.41 24.83 25.24 25.67 26.10 26.54 26.98 27.42 27.87 28.32 28.78 29.23 29.69 30.14 30.60 31.05 31.50 31.95 32.40 32.84 33.28 33.71 34.14 34.56 34.97 35.38 35.78 36.17 36.54 36.91 37.27 37.62 37.95 38.27 38.58 38.87 39.15 39.41 39.65 39.88
15.08 15.19 15.30 15.42 15.55 15.68 15.81 15.96 16.10 16.25 16.41 16.58 16.75 16.93 17.11 17.31 17.52 17.75 17.99 18.25 18.53 18.81 19.08 19.35 19.62 19.89 20.16 20.42 20.70 21.00 21.31 21.63 21.97 22.31 22.67 23.04 23.42 23.81 24.20 24.61 25.02 25.43 25.86 26.29 26.72 27.16 27.60 28.04 28.49 28.94 29.38 29.83 30.28 30.73 31.17 31.61 32.05 32.48 32.91 33.34 33.76 34.17 34.58 34.97 35.36 35.74 36.11 36.47 36.82 37.16 37.48 37.79 38.09 38.38 38.64 38.90 39.13
14.93 15.03 15.13 15.24 15.35 15.47 15.59 15.72 15.85 15.99 16.14 16.29 16.44 16.61 16.79 16.98 17.18 17.40 17.64 17.89 18.16 18.43 18.70 18.97 19.24 19.50 19.76 20.02 20.28 20.55 20.84 21.14 21.46 21.79 22.13 22.48 22.84 23.21 23.59 23.98 24.38 24.78 25.19 25.61 26.03 26.46 26.89 27.32 27.76 28.19 28.63 29.07 29.51 29.95 30.39 30.83 31.26 31.69 32.12 32.54 32.96 33.37 33.77 34.17 34.56 34.94 35.31 35.67 36.02 36.36 36.69 37.01 37.31 37.60 37.87 38.13 38.38
14.80 14.89 14.98 15.08 15.17 15.28 15.39 15.50 15.62 15.74 15.87 16.01 16.15 16.30 16.47 16.65 16.85 17.06 17.29 17.53 17.80 18.07 18.33 18.59 18.86 19.11 19.37 19.62 19.87 20.13 20.39 20.68 20.97 21.28 21.60 21.94 22.28 22.63 23.00 23.37 23.75 24.14 24.54 24.94 25.35 25.77 26.18 26.61 27.03 27.46 27.89 28.32 28.76 29.19 29.62 30.05 30.48 30.90 31.33 31.74 32.16 32.57 32.97 33.36 33.75 34.13 34.51 34.87 35.22 35.57 35.90 36.22 36.52 36.82 37.10 37.36 37.61
14.70 14.78 14.85 14.93 15.01 15.10 15.19 15.29 15.39 15.50 15.61 15.73 15.87 16.01 16.17 16.34 16.52 16.73 16.95 17.19 17.44 17.71 17.97 18.22 18.48 18.73 18.98 19.23 19.48 19.72 19.97 20.23 20.50 20.79 21.10 21.41 21.74 22.07 22.42 22.78 23.14 23.52 23.90 24.29 24.69 25.09 25.49 25.91 26.32 26.74 27.16 27.58 28.01 28.43 28.86 29.28 29.70 30.12 30.54 30.95 31.36 31.77 32.17 32.56 32.95 33.33 33.70 34.07 34.42 34.76 35.10 35.42 35.73 36.03 36.32 36.59 36.84
14.63 14.68 14.74 14.81 14.87 14.94 15.02 15.10 15.18 15.27 15.37 15.48 15.59 15.73 15.87 16.03 16.21 16.40 16.62 16.85 17.10 17.36 17.61 17.86 18.11 18.36 18.60 18.85 19.09 19.33 19.56 19.80 20.06 20.33 20.61 20.90 21.21 21.53 21.86 22.20 22.55 22.91 23.28 23.65 24.03 24.42 24.82 25.21 25.62 26.03 26.44 26.85 27.26 27.68 28.10 28.51 28.93 29.34 29.76 30.16 30.57 30.97 31.37 31.76 32.15 32.53 32.90 33.26 33.62 33.96 34.30 34.62 34.94 35.24 35.53 35.80 36.07
14.57 14.61 14.66 14.70 14.75 14.80 14.86 14.92 14.98 15.06 15.14 15.23 15.34 15.46 15.59 15.74 15.91 16.09 16.30 16.52 16.77 17.01 17.26 17.51 17.75 17.99 18.23 18.47 18.70 18.94 19.17 19.40 19.63 19.88 20.14 20.42 20.70 21.00 21.32 21.64 21.97 22.32 22.67 23.03 23.39 23.77 24.15 24.54 24.93 25.32 25.72 26.13 26.53 26.94 27.35 27.76 28.16 28.57 28.98 29.38 29.78 30.18 30.57 30.96 31.35 31.72 32.09 32.46 32.81 33.16 33.50 33.82 34.14 34.44 34.74 35.02 35.27
14.55 14.57 14.59 14.61 14.64 14.68 14.71 14.75 14.80 14.85 14.92 15.00 15.09 15.20 15.32 15.46 15.62 15.79 15.99 16.21 16.44 16.68 16.92 17.16 17.40 17.63 17.87 18.10 18.33 18.55 18.78 19.00 19.23 19.45 19.69 19.95 20.22 20.50 20.79 21.10 21.41 21.74 22.07 22.42 22.77 23.13 23.50 23.87 24.25 24.63 25.02 25.41 25.81 26.21 26.61 27.01 27.41 27.81 28.21 28.61 29.00 29.39 29.78 30.17 30.55 30.92 31.29 31.65 32.01 32.36 32.69 33.02 33.34 33.65 33.94 34.21 34.46
14.54 14.54 14.54 14.55 14.55 14.57 14.58 14.60 14.63 14.67 14.72 14.79 14.87 14.96 15.07 15.20 15.34 15.51 15.69 15.90 16.13 16.36 16.59 16.83 17.05 17.28 17.51 17.73 17.96 18.18 18.40 18.62 18.83 19.05 19.27 19.50 19.75 20.01 20.29 20.57 20.87 21.18 21.50 21.83 22.16 22.51 22.86 23.22 23.59 23.96 24.33 24.71 25.10 25.49 25.88 26.27 26.66 27.05 27.44 27.84 28.22 28.61 29.00 29.38 29.76 30.13 30.49 30.85 31.21 31.55 31.89 32.22 32.54 32.85 33.13 33.39 33.62
14.56 14.54 14.52 14.50 14.48 14.47 14.46 14.47 14.48 14.50 14.54 14.59 14.65 14.73 14.83 14.95 15.08 15.24 15.41 15.61 15.83 16.05 16.28 16.50 16.72 16.94 17.16 17.38 17.60 17.81 18.02 18.24 18.45 18.66 18.87 19.08 19.31 19.55 19.80 20.07 20.35 20.64 20.94 21.25 21.57 21.90 22.24 22.58 22.93 23.29 23.66 24.03 24.40 24.77 25.15 25.54 25.92 26.30 26.69 27.07 27.46 27.84 28.22 28.59 28.97 29.33 29.70 30.06 30.41 30.75 31.09 31.42 31.74 32.03 32.30 32.54 32.76
14.60 14.55 14.51 14.47 14.43 14.39 14.37 14.35 14.35 14.35 14.37 14.41 14.46 14.52 14.61 14.71 14.83 14.98 15.14 15.33 15.54 15.76 15.97 16.19 16.40 16.61 16.83 17.04 17.24 17.45 17.66 17.86 18.07 18.27 18.47 18.68 18.88 19.10 19.34 19.58 19.84 20.11 20.40 20.69 21.00 21.31 21.63 21.96 22.30 22.64 22.99 23.35 23.71 24.08 24.44 24.82 25.19 25.56 25.94 26.32 26.69 27.07 27.44 27.81 28.18 28.54 28.90 29.26 29.61 29.95 30.29 30.61 30.92 31.20 31.45 31.67 31.87
14.67 14.59 14.52 14.46 14.39 14.34 14.29 14.26 14.23 14.22 14.23 14.25 14.28 14.33 14.40 14.49 14.60 14.74 14.89 15.07 15.27 15.48 15.68 15.89 16.09 16.30 16.50 16.70 16.90 17.10 17.30 17.50 17.70 17.89 18.09 18.29 18.48 18.68 18.89 19.12 19.36 19.61 19.88 20.15 20.44 20.73 21.04 21.35 21.68 22.01 22.34 22.69 23.04 23.39 23.75 24.11 24.47 24.84 25.20 25.57 25.94 26.31 26.67 27.04 27.40 27.76 28.12 28.47 28.81 29.16 29.49 29.80 30.09 30.34 30.58 30.79 30.97
