data_processed/recharge/precip/Precip_2001_10.asc
ncols        168
nrows        136
xllcorner    455000
yllcorner    2107000
cellsize     500
NODATA_value     -99999
[rows 33 to 65 of 136, columns 0 to 73 of 168]
52.26 52.22 52.12 51.96 51.73 51.44 51.08 50.67 50.19 49.65 49.05 48.38 47.66 46.88 46.04 45.14 44.18 43.16 42.08 40.99 39.94 38.96 38.04 37.19 36.40 35.67 35.00 34.39 33.84 33.33 32.89 32.49 32.14 31.84 31.58 31.37 31.20 31.06 30.97 30.92 30.90 30.91 30.96 31.04 31.14 31.27 31.43 31.61 31.81 32.03 32.26 32.52 32.79 33.07 33.36 33.67 33.98 34.29 34.61 34.94 35.26 35.59 35.91 36.22 36.54 36.84 37.13 37.41 37.68 37.94 38.18 38.40 38.60 38.78
53.00 53.02 52.98 52.87 52.70 52.47 52.18 51.83 51.41 50.94 50.40 49.81 49.16 48.45 47.68 46.85 45.96 45.02 44.02 43.00 42.03 41.13 40.28 39.50 38.78 38.11 37.50 36.94 36.44 35.98 35.58 35.22 34.90 34.64 34.41 34.22 34.07 33.96 33.88 33.84 33.82 33.84 33.89 33.96 34.05 34.17 34.31 34.47 34.65 34.85 35.05 35.28 35.51 35.75 36.00 36.25 36.51 36.77 37.03 37.29 37.55 37.81 38.05 38.29 38.52 38.74 38.95 39.14 39.31 39.47 39.60 39.72 39.81 39.87
53.80 53.88 53.90 53.85 53.74 53.58 53.35 53.06 52.72 52.31 51.85 51.32 50.74 50.10 49.41 48.66 47.85 46.98 46.06 45.12 44.23 43.40 42.63 41.92 41.26 40.65 40.10 39.60 39.14 38.74 38.37 38.06 37.78 37.54 37.34 37.18 37.05 36.96 36.89 36.86 36.85 36.87 36.92 36.99 37.07 37.18 37.31 37.45 37.60 37.77 37.95 38.14 38.33 38.53 38.74 38.94 39.15 39.36 39.56 39.76 39.95 40.13 40.31 40.47 40.62 40.75 40.87 40.96 41.04 41.10 41.13 41.14 41.12 41.07
54.69 54.82 54.90 54.91 54.87 54.77 54.61 54.39 54.11 53.77 53.37 52.92 52.41 51.85 51.23 50.55 49.82 49.03 48.20 47.36 46.55 45.80 45.10 44.45 43.86 43.32 42.82 42.37 41.97 41.61 41.29 41.01 40.77 40.57 40.40 40.26 40.15 40.08 40.03 40.00 40.01 40.03 40.07 40.14 40.22 40.31 40.43 40.55 40.68 40.82 40.97 41.13 41.28 41.44 41.60 41.76 41.92 42.07 42.21 42.35 42.47 42.59 42.69 42.77 42.84 42.89 42.92 42.92 42.91 42.86 42.79 42.69 42.56 42.40
55.67 55.87 56.00 56.08 56.10 56.06 55.96 55.80 55.59 55.32 54.99 54.61 54.17 53.68 53.13 52.53 51.88 51.17 50.44 49.70 48.98 48.31 47.68 47.11 46.58 46.10 45.67 45.27 44.92 44.61 44.33 44.10 43.89 43.72 43.58 43.47 43.39 43.33 43.29 43.28 43.29 43.32 43.36 43.42 43.50 43.58 43.68 43.78 43.90 44.01 44.13 44.25 44.38 44.50 44.61 44.72 44.83 44.93 45.01 45.08 45.14 45.19 45.22 45.22 45.21 45.18 45.12 45.03 44.92 44.78 44.61 44.40 44.16 43.89
56.76 57.01 57.20 57.34 57.42 57.44 57.40 57.31 57.16 56.96 56.70 56.39 56.02 55.60 55.12 54.59 54.02 53.41 52.78 52.13 51.51 50.93 50.38 49.88 49.42 49.00 48.62 48.29 47.99 47.72 47.49 47.30 47.13 46.99 46.88 46.80 46.74 46.70 46.68 46.68 46.70 46.73 46.78 46.83 46.90 46.98 47.06 47.15 47.24 47.33 47.42 47.51 47.60 47.68 47.75 47.82 47.87 47.92 47.94 47.96 47.95 47.93 47.88 47.82 47.72 47.61 47.46 47.28 47.08 46.84 46.57 46.26 45.91 45.49
57.94 58.25 58.50 58.69 58.83 58.91 58.94 58.91 58.82 58.69 58.49 58.25 57.95 57.60 57.19 56.74 56.26 55.75 55.21 54.66 54.14 53.64 53.18 52.75 52.35 52.00 51.68 51.40 51.16 50.94 50.76 50.61 50.48 50.37 50.30 50.24 50.20 50.18 50.18 50.19 50.22 50.26 50.31 50.36 50.42 50.49 50.56 50.63 50.70 50.77 50.83 50.89 50.94 50.99 51.02 51.04 51.04 51.03 51.00 50.95 50.89 50.79 50.68 50.53 50.36 50.16 49.93 49.67 49.37 49.03 48.66 48.24 47.76 47.12
59.22 59.59 59.89 60.14 60.34 60.48 60.56 60.60 60.57 60.50 60.37 60.19 59.96 59.68 59.35 58.99 58.60 58.18 57.74 57.29 56.85 56.44 56.06 55.71 55.38 55.09 54.84 54.62 54.42 54.26 54.12 54.01 53.92 53.85 53.81 53.78 53.77 53.77 53.78 53.81 53.84 53.89 53.94 53.99 54.05 54.11 54.17 54.22 54.27 54.32 54.35 54.38 54.40 54.40 54.39 54.37 54.32 54.26 54.18 54.07 53.94 53.78 53.59 53.37 53.12 52.84 52.52 52.17 51.78 51.35 50.87 50.33 49.62 48.71
60.60 61.02 61.38 61.68 61.93 62.13 62.28 62.37 62.41 62.40 62.33 62.22 62.05 61.84 61.60 61.33 61.03 60.70 60.35 59.99 59.65 59.32 59.02 58.75 58.50 58.27 58.08 57.91 57.78 57.66 57.57 57.50 57.45 57.42 57.41 57.41 57.42 57.44 57.48 57.52 57.56 57.61 57.67 57.72 57.77 57.82 57.87 57.91 57.94 57.96 57.97 57.97 57.96 57.92 57.87 57.80 57.71 57.60 57.46 57.29 57.09 56.87 56.61 56.32 55.99 55.63 55.23 54.79 54.30 53.77 53.17 52.41 51.44 50.26
62.07 62.54 62.95 63.31 63.62 63.87 64.07 64.23 64.33 64.38 64.38 64.33 64.23 64.10 63.94 63.75 63.54 63.30 63.04 62.78 62.52 62.28 62.06 61.86 61.68 61.52 61.39 61.29 61.20 61.14 61.10 61.07 61.06 61.07 61.09 61.12 61.15 61.20 61.25 61.31 61.36 61.42 61.48 61.53 61.58 61.62 61.66 61.68 61.70 61.70 61.68 61.65 61.61 61.54 61.44 61.33 61.19 61.02 60.83 60.60 60.35 60.05 59.73 59.36 58.96 58.52 58.03 57.50 56.92 56.28 55.46 54.44 53.21 51.78
63.63 64.15 64.61 65.03 65.39 65.70 65.96 66.17 66.33 66.44 66.50 66.51 66.50 66.45 66.37 66.27 66.14 65.99 65.82 65.64 65.47 65.31 65.17 65.04 64.93 64.84 64.77 64.72 64.69 64.68 64.69 64.71 64.74 64.78 64.84 64.89 64.96 65.03 65.10 65.17 65.24 65.30 65.36 65.42 65.47 65.50 65.53 65.54 65.53 65.51 65.47 65.42 65.33 65.23 65.10 64.94 64.75 64.54 64.29 64.00 63.69 63.33 62.93 62.50 62.02 61.49 60.93 60.31 59.62 58.76 57.69 56.41 54.93 53.26
65.28 65.85 66.36 66.83 67.24 67.61 67.92 68.19 68.41 68.57 68.70 68.79 68.85 68.88 68.88 68.86 68.81 68.75 68.66 68.57 68.48 68.41 68.34 68.28 68.24 68.21 68.20 68.21 68.24 68.28 68.34 68.40 68.48 68.56 68.64 68.73 68.82 68.92 69.01 69.09 69.17 69.25 69.32 69.37 69.42 69.45 69.46 69.46 69.44 69.40 69.33 69.25 69.13 68.99 68.82 68.62 68.39 68.13 67.82 67.48 67.10 66.68 66.22 65.71 65.15 64.55 63.90 63.17 62.27 61.17 59.85 58.33 56.61 54.70
67.02 67.63 68.20 68.71 69.18 69.60 69.97 70.29 70.56 70.79 70.99 71.15 71.28 71.39 71.47 71.53 71.56 71.58 71.58 71.57 71.57 71.57 71.57 71.59 71.61 71.64 71.69 71.75 71.83 71.93 72.03 72.14 72.26 72.38 72.50 72.62 72.74 72.86 72.97 73.07 73.16 73.25 73.32 73.38 73.42 73.45 73.45 73.44 73.40 73.34 73.25 73.14 73.00 72.82 72.61 72.37 72.09 71.78 71.42 71.02 70.58 70.10 69.57 68.99 68.36 67.68 66.92 65.99 64.85 63.49 61.94 60.18 58.23 56.09
68.84 69.50 70.12 70.68 71.20 71.67 72.09 72.47 72.80 73.09 73.36 73.59 73.80 73.98 74.13 74.27 74.38 74.48 74.57 74.64 74.71 74.79 74.86 74.94 75.03 75.12 75.23 75.34 75.47 75.61 75.76 75.92 76.08 76.24 76.40 76.55 76.70 76.84 76.97 77.09 77.20 77.29 77.37 77.43 77.47 77.49 77.49 77.46 77.41 77.33 77.22 77.08 76.91 76.70 76.45 76.17 75.85 75.48 75.07 74.62 74.12 73.57 72.98 72.33 71.62 70.84 69.89 68.72 67.33 65.75 63.96 61.98 59.81 57.45
70.75 71.45 72.11 72.73 73.29 73.81 74.29 74.72 75.12 75.48 75.81 76.11 76.39 76.64 76.87 77.08 77.27 77.45 77.61 77.77 77.92 78.06 78.21 78.35 78.50 78.65 78.81 78.97 79.15 79.33 79.52 79.73 79.93 80.13 80.32 80.51 80.68 80.85 81.00 81.14 81.26 81.37 81.45 81.52 81.56 81.57 81.57 81.53 81.46 81.36 81.23 81.06 80.86 80.62 80.34 80.01 79.65 79.23 78.77 78.27 77.71 77.10 76.43 75.71 74.91 73.94 72.75 71.34 69.73 67.92 65.91 63.71 61.33 58.77
72.74 73.49 74.19 74.85 75.47 76.04 76.57 77.06 77.51 77.94 78.33 78.70 79.05 79.37 79.67 79.95 80.22 80.47 80.72 80.95 81.17 81.39 81.60 81.81 82.02 82.22 82.43 82.64 82.86 83.08 83.31 83.55 83.79 84.03 84.26 84.48 84.69 84.88 85.05 85.21 85.35 85.47 85.56 85.63 85.67 85.68 85.67 85.62 85.54 85.42 85.27 85.08 84.84 84.57 84.25 83.89 83.48 83.02 82.51 81.94 81.33 80.66 79.93 79.11 78.13 76.92 75.50 73.87 72.04 70.01 67.79 65.39 62.81 60.05
74.80 75.60 76.35 77.05 77.72 78.34 78.92 79.47 79.98 80.47 80.93 81.36 81.77 82.16 82.53 82.89 83.23 83.55 83.87 84.18 84.48 84.76 85.04 85.31 85.57 85.83 86.09 86.35 86.60 86.86 87.12 87.39 87.67 87.95 88.21 88.47 88.70 88.92 89.12 89.30 89.45 89.58 89.68 89.75 89.80 89.81 89.79 89.73 89.63 89.50 89.32 89.11 88.85 88.54 88.19 87.78 87.33 86.82 86.26 85.65 84.97 84.24 83.42 82.43 81.21 79.78 78.14 76.30 74.26 72.02 69.61 67.01 64.23 61.29
76.95 77.79 78.58 79.33 80.04 80.71 81.35 81.95 82.53 83.07 83.59 84.09 84.56 85.01 85.45 85.88 86.29 86.69 87.08 87.46 87.83 88.18 88.52 88.85 89.17 89.48 89.78 90.08 90.37 90.67 90.96 91.26 91.56 91.86 92.16 92.45 92.72 92.96 93.19 93.38 93.55 93.69 93.81 93.88 93.93 93.94 93.91 93.84 93.73 93.58 93.39 93.15 92.86 92.52 92.14 91.69 91.20 90.65 90.04 89.37 88.64 87.82 86.82 85.61 84.17 82.53 80.68 78.63 76.39 73.96 71.35 68.56 65.61 62.49
79.17 80.05 80.88 81.68 82.44 83.16 83.85 84.50 85.13 85.74 86.31 86.87 87.41 87.92 88.43 88.92 89.39 89.87 90.33 90.78 91.22 91.64 92.04 92.42 92.79 93.15 93.50 93.84 94.17 94.50 94.82 95.14 95.46 95.78 96.11 96.43 96.72 97.00 97.24 97.46 97.65 97.80 97.92 98.01 98.06 98.06 98.03 97.96 97.84 97.67 97.45 97.19 96.88 96.51 96.09 95.61 95.07 94.47 93.81 93.09 92.28 91.29 90.08 88.65 87.01 85.16 83.11 80.86 78.43 75.81 73.02 70.06 66.93 63.65
81.47 82.38 83.26 84.10 84.91 85.67 86.41 87.12 87.80 88.46 89.09 89.71 90.30 90.88 91.45 92.00 92.55 93.09 93.62 94.14 94.65 95.13 95.58 96.02 96.44 96.85 97.24 97.62 97.99 98.34 98.69 99.04 99.38 99.71 100.05 100.38 100.71 101.01 101.28 101.52 101.73 101.90 102.03 102.12 102.17 102.18 102.14 102.06 101.92 101.74 101.51 101.22 100.88 100.48 100.03 99.51 98.93 98.29 97.59 96.79 95.81 94.61 93.19 91.55 89.71 87.66 85.42 82.99 80.38 77.58 74.62 71.49 68.20 64.76
83.83 84.79 85.71 86.59 87.44 88.26 89.04 89.80 90.53 91.24 91.93 92.60 93.25 93.89 94.52 95.13 95.74 96.35 96.95 97.54 98.11 98.65 99.16 99.65 100.12 100.57 101.00 101.42 101.82 102.20 102.58 102.94 103.30 103.65 103.99 104.33 104.67 105.00 105.29 105.56 105.78 105.96 106.10 106.20 106.26 106.26 106.22 106.13 105.99 105.79 105.54 105.23 104.87 104.44 103.95 103.40 102.78 102.10 101.32 100.36 99.17 97.77 96.15 94.31 92.28 90.05 87.63 85.02 82.23 79.28 76.15 72.86 69.42 65.84
86.27 87.27 88.22 89.15 90.04 90.90 91.73 92.53 93.31 94.07 94.81 95.54 96.25 96.94 97.63 98.30 98.98 99.64 100.31 100.97 101.59 102.19 102.76 103.30 103.82 104.31 104.78 105.23 105.66 106.07 106.47 106.85 107.22 107.58 107.93 108.28 108.61 108.95 109.27 109.55 109.79 109.99 110.14 110.25 110.31 110.32 110.27 110.18 110.02 109.81 109.54 109.22 108.82 108.37 107.85 107.26 106.60 105.85 104.91 103.75 102.37 100.77 98.95 96.94 94.72 92.32 89.72 86.95 84.00 80.89 77.61 74.18 70.59 66.87
88.78 89.81 90.80 91.76 92.69 93.59 94.47 95.32 96.14 96.95 97.74 98.52 99.28 100.03 100.77 101.51 102.24 102.97 103.70 104.42 105.11 105.76 106.38 106.97 107.53 108.06 108.57 109.05 109.51 109.95 110.36 110.76 111.15 111.51 111.87 112.21 112.55 112.87 113.19 113.49 113.76 113.97 114.14 114.25 114.32 114.33 114.28 114.18 114.01 113.79 113.51 113.16 112.74 112.26 111.70 111.08 110.36 109.46 108.32 106.97 105.39 103.61 101.61 99.42 97.03 94.46 91.71 88.78 85.68 82.41 78.99 75.42 71.71 67.85
91.34 92.41 93.43 94.43 95.40 96.34 97.26 98.15 99.02 99.88 100.71 101.54 102.35 103.16 103.95 104.74 105.53 106.32 107.11 107.89 108.64 109.35 110.02 110.65 111.25 111.82 112.36 112.88 113.36 113.82 114.26 114.67 115.06 115.44 115.80 116.14 116.47 116.78 117.09 117.39 117.66 117.90 118.07 118.20 118.27 118.28 118.23 118.12 117.95 117.72 117.42 117.05 116.61 116.10 115.51 114.83 113.96 112.87 111.54 110.00 108.25 106.28 104.12 101.76 99.22 96.49 93.58 90.50 87.26 83.86 80.31 76.61 72.77 68.80
93.97 95.06 96.12 97.15 98.16 99.14 100.09 101.02 101.94 102.84 103.72 104.59 105.46 106.31 107.16 108.00 108.85 109.70 110.54 111.38 112.19 112.94 113.66 114.34 114.98 115.59 116.16 116.70 117.21 117.69 118.14 118.57 118.97 119.35 119.71 120.05 120.37 120.67 120.97 121.24 121.51 121.75 121.94 122.08 122.16 122.17 122.12 122.01 121.83 121.58 121.26 120.88 120.41 119.88 119.24 118.41 117.36 116.08 114.58 112.86 110.93 108.80 106.48 103.96 101.26 98.39 95.34 92.12 88.75 85.22 81.55 77.73 73.78 69.70
96.65 97.77 98.86 99.92 100.96 101.97 102.97 103.94 104.89 105.83 106.76 107.68 108.59 109.49 110.39 111.29 112.19 113.09 113.99 114.89 115.74 116.55 117.32 118.04 118.72 119.36 119.96 120.52 121.05 121.55 122.02 122.46 122.86 123.25 123.60 123.94 124.25 124.54 124.81 125.07 125.31 125.54 125.74 125.88 125.97 125.99 125.94 125.82 125.63 125.37 125.04 124.63 124.15 123.56 122.79 121.78 120.55 119.09 117.42 115.53 113.45 111.16 108.68 106.02 103.18 100.17 96.99 93.64 90.15 86.50 82.71 78.79 74.73 70.55
99.38 100.52 101.64 102.74 103.81 104.85 105.88 106.89 107.88 108.86 109.83 110.79 111.74 112.69 113.64 114.59 115.54 116.49 117.45 118.40 119.31 120.17 120.97 121.73 122.45 123.12 123.75 124.34 124.89 125.40 125.88 126.33 126.74 127.12 127.47 127.80 128.10 128.37 128.63 128.86 129.08 129.27 129.45 129.60 129.69 129.72 129.67 129.55 129.35 129.08 128.74 128.31 127.78 127.06 126.11 124.93 123.52 121.90 120.07 118.03 115.79 113.36 110.74 107.94 104.97 101.83 98.52 95.06 91.45 87.70 83.81 79.78 75.63 71.36
102.15 103.32 104.47 105.59 106.69 107.77 108.82 109.87 110.90 111.91 112.92 113.92 114.92 115.91 116.91 117.90 118.90 119.91 120.92 121.92 122.88 123.78 124.63 125.43 126.18 126.88 127.53 128.14 128.71 129.24 129.73 130.18 130.59 130.97 131.32 131.63 131.92 132.18 132.41 132.62 132.80 132.97 133.11 133.23 133.33 133.35 133.30 133.18 132.98 132.70 132.34 131.88 131.22 130.33 129.20 127.86 126.29 124.51 122.53 120.34 117.96 115.39 112.64 109.72 106.62 103.36 99.94 96.38 92.66 88.81 84.82 80.71 76.48 72.13
104.97 106.16 107.33 108.48 109.60 110.71 111.80 112.87 113.94 114.99 116.04 117.08 118.11 119.15 120.19 121.23 122.27 123.33 124.39 125.45 126.45 127.39 128.28 129.11 129.89 130.62 131.30 131.93 132.51 133.05 133.55 134.00 134.42 134.79 135.13 135.43 135.70 135.94 136.15 136.33 136.48 136.61 136.72 136.80 136.86 136.88 136.84 136.71 136.51 136.22 135.82 135.23 134.41 133.35 132.07 130.56 128.85 126.92 124.79 122.47 119.96 117.26 114.39 111.35 108.14 104.77 101.25 97.59 93.78 89.84 85.77 81.58 77.27 72.85
107.82 109.03 110.23 111.40 112.55 113.68 114.80 115.90 117.00 118.08 119.17 120.24 121.32 122.39 123.47 124.56 125.65 126.75 127.86 128.96 130.01 131.00 131.92 132.79 133.60 134.35 135.05 135.70 136.29 136.84 137.34 137.80 138.21 138.58 138.91 139.20 139.45 139.67 139.85 140.00 140.12 140.21 140.27 140.31 140.32 140.31 140.26 140.13 139.92 139.60 139.08 138.33 137.35 136.13 134.70 133.05 131.19 129.13 126.87 124.42 121.79 118.97 115.99 112.84 109.53 106.06 102.45 98.69 94.80 90.78 86.64 82.37 78.00 73.52
110.71 111.94 113.15 114.34 115.51 116.67 117.82 118.95 120.07 121.19 122.31 123.42 124.53 125.64 126.76 127.89 129.02 130.17 131.32 132.47 133.56 134.59 135.55 136.44 137.28 138.06 138.78 139.44 140.05 140.60 141.11 141.56 141.97 142.33 142.65 142.92 143.15 143.35 143.50 143.62 143.70 143.75 143.77 143.76 143.72 143.65 143.56 143.42 143.19 142.75 142.08 141.17 140.03 138.68 137.10 135.31 133.32 131.14 128.76 126.19 123.44 120.52 117.43 114.18 110.78 107.23 103.53 99.69 95.73 91.64 87.43 83.11 78.68 74.15
113.62 114.87 116.10 117.31 118.50 119.68 120.85 122.01 123.16 124.31 125.45 126.60 127.74 128.89 130.05 131.21 132.39 133.58 134.78 135.97 137.10 138.16 139.16 140.08 140.94 141.74 142.48 143.15 143.77 144.33 144.84 145.29 145.69 146.04 146.34 146.60 146.81 146.97 147.10 147.18 147.23 147.23 147.21 147.15 147.05 146.93 146.77 146.57 146.21 145.63 144.80 143.75 142.47 140.98 139.27 137.36 135.25 132.94 130.45 127.77 124.92 121.91 118.72 115.39 111.90 108.27 104.49 100.59 96.56 92.41 88.15 83.78 79.30 74.73
116.56 117.82 119.07 120.29 121.51 122.71 123.90 125.08 126.26 127.43 128.61 129.78 130.96 132.14 133.33 134.53 135.75 136.98 138.22 139.45 140.62 141.72 142.74 143.70 144.58 145.40 146.15 146.83 147.46 148.02 148.53 148.98 149.37 149.70 149.99 150.22 150.41 150.55 150.64 150.69 150.69 150.66 150.58 150.47 150.32 150.13 149.89 149.52 148.96 148.22 147.26 146.07 144.66 143.04 141.21 139.18 136.95 134.54 131.95 129.17 126.23 123.13 119.86 116.44 112.88 109.18 105.34 101.38 97.30 93.10 88.79 84.38 79.87 75.27
