data_processed/recharge/precip/Precip_2012_06.asc
ncols        168
nrows        136
xllcorner    455000
yllcorner    2107000
cellsize     500
NODATA_value     -99999
[rows 0 to 31 of 136, columns 0 to 71 of 168]
301.09 291.76 285.83 281.76 277.68 273.46 269.13 264.69 260.17 255.57 250.90 246.18 241.43 236.65 231.86 227.07 222.29 217.58 214.07 213.83 215.96 218.22 218.37 215.66 212.38 209.11 205.85 202.64 199.52 196.57 193.81 191.25 188.90 186.77 184.86 183.20 181.78 180.62 179.72 179.10 178.77 178.73 178.99 179.66 181.59 185.64 191.80 199.93 209.70 218.63 224.81 228.17 228.73 226.83 223.88 220.86 217.86 214.93 212.09 209.39 206.86 204.55 202.49 200.71 199.26 198.17 197.49 197.24 197.46 198.18 199.34 200.93
287.97 283.94 281.05 278.09 274.96 271.69 268.28 264.75 261.12 257.40 253.59 249.72 245.79 241.82 237.82 233.81 229.79 225.79 221.83 218.80 218.07 218.44 217.70 214.86 211.56 208.28 205.03 201.86 198.84 195.99 193.33 190.86 188.60 186.54 184.70 183.10 181.73 180.62 179.76 179.17 178.85 178.83 179.09 179.67 180.66 182.92 187.35 193.94 202.34 209.94 214.69 216.52 215.76 213.88 211.83 209.71 207.58 205.46 203.40 201.42 199.58 197.90 196.42 195.18 194.23 193.59 193.30 193.40 193.94 194.94 196.41 198.26
279.65 277.77 275.74 273.52 271.13 268.58 265.87 263.04 260.07 257.00 253.83 250.58 247.25 243.87 240.44 236.98 233.50 230.01 226.53 223.10 220.30 218.82 217.21 214.23 210.93 207.65 204.44 201.37 198.46 195.71 193.13 190.74 188.55 186.56 184.78 183.22 181.89 180.81 179.98 179.40 179.10 179.08 179.34 179.90 180.77 182.05 184.64 189.43 196.21 202.21 205.27 205.64 204.77 203.65 202.39 201.03 199.59 198.12 196.66 195.25 193.91 192.70 191.64 190.77 190.14 189.78 189.73 190.02 190.70 191.79 193.35 195.35
273.93 272.67 271.18 269.50 267.62 265.56 263.33 260.96 258.44 255.80 253.04 250.18 247.23 244.21 241.13 238.00 234.83 231.64 228.44 225.25 222.08 219.27 216.81 213.71 210.42 207.19 204.07 201.10 198.28 195.61 193.11 190.79 188.66 186.72 184.98 183.46 182.17 181.11 180.29 179.72 179.41 179.38 179.62 180.16 180.99 182.14 183.70 186.59 191.49 195.65 197.09 197.21 196.99 196.54 195.91 195.12 194.21 193.23 192.20 191.18 190.19 189.27 188.46 187.81 187.33 187.08 187.10 187.41 188.06 189.08 190.51 192.40
270.90 269.97 268.81 267.43 265.83 264.05 262.08 259.94 257.64 255.20 252.64 249.95 247.16 244.28 241.32 238.29 235.21 232.09 228.95 225.79 222.63 219.49 216.44 213.23 209.99 206.85 203.83 200.95 198.20 195.61 193.17 190.91 188.82 186.93 185.23 183.73 182.45 181.40 180.59 180.01 179.70 179.64 179.86 180.36 181.15 182.24 183.64 185.47 188.39 190.78 191.84 192.48 192.81 192.87 192.68 192.30 191.76 191.09 190.34 189.54 188.72 187.94 187.22 186.59 186.11 185.81 185.72 185.88 186.34 187.12 188.27 189.82
271.57 270.77 269.72 268.43 266.92 265.19 263.27 261.15 258.87 256.43 253.83 251.11 248.26 245.31 242.26 239.13 235.93 232.67 229.37 226.04 222.70 219.34 216.01 212.75 209.60 206.56 203.62 200.81 198.14 195.61 193.23 191.01 188.96 187.09 185.41 183.93 182.66 181.61 180.79 180.20 179.86 179.77 179.95 180.40 181.13 182.16 183.49 185.14 187.11 189.01 190.49 191.57 192.29 192.69 192.81 192.68 192.35 191.84 191.20 190.47 189.68 188.86 188.07 187.33 186.68 186.17 185.82 185.68 185.79 186.17 186.87 187.93
273.80 273.04 272.02 270.74 269.22 267.48 265.51 263.35 260.99 258.46 255.76 252.91 249.93 246.82 243.60 240.28 236.88 233.40 229.86 226.28 222.66 219.03 215.52 212.27 209.19 206.23 203.37 200.64 198.02 195.54 193.21 191.03 189.01 187.17 185.51 184.03 182.76 181.70 180.86 180.25 179.88 179.75 179.88 180.28 180.95 181.91 183.17 184.73 186.63 188.69 190.58 192.06 193.13 193.84 194.22 194.30 194.13 193.74 193.18 192.47 191.66 190.78 189.87 188.98 188.12 187.36 186.71 186.23 185.94 185.88 186.10 186.63
275.53 274.83 273.84 272.58 271.07 269.31 267.32 265.10 262.69 260.07 257.28 254.32 251.21 247.96 244.57 241.08 237.48 233.79 230.02 226.20 222.33 218.54 215.03 211.80 208.75 205.85 203.07 200.40 197.84 195.41 193.12 190.97 188.98 187.16 185.51 184.04 182.76 181.69 180.83 180.19 179.78 179.61 179.69 180.03 180.64 181.52 182.70 184.21 186.07 188.12 190.20 192.08 193.55 194.60 195.28 195.62 195.66 195.43 194.98 194.34 193.54 192.64 191.66 190.64 189.63 188.65 187.75 186.96 186.32 185.87 185.64 185.68
276.71 276.07 275.13 273.91 272.41 270.65 268.64 266.39 263.93 261.25 258.37 255.32 252.09 248.70 245.17 241.51 237.72 233.84 229.86 225.80 221.80 218.02 214.55 211.36 208.32 205.44 202.70 200.09 197.59 195.20 192.95 190.83 188.87 187.06 185.41 183.94 182.66 181.57 180.69 180.01 179.56 179.35 179.37 179.65 180.19 181.00 182.13 183.60 185.42 187.44 189.51 191.58 193.45 194.89 195.91 196.55 196.83 196.81 196.52 195.99 195.26 194.38 193.37 192.28 191.14 189.99 188.88 187.83 186.88 186.08 185.45 185.03
277.47 276.79 275.90 274.72 273.26 271.51 269.50 267.23 264.73 261.99 259.05 255.91 252.57 249.07 245.40 241.58 237.63 233.56 229.38 225.21 221.24 217.51 214.09 210.94 207.92 205.03 202.29 199.71 197.26 194.92 192.70 190.61 188.66 186.86 185.22 183.74 182.45 181.34 180.42 179.72 179.22 178.96 178.92 179.13 179.60 180.36 181.46 182.90 184.69 186.67 188.70 190.77 192.83 194.67 196.08 197.05 197.64 197.86 197.77 197.39 196.77 195.95 194.96 193.83 192.62 191.35 190.06 188.79 187.58 186.47 185.48 184.64
277.91 277.10 276.18 275.05 273.63 271.90 269.90 267.63 265.10 262.33 259.33 256.11 252.68 249.07 245.28 241.32 237.21 232.97 228.70 224.58 220.67 217.00 213.63 210.52 207.52 204.63 201.88 199.28 196.85 194.55 192.36 190.29 188.36 186.56 184.92 183.43 182.12 180.99 180.04 179.29 178.75 178.43 178.33 178.48 178.90 179.64 180.70 182.11 183.86 185.81 187.81 189.85 191.91 193.94 195.75 197.10 198.02 198.54 198.69 198.51 198.05 197.33 196.39 195.28 194.04 192.68 191.27 189.83 188.40 187.01 185.67 184.45
278.07 277.12 276.08 274.92 273.54 271.85 269.87 267.60 265.06 262.26 259.21 255.93 252.43 248.72 244.82 240.74 236.49 232.18 227.97 223.92 220.08 216.48 213.17 210.10 207.13 204.25 201.48 198.85 196.39 194.09 191.93 189.88 187.95 186.16 184.51 183.01 181.68 180.52 179.53 178.74 178.15 177.76 177.61 177.71 178.11 178.82 179.86 181.24 182.96 184.87 186.84 188.85 190.88 192.91 194.91 196.66 197.96 198.81 199.25 199.32 199.05 198.48 197.65 196.59 195.35 193.96 192.47 190.90 189.27 187.62 185.99 184.43
277.96 276.88 275.71 274.42 273.01 271.37 269.42 267.17 264.63 261.81 258.73 255.40 251.84 248.05 244.04 239.85 235.56 231.32 227.20 223.23 219.47 215.94 212.68 209.67 206.73 203.86 201.08 198.42 195.91 193.57 191.40 189.36 187.44 185.65 183.99 182.48 181.12 179.92 178.90 178.06 177.41 176.96 176.77 176.85 177.23 177.92 178.93 180.28 181.97 183.85 185.80 187.77 189.78 191.78 193.78 195.73 197.42 198.65 199.42 199.77 199.74 199.36 198.67 197.72 196.53 195.15 193.62 191.94 190.14 188.27 186.39 184.55
277.58 276.39 275.09 273.68 272.15 270.47 268.56 266.34 263.81 260.99 257.90 254.53 250.91 247.05 242.97 238.75 234.54 230.40 226.38 222.50 218.82 215.36 212.17 209.21 206.31 203.46 200.67 197.99 195.43 193.03 190.80 188.75 186.83 185.03 183.35 181.82 180.43 179.19 178.12 177.23 176.53 176.05 175.84 175.91 176.27 176.94 177.92 179.25 180.90 182.76 184.67 186.62 188.60 190.58 192.55 194.50 196.39 198.01 199.15 199.83 200.08 199.94 199.45 198.64 197.55 196.22 194.66 192.90 190.96 188.93 186.84 184.76
276.95 275.65 274.24 272.71 271.05 269.26 267.32 265.13 262.63 259.82 256.72 253.33 249.67 245.76 241.67 237.56 233.46 229.43 225.50 221.72 218.12 214.74 211.63 208.73 205.87 203.03 200.25 197.55 194.95 192.48 190.17 188.04 186.10 184.29 182.59 181.03 179.61 178.33 177.22 176.27 175.54 175.05 174.83 174.88 175.22 175.87 176.83 178.13 179.76 181.58 183.47 185.39 187.35 189.30 191.26 193.19 195.08 196.89 198.42 199.48 200.05 200.19 199.93 199.31 198.36 197.10 195.54 193.72 191.70 189.54 187.30 185.04
276.07 274.67 273.16 271.52 269.75 267.85 265.79 263.57 261.10 258.32 255.22 251.81 248.13 244.24 240.27 236.28 232.30 228.38 224.56 220.88 217.37 214.07 211.03 208.20 205.39 202.58 199.80 197.09 194.45 191.93 189.54 187.31 185.28 183.42 181.71 180.12 178.66 177.33 176.17 175.20 174.46 173.97 173.73 173.76 174.09 174.71 175.66 176.93 178.53 180.33 182.19 184.09 186.02 187.96 189.89 191.80 193.68 195.50 197.23 198.66 199.61 200.07 200.09 199.69 198.90 197.72 196.19 194.37 192.31 190.08 187.74 185.34
274.95 273.47 271.86 270.13 268.25 266.24 264.07 261.75 259.25 256.49 253.40 250.01 246.37 242.61 238.77 234.91 231.06 227.26 223.55 219.96 216.55 213.34 210.39 207.62 204.86 202.09 199.32 196.59 193.93 191.35 188.89 186.57 184.42 182.46 180.69 179.07 177.56 176.20 175.01 174.04 173.30 172.79 172.54 172.57 172.87 173.48 174.40 175.65 177.23 179.01 180.84 182.72 184.63 186.55 188.46 190.36 192.21 194.02 195.76 197.39 198.72 199.55 199.88 199.74 199.10 198.03 196.58 194.81 192.77 190.52 188.12 185.62
273.61 272.05 270.36 268.53 266.57 264.45 262.18 259.75 257.15 254.35 251.30 247.97 244.48 240.86 237.17 233.45 229.72 226.04 222.44 218.97 215.65 212.54 209.67 206.98 204.28 201.54 198.79 196.06 193.37 190.74 188.22 185.81 183.55 181.46 179.57 177.88 176.34 174.95 173.77 172.79 172.04 171.53 171.28 171.29 171.58 172.17 173.08 174.30 175.86 177.61 179.42 181.28 183.17 185.07 186.97 188.84 190.69 192.48 194.21 195.85 197.38 198.58 199.25 199.35 198.91 198.01 196.68 195.00 193.02 190.80 188.39 185.86
272.05 270.41 268.65 266.75 264.70 262.50 260.14 257.60 254.90 252.01 248.97 245.79 242.46 239.00 235.45 231.87 228.28 224.72 221.25 217.88 214.67 211.66 208.88 206.27 203.63 200.93 198.20 195.47 192.76 190.10 187.51 185.02 182.65 180.44 178.41 176.58 175.00 173.62 172.44 171.46 170.71 170.19 169.93 169.93 170.21 170.79 171.67 172.88 174.41 176.14 177.93 179.77 181.64 183.52 185.41 187.27 189.10 190.88 192.60 194.24 195.77 197.15 198.11 198.49 198.30 197.60 196.45 194.92 193.05 190.90 188.54 186.02
270.28 268.58 266.76 264.78 262.66 260.38 257.93 255.32 252.52 249.58 246.55 243.48 240.30 237.00 233.61 230.17 226.72 223.30 219.94 216.70 213.60 210.69 208.01 205.49 202.91 200.26 197.55 194.82 192.10 189.40 186.75 184.18 181.72 179.39 177.22 175.28 173.60 172.20 171.02 170.04 169.29 168.77 168.50 168.49 168.76 169.32 170.19 171.38 172.90 174.60 176.38 178.20 180.05 181.92 183.79 185.64 187.46 189.23 190.94 192.56 194.06 195.36 196.44 197.11 197.21 196.77 195.85 194.51 192.80 190.78 188.51 186.04
268.30 266.56 264.68 262.65 260.46 258.11 255.59 252.90 250.05 247.12 244.12 241.08 238.01 234.87 231.64 228.35 225.04 221.75 218.53 215.40 212.42 209.62 207.04 204.61 202.10 199.50 196.83 194.11 191.37 188.64 185.94 183.30 180.74 178.30 176.04 174.00 172.22 170.72 169.52 168.54 167.79 167.27 166.99 166.98 167.24 167.79 168.64 169.82 171.31 173.00 174.75 176.56 178.39 180.25 182.10 183.94 185.75 187.52 189.22 190.80 192.20 193.41 194.41 195.21 195.62 195.49 194.85 193.75 192.24 190.40 188.27 185.91
266.14 264.36 262.43 260.35 258.11 255.70 253.12 250.38 247.55 244.63 241.66 238.65 235.63 232.59 229.52 226.38 223.22 220.08 216.99 213.99 211.13 208.44 205.96 203.63 201.20 198.65 196.02 193.31 190.57 187.81 185.06 182.35 179.71 177.20 174.87 172.75 170.87 169.27 167.97 166.97 166.21 165.69 165.41 165.39 165.64 166.18 167.02 168.18 169.66 171.33 173.07 174.86 176.68 178.52 180.36 182.20 184.00 185.75 187.41 188.89 190.18 191.29 192.22 192.97 193.53 193.72 193.40 192.59 191.35 189.73 187.79 185.59
263.80 261.98 260.02 257.90 255.62 253.16 250.55 247.82 245.00 242.11 239.16 236.19 233.20 230.21 227.25 224.27 221.26 218.26 215.31 212.45 209.71 207.14 204.77 202.54 200.19 197.71 195.11 192.42 189.68 186.90 184.11 181.34 178.66 176.11 173.72 171.53 169.56 167.86 166.44 165.34 164.56 164.03 163.75 163.73 163.97 164.51 165.34 166.48 167.94 169.59 171.32 173.09 174.90 176.73 178.57 180.39 182.18 183.89 185.44 186.80 188.00 189.02 189.87 190.56 191.10 191.46 191.48 191.01 190.07 188.72 187.02 185.03
261.28 259.45 257.46 255.31 252.99 250.51 247.90 245.19 242.39 239.52 236.61 233.67 230.72 227.78 224.87 222.00 219.15 216.30 213.49 210.77 208.16 205.71 203.46 201.33 199.07 196.65 194.10 191.44 188.70 185.90 183.08 180.29 177.59 175.01 172.58 170.33 168.29 166.49 164.97 163.74 162.86 162.31 162.02 162.00 162.24 162.76 163.58 164.71 166.16 167.80 169.51 171.27 173.07 174.89 176.72 178.53 180.28 181.87 183.29 184.55 185.64 186.58 187.37 188.01 188.51 188.87 189.07 188.96 188.37 187.35 185.94 184.20
258.60 256.76 254.75 252.58 250.25 247.77 245.18 242.48 239.71 236.87 233.99 231.08 228.17 225.28 222.42 219.62 216.88 214.18 211.52 208.94 206.46 204.14 202.02 200.00 197.83 195.48 192.98 190.35 187.61 184.81 181.99 179.22 176.52 173.92 171.45 169.15 167.04 165.16 163.54 162.21 161.20 160.54 160.22 160.19 160.43 160.95 161.76 162.88 164.32 165.94 167.64 169.39 171.18 172.99 174.81 176.57 178.20 179.66 180.96 182.12 183.13 184.00 184.72 185.32 185.79 186.13 186.35 186.44 186.23 185.57 184.49 183.06
255.77 253.92 251.91 249.74 247.41 244.94 242.36 239.69 236.94 234.13 231.28 228.41 225.55 222.70 219.90 217.15 214.48 211.89 209.39 206.95 204.62 202.43 200.43 198.52 196.45 194.18 191.73 189.13 186.42 183.65 180.87 178.12 175.42 172.81 170.32 167.98 165.82 163.87 162.17 160.73 159.61 158.81 158.39 158.33 158.56 159.07 159.88 160.99 162.41 164.02 165.71 167.45 169.24 171.04 172.81 174.44 175.92 177.26 178.46 179.52 180.45 181.25 181.92 182.48 182.92 183.26 183.48 183.61 183.61 183.35 182.66 181.58
252.79 250.95 248.94 246.77 244.45 242.00 239.44 236.78 234.06 231.28 228.47 225.65 222.83 220.03 217.28 214.59 211.98 209.47 207.08 204.79 202.61 200.56 198.69 196.90 194.93 192.74 190.35 187.80 185.14 182.43 179.70 176.98 174.30 171.70 169.19 166.82 164.62 162.61 160.83 159.31 158.08 157.16 156.60 156.43 156.62 157.13 157.93 159.04 160.45 162.05 163.73 165.46 167.24 168.99 170.62 172.11 173.46 174.68 175.78 176.75 177.60 178.34 178.97 179.50 179.92 180.25 180.49 180.64 180.71 180.68 180.39 179.71
249.67 247.85 245.84 243.68 241.36 238.93 236.38 233.76 231.06 228.32 225.54 222.76 219.99 217.25 214.55 211.92 209.38 206.94 204.63 202.46 200.42 198.52 196.78 195.12 193.26 191.15 188.83 186.37 183.80 181.16 178.49 175.81 173.16 170.57 168.06 165.67 163.44 161.38 159.54 157.93 156.61 155.59 154.90 154.58 154.66 155.13 155.93 157.03 158.43 160.02 161.69 163.42 165.13 166.74 168.22 169.57 170.80 171.91 172.91 173.80 174.59 175.28 175.87 176.37 176.79 177.12 177.37 177.56 177.67 177.72 177.69 177.43
246.42 244.59 242.59 240.43 238.13 235.71 233.19 230.59 227.92 225.22 222.48 219.75 217.02 214.33 211.70 209.13 206.66 204.30 202.06 199.98 198.06 196.30 194.70 193.17 191.42 189.41 187.20 184.85 182.38 179.83 177.23 174.61 171.99 169.42 166.92 164.53 162.27 160.17 158.28 156.61 155.19 154.07 153.27 152.83 152.76 153.11 153.87 154.96 156.35 157.94 159.60 161.27 162.83 164.28 165.62 166.84 167.95 168.96 169.87 170.68 171.41 172.05 172.61 173.10 173.51 173.85 174.13 174.35 174.52 174.64 174.71 174.72
242.99 241.17 239.18 237.03 234.74 232.34 229.84 227.27 224.64 221.97 219.28 216.59 213.91 211.28 208.71 206.21 203.80 201.52 199.36 197.36 195.53 193.90 192.44 191.05 189.42 187.54 185.48 183.25 180.89 178.44 175.91 173.36 170.79 168.26 165.78 163.38 161.11 158.99 157.05 155.32 153.84 152.63 151.72 151.15 150.96 151.16 151.78 152.83 154.22 155.80 157.40 158.91 160.31 161.61 162.80 163.90 164.90 165.82 166.64 167.39 168.07 168.67 169.20 169.68 170.09 170.45 170.77 171.03 171.26 171.45 171.62 171.75
239.39 237.57 235.58 233.44 231.17 228.79 226.32 223.78 221.18 218.55 215.90 213.26 210.64 208.07 205.56 203.13 200.79 198.58 196.51 194.60 192.86 191.32 189.99 188.75 187.28 185.57 183.65 181.56 179.32 176.97 174.54 172.06 169.56 167.06 164.61 162.23 159.96 157.82 155.85 154.07 152.53 151.24 150.24 149.56 149.24 149.30 149.78 150.70 152.04 153.55 154.99 156.33 157.57 158.72 159.78 160.76 161.66 162.49 163.24 163.93 164.55 165.12 165.64 166.11 166.54 166.92 167.27 167.59 167.89 168.16 168.42 168.66
235.42 233.61 231.64 229.53 227.29 224.94 222.50 220.00 217.45 214.87 212.28 209.70 207.15 204.64 202.20 199.85 197.60 195.48 193.50 191.68 190.05 188.62 187.38 186.23 184.94 183.41 181.65 179.71 177.61 175.38 173.05 170.65 168.22 165.78 163.37 161.02 158.76 156.61 154.62 152.81 151.21 149.86 148.78 148.00 147.57 147.50 147.84 148.60 149.81 151.16 152.41 153.58 154.67 155.68 156.61 157.48 158.28 159.02 159.70 160.33 160.92 161.46 161.97 162.44 162.88 163.29 163.69 164.07 164.43 164.79 165.15 165.51
