data_processed/recharge/precip/Precip_1994_06.asc
ncols        168
nrows        136
xllcorner    455000
yllcorner    2107000
cellsize     500
NODATA_value     -99999
[rows 64 to 95 of 136, columns 71 to 141 of 168]
164.10 160.28 156.32 152.23 148.04 143.77 139.45 135.10 130.94 127.54 124.95 123.13 122.03 121.58 121.73 122.42 123.60 125.21 127.19 129.49 132.00 134.57 137.08 139.33 141.21 142.73 143.88 144.67 145.10 145.16 144.87 144.21 143.19 141.81 140.11 138.28 136.41 134.53 132.63 130.74 128.86 127.00 125.17 123.39 121.66 120.00 118.42 116.95 115.60 114.39 113.31 112.37 111.57 110.89 110.34 109.91 109.61 109.42 109.34 109.38 109.53 109.86 110.41 111.17 112.13 113.26 114.54 115.97 117.52 119.18 120.93
164.66 160.72 156.66 152.50 148.27 143.99 139.67 135.35 131.24 127.87 125.31 123.50 122.38 121.91 122.03 122.67 123.78 125.31 127.20 129.34 131.56 133.79 136.02 138.17 140.06 141.58 142.74 143.53 143.96 144.03 143.74 143.09 142.08 140.71 139.01 137.19 135.33 133.45 131.56 129.67 127.78 125.92 124.09 122.30 120.57 118.91 117.34 115.88 114.54 113.33 112.26 111.33 110.53 109.86 109.32 108.91 108.62 108.45 108.40 108.46 108.63 108.99 109.58 110.38 111.37 112.53 113.86 115.33 116.93 118.64 120.44
164.91 160.89 156.77 152.58 148.34 144.07 139.80 135.54 131.51 128.21 125.71 123.94 122.86 122.40 122.51 123.14 124.22 125.71 127.48 129.35 131.27 133.20 135.13 137.02 138.82 140.35 141.51 142.31 142.75 142.83 142.55 141.91 140.90 139.54 137.86 136.05 134.20 132.33 130.44 128.55 126.67 124.81 122.98 121.20 119.47 117.82 116.27 114.82 113.50 112.30 111.23 110.31 109.52 108.87 108.35 107.95 107.68 107.54 107.51 107.60 107.81 108.20 108.82 109.65 110.69 111.90 113.27 114.79 116.44 118.21 120.06
164.84 160.77 156.63 152.44 148.23 144.01 139.81 135.66 131.74 128.55 126.14 124.45 123.43 123.02 123.17 123.81 124.90 126.31 127.85 129.45 131.10 132.75 134.40 136.02 137.59 139.04 140.21 141.03 141.48 141.57 141.30 140.67 139.68 138.33 136.66 134.87 133.03 131.17 129.29 127.41 125.54 123.68 121.86 120.07 118.36 116.74 115.21 113.79 112.48 111.29 110.24 109.32 108.55 107.91 107.41 107.04 106.80 106.68 106.68 106.80 107.04 107.47 108.13 109.01 110.09 111.35 112.77 114.35 116.05 117.87 119.74
164.44 160.36 156.23 152.08 147.92 143.79 139.70 135.68 131.92 128.87 126.58 125.01 124.09 123.76 123.98 124.68 125.73 126.95 128.25 129.60 131.00 132.41 133.81 135.19 136.51 137.75 138.86 139.68 140.15 140.25 140.00 139.38 138.41 137.08 135.43 133.65 131.83 129.98 128.12 126.25 124.38 122.54 120.72 118.96 117.28 115.68 114.18 112.78 111.49 110.31 109.27 108.37 107.61 107.00 106.52 106.18 105.96 105.87 105.91 106.07 106.35 106.82 107.52 108.45 109.57 110.88 112.36 113.99 115.75 117.58 119.44
163.70 159.63 155.55 151.47 147.41 143.40 139.46 135.60 132.03 129.15 127.03 125.60 124.82 124.61 124.93 125.64 126.54 127.54 128.62 129.76 130.94 132.13 133.31 134.47 135.57 136.59 137.52 138.29 138.77 138.89 138.66 138.06 137.11 135.80 134.17 132.41 130.61 128.78 126.93 125.07 123.22 121.39 119.60 117.88 116.23 114.66 113.18 111.80 110.54 109.38 108.36 107.47 106.72 106.12 105.67 105.36 105.18 105.13 105.20 105.40 105.72 106.24 106.99 107.96 109.14 110.51 112.05 113.73 115.50 117.32 119.15
162.66 158.58 154.57 150.60 146.67 142.82 139.05 135.41 132.05 129.39 127.47 126.22 125.60 125.55 125.92 126.51 127.22 128.03 128.93 129.88 130.87 131.87 132.87 133.83 134.74 135.57 136.31 136.92 137.36 137.50 137.29 136.72 135.79 134.50 132.89 131.16 129.37 127.56 125.73 123.89 122.06 120.26 118.52 116.83 115.22 113.68 112.23 110.88 109.64 108.50 107.50 106.62 105.88 105.30 104.87 104.59 104.45 104.43 104.55 104.79 105.16 105.73 106.53 107.56 108.80 110.22 111.82 113.51 115.26 117.05 118.86
161.32 157.26 153.30 149.45 145.69 142.03 138.48 135.08 131.98 129.56 127.87 126.84 126.43 126.47 126.75 127.18 127.74 128.39 129.13 129.93 130.76 131.60 132.43 133.23 133.98 134.65 135.22 135.67 135.98 136.09 135.90 135.35 134.45 133.19 131.61 129.89 128.14 126.35 124.54 122.72 120.93 119.18 117.48 115.83 114.26 112.75 111.34 110.02 108.80 107.69 106.70 105.84 105.12 104.55 104.13 103.88 103.77 103.80 103.96 104.25 104.68 105.29 106.15 107.24 108.54 110.02 111.62 113.29 115.01 116.77 118.56
159.70 155.68 151.78 148.04 144.46 141.02 137.73 134.60 131.79 129.66 128.23 127.46 127.18 127.17 127.32 127.63 128.05 128.58 129.19 129.85 130.55 131.26 131.96 132.63 133.25 133.78 134.22 134.53 134.70 134.71 134.50 133.97 133.10 131.87 130.32 128.64 126.91 125.14 123.36 121.59 119.85 118.15 116.49 114.89 113.35 111.89 110.51 109.22 108.02 106.94 105.98 105.14 104.44 103.88 103.47 103.23 103.15 103.23 103.44 103.78 104.26 104.94 105.86 107.00 108.36 109.85 111.42 113.05 114.74 116.47 118.23
157.78 153.83 150.02 146.39 142.98 139.78 136.77 133.96 131.47 129.66 128.53 127.94 127.64 127.53 127.59 127.79 128.12 128.55 129.06 129.62 130.22 130.83 131.43 131.99 132.50 132.93 133.26 133.47 133.53 133.42 133.13 132.60 131.76 130.56 129.04 127.39 125.69 123.96 122.23 120.52 118.83 117.18 115.57 114.01 112.52 111.09 109.75 108.49 107.33 106.28 105.34 104.52 103.84 103.30 102.91 102.67 102.61 102.72 102.98 103.38 103.92 104.65 105.64 106.85 108.21 109.66 111.19 112.79 114.44 116.14 117.87
155.58 151.72 148.04 144.55 141.30 138.32 135.61 133.13 131.01 129.54 128.65 128.07 127.70 127.52 127.51 127.65 127.91 128.26 128.70 129.19 129.71 130.25 130.77 131.26 131.70 132.05 132.30 132.43 132.42 132.23 131.86 131.27 130.43 129.26 127.78 126.16 124.51 122.83 121.16 119.51 117.88 116.28 114.72 113.21 111.76 110.38 109.07 107.85 106.73 105.70 104.79 104.00 103.34 102.82 102.44 102.23 102.17 102.29 102.59 103.05 103.65 104.45 105.49 106.70 108.02 109.43 110.93 112.49 114.10 115.77 117.47
153.08 149.35 145.82 142.50 139.45 136.68 134.24 132.12 130.39 129.20 128.34 127.73 127.32 127.10 127.05 127.15 127.36 127.68 128.07 128.52 129.00 129.49 129.97 130.41 130.80 131.10 131.31 131.39 131.32 131.09 130.66 130.02 129.14 127.99 126.55 124.98 123.38 121.77 120.16 118.57 117.00 115.46 113.95 112.49 111.09 109.75 108.49 107.31 106.22 105.23 104.35 103.59 102.95 102.45 102.09 101.89 101.85 101.99 102.30 102.79 103.45 104.32 105.36 106.53 107.80 109.16 110.61 112.13 113.71 115.34 117.01
150.30 146.74 143.38 140.27 137.43 134.91 132.73 130.93 129.50 128.38 127.52 126.89 126.48 126.25 126.18 126.27 126.47 126.77 127.15 127.58 128.04 128.52 128.98 129.40 129.77 130.06 130.24 130.30 130.21 129.95 129.50 128.84 127.93 126.77 125.36 123.85 122.32 120.79 119.25 117.72 116.21 114.72 113.27 111.87 110.52 109.23 108.01 106.87 105.82 104.86 104.02 103.28 102.67 102.20 101.87 101.68 101.66 101.80 102.13 102.63 103.33 104.19 105.19 106.30 107.52 108.84 110.25 111.72 113.27 114.86 116.49
147.54 144.14 140.98 138.08 135.47 133.20 131.29 129.75 128.47 127.38 126.53 125.90 125.49 125.26 125.20 125.28 125.48 125.78 126.15 126.58 127.04 127.51 127.96 128.38 128.74 129.02 129.20 129.25 129.15 128.88 128.42 127.74 126.83 125.66 124.27 122.82 121.36 119.90 118.43 116.96 115.52 114.09 112.70 111.35 110.04 108.80 107.63 106.53 105.52 104.60 103.79 103.08 102.50 102.05 101.74 101.58 101.57 101.73 102.06 102.58 103.27 104.09 105.03 106.09 107.26 108.53 109.89 111.32 112.82 114.38 115.98
145.06 141.83 138.85 136.15 133.77 131.74 130.06 128.69 127.56 126.57 125.73 125.10 124.69 124.46 124.39 124.47 124.67 124.96 125.33 125.75 126.20 126.66 127.11 127.52 127.87 128.14 128.30 128.34 128.23 127.94 127.47 126.78 125.85 124.69 123.33 121.91 120.51 119.11 117.71 116.31 114.92 113.55 112.21 110.91 109.66 108.47 107.33 106.28 105.30 104.42 103.64 102.97 102.41 101.99 101.70 101.55 101.56 101.73 102.07 102.58 103.25 104.05 104.95 105.96 107.07 108.29 109.60 110.99 112.45 113.96 115.53
142.87 139.79 136.98 134.47 132.30 130.48 128.98 127.75 126.74 125.87 125.12 124.51 124.09 123.85 123.78 123.85 124.03 124.32 124.68 125.09 125.53 125.98 126.41 126.80 127.14 127.39 127.54 127.56 127.43 127.13 126.63 125.93 125.00 123.86 122.52 121.13 119.76 118.42 117.08 115.74 114.41 113.10 111.81 110.56 109.36 108.21 107.12 106.10 105.17 104.32 103.57 102.92 102.39 101.99 101.72 101.59 101.61 101.79 102.13 102.63 103.28 104.07 104.95 105.91 106.98 108.14 109.40 110.74 112.16 113.63 115.15
140.93 137.99 135.34 133.01 131.03 129.37 128.00 126.91 126.02 125.27 124.63 124.09 123.67 123.42 123.34 123.39 123.57 123.84 124.18 124.58 125.00 125.43 125.84 126.22 126.54 126.77 126.89 126.89 126.74 126.42 125.90 125.19 124.28 123.16 121.85 120.49 119.14 117.82 116.53 115.25 113.98 112.72 111.49 110.29 109.13 108.02 106.97 105.99 105.09 104.28 103.55 102.94 102.43 102.05 101.80 101.68 101.71 101.90 102.23 102.71 103.36 104.13 104.99 105.94 106.96 108.08 109.28 110.58 111.94 113.37 114.86
139.20 136.39 133.89 131.73 129.90 128.38 127.15 126.17 125.40 124.76 124.21 123.76 123.40 123.16 123.05 123.09 123.25 123.50 123.82 124.20 124.60 125.01 125.40 125.75 126.05 126.25 126.35 126.33 126.15 125.80 125.28 124.57 123.68 122.58 121.30 119.96 118.63 117.33 116.06 114.82 113.61 112.41 111.22 110.07 108.96 107.89 106.88 105.94 105.07 104.29 103.59 103.00 102.52 102.15 101.92 101.82 101.85 102.03 102.36 102.83 103.47 104.23 105.08 106.02 107.02 108.10 109.26 110.50 111.82 113.20 114.64
137.65 134.96 132.60 130.59 128.90 127.51 126.40 125.54 124.88 124.33 123.88 123.51 123.23 123.02 122.91 122.93 123.06 123.29 123.59 123.94 124.32 124.70 125.06 125.39 125.65 125.83 125.90 125.84 125.64 125.28 124.75 124.05 123.17 122.10 120.84 119.53 118.23 116.94 115.69 114.47 113.30 112.14 111.01 109.91 108.84 107.81 106.84 105.93 105.10 104.34 103.67 103.11 102.64 102.30 102.08 101.98 102.02 102.19 102.51 102.99 103.62 104.37 105.21 106.14 107.14 108.20 109.32 110.51 111.78 113.12 114.51
136.24 133.67 131.46 129.59 128.03 126.77 125.77 125.02 124.45 123.99 123.62 123.33 123.11 122.96 122.88 122.89 122.99 123.19 123.46 123.78 124.13 124.48 124.81 125.11 125.34 125.48 125.52 125.43 125.20 124.83 124.31 123.62 122.75 121.70 120.48 119.19 117.92 116.65 115.41 114.20 113.04 111.93 110.84 109.78 108.75 107.77 106.83 105.96 105.15 104.43 103.78 103.24 102.80 102.47 102.25 102.16 102.20 102.38 102.70 103.17 103.80 104.55 105.38 106.30 107.29 108.34 109.45 110.61 111.83 113.12 114.47
134.97 132.54 130.47 128.72 127.29 126.14 125.25 124.59 124.12 123.74 123.44 123.21 123.05 122.96 122.92 122.94 123.02 123.19 123.43 123.71 124.03 124.34 124.64 124.90 125.09 125.19 125.20 125.08 124.84 124.46 123.93 123.25 122.40 121.38 120.18 118.93 117.68 116.44 115.21 114.02 112.86 111.76 110.70 109.69 108.70 107.75 106.85 106.01 105.23 104.53 103.91 103.39 102.96 102.65 102.44 102.36 102.41 102.59 102.91 103.38 104.01 104.75 105.59 106.50 107.49 108.53 109.64 110.78 111.97 113.21 114.51
133.85 131.56 129.62 128.00 126.68 125.64 124.84 124.27 123.88 123.57 123.34 123.17 123.05 123.00 123.00 123.04 123.13 123.27 123.47 123.71 123.99 124.26 124.52 124.74 124.89 124.95 124.92 124.78 124.52 124.14 123.62 122.94 122.11 121.11 119.95 118.73 117.51 116.29 115.08 113.90 112.75 111.65 110.60 109.61 108.66 107.75 106.89 106.07 105.33 104.65 104.05 103.55 103.14 102.83 102.64 102.57 102.62 102.81 103.14 103.61 104.24 104.99 105.83 106.74 107.72 108.77 109.86 111.00 112.18 113.39 114.65
132.90 130.74 128.92 127.41 126.20 125.25 124.55 124.06 123.73 123.49 123.31 123.19 123.11 123.09 123.11 123.17 123.27 123.40 123.56 123.77 124.00 124.23 124.44 124.61 124.72 124.74 124.68 124.52 124.25 123.86 123.34 122.68 121.87 120.90 119.77 118.58 117.38 116.19 115.00 113.83 112.69 111.59 110.54 109.56 108.63 107.76 106.92 106.14 105.42 104.77 104.19 103.70 103.31 103.02 102.85 102.79 102.85 103.05 103.38 103.87 104.50 105.26 106.10 107.01 107.99 109.04 110.13 111.27 112.45 113.65 114.87
132.10 130.06 128.36 126.96 125.84 124.98 124.36 123.94 123.68 123.49 123.36 123.27 123.23 123.23 123.27 123.34 123.44 123.56 123.70 123.86 124.04 124.23 124.39 124.51 124.57 124.56 124.47 124.29 124.00 123.61 123.10 122.45 121.66 120.71 119.62 118.47 117.30 116.12 114.95 113.80 112.67 111.58 110.53 109.54 108.61 107.76 106.95 106.20 105.50 104.87 104.32 103.85 103.48 103.21 103.05 103.01 103.09 103.30 103.65 104.14 104.78 105.54 106.39 107.31 108.30 109.34 110.44 111.58 112.75 113.95 115.17
131.47 129.55 127.95 126.64 125.62 124.84 124.28 123.92 123.71 123.57 123.48 123.42 123.41 123.42 123.47 123.54 123.63 123.73 123.85 123.98 124.11 124.24 124.34 124.41 124.43 124.38 124.27 124.07 123.77 123.38 122.87 122.23 121.46 120.55 119.49 118.37 117.23 116.08 114.93 113.80 112.68 111.59 110.54 109.55 108.62 107.75 106.97 106.24 105.57 104.96 104.43 103.99 103.65 103.40 103.26 103.23 103.33 103.55 103.92 104.42 105.08 105.85 106.71 107.63 108.63 109.68 110.78 111.93 113.10 114.30 115.52
131.00 129.18 127.68 126.46 125.51 124.80 124.31 124.01 123.84 123.74 123.67 123.64 123.64 123.66 123.70 123.76 123.84 123.92 124.00 124.09 124.17 124.24 124.29 124.31 124.28 124.21 124.06 123.84 123.54 123.14 122.64 122.02 121.27 120.38 119.37 118.28 117.18 116.05 114.93 113.80 112.70 111.62 110.57 109.58 108.64 107.76 106.97 106.25 105.61 105.03 104.53 104.12 103.80 103.57 103.46 103.45 103.57 103.82 104.20 104.72 105.39 106.17 107.04 107.98 108.99 110.05 111.16 112.31 113.49 114.70 115.92
130.68 128.96 127.55 126.41 125.54 124.89 124.45 124.19 124.06 123.98 123.94 123.92 123.92 123.94 123.98 124.02 124.07 124.11 124.16 124.20 124.22 124.23 124.22 124.19 124.12 124.01 123.84 123.61 123.29 122.89 122.40 121.79 121.07 120.22 119.24 118.19 117.11 116.02 114.91 113.81 112.72 111.65 110.61 109.61 108.66 107.78 106.97 106.24 105.62 105.08 104.61 104.23 103.94 103.74 103.65 103.67 103.81 104.08 104.48 105.02 105.71 106.51 107.39 108.35 109.37 110.44 111.56 112.72 113.91 115.12 116.35
130.53 128.90 127.56 126.50 125.68 125.09 124.69 124.47 124.37 124.31 124.28 124.26 124.26 124.27 124.29 124.30 124.32 124.32 124.32 124.30 124.25 124.19 124.12 124.03 123.93 123.78 123.59 123.34 123.02 122.62 122.13 121.54 120.84 120.02 119.08 118.08 117.03 115.97 114.89 113.80 112.72 111.66 110.62 109.63 108.67 107.78 106.97 106.24 105.62 105.10 104.67 104.32 104.06 103.89 103.83 103.88 104.05 104.34 104.76 105.33 106.04 106.86 107.76 108.73 109.76 110.85 111.99 113.16 114.36 115.59 116.82
130.54 128.98 127.72 126.71 125.95 125.40 125.04 124.85 124.76 124.72 124.69 124.67 124.66 124.64 124.63 124.61 124.58 124.54 124.47 124.38 124.26 124.13 123.98 123.84 123.69 123.51 123.30 123.03 122.70 122.31 121.83 121.26 120.58 119.80 118.90 117.93 116.92 115.88 114.83 113.76 112.70 111.65 110.62 109.62 108.67 107.78 106.97 106.25 105.62 105.11 104.70 104.39 104.16 104.03 104.00 104.08 104.28 104.60 105.05 105.64 106.37 107.21 108.13 109.13 110.18 111.28 112.44 113.62 114.84 116.08 117.33
130.70 129.22 128.01 127.06 126.34 125.83 125.50 125.32 125.25 125.21 125.17 125.14 125.10 125.06 125.01 124.95 124.87 124.76 124.62 124.45 124.26 124.05 123.83 123.61 123.39 123.18 122.94 122.66 122.33 121.94 121.47 120.92 120.27 119.52 118.66 117.73 116.76 115.75 114.72 113.68 112.63 111.59 110.57 109.58 108.63 107.76 106.96 106.25 105.63 105.12 104.72 104.43 104.24 104.15 104.15 104.27 104.49 104.85 105.33 105.94 106.70 107.57 108.52 109.53 110.61 111.73 112.90 114.11 115.35 116.60 117.87
131.02 129.60 128.45 127.54 126.86 126.37 126.06 125.89 125.82 125.77 125.72 125.66 125.60 125.52 125.43 125.31 125.17 124.99 124.77 124.51 124.24 123.95 123.65 123.35 123.06 122.79 122.52 122.23 121.89 121.50 121.04 120.51 119.89 119.18 118.36 117.48 116.54 115.57 114.56 113.54 112.51 111.48 110.47 109.50 108.58 107.72 106.94 106.24 105.64 105.13 104.74 104.46 104.30 104.24 104.28 104.43 104.70 105.08 105.60 106.24 107.03 107.93 108.90 109.94 111.04 112.19 113.39 114.62 115.87 117.15 118.46
131.47 130.12 129.02 128.15 127.49 127.03 126.72 126.55 126.48 126.41 126.34 126.25 126.15 126.03 125.88 125.70 125.47 125.21 124.90 124.56 124.20 123.83 123.45 123.07 122.70 122.35 122.02 121.71 121.37 120.98 120.54 120.03 119.44 118.76 117.99 117.14 116.25 115.30 114.33 113.33 112.32 111.31 110.32 109.38 108.49 107.66 106.90 106.23 105.64 105.14 104.76 104.48 104.33 104.31 104.39 104.58 104.88 105.31 105.85 106.54 107.36 108.29 109.29 110.36 111.49 112.67 113.89 115.14 116.42 117.74 119.08
