data_processed/recharge/precip/Precip_2005_06.asc
ncols        168
nrows        136
xllcorner    455000
yllcorner    2107000
cellsize     500
NODATA_value     -99999
[rows 33 to 65 of 136, columns 0 to 73 of 168]
167.66 166.23 164.73 163.05 161.18 159.14 156.96 154.66 152.28 149.82 147.33 144.82 142.32 139.86 137.46 135.10 132.77 130.45 128.16 125.89 123.64 121.41 119.20 117.00 114.81 112.64 110.49 108.33 106.17 103.99 101.82 99.64 97.46 95.28 93.11 90.96 88.81 86.68 84.58 82.49 80.43 78.40 76.41 74.44 72.52 70.64 68.80 67.01 65.27 63.59 61.96 60.39 58.89 57.45 56.08 54.77 53.50 52.24 51.01 49.82 48.66 47.53 46.46 45.43 44.45 43.54 42.68 41.89 41.13 40.37 39.62 38.88 38.14 37.42
168.03 166.74 165.39 163.95 162.34 160.55 158.58 156.48 154.27 151.96 149.60 147.19 144.78 142.38 140.01 137.68 135.37 133.07 130.80 128.54 126.30 124.07 121.86 119.66 117.48 115.30 113.12 110.93 108.72 106.51 104.29 102.07 99.85 97.63 95.42 93.22 91.03 88.86 86.70 84.57 82.47 80.39 78.34 76.33 74.36 72.42 70.53 68.69 66.90 65.16 63.48 61.85 60.29 58.80 57.37 56.02 54.73 53.47 52.24 51.05 49.89 48.76 47.69 46.66 45.69 44.78 43.92 43.13 42.37 41.62 40.87 40.13 39.39 38.67
168.52 167.36 166.13 164.83 163.44 161.89 160.15 158.25 156.21 154.06 151.82 149.52 147.19 144.85 142.52 140.22 137.93 135.66 133.41 131.17 128.94 126.72 124.51 122.32 120.13 117.93 115.72 113.50 111.26 109.01 106.75 104.49 102.23 99.98 97.73 95.48 93.26 91.04 88.84 86.67 84.52 82.40 80.30 78.25 76.23 74.24 72.31 70.42 68.57 66.78 65.05 63.38 61.76 60.21 58.73 57.33 55.99 54.72 53.49 52.30 51.14 50.02 48.94 47.92 46.95 46.03 45.19 44.40 43.64 42.88 42.14 41.40 40.66 39.94
169.13 168.09 166.97 165.78 164.52 163.17 161.65 159.95 158.09 156.09 153.99 151.80 149.56 147.28 145.00 142.73 140.47 138.22 135.99 133.76 131.55 129.34 127.14 124.95 122.75 120.53 118.29 116.03 113.76 111.48 109.19 106.90 104.60 102.31 100.02 97.75 95.48 93.23 90.99 88.78 86.59 84.42 82.29 80.19 78.12 76.10 74.12 72.18 70.29 68.46 66.67 64.95 63.29 61.69 60.16 58.70 57.32 56.01 54.77 53.57 52.41 51.29 50.22 49.19 48.23 47.32 46.47 45.69 44.93 44.18 43.43 42.69 41.96 41.24
169.85 168.92 167.91 166.82 165.66 164.42 163.08 161.59 159.91 158.07 156.10 154.03 151.87 149.66 147.42 145.18 142.96 140.74 138.53 136.32 134.13 131.94 129.75 127.55 125.32 123.08 120.81 118.53 116.23 113.92 111.60 109.27 106.95 104.63 102.31 99.99 97.69 95.41 93.14 90.89 88.66 86.46 84.29 82.15 80.04 77.98 75.96 73.98 72.05 70.17 68.34 66.57 64.87 63.22 61.65 60.14 58.71 57.35 56.07 54.86 53.70 52.59 51.51 50.49 49.53 48.62 47.78 46.99 46.24 45.49 44.75 44.01 43.28 42.56
170.68 169.87 168.96 167.96 166.88 165.72 164.48 163.15 161.65 159.98 158.15 156.19 154.12 151.98 149.79 147.59 145.40 143.21 141.02 138.84 136.67 134.49 132.30 130.09 127.84 125.57 123.28 120.97 118.65 116.31 113.97 111.62 109.27 106.92 104.57 102.23 99.90 97.58 95.28 92.99 90.73 88.50 86.29 84.12 81.98 79.88 77.82 75.80 73.83 71.91 70.05 68.24 66.49 64.81 63.19 61.63 60.16 58.75 57.43 56.18 55.02 53.90 52.83 51.81 50.85 49.94 49.10 48.33 47.57 46.83 46.09 45.35 44.62 43.90
171.62 170.91 170.10 169.19 168.19 167.10 165.93 164.68 163.33 161.81 160.12 158.28 156.31 154.24 152.10 149.94 147.78 145.63 143.47 141.32 139.17 136.99 134.79 132.56 130.29 128.00 125.69 123.37 121.02 118.66 116.30 113.93 111.55 109.17 106.80 104.43 102.08 99.73 97.40 95.09 92.80 90.54 88.30 86.10 83.92 81.79 79.70 77.64 75.64 73.69 71.79 69.94 68.15 66.43 64.77 63.18 61.66 60.22 58.85 57.56 56.36 55.24 54.17 53.15 52.19 51.29 50.45 49.68 48.93 48.19 47.45 46.71 45.99 45.27
172.66 172.05 171.33 170.50 169.57 168.55 167.44 166.24 164.96 163.57 162.02 160.30 158.43 156.44 154.35 152.23 150.11 147.99 145.87 143.74 141.60 139.41 137.20 134.95 132.67 130.37 128.05 125.70 123.34 120.96 118.58 116.19 113.79 111.40 109.00 106.61 104.23 101.86 99.51 97.17 94.86 92.57 90.30 88.07 85.87 83.71 81.58 79.50 77.47 75.48 73.55 71.67 69.85 68.09 66.39 64.77 63.21 61.73 60.32 59.00 57.75 56.60 55.52 54.51 53.55 52.65 51.82 51.05 50.31 49.57 48.83 48.10 47.37 46.65
173.81 173.28 172.64 171.89 171.04 170.08 169.02 167.86 166.62 165.28 163.84 162.24 160.47 158.56 156.53 154.45 152.37 150.29 148.20 146.09 143.94 141.75 139.52 137.27 134.98 132.66 130.33 127.97 125.59 123.21 120.81 118.40 115.99 113.57 111.16 108.76 106.36 103.97 101.59 99.24 96.90 94.59 92.30 90.04 87.82 85.63 83.48 81.37 79.31 77.29 75.33 73.42 71.57 69.78 68.05 66.39 64.80 63.28 61.84 60.48 59.21 58.01 56.91 55.89 54.93 54.04 53.21 52.44 51.70 50.97 50.23 49.51 48.78 48.05
175.04 174.61 174.04 173.36 172.57 171.66 170.65 169.54 168.32 167.01 165.61 164.10 162.43 160.60 158.62 156.60 154.56 152.52 150.45 148.34 146.18 143.99 141.76 139.49 137.20 134.88 132.53 130.17 127.78 125.38 122.97 120.55 118.13 115.70 113.28 110.85 108.44 106.04 103.64 101.27 98.91 96.58 94.27 92.00 89.75 87.54 85.37 83.24 81.15 79.11 77.12 75.19 73.31 71.49 69.73 68.05 66.43 64.88 63.41 62.02 60.71 59.48 58.34 57.29 56.33 55.44 54.62 53.86 53.12 52.39 51.66 50.93 50.20 49.47
176.38 176.02 175.53 174.91 174.17 173.32 172.34 171.26 170.07 168.78 167.39 165.90 164.31 162.55 160.64 158.66 156.67 154.66 152.59 150.48 148.32 146.13 143.90 141.63 139.33 137.01 134.66 132.28 129.89 127.49 125.07 122.64 120.21 117.77 115.34 112.90 110.48 108.06 105.66 103.27 100.90 98.55 96.23 93.93 91.67 89.44 87.25 85.10 82.99 80.93 78.92 76.96 75.06 73.22 71.44 69.73 68.08 66.51 65.01 63.59 62.25 60.99 59.82 58.75 57.76 56.87 56.05 55.29 54.56 53.83 53.10 52.37 51.63 50.89
177.80 177.51 177.09 176.53 175.84 175.03 174.09 173.03 171.86 170.58 169.20 167.71 166.12 164.42 162.57 160.64 158.68 156.67 154.61 152.51 150.35 148.16 145.93 143.67 141.37 139.04 136.69 134.32 131.93 129.52 127.10 124.66 122.22 119.78 117.34 114.90 112.47 110.04 107.63 105.23 102.85 100.49 98.15 95.84 93.57 91.32 89.12 86.95 84.83 82.75 80.72 78.74 76.82 74.96 73.16 71.42 69.76 68.16 66.64 65.19 63.83 62.55 61.35 60.25 59.23 58.32 57.49 56.74 56.01 55.28 54.55 53.81 53.07 52.33
179.31 179.09 178.73 178.22 177.57 176.79 175.89 174.85 173.69 172.42 171.03 169.53 167.93 166.22 164.40 162.51 160.57 158.57 156.51 154.41 152.27 150.08 147.86 145.60 143.30 140.98 138.63 136.26 133.87 131.46 129.04 126.61 124.17 121.72 119.28 116.83 114.40 111.96 109.54 107.14 104.75 102.38 100.04 97.72 95.43 93.18 90.96 88.78 86.65 84.55 82.51 80.52 78.58 76.71 74.89 73.13 71.45 69.83 68.29 66.82 65.44 64.13 62.91 61.79 60.75 59.81 58.96 58.21 57.48 56.75 56.01 55.26 54.51 53.76
181.03 180.86 180.53 180.05 179.43 178.67 177.77 176.74 175.57 174.28 172.87 171.34 169.70 167.95 166.16 164.31 162.37 160.38 158.34 156.25 154.11 151.94 149.72 147.47 145.18 142.86 140.52 138.15 135.76 133.36 130.94 128.50 126.07 123.62 121.17 118.73 116.29 113.85 111.43 109.02 106.63 104.25 101.90 99.58 97.28 95.02 92.79 90.60 88.45 86.35 84.29 82.29 80.34 78.45 76.61 74.84 73.14 71.51 69.95 68.46 67.05 65.73 64.49 63.34 62.28 61.32 60.44 59.64 58.89 58.15 57.41 56.66 55.90 55.14
183.13 182.96 182.63 182.14 181.50 180.71 179.77 178.70 177.48 176.13 174.66 173.05 171.34 169.59 167.88 166.10 164.20 162.22 160.19 158.10 155.98 153.81 151.60 149.35 147.07 144.75 142.41 140.05 137.66 135.26 132.84 130.41 127.97 125.52 123.07 120.63 118.18 115.74 113.31 110.90 108.50 106.12 103.76 101.43 99.12 96.85 94.61 92.41 90.25 88.13 86.07 84.05 82.08 80.17 78.32 76.54 74.82 73.16 71.58 70.08 68.65 67.31 66.05 64.87 63.79 62.80 61.87 60.98 60.16 59.40 58.65 57.89 57.14 56.37
185.57 185.36 184.97 184.43 183.72 182.85 181.84 180.67 179.36 177.90 176.31 174.60 172.85 171.17 169.55 167.86 166.03 164.09 162.06 159.99 157.87 155.70 153.50 151.26 148.98 146.67 144.33 141.97 139.58 137.18 134.76 132.33 129.89 127.44 124.99 122.53 120.08 117.64 115.21 112.78 110.38 107.99 105.62 103.28 100.96 98.68 96.43 94.22 92.04 89.91 87.83 85.79 83.81 81.89 80.02 78.22 76.48 74.80 73.20 71.68 70.23 68.86 67.58 66.38 65.27 64.22 63.21 62.23 61.32 60.49 59.72 58.97 58.20 57.44
188.27 187.97 187.49 186.83 186.01 185.02 183.88 182.57 181.12 179.51 177.77 176.00 174.31 172.70 171.17 169.58 167.84 165.97 163.97 161.91 159.79 157.63 155.43 153.19 150.91 148.61 146.27 143.91 141.52 139.12 136.70 134.26 131.82 129.37 126.91 124.45 122.00 119.55 117.10 114.67 112.26 109.86 107.48 105.13 102.80 100.51 98.24 96.02 93.83 91.68 89.58 87.53 85.53 83.59 81.71 79.88 78.12 76.43 74.81 73.26 71.79 70.39 69.09 67.86 66.69 65.56 64.45 63.40 62.40 61.49 60.65 59.87 59.11 58.35
191.16 190.72 190.09 189.28 188.30 187.15 185.82 184.33 182.69 180.89 179.07 177.34 175.71 174.19 172.75 171.25 169.61 167.82 165.90 163.86 161.74 159.59 157.39 155.15 152.88 150.57 148.24 145.87 143.49 141.08 138.66 136.22 133.77 131.31 128.85 126.38 123.92 121.46 119.01 116.57 114.15 111.74 109.35 106.98 104.64 102.33 100.05 97.81 95.61 93.45 91.33 89.26 87.25 85.28 83.38 81.53 79.75 78.03 76.39 74.82 73.32 71.91 70.57 69.28 68.03 66.81 65.62 64.48 63.41 62.41 61.49 60.65 59.87 59.11
194.16 193.53 192.71 191.70 190.51 189.14 187.60 185.88 184.00 182.10 180.30 178.63 177.07 175.63 174.29 172.88 171.33 169.63 167.79 165.82 163.73 161.58 159.38 157.14 154.87 152.56 150.22 147.86 145.47 143.06 140.63 138.19 135.73 133.27 130.80 128.33 125.86 123.39 120.93 118.48 116.04 113.62 111.22 108.84 106.48 104.16 101.87 99.61 97.39 95.21 93.07 90.98 88.95 86.96 85.04 83.17 81.36 79.63 77.96 76.36 74.84 73.39 72.00 70.63 69.29 67.98 66.71 65.49 64.34 63.26 62.26 61.34 60.50 59.72
197.19 196.33 195.27 194.02 192.57 190.94 189.12 187.14 185.13 183.24 181.49 179.87 178.38 177.03 175.77 174.47 173.01 171.40 169.64 167.75 165.73 163.60 161.40 159.16 156.89 154.58 152.24 149.87 147.48 145.06 142.63 140.18 137.72 135.24 132.77 130.29 127.80 125.33 122.85 120.39 117.94 115.51 113.09 110.70 108.33 105.99 103.68 101.40 99.16 96.96 94.81 92.70 90.64 88.64 86.69 84.80 82.97 81.20 79.51 77.89 76.33 74.83 73.35 71.89 70.47 69.08 67.74 66.43 65.20 64.04 62.97 61.97 61.05 60.22
200.17 199.04 197.69 196.14 194.40 192.45 190.34 188.19 186.18 184.33 182.62 181.06 179.65 178.37 177.22 176.01 174.64 173.12 171.45 169.64 167.70 165.63 163.45 161.21 158.93 156.62 154.28 151.91 149.51 147.09 144.64 142.19 139.72 137.24 134.75 132.26 129.77 127.28 124.79 122.32 119.85 117.40 114.97 112.56 110.18 107.82 105.49 103.19 100.93 98.72 96.54 94.41 92.33 90.30 88.33 86.41 84.56 82.77 81.05 79.39 77.78 76.19 74.63 73.09 71.58 70.12 68.69 67.31 66.00 64.77 63.62 62.55 61.55 60.64
203.04 201.58 199.90 198.01 195.91 193.63 191.33 189.17 187.18 185.36 183.70 182.20 180.86 179.67 178.61 177.50 176.23 174.80 173.22 171.49 169.63 167.63 165.51 163.29 161.01 158.70 156.35 153.97 151.56 149.13 146.68 144.22 141.74 139.25 136.75 134.25 131.74 129.24 126.74 124.25 121.77 119.31 116.86 114.43 112.03 109.65 107.30 104.98 102.71 100.46 98.27 96.11 94.01 91.95 89.96 88.01 86.13 84.32 82.56 80.85 79.16 77.48 75.84 74.22 72.63 71.09 69.58 68.13 66.75 65.45 64.22 63.07 62.01 61.02
205.71 203.88 201.82 199.54 197.07 194.57 192.24 190.09 188.13 186.34 184.73 183.29 182.03 180.92 179.96 178.95 177.77 176.43 174.94 173.30 171.51 169.59 167.55 165.38 163.12 160.80 158.44 156.05 153.64 151.20 148.75 146.27 143.78 141.28 138.77 136.25 133.73 131.21 128.70 126.20 123.70 121.22 118.75 116.30 113.88 111.48 109.11 106.78 104.48 102.21 99.99 97.81 95.68 93.60 91.58 89.61 87.70 85.85 84.04 82.25 80.47 78.71 76.98 75.28 73.62 72.00 70.42 68.90 67.45 66.07 64.78 63.56 62.42 61.36
208.11 205.85 203.37 200.68 197.96 195.43 193.09 190.96 189.02 187.27 185.71 184.33 183.14 182.12 181.25 180.34 179.27 178.02 176.61 175.06 173.36 171.52 169.54 167.45 165.24 162.93 160.56 158.17 155.75 153.30 150.83 148.34 145.84 143.33 140.80 138.27 135.74 133.21 130.68 128.15 125.64 123.14 120.65 118.19 115.74 113.32 110.93 108.57 106.25 103.96 101.71 99.51 97.35 95.25 93.19 91.20 89.25 87.35 85.45 83.57 81.71 79.88 78.07 76.29 74.56 72.86 71.21 69.62 68.10 66.65 65.29 64.00 62.79 61.67
210.16 207.44 204.50 201.54 198.77 196.22 193.89 191.77 189.85 188.14 186.63 185.32 184.20 183.27 182.50 181.69 180.71 179.56 178.25 176.78 175.16 173.39 171.50 169.47 167.33 165.07 162.72 160.31 157.88 155.42 152.94 150.44 147.93 145.40 142.86 140.31 137.76 135.21 132.66 130.12 127.59 125.07 122.56 120.08 117.61 115.17 112.75 110.37 108.02 105.71 103.43 101.20 99.02 96.88 94.80 92.77 90.77 88.78 86.80 84.84 82.90 80.99 79.10 77.25 75.44 73.68 71.96 70.30 68.71 67.20 65.77 64.41 63.14 61.95
211.79 208.58 205.34 202.32 199.52 196.96 194.63 192.52 190.64 188.96 187.51 186.26 185.21 184.37 183.70 183.00 182.11 181.06 179.83 178.45 176.91 175.23 173.41 171.46 169.38 167.19 164.88 162.49 160.04 157.57 155.08 152.56 150.03 147.49 144.93 142.37 139.80 137.23 134.67 132.11 129.55 127.01 124.48 121.97 119.49 117.02 114.58 112.17 109.79 107.45 105.15 102.89 100.68 98.52 96.40 94.31 92.23 90.16 88.10 86.06 84.04 82.05 80.09 78.16 76.28 74.45 72.67 70.94 69.29 67.71 66.22 64.80 63.46 62.20
212.94 209.40 206.09 203.03 200.21 197.64 195.31 193.22 191.36 189.73 188.32 187.14 186.17 185.42 184.85 184.25 183.47 182.50 181.37 180.08 178.63 177.02 175.28 173.40 171.39 169.26 167.02 164.67 162.23 159.75 157.24 154.71 152.16 149.60 147.03 144.45 141.86 139.27 136.69 134.11 131.53 128.97 126.42 123.88 121.37 118.88 116.41 113.98 111.57 109.20 106.87 104.59 102.34 100.14 97.97 95.80 93.63 91.48 89.34 87.22 85.13 83.06 81.03 79.04 77.09 75.19 73.34 71.55 69.84 68.20 66.64 65.16 63.76 62.44
213.76 210.13 206.77 203.68 200.84 198.27 195.94 193.86 192.03 190.44 189.09 187.97 187.08 186.42 185.95 185.45 184.77 183.91 182.87 181.66 180.29 178.77 177.11 175.30 173.36 171.30 169.12 166.83 164.43 161.95 159.43 156.88 154.32 151.74 149.15 146.55 143.94 141.33 138.72 136.12 133.52 130.93 128.36 125.80 123.26 120.74 118.25 115.79 113.35 110.96 108.60 106.28 104.00 101.74 99.49 97.23 94.99 92.75 90.54 88.34 86.17 84.03 81.93 79.87 77.86 75.89 73.98 72.14 70.36 68.66 67.04 65.50 64.04 62.66
214.49 210.80 207.40 204.27 201.41 198.83 196.51 194.45 192.64 191.09 189.80 188.74 187.93 187.36 187.00 186.61 186.02 185.26 184.31 183.20 181.92 180.48 178.89 177.16 175.29 173.30 171.18 168.95 166.61 164.17 161.64 159.08 156.50 153.90 151.29 148.67 146.04 143.41 140.78 138.15 135.53 132.92 130.32 127.73 125.16 122.62 120.10 117.60 115.14 112.71 110.32 107.97 105.63 103.29 100.95 98.62 96.29 93.98 91.69 89.42 87.18 84.98 82.81 80.68 78.60 76.58 74.61 72.70 70.87 69.11 67.43 65.83 64.32 62.88
215.15 211.40 207.96 204.80 201.92 199.33 197.01 194.97 193.20 191.69 190.45 189.46 188.73 188.25 188.00 187.71 187.23 186.56 185.71 184.69 183.49 182.14 180.63 178.97 177.18 175.25 173.20 171.03 168.74 166.36 163.87 161.31 158.71 156.09 153.45 150.81 148.16 145.51 142.85 140.20 137.55 134.91 132.28 129.67 127.08 124.50 121.95 119.43 116.93 114.47 112.05 109.63 107.21 104.79 102.37 99.96 97.56 95.17 92.81 90.47 88.16 85.89 83.65 81.46 79.32 77.24 75.21 73.25 71.36 69.55 67.81 66.16 64.58 63.09
215.74 211.94 208.45 205.26 202.37 199.77 197.46 195.44 193.70 192.23 191.05 190.13 189.48 189.09 188.94 188.76 188.38 187.82 187.06 186.13 185.02 183.75 182.32 180.75 179.02 177.17 175.18 173.07 170.84 168.51 166.07 163.54 160.94 158.30 155.64 152.98 150.30 147.62 144.94 142.27 139.59 136.92 134.27 131.63 129.00 126.40 123.81 121.26 118.73 116.24 113.75 111.26 108.76 106.25 103.76 101.27 98.79 96.33 93.90 91.49 89.11 86.78 84.48 82.23 80.03 77.88 75.80 73.78 71.84 69.98 68.19 66.48 64.85 63.31
216.27 212.41 208.88 205.66 202.75 200.15 197.85 195.84 194.13 192.72 191.59 190.74 190.17 189.88 189.83 189.76 189.49 189.02 188.36 187.52 186.51 185.32 183.97 182.47 180.83 179.04 177.11 175.07 172.90 170.62 168.24 165.75 163.18 160.54 157.86 155.17 152.47 149.76 147.06 144.35 141.65 138.95 136.27 133.59 130.94 128.30 125.69 123.10 120.53 117.98 115.41 112.84 110.26 107.68 105.11 102.54 100.00 97.47 94.96 92.49 90.05 87.65 85.29 82.98 80.72 78.52 76.38 74.32 72.32 70.41 68.57 66.81 65.13 63.53
216.73 212.82 209.25 206.00 203.07 200.46 198.17 196.19 194.51 193.14 192.07 191.29 190.81 190.61 190.67 190.71 190.54 190.17 189.61 188.87 187.94 186.84 185.58 184.16 182.58 180.87 179.01 177.03 174.92 172.70 170.36 167.93 165.40 162.78 160.10 157.38 154.66 151.93 149.19 146.46 143.72 141.00 138.28 135.58 132.89 130.22 127.57 124.94 122.32 119.69 117.04 114.38 111.73 109.07 106.43 103.79 101.17 98.58 96.01 93.47 90.97 88.50 86.09 83.72 81.41 79.15 76.97 74.85 72.81 70.84 68.95 67.15 65.42 63.77
