data_processed/recharge/precip/Precip_1984_06.asc
ncols        168
nrows        136
xllcorner    455000
yllcorner    2107000
cellsize     500
NODATA_value     -99999
[rows 0 to 31 of 136, columns 0 to 72 of 168]
298.35 295.33 291.24 286.92 282.56 278.13 273.65 269.10 264.49 259.81 255.06 250.24 245.37 240.50 235.70 231.02 226.53 222.28 218.25 214.23 210.19 206.18 202.21 198.32 194.56 191.02 187.88 185.16 182.86 180.95 179.42 178.28 177.50 177.09 177.07 177.62 178.81 180.60 182.95 185.82 189.16 192.84 196.40 199.69 202.66 205.27 207.45 209.18 210.50 211.59 212.49 213.18 213.62 213.81 213.72 213.32 212.60 211.60 210.58 209.73 209.09 208.66 208.47 208.52 208.82 209.27 209.81 210.43 211.12 211.87 212.65 213.49 214.41
302.13 300.09 296.45 291.76 286.83 281.85 276.80 271.68 266.51 261.26 255.94 250.57 245.21 239.91 234.74 229.76 225.03 220.60 216.43 212.29 208.12 203.97 199.87 195.84 191.92 188.15 184.65 181.56 178.93 176.74 174.97 173.63 172.69 172.21 172.34 173.17 174.64 176.72 179.37 182.55 186.20 190.19 194.07 197.67 200.93 203.83 206.30 208.29 209.77 210.79 211.52 212.00 212.21 212.12 211.72 210.98 209.94 208.88 207.97 207.24 206.72 206.42 206.35 206.53 206.95 207.52 208.17 208.91 209.71 210.57 211.46 212.38 213.34
304.78 303.62 300.91 296.62 291.26 285.65 279.99 274.26 268.46 262.59 256.67 250.77 244.93 239.21 233.69 228.42 223.45 218.85 214.57 210.31 206.03 201.75 197.52 193.37 189.32 185.40 181.67 178.22 175.23 172.72 170.68 169.10 168.02 167.61 167.94 168.97 170.66 172.96 175.83 179.24 183.14 187.37 191.49 195.32 198.82 201.93 204.61 206.80 208.47 209.57 210.15 210.38 210.31 209.90 209.15 208.09 206.98 206.02 205.22 204.61 204.20 204.00 204.04 204.34 204.87 205.55 206.31 207.15 208.06 209.01 210.00 211.02 212.04
306.34 305.91 304.03 300.61 295.60 289.50 283.17 276.76 270.29 263.78 257.27 250.83 244.53 238.41 232.54 226.99 221.81 217.05 212.66 208.30 203.91 199.53 195.18 190.91 186.74 182.70 178.83 175.16 171.81 168.95 166.60 164.80 163.72 163.43 163.88 165.04 166.87 169.32 172.35 175.92 179.99 184.40 188.68 192.68 196.32 199.58 202.40 204.73 206.52 207.73 208.31 208.31 207.91 207.15 206.07 204.92 203.91 203.04 202.34 201.83 201.52 201.43 201.58 201.97 202.61 203.38 204.24 205.18 206.17 207.21 208.29 209.39 210.49
306.84 306.99 305.80 303.15 298.96 293.15 286.27 279.15 271.98 264.82 257.74 250.78 244.02 237.51 231.32 225.49 220.10 215.21 210.72 206.26 201.78 197.30 192.86 188.48 184.19 180.04 176.05 172.26 168.70 165.49 162.84 160.96 159.92 159.67 160.19 161.41 163.31 165.83 168.95 172.61 176.77 181.28 185.67 189.75 193.48 196.82 199.70 202.09 203.93 205.19 205.80 205.72 205.02 203.92 202.74 201.68 200.75 199.97 199.36 198.94 198.72 198.72 198.96 199.44 200.17 201.04 201.98 203.00 204.08 205.19 206.34 207.51 208.69
306.32 306.90 306.24 304.22 300.75 295.72 289.08 281.38 273.52 265.74 258.08 250.62 243.42 236.53 230.01 223.93 218.35 213.32 208.75 204.22 199.65 195.09 190.55 186.08 181.70 177.44 173.35 169.45 165.77 162.40 159.64 157.72 156.64 156.38 156.87 158.09 159.98 162.51 165.64 169.32 173.51 178.05 182.46 186.56 190.31 193.64 196.52 198.90 200.73 201.95 202.53 202.41 201.61 200.47 199.36 198.37 197.52 196.82 196.30 195.95 195.81 195.89 196.21 196.77 197.58 198.52 199.55 200.64 201.78 202.97 204.18 205.41 206.64
304.81 305.69 305.41 303.86 300.96 296.60 290.71 283.29 274.93 266.52 258.32 250.36 242.73 235.47 228.65 222.32 216.55 211.41 206.76 202.16 197.53 192.89 188.27 183.72 179.25 174.91 170.73 166.73 163.00 159.74 157.07 155.09 153.91 153.55 153.96 155.09 156.91 159.38 162.45 166.07 170.22 174.72 179.08 183.13 186.81 190.08 192.89 195.18 196.92 198.05 198.52 198.34 197.76 196.93 195.95 195.03 194.25 193.62 193.16 192.88 192.81 192.96 193.34 193.98 194.86 195.87 196.95 198.11 199.31 200.55 201.82 203.10 204.37
302.36 303.37 303.32 302.11 299.64 295.83 290.64 284.04 276.03 267.19 258.44 250.01 241.95 234.34 227.22 220.66 214.73 209.47 204.76 200.11 195.42 190.72 186.04 181.41 176.87 172.46 168.19 164.15 160.56 157.50 155.00 153.05 151.74 151.21 151.46 152.44 154.12 156.45 159.38 162.89 166.92 171.30 175.55 179.48 183.03 186.16 188.81 190.95 192.53 193.49 193.84 193.83 193.59 193.14 192.46 191.66 190.94 190.36 189.96 189.75 189.73 189.94 190.38 191.08 192.01 193.08 194.22 195.42 196.68 197.96 199.27 200.59 201.90
298.99 300.00 300.03 299.01 296.84 293.50 288.93 283.11 275.99 267.58 258.47 249.57 241.11 233.15 225.75 218.97 212.88 207.52 202.77 198.07 193.33 188.58 183.85 179.17 174.57 170.08 165.80 161.91 158.53 155.65 153.29 151.44 150.11 149.39 149.40 150.16 151.62 153.74 156.47 159.78 163.62 167.83 171.89 175.61 178.96 181.88 184.32 186.23 187.57 188.35 188.80 189.06 189.15 189.04 188.74 188.23 187.61 187.09 186.73 186.56 186.60 186.85 187.34 188.08 189.07 190.18 191.37 192.61 193.90 195.22 196.56 197.90 199.20
294.76 295.60 295.58 294.61 292.67 289.70 285.68 280.55 274.29 266.85 258.24 249.06 240.20 231.91 224.24 217.25 211.01 205.57 200.78 196.06 191.28 186.49 181.72 176.99 172.34 167.85 163.73 160.07 156.88 154.16 151.92 150.15 148.86 148.04 147.80 148.27 149.44 151.27 153.73 156.78 160.36 164.30 168.10 171.56 174.64 177.27 179.42 181.04 182.14 182.94 183.60 184.12 184.48 184.68 184.72 184.56 184.23 183.80 183.48 183.35 183.42 183.71 184.24 185.02 186.04 187.19 188.40 189.68 190.99 192.34 193.70 195.01 196.04
289.68 290.22 290.02 289.03 287.22 284.55 280.98 276.47 270.98 264.47 256.91 248.30 239.24 230.62 222.69 215.51 209.14 203.63 198.81 194.07 189.27 184.46 179.65 174.89 170.25 165.94 162.06 158.60 155.59 153.00 150.85 149.14 147.86 147.03 146.63 146.77 147.58 149.07 151.18 153.89 157.14 160.76 164.22 167.34 170.07 172.35 174.14 175.45 176.51 177.45 178.30 179.03 179.63 180.11 180.43 180.61 180.62 180.46 180.22 180.12 180.22 180.53 181.09 181.89 182.94 184.12 185.35 186.64 187.97 189.33 190.66 191.72 192.33
283.82 283.93 283.46 282.37 280.61 278.15 274.94 270.96 266.16 260.51 253.95 246.46 238.05 229.31 221.13 213.76 207.27 201.70 196.87 192.12 187.31 182.48 177.66 172.92 168.48 164.42 160.75 157.49 154.61 152.14 150.06 148.38 147.10 146.21 145.73 145.66 146.08 147.14 148.84 151.13 153.98 157.20 160.26 162.98 165.28 167.14 168.56 169.76 170.89 171.96 172.95 173.85 174.66 175.36 175.94 176.40 176.72 176.90 176.92 176.89 177.00 177.34 177.91 178.73 179.80 180.98 182.23 183.53 184.86 186.18 187.26 187.92 188.17
277.22 276.82 276.00 274.71 272.92 270.59 267.67 264.14 259.95 255.05 249.43 243.02 235.81 227.79 219.55 212.01 205.41 199.79 194.96 190.22 185.41 180.58 175.80 171.27 167.09 163.26 159.79 156.68 153.93 151.54 149.51 147.83 146.52 145.57 144.98 144.76 144.90 145.51 146.72 148.53 150.90 153.66 156.25 158.47 160.29 161.71 162.95 164.17 165.35 166.49 167.59 168.63 169.59 170.48 171.29 171.99 172.58 173.06 173.41 173.63 173.80 174.14 174.72 175.54 176.61 177.80 179.05 180.35 181.64 182.71 183.41 183.73 183.69
269.99 269.00 267.74 266.18 264.27 261.98 259.27 256.10 252.43 248.22 243.43 238.03 231.98 225.23 217.79 210.27 203.57 197.91 193.09 188.37 183.58 178.80 174.24 169.99 166.06 162.44 159.14 156.17 153.51 151.18 149.16 147.47 146.11 145.06 144.35 143.95 143.89 144.15 144.85 146.10 147.93 150.14 152.19 153.86 155.18 156.36 157.54 158.74 159.93 161.11 162.28 163.41 164.50 165.54 166.51 167.42 168.25 168.99 169.63 170.16 170.57 170.96 171.53 172.35 173.42 174.60 175.84 177.08 178.14 178.85 179.23 179.27 178.98
262.24 260.57 258.79 256.87 254.76 252.43 249.84 246.95 243.72 240.10 236.08 231.59 226.61 221.10 215.01 208.37 201.75 196.08 191.28 186.59 181.87 177.33 173.06 169.07 165.35 161.92 158.78 155.91 153.32 151.02 149.01 147.27 145.83 144.67 143.79 143.21 142.91 142.90 143.19 143.87 145.08 146.68 148.10 149.21 150.22 151.28 152.38 153.52 154.68 155.86 157.05 158.24 159.41 160.56 161.67 162.75 163.77 164.73 165.62 166.42 167.14 167.75 168.37 169.17 170.22 171.38 172.57 173.58 174.30 174.71 174.82 174.64 174.18
254.06 251.63 249.25 246.88 244.49 242.04 239.48 236.78 233.91 230.81 227.46 223.81 219.82 215.46 210.69 205.46 199.80 194.29 189.53 184.92 180.45 176.22 172.22 168.46 164.95 161.68 158.66 155.87 153.34 151.04 149.00 147.20 145.65 144.35 143.29 142.49 141.94 141.64 141.59 141.80 142.36 143.28 144.07 144.81 145.63 146.53 147.51 148.55 149.65 150.79 151.96 153.16 154.38 155.60 156.81 158.01 159.19 160.33 161.43 162.47 163.45 164.36 165.18 166.02 167.04 168.15 169.11 169.80 170.23 170.39 170.30 169.96 169.39
245.57 242.29 239.23 236.33 233.57 230.91 228.31 225.72 223.11 220.45 217.69 214.79 211.71 208.42 204.88 201.04 196.88 192.39 187.91 183.56 179.40 175.45 171.71 168.16 164.82 161.69 158.76 156.04 153.52 151.21 149.12 147.23 145.55 144.08 142.82 141.78 140.94 140.32 139.92 139.73 139.76 140.02 140.38 140.86 141.46 142.17 142.98 143.89 144.88 145.94 147.06 148.24 149.46 150.71 151.98 153.27 154.56 155.84 157.11 158.35 159.56 160.72 161.82 162.86 163.88 164.77 165.42 165.84 166.04 166.02 165.79 165.36 164.73
237.24 233.04 229.21 225.71 222.51 219.56 216.83 214.28 211.87 209.56 207.31 205.08 202.84 200.54 198.15 195.63 192.93 190.06 186.82 182.95 179.09 175.38 171.84 168.47 165.26 162.22 159.35 156.65 154.11 151.75 149.56 147.54 145.69 144.01 142.51 141.18 140.03 139.05 138.25 137.63 137.23 137.14 137.20 137.40 137.75 138.24 138.86 139.60 140.45 141.40 142.44 143.56 144.75 146.01 147.31 148.65 150.03 151.43 152.83 154.24 155.65 157.03 158.38 159.69 160.82 161.49 161.88 162.07 162.08 161.92 161.59 161.10 160.47
229.82 224.63 219.97 215.81 212.10 208.80 205.88 203.30 201.02 199.00 197.20 195.58 194.11 192.74 191.43 190.16 188.91 187.73 186.25 183.58 180.09 176.56 173.16 169.89 166.75 163.73 160.85 158.10 155.48 152.99 150.64 148.41 146.33 144.38 142.56 140.88 139.34 137.94 136.67 135.60 134.92 134.65 134.50 134.43 134.52 134.77 135.18 135.75 136.44 137.27 138.22 139.27 140.42 141.66 142.98 144.37 145.82 147.31 148.85 150.42 152.00 153.59 155.18 156.70 158.02 158.76 158.97 158.94 158.77 158.47 158.05 157.52 156.88
223.50 217.26 211.71 206.82 202.53 198.83 195.65 192.98 190.77 188.97 187.56 186.48 185.72 185.21 184.94 184.88 185.10 185.54 185.72 184.65 182.19 178.92 175.59 172.35 169.20 166.14 163.17 160.30 157.52 154.84 152.25 149.75 147.36 145.06 142.86 140.76 138.75 136.85 135.11 133.77 132.94 132.51 132.19 131.92 131.76 131.77 131.96 132.34 132.87 133.57 134.41 135.38 136.48 137.70 139.03 140.45 141.95 143.54 145.19 146.90 148.66 150.45 152.21 153.90 155.39 156.33 156.63 156.47 156.12 155.69 155.18 154.60 153.96
218.37 211.02 204.52 198.83 193.91 189.73 186.24 183.41 181.20 179.57 178.48 177.89 177.76 178.06 178.79 179.99 181.62 183.52 185.19 185.60 184.55 182.15 178.96 175.68 172.45 169.27 166.15 163.09 160.08 157.12 154.23 151.39 148.61 145.90 143.24 140.64 138.11 135.70 133.70 132.24 131.28 130.70 130.23 129.81 129.46 129.23 129.20 129.37 129.74 130.29 131.01 131.89 132.93 134.12 135.44 136.88 138.44 140.10 141.86 143.70 145.62 147.55 149.46 151.28 152.91 154.03 154.56 154.52 154.08 153.52 152.92 152.30 151.66
214.53 206.00 198.48 191.93 186.32 181.60 177.73 174.69 172.42 170.89 170.06 169.89 170.34 171.42 173.19 175.58 178.45 181.65 184.66 186.39 186.63 185.46 182.98 179.72 176.34 172.97 169.63 166.30 162.98 159.69 156.42 153.16 149.93 146.72 143.54 140.37 137.31 134.66 132.57 131.01 129.92 129.19 128.58 128.03 127.54 127.15 126.90 126.86 127.04 127.43 128.03 128.81 129.78 130.92 132.22 133.68 135.28 137.01 138.86 140.82 142.85 144.90 146.91 148.84 150.59 151.87 152.59 152.80 152.51 151.90 151.21 150.55 149.91
211.96 202.30 193.70 186.23 179.86 174.53 170.23 166.90 164.51 163.02 162.39 162.57 163.59 165.49 168.23 171.66 175.62 179.95 184.14 187.02 188.39 188.32 186.88 184.18 180.70 177.08 173.43 169.76 166.08 162.37 158.65 154.91 151.15 147.38 143.59 139.87 136.57 133.86 131.70 130.05 128.85 127.99 127.24 126.56 125.96 125.44 125.04 124.79 124.78 125.01 125.46 126.14 127.02 128.11 129.38 130.84 132.47 134.25 136.19 138.23 140.34 142.47 144.56 146.58 148.43 149.83 150.73 151.16 151.13 150.70 150.01 149.31 148.67
210.12 199.90 190.26 181.81 174.61 168.63 163.82 160.15 157.57 156.05 155.56 156.08 157.70 160.37 163.93 168.23 173.11 178.43 183.62 187.50 189.84 190.71 190.19 188.34 185.26 181.41 177.40 173.32 169.19 165.00 160.75 156.45 152.10 147.69 143.32 139.37 136.05 133.30 131.09 129.35 128.04 127.06 126.19 125.39 124.67 124.05 123.54 123.16 122.96 123.01 123.32 123.87 124.66 125.68 126.92 128.37 130.01 131.84 133.83 135.93 138.09 140.27 142.42 144.50 146.41 147.92 148.97 149.59 149.81 149.66 149.18 148.51 147.88
208.51 198.26 188.16 178.77 170.68 163.97 158.60 154.52 151.69 150.09 149.71 150.62 152.79 156.06 160.28 165.29 170.94 177.07 183.12 187.83 190.98 192.64 192.86 191.73 189.32 185.72 181.37 176.81 172.16 167.41 162.57 157.64 152.62 147.60 143.01 139.07 135.74 132.97 130.71 128.90 127.50 126.40 125.41 124.50 123.68 122.96 122.36 121.89 121.57 121.45 121.60 122.02 122.71 123.65 124.84 126.26 127.91 129.76 131.77 133.90 136.09 138.30 140.48 142.59 144.55 146.13 147.31 148.10 148.54 148.65 148.48 148.04 147.49
207.11 196.92 186.86 177.09 168.16 160.66 154.65 150.10 146.97 145.26 145.05 146.31 148.87 152.58 157.29 162.85 169.10 175.89 182.63 188.02 191.82 194.09 194.91 194.34 192.46 189.34 185.07 180.06 174.82 169.45 163.94 158.31 152.65 147.42 142.87 138.96 135.64 132.85 130.55 128.68 127.19 125.98 124.89 123.88 122.96 122.16 121.47 120.93 120.53 120.30 120.30 120.58 121.15 122.00 123.13 124.53 126.16 128.01 130.02 132.14 134.33 136.55 138.74 140.86 142.83 144.47 145.74 146.68 147.31 147.67 147.77 147.67 147.38
205.90 195.83 185.91 176.26 167.03 158.78 152.09 147.00 143.54 141.79 141.71 143.13 145.92 149.92 154.97 160.92 167.61 174.89 182.17 188.07 192.35 195.08 196.33 196.17 194.66 191.88 187.91 182.82 177.01 170.94 164.70 158.40 152.54 147.38 142.90 139.03 135.72 132.93 130.60 128.67 127.10 125.80 124.61 123.51 122.51 121.62 120.86 120.25 119.79 119.50 119.41 119.55 120.00 120.75 121.81 123.16 124.77 126.58 128.56 130.66 132.83 135.02 137.19 139.30 141.26 142.92 144.27 145.33 146.13 146.69 147.06 147.26 147.32
204.89 194.97 185.25 175.82 166.80 158.34 150.99 145.35 141.64 139.79 139.67 141.11 143.97 148.09 153.32 159.49 166.47 174.08 181.72 187.98 192.59 195.61 197.13 197.21 195.92 193.33 189.51 184.53 178.48 171.72 164.80 158.31 152.55 147.49 143.07 139.26 135.98 133.19 130.83 128.86 127.22 125.83 124.55 123.37 122.29 121.33 120.51 119.84 119.33 119.00 118.85 118.92 119.25 119.90 120.88 122.17 123.72 125.48 127.41 129.45 131.57 133.72 135.84 137.90 139.83 141.50 142.89 144.05 144.98 145.74 146.34 146.82 147.21
204.07 194.37 184.88 175.72 167.00 158.83 151.40 145.39 141.37 139.27 138.95 140.25 143.01 147.09 152.33 158.58 165.67 173.46 181.31 187.76 192.53 195.69 197.32 197.48 196.24 193.67 189.85 184.84 178.71 171.69 164.65 158.30 152.67 147.72 143.39 139.63 136.39 133.61 131.24 129.24 127.53 126.06 124.71 123.45 122.31 121.29 120.41 119.68 119.13 118.76 118.59 118.63 118.90 119.46 120.35 121.55 123.02 124.70 126.54 128.51 130.56 132.63 134.69 136.68 138.54 140.19 141.61 142.83 143.88 144.80 145.61 146.35 147.03
203.46 194.01 184.81 175.97 167.60 159.85 152.97 147.13 142.73 140.22 139.54 140.54 143.05 146.93 152.02 158.17 165.23 173.03 180.92 187.40 192.18 195.32 196.89 196.97 195.62 192.92 188.93 183.73 177.53 170.98 164.51 158.38 152.90 148.06 143.82 140.13 136.93 134.18 131.81 129.77 128.02 126.48 125.06 123.73 122.53 121.46 120.53 119.77 119.18 118.78 118.58 118.61 118.89 119.42 120.21 121.31 122.66 124.23 125.97 127.84 129.78 131.76 133.72 135.62 137.40 139.00 140.41 141.68 142.82 143.87 144.87 145.83 146.80
203.05 193.90 185.04 176.56 168.63 161.51 155.30 150.00 145.65 142.66 141.46 141.99 144.09 147.61 152.40 158.29 165.14 172.79 180.58 186.93 191.54 194.50 195.86 195.70 194.08 191.08 186.77 181.36 175.56 169.78 164.08 158.49 153.21 148.50 144.36 140.75 137.61 134.88 132.51 130.46 128.67 127.07 125.58 124.21 122.95 121.84 120.88 120.08 119.46 119.04 118.84 118.88 119.18 119.71 120.45 121.43 122.65 124.09 125.70 127.44 129.25 131.11 132.94 134.72 136.39 137.92 139.30 140.58 141.79 142.96 144.11 145.28 146.49
202.84 194.04 185.56 177.55 170.27 163.83 158.24 153.48 149.56 146.50 144.71 144.61 146.14 149.13 153.45 158.93 165.42 172.76 180.27 186.33 190.63 193.23 194.22 193.65 191.61 188.15 183.51 178.42 173.32 168.27 163.27 158.35 153.54 149.02 144.99 141.46 138.38 135.70 133.35 131.29 129.46 127.81 126.27 124.85 123.55 122.40 121.41 120.59 119.96 119.54 119.36 119.44 119.75 120.28 121.00 121.90 122.97 124.25 125.71 127.29 128.96 130.66 132.36 133.99 135.52 136.94 138.28 139.55 140.80 142.05 143.33 144.68 146.09
