data_processed/recharge/precip/Precip_1992_11.asc
ncols        168
nrows        136
xllcorner    455000
yllcorner    2107000
cellsize     500
NODATA_value     -99999
[rows 102 to 135 of 136, columns 77 to 153 of 168]
65.88 65.97 66.07 66.19 66.32 66.45 66.60 66.74 66.88 67.02 67.14 67.26 67.36 67.44 67.49 67.52 67.52 67.49 67.42 67.31 67.16 66.96 66.71 66.40 65.96 65.36 64.65 63.90 63.10 62.27 61.42 60.56 59.70 58.85 58.02 57.23 56.47 55.77 55.12 54.55 54.07 53.67 53.38 53.19 53.14 53.21 53.43 53.81 54.34 55.05 55.93 56.92 58.03 59.28 60.65 62.11 63.66 65.28 66.94 68.64 70.36 72.08 73.79 75.46 77.09 78.65 80.13 81.51 82.78 83.92 84.91 85.74 86.39 86.84 87.08 87.08 86.96
66.78 66.94 67.10 67.27 67.43 67.59 67.74 67.89 68.02 68.13 68.22 68.29 68.33 68.34 68.31 68.25 68.14 67.99 67.79 67.54 67.24 66.87 66.45 65.95 65.40 64.79 64.12 63.39 62.62 61.82 61.00 60.16 59.33 58.50 57.69 56.91 56.16 55.47 54.84 54.27 53.79 53.40 53.11 52.92 52.86 52.93 53.15 53.51 54.04 54.74 55.62 56.68 57.88 59.21 60.65 62.19 63.81 65.50 67.23 68.99 70.77 72.55 74.31 76.03 77.70 79.30 80.82 82.24 83.54 84.71 85.73 86.58 87.25 87.72 87.97 87.99 87.84
67.83 68.04 68.24 68.44 68.62 68.79 68.94 69.07 69.17 69.24 69.28 69.28 69.25 69.17 69.04 68.87 68.64 68.36 68.01 67.60 67.13 66.59 65.97 65.29 64.64 64.03 63.39 62.70 61.97 61.20 60.41 59.60 58.79 57.99 57.20 56.44 55.72 55.04 54.43 53.87 53.40 53.02 52.73 52.56 52.50 52.57 52.78 53.14 53.67 54.37 55.31 56.45 57.73 59.15 60.67 62.28 63.98 65.73 67.53 69.36 71.19 73.02 74.83 76.61 78.32 79.97 81.53 82.98 84.32 85.52 86.56 87.43 88.12 88.61 88.87 88.90 88.69
69.02 69.28 69.51 69.71 69.90 70.05 70.18 70.27 70.32 70.34 70.31 70.23 70.10 69.91 69.67 69.37 69.00 68.56 68.05 67.47 66.81 66.06 65.26 64.47 63.77 63.12 62.49 61.84 61.14 60.41 59.65 58.88 58.10 57.33 56.56 55.83 55.13 54.47 53.87 53.34 52.88 52.51 52.23 52.07 52.01 52.09 52.30 52.67 53.20 53.96 54.97 56.19 57.56 59.06 60.66 62.35 64.12 65.94 67.81 69.70 71.59 73.48 75.35 77.17 78.93 80.62 82.22 83.71 85.08 86.31 87.38 88.28 88.99 89.49 89.77 89.80 89.60
70.25 70.63 70.88 71.08 71.24 71.36 71.45 71.49 71.47 71.41 71.29 71.11 70.87 70.56 70.18 69.73 69.20 68.59 67.90 67.12 66.25 65.31 64.39 63.56 62.81 62.12 61.45 60.81 60.15 59.46 58.74 58.00 57.26 56.51 55.78 55.07 54.40 53.77 53.19 52.67 52.23 51.88 51.61 51.46 51.42 51.50 51.72 52.10 52.69 53.53 54.62 55.91 57.36 58.94 60.62 62.39 64.23 66.13 68.06 70.01 71.97 73.92 75.84 77.71 79.52 81.26 82.90 84.43 85.83 87.09 88.19 89.11 89.84 90.36 90.65 90.69 90.50
71.42 71.99 72.32 72.50 72.63 72.71 72.73 72.69 72.60 72.43 72.21 71.91 71.53 71.08 70.54 69.93 69.22 68.42 67.53 66.53 65.46 64.41 63.43 62.55 61.77 61.03 60.33 59.66 59.01 58.36 57.68 56.98 56.27 55.56 54.86 54.19 53.54 52.93 52.38 51.89 51.47 51.13 50.89 50.74 50.71 50.81 51.05 51.49 52.17 53.09 54.25 55.61 57.13 58.79 60.55 62.40 64.32 66.29 68.29 70.31 72.33 74.34 76.31 78.23 80.10 81.88 83.56 85.13 86.57 87.86 88.99 89.94 90.68 91.21 91.50 91.56 91.38
72.51 73.26 73.74 73.97 74.05 74.06 74.00 73.87 73.67 73.40 73.04 72.60 72.08 71.46 70.75 69.95 69.04 68.03 66.92 65.72 64.53 63.42 62.40 61.48 60.65 59.87 59.13 58.43 57.76 57.12 56.48 55.82 55.15 54.48 53.82 53.17 52.56 51.98 51.46 50.99 50.60 50.28 50.06 49.93 49.92 50.04 50.35 50.88 51.64 52.63 53.86 55.29 56.88 58.62 60.46 62.39 64.38 66.42 68.49 70.58 72.66 74.73 76.76 78.74 80.65 82.48 84.20 85.81 87.29 88.61 89.77 90.74 91.50 92.03 92.33 92.40 92.24
73.52 74.42 75.04 75.38 75.48 75.41 75.25 75.01 74.69 74.28 73.77 73.18 72.48 71.68 70.78 69.77 68.65 67.42 66.08 64.76 63.52 62.36 61.30 60.33 59.46 58.64 57.87 57.13 56.43 55.77 55.15 54.54 53.91 53.28 52.66 52.05 51.47 50.93 50.44 50.00 49.63 49.34 49.14 49.03 49.05 49.25 49.65 50.26 51.10 52.16 53.46 54.95 56.61 58.42 60.33 62.34 64.41 66.53 68.67 70.82 72.97 75.10 77.19 79.22 81.18 83.06 84.83 86.48 87.99 89.35 90.54 91.52 92.28 92.82 93.13 93.21 93.06
74.45 75.48 76.20 76.64 76.81 76.72 76.45 76.08 75.62 75.05 74.39 73.61 72.73 71.73 70.62 69.39 68.03 66.57 65.12 63.74 62.45 61.25 60.14 59.13 58.21 57.36 56.55 55.78 55.05 54.37 53.73 53.14 52.56 51.97 51.39 50.82 50.28 49.78 49.32 48.91 48.57 48.31 48.14 48.07 48.17 48.46 48.95 49.65 50.56 51.69 53.04 54.59 56.32 58.19 60.18 62.26 64.42 66.61 68.82 71.04 73.26 75.45 77.59 79.68 81.70 83.62 85.44 87.13 88.68 90.07 91.27 92.25 93.02 93.57 93.89 93.98 93.85
75.30 76.42 77.24 77.75 77.97 77.91 77.59 77.08 76.45 75.72 74.87 73.90 72.80 71.59 70.24 68.77 67.18 65.60 64.09 62.66 61.32 60.07 58.92 57.87 56.91 56.03 55.18 54.38 53.63 52.93 52.27 51.66 51.10 50.56 50.02 49.50 49.00 48.54 48.11 47.75 47.44 47.21 47.08 47.09 47.29 47.67 48.25 49.03 50.01 51.21 52.61 54.22 56.01 57.94 60.00 62.16 64.38 66.65 68.94 71.24 73.52 75.77 77.98 80.12 82.19 84.16 86.03 87.76 89.35 90.75 91.94 92.93 93.71 94.26 94.60 94.71 94.60
76.06 77.26 78.13 78.69 78.94 78.90 78.57 77.97 77.17 76.24 75.19 74.00 72.69 71.23 69.64 67.93 66.21 64.57 63.01 61.54 60.15 58.86 57.66 56.57 55.58 54.65 53.78 52.95 52.17 51.44 50.77 50.15 49.58 49.06 48.57 48.10 47.64 47.22 46.84 46.51 46.24 46.06 46.01 46.13 46.42 46.90 47.56 48.41 49.46 50.72 52.18 53.84 55.68 57.68 59.80 62.02 64.32 66.67 69.04 71.40 73.75 76.07 78.34 80.54 82.66 84.69 86.60 88.37 89.96 91.36 92.56 93.56 94.34 94.91 95.26 95.39 95.31
76.73 77.98 78.89 79.47 79.73 79.67 79.32 78.67 77.74 76.61 75.34 73.92 72.36 70.65 68.81 66.97 65.19 63.50 61.89 60.37 58.94 57.61 56.37 55.24 54.20 53.24 52.34 51.48 50.68 49.93 49.24 48.60 48.02 47.51 47.04 46.62 46.21 45.83 45.50 45.21 44.99 44.90 44.96 45.18 45.57 46.14 46.88 47.80 48.92 50.22 51.73 53.44 55.34 57.39 59.57 61.86 64.22 66.64 69.09 71.53 73.96 76.34 78.67 80.93 83.11 85.19 87.14 88.92 90.51 91.91 93.12 94.12 94.91 95.50 95.87 96.02 95.96
77.31 78.59 79.51 80.09 80.32 80.23 79.83 79.11 78.10 76.81 75.30 73.63 71.80 69.84 67.87 65.97 64.14 62.40 60.74 59.18 57.70 56.33 55.05 53.87 52.81 51.81 50.87 49.99 49.17 48.40 47.69 47.04 46.46 45.93 45.47 45.07 44.72 44.39 44.10 43.87 43.75 43.77 43.93 44.26 44.74 45.39 46.20 47.19 48.37 49.73 51.28 53.03 54.98 57.08 59.32 61.67 64.10 66.59 69.10 71.63 74.13 76.58 78.98 81.30 83.53 85.65 87.61 89.39 90.99 92.39 93.60 94.61 95.42 96.03 96.42 96.59 96.55
77.79 79.08 79.99 80.53 80.73 80.58 80.09 79.29 78.17 76.75 75.04 73.11 71.02 68.93 66.90 64.94 63.07 61.28 59.57 57.96 56.44 55.02 53.71 52.50 51.39 50.36 49.40 48.49 47.64 46.85 46.13 45.47 44.88 44.35 43.89 43.50 43.17 42.89 42.66 42.53 42.53 42.66 42.93 43.35 43.92 44.65 45.53 46.59 47.82 49.23 50.82 52.62 54.61 56.76 59.05 61.46 63.95 66.50 69.09 71.68 74.26 76.79 79.25 81.64 83.92 86.05 88.01 89.79 91.38 92.79 94.01 95.04 95.86 96.48 96.89 97.09 97.08
78.19 79.45 80.32 80.81 80.93 80.70 80.12 79.20 77.95 76.38 74.50 72.36 70.15 67.99 65.90 63.90 61.97 60.14 58.39 56.73 55.17 53.71 52.36 51.11 49.97 48.91 47.91 46.98 46.11 45.31 44.57 43.90 43.30 42.77 42.31 41.92 41.60 41.37 41.25 41.24 41.35 41.59 41.96 42.47 43.12 43.92 44.88 46.00 47.28 48.73 50.36 52.19 54.22 56.42 58.76 61.22 63.77 66.38 69.03 71.70 74.35 76.95 79.50 81.94 84.23 86.36 88.31 90.09 91.70 93.11 94.34 95.38 96.22 96.86 97.30 97.52 97.54
78.48 79.69 80.50 80.91 80.94 80.60 79.89 78.83 77.42 75.68 73.65 71.47 69.24 67.04 64.90 62.84 60.87 58.99 57.19 55.49 53.89 52.40 51.00 49.72 48.54 47.46 46.43 45.47 44.58 43.76 43.01 42.33 41.73 41.19 40.74 40.35 40.06 39.89 39.87 39.98 40.20 40.55 41.01 41.61 42.34 43.22 44.24 45.41 46.74 48.23 49.90 51.76 53.83 56.07 58.45 60.96 63.56 66.23 68.95 71.68 74.39 77.08 79.68 82.15 84.45 86.57 88.53 90.31 91.92 93.34 94.59 95.64 96.50 97.16 97.62 97.88 97.92
78.68 79.82 80.53 80.84 80.75 80.27 79.42 78.19 76.60 74.70 72.62 70.48 68.29 66.08 63.90 61.79 59.77 57.84 56.00 54.26 52.62 51.08 49.65 48.34 47.13 46.01 44.96 43.98 43.07 42.23 41.47 40.78 40.17 39.64 39.18 38.82 38.58 38.50 38.56 38.76 39.09 39.54 40.10 40.78 41.59 42.53 43.61 44.83 46.21 47.74 49.43 51.33 53.43 55.70 58.13 60.69 63.34 66.06 68.83 71.62 74.40 77.14 79.76 82.24 84.55 86.68 88.64 90.43 92.04 93.48 94.74 95.81 96.69 97.38 97.87 98.15 98.23
78.77 79.81 80.42 80.60 80.36 79.72 78.69 77.27 75.51 73.56 71.52 69.41 67.26 65.08 62.89 60.74 58.68 56.70 54.82 53.04 51.36 49.79 48.32 46.97 45.73 44.58 43.51 42.50 41.58 40.73 39.95 39.26 38.64 38.11 37.67 37.36 37.20 37.19 37.33 37.61 38.02 38.56 39.21 39.97 40.85 41.86 42.99 44.27 45.68 47.25 48.97 50.89 53.02 55.33 57.80 60.39 63.09 65.86 68.68 71.53 74.36 77.10 79.72 82.20 84.52 86.67 88.65 90.44 92.07 93.52 94.79 95.88 96.79 97.50 98.02 98.33 98.45
78.76 79.68 80.15 80.17 79.77 78.94 77.71 76.11 74.30 72.37 70.37 68.30 66.18 64.03 61.87 59.71 57.60 55.58 53.66 51.84 50.12 48.51 47.01 45.63 44.36 43.18 42.08 41.06 40.11 39.25 38.46 37.76 37.14 36.62 36.23 36.00 35.91 35.97 36.18 36.53 37.01 37.62 38.35 39.19 40.14 41.21 42.40 43.72 45.17 46.76 48.50 50.45 52.61 54.95 57.45 60.08 62.82 65.64 68.51 71.39 74.22 76.94 79.55 82.02 84.36 86.53 88.53 90.35 91.99 93.45 94.75 95.86 96.79 97.53 98.07 98.42 98.57
78.65 79.42 79.72 79.57 78.97 77.93 76.51 74.85 73.06 71.17 69.20 67.16 65.07 62.95 60.81 58.67 56.55 54.49 52.53 50.67 48.91 47.26 45.73 44.31 43.01 41.81 40.69 39.65 38.68 37.81 37.02 36.31 35.70 35.22 34.91 34.74 34.72 34.85 35.12 35.52 36.06 36.74 37.53 38.44 39.46 40.58 41.82 43.18 44.67 46.28 48.05 50.01 52.19 54.56 57.09 59.75 62.53 65.39 68.29 71.16 73.95 76.65 79.24 81.71 84.05 86.24 88.27 90.12 91.79 93.28 94.59 95.72 96.68 97.45 98.03 98.41 98.60
78.42 79.02 79.13 78.78 77.96 76.72 75.23 73.60 71.84 69.98 68.04 66.02 63.95 61.85 59.73 57.61 55.50 53.43 51.43 49.53 47.74 46.06 44.49 43.04 41.71 40.49 39.34 38.28 37.30 36.41 35.61 34.91 34.35 33.94 33.69 33.58 33.63 33.81 34.14 34.60 35.19 35.91 36.76 37.73 38.80 39.98 41.26 42.66 44.18 45.82 47.59 49.57 51.77 54.16 56.71 59.41 62.22 65.10 67.98 70.80 73.55 76.22 78.80 81.26 83.61 85.81 87.87 89.75 91.46 92.98 94.32 95.48 96.46 97.26 97.87 98.30 98.53
78.09 78.49 78.39 77.80 76.77 75.47 74.00 72.39 70.66 68.83 66.90 64.90 62.85 60.77 58.66 56.55 54.45 52.38 50.37 48.44 46.61 44.90 43.30 41.82 40.46 39.21 38.04 36.96 35.97 35.08 34.28 33.62 33.12 32.77 32.58 32.53 32.63 32.87 33.24 33.75 34.39 35.16 36.05 37.05 38.18 39.40 40.73 42.16 43.70 45.36 47.15 49.14 51.35 53.76 56.34 59.06 61.88 64.72 67.53 70.30 73.02 75.66 78.21 80.67 83.02 85.23 87.31 89.23 90.98 92.55 93.92 95.11 96.12 96.96 97.61 98.07 98.34
77.64 77.82 77.48 76.67 75.57 74.28 72.84 71.25 69.54 67.72 65.82 63.83 61.80 59.72 57.62 55.52 53.43 51.36 49.35 47.40 45.54 43.79 42.16 40.66 39.27 37.99 36.81 35.71 34.71 33.81 33.05 32.45 32.01 31.72 31.58 31.58 31.73 32.01 32.43 32.99 33.67 34.47 35.39 36.43 37.59 38.85 40.21 41.68 43.24 44.91 46.71 48.70 50.93 53.35 55.95 58.68 61.44 64.21 66.96 69.68 72.34 74.95 77.49 79.93 82.28 84.50 86.60 88.55 90.34 91.96 93.39 94.62 95.67 96.53 97.22 97.73 98.04
77.08 77.01 76.44 75.56 74.47 73.20 71.78 70.21 68.51 66.71 64.81 62.84 60.81 58.74 56.64 54.54 52.45 50.38 48.36 46.40 44.52 42.75 41.09 39.56 38.15 36.85 35.64 34.53 33.52 32.66 31.96 31.41 31.02 30.78 30.69 30.74 30.93 31.25 31.71 32.30 33.01 33.85 34.80 35.87 37.05 38.34 39.73 41.21 42.80 44.48 46.28 48.28 50.51 52.94 55.54 58.20 60.88 63.57 66.25 68.91 71.53 74.11 76.61 79.05 81.38 83.62 85.73 87.70 89.53 91.20 92.68 93.98 95.08 95.99 96.72 97.26 97.63
76.40 76.09 75.44 74.56 73.49 72.24 70.83 69.28 67.59 65.79 63.90 61.93 59.91 57.84 55.74 53.63 51.54 49.47 47.44 45.47 43.57 41.78 40.09 38.53 37.10 35.77 34.55 33.43 32.46 31.65 31.00 30.50 30.15 29.96 29.91 29.99 30.22 30.58 31.07 31.69 32.43 33.29 34.27 35.36 36.56 37.87 39.27 40.78 42.37 44.06 45.86 47.86 50.09 52.51 55.03 57.59 60.18 62.79 65.40 68.00 70.58 73.11 75.59 78.00 80.34 82.57 84.69 86.69 88.56 90.27 91.81 93.17 94.34 95.30 96.08 96.67 97.08
75.64 75.24 74.59 73.73 72.68 71.44 70.03 68.48 66.80 65.01 63.12 61.15 59.12 57.05 54.94 52.83 50.72 48.64 46.60 44.61 42.70 40.88 39.17 37.59 36.13 34.78 33.55 32.46 31.54 30.77 30.17 29.71 29.41 29.25 29.23 29.36 29.61 30.00 30.52 31.17 31.93 32.81 33.81 34.91 36.12 37.44 38.85 40.36 41.97 43.66 45.45 47.45 49.66 51.99 54.40 56.85 59.35 61.88 64.42 66.95 69.47 71.97 74.42 76.81 79.13 81.36 83.50 85.52 87.41 89.16 90.76 92.18 93.42 94.47 95.30 95.94 96.40
74.97 74.57 73.94 73.09 72.04 70.81 69.41 67.86 66.18 64.38 62.49 60.51 58.48 56.39 54.28 52.15 50.03 47.93 45.87 43.86 41.93 40.08 38.35 36.73 35.25 33.90 32.69 31.65 30.77 30.04 29.47 29.06 28.78 28.66 28.67 28.82 29.11 29.52 30.06 30.72 31.50 32.39 33.40 34.52 35.74 37.06 38.47 39.99 41.59 43.28 45.06 47.03 49.14 51.34 53.63 55.98 58.38 60.82 63.28 65.75 68.22 70.67 73.08 75.45 77.76 79.99 82.13 84.17 86.09 87.88 89.53 91.01 92.32 93.45 94.37 95.08 95.59
74.49 74.11 73.48 72.63 71.59 70.36 68.96 67.40 65.72 63.92 62.02 60.03 57.98 55.88 53.76 51.61 49.47 47.35 45.26 43.23 41.27 39.40 37.63 35.99 34.50 33.17 32.00 31.00 30.15 29.46 28.93 28.54 28.30 28.20 28.23 28.40 28.71 29.13 29.69 30.36 31.15 32.05 33.07 34.18 35.40 36.72 38.14 39.64 41.24 42.91 44.67 46.53 48.50 50.57 52.74 54.98 57.28 59.63 62.01 64.42 66.83 69.23 71.60 73.95 76.24 78.46 80.61 82.66 84.61 86.43 88.12 89.66 91.04 92.24 93.25 94.05 94.64
74.06 73.68 73.07 72.23 71.19 69.96 68.57 67.02 65.33 63.53 61.63 59.64 57.58 55.47 53.33 51.17 49.02 46.88 44.78 42.72 40.74 38.84 37.05 35.41 34.02 32.78 31.65 30.67 29.85 29.18 28.66 28.29 28.06 27.97 28.02 28.20 28.51 28.94 29.49 30.16 30.95 31.84 32.85 33.96 35.16 36.47 37.86 39.35 40.92 42.58 44.30 46.07 47.90 49.83 51.87 53.99 56.19 58.44 60.74 63.07 65.41 67.76 70.09 72.40 74.67 76.88 79.02 81.08 83.05 84.90 86.63 88.22 89.66 90.93 92.02 92.90 93.53
73.53 73.17 72.58 71.77 70.74 69.53 68.15 66.61 64.94 63.15 61.25 59.26 57.21 55.10 52.96 50.80 48.64 46.49 44.38 42.32 40.32 38.41 36.63 35.10 33.87 32.78 31.72 30.76 29.94 29.28 28.76 28.38 28.15 28.06 28.09 28.26 28.55 28.97 29.51 30.16 30.92 31.79 32.77 33.85 35.03 36.30 37.66 39.11 40.64 42.26 43.96 45.68 47.42 49.21 51.12 53.11 55.19 57.34 59.55 61.79 64.06 66.34 68.63 70.89 73.13 75.32 77.45 79.51 81.49 83.36 85.12 86.75 88.24 89.57 90.72 91.61 92.25
72.95 72.58 72.02 71.23 70.24 69.05 67.70 66.18 64.53 62.75 60.87 58.90 56.86 54.76 52.63 50.48 48.32 46.18 44.07 42.01 40.01 38.12 36.46 35.10 34.02 33.07 32.14 31.24 30.41 29.73 29.19 28.80 28.54 28.42 28.43 28.57 28.83 29.22 29.72 30.33 31.05 31.88 32.81 33.85 34.97 36.19 37.50 38.89 40.38 41.96 43.62 45.32 47.02 48.72 50.48 52.35 54.30 56.34 58.44 60.59 62.78 64.99 67.21 69.42 71.62 73.78 75.89 77.94 79.92 81.80 83.59 85.25 86.78 88.15 89.29 90.18 90.83
72.32 71.94 71.37 70.62 69.67 68.52 67.20 65.72 64.09 62.35 60.49 58.55 56.53 54.45 52.34 50.21 48.07 45.94 43.84 41.79 39.82 38.07 36.58 35.37 34.44 33.62 32.81 32.02 31.23 30.52 29.95 29.52 29.22 29.06 29.02 29.11 29.32 29.65 30.10 30.66 31.32 32.09 32.96 33.92 34.98 36.13 37.37 38.70 40.14 41.67 43.30 44.96 46.63 48.29 49.96 51.69 53.51 55.42 57.41 59.46 61.56 63.69 65.84 67.99 70.14 72.26 74.34 76.38 78.35 80.23 82.03 83.72 85.26 86.62 87.74 88.62 89.27
71.67 71.26 70.68 69.94 69.03 67.93 66.65 65.21 63.63 61.92 60.10 58.19 56.21 54.17 52.08 49.97 47.86 45.76 43.68 41.67 39.85 38.27 36.95 35.89 35.09 34.40 33.71 33.01 32.32 31.63 31.01 30.52 30.16 29.94 29.84 29.86 30.00 30.26 30.64 31.12 31.70 32.39 33.18 34.06 35.03 36.10 37.26 38.54 39.92 41.40 42.99 44.61 46.24 47.87 49.50 51.13 52.82 54.60 56.47 58.41 60.41 62.45 64.52 66.60 68.69 70.76 72.81 74.82 76.77 78.65 80.45 82.14 83.65 84.97 86.07 86.93 87.58
70.98 70.55 69.95 69.20 68.31 67.26 66.04 64.66 63.13 61.47 59.70 57.83 55.89 53.89 51.85 49.78 47.70 45.63 43.61 41.75 40.11 38.71 37.54 36.63 35.95 35.37 34.78 34.18 33.57 32.95 32.33 31.78 31.34 31.04 30.86 30.80 30.85 31.02 31.31 31.69 32.18 32.78 33.46 34.24 35.11 36.09 37.19 38.39 39.71 41.14 42.68 44.26 45.85 47.44 49.04 50.63 52.22 53.87 55.61 57.43 59.32 61.26 63.24 65.25 67.27 69.29 71.29 73.26 75.19 77.05 78.83 80.47 81.94 83.21 84.29 85.14 85.79
