data_processed/recharge/precip/Precip_2009_09.asc
ncols        168
nrows        136
xllcorner    455000
yllcorner    2107000
cellsize     500
NODATA_value     -99999
[rows 96 to 127 of 136, columns 0 to 70 of 168]
192.55 195.95 199.27 202.50 205.61 208.62 211.57 214.44 217.23 219.92 222.50 224.97 227.30 229.49 231.52 233.38 235.11 236.78 238.43 240.09 241.75 243.44 245.17 246.93 248.66 250.31 251.87 253.35 254.74 256.03 257.23 258.33 259.33 260.26 261.11 261.93 262.71 263.47 264.24 265.02 265.84 266.71 267.78 269.24 271.14 273.47 276.24 279.45 283.12 286.87 289.60 291.08 291.44 290.76 289.18 286.79 283.77 280.50 277.19 273.90 270.63 267.42 264.29 261.27 258.39 255.66 253.12 250.81 248.90 247.52 246.63
193.57 197.02 200.41 203.70 206.91 210.08 213.19 216.24 219.22 222.10 224.89 227.57 230.12 232.54 234.81 236.93 238.87 240.67 242.42 244.14 245.87 247.60 249.36 251.14 252.87 254.52 256.08 257.54 258.90 260.16 261.31 262.34 263.27 264.12 264.90 265.62 266.31 266.98 267.64 268.32 269.02 269.77 270.59 271.62 273.06 274.95 277.31 280.12 283.40 286.80 289.19 290.37 290.44 289.51 287.69 285.17 282.34 279.44 276.51 273.57 270.65 267.77 264.96 262.25 259.66 257.22 254.94 252.87 251.04 249.60 248.65
194.65 198.14 201.56 204.92 208.26 211.56 214.83 218.03 221.18 224.24 227.21 230.08 232.84 235.47 237.96 240.30 242.48 244.49 246.35 248.15 249.93 251.71 253.50 255.30 257.04 258.69 260.24 261.68 263.02 264.23 265.31 266.26 267.11 267.86 268.55 269.17 269.76 270.32 270.86 271.42 272.00 272.62 273.29 274.04 275.02 276.43 278.32 280.69 283.55 286.54 288.55 289.37 289.11 287.88 285.86 283.49 281.00 278.44 275.83 273.21 270.59 268.01 265.48 263.03 260.70 258.49 256.45 254.59 252.94 251.55 250.54
195.80 199.30 202.76 206.22 209.66 213.09 216.48 219.83 223.11 226.33 229.47 232.51 235.45 238.27 240.96 243.51 245.90 248.14 250.19 252.10 253.94 255.77 257.59 259.41 261.16 262.81 264.35 265.78 267.06 268.19 269.18 270.04 270.79 271.45 272.02 272.54 273.00 273.44 273.86 274.29 274.73 275.20 275.72 276.31 276.99 277.92 279.30 281.17 283.55 286.09 287.67 288.09 287.45 285.95 284.04 281.97 279.80 277.54 275.22 272.88 270.52 268.19 265.90 263.68 261.55 259.55 257.70 256.01 254.53 253.27 252.27
197.03 200.54 204.07 207.60 211.14 214.66 218.16 221.63 225.04 228.39 231.67 234.86 237.96 240.95 243.82 246.56 249.15 251.59 253.85 255.94 257.88 259.76 261.61 263.45 265.21 266.86 268.39 269.77 270.97 272.00 272.89 273.65 274.29 274.83 275.29 275.68 276.01 276.31 276.59 276.87 277.16 277.48 277.84 278.27 278.77 279.37 280.23 281.57 283.43 285.46 286.56 286.53 285.56 284.11 282.48 280.70 278.80 276.80 274.73 272.62 270.49 268.37 266.27 264.24 262.29 260.44 258.73 257.19 255.82 254.67 253.75
198.36 201.91 205.49 209.09 212.70 216.30 219.88 223.44 226.96 230.43 233.83 237.15 240.39 243.53 246.56 249.46 252.23 254.85 257.31 259.60 261.71 263.66 265.55 267.41 269.18 270.83 272.31 273.59 274.69 275.62 276.40 277.04 277.56 277.97 278.29 278.55 278.74 278.89 279.02 279.14 279.27 279.42 279.61 279.85 280.17 280.57 281.09 281.88 283.17 284.65 285.23 284.80 283.83 282.64 281.27 279.73 278.06 276.28 274.42 272.50 270.55 268.60 266.66 264.77 262.95 261.23 259.62 258.17 256.89 255.80 254.94
199.86 203.43 207.04 210.68 214.34 218.00 221.65 225.28 228.89 232.44 235.95 239.39 242.74 246.01 249.17 252.22 255.15 257.93 260.56 263.04 265.33 267.45 269.40 271.28 273.06 274.66 276.04 277.21 278.20 279.01 279.66 280.17 280.55 280.83 281.00 281.11 281.14 281.14 281.10 281.05 281.00 280.97 280.97 281.02 281.14 281.34 281.65 282.07 282.79 283.68 283.78 283.31 282.57 281.61 280.45 279.12 277.64 276.04 274.35 272.58 270.77 268.94 267.12 265.33 263.60 261.96 260.42 259.02 257.77 256.72 255.87
201.54 205.11 208.73 212.39 216.08 219.77 223.47 227.16 230.82 234.46 238.04 241.57 245.03 248.40 251.68 254.86 257.91 260.84 263.63 266.26 268.73 271.01 273.12 275.04 276.77 278.26 279.53 280.58 281.44 282.12 282.63 283.00 283.24 283.36 283.38 283.31 283.18 283.00 282.79 282.55 282.31 282.09 281.89 281.74 281.65 281.64 281.72 281.91 282.24 282.63 282.66 282.38 281.85 281.07 280.09 278.92 277.59 276.13 274.56 272.90 271.19 269.45 267.71 265.98 264.30 262.69 261.18 259.79 258.54 257.47 256.60
203.32 206.88 210.49 214.15 217.84 221.56 225.28 229.01 232.72 236.40 240.05 243.65 247.18 250.65 254.03 257.31 260.48 263.53 266.45 269.22 271.84 274.29 276.54 278.44 280.05 281.42 282.57 283.50 284.22 284.77 285.14 285.36 285.45 285.41 285.27 285.04 284.74 284.38 283.98 283.56 283.13 282.71 282.31 281.95 281.65 281.42 281.28 281.25 281.35 281.62 281.80 281.71 281.35 280.74 279.90 278.87 277.67 276.32 274.85 273.28 271.65 269.97 268.28 266.59 264.93 263.33 261.82 260.42 259.15 258.04 257.12
205.06 208.58 212.17 215.82 219.50 223.22 226.96 230.70 234.44 238.16 241.85 245.51 249.11 252.64 256.10 259.48 262.75 265.91 268.94 271.84 274.59 277.16 279.38 281.10 282.52 283.77 284.81 285.63 286.24 286.66 286.91 287.00 286.95 286.77 286.49 286.11 285.65 285.13 284.57 283.97 283.37 282.76 282.18 281.63 281.13 280.70 280.35 280.12 280.11 280.32 280.54 280.62 280.44 279.99 279.32 278.43 277.36 276.12 274.76 273.29 271.74 270.13 268.49 266.84 265.21 263.63 262.13 260.72 259.43 258.29 257.32
206.75 210.23 213.77 217.39 221.05 224.75 228.49 232.23 235.98 239.73 243.45 247.14 250.79 254.39 257.91 261.36 264.71 267.96 271.10 274.11 276.96 279.47 281.49 283.02 284.26 285.32 286.24 286.97 287.48 287.80 287.94 287.92 287.75 287.45 287.03 286.52 285.92 285.26 284.55 283.80 283.04 282.27 281.51 280.79 280.11 279.50 278.98 278.66 278.61 278.75 278.91 279.03 279.02 278.76 278.24 277.51 276.58 275.48 274.23 272.86 271.40 269.87 268.30 266.71 265.12 263.57 262.08 260.67 259.38 258.21 257.21
208.40 211.82 215.31 218.88 222.50 226.18 229.89 233.62 237.37 241.12 244.86 248.57 252.26 255.89 259.47 262.97 266.39 269.72 272.94 276.02 278.80 281.09 282.91 284.27 285.33 286.19 286.93 287.54 287.98 288.21 288.26 288.14 287.88 287.47 286.94 286.32 285.60 284.81 283.97 283.08 282.18 281.26 280.36 279.48 278.64 277.88 277.30 276.96 276.85 276.93 277.03 277.11 277.14 277.05 276.71 276.14 275.37 274.40 273.28 272.03 270.67 269.23 267.74 266.21 264.68 263.16 261.70 260.31 259.01 257.84 256.81
209.99 213.36 216.80 220.30 223.87 227.50 231.17 234.88 238.61 242.35 246.09 249.81 253.51 257.17 260.78 264.33 267.80 271.19 274.46 277.44 279.97 282.05 283.68 284.90 285.80 286.48 287.01 287.43 287.76 287.93 287.91 287.71 287.36 286.87 286.25 285.53 284.71 283.81 282.86 281.85 280.83 279.78 278.75 277.73 276.77 275.97 275.38 275.02 274.86 274.87 274.91 274.94 274.95 274.91 274.74 274.35 273.73 272.92 271.94 270.81 269.57 268.23 266.82 265.36 263.89 262.43 261.01 259.64 258.35 257.18 256.14
211.52 214.85 218.23 221.67 225.17 228.74 232.36 236.03 239.72 243.44 247.16 250.87 254.57 258.24 261.87 265.44 268.95 272.37 275.51 278.24 280.53 282.40 283.87 284.95 285.72 286.24 286.58 286.78 286.92 286.99 286.92 286.67 286.25 285.69 285.00 284.19 283.29 282.30 281.25 280.15 279.02 277.86 276.71 275.59 274.62 273.84 273.26 272.87 272.66 272.60 272.58 272.56 272.53 272.47 272.37 272.14 271.70 271.05 270.21 269.22 268.10 266.87 265.56 264.20 262.80 261.40 260.02 258.69 257.43 256.26 255.19
212.99 216.27 219.61 222.99 226.42 229.91 233.47 237.07 240.72 244.39 248.08 251.77 255.45 259.12 262.75 266.34 269.85 273.11 275.98 278.44 280.50 282.19 283.52 284.50 285.15 285.53 285.69 285.70 285.61 285.49 285.33 285.03 284.57 283.96 283.21 282.34 281.37 280.32 279.19 278.00 276.78 275.54 274.31 273.20 272.28 271.53 270.95 270.53 270.27 270.14 270.06 269.99 269.92 269.83 269.72 269.56 269.28 268.81 268.13 267.29 266.30 265.19 263.99 262.72 261.41 260.08 258.76 257.48 256.25 255.11 254.02
214.40 217.63 220.92 224.25 227.62 231.03 234.51 238.04 241.62 245.23 248.87 252.52 256.18 259.82 263.44 267.00 270.34 273.31 275.89 278.10 279.96 281.49 282.69 283.58 284.14 284.39 284.41 284.24 283.94 283.58 283.22 282.85 282.36 281.71 280.93 280.02 279.00 277.89 276.70 275.45 274.16 272.87 271.67 270.64 269.76 269.04 268.46 268.02 267.71 267.51 267.36 267.23 267.12 267.01 266.88 266.73 266.53 266.22 265.71 265.03 264.18 263.21 262.13 260.97 259.75 258.50 257.25 256.03 254.87 253.76 252.67
215.76 218.93 222.16 225.44 228.75 232.10 235.49 238.93 242.43 245.97 249.55 253.14 256.75 260.35 263.92 267.30 270.32 272.98 275.29 277.28 278.96 280.34 281.44 282.26 282.74 282.90 282.78 282.45 281.97 281.39 280.79 280.21 279.66 278.99 278.19 277.25 276.20 275.05 273.83 272.53 271.21 269.98 268.88 267.92 267.10 266.40 265.82 265.35 264.98 264.71 264.50 264.32 264.17 264.03 263.89 263.73 263.55 263.32 262.98 262.46 261.77 260.94 259.99 258.95 257.83 256.68 255.53 254.41 253.34 252.27 251.19
217.05 220.17 223.34 226.56 229.81 233.10 236.42 239.77 243.17 246.63 250.12 253.65 257.19 260.72 264.08 267.11 269.80 272.18 274.25 276.04 277.55 278.80 279.82 280.59 281.02 281.09 280.86 280.39 279.74 278.97 278.15 277.32 276.55 275.83 275.02 274.08 273.02 271.85 270.60 269.30 268.07 266.95 265.96 265.08 264.30 263.62 263.04 262.54 262.13 261.78 261.50 261.27 261.07 260.90 260.75 260.59 260.41 260.21 259.96 259.61 259.08 258.41 257.60 256.68 255.69 254.66 253.66 252.68 251.70 250.69 249.63
218.30 221.35 224.46 227.61 230.80 234.03 237.28 240.56 243.86 247.21 250.62 254.05 257.50 260.80 263.79 266.47 268.86 270.97 272.81 274.41 275.78 276.93 277.89 278.63 279.02 279.03 278.71 278.12 277.32 276.37 275.34 274.29 273.26 272.33 271.47 270.53 269.48 268.31 267.08 265.89 264.80 263.81 262.92 262.11 261.39 260.73 260.15 259.62 259.15 258.73 258.37 258.09 257.85 257.66 257.48 257.32 257.15 256.97 256.76 256.50 256.14 255.63 254.97 254.20 253.36 252.52 251.71 250.87 250.00 249.06 248.03
219.48 222.47 225.51 228.60 231.72 234.88 238.06 241.27 244.50 247.75 251.04 254.35 257.54 260.45 263.08 265.43 267.53 269.40 271.04 272.47 273.72 274.79 275.69 276.43 276.80 276.76 276.37 275.68 274.76 273.66 272.44 271.17 269.91 268.71 267.63 266.66 265.62 264.50 263.40 262.38 261.44 260.58 259.79 259.06 258.38 257.75 257.15 256.60 256.07 255.57 255.15 254.81 254.53 254.30 254.11 253.94 253.78 253.62 253.44 253.23 252.98 252.63 252.13 251.54 250.94 250.34 249.72 249.05 248.30 247.44 246.45
220.61 223.53 226.50 229.52 232.57 235.65 238.76 241.90 245.05 248.22 251.38 254.42 257.20 259.73 262.00 264.05 265.89 267.53 268.98 270.27 271.41 272.41 273.30 274.04 274.42 274.36 273.91 273.14 272.11 270.87 269.49 268.03 266.55 265.10 263.75 262.55 261.51 260.54 259.64 258.80 258.01 257.28 256.58 255.92 255.29 254.68 254.08 253.49 252.90 252.33 251.84 251.44 251.12 250.86 250.65 250.47 250.32 250.18 250.03 249.87 249.68 249.44 249.14 248.84 248.52 248.17 247.75 247.25 246.63 245.86 244.93
221.68 224.53 227.43 230.37 233.35 236.36 239.39 242.45 245.53 248.60 251.51 254.14 256.52 258.67 260.62 262.38 263.97 265.40 266.69 267.86 268.91 269.87 270.75 271.52 271.92 271.86 271.38 270.55 269.43 268.08 266.55 264.92 263.23 261.56 259.95 258.50 257.35 256.53 255.82 255.16 254.52 253.91 253.31 252.73 252.14 251.55 250.95 250.32 249.68 249.03 248.47 248.01 247.64 247.35 247.12 246.94 246.79 246.67 246.55 246.43 246.29 246.17 246.14 246.16 246.14 246.04 245.85 245.53 245.05 244.39 243.52
222.70 225.47 228.30 231.16 234.06 236.99 239.94 242.92 245.90 248.72 251.27 253.53 255.54 257.35 258.99 260.48 261.84 263.09 264.23 265.29 266.28 267.21 268.11 268.93 269.37 269.32 268.83 267.96 266.77 265.32 263.67 261.89 260.02 258.13 256.32 254.72 253.46 252.56 251.98 251.49 251.00 250.51 250.01 249.49 248.95 248.38 247.77 247.11 246.40 245.68 245.04 244.53 244.11 243.78 243.53 243.34 243.20 243.10 243.01 242.94 242.91 243.02 243.26 243.56 243.84 244.02 244.06 243.93 243.61 243.06 242.27
223.66 226.36 229.10 231.88 234.70 237.55 240.42 243.29 246.03 248.48 250.67 252.60 254.30 255.80 257.16 258.40 259.56 260.64 261.65 262.62 263.57 264.49 265.42 266.31 266.82 266.81 266.33 265.43 264.20 262.67 260.92 258.99 256.97 254.92 253.00 251.33 249.95 248.90 248.20 247.80 247.46 247.09 246.68 246.24 245.74 245.18 244.56 243.87 243.10 242.30 241.59 241.01 240.55 240.19 239.92 239.72 239.58 239.49 239.44 239.46 239.67 240.07 240.58 241.15 241.69 242.15 242.43 242.50 242.35 241.93 241.23
224.57 227.18 229.84 232.54 235.27 238.03 240.80 243.43 245.80 247.89 249.75 251.38 252.81 254.07 255.18 256.20 257.17 258.10 259.01 259.91 260.83 261.77 262.75 263.73 264.33 264.37 263.91 263.02 261.75 260.17 258.33 256.29 254.15 252.05 250.12 248.38 246.89 245.67 244.76 244.20 243.91 243.66 243.35 242.97 242.52 241.98 241.35 240.63 239.80 238.91 238.13 237.49 236.98 236.58 236.29 236.08 235.94 235.87 235.91 236.18 236.69 237.37 238.15 238.98 239.77 240.47 241.00 241.30 241.32 241.05 240.45
225.42 227.95 230.52 233.13 235.78 238.43 240.95 243.22 245.22 246.99 248.55 249.91 251.11 252.16 253.09 253.92 254.72 255.53 256.35 257.21 258.12 259.10 260.15 261.24 261.94 262.06 261.65 260.77 259.49 257.87 255.97 253.87 251.72 249.66 247.70 245.90 244.29 242.91 241.79 240.97 240.49 240.26 240.04 239.73 239.32 238.79 238.15 237.39 236.50 235.53 234.67 233.97 233.41 232.98 232.66 232.44 232.31 232.32 232.61 233.19 234.00 234.96 236.02 237.10 238.14 239.08 239.84 240.36 240.57 240.45 239.97
226.22 228.66 231.14 233.66 236.19 238.60 240.76 242.67 244.35 245.82 247.11 248.24 249.23 250.11 250.89 251.61 252.29 252.99 253.74 254.57 255.50 256.53 257.68 258.90 259.72 259.93 259.58 258.75 257.48 255.84 253.92 251.87 249.80 247.77 245.80 243.93 242.21 240.66 239.33 238.25 237.46 236.99 236.76 236.52 236.14 235.63 234.98 234.18 233.23 232.18 231.25 230.48 229.87 229.40 229.05 228.82 228.77 229.04 229.66 230.55 231.65 232.90 234.23 235.57 236.86 238.03 239.01 239.75 240.16 240.20 239.84
226.97 229.31 231.70 234.11 236.40 238.44 240.24 241.82 243.21 244.42 245.47 246.40 247.22 247.96 248.63 249.27 249.89 250.52 251.23 252.06 253.01 254.12 255.38 256.75 257.71 258.03 257.78 257.00 255.76 254.15 252.33 250.41 248.43 246.43 244.44 242.51 240.67 238.96 237.42 236.08 234.98 234.16 233.65 233.36 233.02 232.53 231.86 231.02 230.00 228.87 227.86 227.03 226.37 225.86 225.49 225.33 225.54 226.15 227.09 228.29 229.70 231.23 232.83 234.43 235.97 237.37 238.57 239.51 240.12 240.34 240.12
227.66 229.91 232.18 234.35 236.27 237.96 239.44 240.72 241.84 242.82 243.68 244.43 245.11 245.74 246.34 246.92 247.53 248.17 248.87 249.71 250.72 251.92 253.32 254.85 255.98 256.44 256.29 255.59 254.43 252.97 251.32 249.53 247.63 245.67 243.67 241.67 239.72 237.85 236.10 234.50 233.09 231.91 231.00 230.38 229.97 229.49 228.81 227.93 226.85 225.63 224.54 223.64 222.93 222.38 222.07 222.19 222.75 223.70 224.96 226.47 228.17 229.99 231.87 233.73 235.51 237.14 238.57 239.72 240.52 240.92 240.84
228.30 230.44 232.46 234.26 235.83 237.20 238.38 239.41 240.30 241.07 241.76 242.38 242.95 243.50 244.05 244.62 245.24 245.92 246.70 247.60 248.68 249.99 251.55 253.27 254.57 255.19 255.16 254.59 253.63 252.39 250.93 249.27 247.46 245.53 243.52 241.46 239.40 237.37 235.40 233.54 231.83 230.29 228.97 227.90 227.13 226.54 225.84 224.92 223.77 222.47 221.30 220.34 219.57 219.08 219.05 219.53 220.44 221.72 223.31 225.14 227.13 229.24 231.38 233.50 235.53 237.40 239.05 240.40 241.40 241.98 242.07
228.88 230.76 232.43 233.87 235.12 236.19 237.12 237.92 238.61 239.22 239.76 240.28 240.77 241.28 241.81 242.40 243.06 243.83 244.71 245.74 246.94 248.39 250.12 252.05 253.55 254.34 254.49 254.16 253.48 252.48 251.19 249.67 247.95 246.05 244.03 241.91 239.73 237.54 235.37 233.25 231.23 229.33 227.61 226.09 224.81 223.81 222.98 222.02 220.80 219.41 218.16 217.13 216.41 216.21 216.56 217.39 218.66 220.28 222.19 224.33 226.62 229.01 231.43 233.81 236.08 238.19 240.05 241.62 242.81 243.57 243.83
229.26 230.78 232.09 233.22 234.18 234.99 235.69 236.29 236.81 237.29 237.73 238.17 238.62 239.11 239.66 240.30 241.04 241.92 242.94 244.14 245.53 247.16 249.08 251.24 252.97 253.97 254.42 254.42 254.02 253.25 252.16 250.77 249.13 247.27 245.23 243.05 240.77 238.42 236.04 233.66 231.33 229.08 226.95 224.98 223.20 221.65 220.37 219.24 217.94 216.47 215.14 214.15 213.73 213.91 214.64 215.84 217.45 219.41 221.64 224.09 226.69 229.36 232.05 234.69 237.21 239.55 241.64 243.41 244.80 245.74 246.16
