data_processed/recharge/precip/Precip_2007_09.asc
ncols        168
nrows        136
xllcorner    455000
yllcorner    2107000
cellsize     500
NODATA_value     -99999
[rows 64 to 95 of 136, columns 0 to 72 of 168]
248.23 259.38 269.08 277.42 284.52 290.50 295.45 299.50 302.75 305.30 307.28 308.78 309.93 310.82 311.57 312.24 312.78 313.18 313.45 313.59 313.60 313.48 313.23 312.85 312.35 311.72 310.96 310.09 309.09 307.97 306.73 305.38 303.91 302.32 300.63 298.87 297.06 295.19 293.25 291.24 289.17 287.03 284.81 282.51 280.13 277.67 275.12 272.49 269.76 266.89 263.79 260.45 256.87 253.09 249.10 244.93 240.59 236.11 231.48 226.73 221.88 216.94 211.92 206.85 201.73 196.58 191.43 186.27 181.14 176.05 171.02 166.04 161.14
250.23 261.47 271.25 279.69 286.89 292.96 298.02 302.18 305.53 308.20 310.29 311.92 313.18 314.20 315.08 315.88 316.54 317.06 317.44 317.69 317.80 317.77 317.60 317.30 316.87 316.31 315.62 314.80 313.85 312.78 311.58 310.25 308.80 307.23 305.54 303.74 301.87 299.94 297.94 295.87 293.73 291.51 289.21 286.84 284.38 281.83 279.20 276.47 273.60 270.50 267.15 263.56 259.76 255.75 251.55 247.19 242.66 238.00 233.21 228.31 223.31 218.24 213.10 207.92 202.70 197.47 192.24 187.02 181.83 176.69 171.60 166.58 161.63
252.23 263.55 273.42 281.95 289.25 295.42 300.59 304.84 308.31 311.09 313.30 315.04 316.43 317.57 318.58 319.50 320.29 320.93 321.42 321.77 321.98 322.04 321.96 321.74 321.39 320.89 320.26 319.49 318.59 317.56 316.39 315.10 313.67 312.12 310.44 308.63 306.72 304.72 302.65 300.51 298.30 296.01 293.63 291.18 288.63 286.00 283.27 280.40 277.30 273.94 270.34 266.52 262.49 258.27 253.87 249.32 244.61 239.78 234.83 229.78 224.65 219.45 214.21 208.92 203.61 198.30 193.00 187.72 182.49 177.30 172.17 167.11 162.11
254.22 265.63 275.59 284.21 291.60 297.87 303.14 307.50 311.08 313.97 316.29 318.15 319.66 320.93 322.07 323.12 324.02 324.78 325.38 325.83 326.14 326.29 326.30 326.16 325.87 325.45 324.87 324.16 323.31 322.32 321.19 319.92 318.52 316.98 315.31 313.51 311.57 309.52 307.39 305.18 302.89 300.52 298.06 295.52 292.89 290.17 287.30 284.19 280.82 277.21 273.38 269.33 265.08 260.65 256.06 251.32 246.44 241.45 236.35 231.16 225.90 220.59 215.23 209.85 204.46 199.08 193.72 188.39 183.11 177.89 172.73 167.62 162.59
256.19 267.69 277.74 286.45 293.94 300.31 305.67 310.14 313.82 316.83 319.26 321.24 322.87 324.26 325.53 326.70 327.73 328.61 329.32 329.87 330.27 330.52 330.61 330.55 330.33 329.97 329.46 328.80 327.99 327.04 325.95 324.71 323.33 321.81 320.14 318.35 316.41 314.34 312.14 309.86 307.49 305.04 302.50 299.87 297.15 294.28 291.17 287.80 284.18 280.32 276.25 271.98 267.53 262.90 258.12 253.20 248.16 243.01 237.77 232.45 227.07 221.65 216.19 210.72 205.26 199.81 194.39 189.02 183.71 178.46 173.26 168.13 163.07
258.15 269.73 279.87 288.67 296.26 302.72 308.19 312.76 316.55 319.66 322.21 324.31 326.06 327.57 328.96 330.27 331.42 332.40 333.22 333.88 334.38 334.71 334.89 334.90 334.76 334.46 334.01 333.40 332.64 331.73 330.67 329.46 328.10 326.59 324.94 323.14 321.20 319.12 316.90 314.55 312.10 309.56 306.94 304.22 301.35 298.24 294.86 291.23 287.36 283.27 278.97 274.49 269.83 265.01 260.05 254.96 249.76 244.46 239.09 233.64 228.15 222.62 217.08 211.53 205.99 200.49 195.02 189.62 184.28 179.01 173.79 168.63 163.55
260.09 271.76 281.98 290.87 298.55 305.11 310.68 315.35 319.25 322.47 325.13 327.35 329.21 330.85 332.37 333.80 335.07 336.17 337.10 337.86 338.45 338.87 339.13 339.22 339.15 338.92 338.52 337.97 337.25 336.38 335.35 334.17 332.83 331.34 329.69 327.90 325.95 323.86 321.62 319.23 316.71 314.09 311.37 308.51 305.39 302.01 298.37 294.48 290.37 286.05 281.54 276.85 271.99 266.99 261.86 256.61 251.25 245.82 240.31 234.75 229.15 223.53 217.90 212.28 206.68 201.12 195.61 190.18 184.83 179.54 174.30 169.13 164.04
262.00 273.75 284.06 293.05 300.81 307.47 313.14 317.92 321.92 325.25 328.02 330.35 332.34 334.10 335.74 337.29 338.68 339.90 340.93 341.79 342.48 342.99 343.33 343.50 343.50 343.33 342.99 342.49 341.82 340.98 339.99 338.83 337.51 336.03 334.39 332.60 330.65 328.55 326.29 323.88 321.31 318.61 315.75 312.64 309.24 305.59 301.69 297.57 293.22 288.68 283.96 279.07 274.02 268.84 263.54 258.13 252.64 247.07 241.44 235.77 230.07 224.36 218.65 212.96 207.31 201.71 196.17 190.72 185.35 180.05 174.81 169.63 164.53
263.89 275.71 286.11 295.18 303.04 309.80 315.56 320.44 324.55 327.99 330.87 333.31 335.42 337.30 339.06 340.74 342.25 343.58 344.72 345.68 346.46 347.06 347.48 347.73 347.80 347.69 347.41 346.95 346.33 345.53 344.57 343.44 342.14 340.67 339.04 337.25 335.29 333.18 330.90 328.46 325.87 323.06 319.96 316.56 312.90 308.99 304.84 300.48 295.91 291.15 286.22 281.14 275.92 270.56 265.10 259.55 253.92 248.22 242.48 236.70 230.91 225.12 219.34 213.59 207.89 202.25 196.69 191.22 185.85 180.55 175.31 170.13 165.02
265.73 277.64 288.12 297.28 305.23 312.08 317.94 322.92 327.13 330.68 333.68 336.23 338.46 340.46 342.34 344.15 345.78 347.22 348.46 349.52 350.40 351.08 351.59 351.91 352.04 352.00 351.77 351.37 350.79 350.03 349.10 347.99 346.71 345.25 343.63 341.84 339.87 337.74 335.45 332.99 330.31 327.30 323.95 320.29 316.37 312.20 307.82 303.22 298.43 293.47 288.35 283.08 277.68 272.16 266.55 260.85 255.09 249.28 243.43 237.55 231.68 225.81 219.97 214.17 208.43 202.76 197.18 191.70 186.34 181.04 175.80 170.63 165.53
267.53 279.52 290.09 299.34 307.38 314.32 320.28 325.36 329.67 333.33 336.44 339.10 341.44 343.57 345.58 347.50 349.25 350.80 352.15 353.31 354.28 355.05 355.63 356.03 356.23 356.25 356.08 355.72 355.19 354.46 353.56 352.48 351.21 349.77 348.15 346.36 344.39 342.25 339.93 337.39 334.51 331.27 327.70 323.82 319.65 315.24 310.62 305.80 300.80 295.64 290.32 284.87 279.31 273.64 267.88 262.05 256.16 250.24 244.29 238.33 232.37 226.44 220.54 214.70 208.92 203.23 197.64 192.16 186.81 181.52 176.30 171.14 166.06
269.29 281.36 292.01 301.34 309.48 316.51 322.57 327.75 332.16 335.93 339.14 341.92 344.38 346.62 348.75 350.80 352.66 354.32 355.78 357.04 358.10 358.96 359.62 360.09 360.36 360.44 360.32 360.01 359.52 358.83 357.96 356.90 355.65 354.22 352.61 350.81 348.84 346.68 344.28 341.54 338.44 334.98 331.20 327.11 322.73 318.10 313.25 308.21 303.01 297.65 292.15 286.53 280.81 274.99 269.09 263.14 257.14 251.11 245.06 239.02 232.99 227.00 221.06 215.18 209.37 203.67 198.07 192.60 187.26 182.00 176.79 171.66 166.59
270.99 283.15 293.88 303.30 311.52 318.65 324.80 330.08 334.60 338.46 341.79 344.68 347.25 349.61 351.87 354.04 356.02 357.79 359.35 360.70 361.85 362.80 363.54 364.08 364.42 364.56 364.49 364.24 363.78 363.13 362.29 361.25 360.02 358.60 356.99 355.19 353.20 350.97 348.38 345.42 342.09 338.43 334.44 330.16 325.59 320.76 315.71 310.46 305.06 299.52 293.85 288.06 282.18 276.22 270.20 264.12 258.01 251.89 245.75 239.64 233.55 227.50 221.52 215.60 209.78 204.07 198.48 193.02 187.70 182.47 177.29 172.18 167.15
272.64 284.87 295.69 305.19 313.50 320.73 326.97 332.35 336.97 340.94 344.37 347.38 350.06 352.54 354.91 357.21 359.30 361.18 362.85 364.30 365.54 366.57 367.39 368.00 368.40 368.60 368.59 368.38 367.97 367.35 366.54 365.52 364.31 362.90 361.29 359.49 357.43 355.01 352.20 349.01 345.48 341.61 337.43 332.96 328.22 323.22 317.99 312.56 306.97 301.24 295.40 289.46 283.44 277.34 271.19 265.00 258.79 252.58 246.37 240.18 234.04 227.94 221.92 215.99 210.16 204.44 198.86 193.43 188.14 182.94 177.80 172.72 167.72
274.23 286.54 297.43 307.03 315.42 322.74 329.08 334.55 339.27 343.35 346.89 350.00 352.80 355.40 357.89 360.30 362.51 364.50 366.27 367.82 369.15 370.26 371.16 371.84 372.31 372.57 372.61 372.45 372.08 371.49 370.71 369.71 368.51 367.11 365.51 363.64 361.39 358.75 355.72 352.33 348.59 344.53 340.17 335.52 330.61 325.45 320.07 314.48 308.72 302.82 296.82 290.73 284.57 278.35 272.08 265.79 259.48 253.18 246.90 240.65 234.46 228.33 222.28 216.33 210.49 204.79 199.22 193.81 188.57 183.41 178.31 173.27 168.32
275.75 288.14 299.11 308.79 317.28 324.68 331.11 336.69 341.51 345.69 349.33 352.56 355.47 358.18 360.79 363.33 365.65 367.75 369.62 371.26 372.68 373.88 374.85 375.61 376.14 376.46 376.55 376.43 376.10 375.55 374.79 373.81 372.63 371.24 369.57 367.52 365.05 362.19 358.95 355.36 351.44 347.20 342.66 337.84 332.77 327.47 321.94 316.22 310.31 304.26 298.11 291.88 285.58 279.24 272.86 266.47 260.08 253.70 247.36 241.06 234.82 228.66 222.59 216.63 210.80 205.10 199.56 194.19 188.99 183.88 178.83 173.84 168.94
277.20 289.67 300.72 310.48 319.05 326.55 333.07 338.74 343.66 347.95 351.70 355.03 358.06 360.88 363.62 366.27 368.71 370.91 372.88 374.62 376.13 377.41 378.46 379.28 379.88 380.25 380.40 380.33 380.03 379.51 378.78 377.83 376.65 375.20 373.35 371.08 368.40 365.33 361.90 358.12 354.01 349.60 344.90 339.92 334.70 329.25 323.59 317.74 311.72 305.55 299.26 292.90 286.48 280.02 273.54 267.06 260.59 254.15 247.74 241.40 235.12 228.94 222.86 216.90 211.07 205.40 199.89 194.56 189.41 184.35 179.36 174.43 169.58
278.58 291.12 302.25 312.09 320.75 328.34 334.96 340.72 345.74 350.12 353.98 357.42 360.56 363.50 366.35 369.12 371.67 373.99 376.06 377.89 379.49 380.85 381.98 382.87 383.53 383.96 384.16 384.13 383.87 383.38 382.68 381.74 380.52 378.88 376.81 374.33 371.44 368.18 364.56 360.60 356.32 351.74 346.88 341.76 336.40 330.82 325.04 319.07 312.94 306.67 300.28 293.79 287.26 280.69 274.12 267.56 261.01 254.51 248.05 241.67 235.37 229.17 223.08 217.12 211.32 205.67 200.20 194.92 189.83 184.84 179.91 175.04 170.25
279.87 292.49 303.70 313.63 322.37 330.04 336.75 342.61 347.73 352.21 356.18 359.73 362.98 366.03 369.00 371.89 374.55 376.97 379.14 381.07 382.75 384.19 385.40 386.36 387.08 387.56 387.81 387.83 387.61 387.15 386.47 385.49 384.08 382.23 379.95 377.26 374.18 370.73 366.93 362.80 358.36 353.63 348.62 343.36 337.87 332.17 326.27 320.20 313.97 307.61 301.13 294.56 287.92 281.26 274.60 267.96 261.35 254.79 248.30 241.88 235.56 229.35 223.26 217.32 211.53 205.92 200.50 195.28 190.25 185.33 180.47 175.68 170.96
281.08 293.77 305.06 315.07 323.90 331.66 338.46 344.41 349.63 354.21 358.28 361.94 365.30 368.46 371.55 374.56 377.33 379.85 382.13 384.15 385.92 387.44 388.71 389.74 390.53 391.07 391.37 391.42 391.24 390.82 390.09 388.93 387.31 385.25 382.77 379.88 376.62 372.99 369.02 364.73 360.14 355.26 350.11 344.73 339.11 333.30 327.29 321.12 314.81 308.36 301.82 295.18 288.47 281.73 274.99 268.28 261.61 255.00 248.47 242.03 235.69 229.48 223.40 217.48 211.73 206.16 200.78 195.63 190.68 185.83 181.05 176.33 171.70
282.30 294.96 306.33 316.42 325.33 333.18 340.07 346.12 351.43 356.11 360.29 364.05 367.52 370.80 374.00 377.12 380.01 382.64 385.01 387.12 388.98 390.58 391.93 393.02 393.87 394.47 394.81 394.91 394.76 394.30 393.40 392.02 390.19 387.93 385.26 382.19 378.75 374.96 370.83 366.38 361.64 356.63 351.36 345.85 340.13 334.21 328.11 321.85 315.45 308.94 302.33 295.63 288.88 282.09 275.28 268.51 261.79 255.14 248.58 242.12 235.78 229.57 223.51 217.61 211.90 206.38 201.07 195.98 191.11 186.35 181.65 177.02 172.47
284.10 296.15 307.50 317.67 326.66 334.60 341.58 347.72 353.13 357.91 362.19 366.06 369.64 373.03 376.35 379.58 382.58 385.31 387.78 389.99 391.93 393.61 395.03 396.19 397.10 397.75 398.14 398.28 398.10 397.46 396.35 394.76 392.74 390.29 387.43 384.19 380.58 376.63 372.35 367.76 362.89 357.75 352.36 346.74 340.91 334.90 328.71 322.38 315.91 309.33 302.66 295.93 289.13 282.31 275.47 268.65 261.89 255.21 248.63 242.16 235.82 229.62 223.58 217.72 212.05 206.58 201.34 196.34 191.56 186.88 182.28 177.74 173.28
286.80 297.85 308.66 318.82 327.90 335.92 342.99 349.22 354.72 359.61 363.98 367.96 371.64 375.15 378.58 381.94 385.04 387.88 390.44 392.74 394.76 396.52 398.02 399.25 400.21 400.92 401.36 401.47 401.11 400.26 398.94 397.16 394.95 392.31 389.28 385.88 382.11 378.01 373.59 368.87 363.87 358.61 353.11 347.39 341.47 335.37 329.11 322.70 316.18 309.55 302.83 296.06 289.24 282.39 275.54 268.71 261.92 255.21 248.62 242.14 235.81 229.63 223.62 217.80 212.18 206.78 201.61 196.69 192.01 187.44 182.93 178.49 174.13
290.23 300.33 310.25 319.94 329.02 337.12 344.28 350.61 356.21 361.19 365.67 369.75 373.54 377.16 380.70 384.17 387.39 390.32 392.99 395.37 397.48 399.32 400.89 402.18 403.20 403.96 404.37 404.31 403.75 402.70 401.18 399.21 396.82 394.01 390.82 387.26 383.34 379.10 374.55 369.70 364.59 359.22 353.62 347.81 341.81 335.63 329.30 322.84 316.26 309.58 302.84 296.03 289.19 282.33 275.48 268.65 261.86 255.15 248.54 242.07 235.76 229.60 223.63 217.86 212.30 206.97 201.88 197.06 192.48 188.01 183.61 179.27 175.02
294.17 303.43 312.52 321.43 330.10 338.22 345.47 351.88 357.58 362.66 367.23 371.42 375.32 379.04 382.71 386.28 389.61 392.65 395.41 397.88 400.08 401.99 403.63 404.99 406.07 406.80 407.05 406.78 406.01 404.77 403.06 400.91 398.35 395.38 392.03 388.33 384.27 379.90 375.23 370.27 365.05 359.58 353.89 348.00 341.92 335.68 329.29 322.77 316.15 309.44 302.67 295.85 289.00 282.14 275.29 268.47 261.71 255.01 248.42 241.96 235.66 229.54 223.62 217.90 212.41 207.15 202.15 197.43 192.96 188.60 184.31 180.10 175.96
298.41 306.92 315.28 323.47 331.48 339.25 346.53 353.04 358.82 364.00 368.68 372.96 376.97 380.81 384.58 388.27 391.71 394.85 397.70 400.26 402.54 404.53 406.24 407.66 408.72 409.29 409.33 408.86 407.90 406.47 404.59 402.27 399.55 396.43 392.93 389.09 384.91 380.41 375.63 370.56 365.24 359.69 353.92 347.95 341.81 335.51 329.07 322.52 315.86 309.13 302.34 295.50 288.65 281.80 274.97 268.18 261.44 254.78 248.23 241.79 235.53 229.45 223.57 217.92 212.50 207.33 202.43 197.81 193.46 189.22 185.05 180.96 176.94
302.72 310.59 318.32 325.90 333.30 340.52 347.52 354.06 359.94 365.22 369.99 374.38 378.50 382.44 386.33 390.13 393.67 396.91 399.86 402.51 404.87 406.94 408.71 410.12 411.02 411.39 411.23 410.57 409.42 407.81 405.76 403.29 400.41 397.14 393.52 389.54 385.24 380.64 375.75 370.59 365.18 359.55 353.71 347.67 341.48 335.13 328.65 322.06 315.38 308.64 301.84 295.01 288.16 281.33 274.52 267.76 261.06 254.46 247.95 241.58 235.35 229.32 223.51 217.92 212.58 207.51 202.71 198.21 193.98 189.87 185.83 181.86 177.97
306.90 314.22 321.42 328.48 335.38 342.12 348.67 355.00 360.93 366.30 371.18 375.67 379.89 383.94 387.94 391.86 395.50 398.84 401.88 404.62 407.06 409.20 410.97 412.22 412.92 413.08 412.73 411.89 410.57 408.79 406.58 403.96 400.94 397.54 393.78 389.69 385.28 380.57 375.59 370.34 364.86 359.15 353.25 347.17 340.92 334.53 328.03 321.42 314.72 307.97 301.17 294.35 287.53 280.72 273.94 267.22 260.58 254.03 247.59 241.29 235.14 229.17 223.42 217.91 212.66 207.69 203.00 198.62 194.52 190.55 186.64 182.80 179.05
310.72 317.59 324.36 331.00 337.51 343.85 350.03 356.03 361.82 367.25 372.22 376.82 381.14 385.30 389.41 393.44 397.19 400.63 403.76 406.59 409.11 411.25 412.86 413.90 414.40 414.38 413.84 412.83 411.34 409.41 407.05 404.29 401.13 397.61 393.74 389.54 385.03 380.23 375.15 369.83 364.28 358.51 352.56 346.43 340.15 333.73 327.20 320.58 313.88 307.13 300.34 293.54 286.74 279.97 273.24 266.57 259.99 253.50 247.14 240.92 234.86 228.99 223.32 217.89 212.74 207.87 203.30 199.04 195.08 191.25 187.49 183.80 180.18
313.96 320.49 326.93 333.25 339.45 345.52 351.42 357.17 362.73 368.08 373.13 377.82 382.25 386.52 390.74 394.88 398.73 402.27 405.50 408.41 410.93 412.91 414.32 415.17 415.48 415.27 414.57 413.39 411.75 409.67 407.17 404.27 401.00 397.36 393.38 389.08 384.48 379.59 374.44 369.05 363.44 357.63 351.62 345.46 339.15 332.72 326.18 319.55 312.86 306.12 299.35 292.58 285.82 279.09 272.41 265.80 259.29 252.88 246.60 240.48 234.52 228.75 223.19 217.86 212.81 208.05 203.61 199.49 195.68 191.99 188.38 184.83 181.37
316.40 322.69 328.90 335.01 341.01 346.88 352.62 358.21 363.62 368.86 373.90 378.68 383.21 387.59 391.91 396.16 400.12 403.76 407.08 409.99 412.36 414.14 415.35 416.02 416.15 415.77 414.91 413.57 411.79 409.57 406.94 403.92 400.53 396.78 392.71 388.32 383.63 378.67 373.46 368.01 362.35 356.49 350.46 344.26 337.94 331.49 324.95 318.33 311.65 304.93 298.20 291.46 284.75 278.07 271.45 264.92 258.48 252.16 245.98 239.95 234.10 228.45 223.02 217.82 212.88 208.25 203.93 199.96 196.30 192.77 189.31 185.92 182.61
317.84 323.98 330.06 336.05 341.95 347.74 353.41 358.93 364.31 369.52 374.55 379.39 384.02 388.50 392.94 397.29 401.36 405.09 408.42 411.18 413.35 414.94 415.96 416.45 416.41 415.88 414.86 413.38 411.46 409.11 406.36 403.23 399.73 395.89 391.72 387.25 382.49 377.47 372.20 366.70 361.00 355.11 349.05 342.84 336.51 330.06 323.53 316.92 310.26 303.58 296.88 290.19 283.53 276.92 270.38 263.92 257.57 251.34 245.26 239.35 233.62 228.10 222.80 217.74 212.95 208.45 204.28 200.45 196.95 193.59 190.29 187.06 183.86
