data_processed/recharge/precip/Precip_1992_09.asc
ncols        168
nrows        136
xllcorner    455000
yllcorner    2107000
cellsize     500
NODATA_value     -99999
[rows 96 to 127 of 136, columns 71 to 141 of 168]
171.74 170.12 168.48 166.82 165.14 163.45 161.74 160.02 158.29 156.54 154.79 153.02 151.24 149.46 147.68 145.88 144.09 142.29 140.48 138.69 136.90 135.14 133.40 131.70 130.03 128.40 126.81 125.26 123.76 122.31 120.92 119.58 118.30 117.08 115.93 114.86 113.85 112.92 112.06 111.23 110.41 109.60 108.81 108.03 107.27 106.52 105.78 105.05 104.33 103.63 102.93 102.25 101.58 100.92 100.27 99.64 99.01 98.39 97.76 97.13 96.48 95.84 95.18 94.52 93.85 93.18 92.50 91.81 91.12 90.42 89.72
171.15 169.48 167.79 166.08 164.36 162.61 160.86 159.08 157.30 155.50 153.69 151.87 150.04 148.20 146.36 144.51 142.66 140.80 138.94 137.10 135.27 133.48 131.71 129.97 128.27 126.61 124.99 123.42 121.90 120.42 119.01 117.65 116.35 115.12 113.95 112.86 111.84 110.90 110.03 109.19 108.36 107.55 106.75 105.97 105.20 104.44 103.70 102.97 102.25 101.55 100.85 100.17 99.50 98.85 98.20 97.57 96.95 96.34 95.73 95.12 94.50 93.88 93.25 92.62 91.98 91.33 90.68 90.02 89.35 88.68 88.01
170.61 168.89 167.15 165.39 163.62 161.82 160.01 158.19 156.35 154.49 152.63 150.75 148.87 146.98 145.07 143.17 141.26 139.34 137.44 135.55 133.69 131.86 130.06 128.30 126.57 124.88 123.23 121.63 120.08 118.59 117.15 115.77 114.46 113.21 112.03 110.92 109.89 108.94 108.06 107.21 106.38 105.56 104.76 103.97 103.20 102.44 101.69 100.96 100.24 99.53 98.84 98.16 97.50 96.85 96.21 95.58 94.96 94.36 93.76 93.18 92.59 91.99 91.39 90.78 90.17 89.55 88.92 88.29 87.66 87.02 86.37
170.12 168.35 166.56 164.75 162.92 161.08 159.21 157.33 155.44 153.53 151.61 149.68 147.74 145.78 143.82 141.86 139.89 137.93 135.98 134.06 132.17 130.30 128.47 126.67 124.92 123.20 121.53 119.90 118.33 116.82 115.36 113.96 112.63 111.36 110.17 109.05 108.01 107.05 106.16 105.31 104.47 103.64 102.83 102.04 101.26 100.50 99.75 99.02 98.30 97.60 96.91 96.23 95.57 94.92 94.29 93.66 93.06 92.46 91.87 91.30 90.74 90.17 89.59 89.01 88.43 87.84 87.25 86.65 86.04 85.43 84.82
169.69 167.87 166.03 164.17 162.28 160.38 158.46 156.53 154.58 152.61 150.63 148.64 146.64 144.63 142.61 140.59 138.57 136.57 134.59 132.63 130.70 128.81 126.94 125.11 123.33 121.58 119.89 118.24 116.65 115.11 113.63 112.22 110.87 109.59 108.38 107.25 106.20 105.23 104.33 103.47 102.62 101.80 100.98 100.19 99.41 98.64 97.90 97.16 96.45 95.74 95.06 94.38 93.73 93.08 92.45 91.84 91.23 90.65 90.07 89.51 88.96 88.42 87.87 87.32 86.77 86.21 85.65 85.08 84.50 83.93 83.34
169.32 167.45 165.55 163.63 161.70 159.74 157.76 155.77 153.76 151.74 149.70 147.65 145.59 143.52 141.44 139.37 137.31 135.27 133.26 131.26 129.30 127.37 125.48 123.62 121.81 120.04 118.31 116.64 115.03 113.47 111.97 110.54 109.18 107.88 106.67 105.52 104.46 103.48 102.58 101.71 100.86 100.03 99.21 98.42 97.63 96.87 96.12 95.39 94.67 93.97 93.29 92.62 91.97 91.33 90.71 90.10 89.50 88.93 88.36 87.81 87.27 86.75 86.23 85.71 85.19 84.66 84.13 83.59 83.05 82.51 81.96
169.02 167.09 165.14 163.16 161.17 159.15 157.12 155.07 153.00 150.92 148.82 146.71 144.59 142.46 140.33 138.22 136.12 134.04 131.99 129.96 127.97 126.01 124.08 122.20 120.36 118.56 116.82 115.12 113.49 111.91 110.40 108.95 107.57 106.26 105.03 103.88 102.81 101.82 100.91 100.04 99.19 98.35 97.53 96.73 95.95 95.18 94.44 93.71 92.99 92.30 91.62 90.95 90.30 89.67 89.06 88.46 87.87 87.30 86.75 86.21 85.68 85.17 84.67 84.19 83.70 83.20 82.70 82.20 81.70 81.19 80.67
168.78 166.79 164.78 162.75 160.70 158.63 156.54 154.43 152.30 150.15 148.00 145.82 143.64 141.46 139.29 137.13 135.00 132.89 130.80 128.74 126.71 124.72 122.77 120.85 118.99 117.17 115.40 113.68 112.03 110.43 108.90 107.44 106.04 104.72 103.48 102.32 101.24 100.25 99.33 98.46 97.60 96.76 95.94 95.14 94.35 93.59 92.84 92.12 91.41 90.71 90.04 89.38 88.74 88.11 87.51 86.92 86.34 85.78 85.24 84.71 84.20 83.70 83.22 82.75 82.29 81.83 81.37 80.90 80.43 79.96 79.48
168.61 166.56 164.50 162.41 160.30 158.17 156.01 153.84 151.65 149.45 147.22 144.99 142.76 140.53 138.32 136.13 133.96 131.81 129.69 127.59 125.54 123.51 121.53 119.59 117.70 115.86 114.06 112.33 110.65 109.04 107.49 106.01 104.61 103.27 102.02 100.85 99.76 98.77 97.85 96.97 96.11 95.27 94.44 93.64 92.86 92.10 91.35 90.63 89.92 89.23 88.56 87.91 87.28 86.66 86.06 85.48 84.92 84.37 83.84 83.32 82.83 82.34 81.88 81.42 80.99 80.56 80.13 79.70 79.27 78.84 78.40
168.51 166.41 164.28 162.14 159.96 157.77 155.55 153.32 151.07 148.80 146.52 144.23 141.95 139.69 137.44 135.21 133.00 130.81 128.66 126.53 124.44 122.39 120.38 118.42 116.50 114.63 112.82 111.07 109.37 107.74 106.18 104.68 103.26 101.92 100.66 99.48 98.39 97.38 96.46 95.58 94.72 93.87 93.05 92.25 91.47 90.71 89.97 89.25 88.54 87.86 87.20 86.55 85.93 85.32 84.73 84.16 83.61 83.07 82.55 82.05 81.57 81.10 80.65 80.22 79.80 79.40 79.00 78.61 78.22 77.82 77.42
168.49 166.33 164.14 161.93 159.70 157.44 155.17 152.87 150.55 148.22 145.88 143.55 141.23 138.93 136.64 134.37 132.13 129.91 127.72 125.56 123.45 121.37 119.33 117.34 115.40 113.51 111.67 109.90 108.19 106.54 104.96 103.45 102.02 100.67 99.40 98.21 97.11 96.11 95.18 94.30 93.43 92.59 91.77 90.97 90.19 89.43 88.69 87.98 87.28 86.60 85.95 85.31 84.69 84.09 83.52 82.96 82.41 81.89 81.39 80.90 80.43 79.98 79.55 79.13 78.73 78.35 77.98 77.63 77.27 76.91 76.55
168.55 166.33 164.08 161.81 159.51 157.19 154.85 152.49 150.11 147.72 145.34 142.97 140.61 138.26 135.94 133.63 131.35 129.10 126.88 124.69 122.54 120.44 118.37 116.36 114.39 112.48 110.63 108.83 107.11 105.44 103.85 102.33 100.89 99.53 98.25 97.05 95.95 94.94 94.01 93.12 92.26 91.42 90.60 89.80 89.02 88.27 87.53 86.82 86.13 85.46 84.81 84.19 83.58 82.99 82.42 81.87 81.35 80.84 80.35 79.87 79.42 78.99 78.57 78.17 77.79 77.43 77.09 76.76 76.44 76.12 75.81
168.69 166.41 164.10 161.76 159.40 157.01 154.61 152.18 149.75 147.31 144.89 142.48 140.08 137.69 135.33 132.99 130.67 128.39 126.14 123.92 121.74 119.61 117.52 115.48 113.49 111.56 109.69 107.88 106.13 104.45 102.85 101.32 99.86 98.49 97.21 96.01 94.90 93.88 92.96 92.07 91.20 90.36 89.54 88.75 87.98 87.23 86.50 85.79 85.11 84.45 83.81 83.19 82.59 82.01 81.46 80.92 80.41 79.91 79.44 78.98 78.54 78.13 77.73 77.35 76.99 76.65 76.33 76.02 75.73 75.46 75.18
168.93 166.58 164.20 161.80 159.37 156.92 154.45 151.96 149.48 147.01 144.54 142.09 139.65 137.22 134.82 132.45 130.10 127.78 125.50 123.25 121.05 118.89 116.78 114.71 112.71 110.75 108.86 107.03 105.27 103.58 101.96 100.42 98.96 97.58 96.28 95.08 93.97 92.95 92.02 91.13 90.27 89.43 88.61 87.82 87.05 86.31 85.59 84.89 84.21 83.56 82.93 82.32 81.73 81.17 80.62 80.10 79.60 79.12 78.66 78.22 77.80 77.41 77.03 76.67 76.33 76.01 75.71 75.43 75.16 74.92 74.68
169.25 166.83 164.39 161.92 159.43 156.91 154.38 151.85 149.33 146.81 144.30 141.80 139.32 136.86 134.43 132.02 129.64 127.29 124.98 122.70 120.47 118.28 116.15 114.06 112.03 110.06 108.15 106.31 104.53 102.83 101.20 99.64 98.17 96.78 95.48 94.27 93.16 92.14 91.21 90.33 89.46 88.63 87.82 87.03 86.26 85.53 84.81 84.12 83.45 82.81 82.19 81.59 81.01 80.46 79.93 79.42 78.94 78.47 78.03 77.61 77.21 76.83 76.47 76.13 75.81 75.52 75.24 74.98 74.74 74.52 74.32
169.66 167.18 164.67 162.13 159.57 157.00 154.42 151.85 149.28 146.72 144.17 141.63 139.11 136.62 134.15 131.70 129.29 126.91 124.57 122.27 120.01 117.80 115.64 113.53 111.48 109.49 107.57 105.71 103.91 102.20 100.56 98.99 97.51 96.12 94.81 93.60 92.48 91.47 90.54 89.65 88.79 87.96 87.15 86.37 85.61 84.88 84.17 83.49 82.83 82.20 81.59 81.00 80.44 79.90 79.38 78.89 78.42 77.97 77.54 77.14 76.76 76.40 76.06 75.74 75.45 75.17 74.92 74.69 74.47 74.28 74.11
170.17 167.62 165.04 162.44 159.82 157.20 154.57 151.96 149.34 146.74 144.15 141.58 139.02 136.49 133.98 131.51 129.06 126.65 124.28 121.96 119.67 117.44 115.26 113.13 111.06 109.05 107.11 105.23 103.43 101.70 100.05 98.48 96.99 95.59 94.28 93.06 91.94 90.93 90.00 89.12 88.26 87.43 86.63 85.85 85.10 84.38 83.68 83.00 82.35 81.73 81.13 80.56 80.01 79.48 78.98 78.50 78.05 77.62 77.21 76.83 76.46 76.13 75.81 75.51 75.24 74.99 74.76 74.55 74.37 74.20 74.06
170.78 168.16 165.52 162.85 160.19 157.52 154.85 152.19 149.53 146.89 144.26 141.64 139.05 136.49 133.95 131.44 128.96 126.52 124.13 121.77 119.46 117.21 115.00 112.86 110.77 108.74 106.78 104.89 103.08 101.34 99.67 98.10 96.60 95.20 93.88 92.67 91.55 90.53 89.60 88.72 87.87 87.05 86.25 85.48 84.74 84.02 83.33 82.67 82.03 81.41 80.83 80.27 79.73 79.22 78.73 78.27 77.84 77.42 77.03 76.67 76.33 76.01 75.72 75.45 75.20 74.97 74.77 74.59 74.43 74.29 74.17
171.48 168.81 166.10 163.39 160.68 157.96 155.25 152.54 149.84 147.16 144.49 141.84 139.21 136.61 134.04 131.50 128.99 126.53 124.10 121.72 119.39 117.11 114.89 112.72 110.61 108.57 106.60 104.70 102.87 101.12 99.45 97.86 96.36 94.95 93.63 92.41 91.29 90.28 89.36 88.48 87.63 86.81 86.02 85.26 84.53 83.82 83.14 82.48 81.86 81.26 80.68 80.14 79.61 79.12 78.65 78.20 77.79 77.39 77.02 76.68 76.36 76.06 75.79 75.54 75.32 75.12 74.94 74.79 74.65 74.55 74.46
172.24 169.56 166.82 164.06 161.29 158.53 155.77 153.02 150.29 147.56 144.86 142.17 139.51 136.87 134.27 131.70 129.16 126.67 124.22 121.81 119.46 117.16 114.91 112.73 110.60 108.55 106.56 104.64 102.80 101.04 99.36 97.77 96.27 94.85 93.53 92.31 91.20 90.18 89.26 88.39 87.55 86.74 85.95 85.20 84.47 83.77 83.10 82.46 81.85 81.26 80.70 80.17 79.66 79.18 78.73 78.30 77.90 77.53 77.18 76.86 76.56 76.29 76.04 75.81 75.61 75.44 75.29 75.16 75.06 74.98 74.92
173.04 170.38 167.65 164.85 162.04 159.24 156.44 153.65 150.87 148.10 145.36 142.64 139.94 137.27 134.64 132.04 129.47 126.95 124.48 122.05 119.67 117.35 115.09 112.88 110.74 108.67 106.67 104.74 102.89 101.12 99.44 97.84 96.33 94.91 93.59 92.37 91.25 90.24 89.33 88.46 87.63 86.82 86.05 85.30 84.58 83.90 83.24 82.61 82.00 81.43 80.89 80.37 79.88 79.42 78.98 78.57 78.19 77.84 77.51 77.21 76.93 76.68 76.46 76.26 76.09 75.94 75.82 75.72 75.65 75.60 75.57
173.91 171.27 168.56 165.77 162.93 160.08 157.24 154.41 151.59 148.79 146.01 143.25 140.52 137.82 135.15 132.52 129.93 127.39 124.89 122.44 120.04 117.69 115.41 113.19 111.04 108.95 106.93 105.00 103.14 101.36 99.67 98.06 96.55 95.13 93.81 92.59 91.48 90.47 89.56 88.70 87.87 87.07 86.31 85.57 84.86 84.19 83.54 82.92 82.33 81.77 81.24 80.74 80.27 79.83 79.41 79.02 78.66 78.33 78.02 77.74 77.49 77.26 77.07 76.89 76.75 76.63 76.53 76.46 76.42 76.40 76.41
174.84 172.22 169.53 166.78 163.95 161.08 158.19 155.32 152.46 149.62 146.81 144.01 141.25 138.52 135.82 133.16 130.55 127.98 125.45 122.98 120.56 118.20 115.89 113.66 111.49 109.39 107.36 105.41 103.54 101.76 100.06 98.45 96.93 95.51 94.19 92.98 91.87 90.86 89.96 89.11 88.29 87.50 86.74 86.01 85.32 84.65 84.02 83.41 82.84 82.30 81.78 81.30 80.84 80.42 80.02 79.65 79.31 79.00 78.72 78.46 78.23 78.03 77.86 77.71 77.60 77.50 77.44 77.40 77.39 77.40 77.44
175.83 173.24 170.58 167.85 165.06 162.20 159.29 156.38 153.48 150.61 147.76 144.93 142.14 139.38 136.65 133.96 131.32 128.72 126.18 123.68 121.24 118.86 116.54 114.29 112.10 109.99 107.96 106.00 104.12 102.33 100.62 99.01 97.49 96.07 94.75 93.54 92.43 91.43 90.54 89.69 88.88 88.10 87.35 86.64 85.95 85.30 84.68 84.09 83.53 83.00 82.50 82.04 81.60 81.19 80.82 80.47 80.15 79.86 79.60 79.37 79.17 78.99 78.85 78.73 78.64 78.58 78.54 78.53 78.55 78.60 78.68
176.89 174.32 171.69 169.00 166.24 163.42 160.53 157.60 154.67 151.76 148.87 146.01 143.18 140.39 137.64 134.93 132.26 129.64 127.07 124.55 122.09 119.69 117.36 115.09 112.89 110.77 108.72 106.75 104.87 103.07 101.36 99.75 98.23 96.81 95.49 94.28 93.17 92.18 91.29 90.46 89.65 88.88 88.15 87.44 86.77 86.13 85.53 84.95 84.41 83.90 83.42 82.97 82.55 82.16 81.81 81.48 81.18 80.92 80.68 80.48 80.30 80.15 80.03 79.94 79.88 79.85 79.84 79.87 79.92 80.01 80.18
178.02 175.48 172.88 170.22 167.50 164.72 161.87 158.96 156.01 153.07 150.15 147.26 144.40 141.58 138.80 136.06 133.36 130.72 128.13 125.59 123.11 120.70 118.35 116.07 113.86 111.72 109.66 107.69 105.80 103.99 102.28 100.66 99.14 97.72 96.41 95.20 94.10 93.12 92.24 91.41 90.62 89.86 89.13 88.44 87.78 87.16 86.56 86.01 85.48 84.99 84.52 84.09 83.70 83.33 82.99 82.69 82.42 82.18 81.97 81.79 81.63 81.51 81.42 81.36 81.33 81.33 81.36 81.41 81.51 81.69 81.97
179.22 176.71 174.14 171.52 168.83 166.09 163.29 160.43 157.51 154.55 151.59 148.67 145.79 142.94 140.13 137.36 134.65 131.98 129.37 126.81 124.32 121.88 119.52 117.22 115.00 112.85 110.79 108.81 106.91 105.10 103.39 101.77 100.25 98.83 97.51 96.31 95.22 94.24 93.37 92.55 91.77 91.02 90.31 89.63 88.99 88.38 87.80 87.26 86.75 86.27 85.83 85.42 85.04 84.70 84.39 84.11 83.86 83.64 83.46 83.30 83.18 83.09 83.02 82.99 82.99 83.02 83.08 83.18 83.36 83.65 84.04
180.48 178.01 175.47 172.89 170.25 167.55 164.79 161.98 159.11 156.18 153.22 150.27 147.35 144.47 141.64 138.85 136.11 133.42 130.79 128.21 125.70 123.25 120.87 118.57 116.33 114.18 112.10 110.11 108.21 106.40 104.68 103.06 101.54 100.13 98.82 97.62 96.53 95.57 94.70 93.90 93.13 92.39 91.69 91.03 90.40 89.80 89.24 88.72 88.23 87.77 87.35 86.96 86.60 86.28 85.99 85.73 85.51 85.32 85.16 85.03 84.93 84.87 84.84 84.84 84.87 84.93 85.03 85.22 85.51 85.90 86.39
181.83 179.38 176.89 174.34 171.74 169.09 166.38 163.62 160.80 157.93 155.00 152.04 149.10 146.19 143.33 140.52 137.76 135.05 132.40 129.80 127.28 124.81 122.42 120.10 117.86 115.69 113.61 111.61 109.71 107.89 106.17 104.55 103.04 101.62 100.32 99.13 98.05 97.09 96.24 95.44 94.68 93.96 93.28 92.63 92.01 91.43 90.89 90.38 89.91 89.47 89.07 88.70 88.37 88.07 87.80 87.57 87.37 87.21 87.08 86.98 86.91 86.88 86.87 86.91 86.97 87.07 87.26 87.55 87.94 88.43 89.02
183.24 180.84 178.38 175.87 173.32 170.71 168.05 165.35 162.58 159.77 156.91 153.99 151.03 148.10 145.22 142.38 139.60 136.87 134.20 131.59 129.04 126.57 124.16 121.83 119.58 117.40 115.32 113.32 111.40 109.59 107.87 106.25 104.73 103.32 102.03 100.84 99.77 98.82 97.98 97.20 96.45 95.74 95.07 94.44 93.84 93.28 92.75 92.27 91.81 91.40 91.02 90.67 90.36 90.08 89.84 89.63 89.46 89.32 89.22 89.15 89.11 89.11 89.14 89.20 89.30 89.49 89.78 90.17 90.65 91.24 91.93
184.74 182.37 179.95 177.49 174.98 172.42 169.82 167.16 164.46 161.71 158.90 156.05 153.14 150.21 147.30 144.44 141.64 138.89 136.20 133.57 131.01 128.52 126.11 123.76 121.50 119.32 117.23 115.22 113.31 111.49 109.77 108.15 106.64 105.24 103.94 102.76 101.70 100.77 99.94 99.17 98.44 97.74 97.09 96.47 95.89 95.34 94.84 94.37 93.94 93.54 93.18 92.86 92.57 92.32 92.10 91.92 91.78 91.67 91.59 91.55 91.54 91.57 91.63 91.74 91.92 92.21 92.59 93.07 93.66 94.34 95.11
186.31 183.98 181.60 179.19 176.73 174.22 171.67 169.07 166.43 163.74 161.00 158.21 155.38 152.49 149.58 146.70 143.88 141.11 138.40 135.76 133.19 130.68 128.26 125.91 123.63 121.45 119.35 117.34 115.42 113.60 111.89 110.27 108.76 107.36 106.08 104.91 103.86 102.93 102.11 101.36 100.64 99.96 99.32 98.72 98.16 97.63 97.14 96.70 96.28 95.91 95.57 95.27 95.01 94.79 94.60 94.44 94.32 94.24 94.19 94.18 94.21 94.27 94.37 94.55 94.83 95.21 95.69 96.27 96.94 97.71 98.57
