data_processed/recharge/precip/Precip_2006_11.asc
ncols        168
nrows        136
xllcorner    455000
yllcorner    2107000
cellsize     500
NODATA_value     -99999
[rows 0 to 33 of 136, columns 0 to 75 of 168]
136.11 131.47 126.70 121.82 116.85 111.81 106.77 101.76 96.80 91.91 87.11 82.41 77.82 73.36 69.04 64.93 61.15 57.73 54.67 51.93 49.52 47.42 45.62 44.09 42.83 41.72 40.67 39.67 38.70 37.77 36.89 36.04 35.24 34.47 33.74 33.05 32.40 31.78 31.20 30.66 30.15 29.67 29.23 28.82 28.45 28.11 27.80 27.52 27.27 27.06 26.87 26.72 26.59 26.49 26.42 26.37 26.36 26.37 26.40 26.44 26.45 26.42 26.36 26.28 26.18 26.08 25.98 25.89 25.82 25.76 25.69 25.62 25.54 25.46 25.37 25.27
137.23 132.48 127.58 122.57 117.46 112.32 107.19 102.09 97.04 92.04 87.11 82.28 77.54 72.93 68.44 64.15 60.20 56.62 53.39 50.50 47.94 45.69 43.74 42.08 40.70 39.56 38.58 37.65 36.77 35.92 35.12 34.36 33.63 32.95 32.30 31.69 31.12 30.58 30.08 29.62 29.19 28.79 28.44 28.11 27.82 27.56 27.33 27.13 26.97 26.83 26.73 26.65 26.60 26.59 26.60 26.63 26.70 26.79 26.88 26.94 26.95 26.92 26.86 26.78 26.68 26.58 26.49 26.40 26.34 26.29 26.22 26.16 26.08 26.00 25.92 25.83
138.07 133.21 128.20 123.07 117.89 112.69 107.49 102.31 97.16 92.06 87.02 82.06 77.19 72.43 67.79 63.34 59.22 55.48 52.10 49.07 46.36 43.98 41.90 40.11 38.60 37.36 36.36 35.51 34.71 33.96 33.24 32.57 31.93 31.34 30.78 30.26 29.77 29.33 28.92 28.54 28.20 27.90 27.63 27.39 27.18 27.01 26.87 26.77 26.69 26.64 26.63 26.64 26.68 26.75 26.85 26.98 27.13 27.28 27.39 27.45 27.46 27.43 27.37 27.30 27.20 27.11 27.02 26.94 26.88 26.83 26.77 26.71 26.64 26.57 26.49 26.40
138.62 133.67 128.57 123.39 118.16 112.91 107.65 102.40 97.17 91.98 86.84 81.77 76.77 71.88 67.09 62.48 58.22 54.33 50.81 47.64 44.80 42.29 40.09 38.19 36.57 35.22 34.13 33.27 32.56 31.90 31.28 30.70 30.16 29.66 29.20 28.78 28.39 28.04 27.73 27.45 27.20 26.99 26.82 26.68 26.57 26.50 26.45 26.44 26.46 26.51 26.59 26.70 26.84 27.00 27.20 27.42 27.64 27.82 27.93 27.98 27.99 27.96 27.91 27.83 27.74 27.65 27.56 27.49 27.43 27.39 27.34 27.28 27.22 27.15 27.08 26.99
138.91 133.88 128.75 123.54 118.29 113.00 107.69 102.38 97.09 91.81 86.58 81.40 76.29 71.27 66.35 61.60 57.20 53.17 49.52 46.22 43.27 40.64 38.33 36.32 34.60 33.15 31.97 31.03 30.33 29.76 29.24 28.77 28.34 27.94 27.58 27.26 26.98 26.73 26.52 26.35 26.21 26.10 26.03 25.99 25.99 26.02 26.08 26.17 26.29 26.45 26.63 26.84 27.09 27.36 27.65 27.95 28.19 28.36 28.47 28.53 28.54 28.51 28.46 28.38 28.30 28.21 28.12 28.06 28.01 27.97 27.92 27.87 27.81 27.75 27.68 27.60
138.93 133.89 128.75 123.54 118.27 112.96 107.61 102.26 96.90 91.55 86.24 80.97 75.76 70.62 65.57 60.69 56.15 52.01 48.23 44.82 41.75 39.02 36.60 34.50 32.69 31.16 29.89 28.88 28.11 27.56 27.15 26.79 26.46 26.18 25.93 25.72 25.55 25.42 25.32 25.25 25.23 25.23 25.27 25.35 25.46 25.60 25.77 25.97 26.21 26.47 26.77 27.09 27.44 27.82 28.20 28.52 28.76 28.93 29.04 29.09 29.10 29.08 29.02 28.95 28.87 28.78 28.70 28.64 28.59 28.56 28.52 28.48 28.42 28.36 28.30 28.22
138.74 133.72 128.60 123.40 118.12 112.79 107.42 102.02 96.61 91.21 85.82 80.47 75.16 69.92 64.76 59.75 55.10 50.84 46.95 43.43 40.26 37.43 34.93 32.74 30.85 29.24 27.91 26.83 26.00 25.41 25.02 24.77 24.56 24.40 24.27 24.18 24.13 24.11 24.13 24.19 24.28 24.40 24.56 24.76 24.98 25.24 25.53 25.86 26.21 26.59 27.01 27.45 27.92 28.39 28.79 29.10 29.34 29.51 29.61 29.67 29.68 29.65 29.60 29.53 29.45 29.37 29.29 29.23 29.20 29.17 29.13 29.09 29.05 28.99 28.93 28.86
138.38 133.39 128.30 123.11 117.84 112.50 107.11 101.68 96.24 90.78 85.33 79.91 74.52 69.19 63.92 58.80 54.04 49.67 45.68 42.07 38.81 35.90 33.31 31.05 29.08 27.41 26.02 24.89 24.01 23.37 22.95 22.73 22.65 22.61 22.61 22.64 22.72 22.83 22.98 23.16 23.38 23.63 23.91 24.23 24.59 24.97 25.39 25.84 26.32 26.83 27.37 27.94 28.51 28.99 29.39 29.70 29.93 30.10 30.21 30.26 30.27 30.25 30.20 30.13 30.05 29.97 29.90 29.84 29.81 29.79 29.76 29.72 29.68 29.63 29.57 29.51
137.84 132.91 127.85 122.68 117.43 112.09 106.70 101.25 95.77 90.28 84.78 79.29 73.84 68.42 63.06 57.83 52.97 48.51 44.43 40.73 37.39 34.41 31.75 29.42 27.40 25.67 24.23 23.05 22.13 21.46 21.01 20.78 20.74 20.83 20.96 21.13 21.34 21.59 21.87 22.18 22.54 22.92 23.34 23.80 24.29 24.81 25.36 25.94 26.56 27.20 27.87 28.54 29.13 29.61 30.00 30.31 30.54 30.71 30.81 30.86 30.87 30.85 30.80 30.74 30.66 30.58 30.52 30.47 30.44 30.42 30.40 30.37 30.33 30.28 30.23 30.17
137.14 132.26 127.25 122.12 116.89 111.57 106.18 100.73 95.23 89.71 84.17 78.63 73.11 67.62 62.17 56.86 51.90 47.35 43.20 39.43 36.02 32.97 30.25 27.87 25.80 24.03 22.54 21.33 20.38 19.68 19.22 18.97 18.93 19.08 19.35 19.66 20.01 20.40 20.82 21.28 21.77 22.30 22.86 23.46 24.09 24.75 25.45 26.17 26.93 27.71 28.49 29.18 29.76 30.24 30.63 30.93 31.16 31.32 31.43 31.48 31.49 31.47 31.42 31.36 31.28 31.21 31.15 31.10 31.08 31.07 31.05 31.02 30.99 30.95 30.90 30.85
136.28 131.47 126.52 121.44 116.24 110.94 105.56 100.11 94.61 89.06 83.50 77.92 72.34 66.79 61.27 55.87 50.84 46.22 42.00 38.16 34.69 31.58 28.82 26.39 24.28 22.48 20.96 19.73 18.76 18.05 17.57 17.32 17.28 17.45 17.79 18.24 18.74 19.28 19.85 20.46 21.10 21.78 22.49 23.24 24.02 24.83 25.67 26.54 27.45 28.34 29.14 29.83 30.40 30.88 31.26 31.57 31.79 31.95 32.05 32.11 32.12 32.09 32.05 31.99 31.92 31.85 31.79 31.74 31.73 31.72 31.71 31.69 31.66 31.62 31.58 31.53
135.27 130.54 125.65 120.62 115.47 110.21 104.85 99.42 93.91 88.36 82.77 77.16 71.55 65.94 60.36 54.89 49.79 45.10 40.82 36.93 33.41 30.26 27.46 25.00 22.86 21.03 19.50 18.25 17.28 16.56 16.08 15.84 15.81 15.99 16.36 16.90 17.55 18.24 18.97 19.74 20.54 21.37 22.24 23.14 24.08 25.05 26.05 27.08 28.10 29.01 29.81 30.49 31.06 31.53 31.91 32.21 32.43 32.59 32.69 32.74 32.75 32.73 32.69 32.63 32.56 32.49 32.44 32.40 32.39 32.39 32.38 32.36 32.34 32.31 32.27 32.22
134.10 129.46 124.65 119.69 114.59 109.38 104.05 98.64 93.15 87.60 82.00 76.37 70.72 65.08 59.44 53.91 48.75 44.01 39.68 35.75 32.19 29.01 26.18 23.69 21.53 19.69 18.15 16.90 15.93 15.21 14.75 14.52 14.52 14.72 15.12 15.71 16.45 17.30 18.20 19.13 20.09 21.09 22.13 23.19 24.29 25.43 26.59 27.74 28.78 29.70 30.48 31.16 31.72 32.19 32.57 32.86 33.08 33.24 33.34 33.39 33.40 33.38 33.33 33.27 33.21 33.15 33.09 33.06 33.05 33.06 33.06 33.05 33.03 33.00 32.97 32.92
132.79 128.24 123.52 118.64 113.61 108.45 103.17 97.79 92.32 86.78 81.19 75.55 69.88 64.20 58.52 52.94 47.73 42.95 38.58 34.61 31.03 27.82 24.98 22.48 20.31 18.46 16.93 15.68 14.72 14.02 13.58 13.38 13.41 13.65 14.09 14.72 15.53 16.49 17.55 18.65 19.79 20.96 22.16 23.40 24.68 25.98 27.27 28.44 29.48 30.39 31.17 31.84 32.40 32.86 33.23 33.52 33.74 33.89 33.99 34.04 34.05 34.03 33.99 33.93 33.87 33.81 33.76 33.73 33.73 33.74 33.74 33.74 33.72 33.70 33.67 33.63
131.33 126.89 122.27 117.48 112.52 107.43 102.21 96.87 91.43 85.92 80.33 74.69 69.01 63.31 57.60 51.98 46.73 41.92 37.52 33.53 29.93 26.71 23.86 21.35 19.19 17.35 15.83 14.60 13.66 12.99 12.58 12.42 12.49 12.78 13.27 13.96 14.83 15.86 17.04 18.31 19.63 20.98 22.37 23.79 25.24 26.67 27.99 29.16 30.19 31.08 31.86 32.52 33.08 33.53 33.90 34.19 34.41 34.56 34.65 34.70 34.71 34.69 34.65 34.60 34.54 34.48 34.43 34.41 34.41 34.43 34.43 34.43 34.42 34.41 34.38 34.35
129.73 125.42 120.91 116.21 111.34 106.32 101.17 95.88 90.49 85.01 79.44 73.81 68.13 62.42 56.69 51.04 45.76 40.93 36.51 32.51 28.90 25.68 22.83 20.33 18.18 16.36 14.86 13.66 12.75 12.12 11.75 11.64 11.76 12.10 12.66 13.42 14.36 15.47 16.74 18.15 19.64 21.18 22.75 24.36 25.95 27.41 28.72 29.88 30.90 31.79 32.56 33.21 33.76 34.21 34.58 34.86 35.08 35.23 35.32 35.37 35.38 35.36 35.32 35.27 35.21 35.15 35.11 35.09 35.10 35.12 35.13 35.14 35.13 35.12 35.10 35.07
128.01 123.82 119.43 114.84 110.07 105.14 100.05 94.83 89.50 84.05 78.52 72.91 67.24 61.53 55.79 50.12 44.83 39.98 35.56 31.55 27.95 24.73 21.89 19.41 17.29 15.49 14.02 12.86 12.00 11.41 11.10 11.04 11.23 11.64 12.27 13.10 14.13 15.32 16.69 18.20 19.84 21.57 23.33 25.08 26.70 28.15 29.45 30.60 31.61 32.50 33.26 33.91 34.45 34.90 35.26 35.54 35.75 35.90 35.99 36.04 36.05 36.03 35.99 35.94 35.88 35.83 35.80 35.78 35.79 35.82 35.83 35.84 35.84 35.83 35.82 35.79
126.15 122.10 117.84 113.37 108.71 103.87 98.87 93.73 88.46 83.07 77.58 72.00 66.35 60.65 54.90 49.22 43.92 39.07 34.66 30.66 27.07 23.87 21.05 18.61 16.51 14.76 13.33 12.22 11.40 10.88 10.63 10.64 10.90 11.39 12.10 13.02 14.14 15.43 16.90 18.52 20.28 22.16 24.07 25.85 27.45 28.90 30.19 31.33 32.34 33.21 33.97 34.61 35.15 35.59 35.95 36.23 36.43 36.58 36.67 36.72 36.73 36.71 36.67 36.62 36.57 36.52 36.48 36.47 36.49 36.52 36.54 36.55 36.56 36.55 36.54 36.52
124.17 120.27 116.15 111.80 107.26 102.53 97.63 92.57 87.37 82.05 76.61 71.07 65.46 59.77 54.03 48.36 43.06 38.22 33.82 29.84 26.27 23.10 20.32 17.91 15.86 14.15 12.78 11.72 10.97 10.52 10.34 10.43 10.77 11.35 12.16 13.18 14.40 15.80 17.38 19.12 21.00 22.96 24.86 26.62 28.22 29.65 30.93 32.06 33.06 33.93 34.68 35.32 35.85 36.29 36.64 36.91 37.12 37.26 37.35 37.40 37.41 37.39 37.35 37.30 37.25 37.20 37.17 37.16 37.19 37.22 37.25 37.27 37.28 37.28 37.27 37.25
122.06 118.33 114.35 110.15 105.74 101.12 96.33 91.37 86.25 81.00 75.62 70.14 64.56 58.91 53.19 47.53 42.25 37.42 33.04 29.09 25.56 22.43 19.69 17.33 15.33 13.68 12.37 11.39 10.71 10.34 10.24 10.42 10.86 11.54 12.45 13.57 14.91 16.43 18.13 20.00 21.96 23.87 25.69 27.40 28.98 30.40 31.67 32.80 33.79 34.65 35.39 36.02 36.55 36.98 37.33 37.60 37.80 37.94 38.03 38.08 38.09 38.07 38.03 37.98 37.93 37.89 37.86 37.86 37.89 37.93 37.96 37.98 38.00 38.00 38.00 37.98
119.84 116.28 112.47 108.41 104.14 99.65 94.98 90.12 85.10 79.93 74.63 69.21 63.68 58.07 52.38 46.74 41.48 36.68 32.34 28.43 24.94 21.86 19.17 16.87 14.94 13.36 12.12 11.22 10.63 10.34 10.34 10.62 11.16 11.94 12.97 14.22 15.67 17.33 19.16 21.11 23.01 24.84 26.57 28.21 29.75 31.16 32.42 33.54 34.52 35.37 36.11 36.73 37.25 37.68 38.03 38.29 38.49 38.63 38.72 38.76 38.77 38.75 38.71 38.67 38.62 38.58 38.56 38.56 38.59 38.63 38.67 38.70 38.72 38.73 38.73 38.72
117.51 114.13 110.49 106.60 102.47 98.12 93.57 88.83 83.92 78.84 73.62 68.27 62.81 57.25 51.60 45.99 40.77 36.01 31.71 27.85 24.41 21.39 18.77 16.54 14.68 13.18 12.03 11.21 10.72 10.53 10.63 11.02 11.67 12.58 13.73 15.11 16.70 18.49 20.41 22.30 24.12 25.86 27.51 29.08 30.55 31.92 33.17 34.28 35.25 36.10 36.82 37.44 37.96 38.38 38.72 38.99 39.18 39.32 39.40 39.44 39.45 39.43 39.40 39.35 39.31 39.27 39.25 39.25 39.29 39.34 39.38 39.41 39.44 39.45 39.45 39.45
115.08 111.89 108.42 104.70 100.73 96.53 92.12 87.51 82.71 77.74 72.61 67.35 61.96 56.45 50.86 45.29 40.11 35.41 31.16 27.36 23.99 21.04 18.49 16.34 14.56 13.16 12.10 11.38 10.99 10.91 11.13 11.64 12.42 13.46 14.74 16.26 17.99 19.87 21.73 23.53 25.26 26.92 28.49 29.98 31.39 32.70 33.92 35.01 35.98 36.82 37.54 38.15 38.66 39.08 39.42 39.68 39.87 40.00 40.08 40.13 40.13 40.12 40.08 40.04 40.00 39.96 39.94 39.95 39.99 40.05 40.09 40.13 40.16 40.17 40.18 40.18
112.54 109.55 106.28 102.74 98.94 94.90 90.63 86.15 81.48 76.63 71.61 66.43 61.12 55.69 50.16 44.64 39.52 34.87 30.69 26.96 23.67 20.79 18.33 16.27 14.59 13.28 12.33 11.73 11.45 11.49 11.84 12.47 13.39 14.57 16.00 17.66 19.48 21.31 23.07 24.78 26.43 28.00 29.50 30.93 32.27 33.52 34.69 35.75 36.71 37.54 38.25 38.86 39.37 39.78 40.11 40.37 40.55 40.69 40.77 40.81 40.81 40.80 40.76 40.72 40.68 40.65 40.63 40.65 40.69 40.75 40.80 40.84 40.87 40.89 40.91 40.91
109.90 107.13 104.05 100.70 97.08 93.21 89.11 84.78 80.24 75.51 70.60 65.53 60.32 54.97 49.50 44.05 38.99 34.42 30.31 26.66 23.45 20.67 18.31 16.35 14.77 13.57 12.74 12.25 12.10 12.27 12.75 13.53 14.59 15.92 17.50 19.26 21.03 22.75 24.42 26.04 27.60 29.10 30.53 31.89 33.17 34.37 35.48 36.51 37.44 38.26 38.97 39.57 40.07 40.47 40.80 41.05 41.24 41.37 41.45 41.48 41.49 41.47 41.44 41.40 41.36 41.33 41.32 41.34 41.39 41.45 41.51 41.55 41.59 41.61 41.63 41.64
107.17 104.62 101.76 98.61 95.18 91.49 87.55 83.38 78.98 74.39 69.61 64.65 59.54 54.28 48.90 43.52 38.54 34.05 30.02 26.46 23.35 20.67 18.41 16.56 15.10 14.03 13.32 12.96 12.95 13.26 13.89 14.81 16.03 17.52 19.19 20.90 22.56 24.19 25.77 27.30 28.78 30.20 31.56 32.86 34.08 35.23 36.29 37.28 38.17 38.98 39.68 40.27 40.76 41.17 41.49 41.74 41.92 42.04 42.12 42.16 42.17 42.15 42.12 42.08 42.04 42.01 42.00 42.02 42.08 42.15 42.21 42.26 42.30 42.33 42.35 42.36
104.35 102.03 99.39 96.45 93.22 89.72 85.96 81.96 77.72 73.28 68.63 63.80 58.80 53.64 48.35 43.06 38.16 33.76 29.83 26.38 23.37 20.80 18.66 16.93 15.60 14.65 14.08 13.86 13.99 14.46 15.24 16.33 17.71 19.29 20.91 22.51 24.08 25.61 27.10 28.55 29.95 31.30 32.59 33.82 34.99 36.09 37.11 38.06 38.92 39.70 40.38 40.97 41.46 41.85 42.17 42.42 42.60 42.72 42.79 42.83 42.83 42.82 42.79 42.75 42.71 42.69 42.68 42.71 42.76 42.84 42.90 42.96 43.00 43.04 43.06 43.07
101.44 99.37 96.96 94.24 91.23 87.92 84.35 80.53 76.46 72.17 67.67 62.97 58.10 53.05 47.86 42.66 37.86 33.56 29.74 26.40 23.51 21.06 19.04 17.45 16.25 15.45 15.02 14.96 15.24 15.87 16.82 18.08 19.56 21.08 22.60 24.09 25.56 27.00 28.40 29.77 31.10 32.38 33.60 34.78 35.89 36.94 37.93 38.84 39.67 40.42 41.09 41.66 42.14 42.54 42.85 43.09 43.27 43.39 43.46 43.49 43.50 43.48 43.45 43.41 43.38 43.36 43.36 43.38 43.45 43.52 43.59 43.65 43.70 43.74 43.77 43.78
98.45 96.63 94.47 91.99 89.19 86.10 82.73 79.09 75.20 71.08 66.73 62.18 57.44 52.52 47.44 42.34 37.65 33.46 29.76 26.54 23.77 21.46 19.58 18.12 17.07 16.42 16.15 16.25 16.70 17.50 18.62 19.99 21.41 22.82 24.23 25.62 26.99 28.34 29.67 30.96 32.21 33.42 34.59 35.71 36.77 37.78 38.72 39.60 40.40 41.13 41.78 42.35 42.82 43.21 43.52 43.76 43.93 44.05 44.12 44.15 44.16 44.14 44.11 44.07 44.04 44.02 44.02 44.05 44.12 44.20 44.28 44.34 44.39 44.43 44.47 44.49
95.39 93.83 91.93 89.68 87.12 84.25 81.09 77.65 73.95 70.00 65.82 61.42 56.83 52.04 47.08 42.10 37.53 33.46 29.89 26.79 24.17 21.99 20.26 18.96 18.07 17.58 17.47 17.74 18.38 19.35 20.58 21.89 23.19 24.50 25.80 27.10 28.38 29.64 30.88 32.09 33.28 34.43 35.53 36.60 37.62 38.58 39.49 40.33 41.12 41.83 42.46 43.02 43.49 43.88 44.19 44.42 44.59 44.70 44.77 44.80 44.81 44.79 44.76 44.72 44.69 44.68 44.68 44.72 44.79 44.88 44.95 45.02 45.08 45.12 45.16 45.18
92.31 90.98 89.33 87.34 85.02 82.38 79.44 76.21 72.70 68.94 64.94 60.71 56.27 51.62 46.80 41.94 37.50 33.56 30.13 27.18 24.70 22.68 21.10 19.96 19.24 18.92 18.99 19.45 20.26 21.35 22.52 23.71 24.90 26.10 27.30 28.50 29.69 30.87 32.03 33.17 34.29 35.38 36.43 37.44 38.42 39.34 40.22 41.03 41.79 42.49 43.11 43.67 44.14 44.53 44.84 45.07 45.24 45.35 45.42 45.45 45.45 45.43 45.40 45.37 45.34 45.33 45.33 45.37 45.45 45.54 45.62 45.69 45.75 45.80 45.84 45.87
89.32 88.11 86.69 84.96 82.89 80.49 77.78 74.77 71.48 67.91 64.10 60.04 55.76 51.28 46.59 41.87 37.57 33.77 30.49 27.69 25.37 23.51 22.10 21.13 20.59 20.45 20.72 21.36 22.29 23.31 24.36 25.43 26.52 27.61 28.72 29.82 30.93 32.02 33.11 34.18 35.23 36.26 37.26 38.23 39.16 40.05 40.89 41.69 42.42 43.10 43.72 44.27 44.75 45.15 45.47 45.71 45.88 45.99 46.05 46.08 46.08 46.06 46.03 46.00 45.98 45.96 45.97 46.01 46.09 46.19 46.28 46.35 46.42 46.47 46.51 46.55
86.50 85.36 84.05 82.55 80.74 78.59 76.12 73.34 70.27 66.91 63.29 59.43 55.32 51.00 46.47 41.90 37.74 34.10 30.97 28.33 26.18 24.50 23.27 22.48 22.12 22.18 22.64 23.40 24.27 25.17 26.10 27.06 28.04 29.03 30.04 31.05 32.07 33.09 34.10 35.11 36.10 37.07 38.02 38.94 39.83 40.69 41.50 42.28 43.00 43.67 44.28 44.83 45.31 45.73 46.07 46.33 46.50 46.61 46.68 46.70 46.70 46.69 46.66 46.62 46.60 46.59 46.60 46.65 46.73 46.83 46.92 47.00 47.07 47.13 47.18 47.21
83.86 82.78 81.55 80.16 78.58 76.69 74.47 71.93 69.08 65.95 62.54 58.87 54.95 50.80 46.43 42.02 38.01 34.54 31.58 29.12 27.14 25.64 24.60 24.01 23.85 24.11 24.69 25.38 26.12 26.90 27.72 28.57 29.44 30.34 31.25 32.18 33.12 34.06 35.00 35.94 36.87 37.79 38.69 39.57 40.43 41.25 42.04 42.79 43.50 44.16 44.77 45.33 45.82 46.25 46.61 46.89 47.10 47.23 47.29 47.32 47.32 47.30 47.27 47.24 47.21 47.21 47.22 47.27 47.36 47.46 47.56 47.64 47.71 47.78 47.83 47.87
