data_processed/recharge/precip/Precip_1985_06.asc
ncols        168
nrows        136
xllcorner    455000
yllcorner    2107000
cellsize     500
NODATA_value     -99999
[rows 32 to 63 of 136, columns 0 to 70 of 168]
345.84 341.75 337.50 333.09 328.53 323.81 318.97 314.03 309.02 303.96 298.88 293.81 288.77 283.80 278.91 274.24 269.90 265.88 262.18 258.80 255.71 252.92 250.42 248.19 246.22 244.52 243.01 241.56 240.10 238.63 237.16 235.67 234.17 232.66 231.14 229.61 228.07 226.51 224.95 223.37 221.78 220.18 218.57 216.94 215.30 213.65 211.98 210.30 208.61 206.90 205.18 203.44 201.69 199.92 198.14 196.34 194.52 192.67 190.78 188.86 186.92 184.97 183.01 181.06 179.13 177.22 175.33 173.49 171.70 169.95 168.25
346.22 342.26 338.13 333.85 329.44 324.89 320.20 315.41 310.54 305.61 300.65 295.69 290.76 285.88 281.08 276.49 272.23 268.29 264.68 261.39 258.39 255.69 253.28 251.15 249.28 247.62 246.03 244.42 242.82 241.20 239.58 237.95 236.32 234.68 233.03 231.38 229.72 228.05 226.37 224.68 222.98 221.28 219.57 217.84 216.11 214.37 212.62 210.86 209.08 207.30 205.51 203.70 201.88 200.05 198.21 196.36 194.50 192.62 190.71 188.77 186.82 184.85 182.88 180.92 178.97 177.05 175.16 173.31 171.51 169.76 168.05
346.64 342.81 338.80 334.65 330.37 325.97 321.45 316.82 312.09 307.30 302.47 297.63 292.81 288.03 283.33 278.83 274.66 270.82 267.30 264.10 261.21 258.61 256.30 254.27 252.46 250.71 248.96 247.21 245.46 243.70 241.95 240.19 238.42 236.65 234.88 233.11 231.33 229.54 227.76 225.96 224.16 222.36 220.55 218.74 216.91 215.09 213.25 211.41 209.57 207.71 205.85 203.98 202.10 200.22 198.32 196.42 194.51 192.59 190.66 188.70 186.73 184.75 182.77 180.80 178.84 176.91 175.01 173.15 171.34 169.58 167.87
347.11 343.41 339.54 335.51 331.35 327.08 322.72 318.25 313.68 309.03 304.35 299.64 294.93 290.27 285.66 281.26 277.19 273.46 270.05 266.95 264.17 261.68 259.48 257.51 255.61 253.71 251.82 249.92 248.03 246.14 244.24 242.35 240.46 238.57 236.68 234.79 232.89 231.00 229.11 227.21 225.31 223.41 221.51 219.61 217.70 215.79 213.88 211.97 210.05 208.13 206.20 204.27 202.34 200.40 198.45 196.50 194.55 192.59 190.62 188.65 186.66 184.67 182.68 180.69 178.72 176.78 174.87 173.00 171.19 169.42 167.70
347.63 344.08 340.34 336.44 332.41 328.26 324.02 319.71 315.30 310.81 306.27 301.70 297.13 292.58 288.09 283.80 279.84 276.22 272.92 269.94 267.27 264.90 262.77 260.71 258.66 256.61 254.57 252.54 250.51 248.48 246.46 244.44 242.43 240.42 238.41 236.40 234.40 232.40 230.41 228.41 226.42 224.43 222.44 220.45 218.47 216.48 214.49 212.51 210.52 208.54 206.55 204.56 202.58 200.59 198.60 196.61 194.61 192.62 190.62 188.62 186.62 184.61 182.60 180.60 178.62 176.67 174.75 172.87 171.05 169.28 167.55
348.22 344.81 341.22 337.45 333.55 329.52 325.40 321.21 316.96 312.64 308.25 303.83 299.40 294.98 290.61 286.44 282.60 279.09 275.92 273.07 270.52 268.22 266.00 263.80 261.60 259.41 257.23 255.06 252.89 250.74 248.59 246.45 244.31 242.19 240.07 237.95 235.85 233.75 231.65 229.56 227.48 225.40 223.33 221.26 219.19 217.13 215.08 213.03 210.98 208.93 206.89 204.85 202.81 200.78 198.75 196.72 194.69 192.66 190.63 188.61 186.58 184.56 182.54 180.53 178.54 176.58 174.65 172.77 170.93 169.15 167.43
348.88 345.62 342.17 338.55 334.77 330.88 326.88 322.81 318.68 314.52 310.30 306.03 301.74 297.46 293.22 289.18 285.46 282.09 279.05 276.33 273.86 271.48 269.11 266.76 264.41 262.09 259.77 257.46 255.17 252.89 250.62 248.36 246.11 243.87 241.64 239.42 237.22 235.02 232.83 230.65 228.48 226.31 224.16 222.02 219.88 217.75 215.62 213.51 211.40 209.30 207.21 205.12 203.04 200.96 198.89 196.82 194.76 192.71 190.66 188.61 186.57 184.53 182.50 180.48 178.48 176.50 174.57 172.68 170.84 169.05 167.32
349.61 346.52 343.21 339.73 336.10 332.33 328.46 324.51 320.50 316.46 312.40 308.30 304.17 300.04 295.94 292.02 288.45 285.21 282.31 279.67 277.12 274.59 272.08 269.58 267.10 264.63 262.18 259.75 257.33 254.93 252.54 250.16 247.80 245.46 243.12 240.81 238.50 236.21 233.93 231.66 229.41 227.16 224.93 222.71 220.51 218.31 216.13 213.95 211.79 209.63 207.49 205.36 203.23 201.12 199.02 196.92 194.83 192.75 190.68 188.62 186.56 184.52 182.48 180.45 178.43 176.45 174.50 172.61 170.76 168.97 167.23
350.44 347.50 344.35 341.02 337.53 333.90 330.16 326.34 322.45 318.52 314.58 310.64 306.67 302.70 298.75 294.98 291.55 288.46 285.64 282.92 280.23 277.55 274.90 272.26 269.64 267.04 264.47 261.91 259.37 256.84 254.34 251.86 249.39 246.94 244.50 242.09 239.69 237.31 234.94 232.59 230.25 227.94 225.63 223.35 221.07 218.81 216.57 214.34 212.13 209.92 207.74 205.56 203.40 201.25 199.12 196.99 194.88 192.78 190.70 188.62 186.56 184.50 182.46 180.43 178.41 176.42 174.46 172.56 170.70 168.90 167.16
351.36 348.58 345.60 342.42 339.07 335.59 331.98 328.29 324.52 320.72 316.89 313.07 309.26 305.45 301.66 298.04 294.76 291.77 288.88 286.01 283.17 280.35 277.55 274.78 272.03 269.31 266.61 263.92 261.27 258.63 256.02 253.42 250.85 248.30 245.77 243.26 240.77 238.30 235.85 233.42 231.01 228.62 226.25 223.90 221.56 219.25 216.95 214.67 212.41 210.16 207.93 205.72 203.53 201.35 199.18 197.04 194.91 192.79 190.69 188.61 186.54 184.48 182.44 180.41 178.40 176.40 174.44 172.53 170.67 168.86 167.12
352.38 349.77 346.95 343.93 340.74 337.40 333.93 330.37 326.74 323.06 319.35 315.64 311.95 308.30 304.67 301.21 298.04 294.97 291.93 288.92 285.93 282.97 280.04 277.14 274.27 271.42 268.59 265.79 263.02 260.27 257.55 254.86 252.18 249.54 246.91 244.32 241.74 239.19 236.66 234.16 231.68 229.22 226.78 224.36 221.97 219.60 217.25 214.92 212.62 210.33 208.07 205.82 203.60 201.39 199.21 197.04 194.89 192.77 190.66 188.57 186.49 184.44 182.40 180.39 178.38 176.40 174.44 172.52 170.65 168.84 167.12
353.51 351.08 348.42 345.56 342.53 339.34 336.02 332.60 329.10 325.55 321.96 318.37 314.79 311.26 307.79 304.44 301.19 297.97 294.79 291.63 288.51 285.42 282.36 279.33 276.33 273.36 270.41 267.50 264.62 261.77 258.94 256.15 253.38 250.64 247.93 245.24 242.59 239.96 237.35 234.78 232.23 229.70 227.21 224.73 222.29 219.87 217.47 215.10 212.75 210.43 208.13 205.86 203.61 201.38 199.17 196.99 194.83 192.70 190.58 188.49 186.42 184.37 182.35 180.34 178.36 176.39 174.45 172.53 170.66 168.88 167.20
354.77 352.52 350.03 347.34 344.47 341.43 338.27 334.99 331.63 328.21 324.75 321.28 317.82 314.40 311.01 307.61 304.22 300.85 297.53 294.23 290.98 287.75 284.56 281.41 278.28 275.19 272.14 269.12 266.13 263.17 260.24 257.35 254.49 251.66 248.86 246.09 243.36 240.65 237.97 235.33 232.71 230.13 227.57 225.04 222.54 220.08 217.63 215.22 212.84 210.48 208.15 205.85 203.57 201.33 199.11 196.91 194.74 192.60 190.48 188.39 186.33 184.29 182.27 180.28 178.31 176.37 174.45 172.56 170.72 168.98 167.33
356.19 354.12 351.82 349.30 346.59 343.72 340.70 337.58 334.36 331.07 327.74 324.40 321.06 317.73 314.37 310.94 307.43 303.92 300.45 297.01 293.61 290.25 286.93 283.65 280.40 277.19 274.02 270.88 267.78 264.71 261.68 258.69 255.73 252.81 249.92 247.06 244.24 241.46 238.71 235.99 233.30 230.65 228.03 225.45 222.89 220.37 217.88 215.43 213.00 210.61 208.24 205.91 203.61 201.34 199.10 196.88 194.70 192.55 190.43 188.33 186.27 184.23 182.22 180.24 178.29 176.37 174.47 172.62 170.83 169.12 167.51
357.79 355.91 353.79 351.44 348.90 346.19 343.34 340.36 337.29 334.15 330.95 327.74 324.50 321.21 317.86 314.43 310.88 307.25 303.63 300.05 296.50 293.00 289.55 286.13 282.75 279.41 276.12 272.86 269.64 266.46 263.32 260.22 257.16 254.14 251.16 248.21 245.30 242.43 239.60 236.80 234.05 231.32 228.64 225.99 223.37 220.80 218.25 215.75 213.28 210.84 208.44 206.07 203.73 201.43 199.17 196.93 194.73 192.57 190.43 188.33 186.26 184.23 182.22 180.25 178.31 176.40 174.53 172.71 170.96 169.31 167.74
359.57 357.88 355.94 353.77 351.40 348.86 346.17 343.35 340.43 337.43 334.38 331.27 328.08 324.80 321.46 318.03 314.48 310.82 307.07 303.34 299.65 296.00 292.40 288.84 285.33 281.86 278.44 275.06 271.72 268.42 265.17 261.96 258.79 255.66 252.58 249.54 246.54 243.58 240.66 237.78 234.94 232.14 229.38 226.67 223.99 221.35 218.75 216.19 213.66 211.18 208.73 206.32 203.95 201.62 199.32 197.06 194.84 192.65 190.50 188.39 186.31 184.27 182.26 180.29 178.35 176.46 174.62 172.84 171.14 169.53 168.01
361.52 360.02 358.27 356.29 354.10 351.73 349.20 346.54 343.77 340.92 337.99 334.94 331.77 328.51 325.17 321.74 318.19 314.52 310.74 306.89 303.04 299.25 295.50 291.80 288.14 284.54 280.98 277.47 274.00 270.59 267.21 263.89 260.61 257.37 254.18 251.04 247.94 244.89 241.88 238.91 235.99 233.11 230.27 227.48 224.73 222.03 219.36 216.74 214.16 211.62 209.13 206.67 204.26 201.89 199.56 197.27 195.02 192.80 190.63 188.50 186.41 184.36 182.34 180.37 178.44 176.56 174.74 172.99 171.34 169.78 168.31
363.64 362.34 360.78 358.98 356.98 354.78 352.43 349.93 347.32 344.60 341.73 338.71 335.57 332.32 328.99 325.57 322.01 318.34 314.55 310.65 306.69 302.74 298.84 294.99 291.19 287.44 283.74 280.10 276.50 272.96 269.46 266.01 262.62 259.27 255.97 252.72 249.51 246.36 243.25 240.19 237.18 234.22 231.30 228.43 225.61 222.83 220.10 217.41 214.77 212.18 209.63 207.12 204.66 202.25 199.87 197.55 195.26 193.02 190.82 188.67 186.56 184.49 182.46 180.48 178.56 176.69 174.90 173.18 171.57 170.05 168.63
365.93 364.83 363.47 361.86 360.04 358.03 355.85 353.52 351.05 348.40 345.57 342.58 339.46 336.23 332.91 329.49 325.94 322.26 318.46 314.55 310.54 306.47 302.41 298.41 294.46 290.57 286.73 282.94 279.21 275.53 271.91 268.33 264.81 261.35 257.93 254.57 251.26 248.00 244.79 241.64 238.53 235.47 232.47 229.52 226.61 223.76 220.95 218.20 215.49 212.83 210.22 207.66 205.15 202.69 200.27 197.90 195.58 193.30 191.07 188.89 186.76 184.67 182.62 180.64 178.71 176.86 175.09 173.40 171.82 170.35 168.98
368.39 367.50 366.34 364.93 363.29 361.46 359.46 357.28 354.89 352.29 349.50 346.54 343.44 340.23 336.92 333.50 329.95 326.27 322.47 318.55 314.53 310.41 306.23 302.07 297.96 293.92 289.93 286.00 282.12 278.31 274.55 270.85 267.20 263.61 260.07 256.59 253.17 249.80 246.49 243.23 240.02 236.87 233.78 230.73 227.74 224.81 221.93 219.10 216.32 213.59 210.92 208.30 205.73 203.21 200.74 198.33 195.96 193.65 191.38 189.17 187.00 184.89 182.83 180.83 178.91 177.06 175.31 173.66 172.11 170.68 169.36
371.02 370.34 369.38 368.17 366.73 365.09 363.24 361.15 358.82 356.26 353.51 350.58 347.51 344.31 341.02 337.61 334.06 330.38 326.57 322.64 318.61 314.47 310.24 305.95 301.69 297.49 293.35 289.27 285.25 281.29 277.39 273.55 269.77 266.05 262.39 258.79 255.25 251.77 248.34 244.97 241.67 238.41 235.22 232.08 229.00 225.98 223.02 220.11 217.25 214.45 211.71 209.03 206.39 203.82 201.29 198.83 196.41 194.05 191.75 189.49 187.29 185.15 183.07 181.06 179.13 177.30 175.56 173.94 172.43 171.04 169.75
373.81 373.34 372.59 371.59 370.35 368.87 367.12 365.09 362.82 360.31 357.60 354.71 351.66 348.48 345.20 341.79 338.25 334.56 330.75 326.82 322.77 318.62 314.37 310.04 305.64 301.28 296.98 292.75 288.58 284.47 280.43 276.45 272.53 268.68 264.89 261.16 257.49 253.89 250.35 246.87 243.45 240.10 236.80 233.57 230.39 227.28 224.22 221.23 218.29 215.42 212.60 209.84 207.14 204.50 201.92 199.40 196.93 194.52 192.17 189.87 187.62 185.45 183.34 181.32 179.39 177.57 175.85 174.24 172.77 171.41 170.17
376.77 376.52 375.98 375.18 374.12 372.75 371.07 369.11 366.89 364.43 361.76 358.90 355.88 352.73 349.45 346.06 342.51 338.83 335.02 331.08 327.02 322.86 318.59 314.23 309.79 305.29 300.83 296.44 292.11 287.85 283.66 279.53 275.48 271.48 267.56 263.70 259.91 256.18 252.52 248.92 245.39 241.92 238.52 235.18 231.90 228.69 225.54 222.46 219.44 216.48 213.58 210.75 207.98 205.27 202.62 200.04 197.51 195.05 192.64 190.28 188.00 185.79 183.66 181.62 179.69 177.86 176.16 174.58 173.13 171.81 170.61
379.89 379.87 379.54 378.93 377.98 376.69 375.08 373.18 371.02 368.61 365.98 363.16 360.17 357.04 353.78 350.39 346.85 343.17 339.35 335.41 331.34 327.17 322.88 318.50 314.04 309.49 304.89 300.34 295.85 291.43 287.08 282.81 278.60 274.47 270.40 266.41 262.48 258.62 254.83 251.11 247.46 243.88 240.37 236.92 233.54 230.23 226.98 223.80 220.69 217.64 214.66 211.75 208.90 206.12 203.40 200.75 198.16 195.62 193.15 190.74 188.41 186.16 184.01 181.96 180.02 178.19 176.50 174.94 173.52 172.24 171.08
383.17 383.38 383.25 382.76 381.90 380.69 379.15 377.32 375.21 372.85 370.27 367.49 364.53 361.41 358.17 354.79 351.26 347.58 343.76 339.81 335.74 331.55 327.25 322.85 318.36 313.79 309.13 304.44 299.79 295.21 290.70 286.27 281.92 277.63 273.42 269.28 265.22 261.23 257.31 253.46 249.68 245.98 242.35 238.79 235.30 231.88 228.53 225.25 222.04 218.90 215.84 212.84 209.91 207.04 204.25 201.52 198.86 196.25 193.71 191.24 188.86 186.58 184.40 182.32 180.37 178.55 176.87 175.33 173.94 172.68 171.56
386.62 387.03 387.03 386.64 385.86 384.73 383.27 381.51 379.46 377.15 374.61 371.87 368.93 365.84 362.61 359.25 355.72 352.05 348.23 344.27 340.19 335.99 331.68 327.27 322.75 318.15 313.47 308.72 303.93 299.19 294.52 289.92 285.41 280.97 276.61 272.33 268.12 263.99 259.93 255.95 252.05 248.22 244.46 240.78 237.18 233.65 230.19 226.81 223.50 220.26 217.10 214.01 210.99 208.05 205.17 202.35 199.60 196.91 194.30 191.78 189.35 187.03 184.82 182.72 180.76 178.94 177.26 175.74 174.37 173.15 172.06
390.20 390.74 390.86 390.56 389.87 388.82 387.44 385.74 383.75 381.49 379.00 376.29 373.39 370.32 367.11 363.76 360.24 356.57 352.75 348.79 344.71 340.50 336.17 331.74 327.21 322.58 317.88 313.09 308.24 303.36 298.52 293.76 289.08 284.49 279.97 275.54 271.18 266.90 262.71 258.59 254.55 250.59 246.71 242.91 239.18 235.53 231.96 228.47 225.06 221.72 218.45 215.27 212.16 209.12 206.15 203.23 200.39 197.62 194.94 192.36 189.88 187.51 185.27 183.16 181.18 179.35 177.68 176.18 174.83 173.64 172.58
393.84 394.50 394.71 394.51 393.91 392.95 391.64 390.01 388.08 385.88 383.43 380.76 377.90 374.85 371.66 368.31 364.81 361.14 357.32 353.36 349.27 345.05 340.72 336.27 331.72 327.07 322.34 317.52 312.64 307.69 302.71 297.78 292.94 288.18 283.50 278.91 274.40 269.98 265.63 261.37 257.20 253.10 249.09 245.15 241.30 237.53 233.85 230.24 226.71 223.27 219.90 216.61 213.40 210.26 207.17 204.16 201.22 198.37 195.62 192.98 190.44 188.04 185.76 183.62 181.63 179.80 178.13 176.64 175.31 174.14 173.11
397.51 398.28 398.60 398.50 397.99 397.11 395.87 394.31 392.45 390.30 387.90 385.27 382.44 379.42 376.24 372.91 369.41 365.75 361.94 357.98 353.88 349.66 345.31 340.84 336.27 331.61 326.85 322.01 317.09 312.10 307.06 301.99 296.98 292.05 287.21 282.45 277.78 273.20 268.71 264.30 259.98 255.74 251.59 247.53 243.55 239.65 235.84 232.11 228.47 224.91 221.43 218.04 214.71 211.44 208.24 205.12 202.10 199.17 196.34 193.63 191.05 188.59 186.28 184.11 182.10 180.26 178.60 177.12 175.82 174.67 173.67
401.20 402.08 402.51 402.50 402.09 401.29 400.14 398.64 396.84 394.75 392.40 389.81 387.01 384.02 380.86 377.55 374.06 370.40 366.59 362.64 358.53 354.30 349.94 345.46 340.88 336.19 331.40 326.53 321.59 316.57 311.48 306.35 301.19 296.09 291.07 286.15 281.32 276.58 271.93 267.37 262.90 258.52 254.23 250.02 245.91 241.88 237.94 234.09 230.32 226.65 223.05 219.52 216.06 212.67 209.36 206.14 203.02 200.00 197.10 194.32 191.68 189.18 186.83 184.63 182.61 180.76 179.09 177.62 176.34 175.21 174.23
404.90 405.90 406.44 406.53 406.21 405.50 404.42 403.00 401.26 399.23 396.92 394.38 391.61 388.65 385.51 382.21 378.73 375.09 371.28 367.32 363.22 358.98 354.61 350.12 345.52 340.81 336.00 331.10 326.13 321.07 315.95 310.77 305.54 300.30 295.11 290.02 285.02 280.11 275.30 270.59 265.96 261.43 256.99 252.64 248.38 244.22 240.15 236.17 232.28 228.47 224.73 221.06 217.47 213.95 210.52 207.20 203.98 200.87 197.90 195.05 192.35 189.80 187.41 185.18 183.14 181.28 179.61 178.15 176.88 175.77 174.82
408.62 409.73 410.38 410.57 410.34 409.72 408.72 407.37 405.69 403.72 401.47 398.96 396.23 393.30 390.18 386.90 383.43 379.80 375.99 372.04 367.93 363.69 359.31 354.81 350.19 345.46 340.63 335.71 330.70 325.61 320.46 315.24 309.96 304.64 299.31 294.04 288.87 283.80 278.82 273.94 269.15 264.47 259.87 255.38 250.98 246.67 242.46 238.34 234.32 230.36 226.47 222.65 218.92 215.28 211.73 208.30 204.98 201.79 198.73 195.82 193.05 190.45 188.02 185.76 183.69 181.82 180.15 178.69 177.43 176.35 175.42
