data_processed/recharge/precip/Precip_2013_03.asc
ncols        168
nrows        136
xllcorner    455000
yllcorner    2107000
cellsize     500
NODATA_value     -99999
[rows 0 to 36 of 136, columns 84 to 167 of 168]
0.91 1.42 1.94 2.46 2.98 3.49 4.01 4.52 5.03 5.53 6.02 6.51 6.98 7.41 7.82 8.20 8.54 8.86 9.15 9.42 9.65 9.86 10.05 10.21 10.35 10.46 10.55 10.62 10.67 10.70 10.70 10.67 10.62 10.54 10.44 10.31 10.16 9.99 9.80 9.58 9.35 9.10 8.83 8.54 8.24 7.92 7.59 7.25 6.89 6.52 6.16 5.82 5.48 5.15 4.83 4.52 4.22 3.94 3.67 3.42 3.18 2.95 2.75 2.56 2.38 2.23 2.09 1.98 1.88 1.80 1.72 1.65 1.58 1.52 1.47 1.42 1.38 1.34 1.32 1.30 1.29 1.29 1.30 1.32
0.54 1.06 1.58 2.10 2.62 3.15 3.67 4.19 4.70 5.21 5.71 6.21 6.70 7.17 7.61 8.01 8.39 8.74 9.06 9.35 9.61 9.84 10.05 10.24 10.40 10.54 10.65 10.74 10.80 10.84 10.85 10.83 10.79 10.72 10.62 10.50 10.36 10.19 10.00 9.79 9.56 9.31 9.04 8.75 8.45 8.13 7.80 7.45 7.09 6.72 6.36 6.00 5.66 5.33 5.00 4.69 4.39 4.11 3.84 3.58 3.34 3.11 2.90 2.70 2.53 2.37 2.23 2.11 2.02 1.94 1.88 1.82 1.77 1.73 1.69 1.66 1.64 1.62 1.62 1.62 1.63 1.65 1.68 1.72
0.17 0.69 1.22 1.74 2.27 2.80 3.32 3.85 4.37 4.89 5.40 5.90 6.40 6.89 7.36 7.80 8.21 8.58 8.93 9.25 9.54 9.80 10.04 10.25 10.43 10.59 10.73 10.84 10.91 10.96 10.98 10.98 10.94 10.88 10.79 10.67 10.53 10.37 10.19 9.98 9.76 9.51 9.24 8.96 8.65 8.34 8.00 7.65 7.29 6.92 6.55 6.19 5.85 5.51 5.19 4.88 4.57 4.29 4.01 3.75 3.51 3.28 3.07 2.87 2.70 2.54 2.40 2.28 2.18 2.10 2.04 2.00 1.97 1.94 1.92 1.91 1.91 1.91 1.93 1.95 1.98 2.03 2.08 2.14
0.00 0.33 0.85 1.38 1.91 2.44 2.97 3.50 4.03 4.56 5.08 5.59 6.10 6.60 7.09 7.56 8.00 8.41 8.78 9.13 9.45 9.74 10.00 10.24 10.45 10.63 10.78 10.91 11.00 11.06 11.09 11.10 11.07 11.02 10.94 10.83 10.70 10.54 10.37 10.17 9.94 9.70 9.44 9.15 8.85 8.54 8.20 7.85 7.49 7.11 6.75 6.39 6.04 5.71 5.38 5.07 4.76 4.48 4.20 3.94 3.70 3.47 3.25 3.06 2.88 2.72 2.58 2.46 2.36 2.29 2.23 2.20 2.18 2.17 2.17 2.18 2.19 2.22 2.25 2.30 2.35 2.42 2.49 2.58
0.00 0.00 0.49 1.02 1.55 2.09 2.62 3.16 3.69 4.22 4.75 5.27 5.79 6.30 6.80 7.29 7.76 8.20 8.61 8.99 9.34 9.65 9.94 10.20 10.44 10.64 10.82 10.96 11.06 11.14 11.18 11.20 11.18 11.14 11.07 10.97 10.85 10.70 10.53 10.34 10.12 9.88 9.62 9.35 9.05 8.73 8.40 8.05 7.69 7.31 6.95 6.59 6.24 5.90 5.58 5.26 4.96 4.67 4.40 4.14 3.90 3.67 3.46 3.26 3.08 2.93 2.79 2.67 2.57 2.49 2.44 2.41 2.40 2.41 2.43 2.45 2.49 2.54 2.59 2.66 2.74 2.82 2.92 3.00
0.00 0.00 0.12 0.65 1.19 1.73 2.27 2.81 3.35 3.88 4.42 4.95 5.47 5.99 6.50 7.01 7.50 7.97 8.41 8.82 9.20 9.54 9.86 10.15 10.41 10.63 10.82 10.98 11.10 11.19 11.25 11.28 11.27 11.24 11.18 11.10 10.99 10.85 10.68 10.50 10.29 10.06 9.80 9.53 9.24 8.92 8.59 8.25 7.88 7.51 7.15 6.79 6.44 6.11 5.78 5.47 5.17 4.88 4.61 4.35 4.11 3.88 3.67 3.48 3.31 3.15 3.01 2.90 2.80 2.73 2.68 2.65 2.64 2.66 2.70 2.74 2.80 2.87 2.95 3.03 3.13 3.24 3.34 3.42
0.00 0.00 0.00 0.28 0.82 1.37 1.91 2.46 3.00 3.54 4.08 4.62 5.15 5.68 6.20 6.71 7.22 7.71 8.18 8.62 9.03 9.41 9.76 10.07 10.35 10.59 10.80 10.97 11.11 11.22 11.29 11.33 11.35 11.33 11.28 11.21 11.11 10.98 10.82 10.65 10.44 10.22 9.97 9.71 9.42 9.11 8.78 8.44 8.08 7.71 7.35 6.99 6.65 6.32 5.99 5.68 5.39 5.10 4.83 4.58 4.34 4.11 3.91 3.72 3.55 3.39 3.26 3.15 3.06 2.99 2.94 2.91 2.91 2.93 2.98 3.05 3.12 3.21 3.31 3.42 3.54 3.65 3.75 3.83
0.00 0.00 0.00 0.00 0.46 1.00 1.55 2.10 2.65 3.20 3.74 4.29 4.83 5.36 5.89 6.42 6.93 7.43 7.93 8.40 8.84 9.25 9.62 9.96 10.26 10.52 10.75 10.94 11.10 11.22 11.31 11.37 11.40 11.39 11.36 11.30 11.21 11.09 10.95 10.78 10.59 10.37 10.14 9.88 9.59 9.29 8.97 8.63 8.28 7.91 7.55 7.20 6.86 6.53 6.21 5.90 5.61 5.33 5.06 4.81 4.58 4.36 4.15 3.97 3.80 3.65 3.53 3.42 3.33 3.27 3.22 3.20 3.21 3.23 3.29 3.36 3.46 3.57 3.70 3.83 3.95 4.06 4.15 4.23
0.00 0.00 0.00 0.00 0.09 0.64 1.19 1.74 2.30 2.85 3.40 3.95 4.50 5.04 5.58 6.11 6.64 7.15 7.66 8.15 8.62 9.06 9.46 9.82 10.14 10.43 10.67 10.88 11.06 11.20 11.31 11.38 11.43 11.44 11.42 11.37 11.30 11.19 11.06 10.91 10.72 10.52 10.29 10.04 9.76 9.47 9.15 8.82 8.47 8.11 7.75 7.40 7.07 6.74 6.43 6.13 5.84 5.56 5.30 5.06 4.83 4.61 4.42 4.24 4.08 3.93 3.81 3.71 3.63 3.57 3.53 3.52 3.53 3.56 3.62 3.71 3.82 3.95 4.09 4.22 4.34 4.45 4.54 4.62
0.00 0.00 0.00 0.00 0.00 0.27 0.83 1.38 1.94 2.50 3.06 3.61 4.17 4.72 5.26 5.80 6.34 6.86 7.38 7.88 8.38 8.84 9.26 9.65 9.99 10.30 10.57 10.80 10.99 11.15 11.28 11.37 11.43 11.46 11.46 11.43 11.37 11.28 11.16 11.02 10.85 10.65 10.43 10.19 9.92 9.64 9.33 9.00 8.66 8.30 7.95 7.61 7.28 6.96 6.66 6.36 6.08 5.81 5.55 5.31 5.09 4.88 4.69 4.52 4.37 4.23 4.12 4.02 3.95 3.89 3.86 3.86 3.87 3.92 3.98 4.08 4.20 4.34 4.48 4.61 4.73 4.83 4.93 5.00
0.00 0.00 0.00 0.00 0.00 0.00 0.46 1.02 1.58 2.15 2.71 3.27 3.83 4.39 4.94 5.49 6.03 6.57 7.09 7.61 8.11 8.59 9.03 9.44 9.81 10.14 10.43 10.69 10.90 11.08 11.23 11.34 11.42 11.47 11.48 11.47 11.42 11.35 11.24 11.11 10.96 10.77 10.56 10.33 10.08 9.80 9.50 9.18 8.85 8.50 8.15 7.82 7.50 7.18 6.88 6.60 6.32 6.06 5.81 5.58 5.36 5.17 4.98 4.82 4.67 4.54 4.44 4.35 4.28 4.24 4.22 4.22 4.25 4.30 4.37 4.48 4.60 4.73 4.86 4.99 5.11 5.21 5.30 5.37
0.00 0.00 0.00 0.00 0.00 0.00 0.10 0.66 1.23 1.79 2.36 2.93 3.49 4.06 4.62 5.17 5.72 6.27 6.80 7.32 7.82 8.31 8.77 9.20 9.60 9.95 10.27 10.54 10.78 10.99 11.15 11.29 11.38 11.45 11.48 11.48 11.46 11.40 11.31 11.19 11.05 10.88 10.69 10.47 10.22 9.96 9.67 9.36 9.03 8.69 8.35 8.03 7.71 7.41 7.12 6.84 6.57 6.32 6.08 5.86 5.65 5.46 5.29 5.13 4.99 4.87 4.78 4.70 4.64 4.61 4.60 4.61 4.65 4.71 4.79 4.90 5.01 5.13 5.24 5.36 5.47 5.57 5.66 5.74
0.00 0.00 0.00 0.00 0.00 0.00 0.00 0.30 0.87 1.44 2.01 2.58 3.15 3.72 4.29 4.85 5.41 5.96 6.50 7.02 7.53 8.01 8.48 8.93 9.35 9.73 10.07 10.37 10.64 10.86 11.05 11.21 11.33 11.41 11.46 11.48 11.47 11.43 11.36 11.26 11.13 10.98 10.80 10.59 10.36 10.11 9.83 9.53 9.21 8.88 8.55 8.24 7.93 7.64 7.35 7.08 6.83 6.58 6.36 6.14 5.95 5.76 5.60 5.46 5.33 5.22 5.13 5.07 5.02 5.00 5.00 5.02 5.07 5.14 5.23 5.33 5.43 5.53 5.63 5.73 5.83 5.93 6.02 6.09
0.00 0.00 0.00 0.00 0.00 0.00 0.00 0.00 0.51 1.08 1.66 2.23 2.81 3.39 3.96 4.53 5.09 5.65 6.19 6.71 7.22 7.71 8.18 8.64 9.07 9.48 9.85 10.17 10.46 10.71 10.93 11.10 11.24 11.35 11.42 11.46 11.47 11.45 11.40 11.31 11.20 11.06 10.90 10.71 10.49 10.25 9.98 9.70 9.39 9.06 8.75 8.44 8.15 7.86 7.59 7.33 7.09 6.86 6.64 6.44 6.25 6.08 5.93 5.80 5.68 5.58 5.51 5.45 5.42 5.41 5.42 5.46 5.51 5.59 5.68 5.76 5.85 5.93 6.02 6.10 6.19 6.28 6.36 6.43
0.00 0.00 0.00 0.00 0.00 0.00 0.00 0.00 0.15 0.73 1.31 1.89 2.47 3.05 3.63 4.20 4.77 5.32 5.86 6.39 6.90 7.39 7.87 8.33 8.78 9.20 9.59 9.94 10.26 10.53 10.77 10.97 11.14 11.27 11.36 11.42 11.45 11.45 11.42 11.35 11.26 11.14 10.99 10.81 10.61 10.38 10.13 9.85 9.56 9.25 8.94 8.65 8.37 8.09 7.83 7.59 7.35 7.13 6.93 6.74 6.57 6.41 6.27 6.15 6.05 5.96 5.90 5.86 5.84 5.84 5.86 5.91 5.98 6.05 6.12 6.20 6.27 6.34 6.41 6.48 6.55 6.62 6.70 6.76
0.00 0.00 0.00 0.00 0.00 0.00 0.00 0.00 0.00 0.37 0.95 1.54 2.12 2.71 3.29 3.87 4.43 4.98 5.52 6.05 6.57 7.07 7.55 8.02 8.46 8.89 9.30 9.69 10.03 10.33 10.59 10.82 11.01 11.16 11.28 11.36 11.41 11.43 11.42 11.37 11.30 11.20 11.06 10.90 10.72 10.50 10.27 10.01 9.72 9.43 9.13 8.85 8.58 8.32 8.08 7.84 7.62 7.42 7.22 7.05 6.89 6.75 6.62 6.51 6.42 6.36 6.31 6.28 6.27 6.29 6.33 6.39 6.45 6.51 6.57 6.63 6.69 6.75 6.80 6.86 6.92 6.97 7.03 7.09
0.00 0.00 0.00 0.00 0.00 0.00 0.00 0.00 0.00 0.02 0.60 1.19 1.78 2.36 2.95 3.52 4.08 4.64 5.18 5.71 6.23 6.73 7.22 7.69 8.14 8.58 9.00 9.40 9.77 10.10 10.39 10.64 10.85 11.03 11.17 11.28 11.35 11.39 11.40 11.38 11.32 11.24 11.13 10.98 10.82 10.62 10.40 10.15 9.88 9.60 9.32 9.06 8.80 8.55 8.32 8.10 7.90 7.70 7.53 7.37 7.22 7.09 6.98 6.89 6.82 6.76 6.73 6.72 6.73 6.76 6.81 6.86 6.91 6.96 7.01 7.06 7.11 7.15 7.20 7.24 7.28 7.33 7.37 7.41
0.00 0.00 0.00 0.00 0.00 0.00 0.00 0.00 0.00 0.00 0.25 0.84 1.43 2.01 2.59 3.17 3.73 4.28 4.82 5.36 5.88 6.38 6.87 7.35 7.81 8.25 8.68 9.09 9.48 9.83 10.15 10.43 10.67 10.88 11.05 11.18 11.28 11.34 11.37 11.37 11.33 11.27 11.18 11.05 10.90 10.73 10.52 10.29 10.04 9.77 9.51 9.26 9.01 8.79 8.57 8.36 8.17 8.00 7.84 7.69 7.56 7.45 7.36 7.28 7.22 7.18 7.17 7.17 7.20 7.24 7.29 7.33 7.37 7.42 7.45 7.49 7.52 7.56 7.59 7.62 7.65 7.68 7.71 7.74
0.00 0.00 0.00 0.00 0.00 0.00 0.00 0.00 0.00 0.00 0.00 0.49 1.08 1.66 2.23 2.80 3.37 3.92 4.46 4.99 5.52 6.03 6.52 7.00 7.47 7.92 8.35 8.77 9.17 9.54 9.89 10.20 10.47 10.70 10.89 11.05 11.18 11.26 11.32 11.34 11.33 11.29 11.21 11.11 10.98 10.82 10.63 10.42 10.18 9.93 9.69 9.45 9.23 9.02 8.81 8.63 8.45 8.29 8.15 8.02 7.91 7.82 7.74 7.68 7.64 7.62 7.62 7.64 7.68 7.72 7.76 7.80 7.83 7.86 7.89 7.92 7.94 7.96 7.98 8.00 8.02 8.04 8.05 8.06
0.00 0.00 0.00 0.00 0.00 0.00 0.00 0.00 0.00 0.00 0.00 0.13 0.72 1.29 1.87 2.44 3.00 3.55 4.09 4.63 5.15 5.66 6.16 6.65 7.12 7.58 8.02 8.44 8.85 9.24 9.60 9.94 10.24 10.50 10.72 10.91 11.05 11.17 11.25 11.29 11.31 11.29 11.24 11.15 11.04 10.91 10.74 10.55 10.33 10.09 9.86 9.65 9.44 9.24 9.06 8.89 8.74 8.60 8.47 8.36 8.27 8.19 8.13 8.09 8.07 8.07 8.09 8.12 8.16 8.20 8.23 8.26 8.28 8.30 8.32 8.34 8.35 8.36 8.37 8.38 8.39 8.39 8.39 8.39
0.00 0.00 0.00 0.00 0.00 0.00 0.00 0.00 0.00 0.00 0.00 0.00 0.35 0.92 1.50 2.06 2.62 3.17 3.72 4.25 4.78 5.29 5.79 6.28 6.76 7.23 7.67 8.11 8.52 8.92 9.30 9.65 9.98 10.27 10.52 10.74 10.91 11.05 11.16 11.23 11.27 11.27 11.24 11.19 11.10 10.98 10.83 10.66 10.46 10.24 10.03 9.84 9.65 9.47 9.31 9.16 9.02 8.90 8.79 8.70 8.63 8.57 8.53 8.51 8.51 8.53 8.56 8.60 8.63 8.66 8.69 8.71 8.72 8.74 8.75 8.76 8.76 8.76 8.76 8.76 8.75 8.75 8.74 8.72
0.00 0.00 0.00 0.00 0.00 0.00 0.00 0.00 0.00 0.00 0.00 0.00 0.00 0.55 1.12 1.68 2.24 2.79 3.33 3.87 4.40 4.91 5.42 5.92 6.40 6.87 7.32 7.76 8.19 8.59 8.98 9.35 9.70 10.02 10.30 10.54 10.75 10.92 11.05 11.15 11.21 11.24 11.24 11.20 11.14 11.04 10.92 10.77 10.59 10.39 10.20 10.02 9.85 9.70 9.55 9.42 9.31 9.21 9.12 9.05 9.00 8.96 8.94 8.94 8.96 9.00 9.03 9.07 9.09 9.12 9.13 9.15 9.16 9.17 9.17 9.17 9.16 9.16 9.15 9.13 9.12 9.10 9.08 9.05
0.00 0.00 0.00 0.00 0.00 0.00 0.00 0.00 0.00 0.00 0.00 0.00 0.00 0.17 0.73 1.29 1.85 2.40 2.94 3.48 4.01 4.53 5.04 5.54 6.03 6.50 6.96 7.41 7.84 8.26 8.66 9.04 9.40 9.74 10.05 10.33 10.56 10.76 10.92 11.05 11.14 11.19 11.22 11.21 11.17 11.09 10.99 10.86 10.70 10.53 10.36 10.20 10.06 9.92 9.80 9.69 9.60 9.52 9.45 9.40 9.37 9.36 9.36 9.39 9.42 9.46 9.49 9.52 9.54 9.56 9.57 9.58 9.59 9.59 9.58 9.57 9.56 9.55 9.53 9.50 9.48 9.45 9.42 9.38
0.00 0.00 0.00 0.00 0.00 0.00 0.00 0.00 0.00 0.00 0.00 0.00 0.00 0.00 0.35 0.91 1.46 2.01 2.55 3.09 3.62 4.14 4.65 5.16 5.65 6.13 6.60 7.05 7.49 7.92 8.33 8.72 9.09 9.45 9.78 10.08 10.35 10.58 10.77 10.92 11.04 11.13 11.18 11.19 11.18 11.13 11.06 10.95 10.81 10.66 10.51 10.38 10.25 10.14 10.04 9.96 9.89 9.83 9.79 9.76 9.75 9.76 9.79 9.83 9.87 9.91 9.94 9.96 9.98 9.99 10.00 10.00 10.00 10.00 9.99 9.97 9.95 9.93 9.90 9.87 9.83 9.80 9.75 9.71
0.00 0.00 0.00 0.00 0.00 0.00 0.00 0.00 0.00 0.00 0.00 0.00 0.00 0.00 0.00 0.51 1.06 1.61 2.16 2.69 3.22 3.75 4.27 4.77 5.27 5.76 6.23 6.69 7.14 7.57 7.99 8.40 8.78 9.15 9.49 9.82 10.12 10.38 10.60 10.78 10.93 11.05 11.12 11.17 11.18 11.16 11.11 11.02 10.91 10.78 10.66 10.55 10.45 10.36 10.28 10.22 10.17 10.14 10.12 10.12 10.14 10.17 10.22 10.27 10.30 10.34 10.37 10.39 10.40 10.41 10.42 10.42 10.41 10.40 10.38 10.36 10.33 10.30 10.27 10.23 10.19 10.14 10.09 10.03
0.00 0.00 0.00 0.00 0.00 0.00 0.00 0.00 0.00 0.00 0.00 0.00 0.00 0.00 0.00 0.12 0.67 1.21 1.76 2.29 2.83 3.35 3.87 4.38 4.88 5.38 5.86 6.33 6.78 7.22 7.65 8.07 8.46 8.84 9.20 9.54 9.86 10.15 10.41 10.62 10.80 10.95 11.05 11.13 11.17 11.17 11.15 11.09 11.00 10.90 10.80 10.71 10.64 10.57 10.52 10.49 10.46 10.46 10.46 10.49 10.53 10.58 10.64 10.68 10.72 10.75 10.78 10.80 10.81 10.82 10.82 10.81 10.80 10.79 10.77 10.74 10.71 10.67 10.63 10.58 10.53 10.48 10.42 10.35
0.00 0.00 0.00 0.00 0.00 0.00 0.00 0.00 0.00 0.00 0.00 0.00 0.00 0.00 0.00 0.00 0.27 0.81 1.35 1.89 2.43 2.95 3.48 3.99 4.50 4.99 5.48 5.96 6.42 6.87 7.31 7.73 8.14 8.53 8.90 9.26 9.59 9.91 10.20 10.44 10.65 10.83 10.97 11.07 11.14 11.17 11.17 11.14 11.08 11.01 10.93 10.87 10.82 10.79 10.76 10.75 10.75 10.77 10.81 10.86 10.92 10.98 11.03 11.08 11.12 11.15 11.18 11.19 11.21 11.21 11.21 11.20 11.19 11.17 11.14 11.11 11.07 11.03 10.98 10.93 10.87 10.81 10.74 10.67
0.00 0.00 0.00 0.00 0.00 0.00 0.00 0.00 0.00 0.00 0.00 0.00 0.00 0.00 0.00 0.00 0.00 0.41 0.95 1.49 2.02 2.55 3.08 3.59 4.10 4.61 5.10 5.58 6.05 6.51 6.96 7.39 7.81 8.21 8.60 8.97 9.32 9.65 9.96 10.24 10.49 10.69 10.86 11.00 11.09 11.16 11.19 11.19 11.16 11.10 11.06 11.02 11.00 10.99 10.99 11.01 11.04 11.09 11.15 11.22 11.29 11.36 11.41 11.46 11.50 11.53 11.56 11.57 11.58 11.59 11.58 11.57 11.56 11.53 11.50 11.47 11.42 11.38 11.32 11.27 11.20 11.13 11.06 10.98
0.00 0.00 0.00 0.00 0.00 0.00 0.00 0.00 0.00 0.00 0.00 0.00 0.00 0.00 0.00 0.00 0.00 0.01 0.55 1.08 1.62 2.15 2.68 3.20 3.71 4.22 4.72 5.21 5.68 6.15 6.61 7.05 7.48 7.89 8.29 8.68 9.04 9.39 9.71 10.02 10.30 10.54 10.74 10.91 11.04 11.13 11.19 11.22 11.22 11.19 11.17 11.17 11.17 11.19 11.22 11.27 11.33 11.40 11.49 11.57 11.65 11.71 11.77 11.82 11.86 11.89 11.92 11.93 11.94 11.95 11.94 11.93 11.91 11.88 11.85 11.81 11.77 11.72 11.66 11.59 11.52 11.45 11.37 11.28
0.00 0.00 0.00 0.00 0.00 0.00 0.00 0.00 0.00 0.00 0.00 0.00 0.00 0.00 0.00 0.00 0.00 0.00 0.14 0.68 1.21 1.75 2.27 2.80 3.32 3.83 4.33 4.83 5.31 5.79 6.25 6.71 7.15 7.57 7.98 8.38 8.76 9.12 9.46 9.79 10.09 10.36 10.60 10.80 10.96 11.09 11.18 11.24 11.26 11.27 11.28 11.31 11.34 11.39 11.45 11.52 11.61 11.71 11.81 11.90 11.98 12.04 12.10 12.16 12.20 12.23 12.26 12.28 12.29 12.29 12.28 12.27 12.25 12.22 12.19 12.15 12.10 12.04 11.98 11.91 11.84 11.76 11.67 11.58
0.00 0.00 0.00 0.00 0.00 0.00 0.00 0.00 0.00 0.00 0.00 0.00 0.00 0.00 0.00 0.00 0.00 0.00 0.00 0.27 0.81 1.34 1.87 2.40 2.92 3.44 3.95 4.45 4.94 5.43 5.90 6.36 6.81 7.25 7.67 8.08 8.47 8.85 9.21 9.55 9.87 10.17 10.44 10.67 10.87 11.03 11.15 11.24 11.30 11.34 11.38 11.43 11.50 11.58 11.67 11.78 11.89 12.00 12.11 12.20 12.28 12.35 12.42 12.47 12.52 12.55 12.58 12.60 12.61 12.61 12.61 12.60 12.57 12.54 12.51 12.46 12.41 12.36 12.29 12.22 12.14 12.05 11.96 11.86
0.00 0.00 0.00 0.00 0.00 0.00 0.00 0.00 0.00 0.00 0.00 0.00 0.00 0.00 0.00 0.00 0.00 0.00 0.00 0.00 0.41 0.94 1.47 2.00 2.53 3.05 3.56 4.07 4.57 5.06 5.54 6.02 6.48 6.92 7.36 7.78 8.19 8.58 8.95 9.31 9.65 9.97 10.26 10.53 10.76 10.96 11.11 11.24 11.33 11.39 11.47 11.55 11.65 11.76 11.89 12.02 12.15 12.27 12.37 12.47 12.56 12.64 12.71 12.76 12.81 12.85 12.88 12.90 12.92 12.92 12.92 12.90 12.88 12.85 12.81 12.77 12.72 12.66 12.59 12.51 12.43 12.34 12.25 12.14
0.00 0.00 0.00 0.00 0.00 0.00 0.00 0.00 0.00 0.00 0.00 0.00 0.00 0.00 0.00 0.00 0.00 0.00 0.00 0.00 0.00 0.54 1.07 1.60 2.13 2.66 3.18 3.69 4.20 4.70 5.19 5.67 6.14 6.60 7.05 7.48 7.90 8.31 8.70 9.07 9.42 9.76 10.08 10.37 10.64 10.87 11.06 11.22 11.34 11.44 11.55 11.67 11.80 11.94 12.09 12.24 12.38 12.50 12.62 12.72 12.81 12.90 12.97 13.03 13.08 13.13 13.16 13.19 13.20 13.21 13.20 13.19 13.17 13.14 13.10 13.06 13.00 12.94 12.87 12.79 12.71 12.62 12.52 12.41
0.00 0.00 0.00 0.00 0.00 0.00 0.00 0.00 0.00 0.00 0.00 0.00 0.00 0.00 0.00 0.00 0.00 0.00 0.00 0.00 0.00 0.14 0.68 1.21 1.74 2.27 2.79 3.31 3.83 4.33 4.83 5.32 5.80 6.27 6.73 7.18 7.61 8.03 8.44 8.83 9.20 9.55 9.89 10.20 10.50 10.76 10.99 11.18 11.34 11.47 11.62 11.77 11.93 12.11 12.27 12.43 12.57 12.71 12.83 12.94 13.04 13.13 13.21 13.27 13.33 13.38 13.42 13.45 13.46 13.47 13.47 13.46 13.44 13.41 13.38 13.33 13.27 13.21 13.14 13.06 12.97 12.88 12.78 12.67
0.00 0.00 0.00 0.00 0.00 0.00 0.00 0.00 0.00 0.00 0.00 0.00 0.00 0.00 0.00 0.00 0.00 0.00 0.00 0.00 0.00 0.00 0.28 0.82 1.35 1.88 2.41 2.94 3.46 3.97 4.48 4.98 5.47 5.95 6.42 6.88 7.33 7.76 8.18 8.58 8.97 9.34 9.70 10.03 10.35 10.64 10.91 11.13 11.33 11.50 11.67 11.86 12.06 12.25 12.42 12.59 12.74 12.88 13.01 13.13 13.24 13.33 13.42 13.49 13.56 13.61 13.65 13.68 13.70 13.72 13.72 13.71 13.69 13.66 13.63 13.58 13.53 13.47 13.39 13.31 13.23 13.13 13.02 12.91
0.00 0.00 0.00 0.00 0.00 0.00 0.00 0.00 0.00 0.00 0.00 0.00 0.00 0.00 0.00 0.00 0.00 0.00 0.00 0.00 0.00 0.00 0.00 0.43 0.96 1.50 2.03 2.56 3.09 3.61 4.13 4.63 5.14 5.63 6.11 6.58 7.04 7.49 7.92 8.34 8.75 9.13 9.51 9.86 10.20 10.51 10.80 11.07 11.30 11.51 11.72 11.94 12.15 12.35 12.54 12.71 12.88 13.03 13.17 13.29 13.41 13.51 13.60 13.68 13.75 13.81 13.86 13.89 13.92 13.94 13.94 13.94 13.92 13.90 13.86 13.82 13.77 13.70 13.63 13.55 13.46 13.36 13.26 13.14
0.00 0.00 0.00 0.00 0.00 0.00 0.00 0.00 0.00 0.00 0.00 0.00 0.00 0.00 0.00 0.00 0.00 0.00 0.00 0.00 0.00 0.00 0.00 0.04 0.58 1.12 1.66 2.20 2.73 3.26 3.78 4.29 4.80 5.31 5.80 6.28 6.76 7.22 7.66 8.10 8.52 8.93 9.32 9.69 10.04 10.38 10.70 10.99 11.26 11.50 11.75 11.99 12.21 12.42 12.62 12.81 12.98 13.14 13.29 13.42 13.55 13.66 13.76 13.85 13.92 13.99 14.04 14.08 14.11 14.13 14.14 14.14 14.13 14.11 14.08 14.04 13.98 13.92 13.85 13.77 13.68 13.58 13.48 13.36
