data_processed/recharge/precip/Precip_2013_08.asc
ncols        168
nrows        136
xllcorner    455000
yllcorner    2107000
cellsize     500
NODATA_value     -99999
[rows 96 to 127 of 136, columns 71 to 141 of 168]
193.83 193.44 193.22 193.07 192.83 192.46 191.98 191.40 190.71 189.95 189.10 188.19 187.23 186.21 185.13 183.88 182.46 180.88 179.26 177.70 176.21 174.80 173.50 172.31 171.25 170.33 169.56 168.96 168.53 168.04 167.30 166.34 165.21 163.97 162.67 161.36 160.10 158.95 157.94 157.14 156.55 156.16 155.97 156.00 156.18 156.49 156.92 157.47 158.11 158.85 159.68 160.57 161.53 162.55 163.63 164.80 166.08 167.44 168.85 170.29 171.74 173.18 174.59 175.94 177.21 178.39 179.47 180.46 181.36 182.11 182.69
196.55 196.13 195.88 195.73 195.49 195.13 194.66 194.08 193.41 192.65 191.82 190.93 189.99 188.96 187.78 186.41 184.88 183.20 181.41 179.61 177.90 176.30 174.83 173.50 172.31 171.29 170.44 169.79 169.32 168.82 168.07 167.10 165.98 164.76 163.48 162.20 160.98 159.86 158.91 158.12 157.51 157.07 156.83 156.80 156.98 157.32 157.78 158.35 159.03 159.80 160.66 161.59 162.60 163.66 164.78 166.00 167.32 168.71 170.16 171.64 173.12 174.59 176.02 177.40 178.69 179.90 181.02 182.06 183.01 183.86 184.58
199.16 198.69 198.42 198.26 198.01 197.65 197.17 196.59 195.93 195.18 194.36 193.47 192.51 191.38 190.06 188.59 186.96 185.21 183.35 181.41 179.50 177.72 176.09 174.62 173.32 172.21 171.29 170.59 170.10 169.60 168.85 167.89 166.79 165.59 164.34 163.11 161.93 160.87 159.94 159.15 158.51 158.03 157.74 157.65 157.77 158.11 158.59 159.19 159.90 160.71 161.61 162.58 163.63 164.73 165.90 167.17 168.53 169.97 171.45 172.96 174.48 175.98 177.44 178.84 180.16 181.40 182.56 183.63 184.62 185.52 186.33
201.63 201.11 200.80 200.62 200.36 199.98 199.49 198.91 198.23 197.48 196.66 195.75 194.67 193.41 191.98 190.40 188.70 186.88 184.98 183.00 180.99 179.05 177.27 175.67 174.27 173.08 172.11 171.37 170.87 170.37 169.63 168.70 167.63 166.46 165.26 164.07 162.95 161.93 161.01 160.22 159.55 159.05 158.71 158.56 158.61 158.88 159.37 160.00 160.74 161.59 162.52 163.54 164.63 165.78 167.00 168.32 169.72 171.20 172.72 174.27 175.82 177.35 178.84 180.25 181.59 182.86 184.04 185.14 186.16 187.10 187.96
203.92 203.34 202.99 202.77 202.49 202.09 201.58 200.98 200.29 199.53 198.67 197.64 196.42 195.04 193.51 191.85 190.08 188.22 186.29 184.30 182.29 180.27 178.36 176.65 175.15 173.89 172.88 172.12 171.62 171.13 170.42 169.52 168.49 167.37 166.22 165.09 164.02 163.03 162.13 161.33 160.65 160.11 159.73 159.53 159.52 159.71 160.14 160.77 161.55 162.43 163.40 164.46 165.60 166.80 168.07 169.43 170.88 172.40 173.97 175.55 177.14 178.70 180.20 181.62 182.97 184.25 185.45 186.57 187.62 188.58 189.47
205.99 205.34 204.94 204.69 204.37 203.94 203.41 202.78 202.07 201.26 200.27 199.10 197.76 196.27 194.65 192.92 191.10 189.21 187.26 185.28 183.29 181.30 179.35 177.54 175.97 174.65 173.60 172.83 172.35 171.88 171.21 170.35 169.36 168.30 167.22 166.15 165.13 164.17 163.28 162.48 161.80 161.24 160.83 160.58 160.50 160.63 160.96 161.53 162.31 163.23 164.25 165.35 166.53 167.79 169.11 170.52 172.02 173.58 175.19 176.81 178.43 179.99 181.49 182.91 184.27 185.55 186.76 187.90 188.96 189.94 190.85
207.82 207.08 206.62 206.32 205.97 205.50 204.93 204.27 203.50 202.55 201.42 200.12 198.67 197.09 195.40 193.61 191.75 189.84 187.90 185.94 183.98 182.05 180.16 178.34 176.71 175.34 174.27 173.50 173.04 172.61 171.98 171.18 170.25 169.26 168.24 167.24 166.27 165.34 164.48 163.69 163.01 162.43 161.99 161.70 161.57 161.63 161.89 162.36 163.07 164.00 165.05 166.20 167.43 168.74 170.11 171.57 173.12 174.73 176.38 178.04 179.65 181.20 182.68 184.10 185.45 186.73 187.94 189.08 190.15 191.14 192.06
209.35 208.53 207.99 207.64 207.24 206.72 206.11 205.38 204.47 203.38 202.12 200.70 199.15 197.49 195.74 193.91 192.03 190.12 188.18 186.26 184.35 182.49 180.69 178.97 177.36 175.96 174.88 174.12 173.69 173.31 172.74 172.00 171.14 170.23 169.30 168.37 167.45 166.56 165.73 164.96 164.28 163.69 163.23 162.90 162.73 162.72 162.91 163.30 163.91 164.76 165.82 167.02 168.30 169.65 171.08 172.60 174.20 175.85 177.53 179.18 180.77 182.30 183.76 185.16 186.50 187.77 188.97 190.11 191.17 192.17 193.09
210.56 209.64 209.03 208.61 208.15 207.58 206.89 206.02 204.96 203.72 202.34 200.82 199.19 197.47 195.67 193.82 191.93 190.02 188.12 186.24 184.39 182.61 180.91 179.31 177.83 176.50 175.42 174.68 174.30 173.98 173.47 172.81 172.05 171.24 170.39 169.53 168.67 167.84 167.04 166.29 165.62 165.03 164.55 164.19 163.98 163.92 164.03 164.34 164.86 165.60 166.59 167.79 169.12 170.53 172.01 173.59 175.24 176.93 178.59 180.20 181.76 183.25 184.69 186.07 187.38 188.63 189.82 190.94 192.00 192.99 193.90
211.33 210.38 209.68 209.20 208.67 208.01 207.17 206.14 204.93 203.58 202.09 200.49 198.79 197.01 195.18 193.32 191.43 189.55 187.69 185.87 184.10 182.42 180.84 179.37 178.04 176.87 175.88 175.19 174.85 174.61 174.18 173.62 172.98 172.27 171.52 170.74 169.95 169.17 168.41 167.69 167.03 166.45 165.96 165.58 165.33 165.22 165.27 165.50 165.93 166.58 167.45 168.57 169.91 171.37 172.91 174.54 176.22 177.89 179.51 181.08 182.59 184.05 185.45 186.79 188.07 189.30 190.46 191.56 192.60 193.57 194.48
211.41 210.64 209.92 209.35 208.72 207.91 206.91 205.73 204.40 202.94 201.36 199.68 197.93 196.12 194.27 192.40 190.54 188.69 186.89 185.14 183.47 181.90 180.45 179.13 177.97 176.98 176.19 175.62 175.36 175.20 174.88 174.46 173.93 173.34 172.69 171.99 171.28 170.55 169.84 169.16 168.52 167.95 167.45 167.06 166.77 166.62 166.62 166.79 167.13 167.68 168.45 169.45 170.70 172.18 173.77 175.44 177.09 178.70 180.26 181.78 183.24 184.65 186.00 187.30 188.55 189.74 190.87 191.94 192.95 193.90 194.78
210.72 210.20 209.65 209.05 208.27 207.28 206.13 204.82 203.38 201.81 200.16 198.42 196.63 194.79 192.94 191.09 189.26 187.46 185.73 184.07 182.51 181.06 179.75 178.59 177.61 176.82 176.24 175.90 175.79 175.76 175.60 175.31 174.92 174.44 173.90 173.29 172.66 172.00 171.34 170.70 170.09 169.53 169.04 168.63 168.32 168.13 168.08 168.18 168.46 168.92 169.58 170.47 171.59 172.97 174.55 176.17 177.76 179.30 180.80 182.25 183.65 185.01 186.31 187.57 188.76 189.91 191.00 192.03 193.01 193.93 194.78
209.58 209.29 209.03 208.71 207.86 206.70 205.39 203.94 202.38 200.72 198.97 197.17 195.33 193.47 191.61 189.77 187.96 186.22 184.54 182.97 181.51 180.18 179.00 178.00 177.20 176.60 176.23 176.11 176.13 176.19 176.18 176.04 175.79 175.43 174.99 174.48 173.93 173.34 172.74 172.14 171.56 171.02 170.53 170.12 169.79 169.57 169.47 169.51 169.71 170.09 170.65 171.43 172.43 173.58 174.72 176.15 177.68 179.17 180.63 182.03 183.40 184.71 185.98 187.20 188.37 189.49 190.56 191.57 192.53 193.44 194.28
208.35 208.32 208.47 208.62 208.06 206.83 205.33 203.72 202.01 200.21 198.36 196.47 194.56 192.64 190.74 188.88 187.08 185.35 183.71 182.19 180.80 179.57 178.50 177.63 176.97 176.54 176.35 176.32 176.35 176.41 176.48 176.48 176.36 176.13 175.80 175.39 174.92 174.40 173.86 173.30 172.76 172.23 171.75 171.33 170.98 170.72 170.58 170.56 170.69 170.98 171.45 172.11 172.89 173.50 173.97 174.92 176.32 177.80 179.25 180.66 182.03 183.36 184.64 185.87 187.06 188.20 189.29 190.33 191.32 192.25 193.13
207.10 207.46 208.06 208.64 208.52 207.54 205.95 204.15 202.26 200.31 198.32 196.30 194.29 192.29 190.32 188.41 186.58 184.84 183.21 181.72 180.37 179.20 178.22 177.45 176.90 176.60 176.48 176.44 176.46 176.51 176.59 176.66 176.67 176.56 176.34 176.02 175.64 175.19 174.70 174.19 173.68 173.17 172.70 172.27 171.90 171.61 171.42 171.35 171.41 171.61 171.98 172.44 172.68 172.61 172.46 172.84 173.86 175.28 176.77 178.23 179.65 181.03 182.37 183.67 184.92 186.13 187.29 188.41 189.47 190.49 191.45
206.01 206.77 207.77 208.76 209.03 208.45 207.09 205.17 203.08 200.95 198.79 196.62 194.47 192.36 190.30 188.32 186.42 184.64 183.00 181.50 180.17 179.03 178.10 177.40 176.94 176.68 176.53 176.46 176.46 176.51 176.58 176.67 176.74 176.75 176.64 176.42 176.12 175.74 175.31 174.85 174.37 173.88 173.41 172.97 172.59 172.27 172.03 171.90 171.89 172.01 172.18 172.10 171.67 170.98 170.25 170.11 170.68 171.82 173.32 174.87 176.40 177.88 179.33 180.74 182.10 183.43 184.71 185.94 187.13 188.28 189.37
205.11 206.24 207.60 208.94 209.57 209.36 208.36 206.65 204.43 202.08 199.72 197.38 195.07 192.81 190.63 188.54 186.56 184.71 183.01 181.48 180.14 179.01 178.10 177.44 176.99 176.68 176.49 176.40 176.38 176.42 176.49 176.58 176.66 176.73 176.73 176.61 176.39 176.08 175.71 175.30 174.84 174.38 173.92 173.47 173.07 172.72 172.44 172.25 172.16 172.09 171.74 170.99 169.94 168.66 167.41 166.81 166.98 167.79 169.10 170.73 172.40 174.03 175.64 177.20 178.73 180.22 181.67 183.08 184.44 185.76 187.04
204.40 205.86 207.54 209.20 210.14 210.25 209.58 208.19 206.14 203.65 201.07 198.52 196.02 193.59 191.26 189.03 186.94 184.99 183.21 181.62 180.24 179.08 178.17 177.48 176.96 176.60 176.37 176.25 176.23 176.27 176.34 176.42 176.51 176.59 176.64 176.62 176.48 176.25 175.94 175.56 175.15 174.70 174.25 173.80 173.38 172.99 172.67 172.42 172.16 171.57 170.55 169.17 167.54 165.74 164.00 162.99 162.81 163.34 164.45 165.99 167.79 169.63 171.44 173.21 174.95 176.65 178.31 179.94 181.53 183.07 184.58
203.87 205.62 207.58 209.51 210.73 211.11 210.73 209.63 207.87 205.52 202.78 200.00 197.28 194.65 192.13 189.74 187.50 185.43 183.54 181.86 180.41 179.20 178.22 177.46 176.88 176.46 176.19 176.05 176.02 176.06 176.12 176.21 176.30 176.39 176.45 176.48 176.42 176.27 176.01 175.69 175.30 174.88 174.43 173.98 173.54 173.12 172.75 172.34 171.56 170.31 168.66 166.71 164.55 162.27 160.10 158.73 158.25 158.55 159.49 160.94 162.77 164.80 166.86 168.89 170.89 172.85 174.78 176.67 178.53 180.35 182.13
203.50 205.50 207.69 209.85 211.31 211.93 211.79 210.94 209.43 207.34 204.71 201.75 198.79 195.93 193.21 190.62 188.21 185.98 183.96 182.16 180.60 179.30 178.24 177.39 176.74 176.27 175.97 175.80 175.76 175.80 175.87 175.96 176.06 176.15 176.22 176.26 176.26 176.16 175.97 175.69 175.34 174.94 174.50 174.04 173.58 173.14 172.61 171.69 170.25 168.37 166.15 163.68 161.04 158.32 155.78 154.09 153.36 153.48 154.31 155.72 157.57 159.73 162.05 164.38 166.68 168.96 171.20 173.41 175.58 177.72 179.83
203.29 205.49 207.88 210.23 211.88 212.70 212.76 212.11 210.82 208.94 206.53 203.65 200.51 197.39 194.42 191.62 189.00 186.59 184.40 182.46 180.78 179.37 178.21 177.28 176.57 176.05 175.71 175.52 175.48 175.51 175.59 175.68 175.79 175.88 175.96 176.02 176.03 175.98 175.85 175.61 175.30 174.92 174.48 174.02 173.54 172.96 171.93 170.34 168.28 165.83 163.08 160.13 157.07 153.97 151.10 149.14 148.22 148.21 148.97 150.38 152.30 154.61 157.16 159.82 162.48 165.11 167.71 170.28 172.82 175.33 177.79
203.21 205.57 208.12 210.62 212.42 213.40 213.62 213.14 212.01 210.31 208.08 205.38 202.29 198.97 195.74 192.69 189.84 187.21 184.83 182.73 180.92 179.41 178.15 177.15 176.37 175.81 175.43 175.23 175.17 175.22 175.29 175.39 175.50 175.61 175.70 175.77 175.79 175.76 175.66 175.48 175.20 174.84 174.41 173.94 173.34 172.25 170.56 168.35 165.72 162.75 159.53 156.15 152.71 149.29 146.13 143.96 142.89 142.80 143.55 145.01 147.05 149.54 152.35 155.35 158.40 161.43 164.44 167.43 170.39 173.30 175.96
203.26 205.75 208.41 211.01 212.92 214.02 214.36 214.00 213.01 211.43 209.34 206.79 203.84 200.55 197.10 193.77 190.65 187.79 185.22 182.98 181.06 179.43 178.09 177.01 176.17 175.56 175.15 174.93 174.87 174.91 175.00 175.11 175.22 175.34 175.45 175.52 175.56 175.55 175.47 175.32 175.07 174.73 174.32 173.73 172.62 170.88 168.57 165.80 162.64 159.20 155.56 151.80 148.03 144.33 140.95 138.60 137.44 137.31 138.10 139.66 141.88 144.61 147.72 151.09 154.58 158.08 161.54 164.99 168.39 171.52 174.10
203.43 205.99 208.72 211.40 213.37 214.54 214.96 214.69 213.78 212.30 210.31 207.86 205.01 201.83 198.37 194.81 191.42 188.33 185.61 183.23 181.19 179.46 178.03 176.87 175.98 175.32 174.87 174.64 174.58 174.63 174.72 174.83 174.96 175.09 175.21 175.30 175.36 175.36 175.30 175.17 174.95 174.63 174.11 173.03 171.27 168.91 166.04 162.74 159.12 155.25 151.23 147.15 143.10 139.17 135.61 133.15 131.93 131.82 132.70 134.42 136.85 139.87 143.34 147.13 151.11 155.15 159.14 163.07 166.72 169.76 172.20
203.70 206.30 209.06 211.76 213.76 214.97 215.42 215.19 214.33 212.90 210.96 208.57 205.79 202.68 199.29 195.70 192.13 188.87 186.00 183.50 181.34 179.51 177.99 176.76 175.80 175.09 174.62 174.37 174.31 174.37 174.47 174.59 174.73 174.88 175.01 175.11 175.19 175.21 175.17 175.06 174.86 174.45 173.44 171.71 169.33 166.41 163.02 159.25 155.21 150.97 146.62 142.27 137.99 133.87 130.18 127.66 126.44 126.40 127.41 129.34 132.04 135.40 139.27 143.54 148.06 152.70 157.31 161.55 165.10 167.99 170.28
204.06 206.66 209.41 212.09 214.08 215.27 215.72 215.49 214.64 213.22 211.30 208.93 206.17 203.08 199.74 196.27 192.79 189.44 186.43 183.79 181.52 179.58 177.98 176.67 175.66 174.91 174.41 174.14 174.08 174.15 174.26 174.39 174.55 174.71 174.85 174.98 175.07 175.11 175.10 175.01 174.71 173.82 172.16 169.82 166.88 163.44 159.58 155.40 150.98 146.42 141.80 137.22 132.76 128.51 124.74 122.20 121.04 121.12 122.31 124.49 127.51 131.26 135.59 140.38 145.49 150.76 155.79 160.06 163.49 166.22 168.37
204.49 207.05 209.75 212.37 214.31 215.45 215.85 215.58 214.69 213.24 211.29 208.90 206.13 203.04 199.78 196.50 193.23 189.99 186.89 184.12 181.73 179.70 178.01 176.63 175.56 174.77 174.25 173.97 173.91 173.98 174.10 174.25 174.42 174.60 174.76 174.90 175.01 175.08 175.08 174.90 174.12 172.58 170.33 167.44 163.99 160.08 155.80 151.25 146.51 141.67 136.83 132.07 127.48 123.15 119.36 116.85 115.78 116.03 117.46 119.94 123.34 127.52 132.36 137.72 143.44 149.09 154.13 158.40 161.85 164.48 166.49
205.00 207.47 210.07 212.60 214.44 215.49 215.80 215.45 214.48 212.96 210.94 208.49 205.66 202.64 199.56 196.47 193.39 190.34 187.35 184.51 182.01 179.88 178.10 176.66 175.53 174.70 174.15 173.86 173.80 173.89 174.02 174.19 174.37 174.56 174.74 174.91 175.04 175.13 175.03 174.35 172.91 170.77 167.98 164.60 160.71 156.39 151.74 146.87 141.86 136.80 131.78 126.89 122.23 117.87 114.09 111.66 110.75 111.22 112.93 115.76 119.58 124.25 129.64 135.60 141.65 147.24 152.21 156.48 160.01 162.73 164.67
205.55 207.90 210.37 212.75 214.45 215.37 215.56 215.08 213.99 212.36 210.23 207.68 204.89 202.02 199.13 196.22 193.32 190.46 187.65 184.91 182.35 180.13 178.27 176.76 175.57 174.70 174.13 173.83 173.77 173.87 174.02 174.20 174.40 174.61 174.82 175.00 175.15 175.14 174.54 173.19 171.14 168.44 165.16 161.36 157.10 152.44 147.48 142.34 137.10 131.87 126.72 121.76 117.06 112.72 109.01 106.72 106.01 106.74 108.79 112.03 116.31 121.52 127.49 133.73 139.66 145.10 149.99 154.27 157.87 160.75 162.83
206.15 208.33 210.62 212.82 214.35 215.09 215.11 214.46 213.22 211.42 209.16 206.61 203.97 201.27 198.54 195.81 193.08 190.39 187.76 185.20 182.73 180.46 178.52 176.94 175.71 174.80 174.20 173.89 173.84 173.96 174.12 174.32 174.54 174.77 174.99 175.20 175.25 174.72 173.44 171.47 168.85 165.65 161.93 157.75 153.17 148.26 143.06 137.71 132.30 126.94 121.72 116.73 112.05 107.78 104.19 102.08 101.62 102.67 105.11 108.80 113.60 119.37 125.59 131.63 137.32 142.61 147.43 151.71 155.40 158.44 160.76
206.78 208.75 210.82 212.80 214.10 214.63 214.44 213.59 212.14 210.16 207.87 205.45 202.96 200.43 197.86 195.28 192.72 190.20 187.72 185.33 183.03 180.85 178.87 177.23 175.95 175.00 174.38 174.06 174.02 174.15 174.33 174.55 174.79 175.04 175.29 175.39 174.92 173.70 171.78 169.23 166.10 162.45 158.34 153.83 148.99 143.87 138.54 133.05 127.53 122.10 116.85 111.88 107.27 103.12 99.70 97.82 97.66 99.08 101.95 106.14 111.48 117.46 123.40 129.14 134.61 139.74 144.48 148.77 152.54 155.74 158.30
207.42 209.14 210.96 212.67 213.71 213.98 213.53 212.44 210.76 208.72 206.54 204.27 201.93 199.54 197.13 194.70 192.29 189.92 187.60 185.36 183.21 181.19 179.30 177.63 176.30 175.32 174.68 174.36 174.33 174.47 174.67 174.91 175.17 175.44 175.58 175.15 173.98 172.11 169.61 166.53 162.93 158.88 154.44 149.66 144.60 139.33 133.91 128.39 122.84 117.39 112.17 107.27 102.78 98.80 95.60 94.00 94.19 96.03 99.38 104.09 109.61 115.24 120.80 126.23 131.46 136.45 141.12 145.41 149.27 152.62 155.42
