data_processed/recharge/precip/Precip_1995_01.asc
ncols        168
nrows        136
xllcorner    455000
yllcorner    2107000
cellsize     500
NODATA_value     -99999
[rows 0 to 33 of 136, columns 77 to 153 of 168]
12.73 12.75 12.78 12.81 12.83 12.85 12.87 12.88 12.89 12.90 12.91 12.92 12.92 12.93 12.93 12.94 12.95 12.96 12.97 12.98 13.00 13.02 13.04 13.07 13.10 13.13 13.16 13.19 13.22 13.26 13.30 13.34 13.39 13.43 13.48 13.53 13.58 13.63 13.69 13.77 13.87 13.99 14.13 14.28 14.46 14.66 14.87 15.09 15.33 15.59 15.85 16.12 16.40 16.70 16.99 17.29 17.60 17.91 18.23 18.54 18.85 19.16 19.47 19.78 20.08 20.37 20.66 20.94 21.21 21.47 21.72 21.95 22.17 22.37 22.56 22.72 22.87
12.76 12.78 12.81 12.84 12.87 12.89 12.92 12.94 12.95 12.96 12.98 12.99 13.00 13.01 13.02 13.03 13.04 13.05 13.06 13.08 13.10 13.12 13.15 13.18 13.20 13.24 13.27 13.30 13.34 13.38 13.42 13.47 13.51 13.56 13.61 13.66 13.71 13.77 13.85 13.95 14.07 14.21 14.37 14.55 14.75 14.96 15.19 15.43 15.69 15.96 16.24 16.52 16.82 17.12 17.43 17.75 18.06 18.38 18.70 19.02 19.34 19.66 19.98 20.29 20.59 20.89 21.18 21.46 21.73 21.99 22.24 22.47 22.69 22.89 23.07 23.23 23.37
12.80 12.82 12.85 12.88 12.91 12.94 12.97 13.00 13.02 13.04 13.05 13.07 13.08 13.09 13.11 13.12 13.13 13.15 13.17 13.19 13.21 13.24 13.26 13.29 13.32 13.36 13.39 13.43 13.47 13.51 13.55 13.60 13.65 13.70 13.75 13.80 13.86 13.94 14.04 14.16 14.30 14.46 14.65 14.85 15.06 15.29 15.54 15.80 16.07 16.36 16.65 16.95 17.26 17.57 17.89 18.22 18.55 18.87 19.20 19.53 19.86 20.18 20.50 20.82 21.13 21.43 21.72 22.00 22.27 22.53 22.78 23.01 23.22 23.42 23.60 23.76 23.89
12.86 12.88 12.91 12.93 12.97 13.00 13.03 13.06 13.09 13.11 13.14 13.16 13.17 13.19 13.21 13.22 13.24 13.26 13.28 13.30 13.33 13.35 13.38 13.42 13.45 13.48 13.52 13.56 13.60 13.65 13.69 13.74 13.79 13.84 13.90 13.95 14.03 14.13 14.25 14.40 14.56 14.75 14.95 15.17 15.41 15.66 15.92 16.20 16.48 16.78 17.09 17.40 17.72 18.05 18.38 18.72 19.05 19.39 19.73 20.06 20.40 20.73 21.05 21.37 21.68 21.98 22.28 22.56 22.83 23.09 23.33 23.56 23.77 23.96 24.14 24.29 24.42
12.94 12.96 12.98 13.01 13.04 13.07 13.11 13.14 13.17 13.20 13.23 13.25 13.27 13.30 13.32 13.34 13.36 13.38 13.40 13.43 13.45 13.48 13.51 13.55 13.58 13.62 13.66 13.70 13.75 13.79 13.84 13.89 13.94 14.00 14.05 14.13 14.23 14.36 14.50 14.67 14.86 15.06 15.28 15.52 15.78 16.04 16.32 16.62 16.92 17.23 17.55 17.88 18.21 18.55 18.89 19.24 19.58 19.93 20.27 20.61 20.95 21.29 21.62 21.94 22.25 22.56 22.85 23.13 23.40 23.66 23.90 24.13 24.34 24.53 24.70 24.84 24.97
13.03 13.04 13.06 13.09 13.12 13.15 13.19 13.23 13.27 13.30 13.33 13.36 13.39 13.41 13.43 13.46 13.48 13.51 13.53 13.56 13.59 13.62 13.65 13.69 13.73 13.77 13.81 13.85 13.90 13.95 14.00 14.05 14.10 14.16 14.24 14.34 14.47 14.61 14.78 14.97 15.18 15.40 15.65 15.90 16.17 16.46 16.76 17.07 17.38 17.71 18.04 18.38 18.73 19.08 19.43 19.78 20.14 20.49 20.84 21.19 21.53 21.87 22.20 22.53 22.84 23.15 23.45 23.73 24.00 24.25 24.49 24.71 24.92 25.10 25.27 25.41 25.53
13.13 13.14 13.16 13.19 13.22 13.25 13.29 13.33 13.37 13.41 13.44 13.47 13.50 13.53 13.56 13.59 13.62 13.64 13.67 13.70 13.73 13.77 13.80 13.84 13.88 13.92 13.97 14.01 14.06 14.11 14.16 14.22 14.28 14.35 14.45 14.58 14.73 14.90 15.09 15.30 15.53 15.78 16.04 16.31 16.60 16.90 17.22 17.54 17.87 18.21 18.56 18.91 19.27 19.63 19.99 20.35 20.71 21.07 21.43 21.78 22.13 22.48 22.81 23.14 23.46 23.76 24.06 24.34 24.61 24.86 25.10 25.32 25.51 25.69 25.85 25.99 26.10
13.24 13.26 13.28 13.30 13.33 13.36 13.40 13.44 13.48 13.52 13.56 13.60 13.63 13.67 13.70 13.73 13.76 13.79 13.82 13.85 13.89 13.92 13.96 14.00 14.04 14.08 14.13 14.18 14.23 14.28 14.34 14.40 14.47 14.58 14.70 14.85 15.03 15.22 15.43 15.66 15.91 16.18 16.46 16.75 17.06 17.38 17.70 18.04 18.39 18.74 19.10 19.46 19.83 20.20 20.57 20.94 21.31 21.68 22.04 22.40 22.75 23.10 23.44 23.77 24.09 24.40 24.69 24.97 25.24 25.49 25.72 25.93 26.13 26.30 26.45 26.58 26.69
13.36 13.38 13.40 13.42 13.45 13.49 13.52 13.56 13.60 13.64 13.69 13.73 13.77 13.81 13.84 13.88 13.91 13.94 13.98 14.01 14.05 14.09 14.13 14.17 14.21 14.26 14.31 14.36 14.41 14.46 14.52 14.60 14.70 14.83 14.98 15.16 15.35 15.57 15.80 16.05 16.32 16.61 16.91 17.22 17.54 17.87 18.22 18.57 18.93 19.30 19.67 20.04 20.42 20.80 21.18 21.56 21.93 22.31 22.68 23.04 23.40 23.75 24.09 24.42 24.74 25.05 25.34 25.62 25.88 26.13 26.36 26.57 26.76 26.93 27.07 27.19 27.29
13.50 13.51 13.53 13.56 13.59 13.62 13.66 13.70 13.74 13.78 13.83 13.87 13.91 13.96 13.99 14.03 14.07 14.11 14.14 14.18 14.22 14.26 14.30 14.34 14.39 14.44 14.49 14.54 14.60 14.66 14.73 14.84 14.97 15.12 15.30 15.49 15.71 15.95 16.20 16.48 16.76 17.07 17.38 17.71 18.05 18.40 18.76 19.13 19.50 19.88 20.26 20.64 21.03 21.42 21.81 22.19 22.58 22.96 23.33 23.70 24.06 24.41 24.76 25.09 25.41 25.72 26.01 26.29 26.55 26.79 27.02 27.22 27.40 27.56 27.70 27.81 27.90
13.64 13.65 13.67 13.70 13.73 13.77 13.80 13.84 13.89 13.93 13.98 14.02 14.07 14.11 14.16 14.20 14.24 14.28 14.32 14.36 14.40 14.44 14.48 14.53 14.58 14.63 14.68 14.74 14.80 14.87 14.98 15.11 15.26 15.44 15.64 15.86 16.10 16.36 16.64 16.93 17.24 17.56 17.89 18.23 18.59 18.95 19.33 19.71 20.09 20.48 20.88 21.27 21.67 22.07 22.46 22.85 23.24 23.63 24.01 24.38 24.75 25.10 25.45 25.78 26.10 26.41 26.70 26.97 27.23 27.47 27.69 27.89 28.06 28.22 28.35 28.45 28.53
13.78 13.80 13.82 13.85 13.88 13.92 13.96 14.00 14.04 14.09 14.14 14.18 14.23 14.28 14.33 14.37 14.42 14.46 14.50 14.54 14.58 14.63 14.68 14.72 14.77 14.83 14.88 14.94 15.02 15.13 15.26 15.41 15.59 15.80 16.02 16.26 16.52 16.80 17.10 17.41 17.74 18.07 18.42 18.79 19.16 19.54 19.92 20.32 20.71 21.11 21.52 21.92 22.33 22.74 23.14 23.54 23.93 24.32 24.71 25.08 25.45 25.81 26.15 26.49 26.81 27.11 27.40 27.68 27.93 28.16 28.38 28.57 28.74 28.89 29.01 29.10 29.17
13.94 13.96 13.98 14.01 14.04 14.08 14.12 14.16 14.21 14.26 14.31 14.36 14.41 14.46 14.51 14.56 14.60 14.65 14.69 14.74 14.78 14.83 14.88 14.93 14.98 15.03 15.09 15.17 15.28 15.41 15.57 15.75 15.96 16.18 16.43 16.69 16.98 17.28 17.59 17.92 18.27 18.62 18.99 19.37 19.75 20.15 20.54 20.95 21.36 21.77 22.19 22.60 23.02 23.43 23.84 24.25 24.65 25.04 25.43 25.81 26.18 26.54 26.88 27.22 27.54 27.84 28.13 28.40 28.65 28.88 29.09 29.27 29.44 29.57 29.69 29.77 29.83
14.10 14.12 14.14 14.17 14.21 14.25 14.29 14.34 14.38 14.43 14.49 14.54 14.59 14.64 14.70 14.75 14.80 14.85 14.89 14.94 14.99 15.04 15.09 15.14 15.19 15.25 15.33 15.44 15.57 15.73 15.92 16.12 16.35 16.60 16.87 17.16 17.46 17.78 18.11 18.46 18.82 19.20 19.58 19.97 20.37 20.78 21.19 21.61 22.03 22.46 22.88 23.30 23.73 24.15 24.56 24.98 25.38 25.78 26.17 26.55 26.93 27.29 27.63 27.97 28.28 28.59 28.87 29.14 29.38 29.61 29.81 29.99 30.14 30.27 30.38 30.45 30.50
14.26 14.28 14.31 14.34 14.38 14.42 14.47 14.52 14.57 14.62 14.67 14.73 14.78 14.84 14.89 14.95 15.00 15.05 15.10 15.15 15.20 15.25 15.30 15.36 15.42 15.50 15.61 15.74 15.90 16.09 16.30 16.53 16.78 17.05 17.34 17.65 17.97 18.31 18.67 19.03 19.41 19.80 20.20 20.61 21.02 21.44 21.87 22.30 22.73 23.16 23.60 24.03 24.46 24.89 25.31 25.73 26.14 26.54 26.94 27.32 27.69 28.06 28.40 28.73 29.05 29.35 29.63 29.89 30.13 30.35 30.55 30.72 30.87 30.99 31.08 31.15 31.18
14.42 14.45 14.48 14.52 14.56 14.60 14.65 14.70 14.75 14.81 14.87 14.92 14.98 15.04 15.10 15.16 15.21 15.27 15.32 15.37 15.42 15.48 15.53 15.59 15.67 15.78 15.92 16.08 16.27 16.48 16.71 16.97 17.24 17.53 17.85 18.17 18.52 18.88 19.25 19.64 20.03 20.44 20.85 21.27 21.70 22.13 22.57 23.01 23.46 23.90 24.34 24.78 25.22 25.65 26.08 26.51 26.92 27.33 27.72 28.11 28.48 28.84 29.19 29.52 29.84 30.13 30.41 30.67 30.90 31.12 31.31 31.47 31.61 31.72 31.80 31.86 31.88
14.59 14.62 14.65 14.69 14.74 14.78 14.83 14.89 14.95 15.00 15.06 15.13 15.19 15.25 15.31 15.37 15.43 15.49 15.55 15.60 15.66 15.71 15.77 15.85 15.96 16.10 16.26 16.45 16.66 16.90 17.16 17.44 17.73 18.05 18.38 18.73 19.10 19.47 19.86 20.27 20.68 21.10 21.53 21.96 22.41 22.85 23.30 23.75 24.21 24.66 25.11 25.56 26.00 26.44 26.88 27.30 27.72 28.13 28.53 28.92 29.29 29.65 30.00 30.33 30.64 30.93 31.21 31.46 31.69 31.90 32.08 32.24 32.37 32.47 32.54 32.58 32.60
14.76 14.79 14.83 14.87 14.92 14.97 15.02 15.08 15.14 15.20 15.27 15.33 15.40 15.47 15.53 15.60 15.66 15.72 15.78 15.84 15.90 15.96 16.04 16.15 16.29 16.45 16.64 16.86 17.10 17.36 17.64 17.94 18.26 18.60 18.95 19.32 19.70 20.10 20.51 20.93 21.35 21.79 22.23 22.68 23.14 23.60 24.06 24.52 24.98 25.44 25.90 26.36 26.81 27.26 27.69 28.13 28.55 28.96 29.36 29.75 30.12 30.48 30.83 31.16 31.46 31.75 32.02 32.27 32.49 32.69 32.87 33.02 33.14 33.23 33.29 33.32 33.32
14.93 14.96 15.01 15.05 15.10 15.16 15.22 15.28 15.34 15.41 15.48 15.55 15.62 15.69 15.76 15.83 15.89 15.96 16.02 16.09 16.15 16.23 16.34 16.48 16.65 16.84 17.06 17.30 17.56 17.84 18.15 18.47 18.82 19.17 19.55 19.94 20.34 20.75 21.18 21.61 22.06 22.51 22.97 23.43 23.90 24.37 24.84 25.31 25.78 26.25 26.72 27.18 27.64 28.09 28.53 28.97 29.39 29.81 30.21 30.60 30.97 31.33 31.68 32.00 32.30 32.59 32.85 33.09 33.31 33.50 33.67 33.81 33.92 34.00 34.05 34.07 34.06
15.10 15.14 15.18 15.23 15.29 15.35 15.41 15.47 15.54 15.61 15.68 15.76 15.83 15.91 15.98 16.06 16.13 16.20 16.27 16.34 16.41 16.51 16.65 16.82 17.01 17.23 17.47 17.74 18.03 18.34 18.67 19.01 19.38 19.76 20.15 20.56 20.98 21.41 21.85 22.30 22.76 23.23 23.70 24.18 24.66 25.14 25.62 26.10 26.58 27.06 27.53 28.00 28.47 28.92 29.37 29.81 30.24 30.65 31.06 31.45 31.82 32.18 32.52 32.84 33.14 33.42 33.68 33.91 34.13 34.31 34.47 34.60 34.70 34.77 34.81 34.82 34.79
15.27 15.31 15.36 15.41 15.47 15.53 15.60 15.67 15.74 15.82 15.89 15.97 16.05 16.13 16.21 16.29 16.36 16.44 16.51 16.59 16.67 16.78 16.94 17.14 17.36 17.61 17.87 18.17 18.48 18.81 19.16 19.53 19.92 20.32 20.73 21.16 21.60 22.05 22.51 22.97 23.45 23.93 24.41 24.90 25.39 25.88 26.38 26.87 27.36 27.84 28.33 28.80 29.27 29.73 30.18 30.63 31.06 31.47 31.88 32.27 32.64 33.00 33.34 33.65 33.95 34.23 34.48 34.71 34.91 35.09 35.24 35.36 35.45 35.51 35.54 35.53 35.49
15.44 15.49 15.54 15.60 15.66 15.72 15.79 15.87 15.94 16.02 16.10 16.19 16.27 16.35 16.44 16.52 16.60 16.68 16.76 16.84 16.93 17.05 17.22 17.44 17.69 17.96 18.25 18.57 18.91 19.27 19.64 20.03 20.44 20.86 21.29 21.74 22.19 22.66 23.14 23.62 24.11 24.60 25.10 25.60 26.11 26.61 27.11 27.61 28.11 28.60 29.09 29.58 30.05 30.52 30.97 31.42 31.85 32.27 32.67 33.06 33.44 33.79 34.13 34.44 34.74 35.01 35.25 35.48 35.67 35.84 35.98 36.09 36.18 36.22 36.24 36.22 36.17
15.61 15.66 15.72 15.78 15.84 15.91 15.99 16.07 16.15 16.23 16.31 16.40 16.49 16.57 16.66 16.75 16.83 16.92 17.01 17.10 17.19 17.32 17.50 17.72 17.99 18.29 18.61 18.96 19.32 19.70 20.09 20.51 20.94 21.38 21.83 22.29 22.77 23.25 23.75 24.24 24.75 25.26 25.77 26.28 26.80 27.31 27.82 28.33 28.84 29.34 29.84 30.33 30.81 31.28 31.74 32.18 32.62 33.04 33.45 33.83 34.21 34.56 34.89 35.20 35.49 35.76 36.00 36.22 36.41 36.57 36.70 36.80 36.87 36.91 36.91 36.88 36.81
15.78 15.84 15.90 15.96 16.03 16.10 16.18 16.26 16.35 16.43 16.52 16.61 16.70 16.79 16.89 16.98 17.07 17.16 17.26 17.36 17.46 17.59 17.78 18.01 18.29 18.61 18.95 19.32 19.71 20.11 20.53 20.96 21.41 21.87 22.35 22.83 23.32 23.82 24.33 24.85 25.37 25.89 26.41 26.94 27.46 27.99 28.51 29.03 29.55 30.05 30.56 31.05 31.54 32.01 32.48 32.93 33.36 33.78 34.19 34.58 34.95 35.30 35.63 35.94 36.22 36.49 36.72 36.93 37.11 37.27 37.39 37.48 37.54 37.57 37.56 37.51 37.43
15.96 16.01 16.08 16.14 16.22 16.29 16.38 16.46 16.55 16.64 16.73 16.82 16.92 17.01 17.11 17.21 17.31 17.41 17.51 17.61 17.72 17.87 18.06 18.30 18.58 18.91 19.27 19.67 20.08 20.50 20.94 21.40 21.87 22.35 22.84 23.34 23.86 24.37 24.90 25.43 25.96 26.50 27.03 27.57 28.11 28.64 29.18 29.71 30.23 30.74 31.25 31.75 32.24 32.72 33.19 33.64 34.08 34.51 34.91 35.30 35.67 36.02 36.35 36.65 36.93 37.19 37.42 37.62 37.79 37.94 38.05 38.13 38.18 38.20 38.18 38.12 38.02
16.13 16.19 16.26 16.33 16.40 16.48 16.57 16.66 16.75 16.84 16.94 17.04 17.13 17.23 17.34 17.44 17.55 17.65 17.76 17.87 17.99 18.14 18.34 18.58 18.88 19.21 19.58 19.99 20.42 20.87 21.34 21.82 22.31 22.81 23.32 23.84 24.37 24.90 25.44 25.99 26.53 27.08 27.63 28.18 28.73 29.28 29.82 30.36 30.89 31.41 31.93 32.43 32.93 33.41 33.88 34.34 34.78 35.20 35.61 36.00 36.36 36.71 37.03 37.34 37.61 37.86 38.09 38.28 38.45 38.58 38.69 38.76 38.80 38.80 38.77 38.70 38.59
16.30 16.37 16.43 16.51 16.59 16.67 16.76 16.85 16.95 17.04 17.14 17.25 17.35 17.45 17.56 17.67 17.79 17.90 18.02 18.13 18.26 18.41 18.62 18.87 19.17 19.51 19.89 20.30 20.75 21.23 21.71 22.21 22.72 23.24 23.77 24.31 24.86 25.41 25.96 26.52 27.09 27.65 28.21 28.77 29.33 29.89 30.44 30.99 31.52 32.06 32.58 33.09 33.59 34.08 34.55 35.01 35.45 35.87 36.28 36.67 37.03 37.38 37.70 38.00 38.27 38.51 38.73 38.92 39.08 39.20 39.30 39.36 39.39 39.38 39.33 39.25 39.12
16.48 16.54 16.61 16.69 16.77 16.86 16.95 17.05 17.15 17.25 17.35 17.45 17.56 17.67 17.79 17.91 18.03 18.15 18.27 18.39 18.52 18.69 18.90 19.16 19.46 19.81 20.19 20.61 21.07 21.56 22.07 22.59 23.12 23.66 24.21 24.76 25.33 25.89 26.47 27.04 27.62 28.19 28.77 29.34 29.91 30.48 31.04 31.59 32.14 32.68 33.20 33.72 34.23 34.72 35.19 35.65 36.10 36.52 36.93 37.31 37.68 38.02 38.34 38.63 38.90 39.14 39.35 39.53 39.68 39.80 39.88 39.93 39.95 39.93 39.87 39.77 39.63
16.65 16.72 16.79 16.87 16.96 17.05 17.14 17.24 17.34 17.45 17.55 17.66 17.78 17.90 18.02 18.14 18.27 18.39 18.52 18.65 18.79 18.96 19.18 19.45 19.75 20.10 20.49 20.92 21.38 21.88 22.40 22.94 23.49 24.05 24.62 25.20 25.78 26.36 26.95 27.54 28.12 28.71 29.30 29.89 30.47 31.04 31.61 32.18 32.73 33.28 33.81 34.33 34.84 35.33 35.81 36.28 36.72 37.15 37.55 37.94 38.30 38.64 38.95 39.24 39.50 39.73 39.94 40.11 40.25 40.36 40.44 40.48 40.48 40.45 40.38 40.27 40.11
16.82 16.89 16.97 17.05 17.14 17.23 17.33 17.43 17.54 17.64 17.76 17.87 17.99 18.12 18.24 18.37 18.51 18.64 18.78 18.91 19.06 19.23 19.46 19.73 20.04 20.40 20.80 21.23 21.70 22.19 22.72 23.28 23.85 24.43 25.02 25.61 26.20 26.80 27.41 28.01 28.61 29.22 29.82 30.41 31.00 31.59 32.17 32.74 33.30 33.85 34.39 34.92 35.43 35.93 36.41 36.87 37.32 37.75 38.15 38.54 38.90 39.23 39.54 39.83 40.08 40.31 40.51 40.67 40.81 40.91 40.97 41.00 40.99 40.95 40.86 40.74 40.58
16.99 17.06 17.14 17.23 17.32 17.42 17.52 17.62 17.73 17.84 17.96 18.08 18.21 18.34 18.47 18.61 18.75 18.89 19.03 19.17 19.32 19.51 19.74 20.01 20.33 20.70 21.10 21.53 22.00 22.51 23.04 23.60 24.19 24.79 25.39 26.00 26.61 27.23 27.85 28.46 29.08 29.70 30.31 30.92 31.52 32.11 32.70 33.28 33.85 34.41 34.95 35.48 36.00 36.50 36.98 37.45 37.90 38.32 38.73 39.11 39.47 39.80 40.11 40.39 40.64 40.86 41.05 41.21 41.33 41.42 41.48 41.50 41.48 41.42 41.32 41.19 41.03
17.15 17.23 17.31 17.40 17.50 17.60 17.70 17.81 17.92 18.04 18.16 18.29 18.42 18.56 18.70 18.84 18.98 19.13 19.28 19.43 19.59 19.78 20.01 20.30 20.62 20.99 21.39 21.84 22.31 22.82 23.36 23.92 24.51 25.12 25.75 26.37 27.00 27.63 28.27 28.90 29.53 30.16 30.78 31.40 32.01 32.62 33.21 33.80 34.37 34.94 35.49 36.02 36.55 37.05 37.54 38.00 38.45 38.88 39.28 39.66 40.02 40.35 40.65 40.92 41.17 41.38 41.57 41.72 41.83 41.91 41.96 41.97 41.93 41.86 41.76 41.63 41.48
17.32 17.40 17.48 17.58 17.67 17.78 17.88 18.00 18.11 18.24 18.37 18.50 18.64 18.78 18.92 19.07 19.22 19.37 19.53 19.69 19.85 20.04 20.29 20.57 20.91 21.28 21.69 22.13 22.61 23.13 23.67 24.24 24.83 25.45 26.08 26.72 27.37 28.02 28.67 29.31 29.96 30.60 31.23 31.86 32.48 33.10 33.70 34.30 34.88 35.45 36.00 36.55 37.07 37.58 38.07 38.53 38.98 39.41 39.81 40.19 40.54 40.87 41.17 41.44 41.68 41.88 42.06 42.20 42.31 42.38 42.42 42.41 42.37 42.29 42.19 42.07 41.92
17.48 17.56 17.65 17.75 17.85 17.95 18.06 18.18 18.31 18.43 18.57 18.71 18.85 19.00 19.15 19.30 19.46 19.61 19.78 19.94 20.11 20.31 20.56 20.85 21.19 21.56 21.98 22.43 22.92 23.43 23.98 24.55 25.15 25.76 26.40 27.06 27.72 28.38 29.05 29.71 30.36 31.01 31.66 32.30 32.93 33.56 34.17 34.77 35.36 35.94 36.50 37.04 37.57 38.08 38.57 39.04 39.49 39.92 40.32 40.70 41.05 41.37 41.66 41.93 42.16 42.36 42.53 42.66 42.76 42.82 42.85 42.83 42.78 42.71 42.61 42.50 42.36
