data_processed/recharge/precip/Precip_2007_04.asc
ncols        168
nrows        136
xllcorner    455000
yllcorner    2107000
cellsize     500
NODATA_value     -99999
[rows 0 to 34 of 136, columns 0 to 77 of 168]
35.90 37.30 38.66 39.95 41.19 42.35 43.43 44.43 45.34 46.13 46.78 47.29 47.65 47.86 47.94 47.98 47.97 47.92 47.81 47.66 47.49 47.31 47.11 46.90 46.67 46.44 46.20 45.95 45.70 45.44 45.19 44.93 44.68 44.43 44.18 43.94 43.71 43.49 43.29 43.09 42.91 42.75 42.60 42.48 42.37 42.29 42.23 42.20 42.20 42.23 42.29 42.38 42.50 42.66 42.86 43.10 43.38 43.70 44.06 44.48 44.93 45.41 45.86 46.30 46.71 47.11 47.50 47.89 48.30 48.71 49.13 49.57 50.00 50.44 50.88 51.33 51.78 52.25
35.85 37.27 38.63 39.94 41.19 42.36 43.45 44.46 45.35 46.12 46.75 47.23 47.57 47.75 47.81 47.83 47.80 47.73 47.62 47.46 47.26 47.04 46.81 46.57 46.33 46.07 45.81 45.55 45.28 45.01 44.75 44.49 44.23 43.98 43.74 43.50 43.28 43.07 42.87 42.69 42.53 42.39 42.26 42.16 42.08 42.03 42.01 42.02 42.05 42.12 42.22 42.36 42.53 42.74 42.99 43.29 43.63 44.01 44.44 44.91 45.41 45.89 46.34 46.78 47.20 47.60 48.00 48.40 48.82 49.24 49.67 50.11 50.56 51.01 51.47 51.93 52.39 52.86
35.85 37.28 38.66 39.98 41.23 42.41 43.51 44.51 45.38 46.12 46.73 47.19 47.50 47.66 47.70 47.69 47.65 47.57 47.45 47.28 47.07 46.83 46.57 46.31 46.03 45.76 45.48 45.20 44.92 44.64 44.37 44.10 43.84 43.58 43.34 43.11 42.90 42.70 42.51 42.35 42.20 42.08 41.98 41.90 41.85 41.83 41.84 41.88 41.95 42.06 42.21 42.39 42.61 42.87 43.18 43.53 43.93 44.37 44.86 45.37 45.87 46.34 46.80 47.23 47.66 48.07 48.47 48.89 49.31 49.74 50.19 50.64 51.09 51.55 52.02 52.49 52.96 53.44
35.90 37.34 38.73 40.06 41.33 42.51 43.60 44.58 45.43 46.15 46.73 47.17 47.45 47.58 47.60 47.57 47.51 47.42 47.29 47.12 46.92 46.67 46.38 46.09 45.79 45.50 45.20 44.90 44.61 44.32 44.04 43.76 43.50 43.24 43.00 42.78 42.57 42.38 42.21 42.05 41.93 41.82 41.74 41.69 41.67 41.68 41.72 41.80 41.91 42.06 42.25 42.48 42.75 43.06 43.42 43.83 44.28 44.79 45.31 45.82 46.31 46.78 47.23 47.67 48.09 48.51 48.92 49.35 49.78 50.22 50.67 51.13 51.59 52.07 52.54 53.02 53.50 53.99
36.00 37.45 38.85 40.19 41.46 42.63 43.70 44.66 45.48 46.18 46.74 47.16 47.42 47.52 47.51 47.47 47.40 47.29 47.15 46.98 46.77 46.53 46.25 45.93 45.61 45.29 44.97 44.66 44.35 44.05 43.76 43.48 43.21 42.96 42.72 42.50 42.30 42.11 41.95 41.82 41.71 41.62 41.57 41.54 41.55 41.59 41.66 41.77 41.92 42.11 42.34 42.62 42.94 43.30 43.72 44.18 44.69 45.22 45.74 46.24 46.72 47.18 47.63 48.07 48.50 48.93 49.35 49.78 50.22 50.67 51.13 51.59 52.07 52.55 53.03 53.52 54.01 54.51
36.13 37.60 39.01 40.35 41.61 42.77 43.82 44.75 45.56 46.23 46.77 47.16 47.40 47.48 47.45 47.38 47.29 47.18 47.03 46.86 46.65 46.41 46.14 45.82 45.49 45.14 44.81 44.48 44.16 43.84 43.54 43.26 42.99 42.73 42.49 42.28 42.08 41.91 41.76 41.64 41.54 41.48 41.45 41.45 41.48 41.55 41.66 41.80 41.99 42.22 42.50 42.82 43.18 43.60 44.07 44.58 45.12 45.65 46.15 46.64 47.11 47.57 48.02 48.46 48.89 49.32 49.75 50.19 50.64 51.09 51.56 52.03 52.51 53.00 53.49 53.99 54.49 54.99
36.31 37.78 39.20 40.53 41.78 42.91 43.94 44.85 45.64 46.29 46.80 47.17 47.39 47.44 47.39 47.31 47.20 47.08 46.93 46.75 46.54 46.31 46.04 45.74 45.41 45.05 44.70 44.35 44.02 43.69 43.38 43.09 42.82 42.56 42.32 42.11 41.92 41.76 41.62 41.51 41.44 41.39 41.38 41.41 41.47 41.57 41.71 41.89 42.12 42.39 42.70 43.07 43.48 43.95 44.47 45.01 45.54 46.05 46.54 47.01 47.48 47.93 48.38 48.81 49.25 49.68 50.12 50.57 51.02 51.49 51.96 52.44 52.93 53.43 53.93 54.43 54.93 55.44
36.52 38.00 39.41 40.73 41.95 43.07 44.07 44.96 45.73 46.36 46.85 47.20 47.39 47.42 47.35 47.25 47.13 46.99 46.83 46.65 46.45 46.22 45.96 45.67 45.36 45.01 44.65 44.28 43.93 43.60 43.28 42.98 42.70 42.45 42.21 42.00 41.82 41.67 41.54 41.45 41.39 41.36 41.38 41.42 41.51 41.64 41.82 42.03 42.30 42.61 42.97 43.38 43.84 44.36 44.90 45.42 45.93 46.42 46.90 47.36 47.82 48.27 48.71 49.15 49.59 50.03 50.47 50.92 51.39 51.86 52.34 52.83 53.32 53.82 54.33 54.84 55.35 55.87
36.76 38.23 39.62 40.92 42.13 43.23 44.21 45.08 45.83 46.44 46.91 47.23 47.40 47.41 47.31 47.19 47.06 46.91 46.75 46.57 46.36 46.14 45.89 45.62 45.32 45.00 44.65 44.27 43.91 43.56 43.24 42.93 42.65 42.39 42.16 41.95 41.78 41.63 41.52 41.44 41.40 41.39 41.43 41.50 41.62 41.78 41.98 42.24 42.54 42.89 43.29 43.75 44.26 44.79 45.31 45.82 46.30 46.78 47.24 47.69 48.14 48.58 49.02 49.46 49.90 50.34 50.79 51.25 51.72 52.20 52.69 53.19 53.69 54.19 54.71 55.22 55.74 56.26
37.01 38.47 39.84 41.13 42.31 43.39 44.36 45.21 45.93 46.52 46.97 47.27 47.42 47.41 47.29 47.15 47.01 46.85 46.68 46.49 46.29 46.07 45.84 45.58 45.30 45.00 44.67 44.31 43.95 43.59 43.25 42.94 42.65 42.39 42.16 41.96 41.79 41.66 41.56 41.49 41.47 41.48 41.54 41.64 41.78 41.97 42.21 42.50 42.83 43.23 43.67 44.17 44.70 45.21 45.71 46.19 46.66 47.11 47.56 48.00 48.44 48.87 49.31 49.74 50.18 50.63 51.09 51.56 52.04 52.52 53.02 53.52 54.02 54.54 55.05 55.58 56.10 56.63
37.27 38.71 40.07 41.33 42.50 43.56 44.51 45.34 46.04 46.61 47.04 47.32 47.44 47.41 47.27 47.12 46.96 46.79 46.61 46.43 46.23 46.02 45.79 45.55 45.29 45.01 44.70 44.38 44.03 43.67 43.33 43.01 42.72 42.46 42.23 42.03 41.87 41.74 41.65 41.60 41.60 41.63 41.71 41.83 42.00 42.22 42.49 42.82 43.19 43.63 44.11 44.63 45.13 45.61 46.08 46.54 46.98 47.42 47.85 48.28 48.71 49.14 49.57 50.00 50.45 50.90 51.36 51.84 52.32 52.81 53.31 53.82 54.33 54.85 55.37 55.90 56.43 56.96
37.53 38.95 40.29 41.54 42.69 43.73 44.66 45.47 46.16 46.70 47.11 47.37 47.47 47.42 47.26 47.09 46.92 46.74 46.56 46.37 46.18 45.97 45.76 45.53 45.28 45.03 44.75 44.46 44.14 43.81 43.47 43.14 42.85 42.58 42.36 42.16 42.01 41.89 41.81 41.78 41.79 41.84 41.94 42.09 42.29 42.54 42.84 43.20 43.61 44.08 44.58 45.06 45.53 45.99 46.43 46.87 47.29 47.71 48.13 48.54 48.96 49.38 49.81 50.24 50.68 51.14 51.61 52.09 52.58 53.08 53.58 54.10 54.61 55.14 55.67 56.20 56.73 57.27
37.79 39.20 40.52 41.75 42.88 43.91 44.82 45.61 46.27 46.80 47.19 47.43 47.51 47.43 47.25 47.07 46.88 46.70 46.51 46.32 46.13 45.93 45.73 45.51 45.29 45.05 44.81 44.54 44.26 43.97 43.65 43.33 43.04 42.77 42.54 42.36 42.21 42.10 42.03 42.01 42.04 42.11 42.23 42.40 42.63 42.91 43.25 43.64 44.09 44.57 45.03 45.48 45.92 46.35 46.76 47.17 47.58 47.98 48.38 48.78 49.19 49.60 50.02 50.45 50.90 51.36 51.83 52.32 52.81 53.32 53.83 54.34 54.87 55.40 55.93 56.47 57.01 57.55
38.05 39.44 40.74 41.96 43.07 44.08 44.97 45.75 46.39 46.90 47.27 47.49 47.55 47.45 47.25 47.05 46.85 46.66 46.47 46.28 46.09 45.90 45.71 45.51 45.30 45.09 44.87 44.64 44.39 44.14 43.87 43.58 43.29 43.02 42.80 42.61 42.47 42.37 42.31 42.31 42.35 42.44 42.59 42.78 43.04 43.35 43.72 44.14 44.60 45.04 45.47 45.88 46.29 46.68 47.07 47.46 47.84 48.22 48.61 49.00 49.39 49.80 50.21 50.64 51.09 51.55 52.03 52.52 53.02 53.53 54.04 54.57 55.09 55.63 56.17 56.71 57.25 57.80
38.30 39.68 40.97 42.17 43.26 44.25 45.13 45.88 46.51 47.00 47.35 47.55 47.59 47.47 47.25 47.03 46.82 46.62 46.43 46.24 46.05 45.87 45.69 45.51 45.32 45.13 44.94 44.74 44.53 44.31 44.09 43.84 43.59 43.34 43.11 42.93 42.79 42.70 42.66 42.67 42.73 42.84 43.00 43.23 43.51 43.85 44.25 44.67 45.09 45.49 45.88 46.26 46.64 47.00 47.36 47.72 48.08 48.45 48.81 49.19 49.57 49.97 50.38 50.81 51.25 51.71 52.20 52.70 53.20 53.71 54.23 54.76 55.29 55.83 56.37 56.92 57.47 58.01
38.55 39.91 41.19 42.37 43.45 44.42 45.28 46.02 46.63 47.10 47.43 47.61 47.63 47.49 47.25 47.01 46.79 46.59 46.39 46.20 46.02 45.84 45.68 45.51 45.34 45.18 45.02 44.85 44.68 44.50 44.31 44.12 43.92 43.70 43.49 43.31 43.18 43.10 43.07 43.09 43.17 43.30 43.49 43.73 44.04 44.41 44.81 45.19 45.57 45.93 46.28 46.62 46.96 47.30 47.63 47.96 48.30 48.65 49.00 49.36 49.73 50.12 50.52 50.95 51.39 51.86 52.35 52.85 53.36 53.87 54.40 54.93 55.47 56.01 56.55 57.10 57.65 58.21
38.79 40.14 41.40 42.57 43.63 44.59 45.43 46.15 46.74 47.19 47.50 47.66 47.67 47.51 47.25 47.00 46.77 46.55 46.35 46.16 45.99 45.82 45.66 45.51 45.37 45.23 45.09 44.96 44.82 44.69 44.54 44.40 44.25 44.09 43.92 43.76 43.64 43.56 43.55 43.58 43.67 43.82 44.03 44.31 44.64 45.00 45.36 45.70 46.02 46.34 46.66 46.96 47.27 47.57 47.88 48.19 48.50 48.83 49.16 49.51 49.87 50.25 50.64 51.06 51.51 51.97 52.47 52.97 53.49 54.01 54.54 55.07 55.61 56.16 56.71 57.26 57.81 58.37
39.03 40.36 41.61 42.76 43.81 44.75 45.57 46.28 46.85 47.29 47.58 47.72 47.70 47.52 47.25 46.98 46.74 46.52 46.31 46.13 45.96 45.80 45.66 45.52 45.40 45.28 45.18 45.07 44.97 44.88 44.78 44.68 44.59 44.48 44.38 44.26 44.16 44.09 44.09 44.14 44.24 44.41 44.65 44.94 45.27 45.58 45.89 46.18 46.46 46.74 47.01 47.28 47.55 47.83 48.10 48.39 48.68 48.98 49.30 49.63 49.98 50.35 50.74 51.15 51.60 52.07 52.56 53.07 53.59 54.11 54.65 55.19 55.73 56.28 56.83 57.38 57.94 58.50
39.26 40.58 41.81 42.95 43.98 44.90 45.71 46.40 46.95 47.37 47.65 47.77 47.73 47.53 47.24 46.96 46.71 46.48 46.27 46.09 45.92 45.78 45.65 45.53 45.43 45.34 45.26 45.19 45.13 45.07 45.02 44.97 44.93 44.88 44.83 44.78 44.73 44.69 44.69 44.76 44.88 45.07 45.32 45.61 45.88 46.15 46.40 46.65 46.88 47.12 47.35 47.59 47.82 48.06 48.31 48.57 48.84 49.12 49.42 49.73 50.07 50.43 50.81 51.22 51.66 52.13 52.63 53.15 53.67 54.20 54.73 55.27 55.82 56.37 56.93 57.48 58.04 58.60
39.48 40.78 42.00 43.12 44.14 45.05 45.84 46.51 47.05 47.45 47.71 47.81 47.76 47.54 47.23 46.94 46.67 46.44 46.23 46.05 45.89 45.75 45.63 45.54 45.46 45.39 45.34 45.31 45.28 45.27 45.26 45.26 45.27 45.28 45.29 45.31 45.32 45.34 45.37 45.45 45.59 45.79 46.03 46.26 46.49 46.70 46.90 47.09 47.29 47.48 47.67 47.87 48.07 48.28 48.49 48.73 48.97 49.23 49.51 49.81 50.14 50.48 50.86 51.27 51.71 52.18 52.68 53.20 53.72 54.25 54.79 55.33 55.88 56.44 56.99 57.55 58.12 58.68
39.69 40.98 42.18 43.29 44.29 45.19 45.97 46.62 47.14 47.53 47.76 47.85 47.78 47.54 47.21 46.91 46.63 46.39 46.18 46.00 45.85 45.72 45.62 45.54 45.48 45.44 45.42 45.42 45.43 45.46 45.50 45.55 45.61 45.68 45.76 45.84 45.92 46.01 46.10 46.20 46.36 46.55 46.73 46.91 47.07 47.22 47.38 47.52 47.67 47.82 47.97 48.13 48.29 48.47 48.66 48.86 49.08 49.32 49.58 49.87 50.18 50.52 50.89 51.29 51.72 52.20 52.70 53.22 53.75 54.28 54.82 55.37 55.92 56.48 57.04 57.60 58.16 58.73
39.88 41.16 42.35 43.44 44.43 45.31 46.08 46.71 47.22 47.59 47.81 47.88 47.79 47.53 47.19 46.87 46.59 46.34 46.13 45.95 45.81 45.69 45.60 45.54 45.50 45.49 45.50 45.53 45.58 45.65 45.74 45.84 45.95 46.08 46.22 46.36 46.52 46.68 46.85 47.01 47.16 47.30 47.42 47.53 47.64 47.74 47.84 47.93 48.03 48.14 48.25 48.37 48.50 48.64 48.80 48.98 49.17 49.39 49.63 49.90 50.20 50.53 50.89 51.28 51.72 52.19 52.70 53.22 53.75 54.28 54.83 55.38 55.93 56.49 57.05 57.61 58.18 58.74
40.06 41.33 42.51 43.59 44.56 45.43 46.18 46.80 47.29 47.64 47.85 47.90 47.79 47.52 47.16 46.83 46.53 46.28 46.07 45.90 45.76 45.65 45.58 45.53 45.52 45.53 45.57 45.64 45.73 45.84 45.97 46.13 46.29 46.48 46.68 46.89 47.12 47.35 47.59 47.80 47.95 48.03 48.09 48.14 48.19 48.23 48.28 48.33 48.38 48.44 48.51 48.59 48.69 48.80 48.93 49.07 49.25 49.44 49.66 49.92 50.20 50.52 50.87 51.26 51.69 52.16 52.67 53.19 53.72 54.26 54.81 55.36 55.91 56.47 57.04 57.60 58.17 58.73
40.23 41.48 42.65 43.72 44.68 45.53 46.26 46.87 47.35 47.68 47.87 47.91 47.78 47.49 47.11 46.77 46.47 46.22 46.00 45.83 45.70 45.60 45.54 45.52 45.53 45.57 45.64 45.74 45.87 46.03 46.21 46.41 46.63 46.88 47.14 47.42 47.71 48.02 48.30 48.52 48.66 48.73 48.74 48.73 48.72 48.71 48.70 48.70 48.71 48.72 48.75 48.80 48.85 48.93 49.03 49.15 49.29 49.47 49.67 49.91 50.17 50.48 50.82 51.21 51.63 52.11 52.62 53.14 53.67 54.21 54.76 55.31 55.87 56.43 56.99 57.56 58.13 58.69
40.38 41.62 42.77 43.83 44.78 45.62 46.34 46.93 47.39 47.71 47.88 47.90 47.76 47.45 47.06 46.70 46.40 46.14 45.92 45.76 45.63 45.55 45.50 45.50 45.53 45.60 45.70 45.84 46.01 46.21 46.43 46.69 46.96 47.27 47.59 47.94 48.30 48.65 48.93 49.15 49.29 49.36 49.36 49.30 49.24 49.17 49.11 49.06 49.02 48.99 48.98 48.98 49.00 49.04 49.11 49.20 49.32 49.47 49.66 49.87 50.13 50.42 50.76 51.13 51.56 52.03 52.54 53.07 53.60 54.14 54.69 55.24 55.80 56.36 56.92 57.49 58.06 58.62
40.51 41.74 42.88 43.92 44.86 45.69 46.39 46.97 47.42 47.72 47.88 47.89 47.73 47.40 46.99 46.63 46.31 46.05 45.83 45.67 45.55 45.48 45.45 45.47 45.53 45.62 45.76 45.93 46.14 46.38 46.65 46.96 47.29 47.65 48.04 48.45 48.85 49.19 49.47 49.68 49.82 49.90 49.91 49.85 49.73 49.61 49.50 49.40 49.31 49.24 49.18 49.14 49.13 49.14 49.17 49.24 49.33 49.46 49.62 49.82 50.06 50.34 50.66 51.04 51.45 51.92 52.44 52.96 53.50 54.04 54.59 55.14 55.70 56.26 56.83 57.39 57.96 58.53
40.62 41.84 42.97 44.00 44.93 45.74 46.43 47.00 47.43 47.72 47.86 47.85 47.68 47.34 46.91 46.53 46.21 45.94 45.73 45.57 45.46 45.40 45.39 45.43 45.51 45.63 45.80 46.01 46.26 46.54 46.86 47.22 47.61 48.03 48.48 48.92 49.31 49.65 49.92 50.12 50.27 50.35 50.37 50.32 50.20 50.04 49.87 49.72 49.58 49.46 49.36 49.29 49.24 49.21 49.21 49.25 49.32 49.42 49.56 49.74 49.97 50.24 50.55 50.91 51.33 51.80 52.31 52.84 53.37 53.92 54.47 55.02 55.58 56.14 56.70 57.27 57.84 58.40
40.72 41.93 43.04 44.06 44.97 45.77 46.45 47.01 47.42 47.70 47.83 47.80 47.61 47.26 46.82 46.43 46.10 45.83 45.62 45.46 45.36 45.31 45.32 45.38 45.48 45.63 45.83 46.08 46.37 46.69 47.06 47.47 47.92 48.40 48.88 49.31 49.68 50.00 50.27 50.47 50.62 50.70 50.73 50.69 50.59 50.43 50.23 50.02 49.84 49.67 49.53 49.41 49.32 49.26 49.23 49.24 49.28 49.36 49.48 49.64 49.85 50.11 50.41 50.77 51.18 51.65 52.16 52.69 53.22 53.77 54.32 54.87 55.43 55.99 56.55 57.12 57.68 58.25
40.79 41.99 43.09 44.10 45.00 45.79 46.46 46.99 47.40 47.66 47.78 47.74 47.53 47.16 46.71 46.30 45.97 45.69 45.48 45.33 45.24 45.21 45.23 45.31 45.44 45.62 45.85 46.13 46.46 46.84 47.26 47.72 48.22 48.72 49.18 49.59 49.95 50.26 50.52 50.72 50.87 50.96 50.99 50.97 50.89 50.75 50.55 50.31 50.07 49.86 49.68 49.52 49.39 49.30 49.24 49.21 49.23 49.28 49.38 49.52 49.72 49.96 50.25 50.60 51.01 51.47 51.98 52.51 53.05 53.59 54.14 54.69 55.25 55.81 56.37 56.94 57.50 58.07
40.83 42.02 43.12 44.12 45.00 45.78 46.44 46.96 47.35 47.60 47.70 47.65 47.43 47.04 46.57 46.16 45.82 45.54 45.34 45.19 45.11 45.09 45.13 45.23 45.38 45.59 45.86 46.18 46.55 46.97 47.43 47.94 48.47 48.95 49.39 49.78 50.13 50.42 50.67 50.87 51.02 51.12 51.16 51.15 51.09 50.97 50.79 50.56 50.29 50.03 49.81 49.61 49.44 49.31 49.22 49.16 49.15 49.18 49.26 49.38 49.56 49.79 50.07 50.41 50.81 51.27 51.78 52.31 52.85 53.39 53.94 54.49 55.05 55.60 56.17 56.73 57.29 57.86
40.86 42.03 43.12 44.11 44.99 45.75 46.39 46.91 47.29 47.52 47.61 47.54 47.31 46.91 46.42 46.00 45.65 45.38 45.17 45.03 44.96 44.95 45.01 45.13 45.31 45.55 45.85 46.21 46.62 47.08 47.60 48.12 48.62 49.08 49.49 49.87 50.20 50.48 50.72 50.92 51.07 51.17 51.22 51.23 51.18 51.08 50.93 50.73 50.48 50.19 49.91 49.67 49.47 49.30 49.18 49.09 49.05 49.06 49.11 49.22 49.38 49.59 49.86 50.19 50.59 51.05 51.56 52.09 52.62 53.16 53.71 54.26 54.81 55.37 55.93 56.50 57.06 57.62
40.85 42.02 43.10 44.07 44.94 45.70 46.33 46.83 47.20 47.42 47.50 47.41 47.16 46.75 46.25 45.82 45.47 45.19 44.98 44.85 44.79 44.80 44.87 45.02 45.22 45.49 45.83 46.22 46.67 47.18 47.71 48.21 48.67 49.10 49.49 49.85 50.16 50.44 50.67 50.87 51.02 51.12 51.19 51.20 51.17 51.10 50.97 50.80 50.58 50.31 50.00 49.72 49.48 49.28 49.12 49.00 48.93 48.91 48.94 49.03 49.17 49.37 49.63 49.96 50.34 50.80 51.31 51.83 52.37 52.91 53.45 54.00 54.56 55.11 55.67 56.23 56.79 57.35
40.82 41.98 43.05 44.02 44.87 45.62 46.24 46.73 47.08 47.30 47.36 47.26 47.00 46.57 46.06 45.62 45.26 44.98 44.78 44.65 44.60 44.62 44.72 44.88 45.12 45.42 45.78 46.22 46.71 47.22 47.72 48.19 48.62 49.02 49.39 49.72 50.02 50.29 50.52 50.71 50.86 50.97 51.04 51.07 51.06 51.01 50.91 50.76 50.58 50.34 50.06 49.75 49.47 49.23 49.04 48.89 48.79 48.75 48.76 48.82 48.95 49.13 49.38 49.69 50.08 50.53 51.03 51.56 52.09 52.63 53.17 53.72 54.27 54.83 55.39 55.94 56.50 57.06
40.76 41.91 42.97 43.93 44.78 45.51 46.12 46.60 46.94 47.14 47.19 47.08 46.81 46.36 45.84 45.39 45.03 44.75 44.55 44.43 44.39 44.43 44.54 44.73 44.99 45.32 45.72 46.19 46.69 47.17 47.62 48.05 48.46 48.83 49.18 49.49 49.78 50.03 50.25 50.44 50.59 50.71 50.79 50.83 50.84 50.81 50.73 50.62 50.47 50.27 50.03 49.75 49.44 49.16 48.94 48.76 48.63 48.56 48.55 48.59 48.70 48.87 49.10 49.41 49.78 50.23 50.74 51.26 51.79 52.33 52.87 53.41 53.96 54.52 55.07 55.63 56.18 56.73
40.67 41.82 42.87 43.81 44.65 45.38 45.98 46.45 46.78 46.97 47.00 46.88 46.59 46.13 45.60 45.14 44.78 44.49 44.30 44.19 44.16 44.21 44.34 44.55 44.84 45.20 45.64 46.11 46.56 47.00 47.42 47.81 48.19 48.53 48.85 49.15 49.42 49.66 49.88 50.06 50.21 50.34 50.43 50.48 50.51 50.50 50.45 50.37 50.25 50.09 49.89 49.65 49.37 49.08 48.82 48.60 48.45 48.35 48.32 48.34 48.43 48.58 48.81 49.10 49.47 49.91 50.41 50.94 51.46 52.00 52.54 53.08 53.63 54.18 54.73 55.28 55.83 56.38
