data_processed/recharge/precip/Precip_2001_09.asc
ncols        168
nrows        136
xllcorner    455000
yllcorner    2107000
cellsize     500
NODATA_value     -99999
[rows 96 to 127 of 136, columns 72 to 143 of 168]
199.32 194.92 190.65 186.46 182.32 178.21 174.12 170.06 166.03 162.05 158.14 154.41 150.90 147.62 144.55 141.68 139.03 136.57 134.31 132.25 130.36 128.66 127.13 125.78 124.58 123.55 122.68 121.96 121.38 120.94 120.64 120.48 120.43 120.51 120.71 121.01 121.43 121.94 122.55 123.25 124.04 124.92 125.86 126.88 127.97 129.12 130.32 131.58 132.89 134.23 135.62 137.03 138.48 139.94 141.43 142.92 144.43 145.93 147.44 148.93 150.35 151.66 152.84 153.90 154.90 155.99 157.19 158.48 159.83 161.17 162.46 163.70
204.98 200.64 196.39 192.21 188.06 183.93 179.81 175.73 171.67 167.66 163.68 159.78 156.06 152.56 149.28 146.22 143.36 140.71 138.26 136.00 133.93 132.05 130.35 128.82 127.46 126.26 125.23 124.35 123.62 123.03 122.59 122.28 122.10 122.04 122.11 122.29 122.58 122.98 123.47 124.07 124.75 125.52 126.37 127.29 128.29 129.35 130.48 131.66 132.89 134.16 135.48 136.84 138.22 139.63 141.07 142.51 143.98 145.44 146.91 148.31 149.61 150.79 151.86 152.82 153.73 154.73 155.84 157.05 158.35 159.70 161.04 162.33
210.72 206.41 202.18 197.99 193.84 189.70 185.56 181.45 177.37 173.33 169.32 165.35 161.47 157.75 154.26 150.99 147.93 145.08 142.43 139.98 137.73 135.66 133.78 132.07 130.54 129.18 127.98 126.94 126.05 125.32 124.72 124.27 123.95 123.76 123.69 123.74 123.91 124.19 124.57 125.05 125.62 126.29 127.04 127.87 128.77 129.74 130.78 131.88 133.04 134.24 135.49 136.78 138.10 139.46 140.84 142.24 143.65 145.07 146.44 147.72 148.88 149.95 150.91 151.76 152.58 153.49 154.53 155.67 156.90 158.20 159.55 160.89
216.50 212.21 207.99 203.82 199.66 195.51 191.36 187.22 183.12 179.05 175.01 171.01 167.06 163.18 159.47 155.99 152.73 149.67 146.83 144.18 141.74 139.49 137.42 135.54 133.83 132.30 130.93 129.73 128.69 127.79 127.05 126.45 125.99 125.66 125.45 125.38 125.42 125.57 125.83 126.20 126.66 127.22 127.86 128.59 129.40 130.29 131.24 132.25 133.33 134.45 135.63 136.85 138.11 139.41 140.73 142.08 143.44 144.76 145.99 147.13 148.17 149.12 149.97 150.73 151.45 152.29 153.24 154.31 155.48 156.73 158.05 159.40
222.29 218.04 213.83 209.67 205.51 201.35 197.18 193.03 188.90 184.81 180.74 176.71 172.72 168.78 164.91 161.22 157.74 154.48 151.44 148.60 145.96 143.52 141.27 139.20 137.32 135.61 134.08 132.71 131.51 130.46 129.56 128.81 128.20 127.73 127.39 127.18 127.09 127.12 127.26 127.50 127.85 128.30 128.84 129.47 130.18 130.97 131.83 132.76 133.75 134.80 135.90 137.05 138.25 139.48 140.74 142.03 143.29 144.46 145.56 146.56 147.48 148.31 149.06 149.72 150.36 151.11 152.00 153.00 154.11 155.30 156.57 157.90
228.09 223.87 219.69 215.53 211.38 207.21 203.03 198.86 194.71 190.59 186.51 182.45 178.43 174.45 170.51 166.65 162.97 159.51 156.26 153.22 150.38 147.75 145.31 143.06 141.00 139.12 137.41 135.88 134.51 133.30 132.24 131.34 130.59 129.97 129.49 129.14 128.92 128.82 128.84 128.96 129.20 129.53 129.96 130.49 131.10 131.79 132.55 133.39 134.30 135.27 136.30 137.37 138.50 139.66 140.86 142.04 143.14 144.17 145.13 146.00 146.80 147.52 148.17 148.74 149.29 149.97 150.78 151.72 152.77 153.92 155.15 156.44
233.90 229.70 225.54 221.40 217.26 213.08 208.89 204.70 200.54 196.40 192.29 188.21 184.16 180.15 176.18 172.25 168.40 164.73 161.28 158.03 155.00 152.17 149.55 147.11 144.87 142.81 140.93 139.22 137.68 136.31 135.10 134.04 133.13 132.37 131.75 131.26 130.91 130.67 130.56 130.57 130.68 130.90 131.22 131.64 132.14 132.73 133.41 134.16 134.97 135.86 136.80 137.81 138.86 139.95 141.03 142.05 143.00 143.89 144.71 145.45 146.14 146.75 147.30 147.78 148.25 148.85 149.60 150.48 151.48 152.57 153.76 155.02
239.69 235.53 231.39 227.27 223.13 218.95 214.75 210.55 206.37 202.22 198.09 193.98 189.91 185.87 181.87 177.91 173.99 170.15 166.49 163.04 159.81 156.79 153.96 151.34 148.91 146.67 144.61 142.73 141.03 139.49 138.12 136.90 135.84 134.93 134.16 133.53 133.04 132.67 132.43 132.31 132.30 132.40 132.61 132.92 133.32 133.80 134.38 135.03 135.76 136.56 137.42 138.35 139.32 140.29 141.20 142.06 142.86 143.61 144.29 144.92 145.49 146.00 146.45 146.84 147.23 147.76 148.45 149.27 150.22 151.27 152.42 153.65
245.46 241.33 237.23 233.12 228.99 224.81 220.60 216.39 212.20 208.03 203.88 199.76 195.66 191.60 187.57 183.57 179.62 175.72 171.89 168.24 164.80 161.58 158.56 155.75 153.13 150.70 148.47 146.41 144.53 142.83 141.29 139.92 138.70 137.64 136.72 135.95 135.31 134.81 134.44 134.18 134.05 134.03 134.12 134.32 134.61 134.99 135.46 136.02 136.66 137.37 138.14 138.98 139.82 140.62 141.37 142.07 142.73 143.33 143.89 144.39 144.85 145.26 145.61 145.92 146.24 146.70 147.33 148.10 148.99 150.01 151.12 152.32
251.19 247.11 243.03 238.95 234.83 230.65 226.44 222.22 218.02 213.84 209.67 205.53 201.41 197.32 193.27 189.24 185.26 181.32 177.43 173.61 169.97 166.55 163.33 160.32 157.51 154.90 152.48 150.25 148.19 146.32 144.61 143.08 141.70 140.48 139.41 138.49 137.72 137.08 136.57 136.18 135.92 135.78 135.75 135.83 136.01 136.29 136.66 137.11 137.65 138.27 138.95 139.65 140.32 140.95 141.53 142.08 142.59 143.06 143.49 143.87 144.22 144.53 144.80 145.03 145.27 145.67 146.24 146.95 147.81 148.78 149.87 151.04
256.89 252.85 248.80 244.74 240.63 236.46 232.24 228.02 223.82 219.62 215.44 211.28 207.15 203.04 198.95 194.91 190.90 186.92 182.99 179.11 175.31 171.68 168.26 165.06 162.05 159.25 156.65 154.23 152.00 149.95 148.08 146.38 144.84 143.46 142.24 141.17 140.25 139.47 138.82 138.30 137.91 137.65 137.49 137.45 137.52 137.68 137.95 138.30 138.74 139.26 139.80 140.32 140.81 141.26 141.69 142.09 142.45 142.79 143.09 143.37 143.61 143.82 144.00 144.15 144.33 144.67 145.18 145.84 146.66 147.60 148.65 149.80
262.53 258.53 254.53 250.49 246.40 242.23 238.01 233.79 229.58 225.37 221.18 217.01 212.86 208.73 204.62 200.55 196.51 192.51 188.55 184.63 180.76 176.97 173.35 169.95 166.75 163.76 160.96 158.36 155.95 153.73 151.68 149.81 148.11 146.57 145.20 143.97 142.90 141.97 141.19 140.53 140.01 139.61 139.34 139.18 139.12 139.18 139.33 139.58 139.92 140.28 140.64 140.97 141.28 141.57 141.84 142.09 142.31 142.52 142.70 142.87 143.01 143.13 143.22 143.30 143.41 143.69 144.15 144.77 145.54 146.45 147.48 148.61
268.12 264.16 260.19 256.18 252.11 247.95 243.74 239.51 235.29 231.08 226.88 222.70 218.53 214.39 210.27 206.17 202.11 198.08 194.09 190.14 186.23 182.37 178.59 174.99 171.59 168.40 165.42 162.63 160.04 157.64 155.41 153.37 151.50 149.80 148.27 146.89 145.67 144.59 143.66 142.87 142.21 141.68 141.28 140.99 140.82 140.76 140.80 140.94 141.12 141.29 141.45 141.60 141.74 141.87 141.98 142.08 142.17 142.25 142.32 142.37 142.41 142.44 142.46 142.47 142.51 142.74 143.14 143.72 144.46 145.34 146.35 147.46
273.63 269.72 265.79 261.81 257.76 253.61 249.40 245.18 240.96 236.74 232.54 228.34 224.17 220.01 215.87 211.75 207.67 203.61 199.59 195.61 191.67 187.78 183.93 180.16 176.57 173.18 170.01 167.03 164.25 161.67 159.27 157.05 155.02 153.15 151.45 149.92 148.54 147.32 146.24 145.31 144.51 143.85 143.31 142.90 142.61 142.43 142.35 142.32 142.30 142.28 142.25 142.22 142.19 142.15 142.12 142.08 142.03 141.99 141.94 141.89 141.83 141.78 141.72 141.65 141.64 141.81 142.17 142.71 143.41 144.27 145.25 146.36
279.06 275.20 271.31 267.36 263.33 259.20 255.00 250.78 246.56 242.34 238.13 233.93 229.74 225.57 221.42 217.29 213.18 209.10 205.06 201.05 197.08 193.15 189.27 185.43 181.68 178.10 174.72 171.56 168.59 165.82 163.24 160.85 158.64 156.61 154.74 153.05 151.51 150.14 148.91 147.83 146.90 146.10 145.43 144.89 144.47 144.16 143.92 143.68 143.46 143.24 143.02 142.82 142.62 142.43 142.24 142.06 141.89 141.72 141.56 141.41 141.26 141.12 140.99 140.86 140.79 140.91 141.22 141.73 142.40 143.23 144.20 145.30
284.40 280.59 276.75 272.83 268.83 264.71 260.52 256.30 252.09 247.87 243.66 239.46 235.26 231.08 226.91 222.76 218.64 214.54 210.47 206.44 202.44 198.48 194.56 190.69 186.87 183.13 179.56 176.20 173.04 170.08 167.32 164.75 162.37 160.16 158.13 156.27 154.58 153.05 151.67 150.45 149.37 148.43 147.62 146.95 146.40 145.92 145.46 145.01 144.59 144.17 143.78 143.40 143.04 142.69 142.36 142.04 141.74 141.46 141.19 140.94 140.70 140.48 140.27 140.08 139.95 140.03 140.30 140.77 141.42 142.23 143.19 144.28
289.64 285.89 282.08 278.21 274.23 270.13 265.95 261.74 257.53 253.32 249.11 244.90 240.70 236.51 232.33 228.17 224.03 219.92 215.83 211.77 207.75 203.76 199.81 195.90 192.04 188.23 184.51 180.95 177.60 174.45 171.51 168.75 166.19 163.81 161.61 159.59 157.73 156.04 154.51 153.14 151.91 150.83 149.89 149.08 148.34 147.64 146.96 146.31 145.69 145.09 144.51 143.96 143.44 142.94 142.47 142.02 141.59 141.19 140.82 140.47 140.15 139.84 139.57 139.32 139.14 139.17 139.41 139.85 140.47 141.27 142.21 143.30
294.76 291.07 287.32 283.48 279.53 275.45 271.28 267.09 262.89 258.68 254.47 250.26 246.06 241.86 237.68 233.51 229.35 225.22 221.11 217.03 212.99 208.97 204.99 201.05 197.16 193.31 189.52 185.80 182.26 178.92 175.79 172.85 170.11 167.55 165.18 162.99 160.97 159.12 157.43 155.90 154.53 153.30 152.21 151.21 150.25 149.33 148.44 147.58 146.76 145.98 145.22 144.51 143.83 143.18 142.56 141.99 141.44 140.93 140.45 140.01 139.60 139.22 138.88 138.57 138.35 138.34 138.54 138.96 139.56 140.34 141.27 142.36
299.77 296.14 292.43 288.63 284.72 280.66 276.51 272.33 268.14 263.94 259.73 255.52 251.32 247.12 242.93 238.75 234.59 230.44 226.32 222.22 218.15 214.11 210.10 206.14 202.21 198.33 194.50 190.71 187.01 183.48 180.16 177.03 174.11 171.37 168.83 166.46 164.27 162.26 160.41 158.73 157.20 155.82 154.54 153.31 152.12 150.98 149.88 148.82 147.81 146.84 145.91 145.03 144.20 143.40 142.65 141.94 141.28 140.66 140.08 139.55 139.06 138.61 138.21 137.85 137.58 137.53 137.70 138.09 138.67 139.44 140.37 141.46
304.64 301.07 297.42 293.66 289.78 285.75 281.62 277.45 273.27 269.08 264.88 260.68 256.48 252.28 248.09 243.90 239.73 235.57 231.43 227.32 223.23 219.17 215.14 211.14 207.19 203.27 199.40 195.58 191.81 188.13 184.61 181.30 178.18 175.27 172.54 170.01 167.65 165.47 163.46 161.62 159.93 158.35 156.83 155.36 153.95 152.59 151.28 150.02 148.82 147.68 146.58 145.54 144.55 143.61 142.73 141.90 141.12 140.39 139.72 139.10 138.53 138.01 137.55 137.13 136.82 136.74 136.88 137.25 137.82 138.58 139.51 140.60
309.37 305.87 302.27 298.56 294.71 290.72 286.60 282.45 278.28 274.11 269.92 265.72 261.52 257.33 253.13 248.94 244.76 240.60 236.45 232.32 228.21 224.13 220.08 216.06 212.07 208.13 204.23 200.37 196.56 192.81 189.14 185.63 182.33 179.23 176.33 173.61 171.08 168.73 166.56 164.55 162.66 160.83 159.07 157.37 155.73 154.16 152.65 151.20 149.81 148.49 147.22 146.02 144.88 143.81 142.79 141.84 140.95 140.12 139.35 138.65 138.00 137.42 136.90 136.44 136.09 135.97 136.09 136.44 136.99 137.75 138.68 139.78
313.95 310.51 306.97 303.31 299.51 295.54 291.44 287.31 283.16 279.00 274.82 270.64 266.45 262.25 258.06 253.87 249.68 245.51 241.35 237.21 233.09 228.99 224.92 220.87 216.86 212.89 208.96 205.07 201.23 197.43 193.69 190.04 186.55 183.26 180.17 177.28 174.57 172.05 169.70 167.48 165.34 163.26 161.26 159.33 157.48 155.69 153.98 152.34 150.77 149.27 147.84 146.48 145.20 143.99 142.84 141.77 140.77 139.84 138.99 138.20 137.48 136.83 136.26 135.75 135.37 135.22 135.32 135.65 136.20 136.95 137.89 139.00
318.37 315.00 311.52 307.91 304.14 300.21 296.14 292.03 287.90 283.75 279.59 275.42 271.23 267.04 262.85 258.66 254.48 250.30 246.14 241.98 237.85 233.73 229.64 225.58 221.55 217.55 213.59 209.67 205.79 201.96 198.18 194.46 190.82 187.34 184.07 180.99 178.11 175.41 172.84 170.36 167.96 165.64 163.41 161.25 159.18 157.19 155.27 153.44 151.69 150.02 148.43 146.93 145.50 144.15 142.88 141.70 140.59 139.56 138.62 137.75 136.97 136.26 135.63 135.09 134.67 134.49 134.57 134.89 135.43 136.19 137.13 138.26
322.62 319.32 315.90 312.34 308.62 304.72 300.68 296.59 292.48 288.36 284.21 280.05 275.88 271.70 267.51 263.32 259.14 254.96 250.79 246.63 242.48 238.36 234.25 230.17 226.12 222.10 218.11 214.16 210.25 206.39 202.57 198.81 195.09 191.47 188.01 184.75 181.68 178.75 175.92 173.18 170.53 167.97 165.50 163.12 160.84 158.64 156.53 154.51 152.59 150.75 149.00 147.34 145.78 144.30 142.91 141.61 140.40 139.28 138.25 137.31 136.45 135.69 135.02 134.43 133.98 133.79 133.85 134.16 134.70 135.45 136.41 137.55
326.69 323.46 320.11 316.60 312.93 309.06 305.05 300.99 296.91 292.80 288.67 284.53 280.37 276.20 272.02 267.84 263.66 259.48 255.30 251.14 246.98 242.85 238.73 234.63 230.56 226.52 222.51 218.53 214.59 210.70 206.85 203.04 199.29 195.60 191.98 188.53 185.23 182.03 178.94 175.94 173.04 170.25 167.55 164.95 162.45 160.05 157.75 155.55 153.45 151.45 149.54 147.74 146.03 144.43 142.92 141.51 140.20 138.99 137.88 136.86 135.95 135.13 134.41 133.79 133.31 133.10 133.15 133.45 133.99 134.75 135.72 136.88
330.57 327.41 324.12 320.68 317.05 313.22 309.24 305.21 301.15 297.07 292.96 288.84 284.69 280.54 276.37 272.19 268.02 263.84 259.66 255.50 251.34 247.19 243.06 238.95 234.86 230.80 226.77 222.77 218.81 214.88 211.00 207.16 203.37 199.64 195.95 192.30 188.72 185.25 181.89 178.64 175.50 172.47 169.54 166.73 164.02 161.42 158.93 156.55 154.28 152.11 150.06 148.11 146.27 144.54 142.92 141.40 139.99 138.70 137.50 136.42 135.44 134.57 133.81 133.16 132.66 132.43 132.46 132.76 133.30 134.08 135.06 136.25
334.24 331.17 327.95 324.56 320.98 317.19 313.24 309.25 305.22 301.16 297.08 292.97 288.84 284.70 280.55 276.38 272.21 268.04 263.87 259.70 255.54 251.39 247.25 243.13 239.02 234.95 230.89 226.87 222.88 218.93 215.02 211.15 207.32 203.54 199.77 195.96 192.14 188.40 184.78 181.28 177.90 174.63 171.49 168.46 165.54 162.75 160.07 157.52 155.08 152.75 150.55 148.46 146.49 144.64 142.90 141.28 139.78 138.39 137.13 135.98 134.94 134.03 133.22 132.54 132.02 131.77 131.80 132.10 132.65 133.43 134.44 135.65
337.70 334.71 331.56 328.23 324.71 320.96 317.05 313.09 309.09 305.06 301.00 296.92 292.81 288.69 284.55 280.40 276.24 272.07 267.90 263.73 259.57 255.41 251.27 247.14 243.03 238.93 234.86 230.82 226.81 222.83 218.89 214.99 211.13 207.27 203.36 199.42 195.45 191.49 187.61 183.86 180.24 176.75 173.38 170.14 167.02 164.04 161.18 158.44 155.84 153.36 151.01 148.78 146.68 144.71 142.87 141.15 139.55 138.09 136.75 135.53 134.44 133.48 132.64 131.93 131.40 131.14 131.16 131.46 132.02 132.82 133.85 135.09
340.95 338.03 334.96 331.69 328.22 324.53 320.65 316.73 312.76 308.76 304.73 300.67 296.59 292.48 288.36 284.22 280.07 275.92 271.75 267.59 263.43 259.27 255.12 250.98 246.86 242.76 238.67 234.61 230.58 226.58 222.62 218.68 214.74 210.76 206.73 202.66 198.57 194.47 190.38 186.38 182.52 178.80 175.22 171.77 168.46 165.28 162.24 159.33 156.57 153.94 151.44 149.08 146.86 144.77 142.81 141.00 139.32 137.77 136.36 135.09 133.95 132.94 132.07 131.34 130.78 130.52 130.54 130.85 131.41 132.23 133.28 134.56
343.96 341.13 338.13 334.93 331.52 327.87 324.04 320.15 316.22 312.25 308.25 304.22 300.16 296.07 291.97 287.85 283.71 279.57 275.42 271.26 267.10 262.94 258.79 254.65 250.52 246.41 242.31 238.24 234.19 230.17 226.17 222.17 218.11 214.00 209.85 205.68 201.48 197.26 193.04 188.84 184.75 180.80 177.00 173.35 169.84 166.48 163.26 160.19 157.26 154.48 151.84 149.35 147.01 144.80 142.75 140.84 139.07 137.45 135.97 134.64 133.45 132.41 131.51 130.75 130.19 129.91 129.94 130.25 130.83 131.67 132.76 134.06
346.73 343.99 341.06 337.93 334.58 330.98 327.19 323.34 319.45 315.52 311.55 307.54 303.51 299.45 295.37 291.27 287.15 283.02 278.88 274.73 270.58 266.42 262.27 258.13 253.99 249.87 245.77 241.68 237.62 233.57 229.51 225.39 221.22 217.00 212.74 208.46 204.15 199.84 195.51 191.20 186.91 182.75 178.74 174.88 171.18 167.63 164.24 161.00 157.92 154.99 152.22 149.60 147.13 144.82 142.66 140.66 138.81 137.12 135.57 134.19 132.95 131.87 130.95 130.17 129.60 129.32 129.35 129.68 130.28 131.14 132.26 133.60
349.25 346.60 343.75 340.69 337.40 333.85 330.11 326.30 322.45 318.55 314.62 310.65 306.65 302.61 298.56 294.48 290.38 286.26 282.13 277.99 273.85 269.70 265.55 261.41 257.27 253.14 249.03 244.93 240.85 236.74 232.57 228.34 224.06 219.74 215.39 211.00 206.60 202.19 197.78 193.37 188.98 184.64 180.42 176.36 172.47 168.74 165.18 161.78 158.54 155.47 152.56 149.82 147.23 144.82 142.56 140.47 138.54 136.77 135.17 133.73 132.46 131.34 130.39 129.61 129.02 128.75 128.79 129.13 129.75 130.64 131.79 133.17
