data_processed/recharge/precip/Precip_1990_03.asc
ncols        168
nrows        136
xllcorner    455000
yllcorner    2107000
cellsize     500
NODATA_value     -99999
[rows 36 to 71 of 136, columns 0 to 80 of 168]
9.92 9.74 9.56 9.39 9.23 9.07 8.93 8.79 8.67 8.56 8.46 8.38 8.31 8.23 8.15 8.06 7.96 7.86 7.76 7.66 7.56 7.47 7.38 7.29 7.21 7.13 7.06 6.98 6.91 6.84 6.77 6.70 6.63 6.56 6.50 6.43 6.37 6.30 6.24 6.18 6.13 6.08 6.03 5.98 5.93 5.89 5.85 5.81 5.77 5.73 5.69 5.66 5.62 5.58 5.54 5.50 5.47 5.42 5.38 5.34 5.29 5.25 5.20 5.14 5.09 5.03 4.97 4.90 4.83 4.76 4.68 4.60 4.51 4.42 4.32 4.21 4.09 3.94 3.77 3.57 3.36
9.64 9.47 9.31 9.16 9.01 8.87 8.74 8.63 8.53 8.44 8.36 8.30 8.22 8.14 8.06 7.97 7.87 7.78 7.68 7.58 7.49 7.39 7.31 7.23 7.15 7.08 7.02 6.95 6.88 6.82 6.76 6.69 6.63 6.57 6.51 6.45 6.39 6.33 6.27 6.22 6.16 6.11 6.07 6.02 5.98 5.94 5.90 5.86 5.82 5.78 5.75 5.71 5.68 5.64 5.60 5.57 5.53 5.49 5.45 5.40 5.36 5.31 5.26 5.21 5.16 5.10 5.04 4.97 4.90 4.83 4.75 4.66 4.58 4.48 4.38 4.26 4.12 3.95 3.77 3.56 3.32
9.41 9.26 9.11 8.97 8.84 8.72 8.61 8.51 8.43 8.36 8.30 8.24 8.16 8.08 7.99 7.90 7.81 7.71 7.61 7.52 7.43 7.34 7.26 7.18 7.11 7.05 6.99 6.93 6.88 6.82 6.76 6.70 6.65 6.59 6.53 6.48 6.43 6.37 6.32 6.27 6.22 6.17 6.12 6.08 6.04 6.00 5.96 5.92 5.89 5.85 5.82 5.78 5.75 5.71 5.68 5.64 5.60 5.56 5.52 5.48 5.43 5.39 5.34 5.29 5.23 5.17 5.11 5.04 4.97 4.90 4.82 4.74 4.65 4.55 4.43 4.30 4.14 3.96 3.75 3.53 3.28
9.23 9.09 8.96 8.84 8.72 8.62 8.53 8.45 8.39 8.33 8.27 8.20 8.12 8.04 7.95 7.85 7.76 7.66 7.57 7.48 7.39 7.30 7.23 7.16 7.10 7.04 6.99 6.94 6.88 6.83 6.78 6.73 6.68 6.63 6.58 6.53 6.48 6.43 6.38 6.33 6.28 6.24 6.19 6.15 6.11 6.07 6.04 6.00 5.96 5.93 5.90 5.86 5.83 5.79 5.76 5.72 5.68 5.65 5.61 5.56 5.52 5.47 5.42 5.37 5.31 5.25 5.19 5.12 5.05 4.98 4.90 4.81 4.72 4.61 4.48 4.32 4.15 3.95 3.73 3.49 3.23
9.10 8.98 8.86 8.75 8.66 8.57 8.50 8.44 8.39 8.33 8.26 8.19 8.10 8.02 7.92 7.83 7.73 7.64 7.55 7.46 7.37 7.29 7.22 7.15 7.10 7.05 7.00 6.95 6.91 6.86 6.82 6.77 6.72 6.68 6.63 6.59 6.54 6.50 6.45 6.41 6.36 6.32 6.28 6.24 6.20 6.16 6.13 6.09 6.06 6.02 5.99 5.95 5.92 5.89 5.85 5.82 5.78 5.74 5.70 5.66 5.61 5.56 5.51 5.46 5.40 5.34 5.28 5.21 5.14 5.06 4.98 4.89 4.79 4.66 4.51 4.34 4.15 3.93 3.70 3.44 3.16
9.03 8.92 8.81 8.72 8.64 8.57 8.52 8.47 8.42 8.35 8.28 8.20 8.11 8.02 7.92 7.83 7.73 7.64 7.54 7.45 7.37 7.29 7.22 7.16 7.11 7.07 7.03 6.99 6.95 6.91 6.87 6.83 6.79 6.75 6.71 6.66 6.62 6.58 6.54 6.50 6.46 6.42 6.38 6.34 6.30 6.26 6.23 6.19 6.16 6.13 6.09 6.06 6.03 5.99 5.96 5.92 5.88 5.84 5.80 5.76 5.71 5.67 5.61 5.56 5.50 5.44 5.38 5.31 5.23 5.16 5.07 4.97 4.85 4.70 4.53 4.35 4.14 3.91 3.66 3.39 3.09
9.01 8.91 8.82 8.74 8.68 8.63 8.59 8.53 8.47 8.40 8.32 8.23 8.14 8.04 7.95 7.85 7.75 7.66 7.56 7.48 7.39 7.32 7.25 7.20 7.15 7.12 7.08 7.05 7.01 6.98 6.94 6.90 6.87 6.83 6.79 6.76 6.72 6.68 6.64 6.61 6.57 6.53 6.49 6.45 6.42 6.38 6.35 6.31 6.28 6.24 6.21 6.18 6.14 6.11 6.07 6.04 6.00 5.96 5.92 5.87 5.83 5.78 5.72 5.67 5.61 5.55 5.48 5.41 5.34 5.25 5.15 5.04 4.89 4.73 4.55 4.34 4.12 3.87 3.61 3.32 3.02
9.04 8.96 8.88 8.82 8.77 8.73 8.68 8.62 8.55 8.47 8.38 8.29 8.19 8.09 7.99 7.89 7.79 7.70 7.61 7.52 7.44 7.37 7.30 7.25 7.21 7.18 7.15 7.12 7.09 7.06 7.03 7.00 6.97 6.93 6.90 6.87 6.83 6.80 6.76 6.73 6.69 6.66 6.62 6.58 6.55 6.51 6.48 6.44 6.41 6.37 6.34 6.31 6.27 6.24 6.20 6.16 6.12 6.08 6.04 5.99 5.95 5.90 5.84 5.79 5.73 5.66 5.59 5.52 5.44 5.35 5.23 5.09 4.93 4.75 4.55 4.33 4.09 3.83 3.56 3.26 2.94
9.13 9.06 9.00 8.95 8.91 8.86 8.80 8.73 8.65 8.56 8.47 8.37 8.27 8.17 8.06 7.96 7.86 7.76 7.67 7.58 7.50 7.43 7.37 7.33 7.29 7.27 7.24 7.22 7.19 7.17 7.14 7.11 7.08 7.05 7.02 6.99 6.96 6.93 6.90 6.86 6.83 6.80 6.76 6.73 6.69 6.66 6.62 6.59 6.55 6.52 6.48 6.45 6.41 6.38 6.34 6.30 6.26 6.22 6.17 6.13 6.08 6.03 5.97 5.91 5.85 5.78 5.71 5.64 5.54 5.43 5.30 5.14 4.97 4.77 4.55 4.32 4.06 3.79 3.50 3.18 2.85
9.27 9.22 9.17 9.13 9.08 9.02 8.95 8.87 8.78 8.69 8.59 8.48 8.37 8.27 8.16 8.05 7.95 7.85 7.76 7.67 7.59 7.52 7.47 7.42 7.39 7.37 7.35 7.33 7.31 7.29 7.26 7.24 7.21 7.19 7.16 7.13 7.10 7.07 7.04 7.01 6.98 6.95 6.92 6.88 6.85 6.81 6.78 6.74 6.71 6.67 6.64 6.60 6.57 6.53 6.49 6.45 6.41 6.37 6.32 6.27 6.22 6.17 6.11 6.05 5.98 5.91 5.84 5.75 5.64 5.51 5.35 5.18 4.99 4.78 4.55 4.30 4.03 3.74 3.43 3.11 2.76
9.48 9.43 9.39 9.34 9.28 9.21 9.13 9.04 8.94 8.83 8.73 8.62 8.50 8.39 8.28 8.17 8.06 7.96 7.87 7.78 7.70 7.63 7.58 7.54 7.51 7.50 7.48 7.47 7.45 7.43 7.41 7.39 7.37 7.34 7.32 7.29 7.27 7.24 7.21 7.18 7.15 7.12 7.09 7.06 7.02 6.99 6.95 6.92 6.88 6.84 6.81 6.77 6.73 6.69 6.65 6.61 6.57 6.52 6.47 6.42 6.37 6.31 6.26 6.19 6.13 6.05 5.96 5.85 5.72 5.58 5.41 5.22 5.01 4.78 4.54 4.27 3.99 3.69 3.37 3.03 2.67
9.74 9.70 9.65 9.58 9.51 9.43 9.33 9.23 9.12 9.01 8.89 8.77 8.66 8.54 8.42 8.31 8.20 8.09 8.00 7.91 7.83 7.77 7.72 7.68 7.65 7.64 7.63 7.62 7.61 7.59 7.57 7.55 7.54 7.51 7.49 7.47 7.44 7.42 7.39 7.36 7.33 7.30 7.27 7.24 7.21 7.17 7.14 7.10 7.07 7.03 6.99 6.95 6.91 6.87 6.83 6.78 6.74 6.69 6.64 6.59 6.53 6.47 6.41 6.35 6.27 6.19 6.08 5.95 5.81 5.64 5.45 5.25 5.03 4.78 4.52 4.24 3.95 3.63 3.30 2.95 2.58
10.04 9.99 9.93 9.85 9.77 9.67 9.56 9.45 9.33 9.21 9.09 8.96 8.84 8.71 8.59 8.47 8.36 8.25 8.16 8.07 7.99 7.93 7.87 7.84 7.82 7.81 7.80 7.79 7.78 7.77 7.76 7.74 7.72 7.71 7.69 7.66 7.64 7.62 7.59 7.56 7.54 7.51 7.47 7.44 7.41 7.37 7.34 7.30 7.26 7.23 7.19 7.14 7.10 7.06 7.02 6.97 6.92 6.87 6.82 6.76 6.70 6.64 6.58 6.51 6.42 6.31 6.19 6.05 5.88 5.70 5.50 5.28 5.04 4.78 4.51 4.21 3.90 3.58 3.23 2.87 2.49
10.39 10.32 10.24 10.15 10.05 9.94 9.82 9.70 9.57 9.44 9.31 9.17 9.04 8.91 8.78 8.66 8.54 8.44 8.34 8.25 8.17 8.11 8.06 8.02 8.00 8.00 8.00 7.99 7.98 7.97 7.96 7.95 7.93 7.92 7.90 7.88 7.85 7.83 7.81 7.78 7.75 7.72 7.69 7.66 7.63 7.59 7.55 7.52 7.48 7.44 7.39 7.35 7.31 7.26 7.22 7.17 7.12 7.06 7.01 6.95 6.89 6.82 6.75 6.67 6.56 6.44 6.30 6.13 5.95 5.75 5.54 5.30 5.05 4.78 4.49 4.18 3.86 3.52 3.16 2.79 2.40
10.76 10.68 10.58 10.48 10.36 10.24 10.11 9.98 9.84 9.70 9.55 9.41 9.27 9.14 9.00 8.88 8.76 8.64 8.54 8.45 8.37 8.31 8.26 8.23 8.21 8.21 8.21 8.21 8.20 8.19 8.18 8.17 8.16 8.14 8.13 8.11 8.09 8.06 8.04 8.01 7.99 7.96 7.93 7.89 7.86 7.82 7.78 7.74 7.70 7.66 7.62 7.57 7.53 7.48 7.43 7.38 7.32 7.27 7.21 7.15 7.08 7.01 6.93 6.82 6.70 6.56 6.40 6.22 6.02 5.81 5.57 5.32 5.05 4.77 4.47 4.15 3.81 3.46 3.09 2.71 2.31
11.17 11.07 10.96 10.84 10.71 10.57 10.43 10.28 10.13 9.98 9.83 9.68 9.53 9.39 9.25 9.12 8.99 8.88 8.77 8.68 8.60 8.54 8.49 8.46 8.44 8.45 8.45 8.45 8.44 8.44 8.43 8.42 8.41 8.39 8.38 8.36 8.34 8.32 8.29 8.27 8.24 8.21 8.18 8.14 8.11 8.07 8.03 7.99 7.94 7.90 7.85 7.81 7.76 7.71 7.65 7.60 7.54 7.48 7.42 7.35 7.28 7.20 7.09 6.97 6.83 6.67 6.49 6.30 6.09 5.86 5.61 5.34 5.06 4.76 4.45 4.12 3.77 3.40 3.02 2.63 2.22
11.60 11.49 11.36 11.22 11.08 10.93 10.78 10.62 10.46 10.29 10.13 9.97 9.82 9.67 9.52 9.38 9.25 9.13 9.03 8.93 8.85 8.79 8.74 8.71 8.70 8.70 8.71 8.71 8.70 8.70 8.69 8.69 8.68 8.66 8.65 8.63 8.61 8.59 8.56 8.53 8.51 8.47 8.44 8.41 8.37 8.33 8.29 8.25 8.20 8.15 8.10 8.05 8.00 7.95 7.89 7.83 7.77 7.71 7.64 7.57 7.49 7.38 7.26 7.12 6.96 6.78 6.59 6.38 6.15 5.91 5.64 5.36 5.07 4.76 4.43 4.09 3.73 3.35 2.96 2.56 2.14
12.07 11.94 11.80 11.64 11.48 11.32 11.15 10.98 10.81 10.64 10.46 10.30 10.13 9.97 9.82 9.68 9.54 9.42 9.31 9.21 9.13 9.06 9.01 8.98 8.98 8.98 8.99 8.99 8.99 8.99 8.98 8.97 8.96 8.95 8.94 8.92 8.90 8.87 8.85 8.82 8.79 8.76 8.73 8.69 8.65 8.61 8.57 8.52 8.47 8.42 8.37 8.32 8.26 8.20 8.14 8.08 8.01 7.95 7.87 7.79 7.68 7.56 7.42 7.26 7.09 6.90 6.69 6.46 6.22 5.95 5.68 5.39 5.08 4.75 4.41 4.06 3.69 3.30 2.90 2.49 2.06
12.57 12.42 12.26 12.09 11.92 11.74 11.56 11.37 11.19 11.01 10.82 10.65 10.47 10.31 10.15 10.00 9.86 9.73 9.61 9.51 9.43 9.36 9.31 9.28 9.28 9.28 9.29 9.30 9.30 9.29 9.29 9.28 9.27 9.26 9.25 9.23 9.21 9.18 9.16 9.13 9.10 9.06 9.03 8.99 8.95 8.90 8.86 8.81 8.76 8.71 8.65 8.59 8.53 8.47 8.41 8.34 8.27 8.20 8.11 8.00 7.88 7.74 7.58 7.41 7.22 7.01 6.78 6.54 6.28 6.01 5.72 5.41 5.09 4.75 4.40 4.03 3.65 3.25 2.84 2.42 1.98
13.11 12.94 12.76 12.57 12.38 12.19 12.00 11.80 11.60 11.41 11.21 11.03 10.84 10.67 10.50 10.35 10.20 10.07 9.95 9.84 9.76 9.69 9.64 9.61 9.60 9.61 9.62 9.62 9.63 9.63 9.62 9.61 9.60 9.59 9.58 9.56 9.54 9.51 9.48 9.45 9.42 9.38 9.35 9.31 9.26 9.22 9.17 9.11 9.06 9.00 8.94 8.88 8.82 8.75 8.68 8.61 8.54 8.45 8.34 8.22 8.08 7.92 7.74 7.55 7.34 7.12 6.88 6.62 6.35 6.06 5.75 5.44 5.10 4.75 4.39 4.01 3.62 3.21 2.79 2.36 1.91
13.67 13.48 13.29 13.09 12.88 12.67 12.46 12.25 12.04 11.84 11.63 11.43 11.24 11.06 10.88 10.72 10.57 10.43 10.31 10.20 10.11 10.04 9.99 9.96 9.95 9.96 9.97 9.98 9.98 9.98 9.97 9.97 9.96 9.94 9.93 9.91 9.88 9.86 9.83 9.80 9.76 9.72 9.68 9.64 9.59 9.54 9.49 9.44 9.38 9.32 9.26 9.19 9.12 9.05 8.98 8.90 8.81 8.70 8.57 8.43 8.27 8.10 7.90 7.69 7.47 7.23 6.97 6.70 6.42 6.11 5.80 5.47 5.12 4.76 4.39 4.00 3.60 3.18 2.75 2.31 1.85
14.27 14.06 13.85 13.63 13.41 13.19 12.96 12.74 12.51 12.29 12.08 11.87 11.67 11.48 11.29 11.12 10.97 10.82 10.69 10.58 10.49 10.42 10.36 10.33 10.33 10.34 10.35 10.35 10.36 10.36 10.35 10.34 10.33 10.32 10.30 10.28 10.25 10.23 10.20 10.16 10.12 10.08 10.04 9.99 9.94 9.89 9.84 9.78 9.71 9.65 9.58 9.51 9.44 9.36 9.28 9.19 9.07 8.95 8.80 8.64 8.47 8.27 8.06 7.84 7.60 7.35 7.07 6.79 6.49 6.17 5.84 5.50 5.14 4.77 4.39 3.99 3.58 3.15 2.72 2.27 1.80
14.90 14.68 14.45 14.21 13.97 13.73 13.49 13.25 13.02 12.78 12.56 12.34 12.13 11.93 11.73 11.56 11.39 11.24 11.11 10.99 10.89 10.82 10.76 10.73 10.73 10.74 10.75 10.75 10.76 10.75 10.75 10.74 10.73 10.71 10.69 10.67 10.65 10.62 10.58 10.55 10.51 10.46 10.42 10.37 10.31 10.26 10.20 10.13 10.07 10.00 9.92 9.85 9.77 9.69 9.59 9.48 9.34 9.20 9.03 8.86 8.66 8.45 8.23 7.99 7.73 7.46 7.18 6.88 6.57 6.24 5.90 5.54 5.17 4.79 4.40 3.99 3.57 3.13 2.69 2.23 1.76
15.57 15.32 15.07 14.82 14.56 14.31 14.05 13.80 13.55 13.30 13.07 12.84 12.61 12.40 12.20 12.02 11.84 11.69 11.55 11.43 11.33 11.25 11.19 11.16 11.15 11.16 11.17 11.18 11.18 11.18 11.17 11.16 11.15 11.13 11.11 11.09 11.06 11.03 10.99 10.95 10.91 10.86 10.81 10.76 10.70 10.64 10.57 10.51 10.44 10.36 10.28 10.20 10.12 10.02 9.90 9.77 9.62 9.45 9.27 9.07 8.86 8.64 8.40 8.14 7.87 7.59 7.29 6.98 6.65 6.31 5.96 5.59 5.21 4.82 4.41 4.00 3.57 3.13 2.67 2.21 1.73
16.27 16.00 15.74 15.46 15.19 14.92 14.65 14.38 14.11 13.86 13.61 13.36 13.13 12.91 12.70 12.51 12.33 12.16 12.02 11.89 11.79 11.71 11.65 11.61 11.60 11.61 11.62 11.63 11.63 11.63 11.62 11.61 11.59 11.57 11.55 11.52 11.49 11.46 11.42 11.38 11.33 11.28 11.22 11.17 11.11 11.04 10.97 10.90 10.82 10.74 10.66 10.57 10.47 10.35 10.21 10.06 9.89 9.71 9.51 9.29 9.06 8.82 8.57 8.30 8.01 7.72 7.40 7.08 6.74 6.39 6.02 5.65 5.26 4.85 4.44 4.01 3.58 3.13 2.66 2.19 1.71
17.01 16.72 16.43 16.14 15.85 15.56 15.27 14.99 14.71 14.44 14.18 13.92 13.68 13.45 13.23 13.02 12.84 12.67 12.52 12.38 12.28 12.19 12.13 12.09 12.08 12.09 12.10 12.10 12.10 12.10 12.09 12.08 12.06 12.04 12.01 11.98 11.95 11.91 11.87 11.82 11.77 11.72 11.66 11.60 11.53 11.46 11.39 11.31 11.23 11.14 11.05 10.95 10.82 10.69 10.53 10.36 10.17 9.97 9.75 9.52 9.27 9.01 8.74 8.46 8.16 7.85 7.53 7.19 6.84 6.47 6.10 5.71 5.31 4.90 4.48 4.04 3.60 3.14 2.67 2.19 1.70
17.77 17.47 17.16 16.85 16.54 16.24 15.93 15.63 15.34 15.05 14.78 14.51 14.26 14.01 13.78 13.57 13.38 13.20 13.04 12.91 12.79 12.70 12.64 12.60 12.59 12.59 12.60 12.60 12.60 12.60 12.59 12.57 12.55 12.53 12.50 12.46 12.43 12.39 12.34 12.29 12.23 12.18 12.11 12.05 11.98 11.90 11.82 11.74 11.65 11.56 11.45 11.33 11.18 11.03 10.85 10.66 10.46 10.24 10.00 9.75 9.49 9.21 8.93 8.63 8.32 7.99 7.65 7.31 6.94 6.57 6.18 5.79 5.38 4.96 4.52 4.08 3.63 3.16 2.69 2.20 1.71
18.56 18.25 17.92 17.60 17.27 16.94 16.62 16.31 16.00 15.70 15.41 15.13 14.86 14.61 14.37 14.15 13.95 13.76 13.60 13.45 13.34 13.24 13.17 13.13 13.12 13.12 13.13 13.13 13.13 13.12 13.11 13.09 13.06 13.04 13.01 12.97 12.93 12.88 12.83 12.78 12.72 12.66 12.59 12.52 12.44 12.36 12.28 12.19 12.09 11.98 11.85 11.71 11.55 11.37 11.18 10.97 10.75 10.51 10.26 9.99 9.71 9.42 9.12 8.81 8.48 8.14 7.79 7.43 7.06 6.67 6.28 5.87 5.45 5.02 4.58 4.13 3.67 3.20 2.72 2.23 1.73
19.36 19.05 18.72 18.38 18.03 17.69 17.35 17.02 16.69 16.38 16.08 15.78 15.50 15.24 14.99 14.76 14.55 14.35 14.18 14.03 13.91 13.81 13.74 13.69 13.68 13.68 13.68 13.68 13.68 13.67 13.65 13.63 13.60 13.57 13.54 13.50 13.45 13.40 13.35 13.29 13.23 13.16 13.09 13.01 12.93 12.84 12.75 12.65 12.54 12.41 12.26 12.10 11.92 11.73 11.51 11.29 11.05 10.79 10.52 10.24 9.95 9.64 9.32 8.99 8.65 8.30 7.94 7.57 7.19 6.79 6.38 5.97 5.54 5.10 4.65 4.20 3.73 3.25 2.77 2.27 1.76
20.15 19.86 19.54 19.19 18.82 18.46 18.11 17.76 17.42 17.09 16.77 16.47 16.18 15.90 15.64 15.40 15.18 14.98 14.80 14.64 14.51 14.41 14.33 14.28 14.26 14.27 14.27 14.26 14.25 14.24 14.22 14.20 14.17 14.13 14.09 14.05 14.00 13.95 13.89 13.82 13.76 13.68 13.60 13.52 13.43 13.34 13.24 13.13 13.00 12.85 12.68 12.50 12.30 12.09 11.86 11.61 11.36 11.08 10.80 10.50 10.19 9.87 9.54 9.19 8.84 8.47 8.10 7.72 7.32 6.92 6.50 6.08 5.64 5.20 4.74 4.28 3.80 3.32 2.83 2.33 1.82
20.94 20.66 20.36 20.02 19.65 19.28 18.90 18.54 18.18 17.84 17.51 17.19 16.88 16.59 16.32 16.07 15.84 15.63 15.44 15.28 15.14 15.03 14.95 14.90 14.88 14.88 14.88 14.87 14.86 14.84 14.82 14.79 14.76 14.72 14.68 14.63 14.57 14.51 14.45 14.38 14.31 14.23 14.14 14.05 13.96 13.86 13.74 13.61 13.46 13.29 13.11 12.91 12.69 12.46 12.21 11.95 11.68 11.39 11.09 10.77 10.45 10.11 9.76 9.41 9.04 8.66 8.27 7.88 7.47 7.06 6.64 6.20 5.76 5.30 4.84 4.37 3.89 3.40 2.90 2.40 1.89
21.72 21.46 21.17 20.85 20.50 20.12 19.73 19.35 18.98 18.62 18.27 17.94 17.62 17.32 17.03 16.77 16.53 16.31 16.12 15.95 15.80 15.69 15.60 15.54 15.52 15.52 15.51 15.50 15.49 15.47 15.44 15.41 15.37 15.33 15.28 15.23 15.17 15.11 15.04 14.96 14.88 14.80 14.71 14.61 14.51 14.39 14.25 14.10 13.93 13.74 13.54 13.32 13.09 12.84 12.58 12.30 12.01 11.70 11.39 11.06 10.72 10.37 10.00 9.63 9.25 8.86 8.46 8.05 7.64 7.21 6.78 6.34 5.89 5.43 4.96 4.48 4.00 3.50 3.00 2.49 1.97
22.49 22.25 21.97 21.67 21.34 20.98 20.59 20.19 19.81 19.43 19.07 18.72 18.39 18.07 17.78 17.51 17.25 17.03 16.82 16.64 16.49 16.37 16.28 16.22 16.19 16.19 16.18 16.16 16.15 16.12 16.09 16.06 16.01 15.97 15.91 15.85 15.79 15.72 15.65 15.56 15.48 15.39 15.29 15.19 15.07 14.93 14.77 14.60 14.41 14.21 13.99 13.75 13.50 13.23 12.95 12.66 12.35 12.03 11.70 11.36 11.00 10.64 10.26 9.87 9.48 9.08 8.67 8.25 7.82 7.38 6.94 6.49 6.04 5.57 5.09 4.61 4.12 3.62 3.12 2.60 2.08
23.25 23.02 22.77 22.49 22.18 21.84 21.47 21.07 20.67 20.28 19.90 19.54 19.19 18.86 18.56 18.27 18.01 17.77 17.56 17.37 17.21 17.09 16.99 16.92 16.89 16.88 16.87 16.85 16.83 16.80 16.77 16.73 16.68 16.63 16.57 16.51 16.44 16.36 16.28 16.19 16.10 16.00 15.89 15.77 15.64 15.48 15.30 15.11 14.91 14.68 14.44 14.19 13.92 13.64 13.34 13.03 12.71 12.37 12.03 11.67 11.30 10.92 10.53 10.13 9.73 9.31 8.89 8.46 8.02 7.57 7.12 6.66 6.20 5.73 5.25 4.76 4.26 3.76 3.25 2.73 2.21
24.00 23.79 23.55 23.29 23.00 22.69 22.34 21.97 21.57 21.16 20.76 20.39 20.03 19.69 19.37 19.07 18.80 18.55 18.33 18.13 17.97 17.83 17.73 17.66 17.62 17.61 17.59 17.57 17.54 17.51 17.47 17.43 17.37 17.32 17.25 17.18 17.11 17.03 16.94 16.84 16.74 16.64 16.51 16.37 16.22 16.04 15.85 15.64 15.41 15.17 14.91 14.64 14.36 14.06 13.74 13.42 13.08 12.73 12.37 12.00 11.61 11.22 10.82 10.41 9.99 9.56 9.13 8.68 8.24 7.78 7.32 6.85 6.38 5.90 5.42 4.92 4.42 3.92 3.40 2.88 2.36
24.73 24.54 24.32 24.08 23.81 23.52 23.20 22.85 22.48 22.07 21.66 21.27 20.90 20.54 20.21 19.90 19.62 19.36 19.13 18.92 18.75 18.61 18.50 18.42 18.38 18.36 18.34 18.32 18.29 18.25 18.20 18.15 18.10 18.03 17.96 17.89 17.80 17.72 17.62 17.52 17.41 17.29 17.15 16.99 16.81 16.61 16.40 16.17 15.93 15.67 15.40 15.11 14.81 14.49 14.16 13.82 13.47 13.10 12.73 12.34 11.95 11.54 11.13 10.70 10.27 9.83 9.39 8.93 8.47 8.01 7.54 7.06 6.58 6.10 5.61 5.11 4.61 4.10 3.58 3.06 2.53
