data_processed/recharge/precip/Precip_1994_05.asc
ncols        168
nrows        136
xllcorner    455000
yllcorner    2107000
cellsize     500
NODATA_value     -99999
[rows 102 to 135 of 136, columns 76 to 151 of 168]
77.37 83.39 89.88 96.81 103.78 110.39 116.61 122.46 127.91 132.98 137.65 141.93 145.81 149.28 152.35 155.01 157.26 159.09 160.50 161.49 162.06 162.20 161.90 161.17 160.00 158.40 156.34 153.84 150.89 147.48 143.72 139.94 136.21 132.53 128.90 125.32 121.81 118.36 114.98 111.68 108.46 105.32 102.28 99.33 96.47 93.73 91.09 88.56 86.15 83.87 81.71 79.69 77.80 76.06 74.46 73.01 71.74 70.47 69.15 67.80 66.45 65.08 63.72 62.36 61.02 59.71 58.43 57.20 56.01 54.88 53.82 52.83 51.93 51.11 50.40 49.79
77.99 84.11 90.70 97.73 104.58 110.82 116.67 122.17 127.29 132.06 136.45 140.47 144.11 147.37 150.25 152.74 154.84 156.55 157.86 158.77 159.28 159.39 159.09 158.37 157.24 155.69 153.71 151.32 148.49 145.17 141.35 137.38 133.44 129.57 125.77 122.05 118.42 114.87 111.42 108.07 104.82 101.68 98.65 95.73 92.94 90.28 87.75 85.36 83.10 80.99 79.04 77.24 75.59 74.12 72.81 71.73 70.99 70.00 68.70 67.36 66.02 64.66 63.31 61.98 60.66 59.37 58.12 56.91 55.76 54.67 53.65 52.70 51.84 51.08 50.42 49.87
78.39 84.60 91.30 98.45 105.38 111.48 116.98 122.11 126.89 131.33 135.43 139.17 142.56 145.60 148.27 150.58 152.52 154.09 155.29 156.11 156.55 156.61 156.28 155.56 154.45 152.95 151.04 148.73 145.96 142.61 138.75 134.69 130.57 126.50 122.53 118.66 114.90 111.25 107.71 104.30 101.01 97.86 94.84 91.96 89.22 86.64 84.21 81.94 79.83 77.89 76.13 74.54 73.13 71.92 70.95 70.45 70.41 70.03 68.98 67.64 66.27 64.90 63.53 62.19 60.86 59.57 58.31 57.11 55.96 54.87 53.86 52.93 52.09 51.34 50.71 50.18
78.59 84.90 91.72 98.97 105.98 112.15 117.50 122.28 126.71 130.81 134.60 138.05 141.17 143.96 146.41 148.52 150.29 151.71 152.77 153.49 153.84 153.84 153.47 152.74 151.64 150.16 148.30 146.02 143.21 139.81 135.91 131.81 127.61 123.37 119.22 115.19 111.29 107.53 103.90 100.42 97.09 93.91 90.90 88.04 85.35 82.84 80.50 78.34 76.37 74.59 73.01 71.63 70.45 69.55 69.13 69.30 69.92 70.19 69.71 68.57 67.17 65.75 64.34 62.95 61.58 60.25 58.97 57.73 56.56 55.45 54.42 53.47 52.61 51.86 51.21 50.68
78.64 85.07 91.97 99.29 106.36 112.60 118.00 122.62 126.71 130.46 133.92 137.07 139.91 142.44 144.65 146.55 148.12 149.37 150.30 150.89 151.14 151.06 150.64 149.88 148.76 147.30 145.44 143.10 140.22 136.77 132.84 128.71 124.48 120.18 115.87 111.67 107.63 103.75 100.02 96.47 93.08 89.87 86.85 84.01 81.36 78.90 76.65 74.60 72.75 71.13 69.72 68.54 67.64 67.25 67.48 68.28 69.51 70.38 70.49 69.86 68.62 67.14 65.66 64.20 62.76 61.37 60.02 58.72 57.49 56.33 55.25 54.25 53.35 52.55 51.87 51.30
78.59 85.11 92.08 99.43 106.54 112.81 118.26 122.92 126.84 130.26 133.37 136.20 138.75 141.00 142.97 144.63 146.00 147.07 147.83 148.28 148.42 148.25 147.76 146.94 145.80 144.31 142.37 139.96 137.02 133.52 129.56 125.41 121.16 116.84 112.47 108.14 103.94 99.93 96.10 92.45 89.01 85.76 82.72 79.88 77.26 74.86 72.68 70.73 69.01 67.53 66.29 65.35 64.94 65.18 66.01 67.39 69.17 70.59 71.23 71.14 70.36 69.01 67.44 65.87 64.34 62.84 61.40 60.02 58.70 57.45 56.29 55.21 54.24 53.37 52.62 51.99
78.46 85.04 92.04 99.41 106.51 112.80 118.27 122.96 126.90 130.16 132.93 135.43 137.66 139.62 141.32 142.74 143.89 144.76 145.34 145.64 145.65 145.37 144.79 143.91 142.71 141.12 139.10 136.61 133.62 130.09 126.09 121.93 117.66 113.33 108.96 104.58 100.25 96.10 92.15 88.42 84.90 81.61 78.54 75.70 73.10 70.74 68.63 66.77 65.16 63.81 62.79 62.32 62.50 63.32 64.70 66.61 68.89 70.79 71.92 72.32 72.02 71.07 69.59 67.90 66.24 64.62 63.05 61.55 60.11 58.75 57.48 56.29 55.21 54.24 53.39 52.66
78.25 84.86 91.88 99.22 106.30 112.57 118.03 122.73 126.68 129.94 132.55 134.72 136.62 138.28 139.69 140.85 141.76 142.42 142.81 142.94 142.80 142.40 141.72 140.75 139.44 137.75 135.65 133.09 130.05 126.48 122.46 118.28 114.01 109.67 105.30 100.92 96.56 92.29 88.22 84.39 80.79 77.44 74.34 71.49 68.90 66.58 64.53 62.74 61.24 60.08 59.49 59.58 60.32 61.66 63.54 65.93 68.66 71.00 72.56 73.38 73.51 72.99 71.85 70.22 68.41 66.64 64.92 63.26 61.67 60.17 58.75 57.43 56.21 55.11 54.13 53.28
77.98 84.60 91.59 98.89 105.91 112.14 117.57 122.24 126.18 129.43 132.03 134.02 135.60 136.94 138.05 138.94 139.60 140.02 140.21 140.15 139.85 139.31 138.51 137.42 136.00 134.21 132.03 129.41 126.31 122.71 118.68 114.49 110.21 105.88 101.51 97.14 92.79 88.50 84.33 80.38 76.70 73.28 70.14 67.28 64.69 62.40 60.39 58.68 57.33 56.58 56.53 57.15 58.39 60.20 62.53 65.33 68.46 71.18 73.13 74.33 74.83 74.67 73.90 72.57 70.78 68.83 66.92 65.08 63.32 61.64 60.05 58.56 57.17 55.91 54.77 53.84
77.67 84.26 91.20 98.42 105.37 111.52 116.88 121.50 125.40 128.62 131.19 133.15 134.55 135.58 136.38 136.97 137.36 137.54 137.50 137.25 136.78 136.08 135.14 133.92 132.39 130.52 128.26 125.58 122.45 118.82 114.78 110.58 106.30 101.97 97.61 93.25 88.93 84.66 80.47 76.44 72.66 69.17 65.98 63.09 60.50 58.22 56.26 54.67 53.70 53.46 53.91 55.00 56.69 58.92 61.64 64.81 68.28 71.34 73.61 75.13 75.95 76.12 75.66 74.64 73.09 71.11 69.01 66.95 64.98 63.09 61.30 59.61 58.03 56.58 55.34 54.39
77.31 83.85 90.71 97.84 104.67 110.72 115.99 120.53 124.36 127.52 130.04 131.96 133.31 134.15 134.64 134.93 135.04 134.95 134.68 134.21 133.55 132.70 131.62 130.29 128.66 126.70 124.37 121.63 118.46 114.81 110.76 106.56 102.28 97.96 93.62 89.28 84.98 80.74 76.59 72.55 68.70 65.13 61.88 58.95 56.35 54.08 52.21 50.97 50.49 50.72 51.62 53.13 55.21 57.81 60.87 64.36 68.12 71.45 74.00 75.79 76.88 77.31 77.11 76.35 75.05 73.27 71.10 68.82 66.60 64.48 62.45 60.53 58.74 57.16 55.90 54.95
76.93 83.39 90.15 97.13 103.83 109.75 114.90 119.33 123.06 126.13 128.57 130.43 131.72 132.49 132.80 132.78 132.59 132.23 131.70 131.02 130.19 129.19 127.99 126.54 124.81 122.76 120.37 117.58 114.38 110.71 106.66 102.46 98.19 93.88 89.56 85.25 80.97 76.77 72.65 68.66 64.81 61.18 57.87 54.89 52.27 50.07 48.52 47.74 47.71 48.36 49.65 51.53 53.95 56.86 60.21 63.95 67.95 71.51 74.28 76.30 77.60 78.24 78.25 77.69 76.59 75.00 72.97 70.59 68.12 65.73 63.44 61.27 59.32 57.72 56.45 55.50
76.53 82.88 89.50 96.33 102.86 108.62 113.63 117.92 121.52 124.48 126.81 128.57 129.78 130.48 130.70 130.49 130.00 129.35 128.58 127.71 126.72 125.58 124.24 122.68 120.86 118.74 116.28 113.45 110.21 106.54 102.48 98.29 94.04 89.75 85.44 81.16 76.92 72.75 68.68 64.74 60.95 57.34 53.97 50.95 48.36 46.44 45.33 44.98 45.33 46.35 47.98 50.17 52.88 56.05 59.64 63.59 67.78 71.51 74.45 76.63 78.09 78.89 79.06 78.64 77.70 76.25 74.36 72.06 69.45 66.78 64.20 61.87 59.89 58.28 57.01 56.05
76.12 82.34 88.80 95.45 101.77 107.35 112.18 116.31 119.76 122.57 124.77 126.40 127.50 128.09 128.21 127.91 127.22 126.31 125.33 124.29 123.15 121.87 120.41 118.75 116.83 114.64 112.12 109.25 105.99 102.31 98.26 94.08 89.84 85.58 81.30 77.05 72.85 68.72 64.70 60.81 57.08 53.53 50.20 47.20 44.87 43.37 42.65 42.66 43.36 44.69 46.60 49.06 52.00 55.38 59.15 63.26 67.58 71.43 74.49 76.78 78.35 79.25 79.52 79.21 78.36 77.00 75.20 72.99 70.41 67.57 64.81 62.44 60.45 58.83 57.55 56.59
75.73 81.78 88.05 94.48 100.58 105.95 110.58 114.51 117.77 120.41 122.45 123.93 124.88 125.34 125.34 124.93 124.16 123.15 122.01 120.80 119.51 118.09 116.52 114.75 112.75 110.49 107.92 105.02 101.74 98.05 94.01 89.85 85.63 81.39 77.15 72.93 68.77 64.70 60.73 56.90 53.23 49.75 46.54 43.90 41.98 40.84 40.46 40.79 41.77 43.36 45.51 48.18 51.30 54.84 58.74 62.95 67.34 71.27 74.38 76.74 78.37 79.32 79.64 79.37 78.56 77.24 75.47 73.29 70.75 68.04 65.38 63.00 61.01 59.37 58.08 57.11
75.35 81.22 87.27 93.45 99.30 104.42 108.82 112.53 115.58 118.02 119.86 121.16 121.95 122.25 122.10 121.59 120.83 119.83 118.61 117.25 115.81 114.27 112.58 110.71 108.63 106.31 103.69 100.75 97.46 93.77 89.75 85.60 81.42 77.20 73.00 68.83 64.72 60.69 56.78 53.01 49.41 46.06 43.25 41.12 39.65 38.85 38.76 39.34 40.56 42.36 44.69 47.51 50.76 54.40 58.38 62.64 67.06 71.00 74.13 76.49 78.12 79.08 79.39 79.12 78.29 76.96 75.17 72.98 70.58 68.18 65.82 63.55 61.55 59.90 58.60 57.61
75.01 80.65 86.45 92.36 97.94 102.79 106.92 110.38 113.20 115.40 117.03 118.12 118.70 118.82 118.55 118.03 117.27 116.28 115.07 113.65 112.08 110.41 108.61 106.65 104.50 102.11 99.45 96.49 93.18 89.50 85.49 81.38 77.22 73.04 68.88 64.75 60.69 56.73 52.88 49.17 45.71 42.76 40.46 38.82 37.79 37.36 37.52 38.31 39.71 41.67 44.13 47.05 50.38 54.07 58.07 62.33 66.73 70.63 73.71 76.03 77.61 78.51 78.77 78.44 77.55 76.15 74.31 72.21 70.10 68.01 65.97 63.97 62.06 60.41 59.09 58.08
74.71 80.10 85.63 91.24 96.50 101.05 104.90 108.08 110.63 112.58 113.96 114.81 115.17 115.13 114.83 114.30 113.55 112.57 111.37 109.95 108.32 106.54 104.64 102.59 100.37 97.92 95.22 92.24 88.92 85.25 81.27 77.18 73.06 68.93 64.81 60.73 56.73 52.82 49.04 45.47 42.40 39.97 38.17 36.97 36.35 36.27 36.72 37.69 39.22 41.28 43.81 46.78 50.14 53.83 57.80 62.01 66.32 70.13 73.12 75.34 76.82 77.61 77.76 77.32 76.31 74.81 73.03 71.20 69.39 67.60 65.83 64.12 62.45 60.88 59.55 58.52
74.46 79.57 84.80 90.08 95.01 99.23 102.77 105.64 107.89 109.55 110.66 111.25 111.42 111.33 111.02 110.48 109.72 108.74 107.55 106.13 104.50 102.67 100.68 98.55 96.25 93.76 91.03 88.02 84.71 81.05 77.10 73.04 68.96 64.87 60.80 56.78 52.84 49.00 45.35 42.18 39.64 37.70 36.36 35.56 35.30 35.55 36.27 37.44 39.07 41.17 43.74 46.70 50.03 53.66 57.55 61.65 65.83 69.50 72.34 74.41 75.74 76.37 76.36 75.74 74.59 73.11 71.58 70.03 68.49 66.97 65.47 64.01 62.59 61.23 59.97 58.93
74.27 79.09 83.98 88.90 93.47 97.34 100.52 103.06 104.99 106.34 107.14 107.52 107.63 107.51 107.18 106.62 105.85 104.86 103.66 102.24 100.61 98.78 96.74 94.54 92.19 89.64 86.88 83.86 80.55 76.91 72.99 68.98 64.94 60.90 56.88 52.93 49.05 45.34 42.09 39.45 37.41 35.93 35.00 34.57 34.64 35.16 36.12 37.48 39.22 41.35 43.88 46.79 50.04 53.56 57.32 61.26 65.25 68.72 71.37 73.23 74.35 74.77 74.55 73.73 72.56 71.31 70.04 68.75 67.46 66.18 64.92 63.68 62.49 61.35 60.28 59.30
74.17 78.65 83.18 87.72 91.89 95.38 98.19 100.37 101.94 102.95 103.51 103.80 103.88 103.73 103.36 102.78 101.98 100.98 99.76 98.33 96.70 94.86 92.82 90.59 88.18 85.59 82.81 79.78 76.47 72.86 68.97 65.00 61.01 57.03 53.07 49.18 45.43 42.13 39.42 37.28 35.70 34.64 34.07 33.98 34.32 35.09 36.24 37.75 39.61 41.77 44.24 47.04 50.15 53.51 57.08 60.81 64.57 67.79 70.18 71.78 72.64 72.81 72.33 71.47 70.51 69.50 68.46 67.41 66.34 65.28 64.23 63.20 62.20 61.26 60.37 59.55
74.15 78.27 82.42 86.54 90.29 93.37 95.78 97.56 98.76 99.50 99.96 100.20 100.22 100.03 99.63 99.01 98.19 97.15 95.92 94.47 92.82 90.98 88.93 86.68 84.25 81.63 78.82 75.79 72.50 68.91 65.06 61.14 57.21 53.28 49.39 45.63 42.29 39.52 37.32 35.65 34.48 33.80 33.56 33.76 34.35 35.31 36.62 38.25 40.17 42.35 44.78 47.44 50.36 53.51 56.84 60.30 63.77 66.69 68.77 70.07 70.61 70.48 69.92 69.24 68.51 67.72 66.89 66.04 65.18 64.31 63.44 62.59 61.77 61.00 60.27 59.60
74.24 77.96 81.69 85.38 88.68 91.31 93.30 94.67 95.56 96.18 96.58 96.76 96.73 96.49 96.04 95.38 94.52 93.45 92.18 90.71 89.04 87.17 85.11 82.85 80.40 77.77 74.94 71.91 68.64 65.08 61.28 57.41 53.53 49.67 45.92 42.56 39.77 37.51 35.78 34.53 33.74 33.39 33.45 33.89 34.69 35.81 37.24 38.94 40.89 43.06 45.42 47.96 50.66 53.54 56.58 59.72 62.84 65.41 67.13 68.07 68.27 68.02 67.62 67.15 66.61 66.02 65.38 64.71 64.02 63.31 62.61 61.92 61.25 60.61 60.02 59.48
74.43 77.74 81.03 84.24 87.07 89.23 90.76 91.80 92.56 93.10 93.43 93.55 93.46 93.16 92.65 91.94 91.03 89.92 88.61 87.10 85.40 83.51 81.42 79.15 76.68 74.03 71.20 68.17 64.91 61.40 57.65 53.84 50.02 46.29 42.95 40.14 37.86 36.08 34.77 33.91 33.46 33.41 33.72 34.37 35.33 36.57 38.08 39.81 41.75 43.86 46.13 48.52 51.01 53.59 56.28 59.05 61.78 63.93 65.25 65.79 65.84 65.72 65.52 65.23 64.86 64.44 63.96 63.45 62.91 62.35 61.78 61.22 60.67 60.16 59.68 59.24
74.70 77.61 80.43 83.15 85.47 87.14 88.30 89.19 89.86 90.32 90.57 90.62 90.45 90.09 89.52 88.75 87.79 86.62 85.27 83.72 81.97 80.04 77.93 75.62 73.13 70.46 67.61 64.58 61.35 57.87 54.18 50.43 46.75 43.43 40.64 38.35 36.55 35.20 34.28 33.76 33.61 33.82 34.34 35.16 36.24 37.57 39.11 40.84 42.72 44.74 46.87 49.08 51.34 53.63 55.94 58.28 60.56 62.26 63.13 63.48 63.65 63.71 63.66 63.53 63.31 63.03 62.70 62.31 61.89 61.45 61.00 60.54 60.10 59.67 59.28 58.93
74.95 77.54 79.91 82.10 83.89 85.17 86.17 86.95 87.53 87.90 88.06 88.03 87.78 87.34 86.71 85.87 84.84 83.62 82.20 80.60 78.81 76.84 74.68 72.34 69.82 67.12 64.24 61.19 57.97 54.53 50.90 47.29 44.02 41.26 38.99 37.18 35.81 34.85 34.28 34.07 34.18 34.60 35.30 36.25 37.42 38.78 40.32 42.00 43.80 45.68 47.63 49.62 51.61 53.59 55.52 57.41 59.19 60.39 61.04 61.49 61.81 62.01 62.10 62.10 62.01 61.85 61.62 61.34 61.03 60.68 60.31 59.94 59.57 59.21 58.88 58.58
75.16 77.43 79.42 81.12 82.49 83.58 84.47 85.15 85.62 85.89 85.96 85.83 85.50 84.98 84.26 83.35 82.25 80.96 79.48 77.82 75.97 73.95 71.74 69.35 66.79 64.06 61.15 58.07 54.82 51.40 47.89 44.70 41.99 39.75 37.97 36.60 35.63 35.02 34.76 34.81 35.15 35.74 36.57 37.61 38.82 40.19 41.69 43.28 44.95 46.66 48.39 50.11 51.80 53.43 54.97 56.40 57.66 58.60 59.33 59.91 60.35 60.67 60.88 60.98 60.99 60.93 60.79 60.59 60.35 60.07 59.77 59.45 59.12 58.81 58.52 58.25
75.23 77.18 78.83 80.20 81.37 82.35 83.12 83.69 84.06 84.23 84.20 83.98 83.56 82.95 82.14 81.15 79.98 78.62 77.07 75.34 73.44 71.35 69.09 66.66 64.05 61.28 58.33 55.22 51.94 48.46 45.06 42.38 40.22 38.49 37.16 36.21 35.61 35.33 35.35 35.64 36.17 36.92 37.86 38.96 40.19 41.54 42.96 44.45 45.96 47.47 48.96 50.40 51.75 53.01 54.13 55.11 56.10 57.09 57.94 58.63 59.18 59.60 59.90 60.09 60.19 60.19 60.13 59.99 59.81 59.58 59.32 59.03 58.74 58.45 58.18 57.92
74.98 76.66 78.05 79.25 80.29 81.15 81.82 82.28 82.55 82.63 82.51 82.19 81.69 81.00 80.13 79.06 77.82 76.39 74.79 73.01 71.05 68.91 66.61 64.14 61.49 58.68 55.71 52.57 49.23 45.55 41.90 39.35 37.69 36.47 35.61 35.09 34.87 34.93 35.24 35.78 36.51 37.42 38.48 39.65 40.92 42.25 43.62 45.00 46.36 47.69 48.94 50.10 51.14 52.03 52.76 53.50 54.49 55.53 56.48 57.28 57.94 58.46 58.85 59.13 59.30 59.38 59.38 59.31 59.18 58.99 58.78 58.53 58.27 58.00 57.74 57.49
74.45 75.93 77.20 78.28 79.18 79.92 80.48 80.86 81.04 81.03 80.82 80.44 79.86 79.10 78.16 77.03 75.73 74.25 72.60 70.77 68.77 66.60 64.26 61.75 59.08 56.25 53.25 50.06 46.53 42.58 38.66 35.86 34.32 33.58 33.20 33.12 33.30 33.71 34.33 35.14 36.10 37.18 38.37 39.64 40.95 42.28 43.61 44.91 46.14 47.30 48.33 49.23 49.97 50.52 51.06 51.82 52.84 53.92 54.92 55.82 56.58 57.20 57.68 58.05 58.30 58.45 58.52 58.51 58.43 58.29 58.12 57.91 57.67 57.43 57.18 56.95
73.72 75.12 76.30 77.26 78.04 78.67 79.12 79.41 79.51 79.43 79.15 78.70 78.06 77.24 76.24 75.07 73.72 72.19 70.50 68.63 66.60 64.40 62.03 59.51 56.82 53.97 50.93 47.56 43.77 39.57 35.42 32.37 30.57 29.93 30.01 30.38 30.98 31.76 32.71 33.80 35.00 36.28 37.62 38.99 40.37 41.72 43.03 44.25 45.38 46.37 47.21 47.87 48.33 48.74 49.31 50.12 51.18 52.28 53.31 54.26 55.11 55.83 56.41 56.86 57.19 57.42 57.55 57.60 57.58 57.49 57.36 57.18 56.98 56.76 56.53 56.31
72.91 74.25 75.35 76.21 76.88 77.39 77.75 77.95 77.98 77.83 77.50 76.98 76.29 75.42 74.38 73.16 71.77 70.21 68.49 66.59 64.54 62.32 59.94 57.40 54.71 51.82 48.61 44.99 40.98 36.58 32.22 28.94 26.89 26.00 26.16 26.96 27.99 29.16 30.45 31.84 33.29 34.79 36.30 37.79 39.25 40.64 41.94 43.12 44.15 45.00 45.66 46.10 46.46 46.93 47.58 48.44 49.52 50.64 51.69 52.67 53.57 54.37 55.04 55.58 56.00 56.30 56.50 56.61 56.65 56.61 56.52 56.38 56.21 56.01 55.80 55.59
72.01 73.31 74.34 75.11 75.67 76.09 76.37 76.48 76.44 76.23 75.85 75.29 74.55 73.64 72.56 71.31 69.90 68.31 66.57 64.66 62.59 60.36 57.98 55.44 52.71 49.67 46.22 42.39 38.18 33.62 29.10 25.63 23.35 22.19 22.11 22.98 24.41 25.98 27.64 29.34 31.07 32.79 34.49 36.13 37.68 39.13 40.43 41.58 42.53 43.26 43.77 44.15 44.59 45.15 45.87 46.77 47.87 49.01 50.08 51.08 52.01 52.86 53.61 54.24 54.73 55.11 55.38 55.56 55.65 55.66 55.61 55.51 55.37 55.20 55.00 54.80
71.04 72.31 73.27 73.95 74.43 74.76 74.96 75.01 74.90 74.64 74.21 73.61 72.84 71.91 70.80 69.53 68.09 66.50 64.74 62.82 60.75 58.53 56.15 53.58 50.71 47.44 43.80 39.79 35.43 30.73 26.09 22.46 19.99 18.61 18.26 18.88 20.36 22.32 24.35 26.39 28.40 30.37 32.27 34.07 35.74 37.25 38.59 39.71 40.60 41.24 41.73 42.22 42.77 43.42 44.21 45.15 46.27 47.42 48.50 49.52 50.47 51.34 52.14 52.84 53.42 53.87 54.21 54.45 54.59 54.66 54.65 54.59 54.48 54.33 54.16 53.97
