data_processed/recharge/precip/Precip_1986_04.asc
ncols        168
nrows        136
xllcorner    455000
yllcorner    2107000
cellsize     500
NODATA_value     -99999
[rows 102 to 135 of 136, columns 0 to 76 of 168]
39.20 39.21 39.22 39.24 39.26 39.27 39.29 39.30 39.31 39.30 39.29 39.27 39.27 39.28 39.27 39.22 39.14 39.03 38.90 38.73 38.55 38.34 38.11 37.86 37.59 37.30 36.99 36.67 36.33 35.97 35.60 35.21 34.81 34.40 33.97 33.54 33.10 32.65 32.19 31.72 31.25 30.77 30.29 29.80 29.32 28.83 28.34 27.85 27.36 26.87 26.39 25.91 25.44 24.97 24.50 24.05 23.60 23.16 22.73 22.31 21.90 21.51 21.13 20.78 20.46 20.18 19.94 19.74 19.57 19.43 19.31 19.20 19.12 19.06 19.02 19.00 19.00
38.19 38.21 38.25 38.29 38.33 38.37 38.41 38.45 38.49 38.51 38.54 38.59 38.64 38.70 38.75 38.77 38.74 38.68 38.59 38.47 38.32 38.15 37.96 37.75 37.51 37.25 36.97 36.68 36.36 36.03 35.69 35.32 34.95 34.56 34.15 33.74 33.31 32.87 32.43 31.97 31.51 31.04 30.57 30.09 29.61 29.13 28.64 28.15 27.66 27.17 26.69 26.20 25.72 25.24 24.77 24.30 23.84 23.39 22.95 22.51 22.09 21.67 21.29 20.93 20.61 20.34 20.10 19.90 19.73 19.60 19.49 19.40 19.33 19.28 19.25 19.24 19.25
37.23 37.28 37.33 37.40 37.46 37.53 37.60 37.66 37.72 37.79 37.88 37.98 38.09 38.21 38.31 38.38 38.41 38.41 38.36 38.28 38.17 38.04 37.88 37.70 37.49 37.26 37.02 36.75 36.46 36.15 35.83 35.49 35.13 34.76 34.37 33.97 33.56 33.13 32.70 32.26 31.80 31.34 30.87 30.40 29.92 29.44 28.95 28.46 27.97 27.47 26.98 26.49 26.00 25.51 25.03 24.55 24.07 23.60 23.14 22.69 22.25 21.82 21.43 21.08 20.76 20.49 20.25 20.05 19.88 19.75 19.65 19.58 19.52 19.48 19.46 19.46 19.48
36.33 36.40 36.48 36.56 36.65 36.74 36.84 36.93 37.03 37.16 37.30 37.45 37.61 37.78 37.94 38.06 38.15 38.20 38.21 38.17 38.10 38.00 37.87 37.72 37.54 37.34 37.12 36.87 36.61 36.32 36.02 35.70 35.36 35.00 34.63 34.24 33.84 33.43 33.00 32.57 32.12 31.66 31.20 30.73 30.25 29.76 29.27 28.78 28.28 27.78 27.28 26.78 26.27 25.77 25.28 24.78 24.29 23.80 23.32 22.85 22.39 21.97 21.57 21.22 20.90 20.63 20.39 20.19 20.03 19.89 19.79 19.73 19.68 19.66 19.65 19.66 19.68
35.49 35.58 35.68 35.78 35.90 36.01 36.13 36.27 36.42 36.60 36.79 36.99 37.21 37.43 37.63 37.81 37.95 38.05 38.12 38.13 38.10 38.03 37.93 37.81 37.66 37.48 37.28 37.06 36.82 36.55 36.26 35.96 35.63 35.29 34.93 34.55 34.16 33.76 33.34 32.90 32.46 32.01 31.54 31.07 30.59 30.10 29.60 29.10 28.60 28.09 27.57 27.06 26.54 26.03 25.51 25.00 24.49 23.98 23.48 22.99 22.53 22.11 21.71 21.36 21.04 20.77 20.53 20.33 20.16 20.03 19.93 19.86 19.82 19.81 19.81 19.83 19.87
34.71 34.81 34.93 35.06 35.20 35.34 35.50 35.68 35.88 36.11 36.35 36.61 36.87 37.14 37.39 37.61 37.81 37.96 38.08 38.15 38.17 38.13 38.06 37.96 37.84 37.68 37.51 37.30 37.08 36.83 36.56 36.26 35.95 35.62 35.27 34.90 34.52 34.12 33.70 33.27 32.83 32.37 31.91 31.43 30.94 30.45 29.94 29.43 28.92 28.40 27.87 27.34 26.81 26.28 25.74 25.21 24.68 24.15 23.63 23.14 22.67 22.24 21.85 21.49 21.17 20.90 20.67 20.47 20.30 20.16 20.05 19.98 19.94 19.94 19.95 19.98 20.03
33.97 34.10 34.24 34.39 34.55 34.73 34.94 35.17 35.42 35.70 35.98 36.29 36.59 36.91 37.21 37.48 37.72 37.93 38.09 38.21 38.28 38.30 38.26 38.19 38.08 37.95 37.79 37.60 37.39 37.16 36.90 36.62 36.32 35.99 35.65 35.29 34.90 34.51 34.09 33.66 33.22 32.76 32.29 31.81 31.31 30.81 30.30 29.77 29.25 28.71 28.17 27.62 27.07 26.52 25.96 25.40 24.85 24.30 23.78 23.28 22.82 22.38 21.98 21.62 21.31 21.04 20.80 20.60 20.43 20.29 20.18 20.10 20.06 20.05 20.07 20.12 20.17
33.30 33.44 33.60 33.78 33.97 34.20 34.45 34.73 35.03 35.35 35.68 36.03 36.38 36.74 37.08 37.40 37.68 37.94 38.15 38.32 38.44 38.51 38.52 38.48 38.39 38.28 38.13 37.96 37.76 37.54 37.29 37.02 36.72 36.41 36.07 35.71 35.33 34.93 34.52 34.08 33.63 33.17 32.69 32.20 31.70 31.18 30.66 30.12 29.58 29.02 28.46 27.90 27.33 26.75 26.17 25.59 25.02 24.46 23.93 23.43 22.96 22.52 22.12 21.76 21.44 21.17 20.94 20.73 20.56 20.42 20.30 20.22 20.18 20.16 20.18 20.23 20.29
32.67 32.84 33.02 33.23 33.47 33.74 34.04 34.36 34.71 35.07 35.45 35.83 36.23 36.62 37.01 37.37 37.70 38.00 38.25 38.47 38.64 38.76 38.82 38.82 38.77 38.67 38.54 38.38 38.19 37.97 37.73 37.47 37.18 36.86 36.52 36.17 35.79 35.39 34.97 34.53 34.07 33.60 33.12 32.61 32.10 31.57 31.03 30.47 29.91 29.34 28.76 28.17 27.57 26.97 26.37 25.77 25.19 24.63 24.09 23.58 23.11 22.66 22.26 21.90 21.58 21.31 21.07 20.87 20.69 20.55 20.43 20.34 20.29 20.27 20.28 20.32 20.39
32.10 32.29 32.50 32.75 33.04 33.35 33.70 34.06 34.45 34.85 35.27 35.69 36.13 36.56 36.98 37.38 37.76 38.10 38.40 38.66 38.88 39.04 39.15 39.20 39.19 39.11 39.00 38.85 38.67 38.46 38.22 37.96 37.67 37.36 37.02 36.66 36.28 35.87 35.45 35.00 34.54 34.06 33.56 33.04 32.51 31.96 31.41 30.83 30.25 29.66 29.05 28.44 27.82 27.19 26.56 25.95 25.36 24.80 24.25 23.74 23.26 22.81 22.41 22.04 21.72 21.45 21.21 21.01 20.83 20.68 20.56 20.47 20.41 20.38 20.38 20.41 20.48
31.59 31.80 32.06 32.35 32.68 33.03 33.42 33.82 34.25 34.69 35.14 35.61 36.08 36.55 37.01 37.45 37.86 38.24 38.58 38.88 39.14 39.35 39.51 39.61 39.64 39.61 39.51 39.37 39.20 38.99 38.76 38.50 38.21 37.90 37.56 37.19 36.80 36.39 35.95 35.50 35.02 34.53 34.01 33.48 32.93 32.37 31.79 31.20 30.59 29.97 29.34 28.70 28.05 27.40 26.77 26.15 25.55 24.97 24.42 23.90 23.42 22.97 22.56 22.19 21.87 21.60 21.36 21.15 20.97 20.82 20.69 20.60 20.53 20.49 20.49 20.51 20.57
31.13 31.39 31.69 32.02 32.38 32.78 33.20 33.64 34.10 34.58 35.07 35.57 36.07 36.58 37.07 37.55 37.99 38.41 38.79 39.14 39.44 39.69 39.89 40.03 40.11 40.13 40.08 39.95 39.78 39.58 39.35 39.08 38.79 38.47 38.13 37.76 37.36 36.94 36.49 36.02 35.53 35.02 34.49 33.94 33.37 32.79 32.18 31.57 30.93 30.29 29.63 28.96 28.29 27.63 26.98 26.35 25.75 25.16 24.60 24.08 23.59 23.13 22.72 22.35 22.03 21.75 21.51 21.30 21.12 20.96 20.83 20.73 20.66 20.61 20.60 20.61 20.66
30.75 31.04 31.38 31.75 32.15 32.58 33.04 33.52 34.01 34.53 35.05 35.58 36.12 36.65 37.18 37.69 38.17 38.62 39.04 39.42 39.76 40.05 40.29 40.48 40.60 40.66 40.65 40.57 40.42 40.21 39.98 39.71 39.42 39.09 38.74 38.35 37.95 37.51 37.05 36.57 36.06 35.53 34.98 34.41 33.82 33.21 32.59 31.94 31.28 30.60 29.92 29.22 28.54 27.87 27.21 26.57 25.95 25.36 24.80 24.26 23.76 23.31 22.89 22.51 22.19 21.92 21.68 21.46 21.27 21.11 20.98 20.87 20.79 20.74 20.72 20.72 20.76
30.43 30.76 31.14 31.54 31.98 32.44 32.93 33.44 33.97 34.52 35.07 35.63 36.20 36.77 37.32 37.86 38.37 38.86 39.31 39.73 40.10 40.43 40.71 40.94 41.11 41.21 41.24 41.20 41.09 40.90 40.66 40.39 40.08 39.75 39.38 38.99 38.57 38.12 37.64 37.14 36.61 36.07 35.49 34.90 34.28 33.65 32.99 32.32 31.63 30.92 30.21 29.50 28.81 28.12 27.45 26.80 26.17 25.57 25.00 24.46 23.96 23.49 23.07 22.69 22.37 22.09 21.85 21.63 21.44 21.27 21.13 21.02 20.93 20.87 20.84 20.84 20.86
30.18 30.55 30.95 31.39 31.86 32.36 32.88 33.42 33.98 34.55 35.14 35.73 36.32 36.91 37.50 38.06 38.60 39.12 39.61 40.06 40.47 40.83 41.15 41.41 41.62 41.76 41.83 41.84 41.77 41.61 41.38 41.10 40.79 40.44 40.07 39.66 39.22 38.75 38.26 37.74 37.19 36.62 36.02 35.40 34.76 34.09 33.41 32.70 31.98 31.25 30.52 29.80 29.09 28.39 27.71 27.05 26.41 25.80 25.22 24.67 24.16 23.69 23.26 22.88 22.55 22.28 22.03 21.81 21.62 21.45 21.30 21.18 21.09 21.02 20.98 20.96 20.98
29.99 30.39 30.83 31.30 31.80 32.32 32.87 33.44 34.03 34.63 35.24 35.86 36.47 37.09 37.70 38.29 38.86 39.41 39.92 40.40 40.85 41.24 41.59 41.89 42.13 42.31 42.43 42.47 42.44 42.33 42.14 41.86 41.54 41.18 40.78 40.36 39.90 39.41 38.90 38.35 37.78 37.18 36.56 35.91 35.24 34.54 33.83 33.09 32.34 31.59 30.85 30.11 29.39 28.67 27.98 27.31 26.66 26.04 25.45 24.90 24.38 23.91 23.47 23.09 22.76 22.48 22.23 22.01 21.81 21.63 21.48 21.35 21.25 21.18 21.12 21.10 21.10
29.86 30.29 30.76 31.25 31.78 32.34 32.91 33.51 34.12 34.75 35.38 36.02 36.66 37.30 37.93 38.54 39.14 39.71 40.25 40.76 41.24 41.67 42.05 42.38 42.65 42.87 43.02 43.10 43.11 43.04 42.89 42.65 42.33 41.95 41.54 41.09 40.61 40.11 39.57 39.00 38.40 37.77 37.12 36.44 35.73 35.00 34.25 33.49 32.72 31.95 31.19 30.44 29.70 28.98 28.27 27.59 26.93 26.30 25.70 25.14 24.62 24.14 23.70 23.31 22.98 22.69 22.45 22.22 22.02 21.83 21.68 21.54 21.43 21.35 21.29 21.25 21.24
29.79 30.24 30.74 31.26 31.81 32.39 32.99 33.61 34.25 34.89 35.55 36.21 36.87 37.53 38.18 38.82 39.44 40.03 40.60 41.14 41.63 42.09 42.50 42.87 43.17 43.42 43.61 43.73 43.77 43.74 43.62 43.42 43.13 42.76 42.33 41.86 41.36 40.82 40.26 39.66 39.03 38.38 37.69 36.98 36.24 35.47 34.69 33.91 33.12 32.34 31.56 30.80 30.04 29.31 28.59 27.89 27.22 26.58 25.98 25.41 24.88 24.39 23.95 23.55 23.22 22.93 22.68 22.45 22.24 22.05 21.89 21.75 21.63 21.53 21.46 21.42 21.39
29.76 30.24 30.76 31.31 31.89 32.49 33.11 33.75 34.41 35.07 35.75 36.43 37.11 37.78 38.45 39.11 39.75 40.37 40.96 41.52 42.04 42.52 42.96 43.35 43.69 43.97 44.19 44.34 44.42 44.42 44.34 44.18 43.93 43.58 43.15 42.66 42.13 41.57 40.98 40.35 39.69 39.00 38.28 37.53 36.75 35.96 35.16 34.35 33.55 32.75 31.96 31.17 30.41 29.65 28.92 28.22 27.54 26.89 26.27 25.69 25.15 24.66 24.21 23.82 23.47 23.18 22.93 22.69 22.48 22.29 22.12 21.97 21.84 21.74 21.66 21.60 21.56
29.79 30.29 30.83 31.40 32.00 32.62 33.26 33.92 34.60 35.28 35.97 36.67 37.36 38.06 38.74 39.41 40.07 40.71 41.32 41.90 42.45 42.95 43.42 43.83 44.20 44.51 44.75 44.93 45.04 45.08 45.04 44.91 44.70 44.39 43.98 43.49 42.93 42.34 41.72 41.06 40.36 39.64 38.88 38.09 37.29 36.47 35.65 34.82 34.00 33.19 32.38 31.58 30.79 30.03 29.28 28.56 27.87 27.21 26.59 26.00 25.45 24.95 24.50 24.10 23.75 23.46 23.20 22.96 22.74 22.54 22.37 22.21 22.07 21.96 21.87 21.80 21.75
29.86 30.38 30.94 31.53 32.15 32.79 33.45 34.12 34.81 35.51 36.22 36.93 37.64 38.34 39.04 39.73 40.40 41.05 41.68 42.28 42.85 43.38 43.87 44.31 44.70 45.03 45.30 45.51 45.65 45.72 45.71 45.62 45.43 45.16 44.79 44.33 43.76 43.14 42.48 41.79 41.05 40.29 39.49 38.68 37.85 37.01 36.17 35.32 34.48 33.65 32.82 32.01 31.21 30.43 29.67 28.94 28.23 27.56 26.93 26.33 25.78 25.27 24.81 24.40 24.05 23.76 23.50 23.25 23.03 22.82 22.64 22.47 22.33 22.20 22.10 22.02 21.96
29.97 30.51 31.09 31.69 32.33 32.98 33.66 34.35 35.05 35.76 36.48 37.20 37.92 38.64 39.35 40.05 40.74 41.40 42.05 42.66 43.25 43.80 44.31 44.77 45.18 45.54 45.84 46.07 46.24 46.33 46.35 46.29 46.14 45.90 45.57 45.14 44.60 43.96 43.27 42.54 41.77 40.96 40.13 39.29 38.44 37.58 36.72 35.85 34.99 34.14 33.29 32.46 31.65 30.85 30.08 29.34 28.62 27.94 27.30 26.69 26.13 25.61 25.15 24.73 24.38 24.08 23.81 23.57 23.34 23.12 22.93 22.76 22.60 22.47 22.35 22.26 22.19
30.12 30.68 31.27 31.89 32.53 33.20 33.89 34.59 35.31 36.03 36.76 37.49 38.22 38.95 39.66 40.37 41.07 41.75 42.41 43.04 43.64 44.21 44.73 45.21 45.65 46.02 46.35 46.61 46.80 46.92 46.96 46.93 46.81 46.60 46.30 45.90 45.40 44.79 44.08 43.31 42.50 41.66 40.81 39.94 39.06 38.18 37.30 36.41 35.53 34.66 33.80 32.95 32.12 31.31 30.52 29.77 29.04 28.35 27.69 27.08 26.51 25.98 25.51 25.09 24.73 24.43 24.16 23.90 23.67 23.45 23.25 23.07 22.90 22.76 22.63 22.53 22.44
30.30 30.87 31.48 32.11 32.77 33.45 34.15 34.86 35.58 36.32 37.05 37.79 38.53 39.26 39.98 40.70 41.41 42.09 42.76 43.41 44.02 44.60 45.14 45.64 46.09 46.49 46.83 47.11 47.33 47.47 47.54 47.53 47.44 47.26 46.99 46.62 46.15 45.57 44.89 44.10 43.25 42.39 41.51 40.62 39.72 38.82 37.91 37.00 36.11 35.21 34.33 33.47 32.62 31.80 31.00 30.23 29.49 28.78 28.12 27.49 26.91 26.38 25.90 25.48 25.11 24.80 24.53 24.27 24.03 23.80 23.59 23.40 23.23 23.07 22.94 22.82 22.72
30.52 31.10 31.72 32.36 33.03 33.71 34.42 35.14 35.87 36.61 37.35 38.09 38.83 39.57 40.30 41.02 41.73 42.43 43.11 43.76 44.39 44.98 45.53 46.05 46.51 46.93 47.29 47.59 47.82 47.99 48.08 48.10 48.03 47.88 47.63 47.29 46.85 46.30 45.65 44.89 44.05 43.16 42.25 41.34 40.41 39.49 38.56 37.63 36.71 35.80 34.90 34.02 33.16 32.32 31.50 30.72 29.97 29.25 28.57 27.94 27.35 26.81 26.32 25.89 25.52 25.21 24.93 24.67 24.42 24.18 23.97 23.77 23.58 23.41 23.27 23.14 23.02
30.76 31.35 31.98 32.63 33.30 33.99 34.71 35.43 36.17 36.91 37.65 38.40 39.14 39.88 40.61 41.33 42.05 42.75 43.44 44.10 44.73 45.33 45.90 46.42 46.90 47.33 47.71 48.03 48.28 48.47 48.58 48.62 48.57 48.44 48.22 47.91 47.49 46.98 46.36 45.65 44.85 43.96 43.03 42.09 41.14 40.19 39.24 38.30 37.36 36.43 35.51 34.61 33.73 32.87 32.04 31.24 30.48 29.75 29.06 28.42 27.82 27.27 26.78 26.34 25.97 25.65 25.36 25.09 24.84 24.60 24.37 24.16 23.96 23.79 23.63 23.48 23.36
31.03 31.63 32.26 32.91 33.59 34.29 35.00 35.73 36.47 37.21 37.96 38.71 39.45 40.18 40.91 41.64 42.36 43.06 43.75 44.42 45.06 45.67 46.24 46.78 47.27 47.71 48.10 48.43 48.70 48.90 49.03 49.09 49.06 48.95 48.76 48.47 48.08 47.60 47.03 46.37 45.62 44.77 43.85 42.88 41.91 40.94 39.96 39.00 38.04 37.09 36.15 35.23 34.34 33.46 32.62 31.81 31.03 30.29 29.59 28.93 28.32 27.77 27.27 26.82 26.44 26.12 25.83 25.55 25.29 25.04 24.80 24.58 24.38 24.19 24.01 23.86 23.72
31.32 31.92 32.55 33.21 33.89 34.59 35.31 36.04 36.77 37.52 38.26 39.01 39.74 40.48 41.20 41.93 42.65 43.35 44.04 44.71 45.36 45.97 46.55 47.09 47.59 48.05 48.44 48.79 49.07 49.29 49.43 49.51 49.50 49.41 49.23 48.97 48.61 48.17 47.65 47.04 46.34 45.56 44.68 43.71 42.72 41.72 40.73 39.74 38.76 37.79 36.83 35.90 34.98 34.09 33.23 32.41 31.61 30.86 30.15 29.48 28.87 28.30 27.79 27.34 26.95 26.62 26.33 26.04 25.77 25.52 25.27 25.04 24.82 24.62 24.44 24.27 24.11
31.62 32.23 32.86 33.52 34.20 34.90 35.62 36.34 37.08 37.82 38.56 39.30 40.03 40.76 41.48 42.20 42.92 43.62 44.31 44.98 45.63 46.24 46.83 47.38 47.88 48.34 48.75 49.10 49.40 49.63 49.79 49.87 49.88 49.81 49.65 49.41 49.10 48.70 48.22 47.66 47.02 46.29 45.47 44.56 43.57 42.55 41.53 40.52 39.52 38.53 37.55 36.60 35.67 34.76 33.89 33.04 32.24 31.47 30.75 30.07 29.44 28.87 28.35 27.89 27.50 27.17 26.86 26.57 26.29 26.03 25.77 25.53 25.31 25.09 24.89 24.71 24.54
31.95 32.55 33.18 33.84 34.52 35.22 35.93 36.65 37.38 38.11 38.85 39.58 40.31 41.03 41.74 42.45 43.16 43.87 44.55 45.22 45.87 46.48 47.07 47.62 48.13 48.60 49.01 49.37 49.67 49.91 50.08 50.18 50.21 50.15 50.02 49.81 49.53 49.18 48.75 48.24 47.65 46.97 46.21 45.37 44.43 43.42 42.38 41.34 40.32 39.31 38.32 37.34 36.39 35.47 34.58 33.72 32.90 32.12 31.39 30.70 30.06 29.48 28.95 28.49 28.08 27.74 27.44 27.14 26.85 26.58 26.31 26.06 25.82 25.60 25.38 25.19 25.00
32.28 32.88 33.51 34.16 34.84 35.53 36.23 36.95 37.67 38.40 39.12 39.85 40.57 41.27 41.98 42.68 43.39 44.08 44.76 45.43 46.07 46.69 47.27 47.82 48.33 48.80 49.22 49.59 49.90 50.14 50.32 50.43 50.47 50.43 50.33 50.16 49.92 49.61 49.23 48.77 48.23 47.61 46.91 46.13 45.26 44.30 43.27 42.21 41.17 40.14 39.12 38.13 37.16 36.23 35.32 34.45 33.61 32.82 32.07 31.37 30.72 30.13 29.59 29.12 28.71 28.36 28.05 27.74 27.45 27.17 26.89 26.63 26.38 26.14 25.91 25.70 25.50
32.62 33.21 33.84 34.48 35.15 35.84 36.53 37.24 37.95 38.67 39.39 40.10 40.80 41.50 42.19 42.89 43.58 44.26 44.94 45.60 46.23 46.85 47.43 47.98 48.49 48.96 49.38 49.75 50.06 50.31 50.50 50.62 50.67 50.66 50.59 50.46 50.26 49.99 49.65 49.24 48.76 48.19 47.55 46.84 46.03 45.15 44.17 43.13 42.06 41.01 39.98 38.97 37.98 37.02 36.10 35.21 34.36 33.56 32.79 32.08 31.42 30.82 30.27 29.79 29.38 29.02 28.70 28.39 28.09 27.79 27.51 27.24 26.97 26.72 26.48 26.25 26.04
32.96 33.55 34.17 34.80 35.46 36.14 36.82 37.52 38.22 38.92 39.63 40.33 41.02 41.70 42.38 43.06 43.74 44.41 45.08 45.73 46.36 46.96 47.54 48.09 48.59 49.06 49.48 49.85 50.16 50.42 50.61 50.74 50.82 50.84 50.80 50.70 50.54 50.32 50.02 49.66 49.23 48.73 48.15 47.49 46.76 45.94 45.04 44.06 43.00 41.93 40.88 39.85 38.84 37.87 36.93 36.02 35.16 34.34 33.56 32.84 32.17 31.56 31.00 30.51 30.09 29.73 29.40 29.08 28.77 28.46 28.17 27.88 27.61 27.34 27.09 26.85 26.61
33.31 33.89 34.49 35.12 35.76 36.43 37.10 37.78 38.47 39.16 39.85 40.53 41.20 41.87 42.53 43.19 43.86 44.52 45.17 45.81 46.43 47.03 47.60 48.14 48.64 49.11 49.52 49.89 50.20 50.46 50.66 50.82 50.92 50.97 50.96 50.90 50.77 50.59 50.34 50.03 49.65 49.20 48.68 48.09 47.42 46.68 45.85 44.95 43.96 42.90 41.83 40.78 39.75 38.76 37.80 36.88 36.00 35.17 34.38 33.64 32.96 32.34 31.77 31.27 30.84 30.48 30.14 29.81 29.49 29.18 28.87 28.58 28.29 28.01 27.74 27.48 27.23
