data_processed/recharge/precip/Precip_1992_10.asc
ncols        168
nrows        136
xllcorner    455000
yllcorner    2107000
cellsize     500
NODATA_value     -99999
[rows 64 to 95 of 136, columns 0 to 71 of 168]
224.48 223.86 223.22 222.54 221.84 221.09 220.31 219.49 218.62 217.70 216.74 215.72 214.65 213.52 212.33 211.07 209.75 208.36 206.89 205.35 203.74 202.04 200.33 198.73 197.28 195.98 194.79 193.71 192.72 191.79 190.92 190.07 189.25 188.42 187.58 186.70 185.79 184.85 183.88 182.88 181.85 180.80 179.71 178.60 177.46 176.30 175.10 173.89 172.64 171.40 170.16 168.94 167.73 166.54 165.37 164.21 163.07 161.94 160.83 159.74 158.66 157.61 156.57 155.55 154.55 153.56 152.60 151.66 150.73 149.83 148.94 148.08
218.77 218.40 218.00 217.58 217.13 216.64 216.12 215.56 214.96 214.31 213.62 212.88 212.08 211.23 210.32 209.35 208.31 207.21 206.04 204.80 203.48 202.08 200.61 199.10 197.71 196.44 195.30 194.26 193.31 192.42 191.58 190.78 189.99 189.20 188.39 187.54 186.66 185.75 184.81 183.84 182.84 181.81 180.75 179.67 178.56 177.42 176.25 175.06 173.86 172.67 171.49 170.32 169.17 168.03 166.90 165.79 164.70 163.61 162.54 161.49 160.45 159.43 158.42 157.43 156.45 155.50 154.55 153.63 152.73 151.84 150.97 150.12
213.14 213.00 212.84 212.65 212.43 212.19 211.90 211.59 211.23 210.83 210.39 209.90 209.36 208.77 208.12 207.41 206.65 205.81 204.91 203.94 202.90 201.79 200.59 199.32 198.01 196.80 195.70 194.70 193.79 192.94 192.14 191.38 190.63 189.87 189.10 188.28 187.44 186.56 185.65 184.71 183.74 182.74 181.71 180.66 179.57 178.46 177.32 176.17 175.03 173.90 172.78 171.67 170.57 169.48 168.40 167.33 166.28 165.24 164.21 163.19 162.19 161.20 160.22 159.26 158.31 157.37 156.45 155.55 154.66 153.79 152.93 152.09
207.65 207.71 207.76 207.78 207.78 207.75 207.69 207.60 207.47 207.30 207.09 206.83 206.52 206.17 205.76 205.30 204.78 204.20 203.55 202.83 202.05 201.19 200.26 199.25 198.16 197.03 195.98 195.03 194.16 193.36 192.60 191.87 191.16 190.44 189.70 188.93 188.11 187.27 186.39 185.49 184.55 183.58 182.59 181.56 180.50 179.42 178.33 177.24 176.16 175.09 174.02 172.96 171.91 170.87 169.84 168.82 167.81 166.81 165.81 164.83 163.86 162.90 161.96 161.02 160.10 159.18 158.29 157.40 156.53 155.67 154.82 153.99
202.32 202.57 202.80 203.02 203.21 203.38 203.52 203.63 203.70 203.74 203.74 203.69 203.61 203.47 203.28 203.04 202.75 202.39 201.98 201.50 200.95 200.33 199.64 198.87 198.03 197.11 196.14 195.24 194.41 193.65 192.94 192.26 191.58 190.91 190.20 189.47 188.69 187.88 187.04 186.17 185.27 184.33 183.37 182.37 181.35 180.32 179.28 178.26 177.23 176.22 175.20 174.20 173.20 172.21 171.22 170.24 169.27 168.31 167.35 166.41 165.47 164.54 163.62 162.71 161.81 160.92 160.04 159.17 158.31 157.47 156.63 155.81
197.18 197.60 198.00 198.39 198.76 199.10 199.42 199.71 199.97 200.19 200.38 200.53 200.64 200.70 200.72 200.68 200.59 200.44 200.24 199.97 199.64 199.24 198.77 198.23 197.61 196.92 196.14 195.32 194.54 193.83 193.16 192.52 191.89 191.25 190.59 189.89 189.16 188.39 187.58 186.75 185.88 184.98 184.05 183.09 182.12 181.15 180.18 179.21 178.24 177.28 176.32 175.37 174.42 173.47 172.53 171.59 170.66 169.74 168.82 167.90 167.00 166.10 165.20 164.32 163.44 162.57 161.71 160.85 160.01 159.17 158.35 157.53
192.27 192.84 193.39 193.93 194.45 194.95 195.43 195.88 196.31 196.70 197.06 197.38 197.66 197.90 198.09 198.24 198.34 198.38 198.36 198.29 198.15 197.95 197.69 197.35 196.94 196.45 195.88 195.24 194.54 193.88 193.26 192.66 192.08 191.48 190.87 190.21 189.51 188.78 188.01 187.22 186.39 185.53 184.63 183.73 182.82 181.91 181.00 180.09 179.18 178.27 177.36 176.46 175.55 174.65 173.76 172.86 171.97 171.08 170.19 169.31 168.44 167.56 166.70 165.83 164.98 164.12 163.28 162.44 161.61 160.78 159.97 159.15
187.64 188.33 189.01 189.68 190.33 190.97 191.59 192.18 192.75 193.29 193.80 194.27 194.71 195.10 195.46 195.77 196.03 196.24 196.39 196.49 196.53 196.51 196.42 196.27 196.04 195.74 195.37 194.91 194.38 193.79 193.22 192.67 192.14 191.59 191.01 190.40 189.74 189.05 188.33 187.57 186.78 185.96 185.12 184.28 183.43 182.58 181.73 180.88 180.03 179.17 178.32 177.46 176.60 175.75 174.89 174.03 173.18 172.32 171.47 170.62 169.77 168.93 168.08 167.24 166.41 165.57 164.74 163.92 163.10 162.28 161.47 160.66
183.30 184.10 184.89 185.67 186.43 187.19 187.92 188.64 189.33 190.00 190.63 191.24 191.81 192.34 192.84 193.29 193.69 194.05 194.35 194.61 194.80 194.94 195.01 195.02 194.96 194.83 194.62 194.34 193.99 193.55 193.05 192.55 192.06 191.56 191.03 190.46 189.85 189.20 188.52 187.81 187.06 186.29 185.52 184.74 183.96 183.17 182.38 181.58 180.78 179.98 179.17 178.36 177.55 176.73 175.92 175.10 174.28 173.46 172.64 171.82 171.00 170.18 169.36 168.54 167.72 166.91 166.09 165.28 164.47 163.66 162.85 162.05
179.30 180.18 181.06 181.93 182.79 183.64 184.47 185.29 186.09 186.86 187.60 188.32 189.00 189.65 190.27 190.84 191.37 191.85 192.29 192.67 193.00 193.28 193.49 193.64 193.73 193.74 193.69 193.56 193.36 193.08 192.71 192.29 191.85 191.40 190.92 190.39 189.83 189.22 188.59 187.92 187.23 186.53 185.82 185.10 184.38 183.65 182.92 182.18 181.43 180.67 179.92 179.15 178.39 177.61 176.84 176.06 175.27 174.49 173.70 172.90 172.11 171.31 170.51 169.72 168.91 168.11 167.31 166.51 165.71 164.90 164.10 163.30
175.68 176.62 177.57 178.51 179.44 180.36 181.28 182.17 183.05 183.91 184.74 185.55 186.33 187.07 187.78 188.46 189.09 189.68 190.23 190.72 191.17 191.56 191.89 192.16 192.38 192.52 192.60 192.60 192.54 192.39 192.17 191.86 191.49 191.09 190.66 190.18 189.67 189.11 188.52 187.91 187.29 186.65 186.01 185.36 184.70 184.02 183.34 182.66 181.96 181.26 180.55 179.83 179.10 178.37 177.63 176.89 176.14 175.38 174.62 173.86 173.09 172.31 171.54 170.76 169.97 169.18 168.39 167.60 166.80 166.01 165.21 164.41
172.46 173.45 174.44 175.43 176.42 177.39 178.36 179.32 180.26 181.18 182.08 182.96 183.81 184.64 185.43 186.18 186.90 187.57 188.21 188.80 189.33 189.82 190.25 190.63 190.94 191.20 191.38 191.50 191.55 191.52 191.42 191.24 190.97 190.64 190.26 189.83 189.36 188.86 188.33 187.79 187.23 186.66 186.08 185.49 184.89 184.27 183.65 183.01 182.37 181.71 181.05 180.37 179.69 178.99 178.29 177.58 176.87 176.14 175.41 174.67 173.93 173.17 172.42 171.65 170.88 170.11 169.33 168.54 167.75 166.96 166.16 165.36
169.68 170.70 171.72 172.73 173.75 174.76 175.77 176.77 177.75 178.72 179.67 180.59 181.50 182.38 183.22 184.04 184.82 185.56 186.27 186.92 187.54 188.10 188.61 189.07 189.47 189.81 190.08 190.30 190.44 190.51 190.51 190.42 190.27 190.02 189.71 189.33 188.92 188.47 188.01 187.54 187.05 186.55 186.03 185.50 184.95 184.39 183.82 183.24 182.64 182.03 181.41 180.78 180.13 179.48 178.81 178.14 177.45 176.76 176.05 175.34 174.61 173.88 173.14 172.39 171.64 170.87 170.10 169.33 168.54 167.75 166.96 166.16
167.38 168.40 169.42 170.45 171.48 172.51 173.53 174.55 175.55 176.54 177.52 178.48 179.41 180.33 181.21 182.07 182.89 183.68 184.43 185.14 185.81 186.43 187.00 187.52 187.98 188.39 188.73 189.01 189.23 189.38 189.46 189.46 189.38 189.23 188.99 188.68 188.33 187.95 187.56 187.16 186.73 186.29 185.83 185.36 184.87 184.37 183.85 183.31 182.76 182.20 181.62 181.03 180.43 179.81 179.18 178.54 177.88 177.21 176.53 175.84 175.14 174.43 173.70 172.97 172.23 171.48 170.71 169.94 169.16 168.37 167.58 166.77
165.42 166.43 167.45 168.47 169.49 170.52 171.55 172.57 173.58 174.58 175.57 176.54 177.50 178.43 179.34 180.22 181.07 181.89 182.68 183.42 184.13 184.79 185.40 185.97 186.48 186.94 187.34 187.68 187.96 188.17 188.31 188.38 188.38 188.29 188.13 187.90 187.62 187.32 187.00 186.66 186.30 185.92 185.52 185.10 184.67 184.22 183.75 183.26 182.76 182.24 181.70 181.15 180.58 180.00 179.40 178.79 178.17 177.52 176.87 176.20 175.52 174.82 174.12 173.40 172.66 171.92 171.17 170.40 169.62 168.83 168.04 167.23
163.51 164.50 165.51 166.52 167.54 168.56 169.58 170.60 171.62 172.63 173.63 174.61 175.58 176.53 177.46 178.36 179.24 180.09 180.90 181.68 182.42 183.12 183.77 184.38 184.94 185.44 185.90 186.29 186.62 186.89 187.09 187.23 187.29 187.28 187.19 187.04 186.85 186.62 186.36 186.09 185.79 185.47 185.13 184.77 184.39 183.98 183.56 183.12 182.67 182.19 181.69 181.18 180.65 180.10 179.53 178.95 178.35 177.73 177.10 176.45 175.78 175.11 174.41 173.70 172.98 172.24 171.49 170.73 169.95 169.16 168.36 167.54
161.61 162.58 163.57 164.57 165.58 166.59 167.61 168.63 169.65 170.66 171.67 172.66 173.64 174.60 175.55 176.47 177.37 178.24 179.08 179.89 180.66 181.40 182.09 182.74 183.34 183.89 184.39 184.83 185.22 185.55 185.81 186.00 186.13 186.19 186.18 186.12 186.01 185.86 185.67 185.45 185.21 184.95 184.67 184.36 184.03 183.68 183.30 182.91 182.49 182.05 181.60 181.12 180.62 180.10 179.56 179.01 178.43 177.84 177.22 176.59 175.95 175.28 174.60 173.90 173.18 172.45 171.70 170.94 170.16 169.37 168.56 167.73
159.71 160.66 161.63 162.62 163.62 164.62 165.64 166.65 167.67 168.68 169.69 170.69 171.68 172.65 173.61 174.55 175.47 176.36 177.23 178.06 178.87 179.63 180.36 181.05 181.69 182.28 182.83 183.32 183.76 184.14 184.45 184.71 184.90 185.04 185.11 185.13 185.10 185.03 184.91 184.76 184.58 184.37 184.14 183.89 183.60 183.30 182.97 182.62 182.24 181.84 181.42 180.97 180.51 180.02 179.51 178.97 178.42 177.85 177.25 176.64 176.00 175.35 174.68 173.98 173.27 172.54 171.80 171.03 170.25 169.45 168.63 167.80
157.82 158.75 159.70 160.67 161.66 162.65 163.65 164.66 165.67 166.68 167.69 168.70 169.69 170.68 171.65 172.60 173.54 174.45 175.34 176.20 177.03 177.83 178.59 179.31 179.99 180.62 181.21 181.75 182.24 182.67 183.04 183.35 183.62 183.82 183.97 184.07 184.12 184.13 184.09 184.01 183.89 183.73 183.55 183.35 183.11 182.85 182.56 182.25 181.91 181.55 181.16 180.75 180.31 179.85 179.36 178.85 178.32 177.76 177.19 176.58 175.96 175.32 174.65 173.96 173.26 172.53 171.78 171.01 170.22 169.41 168.59 167.74
155.94 156.85 157.78 158.73 159.70 160.68 161.67 162.67 163.67 164.68 165.69 166.69 167.69 168.68 169.67 170.63 171.58 172.51 173.42 174.30 175.16 175.98 176.77 177.53 178.24 178.92 179.55 180.13 180.66 181.14 181.57 181.94 182.27 182.55 182.78 182.95 183.08 183.16 183.20 183.19 183.14 183.04 182.91 182.75 182.56 182.34 182.09 181.82 181.51 181.18 180.83 180.44 180.03 179.59 179.13 178.64 178.13 177.59 177.03 176.44 175.82 175.19 174.53 173.84 173.13 172.40 171.65 170.88 170.08 169.26 168.42 167.56
154.08 154.96 155.87 156.79 157.74 158.70 159.68 160.67 161.67 162.67 163.67 164.68 165.68 166.67 167.66 168.64 169.60 170.54 171.47 172.37 173.25 174.10 174.92 175.70 176.45 177.16 177.83 178.45 179.03 179.56 180.04 180.48 180.88 181.22 181.52 181.77 181.97 182.13 182.24 182.30 182.32 182.28 182.20 182.09 181.94 181.76 181.55 181.31 181.05 180.75 180.42 180.06 179.68 179.26 178.82 178.35 177.85 177.33 176.77 176.20 175.59 174.96 174.30 173.62 172.91 172.18 171.42 170.64 169.83 169.00 168.14 167.27
152.24 153.09 153.97 154.87 155.79 156.74 157.70 158.67 159.66 160.65 161.65 162.65 163.65 164.65 165.64 166.62 167.59 168.55 169.49 170.41 171.31 172.18 173.03 173.84 174.62 175.36 176.07 176.73 177.35 177.93 178.47 178.97 179.42 179.84 180.20 180.52 180.80 181.03 181.21 181.34 181.43 181.46 181.44 181.37 181.26 181.12 180.95 180.75 180.51 180.24 179.94 179.61 179.25 178.85 178.43 177.97 177.49 176.98 176.44 175.86 175.26 174.64 173.98 173.29 172.58 171.84 171.08 170.29 169.47 168.62 167.75 166.86
150.41 151.23 152.08 152.95 153.85 154.78 155.72 156.68 157.65 158.63 159.62 160.61 161.61 162.61 163.60 164.59 165.57 166.54 167.49 168.42 169.34 170.23 171.10 171.94 172.75 173.52 174.26 174.96 175.63 176.26 176.85 177.41 177.92 178.40 178.83 179.22 179.57 179.87 180.12 180.32 180.47 180.56 180.61 180.59 180.53 180.43 180.29 180.12 179.91 179.67 179.39 179.08 178.74 178.37 177.96 177.52 177.05 176.55 176.01 175.45 174.85 174.22 173.56 172.88 172.16 171.41 170.64 169.83 169.00 168.14 167.25 166.33
148.61 149.39 150.21 151.05 151.93 152.83 153.75 154.68 155.64 156.61 157.59 158.57 159.57 160.56 161.55 162.54 163.53 164.50 165.46 166.41 167.34 168.25 169.14 170.00 170.84 171.64 172.41 173.15 173.86 174.54 175.18 175.79 176.37 176.91 177.41 177.87 178.28 178.65 178.97 179.23 179.44 179.60 179.70 179.75 179.74 179.67 179.57 179.42 179.25 179.03 178.78 178.49 178.17 177.81 177.42 176.99 176.53 176.03 175.50 174.94 174.35 173.72 173.06 172.36 171.64 170.88 170.10 169.28 168.43 167.55 166.64 165.70
146.83 147.57 148.35 149.17 150.01 150.89 151.78 152.70 153.64 154.59 155.55 156.53 157.51 158.50 159.49 160.48 161.47 162.45 163.42 164.38 165.32 166.25 167.15 168.03 168.89 169.72 170.53 171.31 172.06 172.78 173.48 174.14 174.77 175.37 175.93 176.46 176.94 177.37 177.75 178.08 178.35 178.57 178.73 178.83 178.88 178.86 178.79 178.68 178.52 178.33 178.10 177.83 177.52 177.18 176.80 176.38 175.93 175.44 174.92 174.35 173.76 173.13 172.46 171.76 171.03 170.26 169.46 168.62 167.76 166.86 165.93 164.96
145.07 145.78 146.52 147.30 148.12 148.96 149.83 150.72 151.64 152.57 153.52 154.49 155.46 156.44 157.42 158.41 159.40 160.38 161.35 162.32 163.27 164.21 165.13 166.04 166.92 167.78 168.61 169.43 170.22 170.99 171.73 172.44 173.12 173.78 174.40 175.00 175.54 176.04 176.48 176.87 177.20 177.47 177.69 177.85 177.95 177.98 177.96 177.87 177.74 177.57 177.36 177.11 176.82 176.49 176.12 175.71 175.26 174.77 174.25 173.69 173.09 172.45 171.78 171.07 170.33 169.54 168.73 167.87 166.99 166.06 165.11 164.12
143.34 144.01 144.71 145.46 146.24 147.05 147.89 148.76 149.65 150.56 151.49 152.44 153.40 154.37 155.35 156.33 157.31 158.30 159.27 160.24 161.21 162.16 163.09 164.01 164.91 165.80 166.67 167.52 168.35 169.15 169.94 170.70 171.44 172.15 172.83 173.48 174.09 174.65 175.15 175.60 175.98 176.32 176.59 176.80 176.95 177.03 177.05 177.01 176.91 176.76 176.56 176.32 176.05 175.73 175.36 174.96 174.52 174.03 173.51 172.95 172.34 171.70 171.02 170.29 169.54 168.74 167.90 167.03 166.12 165.17 164.19 163.17
141.65 142.27 142.93 143.64 144.38 145.16 145.97 146.81 147.67 148.56 149.47 150.40 151.35 152.30 153.27 154.24 155.22 156.20 157.18 158.15 159.12 160.08 161.03 161.96 162.89 163.80 164.69 165.57 166.44 167.28 168.11 168.92 169.71 170.47 171.21 171.92 172.59 173.21 173.77 174.27 174.71 175.10 175.42 175.68 175.88 176.01 176.08 176.08 176.02 175.89 175.71 175.48 175.22 174.90 174.55 174.15 173.71 173.22 172.70 172.13 171.52 170.86 170.17 169.44 168.66 167.84 166.99 166.09 165.16 164.19 163.17 162.12
139.98 140.56 141.18 141.84 142.54 143.29 144.06 144.87 145.71 146.57 147.46 148.37 149.29 150.23 151.19 152.15 153.12 154.10 155.07 156.05 157.02 157.98 158.94 159.89 160.84 161.77 162.69 163.60 164.50 165.38 166.25 167.10 167.94 168.75 169.55 170.32 171.04 171.72 172.33 172.89 173.38 173.82 174.19 174.50 174.74 174.92 175.04 175.08 175.06 174.96 174.80 174.59 174.33 174.02 173.67 173.27 172.83 172.34 171.81 171.24 170.62 169.95 169.25 168.50 167.70 166.87 165.99 165.07 164.11 163.11 162.06 160.98
138.36 138.88 139.45 140.07 140.73 141.44 142.18 142.95 143.76 144.59 145.46 146.34 147.25 148.17 149.11 150.06 151.02 151.99 152.96 153.93 154.90 155.87 156.84 157.81 158.77 159.72 160.66 161.60 162.53 163.45 164.35 165.25 166.13 166.99 167.84 168.67 169.45 170.18 170.84 171.45 172.00 172.48 172.90 173.26 173.55 173.77 173.92 174.01 174.02 173.97 173.83 173.64 173.38 173.08 172.73 172.33 171.89 171.40 170.86 170.28 169.64 168.97 168.24 167.48 166.66 165.81 164.90 163.96 162.97 161.93 160.86 159.74
136.76 137.24 137.76 138.33 138.95 139.61 140.32 141.05 141.83 142.63 143.46 144.32 145.21 146.11 147.03 147.97 148.92 149.87 150.84 151.81 152.78 153.75 154.73 155.70 156.68 157.65 158.62 159.58 160.54 161.49 162.43 163.36 164.28 165.19 166.09 166.97 167.81 168.59 169.31 169.96 170.56 171.09 171.56 171.96 172.29 172.55 172.75 172.87 172.92 172.90 172.80 172.63 172.39 172.09 171.74 171.34 170.89 170.39 169.84 169.25 168.60 167.91 167.17 166.38 165.55 164.67 163.74 162.76 161.74 160.68 159.56 158.41
135.21 135.63 136.10 136.63 137.20 137.82 138.48 139.18 139.91 140.69 141.49 142.32 143.18 144.06 144.96 145.88 146.81 147.76 148.71 149.68 150.65 151.62 152.60 153.58 154.57 155.56 156.54 157.53 158.51 159.49 160.47 161.44 162.40 163.36 164.31 165.24 166.13 166.96 167.72 168.43 169.07 169.64 170.15 170.60 170.97 171.27 171.50 171.66 171.75 171.76 171.70 171.55 171.33 171.04 170.69 170.29 169.83 169.32 168.76 168.16 167.50 166.79 166.03 165.22 164.36 163.45 162.49 161.49 160.43 159.33 158.18 156.99
