data_processed/recharge/precip/Precip_1986_10.asc
ncols        168
nrows        136
xllcorner    455000
yllcorner    2107000
cellsize     500
NODATA_value     -99999
[rows 102 to 135 of 136, columns 0 to 76 of 168]
73.76 75.45 77.15 78.85 80.54 82.22 83.88 85.53 87.15 88.74 90.33 91.90 93.46 94.99 96.48 97.91 99.20 100.30 101.23 101.96 102.50 102.86 103.08 103.18 103.16 103.02 102.79 102.45 102.02 101.50 100.90 100.22 99.47 98.66 97.78 96.85 95.87 94.85 93.79 92.70 91.58 90.44 89.29 88.12 86.95 85.79 84.63 83.48 82.35 81.25 80.18 79.14 78.14 77.19 76.29 75.45 74.67 73.96 73.33 72.77 72.31 71.93 71.65 71.45 71.29 71.15 71.04 70.96 70.92 70.89 70.80 70.64 70.43 70.15 69.82 69.44 69.06
73.55 75.21 76.89 78.56 80.24 81.91 83.57 85.21 86.83 88.45 90.07 91.69 93.29 94.86 96.40 97.88 99.22 100.39 101.38 102.19 102.81 103.25 103.51 103.63 103.64 103.54 103.33 103.02 102.62 102.14 101.57 100.92 100.21 99.43 98.59 97.69 96.75 95.77 94.74 93.69 92.61 91.51 90.40 89.28 88.15 87.03 85.91 84.81 83.73 82.67 81.64 80.65 79.70 78.80 77.95 77.16 76.44 75.78 75.20 74.70 74.28 73.96 73.72 73.50 73.31 73.14 73.00 72.89 72.81 72.74 72.61 72.42 72.17 71.86 71.49 71.07 70.61
73.32 74.95 76.60 78.26 79.92 81.57 83.22 84.86 86.51 88.17 89.83 91.48 93.12 94.74 96.32 97.85 99.24 100.46 101.52 102.40 103.10 103.63 103.97 104.14 104.18 104.11 103.93 103.65 103.29 102.83 102.30 101.69 101.01 100.27 99.46 98.61 97.70 96.76 95.77 94.76 93.73 92.67 91.60 90.52 89.44 88.36 87.29 86.24 85.20 84.19 83.21 82.27 81.37 80.52 79.72 78.99 78.31 77.71 77.19 76.74 76.38 76.09 75.84 75.59 75.37 75.17 75.00 74.85 74.74 74.63 74.47 74.25 73.96 73.61 73.21 72.75 72.25
73.07 74.67 76.30 77.93 79.57 81.21 82.85 84.51 86.19 87.89 89.59 91.28 92.96 94.61 96.24 97.81 99.25 100.53 101.65 102.60 103.38 103.99 104.43 104.68 104.77 104.73 104.58 104.34 104.01 103.59 103.09 102.52 101.88 101.17 100.41 99.59 98.73 97.82 96.88 95.91 94.92 93.91 92.88 91.85 90.81 89.78 88.76 87.76 86.77 85.81 84.88 83.99 83.15 82.35 81.61 80.92 80.30 79.76 79.29 78.90 78.58 78.28 77.99 77.72 77.47 77.24 77.04 76.86 76.71 76.57 76.37 76.11 75.79 75.41 74.97 74.48 73.94
72.80 74.38 75.97 77.58 79.20 80.83 82.49 84.18 85.89 87.62 89.35 91.08 92.80 94.49 96.15 97.76 99.25 100.59 101.77 102.79 103.65 104.34 104.86 105.21 105.39 105.40 105.30 105.09 104.79 104.41 103.95 103.42 102.81 102.15 101.43 100.65 99.83 98.97 98.07 97.15 96.20 95.23 94.25 93.27 92.28 91.30 90.33 89.37 88.44 87.53 86.65 85.82 85.02 84.28 83.59 82.97 82.41 81.92 81.50 81.15 80.82 80.50 80.19 79.89 79.61 79.35 79.11 78.90 78.72 78.54 78.31 78.02 77.66 77.25 76.78 76.25 75.68
72.51 74.06 75.63 77.21 78.82 80.46 82.14 83.86 85.60 87.36 89.12 90.89 92.64 94.37 96.07 97.72 99.25 100.64 101.88 102.96 103.89 104.67 105.28 105.73 106.00 106.11 106.06 105.89 105.64 105.29 104.87 104.38 103.82 103.19 102.51 101.78 101.00 100.19 99.34 98.46 97.56 96.64 95.71 94.77 93.83 92.90 91.98 91.08 90.20 89.34 88.52 87.74 87.01 86.32 85.69 85.12 84.62 84.19 83.81 83.46 83.10 82.75 82.42 82.09 81.78 81.49 81.23 80.98 80.77 80.56 80.29 79.96 79.57 79.12 78.62 78.06 77.45
72.21 73.72 75.26 76.83 78.44 80.10 81.81 83.56 85.33 87.11 88.91 90.70 92.48 94.25 95.98 97.67 99.24 100.68 101.98 103.13 104.13 104.98 105.68 106.22 106.60 106.81 106.86 106.75 106.54 106.23 105.86 105.40 104.88 104.30 103.67 102.98 102.25 101.48 100.68 99.85 99.00 98.13 97.25 96.36 95.48 94.60 93.73 92.88 92.06 91.26 90.49 89.77 89.09 88.46 87.89 87.38 86.94 86.55 86.17 85.79 85.41 85.04 84.68 84.33 83.99 83.67 83.37 83.10 82.85 82.60 82.30 81.94 81.52 81.03 80.50 79.91 79.27
71.89 73.37 74.88 76.45 78.08 79.77 81.50 83.27 85.06 86.88 88.70 90.52 92.33 94.13 95.90 97.62 99.23 100.72 102.07 103.28 104.35 105.28 106.06 106.69 107.17 107.49 107.65 107.65 107.49 107.23 106.90 106.49 106.02 105.48 104.89 104.25 103.57 102.85 102.10 101.32 100.51 99.70 98.87 98.04 97.21 96.38 95.57 94.78 94.01 93.27 92.56 91.90 91.28 90.71 90.20 89.75 89.35 88.95 88.55 88.15 87.76 87.36 86.97 86.60 86.23 85.88 85.55 85.25 84.97 84.69 84.35 83.95 83.50 82.98 82.41 81.79 81.12
71.55 73.00 74.51 76.10 77.75 79.46 81.21 83.00 84.81 86.65 88.50 90.35 92.19 94.01 95.81 97.57 99.22 100.75 102.15 103.43 104.57 105.57 106.43 107.15 107.73 108.15 108.42 108.53 108.48 108.29 108.00 107.64 107.21 106.73 106.18 105.59 104.96 104.29 103.59 102.86 102.11 101.35 100.57 99.80 99.02 98.25 97.50 96.76 96.05 95.37 94.73 94.12 93.56 93.06 92.61 92.20 91.80 91.39 90.97 90.55 90.13 89.71 89.30 88.89 88.50 88.13 87.77 87.43 87.11 86.80 86.43 86.00 85.51 84.96 84.36 83.71 83.00
71.21 72.65 74.17 75.77 77.44 79.16 80.93 82.74 84.58 86.44 88.31 90.19 92.05 93.91 95.73 97.52 99.21 100.78 102.23 103.56 104.77 105.84 106.79 107.59 108.26 108.78 109.16 109.39 109.47 109.39 109.16 108.85 108.47 108.04 107.54 107.01 106.42 105.81 105.16 104.48 103.79 103.08 102.36 101.64 100.92 100.21 99.52 98.84 98.19 97.57 96.99 96.45 95.95 95.51 95.11 94.70 94.28 93.85 93.41 92.97 92.53 92.09 91.65 91.22 90.80 90.40 90.01 89.64 89.29 88.94 88.54 88.08 87.56 86.98 86.34 85.66 84.92
70.87 72.33 73.86 75.48 77.16 78.90 80.68 82.51 84.37 86.25 88.14 90.04 91.93 93.80 95.66 97.47 99.19 100.81 102.31 103.70 104.96 106.11 107.13 108.02 108.78 109.40 109.88 110.22 110.42 110.47 110.36 110.12 109.80 109.41 108.97 108.48 107.96 107.39 106.80 106.18 105.54 104.89 104.23 103.57 102.91 102.26 101.63 101.01 100.42 99.87 99.35 98.87 98.44 98.04 97.64 97.22 96.78 96.33 95.88 95.42 94.95 94.49 94.03 93.57 93.13 92.70 92.28 91.88 91.50 91.12 90.68 90.19 89.63 89.02 88.36 87.64 86.87
70.58 72.04 73.59 75.21 76.90 78.65 80.45 82.30 84.17 86.07 87.98 89.90 91.81 93.71 95.58 97.42 99.18 100.83 102.38 103.82 105.15 106.36 107.46 108.43 109.28 110.00 110.58 111.04 111.35 111.52 111.55 111.43 111.18 110.85 110.46 110.03 109.56 109.05 108.51 107.95 107.37 106.78 106.18 105.58 104.98 104.39 103.82 103.27 102.75 102.26 101.80 101.39 101.01 100.61 100.19 99.76 99.31 98.84 98.37 97.89 97.40 96.92 96.43 95.95 95.48 95.02 94.58 94.15 93.73 93.32 92.85 92.33 91.74 91.10 90.40 89.65 88.85
70.32 71.78 73.34 74.97 76.67 78.43 80.25 82.10 83.99 85.90 87.83 89.77 91.70 93.62 95.52 97.38 99.17 100.86 102.45 103.94 105.33 106.60 107.77 108.83 109.76 110.57 111.26 111.83 112.26 112.55 112.71 112.73 112.60 112.35 112.02 111.65 111.23 110.78 110.30 109.80 109.28 108.75 108.21 107.67 107.14 106.61 106.11 105.62 105.16 104.74 104.35 103.98 103.60 103.20 102.77 102.32 101.85 101.37 100.88 100.38 99.88 99.37 98.86 98.36 97.86 97.37 96.90 96.44 96.00 95.55 95.05 94.49 93.87 93.20 92.47 91.69 90.86
70.09 71.56 73.12 74.76 76.47 78.24 80.06 81.93 83.83 85.76 87.70 89.65 91.60 93.54 95.46 97.34 99.16 100.88 102.51 104.06 105.50 106.84 108.08 109.21 110.23 111.14 111.92 112.59 113.14 113.56 113.84 114.00 114.01 113.89 113.64 113.33 112.97 112.58 112.16 111.72 111.26 110.79 110.32 109.85 109.38 108.92 108.48 108.06 107.67 107.31 106.97 106.61 106.22 105.81 105.37 104.90 104.42 103.93 103.42 102.90 102.37 101.84 101.31 100.79 100.26 99.75 99.24 98.75 98.28 97.80 97.27 96.68 96.03 95.33 94.57 93.76 92.90
69.91 71.38 72.94 74.58 76.30 78.08 79.91 81.78 83.69 85.63 87.59 89.55 91.52 93.47 95.41 97.31 99.15 100.91 102.58 104.17 105.66 107.07 108.37 109.58 110.68 111.68 112.57 113.34 114.00 114.53 114.95 115.23 115.39 115.41 115.30 115.07 114.78 114.45 114.09 113.72 113.32 112.92 112.51 112.10 111.70 111.31 110.94 110.59 110.26 109.96 109.62 109.26 108.86 108.43 107.98 107.50 107.01 106.50 105.97 105.43 104.89 104.34 103.79 103.23 102.69 102.14 101.61 101.09 100.59 100.08 99.52 98.90 98.21 97.48 96.69 95.85 94.96
69.76 71.23 72.80 74.44 76.16 77.94 79.77 81.66 83.58 85.52 87.49 89.47 91.44 93.41 95.36 97.28 99.15 100.93 102.65 104.28 105.83 107.29 108.66 109.94 111.13 112.21 113.19 114.07 114.83 115.49 116.02 116.44 116.74 116.91 116.95 116.86 116.65 116.39 116.09 115.78 115.45 115.12 114.77 114.43 114.10 113.78 113.48 113.20 112.93 112.63 112.29 111.92 111.51 111.07 110.61 110.12 109.61 109.08 108.54 107.99 107.42 106.85 106.28 105.70 105.13 104.56 104.00 103.45 102.92 102.38 101.78 101.13 100.42 99.65 98.84 97.97 97.05
69.66 71.12 72.68 74.33 76.05 77.83 79.67 81.56 83.48 85.44 87.41 89.40 91.38 93.36 95.33 97.27 99.15 100.96 102.71 104.39 105.98 107.50 108.94 110.29 111.55 112.73 113.80 114.78 115.65 116.42 117.08 117.62 118.06 118.37 118.56 118.63 118.56 118.39 118.17 117.92 117.66 117.39 117.12 116.85 116.59 116.34 116.11 115.88 115.62 115.31 114.97 114.59 114.18 113.73 113.25 112.75 112.23 111.69 111.13 110.56 109.97 109.38 108.78 108.19 107.59 106.99 106.41 105.83 105.27 104.70 104.07 103.39 102.65 101.85 101.00 100.10 99.16
69.59 71.05 72.61 74.25 75.97 77.75 79.59 81.48 83.41 85.37 87.35 89.34 91.34 93.33 95.31 97.26 99.16 101.00 102.78 104.49 106.14 107.71 109.21 110.63 111.97 113.23 114.39 115.47 116.45 117.33 118.11 118.78 119.35 119.80 120.14 120.36 120.46 120.44 120.31 120.13 119.94 119.74 119.54 119.34 119.15 118.97 118.80 118.58 118.32 118.01 117.66 117.28 116.85 116.40 115.91 115.40 114.86 114.31 113.73 113.14 112.54 111.93 111.31 110.69 110.07 109.45 108.83 108.23 107.63 107.03 106.38 105.66 104.89 104.07 103.19 102.26 101.29
69.57 71.02 72.57 74.21 75.92 77.70 79.54 81.43 83.36 85.33 87.31 89.31 91.31 93.31 95.29 97.25 99.17 101.04 102.85 104.60 106.29 107.92 109.48 110.97 112.38 113.72 114.97 116.14 117.22 118.21 119.11 119.91 120.61 121.20 121.69 122.06 122.32 122.47 122.49 122.41 122.30 122.17 122.04 121.91 121.80 121.67 121.51 121.29 121.03 120.72 120.37 119.97 119.54 119.08 118.58 118.06 117.51 116.94 116.35 115.74 115.12 114.49 113.85 113.20 112.56 111.91 111.27 110.64 110.02 109.38 108.70 107.96 107.16 106.30 105.39 104.44 103.43
69.58 71.03 72.57 74.20 75.91 77.69 79.52 81.41 83.34 85.30 87.29 89.29 91.30 93.30 95.29 97.26 99.20 101.08 102.92 104.71 106.45 108.12 109.74 111.29 112.78 114.19 115.54 116.80 117.98 119.08 120.09 121.02 121.84 122.57 123.20 123.73 124.15 124.46 124.66 124.74 124.72 124.67 124.61 124.56 124.50 124.39 124.23 124.01 123.75 123.43 123.08 122.68 122.24 121.77 121.26 120.73 120.16 119.58 118.97 118.35 117.71 117.06 116.40 115.73 115.06 114.39 113.73 113.07 112.41 111.75 111.04 110.27 109.44 108.55 107.62 106.63 105.60
69.65 71.08 72.61 74.23 75.93 77.70 79.54 81.42 83.35 85.31 87.29 89.30 91.30 93.31 95.31 97.28 99.23 101.13 103.00 104.82 106.60 108.33 110.00 111.61 113.17 114.66 116.09 117.44 118.72 119.93 121.05 122.10 123.05 123.92 124.69 125.37 125.94 126.42 126.78 127.04 127.19 127.24 127.26 127.27 127.22 127.12 126.96 126.74 126.47 126.16 125.79 125.39 124.95 124.46 123.95 123.40 122.83 122.23 121.61 120.97 120.31 119.64 118.96 118.27 117.58 116.89 116.19 115.51 114.83 114.13 113.39 112.59 111.73 110.82 109.86 108.84 107.78
69.75 71.17 72.69 74.30 75.99 77.76 79.58 81.46 83.38 85.34 87.32 89.32 91.33 93.34 95.34 97.32 99.27 101.19 103.08 104.94 106.75 108.53 110.25 111.93 113.55 115.12 116.63 118.07 119.45 120.76 122.00 123.16 124.24 125.24 126.15 126.97 127.70 128.34 128.87 129.31 129.63 129.85 129.96 129.99 129.95 129.85 129.69 129.47 129.20 128.88 128.52 128.11 127.66 127.17 126.64 126.09 125.50 124.89 124.25 123.60 122.92 122.23 121.53 120.82 120.11 119.39 118.67 117.96 117.25 116.53 115.76 114.93 114.04 113.10 112.11 111.07 109.98
69.90 71.31 72.81 74.41 76.09 77.84 79.65 81.52 83.44 85.39 87.37 89.37 91.37 93.38 95.38 97.36 99.32 101.26 103.18 105.06 106.91 108.73 110.50 112.24 113.93 115.57 117.16 118.69 120.16 121.57 122.92 124.19 125.40 126.53 127.58 128.55 129.43 130.22 130.93 131.53 132.04 132.43 132.65 132.71 132.68 132.58 132.42 132.20 131.94 131.61 131.25 130.83 130.37 129.88 129.34 128.78 128.18 127.55 126.90 126.23 125.54 124.83 124.11 123.38 122.64 121.90 121.16 120.42 119.68 118.93 118.13 117.27 116.36 115.39 114.37 113.30 112.19
70.10 71.49 72.98 74.56 76.22 77.96 79.76 81.62 83.53 85.47 87.44 89.43 91.44 93.44 95.44 97.42 99.39 101.34 103.27 105.18 107.07 108.93 110.75 112.55 114.30 116.01 117.67 119.29 120.86 122.37 123.82 125.21 126.54 127.79 128.98 130.09 131.12 132.08 132.94 133.72 134.39 134.90 135.24 135.40 135.40 135.31 135.15 134.94 134.67 134.35 133.97 133.56 133.09 132.59 132.05 131.47 130.86 130.22 129.56 128.87 128.16 127.44 126.70 125.95 125.19 124.42 123.66 122.89 122.12 121.35 120.52 119.63 118.69 117.69 116.65 115.55 114.41
70.35 71.71 73.18 74.75 76.40 78.12 79.91 81.75 83.65 85.58 87.54 89.53 91.52 93.52 95.51 97.49 99.46 101.43 103.38 105.32 107.23 109.13 111.01 112.85 114.66 116.44 118.18 119.88 121.54 123.15 124.70 126.21 127.65 129.04 130.35 131.61 132.79 133.89 134.92 135.85 136.64 137.26 137.71 137.99 138.10 138.04 137.89 137.67 137.40 137.08 136.70 136.28 135.81 135.30 134.75 134.17 133.55 132.90 132.22 131.52 130.79 130.05 129.29 128.52 127.74 126.95 126.16 125.36 124.57 123.77 122.91 121.99 121.02 120.00 118.93 117.81 116.64
70.64 71.99 73.44 74.98 76.61 78.31 80.09 81.92 83.80 85.72 87.67 89.64 91.63 93.62 95.61 97.58 99.56 101.53 103.49 105.45 107.40 109.34 111.26 113.15 115.03 116.87 118.69 120.47 122.21 123.91 125.57 127.18 128.75 130.25 131.70 133.10 134.42 135.68 136.85 137.89 138.77 139.50 140.07 140.47 140.69 140.73 140.62 140.41 140.14 139.81 139.43 139.01 138.53 138.02 137.46 136.86 136.23 135.57 134.88 134.16 133.42 132.66 131.89 131.09 130.29 129.48 128.66 127.85 127.03 126.19 125.31 124.37 123.37 122.32 121.22 120.07 118.88
70.98 72.30 73.73 75.25 76.86 78.55 80.30 82.11 83.98 85.88 87.82 89.78 91.76 93.74 95.72 97.69 99.66 101.64 103.62 105.60 107.58 109.55 111.51 113.46 115.39 117.29 119.18 121.04 122.87 124.67 126.43 128.14 129.82 131.45 133.03 134.56 136.03 137.42 138.69 139.82 140.80 141.63 142.31 142.82 143.16 143.32 143.31 143.13 142.87 142.54 142.16 141.73 141.25 140.73 140.16 139.56 138.92 138.25 137.54 136.81 136.05 135.28 134.48 133.67 132.85 132.01 131.17 130.33 129.48 128.62 127.71 126.74 125.72 124.64 123.52 122.35 121.13
71.38 72.67 74.07 75.57 77.15 78.82 80.55 82.35 84.19 86.08 88.00 89.95 91.92 93.88 95.85 97.81 99.78 101.76 103.76 105.76 107.76 109.76 111.76 113.76 115.74 117.71 119.67 121.61 123.52 125.41 127.26 129.09 130.88 132.63 134.33 135.99 137.58 139.07 140.42 141.64 142.71 143.65 144.42 145.05 145.50 145.79 145.90 145.82 145.59 145.26 144.88 144.45 143.97 143.44 142.87 142.25 141.60 140.92 140.20 139.46 138.69 137.89 137.08 136.25 135.40 134.55 133.68 132.82 131.94 131.06 130.12 129.12 128.07 126.97 125.82 124.62 123.38
71.82 73.09 74.46 75.93 77.49 79.13 80.84 82.62 84.44 86.31 88.22 90.15 92.10 94.05 96.01 97.95 99.92 101.90 103.91 105.92 107.95 109.98 112.02 114.06 116.10 118.13 120.15 122.16 124.16 126.13 128.09 130.01 131.91 133.78 135.61 137.38 139.06 140.61 142.05 143.35 144.52 145.55 146.43 147.15 147.72 148.12 148.35 148.40 148.27 147.98 147.60 147.16 146.68 146.14 145.56 144.94 144.28 143.59 142.86 142.10 141.32 140.51 139.67 138.82 137.96 137.08 136.20 135.30 134.41 133.49 132.53 131.50 130.43 129.30 128.12 126.90 125.63
72.32 73.55 74.90 76.34 77.87 79.48 81.17 82.92 84.72 86.57 88.46 90.37 92.30 94.24 96.18 98.12 100.07 102.06 104.07 106.10 108.15 110.21 112.28 114.37 116.46 118.54 120.63 122.71 124.79 126.85 128.90 130.93 132.93 134.92 136.85 138.70 140.44 142.06 143.57 144.96 146.21 147.33 148.31 149.14 149.81 150.32 150.67 150.85 150.84 150.66 150.31 149.87 149.38 148.84 148.26 147.63 146.96 146.25 145.51 144.74 143.94 143.11 142.27 141.40 140.51 139.61 138.71 137.79 136.87 135.93 134.93 133.89 132.78 131.63 130.43 129.18 127.89
72.87 74.07 75.38 76.79 78.29 79.88 81.54 83.26 85.04 86.87 88.73 90.62 92.53 94.46 96.38 98.30 100.25 102.23 104.24 106.29 108.35 110.44 112.55 114.68 116.81 118.96 121.11 123.26 125.41 127.56 129.70 131.82 133.94 136.01 138.01 139.92 141.72 143.41 144.99 146.46 147.80 149.00 150.07 151.00 151.78 152.40 152.86 153.15 153.27 153.22 152.98 152.57 152.08 151.53 150.94 150.31 149.63 148.91 148.16 147.38 146.56 145.72 144.85 143.97 143.06 142.14 141.21 140.27 139.32 138.36 137.34 136.27 135.14 133.96 132.74 131.46 130.15
73.47 74.64 75.91 77.29 78.76 80.32 81.95 83.65 85.40 87.20 89.04 90.91 92.80 94.70 96.60 98.50 100.44 102.42 104.43 106.49 108.57 110.69 112.83 114.99 117.17 119.37 121.58 123.80 126.03 128.26 130.48 132.71 134.91 137.04 139.08 141.04 142.90 144.66 146.31 147.85 149.27 150.56 151.72 152.74 153.62 154.34 154.91 155.32 155.57 155.63 155.52 155.22 154.76 154.22 153.62 152.98 152.29 151.56 150.80 150.00 149.17 148.32 147.44 146.53 145.61 144.67 143.71 142.75 141.78 140.79 139.74 138.64 137.49 136.29 135.04 133.74 132.40
74.13 75.26 76.50 77.84 79.28 80.80 82.40 84.07 85.79 87.56 89.38 91.22 93.09 94.96 96.84 98.73 100.65 102.62 104.64 106.70 108.80 110.94 113.11 115.31 117.54 119.78 122.05 124.34 126.64 128.95 131.26 133.56 135.81 137.98 140.07 142.08 143.99 145.81 147.53 149.14 150.63 152.00 153.25 154.36 155.33 156.16 156.84 157.36 157.72 157.90 157.92 157.75 157.40 156.89 156.28 155.63 154.94 154.20 153.43 152.62 151.78 150.91 150.01 149.09 148.15 147.18 146.21 145.22 144.23 143.21 142.14 141.02 139.84 138.61 137.34 136.02 134.65
74.84 75.93 77.13 78.44 79.84 81.33 82.90 84.53 86.22 87.97 89.75 91.57 93.41 95.26 97.12 98.98 100.89 102.85 104.86 106.93 109.04 111.20 113.40 115.63 117.90 120.20 122.52 124.87 127.24 129.63 132.01 134.35 136.62 138.83 140.96 143.02 144.99 146.86 148.64 150.31 151.88 153.33 154.65 155.85 156.92 157.85 158.63 159.25 159.73 160.03 160.17 160.13 159.91 159.51 158.94 158.28 157.58 156.84 156.05 155.23 154.37 153.49 152.57 151.64 150.67 149.69 148.70 147.69 146.67 145.62 144.53 143.38 142.18 140.93 139.63 138.29 136.90
