data_processed/recharge/precip/Precip_1990_08.asc
ncols        168
nrows        136
xllcorner    455000
yllcorner    2107000
cellsize     500
NODATA_value     -99999
[rows 0 to 31 of 136, columns 0 to 70 of 168]
282.42 279.56 276.60 273.56 270.43 267.21 263.92 260.54 257.09 253.56 249.97 246.31 242.58 238.79 234.95 231.04 227.09 223.09 219.06 215.09 211.22 207.46 203.79 200.23 196.76 193.38 190.10 186.91 183.79 180.76 177.79 174.89 172.04 169.25 166.50 163.79 161.13 158.54 156.02 153.57 151.18 148.87 146.62 144.43 142.32 140.27 138.29 136.38 134.53 132.75 131.04 129.39 127.80 126.28 124.83 123.44 122.11 120.85 119.66 118.52 117.45 116.45 115.51 114.63 113.81 113.05 112.36 111.73 111.16 110.65 110.20
283.31 280.50 277.59 274.60 271.52 268.37 265.13 261.81 258.43 254.97 251.44 247.86 244.21 240.50 236.73 232.91 229.05 225.13 221.18 217.20 213.28 209.48 205.77 202.18 198.68 195.29 191.99 188.79 185.66 182.61 179.63 176.71 173.84 171.02 168.24 165.52 162.86 160.27 157.75 155.30 152.91 150.59 148.34 146.16 144.04 141.99 140.00 138.08 136.22 134.43 132.71 131.05 129.45 127.92 126.46 125.05 123.71 122.44 121.22 120.07 118.99 117.96 117.00 116.10 115.26 114.48 113.76 113.11 112.51 111.98 111.50
284.11 281.34 278.49 275.55 272.53 269.43 266.26 263.01 259.69 256.30 252.85 249.34 245.76 242.14 238.45 234.72 230.95 227.12 223.26 219.36 215.44 211.59 207.85 204.23 200.71 197.29 193.98 190.77 187.64 184.58 181.58 178.63 175.74 172.90 170.11 167.39 164.73 162.14 159.62 157.17 154.78 152.46 150.20 148.01 145.89 143.83 141.84 139.91 138.04 136.24 134.51 132.84 131.23 129.68 128.20 126.78 125.43 124.14 122.90 121.74 120.63 119.58 118.60 117.68 116.81 116.01 115.27 114.59 113.97 113.41 112.91
284.81 282.10 279.30 276.42 273.46 270.42 267.31 264.13 260.88 257.56 254.18 250.75 247.26 243.71 240.12 236.47 232.79 229.06 225.29 221.49 217.66 213.81 210.04 206.38 202.84 199.41 196.09 192.87 189.72 186.65 183.63 180.67 177.76 174.91 172.12 169.39 166.74 164.15 161.63 159.17 156.78 154.45 152.19 150.00 147.86 145.80 143.80 141.86 139.98 138.17 136.43 134.74 133.12 131.56 130.06 128.63 127.26 125.95 124.70 123.51 122.38 121.32 120.31 119.36 118.48 117.65 116.88 116.18 115.53 114.94 114.41
285.42 282.76 280.02 277.20 274.30 271.32 268.28 265.17 261.99 258.75 255.45 252.10 248.69 245.23 241.72 238.17 234.58 230.94 227.28 223.58 219.85 216.09 212.33 208.64 205.08 201.63 198.29 195.07 191.91 188.83 185.80 182.82 179.90 177.05 174.26 171.53 168.88 166.29 163.76 161.30 158.90 156.57 154.31 152.10 149.96 147.89 145.88 143.93 142.04 140.22 138.46 136.76 135.13 133.55 132.04 130.59 129.20 127.87 126.60 125.39 124.24 123.15 122.12 121.15 120.24 119.39 118.60 117.86 117.18 116.57 116.00
285.94 283.34 280.65 277.89 275.06 272.15 269.18 266.14 263.03 259.87 256.65 253.38 250.06 246.68 243.27 239.81 236.31 232.78 229.21 225.62 221.99 218.35 214.68 211.01 207.42 203.96 200.61 197.38 194.22 191.12 188.08 185.09 182.17 179.32 176.53 173.80 171.15 168.55 166.02 163.56 161.16 158.82 156.54 154.33 152.19 150.10 148.08 146.12 144.22 142.38 140.61 138.90 137.25 135.65 134.12 132.65 131.24 129.89 128.60 127.37 126.20 125.09 124.04 123.04 122.10 121.22 120.40 119.64 118.93 118.28 117.69
286.37 283.83 281.20 278.51 275.74 272.90 270.00 267.03 264.01 260.93 257.79 254.60 251.37 248.09 244.76 241.40 238.00 234.57 231.11 227.62 224.10 220.57 217.01 213.44 209.88 206.40 203.05 199.81 196.64 193.53 190.48 187.49 184.57 181.72 178.93 176.20 173.54 170.94 168.41 165.94 163.53 161.18 158.90 156.68 154.52 152.43 150.39 148.42 146.51 144.66 142.87 141.14 139.47 137.86 136.31 134.82 133.39 132.02 130.71 129.46 128.26 127.13 126.05 125.02 124.06 123.15 122.30 121.51 120.77 120.09 119.47
286.72 284.24 281.68 279.05 276.35 273.58 270.75 267.86 264.92 261.92 258.86 255.76 252.62 249.43 246.20 242.94 239.64 236.31 232.96 229.58 226.17 222.75 219.31 215.86 212.40 208.95 205.59 202.35 199.17 196.06 193.01 190.02 187.10 184.25 181.45 178.72 176.06 173.45 170.91 168.44 166.02 163.67 161.37 159.14 156.97 154.87 152.82 150.83 148.91 147.04 145.24 143.49 141.80 140.18 138.61 137.10 135.65 134.25 132.92 131.64 130.42 129.26 128.15 127.10 126.11 125.17 124.29 123.47 122.70 121.99 121.33
286.98 284.56 282.07 279.51 276.88 274.19 271.43 268.62 265.76 262.85 259.88 256.87 253.82 250.73 247.60 244.43 241.24 238.02 234.77 231.50 228.21 224.90 221.58 218.26 214.92 211.58 208.25 205.01 201.83 198.72 195.67 192.68 189.76 186.90 184.10 181.37 178.69 176.08 173.54 171.05 168.63 166.26 163.96 161.72 159.54 157.42 155.35 153.35 151.41 149.53 147.71 145.94 144.24 142.59 141.00 139.47 137.99 136.58 135.22 133.91 132.67 131.48 130.34 129.27 128.24 127.28 126.37 125.51 124.71 123.96 123.27
287.14 284.79 282.37 279.88 277.32 274.71 272.03 269.31 266.53 263.70 260.83 257.91 254.95 251.96 248.93 245.87 242.78 239.67 236.53 233.38 230.20 227.02 223.82 220.62 217.41 214.20 210.98 207.77 204.59 201.47 198.42 195.43 192.51 189.64 186.84 184.10 181.43 178.81 176.25 173.76 171.32 168.95 166.63 164.38 162.19 160.05 157.97 155.96 154.00 152.10 150.26 148.47 146.75 145.08 143.47 141.91 140.41 138.97 137.59 136.26 134.99 133.77 132.61 131.50 130.45 129.45 128.50 127.61 126.78 126.00 125.27
287.09 284.80 282.46 280.04 277.57 275.04 272.45 269.81 267.13 264.39 261.62 258.80 255.94 253.06 250.13 247.19 244.21 241.21 238.19 235.16 232.11 229.05 225.98 222.91 219.84 216.76 213.65 210.48 207.32 204.20 201.15 198.16 195.23 192.36 189.55 186.81 184.12 181.50 178.93 176.43 173.98 171.60 169.27 167.01 164.80 162.65 160.56 158.52 156.55 154.63 152.77 150.96 149.22 147.53 145.89 144.32 142.79 141.33 139.92 138.56 137.26 136.01 134.82 133.69 132.60 131.57 130.60 129.67 128.80 127.99 127.22
286.76 284.56 282.30 279.97 277.59 275.15 272.66 270.12 267.53 264.90 262.23 259.52 256.78 254.00 251.20 248.37 245.51 242.64 239.75 236.84 233.93 231.00 228.07 225.14 222.21 219.23 216.17 213.06 209.94 206.84 203.78 200.79 197.86 194.98 192.17 189.42 186.73 184.10 181.52 179.01 176.55 174.16 171.82 169.54 167.32 165.15 163.04 160.99 159.00 157.06 155.18 153.36 151.59 149.88 148.22 146.62 145.08 143.59 142.15 140.77 139.44 138.16 136.94 135.78 134.66 133.60 132.59 131.63 130.73 129.88 129.08
286.19 284.08 281.91 279.68 277.40 275.06 272.67 270.24 267.76 265.24 262.68 260.09 257.47 254.81 252.13 249.43 246.71 243.97 241.21 238.45 235.67 232.89 230.11 227.32 224.49 221.57 218.57 215.50 212.43 209.37 206.33 203.33 200.39 197.52 194.70 191.94 189.24 186.60 184.02 181.49 179.03 176.62 174.27 171.98 169.74 167.56 165.44 163.37 161.36 159.40 157.51 155.66 153.87 152.14 150.46 148.84 147.27 145.75 144.29 142.88 141.52 140.22 138.97 137.77 136.62 135.53 134.49 133.50 132.56 131.67 130.83
285.40 283.39 281.32 279.20 277.02 274.79 272.51 270.19 267.83 265.43 263.00 260.53 258.04 255.52 252.97 250.40 247.82 245.22 242.61 239.99 237.36 234.74 232.10 229.42 226.65 223.78 220.82 217.81 214.78 211.77 208.77 205.78 202.84 199.96 197.14 194.37 191.66 189.01 186.42 183.89 181.41 178.99 176.63 174.32 172.07 169.88 167.74 165.66 163.63 161.65 159.74 157.87 156.06 154.31 152.61 150.96 149.36 147.82 146.33 144.89 143.51 142.18 140.90 139.67 138.49 137.37 136.29 135.27 134.29 133.37 132.50
284.41 282.50 280.54 278.53 276.47 274.36 272.20 270.01 267.77 265.50 263.20 260.87 258.51 256.13 253.72 251.30 248.86 246.42 243.96 241.49 239.03 236.55 234.03 231.41 228.68 225.86 222.96 219.99 217.01 214.04 211.08 208.13 205.20 202.31 199.48 196.71 194.00 191.34 188.74 186.20 183.71 181.28 178.90 176.58 174.32 172.11 169.95 167.85 165.81 163.81 161.88 159.99 158.16 156.38 154.66 152.99 151.37 149.80 148.29 146.82 145.41 144.05 142.74 141.48 140.27 139.11 138.00 136.95 135.94 134.98 134.07
283.23 281.44 279.60 277.71 275.77 273.79 271.76 269.70 267.60 265.47 263.31 261.12 258.90 256.67 254.41 252.15 249.87 247.58 245.28 242.98 240.67 238.32 235.85 233.28 230.60 227.83 224.97 222.04 219.11 216.19 213.27 210.36 207.46 204.58 201.75 198.97 196.25 193.58 190.97 188.42 185.92 183.48 181.09 178.75 176.48 174.25 172.08 169.96 167.90 165.89 163.93 162.02 160.17 158.37 156.63 154.93 153.29 151.69 150.15 148.66 147.22 145.83 144.49 143.20 141.96 140.77 139.63 138.54 137.49 136.50 135.55
281.89 280.23 278.52 276.76 274.95 273.10 271.21 269.29 267.34 265.35 263.34 261.30 259.24 257.16 255.07 252.96 250.84 248.72 246.59 244.46 242.27 239.97 237.55 235.03 232.39 229.67 226.85 223.98 221.09 218.21 215.33 212.46 209.61 206.76 203.93 201.15 198.42 195.74 193.12 190.56 188.05 185.59 183.19 180.84 178.55 176.31 174.12 171.99 169.90 167.88 165.90 163.97 162.10 160.28 158.51 156.79 155.12 153.50 151.93 150.41 148.94 147.52 146.15 144.83 143.56 142.34 141.16 140.04 138.96 137.93 136.94
280.41 278.89 277.31 275.69 274.02 272.32 270.58 268.80 267.00 265.17 263.31 261.43 259.54 257.62 255.70 253.76 251.82 249.87 247.92 245.91 243.77 241.52 239.15 236.66 234.08 231.40 228.63 225.80 222.96 220.12 217.28 214.45 211.63 208.82 206.02 203.24 200.50 197.82 195.19 192.62 190.09 187.63 185.21 182.85 180.54 178.29 176.08 173.93 171.83 169.78 167.78 165.84 163.94 162.10 160.30 158.56 156.87 155.22 153.63 152.08 150.58 149.13 147.73 146.38 145.08 143.82 142.61 141.45 140.34 139.27 138.25
278.82 277.43 276.00 274.52 273.01 271.46 269.87 268.25 266.61 264.94 263.25 261.54 259.82 258.08 256.33 254.57 252.81 251.05 249.21 247.26 245.17 242.96 240.63 238.19 235.65 233.02 230.30 227.51 224.71 221.91 219.12 216.33 213.54 210.76 208.00 205.24 202.51 199.82 197.18 194.60 192.06 189.58 187.15 184.78 182.46 180.18 177.96 175.79 173.68 171.61 169.59 167.62 165.71 163.84 162.02 160.25 158.53 156.86 155.24 153.67 152.14 150.66 149.23 147.85 146.51 145.23 143.98 142.79 141.64 140.53 139.48
277.12 275.88 274.60 273.28 271.93 270.54 269.12 267.67 266.19 264.70 263.18 261.65 260.10 258.55 256.98 255.42 253.84 252.20 250.42 248.51 246.47 244.30 242.02 239.62 237.13 234.54 231.86 229.12 226.36 223.60 220.84 218.09 215.34 212.60 209.86 207.14 204.43 201.74 199.09 196.50 193.95 191.46 189.02 186.63 184.29 182.00 179.77 177.58 175.44 173.36 171.32 169.33 167.39 165.50 163.66 161.87 160.12 158.43 156.78 155.17 153.62 152.11 150.65 149.24 147.87 146.55 145.27 144.04 142.86 141.72 140.62
275.35 274.27 273.15 272.00 270.81 269.59 268.34 267.06 265.77 264.45 263.12 261.77 260.42 259.05 257.68 256.30 254.86 253.27 251.54 249.67 247.67 245.54 243.30 240.95 238.50 235.95 233.32 230.62 227.91 225.19 222.47 219.75 217.04 214.33 211.62 208.93 206.25 203.58 200.93 198.33 195.77 193.27 190.81 188.41 186.05 183.75 181.50 179.29 177.14 175.03 172.97 170.96 169.00 167.09 165.22 163.41 161.64 159.91 158.24 156.61 155.02 153.49 151.99 150.55 149.15 147.79 146.48 145.22 144.00 142.82 141.69
273.51 272.60 271.66 270.68 269.66 268.62 267.55 266.46 265.35 264.23 263.09 261.93 260.77 259.61 258.44 257.19 255.80 254.25 252.56 250.74 248.78 246.70 244.50 242.19 239.78 237.28 234.68 232.03 229.35 226.67 223.99 221.31 218.63 215.95 213.28 210.62 207.96 205.32 202.69 200.08 197.52 195.00 192.53 190.11 187.74 185.42 183.15 180.93 178.75 176.63 174.55 172.52 170.54 168.60 166.71 164.87 163.07 161.32 159.62 157.96 156.35 154.78 153.26 151.78 150.35 148.96 147.62 146.32 145.06 143.85 142.68
271.65 270.91 270.15 269.35 268.52 267.66 266.78 265.89 264.97 264.04 263.10 262.15 261.20 260.24 259.20 258.01 256.65 255.15 253.50 251.72 249.80 247.76 245.60 243.34 240.97 238.51 235.96 233.34 230.71 228.07 225.42 222.77 220.13 217.48 214.84 212.20 209.57 206.96 204.35 201.76 199.19 196.66 194.18 191.75 189.36 187.03 184.74 182.50 180.30 178.16 176.06 174.01 172.00 170.04 168.13 166.26 164.44 162.66 160.93 159.25 157.61 156.01 154.46 152.95 151.48 150.06 148.68 147.34 146.05 144.80 143.59
269.76 269.22 268.63 268.03 267.39 266.73 266.05 265.36 264.64 263.92 263.19 262.45 261.71 260.88 259.90 258.74 257.43 255.97 254.36 252.62 250.74 248.74 246.63 244.40 242.08 239.65 237.14 234.57 231.97 229.37 226.76 224.15 221.53 218.92 216.30 213.70 211.09 208.50 205.92 203.35 200.79 198.26 195.76 193.31 190.91 188.56 186.26 184.00 181.78 179.62 177.50 175.43 173.40 171.42 169.48 167.59 165.74 163.94 162.18 160.46 158.79 157.16 155.58 154.04 152.54 151.08 149.67 148.30 146.97 145.68 144.44
267.89 267.53 267.15 266.74 266.30 265.85 265.38 264.89 264.39 263.88 263.37 262.84 262.24 261.47 260.52 259.41 258.14 256.72 255.15 253.44 251.61 249.65 247.57 245.39 243.10 240.72 238.25 235.71 233.16 230.59 228.02 225.44 222.85 220.27 217.68 215.10 212.52 209.95 207.39 204.84 202.30 199.78 197.28 194.82 192.40 190.03 187.71 185.43 183.20 181.01 178.87 176.78 174.73 172.72 170.76 168.84 166.97 165.14 163.35 161.61 159.91 158.25 156.64 155.06 153.53 152.04 150.59 149.19 147.82 146.50 145.21
266.03 265.88 265.70 265.50 265.28 265.03 264.78 264.51 264.23 263.95 263.65 263.27 262.72 261.99 261.08 260.01 258.77 257.39 255.86 254.20 252.40 250.48 248.44 246.30 244.05 241.71 239.27 236.78 234.26 231.73 229.19 226.64 224.09 221.53 218.97 216.42 213.86 211.31 208.77 206.24 203.72 201.21 198.72 196.26 193.82 191.44 189.10 186.80 184.55 182.34 180.18 178.07 175.99 173.96 171.98 170.03 168.13 166.28 164.46 162.69 160.96 159.27 157.63 156.02 154.46 152.93 151.45 150.01 148.61 147.25 145.92
264.23 264.29 264.32 264.34 264.33 264.31 264.28 264.24 264.19 264.13 263.98 263.65 263.14 262.44 261.57 260.54 259.35 258.00 256.51 254.88 253.12 251.24 249.24 247.13 244.92 242.62 240.23 237.77 235.29 232.79 230.28 227.77 225.24 222.72 220.18 217.65 215.12 212.60 210.07 207.56 205.06 202.56 200.09 197.63 195.19 192.78 190.43 188.11 185.84 183.61 181.43 179.29 177.20 175.14 173.13 171.16 169.24 167.35 165.51 163.71 161.95 160.23 158.55 156.92 155.32 153.76 152.25 150.77 149.33 147.93 146.57
262.49 262.77 263.03 263.27 263.49 263.70 263.90 264.09 264.27 264.36 264.27 263.98 263.50 262.84 262.01 261.01 259.86 258.55 257.09 255.50 253.78 251.94 249.98 247.91 245.73 243.47 241.11 238.69 236.25 233.78 231.31 228.82 226.33 223.83 221.32 218.81 216.31 213.80 211.30 208.80 206.31 203.83 201.37 198.92 196.48 194.07 191.69 189.36 187.07 184.83 182.62 180.46 178.34 176.26 174.23 172.23 170.28 168.37 166.50 164.67 162.88 161.13 159.42 157.75 156.12 154.53 152.98 151.46 149.99 148.55 147.15
260.84 261.35 261.84 262.31 262.77 263.22 263.66 264.09 264.42 264.57 264.51 264.25 263.81 263.19 262.39 261.43 260.31 259.04 257.62 256.07 254.38 252.57 250.65 248.62 246.48 244.25 241.93 239.55 237.14 234.71 232.27 229.81 227.34 224.87 222.39 219.90 217.42 214.93 212.44 209.96 207.49 205.03 202.57 200.13 197.70 195.29 192.91 190.56 188.25 185.98 183.75 181.57 179.43 177.33 175.27 173.25 171.27 169.33 167.43 165.57 163.75 161.97 160.23 158.53 156.86 155.24 153.65 152.10 150.59 149.11 147.67
259.30 260.05 260.78 261.49 262.19 262.89 263.57 264.16 264.54 264.72 264.70 264.48 264.07 263.49 262.73 261.80 260.72 259.48 258.10 256.58 254.93 253.16 251.27 249.27 247.17 244.98 242.69 240.35 237.97 235.57 233.16 230.73 228.29 225.84 223.39 220.93 218.46 215.99 213.52 211.06 208.60 206.15 203.70 201.27 198.85 196.45 194.06 191.70 189.37 187.08 184.83 182.63 180.46 178.33 176.25 174.20 172.20 170.23 168.30 166.42 164.57 162.76 160.98 159.25 157.55 155.89 154.27 152.68 151.13 149.62 148.14
257.90 258.89 259.86 260.83 261.78 262.73 263.57 264.20 264.62 264.84 264.85 264.66 264.29 263.74 263.01 262.12 261.07 259.87 258.52 257.04 255.43 253.69 251.83 249.87 247.81 245.65 243.40 241.09 238.74 236.38 234.00 231.60 229.18 226.76 224.33 221.88 219.44 216.99 214.54 212.09 209.64 207.20 204.76 202.34 199.93 197.53 195.14 192.78 190.44 188.13 185.86 183.63 181.44 179.29 177.18 175.11 173.08 171.08 169.13 167.21 165.33 163.49 161.68 159.91 158.18 156.49 154.83 153.20 151.62 150.07 148.55
256.64 257.88 259.11 260.34 261.55 262.65 263.55 264.22 264.67 264.92 264.96 264.81 264.47 263.95 263.26 262.40 261.39 260.22 258.91 257.46 255.88 254.17 252.35 250.42 248.39 246.27 244.06 241.78 239.46 237.13 234.78 232.41 230.02 227.62 225.21 222.79 220.36 217.93 215.49 213.05 210.62 208.19 205.76 203.35 200.94 198.54 196.16 193.79 191.45 189.12 186.83 184.58 182.37 180.20 178.06 175.96 173.90 171.88 169.90 167.95 166.04 164.16 162.33 160.53 158.76 157.03 155.34 153.68 152.05 150.47 148.92
