data_processed/recharge/precip/Precip_1985_04.asc
ncols        168
nrows        136
xllcorner    455000
yllcorner    2107000
cellsize     500
NODATA_value     -99999
[rows 34 to 67 of 136, columns 0 to 76 of 168]
47.97 49.94 52.15 54.57 57.16 59.88 62.70 65.60 68.53 71.46 74.35 77.18 79.91 82.57 85.33 88.28 91.33 94.41 97.33 99.56 100.95 101.53 101.36 100.59 99.59 98.50 97.33 96.08 94.78 93.43 92.03 90.61 89.18 87.73 86.29 84.86 83.48 82.27 81.32 80.64 80.23 80.07 80.01 79.96 79.91 79.86 79.78 79.58 79.23 78.73 78.10 77.35 76.49 75.53 74.48 73.35 72.17 70.93 69.66 68.36 67.05 65.74 64.41 63.05 61.65 60.27 58.97 57.83 56.87 56.12 55.48 54.84 54.19 53.52 52.84 52.13 51.39
48.93 51.13 53.54 56.13 58.85 61.68 64.58 67.52 70.46 73.38 76.23 78.98 81.60 84.06 86.37 88.73 91.21 93.72 96.09 97.78 98.64 98.70 98.15 97.36 96.47 95.51 94.47 93.37 92.22 91.03 89.82 88.58 87.34 86.10 84.87 83.67 82.50 81.39 80.46 79.78 79.37 79.20 79.13 79.05 78.98 78.87 78.64 78.26 77.74 77.08 76.31 75.43 74.45 73.39 72.25 71.05 69.81 68.53 67.22 65.90 64.58 63.27 61.98 60.70 59.41 58.16 57.05 56.13 55.41 54.80 54.20 53.59 52.97 52.34 51.69 51.02 50.33
50.09 52.50 55.08 57.80 60.64 63.54 66.49 69.45 72.38 75.24 78.02 80.66 83.15 85.43 87.49 89.34 91.17 93.05 94.80 95.88 96.14 95.75 95.12 94.39 93.58 92.70 91.76 90.77 89.73 88.67 87.59 86.50 85.41 84.34 83.29 82.27 81.29 80.37 79.53 78.87 78.46 78.29 78.21 78.12 77.99 77.75 77.36 76.82 76.16 75.38 74.49 73.51 72.45 71.31 70.12 68.88 67.61 66.31 65.00 63.70 62.40 61.13 59.90 58.70 57.53 56.45 55.54 54.84 54.24 53.65 53.07 52.48 51.89 51.29 50.68 50.05 49.39
51.43 54.00 56.73 59.56 62.47 65.43 68.40 71.34 74.22 77.02 79.69 82.19 84.51 86.60 88.43 89.96 91.23 92.41 93.46 93.86 93.59 93.07 92.46 91.76 90.99 90.15 89.27 88.34 87.39 86.41 85.43 84.45 83.48 82.53 81.61 80.74 79.92 79.17 78.49 77.91 77.51 77.34 77.25 77.12 76.88 76.49 75.96 75.30 74.53 73.65 72.68 71.63 70.51 69.34 68.12 66.87 65.60 64.32 63.04 61.78 60.54 59.34 58.19 57.10 56.07 55.17 54.46 53.85 53.27 52.69 52.13 51.56 50.99 50.41 49.83 49.22 48.60
52.89 55.61 58.44 61.36 64.32 67.30 70.26 73.16 75.97 78.66 81.19 83.54 85.66 87.52 89.10 90.34 91.23 91.78 92.08 91.89 91.43 90.88 90.24 89.53 88.76 87.93 87.07 86.17 85.26 84.33 83.41 82.49 81.60 80.74 79.92 79.16 78.46 77.83 77.29 76.84 76.51 76.35 76.23 76.00 75.63 75.12 74.48 73.73 72.87 71.93 70.91 69.83 68.68 67.50 66.29 65.05 63.81 62.58 61.36 60.17 59.02 57.92 56.89 55.93 55.06 54.33 53.71 53.11 52.53 51.96 51.40 50.84 50.29 49.73 49.16 48.58 47.99
54.40 57.24 60.16 63.13 66.12 69.09 72.01 74.84 77.55 80.11 82.49 84.64 86.54 88.15 89.44 90.37 90.91 91.03 90.79 90.35 89.81 89.19 88.50 87.74 86.93 86.08 85.20 84.29 83.38 82.47 81.56 80.68 79.83 79.02 78.26 77.57 76.95 76.42 75.97 75.64 75.42 75.32 75.14 74.79 74.31 73.70 72.98 72.17 71.26 70.28 69.24 68.14 67.01 65.84 64.66 63.47 62.29 61.13 60.00 58.91 57.88 56.91 56.02 55.22 54.51 53.85 53.23 52.62 52.04 51.47 50.91 50.36 49.82 49.27 48.71 48.15 47.57
55.56 58.51 61.51 64.53 67.53 70.48 73.35 76.11 78.72 81.14 83.34 85.29 86.96 88.31 89.30 89.91 90.10 89.91 89.53 89.00 88.37 87.67 86.90 86.08 85.22 84.32 83.40 82.47 81.55 80.63 79.73 78.86 78.04 77.26 76.55 75.91 75.35 74.89 74.53 74.29 74.23 74.45 74.39 73.95 73.36 72.66 71.87 70.98 70.03 69.01 67.94 66.84 65.71 64.56 63.41 62.27 61.15 60.07 59.02 58.04 57.12 56.28 55.54 54.88 54.25 53.61 52.97 52.36 51.76 51.19 50.63 50.08 49.54 49.00 48.45 47.90 47.34
56.11 59.17 62.25 65.32 68.34 71.29 74.12 76.80 79.30 81.59 83.63 85.39 86.83 87.92 88.63 88.92 88.83 88.53 88.10 87.52 86.82 86.03 85.19 84.30 83.38 82.44 81.48 80.53 79.58 78.66 77.76 76.91 76.10 75.36 74.69 74.10 73.61 73.22 72.94 72.85 73.12 73.77 74.10 73.76 73.07 72.26 71.36 70.40 69.37 68.30 67.19 66.05 64.90 63.75 62.62 61.50 60.42 59.39 58.42 57.51 56.69 55.96 55.33 54.74 54.14 53.52 52.88 52.26 51.66 51.08 50.51 49.96 49.42 48.88 48.35 47.81 47.26
56.08 59.26 62.43 65.55 68.60 71.54 74.34 76.96 79.36 81.52 83.40 84.97 86.19 87.03 87.46 87.50 87.31 86.97 86.50 85.89 85.15 84.30 83.37 82.42 81.44 80.45 79.46 78.48 77.51 76.58 75.68 74.84 74.06 73.35 72.72 72.18 71.75 71.43 71.28 71.51 72.20 73.25 73.97 73.98 73.38 72.45 71.43 70.36 69.24 68.09 66.91 65.73 64.54 63.37 62.22 61.12 60.06 59.06 58.13 57.28 56.54 55.89 55.31 54.74 54.15 53.55 52.93 52.31 51.70 51.11 50.54 49.99 49.45 48.91 48.38 47.85 47.31
55.52 58.82 62.09 65.28 68.36 71.30 74.06 76.62 78.93 80.97 82.70 84.08 85.09 85.68 85.89 85.85 85.63 85.26 84.75 84.12 83.35 82.47 81.49 80.47 79.43 78.39 77.36 76.35 75.36 74.42 73.53 72.69 71.93 71.25 70.66 70.17 69.79 69.59 69.76 70.39 71.46 72.87 73.94 74.30 74.01 73.15 72.02 70.82 69.58 68.33 67.07 65.81 64.57 63.35 62.17 61.05 59.99 59.00 58.10 57.29 56.59 55.98 55.41 54.85 54.28 53.69 53.09 52.49 51.88 51.28 50.71 50.15 49.60 49.07 48.54 48.01 47.48
54.48 57.91 61.27 64.53 67.65 70.60 73.34 75.84 78.07 79.99 81.57 82.78 83.57 83.98 84.12 84.05 83.80 83.40 82.88 82.22 81.43 80.54 79.54 78.47 77.38 76.29 75.21 74.17 73.16 72.21 71.31 70.49 69.74 69.09 68.53 68.09 67.83 67.93 68.47 69.46 70.88 72.61 74.00 74.68 74.70 74.12 73.04 71.70 70.33 68.96 67.59 66.24 64.92 63.64 62.41 61.24 60.16 59.16 58.26 57.48 56.79 56.18 55.61 55.07 54.51 53.94 53.36 52.77 52.17 51.58 50.99 50.42 49.87 49.34 48.81 48.28 47.76
53.12 56.57 60.04 63.37 66.53 69.49 72.21 74.67 76.81 78.62 80.06 81.10 81.74 82.09 82.20 82.11 81.85 81.43 80.89 80.21 79.42 78.51 77.52 76.44 75.30 74.16 73.05 71.97 70.94 69.97 69.07 68.26 67.53 66.90 66.38 66.04 66.06 66.52 67.41 68.73 70.45 72.47 74.13 75.09 75.40 75.10 74.25 72.95 71.44 69.92 68.43 66.96 65.54 64.17 62.87 61.65 60.51 59.48 58.57 57.78 57.09 56.48 55.92 55.38 54.83 54.27 53.71 53.13 52.55 51.97 51.38 50.81 50.25 49.71 49.18 48.66 48.14
51.70 54.96 58.43 61.83 65.05 68.02 70.73 73.14 75.22 76.92 78.23 79.13 79.73 80.06 80.17 80.07 79.79 79.36 78.81 78.12 77.32 76.42 75.42 74.35 73.22 72.05 70.89 69.78 68.73 67.75 66.84 66.03 65.31 64.71 64.28 64.20 64.57 65.36 66.57 68.17 70.16 72.42 74.33 75.53 76.07 76.02 75.42 74.32 72.82 71.16 69.51 67.91 66.36 64.89 63.49 62.19 60.99 59.92 58.98 58.18 57.48 56.87 56.31 55.78 55.24 54.69 54.14 53.57 53.00 52.43 51.86 51.28 50.72 50.17 49.63 49.11 48.59
50.32 53.32 56.58 59.98 63.25 66.25 68.95 71.32 73.33 74.93 76.14 77.01 77.60 77.93 78.03 77.93 77.65 77.21 76.65 75.96 75.16 74.26 73.28 72.22 71.11 69.95 68.78 67.63 66.55 65.55 64.64 63.83 63.13 62.60 62.42 62.68 63.36 64.45 65.93 67.78 69.99 72.47 74.57 75.98 76.73 76.88 76.48 75.60 74.27 72.59 70.79 69.03 67.34 65.74 64.23 62.82 61.54 60.43 59.47 58.66 57.96 57.34 56.78 56.25 55.72 55.18 54.63 54.08 53.52 52.96 52.39 51.83 51.26 50.70 50.16 49.64 49.12
49.00 51.74 54.75 57.94 61.18 64.21 66.91 69.25 71.19 72.73 73.92 74.79 75.38 75.72 75.82 75.72 75.44 75.00 74.44 73.75 72.96 72.08 71.11 70.07 68.98 67.85 66.70 65.54 64.44 63.42 62.50 61.70 61.06 60.76 60.90 61.46 62.42 63.76 65.47 67.54 69.94 72.59 74.86 76.43 77.35 77.66 77.44 76.72 75.56 74.02 72.19 70.26 68.41 66.66 65.01 63.49 62.16 61.02 60.04 59.22 58.50 57.88 57.32 56.79 56.26 55.73 55.19 54.64 54.09 53.54 52.98 52.42 51.86 51.30 50.75 50.22 49.70
47.73 50.25 53.01 55.94 58.97 61.95 64.66 66.97 68.88 70.41 71.60 72.49 73.09 73.43 73.54 73.45 73.17 72.75 72.19 71.52 70.74 69.87 68.92 67.91 66.86 65.76 64.65 63.52 62.42 61.38 60.46 59.70 59.28 59.29 59.71 60.53 61.72 63.29 65.20 67.44 70.00 72.78 75.17 76.87 77.91 78.36 78.26 77.68 76.65 75.25 73.52 71.54 69.52 67.59 65.80 64.20 62.84 61.67 60.68 59.84 59.11 58.48 57.91 57.38 56.86 56.33 55.79 55.25 54.70 54.15 53.60 53.05 52.49 51.94 51.39 50.85 50.33
46.52 48.84 51.38 54.07 56.84 59.61 62.25 64.55 66.46 68.01 69.22 70.12 70.74 71.10 71.22 71.14 70.88 70.47 69.92 69.27 68.51 67.66 66.75 65.77 64.75 63.70 62.63 61.55 60.49 59.47 58.58 58.03 57.89 58.17 58.83 59.88 61.27 63.02 65.09 67.47 70.14 73.01 75.50 77.29 78.42 78.96 78.95 78.46 77.53 76.22 74.59 72.68 70.58 68.49 66.60 64.97 63.57 62.38 61.37 60.51 59.77 59.12 58.55 58.01 57.49 56.97 56.43 55.90 55.35 54.80 54.25 53.70 53.15 52.60 52.05 51.51 50.97
45.38 47.51 49.85 52.32 54.85 57.36 59.79 62.05 63.98 65.55 66.79 67.71 68.35 68.73 68.88 68.82 68.58 68.18 67.66 67.02 66.29 65.48 64.59 63.66 62.68 61.68 60.66 59.64 58.64 57.72 57.05 56.77 56.89 57.39 58.26 59.49 61.05 62.94 65.13 67.61 70.36 73.29 75.83 77.66 78.85 79.44 79.49 79.05 78.18 76.93 75.35 73.51 71.46 69.38 67.46 65.79 64.36 63.14 62.10 61.22 60.47 59.81 59.22 58.68 58.16 57.64 57.10 56.56 56.02 55.47 54.92 54.37 53.82 53.27 52.73 52.18 51.59
44.31 46.27 48.43 50.70 53.01 55.29 57.48 59.55 61.46 63.06 64.32 65.27 65.94 66.35 66.52 66.49 66.28 65.91 65.41 64.80 64.11 63.33 62.49 61.60 60.67 59.72 58.76 57.81 56.92 56.27 55.93 55.91 56.24 56.94 57.98 59.36 61.05 63.04 65.31 67.85 70.64 73.59 76.14 77.99 79.19 79.80 79.87 79.45 78.59 77.36 75.81 74.00 72.10 70.20 68.35 66.65 65.19 63.94 62.87 61.97 61.19 60.52 59.92 59.38 58.85 58.32 57.79 57.25 56.70 56.15 55.60 55.05 54.49 53.94 53.39 52.79 52.10
43.31 45.13 47.13 49.22 51.33 53.38 55.34 57.21 58.96 60.54 61.84 62.83 63.53 63.98 64.18 64.19 64.00 63.67 63.20 62.63 61.97 61.24 60.45 59.61 58.74 57.85 56.95 56.11 55.50 55.18 55.16 55.42 55.96 56.81 57.98 59.47 61.25 63.30 65.62 68.18 70.98 73.91 76.43 78.26 79.44 80.02 80.07 79.63 78.75 77.50 75.96 74.27 72.57 70.86 69.18 67.54 66.04 64.76 63.67 62.73 61.94 61.25 60.64 60.08 59.55 59.02 58.48 57.93 57.38 56.83 56.27 55.72 55.16 54.60 53.99 53.30 52.52
42.40 44.10 45.95 47.87 49.76 51.60 53.36 55.04 56.62 58.08 59.37 60.40 61.15 61.63 61.88 61.92 61.77 61.48 61.05 60.52 59.91 59.22 58.49 57.71 56.90 56.07 55.30 54.73 54.45 54.44 54.71 55.22 55.98 56.98 58.25 59.81 61.64 63.72 66.05 68.59 71.35 74.23 76.69 78.45 79.57 80.10 80.08 79.58 78.65 77.37 75.92 74.43 72.91 71.38 69.86 68.36 66.91 65.60 64.47 63.51 62.69 61.98 61.36 60.79 60.25 59.71 59.16 58.61 58.05 57.49 56.93 56.37 55.80 55.19 54.49 53.70 52.83
41.57 43.17 44.88 46.60 48.29 49.93 51.52 53.03 54.45 55.77 56.97 58.00 58.79 59.32 59.62 59.70 59.61 59.35 58.97 58.49 57.93 57.30 56.63 55.91 55.17 54.47 53.96 53.72 53.75 54.03 54.55 55.29 56.25 57.41 58.77 60.36 62.20 64.28 66.57 69.07 71.75 74.54 76.90 78.56 79.58 80.01 79.89 79.30 78.30 77.10 75.83 74.51 73.15 71.78 70.41 69.05 67.71 66.43 65.28 64.29 63.45 62.71 62.07 61.49 60.94 60.39 59.83 59.27 58.71 58.14 57.57 56.99 56.37 55.66 54.86 53.98 53.03
40.83 42.32 43.85 45.38 46.88 48.36 49.78 51.15 52.43 53.63 54.72 55.69 56.50 57.08 57.43 57.57 57.52 57.32 56.99 56.56 56.06 55.50 54.89 54.24 53.62 53.19 53.01 53.08 53.39 53.92 54.66 55.60 56.73 58.03 59.50 61.12 62.94 64.97 67.19 69.60 72.17 74.82 77.04 78.57 79.45 79.74 79.49 78.80 77.86 76.82 75.71 74.55 73.34 72.11 70.86 69.62 68.40 67.21 66.08 65.06 64.19 63.43 62.77 62.17 61.60 61.04 60.48 59.91 59.33 58.75 58.17 57.53 56.81 56.00 55.12 54.15 53.13
40.16 41.48 42.82 44.18 45.52 46.84 48.13 49.37 50.54 51.64 52.64 53.53 54.31 54.92 55.33 55.52 55.54 55.39 55.12 54.75 54.32 53.82 53.29 52.76 52.41 52.30 52.42 52.77 53.33 54.08 55.02 56.13 57.40 58.82 60.37 62.03 63.82 65.77 67.89 70.17 72.59 75.07 77.11 78.47 79.17 79.29 78.90 78.24 77.46 76.58 75.62 74.59 73.51 72.40 71.26 70.12 68.99 67.88 66.81 65.81 64.91 64.12 63.44 62.82 62.24 61.67 61.09 60.50 59.92 59.32 58.67 57.94 57.12 56.22 55.25 54.22 53.12
39.46 40.60 41.78 42.97 44.18 45.37 46.54 47.68 48.76 49.77 50.71 51.55 52.28 52.88 53.33 53.59 53.67 53.59 53.38 53.08 52.72 52.30 51.88 51.63 51.60 51.79 52.19 52.78 53.56 54.51 55.61 56.86 58.24 59.74 61.34 63.04 64.82 66.67 68.65 70.76 73.00 75.27 77.10 78.24 78.73 78.68 78.30 77.79 77.15 76.40 75.57 74.66 73.69 72.68 71.63 70.58 69.52 68.47 67.46 66.49 65.59 64.78 64.07 63.43 62.83 62.25 61.65 61.05 60.44 59.79 59.04 58.21 57.30 56.32 55.27 54.17 53.01
38.66 39.65 40.68 41.75 42.83 43.92 44.99 46.04 47.05 48.01 48.90 49.70 50.41 51.01 51.48 51.80 51.94 51.93 51.79 51.57 51.28 50.99 50.84 50.90 51.17 51.63 52.28 53.09 54.06 55.16 56.40 57.76 59.22 60.77 62.40 64.10 65.85 67.63 69.46 71.38 73.38 75.41 76.99 77.87 78.16 78.09 77.86 77.47 76.96 76.34 75.61 74.80 73.92 72.99 72.02 71.02 70.02 69.02 68.04 67.10 66.21 65.39 64.65 63.99 63.38 62.77 62.16 61.54 60.87 60.11 59.27 58.34 57.35 56.29 55.18 54.01 52.80
37.76 38.61 39.52 40.47 41.46 42.46 43.46 44.45 45.41 46.33 47.19 47.98 48.69 49.30 49.79 50.15 50.37 50.44 50.38 50.23 50.07 50.04 50.20 50.56 51.10 51.81 52.67 53.66 54.79 56.03 57.38 58.81 60.32 61.90 63.52 65.19 66.88 68.58 70.28 71.99 73.73 75.48 76.77 77.41 77.66 77.72 77.61 77.34 76.94 76.41 75.78 75.05 74.24 73.37 72.45 71.50 70.53 69.56 68.60 67.67 66.78 65.94 65.18 64.49 63.85 63.23 62.59 61.91 61.14 60.28 59.34 58.34 57.27 56.14 54.96 53.74 52.49
36.72 37.45 38.26 39.12 40.03 40.96 41.91 42.86 43.79 44.70 45.55 46.35 47.08 47.72 48.26 48.68 48.97 49.12 49.15 49.13 49.23 49.51 49.97 50.60 51.38 52.29 53.33 54.49 55.75 57.09 58.51 59.99 61.52 63.09 64.68 66.29 67.89 69.47 71.03 72.55 74.03 75.46 76.47 77.06 77.42 77.60 77.59 77.42 77.11 76.66 76.10 75.44 74.68 73.86 72.97 72.05 71.10 70.13 69.17 68.22 67.31 66.45 65.65 64.92 64.26 63.61 62.91 62.12 61.25 60.30 59.28 58.20 57.06 55.87 54.63 53.37 52.07
35.52 36.16 36.89 37.68 38.53 39.42 40.34 41.27 42.19 43.10 43.97 44.80 45.57 46.27 46.87 47.37 47.75 48.00 48.15 48.39 48.81 49.38 50.11 50.97 51.96 53.06 54.25 55.54 56.89 58.31 59.78 61.27 62.80 64.33 65.86 67.37 68.85 70.29 71.68 73.00 74.24 75.38 76.31 77.00 77.48 77.75 77.84 77.75 77.51 77.12 76.61 75.99 75.27 74.47 73.61 72.69 71.73 70.76 69.78 68.80 67.85 66.94 66.09 65.30 64.58 63.86 63.06 62.17 61.21 60.17 59.07 57.92 56.71 55.47 54.19 52.88 51.55
34.32 34.88 35.54 36.27 37.07 37.93 38.83 39.74 40.67 41.59 42.50 43.37 44.19 44.95 45.63 46.22 46.70 47.08 47.41 47.93 48.64 49.48 50.44 51.52 52.69 53.95 55.27 56.66 58.09 59.55 61.04 62.53 64.02 65.49 66.93 68.33 69.67 70.94 72.12 73.22 74.23 75.25 76.23 77.03 77.61 77.98 78.15 78.14 77.96 77.63 77.17 76.59 75.90 75.12 74.27 73.35 72.39 71.40 70.39 69.38 68.39 67.43 66.51 65.65 64.79 63.93 63.02 62.05 61.00 59.89 58.73 57.51 56.26 54.97 53.65 52.31 50.96
33.29 33.77 34.35 35.03 35.79 36.61 37.48 38.39 39.32 40.26 41.19 42.10 42.97 43.80 44.55 45.23 45.83 46.36 46.87 47.58 48.52 49.61 50.80 52.06 53.40 54.79 56.23 57.70 59.19 60.68 62.17 63.64 65.07 66.46 67.80 69.06 70.23 71.31 72.29 73.16 74.04 75.02 75.98 76.85 77.54 78.01 78.27 78.35 78.25 77.99 77.59 77.05 76.41 75.66 74.82 73.92 72.97 71.97 70.95 69.92 68.89 67.89 66.91 65.92 64.88 63.83 62.80 61.75 60.64 59.47 58.26 57.00 55.71 54.40 53.06 51.71 50.35
32.44 32.83 33.35 33.96 34.67 35.46 36.31 37.21 38.14 39.10 40.05 41.00 41.93 42.81 43.65 44.42 45.17 45.87 46.55 47.40 48.48 49.76 51.15 52.59 54.08 55.59 57.12 58.66 60.18 61.69 63.16 64.58 65.94 67.24 68.44 69.55 70.55 71.42 72.18 72.93 73.77 74.70 75.63 76.48 77.24 77.82 78.20 78.37 78.36 78.18 77.84 77.37 76.78 76.07 75.27 74.39 73.45 72.46 71.44 70.40 69.35 68.31 67.23 66.07 64.86 63.64 62.45 61.30 60.14 58.93 57.69 56.41 55.10 53.77 52.43 51.08 49.74
31.77 32.07 32.51 33.07 33.73 34.48 35.31 36.20 37.13 38.10 39.08 40.07 41.04 41.99 42.91 43.82 44.72 45.58 46.41 47.40 48.59 49.97 51.50 53.10 54.71 56.33 57.93 59.52 61.06 62.56 63.99 65.36 66.63 67.80 68.87 69.80 70.60 71.27 71.91 72.62 73.42 74.31 75.19 76.01 76.76 77.42 77.91 78.19 78.28 78.19 77.94 77.54 77.01 76.36 75.60 74.76 73.85 72.88 71.86 70.82 69.76 68.63 67.41 66.10 64.73 63.37 62.04 60.76 59.53 58.29 57.03 55.74 54.43 53.11 51.79 50.46 49.14
31.26 31.48 31.84 32.34 32.95 33.67 34.47 35.34 36.28 37.26 38.26 39.29 40.31 41.33 42.38 43.43 44.48 45.49 46.47 47.57 48.85 50.30 51.89 53.59 55.31 57.01 58.67 60.28 61.83 63.30 64.68 65.96 67.13 68.17 69.07 69.81 70.41 70.97 71.57 72.25 73.00 73.85 74.69 75.48 76.20 76.85 77.41 77.82 78.02 78.03 77.87 77.56 77.10 76.52 75.82 75.03 74.15 73.21 72.22 71.18 70.05 68.81 67.45 66.01 64.51 63.02 61.58 60.19 58.85 57.58 56.31 55.03 53.74 52.44 51.14 49.86 48.59
