data_processed/recharge/precip/Precip_2010_01.asc
ncols        168
nrows        136
xllcorner    455000
yllcorner    2107000
cellsize     500
NODATA_value     -99999
[rows 34 to 67 of 136, columns 77 to 153 of 168]
41.44 41.48 41.54 41.62 41.69 41.76 41.82 41.87 41.91 41.96 42.02 42.08 42.15 42.24 42.36 42.49 42.60 42.67 42.69 42.67 42.63 42.57 42.49 42.30 41.94 41.41 40.73 39.91 38.96 37.90 36.83 35.77 34.74 33.75 32.81 31.92 31.10 30.35 29.67 29.09 28.60 28.20 27.88 27.63 27.43 27.30 27.22 27.19 27.21 27.25 27.32 27.44 27.60 27.82 28.11 28.64 29.61 31.06 32.94 35.21 37.82 40.75 43.94 47.36 50.96 54.70 58.55 62.44 66.34 70.19 73.93 77.52 80.91 84.04 86.79 89.10 90.98
38.69 38.82 38.98 39.15 39.34 39.53 39.71 39.87 40.04 40.20 40.37 40.54 40.72 40.92 41.14 41.33 41.47 41.55 41.60 41.62 41.61 41.59 41.55 41.42 41.11 40.65 40.04 39.29 38.43 37.45 36.39 35.32 34.29 33.29 32.35 31.47 30.65 29.91 29.25 28.69 28.21 27.81 27.48 27.20 26.98 26.81 26.69 26.63 26.60 26.60 26.62 26.69 26.80 26.96 27.19 27.50 28.04 29.04 30.52 32.42 34.72 37.37 40.33 43.56 47.02 50.66 54.44 58.31 62.22 66.11 69.94 73.66 77.21 80.55 83.53 86.08 88.21
36.14 36.35 36.60 36.87 37.16 37.45 37.73 38.01 38.28 38.55 38.83 39.10 39.39 39.68 39.95 40.16 40.31 40.42 40.49 40.54 40.57 40.59 40.60 40.51 40.26 39.86 39.31 38.65 37.87 36.98 36.01 34.97 33.93 32.94 32.00 31.13 30.33 29.61 28.98 28.43 27.96 27.55 27.20 26.90 26.65 26.45 26.30 26.20 26.13 26.08 26.06 26.08 26.14 26.25 26.42 26.66 26.99 27.56 28.59 30.10 32.04 34.37 37.06 40.06 43.34 46.83 50.51 54.31 58.18 62.08 65.96 69.76 73.44 76.94 80.10 82.85 85.20
33.76 34.05 34.39 34.75 35.13 35.52 35.91 36.29 36.66 37.03 37.40 37.77 38.14 38.49 38.77 38.99 39.16 39.28 39.38 39.45 39.51 39.57 39.62 39.58 39.39 39.05 38.58 37.99 37.29 36.49 35.61 34.66 33.67 32.69 31.77 30.92 30.14 29.45 28.84 28.30 27.82 27.40 27.03 26.71 26.44 26.21 26.03 25.89 25.78 25.69 25.62 25.59 25.60 25.66 25.78 25.97 26.23 26.59 27.19 28.25 29.80 31.78 34.15 36.89 39.93 43.24 46.77 50.46 54.26 58.13 62.01 65.86 69.62 73.24 76.56 79.47 81.98
31.56 31.93 32.34 32.79 33.26 33.74 34.22 34.70 35.16 35.62 36.08 36.53 36.95 37.30 37.59 37.82 38.00 38.15 38.27 38.37 38.46 38.55 38.65 38.66 38.52 38.24 37.84 37.32 36.70 35.99 35.21 34.36 33.46 32.53 31.64 30.81 30.07 29.41 28.81 28.27 27.79 27.35 26.97 26.63 26.34 26.09 25.87 25.69 25.54 25.41 25.30 25.22 25.19 25.20 25.27 25.40 25.61 25.90 26.29 26.92 28.03 29.61 31.64 34.07 36.84 39.93 43.26 46.80 50.49 54.29 58.14 61.99 65.80 69.50 72.92 75.94 78.59
29.53 29.97 30.46 30.98 31.53 32.10 32.67 33.24 33.80 34.34 34.88 35.37 35.79 36.14 36.43 36.66 36.86 37.02 37.17 37.29 37.42 37.55 37.68 37.74 37.65 37.43 37.10 36.65 36.12 35.50 34.81 34.06 33.27 32.45 31.61 30.82 30.11 29.46 28.87 28.33 27.85 27.40 27.01 26.65 26.34 26.06 25.82 25.60 25.41 25.24 25.09 24.97 24.88 24.84 24.86 24.94 25.10 25.33 25.65 26.08 26.76 27.91 29.55 31.63 34.10 36.91 40.01 43.36 46.90 50.58 54.36 58.18 61.99 65.73 69.22 72.32 75.05
27.65 28.16 28.72 29.32 29.95 30.59 31.25 31.91 32.56 33.18 33.75 34.24 34.65 35.00 35.29 35.54 35.75 35.93 36.09 36.24 36.40 36.56 36.74 36.84 36.80 36.65 36.38 36.01 35.55 35.02 34.42 33.77 33.09 32.38 31.65 30.93 30.24 29.60 29.02 28.48 27.99 27.54 27.13 26.76 26.43 26.13 25.85 25.61 25.38 25.17 24.97 24.81 24.68 24.59 24.56 24.59 24.69 24.87 25.13 25.49 25.97 26.70 27.91 29.60 31.73 34.23 37.06 40.18 43.53 47.06 50.72 54.46 58.23 61.98 65.49 68.63 71.41
25.93 26.50 27.12 27.79 28.49 29.21 29.95 30.69 31.42 32.10 32.67 33.15 33.56 33.90 34.20 34.45 34.67 34.87 35.05 35.23 35.41 35.61 35.82 35.97 35.99 35.89 35.68 35.38 35.00 34.56 34.05 33.51 32.93 32.33 31.72 31.08 30.44 29.81 29.24 28.70 28.21 27.76 27.34 26.95 26.60 26.27 25.97 25.69 25.43 25.18 24.95 24.74 24.57 24.44 24.36 24.34 24.39 24.51 24.72 25.02 25.43 25.97 26.77 28.03 29.76 31.92 34.44 37.28 40.40 43.73 47.24 50.87 54.56 58.27 61.76 64.90 67.69
24.35 24.97 25.66 26.39 27.15 27.95 28.76 29.58 30.35 31.03 31.62 32.11 32.51 32.85 33.15 33.41 33.64 33.85 34.05 34.26 34.47 34.70 34.95 35.14 35.21 35.16 35.02 34.80 34.50 34.13 33.72 33.27 32.80 32.31 31.79 31.25 30.67 30.09 29.52 28.99 28.50 28.04 27.61 27.22 26.84 26.50 26.17 25.86 25.56 25.28 25.01 24.76 24.54 24.37 24.24 24.17 24.17 24.24 24.40 24.65 25.01 25.49 26.08 26.94 28.24 30.00 32.18 34.71 37.55 40.65 43.96 47.43 51.01 54.64 58.08 61.17 63.93
22.90 23.58 24.32 25.11 25.94 26.80 27.67 28.52 29.29 29.98 30.59 31.10 31.53 31.87 32.16 32.43 32.67 32.89 33.11 33.34 33.58 33.84 34.13 34.36 34.48 34.49 34.41 34.26 34.03 33.75 33.43 33.08 32.71 32.30 31.87 31.41 30.91 30.39 29.86 29.33 28.84 28.38 27.95 27.54 27.15 26.78 26.43 26.09 25.76 25.44 25.13 24.85 24.59 24.37 24.20 24.08 24.03 24.05 24.16 24.38 24.70 25.13 25.66 26.30 27.19 28.52 30.30 32.48 35.01 37.84 40.91 44.19 47.61 51.11 54.46 57.47 60.16
21.58 22.31 23.09 23.94 24.82 25.74 26.64 27.48 28.25 28.95 29.58 30.12 30.58 30.95 31.25 31.52 31.76 32.00 32.24 32.49 32.76 33.05 33.37 33.65 33.81 33.88 33.87 33.78 33.63 33.43 33.20 32.94 32.65 32.32 31.96 31.57 31.15 30.70 30.22 29.72 29.24 28.77 28.33 27.91 27.51 27.12 26.75 26.38 26.02 25.67 25.32 25.00 24.70 24.44 24.22 24.06 23.96 23.95 24.03 24.21 24.49 24.86 25.34 25.91 26.59 27.51 28.86 30.64 32.82 35.33 38.13 41.16 44.39 47.73 50.94 53.83 56.41
20.38 21.15 21.98 22.87 23.80 24.74 25.62 26.45 27.23 27.94 28.58 29.16 29.65 30.07 30.41 30.69 30.94 31.19 31.45 31.72 32.01 32.33 32.69 33.00 33.22 33.34 33.39 33.37 33.29 33.18 33.03 32.85 32.62 32.37 32.07 31.75 31.39 31.00 30.58 30.14 29.67 29.21 28.76 28.33 27.92 27.51 27.11 26.72 26.33 25.94 25.56 25.20 24.87 24.57 24.31 24.10 23.97 23.93 23.99 24.13 24.37 24.70 25.12 25.63 26.23 26.93 27.87 29.22 31.00 33.16 35.64 38.40 41.39 44.53 47.56 50.29 52.71
19.29 20.09 20.97 21.89 22.84 23.75 24.61 25.44 26.22 26.94 27.60 28.21 28.75 29.22 29.62 29.94 30.21 30.47 30.74 31.03 31.35 31.70 32.09 32.45 32.71 32.88 32.99 33.03 33.03 33.00 32.92 32.80 32.64 32.45 32.21 31.94 31.64 31.31 30.94 30.54 30.12 29.67 29.22 28.79 28.36 27.94 27.52 27.10 26.68 26.26 25.85 25.45 25.08 24.74 24.44 24.21 24.06 24.00 24.03 24.14 24.34 24.62 24.99 25.44 25.98 26.60 27.31 28.24 29.59 31.35 33.48 35.92 38.63 41.53 44.35 46.87 49.10
18.30 19.14 20.04 20.97 21.88 22.76 23.62 24.44 25.22 25.95 26.65 27.28 27.87 28.39 28.85 29.25 29.57 29.85 30.13 30.44 30.78 31.17 31.59 31.98 32.29 32.52 32.68 32.79 32.86 32.89 32.87 32.81 32.71 32.56 32.38 32.16 31.91 31.62 31.30 30.94 30.56 30.14 29.71 29.26 28.83 28.39 27.95 27.51 27.06 26.61 26.17 25.74 25.33 24.95 24.63 24.39 24.23 24.15 24.15 24.23 24.39 24.63 24.95 25.34 25.81 26.36 26.99 27.70 28.62 29.95 31.68 33.76 36.15 38.77 41.33 43.61 45.60
17.41 18.27 19.16 20.05 20.93 21.79 22.63 23.45 24.23 24.99 25.70 26.38 27.01 27.59 28.11 28.58 28.99 29.33 29.64 29.96 30.33 30.74 31.19 31.62 31.97 32.25 32.48 32.65 32.78 32.86 32.89 32.88 32.83 32.73 32.59 32.42 32.20 31.95 31.66 31.34 30.99 30.61 30.19 29.76 29.31 28.86 28.40 27.94 27.47 26.99 26.51 26.05 25.61 25.22 24.90 24.65 24.48 24.38 24.36 24.41 24.53 24.72 24.99 25.33 25.73 26.21 26.76 27.38 28.08 28.98 30.27 31.96 33.99 36.29 38.55 40.54 42.26
16.60 17.44 18.29 19.14 19.98 20.82 21.65 22.47 23.26 24.03 24.78 25.49 26.17 26.80 27.40 27.94 28.44 28.87 29.25 29.61 29.99 30.43 30.92 31.38 31.77 32.10 32.38 32.61 32.78 32.91 32.99 33.02 33.01 32.95 32.85 32.70 32.52 32.30 32.05 31.75 31.42 31.06 30.67 30.25 29.80 29.34 28.87 28.38 27.88 27.38 26.87 26.38 25.93 25.54 25.23 24.98 24.79 24.68 24.63 24.65 24.74 24.89 25.10 25.39 25.73 26.14 26.61 27.15 27.75 28.42 29.29 30.54 32.17 34.11 36.03 37.69 39.11
15.84 16.62 17.42 18.23 19.04 19.86 20.68 21.50 22.30 23.09 23.87 24.62 25.35 26.04 26.71 27.33 27.91 28.45 28.94 29.37 29.79 30.25 30.76 31.27 31.70 32.08 32.40 32.67 32.89 33.05 33.17 33.23 33.25 33.22 33.15 33.04 32.88 32.68 32.45 32.17 31.86 31.52 31.14 30.73 30.29 29.82 29.33 28.83 28.30 27.77 27.24 26.75 26.31 25.93 25.62 25.36 25.17 25.04 24.97 24.96 25.02 25.12 25.29 25.52 25.80 26.15 26.55 27.00 27.51 28.08 28.71 29.53 30.73 32.26 33.81 35.11 36.22
15.07 15.80 16.55 17.32 18.11 18.91 19.72 20.54 21.36 22.17 22.98 23.77 24.55 25.31 26.04 26.75 27.42 28.06 28.65 29.20 29.71 30.21 30.75 31.29 31.76 32.18 32.54 32.84 33.09 33.29 33.43 33.53 33.57 33.56 33.51 33.42 33.28 33.10 32.88 32.61 32.31 31.98 31.60 31.20 30.76 30.29 29.79 29.27 28.72 28.17 27.64 27.16 26.74 26.38 26.07 25.81 25.61 25.47 25.38 25.34 25.36 25.43 25.55 25.72 25.95 26.22 26.55 26.92 27.35 27.82 28.35 28.93 29.69 30.79 31.91 32.87 33.84
14.30 14.97 15.68 16.42 17.18 17.97 18.77 19.59 20.42 21.26 22.10 22.94 23.77 24.59 25.40 26.19 26.95 27.69 28.40 29.07 29.71 30.30 30.89 31.46 31.97 32.42 32.80 33.14 33.41 33.63 33.79 33.90 33.97 33.98 33.94 33.86 33.73 33.55 33.34 33.08 32.78 32.44 32.07 31.66 31.22 30.74 30.23 29.69 29.13 28.58 28.08 27.62 27.22 26.87 26.57 26.31 26.11 25.95 25.84 25.78 25.76 25.79 25.86 25.98 26.15 26.36 26.61 26.91 27.25 27.64 28.06 28.53 29.05 29.72 30.45 31.22 32.10
13.52 14.14 14.80 15.51 16.25 17.02 17.82 18.65 19.50 20.36 21.23 22.12 23.00 23.89 24.77 25.65 26.51 27.35 28.18 28.97 29.74 30.48 31.15 31.75 32.28 32.75 33.16 33.51 33.81 34.04 34.22 34.35 34.42 34.44 34.41 34.33 34.20 34.03 33.81 33.55 33.25 32.91 32.52 32.10 31.65 31.16 30.63 30.07 29.50 28.99 28.52 28.09 27.71 27.38 27.08 26.83 26.62 26.45 26.32 26.24 26.19 26.18 26.21 26.28 26.39 26.54 26.72 26.95 27.21 27.50 27.83 28.20 28.60 29.05 29.59 30.25 31.02
12.68 13.25 13.88 14.55 15.27 16.04 16.84 17.68 18.54 19.44 20.35 21.28 22.23 23.19 24.15 25.11 26.07 27.02 27.97 28.89 29.80 30.65 31.35 31.95 32.51 33.00 33.44 33.80 34.11 34.36 34.56 34.69 34.77 34.80 34.78 34.70 34.58 34.40 34.18 33.92 33.61 33.26 32.87 32.43 31.96 31.46 30.91 30.31 29.69 29.19 28.76 28.37 28.02 27.71 27.43 27.19 26.99 26.81 26.68 26.57 26.51 26.47 26.47 26.50 26.56 26.65 26.77 26.93 27.11 27.33 27.57 27.85 28.16 28.58 29.06 29.60 30.26
11.77 12.30 12.89 13.54 14.25 15.01 15.81 16.67 17.56 18.49 19.45 20.43 21.45 22.48 23.52 24.58 25.64 26.71 27.78 28.84 29.85 30.73 31.42 32.02 32.58 33.09 33.55 33.93 34.26 34.53 34.73 34.88 34.97 35.00 34.99 34.91 34.79 34.62 34.40 34.13 33.81 33.46 33.05 32.61 32.13 31.60 31.01 30.35 29.68 29.13 28.72 28.38 28.08 27.80 27.55 27.33 27.14 26.98 26.84 26.74 26.66 26.61 26.58 26.58 26.60 26.65 26.73 26.83 26.95 27.10 27.27 27.47 27.76 28.16 28.62 29.12 29.67
10.81 11.30 11.86 12.49 13.19 13.95 14.76 15.64 16.56 17.53 18.54 19.58 20.67 21.78 22.91 24.07 25.24 26.43 27.62 28.79 29.82 30.68 31.36 31.95 32.51 33.03 33.50 33.91 34.26 34.54 34.76 34.92 35.02 35.06 35.05 34.98 34.86 34.69 34.47 34.20 33.88 33.51 33.10 32.65 32.15 31.58 30.93 30.22 29.49 28.90 28.46 28.14 27.89 27.65 27.45 27.26 27.10 26.96 26.84 26.74 26.66 26.61 26.57 26.55 26.55 26.57 26.61 26.66 26.73 26.82 26.94 27.13 27.42 27.80 28.25 28.72 29.22
9.88 10.26 10.79 11.41 12.10 12.87 13.70 14.60 15.56 16.57 17.64 18.75 19.90 21.10 22.33 23.59 24.88 26.19 27.48 28.66 29.67 30.52 31.19 31.77 32.33 32.85 33.33 33.75 34.12 34.41 34.65 34.82 34.93 34.99 34.98 34.92 34.80 34.63 34.41 34.13 33.81 33.44 33.02 32.55 32.01 31.38 30.68 29.91 29.15 28.52 28.04 27.70 27.47 27.30 27.14 27.00 26.88 26.77 26.68 26.60 26.53 26.48 26.45 26.42 26.41 26.41 26.42 26.44 26.48 26.53 26.65 26.84 27.13 27.50 27.93 28.38 28.86
9.12 9.27 9.72 10.32 11.01 11.79 12.65 13.57 14.57 15.63 16.76 17.94 19.18 20.46 21.79 23.16 24.57 25.97 27.27 28.42 29.42 30.25 30.91 31.49 32.04 32.55 33.04 33.47 33.85 34.17 34.42 34.60 34.73 34.79 34.79 34.73 34.62 34.45 34.23 33.95 33.63 33.25 32.82 32.31 31.71 31.02 30.26 29.46 28.66 28.01 27.50 27.13 26.88 26.74 26.65 26.57 26.49 26.43 26.38 26.33 26.29 26.26 26.23 26.21 26.20 26.19 26.19 26.19 26.21 26.27 26.40 26.60 26.88 27.24 27.65 28.09 28.55
8.54 8.47 8.71 9.24 9.93 10.73 11.61 12.57 13.61 14.73 15.92 17.18 18.50 19.88 21.31 22.79 24.29 25.69 26.97 28.09 29.06 29.88 30.53 31.10 31.65 32.16 32.65 33.08 33.47 33.81 34.07 34.27 34.41 34.48 34.49 34.44 34.33 34.17 33.95 33.67 33.34 32.95 32.48 31.91 31.24 30.50 29.70 28.86 28.05 27.37 26.84 26.45 26.19 26.04 25.99 25.97 25.96 25.95 25.95 25.94 25.94 25.94 25.94 25.93 25.93 25.93 25.92 25.92 25.96 26.05 26.19 26.40 26.68 27.02 27.42 27.83 28.28
8.14 7.87 7.90 8.24 8.88 9.69 10.60 11.60 12.70 13.87 15.13 16.47 17.88 19.36 20.90 22.47 23.96 25.33 26.57 27.67 28.62 29.42 30.06 30.63 31.17 31.69 32.17 32.61 33.00 33.35 33.63 33.84 33.99 34.08 34.09 34.05 33.95 33.79 33.57 33.29 32.95 32.53 31.99 31.35 30.63 29.84 29.01 28.15 27.32 26.63 26.09 25.69 25.41 25.25 25.20 25.24 25.30 25.36 25.41 25.46 25.51 25.55 25.58 25.61 25.63 25.64 25.65 25.68 25.75 25.86 26.02 26.24 26.51 26.85 27.22 27.62 28.04
7.91 7.46 7.31 7.47 7.93 8.70 9.64 10.69 11.84 13.08 14.42 15.84 17.34 18.92 20.54 22.10 23.56 24.89 26.10 27.17 28.10 28.88 29.52 30.08 30.62 31.13 31.61 32.05 32.45 32.80 33.10 33.33 33.49 33.58 33.61 33.58 33.48 33.32 33.10 32.82 32.45 31.95 31.35 30.65 29.88 29.06 28.21 27.34 26.50 25.80 25.26 24.85 24.57 24.41 24.36 24.40 24.52 24.66 24.78 24.90 25.01 25.10 25.18 25.25 25.30 25.34 25.40 25.47 25.57 25.71 25.88 26.10 26.38 26.70 27.06 27.44 27.84
7.83 7.24 6.94 6.92 7.22 7.83 8.75 9.84 11.05 12.36 13.78 15.29 16.89 18.55 20.16 21.67 23.08 24.37 25.55 26.60 27.51 28.28 28.90 29.45 29.99 30.50 30.98 31.43 31.84 32.19 32.50 32.74 32.91 33.02 33.06 33.03 32.94 32.79 32.57 32.25 31.80 31.23 30.57 29.83 29.03 28.18 27.31 26.43 25.60 24.91 24.36 23.96 23.69 23.53 23.49 23.53 23.67 23.87 24.08 24.27 24.45 24.61 24.75 24.86 24.97 25.06 25.17 25.29 25.42 25.59 25.78 26.00 26.27 26.58 26.93 27.29 27.67
7.89 7.19 6.76 6.61 6.76 7.22 8.00 9.08 10.35 11.74 13.24 14.84 16.52 18.15 19.71 21.17 22.54 23.80 24.94 25.96 26.85 27.61 28.22 28.77 29.30 29.81 30.29 30.74 31.16 31.52 31.83 32.09 32.28 32.40 32.45 32.43 32.34 32.19 31.93 31.54 31.02 30.39 29.68 28.90 28.07 27.21 26.33 25.45 24.63 23.95 23.42 23.03 22.77 22.63 22.60 22.66 22.81 23.03 23.31 23.59 23.85 24.09 24.30 24.48 24.65 24.81 24.97 25.13 25.30 25.48 25.69 25.92 26.19 26.49 26.82 27.16 27.53
8.09 7.30 6.77 6.51 6.54 6.87 7.51 8.48 9.75 11.22 12.81 14.48 16.12 17.70 19.21 20.62 21.95 23.17 24.28 25.28 26.15 26.89 27.49 28.03 28.56 29.07 29.55 30.01 30.42 30.80 31.12 31.38 31.59 31.72 31.78 31.77 31.69 31.50 31.17 30.70 30.12 29.45 28.69 27.88 27.03 26.15 25.28 24.41 23.61 22.95 22.44 22.07 21.84 21.72 21.71 21.79 21.97 22.21 22.53 22.88 23.24 23.56 23.85 24.11 24.35 24.57 24.78 24.99 25.19 25.40 25.62 25.86 26.13 26.42 26.73 27.06 27.40
8.41 7.56 6.96 6.62 6.56 6.79 7.32 8.17 9.34 10.82 12.47 14.11 15.69 17.21 18.66 20.03 21.31 22.49 23.57 24.54 25.40 26.12 26.72 27.25 27.78 28.29 28.77 29.23 29.65 30.03 30.36 30.64 30.85 31.01 31.08 31.08 30.96 30.69 30.29 29.76 29.12 28.40 27.62 26.78 25.92 25.04 24.17 23.33 22.55 21.92 21.45 21.11 20.90 20.81 20.83 20.95 21.15 21.43 21.78 22.18 22.61 23.03 23.41 23.75 24.06 24.35 24.61 24.86 25.10 25.33 25.57 25.82 26.08 26.36 26.65 26.96 27.29
8.83 7.95 7.31 6.92 6.80 6.96 7.40 8.16 9.23 10.59 12.14 13.70 15.22 16.68 18.08 19.40 20.64 21.78 22.83 23.78 24.61 25.32 25.91 26.44 26.96 27.47 27.95 28.41 28.84 29.23 29.57 29.86 30.09 30.26 30.35 30.32 30.12 29.77 29.30 28.71 28.03 27.28 26.47 25.62 24.76 23.89 23.03 22.22 21.48 20.89 20.45 20.15 19.98 19.93 19.99 20.15 20.39 20.71 21.10 21.54 22.02 22.51 22.98 23.40 23.78 24.13 24.45 24.74 25.01 25.27 25.53 25.78 26.04 26.31 26.59 26.88 27.19
9.36 8.48 7.82 7.41 7.25 7.36 7.75 8.44 9.40 10.54 11.84 13.28 14.73 16.13 17.47 18.74 19.94 21.05 22.07 22.99 23.80 24.49 25.07 25.60 26.12 26.62 27.11 27.57 28.01 28.40 28.75 29.06 29.30 29.48 29.54 29.44 29.17 28.76 28.22 27.59 26.88 26.10 25.27 24.42 23.55 22.70 21.88 21.09 20.40 19.85 19.46 19.21 19.09 19.08 19.19 19.40 19.69 20.06 20.49 20.98 21.49 22.02 22.56 23.06 23.51 23.92 24.29 24.62 24.93 25.22 25.49 25.75 26.01 26.26 26.53 26.80 27.09
