data_processed/recharge/precip/Precip_1995_10.asc
ncols        168
nrows        136
xllcorner    455000
yllcorner    2107000
cellsize     500
NODATA_value     -99999
[rows 0 to 33 of 136, columns 77 to 153 of 168]
50.54 51.11 51.37 50.92 50.13 49.30 48.45 47.61 46.76 45.93 45.11 44.31 43.54 42.80 42.10 41.45 40.85 40.30 39.82 39.41 39.07 38.82 38.65 38.57 38.60 38.73 38.97 39.33 39.76 40.24 40.75 41.23 41.69 42.11 42.51 42.89 43.26 43.61 43.95 44.29 44.62 44.97 45.32 45.68 46.06 46.46 46.88 47.33 47.82 48.34 48.91 49.52 50.17 50.93 51.86 53.02 54.47 56.15 57.99 59.96 62.05 64.23 66.48 68.78 71.10 73.43 75.74 78.02 80.24 82.38 84.42 86.34 88.11 89.72 91.15 92.37 93.35
50.02 51.18 52.01 52.08 51.46 50.51 49.54 48.57 47.61 46.66 45.73 44.83 43.96 43.12 42.33 41.59 40.91 40.29 39.73 39.25 38.86 38.54 38.32 38.20 38.19 38.28 38.51 38.84 39.26 39.73 40.23 40.76 41.26 41.73 42.17 42.59 42.98 43.36 43.72 44.07 44.42 44.77 45.12 45.48 45.85 46.24 46.64 47.07 47.53 48.02 48.54 49.11 49.76 50.57 51.59 52.82 54.33 56.08 58.02 60.10 62.27 64.52 66.82 69.15 71.49 73.83 76.13 78.39 80.56 82.65 84.62 86.45 88.12 89.61 90.90 91.97 92.79
49.50 51.18 52.55 53.15 52.99 52.18 51.08 49.96 48.85 47.76 46.70 45.67 44.67 43.71 42.81 41.96 41.17 40.45 39.80 39.23 38.74 38.35 38.05 37.86 37.78 37.85 38.05 38.37 38.78 39.23 39.72 40.25 40.79 41.31 41.79 42.25 42.68 43.08 43.47 43.84 44.21 44.57 44.92 45.28 45.65 46.02 46.41 46.82 47.25 47.71 48.21 48.77 49.49 50.39 51.48 52.78 54.33 56.12 58.12 60.28 62.52 64.83 67.17 69.53 71.89 74.22 76.51 78.73 80.86 82.88 84.77 86.50 88.06 89.42 90.57 91.48 92.13
48.97 51.14 52.99 54.06 54.38 53.99 52.99 51.72 50.44 49.19 47.96 46.78 45.63 44.53 43.49 42.50 41.58 40.73 39.96 39.27 38.68 38.18 37.78 37.50 37.38 37.42 37.61 37.92 38.31 38.75 39.23 39.74 40.28 40.84 41.37 41.87 42.34 42.78 43.20 43.60 43.98 44.35 44.72 45.08 45.44 45.81 46.19 46.59 47.00 47.43 47.93 48.57 49.37 50.36 51.51 52.87 54.47 56.29 58.31 60.49 62.80 65.16 67.54 69.92 72.28 74.60 76.86 79.04 81.11 83.06 84.86 86.49 87.93 89.16 90.16 90.91 91.38
48.44 51.05 53.34 54.84 55.58 55.61 54.98 53.77 52.33 50.88 49.48 48.11 46.79 45.52 44.31 43.16 42.09 41.09 40.17 39.34 38.61 37.98 37.47 37.13 36.99 37.02 37.19 37.48 37.86 38.29 38.76 39.26 39.79 40.35 40.92 41.47 41.98 42.45 42.90 43.33 43.74 44.13 44.51 44.88 45.24 45.61 45.99 46.37 46.76 47.21 47.79 48.52 49.41 50.46 51.68 53.09 54.72 56.57 58.60 60.78 63.10 65.49 67.90 70.30 72.66 74.96 77.19 79.31 81.32 83.19 84.89 86.41 87.73 88.82 89.66 90.23 90.57
47.92 50.92 53.59 55.48 56.60 57.00 56.74 55.85 54.43 52.80 51.18 49.61 48.09 46.63 45.23 43.89 42.64 41.46 40.38 39.38 38.49 37.72 37.14 36.79 36.63 36.64 36.80 37.07 37.44 37.86 38.32 38.81 39.33 39.88 40.45 41.03 41.59 42.11 42.59 43.05 43.48 43.90 44.29 44.67 45.05 45.42 45.79 46.17 46.58 47.11 47.79 48.61 49.57 50.69 51.96 53.41 55.08 56.94 58.98 61.16 63.45 65.83 68.25 70.65 73.00 75.28 77.47 79.54 81.47 83.25 84.85 86.25 87.43 88.37 89.05 89.49 89.73
47.42 50.75 53.76 55.98 57.43 58.16 58.22 57.65 56.50 54.86 53.03 51.23 49.48 47.80 46.19 44.65 43.19 41.81 40.53 39.35 38.29 37.44 36.84 36.46 36.29 36.28 36.42 36.69 37.04 37.45 37.90 38.38 38.89 39.43 40.00 40.58 41.17 41.74 42.26 42.76 43.22 43.66 44.08 44.48 44.86 45.24 45.61 46.01 46.52 47.15 47.92 48.82 49.86 51.03 52.35 53.84 55.53 57.40 59.43 61.60 63.86 66.20 68.59 70.98 73.31 75.56 77.69 79.70 81.56 83.24 84.73 86.00 87.04 87.82 88.37 88.73 88.89
46.92 50.55 53.85 56.35 58.09 59.09 59.42 59.12 58.24 56.82 54.95 52.92 50.92 48.99 47.14 45.37 43.68 42.08 40.57 39.20 38.06 37.18 36.56 36.17 35.97 35.95 36.08 36.33 36.67 37.07 37.51 37.98 38.49 39.02 39.57 40.15 40.75 41.35 41.92 42.45 42.95 43.42 43.86 44.28 44.68 45.07 45.48 45.98 46.59 47.32 48.17 49.14 50.24 51.47 52.83 54.35 56.05 57.93 59.95 62.09 64.32 66.62 68.95 71.28 73.58 75.78 77.86 79.80 81.56 83.14 84.51 85.65 86.54 87.20 87.67 87.95 88.04
46.45 50.32 53.86 56.60 58.57 59.81 60.36 60.28 59.61 58.41 56.71 54.60 52.35 50.15 48.04 46.00 44.06 42.21 40.49 39.02 37.85 36.95 36.31 35.89 35.68 35.65 35.76 36.00 36.34 36.73 37.16 37.62 38.12 38.64 39.19 39.76 40.35 40.95 41.56 42.14 42.68 43.18 43.65 44.09 44.51 44.95 45.45 46.06 46.77 47.59 48.52 49.56 50.72 51.99 53.39 54.93 56.64 58.52 60.52 62.63 64.82 67.06 69.32 71.58 73.80 75.95 77.96 79.81 81.48 82.95 84.19 85.19 85.97 86.55 86.95 87.16 87.18
46.00 50.07 53.80 56.73 58.88 60.30 61.03 61.12 60.63 59.58 58.04 56.06 53.70 51.23 48.82 46.50 44.28 42.19 40.36 38.86 37.66 36.75 36.09 35.65 35.43 35.38 35.48 35.71 36.04 36.42 36.84 37.30 37.78 38.30 38.84 39.41 39.99 40.59 41.20 41.81 42.39 42.94 43.44 43.91 44.38 44.92 45.54 46.25 47.06 47.96 48.96 50.06 51.27 52.58 54.00 55.56 57.28 59.14 61.12 63.20 65.34 67.51 69.70 71.87 73.99 76.04 77.98 79.74 81.31 82.65 83.77 84.66 85.36 85.88 86.21 86.35 86.30
45.59 49.80 53.67 56.74 59.03 60.58 61.44 61.66 61.28 60.36 58.93 57.05 54.76 52.15 49.45 46.82 44.33 42.12 40.26 38.73 37.51 36.58 35.90 35.45 35.20 35.14 35.23 35.45 35.77 36.15 36.56 37.01 37.49 38.00 38.54 39.10 39.68 40.27 40.88 41.50 42.11 42.69 43.24 43.77 44.35 45.00 45.73 46.54 47.43 48.41 49.48 50.63 51.88 53.22 54.67 56.23 57.95 59.79 61.75 63.78 65.86 67.97 70.07 72.14 74.16 76.09 77.91 79.57 81.03 82.25 83.26 84.08 84.72 85.17 85.44 85.52 85.41
45.20 49.51 53.48 56.65 59.02 60.66 61.60 61.89 61.59 60.73 59.37 57.54 55.31 52.72 49.84 46.94 44.31 42.07 40.18 38.64 37.40 36.44 35.74 35.28 35.02 34.94 35.02 35.23 35.55 35.91 36.32 36.77 37.24 37.75 38.28 38.83 39.41 40.00 40.60 41.22 41.84 42.45 43.06 43.71 44.41 45.18 46.01 46.91 47.88 48.93 50.05 51.25 52.54 53.91 55.37 56.93 58.64 60.46 62.38 64.36 66.38 68.41 70.42 72.39 74.29 76.10 77.78 79.30 80.63 81.76 82.70 83.47 84.05 84.44 84.66 84.68 84.51
44.86 49.22 53.24 56.45 58.86 60.53 61.51 61.83 61.54 60.71 59.36 57.55 55.33 52.74 49.87 46.97 44.33 42.06 40.15 38.58 37.31 36.34 35.62 35.14 34.87 34.78 34.85 35.06 35.36 35.72 36.13 36.56 37.04 37.54 38.07 38.62 39.19 39.78 40.38 40.99 41.61 42.26 42.97 43.74 44.57 45.44 46.37 47.35 48.39 49.50 50.68 51.92 53.23 54.62 56.08 57.64 59.33 61.12 63.00 64.92 66.87 68.82 70.74 72.60 74.38 76.05 77.58 78.95 80.16 81.22 82.11 82.82 83.34 83.69 83.85 83.81 83.59
44.56 48.92 52.94 56.14 58.55 60.21 61.17 61.47 61.16 60.29 58.91 57.07 54.80 52.21 49.53 46.90 44.36 42.08 40.15 38.55 37.27 36.28 35.55 35.05 34.77 34.67 34.73 34.92 35.22 35.58 35.98 36.41 36.88 37.38 37.90 38.45 39.02 39.60 40.20 40.82 41.46 42.17 42.98 43.86 44.79 45.76 46.78 47.84 48.95 50.11 51.33 52.61 53.94 55.34 56.81 58.36 60.02 61.77 63.60 65.46 67.33 69.19 71.01 72.75 74.40 75.93 77.31 78.54 79.65 80.63 81.47 82.13 82.61 82.90 83.01 82.93 82.66
44.31 48.62 52.59 55.75 58.10 59.69 60.58 60.82 60.44 59.49 58.03 56.10 53.80 51.37 48.96 46.61 44.32 42.13 40.19 38.57 37.27 36.26 35.51 35.00 34.71 34.60 34.65 34.84 35.13 35.49 35.88 36.31 36.77 37.27 37.79 38.34 38.90 39.49 40.09 40.72 41.42 42.22 43.10 44.05 45.08 46.14 47.24 48.37 49.54 50.75 52.01 53.31 54.66 56.06 57.52 59.05 60.68 62.39 64.16 65.95 67.74 69.50 71.21 72.83 74.35 75.73 76.98 78.11 79.13 80.03 80.80 81.41 81.84 82.09 82.15 82.02 81.70
44.12 48.33 52.21 55.26 57.50 58.99 59.77 59.88 59.38 58.31 56.72 54.71 52.54 50.37 48.23 46.13 44.09 42.12 40.26 38.64 37.32 36.29 35.53 35.00 34.70 34.58 34.62 34.80 35.09 35.44 35.83 36.26 36.72 37.21 37.73 38.28 38.84 39.43 40.05 40.74 41.52 42.38 43.32 44.34 45.42 46.56 47.73 48.92 50.15 51.40 52.68 54.00 55.36 56.77 58.21 59.72 61.31 62.97 64.67 66.39 68.09 69.75 71.34 72.83 74.21 75.46 76.62 77.67 78.60 79.42 80.10 80.65 81.04 81.24 81.26 81.10 80.73
43.98 48.05 51.78 54.68 56.77 58.10 58.72 58.67 58.00 56.75 55.04 53.14 51.21 49.29 47.39 45.52 43.70 41.95 40.29 38.74 37.41 36.36 35.59 35.05 34.73 34.61 34.64 34.82 35.11 35.45 35.84 36.26 36.72 37.21 37.73 38.28 38.84 39.45 40.12 40.89 41.73 42.65 43.64 44.71 45.83 47.01 48.24 49.49 50.76 52.04 53.35 54.69 56.05 57.44 58.86 60.34 61.89 63.49 65.12 66.75 68.36 69.90 71.37 72.73 73.99 75.15 76.22 77.19 78.05 78.79 79.40 79.87 80.20 80.37 80.35 80.14 79.75
43.91 47.79 51.32 54.02 55.91 57.04 57.44 57.18 56.29 54.88 53.25 51.58 49.88 48.18 46.50 44.84 43.23 41.67 40.20 38.81 37.54 36.49 35.70 35.15 34.83 34.69 34.72 34.89 35.17 35.52 35.90 36.33 36.78 37.27 37.79 38.34 38.92 39.58 40.32 41.15 42.04 43.01 44.05 45.14 46.30 47.51 48.76 50.05 51.36 52.67 54.00 55.34 56.69 58.07 59.47 60.90 62.40 63.94 65.49 67.03 68.53 69.96 71.30 72.55 73.72 74.80 75.79 76.68 77.47 78.13 78.67 79.08 79.34 79.46 79.41 79.17 78.74
43.90 47.54 50.83 53.29 54.93 55.80 55.95 55.42 54.33 52.98 51.56 50.10 48.61 47.11 45.62 44.15 42.72 41.33 40.02 38.79 37.67 36.67 35.87 35.31 34.97 34.83 34.85 35.02 35.30 35.64 36.03 36.45 36.91 37.40 37.92 38.48 39.11 39.83 40.63 41.50 42.45 43.45 44.52 45.64 46.82 48.04 49.30 50.61 51.93 53.27 54.61 55.94 57.29 58.64 60.01 61.40 62.84 64.30 65.77 67.21 68.60 69.91 71.14 72.30 73.39 74.40 75.32 76.14 76.85 77.45 77.93 78.27 78.48 78.54 78.44 78.17 77.71
43.97 47.32 50.32 52.48 53.82 54.39 54.23 53.46 52.40 51.24 50.02 48.76 47.45 46.13 44.81 43.51 42.23 41.00 39.83 38.73 37.73 36.84 36.09 35.52 35.18 35.03 35.05 35.21 35.49 35.83 36.21 36.64 37.10 37.59 38.12 38.73 39.42 40.19 41.04 41.95 42.92 43.96 45.05 46.19 47.37 48.60 49.86 51.16 52.48 53.82 55.16 56.49 57.82 59.14 60.46 61.80 63.18 64.57 65.94 67.28 68.55 69.76 70.91 71.99 73.01 73.94 74.79 75.55 76.20 76.74 77.15 77.44 77.59 77.60 77.45 77.14 76.65
44.12 47.13 49.79 51.61 52.60 52.82 52.37 51.61 50.72 49.75 48.71 47.61 46.47 45.31 44.13 42.97 41.82 40.72 39.67 38.69 37.80 37.00 36.33 35.79 35.44 35.29 35.30 35.46 35.74 36.08 36.47 36.89 37.35 37.86 38.44 39.10 39.84 40.65 41.52 42.47 43.46 44.52 45.62 46.76 47.95 49.17 50.42 51.70 53.01 54.33 55.65 56.97 58.27 59.55 60.83 62.11 63.41 64.72 65.99 67.22 68.40 69.52 70.60 71.61 72.56 73.43 74.22 74.91 75.50 75.98 76.35 76.58 76.68 76.64 76.45 76.10 75.58
44.34 46.97 49.24 50.67 51.27 51.16 50.70 50.09 49.38 48.57 47.68 46.72 45.72 44.69 43.64 42.59 41.56 40.56 39.61 38.72 37.91 37.19 36.58 36.10 35.77 35.61 35.62 35.78 36.06 36.40 36.79 37.21 37.69 38.24 38.86 39.57 40.34 41.18 42.08 43.04 44.05 45.11 46.22 47.36 48.54 49.74 50.98 52.23 53.50 54.78 56.07 57.36 58.62 59.87 61.09 62.30 63.53 64.74 65.91 67.05 68.14 69.20 70.21 71.16 72.04 72.85 73.58 74.22 74.75 75.18 75.50 75.69 75.75 75.67 75.43 75.05 74.49
44.66 46.85 48.69 49.68 49.91 49.75 49.43 48.98 48.41 47.74 46.98 46.15 45.26 44.34 43.40 42.44 41.50 40.58 39.70 38.88 38.13 37.46 36.90 36.46 36.15 36.00 36.01 36.17 36.45 36.79 37.18 37.62 38.13 38.72 39.39 40.12 40.92 41.78 42.70 43.67 44.68 45.74 46.84 47.96 49.12 50.30 51.51 52.72 53.95 55.18 56.42 57.65 58.87 60.06 61.22 62.37 63.50 64.62 65.70 66.76 67.79 68.79 69.73 70.62 71.45 72.20 72.88 73.46 73.95 74.34 74.61 74.76 74.78 74.66 74.39 73.97 73.39
45.07 46.77 48.13 48.71 48.87 48.84 48.66 48.34 47.89 47.33 46.68 45.95 45.16 44.32 43.46 42.58 41.70 40.84 40.01 39.23 38.51 37.88 37.34 36.92 36.62 36.47 36.47 36.63 36.91 37.26 37.66 38.13 38.68 39.30 40.00 40.75 41.57 42.44 43.36 44.33 45.34 46.38 47.46 48.56 49.69 50.84 52.00 53.17 54.34 55.52 56.69 57.86 59.01 60.13 61.23 62.29 63.33 64.36 65.38 66.38 67.34 68.28 69.16 70.00 70.77 71.48 72.10 72.65 73.09 73.44 73.67 73.78 73.77 73.62 73.32 72.88 72.27
45.54 46.75 47.65 48.14 48.41 48.50 48.43 48.21 47.86 47.40 46.83 46.18 45.46 44.69 43.88 43.05 42.21 41.39 40.59 39.83 39.13 38.50 37.96 37.53 37.22 37.04 37.02 37.16 37.44 37.80 38.23 38.74 39.32 39.97 40.68 41.45 42.27 43.14 44.05 45.01 46.00 47.02 48.07 49.14 50.23 51.33 52.44 53.56 54.67 55.78 56.88 57.96 59.03 60.07 61.08 62.05 63.02 63.98 64.94 65.87 66.79 67.66 68.50 69.28 70.01 70.67 71.26 71.76 72.16 72.47 72.67 72.76 72.71 72.54 72.22 71.75 71.12
45.93 46.79 47.57 48.15 48.53 48.72 48.74 48.61 48.34 47.94 47.44 46.85 46.18 45.45 44.67 43.87 43.06 42.25 41.45 40.69 39.99 39.35 38.79 38.33 37.98 37.77 37.69 37.78 38.04 38.42 38.88 39.42 40.02 40.68 41.39 42.16 42.98 43.85 44.75 45.68 46.65 47.64 48.65 49.68 50.72 51.76 52.81 53.86 54.90 55.93 56.95 57.95 58.92 59.86 60.77 61.67 62.57 63.48 64.37 65.26 66.11 66.94 67.73 68.47 69.16 69.78 70.32 70.79 71.16 71.44 71.61 71.67 71.60 71.41 71.07 70.58 69.94
46.07 46.81 47.61 48.28 48.76 49.04 49.15 49.10 48.90 48.57 48.12 47.58 46.95 46.26 45.51 44.73 43.94 43.13 42.34 41.58 40.86 40.20 39.61 39.12 38.73 38.46 38.34 38.36 38.54 38.91 39.39 39.95 40.57 41.24 41.96 42.74 43.55 44.40 45.28 46.20 47.14 48.09 49.07 50.05 51.04 52.03 53.02 54.00 54.97 55.92 56.85 57.76 58.63 59.48 60.31 61.16 62.00 62.85 63.69 64.53 65.34 66.12 66.86 67.56 68.20 68.79 69.30 69.73 70.08 70.32 70.47 70.50 70.42 70.20 69.85 69.35 68.69
46.07 46.78 47.55 48.24 48.81 49.19 49.39 49.41 49.29 49.02 48.64 48.15 47.57 46.91 46.20 45.44 44.66 43.87 43.08 42.31 41.58 40.90 40.29 39.77 39.34 39.03 38.84 38.79 38.90 39.19 39.66 40.24 40.88 41.56 42.30 43.07 43.88 44.73 45.60 46.49 47.40 48.33 49.27 50.21 51.15 52.09 53.02 53.94 54.83 55.71 56.56 57.38 58.16 58.93 59.72 60.53 61.33 62.12 62.91 63.69 64.46 65.19 65.89 66.55 67.16 67.70 68.18 68.58 68.90 69.12 69.24 69.25 69.14 68.91 68.54 68.03 67.36
46.02 46.69 47.44 48.11 48.70 49.16 49.45 49.56 49.51 49.31 48.99 48.56 48.02 47.41 46.73 46.00 45.24 44.46 43.68 42.91 42.17 41.48 40.84 40.29 39.82 39.46 39.21 39.09 39.11 39.33 39.74 40.30 40.96 41.66 42.41 43.19 44.00 44.84 45.70 46.58 47.47 48.37 49.27 50.17 51.07 51.96 52.83 53.69 54.52 55.32 56.09 56.83 57.54 58.27 59.01 59.78 60.54 61.30 62.04 62.77 63.48 64.18 64.83 65.45 66.02 66.53 66.97 67.34 67.63 67.83 67.93 67.92 67.79 67.54 67.16 66.63 65.96
45.91 46.57 47.28 47.92 48.49 48.97 49.34 49.53 49.56 49.44 49.18 48.81 48.32 47.75 47.11 46.41 45.67 44.91 44.13 43.37 42.62 41.91 41.26 40.68 40.17 39.75 39.44 39.24 39.20 39.34 39.68 40.19 40.83 41.55 42.31 43.10 43.92 44.76 45.61 46.47 47.34 48.22 49.09 49.96 50.81 51.65 52.47 53.27 54.04 54.77 55.47 56.14 56.81 57.49 58.20 58.93 59.66 60.37 61.07 61.76 62.43 63.07 63.69 64.27 64.80 65.28 65.69 66.03 66.29 66.46 66.54 66.51 66.37 66.10 65.70 65.17 64.49
45.77 46.39 47.08 47.69 48.23 48.69 49.08 49.35 49.46 49.41 49.22 48.90 48.48 47.95 47.35 46.68 45.97 45.22 44.45 43.69 42.94 42.22 41.55 40.94 40.38 39.91 39.53 39.27 39.16 39.24 39.51 39.96 40.55 41.26 42.03 42.83 43.66 44.49 45.34 46.19 47.05 47.90 48.75 49.58 50.40 51.19 51.96 52.70 53.41 54.07 54.71 55.34 55.97 56.62 57.29 57.99 58.68 59.36 60.02 60.67 61.29 61.90 62.47 63.01 63.51 63.95 64.34 64.65 64.88 65.03 65.08 65.04 64.88 64.60 64.19 63.64 62.95
45.58 46.18 46.83 47.42 47.93 48.37 48.73 49.02 49.21 49.23 49.11 48.86 48.48 48.01 47.45 46.81 46.12 45.40 44.65 43.89 43.14 42.41 41.72 41.06 40.46 39.93 39.50 39.18 39.00 39.02 39.23 39.62 40.15 40.82 41.58 42.40 43.23 44.07 44.92 45.76 46.60 47.44 48.26 49.06 49.84 50.59 51.31 52.00 52.65 53.26 53.86 54.45 55.04 55.66 56.30 56.96 57.62 58.26 58.89 59.50 60.08 60.65 61.19 61.69 62.15 62.56 62.92 63.20 63.41 63.54 63.57 63.50 63.33 63.04 62.62 62.06 61.32
45.35 45.93 46.55 47.10 47.59 48.00 48.34 48.61 48.81 48.91 48.86 48.67 48.35 47.93 47.41 46.81 46.15 45.45 44.71 43.96 43.21 42.48 41.75 41.05 40.40 39.83 39.34 38.96 38.73 38.69 38.85 39.18 39.67 40.28 41.01 41.81 42.66 43.50 44.35 45.19 46.02 46.84 47.63 48.41 49.16 49.87 50.55 51.19 51.78 52.36 52.91 53.47 54.03 54.61 55.22 55.85 56.48 57.09 57.68 58.26 58.81 59.34 59.84 60.31 60.74 61.12 61.44 61.70 61.89 61.99 62.01 61.92 61.73 61.43 60.99 60.39 59.60
45.09 45.64 46.22 46.75 47.20 47.59 47.91 48.16 48.34 48.46 48.47 48.35 48.09 47.72 47.25 46.69 46.06 45.38 44.66 43.92 43.17 42.41 41.65 40.91 40.22 39.60 39.07 38.64 38.35 38.25 38.36 38.65 39.09 39.66 40.35 41.12 41.95 42.81 43.66 44.50 45.32 46.12 46.90 47.65 48.37 49.05 49.68 50.27 50.83 51.37 51.89 52.41 52.94 53.49 54.07 54.68 55.27 55.85 56.42 56.96 57.48 57.97 58.44 58.87 59.27 59.62 59.92 60.15 60.31 60.40 60.40 60.30 60.09 59.77 59.29 58.63 57.79
