data_processed/recharge/precip/Precip_1988_11.asc
ncols        168
nrows        136
xllcorner    455000
yllcorner    2107000
cellsize     500
NODATA_value     -99999
[rows 72 to 107 of 136, columns 0 to 81 of 168]
21.02 19.70 18.39 17.10 15.84 14.61 13.43 12.31 11.29 10.40 9.65 9.03 8.56 8.23 8.06 8.11 8.42 8.98 9.80 10.87 12.18 13.74 15.54 17.48 19.14 20.36 21.17 21.61 21.70 21.47 20.96 20.20 19.25 18.28 17.35 16.48 15.66 14.91 14.24 13.65 13.14 12.67 12.23 11.81 11.37 10.89 10.37 9.76 9.09 8.39 7.67 6.93 6.17 5.41 4.65 3.89 3.15 2.45 1.85 1.36 0.98 0.71 0.55 0.50 0.56 0.72 0.98 1.33 1.76 2.27 2.86 3.51 4.21 4.82 5.27 5.57 5.72 5.74 5.63 5.39 5.05 4.61
20.31 19.03 17.76 16.51 15.29 14.11 12.99 11.95 11.04 10.26 9.61 9.09 8.71 8.47 8.36 8.41 8.69 9.22 10.00 11.04 12.32 13.85 15.63 17.54 19.17 20.34 21.10 21.48 21.50 21.19 20.58 19.76 18.89 18.03 17.19 16.39 15.64 14.94 14.29 13.72 13.21 12.76 12.32 11.90 11.46 10.98 10.45 9.84 9.15 8.43 7.69 6.94 6.16 5.38 4.60 3.82 3.08 2.44 1.89 1.44 1.09 0.85 0.70 0.65 0.71 0.86 1.10 1.43 1.83 2.32 2.86 3.47 4.12 4.69 5.09 5.34 5.45 5.41 5.25 4.97 4.59 4.18
19.55 18.31 17.09 15.89 14.72 13.60 12.56 11.64 10.84 10.17 9.62 9.20 8.90 8.74 8.72 8.83 9.09 9.58 10.32 11.31 12.55 14.04 15.78 17.66 19.24 20.36 21.05 21.35 21.28 20.88 20.22 19.47 18.72 17.97 17.23 16.51 15.81 15.15 14.53 13.97 13.46 13.00 12.58 12.15 11.71 11.23 10.68 10.06 9.36 8.63 7.87 7.09 6.30 5.49 4.69 3.92 3.23 2.63 2.12 1.70 1.37 1.14 0.99 0.93 0.97 1.10 1.31 1.60 1.97 2.41 2.90 3.46 4.05 4.55 4.89 5.08 5.12 5.02 4.80 4.47 4.11 3.75
18.75 17.56 16.39 15.24 14.14 13.11 12.18 11.38 10.69 10.12 9.67 9.34 9.13 9.06 9.11 9.29 9.60 10.06 10.75 11.68 12.87 14.31 16.00 17.83 19.35 20.40 21.02 21.23 21.07 20.61 20.04 19.43 18.80 18.16 17.50 16.85 16.21 15.59 14.99 14.43 13.91 13.44 13.01 12.58 12.13 11.64 11.09 10.45 9.73 8.98 8.20 7.40 6.59 5.76 4.96 4.24 3.59 3.03 2.54 2.14 1.82 1.58 1.43 1.35 1.35 1.44 1.61 1.85 2.17 2.54 2.98 3.46 3.97 4.40 4.66 4.77 4.74 4.57 4.28 3.96 3.64 3.34
17.91 16.77 15.66 14.58 13.57 12.66 11.85 11.16 10.58 10.11 9.75 9.51 9.39 9.39 9.52 9.77 10.14 10.65 11.30 12.17 13.30 14.67 16.30 18.07 19.52 20.49 21.02 21.13 20.91 20.55 20.13 19.66 19.15 18.61 18.04 17.46 16.87 16.28 15.70 15.14 14.60 14.09 13.63 13.19 12.74 12.24 11.67 11.02 10.28 9.51 8.71 7.89 7.05 6.23 5.47 4.79 4.17 3.63 3.16 2.77 2.44 2.19 2.01 1.90 1.86 1.90 2.00 2.18 2.43 2.73 3.08 3.48 3.91 4.24 4.41 4.43 4.31 4.06 3.77 3.49 3.22 2.96
17.03 15.96 14.91 13.93 13.04 12.25 11.56 10.98 10.50 10.13 9.87 9.72 9.68 9.76 9.95 10.27 10.71 11.27 11.95 12.78 13.83 15.13 16.68 18.38 19.75 20.63 21.06 21.12 21.00 20.81 20.54 20.20 19.80 19.36 18.87 18.36 17.81 17.26 16.69 16.12 15.56 15.02 14.51 14.02 13.55 13.04 12.46 11.78 11.03 10.24 9.41 8.56 7.73 6.95 6.23 5.57 4.98 4.45 3.98 3.58 3.23 2.95 2.74 2.58 2.49 2.46 2.50 2.59 2.75 2.97 3.23 3.53 3.85 4.08 4.14 4.06 3.84 3.58 3.33 3.09 2.85 2.63
16.12 15.12 14.18 13.32 12.55 11.88 11.31 10.83 10.45 10.18 10.01 9.94 9.99 10.14 10.41 10.78 11.28 11.89 12.63 13.48 14.48 15.69 17.16 18.77 20.04 20.82 21.20 21.38 21.44 21.41 21.28 21.08 20.79 20.44 20.04 19.58 19.08 18.55 17.99 17.42 16.84 16.26 15.68 15.12 14.59 14.05 13.45 12.76 11.98 11.16 10.32 9.47 8.67 7.93 7.24 6.60 6.01 5.48 5.00 4.57 4.20 3.88 3.61 3.40 3.24 3.14 3.09 3.09 3.14 3.25 3.40 3.59 3.80 3.91 3.85 3.67 3.43 3.20 2.98 2.76 2.56 2.36
15.20 14.30 13.48 12.75 12.10 11.55 11.08 10.71 10.43 10.25 10.17 10.19 10.31 10.54 10.87 11.31 11.86 12.53 13.31 14.20 15.21 16.37 17.74 19.25 20.42 21.15 21.65 22.02 22.26 22.39 22.40 22.32 22.15 21.89 21.56 21.16 20.70 20.19 19.64 19.06 18.45 17.82 17.19 16.55 15.92 15.30 14.67 13.96 13.16 12.32 11.47 10.66 9.89 9.17 8.49 7.86 7.26 6.72 6.21 5.76 5.34 4.97 4.64 4.36 4.12 3.93 3.78 3.67 3.61 3.59 3.62 3.68 3.75 3.73 3.56 3.34 3.13 2.92 2.72 2.53 2.35 2.17
14.28 13.51 12.82 12.21 11.69 11.24 10.89 10.62 10.44 10.35 10.35 10.45 10.65 10.94 11.34 11.84 12.45 13.16 13.98 14.92 15.96 17.12 18.42 19.83 20.95 21.82 22.52 23.08 23.49 23.78 23.93 23.97 23.90 23.73 23.47 23.12 22.70 22.21 21.67 21.07 20.43 19.75 19.05 18.33 17.61 16.88 16.15 15.40 14.57 13.73 12.91 12.13 11.39 10.67 10.00 9.35 8.74 8.17 7.63 7.13 6.66 6.22 5.82 5.46 5.13 4.83 4.57 4.35 4.16 4.00 3.88 3.79 3.72 3.57 3.36 3.16 2.96 2.77 2.58 2.41 2.24 2.08
13.40 12.76 12.20 11.72 11.30 10.97 10.72 10.55 10.46 10.46 10.55 10.73 11.00 11.36 11.82 12.38 13.04 13.79 14.66 15.62 16.70 17.88 19.18 20.56 21.83 22.91 23.82 24.57 25.15 25.58 25.87 26.03 26.06 25.98 25.79 25.49 25.10 24.63 24.08 23.47 22.79 22.07 21.30 20.49 19.66 18.81 17.96 17.09 16.24 15.42 14.63 13.87 13.13 12.42 11.73 11.07 10.43 9.82 9.23 8.67 8.13 7.62 7.14 6.68 6.24 5.84 5.45 5.10 4.77 4.46 4.18 3.93 3.71 3.51 3.31 3.11 2.93 2.75 2.57 2.40 2.24 2.09
12.66 12.15 11.71 11.33 11.03 10.80 10.65 10.57 10.57 10.65 10.82 11.07 11.40 11.83 12.34 12.95 13.65 14.45 15.34 16.34 17.44 18.64 19.96 21.40 22.84 24.15 25.27 26.20 26.95 27.54 27.97 28.25 28.39 28.39 28.27 28.03 27.68 27.23 26.68 26.05 25.35 24.57 23.74 22.85 21.92 20.96 19.96 18.90 17.87 17.04 16.28 15.53 14.80 14.09 13.39 12.70 12.04 11.38 10.75 10.13 9.53 8.94 8.37 7.81 7.28 6.75 6.25 5.76 5.29 4.83 4.39 3.99 3.70 3.50 3.31 3.13 2.95 2.77 2.61 2.44 2.29 2.14
12.12 11.73 11.40 11.13 10.93 10.79 10.72 10.73 10.81 10.96 11.19 11.50 11.89 12.36 12.92 13.56 14.30 15.12 16.04 17.06 18.17 19.39 20.75 22.24 23.77 25.25 26.58 27.71 28.65 29.40 29.98 30.39 30.64 30.74 30.69 30.52 30.21 29.79 29.26 28.62 27.89 27.08 26.19 25.23 24.21 23.13 21.96 20.63 19.33 18.34 17.57 16.85 16.13 15.42 14.72 14.02 13.34 12.65 11.98 11.31 10.65 9.99 9.34 8.70 8.07 7.44 6.82 6.20 5.60 5.00 4.42 3.96 3.67 3.47 3.29 3.11 2.94 2.77 2.61 2.46 2.31 2.16
11.74 11.50 11.27 11.09 10.97 10.92 10.93 11.00 11.14 11.36 11.64 12.00 12.43 12.95 13.54 14.21 14.97 15.81 16.74 17.76 18.88 20.14 21.56 23.10 24.68 26.23 27.73 29.07 30.19 31.12 31.86 32.41 32.78 32.99 33.03 32.93 32.68 32.29 31.78 31.15 30.41 29.56 28.62 27.60 26.50 25.27 23.86 22.28 20.73 19.49 18.56 17.83 17.14 16.45 15.75 15.05 14.35 13.64 12.93 12.22 11.51 10.80 10.08 9.36 8.64 7.91 7.19 6.46 5.73 5.01 4.38 3.91 3.62 3.42 3.23 3.06 2.90 2.74 2.59 2.44 2.30 2.16
11.48 11.39 11.28 11.19 11.15 11.16 11.24 11.37 11.57 11.83 12.16 12.56 13.02 13.56 14.18 14.87 15.63 16.48 17.41 18.44 19.61 20.92 22.38 23.97 25.59 27.19 28.76 30.26 31.59 32.70 33.60 34.30 34.80 35.12 35.27 35.24 35.05 34.72 34.23 33.62 32.87 32.01 31.03 29.95 28.72 27.28 25.65 23.84 22.05 20.58 19.42 18.56 17.86 17.19 16.51 15.81 15.11 14.39 13.66 12.91 12.16 11.39 10.62 9.83 9.03 8.21 7.39 6.55 5.72 4.95 4.31 3.84 3.55 3.35 3.16 2.99 2.83 2.68 2.54 2.40 2.26 2.13
11.32 11.37 11.39 11.40 11.43 11.50 11.63 11.82 12.06 12.36 12.72 13.14 13.63 14.19 14.81 15.51 16.28 17.12 18.05 19.12 20.34 21.71 23.22 24.85 26.51 28.15 29.76 31.33 32.81 34.11 35.19 36.04 36.69 37.13 37.38 37.45 37.34 37.05 36.61 36.01 35.27 34.40 33.39 32.21 30.80 29.17 27.33 25.31 23.31 21.62 20.26 19.18 18.36 17.69 17.03 16.35 15.65 14.92 14.18 13.41 12.63 11.82 10.99 10.14 9.27 8.37 7.46 6.54 5.66 4.87 4.23 3.75 3.46 3.26 3.07 2.90 2.74 2.60 2.46 2.33 2.20 2.08
11.24 11.42 11.56 11.69 11.80 11.92 12.10 12.32 12.59 12.92 13.30 13.74 14.24 14.80 15.43 16.12 16.87 17.72 18.69 19.81 21.08 22.49 24.05 25.71 27.41 29.09 30.75 32.35 33.90 35.35 36.60 37.63 38.42 39.00 39.37 39.53 39.50 39.28 38.89 38.32 37.60 36.71 35.63 34.30 32.72 30.91 28.90 26.69 24.49 22.61 21.06 19.80 18.79 18.01 17.35 16.69 16.00 15.28 14.53 13.75 12.94 12.10 11.23 10.32 9.39 8.43 7.44 6.48 5.58 4.79 4.14 3.65 3.36 3.16 2.97 2.80 2.64 2.49 2.36 2.24 2.12 2.01
11.25 11.54 11.79 12.01 12.20 12.39 12.60 12.85 13.15 13.49 13.88 14.33 14.83 15.38 16.00 16.67 17.42 18.31 19.34 20.51 21.83 23.28 24.87 26.57 28.30 30.02 31.71 33.35 34.93 36.44 37.84 39.04 39.99 40.71 41.20 41.48 41.54 41.39 41.06 40.53 39.82 38.90 37.69 36.22 34.49 32.53 30.35 27.97 25.60 23.55 21.83 20.40 19.23 18.29 17.53 16.88 16.21 15.50 14.75 13.97 13.14 12.27 11.37 10.42 9.44 8.42 7.39 6.41 5.50 4.70 4.04 3.55 3.26 3.05 2.86 2.69 2.53 2.38 2.25 2.13 2.02 1.91
11.33 11.71 12.05 12.35 12.62 12.88 13.13 13.40 13.70 14.05 14.44 14.88 15.37 15.91 16.50 17.17 17.96 18.90 19.98 21.20 22.56 24.05 25.67 27.41 29.17 30.92 32.64 34.31 35.92 37.47 38.92 40.26 41.38 42.25 42.88 43.27 43.43 43.37 43.10 42.62 41.89 40.87 39.55 37.95 36.09 34.00 31.68 29.16 26.64 24.44 22.57 20.99 19.68 18.59 17.70 16.96 16.30 15.61 14.88 14.09 13.26 12.37 11.44 10.46 9.44 8.38 7.34 6.34 5.42 4.61 3.94 3.45 3.15 2.95 2.76 2.58 2.41 2.26 2.13 2.01 1.90 1.80
11.47 11.94 12.34 12.71 13.04 13.35 13.64 13.93 14.24 14.58 14.96 15.39 15.85 16.37 16.94 17.65 18.49 19.48 20.61 21.88 23.28 24.80 26.46 28.22 30.01 31.78 33.53 35.23 36.87 38.45 39.93 41.32 42.57 43.60 44.37 44.89 45.16 45.19 44.99 44.52 43.72 42.61 41.20 39.50 37.54 35.33 32.89 30.25 27.60 25.28 23.28 21.58 20.14 18.92 17.91 17.05 16.33 15.65 14.93 14.16 13.33 12.44 11.49 10.48 9.43 8.35 7.29 6.27 5.34 4.52 3.84 3.34 3.04 2.84 2.65 2.47 2.30 2.15 2.01 1.88 1.77 1.68
11.67 12.19 12.66 13.07 13.45 13.79 14.12 14.43 14.74 15.06 15.42 15.82 16.25 16.75 17.36 18.12 19.02 20.06 21.23 22.54 23.97 25.53 27.21 29.00 30.81 32.61 34.38 36.10 37.77 39.37 40.88 42.30 43.60 44.75 45.67 46.32 46.71 46.84 46.68 46.16 45.31 44.13 42.64 40.87 38.82 36.52 33.99 31.24 28.49 26.06 23.95 22.15 20.60 19.29 18.17 17.22 16.39 15.66 14.96 14.21 13.39 12.50 11.54 10.51 9.43 8.33 7.25 6.21 5.26 4.43 3.75 3.25 2.95 2.74 2.54 2.36 2.19 2.03 1.89 1.76 1.65 1.55
11.90 12.48 12.98 13.43 13.83 14.20 14.53 14.85 15.16 15.47 15.80 16.16 16.57 17.10 17.77 18.58 19.53 20.61 21.83 23.17 24.64 26.22 27.93 29.74 31.57 33.38 35.17 36.92 38.61 40.23 41.77 43.21 44.53 45.73 46.77 47.56 48.07 48.26 48.08 47.54 46.64 45.42 43.88 42.05 39.94 37.57 34.96 32.13 29.30 26.78 24.59 22.70 21.08 19.68 18.48 17.45 16.55 15.75 15.01 14.27 13.46 12.58 11.60 10.54 9.44 8.32 7.21 6.17 5.20 4.36 3.67 3.16 2.86 2.65 2.45 2.27 2.09 1.93 1.78 1.65 1.53 1.43
12.17 12.78 13.31 13.78 14.19 14.56 14.89 15.20 15.49 15.78 16.07 16.40 16.85 17.44 18.16 19.02 20.02 21.14 22.40 23.77 25.27 26.88 28.60 30.42 32.27 34.11 35.91 37.68 39.39 41.02 42.58 44.04 45.38 46.60 47.68 48.58 49.18 49.38 49.20 48.64 47.73 46.48 44.91 43.04 40.89 38.47 35.81 32.92 30.02 27.44 25.19 23.24 21.56 20.10 18.85 17.75 16.80 15.94 15.14 14.38 13.59 12.69 11.68 10.59 9.46 8.32 7.20 6.13 5.15 4.30 3.60 3.09 2.78 2.57 2.37 2.18 2.01 1.84 1.69 1.55 1.42 1.31
12.46 13.08 13.62 14.09 14.50 14.86 15.18 15.46 15.72 15.97 16.24 16.61 17.11 17.75 18.53 19.44 20.48 21.64 22.93 24.33 25.85 27.48 29.22 31.06 32.92 34.76 36.58 38.36 40.08 41.74 43.31 44.78 46.15 47.38 48.47 49.36 49.96 50.18 50.01 49.47 48.56 47.31 45.73 43.85 41.67 39.23 36.53 33.61 30.67 28.05 25.76 23.76 22.04 20.55 19.25 18.13 17.13 16.24 15.41 14.61 13.76 12.82 11.78 10.67 9.51 8.34 7.20 6.12 5.13 4.26 3.55 3.03 2.72 2.51 2.31 2.12 1.94 1.77 1.61 1.46 1.33 1.22
12.77 13.39 13.92 14.38 14.77 15.10 15.38 15.62 15.83 16.05 16.36 16.79 17.35 18.05 18.87 19.82 20.90 22.10 23.41 24.84 26.38 28.03 29.79 31.63 33.50 35.35 37.18 38.97 40.70 42.37 43.95 45.44 46.81 48.06 49.12 49.92 50.44 50.67 50.53 50.02 49.13 47.90 46.34 44.46 42.29 39.84 37.13 34.19 31.23 28.59 26.28 24.27 22.52 21.01 19.71 18.56 17.56 16.65 15.80 14.92 13.99 12.98 11.91 10.76 9.58 8.39 7.23 6.13 5.12 4.24 3.52 3.00 2.69 2.47 2.27 2.07 1.89 1.71 1.55 1.40 1.26 1.14
13.07 13.68 14.19 14.62 14.97 15.26 15.49 15.67 15.85 16.11 16.47 16.96 17.57 18.31 19.18 20.17 21.28 22.50 23.85 25.30 26.86 28.52 30.28 32.13 34.00 35.86 37.70 39.49 41.23 42.91 44.50 45.99 47.37 48.58 49.55 50.25 50.70 50.87 50.76 50.29 49.45 48.26 46.73 44.88 42.73 40.30 37.60 34.66 31.70 29.06 26.76 24.75 23.01 21.51 20.20 19.07 18.07 17.15 16.24 15.27 14.26 13.18 12.06 10.89 9.68 8.46 7.28 6.16 5.14 4.25 3.52 2.99 2.68 2.46 2.25 2.05 1.86 1.68 1.52 1.36 1.22 1.09
13.37 13.95 14.42 14.80 15.10 15.33 15.50 15.64 15.85 16.16 16.57 17.11 17.76 18.53 19.43 20.46 21.60 22.86 24.22 25.69 27.26 28.93 30.70 32.55 34.43 36.29 38.13 39.92 41.67 43.35 44.94 46.44 47.78 48.89 49.76 50.38 50.75 50.86 50.71 50.28 49.51 48.38 46.91 45.11 43.01 40.61 37.95 35.03 32.09 29.48 27.19 25.21 23.50 22.02 20.74 19.63 18.64 17.67 16.67 15.62 14.54 13.41 12.24 11.04 9.81 8.57 7.37 6.23 5.19 4.29 3.55 3.02 2.70 2.48 2.27 2.06 1.87 1.69 1.51 1.35 1.20 1.07
13.66 14.18 14.60 14.92 15.15 15.31 15.42 15.59 15.85 16.21 16.67 17.24 17.93 18.73 19.65 20.70 21.87 23.15 24.53 26.01 27.60 29.27 31.04 32.89 34.76 36.62 38.46 40.26 42.00 43.68 45.27 46.72 47.96 48.98 49.76 50.30 50.61 50.67 50.48 50.03 49.32 48.27 46.87 45.14 43.10 40.77 38.16 35.29 32.39 29.82 27.58 25.65 23.98 22.55 21.32 20.24 19.20 18.14 17.05 15.94 14.80 13.63 12.43 11.21 9.97 8.71 7.49 6.33 5.28 4.37 3.62 3.08 2.75 2.53 2.32 2.11 1.91 1.72 1.54 1.37 1.22 1.09
13.92 14.38 14.73 14.97 15.12 15.21 15.35 15.57 15.87 16.27 16.77 17.37 18.08 18.90 19.84 20.89 22.07 23.37 24.76 26.26 27.85 29.53 31.30 33.14 35.01 36.86 38.69 40.48 42.23 43.90 45.44 46.79 47.93 48.85 49.55 50.03 50.28 50.29 50.07 49.61 48.89 47.91 46.62 44.98 43.03 40.77 38.24 35.44 32.61 30.10 27.92 26.06 24.46 23.09 21.91 20.79 19.66 18.52 17.36 16.19 15.01 13.81 12.59 11.37 10.13 8.88 7.65 6.47 5.41 4.48 3.72 3.18 2.85 2.62 2.40 2.19 1.99 1.79 1.61 1.43 1.28 1.15
14.14 14.52 14.78 14.93 15.02 15.12 15.31 15.57 15.92 16.35 16.87 17.50 18.22 19.05 19.99 21.04 22.22 23.51 24.92 26.42 28.01 29.69 31.46 33.29 35.15 36.99 38.81 40.60 42.33 43.94 45.38 46.63 47.67 48.51 49.15 49.56 49.77 49.75 49.50 49.02 48.31 47.35 46.14 44.62 42.77 40.62 38.18 35.47 32.73 30.30 28.22 26.44 24.93 23.63 22.42 21.21 19.99 18.78 17.56 16.35 15.13 13.92 12.70 11.48 10.27 9.05 7.84 6.66 5.58 4.64 3.87 3.31 2.98 2.75 2.53 2.31 2.10 1.90 1.72 1.55 1.40 1.27
14.32 14.60 14.76 14.84 14.93 15.09 15.31 15.61 15.98 16.44 16.98 17.62 18.35 19.18 20.12 21.16 22.32 23.59 24.99 26.49 28.08 29.76 31.51 33.33 35.18 37.01 38.82 40.59 42.26 43.77 45.10 46.25 47.21 47.98 48.55 48.91 49.08 49.03 48.77 48.28 47.58 46.65 45.48 44.06 42.34 40.31 37.99 35.39 32.75 30.44 28.46 26.79 25.37 24.04 22.74 21.44 20.16 18.88 17.63 16.38 15.14 13.92 12.71 11.52 10.34 9.17 8.02 6.88 5.79 4.84 4.06 3.50 3.17 2.93 2.70 2.48 2.27 2.07 1.88 1.71 1.57 1.44
14.44 14.61 14.69 14.77 14.91 15.10 15.36 15.68 16.08 16.55 17.11 17.75 18.47 19.30 20.22 21.25 22.38 23.62 24.99 26.47 28.05 29.72 31.46 33.26 35.09 36.90 38.69 40.40 41.97 43.37 44.60 45.66 46.54 47.24 47.76 48.09 48.22 48.15 47.88 47.41 46.72 45.81 44.68 43.33 41.73 39.85 37.66 35.19 32.69 30.50 28.66 27.09 25.64 24.23 22.83 21.47 20.12 18.81 17.52 16.25 15.01 13.80 12.61 11.45 10.31 9.20 8.12 7.07 6.04 5.09 4.31 3.74 3.40 3.16 2.93 2.70 2.48 2.29 2.10 1.94 1.80 1.68
14.49 14.58 14.66 14.78 14.95 15.17 15.46 15.80 16.21 16.69 17.24 17.88 18.60 19.41 20.31 21.30 22.41 23.61 24.93 26.36 27.91 29.56 31.29 33.07 34.88 36.67 38.40 39.99 41.44 42.74 43.88 44.86 45.67 46.32 46.79 47.09 47.20 47.12 46.85 46.39 45.73 44.86 43.78 42.48 40.97 39.22 37.19 34.88 32.53 30.49 28.77 27.18 25.64 24.14 22.68 21.25 19.86 18.52 17.20 15.93 14.70 13.51 12.35 11.24 10.16 9.12 8.13 7.17 6.26 5.39 4.61 4.03 3.68 3.44 3.20 2.98 2.77 2.57 2.40 2.24 2.10 1.98
14.51 14.60 14.71 14.87 15.06 15.31 15.61 15.96 16.37 16.85 17.40 18.02 18.72 19.51 20.38 21.34 22.40 23.56 24.82 26.20 27.69 29.29 30.99 32.75 34.53 36.26 37.86 39.34 40.69 41.89 42.95 43.86 44.62 45.22 45.65 45.92 46.02 45.94 45.69 45.24 44.61 43.79 42.76 41.54 40.10 38.46 36.59 34.45 32.27 30.37 28.64 26.96 25.34 23.76 22.24 20.77 19.35 17.98 16.66 15.39 14.18 13.02 11.91 10.85 9.85 8.90 8.00 7.15 6.36 5.62 4.94 4.38 4.03 3.78 3.54 3.32 3.12 2.93 2.76 2.60 2.47 2.35
14.60 14.71 14.86 15.04 15.25 15.51 15.81 16.17 16.58 17.05 17.58 18.18 18.85 19.60 20.44 21.36 22.37 23.47 24.67 25.98 27.40 28.93 30.57 32.30 34.00 35.61 37.10 38.47 39.72 40.83 41.82 42.67 43.38 43.94 44.34 44.60 44.69 44.62 44.39 43.97 43.38 42.61 41.65 40.50 39.16 37.61 35.86 33.90 31.87 29.97 28.15 26.39 24.69 23.05 21.48 19.98 18.54 17.16 15.85 14.60 13.42 12.30 11.25 10.26 9.34 8.49 7.70 6.98 6.33 5.74 5.22 4.77 4.44 4.19 3.96 3.74 3.54 3.36 3.20 3.05 2.92 2.81
14.75 14.90 15.07 15.26 15.49 15.75 16.06 16.41 16.80 17.26 17.77 18.34 18.98 19.69 20.48 21.35 22.30 23.34 24.48 25.71 27.05 28.49 30.05 31.69 33.27 34.76 36.14 37.41 38.57 39.61 40.53 41.33 41.99 42.52 42.91 43.16 43.26 43.20 42.99 42.62 42.08 41.37 40.49 39.42 38.18 36.74 35.11 33.27 31.27 29.28 27.37 25.53 23.77 22.08 20.48 18.95 17.49 16.12 14.82 13.60 12.46 11.40 10.42 9.51 8.68 7.94 7.27 6.68 6.17 5.74 5.39 5.12 4.91 4.68 4.46 4.25 4.05 3.88 3.72 3.57 3.44 3.34
14.85 15.03 15.22 15.43 15.67 15.94 16.24 16.58 16.97 17.40 17.89 18.43 19.04 19.71 20.45 21.27 22.16 23.14 24.21 25.37 26.63 27.98 29.45 31.00 32.48 33.85 35.13 36.31 37.39 38.37 39.23 39.98 40.61 41.12 41.50 41.75 41.86 41.83 41.66 41.33 40.85 40.22 39.41 38.44 37.30 35.98 34.47 32.71 30.74 28.70 26.69 24.78 22.95 21.21 19.56 18.01 16.54 15.16 13.88 12.69 11.59 10.57 9.66 8.83 8.09 7.45 6.90 6.44 6.08 5.81 5.63 5.52 5.42 5.27 5.06 4.85 4.66 4.48 4.32 4.18 4.05 3.94
