data_processed/recharge/precip/Precip_2001_08.asc
ncols        168
nrows        136
xllcorner    455000
yllcorner    2107000
cellsize     500
NODATA_value     -99999
[rows 0 to 32 of 136, columns 0 to 72 of 168]
410.83 403.75 395.99 387.60 378.68 369.33 359.66 349.78 339.80 329.83 319.96 310.32 301.00 292.11 283.76 276.06 269.11 263.02 257.90 253.86 250.98 248.98 247.20 245.27 243.53 242.50 242.14 242.32 242.90 243.85 245.17 246.82 248.79 251.06 253.61 256.41 259.45 262.71 266.16 269.79 273.58 277.50 281.53 285.66 289.87 294.13 298.39 302.23 305.07 306.77 308.15 310.06 312.45 314.80 316.78 318.36 319.56 320.37 320.79 320.84 320.51 319.80 318.71 317.26 315.44 313.26 310.71 307.81 304.55 300.94 296.97 292.66 287.98
411.40 405.24 398.22 390.44 382.01 373.03 363.63 353.89 343.93 333.86 323.79 313.81 304.04 294.59 285.55 277.05 269.18 262.06 255.78 250.47 246.22 243.11 240.84 238.69 236.79 235.58 234.96 234.79 235.05 235.72 236.78 238.22 240.00 242.11 244.52 247.23 250.21 253.43 256.88 260.54 264.39 268.40 272.56 276.85 281.24 285.72 290.27 294.82 298.95 302.07 304.90 308.12 311.25 313.97 316.26 318.13 319.56 320.58 321.17 321.34 321.11 320.45 319.39 317.93 316.06 313.79 311.12 308.06 304.60 300.76 296.52 291.91 286.91
410.44 405.25 399.08 392.03 384.21 375.73 366.70 357.23 347.41 337.36 327.19 317.00 306.90 297.00 287.40 278.22 269.55 261.50 254.19 247.72 242.20 237.73 234.39 231.86 229.78 228.29 227.32 226.83 226.80 227.21 228.04 229.28 230.89 232.87 235.19 237.82 240.76 243.98 247.45 251.17 255.10 259.24 263.55 268.02 272.63 277.35 282.18 287.08 292.00 296.53 300.77 304.85 308.47 311.62 314.31 316.53 318.28 319.58 320.42 320.81 320.75 320.24 319.28 317.88 316.04 313.77 311.05 307.91 304.34 300.35 295.93 291.09 285.83
408.07 403.96 398.75 392.55 385.46 377.60 369.06 359.96 350.41 340.50 330.35 320.07 309.76 299.53 289.48 279.73 270.37 261.53 253.30 245.79 239.11 233.36 228.66 225.09 222.56 220.72 219.42 218.63 218.33 218.51 219.14 220.20 221.67 223.54 225.78 228.37 231.29 234.53 238.05 241.85 245.90 250.17 254.66 259.34 264.19 269.18 274.31 279.55 284.87 290.22 295.36 300.04 304.20 307.86 311.02 313.67 315.83 317.49 318.66 319.34 319.53 319.23 318.46 317.20 315.47 313.26 310.59 307.45 303.84 299.77 295.24 290.25 284.81
404.61 401.70 397.57 392.32 386.08 378.93 371.00 362.39 353.20 343.54 333.53 323.26 312.84 302.39 292.00 281.79 271.86 262.33 253.29 244.85 237.12 230.21 224.22 219.23 215.57 213.23 211.61 210.53 209.98 209.93 210.37 211.27 212.62 214.39 216.56 219.12 222.04 225.31 228.89 232.78 236.95 241.39 246.06 250.96 256.06 261.34 266.78 272.36 278.03 283.69 289.25 294.51 299.27 303.49 307.17 310.31 312.91 314.98 316.53 317.54 318.04 318.01 317.46 316.40 314.83 312.74 310.15 307.06 303.46 299.37 294.78 289.70 284.12
400.16 398.54 395.59 391.41 386.10 379.79 372.56 364.54 355.82 346.52 336.74 326.59 316.18 305.61 294.98 284.42 274.02 263.90 254.15 244.89 236.22 228.24 221.02 214.66 209.60 206.20 204.12 202.76 201.95 201.69 201.94 202.68 203.91 205.58 207.70 210.23 213.15 216.45 220.10 224.09 228.39 232.98 237.85 242.97 248.33 253.89 259.65 265.55 271.46 277.32 283.11 288.78 294.12 298.93 303.16 306.82 309.90 312.42 314.37 315.76 316.59 316.86 316.58 315.75 314.36 312.43 309.96 306.95 303.40 299.31 294.69 289.55 283.87
394.80 394.37 392.70 389.68 385.43 380.04 373.63 366.30 358.16 349.32 339.88 329.95 319.64 309.06 298.30 287.49 276.73 266.12 255.77 245.78 236.27 227.27 218.91 211.32 204.96 200.24 197.16 195.38 194.33 193.85 193.92 194.51 195.61 197.20 199.26 201.76 204.70 208.03 211.75 215.84 220.28 225.04 230.10 235.45 241.07 246.92 252.97 259.04 265.08 271.11 277.11 283.01 288.74 294.13 298.95 303.15 306.75 309.75 312.14 313.93 315.13 315.74 315.75 315.17 314.01 312.27 309.95 307.05 303.58 299.53 294.92 289.74 283.89
389.12 389.28 388.79 387.04 383.93 379.58 374.08 367.55 360.09 351.81 342.82 333.22 323.11 312.62 301.84 290.89 279.86 268.87 258.02 247.41 237.09 227.17 217.79 209.10 201.58 195.63 191.31 188.61 187.19 186.49 186.38 186.83 187.82 189.32 191.33 193.81 196.75 200.13 203.93 208.12 212.70 217.63 222.89 228.47 234.35 240.46 246.62 252.76 258.90 265.08 271.25 277.34 283.29 289.06 294.45 299.24 303.39 306.90 309.76 311.99 313.59 314.56 314.90 314.62 313.71 312.19 310.05 307.30 303.94 299.97 295.39 290.11 283.80
383.45 383.85 383.93 383.34 381.49 378.28 373.80 368.17 361.50 353.88 345.44 336.26 326.48 316.18 305.48 294.48 283.29 272.02 260.77 249.58 238.55 227.83 217.56 207.91 199.35 192.32 186.87 183.00 180.72 179.69 179.41 179.71 180.59 182.02 183.97 186.44 189.40 192.82 196.70 201.01 205.72 210.82 216.29 222.11 228.21 234.38 240.53 246.69 252.91 259.21 265.54 271.79 277.92 283.90 289.66 295.02 299.75 303.80 307.17 309.87 311.90 313.27 313.97 314.01 313.40 312.13 310.20 307.63 304.41 300.54 295.94 290.27 283.39
377.79 378.40 378.71 378.69 377.99 376.01 372.66 368.04 362.25 355.41 347.61 338.98 329.61 319.61 309.09 298.15 286.91 275.46 263.84 252.15 240.54 229.14 218.12 207.64 198.17 190.20 183.74 178.83 175.46 173.64 173.07 173.23 174.00 175.36 177.27 179.73 182.70 186.18 190.14 194.56 199.42 204.70 210.38 216.39 222.49 228.58 234.68 240.85 247.12 253.52 259.97 266.36 272.64 278.79 284.75 290.47 295.76 300.38 304.30 307.50 310.00 311.79 312.89 313.29 312.99 312.01 310.33 307.97 304.92 301.10 296.18 290.02 282.65
372.13 372.95 373.46 373.66 373.50 372.67 370.54 367.03 362.23 356.26 349.23 341.23 332.38 322.78 312.55 301.78 290.58 278.98 267.08 255.02 242.95 231.02 219.37 208.19 197.96 189.16 181.83 176.00 171.67 168.86 167.55 167.47 168.14 169.42 171.29 173.74 176.75 180.28 184.33 188.87 193.88 199.34 205.18 211.13 217.07 223.04 229.08 235.23 241.52 247.99 254.54 261.05 267.46 273.74 279.85 285.76 291.41 296.59 301.07 304.81 307.81 310.07 311.59 312.38 312.44 311.77 310.37 308.26 305.32 301.26 295.94 289.36 281.57
366.48 367.48 368.18 368.57 368.63 368.33 367.33 365.02 361.33 356.33 350.16 342.90 334.68 325.59 315.74 305.23 294.10 282.44 270.38 258.08 245.69 233.35 221.22 209.46 198.59 189.10 181.05 174.43 169.26 165.56 163.35 162.60 163.07 164.28 166.12 168.57 171.60 175.19 179.33 184.00 189.16 194.75 200.47 206.19 211.95 217.78 223.72 229.82 236.11 242.63 249.26 255.85 262.36 268.76 275.00 281.05 286.87 292.40 297.44 301.74 305.27 308.03 310.01 311.22 311.66 311.34 310.26 308.32 305.23 300.84 295.18 288.27 280.14
360.83 362.00 362.88 363.44 363.68 363.57 363.09 361.91 359.40 355.50 350.28 343.88 336.38 327.90 318.53 308.32 297.33 285.72 273.64 261.24 248.65 236.04 223.55 211.36 199.98 189.94 181.28 174.00 168.14 163.69 160.67 159.10 158.97 160.02 161.83 164.27 167.34 171.00 175.23 180.03 185.28 190.69 196.12 201.58 207.12 212.79 218.61 224.63 230.90 237.43 244.11 250.77 257.36 263.84 270.19 276.35 282.30 287.99 293.37 298.23 302.32 305.60 308.07 309.74 310.60 310.66 309.83 307.81 304.47 299.83 293.91 286.74 278.35
355.17 356.50 357.53 358.26 358.66 358.72 358.43 357.75 356.35 353.63 349.48 344.03 337.36 329.59 320.73 310.87 300.16 288.74 276.77 264.38 251.74 238.99 226.28 213.77 202.03 191.56 182.43 174.63 168.20 163.13 159.44 157.15 156.27 156.80 158.49 160.94 164.04 167.77 172.10 176.95 181.98 187.02 192.11 197.29 202.59 208.06 213.74 219.66 225.88 232.41 239.11 245.80 252.44 258.99 265.41 271.67 277.72 283.53 289.05 294.24 298.88 302.72 305.72 307.87 309.18 309.57 308.73 306.55 303.03 298.21 292.12 284.77 276.20
349.50 350.97 352.15 353.02 353.57 353.79 353.66 353.15 352.25 350.61 347.64 343.23 337.49 330.44 322.16 312.79 302.49 291.39 279.65 267.43 254.86 242.10 229.29 216.62 204.63 193.87 184.39 176.21 169.34 163.78 159.56 156.69 155.17 155.03 156.26 158.63 161.78 165.58 169.93 174.50 179.08 183.72 188.45 193.32 198.35 203.60 209.11 214.91 221.05 227.54 234.24 240.95 247.61 254.20 260.68 267.00 273.13 279.02 284.65 289.98 294.94 299.32 302.87 305.55 307.25 307.71 306.79 304.51 300.90 295.98 289.78 282.34 273.67
343.82 345.41 346.72 347.72 348.41 348.77 348.78 348.42 347.68 346.52 344.62 341.36 336.56 330.30 322.73 313.98 304.21 293.57 282.20 270.26 257.90 245.26 232.50 219.78 207.68 196.77 187.08 178.64 171.46 165.55 160.93 157.60 155.58 154.89 155.54 157.52 160.62 164.41 168.43 172.48 176.58 180.79 185.14 189.66 194.41 199.41 204.72 210.37 216.41 222.85 229.52 236.21 242.87 249.48 255.98 262.34 268.52 274.48 280.19 285.61 290.69 295.39 299.48 302.61 304.47 304.92 303.98 301.69 298.06 293.12 286.91 279.44 270.76
338.11 339.81 341.24 342.36 343.17 343.65 343.79 343.56 342.95 341.95 340.50 338.20 334.41 329.07 322.32 314.33 305.23 295.17 284.31 272.79 260.77 248.39 235.79 223.16 211.09 200.15 190.39 181.82 174.47 168.34 163.44 159.79 157.41 156.30 156.48 157.95 160.63 163.95 167.38 170.88 174.48 178.23 182.16 186.32 190.75 195.49 200.57 206.05 211.96 218.31 224.93 231.58 238.22 244.81 251.31 257.69 263.90 269.90 275.67 281.15 286.31 291.12 295.42 298.74 300.67 301.18 300.31 298.07 294.50 289.63 283.48 276.08 267.45
332.38 334.18 335.70 336.93 337.84 338.43 338.68 338.57 338.08 337.18 335.78 333.79 330.92 326.63 320.85 313.74 305.44 296.11 285.88 274.92 263.36 251.37 239.08 226.67 214.75 203.91 194.21 185.65 178.26 172.04 167.00 163.16 160.54 159.15 158.99 159.98 161.73 164.05 166.78 169.70 172.77 176.04 179.53 183.31 187.39 191.83 196.67 201.94 207.70 213.95 220.48 227.07 233.66 240.21 246.69 253.05 259.26 265.28 271.07 276.60 281.82 286.61 290.66 293.80 295.82 296.48 295.75 293.66 290.23 285.50 279.49 272.22 263.73
326.61 328.49 330.10 331.42 332.43 333.11 333.46 333.45 333.05 332.15 330.70 328.72 326.21 322.90 318.22 312.12 304.76 296.27 286.81 276.53 265.58 254.11 242.25 230.20 218.57 207.97 198.45 190.03 182.73 176.55 171.51 167.62 164.89 163.34 162.87 163.07 163.74 164.92 166.69 168.94 171.46 174.21 177.25 180.60 184.32 188.44 193.01 198.05 203.62 209.74 216.17 222.67 229.18 235.67 242.09 248.42 254.61 260.62 266.41 271.95 277.12 281.61 285.26 288.06 289.98 290.81 290.30 288.43 285.23 280.72 274.92 267.88 259.61
320.81 322.76 324.44 325.83 326.92 327.68 328.11 328.17 327.74 326.78 325.30 323.32 320.87 317.97 314.32 309.37 303.07 295.56 287.01 277.54 267.33 256.50 245.22 233.65 222.44 212.21 203.01 194.87 187.78 181.78 176.86 173.04 170.34 168.66 167.55 166.80 166.46 166.61 167.33 168.66 170.54 172.76 175.30 178.22 181.54 185.32 189.58 194.38 199.74 205.70 212.00 218.38 224.79 231.19 237.54 243.80 249.94 255.91 261.68 267.13 271.97 276.03 279.30 281.77 283.42 284.22 283.96 282.39 279.48 275.27 269.78 263.03 255.06
314.97 316.97 318.71 320.16 321.31 322.14 322.61 322.63 322.11 321.09 319.59 317.63 315.24 312.44 309.25 305.38 300.27 293.89 286.36 277.85 268.50 258.45 247.87 236.92 226.26 216.53 207.79 200.05 193.32 187.62 182.96 179.35 176.69 174.52 172.59 170.98 169.74 168.96 168.70 169.05 170.06 171.67 173.70 176.15 179.05 182.46 186.39 190.91 196.05 201.82 207.96 214.20 220.48 226.76 233.01 239.19 245.25 251.16 256.81 261.90 266.28 269.93 272.84 274.99 276.38 276.98 276.76 275.52 272.99 269.16 264.04 257.68 250.08
309.08 311.13 312.90 314.39 315.59 316.45 316.86 316.76 316.16 315.10 313.59 311.66 309.33 306.65 303.62 300.26 296.28 291.14 284.78 277.34 268.99 259.86 250.12 239.92 229.94 220.84 212.69 205.48 199.24 193.98 189.70 186.31 183.31 180.46 177.81 175.43 173.39 171.78 170.66 170.10 170.19 170.99 172.44 174.39 176.85 179.86 183.45 187.66 192.54 198.10 204.06 210.13 216.26 222.40 228.52 234.58 240.55 246.29 251.55 256.15 260.10 263.36 265.93 267.79 268.93 269.33 268.99 267.86 265.74 262.37 257.71 251.80 244.66
303.15 305.21 307.01 308.54 309.74 310.52 310.79 310.58 309.91 308.81 307.31 305.42 303.18 300.62 297.75 294.60 291.19 287.22 282.15 275.93 268.71 260.63 251.85 242.53 233.37 225.04 217.60 211.06 205.44 200.75 196.86 193.29 189.75 186.30 183.02 179.97 177.24 174.90 173.01 171.66 170.92 170.86 171.56 172.96 174.94 177.53 180.74 184.62 189.22 194.54 200.30 206.18 212.12 218.10 224.07 229.99 235.75 241.07 245.82 249.96 253.48 256.37 258.62 260.21 261.13 261.36 260.89 259.71 257.78 254.89 250.77 245.39 238.79
297.15 299.23 301.04 302.56 303.66 304.27 304.40 304.10 303.37 302.26 300.77 298.94 296.80 294.37 291.67 288.73 285.58 282.23 278.39 273.51 267.55 260.66 252.97 244.67 236.46 229.02 222.43 216.69 211.82 207.69 203.78 199.79 195.79 191.85 188.04 184.44 181.11 178.14 175.60 173.55 172.08 171.27 171.17 171.86 173.32 175.46 178.26 181.79 186.08 191.15 196.67 202.33 208.07 213.85 219.64 225.32 230.63 235.42 239.67 243.36 246.49 249.03 250.99 252.33 253.04 253.12 252.55 251.31 249.40 246.77 243.21 238.45 232.46
291.10 293.17 294.96 296.34 297.25 297.70 297.72 297.33 296.57 295.44 293.99 292.23 290.20 287.91 285.40 282.69 279.80 276.77 273.59 269.99 265.42 259.84 253.38 246.23 239.10 232.69 227.08 222.27 218.14 214.13 209.95 205.64 201.28 196.95 192.71 188.65 184.83 181.33 178.23 175.60 173.50 172.02 171.24 171.21 172.02 173.65 176.03 179.18 183.13 187.91 193.17 198.59 204.10 209.66 215.18 220.37 225.12 229.38 233.15 236.43 239.18 241.40 243.07 244.18 244.72 244.67 244.02 242.75 240.85 238.30 235.08 230.95 225.66
284.98 287.01 288.64 289.81 290.54 290.85 290.76 290.30 289.50 288.39 286.98 285.31 283.40 281.27 278.96 276.49 273.87 271.15 268.34 265.46 262.22 258.08 252.98 247.11 241.19 235.94 231.44 227.55 223.69 219.55 215.17 210.64 206.03 201.41 196.85 192.43 188.22 184.30 180.74 177.62 175.00 172.96 171.59 170.94 171.09 172.12 174.03 176.77 180.37 184.83 189.81 194.96 200.21 205.46 210.46 215.06 219.25 223.02 226.34 229.21 231.61 233.52 234.94 235.84 236.22 236.06 235.35 234.07 232.21 229.75 226.68 222.96 218.38
278.77 280.62 282.02 282.98 283.54 283.71 283.53 283.02 282.20 281.11 279.76 278.19 276.42 274.47 272.36 270.14 267.82 265.42 262.98 260.52 258.04 255.27 251.67 247.21 242.63 238.68 235.27 231.80 227.94 223.75 219.28 214.63 209.87 205.06 200.28 195.60 191.11 186.87 182.95 179.44 176.40 173.91 172.05 170.88 170.48 170.92 172.28 174.58 177.79 181.91 186.59 191.43 196.34 201.04 205.42 209.44 213.10 216.39 219.28 221.77 223.83 225.46 226.64 227.36 227.61 227.36 226.61 225.34 223.53 221.18 218.27 214.78 210.68
272.34 273.93 275.09 275.86 276.26 276.32 276.06 275.50 274.68 273.63 272.35 270.89 269.26 267.50 265.63 263.67 261.65 259.59 257.53 255.48 253.48 251.53 249.35 246.43 243.33 240.64 237.80 234.47 230.70 226.55 222.10 217.43 212.61 207.72 202.82 198.00 193.32 188.86 184.69 180.89 177.53 174.69 172.44 170.85 170.00 169.96 170.80 172.60 175.39 179.15 183.49 187.95 192.27 196.33 200.10 203.57 206.72 209.55 212.03 214.16 215.91 217.28 218.25 218.80 218.93 218.61 217.84 216.60 214.88 212.66 209.92 206.66 202.86
265.60 266.93 267.88 268.47 268.72 268.68 268.35 267.77 266.96 265.95 264.76 263.42 261.96 260.40 258.76 257.08 255.38 253.68 252.00 250.39 248.85 247.42 246.11 244.67 243.01 241.05 238.49 235.37 231.78 227.78 223.45 218.87 214.10 209.22 204.31 199.43 194.67 190.09 185.78 181.79 178.22 175.13 172.59 170.68 169.48 169.06 169.48 170.84 173.19 176.55 180.46 184.31 187.96 191.38 194.57 197.50 200.17 202.56 204.65 206.44 207.90 209.03 209.80 210.21 210.25 209.89 209.12 207.93 206.31 204.24 201.70 198.69 195.18
258.59 259.68 260.42 260.84 260.97 260.83 260.45 259.86 259.07 258.13 257.04 255.84 254.56 253.21 251.83 250.44 249.07 247.74 246.47 245.30 244.25 243.34 242.61 241.97 241.05 239.49 237.28 234.48 231.16 227.41 223.30 218.89 214.26 209.50 204.66 199.83 195.08 190.48 186.11 182.04 178.34 175.09 172.37 170.24 168.78 168.06 168.17 169.16 171.13 174.13 177.47 180.61 183.59 186.40 189.01 191.43 193.62 195.59 197.31 198.77 199.96 200.86 201.46 201.75 201.70 201.31 200.57 199.45 197.94 196.03 193.71 190.97 187.77
251.42 252.28 252.84 253.12 253.15 252.95 252.54 251.96 251.22 250.36 249.40 248.36 247.28 246.17 245.07 244.00 242.98 242.04 241.20 240.50 239.96 239.59 239.35 238.87 238.04 236.83 235.01 232.57 229.58 226.13 222.27 218.09 213.67 209.06 204.36 199.62 194.93 190.36 185.98 181.87 178.11 174.75 171.89 169.59 167.92 166.97 166.80 167.49 169.19 172.12 175.22 177.74 180.04 182.22 184.25 186.13 187.85 189.38 190.71 191.84 192.74 193.40 193.81 193.95 193.82 193.38 192.64 191.58 190.18 188.42 186.31 183.81 180.92
244.17 244.84 245.25 245.41 245.36 245.12 244.71 244.17 243.51 242.76 241.95 241.11 240.25 239.41 238.62 237.88 237.25 236.73 236.35 236.14 236.13 236.25 236.15 235.60 234.70 233.57 232.09 230.04 227.42 224.29 220.73 216.81 212.61 208.19 203.65 199.04 194.44 189.93 185.58 181.46 177.65 174.22 171.25 168.81 166.97 165.81 165.40 165.89 167.61 170.59 173.70 175.97 177.66 179.18 180.61 181.93 183.13 184.20 185.12 185.88 186.47 186.87 187.06 187.03 186.78 186.27 185.51 184.47 183.15 181.52 179.58 177.30 174.68
236.94 237.39 237.66 237.74 237.64 237.39 237.01 236.53 235.97 235.37 234.74 234.11 233.51 232.97 232.50 232.14 231.91 231.84 231.95 232.27 232.73 232.98 232.80 232.17 231.21 230.02 228.62 226.92 224.68 221.91 218.67 215.04 211.10 206.91 202.55 198.09 193.62 189.20 184.90 180.81 176.98 173.51 170.46 167.91 165.92 164.58 164.04 164.62 166.47 169.51 172.63 174.87 176.31 177.23 178.02 178.75 179.42 180.00 180.48 180.85 181.09 181.19 181.14 180.92 180.52 179.92 179.11 178.07 176.79 175.27 173.47 171.39 168.95
