data_processed/recharge/precip/Precip_2011_06.asc
ncols        168
nrows        136
xllcorner    455000
yllcorner    2107000
cellsize     500
NODATA_value     -99999
[rows 0 to 31 of 136, columns 0 to 71 of 168]
417.89 414.18 409.90 405.10 399.84 394.17 388.15 381.84 375.28 368.54 361.67 354.73 347.77 340.84 334.01 327.32 320.84 314.62 308.72 303.92 301.79 301.09 299.28 296.53 293.74 290.94 288.02 284.96 281.82 278.66 275.57 272.62 269.87 267.40 265.28 263.59 262.39 261.76 261.78 262.50 264.02 266.39 269.69 274.00 279.36 285.80 293.71 303.61 313.22 319.59 322.85 324.15 324.90 325.40 325.70 325.83 325.83 325.75 325.61 325.47 325.36 325.31 325.36 325.57 325.95 326.56 327.43 328.59 330.10 331.96 333.95 335.58
386.11 385.12 383.48 381.24 378.47 375.21 371.53 367.47 363.09 358.45 353.61 348.62 343.53 338.40 333.28 328.24 323.32 318.58 314.08 309.89 306.47 304.40 302.15 299.30 296.41 293.36 290.10 286.69 283.19 279.68 276.23 272.91 269.80 266.97 264.49 262.43 260.87 259.88 259.53 259.89 261.03 263.03 265.97 269.90 274.91 281.07 288.56 297.80 306.59 312.19 315.55 318.16 320.35 322.16 323.64 324.82 325.74 326.43 326.95 327.32 327.58 327.78 327.95 328.13 328.36 328.67 329.12 329.73 330.55 331.60 332.92 334.21
365.34 366.35 366.64 366.25 365.25 363.69 361.62 359.11 356.20 352.95 349.42 345.67 341.74 337.69 333.58 329.47 325.40 321.44 317.64 314.06 310.75 307.91 305.25 302.33 299.20 295.79 292.15 288.35 284.47 280.58 276.75 273.05 269.55 266.33 263.47 261.02 259.07 257.69 256.94 256.91 257.66 259.27 261.81 265.35 269.96 275.72 282.72 291.19 299.14 304.81 309.54 313.68 317.27 320.35 322.96 325.13 326.92 328.34 329.46 330.29 330.88 331.28 331.51 331.62 331.64 331.62 331.59 331.60 331.68 331.86 332.19 332.69
357.67 359.99 361.50 362.26 362.33 361.77 360.62 358.95 356.80 354.24 351.32 348.10 344.63 340.96 337.15 333.27 329.35 325.47 321.66 318.00 314.53 311.31 308.30 305.14 301.63 297.82 293.77 289.57 285.28 280.98 276.74 272.63 268.72 265.10 261.82 258.96 256.59 254.79 253.63 253.19 253.52 254.71 256.83 259.95 264.14 269.48 276.03 283.86 291.86 298.97 305.32 310.94 315.88 320.18 323.88 327.00 329.60 331.71 333.37 334.62 335.50 336.04 336.29 336.28 336.05 335.65 335.10 334.45 333.74 333.00 332.28 331.62
358.12 361.33 363.66 365.16 365.89 365.91 365.27 364.02 362.23 359.95 357.23 354.13 350.71 347.01 343.10 339.03 334.85 330.63 326.41 322.26 318.22 314.37 310.82 307.23 303.30 299.07 294.61 289.98 285.28 280.56 275.89 271.36 267.03 262.98 259.28 255.99 253.20 250.97 249.38 248.51 248.41 249.17 250.85 253.54 257.30 262.20 268.34 276.06 285.02 293.81 301.76 308.86 315.15 320.65 325.42 329.49 332.89 335.68 337.88 339.53 340.68 341.36 341.61 341.47 340.98 340.18 339.10 337.79 336.28 334.62 332.83 330.96
357.59 361.68 364.82 367.06 368.46 369.06 368.93 368.11 366.68 364.67 362.15 359.17 355.80 352.07 348.05 343.80 339.36 334.80 330.17 325.52 320.93 316.56 312.54 308.45 304.08 299.43 294.56 289.52 284.40 279.26 274.18 269.23 264.48 260.01 255.88 252.17 248.96 246.31 244.29 242.99 242.47 242.80 244.05 246.31 249.63 254.13 260.14 268.16 277.61 287.50 297.04 305.66 313.32 320.08 325.96 331.01 335.26 338.76 341.54 343.64 345.10 345.96 346.26 346.03 345.32 344.16 342.60 340.66 338.40 335.84 333.03 329.92
355.15 360.17 364.17 367.19 369.28 370.51 370.93 370.59 369.55 367.86 365.58 362.77 359.48 355.76 351.68 347.28 342.63 337.77 332.77 327.69 322.68 317.92 313.49 308.94 304.09 299.00 293.71 288.27 282.73 277.18 271.69 266.32 261.16 256.27 251.73 247.61 243.97 240.90 238.47 236.74 235.80 235.70 236.54 238.37 241.29 245.65 251.94 260.31 270.10 280.41 290.98 301.10 310.19 318.24 325.29 331.36 336.51 340.77 344.17 346.77 348.59 349.68 350.06 349.80 348.91 347.44 345.43 342.92 339.95 336.54 332.67 328.21
351.05 356.87 361.76 365.60 368.44 370.33 371.34 371.51 370.91 369.58 367.59 364.98 361.82 358.16 354.05 349.56 344.73 339.62 334.29 328.90 323.59 318.52 313.72 308.77 303.46 297.89 292.17 286.32 280.38 274.42 268.52 262.75 257.18 251.88 246.92 242.39 238.34 234.86 232.01 229.86 228.50 227.99 228.41 229.84 232.62 237.23 243.84 252.53 262.62 273.21 284.13 295.20 305.71 315.10 323.35 330.50 336.59 341.66 345.74 348.87 351.10 352.46 352.99 352.72 351.71 349.98 347.57 344.53 340.89 336.60 331.54 325.78
345.95 352.00 357.65 362.35 365.98 368.58 370.22 370.95 370.83 369.90 368.24 365.88 362.89 359.32 355.23 350.68 345.71 340.40 334.86 329.27 323.73 318.39 313.28 307.98 302.27 296.26 290.06 283.78 277.43 271.08 264.77 258.60 252.62 246.91 241.55 236.61 232.16 228.26 225.00 222.45 220.68 219.75 219.77 221.06 224.06 228.97 235.87 244.85 255.20 266.02 277.16 288.51 299.90 310.62 320.12 328.40 335.47 341.39 346.19 349.91 352.59 354.27 354.98 354.77 353.67 351.73 348.97 345.45 341.09 335.77 329.57 322.67
340.20 346.21 352.09 357.52 361.97 365.33 367.64 368.97 369.37 368.89 367.59 365.52 362.74 359.31 355.29 350.71 345.66 340.24 334.59 328.86 323.14 317.58 312.22 306.62 300.56 294.16 287.52 280.76 273.99 267.24 260.54 253.96 247.59 241.48 235.72 230.38 225.52 221.22 217.56 214.60 212.42 211.10 210.97 212.45 215.73 220.89 228.05 237.27 247.85 258.87 270.18 281.68 293.29 304.81 315.56 325.00 333.11 339.93 345.49 349.85 353.02 355.07 356.01 355.90 354.76 352.65 349.59 345.53 340.30 334.01 326.81 318.91
333.84 339.82 345.67 351.33 356.49 360.63 363.66 365.63 366.59 366.60 365.70 363.97 361.45 358.20 354.27 349.73 344.67 339.23 333.54 327.71 321.87 316.15 310.58 304.74 298.39 291.64 284.61 277.42 270.19 263.01 255.92 248.95 242.18 235.68 229.52 223.78 218.52 213.83 209.76 206.40 203.84 202.36 202.40 204.13 207.63 213.02 220.40 229.82 240.59 251.78 263.22 274.83 286.52 298.20 309.67 320.26 329.45 337.22 343.60 348.63 352.36 354.81 356.03 356.07 354.94 352.70 349.28 344.51 338.47 331.33 323.29 314.53
326.95 332.89 338.72 344.36 349.74 354.57 358.35 361.00 362.56 363.10 362.65 361.30 359.07 356.04 352.26 347.82 342.84 337.44 331.74 325.88 319.97 314.13 308.42 302.39 295.80 288.76 281.39 273.82 266.15 258.52 251.00 243.65 236.49 229.60 223.05 216.91 211.26 206.17 201.72 197.98 195.24 193.92 194.17 196.10 199.80 205.38 212.93 222.52 233.45 244.76 256.30 267.99 279.72 291.41 302.97 314.21 324.47 333.23 340.47 346.23 350.55 353.46 355.01 355.23 354.16 351.73 347.77 342.33 335.61 327.79 319.05 309.59
319.57 325.49 331.29 336.91 342.29 347.34 351.77 355.14 357.35 358.45 358.50 357.56 355.67 352.91 349.33 345.05 340.20 334.89 329.26 323.41 317.48 311.59 305.78 299.61 292.83 285.56 277.91 270.00 261.96 253.89 245.93 238.16 230.61 223.34 216.40 209.88 203.84 198.37 193.53 189.62 187.01 185.87 186.29 188.39 192.25 197.98 205.67 215.40 226.44 237.84 249.44 261.16 272.90 284.57 296.08 307.35 318.18 327.92 336.07 342.60 347.55 350.97 352.89 353.35 352.27 349.46 344.98 339.03 331.77 323.41 314.13 304.11
311.77 317.66 323.44 329.05 334.42 339.47 344.13 348.12 351.01 352.73 353.31 352.82 351.32 348.86 345.54 341.48 336.82 331.66 326.13 320.35 314.46 308.56 302.71 296.45 289.54 282.09 274.21 266.02 257.65 249.21 240.82 232.60 224.65 216.99 209.68 202.77 196.36 190.51 185.49 181.68 179.22 178.23 178.79 181.02 185.00 190.84 198.64 208.46 219.58 231.03 242.66 254.38 266.09 277.70 289.13 300.28 311.07 321.30 330.35 337.70 343.34 347.31 349.64 350.26 348.96 345.80 340.96 334.63 326.99 318.24 308.56 298.12
303.59 309.46 315.24 320.84 326.20 331.25 335.92 340.13 343.62 345.98 347.14 347.15 346.06 343.95 340.94 337.16 332.73 327.77 322.40 316.75 310.94 305.10 299.26 292.97 285.97 278.39 270.33 261.92 253.28 244.52 235.76 227.13 218.73 210.67 202.97 195.69 188.91 182.87 177.93 174.25 171.91 171.02 171.69 174.00 178.07 183.99 191.85 201.73 212.89 224.36 235.98 247.66 259.30 270.82 282.12 293.13 303.74 313.86 323.32 331.48 337.86 342.42 345.09 345.65 344.16 340.79 335.73 329.18 321.31 312.31 302.37 291.68
295.08 300.95 306.72 312.33 317.69 322.74 327.42 331.65 335.36 338.29 340.06 340.59 339.93 338.22 335.58 332.13 327.99 323.28 318.13 312.66 306.99 301.24 295.47 289.20 282.18 274.52 266.34 257.76 248.89 239.87 230.79 221.79 212.98 204.48 196.39 188.75 181.77 175.78 170.94 167.34 165.08 164.27 164.99 167.37 171.48 177.43 185.33 195.23 206.40 217.85 229.41 241.01 252.55 263.94 275.09 285.91 296.30 306.19 315.47 323.97 331.06 336.14 338.91 339.44 337.89 334.47 329.34 322.71 314.75 305.66 295.62 284.81
286.31 292.18 297.96 303.57 308.94 314.00 318.70 322.95 326.68 329.82 332.09 333.15 332.99 331.73 329.51 326.44 322.64 318.23 313.35 308.11 302.63 297.05 291.39 285.19 278.20 270.52 262.27 253.57 244.54 235.29 225.96 216.65 207.48 198.57 190.05 182.18 175.23 169.31 164.52 160.97 158.76 157.98 158.74 161.13 165.25 171.21 179.10 188.98 200.12 211.50 222.99 234.47 245.87 257.09 268.04 278.64 288.78 298.39 307.37 315.62 322.84 328.13 331.02 331.65 330.21 326.87 321.82 315.26 307.37 298.32 288.32 277.55
277.33 283.21 288.99 294.61 300.00 305.09 309.80 314.08 317.83 320.95 323.36 324.89 325.27 324.53 322.77 320.13 316.73 312.69 308.12 303.17 297.94 292.56 287.07 281.00 274.08 266.43 258.17 249.40 240.26 230.85 221.31 211.74 202.26 193.01 184.25 176.31 169.36 163.47 158.71 155.18 152.97 152.19 152.93 155.30 159.40 165.32 173.17 183.00 194.06 205.36 216.72 228.05 239.27 250.29 261.01 271.34 281.20 290.49 299.12 306.86 313.33 318.34 321.45 322.33 321.13 318.03 313.21 306.87 299.18 290.34 280.53 269.94
268.20 274.09 279.88 285.52 290.93 296.04 300.79 305.08 308.80 311.86 314.24 315.95 316.83 316.65 315.42 313.26 310.31 306.68 302.49 297.87 292.94 287.82 282.56 276.67 269.89 262.32 254.09 245.31 236.11 226.59 216.89 207.12 197.40 187.99 179.20 171.23 164.22 158.30 153.52 149.96 147.73 146.90 147.60 149.92 153.95 159.80 167.57 177.31 188.27 199.43 210.62 221.77 232.78 243.55 254.00 264.04 273.57 282.50 290.61 297.48 303.02 307.30 310.28 311.52 310.71 307.99 303.55 297.57 290.24 281.75 272.27 262.01
258.96 264.87 270.69 276.35 281.79 286.93 291.70 295.94 299.57 302.58 304.96 306.70 307.81 308.14 307.49 305.88 303.43 300.26 296.50 292.27 287.69 282.89 277.91 272.25 265.65 258.22 250.07 241.34 232.13 222.56 212.75 202.84 193.05 183.69 174.94 166.95 159.87 153.83 148.97 145.36 143.05 142.15 142.77 144.99 148.92 154.66 162.31 171.92 182.74 193.73 204.73 215.65 226.40 236.90 247.04 256.74 265.91 274.30 281.51 287.43 292.12 295.63 298.03 299.29 298.97 296.79 292.87 287.40 280.58 272.58 263.59 253.80
249.67 255.61 261.46 267.15 272.63 277.79 282.50 286.63 290.19 293.16 295.54 297.34 298.54 299.15 299.04 298.02 296.13 293.48 290.20 286.41 282.24 277.81 273.16 267.78 261.42 254.18 246.18 237.54 228.37 218.80 208.95 199.05 189.38 180.12 171.42 163.43 156.28 150.13 145.12 141.37 138.96 137.95 138.44 140.53 144.33 149.92 157.41 166.87 177.50 188.28 199.05 209.71 220.17 230.35 240.15 249.47 258.08 265.55 271.77 276.80 280.70 283.52 285.32 286.16 286.01 284.46 281.21 276.40 270.23 262.87 254.52 245.36
240.39 246.36 252.24 257.98 263.48 268.57 273.14 277.18 280.67 283.63 286.04 287.90 289.22 289.99 290.20 289.75 288.46 286.38 283.64 280.35 276.64 272.62 268.36 263.32 257.25 250.25 242.45 233.95 224.89 215.37 205.63 195.92 186.42 177.27 168.63 160.64 153.44 147.18 142.01 138.07 135.48 134.32 134.65 136.58 140.19 145.60 152.91 162.16 172.57 183.11 193.61 203.97 214.11 223.93 233.34 242.09 249.75 256.20 261.50 265.70 268.87 271.06 272.32 272.72 272.32 271.08 268.60 264.61 259.24 252.67 245.10 236.71
231.18 237.18 243.11 248.87 254.28 259.22 263.66 267.61 271.07 274.03 276.48 278.43 279.88 280.82 281.25 281.17 280.47 279.02 276.86 274.12 270.92 267.38 263.55 258.91 253.18 246.48 238.92 230.63 221.72 212.40 202.92 193.44 184.12 175.10 166.53 158.55 151.31 144.96 139.63 135.48 132.66 131.28 131.41 133.14 136.54 141.73 148.80 157.82 167.98 178.23 188.42 198.45 208.22 217.65 226.47 234.24 240.85 246.34 250.78 254.23 256.73 258.35 259.14 259.17 258.49 257.15 255.14 252.05 247.63 242.00 235.36 227.89
222.08 228.12 234.08 239.74 244.98 249.76 254.10 257.99 261.42 264.39 266.91 268.97 270.57 271.70 272.36 272.56 272.27 271.44 269.92 267.78 265.15 262.14 258.79 254.60 249.27 242.92 235.66 227.62 218.99 210.00 200.82 191.60 182.47 173.58 165.09 157.14 149.87 143.43 137.96 133.62 130.54 128.88 128.75 130.23 133.38 138.32 145.12 153.86 163.73 173.67 183.51 193.16 202.53 211.35 219.17 225.86 231.48 236.08 239.72 242.47 244.37 245.49 245.88 245.59 244.70 243.24 241.29 238.82 235.45 230.91 225.34 218.94
213.15 219.22 225.07 230.53 235.59 240.24 244.49 248.33 251.76 254.77 257.37 259.55 261.31 262.65 263.56 264.05 264.11 263.74 262.86 261.37 259.36 256.93 254.13 250.43 245.55 239.60 232.71 225.04 216.81 208.19 199.32 190.35 181.43 172.69 164.29 156.37 149.08 142.57 136.97 132.44 129.13 127.17 126.71 127.88 130.75 135.38 141.89 150.32 159.86 169.44 178.90 188.13 196.88 204.67 211.37 217.04 221.73 225.50 228.42 230.53 231.90 232.57 232.62 232.09 231.05 229.54 227.64 225.39 222.78 219.43 215.09 209.90
204.42 210.37 215.99 221.25 226.16 230.69 234.87 238.68 242.12 245.19 247.89 250.21 252.15 253.72 254.90 255.70 256.11 256.14 255.77 254.95 253.60 251.81 249.61 246.46 242.09 236.60 230.15 222.96 215.16 206.92 198.38 189.68 180.97 172.39 164.09 156.22 148.93 142.35 136.63 131.93 128.38 126.14 125.34 126.13 128.65 132.95 139.12 147.20 156.37 165.56 174.59 183.19 190.88 197.52 203.16 207.87 211.71 214.72 216.97 218.51 219.40 219.70 219.47 218.76 217.63 216.14 214.35 212.31 210.07 207.63 204.62 200.80
195.77 201.48 206.87 211.95 216.72 221.16 225.28 229.08 232.55 235.69 238.51 240.99 243.13 244.94 246.41 247.54 248.32 248.76 248.86 248.60 247.93 246.83 245.27 242.73 238.92 233.97 228.07 221.37 214.03 206.18 197.97 189.55 181.06 172.65 164.47 156.66 149.36 142.73 136.91 132.04 128.28 125.76 124.63 125.04 127.14 131.05 136.83 144.52 153.29 162.05 170.43 177.94 184.44 190.00 194.65 198.47 201.50 203.82 205.46 206.50 206.98 206.98 206.53 205.70 204.56 203.14 201.52 199.75 197.89 195.98 194.04 191.68
187.10 192.56 197.75 202.67 207.31 211.67 215.76 219.56 223.08 226.32 229.26 231.92 234.29 236.36 238.13 239.61 240.78 241.65 242.22 242.48 242.43 242.03 241.18 239.29 236.11 231.77 226.44 220.26 213.37 205.92 198.06 189.93 181.68 173.45 165.39 157.65 150.37 143.70 137.78 132.76 128.79 126.00 124.56 124.60 126.26 129.70 135.05 142.32 150.64 158.73 165.99 172.29 177.67 182.20 185.93 188.92 191.22 192.90 194.01 194.60 194.74 194.49 193.89 193.01 191.91 190.64 189.26 187.82 186.39 185.02 183.77 182.62
178.43 183.66 188.66 193.43 197.97 202.27 206.34 210.17 213.75 217.10 220.20 223.05 225.65 228.00 230.10 231.94 233.52 234.85 235.91 236.70 237.23 237.49 237.36 236.20 233.70 230.00 225.24 219.58 213.16 206.13 198.62 190.80 182.79 174.75 166.83 159.17 151.91 145.21 139.21 134.05 129.88 126.84 125.09 124.76 126.01 128.98 133.82 140.59 148.23 155.18 161.19 166.34 170.66 174.23 177.10 179.32 180.96 182.06 182.70 182.92 182.78 182.34 181.66 180.79 179.80 178.73 177.65 176.61 175.68 174.90 174.34 174.05
169.82 174.83 179.67 184.31 188.77 193.03 197.10 200.98 204.65 208.13 211.40 214.47 217.33 219.98 222.42 224.65 226.66 228.45 230.03 231.38 232.51 233.38 233.70 233.13 231.33 228.28 224.12 219.00 213.07 206.46 199.33 191.82 184.08 176.25 168.48 160.91 153.70 146.98 140.91 135.62 131.27 128.00 125.96 125.29 126.13 128.65 132.97 139.25 146.00 151.67 156.48 160.52 163.85 166.51 168.56 170.07 171.09 171.68 171.89 171.78 171.41 170.84 170.13 169.32 168.49 167.68 166.95 166.37 165.98 165.85 166.03 166.58
161.35 166.19 170.88 175.43 179.83 184.09 188.19 192.14 195.93 199.57 203.04 206.36 209.51 212.49 215.30 217.95 220.42 222.71 224.83 226.77 228.49 229.68 229.85 229.32 228.09 225.72 222.19 217.64 212.22 206.07 199.35 192.19 184.74 177.15 169.56 162.13 154.98 148.29 142.17 136.80 132.30 128.82 126.52 125.53 126.01 128.10 132.04 138.10 144.50 149.25 152.90 155.85 158.18 159.95 161.21 162.02 162.44 162.52 162.32 161.91 161.33 160.64 159.90 159.18 158.52 157.98 157.62 157.50 157.68 158.21 159.15 160.46
153.07 157.76 162.35 166.83 171.22 175.49 179.66 183.71 187.66 191.48 195.19 198.78 202.25 205.60 208.81 211.90 214.86 217.69 220.38 222.91 224.93 225.95 225.88 225.14 223.96 222.14 219.27 215.33 210.46 204.81 198.53 191.75 184.63 177.32 169.95 162.67 155.64 148.99 142.88 137.44 132.83 129.19 126.66 125.39 125.54 127.33 131.13 137.05 143.30 147.77 150.59 152.48 153.83 154.71 155.18 155.30 155.13 154.71 154.11 153.39 152.61 151.81 151.07 150.43 149.95 149.69 149.71 150.07 150.81 152.01 153.62 155.29
