data_processed/recharge/precip/Precip_1984_01.asc
ncols        168
nrows        136
xllcorner    455000
yllcorner    2107000
cellsize     500
NODATA_value     -99999
[rows 70 to 104 of 136, columns 0 to 78 of 168]
32.94 32.19 31.45 30.73 30.02 29.34 28.68 28.06 27.46 26.90 26.38 25.91 25.48 25.11 24.79 24.50 24.20 23.88 23.53 23.16 22.78 22.37 21.95 21.50 21.05 20.57 20.09 19.59 19.07 18.55 18.01 17.47 16.92 16.36 15.79 15.21 14.64 14.05 13.47 12.88 12.29 11.70 11.11 10.52 9.94 9.38 8.82 8.28 7.76 7.25 6.75 6.27 5.81 5.36 4.94 4.53 4.15 3.78 3.44 3.12 2.82 2.55 2.31 2.08 1.89 1.72 1.59 1.48 1.40 1.34 1.30 1.28 1.29 1.31 1.35 1.41 1.48 1.58 1.69
32.67 31.97 31.28 30.61 29.94 29.30 28.69 28.10 27.54 27.02 26.53 26.09 25.69 25.34 25.04 24.77 24.49 24.19 23.86 23.51 23.14 22.75 22.34 21.91 21.46 21.00 20.52 20.03 19.53 19.01 18.48 17.94 17.39 16.83 16.26 15.68 15.10 14.52 13.93 13.34 12.74 12.13 11.51 10.88 10.26 9.66 9.07 8.49 7.93 7.38 6.86 6.35 5.86 5.39 4.94 4.51 4.10 3.72 3.36 3.02 2.71 2.43 2.17 1.94 1.74 1.57 1.42 1.31 1.23 1.17 1.14 1.12 1.12 1.14 1.18 1.23 1.31 1.40 1.52
32.40 31.76 31.12 30.49 29.87 29.27 28.69 28.14 27.62 27.13 26.68 26.26 25.89 25.57 25.29 25.05 24.79 24.50 24.19 23.86 23.50 23.13 22.73 22.31 21.88 21.43 20.96 20.48 19.98 19.46 18.94 18.40 17.85 17.30 16.73 16.15 15.57 14.98 14.39 13.79 13.18 12.55 11.90 11.25 10.59 9.95 9.32 8.70 8.11 7.53 6.97 6.43 5.92 5.42 4.94 4.49 4.06 3.66 3.28 2.93 2.61 2.31 2.04 1.80 1.59 1.42 1.27 1.16 1.08 1.02 0.98 0.96 0.96 0.98 1.02 1.07 1.15 1.24 1.35
32.14 31.54 30.95 30.37 29.80 29.24 28.70 28.19 27.70 27.25 26.82 26.44 26.10 25.80 25.54 25.32 25.08 24.82 24.52 24.21 23.87 23.51 23.12 22.72 22.30 21.86 21.40 20.92 20.43 19.92 19.40 18.87 18.32 17.76 17.20 16.62 16.04 15.45 14.85 14.23 13.60 12.95 12.28 11.61 10.93 10.25 9.58 8.93 8.30 7.69 7.10 6.53 5.98 5.46 4.96 4.49 4.04 3.62 3.22 2.85 2.51 2.20 1.93 1.68 1.46 1.28 1.13 1.01 0.93 0.87 0.84 0.82 0.82 0.83 0.87 0.92 1.00 1.09 1.20
31.88 31.33 30.79 30.25 29.72 29.21 28.71 28.24 27.79 27.36 26.97 26.62 26.30 26.03 25.80 25.60 25.38 25.13 24.86 24.56 24.23 23.89 23.52 23.13 22.71 22.28 21.83 21.36 20.88 20.38 19.86 19.33 18.79 18.23 17.67 17.09 16.50 15.91 15.29 14.66 14.00 13.33 12.65 11.96 11.26 10.55 9.85 9.16 8.50 7.86 7.23 6.64 6.06 5.51 4.99 4.49 4.02 3.58 3.17 2.78 2.43 2.11 1.82 1.56 1.34 1.15 1.00 0.88 0.80 0.74 0.70 0.68 0.68 0.70 0.73 0.79 0.86 0.95 1.05
31.62 31.12 30.63 30.13 29.65 29.18 28.72 28.29 27.87 27.48 27.12 26.80 26.51 26.26 26.05 25.87 25.67 25.44 25.19 24.91 24.60 24.27 23.91 23.53 23.13 22.71 22.27 21.81 21.33 20.83 20.32 19.79 19.25 18.70 18.13 17.56 16.97 16.35 15.72 15.07 14.39 13.71 13.01 12.30 11.58 10.85 10.13 9.41 8.71 8.03 7.38 6.75 6.15 5.58 5.03 4.51 4.02 3.56 3.13 2.73 2.36 2.03 1.73 1.46 1.23 1.04 0.88 0.76 0.68 0.62 0.58 0.56 0.56 0.57 0.61 0.66 0.73 0.82 0.92
31.36 30.91 30.46 30.02 29.58 29.15 28.74 28.34 27.96 27.60 27.27 26.98 26.71 26.49 26.31 26.15 25.97 25.76 25.52 25.25 24.96 24.64 24.30 23.93 23.54 23.13 22.70 22.25 21.78 21.29 20.78 20.26 19.72 19.16 18.60 18.02 17.41 16.78 16.13 15.46 14.77 14.06 13.35 12.62 11.89 11.15 10.41 9.67 8.94 8.23 7.54 6.89 6.26 5.65 5.08 4.54 4.03 3.55 3.10 2.69 2.30 1.96 1.65 1.37 1.14 0.94 0.78 0.65 0.57 0.51 0.47 0.45 0.45 0.47 0.50 0.55 0.62 0.70 0.81
31.10 30.70 30.30 29.90 29.51 29.12 28.75 28.38 28.04 27.72 27.42 27.15 26.92 26.72 26.56 26.42 26.26 26.07 25.85 25.60 25.32 25.02 24.69 24.34 23.96 23.56 23.13 22.69 22.22 21.74 21.23 20.71 20.18 19.63 19.06 18.46 17.84 17.20 16.53 15.84 15.13 14.41 13.68 12.93 12.18 11.43 10.68 9.92 9.17 8.43 7.72 7.03 6.37 5.75 5.15 4.58 4.05 3.55 3.09 2.66 2.26 1.90 1.58 1.30 1.05 0.85 0.68 0.56 0.48 0.42 0.38 0.36 0.36 0.37 0.40 0.45 0.52 0.60 0.71
30.84 30.49 30.14 29.79 29.44 29.09 28.76 28.43 28.12 27.83 27.57 27.33 27.12 26.95 26.81 26.69 26.55 26.38 26.18 25.95 25.68 25.39 25.08 24.73 24.37 23.98 23.56 23.12 22.66 22.19 21.69 21.17 20.64 20.08 19.50 18.89 18.25 17.59 16.91 16.20 15.48 14.74 13.99 13.24 12.47 11.71 10.94 10.17 9.40 8.65 7.91 7.19 6.50 5.85 5.23 4.64 4.09 3.57 3.09 2.64 2.23 1.86 1.53 1.24 0.99 0.78 0.61 0.48 0.40 0.34 0.30 0.28 0.28 0.29 0.32 0.37 0.44 0.52 0.62
30.57 30.28 29.98 29.67 29.36 29.06 28.76 28.48 28.20 27.95 27.71 27.50 27.32 27.17 27.06 26.96 26.84 26.69 26.50 26.29 26.04 25.77 25.46 25.13 24.77 24.39 23.99 23.56 23.10 22.63 22.14 21.62 21.09 20.52 19.93 19.30 18.65 17.97 17.27 16.55 15.81 15.06 14.30 13.53 12.75 11.97 11.19 10.41 9.63 8.87 8.11 7.36 6.65 5.97 5.33 4.72 4.14 3.61 3.11 2.64 2.22 1.84 1.50 1.20 0.94 0.72 0.55 0.42 0.34 0.28 0.24 0.22 0.22 0.23 0.26 0.31 0.37 0.45 0.55
30.31 30.07 29.81 29.55 29.29 29.03 28.77 28.52 28.28 28.06 27.86 27.68 27.52 27.40 27.31 27.23 27.13 27.00 26.83 26.63 26.40 26.13 25.84 25.53 25.18 24.81 24.41 23.99 23.54 23.07 22.58 22.07 21.52 20.95 20.33 19.69 19.02 18.33 17.62 16.88 16.13 15.37 14.59 13.81 13.02 12.23 11.44 10.64 9.86 9.08 8.31 7.55 6.82 6.11 5.44 4.81 4.21 3.66 3.14 2.66 2.23 1.83 1.48 1.17 0.90 0.68 0.51 0.38 0.30 0.24 0.20 0.18 0.17 0.19 0.21 0.26 0.32 0.40 0.50
30.05 29.85 29.65 29.43 29.21 28.99 28.77 28.56 28.36 28.17 28.00 27.85 27.72 27.62 27.55 27.50 27.41 27.30 27.15 26.96 26.75 26.50 26.22 25.91 25.58 25.22 24.83 24.41 23.97 23.51 23.02 22.50 21.94 21.35 20.72 20.06 19.38 18.68 17.95 17.20 16.44 15.67 14.88 14.08 13.28 12.48 11.68 10.87 10.08 9.29 8.51 7.74 6.99 6.27 5.57 4.92 4.30 3.73 3.19 2.70 2.25 1.84 1.48 1.16 0.89 0.66 0.48 0.35 0.27 0.21 0.17 0.15 0.15 0.16 0.19 0.23 0.29 0.37 0.47
29.78 29.64 29.48 29.31 29.13 28.95 28.77 28.60 28.43 28.28 28.14 28.01 27.91 27.84 27.79 27.76 27.70 27.60 27.46 27.29 27.09 26.86 26.60 26.30 25.98 25.62 25.24 24.83 24.40 23.94 23.44 22.91 22.33 21.73 21.09 20.42 19.72 19.01 18.27 17.51 16.74 15.95 15.15 14.35 13.54 12.72 11.91 11.10 10.29 9.49 8.71 7.93 7.18 6.44 5.72 5.04 4.41 3.81 3.26 2.75 2.29 1.87 1.50 1.17 0.89 0.66 0.48 0.35 0.26 0.21 0.17 0.15 0.14 0.15 0.18 0.22 0.28 0.36 0.45
29.51 29.42 29.30 29.18 29.05 28.91 28.77 28.63 28.50 28.38 28.27 28.17 28.10 28.05 28.03 28.01 27.97 27.89 27.77 27.62 27.44 27.22 26.96 26.68 26.37 26.02 25.65 25.25 24.82 24.35 23.84 23.29 22.71 22.09 21.44 20.76 20.05 19.32 18.57 17.80 17.02 16.22 15.41 14.60 13.78 12.96 12.14 11.32 10.50 9.70 8.90 8.12 7.36 6.61 5.89 5.19 4.53 3.92 3.35 2.83 2.35 1.92 1.54 1.20 0.92 0.68 0.49 0.36 0.28 0.22 0.18 0.16 0.15 0.16 0.19 0.23 0.29 0.37 0.46
29.22 29.19 29.13 29.05 28.96 28.87 28.77 28.67 28.57 28.48 28.40 28.33 28.29 28.26 28.26 28.27 28.24 28.18 28.08 27.94 27.77 27.57 27.33 27.06 26.75 26.42 26.05 25.66 25.22 24.74 24.22 23.66 23.06 22.43 21.77 21.08 20.36 19.62 18.86 18.08 17.29 16.48 15.67 14.84 14.02 13.19 12.36 11.53 10.71 9.90 9.10 8.31 7.54 6.79 6.06 5.35 4.68 4.05 3.46 2.92 2.43 1.99 1.60 1.25 0.96 0.72 0.53 0.39 0.31 0.25 0.22 0.19 0.19 0.20 0.22 0.27 0.32 0.40 0.49
28.93 28.95 28.94 28.92 28.87 28.82 28.76 28.69 28.63 28.57 28.52 28.49 28.47 28.46 28.48 28.51 28.51 28.46 28.38 28.26 28.11 27.91 27.69 27.43 27.13 26.81 26.45 26.05 25.60 25.11 24.57 24.00 23.39 22.75 22.08 21.38 20.65 19.90 19.13 18.35 17.55 16.73 15.91 15.08 14.25 13.41 12.57 11.74 10.92 10.10 9.29 8.50 7.73 6.97 6.24 5.53 4.85 4.20 3.59 3.04 2.54 2.08 1.68 1.32 1.02 0.78 0.59 0.45 0.37 0.31 0.27 0.25 0.24 0.25 0.28 0.32 0.38 0.45 0.54
28.62 28.69 28.74 28.77 28.77 28.76 28.74 28.71 28.69 28.66 28.64 28.63 28.64 28.66 28.71 28.75 28.77 28.74 28.68 28.57 28.43 28.25 28.04 27.79 27.51 27.19 26.82 26.41 25.95 25.45 24.90 24.32 23.70 23.05 22.37 21.66 20.93 20.17 19.40 18.60 17.79 16.97 16.14 15.31 14.47 13.62 12.78 11.95 11.12 10.29 9.48 8.69 7.91 7.15 6.41 5.70 5.02 4.37 3.75 3.18 2.66 2.19 1.78 1.42 1.11 0.86 0.67 0.53 0.44 0.39 0.35 0.33 0.32 0.33 0.36 0.40 0.45 0.52 0.61
28.31 28.43 28.53 28.61 28.67 28.70 28.72 28.73 28.74 28.74 28.76 28.78 28.81 28.85 28.92 28.99 29.02 29.01 28.97 28.88 28.75 28.58 28.38 28.14 27.87 27.55 27.17 26.75 26.28 25.77 25.22 24.62 24.00 23.34 22.65 21.93 21.19 20.43 19.65 18.85 18.03 17.20 16.37 15.53 14.68 13.84 12.99 12.15 11.31 10.49 9.68 8.88 8.10 7.34 6.60 5.88 5.20 4.54 3.92 3.34 2.81 2.33 1.91 1.54 1.22 0.97 0.77 0.63 0.55 0.49 0.45 0.43 0.42 0.43 0.46 0.50 0.55 0.62 0.71
27.99 28.16 28.30 28.43 28.54 28.63 28.69 28.74 28.78 28.82 28.86 28.91 28.97 29.04 29.13 29.22 29.27 29.28 29.25 29.17 29.06 28.91 28.72 28.49 28.21 27.88 27.50 27.06 26.59 26.07 25.50 24.91 24.27 23.61 22.91 22.19 21.44 20.67 19.88 19.08 18.26 17.43 16.59 15.74 14.89 14.04 13.19 12.35 11.51 10.68 9.87 9.07 8.29 7.52 6.78 6.07 5.38 4.73 4.11 3.52 2.98 2.49 2.06 1.68 1.36 1.10 0.90 0.76 0.67 0.62 0.58 0.56 0.55 0.56 0.58 0.62 0.68 0.75 0.85
27.66 27.87 28.06 28.24 28.40 28.53 28.65 28.74 28.82 28.89 28.96 29.04 29.12 29.22 29.33 29.44 29.51 29.54 29.52 29.46 29.37 29.23 29.05 28.81 28.53 28.19 27.79 27.35 26.87 26.34 25.77 25.17 24.53 23.86 23.15 22.43 21.67 20.90 20.10 19.29 18.47 17.64 16.79 15.94 15.09 14.24 13.39 12.54 11.70 10.88 10.06 9.26 8.48 7.71 6.97 6.26 5.58 4.92 4.30 3.72 3.17 2.68 2.23 1.85 1.52 1.25 1.05 0.91 0.82 0.77 0.73 0.71 0.70 0.71 0.74 0.77 0.83 0.91 1.02
27.33 27.58 27.81 28.03 28.23 28.42 28.58 28.73 28.85 28.95 29.06 29.16 29.27 29.39 29.52 29.65 29.74 29.79 29.79 29.75 29.66 29.53 29.35 29.11 28.82 28.47 28.07 27.62 27.13 26.60 26.02 25.41 24.77 24.09 23.38 22.65 21.89 21.11 20.32 19.50 18.68 17.84 16.99 16.14 15.29 14.43 13.58 12.74 11.90 11.07 10.25 9.45 8.67 7.91 7.17 6.46 5.78 5.12 4.51 3.93 3.38 2.88 2.43 2.04 1.71 1.44 1.23 1.08 1.00 0.95 0.91 0.89 0.88 0.89 0.91 0.96 1.02 1.11 1.22
26.98 27.27 27.55 27.81 28.06 28.29 28.50 28.69 28.86 29.01 29.14 29.27 29.41 29.55 29.71 29.86 29.96 30.03 30.04 30.02 29.95 29.82 29.63 29.38 29.08 28.72 28.32 27.87 27.37 26.83 26.25 25.63 24.98 24.30 23.59 22.86 22.10 21.32 20.52 19.70 18.87 18.03 17.19 16.33 15.48 14.62 13.77 12.93 12.09 11.26 10.44 9.65 8.87 8.11 7.37 6.66 5.98 5.33 4.72 4.14 3.60 3.11 2.66 2.26 1.92 1.65 1.43 1.29 1.21 1.15 1.12 1.10 1.09 1.10 1.12 1.17 1.25 1.34 1.46
26.63 26.96 27.27 27.57 27.86 28.13 28.39 28.63 28.85 29.04 29.22 29.38 29.54 29.71 29.88 30.05 30.18 30.26 30.29 30.28 30.21 30.07 29.88 29.62 29.31 28.95 28.54 28.09 27.58 27.04 26.46 25.84 25.19 24.50 23.79 23.05 22.29 21.50 20.70 19.89 19.06 18.22 17.37 16.52 15.66 14.81 13.96 13.11 12.28 11.45 10.64 9.84 9.06 8.31 7.58 6.87 6.19 5.55 4.94 4.37 3.84 3.35 2.90 2.51 2.16 1.88 1.67 1.52 1.44 1.39 1.35 1.33 1.32 1.34 1.37 1.43 1.51 1.61 1.74
26.28 26.63 26.98 27.32 27.65 27.96 28.26 28.54 28.81 29.05 29.27 29.47 29.66 29.85 30.05 30.24 30.38 30.48 30.53 30.52 30.44 30.30 30.10 29.84 29.52 29.16 28.75 28.28 27.78 27.23 26.65 26.03 25.37 24.68 23.97 23.23 22.47 21.68 20.88 20.06 19.23 18.40 17.55 16.70 15.85 14.99 14.14 13.30 12.47 11.64 10.83 10.04 9.27 8.51 7.79 7.09 6.42 5.78 5.17 4.61 4.08 3.60 3.16 2.77 2.43 2.15 1.93 1.78 1.70 1.65 1.62 1.60 1.59 1.61 1.66 1.72 1.81 1.92 2.05
25.91 26.30 26.68 27.06 27.42 27.77 28.11 28.44 28.74 29.03 29.30 29.55 29.77 29.99 30.21 30.42 30.58 30.69 30.74 30.72 30.64 30.49 30.29 30.03 29.71 29.34 28.92 28.46 27.95 27.40 26.82 26.19 25.54 24.85 24.13 23.39 22.63 21.85 21.05 20.23 19.40 18.56 17.72 16.87 16.02 15.17 14.33 13.49 12.65 11.84 11.03 10.24 9.47 8.73 8.00 7.31 6.64 6.01 5.41 4.85 4.34 3.86 3.43 3.05 2.72 2.44 2.22 2.08 1.99 1.94 1.91 1.89 1.90 1.93 1.98 2.05 2.15 2.26 2.40
25.55 25.96 26.38 26.78 27.18 27.57 27.94 28.31 28.65 28.98 29.30 29.59 29.86 30.11 30.35 30.58 30.76 30.88 30.92 30.90 30.81 30.66 30.45 30.19 29.87 29.50 29.08 28.61 28.11 27.56 26.97 26.34 25.69 25.00 24.29 23.55 22.78 22.00 21.20 20.39 19.56 18.73 17.89 17.04 16.19 15.35 14.51 13.67 12.84 12.03 11.23 10.45 9.68 8.94 8.23 7.54 6.88 6.26 5.67 5.12 4.60 4.14 3.72 3.34 3.02 2.76 2.55 2.40 2.32 2.27 2.24 2.23 2.25 2.28 2.34 2.42 2.52 2.64 2.78
25.17 25.62 26.06 26.49 26.92 27.34 27.75 28.15 28.54 28.91 29.27 29.60 29.92 30.21 30.49 30.73 30.92 31.03 31.07 31.04 30.95 30.80 30.59 30.33 30.01 29.63 29.21 28.75 28.24 27.69 27.10 26.48 25.82 25.14 24.42 23.68 22.92 22.14 21.35 20.54 19.71 18.88 18.04 17.20 16.36 15.52 14.68 13.85 13.03 12.22 11.43 10.65 9.90 9.16 8.46 7.78 7.13 6.51 5.93 5.39 4.89 4.43 4.02 3.66 3.35 3.09 2.89 2.75 2.67 2.63 2.61 2.61 2.63 2.68 2.75 2.83 2.94 3.07 3.21
24.79 25.26 25.73 26.19 26.65 27.10 27.54 27.98 28.40 28.81 29.20 29.58 29.94 30.28 30.60 30.87 31.05 31.16 31.20 31.17 31.08 30.93 30.71 30.45 30.13 29.75 29.33 28.87 28.36 27.81 27.22 26.60 25.95 25.26 24.55 23.82 23.06 22.28 21.49 20.68 19.86 19.04 18.20 17.37 16.53 15.69 14.86 14.04 13.23 12.42 11.64 10.87 10.12 9.40 8.70 8.02 7.38 6.78 6.21 5.67 5.18 4.73 4.33 3.98 3.68 3.44 3.25 3.13 3.06 3.02 3.01 3.02 3.06 3.11 3.18 3.28 3.39 3.52 3.67
24.40 24.89 25.38 25.86 26.35 26.83 27.30 27.77 28.23 28.67 29.10 29.52 29.92 30.30 30.67 30.98 31.19 31.30 31.33 31.30 31.21 31.06 30.84 30.57 30.25 29.88 29.46 28.99 28.49 27.94 27.35 26.73 26.08 25.40 24.69 23.96 23.20 22.43 21.64 20.84 20.02 19.20 18.37 17.54 16.71 15.88 15.06 14.24 13.43 12.64 11.86 11.10 10.36 9.64 8.95 8.29 7.66 7.06 6.50 5.98 5.49 5.06 4.67 4.33 4.04 3.81 3.64 3.52 3.46 3.43 3.43 3.45 3.50 3.56 3.64 3.74 3.86 3.99 4.15
23.98 24.49 25.00 25.52 26.03 26.53 27.04 27.53 28.02 28.50 28.97 29.42 29.86 30.29 30.70 31.06 31.31 31.44 31.47 31.44 31.35 31.19 30.98 30.71 30.39 30.02 29.60 29.13 28.62 28.08 27.49 26.87 26.22 25.55 24.84 24.11 23.36 22.59 21.81 21.01 20.20 19.38 18.56 17.73 16.91 16.08 15.26 14.45 13.65 12.87 12.10 11.34 10.61 9.90 9.22 8.57 7.94 7.36 6.80 6.29 5.82 5.40 5.02 4.69 4.42 4.20 4.03 3.93 3.88 3.86 3.87 3.90 3.95 4.02 4.11 4.22 4.34 4.49 4.64
23.55 24.08 24.62 25.15 25.68 26.22 26.75 27.27 27.79 28.30 28.80 29.29 29.77 30.24 30.69 31.09 31.39 31.56 31.62 31.59 31.49 31.33 31.12 30.85 30.53 30.16 29.74 29.27 28.77 28.22 27.64 27.02 26.38 25.70 25.00 24.27 23.52 22.76 21.98 21.18 20.38 19.57 18.75 17.93 17.11 16.29 15.48 14.68 13.88 13.11 12.34 11.60 10.87 10.17 9.50 8.86 8.24 7.67 7.12 6.62 6.16 5.75 5.38 5.07 4.80 4.60 4.45 4.35 4.31 4.31 4.32 4.36 4.42 4.50 4.60 4.71 4.84 4.99 5.16
23.11 23.66 24.21 24.76 25.32 25.88 26.43 26.98 27.53 28.07 28.60 29.13 29.65 30.15 30.65 31.09 31.43 31.64 31.74 31.73 31.64 31.48 31.26 30.99 30.67 30.30 29.88 29.42 28.92 28.37 27.79 27.18 26.53 25.86 25.16 24.44 23.69 22.93 22.16 21.37 20.57 19.76 18.95 18.13 17.32 16.51 15.71 14.91 14.12 13.35 12.60 11.86 11.14 10.45 9.79 9.16 8.55 7.98 7.45 6.96 6.52 6.11 5.76 5.45 5.20 5.01 4.87 4.79 4.76 4.76 4.79 4.83 4.90 4.99 5.09 5.22 5.36 5.51 5.68
22.66 23.22 23.79 24.36 24.94 25.51 26.09 26.67 27.24 27.81 28.38 28.94 29.49 30.03 30.57 31.05 31.43 31.69 31.83 31.85 31.78 31.62 31.41 31.14 30.82 30.45 30.03 29.57 29.06 28.52 27.94 27.33 26.69 26.02 25.32 24.61 23.87 23.11 22.34 21.55 20.76 19.96 19.15 18.34 17.54 16.73 15.93 15.15 14.37 13.60 12.86 12.13 11.42 10.74 10.09 9.46 8.87 8.31 7.79 7.31 6.87 6.48 6.14 5.85 5.62 5.44 5.31 5.24 5.22 5.23 5.26 5.32 5.39 5.49 5.60 5.74 5.88 6.05 6.22
22.20 22.77 23.36 23.94 24.54 25.14 25.74 26.34 26.94 27.53 28.13 28.72 29.31 29.89 30.46 30.98 31.39 31.69 31.87 31.94 31.90 31.76 31.55 31.28 30.96 30.59 30.17 29.71 29.21 28.67 28.10 27.49 26.85 26.18 25.49 24.77 24.04 23.29 22.52 21.74 20.95 20.16 19.36 18.55 17.75 16.96 16.17 15.38 14.61 13.86 13.12 12.40 11.70 11.03 10.39 9.77 9.19 8.64 8.13 7.66 7.24 6.86 6.53 6.26 6.04 5.87 5.76 5.70 5.69 5.71 5.75 5.82 5.90 6.00 6.13 6.27 6.42 6.59 6.77
21.73 22.32 22.91 23.52 24.13 24.74 25.36 25.98 26.61 27.23 27.86 28.48 29.10 29.71 30.31 30.87 31.32 31.66 31.87 31.98 31.98 31.88 31.69 31.42 31.10 30.73 30.32 29.86 29.36 28.82 28.25 27.64 27.01 26.34 25.65 24.94 24.21 23.46 22.70 21.93 21.14 20.35 19.56 18.76 17.97 17.18 16.40 15.62 14.86 14.11 13.38 12.67 11.99 11.32 10.69 10.08 9.51 8.97 8.48 8.02 7.61 7.24 6.93 6.68 6.47 6.32 6.22 6.17 6.17 6.20 6.25 6.33 6.42 6.53 6.66 6.80 6.97 7.14 7.34
