data_processed/recharge/precip/Precip_1999_09.asc
ncols        168
nrows        136
xllcorner    455000
yllcorner    2107000
cellsize     500
NODATA_value     -99999
[rows 33 to 65 of 136, columns 0 to 72 of 168]
183.29 183.28 182.67 181.49 179.89 178.06 176.05 173.89 171.60 169.23 166.79 164.32 161.84 159.39 156.98 154.66 152.45 150.37 148.44 146.52 144.51 142.38 140.11 137.70 135.16 132.63 130.18 127.83 125.58 123.45 121.46 119.61 117.93 116.43 115.12 114.00 113.10 112.41 111.96 111.75 111.79 112.09 112.67 113.53 114.71 116.38 118.72 121.69 125.25 129.34 133.80 137.64 140.29 141.75 142.07 141.27 139.57 137.48 135.25 132.92 130.51 128.05 125.55 123.04 120.55 118.10 115.71 113.41 111.23 109.19 107.30 105.59 104.00
181.12 181.15 180.61 179.53 177.95 176.01 173.89 171.65 169.31 166.90 164.46 162.01 159.58 157.20 154.89 152.70 150.63 148.71 146.82 144.85 142.78 140.60 138.28 135.83 133.26 130.70 128.22 125.82 123.53 121.34 119.28 117.37 115.62 114.05 112.68 111.51 110.56 109.83 109.33 109.09 109.10 109.38 109.94 110.81 112.18 114.21 116.89 120.16 123.98 128.27 132.89 136.91 139.79 141.54 142.19 141.77 140.32 138.04 135.44 132.77 130.05 127.31 124.57 121.85 119.19 116.61 114.12 111.76 109.55 107.51 105.65 103.96 102.42
178.65 178.72 178.24 177.25 175.79 173.89 171.69 169.37 166.97 164.54 162.10 159.67 157.29 154.99 152.79 150.72 148.80 146.91 144.96 142.93 140.81 138.58 136.23 133.75 131.15 128.57 126.05 123.62 121.28 119.06 116.95 114.97 113.15 111.50 110.06 108.82 107.81 107.02 106.48 106.19 106.16 106.41 106.96 108.01 109.73 112.11 115.08 118.60 122.62 127.07 131.80 135.95 139.01 140.99 141.92 141.84 140.77 138.75 135.98 132.96 129.92 126.89 123.90 120.97 118.13 115.40 112.80 110.36 108.11 106.06 104.20 102.53 101.03
175.89 175.98 175.56 174.65 173.30 171.54 169.41 167.04 164.60 162.14 159.70 157.31 154.98 152.76 150.67 148.72 146.81 144.87 142.86 140.78 138.62 136.35 133.97 131.47 128.85 126.25 123.71 121.25 118.88 116.62 114.46 112.44 110.56 108.83 107.31 105.99 104.91 104.06 103.45 103.10 103.03 103.25 103.97 105.37 107.43 110.09 113.31 117.03 121.20 125.75 130.55 134.78 137.96 140.13 141.29 141.49 140.76 139.12 136.62 133.44 130.08 126.76 123.50 120.35 117.32 114.43 111.71 109.18 106.88 104.80 102.95 101.29 99.83
172.86 172.96 172.59 171.76 170.51 168.89 166.91 164.63 162.17 159.70 157.27 154.91 152.64 150.51 148.51 146.57 144.61 142.61 140.55 138.43 136.22 133.93 131.53 129.01 126.38 123.77 121.21 118.73 116.34 114.04 111.85 109.79 107.86 106.08 104.47 103.07 101.90 100.97 100.29 99.88 99.76 100.14 101.20 102.93 105.28 108.19 111.61 115.47 119.74 124.35 129.16 133.41 136.68 138.97 140.32 140.75 140.31 139.01 136.89 133.98 130.48 126.86 123.34 119.94 116.71 113.65 110.80 108.19 105.84 103.74 101.88 100.24 98.81
169.57 169.69 169.34 168.58 167.43 165.93 164.11 162.01 159.67 157.21 154.79 152.46 150.26 148.20 146.21 144.21 142.20 140.14 138.04 135.88 133.65 131.33 128.91 126.39 123.76 121.14 118.58 116.08 113.67 111.35 109.14 107.04 105.08 103.25 101.58 100.09 98.83 97.81 97.05 96.58 96.60 97.32 98.72 100.74 103.33 106.43 109.98 113.95 118.26 122.87 127.65 131.88 135.18 137.55 139.03 139.65 139.43 138.42 136.64 134.12 130.90 127.15 123.36 119.72 116.27 113.04 110.06 107.38 104.98 102.85 100.98 99.36 97.97
166.05 166.16 165.85 165.14 164.08 162.70 161.03 159.10 156.96 154.64 152.26 149.97 147.83 145.76 143.71 141.66 139.59 137.49 135.36 133.17 130.91 128.58 126.16 123.63 121.01 118.39 115.83 113.33 110.91 108.57 106.34 104.22 102.22 100.36 98.65 97.10 95.74 94.62 93.79 93.46 93.82 94.87 96.55 98.80 101.57 104.81 108.47 112.48 116.79 121.35 126.04 130.20 133.48 135.88 137.44 138.19 138.16 137.38 135.89 133.71 130.87 127.42 123.51 119.62 115.95 112.56 109.49 106.73 104.28 102.13 100.25 98.64 97.29
162.31 162.41 162.12 161.46 160.48 159.20 157.67 155.91 153.96 151.86 149.64 147.42 145.26 143.14 141.03 138.93 136.82 134.68 132.52 130.31 128.04 125.70 123.27 120.75 118.15 115.54 112.98 110.49 108.06 105.72 103.47 101.33 99.32 97.43 95.69 94.10 92.68 91.49 90.78 90.78 91.47 92.80 94.70 97.14 100.05 103.38 107.07 111.08 115.34 119.81 124.36 128.40 131.60 133.98 135.57 136.41 136.51 135.92 134.66 132.77 130.27 127.20 123.59 119.62 115.76 112.24 109.08 106.25 103.75 101.57 99.68 98.08 96.76
158.38 158.45 158.16 157.55 156.63 155.45 154.05 152.45 150.69 148.81 146.82 144.72 142.52 140.34 138.18 136.04 133.89 131.73 129.54 127.32 125.04 122.70 120.28 117.78 115.20 112.61 110.06 107.58 105.15 102.81 100.56 98.41 96.38 94.47 92.71 91.09 89.66 88.65 88.29 88.61 89.57 91.12 93.21 95.78 98.78 102.14 105.83 109.78 113.95 118.26 122.62 126.49 129.57 131.88 133.45 134.32 134.51 134.05 132.98 131.32 129.12 126.39 123.17 119.54 115.71 112.08 108.82 105.92 103.37 101.15 99.26 97.67 96.37
154.25 154.30 154.01 153.42 152.56 151.48 150.19 148.74 147.16 145.48 143.68 141.72 139.60 137.39 135.19 133.01 130.84 128.65 126.45 124.22 121.94 119.61 117.21 114.73 112.17 109.61 107.09 104.62 102.21 99.87 97.62 95.47 93.43 91.52 89.73 88.12 86.91 86.32 86.35 86.95 88.14 89.87 92.09 94.74 97.77 101.13 104.76 108.61 112.62 116.74 120.86 124.50 127.41 129.60 131.10 131.95 132.17 131.80 130.86 129.39 127.42 124.99 122.17 119.04 115.63 112.06 108.71 105.74 103.14 100.88 98.97 97.39 96.12
149.96 149.97 149.67 149.10 148.30 147.29 146.11 144.81 143.39 141.86 140.20 138.38 136.42 134.29 132.08 129.87 127.67 125.48 123.27 121.04 118.77 116.45 114.08 111.62 109.10 106.57 104.08 101.63 99.24 96.92 94.68 92.54 90.50 88.58 86.81 85.44 84.68 84.52 84.93 85.83 87.21 89.06 91.36 94.04 97.06 100.36 103.88 107.57 111.38 115.25 119.08 122.45 125.14 127.15 128.53 129.31 129.52 129.18 128.33 127.00 125.22 123.09 120.69 118.05 115.16 112.01 108.74 105.69 103.03 100.74 98.82 97.24 96.00
145.52 145.48 145.16 144.60 143.84 142.90 141.83 140.65 139.36 137.96 136.42 134.74 132.93 130.96 128.84 126.63 124.42 122.22 120.01 117.79 115.53 113.24 110.89 108.48 106.00 103.51 101.06 98.64 96.28 93.98 91.76 89.63 87.59 85.70 84.19 83.29 82.99 83.25 83.99 85.19 86.77 88.72 91.05 93.71 96.67 99.85 103.21 106.70 110.25 113.83 117.32 120.37 122.77 124.57 125.78 126.44 126.57 126.22 125.41 124.17 122.60 120.81 118.82 116.62 114.21 111.58 108.72 105.76 103.05 100.73 98.78 97.21 96.00
140.95 140.85 140.50 139.95 139.22 138.34 137.36 136.28 135.10 133.80 132.38 130.84 129.17 127.36 125.40 123.29 121.09 118.89 116.70 114.49 112.26 110.00 107.69 105.32 102.89 100.45 98.04 95.66 93.33 91.07 88.87 86.76 84.77 83.15 82.14 81.72 81.86 82.48 83.54 85.00 86.78 88.84 91.17 93.77 96.61 99.63 102.78 106.01 109.26 112.49 115.59 118.26 120.35 121.87 122.86 123.35 123.36 122.94 122.12 120.99 119.69 118.23 116.60 114.81 112.83 110.68 108.34 105.80 103.18 100.82 98.86 97.29 96.10
136.26 136.09 135.71 135.15 134.44 133.62 132.71 131.72 130.63 129.44 128.14 126.73 125.19 123.53 121.73 119.79 117.70 115.53 113.35 111.17 108.97 106.74 104.48 102.16 99.79 97.41 95.05 92.72 90.43 88.20 86.04 83.98 82.28 81.19 80.69 80.73 81.26 82.22 83.57 85.25 87.20 89.38 91.73 94.23 96.90 99.71 102.61 105.53 108.43 111.25 113.91 116.16 117.87 119.07 119.79 120.06 119.91 119.37 118.57 117.63 116.57 115.39 114.09 112.66 111.08 109.36 107.49 105.46 103.27 101.02 99.04 97.47 96.30
131.47 131.23 130.80 130.23 129.53 128.76 127.92 127.00 126.00 124.91 123.72 122.43 121.03 119.51 117.87 116.10 114.18 112.13 109.99 107.84 105.68 103.50 101.29 99.03 96.72 94.41 92.10 89.83 87.59 85.40 83.31 81.56 80.41 79.85 79.83 80.30 81.19 82.47 84.07 85.94 88.04 90.29 92.67 95.10 97.58 100.13 102.71 105.28 107.77 110.14 112.32 114.09 115.37 116.20 116.59 116.59 116.23 115.62 114.92 114.15 113.30 112.37 111.35 110.23 109.01 107.69 106.25 104.68 102.99 101.16 99.31 97.74 96.59
126.61 126.28 125.80 125.20 124.53 123.80 123.02 122.18 121.26 120.26 119.18 118.01 116.74 115.36 113.86 112.25 110.51 108.63 106.62 104.53 102.41 100.28 98.13 95.94 93.71 91.46 89.23 87.01 84.83 82.73 80.96 79.78 79.20 79.14 79.57 80.43 81.66 83.21 85.03 87.07 89.27 91.58 93.94 96.31 98.63 100.89 103.12 105.28 107.32 109.19 110.82 112.06 112.87 113.27 113.30 112.98 112.45 111.86 111.25 110.61 109.93 109.20 108.42 107.58 106.68 105.70 104.65 103.51 102.28 100.95 99.52 98.09 96.96
121.68 121.26 120.72 120.11 119.47 118.79 118.07 117.29 116.45 115.54 114.56 113.50 112.34 111.10 109.75 108.29 106.72 105.02 103.19 101.23 99.19 97.12 95.03 92.92 90.77 88.60 86.44 84.29 82.21 80.45 79.28 78.69 78.63 79.05 79.90 81.11 82.65 84.44 86.45 88.62 90.90 93.23 95.55 97.83 99.99 102.00 103.84 105.55 107.08 108.40 109.44 110.11 110.39 110.32 109.93 109.35 108.76 108.18 107.62 107.06 106.51 105.94 105.36 104.76 104.13 103.46 102.76 102.00 101.20 100.33 99.39 98.39 97.40
116.70 116.19 115.61 115.02 114.41 113.77 113.10 112.38 111.61 110.78 109.89 108.94 107.90 106.78 105.57 104.26 102.85 101.32 99.68 97.91 96.01 94.02 92.01 89.98 87.92 85.84 83.75 81.72 79.99 78.86 78.30 78.27 78.71 79.57 80.80 82.34 84.15 86.16 88.33 90.60 92.92 95.23 97.49 99.64 101.62 103.39 104.89 106.11 107.09 107.81 108.20 108.25 107.95 107.36 106.62 105.90 105.24 104.63 104.08 103.57 103.09 102.65 102.22 101.82 101.42 101.02 100.62 100.21 99.79 99.34 98.85 98.34 97.78
111.71 111.13 110.56 109.98 109.39 108.78 108.15 107.48 106.78 106.03 105.23 104.37 103.45 102.45 101.37 100.21 98.95 97.59 96.12 94.54 92.83 91.00 89.09 87.15 85.18 83.19 81.23 79.57 78.50 78.00 78.02 78.51 79.42 80.69 82.28 84.12 86.16 88.36 90.65 92.99 95.32 97.59 99.75 101.73 103.50 105.00 106.17 106.96 107.36 107.43 107.13 106.50 105.59 104.55 103.57 102.71 101.94 101.27 100.68 100.17 99.74 99.37 99.06 98.81 98.60 98.43 98.30 98.19 98.10 98.03 97.96 97.89 97.82
106.77 106.18 105.59 105.02 104.45 103.86 103.27 102.65 102.01 101.34 100.62 99.85 99.03 98.15 97.20 96.17 95.06 93.86 92.56 91.16 89.65 88.02 86.27 84.44 82.57 80.72 79.16 78.17 77.76 77.87 78.44 79.42 80.77 82.42 84.32 86.43 88.68 91.03 93.41 95.79 98.10 100.29 102.32 104.12 105.64 106.83 107.64 108.01 107.89 107.28 106.24 104.89 103.44 102.09 100.90 99.84 98.93 98.14 97.48 96.94 96.50 96.17 95.94 95.80 95.74 95.75 95.84 95.99 96.20 96.46 96.77 97.11 97.48
101.98 101.36 100.77 100.19 99.63 99.07 98.50 97.93 97.34 96.73 96.09 95.41 94.69 93.92 93.09 92.19 91.22 90.18 89.05 87.82 86.50 85.07 83.53 81.87 80.16 78.72 77.85 77.56 77.77 78.45 79.54 80.99 82.74 84.73 86.93 89.27 91.69 94.16 96.61 98.99 101.25 103.34 105.20 106.77 108.02 108.87 109.29 109.21 108.58 107.36 105.57 103.59 101.74 100.10 98.64 97.36 96.25 95.31 94.53 93.91 93.43 93.10 92.90 92.82 92.87 93.03 93.30 93.67 94.14 94.69 95.33 96.04 96.82
97.45 96.80 96.19 95.60 95.04 94.50 93.96 93.43 92.89 92.34 91.77 91.17 90.54 89.87 89.16 88.39 87.56 86.66 85.69 84.63 83.49 82.25 80.91 79.48 78.12 77.36 77.21 77.56 78.38 79.60 81.18 83.05 85.17 87.48 89.93 92.47 95.05 97.60 100.08 102.44 104.61 106.56 108.22 109.54 110.47 110.96 110.95 110.39 109.23 107.42 105.15 102.76 100.54 98.55 96.79 95.24 93.91 92.77 91.84 91.10 90.54 90.16 89.96 89.91 90.03 90.30 90.71 91.26 91.94 92.75 93.67 94.71 95.86
93.40 92.72 92.08 91.49 90.92 90.39 89.87 89.37 88.87 88.37 87.87 87.35 86.80 86.23 85.63 84.98 84.28 83.52 82.70 81.81 80.85 79.80 78.66 77.52 76.55 76.29 76.77 77.75 79.13 80.86 82.89 85.15 87.61 90.20 92.88 95.58 98.27 100.87 103.35 105.64 107.70 109.47 110.90 111.94 112.52 112.61 112.14 111.06 109.34 107.14 104.77 102.26 99.70 97.34 95.24 93.39 91.79 90.44 89.31 88.42 87.75 87.29 87.05 87.00 87.15 87.49 88.01 88.71 89.58 90.61 91.79 93.12 94.60
89.89 89.17 88.50 87.88 87.31 86.78 86.28 85.80 85.34 84.88 84.44 83.98 83.52 83.04 82.54 82.00 81.43 80.81 80.13 79.40 78.61 77.74 76.89 76.11 75.50 75.57 76.48 78.00 79.91 82.12 84.56 87.18 89.94 92.78 95.64 98.48 101.24 103.86 106.30 108.49 110.40 111.96 113.12 113.83 114.04 113.69 112.73 111.11 109.01 106.73 104.35 101.82 99.15 96.45 93.98 91.81 89.91 88.30 86.96 85.88 85.07 84.50 84.19 84.11 84.26 84.64 85.24 86.06 87.08 88.29 89.71 91.30 93.08
86.83 86.11 85.42 84.77 84.19 83.65 83.16 82.70 82.26 81.85 81.46 81.07 80.68 80.28 79.87 79.44 78.99 78.50 77.97 77.39 76.76 76.16 75.65 75.22 74.95 75.32 76.48 78.34 80.71 83.35 86.17 89.12 92.15 95.20 98.21 101.15 103.94 106.55 108.91 110.98 112.70 114.02 114.88 115.23 115.02 114.20 112.72 110.74 108.56 106.27 103.88 101.35 98.67 95.86 93.07 90.53 88.31 86.41 84.82 83.53 82.54 81.83 81.41 81.27 81.40 81.79 82.44 83.33 84.47 85.85 87.46 89.29 91.34
84.17 83.50 82.81 82.14 81.54 80.99 80.50 80.05 79.64 79.26 78.91 78.58 78.26 77.94 77.62 77.29 76.95 76.58 76.18 75.75 75.37 75.11 74.94 74.83 74.86 75.50 76.89 78.93 81.56 84.57 87.73 90.97 94.23 97.45 100.59 103.58 106.38 108.94 111.19 113.09 114.59 115.63 116.15 116.11 115.45 114.13 112.30 110.25 108.07 105.78 103.38 100.85 98.16 95.35 92.45 89.59 87.02 84.80 82.93 81.39 80.19 79.32 78.77 78.53 78.60 78.97 79.63 80.58 81.81 83.32 85.09 87.12 89.52
81.89 81.27 80.63 79.97 79.34 78.78 78.28 77.84 77.44 77.10 76.78 76.50 76.24 75.99 75.76 75.52 75.28 75.03 74.77 74.58 74.51 74.57 74.71 74.90 75.21 76.09 77.67 79.86 82.59 85.77 89.22 92.71 96.17 99.53 102.75 105.77 108.54 111.01 113.12 114.82 116.06 116.78 116.93 116.46 115.33 113.68 111.79 109.74 107.56 105.26 102.86 100.32 97.64 94.83 91.93 88.97 86.08 83.51 81.33 79.52 78.08 77.01 76.29 75.92 75.90 76.22 76.87 77.84 79.13 80.73 82.64 84.95 87.87
79.97 79.40 78.81 78.20 77.59 77.00 76.49 76.05 75.67 75.34 75.06 74.82 74.61 74.43 74.27 74.13 73.99 73.86 73.81 73.91 74.16 74.50 74.92 75.39 75.95 77.05 78.79 81.11 83.91 87.12 90.66 94.34 97.96 101.43 104.70 107.71 110.41 112.76 114.69 116.16 117.10 117.47 117.22 116.30 114.85 113.14 111.25 109.20 107.02 104.72 102.32 99.78 97.09 94.29 91.41 88.45 85.47 82.59 80.06 77.95 76.24 74.93 74.02 73.49 73.35 73.59 74.19 75.15 76.47 78.14 80.25 83.02 86.48
78.39 77.86 77.32 76.77 76.21 75.64 75.12 74.67 74.29 73.98 73.72 73.52 73.36 73.24 73.15 73.09 73.05 73.11 73.35 73.75 74.27 74.89 75.56 76.27 77.06 78.34 80.23 82.63 85.48 88.69 92.18 95.88 99.59 103.13 106.41 109.38 111.99 114.18 115.89 117.09 117.71 117.69 117.01 115.79 114.28 112.58 110.70 108.66 106.48 104.17 101.76 99.22 96.54 93.75 90.87 87.94 84.97 82.00 79.17 76.71 74.70 73.13 72.00 71.28 70.99 71.11 71.63 72.55 73.87 75.68 78.18 81.42 85.34
77.13 76.64 76.15 75.65 75.15 74.64 74.14 73.68 73.30 72.99 72.76 72.59 72.47 72.40 72.38 72.40 72.54 72.87 73.39 74.05 74.82 75.68 76.58 77.50 78.49 79.94 81.94 84.41 87.27 90.45 93.87 97.44 101.09 104.63 107.89 110.78 113.25 115.25 116.72 117.61 117.86 117.44 116.47 115.20 113.71 112.02 110.14 108.11 105.93 103.63 101.21 98.67 95.99 93.21 90.34 87.42 84.48 81.53 78.61 75.86 73.52 71.66 70.26 69.33 68.85 68.82 69.23 70.09 71.48 73.60 76.51 80.15 84.47
76.18 75.73 75.28 74.83 74.38 73.93 73.49 73.06 72.67 72.37 72.15 72.00 71.92 71.90 71.94 72.12 72.52 73.12 73.88 74.78 75.78 76.84 77.95 79.06 80.22 81.80 83.89 86.39 89.25 92.37 95.68 99.10 102.55 105.95 109.13 111.90 114.21 115.98 117.16 117.71 117.58 116.88 115.87 114.62 113.14 111.46 109.59 107.56 105.39 103.08 100.67 98.12 95.45 92.68 89.83 86.93 84.00 81.08 78.19 75.36 72.73 70.54 68.85 67.67 66.97 66.77 67.05 67.90 69.54 72.00 75.24 79.21 83.86
75.51 75.10 74.70 74.29 73.89 73.50 73.12 72.75 72.39 72.09 71.88 71.75 71.70 71.73 71.92 72.34 72.98 73.81 74.80 75.90 77.10 78.35 79.63 80.90 82.21 83.90 86.04 88.56 91.38 94.42 97.60 100.83 104.06 107.18 110.13 112.74 114.83 116.34 117.21 117.39 117.00 116.27 115.28 114.04 112.58 110.91 109.06 107.03 104.86 102.56 100.14 97.60 94.93 92.16 89.33 86.45 83.55 80.65 77.80 75.00 72.29 69.82 67.81 66.34 65.41 64.99 65.21 66.25 68.15 70.88 74.37 78.60 83.51
75.11 74.74 74.38 74.02 73.67 73.33 73.01 72.70 72.41 72.14 71.93 71.81 71.80 71.96 72.37 73.03 73.89 74.92 76.10 77.39 78.76 80.17 81.60 83.00 84.43 86.20 88.37 90.87 93.63 96.55 99.57 102.61 105.57 108.40 111.00 113.29 115.12 116.33 116.86 116.80 116.38 115.67 114.70 113.49 112.04 110.38 108.54 106.52 104.35 102.05 99.64 97.10 94.43 91.68 88.86 86.00 83.12 80.26 77.43 74.68 72.01 69.46 67.18 65.40 64.19 63.64 63.97 65.20 67.30 70.22 73.91 78.33 83.43
