data_processed/recharge/precip/Precip_2011_05.asc
ncols        168
nrows        136
xllcorner    455000
yllcorner    2107000
cellsize     500
NODATA_value     -99999
[rows 70 to 104 of 136, columns 0 to 78 of 168]
77.99 79.07 79.91 80.51 80.89 81.08 81.07 80.90 80.58 80.12 79.53 78.85 78.07 77.22 76.32 75.38 74.41 73.43 72.41 71.34 70.23 69.07 67.87 66.63 65.36 64.05 62.70 61.33 59.92 58.49 57.04 55.56 54.07 52.55 51.02 49.48 47.93 46.37 44.80 43.22 41.65 40.07 38.49 36.92 35.36 33.81 32.27 30.74 29.25 27.79 26.38 25.00 23.67 22.39 21.14 19.95 18.80 17.71 16.66 15.67 14.73 13.84 13.01 12.24 11.53 10.88 10.28 9.76 9.29 8.89 8.56 8.30 8.10 7.97 7.89 7.84 7.83 7.85 7.91
79.22 80.30 81.13 81.73 82.11 82.29 82.28 82.10 81.78 81.31 80.72 80.03 79.25 78.40 77.49 76.54 75.56 74.57 73.55 72.47 71.35 70.19 68.98 67.74 66.45 65.13 63.78 62.39 60.98 59.54 58.07 56.58 55.08 53.55 52.01 50.45 48.89 47.31 45.73 44.14 42.55 40.95 39.36 37.78 36.20 34.63 33.07 31.53 30.01 28.52 27.07 25.66 24.30 22.98 21.71 20.48 19.30 18.18 17.11 16.09 15.12 14.21 13.35 12.56 11.82 11.15 10.54 9.99 9.51 9.09 8.74 8.46 8.25 8.10 8.00 7.93 7.89 7.88 7.90
80.44 81.52 82.34 82.94 83.31 83.49 83.48 83.30 82.96 82.49 81.90 81.20 80.42 79.56 78.64 77.69 76.71 75.71 74.68 73.60 72.47 71.30 70.08 68.83 67.54 66.21 64.84 63.45 62.03 60.57 59.10 57.60 56.08 54.54 52.99 51.42 49.84 48.25 46.65 45.05 43.44 41.84 40.23 38.63 37.04 35.45 33.88 32.33 30.79 29.27 27.78 26.34 24.94 23.59 22.29 21.03 19.83 18.67 17.57 16.52 15.53 14.60 13.72 12.90 12.14 11.44 10.81 10.24 9.74 9.30 8.93 8.64 8.41 8.25 8.12 8.03 7.97 7.93 7.91
81.64 82.72 83.54 84.13 84.50 84.67 84.66 84.47 84.13 83.66 83.06 82.36 81.57 80.71 79.79 78.82 77.84 76.84 75.80 74.71 73.58 72.40 71.18 69.91 68.61 67.28 65.90 64.50 63.07 61.60 60.12 58.61 57.08 55.53 53.96 52.38 50.79 49.18 47.57 45.95 44.33 42.71 41.10 39.48 37.87 36.28 34.69 33.12 31.56 30.03 28.52 27.04 25.61 24.23 22.89 21.61 20.37 19.19 18.06 16.98 15.96 15.00 14.10 13.26 12.48 11.76 11.10 10.51 9.99 9.54 9.15 8.84 8.59 8.41 8.27 8.15 8.06 7.99 7.94
82.83 83.90 84.72 85.31 85.68 85.84 85.82 85.64 85.29 84.81 84.21 83.51 82.71 81.84 80.92 79.95 78.96 77.95 76.91 75.82 74.68 73.49 72.26 70.99 69.68 68.33 66.95 65.54 64.10 62.62 61.13 59.61 58.06 56.50 54.92 53.33 51.73 50.11 48.49 46.86 45.22 43.59 41.96 40.33 38.71 37.10 35.50 33.91 32.34 30.79 29.27 27.76 26.30 24.88 23.52 22.20 20.94 19.72 18.56 17.46 16.42 15.43 14.50 13.64 12.83 12.09 11.41 10.80 10.26 9.79 9.38 9.05 8.79 8.60 8.44 8.30 8.17 8.07 7.99
84.00 85.06 85.88 86.47 86.83 87.00 86.97 86.78 86.43 85.95 85.35 84.64 83.84 82.96 82.03 81.06 80.07 79.05 78.01 76.91 75.76 74.57 73.33 72.05 70.73 69.38 67.99 66.57 65.12 63.63 62.13 60.60 59.04 57.47 55.88 54.28 52.66 51.03 49.39 47.75 46.10 44.46 42.81 41.17 39.54 37.92 36.30 34.71 33.12 31.56 30.02 28.50 27.01 25.56 24.16 22.82 21.52 20.28 19.09 17.96 16.89 15.88 14.92 14.03 13.20 12.44 11.74 11.11 10.55 10.06 9.64 9.29 9.01 8.80 8.62 8.45 8.31 8.17 8.05
85.14 86.21 87.03 87.61 87.97 88.13 88.10 87.91 87.56 87.07 86.46 85.75 84.94 84.07 83.13 82.16 81.16 80.14 79.09 77.98 76.83 75.63 74.39 73.10 71.78 70.41 69.02 67.58 66.12 64.63 63.12 61.57 60.01 58.43 56.83 55.21 53.58 51.94 50.29 48.63 46.98 45.32 43.66 42.01 40.37 38.73 37.10 35.49 33.90 32.32 30.77 29.24 27.73 26.26 24.83 23.45 22.12 20.85 19.64 18.48 17.38 16.34 15.36 14.45 13.60 12.81 12.09 11.44 10.86 10.35 9.91 9.54 9.25 9.02 8.82 8.63 8.45 8.29 8.13
86.27 87.33 88.15 88.73 89.09 89.24 89.21 89.02 88.66 88.17 87.56 86.84 86.04 85.15 84.21 83.23 82.23 81.21 80.15 79.04 77.88 76.68 75.43 74.13 72.80 71.43 70.03 68.59 67.12 65.62 64.09 62.54 60.97 59.37 57.76 56.13 54.49 52.84 51.18 49.51 47.84 46.17 44.51 42.84 41.19 39.54 37.90 36.28 34.67 33.09 31.52 29.98 28.46 26.97 25.51 24.10 22.75 21.45 20.20 19.02 17.89 16.83 15.82 14.88 14.01 13.20 12.46 11.78 11.18 10.65 10.19 9.81 9.50 9.25 9.03 8.82 8.61 8.42 8.22
87.37 88.43 89.25 89.82 90.18 90.34 90.30 90.10 89.75 89.25 88.64 87.92 87.11 86.22 85.28 84.29 83.28 82.26 81.20 80.08 78.92 77.70 76.45 75.15 73.81 72.43 71.02 69.57 68.09 66.59 65.05 63.49 61.91 60.30 58.68 57.04 55.39 53.72 52.05 50.38 48.70 47.02 45.34 43.67 42.00 40.34 38.69 37.06 35.44 33.84 32.26 30.71 29.18 27.68 26.21 24.78 23.39 22.06 20.79 19.57 18.42 17.33 16.30 15.33 14.43 13.60 12.84 12.15 11.52 10.97 10.49 10.09 9.77 9.50 9.26 9.02 8.79 8.56 8.33
88.46 89.51 90.32 90.89 91.25 91.40 91.37 91.17 90.81 90.31 89.69 88.97 88.15 87.27 86.32 85.33 84.32 83.29 82.22 81.10 79.93 78.71 77.45 76.15 74.80 73.42 72.00 70.54 69.05 67.54 65.99 64.42 62.83 61.22 59.58 57.93 56.27 54.60 52.92 51.23 49.55 47.86 46.17 44.48 42.80 41.14 39.48 37.83 36.20 34.59 33.01 31.44 29.90 28.39 26.91 25.46 24.05 22.69 21.39 20.15 18.96 17.85 16.79 15.80 14.88 14.02 13.24 12.52 11.88 11.31 10.81 10.39 10.05 9.77 9.51 9.25 8.98 8.72 8.46
89.60 90.57 91.37 91.94 92.30 92.45 92.41 92.21 91.85 91.35 90.73 90.00 89.18 88.29 87.34 86.35 85.33 84.30 83.23 82.10 80.93 79.70 78.44 77.13 75.77 74.38 72.95 71.49 70.00 68.47 66.92 65.34 63.74 62.11 60.47 58.81 57.14 55.46 53.77 52.08 50.38 48.68 46.98 45.29 43.60 41.92 40.25 38.60 36.96 35.34 33.74 32.17 30.62 29.09 27.60 26.14 24.72 23.34 22.01 20.74 19.53 18.38 17.30 16.29 15.34 14.46 13.65 12.92 12.25 11.66 11.15 10.71 10.35 10.05 9.77 9.48 9.19 8.90 8.59
90.86 91.68 92.40 92.96 93.31 93.46 93.43 93.22 92.86 92.36 91.73 91.00 90.18 89.29 88.34 87.34 86.32 85.28 84.21 83.08 81.90 80.67 79.40 78.08 76.72 75.33 73.89 72.42 70.92 69.39 67.82 66.24 64.62 62.99 61.34 59.68 58.00 56.31 54.61 52.91 51.20 49.49 47.79 46.08 44.39 42.70 41.02 39.36 37.71 36.08 34.47 32.89 31.33 29.79 28.29 26.82 25.39 24.00 22.64 21.34 20.11 18.93 17.83 16.79 15.82 14.92 14.08 13.33 12.64 12.03 11.50 11.04 10.66 10.35 10.04 9.73 9.41 9.09 8.75
92.22 92.88 93.47 93.96 94.31 94.45 94.42 94.21 93.84 93.34 92.71 91.98 91.16 90.26 89.31 88.31 87.28 86.24 85.16 84.03 82.85 81.62 80.34 79.02 77.65 76.25 74.81 73.33 71.82 70.28 68.71 67.11 65.49 63.85 62.20 60.52 58.84 57.14 55.43 53.72 52.01 50.29 48.58 46.87 45.16 43.46 41.78 40.11 38.45 36.81 35.19 33.60 32.03 30.49 28.98 27.50 26.06 24.65 23.29 21.97 20.70 19.50 18.37 17.31 16.31 15.38 14.53 13.75 13.04 12.41 11.86 11.38 10.99 10.66 10.33 10.00 9.65 9.29 8.91
93.65 94.17 94.62 94.99 95.27 95.41 95.37 95.16 94.80 94.29 93.67 92.93 92.11 91.21 90.25 89.25 88.22 87.18 86.10 84.96 83.77 82.54 81.25 79.93 78.56 77.15 75.70 74.21 72.70 71.15 69.57 67.97 66.34 64.70 63.03 61.35 59.66 57.95 56.24 54.52 52.80 51.08 49.35 47.63 45.92 44.22 42.52 40.84 39.18 37.53 35.91 34.30 32.73 31.18 29.66 28.17 26.72 25.30 23.93 22.60 21.31 20.09 18.93 17.84 16.82 15.87 14.99 14.19 13.46 12.81 12.24 11.74 11.33 10.98 10.63 10.27 9.90 9.50 9.09
95.11 95.50 95.83 96.08 96.26 96.35 96.30 96.09 95.72 95.22 94.59 93.85 93.03 92.12 91.16 90.16 89.13 88.09 87.00 85.86 84.67 83.43 82.14 80.81 79.43 78.02 76.56 75.07 73.55 71.99 70.41 68.80 67.17 65.52 63.85 62.16 60.46 58.75 57.03 55.30 53.58 51.84 50.12 48.39 46.67 44.96 43.26 41.57 39.90 38.24 36.61 35.00 33.41 31.86 30.33 28.83 27.37 25.95 24.57 23.23 21.93 20.69 19.50 18.39 17.34 16.37 15.47 14.64 13.89 13.22 12.63 12.11 11.68 11.32 10.95 10.56 10.16 9.73 9.28
96.57 96.85 97.07 97.22 97.30 97.29 97.20 96.99 96.62 96.11 95.48 94.74 93.91 93.01 92.05 91.04 90.01 88.96 87.87 86.73 85.54 84.29 83.00 81.66 80.28 78.86 77.40 75.91 74.38 72.82 71.23 69.61 67.98 66.32 64.64 62.95 61.24 59.53 57.80 56.07 54.33 52.60 50.86 49.13 47.40 45.68 43.98 42.28 40.60 38.94 37.30 35.68 34.09 32.53 30.99 29.49 28.02 26.59 25.20 23.85 22.55 21.29 20.09 18.95 17.88 16.88 15.96 15.11 14.34 13.64 13.03 12.50 12.05 11.66 11.27 10.86 10.43 9.97 9.48
98.00 98.19 98.31 98.37 98.36 98.27 98.10 97.85 97.48 96.97 96.34 95.60 94.77 93.86 92.90 91.89 90.86 89.81 88.72 87.57 86.38 85.13 83.83 82.49 81.11 79.68 78.21 76.71 75.18 73.61 72.02 70.40 68.76 67.09 65.41 63.72 62.01 60.28 58.55 56.82 55.07 53.33 51.59 49.85 48.12 46.40 44.68 42.98 41.30 39.63 37.98 36.36 34.76 33.19 31.65 30.14 28.66 27.22 25.83 24.47 23.16 21.90 20.68 19.52 18.43 17.40 16.46 15.59 14.79 14.08 13.45 12.90 12.43 12.02 11.61 11.18 10.71 10.22 9.69
99.38 99.48 99.52 99.50 99.42 99.26 99.02 98.71 98.31 97.79 97.16 96.42 95.59 94.69 93.72 92.71 91.68 90.63 89.53 88.38 87.18 85.93 84.63 83.29 81.90 80.47 79.00 77.49 75.95 74.38 72.78 71.16 69.52 67.85 66.16 64.46 62.74 61.02 59.28 57.54 55.79 54.05 52.30 50.56 48.82 47.09 45.37 43.66 41.97 40.30 38.65 37.02 35.41 33.84 32.29 30.77 29.29 27.85 26.44 25.08 23.76 22.49 21.27 20.10 18.99 17.94 16.97 16.08 15.26 14.53 13.88 13.31 12.82 12.40 11.96 11.50 11.01 10.48 9.92
100.66 100.69 100.67 100.58 100.44 100.22 99.93 99.56 99.12 98.59 97.95 97.21 96.38 95.47 94.51 93.50 92.46 91.41 90.31 89.16 87.96 86.70 85.40 84.05 82.66 81.22 79.75 78.24 76.70 75.12 73.52 71.90 70.25 68.58 66.89 65.18 63.46 61.73 59.99 58.24 56.49 54.74 52.99 51.24 49.50 47.77 46.04 44.33 42.64 40.96 39.30 37.67 36.05 34.47 32.92 31.40 29.91 28.46 27.05 25.68 24.36 23.08 21.86 20.68 19.56 18.49 17.50 16.58 15.75 14.99 14.32 13.73 13.22 12.78 12.33 11.84 11.31 10.75 10.15
101.83 101.80 101.72 101.58 101.39 101.13 100.79 100.39 99.91 99.35 98.70 97.96 97.13 96.22 95.25 94.24 93.21 92.15 91.05 89.90 88.69 87.44 86.13 84.78 83.38 81.94 80.47 78.96 77.41 75.84 74.23 72.60 70.95 69.28 67.58 65.88 64.15 62.42 60.68 58.93 57.17 55.42 53.66 51.91 50.16 48.43 46.70 44.98 43.28 41.60 39.94 38.30 36.68 35.09 33.54 32.01 30.52 29.06 27.65 26.28 24.95 23.66 22.43 21.25 20.12 19.05 18.04 17.10 16.24 15.46 14.77 14.16 13.64 13.18 12.70 12.18 11.63 11.03 10.40
102.84 102.77 102.65 102.47 102.24 101.95 101.59 101.16 100.66 100.08 99.42 98.67 97.84 96.93 95.97 94.95 93.92 92.86 91.76 90.61 89.40 88.14 86.83 85.47 84.07 82.64 81.16 79.64 78.10 76.52 74.91 73.28 71.63 69.95 68.26 66.54 64.82 63.08 61.34 59.58 57.83 56.07 54.31 52.56 50.81 49.06 47.33 45.61 43.91 42.22 40.56 38.91 37.29 35.70 34.14 32.61 31.11 29.65 28.23 26.86 25.52 24.24 23.00 21.81 20.68 19.60 18.58 17.63 16.74 15.95 15.23 14.60 14.06 13.58 13.08 12.54 11.96 11.33 10.65
103.66 103.56 103.41 103.21 102.96 102.65 102.28 101.84 101.33 100.75 100.08 99.34 98.51 97.60 96.64 95.63 94.59 93.53 92.43 91.27 90.06 88.80 87.49 86.13 84.73 83.29 81.81 80.30 78.75 77.17 75.57 73.93 72.28 70.60 68.90 67.19 65.46 63.72 61.97 60.22 58.46 56.70 54.94 53.18 51.43 49.68 47.95 46.22 44.52 42.83 41.16 39.51 37.89 36.29 34.73 33.19 31.69 30.23 28.81 27.42 26.09 24.80 23.55 22.36 21.22 20.14 19.12 18.16 17.26 16.44 15.70 15.05 14.49 13.99 13.47 12.91 12.29 11.63 10.94
104.27 104.15 103.99 103.78 103.52 103.21 102.83 102.40 101.89 101.32 100.67 99.94 99.13 98.23 97.27 96.26 95.22 94.16 93.06 91.90 90.69 89.43 88.11 86.76 85.36 83.92 82.44 80.92 79.37 77.79 76.19 74.55 72.89 71.21 69.52 67.80 66.07 64.33 62.58 60.82 59.06 57.30 55.54 53.78 52.02 50.28 48.54 46.82 45.11 43.41 41.74 40.09 38.47 36.87 35.30 33.76 32.26 30.79 29.37 27.98 26.64 25.34 24.10 22.90 21.76 20.67 19.65 18.68 17.78 16.94 16.19 15.52 14.94 14.42 13.87 13.28 12.64 11.96 11.29
104.63 104.51 104.35 104.14 103.89 103.58 103.22 102.80 102.32 101.76 101.14 100.44 99.66 98.80 97.85 96.84 95.80 94.75 93.65 92.49 91.27 90.01 88.70 87.34 85.94 84.50 83.02 81.51 79.96 78.38 76.77 75.14 73.48 71.80 70.10 68.38 66.65 64.91 63.16 61.40 59.64 57.88 56.11 54.35 52.60 50.85 49.11 47.38 45.67 43.98 42.30 40.65 39.03 37.42 35.85 34.31 32.81 31.34 29.91 28.52 27.18 25.88 24.63 23.43 22.29 21.20 20.17 19.20 18.29 17.45 16.68 15.99 15.39 14.85 14.28 13.66 13.01 12.36 11.71
104.72 104.60 104.45 104.26 104.03 103.75 103.41 103.02 102.57 102.05 101.47 100.81 100.08 99.26 98.37 97.39 96.35 95.29 94.19 93.03 91.82 90.56 89.25 87.89 86.49 85.05 83.57 82.06 80.51 78.93 77.32 75.69 74.03 72.35 70.65 68.94 67.21 65.47 63.72 61.96 60.19 58.43 56.66 54.90 53.15 51.40 49.66 47.93 46.22 44.52 42.85 41.19 39.56 37.96 36.39 34.85 33.34 31.87 30.44 29.05 27.70 26.40 25.15 23.95 22.80 21.71 20.67 19.70 18.79 17.95 17.17 16.47 15.85 15.29 14.70 14.08 13.45 12.83 12.21
104.49 104.40 104.28 104.12 103.92 103.67 103.37 103.02 102.62 102.15 101.62 101.02 100.34 99.59 98.76 97.84 96.84 95.79 94.69 93.53 92.32 91.06 89.76 88.40 87.00 85.56 84.09 82.57 81.03 79.45 77.84 76.21 74.55 72.87 71.17 69.46 67.73 65.99 64.24 62.48 60.72 58.95 57.19 55.43 53.67 51.92 50.18 48.45 46.74 45.04 43.37 41.71 40.08 38.48 36.90 35.36 33.85 32.38 30.95 29.55 28.21 26.90 25.65 24.45 23.30 22.20 21.17 20.19 19.28 18.43 17.66 16.95 16.31 15.74 15.15 14.56 13.96 13.37 12.78
103.95 103.90 103.81 103.69 103.54 103.34 103.10 102.80 102.45 102.05 101.58 101.05 100.44 99.77 99.01 98.18 97.25 96.24 95.15 93.99 92.78 91.53 90.22 88.87 87.47 86.04 84.56 83.05 81.51 79.93 78.32 76.69 75.04 73.36 71.66 69.95 68.22 66.48 64.73 62.97 61.21 59.45 57.68 55.92 54.16 52.41 50.67 48.95 47.23 45.54 43.86 42.21 40.58 38.97 37.40 35.86 34.35 32.87 31.44 30.05 28.70 27.39 26.14 24.93 23.78 22.69 21.65 20.67 19.76 18.91 18.13 17.42 16.78 16.21 15.65 15.09 14.53 13.97 13.41
103.26 103.25 103.21 103.13 103.02 102.88 102.68 102.45 102.16 101.82 101.42 100.95 100.42 99.82 99.15 98.40 97.56 96.61 95.54 94.40 93.19 91.94 90.64 89.29 87.90 86.46 84.99 83.48 81.94 80.37 78.76 77.13 75.48 73.81 72.11 70.40 68.67 66.93 65.19 63.43 61.67 59.91 58.15 56.39 54.63 52.88 51.14 49.42 47.71 46.01 44.34 42.68 41.05 39.45 37.87 36.33 34.82 33.35 31.92 30.52 29.17 27.87 26.62 25.41 24.26 23.16 22.13 21.15 20.23 19.39 18.60 17.89 17.26 16.69 16.16 15.63 15.11 14.58 14.05
102.53 102.55 102.54 102.51 102.45 102.35 102.21 102.02 101.79 101.51 101.18 100.78 100.32 99.80 99.20 98.52 97.75 96.86 95.86 94.74 93.55 92.30 91.00 89.66 88.27 86.84 85.37 83.87 82.33 80.76 79.16 77.53 75.88 74.21 72.52 70.81 69.09 67.35 65.61 63.86 62.10 60.34 58.58 56.82 55.07 53.32 51.59 49.86 48.15 46.46 44.79 43.14 41.51 39.91 38.33 36.79 35.28 33.81 32.38 30.99 29.64 28.34 27.08 25.88 24.73 23.64 22.60 21.62 20.71 19.86 19.08 18.37 17.73 17.17 16.64 16.14 15.65 15.16 14.67
101.74 101.79 101.82 101.83 101.81 101.76 101.67 101.53 101.36 101.14 100.86 100.53 100.14 99.69 99.16 98.54 97.82 97.00 96.06 95.01 93.84 92.60 91.31 89.97 88.59 87.17 85.70 84.20 82.67 81.11 79.51 77.89 76.24 74.58 72.89 71.19 69.47 67.74 66.00 64.25 62.50 60.74 58.98 57.23 55.48 53.74 52.01 50.29 48.58 46.89 45.22 43.57 41.94 40.35 38.78 37.24 35.73 34.26 32.83 31.44 30.10 28.80 27.55 26.34 25.20 24.10 23.07 22.09 21.18 20.33 19.55 18.85 18.22 17.65 17.13 16.64 16.17 15.71 15.25
100.91 100.99 101.05 101.10 101.12 101.10 101.06 100.98 100.86 100.69 100.48 100.21 99.88 99.49 99.02 98.45 97.79 97.02 96.15 95.16 94.06 92.85 91.57 90.24 88.86 87.44 85.99 84.50 82.97 81.41 79.82 78.21 76.57 74.90 73.22 71.53 69.81 68.09 66.35 64.61 62.86 61.11 59.36 57.61 55.87 54.13 52.40 50.68 48.98 47.30 45.63 43.98 42.36 40.77 39.20 37.67 36.17 34.70 33.28 31.89 30.55 29.25 28.00 26.80 25.66 24.57 23.53 22.56 21.65 20.81 20.04 19.34 18.71 18.15 17.63 17.14 16.67 16.24 15.81
100.03 100.14 100.23 100.31 100.37 100.40 100.40 100.36 100.29 100.18 100.02 99.81 99.54 99.20 98.78 98.26 97.66 96.95 96.13 95.20 94.17 93.02 91.78 90.45 89.09 87.68 86.23 84.74 83.22 81.67 80.09 78.48 76.85 75.19 73.52 71.83 70.12 68.40 66.67 64.94 63.19 61.45 59.71 57.96 56.22 54.49 52.77 51.06 49.36 47.68 46.02 44.38 42.77 41.18 39.62 38.09 36.59 35.13 33.71 32.33 30.99 29.69 28.45 27.26 26.11 25.03 24.00 23.03 22.13 21.29 20.52 19.83 19.21 18.65 18.13 17.64 17.18 16.75 16.34
99.11 99.24 99.37 99.47 99.56 99.63 99.67 99.68 99.66 99.60 99.49 99.34 99.11 98.82 98.44 97.98 97.42 96.77 96.01 95.14 94.17 93.09 91.90 90.62 89.26 87.86 86.42 84.94 83.43 81.89 80.32 78.72 77.09 75.45 73.78 72.10 70.40 68.69 66.96 65.23 63.50 61.76 60.02 58.29 56.56 54.83 53.12 51.41 49.72 48.05 46.40 44.76 43.15 41.57 40.01 38.49 37.00 35.55 34.13 32.75 31.42 30.13 28.89 27.71 26.57 25.49 24.46 23.50 22.61 21.78 21.02 20.33 19.71 19.16 18.64 18.16 17.70 17.26 16.86
98.15 98.30 98.45 98.59 98.71 98.81 98.89 98.94 98.96 98.95 98.89 98.78 98.60 98.34 98.01 97.59 97.09 96.49 95.78 94.98 94.06 93.05 91.93 90.71 89.39 88.00 86.57 85.10 83.60 82.07 80.50 78.91 77.30 75.66 74.00 72.33 70.64 68.94 67.22 65.50 63.78 62.05 60.32 58.59 56.87 55.15 53.44 51.75 50.06 48.40 46.75 45.13 43.52 41.95 40.40 38.88 37.40 35.95 34.54 33.17 31.85 30.57 29.33 28.15 27.02 25.95 24.93 23.98 23.09 22.27 21.52 20.84 20.23 19.68 19.17 18.68 18.22 17.79 17.38
97.14 97.32 97.49 97.65 97.81 97.94 98.06 98.15 98.21 98.24 98.22 98.14 97.99 97.78 97.49 97.12 96.67 96.12 95.47 94.72 93.86 92.91 91.85 90.70 89.44 88.09 86.68 85.22 83.73 82.21 80.65 79.07 77.47 75.84 74.19 72.53 70.85 69.15 67.45 65.74 64.02 62.30 60.58 58.87 57.15 55.44 53.75 52.06 50.38 48.73 47.09 45.47 43.88 42.31 40.77 39.26 37.79 36.35 34.95 33.59 32.27 31.00 29.77 28.60 27.47 26.41 25.40 24.46 23.58 22.77 22.03 21.35 20.75 20.20 19.70 19.21 18.76 18.32 17.92
