data_processed/recharge/precip/Precip_1985_05.asc
ncols        168
nrows        136
xllcorner    455000
yllcorner    2107000
cellsize     500
NODATA_value     -99999
[rows 102 to 135 of 136, columns 77 to 153 of 168]
66.36 65.27 64.03 62.65 61.13 59.50 57.77 55.98 54.14 52.29 50.44 48.63 46.89 45.31 43.90 42.64 41.56 40.66 39.93 39.39 39.03 38.85 38.80 38.85 38.99 39.22 39.50 39.75 39.96 40.13 40.25 40.32 40.33 40.28 40.17 40.01 39.87 39.78 39.76 39.79 39.90 40.08 40.34 40.69 41.12 41.70 42.48 43.44 44.60 45.94 47.48 49.19 51.07 53.07 55.16 57.32 59.53 61.74 63.94 66.11 68.26 70.36 72.39 74.33 76.17 77.87 79.42 80.79 81.97 82.96 83.75 84.30 84.63 84.77 84.79 84.71 84.52
65.87 64.69 63.39 61.98 60.46 58.85 57.15 55.40 53.62 51.83 50.07 48.34 46.71 45.23 43.92 42.77 41.79 40.99 40.36 39.92 39.65 39.50 39.43 39.46 39.57 39.76 40.02 40.31 40.57 40.77 40.92 41.00 41.02 40.97 40.85 40.67 40.50 40.39 40.34 40.35 40.42 40.57 40.80 41.11 41.56 42.19 43.01 44.02 45.19 46.54 48.06 49.75 51.59 53.56 55.63 57.77 59.95 62.14 64.32 66.48 68.62 70.73 72.77 74.73 76.59 78.32 79.91 81.34 82.61 83.70 84.61 85.30 85.77 86.01 86.07 86.02 85.86
65.30 64.05 62.70 61.26 59.75 58.17 56.52 54.83 53.13 51.43 49.76 48.15 46.64 45.29 44.09 43.06 42.21 41.52 41.02 40.68 40.45 40.31 40.24 40.25 40.33 40.47 40.68 40.95 41.24 41.47 41.64 41.74 41.76 41.71 41.57 41.37 41.18 41.04 40.95 40.93 40.98 41.09 41.28 41.61 42.11 42.79 43.65 44.67 45.86 47.20 48.70 50.35 52.15 54.07 56.10 58.19 60.33 62.49 64.63 66.76 68.87 70.96 72.99 74.95 76.82 78.57 80.19 81.68 83.03 84.23 85.25 86.08 86.71 87.11 87.28 87.27 87.16
64.68 63.37 61.99 60.53 59.03 57.48 55.90 54.30 52.68 51.09 49.55 48.07 46.70 45.48 44.43 43.54 42.83 42.28 41.90 41.62 41.42 41.28 41.21 41.21 41.26 41.36 41.52 41.73 41.98 42.23 42.42 42.53 42.55 42.49 42.34 42.11 41.89 41.72 41.61 41.55 41.56 41.64 41.84 42.22 42.77 43.48 44.36 45.39 46.58 47.91 49.38 50.98 52.72 54.58 56.54 58.58 60.66 62.76 64.84 66.92 69.00 71.05 73.05 74.99 76.84 78.60 80.26 81.81 83.25 84.54 85.68 86.64 87.42 87.99 88.34 88.46 88.40
64.01 62.67 61.26 59.80 58.31 56.81 55.30 53.80 52.30 50.83 49.43 48.10 46.89 45.84 44.94 44.22 43.66 43.26 42.96 42.72 42.54 42.41 42.34 42.32 42.35 42.42 42.53 42.67 42.85 43.06 43.25 43.37 43.39 43.32 43.15 42.90 42.65 42.44 42.29 42.20 42.18 42.27 42.52 42.94 43.53 44.26 45.15 46.17 47.34 48.64 50.07 51.62 53.29 55.07 56.95 58.91 60.92 62.94 64.95 66.96 68.97 70.97 72.93 74.83 76.67 78.44 80.14 81.75 83.26 84.65 85.90 87.00 87.92 88.66 89.19 89.49 89.57
63.31 61.95 60.54 59.09 57.64 56.18 54.75 53.35 51.98 50.67 49.42 48.26 47.23 46.36 45.65 45.10 44.71 44.40 44.15 43.95 43.79 43.69 43.62 43.59 43.59 43.63 43.69 43.78 43.89 44.02 44.15 44.27 44.29 44.20 44.01 43.72 43.44 43.20 43.02 42.89 42.87 43.02 43.31 43.77 44.37 45.11 45.99 47.00 48.14 49.40 50.77 52.26 53.85 55.53 57.32 59.18 61.08 63.01 64.93 66.86 68.79 70.71 72.61 74.47 76.30 78.09 79.83 81.50 83.08 84.56 85.92 87.14 88.21 89.11 89.82 90.32 90.60
62.60 61.23 59.83 58.42 57.01 55.62 54.28 52.98 51.76 50.60 49.53 48.57 47.74 47.07 46.55 46.19 45.90 45.66 45.47 45.31 45.19 45.10 45.03 45.00 44.98 44.99 45.01 45.04 45.08 45.13 45.18 45.23 45.23 45.13 44.91 44.60 44.28 44.00 43.78 43.66 43.69 43.88 44.21 44.68 45.28 46.02 46.88 47.86 48.95 50.16 51.46 52.87 54.37 55.95 57.62 59.36 61.15 62.97 64.78 66.59 68.43 70.26 72.09 73.92 75.75 77.56 79.34 81.06 82.72 84.28 85.75 87.09 88.30 89.35 90.23 90.93 91.42
61.89 60.53 59.16 57.79 56.45 55.15 53.90 52.72 51.64 50.66 49.78 49.03 48.42 47.97 47.65 47.41 47.21 47.04 46.90 46.79 46.70 46.63 46.58 46.54 46.51 46.49 46.47 46.45 46.43 46.40 46.36 46.31 46.23 46.11 45.86 45.51 45.15 44.84 44.63 44.56 44.63 44.84 45.19 45.66 46.26 46.98 47.81 48.74 49.78 50.91 52.14 53.45 54.84 56.31 57.84 59.44 61.10 62.78 64.47 66.16 67.87 69.62 71.40 73.21 75.04 76.86 78.67 80.44 82.16 83.81 85.38 86.84 88.18 89.39 90.44 91.33 92.03
61.19 59.86 58.53 57.23 55.97 54.76 53.63 52.59 51.66 50.85 50.19 49.66 49.29 49.06 48.88 48.74 48.63 48.53 48.45 48.39 48.34 48.29 48.25 48.21 48.17 48.12 48.06 48.00 47.91 47.81 47.68 47.53 47.35 47.14 46.86 46.46 46.07 45.77 45.60 45.57 45.67 45.90 46.25 46.72 47.29 47.97 48.76 49.64 50.60 51.65 52.78 53.99 55.26 56.59 57.99 59.43 60.92 62.45 63.98 65.53 67.13 68.80 70.54 72.33 74.15 75.99 77.82 79.64 81.42 83.15 84.82 86.39 87.87 89.23 90.45 91.52 92.42
60.53 59.23 57.97 56.74 55.58 54.49 53.49 52.60 51.84 51.22 50.76 50.48 50.34 50.26 50.21 50.17 50.14 50.12 50.10 50.09 50.08 50.06 50.03 50.00 49.94 49.88 49.78 49.67 49.53 49.35 49.15 48.90 48.62 48.28 47.90 47.47 47.08 46.82 46.69 46.69 46.80 47.04 47.38 47.82 48.36 49.00 49.72 50.53 51.41 52.37 53.39 54.47 55.61 56.80 58.03 59.31 60.62 61.96 63.32 64.72 66.23 67.84 69.53 71.29 73.10 74.95 76.81 78.67 80.51 82.32 84.07 85.76 87.37 88.87 90.26 91.51 92.61
59.91 58.68 57.49 56.36 55.31 54.35 53.51 52.79 52.21 51.80 51.57 51.50 51.52 51.57 51.62 51.68 51.74 51.80 51.85 51.89 51.92 51.93 51.92 51.89 51.83 51.74 51.62 51.46 51.26 51.02 50.73 50.39 50.00 49.55 49.06 48.59 48.25 48.02 47.92 47.92 48.04 48.25 48.57 48.97 49.46 50.03 50.68 51.40 52.18 53.03 53.92 54.87 55.86 56.89 57.95 59.04 60.15 61.28 62.48 63.80 65.23 66.77 68.41 70.14 71.93 73.77 75.65 77.55 79.44 81.32 83.17 84.96 86.69 88.34 89.88 91.31 92.60
59.39 58.24 57.15 56.14 55.22 54.42 53.75 53.22 52.86 52.67 52.65 52.71 52.82 52.98 53.15 53.31 53.46 53.59 53.71 53.80 53.87 53.91 53.91 53.88 53.81 53.70 53.55 53.34 53.09 52.78 52.40 51.97 51.47 50.92 50.38 49.96 49.64 49.42 49.31 49.31 49.39 49.57 49.83 50.17 50.59 51.07 51.62 52.22 52.88 53.59 54.33 55.12 55.93 56.77 57.64 58.51 59.40 60.37 61.55 62.87 64.24 65.70 67.28 68.95 70.72 72.55 74.43 76.35 78.29 80.23 82.15 84.04 85.88 87.65 89.34 90.93 92.41
58.98 57.93 56.96 56.09 55.34 54.71 54.24 53.92 53.79 53.82 53.93 54.08 54.27 54.51 54.77 55.03 55.27 55.48 55.65 55.80 55.90 55.97 55.99 55.96 55.88 55.75 55.56 55.30 54.99 54.60 54.15 53.62 53.02 52.44 51.94 51.56 51.25 51.02 50.89 50.84 50.87 50.98 51.16 51.41 51.73 52.09 52.51 52.98 53.49 54.03 54.60 55.19 55.81 56.43 57.07 57.71 58.43 59.36 60.55 61.90 63.27 64.67 66.17 67.79 69.51 71.32 73.19 75.12 77.08 79.06 81.04 83.01 84.95 86.84 88.66 90.40 92.04
58.70 57.77 56.95 56.24 55.67 55.24 54.98 54.91 54.99 55.15 55.34 55.57 55.85 56.16 56.49 56.84 57.16 57.44 57.68 57.87 58.01 58.10 58.13 58.10 58.01 57.85 57.63 57.32 56.95 56.49 55.95 55.33 54.71 54.16 53.72 53.37 53.06 52.80 52.61 52.49 52.44 52.46 52.54 52.68 52.86 53.08 53.35 53.65 53.98 54.33 54.69 55.07 55.46 55.85 56.23 56.69 57.36 58.30 59.51 60.87 62.26 63.67 65.11 66.66 68.32 70.09 71.94 73.86 75.84 77.85 79.88 81.91 83.93 85.92 87.86 89.73 91.52
58.55 57.78 57.12 56.60 56.23 56.03 56.01 56.15 56.37 56.60 56.87 57.18 57.53 57.92 58.32 58.72 59.12 59.47 59.76 60.00 60.18 60.29 60.33 60.30 60.20 60.01 59.74 59.39 58.95 58.42 57.80 57.16 56.58 56.08 55.67 55.34 55.04 54.74 54.47 54.26 54.10 54.00 53.95 53.94 53.97 54.02 54.11 54.21 54.34 54.47 54.61 54.74 54.88 55.00 55.18 55.59 56.26 57.21 58.43 59.80 61.21 62.64 64.10 65.59 67.18 68.89 70.71 72.61 74.58 76.61 78.67 80.76 82.84 84.92 86.96 88.95 90.88
58.56 57.96 57.49 57.18 57.04 57.08 57.29 57.55 57.84 58.14 58.49 58.87 59.30 59.76 60.23 60.69 61.14 61.55 61.90 62.18 62.39 62.52 62.57 62.54 62.42 62.21 61.90 61.49 60.99 60.39 59.75 59.16 58.63 58.16 57.78 57.46 57.14 56.80 56.45 56.12 55.83 55.58 55.37 55.19 55.03 54.89 54.77 54.66 54.55 54.44 54.32 54.19 54.04 53.95 54.08 54.47 55.14 56.10 57.32 58.71 60.14 61.59 63.06 64.56 66.11 67.75 69.51 71.38 73.34 75.37 77.45 79.57 81.71 83.85 85.98 88.08 90.15
58.74 58.33 58.08 58.00 58.10 58.37 58.70 59.03 59.38 59.76 60.17 60.63 61.14 61.67 62.20 62.72 63.21 63.67 64.07 64.40 64.64 64.79 64.84 64.80 64.66 64.42 64.07 63.61 63.05 62.44 61.85 61.30 60.81 60.37 60.00 59.69 59.35 58.95 58.51 58.06 57.61 57.18 56.78 56.40 56.04 55.68 55.32 54.96 54.59 54.21 53.81 53.39 53.01 52.85 52.97 53.36 54.03 54.98 56.21 57.61 59.05 60.51 62.01 63.53 65.08 66.68 68.38 70.20 72.13 74.14 76.23 78.37 80.55 82.75 84.96 87.17 89.44
59.10 58.91 58.89 59.06 59.40 59.79 60.18 60.57 60.99 61.43 61.92 62.45 63.03 63.62 64.21 64.79 65.33 65.83 66.27 66.63 66.90 67.06 67.13 67.08 66.92 66.64 66.25 65.74 65.17 64.61 64.07 63.56 63.09 62.67 62.31 62.00 61.62 61.16 60.62 60.04 59.42 58.79 58.18 57.57 56.97 56.36 55.74 55.11 54.46 53.78 53.07 52.40 51.96 51.78 51.88 52.26 52.92 53.87 55.11 56.51 57.96 59.44 60.95 62.49 64.07 65.67 67.33 69.09 70.97 72.96 75.04 77.19 79.39 81.63 83.92 86.30 88.80
59.65 59.71 59.95 60.35 60.80 61.25 61.69 62.15 62.63 63.14 63.69 64.29 64.94 65.60 66.25 66.88 67.47 68.01 68.48 68.87 69.16 69.34 69.41 69.35 69.17 68.86 68.43 67.92 67.40 66.88 66.38 65.90 65.44 65.03 64.67 64.35 63.93 63.39 62.75 62.03 61.24 60.40 59.54 58.67 57.80 56.92 56.02 55.08 54.12 53.12 52.16 51.41 50.93 50.74 50.82 51.19 51.84 52.79 54.02 55.43 56.88 58.37 59.89 61.45 63.05 64.68 66.35 68.07 69.89 71.84 73.89 76.04 78.25 80.54 82.96 85.54 88.25
60.42 60.73 61.21 61.73 62.24 62.73 63.23 63.75 64.29 64.86 65.48 66.15 66.87 67.59 68.29 68.97 69.61 70.18 70.69 71.10 71.41 71.60 71.67 71.60 71.40 71.06 70.63 70.18 69.70 69.22 68.75 68.28 67.84 67.43 67.06 66.71 66.25 65.63 64.87 63.99 63.02 61.97 60.86 59.70 58.53 57.34 56.13 54.87 53.57 52.30 51.25 50.47 49.96 49.74 49.80 50.15 50.80 51.73 52.96 54.37 55.83 57.32 58.86 60.43 62.05 63.70 65.40 67.13 68.91 70.80 72.82 74.94 77.17 79.57 82.16 84.91 87.78
61.41 61.97 62.56 63.12 63.67 64.22 64.78 65.35 65.94 66.58 67.26 68.00 68.78 69.56 70.32 71.05 71.73 72.34 72.87 73.31 73.63 73.84 73.90 73.82 73.60 73.27 72.90 72.49 72.05 71.60 71.14 70.69 70.25 69.83 69.44 69.06 68.54 67.83 66.94 65.91 64.74 63.46 62.09 60.65 59.15 57.62 56.05 54.44 52.87 51.50 50.41 49.59 49.06 48.81 48.85 49.18 49.81 50.73 51.96 53.36 54.81 56.31 57.86 59.45 61.07 62.75 64.46 66.22 68.02 69.87 71.84 73.94 76.25 78.78 81.51 84.40 87.40
62.60 63.26 63.89 64.50 65.10 65.69 66.30 66.92 67.57 68.27 69.01 69.81 70.66 71.50 72.32 73.09 73.80 74.45 75.01 75.46 75.81 76.02 76.08 76.00 75.79 75.52 75.19 74.82 74.41 73.98 73.54 73.08 72.63 72.20 71.78 71.36 70.77 69.96 68.94 67.74 66.37 64.86 63.22 61.47 59.63 57.73 55.79 53.89 52.20 50.78 49.65 48.79 48.23 47.95 47.96 48.27 48.88 49.79 51.00 52.40 53.85 55.36 56.90 58.50 60.14 61.83 63.56 65.34 67.17 69.04 70.99 73.14 75.55 78.19 81.03 84.01 87.12
63.83 64.53 65.20 65.85 66.49 67.13 67.78 68.46 69.16 69.91 70.72 71.58 72.49 73.39 74.25 75.07 75.82 76.50 77.08 77.56 77.91 78.13 78.20 78.15 78.00 77.77 77.49 77.14 76.76 76.34 75.89 75.43 74.97 74.50 74.05 73.58 72.92 72.00 70.83 69.45 67.87 66.12 64.20 62.14 59.96 57.68 55.42 53.38 51.63 50.17 48.99 48.09 47.49 47.17 47.16 47.44 48.03 48.93 50.13 51.51 52.96 54.46 56.01 57.61 59.26 60.97 62.72 64.52 66.36 68.28 70.33 72.59 75.08 77.80 80.70 83.76 86.93
65.04 65.75 66.45 67.14 67.82 68.51 69.21 69.93 70.69 71.50 72.36 73.28 74.25 75.20 76.12 76.97 77.76 78.47 79.07 79.57 79.93 80.16 80.26 80.27 80.18 80.01 79.75 79.43 79.05 78.64 78.18 77.71 77.21 76.71 76.22 75.69 74.94 73.90 72.59 71.02 69.22 67.21 65.01 62.63 60.10 57.53 55.14 53.01 51.19 49.67 48.44 47.50 46.85 46.50 46.45 46.71 47.27 48.15 49.33 50.71 52.15 53.64 55.19 56.80 58.45 60.16 61.93 63.75 65.63 67.67 69.89 72.29 74.85 77.61 80.55 83.64 86.84
66.20 66.92 67.64 68.37 69.09 69.81 70.56 71.33 72.14 73.00 73.91 74.90 75.92 76.93 77.88 78.78 79.60 80.33 80.96 81.47 81.84 82.10 82.26 82.33 82.30 82.18 81.95 81.64 81.27 80.84 80.37 79.87 79.34 78.80 78.25 77.66 76.81 75.64 74.17 72.41 70.38 68.11 65.61 62.90 60.11 57.44 55.00 52.81 50.90 49.29 48.01 47.02 46.33 45.95 45.86 46.09 46.62 47.48 48.64 50.00 51.43 52.92 54.46 56.07 57.73 59.44 61.22 63.07 65.07 67.26 69.63 72.16 74.82 77.61 80.56 83.65 86.85
67.27 68.00 68.75 69.50 70.26 71.02 71.81 72.63 73.48 74.39 75.36 76.40 77.48 78.54 79.54 80.47 81.32 82.08 82.73 83.25 83.66 83.97 84.18 84.30 84.32 84.23 84.04 83.75 83.37 82.93 82.44 81.90 81.32 80.73 80.11 79.45 78.50 77.19 75.55 73.59 71.32 68.78 65.97 63.03 60.17 57.48 55.00 52.76 50.78 49.09 47.72 46.68 45.95 45.52 45.40 45.59 46.09 46.92 48.06 49.41 50.82 52.30 53.83 55.43 57.09 58.81 60.61 62.57 64.72 67.06 69.55 72.19 74.95 77.80 80.74 83.80 86.97
68.21 68.96 69.73 70.51 71.31 72.12 72.95 73.80 74.71 75.66 76.68 77.78 78.91 80.01 81.06 82.03 82.91 83.69 84.35 84.90 85.36 85.72 85.98 86.13 86.19 86.14 85.98 85.71 85.33 84.86 84.33 83.75 83.13 82.47 81.78 81.03 79.97 78.52 76.70 74.52 72.01 69.19 66.17 63.19 60.35 57.66 55.16 52.88 50.84 49.08 47.62 46.50 45.70 45.23 45.07 45.22 45.70 46.49 47.61 48.93 50.33 51.79 53.32 54.91 56.57 58.31 60.21 62.31 64.60 67.06 69.66 72.38 75.20 78.11 81.08 84.10 87.19
68.99 69.76 70.56 71.38 72.22 73.07 73.94 74.84 75.79 76.79 77.86 79.01 80.19 81.34 82.42 83.42 84.33 85.13 85.83 86.42 86.92 87.32 87.61 87.80 87.88 87.85 87.71 87.46 87.09 86.61 86.04 85.41 84.72 83.99 83.22 82.38 81.20 79.59 77.58 75.18 72.42 69.41 66.39 63.46 60.64 57.96 55.45 53.15 51.07 49.25 47.72 46.50 45.63 45.10 44.89 45.01 45.44 46.21 47.30 48.60 49.97 51.42 52.93 54.52 56.18 58.02 60.06 62.29 64.69 67.25 69.93 72.71 75.59 78.52 81.50 84.51 87.52
69.58 70.37 71.20 72.06 72.94 73.85 74.78 75.72 76.71 77.76 78.87 80.07 81.30 82.49 83.61 84.65 85.58 86.41 87.14 87.78 88.30 88.73 89.05 89.26 89.36 89.34 89.22 88.97 88.61 88.12 87.52 86.82 86.06 85.25 84.40 83.45 82.14 80.37 78.16 75.54 72.62 69.64 66.69 63.82 61.04 58.39 55.90 53.58 51.48 49.62 48.02 46.73 45.76 45.14 44.88 44.95 45.35 46.08 47.14 48.41 49.76 51.19 52.69 54.28 56.03 58.00 60.17 62.51 65.00 67.63 70.36 73.19 76.09 79.03 82.00 84.98 87.94
69.94 70.75 71.61 72.52 73.45 74.42 75.40 76.41 77.45 78.54 79.70 80.94 82.22 83.45 84.61 85.67 86.64 87.50 88.26 88.92 89.47 89.92 90.25 90.47 90.58 90.57 90.45 90.20 89.83 89.34 88.72 87.98 87.14 86.24 85.28 84.22 82.78 80.84 78.43 75.67 72.80 69.93 67.08 64.28 61.56 58.95 56.48 54.17 52.06 50.17 48.53 47.17 46.12 45.41 45.06 45.07 45.43 46.12 47.15 48.39 49.72 51.12 52.61 54.28 56.17 58.26 60.52 62.95 65.51 68.19 70.96 73.81 76.70 79.63 82.57 85.50 88.40
70.03 70.88 71.77 72.72 73.70 74.73 75.79 76.87 77.98 79.12 80.32 81.61 82.93 84.21 85.39 86.49 87.48 88.36 89.15 89.82 90.39 90.84 91.18 91.41 91.52 91.50 91.37 91.11 90.73 90.22 89.58 88.80 87.90 86.91 85.84 84.67 83.07 80.95 78.44 75.77 73.04 70.29 67.55 64.84 62.20 59.64 57.21 54.92 52.81 50.91 49.24 47.83 46.71 45.92 45.47 45.40 45.70 46.35 47.34 48.55 49.84 51.24 52.81 54.60 56.60 58.78 61.13 63.61 66.22 68.93 71.71 74.55 77.43 80.32 83.21 86.06 88.87
69.83 70.71 71.64 72.63 73.67 74.76 75.88 77.05 78.24 79.46 80.72 82.05 83.42 84.73 85.94 87.05 88.06 88.97 89.76 90.44 91.01 91.47 91.81 92.03 92.12 92.10 91.95 91.67 91.27 90.73 90.06 89.25 88.30 87.23 86.05 84.74 82.99 80.80 78.40 75.90 73.33 70.73 68.11 65.50 62.94 60.46 58.08 55.83 53.73 51.83 50.14 48.70 47.53 46.67 46.14 45.96 46.18 46.77 47.72 48.89 50.18 51.64 53.33 55.23 57.31 59.57 61.97 64.49 67.12 69.84 72.61 75.42 78.26 81.09 83.90 86.66 89.36
69.30 70.21 71.18 72.22 73.32 74.47 75.67 76.91 78.19 79.51 80.85 82.24 83.65 84.99 86.22 87.34 88.36 89.27 90.07 90.75 91.31 91.76 92.09 92.29 92.37 92.32 92.15 91.84 91.40 90.83 90.11 89.26 88.27 87.14 85.86 84.43 82.63 80.58 78.38 76.08 73.68 71.23 68.74 66.26 63.80 61.40 59.09 56.89 54.83 52.94 51.25 49.79 48.59 47.67 47.06 46.80 46.91 47.42 48.31 49.46 50.81 52.38 54.17 56.15 58.31 60.61 63.04 65.59 68.21 70.91 73.65 76.41 79.18 81.93 84.64 87.29 89.86
68.44 69.38 70.40 71.48 72.64 73.86 75.13 76.46 77.83 79.25 80.70 82.18 83.64 84.98 86.22 87.35 88.36 89.26 90.05 90.72 91.26 91.69 91.99 92.17 92.22 92.14 91.92 91.57 91.09 90.47 89.70 88.80 87.75 86.55 85.20 83.73 82.10 80.29 78.32 76.21 74.00 71.72 69.38 67.03 64.69 62.39 60.16 58.02 56.01 54.15 52.47 51.01 49.78 48.82 48.16 47.82 47.84 48.24 49.13 50.39 51.84 53.51 55.37 57.41 59.60 61.93 64.37 66.91 69.51 72.17 74.85 77.54 80.21 82.85 85.44 87.95 90.36
