data_processed/recharge/precip/Precip_1993_02.asc
ncols        168
nrows        136
xllcorner    455000
yllcorner    2107000
cellsize     500
NODATA_value     -99999
[rows 72 to 107 of 136, columns 0 to 80 of 168]
9.31 9.21 9.11 9.00 8.88 8.73 8.56 8.35 8.12 7.87 7.60 7.33 7.05 6.76 6.48 6.20 5.93 5.68 5.45 5.23 5.05 4.90 4.78 4.74 4.81 5.01 5.33 5.63 5.78 5.78 5.65 5.46 5.27 5.09 4.90 4.73 4.57 4.42 4.30 4.19 4.12 4.07 4.06 4.09 4.16 4.27 4.44 4.65 4.93 5.24 5.53 5.78 5.98 6.14 6.31 6.48 6.67 6.90 7.19 7.54 7.95 8.40 8.90 9.44 10.00 10.57 11.17 11.76 12.35 12.94 13.50 14.04 14.55 15.02 15.45 15.81 16.07 16.21 16.22 16.11 15.94
9.67 9.56 9.45 9.33 9.17 8.99 8.78 8.54 8.28 8.01 7.73 7.44 7.15 6.86 6.57 6.30 6.03 5.79 5.57 5.37 5.21 5.08 4.99 4.95 4.98 5.15 5.44 5.71 5.83 5.80 5.71 5.59 5.46 5.33 5.19 5.05 4.92 4.79 4.67 4.57 4.48 4.42 4.38 4.38 4.40 4.46 4.56 4.71 4.90 5.14 5.42 5.66 5.85 6.00 6.16 6.33 6.54 6.81 7.15 7.55 7.99 8.49 9.02 9.57 10.15 10.75 11.35 11.95 12.54 13.12 13.67 14.20 14.68 15.13 15.52 15.85 16.11 16.25 16.27 16.15 15.97
10.06 9.94 9.81 9.65 9.46 9.24 9.00 8.74 8.46 8.17 7.87 7.57 7.27 6.97 6.68 6.41 6.16 5.92 5.72 5.54 5.40 5.30 5.24 5.23 5.27 5.40 5.66 5.90 6.00 6.01 5.98 5.93 5.87 5.78 5.69 5.58 5.47 5.36 5.24 5.14 5.04 4.96 4.89 4.84 4.82 4.82 4.86 4.93 5.04 5.19 5.39 5.61 5.79 5.93 6.07 6.26 6.51 6.84 7.22 7.66 8.14 8.66 9.21 9.79 10.38 10.98 11.59 12.19 12.77 13.34 13.87 14.38 14.84 15.25 15.60 15.89 16.11 16.24 16.24 16.11 15.92
10.48 10.34 10.18 9.98 9.75 9.50 9.23 8.94 8.64 8.33 8.02 7.70 7.40 7.10 6.82 6.55 6.30 6.09 5.90 5.74 5.62 5.55 5.52 5.55 5.63 5.77 6.00 6.22 6.35 6.44 6.49 6.51 6.50 6.46 6.40 6.33 6.24 6.14 6.03 5.91 5.80 5.70 5.60 5.51 5.43 5.38 5.35 5.34 5.36 5.42 5.51 5.64 5.79 5.92 6.08 6.32 6.62 6.98 7.40 7.87 8.38 8.93 9.50 10.08 10.68 11.29 11.89 12.48 13.05 13.60 14.11 14.58 15.01 15.38 15.69 15.93 16.09 16.17 16.15 16.00 15.79
10.92 10.74 10.54 10.30 10.04 9.76 9.46 9.14 8.82 8.50 8.18 7.86 7.55 7.25 6.97 6.71 6.48 6.27 6.10 5.97 5.88 5.84 5.85 5.91 6.03 6.22 6.47 6.73 6.95 7.11 7.24 7.32 7.36 7.37 7.35 7.30 7.23 7.13 7.03 6.90 6.78 6.64 6.51 6.37 6.25 6.13 6.03 5.94 5.87 5.83 5.82 5.84 5.89 6.00 6.20 6.48 6.83 7.23 7.68 8.18 8.71 9.27 9.85 10.44 11.05 11.64 12.24 12.81 13.36 13.88 14.37 14.81 15.19 15.52 15.78 15.96 16.06 16.07 15.99 15.82 15.60
11.34 11.13 10.88 10.61 10.32 10.01 9.69 9.35 9.02 8.68 8.35 8.03 7.72 7.42 7.15 6.90 6.68 6.50 6.35 6.24 6.18 6.17 6.22 6.32 6.49 6.72 7.01 7.32 7.62 7.87 8.07 8.22 8.32 8.38 8.39 8.38 8.32 8.25 8.14 8.02 7.87 7.72 7.55 7.38 7.20 7.02 6.85 6.69 6.54 6.40 6.29 6.19 6.10 6.08 6.29 6.61 7.00 7.44 7.92 8.44 8.99 9.57 10.16 10.76 11.36 11.95 12.53 13.09 13.63 14.12 14.57 14.98 15.32 15.60 15.81 15.93 15.97 15.92 15.78 15.59 15.38
11.74 11.49 11.21 10.91 10.59 10.25 9.91 9.56 9.21 8.87 8.53 8.21 7.90 7.61 7.35 7.12 6.91 6.75 6.63 6.55 6.53 6.56 6.64 6.79 7.01 7.27 7.58 7.91 8.27 8.60 8.88 9.10 9.27 9.38 9.45 9.47 9.44 9.39 9.29 9.17 9.02 8.85 8.66 8.45 8.23 8.00 7.77 7.54 7.31 7.09 6.88 6.65 6.39 6.20 6.29 6.61 7.04 7.52 8.03 8.58 9.16 9.75 10.35 10.96 11.56 12.15 12.73 13.27 13.79 14.26 14.68 15.05 15.36 15.59 15.75 15.82 15.80 15.70 15.54 15.34 15.13
12.10 11.82 11.52 11.19 10.84 10.49 10.13 9.77 9.41 9.06 8.73 8.40 8.10 7.82 7.58 7.36 7.18 7.04 6.95 6.91 6.92 6.99 7.12 7.32 7.56 7.85 8.17 8.53 8.91 9.29 9.65 9.96 10.19 10.37 10.49 10.55 10.57 10.54 10.46 10.35 10.20 10.02 9.81 9.58 9.33 9.06 8.77 8.48 8.18 7.88 7.55 7.18 6.76 6.41 6.33 6.54 6.96 7.48 8.03 8.61 9.21 9.82 10.44 11.06 11.66 12.25 12.82 13.36 13.85 14.31 14.70 15.04 15.31 15.50 15.61 15.64 15.57 15.45 15.28 15.08 14.86
12.43 12.12 11.80 11.45 11.09 10.72 10.35 9.98 9.62 9.27 8.93 8.62 8.32 8.06 7.83 7.64 7.48 7.37 7.31 7.31 7.36 7.48 7.65 7.88 8.14 8.45 8.79 9.17 9.56 9.97 10.38 10.76 11.08 11.33 11.51 11.62 11.68 11.69 11.64 11.54 11.40 11.22 11.00 10.75 10.47 10.17 9.84 9.49 9.13 8.73 8.27 7.75 7.20 6.70 6.46 6.51 6.82 7.34 7.93 8.54 9.17 9.80 10.44 11.07 11.68 12.27 12.84 13.36 13.85 14.28 14.65 14.96 15.20 15.35 15.42 15.40 15.32 15.19 15.01 14.81 14.58
12.72 12.39 12.05 11.70 11.33 10.95 10.57 10.19 9.83 9.48 9.15 8.85 8.57 8.32 8.11 7.94 7.82 7.74 7.72 7.76 7.85 8.01 8.22 8.46 8.74 9.06 9.43 9.82 10.23 10.66 11.09 11.52 11.91 12.24 12.49 12.67 12.78 12.82 12.81 12.74 12.61 12.44 12.22 11.96 11.66 11.32 10.96 10.56 10.12 9.60 9.02 8.38 7.69 7.06 6.69 6.59 6.75 7.15 7.74 8.39 9.04 9.70 10.36 11.00 11.62 12.22 12.78 13.31 13.78 14.19 14.55 14.83 15.03 15.15 15.18 15.15 15.05 14.91 14.73 14.52 14.28
12.99 12.63 12.28 11.91 11.55 11.17 10.79 10.41 10.05 9.71 9.39 9.09 8.83 8.61 8.42 8.28 8.19 8.15 8.17 8.25 8.39 8.58 8.80 9.06 9.35 9.69 10.08 10.49 10.92 11.36 11.80 12.25 12.69 13.09 13.42 13.66 13.83 13.93 13.96 13.92 13.82 13.66 13.45 13.18 12.87 12.51 12.11 11.65 11.11 10.49 9.79 9.04 8.24 7.49 6.99 6.76 6.78 7.04 7.52 8.16 8.85 9.54 10.22 10.88 11.51 12.12 12.68 13.20 13.66 14.06 14.40 14.66 14.83 14.92 14.93 14.89 14.78 14.63 14.44 14.22 13.98
13.22 12.85 12.48 12.11 11.74 11.37 11.01 10.64 10.28 9.95 9.64 9.37 9.13 8.93 8.77 8.66 8.61 8.61 8.67 8.79 8.96 9.16 9.40 9.67 9.98 10.33 10.73 11.16 11.61 12.06 12.52 12.98 13.44 13.88 14.29 14.61 14.84 15.00 15.07 15.08 15.01 14.87 14.67 14.41 14.09 13.72 13.27 12.73 12.10 11.38 10.59 9.73 8.83 7.98 7.36 7.01 6.91 7.04 7.38 7.92 8.61 9.33 10.03 10.71 11.36 11.97 12.54 13.06 13.51 13.90 14.22 14.46 14.61 14.68 14.68 14.62 14.51 14.35 14.15 13.92 13.67
13.42 13.03 12.65 12.28 11.92 11.56 11.21 10.86 10.52 10.20 9.91 9.66 9.44 9.27 9.15 9.08 9.06 9.11 9.21 9.36 9.54 9.75 10.00 10.28 10.61 10.98 11.39 11.84 12.30 12.77 13.24 13.71 14.18 14.64 15.09 15.48 15.79 16.01 16.15 16.19 16.16 16.05 15.87 15.63 15.31 14.91 14.39 13.78 13.06 12.27 11.39 10.45 9.46 8.52 7.81 7.35 7.14 7.15 7.36 7.78 8.37 9.08 9.81 10.51 11.17 11.80 12.37 12.89 13.34 13.73 14.03 14.25 14.38 14.44 14.43 14.36 14.23 14.06 13.85 13.61 13.35
13.59 13.19 12.81 12.43 12.08 11.73 11.40 11.08 10.77 10.48 10.21 9.98 9.79 9.65 9.56 9.53 9.56 9.65 9.78 9.94 10.12 10.35 10.60 10.90 11.24 11.62 12.05 12.51 12.99 13.47 13.96 14.44 14.92 15.39 15.85 16.28 16.67 16.96 17.16 17.26 17.27 17.20 17.05 16.82 16.49 16.04 15.47 14.79 14.01 13.14 12.20 11.19 10.13 9.10 8.31 7.76 7.45 7.36 7.46 7.76 8.22 8.84 9.57 10.29 10.98 11.61 12.20 12.72 13.17 13.55 13.84 14.04 14.16 14.20 14.18 14.09 13.95 13.77 13.55 13.30 13.04
13.74 13.32 12.93 12.56 12.21 11.89 11.58 11.29 11.02 10.76 10.53 10.32 10.17 10.06 10.02 10.03 10.10 10.21 10.35 10.51 10.71 10.94 11.21 11.52 11.87 12.26 12.71 13.18 13.67 14.17 14.66 15.16 15.65 16.13 16.59 17.04 17.46 17.83 18.09 18.26 18.33 18.30 18.18 17.95 17.59 17.09 16.48 15.75 14.92 14.01 13.01 11.94 10.82 9.73 8.87 8.24 7.85 7.66 7.67 7.86 8.21 8.72 9.35 10.07 10.78 11.43 12.03 12.56 13.01 13.38 13.65 13.84 13.94 13.97 13.93 13.83 13.68 13.48 13.25 12.99 12.72
13.85 13.43 13.04 12.67 12.34 12.03 11.74 11.48 11.25 11.04 10.86 10.70 10.58 10.51 10.51 10.56 10.65 10.77 10.91 11.09 11.29 11.53 11.81 12.12 12.49 12.89 13.35 13.84 14.34 14.85 15.36 15.86 16.36 16.85 17.32 17.78 18.21 18.61 18.95 19.18 19.31 19.34 19.24 18.99 18.60 18.07 17.43 16.67 15.80 14.85 13.81 12.70 11.53 10.39 9.47 8.78 8.32 8.05 7.98 8.08 8.33 8.73 9.26 9.90 10.60 11.27 11.88 12.42 12.87 13.22 13.48 13.64 13.73 13.74 13.68 13.57 13.40 13.20 12.96 12.69 12.40
13.94 13.51 13.12 12.76 12.44 12.15 11.90 11.67 11.48 11.32 11.19 11.09 11.02 11.00 11.03 11.11 11.20 11.33 11.47 11.65 11.86 12.11 12.39 12.72 13.09 13.51 13.98 14.49 15.00 15.52 16.03 16.55 17.06 17.55 18.03 18.49 18.93 19.34 19.71 20.01 20.21 20.27 20.17 19.91 19.51 18.97 18.30 17.52 16.64 15.66 14.59 13.45 12.25 11.08 10.11 9.38 8.86 8.53 8.38 8.41 8.58 8.89 9.32 9.85 10.47 11.14 11.76 12.30 12.74 13.07 13.31 13.46 13.52 13.52 13.45 13.32 13.14 12.92 12.66 12.38 12.09
14.00 13.57 13.18 12.83 12.53 12.26 12.04 11.85 11.70 11.59 11.52 11.48 11.48 11.51 11.57 11.65 11.75 11.87 12.02 12.20 12.42 12.67 12.97 13.30 13.69 14.12 14.60 15.11 15.63 16.16 16.69 17.21 17.73 18.23 18.72 19.18 19.62 20.03 20.41 20.75 20.99 21.06 20.97 20.71 20.31 19.77 19.10 18.32 17.42 16.43 15.35 14.20 12.98 11.78 10.79 10.02 9.45 9.08 8.88 8.84 8.94 9.17 9.52 9.96 10.49 11.08 11.69 12.21 12.63 12.94 13.15 13.28 13.33 13.31 13.22 13.08 12.88 12.65 12.38 12.09 11.78
14.03 13.60 13.22 12.88 12.60 12.36 12.17 12.02 11.92 11.86 11.85 11.88 11.95 12.03 12.10 12.18 12.28 12.40 12.56 12.74 12.96 13.22 13.52 13.87 14.26 14.70 15.19 15.71 16.25 16.78 17.32 17.85 18.37 18.88 19.37 19.84 20.28 20.70 21.08 21.39 21.61 21.70 21.62 21.39 21.00 20.47 19.82 19.04 18.15 17.16 16.08 14.93 13.70 12.50 11.49 10.70 10.11 9.70 9.45 9.36 9.41 9.58 9.85 10.22 10.66 11.16 11.66 12.14 12.53 12.82 13.01 13.12 13.15 13.11 13.01 12.85 12.64 12.39 12.11 11.81 11.49
14.03 13.60 13.23 12.92 12.65 12.45 12.29 12.19 12.13 12.13 12.18 12.28 12.39 12.50 12.60 12.69 12.79 12.91 13.07 13.26 13.48 13.75 14.05 14.40 14.80 15.25 15.75 16.29 16.83 17.37 17.92 18.45 18.98 19.49 19.99 20.46 20.91 21.32 21.68 21.94 22.11 22.18 22.13 21.93 21.57 21.07 20.44 19.68 18.81 17.84 16.78 15.63 14.42 13.22 12.22 11.42 10.81 10.38 10.11 9.98 9.98 10.10 10.32 10.63 10.99 11.36 11.73 12.10 12.45 12.72 12.89 12.98 12.99 12.93 12.81 12.63 12.41 12.15 11.85 11.53 11.20
14.01 13.59 13.23 12.93 12.69 12.52 12.40 12.34 12.34 12.40 12.51 12.65 12.78 12.91 13.04 13.16 13.27 13.40 13.56 13.75 13.98 14.24 14.55 14.91 15.32 15.77 16.28 16.83 17.38 17.93 18.48 19.02 19.56 20.07 20.57 21.05 21.49 21.88 22.18 22.40 22.52 22.55 22.50 22.33 22.02 21.56 20.96 20.24 19.41 18.47 17.43 16.31 15.12 13.94 12.95 12.16 11.55 11.11 10.83 10.68 10.66 10.74 10.92 11.16 11.41 11.66 11.91 12.16 12.41 12.64 12.79 12.86 12.85 12.77 12.63 12.43 12.19 11.92 11.61 11.27 10.93
13.96 13.55 13.20 12.93 12.72 12.58 12.50 12.49 12.55 12.66 12.81 12.96 13.11 13.27 13.42 13.57 13.72 13.86 14.02 14.21 14.44 14.71 15.02 15.39 15.80 16.26 16.78 17.33 17.89 18.45 19.00 19.55 20.09 20.61 21.11 21.58 22.01 22.34 22.59 22.76 22.84 22.83 22.75 22.60 22.33 21.92 21.38 20.71 19.92 19.03 18.03 16.96 15.80 14.66 13.69 12.92 12.33 11.89 11.61 11.45 11.41 11.48 11.61 11.75 11.90 12.04 12.19 12.33 12.46 12.60 12.71 12.76 12.73 12.63 12.47 12.26 12.00 11.70 11.38 11.03 10.67
13.89 13.49 13.16 12.91 12.73 12.63 12.60 12.64 12.75 12.89 13.05 13.21 13.38 13.56 13.74 13.91 14.09 14.27 14.44 14.64 14.87 15.14 15.46 15.82 16.24 16.71 17.24 17.79 18.36 18.92 19.48 20.03 20.57 21.10 21.60 22.05 22.42 22.70 22.91 23.03 23.07 23.04 22.93 22.76 22.51 22.16 21.69 21.08 20.35 19.52 18.58 17.56 16.45 15.36 14.43 13.70 13.13 12.72 12.44 12.30 12.26 12.29 12.34 12.39 12.44 12.49 12.53 12.57 12.61 12.64 12.67 12.68 12.63 12.51 12.33 12.10 11.82 11.51 11.17 10.81 10.44
13.79 13.41 13.10 12.87 12.73 12.67 12.68 12.77 12.90 13.05 13.22 13.40 13.58 13.78 13.98 14.18 14.39 14.60 14.81 15.02 15.25 15.53 15.85 16.22 16.64 17.11 17.65 18.21 18.78 19.35 19.91 20.47 21.01 21.53 22.01 22.41 22.72 22.96 23.12 23.21 23.22 23.16 23.04 22.85 22.60 22.28 21.88 21.35 20.69 19.93 19.06 18.11 17.07 16.04 15.17 14.48 13.95 13.57 13.33 13.20 13.15 13.12 13.09 13.05 13.02 12.97 12.93 12.88 12.83 12.77 12.71 12.64 12.55 12.41 12.21 11.96 11.67 11.34 10.98 10.61 10.22
13.67 13.30 13.02 12.82 12.72 12.69 12.76 12.86 13.00 13.15 13.32 13.51 13.71 13.92 14.14 14.37 14.61 14.85 15.10 15.35 15.60 15.87 16.20 16.57 16.99 17.47 18.01 18.58 19.15 19.72 20.29 20.85 21.39 21.89 22.31 22.66 22.93 23.12 23.25 23.30 23.29 23.21 23.07 22.87 22.62 22.31 21.95 21.50 20.94 20.26 19.48 18.60 17.64 16.69 15.89 15.26 14.79 14.46 14.25 14.13 14.04 13.93 13.83 13.72 13.60 13.48 13.36 13.23 13.10 12.96 12.82 12.67 12.52 12.34 12.12 11.85 11.54 11.19 10.82 10.43 10.03
13.53 13.18 12.92 12.76 12.69 12.71 12.78 12.89 13.02 13.17 13.34 13.54 13.75 13.98 14.22 14.48 14.74 15.02 15.30 15.58 15.87 16.17 16.49 16.86 17.29 17.77 18.31 18.89 19.47 20.04 20.61 21.17 21.69 22.13 22.50 22.80 23.03 23.18 23.28 23.31 23.27 23.18 23.04 22.84 22.59 22.28 21.94 21.54 21.07 20.50 19.81 19.03 18.17 17.30 16.58 16.03 15.63 15.36 15.18 15.03 14.87 14.71 14.54 14.36 14.18 14.00 13.81 13.61 13.41 13.21 12.99 12.77 12.55 12.31 12.06 11.77 11.44 11.08 10.68 10.27 9.86
13.36 13.03 12.80 12.68 12.64 12.67 12.74 12.83 12.96 13.11 13.29 13.49 13.71 13.95 14.21 14.49 14.78 15.08 15.40 15.72 16.05 16.39 16.73 17.11 17.53 18.02 18.56 19.14 19.72 20.30 20.87 21.40 21.87 22.26 22.58 22.84 23.03 23.15 23.22 23.23 23.18 23.08 22.94 22.74 22.49 22.21 21.88 21.51 21.11 20.64 20.07 19.40 18.64 17.87 17.25 16.79 16.47 16.25 16.05 15.85 15.64 15.42 15.20 14.97 14.74 14.50 14.25 14.00 13.74 13.48 13.21 12.93 12.64 12.34 12.04 11.72 11.37 10.99 10.58 10.15 9.71
13.18 12.87 12.67 12.58 12.55 12.56 12.61 12.70 12.81 12.96 13.14 13.35 13.58 13.83 14.11 14.41 14.72 15.05 15.40 15.76 16.13 16.50 16.89 17.28 17.72 18.20 18.75 19.33 19.91 20.49 21.04 21.52 21.93 22.27 22.55 22.77 22.93 23.03 23.08 23.07 23.02 22.91 22.77 22.58 22.35 22.08 21.78 21.45 21.08 20.68 20.23 19.68 19.05 18.40 17.89 17.53 17.28 17.04 16.81 16.56 16.32 16.06 15.80 15.53 15.25 14.97 14.68 14.38 14.07 13.76 13.44 13.11 12.77 12.43 12.07 11.71 11.33 10.93 10.50 10.05 9.60
12.97 12.69 12.52 12.42 12.37 12.36 12.40 12.47 12.58 12.72 12.90 13.11 13.35 13.61 13.90 14.22 14.56 14.91 15.29 15.68 16.09 16.51 16.94 17.38 17.83 18.32 18.87 19.45 20.04 20.59 21.08 21.50 21.87 22.17 22.41 22.60 22.73 22.81 22.84 22.83 22.77 22.67 22.54 22.36 22.15 21.91 21.64 21.34 21.02 20.67 20.30 19.89 19.38 18.87 18.48 18.21 17.96 17.70 17.44 17.17 16.89 16.60 16.31 16.01 15.70 15.39 15.06 14.73 14.39 14.04 13.68 13.31 12.93 12.55 12.15 11.75 11.33 10.90 10.45 9.99 9.52
12.74 12.48 12.30 12.18 12.11 12.08 12.09 12.15 12.25 12.39 12.56 12.77 13.02 13.29 13.59 13.93 14.28 14.66 15.07 15.49 15.94 16.39 16.87 17.36 17.85 18.37 18.92 19.50 20.06 20.56 20.99 21.37 21.69 21.95 22.17 22.33 22.44 22.51 22.53 22.51 22.46 22.37 22.24 22.09 21.90 21.69 21.46 21.20 20.93 20.64 20.33 20.01 19.65 19.27 18.99 18.73 18.47 18.20 17.92 17.63 17.34 17.03 16.72 16.40 16.07 15.73 15.38 15.03 14.66 14.29 13.90 13.50 13.10 12.68 12.26 11.82 11.38 10.92 10.45 9.96 9.48
12.48 12.21 12.01 11.85 11.75 11.70 11.69 11.73 11.82 11.95 12.12 12.33 12.58 12.86 13.17 13.52 13.90 14.30 14.73 15.18 15.66 16.16 16.67 17.21 17.75 18.31 18.89 19.45 19.95 20.40 20.79 21.12 21.40 21.63 21.82 21.96 22.06 22.12 22.14 22.12 22.08 22.00 21.89 21.76 21.61 21.43 21.24 21.03 20.81 20.58 20.34 20.09 19.83 19.57 19.32 19.06 18.80 18.52 18.24 17.94 17.64 17.33 17.01 16.68 16.34 15.99 15.63 15.26 14.88 14.49 14.09 13.68 13.25 12.82 12.37 11.92 11.45 10.97 10.48 9.98 9.50
12.20 11.91 11.67 11.48 11.35 11.27 11.24 11.27 11.34 11.46 11.62 11.83 12.07 12.36 12.68 13.04 13.44 13.86 14.31 14.80 15.30 15.84 16.39 16.97 17.56 18.17 18.79 19.34 19.79 20.19 20.53 20.82 21.07 21.27 21.44 21.56 21.65 21.70 21.72 21.71 21.68 21.62 21.53 21.43 21.31 21.18 21.03 20.87 20.70 20.53 20.36 20.19 20.00 19.77 19.52 19.27 19.01 18.73 18.45 18.16 17.85 17.54 17.22 16.89 16.54 16.19 15.82 15.45 15.06 14.66 14.25 13.83 13.39 12.95 12.49 12.02 11.53 11.04 10.53 10.02 9.55
11.94 11.64 11.37 11.15 10.98 10.87 10.82 10.82 10.88 10.98 11.13 11.33 11.58 11.87 12.19 12.56 12.97 13.41 13.88 14.39 14.92 15.49 16.08 16.70 17.33 17.99 18.65 19.24 19.68 20.03 20.33 20.58 20.79 20.97 21.11 21.22 21.29 21.34 21.36 21.36 21.33 21.29 21.23 21.16 21.07 20.98 20.87 20.77 20.66 20.55 20.44 20.33 20.16 19.95 19.71 19.46 19.20 18.93 18.65 18.36 18.06 17.75 17.42 17.09 16.74 16.38 16.01 15.63 15.24 14.83 14.41 13.98 13.53 13.08 12.61 12.12 11.63 11.12 10.60 10.08 9.60
11.68 11.39 11.11 10.86 10.66 10.52 10.44 10.41 10.45 10.53 10.67 10.86 11.10 11.38 11.71 12.09 12.50 12.96 13.45 13.97 14.54 15.13 15.75 16.40 17.08 17.77 18.48 19.11 19.59 19.93 20.18 20.40 20.58 20.73 20.84 20.93 21.00 21.04 21.06 21.06 21.05 21.02 20.99 20.94 20.89 20.84 20.78 20.72 20.67 20.63 20.57 20.48 20.33 20.13 19.90 19.66 19.41 19.14 18.86 18.57 18.27 17.96 17.63 17.30 16.95 16.58 16.21 15.82 15.42 15.01 14.58 14.14 13.68 13.22 12.73 12.24 11.73 11.21 10.68 10.15 9.66
11.42 11.14 10.87 10.62 10.39 10.21 10.10 10.04 10.05 10.12 10.24 10.41 10.64 10.92 11.25 11.63 12.05 12.51 13.01 13.56 14.14 14.76 15.41 16.09 16.80 17.53 18.27 18.94 19.46 19.84 20.09 20.27 20.42 20.54 20.63 20.71 20.76 20.79 20.82 20.82 20.82 20.81 20.80 20.78 20.76 20.75 20.74 20.73 20.74 20.74 20.71 20.63 20.50 20.30 20.09 19.86 19.61 19.35 19.07 18.78 18.48 18.17 17.84 17.51 17.15 16.79 16.41 16.01 15.61 15.19 14.75 14.30 13.84 13.36 12.86 12.36 11.83 11.30 10.76 10.22 9.72
11.17 10.90 10.64 10.39 10.16 9.95 9.80 9.72 9.70 9.74 9.84 10.00 10.21 10.48 10.80 11.18 11.60 12.07 12.58 13.14 13.74 14.38 15.06 15.76 16.50 17.26 18.03 18.74 19.30 19.72 20.01 20.19 20.31 20.40 20.47 20.53 20.57 20.60 20.62 20.63 20.64 20.65 20.66 20.67 20.69 20.71 20.75 20.79 20.84 20.87 20.85 20.78 20.66 20.48 20.28 20.05 19.81 19.55 19.28 19.00 18.70 18.38 18.06 17.72 17.36 16.99 16.61 16.21 15.80 15.37 14.93 14.47 13.99 13.50 13.00 12.48 11.95 11.41 10.86 10.31 9.80
