data_processed/recharge/precip/Precip_2009_12.asc
ncols        168
nrows        136
xllcorner    455000
yllcorner    2107000
cellsize     500
NODATA_value     -99999
[rows 38 to 75 of 136, columns 0 to 83 of 168]
9.59 10.02 10.13 9.98 9.59 9.02 8.31 7.50 6.66 5.89 5.23 4.68 4.25 3.97 3.84 3.88 4.09 4.50 5.11 5.89 6.85 7.95 9.21 10.59 12.09 13.69 15.37 17.08 18.83 20.59 22.36 24.12 25.85 27.56 29.22 30.77 32.09 33.16 34.00 34.59 34.94 35.06 34.94 34.53 33.69 32.37 30.64 28.53 26.10 23.39 20.47 17.37 14.19 11.44 9.43 8.13 7.50 7.50 8.08 9.22 10.86 12.95 15.30 17.65 19.97 22.24 24.44 26.56 28.59 30.51 32.25 33.68 34.73 35.43 35.77 35.76 35.41 34.71 33.68 32.34 30.84 29.27 27.65 25.99
8.73 9.06 9.09 8.84 8.37 7.72 6.92 6.07 5.25 4.52 3.88 3.34 2.92 2.62 2.47 2.47 2.64 2.98 3.51 4.23 5.11 6.15 7.34 8.65 10.09 11.62 13.24 14.90 16.59 18.31 20.03 21.75 23.46 25.13 26.71 28.08 29.23 30.15 30.85 31.34 31.60 31.65 31.49 31.11 30.47 29.43 27.95 26.08 23.87 21.37 18.63 15.70 12.67 10.06 8.19 7.03 6.53 6.66 7.38 8.64 10.39 12.42 14.48 16.52 18.52 20.48 22.37 24.19 25.92 27.54 29.06 30.39 31.40 32.07 32.38 32.36 31.99 31.29 30.27 28.94 27.46 25.92 24.33 22.71
7.92 8.14 8.07 7.73 7.16 6.42 5.58 4.76 3.98 3.28 2.66 2.13 1.70 1.40 1.22 1.18 1.29 1.57 2.03 2.67 3.48 4.45 5.56 6.80 8.17 9.64 11.18 12.78 14.42 16.08 17.76 19.44 21.10 22.68 24.08 25.28 26.26 27.05 27.63 28.02 28.21 28.21 28.01 27.63 27.06 26.25 25.06 23.47 21.53 19.27 16.76 14.05 11.22 8.80 7.11 6.13 5.81 6.12 7.01 8.43 10.15 11.93 13.70 15.45 17.16 18.84 20.45 21.99 23.45 24.81 26.06 27.18 28.12 28.76 29.05 29.01 28.64 27.94 26.92 25.61 24.16 22.65 21.10 19.51
7.14 7.26 7.08 6.64 5.98 5.18 4.38 3.60 2.87 2.20 1.59 1.07 0.63 0.31 0.10 0.02 0.08 0.29 0.67 1.23 1.96 2.85 3.88 5.05 6.34 7.73 9.21 10.74 12.32 13.92 15.55 17.18 18.74 20.14 21.35 22.37 23.22 23.88 24.36 24.67 24.80 24.76 24.54 24.17 23.62 22.91 21.99 20.73 19.09 17.13 14.89 12.43 9.84 7.66 6.20 5.44 5.35 5.88 6.97 8.40 9.89 11.40 12.91 14.40 15.86 17.28 18.64 19.94 21.15 22.28 23.29 24.19 24.95 25.52 25.80 25.74 25.37 24.68 23.67 22.38 20.95 19.48 17.96 16.42
6.40 6.41 6.12 5.58 4.86 4.11 3.36 2.63 1.94 1.29 0.69 0.17 0.00 0.00 0.00 0.00 0.00 0.00 0.00 0.00 0.55 1.36 2.31 3.40 4.61 5.92 7.32 8.79 10.30 11.84 13.40 14.92 16.29 17.50 18.54 19.41 20.12 20.67 21.07 21.30 21.39 21.33 21.11 20.75 20.25 19.61 18.82 17.85 16.56 14.93 13.02 10.86 8.56 6.64 5.46 4.97 5.15 5.92 7.06 8.29 9.55 10.82 12.09 13.35 14.58 15.78 16.92 18.00 19.01 19.92 20.73 21.42 21.99 22.41 22.64 22.58 22.20 21.52 20.53 19.26 17.86 16.42 14.95 13.46
5.70 5.60 5.20 4.60 3.92 3.24 2.55 1.86 1.20 0.57 0.00 0.00 0.00 0.00 0.00 0.00 0.00 0.00 0.00 0.00 0.00 0.00 0.86 1.86 2.98 4.22 5.54 6.92 8.36 9.84 11.28 12.60 13.77 14.79 15.67 16.41 17.00 17.46 17.78 17.96 18.02 17.95 17.75 17.42 16.97 16.40 15.72 14.91 13.95 12.70 11.15 9.33 7.36 5.77 4.90 4.73 5.20 6.06 7.03 8.04 9.09 10.15 11.21 12.27 13.31 14.31 15.26 16.15 16.97 17.71 18.34 18.86 19.26 19.52 19.62 19.53 19.16 18.49 17.52 16.27 14.91 13.51 12.08 10.65
5.06 4.83 4.37 3.81 3.22 2.59 1.95 1.31 0.67 0.06 0.00 0.00 0.00 0.00 0.00 0.00 0.00 0.00 0.00 0.00 0.00 0.00 0.00 0.44 1.47 2.62 3.85 5.16 6.52 7.87 9.11 10.21 11.20 12.05 12.79 13.40 13.89 14.27 14.53 14.68 14.72 14.65 14.47 14.20 13.82 13.34 12.77 12.10 11.34 10.44 9.29 7.87 6.27 5.04 4.53 4.70 5.30 6.01 6.79 7.62 8.48 9.36 10.25 11.14 12.00 12.84 13.63 14.37 15.03 15.62 16.10 16.48 16.74 16.86 16.84 16.65 16.26 15.60 14.65 13.44 12.11 10.75 9.38 8.10
4.46 4.17 3.76 3.29 2.76 2.20 1.60 0.99 0.38 0.00 0.00 0.00 0.00 0.00 0.00 0.00 0.00 0.00 0.00 0.00 0.00 0.00 0.00 0.00 0.08 1.13 2.28 3.50 4.72 5.85 6.88 7.79 8.60 9.30 9.91 10.41 10.81 11.12 11.34 11.47 11.50 11.46 11.32 11.11 10.81 10.44 10.00 9.48 8.89 8.23 7.46 6.46 5.28 4.46 4.34 4.68 5.15 5.71 6.33 7.00 7.70 8.43 9.18 9.92 10.64 11.34 12.00 12.61 13.15 13.61 13.98 14.25 14.40 14.41 14.28 14.00 13.54 12.88 11.96 10.78 9.49 8.18 6.96 5.90
3.97 3.74 3.42 3.03 2.57 2.06 1.51 0.94 0.35 0.00 0.00 0.00 0.00 0.00 0.00 0.00 0.00 0.00 0.00 0.00 0.00 0.00 0.00 0.00 0.00 0.00 0.82 1.89 2.90 3.81 4.63 5.36 6.01 6.58 7.06 7.47 7.80 8.06 8.25 8.36 8.41 8.40 8.32 8.19 7.99 7.74 7.43 7.08 6.67 6.22 5.72 5.14 4.42 4.03 4.11 4.36 4.70 5.11 5.60 6.14 6.72 7.33 7.96 8.59 9.20 9.80 10.35 10.86 11.31 11.68 11.96 12.14 12.20 12.14 11.94 11.58 11.06 10.36 9.45 8.31 7.07 5.91 4.91 4.08
3.75 3.61 3.38 3.06 2.67 2.21 1.70 1.15 0.58 0.00 0.00 0.00 0.00 0.00 0.00 0.00 0.00 0.00 0.00 0.00 0.00 0.00 0.00 0.00 0.00 0.00 0.00 0.28 1.05 1.75 2.39 2.95 3.46 3.90 4.29 4.61 4.89 5.11 5.28 5.40 5.48 5.51 5.51 5.46 5.38 5.26 5.11 4.93 4.73 4.49 4.24 3.96 3.66 3.51 3.54 3.67 3.89 4.21 4.59 5.03 5.52 6.03 6.57 7.11 7.65 8.17 8.65 9.09 9.47 9.77 9.99 10.12 10.13 10.02 9.78 9.38 8.82 8.09 7.16 6.06 4.96 4.03 3.25 2.63
3.71 3.67 3.53 3.28 2.95 2.55 2.08 1.56 1.00 0.42 0.00 0.00 0.00 0.00 0.00 0.00 0.00 0.00 0.00 0.00 0.00 0.00 0.00 0.00 0.00 0.00 0.00 0.00 0.00 0.00 0.26 0.67 1.04 1.37 1.67 1.93 2.15 2.35 2.51 2.65 2.77 2.86 2.94 2.99 3.03 3.06 3.08 3.09 3.10 3.10 3.09 3.08 2.97 2.81 2.73 2.77 2.91 3.14 3.44 3.80 4.21 4.66 5.13 5.61 6.09 6.55 6.98 7.37 7.70 7.96 8.15 8.24 8.22 8.09 7.82 7.40 6.82 6.08 5.14 4.06 3.14 2.42 1.86 1.43
3.61 3.68 3.63 3.47 3.22 2.87 2.45 1.97 1.44 0.87 0.28 0.00 0.00 0.00 0.00 0.00 0.00 0.00 0.00 0.00 0.00 0.00 0.00 0.00 0.00 0.00 0.00 0.00 0.00 0.00 0.00 0.00 0.00 0.00 0.00 0.00 0.00 0.00 0.06 0.23 0.38 0.54 0.70 0.87 1.04 1.22 1.41 1.61 1.83 2.07 2.31 2.47 2.40 2.23 2.09 2.04 2.10 2.25 2.47 2.76 3.10 3.49 3.89 4.32 4.74 5.15 5.53 5.88 6.17 6.40 6.55 6.61 6.57 6.41 6.13 5.70 5.11 4.36 3.40 2.29 1.40 0.86 0.50 0.27
3.45 3.58 3.64 3.58 3.41 3.14 2.78 2.35 1.86 1.32 0.74 0.13 0.00 0.00 0.00 0.00 0.00 0.00 0.00 0.00 0.00 0.00 0.00 0.00 0.00 0.00 0.00 0.00 0.00 0.00 0.00 0.00 0.00 0.00 0.00 0.00 0.00 0.00 0.00 0.00 0.00 0.00 0.00 0.00 0.00 0.00 0.10 0.50 0.94 1.40 1.80 1.98 1.92 1.76 1.62 1.52 1.49 1.57 1.72 1.94 2.22 2.54 2.89 3.25 3.62 3.99 4.33 4.63 4.89 5.09 5.21 5.25 5.18 5.01 4.70 4.26 3.67 2.90 1.92 0.78 0.00 0.00 0.00 0.00
3.30 3.43 3.55 3.59 3.52 3.34 3.05 2.68 2.24 1.74 1.18 0.59 0.00 0.00 0.00 0.00 0.00 0.00 0.00 0.00 0.00 0.00 0.00 0.00 0.00 0.00 0.00 0.00 0.00 0.00 0.00 0.00 0.00 0.00 0.00 0.00 0.00 0.00 0.00 0.00 0.00 0.00 0.00 0.00 0.00 0.00 0.00 0.00 0.39 0.99 1.40 1.58 1.53 1.39 1.27 1.16 1.08 1.08 1.16 1.32 1.53 1.79 2.09 2.40 2.73 3.05 3.35 3.61 3.84 4.01 4.10 4.12 4.03 3.84 3.53 3.08 2.47 1.67 0.67 0.00 0.00 0.00 0.00 0.00
3.17 3.29 3.41 3.51 3.54 3.45 3.25 2.96 2.58 2.12 1.61 1.04 0.44 0.00 0.00 0.00 0.00 0.00 0.00 0.00 0.00 0.00 0.00 0.00 0.00 0.00 0.00 0.00 0.00 0.00 0.00 0.00 0.00 0.00 0.00 0.00 0.00 0.00 0.00 0.00 0.00 0.00 0.00 0.00 0.00 0.00 0.00 0.00 0.10 0.70 1.09 1.27 1.24 1.11 1.00 0.90 0.82 0.77 0.78 0.88 1.03 1.24 1.48 1.75 2.03 2.30 2.57 2.80 3.00 3.14 3.21 3.21 3.11 2.91 2.58 2.12 1.48 0.66 0.00 0.00 0.00 0.00 0.00 0.00
3.07 3.17 3.27 3.37 3.46 3.48 3.38 3.17 2.86 2.46 2.00 1.47 0.90 0.28 0.00 0.00 0.00 0.00 0.00 0.00 0.00 0.00 0.00 0.00 0.00 0.00 0.00 0.00 0.00 0.00 0.00 0.00 0.00 0.00 0.00 0.00 0.00 0.00 0.00 0.00 0.00 0.00 0.00 0.00 0.00 0.00 0.00 0.00 0.00 0.49 0.87 1.05 1.02 0.91 0.81 0.72 0.65 0.59 0.56 0.60 0.70 0.85 1.05 1.27 1.51 1.75 1.97 2.18 2.35 2.46 2.52 2.50 2.39 2.18 1.83 1.34 0.68 0.00 0.00 0.00 0.00 0.00 0.00 0.00
2.98 3.06 3.15 3.24 3.33 3.41 3.41 3.29 3.07 2.75 2.34 1.87 1.33 0.74 0.12 0.00 0.00 0.00 0.00 0.00 0.00 0.00 0.00 0.00 0.00 0.00 0.00 0.00 0.00 0.00 0.00 0.00 0.00 0.00 0.00 0.00 0.00 0.00 0.00 0.00 0.00 0.00 0.00 0.00 0.00 0.00 0.00 0.00 0.00 0.35 0.72 0.90 0.88 0.78 0.69 0.62 0.55 0.50 0.47 0.46 0.51 0.61 0.76 0.94 1.14 1.35 1.55 1.72 1.87 1.97 2.01 1.97 1.85 1.62 1.25 0.74 0.07 0.00 0.00 0.00 0.00 0.00 0.00 0.00
2.91 2.98 3.05 3.13 3.20 3.28 3.34 3.33 3.20 2.97 2.63 2.22 1.73 1.18 0.58 0.00 0.00 0.00 0.00 0.00 0.00 0.00 0.00 0.00 0.00 0.00 0.00 0.00 0.00 0.00 0.00 0.00 0.00 0.00 0.00 0.00 0.00 0.00 0.00 0.00 0.00 0.00 0.00 0.00 0.00 0.00 0.00 0.00 0.00 0.29 0.65 0.82 0.81 0.72 0.65 0.58 0.52 0.48 0.45 0.44 0.45 0.51 0.62 0.76 0.92 1.10 1.27 1.42 1.54 1.63 1.65 1.61 1.47 1.21 0.83 0.30 0.00 0.00 0.00 0.00 0.00 0.00 0.00 0.00
2.85 2.91 2.97 3.04 3.10 3.16 3.22 3.27 3.25 3.11 2.86 2.51 2.08 1.58 1.02 0.42 0.00 0.00 0.00 0.00 0.00 0.00 0.00 0.00 0.00 0.00 0.00 0.00 0.00 0.00 0.00 0.00 0.00 0.00 0.00 0.00 0.00 0.00 0.00 0.00 0.00 0.00 0.00 0.00 0.00 0.00 0.00 0.00 0.00 0.30 0.64 0.81 0.80 0.73 0.66 0.60 0.55 0.52 0.49 0.48 0.49 0.52 0.58 0.69 0.82 0.97 1.12 1.25 1.36 1.42 1.44 1.38 1.21 0.94 0.53 0.00 0.00 0.00 0.00 0.00 0.00 0.00 0.00 0.00
2.81 2.86 2.91 2.96 3.01 3.06 3.11 3.16 3.20 3.16 3.00 2.74 2.39 1.94 1.43 0.86 0.25 0.00 0.00 0.00 0.00 0.00 0.00 0.00 0.00 0.00 0.00 0.00 0.00 0.00 0.00 0.00 0.00 0.00 0.00 0.00 0.00 0.00 0.00 0.00 0.00 0.00 0.00 0.00 0.00 0.00 0.00 0.00 0.00 0.37 0.69 0.85 0.86 0.79 0.73 0.68 0.64 0.61 0.59 0.58 0.59 0.61 0.65 0.72 0.83 0.95 1.07 1.19 1.28 1.34 1.34 1.25 1.07 0.77 0.36 0.00 0.00 0.00 0.00 0.00 0.00 0.00 0.00 0.00
2.78 2.82 2.86 2.90 2.94 2.98 3.02 3.05 3.09 3.11 3.06 2.90 2.62 2.25 1.80 1.28 0.70 0.08 0.00 0.00 0.00 0.00 0.00 0.00 0.00 0.00 0.00 0.00 0.00 0.00 0.00 0.00 0.00 0.00 0.00 0.00 0.00 0.00 0.00 0.00 0.00 0.00 0.00 0.00 0.00 0.00 0.00 0.00 0.05 0.49 0.80 0.96 0.96 0.91 0.86 0.81 0.78 0.75 0.73 0.73 0.73 0.75 0.78 0.84 0.92 1.02 1.12 1.23 1.31 1.34 1.32 1.21 1.01 0.71 0.30 0.00 0.00 0.00 0.00 0.00 0.00 0.00 0.00 0.00
2.77 2.80 2.83 2.86 2.88 2.91 2.94 2.97 2.99 3.01 3.03 2.96 2.78 2.49 2.11 1.65 1.13 0.55 0.00 0.00 0.00 0.00 0.00 0.00 0.00 0.00 0.00 0.00 0.00 0.00 0.00 0.00 0.00 0.00 0.00 0.00 0.00 0.00 0.00 0.00 0.00 0.00 0.00 0.00 0.00 0.00 0.00 0.00 0.25 0.66 0.95 1.10 1.12 1.07 1.03 0.99 0.96 0.93 0.92 0.91 0.92 0.94 0.97 1.01 1.07 1.15 1.25 1.33 1.40 1.41 1.36 1.24 1.03 0.73 0.32 0.00 0.00 0.00 0.00 0.00 0.00 0.00 0.00 0.00
2.77 2.79 2.81 2.83 2.84 2.86 2.88 2.89 2.91 2.92 2.93 2.93 2.85 2.66 2.37 1.98 1.52 0.99 0.41 0.00 0.00 0.00 0.00 0.00 0.00 0.00 0.00 0.00 0.00 0.00 0.00 0.00 0.00 0.00 0.00 0.00 0.00 0.00 0.00 0.00 0.00 0.00 0.00 0.00 0.00 0.00 0.00 0.02 0.50 0.88 1.15 1.29 1.31 1.28 1.24 1.21 1.18 1.16 1.14 1.14 1.14 1.15 1.18 1.22 1.27 1.34 1.42 1.49 1.53 1.52 1.46 1.33 1.12 0.82 0.42 0.00 0.00 0.00 0.00 0.00 0.00 0.00 0.00 0.00
2.78 2.79 2.80 2.81 2.82 2.83 2.83 2.84 2.84 2.85 2.85 2.85 2.83 2.74 2.54 2.24 1.85 1.39 0.86 0.28 0.00 0.00 0.00 0.00 0.00 0.00 0.00 0.00 0.00 0.00 0.00 0.00 0.00 0.00 0.00 0.00 0.00 0.00 0.00 0.00 0.00 0.00 0.00 0.00 0.00 0.00 0.00 0.35 0.79 1.13 1.38 1.52 1.54 1.51 1.48 1.45 1.43 1.41 1.40 1.39 1.39 1.40 1.42 1.45 1.50 1.56 1.62 1.66 1.68 1.66 1.59 1.46 1.25 0.96 0.57 0.08 0.00 0.00 0.00 0.00 0.00 0.00 0.00 0.00
2.79 2.80 2.80 2.80 2.80 2.80 2.80 2.80 2.79 2.79 2.78 2.77 2.76 2.73 2.64 2.43 2.13 1.73 1.27 0.74 0.16 0.00 0.00 0.00 0.00 0.00 0.00 0.00 0.00 0.00 0.00 0.00 0.00 0.00 0.00 0.00 0.00 0.00 0.00 0.00 0.00 0.00 0.00 0.00 0.00 0.00 0.26 0.71 1.10 1.42 1.65 1.78 1.81 1.78 1.76 1.73 1.71 1.69 1.68 1.67 1.66 1.67 1.68 1.71 1.74 1.78 1.81 1.84 1.84 1.81 1.74 1.61 1.42 1.14 0.77 0.30 0.00 0.00 0.00 0.00 0.00 0.00 0.00 0.00
2.82 2.81 2.81 2.81 2.80 2.79 2.78 2.77 2.76 2.74 2.73 2.71 2.69 2.67 2.64 2.54 2.33 2.02 1.62 1.15 0.63 0.05 0.00 0.00 0.00 0.00 0.00 0.00 0.00 0.00 0.00 0.00 0.00 0.00 0.00 0.00 0.00 0.00 0.00 0.00 0.00 0.00 0.00 0.00 0.00 0.27 0.71 1.10 1.45 1.74 1.94 2.06 2.09 2.07 2.05 2.03 2.01 1.99 1.97 1.96 1.96 1.96 1.96 1.98 2.00 2.00 2.01 2.00 2.00 1.97 1.90 1.78 1.60 1.34 1.00 0.56 0.01 0.00 0.00 0.00 0.00 0.00 0.00 0.00
2.85 2.84 2.83 2.82 2.81 2.79 2.78 2.76 2.74 2.72 2.69 2.66 2.64 2.61 2.58 2.55 2.44 2.23 1.92 1.52 1.05 0.53 0.00 0.00 0.00 0.00 0.00 0.00 0.00 0.00 0.00 0.00 0.00 0.00 0.00 0.00 0.00 0.00 0.00 0.00 0.00 0.00 0.00 0.05 0.43 0.81 1.18 1.52 1.82 2.07 2.26 2.37 2.39 2.38 2.36 2.34 2.32 2.30 2.29 2.27 2.26 2.25 2.25 2.25 2.24 2.22 2.19 2.16 2.14 2.10 2.04 1.94 1.78 1.55 1.24 0.84 0.33 0.00 0.00 0.00 0.00 0.00 0.00 0.00
2.88 2.87 2.86 2.84 2.82 2.80 2.78 2.76 2.73 2.70 2.67 2.63 2.60 2.57 2.53 2.50 2.46 2.35 2.13 1.82 1.42 0.96 0.43 0.00 0.00 0.00 0.00 0.00 0.00 0.00 0.00 0.00 0.00 0.00 0.00 0.00 0.00 0.00 0.00 0.00 0.00 0.17 0.49 0.78 1.07 1.37 1.67 1.95 2.20 2.42 2.58 2.68 2.71 2.70 2.68 2.67 2.65 2.63 2.61 2.59 2.57 2.56 2.54 2.51 2.47 2.42 2.37 2.32 2.26 2.21 2.16 2.08 1.94 1.75 1.47 1.12 0.66 0.10 0.00 0.00 0.00 0.00 0.00 0.00
2.92 2.91 2.89 2.87 2.85 2.82 2.79 2.76 2.73 2.69 2.66 2.62 2.58 2.54 2.50 2.46 2.42 2.38 2.26 2.04 1.73 1.34 0.87 0.35 0.00 0.00 0.00 0.00 0.00 0.00 0.00 0.00 0.00 0.00 0.00 0.00 0.00 0.00 0.00 0.35 0.68 0.99 1.26 1.50 1.72 1.94 2.17 2.39 2.60 2.78 2.92 3.01 3.03 3.03 3.01 3.00 2.97 2.95 2.93 2.90 2.88 2.85 2.80 2.75 2.69 2.61 2.54 2.46 2.39 2.31 2.25 2.18 2.08 1.92 1.69 1.38 0.99 0.48 0.00 0.00 0.00 0.00 0.00 0.00
2.96 2.95 2.93 2.90 2.88 2.85 2.82 2.78 2.74 2.70 2.65 2.61 2.56 2.52 2.47 2.43 2.39 2.34 2.30 2.18 1.96 1.65 1.26 0.80 0.28 0.00 0.00 0.00 0.00 0.00 0.00 0.00 0.00 0.00 0.00 0.00 0.18 0.52 0.86 1.17 1.46 1.72 1.97 2.18 2.36 2.51 2.67 2.84 3.00 3.14 3.26 3.33 3.36 3.35 3.34 3.32 3.30 3.27 3.25 3.21 3.17 3.12 3.05 2.97 2.89 2.79 2.70 2.60 2.50 2.41 2.32 2.24 2.17 2.05 1.88 1.62 1.29 0.85 0.31 0.00 0.00 0.00 0.00 0.00
3.01 2.99 2.97 2.94 2.91 2.88 2.84 2.80 2.76 2.71 2.66 2.61 2.56 2.51 2.46 2.41 2.36 2.31 2.27 2.22 2.10 1.89 1.58 1.19 0.73 0.23 0.00 0.00 0.00 0.00 0.00 0.00 0.00 0.04 0.37 0.70 1.02 1.32 1.61 1.89 2.15 2.38 2.60 2.78 2.94 3.07 3.18 3.28 3.39 3.50 3.59 3.65 3.68 3.67 3.66 3.64 3.62 3.59 3.55 3.51 3.44 3.37 3.28 3.18 3.07 2.95 2.84 2.72 2.60 2.49 2.39 2.29 2.21 2.13 2.01 1.82 1.55 1.19 0.72 0.17 0.00 0.00 0.00 0.00
3.05 3.03 3.01 2.98 2.95 2.91 2.87 2.83 2.78 2.73 2.67 2.62 2.56 2.51 2.45 2.40 2.34 2.29 2.24 2.20 2.15 2.03 1.82 1.51 1.13 0.68 0.27 0.00 0.00 0.00 0.02 0.29 0.59 0.88 1.17 1.45 1.73 2.00 2.26 2.51 2.74 2.95 3.14 3.31 3.45 3.57 3.66 3.72 3.78 3.85 3.92 3.97 3.99 3.98 3.97 3.95 3.92 3.89 3.84 3.77 3.69 3.59 3.48 3.36 3.23 3.09 2.96 2.82 2.69 2.57 2.45 2.34 2.24 2.16 2.08 1.96 1.76 1.48 1.09 0.63 0.27 0.08 0.04 0.14
3.10 3.08 3.05 3.02 2.99 2.95 2.90 2.85 2.80 2.74 2.69 2.63 2.57 2.51 2.45 2.39 2.33 2.28 2.23 2.18 2.13 2.08 1.97 1.76 1.45 1.08 0.74 0.54 0.49 0.60 0.82 1.06 1.31 1.56 1.81 2.06 2.31 2.55 2.78 3.00 3.21 3.41 3.58 3.74 3.87 3.99 4.07 4.13 4.16 4.19 4.23 4.26 4.28 4.28 4.26 4.24 4.21 4.16 4.09 4.00 3.90 3.78 3.65 3.51 3.36 3.21 3.06 2.91 2.76 2.62 2.49 2.37 2.26 2.17 2.09 2.02 1.90 1.70 1.41 1.04 0.76 0.65 0.68 0.83
3.14 3.12 3.09 3.06 3.02 2.98 2.93 2.88 2.82 2.76 2.70 2.64 2.58 2.52 2.45 2.39 2.33 2.27 2.22 2.16 2.11 2.07 2.02 1.91 1.70 1.41 1.15 1.05 1.10 1.26 1.45 1.65 1.86 2.08 2.30 2.52 2.74 2.96 3.17 3.37 3.57 3.75 3.92 4.07 4.20 4.31 4.40 4.46 4.50 4.51 4.52 4.54 4.55 4.55 4.53 4.50 4.46 4.39 4.30 4.20 4.07 3.94 3.79 3.63 3.47 3.31 3.14 2.98 2.82 2.66 2.52 2.39 2.27 2.16 2.08 2.02 1.96 1.85 1.65 1.39 1.20 1.17 1.27 1.42
3.18 3.16 3.13 3.09 3.05 3.01 2.96 2.90 2.84 2.78 2.72 2.66 2.59 2.52 2.46 2.39 2.33 2.27 2.21 2.15 2.10 2.05 2.01 1.96 1.86 1.66 1.50 1.49 1.60 1.73 1.89 2.05 2.23 2.42 2.61 2.81 3.01 3.21 3.40 3.60 3.78 3.96 4.13 4.28 4.42 4.54 4.64 4.71 4.76 4.79 4.79 4.79 4.79 4.79 4.77 4.73 4.67 4.58 4.48 4.35 4.21 4.06 3.90 3.73 3.55 3.38 3.20 3.02 2.85 2.69 2.53 2.39 2.26 2.15 2.06 1.99 1.94 1.90 1.81 1.65 1.57 1.62 1.73 1.85
3.21 3.19 3.16 3.12 3.08 3.03 2.98 2.92 2.86 2.80 2.73 2.67 2.60 2.53 2.46 2.39 2.33 2.26 2.20 2.14 2.09 2.04 2.00 1.96 1.91 1.82 1.76 1.80 1.88 1.98 2.11 2.24 2.40 2.56 2.74 2.92 3.10 3.29 3.48 3.67 3.86 4.04 4.21 4.37 4.52 4.65 4.76 4.86 4.93 4.98 5.00 5.01 5.00 5.00 4.97 4.91 4.83 4.73 4.61 4.47 4.31 4.15 3.97 3.79 3.61 3.42 3.23 3.04 2.86 2.69 2.53 2.38 2.24 2.12 2.03 1.95 1.90 1.88 1.87 1.82 1.83 1.91 2.00 2.10
3.24 3.21 3.18 3.14 3.10 3.05 3.00 2.94 2.88 2.81 2.74 2.67 2.60 2.53 2.46 2.39 2.33 2.26 2.20 2.14 2.08 2.03 1.98 1.94 1.91 1.87 1.86 1.89 1.94 2.01 2.11 2.22 2.36 2.51 2.67 2.84 3.02 3.20 3.39 3.59 3.78 3.96 4.14 4.32 4.48 4.63 4.77 4.89 5.00 5.08 5.13 5.17 5.17 5.16 5.11 5.04 4.95 4.83 4.69 4.54 4.38 4.20 4.01 3.82 3.62 3.43 3.23 3.03 2.85 2.67 2.50 2.34 2.20 2.08 1.98 1.90 1.85 1.83 1.83 1.86 1.92 1.99 2.07 2.16
3.25 3.22 3.19 3.15 3.11 3.06 3.00 2.94 2.88 2.82 2.75 2.68 2.61 2.54 2.46 2.39 2.32 2.26 2.19 2.13 2.07 2.02 1.97 1.93 1.89 1.86 1.84 1.83 1.85 1.90 1.98 2.07 2.19 2.33 2.48 2.64 2.82 3.00 3.19 3.39 3.58 3.78 3.98 4.17 4.35 4.52 4.69 4.84 4.97 5.09 5.18 5.25 5.30 5.29 5.23 5.14 5.03 4.90 4.76 4.59 4.41 4.23 4.03 3.83 3.62 3.42 3.21 3.01 2.81 2.63 2.46 2.30 2.15 2.03 1.92 1.84 1.79 1.77 1.77 1.81 1.86 1.92 1.99 2.08
