data_processed/recharge/precip/Precip_1984_01.asc
ncols        168
nrows        136
xllcorner    455000
yllcorner    2107000
cellsize     500
NODATA_value     -99999
[rows 0 to 35 of 136, columns 80 to 159 of 168]
40.75 39.47 38.18 36.89 35.58 34.23 32.84 31.41 30.00 28.73 27.60 26.61 25.73 24.93 24.19 23.52 22.90 22.34 21.83 21.37 20.96 20.60 20.27 19.99 19.75 19.54 19.36 19.20 19.04 18.89 18.74 18.61 18.50 18.45 18.45 18.44 18.13 17.31 16.04 14.36 12.33 10.03 7.49 4.78 1.96 0.00 0.00 0.00 0.00 0.00 0.00 0.00 0.00 0.00 0.00 0.00 0.00 0.00 0.00 3.46 10.54 17.67 24.76 31.74 38.53 45.04 51.20 56.91 62.11 66.70 70.61 73.76 76.06 77.54 78.54 79.25 79.76 80.09 80.25 80.19
40.23 39.00 37.75 36.46 35.13 33.74 32.31 30.83 29.37 28.04 26.87 25.84 24.93 24.13 23.42 22.76 22.16 21.62 21.14 20.70 20.31 19.97 19.68 19.42 19.20 19.02 18.86 18.70 18.54 18.38 18.23 18.08 17.97 17.90 17.89 17.93 17.97 17.71 16.94 15.72 14.09 12.12 9.87 7.39 4.74 1.98 0.00 0.00 0.00 0.00 0.00 0.00 0.00 0.00 0.00 0.00 0.00 0.00 0.00 2.91 10.21 17.56 24.79 31.84 38.61 45.03 51.01 56.48 61.35 65.54 68.98 71.57 73.34 74.58 75.50 76.15 76.58 76.85 76.94 76.83
39.56 38.38 37.15 35.86 34.50 33.09 31.62 30.10 28.59 27.23 26.02 24.96 24.02 23.22 22.51 21.88 21.32 20.81 20.35 19.95 19.60 19.29 19.03 18.81 18.63 18.47 18.31 18.15 17.98 17.82 17.66 17.50 17.38 17.30 17.28 17.31 17.40 17.49 17.27 16.56 15.40 13.83 11.91 9.72 7.30 4.71 2.01 0.00 0.00 0.00 0.00 0.00 0.00 0.00 0.00 0.00 0.00 0.00 0.00 2.48 9.51 16.98 24.34 31.43 38.18 44.49 50.29 55.49 60.03 63.80 66.74 68.85 70.40 71.57 72.42 73.01 73.37 73.58 73.61 73.45
38.75 37.60 36.38 35.08 33.72 32.28 30.79 29.24 27.70 26.31 25.07 23.99 23.04 22.22 21.52 20.91 20.39 19.92 19.50 19.14 18.83 18.57 18.36 18.18 18.03 17.88 17.72 17.55 17.38 17.21 17.04 16.88 16.75 16.66 16.62 16.64 16.72 16.86 17.00 16.84 16.19 15.08 13.57 11.72 9.59 7.23 4.70 2.11 0.00 0.00 0.00 0.00 0.00 0.00 0.00 0.00 0.00 0.00 0.00 2.60 8.93 16.07 23.47 30.59 37.29 43.47 49.07 54.00 58.18 61.52 64.03 65.94 67.43 68.54 69.33 69.85 70.16 70.30 70.27 70.07
37.78 36.66 35.45 34.16 32.79 31.35 29.85 28.27 26.71 25.30 24.04 22.95 21.99 21.17 20.47 19.88 19.39 18.97 18.61 18.30 18.04 17.84 17.67 17.53 17.39 17.24 17.08 16.91 16.74 16.56 16.39 16.22 16.08 15.98 15.94 15.94 16.00 16.13 16.32 16.52 16.43 15.83 14.79 13.34 11.55 9.48 7.23 4.91 2.61 0.36 0.00 0.00 0.00 0.00 0.00 0.00 0.00 0.00 0.00 3.25 8.88 15.28 22.28 29.36 35.99 42.04 47.42 52.05 55.86 58.83 61.16 63.01 64.43 65.49 66.22 66.69 66.94 67.02 66.95 66.71
36.66 35.56 34.38 33.10 31.75 30.31 28.80 27.22 25.64 24.21 22.95 21.85 20.90 20.08 19.40 18.83 18.37 17.99 17.69 17.44 17.25 17.10 16.98 16.86 16.71 16.56 16.40 16.23 16.06 15.88 15.70 15.53 15.38 15.28 15.22 15.21 15.26 15.37 15.55 15.80 16.06 16.03 15.50 14.52 13.14 11.46 9.60 7.65 5.63 3.58 1.55 0.00 0.00 0.00 0.00 0.00 0.00 0.00 0.24 4.38 9.35 15.01 21.23 27.84 34.34 40.23 45.38 49.70 53.18 55.99 58.27 60.07 61.44 62.45 63.13 63.54 63.74 63.77 63.65 63.37
35.39 34.34 33.18 31.94 30.60 29.17 27.67 26.08 24.50 23.07 21.81 20.72 19.78 18.98 18.32 17.78 17.35 17.02 16.78 16.60 16.47 16.38 16.27 16.15 16.01 15.86 15.70 15.53 15.36 15.17 14.99 14.81 14.66 14.55 14.48 14.46 14.50 14.59 14.76 14.99 15.30 15.63 15.66 15.21 14.33 13.17 11.79 10.24 8.55 6.76 4.91 3.04 1.19 0.00 0.00 0.00 0.00 0.00 2.30 5.92 10.28 15.24 20.68 26.47 32.43 38.10 43.00 47.05 50.39 53.15 55.38 57.14 58.47 59.43 60.06 60.43 60.57 60.55 60.38 60.07
34.01 33.00 31.89 30.67 29.36 27.96 26.47 24.89 23.31 21.89 20.65 19.57 18.65 17.88 17.25 16.75 16.36 16.07 15.89 15.78 15.71 15.63 15.53 15.41 15.28 15.13 14.97 14.81 14.63 14.45 14.26 14.08 13.92 13.80 13.72 13.70 13.72 13.81 13.95 14.17 14.47 14.84 15.24 15.38 15.15 14.58 13.73 12.63 11.31 9.82 8.20 6.49 4.72 2.93 1.27 0.49 0.88 2.32 4.67 7.80 11.59 15.90 20.60 25.57 30.68 35.75 40.38 44.31 47.61 50.33 52.52 54.23 55.52 56.44 57.03 57.35 57.45 57.38 57.17 56.83
32.51 31.56 30.50 29.34 28.06 26.69 25.22 23.66 22.10 20.69 19.47 18.42 17.54 16.80 16.21 15.75 15.42 15.19 15.06 15.00 14.94 14.86 14.77 14.66 14.53 14.39 14.23 14.07 13.89 13.71 13.52 13.33 13.17 13.05 12.96 12.92 12.94 13.01 13.15 13.35 13.63 13.99 14.47 15.10 15.55 15.63 15.35 14.74 13.85 12.71 11.36 9.84 8.20 6.46 4.78 3.90 4.10 5.26 7.26 9.95 13.22 16.92 20.94 25.14 29.39 33.59 37.74 41.59 44.86 47.54 49.70 51.37 52.62 53.49 54.04 54.32 54.38 54.27 54.03 53.67
30.93 30.05 29.05 27.94 26.71 25.38 23.95 22.42 20.87 19.50 18.31 17.30 16.45 15.76 15.22 14.82 14.54 14.38 14.29 14.22 14.15 14.09 14.00 13.90 13.77 13.64 13.49 13.32 13.15 12.96 12.77 12.58 12.42 12.29 12.20 12.15 12.15 12.22 12.34 12.53 12.79 13.18 13.76 14.56 15.51 16.25 16.58 16.51 16.09 15.34 14.31 13.04 11.57 9.93 8.27 7.33 7.39 8.33 10.01 12.31 15.10 18.25 21.62 25.09 28.56 32.01 35.49 38.96 42.15 44.80 46.92 48.56 49.78 50.61 51.13 51.37 51.39 51.25 50.97 50.59
29.28 28.48 27.55 26.50 25.34 24.05 22.66 21.17 19.66 18.32 17.17 16.20 15.41 14.78 14.30 13.96 13.75 13.63 13.53 13.45 13.38 13.31 13.23 13.13 13.01 12.88 12.73 12.57 12.40 12.22 12.03 11.84 11.67 11.53 11.44 11.38 11.38 11.43 11.54 11.72 12.01 12.50 13.20 14.10 15.20 16.40 17.37 17.88 17.97 17.66 17.00 16.02 14.76 13.26 11.67 10.72 10.68 11.44 12.86 14.82 17.18 19.81 22.58 25.39 28.19 31.01 33.84 36.69 39.53 42.12 44.21 45.82 47.00 47.81 48.29 48.50 48.49 48.31 48.01 47.61
27.58 26.87 26.02 25.04 23.94 22.72 21.38 19.93 18.47 17.17 16.08 15.17 14.43 13.87 13.46 13.19 13.03 12.90 12.79 12.70 12.61 12.54 12.45 12.36 12.26 12.13 11.99 11.83 11.66 11.48 11.29 11.10 10.93 10.79 10.69 10.63 10.61 10.66 10.76 10.96 11.36 11.98 12.79 13.78 14.94 16.26 17.66 18.78 19.43 19.60 19.35 18.70 17.71 16.40 14.93 14.00 13.92 14.54 15.75 17.40 19.37 21.54 23.77 26.00 28.24 30.48 32.74 35.00 37.28 39.54 41.58 43.16 44.32 45.10 45.55 45.74 45.69 45.48 45.16 44.75
25.86 25.23 24.47 23.58 22.56 21.41 20.13 18.74 17.32 16.08 15.05 14.20 13.54 13.05 12.72 12.50 12.32 12.18 12.06 11.96 11.87 11.78 11.70 11.61 11.51 11.39 11.25 11.10 10.94 10.76 10.57 10.38 10.20 10.06 9.95 9.89 9.87 9.90 10.04 10.36 10.89 11.61 12.51 13.58 14.80 16.16 17.64 19.17 20.39 21.10 21.30 21.04 20.35 19.28 17.96 17.12 17.03 17.56 18.59 19.99 21.63 23.36 25.11 26.86 28.60 30.33 32.07 33.81 35.56 37.32 39.07 40.60 41.74 42.49 42.93 43.08 43.01 42.78 42.43 42.01
24.18 23.60 22.93 22.13 21.20 20.12 18.92 17.59 16.24 15.07 14.10 13.33 12.75 12.34 12.05 11.83 11.64 11.48 11.35 11.23 11.14 11.05 10.96 10.88 10.78 10.67 10.54 10.39 10.23 10.06 9.87 9.68 9.50 9.36 9.25 9.18 9.15 9.22 9.48 9.93 10.58 11.40 12.38 13.51 14.78 16.16 17.65 19.23 20.83 22.08 22.79 22.95 22.62 21.82 20.71 20.00 19.95 20.44 21.34 22.53 23.86 25.21 26.54 27.85 29.16 30.46 31.75 33.03 34.32 35.61 36.90 38.18 39.27 40.01 40.42 40.56 40.47 40.21 39.85 39.42
22.57 22.04 21.43 20.72 19.88 18.89 17.77 16.52 15.24 14.14 13.25 12.57 12.07 11.71 11.42 11.17 10.97 10.79 10.65 10.53 10.43 10.34 10.25 10.17 10.07 9.97 9.85 9.71 9.55 9.38 9.20 9.01 8.83 8.69 8.57 8.50 8.51 8.71 9.10 9.68 10.42 11.33 12.38 13.56 14.86 16.26 17.74 19.30 20.92 22.51 23.74 24.38 24.45 23.98 23.12 22.57 22.61 23.10 23.92 24.93 25.95 26.96 27.93 28.89 29.83 30.75 31.65 32.55 33.44 34.33 35.21 36.09 36.96 37.66 38.05 38.17 38.07 37.79 37.42 36.99
21.07 20.58 20.01 19.36 18.62 17.73 16.70 15.53 14.33 13.32 12.52 11.93 11.49 11.12 10.80 10.54 10.32 10.13 9.98 9.85 9.74 9.65 9.56 9.48 9.39 9.30 9.19 9.06 8.91 8.74 8.56 8.37 8.20 8.05 7.94 7.91 8.05 8.38 8.90 9.59 10.43 11.41 12.51 13.73 15.04 16.44 17.91 19.43 21.00 22.59 24.12 25.26 25.77 25.67 25.11 24.77 24.94 25.49 26.24 27.04 27.79 28.51 29.20 29.86 30.50 31.11 31.70 32.27 32.83 33.37 33.91 34.44 34.97 35.48 35.84 35.95 35.83 35.54 35.16 34.73
19.69 19.24 18.72 18.13 17.45 16.66 15.73 14.65 13.55 12.63 11.93 11.39 10.93 10.54 10.21 9.93 9.69 9.49 9.33 9.20 9.09 8.99 8.91 8.83 8.75 8.66 8.56 8.44 8.30 8.14 7.96 7.78 7.61 7.46 7.39 7.49 7.78 8.25 8.88 9.67 10.58 11.62 12.77 14.01 15.33 16.71 18.15 19.62 21.12 22.62 24.12 25.54 26.52 26.83 26.61 26.54 26.89 27.49 28.12 28.72 29.26 29.77 30.24 30.67 31.06 31.43 31.77 32.09 32.38 32.65 32.91 33.15 33.38 33.61 33.81 33.89 33.76 33.46 33.08 32.67
18.45 18.06 17.59 17.05 16.42 15.70 14.87 13.90 12.89 12.08 11.43 10.88 10.40 9.99 9.64 9.34 9.09 8.88 8.71 8.57 8.46 8.36 8.28 8.20 8.13 8.05 7.96 7.86 7.74 7.58 7.41 7.23 7.07 6.97 7.04 7.29 7.72 8.31 9.04 9.90 10.88 11.97 13.14 14.39 15.71 17.06 18.46 19.87 21.28 22.69 24.08 25.42 26.65 27.41 27.58 27.81 28.33 28.90 29.41 29.87 30.27 30.63 30.94 31.21 31.43 31.62 31.77 31.89 31.99 32.05 32.09 32.12 32.12 32.11 32.08 32.04 31.89 31.58 31.20 30.80
17.39 17.04 16.63 16.14 15.57 14.92 14.16 13.29 12.39 11.63 10.98 10.40 9.90 9.47 9.10 8.78 8.52 8.30 8.12 7.98 7.86 7.77 7.69 7.62 7.55 7.48 7.41 7.32 7.21 7.08 6.92 6.75 6.63 6.67 6.90 7.30 7.85 8.54 9.36 10.30 11.33 12.45 13.64 14.88 16.17 17.49 18.83 20.16 21.49 22.78 24.04 25.24 26.37 27.35 27.92 28.45 29.03 29.55 30.00 30.38 30.71 30.98 31.20 31.37 31.49 31.57 31.60 31.60 31.55 31.48 31.37 31.24 31.08 30.89 30.69 30.47 30.23 29.91 29.54 29.18
16.51 16.22 15.86 15.43 14.92 14.33 13.64 12.85 12.00 11.23 10.55 9.95 9.43 8.97 8.59 8.26 7.98 7.76 7.57 7.42 7.30 7.21 7.13 7.07 7.01 6.96 6.90 6.83 6.74 6.63 6.49 6.36 6.39 6.60 6.97 7.50 8.16 8.94 9.84 10.83 11.90 13.04 14.23 15.46 16.72 17.99 19.25 20.50 21.71 22.89 24.00 25.04 25.99 26.84 27.58 28.25 28.85 29.37 29.82 30.20 30.52 30.77 30.96 31.10 31.17 31.20 31.18 31.11 30.99 30.84 30.65 30.42 30.16 29.87 29.55 29.21 28.85 28.48 28.13 27.83
15.76 15.53 15.23 14.86 14.41 13.87 13.25 12.50 11.67 10.88 10.18 9.55 9.01 8.54 8.14 7.80 7.52 7.28 7.09 6.94 6.82 6.73 6.66 6.61 6.56 6.52 6.47 6.42 6.36 6.27 6.17 6.12 6.28 6.64 7.14 7.78 8.54 9.41 10.36 11.40 12.49 13.64 14.82 16.02 17.23 18.43 19.61 20.76 21.85 22.89 23.84 24.71 25.46 26.14 26.84 27.55 28.20 28.77 29.26 29.67 30.01 30.28 30.48 30.62 30.69 30.70 30.66 30.56 30.42 30.22 29.98 29.70 29.38 29.02 28.62 28.20 27.75 27.30 26.94 26.69
15.10 14.91 14.67 14.35 13.96 13.49 12.90 12.18 11.37 10.59 9.87 9.23 8.67 8.18 7.77 7.42 7.13 6.89 6.70 6.56 6.44 6.36 6.30 6.25 6.22 6.20 6.17 6.14 6.10 6.05 6.01 6.02 6.25 6.71 7.34 8.08 8.92 9.85 10.85 11.91 13.02 14.16 15.31 16.47 17.62 18.74 19.82 20.85 21.81 22.69 23.48 24.15 24.74 25.36 26.06 26.78 27.46 28.09 28.64 29.10 29.48 29.78 30.00 30.16 30.24 30.26 30.21 30.11 29.94 29.72 29.45 29.13 28.76 28.34 27.89 27.40 26.90 26.40 25.99 25.75
14.50 14.37 14.17 13.91 13.58 13.14 12.58 11.88 11.09 10.32 9.61 8.96 8.39 7.89 7.47 7.12 6.82 6.59 6.40 6.26 6.15 6.08 6.03 6.00 5.99 5.98 5.98 5.98 5.98 5.99 6.02 6.08 6.35 6.85 7.55 8.38 9.29 10.27 11.30 12.38 13.48 14.60 15.71 16.81 17.88 18.91 19.88 20.78 21.59 22.30 22.90 23.41 23.94 24.55 25.24 25.96 26.66 27.33 27.95 28.47 28.90 29.25 29.52 29.71 29.82 29.86 29.82 29.72 29.55 29.32 29.03 28.69 28.29 27.84 27.34 26.82 26.29 25.75 25.30 25.02
13.97 13.89 13.74 13.53 13.23 12.82 12.27 11.59 10.82 10.07 9.38 8.73 8.16 7.66 7.23 6.87 6.58 6.35 6.17 6.03 5.94 5.88 5.85 5.84 5.85 5.86 5.89 5.93 5.99 6.08 6.17 6.29 6.59 7.10 7.81 8.68 9.65 10.66 11.72 12.79 13.88 14.96 16.02 17.05 18.03 18.94 19.79 20.54 21.19 21.73 22.16 22.60 23.12 23.72 24.41 25.12 25.82 26.50 27.17 27.76 28.27 28.68 29.01 29.24 29.40 29.47 29.46 29.38 29.23 29.00 28.71 28.35 27.94 27.47 26.97 26.44 25.90 25.32 24.84 24.54
13.51 13.47 13.37 13.19 12.91 12.50 11.97 11.31 10.56 9.84 9.16 8.53 7.97 7.47 7.04 6.69 6.40 6.17 6.00 5.88 5.80 5.75 5.74 5.75 5.79 5.83 5.90 6.01 6.15 6.31 6.45 6.62 6.95 7.47 8.17 9.03 10.01 11.04 12.10 13.16 14.22 15.24 16.24 17.18 18.05 18.85 19.55 20.15 20.62 20.99 21.36 21.79 22.29 22.88 23.56 24.26 24.95 25.64 26.31 26.96 27.55 28.04 28.44 28.74 28.95 29.07 29.11 29.06 28.93 28.73 28.45 28.10 27.69 27.24 26.76 26.25 25.69 25.10 24.60 24.28
13.10 13.10 13.03 12.87 12.59 12.20 11.69 11.05 10.32 9.62 8.96 8.35 7.80 7.31 6.89 6.54 6.26 6.04 5.88 5.78 5.71 5.69 5.70 5.74 5.80 5.90 6.04 6.22 6.43 6.65 6.85 7.06 7.41 7.94 8.63 9.45 10.38 11.41 12.45 13.49 14.49 15.46 16.37 17.21 17.96 18.62 19.17 19.59 19.91 20.21 20.56 20.97 21.46 22.04 22.70 23.39 24.07 24.74 25.41 26.08 26.72 27.31 27.79 28.17 28.45 28.64 28.73 28.74 28.66 28.49 28.24 27.92 27.55 27.14 26.70 26.21 25.66 25.05 24.53 24.21
12.74 12.77 12.71 12.55 12.29 11.91 11.42 10.79 10.09 9.41 8.77 8.18 7.65 7.17 6.76 6.42 6.16 5.95 5.81 5.72 5.68 5.68 5.72 5.79 5.90 6.07 6.29 6.55 6.83 7.10 7.35 7.60 7.97 8.50 9.17 9.95 10.82 11.78 12.78 13.77 14.72 15.60 16.41 17.14 17.76 18.27 18.65 18.91 19.16 19.44 19.77 20.16 20.63 21.19 21.83 22.50 23.16 23.83 24.49 25.15 25.81 26.46 27.04 27.52 27.89 28.15 28.32 28.39 28.37 28.25 28.05 27.80 27.50 27.16 26.75 26.29 25.75 25.15 24.63 24.31
12.41 12.45 12.39 12.24 11.99 11.63 11.15 10.55 9.88 9.22 8.60 8.03 7.51 7.05 6.66 6.33 6.08 5.89 5.77 5.70 5.69 5.72 5.78 5.90 6.09 6.35 6.65 6.98 7.31 7.64 7.94 8.22 8.61 9.14 9.78 10.51 11.32 12.19 13.10 14.01 14.88 15.68 16.38 16.97 17.45 17.79 18.02 18.21 18.43 18.69 18.99 19.37 19.81 20.34 20.95 21.60 22.25 22.90 23.55 24.20 24.86 25.52 26.17 26.75 27.22 27.59 27.84 27.99 28.04 28.00 27.89 27.74 27.52 27.25 26.90 26.48 25.97 25.37 24.86 24.55
12.10 12.14 12.09 11.95 11.71 11.36 10.90 10.33 9.67 9.04 8.44 7.89 7.39 6.95 6.57 6.26 6.02 5.85 5.75 5.71 5.72 5.78 5.90 6.10 6.38 6.72 7.09 7.49 7.88 8.26 8.59 8.91 9.32 9.83 10.44 11.13 11.87 12.65 13.44 14.24 15.00 15.69 16.26 16.72 17.03 17.22 17.37 17.54 17.73 17.96 18.24 18.58 19.00 19.49 20.08 20.70 21.33 21.96 22.59 23.23 23.88 24.54 25.20 25.85 26.44 26.92 27.28 27.52 27.67 27.74 27.76 27.71 27.59 27.40 27.11 26.74 26.26 25.69 25.19 24.91
11.79 11.83 11.79 11.65 11.43 11.10 10.66 10.11 9.48 8.87 8.30 7.77 7.29 6.87 6.50 6.20 5.98 5.82 5.75 5.73 5.78 5.89 6.10 6.39 6.75 7.17 7.61 8.06 8.51 8.93 9.31 9.65 10.07 10.57 11.15 11.78 12.45 13.13 13.81 14.47 15.09 15.64 16.07 16.37 16.53 16.65 16.77 16.90 17.06 17.26 17.51 17.82 18.20 18.66 19.21 19.80 20.40 21.01 21.62 22.25 22.88 23.53 24.19 24.85 25.52 26.12 26.60 26.96 27.25 27.47 27.62 27.69 27.68 27.57 27.37 27.05 26.62 26.07 25.60 25.36
11.48 11.53 11.49 11.37 11.16 10.85 10.43 9.90 9.30 8.71 8.16 7.66 7.20 6.79 6.45 6.16 5.95 5.81 5.75 5.76 5.86 6.06 6.37 6.75 7.19 7.68 8.18 8.70 9.19 9.66 10.06 10.43 10.85 11.34 11.88 12.46 13.04 13.63 14.19 14.70 15.16 15.54 15.81 15.96 16.05 16.12 16.21 16.31 16.43 16.59 16.80 17.07 17.42 17.84 18.36 18.91 19.48 20.05 20.65 21.25 21.87 22.50 23.15 23.81 24.49 25.17 25.78 26.31 26.77 27.15 27.45 27.65 27.76 27.75 27.63 27.38 27.01 26.50 26.07 25.87
11.18 11.23 11.20 11.09 10.90 10.60 10.21 9.70 9.13 8.57 8.04 7.56 7.12 6.74 6.41 6.14 5.94 5.81 5.76 5.81 6.00 6.30 6.70 7.16 7.68 8.24 8.80 9.37 9.91 10.41 10.85 11.23 11.65 12.12 12.62 13.14 13.64 14.12 14.56 14.93 15.22 15.41 15.51 15.57 15.61 15.65 15.70 15.76 15.84 15.96 16.13 16.36 16.66 17.05 17.52 18.03 18.56 19.10 19.67 20.25 20.84 21.46 22.09 22.75 23.42 24.12 24.86 25.58 26.22 26.78 27.23 27.57 27.80 27.91 27.88 27.71 27.40 26.95 26.56 26.41
10.89 10.94 10.92 10.82 10.64 10.37 9.99 9.52 8.97 8.43 7.93 7.47 7.06 6.69 6.38 6.13 5.95 5.83 5.81 5.93 6.20 6.59 7.07 7.62 8.21 8.83 9.45 10.07 10.65 11.18 11.64 12.04 12.46 12.90 13.36 13.81 14.22 14.60 14.91 15.13 15.25 15.27 15.26 15.25 15.25 15.24 15.24 15.26 15.30 15.37 15.50 15.68 15.94 16.27 16.69 17.16 17.65 18.16 18.69 19.24 19.81 20.40 21.02 21.66 22.33 23.06 23.87 24.74 25.58 26.31 26.93 27.42 27.79 28.01 28.09 28.01 27.77 27.38 27.05 26.97
10.59 10.65 10.64 10.56 10.39 10.14 9.79 9.34 8.82 8.31 7.84 7.40 7.01 6.66 6.37 6.14 5.97 5.89 5.94 6.14 6.47 6.92 7.48 8.10 8.76 9.44 10.11 10.77 11.39 11.95 12.43 12.84 13.25 13.67 14.08 14.45 14.78 15.04 15.22 15.29 15.26 15.18 15.10 15.02 14.95 14.90 14.85 14.81 14.80 14.83 14.91 15.04 15.24 15.53 15.90 16.32 16.76 17.22 17.72 18.23 18.77 19.34 19.94 20.56 21.26 22.04 22.90 23.83 24.81 25.73 26.52 27.17 27.68 28.04 28.23 28.26 28.10 27.78 27.52 27.51
10.30 10.37 10.37 10.30 10.15 9.91 9.59 9.16 8.67 8.20 7.75 7.34 6.97 6.64 6.37 6.16 6.03 6.02 6.16 6.42 6.81 7.30 7.91 8.59 9.32 10.05 10.78 11.47 12.12 12.71 13.21 13.62 14.02 14.41 14.76 15.06 15.29 15.44 15.48 15.41 15.29 15.16 15.02 14.88 14.74 14.62 14.52 14.43 14.37 14.34 14.36 14.44 14.58 14.81 15.13 15.49 15.88 16.31 16.75 17.23 17.74 18.28 18.85 19.50 20.24 21.07 21.97 22.93 23.96 25.00 25.98 26.80 27.47 27.97 28.28 28.42 28.36 28.12 27.93 28.01
10.02 10.09 10.10 10.04 9.91 9.70 9.40 9.00 8.54 8.09 7.67 7.29 6.94 6.64 6.39 6.22 6.17 6.25 6.46 6.78 7.22 7.75 8.38 9.09 9.87 10.65 11.42 12.15 12.83 13.44 13.95 14.37 14.75 15.10 15.39 15.62 15.75 15.78 15.69 15.55 15.38 15.20 15.00 14.81 14.61 14.43 14.26 14.11 13.99 13.90 13.86 13.88 13.97 14.14 14.39 14.70 15.04 15.41 15.81 16.24 16.71 17.22 17.81 18.50 19.28 20.14 21.07 22.06 23.10 24.19 25.28 26.28 27.12 27.76 28.22 28.47 28.51 28.36 28.27 28.44
