data_processed/recharge/precip/Precip_1991_11.asc
ncols        168
nrows        136
xllcorner    455000
yllcorner    2107000
cellsize     500
NODATA_value     -99999
[rows 72 to 107 of 136, columns 0 to 81 of 168]
4.35 4.52 4.69 4.87 5.05 5.23 5.42 5.63 5.86 6.11 6.37 6.65 6.95 7.26 7.60 7.94 8.31 8.69 9.08 9.49 9.90 10.31 10.72 11.11 11.50 11.88 12.24 12.58 12.89 13.17 13.42 13.65 13.86 14.08 14.30 14.51 14.73 14.95 15.17 15.39 15.62 15.86 16.09 16.34 16.59 16.84 17.09 17.30 17.47 17.60 17.69 17.74 17.77 17.76 17.74 17.68 17.60 17.47 17.26 16.97 16.61 16.18 15.69 15.13 14.52 13.86 13.15 12.39 11.60 10.77 9.90 9.01 8.04 6.97 5.82 4.60 3.31 2.04 0.96 0.11 0.00 0.00
4.32 4.49 4.66 4.84 5.02 5.21 5.42 5.65 5.89 6.16 6.43 6.73 7.04 7.37 7.71 8.07 8.44 8.82 9.23 9.64 10.07 10.51 10.93 11.35 11.76 12.16 12.54 12.89 13.20 13.48 13.72 13.95 14.18 14.40 14.61 14.82 15.03 15.23 15.43 15.63 15.83 16.03 16.23 16.43 16.63 16.83 17.03 17.22 17.37 17.48 17.55 17.57 17.57 17.54 17.48 17.40 17.26 17.06 16.78 16.43 16.02 15.54 15.01 14.42 13.79 13.11 12.39 11.63 10.85 10.03 9.19 8.33 7.45 6.51 5.49 4.39 3.22 2.07 1.12 0.40 0.00 0.00
4.31 4.48 4.66 4.84 5.03 5.24 5.46 5.70 5.96 6.24 6.53 6.83 7.15 7.49 7.84 8.20 8.58 8.98 9.38 9.80 10.23 10.68 11.13 11.57 12.00 12.42 12.82 13.17 13.48 13.76 14.02 14.26 14.50 14.72 14.94 15.14 15.34 15.53 15.71 15.89 16.06 16.22 16.38 16.54 16.69 16.84 16.98 17.13 17.25 17.34 17.37 17.37 17.33 17.27 17.18 17.05 16.84 16.57 16.23 15.83 15.37 14.85 14.29 13.68 13.03 12.35 11.63 10.88 10.11 9.31 8.51 7.69 6.86 6.02 5.13 4.18 3.15 2.15 1.33 0.75 0.38 0.13
4.33 4.50 4.68 4.87 5.07 5.30 5.53 5.79 6.06 6.34 6.64 6.96 7.29 7.63 7.99 8.36 8.74 9.14 9.54 9.97 10.40 10.84 11.30 11.76 12.21 12.65 13.06 13.42 13.74 14.03 14.31 14.57 14.82 15.05 15.27 15.47 15.66 15.83 16.00 16.15 16.29 16.42 16.55 16.66 16.76 16.86 16.95 17.03 17.11 17.16 17.17 17.13 17.06 16.97 16.83 16.62 16.35 16.02 15.62 15.17 14.68 14.13 13.54 12.92 12.26 11.58 10.87 10.13 9.39 8.63 7.86 7.08 6.31 5.54 4.78 3.97 3.11 2.26 1.60 1.17 0.86 0.62
4.37 4.55 4.73 4.94 5.15 5.39 5.64 5.90 6.18 6.47 6.78 7.10 7.44 7.78 8.14 8.52 8.90 9.30 9.71 10.13 10.56 11.01 11.46 11.93 12.39 12.85 13.27 13.64 13.99 14.31 14.61 14.89 15.14 15.38 15.60 15.80 15.98 16.14 16.29 16.42 16.54 16.64 16.72 16.79 16.85 16.90 16.93 16.95 16.96 16.96 16.93 16.86 16.76 16.61 16.40 16.13 15.79 15.41 14.97 14.48 13.95 13.39 12.78 12.15 11.50 10.82 10.13 9.42 8.70 7.98 7.26 6.54 5.83 5.13 4.45 3.78 3.09 2.42 1.92 1.57 1.28 1.05
4.44 4.63 4.83 5.04 5.27 5.51 5.77 6.04 6.32 6.62 6.94 7.26 7.60 7.95 8.31 8.69 9.07 9.47 9.88 10.30 10.72 11.16 11.61 12.07 12.54 13.01 13.44 13.85 14.23 14.58 14.90 15.20 15.47 15.71 15.93 16.13 16.31 16.46 16.59 16.70 16.79 16.86 16.90 16.94 16.95 16.94 16.92 16.88 16.83 16.76 16.68 16.56 16.40 16.19 15.91 15.57 15.19 14.75 14.28 13.76 13.21 12.63 12.02 11.40 10.75 10.09 9.42 8.74 8.06 7.39 6.72 6.07 5.43 4.81 4.22 3.65 3.11 2.61 2.21 1.89 1.61 1.39
4.57 4.77 4.97 5.19 5.43 5.68 5.94 6.22 6.50 6.81 7.12 7.45 7.78 8.13 8.49 8.86 9.25 9.64 10.04 10.45 10.88 11.31 11.75 12.20 12.65 13.12 13.59 14.04 14.45 14.83 15.17 15.49 15.78 16.03 16.26 16.46 16.63 16.77 16.88 16.97 17.04 17.08 17.09 17.08 17.05 17.00 16.92 16.83 16.71 16.57 16.42 16.21 15.97 15.69 15.35 14.96 14.53 14.06 13.56 13.02 12.46 11.87 11.26 10.64 10.01 9.38 8.74 8.10 7.47 6.86 6.25 5.67 5.11 4.58 4.08 3.61 3.18 2.77 2.41 2.11 1.86 1.65
4.81 5.05 5.25 5.47 5.71 5.95 6.21 6.48 6.77 7.06 7.37 7.69 8.02 8.36 8.71 9.07 9.44 9.82 10.21 10.61 11.01 11.43 11.85 12.28 12.73 13.20 13.68 14.16 14.61 15.02 15.40 15.74 16.04 16.32 16.55 16.75 16.92 17.06 17.17 17.24 17.29 17.30 17.29 17.25 17.18 17.08 16.95 16.80 16.63 16.43 16.16 15.80 15.44 15.09 14.70 14.26 13.80 13.30 12.77 12.22 11.65 11.06 10.46 9.86 9.26 8.65 8.05 7.47 6.89 6.34 5.81 5.30 4.83 4.39 3.99 3.63 3.25 2.86 2.53 2.26 2.03 1.86
5.10 5.44 5.68 5.89 6.11 6.35 6.59 6.85 7.12 7.40 7.69 7.99 8.30 8.63 8.96 9.30 9.65 10.00 10.37 10.74 11.13 11.52 11.91 12.33 12.76 13.23 13.72 14.21 14.69 15.15 15.56 15.93 16.26 16.55 16.80 17.01 17.19 17.33 17.43 17.50 17.53 17.52 17.49 17.42 17.31 17.18 17.01 16.81 16.58 16.28 15.87 15.35 14.85 14.39 13.94 13.47 12.98 12.45 11.91 11.35 10.78 10.21 9.63 9.05 8.47 7.91 7.36 6.83 6.32 5.83 5.38 4.96 4.58 4.24 3.94 3.64 3.29 2.91 2.60 2.35 2.15 2.00
5.42 5.87 6.20 6.43 6.64 6.85 7.07 7.31 7.55 7.81 8.07 8.35 8.63 8.92 9.22 9.53 9.85 10.18 10.51 10.85 11.20 11.56 11.93 12.33 12.76 13.23 13.71 14.20 14.70 15.19 15.64 16.05 16.41 16.73 17.00 17.23 17.42 17.56 17.66 17.73 17.75 17.73 17.68 17.59 17.45 17.29 17.08 16.84 16.52 16.09 15.53 14.88 14.23 13.65 13.11 12.61 12.09 11.55 11.00 10.44 9.88 9.32 8.76 8.22 7.68 7.17 6.67 6.20 5.76 5.35 4.98 4.66 4.38 4.14 3.90 3.61 3.28 2.92 2.62 2.39 2.22 2.10
5.75 6.31 6.74 7.05 7.26 7.44 7.64 7.84 8.05 8.27 8.50 8.74 8.98 9.24 9.50 9.77 10.05 10.33 10.62 10.92 11.23 11.55 11.90 12.30 12.73 13.20 13.68 14.16 14.66 15.16 15.65 16.09 16.49 16.84 17.14 17.39 17.60 17.75 17.86 17.93 17.95 17.93 17.86 17.75 17.60 17.40 17.16 16.85 16.41 15.84 15.16 14.38 13.61 12.90 12.26 11.68 11.14 10.59 10.05 9.50 8.95 8.41 7.89 7.38 6.89 6.43 6.00 5.60 5.23 4.91 4.64 4.41 4.23 4.05 3.83 3.55 3.23 2.90 2.61 2.40 2.24 2.14
6.11 6.76 7.28 7.67 7.95 8.12 8.27 8.43 8.60 8.78 8.96 9.15 9.35 9.56 9.77 10.00 10.22 10.46 10.70 10.94 11.20 11.51 11.85 12.24 12.67 13.13 13.61 14.09 14.58 15.07 15.57 16.06 16.50 16.88 17.22 17.49 17.72 17.90 18.02 18.10 18.12 18.10 18.02 17.90 17.73 17.51 17.21 16.78 16.23 15.54 14.74 13.85 12.98 12.16 11.42 10.75 10.15 9.60 9.06 8.53 8.01 7.50 7.01 6.55 6.12 5.72 5.35 5.03 4.75 4.52 4.35 4.22 4.10 3.93 3.72 3.46 3.15 2.84 2.57 2.37 2.23 2.14
6.47 7.20 7.79 8.26 8.61 8.84 8.97 9.08 9.20 9.32 9.45 9.58 9.73 9.88 10.03 10.19 10.36 10.54 10.71 10.91 11.15 11.44 11.78 12.16 12.58 13.04 13.51 13.99 14.47 14.96 15.45 15.94 16.42 16.85 17.22 17.53 17.79 17.99 18.13 18.22 18.25 18.23 18.16 18.03 17.85 17.58 17.18 16.64 15.98 15.20 14.30 13.31 12.34 11.43 10.61 9.85 9.18 8.60 8.06 7.55 7.06 6.59 6.15 5.75 5.37 5.04 4.75 4.52 4.33 4.20 4.13 4.05 3.94 3.78 3.58 3.33 3.05 2.75 2.50 2.31 2.19 2.11
6.84 7.63 8.29 8.82 9.23 9.52 9.69 9.77 9.82 9.88 9.95 10.02 10.09 10.18 10.27 10.36 10.46 10.56 10.68 10.85 11.08 11.36 11.69 12.06 12.47 12.92 13.39 13.86 14.33 14.81 15.29 15.78 16.26 16.73 17.14 17.50 17.79 18.02 18.18 18.29 18.34 18.33 18.26 18.13 17.91 17.55 17.06 16.43 15.68 14.81 13.82 12.74 11.69 10.72 9.82 9.00 8.26 7.62 7.07 6.58 6.13 5.71 5.32 4.97 4.67 4.42 4.21 4.07 3.98 3.95 3.93 3.86 3.75 3.60 3.41 3.18 2.92 2.64 2.41 2.24 2.12 2.06
7.22 8.06 8.77 9.35 9.80 10.14 10.35 10.45 10.47 10.45 10.44 10.44 10.44 10.45 10.46 10.47 10.49 10.53 10.63 10.78 10.99 11.26 11.57 11.93 12.34 12.78 13.24 13.70 14.17 14.64 15.11 15.58 16.06 16.53 16.98 17.38 17.71 17.97 18.17 18.31 18.37 18.38 18.32 18.16 17.86 17.43 16.85 16.15 15.32 14.37 13.31 12.17 11.05 10.01 9.05 8.18 7.40 6.71 6.13 5.64 5.22 4.85 4.53 4.25 4.02 3.85 3.74 3.69 3.71 3.73 3.71 3.65 3.54 3.40 3.23 3.01 2.76 2.50 2.29 2.14 2.04 1.99
7.59 8.47 9.22 9.83 10.32 10.69 10.93 11.07 11.09 11.02 10.93 10.84 10.76 10.68 10.60 10.53 10.48 10.49 10.56 10.69 10.89 11.14 11.44 11.79 12.18 12.62 13.07 13.52 13.98 14.44 14.90 15.36 15.82 16.28 16.74 17.18 17.55 17.86 18.09 18.26 18.35 18.38 18.30 18.08 17.71 17.20 16.56 15.79 14.90 13.90 12.78 11.58 10.41 9.32 8.32 7.41 6.60 5.88 5.27 4.76 4.36 4.05 3.79 3.59 3.44 3.36 3.35 3.40 3.46 3.48 3.47 3.41 3.32 3.19 3.02 2.82 2.59 2.35 2.16 2.03 1.94 1.91
7.95 8.86 9.63 10.27 10.78 11.17 11.43 11.58 11.62 11.55 11.40 11.21 11.04 10.86 10.69 10.54 10.45 10.43 10.48 10.60 10.78 11.01 11.30 11.63 12.01 12.44 12.88 13.33 13.77 14.22 14.67 15.12 15.56 16.01 16.45 16.89 17.31 17.66 17.93 18.14 18.26 18.28 18.15 17.87 17.45 16.89 16.20 15.38 14.44 13.39 12.23 10.98 9.78 8.66 7.63 6.69 5.86 5.12 4.50 3.98 3.58 3.30 3.11 3.00 2.94 2.96 3.05 3.14 3.21 3.23 3.21 3.16 3.08 2.96 2.81 2.62 2.41 2.19 2.02 1.90 1.83 1.81
8.30 9.23 10.01 10.66 11.18 11.57 11.84 11.99 12.04 11.97 11.80 11.54 11.26 10.98 10.72 10.53 10.41 10.37 10.40 10.50 10.65 10.87 11.14 11.46 11.83 12.25 12.68 13.11 13.55 13.98 14.42 14.85 15.28 15.71 16.14 16.56 16.98 17.37 17.69 17.93 18.06 18.04 17.87 17.55 17.08 16.48 15.75 14.90 13.93 12.84 11.65 10.38 9.15 8.01 6.97 6.02 5.18 4.45 3.82 3.32 2.93 2.66 2.53 2.49 2.54 2.66 2.79 2.88 2.94 2.96 2.95 2.90 2.83 2.72 2.58 2.41 2.22 2.02 1.87 1.77 1.72 1.71
8.64 9.56 10.35 10.99 11.51 11.89 12.16 12.30 12.33 12.25 12.07 11.78 11.41 11.04 10.74 10.52 10.38 10.31 10.32 10.39 10.52 10.72 10.98 11.28 11.64 12.04 12.46 12.88 13.31 13.73 14.15 14.57 14.98 15.39 15.80 16.21 16.60 17.00 17.36 17.61 17.72 17.66 17.46 17.11 16.62 15.99 15.24 14.36 13.37 12.27 11.06 9.78 8.54 7.39 6.35 5.41 4.57 3.85 3.25 2.76 2.40 2.16 2.06 2.10 2.23 2.39 2.52 2.61 2.67 2.69 2.68 2.64 2.57 2.47 2.35 2.20 2.03 1.85 1.72 1.63 1.60 1.61
8.96 9.87 10.64 11.27 11.76 12.13 12.38 12.50 12.51 12.40 12.19 11.88 11.49 11.10 10.76 10.51 10.34 10.25 10.23 10.28 10.39 10.57 10.81 11.10 11.44 11.83 12.24 12.64 13.05 13.46 13.86 14.26 14.66 15.06 15.45 15.83 16.21 16.58 16.91 17.13 17.22 17.14 16.92 16.55 16.05 15.41 14.65 13.77 12.77 11.67 10.46 9.18 7.94 6.80 5.77 4.85 4.04 3.34 2.77 2.32 2.00 1.81 1.75 1.83 1.98 2.13 2.25 2.34 2.39 2.41 2.41 2.37 2.31 2.23 2.12 1.99 1.83 1.68 1.57 1.50 1.48 1.50
9.25 10.13 10.88 11.48 11.95 12.28 12.49 12.58 12.56 12.41 12.16 11.84 11.49 11.13 10.79 10.51 10.31 10.19 10.14 10.17 10.26 10.42 10.64 10.91 11.24 11.61 12.00 12.40 12.79 13.18 13.57 13.95 14.33 14.70 15.07 15.44 15.79 16.10 16.34 16.50 16.56 16.49 16.26 15.89 15.39 14.76 14.00 13.12 12.13 11.04 9.84 8.58 7.36 6.25 5.24 4.35 3.58 2.92 2.39 1.99 1.72 1.59 1.59 1.67 1.76 1.87 1.98 2.06 2.11 2.14 2.14 2.11 2.06 1.98 1.89 1.77 1.64 1.51 1.42 1.37 1.37 1.41
9.51 10.36 11.06 11.62 12.05 12.34 12.50 12.55 12.47 12.28 12.01 11.71 11.41 11.11 10.80 10.52 10.29 10.14 10.06 10.06 10.13 10.27 10.46 10.72 11.03 11.39 11.76 12.14 12.52 12.89 13.26 13.62 13.98 14.34 14.69 15.02 15.32 15.55 15.70 15.77 15.78 15.69 15.48 15.12 14.64 14.02 13.28 12.43 11.46 10.39 9.22 7.98 6.80 5.72 4.76 3.92 3.19 2.59 2.12 1.79 1.59 1.52 1.52 1.55 1.59 1.64 1.72 1.79 1.84 1.87 1.87 1.85 1.81 1.75 1.67 1.57 1.46 1.35 1.28 1.25 1.27 1.32
9.74 10.54 11.18 11.69 12.06 12.30 12.40 12.39 12.25 12.02 11.77 11.52 11.27 11.01 10.76 10.51 10.27 10.09 9.99 9.96 10.01 10.12 10.29 10.53 10.82 11.16 11.52 11.88 12.24 12.60 12.95 13.29 13.63 13.96 14.28 14.57 14.78 14.92 14.98 14.98 14.91 14.78 14.58 14.25 13.79 13.21 12.50 11.68 10.76 9.72 8.60 7.40 6.26 5.24 4.33 3.55 2.89 2.36 1.96 1.70 1.58 1.52 1.48 1.46 1.45 1.46 1.49 1.53 1.58 1.61 1.61 1.60 1.57 1.52 1.46 1.38 1.29 1.20 1.15 1.15 1.18 1.25
9.93 10.66 11.24 11.68 11.99 12.15 12.19 12.10 11.92 11.71 11.50 11.29 11.08 10.87 10.66 10.45 10.24 10.06 9.93 9.87 9.89 9.98 10.13 10.34 10.62 10.94 11.28 11.63 11.97 12.30 12.63 12.95 13.27 13.58 13.85 14.04 14.17 14.22 14.21 14.13 14.00 13.82 13.58 13.28 12.87 12.33 11.67 10.90 10.02 9.04 7.97 6.83 5.75 4.80 3.96 3.25 2.67 2.22 1.91 1.74 1.63 1.54 1.46 1.40 1.35 1.32 1.31 1.31 1.33 1.36 1.37 1.36 1.34 1.31 1.26 1.20 1.13 1.07 1.04 1.06 1.11 1.19
10.08 10.73 11.24 11.60 11.82 11.90 11.85 11.71 11.54 11.37 11.19 11.02 10.84 10.67 10.50 10.34 10.17 10.01 9.87 9.79 9.78 9.84 9.97 10.16 10.42 10.72 11.05 11.37 11.69 12.00 12.31 12.61 12.90 13.16 13.34 13.45 13.49 13.47 13.38 13.25 13.06 12.82 12.54 12.23 11.85 11.37 10.78 10.07 9.26 8.35 7.34 6.28 5.28 4.40 3.64 3.02 2.53 2.18 1.97 1.82 1.69 1.57 1.46 1.36 1.28 1.21 1.17 1.14 1.12 1.13 1.15 1.15 1.14 1.12 1.09 1.05 1.00 0.96 0.95 0.99 1.06 1.16
10.18 10.74 11.15 11.42 11.55 11.54 11.42 11.29 11.14 11.00 10.86 10.72 10.58 10.44 10.31 10.18 10.05 9.93 9.82 9.73 9.69 9.72 9.83 9.99 10.22 10.51 10.82 11.12 11.42 11.71 11.99 12.27 12.51 12.67 12.77 12.80 12.77 12.68 12.53 12.33 12.09 11.81 11.50 11.15 10.78 10.35 9.83 9.20 8.47 7.64 6.72 5.74 4.83 4.04 3.39 2.87 2.49 2.24 2.06 1.90 1.74 1.59 1.46 1.34 1.23 1.14 1.06 1.00 0.96 0.95 0.95 0.95 0.96 0.95 0.93 0.91 0.89 0.87 0.89 0.95 1.03 1.15
10.22 10.68 10.99 11.16 11.17 11.09 10.98 10.86 10.75 10.63 10.51 10.40 10.29 10.18 10.08 9.98 9.89 9.80 9.72 9.66 9.61 9.62 9.69 9.84 10.04 10.31 10.59 10.88 11.15 11.42 11.68 11.90 12.05 12.14 12.15 12.11 12.01 11.86 11.65 11.41 11.13 10.81 10.46 10.09 9.70 9.29 8.84 8.30 7.66 6.93 6.11 5.23 4.42 3.74 3.20 2.80 2.53 2.32 2.13 1.95 1.78 1.61 1.46 1.32 1.20 1.08 0.99 0.91 0.85 0.81 0.79 0.79 0.80 0.81 0.81 0.81 0.81 0.82 0.86 0.93 1.04 1.18
10.21 10.56 10.75 10.80 10.73 10.64 10.54 10.45 10.35 10.26 10.16 10.07 9.99 9.91 9.83 9.76 9.69 9.64 9.59 9.56 9.53 9.53 9.58 9.69 9.88 10.12 10.38 10.64 10.89 11.13 11.34 11.48 11.55 11.55 11.50 11.39 11.23 11.02 10.77 10.49 10.17 9.82 9.45 9.06 8.65 8.24 7.82 7.37 6.84 6.22 5.50 4.74 4.05 3.49 3.08 2.79 2.58 2.37 2.17 1.98 1.80 1.62 1.46 1.31 1.17 1.05 0.94 0.85 0.77 0.72 0.68 0.67 0.68 0.70 0.72 0.74 0.76 0.79 0.86 0.95 1.08 1.24
10.14 10.36 10.42 10.37 10.30 10.22 10.13 10.05 9.97 9.90 9.82 9.75 9.68 9.62 9.57 9.52 9.48 9.45 9.43 9.42 9.42 9.44 9.48 9.57 9.73 9.95 10.19 10.42 10.64 10.83 10.96 11.01 11.01 10.94 10.82 10.65 10.44 10.19 9.90 9.57 9.23 8.86 8.47 8.07 7.66 7.25 6.84 6.43 6.00 5.50 4.91 4.27 3.72 3.30 3.01 2.79 2.58 2.37 2.17 1.98 1.79 1.62 1.45 1.29 1.15 1.02 0.91 0.81 0.73 0.67 0.62 0.60 0.60 0.62 0.66 0.70 0.75 0.80 0.89 1.01 1.17 1.36
10.00 10.08 10.04 9.97 9.90 9.83 9.76 9.69 9.62 9.55 9.49 9.44 9.38 9.34 9.30 9.27 9.26 9.25 9.25 9.26 9.29 9.33 9.38 9.46 9.60 9.79 10.01 10.21 10.39 10.49 10.54 10.52 10.44 10.31 10.13 9.91 9.65 9.36 9.04 8.69 8.32 7.93 7.53 7.13 6.72 6.32 5.92 5.54 5.17 4.79 4.34 3.84 3.43 3.15 2.94 2.73 2.53 2.32 2.13 1.94 1.76 1.59 1.42 1.27 1.13 1.00 0.89 0.79 0.71 0.65 0.60 0.58 0.58 0.60 0.64 0.70 0.77 0.86 0.97 1.12 1.31 1.55
9.79 9.76 9.69 9.63 9.56 9.49 9.42 9.36 9.30 9.24 9.19 9.14 9.10 9.07 9.05 9.03 9.03 9.04 9.06 9.09 9.14 9.20 9.27 9.37 9.49 9.65 9.84 10.00 10.09 10.12 10.09 10.00 9.86 9.67 9.45 9.18 8.88 8.56 8.21 7.84 7.45 7.06 6.66 6.26 5.86 5.48 5.10 4.74 4.41 4.10 3.79 3.45 3.18 2.98 2.79 2.59 2.40 2.22 2.03 1.86 1.69 1.52 1.37 1.23 1.10 0.98 0.87 0.78 0.71 0.66 0.62 0.60 0.60 0.63 0.68 0.75 0.85 0.95 1.10 1.28 1.52 1.79
9.55 9.49 9.42 9.35 9.28 9.21 9.14 9.08 9.02 8.97 8.92 8.88 8.85 8.82 8.81 8.81 8.81 8.83 8.86 8.91 8.97 9.05 9.14 9.26 9.39 9.54 9.68 9.75 9.77 9.72 9.62 9.47 9.28 9.04 8.77 8.47 8.14 7.79 7.42 7.04 6.65 6.25 5.86 5.47 5.09 4.73 4.38 4.06 3.76 3.50 3.27 3.07 2.90 2.73 2.55 2.38 2.21 2.04 1.88 1.72 1.57 1.43 1.29 1.17 1.05 0.95 0.86 0.79 0.73 0.68 0.66 0.66 0.67 0.71 0.77 0.86 0.97 1.10 1.29 1.51 1.79 2.10
9.34 9.26 9.19 9.11 9.04 8.97 8.90 8.83 8.77 8.72 8.68 8.64 8.61 8.59 8.58 8.58 8.60 8.63 8.67 8.73 8.80 8.89 9.00 9.13 9.27 9.45 9.54 9.54 9.48 9.37 9.20 9.00 8.75 8.47 8.16 7.83 7.48 7.10 6.72 6.33 5.94 5.55 5.16 4.79 4.43 4.10 3.78 3.50 3.25 3.04 2.87 2.72 2.58 2.43 2.28 2.14 1.99 1.85 1.71 1.58 1.45 1.33 1.21 1.11 1.02 0.93 0.87 0.81 0.77 0.75 0.74 0.76 0.79 0.85 0.92 1.02 1.13 1.25 1.47 1.73 2.04 2.38
9.13 9.04 8.96 8.87 8.79 8.72 8.64 8.58 8.52 8.46 8.42 8.38 8.36 8.34 8.34 8.34 8.37 8.40 8.45 8.52 8.61 8.71 8.83 8.97 9.15 9.37 9.50 9.45 9.32 9.14 8.92 8.66 8.36 8.04 7.69 7.33 6.95 6.56 6.16 5.76 5.37 4.99 4.61 4.26 3.92 3.62 3.34 3.10 2.90 2.74 2.60 2.45 2.32 2.20 2.08 1.96 1.84 1.72 1.61 1.50 1.39 1.29 1.20 1.12 1.05 0.98 0.94 0.90 0.88 0.88 0.89 0.92 0.97 1.04 1.14 1.24 1.29 1.32 1.50 1.80 2.14 2.51
8.91 8.81 8.72 8.63 8.54 8.46 8.38 8.31 8.25 8.19 8.15 8.11 8.09 8.07 8.07 8.09 8.11 8.16 8.22 8.29 8.39 8.50 8.64 8.81 9.03 9.30 9.47 9.47 9.30 9.05 8.77 8.46 8.11 7.75 7.36 6.97 6.56 6.15 5.75 5.34 4.95 4.57 4.21 3.87 3.56 3.28 3.04 2.84 2.68 2.55 2.42 2.28 2.16 2.05 1.95 1.85 1.76 1.66 1.57 1.49 1.40 1.33 1.26 1.19 1.14 1.10 1.07 1.06 1.06 1.07 1.10 1.15 1.22 1.30 1.40 1.44 1.41 1.36 1.46 1.72 2.08 2.48
8.68 8.57 8.47 8.37 8.28 8.19 8.11 8.03 7.97 7.91 7.86 7.83 7.80 7.79 7.80 7.81 7.85 7.90 7.96 8.05 8.15 8.28 8.44 8.65 8.92 9.23 9.46 9.50 9.37 9.10 8.75 8.38 7.99 7.59 7.17 6.74 6.31 5.88 5.46 5.05 4.66 4.29 3.94 3.62 3.33 3.08 2.88 2.72 2.58 2.45 2.33 2.20 2.08 1.98 1.89 1.82 1.74 1.67 1.61 1.54 1.48 1.42 1.37 1.33 1.30 1.28 1.27 1.27 1.29 1.32 1.37 1.43 1.51 1.60 1.64 1.60 1.50 1.38 1.40 1.58 1.91 2.33
