data_processed/recharge/precip/Precip_1992_08.asc
ncols        168
nrows        136
xllcorner    455000
yllcorner    2107000
cellsize     500
NODATA_value     -99999
[rows 0 to 31 of 136, columns 71 to 141 of 168]
115.17 114.52 113.89 113.28 112.68 112.10 111.53 110.97 110.42 109.87 109.33 108.80 108.26 107.72 107.18 106.63 106.07 105.50 104.93 104.33 103.72 103.10 102.45 101.78 101.09 100.37 99.62 98.84 98.03 97.18 96.30 95.38 94.42 93.42 92.37 91.28 90.13 88.94 87.69 86.42 85.16 83.93 82.70 81.48 80.23 78.81 77.17 75.29 73.21 70.93 68.46 65.81 62.99 60.03 56.92 53.68 50.32 46.86 43.31 39.67 35.97 32.20 28.39 24.54 20.67 16.79 12.92 9.05 5.21 1.40 0.00
113.28 112.61 111.96 111.33 110.73 110.13 109.56 109.00 108.45 107.91 107.38 106.85 106.33 105.81 105.29 104.76 104.23 103.70 103.15 102.60 102.03 101.45 100.85 100.23 99.59 98.93 98.24 97.53 96.78 96.01 95.20 94.36 93.48 92.56 91.59 90.59 89.54 88.44 87.30 86.10 84.87 83.67 82.47 81.24 79.85 78.22 76.37 74.29 72.01 69.54 66.89 64.06 61.08 57.95 54.69 51.31 47.81 44.22 40.54 36.79 32.97 29.10 25.19 21.26 17.31 13.35 9.41 5.48 1.59 0.00 0.00
111.27 110.57 109.91 109.27 108.65 108.05 107.47 106.91 106.37 105.83 105.31 104.80 104.29 103.79 103.29 102.79 102.29 101.79 101.28 100.77 100.24 99.70 99.15 98.59 98.00 97.40 96.77 96.12 95.45 94.75 94.01 93.25 92.45 91.62 90.74 89.83 88.87 87.87 86.83 85.74 84.59 83.42 82.22 80.85 79.25 77.40 75.34 73.07 70.59 67.94 65.10 62.11 58.96 55.68 52.27 48.74 45.11 41.39 37.59 33.72 29.80 25.83 21.83 17.81 13.78 9.75 5.74 1.76 0.00 0.00 0.00
109.15 108.44 107.76 107.10 106.48 105.88 105.30 104.74 104.19 103.67 103.16 102.66 102.17 101.69 101.21 100.74 100.27 99.81 99.33 98.86 98.38 97.89 97.39 96.87 96.35 95.80 95.24 94.66 94.05 93.42 92.77 92.08 91.37 90.62 89.83 89.01 88.16 87.26 86.31 85.32 84.29 83.20 81.89 80.31 78.48 76.43 74.16 71.69 69.03 66.19 63.18 60.02 56.71 53.28 49.72 46.05 42.29 38.45 34.53 30.55 26.52 22.46 18.37 14.27 10.16 6.07 2.00 0.00 0.00 0.00 0.00
107.11 106.38 105.68 105.02 104.38 103.77 103.19 102.63 102.10 101.58 101.08 100.59 100.12 99.66 99.21 98.76 98.32 97.89 97.45 97.02 96.58 96.14 95.69 95.23 94.76 94.27 93.77 93.26 92.72 92.16 91.58 90.98 90.34 89.68 88.99 88.26 87.50 86.69 85.85 84.97 84.05 83.07 81.78 80.03 77.99 75.73 73.26 70.60 67.75 64.73 61.55 58.23 54.76 51.17 47.47 43.67 39.78 35.82 31.78 27.70 23.57 19.41 15.24 11.06 6.88 2.73 0.00 0.00 0.00 0.00 0.00
105.23 104.48 103.77 103.09 102.44 101.83 101.24 100.68 100.15 99.63 99.14 98.67 98.21 97.77 97.34 96.92 96.51 96.11 95.71 95.31 94.92 94.52 94.12 93.71 93.29 92.87 92.43 91.98 91.51 91.02 90.52 89.99 89.44 88.86 88.25 87.62 86.95 86.24 85.50 84.73 83.92 83.07 81.90 80.17 77.97 75.51 72.84 69.99 66.96 63.76 60.41 56.93 53.31 49.57 45.73 41.80 37.78 33.69 29.55 25.36 21.13 16.89 12.63 8.37 4.13 0.00 0.00 0.00 0.00 0.00 0.00
103.52 102.74 102.01 101.32 100.66 100.03 99.44 98.88 98.35 97.84 97.36 96.89 96.45 96.03 95.62 95.22 94.84 94.47 94.10 93.74 93.39 93.03 92.68 92.32 91.96 91.59 91.21 90.82 90.42 90.00 89.57 89.12 88.65 88.15 87.63 87.08 86.51 85.90 85.26 84.60 83.91 83.18 82.14 80.54 78.36 75.75 72.89 69.85 66.64 63.27 59.76 56.11 52.34 48.46 44.48 40.41 36.27 32.07 27.82 23.53 19.21 14.87 10.53 6.20 1.89 0.00 0.00 0.00 0.00 0.00 0.00
101.96 101.16 100.41 99.70 99.03 98.39 97.79 97.23 96.69 96.19 95.71 95.26 94.83 94.42 94.03 93.66 93.30 92.96 92.63 92.30 91.99 91.67 91.36 91.05 90.74 90.43 90.11 89.78 89.45 89.10 88.74 88.36 87.97 87.55 87.12 86.66 86.17 85.66 85.13 84.59 84.02 83.40 82.49 81.01 78.97 76.39 73.39 70.17 66.78 63.24 59.56 55.76 51.84 47.82 43.70 39.51 35.25 30.93 26.57 22.18 17.77 13.35 8.93 4.53 0.16 0.00 0.00 0.00 0.00 0.00 0.00
100.56 99.74 98.96 98.23 97.55 96.90 96.29 95.72 95.19 94.68 94.21 93.77 93.35 92.96 92.58 92.23 91.90 91.59 91.28 90.99 90.71 90.44 90.18 89.91 89.65 89.39 89.13 88.87 88.59 88.31 88.02 87.72 87.40 87.07 86.71 86.34 85.95 85.54 85.13 84.69 84.24 83.74 82.94 81.59 79.69 77.25 74.29 70.93 67.36 63.66 59.82 55.86 51.79 47.63 43.39 39.07 34.69 30.26 25.80 21.31 16.81 12.31 7.82 3.35 0.00 0.00 0.00 0.00 0.00 0.00 0.00
99.31 98.46 97.67 96.92 96.22 95.56 94.94 94.36 93.82 93.32 92.85 92.41 92.01 91.63 91.27 90.94 90.63 90.34 90.07 89.81 89.57 89.33 89.11 88.90 88.68 88.48 88.27 88.06 87.85 87.64 87.42 87.19 86.94 86.69 86.42 86.13 85.84 85.54 85.24 84.91 84.57 84.18 83.49 82.27 80.49 78.19 75.38 72.07 68.38 64.51 60.51 56.40 52.19 47.89 43.52 39.08 34.58 30.05 25.49 20.90 16.32 11.73 7.17 2.64 0.00 0.00 0.00 0.00 0.00 0.00 0.00
98.22 97.34 96.52 95.75 95.03 94.36 93.73 93.14 92.60 92.10 91.63 91.20 90.80 90.43 90.09 89.78 89.49 89.22 88.98 88.75 88.54 88.35 88.17 88.00 87.83 87.68 87.53 87.38 87.23 87.08 86.92 86.76 86.59 86.41 86.23 86.04 85.85 85.66 85.46 85.24 85.00 84.72 84.14 83.04 81.39 79.23 76.56 73.40 69.77 65.78 61.63 57.37 53.02 48.59 44.08 39.52 34.92 30.28 25.61 20.94 16.27 11.61 6.98 2.38 0.00 0.00 0.00 0.00 0.00 0.00 0.00
97.27 96.37 95.52 94.73 93.99 93.30 92.66 92.07 91.52 91.01 90.54 90.12 89.72 89.36 89.04 88.74 88.48 88.23 88.02 87.82 87.64 87.49 87.34 87.22 87.10 86.99 86.89 86.80 86.71 86.62 86.53 86.44 86.35 86.25 86.15 86.07 85.98 85.89 85.79 85.68 85.54 85.36 84.89 83.90 82.38 80.35 77.82 74.81 71.33 67.41 63.15 58.75 54.26 49.69 45.07 40.39 35.67 30.93 26.17 21.41 16.66 11.92 7.22 2.57 0.00 0.00 0.00 0.00 0.00 0.00 0.00
96.48 95.54 94.67 93.85 93.09 92.39 91.73 91.13 90.57 90.06 89.59 89.17 88.78 88.43 88.12 87.84 87.59 87.37 87.18 87.01 86.87 86.74 86.64 86.55 86.48 86.42 86.37 86.34 86.30 86.28 86.25 86.23 86.21 86.20 86.20 86.21 86.22 86.23 86.23 86.21 86.17 86.09 85.73 84.85 83.45 81.55 79.16 76.29 72.97 69.21 65.02 60.52 55.89 51.20 46.45 41.66 36.84 31.99 27.14 22.29 17.46 12.66 7.89 3.18 0.00 0.00 0.00 0.00 0.00 0.00 0.00
95.83 94.86 93.96 93.12 92.34 91.61 90.94 90.33 89.76 89.24 88.77 88.35 87.97 87.63 87.32 87.06 86.82 86.63 86.46 86.32 86.20 86.11 86.05 86.00 85.97 85.96 85.96 85.98 86.00 86.04 86.08 86.12 86.19 86.27 86.37 86.47 86.58 86.68 86.77 86.85 86.91 86.92 86.66 85.89 84.61 82.83 80.57 77.85 74.68 71.07 67.05 62.63 57.91 53.09 48.23 43.32 38.40 33.46 28.51 23.58 18.68 13.80 8.98 4.21 0.00 0.00 0.00 0.00 0.00 0.00 0.00
95.32 94.33 93.39 92.53 91.72 90.98 90.29 89.66 89.08 88.56 88.09 87.66 87.28 86.95 86.65 86.40 86.18 86.00 85.86 85.74 85.66 85.60 85.57 85.56 85.58 85.61 85.66 85.73 85.81 85.90 86.00 86.13 86.28 86.46 86.64 86.84 87.04 87.23 87.41 87.58 87.73 87.84 87.67 87.01 85.84 84.18 82.06 79.47 76.45 73.00 69.14 64.89 60.26 55.36 50.38 45.37 40.34 35.30 30.27 25.26 20.28 15.34 10.45 5.63 0.89 0.00 0.00 0.00 0.00 0.00 0.00
94.96 93.93 92.97 92.07 91.24 90.47 89.77 89.12 88.54 88.01 87.53 87.10 86.72 86.39 86.10 85.86 85.66 85.50 85.37 85.28 85.23 85.20 85.20 85.23 85.29 85.37 85.47 85.58 85.72 85.87 86.05 86.26 86.50 86.76 87.03 87.31 87.60 87.88 88.15 88.41 88.64 88.84 88.77 88.20 87.14 85.61 83.61 81.16 78.28 74.99 71.29 67.20 62.75 57.94 52.89 47.77 42.64 37.51 32.40 27.31 22.26 17.26 12.31 7.45 2.66 0.00 0.00 0.00 0.00 0.00 0.00
94.74 93.67 92.68 91.75 90.90 90.11 89.38 88.72 88.12 87.58 87.09 86.66 86.28 85.96 85.68 85.45 85.26 85.11 85.01 84.94 84.91 84.91 84.95 85.01 85.11 85.23 85.37 85.54 85.73 85.95 86.22 86.51 86.83 87.17 87.53 87.89 88.26 88.63 88.98 89.32 89.64 89.92 89.94 89.47 88.52 87.10 85.22 82.91 80.17 77.02 73.49 69.57 65.29 60.66 55.70 50.52 45.30 40.08 34.88 29.72 24.60 19.54 14.54 9.63 4.80 0.08 0.00 0.00 0.00 0.00 0.00
94.66 93.55 92.52 91.57 90.68 89.87 89.13 88.45 87.83 87.28 86.78 86.35 85.97 85.64 85.37 85.15 84.97 84.84 84.75 84.71 84.70 84.73 84.80 84.90 85.03 85.19 85.38 85.60 85.86 86.16 86.50 86.87 87.27 87.69 88.13 88.58 89.02 89.47 89.90 90.33 90.73 91.09 91.19 90.82 89.97 88.66 86.90 84.71 82.11 79.11 75.73 71.97 67.86 63.42 58.64 53.57 48.29 42.99 37.71 32.48 27.29 22.17 17.12 12.16 7.30 2.55 0.00 0.00 0.00 0.00 0.00
94.71 93.57 92.50 91.52 90.60 89.76 89.00 88.30 87.67 87.10 86.60 86.16 85.77 85.45 85.18 84.96 84.80 84.68 84.61 84.58 84.60 84.66 84.76 84.89 85.06 85.26 85.49 85.78 86.11 86.48 86.90 87.35 87.82 88.32 88.83 89.35 89.88 90.40 90.91 91.41 91.89 92.33 92.51 92.23 91.48 90.27 88.63 86.57 84.11 81.25 78.01 74.42 70.48 66.21 61.62 56.73 51.56 46.22 40.87 35.56 30.31 25.14 20.04 15.04 10.15 5.37 0.72 0.00 0.00 0.00 0.00
94.90 93.72 92.62 91.59 90.65 89.78 88.99 88.27 87.63 87.05 86.53 86.08 85.70 85.37 85.10 84.89 84.73 84.63 84.57 84.57 84.61 84.69 84.82 84.98 85.18 85.43 85.72 86.08 86.48 86.93 87.41 87.93 88.48 89.05 89.63 90.22 90.82 91.42 92.00 92.57 93.12 93.64 93.90 93.70 93.05 91.95 90.42 88.48 86.15 83.43 80.34 76.90 73.12 69.02 64.62 59.92 54.95 49.72 44.33 38.96 33.66 28.43 23.29 18.25 13.32 8.52 3.86 0.00 0.00 0.00 0.00
95.23 94.00 92.86 91.80 90.83 89.93 89.11 88.37 87.71 87.11 86.59 86.13 85.74 85.41 85.14 84.93 84.78 84.69 84.65 84.66 84.72 84.82 84.98 85.17 85.41 85.71 86.08 86.49 86.96 87.48 88.03 88.62 89.24 89.87 90.53 91.19 91.85 92.52 93.17 93.81 94.43 95.02 95.35 95.24 94.68 93.68 92.26 90.44 88.23 85.64 82.70 79.41 75.80 71.87 67.64 63.13 58.35 53.32 48.06 42.67 37.30 32.02 26.84 21.76 16.81 11.99 7.31 2.79 0.00 0.00 0.00
95.68 94.41 93.23 92.13 91.13 90.20 89.36 88.59 87.91 87.29 86.75 86.29 85.89 85.55 85.29 85.08 84.94 84.85 84.83 84.85 84.93 85.06 85.24 85.47 85.76 86.12 86.55 87.03 87.56 88.14 88.76 89.41 90.09 90.79 91.51 92.24 92.97 93.70 94.42 95.13 95.81 96.46 96.87 96.84 96.36 95.46 94.15 92.44 90.35 87.90 85.10 81.96 78.50 74.74 70.68 66.36 61.77 56.94 51.88 46.62 41.24 35.91 30.69 25.58 20.60 15.76 11.07 6.54 2.19 0.00 0.00
96.26 94.95 93.72 92.59 91.55 90.59 89.72 88.93 88.22 87.59 87.04 86.56 86.15 85.81 85.54 85.34 85.20 85.12 85.11 85.15 85.24 85.39 85.60 85.88 86.23 86.65 87.13 87.68 88.27 88.91 89.59 90.30 91.04 91.80 92.58 93.37 94.16 94.95 95.74 96.51 97.26 97.97 98.45 98.49 98.10 97.29 96.08 94.48 92.51 90.19 87.52 84.53 81.22 77.62 73.74 69.59 65.20 60.56 55.71 50.65 45.41 40.08 34.82 29.68 24.68 19.82 15.12 10.59 6.25 2.10 0.00
96.97 95.61 94.34 93.17 92.09 91.11 90.20 89.39 88.66 88.01 87.44 86.94 86.52 86.18 85.91 85.70 85.57 85.50 85.49 85.54 85.66 85.83 86.08 86.41 86.82 87.29 87.83 88.43 89.08 89.78 90.51 91.28 92.08 92.90 93.74 94.58 95.43 96.28 97.13 97.96 98.76 99.54 100.08 100.19 99.88 99.16 98.05 96.56 94.71 92.51 89.97 87.12 83.97 80.52 76.81 72.84 68.63 64.19 59.54 54.69 49.66 44.47 39.21 34.05 29.02 24.15 19.45 14.92 10.58 6.45 2.52
97.80 96.39 95.09 93.87 92.76 91.73 90.80 89.96 89.20 88.53 87.94 87.43 87.01 86.65 86.38 86.17 86.04 85.97 85.97 86.04 86.17 86.38 86.68 87.07 87.52 88.05 88.65 89.30 90.00 90.75 91.54 92.36 93.21 94.08 94.97 95.87 96.78 97.68 98.58 99.47 100.33 101.16 101.76 101.94 101.71 101.08 100.06 98.67 96.93 94.85 92.45 89.73 86.72 83.44 79.89 76.09 72.06 67.81 63.35 58.71 53.90 48.93 43.82 38.67 33.63 28.75 24.04 19.52 15.19 11.07 7.17
98.76 97.30 95.95 94.69 93.54 92.48 91.51 90.64 89.86 89.17 88.56 88.03 87.59 87.23 86.95 86.74 86.60 86.54 86.55 86.63 86.80 87.06 87.41 87.84 88.34 88.92 89.56 90.26 91.01 91.81 92.65 93.52 94.42 95.35 96.29 97.24 98.20 99.15 100.10 101.04 101.95 102.83 103.49 103.74 103.58 103.03 102.10 100.81 99.18 97.22 94.94 92.36 89.49 86.36 82.97 79.34 75.49 71.42 67.16 62.73 58.13 53.38 48.49 43.50 38.48 33.59 28.88 24.36 20.05 15.95 12.08
99.83 98.33 96.93 95.63 94.43 93.34 92.34 91.44 90.63 89.91 89.28 88.74 88.28 87.91 87.62 87.41 87.27 87.21 87.23 87.34 87.55 87.86 88.25 88.72 89.27 89.90 90.58 91.33 92.12 92.97 93.85 94.77 95.72 96.69 97.68 98.68 99.68 100.68 101.68 102.66 103.63 104.56 105.27 105.58 105.49 105.02 104.18 102.99 101.46 99.61 97.45 95.00 92.27 89.29 86.05 82.59 78.91 75.03 70.96 66.73 62.33 57.80 53.14 48.38 43.52 38.66 33.95 29.45 25.15 21.07 17.23
101.03 99.47 98.02 96.68 95.44 94.31 93.27 92.34 91.50 90.76 90.11 89.55 89.07 88.69 88.39 88.17 88.03 87.98 88.02 88.17 88.43 88.77 89.20 89.72 90.31 90.97 91.70 92.49 93.33 94.21 95.14 96.10 97.09 98.10 99.14 100.18 101.23 102.27 103.31 104.34 105.35 106.33 107.08 107.45 107.43 107.03 106.28 105.18 103.75 102.01 99.97 97.65 95.06 92.22 89.14 85.84 82.33 78.62 74.74 70.70 66.52 62.20 57.76 53.23 48.60 43.91 39.25 34.75 30.47 26.42 22.62
102.34 100.73 99.23 97.84 96.56 95.39 94.32 93.35 92.48 91.71 91.04 90.46 89.97 89.57 89.26 89.03 88.90 88.86 88.94 89.13 89.42 89.80 90.27 90.82 91.45 92.15 92.92 93.74 94.62 95.54 96.51 97.51 98.54 99.59 100.66 101.74 102.83 103.92 105.00 106.07 107.12 108.14 108.94 109.36 109.40 109.08 108.40 107.39 106.06 104.43 102.51 100.31 97.85 95.15 92.22 89.07 85.73 82.20 78.51 74.66 70.67 66.56 62.35 58.04 53.65 49.20 44.71 40.26 36.01 31.99 28.21
103.77 102.10 100.55 99.12 97.79 96.58 95.47 94.46 93.56 92.77 92.07 91.46 90.96 90.54 90.22 89.99 89.87 89.87 89.99 90.21 90.53 90.94 91.44 92.03 92.69 93.43 94.23 95.09 96.00 96.96 97.96 98.99 100.06 101.15 102.25 103.37 104.50 105.62 106.74 107.84 108.93 109.99 110.83 111.31 111.41 111.15 110.55 109.63 108.39 106.86 105.04 102.97 100.64 98.07 95.29 92.30 89.12 85.76 82.25 78.59 74.80 70.90 66.89 62.81 58.65 54.45 50.20 45.93 41.74 37.75 34.01
105.31 103.59 101.98 100.50 99.13 97.87 96.72 95.68 94.75 93.92 93.19 92.57 92.04 91.61 91.28 91.07 90.98 91.01 91.15 91.40 91.74 92.19 92.72 93.34 94.03 94.80 95.63 96.51 97.46 98.45 99.48 100.55 101.64 102.77 103.91 105.06 106.21 107.37 108.52 109.66 110.78 111.87 112.76 113.28 113.43 113.24 112.71 111.87 110.73 109.29 107.59 105.62 103.42 100.99 98.35 95.51 92.49 89.30 85.96 82.49 78.89 75.19 71.40 67.54 63.61 59.64 55.64 51.62 47.61 43.69 40.00
106.96 105.18 103.52 101.99 100.57 99.27 98.08 97.00 96.03 95.17 94.42 93.77 93.22 92.78 92.46 92.27 92.20 92.26 92.42 92.70 93.07 93.54 94.10 94.74 95.46 96.25 97.11 98.03 99.00 100.02 101.08 102.17 103.30 104.45 105.61 106.79 107.98 109.17 110.35 111.52 112.67 113.79 114.71 115.27 115.48 115.35 114.89 114.13 113.07 111.73 110.13 108.28 106.20 103.89 101.39 98.70 95.83 92.81 89.65 86.35 82.95 79.45 75.87 72.22 68.52 64.78 61.02 57.26 53.50 49.78 46.16
