data_processed/recharge/precip/Precip_1991_07.asc
ncols        168
nrows        136
xllcorner    455000
yllcorner    2107000
cellsize     500
NODATA_value     -99999
[rows 0 to 31 of 136, columns 0 to 70 of 168]
328.47 328.05 327.46 326.70 325.78 324.69 323.44 322.06 320.66 319.34 318.11 316.94 315.81 314.72 313.66 312.59 311.52 310.42 309.28 308.08 306.82 305.47 304.03 302.47 300.78 298.95 296.97 294.84 292.73 290.68 288.70 286.79 284.96 283.19 281.49 279.87 278.32 276.84 275.44 274.11 272.86 271.68 270.58 269.56 268.62 267.76 266.97 266.18 265.24 264.10 262.76 261.20 259.42 257.40 255.14 252.63 249.85 246.80 243.46 239.83 235.90 231.65 227.07 222.17 216.92 211.32 205.35 199.01 192.28 185.17 177.69
331.90 331.47 330.87 330.11 329.18 328.09 326.84 325.44 323.91 322.36 320.90 319.51 318.19 316.91 315.67 314.44 313.22 311.99 310.73 309.42 308.07 306.64 305.12 303.51 301.78 299.92 297.92 295.79 293.69 291.68 289.76 287.92 286.18 284.52 282.95 281.48 280.09 278.80 277.61 276.50 275.50 274.58 273.77 273.05 272.43 271.90 271.38 270.74 269.92 268.92 267.72 266.32 264.71 262.87 260.80 258.49 255.92 253.09 249.98 246.59 242.91 238.93 234.63 230.01 225.05 219.76 214.11 208.10 201.71 194.95 187.79
335.09 334.65 334.05 333.28 332.35 331.26 330.02 328.62 327.08 325.40 323.72 322.12 320.60 319.13 317.71 316.32 314.95 313.58 312.20 310.79 309.33 307.82 306.24 304.57 302.79 300.90 298.88 296.75 294.67 292.69 290.82 289.06 287.40 285.85 284.41 283.09 281.87 280.77 279.77 278.89 278.13 277.48 276.94 276.52 276.22 275.94 275.56 275.02 274.32 273.44 272.39 271.14 269.68 268.02 266.13 264.00 261.64 259.02 256.14 252.99 249.55 245.82 241.79 237.45 232.79 227.79 222.45 216.76 210.71 204.28 197.47
338.05 337.60 337.00 336.23 335.30 334.21 332.97 331.59 330.05 328.37 326.57 324.76 323.03 321.38 319.78 318.23 316.71 315.20 313.69 312.17 310.62 309.02 307.37 305.64 303.82 301.90 299.86 297.72 295.65 293.71 291.89 290.19 288.63 287.19 285.88 284.70 283.65 282.72 281.94 281.28 280.75 280.36 280.11 279.98 279.91 279.74 279.45 279.01 278.42 277.67 276.74 275.63 274.33 272.83 271.11 269.17 267.01 264.59 261.93 259.00 255.81 252.33 248.56 244.49 240.10 235.40 230.36 224.99 219.26 213.17 206.71
340.77 340.32 339.71 338.94 338.02 336.94 335.71 334.33 332.81 331.14 329.34 327.42 325.50 323.65 321.88 320.16 318.49 316.84 315.21 313.57 311.92 310.24 308.51 306.72 304.86 302.90 300.84 298.70 296.64 294.73 292.96 291.33 289.85 288.52 287.34 286.30 285.41 284.68 284.09 283.65 283.37 283.24 283.26 283.34 283.36 283.27 283.06 282.71 282.22 281.58 280.78 279.81 278.65 277.30 275.75 273.99 272.01 269.80 267.35 264.64 261.68 258.44 254.92 251.11 247.00 242.58 237.84 232.77 227.36 221.60 215.48
343.26 342.81 342.20 341.44 340.52 339.44 338.22 336.86 335.35 333.70 331.92 330.01 327.98 325.95 324.00 322.11 320.28 318.50 316.74 314.99 313.24 311.47 309.67 307.82 305.91 303.92 301.84 299.69 297.64 295.75 294.03 292.47 291.08 289.86 288.80 287.90 287.18 286.62 286.24 286.02 285.97 286.10 286.31 286.47 286.54 286.51 286.37 286.11 285.72 285.18 284.50 283.65 282.63 281.44 280.05 278.46 276.66 274.64 272.38 269.89 267.15 264.15 260.88 257.32 253.48 249.34 244.89 240.12 235.02 229.57 223.78
345.53 345.08 344.47 343.71 342.79 341.73 340.52 339.17 337.68 336.05 334.29 332.40 330.39 328.26 326.14 324.08 322.10 320.17 318.29 316.42 314.57 312.71 310.83 308.92 306.96 304.94 302.83 300.68 298.64 296.78 295.11 293.61 292.31 291.18 290.25 289.50 288.93 288.56 288.37 288.37 288.56 288.86 289.12 289.32 289.44 289.47 289.39 289.21 288.90 288.47 287.89 287.16 286.28 285.22 283.98 282.56 280.93 279.09 277.04 274.75 272.23 269.45 266.42 263.11 259.53 255.66 251.49 247.01 242.21 237.08 231.62
347.56 347.11 346.51 345.75 344.85 343.80 342.60 341.27 339.80 338.19 336.46 334.60 332.61 330.50 328.29 326.07 323.94 321.87 319.85 317.87 315.91 313.96 312.01 310.03 308.02 305.96 303.83 301.67 299.64 297.81 296.18 294.75 293.53 292.51 291.69 291.08 290.68 290.48 290.49 290.71 291.05 291.38 291.67 291.89 292.05 292.12 292.11 291.99 291.77 291.42 290.95 290.34 289.57 288.65 287.56 286.29 284.83 283.17 281.30 279.21 276.90 274.34 271.54 268.48 265.15 261.54 257.64 253.45 248.94 244.12 238.97
349.37 348.92 348.33 347.58 346.69 345.65 344.47 343.16 341.71 340.13 338.42 336.58 334.63 332.55 330.36 328.07 325.79 323.57 321.42 319.33 317.26 315.23 313.19 311.15 309.09 306.99 304.84 302.66 300.63 298.83 297.24 295.88 294.74 293.82 293.12 292.65 292.41 292.39 292.59 292.94 293.31 293.64 293.93 294.18 294.36 294.48 294.52 294.46 294.31 294.05 293.67 293.16 292.52 291.72 290.77 289.65 288.34 286.86 285.17 283.27 281.16 278.82 276.24 273.41 270.32 266.97 263.34 259.42 255.21 250.68 245.84
350.95 350.51 349.92 349.19 348.31 347.29 346.13 344.83 343.41 341.85 340.17 338.37 336.45 334.41 332.26 329.99 327.64 325.29 323.01 320.79 318.62 316.49 314.38 312.27 310.16 308.02 305.84 303.65 301.63 299.84 298.30 297.00 295.94 295.12 294.55 294.22 294.13 294.28 294.60 294.95 295.29 295.62 295.91 296.17 296.38 296.53 296.61 296.61 296.53 296.34 296.05 295.64 295.10 294.43 293.60 292.62 291.47 290.15 288.63 286.92 285.00 282.87 280.50 277.90 275.05 271.95 268.58 264.93 260.99 256.76 252.22
352.31 351.88 351.30 350.58 349.71 348.71 347.57 346.30 344.90 343.38 341.73 339.96 338.07 336.07 333.96 331.74 329.42 327.01 324.60 322.26 319.99 317.76 315.57 313.40 311.22 309.04 306.84 304.63 302.61 300.86 299.35 298.11 297.13 296.41 295.96 295.76 295.82 296.07 296.38 296.69 297.01 297.31 297.60 297.87 298.09 298.27 298.38 298.43 298.41 298.29 298.08 297.76 297.33 296.76 296.06 295.22 294.21 293.04 291.69 290.16 288.43 286.49 284.33 281.95 279.33 276.47 273.35 269.96 266.30 262.36 258.11
353.45 353.03 352.46 351.75 350.91 349.92 348.81 347.56 346.19 344.70 343.08 341.35 339.50 337.54 335.47 333.30 331.02 328.65 326.19 323.74 321.36 319.03 316.76 314.52 312.29 310.07 307.83 305.61 303.59 301.86 300.40 299.22 298.31 297.69 297.35 297.29 297.43 297.64 297.89 298.15 298.44 298.72 299.00 299.26 299.49 299.69 299.83 299.93 299.95 299.90 299.76 299.52 299.18 298.72 298.14 297.42 296.55 295.53 294.34 292.97 291.42 289.67 287.72 285.55 283.16 280.53 277.65 274.52 271.13 267.45 263.50
354.37 353.96 353.41 352.72 351.89 350.93 349.84 348.62 347.28 345.82 344.24 342.54 340.73 338.82 336.79 334.67 332.44 330.12 327.70 325.21 322.73 320.31 317.95 315.64 313.35 311.08 308.82 306.58 304.57 302.85 301.43 300.30 299.48 298.95 298.72 298.71 298.80 298.94 299.12 299.34 299.58 299.83 300.09 300.34 300.57 300.78 300.95 301.08 301.15 301.15 301.08 300.92 300.66 300.30 299.83 299.22 298.49 297.60 296.57 295.36 293.98 292.42 290.66 288.70 286.52 284.12 281.48 278.60 275.46 272.06 268.38
355.07 354.67 354.14 353.47 352.66 351.72 350.66 349.47 348.16 346.74 345.19 343.54 341.77 339.90 337.93 335.85 333.68 331.41 329.05 326.61 324.09 321.58 319.13 316.75 314.41 312.09 309.79 307.54 305.53 303.83 302.44 301.38 300.63 300.19 300.00 299.92 299.91 299.97 300.09 300.24 300.43 300.65 300.88 301.11 301.34 301.55 301.74 301.89 301.99 302.04 302.03 301.94 301.76 301.49 301.12 300.63 300.01 299.26 298.37 297.32 296.11 294.72 293.15 291.38 289.41 287.23 284.82 282.18 279.29 276.15 272.75
355.55 355.17 354.66 354.01 353.22 352.32 351.28 350.13 348.85 347.46 345.96 344.34 342.62 340.80 338.87 336.85 334.73 332.52 330.22 327.84 325.37 322.84 320.32 317.86 315.46 313.10 310.76 308.49 306.47 304.79 303.44 302.43 301.75 301.33 301.05 300.86 300.76 300.73 300.76 300.85 300.99 301.16 301.35 301.56 301.77 301.98 302.18 302.35 302.48 302.57 302.61 302.58 302.48 302.29 302.01 301.62 301.12 300.50 299.74 298.84 297.79 296.57 295.18 293.60 291.83 289.86 287.68 285.27 282.63 279.74 276.60
355.82 355.46 354.96 354.34 353.58 352.70 351.70 350.58 349.34 347.99 346.53 344.96 343.28 341.51 339.63 337.67 335.60 333.45 331.22 328.90 326.50 324.02 321.48 318.96 316.49 314.08 311.72 309.42 307.40 305.74 304.42 303.46 302.78 302.25 301.84 301.54 301.33 301.20 301.15 301.17 301.24 301.35 301.51 301.68 301.88 302.08 302.27 302.45 302.61 302.73 302.81 302.84 302.80 302.69 302.49 302.21 301.82 301.31 300.68 299.92 299.02 297.96 296.74 295.35 293.78 292.01 290.04 287.85 285.45 282.81 279.93
355.87 355.53 355.06 354.46 353.74 352.89 351.92 350.83 349.63 348.32 346.90 345.38 343.75 342.03 340.21 338.30 336.30 334.21 332.04 329.78 327.45 325.05 322.57 320.04 317.52 315.06 312.66 310.34 308.32 306.66 305.38 304.40 303.59 302.92 302.37 301.94 301.62 301.39 301.25 301.18 301.18 301.24 301.34 301.48 301.64 301.82 302.01 302.20 302.37 302.52 302.63 302.71 302.73 302.69 302.57 302.37 302.08 301.69 301.18 300.55 299.79 298.89 297.84 296.62 295.23 293.66 291.90 289.94 287.76 285.36 282.74
355.72 355.40 354.95 354.38 353.69 352.87 351.94 350.89 349.73 348.46 347.09 345.61 344.04 342.37 340.61 338.75 336.81 334.79 332.68 330.50 328.24 325.91 323.51 321.04 318.52 316.02 313.58 311.24 309.21 307.57 306.24 305.11 304.14 303.32 302.63 302.07 301.62 301.28 301.04 300.88 300.81 300.79 300.84 300.93 301.06 301.22 301.39 301.58 301.76 301.92 302.07 302.18 302.25 302.27 302.23 302.11 301.92 301.63 301.24 300.73 300.11 299.35 298.46 297.41 296.20 294.82 293.26 291.51 289.55 287.39 285.00
355.35 355.06 354.64 354.10 353.43 352.65 351.76 350.75 349.63 348.41 347.09 345.66 344.14 342.53 340.82 339.03 337.15 335.20 333.16 331.05 328.86 326.60 324.28 321.90 319.45 316.96 314.49 312.12 310.08 308.38 306.89 305.58 304.43 303.45 302.61 301.91 301.33 300.88 300.53 300.28 300.11 300.03 300.01 300.05 300.13 300.26 300.41 300.59 300.77 300.94 301.11 301.26 301.37 301.44 301.46 301.42 301.31 301.12 300.84 300.45 299.96 299.34 298.60 297.71 296.67 295.47 294.11 292.56 290.82 288.88 286.73
354.78 354.51 354.12 353.61 352.98 352.24 351.38 350.42 349.35 348.17 346.90 345.53 344.06 342.51 340.86 339.13 337.32 335.43 333.46 331.42 329.31 327.14 324.90 322.59 320.24 317.82 315.36 312.97 310.85 308.97 307.28 305.78 304.46 303.31 302.31 301.46 300.75 300.17 299.71 299.35 299.09 298.92 298.84 298.81 298.85 298.94 299.06 299.22 299.39 299.57 299.75 299.92 300.07 300.19 300.27 300.30 300.27 300.16 299.98 299.71 299.33 298.85 298.25 297.52 296.64 295.62 294.44 293.09 291.56 289.84 287.92
353.97 353.73 353.38 352.90 352.31 351.61 350.80 349.88 348.85 347.73 346.51 345.19 343.79 342.29 340.71 339.05 337.30 335.49 333.59 331.63 329.60 327.50 325.35 323.13 320.86 318.54 316.17 313.76 311.45 309.34 307.45 305.75 304.24 302.91 301.75 300.75 299.90 299.18 298.59 298.13 297.77 297.51 297.34 297.25 297.23 297.27 297.36 297.49 297.65 297.82 298.01 298.20 298.38 298.53 298.66 298.75 298.79 298.77 298.68 298.51 298.25 297.89 297.42 296.83 296.12 295.26 294.26 293.10 291.77 290.26 288.56
352.77 352.57 352.26 351.83 351.29 350.64 349.88 349.02 348.05 346.99 345.83 344.59 343.25 341.82 340.32 338.73 337.07 335.33 333.52 331.65 329.71 327.70 325.64 323.53 321.36 319.13 316.84 314.46 312.03 309.71 307.59 305.69 303.98 302.46 301.12 299.95 298.94 298.08 297.36 296.77 296.30 295.94 295.68 295.51 295.42 295.40 295.44 295.53 295.66 295.83 296.01 296.20 296.39 296.58 296.74 296.88 296.98 297.03 297.02 296.94 296.78 296.54 296.19 295.74 295.17 294.47 293.63 292.64 291.50 290.19 288.70
351.12 350.98 350.73 350.36 349.88 349.30 348.60 347.81 346.92 345.94 344.86 343.69 342.44 341.10 339.68 338.19 336.62 334.98 333.27 331.49 329.66 327.76 325.81 323.80 321.74 319.61 317.37 315.02 312.61 310.16 307.83 305.70 303.78 302.06 300.53 299.18 298.00 296.98 296.11 295.39 294.79 294.31 293.95 293.68 293.51 293.42 293.39 293.43 293.52 293.66 293.82 294.00 294.20 294.40 294.59 294.76 294.90 295.00 295.06 295.06 294.99 294.84 294.61 294.28 293.84 293.28 292.59 291.77 290.80 289.68 288.38
349.07 349.00 348.82 348.52 348.12 347.61 347.01 346.30 345.50 344.60 343.61 342.54 341.38 340.15 338.83 337.44 335.98 334.45 332.86 331.20 329.48 327.70 325.87 323.99 322.03 319.95 317.74 315.43 313.05 310.62 308.16 305.80 303.66 301.72 299.99 298.45 297.09 295.89 294.86 293.99 293.25 292.64 292.16 291.79 291.52 291.34 291.24 291.21 291.25 291.34 291.47 291.63 291.81 292.01 292.21 292.40 292.57 292.72 292.83 292.89 292.90 292.84 292.70 292.47 292.15 291.72 291.17 290.50 289.69 288.74 287.62
346.64 346.66 346.56 346.35 346.04 345.63 345.12 344.51 343.81 343.02 342.14 341.17 340.13 339.01 337.81 336.54 335.20 333.79 332.33 330.80 329.21 327.57 325.88 324.10 322.19 320.14 317.97 315.69 313.35 310.95 308.50 306.02 303.65 301.48 299.53 297.78 296.22 294.84 293.64 292.59 291.70 290.95 290.34 289.84 289.46 289.18 288.99 288.89 288.86 288.89 288.97 289.10 289.26 289.44 289.63 289.83 290.02 290.20 290.35 290.46 290.52 290.53 290.48 290.34 290.12 289.81 289.39 288.85 288.19 287.39 286.45
343.87 343.98 343.99 343.89 343.68 343.38 342.97 342.48 341.89 341.22 340.46 339.62 338.70 337.71 336.64 335.51 334.31 333.04 331.71 330.33 328.89 327.39 325.81 324.09 322.21 320.20 318.06 315.82 313.51 311.14 308.72 306.25 303.75 301.35 299.17 297.19 295.42 293.85 292.45 291.23 290.17 289.27 288.50 287.87 287.37 286.97 286.68 286.48 286.37 286.33 286.35 286.43 286.55 286.70 286.88 287.07 287.27 287.46 287.63 287.78 287.89 287.96 287.97 287.91 287.78 287.57 287.26 286.84 286.31 285.66 284.87
340.80 341.02 341.14 341.15 341.07 340.89 340.61 340.24 339.79 339.25 338.62 337.92 337.14 336.29 335.37 334.38 333.33 332.22 331.05 329.82 328.54 327.17 325.64 323.94 322.10 320.13 318.03 315.82 313.54 311.21 308.81 306.37 303.87 301.34 298.92 296.71 294.72 292.93 291.33 289.92 288.68 287.60 286.68 285.90 285.25 284.73 284.32 284.02 283.81 283.68 283.63 283.64 283.71 283.82 283.97 284.14 284.32 284.51 284.70 284.87 285.02 285.13 285.19 285.20 285.15 285.02 284.81 284.50 284.09 283.56 282.91
337.45 337.80 338.05 338.19 338.24 338.20 338.06 337.84 337.52 337.13 336.66 336.11 335.48 334.79 334.03 333.20 332.32 331.37 330.37 329.31 328.16 326.84 325.34 323.68 321.88 319.93 317.87 315.69 313.45 311.14 308.78 306.36 303.88 301.36 298.80 296.36 294.13 292.11 290.29 288.67 287.24 285.98 284.88 283.94 283.14 282.47 281.93 281.51 281.19 280.97 280.83 280.76 280.76 280.82 280.92 281.06 281.22 281.40 281.58 281.76 281.92 282.06 282.17 282.23 282.24 282.18 282.06 281.84 281.54 281.13 280.60
333.87 334.36 334.75 335.04 335.24 335.34 335.36 335.29 335.14 334.91 334.60 334.21 333.76 333.24 332.65 332.00 331.29 330.53 329.71 328.78 327.68 326.40 324.93 323.31 321.54 319.63 317.59 315.45 313.24 310.96 308.63 306.23 303.78 301.28 298.72 296.14 293.67 291.41 289.36 287.52 285.88 284.42 283.13 282.01 281.05 280.23 279.54 278.99 278.54 278.21 277.96 277.81 277.73 277.71 277.76 277.84 277.97 278.12 278.29 278.46 278.63 278.79 278.92 279.02 279.08 279.08 279.02 278.89 278.67 278.37 277.95
330.08 330.73 331.28 331.73 332.09 332.36 332.54 332.64 332.66 332.61 332.48 332.27 332.00 331.66 331.26 330.81 330.29 329.72 329.04 328.17 327.11 325.85 324.42 322.83 321.09 319.21 317.21 315.10 312.92 310.68 308.37 306.00 303.57 301.08 298.55 295.96 293.35 290.85 288.56 286.48 284.61 282.94 281.45 280.14 279.00 278.01 277.17 276.46 275.88 275.42 275.06 274.80 274.63 274.53 274.50 274.52 274.60 274.71 274.85 275.00 275.16 275.32 275.47 275.59 275.68 275.73 275.73 275.66 275.52 275.30 274.99
326.13 326.94 327.66 328.29 328.83 329.28 329.64 329.93 330.14 330.27 330.33 330.32 330.25 330.11 329.91 329.66 329.35 328.93 328.30 327.47 326.43 325.21 323.81 322.25 320.54 318.70 316.73 314.65 312.50 310.28 308.00 305.65 303.25 300.79 298.27 295.70 293.08 290.43 287.90 285.57 283.47 281.57 279.87 278.35 277.01 275.84 274.83 273.96 273.23 272.63 272.14 271.76 271.48 271.28 271.17 271.12 271.12 271.18 271.27 271.40 271.53 271.68 271.83 271.96 272.07 272.15 272.19 272.18 272.11 271.96 271.73
322.04 323.04 323.95 324.76 325.49 326.13 326.70 327.18 327.59 327.92 328.19 328.39 328.53 328.61 328.63 328.59 328.44 328.07 327.48 326.68 325.67 324.48 323.11 321.58 319.91 318.09 316.15 314.11 311.99 309.80 307.54 305.22 302.83 300.39 297.89 295.34 292.73 290.07 287.39 284.82 282.46 280.33 278.39 276.66 275.12 273.75 272.55 271.50 270.61 269.85 269.22 268.71 268.30 268.00 267.78 267.64 267.57 267.56 267.59 267.67 267.77 267.89 268.03 268.16 268.27 268.37 268.44 268.47 268.44 268.36 268.20
