data_processed/recharge/precip/Precip_1999_05.asc
ncols        168
nrows        136
xllcorner    455000
yllcorner    2107000
cellsize     500
NODATA_value     -99999
[rows 35 to 69 of 136, columns 0 to 77 of 168]
31.97 30.81 29.91 29.26 28.87 28.68 28.60 28.56 28.58 28.66 28.81 29.05 29.38 29.81 30.35 31.01 31.80 32.67 33.56 34.47 35.41 36.40 37.45 38.57 39.76 40.97 42.19 43.41 44.63 45.86 47.08 48.32 49.57 50.85 52.16 53.49 54.84 56.21 57.60 59.00 60.40 61.82 63.23 64.64 66.04 67.42 68.77 70.08 71.33 72.52 73.55 74.12 74.15 73.70 72.79 71.48 69.81 67.84 65.67 63.40 61.04 58.62 56.17 53.69 51.23 48.79 46.41 44.10 41.88 39.77 37.77 35.87 34.07 32.37 30.77 29.26 27.85 26.51
31.78 30.49 29.44 28.65 28.11 27.83 27.76 27.80 27.90 28.07 28.32 28.65 29.08 29.62 30.27 31.05 31.90 32.75 33.61 34.49 35.40 36.36 37.38 38.47 39.63 40.81 41.99 43.17 44.36 45.54 46.73 47.91 49.10 50.30 51.53 52.79 54.07 55.37 56.69 58.02 59.37 60.72 62.08 63.44 64.79 66.12 67.42 68.69 69.90 71.05 72.04 72.58 72.59 72.13 71.23 69.93 68.29 66.33 64.13 61.77 59.35 56.88 54.39 51.89 49.42 46.99 44.63 42.36 40.19 38.12 36.16 34.30 32.53 30.87 29.30 27.84 26.47 25.17
31.66 30.25 29.09 28.18 27.53 27.13 26.98 27.06 27.25 27.52 27.87 28.32 28.86 29.52 30.29 31.13 31.96 32.78 33.61 34.45 35.33 36.26 37.24 38.30 39.43 40.57 41.71 42.86 44.00 45.14 46.28 47.42 48.55 49.68 50.82 52.00 53.20 54.42 55.66 56.92 58.20 59.48 60.78 62.09 63.39 64.67 65.92 67.14 68.30 69.41 70.36 70.86 70.86 70.38 69.48 68.19 66.57 64.65 62.47 60.09 57.62 55.10 52.58 50.07 47.60 45.19 42.86 40.63 38.50 36.48 34.55 32.73 31.00 29.38 27.85 26.43 25.09 23.83
31.60 30.09 28.84 27.85 27.11 26.63 26.40 26.43 26.67 27.05 27.52 28.08 28.75 29.53 30.37 31.18 31.98 32.76 33.55 34.37 35.21 36.10 37.05 38.07 39.16 40.26 41.37 42.47 43.57 44.66 45.75 46.84 47.92 48.99 50.05 51.14 52.25 53.38 54.54 55.71 56.91 58.13 59.37 60.62 61.86 63.09 64.29 65.45 66.57 67.63 68.54 69.01 68.97 68.48 67.58 66.30 64.69 62.80 60.66 58.32 55.84 53.29 50.75 48.24 45.78 43.39 41.10 38.91 36.82 34.84 32.95 31.17 29.49 27.90 26.42 25.03 23.73 22.51
31.58 30.02 28.71 27.66 26.86 26.32 26.04 26.01 26.23 26.68 27.27 27.97 28.77 29.61 30.43 31.20 31.96 32.71 33.46 34.23 35.04 35.89 36.80 37.78 38.83 39.89 40.95 42.01 43.06 44.11 45.15 46.18 47.20 48.22 49.22 50.22 51.23 52.26 53.32 54.42 55.55 56.70 57.88 59.07 60.25 61.42 62.56 63.67 64.73 65.74 66.60 67.04 66.98 66.47 65.56 64.28 62.69 60.82 58.72 56.43 53.99 51.45 48.90 46.39 43.95 41.60 39.35 37.20 35.15 33.21 31.37 29.63 27.98 26.44 25.00 23.65 22.40 21.22
31.63 30.03 28.68 27.60 26.78 26.21 25.90 25.84 26.04 26.49 27.18 28.00 28.87 29.69 30.46 31.20 31.91 32.62 33.33 34.06 34.83 35.64 36.51 37.45 38.45 39.47 40.48 41.49 42.50 43.49 44.48 45.45 46.42 47.37 48.31 49.24 50.16 51.09 52.06 53.07 54.13 55.22 56.33 57.45 58.57 59.68 60.77 61.82 62.83 63.78 64.59 64.98 64.89 64.36 63.44 62.17 60.59 58.74 56.67 54.42 52.04 49.56 47.03 44.54 42.13 39.81 37.61 35.50 33.50 31.60 29.80 28.10 26.50 25.00 23.60 22.29 21.08 19.94
31.72 30.11 28.77 27.68 26.85 26.28 25.97 25.92 26.12 26.58 27.28 28.14 28.98 29.76 30.48 31.18 31.85 32.51 33.18 33.87 34.59 35.35 36.17 37.07 38.03 39.00 39.97 40.92 41.87 42.81 43.74 44.66 45.57 46.46 47.33 48.19 49.04 49.88 50.77 51.71 52.70 53.72 54.76 55.81 56.86 57.91 58.93 59.92 60.87 61.77 62.53 62.87 62.75 62.20 61.26 59.99 58.41 56.58 54.54 52.34 50.00 47.58 45.12 42.68 40.31 38.04 35.88 33.82 31.86 30.00 28.24 26.59 25.03 23.58 22.22 20.96 19.79 18.70
31.86 30.28 28.95 27.89 27.09 26.55 26.27 26.24 26.47 26.96 27.61 28.33 29.09 29.82 30.50 31.15 31.77 32.39 33.01 33.65 34.32 35.04 35.81 36.66 37.57 38.49 39.41 40.31 41.20 42.09 42.96 43.81 44.65 45.48 46.29 47.08 47.87 48.68 49.50 50.37 51.28 52.22 53.19 54.17 55.16 56.13 57.09 58.02 58.91 59.74 60.45 60.74 60.58 60.00 59.05 57.77 56.20 54.39 52.37 50.20 47.91 45.55 43.17 40.81 38.51 36.28 34.17 32.15 30.24 28.42 26.71 25.10 23.59 22.18 20.87 19.65 18.53 17.48
32.05 30.51 29.24 28.23 27.49 27.00 26.77 26.80 27.09 27.54 28.06 28.62 29.24 29.88 30.51 31.11 31.69 32.25 32.82 33.41 34.03 34.70 35.43 36.22 37.09 37.95 38.81 39.66 40.49 41.32 42.12 42.91 43.69 44.45 45.19 45.93 46.69 47.47 48.26 49.06 49.90 50.76 51.65 52.56 53.47 54.38 55.27 56.13 56.95 57.73 58.37 58.62 58.41 57.80 56.83 55.54 53.98 52.18 50.19 48.05 45.80 43.51 41.21 38.94 36.71 34.54 32.47 30.50 28.64 26.87 25.21 23.64 22.18 20.81 19.54 18.37 17.30 16.30
32.29 30.83 29.63 28.70 28.04 27.63 27.49 27.60 27.88 28.21 28.59 29.01 29.47 29.99 30.54 31.08 31.60 32.12 32.64 33.17 33.74 34.35 35.03 35.77 36.58 37.39 38.19 38.98 39.75 40.51 41.25 41.98 42.68 43.37 44.06 44.77 45.52 46.28 47.05 47.82 48.58 49.37 50.18 51.01 51.85 52.68 53.50 54.29 55.05 55.75 56.33 56.53 56.28 55.64 54.64 53.34 51.77 49.98 48.01 45.90 43.71 41.50 39.28 37.08 34.92 32.82 30.80 28.88 27.06 25.34 23.73 22.21 20.79 19.47 18.25 17.13 16.10 15.15
32.57 31.21 30.13 29.30 28.75 28.45 28.41 28.54 28.72 28.93 29.18 29.47 29.80 30.18 30.60 31.07 31.53 31.99 32.45 32.93 33.44 34.00 34.62 35.30 36.06 36.81 37.55 38.27 38.98 39.67 40.35 41.00 41.64 42.28 42.95 43.65 44.38 45.12 45.87 46.62 47.35 48.08 48.81 49.56 50.32 51.07 51.81 52.53 53.22 53.85 54.37 54.50 54.21 53.53 52.51 51.19 49.62 47.84 45.88 43.82 41.70 39.55 37.40 35.27 33.17 31.13 29.16 27.29 25.51 23.84 22.28 20.81 19.44 18.17 17.00 15.92 14.94 14.04
32.89 31.67 30.71 30.03 29.61 29.44 29.44 29.49 29.56 29.67 29.80 29.98 30.19 30.44 30.74 31.09 31.47 31.87 32.28 32.70 33.15 33.65 34.21 34.84 35.53 36.22 36.89 37.55 38.20 38.82 39.42 40.00 40.59 41.22 41.88 42.57 43.29 44.02 44.75 45.48 46.19 46.89 47.55 48.22 48.90 49.57 50.24 50.88 51.49 52.05 52.50 52.57 52.23 51.51 50.46 49.13 47.55 45.77 43.84 41.84 39.79 37.71 35.62 33.54 31.49 29.49 27.57 25.73 24.00 22.38 20.86 19.44 18.12 16.90 15.78 14.75 13.82 12.97
33.25 32.19 31.40 30.88 30.61 30.51 30.45 30.41 30.39 30.40 30.44 30.51 30.62 30.76 30.95 31.18 31.46 31.78 32.12 32.48 32.87 33.31 33.80 34.37 35.00 35.63 36.24 36.83 37.40 37.95 38.48 39.02 39.59 40.22 40.88 41.57 42.28 43.00 43.72 44.43 45.12 45.79 46.43 47.04 47.63 48.22 48.80 49.37 49.90 50.39 50.76 50.77 50.37 49.61 48.53 47.17 45.58 43.82 41.96 40.02 38.02 35.99 33.95 31.92 29.91 27.95 26.05 24.24 22.53 20.95 19.48 18.11 16.84 15.67 14.60 13.63 12.75 11.94
33.65 32.78 32.18 31.84 31.66 31.51 31.38 31.27 31.18 31.10 31.06 31.04 31.06 31.11 31.20 31.33 31.50 31.73 31.99 32.29 32.61 32.98 33.41 33.91 34.48 35.04 35.58 36.10 36.60 37.07 37.56 38.09 38.68 39.31 39.97 40.66 41.36 42.07 42.78 43.48 44.16 44.82 45.43 46.01 46.53 47.04 47.54 48.02 48.47 48.88 49.18 49.12 48.67 47.86 46.75 45.36 43.78 42.07 40.26 38.37 36.42 34.44 32.44 30.44 28.46 26.52 24.64 22.85 21.15 19.58 18.14 16.82 15.61 14.49 13.47 12.54 11.72 10.96
34.09 33.44 33.04 32.81 32.61 32.41 32.22 32.05 31.90 31.76 31.64 31.55 31.49 31.47 31.47 31.51 31.60 31.73 31.90 32.12 32.38 32.68 33.04 33.48 33.97 34.46 34.93 35.38 35.80 36.24 36.72 37.27 37.86 38.50 39.17 39.85 40.56 41.26 41.97 42.66 43.33 43.97 44.57 45.12 45.62 46.07 46.48 46.87 47.24 47.57 47.78 47.65 47.14 46.29 45.14 43.75 42.21 40.55 38.78 36.94 35.03 33.08 31.10 29.12 27.16 25.24 23.37 21.58 19.89 18.31 16.87 15.58 14.41 13.35 12.38 11.51 10.74 10.04
34.56 34.14 33.88 33.64 33.41 33.17 32.95 32.73 32.53 32.34 32.17 32.02 31.90 31.80 31.74 31.71 31.72 31.77 31.86 32.00 32.18 32.41 32.70 33.07 33.49 33.91 34.30 34.67 35.06 35.50 36.00 36.56 37.17 37.82 38.49 39.18 39.89 40.59 41.30 41.98 42.64 43.27 43.86 44.40 44.88 45.30 45.64 45.95 46.23 46.47 46.61 46.40 45.83 44.92 43.76 42.41 40.91 39.29 37.56 35.75 33.86 31.93 29.98 28.01 26.06 24.14 22.27 20.48 18.78 17.18 15.72 14.42 13.27 12.26 11.34 10.53 9.81 9.16
35.06 34.80 34.55 34.29 34.04 33.78 33.53 33.28 33.04 32.82 32.61 32.42 32.25 32.10 31.98 31.90 31.84 31.82 31.85 31.91 32.02 32.18 32.40 32.69 33.04 33.38 33.70 34.03 34.43 34.89 35.42 36.00 36.62 37.28 37.96 38.67 39.38 40.09 40.79 41.47 42.13 42.76 43.34 43.86 44.33 44.73 45.04 45.28 45.47 45.63 45.68 45.40 44.76 43.83 42.69 41.38 39.92 38.33 36.62 34.83 32.96 31.04 29.09 27.13 25.18 23.25 21.38 19.57 17.84 16.23 14.74 13.40 12.22 11.22 10.36 9.60 8.94 8.35
35.47 35.24 34.99 34.73 34.47 34.21 33.94 33.68 33.42 33.18 32.94 32.72 32.51 32.33 32.17 32.04 31.94 31.87 31.84 31.85 31.90 31.99 32.14 32.35 32.62 32.89 33.17 33.52 33.94 34.44 34.99 35.59 36.23 36.91 37.61 38.32 39.04 39.76 40.47 41.15 41.81 42.43 43.01 43.52 43.98 44.36 44.67 44.88 45.00 45.07 45.03 44.67 43.99 43.08 41.98 40.70 39.26 37.69 36.00 34.21 32.35 30.44 28.48 26.52 24.55 22.61 20.71 18.87 17.12 15.47 13.94 12.55 11.33 10.29 9.44 8.73 8.12 7.59
35.63 35.41 35.18 34.94 34.69 34.43 34.17 33.90 33.64 33.39 33.14 32.90 32.68 32.48 32.29 32.13 32.00 31.89 31.82 31.78 31.79 31.83 31.92 32.06 32.26 32.48 32.79 33.17 33.63 34.16 34.74 35.37 36.03 36.73 37.44 38.17 38.91 39.63 40.35 41.04 41.70 42.32 42.89 43.41 43.86 44.23 44.52 44.72 44.81 44.81 44.68 44.28 43.62 42.73 41.65 40.39 38.96 37.40 35.72 33.93 32.07 30.14 28.18 26.19 24.20 22.23 20.30 18.43 16.63 14.94 13.36 11.92 10.64 9.53 8.63 7.93 7.37 6.89
35.51 35.33 35.13 34.92 34.69 34.45 34.20 33.95 33.70 33.45 33.20 32.96 32.73 32.52 32.32 32.15 31.99 31.87 31.77 31.70 31.67 31.68 31.73 31.82 31.98 32.23 32.58 33.00 33.50 34.06 34.67 35.32 36.02 36.74 37.47 38.22 38.97 39.71 40.44 41.14 41.81 42.43 43.00 43.52 43.96 44.33 44.61 44.79 44.87 44.84 44.66 44.27 43.63 42.76 41.69 40.44 39.02 37.46 35.77 33.98 32.10 30.16 28.17 26.15 24.14 22.13 20.16 18.24 16.40 14.65 13.01 11.51 10.16 8.98 8.00 7.23 6.68 6.23
35.33 35.19 35.02 34.84 34.64 34.42 34.20 33.96 33.72 33.48 33.24 33.01 32.78 32.56 32.36 32.17 32.01 31.86 31.74 31.65 31.59 31.57 31.58 31.64 31.78 32.06 32.45 32.91 33.44 34.03 34.67 35.36 36.08 36.82 37.58 38.34 39.11 39.86 40.60 41.31 41.98 42.61 43.18 43.69 44.13 44.49 44.76 44.93 45.00 44.92 44.67 44.26 43.64 42.80 41.75 40.51 39.10 37.54 35.86 34.06 32.17 30.22 28.21 26.18 24.13 22.09 20.09 18.13 16.24 14.44 12.75 11.19 9.78 8.53 7.48 6.66 6.12 5.69
35.19 35.09 34.97 34.81 34.64 34.45 34.25 34.03 33.81 33.58 33.35 33.12 32.89 32.67 32.46 32.26 32.08 31.92 31.78 31.66 31.58 31.52 31.51 31.55 31.67 31.93 32.33 32.83 33.39 34.01 34.68 35.39 36.13 36.90 37.67 38.45 39.23 39.99 40.74 41.45 42.12 42.75 43.32 43.82 44.25 44.60 44.86 45.02 45.04 44.88 44.54 44.05 43.43 42.62 41.60 40.39 39.00 37.46 35.79 34.00 32.11 30.16 28.15 26.10 24.04 21.98 19.95 17.97 16.05 14.21 12.48 10.87 9.41 8.11 7.03 6.23 5.71 5.30
35.11 35.05 34.96 34.84 34.70 34.53 34.35 34.15 33.95 33.73 33.51 33.28 33.05 32.83 32.61 32.41 32.21 32.03 31.87 31.74 31.62 31.54 31.51 31.53 31.63 31.86 32.24 32.75 33.34 33.99 34.69 35.42 36.18 36.96 37.75 38.54 39.32 40.10 40.84 41.56 42.23 42.85 43.42 43.91 44.33 44.67 44.91 45.02 44.96 44.71 44.28 43.71 43.02 42.22 41.24 40.07 38.71 37.20 35.55 33.79 31.92 29.98 27.97 25.93 23.87 21.80 19.76 17.76 15.82 13.96 12.20 10.56 9.06 7.75 6.70 5.95 5.45 5.06
35.08 35.05 35.00 34.91 34.80 34.66 34.50 34.32 34.13 33.93 33.71 33.49 33.27 33.04 32.82 32.60 32.40 32.20 32.02 31.86 31.73 31.64 31.59 31.59 31.67 31.87 32.22 32.70 33.29 33.97 34.68 35.43 36.21 37.00 37.80 38.60 39.39 40.17 40.91 41.63 42.30 42.91 43.47 43.95 44.36 44.67 44.87 44.91 44.76 44.42 43.90 43.25 42.50 41.64 40.67 39.55 38.24 36.77 35.16 33.43 31.59 29.67 27.69 25.66 23.61 21.55 19.51 17.51 15.56 13.69 11.91 10.25 8.76 7.50 6.51 5.80 5.33 4.96
35.08 35.09 35.07 35.02 34.94 34.83 34.69 34.53 34.36 34.16 33.96 33.74 33.52 33.29 33.07 32.84 32.62 32.41 32.22 32.04 31.90 31.80 31.74 31.72 31.77 31.94 32.25 32.69 33.26 33.93 34.66 35.42 36.21 37.02 37.83 38.63 39.43 40.20 40.95 41.65 42.32 42.92 43.46 43.93 44.32 44.60 44.72 44.67 44.43 44.02 43.42 42.70 41.87 40.95 39.94 38.84 37.59 36.18 34.62 32.93 31.14 29.25 27.30 25.30 23.27 21.24 19.21 17.22 15.28 13.41 11.63 9.99 8.56 7.39 6.46 5.78 5.33 4.97
35.13 35.17 35.18 35.16 35.11 35.03 34.91 34.78 34.62 34.44 34.24 34.03 33.81 33.58 33.35 33.12 32.89 32.67 32.46 32.28 32.13 32.02 31.94 31.90 31.93 32.07 32.35 32.75 33.26 33.89 34.62 35.40 36.20 37.01 37.82 38.63 39.42 40.20 40.94 41.64 42.29 42.88 43.41 43.86 44.20 44.40 44.44 44.31 44.00 43.50 42.84 42.05 41.16 40.18 39.12 37.98 36.76 35.42 33.92 32.29 30.55 28.72 26.81 24.85 22.86 20.86 18.86 16.89 14.96 13.11 11.37 9.82 8.49 7.39 6.52 5.88 5.45 5.10
35.21 35.29 35.33 35.33 35.31 35.25 35.16 35.05 34.90 34.74 34.55 34.35 34.13 33.90 33.67 33.43 33.19 32.96 32.75 32.56 32.41 32.29 32.20 32.14 32.14 32.25 32.49 32.85 33.32 33.90 34.58 35.34 36.15 36.96 37.78 38.59 39.38 40.14 40.88 41.56 42.20 42.78 43.29 43.70 43.97 44.09 44.05 43.84 43.45 42.89 42.16 41.31 40.36 39.33 38.22 37.04 35.80 34.50 33.07 31.52 29.84 28.07 26.22 24.32 22.38 20.42 18.46 16.52 14.63 12.83 11.20 9.76 8.53 7.50 6.68 6.08 5.66 5.32
35.33 35.43 35.50 35.53 35.53 35.50 35.43 35.34 35.21 35.06 34.88 34.69 34.47 34.25 34.01 33.76 33.52 33.29 33.08 32.90 32.74 32.60 32.50 32.42 32.39 32.47 32.67 32.99 33.42 33.94 34.57 35.28 36.07 36.88 37.70 38.50 39.28 40.04 40.76 41.44 42.06 42.61 43.08 43.42 43.61 43.66 43.54 43.26 42.81 42.19 41.39 40.48 39.49 38.41 37.26 36.05 34.78 33.46 32.08 30.61 29.01 27.32 25.54 23.70 21.82 19.92 18.01 16.12 14.30 12.63 11.13 9.81 8.67 7.71 6.94 6.37 5.97 5.64
35.48 35.60 35.70 35.75 35.77 35.76 35.72 35.64 35.53 35.40 35.23 35.04 34.83 34.61 34.37 34.12 33.89 33.66 33.46 33.27 33.11 32.96 32.83 32.73 32.68 32.73 32.89 33.17 33.55 34.02 34.59 35.24 35.97 36.76 37.57 38.37 39.14 39.88 40.59 41.25 41.85 42.36 42.76 43.02 43.14 43.12 42.93 42.59 42.08 41.40 40.55 39.59 38.55 37.43 36.24 35.00 33.70 32.36 30.99 29.57 28.06 26.46 24.76 23.00 21.19 19.36 17.52 15.73 14.05 12.53 11.16 9.94 8.89 8.00 7.28 6.74 6.35 6.03
35.65 35.81 35.92 35.99 36.03 36.04 36.01 35.95 35.86 35.74 35.59 35.41 35.20 34.98 34.74 34.51 34.29 34.07 33.87 33.68 33.50 33.34 33.20 33.08 33.00 33.01 33.14 33.37 33.70 34.13 34.63 35.22 35.88 36.61 37.39 38.18 38.94 39.67 40.36 40.99 41.55 42.00 42.33 42.52 42.57 42.48 42.23 41.83 41.26 40.53 39.63 38.63 37.54 36.39 35.18 33.91 32.59 31.23 29.85 28.44 27.00 25.49 23.89 22.22 20.50 18.75 17.02 15.39 13.88 12.50 11.26 10.15 9.19 8.37 7.70 7.18 6.80 6.48
35.86 36.03 36.16 36.26 36.31 36.33 36.32 36.27 36.20 36.09 35.95 35.78 35.58 35.36 35.14 34.92 34.71 34.50 34.30 34.11 33.92 33.75 33.59 33.45 33.34 33.32 33.41 33.60 33.88 34.25 34.70 35.22 35.81 36.47 37.18 37.93 38.68 39.39 40.05 40.65 41.15 41.52 41.78 41.91 41.90 41.74 41.44 40.99 40.37 39.59 38.64 37.60 36.49 35.31 34.07 32.78 31.45 30.08 28.69 27.28 25.86 24.43 22.93 21.37 19.75 18.12 16.57 15.13 13.78 12.55 11.43 10.43 9.55 8.80 8.17 7.67 7.30 6.98
36.09 36.28 36.42 36.53 36.60 36.64 36.63 36.60 36.53 36.43 36.30 36.14 35.95 35.76 35.56 35.36 35.15 34.95 34.75 34.55 34.36 34.17 34.00 33.83 33.69 33.64 33.69 33.84 34.07 34.39 34.77 35.23 35.76 36.34 36.97 37.64 38.35 39.04 39.66 40.20 40.62 40.94 41.13 41.20 41.13 40.92 40.57 40.07 39.41 38.58 37.60 36.53 35.38 34.18 32.92 31.62 30.28 28.91 27.52 26.11 24.71 23.30 21.89 20.44 18.97 17.54 16.19 14.93 13.75 12.66 11.66 10.76 9.97 9.27 8.69 8.22 7.85 7.53
36.34 36.54 36.70 36.82 36.90 36.95 36.95 36.93 36.87 36.77 36.65 36.50 36.34 36.17 35.99 35.80 35.61 35.41 35.21 35.01 34.81 34.61 34.41 34.22 34.05 33.97 33.98 34.08 34.27 34.53 34.86 35.25 35.70 36.21 36.76 37.35 37.97 38.60 39.17 39.63 40.00 40.25 40.38 40.40 40.28 40.03 39.63 39.08 38.38 37.52 36.51 35.41 34.24 33.02 31.75 30.44 29.09 27.73 26.34 24.95 23.56 22.17 20.81 19.48 18.22 17.01 15.86 14.78 13.76 12.81 11.94 11.14 10.42 9.79 9.25 8.79 8.43 8.11
36.61 36.82 36.99 37.12 37.21 37.26 37.28 37.25 37.20 37.11 36.99 36.87 36.74 36.59 36.43 36.25 36.07 35.87 35.67 35.47 35.25 35.04 34.82 34.61 34.41 34.30 34.27 34.33 34.46 34.66 34.93 35.26 35.64 36.07 36.54 37.04 37.57 38.08 38.56 38.96 39.27 39.47 39.55 39.51 39.35 39.06 38.62 38.04 37.31 36.42 35.38 34.25 33.07 31.83 30.55 29.24 27.90 26.54 25.17 23.79 22.42 21.07 19.76 18.58 17.52 16.53 15.58 14.67 13.81 13.00 12.25 11.55 10.91 10.33 9.83 9.39 9.03 8.71
36.89 37.11 37.29 37.43 37.53 37.58 37.60 37.58 37.52 37.44 37.35 37.24 37.13 37.00 36.86 36.70 36.52 36.33 36.13 35.92 35.70 35.47 35.23 34.99 34.76 34.61 34.55 34.56 34.64 34.79 35.00 35.26 35.57 35.92 36.31 36.72 37.12 37.50 37.87 38.20 38.45 38.60 38.64 38.56 38.35 38.02 37.55 36.94 36.18 35.27 34.21 33.06 31.87 30.63 29.35 28.03 26.70 25.35 24.00 22.65 21.31 20.02 18.84 17.80 16.89 16.08 15.32 14.59 13.89 13.22 12.58 11.97 11.41 10.89 10.42 10.01 9.64 9.31
