data_processed/recharge/precip/Precip_1991_09.asc
ncols        168
nrows        136
xllcorner    455000
yllcorner    2107000
cellsize     500
NODATA_value     -99999
[rows 64 to 95 of 136, columns 0 to 72 of 168]
78.73 75.65 72.69 69.86 67.17 64.63 62.27 60.09 58.11 56.35 54.81 53.52 52.48 51.71 51.24 51.06 51.19 51.65 52.34 53.14 54.02 54.97 56.00 57.08 58.23 59.44 60.70 62.00 63.36 64.75 66.18 67.64 69.12 70.64 72.17 73.72 75.27 76.85 78.47 80.12 81.80 83.51 85.24 87.00 88.77 90.56 92.36 94.17 95.99 97.81 99.63 101.45 103.26 105.06 106.85 108.63 110.42 112.23 114.08 115.94 117.83 119.72 121.62 123.53 125.44 127.34 129.22 131.09 132.94 134.76 136.56 138.31 140.03
79.90 76.82 73.85 70.99 68.26 65.68 63.25 61.00 58.93 57.07 55.42 54.00 52.83 51.91 51.27 50.92 50.86 51.13 51.72 52.54 53.47 54.46 55.53 56.66 57.84 59.08 60.38 61.72 63.10 64.52 65.98 67.46 68.98 70.51 72.06 73.62 75.20 76.79 78.42 80.09 81.78 83.50 85.25 87.02 88.81 90.61 92.42 94.25 96.08 97.91 99.74 101.57 103.40 105.21 107.02 108.84 110.68 112.56 114.46 116.39 118.33 120.27 122.23 124.18 126.14 128.08 130.01 131.92 133.80 135.66 137.49 139.27 141.01
81.26 78.18 75.20 72.32 69.55 66.92 64.44 62.11 59.96 58.00 56.24 54.70 53.39 52.32 51.52 51.00 50.76 50.83 51.21 51.92 52.87 53.91 55.02 56.19 57.41 58.69 60.02 61.39 62.81 64.26 65.74 67.25 68.78 70.34 71.91 73.49 75.08 76.69 78.33 80.01 81.72 83.45 85.21 87.00 88.80 90.61 92.44 94.28 96.12 97.96 99.81 101.65 103.49 105.32 107.16 109.04 110.95 112.89 114.85 116.82 118.82 120.82 122.82 124.82 126.81 128.80 130.77 132.71 134.63 136.52 138.38 140.19 141.96
82.80 79.74 76.74 73.84 71.05 68.37 65.82 63.43 61.19 59.14 57.27 55.61 54.17 52.96 52.00 51.30 50.88 50.76 50.94 51.44 52.26 53.32 54.47 55.68 56.94 58.26 59.62 61.02 62.47 63.95 65.46 66.99 68.55 70.12 71.71 73.31 74.92 76.54 78.20 79.89 81.61 83.36 85.13 86.93 88.74 90.57 92.41 94.26 96.11 97.97 99.83 101.68 103.53 105.40 107.30 109.24 111.21 113.21 115.22 117.25 119.29 121.34 123.39 125.43 127.47 129.49 131.49 133.47 135.43 137.35 139.23 141.06 142.85
84.55 81.49 78.49 75.57 72.74 70.02 67.42 64.96 62.65 60.49 58.52 56.74 55.17 53.82 52.71 51.84 51.24 50.92 50.90 51.18 51.78 52.71 53.87 55.12 56.42 57.78 59.17 60.61 62.09 63.59 65.13 66.69 68.27 69.86 71.47 73.09 74.71 76.34 78.01 79.72 81.45 83.22 85.00 86.81 88.64 90.48 92.33 94.19 96.06 97.93 99.80 101.67 103.55 105.48 107.44 109.44 111.47 113.52 115.58 117.66 119.75 121.84 123.94 126.02 128.09 130.15 132.19 134.20 136.18 138.13 140.03 141.89 143.70
86.49 83.44 80.44 77.51 74.65 71.89 69.24 66.71 64.31 62.07 60.00 58.10 56.40 54.91 53.64 52.62 51.84 51.33 51.10 51.16 51.54 52.24 53.27 54.53 55.87 57.25 58.68 60.15 61.66 63.19 64.76 66.34 67.94 69.56 71.18 72.82 74.45 76.10 77.79 79.50 81.25 83.03 84.83 86.65 88.48 90.34 92.20 94.07 95.95 97.84 99.72 101.62 103.57 105.56 107.58 109.63 111.71 113.81 115.93 118.06 120.19 122.32 124.45 126.58 128.69 130.78 132.84 134.88 136.89 138.86 140.79 142.66 144.49
88.64 85.60 82.60 79.65 76.77 73.97 71.27 68.68 66.21 63.88 61.70 59.69 57.87 56.24 54.82 53.63 52.67 51.98 51.55 51.40 51.55 52.01 52.80 53.92 55.26 56.69 58.15 59.65 61.19 62.75 64.34 65.95 67.57 69.21 70.85 72.50 74.15 75.81 77.51 79.24 81.00 82.79 84.60 86.43 88.28 90.15 92.02 93.91 95.80 97.69 99.61 101.58 103.59 105.63 107.71 109.82 111.95 114.09 116.26 118.43 120.60 122.78 124.94 127.10 129.24 131.36 133.46 135.52 137.55 139.54 141.49 143.38 145.22
91.00 87.98 84.98 82.02 79.11 76.28 73.53 70.87 68.33 65.91 63.64 61.52 59.57 57.80 56.24 54.88 53.76 52.87 52.24 51.89 51.81 52.04 52.58 53.45 54.65 56.07 57.57 59.10 60.67 62.26 63.87 65.50 67.15 68.81 70.47 72.13 73.80 75.47 77.18 78.92 80.70 82.50 84.32 86.17 88.03 89.90 91.79 93.69 95.59 97.53 99.50 101.53 103.59 105.69 107.82 109.98 112.16 114.35 116.56 118.77 120.99 123.20 125.40 127.59 129.76 131.91 134.03 136.11 138.16 140.17 142.13 144.04 145.89
93.58 90.57 87.57 84.60 81.68 78.81 76.01 73.29 70.68 68.18 65.81 63.58 61.51 59.61 57.90 56.39 55.09 54.02 53.20 52.63 52.34 52.33 52.62 53.23 54.17 55.44 56.94 58.51 60.10 61.72 63.36 65.01 66.68 68.36 70.04 71.72 73.39 75.08 76.81 78.56 80.35 82.16 83.99 85.85 87.72 89.61 91.51 93.42 95.36 97.35 99.39 101.47 103.59 105.74 107.92 110.13 112.35 114.59 116.84 119.09 121.34 123.58 125.81 128.03 130.23 132.40 134.54 136.65 138.72 140.74 142.71 144.63 146.49
96.37 93.38 90.39 87.41 84.47 81.56 78.72 75.95 73.27 70.69 68.23 65.89 63.70 61.67 59.82 58.15 56.68 55.43 54.41 53.64 53.13 52.89 52.94 53.29 53.96 54.96 56.30 57.86 59.48 61.13 62.79 64.47 66.16 67.86 69.55 71.25 72.94 74.64 76.38 78.14 79.94 81.77 83.61 85.48 87.37 89.26 91.18 93.12 95.12 97.17 99.26 101.40 103.57 105.77 108.00 110.25 112.52 114.79 117.08 119.37 121.65 123.92 126.19 128.43 130.65 132.85 135.01 137.13 139.21 141.25 143.23 145.16 147.02
99.38 96.41 93.43 90.45 87.49 84.56 81.67 78.85 76.10 73.44 70.89 68.45 66.14 63.98 61.98 60.16 58.53 57.10 55.89 54.91 54.18 53.72 53.52 53.62 54.03 54.75 55.81 57.20 58.82 60.49 62.18 63.88 65.59 67.31 69.02 70.73 72.44 74.15 75.90 77.68 79.48 81.32 83.18 85.06 86.95 88.87 90.82 92.82 94.87 96.98 99.13 101.31 103.53 105.78 108.06 110.35 112.65 114.97 117.29 119.61 121.92 124.22 126.51 128.78 131.02 133.24 135.41 137.55 139.65 141.69 143.68 145.61 147.48
102.62 99.67 96.70 93.72 90.75 87.79 84.87 81.99 79.18 76.44 73.80 71.26 68.84 66.55 64.41 62.44 60.64 59.04 57.64 56.46 55.52 54.82 54.39 54.24 54.38 54.82 55.59 56.69 58.14 59.80 61.51 63.24 64.97 66.70 68.44 70.16 71.88 73.60 75.36 77.15 78.97 80.82 82.69 84.58 86.49 88.44 90.44 92.50 94.62 96.77 98.97 101.21 103.47 105.77 108.08 110.41 112.75 115.10 117.46 119.81 122.15 124.48 126.79 129.07 131.34 133.57 135.76 137.91 140.01 142.06 144.06 145.99 147.86
106.09 103.17 100.21 97.23 94.24 91.26 88.30 85.38 82.50 79.69 76.96 74.32 71.79 69.38 67.10 64.98 63.02 61.24 59.66 58.28 57.12 56.20 55.54 55.14 55.01 55.19 55.67 56.47 57.61 59.09 60.80 62.54 64.30 66.05 67.80 69.54 71.27 73.00 74.77 76.58 78.41 80.27 82.15 84.05 85.99 88.00 90.06 92.18 94.34 96.55 98.80 101.08 103.39 105.72 108.07 110.44 112.82 115.20 117.58 119.96 122.32 124.68 127.01 129.31 131.59 133.83 136.04 138.20 140.30 142.36 144.36 146.29 148.16
109.80 106.90 103.96 100.98 97.99 94.98 91.99 89.02 86.08 83.20 80.38 77.65 75.01 72.47 70.06 67.79 65.68 63.72 61.95 60.38 59.01 57.87 56.97 56.32 55.94 55.84 56.04 56.55 57.38 58.55 60.06 61.80 63.57 65.34 67.10 68.86 70.60 72.35 74.13 75.94 77.79 79.66 81.55 83.49 85.49 87.55 89.67 91.83 94.05 96.30 98.60 100.92 103.27 105.64 108.03 110.43 112.84 115.25 117.66 120.06 122.45 124.82 127.17 129.49 131.78 134.03 136.24 138.41 140.52 142.58 144.58 146.51 148.36
113.74 110.88 107.96 104.98 101.98 98.96 95.93 92.91 89.92 86.97 84.07 81.24 78.49 75.84 73.30 70.88 68.61 66.48 64.53 62.76 61.19 59.83 58.70 57.80 57.16 56.79 56.71 56.92 57.45 58.30 59.49 61.03 62.78 64.57 66.35 68.12 69.88 71.64 73.43 75.26 77.11 78.99 80.92 82.91 84.97 87.08 89.25 91.47 93.73 96.03 98.37 100.73 103.12 105.53 107.95 110.38 112.82 115.25 117.69 120.11 122.52 124.90 127.27 129.60 131.90 134.16 136.38 138.55 140.66 142.72 144.71 146.63 148.48
117.94 115.11 112.20 109.24 106.23 103.18 100.13 97.07 94.02 91.00 88.02 85.10 82.25 79.48 76.81 74.25 71.82 69.53 67.40 65.43 63.66 62.08 60.72 59.58 58.69 58.05 57.69 57.61 57.83 58.36 59.22 60.43 61.98 63.75 65.55 67.33 69.10 70.87 72.67 74.51 76.37 78.29 80.27 82.32 84.43 86.60 88.82 91.08 93.39 95.73 98.10 100.50 102.93 105.37 107.82 110.28 112.74 115.21 117.66 120.10 122.52 124.93 127.30 129.65 131.95 134.22 136.44 138.61 140.72 142.77 144.75 146.67 148.51
122.38 119.58 116.70 113.74 110.73 107.67 104.59 101.49 98.39 95.31 92.25 89.23 86.28 83.39 80.60 77.90 75.31 72.86 70.55 68.40 66.42 64.63 63.04 61.66 60.51 59.61 58.97 58.60 58.52 58.74 59.27 60.14 61.35 62.91 64.69 66.48 68.26 70.04 71.86 73.71 75.61 77.58 79.61 81.72 83.88 86.09 88.36 90.66 93.01 95.39 97.80 100.24 102.70 105.17 107.65 110.13 112.62 115.10 117.57 120.03 122.47 124.88 127.26 129.61 131.93 134.19 136.41 138.58 140.69 142.73 144.71 146.61 148.44
127.07 124.31 121.45 118.51 115.50 112.43 109.32 106.18 103.03 99.88 96.75 93.65 90.59 87.60 84.67 81.84 79.10 76.49 74.00 71.66 69.48 67.48 65.66 64.05 62.65 61.49 60.57 59.91 59.53 59.44 59.65 60.18 61.04 62.25 63.80 65.58 67.37 69.16 70.99 72.87 74.82 76.84 78.94 81.09 83.30 85.56 87.86 90.21 92.60 95.02 97.46 99.93 102.42 104.91 107.42 109.93 112.43 114.93 117.42 119.89 122.34 124.76 127.15 129.51 131.82 134.09 136.30 138.47 140.57 142.60 144.56 146.45 148.26
132.02 129.30 126.47 123.54 120.53 117.45 114.32 111.15 107.95 104.74 101.53 98.35 95.19 92.08 89.04 86.07 83.19 80.41 77.75 75.23 72.85 70.63 68.59 66.74 65.10 63.68 62.48 61.54 60.86 60.46 60.35 60.54 61.06 61.90 63.10 64.65 66.41 68.22 70.07 72.01 74.02 76.09 78.23 80.43 82.69 84.99 87.34 89.73 92.15 94.60 97.08 99.58 102.09 104.61 107.14 109.67 112.19 114.70 117.20 119.68 122.14 124.57 126.96 129.32 131.63 133.90 136.11 138.26 140.35 142.37 144.32 146.19 147.98
137.22 134.54 131.74 128.83 125.82 122.74 119.58 116.38 113.13 109.87 106.59 103.32 100.07 96.86 93.69 90.59 87.56 84.62 81.80 79.09 76.52 74.09 71.83 69.75 67.86 66.18 64.72 63.49 62.52 61.81 61.38 61.24 61.41 61.90 62.72 63.90 65.41 67.17 69.08 71.07 73.13 75.26 77.45 79.70 81.99 84.34 86.73 89.15 91.61 94.09 96.60 99.12 101.66 104.20 106.75 109.30 111.83 114.36 116.87 119.36 121.83 124.26 126.66 129.01 131.32 133.58 135.78 137.92 140.00 142.01 143.94 145.79 147.56
142.51 139.88 137.11 134.23 131.23 128.14 124.97 121.74 118.46 115.14 111.80 108.46 105.12 101.80 98.52 95.29 92.13 89.04 86.05 83.17 80.41 77.78 75.31 73.00 70.87 68.94 67.22 65.71 64.45 63.44 62.69 62.23 62.06 62.20 62.66 63.43 64.23 65.37 67.23 69.29 71.42 73.60 75.85 78.16 80.51 82.91 85.34 87.82 90.32 92.85 95.39 97.96 100.53 103.11 105.69 108.26 110.83 113.38 115.92 118.43 120.91 123.36 125.77 128.13 130.45 132.72 134.92 137.07 139.14 141.15 143.08 144.92 146.68
147.73 145.16 142.44 139.59 136.62 133.54 130.37 127.12 123.81 120.45 117.06 113.65 110.23 106.82 103.44 100.09 96.80 93.57 90.43 87.38 84.44 81.63 78.95 76.43 74.07 71.90 69.92 68.15 66.61 65.31 64.26 63.48 62.99 62.79 62.86 62.93 62.68 62.77 64.01 66.04 68.25 70.53 72.86 75.24 77.67 80.15 82.66 85.20 87.77 90.36 92.98 95.60 98.23 100.87 103.50 106.13 108.75 111.35 113.93 116.48 119.01 121.49 123.94 126.34 128.69 130.98 133.22 135.39 137.49 139.51 141.46 143.32 145.09
152.88 150.38 147.71 144.91 141.96 138.91 135.74 132.49 129.16 125.77 122.34 118.87 115.39 111.90 108.43 104.97 101.56 98.21 94.92 91.72 88.61 85.62 82.75 80.02 77.45 75.04 72.82 70.80 68.99 67.41 66.07 64.99 64.17 63.61 63.02 62.10 60.79 59.81 60.02 61.46 63.67 66.05 68.49 70.98 73.51 76.08 78.69 81.33 83.99 86.68 89.38 92.09 94.80 97.52 100.23 102.94 105.63 108.30 110.95 113.57 116.16 118.70 121.21 123.67 126.07 128.42 130.71 132.92 135.07 137.14 139.12 141.02 142.83
157.93 155.51 152.92 150.17 147.27 144.24 141.10 137.85 134.51 131.11 127.64 124.13 120.59 117.03 113.47 109.93 106.41 102.94 99.52 96.17 92.90 89.74 86.69 83.77 80.99 78.37 75.91 73.65 71.58 69.73 68.11 66.73 65.58 64.39 62.86 60.92 58.59 56.57 55.75 56.19 57.84 60.24 62.81 65.42 68.08 70.78 73.51 76.26 79.04 81.84 84.65 87.47 90.29 93.11 95.93 98.73 101.52 104.29 107.03 109.74 112.42 115.05 117.64 120.18 122.66 125.09 127.45 129.74 131.95 134.09 136.14 138.10 139.97
162.90 160.57 158.05 155.37 152.52 149.54 146.42 143.19 139.86 136.44 132.95 129.41 125.82 122.20 118.58 114.95 111.33 107.75 104.21 100.73 97.32 93.99 90.77 87.67 84.69 81.86 79.19 76.69 74.38 72.27 70.37 68.68 66.94 64.85 62.36 59.45 56.12 53.09 51.26 50.71 51.40 53.27 55.88 58.64 61.45 64.29 67.16 70.06 72.98 75.91 78.86 81.81 84.77 87.71 90.66 93.58 96.49 99.38 102.24 105.06 107.85 110.59 113.29 115.93 118.52 121.04 123.50 125.89 128.19 130.42 132.56 134.61 136.56
167.76 165.53 163.10 160.49 157.71 154.78 151.70 148.50 145.18 141.76 138.27 134.70 131.07 127.41 123.72 120.02 116.32 112.64 108.99 105.38 101.84 98.36 94.98 91.70 88.54 85.51 82.63 79.91 77.36 75.00 72.82 70.57 67.98 64.99 61.58 57.72 53.42 49.41 46.61 45.08 44.81 45.75 47.86 50.69 53.67 56.68 59.72 62.78 65.86 68.96 72.06 75.17 78.28 81.38 84.47 87.54 90.60 93.63 96.62 99.59 102.51 105.38 108.21 110.98 113.70 116.34 118.92 121.43 123.85 126.19 128.44 130.60 132.66
172.50 170.39 168.06 165.54 162.83 159.96 156.93 153.77 150.47 147.07 143.57 139.99 136.34 132.64 128.90 125.14 121.36 117.59 113.84 110.12 106.45 102.85 99.31 95.87 92.54 89.32 86.24 83.30 80.53 77.91 75.21 72.16 68.72 64.85 60.54 55.76 50.52 45.56 41.82 39.35 38.14 38.16 39.37 41.73 44.79 48.00 51.23 54.48 57.75 61.03 64.32 67.61 70.89 74.17 77.43 80.67 83.90 87.09 90.25 93.37 96.45 99.49 102.47 105.39 108.26 111.05 113.77 116.42 118.99 121.47 123.85 126.14 128.33
177.13 175.14 172.92 170.50 167.88 165.08 162.11 158.99 155.73 152.35 148.86 145.28 141.62 137.89 134.11 130.29 126.46 122.61 118.77 114.95 111.16 107.43 103.76 100.16 96.66 93.27 90.00 86.86 83.85 80.74 77.29 73.44 69.17 64.46 59.28 53.61 47.47 41.59 36.93 33.56 31.44 30.56 30.88 32.38 35.00 38.31 41.76 45.22 48.70 52.19 55.68 59.17 62.66 66.13 69.59 73.03 76.44 79.83 83.18 86.48 89.75 92.96 96.12 99.22 102.26 105.22 108.11 110.93 113.66 116.30 118.84 121.29 123.64
181.63 179.77 177.67 175.36 172.83 170.11 167.22 164.16 160.95 157.60 154.13 150.56 146.89 143.15 139.34 135.48 131.59 127.67 123.75 119.84 115.95 112.10 108.30 104.57 100.91 97.35 93.90 90.55 87.09 83.29 79.08 74.46 69.40 63.86 57.85 51.32 44.30 37.53 31.99 27.74 24.74 22.99 22.45 23.09 24.89 27.79 31.36 35.06 38.78 42.50 46.22 49.93 53.64 57.34 61.02 64.68 68.30 71.90 75.46 78.98 82.45 85.86 89.22 92.52 95.75 98.91 102.00 105.00 107.92 110.74 113.47 116.10 118.62
185.98 184.27 182.30 180.11 177.69 175.07 172.25 169.26 166.11 162.80 159.37 155.81 152.15 148.40 144.57 140.69 136.75 132.78 128.79 124.80 120.82 116.86 112.94 109.08 105.28 101.56 97.92 94.16 90.05 85.54 80.62 75.25 69.42 63.10 56.28 48.92 41.05 33.43 27.03 21.93 18.09 15.49 14.11 13.93 14.90 17.01 20.21 24.06 28.03 32.00 35.98 39.95 43.90 47.85 51.77 55.67 59.53 63.37 67.16 70.91 74.61 78.25 81.84 85.36 88.81 92.19 95.49 98.70 101.83 104.86 107.80 110.63 113.36
190.19 188.63 186.81 184.74 182.44 179.92 177.20 174.29 171.20 167.95 164.56 161.04 157.39 153.65 149.81 145.90 141.93 137.92 133.87 129.81 125.75 121.69 117.67 113.68 109.75 105.87 101.85 97.49 92.73 87.55 81.93 75.85 69.28 62.21 54.61 46.45 37.76 29.31 22.09 16.17 11.52 8.11 5.93 4.94 5.11 6.44 8.88 12.38 16.52 20.78 25.03 29.27 33.50 37.71 41.90 46.06 50.19 54.28 58.33 62.34 66.29 70.18 74.02 77.78 81.48 85.10 88.64 92.09 95.45 98.72 101.89 104.95 107.90
194.25 192.85 191.18 189.25 187.08 184.68 182.06 179.24 176.23 173.04 169.70 166.22 162.60 158.87 155.04 151.12 147.13 143.08 138.99 134.87 130.73 126.59 122.47 118.37 114.30 110.08 105.51 100.55 95.17 89.35 83.06 76.29 69.02 61.22 52.87 43.95 34.48 25.23 17.21 10.50 5.06 0.87 0.00 0.00 0.00 0.00 0.00 0.60 4.42 8.87 13.42 17.96 22.48 26.99 31.47 35.92 40.33 44.71 49.04 53.32 57.55 61.72 65.83 69.86 73.83 77.71 81.51 85.23 88.85 92.37 95.79 99.10 102.30
