data_processed/recharge/precip/Precip_1988_12.asc
ncols        168
nrows        136
xllcorner    455000
yllcorner    2107000
cellsize     500
NODATA_value     -99999
[rows 38 to 75 of 136, columns 0 to 83 of 168]
0.00 0.00 0.00 0.00 0.00 0.00 0.00 0.00 0.00 0.00 0.14 0.31 0.47 0.62 0.76 0.88 0.97 1.03 1.06 1.07 1.05 1.01 0.96 0.91 0.85 0.80 0.74 0.67 0.61 0.55 0.49 0.43 0.37 0.32 0.26 0.21 0.16 0.12 0.08 0.04 0.02 0.00 0.00 0.00 0.00 0.00 0.00 0.02 0.03 0.04 0.05 0.05 0.05 0.05 0.05 0.04 0.04 0.03 0.03 0.03 0.02 0.02 0.01 0.01 0.01 0.00 0.00 0.00 0.00 0.00 0.00 0.00 0.00 0.00 0.00 0.00 0.00 0.00 0.00 0.00 0.00 0.00 0.00 0.00
0.00 0.00 0.00 0.00 0.00 0.00 0.00 0.00 0.00 0.00 0.10 0.28 0.46 0.62 0.76 0.87 0.96 1.01 1.04 1.05 1.03 0.99 0.94 0.89 0.83 0.77 0.71 0.65 0.59 0.53 0.47 0.41 0.35 0.29 0.24 0.19 0.14 0.10 0.06 0.03 0.00 0.00 0.00 0.00 0.00 0.00 0.00 0.02 0.03 0.04 0.05 0.06 0.06 0.06 0.06 0.05 0.05 0.04 0.04 0.03 0.03 0.02 0.02 0.01 0.01 0.00 0.00 0.00 0.00 0.00 0.00 0.00 0.00 0.00 0.00 0.00 0.00 0.00 0.00 0.00 0.00 0.00 0.00 0.00
0.00 0.00 0.00 0.00 0.00 0.00 0.00 0.00 0.00 0.00 0.07 0.27 0.46 0.62 0.76 0.87 0.94 1.00 1.02 1.03 1.01 0.97 0.92 0.86 0.81 0.75 0.69 0.63 0.56 0.50 0.44 0.38 0.32 0.27 0.21 0.16 0.12 0.07 0.04 0.01 0.00 0.00 0.00 0.00 0.00 0.00 0.00 0.02 0.03 0.05 0.05 0.06 0.06 0.06 0.06 0.06 0.05 0.05 0.04 0.03 0.03 0.02 0.02 0.01 0.01 0.00 0.00 0.00 0.00 0.00 0.00 0.00 0.00 0.00 0.00 0.00 0.00 0.00 0.00 0.00 0.00 0.00 0.00 0.00
0.00 0.00 0.00 0.00 0.00 0.00 0.00 0.00 0.00 0.00 0.06 0.27 0.46 0.62 0.75 0.85 0.93 0.98 1.00 1.00 0.98 0.94 0.89 0.84 0.78 0.72 0.66 0.60 0.54 0.48 0.41 0.36 0.30 0.24 0.19 0.14 0.09 0.05 0.02 0.00 0.00 0.00 0.00 0.00 0.00 0.00 0.00 0.02 0.04 0.05 0.06 0.06 0.07 0.07 0.07 0.06 0.06 0.05 0.04 0.04 0.03 0.02 0.02 0.01 0.01 0.00 0.00 0.00 0.00 0.00 0.00 0.00 0.00 0.00 0.00 0.00 0.00 0.00 0.00 0.00 0.00 0.00 0.00 0.00
0.00 0.00 0.00 0.00 0.00 0.00 0.00 0.00 0.00 0.00 0.07 0.28 0.47 0.62 0.74 0.84 0.91 0.95 0.98 0.97 0.95 0.91 0.86 0.81 0.75 0.69 0.63 0.57 0.51 0.45 0.39 0.33 0.27 0.21 0.16 0.11 0.07 0.04 0.01 0.00 0.00 0.00 0.00 0.00 0.00 0.00 0.00 0.02 0.04 0.05 0.06 0.07 0.07 0.07 0.07 0.07 0.06 0.06 0.05 0.04 0.03 0.02 0.02 0.01 0.01 0.00 0.00 0.00 0.00 0.00 0.00 0.00 0.00 0.00 0.00 0.00 0.00 0.00 0.00 0.00 0.00 0.00 0.00 0.00
0.00 0.00 0.00 0.00 0.00 0.00 0.00 0.00 0.00 0.00 0.08 0.29 0.46 0.61 0.73 0.82 0.89 0.93 0.95 0.94 0.92 0.88 0.83 0.77 0.72 0.66 0.60 0.54 0.48 0.42 0.36 0.30 0.24 0.19 0.14 0.09 0.05 0.02 0.00 0.00 0.00 0.00 0.00 0.00 0.00 0.00 0.00 0.02 0.04 0.05 0.06 0.07 0.07 0.07 0.07 0.07 0.06 0.06 0.05 0.04 0.03 0.02 0.02 0.01 0.01 0.01 0.00 0.00 0.00 0.00 0.00 0.00 0.00 0.00 0.00 0.00 0.00 0.00 0.00 0.00 0.00 0.00 0.00 0.00
0.00 0.00 0.00 0.00 0.00 0.00 0.00 0.00 0.00 0.00 0.09 0.29 0.46 0.60 0.71 0.80 0.86 0.90 0.92 0.91 0.89 0.85 0.80 0.74 0.68 0.62 0.56 0.50 0.44 0.38 0.32 0.27 0.21 0.16 0.11 0.07 0.04 0.01 0.00 0.00 0.00 0.00 0.00 0.00 0.00 0.00 0.00 0.02 0.04 0.05 0.06 0.07 0.07 0.07 0.07 0.07 0.06 0.06 0.05 0.04 0.03 0.02 0.02 0.01 0.01 0.01 0.00 0.00 0.00 0.00 0.00 0.00 0.00 0.00 0.00 0.00 0.00 0.00 0.00 0.00 0.00 0.00 0.00 0.00
0.00 0.00 0.00 0.00 0.00 0.00 0.00 0.00 0.00 0.00 0.11 0.29 0.45 0.59 0.69 0.78 0.84 0.87 0.89 0.88 0.85 0.81 0.76 0.71 0.65 0.59 0.53 0.47 0.41 0.35 0.29 0.24 0.18 0.13 0.09 0.05 0.02 0.00 0.00 0.00 0.00 0.00 0.00 0.00 0.00 0.00 0.00 0.02 0.03 0.05 0.06 0.06 0.07 0.07 0.07 0.06 0.06 0.05 0.04 0.04 0.03 0.02 0.02 0.01 0.01 0.01 0.00 0.00 0.00 0.00 0.00 0.00 0.00 0.00 0.00 0.00 0.00 0.00 0.00 0.00 0.00 0.00 0.00 0.00
0.00 0.00 0.00 0.00 0.00 0.00 0.00 0.00 0.00 0.00 0.14 0.30 0.44 0.57 0.67 0.75 0.81 0.84 0.85 0.84 0.82 0.78 0.72 0.67 0.61 0.55 0.50 0.44 0.38 0.32 0.26 0.21 0.16 0.11 0.07 0.04 0.01 0.00 0.00 0.00 0.00 0.00 0.00 0.00 0.00 0.00 0.00 0.02 0.03 0.04 0.05 0.06 0.06 0.06 0.06 0.06 0.05 0.05 0.04 0.03 0.03 0.02 0.02 0.01 0.01 0.01 0.00 0.00 0.00 0.00 0.00 0.00 0.00 0.00 0.00 0.00 0.00 0.00 0.00 0.00 0.00 0.00 0.00 0.00
0.00 0.00 0.00 0.00 0.00 0.00 0.00 0.00 0.00 0.06 0.19 0.32 0.44 0.56 0.65 0.73 0.78 0.81 0.82 0.81 0.78 0.74 0.69 0.63 0.58 0.52 0.46 0.40 0.34 0.28 0.23 0.18 0.13 0.09 0.06 0.03 0.00 0.00 0.00 0.00 0.00 0.00 0.00 0.00 0.00 0.00 0.00 0.02 0.03 0.04 0.05 0.05 0.06 0.06 0.05 0.05 0.04 0.04 0.04 0.03 0.03 0.02 0.02 0.01 0.01 0.01 0.00 0.00 0.00 0.00 0.00 0.00 0.00 0.00 0.00 0.00 0.00 0.00 0.00 0.00 0.00 0.00 0.00 0.00
0.00 0.00 0.00 0.00 0.00 0.00 0.00 0.00 0.03 0.14 0.25 0.35 0.45 0.55 0.63 0.70 0.75 0.78 0.78 0.77 0.74 0.70 0.65 0.60 0.54 0.48 0.42 0.37 0.31 0.25 0.20 0.16 0.12 0.08 0.05 0.02 0.00 0.00 0.00 0.00 0.00 0.00 0.00 0.00 0.00 0.00 0.00 0.02 0.03 0.04 0.04 0.05 0.05 0.05 0.04 0.04 0.04 0.03 0.03 0.03 0.02 0.02 0.02 0.01 0.01 0.01 0.00 0.00 0.00 0.00 0.00 0.00 0.00 0.00 0.00 0.00 0.00 0.00 0.00 0.00 0.00 0.00 0.00 0.00
0.00 0.00 0.00 0.00 0.00 0.00 0.00 0.04 0.14 0.23 0.31 0.39 0.47 0.55 0.61 0.67 0.72 0.74 0.75 0.73 0.71 0.66 0.61 0.56 0.50 0.45 0.39 0.33 0.28 0.23 0.18 0.14 0.10 0.07 0.04 0.02 0.00 0.00 0.00 0.00 0.00 0.00 0.00 0.00 0.00 0.00 0.00 0.01 0.02 0.03 0.04 0.04 0.04 0.04 0.03 0.03 0.03 0.03 0.02 0.02 0.02 0.02 0.01 0.01 0.01 0.01 0.00 0.00 0.00 0.00 0.00 0.00 0.00 0.00 0.00 0.00 0.00 0.00 0.00 0.00 0.00 0.00 0.00 0.00
0.00 0.00 0.00 0.00 0.00 0.00 0.08 0.16 0.23 0.30 0.37 0.44 0.50 0.56 0.61 0.65 0.69 0.71 0.71 0.70 0.67 0.63 0.57 0.52 0.47 0.41 0.35 0.30 0.25 0.20 0.16 0.12 0.09 0.06 0.03 0.01 0.00 0.00 0.00 0.00 0.00 0.00 0.00 0.00 0.00 0.00 0.00 0.01 0.02 0.03 0.03 0.03 0.03 0.03 0.03 0.02 0.02 0.02 0.02 0.02 0.02 0.01 0.01 0.01 0.01 0.01 0.00 0.00 0.00 0.00 0.00 0.00 0.00 0.00 0.00 0.00 0.00 0.00 0.00 0.00 0.00 0.00 0.00 0.00
0.00 0.00 0.00 0.00 0.06 0.13 0.19 0.25 0.31 0.37 0.43 0.48 0.53 0.57 0.60 0.64 0.66 0.67 0.67 0.66 0.63 0.59 0.54 0.49 0.43 0.38 0.32 0.27 0.23 0.18 0.15 0.11 0.08 0.06 0.03 0.01 0.00 0.00 0.00 0.00 0.00 0.00 0.00 0.00 0.00 0.00 0.00 0.01 0.01 0.02 0.02 0.02 0.02 0.02 0.02 0.02 0.02 0.01 0.01 0.01 0.01 0.01 0.01 0.01 0.01 0.00 0.00 0.00 0.00 0.00 0.00 0.00 0.00 0.00 0.00 0.00 0.00 0.00 0.00 0.00 0.00 0.00 0.00 0.00
0.00 0.02 0.07 0.12 0.17 0.22 0.28 0.33 0.38 0.43 0.47 0.51 0.55 0.58 0.60 0.62 0.64 0.64 0.64 0.62 0.59 0.55 0.50 0.45 0.40 0.34 0.30 0.25 0.21 0.17 0.14 0.11 0.08 0.05 0.03 0.02 0.00 0.00 0.00 0.00 0.00 0.00 0.00 0.00 0.00 0.00 0.00 0.00 0.01 0.01 0.01 0.01 0.01 0.01 0.01 0.01 0.01 0.01 0.01 0.01 0.01 0.01 0.01 0.01 0.00 0.00 0.00 0.00 0.00 0.00 0.00 0.00 0.00 0.00 0.00 0.00 0.00 0.00 0.00 0.00 0.00 0.00 0.00 0.00
0.07 0.11 0.16 0.20 0.24 0.29 0.33 0.38 0.42 0.46 0.49 0.53 0.56 0.58 0.60 0.61 0.62 0.62 0.61 0.59 0.56 0.52 0.47 0.42 0.37 0.32 0.27 0.23 0.20 0.16 0.13 0.10 0.08 0.06 0.04 0.02 0.01 0.00 0.00 0.00 0.00 0.00 0.00 0.00 0.00 0.00 0.00 0.00 0.00 0.00 0.00 0.00 0.00 0.00 0.00 0.00 0.00 0.00 0.00 0.00 0.00 0.00 0.00 0.00 0.00 0.00 0.00 0.00 0.00 0.00 0.00 0.00 0.00 0.00 0.00 0.00 0.00 0.00 0.00 0.00 0.00 0.00 0.00 0.00
0.12 0.16 0.19 0.23 0.27 0.31 0.35 0.39 0.43 0.46 0.50 0.52 0.55 0.57 0.58 0.59 0.59 0.59 0.58 0.55 0.52 0.48 0.43 0.38 0.34 0.30 0.26 0.22 0.19 0.16 0.13 0.11 0.08 0.06 0.05 0.03 0.02 0.01 0.00 0.00 0.00 0.00 0.00 0.00 0.00 0.00 0.00 0.00 0.00 0.00 0.00 0.00 0.00 0.00 0.00 0.00 0.00 0.00 0.00 0.00 0.00 0.00 0.00 0.00 0.00 0.00 0.00 0.00 0.00 0.00 0.00 0.00 0.00 0.00 0.00 0.00 0.00 0.00 0.00 0.00 0.00 0.00 0.00 0.00
0.11 0.14 0.18 0.21 0.25 0.29 0.33 0.37 0.40 0.44 0.47 0.50 0.52 0.54 0.55 0.56 0.56 0.56 0.54 0.52 0.49 0.45 0.40 0.36 0.32 0.28 0.25 0.22 0.19 0.16 0.13 0.11 0.09 0.08 0.06 0.05 0.03 0.02 0.01 0.01 0.00 0.00 0.00 0.00 0.00 0.00 0.00 0.00 0.00 0.00 0.00 0.00 0.00 0.00 0.00 0.00 0.00 0.00 0.00 0.00 0.00 0.00 0.00 0.00 0.00 0.00 0.00 0.00 0.00 0.00 0.00 0.00 0.00 0.00 0.00 0.00 0.00 0.00 0.00 0.00 0.00 0.00 0.00 0.00
0.06 0.09 0.13 0.17 0.20 0.24 0.28 0.32 0.36 0.39 0.43 0.45 0.48 0.50 0.52 0.52 0.53 0.52 0.51 0.49 0.46 0.42 0.38 0.34 0.30 0.27 0.24 0.21 0.19 0.16 0.14 0.12 0.10 0.09 0.07 0.06 0.05 0.04 0.03 0.02 0.01 0.01 0.00 0.00 0.00 0.00 0.00 0.00 0.00 0.00 0.00 0.00 0.00 0.00 0.00 0.00 0.00 0.00 0.00 0.00 0.00 0.00 0.00 0.00 0.00 0.00 0.00 0.00 0.00 0.00 0.00 0.00 0.00 0.00 0.00 0.00 0.00 0.00 0.00 0.00 0.00 0.00 0.00 0.00
0.01 0.05 0.08 0.12 0.16 0.20 0.24 0.28 0.32 0.36 0.39 0.42 0.45 0.47 0.48 0.49 0.50 0.50 0.49 0.47 0.44 0.40 0.36 0.32 0.29 0.26 0.24 0.21 0.19 0.17 0.15 0.13 0.11 0.10 0.09 0.07 0.06 0.05 0.04 0.03 0.03 0.02 0.01 0.00 0.00 0.00 0.00 0.00 0.00 0.00 0.00 0.00 0.00 0.00 0.00 0.00 0.00 0.00 0.00 0.00 0.00 0.00 0.00 0.00 0.00 0.00 0.00 0.00 0.00 0.00 0.00 0.00 0.00 0.00 0.00 0.00 0.00 0.00 0.00 0.00 0.00 0.00 0.00 0.00
0.00 0.01 0.05 0.09 0.13 0.17 0.21 0.25 0.29 0.33 0.36 0.39 0.42 0.44 0.46 0.47 0.48 0.48 0.47 0.45 0.42 0.38 0.34 0.30 0.28 0.25 0.23 0.21 0.19 0.17 0.15 0.14 0.12 0.11 0.10 0.09 0.07 0.06 0.05 0.04 0.03 0.02 0.01 0.01 0.00 0.00 0.00 0.00 0.00 0.00 0.00 0.00 0.00 0.00 0.00 0.00 0.00 0.00 0.00 0.00 0.00 0.00 0.00 0.00 0.00 0.00 0.00 0.00 0.00 0.00 0.00 0.00 0.00 0.00 0.00 0.00 0.00 0.00 0.00 0.00 0.00 0.00 0.00 0.00
0.00 0.00 0.03 0.07 0.11 0.15 0.19 0.23 0.27 0.31 0.34 0.38 0.40 0.43 0.45 0.46 0.47 0.47 0.46 0.44 0.41 0.37 0.33 0.29 0.26 0.24 0.22 0.21 0.19 0.17 0.16 0.15 0.13 0.12 0.11 0.10 0.08 0.07 0.06 0.05 0.04 0.03 0.02 0.01 0.00 0.00 0.00 0.00 0.00 0.00 0.00 0.00 0.00 0.00 0.00 0.00 0.00 0.00 0.00 0.00 0.00 0.00 0.00 0.00 0.00 0.00 0.00 0.00 0.00 0.00 0.00 0.00 0.00 0.00 0.00 0.00 0.00 0.00 0.00 0.00 0.00 0.00 0.00 0.00
0.00 0.00 0.02 0.05 0.09 0.14 0.18 0.22 0.26 0.30 0.33 0.37 0.40 0.42 0.44 0.45 0.46 0.46 0.45 0.43 0.40 0.36 0.32 0.29 0.26 0.24 0.22 0.20 0.19 0.18 0.16 0.15 0.14 0.13 0.12 0.11 0.09 0.08 0.07 0.06 0.04 0.03 0.02 0.01 0.00 0.00 0.00 0.00 0.00 0.00 0.00 0.00 0.00 0.00 0.00 0.00 0.00 0.00 0.00 0.00 0.00 0.00 0.00 0.00 0.00 0.00 0.00 0.00 0.00 0.00 0.00 0.00 0.00 0.00 0.00 0.00 0.00 0.00 0.00 0.00 0.00 0.00 0.00 0.00
0.00 0.00 0.01 0.05 0.09 0.13 0.17 0.21 0.26 0.29 0.33 0.36 0.39 0.42 0.44 0.45 0.46 0.46 0.45 0.43 0.40 0.36 0.32 0.28 0.26 0.23 0.22 0.20 0.19 0.18 0.17 0.16 0.15 0.14 0.13 0.11 0.10 0.09 0.08 0.06 0.05 0.03 0.02 0.01 0.00 0.00 0.00 0.00 0.00 0.00 0.00 0.00 0.00 0.00 0.00 0.00 0.00 0.00 0.00 0.00 0.00 0.00 0.00 0.00 0.00 0.00 0.00 0.00 0.00 0.00 0.00 0.00 0.00 0.00 0.00 0.00 0.00 0.00 0.00 0.00 0.00 0.00 0.00 0.00
0.00 0.00 0.01 0.05 0.09 0.13 0.18 0.22 0.26 0.30 0.33 0.37 0.40 0.42 0.44 0.46 0.47 0.47 0.45 0.43 0.40 0.37 0.32 0.29 0.26 0.23 0.22 0.20 0.19 0.18 0.18 0.17 0.16 0.15 0.13 0.12 0.11 0.10 0.08 0.06 0.05 0.03 0.02 0.01 0.00 0.00 0.00 0.00 0.00 0.00 0.00 0.00 0.00 0.00 0.00 0.00 0.00 0.00 0.00 0.00 0.00 0.00 0.00 0.00 0.00 0.00 0.00 0.00 0.00 0.00 0.00 0.00 0.00 0.00 0.00 0.00 0.00 0.00 0.00 0.00 0.00 0.00 0.00 0.00
0.00 0.00 0.02 0.06 0.10 0.14 0.18 0.22 0.27 0.30 0.34 0.38 0.41 0.43 0.45 0.47 0.47 0.47 0.46 0.44 0.41 0.37 0.33 0.29 0.26 0.24 0.22 0.21 0.20 0.19 0.18 0.17 0.16 0.15 0.14 0.13 0.12 0.10 0.08 0.07 0.05 0.03 0.02 0.01 0.00 0.00 0.00 0.00 0.00 0.00 0.00 0.00 0.00 0.00 0.00 0.00 0.00 0.00 0.00 0.00 0.00 0.00 0.00 0.00 0.00 0.00 0.00 0.00 0.00 0.00 0.00 0.00 0.00 0.00 0.00 0.00 0.00 0.00 0.00 0.00 0.00 0.00 0.00 0.00
0.00 0.00 0.03 0.07 0.11 0.15 0.20 0.24 0.28 0.32 0.35 0.39 0.42 0.45 0.47 0.48 0.48 0.48 0.47 0.45 0.42 0.38 0.34 0.30 0.27 0.25 0.23 0.21 0.20 0.19 0.19 0.18 0.17 0.16 0.15 0.14 0.12 0.10 0.09 0.07 0.05 0.04 0.02 0.01 0.00 0.00 0.00 0.00 0.00 0.00 0.00 0.00 0.00 0.00 0.00 0.00 0.00 0.00 0.00 0.00 0.00 0.00 0.00 0.00 0.00 0.00 0.00 0.00 0.00 0.00 0.00 0.00 0.00 0.00 0.00 0.00 0.00 0.00 0.00 0.00 0.00 0.00 0.00 0.00
0.00 0.00 0.04 0.09 0.13 0.17 0.21 0.25 0.30 0.33 0.37 0.41 0.44 0.46 0.48 0.49 0.49 0.49 0.48 0.46 0.43 0.39 0.35 0.32 0.29 0.26 0.24 0.22 0.21 0.20 0.19 0.18 0.18 0.17 0.15 0.14 0.12 0.11 0.09 0.07 0.05 0.04 0.02 0.01 0.00 0.00 0.00 0.00 0.00 0.00 0.00 0.00 0.00 0.00 0.00 0.00 0.00 0.00 0.00 0.00 0.00 0.00 0.00 0.00 0.00 0.00 0.00 0.00 0.00 0.00 0.00 0.00 0.00 0.00 0.00 0.00 0.00 0.00 0.00 0.00 0.00 0.00 0.00 0.00
0.00 0.02 0.06 0.11 0.15 0.19 0.23 0.27 0.31 0.35 0.39 0.42 0.45 0.47 0.49 0.50 0.51 0.50 0.49 0.47 0.44 0.40 0.36 0.33 0.30 0.28 0.25 0.24 0.22 0.21 0.20 0.19 0.18 0.17 0.16 0.15 0.13 0.11 0.09 0.07 0.06 0.04 0.02 0.01 0.00 0.00 0.00 0.00 0.00 0.00 0.00 0.00 0.00 0.00 0.00 0.00 0.00 0.00 0.00 0.00 0.00 0.00 0.00 0.00 0.00 0.00 0.00 0.00 0.00 0.00 0.00 0.00 0.00 0.00 0.00 0.00 0.00 0.00 0.00 0.00 0.00 0.00 0.00 0.00
0.00 0.04 0.09 0.13 0.17 0.21 0.26 0.30 0.34 0.37 0.41 0.44 0.47 0.49 0.51 0.51 0.52 0.51 0.50 0.48 0.45 0.42 0.38 0.34 0.31 0.29 0.27 0.25 0.24 0.22 0.21 0.20 0.19 0.18 0.17 0.15 0.13 0.11 0.10 0.08 0.06 0.04 0.02 0.01 0.00 0.00 0.00 0.00 0.00 0.00 0.00 0.00 0.00 0.00 0.00 0.00 0.00 0.00 0.00 0.00 0.00 0.00 0.00 0.00 0.00 0.00 0.00 0.00 0.00 0.00 0.00 0.00 0.00 0.00 0.00 0.00 0.00 0.00 0.00 0.00 0.00 0.00 0.00 0.00
0.03 0.07 0.11 0.15 0.20 0.24 0.28 0.32 0.36 0.40 0.43 0.46 0.48 0.50 0.52 0.53 0.53 0.52 0.51 0.49 0.47 0.43 0.39 0.36 0.33 0.31 0.29 0.27 0.25 0.24 0.22 0.21 0.20 0.19 0.17 0.16 0.14 0.12 0.10 0.08 0.06 0.04 0.03 0.01 0.00 0.00 0.00 0.00 0.00 0.00 0.00 0.00 0.00 0.00 0.00 0.00 0.00 0.00 0.00 0.00 0.00 0.00 0.00 0.00 0.00 0.00 0.00 0.00 0.00 0.00 0.00 0.00 0.00 0.00 0.00 0.00 0.00 0.00 0.00 0.00 0.00 0.00 0.00 0.00
0.06 0.10 0.14 0.18 0.22 0.26 0.30 0.34 0.38 0.42 0.45 0.48 0.50 0.52 0.53 0.54 0.54 0.54 0.52 0.51 0.48 0.44 0.41 0.38 0.35 0.32 0.30 0.28 0.27 0.25 0.24 0.22 0.21 0.19 0.18 0.16 0.14 0.12 0.10 0.08 0.06 0.04 0.03 0.01 0.00 0.00 0.00 0.00 0.00 0.00 0.00 0.00 0.00 0.00 0.00 0.00 0.00 0.00 0.00 0.00 0.00 0.00 0.00 0.00 0.00 0.00 0.00 0.00 0.00 0.00 0.00 0.00 0.00 0.00 0.00 0.00 0.00 0.00 0.00 0.00 0.00 0.00 0.00 0.00
0.09 0.13 0.17 0.21 0.25 0.29 0.33 0.37 0.40 0.44 0.47 0.49 0.51 0.53 0.54 0.55 0.55 0.55 0.53 0.52 0.49 0.46 0.42 0.39 0.36 0.34 0.32 0.30 0.28 0.27 0.25 0.24 0.22 0.20 0.18 0.17 0.15 0.13 0.11 0.09 0.07 0.05 0.03 0.02 0.00 0.00 0.00 0.00 0.00 0.00 0.00 0.00 0.00 0.00 0.00 0.00 0.00 0.00 0.00 0.00 0.00 0.00 0.00 0.00 0.00 0.00 0.00 0.00 0.00 0.00 0.00 0.00 0.00 0.00 0.00 0.00 0.00 0.00 0.00 0.00 0.00 0.00 0.00 0.00
0.12 0.16 0.20 0.24 0.28 0.32 0.36 0.39 0.42 0.45 0.48 0.50 0.52 0.54 0.55 0.56 0.56 0.55 0.54 0.53 0.50 0.47 0.44 0.41 0.38 0.36 0.33 0.32 0.30 0.28 0.27 0.25 0.23 0.21 0.19 0.17 0.15 0.13 0.11 0.09 0.07 0.05 0.03 0.02 0.01 0.00 0.00 0.00 0.00 0.00 0.00 0.00 0.00 0.00 0.00 0.00 0.00 0.00 0.00 0.00 0.00 0.00 0.00 0.00 0.00 0.00 0.00 0.00 0.00 0.00 0.00 0.00 0.00 0.00 0.00 0.00 0.00 0.00 0.00 0.00 0.00 0.00 0.00 0.00
0.16 0.20 0.23 0.27 0.31 0.34 0.38 0.41 0.44 0.47 0.49 0.51 0.53 0.55 0.56 0.56 0.56 0.56 0.55 0.53 0.51 0.48 0.45 0.42 0.39 0.37 0.35 0.33 0.31 0.30 0.28 0.26 0.24 0.22 0.20 0.18 0.16 0.14 0.11 0.09 0.07 0.05 0.03 0.02 0.01 0.00 0.00 0.00 0.00 0.00 0.00 0.00 0.00 0.00 0.00 0.00 0.00 0.00 0.00 0.00 0.00 0.00 0.00 0.00 0.00 0.00 0.00 0.00 0.00 0.00 0.00 0.00 0.00 0.00 0.00 0.00 0.00 0.00 0.00 0.00 0.00 0.00 0.00 0.00
0.20 0.23 0.26 0.30 0.33 0.37 0.40 0.43 0.46 0.48 0.50 0.52 0.54 0.55 0.56 0.57 0.57 0.56 0.55 0.54 0.52 0.49 0.46 0.43 0.40 0.38 0.36 0.34 0.33 0.31 0.29 0.27 0.25 0.23 0.21 0.18 0.16 0.14 0.12 0.10 0.08 0.06 0.04 0.02 0.01 0.00 0.00 0.00 0.00 0.00 0.00 0.00 0.00 0.00 0.00 0.00 0.00 0.00 0.00 0.00 0.00 0.00 0.00 0.00 0.00 0.00 0.00 0.00 0.00 0.00 0.00 0.00 0.00 0.00 0.00 0.00 0.00 0.00 0.00 0.00 0.00 0.00 0.00 0.00
0.23 0.26 0.30 0.33 0.36 0.39 0.42 0.44 0.47 0.49 0.51 0.53 0.54 0.55 0.56 0.57 0.57 0.56 0.56 0.54 0.52 0.49 0.46 0.44 0.41 0.39 0.37 0.35 0.34 0.32 0.30 0.28 0.25 0.23 0.21 0.19 0.17 0.14 0.12 0.10 0.08 0.06 0.04 0.02 0.01 0.00 0.00 0.00 0.00 0.00 0.00 0.00 0.00 0.00 0.00 0.00 0.00 0.00 0.00 0.00 0.00 0.00 0.00 0.00 0.00 0.00 0.00 0.00 0.00 0.00 0.00 0.00 0.00 0.00 0.00 0.00 0.00 0.00 0.00 0.00 0.00 0.00 0.00 0.00
0.27 0.30 0.33 0.35 0.38 0.41 0.43 0.46 0.48 0.50 0.51 0.53 0.54 0.55 0.56 0.56 0.56 0.56 0.55 0.54 0.52 0.49 0.47 0.44 0.42 0.40 0.38 0.36 0.34 0.32 0.30 0.28 0.26 0.24 0.21 0.19 0.17 0.15 0.12 0.10 0.08 0.06 0.04 0.03 0.01 0.00 0.00 0.00 0.00 0.00 0.00 0.00 0.00 0.00 0.00 0.00 0.00 0.00 0.00 0.00 0.00 0.00 0.00 0.00 0.00 0.00 0.00 0.00 0.00 0.00 0.00 0.00 0.00 0.00 0.00 0.00 0.00 0.00 0.00 0.00 0.00 0.00 0.00 0.00
