data_processed/recharge/precip/Precip_2006_09.asc
ncols        168
nrows        136
xllcorner    455000
yllcorner    2107000
cellsize     500
NODATA_value     -99999
[rows 64 to 95 of 136, columns 73 to 145 of 168]
111.62 106.24 102.03 98.95 96.93 95.90 95.54 95.38 95.33 95.37 95.48 95.67 95.91 96.19 96.50 96.83 97.17 97.49 97.83 98.31 99.00 99.97 101.27 102.94 105.02 107.26 109.41 111.42 113.29 115.00 116.52 117.73 118.40 118.54 118.18 117.40 116.23 114.74 112.98 111.01 108.88 106.65 104.37 102.07 99.76 97.46 95.20 93.05 91.07 89.31 87.95 87.14 86.93 87.31 88.28 89.86 91.95 94.27 96.69 99.20 101.75 104.31 106.86 109.36 111.79 114.10 116.28 118.29 120.09 121.61 122.81 123.66 124.13
112.82 107.02 102.34 98.74 96.17 94.57 93.88 93.77 93.81 93.92 94.08 94.27 94.48 94.71 94.94 95.15 95.33 95.51 95.76 96.17 96.80 97.69 98.90 100.47 102.43 104.57 106.64 108.60 110.44 112.15 113.71 115.08 116.15 116.72 116.76 116.34 115.52 114.33 112.85 111.12 109.20 107.15 105.00 102.75 100.42 98.06 95.73 93.48 91.37 89.45 87.90 86.89 86.42 86.52 87.18 88.41 90.22 92.51 95.00 97.57 100.18 102.80 105.41 107.97 110.44 112.81 115.03 117.08 118.88 120.37 121.53 122.34 122.76
114.31 108.16 103.09 99.06 96.00 93.88 92.64 92.20 92.28 92.47 92.67 92.88 93.08 93.26 93.41 93.52 93.58 93.68 93.87 94.22 94.76 95.56 96.66 98.11 99.95 101.97 103.95 105.84 107.65 109.34 110.90 112.33 113.58 114.54 115.01 114.99 114.53 113.68 112.50 111.04 109.36 107.50 105.46 103.25 100.94 98.57 96.20 93.89 91.69 89.66 87.97 86.77 86.10 85.95 86.33 87.26 88.73 90.75 93.22 95.87 98.56 101.25 103.93 106.56 109.10 111.53 113.81 115.87 117.65 119.11 120.24 121.01 121.39
116.06 109.63 104.24 99.84 96.38 93.80 92.07 91.12 90.88 91.09 91.35 91.59 91.78 91.93 92.01 92.03 92.03 92.06 92.18 92.44 92.89 93.58 94.56 95.89 97.59 99.47 101.34 103.16 104.91 106.57 108.13 109.58 110.89 112.03 112.90 113.31 113.24 112.76 111.91 110.75 109.33 107.64 105.70 103.58 101.32 98.98 96.62 94.28 92.03 89.93 88.13 86.80 85.95 85.60 85.75 86.40 87.57 89.26 91.47 94.11 96.89 99.67 102.44 105.15 107.77 110.28 112.58 114.63 116.39 117.83 118.93 119.67 120.02
118.03 111.40 105.76 101.06 97.27 94.31 92.15 90.74 90.01 89.92 90.18 90.46 90.66 90.78 90.81 90.77 90.70 90.66 90.69 90.85 91.19 91.76 92.61 93.79 95.34 97.08 98.83 100.55 102.23 103.85 105.40 106.85 108.20 109.41 110.48 111.28 111.64 111.54 111.06 110.22 109.03 107.51 105.73 103.72 101.56 99.29 96.97 94.65 92.39 90.25 88.39 86.96 85.98 85.46 85.41 85.83 86.74 88.13 90.02 92.41 95.18 98.07 100.94 103.75 106.47 109.01 111.31 113.35 115.10 116.52 117.61 118.32 118.64
120.17 113.41 107.60 102.69 98.63 95.37 92.86 91.05 89.89 89.33 89.31 89.57 89.79 89.89 89.87 89.76 89.61 89.48 89.41 89.46 89.68 90.11 90.82 91.84 93.22 94.80 96.41 98.03 99.62 101.19 102.71 104.16 105.53 106.79 107.94 108.94 109.69 110.02 109.91 109.37 108.42 107.12 105.52 103.68 101.65 99.49 97.25 94.98 92.75 90.62 88.73 87.24 86.17 85.53 85.32 85.55 86.23 87.37 88.96 91.03 93.56 96.47 99.45 102.36 105.13 107.68 109.99 112.03 113.77 115.19 116.26 116.96 117.26
122.46 115.64 109.72 104.67 100.42 96.93 94.14 92.01 90.49 89.52 89.06 89.05 89.22 89.28 89.19 89.00 88.77 88.53 88.35 88.28 88.35 88.64 89.18 90.03 91.23 92.64 94.10 95.59 97.10 98.59 100.07 101.50 102.88 104.18 105.38 106.48 107.44 108.15 108.41 108.17 107.50 106.45 105.08 103.44 101.58 99.57 97.45 95.28 93.12 91.02 89.15 87.64 86.52 85.79 85.46 85.54 86.04 86.95 88.30 90.08 92.30 94.97 97.97 100.95 103.73 106.30 108.62 110.66 112.40 113.82 114.89 115.58 115.86
124.85 118.04 112.10 106.97 102.61 98.95 95.97 93.59 91.78 90.48 89.64 89.19 89.03 88.97 88.80 88.51 88.17 87.82 87.51 87.30 87.22 87.35 87.71 88.38 89.38 90.60 91.90 93.26 94.65 96.07 97.48 98.89 100.26 101.58 102.83 104.00 105.06 105.93 106.50 106.61 106.26 105.50 104.40 102.99 101.35 99.52 97.56 95.53 93.48 91.47 89.64 88.15 87.02 86.24 85.83 85.80 86.15 86.89 88.02 89.56 91.50 93.85 96.56 99.46 102.27 104.85 107.19 109.24 110.99 112.42 113.48 114.17 114.45
127.30 120.58 114.69 109.56 105.15 101.41 98.29 95.74 93.71 92.15 90.98 90.08 89.42 89.00 88.68 88.29 87.83 87.35 86.90 86.53 86.29 86.24 86.42 86.89 87.68 88.70 89.82 91.03 92.30 93.62 94.96 96.32 97.67 99.00 100.28 101.50 102.59 103.52 104.25 104.69 104.69 104.27 103.46 102.34 100.95 99.35 97.59 95.73 93.82 91.93 90.20 88.77 87.66 86.88 86.43 86.33 86.57 87.17 88.13 89.46 91.15 93.16 95.44 98.00 100.73 103.34 105.69 107.77 109.54 110.97 112.04 112.73 113.01
129.78 123.22 117.44 112.39 108.01 104.26 101.09 98.44 96.26 94.47 92.93 91.59 90.47 89.57 88.90 88.35 87.76 87.13 86.52 85.99 85.57 85.33 85.31 85.56 86.13 86.93 87.87 88.91 90.05 91.25 92.51 93.81 95.13 96.45 97.74 98.96 100.06 101.01 101.81 102.44 102.79 102.73 102.28 101.47 100.37 99.03 97.52 95.87 94.15 92.42 90.82 89.49 88.44 87.69 87.25 87.11 87.28 87.78 88.61 89.76 91.18 92.83 94.71 96.84 99.22 101.75 104.14 106.24 108.03 109.48 110.57 111.27 111.55
132.24 125.92 120.34 115.43 111.16 107.46 104.31 101.63 99.33 97.26 95.35 93.62 92.08 90.74 89.62 88.73 87.95 87.17 86.39 85.67 85.06 84.62 84.38 84.41 84.74 85.31 86.05 86.91 87.89 88.97 90.13 91.36 92.63 93.92 95.18 96.36 97.46 98.45 99.31 100.04 100.60 100.90 100.83 100.38 99.61 98.58 97.34 95.95 94.45 92.92 91.49 90.30 89.36 88.68 88.27 88.14 88.29 88.73 89.45 90.39 91.52 92.83 94.34 96.07 98.02 100.21 102.51 104.64 106.46 107.94 109.05 109.77 110.07
134.66 128.65 123.32 118.64 114.54 110.98 107.91 105.22 102.73 100.36 98.14 96.06 94.16 92.43 90.89 89.57 88.45 87.46 86.50 85.59 84.78 84.11 83.65 83.43 83.51 83.85 84.36 85.03 85.85 86.79 87.84 88.98 90.18 91.40 92.59 93.74 94.83 95.85 96.77 97.58 98.27 98.81 99.11 99.06 98.66 97.97 97.05 95.95 94.72 93.43 92.21 91.19 90.40 89.83 89.50 89.41 89.57 89.98 90.56 91.28 92.13 93.15 94.33 95.68 97.23 98.98 100.93 102.99 104.84 106.35 107.49 108.23 108.55
136.99 131.35 126.37 121.98 118.13 114.78 111.80 109.00 106.28 103.67 101.18 98.81 96.59 94.52 92.62 90.90 89.38 88.06 86.87 85.75 84.72 83.82 83.11 82.64 82.46 82.54 82.82 83.29 83.93 84.71 85.64 86.67 87.76 88.87 89.99 91.11 92.19 93.23 94.21 95.11 95.91 96.61 97.16 97.50 97.52 97.21 96.65 95.88 94.96 93.94 92.97 92.17 91.56 91.14 90.93 90.93 91.12 91.46 91.88 92.39 93.02 93.76 94.63 95.65 96.82 98.16 99.68 101.38 103.16 104.70 105.87 106.64 106.99
139.18 134.01 129.43 125.41 121.88 118.73 115.73 112.78 109.89 107.08 104.37 101.76 99.26 96.90 94.68 92.62 90.74 89.03 87.53 86.16 84.89 83.75 82.78 82.05 81.58 81.39 81.43 81.68 82.12 82.75 83.52 84.40 85.36 86.37 87.42 88.49 89.56 90.62 91.65 92.63 93.55 94.39 95.13 95.75 96.17 96.29 96.12 95.72 95.14 94.45 93.77 93.22 92.83 92.61 92.55 92.65 92.85 93.09 93.37 93.72 94.14 94.64 95.24 95.95 96.78 97.74 98.84 100.10 101.52 103.00 104.21 105.01 105.39
141.22 136.57 132.47 128.89 125.68 122.58 119.51 116.46 113.45 110.49 107.60 104.80 102.08 99.48 96.99 94.64 92.44 90.39 88.52 86.84 85.31 83.91 82.67 81.65 80.89 80.42 80.20 80.21 80.45 80.89 81.48 82.19 83.00 83.90 84.88 85.90 86.96 88.04 89.12 90.18 91.21 92.19 93.10 93.93 94.65 95.19 95.46 95.47 95.28 94.94 94.59 94.34 94.21 94.22 94.34 94.51 94.68 94.85 95.03 95.24 95.48 95.78 96.14 96.57 97.08 97.69 98.41 99.26 100.23 101.34 102.48 103.33 103.75
143.04 139.00 135.46 132.30 129.22 126.13 123.03 119.92 116.84 113.79 110.78 107.82 104.94 102.14 99.43 96.84 94.37 92.03 89.85 87.83 85.98 84.30 82.77 81.46 80.39 79.62 79.13 78.90 78.91 79.12 79.51 80.04 80.72 81.50 82.40 83.37 84.41 85.50 86.63 87.77 88.90 90.02 91.10 92.13 93.09 93.96 94.67 95.13 95.36 95.42 95.43 95.52 95.69 95.95 96.21 96.41 96.58 96.71 96.82 96.92 97.02 97.14 97.29 97.47 97.70 98.00 98.37 98.83 99.38 100.04 100.82 101.60 102.06
144.63 141.25 138.25 135.31 132.31 129.26 126.18 123.08 119.97 116.86 113.78 110.73 107.72 104.77 101.90 99.11 96.42 93.84 91.39 89.08 86.92 84.93 83.10 81.48 80.09 79.01 78.23 77.73 77.49 77.46 77.64 77.99 78.52 79.19 80.00 80.92 81.94 83.04 84.21 85.42 86.66 87.91 89.16 90.39 91.58 92.71 93.76 94.68 95.37 95.87 96.29 96.75 97.25 97.71 98.07 98.34 98.53 98.65 98.72 98.75 98.74 98.71 98.68 98.64 98.63 98.64 98.69 98.79 98.95 99.19 99.51 99.93 100.33
145.93 143.20 140.50 137.70 134.82 131.87 128.86 125.81 122.72 119.62 116.51 113.41 110.33 107.28 104.29 101.35 98.49 95.72 93.05 90.50 88.07 85.79 83.66 81.72 80.00 78.59 77.50 76.71 76.19 75.92 75.88 76.06 76.43 76.98 77.70 78.57 79.56 80.67 81.87 83.15 84.50 85.88 87.29 88.71 90.13 91.52 92.86 94.15 95.31 96.28 97.15 98.01 98.78 99.41 99.90 100.26 100.51 100.66 100.72 100.70 100.61 100.47 100.28 100.07 99.83 99.59 99.35 99.12 98.93 98.77 98.67 98.63 98.66
146.80 144.45 141.98 139.38 136.67 133.86 130.97 128.01 125.00 121.94 118.85 115.75 112.65 109.56 106.49 103.46 100.48 97.56 94.72 91.98 89.33 86.81 84.42 82.17 80.11 78.36 76.94 75.85 75.04 74.52 74.27 74.26 74.48 74.91 75.53 76.34 77.31 78.42 79.65 81.00 82.44 83.95 85.52 87.13 88.77 90.41 92.05 93.65 95.21 96.66 98.00 99.20 100.20 101.03 101.68 102.17 102.51 102.71 102.79 102.75 102.62 102.39 102.09 101.72 101.29 100.82 100.33 99.81 99.29 98.77 98.27 97.79 97.36
146.92 144.86 142.65 140.28 137.79 135.17 132.45 129.63 126.74 123.78 120.76 117.70 114.62 111.53 108.43 105.35 102.30 99.28 96.32 93.43 90.62 87.90 85.29 82.79 80.46 78.36 76.60 75.19 74.10 73.33 72.85 72.65 72.71 73.02 73.55 74.29 75.22 76.33 77.60 79.00 80.53 82.17 83.90 85.70 87.55 89.45 91.36 93.28 95.18 97.03 98.73 100.23 101.50 102.54 103.38 104.03 104.49 104.78 104.91 104.89 104.73 104.45 104.06 103.57 102.99 102.33 101.60 100.82 100.00 99.15 98.28 97.41 96.54
146.58 144.82 142.90 140.80 138.55 136.15 133.63 130.98 128.23 125.39 122.47 119.49 116.46 113.39 110.30 107.19 104.09 101.01 97.95 94.94 91.98 89.10 86.29 83.61 81.13 78.83 76.74 75.00 73.63 72.60 71.89 71.49 71.39 71.56 71.99 72.66 73.55 74.65 75.94 77.40 79.02 80.77 82.65 84.63 86.69 88.83 91.01 93.24 95.45 97.48 99.33 101.10 102.66 103.96 105.02 105.85 106.46 106.86 107.07 107.09 106.94 106.64 106.18 105.60 104.88 104.06 103.13 102.12 101.03 99.87 98.66 97.42 96.14
146.19 144.62 142.99 141.18 139.19 137.02 134.71 132.25 129.66 126.96 124.16 121.27 118.31 115.28 112.21 109.10 105.97 102.83 99.70 96.58 93.50 90.46 87.50 84.70 82.14 79.74 77.46 75.41 73.74 72.43 71.49 70.89 70.61 70.63 70.95 71.54 72.38 73.47 74.77 76.27 77.97 79.83 81.84 83.99 86.26 88.63 91.08 93.57 95.94 98.03 99.94 101.85 103.67 105.25 106.55 107.59 108.38 108.92 109.23 109.32 109.21 108.91 108.42 107.76 106.94 105.98 104.88 103.66 102.32 100.89 99.37 97.77 96.09
145.83 144.38 142.95 141.42 139.71 137.80 135.71 133.46 131.05 128.51 125.84 123.06 120.18 117.21 114.17 111.08 107.93 104.76 101.57 98.37 95.18 92.02 88.96 86.09 83.47 80.99 78.59 76.34 74.38 72.80 71.61 70.79 70.33 70.20 70.40 70.89 71.68 72.73 74.04 75.58 77.34 79.30 81.45 83.76 86.22 88.81 91.50 94.12 96.52 98.66 100.63 102.60 104.55 106.39 107.96 109.23 110.22 110.93 111.37 111.56 111.51 111.23 110.73 110.03 109.14 108.06 106.81 105.41 103.85 102.17 100.36 98.42 96.20
145.52 144.17 142.87 141.55 140.12 138.48 136.64 134.61 132.40 130.03 127.51 124.86 122.08 119.19 116.21 113.14 110.00 106.81 103.57 100.31 97.03 93.80 90.69 87.76 85.08 82.53 80.03 77.66 75.49 73.64 72.19 71.15 70.49 70.21 70.27 70.67 71.39 72.41 73.71 75.28 77.10 79.15 81.41 83.87 86.52 89.30 92.09 94.73 97.18 99.36 101.39 103.41 105.41 107.38 109.20 110.74 111.95 112.85 113.45 113.76 113.80 113.57 113.09 112.37 111.42 110.26 108.89 107.33 105.58 103.67 101.58 99.15 96.29
145.25 144.00 142.82 141.66 140.45 139.09 137.51 135.72 133.73 131.55 129.19 126.68 124.02 121.23 118.31 115.29 112.18 108.98 105.72 102.41 99.08 95.80 92.65 89.67 86.94 84.33 81.75 79.26 76.95 74.90 73.20 71.92 71.06 70.61 70.53 70.82 71.46 72.44 73.72 75.31 77.18 79.31 81.68 84.29 87.09 89.95 92.74 95.41 97.88 100.12 102.20 104.27 106.33 108.34 110.29 112.07 113.53 114.64 115.43 115.89 116.04 115.89 115.45 114.74 113.77 112.54 111.08 109.39 107.48 105.34 102.81 99.78 96.32
144.99 143.86 142.82 141.80 140.76 139.63 138.32 136.79 135.03 133.06 130.89 128.54 126.01 123.33 120.50 117.55 114.47 111.29 108.02 104.68 101.31 98.00 94.81 91.80 89.03 86.37 83.71 81.12 78.68 76.47 74.57 73.06 71.99 71.35 71.13 71.30 71.86 72.77 74.04 75.63 77.54 79.74 82.22 84.94 87.79 90.64 93.44 96.12 98.63 100.91 103.05 105.17 107.28 109.34 111.34 113.23 114.93 116.29 117.28 117.91 118.20 118.16 117.79 117.11 116.14 114.88 113.35 111.55 109.47 106.95 103.87 100.28 96.29
144.76 143.75 142.84 141.98 141.10 140.16 139.09 137.83 136.32 134.57 132.61 130.43 128.06 125.51 122.79 119.91 116.89 113.74 110.46 107.09 103.70 100.36 97.14 94.11 91.31 88.61 85.88 83.21 80.65 78.30 76.22 74.50 73.22 72.39 72.01 72.06 72.52 73.37 74.60 76.20 78.13 80.40 82.95 85.70 88.53 91.37 94.16 96.86 99.40 101.73 103.92 106.10 108.26 110.37 112.40 114.34 116.15 117.74 118.96 119.80 120.25 120.34 120.07 119.45 118.50 117.23 115.65 113.75 111.35 108.31 104.71 100.64 96.19
144.53 143.65 142.88 142.18 141.48 140.73 139.87 138.85 137.60 136.10 134.35 132.37 130.17 127.77 125.17 122.39 119.44 116.29 113.00 109.62 106.21 102.86 99.63 96.58 93.76 91.03 88.25 85.49 82.82 80.34 78.10 76.20 74.71 73.68 73.13 73.04 73.40 74.18 75.37 76.96 78.91 81.22 83.77 86.48 89.27 92.10 94.90 97.61 100.18 102.56 104.81 107.04 109.25 111.40 113.48 115.46 117.31 119.00 120.45 121.51 122.15 122.39 122.24 121.72 120.82 119.57 117.94 115.76 112.88 109.37 105.33 100.85 96.02
144.29 143.55 142.93 142.39 141.87 141.32 140.68 139.89 138.90 137.65 136.14 134.37 132.36 130.12 127.66 124.98 122.06 118.91 115.61 112.23 108.82 105.47 102.23 99.17 96.35 93.59 90.76 87.93 85.17 82.56 80.18 78.10 76.41 75.17 74.45 74.21 74.46 75.16 76.30 77.86 79.82 82.09 84.59 87.25 90.02 92.83 95.63 98.36 100.96 103.39 105.69 107.98 110.24 112.44 114.56 116.57 118.46 120.19 121.73 123.01 123.87 124.29 124.29 123.87 123.06 121.82 119.97 117.35 114.04 110.14 105.72 100.90 95.75
144.04 143.44 142.98 142.61 142.28 141.93 141.51 140.95 140.21 139.23 137.98 136.44 134.63 132.57 130.25 127.62 124.71 121.57 118.28 114.90 111.50 108.15 104.91 101.86 99.04 96.27 93.41 90.52 87.67 84.95 82.43 80.19 78.30 76.85 75.91 75.52 75.64 76.25 77.33 78.85 80.76 82.96 85.40 88.01 90.75 93.54 96.34 99.09 101.73 104.20 106.56 108.90 111.20 113.45 115.61 117.67 119.59 121.35 122.93 124.30 125.37 126.00 126.17 125.89 125.15 123.73 121.49 118.49 114.83 110.59 105.88 100.78 95.40
143.77 143.32 143.02 142.83 142.69 142.55 142.35 142.04 141.56 140.85 139.86 138.57 136.99 135.10 132.85 130.25 127.35 124.23 120.96 117.59 114.21 110.87 107.65 104.61 101.81 99.04 96.15 93.21 90.28 87.46 84.81 82.41 80.35 78.70 77.53 76.92 76.90 77.41 78.41 79.86 81.67 83.80 86.17 88.74 91.45 94.23 97.03 99.79 102.46 104.98 107.40 109.79 112.14 114.44 116.64 118.73 120.69 122.49 124.10 125.49 126.65 127.48 127.85 127.70 126.83 125.07 122.49 119.17 115.22 110.73 105.78 100.49 94.94
143.47 143.16 143.04 143.04 143.10 143.17 143.21 143.14 142.92 142.49 141.80 140.79 139.42 137.63 135.41 132.83 129.97 126.87 123.63 120.29 116.93 113.62 110.42 107.41 104.63 101.87 98.96 95.98 92.99 90.07 87.30 84.76 82.53 80.68 79.29 78.44 78.20 78.58 79.48 80.82 82.55 84.59 86.91 89.43 92.10 94.87 97.67 100.45 103.15 105.72 108.19 110.63 113.04 115.37 117.62 119.75 121.75 123.57 125.21 126.63 127.82 128.73 129.26 129.04 127.87 125.81 122.95 119.39 115.22 110.54 105.44 100.02 94.37
