data_processed/recharge/precip/Precip_2006_06.asc
ncols        168
nrows        136
xllcorner    455000
yllcorner    2107000
cellsize     500
NODATA_value     -99999
[rows 64 to 95 of 136, columns 0 to 72 of 168]
91.86 93.01 94.15 95.27 96.27 97.03 97.57 97.87 97.94 97.78 97.39 96.79 95.96 94.91 93.65 92.18 90.57 88.91 87.18 85.37 83.45 81.41 79.36 77.92 77.28 77.38 78.19 79.63 81.65 84.07 86.68 89.42 92.27 95.20 98.18 101.19 104.19 107.17 110.09 112.93 115.66 118.28 120.83 123.34 125.82 128.29 130.76 133.24 135.66 137.94 140.08 142.05 143.84 145.42 146.59 147.01 146.64 145.55 143.80 141.47 138.62 135.31 131.63 127.63 123.39 118.96 114.43 109.86 105.36 101.05 97.05 93.49 90.47
90.44 91.59 92.74 93.87 94.98 95.95 96.68 97.16 97.39 97.38 97.12 96.63 95.89 94.92 93.72 92.38 90.95 89.45 87.85 86.12 84.26 82.24 80.18 78.70 78.00 78.04 78.74 80.07 81.97 84.36 87.09 89.95 92.90 95.90 98.93 101.97 104.97 107.92 110.80 113.56 116.22 118.79 121.31 123.78 126.23 128.67 131.11 133.56 135.95 138.21 140.31 142.25 144.01 145.57 146.90 147.80 147.96 147.34 145.99 144.00 141.42 138.33 134.80 130.88 126.66 122.19 117.53 112.80 108.11 103.58 99.34 95.49 92.17
89.03 90.19 91.34 92.47 93.59 94.67 95.61 96.29 96.71 96.87 96.76 96.40 95.78 94.92 93.89 92.76 91.54 90.21 88.74 87.12 85.32 83.33 81.27 79.76 79.02 78.99 79.61 80.84 82.60 84.86 87.55 90.50 93.53 96.60 99.67 102.72 105.72 108.64 111.45 114.15 116.76 119.30 121.78 124.22 126.63 129.04 131.45 133.88 136.24 138.47 140.54 142.45 144.18 145.70 147.00 148.06 148.69 148.56 147.66 146.04 143.78 140.95 137.60 133.81 129.64 125.13 120.40 115.57 110.74 106.05 101.60 97.53 93.94
87.66 88.81 89.95 91.08 92.19 93.28 94.34 95.23 95.86 96.21 96.27 96.07 95.60 94.94 94.18 93.31 92.30 91.15 89.82 88.31 86.59 84.64 82.58 81.06 80.28 80.20 80.74 81.87 83.53 85.65 88.19 91.08 94.17 97.30 100.40 103.45 106.43 109.31 112.07 114.73 117.30 119.79 122.24 124.64 127.02 129.40 131.78 134.18 136.52 138.71 140.76 142.64 144.33 145.82 147.08 148.12 148.89 149.21 148.79 147.59 145.68 143.13 140.01 136.37 132.25 127.76 123.01 118.12 113.21 108.41 103.82 99.57 95.78
86.30 87.45 88.58 89.70 90.81 91.89 92.94 93.95 94.80 95.36 95.63 95.61 95.39 95.05 94.58 93.96 93.18 92.22 91.05 89.66 88.02 86.12 84.08 82.55 81.75 81.62 82.10 83.15 84.70 86.70 89.09 91.83 94.84 97.98 101.11 104.16 107.11 109.95 112.66 115.28 117.81 120.27 122.67 125.04 127.39 129.74 132.09 134.47 136.77 138.94 140.95 142.80 144.46 145.91 147.15 148.14 148.88 149.34 149.34 148.60 147.09 144.87 141.99 138.49 134.47 130.04 125.32 120.43 115.50 110.63 105.95 101.58 97.65
84.98 86.12 87.24 88.34 89.43 90.50 91.54 92.55 93.51 94.30 94.79 95.07 95.21 95.20 95.04 94.69 94.15 93.38 92.37 91.11 89.57 87.73 85.72 84.20 83.38 83.21 83.64 84.61 86.07 87.95 90.21 92.79 95.64 98.68 101.80 104.84 107.76 110.55 113.22 115.79 118.28 120.71 123.08 125.41 127.73 130.05 132.37 134.72 136.99 139.13 141.12 142.93 144.56 145.98 147.18 148.13 148.84 149.27 149.40 149.06 147.98 146.10 143.45 140.13 136.26 131.94 127.31 122.48 117.57 112.70 107.98 103.55 99.51
83.70 84.81 85.92 87.01 88.08 89.13 90.15 91.14 92.10 93.01 93.82 94.50 95.02 95.37 95.51 95.45 95.14 94.59 93.76 92.64 91.20 89.43 87.46 85.95 85.13 84.93 85.32 86.22 87.59 89.37 91.51 93.94 96.63 99.50 102.49 105.49 108.36 111.11 113.74 116.27 118.72 121.11 123.44 125.74 128.03 130.31 132.61 134.93 137.18 139.29 141.24 143.03 144.62 146.01 147.17 148.09 148.75 149.14 149.24 149.02 148.29 146.73 144.35 141.26 137.59 133.44 128.95 124.23 119.40 114.57 109.88 105.43 101.35
82.44 83.54 84.62 85.69 86.74 87.77 88.77 89.73 90.68 91.67 92.79 93.88 94.79 95.49 95.96 96.18 96.14 95.80 95.16 94.18 92.86 91.18 89.25 87.77 86.95 86.74 87.09 87.94 89.23 90.92 92.94 95.24 97.77 100.47 103.26 106.11 108.92 111.62 114.21 116.70 119.11 121.46 123.76 126.02 128.28 130.53 132.80 135.09 137.31 139.40 141.32 143.07 144.63 145.98 147.11 148.00 148.62 148.97 149.03 148.74 148.02 146.72 144.66 141.85 138.43 134.51 130.22 125.66 120.96 116.23 111.61 107.20 103.13
81.23 82.30 83.36 84.40 85.43 86.43 87.40 88.35 89.36 90.51 91.79 93.17 94.47 95.54 96.34 96.86 97.08 96.97 96.52 95.71 94.52 92.92 91.06 89.60 88.80 88.59 88.91 89.71 90.95 92.55 94.46 96.64 99.02 101.54 104.12 106.76 109.43 112.07 114.62 117.07 119.44 121.75 124.01 126.25 128.47 130.69 132.93 135.19 137.39 139.44 141.34 143.06 144.59 145.91 147.00 147.85 148.44 148.75 148.72 148.27 147.39 146.12 144.34 141.87 138.76 135.12 131.07 126.73 122.21 117.65 113.14 108.83 104.82
80.06 81.10 82.13 83.15 84.14 85.11 86.06 87.07 88.24 89.55 90.97 92.48 94.03 95.46 96.61 97.44 97.93 98.06 97.82 97.18 96.12 94.62 92.83 91.42 90.64 90.43 90.74 91.51 92.69 94.21 96.04 98.10 100.32 102.64 105.02 107.46 109.95 112.47 114.96 117.37 119.70 121.97 124.20 126.40 128.59 130.78 133.00 135.23 137.40 139.43 141.29 142.98 144.48 145.76 146.82 147.63 148.18 148.41 148.21 147.58 146.56 145.17 143.45 141.30 138.55 135.24 131.49 127.42 123.14 118.78 114.46 110.29 106.40
78.93 79.94 80.94 81.92 82.88 83.82 84.84 86.01 87.33 88.77 90.31 91.93 93.58 95.24 96.72 97.87 98.65 99.03 99.00 98.54 97.62 96.24 94.52 93.17 92.42 92.23 92.53 93.28 94.41 95.87 97.61 99.54 101.58 103.71 105.91 108.18 110.49 112.85 115.23 117.59 119.88 122.12 124.31 126.48 128.64 130.80 132.99 135.20 137.34 139.33 141.17 142.83 144.29 145.55 146.57 147.34 147.80 147.84 147.45 146.66 145.50 144.01 142.23 140.18 137.77 134.84 131.44 127.70 123.71 119.62 115.52 111.55 107.83
77.85 78.82 79.78 80.73 81.66 82.67 83.84 85.17 86.63 88.19 89.83 91.53 93.25 94.97 96.65 98.11 99.18 99.82 100.02 99.75 98.99 97.73 96.10 94.81 94.11 93.94 94.25 94.98 96.08 97.48 99.11 100.87 102.73 104.69 106.73 108.84 111.01 113.22 115.47 117.74 119.98 122.18 124.34 126.47 128.60 130.73 132.89 135.07 137.19 139.16 140.97 142.59 144.03 145.24 146.23 146.91 147.17 147.00 146.42 145.48 144.21 142.64 140.80 138.73 136.45 133.90 130.91 127.53 123.90 120.12 116.31 112.59 109.10
76.81 77.75 78.67 79.59 80.58 81.75 83.08 84.54 86.12 87.79 89.52 91.28 93.05 94.80 96.52 98.14 99.50 100.41 100.84 100.77 100.17 99.04 97.51 96.30 95.65 95.52 95.84 96.57 97.64 98.96 100.43 102.03 103.74 105.54 107.44 109.41 111.45 113.54 115.67 117.82 119.99 122.15 124.27 126.38 128.47 130.57 132.70 134.86 136.95 138.89 140.67 142.26 143.66 144.85 145.74 146.21 146.24 145.87 145.13 144.05 142.67 141.03 139.15 137.07 134.82 132.44 129.85 126.90 123.67 120.26 116.79 113.38 110.16
75.83 76.73 77.62 78.59 79.74 81.07 82.54 84.13 85.81 87.56 89.36 91.17 92.97 94.74 96.45 98.07 99.56 100.73 101.41 101.55 101.13 100.14 98.72 97.59 97.01 96.92 97.27 98.00 99.01 100.19 101.51 102.96 104.53 106.21 107.98 109.84 111.76 113.75 115.77 117.84 119.92 122.02 124.11 126.17 128.24 130.31 132.41 134.54 136.60 138.52 140.27 141.83 143.20 144.28 144.95 145.17 144.99 144.44 143.54 142.35 140.88 139.18 137.27 135.20 132.99 130.68 128.30 125.78 122.99 120.00 116.93 113.88 110.99
74.91 75.77 76.72 77.85 79.16 80.63 82.22 83.92 85.69 87.51 89.35 91.20 93.01 94.78 96.47 98.05 99.51 100.78 101.69 102.05 101.82 100.98 99.68 98.64 98.14 98.11 98.49 99.18 100.06 101.10 102.30 103.62 105.08 106.64 108.31 110.06 111.90 113.79 115.74 117.73 119.75 121.79 123.83 125.86 127.89 129.93 132.01 134.11 136.15 138.03 139.76 141.29 142.55 143.40 143.80 143.79 143.41 142.69 141.66 140.36 138.82 137.07 135.15 133.10 130.94 128.72 126.45 124.19 121.85 119.34 116.70 114.07 111.57
74.06 74.97 76.08 77.37 78.83 80.42 82.12 83.90 85.74 87.61 89.49 91.35 93.17 94.92 96.56 98.09 99.47 100.68 101.67 102.24 102.20 101.52 100.34 99.42 99.00 99.02 99.39 99.97 100.73 101.66 102.74 103.96 105.31 106.79 108.37 110.04 111.80 113.63 115.52 117.45 119.42 121.41 123.42 125.42 127.42 129.44 131.49 133.56 135.57 137.43 139.12 140.55 141.56 142.13 142.28 142.06 141.49 140.62 139.47 138.07 136.47 134.70 132.78 130.76 128.67 126.54 124.41 122.30 120.26 118.22 116.09 113.93 111.86
73.38 74.45 75.72 77.16 78.74 80.44 82.22 84.08 85.97 87.88 89.78 91.64 93.43 95.14 96.74 98.19 99.48 100.58 101.46 102.07 102.22 101.72 100.68 99.86 99.53 99.57 99.84 100.31 100.97 101.79 102.78 103.92 105.19 106.59 108.10 109.72 111.42 113.20 115.05 116.95 118.89 120.86 122.84 124.84 126.83 128.82 130.83 132.89 134.87 136.70 138.28 139.44 140.16 140.46 140.38 139.96 139.22 138.21 136.95 135.48 133.83 132.04 130.15 128.17 126.16 124.14 122.15 120.22 118.39 116.68 115.05 113.41 111.83
72.98 74.22 75.63 77.20 78.89 80.67 82.53 84.44 86.37 88.30 90.19 92.04 93.80 95.45 96.97 98.34 99.52 100.49 101.23 101.70 101.87 101.52 100.63 99.94 99.64 99.60 99.77 100.15 100.72 101.46 102.38 103.45 104.66 106.01 107.47 109.04 110.71 112.46 114.28 116.16 118.09 120.06 122.05 124.05 126.06 128.05 130.04 132.07 134.03 135.74 137.04 137.90 138.33 138.38 138.09 137.47 136.58 135.44 134.09 132.56 130.88 129.09 127.23 125.32 123.40 121.51 119.68 117.94 116.32 114.87 113.61 112.50 111.47
72.89 74.27 75.81 77.49 79.27 81.13 83.04 84.99 86.94 88.86 90.74 92.55 94.26 95.84 97.27 98.53 99.58 100.41 100.99 101.29 101.28 100.92 100.16 99.52 99.16 99.03 99.13 99.43 99.93 100.62 101.48 102.50 103.67 104.98 106.41 107.96 109.61 111.35 113.17 115.06 116.99 118.98 120.99 123.02 125.05 127.08 129.10 131.11 132.95 134.37 135.34 135.90 136.06 135.88 135.38 134.60 133.56 132.31 130.88 129.30 127.61 125.84 124.02 122.19 120.38 118.63 116.97 115.43 114.05 112.87 111.91 111.20 110.72
73.01 74.52 76.17 77.94 79.80 81.71 83.67 85.64 87.59 89.50 91.35 93.10 94.74 96.24 97.57 98.70 99.62 100.29 100.68 100.79 100.57 100.01 99.22 98.54 98.10 97.90 97.93 98.17 98.62 99.26 100.08 101.07 102.21 103.50 104.92 106.46 108.11 109.85 111.68 113.58 115.55 117.56 119.60 121.68 123.76 125.85 127.93 130.04 131.67 132.74 133.39 133.65 133.56 133.15 132.45 131.50 130.33 128.98 127.48 125.86 124.16 122.41 120.64 118.90 117.21 115.60 114.12 112.80 111.66 110.75 110.09 109.72 109.62
72.94 74.57 76.33 78.18 80.10 82.07 84.06 86.04 87.98 89.87 91.68 93.38 94.94 96.34 97.55 98.56 99.32 99.83 100.04 99.94 99.50 98.82 98.06 97.37 96.85 96.58 96.53 96.71 97.09 97.68 98.45 99.40 100.50 101.76 103.16 104.68 106.32 108.06 109.89 111.80 113.78 115.81 117.89 119.99 122.12 124.26 126.57 129.27 131.18 131.98 132.28 132.22 131.84 131.17 130.24 129.10 127.76 126.28 124.68 122.99 121.25 119.49 117.75 116.06 114.46 112.97 111.64 110.49 109.57 108.90 108.52 108.40 108.39
72.53 74.28 76.14 78.07 80.06 82.07 84.08 86.07 88.00 89.87 91.62 93.26 94.74 96.04 97.13 98.00 98.61 98.94 98.96 98.66 98.11 97.47 96.79 96.16 95.62 95.25 95.12 95.21 95.52 96.03 96.73 97.62 98.67 99.88 101.24 102.73 104.34 106.06 107.87 109.77 111.75 113.78 115.87 117.99 120.14 122.48 125.37 128.76 131.33 132.36 132.37 131.94 131.23 130.26 129.06 127.67 126.13 124.47 122.72 120.92 119.09 117.28 115.52 113.84 112.28 110.87 109.64 108.63 107.87 107.40 107.21 107.15 107.13
71.83 73.68 75.63 77.64 79.68 81.73 83.76 85.75 87.67 89.50 91.21 92.77 94.16 95.35 96.33 97.05 97.50 97.65 97.49 97.08 96.58 96.03 95.42 94.86 94.37 93.97 93.73 93.72 93.93 94.35 94.97 95.78 96.76 97.91 99.21 100.64 102.21 103.88 105.67 107.54 109.49 111.51 113.59 115.72 118.04 120.90 124.43 128.47 131.66 133.27 133.46 132.72 131.63 130.31 128.79 127.12 125.33 123.44 121.50 119.53 117.58 115.68 113.85 112.13 110.57 109.18 108.02 107.10 106.46 106.11 105.95 105.88 105.85
70.93 72.80 74.82 76.90 78.99 81.07 83.12 85.11 87.01 88.80 90.45 91.94 93.23 94.32 95.16 95.74 96.02 96.00 95.74 95.39 94.98 94.50 93.98 93.48 93.05 92.68 92.40 92.28 92.37 92.69 93.21 93.92 94.81 95.88 97.10 98.46 99.96 101.58 103.31 105.14 107.06 109.05 111.10 113.36 116.16 119.61 123.72 128.34 132.10 134.26 134.95 134.34 132.91 131.20 129.32 127.32 125.23 123.07 120.90 118.73 116.60 114.55 112.61 110.82 109.20 107.80 106.65 105.77 105.20 104.85 104.67 104.58 104.54
70.00 71.74 73.76 75.89 78.03 80.14 82.19 84.17 86.05 87.79 89.38 90.79 91.99 92.95 93.66 94.09 94.21 94.10 93.90 93.64 93.32 92.93 92.49 92.06 91.68 91.36 91.10 90.92 90.90 91.08 91.48 92.08 92.87 93.83 94.96 96.23 97.65 99.20 100.86 102.62 104.48 106.42 108.58 111.27 114.59 118.57 123.21 128.35 132.61 135.26 136.42 136.24 134.89 132.82 130.54 128.16 125.72 123.26 120.80 118.38 116.03 113.79 111.70 109.78 108.07 106.61 105.42 104.54 103.94 103.57 103.36 103.25 103.19
69.07 70.67 72.54 74.63 76.81 78.94 81.00 82.97 84.81 86.50 88.02 89.34 90.44 91.28 91.85 92.12 92.17 92.13 92.03 91.86 91.63 91.33 90.97 90.61 90.29 90.01 89.79 89.62 89.53 89.58 89.84 90.31 90.97 91.81 92.83 94.00 95.31 96.77 98.34 100.03 101.81 103.83 106.36 109.52 113.32 117.77 122.87 128.45 133.16 136.23 137.81 138.02 137.02 134.98 132.33 129.53 126.70 123.87 121.09 118.37 115.76 113.29 111.00 108.91 107.06 105.49 104.23 103.30 102.67 102.25 102.01 101.89 101.81
68.14 69.61 71.32 73.25 75.36 77.51 79.57 81.51 83.32 84.95 86.40 87.63 88.62 89.33 89.76 89.97 90.09 90.15 90.15 90.08 89.94 89.72 89.44 89.16 88.89 88.67 88.47 88.33 88.23 88.21 88.32 88.64 89.16 89.86 90.75 91.80 93.00 94.34 95.81 97.40 99.22 101.56 104.51 108.09 112.30 117.15 122.65 128.63 133.71 137.16 139.08 139.63 138.94 137.18 134.50 131.30 128.04 124.81 121.65 118.60 115.68 112.93 110.39 108.08 106.05 104.34 103.01 102.04 101.35 100.91 100.64 100.49 100.40
67.22 68.56 70.12 71.88 73.81 75.87 77.92 79.84 81.60 83.18 84.55 85.68 86.55 87.14 87.51 87.80 88.03 88.19 88.29 88.32 88.27 88.14 87.94 87.72 87.52 87.34 87.18 87.06 86.98 86.94 86.96 87.12 87.48 88.03 88.76 89.67 90.73 91.95 93.30 94.89 96.99 99.70 103.01 106.94 111.51 116.70 122.53 128.84 134.24 137.98 140.19 141.01 140.59 139.06 136.58 133.31 129.63 125.96 122.38 118.94 115.66 112.59 109.76 107.19 104.96 103.15 101.76 100.74 100.01 99.52 99.23 99.05 98.95
66.31 67.55 68.97 70.55 72.28 74.14 76.08 77.97 79.68 81.19 82.48 83.51 84.26 84.81 85.27 85.67 86.01 86.28 86.47 86.60 86.64 86.60 86.48 86.33 86.19 86.06 85.94 85.84 85.76 85.72 85.73 85.78 85.97 86.35 86.92 87.66 88.58 89.64 90.97 92.79 95.20 98.21 101.82 106.05 110.89 116.37 122.48 129.05 134.71 138.69 141.12 142.15 141.92 140.57 138.25 135.11 131.30 127.19 123.15 119.28 115.60 112.16 108.99 106.16 103.80 101.93 100.48 99.40 98.63 98.11 97.78 97.58 97.46
65.44 66.57 67.86 69.28 70.82 72.46 74.17 75.93 77.59 79.03 80.22 81.15 81.87 82.51 83.09 83.60 84.05 84.42 84.72 84.94 85.07 85.12 85.09 85.01 84.93 84.85 84.76 84.69 84.62 84.58 84.57 84.60 84.67 84.87 85.25 85.82 86.56 87.57 89.07 91.15 93.80 97.06 100.91 105.36 110.44 116.13 122.45 129.23 135.08 139.24 141.83 143.01 142.91 141.67 139.45 136.39 132.63 128.34 123.85 119.50 115.38 111.53 108.03 105.05 102.61 100.67 99.16 98.03 97.21 96.65 96.29 96.06 95.93
64.59 65.63 66.80 68.07 69.43 70.85 72.33 73.84 75.35 76.71 77.81 78.72 79.54 80.30 80.99 81.62 82.17 82.66 83.06 83.37 83.60 83.74 83.78 83.79 83.77 83.73 83.68 83.63 83.58 83.54 83.52 83.52 83.54 83.62 83.81 84.18 84.83 85.97 87.66 89.93 92.78 96.21 100.24 104.86 110.10 115.95 122.42 129.34 135.32 139.59 142.29 143.55 143.51 142.34 140.15 137.12 133.36 129.05 124.32 119.50 114.89 110.64 106.96 103.89 101.38 99.37 97.80 96.61 95.75 95.15 94.75 94.51 94.35
63.78 64.75 65.80 66.93 68.11 69.34 70.58 71.84 73.08 74.27 75.35 76.36 77.31 78.19 79.00 79.75 80.41 81.00 81.50 81.92 82.24 82.46 82.60 82.67 82.71 82.73 82.72 82.69 82.65 82.61 82.58 82.55 82.55 82.56 82.62 82.88 83.61 84.88 86.72 89.12 92.09 95.64 99.78 104.51 109.84 115.79 122.34 129.35 135.40 139.73 142.46 143.74 143.71 142.52 140.32 137.24 133.43 129.04 124.21 119.11 114.08 109.63 105.85 102.70 100.12 98.04 96.40 95.16 94.25 93.61 93.18 92.90 92.73
