data_processed/recharge/precip/Precip_1991_08.asc
ncols        168
nrows        136
xllcorner    455000
yllcorner    2107000
cellsize     500
NODATA_value     -99999
[rows 33 to 65 of 136, columns 76 to 151 of 168]
65.23 65.28 65.26 65.17 65.02 64.82 64.58 64.31 64.02 63.70 63.39 63.07 62.77 62.49 62.24 62.02 61.86 61.75 61.73 61.83 62.03 62.34 62.74 63.23 63.78 64.16 64.18 63.87 63.27 62.44 61.39 60.21 59.01 57.91 56.91 56.04 55.31 54.73 54.32 54.09 54.06 54.25 54.66 55.30 56.18 57.27 58.55 60.02 61.66 63.46 65.40 67.45 69.60 71.85 74.17 76.57 79.04 81.60 84.32 87.26 90.40 93.73 97.26 100.96 104.83 108.87 113.07 117.41 121.90 126.52 131.27 136.16 141.17 146.30 151.53 156.87
65.00 65.03 64.98 64.87 64.70 64.48 64.23 63.94 63.63 63.31 62.99 62.68 62.38 62.10 61.85 61.65 61.50 61.44 61.49 61.65 61.92 62.28 62.72 63.25 63.83 64.23 64.27 63.99 63.41 62.59 61.57 60.39 59.11 57.84 56.70 55.68 54.82 54.13 53.62 53.30 53.18 53.30 53.65 54.23 55.04 56.07 57.29 58.69 60.27 62.00 63.88 65.87 67.96 70.15 72.42 74.76 77.17 79.65 82.20 84.93 87.87 91.02 94.38 97.93 101.66 105.58 109.66 113.91 118.31 122.88 127.59 132.46 137.46 142.59 147.84 153.21
64.86 64.85 64.77 64.64 64.45 64.21 63.94 63.64 63.31 62.98 62.65 62.33 62.02 61.75 61.50 61.31 61.20 61.21 61.32 61.54 61.86 62.26 62.74 63.29 63.89 64.31 64.37 64.10 63.53 62.73 61.72 60.55 59.26 57.90 56.61 55.45 54.45 53.63 53.01 52.59 52.39 52.42 52.71 53.23 53.97 54.93 56.08 57.43 58.94 60.61 62.43 64.36 66.39 68.51 70.72 73.01 75.36 77.78 80.25 82.80 85.52 88.46 91.62 94.99 98.56 102.32 106.27 110.40 114.70 119.19 123.84 128.66 133.62 138.73 143.98 149.35
64.79 64.75 64.64 64.48 64.26 64.00 63.71 63.39 63.05 62.70 62.36 62.02 61.71 61.43 61.19 61.03 60.99 61.06 61.23 61.50 61.85 62.29 62.79 63.36 63.97 64.40 64.46 64.19 63.64 62.83 61.82 60.65 59.36 58.00 56.61 55.30 54.17 53.22 52.48 51.95 51.66 51.62 51.83 52.29 52.96 53.86 54.95 56.22 57.67 59.28 61.03 62.90 64.87 66.94 69.09 71.31 73.61 75.97 78.38 80.85 83.38 86.09 89.03 92.19 95.57 99.15 102.94 106.93 111.12 115.50 120.06 124.80 129.70 134.77 139.98 145.34
64.79 64.71 64.57 64.38 64.13 63.85 63.53 63.19 62.84 62.47 62.11 61.76 61.43 61.15 60.94 60.85 60.86 60.99 61.20 61.51 61.90 62.35 62.88 63.46 64.07 64.49 64.55 64.27 63.71 62.90 61.88 60.71 59.41 58.03 56.62 55.22 53.94 52.86 51.99 51.36 50.99 50.88 51.02 51.41 52.02 52.85 53.87 55.08 56.47 58.01 59.70 61.51 63.42 65.42 67.51 69.68 71.92 74.22 76.58 78.99 81.43 83.95 86.64 89.57 92.73 96.11 99.72 103.55 107.59 111.84 116.29 120.93 125.75 130.74 135.89 141.21
64.85 64.73 64.56 64.33 64.05 63.74 63.40 63.04 62.66 62.28 61.90 61.53 61.19 60.93 60.78 60.75 60.82 60.99 61.24 61.58 61.98 62.46 62.99 63.56 64.17 64.58 64.62 64.34 63.76 62.93 61.90 60.70 59.39 57.99 56.55 55.13 53.76 52.54 51.55 50.82 50.38 50.20 50.28 50.60 51.14 51.90 52.86 54.01 55.33 56.81 58.44 60.18 62.03 63.97 66.00 68.11 70.29 72.53 74.83 77.18 79.58 82.00 84.49 87.16 90.08 93.24 96.65 100.30 104.17 108.26 112.57 117.08 121.79 126.68 131.75 137.00
64.96 64.80 64.58 64.32 64.01 63.67 63.30 62.91 62.51 62.11 61.71 61.33 61.01 60.81 60.72 60.74 60.85 61.05 61.34 61.69 62.11 62.59 63.12 63.68 64.27 64.66 64.68 64.37 63.77 62.92 61.86 60.64 59.29 57.87 56.40 54.95 53.53 52.23 51.15 50.35 49.84 49.59 49.60 49.85 50.33 51.02 51.92 53.00 54.25 55.67 57.23 58.91 60.69 62.57 64.54 66.59 68.71 70.90 73.14 75.44 77.78 80.15 82.55 85.01 87.67 90.59 93.78 97.21 100.89 104.80 108.94 113.30 117.87 122.64 127.60 132.75
65.10 64.90 64.65 64.34 64.00 63.62 63.22 62.80 62.38 61.95 61.54 61.19 60.94 60.79 60.75 60.81 60.96 61.19 61.49 61.85 62.28 62.75 63.27 63.81 64.37 64.73 64.72 64.38 63.75 62.86 61.77 60.51 59.13 57.66 56.16 54.66 53.22 51.92 50.81 49.95 49.37 49.05 48.99 49.17 49.58 50.21 51.03 52.05 53.24 54.59 56.08 57.70 59.42 61.24 63.15 65.14 67.20 69.33 71.51 73.75 76.03 78.35 80.70 83.08 85.54 88.21 91.14 94.34 97.79 101.50 105.45 109.63 114.03 118.65 123.48 128.51
65.28 65.04 64.73 64.39 64.00 63.59 63.16 62.71 62.26 61.81 61.42 61.14 60.96 60.87 60.87 60.96 61.13 61.38 61.69 62.05 62.47 62.93 63.43 63.95 64.47 64.79 64.74 64.36 63.68 62.75 61.61 60.31 58.88 57.37 55.82 54.29 52.86 51.59 50.50 49.61 48.96 48.57 48.44 48.55 48.89 49.45 50.21 51.16 52.28 53.57 55.00 56.55 58.21 59.97 61.81 63.74 65.74 67.81 69.94 72.12 74.35 76.61 78.92 81.28 83.66 86.11 88.78 91.71 94.92 98.39 102.12 106.10 110.31 114.76 119.42 124.31
65.49 65.19 64.84 64.45 64.02 63.57 63.10 62.62 62.14 61.72 61.40 61.19 61.07 61.03 61.07 61.18 61.37 61.62 61.93 62.29 62.70 63.13 63.60 64.08 64.56 64.83 64.73 64.30 63.57 62.59 61.40 60.04 58.55 56.99 55.39 53.88 52.49 51.26 50.19 49.30 48.61 48.15 47.96 48.00 48.27 48.76 49.45 50.33 51.39 52.61 53.98 55.47 57.06 58.75 60.54 62.40 64.35 66.36 68.43 70.55 72.72 74.95 77.23 79.54 81.90 84.28 86.72 89.38 92.31 95.53 99.01 102.76 106.75 111.00 115.48 120.19
65.71 65.35 64.95 64.52 64.05 63.55 63.04 62.53 62.07 61.72 61.47 61.32 61.25 61.26 61.34 61.48 61.67 61.92 62.22 62.56 62.94 63.35 63.77 64.21 64.64 64.85 64.69 64.20 63.41 62.36 61.11 59.69 58.14 56.52 54.95 53.48 52.14 50.93 49.88 49.00 48.30 47.80 47.53 47.51 47.71 48.13 48.75 49.57 50.56 51.71 53.01 54.44 55.97 57.60 59.32 61.13 63.01 64.96 66.97 69.04 71.17 73.36 75.61 77.89 80.22 82.57 84.94 87.37 90.01 92.94 96.15 99.64 103.40 107.42 111.69 116.20
65.93 65.52 65.07 64.58 64.06 63.52 62.98 62.48 62.10 61.82 61.63 61.53 61.51 61.56 61.66 61.82 62.02 62.26 62.55 62.86 63.21 63.57 63.95 64.33 64.69 64.84 64.61 64.05 63.19 62.07 60.75 59.25 57.65 56.06 54.54 53.12 51.82 50.64 49.61 48.73 48.02 47.49 47.17 47.08 47.21 47.56 48.12 48.87 49.79 50.88 52.11 53.47 54.94 56.50 58.16 59.91 61.73 63.62 65.58 67.60 69.70 71.86 74.07 76.32 78.62 80.94 83.28 85.63 88.04 90.67 93.59 96.79 100.29 104.05 108.08 112.37
66.14 65.68 65.17 64.63 64.06 63.48 62.95 62.53 62.22 62.00 61.86 61.81 61.83 61.91 62.03 62.21 62.41 62.65 62.90 63.19 63.49 63.81 64.12 64.44 64.73 64.80 64.50 63.85 62.91 61.72 60.31 58.76 57.18 55.65 54.19 52.82 51.55 50.40 49.37 48.49 47.77 47.23 46.87 46.71 46.78 47.06 47.55 48.22 49.08 50.10 51.27 52.56 53.97 55.47 57.06 58.75 60.51 62.34 64.26 66.25 68.31 70.43 72.61 74.84 77.10 79.39 81.70 84.03 86.37 88.75 91.35 94.26 97.46 100.94 104.71 108.75
66.35 65.82 65.26 64.66 64.04 63.48 63.02 62.67 62.42 62.25 62.17 62.15 62.20 62.30 62.45 62.63 62.83 63.06 63.29 63.53 63.78 64.04 64.29 64.53 64.74 64.72 64.33 63.60 62.57 61.29 59.82 58.29 56.78 55.32 53.92 52.59 51.36 50.22 49.21 48.32 47.59 47.01 46.61 46.41 46.40 46.62 47.03 47.64 48.43 49.38 50.49 51.72 53.05 54.49 56.02 57.64 59.35 61.14 63.02 64.97 67.00 69.09 71.24 73.43 75.66 77.93 80.21 82.51 84.82 87.14 89.49 92.07 94.95 98.13 101.61 105.38
66.53 65.94 65.31 64.66 64.06 63.57 63.18 62.90 62.70 62.58 62.53 62.55 62.62 62.74 62.89 63.07 63.27 63.48 63.69 63.89 64.08 64.27 64.44 64.60 64.72 64.61 64.12 63.29 62.17 60.81 59.36 57.92 56.49 55.09 53.74 52.46 51.25 50.13 49.12 48.23 47.47 46.87 46.43 46.16 46.10 46.24 46.58 47.12 47.84 48.73 49.76 50.93 52.20 53.57 55.04 56.60 58.26 60.02 61.86 63.78 65.77 67.83 69.95 72.11 74.31 76.55 78.81 81.09 83.37 85.66 87.94 90.26 92.80 95.66 98.82 102.29
66.68 66.02 65.34 64.70 64.17 63.75 63.43 63.20 63.05 62.97 62.96 63.00 63.09 63.21 63.36 63.54 63.72 63.90 64.08 64.24 64.38 64.49 64.58 64.65 64.66 64.45 63.86 62.92 61.72 60.39 59.04 57.67 56.32 54.98 53.68 52.43 51.25 50.14 49.13 48.23 47.45 46.81 46.33 46.01 45.87 45.93 46.20 46.66 47.32 48.13 49.10 50.20 51.40 52.71 54.12 55.64 57.26 58.98 60.78 62.67 64.63 66.66 68.74 70.88 73.05 75.26 77.49 79.74 82.01 84.27 86.53 88.77 91.06 93.56 96.39 99.52
66.79 66.08 65.40 64.83 64.37 64.02 63.75 63.57 63.46 63.41 63.43 63.48 63.58 63.71 63.85 64.01 64.17 64.33 64.46 64.58 64.66 64.70 64.70 64.66 64.57 64.24 63.54 62.52 61.34 60.12 58.85 57.57 56.28 55.01 53.75 52.53 51.37 50.28 49.26 48.35 47.54 46.87 46.33 45.95 45.74 45.71 45.88 46.27 46.85 47.60 48.50 49.52 50.66 51.91 53.28 54.76 56.34 58.02 59.79 61.65 63.58 65.57 67.62 69.73 71.87 74.05 76.26 78.49 80.73 82.97 85.21 87.43 89.64 91.88 94.34 97.13
66.87 66.15 65.55 65.05 64.66 64.36 64.14 64.00 63.92 63.91 63.93 64.00 64.10 64.22 64.35 64.49 64.62 64.74 64.83 64.89 64.91 64.88 64.79 64.64 64.43 63.98 63.19 62.20 61.14 60.01 58.84 57.63 56.41 55.18 53.97 52.78 51.64 50.55 49.53 48.60 47.76 47.05 46.46 46.01 45.72 45.61 45.68 45.95 46.44 47.12 47.95 48.91 49.99 51.19 52.52 53.96 55.51 57.15 58.89 60.71 62.61 64.57 66.59 68.67 70.79 72.94 75.12 77.33 79.54 81.76 83.98 86.19 88.38 90.54 92.72 95.14
66.96 66.32 65.78 65.36 65.02 64.77 64.60 64.49 64.44 64.44 64.48 64.55 64.64 64.75 64.86 64.96 65.06 65.13 65.17 65.17 65.12 65.01 64.83 64.59 64.25 63.70 62.94 62.07 61.12 60.09 59.00 57.87 56.71 55.53 54.36 53.20 52.07 50.98 49.95 49.00 48.13 47.37 46.72 46.21 45.84 45.63 45.60 45.76 46.13 46.70 47.46 48.36 49.39 50.56 51.84 53.25 54.76 56.37 58.07 59.86 61.72 63.66 65.65 67.70 69.79 71.92 74.08 76.26 78.45 80.65 82.85 85.04 87.21 89.35 91.46 93.59
67.11 66.54 66.08 65.71 65.43 65.22 65.08 65.00 64.97 64.98 65.02 65.09 65.17 65.26 65.34 65.41 65.46 65.48 65.46 65.39 65.26 65.07 64.81 64.46 64.03 63.51 62.87 62.12 61.27 60.34 59.34 58.28 57.17 56.05 54.91 53.77 52.65 51.57 50.53 49.55 48.65 47.84 47.13 46.55 46.10 45.79 45.66 45.70 45.93 46.37 47.04 47.88 48.87 50.00 51.24 52.61 54.08 55.66 57.33 59.08 60.92 62.82 64.78 66.80 68.87 70.97 73.11 75.26 77.43 79.61 81.79 83.96 86.11 88.24 90.33 92.39
67.10 66.61 66.21 65.90 65.67 65.51 65.40 65.35 65.34 65.36 65.41 65.47 65.54 65.60 65.66 65.69 65.70 65.66 65.58 65.45 65.25 64.97 64.61 64.18 63.72 63.26 62.74 62.12 61.38 60.54 59.63 58.64 57.60 56.53 55.43 54.32 53.22 52.14 51.09 50.10 49.16 48.31 47.55 46.90 46.37 45.98 45.74 45.67 45.77 46.09 46.63 47.40 48.35 49.43 50.63 51.96 53.39 54.93 56.56 58.28 60.08 61.95 63.88 65.87 67.90 69.98 72.08 74.21 76.36 78.51 80.67 82.82 84.95 87.06 89.13 91.13
66.82 66.39 66.06 65.82 65.64 65.52 65.46 65.43 65.45 65.48 65.54 65.60 65.66 65.71 65.74 65.74 65.71 65.62 65.49 65.29 65.02 64.66 64.23 63.77 63.32 62.86 62.41 61.90 61.28 60.56 59.74 58.84 57.87 56.86 55.81 54.74 53.66 52.59 51.55 50.54 49.59 48.70 47.89 47.19 46.59 46.11 45.78 45.60 45.60 45.81 46.25 46.91 47.77 48.80 49.96 51.24 52.63 54.12 55.71 57.39 59.15 60.98 62.87 64.82 66.82 68.86 70.94 73.04 75.15 77.28 79.40 81.52 83.63 85.71 87.72 89.60
66.30 65.91 65.64 65.46 65.34 65.28 65.25 65.27 65.31 65.36 65.43 65.50 65.55 65.59 65.60 65.57 65.50 65.38 65.19 64.93 64.59 64.17 63.73 63.28 62.84 62.39 61.94 61.49 60.98 60.38 59.66 58.86 57.97 57.03 56.04 55.01 53.97 52.93 51.89 50.89 49.92 49.01 48.17 47.41 46.75 46.20 45.79 45.52 45.44 45.55 45.88 46.43 47.18 48.12 49.23 50.45 51.80 53.24 54.78 56.41 58.13 59.91 61.76 63.67 65.63 67.63 69.67 71.73 73.81 75.90 77.99 80.08 82.15 84.17 86.06 87.83
65.58 65.21 64.98 64.86 64.80 64.79 64.81 64.87 64.94 65.02 65.10 65.17 65.23 65.26 65.25 65.20 65.10 64.93 64.70 64.38 63.99 63.57 63.15 62.72 62.29 61.84 61.40 60.95 60.50 60.01 59.41 58.70 57.91 57.05 56.12 55.16 54.16 53.14 52.13 51.13 50.16 49.23 48.36 47.57 46.86 46.25 45.76 45.43 45.27 45.30 45.53 45.96 46.60 47.43 48.45 49.62 50.90 52.30 53.78 55.36 57.03 58.76 60.57 62.43 64.34 66.30 68.29 70.31 72.35 74.40 76.45 78.50 80.50 82.40 84.17 85.82
64.69 64.33 64.12 64.03 64.03 64.08 64.15 64.25 64.35 64.46 64.56 64.65 64.71 64.73 64.71 64.64 64.51 64.31 64.03 63.68 63.29 62.90 62.51 62.10 61.68 61.24 60.79 60.35 59.91 59.46 58.97 58.38 57.69 56.91 56.07 55.16 54.22 53.25 52.26 51.28 50.31 49.38 48.49 47.66 46.91 46.26 45.72 45.34 45.11 45.05 45.18 45.51 46.04 46.75 47.66 48.74 49.96 51.29 52.72 54.25 55.85 57.53 59.28 61.09 62.96 64.86 66.81 68.78 70.77 72.77 74.78 76.75 78.63 80.41 82.07 83.62
63.64 63.30 63.10 63.02 63.05 63.15 63.28 63.43 63.57 63.71 63.84 63.94 64.00 64.03 64.00 63.91 63.76 63.53 63.22 62.88 62.53 62.18 61.81 61.42 61.01 60.58 60.14 59.70 59.25 58.81 58.37 57.89 57.31 56.63 55.87 55.04 54.15 53.23 52.29 51.33 50.38 49.45 48.55 47.70 46.92 46.24 45.67 45.23 44.93 44.80 44.84 45.07 45.49 46.09 46.88 47.84 48.97 50.24 51.61 53.07 54.61 56.23 57.92 59.68 61.48 63.33 65.22 67.14 69.08 71.03 72.96 74.81 76.56 78.22 79.78 81.24
62.45 62.12 61.94 61.88 61.92 62.04 62.22 62.42 62.61 62.78 62.93 63.05 63.13 63.16 63.13 63.03 62.86 62.61 62.32 62.03 61.73 61.41 61.07 60.70 60.30 59.88 59.44 59.00 58.56 58.12 57.68 57.25 56.77 56.20 55.53 54.78 53.97 53.11 52.21 51.29 50.36 49.44 48.54 47.69 46.90 46.19 45.59 45.11 44.75 44.54 44.49 44.62 44.94 45.44 46.11 46.96 47.97 49.14 50.44 51.83 53.31 54.87 56.49 58.18 59.93 61.72 63.55 65.41 67.29 69.16 70.96 72.68 74.32 75.87 77.34 78.71
61.13 60.82 60.65 60.60 60.66 60.79 61.00 61.24 61.47 61.69 61.87 62.01 62.11 62.14 62.11 62.01 61.83 61.61 61.39 61.15 60.89 60.61 60.29 59.95 59.56 59.14 58.71 58.28 57.84 57.39 56.95 56.52 56.09 55.62 55.05 54.40 53.67 52.87 52.03 51.15 50.26 49.36 48.47 47.63 46.84 46.12 45.49 44.96 44.55 44.26 44.13 44.17 44.39 44.79 45.35 46.09 46.98 48.03 49.23 50.55 51.96 53.44 55.00 56.62 58.30 60.02 61.79 63.58 65.37 67.11 68.79 70.39 71.93 73.38 74.76 76.05
59.71 59.41 59.26 59.22 59.29 59.44 59.65 59.91 60.19 60.45 60.67 60.84 60.95 61.00 60.97 60.87 60.74 60.59 60.42 60.24 60.02 59.78 59.49 59.16 58.79 58.38 57.96 57.53 57.09 56.65 56.20 55.77 55.33 54.91 54.44 53.89 53.25 52.53 51.75 50.93 50.07 49.21 48.35 47.52 46.74 46.01 45.35 44.79 44.32 43.97 43.76 43.71 43.84 44.13 44.60 45.22 46.00 46.93 48.01 49.23 50.56 51.97 53.45 55.00 56.60 58.26 59.95 61.65 63.31 64.92 66.48 67.98 69.41 70.78 72.08 73.30
58.20 57.92 57.78 57.76 57.83 57.99 58.21 58.48 58.78 59.08 59.34 59.54 59.68 59.74 59.73 59.68 59.62 59.54 59.44 59.30 59.14 58.93 58.67 58.36 58.00 57.60 57.19 56.76 56.32 55.88 55.44 55.00 54.56 54.13 53.71 53.25 52.71 52.08 51.37 50.61 49.81 48.99 48.17 47.37 46.59 45.86 45.18 44.58 44.07 43.65 43.36 43.23 43.27 43.47 43.84 44.36 45.03 45.84 46.80 47.90 49.13 50.45 51.86 53.32 54.85 56.43 58.02 59.59 61.12 62.61 64.05 65.45 66.80 68.08 69.31 70.48
56.62 56.36 56.23 56.22 56.30 56.47 56.71 56.98 57.29 57.60 57.89 58.13 58.30 58.39 58.44 58.48 58.50 58.49 58.44 58.36 58.24 58.07 57.84 57.55 57.21 56.82 56.41 55.99 55.55 55.11 54.67 54.23 53.79 53.35 52.93 52.51 52.06 51.52 50.90 50.21 49.48 48.72 47.94 47.16 46.39 45.66 44.97 44.33 43.78 43.31 42.94 42.73 42.69 42.80 43.07 43.49 44.05 44.76 45.60 46.57 47.68 48.90 50.22 51.60 53.04 54.51 55.97 57.41 58.82 60.20 61.54 62.85 64.11 65.33 66.49 67.61
54.99 54.74 54.63 54.63 54.72 54.90 55.14 55.43 55.74 56.06 56.36 56.63 56.84 57.01 57.15 57.28 57.37 57.43 57.45 57.42 57.34 57.21 57.01 56.75 56.41 56.03 55.63 55.21 54.79 54.35 53.91 53.46 53.02 52.58 52.14 51.72 51.31 50.86 50.34 49.74 49.08 48.37 47.64 46.89 46.14 45.41 44.70 44.05 43.45 42.92 42.49 42.21 42.08 42.11 42.28 42.61 43.07 43.67 44.40 45.26 46.24 47.34 48.54 49.84 51.17 52.50 53.83 55.14 56.44 57.71 58.96 60.19 61.38 62.53 63.65 64.72
53.33 53.09 52.99 53.00 53.11 53.30 53.55 53.84 54.15 54.48 54.79 55.08 55.36 55.63 55.87 56.07 56.25 56.37 56.46 56.48 56.45 56.36 56.19 55.95 55.63 55.26 54.87 54.46 54.03 53.60 53.16 52.71 52.26 51.82 51.38 50.94 50.52 50.12 49.68 49.17 48.59 47.95 47.26 46.55 45.82 45.10 44.39 43.71 43.07 42.50 42.01 41.65 41.44 41.39 41.48 41.71 42.07 42.57 43.19 43.94 44.80 45.78 46.86 48.02 49.22 50.41 51.62 52.81 54.00 55.18 56.35 57.50 58.62 59.72 60.80 61.84
