data_processed/recharge/precip/Precip_1988_09.asc
ncols        168
nrows        136
xllcorner    455000
yllcorner    2107000
cellsize     500
NODATA_value     -99999
[rows 0 to 32 of 136, columns 74 to 147 of 168]
106.94 105.70 104.51 103.39 102.36 101.44 100.67 100.04 99.56 99.22 99.02 98.96 99.09 99.57 100.45 101.68 103.24 105.08 107.16 109.45 111.91 114.48 117.04 119.51 121.85 124.03 126.03 127.80 129.32 130.56 131.51 132.38 133.33 134.37 135.49 136.67 137.90 139.09 140.18 141.18 142.09 142.90 143.63 144.27 144.82 145.29 145.69 146.06 146.39 146.69 146.98 147.26 147.53 147.80 148.09 148.53 149.29 150.38 151.78 153.47 155.43 157.63 160.04 162.63 165.36 168.19 171.10 174.05 177.00 179.91 182.20 182.97 182.32 180.49
106.98 105.76 104.58 103.48 102.47 101.59 100.84 100.25 99.79 99.47 99.28 99.22 99.28 99.53 100.11 101.09 102.40 104.03 105.94 108.07 110.40 112.87 115.32 117.66 119.84 121.85 123.64 125.20 126.47 127.48 128.41 129.42 130.52 131.71 132.98 134.30 135.67 137.07 138.41 139.63 140.72 141.71 142.57 143.32 143.96 144.48 144.93 145.34 145.72 146.07 146.40 146.72 147.03 147.35 147.82 148.59 149.68 151.07 152.73 154.65 156.81 159.18 161.73 164.44 167.25 170.15 173.09 176.04 178.97 181.83 184.05 184.72 183.94 181.97
106.98 105.77 104.60 103.51 102.53 101.68 100.97 100.41 99.97 99.67 99.50 99.44 99.51 99.68 100.03 100.71 101.76 103.15 104.84 106.79 108.97 111.30 113.61 115.78 117.78 119.58 121.15 122.45 123.49 124.46 125.51 126.67 127.91 129.23 130.62 132.06 133.54 135.06 136.59 138.03 139.33 140.49 141.50 142.37 143.10 143.70 144.20 144.67 145.09 145.50 145.88 146.25 146.62 147.13 147.93 149.04 150.43 152.09 153.99 156.11 158.44 160.95 163.61 166.40 169.28 172.21 175.16 178.10 180.98 183.76 185.88 186.42 185.50 183.35
106.94 105.72 104.56 103.49 102.55 101.75 101.08 100.55 100.15 99.87 99.71 99.66 99.73 99.90 100.18 100.62 101.38 102.50 103.94 105.68 107.66 109.83 111.97 113.95 115.74 117.30 118.60 119.66 120.65 121.73 122.92 124.20 125.56 126.99 128.48 130.02 131.60 133.20 134.83 136.44 137.95 139.29 140.46 141.46 142.29 142.96 143.53 144.06 144.55 145.01 145.46 145.90 146.46 147.31 148.45 149.87 151.53 153.43 155.54 157.84 160.31 162.93 165.67 168.52 171.43 174.37 177.30 180.19 183.00 185.68 187.67 188.06 186.96 184.62
106.86 105.64 104.49 103.46 102.58 101.82 101.20 100.71 100.34 100.08 99.94 99.91 99.98 100.16 100.43 100.79 101.30 102.13 103.30 104.79 106.56 108.53 110.47 112.22 113.76 115.06 116.11 117.10 118.19 119.39 120.69 122.07 123.53 125.06 126.63 128.25 129.90 131.58 133.26 134.95 136.60 138.13 139.46 140.60 141.55 142.31 142.95 143.55 144.11 144.65 145.17 145.81 146.72 147.92 149.37 151.07 152.98 155.10 157.39 159.83 162.42 165.11 167.90 170.77 173.68 176.60 179.49 182.30 185.01 187.57 189.40 189.62 188.32 185.75
106.75 105.53 104.43 103.47 102.64 101.94 101.37 100.91 100.57 100.35 100.23 100.21 100.30 100.48 100.74 101.09 101.53 102.10 102.98 104.19 105.71 107.46 109.16 110.67 111.93 112.96 113.94 115.02 116.22 117.51 118.90 120.37 121.91 123.50 125.14 126.82 128.53 130.25 131.98 133.70 135.40 137.05 138.56 139.85 140.92 141.77 142.50 143.18 143.82 144.45 145.18 146.17 147.43 148.94 150.68 152.63 154.76 157.06 159.51 162.08 164.75 167.50 170.31 173.15 176.02 178.88 181.70 184.41 187.00 189.40 191.06 191.07 189.55 186.74
106.63 105.46 104.44 103.54 102.77 102.13 101.60 101.19 100.89 100.70 100.60 100.61 100.70 100.89 101.15 101.50 101.92 102.42 103.04 103.95 105.19 106.68 108.12 109.34 110.33 111.28 112.34 113.51 114.79 116.16 117.62 119.15 120.75 122.40 124.09 125.81 127.55 129.30 131.04 132.78 134.49 136.17 137.78 139.22 140.42 141.38 142.20 142.97 143.72 144.56 145.64 146.99 148.58 150.38 152.37 154.55 156.87 159.33 161.90 164.56 167.29 170.06 172.86 175.67 178.46 181.22 183.92 186.51 188.94 191.17 192.62 192.41 190.64 187.75
106.57 105.48 104.53 103.71 103.00 102.42 101.94 101.58 101.32 101.16 101.09 101.12 101.23 101.42 101.69 102.04 102.45 102.93 103.46 104.12 105.06 106.26 107.41 108.35 109.24 110.25 111.39 112.63 113.97 115.41 116.92 118.49 120.13 121.81 123.53 125.27 127.02 128.78 130.53 132.26 133.96 135.62 137.24 138.76 140.10 141.17 142.09 142.97 143.94 145.14 146.59 148.27 150.15 152.21 154.44 156.81 159.30 161.88 164.55 167.27 170.03 172.80 175.57 178.31 181.00 183.62 186.15 188.56 190.82 192.84 194.06 193.61 191.79 189.26
106.62 105.62 104.75 104.00 103.36 102.84 102.42 102.10 101.88 101.76 101.73 101.78 101.91 102.11 102.39 102.73 103.14 103.61 104.12 104.69 105.37 106.27 107.12 107.95 108.90 109.97 111.16 112.46 113.84 115.31 116.86 118.46 120.12 121.81 123.53 125.28 127.03 128.77 130.51 132.21 133.89 135.51 137.08 138.58 139.98 141.18 142.22 143.33 144.66 146.23 148.01 149.99 152.14 154.44 156.87 159.40 162.03 164.72 167.45 170.21 172.97 175.71 178.42 181.06 183.62 186.08 188.41 190.60 192.62 194.40 195.38 194.90 193.53 191.54
106.82 105.91 105.12 104.45 103.88 103.42 103.06 102.79 102.62 102.54 102.54 102.61 102.77 102.99 103.27 103.62 104.03 104.48 104.98 105.53 106.12 106.77 107.52 108.38 109.38 110.50 111.72 113.05 114.46 115.95 117.51 119.12 120.77 122.46 124.17 125.90 127.62 129.34 131.04 132.70 134.32 135.90 137.40 138.84 140.19 141.43 142.70 144.18 145.89 147.80 149.89 152.14 154.52 157.03 159.63 162.31 165.04 167.80 170.58 173.35 176.08 178.77 181.38 183.90 186.30 188.57 190.68 192.61 194.34 195.84 196.80 196.86 196.14 194.71
107.23 106.40 105.69 105.09 104.59 104.19 103.88 103.67 103.54 103.49 103.52 103.62 103.79 104.02 104.31 104.66 105.06 105.50 105.98 106.51 107.07 107.71 108.49 109.39 110.43 111.58 112.83 114.17 115.59 117.09 118.64 120.24 121.88 123.55 125.24 126.93 128.62 130.29 131.94 133.54 135.11 136.61 138.04 139.39 140.65 141.74 143.12 144.97 147.03 149.27 151.65 154.16 156.77 159.47 162.23 165.03 167.86 170.68 173.48 176.24 178.94 181.55 184.06 186.44 188.67 190.73 192.60 194.26 195.69 196.96 198.18 198.97 198.96 198.15
107.90 107.15 106.50 105.96 105.51 105.16 104.89 104.71 104.61 104.58 104.63 104.74 104.91 105.14 105.43 105.76 106.13 106.55 107.00 107.49 108.06 108.75 109.56 110.51 111.57 112.74 114.01 115.37 116.79 118.29 119.83 121.42 123.05 124.69 126.34 128.00 129.64 131.26 132.85 134.40 135.89 137.32 138.67 139.93 140.99 141.77 142.88 144.84 147.25 149.81 152.49 155.26 158.10 161.00 163.92 166.86 169.78 172.67 175.50 178.26 180.92 183.47 185.87 188.12 190.18 192.04 193.68 195.07 196.29 197.54 198.83 200.02 200.76 200.68
108.83 108.14 107.54 107.04 106.63 106.31 106.07 105.91 105.82 105.80 105.85 105.95 106.12 106.33 106.59 106.89 107.24 107.61 108.02 108.50 109.10 109.83 110.68 111.66 112.75 113.94 115.22 116.58 118.01 119.49 121.03 122.60 124.20 125.81 127.43 129.04 130.63 132.20 133.73 135.21 136.62 137.97 139.23 140.30 141.05 141.52 142.31 144.01 146.50 149.38 152.36 155.41 158.49 161.59 164.68 167.76 170.78 173.74 176.62 179.38 182.02 184.50 186.81 188.93 190.83 192.50 193.91 195.13 196.33 197.61 198.94 200.21 201.37 202.06
110.00 109.36 108.80 108.33 107.95 107.64 107.41 107.26 107.17 107.14 107.17 107.26 107.40 107.58 107.80 108.06 108.35 108.68 109.07 109.56 110.19 110.95 111.83 112.83 113.93 115.14 116.42 117.79 119.21 120.69 122.21 123.76 125.32 126.90 128.48 130.04 131.58 133.09 134.55 135.96 137.30 138.55 139.62 140.39 140.83 141.00 141.51 142.88 145.11 148.06 151.34 154.66 157.98 161.30 164.57 167.79 170.93 173.97 176.89 179.67 182.28 184.71 186.94 188.93 190.68 192.17 193.44 194.65 195.90 197.21 198.57 199.89 201.13 202.26
111.31 110.80 110.28 109.82 109.44 109.14 108.91 108.74 108.64 108.59 108.59 108.65 108.74 108.88 109.05 109.25 109.48 109.77 110.16 110.67 111.31 112.10 113.01 114.02 115.13 116.34 117.62 118.98 120.40 121.86 123.36 124.88 126.41 127.95 129.48 130.99 132.47 133.91 135.30 136.63 137.88 138.95 139.72 140.18 140.34 140.25 140.48 141.57 143.48 146.16 149.49 153.07 156.65 160.18 163.65 167.02 170.28 173.40 176.38 179.17 181.77 184.16 186.31 188.19 189.80 191.17 192.45 193.72 195.01 196.36 197.76 199.11 200.40 201.62
112.70 112.35 111.94 111.50 111.12 110.80 110.55 110.36 110.23 110.14 110.10 110.11 110.15 110.22 110.32 110.45 110.64 110.92 111.30 111.81 112.47 113.27 114.20 115.22 116.33 117.53 118.80 120.15 121.55 122.99 124.46 125.95 127.45 128.94 130.42 131.87 133.29 134.66 135.98 137.22 138.28 139.06 139.53 139.71 139.61 139.27 139.26 140.07 141.69 144.05 147.11 150.73 154.55 158.31 161.97 165.50 168.89 172.11 175.14 177.97 180.56 182.91 184.98 186.77 188.29 189.69 191.03 192.35 193.69 195.08 196.51 197.90 199.23 200.50
114.15 113.95 113.68 113.34 112.96 112.62 112.33 112.10 111.92 111.78 111.69 111.63 111.60 111.60 111.62 111.69 111.85 112.10 112.48 112.99 113.65 114.47 115.40 116.43 117.53 118.71 119.96 121.28 122.66 124.08 125.51 126.97 128.42 129.86 131.28 132.67 134.02 135.32 136.55 137.61 138.39 138.86 139.06 138.98 138.64 138.09 137.86 138.43 139.77 141.84 144.57 147.92 151.77 155.74 159.60 163.30 166.82 170.14 173.24 176.10 178.70 181.02 183.03 184.76 186.33 187.80 189.20 190.58 191.96 193.39 194.85 196.28 197.66 198.98
115.63 115.57 115.45 115.24 114.94 114.58 114.24 113.96 113.72 113.51 113.34 113.21 113.09 113.00 112.96 112.98 113.10 113.33 113.68 114.18 114.84 115.67 116.61 117.62 118.72 119.87 121.10 122.38 123.71 125.09 126.50 127.90 129.31 130.70 132.06 133.38 134.66 135.87 136.92 137.69 138.18 138.39 138.33 138.02 137.47 136.72 136.30 136.64 137.74 139.54 141.98 145.01 148.57 152.55 156.60 160.47 164.13 167.57 170.74 173.65 176.25 178.55 180.54 182.33 183.98 185.52 186.99 188.42 189.85 191.31 192.81 194.28 195.70 197.07
117.12 117.20 117.20 117.12 116.94 116.65 116.27 115.92 115.60 115.32 115.06 114.83 114.62 114.45 114.34 114.31 114.39 114.58 114.91 115.39 116.04 116.87 117.80 118.81 119.88 121.01 122.20 123.43 124.71 126.04 127.39 128.75 130.10 131.43 132.73 133.98 135.17 136.21 136.98 137.46 137.68 137.64 137.36 136.84 136.11 135.19 134.59 134.74 135.62 137.17 139.33 142.07 145.31 149.01 153.04 157.08 160.90 164.44 167.70 170.66 173.28 175.59 177.66 179.53 181.26 182.87 184.40 185.89 187.36 188.87 190.40 191.91 193.37 194.80
118.60 118.80 118.93 118.97 118.90 118.71 118.39 117.98 117.57 117.19 116.83 116.50 116.19 115.94 115.76 115.68 115.71 115.86 116.15 116.61 117.24 118.06 118.99 119.97 121.02 122.11 123.25 124.44 125.66 126.92 128.20 129.50 130.79 132.06 133.28 134.45 135.47 136.23 136.72 136.94 136.92 136.66 136.17 135.47 134.57 133.51 132.76 132.74 133.42 134.74 136.67 139.12 142.07 145.44 149.19 153.21 157.16 160.83 164.19 167.20 169.87 172.26 174.42 176.39 178.19 179.88 181.47 183.01 184.53 186.08 187.64 189.19 190.70 192.18
120.05 120.36 120.60 120.75 120.79 120.70 120.48 120.10 119.62 119.13 118.65 118.21 117.81 117.47 117.22 117.07 117.04 117.14 117.40 117.83 118.44 119.24 120.15 121.11 122.12 123.17 124.26 125.39 126.54 127.72 128.93 130.14 131.36 132.56 133.70 134.70 135.45 135.93 136.16 136.14 135.90 135.44 134.78 133.92 132.88 131.70 130.82 130.65 131.16 132.29 133.99 136.20 138.87 141.95 145.37 149.10 153.01 156.80 160.25 163.34 166.11 168.61 170.87 172.92 174.80 176.56 178.21 179.81 181.38 182.96 184.57 186.15 187.71 189.23
121.45 121.86 122.20 122.44 122.58 122.59 122.46 122.16 121.70 121.11 120.52 119.96 119.46 119.04 118.71 118.49 118.39 118.44 118.65 119.04 119.62 120.40 121.28 122.21 123.18 124.18 125.22 126.28 127.36 128.46 129.57 130.68 131.80 132.91 133.88 134.62 135.09 135.32 135.31 135.09 134.65 134.02 133.20 132.21 131.05 129.77 128.80 128.51 128.87 129.82 131.32 133.31 135.73 138.53 141.66 145.06 148.68 152.41 155.96 159.16 162.05 164.65 167.00 169.15 171.11 172.94 174.66 176.31 177.93 179.55 181.19 182.81 184.42 185.99
122.77 123.27 123.70 124.03 124.25 124.35 124.30 124.08 123.69 123.12 122.43 121.76 121.15 120.63 120.21 119.91 119.74 119.73 119.89 120.23 120.78 121.53 122.38 123.27 124.19 125.14 126.11 127.09 128.09 129.10 130.12 131.13 132.13 133.03 133.73 134.20 134.42 134.42 134.21 133.80 133.19 132.41 131.46 130.36 129.11 127.76 126.71 126.32 126.55 127.36 128.69 130.47 132.67 135.22 138.08 141.18 144.47 147.90 151.39 154.71 157.71 160.41 162.86 165.09 167.14 169.03 170.82 172.52 174.19 175.85 177.52 179.19 180.84 182.47
124.00 124.58 125.08 125.49 125.79 125.96 125.98 125.83 125.51 125.01 124.35 123.58 122.87 122.24 121.73 121.34 121.10 121.01 121.11 121.40 121.91 122.62 123.44 124.28 125.14 126.03 126.92 127.83 128.74 129.66 130.57 131.46 132.25 132.85 133.25 133.46 133.46 133.26 132.86 132.28 131.53 130.62 129.57 128.38 127.07 125.67 124.57 124.11 124.24 124.92 126.10 127.71 129.71 132.04 134.64 137.46 140.45 143.54 146.74 150.00 153.10 155.91 158.46 160.78 162.90 164.87 166.72 168.48 170.20 171.90 173.60 175.31 177.01 178.69
125.10 125.76 126.33 126.81 127.17 127.40 127.48 127.39 127.14 126.72 126.14 125.41 124.60 123.87 123.25 122.77 122.44 122.28 122.31 122.54 123.00 123.67 124.44 125.23 126.03 126.84 127.66 128.48 129.30 130.11 130.90 131.59 132.09 132.38 132.49 132.44 132.23 131.85 131.29 130.57 129.70 128.69 127.55 126.30 124.95 123.53 122.40 121.89 121.95 122.53 123.58 125.04 126.86 128.99 131.36 133.92 136.59 139.36 142.24 145.22 148.27 151.17 153.81 156.22 158.43 160.47 162.38 164.20 165.96 167.70 169.45 171.19 172.94 174.67
126.07 126.78 127.41 127.95 128.36 128.65 128.77 128.74 128.55 128.21 127.72 127.08 126.31 125.49 124.76 124.18 123.76 123.52 123.47 123.64 124.04 124.67 125.38 126.11 126.84 127.58 128.31 129.04 129.76 130.45 131.04 131.44 131.63 131.64 131.49 131.19 130.76 130.20 129.51 128.67 127.71 126.62 125.43 124.14 122.77 121.35 120.22 119.68 119.69 120.19 121.14 122.48 124.15 126.10 128.25 130.51 132.88 135.34 137.91 140.59 143.37 146.22 148.95 151.45 153.74 155.85 157.83 159.70 161.51 163.29 165.07 166.86 168.65 170.43
126.87 127.63 128.31 128.89 129.35 129.67 129.83 129.85 129.72 129.45 129.05 128.51 127.85 127.08 126.27 125.58 125.06 124.73 124.60 124.70 125.03 125.60 126.26 126.92 127.58 128.23 128.87 129.50 130.10 130.60 130.90 130.99 130.91 130.66 130.26 129.73 129.10 128.36 127.54 126.62 125.58 124.44 123.21 121.91 120.55 119.16 118.05 117.51 117.49 117.94 118.81 120.04 121.59 123.35 125.23 127.21 129.29 131.47 133.75 136.13 138.62 141.23 143.91 146.48 148.85 151.04 153.08 155.01 156.87 158.69 160.51 162.34 164.17 166.01
127.49 128.29 129.01 129.62 130.10 130.44 130.64 130.70 130.63 130.44 130.12 129.68 129.13 128.47 127.72 126.95 126.32 125.90 125.68 125.70 125.96 126.47 127.06 127.65 128.22 128.78 129.33 129.84 130.25 130.46 130.46 130.29 129.95 129.46 128.84 128.11 127.28 126.38 125.42 124.41 123.33 122.16 120.93 119.64 118.31 116.96 115.90 115.38 115.36 115.79 116.60 117.76 119.16 120.68 122.29 124.00 125.80 127.71 129.71 131.83 134.05 136.38 138.83 141.35 143.79 146.05 148.16 150.15 152.05 153.91 155.77 157.64 159.52 161.41
127.90 128.73 129.47 130.10 130.59 130.94 131.17 131.28 131.27 131.14 130.91 130.57 130.13 129.59 128.96 128.25 127.55 127.02 126.71 126.64 126.83 127.26 127.78 128.28 128.77 129.24 129.67 129.99 130.11 130.03 129.77 129.34 128.77 128.06 127.24 126.33 125.34 124.30 123.21 122.10 120.97 119.81 118.59 117.34 116.06 114.79 113.80 113.33 113.33 113.75 114.54 115.59 116.77 118.03 119.39 120.85 122.40 124.05 125.80 127.66 129.62 131.70 133.89 136.20 138.59 140.91 143.08 145.13 147.08 148.99 150.88 152.79 154.72 156.66
128.08 128.93 129.67 130.29 130.78 131.15 131.41 131.56 131.60 131.54 131.39 131.14 130.81 130.39 129.89 129.32 128.69 128.08 127.67 127.51 127.61 127.97 128.41 128.83 129.22 129.57 129.81 129.86 129.70 129.35 128.84 128.19 127.40 126.50 125.50 124.43 123.30 122.13 120.94 119.74 118.56 117.39 116.22 115.02 113.83 112.65 111.76 111.36 111.40 111.85 112.57 113.43 114.37 115.40 116.52 117.74 119.05 120.46 121.98 123.60 125.33 127.16 129.12 131.18 133.37 135.65 137.88 139.98 141.99 143.93 145.85 147.81 149.79 151.78
128.01 128.84 129.56 130.16 130.66 131.05 131.33 131.52 131.61 131.62 131.54 131.39 131.16 130.86 130.49 130.06 129.58 129.05 128.57 128.30 128.32 128.59 128.94 129.26 129.55 129.71 129.68 129.45 129.03 128.44 127.70 126.84 125.86 124.79 123.64 122.43 121.18 119.91 118.63 117.37 116.14 114.96 113.83 112.72 111.63 110.58 109.80 109.50 109.61 110.03 110.59 111.22 111.95 112.76 113.66 114.66 115.75 116.94 118.23 119.63 121.14 122.76 124.49 126.33 128.30 130.39 132.57 134.73 136.78 138.76 140.73 142.72 144.74 146.75
127.63 128.43 129.12 129.71 130.20 130.60 130.91 131.14 131.28 131.35 131.35 131.29 131.16 130.97 130.73 130.44 130.11 129.74 129.34 129.01 128.93 129.11 129.37 129.58 129.68 129.58 129.27 128.78 128.12 127.32 126.38 125.33 124.18 122.96 121.68 120.36 119.01 117.66 116.32 115.01 113.76 112.57 111.46 110.44 109.48 108.58 107.95 107.76 107.89 108.17 108.52 108.95 109.47 110.08 110.78 111.57 112.46 113.45 114.54 115.74 117.04 118.45 119.98 121.62 123.39 125.27 127.28 129.39 131.48 133.51 135.51 137.55 139.58 141.46
126.92 127.67 128.34 128.91 129.40 129.80 130.14 130.40 130.59 130.72 130.79 130.81 130.78 130.71 130.60 130.45 130.27 130.06 129.83 129.59 129.44 129.53 129.68 129.71 129.55 129.17 128.62 127.89 127.02 126.01 124.89 123.68 122.39 121.04 119.65 118.23 116.81 115.40 114.03 112.70 111.44 110.26 109.19 108.23 107.40 106.67 106.21 106.08 106.09 106.18 106.35 106.60 106.93 107.36 107.87 108.48 109.18 109.98 110.89 111.90 113.01 114.24 115.58 117.03 118.61 120.31 122.13 124.07 126.13 128.19 130.23 132.27 134.17 135.87
