data_processed/recharge/precip/Precip_2008_09.asc
ncols        168
nrows        136
xllcorner    455000
yllcorner    2107000
cellsize     500
NODATA_value     -99999
[rows 0 to 32 of 136, columns 74 to 147 of 168]
51.42 50.90 50.42 50.01 49.71 49.52 49.44 49.46 49.57 49.78 50.08 50.47 50.94 51.49 52.11 52.80 53.56 54.39 55.27 56.20 57.19 58.22 59.30 60.42 61.57 62.75 63.97 65.20 66.45 67.72 69.01 70.29 71.59 72.88 74.17 75.45 76.72 77.97 79.21 80.40 81.53 82.58 83.55 84.44 85.26 85.99 86.64 87.22 87.68 88.02 88.22 88.30 88.24 88.05 87.73 87.28 86.71 86.07 85.37 84.64 83.86 83.04 82.18 81.29 80.38 79.43 78.47 77.49 76.49 75.49 74.47 73.45 72.43 71.42
51.42 50.90 50.42 49.99 49.63 49.37 49.23 49.19 49.24 49.40 49.65 49.99 50.41 50.91 51.49 52.15 52.87 53.66 54.51 55.41 56.38 57.39 58.44 59.54 60.68 61.85 63.05 64.27 65.52 66.79 68.07 69.36 70.66 71.96 73.26 74.55 75.83 77.10 78.34 79.52 80.63 81.66 82.62 83.51 84.32 85.06 85.73 86.32 86.81 87.17 87.41 87.52 87.51 87.37 87.10 86.71 86.19 85.55 84.86 84.12 83.33 82.52 81.66 80.78 79.88 78.95 78.00 77.03 76.06 75.07 74.09 73.10 72.11 71.13
51.46 50.95 50.47 50.04 49.66 49.34 49.13 49.03 49.03 49.12 49.32 49.60 49.97 50.43 50.97 51.58 52.26 53.01 53.83 54.71 55.64 56.62 57.65 58.73 59.85 61.00 62.19 63.40 64.64 65.90 67.18 68.47 69.77 71.08 72.38 73.68 74.98 76.25 77.47 78.62 79.70 80.71 81.66 82.55 83.36 84.11 84.79 85.39 85.91 86.30 86.57 86.72 86.75 86.66 86.45 86.11 85.66 85.08 84.39 83.65 82.87 82.05 81.20 80.33 79.44 78.52 77.59 76.64 75.69 74.73 73.77 72.81 71.85 70.90
51.56 51.05 50.58 50.15 49.76 49.42 49.15 48.98 48.92 48.95 49.09 49.32 49.64 50.05 50.54 51.10 51.74 52.46 53.23 54.08 54.98 55.93 56.94 57.99 59.08 60.22 61.39 62.59 63.82 65.07 66.34 67.63 68.93 70.23 71.54 72.85 74.14 75.38 76.57 77.69 78.75 79.75 80.69 81.56 82.38 83.13 83.82 84.45 84.98 85.40 85.71 85.90 85.97 85.93 85.77 85.49 85.10 84.59 83.97 83.24 82.46 81.65 80.81 79.94 79.06 78.16 77.24 76.32 75.38 74.45 73.52 72.59 71.67 70.75
51.71 51.20 50.73 50.31 49.92 49.58 49.28 49.05 48.92 48.89 48.97 49.14 49.41 49.76 50.20 50.72 51.31 51.98 52.72 53.53 54.39 55.31 56.29 57.32 58.39 59.50 60.65 61.84 63.05 64.29 65.55 66.83 68.13 69.43 70.74 72.04 73.30 74.50 75.65 76.74 77.78 78.76 79.69 80.56 81.37 82.13 82.84 83.48 84.04 84.49 84.83 85.06 85.17 85.18 85.07 84.85 84.52 84.08 83.53 82.87 82.11 81.30 80.47 79.62 78.75 77.86 76.96 76.06 75.15 74.24 73.34 72.44 71.55 70.68
51.90 51.39 50.93 50.51 50.12 49.78 49.48 49.22 49.03 48.94 48.95 49.07 49.27 49.57 49.96 50.42 50.97 51.60 52.29 53.06 53.88 54.77 55.72 56.71 57.76 58.84 59.97 61.14 62.34 63.56 64.81 66.08 67.37 68.67 69.97 71.23 72.43 73.60 74.71 75.77 76.79 77.75 78.67 79.54 80.35 81.12 81.83 82.49 83.08 83.55 83.93 84.19 84.35 84.41 84.36 84.20 83.93 83.56 83.08 82.50 81.81 81.03 80.20 79.36 78.50 77.63 76.76 75.87 74.99 74.11 73.24 72.37 71.52 70.68
52.14 51.64 51.18 50.75 50.37 50.03 49.73 49.47 49.25 49.10 49.05 49.09 49.24 49.48 49.81 50.22 50.72 51.30 51.95 52.67 53.46 54.31 55.22 56.18 57.19 58.25 59.36 60.50 61.68 62.89 64.12 65.38 66.66 67.94 69.19 70.39 71.56 72.68 73.76 74.79 75.79 76.73 77.64 78.50 79.32 80.09 80.81 81.49 82.10 82.61 83.01 83.32 83.52 83.62 83.62 83.52 83.32 83.02 82.62 82.11 81.50 80.79 80.00 79.17 78.33 77.48 76.62 75.76 74.90 74.05 73.21 72.38 71.56 70.77
52.43 51.93 51.47 51.05 50.67 50.33 50.02 49.76 49.54 49.36 49.24 49.22 49.31 49.49 49.76 50.12 50.56 51.09 51.69 52.36 53.11 53.92 54.79 55.72 56.70 57.73 58.80 59.92 61.08 62.27 63.48 64.73 65.98 67.21 68.40 69.55 70.67 71.75 72.80 73.80 74.77 75.70 76.60 77.45 78.27 79.05 79.78 80.48 81.11 81.64 82.08 82.43 82.67 82.82 82.88 82.84 82.70 82.47 82.14 81.71 81.19 80.57 79.85 79.06 78.23 77.40 76.56 75.73 74.90 74.08 73.27 72.47 71.69 70.94
52.75 52.26 51.80 51.38 51.00 50.66 50.36 50.10 49.87 49.69 49.54 49.46 49.48 49.59 49.80 50.10 50.49 50.96 51.51 52.14 52.84 53.60 54.43 55.32 56.27 57.27 58.31 59.40 60.53 61.70 62.90 64.11 65.30 66.47 67.60 68.70 69.77 70.81 71.82 72.80 73.75 74.66 75.55 76.40 77.21 78.00 78.75 79.46 80.11 80.67 81.15 81.53 81.82 82.02 82.13 82.14 82.07 81.91 81.65 81.30 80.86 80.33 79.71 79.00 78.21 77.40 76.58 75.78 74.97 74.18 73.40 72.65 71.91 71.19
53.13 52.63 52.18 51.76 51.38 51.04 50.73 50.47 50.24 50.06 49.91 49.80 49.75 49.80 49.94 50.18 50.51 50.93 51.42 52.00 52.65 53.37 54.15 55.00 55.91 56.87 57.88 58.94 60.05 61.19 62.35 63.49 64.62 65.72 66.79 67.84 68.87 69.87 70.85 71.80 72.72 73.62 74.49 75.33 76.15 76.94 77.70 78.43 79.11 79.70 80.20 80.62 80.96 81.20 81.37 81.44 81.43 81.34 81.15 80.89 80.53 80.09 79.56 78.95 78.25 77.48 76.69 75.91 75.13 74.37 73.63 72.91 72.21 71.54
53.54 53.05 52.59 52.17 51.80 51.45 51.15 50.88 50.66 50.46 50.31 50.19 50.12 50.10 50.18 50.35 50.62 50.98 51.42 51.94 52.54 53.21 53.95 54.75 55.62 56.54 57.52 58.55 59.62 60.71 61.80 62.88 63.93 64.97 65.99 66.99 67.97 68.93 69.87 70.79 71.69 72.57 73.43 74.27 75.08 75.88 76.65 77.40 78.10 78.72 79.26 79.71 80.09 80.39 80.60 80.74 80.79 80.76 80.65 80.46 80.19 79.84 79.41 78.89 78.30 77.62 76.88 76.12 75.38 74.65 73.95 73.26 72.60 71.98
53.99 53.50 53.05 52.63 52.25 51.91 51.60 51.34 51.10 50.91 50.75 50.63 50.55 50.50 50.52 50.62 50.83 51.12 51.50 51.97 52.51 53.13 53.82 54.58 55.40 56.28 57.22 58.21 59.23 60.25 61.26 62.26 63.25 64.22 65.18 66.13 67.06 67.98 68.89 69.78 70.66 71.52 72.37 73.20 74.02 74.82 75.60 76.37 77.09 77.74 78.31 78.80 79.22 79.57 79.84 80.03 80.15 80.19 80.15 80.04 79.86 79.59 79.25 78.84 78.34 77.77 77.13 76.43 75.72 75.02 74.35 73.71 73.09 72.51
54.48 53.99 53.54 53.12 52.74 52.40 52.09 51.82 51.59 51.39 51.23 51.10 51.01 50.96 50.94 50.99 51.12 51.35 51.67 52.08 52.56 53.13 53.77 54.48 55.25 56.09 56.99 57.92 58.86 59.80 60.72 61.65 62.56 63.47 64.38 65.27 66.16 67.04 67.91 68.77 69.63 70.47 71.31 72.14 72.95 73.76 74.56 75.34 76.08 76.76 77.36 77.90 78.36 78.75 79.07 79.33 79.51 79.62 79.65 79.62 79.52 79.35 79.10 78.78 78.39 77.93 77.40 76.80 76.14 75.49 74.86 74.25 73.68 73.14
55.01 54.52 54.07 53.65 53.27 52.93 52.62 52.35 52.11 51.91 51.74 51.61 51.52 51.46 51.43 51.44 51.51 51.68 51.93 52.27 52.70 53.21 53.79 54.45 55.17 55.96 56.80 57.65 58.50 59.34 60.19 61.04 61.89 62.73 63.58 64.42 65.26 66.10 66.94 67.77 68.60 69.43 70.26 71.08 71.89 72.71 73.51 74.32 75.08 75.78 76.42 76.99 77.50 77.94 78.32 78.63 78.87 79.05 79.16 79.21 79.19 79.10 78.95 78.73 78.45 78.10 77.68 77.20 76.65 76.05 75.46 74.89 74.37 73.88
55.58 55.09 54.64 54.22 53.84 53.49 53.18 52.91 52.66 52.46 52.29 52.15 52.05 51.98 51.95 51.95 51.99 52.09 52.28 52.55 52.92 53.37 53.89 54.49 55.17 55.89 56.63 57.38 58.14 58.90 59.67 60.44 61.22 62.00 62.79 63.58 64.37 65.17 65.97 66.78 67.59 68.40 69.21 70.03 70.84 71.66 72.48 73.30 74.09 74.82 75.49 76.10 76.65 77.14 77.56 77.93 78.24 78.49 78.67 78.80 78.86 78.87 78.81 78.69 78.51 78.27 77.96 77.60 77.17 76.69 76.16 75.64 75.16 74.72
56.17 55.69 55.24 54.82 54.44 54.09 53.78 53.50 53.25 53.04 52.86 52.72 52.62 52.54 52.50 52.50 52.53 52.59 52.71 52.92 53.22 53.60 54.07 54.61 55.22 55.84 56.48 57.13 57.80 58.47 59.16 59.85 60.56 61.28 62.01 62.75 63.50 64.25 65.02 65.80 66.58 67.37 68.18 68.99 69.80 70.63 71.46 72.29 73.10 73.86 74.57 75.21 75.81 76.34 76.82 77.25 77.62 77.94 78.20 78.40 78.55 78.64 78.68 78.66 78.58 78.45 78.26 78.01 77.71 77.35 76.94 76.49 76.05 75.66
56.81 56.32 55.87 55.45 55.07 54.72 54.40 54.12 53.87 53.65 53.47 53.33 53.21 53.13 53.08 53.07 53.09 53.14 53.23 53.37 53.61 53.92 54.33 54.79 55.29 55.81 56.34 56.90 57.47 58.05 58.66 59.28 59.92 60.57 61.24 61.93 62.63 63.35 64.08 64.83 65.59 66.37 67.16 67.96 68.78 69.61 70.45 71.30 72.13 72.92 73.66 74.34 74.98 75.56 76.10 76.58 77.01 77.40 77.73 78.01 78.24 78.43 78.56 78.63 78.66 78.64 78.56 78.44 78.26 78.03 77.75 77.42 77.06 76.72
57.47 56.98 56.53 56.11 55.73 55.38 55.06 54.77 54.52 54.30 54.11 53.96 53.84 53.75 53.69 53.67 53.68 53.72 53.80 53.91 54.08 54.33 54.65 55.00 55.39 55.79 56.22 56.68 57.15 57.65 58.18 58.72 59.29 59.88 60.50 61.13 61.79 62.46 63.16 63.88 64.62 65.37 66.15 66.95 67.77 68.60 69.46 70.33 71.18 71.99 72.76 73.49 74.16 74.80 75.38 75.93 76.42 76.88 77.28 77.64 77.96 78.23 78.45 78.63 78.76 78.85 78.89 78.88 78.83 78.73 78.58 78.39 78.15 77.89
58.16 57.68 57.23 56.81 56.42 56.06 55.74 55.45 55.19 54.97 54.78 54.62 54.49 54.39 54.33 54.30 54.30 54.33 54.40 54.49 54.62 54.79 55.00 55.23 55.50 55.80 56.12 56.48 56.86 57.28 57.72 58.19 58.69 59.21 59.77 60.35 60.96 61.60 62.26 62.95 63.66 64.40 65.17 65.96 66.78 67.62 68.48 69.37 70.25 71.09 71.89 72.65 73.37 74.05 74.69 75.29 75.85 76.37 76.85 77.29 77.69 78.05 78.37 78.64 78.88 79.07 79.23 79.34 79.41 79.44 79.43 79.38 79.28 79.15
58.89 58.40 57.95 57.53 57.14 56.78 56.45 56.16 55.90 55.67 55.47 55.30 55.17 55.06 54.99 54.95 54.94 54.96 55.02 55.10 55.20 55.29 55.37 55.49 55.64 55.82 56.04 56.30 56.59 56.92 57.28 57.68 58.10 58.57 59.06 59.59 60.16 60.75 61.38 62.04 62.73 63.45 64.21 64.99 65.81 66.65 67.53 68.43 69.33 70.20 71.04 71.83 72.60 73.33 74.02 74.68 75.30 75.89 76.44 76.96 77.44 77.89 78.30 78.68 79.02 79.32 79.59 79.82 80.01 80.17 80.30 80.38 80.43 80.44
59.64 59.15 58.70 58.27 57.88 57.52 57.19 56.89 56.63 56.39 56.19 56.01 55.87 55.76 55.68 55.63 55.61 55.62 55.66 55.72 55.76 55.77 55.77 55.76 55.80 55.87 55.99 56.15 56.35 56.59 56.87 57.19 57.55 57.95 58.39 58.86 59.38 59.93 60.52 61.15 61.82 62.53 63.27 64.05 64.86 65.71 66.60 67.52 68.45 69.34 70.21 71.04 71.85 72.63 73.37 74.09 74.78 75.43 76.06 76.65 77.22 77.75 78.26 78.73 79.18 79.59 79.97 80.32 80.64 80.93 81.19 81.41 81.60 81.72
60.42 59.93 59.47 59.05 58.65 58.29 57.96 57.65 57.38 57.14 56.93 56.75 56.60 56.48 56.39 56.33 56.30 56.30 56.31 56.31 56.28 56.22 56.15 56.07 55.99 55.96 55.97 56.03 56.13 56.29 56.49 56.73 57.02 57.35 57.73 58.16 58.63 59.14 59.70 60.30 60.94 61.63 62.36 63.13 63.95 64.80 65.70 66.64 67.59 68.51 69.41 70.28 71.13 71.95 72.75 73.53 74.28 75.00 75.70 76.37 77.02 77.65 78.25 78.82 79.36 79.89 80.38 80.85 81.30 81.71 82.11 82.46 82.76 82.97
61.22 60.73 60.28 59.85 59.45 59.08 58.74 58.44 58.16 57.91 57.69 57.50 57.34 57.22 57.12 57.05 57.01 56.98 56.93 56.86 56.76 56.64 56.51 56.36 56.21 56.07 55.98 55.94 55.95 56.02 56.13 56.30 56.52 56.79 57.11 57.49 57.91 58.38 58.90 59.47 60.09 60.76 61.48 62.25 63.06 63.92 64.83 65.79 66.76 67.71 68.64 69.55 70.44 71.31 72.16 73.00 73.81 74.60 75.37 76.12 76.86 77.57 78.26 78.93 79.58 80.21 80.82 81.41 81.98 82.53 83.05 83.51 83.89 84.19
62.05 61.56 61.10 60.67 60.27 59.90 59.55 59.24 58.96 58.70 58.48 58.28 58.11 57.98 57.87 57.79 57.72 57.63 57.52 57.38 57.21 57.03 56.84 56.64 56.42 56.21 56.02 55.88 55.80 55.78 55.82 55.91 56.06 56.27 56.53 56.85 57.22 57.65 58.14 58.68 59.28 59.93 60.64 61.40 62.21 63.08 64.00 64.97 65.96 66.94 67.90 68.85 69.78 70.70 71.61 72.50 73.37 74.23 75.08 75.91 76.72 77.52 78.31 79.08 79.83 80.57 81.29 82.00 82.69 83.36 83.98 84.53 84.99 85.37
62.90 62.41 61.95 61.51 61.11 60.73 60.38 60.07 59.78 59.52 59.28 59.08 58.90 58.76 58.64 58.53 58.40 58.24 58.06 57.86 57.63 57.39 57.14 56.88 56.62 56.35 56.10 55.86 55.69 55.58 55.54 55.55 55.63 55.78 55.98 56.25 56.58 56.97 57.42 57.93 58.50 59.14 59.83 60.58 61.39 62.27 63.20 64.19 65.20 66.20 67.20 68.18 69.16 70.13 71.08 72.03 72.97 73.90 74.82 75.73 76.62 77.51 78.39 79.26 80.12 80.97 81.80 82.63 83.44 84.20 84.90 85.52 86.07 86.53
63.77 63.28 62.81 62.38 61.97 61.59 61.24 60.91 60.62 60.35 60.11 59.90 59.71 59.55 59.41 59.24 59.04 58.82 58.57 58.30 58.02 57.72 57.41 57.10 56.79 56.48 56.17 55.88 55.62 55.42 55.30 55.24 55.25 55.32 55.47 55.69 55.97 56.32 56.73 57.21 57.76 58.38 59.06 59.81 60.62 61.50 62.44 63.44 64.48 65.51 66.54 67.56 68.58 69.59 70.60 71.61 72.61 73.60 74.60 75.58 76.56 77.54 78.51 79.48 80.44 81.40 82.35 83.29 84.18 85.02 85.79 86.49 87.11 87.66
64.66 64.17 63.70 63.26 62.85 62.46 62.11 61.78 61.47 61.20 60.95 60.73 60.54 60.35 60.15 59.91 59.64 59.35 59.04 58.71 58.37 58.02 57.66 57.30 56.94 56.59 56.24 55.90 55.59 55.31 55.10 54.96 54.90 54.92 55.00 55.17 55.40 55.71 56.09 56.54 57.07 57.66 58.33 59.07 59.88 60.77 61.72 62.74 63.80 64.85 65.91 66.97 68.04 69.10 70.16 71.22 72.29 73.35 74.42 75.48 76.55 77.61 78.67 79.74 80.80 81.87 82.93 83.95 84.92 85.82 86.67 87.44 88.14 88.76
65.57 65.08 64.61 64.16 63.74 63.35 62.99 62.66 62.35 62.06 61.81 61.58 61.36 61.11 60.84 60.53 60.20 59.85 59.48 59.09 58.70 58.29 57.88 57.48 57.07 56.67 56.29 55.92 55.56 55.23 54.95 54.73 54.60 54.55 54.58 54.69 54.88 55.15 55.49 55.91 56.41 56.99 57.65 58.38 59.19 60.08 61.05 62.08 63.16 64.25 65.34 66.44 67.54 68.65 69.76 70.88 72.01 73.14 74.28 75.42 76.57 77.72 78.88 80.04 81.21 82.38 83.52 84.60 85.64 86.61 87.52 88.36 89.14 89.83
66.50 66.00 65.53 65.08 64.66 64.26 63.89 63.55 63.24 62.95 62.68 62.42 62.14 61.83 61.49 61.11 60.72 60.31 59.88 59.44 58.99 58.54 58.08 57.63 57.18 56.75 56.32 55.92 55.53 55.17 54.84 54.56 54.35 54.24 54.21 54.27 54.41 54.63 54.94 55.33 55.81 56.37 57.02 57.74 58.55 59.44 60.42 61.47 62.57 63.68 64.81 65.94 67.09 68.25 69.41 70.59 71.78 72.98 74.19 75.41 76.64 77.88 79.13 80.39 81.66 82.90 84.10 85.25 86.34 87.38 88.36 89.27 90.11 90.88
67.45 66.94 66.47 66.01 65.59 65.19 64.81 64.46 64.14 63.84 63.55 63.23 62.88 62.50 62.09 61.66 61.20 60.73 60.25 59.76 59.26 58.76 58.26 57.76 57.28 56.80 56.34 55.91 55.49 55.10 54.74 54.42 54.16 53.98 53.89 53.89 53.98 54.17 54.44 54.80 55.26 55.80 56.43 57.15 57.96 58.86 59.84 60.91 62.03 63.17 64.33 65.50 66.69 67.89 69.11 70.35 71.60 72.87 74.15 75.45 76.76 78.09 79.43 80.79 82.12 83.42 84.68 85.88 87.04 88.14 89.18 90.16 91.07 91.90
68.41 67.90 67.42 66.96 66.53 66.12 65.74 65.39 65.05 64.73 64.38 63.99 63.57 63.12 62.65 62.16 61.65 61.12 60.59 60.04 59.50 58.95 58.41 57.87 57.35 56.84 56.35 55.89 55.44 55.03 54.65 54.31 54.00 53.77 53.62 53.57 53.61 53.76 53.99 54.33 54.76 55.28 55.90 56.61 57.42 58.32 59.32 60.41 61.55 62.72 63.90 65.11 66.34 67.59 68.87 70.16 71.47 72.81 74.16 75.54 76.93 78.35 79.78 81.20 82.59 83.94 85.25 86.51 87.73 88.89 89.99 91.03 92.00 92.91
69.38 68.87 68.38 67.92 67.48 67.07 66.68 66.32 65.96 65.58 65.16 64.70 64.22 63.71 63.17 62.62 62.06 61.48 60.89 60.30 59.71 59.12 58.54 57.97 57.41 56.87 56.35 55.86 55.39 54.95 54.56 54.20 53.88 53.61 53.41 53.30 53.30 53.40 53.61 53.91 54.31 54.82 55.43 56.13 56.94 57.85 58.85 59.96 61.12 62.31 63.53 64.78 66.05 67.35 68.67 70.02 71.40 72.80 74.23 75.68 77.16 78.66 80.15 81.62 83.06 84.46 85.82 87.13 88.40 89.62 90.78 91.88 92.92 93.89
70.36 69.85 69.36 68.89 68.45 68.03 67.64 67.25 66.83 66.37 65.88 65.36 64.82 64.24 63.65 63.05 62.43 61.80 61.17 60.53 59.90 59.27 58.65 58.04 57.45 56.88 56.34 55.82 55.33 54.88 54.46 54.09 53.76 53.48 53.25 53.10 53.05 53.11 53.28 53.55 53.93 54.42 55.01 55.71 56.52 57.43 58.44 59.56 60.75 61.97 63.22 64.50 65.82 67.16 68.54 69.95 71.39 72.86 74.36 75.89 77.44 79.00 80.53 82.04 83.53 84.97 86.38 87.75 89.07 90.34 91.56 92.72 93.82 94.85
