data_processed/recharge/precip/Precip_2003_01.asc
ncols        168
nrows        136
xllcorner    455000
yllcorner    2107000
cellsize     500
NODATA_value     -99999
[rows 76 to 113 of 136, columns 0 to 83 of 168]
4.25 4.66 5.08 5.50 5.93 6.37 6.79 7.21 7.60 7.96 8.28 8.55 8.78 8.94 9.03 9.04 8.97 8.80 8.54 8.16 7.67 7.04 6.28 5.45 4.77 4.28 3.94 3.73 3.62 3.55 3.48 3.41 3.33 3.23 3.13 3.00 2.86 2.71 2.52 2.32 2.09 1.83 1.55 1.23 0.92 0.64 0.40 0.24 0.16 0.13 0.10 0.07 0.05 0.03 0.02 0.01 0.01 0.02 0.03 0.05 0.07 0.10 0.14 0.17 0.22 0.26 0.31 0.36 0.42 0.47 0.53 0.58 0.63 0.68 0.72 0.76 0.77 0.78 0.77 0.76 0.73 0.71 0.68 0.66
4.78 5.23 5.68 6.15 6.62 7.09 7.55 7.99 8.40 8.78 9.12 9.41 9.64 9.81 9.90 9.91 9.84 9.66 9.38 8.99 8.48 7.83 7.03 6.18 5.48 4.96 4.59 4.35 4.16 3.99 3.82 3.66 3.49 3.33 3.16 2.99 2.82 2.63 2.43 2.22 1.99 1.75 1.49 1.20 0.90 0.62 0.39 0.23 0.15 0.12 0.09 0.06 0.04 0.03 0.01 0.01 0.01 0.02 0.04 0.06 0.09 0.12 0.16 0.20 0.24 0.29 0.33 0.39 0.44 0.50 0.55 0.60 0.66 0.70 0.75 0.78 0.79 0.80 0.79 0.77 0.75 0.73 0.71 0.68
5.36 5.85 6.35 6.86 7.37 7.87 8.36 8.83 9.27 9.67 10.03 10.33 10.57 10.74 10.83 10.84 10.76 10.58 10.29 9.88 9.34 8.67 7.86 6.98 6.25 5.70 5.30 4.97 4.67 4.39 4.12 3.86 3.62 3.39 3.17 2.95 2.73 2.52 2.30 2.08 1.86 1.63 1.39 1.14 0.87 0.61 0.38 0.22 0.14 0.11 0.08 0.06 0.04 0.02 0.02 0.02 0.03 0.04 0.06 0.08 0.11 0.14 0.18 0.22 0.26 0.31 0.36 0.41 0.46 0.51 0.57 0.62 0.67 0.72 0.76 0.79 0.80 0.81 0.80 0.79 0.77 0.76 0.74 0.71
5.99 6.53 7.07 7.62 8.17 8.71 9.23 9.73 10.19 10.62 10.99 11.30 11.55 11.73 11.83 11.83 11.75 11.55 11.25 10.82 10.27 9.58 8.74 7.83 7.08 6.50 6.01 5.55 5.13 4.73 4.37 4.02 3.70 3.40 3.12 2.85 2.60 2.36 2.13 1.90 1.68 1.46 1.25 1.03 0.81 0.59 0.37 0.21 0.14 0.10 0.08 0.05 0.04 0.03 0.03 0.03 0.04 0.06 0.08 0.10 0.13 0.17 0.20 0.24 0.29 0.33 0.38 0.43 0.48 0.53 0.58 0.64 0.68 0.73 0.77 0.80 0.81 0.81 0.81 0.80 0.79 0.78 0.76 0.75
6.68 7.26 7.86 8.45 9.04 9.62 10.17 10.69 11.18 11.62 12.01 12.34 12.60 12.78 12.88 12.89 12.79 12.59 12.27 11.83 11.25 10.54 9.68 8.75 7.96 7.28 6.65 6.07 5.53 5.02 4.55 4.12 3.72 3.35 3.01 2.70 2.41 2.14 1.89 1.66 1.44 1.24 1.05 0.87 0.69 0.52 0.35 0.21 0.13 0.10 0.08 0.06 0.05 0.04 0.04 0.05 0.06 0.08 0.10 0.13 0.16 0.19 0.23 0.27 0.31 0.36 0.40 0.45 0.50 0.55 0.60 0.64 0.69 0.74 0.77 0.80 0.81 0.82 0.82 0.82 0.82 0.81 0.79 0.78
7.43 8.07 8.70 9.34 9.97 10.58 11.17 11.72 12.23 12.69 13.10 13.44 13.71 13.89 13.99 14.00 13.90 13.69 13.35 12.89 12.30 11.56 10.67 9.71 8.82 7.99 7.23 6.51 5.85 5.23 4.67 4.15 3.67 3.23 2.83 2.47 2.14 1.84 1.58 1.34 1.13 0.94 0.78 0.63 0.50 0.39 0.28 0.19 0.13 0.10 0.08 0.07 0.06 0.06 0.06 0.07 0.08 0.10 0.13 0.16 0.19 0.22 0.26 0.30 0.34 0.38 0.42 0.47 0.51 0.56 0.60 0.65 0.69 0.73 0.77 0.79 0.81 0.83 0.84 0.84 0.84 0.83 0.82 0.81
8.28 8.96 9.65 10.33 10.99 11.64 12.25 12.83 13.36 13.85 14.27 14.62 14.89 15.09 15.19 15.19 15.08 14.86 14.51 14.03 13.42 12.65 11.74 10.69 9.65 8.67 7.76 6.91 6.13 5.40 4.74 4.12 3.57 3.06 2.60 2.19 1.82 1.50 1.22 0.97 0.76 0.59 0.44 0.33 0.25 0.19 0.15 0.13 0.15 0.15 0.13 0.11 0.11 0.11 0.11 0.12 0.14 0.16 0.18 0.20 0.23 0.27 0.30 0.34 0.37 0.41 0.45 0.49 0.53 0.57 0.61 0.65 0.69 0.72 0.76 0.79 0.82 0.84 0.85 0.86 0.86 0.86 0.86 0.85
9.34 10.07 10.79 11.51 12.20 12.88 13.52 14.12 14.67 15.16 15.59 15.95 16.23 16.42 16.51 16.50 16.38 16.15 15.78 15.28 14.63 13.84 12.88 11.77 10.61 9.48 8.42 7.44 6.52 5.68 4.90 4.20 3.55 2.97 2.44 1.97 1.56 1.20 0.90 0.64 0.42 0.25 0.13 0.04 0.00 0.00 0.00 0.07 0.22 0.33 0.33 0.31 0.30 0.29 0.29 0.29 0.30 0.31 0.33 0.34 0.36 0.39 0.41 0.44 0.46 0.49 0.52 0.55 0.58 0.60 0.63 0.65 0.68 0.70 0.74 0.78 0.81 0.84 0.86 0.87 0.88 0.88 0.88 0.87
10.64 11.40 12.15 12.89 13.62 14.31 14.97 15.58 16.14 16.64 17.07 17.43 17.71 17.89 17.97 17.94 17.81 17.54 17.15 16.62 15.94 15.10 14.09 12.94 11.72 10.47 9.26 8.13 7.08 6.11 5.22 4.40 3.66 2.99 2.39 1.86 1.39 0.99 0.65 0.37 0.14 0.00 0.00 0.00 0.00 0.00 0.00 0.07 0.35 0.60 0.69 0.68 0.66 0.63 0.61 0.60 0.59 0.58 0.58 0.58 0.58 0.59 0.59 0.60 0.60 0.61 0.62 0.62 0.63 0.63 0.64 0.64 0.65 0.68 0.72 0.75 0.79 0.82 0.85 0.87 0.88 0.89 0.89 0.89
12.11 12.92 13.71 14.47 15.21 15.92 16.58 17.20 17.77 18.27 18.70 19.04 19.31 19.47 19.54 19.49 19.32 19.03 18.60 18.03 17.31 16.42 15.37 14.17 12.91 11.60 10.27 8.99 7.79 6.69 5.67 4.74 3.89 3.13 2.45 1.84 1.31 0.86 0.48 0.16 0.00 0.00 0.00 0.00 0.00 0.00 0.00 0.12 0.53 0.90 1.11 1.18 1.15 1.10 1.06 1.02 0.99 0.95 0.92 0.89 0.87 0.84 0.82 0.80 0.77 0.75 0.73 0.70 0.68 0.65 0.62 0.61 0.63 0.65 0.69 0.73 0.76 0.80 0.83 0.86 0.88 0.89 0.90 0.90
13.67 14.61 15.43 16.21 16.96 17.68 18.35 18.97 19.53 20.02 20.43 20.77 21.01 21.15 21.19 21.11 20.91 20.58 20.11 19.49 18.72 17.79 16.69 15.45 14.14 12.79 11.41 10.01 8.66 7.41 6.26 5.21 4.25 3.39 2.61 1.93 1.32 0.81 0.37 0.02 0.00 0.00 0.00 0.00 0.00 0.00 0.00 0.22 0.75 1.23 1.56 1.72 1.75 1.69 1.61 1.54 1.47 1.40 1.33 1.27 1.20 1.14 1.08 1.02 0.96 0.89 0.83 0.77 0.70 0.64 0.59 0.58 0.60 0.62 0.66 0.69 0.73 0.77 0.80 0.84 0.86 0.88 0.89 0.90
15.25 16.35 17.29 18.10 18.85 19.56 20.23 20.84 21.39 21.87 22.27 22.58 22.79 22.91 22.91 22.80 22.55 22.18 21.66 21.00 20.18 19.21 18.06 16.78 15.43 14.03 12.60 11.14 9.68 8.29 7.00 5.81 4.73 3.76 2.88 2.10 1.42 0.84 0.34 0.00 0.00 0.00 0.00 0.00 0.00 0.00 0.00 0.37 1.00 1.59 2.01 2.26 2.37 2.36 2.25 2.13 2.02 1.90 1.79 1.68 1.57 1.46 1.35 1.24 1.13 1.02 0.91 0.80 0.69 0.60 0.56 0.55 0.56 0.59 0.62 0.66 0.69 0.73 0.77 0.80 0.84 0.86 0.88 0.89
16.83 18.09 19.17 20.08 20.85 21.56 22.22 22.82 23.35 23.80 24.17 24.46 24.64 24.71 24.68 24.52 24.23 23.81 23.24 22.53 21.67 20.65 19.47 18.14 16.75 15.31 13.83 12.33 10.82 9.31 7.87 6.54 5.33 4.24 3.25 2.38 1.61 0.94 0.38 0.00 0.00 0.00 0.00 0.00 0.00 0.00 0.00 0.56 1.28 1.97 2.47 2.80 2.98 3.02 2.94 2.79 2.62 2.45 2.28 2.12 1.95 1.79 1.62 1.45 1.29 1.12 0.95 0.78 0.64 0.56 0.52 0.51 0.52 0.55 0.59 0.62 0.65 0.69 0.73 0.76 0.80 0.83 0.85 0.87
18.41 19.80 21.02 22.07 22.93 23.65 24.29 24.86 25.37 25.79 26.13 26.38 26.52 26.55 26.47 26.26 25.92 25.45 24.84 24.09 23.18 22.12 20.89 19.53 18.09 16.61 15.09 13.55 11.99 10.42 8.87 7.40 6.06 4.83 3.73 2.74 1.88 1.13 0.49 0.00 0.00 0.00 0.00 0.00 0.00 0.00 0.12 0.78 1.59 2.35 2.92 3.32 3.56 3.65 3.61 3.47 3.25 3.02 2.79 2.56 2.33 2.10 1.87 1.63 1.40 1.16 0.93 0.73 0.60 0.51 0.47 0.47 0.48 0.51 0.54 0.58 0.61 0.65 0.68 0.72 0.76 0.79 0.82 0.84
19.97 21.48 22.83 24.00 24.99 25.78 26.41 26.96 27.43 27.82 28.12 28.32 28.42 28.40 28.26 28.00 27.62 27.10 26.45 25.65 24.70 23.60 22.33 20.93 19.45 17.93 16.37 14.78 13.18 11.57 9.97 8.39 6.90 5.54 4.31 3.21 2.23 1.39 0.66 0.06 0.00 0.00 0.00 0.00 0.00 0.00 0.31 1.03 1.91 2.74 3.37 3.82 4.11 4.24 4.23 4.11 3.88 3.59 3.29 2.98 2.68 2.37 2.07 1.76 1.45 1.14 0.88 0.68 0.55 0.47 0.43 0.42 0.44 0.47 0.50 0.53 0.57 0.60 0.64 0.67 0.71 0.74 0.78 0.81
21.49 23.11 24.57 25.85 26.95 27.86 28.56 29.09 29.52 29.87 30.12 30.27 30.32 30.24 30.05 29.74 29.31 28.75 28.05 27.22 26.23 25.08 23.78 22.33 20.82 19.25 17.65 16.03 14.38 12.73 11.09 9.45 7.85 6.35 4.99 3.76 2.67 1.72 0.90 0.23 0.00 0.00 0.00 0.00 0.00 0.00 0.53 1.30 2.23 3.12 3.81 4.30 4.62 4.77 4.79 4.68 4.45 4.14 3.76 3.38 2.99 2.60 2.21 1.82 1.43 1.08 0.82 0.62 0.50 0.42 0.38 0.38 0.40 0.43 0.46 0.49 0.52 0.56 0.59 0.63 0.66 0.70 0.73 0.76
22.98 24.69 26.24 27.62 28.82 29.82 30.62 31.21 31.62 31.91 32.11 32.21 32.19 32.06 31.82 31.47 30.99 30.39 29.65 28.77 27.74 26.56 25.22 23.73 22.18 20.58 18.94 17.27 15.59 13.90 12.21 10.53 8.88 7.27 5.76 4.41 3.20 2.13 1.22 0.50 0.00 0.00 0.00 0.00 0.00 0.17 0.78 1.58 2.56 3.49 4.22 4.74 5.08 5.25 5.28 5.16 4.93 4.60 4.19 3.72 3.24 2.75 2.27 1.79 1.36 1.02 0.76 0.57 0.44 0.37 0.34 0.33 0.35 0.38 0.41 0.44 0.47 0.51 0.54 0.58 0.61 0.65 0.68 0.71
24.41 26.19 27.82 29.29 30.57 31.66 32.55 33.22 33.67 33.93 34.07 34.10 34.03 33.85 33.57 33.17 32.65 32.01 31.23 30.31 29.24 28.02 26.64 25.12 23.53 21.89 20.21 18.51 16.79 15.06 13.33 11.61 9.91 8.25 6.64 5.14 3.80 2.63 1.65 0.87 0.29 0.00 0.00 0.00 0.00 0.42 1.05 1.87 2.88 3.85 4.60 5.14 5.50 5.67 5.69 5.57 5.32 4.96 4.51 3.98 3.41 2.82 2.24 1.72 1.29 0.95 0.69 0.51 0.39 0.32 0.29 0.29 0.31 0.33 0.36 0.39 0.42 0.46 0.49 0.53 0.56 0.59 0.63 0.66
25.77 27.62 29.32 30.84 32.20 33.36 34.32 35.07 35.59 35.88 35.97 35.95 35.83 35.61 35.28 34.84 34.28 33.59 32.77 31.81 30.71 29.45 28.04 26.48 24.86 23.18 21.47 19.73 17.97 16.20 14.43 12.67 10.93 9.23 7.56 5.96 4.50 3.23 2.17 1.33 0.69 0.27 0.06 0.06 0.27 0.69 1.32 2.16 3.20 4.19 4.95 5.50 5.85 6.02 6.02 5.88 5.60 5.20 4.70 4.12 3.47 2.79 2.16 1.64 1.21 0.88 0.63 0.45 0.34 0.27 0.24 0.24 0.26 0.29 0.31 0.34 0.38 0.41 0.44 0.47 0.51 0.54 0.57 0.61
27.06 28.95 30.70 32.28 33.69 34.90 35.92 36.73 37.32 37.67 37.80 37.75 37.58 37.32 36.95 36.46 35.86 35.14 34.28 33.28 32.14 30.85 29.40 27.81 26.15 24.44 22.70 20.92 19.12 17.31 15.50 13.71 11.93 10.19 8.48 6.84 5.30 3.94 2.80 1.88 1.18 0.70 0.44 0.40 0.58 0.98 1.61 2.45 3.49 4.49 5.26 5.81 6.15 6.29 6.27 6.09 5.76 5.32 4.76 4.11 3.40 2.70 2.07 1.56 1.14 0.82 0.57 0.40 0.28 0.22 0.19 0.19 0.21 0.24 0.27 0.30 0.33 0.36 0.39 0.42 0.46 0.49 0.52 0.55
28.25 30.19 31.97 33.58 35.03 36.29 37.35 38.20 38.84 39.26 39.47 39.47 39.28 38.97 38.56 38.04 37.40 36.63 35.74 34.71 33.53 32.20 30.72 29.10 27.41 25.67 23.88 22.07 20.23 18.39 16.55 14.71 12.90 11.11 9.38 7.73 6.18 4.75 3.52 2.50 1.72 1.18 0.86 0.77 0.91 1.28 1.89 2.72 3.76 4.76 5.52 6.05 6.37 6.48 6.42 6.19 5.82 5.31 4.68 3.97 3.24 2.57 1.98 1.48 1.07 0.75 0.51 0.34 0.23 0.17 0.14 0.15 0.17 0.19 0.22 0.25 0.28 0.31 0.34 0.37 0.40 0.43 0.47 0.50
29.35 31.30 33.10 34.74 36.21 37.50 38.59 39.48 40.17 40.66 40.96 41.04 40.89 40.56 40.11 39.55 38.87 38.07 37.14 36.07 34.86 33.50 31.99 30.33 28.61 26.84 25.02 23.17 21.30 19.42 17.54 15.67 13.82 12.01 10.27 8.61 7.06 5.62 4.32 3.21 2.34 1.71 1.32 1.17 1.26 1.59 2.16 2.97 4.00 4.99 5.73 6.23 6.51 6.59 6.47 6.19 5.74 5.16 4.46 3.74 3.05 2.43 1.88 1.40 1.00 0.69 0.45 0.29 0.18 0.12 0.10 0.10 0.12 0.15 0.17 0.20 0.23 0.26 0.29 0.32 0.35 0.38 0.41 0.44
30.33 32.29 34.09 35.74 37.22 38.52 39.63 40.56 41.31 41.87 42.24 42.40 42.34 42.06 41.59 40.99 40.27 39.44 38.47 37.37 36.13 34.73 33.19 31.51 29.75 27.95 26.10 24.22 22.32 20.40 18.49 16.58 14.70 12.88 11.13 9.48 7.92 6.47 5.15 3.97 3.00 2.28 1.81 1.59 1.62 1.89 2.42 3.20 4.21 5.17 5.88 6.34 6.57 6.59 6.42 6.06 5.54 4.88 4.17 3.50 2.87 2.29 1.77 1.31 0.93 0.62 0.39 0.23 0.13 0.07 0.05 0.05 0.08 0.10 0.13 0.15 0.18 0.21 0.24 0.27 0.30 0.33 0.36 0.39
31.19 33.14 34.93 36.58 38.05 39.35 40.48 41.46 42.26 42.89 43.32 43.56 43.58 43.39 42.97 42.35 41.60 40.72 39.72 38.59 37.32 35.89 34.32 32.61 30.82 28.99 27.11 25.20 23.26 21.32 19.37 17.44 15.55 13.72 11.97 10.31 8.74 7.29 5.95 4.76 3.72 2.89 2.33 2.02 1.98 2.19 2.66 3.40 4.36 5.29 5.96 6.37 6.54 6.50 6.25 5.81 5.21 4.54 3.89 3.27 2.69 2.15 1.66 1.23 0.86 0.56 0.34 0.18 0.08 0.02 0.01 0.01 0.03 0.06 0.08 0.11 0.13 0.16 0.19 0.22 0.25 0.28 0.31 0.34
31.92 33.83 35.61 37.23 38.69 40.00 41.16 42.18 43.03 43.71 44.21 44.51 44.61 44.50 44.17 43.60 42.83 41.92 40.89 39.73 38.42 36.97 35.37 33.63 31.82 29.95 28.04 26.10 24.13 22.16 20.18 18.24 16.35 14.52 12.76 11.09 9.51 8.05 6.70 5.49 4.43 3.53 2.87 2.46 2.33 2.47 2.88 3.55 4.47 5.35 5.96 6.31 6.42 6.29 5.96 5.44 4.83 4.22 3.63 3.06 2.53 2.03 1.57 1.16 0.80 0.51 0.29 0.13 0.03 0.00 0.00 0.00 0.00 0.02 0.04 0.06 0.09 0.11 0.14 0.17 0.20 0.23 0.25 0.28
32.49 34.37 36.10 37.69 39.15 40.48 41.67 42.72 43.61 44.34 44.90 45.26 45.43 45.40 45.14 44.66 43.95 43.03 41.96 40.77 39.43 37.95 36.32 34.56 32.72 30.82 28.89 26.92 24.92 22.92 20.94 18.99 17.09 15.25 13.48 11.80 10.22 8.74 7.38 6.16 5.08 4.16 3.41 2.91 2.68 2.73 3.05 3.66 4.53 5.34 5.89 6.16 6.19 5.97 5.55 5.02 4.48 3.94 3.41 2.90 2.40 1.94 1.50 1.11 0.77 0.48 0.25 0.09 0.00 0.00 0.00 0.00 0.00 0.00 0.00 0.02 0.04 0.07 0.10 0.12 0.15 0.18 0.20 0.22
32.91 34.73 36.42 37.98 39.45 40.79 42.00 43.08 44.01 44.78 45.39 45.81 46.04 46.07 45.90 45.50 44.87 44.00 42.92 41.70 40.34 38.83 37.17 35.38 33.52 31.60 29.64 27.64 25.62 23.61 21.62 19.67 17.76 15.91 14.13 12.44 10.84 9.35 7.98 6.73 5.64 4.70 3.92 3.34 3.00 2.95 3.19 3.72 4.51 5.26 5.73 5.92 5.85 5.55 5.12 4.66 4.19 3.72 3.24 2.77 2.32 1.89 1.48 1.11 0.77 0.48 0.25 0.07 0.00 0.00 0.00 0.00 0.00 0.00 0.00 0.00 0.00 0.03 0.05 0.08 0.10 0.13 0.15 0.17
33.15 34.91 36.56 38.12 39.58 40.94 42.17 43.27 44.23 45.03 45.68 46.15 46.44 46.53 46.43 46.10 45.56 44.78 43.75 42.52 41.13 39.60 37.92 36.10 34.21 32.27 30.28 28.26 26.23 24.21 22.22 20.25 18.34 16.48 14.69 12.98 11.37 9.86 8.47 7.21 6.09 5.13 4.34 3.72 3.31 3.15 3.29 3.72 4.43 5.10 5.47 5.57 5.40 5.10 4.74 4.37 3.97 3.55 3.13 2.71 2.30 1.90 1.51 1.15 0.82 0.53 0.29 0.09 0.00 0.00 0.00 0.00 0.00 0.00 0.00 0.00 0.00 0.00 0.01 0.04 0.06 0.08 0.09 0.11
33.22 34.92 36.56 38.11 39.56 40.92 42.16 43.27 44.25 45.09 45.77 46.28 46.62 46.77 46.73 46.48 46.01 45.31 44.38 43.20 41.80 40.24 38.54 36.70 34.79 32.82 30.81 28.78 26.74 24.72 22.71 20.74 18.81 16.94 15.13 13.41 11.78 10.25 8.85 7.57 6.43 5.45 4.63 3.99 3.54 3.30 3.33 3.66 4.27 4.85 5.12 5.12 4.95 4.72 4.46 4.15 3.82 3.47 3.10 2.73 2.35 1.97 1.61 1.26 0.94 0.64 0.38 0.17 0.00 0.00 0.00 0.00 0.00 0.00 0.00 0.00 0.00 0.00 0.00 0.00 0.01 0.03 0.04 0.06
33.13 34.80 36.41 37.94 39.38 40.73 41.98 43.10 44.10 44.95 45.66 46.21 46.60 46.80 46.81 46.62 46.22 45.60 44.75 43.66 42.32 40.75 39.03 37.17 35.23 33.25 31.23 29.19 27.15 25.11 23.09 21.11 19.16 17.28 15.46 13.72 12.07 10.52 9.09 7.79 6.63 5.62 4.78 4.11 3.63 3.36 3.30 3.52 4.03 4.50 4.68 4.67 4.59 4.45 4.26 4.04 3.77 3.48 3.16 2.82 2.48 2.13 1.78 1.44 1.12 0.82 0.55 0.31 0.11 0.00 0.00 0.00 0.00 0.00 0.00 0.00 0.00 0.00 0.00 0.00 0.00 0.00 0.00 0.01
32.90 34.53 36.11 37.62 39.05 40.38 41.62 42.75 43.75 44.63 45.36 45.94 46.36 46.60 46.67 46.54 46.20 45.65 44.88 43.87 42.62 41.11 39.38 37.50 35.55 33.55 31.52 29.47 27.42 25.37 23.34 21.34 19.38 17.48 15.64 13.88 12.21 10.65 9.19 7.87 6.68 5.65 4.78 4.08 3.58 3.27 3.17 3.31 3.70 4.07 4.24 4.32 4.34 4.29 4.18 4.02 3.82 3.58 3.31 3.02 2.70 2.38 2.05 1.71 1.39 1.08 0.79 0.53 0.30 0.10 0.00 0.00 0.00 0.00 0.00 0.00 0.00 0.00 0.00 0.00 0.00 0.00 0.00 0.00
32.54 34.13 35.67 37.15 38.55 39.87 41.10 42.22 43.23 44.11 44.86 45.46 45.91 46.19 46.30 46.22 45.94 45.46 44.75 43.82 42.66 41.24 39.56 37.67 35.71 33.70 31.67 29.61 27.54 25.48 23.44 21.42 19.44 17.52 15.67 13.89 12.20 10.61 9.13 7.78 6.57 5.51 4.61 3.88 3.34 3.00 2.87 2.97 3.28 3.65 3.92 4.10 4.21 4.24 4.22 4.13 3.99 3.80 3.58 3.32 3.03 2.73 2.41 2.08 1.76 1.43 1.12 0.83 0.57 0.33 0.13 0.00 0.00 0.00 0.00 0.00 0.00 0.00 0.00 0.00 0.00 0.00 0.00 0.00
32.11 33.65 35.14 36.58 37.95 39.25 40.46 41.57 42.57 43.46 44.22 44.84 45.31 45.62 45.77 45.73 45.50 45.08 44.44 43.58 42.49 41.15 39.49 37.51 35.52 33.51 31.47 29.41 27.34 25.28 23.22 21.20 19.22 17.29 15.42 13.63 11.92 10.32 8.83 7.46 6.23 5.15 4.23 3.49 2.92 2.56 2.41 2.47 2.78 3.21 3.59 3.87 4.08 4.20 4.25 4.23 4.16 4.03 3.85 3.63 3.38 3.09 2.79 2.47 2.14 1.81 1.49 1.17 0.87 0.60 0.35 0.14 0.00 0.00 0.00 0.00 0.00 0.00 0.00 0.00 0.00 0.00 0.00 0.00
31.67 33.15 34.59 35.99 37.32 38.59 39.77 40.87 41.86 42.75 43.51 44.14 44.63 44.97 45.14 45.14 44.96 44.58 44.00 43.21 42.19 40.85 39.05 36.88 34.79 32.77 30.75 28.71 26.66 24.61 22.57 20.56 18.59 16.66 14.81 13.02 11.32 9.73 8.24 6.88 5.65 4.57 3.65 2.90 2.34 1.97 1.81 1.88 2.19 2.64 3.09 3.48 3.79 4.01 4.14 4.21 4.20 4.13 4.01 3.84 3.62 3.37 3.09 2.78 2.46 2.13 1.79 1.46 1.14 0.83 0.54 0.28 0.05 0.00 0.00 0.00 0.00 0.00 0.00 0.00 0.00 0.00 0.00 0.00
31.25 32.66 34.05 35.39 36.68 37.91 39.07 40.14 41.12 41.99 42.75 43.38 43.88 44.24 44.44 44.47 44.32 43.99 43.47 42.73 41.70 40.21 38.21 35.88 33.64 31.55 29.55 27.54 25.52 23.51 21.51 19.53 17.59 15.70 13.87 12.11 10.44 8.87 7.41 6.07 4.87 3.81 2.91 2.18 1.63 1.28 1.13 1.22 1.54 1.99 2.45 2.92 3.33 3.65 3.89 4.03 4.11 4.11 4.05 3.93 3.76 3.55 3.30 3.01 2.71 2.38 2.04 1.70 1.35 1.02 0.70 0.40 0.13 0.00 0.00 0.00 0.00 0.00 0.00 0.00 0.00 0.00 0.00 0.00
30.84 32.20 33.52 34.80 36.04 37.23 38.35 39.39 40.34 41.20 41.95 42.59 43.09 43.45 43.67 43.73 43.62 43.32 42.84 42.08 40.88 39.20 37.03 34.56 32.19 29.98 27.93 25.96 24.00 22.04 20.09 18.17 16.28 14.44 12.66 10.96 9.33 7.81 6.39 5.10 3.94 2.92 2.06 1.37 0.86 0.54 0.41 0.50 0.83 1.27 1.74 2.23 2.71 3.14 3.47 3.72 3.87 3.95 3.96 3.91 3.79 3.62 3.41 3.16 2.87 2.56 2.23 1.88 1.53 1.17 0.83 0.50 0.20 0.00 0.00 0.00 0.00 0.00 0.00 0.00 0.00 0.00 0.00 0.00
30.45 31.75 33.02 34.24 35.42 36.56 37.63 38.64 39.57 40.40 41.14 41.76 42.26 42.63 42.86 42.93 42.85 42.58 42.06 41.13 39.73 37.87 35.55 32.95 30.47 28.16 26.03 24.03 22.13 20.25 18.38 16.53 14.72 12.95 11.24 9.60 8.05 6.59 5.24 4.02 2.92 1.96 1.17 0.53 0.07 0.00 0.00 0.00 0.07 0.51 0.98 1.47 1.97 2.47 2.91 3.25 3.50 3.67 3.76 3.77 3.72 3.60 3.43 3.22 2.96 2.67 2.35 2.01 1.66 1.29 0.94 0.59 0.26 0.00 0.00 0.00 0.00 0.00 0.00 0.00 0.00 0.00 0.00 0.00
30.07 31.33 32.55 33.71 34.83 35.91 36.94 37.90 38.79 39.60 40.31 40.92 41.41 41.78 42.01 42.10 42.03 41.72 41.02 39.87 38.28 36.26 33.81 31.10 28.52 26.14 23.94 21.90 20.00 18.20 16.42 14.67 12.95 11.28 9.66 8.11 6.65 5.28 4.02 2.87 1.86 0.99 0.27 0.00 0.00 0.00 0.00 0.00 0.00 0.00 0.18 0.67 1.17 1.68 2.19 2.64 3.00 3.26 3.43 3.52 3.53 3.48 3.37 3.20 2.98 2.71 2.42 2.09 1.74 1.38 1.03 0.67 0.32 0.00 0.00 0.00 0.00 0.00 0.00 0.00 0.00 0.00 0.00 0.00
