data_processed/recharge/precip/Precip_1999_11.asc
ncols        168
nrows        136
xllcorner    455000
yllcorner    2107000
cellsize     500
NODATA_value     -99999
[rows 38 to 75 of 136, columns 0 to 83 of 168]
7.57 7.44 7.29 7.12 6.92 6.71 6.48 6.23 5.98 5.71 5.41 5.09 4.75 4.38 4.02 3.69 3.37 3.09 2.83 2.60 2.40 2.23 2.10 2.00 1.94 1.89 1.85 1.81 1.78 1.74 1.72 1.69 1.67 1.66 1.65 1.63 1.60 1.54 1.46 1.36 1.26 1.18 1.13 1.09 1.09 1.10 1.14 1.21 1.30 1.41 1.56 1.71 1.85 1.99 2.12 2.25 2.38 2.50 2.62 2.74 2.86 2.99 3.12 3.25 3.38 3.52 3.65 3.77 3.88 3.98 4.06 4.13 4.17 4.20 4.20 4.17 4.11 4.03 3.94 3.83 3.71 3.58 3.44 3.30
7.66 7.54 7.38 7.19 6.99 6.75 6.50 6.24 5.95 5.66 5.34 5.01 4.65 4.29 3.95 3.63 3.33 3.05 2.80 2.58 2.39 2.22 2.09 1.99 1.93 1.87 1.83 1.78 1.75 1.71 1.68 1.65 1.63 1.61 1.60 1.59 1.58 1.55 1.49 1.43 1.39 1.35 1.33 1.33 1.35 1.38 1.43 1.50 1.58 1.69 1.82 1.95 2.07 2.18 2.29 2.39 2.49 2.58 2.67 2.76 2.85 2.94 3.03 3.13 3.22 3.32 3.42 3.51 3.60 3.67 3.73 3.78 3.80 3.82 3.80 3.77 3.71 3.62 3.53 3.42 3.30 3.17 3.04 2.90
7.75 7.62 7.46 7.26 7.04 6.79 6.52 6.22 5.91 5.58 5.24 4.88 4.53 4.19 3.87 3.57 3.28 3.02 2.78 2.56 2.38 2.21 2.08 1.98 1.91 1.86 1.81 1.76 1.72 1.68 1.65 1.62 1.59 1.57 1.55 1.54 1.53 1.52 1.52 1.51 1.52 1.53 1.55 1.58 1.62 1.67 1.73 1.80 1.88 1.98 2.09 2.20 2.30 2.39 2.47 2.55 2.62 2.68 2.74 2.80 2.86 2.91 2.97 3.03 3.09 3.15 3.21 3.27 3.33 3.38 3.41 3.44 3.45 3.45 3.43 3.38 3.32 3.23 3.13 3.02 2.90 2.78 2.64 2.51
7.83 7.70 7.52 7.32 7.08 6.81 6.51 6.19 5.85 5.49 5.11 4.75 4.42 4.10 3.80 3.51 3.24 2.99 2.76 2.55 2.37 2.21 2.08 1.98 1.90 1.84 1.79 1.74 1.69 1.65 1.61 1.58 1.55 1.53 1.51 1.49 1.48 1.50 1.54 1.60 1.65 1.71 1.77 1.83 1.90 1.96 2.04 2.11 2.19 2.28 2.37 2.46 2.54 2.61 2.67 2.72 2.76 2.80 2.83 2.85 2.88 2.90 2.92 2.94 2.97 2.99 3.02 3.05 3.08 3.10 3.11 3.12 3.12 3.10 3.07 3.02 2.94 2.86 2.75 2.64 2.52 2.40 2.27 2.13
7.90 7.76 7.58 7.36 7.10 6.82 6.50 6.15 5.77 5.38 5.00 4.64 4.31 4.01 3.73 3.46 3.20 2.96 2.74 2.54 2.36 2.21 2.08 1.97 1.89 1.83 1.77 1.71 1.66 1.62 1.58 1.54 1.51 1.48 1.46 1.45 1.45 1.50 1.58 1.68 1.79 1.89 1.99 2.09 2.18 2.26 2.34 2.43 2.51 2.58 2.66 2.73 2.79 2.83 2.87 2.89 2.91 2.92 2.92 2.92 2.91 2.90 2.89 2.88 2.87 2.86 2.85 2.85 2.85 2.84 2.83 2.82 2.80 2.77 2.72 2.66 2.59 2.49 2.39 2.28 2.16 2.03 1.90 1.77
7.96 7.81 7.62 7.38 7.11 6.80 6.46 6.08 5.68 5.29 4.91 4.56 4.23 3.93 3.66 3.41 3.16 2.94 2.72 2.53 2.36 2.20 2.07 1.97 1.89 1.82 1.75 1.69 1.64 1.59 1.54 1.50 1.47 1.44 1.42 1.42 1.46 1.53 1.64 1.77 1.92 2.07 2.21 2.34 2.45 2.56 2.65 2.74 2.82 2.89 2.95 3.00 3.04 3.06 3.08 3.08 3.07 3.05 3.02 2.99 2.96 2.91 2.87 2.83 2.78 2.74 2.70 2.66 2.63 2.60 2.57 2.54 2.50 2.45 2.40 2.33 2.25 2.15 2.04 1.93 1.81 1.68 1.56 1.42
8.00 7.84 7.64 7.39 7.10 6.77 6.40 6.00 5.60 5.21 4.84 4.49 4.17 3.87 3.60 3.36 3.13 2.91 2.71 2.52 2.35 2.20 2.07 1.97 1.88 1.80 1.74 1.67 1.61 1.56 1.51 1.47 1.43 1.40 1.39 1.42 1.49 1.59 1.72 1.88 2.05 2.24 2.42 2.58 2.72 2.85 2.96 3.05 3.13 3.19 3.24 3.27 3.29 3.29 3.28 3.26 3.23 3.18 3.13 3.07 3.00 2.93 2.86 2.78 2.71 2.64 2.57 2.50 2.44 2.38 2.33 2.27 2.22 2.16 2.09 2.01 1.92 1.82 1.71 1.60 1.48 1.35 1.22 1.09
8.02 7.86 7.65 7.38 7.07 6.72 6.33 5.93 5.54 5.17 4.80 4.46 4.13 3.83 3.56 3.32 3.10 2.89 2.70 2.52 2.35 2.20 2.07 1.96 1.87 1.79 1.72 1.65 1.59 1.53 1.48 1.43 1.39 1.38 1.40 1.47 1.56 1.69 1.84 2.01 2.20 2.40 2.61 2.81 2.98 3.12 3.25 3.35 3.42 3.48 3.51 3.53 3.53 3.51 3.48 3.44 3.38 3.31 3.23 3.14 3.05 2.95 2.85 2.75 2.65 2.55 2.45 2.36 2.27 2.18 2.10 2.03 1.95 1.88 1.80 1.71 1.62 1.51 1.40 1.28 1.16 1.04 0.91 0.78
8.03 7.86 7.63 7.35 7.03 6.65 6.27 5.89 5.51 5.14 4.79 4.45 4.13 3.82 3.55 3.29 3.07 2.87 2.69 2.51 2.35 2.21 2.08 1.96 1.87 1.78 1.71 1.63 1.57 1.50 1.45 1.40 1.38 1.39 1.45 1.54 1.66 1.81 1.98 2.17 2.37 2.58 2.80 3.02 3.22 3.39 3.52 3.63 3.71 3.76 3.78 3.78 3.76 3.72 3.67 3.60 3.52 3.43 3.33 3.22 3.10 2.98 2.85 2.73 2.60 2.47 2.35 2.23 2.11 2.00 1.90 1.81 1.71 1.62 1.53 1.43 1.33 1.22 1.11 0.99 0.86 0.74 0.61 0.48
8.02 7.84 7.60 7.30 6.96 6.60 6.23 5.86 5.50 5.14 4.80 4.46 4.14 3.84 3.56 3.30 3.06 2.86 2.68 2.51 2.36 2.21 2.08 1.97 1.87 1.78 1.69 1.61 1.54 1.48 1.42 1.39 1.40 1.45 1.53 1.64 1.79 1.95 2.14 2.34 2.55 2.78 3.00 3.22 3.44 3.63 3.78 3.90 3.98 4.02 4.03 4.01 3.98 3.92 3.85 3.76 3.66 3.54 3.42 3.28 3.14 3.00 2.85 2.71 2.56 2.41 2.26 2.12 1.98 1.85 1.72 1.60 1.49 1.38 1.28 1.17 1.07 0.95 0.83 0.71 0.58 0.46 0.33 0.21
7.99 7.80 7.55 7.24 6.90 6.56 6.21 5.87 5.52 5.17 4.83 4.50 4.18 3.88 3.59 3.33 3.08 2.87 2.68 2.51 2.36 2.22 2.09 1.97 1.86 1.77 1.68 1.60 1.52 1.45 1.41 1.41 1.45 1.53 1.64 1.78 1.94 2.12 2.32 2.53 2.76 2.98 3.21 3.43 3.65 3.85 4.02 4.14 4.22 4.26 4.26 4.23 4.17 4.10 4.01 3.90 3.77 3.64 3.50 3.34 3.19 3.02 2.86 2.69 2.52 2.35 2.18 2.02 1.86 1.71 1.56 1.42 1.29 1.17 1.05 0.93 0.82 0.70 0.58 0.45 0.32 0.19 0.07 0.00
7.94 7.74 7.47 7.18 6.87 6.55 6.22 5.89 5.56 5.22 4.89 4.57 4.25 3.95 3.66 3.38 3.13 2.90 2.69 2.52 2.36 2.22 2.09 1.97 1.86 1.76 1.67 1.58 1.50 1.45 1.44 1.47 1.54 1.65 1.78 1.94 2.12 2.31 2.52 2.74 2.97 3.20 3.42 3.64 3.85 4.05 4.22 4.36 4.44 4.47 4.46 4.41 4.34 4.25 4.14 4.01 3.87 3.72 3.56 3.40 3.22 3.04 2.86 2.68 2.49 2.30 2.12 1.93 1.76 1.58 1.42 1.26 1.11 0.97 0.84 0.71 0.59 0.47 0.34 0.21 0.08 0.00 0.00 0.00
7.87 7.66 7.41 7.15 6.86 6.57 6.26 5.94 5.62 5.30 4.98 4.66 4.35 4.04 3.75 3.47 3.20 2.96 2.74 2.54 2.37 2.23 2.10 1.98 1.86 1.76 1.66 1.57 1.50 1.49 1.51 1.57 1.67 1.80 1.95 2.12 2.32 2.53 2.74 2.97 3.20 3.43 3.65 3.86 4.06 4.24 4.41 4.54 4.63 4.66 4.63 4.57 4.49 4.38 4.25 4.11 3.96 3.80 3.62 3.44 3.25 3.06 2.86 2.66 2.46 2.26 2.06 1.86 1.66 1.48 1.29 1.12 0.95 0.80 0.65 0.52 0.39 0.26 0.13 0.00 0.00 0.00 0.00 0.00
7.78 7.59 7.37 7.13 6.88 6.61 6.32 6.02 5.72 5.40 5.09 4.78 4.46 4.16 3.86 3.58 3.30 3.05 2.81 2.60 2.41 2.25 2.11 1.98 1.86 1.75 1.65 1.58 1.55 1.56 1.62 1.70 1.82 1.97 2.14 2.33 2.54 2.75 2.98 3.21 3.44 3.66 3.88 4.08 4.27 4.44 4.58 4.70 4.78 4.81 4.77 4.70 4.60 4.48 4.34 4.19 4.02 3.85 3.67 3.47 3.27 3.07 2.86 2.65 2.43 2.22 2.00 1.79 1.58 1.38 1.18 1.00 0.82 0.65 0.49 0.34 0.20 0.07 0.00 0.00 0.00 0.00 0.00 0.00
7.69 7.54 7.36 7.15 6.92 6.67 6.40 6.12 5.83 5.53 5.23 4.92 4.61 4.30 4.00 3.71 3.43 3.16 2.91 2.68 2.47 2.28 2.12 1.99 1.86 1.75 1.66 1.62 1.63 1.67 1.75 1.87 2.01 2.17 2.36 2.56 2.78 3.00 3.23 3.46 3.68 3.90 4.11 4.30 4.47 4.62 4.75 4.84 4.90 4.92 4.87 4.78 4.67 4.54 4.40 4.24 4.07 3.89 3.69 3.49 3.28 3.07 2.85 2.63 2.40 2.18 1.95 1.73 1.51 1.30 1.09 0.89 0.70 0.52 0.35 0.19 0.04 0.00 0.00 0.00 0.00 0.00 0.00 0.00
7.63 7.51 7.36 7.19 6.98 6.76 6.51 6.25 5.97 5.69 5.39 5.09 4.78 4.47 4.17 3.87 3.58 3.30 3.03 2.78 2.55 2.34 2.16 2.00 1.87 1.77 1.72 1.71 1.75 1.82 1.93 2.06 2.22 2.40 2.60 2.81 3.03 3.26 3.49 3.72 3.94 4.15 4.34 4.52 4.68 4.81 4.91 4.97 5.00 4.99 4.93 4.83 4.72 4.58 4.43 4.27 4.09 3.90 3.71 3.50 3.28 3.06 2.84 2.61 2.37 2.14 1.91 1.68 1.45 1.23 1.01 0.80 0.60 0.41 0.23 0.06 0.00 0.00 0.00 0.00 0.00 0.00 0.00 0.00
7.56 7.48 7.36 7.22 7.04 6.84 6.62 6.37 6.11 5.84 5.55 5.25 4.95 4.65 4.34 4.04 3.74 3.45 3.16 2.90 2.65 2.41 2.20 2.02 1.87 1.80 1.78 1.81 1.87 1.97 2.10 2.25 2.43 2.63 2.83 3.05 3.28 3.51 3.74 3.96 4.17 4.37 4.56 4.72 4.86 4.96 5.04 5.08 5.08 5.03 4.95 4.85 4.73 4.59 4.44 4.27 4.09 3.90 3.70 3.48 3.26 3.04 2.81 2.57 2.34 2.10 1.86 1.62 1.39 1.16 0.93 0.72 0.51 0.31 0.12 0.00 0.00 0.00 0.00 0.00 0.00 0.00 0.00 0.00
7.42 7.38 7.30 7.18 7.03 6.86 6.66 6.44 6.19 5.93 5.66 5.37 5.07 4.77 4.47 4.16 3.85 3.55 3.26 2.98 2.71 2.45 2.22 2.02 1.87 1.80 1.81 1.86 1.95 2.08 2.23 2.40 2.59 2.80 3.02 3.25 3.48 3.71 3.94 4.15 4.36 4.55 4.72 4.86 4.98 5.07 5.12 5.13 5.09 5.03 4.94 4.83 4.71 4.57 4.42 4.25 4.06 3.87 3.67 3.45 3.23 3.00 2.76 2.52 2.28 2.04 1.80 1.56 1.32 1.08 0.85 0.63 0.41 0.21 0.01 0.00 0.00 0.00 0.00 0.00 0.00 0.00 0.00 0.00
7.21 7.20 7.15 7.07 6.96 6.82 6.64 6.44 6.22 5.97 5.71 5.44 5.15 4.85 4.55 4.24 3.93 3.62 3.32 3.02 2.74 2.47 2.22 2.02 1.86 1.78 1.79 1.87 1.99 2.13 2.31 2.50 2.71 2.93 3.16 3.39 3.63 3.86 4.08 4.30 4.49 4.67 4.83 4.96 5.05 5.12 5.14 5.12 5.07 4.99 4.90 4.79 4.66 4.52 4.37 4.20 4.01 3.82 3.61 3.40 3.17 2.94 2.70 2.46 2.22 1.97 1.72 1.48 1.24 1.00 0.76 0.53 0.31 0.10 0.00 0.00 0.00 0.00 0.00 0.00 0.00 0.00 0.00 0.00
6.94 6.95 6.94 6.90 6.82 6.71 6.56 6.39 6.18 5.96 5.71 5.45 5.17 4.88 4.58 4.28 3.96 3.65 3.34 3.04 2.74 2.46 2.21 2.01 1.84 1.76 1.75 1.83 1.97 2.14 2.34 2.55 2.77 3.01 3.25 3.49 3.73 3.96 4.18 4.39 4.58 4.75 4.89 5.00 5.08 5.12 5.12 5.08 5.02 4.94 4.84 4.72 4.59 4.45 4.29 4.13 3.94 3.75 3.54 3.32 3.10 2.87 2.63 2.38 2.14 1.89 1.64 1.39 1.15 0.90 0.67 0.44 0.21 0.00 0.00 0.00 0.00 0.00 0.00 0.00 0.00 0.00 0.00 0.00
6.65 6.66 6.67 6.66 6.62 6.54 6.42 6.27 6.10 5.89 5.67 5.42 5.15 4.87 4.58 4.27 3.96 3.65 3.33 3.02 2.72 2.45 2.20 1.99 1.83 1.73 1.72 1.79 1.92 2.11 2.33 2.56 2.80 3.04 3.29 3.54 3.78 4.01 4.23 4.44 4.62 4.77 4.90 5.00 5.05 5.07 5.05 5.01 4.94 4.86 4.76 4.64 4.50 4.36 4.20 4.03 3.85 3.65 3.45 3.23 3.01 2.77 2.54 2.29 2.05 1.80 1.55 1.30 1.05 0.81 0.57 0.33 0.11 0.00 0.00 0.00 0.00 0.00 0.00 0.00 0.00 0.00 0.00 0.00
6.33 6.35 6.36 6.37 6.36 6.31 6.23 6.11 5.96 5.78 5.57 5.34 5.09 4.82 4.53 4.24 3.93 3.61 3.30 2.99 2.69 2.43 2.19 1.98 1.80 1.70 1.68 1.74 1.86 2.05 2.28 2.52 2.78 3.04 3.30 3.55 3.80 4.03 4.25 4.44 4.62 4.76 4.87 4.95 4.99 4.99 4.97 4.92 4.85 4.76 4.66 4.53 4.40 4.25 4.08 3.91 3.73 3.54 3.34 3.12 2.90 2.67 2.43 2.19 1.94 1.69 1.44 1.19 0.95 0.70 0.46 0.23 0.02 0.00 0.00 0.00 0.00 0.00 0.00 0.00 0.00 0.00 0.00 0.00
5.99 6.01 6.02 6.03 6.04 6.03 5.98 5.89 5.77 5.61 5.43 5.22 4.99 4.73 4.46 4.17 3.86 3.55 3.24 2.94 2.66 2.40 2.16 1.95 1.78 1.67 1.65 1.69 1.81 1.98 2.20 2.46 2.73 3.00 3.27 3.53 3.77 4.01 4.22 4.41 4.58 4.71 4.81 4.87 4.89 4.89 4.86 4.81 4.74 4.65 4.54 4.41 4.27 4.12 3.95 3.78 3.60 3.41 3.21 3.00 2.78 2.55 2.31 2.07 1.83 1.58 1.33 1.08 0.84 0.59 0.36 0.14 0.00 0.00 0.00 0.00 0.00 0.00 0.00 0.00 0.00 0.00 0.00 0.00
5.64 5.66 5.67 5.68 5.69 5.69 5.68 5.62 5.53 5.41 5.25 5.06 4.84 4.60 4.34 4.06 3.77 3.47 3.18 2.89 2.62 2.37 2.14 1.93 1.75 1.64 1.61 1.65 1.75 1.91 2.12 2.37 2.64 2.93 3.20 3.47 3.72 3.95 4.16 4.35 4.50 4.62 4.71 4.75 4.77 4.77 4.74 4.69 4.61 4.52 4.41 4.28 4.13 3.98 3.81 3.63 3.45 3.26 3.06 2.85 2.64 2.41 2.18 1.94 1.70 1.46 1.21 0.97 0.72 0.49 0.27 0.07 0.00 0.00 0.00 0.00 0.00 0.00 0.00 0.00 0.00 0.00 0.00 0.00
5.28 5.30 5.31 5.32 5.33 5.34 5.33 5.31 5.26 5.16 5.03 4.86 4.67 4.45 4.20 3.93 3.66 3.38 3.10 2.84 2.58 2.33 2.11 1.90 1.72 1.61 1.57 1.60 1.69 1.84 2.04 2.27 2.54 2.83 3.11 3.38 3.64 3.87 4.08 4.25 4.40 4.51 4.58 4.63 4.64 4.64 4.60 4.55 4.47 4.38 4.26 4.13 3.98 3.83 3.66 3.48 3.29 3.10 2.90 2.70 2.48 2.26 2.04 1.81 1.57 1.33 1.09 0.84 0.61 0.39 0.19 0.01 0.00 0.00 0.00 0.00 0.00 0.00 0.00 0.00 0.00 0.00 0.00 0.00
4.91 4.93 4.94 4.96 4.97 4.97 4.97 4.96 4.94 4.87 4.77 4.63 4.46 4.26 4.03 3.79 3.54 3.28 3.03 2.77 2.53 2.29 2.07 1.87 1.69 1.57 1.53 1.55 1.64 1.78 1.96 2.18 2.43 2.71 3.00 3.27 3.53 3.76 3.96 4.13 4.27 4.37 4.44 4.48 4.50 4.49 4.46 4.40 4.32 4.23 4.11 3.97 3.83 3.67 3.49 3.31 3.13 2.93 2.73 2.53 2.32 2.11 1.88 1.66 1.43 1.19 0.95 0.72 0.50 0.31 0.13 0.00 0.00 0.00 0.00 0.00 0.00 0.00 0.00 0.00 0.00 0.00 0.00 0.00
4.54 4.56 4.57 4.59 4.60 4.60 4.60 4.60 4.58 4.55 4.48 4.37 4.22 4.05 3.85 3.63 3.41 3.17 2.94 2.70 2.47 2.25 2.04 1.84 1.66 1.54 1.49 1.51 1.59 1.71 1.89 2.09 2.33 2.59 2.86 3.14 3.40 3.63 3.83 3.99 4.12 4.22 4.29 4.33 4.35 4.34 4.30 4.24 4.16 4.06 3.94 3.81 3.66 3.50 3.32 3.14 2.95 2.76 2.56 2.35 2.14 1.93 1.72 1.50 1.28 1.05 0.82 0.61 0.41 0.24 0.07 0.00 0.00 0.00 0.00 0.00 0.00 0.00 0.00 0.00 0.00 0.00 0.00 0.00
4.17 4.19 4.21 4.22 4.23 4.23 4.23 4.23 4.22 4.20 4.16 4.08 3.96 3.81 3.65 3.46 3.27 3.06 2.85 2.63 2.41 2.20 2.00 1.80 1.62 1.50 1.45 1.47 1.54 1.66 1.82 2.01 2.23 2.48 2.73 2.99 3.25 3.48 3.67 3.83 3.96 4.06 4.13 4.17 4.18 4.17 4.14 4.08 4.00 3.90 3.78 3.64 3.49 3.32 3.15 2.97 2.78 2.58 2.38 2.17 1.96 1.76 1.55 1.34 1.12 0.90 0.70 0.51 0.34 0.18 0.04 0.00 0.00 0.00 0.00 0.00 0.00 0.00 0.00 0.00 0.00 0.00 0.00 0.00
3.82 3.83 3.85 3.86 3.87 3.87 3.87 3.87 3.86 3.84 3.81 3.76 3.68 3.57 3.44 3.29 3.12 2.94 2.75 2.55 2.35 2.15 1.95 1.76 1.59 1.47 1.42 1.43 1.49 1.60 1.75 1.94 2.15 2.37 2.61 2.85 3.09 3.32 3.51 3.67 3.80 3.89 3.96 4.00 4.02 4.00 3.97 3.91 3.83 3.72 3.60 3.46 3.31 3.15 2.97 2.79 2.60 2.40 2.20 1.99 1.79 1.58 1.37 1.17 0.96 0.77 0.59 0.42 0.27 0.13 0.01 0.00 0.00 0.00 0.00 0.00 0.00 0.00 0.00 0.00 0.00 0.00 0.00 0.00
3.47 3.49 3.50 3.51 3.52 3.52 3.52 3.52 3.51 3.49 3.46 3.43 3.39 3.32 3.22 3.10 2.97 2.81 2.64 2.47 2.28 2.10 1.91 1.73 1.55 1.44 1.38 1.39 1.45 1.55 1.70 1.87 2.06 2.28 2.50 2.72 2.94 3.15 3.34 3.50 3.62 3.72 3.79 3.83 3.84 3.83 3.80 3.74 3.65 3.55 3.43 3.29 3.13 2.97 2.79 2.61 2.42 2.22 2.02 1.81 1.61 1.40 1.19 1.00 0.81 0.65 0.49 0.35 0.22 0.10 0.00 0.00 0.00 0.00 0.00 0.00 0.00 0.00 0.00 0.00 0.00 0.00 0.00 0.00
3.15 3.16 3.17 3.18 3.19 3.19 3.19 3.18 3.17 3.15 3.13 3.11 3.09 3.05 3.00 2.91 2.81 2.68 2.54 2.38 2.21 2.04 1.86 1.69 1.52 1.40 1.35 1.36 1.41 1.51 1.64 1.80 1.99 2.19 2.39 2.60 2.80 2.99 3.16 3.32 3.45 3.55 3.62 3.66 3.67 3.66 3.62 3.56 3.48 3.37 3.25 3.11 2.96 2.79 2.62 2.44 2.24 2.05 1.84 1.64 1.43 1.23 1.03 0.84 0.68 0.54 0.40 0.28 0.17 0.07 0.00 0.00 0.00 0.00 0.00 0.00 0.00 0.00 0.00 0.00 0.00 0.00 0.00 0.00
2.85 2.86 2.87 2.87 2.88 2.88 2.88 2.87 2.85 2.84 2.82 2.81 2.80 2.79 2.76 2.71 2.64 2.54 2.42 2.29 2.14 1.98 1.82 1.65 1.49 1.37 1.32 1.32 1.38 1.47 1.60 1.75 1.92 2.11 2.30 2.49 2.67 2.84 3.00 3.15 3.27 3.37 3.44 3.48 3.50 3.48 3.45 3.39 3.31 3.20 3.08 2.94 2.79 2.62 2.45 2.26 2.07 1.88 1.68 1.47 1.27 1.07 0.88 0.71 0.57 0.44 0.33 0.23 0.13 0.05 0.00 0.00 0.00 0.00 0.00 0.00 0.00 0.00 0.00 0.00 0.00 0.00 0.00 0.00
2.57 2.58 2.59 2.59 2.59 2.59 2.59 2.58 2.57 2.56 2.55 2.54 2.54 2.53 2.52 2.51 2.47 2.40 2.30 2.19 2.06 1.92 1.77 1.61 1.45 1.34 1.29 1.30 1.35 1.43 1.56 1.70 1.86 2.04 2.21 2.38 2.55 2.70 2.85 2.98 3.10 3.20 3.27 3.31 3.33 3.31 3.28 3.22 3.14 3.03 2.91 2.77 2.62 2.45 2.28 2.10 1.91 1.71 1.51 1.31 1.11 0.93 0.76 0.61 0.47 0.36 0.26 0.18 0.10 0.04 0.00 0.00 0.00 0.00 0.00 0.00 0.00 0.00 0.00 0.00 0.00 0.00 0.00 0.00
2.33 2.34 2.34 2.34 2.34 2.34 2.33 2.32 2.32 2.31 2.31 2.30 2.30 2.30 2.30 2.30 2.29 2.25 2.18 2.09 1.98 1.86 1.72 1.57 1.42 1.32 1.27 1.27 1.32 1.41 1.52 1.66 1.81 1.97 2.13 2.29 2.44 2.58 2.71 2.83 2.94 3.03 3.10 3.14 3.16 3.15 3.11 3.05 2.97 2.87 2.75 2.61 2.46 2.30 2.12 1.94 1.75 1.56 1.36 1.16 0.98 0.81 0.66 0.52 0.41 0.30 0.21 0.14 0.08 0.03 0.00 0.00 0.00 0.00 0.00 0.00 0.00 0.00 0.00 0.00 0.00 0.00 0.00 0.00
2.13 2.13 2.13 2.13 2.13 2.12 2.11 2.11 2.10 2.10 2.10 2.10 2.10 2.10 2.10 2.11 2.11 2.09 2.06 1.99 1.90 1.80 1.67 1.53 1.39 1.29 1.25 1.25 1.30 1.38 1.50 1.63 1.77 1.91 2.06 2.20 2.34 2.46 2.58 2.69 2.79 2.87 2.94 2.98 3.00 2.99 2.96 2.90 2.82 2.72 2.60 2.46 2.31 2.15 1.97 1.79 1.61 1.41 1.22 1.04 0.88 0.72 0.59 0.47 0.36 0.26 0.18 0.12 0.07 0.03 0.00 0.00 0.00 0.00 0.00 0.00 0.00 0.00 0.00 0.00 0.00 0.00 0.00 0.00
1.97 1.97 1.96 1.96 1.95 1.94 1.94 1.93 1.93 1.93 1.93 1.93 1.94 1.94 1.94 1.94 1.94 1.94 1.93 1.89 1.82 1.73 1.62 1.50 1.37 1.27 1.23 1.24 1.29 1.37 1.48 1.60 1.73 1.86 1.99 2.11 2.24 2.36 2.47 2.57 2.66 2.73 2.79 2.83 2.85 2.84 2.81 2.75 2.67 2.57 2.45 2.32 2.17 2.01 1.84 1.66 1.48 1.29 1.11 0.95 0.80 0.66 0.54 0.43 0.33 0.25 0.18 0.12 0.07 0.03 0.01 0.00 0.00 0.00 0.00 0.00 0.00 0.00 0.00 0.00 0.00 0.00 0.00 0.00
1.86 1.85 1.84 1.83 1.82 1.82 1.81 1.81 1.80 1.80 1.80 1.80 1.81 1.81 1.81 1.81 1.81 1.80 1.80 1.78 1.74 1.67 1.58 1.46 1.34 1.25 1.22 1.23 1.28 1.36 1.46 1.57 1.68 1.80 1.92 2.03 2.15 2.26 2.36 2.45 2.53 2.60 2.65 2.69 2.71 2.70 2.67 2.62 2.54 2.44 2.33 2.19 2.04 1.88 1.72 1.54 1.36 1.19 1.04 0.89 0.75 0.63 0.52 0.42 0.33 0.25 0.19 0.13 0.09 0.05 0.03 0.02 0.00 0.00 0.00 0.00 0.00 0.00 0.00 0.00 0.00 0.00 0.00 0.00
1.80 1.78 1.77 1.76 1.75 1.74 1.73 1.73 1.72 1.72 1.72 1.72 1.71 1.71 1.71 1.71 1.70 1.70 1.69 1.68 1.66 1.61 1.53 1.43 1.32 1.24 1.21 1.23 1.28 1.36 1.44 1.54 1.64 1.74 1.85 1.96 2.06 2.16 2.26 2.34 2.42 2.48 2.53 2.57 2.58 2.58 2.55 2.50 2.42 2.33 2.21 2.08 1.93 1.78 1.61 1.44 1.28 1.13 0.99 0.86 0.74 0.63 0.53 0.43 0.35 0.28 0.22 0.17 0.12 0.09 0.07 0.05 0.04 0.03 0.02 0.00 0.00 0.00 0.00 0.00 0.00 0.00 0.01 0.04
