data_processed/recharge/precip/Precip_1998_11.asc
ncols        168
nrows        136
xllcorner    455000
yllcorner    2107000
cellsize     500
NODATA_value     -99999
[rows 70 to 104 of 136, columns 80 to 159 of 168]
0.00 0.00 0.00 0.00 0.00 0.00 0.00 0.58 1.29 1.94 2.53 3.08 3.58 4.03 4.45 4.82 5.17 5.48 5.77 6.05 6.31 6.57 6.81 7.05 7.27 7.47 7.66 7.83 7.98 8.11 8.23 8.31 8.37 8.41 8.45 8.50 8.56 8.65 8.79 8.97 9.21 9.52 9.91 10.40 10.97 11.58 12.23 12.91 13.63 14.38 15.16 15.99 16.85 17.74 18.68 19.66 20.68 21.73 22.75 23.68 24.53 25.26 25.88 26.38 26.73 26.93 26.97 26.83 26.51 26.00 25.39 24.75 24.07 23.37 22.65 21.92 21.18 20.44 19.70 18.97
0.00 0.00 0.00 0.00 0.00 0.00 0.00 0.30 0.98 1.62 2.19 2.72 3.20 3.64 4.04 4.40 4.73 5.03 5.31 5.58 5.83 6.08 6.32 6.54 6.76 6.96 7.15 7.32 7.47 7.60 7.71 7.79 7.85 7.88 7.92 7.96 8.03 8.12 8.26 8.45 8.70 9.03 9.44 9.94 10.53 11.16 11.82 12.50 13.22 13.97 14.74 15.55 16.40 17.27 18.18 19.13 20.12 21.15 22.20 23.20 24.10 24.89 25.56 26.10 26.49 26.72 26.78 26.66 26.35 25.85 25.25 24.60 23.93 23.23 22.51 21.78 21.04 20.29 19.55 18.82
0.00 0.00 0.00 0.00 0.00 0.00 0.00 0.08 0.70 1.30 1.86 2.37 2.83 3.25 3.63 3.98 4.30 4.59 4.85 5.11 5.35 5.59 5.82 6.04 6.25 6.45 6.64 6.81 6.96 7.09 7.19 7.26 7.32 7.35 7.39 7.43 7.50 7.60 7.74 7.94 8.20 8.54 8.97 9.49 10.10 10.75 11.42 12.11 12.83 13.57 14.34 15.14 15.97 16.82 17.71 18.63 19.60 20.59 21.61 22.64 23.61 24.46 25.18 25.76 26.19 26.45 26.55 26.45 26.16 25.67 25.07 24.44 23.77 23.08 22.37 21.64 20.90 20.16 19.42 18.69
0.00 0.00 0.00 0.00 0.00 0.00 0.00 0.00 0.46 1.00 1.54 2.02 2.47 2.87 3.24 3.57 3.87 4.15 4.41 4.65 4.88 5.11 5.34 5.55 5.76 5.95 6.13 6.30 6.45 6.56 6.65 6.72 6.78 6.82 6.86 6.91 6.97 7.08 7.23 7.44 7.72 8.07 8.51 9.06 9.69 10.35 11.04 11.74 12.46 13.20 13.97 14.75 15.56 16.40 17.27 18.18 19.11 20.07 21.05 22.05 23.04 23.95 24.73 25.36 25.84 26.14 26.27 26.20 25.93 25.45 24.87 24.25 23.60 22.91 22.21 21.49 20.76 20.03 19.30 18.60
0.00 0.00 0.00 0.00 0.00 0.00 0.00 0.00 0.29 0.75 1.23 1.69 2.12 2.51 2.86 3.17 3.46 3.73 3.97 4.20 4.42 4.64 4.86 5.07 5.27 5.46 5.64 5.79 5.92 6.03 6.11 6.17 6.23 6.28 6.33 6.39 6.46 6.57 6.73 6.95 7.24 7.61 8.08 8.64 9.30 9.98 10.68 11.39 12.11 12.85 13.61 14.39 15.19 16.02 16.88 17.77 18.68 19.60 20.54 21.49 22.44 23.38 24.22 24.90 25.43 25.78 25.94 25.91 25.66 25.21 24.64 24.04 23.40 22.73 22.04 21.34 20.62 19.90 19.21 18.57
0.00 0.00 0.00 0.00 0.00 0.00 0.00 0.00 0.18 0.57 0.97 1.38 1.79 2.16 2.49 2.79 3.06 3.31 3.54 3.76 3.98 4.19 4.40 4.60 4.79 4.98 5.14 5.28 5.39 5.48 5.55 5.61 5.67 5.73 5.80 5.87 5.97 6.09 6.26 6.49 6.79 7.18 7.66 8.25 8.93 9.63 10.34 11.06 11.79 12.54 13.29 14.06 14.86 15.69 16.54 17.41 18.29 19.19 20.09 20.99 21.89 22.77 23.63 24.38 24.96 25.36 25.56 25.56 25.35 24.92 24.38 23.80 23.18 22.53 21.86 21.18 20.48 19.80 19.17 18.59
0.00 0.00 0.00 0.00 0.00 0.00 0.00 0.00 0.13 0.44 0.77 1.12 1.47 1.82 2.14 2.42 2.68 2.92 3.13 3.34 3.54 3.75 3.94 4.14 4.33 4.50 4.64 4.75 4.84 4.92 4.99 5.05 5.11 5.18 5.26 5.35 5.47 5.61 5.80 6.04 6.36 6.77 7.27 7.88 8.58 9.31 10.03 10.77 11.50 12.25 13.01 13.79 14.59 15.42 16.26 17.11 17.97 18.83 19.69 20.55 21.39 22.22 23.02 23.79 24.42 24.87 25.13 25.17 24.99 24.59 24.08 23.52 22.93 22.31 21.66 21.00 20.36 19.74 19.17 18.65
0.00 0.00 0.00 0.00 0.00 0.00 0.00 0.00 0.12 0.37 0.63 0.91 1.20 1.51 1.81 2.07 2.32 2.54 2.74 2.93 3.13 3.32 3.51 3.70 3.87 4.01 4.12 4.21 4.29 4.36 4.42 4.48 4.55 4.62 4.72 4.83 4.97 5.15 5.36 5.62 5.96 6.39 6.91 7.55 8.27 9.02 9.76 10.51 11.25 12.00 12.78 13.57 14.38 15.21 16.04 16.88 17.71 18.54 19.36 20.17 20.96 21.73 22.47 23.17 23.82 24.33 24.63 24.72 24.59 24.22 23.74 23.22 22.65 22.06 21.45 20.84 20.26 19.72 19.21 18.75
0.00 0.00 0.00 0.00 0.00 0.00 0.00 0.00 0.14 0.33 0.53 0.76 0.99 1.24 1.50 1.75 1.98 2.18 2.37 2.55 2.73 2.92 3.10 3.26 3.40 3.51 3.60 3.67 3.73 3.79 3.84 3.91 3.98 4.07 4.17 4.31 4.48 4.68 4.93 5.23 5.59 6.03 6.58 7.24 8.00 8.76 9.52 10.28 11.04 11.82 12.61 13.42 14.24 15.06 15.89 16.71 17.52 18.32 19.11 19.87 20.61 21.31 21.98 22.62 23.20 23.72 24.08 24.22 24.13 23.80 23.36 22.87 22.34 21.79 21.23 20.70 20.19 19.72 19.28 18.87
0.00 0.00 0.00 0.00 0.00 0.00 0.00 0.05 0.17 0.32 0.47 0.64 0.83 1.02 1.23 1.45 1.66 1.85 2.02 2.19 2.36 2.53 2.69 2.82 2.92 3.00 3.06 3.12 3.16 3.21 3.26 3.33 3.41 3.51 3.63 3.79 3.99 4.22 4.51 4.85 5.25 5.72 6.29 6.98 7.76 8.55 9.33 10.11 10.90 11.70 12.52 13.35 14.17 15.00 15.82 16.62 17.41 18.19 18.93 19.65 20.33 20.98 21.58 22.14 22.65 23.10 23.46 23.66 23.61 23.33 22.93 22.48 22.00 21.51 21.03 20.58 20.14 19.74 19.36 19.02
0.07 0.02 0.00 0.00 0.00 0.01 0.06 0.13 0.22 0.32 0.43 0.56 0.70 0.85 1.02 1.19 1.37 1.54 1.70 1.86 2.02 2.16 2.28 2.37 2.43 2.48 2.52 2.56 2.59 2.63 2.68 2.75 2.83 2.95 3.09 3.27 3.49 3.77 4.09 4.47 4.92 5.44 6.04 6.75 7.56 8.38 9.18 10.00 10.83 11.67 12.51 13.35 14.19 15.01 15.82 16.62 17.39 18.13 18.84 19.52 20.15 20.74 21.27 21.76 22.18 22.54 22.83 23.03 23.04 22.81 22.45 22.05 21.64 21.23 20.84 20.46 20.10 19.77 19.46 19.18
0.35 0.26 0.20 0.16 0.14 0.14 0.16 0.20 0.25 0.32 0.40 0.49 0.60 0.71 0.84 0.98 1.12 1.27 1.41 1.55 1.68 1.78 1.85 1.90 1.94 1.96 1.98 2.00 2.02 2.05 2.10 2.17 2.26 2.39 2.55 2.75 3.01 3.31 3.68 4.11 4.60 5.17 5.82 6.57 7.41 8.26 9.11 9.98 10.85 11.72 12.58 13.44 14.29 15.12 15.92 16.70 17.45 18.17 18.84 19.47 20.06 20.59 21.06 21.47 21.81 22.08 22.28 22.40 22.41 22.23 21.93 21.60 21.28 20.96 20.64 20.35 20.06 19.80 19.56 19.35
0.54 0.44 0.36 0.30 0.26 0.24 0.23 0.24 0.27 0.31 0.36 0.43 0.51 0.60 0.69 0.80 0.91 1.03 1.15 1.26 1.34 1.39 1.42 1.44 1.44 1.44 1.43 1.43 1.44 1.47 1.51 1.59 1.69 1.83 2.01 2.24 2.53 2.87 3.27 3.75 4.29 4.92 5.63 6.44 7.31 8.22 9.13 10.04 10.95 11.85 12.74 13.62 14.48 15.31 16.11 16.88 17.61 18.30 18.94 19.53 20.06 20.53 20.94 21.28 21.54 21.73 21.83 21.84 21.77 21.59 21.37 21.13 20.90 20.67 20.44 20.23 20.02 19.83 19.67 19.52
0.72 0.61 0.51 0.43 0.37 0.33 0.31 0.30 0.31 0.33 0.36 0.41 0.46 0.52 0.60 0.68 0.76 0.86 0.95 1.01 1.04 1.04 1.03 1.01 0.98 0.95 0.92 0.90 0.90 0.92 0.97 1.04 1.16 1.31 1.51 1.77 2.08 2.46 2.90 3.42 4.02 4.70 5.48 6.32 7.22 8.17 9.14 10.10 11.05 11.99 12.90 13.80 14.67 15.50 16.30 17.06 17.77 18.43 19.04 19.59 20.07 20.49 20.83 21.10 21.28 21.38 21.39 21.31 21.13 20.93 20.77 20.63 20.49 20.35 20.21 20.07 19.94 19.83 19.73 19.65
0.96 0.83 0.72 0.62 0.55 0.49 0.45 0.43 0.41 0.42 0.43 0.45 0.49 0.53 0.58 0.63 0.70 0.76 0.82 0.85 0.83 0.78 0.73 0.66 0.60 0.54 0.49 0.46 0.44 0.45 0.49 0.57 0.69 0.86 1.08 1.36 1.70 2.11 2.59 3.16 3.80 4.54 5.36 6.20 7.08 8.03 9.04 10.05 11.05 12.02 12.96 13.88 14.76 15.60 16.39 17.14 17.84 18.47 19.05 19.55 19.99 20.35 20.63 20.83 20.94 20.95 20.87 20.69 20.48 20.29 20.15 20.08 20.03 19.97 19.91 19.85 19.80 19.75 19.72 19.71
1.25 1.11 0.98 0.88 0.79 0.72 0.66 0.62 0.59 0.57 0.56 0.57 0.58 0.60 0.63 0.66 0.70 0.73 0.76 0.75 0.69 0.60 0.50 0.40 0.30 0.21 0.13 0.08 0.05 0.05 0.09 0.17 0.29 0.47 0.71 1.01 1.38 1.82 2.34 2.94 3.64 4.41 5.23 6.05 6.91 7.84 8.85 9.90 10.94 11.95 12.92 13.86 14.75 15.60 16.39 17.13 17.81 18.42 18.96 19.43 19.82 20.13 20.35 20.48 20.51 20.44 20.27 20.06 19.86 19.67 19.55 19.50 19.51 19.53 19.55 19.57 19.59 19.61 19.64 19.69
1.59 1.44 1.30 1.18 1.08 0.99 0.92 0.86 0.82 0.78 0.76 0.74 0.74 0.74 0.75 0.76 0.76 0.77 0.76 0.72 0.63 0.49 0.35 0.20 0.06 0.00 0.00 0.00 0.00 0.00 0.00 0.00 0.00 0.14 0.39 0.71 1.10 1.57 2.13 2.77 3.50 4.27 5.07 5.88 6.71 7.63 8.62 9.67 10.74 11.78 12.79 13.74 14.65 15.51 16.30 17.03 17.69 18.28 18.79 19.23 19.57 19.82 19.98 20.04 20.00 19.86 19.66 19.46 19.26 19.09 18.97 18.93 18.96 19.04 19.13 19.22 19.31 19.40 19.50 19.60
1.97 1.81 1.66 1.53 1.41 1.31 1.23 1.16 1.09 1.04 1.00 0.97 0.95 0.93 0.92 0.90 0.88 0.85 0.82 0.75 0.62 0.44 0.25 0.06 0.00 0.00 0.00 0.00 0.00 0.00 0.00 0.00 0.00 0.00 0.10 0.44 0.86 1.36 1.95 2.62 3.34 4.10 4.88 5.68 6.50 7.39 8.36 9.39 10.46 11.54 12.57 13.55 14.48 15.34 16.13 16.86 17.50 18.07 18.56 18.95 19.25 19.45 19.55 19.55 19.44 19.27 19.08 18.89 18.70 18.52 18.41 18.38 18.42 18.52 18.67 18.82 18.98 19.13 19.29 19.45
2.39 2.21 2.05 1.91 1.79 1.67 1.57 1.49 1.41 1.35 1.29 1.24 1.20 1.16 1.13 1.09 1.04 0.99 0.93 0.82 0.66 0.45 0.21 0.00 0.00 0.00 0.00 0.00 0.00 0.00 0.00 0.00 0.00 0.00 0.00 0.20 0.64 1.17 1.78 2.45 3.16 3.91 4.68 5.46 6.26 7.14 8.10 9.11 10.16 11.23 12.29 13.29 14.23 15.11 15.90 16.62 17.25 17.80 18.26 18.62 18.87 19.02 19.07 19.00 18.87 18.71 18.53 18.35 18.16 17.99 17.87 17.84 17.89 18.00 18.17 18.38 18.59 18.81 19.02 19.23
2.82 2.64 2.47 2.32 2.18 2.06 1.95 1.85 1.76 1.68 1.61 1.55 1.49 1.43 1.37 1.31 1.24 1.16 1.07 0.94 0.74 0.49 0.22 0.00 0.00 0.00 0.00 0.00 0.00 0.00 0.00 0.00 0.00 0.00 0.00 0.00 0.44 0.98 1.59 2.25 2.96 3.69 4.45 5.22 6.01 6.88 7.82 8.81 9.85 10.90 11.95 12.98 13.94 14.82 15.62 16.33 16.95 17.48 17.91 18.23 18.45 18.55 18.54 18.46 18.34 18.19 18.02 17.83 17.65 17.47 17.35 17.33 17.38 17.50 17.67 17.90 18.16 18.43 18.69 18.96
3.27 3.08 2.91 2.75 2.60 2.47 2.35 2.24 2.14 2.05 1.96 1.88 1.80 1.73 1.65 1.56 1.47 1.37 1.25 1.09 0.86 0.58 0.26 0.00 0.00 0.00 0.00 0.00 0.00 0.00 0.00 0.00 0.00 0.00 0.00 0.00 0.23 0.78 1.38 2.03 2.73 3.45 4.20 4.96 5.74 6.60 7.53 8.51 9.53 10.57 11.60 12.62 13.59 14.49 15.29 16.00 16.61 17.12 17.52 17.81 17.99 18.05 18.02 17.95 17.84 17.70 17.53 17.35 17.16 16.97 16.85 16.82 16.87 17.00 17.18 17.42 17.70 18.01 18.32 18.63
3.73 3.53 3.35 3.18 3.03 2.89 2.76 2.64 2.53 2.42 2.32 2.23 2.13 2.04 1.94 1.83 1.72 1.59 1.46 1.27 1.01 0.69 0.34 0.00 0.00 0.00 0.00 0.00 0.00 0.00 0.00 0.00 0.00 0.00 0.00 0.00 0.01 0.55 1.15 1.79 2.48 3.20 3.94 4.69 5.46 6.31 7.23 8.20 9.21 10.23 11.25 12.26 13.22 14.12 14.93 15.64 16.24 16.73 17.11 17.36 17.50 17.55 17.54 17.48 17.38 17.24 17.07 16.89 16.69 16.50 16.37 16.33 16.38 16.50 16.69 16.94 17.23 17.55 17.90 18.26
4.20 3.99 3.79 3.62 3.46 3.31 3.17 3.04 2.92 2.81 2.70 2.59 2.47 2.36 2.24 2.12 1.98 1.84 1.68 1.47 1.18 0.83 0.44 0.02 0.00 0.00 0.00 0.00 0.00 0.00 0.00 0.00 0.00 0.00 0.00 0.00 0.00 0.29 0.89 1.53 2.21 2.93 3.66 4.41 5.18 6.02 6.93 7.89 8.89 9.90 10.91 11.90 12.85 13.74 14.55 15.25 15.85 16.32 16.68 16.91 17.04 17.10 17.10 17.05 16.95 16.81 16.65 16.45 16.25 16.04 15.90 15.85 15.89 16.01 16.20 16.45 16.75 17.09 17.45 17.84
4.67 4.45 4.24 4.05 3.88 3.73 3.58 3.45 3.31 3.19 3.06 2.94 2.82 2.69 2.55 2.41 2.26 2.09 1.91 1.68 1.37 0.98 0.55 0.10 0.00 0.00 0.00 0.00 0.00 0.00 0.00 0.00 0.00 0.00 0.00 0.00 0.00 0.02 0.61 1.25 1.93 2.64 3.38 4.12 4.88 5.72 6.63 7.58 8.57 9.57 10.57 11.54 12.48 13.36 14.16 14.86 15.45 15.91 16.24 16.47 16.62 16.69 16.70 16.65 16.56 16.42 16.24 16.04 15.82 15.59 15.44 15.38 15.41 15.53 15.71 15.96 16.27 16.61 16.99 17.39
5.15 4.91 4.69 4.48 4.30 4.13 3.98 3.84 3.70 3.56 3.43 3.29 3.15 3.01 2.86 2.70 2.53 2.35 2.15 1.90 1.56 1.14 0.68 0.19 0.00 0.00 0.00 0.00 0.00 0.00 0.00 0.00 0.00 0.00 0.00 0.00 0.00 0.00 0.32 0.96 1.64 2.35 3.08 3.82 4.59 5.42 6.32 7.27 8.25 9.25 10.24 11.20 12.13 12.99 13.78 14.47 15.05 15.50 15.83 16.08 16.24 16.32 16.34 16.29 16.19 16.04 15.86 15.65 15.41 15.17 14.99 14.91 14.93 15.04 15.22 15.47 15.77 16.12 16.51 16.92
5.62 5.36 5.12 4.90 4.70 4.52 4.36 4.21 4.06 3.92 3.77 3.63 3.48 3.32 3.16 2.98 2.80 2.60 2.39 2.11 1.75 1.30 0.81 0.28 0.00 0.00 0.00 0.00 0.00 0.00 0.00 0.00 0.00 0.00 0.00 0.00 0.00 0.00 0.01 0.66 1.34 2.05 2.78 3.52 4.29 5.12 6.02 6.97 7.94 8.93 9.92 10.88 11.79 12.65 13.42 14.10 14.67 15.12 15.47 15.73 15.90 15.99 16.00 15.96 15.85 15.70 15.50 15.27 15.01 14.75 14.55 14.46 14.46 14.56 14.73 14.97 15.27 15.62 16.01 16.43
6.08 5.81 5.55 5.31 5.09 4.89 4.71 4.55 4.40 4.25 4.09 3.94 3.78 3.61 3.44 3.25 3.05 2.84 2.61 2.32 1.93 1.46 0.93 0.37 0.00 0.00 0.00 0.00 0.00 0.00 0.00 0.00 0.00 0.00 0.00 0.00 0.00 0.00 0.00 0.34 1.03 1.74 2.48 3.22 3.99 4.83 5.72 6.67 7.65 8.63 9.61 10.56 11.47 12.32 13.09 13.76 14.33 14.80 15.16 15.43 15.60 15.69 15.71 15.66 15.54 15.38 15.16 14.91 14.63 14.34 14.12 14.00 13.99 14.07 14.23 14.46 14.76 15.10 15.50 15.92
6.53 6.24 5.97 5.71 5.47 5.25 5.05 4.87 4.70 4.55 4.39 4.22 4.06 3.88 3.69 3.50 3.29 3.06 2.81 2.50 2.09 1.60 1.04 0.44 0.00 0.00 0.00 0.00 0.00 0.00 0.00 0.00 0.00 0.00 0.00 0.00 0.00 0.00 0.00 0.02 0.71 1.43 2.18 2.93 3.70 4.53 5.44 6.38 7.36 8.34 9.32 10.27 11.17 12.01 12.78 13.45 14.03 14.51 14.89 15.16 15.34 15.43 15.44 15.38 15.26 15.08 14.84 14.57 14.27 13.94 13.69 13.55 13.52 13.58 13.72 13.94 14.23 14.57 14.96 15.38
6.97 6.67 6.37 6.09 5.83 5.59 5.36 5.16 4.97 4.81 4.64 4.47 4.30 4.11 3.92 3.71 3.49 3.25 2.99 2.67 2.24 1.72 1.13 0.50 0.00 0.00 0.00 0.00 0.00 0.00 0.00 0.00 0.00 0.00 0.00 0.00 0.00 0.00 0.00 0.00 0.40 1.13 1.87 2.63 3.41 4.25 5.16 6.11 7.09 8.07 9.05 10.00 10.90 11.73 12.50 13.17 13.76 14.26 14.65 14.94 15.12 15.20 15.21 15.13 15.00 14.80 14.54 14.24 13.91 13.55 13.27 13.10 13.04 13.08 13.21 13.41 13.69 14.02 14.40 14.82
7.40 7.07 6.76 6.46 6.17 5.91 5.66 5.43 5.22 5.03 4.85 4.68 4.50 4.31 4.10 3.89 3.66 3.41 3.14 2.80 2.35 1.81 1.20 0.53 0.00 0.00 0.00 0.00 0.00 0.00 0.00 0.00 0.00 0.00 0.00 0.00 0.00 0.00 0.00 0.00 0.08 0.82 1.58 2.34 3.13 3.98 4.89 5.85 6.83 7.82 8.80 9.75 10.65 11.48 12.24 12.93 13.52 14.03 14.43 14.73 14.92 15.01 15.00 14.91 14.76 14.53 14.26 13.93 13.56 13.17 12.85 12.65 12.56 12.58 12.68 12.87 13.13 13.45 13.82 14.22
7.80 7.45 7.12 6.80 6.49 6.20 5.93 5.68 5.44 5.22 5.02 4.83 4.65 4.45 4.24 4.02 3.78 3.52 3.24 2.89 2.43 1.86 1.22 0.53 0.00 0.00 0.00 0.00 0.00 0.00 0.00 0.00 0.00 0.00 0.00 0.00 0.00 0.00 0.00 0.00 0.00 0.52 1.29 2.07 2.86 3.72 4.64 5.61 6.60 7.59 8.57 9.52 10.42 11.25 12.01 12.70 13.30 13.81 14.22 14.54 14.74 14.84 14.82 14.72 14.54 14.29 13.98 13.62 13.22 12.79 12.43 12.20 12.08 12.06 12.14 12.31 12.55 12.85 13.19 13.57
8.18 7.81 7.46 7.12 6.79 6.47 6.18 5.89 5.63 5.38 5.15 4.94 4.74 4.54 4.33 4.10 3.85 3.59 3.30 2.94 2.46 1.87 1.21 0.49 0.00 0.00 0.00 0.00 0.00 0.00 0.00 0.00 0.00 0.00 0.00 0.00 0.00 0.00 0.00 0.00 0.00 0.22 1.01 1.80 2.61 3.48 4.41 5.39 6.38 7.38 8.37 9.31 10.20 11.03 11.79 12.47 13.08 13.59 14.02 14.34 14.56 14.67 14.66 14.54 14.34 14.06 13.72 13.33 12.89 12.41 12.02 11.74 11.59 11.54 11.59 11.73 11.94 12.21 12.52 12.87
8.54 8.15 7.77 7.41 7.06 6.72 6.39 6.08 5.79 5.51 5.25 5.01 4.78 4.57 4.35 4.12 3.87 3.60 3.30 2.93 2.43 1.83 1.15 0.40 0.00 0.00 0.00 0.00 0.00 0.00 0.00 0.00 0.00 0.00 0.00 0.00 0.00 0.00 0.00 0.00 0.00 0.00 0.74 1.55 2.37 3.26 4.20 5.19 6.19 7.20 8.18 9.11 9.99 10.81 11.57 12.25 12.85 13.37 13.80 14.13 14.36 14.48 14.49 14.38 14.15 13.85 13.47 13.04 12.56 12.04 11.59 11.28 11.09 11.01 11.03 11.13 11.29 11.52 11.79 12.11
8.87 8.46 8.06 7.67 7.30 6.93 6.58 6.24 5.92 5.61 5.31 5.04 4.78 4.54 4.31 4.07 3.82 3.54 3.24 2.86 2.35 1.74 1.03 0.28 0.00 0.00 0.00 0.00 0.00 0.00 0.00 0.00 0.00 0.00 0.00 0.00 0.00 0.00 0.00 0.00 0.00 0.00 0.48 1.31 2.15 3.06 4.01 5.01 6.03 7.03 7.99 8.91 9.78 10.58 11.33 12.01 12.61 13.13 13.56 13.90 14.14 14.27 14.29 14.20 13.98 13.64 13.23 12.76 12.23 11.66 11.17 10.81 10.58 10.46 10.43 10.48 10.59 10.77 11.00 11.29
9.18 8.74 8.32 7.91 7.50 7.11 6.73 6.36 6.01 5.67 5.34 5.03 4.74 4.46 4.20 3.95 3.70 3.42 3.11 2.72 2.20 1.57 0.87 0.17 0.00 0.00 0.00 0.00 0.00 0.00 0.00 0.00 0.00 0.00 0.00 0.00 0.00 0.00 0.00 0.00 0.00 0.00 0.25 1.09 1.95 2.88 3.85 4.86 5.87 6.85 7.79 8.69 9.54 10.34 11.07 11.74 12.34 12.86 13.29 13.63 13.88 14.02 14.06 13.97 13.77 13.44 13.00 12.48 11.90 11.28 10.74 10.33 10.05 9.88 9.79 9.78 9.83 9.96 10.15 10.40
