data_processed/recharge/precip/Precip_1997_09.asc
ncols        168
nrows        136
xllcorner    455000
yllcorner    2107000
cellsize     500
NODATA_value     -99999
[rows 68 to 101 of 136, columns 76 to 151 of 168]
37.35 35.89 35.33 35.58 36.60 38.30 40.64 43.51 46.74 50.05 53.37 56.54 59.47 62.16 64.62 66.87 68.94 70.83 72.58 74.19 75.69 77.09 78.36 79.43 80.31 80.99 81.48 81.78 81.91 81.86 81.64 81.25 80.71 80.02 79.21 78.32 77.47 76.83 76.44 76.32 76.49 76.99 77.82 79.02 80.60 82.59 85.00 87.64 90.00 91.98 93.62 94.94 95.96 96.71 97.22 97.50 97.60 97.52 97.35 97.23 97.23 97.34 97.52 97.73 97.95 98.16 98.34 98.46 98.50 98.44 98.26 97.93 97.48 97.02 96.62 96.30
34.07 32.75 32.34 32.76 33.96 35.86 38.39 41.33 44.41 47.55 50.71 53.86 56.85 59.61 62.14 64.46 66.58 68.53 70.32 71.97 73.50 74.93 76.23 77.33 78.23 78.94 79.46 79.80 79.96 79.95 79.77 79.42 78.93 78.29 77.55 76.73 75.87 75.10 74.57 74.35 74.44 74.87 75.67 76.85 78.44 80.46 82.93 85.65 88.07 90.10 91.78 93.12 94.15 94.90 95.39 95.65 95.70 95.62 95.56 95.60 95.74 95.99 96.34 96.71 97.07 97.40 97.69 97.90 98.01 98.00 97.85 97.54 97.08 96.62 96.21 95.88
31.11 29.99 29.79 30.45 31.90 34.05 36.68 39.49 42.41 45.39 48.41 51.43 54.40 57.23 59.82 62.20 64.38 66.38 68.21 69.90 71.47 72.92 74.24 75.37 76.30 77.03 77.59 77.96 78.15 78.17 78.03 77.72 77.26 76.68 76.00 75.25 74.47 73.68 73.02 72.66 72.64 72.98 73.71 74.85 76.43 78.45 80.95 83.71 86.17 88.23 89.91 91.25 92.26 92.98 93.43 93.63 93.66 93.69 93.79 93.96 94.23 94.58 95.03 95.55 96.06 96.53 96.93 97.23 97.42 97.47 97.37 97.08 96.62 96.16 95.75 95.42
28.51 27.66 27.75 28.71 30.45 32.74 35.26 37.92 40.70 43.55 46.44 49.34 52.22 55.03 57.69 60.12 62.36 64.40 66.28 68.01 69.60 71.08 72.42 73.57 74.53 75.29 75.87 76.27 76.50 76.56 76.44 76.16 75.73 75.19 74.57 73.88 73.17 72.46 71.79 71.29 71.12 71.35 71.99 73.06 74.58 76.58 79.09 81.86 84.32 86.38 88.04 89.35 90.32 90.97 91.35 91.52 91.66 91.84 92.07 92.37 92.73 93.17 93.69 94.29 94.93 95.54 96.05 96.46 96.73 96.85 96.79 96.53 96.10 95.64 95.24 94.90
26.33 25.81 26.25 27.56 29.47 31.67 34.05 36.59 39.24 41.98 44.77 47.58 50.37 53.11 55.76 58.25 60.54 62.63 64.55 66.31 67.94 69.44 70.80 71.97 72.95 73.74 74.35 74.78 75.04 75.12 75.01 74.74 74.34 73.83 73.25 72.62 71.97 71.34 70.74 70.23 69.92 70.00 70.52 71.49 72.94 74.89 77.37 80.13 82.57 84.59 86.21 87.45 88.35 88.92 89.25 89.52 89.81 90.13 90.48 90.88 91.32 91.82 92.38 93.00 93.70 94.42 95.07 95.58 95.95 96.14 96.14 95.91 95.50 95.06 94.67 94.34
24.61 24.50 25.33 26.85 28.69 30.76 33.02 35.45 38.00 40.65 43.36 46.10 48.82 51.51 54.12 56.62 58.96 61.09 63.05 64.85 66.50 68.03 69.41 70.60 71.60 72.41 73.05 73.50 73.77 73.84 73.73 73.47 73.08 72.60 72.05 71.47 70.88 70.31 69.79 69.36 69.04 68.97 69.34 70.18 71.53 73.40 75.82 78.55 80.94 82.89 84.44 85.59 86.39 86.90 87.33 87.75 88.17 88.61 89.06 89.54 90.04 90.58 91.17 91.79 92.48 93.22 93.96 94.59 95.06 95.33 95.39 95.21 94.82 94.40 94.03 93.73
23.40 23.74 24.82 26.28 28.01 29.97 32.14 34.48 36.96 39.54 42.18 44.87 47.55 50.21 52.79 55.28 57.64 59.81 61.81 63.64 65.32 66.86 68.26 69.47 70.49 71.33 71.99 72.45 72.70 72.74 72.62 72.35 71.97 71.50 70.98 70.44 69.90 69.39 68.94 68.58 68.34 68.26 68.48 69.17 70.39 72.15 74.49 77.14 79.46 81.32 82.76 83.80 84.52 85.13 85.71 86.26 86.80 87.34 87.87 88.40 88.95 89.51 90.09 90.71 91.36 92.04 92.78 93.50 94.07 94.42 94.55 94.43 94.07 93.68 93.34 93.06
22.74 23.36 24.41 25.76 27.40 29.28 31.38 33.65 36.07 38.60 41.21 43.86 46.52 49.16 51.75 54.24 56.61 58.82 60.85 62.71 64.41 65.98 67.39 68.62 69.66 70.52 71.17 71.60 71.80 71.81 71.67 71.39 71.00 70.55 70.05 69.53 69.03 68.57 68.18 67.89 67.74 67.74 67.94 68.48 69.54 71.17 73.39 75.95 78.16 79.90 81.21 82.17 82.98 83.73 84.44 85.11 85.75 86.36 86.95 87.52 88.09 88.65 89.22 89.80 90.39 91.01 91.65 92.33 92.97 93.42 93.62 93.56 93.25 92.89 92.58 92.33
22.43 23.03 23.98 25.26 26.82 28.64 30.68 32.91 35.30 37.80 40.39 43.03 45.70 48.35 50.95 53.47 55.87 58.13 60.20 62.09 63.82 65.40 66.83 68.07 69.13 69.98 70.58 70.94 71.09 71.06 70.89 70.59 70.19 69.74 69.25 68.75 68.28 67.86 67.52 67.30 67.22 67.30 67.59 68.11 69.01 70.48 72.56 74.99 77.07 78.67 79.88 80.92 81.88 82.77 83.59 84.35 85.07 85.73 86.36 86.96 87.52 88.07 88.60 89.12 89.64 90.16 90.69 91.24 91.80 92.31 92.60 92.60 92.34 92.03 91.76 91.56
22.10 22.63 23.51 24.73 26.25 28.03 30.04 32.24 34.61 37.11 39.71 42.36 45.05 47.72 50.36 52.93 55.39 57.71 59.86 61.80 63.56 65.16 66.60 67.85 68.89 69.67 70.19 70.48 70.57 70.50 70.28 69.95 69.54 69.07 68.59 68.10 67.65 67.27 66.98 66.81 66.79 66.95 67.32 67.92 68.81 70.12 72.03 74.31 76.23 77.72 79.01 80.19 81.28 82.28 83.20 84.04 84.81 85.51 86.16 86.75 87.30 87.80 88.28 88.72 89.14 89.55 89.95 90.35 90.75 91.15 91.48 91.55 91.34 91.09 90.88 90.83
21.66 22.13 22.97 24.15 25.64 27.40 29.40 31.61 33.98 36.50 39.12 41.81 44.53 47.26 49.96 52.60 55.14 57.54 59.79 61.83 63.65 65.27 66.72 67.95 68.91 69.58 70.01 70.23 70.25 70.11 69.85 69.48 69.04 68.56 68.07 67.59 67.16 66.80 66.54 66.41 66.45 66.68 67.12 67.82 68.79 70.08 71.83 73.93 75.73 77.29 78.73 80.04 81.24 82.33 83.32 84.22 85.02 85.74 86.38 86.96 87.46 87.91 88.31 88.66 88.97 89.24 89.49 89.71 89.92 90.12 90.31 90.41 90.27 90.08 90.03 90.16
21.08 21.51 22.33 23.50 24.98 26.74 28.75 30.97 33.38 35.93 38.59 41.34 44.13 46.93 49.71 52.44 55.07 57.59 59.95 62.12 64.06 65.76 67.19 68.32 69.15 69.72 70.05 70.18 70.13 69.92 69.60 69.19 68.72 68.21 67.70 67.22 66.79 66.45 66.22 66.13 66.21 66.50 67.01 67.79 68.85 70.23 71.96 73.95 75.81 77.52 79.09 80.51 81.80 82.97 84.01 84.94 85.76 86.48 87.10 87.63 88.08 88.45 88.75 88.98 89.15 89.28 89.35 89.38 89.38 89.35 89.30 89.23 89.11 89.09 89.22 89.53
20.60 21.01 21.80 22.96 24.43 26.20 28.22 30.47 32.90 35.50 38.21 41.01 43.87 46.74 49.61 52.43 55.17 57.79 60.27 62.56 64.65 66.47 67.91 68.91 69.62 70.08 70.31 70.34 70.20 69.93 69.54 69.08 68.56 68.02 67.49 67.00 66.57 66.24 66.03 65.97 66.09 66.43 67.01 67.85 69.00 70.47 72.27 74.30 76.30 78.14 79.83 81.35 82.73 83.95 85.04 86.00 86.82 87.53 88.12 88.60 88.98 89.27 89.46 89.57 89.60 89.56 89.45 89.29 89.07 88.80 88.49 88.14 87.81 87.89 88.22 88.69
20.68 21.03 21.78 22.89 24.34 26.08 28.09 30.34 32.78 35.38 38.12 40.95 43.85 46.77 49.69 52.58 55.39 58.10 60.67 63.07 65.25 67.16 68.70 69.71 70.30 70.64 70.76 70.69 70.47 70.11 69.66 69.14 68.58 68.01 67.45 66.94 66.51 66.18 65.98 65.95 66.11 66.50 67.13 68.04 69.26 70.80 72.62 74.64 76.69 78.67 80.48 82.11 83.58 84.88 86.02 87.01 87.85 88.55 89.12 89.57 89.89 90.09 90.19 90.18 90.08 89.88 89.60 89.25 88.82 88.32 87.75 87.05 86.36 86.22 86.65 87.31
21.37 21.63 22.30 23.35 24.73 26.43 28.39 30.60 33.02 35.61 38.33 41.17 44.07 47.02 49.97 52.89 55.75 58.51 61.14 63.59 65.82 67.81 69.44 70.56 71.16 71.38 71.39 71.22 70.91 70.47 69.95 69.37 68.75 68.14 67.56 67.03 66.58 66.26 66.07 66.06 66.26 66.68 67.37 68.35 69.62 71.17 72.97 74.98 77.02 79.05 80.98 82.74 84.30 85.68 86.89 87.92 88.79 89.51 90.06 90.48 90.75 90.89 90.90 90.78 90.56 90.22 89.78 89.24 88.61 87.88 86.99 85.93 84.88 84.40 84.63 85.39
22.66 22.81 23.37 24.31 25.61 27.22 29.12 31.26 33.62 36.17 38.86 41.66 44.55 47.48 50.43 53.35 56.23 59.01 61.66 64.11 66.35 68.39 70.11 71.34 72.05 72.29 72.19 71.92 71.51 70.99 70.39 69.74 69.07 68.42 67.80 67.24 66.79 66.46 66.28 66.29 66.51 66.98 67.71 68.73 70.01 71.53 73.32 75.32 77.35 79.37 81.35 83.22 84.90 86.37 87.65 88.75 89.65 90.38 90.94 91.33 91.57 91.65 91.58 91.38 91.04 90.57 89.98 89.27 88.43 87.41 86.18 84.79 83.41 82.60 82.51 83.08
24.47 24.55 24.98 25.80 26.97 28.47 30.27 32.32 34.59 37.06 39.68 42.43 45.26 48.16 51.07 53.97 56.83 59.59 62.18 64.59 66.83 68.91 70.70 72.02 72.85 73.21 73.13 72.76 72.25 71.64 70.96 70.25 69.52 68.82 68.16 67.58 67.11 66.77 66.60 66.62 66.87 67.37 68.13 69.14 70.39 71.90 73.67 75.67 77.69 79.69 81.66 83.58 85.36 86.95 88.31 89.47 90.43 91.18 91.75 92.14 92.35 92.38 92.25 91.96 91.52 90.93 90.20 89.31 88.20 86.86 85.32 83.62 81.95 80.84 80.44 80.71
26.69 26.78 27.12 27.79 28.81 30.17 31.83 33.76 35.92 38.28 40.81 43.46 46.22 49.04 51.89 54.74 57.53 60.18 62.67 65.03 67.26 69.36 71.21 72.61 73.54 74.02 74.07 73.73 73.13 72.43 71.67 70.88 70.09 69.33 68.63 68.02 67.53 67.18 67.01 67.04 67.31 67.82 68.57 69.55 70.78 72.27 74.04 76.02 78.04 80.03 81.99 83.89 85.72 87.40 88.86 90.10 91.11 91.91 92.50 92.89 93.08 93.08 92.90 92.54 92.00 91.30 90.42 89.29 87.88 86.24 84.41 82.44 80.51 79.13 78.45 78.43
29.26 29.38 29.72 30.28 31.13 32.32 33.82 35.59 37.61 39.83 42.23 44.77 47.41 50.13 52.89 55.63 58.25 60.76 63.15 65.44 67.64 69.75 71.64 73.10 74.12 74.71 74.89 74.68 74.11 73.32 72.47 71.61 70.75 69.94 69.20 68.55 68.03 67.67 67.49 67.53 67.80 68.29 69.01 69.96 71.17 72.64 74.40 76.38 78.40 80.38 82.33 84.22 86.03 87.75 89.30 90.63 91.71 92.56 93.19 93.59 93.77 93.75 93.52 93.10 92.49 91.66 90.56 89.14 87.46 85.55 83.47 81.26 79.09 77.47 76.54 76.27
32.14 32.29 32.65 33.19 33.91 34.91 36.21 37.80 39.64 41.70 43.94 46.33 48.84 51.43 54.03 56.55 58.98 61.33 63.60 65.81 67.96 70.07 71.98 73.49 74.57 75.26 75.55 75.48 75.05 74.30 73.38 72.43 71.51 70.63 69.84 69.15 68.61 68.22 68.04 68.07 68.31 68.77 69.45 70.38 71.56 73.03 74.78 76.76 78.77 80.75 82.69 84.56 86.36 88.07 89.65 91.06 92.23 93.14 93.81 94.23 94.43 94.39 94.13 93.66 92.95 91.92 90.55 88.88 86.95 84.81 82.51 80.08 77.70 75.87 74.73 74.24
35.29 35.46 35.83 36.38 37.08 37.93 39.02 40.40 42.03 43.89 45.95 48.16 50.50 52.88 55.22 57.50 59.72 61.89 64.03 66.14 68.23 70.31 72.23 73.77 74.91 75.67 76.06 76.11 75.83 75.23 74.35 73.33 72.33 71.40 70.55 69.82 69.24 68.83 68.63 68.62 68.82 69.24 69.89 70.79 71.96 73.42 75.17 77.15 79.15 81.13 83.06 84.93 86.71 88.40 89.98 91.42 92.66 93.65 94.37 94.83 95.03 94.99 94.71 94.18 93.29 92.02 90.42 88.52 86.37 84.03 81.53 78.92 76.36 74.35 73.02 72.33
38.66 38.86 39.24 39.79 40.49 41.30 42.23 43.37 44.77 46.40 48.24 50.24 52.34 54.41 56.45 58.46 60.45 62.44 64.42 66.41 68.43 70.47 72.38 73.94 75.12 75.94 76.42 76.57 76.42 75.97 75.25 74.28 73.22 72.21 71.30 70.53 69.91 69.47 69.22 69.17 69.33 69.71 70.33 71.21 72.37 73.81 75.56 77.55 79.55 81.53 83.46 85.32 87.09 88.77 90.32 91.75 93.02 94.07 94.86 95.36 95.60 95.57 95.25 94.56 93.45 91.96 90.15 88.05 85.72 83.20 80.54 77.77 75.07 72.91 71.42 70.56
42.23 42.44 42.84 43.39 44.07 44.87 45.74 46.70 47.85 49.23 50.82 52.53 54.26 55.98 57.71 59.44 61.18 62.96 64.78 66.64 68.56 70.55 72.44 74.00 75.20 76.07 76.61 76.86 76.82 76.50 75.94 75.14 74.13 73.07 72.10 71.27 70.61 70.12 69.82 69.72 69.83 70.18 70.78 71.64 72.79 74.22 75.97 77.96 79.97 81.95 83.87 85.73 87.49 89.16 90.70 92.11 93.36 94.44 95.28 95.85 96.12 96.08 95.63 94.73 93.42 91.75 89.76 87.50 85.01 82.35 79.54 76.65 73.83 71.55 69.93 68.94
45.94 46.17 46.58 47.13 47.80 48.57 49.42 50.31 51.26 52.36 53.62 54.92 56.25 57.60 58.98 60.42 61.91 63.47 65.10 66.82 68.63 70.54 72.40 73.94 75.15 76.05 76.65 76.97 77.02 76.83 76.41 75.77 74.93 73.93 72.91 72.03 71.31 70.76 70.41 70.26 70.34 70.66 71.24 72.08 73.21 74.65 76.40 78.39 80.41 82.39 84.31 86.16 87.92 89.57 91.11 92.50 93.73 94.79 95.66 96.28 96.57 96.42 95.79 94.71 93.23 91.40 89.26 86.86 84.25 81.47 78.56 75.58 72.67 70.29 68.58 67.48
49.76 50.01 50.42 50.97 51.63 52.38 53.19 54.04 54.91 55.74 56.54 57.38 58.28 59.25 60.28 61.41 62.62 63.94 65.38 66.93 68.62 70.45 72.25 73.76 74.96 75.87 76.51 76.89 77.03 76.94 76.65 76.16 75.49 74.67 73.72 72.78 72.00 71.40 71.00 70.81 70.86 71.15 71.70 72.53 73.65 75.08 76.84 78.84 80.87 82.85 84.77 86.62 88.38 90.02 91.54 92.92 94.14 95.18 96.03 96.64 96.83 96.52 95.72 94.49 92.88 90.92 88.66 86.16 83.44 80.57 77.59 74.54 71.57 69.14 67.35 66.18
53.66 53.92 54.34 54.88 55.52 56.24 57.02 57.82 58.57 59.14 59.54 59.91 60.37 60.93 61.60 62.40 63.32 64.39 65.61 66.99 68.54 70.27 72.00 73.46 74.64 75.55 76.21 76.63 76.84 76.84 76.65 76.30 75.79 75.15 74.38 73.52 72.69 72.04 71.59 71.36 71.37 71.64 72.17 72.99 74.10 75.53 77.30 79.31 81.34 83.33 85.26 87.11 88.86 90.50 92.02 93.38 94.59 95.61 96.41 96.84 96.83 96.37 95.44 94.09 92.37 90.31 87.97 85.38 82.60 79.68 76.65 73.56 70.56 68.10 66.27 65.05
57.58 57.86 58.27 58.80 59.43 60.12 60.86 61.55 62.06 62.37 62.50 62.49 62.50 62.64 62.93 63.39 64.01 64.81 65.80 66.99 68.38 69.99 71.63 73.04 74.17 75.07 75.73 76.18 76.44 76.51 76.43 76.19 75.83 75.35 74.78 74.11 73.37 72.68 72.18 71.92 71.90 72.14 72.65 73.46 74.57 76.00 77.77 79.80 81.84 83.84 85.77 87.63 89.38 91.02 92.52 93.88 95.08 96.05 96.67 96.86 96.62 95.99 94.96 93.52 91.71 89.58 87.18 84.55 81.73 78.78 75.73 72.64 69.64 67.18 65.34 64.10
61.50 61.78 62.19 62.72 63.32 63.98 64.61 65.06 65.30 65.37 65.26 65.01 64.66 64.38 64.28 64.37 64.67 65.19 65.93 66.91 68.14 69.61 71.16 72.48 73.56 74.43 75.08 75.54 75.83 75.97 75.96 75.83 75.61 75.30 74.91 74.44 73.90 73.30 72.78 72.48 72.43 72.65 73.15 73.94 75.05 76.49 78.27 80.31 82.37 84.38 86.32 88.17 89.93 91.57 93.07 94.42 95.57 96.37 96.73 96.69 96.25 95.44 94.28 92.77 90.92 88.75 86.32 83.67 80.84 77.89 74.86 71.79 68.82 66.38 64.57 63.34
65.36 65.65 66.06 66.57 67.15 67.71 68.09 68.26 68.25 68.08 67.76 67.31 66.75 66.13 65.63 65.35 65.31 65.53 66.01 66.77 67.81 69.14 70.56 71.79 72.81 73.62 74.25 74.71 75.02 75.19 75.26 75.24 75.15 75.00 74.78 74.51 74.18 73.79 73.37 73.05 72.98 73.17 73.66 74.44 75.55 77.00 78.79 80.85 82.92 84.94 86.89 88.75 90.51 92.15 93.65 94.96 95.93 96.47 96.60 96.34 95.72 94.75 93.46 91.88 89.99 87.82 85.39 82.75 79.94 77.02 74.03 71.02 68.11 65.73 63.96 62.78
69.14 69.43 69.84 70.33 70.81 71.11 71.21 71.13 70.87 70.47 69.95 69.31 68.59 67.79 66.98 66.32 65.93 65.83 66.04 66.55 67.39 68.55 69.85 70.97 71.90 72.65 73.23 73.68 73.99 74.20 74.34 74.43 74.47 74.46 74.41 74.32 74.19 74.02 73.82 73.62 73.53 73.71 74.18 74.96 76.07 77.52 79.33 81.41 83.50 85.53 87.49 89.37 91.13 92.77 94.24 95.36 96.07 96.37 96.28 95.83 95.04 93.94 92.54 90.87 88.96 86.79 84.39 81.79 79.04 76.18 73.26 70.33 67.52 65.22 63.53 62.42
72.78 73.08 73.48 73.87 74.09 74.11 73.94 73.60 73.12 72.51 71.79 70.98 70.10 69.17 68.20 67.26 66.51 66.09 66.00 66.26 66.88 67.86 69.01 70.01 70.83 71.50 72.03 72.44 72.76 73.01 73.23 73.42 73.58 73.71 73.81 73.89 73.95 74.00 74.03 74.05 74.08 74.26 74.72 75.50 76.61 78.07 79.90 82.00 84.11 86.16 88.13 90.01 91.79 93.40 94.67 95.53 95.99 96.07 95.78 95.17 94.23 93.01 91.53 89.79 87.84 85.69 83.34 80.81 78.14 75.38 72.56 69.74 67.04 64.86 63.29 62.28
76.26 76.56 76.86 76.99 76.92 76.66 76.23 75.66 74.96 74.15 73.24 72.27 71.25 70.19 69.12 68.06 67.06 66.29 65.90 65.89 66.28 67.06 68.05 68.90 69.61 70.19 70.65 71.02 71.35 71.65 71.95 72.22 72.48 72.74 72.99 73.23 73.47 73.72 73.97 74.23 74.50 74.81 75.28 76.06 77.18 78.65 80.49 82.61 84.75 86.81 88.80 90.70 92.44 93.86 94.87 95.48 95.70 95.58 95.12 94.35 93.30 91.99 90.43 88.66 86.69 84.54 82.25 79.82 77.26 74.61 71.93 69.25 66.70 64.67 63.23 62.35
79.53 79.73 79.77 79.60 79.25 78.72 78.05 77.25 76.34 75.34 74.27 73.15 71.99 70.83 69.66 68.53 67.43 66.44 65.73 65.43 65.57 66.15 66.95 67.65 68.23 68.69 69.08 69.44 69.79 70.14 70.49 70.84 71.20 71.57 71.96 72.36 72.77 73.21 73.67 74.16 74.68 75.23 75.84 76.64 77.76 79.25 81.12 83.26 85.42 87.50 89.51 91.38 92.94 94.08 94.83 95.20 95.22 94.91 94.30 93.41 92.26 90.86 89.26 87.46 85.50 83.39 81.15 78.82 76.40 73.90 71.38 68.87 66.50 64.64 63.37 62.66
82.46 82.39 82.12 81.66 81.04 80.26 79.36 78.35 77.24 76.06 74.84 73.57 72.30 71.03 69.79 68.58 67.45 66.39 65.48 64.89 64.77 65.11 65.72 66.25 66.68 67.04 67.38 67.73 68.09 68.47 68.87 69.30 69.75 70.22 70.73 71.28 71.86 72.48 73.14 73.85 74.61 75.42 76.28 77.22 78.37 79.88 81.77 83.94 86.12 88.23 90.22 91.90 93.17 94.04 94.55 94.71 94.55 94.08 93.34 92.34 91.10 89.66 88.03 86.23 84.29 82.23 80.08 77.85 75.57 73.25 70.91 68.61 66.45 64.80 63.73 63.17
