data_processed/recharge/precip/Precip_1984_08.asc
ncols        168
nrows        136
xllcorner    455000
yllcorner    2107000
cellsize     500
NODATA_value     -99999
[rows 32 to 63 of 136, columns 0 to 70 of 168]
346.02 338.10 330.03 321.85 313.59 305.30 297.02 288.74 280.45 272.18 263.95 255.79 247.74 239.83 232.08 224.54 217.35 210.71 204.63 199.11 194.14 189.71 185.81 182.43 179.56 177.07 174.74 172.49 170.32 168.23 166.21 164.26 162.39 160.57 158.82 157.13 155.50 153.93 152.40 150.93 149.50 148.12 146.78 145.49 144.22 142.99 141.80 140.63 139.49 138.37 137.27 136.20 135.13 134.08 133.05 132.01 130.99 129.96 128.94 127.92 126.88 125.83 124.73 123.60 122.43 121.23 120.01 118.79 117.56 116.34 115.13
343.24 335.55 327.70 319.72 311.67 303.58 295.49 287.45 279.45 271.45 263.50 255.63 247.85 240.21 232.73 225.45 218.52 212.14 206.34 201.09 196.40 192.25 188.64 185.54 182.85 180.31 177.86 175.50 173.22 171.01 168.88 166.83 164.85 162.93 161.08 159.29 157.56 155.89 154.28 152.71 151.20 149.73 148.31 146.93 145.58 144.28 143.01 141.76 140.55 139.36 138.20 137.06 135.93 134.82 133.72 132.64 131.56 130.48 129.41 128.33 127.25 126.17 125.07 123.93 122.76 121.56 120.34 119.12 117.89 116.67 115.46
340.42 332.96 325.34 317.59 309.75 301.87 293.99 286.15 278.38 270.69 263.04 255.45 247.97 240.62 233.42 226.42 219.77 213.68 208.16 203.20 198.81 194.96 191.64 188.74 186.00 183.35 180.79 178.32 175.93 173.62 171.39 169.23 167.15 165.13 163.19 161.31 159.49 157.73 156.03 154.38 152.79 151.24 149.74 148.28 146.87 145.49 144.15 142.84 141.56 140.31 139.09 137.89 136.70 135.54 134.39 133.25 132.13 131.00 129.89 128.77 127.65 126.53 125.41 124.26 123.09 121.89 120.67 119.45 118.22 117.00 115.79
337.57 330.36 322.98 315.46 307.85 300.19 292.52 284.89 277.34 269.89 262.55 255.28 248.11 241.06 234.16 227.46 221.11 215.31 210.10 205.45 201.37 197.83 194.71 191.77 188.92 186.17 183.50 180.93 178.44 176.03 173.70 171.45 169.28 167.17 165.14 163.17 161.27 159.43 157.65 155.93 154.26 152.64 151.07 149.54 148.06 146.62 145.21 143.84 142.51 141.20 139.93 138.67 137.44 136.23 135.03 133.85 132.68 131.52 130.37 129.22 128.07 126.92 125.76 124.60 123.43 122.23 121.01 119.78 118.55 117.33 116.13
334.72 327.77 320.63 313.36 305.99 298.56 291.12 283.71 276.37 269.14 262.06 255.11 248.26 241.53 234.96 228.57 222.53 217.05 212.16 207.84 204.08 200.75 197.60 194.55 191.60 188.75 185.99 183.32 180.73 178.23 175.82 173.48 171.22 169.03 166.92 164.87 162.90 160.98 159.13 157.33 155.59 153.91 152.27 150.69 149.14 147.64 146.19 144.76 143.38 142.02 140.70 139.40 138.13 136.87 135.64 134.42 133.22 132.03 130.84 129.66 128.49 127.32 126.14 124.96 123.77 122.57 121.35 120.12 118.89 117.67 116.47
331.88 325.19 318.32 311.31 304.19 297.00 289.80 282.62 275.50 268.49 261.63 254.95 248.44 242.05 235.81 229.76 224.05 218.91 214.35 210.37 206.83 203.47 200.23 197.08 194.03 191.09 188.23 185.47 182.80 180.22 177.72 175.30 172.96 170.70 168.51 166.39 164.35 162.36 160.44 158.59 156.78 155.04 153.35 151.70 150.11 148.56 147.05 145.58 144.15 142.76 141.39 140.05 138.74 137.46 136.19 134.95 133.71 132.50 131.29 130.09 128.90 127.71 126.51 125.32 124.12 122.91 121.69 120.47 119.24 118.02 116.81
329.06 322.67 316.07 309.32 302.46 295.54 288.58 281.64 274.76 267.98 261.34 254.89 248.65 242.61 236.73 231.03 225.66 220.87 216.67 212.92 209.36 205.91 202.57 199.33 196.20 193.16 190.22 187.38 184.63 181.97 179.39 176.90 174.49 172.16 169.90 167.72 165.61 163.56 161.59 159.67 157.81 156.02 154.27 152.58 150.94 149.35 147.80 146.29 144.82 143.39 141.99 140.62 139.28 137.97 136.68 135.41 134.16 132.92 131.70 130.48 129.28 128.08 126.88 125.68 124.47 123.26 122.05 120.82 119.59 118.37 117.16
326.31 320.20 313.89 307.42 300.84 294.18 287.48 280.80 274.16 267.62 261.22 255.00 248.99 243.24 237.72 232.38 227.38 222.96 218.99 215.23 211.58 208.04 204.61 201.29 198.07 194.96 191.94 189.02 186.20 183.47 180.82 178.26 175.79 173.39 171.08 168.84 166.67 164.57 162.54 160.57 158.67 156.83 155.04 153.31 151.63 149.99 148.41 146.87 145.37 143.91 142.48 141.09 139.73 138.39 137.08 135.80 134.53 133.28 132.05 130.83 129.62 128.41 127.21 126.01 124.81 123.61 122.40 121.18 119.95 118.73 117.53
323.62 317.81 311.80 305.63 299.33 292.94 286.52 280.10 273.73 267.44 261.29 255.30 249.53 244.01 238.79 233.82 229.21 225.03 221.06 217.21 213.47 209.85 206.35 202.95 199.66 196.47 193.38 190.39 187.50 184.70 182.00 179.38 176.84 174.39 172.02 169.73 167.51 165.36 163.29 161.28 159.33 157.45 155.63 153.86 152.15 150.49 148.87 147.30 145.78 144.30 142.85 141.44 140.06 138.71 137.39 136.10 134.83 133.57 132.33 131.11 129.90 128.70 127.50 126.31 125.12 123.93 122.73 121.53 120.32 119.10 117.90
321.01 315.52 309.82 303.95 297.94 291.85 285.72 279.57 273.47 267.45 261.55 255.82 250.29 245.02 240.03 235.37 231.01 226.83 222.78 218.85 215.04 211.34 207.76 204.29 200.93 197.68 194.53 191.48 188.53 185.67 182.91 180.23 177.65 175.15 172.73 170.39 168.13 165.94 163.83 161.78 159.80 157.89 156.03 154.24 152.50 150.81 149.17 147.59 146.04 144.55 143.09 141.66 140.28 138.92 137.60 136.30 135.02 133.77 132.54 131.32 130.12 128.93 127.74 126.57 125.39 124.22 123.04 121.86 120.67 119.47 118.27
318.21 313.07 307.71 302.17 296.50 290.73 284.91 279.08 273.28 267.56 261.95 256.51 251.26 246.26 241.54 237.10 232.81 228.56 224.43 220.42 216.53 212.76 209.11 205.57 202.15 198.83 195.61 192.50 189.49 186.58 183.76 181.03 178.40 175.85 173.38 171.00 168.70 166.47 164.32 162.23 160.22 158.27 156.39 154.57 152.80 151.09 149.44 147.83 146.27 144.76 143.29 141.85 140.46 139.10 137.77 136.47 135.20 133.95 132.72 131.51 130.31 129.13 127.96 126.80 125.64 124.49 123.33 122.18 121.01 119.85 118.67
314.85 310.13 305.17 300.04 294.76 289.38 283.94 278.48 273.06 267.69 262.44 257.34 252.44 247.77 243.32 239.03 234.85 230.63 226.42 222.33 218.35 214.51 210.77 207.16 203.66 200.26 196.98 193.80 190.72 187.75 184.87 182.08 179.39 176.78 174.27 171.83 169.48 167.21 165.01 162.88 160.83 158.85 156.93 155.07 153.27 151.53 149.85 148.22 146.63 145.10 143.61 142.16 140.75 139.37 138.03 136.73 135.45 134.19 132.96 131.75 130.56 129.38 128.22 127.06 125.92 124.77 123.63 122.49 121.35 120.22 119.09
311.01 306.77 302.29 297.62 292.81 287.88 282.89 277.88 272.89 267.95 263.13 258.44 253.95 249.60 245.32 241.16 237.10 232.97 228.78 224.60 220.54 216.61 212.79 209.09 205.50 202.03 198.67 195.41 192.26 189.21 186.27 183.41 180.65 177.99 175.41 172.92 170.51 168.18 165.93 163.75 161.65 159.62 157.66 155.76 153.92 152.14 150.42 148.76 147.15 145.58 144.06 142.59 141.16 139.76 138.40 137.08 135.78 134.52 133.28 132.06 130.86 129.68 128.51 127.36 126.22 125.08 123.95 122.82 121.70 120.60 119.52
306.82 303.13 299.19 295.06 290.77 286.37 281.89 277.39 272.90 268.47 264.13 259.93 255.81 251.66 247.51 243.48 239.53 235.51 231.41 227.24 223.09 219.06 215.15 211.36 207.68 204.12 200.68 197.34 194.10 190.98 187.95 185.02 182.19 179.45 176.81 174.25 171.77 169.38 167.07 164.84 162.68 160.60 158.58 156.63 154.75 152.93 151.16 149.46 147.80 146.20 144.65 143.14 141.68 140.26 138.87 137.52 136.21 134.92 133.66 132.43 131.22 130.03 128.85 127.69 126.54 125.40 124.27 123.15 122.05 120.99 119.95
302.40 299.33 296.00 292.47 288.78 284.97 281.08 277.15 273.23 269.36 265.57 261.81 257.90 253.90 249.89 245.98 242.14 238.23 234.23 230.14 225.99 221.87 217.86 213.97 210.19 206.54 203.00 199.57 196.25 193.03 189.92 186.91 184.00 181.18 178.46 175.82 173.28 170.82 168.44 166.14 163.92 161.77 159.70 157.69 155.75 153.88 152.06 150.31 148.61 146.96 145.37 143.82 142.32 140.86 139.44 138.06 136.72 135.40 134.12 132.86 131.63 130.42 129.23 128.05 126.89 125.74 124.60 123.49 122.41 121.38 120.39
297.89 295.49 292.84 289.98 286.96 283.80 280.56 277.28 274.00 270.75 267.46 263.92 260.18 256.31 252.44 248.65 244.93 241.12 237.21 233.22 229.15 225.02 220.91 216.91 213.03 209.27 205.63 202.10 198.68 195.37 192.17 189.07 186.07 183.16 180.36 177.64 175.02 172.48 170.02 167.65 165.36 163.14 161.00 158.93 156.93 154.99 153.12 151.31 149.56 147.86 146.21 144.62 143.07 141.57 140.11 138.69 137.30 135.95 134.64 133.35 132.09 130.85 129.63 128.44 127.25 126.09 124.94 123.84 122.78 121.78 120.83
293.40 291.75 289.85 287.73 285.43 283.00 280.48 277.91 275.32 272.62 269.59 266.22 262.62 258.90 255.16 251.49 247.88 244.17 240.37 236.46 232.48 228.41 224.28 220.18 216.19 212.32 208.57 204.94 201.41 198.00 194.70 191.50 188.40 185.41 182.51 179.70 176.99 174.36 171.83 169.37 167.00 164.71 162.49 160.35 158.28 156.27 154.33 152.46 150.64 148.88 147.18 145.53 143.93 142.37 140.87 139.40 137.97 136.58 135.22 133.89 132.59 131.32 130.07 128.84 127.63 126.44 125.29 124.19 123.15 122.18 121.27
289.06 288.23 287.14 285.82 284.32 282.69 280.95 279.15 277.17 274.75 271.88 268.68 265.24 261.66 258.04 254.49 250.99 247.39 243.67 239.86 235.96 231.97 227.90 223.78 219.68 215.69 211.82 208.07 204.44 200.91 197.50 194.20 191.00 187.90 184.90 182.00 179.19 176.47 173.84 171.30 168.84 166.46 164.17 161.94 159.79 157.71 155.70 153.75 151.86 150.04 148.27 146.56 144.89 143.28 141.71 140.19 138.71 137.27 135.86 134.49 133.14 131.83 130.54 129.27 128.02 126.81 125.65 124.56 123.53 122.59 121.72
285.00 285.06 284.85 284.40 283.77 282.99 282.10 280.96 279.27 277.03 274.34 271.30 268.01 264.57 261.08 257.65 254.25 250.75 247.13 243.41 239.58 235.67 231.67 227.60 223.47 219.37 215.37 211.50 207.75 204.11 200.58 197.16 193.85 190.64 187.53 184.53 181.62 178.80 176.07 173.43 170.88 168.41 166.02 163.71 161.47 159.31 157.21 155.18 153.22 151.32 149.48 147.69 145.96 144.28 142.65 141.06 139.52 138.02 136.56 135.13 133.74 132.37 131.02 129.70 128.42 127.19 126.02 124.92 123.91 123.00 122.17
281.35 282.36 283.09 283.59 283.89 284.03 283.85 283.03 281.53 279.48 276.96 274.07 270.93 267.63 264.27 260.95 257.66 254.26 250.74 247.10 243.35 239.51 235.58 231.56 227.48 223.34 219.23 215.23 211.34 207.58 203.93 200.39 196.96 193.63 190.41 187.29 184.27 181.34 178.51 175.76 173.11 170.54 168.05 165.64 163.31 161.06 158.87 156.76 154.71 152.72 150.80 148.94 147.13 145.37 143.67 142.01 140.40 138.84 137.31 135.82 134.36 132.93 131.52 130.15 128.83 127.58 126.39 125.30 124.30 123.42 122.62
278.23 280.26 282.01 283.51 284.80 285.71 285.87 285.25 283.95 282.07 279.72 276.99 274.00 270.83 267.60 264.40 261.21 257.91 254.48 250.92 247.25 243.48 239.61 235.66 231.63 227.52 223.37 219.24 215.22 211.32 207.54 203.87 200.31 196.86 193.52 190.28 187.14 184.10 181.15 178.29 175.53 172.85 170.26 167.75 165.31 162.96 160.68 158.47 156.32 154.25 152.24 150.29 148.39 146.56 144.77 143.04 141.35 139.71 138.11 136.55 135.01 133.50 132.03 130.61 129.25 127.97 126.78 125.68 124.69 123.83 123.07
275.77 278.89 281.72 284.28 286.40 287.66 288.03 287.62 286.51 284.81 282.63 280.06 277.21 274.18 271.07 267.98 264.90 261.69 258.35 254.87 251.28 247.58 243.78 239.88 235.90 231.84 227.71 223.53 219.38 215.34 211.42 207.62 203.92 200.34 196.87 193.50 190.23 187.06 183.99 181.02 178.14 175.34 172.64 170.01 167.47 165.01 162.62 160.31 158.07 155.89 153.79 151.74 149.76 147.83 145.96 144.14 142.37 140.64 138.96 137.31 135.68 134.09 132.55 131.08 129.68 128.37 127.16 126.06 125.09 124.25 123.52
274.10 278.37 282.33 285.78 288.27 289.76 290.34 290.12 289.20 287.68 285.67 283.25 280.55 277.65 274.66 271.69 268.71 265.60 262.34 258.95 255.44 251.80 248.06 244.22 240.28 236.27 232.17 228.02 223.81 219.63 215.56 211.61 207.78 204.06 200.44 196.94 193.54 190.24 187.04 183.94 180.93 178.01 175.18 172.44 169.78 167.21 164.71 162.28 159.93 157.65 155.44 153.29 151.21 149.18 147.22 145.30 143.44 141.62 139.84 138.08 136.36 134.69 133.09 131.56 130.12 128.78 127.55 126.45 125.49 124.67 123.98
273.34 278.82 283.72 287.56 290.29 291.99 292.79 292.77 292.03 290.69 288.84 286.58 284.01 281.25 278.38 275.52 272.64 269.62 266.45 263.14 259.70 256.14 252.45 248.67 244.78 240.80 236.74 232.61 228.42 224.18 219.97 215.86 211.88 208.01 204.25 200.60 197.06 193.62 190.28 187.04 183.90 180.85 177.90 175.03 172.25 169.55 166.93 164.39 161.92 159.52 157.20 154.94 152.75 150.62 148.55 146.53 144.57 142.63 140.73 138.86 137.05 135.30 133.63 132.05 130.56 129.20 127.95 126.84 125.89 125.09 124.43
273.60 280.07 285.39 289.48 292.43 294.36 295.36 295.53 294.99 293.82 292.13 290.02 287.60 284.97 282.22 279.46 276.68 273.76 270.68 267.45 264.08 260.58 256.95 253.22 249.38 245.44 241.41 237.31 233.13 228.89 224.61 220.36 216.22 212.19 208.28 204.48 200.79 197.20 193.72 190.34 187.06 183.87 180.78 177.77 174.86 172.03 169.28 166.61 164.02 161.51 159.06 156.69 154.38 152.14 149.95 147.82 145.73 143.66 141.63 139.66 137.75 135.92 134.18 132.54 131.02 129.61 128.35 127.24 126.29 125.51 124.87
274.71 281.62 287.19 291.52 294.70 296.85 298.05 298.42 298.06 297.06 295.54 293.58 291.30 288.80 286.17 283.52 280.84 278.00 275.01 271.85 268.56 265.12 261.55 257.87 254.07 250.17 246.17 242.09 237.94 233.71 229.42 225.09 220.80 216.61 212.53 208.57 204.73 200.98 197.35 193.82 190.39 187.05 183.82 180.67 177.62 174.65 171.76 168.96 166.24 163.60 161.02 158.52 156.09 153.73 151.42 149.15 146.90 144.70 142.55 140.47 138.47 136.56 134.74 133.05 131.47 130.04 128.76 127.63 126.69 125.93 125.32
276.12 283.30 289.11 293.68 297.09 299.45 300.86 301.42 301.24 300.42 299.05 297.25 295.11 292.73 290.22 287.68 285.09 282.35 279.43 276.36 273.13 269.75 266.24 262.61 258.85 254.99 251.02 246.97 242.82 238.61 234.32 229.98 225.60 221.25 217.01 212.88 208.87 204.97 201.17 197.48 193.89 190.41 187.02 183.72 180.52 177.40 174.38 171.43 168.57 165.79 163.08 160.45 157.89 155.39 152.92 150.49 148.10 145.76 143.49 141.30 139.20 137.20 135.31 133.56 131.94 130.47 129.16 128.03 127.09 126.34 125.76
277.65 285.09 291.15 295.95 299.59 302.16 303.78 304.53 304.53 303.88 302.67 301.02 299.01 296.76 294.37 291.93 289.44 286.78 283.95 280.95 277.79 274.48 271.02 267.43 263.72 259.89 255.95 251.92 247.79 243.58 239.30 234.95 230.55 226.11 221.70 217.40 213.21 209.14 205.18 201.32 197.57 193.92 190.37 186.92 183.56 180.29 177.11 174.02 171.01 168.08 165.23 162.46 159.75 157.08 154.44 151.85 149.31 146.83 144.44 142.14 139.94 137.85 135.89 134.07 132.41 130.90 129.57 128.43 127.49 126.76 126.20
279.30 286.99 293.30 298.33 302.19 304.98 306.80 307.74 307.92 307.44 306.39 304.88 303.01 300.89 298.61 296.27 293.88 291.31 288.55 285.63 282.53 279.28 275.88 272.34 268.66 264.87 260.96 256.94 252.83 248.62 244.34 239.99 235.57 231.10 226.60 222.12 217.76 213.51 209.37 205.34 201.41 197.59 193.88 190.26 186.74 183.31 179.97 176.72 173.56 170.48 167.48 164.55 161.66 158.80 155.99 153.23 150.53 147.92 145.40 142.99 140.68 138.51 136.48 134.60 132.88 131.34 129.98 128.83 127.89 127.17 126.64
281.04 288.99 295.54 300.81 304.89 307.89 309.91 311.05 311.41 311.09 310.20 308.83 307.10 305.10 302.93 300.70 298.39 295.91 293.24 290.38 287.35 284.16 280.81 277.31 273.68 269.91 266.03 262.03 257.93 253.73 249.45 245.09 240.66 236.16 231.62 227.04 222.50 218.06 213.74 209.53 205.42 201.43 197.54 193.74 190.05 186.45 182.95 179.54 176.21 172.97 169.80 166.68 163.58 160.54 157.54 154.62 151.78 149.02 146.38 143.85 141.44 139.18 137.07 135.12 133.35 131.77 130.39 129.23 128.28 127.58 127.07
282.89 291.08 297.88 303.38 307.69 310.90 313.11 314.44 314.97 314.82 314.09 312.87 311.27 309.39 307.33 305.20 302.99 300.59 297.99 295.20 292.24 289.10 285.80 282.35 278.75 275.02 271.16 267.18 263.09 258.89 254.61 250.24 245.79 241.28 236.70 232.08 227.42 222.80 218.29 213.89 209.60 205.42 201.34 197.37 193.50 189.72 186.04 182.46 178.96 175.54 172.17 168.83 165.53 162.29 159.12 156.03 153.03 150.14 147.36 144.72 142.21 139.86 137.67 135.66 133.83 132.21 130.81 129.62 128.68 127.98 127.50
284.82 293.27 300.31 306.04 310.57 313.98 316.40 317.91 318.62 318.64 318.05 316.98 315.51 313.75 311.80 309.77 307.65 305.33 302.81 300.09 297.19 294.11 290.86 287.45 283.89 280.18 276.34 272.38 268.30 264.11 259.82 255.43 250.97 246.43 241.83 237.17 232.46 227.72 223.02 218.42 213.93 209.56 205.29 201.13 197.07 193.11 189.25 185.49 181.80 178.16 174.56 171.00 167.50 164.07 160.71 157.46 154.30 151.27 148.36 145.60 142.99 140.54 138.27 136.19 134.32 132.65 131.22 130.02 129.07 128.38 127.91
