data_processed/recharge/precip/Precip_2013_04.asc
ncols        168
nrows        136
xllcorner    455000
yllcorner    2107000
cellsize     500
NODATA_value     -99999
[rows 0 to 35 of 136, columns 0 to 80 of 168]
15.65 15.43 15.16 14.85 14.52 14.17 13.81 13.43 13.05 12.67 12.29 11.92 11.55 11.20 10.87 10.56 10.27 10.01 9.76 9.53 9.31 9.12 8.98 8.87 8.79 8.72 8.67 8.63 8.61 8.63 8.67 8.74 8.82 8.93 9.06 9.19 9.33 9.48 9.63 9.78 9.92 10.06 10.18 10.27 10.31 10.29 10.21 10.10 9.97 9.93 10.03 10.27 10.64 11.12 11.65 12.17 12.67 13.15 13.60 14.02 14.40 14.73 15.01 15.23 15.39 15.47 15.48 15.41 15.26 15.08 14.93 14.86 14.87 14.96 15.13 15.32 15.51 15.69 15.87 16.04 16.20
15.60 15.35 15.07 14.75 14.42 14.06 13.69 13.31 12.92 12.53 12.14 11.75 11.37 11.01 10.65 10.32 10.01 9.73 9.48 9.25 9.04 8.85 8.70 8.59 8.50 8.43 8.37 8.34 8.34 8.37 8.43 8.51 8.61 8.74 8.87 9.02 9.18 9.34 9.50 9.65 9.80 9.94 10.07 10.18 10.27 10.29 10.26 10.17 10.06 10.05 10.20 10.49 10.92 11.42 11.92 12.43 12.93 13.42 13.90 14.35 14.77 15.16 15.50 15.80 16.05 16.24 16.36 16.41 16.39 16.29 16.16 16.09 16.09 16.18 16.34 16.51 16.68 16.85 17.02 17.17 17.33
15.55 15.30 15.01 14.70 14.36 14.00 13.63 13.24 12.85 12.45 12.04 11.65 11.25 10.87 10.50 10.16 9.83 9.53 9.26 9.02 8.81 8.63 8.47 8.35 8.26 8.18 8.13 8.11 8.12 8.17 8.24 8.34 8.46 8.60 8.75 8.91 9.07 9.24 9.41 9.58 9.73 9.88 10.02 10.13 10.23 10.29 10.30 10.24 10.16 10.18 10.36 10.71 11.14 11.60 12.08 12.56 13.06 13.55 14.04 14.52 14.98 15.41 15.82 16.19 16.52 16.80 17.03 17.20 17.30 17.34 17.30 17.24 17.24 17.33 17.48 17.64 17.81 17.97 18.12 18.27 18.42
15.52 15.27 14.99 14.68 14.34 13.98 13.60 13.21 12.81 12.40 11.99 11.59 11.18 10.79 10.41 10.05 9.71 9.39 9.10 8.85 8.63 8.44 8.28 8.16 8.06 7.98 7.94 7.94 7.97 8.03 8.12 8.23 8.36 8.51 8.67 8.84 9.02 9.19 9.37 9.54 9.71 9.86 10.00 10.12 10.22 10.29 10.33 10.31 10.25 10.30 10.52 10.85 11.23 11.64 12.08 12.55 13.03 13.52 14.01 14.51 15.00 15.48 15.94 16.37 16.78 17.15 17.47 17.75 17.98 18.14 18.24 18.28 18.30 18.38 18.53 18.70 18.85 19.01 19.16 19.30 19.44
15.50 15.26 14.98 14.67 14.34 13.98 13.60 13.21 12.81 12.40 11.98 11.57 11.16 10.75 10.36 9.99 9.63 9.30 9.00 8.73 8.49 8.29 8.13 8.00 7.89 7.83 7.81 7.82 7.87 7.95 8.05 8.17 8.31 8.47 8.64 8.82 9.01 9.19 9.38 9.55 9.72 9.88 10.02 10.15 10.25 10.32 10.36 10.37 10.34 10.41 10.60 10.86 11.17 11.53 11.93 12.36 12.82 13.30 13.80 14.31 14.82 15.33 15.84 16.33 16.81 17.26 17.67 18.06 18.40 18.69 18.92 19.10 19.22 19.32 19.48 19.64 19.80 19.95 20.10 20.23 20.35
15.48 15.25 14.98 14.68 14.35 13.99 13.62 13.23 12.82 12.41 11.99 11.57 11.16 10.75 10.35 9.97 9.60 9.26 8.94 8.65 8.40 8.18 8.00 7.87 7.78 7.74 7.73 7.76 7.82 7.91 8.02 8.16 8.31 8.48 8.66 8.85 9.04 9.23 9.42 9.60 9.78 9.94 10.08 10.20 10.30 10.38 10.42 10.43 10.41 10.44 10.54 10.72 10.96 11.25 11.60 11.99 12.42 12.89 13.38 13.89 14.43 14.97 15.51 16.06 16.59 17.11 17.62 18.10 18.54 18.95 19.32 19.64 19.90 20.11 20.28 20.45 20.61 20.76 20.90 21.02 21.13
15.46 15.24 14.98 14.68 14.36 14.01 13.64 13.25 12.85 12.44 12.02 11.60 11.18 10.76 10.36 9.96 9.59 9.24 8.91 8.60 8.34 8.10 7.91 7.78 7.70 7.67 7.68 7.73 7.80 7.90 8.03 8.17 8.34 8.51 8.70 8.90 9.10 9.29 9.49 9.68 9.85 10.02 10.16 10.29 10.39 10.46 10.50 10.51 10.48 10.43 10.43 10.51 10.66 10.89 11.18 11.52 11.91 12.35 12.83 13.34 13.88 14.44 15.02 15.60 16.19 16.78 17.36 17.92 18.47 18.98 19.47 19.92 20.33 20.69 20.97 21.16 21.31 21.46 21.59 21.70 21.79
15.43 15.22 14.97 14.69 14.37 14.03 13.67 13.28 12.88 12.47 12.05 11.63 11.21 10.79 10.38 9.98 9.60 9.23 8.89 8.58 8.30 8.05 7.85 7.70 7.63 7.61 7.63 7.69 7.78 7.90 8.04 8.19 8.37 8.56 8.75 8.96 9.16 9.37 9.57 9.76 9.95 10.11 10.26 10.39 10.49 10.57 10.61 10.61 10.56 10.48 10.40 10.38 10.44 10.58 10.79 11.07 11.42 11.82 12.27 12.76 13.30 13.86 14.46 15.07 15.70 16.34 16.98 17.62 18.24 18.86 19.45 20.02 20.56 21.08 21.52 21.80 21.97 22.10 22.22 22.31 22.38
15.40 15.20 14.96 14.69 14.39 14.05 13.69 13.31 12.92 12.51 12.09 11.67 11.24 10.82 10.41 10.00 9.61 9.24 8.89 8.57 8.28 8.02 7.81 7.65 7.56 7.55 7.59 7.66 7.77 7.90 8.05 8.22 8.41 8.61 8.82 9.03 9.24 9.46 9.67 9.87 10.05 10.23 10.38 10.51 10.61 10.69 10.73 10.71 10.66 10.57 10.46 10.35 10.31 10.35 10.48 10.68 10.96 11.31 11.72 12.19 12.70 13.26 13.86 14.48 15.14 15.81 16.50 17.20 17.90 18.60 19.29 19.97 20.64 21.30 21.89 22.32 22.57 22.70 22.80 22.86 22.90
15.37 15.18 14.95 14.69 14.39 14.07 13.72 13.35 12.95 12.55 12.13 11.71 11.29 10.87 10.45 10.04 9.65 9.27 8.91 8.58 8.28 8.01 7.79 7.63 7.53 7.50 7.54 7.63 7.75 7.90 8.07 8.25 8.45 8.67 8.89 9.11 9.34 9.56 9.78 9.98 10.18 10.36 10.51 10.65 10.76 10.83 10.85 10.83 10.76 10.66 10.54 10.41 10.28 10.21 10.24 10.36 10.56 10.84 11.20 11.62 12.10 12.64 13.23 13.86 14.53 15.23 15.95 16.70 17.46 18.22 19.00 19.79 20.58 21.37 22.09 22.65 23.03 23.23 23.31 23.35 23.36
15.34 15.15 14.93 14.68 14.40 14.08 13.74 13.38 12.99 12.59 12.18 11.76 11.34 10.92 10.50 10.08 9.69 9.30 8.94 8.60 8.30 8.03 7.80 7.62 7.52 7.49 7.52 7.61 7.74 7.91 8.09 8.29 8.51 8.73 8.96 9.20 9.44 9.67 9.90 10.11 10.32 10.50 10.67 10.81 10.91 10.97 10.99 10.96 10.88 10.77 10.64 10.49 10.33 10.18 10.10 10.12 10.23 10.43 10.72 11.09 11.52 12.03 12.59 13.21 13.88 14.59 15.34 16.12 16.92 17.75 18.61 19.49 20.39 21.29 22.13 22.81 23.30 23.61 23.75 23.77 23.74
15.31 15.12 14.91 14.67 14.40 14.09 13.76 13.41 13.03 12.63 12.23 11.81 11.39 10.97 10.55 10.14 9.73 9.35 8.98 8.64 8.33 8.06 7.83 7.65 7.54 7.49 7.52 7.60 7.74 7.91 8.12 8.33 8.57 8.81 9.05 9.30 9.55 9.80 10.03 10.26 10.47 10.66 10.83 10.97 11.07 11.13 11.14 11.10 11.01 10.88 10.74 10.59 10.42 10.24 10.07 9.97 9.98 10.09 10.30 10.59 10.97 11.43 11.96 12.55 13.21 13.92 14.67 15.47 16.31 17.20 18.14 19.10 20.09 21.09 22.03 22.81 23.40 23.81 24.04 24.10 24.04
15.29 15.10 14.89 14.65 14.39 14.10 13.78 13.43 13.06 12.67 12.27 11.86 11.44 11.02 10.61 10.19 9.79 9.40 9.03 8.69 8.38 8.11 7.87 7.69 7.58 7.53 7.54 7.62 7.75 7.93 8.15 8.38 8.63 8.89 9.15 9.41 9.68 9.93 10.18 10.42 10.64 10.84 11.01 11.15 11.24 11.29 11.29 11.24 11.14 11.01 10.85 10.69 10.51 10.32 10.12 9.94 9.83 9.84 9.95 10.16 10.47 10.87 11.34 11.90 12.53 13.22 13.97 14.79 15.67 16.61 17.60 18.63 19.69 20.77 21.80 22.66 23.33 23.83 24.14 24.28 24.24
15.27 15.08 14.87 14.63 14.37 14.09 13.78 13.45 13.09 12.71 12.32 11.91 11.50 11.08 10.66 10.25 9.85 9.46 9.10 8.76 8.45 8.18 7.94 7.76 7.64 7.59 7.60 7.67 7.79 7.97 8.19 8.44 8.70 8.98 9.26 9.54 9.81 10.08 10.34 10.59 10.83 11.03 11.20 11.33 11.42 11.46 11.45 11.39 11.28 11.13 10.97 10.80 10.61 10.41 10.20 9.99 9.80 9.68 9.69 9.80 10.03 10.35 10.76 11.27 11.86 12.52 13.26 14.09 15.00 15.98 17.01 18.09 19.21 20.35 21.45 22.38 23.12 23.68 24.06 24.26 24.29
15.25 15.06 14.85 14.61 14.35 14.08 13.78 13.45 13.11 12.74 12.35 11.95 11.55 11.13 10.72 10.31 9.92 9.54 9.18 8.84 8.53 8.26 8.02 7.84 7.72 7.67 7.68 7.74 7.86 8.03 8.25 8.50 8.79 9.08 9.37 9.67 9.96 10.25 10.52 10.78 11.02 11.22 11.39 11.51 11.59 11.63 11.61 11.54 11.42 11.27 11.10 10.91 10.71 10.50 10.29 10.07 9.85 9.65 9.53 9.54 9.66 9.89 10.23 10.67 11.21 11.84 12.57 13.40 14.32 15.32 16.38 17.50 18.66 19.85 21.00 21.99 22.78 23.39 23.82 24.07 24.14
15.23 15.04 14.83 14.59 14.34 14.06 13.77 13.45 13.12 12.76 12.38 11.99 11.59 11.19 10.78 10.38 9.99 9.62 9.26 8.93 8.63 8.36 8.13 7.94 7.83 7.77 7.78 7.85 7.96 8.13 8.34 8.59 8.88 9.18 9.50 9.81 10.12 10.42 10.71 10.98 11.21 11.41 11.58 11.70 11.77 11.80 11.78 11.70 11.57 11.41 11.22 11.03 10.82 10.61 10.38 10.15 9.92 9.70 9.49 9.37 9.38 9.52 9.77 10.13 10.61 11.20 11.92 12.74 13.66 14.66 15.73 16.86 18.05 19.28 20.47 21.49 22.32 22.97 23.43 23.71 23.81
15.21 15.02 14.81 14.57 14.32 14.04 13.75 13.44 13.11 12.77 12.40 12.02 11.63 11.24 10.84 10.45 10.07 9.70 9.36 9.03 8.73 8.47 8.24 8.06 7.95 7.90 7.91 7.97 8.09 8.25 8.46 8.71 8.99 9.30 9.63 9.96 10.29 10.61 10.91 11.17 11.41 11.61 11.77 11.89 11.96 11.98 11.95 11.86 11.72 11.55 11.35 11.15 10.93 10.71 10.48 10.24 10.01 9.77 9.53 9.33 9.21 9.23 9.38 9.66 10.08 10.64 11.32 12.11 13.01 14.00 15.07 16.20 17.40 18.64 19.85 20.90 21.75 22.42 22.90 23.20 23.32
15.18 14.99 14.78 14.55 14.29 14.02 13.73 13.42 13.10 12.77 12.41 12.04 11.67 11.28 10.90 10.52 10.15 9.79 9.45 9.14 8.85 8.59 8.37 8.20 8.09 8.04 8.05 8.12 8.24 8.40 8.61 8.85 9.13 9.45 9.78 10.13 10.47 10.80 11.10 11.37 11.60 11.80 11.96 12.07 12.14 12.15 12.12 12.02 11.87 11.69 11.49 11.27 11.05 10.82 10.58 10.33 10.09 9.85 9.61 9.37 9.16 9.06 9.10 9.30 9.66 10.15 10.78 11.53 12.40 13.36 14.40 15.53 16.72 17.97 19.18 20.23 21.09 21.76 22.25 22.55 22.67
15.15 14.96 14.75 14.52 14.27 13.99 13.71 13.40 13.08 12.75 12.41 12.06 11.69 11.32 10.96 10.59 10.23 9.89 9.56 9.25 8.97 8.73 8.51 8.35 8.25 8.20 8.22 8.29 8.41 8.58 8.79 9.03 9.31 9.62 9.95 10.31 10.66 10.99 11.29 11.56 11.80 11.99 12.15 12.26 12.32 12.33 12.29 12.18 12.02 11.83 11.62 11.40 11.17 10.92 10.68 10.43 10.18 9.93 9.68 9.44 9.21 9.01 8.96 9.07 9.34 9.77 10.33 11.02 11.83 12.75 13.76 14.86 16.03 17.26 18.47 19.51 20.36 21.02 21.49 21.77 21.88
15.11 14.92 14.71 14.48 14.23 13.96 13.68 13.37 13.06 12.73 12.40 12.06 11.72 11.36 11.01 10.66 10.31 9.98 9.67 9.38 9.11 8.87 8.67 8.51 8.42 8.38 8.41 8.48 8.61 8.78 8.99 9.24 9.52 9.83 10.16 10.50 10.85 11.18 11.48 11.75 11.99 12.18 12.34 12.44 12.50 12.50 12.45 12.34 12.17 11.97 11.75 11.52 11.28 11.03 10.78 10.52 10.26 10.01 9.75 9.51 9.28 9.09 8.96 8.98 9.15 9.49 9.97 10.59 11.33 12.19 13.15 14.20 15.33 16.54 17.72 18.74 19.56 20.19 20.63 20.89 20.96
15.06 14.87 14.67 14.44 14.19 13.92 13.64 13.34 13.03 12.71 12.39 12.06 11.73 11.39 11.06 10.72 10.40 10.08 9.78 9.50 9.25 9.02 8.83 8.69 8.60 8.58 8.61 8.70 8.83 9.00 9.22 9.47 9.75 10.06 10.39 10.71 11.04 11.36 11.67 11.94 12.18 12.37 12.52 12.62 12.68 12.68 12.62 12.50 12.32 12.11 11.89 11.65 11.40 11.14 10.88 10.62 10.35 10.09 9.83 9.59 9.38 9.22 9.10 9.04 9.10 9.33 9.72 10.25 10.91 11.69 12.58 13.57 14.65 15.81 16.96 17.93 18.71 19.30 19.70 19.91 19.93
15.00 14.82 14.61 14.38 14.14 13.87 13.59 13.30 12.99 12.68 12.37 12.05 11.73 11.42 11.10 10.78 10.48 10.18 9.89 9.63 9.39 9.18 9.00 8.87 8.80 8.79 8.83 8.92 9.06 9.25 9.47 9.73 10.01 10.32 10.63 10.94 11.25 11.55 11.85 12.12 12.36 12.55 12.70 12.80 12.85 12.84 12.78 12.65 12.47 12.25 12.01 11.77 11.51 11.25 10.98 10.71 10.44 10.17 9.91 9.70 9.52 9.39 9.29 9.22 9.21 9.32 9.59 10.01 10.58 11.27 12.08 12.99 14.00 15.10 16.19 17.11 17.83 18.36 18.69 18.84 18.80
14.93 14.75 14.54 14.32 14.07 13.81 13.53 13.25 12.95 12.65 12.35 12.04 11.74 11.43 11.14 10.84 10.55 10.27 10.01 9.76 9.54 9.35 9.18 9.07 9.01 9.01 9.07 9.17 9.32 9.51 9.74 10.01 10.29 10.58 10.88 11.18 11.47 11.76 12.03 12.30 12.53 12.72 12.87 12.97 13.02 13.00 12.94 12.80 12.61 12.38 12.14 11.88 11.62 11.35 11.07 10.80 10.52 10.26 10.03 9.84 9.69 9.58 9.50 9.45 9.43 9.45 9.60 9.90 10.35 10.93 11.64 12.47 13.39 14.41 15.43 16.28 16.92 17.38 17.64 17.71 17.59
14.85 14.67 14.46 14.24 14.00 13.74 13.47 13.19 12.90 12.61 12.32 12.03 11.74 11.45 11.17 10.89 10.62 10.36 10.12 9.89 9.69 9.52 9.37 9.27 9.23 9.25 9.31 9.43 9.60 9.80 10.04 10.30 10.57 10.86 11.14 11.42 11.70 11.97 12.23 12.48 12.70 12.89 13.04 13.13 13.18 13.16 13.08 12.95 12.74 12.51 12.26 12.00 11.72 11.45 11.17 10.88 10.61 10.37 10.18 10.02 9.90 9.81 9.74 9.71 9.69 9.70 9.75 9.92 10.24 10.70 11.30 12.01 12.84 13.77 14.70 15.45 16.01 16.38 16.55 16.52 16.31
14.75 14.57 14.37 14.15 13.91 13.66 13.39 13.12 12.85 12.57 12.29 12.01 11.73 11.46 11.19 10.94 10.69 10.45 10.23 10.03 9.84 9.69 9.56 9.48 9.46 9.49 9.58 9.71 9.89 10.10 10.34 10.60 10.86 11.13 11.41 11.68 11.94 12.20 12.44 12.67 12.87 13.05 13.20 13.29 13.33 13.31 13.23 13.08 12.87 12.63 12.37 12.10 11.82 11.54 11.25 10.98 10.73 10.53 10.36 10.23 10.13 10.06 10.01 9.98 9.98 9.99 10.02 10.09 10.26 10.59 11.05 11.65 12.36 13.17 14.00 14.65 15.11 15.37 15.43 15.30 14.99
14.64 14.46 14.26 14.04 13.81 13.56 13.31 13.05 12.78 12.52 12.25 11.98 11.72 11.46 11.21 10.98 10.75 10.54 10.34 10.16 10.00 9.86 9.76 9.70 9.70 9.75 9.85 10.00 10.19 10.41 10.65 10.89 11.15 11.41 11.68 11.93 12.19 12.43 12.66 12.87 13.05 13.21 13.34 13.44 13.47 13.45 13.36 13.21 12.99 12.74 12.48 12.20 11.92 11.63 11.34 11.10 10.89 10.71 10.57 10.47 10.39 10.33 10.30 10.28 10.29 10.30 10.33 10.37 10.43 10.60 10.92 11.38 11.96 12.65 13.36 13.89 14.23 14.36 14.30 14.06 13.73
14.51 14.33 14.13 13.92 13.69 13.46 13.21 12.96 12.71 12.46 12.20 11.95 11.70 11.46 11.23 11.01 10.81 10.61 10.44 10.28 10.15 10.04 9.96 9.92 9.94 10.01 10.13 10.30 10.50 10.71 10.95 11.19 11.44 11.69 11.94 12.19 12.43 12.66 12.88 13.07 13.24 13.38 13.50 13.57 13.60 13.58 13.49 13.33 13.10 12.84 12.57 12.29 12.00 11.72 11.47 11.25 11.08 10.93 10.82 10.73 10.67 10.63 10.60 10.60 10.60 10.62 10.65 10.68 10.71 10.76 10.92 11.22 11.66 12.21 12.78 13.18 13.38 13.37 13.19 12.91 12.62
14.36 14.18 13.99 13.78 13.57 13.34 13.11 12.87 12.63 12.39 12.15 11.91 11.68 11.46 11.24 11.04 10.86 10.69 10.54 10.41 10.30 10.22 10.16 10.15 10.19 10.28 10.42 10.60 10.80 11.01 11.24 11.48 11.72 11.97 12.21 12.45 12.68 12.90 13.10 13.28 13.43 13.56 13.65 13.71 13.73 13.69 13.60 13.43 13.20 12.94 12.66 12.37 12.09 11.84 11.62 11.44 11.29 11.18 11.08 11.02 10.97 10.94 10.93 10.93 10.94 10.95 10.97 10.99 11.01 11.03 11.06 11.20 11.47 11.86 12.29 12.53 12.58 12.44 12.20 11.95 11.70
14.19 14.02 13.83 13.63 13.43 13.21 12.99 12.76 12.53 12.31 12.08 11.86 11.65 11.44 11.25 11.07 10.91 10.76 10.63 10.53 10.45 10.39 10.36 10.37 10.44 10.56 10.71 10.89 11.08 11.30 11.52 11.76 12.00 12.24 12.47 12.71 12.93 13.13 13.32 13.48 13.62 13.73 13.81 13.85 13.85 13.80 13.70 13.53 13.29 13.02 12.74 12.45 12.20 11.99 11.81 11.66 11.54 11.45 11.38 11.33 11.29 11.28 11.27 11.27 11.28 11.29 11.31 11.32 11.32 11.32 11.31 11.31 11.40 11.63 11.89 11.97 11.86 11.65 11.43 11.21 10.98
14.00 13.84 13.66 13.47 13.27 13.06 12.85 12.64 12.43 12.21 12.01 11.80 11.61 11.42 11.25 11.09 10.95 10.83 10.72 10.64 10.59 10.56 10.56 10.60 10.69 10.82 10.98 11.16 11.36 11.57 11.80 12.03 12.26 12.50 12.73 12.95 13.16 13.36 13.54 13.69 13.81 13.91 13.97 13.99 13.97 13.91 13.79 13.61 13.37 13.09 12.81 12.57 12.35 12.18 12.03 11.91 11.81 11.74 11.69 11.66 11.63 11.62 11.62 11.63 11.63 11.64 11.64 11.64 11.63 11.61 11.58 11.52 11.48 11.52 11.59 11.51 11.32 11.12 10.92 10.71 10.50
13.79 13.64 13.47 13.29 13.10 12.90 12.71 12.51 12.31 12.11 11.92 11.74 11.56 11.39 11.24 11.11 10.99 10.89 10.81 10.76 10.73 10.73 10.76 10.83 10.94 11.07 11.23 11.42 11.62 11.83 12.06 12.29 12.52 12.75 12.98 13.19 13.40 13.58 13.75 13.89 14.00 14.08 14.13 14.13 14.10 14.01 13.87 13.68 13.43 13.16 12.92 12.71 12.54 12.39 12.27 12.18 12.11 12.06 12.02 12.00 11.99 11.99 11.99 11.99 11.99 11.99 11.98 11.97 11.94 11.90 11.83 11.75 11.65 11.54 11.44 11.26 11.08 10.88 10.68 10.48 10.27
13.57 13.42 13.26 13.09 12.92 12.73 12.55 12.36 12.18 12.00 11.83 11.66 11.50 11.36 11.23 11.12 11.02 10.95 10.89 10.87 10.87 10.90 10.95 11.04 11.16 11.30 11.47 11.66 11.86 12.08 12.30 12.53 12.76 12.99 13.21 13.42 13.62 13.80 13.95 14.08 14.19 14.25 14.28 14.27 14.22 14.12 13.96 13.75 13.48 13.24 13.04 12.87 12.73 12.62 12.53 12.46 12.41 12.38 12.36 12.35 12.35 12.35 12.35 12.35 12.34 12.33 12.31 12.28 12.23 12.17 12.08 11.97 11.83 11.67 11.49 11.30 11.10 10.90 10.70 10.49 10.28
13.37 13.23 13.08 12.92 12.75 12.58 12.41 12.24 12.07 11.90 11.74 11.59 11.46 11.33 11.22 11.13 11.06 11.01 10.98 10.98 11.01 11.06 11.14 11.25 11.38 11.53 11.70 11.90 12.11 12.32 12.55 12.78 13.01 13.23 13.45 13.66 13.85 14.02 14.17 14.29 14.38 14.43 14.45 14.43 14.36 14.23 14.06 13.82 13.49 13.23 13.06 12.94 12.84 12.76 12.70 12.66 12.64 12.63 12.62 12.63 12.63 12.64 12.64 12.65 12.64 12.62 12.59 12.54 12.48 12.39 12.28 12.14 11.97 11.79 11.60 11.41 11.21 11.01 10.80 10.58 10.37
13.21 13.07 12.92 12.77 12.61 12.45 12.29 12.13 11.97 11.82 11.68 11.55 11.43 11.32 11.23 11.16 11.11 11.08 11.07 11.10 11.15 11.22 11.32 11.45 11.59 11.76 11.94 12.14 12.35 12.57 12.80 13.03 13.26 13.48 13.70 13.90 14.08 14.25 14.39 14.50 14.58 14.62 14.63 14.59 14.50 14.37 14.16 13.86 13.48 13.16 12.97 12.88 12.82 12.78 12.76 12.75 12.76 12.77 12.79 12.81 12.83 12.85 12.86 12.86 12.86 12.84 12.80 12.74 12.66 12.56 12.43 12.27 12.09 11.90 11.71 11.51 11.31 11.10 10.89 10.68 10.46
13.07 12.94 12.80 12.65 12.50 12.35 12.20 12.05 11.90 11.76 11.64 11.52 11.41 11.32 11.25 11.20 11.17 11.16 11.18 11.22 11.29 11.38 11.49 11.64 11.80 11.98 12.17 12.37 12.59 12.82 13.05 13.28 13.51 13.73 13.94 14.14 14.32 14.48 14.61 14.72 14.79 14.82 14.81 14.76 14.66 14.50 14.24 13.88 13.44 13.07 12.83 12.72 12.70 12.70 12.72 12.75 12.78 12.82 12.86 12.91 12.95 12.98 13.00 13.01 13.01 12.99 12.95 12.89 12.80 12.68 12.53 12.36 12.18 11.99 11.80 11.60 11.40 11.20 10.99 10.78 10.56
12.98 12.84 12.70 12.56 12.42 12.27 12.13 11.99 11.85 11.73 11.61 11.51 11.41 11.34 11.28 11.25 11.24 11.25 11.29 11.34 11.42 11.52 11.65 11.81 11.99 12.18 12.39 12.60 12.83 13.06 13.29 13.53 13.76 13.98 14.19 14.39 14.56 14.72 14.84 14.94 15.00 15.02 15.01 14.94 14.81 14.60 14.28 13.87 13.39 12.96 12.67 12.51 12.48 12.52 12.58 12.64 12.71 12.79 12.86 12.93 12.99 13.04 13.08 13.10 13.10 13.09 13.05 12.98 12.89 12.76 12.61 12.44 12.26 12.08 11.88 11.68 11.48 11.27 11.07 10.87 10.66
