data_processed/recharge/precip/Precip_1999_11.asc
ncols        168
nrows        136
xllcorner    455000
yllcorner    2107000
cellsize     500
NODATA_value     -99999
[rows 38 to 75 of 136, columns 84 to 167 of 168]
0.00 0.00 0.00 0.00 0.00 0.00 0.00 0.25 0.52 0.80 1.08 1.38 1.68 1.98 2.29 2.61 2.92 3.24 3.56 3.89 4.21 4.53 4.86 5.18 5.49 5.81 6.12 6.43 6.73 7.03 7.32 7.60 7.87 8.14 8.39 8.64 8.87 9.10 9.31 9.50 9.69 9.86 10.01 10.15 10.27 10.38 10.46 10.53 10.58 10.61 10.63 10.65 10.68 10.71 10.75 10.79 10.84 10.89 10.95 11.01 11.07 11.12 11.18 11.24 11.29 11.34 11.40 11.45 11.50 11.55 11.60 11.64 11.68 11.72 11.76 11.80 11.83 11.86 11.89 11.92 11.95 11.97 11.99 12.00
0.00 0.00 0.00 0.00 0.00 0.00 0.00 0.05 0.33 0.62 0.91 1.21 1.51 1.82 2.14 2.46 2.78 3.10 3.42 3.75 4.07 4.40 4.72 5.04 5.36 5.67 5.98 6.29 6.59 6.88 7.16 7.44 7.71 7.97 8.22 8.46 8.69 8.90 9.10 9.29 9.47 9.63 9.77 9.90 10.01 10.10 10.17 10.23 10.26 10.29 10.32 10.35 10.39 10.43 10.47 10.52 10.58 10.64 10.71 10.78 10.84 10.91 10.97 11.04 11.10 11.17 11.23 11.29 11.35 11.41 11.47 11.52 11.57 11.62 11.67 11.72 11.76 11.80 11.84 11.87 11.90 11.93 11.96 11.99
0.00 0.00 0.00 0.00 0.00 0.00 0.00 0.00 0.13 0.42 0.72 1.03 1.34 1.65 1.97 2.29 2.62 2.94 3.27 3.60 3.92 4.25 4.57 4.89 5.21 5.52 5.83 6.13 6.42 6.71 6.99 7.27 7.53 7.78 8.03 8.26 8.48 8.69 8.88 9.06 9.23 9.37 9.51 9.62 9.72 9.80 9.86 9.90 9.94 9.97 10.01 10.05 10.10 10.14 10.20 10.25 10.32 10.39 10.46 10.54 10.62 10.69 10.76 10.84 10.91 10.98 11.05 11.12 11.19 11.26 11.33 11.39 11.45 11.51 11.57 11.62 11.67 11.72 11.77 11.81 11.85 11.89 11.93 11.96
0.00 0.00 0.00 0.00 0.00 0.00 0.00 0.00 0.00 0.22 0.52 0.83 1.15 1.47 1.79 2.12 2.44 2.77 3.10 3.43 3.76 4.08 4.41 4.72 5.04 5.35 5.66 5.96 6.25 6.53 6.81 7.08 7.34 7.58 7.82 8.04 8.26 8.46 8.64 8.81 8.97 9.10 9.23 9.33 9.42 9.48 9.53 9.57 9.62 9.66 9.70 9.75 9.80 9.86 9.92 9.98 10.05 10.13 10.22 10.30 10.38 10.47 10.55 10.63 10.71 10.79 10.87 10.95 11.02 11.10 11.18 11.25 11.32 11.39 11.46 11.52 11.58 11.64 11.69 11.75 11.80 11.84 11.89 11.93
0.00 0.00 0.00 0.00 0.00 0.00 0.00 0.00 0.00 0.01 0.32 0.63 0.95 1.28 1.60 1.93 2.26 2.59 2.92 3.25 3.58 3.91 4.23 4.55 4.86 5.17 5.47 5.77 6.06 6.34 6.61 6.87 7.12 7.37 7.60 7.81 8.02 8.21 8.38 8.54 8.69 8.82 8.93 9.02 9.09 9.15 9.20 9.24 9.29 9.34 9.39 9.45 9.51 9.57 9.64 9.71 9.79 9.87 9.97 10.06 10.15 10.24 10.33 10.42 10.50 10.59 10.68 10.76 10.85 10.93 11.02 11.10 11.18 11.26 11.34 11.41 11.48 11.55 11.61 11.67 11.73 11.78 11.83 11.88
0.00 0.00 0.00 0.00 0.00 0.00 0.00 0.00 0.00 0.00 0.11 0.42 0.75 1.08 1.41 1.74 2.07 2.40 2.74 3.07 3.39 3.72 4.04 4.36 4.67 4.98 5.28 5.57 5.85 6.13 6.40 6.65 6.90 7.14 7.36 7.57 7.76 7.94 8.11 8.26 8.40 8.51 8.61 8.69 8.75 8.81 8.86 8.92 8.97 9.03 9.08 9.15 9.21 9.28 9.35 9.43 9.52 9.61 9.71 9.81 9.91 10.01 10.10 10.20 10.29 10.39 10.48 10.57 10.67 10.76 10.85 10.94 11.03 11.12 11.21 11.29 11.37 11.44 11.51 11.58 11.65 11.71 11.77 11.83
0.00 0.00 0.00 0.00 0.00 0.00 0.00 0.00 0.00 0.00 0.00 0.22 0.54 0.87 1.20 1.54 1.87 2.21 2.54 2.87 3.20 3.52 3.84 4.16 4.47 4.77 5.07 5.36 5.64 5.91 6.17 6.42 6.66 6.89 7.11 7.31 7.49 7.67 7.82 7.96 8.09 8.19 8.28 8.35 8.41 8.47 8.53 8.59 8.65 8.71 8.78 8.84 8.91 8.99 9.07 9.16 9.25 9.35 9.45 9.56 9.67 9.77 9.87 9.98 10.08 10.18 10.28 10.38 10.48 10.58 10.68 10.77 10.87 10.97 11.06 11.16 11.24 11.33 11.41 11.49 11.56 11.63 11.70 11.76
0.00 0.00 0.00 0.00 0.00 0.00 0.00 0.00 0.00 0.00 0.00 0.02 0.33 0.65 0.99 1.33 1.67 2.00 2.34 2.67 2.99 3.32 3.64 3.95 4.26 4.56 4.85 5.14 5.42 5.68 5.94 6.18 6.42 6.64 6.84 7.04 7.21 7.38 7.52 7.65 7.77 7.86 7.94 8.00 8.07 8.13 8.20 8.26 8.33 8.40 8.47 8.54 8.62 8.70 8.79 8.88 8.98 9.08 9.20 9.31 9.42 9.53 9.64 9.75 9.86 9.96 10.07 10.18 10.28 10.39 10.49 10.60 10.70 10.81 10.91 11.01 11.11 11.20 11.29 11.38 11.46 11.54 11.62 11.69
0.00 0.00 0.00 0.00 0.00 0.00 0.00 0.00 0.00 0.00 0.00 0.00 0.13 0.44 0.78 1.11 1.45 1.79 2.12 2.46 2.78 3.11 3.42 3.74 4.04 4.34 4.63 4.91 5.18 5.44 5.69 5.93 6.16 6.37 6.57 6.75 6.92 7.08 7.21 7.33 7.43 7.52 7.59 7.66 7.73 7.80 7.87 7.94 8.01 8.09 8.16 8.24 8.32 8.41 8.50 8.60 8.71 8.82 8.93 9.05 9.17 9.29 9.40 9.52 9.63 9.74 9.86 9.97 10.08 10.19 10.30 10.41 10.53 10.64 10.75 10.86 10.96 11.07 11.16 11.26 11.35 11.44 11.52 11.60
0.00 0.00 0.00 0.00 0.00 0.00 0.00 0.00 0.00 0.00 0.00 0.00 0.00 0.25 0.56 0.90 1.24 1.57 1.91 2.24 2.57 2.89 3.21 3.52 3.82 4.11 4.40 4.67 4.94 5.20 5.44 5.67 5.89 6.10 6.29 6.46 6.62 6.76 6.89 7.00 7.09 7.17 7.25 7.32 7.40 7.47 7.55 7.62 7.70 7.78 7.86 7.94 8.03 8.12 8.22 8.32 8.43 8.55 8.67 8.80 8.92 9.04 9.16 9.28 9.40 9.52 9.64 9.76 9.87 9.99 10.11 10.22 10.34 10.46 10.57 10.69 10.81 10.92 11.03 11.13 11.23 11.33 11.42 11.51
0.00 0.00 0.00 0.00 0.00 0.00 0.00 0.00 0.00 0.00 0.00 0.00 0.00 0.06 0.36 0.68 1.02 1.36 1.69 2.02 2.35 2.67 2.98 3.29 3.59 3.88 4.16 4.43 4.69 4.94 5.18 5.40 5.62 5.81 5.99 6.16 6.31 6.44 6.56 6.66 6.75 6.83 6.91 6.99 7.07 7.15 7.23 7.31 7.39 7.47 7.55 7.64 7.74 7.83 7.94 8.04 8.16 8.28 8.41 8.54 8.66 8.79 8.92 9.04 9.17 9.29 9.41 9.54 9.66 9.78 9.90 10.03 10.15 10.27 10.39 10.51 10.64 10.76 10.87 10.99 11.10 11.20 11.30 11.40
0.00 0.00 0.00 0.00 0.00 0.00 0.00 0.00 0.00 0.00 0.00 0.00 0.00 0.00 0.18 0.48 0.80 1.13 1.47 1.80 2.12 2.44 2.75 3.06 3.35 3.64 3.92 4.18 4.44 4.68 4.91 5.13 5.33 5.52 5.70 5.85 5.99 6.12 6.22 6.32 6.41 6.50 6.58 6.66 6.75 6.83 6.91 6.99 7.08 7.17 7.25 7.35 7.44 7.55 7.65 7.76 7.88 8.01 8.14 8.28 8.41 8.54 8.67 8.80 8.93 9.06 9.19 9.31 9.44 9.57 9.70 9.82 9.95 10.08 10.20 10.33 10.46 10.58 10.71 10.83 10.95 11.06 11.17 11.28
0.00 0.00 0.00 0.00 0.00 0.00 0.00 0.00 0.00 0.00 0.00 0.00 0.00 0.00 0.01 0.30 0.60 0.92 1.25 1.57 1.90 2.21 2.52 2.82 3.12 3.40 3.67 3.93 4.18 4.42 4.64 4.85 5.05 5.23 5.39 5.54 5.67 5.78 5.88 5.98 6.08 6.17 6.26 6.34 6.43 6.51 6.60 6.69 6.77 6.86 6.96 7.05 7.15 7.26 7.37 7.49 7.61 7.74 7.88 8.01 8.15 8.29 8.42 8.56 8.69 8.82 8.96 9.09 9.22 9.35 9.48 9.61 9.74 9.87 10.01 10.14 10.27 10.40 10.53 10.66 10.79 10.91 11.03 11.14
0.00 0.00 0.00 0.00 0.00 0.00 0.00 0.00 0.00 0.00 0.00 0.00 0.00 0.00 0.00 0.12 0.42 0.72 1.03 1.35 1.67 1.99 2.29 2.59 2.88 3.16 3.42 3.68 3.92 4.15 4.37 4.57 4.76 4.93 5.08 5.22 5.34 5.45 5.56 5.66 5.75 5.85 5.94 6.03 6.12 6.20 6.29 6.38 6.47 6.57 6.66 6.76 6.87 6.97 7.09 7.21 7.34 7.47 7.61 7.75 7.89 8.03 8.17 8.31 8.45 8.58 8.72 8.86 8.99 9.13 9.26 9.40 9.53 9.67 9.80 9.94 10.07 10.21 10.34 10.48 10.62 10.75 10.87 10.99
0.00 0.00 0.00 0.00 0.00 0.00 0.00 0.00 0.00 0.00 0.00 0.00 0.00 0.00 0.00 0.00 0.24 0.53 0.83 1.13 1.45 1.76 2.06 2.35 2.64 2.91 3.17 3.42 3.66 3.88 4.09 4.29 4.46 4.63 4.77 4.90 5.02 5.13 5.23 5.34 5.44 5.53 5.62 5.72 5.81 5.90 5.99 6.08 6.18 6.27 6.37 6.47 6.58 6.69 6.81 6.93 7.06 7.20 7.35 7.49 7.63 7.78 7.92 8.06 8.20 8.34 8.48 8.62 8.76 8.90 9.04 9.18 9.31 9.45 9.59 9.73 9.87 10.01 10.15 10.29 10.43 10.57 10.70 10.83
0.00 0.00 0.00 0.00 0.00 0.00 0.00 0.00 0.00 0.00 0.00 0.00 0.00 0.00 0.00 0.00 0.08 0.36 0.64 0.93 1.23 1.53 1.83 2.12 2.40 2.67 2.92 3.17 3.40 3.61 3.81 4.00 4.17 4.32 4.46 4.58 4.70 4.81 4.92 5.03 5.13 5.22 5.32 5.41 5.51 5.60 5.69 5.79 5.88 5.98 6.08 6.19 6.30 6.41 6.53 6.66 6.79 6.93 7.08 7.23 7.37 7.52 7.67 7.81 7.95 8.10 8.24 8.38 8.53 8.67 8.81 8.95 9.09 9.23 9.38 9.52 9.66 9.80 9.95 10.09 10.23 10.38 10.52 10.66
0.00 0.00 0.00 0.00 0.00 0.00 0.00 0.00 0.00 0.00 0.00 0.00 0.00 0.00 0.00 0.00 0.00 0.20 0.47 0.74 1.03 1.31 1.60 1.89 2.16 2.43 2.68 2.91 3.14 3.34 3.54 3.71 3.88 4.02 4.15 4.28 4.40 4.51 4.62 4.72 4.83 4.93 5.02 5.12 5.21 5.31 5.40 5.50 5.60 5.70 5.80 5.91 6.02 6.14 6.26 6.39 6.52 6.67 6.82 6.97 7.11 7.26 7.41 7.56 7.71 7.85 8.00 8.14 8.29 8.43 8.58 8.72 8.86 9.01 9.15 9.30 9.44 9.59 9.73 9.88 10.03 10.17 10.32 10.47
0.00 0.00 0.00 0.00 0.00 0.00 0.00 0.00 0.00 0.00 0.00 0.00 0.00 0.00 0.00 0.00 0.00 0.05 0.31 0.57 0.84 1.11 1.39 1.66 1.93 2.19 2.43 2.66 2.88 3.08 3.26 3.43 3.58 3.72 3.85 3.98 4.10 4.22 4.33 4.43 4.53 4.63 4.73 4.83 4.93 5.02 5.12 5.22 5.31 5.42 5.52 5.63 5.74 5.86 5.99 6.12 6.25 6.40 6.55 6.70 6.86 7.01 7.16 7.31 7.45 7.60 7.75 7.90 8.05 8.19 8.34 8.49 8.63 8.78 8.93 9.07 9.22 9.37 9.52 9.66 9.81 9.96 10.11 10.27
0.00 0.00 0.00 0.00 0.00 0.00 0.00 0.00 0.00 0.00 0.00 0.00 0.00 0.00 0.00 0.00 0.00 0.00 0.16 0.41 0.67 0.92 1.18 1.44 1.70 1.95 2.19 2.41 2.62 2.81 2.99 3.15 3.30 3.44 3.57 3.70 3.82 3.93 4.04 4.15 4.25 4.35 4.45 4.55 4.64 4.74 4.84 4.94 5.04 5.14 5.25 5.36 5.47 5.59 5.72 5.85 5.99 6.14 6.29 6.44 6.60 6.75 6.90 7.05 7.20 7.35 7.50 7.65 7.80 7.95 8.10 8.25 8.40 8.54 8.69 8.84 8.99 9.14 9.29 9.44 9.59 9.74 9.90 10.05
0.00 0.00 0.00 0.00 0.00 0.00 0.00 0.00 0.00 0.00 0.00 0.00 0.00 0.00 0.00 0.00 0.00 0.00 0.03 0.27 0.51 0.75 1.00 1.24 1.48 1.72 1.95 2.17 2.37 2.55 2.72 2.88 3.02 3.16 3.30 3.42 3.54 3.66 3.77 3.87 3.98 4.08 4.18 4.27 4.37 4.47 4.57 4.67 4.77 4.87 4.98 5.09 5.21 5.33 5.45 5.59 5.73 5.87 6.03 6.18 6.34 6.49 6.65 6.80 6.95 7.10 7.25 7.40 7.55 7.71 7.86 8.01 8.16 8.31 8.46 8.61 8.76 8.91 9.06 9.21 9.36 9.52 9.67 9.83
0.00 0.00 0.00 0.00 0.00 0.00 0.00 0.00 0.00 0.00 0.00 0.00 0.00 0.00 0.00 0.00 0.00 0.00 0.00 0.14 0.37 0.59 0.82 1.05 1.28 1.50 1.72 1.93 2.12 2.30 2.46 2.62 2.76 2.90 3.03 3.16 3.28 3.39 3.50 3.61 3.71 3.81 3.91 4.01 4.11 4.20 4.30 4.40 4.50 4.61 4.72 4.83 4.94 5.06 5.19 5.33 5.47 5.62 5.77 5.93 6.08 6.24 6.39 6.55 6.70 6.85 7.00 7.16 7.31 7.46 7.61 7.76 7.91 8.06 8.21 8.37 8.52 8.67 8.82 8.98 9.13 9.28 9.44 9.59
0.00 0.00 0.00 0.00 0.00 0.00 0.00 0.00 0.00 0.00 0.00 0.00 0.00 0.00 0.00 0.00 0.00 0.00 0.00 0.02 0.24 0.45 0.67 0.88 1.09 1.30 1.51 1.70 1.89 2.06 2.22 2.37 2.52 2.66 2.79 2.91 3.03 3.14 3.25 3.36 3.46 3.56 3.66 3.75 3.85 3.95 4.05 4.14 4.25 4.35 4.46 4.57 4.69 4.81 4.93 5.07 5.21 5.36 5.52 5.67 5.83 5.98 6.14 6.29 6.45 6.60 6.75 6.90 7.06 7.21 7.36 7.51 7.66 7.82 7.97 8.12 8.27 8.43 8.58 8.73 8.89 9.04 9.20 9.36
0.00 0.00 0.00 0.00 0.00 0.00 0.00 0.00 0.00 0.00 0.00 0.00 0.00 0.00 0.00 0.00 0.00 0.00 0.00 0.00 0.12 0.32 0.53 0.73 0.92 1.12 1.30 1.49 1.66 1.83 1.99 2.14 2.28 2.42 2.55 2.67 2.79 2.90 3.01 3.11 3.21 3.31 3.41 3.51 3.60 3.70 3.80 3.89 4.00 4.10 4.21 4.32 4.43 4.55 4.68 4.82 4.96 5.11 5.26 5.42 5.58 5.73 5.89 6.04 6.19 6.35 6.50 6.65 6.81 6.96 7.11 7.26 7.41 7.57 7.72 7.87 8.02 8.18 8.33 8.48 8.64 8.79 8.95 9.11
0.00 0.00 0.00 0.00 0.00 0.00 0.00 0.00 0.00 0.00 0.00 0.00 0.00 0.00 0.00 0.00 0.00 0.00 0.00 0.00 0.02 0.21 0.40 0.59 0.77 0.95 1.12 1.29 1.45 1.62 1.78 1.92 2.07 2.20 2.33 2.45 2.56 2.67 2.78 2.88 2.98 3.08 3.17 3.27 3.36 3.46 3.56 3.65 3.75 3.85 3.96 4.07 4.19 4.31 4.43 4.57 4.71 4.86 5.01 5.17 5.33 5.48 5.64 5.79 5.94 6.10 6.25 6.40 6.55 6.70 6.86 7.01 7.16 7.31 7.46 7.62 7.77 7.92 8.08 8.23 8.38 8.54 8.70 8.85
0.00 0.00 0.00 0.00 0.00 0.00 0.00 0.00 0.00 0.00 0.00 0.00 0.00 0.00 0.00 0.00 0.00 0.00 0.00 0.00 0.00 0.11 0.29 0.46 0.63 0.80 0.96 1.11 1.27 1.42 1.58 1.72 1.86 1.99 2.12 2.24 2.35 2.46 2.56 2.66 2.76 2.85 2.95 3.04 3.13 3.23 3.32 3.42 3.52 3.62 3.72 3.83 3.95 4.07 4.19 4.32 4.46 4.61 4.77 4.92 5.08 5.23 5.39 5.54 5.69 5.85 6.00 6.15 6.30 6.45 6.60 6.75 6.91 7.06 7.21 7.36 7.51 7.66 7.82 7.97 8.13 8.28 8.44 8.59
0.00 0.00 0.00 0.00 0.00 0.00 0.00 0.00 0.00 0.00 0.00 0.00 0.00 0.00 0.00 0.00 0.00 0.00 0.00 0.00 0.00 0.03 0.19 0.35 0.51 0.66 0.81 0.96 1.11 1.25 1.40 1.54 1.67 1.80 1.92 2.04 2.15 2.25 2.35 2.45 2.55 2.64 2.73 2.82 2.92 3.01 3.10 3.19 3.29 3.39 3.49 3.60 3.71 3.83 3.95 4.09 4.22 4.37 4.53 4.68 4.83 4.99 5.14 5.29 5.44 5.60 5.75 5.90 6.05 6.20 6.35 6.50 6.65 6.80 6.95 7.10 7.25 7.40 7.55 7.71 7.86 8.01 8.17 8.33
0.00 0.00 0.00 0.00 0.00 0.00 0.00 0.00 0.00 0.00 0.00 0.00 0.00 0.00 0.00 0.00 0.00 0.00 0.00 0.00 0.00 0.00 0.11 0.26 0.40 0.55 0.69 0.83 0.97 1.10 1.23 1.37 1.50 1.62 1.74 1.85 1.96 2.06 2.16 2.26 2.35 2.44 2.53 2.62 2.71 2.79 2.88 2.98 3.07 3.17 3.27 3.37 3.48 3.60 3.72 3.85 3.99 4.14 4.29 4.44 4.59 4.75 4.90 5.05 5.20 5.35 5.50 5.65 5.79 5.94 6.09 6.24 6.39 6.54 6.69 6.84 6.99 7.14 7.29 7.44 7.59 7.74 7.90 8.05
0.00 0.00 0.00 0.00 0.00 0.00 0.00 0.00 0.00 0.00 0.00 0.00 0.00 0.00 0.00 0.00 0.00 0.00 0.00 0.00 0.00 0.00 0.04 0.18 0.32 0.45 0.58 0.71 0.84 0.97 1.09 1.22 1.34 1.46 1.57 1.68 1.79 1.89 1.98 2.07 2.16 2.25 2.34 2.42 2.51 2.59 2.68 2.77 2.86 2.95 3.05 3.16 3.26 3.38 3.50 3.63 3.76 3.90 4.05 4.21 4.36 4.51 4.66 4.80 4.95 5.10 5.25 5.40 5.54 5.69 5.84 5.98 6.13 6.28 6.42 6.57 6.72 6.87 7.02 7.17 7.32 7.47 7.62 7.77
0.00 0.00 0.00 0.00 0.00 0.00 0.00 0.00 0.00 0.00 0.00 0.00 0.00 0.00 0.00 0.00 0.00 0.00 0.00 0.00 0.00 0.00 0.00 0.12 0.25 0.37 0.50 0.62 0.74 0.86 0.97 1.09 1.20 1.31 1.42 1.53 1.63 1.72 1.81 1.90 1.99 2.07 2.15 2.24 2.32 2.40 2.48 2.57 2.66 2.75 2.85 2.95 3.05 3.16 3.28 3.40 3.54 3.68 3.83 3.98 4.12 4.27 4.42 4.56 4.71 4.86 5.00 5.15 5.29 5.44 5.58 5.72 5.87 6.01 6.16 6.30 6.45 6.60 6.74 6.89 7.04 7.19 7.34 7.49
0.00 0.00 0.00 0.00 0.00 0.00 0.00 0.00 0.00 0.00 0.00 0.00 0.00 0.00 0.00 0.00 0.00 0.00 0.00 0.00 0.00 0.00 0.00 0.08 0.19 0.31 0.43 0.54 0.65 0.76 0.87 0.98 1.08 1.18 1.29 1.38 1.48 1.57 1.66 1.74 1.83 1.91 1.98 2.06 2.14 2.22 2.30 2.38 2.47 2.56 2.65 2.74 2.85 2.95 3.07 3.19 3.32 3.46 3.60 3.75 3.90 4.04 4.18 4.33 4.47 4.61 4.76 4.90 5.04 5.18 5.32 5.47 5.61 5.75 5.89 6.04 6.18 6.32 6.47 6.61 6.76 6.90 7.05 7.20
0.00 0.00 0.00 0.00 0.00 0.00 0.00 0.00 0.00 0.00 0.00 0.00 0.00 0.00 0.00 0.00 0.00 0.00 0.00 0.00 0.00 0.00 0.00 0.05 0.16 0.27 0.37 0.48 0.58 0.68 0.78 0.88 0.98 1.08 1.17 1.26 1.35 1.44 1.52 1.60 1.68 1.75 1.83 1.90 1.97 2.05 2.13 2.20 2.28 2.37 2.46 2.55 2.65 2.75 2.86 2.98 3.11 3.24 3.39 3.53 3.67 3.81 3.95 4.09 4.23 4.37 4.51 4.65 4.79 4.93 5.07 5.21 5.35 5.49 5.62 5.76 5.90 6.05 6.19 6.33 6.47 6.62 6.76 6.91
0.00 0.00 0.00 0.00 0.00 0.00 0.00 0.00 0.00 0.00 0.00 0.00 0.00 0.00 0.00 0.00 0.00 0.00 0.00 0.00 0.00 0.00 0.00 0.03 0.13 0.23 0.33 0.43 0.53 0.62 0.71 0.81 0.89 0.98 1.07 1.15 1.24 1.32 1.39 1.47 1.54 1.61 1.68 1.75 1.82 1.89 1.96 2.04 2.11 2.19 2.28 2.37 2.46 2.56 2.67 2.78 2.91 3.04 3.17 3.31 3.45 3.59 3.73 3.87 4.00 4.14 4.27 4.41 4.54 4.68 4.81 4.95 5.09 5.22 5.36 5.49 5.63 5.77 5.90 6.04 6.19 6.33 6.48 6.62
0.00 0.00 0.00 0.00 0.00 0.00 0.00 0.00 0.00 0.00 0.00 0.00 0.00 0.00 0.00 0.00 0.00 0.00 0.00 0.00 0.00 0.00 0.00 0.03 0.12 0.22 0.31 0.40 0.49 0.57 0.66 0.74 0.83 0.91 0.98 1.06 1.14 1.21 1.28 1.35 1.42 1.48 1.55 1.61 1.68 1.74 1.81 1.88 1.95 2.03 2.11 2.19 2.28 2.38 2.48 2.59 2.71 2.84 2.97 3.11 3.24 3.37 3.51 3.64 3.77 3.90 4.04 4.17 4.30 4.43 4.56 4.69 4.82 4.96 5.09 5.22 5.35 5.49 5.62 5.76 5.90 6.04 6.19 6.33
0.00 0.00 0.00 0.00 0.00 0.00 0.00 0.00 0.00 0.00 0.00 0.00 0.00 0.00 0.00 0.00 0.00 0.00 0.00 0.00 0.00 0.00 0.00 0.04 0.12 0.21 0.29 0.38 0.46 0.54 0.62 0.69 0.77 0.84 0.92 0.99 1.05 1.12 1.19 1.25 1.31 1.37 1.43 1.49 1.55 1.61 1.67 1.73 1.80 1.87 1.95 2.03 2.11 2.20 2.30 2.41 2.52 2.64 2.77 2.90 3.03 3.16 3.29 3.42 3.55 3.68 3.80 3.93 4.06 4.18 4.31 4.44 4.57 4.69 4.82 4.95 5.08 5.21 5.34 5.47 5.61 5.75 5.89 6.04
0.00 0.00 0.00 0.00 0.00 0.00 0.00 0.00 0.00 0.00 0.00 0.00 0.00 0.00 0.00 0.00 0.00 0.00 0.00 0.00 0.00 0.00 0.00 0.05 0.14 0.21 0.29 0.37 0.44 0.52 0.59 0.66 0.73 0.80 0.86 0.92 0.99 1.05 1.11 1.16 1.22 1.27 1.33 1.38 1.43 1.49 1.54 1.60 1.66 1.73 1.80 1.87 1.95 2.04 2.13 2.23 2.34 2.46 2.58 2.71 2.83 2.96 3.08 3.20 3.33 3.45 3.57 3.70 3.82 3.94 4.06 4.18 4.31 4.43 4.55 4.68 4.80 4.93 5.06 5.19 5.33 5.46 5.61 5.75
0.00 0.00 0.00 0.00 0.00 0.00 0.00 0.00 0.00 0.00 0.00 0.00 0.00 0.00 0.00 0.00 0.00 0.00 0.00 0.00 0.00 0.00 0.01 0.08 0.16 0.23 0.30 0.37 0.44 0.51 0.57 0.64 0.70 0.76 0.82 0.88 0.93 0.99 1.04 1.09 1.14 1.19 1.23 1.28 1.33 1.38 1.43 1.48 1.53 1.59 1.66 1.72 1.80 1.88 1.97 2.06 2.16 2.28 2.40 2.52 2.64 2.76 2.88 2.99 3.11 3.23 3.35 3.46 3.58 3.70 3.82 3.93 4.05 4.17 4.29 4.40 4.53 4.65 4.78 4.91 5.04 5.18 5.32 5.46
0.00 0.00 0.00 0.00 0.00 0.00 0.00 0.00 0.00 0.00 0.00 0.00 0.00 0.00 0.00 0.00 0.00 0.00 0.00 0.00 0.00 0.00 0.05 0.12 0.19 0.26 0.32 0.38 0.45 0.51 0.57 0.62 0.68 0.74 0.79 0.84 0.89 0.94 0.99 1.03 1.08 1.12 1.16 1.20 1.24 1.28 1.32 1.37 1.42 1.47 1.53 1.59 1.66 1.73 1.81 1.90 2.00 2.11 2.22 2.34 2.45 2.56 2.68 2.79 2.90 3.01 3.13 3.24 3.35 3.46 3.57 3.68 3.80 3.91 4.02 4.14 4.26 4.38 4.50 4.63 4.76 4.89 5.03 5.17
0.00 0.00 0.00 0.00 0.00 0.00 0.00 0.00 0.00 0.00 0.00 0.00 0.00 0.00 0.00 0.00 0.00 0.00 0.00 0.00 0.00 0.04 0.10 0.17 0.23 0.29 0.35 0.40 0.46 0.52 0.57 0.62 0.67 0.72 0.77 0.82 0.86 0.90 0.94 0.98 1.02 1.06 1.09 1.13 1.16 1.20 1.23 1.27 1.31 1.36 1.41 1.47 1.53 1.60 1.67 1.75 1.84 1.94 2.05 2.16 2.27 2.38 2.48 2.59 2.70 2.80 2.91 3.01 3.12 3.23 3.33 3.44 3.54 3.65 3.76 3.87 3.99 4.11 4.23 4.35 4.48 4.61 4.75 4.88
