data_processed/recharge/precip/Precip_1988_02.asc
ncols        168
nrows        136
xllcorner    455000
yllcorner    2107000
cellsize     500
NODATA_value     -99999
[rows 36 to 71 of 136, columns 81 to 161 of 168]
2.17 2.08 2.01 1.96 1.93 1.92 1.93 1.97 2.04 2.14 2.27 2.43 2.61 2.85 3.14 3.47 3.84 4.24 4.65 5.08 5.51 5.94 6.36 6.75 7.12 7.45 7.74 7.98 8.15 8.26 8.29 8.23 8.09 7.84 7.49 7.08 6.66 6.24 5.84 5.44 5.06 4.69 4.33 3.98 3.65 3.33 3.03 2.75 2.48 2.24 2.01 1.81 1.63 1.47 1.33 1.22 1.14 1.08 1.05 1.05 1.09 1.17 1.29 1.43 1.60 1.79 2.00 2.22 2.44 2.66 2.88 3.09 3.29 3.47 3.62 3.75 3.84 3.89 3.90 3.86 3.77
2.47 2.39 2.32 2.26 2.22 2.20 2.20 2.23 2.29 2.38 2.50 2.68 2.93 3.24 3.59 3.98 4.40 4.84 5.29 5.76 6.22 6.67 7.10 7.51 7.88 8.21 8.49 8.72 8.87 8.96 8.96 8.87 8.68 8.39 7.99 7.52 7.05 6.59 6.14 5.71 5.28 4.87 4.48 4.10 3.73 3.39 3.06 2.75 2.46 2.20 1.95 1.73 1.53 1.36 1.21 1.09 1.00 0.94 0.91 0.93 0.99 1.09 1.22 1.38 1.56 1.76 1.97 2.19 2.41 2.63 2.85 3.05 3.23 3.39 3.53 3.63 3.70 3.73 3.71 3.64 3.51
2.77 2.68 2.61 2.54 2.50 2.47 2.46 2.48 2.53 2.60 2.73 2.95 3.26 3.63 4.04 4.48 4.95 5.43 5.92 6.42 6.90 7.37 7.82 8.24 8.61 8.94 9.21 9.42 9.55 9.61 9.58 9.45 9.22 8.88 8.45 7.96 7.45 6.95 6.45 5.97 5.51 5.06 4.63 4.21 3.82 3.44 3.08 2.75 2.44 2.15 1.88 1.64 1.43 1.24 1.09 0.96 0.86 0.80 0.79 0.84 0.92 1.04 1.18 1.36 1.55 1.75 1.97 2.19 2.41 2.62 2.83 3.02 3.19 3.34 3.45 3.54 3.58 3.58 3.53 3.43 3.26
3.04 2.95 2.87 2.80 2.74 2.70 2.69 2.69 2.72 2.80 2.97 3.22 3.57 3.99 4.46 4.95 5.47 5.99 6.52 7.04 7.55 8.03 8.49 8.91 9.29 9.61 9.87 10.06 10.17 10.20 10.13 9.96 9.69 9.32 8.88 8.37 7.84 7.30 6.76 6.24 5.73 5.24 4.77 4.32 3.89 3.49 3.10 2.74 2.40 2.09 1.81 1.55 1.32 1.12 0.95 0.81 0.71 0.67 0.69 0.76 0.87 1.00 1.16 1.35 1.54 1.76 1.97 2.19 2.41 2.62 2.82 3.00 3.16 3.29 3.38 3.44 3.46 3.43 3.35 3.22 3.03
3.28 3.19 3.10 3.02 2.95 2.90 2.87 2.86 2.90 3.02 3.21 3.49 3.87 4.34 4.85 5.39 5.95 6.51 7.07 7.62 8.15 8.65 9.11 9.54 9.91 10.22 10.47 10.64 10.72 10.72 10.61 10.41 10.10 9.72 9.26 8.75 8.21 7.64 7.06 6.50 5.95 5.42 4.92 4.43 3.97 3.53 3.12 2.73 2.36 2.03 1.72 1.45 1.20 0.98 0.80 0.66 0.58 0.56 0.60 0.69 0.83 0.98 1.16 1.35 1.56 1.78 2.00 2.22 2.43 2.63 2.82 2.99 3.13 3.25 3.32 3.36 3.35 3.29 3.18 3.02 2.83
3.50 3.40 3.30 3.21 3.14 3.07 3.03 3.03 3.10 3.25 3.47 3.77 4.17 4.67 5.22 5.81 6.41 7.00 7.59 8.16 8.71 9.22 9.69 10.11 10.48 10.78 11.01 11.16 11.21 11.17 11.03 10.79 10.47 10.07 9.60 9.08 8.54 7.96 7.37 6.76 6.17 5.61 5.06 4.54 4.04 3.57 3.13 2.71 2.32 1.97 1.64 1.34 1.08 0.85 0.66 0.53 0.47 0.47 0.53 0.64 0.79 0.98 1.18 1.38 1.59 1.81 2.04 2.25 2.46 2.66 2.84 2.99 3.12 3.21 3.27 3.28 3.25 3.16 3.03 2.86 2.66
3.71 3.59 3.49 3.39 3.30 3.22 3.19 3.22 3.32 3.49 3.73 4.04 4.47 4.99 5.57 6.20 6.83 7.46 8.08 8.67 9.23 9.75 10.22 10.64 11.00 11.29 11.50 11.62 11.65 11.57 11.40 11.14 10.79 10.38 9.91 9.39 8.83 8.25 7.65 7.03 6.40 5.79 5.21 4.65 4.12 3.62 3.15 2.70 2.29 1.90 1.55 1.24 0.96 0.72 0.55 0.44 0.39 0.40 0.47 0.60 0.77 0.98 1.20 1.42 1.65 1.87 2.09 2.31 2.51 2.70 2.87 3.01 3.12 3.19 3.23 3.21 3.15 3.04 2.90 2.72 2.51
3.90 3.77 3.65 3.54 3.44 3.37 3.37 3.43 3.55 3.74 3.99 4.32 4.75 5.29 5.90 6.56 7.23 7.89 8.53 9.14 9.71 10.24 10.71 11.13 11.48 11.75 11.93 12.03 12.02 11.91 11.72 11.43 11.08 10.66 10.18 9.65 9.10 8.51 7.90 7.27 6.63 5.99 5.37 4.77 4.21 3.67 3.17 2.70 2.26 1.85 1.48 1.14 0.85 0.62 0.47 0.37 0.34 0.36 0.43 0.57 0.75 0.98 1.22 1.47 1.71 1.94 2.16 2.38 2.58 2.75 2.91 3.04 3.13 3.18 3.19 3.16 3.07 2.95 2.80 2.61 2.39
4.07 3.94 3.81 3.68 3.59 3.55 3.57 3.66 3.80 4.00 4.26 4.58 5.02 5.58 6.21 6.89 7.59 8.29 8.96 9.58 10.16 10.69 11.17 11.58 11.91 12.16 12.32 12.38 12.34 12.21 11.99 11.69 11.32 10.89 10.41 9.89 9.33 8.74 8.13 7.50 6.85 6.19 5.54 4.91 4.31 3.74 3.20 2.70 2.23 1.80 1.41 1.06 0.78 0.57 0.42 0.34 0.31 0.33 0.41 0.55 0.74 0.98 1.24 1.52 1.79 2.03 2.25 2.46 2.65 2.82 2.97 3.08 3.15 3.19 3.17 3.11 3.02 2.88 2.72 2.52 2.30
4.24 4.10 3.95 3.83 3.77 3.76 3.81 3.91 4.06 4.27 4.52 4.84 5.28 5.84 6.48 7.18 7.91 8.64 9.34 9.99 10.58 11.11 11.58 11.98 12.30 12.53 12.66 12.69 12.62 12.46 12.22 11.90 11.52 11.09 10.61 10.09 9.53 8.95 8.33 7.70 7.05 6.38 5.72 5.05 4.42 3.82 3.25 2.72 2.22 1.77 1.36 1.02 0.75 0.55 0.41 0.33 0.31 0.33 0.41 0.54 0.74 0.99 1.27 1.56 1.85 2.12 2.36 2.57 2.75 2.91 3.04 3.13 3.19 3.20 3.17 3.09 2.98 2.84 2.66 2.46 2.22
4.41 4.25 4.11 4.02 3.99 4.00 4.07 4.18 4.34 4.54 4.79 5.09 5.53 6.08 6.73 7.44 8.19 8.95 9.68 10.36 10.97 11.50 11.96 12.35 12.65 12.85 12.95 12.95 12.85 12.66 12.40 12.08 11.69 11.25 10.78 10.26 9.71 9.13 8.51 7.88 7.23 6.56 5.89 5.21 4.55 3.91 3.31 2.75 2.23 1.76 1.36 1.03 0.77 0.57 0.44 0.36 0.33 0.35 0.42 0.55 0.75 1.00 1.29 1.60 1.91 2.20 2.47 2.69 2.86 3.01 3.13 3.20 3.24 3.23 3.18 3.09 2.97 2.81 2.63 2.41 2.17
4.58 4.43 4.32 4.26 4.24 4.27 4.35 4.46 4.62 4.81 5.04 5.33 5.75 6.30 6.95 7.66 8.42 9.20 9.96 10.67 11.31 11.86 12.31 12.68 12.96 13.12 13.19 13.15 13.03 12.83 12.55 12.21 11.82 11.38 10.91 10.40 9.86 9.28 8.67 8.04 7.39 6.72 6.05 5.37 4.69 4.03 3.40 2.81 2.27 1.80 1.40 1.08 0.83 0.63 0.49 0.41 0.38 0.39 0.45 0.57 0.77 1.02 1.32 1.63 1.95 2.27 2.55 2.80 2.99 3.13 3.23 3.29 3.31 3.28 3.22 3.11 2.98 2.81 2.61 2.38 2.13
4.77 4.65 4.57 4.53 4.53 4.57 4.65 4.76 4.91 5.09 5.30 5.56 5.96 6.49 7.13 7.85 8.61 9.40 10.17 10.91 11.59 12.17 12.63 12.98 13.22 13.35 13.38 13.31 13.17 12.94 12.66 12.31 11.92 11.48 11.02 10.52 9.98 9.41 8.81 8.18 7.53 6.87 6.20 5.52 4.84 4.16 3.51 2.90 2.36 1.90 1.51 1.19 0.93 0.73 0.59 0.50 0.46 0.45 0.50 0.61 0.80 1.05 1.34 1.66 1.99 2.32 2.63 2.90 3.11 3.26 3.35 3.39 3.39 3.35 3.27 3.15 3.00 2.82 2.61 2.37 2.12
5.02 4.92 4.86 4.84 4.85 4.89 4.97 5.07 5.20 5.36 5.54 5.77 6.14 6.66 7.28 7.99 8.75 9.54 10.33 11.09 11.78 12.39 12.89 13.23 13.43 13.52 13.52 13.43 13.26 13.02 12.72 12.37 11.98 11.55 11.09 10.61 10.08 9.52 8.93 8.31 7.67 7.01 6.34 5.66 4.98 4.30 3.65 3.04 2.51 2.05 1.66 1.34 1.08 0.87 0.72 0.62 0.56 0.54 0.56 0.66 0.84 1.08 1.37 1.69 2.03 2.36 2.68 2.97 3.21 3.39 3.49 3.51 3.49 3.43 3.33 3.20 3.04 2.84 2.62 2.38 2.11
5.32 5.25 5.20 5.19 5.20 5.24 5.30 5.39 5.50 5.63 5.77 5.97 6.31 6.79 7.39 8.08 8.84 9.63 10.42 11.19 11.90 12.54 13.04 13.39 13.58 13.64 13.61 13.50 13.31 13.06 12.75 12.40 12.01 11.58 11.14 10.67 10.16 9.61 9.03 8.42 7.78 7.13 6.47 5.79 5.12 4.45 3.83 3.25 2.73 2.26 1.87 1.54 1.27 1.05 0.89 0.77 0.69 0.65 0.65 0.72 0.88 1.11 1.39 1.71 2.05 2.39 2.73 3.03 3.29 3.48 3.60 3.64 3.60 3.52 3.41 3.26 3.09 2.88 2.65 2.40 2.12
5.68 5.62 5.58 5.57 5.58 5.60 5.65 5.71 5.79 5.89 5.99 6.14 6.44 6.89 7.46 8.14 8.88 9.65 10.45 11.22 11.94 12.57 13.07 13.44 13.65 13.72 13.66 13.52 13.32 13.06 12.75 12.39 12.00 11.59 11.16 10.71 10.22 9.68 9.11 8.51 7.89 7.25 6.59 5.92 5.26 4.64 4.05 3.50 3.00 2.54 2.13 1.79 1.51 1.28 1.09 0.95 0.85 0.78 0.75 0.80 0.94 1.15 1.42 1.73 2.07 2.41 2.75 3.06 3.33 3.54 3.68 3.74 3.72 3.63 3.50 3.34 3.15 2.93 2.69 2.42 2.14
6.07 6.03 6.00 5.98 5.98 5.99 6.01 6.04 6.09 6.14 6.20 6.30 6.55 6.95 7.49 8.14 8.86 9.62 10.40 11.17 11.87 12.48 12.98 13.36 13.60 13.70 13.66 13.51 13.29 13.02 12.70 12.35 11.97 11.57 11.16 10.73 10.25 9.73 9.18 8.60 7.99 7.36 6.71 6.06 5.44 4.86 4.31 3.79 3.31 2.86 2.45 2.09 1.79 1.54 1.33 1.16 1.04 0.94 0.88 0.90 1.01 1.20 1.45 1.75 2.08 2.42 2.76 3.07 3.34 3.56 3.72 3.81 3.82 3.74 3.60 3.43 3.22 2.99 2.74 2.46 2.17
6.49 6.46 6.44 6.42 6.40 6.39 6.38 6.38 6.38 6.39 6.39 6.43 6.62 6.98 7.48 8.09 8.78 9.52 10.29 11.01 11.68 12.26 12.75 13.14 13.42 13.57 13.58 13.45 13.22 12.95 12.63 12.28 11.91 11.52 11.13 10.72 10.27 9.77 9.24 8.67 8.07 7.46 6.83 6.23 5.66 5.11 4.60 4.11 3.65 3.22 2.81 2.44 2.12 1.84 1.61 1.41 1.25 1.12 1.02 1.01 1.09 1.25 1.49 1.77 2.08 2.42 2.74 3.05 3.32 3.54 3.71 3.82 3.86 3.83 3.71 3.52 3.30 3.06 2.79 2.51 2.21
6.95 6.93 6.91 6.88 6.84 6.80 6.76 6.71 6.67 6.62 6.56 6.54 6.67 6.97 7.42 7.99 8.65 9.36 10.06 10.73 11.35 11.91 12.40 12.79 13.10 13.29 13.37 13.31 13.12 12.84 12.52 12.18 11.82 11.45 11.08 10.70 10.27 9.79 9.28 8.73 8.15 7.56 6.99 6.44 5.91 5.40 4.92 4.46 4.02 3.61 3.21 2.84 2.49 2.19 1.92 1.69 1.49 1.32 1.19 1.13 1.18 1.31 1.52 1.78 2.08 2.39 2.70 2.99 3.25 3.47 3.66 3.79 3.86 3.86 3.78 3.61 3.39 3.13 2.86 2.56 2.25
7.42 7.40 7.38 7.35 7.30 7.23 7.14 7.05 6.95 6.83 6.71 6.61 6.68 6.92 7.32 7.84 8.45 9.08 9.71 10.32 10.90 11.43 11.90 12.31 12.64 12.88 13.01 13.03 12.92 12.69 12.38 12.05 11.70 11.36 11.01 10.65 10.25 9.80 9.31 8.78 8.24 7.70 7.18 6.68 6.20 5.73 5.28 4.84 4.42 4.02 3.63 3.26 2.91 2.57 2.27 2.00 1.77 1.55 1.37 1.27 1.28 1.38 1.56 1.79 2.06 2.34 2.62 2.89 3.14 3.36 3.55 3.70 3.79 3.83 3.79 3.67 3.47 3.21 2.92 2.62 2.30
7.91 7.89 7.86 7.81 7.74 7.65 7.53 7.38 7.22 7.04 6.84 6.66 6.65 6.83 7.16 7.62 8.14 8.68 9.23 9.77 10.30 10.81 11.27 11.69 12.04 12.32 12.51 12.61 12.60 12.46 12.21 11.89 11.56 11.24 10.92 10.59 10.21 9.79 9.33 8.84 8.35 7.87 7.41 6.96 6.51 6.08 5.66 5.25 4.85 4.46 4.08 3.71 3.35 3.00 2.66 2.35 2.07 1.81 1.57 1.43 1.39 1.46 1.60 1.79 2.01 2.25 2.50 2.74 2.98 3.20 3.40 3.56 3.67 3.73 3.73 3.67 3.52 3.29 2.99 2.68 2.35
8.41 8.38 8.34 8.28 8.18 8.06 7.90 7.70 7.47 7.22 6.94 6.68 6.59 6.69 6.95 7.30 7.70 8.14 8.61 9.09 9.57 10.05 10.50 10.92 11.29 11.61 11.86 12.04 12.12 12.09 11.96 11.71 11.40 11.10 10.81 10.51 10.17 9.77 9.35 8.92 8.50 8.08 7.67 7.26 6.86 6.46 6.07 5.68 5.30 4.92 4.55 4.17 3.81 3.44 3.08 2.73 2.40 2.08 1.80 1.60 1.52 1.54 1.63 1.76 1.93 2.13 2.34 2.56 2.78 2.99 3.19 3.36 3.49 3.58 3.61 3.59 3.49 3.32 3.06 2.74 2.40
8.91 8.88 8.82 8.73 8.61 8.45 8.25 8.01 7.71 7.38 7.01 6.66 6.48 6.49 6.63 6.85 7.13 7.47 7.85 8.27 8.70 9.14 9.58 10.00 10.40 10.76 11.07 11.31 11.48 11.57 11.56 11.44 11.21 10.94 10.68 10.42 10.11 9.76 9.40 9.04 8.68 8.32 7.96 7.60 7.24 6.87 6.51 6.14 5.77 5.40 5.03 4.66 4.28 3.90 3.52 3.14 2.76 2.39 2.04 1.79 1.66 1.61 1.63 1.70 1.82 1.96 2.14 2.33 2.53 2.73 2.92 3.10 3.24 3.35 3.42 3.43 3.39 3.27 3.07 2.79 2.45
9.41 9.36 9.28 9.16 9.01 8.81 8.56 8.27 7.92 7.52 7.06 6.61 6.33 6.20 6.18 6.26 6.42 6.66 6.96 7.30 7.69 8.09 8.52 8.94 9.36 9.75 10.11 10.43 10.69 10.88 11.00 11.02 10.94 10.76 10.54 10.31 10.05 9.77 9.49 9.19 8.90 8.59 8.28 7.96 7.64 7.31 6.97 6.62 6.27 5.90 5.53 5.16 4.77 4.38 3.97 3.56 3.14 2.72 2.31 1.99 1.79 1.66 1.60 1.61 1.66 1.76 1.89 2.05 2.23 2.41 2.60 2.77 2.93 3.06 3.16 3.21 3.20 3.14 3.00 2.79 2.49
9.90 9.83 9.72 9.57 9.38 9.14 8.84 8.49 8.08 7.61 7.07 6.51 6.07 5.77 5.60 5.54 5.58 5.71 5.92 6.19 6.52 6.90 7.30 7.73 8.16 8.59 9.01 9.39 9.74 10.04 10.28 10.44 10.51 10.49 10.38 10.21 10.02 9.82 9.60 9.38 9.14 8.89 8.63 8.35 8.06 7.76 7.45 7.12 6.78 6.42 6.05 5.67 5.27 4.86 4.43 3.99 3.54 3.07 2.59 2.20 1.89 1.68 1.54 1.48 1.47 1.52 1.60 1.73 1.88 2.04 2.22 2.39 2.55 2.70 2.82 2.90 2.94 2.93 2.85 2.70 2.48
10.34 10.25 10.12 9.94 9.70 9.42 9.08 8.67 8.20 7.65 7.04 6.38 5.77 5.30 4.96 4.76 4.68 4.70 4.82 5.02 5.30 5.63 6.02 6.44 6.89 7.35 7.81 8.27 8.70 9.10 9.46 9.76 9.99 10.14 10.19 10.14 10.04 9.91 9.77 9.60 9.42 9.23 9.01 8.77 8.52 8.24 7.95 7.64 7.31 6.96 6.58 6.19 5.78 5.35 4.90 4.42 3.93 3.42 2.90 2.42 2.02 1.71 1.49 1.35 1.28 1.26 1.30 1.39 1.50 1.64 1.80 1.97 2.14 2.29 2.43 2.55 2.62 2.65 2.63 2.55 2.39
10.70 10.60 10.44 10.23 9.97 9.64 9.26 8.80 8.27 7.67 7.01 6.30 5.60 4.96 4.46 4.11 3.89 3.80 3.82 3.95 4.16 4.46 4.82 5.23 5.69 6.18 6.69 7.20 7.71 8.21 8.68 9.11 9.49 9.80 10.02 10.12 10.12 10.07 9.99 9.89 9.76 9.61 9.43 9.23 9.00 8.75 8.48 8.18 7.85 7.50 7.12 6.71 6.28 5.83 5.34 4.84 4.30 3.76 3.24 2.72 2.24 1.83 1.52 1.30 1.15 1.08 1.06 1.10 1.18 1.29 1.43 1.59 1.75 1.91 2.06 2.20 2.31 2.38 2.41 2.38 2.29
10.97 10.86 10.69 10.46 10.17 9.82 9.39 8.89 8.32 7.67 6.97 6.23 5.49 4.76 4.11 3.60 3.25 3.04 2.97 3.01 3.16 3.40 3.73 4.13 4.59 5.10 5.64 6.22 6.80 7.39 7.97 8.52 9.04 9.49 9.85 10.10 10.24 10.28 10.27 10.22 10.14 10.03 9.89 9.72 9.51 9.28 9.02 8.72 8.40 8.04 7.65 7.22 6.77 6.28 5.77 5.22 4.66 4.12 3.59 3.06 2.54 2.05 1.65 1.34 1.12 0.97 0.89 0.88 0.91 0.99 1.11 1.24 1.40 1.56 1.72 1.87 2.01 2.11 2.18 2.21 2.18
11.17 11.05 10.87 10.64 10.33 9.95 9.49 8.96 8.35 7.68 6.94 6.17 5.39 4.64 3.91 3.26 2.77 2.43 2.25 2.20 2.28 2.46 2.75 3.13 3.59 4.12 4.70 5.32 5.97 6.64 7.32 7.99 8.63 9.20 9.69 10.08 10.35 10.52 10.58 10.58 10.54 10.47 10.36 10.22 10.03 9.81 9.56 9.26 8.93 8.56 8.15 7.71 7.23 6.71 6.15 5.58 5.03 4.49 3.95 3.41 2.88 2.36 1.87 1.47 1.17 0.95 0.80 0.73 0.72 0.75 0.83 0.95 1.09 1.24 1.41 1.57 1.72 1.86 1.97 2.04 2.06
11.28 11.17 11.00 10.75 10.44 10.04 9.56 9.00 8.37 7.68 6.92 6.11 5.31 4.53 3.78 3.06 2.44 1.98 1.68 1.53 1.53 1.66 1.91 2.26 2.71 3.24 3.85 4.51 5.23 5.98 6.75 7.52 8.25 8.94 9.55 10.06 10.46 10.73 10.90 10.97 10.97 10.93 10.84 10.72 10.55 10.34 10.08 9.78 9.44 9.06 8.63 8.16 7.64 7.08 6.51 5.96 5.41 4.87 4.32 3.78 3.23 2.70 2.18 1.70 1.31 1.01 0.79 0.65 0.58 0.57 0.62 0.70 0.82 0.96 1.12 1.29 1.46 1.62 1.76 1.87 1.94
11.33 11.24 11.07 10.83 10.51 10.10 9.61 9.04 8.39 7.67 6.89 6.07 5.24 4.44 3.67 2.94 2.26 1.68 1.26 1.01 0.93 0.99 1.18 1.51 1.94 2.48 3.11 3.81 4.58 5.40 6.24 7.09 7.91 8.70 9.42 10.05 10.55 10.93 11.19 11.34 11.40 11.38 11.32 11.21 11.05 10.84 10.58 10.28 9.92 9.51 9.06 8.55 8.00 7.43 6.88 6.34 5.80 5.26 4.71 4.15 3.60 3.06 2.53 2.01 1.54 1.15 0.86 0.65 0.52 0.46 0.46 0.51 0.60 0.73 0.88 1.04 1.22 1.40 1.56 1.71 1.82
11.33 11.25 11.10 10.87 10.55 10.14 9.64 9.05 8.39 7.66 6.86 6.02 5.18 4.37 3.59 2.85 2.16 1.52 1.00 0.64 0.47 0.46 0.60 0.88 1.30 1.83 2.47 3.21 4.02 4.89 5.80 6.71 7.61 8.49 9.31 10.04 10.63 11.10 11.44 11.67 11.80 11.82 11.78 11.68 11.52 11.31 11.04 10.72 10.35 9.91 9.43 8.89 8.33 7.79 7.25 6.73 6.20 5.66 5.10 4.54 3.98 3.43 2.88 2.36 1.85 1.39 1.01 0.73 0.53 0.41 0.36 0.37 0.43 0.53 0.66 0.83 1.01 1.20 1.39 1.56 1.70
11.27 11.22 11.09 10.88 10.56 10.15 9.64 9.05 8.39 7.64 6.84 5.98 5.13 4.31 3.52 2.78 2.09 1.45 0.88 0.43 0.16 0.07 0.15 0.39 0.78 1.31 1.96 2.72 3.56 4.46 5.41 6.38 7.35 8.30 9.21 10.03 10.71 11.25 11.67 11.97 12.15 12.23 12.20 12.11 11.95 11.73 11.46 11.12 10.71 10.25 9.73 9.19 8.66 8.15 7.64 7.12 6.60 6.07 5.51 4.94 4.37 3.81 3.25 2.71 2.19 1.70 1.25 0.88 0.61 0.43 0.32 0.28 0.30 0.38 0.49 0.65 0.83 1.03 1.24 1.43 1.60
11.16 11.16 11.05 10.85 10.54 10.13 9.63 9.04 8.37 7.62 6.81 5.94 5.09 4.26 3.48 2.73 2.04 1.41 0.85 0.37 0.01 0.00 0.00 0.04 0.40 0.91 1.56 2.32 3.18 4.11 5.09 6.11 7.13 8.15 9.13 10.03 10.78 11.39 11.87 12.22 12.45 12.56 12.58 12.49 12.33 12.10 11.80 11.44 11.01 10.51 10.00 9.49 9.00 8.51 8.03 7.53 7.02 6.48 5.92 5.35 4.77 4.20 3.63 3.08 2.55 2.04 1.56 1.12 0.77 0.52 0.35 0.26 0.23 0.27 0.37 0.52 0.70 0.90 1.12 1.32 1.51
11.03 11.06 10.98 10.79 10.49 10.09 9.59 9.00 8.33 7.59 6.77 5.91 5.05 4.23 3.44 2.71 2.03 1.41 0.86 0.39 0.01 0.00 0.00 0.00 0.16 0.64 1.28 2.03 2.89 3.84 4.84 5.89 6.96 8.02 9.07 10.03 10.84 11.51 12.04 12.43 12.69 12.84 12.88 12.81 12.64 12.39 12.07 11.68 11.22 10.73 10.26 9.80 9.34 8.88 8.42 7.94 7.44 6.91 6.34 5.76 5.18 4.60 4.03 3.47 2.92 2.40 1.90 1.43 1.01 0.68 0.44 0.29 0.22 0.23 0.30 0.44 0.61 0.81 1.03 1.24 1.45
10.85 10.92 10.86 10.68 10.40 10.01 9.52 8.95 8.29 7.55 6.74 5.87 5.02 4.20 3.43 2.70 2.04 1.43 0.90 0.45 0.09 0.00 0.00 0.00 0.05 0.50 1.11 1.84 2.70 3.64 4.66 5.72 6.82 7.93 9.03 10.04 10.91 11.61 12.18 12.60 12.89 13.05 13.10 13.04 12.87 12.60 12.26 11.84 11.38 10.95 10.52 10.10 9.69 9.26 8.82 8.36 7.87 7.34 6.78 6.19 5.60 5.02 4.43 3.86 3.30 2.76 2.25 1.77 1.32 0.92 0.61 0.40 0.28 0.25 0.30 0.41 0.57 0.76 0.97 1.19 1.40
