data_processed/recharge/precip/Precip_1986_01.asc
ncols        168
nrows        136
xllcorner    455000
yllcorner    2107000
cellsize     500
NODATA_value     -99999
[rows 76 to 113 of 136, columns 0 to 83 of 168]
1.38 1.10 0.84 0.57 0.32 0.08 0.00 0.00 0.00 0.00 0.00 0.00 0.00 0.00 0.00 0.00 0.00 0.00 0.12 0.28 0.40 0.50 0.57 0.62 0.64 0.64 0.61 0.57 0.51 0.44 0.35 0.28 0.23 0.18 0.15 0.13 0.11 0.10 0.09 0.09 0.09 0.08 0.07 0.07 0.06 0.05 0.04 0.03 0.02 0.01 0.00 0.00 0.00 0.00 0.00 0.00 0.00 0.00 0.00 0.00 0.00 0.00 0.00 0.00 0.01 0.02 0.03 0.04 0.05 0.06 0.07 0.08 0.08 0.08 0.07 0.07 0.06 0.05 0.05 0.04 0.03 0.02 0.02 0.01
1.63 1.35 1.08 0.81 0.55 0.31 0.07 0.00 0.00 0.00 0.00 0.00 0.00 0.00 0.00 0.00 0.00 0.00 0.11 0.26 0.39 0.49 0.56 0.61 0.63 0.62 0.60 0.55 0.49 0.41 0.33 0.27 0.22 0.18 0.15 0.13 0.12 0.11 0.11 0.11 0.10 0.10 0.09 0.08 0.08 0.07 0.06 0.05 0.04 0.03 0.01 0.00 0.00 0.00 0.00 0.00 0.00 0.00 0.00 0.00 0.00 0.00 0.00 0.00 0.00 0.02 0.03 0.04 0.05 0.06 0.07 0.07 0.08 0.08 0.08 0.07 0.06 0.06 0.05 0.04 0.03 0.02 0.02 0.01
1.88 1.60 1.32 1.05 0.78 0.53 0.28 0.06 0.00 0.00 0.00 0.00 0.00 0.00 0.00 0.00 0.00 0.00 0.09 0.25 0.37 0.47 0.54 0.58 0.60 0.59 0.56 0.51 0.44 0.37 0.31 0.26 0.21 0.18 0.15 0.14 0.13 0.13 0.13 0.12 0.12 0.12 0.11 0.11 0.10 0.09 0.08 0.07 0.06 0.04 0.03 0.02 0.01 0.00 0.00 0.00 0.00 0.00 0.00 0.00 0.00 0.00 0.00 0.00 0.00 0.01 0.02 0.04 0.05 0.05 0.06 0.07 0.07 0.07 0.07 0.07 0.06 0.06 0.05 0.04 0.03 0.02 0.02 0.01
2.13 1.84 1.55 1.27 1.00 0.74 0.49 0.26 0.04 0.00 0.00 0.00 0.00 0.00 0.00 0.00 0.00 0.00 0.08 0.23 0.35 0.44 0.50 0.54 0.55 0.53 0.49 0.44 0.38 0.33 0.28 0.24 0.20 0.18 0.16 0.15 0.14 0.14 0.14 0.14 0.14 0.14 0.13 0.13 0.12 0.11 0.10 0.09 0.08 0.06 0.05 0.04 0.03 0.02 0.00 0.00 0.00 0.00 0.00 0.00 0.00 0.00 0.00 0.00 0.00 0.01 0.02 0.03 0.04 0.05 0.06 0.06 0.07 0.07 0.07 0.07 0.06 0.06 0.05 0.04 0.03 0.03 0.02 0.01
2.36 2.06 1.77 1.49 1.21 0.94 0.69 0.45 0.22 0.02 0.00 0.00 0.00 0.00 0.00 0.00 0.00 0.00 0.06 0.20 0.32 0.40 0.45 0.48 0.48 0.46 0.41 0.37 0.32 0.28 0.25 0.22 0.20 0.18 0.16 0.16 0.16 0.16 0.16 0.16 0.16 0.16 0.16 0.15 0.14 0.13 0.12 0.11 0.10 0.09 0.07 0.06 0.05 0.03 0.02 0.01 0.00 0.00 0.00 0.00 0.00 0.00 0.00 0.00 0.00 0.01 0.02 0.02 0.03 0.04 0.05 0.05 0.06 0.06 0.06 0.06 0.06 0.06 0.05 0.04 0.03 0.03 0.02 0.01
2.57 2.28 1.98 1.69 1.41 1.14 0.88 0.63 0.40 0.19 0.00 0.00 0.00 0.00 0.00 0.00 0.00 0.00 0.04 0.18 0.28 0.35 0.39 0.41 0.40 0.36 0.33 0.29 0.26 0.24 0.22 0.20 0.19 0.18 0.17 0.17 0.17 0.17 0.18 0.19 0.19 0.19 0.18 0.17 0.17 0.16 0.15 0.13 0.12 0.11 0.10 0.08 0.07 0.05 0.04 0.03 0.01 0.00 0.00 0.00 0.00 0.00 0.00 0.00 0.00 0.00 0.01 0.02 0.03 0.03 0.04 0.04 0.05 0.05 0.05 0.05 0.05 0.05 0.05 0.04 0.03 0.03 0.02 0.01
2.77 2.47 2.17 1.88 1.59 1.31 1.05 0.80 0.56 0.34 0.15 0.00 0.00 0.00 0.00 0.00 0.00 0.00 0.02 0.14 0.24 0.29 0.32 0.32 0.30 0.27 0.25 0.23 0.21 0.20 0.19 0.18 0.18 0.17 0.18 0.18 0.18 0.19 0.20 0.21 0.21 0.21 0.21 0.20 0.19 0.18 0.17 0.16 0.15 0.13 0.12 0.10 0.09 0.07 0.06 0.04 0.03 0.02 0.01 0.00 0.00 0.00 0.00 0.00 0.00 0.00 0.01 0.01 0.02 0.02 0.03 0.03 0.04 0.04 0.04 0.05 0.05 0.05 0.04 0.04 0.03 0.03 0.02 0.01
2.95 2.64 2.34 2.04 1.75 1.47 1.20 0.95 0.71 0.49 0.29 0.11 0.00 0.00 0.00 0.00 0.00 0.00 0.00 0.11 0.18 0.23 0.24 0.23 0.21 0.19 0.18 0.17 0.17 0.16 0.16 0.16 0.17 0.17 0.18 0.19 0.20 0.21 0.22 0.23 0.24 0.24 0.23 0.23 0.22 0.21 0.20 0.19 0.17 0.16 0.14 0.13 0.11 0.09 0.08 0.06 0.05 0.03 0.02 0.01 0.00 0.00 0.00 0.00 0.00 0.00 0.00 0.01 0.01 0.01 0.02 0.02 0.03 0.03 0.03 0.04 0.04 0.04 0.04 0.03 0.03 0.03 0.02 0.01
3.10 2.80 2.49 2.19 1.90 1.61 1.34 1.08 0.84 0.61 0.41 0.22 0.07 0.00 0.00 0.00 0.00 0.00 0.00 0.07 0.13 0.15 0.15 0.14 0.13 0.13 0.13 0.13 0.13 0.14 0.15 0.16 0.17 0.18 0.19 0.20 0.22 0.23 0.25 0.26 0.26 0.26 0.26 0.26 0.25 0.24 0.23 0.21 0.20 0.19 0.17 0.15 0.14 0.12 0.10 0.08 0.07 0.05 0.04 0.02 0.01 0.00 0.00 0.00 0.00 0.00 0.00 0.00 0.00 0.01 0.01 0.01 0.02 0.02 0.02 0.02 0.03 0.03 0.03 0.03 0.03 0.02 0.02 0.01
3.23 2.92 2.61 2.31 2.02 1.73 1.45 1.19 0.94 0.72 0.51 0.32 0.16 0.02 0.00 0.00 0.00 0.00 0.00 0.03 0.07 0.07 0.07 0.07 0.08 0.08 0.09 0.10 0.11 0.13 0.14 0.16 0.17 0.19 0.20 0.22 0.24 0.25 0.27 0.28 0.29 0.29 0.29 0.28 0.28 0.27 0.26 0.24 0.23 0.21 0.20 0.18 0.16 0.14 0.12 0.10 0.09 0.07 0.05 0.04 0.02 0.01 0.00 0.00 0.00 0.00 0.00 0.00 0.00 0.00 0.00 0.00 0.00 0.01 0.01 0.01 0.01 0.02 0.02 0.02 0.02 0.02 0.02 0.01
3.33 3.02 2.71 2.41 2.11 1.82 1.54 1.28 1.03 0.80 0.59 0.40 0.23 0.09 0.00 0.00 0.00 0.00 0.00 0.00 0.00 0.01 0.02 0.03 0.05 0.06 0.08 0.09 0.11 0.13 0.15 0.17 0.19 0.21 0.23 0.25 0.26 0.28 0.30 0.31 0.32 0.32 0.32 0.32 0.31 0.30 0.29 0.27 0.26 0.24 0.22 0.21 0.19 0.17 0.15 0.13 0.11 0.09 0.07 0.05 0.04 0.02 0.01 0.00 0.00 0.00 0.00 0.00 0.00 0.00 0.00 0.00 0.00 0.00 0.00 0.00 0.00 0.00 0.01 0.01 0.01 0.01 0.01 0.01
3.40 3.09 2.78 2.47 2.18 1.89 1.61 1.34 1.09 0.85 0.64 0.45 0.28 0.14 0.02 0.00 0.00 0.00 0.00 0.00 0.00 0.00 0.00 0.02 0.04 0.06 0.08 0.11 0.13 0.15 0.17 0.20 0.22 0.24 0.26 0.28 0.30 0.31 0.33 0.34 0.35 0.35 0.35 0.35 0.34 0.33 0.32 0.30 0.29 0.27 0.25 0.23 0.21 0.19 0.17 0.15 0.13 0.11 0.09 0.07 0.05 0.04 0.02 0.01 0.00 0.00 0.00 0.00 0.00 0.00 0.00 0.00 0.00 0.00 0.00 0.00 0.00 0.00 0.00 0.00 0.00 0.00 0.00 0.00
3.43 3.12 2.81 2.51 2.21 1.92 1.64 1.37 1.12 0.88 0.67 0.47 0.30 0.16 0.04 0.00 0.00 0.00 0.00 0.00 0.00 0.00 0.00 0.03 0.06 0.09 0.11 0.14 0.17 0.19 0.22 0.24 0.27 0.29 0.31 0.33 0.34 0.36 0.37 0.38 0.38 0.38 0.38 0.38 0.37 0.36 0.35 0.34 0.32 0.30 0.28 0.26 0.24 0.22 0.20 0.17 0.15 0.13 0.11 0.09 0.07 0.05 0.03 0.02 0.00 0.00 0.00 0.00 0.00 0.00 0.00 0.00 0.00 0.00 0.00 0.00 0.00 0.00 0.00 0.00 0.00 0.00 0.00 0.00
3.34 3.04 2.74 2.44 2.15 1.86 1.59 1.33 1.08 0.85 0.64 0.45 0.28 0.14 0.03 0.00 0.00 0.00 0.00 0.00 0.00 0.00 0.03 0.06 0.10 0.13 0.16 0.19 0.22 0.25 0.28 0.30 0.33 0.35 0.37 0.38 0.40 0.41 0.42 0.42 0.42 0.42 0.41 0.41 0.40 0.39 0.38 0.36 0.35 0.33 0.31 0.29 0.27 0.24 0.22 0.20 0.17 0.15 0.12 0.10 0.08 0.06 0.04 0.03 0.01 0.00 0.00 0.00 0.00 0.00 0.00 0.00 0.00 0.00 0.00 0.00 0.00 0.00 0.00 0.00 0.00 0.00 0.00 0.00
3.06 2.78 2.50 2.22 1.94 1.67 1.42 1.17 0.94 0.72 0.53 0.35 0.20 0.08 0.00 0.00 0.00 0.00 0.00 0.00 0.00 0.01 0.05 0.09 0.13 0.17 0.21 0.24 0.27 0.31 0.34 0.36 0.39 0.41 0.43 0.44 0.45 0.46 0.47 0.47 0.46 0.45 0.43 0.43 0.42 0.41 0.40 0.38 0.37 0.35 0.33 0.31 0.28 0.26 0.24 0.21 0.19 0.16 0.14 0.12 0.09 0.07 0.05 0.03 0.01 0.00 0.00 0.00 0.00 0.00 0.00 0.00 0.00 0.00 0.00 0.00 0.00 0.00 0.00 0.00 0.00 0.00 0.00 0.00
2.61 2.35 2.10 1.85 1.61 1.37 1.14 0.92 0.72 0.54 0.37 0.22 0.10 0.00 0.00 0.00 0.00 0.00 0.00 0.00 0.00 0.02 0.07 0.12 0.16 0.21 0.25 0.29 0.32 0.36 0.39 0.42 0.45 0.47 0.49 0.50 0.51 0.52 0.52 0.51 0.50 0.47 0.45 0.44 0.43 0.42 0.41 0.40 0.38 0.36 0.34 0.32 0.30 0.28 0.25 0.23 0.20 0.18 0.15 0.13 0.10 0.08 0.06 0.04 0.02 0.00 0.00 0.00 0.00 0.00 0.00 0.00 0.00 0.00 0.00 0.00 0.00 0.00 0.00 0.00 0.00 0.00 0.00 0.00
2.00 1.79 1.58 1.37 1.17 0.97 0.78 0.61 0.45 0.30 0.18 0.07 0.00 0.00 0.00 0.00 0.00 0.00 0.00 0.00 0.00 0.02 0.08 0.13 0.19 0.24 0.29 0.33 0.37 0.41 0.44 0.47 0.50 0.52 0.54 0.56 0.57 0.57 0.57 0.55 0.53 0.50 0.47 0.45 0.44 0.43 0.41 0.40 0.39 0.37 0.35 0.33 0.31 0.29 0.26 0.24 0.21 0.19 0.16 0.14 0.11 0.09 0.07 0.04 0.02 0.00 0.00 0.00 0.00 0.00 0.00 0.00 0.00 0.00 0.00 0.00 0.00 0.00 0.00 0.00 0.00 0.00 0.00 0.00
1.26 1.11 0.95 0.80 0.65 0.51 0.37 0.25 0.15 0.05 0.00 0.00 0.00 0.00 0.00 0.00 0.00 0.00 0.00 0.00 0.00 0.03 0.09 0.15 0.21 0.26 0.32 0.37 0.41 0.46 0.49 0.53 0.56 0.58 0.60 0.61 0.62 0.62 0.61 0.59 0.56 0.53 0.49 0.46 0.44 0.42 0.41 0.40 0.39 0.37 0.35 0.34 0.31 0.29 0.27 0.24 0.22 0.20 0.17 0.15 0.12 0.10 0.07 0.04 0.02 0.00 0.00 0.00 0.00 0.00 0.00 0.00 0.00 0.00 0.00 0.00 0.00 0.00 0.00 0.00 0.00 0.00 0.00 0.00
0.45 0.33 0.24 0.16 0.07 0.00 0.00 0.00 0.00 0.00 0.00 0.00 0.00 0.00 0.00 0.00 0.00 0.00 0.00 0.00 0.00 0.03 0.09 0.16 0.22 0.29 0.35 0.40 0.45 0.50 0.54 0.58 0.61 0.63 0.65 0.67 0.67 0.67 0.65 0.63 0.59 0.55 0.51 0.48 0.45 0.42 0.41 0.39 0.38 0.37 0.35 0.33 0.32 0.29 0.27 0.25 0.23 0.20 0.18 0.15 0.13 0.10 0.07 0.04 0.02 0.00 0.00 0.00 0.00 0.00 0.00 0.00 0.00 0.00 0.00 0.00 0.00 0.00 0.00 0.00 0.00 0.00 0.00 0.00
0.00 0.00 0.00 0.00 0.00 0.00 0.00 0.00 0.00 0.00 0.00 0.00 0.00 0.00 0.00 0.00 0.00 0.00 0.00 0.00 0.00 0.03 0.09 0.16 0.23 0.30 0.37 0.43 0.48 0.54 0.58 0.62 0.66 0.68 0.70 0.72 0.72 0.71 0.69 0.66 0.62 0.57 0.53 0.49 0.45 0.42 0.40 0.38 0.37 0.36 0.35 0.33 0.31 0.29 0.27 0.25 0.23 0.21 0.18 0.16 0.13 0.10 0.07 0.04 0.01 0.00 0.00 0.00 0.00 0.00 0.00 0.00 0.00 0.00 0.00 0.00 0.00 0.00 0.00 0.00 0.00 0.00 0.00 0.00
0.00 0.00 0.00 0.00 0.00 0.00 0.00 0.00 0.00 0.00 0.00 0.00 0.00 0.00 0.00 0.00 0.00 0.00 0.00 0.00 0.00 0.03 0.09 0.16 0.24 0.31 0.38 0.45 0.51 0.57 0.62 0.66 0.70 0.73 0.75 0.76 0.75 0.74 0.72 0.68 0.64 0.59 0.54 0.50 0.46 0.43 0.40 0.38 0.36 0.35 0.34 0.32 0.31 0.29 0.27 0.25 0.23 0.21 0.19 0.16 0.13 0.10 0.07 0.04 0.01 0.00 0.00 0.00 0.00 0.00 0.00 0.00 0.00 0.00 0.00 0.00 0.00 0.00 0.00 0.00 0.00 0.00 0.00 0.00
0.00 0.00 0.00 0.00 0.00 0.00 0.00 0.00 0.00 0.00 0.00 0.00 0.00 0.00 0.00 0.00 0.00 0.00 0.00 0.00 0.00 0.03 0.09 0.17 0.24 0.31 0.39 0.46 0.53 0.59 0.65 0.69 0.73 0.76 0.78 0.79 0.78 0.77 0.74 0.71 0.66 0.61 0.56 0.51 0.47 0.43 0.40 0.37 0.35 0.33 0.32 0.31 0.30 0.29 0.27 0.26 0.24 0.21 0.19 0.16 0.13 0.10 0.06 0.03 0.00 0.00 0.00 0.00 0.00 0.00 0.00 0.00 0.00 0.00 0.00 0.00 0.00 0.00 0.00 0.00 0.00 0.00 0.00 0.00
0.00 0.00 0.00 0.00 0.00 0.00 0.00 0.00 0.00 0.00 0.00 0.00 0.00 0.00 0.00 0.00 0.00 0.00 0.00 0.00 0.00 0.02 0.09 0.17 0.24 0.32 0.39 0.47 0.54 0.61 0.67 0.72 0.76 0.79 0.81 0.81 0.81 0.79 0.76 0.73 0.68 0.63 0.57 0.52 0.48 0.44 0.40 0.37 0.34 0.32 0.31 0.30 0.29 0.28 0.27 0.25 0.23 0.21 0.18 0.15 0.12 0.09 0.06 0.03 0.00 0.00 0.00 0.00 0.00 0.00 0.00 0.00 0.00 0.00 0.00 0.00 0.00 0.00 0.00 0.00 0.00 0.00 0.00 0.00
0.00 0.00 0.00 0.00 0.00 0.00 0.00 0.00 0.00 0.00 0.00 0.00 0.00 0.00 0.00 0.00 0.00 0.00 0.00 0.00 0.00 0.02 0.09 0.17 0.24 0.32 0.39 0.47 0.55 0.62 0.68 0.74 0.78 0.81 0.82 0.83 0.82 0.80 0.78 0.74 0.69 0.64 0.58 0.53 0.49 0.44 0.40 0.37 0.34 0.32 0.30 0.29 0.28 0.27 0.26 0.25 0.23 0.20 0.17 0.15 0.11 0.08 0.05 0.02 0.00 0.00 0.00 0.00 0.00 0.00 0.00 0.00 0.00 0.00 0.00 0.00 0.00 0.00 0.00 0.00 0.00 0.00 0.00 0.00
0.00 0.00 0.00 0.00 0.00 0.00 0.00 0.00 0.00 0.00 0.00 0.00 0.00 0.00 0.00 0.00 0.00 0.00 0.00 0.00 0.00 0.02 0.09 0.16 0.24 0.32 0.39 0.47 0.55 0.62 0.69 0.74 0.78 0.81 0.83 0.84 0.83 0.81 0.79 0.75 0.70 0.65 0.59 0.54 0.49 0.45 0.41 0.37 0.34 0.32 0.30 0.28 0.27 0.26 0.25 0.24 0.22 0.19 0.16 0.13 0.10 0.07 0.04 0.01 0.00 0.00 0.00 0.00 0.00 0.00 0.00 0.00 0.00 0.00 0.00 0.00 0.00 0.00 0.00 0.00 0.00 0.00 0.00 0.00
0.00 0.00 0.00 0.00 0.00 0.00 0.00 0.00 0.00 0.00 0.00 0.00 0.00 0.00 0.00 0.00 0.00 0.00 0.00 0.00 0.00 0.02 0.09 0.16 0.24 0.31 0.39 0.47 0.55 0.62 0.68 0.74 0.78 0.81 0.83 0.83 0.83 0.81 0.79 0.75 0.71 0.65 0.60 0.55 0.50 0.46 0.42 0.38 0.35 0.32 0.30 0.28 0.26 0.25 0.24 0.22 0.20 0.18 0.15 0.12 0.09 0.06 0.03 0.00 0.00 0.00 0.00 0.00 0.00 0.00 0.00 0.00 0.00 0.00 0.00 0.00 0.00 0.00 0.00 0.00 0.00 0.00 0.00 0.00
0.00 0.00 0.00 0.00 0.00 0.00 0.00 0.00 0.00 0.00 0.00 0.00 0.00 0.00 0.00 0.00 0.00 0.00 0.00 0.00 0.00 0.01 0.08 0.16 0.23 0.31 0.39 0.46 0.54 0.60 0.66 0.72 0.76 0.79 0.81 0.82 0.82 0.81 0.78 0.75 0.71 0.66 0.60 0.55 0.51 0.46 0.42 0.39 0.36 0.33 0.30 0.28 0.26 0.24 0.22 0.20 0.18 0.16 0.13 0.11 0.08 0.04 0.01 0.00 0.00 0.00 0.00 0.00 0.00 0.00 0.00 0.00 0.00 0.00 0.00 0.00 0.00 0.00 0.00 0.00 0.00 0.00 0.00 0.00
0.00 0.00 0.00 0.00 0.00 0.00 0.00 0.00 0.00 0.00 0.00 0.00 0.00 0.00 0.00 0.00 0.00 0.00 0.00 0.00 0.00 0.01 0.08 0.15 0.23 0.31 0.38 0.45 0.52 0.58 0.64 0.69 0.73 0.77 0.79 0.80 0.80 0.79 0.77 0.74 0.70 0.65 0.61 0.56 0.51 0.47 0.43 0.40 0.37 0.34 0.31 0.28 0.26 0.23 0.20 0.18 0.16 0.14 0.11 0.09 0.06 0.03 0.00 0.00 0.00 0.00 0.00 0.00 0.00 0.00 0.00 0.00 0.00 0.00 0.00 0.00 0.00 0.00 0.00 0.00 0.00 0.00 0.00 0.00
0.00 0.00 0.00 0.00 0.00 0.00 0.00 0.00 0.00 0.00 0.00 0.00 0.00 0.00 0.00 0.00 0.00 0.00 0.00 0.00 0.00 0.00 0.07 0.15 0.22 0.30 0.37 0.44 0.50 0.56 0.61 0.65 0.69 0.73 0.75 0.77 0.78 0.77 0.75 0.73 0.69 0.65 0.60 0.56 0.52 0.48 0.44 0.41 0.38 0.35 0.32 0.28 0.25 0.22 0.19 0.16 0.14 0.11 0.09 0.06 0.04 0.01 0.00 0.00 0.00 0.00 0.00 0.00 0.00 0.00 0.00 0.00 0.00 0.00 0.00 0.00 0.00 0.00 0.00 0.00 0.00 0.00 0.00 0.00
0.00 0.00 0.00 0.00 0.00 0.00 0.00 0.00 0.00 0.00 0.00 0.00 0.00 0.00 0.00 0.00 0.00 0.00 0.00 0.00 0.00 0.00 0.07 0.14 0.21 0.29 0.35 0.41 0.47 0.52 0.57 0.61 0.65 0.68 0.71 0.73 0.74 0.74 0.73 0.71 0.68 0.64 0.60 0.56 0.52 0.48 0.45 0.42 0.39 0.36 0.32 0.28 0.25 0.21 0.18 0.15 0.11 0.09 0.06 0.04 0.01 0.00 0.00 0.00 0.00 0.00 0.00 0.00 0.00 0.00 0.00 0.00 0.00 0.00 0.00 0.00 0.00 0.00 0.00 0.00 0.00 0.00 0.00 0.00
0.00 0.00 0.00 0.00 0.00 0.00 0.00 0.00 0.00 0.00 0.00 0.00 0.00 0.00 0.00 0.00 0.00 0.00 0.00 0.00 0.00 0.00 0.06 0.13 0.20 0.27 0.33 0.38 0.44 0.49 0.53 0.57 0.60 0.63 0.66 0.68 0.70 0.70 0.70 0.68 0.66 0.62 0.59 0.55 0.52 0.49 0.46 0.43 0.40 0.36 0.32 0.28 0.24 0.20 0.17 0.13 0.09 0.06 0.04 0.01 0.00 0.00 0.00 0.00 0.00 0.00 0.00 0.00 0.00 0.00 0.00 0.00 0.00 0.00 0.00 0.00 0.00 0.00 0.00 0.00 0.00 0.00 0.00 0.00
0.00 0.00 0.00 0.00 0.00 0.00 0.00 0.00 0.00 0.00 0.00 0.00 0.00 0.00 0.00 0.00 0.00 0.00 0.00 0.00 0.00 0.00 0.06 0.12 0.18 0.24 0.30 0.35 0.40 0.44 0.48 0.52 0.55 0.58 0.61 0.63 0.64 0.65 0.66 0.65 0.63 0.60 0.57 0.55 0.52 0.49 0.46 0.43 0.40 0.36 0.32 0.28 0.24 0.20 0.15 0.11 0.08 0.04 0.01 0.00 0.00 0.00 0.00 0.00 0.00 0.00 0.00 0.00 0.00 0.00 0.00 0.00 0.00 0.00 0.00 0.00 0.00 0.00 0.00 0.00 0.00 0.00 0.00 0.00
0.00 0.00 0.00 0.00 0.00 0.00 0.00 0.00 0.00 0.00 0.00 0.00 0.00 0.00 0.00 0.00 0.00 0.00 0.00 0.00 0.00 0.00 0.05 0.10 0.16 0.21 0.26 0.31 0.35 0.39 0.43 0.47 0.50 0.53 0.55 0.57 0.59 0.60 0.61 0.61 0.60 0.58 0.56 0.54 0.51 0.49 0.46 0.43 0.40 0.36 0.32 0.27 0.23 0.18 0.14 0.10 0.06 0.02 0.00 0.00 0.00 0.00 0.00 0.00 0.00 0.00 0.00 0.00 0.00 0.00 0.00 0.00 0.00 0.00 0.00 0.00 0.00 0.00 0.00 0.00 0.00 0.00 0.00 0.00
0.26 0.21 0.15 0.09 0.04 0.00 0.00 0.00 0.00 0.00 0.00 0.00 0.00 0.00 0.00 0.00 0.00 0.00 0.00 0.00 0.00 0.00 0.03 0.08 0.13 0.18 0.22 0.27 0.31 0.34 0.38 0.41 0.44 0.47 0.49 0.51 0.53 0.54 0.55 0.56 0.56 0.55 0.53 0.52 0.50 0.48 0.45 0.42 0.39 0.35 0.30 0.26 0.22 0.17 0.13 0.08 0.04 0.00 0.00 0.00 0.00 0.00 0.00 0.00 0.00 0.00 0.00 0.00 0.00 0.00 0.00 0.00 0.00 0.00 0.00 0.00 0.00 0.00 0.00 0.00 0.00 0.00 0.00 0.00
0.50 0.43 0.36 0.28 0.21 0.14 0.07 0.01 0.00 0.00 0.00 0.00 0.00 0.00 0.00 0.00 0.00 0.00 0.00 0.00 0.00 0.00 0.01 0.06 0.10 0.14 0.18 0.22 0.25 0.29 0.32 0.35 0.38 0.40 0.43 0.45 0.47 0.48 0.50 0.51 0.51 0.51 0.51 0.50 0.48 0.46 0.44 0.40 0.37 0.33 0.29 0.25 0.20 0.16 0.11 0.07 0.02 0.00 0.00 0.00 0.00 0.00 0.00 0.00 0.00 0.00 0.00 0.00 0.00 0.00 0.00 0.00 0.00 0.00 0.00 0.00 0.00 0.00 0.00 0.00 0.00 0.00 0.00 0.00
0.59 0.51 0.43 0.35 0.28 0.20 0.13 0.06 0.00 0.00 0.00 0.00 0.00 0.00 0.00 0.00 0.00 0.00 0.00 0.00 0.00 0.00 0.00 0.03 0.06 0.10 0.13 0.17 0.20 0.23 0.26 0.29 0.31 0.34 0.36 0.38 0.40 0.42 0.44 0.45 0.46 0.47 0.47 0.47 0.45 0.43 0.41 0.38 0.35 0.31 0.27 0.22 0.18 0.14 0.09 0.05 0.00 0.00 0.00 0.00 0.00 0.00 0.00 0.00 0.00 0.00 0.00 0.00 0.00 0.00 0.00 0.00 0.00 0.00 0.00 0.00 0.00 0.00 0.00 0.00 0.00 0.00 0.00 0.00
0.57 0.49 0.41 0.33 0.26 0.18 0.11 0.04 0.00 0.00 0.00 0.00 0.00 0.00 0.00 0.00 0.00 0.00 0.00 0.00 0.00 0.00 0.00 0.03 0.06 0.09 0.11 0.14 0.17 0.19 0.22 0.24 0.27 0.29 0.31 0.33 0.35 0.37 0.38 0.40 0.41 0.42 0.43 0.42 0.41 0.40 0.37 0.35 0.32 0.28 0.24 0.20 0.16 0.11 0.07 0.03 0.00 0.00 0.00 0.00 0.00 0.00 0.00 0.00 0.00 0.00 0.00 0.00 0.00 0.00 0.00 0.00 0.00 0.00 0.00 0.00 0.00 0.00 0.00 0.00 0.00 0.00 0.00 0.00
0.53 0.45 0.37 0.30 0.22 0.15 0.08 0.01 0.00 0.00 0.00 0.00 0.00 0.00 0.00 0.00 0.00 0.00 0.00 0.05 0.08 0.09 0.11 0.13 0.14 0.16 0.17 0.19 0.21 0.22 0.24 0.25 0.27 0.28 0.29 0.31 0.32 0.33 0.34 0.35 0.36 0.37 0.38 0.38 0.37 0.36 0.34 0.31 0.28 0.25 0.21 0.17 0.13 0.09 0.05 0.01 0.00 0.00 0.00 0.00 0.00 0.00 0.00 0.00 0.00 0.00 0.00 0.00 0.00 0.00 0.00 0.00 0.00 0.00 0.00 0.00 0.00 0.00 0.00 0.00 0.00 0.00 0.00 0.00
