data_processed/recharge/precip/Precip_1998_07.asc
ncols        168
nrows        136
xllcorner    455000
yllcorner    2107000
cellsize     500
NODATA_value     -99999
[rows 66 to 98 of 136, columns 74 to 147 of 168]
55.51 53.57 51.74 50.07 48.55 47.19 45.97 44.89 43.96 43.17 42.52 42.00 41.61 41.36 41.23 41.23 41.35 41.59 41.96 42.43 43.02 43.72 44.53 45.45 46.46 47.58 48.80 50.12 51.52 53.01 54.52 56.00 57.44 58.84 60.19 61.51 62.79 64.03 65.23 66.39 67.52 68.60 69.65 70.66 71.63 72.57 73.46 74.32 75.15 75.93 76.68 77.40 78.08 78.72 79.33 79.90 80.44 80.94 81.42 81.91 82.43 82.98 83.57 84.18 84.82 85.50 86.21 86.95 87.73 88.54 89.39 90.28 91.20 92.15
55.37 53.37 51.50 49.78 48.22 46.81 45.56 44.47 43.51 42.71 42.05 41.53 41.15 40.91 40.79 40.82 40.97 41.24 41.64 42.16 42.80 43.56 44.43 45.42 46.51 47.71 49.01 50.42 51.91 53.44 54.96 56.45 57.90 59.31 60.69 62.02 63.31 64.57 65.79 66.97 68.11 69.21 70.27 71.30 72.29 73.24 74.16 75.04 75.88 76.68 77.45 78.19 78.89 79.55 80.18 80.77 81.33 81.85 82.35 82.86 83.40 83.98 84.58 85.22 85.89 86.59 87.33 88.10 88.90 89.75 90.62 91.54 92.49 93.48
55.35 53.29 51.36 49.59 47.99 46.55 45.27 44.15 43.18 42.37 41.70 41.18 40.81 40.57 40.48 40.52 40.70 41.01 41.45 42.02 42.71 43.53 44.46 45.52 46.68 47.97 49.36 50.84 52.37 53.89 55.40 56.89 58.36 59.78 61.17 62.52 63.83 65.11 66.34 67.53 68.69 69.81 70.89 71.94 72.94 73.91 74.85 75.74 76.60 77.43 78.22 78.97 79.69 80.37 81.01 81.63 82.20 82.75 83.26 83.80 84.36 84.96 85.59 86.25 86.94 87.67 88.44 89.23 90.07 90.94 91.84 92.79 93.77 94.79
55.44 53.32 51.34 49.53 47.89 46.41 45.11 43.96 42.98 42.15 41.48 40.96 40.59 40.37 40.29 40.36 40.57 40.92 41.40 42.01 42.76 43.63 44.63 45.76 47.00 48.36 49.83 51.35 52.86 54.37 55.86 57.34 58.81 60.25 61.65 63.02 64.34 65.63 66.88 68.09 69.27 70.40 71.50 72.56 73.59 74.58 75.53 76.44 77.32 78.16 78.97 79.74 80.48 81.18 81.84 82.47 83.07 83.63 84.17 84.73 85.31 85.93 86.58 87.27 87.99 88.74 89.53 90.36 91.22 92.12 93.05 94.03 95.04 96.10
55.65 53.48 51.45 49.59 47.91 46.41 45.07 43.90 42.90 42.07 41.39 40.87 40.51 40.30 40.25 40.34 40.58 40.96 41.49 42.15 42.95 43.88 44.95 46.14 47.46 48.90 50.39 51.88 53.38 54.86 56.34 57.81 59.27 60.71 62.12 63.50 64.85 66.15 67.42 68.64 69.83 70.99 72.10 73.18 74.22 75.23 76.20 77.13 78.03 78.89 79.71 80.50 81.26 81.98 82.66 83.31 83.93 84.51 85.07 85.64 86.25 86.89 87.57 88.28 89.02 89.80 90.62 91.47 92.36 93.28 94.25 95.26 96.30 97.38
56.00 53.77 51.69 49.79 48.07 46.54 45.17 43.99 42.97 42.12 41.45 40.93 40.58 40.38 40.35 40.47 40.74 41.16 41.72 42.44 43.29 44.29 45.42 46.68 48.07 49.52 50.99 52.45 53.92 55.38 56.84 58.30 59.74 61.17 62.59 63.98 65.34 66.66 67.94 69.18 70.39 71.56 72.69 73.79 74.85 75.87 76.86 77.81 78.72 79.60 80.44 81.25 82.02 82.76 83.47 84.14 84.77 85.37 85.95 86.55 87.18 87.84 88.54 89.27 90.04 90.85 91.69 92.57 93.48 94.44 95.43 96.47 97.54 98.66
56.49 54.21 52.08 50.14 48.38 46.81 45.43 44.22 43.19 42.34 41.66 41.14 40.80 40.62 40.61 40.75 41.05 41.51 42.13 42.89 43.80 44.85 46.05 47.38 48.78 50.20 51.62 53.05 54.49 55.93 57.37 58.80 60.23 61.65 63.06 64.45 65.82 67.16 68.45 69.71 70.94 72.12 73.27 74.38 75.46 76.50 77.50 78.47 79.40 80.30 81.16 81.99 82.78 83.54 84.26 84.95 85.60 86.23 86.82 87.44 88.09 88.78 89.50 90.25 91.05 91.87 92.74 93.65 94.59 95.58 96.60 97.67 98.77 99.92
57.14 54.81 52.63 50.64 48.85 47.25 45.84 44.61 43.57 42.71 42.03 41.52 41.19 41.02 41.03 41.20 41.54 42.04 42.70 43.51 44.48 45.59 46.85 48.18 49.54 50.91 52.30 53.70 55.10 56.51 57.92 59.33 60.74 62.15 63.54 64.93 66.29 67.64 68.95 70.23 71.47 72.67 73.84 74.97 76.06 77.11 78.13 79.12 80.07 80.98 81.86 82.71 83.52 84.29 85.04 85.74 86.42 87.06 87.68 88.32 88.99 89.69 90.44 91.22 92.03 92.89 93.78 94.71 95.69 96.70 97.75 98.85 99.98 101.16
57.94 55.56 53.34 51.31 49.48 47.85 46.42 45.18 44.12 43.25 42.57 42.07 41.75 41.60 41.63 41.83 42.20 42.74 43.45 44.31 45.34 46.51 47.76 49.04 50.35 51.68 53.02 54.38 55.75 57.12 58.50 59.89 61.28 62.66 64.04 65.41 66.77 68.12 69.44 70.73 71.99 73.21 74.39 75.53 76.64 77.72 78.75 79.76 80.72 81.65 82.55 83.42 84.24 85.04 85.80 86.53 87.22 87.88 88.52 89.17 89.87 90.60 91.36 92.16 93.01 93.89 94.80 95.76 96.76 97.80 98.88 100.01 101.17 102.38
58.92 56.49 54.22 52.15 50.29 48.63 47.18 45.92 44.85 43.98 43.29 42.80 42.49 42.36 42.42 42.65 43.05 43.63 44.38 45.30 46.37 47.54 48.74 49.96 51.22 52.49 53.79 55.10 56.43 57.77 59.12 60.47 61.83 63.19 64.55 65.91 67.26 68.59 69.92 71.22 72.49 73.73 74.92 76.08 77.21 78.30 79.36 80.37 81.36 82.31 83.22 84.11 84.95 85.77 86.54 87.29 88.00 88.68 89.34 90.02 90.73 91.48 92.27 93.09 93.96 94.86 95.81 96.79 97.82 98.89 100.00 101.15 102.35 103.59
60.08 57.60 55.28 53.18 51.28 49.60 48.12 46.84 45.77 44.89 44.21 43.72 43.42 43.32 43.39 43.66 44.10 44.72 45.52 46.48 47.54 48.64 49.77 50.94 52.13 53.36 54.60 55.87 57.15 58.45 59.77 61.09 62.42 63.75 65.09 66.42 67.75 69.08 70.39 71.70 72.98 74.23 75.44 76.62 77.76 78.87 79.94 80.98 81.98 82.95 83.88 84.78 85.64 86.47 87.27 88.04 88.77 89.47 90.14 90.84 91.57 92.34 93.16 94.00 94.89 95.82 96.79 97.80 98.86 99.95 101.09 102.27 103.50 104.77
61.43 58.90 56.54 54.39 52.47 50.76 49.26 47.96 46.88 46.00 45.32 44.84 44.56 44.47 44.58 44.87 45.35 46.01 46.85 47.79 48.78 49.81 50.87 51.98 53.11 54.28 55.47 56.68 57.92 59.18 60.45 61.74 63.03 64.34 65.65 66.96 68.27 69.58 70.88 72.17 73.45 74.71 75.94 77.14 78.30 79.42 80.51 81.56 82.58 83.56 84.51 85.43 86.31 87.16 87.98 88.76 89.51 90.23 90.92 91.64 92.40 93.19 94.02 94.89 95.81 96.76 97.76 98.79 99.87 101.00 102.16 103.38 104.63 105.94
62.97 60.40 57.99 55.81 53.86 52.12 50.60 49.29 48.20 47.32 46.64 46.17 45.91 45.84 45.97 46.30 46.81 47.51 48.32 49.18 50.09 51.05 52.04 53.08 54.15 55.25 56.39 57.55 58.74 59.95 61.17 62.42 63.68 64.95 66.23 67.51 68.80 70.09 71.37 72.65 73.92 75.18 76.43 77.64 78.81 79.95 81.06 82.13 83.16 84.16 85.13 86.06 86.97 87.83 88.67 89.47 90.24 90.97 91.69 92.42 93.20 94.01 94.87 95.76 96.70 97.68 98.70 99.76 100.87 102.02 103.21 104.45 105.74 107.08
64.73 62.10 59.66 57.44 55.45 53.69 52.15 50.84 49.74 48.85 48.18 47.72 47.47 47.42 47.58 47.94 48.49 49.15 49.88 50.66 51.49 52.36 53.28 54.25 55.25 56.29 57.36 58.47 59.60 60.76 61.94 63.14 64.36 65.59 66.84 68.09 69.35 70.61 71.88 73.14 74.40 75.65 76.89 78.11 79.30 80.46 81.58 82.67 83.72 84.74 85.73 86.68 87.59 88.48 89.33 90.15 90.94 91.69 92.43 93.18 93.98 94.81 95.69 96.61 97.57 98.57 99.61 100.70 101.84 103.02 104.24 105.51 106.83 108.18
66.70 64.03 61.54 59.29 57.27 55.49 53.93 52.60 51.49 50.61 49.95 49.50 49.26 49.24 49.43 49.81 50.32 50.89 51.53 52.22 52.96 53.75 54.60 55.49 56.42 57.39 58.40 59.44 60.51 61.62 62.75 63.90 65.07 66.27 67.47 68.69 69.92 71.16 72.40 73.64 74.88 76.12 77.35 78.57 79.78 80.95 82.09 83.19 84.26 85.29 86.30 87.27 88.20 89.10 89.97 90.81 91.62 92.39 93.14 93.92 94.73 95.59 96.49 97.43 98.41 99.44 100.51 101.62 102.78 103.99 105.24 106.54 107.88 109.23
68.89 66.18 63.65 61.37 59.32 57.51 55.94 54.60 53.49 52.60 51.95 51.51 51.29 51.29 51.50 51.84 52.25 52.72 53.26 53.86 54.51 55.22 55.98 56.79 57.65 58.55 59.49 60.47 61.48 62.53 63.60 64.70 65.83 66.98 68.14 69.33 70.52 71.73 72.94 74.16 75.38 76.60 77.82 79.03 80.23 81.41 82.57 83.69 84.77 85.83 86.85 87.83 88.78 89.70 90.59 91.45 92.27 93.06 93.83 94.63 95.46 96.34 97.26 98.22 99.23 100.28 101.38 102.52 103.70 104.93 106.21 107.54 108.87 110.19
71.32 68.57 66.00 63.68 61.61 59.78 58.19 56.84 55.72 54.84 54.19 53.77 53.57 53.58 53.74 53.97 54.27 54.65 55.09 55.59 56.15 56.77 57.45 58.18 58.96 59.78 60.65 61.56 62.51 63.49 64.51 65.55 66.63 67.73 68.85 69.99 71.15 72.32 73.50 74.69 75.89 77.09 78.29 79.48 80.68 81.86 83.02 84.16 85.26 86.33 87.37 88.37 89.34 90.28 91.18 92.06 92.90 93.71 94.50 95.31 96.17 97.07 98.01 98.99 100.02 101.10 102.22 103.38 104.59 105.85 107.15 108.47 109.77 111.07
74.00 71.20 68.60 66.25 64.15 62.29 60.69 59.33 58.21 57.33 56.69 56.28 56.09 56.05 56.09 56.21 56.40 56.67 57.01 57.41 57.88 58.41 58.99 59.64 60.33 61.08 61.87 62.71 63.59 64.51 65.46 66.45 67.47 68.52 69.59 70.69 71.80 72.94 74.09 75.25 76.41 77.59 78.77 79.95 81.12 82.30 83.46 84.61 85.73 86.81 87.87 88.89 89.87 90.83 91.75 92.64 93.50 94.33 95.14 95.97 96.84 97.76 98.73 99.73 100.79 101.88 103.03 104.22 105.46 106.74 108.03 109.31 110.59 111.85
76.93 74.09 71.45 69.06 66.94 65.07 63.45 62.08 60.96 60.08 59.45 59.04 58.79 58.63 58.55 58.56 58.64 58.80 59.03 59.33 59.70 60.13 60.62 61.18 61.78 62.45 63.16 63.92 64.73 65.58 66.47 67.40 68.36 69.35 70.37 71.42 72.49 73.58 74.69 75.82 76.96 78.10 79.26 80.41 81.57 82.73 83.89 85.03 86.16 87.27 88.33 89.37 90.38 91.35 92.29 93.20 94.07 94.92 95.75 96.60 97.49 98.43 99.42 100.45 101.52 102.64 103.81 105.03 106.28 107.56 108.82 110.07 111.32 112.56
80.12 77.24 74.56 72.15 70.00 68.11 66.48 65.10 63.98 63.11 62.47 61.99 61.62 61.33 61.13 61.01 60.98 61.02 61.14 61.34 61.60 61.94 62.33 62.79 63.31 63.89 64.52 65.21 65.94 66.72 67.54 68.40 69.30 70.23 71.20 72.19 73.22 74.26 75.33 76.42 77.52 78.63 79.76 80.89 82.03 83.17 84.31 85.45 86.58 87.69 88.78 89.83 90.85 91.84 92.80 93.72 94.62 95.48 96.33 97.20 98.11 99.07 100.08 101.13 102.22 103.37 104.56 105.80 107.05 108.29 109.52 110.75 111.96 113.17
83.58 80.66 77.95 75.50 73.33 71.42 69.78 68.40 67.28 66.40 65.68 65.08 64.57 64.15 63.82 63.58 63.43 63.36 63.36 63.45 63.61 63.84 64.13 64.50 64.93 65.41 65.96 66.56 67.21 67.91 68.66 69.45 70.29 71.16 72.07 73.01 73.98 74.97 76.00 77.04 78.11 79.19 80.28 81.38 82.50 83.62 84.74 85.86 86.98 88.09 89.19 90.26 91.29 92.30 93.28 94.22 95.13 96.01 96.87 97.76 98.70 99.68 100.70 101.78 102.90 104.07 105.28 106.50 107.72 108.93 110.13 111.33 112.52 113.70
87.32 84.36 81.62 79.15 76.95 75.03 73.37 71.98 70.85 69.89 69.04 68.29 67.64 67.09 66.63 66.27 65.99 65.79 65.69 65.66 65.70 65.83 66.02 66.29 66.62 67.01 67.47 67.98 68.55 69.17 69.85 70.57 71.33 72.14 72.98 73.86 74.78 75.72 76.70 77.70 78.72 79.76 80.82 81.89 82.97 84.07 85.17 86.27 87.37 88.47 89.57 90.65 91.71 92.73 93.72 94.68 95.61 96.51 97.39 98.30 99.25 100.25 101.30 102.39 103.54 104.72 105.92 107.12 108.30 109.48 110.66 111.82 112.98 114.14
91.36 88.36 85.58 83.08 80.86 78.92 77.26 75.85 74.63 73.52 72.53 71.63 70.84 70.16 69.56 69.07 68.66 68.34 68.12 67.97 67.90 67.92 68.00 68.17 68.40 68.69 69.06 69.48 69.96 70.50 71.10 71.74 72.43 73.17 73.95 74.76 75.62 76.51 77.43 78.38 79.36 80.36 81.38 82.41 83.47 84.53 85.60 86.69 87.77 88.86 89.94 91.02 92.09 93.13 94.14 95.11 96.06 96.98 97.87 98.80 99.77 100.79 101.86 102.98 104.14 105.31 106.48 107.64 108.80 109.95 111.09 112.23 113.36 114.48
95.69 92.65 89.84 87.32 85.08 83.12 81.43 79.94 78.56 77.30 76.15 75.11 74.18 73.35 72.62 71.99 71.45 71.01 70.65 70.39 70.20 70.10 70.08 70.14 70.26 70.46 70.73 71.06 71.45 71.90 72.41 72.98 73.59 74.25 74.96 75.71 76.51 77.34 78.20 79.10 80.03 80.98 81.96 82.96 83.97 85.01 86.05 87.11 88.17 89.24 90.31 91.37 92.44 93.49 94.52 95.51 96.47 97.41 98.32 99.27 100.26 101.30 102.39 103.52 104.67 105.81 106.95 108.08 109.20 110.32 111.44 112.55 113.65 114.74
100.33 97.26 94.41 91.86 89.60 87.62 85.83 84.18 82.64 81.22 79.92 78.73 77.64 76.67 75.80 75.03 74.36 73.79 73.30 72.91 72.61 72.39 72.26 72.20 72.22 72.31 72.48 72.71 73.01 73.37 73.80 74.28 74.81 75.40 76.03 76.72 77.44 78.21 79.02 79.86 80.73 81.63 82.57 83.52 84.50 85.50 86.51 87.53 88.57 89.62 90.67 91.72 92.77 93.82 94.86 95.87 96.85 97.80 98.74 99.70 100.71 101.77 102.87 103.99 105.11 106.22 107.32 108.42 109.52 110.61 111.69 112.77 113.85 114.91
105.28 102.18 99.30 96.73 94.44 92.35 90.40 88.57 86.87 85.29 83.83 82.48 81.25 80.12 79.11 78.20 77.39 76.68 76.07 75.55 75.12 74.78 74.53 74.36 74.27 74.25 74.31 74.45 74.65 74.92 75.25 75.64 76.10 76.60 77.16 77.77 78.43 79.13 79.87 80.65 81.47 82.32 83.20 84.11 85.05 86.00 86.98 87.97 88.98 90.00 91.03 92.06 93.10 94.14 95.17 96.20 97.20 98.16 99.11 100.09 101.12 102.20 103.29 104.37 105.45 106.53 107.61 108.68 109.74 110.80 111.86 112.91 113.95 114.99
110.57 107.43 104.52 101.91 99.51 97.25 95.12 93.12 91.25 89.50 87.88 86.37 84.99 83.71 82.55 81.49 80.54 79.70 78.95 78.30 77.74 77.28 76.90 76.62 76.41 76.29 76.24 76.27 76.37 76.54 76.78 77.08 77.45 77.87 78.35 78.88 79.46 80.09 80.77 81.49 82.25 83.04 83.87 84.73 85.62 86.53 87.47 88.43 89.40 90.39 91.39 92.40 93.42 94.44 95.47 96.49 97.50 98.48 99.45 100.45 101.49 102.55 103.61 104.66 105.71 106.76 107.80 108.84 109.88 110.91 111.93 112.95 113.97 114.98
116.19 113.01 110.06 107.33 104.75 102.31 100.00 97.83 95.78 93.87 92.08 90.41 88.87 87.44 86.12 84.92 83.82 82.83 81.95 81.16 80.48 79.88 79.38 78.97 78.65 78.41 78.26 78.18 78.17 78.24 78.38 78.59 78.87 79.20 79.60 80.05 80.55 81.11 81.72 82.37 83.06 83.80 84.57 85.37 86.21 87.08 87.97 88.89 89.83 90.79 91.76 92.75 93.74 94.74 95.75 96.76 97.77 98.77 99.75 100.76 101.79 102.81 103.84 104.86 105.88 106.89 107.90 108.91 109.92 110.92 111.91 112.91 113.89 114.88
122.13 118.93 115.86 112.94 110.17 107.54 105.05 102.70 100.48 98.39 96.43 94.60 92.89 91.30 89.83 88.47 87.23 86.10 85.07 84.15 83.32 82.60 81.97 81.44 80.99 80.64 80.36 80.17 80.06 80.03 80.07 80.18 80.36 80.60 80.91 81.28 81.70 82.18 82.71 83.30 83.92 84.59 85.30 86.05 86.84 87.66 88.50 89.38 90.28 91.20 92.14 93.09 94.06 95.04 96.03 97.02 98.02 99.01 100.00 101.00 101.99 102.98 103.97 104.96 105.95 106.93 107.91 108.89 109.86 110.84 111.80 112.77 113.73 114.68
128.33 125.10 121.87 118.76 115.79 112.97 110.30 107.76 105.36 103.10 100.97 98.97 97.09 95.34 93.71 92.20 90.81 89.52 88.35 87.29 86.32 85.47 84.71 84.04 83.47 83.00 82.61 82.30 82.08 81.94 81.87 81.88 81.96 82.11 82.33 82.61 82.95 83.35 83.81 84.31 84.87 85.47 86.12 86.81 87.54 88.30 89.10 89.93 90.78 91.66 92.57 93.49 94.43 95.38 96.35 97.32 98.30 99.27 100.19 101.13 102.09 103.05 104.01 104.97 105.92 106.87 107.82 108.77 109.72 110.66 111.60 112.53 113.47 114.39
134.68 131.41 128.10 124.82 121.66 118.65 115.79 113.07 110.49 108.05 105.74 103.57 101.52 99.61 97.82 96.15 94.60 93.16 91.84 90.63 89.53 88.53 87.64 86.84 86.15 85.55 85.03 84.61 84.28 84.02 83.85 83.76 83.74 83.79 83.91 84.10 84.36 84.67 85.05 85.48 85.96 86.49 87.08 87.70 88.37 89.08 89.82 90.60 91.41 92.25 93.11 94.00 94.91 95.83 96.77 97.72 98.67 99.54 100.33 101.17 102.08 103.01 103.93 104.86 105.78 106.71 107.63 108.55 109.46 110.38 111.29 112.20 113.11 114.01
141.11 137.80 134.46 131.10 127.78 124.57 121.52 118.61 115.84 113.22 110.74 108.39 106.17 104.09 102.13 100.30 98.59 97.01 95.53 94.18 92.93 91.79 90.76 89.83 89.01 88.28 87.64 87.10 86.65 86.28 86.00 85.80 85.67 85.63 85.65 85.75 85.91 86.14 86.44 86.79 87.19 87.65 88.16 88.73 89.33 89.98 90.67 91.39 92.15 92.95 93.77 94.62 95.49 96.38 97.29 98.20 99.06 99.81 100.46 101.17 101.97 102.85 103.75 104.64 105.54 106.44 107.33 108.22 109.11 110.00 110.89 111.77 112.65 113.53
147.62 144.28 140.89 137.49 134.09 130.72 127.47 124.37 121.41 118.61 115.94 113.42 111.03 108.77 106.65 104.65 102.79 101.04 99.41 97.91 96.51 95.23 94.06 93.00 92.04 91.18 90.41 89.75 89.18 88.69 88.30 87.99 87.76 87.61 87.54 87.54 87.61 87.75 87.95 88.22 88.55 88.93 89.37 89.86 90.40 90.99 91.62 92.29 93.00 93.74 94.52 95.33 96.16 97.02 97.89 98.71 99.43 100.05 100.58 101.16 101.83 102.60 103.45 104.32 105.19 106.06 106.93 107.79 108.66 109.52 110.39 111.25 112.11 112.97
