data_processed/recharge/precip/Precip_2008_07.asc
ncols        168
nrows        136
xllcorner    455000
yllcorner    2107000
cellsize     500
NODATA_value     -99999
[rows 33 to 65 of 136, columns 0 to 74 of 168]
261.96 254.56 247.89 241.97 236.79 232.33 228.60 225.57 223.25 221.62 220.68 220.41 220.82 221.88 223.40 224.79 225.93 226.79 227.40 227.73 227.80 227.60 227.13 226.39 225.38 224.09 222.53 220.73 218.87 217.10 215.42 213.82 212.29 210.82 209.40 208.02 206.67 205.33 204.01 202.67 201.33 199.96 198.55 197.10 195.59 194.01 192.36 190.62 188.78 186.82 184.75 182.55 180.21 177.82 175.59 173.61 171.88 170.39 169.13 168.10 167.28 166.68 166.28 166.08 166.08 166.25 166.59 167.02 167.47 167.91 168.36 168.81 169.26 169.69 170.12
261.67 253.81 246.54 240.05 234.33 229.38 225.19 221.76 219.07 217.12 215.90 215.40 215.61 216.52 217.92 219.20 220.23 220.99 221.48 221.71 221.68 221.37 220.80 219.96 218.85 217.47 215.85 214.18 212.62 211.15 209.78 208.50 207.29 206.14 205.04 203.98 202.96 201.95 200.96 199.96 198.95 197.92 196.86 195.76 194.60 193.37 192.08 190.69 189.21 187.63 185.92 184.09 182.12 180.01 177.83 175.81 174.04 172.51 171.21 170.15 169.30 168.68 168.25 168.03 168.00 168.16 168.49 168.91 169.33 169.76 170.20 170.63 171.06 171.48 171.88
260.33 252.18 244.48 237.41 231.15 225.70 221.06 217.21 214.15 211.87 210.36 209.61 209.61 210.36 211.63 212.79 213.70 214.34 214.72 214.83 214.68 214.27 213.59 212.64 211.42 209.97 208.48 207.10 205.84 204.69 203.63 202.66 201.77 200.94 200.17 199.44 198.75 198.07 197.41 196.76 196.09 195.41 194.69 193.94 193.13 192.26 191.32 190.30 189.18 187.96 186.63 185.17 183.58 181.84 179.94 177.97 176.16 174.60 173.27 172.17 171.29 170.64 170.19 169.94 169.89 170.03 170.35 170.75 171.16 171.58 171.99 172.41 172.82 173.22 173.61
257.87 249.46 241.49 234.02 227.23 221.27 216.15 211.88 208.43 205.81 204.00 203.00 202.79 203.36 204.50 205.53 206.30 206.82 207.07 207.06 206.79 206.25 205.45 204.39 203.09 201.76 200.56 199.49 198.54 197.70 196.96 196.31 195.73 195.23 194.79 194.39 194.02 193.69 193.37 193.05 192.73 192.39 192.02 191.62 191.17 190.66 190.08 189.42 188.67 187.82 186.86 185.77 184.56 183.20 181.68 180.01 178.25 176.65 175.28 174.15 173.24 172.56 172.08 171.81 171.74 171.86 172.16 172.55 172.94 173.34 173.74 174.14 174.53 174.91 175.28
254.24 245.57 237.37 229.67 222.49 216.03 210.44 205.73 201.90 198.92 196.80 195.53 195.10 195.50 196.48 197.37 198.01 198.38 198.50 198.36 197.96 197.29 196.36 195.20 194.02 192.98 192.09 191.33 190.69 190.16 189.74 189.41 189.17 188.99 188.87 188.81 188.78 188.78 188.80 188.83 188.85 188.86 188.85 188.80 188.71 188.56 188.34 188.05 187.67 187.19 186.60 185.89 185.05 184.08 182.95 181.66 180.20 178.65 177.25 176.08 175.15 174.43 173.93 173.64 173.54 173.64 173.93 174.30 174.68 175.06 175.44 175.82 176.19 176.55 176.90
249.39 240.48 232.06 224.14 216.76 209.95 203.89 198.74 194.50 191.16 188.73 187.18 186.51 186.72 187.55 188.29 188.78 189.01 188.98 188.69 188.15 187.34 186.31 185.27 184.37 183.64 183.05 182.61 182.28 182.08 181.98 181.97 182.05 182.20 182.42 182.69 183.00 183.34 183.70 184.07 184.45 184.81 185.15 185.46 185.72 185.94 186.09 186.16 186.15 186.05 185.84 185.51 185.05 184.46 183.72 182.82 181.75 180.51 179.17 177.97 177.00 176.25 175.72 175.40 175.29 175.37 175.63 175.99 176.35 176.72 177.08 177.44 177.79 178.13 178.46
243.28 234.13 225.49 217.38 209.81 202.82 196.45 190.86 186.20 182.50 179.74 177.91 177.00 177.00 177.66 178.25 178.57 178.65 178.47 178.03 177.33 176.41 175.49 174.73 174.15 173.72 173.45 173.32 173.31 173.43 173.65 173.97 174.38 174.86 175.41 176.02 176.67 177.35 178.06 178.78 179.50 180.22 180.92 181.59 182.21 182.79 183.31 183.76 184.12 184.39 184.56 184.61 184.54 184.34 183.99 183.48 182.81 181.96 180.92 179.79 178.79 178.01 177.45 177.11 176.97 177.03 177.28 177.62 177.96 178.31 178.65 178.99 179.32 179.64 179.93
235.86 226.48 217.63 209.33 201.59 194.45 187.91 182.03 176.98 172.90 169.80 167.67 166.51 166.31 166.79 167.20 167.37 167.28 166.93 166.33 165.51 164.70 164.06 163.61 163.33 163.22 163.26 163.44 163.76 164.19 164.74 165.39 166.13 166.95 167.83 168.78 169.77 170.80 171.86 172.93 174.01 175.08 176.14 177.17 178.16 179.11 180.00 180.81 181.55 182.20 182.75 183.19 183.51 183.69 183.74 183.63 183.35 182.90 182.27 181.44 180.51 179.70 179.12 178.75 178.59 178.63 178.85 179.17 179.50 179.83 180.15 180.47 180.78 181.06 181.28
227.08 217.49 208.43 199.95 192.05 184.76 178.10 172.09 166.77 162.32 158.87 156.44 155.02 154.60 154.90 155.13 155.12 154.85 154.33 153.60 152.88 152.35 152.02 151.87 151.91 152.11 152.47 152.97 153.61 154.37 155.25 156.23 157.30 158.45 159.68 160.97 162.31 163.68 165.09 166.52 167.95 169.38 170.80 172.19 173.55 174.87 176.13 177.33 178.44 179.48 180.41 181.23 181.94 182.52 182.96 183.24 183.37 183.32 183.09 182.67 182.05 181.32 180.71 180.31 180.12 180.14 180.35 180.65 180.96 181.27 181.57 181.87 182.14 182.35 182.49
216.90 207.09 197.85 189.19 181.13 173.70 166.92 160.81 155.39 150.71 146.93 144.18 142.49 141.84 141.94 141.99 141.79 141.34 140.68 140.04 139.60 139.38 139.35 139.52 139.87 140.39 141.07 141.89 142.85 143.94 145.15 146.46 147.87 149.37 150.93 152.57 154.25 155.98 157.74 159.52 161.31 163.10 164.89 166.65 168.38 170.07 171.70 173.28 174.77 176.19 177.51 178.72 179.82 180.80 181.63 182.32 182.85 183.21 183.39 183.38 183.17 182.75 182.21 181.79 181.58 181.58 181.77 182.05 182.34 182.63 182.91 183.17 183.37 183.50 183.56
205.27 195.26 185.83 177.00 168.79 161.24 154.35 148.14 142.65 137.89 133.91 130.86 128.89 128.00 127.89 127.74 127.35 126.75 126.17 125.82 125.69 125.77 126.06 126.54 127.20 128.04 129.04 130.19 131.48 132.90 134.44 136.09 137.83 139.67 141.58 143.56 145.60 147.68 149.79 151.93 154.08 156.24 158.39 160.52 162.62 164.69 166.70 168.65 170.53 172.34 174.04 175.65 177.14 178.51 179.75 180.84 181.77 182.54 183.14 183.54 183.75 183.75 183.53 183.18 182.95 182.93 183.09 183.36 183.63 183.89 184.14 184.33 184.44 184.50 184.48
192.14 181.93 172.32 163.34 154.99 147.31 140.32 134.03 128.48 123.67 119.64 116.42 114.17 113.03 112.72 112.36 111.80 111.28 110.99 110.94 111.12 111.51 112.11 112.91 113.89 115.05 116.37 117.85 119.47 121.22 123.10 125.09 127.17 129.35 131.61 133.94 136.33 138.76 141.24 143.74 146.25 148.77 151.29 153.80 156.27 158.71 161.11 163.44 165.71 167.90 170.00 172.00 173.89 175.66 177.30 178.79 180.14 181.32 182.32 183.14 183.77 184.19 184.40 184.38 184.22 184.18 184.32 184.57 184.82 185.05 185.22 185.32 185.36 185.34 185.25
177.46 167.07 157.29 148.16 139.68 131.89 124.80 118.44 112.82 107.98 103.92 100.68 98.29 96.91 96.37 95.85 95.37 95.13 95.14 95.40 95.89 96.59 97.51 98.62 99.93 101.41 103.06 104.87 106.82 108.91 111.12 113.45 115.88 118.40 121.01 123.69 126.43 129.23 132.06 134.92 137.80 140.70 143.59 146.46 149.32 152.14 154.91 157.63 160.29 162.87 165.37 167.76 170.05 172.22 174.27 176.17 177.92 179.52 180.94 182.18 183.23 184.07 184.70 185.11 185.29 185.32 185.45 185.68 185.89 186.04 186.13 186.15 186.11 186.02 185.86
161.20 150.63 140.69 131.41 122.81 114.91 107.74 101.31 95.64 90.76 86.70 83.46 81.08 79.59 78.88 78.42 78.22 78.29 78.61 79.18 79.97 81.00 82.23 83.67 85.29 87.10 89.08 91.22 93.51 95.93 98.49 101.16 103.93 106.81 109.77 112.80 115.90 119.05 122.25 125.48 128.73 131.99 135.25 138.51 141.74 144.94 148.10 151.21 154.26 157.23 160.13 162.92 165.61 168.19 170.64 172.95 175.12 177.13 178.97 180.63 182.10 183.37 184.44 185.28 185.89 186.26 186.47 186.66 186.79 186.86 186.87 186.81 186.70 186.53 186.31
143.58 132.83 122.74 113.32 104.60 96.60 89.34 82.84 77.13 72.22 68.14 64.91 62.56 61.09 60.42 60.23 60.34 60.71 61.35 62.23 63.34 64.69 66.24 68.01 69.96 72.10 74.42 76.89 79.52 82.29 85.19 88.21 91.34 94.56 97.88 101.27 104.73 108.25 111.82 115.42 119.04 122.68 126.32 129.96 133.57 137.17 140.72 144.22 147.66 151.04 154.33 157.53 160.63 163.61 166.47 169.20 171.79 174.22 176.48 178.57 180.47 182.18 183.68 184.95 186.00 186.81 187.31 187.49 187.54 187.53 187.45 187.32 187.14 186.90 186.61
125.43 114.49 104.22 94.65 85.79 77.67 70.31 63.73 57.95 53.00 48.90 45.66 43.31 41.86 41.20 41.17 41.58 42.28 43.24 44.45 45.90 47.58 49.47 51.57 53.87 56.36 59.02 61.85 64.83 67.96 71.22 74.60 78.09 81.69 85.38 89.15 92.98 96.88 100.83 104.81 108.83 112.86 116.89 120.92 124.94 128.93 132.89 136.80 140.66 144.44 148.15 151.77 155.29 158.70 161.99 165.15 168.17 171.03 173.74 176.27 178.61 180.76 182.71 184.44 185.94 187.15 187.89 188.19 188.21 188.12 187.96 187.76 187.50 187.19 186.83
106.93 95.78 85.32 75.57 66.55 58.29 50.81 44.13 38.27 33.26 29.11 25.85 23.50 22.04 21.37 21.36 21.94 22.97 24.27 25.83 27.62 29.65 31.90 34.37 37.03 39.88 42.90 46.10 49.45 52.95 56.59 60.35 64.23 68.21 72.29 76.45 80.68 84.97 89.32 93.71 98.12 102.56 107.01 111.45 115.89 120.30 124.68 129.01 133.29 137.51 141.65 145.71 149.66 153.52 157.25 160.86 164.32 167.64 170.80 173.79 176.60 179.21 181.62 183.82 185.74 187.23 188.17 188.64 188.78 188.65 188.42 188.13 187.79 187.41 186.98
88.06 76.67 65.99 56.05 46.86 38.44 30.82 24.02 18.05 12.95 8.75 5.48 3.15 1.68 0.99 0.97 1.59 2.81 4.46 6.38 8.54 10.94 13.56 16.40 19.43 22.66 26.07 29.65 33.40 37.29 41.32 45.48 49.75 54.14 58.62 63.19 67.83 72.54 77.30 82.10 86.94 91.81 96.68 101.56 106.42 111.27 116.09 120.86 125.59 130.25 134.84 139.35 143.77 148.08 152.27 156.34 160.28 164.06 167.69 171.16 174.44 177.54 180.43 183.07 185.31 187.03 188.15 188.79 189.10 189.08 188.82 188.45 188.03 187.57 187.07
68.77 57.13 46.22 36.06 26.67 18.08 10.30 3.35 0.00 0.00 0.00 0.00 0.00 0.00 0.00 0.00 0.00 0.00 0.00 0.00 0.00 0.00 0.00 0.00 1.11 4.74 8.55 12.53 16.68 20.98 25.42 29.99 34.68 39.49 44.39 49.38 54.45 59.59 64.79 70.03 75.31 80.61 85.93 91.25 96.57 101.87 107.14 112.37 117.56 122.69 127.75 132.72 137.61 142.39 147.07 151.62 156.04 160.31 164.43 168.38 172.16 175.76 179.11 182.10 184.62 186.56 187.86 188.66 189.12 189.27 189.11 188.71 188.21 187.67 187.09
49.04 37.13 25.97 15.57 5.97 0.00 0.00 0.00 0.00 0.00 0.00 0.00 0.00 0.00 0.00 0.00 0.00 0.00 0.00 0.00 0.00 0.00 0.00 0.00 0.00 0.00 0.00 0.00 0.00 4.03 8.90 13.91 19.03 24.27 29.61 35.05 40.56 46.15 51.79 57.49 63.22 68.98 74.76 80.55 86.33 92.10 97.85 103.56 109.22 114.83 120.37 125.83 131.21 136.49 141.65 146.70 151.62 156.40 161.02 165.49 169.78 173.85 177.59 180.90 183.69 185.85 187.31 188.25 188.86 189.16 189.16 188.87 188.34 187.72 187.06
28.84 16.64 5.20 0.00 0.00 0.00 0.00 0.00 0.00 0.00 0.00 0.00 0.00 0.00 0.00 0.00 0.00 0.00 0.00 0.00 0.00 0.00 0.00 0.00 0.00 0.00 0.00 0.00 0.00 0.00 0.00 0.00 2.81 8.51 14.30 20.20 26.17 32.22 38.33 44.50 50.70 56.94 63.20 69.47 75.73 81.99 88.22 94.43 100.58 106.69 112.73 118.70 124.58 130.37 136.05 141.61 147.04 152.34 157.49 162.48 167.27 171.77 175.87 179.49 182.53 184.90 186.52 187.60 188.35 188.79 188.93 188.79 188.36 187.71 186.97
8.13 0.00 0.00 0.00 0.00 0.00 0.00 0.00 0.00 0.00 0.00 0.00 0.00 0.00 0.00 0.00 0.00 0.00 0.00 0.00 0.00 0.00 0.00 0.00 0.00 0.00 0.00 0.00 0.00 0.00 0.00 0.00 0.00 0.00 0.00 4.84 11.30 17.83 24.42 31.07 37.77 44.50 51.25 58.02 64.79 71.54 78.28 85.00 91.67 98.29 104.84 111.33 117.74 124.05 130.26 136.35 142.32 148.15 153.84 159.35 164.61 169.51 173.96 177.88 181.17 183.73 185.50 186.70 187.58 188.16 188.44 188.44 188.15 187.60 186.83
0.00 0.00 0.00 0.00 0.00 0.00 0.00 0.00 0.00 0.00 0.00 0.00 0.00 0.00 0.00 0.00 0.00 0.00 0.00 0.00 0.00 0.00 0.00 0.00 0.00 0.00 0.00 0.00 0.00 0.00 0.00 0.00 0.00 0.00 0.00 0.00 0.00 2.98 10.08 17.23 24.43 31.67 38.94 46.22 53.50 60.78 68.04 75.28 82.48 89.63 96.72 103.75 110.69 117.55 124.30 130.94 137.46 143.85 150.08 156.09 161.79 167.08 171.88 176.09 179.61 182.36 184.27 185.59 186.59 187.29 187.70 187.82 187.68 187.26 186.59
0.00 0.00 0.00 0.00 0.00 0.00 0.00 0.00 0.00 0.00 0.00 0.00 0.00 0.00 0.00 0.00 0.00 0.00 0.00 0.00 0.00 0.00 0.00 0.00 0.00 0.00 0.00 0.00 0.00 0.00 0.00 0.00 0.00 0.00 0.00 0.00 0.00 0.00 0.00 2.99 10.71 18.47 26.27 34.08 41.90 49.71 57.52 65.30 73.04 80.74 88.38 95.96 103.46 110.87 118.19 125.40 132.48 139.44 146.21 152.70 158.83 164.51 169.64 174.12 177.88 180.81 182.85 184.27 185.37 186.19 186.72 186.97 186.95 186.66 186.12
0.00 0.00 0.00 0.00 0.00 0.00 0.00 0.00 0.00 0.00 0.00 0.00 0.00 0.00 0.00 0.00 0.00 0.00 0.00 0.00 0.00 0.00 0.00 0.00 0.00 0.00 0.00 0.00 0.00 0.00 0.00 0.00 0.00 0.00 0.00 0.00 0.00 0.00 0.00 0.00 0.00 4.92 13.26 21.62 29.99 38.36 46.72 55.06 63.36 71.63 79.84 87.99 96.06 104.05 111.94 119.73 127.41 134.93 142.23 149.20 155.76 161.80 167.25 172.01 175.98 179.08 181.24 182.76 183.96 184.88 185.52 185.88 185.98 185.82 185.40
0.00 0.00 0.00 0.00 0.00 0.00 0.00 0.00 0.00 0.00 0.00 0.00 0.00 0.00 0.00 0.00 0.00 0.00 0.00 0.00 0.00 0.00 0.00 0.00 0.00 0.00 0.00 0.00 0.00 0.00 0.00 0.00 0.00 0.00 0.00 0.00 0.00 0.00 0.00 0.00 0.00 0.00 0.00 8.85 17.79 26.73 35.66 44.58 53.46 62.31 71.10 79.84 88.50 97.09 105.58 113.97 122.26 130.35 138.16 145.60 152.57 158.98 164.74 169.76 173.94 177.20 179.47 181.07 182.37 183.38 184.12 184.58 184.79 184.74 184.44
0.00 0.00 0.00 0.00 0.00 0.00 0.00 0.00 0.00 0.00 0.00 0.00 0.00 0.00 0.00 0.00 0.00 0.00 0.00 0.00 0.00 0.00 0.00 0.00 0.00 0.00 0.00 0.00 0.00 0.00 0.00 0.00 0.00 0.00 0.00 0.00 0.00 0.00 0.00 0.00 0.00 0.00 0.00 0.00 5.31 14.84 24.36 33.87 43.35 52.80 62.19 71.53 80.80 90.00 99.12 108.16 117.05 125.71 134.02 141.92 149.29 156.06 162.12 167.39 171.77 175.18 177.54 179.23 180.60 181.70 182.53 183.09 183.39 183.44 183.25
0.00 0.00 0.00 0.00 0.00 0.00 0.00 0.00 0.00 0.00 0.00 0.00 0.00 0.00 0.00 0.00 0.00 0.00 0.00 0.00 0.00 0.00 0.00 0.00 0.00 0.00 0.00 0.00 0.00 0.00 0.00 0.00 0.00 0.00 0.00 0.00 0.00 0.00 0.00 0.00 0.00 0.00 0.00 0.00 0.00 2.70 12.83 22.95 33.05 43.11 53.12 63.08 72.98 82.82 92.63 102.32 111.81 121.01 129.83 138.17 145.94 153.05 159.40 164.91 169.49 173.03 175.49 177.24 178.69 179.86 180.77 181.41 181.80 181.95 181.85
0.00 0.00 0.00 0.00 0.00 0.00 0.00 0.00 0.00 0.00 0.00 0.00 0.00 0.00 0.00 0.00 0.00 0.00 0.00 0.00 0.00 0.00 0.00 0.00 0.00 0.00 0.00 0.00 0.00 0.00 0.00 0.00 0.00 0.00 0.00 0.00 0.00 0.00 0.00 0.00 0.00 0.00 0.00 0.00 0.00 0.00 1.09 11.84 22.56 33.25 43.90 54.50 65.07 75.64 86.13 96.47 106.55 116.29 125.59 134.37 142.52 149.97 156.61 162.35 167.10 170.78 173.31 175.12 176.63 177.87 178.85 179.57 180.04 180.26 180.26
0.00 0.00 0.00 0.00 0.00 0.00 0.00 0.00 0.00 0.00 0.00 0.00 0.00 0.00 0.00 0.00 0.00 0.00 0.00 0.00 0.00 0.00 0.00 0.00 0.00 0.00 0.00 0.00 0.00 0.00 0.00 0.00 0.00 0.00 0.00 0.00 0.00 0.00 0.00 0.00 0.00 0.00 0.00 0.00 0.00 0.00 0.00 0.54 11.91 23.25 34.56 45.85 57.17 68.47 79.65 90.62 101.28 111.55 121.33 130.53 139.07 146.83 153.75 159.71 164.64 168.43 171.04 172.90 174.46 175.75 176.79 177.57 178.11 178.41 178.48
0.00 0.00 0.00 0.00 0.00 0.00 0.00 0.00 0.00 0.00 0.00 0.00 0.00 0.00 0.00 0.00 0.00 0.00 0.00 0.00 0.00 0.00 0.00 0.00 0.00 0.00 0.00 0.00 0.00 0.00 0.00 0.00 0.00 0.00 0.00 0.00 0.00 0.00 0.00 0.00 0.00 0.00 0.00 0.00 0.00 0.00 0.00 0.00 1.11 13.12 25.14 37.22 49.32 61.34 73.20 84.78 96.02 106.81 117.06 126.68 135.58 143.66 150.84 157.01 162.10 166.00 168.67 170.57 172.18 173.52 174.60 175.44 176.04 176.41 176.55
0.00 0.00 0.00 0.00 0.00 0.00 0.00 0.00 0.00 0.00 0.00 0.00 0.00 0.00 0.00 0.00 0.00 0.00 0.00 0.00 0.00 0.00 0.00 0.00 0.00 0.00 0.00 0.00 0.00 0.00 0.00 0.00 0.00 0.00 0.00 0.00 0.00 0.00 0.00 0.00 0.00 0.00 0.00 0.00 0.00 0.00 0.00 0.00 0.00 2.92 15.77 28.67 41.53 54.27 66.79 78.99 90.78 102.08 112.79 122.82 132.08 140.46 147.89 154.27 159.51 163.52 166.24 168.17 169.80 171.18 172.31 173.20 173.84 174.26 174.46
0.00 0.00 0.00 0.00 0.00 0.00 0.00 0.00 0.00 0.00 0.00 0.00 0.00 0.00 0.00 0.00 0.00 0.00 0.00 0.00 0.00 0.00 0.00 0.00 0.00 0.00 0.00 0.00 0.00 0.00 0.00 0.00 0.00 0.00 0.00 0.00 0.00 0.00 0.00 0.00 0.00 0.00 0.00 0.00 0.00 0.00 0.00 0.00 0.00 0.00 6.49 20.20 33.82 47.27 60.44 73.24 85.59 97.39 108.55 118.97 128.58 137.26 144.94 151.51 156.89 160.99 163.75 165.70 167.36 168.76 169.92 170.84 171.53 172.00 172.24
