data_processed/recharge/precip/Precip_2013_05.asc
ncols        168
nrows        136
xllcorner    455000
yllcorner    2107000
cellsize     500
NODATA_value     -99999
[rows 68 to 101 of 136, columns 0 to 74 of 168]
105.85 107.59 109.14 110.52 111.73 112.79 113.68 114.44 115.05 115.54 115.90 116.14 116.28 116.31 116.25 116.11 115.88 115.57 115.18 114.72 114.17 113.55 112.87 112.11 111.29 110.41 109.47 108.48 107.44 106.34 105.21 104.03 102.81 101.55 100.27 98.95 97.61 96.24 94.85 93.45 92.03 90.60 89.17 87.73 86.31 84.93 83.61 82.35 81.15 80.01 78.95 77.95 77.02 76.16 75.38 74.68 74.06 73.52 73.07 72.70 72.42 72.24 72.15 72.16 72.26 72.47 72.78 73.20 73.72 74.36 75.11 75.97 76.89 77.73 78.46
106.72 108.47 110.03 111.42 112.64 113.71 114.62 115.39 116.03 116.54 116.92 117.19 117.36 117.42 117.39 117.28 117.09 116.82 116.47 116.04 115.53 114.94 114.28 113.56 112.77 111.91 111.00 110.03 109.00 107.93 106.81 105.64 104.44 103.20 101.92 100.61 99.28 97.92 96.54 95.14 93.72 92.29 90.86 89.41 87.97 86.55 85.19 83.89 82.65 81.48 80.38 79.34 78.38 77.49 76.68 75.94 75.29 74.72 74.24 73.85 73.55 73.34 73.22 73.21 73.29 73.48 73.77 74.17 74.67 75.29 76.02 76.87 77.78 78.61 79.33
107.55 109.30 110.87 112.27 113.51 114.59 115.52 116.31 116.97 117.50 117.91 118.21 118.41 118.50 118.51 118.44 118.28 118.06 117.74 117.35 116.87 116.32 115.69 114.99 114.23 113.40 112.51 111.57 110.57 109.51 108.41 107.27 106.08 104.85 103.59 102.29 100.96 99.61 98.24 96.84 95.43 94.00 92.56 91.12 89.68 88.25 86.85 85.50 84.22 83.01 81.87 80.79 79.79 78.87 78.02 77.25 76.57 75.97 75.45 75.03 74.70 74.46 74.32 74.28 74.34 74.50 74.77 75.14 75.63 76.23 76.94 77.77 78.67 79.48 80.18
108.33 110.09 111.67 113.08 114.33 115.43 116.38 117.20 117.88 118.43 118.87 119.20 119.43 119.56 119.60 119.57 119.45 119.27 118.99 118.64 118.20 117.68 117.08 116.42 115.69 114.89 114.03 113.10 112.13 111.10 110.02 108.89 107.72 106.51 105.26 103.97 102.66 101.32 99.95 98.56 97.15 95.73 94.29 92.86 91.42 89.99 88.57 87.18 85.86 84.60 83.42 82.30 81.26 80.30 79.41 78.61 77.88 77.25 76.70 76.25 75.88 75.61 75.44 75.37 75.40 75.54 75.78 76.13 76.60 77.17 77.86 78.67 79.55 80.34 81.02
109.06 110.82 112.42 113.85 115.11 116.23 117.20 118.04 118.74 119.33 119.80 120.16 120.42 120.58 120.67 120.67 120.60 120.45 120.22 119.90 119.50 119.02 118.46 117.83 117.13 116.36 115.53 114.63 113.68 112.68 111.62 110.51 109.36 108.16 106.93 105.66 104.36 103.03 101.67 100.29 98.89 97.47 96.04 94.61 93.18 91.75 90.33 88.93 87.56 86.26 85.02 83.86 82.78 81.77 80.85 80.00 79.24 78.57 77.99 77.49 77.10 76.79 76.59 76.49 76.49 76.59 76.81 77.13 77.57 78.12 78.78 79.57 80.42 81.19 81.85
109.73 111.51 113.12 114.56 115.85 116.99 117.98 118.84 119.57 120.19 120.69 121.08 121.37 121.58 121.70 121.74 121.72 121.62 121.43 121.15 120.79 120.35 119.83 119.23 118.56 117.82 117.02 116.16 115.23 114.25 113.22 112.13 111.00 109.82 108.61 107.36 106.07 104.75 103.40 102.03 100.64 99.23 97.81 96.38 94.96 93.53 92.11 90.71 89.32 87.97 86.69 85.48 84.35 83.30 82.33 81.44 80.64 79.93 79.30 78.77 78.34 78.00 77.76 77.62 77.59 77.66 77.84 78.14 78.54 79.06 79.70 80.46 81.29 82.04 82.67
110.36 112.15 113.77 115.23 116.54 117.70 118.72 119.60 120.36 121.01 121.54 121.97 122.30 122.54 122.70 122.79 122.81 122.76 122.61 122.38 122.06 121.65 121.17 120.61 119.98 119.27 118.50 117.67 116.77 115.82 114.81 113.75 112.64 111.48 110.29 109.05 107.78 106.48 105.14 103.78 102.40 101.00 99.59 98.17 96.75 95.33 93.91 92.50 91.11 89.74 88.41 87.16 85.98 84.88 83.86 82.93 82.08 81.32 80.65 80.08 79.60 79.23 78.95 78.77 78.70 78.74 78.89 79.15 79.52 80.01 80.62 81.35 82.15 82.87 83.48
110.92 112.73 114.37 115.85 117.18 118.36 119.41 120.32 121.11 121.78 122.35 122.81 123.19 123.47 123.67 123.81 123.87 123.87 123.77 123.58 123.30 122.94 122.50 121.97 121.38 120.71 119.97 119.17 118.30 117.38 116.40 115.36 114.28 113.14 111.97 110.75 109.50 108.21 106.89 105.54 104.17 102.78 101.38 99.97 98.55 97.13 95.71 94.31 92.91 91.54 90.19 88.88 87.65 86.50 85.43 84.45 83.55 82.75 82.04 81.42 80.90 80.48 80.16 79.94 79.83 79.83 79.94 80.16 80.50 80.96 81.54 82.23 83.00 83.69 84.26
111.43 113.26 114.92 116.42 117.77 118.98 120.05 120.99 121.81 122.52 123.12 123.63 124.04 124.36 124.61 124.79 124.90 124.95 124.90 124.75 124.52 124.20 123.80 123.32 122.76 122.13 121.43 120.66 119.82 118.93 117.97 116.97 115.91 114.80 113.65 112.45 111.21 109.94 108.64 107.30 105.95 104.57 103.17 101.76 100.35 98.94 97.52 96.12 94.72 93.34 91.99 90.65 89.37 88.17 87.05 86.01 85.07 84.21 83.45 82.79 82.22 81.75 81.39 81.13 80.98 80.93 81.00 81.19 81.49 81.91 82.45 83.11 83.84 84.49 85.04
111.89 113.73 115.41 116.93 118.31 119.54 120.64 121.62 122.47 123.21 123.85 124.39 124.85 125.22 125.51 125.74 125.90 126.00 126.00 125.90 125.71 125.44 125.08 124.64 124.12 123.53 122.86 122.13 121.33 120.47 119.54 118.56 117.53 116.45 115.32 114.15 112.93 111.68 110.39 109.07 107.72 106.35 104.96 103.56 102.16 100.74 99.33 97.93 96.53 95.15 93.79 92.45 91.14 89.88 88.70 87.61 86.62 85.71 84.90 84.18 83.56 83.05 82.64 82.33 82.13 82.04 82.07 82.21 82.47 82.85 83.35 83.98 84.67 85.29 85.79
112.28 114.14 115.84 117.39 118.79 120.05 121.18 122.19 123.08 123.86 124.54 125.12 125.62 126.03 126.38 126.65 126.87 127.01 127.06 127.02 126.88 126.65 126.34 125.94 125.46 124.91 124.28 123.59 122.82 121.99 121.10 120.15 119.15 118.09 116.99 115.84 114.64 113.40 112.13 110.82 109.49 108.13 106.75 105.36 103.95 102.55 101.14 99.73 98.33 96.95 95.58 94.24 92.92 91.63 90.40 89.26 88.20 87.24 86.37 85.60 84.93 84.36 83.90 83.55 83.30 83.17 83.14 83.24 83.46 83.79 84.25 84.83 85.49 86.07 86.53
112.61 114.50 116.22 117.79 119.22 120.51 121.68 122.72 123.64 124.46 125.18 125.81 126.35 126.81 127.20 127.53 127.80 128.00 128.10 128.11 128.02 127.84 127.57 127.22 126.78 126.27 125.68 125.02 124.29 123.50 122.64 121.73 120.75 119.73 118.65 117.52 116.34 115.12 113.86 112.57 111.24 109.90 108.53 107.14 105.74 104.34 102.93 101.53 100.13 98.74 97.37 96.02 94.69 93.40 92.14 90.93 89.82 88.80 87.87 87.05 86.32 85.70 85.18 84.78 84.48 84.29 84.22 84.27 84.44 84.73 85.14 85.68 86.29 86.83 87.25
112.88 114.79 116.54 118.14 119.59 120.92 122.11 123.19 124.16 125.01 125.77 126.44 127.03 127.54 127.98 128.36 128.69 128.95 129.10 129.16 129.12 128.99 128.77 128.47 128.08 127.61 127.06 126.44 125.75 124.99 124.17 123.29 122.35 121.35 120.29 119.19 118.03 116.82 115.58 114.30 112.99 111.65 110.29 108.91 107.52 106.12 104.72 103.31 101.91 100.52 99.15 97.79 96.46 95.15 93.88 92.64 91.47 90.39 89.40 88.51 87.73 87.05 86.48 86.02 85.67 85.43 85.31 85.30 85.42 85.66 86.03 86.52 87.08 87.57 87.95
113.08 115.01 116.79 118.42 119.91 121.27 122.50 123.61 124.62 125.52 126.32 127.04 127.67 128.23 128.73 129.16 129.54 129.86 130.07 130.18 130.20 130.12 129.95 129.69 129.35 128.92 128.42 127.84 127.19 126.47 125.69 124.84 123.93 122.95 121.92 120.83 119.69 118.51 117.28 116.01 114.71 113.38 112.03 110.66 109.28 107.88 106.48 105.08 103.68 102.29 100.91 99.54 98.20 96.89 95.60 94.35 93.15 92.00 90.96 90.01 89.16 88.42 87.79 87.27 86.86 86.57 86.39 86.33 86.40 86.59 86.90 87.34 87.86 88.30 88.63
113.19 115.17 116.98 118.64 120.16 121.56 122.82 123.98 125.02 125.97 126.82 127.58 128.26 128.88 129.42 129.92 130.36 130.73 131.00 131.17 131.23 131.21 131.09 130.88 130.59 130.21 129.75 129.21 128.61 127.93 127.18 126.37 125.48 124.53 123.52 122.45 121.33 120.16 118.95 117.70 116.41 115.10 113.75 112.39 111.01 109.62 108.22 106.82 105.42 104.03 102.64 101.27 99.93 98.60 97.31 96.05 94.83 93.65 92.54 91.52 90.61 89.81 89.12 88.54 88.07 87.71 87.48 87.36 87.37 87.51 87.77 88.16 88.62 89.01 89.29
113.20 115.22 117.09 118.80 120.36 121.79 123.09 124.29 125.37 126.36 127.26 128.07 128.81 129.47 130.08 130.63 131.13 131.56 131.89 132.11 132.24 132.27 132.20 132.04 131.80 131.47 131.06 130.57 130.00 129.36 128.65 127.87 127.01 126.08 125.10 124.05 122.95 121.79 120.60 119.36 118.09 116.78 115.45 114.09 112.72 111.33 109.94 108.54 107.13 105.74 104.35 102.98 101.63 100.29 98.99 97.72 96.48 95.28 94.14 93.06 92.08 91.22 90.46 89.81 89.28 88.86 88.57 88.39 88.34 88.42 88.62 88.96 89.37 89.70 89.93
113.10 115.17 117.10 118.87 120.49 121.95 123.30 124.54 125.67 126.70 127.65 128.51 129.30 130.02 130.68 131.29 131.85 132.35 132.74 133.02 133.20 133.29 133.28 133.17 132.98 132.70 132.33 131.89 131.37 130.77 130.09 129.33 128.50 127.60 126.64 125.61 124.53 123.39 122.21 120.99 119.73 118.43 117.11 115.76 114.39 113.01 111.62 110.22 108.82 107.42 106.03 104.65 103.29 101.95 100.64 99.35 98.10 96.89 95.73 94.61 93.57 92.63 91.81 91.09 90.50 90.01 89.66 89.42 89.31 89.32 89.46 89.74 90.09 90.37 90.54
112.86 114.99 116.98 118.83 120.52 122.06 123.45 124.73 125.90 126.99 127.98 128.90 129.74 130.52 131.24 131.91 132.53 133.09 133.54 133.89 134.13 134.27 134.32 134.27 134.13 133.90 133.58 133.19 132.71 132.14 131.49 130.76 129.96 129.08 128.14 127.13 126.07 124.95 123.79 122.58 121.33 120.05 118.73 117.39 116.03 114.66 113.27 111.87 110.47 109.07 107.68 106.29 104.93 103.58 102.25 100.96 99.70 98.47 97.29 96.15 95.07 94.07 93.17 92.38 91.72 91.17 90.74 90.44 90.26 90.21 90.29 90.51 90.80 91.02 91.13
112.48 114.66 116.73 118.66 120.44 122.06 123.53 124.86 126.08 127.21 128.26 129.23 130.13 130.97 131.75 132.48 133.17 133.79 134.31 134.72 135.02 135.22 135.32 135.33 135.24 135.06 134.80 134.45 134.01 133.47 132.85 132.15 131.37 130.52 129.60 128.61 127.57 126.47 125.32 124.13 122.89 121.62 120.32 118.99 117.63 116.26 114.87 113.48 112.08 110.68 109.28 107.89 106.52 105.16 103.83 102.52 101.25 100.01 98.81 97.66 96.55 95.50 94.54 93.68 92.94 92.32 91.83 91.46 91.21 91.09 91.11 91.26 91.49 91.64 91.69
111.93 114.18 116.32 118.33 120.21 121.94 123.51 124.92 126.20 127.38 128.48 129.51 130.46 131.36 132.20 133.00 133.75 134.44 135.03 135.50 135.86 136.12 136.28 136.35 136.32 136.19 135.98 135.67 135.26 134.75 134.16 133.49 132.73 131.91 131.01 130.05 129.02 127.94 126.81 125.63 124.41 123.15 121.85 120.53 119.18 117.82 116.43 115.04 113.64 112.24 110.84 109.45 108.07 106.70 105.36 104.04 102.75 101.50 100.29 99.12 97.99 96.92 95.91 94.98 94.17 93.48 92.91 92.47 92.15 91.96 91.91 91.99 92.15 92.24 92.22
111.22 113.53 115.75 117.85 119.82 121.66 123.35 124.88 126.24 127.49 128.64 129.72 130.74 131.70 132.60 133.47 134.29 135.05 135.70 136.23 136.66 136.99 137.21 137.33 137.36 137.29 137.11 136.83 136.45 135.98 135.42 134.77 134.05 133.24 132.37 131.43 130.42 129.36 128.25 127.08 125.87 124.63 123.34 122.03 120.69 119.33 117.95 116.55 115.15 113.75 112.35 110.95 109.57 108.20 106.84 105.51 104.21 102.95 101.72 100.53 99.39 98.30 97.26 96.29 95.40 94.63 93.99 93.47 93.08 92.82 92.70 92.71 92.80 92.82 92.73
110.31 112.70 114.99 117.18 119.26 121.21 123.02 124.68 126.19 127.52 128.74 129.88 130.96 131.98 132.95 133.88 134.77 135.60 136.32 136.92 137.42 137.81 138.09 138.27 138.35 138.32 138.18 137.94 137.60 137.16 136.62 136.01 135.30 134.53 133.67 132.75 131.77 130.73 129.63 128.48 127.28 126.05 124.77 123.47 122.14 120.78 119.40 118.01 116.62 115.21 113.81 112.41 111.01 109.63 108.27 106.93 105.62 104.34 103.09 101.89 100.73 99.62 98.56 97.56 96.63 95.78 95.06 94.46 94.00 93.66 93.47 93.40 93.42 93.37 93.21
109.19 111.66 114.04 116.33 118.51 120.58 122.52 124.31 125.96 127.45 128.77 129.98 131.12 132.20 133.24 134.24 135.20 136.10 136.89 137.56 138.13 138.58 138.93 139.17 139.29 139.30 139.20 138.99 138.68 138.27 137.76 137.17 136.50 135.75 134.92 134.02 133.06 132.03 130.95 129.82 128.64 127.41 126.15 124.85 123.53 122.17 120.80 119.42 118.02 116.61 115.21 113.80 112.40 111.02 109.65 108.30 106.97 105.68 104.42 103.19 102.01 100.88 99.80 98.78 97.82 96.93 96.13 95.45 94.91 94.49 94.22 94.08 94.02 93.89 93.66
107.86 110.40 112.88 115.27 117.56 119.75 121.81 123.75 125.55 127.20 128.68 130.00 131.21 132.37 133.47 134.54 135.58 136.55 137.41 138.15 138.79 139.31 139.71 140.00 140.16 140.21 140.14 139.97 139.69 139.31 138.84 138.28 137.63 136.90 136.10 135.22 134.28 133.27 132.21 131.09 129.92 128.71 127.46 126.17 124.85 123.51 122.14 120.76 119.36 117.95 116.54 115.13 113.73 112.34 110.96 109.60 108.26 106.95 105.68 104.44 103.24 102.09 100.99 99.94 98.95 98.03 97.18 96.43 95.80 95.31 94.95 94.73 94.60 94.39 94.08
106.29 108.92 111.49 113.98 116.39 118.70 120.90 122.99 124.94 126.76 128.42 129.91 131.24 132.47 133.64 134.78 135.90 136.94 137.88 138.69 139.39 139.98 140.43 140.76 140.96 141.05 141.02 140.88 140.63 140.29 139.85 139.31 138.69 137.99 137.21 136.36 135.43 134.44 133.40 132.29 131.14 129.94 128.70 127.42 126.11 124.77 123.41 122.03 120.63 119.22 117.81 116.40 114.99 113.59 112.20 110.83 109.48 108.16 106.87 105.61 104.40 103.23 102.10 101.03 100.02 99.08 98.19 97.39 96.68 96.10 95.66 95.36 95.15 94.86 94.47
104.47 107.19 109.86 112.46 114.98 117.43 119.77 122.00 124.12 126.10 127.94 129.62 131.14 132.50 133.75 134.97 136.16 137.28 138.29 139.18 139.94 140.58 141.07 141.44 141.69 141.81 141.82 141.71 141.50 141.19 140.78 140.27 139.68 139.00 138.25 137.41 136.51 135.54 134.51 133.43 132.29 131.10 129.87 128.60 127.30 125.96 124.61 123.23 121.83 120.42 119.01 117.59 116.18 114.77 113.38 112.00 110.64 109.30 107.99 106.72 105.49 104.30 103.15 102.06 101.02 100.05 99.14 98.30 97.54 96.88 96.35 95.97 95.67 95.30 94.83
102.39 105.20 107.97 110.68 113.33 115.91 118.39 120.78 123.06 125.22 127.24 129.12 130.84 132.40 133.79 135.09 136.36 137.56 138.64 139.60 140.42 141.10 141.64 142.05 142.33 142.49 142.54 142.47 142.29 142.01 141.63 141.15 140.59 139.94 139.20 138.39 137.51 136.56 135.55 134.48 133.36 132.18 130.96 129.70 128.41 127.08 125.73 124.35 122.96 121.55 120.13 118.71 117.29 115.88 114.48 113.09 111.71 110.36 109.04 107.75 106.50 105.29 104.13 103.01 101.95 100.95 100.01 99.15 98.35 97.64 97.03 96.55 96.16 95.71 95.16
100.02 102.93 105.81 108.64 111.42 114.13 116.77 119.31 121.76 124.09 126.30 128.38 130.31 132.09 133.70 135.14 136.49 137.78 138.93 139.94 140.81 141.53 142.12 142.57 142.89 143.09 143.17 143.14 143.00 142.75 142.40 141.95 141.41 140.79 140.08 139.29 138.43 137.50 136.51 135.45 134.34 133.18 131.97 130.72 129.43 128.11 126.76 125.39 124.00 122.59 121.18 119.75 118.33 116.91 115.49 114.09 112.71 111.35 110.01 108.71 107.44 106.21 105.02 103.88 102.80 101.77 100.81 99.91 99.09 98.34 97.67 97.11 96.63 96.10 95.53
97.37 100.38 103.37 106.32 109.23 112.08 114.87 117.58 120.20 122.71 125.12 127.40 129.54 131.54 133.38 135.06 136.56 137.93 139.14 140.20 141.11 141.88 142.50 143.00 143.36 143.60 143.72 143.72 143.62 143.40 143.08 142.66 142.15 141.55 140.87 140.10 139.26 138.35 137.38 136.34 135.24 134.09 132.90 131.66 130.38 129.06 127.72 126.35 124.96 123.55 122.13 120.71 119.28 117.85 116.43 115.02 113.63 112.25 110.90 109.58 108.29 107.04 105.83 104.67 103.57 102.51 101.52 100.59 99.74 98.96 98.25 97.63 97.08 96.52 95.95
94.50 97.61 100.71 103.78 106.82 109.82 112.76 115.63 118.42 121.11 123.71 126.19 128.55 130.78 132.85 134.77 136.53 138.07 139.34 140.44 141.40 142.21 142.89 143.42 143.82 144.10 144.26 144.29 144.22 144.03 143.74 143.35 142.87 142.29 141.63 140.89 140.07 139.18 138.22 137.19 136.11 134.97 133.79 132.56 131.28 129.97 128.63 127.27 125.88 124.47 123.05 121.62 120.18 118.75 117.32 115.89 114.49 113.10 111.73 110.39 109.09 107.82 106.59 105.40 104.27 103.19 102.17 101.21 100.32 99.51 98.77 98.12 97.54 96.97 96.40
91.57 94.77 97.98 101.17 104.33 107.46 110.54 113.57 116.52 119.39 122.18 124.85 127.42 129.85 132.15 134.33 136.40 138.24 139.68 140.84 141.84 142.69 143.40 143.97 144.41 144.72 144.91 144.98 144.93 144.77 144.51 144.14 143.68 143.13 142.48 141.76 140.96 140.08 139.13 138.12 137.04 135.92 134.74 133.51 132.24 130.93 129.59 128.22 126.83 125.41 123.99 122.55 121.10 119.66 118.21 116.78 115.35 113.95 112.56 111.20 109.87 108.58 107.32 106.11 104.95 103.84 102.78 101.79 100.87 100.01 99.24 98.56 97.96 97.38 96.81
88.62 91.91 95.21 98.50 101.78 105.04 108.25 111.42 114.53 117.57 120.53 123.39 126.15 128.80 131.33 133.80 136.18 138.34 140.06 141.38 142.43 143.32 144.06 144.67 145.14 145.48 145.69 145.78 145.76 145.63 145.38 145.04 144.60 144.06 143.43 142.72 141.93 141.06 140.12 139.11 138.05 136.92 135.74 134.52 133.25 131.94 130.59 129.22 127.81 126.39 124.95 123.50 122.04 120.58 119.12 117.67 116.22 114.79 113.38 112.00 110.64 109.32 108.03 106.79 105.59 104.44 103.35 102.33 101.36 100.47 99.68 98.98 98.36 97.77 97.18
85.66 89.03 92.41 95.80 99.18 102.55 105.90 109.20 112.46 115.65 118.78 121.82 124.77 127.63 130.44 133.19 135.88 138.33 140.36 141.95 143.15 144.08 144.85 145.48 145.98 146.35 146.59 146.70 146.70 146.58 146.36 146.03 145.60 145.07 144.46 143.75 142.97 142.11 141.17 140.17 139.10 137.98 136.80 135.57 134.29 132.97 131.62 130.23 128.82 127.39 125.93 124.46 122.99 121.50 120.02 118.54 117.07 115.62 114.18 112.77 111.38 110.02 108.70 107.42 106.19 105.00 103.87 102.80 101.80 100.89 100.09 99.38 98.74 98.12 97.51
82.69 86.13 89.58 93.06 96.54 100.02 103.48 106.91 110.31 113.65 116.93 120.14 123.29 126.40 129.49 132.52 135.49 138.24 140.55 142.43 143.88 144.95 145.76 146.41 146.93 147.32 147.58 147.71 147.73 147.63 147.41 147.09 146.67 146.16 145.55 144.85 144.07 143.21 142.27 141.27 140.20 139.07 137.88 136.64 135.36 134.03 132.66 131.26 129.83 128.38 126.91 125.42 123.92 122.41 120.90 119.40 117.90 116.41 114.94 113.49 112.07 110.68 109.32 108.00 106.72 105.49 104.32 103.21 102.19 101.28 100.47 99.74 99.08 98.44 97.82
