data_processed/recharge/precip/Precip_2010_09.asc
ncols        168
nrows        136
xllcorner    455000
yllcorner    2107000
cellsize     500
NODATA_value     -99999
[rows 0 to 32 of 136, columns 0 to 72 of 168]
217.02 213.37 209.52 205.48 201.25 196.83 192.24 187.48 182.55 177.47 172.23 166.85 161.32 155.67 149.88 143.98 137.95 131.82 125.59 119.25 112.83 106.32 99.73 93.07 86.55 80.48 74.89 69.75 65.07 60.83 57.01 53.61 50.61 48.00 45.77 43.91 42.41 41.24 40.41 39.90 39.70 39.79 40.17 40.81 41.72 42.88 44.27 45.89 47.72 49.75 51.97 54.27 56.55 58.78 60.96 63.09 65.17 67.19 69.15 71.01 72.72 74.23 75.57 76.73 77.73 78.57 79.26 79.80 80.21 80.49 80.64 80.68 80.61
218.85 215.11 211.18 207.07 202.76 198.28 193.63 188.82 183.85 178.72 173.45 168.03 162.48 156.81 151.01 145.09 139.07 132.93 126.71 120.39 113.98 107.49 100.93 94.31 87.83 81.80 76.24 71.14 66.50 62.29 58.51 55.14 52.18 49.60 47.41 45.58 44.11 42.98 42.18 41.70 41.53 41.65 42.06 42.74 43.68 44.87 46.29 47.94 49.80 51.85 54.00 56.13 58.23 60.27 62.28 64.23 66.13 67.98 69.77 71.49 73.13 74.60 75.90 77.03 77.99 78.79 79.45 79.96 80.33 80.58 80.70 80.71 80.61
220.46 216.65 212.65 208.47 204.11 199.58 194.88 190.02 185.01 179.85 174.55 169.12 163.55 157.86 152.06 146.15 140.13 134.01 127.80 121.50 115.12 108.67 102.14 95.57 89.13 83.15 77.64 72.59 67.99 63.83 60.09 56.77 53.85 51.33 49.18 47.39 45.96 44.88 44.12 43.69 43.56 43.72 44.17 44.89 45.87 47.10 48.56 50.25 52.14 54.14 56.12 58.07 59.99 61.86 63.69 65.47 67.20 68.88 70.51 72.07 73.57 74.99 76.25 77.34 78.26 79.03 79.65 80.13 80.47 80.68 80.77 80.75 80.62
221.86 217.99 213.93 209.69 205.28 200.70 195.96 191.07 186.04 180.86 175.54 170.09 164.52 158.84 153.04 147.14 141.13 135.04 128.85 122.59 116.25 109.84 103.36 96.84 90.46 84.54 79.09 74.09 69.55 65.45 61.77 58.50 55.64 53.17 51.07 49.34 47.97 46.93 46.23 45.85 45.77 45.99 46.49 47.26 48.29 49.57 51.08 52.81 54.65 56.49 58.30 60.08 61.82 63.52 65.18 66.80 68.37 69.89 71.36 72.77 74.12 75.41 76.61 77.66 78.55 79.28 79.87 80.31 80.61 80.79 80.85 80.80 80.64
223.04 219.11 215.00 210.72 206.27 201.66 196.89 191.98 186.92 181.73 176.41 170.96 165.40 159.72 153.94 148.06 142.08 136.01 129.87 123.65 117.35 111.00 104.59 98.13 91.82 85.96 80.58 75.65 71.18 67.14 63.52 60.33 57.53 55.12 53.09 51.42 50.11 49.14 48.50 48.18 48.17 48.45 49.01 49.84 50.93 52.27 53.83 55.52 57.21 58.88 60.52 62.13 63.71 65.25 66.75 68.21 69.63 70.99 72.31 73.57 74.78 75.92 77.00 78.00 78.85 79.55 80.10 80.51 80.78 80.93 80.96 80.87 80.68
223.99 220.02 215.87 211.55 207.07 202.44 197.66 192.73 187.67 182.48 177.16 171.72 166.17 160.51 154.76 148.91 142.97 136.94 130.84 124.68 118.44 112.15 105.81 99.42 93.19 87.41 82.11 77.26 72.86 68.90 65.36 62.24 59.52 57.18 55.23 53.63 52.40 51.50 50.93 50.69 50.74 51.10 51.73 52.63 53.79 55.19 56.73 58.27 59.79 61.29 62.77 64.22 65.64 67.02 68.37 69.68 70.95 72.17 73.34 74.47 75.53 76.54 77.49 78.37 79.17 79.83 80.35 80.72 80.97 81.08 81.08 80.96 80.74
224.71 220.71 216.53 212.19 207.70 203.05 198.26 193.33 188.27 183.09 177.78 172.36 166.84 161.21 155.49 149.68 143.79 137.82 131.78 125.67 119.51 113.29 107.02 100.72 94.58 88.89 83.67 78.91 74.60 70.73 67.28 64.24 61.60 59.35 57.48 55.97 54.82 54.01 53.52 53.36 53.50 53.93 54.65 55.63 56.87 58.24 59.63 61.01 62.37 63.71 65.04 66.33 67.60 68.84 70.04 71.21 72.33 73.42 74.45 75.44 76.38 77.26 78.08 78.84 79.53 80.14 80.62 80.96 81.17 81.26 81.22 81.07 80.82
225.21 221.18 216.99 212.63 208.13 203.48 198.69 193.77 188.72 183.56 178.28 172.89 167.40 161.81 156.14 150.38 144.54 138.63 132.66 126.63 120.54 114.41 108.23 102.03 95.99 90.39 85.27 80.61 76.39 72.62 69.26 66.32 63.78 61.63 59.85 58.44 57.38 56.66 56.27 56.20 56.43 56.96 57.76 58.83 60.05 61.29 62.52 63.74 64.94 66.14 67.31 68.46 69.58 70.68 71.74 72.77 73.76 74.71 75.62 76.48 77.29 78.05 78.75 79.39 79.97 80.49 80.92 81.23 81.40 81.46 81.39 81.21 80.93
225.49 221.44 217.24 212.87 208.37 203.72 198.95 194.05 189.02 183.89 178.64 173.29 167.85 162.31 156.69 150.99 145.22 139.39 133.49 127.54 121.55 115.51 109.43 103.33 97.40 91.91 86.90 82.34 78.24 74.57 71.32 68.48 66.05 64.00 62.33 61.02 60.07 59.45 59.16 59.20 59.53 60.16 61.06 62.12 63.20 64.29 65.37 66.44 67.50 68.54 69.57 70.58 71.57 72.53 73.46 74.36 75.23 76.05 76.84 77.58 78.27 78.91 79.50 80.03 80.51 80.92 81.26 81.52 81.66 81.68 81.59 81.38 81.07
225.56 221.50 217.28 212.92 208.42 203.79 199.03 194.16 189.17 184.07 178.87 173.57 168.18 162.70 157.15 151.52 145.83 140.08 134.27 128.41 122.52 116.58 110.62 104.63 98.82 93.45 88.55 84.12 80.13 76.57 73.44 70.72 68.40 66.47 64.91 63.72 62.88 62.38 62.21 62.35 62.80 63.53 64.43 65.36 66.30 67.23 68.17 69.10 70.02 70.93 71.82 72.70 73.55 74.39 75.19 75.97 76.71 77.42 78.09 78.72 79.30 79.83 80.32 80.75 81.12 81.43 81.67 81.85 81.95 81.94 81.81 81.58 81.24
225.42 221.34 217.12 212.77 208.28 203.66 198.94 194.10 189.15 184.10 178.96 173.72 168.39 162.99 157.51 151.97 146.36 140.70 134.99 129.24 123.45 117.63 111.78 105.92 100.24 95.00 90.23 85.92 82.06 78.63 75.63 73.04 70.84 69.04 67.60 66.54 65.82 65.44 65.39 65.66 66.22 66.96 67.74 68.52 69.32 70.11 70.91 71.70 72.49 73.27 74.03 74.79 75.52 76.23 76.92 77.58 78.21 78.81 79.37 79.89 80.37 80.80 81.18 81.51 81.79 82.01 82.17 82.26 82.29 82.23 82.07 81.81 81.44
225.07 220.99 216.78 212.43 207.95 203.37 198.67 193.87 188.98 183.99 178.90 173.73 168.48 163.16 157.77 152.32 146.81 141.25 135.65 130.01 124.34 118.65 112.93 107.21 101.66 96.56 91.93 87.76 84.03 80.74 77.88 75.42 73.36 71.69 70.39 69.46 68.88 68.64 68.72 69.11 69.69 70.31 70.95 71.59 72.25 72.91 73.58 74.24 74.90 75.56 76.20 76.84 77.45 78.05 78.63 79.18 79.70 80.19 80.65 81.07 81.45 81.79 82.08 82.33 82.52 82.65 82.73 82.74 82.69 82.57 82.37 82.07 81.68
224.52 220.44 216.24 211.90 207.45 202.89 198.23 193.48 188.64 183.71 178.70 173.62 168.45 163.22 157.93 152.57 147.17 141.73 136.25 130.73 125.19 119.63 114.05 108.47 103.08 98.12 93.64 89.62 86.04 82.90 80.18 77.87 75.96 74.43 73.28 72.49 72.06 71.96 72.18 72.59 73.06 73.54 74.04 74.56 75.09 75.62 76.16 76.70 77.25 77.78 78.31 78.84 79.34 79.83 80.31 80.75 81.18 81.57 81.94 82.27 82.56 82.81 83.01 83.17 83.28 83.34 83.34 83.28 83.16 82.97 82.71 82.38 81.95
223.77 219.70 215.51 211.20 206.78 202.25 197.63 192.93 188.14 183.28 178.36 173.36 168.29 163.16 157.97 152.73 147.45 142.13 136.77 131.39 125.99 120.57 115.15 109.73 104.48 99.69 95.37 91.51 88.09 85.10 82.54 80.39 78.63 77.26 76.26 75.63 75.35 75.39 75.65 75.95 76.28 76.64 77.01 77.40 77.81 78.23 78.65 79.08 79.51 79.93 80.36 80.77 81.18 81.57 81.94 82.30 82.63 82.93 83.21 83.45 83.66 83.83 83.95 84.04 84.07 84.06 83.99 83.86 83.68 83.43 83.12 82.73 82.27
222.83 218.78 214.61 210.32 205.93 201.45 196.87 192.22 187.50 182.71 177.86 172.96 168.00 162.98 157.91 152.79 147.63 142.45 137.23 131.99 126.74 121.48 116.21 110.96 105.88 101.26 97.11 93.41 90.16 87.34 84.95 82.96 81.37 80.17 79.34 78.87 78.74 78.83 78.97 79.15 79.36 79.59 79.85 80.12 80.41 80.71 81.03 81.35 81.67 81.99 82.32 82.63 82.94 83.24 83.52 83.79 84.03 84.25 84.45 84.61 84.74 84.84 84.90 84.91 84.88 84.80 84.67 84.48 84.24 83.94 83.57 83.14 82.64
221.70 217.67 213.52 209.27 204.92 200.48 195.96 191.37 186.71 181.99 177.23 172.42 167.57 162.67 157.73 152.74 147.73 142.68 137.61 132.53 127.43 122.34 117.24 112.16 107.27 102.83 98.85 95.33 92.26 89.62 87.40 85.59 84.18 83.15 82.50 82.19 82.11 82.10 82.12 82.18 82.27 82.39 82.53 82.69 82.87 83.07 83.28 83.50 83.72 83.95 84.18 84.41 84.63 84.84 85.04 85.22 85.39 85.53 85.65 85.74 85.80 85.83 85.83 85.78 85.69 85.55 85.37 85.13 84.84 84.49 84.07 83.60 83.06
220.39 216.38 212.27 208.05 203.75 199.36 194.90 190.37 185.78 181.15 176.47 171.75 167.01 162.24 157.43 152.59 147.72 142.83 137.92 133.00 128.07 123.15 118.24 113.34 108.64 104.38 100.60 97.27 94.38 91.93 89.90 88.28 87.05 86.21 85.73 85.48 85.31 85.18 85.08 85.03 85.01 85.01 85.05 85.11 85.19 85.29 85.40 85.52 85.66 85.80 85.94 86.08 86.22 86.35 86.47 86.58 86.67 86.75 86.80 86.83 86.83 86.80 86.73 86.63 86.48 86.30 86.06 85.78 85.45 85.06 84.61 84.10 83.52
218.90 214.92 210.84 206.67 202.42 198.09 193.69 189.23 184.72 180.17 175.58 170.96 166.33 161.68 157.01 152.32 147.61 142.88 138.14 133.39 128.65 123.91 119.19 114.49 109.99 105.93 102.35 99.21 96.53 94.27 92.44 91.01 89.98 89.33 88.91 88.57 88.29 88.04 87.84 87.68 87.55 87.46 87.40 87.36 87.34 87.35 87.37 87.41 87.46 87.52 87.58 87.64 87.70 87.76 87.81 87.86 87.88 87.89 87.89 87.86 87.80 87.72 87.60 87.45 87.26 87.03 86.75 86.43 86.06 85.64 85.16 84.62 84.01
217.24 213.29 209.26 205.13 200.94 196.67 192.34 187.96 183.53 179.07 174.57 170.06 165.53 161.00 156.47 151.94 147.40 142.84 138.28 133.72 129.16 124.62 120.10 115.61 111.31 107.47 104.09 101.17 98.69 96.64 95.01 93.79 92.96 92.38 91.88 91.43 91.04 90.69 90.39 90.12 89.90 89.71 89.55 89.42 89.32 89.24 89.18 89.14 89.11 89.09 89.08 89.08 89.07 89.06 89.05 89.03 89.00 88.96 88.90 88.81 88.71 88.58 88.42 88.22 88.00 87.73 87.42 87.07 86.67 86.22 85.71 85.15 84.53
215.40 211.50 207.51 203.44 199.31 195.11 190.85 186.55 182.21 177.85 173.46 169.05 164.64 160.23 155.83 151.45 147.08 142.70 138.33 133.96 129.61 125.27 120.96 116.69 112.61 108.98 105.83 103.12 100.86 99.03 97.62 96.61 95.85 95.19 94.59 94.04 93.54 93.10 92.70 92.34 92.03 91.75 91.51 91.30 91.12 90.96 90.82 90.71 90.61 90.52 90.44 90.37 90.31 90.24 90.17 90.10 90.02 89.92 89.81 89.69 89.54 89.37 89.17 88.95 88.69 88.39 88.05 87.68 87.25 86.78 86.26 85.68 85.05
213.40 209.55 205.61 201.60 197.53 193.41 189.23 185.02 180.78 176.51 172.23 167.94 163.65 159.36 155.10 150.86 146.65 142.47 138.29 134.13 129.99 125.86 121.77 117.72 113.88 110.48 107.55 105.08 103.05 101.44 100.25 99.32 98.50 97.73 97.03 96.39 95.80 95.26 94.77 94.33 93.94 93.58 93.26 92.97 92.71 92.48 92.28 92.10 91.93 91.78 91.65 91.52 91.40 91.28 91.16 91.04 90.91 90.78 90.63 90.47 90.29 90.08 89.86 89.60 89.32 89.00 88.64 88.25 87.81 87.32 86.79 86.20 85.56
211.24 207.44 203.56 199.62 195.62 191.57 187.49 183.37 179.22 175.06 170.89 166.72 162.56 158.41 154.29 150.19 146.14 142.13 138.16 134.21 130.29 126.39 122.53 118.72 115.11 111.96 109.27 107.03 105.24 103.86 102.76 101.77 100.84 99.99 99.19 98.46 97.79 97.17 96.60 96.08 95.60 95.17 94.78 94.42 94.10 93.80 93.54 93.29 93.07 92.87 92.68 92.50 92.33 92.17 92.01 91.85 91.68 91.51 91.33 91.14 90.93 90.70 90.45 90.18 89.87 89.54 89.17 88.76 88.31 87.82 87.29 86.70 86.06
208.92 205.17 201.36 197.49 193.57 189.61 185.61 181.59 177.55 173.51 169.46 165.41 161.38 157.37 153.39 149.45 145.56 141.71 137.93 134.21 130.51 126.85 123.23 119.67 116.31 113.40 110.96 108.97 107.42 106.15 104.98 103.90 102.89 101.94 101.06 100.25 99.49 98.80 98.15 97.56 97.02 96.52 96.06 95.64 95.26 94.90 94.58 94.29 94.02 93.76 93.53 93.31 93.10 92.90 92.70 92.51 92.31 92.11 91.91 91.69 91.46 91.21 90.95 90.66 90.34 90.00 89.62 89.21 88.76 88.27 87.74 87.16 86.53
206.45 202.76 199.02 195.23 191.39 187.52 183.62 179.71 175.78 171.85 167.92 164.01 160.12 156.25 152.42 148.64 144.91 141.24 137.64 134.11 130.66 127.24 123.87 120.56 117.47 114.82 112.64 110.90 109.45 108.12 106.87 105.70 104.61 103.58 102.63 101.74 100.91 100.14 99.43 98.77 98.17 97.61 97.09 96.62 96.18 95.78 95.41 95.07 94.75 94.46 94.19 93.93 93.69 93.45 93.23 93.01 92.79 92.57 92.34 92.11 91.86 91.61 91.33 91.03 90.71 90.37 89.99 89.58 89.14 88.66 88.14 87.57 86.95
203.83 200.21 196.55 192.84 189.09 185.31 181.52 177.71 173.90 170.09 166.30 162.52 158.77 155.06 151.39 147.77 144.21 140.72 137.30 133.97 130.72 127.56 124.45 121.41 118.58 116.20 114.28 112.66 111.16 109.75 108.42 107.17 106.00 104.90 103.87 102.92 102.02 101.19 100.42 99.70 99.04 98.43 97.86 97.34 96.85 96.41 96.00 95.62 95.26 94.94 94.63 94.35 94.08 93.82 93.58 93.34 93.10 92.86 92.63 92.38 92.13 91.87 91.59 91.29 90.97 90.63 90.27 89.87 89.44 88.97 88.46 87.91 87.32
201.06 197.52 193.94 190.32 186.66 182.99 179.30 175.61 171.92 168.24 164.58 160.95 157.35 153.79 150.28 146.83 143.45 140.14 136.91 133.78 130.74 127.80 124.96 122.19 119.65 117.54 115.74 114.07 112.49 111.01 109.60 108.28 107.04 105.88 104.79 103.77 102.82 101.93 101.11 100.34 99.63 98.97 98.35 97.79 97.27 96.78 96.34 95.93 95.55 95.19 94.86 94.55 94.27 93.99 93.73 93.48 93.23 92.99 92.74 92.50 92.24 91.98 91.71 91.42 91.11 90.78 90.43 90.05 89.64 89.19 88.71 88.19 87.62
198.16 194.70 191.20 187.67 184.12 180.56 176.98 173.41 169.85 166.30 162.79 159.30 155.85 152.46 149.12 145.84 142.64 139.52 136.49 133.55 130.72 128.01 125.41 122.92 120.65 118.68 116.84 115.09 113.44 111.89 110.42 109.03 107.73 106.51 105.36 104.29 103.29 102.35 101.48 100.66 99.91 99.21 98.56 97.96 97.41 96.89 96.42 95.98 95.58 95.20 94.86 94.53 94.23 93.95 93.68 93.42 93.17 92.93 92.68 92.44 92.20 91.94 91.68 91.40 91.11 90.80 90.47 90.11 89.73 89.31 88.86 88.37 87.84
195.11 191.74 188.34 184.91 181.46 178.01 174.56 171.11 167.69 164.28 160.91 157.58 154.29 151.06 147.90 144.81 141.79 138.87 136.04 133.31 130.69 128.20 125.83 123.59 121.46 119.45 117.54 115.73 114.02 112.40 110.87 109.43 108.07 106.79 105.60 104.48 103.43 102.45 101.53 100.68 99.89 99.16 98.48 97.85 97.27 96.73 96.24 95.78 95.36 94.98 94.62 94.29 93.98 93.69 93.42 93.16 92.91 92.68 92.44 92.21 91.98 91.74 91.50 91.24 90.97 90.69 90.38 90.05 89.70 89.32 88.90 88.45 87.97
191.86 188.58 185.29 181.97 178.65 175.33 172.01 168.71 165.43 162.18 158.97 155.81 152.70 149.65 146.67 143.78 140.97 138.25 135.64 133.13 130.75 128.49 126.35 124.26 122.14 120.07 118.09 116.21 114.44 112.76 111.17 109.67 108.26 106.94 105.69 104.52 103.43 102.41 101.46 100.57 99.75 98.98 98.27 97.62 97.01 96.45 95.94 95.47 95.03 94.63 94.26 93.92 93.61 93.32 93.05 92.79 92.55 92.32 92.10 91.88 91.66 91.44 91.21 90.98 90.74 90.48 90.20 89.91 89.59 89.24 88.87 88.46 88.01
188.35 185.20 182.03 178.85 175.67 172.50 169.34 166.20 163.09 160.02 157.00 154.03 151.11 148.27 145.51 142.83 140.24 137.76 135.38 133.13 130.99 128.98 127.01 124.95 122.84 120.75 118.71 116.77 114.92 113.18 111.53 109.97 108.51 107.13 105.83 104.61 103.47 102.41 101.41 100.49 99.63 98.83 98.09 97.40 96.77 96.19 95.65 95.16 94.70 94.29 93.91 93.56 93.24 92.94 92.67 92.41 92.17 91.95 91.73 91.52 91.31 91.11 90.90 90.68 90.46 90.23 89.98 89.71 89.42 89.11 88.77 88.40 88.00
184.61 181.61 178.60 175.58 172.57 169.57 166.59 163.64 160.72 157.85 155.03 152.28 149.59 146.97 144.44 142.00 139.67 137.44 135.32 133.33 131.46 129.62 127.68 125.64 123.54 121.46 119.40 117.40 115.49 113.68 111.96 110.34 108.82 107.38 106.03 104.76 103.57 102.46 101.42 100.45 99.55 98.71 97.94 97.22 96.56 95.95 95.38 94.87 94.40 93.96 93.57 93.20 92.87 92.57 92.29 92.03 91.79 91.56 91.35 91.14 90.95 90.75 90.56 90.36 90.15 89.94 89.71 89.47 89.21 88.93 88.62 88.29 87.93
180.70 177.87 175.03 172.20 169.37 166.57 163.79 161.05 158.35 155.70 153.12 150.59 148.15 145.78 143.51 141.34 139.27 137.32 135.49 133.78 132.08 130.28 128.35 126.32 124.24 122.18 120.13 118.11 116.13 114.25 112.47 110.79 109.20 107.70 106.29 104.97 103.73 102.56 101.48 100.46 99.52 98.64 97.83 97.07 96.38 95.74 95.15 94.60 94.11 93.65 93.24 92.86 92.51 92.20 91.91 91.64 91.40 91.17 90.96 90.76 90.56 90.38 90.19 90.01 89.82 89.62 89.42 89.20 88.96 88.71 88.43 88.13 87.80
176.65 174.01 171.37 168.74 166.13 163.54 160.99 158.48 156.02 153.62 151.28 149.02 146.84 144.75 142.75 140.87 139.09 137.44 135.90 134.38 132.73 130.94 129.02 127.01 124.95 122.90 120.86 118.85 116.86 114.91 113.06 111.31 109.66 108.10 106.63 105.24 103.95 102.73 101.59 100.53 99.54 98.62 97.76 96.97 96.24 95.56 94.94 94.37 93.85 93.37 92.93 92.53 92.17 91.84 91.54 91.26 91.01 90.78 90.56 90.36 90.17 89.99 89.81 89.64 89.46 89.28 89.09 88.89 88.68 88.45 88.20 87.93 87.63
