data_processed/recharge/precip/Precip_1987_04.asc
ncols        168
nrows        136
xllcorner    455000
yllcorner    2107000
cellsize     500
NODATA_value     -99999
[rows 70 to 104 of 136, columns 78 to 155 of 168]
11.45 11.44 11.40 11.34 11.23 11.10 10.95 10.77 10.57 10.31 10.00 9.67 9.34 9.02 8.70 8.40 8.12 7.89 7.68 7.51 7.36 7.25 7.17 7.11 7.08 7.08 7.10 7.15 7.22 7.29 7.37 7.44 7.51 7.58 7.71 7.93 8.24 8.64 9.12 9.65 10.20 10.77 11.36 11.95 12.54 13.12 13.68 14.22 14.74 15.21 15.65 16.03 16.38 16.71 17.04 17.36 17.67 17.98 18.30 18.64 18.99 19.36 19.75 20.14 20.55 20.96 21.38 21.79 22.21 22.61 23.00 23.38 23.75 24.09 24.41 24.71 25.01 25.31
11.54 11.51 11.46 11.36 11.24 11.11 10.97 10.81 10.60 10.35 10.03 9.70 9.37 9.04 8.71 8.40 8.11 7.86 7.63 7.45 7.29 7.17 7.08 7.02 6.99 7.00 7.02 7.08 7.15 7.21 7.28 7.35 7.42 7.51 7.64 7.86 8.16 8.53 8.99 9.51 10.07 10.65 11.24 11.83 12.41 12.98 13.53 14.05 14.54 14.99 15.39 15.77 16.13 16.48 16.83 17.16 17.49 17.81 18.14 18.49 18.86 19.24 19.63 20.04 20.46 20.88 21.31 21.74 22.16 22.58 22.98 23.38 23.75 24.11 24.45 24.80 25.14 25.49
11.60 11.55 11.46 11.35 11.24 11.12 10.99 10.84 10.64 10.38 10.06 9.73 9.39 9.06 8.73 8.42 8.12 7.85 7.61 7.41 7.24 7.11 7.02 6.96 6.93 6.94 6.97 7.02 7.08 7.14 7.20 7.27 7.35 7.44 7.58 7.80 8.08 8.45 8.87 9.37 9.92 10.50 11.09 11.67 12.24 12.80 13.33 13.83 14.30 14.72 15.11 15.50 15.88 16.25 16.61 16.96 17.30 17.63 17.98 18.34 18.71 19.10 19.50 19.92 20.35 20.79 21.23 21.67 22.10 22.53 22.95 23.36 23.75 24.13 24.51 24.91 25.30 25.69
11.61 11.52 11.42 11.31 11.22 11.12 11.01 10.86 10.67 10.41 10.09 9.75 9.41 9.07 8.75 8.43 8.13 7.85 7.60 7.39 7.21 7.08 6.98 6.92 6.89 6.90 6.93 6.96 7.00 7.06 7.12 7.20 7.28 7.38 7.53 7.75 8.03 8.38 8.78 9.24 9.76 10.32 10.90 11.48 12.04 12.58 13.10 13.58 14.02 14.43 14.83 15.23 15.63 16.02 16.39 16.76 17.11 17.45 17.81 18.18 18.56 18.96 19.37 19.79 20.23 20.68 21.13 21.58 22.03 22.48 22.91 23.33 23.74 24.16 24.60 25.04 25.47 25.90
11.55 11.44 11.35 11.27 11.20 11.12 11.02 10.88 10.69 10.44 10.11 9.77 9.43 9.09 8.76 8.44 8.14 7.86 7.61 7.39 7.20 7.06 6.96 6.89 6.87 6.86 6.87 6.90 6.93 6.98 7.04 7.12 7.22 7.34 7.50 7.72 7.99 8.32 8.71 9.14 9.62 10.14 10.70 11.26 11.81 12.34 12.83 13.28 13.71 14.14 14.56 14.98 15.39 15.79 16.18 16.56 16.92 17.27 17.64 18.02 18.41 18.81 19.22 19.65 20.10 20.55 21.02 21.48 21.95 22.40 22.85 23.29 23.75 24.22 24.70 25.18 25.66 26.12
11.43 11.33 11.26 11.21 11.16 11.11 11.02 10.89 10.71 10.46 10.13 9.78 9.44 9.10 8.77 8.45 8.15 7.87 7.62 7.39 7.20 7.05 6.95 6.88 6.84 6.82 6.82 6.83 6.85 6.90 6.97 7.06 7.16 7.30 7.47 7.70 7.97 8.29 8.65 9.05 9.50 9.98 10.49 11.02 11.56 12.06 12.53 12.98 13.42 13.86 14.30 14.73 15.16 15.57 15.97 16.36 16.73 17.09 17.47 17.85 18.25 18.66 19.08 19.51 19.96 20.41 20.89 21.36 21.84 22.31 22.78 23.27 23.77 24.29 24.82 25.34 25.85 26.35
11.27 11.20 11.17 11.15 11.12 11.08 11.01 10.90 10.72 10.47 10.14 9.79 9.45 9.11 8.78 8.46 8.16 7.88 7.63 7.40 7.21 7.06 6.95 6.87 6.81 6.77 6.75 6.75 6.77 6.82 6.89 6.99 7.11 7.26 7.45 7.69 7.96 8.27 8.61 8.99 9.40 9.84 10.30 10.78 11.28 11.76 12.22 12.68 13.14 13.60 14.05 14.50 14.94 15.36 15.78 16.17 16.55 16.92 17.30 17.69 18.09 18.50 18.93 19.36 19.81 20.27 20.74 21.23 21.72 22.21 22.72 23.26 23.81 24.38 24.94 25.50 26.05 26.57
11.09 11.07 11.06 11.07 11.07 11.05 11.00 10.89 10.72 10.48 10.15 9.80 9.45 9.11 8.78 8.46 8.16 7.89 7.63 7.41 7.22 7.07 6.94 6.84 6.76 6.70 6.67 6.66 6.69 6.74 6.81 6.92 7.06 7.24 7.44 7.69 7.96 8.26 8.59 8.95 9.32 9.72 10.13 10.56 11.00 11.45 11.93 12.41 12.88 13.35 13.82 14.28 14.73 15.17 15.59 15.99 16.38 16.76 17.14 17.54 17.94 18.36 18.78 19.22 19.66 20.12 20.59 21.08 21.58 22.12 22.68 23.27 23.86 24.47 25.07 25.66 26.24 26.79
10.90 10.92 10.95 10.98 11.01 11.01 10.97 10.88 10.72 10.47 10.15 9.80 9.45 9.11 8.78 8.46 8.16 7.89 7.64 7.42 7.23 7.06 6.92 6.79 6.69 6.62 6.58 6.57 6.59 6.65 6.73 6.86 7.02 7.21 7.44 7.69 7.97 8.27 8.59 8.92 9.27 9.62 9.99 10.36 10.75 11.19 11.66 12.15 12.64 13.13 13.61 14.08 14.54 14.99 15.42 15.83 16.22 16.60 16.99 17.39 17.80 18.21 18.64 19.07 19.52 19.98 20.45 20.93 21.46 22.04 22.65 23.28 23.92 24.56 25.20 25.82 26.42 27.00
10.71 10.75 10.82 10.88 10.93 10.96 10.93 10.86 10.70 10.46 10.14 9.79 9.44 9.10 8.77 8.45 8.16 7.88 7.64 7.42 7.22 7.03 6.87 6.72 6.61 6.52 6.47 6.46 6.49 6.55 6.65 6.79 6.97 7.19 7.44 7.71 7.99 8.29 8.60 8.91 9.23 9.55 9.87 10.21 10.58 10.99 11.44 11.93 12.43 12.93 13.42 13.90 14.37 14.82 15.26 15.68 16.07 16.46 16.85 17.25 17.66 18.08 18.50 18.93 19.38 19.83 20.31 20.82 21.38 21.99 22.63 23.30 23.98 24.65 25.32 25.97 26.60 27.19
10.54 10.58 10.67 10.77 10.85 10.89 10.89 10.82 10.68 10.44 10.12 9.77 9.42 9.08 8.75 8.44 8.15 7.88 7.63 7.40 7.18 6.98 6.79 6.63 6.50 6.41 6.36 6.35 6.37 6.45 6.56 6.72 6.92 7.17 7.45 7.73 8.02 8.32 8.62 8.91 9.21 9.50 9.79 10.11 10.47 10.86 11.28 11.75 12.24 12.75 13.25 13.74 14.22 14.68 15.12 15.55 15.95 16.33 16.73 17.13 17.53 17.95 18.37 18.80 19.24 19.70 20.20 20.75 21.34 21.96 22.63 23.32 24.03 24.74 25.43 26.11 26.75 27.37
10.44 10.45 10.52 10.64 10.75 10.81 10.83 10.77 10.64 10.41 10.09 9.74 9.39 9.05 8.73 8.42 8.13 7.86 7.60 7.36 7.12 6.89 6.69 6.52 6.38 6.28 6.23 6.22 6.25 6.33 6.47 6.65 6.88 7.15 7.45 7.76 8.06 8.36 8.65 8.93 9.20 9.47 9.76 10.08 10.42 10.79 11.20 11.63 12.10 12.61 13.12 13.61 14.10 14.56 15.01 15.43 15.84 16.22 16.62 17.02 17.42 17.84 18.26 18.68 19.13 19.61 20.14 20.71 21.32 21.97 22.65 23.35 24.08 24.81 25.53 26.22 26.89 27.52
10.40 10.38 10.41 10.51 10.63 10.72 10.75 10.72 10.59 10.37 10.05 9.70 9.36 9.02 8.70 8.39 8.10 7.82 7.55 7.28 7.02 6.79 6.57 6.39 6.24 6.14 6.08 6.07 6.12 6.21 6.36 6.57 6.82 7.13 7.46 7.79 8.10 8.40 8.69 8.96 9.23 9.50 9.80 10.11 10.44 10.80 11.18 11.60 12.04 12.51 13.01 13.51 14.00 14.47 14.92 15.35 15.75 16.14 16.53 16.92 17.33 17.74 18.15 18.58 19.05 19.57 20.13 20.72 21.35 22.01 22.69 23.40 24.13 24.87 25.60 26.32 27.00 27.64
10.45 10.39 10.38 10.42 10.51 10.61 10.67 10.64 10.53 10.31 9.99 9.65 9.31 8.98 8.66 8.35 8.05 7.76 7.46 7.17 6.90 6.65 6.43 6.24 6.09 5.98 5.92 5.91 5.97 6.08 6.25 6.48 6.77 7.11 7.47 7.82 8.15 8.46 8.74 9.02 9.29 9.58 9.88 10.19 10.52 10.87 11.24 11.63 12.04 12.48 12.95 13.44 13.93 14.40 14.86 15.28 15.68 16.07 16.46 16.85 17.25 17.66 18.08 18.53 19.03 19.57 20.15 20.76 21.40 22.07 22.76 23.46 24.19 24.92 25.66 26.38 27.08 27.72
10.58 10.49 10.43 10.42 10.44 10.50 10.56 10.56 10.46 10.24 9.93 9.59 9.25 8.92 8.60 8.29 7.97 7.65 7.34 7.04 6.76 6.50 6.27 6.07 5.91 5.80 5.74 5.74 5.81 5.94 6.13 6.39 6.71 7.09 7.48 7.86 8.20 8.52 8.82 9.11 9.41 9.71 10.02 10.34 10.67 11.01 11.36 11.73 12.12 12.53 12.96 13.42 13.90 14.37 14.82 15.25 15.65 16.03 16.42 16.81 17.20 17.61 18.05 18.54 19.06 19.63 20.22 20.84 21.49 22.16 22.85 23.55 24.26 24.98 25.70 26.42 27.12 27.77
10.82 10.69 10.59 10.51 10.47 10.45 10.46 10.46 10.37 10.16 9.85 9.51 9.18 8.85 8.53 8.19 7.86 7.52 7.19 6.88 6.59 6.32 6.08 5.88 5.73 5.62 5.56 5.57 5.64 5.78 6.00 6.28 6.64 7.06 7.49 7.89 8.26 8.60 8.92 9.25 9.57 9.89 10.21 10.54 10.86 11.20 11.54 11.90 12.27 12.65 13.05 13.47 13.91 14.37 14.82 15.24 15.64 16.02 16.40 16.78 17.18 17.61 18.09 18.60 19.15 19.73 20.33 20.96 21.61 22.28 22.96 23.65 24.35 25.05 25.75 26.44 27.12 27.77
11.17 11.00 10.84 10.71 10.59 10.49 10.42 10.35 10.26 10.07 9.76 9.43 9.09 8.76 8.41 8.06 7.71 7.36 7.02 6.69 6.39 6.12 5.88 5.68 5.52 5.42 5.37 5.38 5.46 5.62 5.85 6.17 6.56 7.02 7.49 7.92 8.32 8.70 9.07 9.43 9.77 10.11 10.45 10.79 11.12 11.45 11.79 12.14 12.49 12.85 13.22 13.60 14.00 14.42 14.85 15.27 15.66 16.04 16.41 16.80 17.22 17.68 18.18 18.71 19.28 19.87 20.48 21.12 21.77 22.43 23.10 23.78 24.45 25.13 25.80 26.46 27.10 27.73
11.63 11.42 11.22 11.02 10.83 10.65 10.48 10.31 10.16 9.95 9.65 9.32 8.98 8.63 8.26 7.89 7.52 7.16 6.81 6.48 6.18 5.90 5.66 5.46 5.31 5.21 5.17 5.19 5.29 5.46 5.71 6.05 6.48 6.98 7.49 7.96 8.41 8.84 9.25 9.64 10.02 10.38 10.74 11.09 11.43 11.76 12.10 12.43 12.77 13.11 13.46 13.81 14.17 14.55 14.94 15.34 15.72 16.09 16.47 16.88 17.33 17.81 18.33 18.88 19.46 20.06 20.68 21.31 21.95 22.60 23.26 23.91 24.57 25.21 25.85 26.47 27.07 27.66
12.23 11.98 11.72 11.46 11.20 10.93 10.66 10.39 10.12 9.84 9.53 9.19 8.83 8.45 8.07 7.69 7.31 6.94 6.58 6.25 5.94 5.66 5.42 5.23 5.08 4.99 4.96 5.00 5.11 5.30 5.57 5.93 6.39 6.93 7.49 8.03 8.53 9.00 9.46 9.89 10.30 10.69 11.07 11.44 11.79 12.13 12.46 12.79 13.12 13.44 13.77 14.09 14.42 14.76 15.10 15.46 15.82 16.19 16.59 17.03 17.50 18.01 18.55 19.11 19.69 20.29 20.91 21.53 22.17 22.80 23.44 24.07 24.69 25.30 25.90 26.48 27.04 27.57
12.95 12.66 12.35 12.03 11.70 11.35 10.99 10.61 10.22 9.82 9.42 9.05 8.67 8.27 7.88 7.48 7.09 6.71 6.35 6.01 5.70 5.42 5.19 5.00 4.86 4.78 4.76 4.81 4.94 5.15 5.44 5.83 6.31 6.88 7.50 8.09 8.66 9.19 9.69 10.16 10.61 11.04 11.44 11.83 12.19 12.55 12.89 13.21 13.53 13.84 14.15 14.45 14.75 15.05 15.36 15.67 15.97 16.31 16.73 17.20 17.70 18.22 18.77 19.34 19.93 20.53 21.14 21.76 22.38 22.99 23.61 24.21 24.80 25.38 25.94 26.47 26.98 27.45
13.77 13.45 13.10 12.73 12.33 11.91 11.46 10.99 10.49 9.98 9.45 8.98 8.57 8.16 7.75 7.33 6.93 6.54 6.17 5.83 5.51 5.24 5.00 4.82 4.69 4.62 4.61 4.67 4.82 5.04 5.35 5.76 6.26 6.84 7.48 8.13 8.76 9.35 9.91 10.43 10.93 11.39 11.83 12.24 12.63 13.00 13.35 13.69 14.00 14.31 14.60 14.89 15.17 15.44 15.71 15.96 16.16 16.39 16.78 17.27 17.80 18.34 18.91 19.49 20.08 20.68 21.29 21.90 22.50 23.10 23.69 24.27 24.83 25.38 25.89 26.38 26.84 27.27
14.67 14.33 13.95 13.53 13.08 12.59 12.07 11.51 10.92 10.30 9.66 9.07 8.57 8.12 7.69 7.26 6.85 6.45 6.07 5.71 5.40 5.12 4.88 4.70 4.57 4.51 4.51 4.58 4.74 4.98 5.31 5.73 6.23 6.82 7.46 8.14 8.83 9.49 10.11 10.69 11.23 11.75 12.22 12.67 13.09 13.49 13.86 14.20 14.53 14.84 15.13 15.40 15.67 15.92 16.15 16.31 16.39 16.50 16.77 17.23 17.77 18.34 18.92 19.51 20.11 20.72 21.32 21.93 22.52 23.11 23.68 24.24 24.77 25.28 25.76 26.21 26.62 27.00
15.62 15.27 14.87 14.42 13.93 13.39 12.80 12.17 11.49 10.77 10.02 9.32 8.70 8.18 7.71 7.27 6.83 6.42 6.03 5.67 5.34 5.06 4.82 4.64 4.51 4.45 4.46 4.55 4.71 4.97 5.31 5.72 6.22 6.81 7.46 8.14 8.86 9.58 10.27 10.92 11.52 12.09 12.61 13.11 13.56 13.99 14.38 14.75 15.09 15.41 15.70 15.98 16.24 16.46 16.61 16.67 16.65 16.65 16.79 17.11 17.61 18.20 18.80 19.41 20.02 20.64 21.24 21.84 22.43 23.01 23.56 24.10 24.61 25.09 25.53 25.94 26.32 26.67
16.61 16.25 15.84 15.37 14.85 14.26 13.62 12.93 12.18 11.37 10.53 9.73 9.01 8.37 7.82 7.34 6.89 6.46 6.06 5.69 5.35 5.06 4.82 4.64 4.51 4.46 4.47 4.56 4.74 4.99 5.32 5.73 6.23 6.81 7.47 8.16 8.88 9.63 10.38 11.10 11.78 12.40 12.99 13.53 14.03 14.50 14.92 15.32 15.68 16.02 16.33 16.61 16.85 17.00 17.06 17.04 16.94 16.84 16.87 17.04 17.40 17.94 18.56 19.19 19.81 20.43 21.04 21.65 22.23 22.80 23.34 23.85 24.34 24.79 25.21 25.59 25.94 26.29
17.61 17.27 16.85 16.37 15.83 15.21 14.53 13.78 12.97 12.09 11.17 10.28 9.46 8.72 8.06 7.51 7.03 6.58 6.16 5.78 5.43 5.13 4.89 4.70 4.57 4.51 4.53 4.63 4.80 5.04 5.36 5.76 6.25 6.83 7.49 8.18 8.92 9.68 10.46 11.24 11.99 12.69 13.33 13.93 14.49 15.00 15.47 15.90 16.29 16.65 16.98 17.26 17.44 17.52 17.51 17.42 17.25 17.07 16.99 17.03 17.24 17.62 18.19 18.83 19.47 20.10 20.72 21.32 21.91 22.47 23.00 23.50 23.96 24.39 24.78 25.15 25.52 25.86
18.60 18.28 17.88 17.40 16.84 16.21 15.49 14.70 13.84 12.90 11.91 10.94 10.04 9.20 8.46 7.80 7.24 6.77 6.33 5.93 5.57 5.26 5.01 4.81 4.68 4.62 4.64 4.73 4.89 5.11 5.41 5.80 6.29 6.87 7.52 8.22 8.96 9.73 10.52 11.34 12.15 12.92 13.64 14.31 14.92 15.49 16.01 16.48 16.91 17.30 17.64 17.87 18.00 18.02 17.95 17.80 17.57 17.32 17.15 17.08 17.14 17.36 17.76 18.34 19.00 19.64 20.27 20.88 21.46 22.02 22.54 23.03 23.47 23.89 24.28 24.66 25.03 25.38
19.58 19.28 18.90 18.43 17.88 17.23 16.50 15.68 14.78 13.79 12.74 11.71 10.73 9.82 8.98 8.23 7.58 7.03 6.57 6.15 5.78 5.46 5.19 4.99 4.85 4.79 4.80 4.86 5.00 5.20 5.49 5.86 6.34 6.91 7.56 8.26 9.00 9.78 10.59 11.42 12.26 13.10 13.90 14.64 15.32 15.95 16.52 17.05 17.53 17.94 18.25 18.43 18.51 18.49 18.38 18.18 17.90 17.60 17.35 17.17 17.10 17.17 17.39 17.80 18.39 19.05 19.69 20.30 20.89 21.44 21.96 22.44 22.88 23.30 23.72 24.12 24.50 24.85
20.50 20.25 19.90 19.45 18.91 18.27 17.53 16.69 15.76 14.74 13.64 12.55 11.51 10.53 9.63 8.80 8.06 7.42 6.88 6.44 6.05 5.71 5.44 5.22 5.08 5.00 4.98 5.02 5.12 5.31 5.58 5.94 6.40 6.97 7.61 8.31 9.06 9.84 10.65 11.49 12.36 13.23 14.10 14.92 15.67 16.37 17.01 17.60 18.11 18.50 18.78 18.93 18.98 18.93 18.78 18.55 18.24 17.89 17.57 17.31 17.13 17.05 17.11 17.33 17.73 18.32 18.97 19.60 20.19 20.74 21.25 21.73 22.19 22.65 23.09 23.52 23.92 24.28
21.36 21.16 20.86 20.45 19.93 19.30 18.56 17.72 16.78 15.73 14.59 13.46 12.37 11.34 10.37 9.47 8.65 7.93 7.31 6.80 6.39 6.03 5.74 5.52 5.35 5.24 5.18 5.19 5.27 5.43 5.68 6.02 6.47 7.03 7.67 8.37 9.11 9.90 10.72 11.57 12.45 13.34 14.24 15.13 15.97 16.75 17.46 18.09 18.60 18.98 19.23 19.36 19.39 19.32 19.15 18.90 18.57 18.20 17.83 17.49 17.20 17.00 16.90 16.95 17.15 17.54 18.12 18.75 19.35 19.90 20.42 20.93 21.44 21.93 22.41 22.87 23.29 23.67
22.14 22.01 21.76 21.39 20.90 20.30 19.58 18.75 17.80 16.74 15.58 14.42 13.29 12.21 11.19 10.23 9.35 8.56 7.86 7.27 6.79 6.42 6.11 5.86 5.65 5.50 5.41 5.38 5.43 5.57 5.80 6.12 6.56 7.11 7.74 8.43 9.18 9.96 10.79 11.65 12.54 13.44 14.36 15.29 16.20 17.06 17.83 18.48 18.98 19.35 19.59 19.72 19.74 19.66 19.49 19.23 18.90 18.51 18.10 17.70 17.32 17.01 16.77 16.65 16.67 16.85 17.21 17.76 18.37 18.94 19.50 20.06 20.62 21.16 21.68 22.17 22.61 23.01
22.81 22.76 22.58 22.27 21.83 21.27 20.57 19.76 18.81 17.75 16.58 15.40 14.24 13.13 12.07 11.07 10.14 9.28 8.52 7.86 7.30 6.87 6.52 6.23 5.98 5.79 5.66 5.60 5.62 5.72 5.93 6.23 6.65 7.19 7.81 8.50 9.24 10.03 10.86 11.72 12.62 13.54 14.47 15.42 16.37 17.29 18.09 18.73 19.24 19.62 19.87 20.00 20.03 19.96 19.79 19.54 19.22 18.83 18.39 17.94 17.49 17.07 16.71 16.44 16.28 16.26 16.40 16.73 17.26 17.87 18.50 19.12 19.73 20.32 20.89 21.41 21.89 22.32
23.37 23.40 23.30 23.06 22.68 22.17 21.51 20.73 19.80 18.74 17.57 16.38 15.22 14.08 12.99 11.96 10.99 10.09 9.27 8.55 7.92 7.40 6.97 6.62 6.33 6.09 5.92 5.83 5.81 5.89 6.07 6.36 6.76 7.28 7.89 8.57 9.30 10.09 10.92 11.79 12.70 13.63 14.58 15.54 16.50 17.39 18.19 18.85 19.38 19.77 20.05 20.20 20.25 20.19 20.05 19.82 19.52 19.14 18.69 18.20 17.68 17.18 16.71 16.30 15.98 15.77 15.70 15.81 16.15 16.74 17.43 18.12 18.79 19.43 20.04 20.61 21.13 21.58
23.79 23.92 23.91 23.75 23.44 22.99 22.39 21.64 20.75 19.71 18.55 17.36 16.19 15.05 13.94 12.89 11.88 10.95 10.09 9.32 8.63 8.01 7.48 7.04 6.70 6.41 6.20 6.07 6.02 6.07 6.22 6.49 6.87 7.37 7.97 8.64 9.37 10.15 10.98 11.86 12.77 13.71 14.67 15.63 16.54 17.38 18.15 18.83 19.39 19.82 20.12 20.31 20.39 20.37 20.26 20.07 19.80 19.44 18.99 18.47 17.91 17.33 16.76 16.23 15.76 15.38 15.12 15.05 15.21 15.63 16.29 17.04 17.78 18.48 19.15 19.76 20.32 20.81
24.10 24.30 24.38 24.32 24.09 23.71 23.17 22.48 21.63 20.62 19.48 18.31 17.15 16.01 14.90 13.83 12.81 11.85 10.96 10.14 9.37 8.67 8.05 7.52 7.09 6.76 6.50 6.33 6.25 6.27 6.39 6.62 6.98 7.47 8.05 8.71 9.43 10.21 11.04 11.91 12.83 13.78 14.73 15.65 16.50 17.29 18.01 18.68 19.27 19.74 20.09 20.32 20.45 20.48 20.41 20.27 20.05 19.73 19.29 18.76 18.17 17.53 16.87 16.23 15.62 15.09 14.69 14.48 14.48 14.71 15.20 15.92 16.71 17.48 18.20 18.87 19.47 20.00
24.36 24.57 24.71 24.75 24.61 24.32 23.85 23.22 22.42 21.46 20.36 19.21 18.07 16.95 15.84 14.78 13.75 12.78 11.85 10.97 10.14 9.36 8.66 8.05 7.53 7.12 6.82 6.61 6.49 6.47 6.56 6.77 7.11 7.57 8.14 8.78 9.49 10.26 11.09 11.97 12.88 13.82 14.72 15.57 16.36 17.11 17.80 18.44 19.02 19.53 19.94 20.23 20.42 20.51 20.51 20.42 20.26 19.99 19.59 19.06 18.44 17.75 17.03 16.28 15.56 14.93 14.44 14.11 13.97 14.02 14.31 14.84 15.60 16.43 17.21 17.93 18.58 19.15
