data_processed/recharge/precip/Precip_2008_08.asc
ncols        168
nrows        136
xllcorner    455000
yllcorner    2107000
cellsize     500
NODATA_value     -99999
[rows 99 to 131 of 136, columns 74 to 147 of 168]
157.71 157.84 157.79 157.56 157.15 156.59 155.87 155.00 154.00 152.86 151.60 150.23 148.75 147.17 145.50 143.74 141.92 140.02 138.07 136.07 134.02 131.94 129.83 127.70 125.57 123.43 121.29 119.17 117.08 115.01 112.97 110.99 109.05 107.18 105.38 103.65 102.01 100.47 99.02 97.69 96.47 95.38 94.42 93.60 92.93 92.41 92.14 92.29 92.79 93.62 94.76 96.20 97.93 99.94 102.22 104.74 107.51 110.50 113.70 117.11 120.70 124.47 128.40 132.49 136.71 141.05 145.51 150.07 154.72 159.43 164.22 169.05 173.91 178.80
165.31 165.29 165.08 164.69 164.14 163.42 162.55 161.54 160.38 159.10 157.70 156.18 154.56 152.84 151.04 149.15 147.18 145.16 143.07 140.94 138.76 136.56 134.32 132.07 129.81 127.55 125.30 123.06 120.85 118.66 116.51 114.42 112.37 110.39 108.48 106.65 104.90 103.26 101.71 100.27 98.96 97.77 96.71 95.80 95.03 94.30 93.83 94.12 94.90 96.00 97.41 99.11 101.09 103.33 105.83 108.58 111.55 114.74 118.13 121.71 125.47 129.40 133.48 137.70 142.05 146.51 151.07 155.73 160.46 165.26 170.11 175.00 179.91 184.84
173.24 173.06 172.69 172.15 171.44 170.57 169.55 168.39 167.08 165.66 164.11 162.45 160.68 158.83 156.88 154.85 152.75 150.59 148.37 146.11 143.80 141.47 139.11 136.73 134.35 131.96 129.59 127.23 124.89 122.59 120.33 118.12 115.96 113.87 111.85 109.91 108.06 106.30 104.66 103.12 101.70 100.41 99.26 98.24 97.26 96.22 95.45 95.55 96.47 97.85 99.53 101.50 103.73 106.22 108.96 111.92 115.11 118.50 122.09 125.85 129.79 133.88 138.11 142.48 146.96 151.55 156.23 160.99 165.81 170.70 175.62 180.57 185.54 190.51
181.49 181.14 180.62 179.92 179.05 178.03 176.85 175.54 174.09 172.51 170.81 169.01 167.10 165.10 163.01 160.84 158.61 156.31 153.96 151.56 149.12 146.65 144.16 141.66 139.15 136.64 134.14 131.66 129.21 126.79 124.41 122.08 119.81 117.60 115.47 113.42 111.46 109.60 107.85 106.21 104.69 103.30 102.03 100.80 99.51 98.17 97.09 96.92 97.68 99.21 101.17 103.40 105.89 108.64 111.61 114.81 118.22 121.82 125.61 129.57 133.68 137.94 142.34 146.86 151.48 156.20 161.00 165.87 170.80 175.78 180.78 185.81 190.84 195.86
190.03 189.52 188.84 187.98 186.95 185.77 184.44 182.97 181.37 179.64 177.80 175.85 173.79 171.65 169.42 167.11 164.73 162.29 159.80 157.27 154.70 152.10 149.48 146.84 144.20 141.57 138.95 136.34 133.77 131.23 128.73 126.28 123.89 121.57 119.33 117.17 115.10 113.13 111.27 109.52 107.90 106.39 104.92 103.38 101.77 100.13 98.77 98.32 98.84 100.23 102.34 104.85 107.61 110.61 113.84 117.28 120.91 124.73 128.73 132.88 137.19 141.63 146.20 150.87 155.64 160.50 165.43 170.42 175.46 180.53 185.63 190.73 195.83 200.92
198.85 198.19 197.34 196.32 195.13 193.79 192.31 190.68 188.93 187.05 185.05 182.95 180.75 178.45 176.08 173.63 171.11 168.53 165.90 163.23 160.52 157.79 155.03 152.27 149.50 146.74 143.99 141.26 138.56 135.90 133.28 130.71 128.21 125.77 123.41 121.14 118.96 116.88 114.91 113.05 111.31 109.59 107.80 105.95 104.04 102.10 100.46 99.76 100.04 101.22 103.22 105.89 108.93 112.19 115.67 119.35 123.22 127.27 131.48 135.85 140.35 144.97 149.71 154.56 159.49 164.49 169.56 174.67 179.83 185.01 190.20 195.39 200.57 205.72
207.95 207.11 206.10 204.92 203.57 202.07 200.43 198.64 196.73 194.70 192.55 190.30 187.95 185.51 182.98 180.39 177.72 175.00 172.23 169.42 166.58 163.71 160.82 157.92 155.02 152.13 149.25 146.39 143.57 140.78 138.04 135.35 132.73 130.17 127.70 125.31 123.01 120.82 118.74 116.76 114.80 112.77 110.67 108.52 106.32 104.10 102.19 101.24 101.29 102.26 104.08 106.67 109.86 113.40 117.14 121.08 125.19 129.47 133.91 138.48 143.19 148.01 152.93 157.95 163.04 168.20 173.41 178.66 183.94 189.23 194.52 199.81 205.07 210.29
217.29 216.29 215.11 213.76 212.25 210.59 208.79 206.85 204.78 202.59 200.28 197.88 195.38 192.78 190.11 187.37 184.56 181.70 178.79 175.83 172.85 169.84 166.82 163.78 160.75 157.73 154.72 151.73 148.78 145.86 143.00 140.19 137.44 134.77 132.17 129.67 127.26 124.95 122.74 120.55 118.28 115.93 113.53 111.08 108.59 106.10 103.93 102.75 102.58 103.36 105.00 107.43 110.57 114.28 118.29 122.48 126.85 131.37 136.03 140.83 145.74 150.76 155.88 161.07 166.34 171.66 177.02 182.41 187.82 193.23 198.64 204.02 209.38 214.68
226.84 225.70 224.35 222.84 221.16 219.34 217.37 215.27 213.04 210.69 208.23 205.67 203.02 200.28 197.45 194.56 191.61 188.60 185.54 182.45 179.32 176.17 173.01 169.84 166.67 163.51 160.37 157.26 154.17 151.13 148.14 145.20 142.33 139.54 136.82 134.20 131.67 129.24 126.81 124.30 121.72 119.07 116.37 113.63 110.87 108.12 105.70 104.28 103.91 104.50 105.98 108.26 111.28 114.96 119.14 123.60 128.22 132.99 137.90 142.92 148.05 153.28 158.59 163.98 169.42 174.90 180.42 185.96 191.51 197.05 202.58 208.07 213.52 218.92
236.53 235.29 233.81 232.13 230.29 228.30 226.17 223.90 221.51 219.00 216.39 213.67 210.86 207.96 204.99 201.95 198.84 195.69 192.48 189.24 185.98 182.69 179.38 176.07 172.77 169.48 166.20 162.95 159.74 156.57 153.45 150.38 147.39 144.47 141.63 138.89 136.23 133.57 130.83 128.01 125.11 122.17 119.18 116.17 113.15 110.14 107.49 105.85 105.28 105.69 107.01 109.17 112.07 115.65 119.83 124.48 129.36 134.38 139.53 144.79 150.15 155.59 161.11 166.69 172.31 177.97 183.66 189.35 195.05 200.72 206.37 211.98 217.54 223.03
246.34 245.02 243.43 241.61 239.61 237.45 235.15 232.72 230.17 227.50 224.73 221.85 218.88 215.83 212.70 209.51 206.25 202.95 199.60 196.21 192.80 189.37 185.92 182.47 179.03 175.60 172.18 168.80 165.45 162.15 158.90 155.71 152.59 149.55 146.59 143.71 140.82 137.85 134.79 131.66 128.47 125.24 121.98 118.71 115.43 112.18 109.29 107.44 106.68 106.93 108.11 110.13 112.94 116.44 120.56 125.22 130.29 135.57 140.97 146.47 152.06 157.73 163.46 169.24 175.06 180.90 186.76 192.62 198.46 204.28 210.07 215.80 221.47 227.06
256.25 254.84 253.17 251.25 249.11 246.78 244.32 241.72 239.01 236.17 233.24 230.20 227.07 223.87 220.58 217.23 213.83 210.37 206.87 203.33 199.77 196.20 192.61 189.02 185.43 181.86 178.31 174.79 171.31 167.88 164.49 161.17 157.92 154.75 151.65 148.55 145.35 142.06 138.69 135.26 131.79 128.28 124.75 121.22 117.71 114.22 111.11 109.07 108.13 108.21 109.25 111.17 113.88 117.30 121.37 126.00 131.12 136.60 142.26 148.01 153.84 159.73 165.68 171.67 177.69 183.72 189.76 195.79 201.79 207.76 213.68 219.55 225.34 231.04
266.24 264.75 262.99 260.99 258.74 256.28 253.65 250.88 248.00 245.00 241.90 238.70 235.42 232.05 228.61 225.10 221.54 217.93 214.28 210.60 206.89 203.16 199.43 195.69 191.97 188.25 184.56 180.91 177.29 173.72 170.20 166.75 163.37 160.06 156.73 153.31 149.79 146.19 142.53 138.81 135.06 131.29 127.50 123.73 119.98 116.26 112.95 110.71 109.60 109.54 110.46 112.27 114.89 118.26 122.28 126.89 132.01 137.56 143.42 149.42 155.50 161.63 167.81 174.01 180.24 186.47 192.69 198.90 205.07 211.20 217.27 223.27 229.18 235.00
276.30 274.72 272.88 270.79 268.45 265.89 263.12 260.19 257.13 253.97 250.70 247.34 243.89 240.37 236.77 233.10 229.38 225.62 221.82 217.98 214.12 210.25 206.37 202.48 198.61 194.76 190.93 187.13 183.37 179.67 176.02 172.43 168.91 165.36 161.72 157.97 154.15 150.25 146.30 142.30 138.29 134.26 130.23 126.22 122.24 118.31 114.79 112.38 111.11 110.91 111.71 113.42 115.98 119.29 123.28 127.88 133.01 138.59 144.54 150.76 157.08 163.46 169.87 176.30 182.74 189.18 195.59 201.98 208.33 214.62 220.85 226.99 233.04 238.99
286.41 284.75 282.82 280.64 278.22 275.56 272.69 269.62 266.40 263.06 259.63 256.10 252.49 248.80 245.04 241.22 237.34 233.42 229.46 225.47 221.46 217.43 213.40 209.38 205.36 201.36 197.39 193.45 189.55 185.70 181.92 178.18 174.43 170.56 166.60 162.55 158.42 154.23 150.00 145.74 141.47 137.19 132.92 128.69 124.50 120.36 116.65 114.07 112.65 112.33 113.02 114.64 117.13 120.40 124.37 128.97 134.12 139.74 145.76 152.09 158.63 165.26 171.91 178.57 185.23 191.88 198.50 205.08 211.61 218.07 224.46 230.75 236.94 243.02
296.55 294.81 292.80 290.53 288.02 285.27 282.30 279.13 275.77 272.27 268.67 264.97 261.19 257.34 253.41 249.43 245.39 241.31 237.20 233.05 228.89 224.71 220.53 216.35 212.19 208.04 203.92 199.84 195.80 191.82 187.88 183.91 179.83 175.65 171.37 167.02 162.60 158.14 153.64 149.12 144.60 140.08 135.59 131.14 126.74 122.41 118.52 115.78 114.22 113.78 114.37 115.92 118.35 121.59 125.55 130.16 135.34 141.01 147.10 153.52 160.21 167.06 173.96 180.86 187.75 194.61 201.44 208.22 214.94 221.58 228.13 234.59 240.93 247.15
306.71 304.88 302.79 300.43 297.83 295.00 291.94 288.67 285.21 281.56 277.79 273.93 269.98 265.96 261.87 257.73 253.53 249.29 245.01 240.71 236.39 232.06 227.73 223.40 219.08 214.79 210.52 206.29 202.11 197.97 193.80 189.51 185.11 180.61 176.04 171.39 166.70 161.96 157.21 152.44 147.68 142.94 138.23 133.57 128.98 124.46 120.40 117.50 115.82 115.26 115.77 117.25 119.64 122.85 126.81 131.44 136.66 142.39 148.56 155.09 161.91 168.92 176.05 183.19 190.32 197.41 204.45 211.44 218.35 225.18 231.91 238.53 245.03 251.39
316.86 314.95 312.77 310.33 307.65 304.72 301.57 298.21 294.66 290.91 286.99 282.96 278.85 274.66 270.40 266.09 261.73 257.33 252.89 248.43 243.95 239.46 234.98 230.49 226.03 221.58 217.17 212.79 208.46 204.08 199.58 194.97 190.26 185.46 180.59 175.67 170.70 165.71 160.70 155.69 150.71 145.75 140.83 135.98 131.20 126.51 122.29 119.25 117.44 116.79 117.22 118.64 121.00 124.19 128.16 132.82 138.09 143.89 150.15 156.80 163.74 170.92 178.23 185.61 192.98 200.31 207.58 214.77 221.89 228.91 235.83 242.62 249.28 255.80
327.00 325.01 322.74 320.22 317.44 314.43 311.19 307.74 304.09 300.25 296.23 292.05 287.76 283.41 278.98 274.50 269.98 265.41 260.81 256.19 251.55 246.91 242.26 237.63 233.01 228.41 223.85 219.31 214.73 210.03 205.21 200.29 195.27 190.19 185.04 179.84 174.61 169.37 164.12 158.89 153.68 148.51 143.40 138.36 133.40 128.55 124.18 121.00 119.09 118.35 118.70 120.09 122.41 125.61 129.59 134.29 139.61 145.50 151.87 158.63 165.72 173.06 180.57 188.16 195.77 203.34 210.84 218.26 225.58 232.80 239.91 246.88 253.72 260.39
337.10 335.03 332.68 330.07 327.21 324.11 320.78 317.24 313.49 309.55 305.44 301.15 296.72 292.20 287.60 282.96 278.26 273.53 268.77 263.98 259.18 254.38 249.58 244.78 240.01 235.26 230.53 225.75 220.85 215.83 210.69 205.46 200.16 194.79 189.37 183.91 178.43 172.95 167.47 162.02 156.60 151.24 145.94 140.72 135.60 130.59 126.07 122.77 120.76 119.94 120.24 121.58 123.89 127.09 131.10 135.85 141.24 147.22 153.70 160.60 167.84 175.36 183.06 190.87 198.72 206.54 214.27 221.92 229.47 236.90 244.20 251.36 258.37 265.22
347.14 344.99 342.56 339.87 336.92 333.73 330.31 326.68 322.84 318.81 314.60 310.22 305.68 301.01 296.24 291.43 286.56 281.66 276.74 271.79 266.83 261.86 256.90 251.95 247.01 242.10 237.13 232.02 226.80 221.45 216.02 210.50 204.91 199.26 193.58 187.87 182.15 176.44 170.74 165.08 159.46 153.91 148.43 143.05 137.77 132.61 127.96 124.56 122.45 121.56 121.81 123.13 125.43 128.65 132.69 137.49 142.97 149.05 155.65 162.69 170.10 177.80 185.71 193.75 201.85 209.93 217.92 225.80 233.57 241.22 248.73 256.08 263.28 270.30
357.12 354.89 352.37 349.60 346.56 343.29 339.78 336.06 332.13 328.00 323.69 319.22 314.58 309.80 304.89 299.90 294.87 289.80 284.70 279.59 274.46 269.33 264.21 259.10 254.00 248.83 243.54 238.11 232.56 226.92 221.19 215.38 209.52 203.61 197.68 191.73 185.78 179.84 173.94 168.07 162.27 156.54 150.89 145.35 139.92 134.63 129.86 126.35 124.16 123.21 123.42 124.72 127.03 130.27 134.36 139.23 144.80 150.98 157.72 164.91 172.49 180.39 188.51 196.80 205.15 213.51 221.79 229.94 237.94 245.81 253.53 261.09 268.48 275.68
367.01 364.69 362.10 359.24 356.12 352.76 349.16 345.35 341.33 337.11 332.71 328.13 323.40 318.52 313.50 308.36 303.16 297.92 292.66 287.37 282.08 276.79 271.50 266.21 260.86 255.37 249.75 244.01 238.16 232.22 226.20 220.12 213.99 207.83 201.66 195.47 189.30 183.16 177.05 171.00 165.01 159.11 153.31 147.62 142.05 136.64 131.75 128.15 125.88 124.88 125.07 126.36 128.68 131.96 136.11 141.05 146.72 153.03 159.90 167.26 175.02 183.12 191.47 200.00 208.63 217.28 225.87 234.33 242.60 250.70 258.64 266.41 274.00 281.39
376.79 374.39 371.72 368.78 365.57 362.13 358.45 354.54 350.43 346.12 341.62 336.95 332.12 327.14 322.02 316.77 311.42 306.01 300.58 295.12 289.66 284.20 278.74 273.20 267.52 261.71 255.76 249.71 243.57 237.34 231.05 224.71 218.33 211.92 205.51 199.11 192.73 186.38 180.08 173.85 167.70 161.64 155.68 149.86 144.16 138.63 133.64 129.95 127.63 126.59 126.75 128.05 130.39 133.71 137.93 142.96 148.73 155.17 162.19 169.72 177.68 186.00 194.59 203.37 212.28 221.23 230.14 238.94 247.55 255.92 264.09 272.08 279.87 287.46
386.45 383.98 381.22 378.19 374.91 371.38 367.61 363.61 359.41 355.01 350.42 345.65 340.72 335.64 330.42 325.07 319.61 314.05 308.45 302.82 297.19 291.55 285.83 279.97 273.96 267.83 261.58 255.23 248.80 242.30 235.74 229.15 222.52 215.88 209.25 202.63 196.05 189.51 183.03 176.63 170.32 164.11 158.02 152.06 146.25 140.61 135.52 131.76 129.39 128.32 128.47 129.78 132.16 135.53 139.82 144.95 150.84 157.42 164.60 172.31 180.48 189.01 197.85 206.90 216.10 225.35 234.60 243.75 252.73 261.47 269.92 278.13 286.14 293.94
395.97 393.42 390.58 387.47 384.11 380.49 376.63 372.55 368.26 363.76 359.08 354.22 349.19 344.01 338.69 333.24 327.68 322.01 316.25 310.46 304.64 298.75 292.70 286.51 280.18 273.74 267.19 260.56 253.85 247.09 240.27 233.43 226.57 219.71 212.86 206.04 199.27 192.55 185.90 179.33 172.87 166.52 160.30 154.23 148.31 142.57 137.40 133.58 131.16 130.07 130.22 131.55 133.97 137.41 141.78 147.02 153.04 159.77 167.12 175.02 183.40 192.17 201.26 210.59 220.08 229.66 239.25 248.76 258.13 267.27 276.11 284.61 292.84 300.80
405.33 402.70 399.79 396.60 393.15 389.45 385.50 381.34 376.95 372.37 367.59 362.63 357.51 352.24 346.82 341.27 335.60 329.82 323.95 318.00 311.93 305.70 299.33 292.81 286.18 279.44 272.61 265.69 258.72 251.70 244.64 237.56 230.48 223.40 216.35 209.34 202.38 195.49 188.68 181.96 175.36 168.88 162.54 156.36 150.34 144.51 139.27 135.39 132.94 131.84 132.01 133.36 135.84 139.35 143.82 149.17 155.33 162.21 169.75 177.85 186.45 195.47 204.82 214.44 224.24 234.14 244.08 253.96 263.72 273.28 282.55 291.47 299.95 307.88
414.52 411.81 408.82 405.55 402.02 398.23 394.20 389.95 385.48 380.80 375.93 370.88 365.66 360.29 354.77 349.12 343.35 337.47 331.49 325.33 318.96 312.40 305.71 298.89 291.95 284.92 277.81 270.63 263.40 256.13 248.84 241.54 234.24 226.96 219.71 212.52 205.39 198.33 191.37 184.51 177.78 171.18 164.73 158.45 152.34 146.44 141.13 137.21 134.74 133.63 133.82 135.22 137.75 141.35 145.92 151.40 157.70 164.76 172.48 180.80 189.63 198.90 208.53 218.44 228.56 238.80 249.10 259.36 269.53 279.50 289.22 298.56 307.21 315.04
423.52 420.74 417.66 414.31 410.70 406.83 402.72 398.38 393.81 389.05 384.09 378.94 373.63 368.16 362.54 356.79 350.92 344.93 338.76 332.34 325.70 318.85 311.84 304.72 297.50 290.19 282.81 275.38 267.90 260.39 252.87 245.35 237.85 230.38 222.95 215.58 208.28 201.07 193.97 186.98 180.13 173.42 166.87 160.50 154.31 148.34 142.98 139.02 136.54 135.44 135.65 137.10 139.71 143.40 148.09 153.70 160.17 167.40 175.32 183.86 192.93 202.46 212.38 222.60 233.04 243.63 254.30 264.96 275.53 285.94 296.07 305.59 314.31 322.18
432.31 429.45 426.30 422.87 419.17 415.22 411.03 406.60 401.95 397.09 392.04 386.80 381.40 375.83 370.11 364.26 358.28 352.10 345.68 339.01 332.11 325.01 317.73 310.32 302.82 295.24 287.61 279.92 272.21 264.47 256.73 249.01 241.31 233.65 226.05 218.52 211.07 203.72 196.48 189.37 182.41 175.60 168.96 162.50 156.25 150.22 144.81 140.83 138.34 137.26 137.52 139.03 141.72 145.51 150.32 156.08 162.71 170.13 178.26 187.03 196.36 206.16 216.37 226.90 237.69 248.64 259.68 270.74 281.74 292.54 302.83 312.38 321.16 329.12
440.87 437.94 434.71 431.20 427.43 423.39 419.11 414.60 409.86 404.92 399.77 394.44 388.94 383.28 377.47 371.51 365.34 358.92 352.24 345.32 338.19 330.86 323.35 315.68 307.91 300.08 292.19 284.27 276.32 268.37 260.43 252.51 244.62 236.79 229.02 221.33 213.74 206.26 198.90 191.68 184.61 177.71 170.99 164.47 158.16 152.07 146.63 142.64 140.16 139.10 139.41 140.99 143.77 147.67 152.62 158.53 165.34 172.96 181.31 190.32 199.90 209.99 220.50 231.36 242.49 253.81 265.25 276.72 288.09 299.03 309.30 318.87 327.70 335.77
449.19 446.18 442.88 439.29 435.44 431.32 426.96 422.36 417.53 412.50 407.27 401.85 396.25 390.49 384.58 378.44 372.03 365.36 358.43 351.29 343.93 336.38 328.65 320.78 312.77 304.69 296.56 288.41 280.25 272.09 263.95 255.84 247.78 239.78 231.86 224.03 216.30 208.70 201.22 193.90 186.74 179.76 172.97 166.39 160.02 153.90 148.44 144.44 141.97 140.96 141.32 142.98 145.86 149.89 154.98 161.06 168.05 175.87 184.45 193.71 203.57 213.95 224.78 235.97 247.46 259.16 270.99 282.82 294.30 305.19 315.44 325.03 333.92 342.09
457.25 454.17 450.79 447.13 443.19 438.99 434.55 429.86 424.95 419.83 414.51 409.00 403.31 397.45 391.36 384.98 378.33 371.41 364.26 356.89 349.32 341.56 333.64 325.57 317.37 309.07 300.72 292.35 283.98 275.62 267.30 259.01 250.79 242.63 234.56 226.60 218.75 211.03 203.45 196.04 188.79 181.74 174.89 168.26 161.86 155.71 150.22 146.23 143.79 142.82 143.25 145.00 147.99 152.15 157.40 163.65 170.84 178.88 187.70 197.22 207.36 218.04 229.19 240.73 252.58 264.67 276.84 288.76 300.15 310.98 321.21 330.82 339.77 348.04
