data_processed/recharge/precip/Precip_2008_06.asc
ncols        168
nrows        136
xllcorner    455000
yllcorner    2107000
cellsize     500
NODATA_value     -99999
[rows 34 to 67 of 136, columns 76 to 151 of 168]
142.71 141.97 141.25 140.54 139.78 138.95 138.05 137.10 136.10 135.06 133.98 132.88 131.76 130.63 129.49 128.35 127.22 126.11 125.02 123.95 122.93 121.95 121.02 120.14 119.33 118.60 117.94 117.37 116.89 116.51 116.24 116.08 116.05 116.14 116.37 116.75 117.31 118.05 118.99 120.13 121.49 123.08 124.90 126.97 129.29 131.82 133.73 134.31 133.63 131.84 129.06 125.42 121.05 116.08 110.65 104.88 98.91 92.87 86.84 80.86 74.94 69.13 63.47 57.97 52.68 47.64 42.86 38.40 34.27 30.52 27.17 24.26 21.83 19.91 18.52 17.71
141.95 141.17 140.40 139.57 138.67 137.72 136.71 135.65 134.56 133.43 132.27 131.10 129.91 128.72 127.53 126.36 125.19 124.06 122.95 121.88 120.85 119.88 118.96 118.12 117.34 116.64 116.04 115.52 115.11 114.80 114.61 114.55 114.61 114.81 115.15 115.64 116.30 117.16 118.21 119.48 120.97 122.70 124.67 126.88 129.37 132.06 134.14 134.90 134.40 132.78 130.18 126.72 122.54 117.76 112.52 106.95 101.23 95.45 89.64 83.83 78.06 72.36 66.76 61.30 56.02 50.94 46.09 41.52 37.25 33.33 29.77 26.61 23.90 21.65 19.91 18.71
141.13 140.29 139.40 138.44 137.42 136.35 135.23 134.07 132.88 131.67 130.44 129.19 127.95 126.71 125.48 124.26 123.07 121.91 120.80 119.72 118.70 117.74 116.85 116.03 115.29 114.64 114.09 113.63 113.29 113.06 112.96 112.99 113.15 113.46 113.92 114.54 115.33 116.30 117.47 118.87 120.50 122.37 124.48 126.86 129.50 132.37 134.63 135.56 135.24 133.81 131.39 128.12 124.13 119.54 114.51 109.24 103.83 98.32 92.75 87.14 81.54 75.98 70.48 65.09 59.83 54.74 49.85 45.20 40.82 36.74 32.99 29.61 26.64 24.10 22.03 20.47
140.24 139.27 138.24 137.15 136.02 134.83 133.61 132.36 131.08 129.78 128.48 127.18 125.88 124.59 123.32 122.07 120.86 119.69 118.56 117.49 116.48 115.54 114.67 113.88 113.19 112.59 112.09 111.71 111.44 111.29 111.28 111.41 111.68 112.10 112.69 113.44 114.36 115.47 116.78 118.31 120.07 122.09 124.36 126.90 129.71 132.75 135.19 136.30 136.17 134.92 132.69 129.61 125.81 121.45 116.75 111.84 106.77 101.57 96.26 90.89 85.48 80.08 74.71 69.40 64.19 59.12 54.22 49.51 45.04 40.83 36.92 33.35 30.15 27.34 24.97 23.06
139.19 138.09 136.93 135.72 134.46 133.17 131.85 130.51 129.15 127.78 126.41 125.04 123.69 122.36 121.06 119.79 118.56 117.37 116.25 115.18 114.19 113.27 112.43 111.68 111.03 110.49 110.06 109.74 109.55 109.50 109.58 109.81 110.19 110.74 111.45 112.34 113.41 114.66 116.12 117.79 119.70 121.87 124.30 127.00 129.98 133.20 135.82 137.12 137.18 136.12 134.09 131.21 127.64 123.64 119.37 114.87 110.16 105.28 100.27 95.15 89.97 84.75 79.52 74.33 69.20 64.17 59.27 54.54 50.00 45.70 41.65 37.91 34.50 31.45 28.80 26.58
137.99 136.75 135.47 134.14 132.77 131.37 129.96 128.53 127.09 125.65 124.22 122.80 121.40 120.04 118.70 117.41 116.17 114.98 113.85 112.80 111.82 110.93 110.13 109.43 108.83 108.34 107.98 107.74 107.64 107.67 107.86 108.19 108.69 109.36 110.21 111.24 112.46 113.87 115.49 117.32 119.39 121.71 124.30 127.17 130.33 133.74 136.55 138.03 138.28 137.42 135.59 132.94 129.79 126.28 122.47 118.39 114.07 109.54 104.85 100.01 95.07 90.06 85.02 79.96 74.94 69.98 65.11 60.37 55.80 51.41 47.26 43.37 39.78 36.51 33.61 31.10
136.63 135.26 133.85 132.40 130.93 129.44 127.93 126.42 124.91 123.41 121.92 120.45 119.01 117.61 116.25 114.94 113.69 112.50 111.38 110.35 109.39 108.53 107.77 107.12 106.58 106.16 105.86 105.71 105.69 105.82 106.11 106.56 107.19 107.99 108.97 110.14 111.52 113.09 114.88 116.89 119.13 121.61 124.37 127.42 130.76 134.35 137.35 139.03 139.48 138.82 137.24 135.04 132.43 129.45 126.12 122.49 118.58 114.44 110.09 105.56 100.89 96.12 91.27 86.38 81.49 76.62 71.81 67.09 62.50 58.07 53.84 49.83 46.08 42.62 39.49 36.72
135.10 133.61 132.08 130.53 128.95 127.37 125.78 124.19 122.61 121.04 119.50 117.99 116.52 115.09 113.71 112.39 111.13 109.95 108.84 107.82 106.90 106.08 105.36 104.76 104.28 103.93 103.71 103.64 103.72 103.96 104.35 104.92 105.67 106.61 107.73 109.06 110.59 112.33 114.30 116.49 118.92 121.59 124.52 127.74 131.27 135.05 138.25 140.13 140.78 140.38 139.28 137.70 135.67 133.23 130.42 127.26 123.79 120.05 116.07 111.87 107.50 102.99 98.37 93.67 88.93 84.18 79.45 74.78 70.21 65.75 61.46 57.35 53.47 49.85 46.51 43.51
133.42 131.81 130.17 128.51 126.84 125.16 123.49 121.83 120.19 118.57 116.98 115.43 113.92 112.47 111.07 109.74 108.49 107.32 106.23 105.24 104.35 103.56 102.90 102.35 101.94 101.66 101.53 101.55 101.73 102.07 102.58 103.27 104.15 105.22 106.50 107.98 109.67 111.59 113.73 116.11 118.74 121.61 124.74 128.15 131.87 135.85 139.24 141.33 142.25 142.37 141.94 141.00 139.58 137.71 135.44 132.78 129.78 126.47 122.88 119.04 114.99 110.77 106.40 101.91 97.35 92.75 88.13 83.53 78.99 74.54 70.21 66.04 62.05 58.29 54.78 51.56
131.59 129.85 128.11 126.35 124.59 122.83 121.08 119.35 117.65 115.98 114.35 112.76 111.23 109.75 108.35 107.02 105.77 104.61 103.54 102.58 101.73 100.99 100.38 99.90 99.56 99.36 99.31 99.43 99.71 100.16 100.79 101.61 102.63 103.84 105.27 106.91 108.77 110.86 113.19 115.77 118.59 121.67 125.02 128.64 132.55 136.73 140.34 142.70 144.18 145.04 145.31 145.04 144.25 142.98 141.27 139.14 136.63 133.77 130.60 127.14 123.44 119.53 115.44 111.20 106.84 102.40 97.92 93.42 88.95 84.52 80.18 75.97 71.90 68.02 64.36 60.95
129.60 127.75 125.90 124.05 122.20 120.36 118.55 116.75 115.00 113.28 111.61 109.99 108.44 106.95 105.54 104.21 102.97 101.83 100.79 99.87 99.06 98.37 97.82 97.41 97.14 97.02 97.07 97.28 97.67 98.24 99.00 99.95 101.10 102.47 104.05 105.85 107.89 110.16 112.68 115.45 118.48 121.78 125.35 129.19 133.33 137.72 141.61 144.58 146.85 148.47 149.47 149.89 149.76 149.12 147.99 146.41 144.42 142.04 139.31 136.27 132.94 129.37 125.58 121.60 117.48 113.24 108.91 104.54 100.15 95.78 91.46 87.22 83.10 79.13 75.35 71.78
127.47 125.52 123.57 121.63 119.70 117.78 115.90 114.05 112.24 110.48 108.78 107.14 105.56 104.07 102.66 101.34 100.11 98.99 97.99 97.10 96.34 95.71 95.22 94.88 94.69 94.66 94.81 95.12 95.62 96.31 97.20 98.29 99.59 101.11 102.85 104.82 107.04 109.49 112.21 115.18 118.42 121.93 125.73 129.81 134.19 138.83 143.31 147.12 150.22 152.63 154.39 155.53 156.08 156.09 155.57 154.57 153.12 151.24 148.99 146.38 143.45 140.24 136.77 133.09 129.22 125.20 121.06 116.84 112.57 108.27 103.99 99.76 95.61 91.58 87.69 83.99
125.33 123.28 121.23 119.20 117.19 115.20 113.26 111.35 109.50 107.70 105.96 104.30 102.71 101.21 99.80 98.49 97.28 96.19 95.21 94.37 93.66 93.09 92.66 92.40 92.29 92.36 92.60 93.02 93.64 94.45 95.47 96.70 98.14 99.82 101.72 103.87 106.26 108.91 111.82 115.00 118.45 122.18 126.21 130.53 135.13 139.93 144.81 149.42 153.37 156.60 159.14 161.02 162.28 162.96 163.08 162.68 161.80 160.46 158.69 156.54 154.04 151.22 148.10 144.74 141.15 137.38 133.45 129.40 125.26 121.07 116.86 112.66 108.51 104.43 100.47 96.66
123.25 121.10 118.96 116.84 114.75 112.70 110.69 108.73 106.83 104.99 103.23 101.54 99.94 98.43 97.02 95.72 94.54 93.47 92.53 91.73 91.07 90.56 90.21 90.02 90.00 90.15 90.49 91.03 91.76 92.70 93.85 95.22 96.82 98.65 100.72 103.04 105.61 108.45 111.56 114.94 118.61 122.56 126.82 131.36 136.10 140.98 145.96 150.97 155.71 159.77 163.12 165.77 167.77 169.14 169.93 170.15 169.86 169.07 167.83 166.16 164.11 161.70 158.96 155.94 152.65 149.15 145.46 141.60 137.63 133.57 129.45 125.31 121.17 117.08 113.07 109.17
121.25 118.99 116.76 114.55 112.39 110.27 108.20 106.19 104.24 102.37 100.58 98.87 97.26 95.75 94.34 93.06 91.89 90.85 89.95 89.20 88.59 88.14 87.86 87.74 87.81 88.06 88.50 89.15 90.00 91.06 92.35 93.86 95.61 97.60 99.84 102.33 105.09 108.12 111.43 115.02 118.90 123.08 127.55 132.22 137.03 141.99 147.05 152.15 157.28 162.12 166.29 169.74 172.50 174.59 176.06 176.94 177.26 177.05 176.35 175.20 173.61 171.64 169.31 166.65 163.70 160.49 157.05 153.42 149.64 145.73 141.72 137.66 133.57 129.49 125.46 121.49
119.32 116.96 114.64 112.35 110.11 107.92 105.79 103.73 101.74 99.84 98.02 96.29 94.67 93.16 91.76 90.49 89.35 88.34 87.48 86.77 86.22 85.83 85.62 85.59 85.74 86.09 86.63 87.39 88.36 89.55 90.97 92.63 94.53 96.68 99.09 101.76 104.71 107.93 111.44 115.24 119.34 123.72 128.31 133.05 137.93 142.96 148.09 153.26 158.48 163.70 168.64 172.91 176.45 179.29 181.47 183.02 183.98 184.38 184.25 183.62 182.54 181.03 179.12 176.85 174.25 171.36 168.21 164.83 161.26 157.52 153.66 149.70 145.68 141.64 137.60 133.60
117.47 115.02 112.60 110.24 107.92 105.67 103.48 101.37 99.34 97.41 95.56 93.82 92.19 90.68 89.29 88.03 86.91 85.94 85.12 84.46 83.96 83.64 83.50 83.55 83.79 84.24 84.89 85.76 86.85 88.17 89.73 91.53 93.59 95.90 98.48 101.33 104.46 107.88 111.59 115.60 119.90 124.40 129.06 133.85 138.80 143.89 149.08 154.32 159.60 164.92 170.23 175.25 179.59 183.21 186.12 188.38 190.00 191.03 191.49 191.42 190.86 189.83 188.37 186.52 184.30 181.75 178.91 175.80 172.46 168.93 165.23 161.41 157.48 153.49 149.48 145.46
115.72 113.17 110.66 108.22 105.83 103.51 101.27 99.12 97.05 95.08 93.21 91.46 89.82 88.31 86.93 85.69 84.60 83.66 82.88 82.27 81.83 81.58 81.51 81.64 81.97 82.52 83.28 84.26 85.47 86.93 88.63 90.58 92.79 95.27 98.02 101.05 104.37 107.98 111.89 116.10 120.51 125.07 129.77 134.63 139.63 144.78 150.03 155.33 160.67 166.04 171.44 176.82 181.91 186.32 190.00 192.98 195.29 196.97 198.05 198.56 198.55 198.03 197.05 195.63 193.82 191.64 189.13 186.32 183.24 179.93 176.42 172.75 168.94 165.04 161.07 157.07
114.06 111.41 108.82 106.30 103.84 101.46 99.17 96.97 94.86 92.86 90.97 89.21 87.56 86.05 84.69 83.47 82.40 81.50 80.76 80.20 79.83 79.64 79.65 79.86 80.29 80.93 81.80 82.90 84.24 85.83 87.67 89.77 92.14 94.78 97.70 100.91 104.42 108.23 112.34 116.64 121.10 125.71 130.46 135.37 140.42 145.63 150.94 156.29 161.69 167.11 172.56 178.02 183.47 188.61 193.07 196.80 199.83 202.18 203.91 205.03 205.58 205.60 205.11 204.16 202.78 200.99 198.84 196.35 193.55 190.50 187.20 183.71 180.05 176.25 172.35 168.38
112.50 109.76 107.09 104.49 101.96 99.53 97.18 94.93 92.79 90.76 88.85 87.07 85.43 83.93 82.57 81.37 80.33 79.47 78.78 78.27 77.96 77.84 77.93 78.23 78.75 79.49 80.47 81.69 83.16 84.88 86.86 89.11 91.64 94.45 97.55 100.94 104.64 108.63 112.83 117.18 121.68 126.33 131.13 136.08 141.18 146.44 151.79 157.20 162.64 168.12 173.61 179.13 184.64 190.14 195.33 199.83 203.59 206.65 209.04 210.79 211.94 212.51 212.55 212.09 211.16 209.79 208.01 205.87 203.39 200.60 197.55 194.26 190.76 187.10 183.30 179.39
111.00 108.22 105.47 102.79 100.20 97.70 95.31 93.02 90.84 88.79 86.86 85.07 83.42 81.93 80.59 79.41 78.40 77.57 76.93 76.48 76.23 76.18 76.35 76.74 77.35 78.20 79.29 80.63 82.23 84.08 86.21 88.61 91.30 94.28 97.55 101.14 105.01 109.09 113.32 117.71 122.24 126.92 131.76 136.75 141.90 147.20 152.60 158.06 163.54 169.06 174.60 180.16 185.72 191.28 196.81 202.03 206.55 210.34 213.42 215.82 217.59 218.75 219.34 219.39 218.94 218.01 216.64 214.86 212.72 210.23 207.44 204.38 201.07 197.57 193.88 190.06
109.53 106.76 103.97 101.22 98.56 96.01 93.56 91.23 89.02 86.94 85.00 83.20 81.55 80.06 78.74 77.59 76.61 75.82 75.23 74.84 74.65 74.67 74.92 75.40 76.11 77.07 78.27 79.73 81.46 83.45 85.72 88.28 91.13 94.28 97.73 101.48 105.44 109.55 113.81 118.22 122.78 127.50 132.37 137.40 142.58 147.93 153.37 158.86 164.39 169.95 175.53 181.12 186.72 192.32 197.91 203.46 208.69 213.23 217.02 220.11 222.52 224.29 225.45 226.04 226.09 225.62 224.69 223.31 221.52 219.36 216.85 214.04 210.95 207.63 204.09 200.38
108.06 105.31 102.54 99.77 97.05 94.44 91.95 89.58 87.34 85.23 83.28 81.47 79.83 78.35 77.04 75.91 74.97 74.22 73.68 73.34 73.22 73.32 73.65 74.22 75.03 76.09 77.41 79.00 80.85 82.99 85.41 88.12 91.13 94.45 98.07 101.89 105.87 110.00 114.28 118.72 123.31 128.05 132.95 138.01 143.23 148.61 154.09 159.61 165.18 170.77 176.39 182.02 187.65 193.28 198.91 204.51 210.07 215.30 219.83 223.62 226.70 229.11 230.87 232.01 232.59 232.61 232.13 231.17 229.77 227.95 225.76 223.23 220.38 217.26 213.89 210.31
106.62 103.89 101.15 98.41 95.67 93.01 90.47 88.06 85.79 83.67 81.70 79.89 78.25 76.78 75.49 74.39 73.48 72.78 72.29 72.01 71.96 72.14 72.55 73.21 74.12 75.29 76.73 78.44 80.42 82.70 85.27 88.14 91.32 94.79 98.48 102.32 106.31 110.45 114.75 119.20 123.81 128.58 133.51 138.59 143.84 149.25 154.76 160.31 165.91 171.53 177.18 182.84 188.50 194.16 199.81 205.45 211.05 216.60 221.82 226.34 230.11 233.17 235.55 237.29 238.41 238.95 238.95 238.43 237.44 236.00 234.14 231.91 229.33 226.43 223.26 219.84
105.19 102.49 99.79 97.09 94.39 91.72 89.14 86.70 84.40 82.26 80.27 78.46 76.82 75.36 74.10 73.02 72.16 71.50 71.06 70.84 70.86 71.12 71.62 72.37 73.38 74.66 76.22 78.05 80.18 82.59 85.31 88.34 91.67 95.21 98.90 102.74 106.74 110.90 115.21 119.67 124.30 129.08 134.03 139.14 144.41 149.84 155.38 160.96 166.58 172.23 177.90 183.59 189.28 194.96 200.63 206.29 211.92 217.51 223.04 228.24 232.73 236.47 239.50 241.84 243.54 244.62 245.12 245.07 244.51 243.47 241.97 240.06 237.77 235.13 232.18 228.95
103.80 101.13 98.46 95.80 93.16 90.54 87.96 85.48 83.16 81.00 79.00 77.19 75.56 74.11 72.87 71.83 71.00 70.39 70.00 69.85 69.94 70.27 70.86 71.71 72.83 74.22 75.89 77.85 80.11 82.68 85.55 88.72 92.10 95.64 99.33 103.18 107.18 111.34 115.66 120.13 124.77 129.57 134.53 139.65 144.94 150.40 155.95 161.56 167.20 172.87 178.56 184.27 189.97 195.68 201.37 207.04 212.69 218.30 223.87 229.37 234.52 238.97 242.67 245.65 247.95 249.59 250.62 251.07 250.96 250.34 249.23 247.67 245.69 243.33 240.62 237.60
102.44 99.80 97.17 94.56 91.97 89.41 86.89 84.42 82.08 79.90 77.90 76.08 74.46 73.03 71.81 70.80 70.01 69.45 69.12 69.03 69.19 69.61 70.29 71.23 72.45 73.96 75.75 77.85 80.24 82.95 85.96 89.18 92.56 96.09 99.77 103.62 107.62 111.78 116.09 120.58 125.22 130.02 135.00 140.13 145.44 150.91 156.48 162.10 167.76 173.45 179.15 184.87 190.59 196.31 202.02 207.71 213.37 218.99 224.57 230.10 235.55 240.65 245.05 248.69 251.61 253.84 255.42 256.39 256.76 256.58 255.89 254.70 253.06 251.01 248.56 245.77
101.13 98.52 95.93 93.36 90.83 88.33 85.88 83.49 81.16 78.97 76.97 75.15 73.53 72.13 70.93 69.96 69.21 68.70 68.43 68.40 68.64 69.14 69.90 70.95 72.28 73.90 75.82 78.04 80.57 83.41 86.46 89.67 93.03 96.55 100.22 104.06 108.05 112.21 116.52 121.00 125.65 130.46 135.44 140.58 145.89 151.37 156.96 162.59 168.26 173.96 179.68 185.40 191.14 196.86 202.58 208.28 213.94 219.58 225.17 230.70 236.18 241.57 246.61 250.93 254.50 257.35 259.51 261.01 261.89 262.18 261.92 261.14 259.86 258.13 255.98 253.44
99.86 97.28 94.73 92.22 89.74 87.31 84.94 82.62 80.38 78.22 76.21 74.40 72.79 71.40 70.23 69.29 68.59 68.13 67.92 67.96 68.27 68.86 69.72 70.86 72.30 74.03 76.08 78.43 81.09 83.96 86.99 90.18 93.52 97.02 100.69 104.51 108.49 112.63 116.94 121.42 126.06 130.87 135.85 140.99 146.31 151.80 157.39 163.03 168.71 174.41 180.13 185.86 191.60 197.33 203.05 208.75 214.43 220.06 225.65 231.19 236.67 242.09 247.40 252.36 256.60 260.09 262.85 264.92 266.33 267.11 267.31 266.95 266.06 264.69 262.85 260.60
98.64 96.11 93.60 91.14 88.72 86.36 84.06 81.83 79.67 77.60 75.63 73.83 72.23 70.87 69.73 68.82 68.16 67.76 67.61 67.72 68.11 68.78 69.73 70.98 72.53 74.38 76.55 79.02 81.71 84.55 87.56 90.72 94.04 97.52 101.16 104.96 108.93 113.06 117.35 121.82 126.45 131.25 136.23 141.37 146.69 152.17 157.77 163.41 169.09 174.79 180.52 186.25 191.99 197.72 203.44 209.14 214.81 220.44 226.03 231.57 237.05 242.46 247.79 253.02 257.89 262.03 265.42 268.08 270.05 271.35 272.03 272.12 271.65 270.65 269.15 267.20
97.49 94.99 92.53 90.12 87.76 85.47 83.25 81.10 79.04 77.07 75.20 73.45 71.87 70.52 69.41 68.55 67.94 67.59 67.50 67.69 68.15 68.91 69.96 71.31 72.97 74.94 77.22 79.71 82.36 85.18 88.15 91.28 94.57 98.02 101.63 105.41 109.36 113.47 117.75 122.20 126.82 131.61 136.58 141.71 147.03 152.51 158.10 163.74 169.42 175.12 180.84 186.57 192.30 198.02 203.74 209.43 215.10 220.72 226.31 231.84 237.31 242.71 248.04 253.28 258.41 263.16 267.20 270.48 273.02 274.87 276.06 276.62 276.58 275.99 274.86 273.24
96.40 93.94 91.53 89.17 86.88 84.66 82.52 80.46 78.49 76.62 74.86 73.22 71.70 70.38 69.31 68.48 67.92 67.62 67.60 67.86 68.41 69.25 70.40 71.85 73.62 75.70 77.99 80.45 83.06 85.83 88.76 91.86 95.12 98.54 102.12 105.87 109.79 113.88 118.14 122.57 127.17 131.95 136.90 142.02 147.32 152.80 158.39 164.02 169.68 175.38 181.09 186.81 192.53 198.25 203.95 209.63 215.29 220.90 226.47 231.99 237.45 242.84 248.15 253.38 258.52 263.53 268.17 272.08 275.23 277.65 279.37 280.43 280.85 280.68 279.94 278.68
95.38 92.96 90.60 88.30 86.08 83.93 81.87 79.90 78.03 76.27 74.62 73.09 71.70 70.45 69.41 68.63 68.11 67.87 67.92 68.25 68.88 69.81 71.06 72.62 74.49 76.57 78.82 81.23 83.79 86.52 89.41 92.46 95.68 99.07 102.62 106.34 110.23 114.29 118.52 122.92 127.50 132.26 137.19 142.30 147.58 153.05 158.62 164.24 169.89 175.57 181.27 186.97 192.68 198.38 204.07 209.74 215.38 220.98 226.53 232.03 237.47 242.85 248.14 253.35 258.47 263.49 268.37 272.88 276.66 279.67 281.95 283.52 284.43 284.71 284.39 283.50
94.44 92.07 89.76 87.52 85.36 83.29 81.31 79.43 77.66 76.01 74.47 73.07 71.80 70.68 69.72 68.99 68.52 68.34 68.46 68.87 69.58 70.61 71.95 73.60 75.47 77.50 79.69 82.05 84.56 87.24 90.08 93.09 96.27 99.61 103.12 106.80 110.66 114.68 118.88 123.26 127.81 132.54 137.45 142.53 147.80 153.25 158.80 164.40 170.04 175.70 181.38 187.07 192.75 198.44 204.11 209.75 215.37 220.95 226.48 231.96 237.38 242.73 248.00 253.19 258.28 263.28 268.16 272.91 277.27 280.89 283.75 285.88 287.30 288.05 288.17 287.68
