data_processed/recharge/precip/Precip_1991_04.asc
ncols        168
nrows        136
xllcorner    455000
yllcorner    2107000
cellsize     500
NODATA_value     -99999
[rows 0 to 35 of 136, columns 0 to 81 of 168]
1.86 1.87 1.91 1.97 2.05 2.15 2.28 2.42 2.60 2.79 3.01 3.25 3.52 3.81 4.13 4.47 4.83 5.22 5.64 6.08 6.54 7.04 7.56 8.10 8.61 9.06 9.46 9.80 10.08 10.32 10.50 10.65 10.74 10.80 10.83 10.81 10.77 10.70 10.60 10.48 10.34 10.17 10.00 9.81 9.61 9.41 9.20 8.98 8.77 8.57 8.35 8.12 7.87 7.61 7.34 7.07 6.79 6.50 6.21 5.91 5.62 5.32 5.03 4.74 4.45 4.17 3.90 3.63 3.38 3.14 2.91 2.70 2.50 2.32 2.17 2.03 1.91 1.81 1.73 1.66 1.61 1.57
1.77 1.79 1.84 1.91 2.00 2.12 2.26 2.43 2.62 2.83 3.08 3.35 3.64 3.96 4.31 4.68 5.08 5.51 5.96 6.44 6.95 7.49 8.05 8.62 9.11 9.51 9.85 10.13 10.37 10.56 10.71 10.81 10.88 10.90 10.90 10.86 10.80 10.71 10.59 10.46 10.31 10.14 9.96 9.77 9.58 9.38 9.18 8.98 8.78 8.58 8.38 8.15 7.92 7.68 7.42 7.16 6.89 6.62 6.34 6.06 5.78 5.50 5.22 4.95 4.68 4.41 4.16 3.91 3.67 3.45 3.24 3.04 2.86 2.70 2.57 2.46 2.35 2.25 2.17 2.10 2.05 2.00
1.70 1.72 1.77 1.85 1.95 2.08 2.23 2.42 2.62 2.86 3.12 3.41 3.73 4.08 4.45 4.85 5.28 5.74 6.23 6.75 7.30 7.87 8.47 9.06 9.56 9.93 10.22 10.46 10.65 10.80 10.90 10.97 10.99 10.99 10.96 10.89 10.81 10.70 10.57 10.42 10.26 10.09 9.90 9.72 9.52 9.33 9.14 8.95 8.77 8.57 8.37 8.16 7.94 7.71 7.47 7.22 6.97 6.71 6.44 6.18 5.91 5.64 5.38 5.12 4.87 4.62 4.38 4.15 3.93 3.72 3.53 3.35 3.18 3.05 2.95 2.89 2.81 2.72 2.64 2.57 2.51 2.46
1.69 1.71 1.76 1.84 1.95 2.08 2.24 2.43 2.65 2.90 3.18 3.48 3.82 4.18 4.58 5.01 5.46 5.95 6.47 7.01 7.59 8.19 8.80 9.41 9.93 10.32 10.59 10.77 10.92 11.02 11.08 11.11 11.10 11.06 11.00 10.91 10.80 10.67 10.53 10.37 10.19 10.01 9.83 9.64 9.45 9.27 9.09 8.91 8.72 8.53 8.34 8.14 7.93 7.71 7.48 7.25 7.01 6.76 6.51 6.26 6.01 5.76 5.51 5.26 5.03 4.79 4.57 4.35 4.15 3.96 3.78 3.62 3.48 3.39 3.34 3.32 3.28 3.21 3.13 3.06 3.00 2.94
1.75 1.77 1.82 1.89 1.99 2.12 2.29 2.48 2.70 2.96 3.24 3.56 3.91 4.29 4.70 5.14 5.61 6.12 6.66 7.23 7.83 8.43 9.05 9.68 10.22 10.63 10.91 11.07 11.17 11.22 11.24 11.23 11.19 11.12 11.03 10.91 10.78 10.63 10.47 10.29 10.11 9.93 9.74 9.55 9.36 9.18 9.01 8.83 8.65 8.47 8.28 8.09 7.88 7.68 7.47 7.24 7.02 6.78 6.55 6.31 6.08 5.84 5.61 5.38 5.15 4.94 4.73 4.53 4.34 4.17 4.01 3.87 3.77 3.72 3.71 3.73 3.73 3.70 3.65 3.57 3.50 3.44
1.85 1.89 1.93 2.00 2.09 2.22 2.37 2.56 2.78 3.04 3.33 3.65 4.00 4.39 4.81 5.26 5.75 6.27 6.83 7.40 7.99 8.60 9.23 9.87 10.43 10.85 11.15 11.33 11.40 11.42 11.39 11.34 11.26 11.16 11.04 10.90 10.74 10.57 10.39 10.21 10.01 9.82 9.63 9.44 9.25 9.08 8.91 8.74 8.57 8.39 8.20 8.01 7.82 7.62 7.42 7.21 7.00 6.78 6.56 6.34 6.12 5.90 5.68 5.46 5.26 5.05 4.86 4.68 4.51 4.35 4.21 4.11 4.06 4.05 4.08 4.14 4.17 4.18 4.15 4.10 4.03 3.95
2.00 2.05 2.11 2.17 2.25 2.36 2.50 2.68 2.90 3.15 3.43 3.75 4.10 4.49 4.91 5.37 5.86 6.39 6.95 7.51 8.10 8.71 9.34 9.99 10.56 11.00 11.31 11.51 11.60 11.59 11.53 11.44 11.32 11.19 11.03 10.87 10.69 10.50 10.30 10.10 9.90 9.69 9.50 9.31 9.13 8.96 8.79 8.62 8.46 8.28 8.11 7.92 7.74 7.55 7.35 7.16 6.96 6.76 6.55 6.34 6.13 5.93 5.72 5.53 5.33 5.15 4.97 4.80 4.65 4.51 4.42 4.36 4.35 4.37 4.44 4.53 4.60 4.64 4.64 4.61 4.55 4.48
2.20 2.26 2.32 2.39 2.46 2.55 2.68 2.85 3.05 3.28 3.56 3.86 4.21 4.59 5.01 5.47 5.97 6.49 7.02 7.58 8.16 8.76 9.39 10.04 10.62 11.07 11.40 11.61 11.72 11.72 11.64 11.51 11.36 11.19 11.01 10.81 10.61 10.40 10.19 9.97 9.76 9.55 9.35 9.16 8.98 8.82 8.65 8.49 8.33 8.16 7.99 7.82 7.64 7.45 7.27 7.09 6.90 6.71 6.52 6.32 6.13 5.94 5.75 5.57 5.39 5.22 5.06 4.91 4.78 4.68 4.62 4.61 4.63 4.69 4.79 4.92 5.01 5.08 5.11 5.10 5.07 5.00
2.43 2.50 2.57 2.64 2.72 2.81 2.91 3.06 3.24 3.45 3.71 4.00 4.34 4.71 5.12 5.57 6.05 6.54 7.06 7.60 8.16 8.76 9.39 10.04 10.62 11.08 11.42 11.64 11.76 11.79 11.72 11.57 11.38 11.18 10.97 10.74 10.52 10.28 10.05 9.82 9.60 9.38 9.18 9.00 8.82 8.66 8.50 8.35 8.19 8.03 7.87 7.70 7.52 7.35 7.17 7.00 6.82 6.64 6.46 6.29 6.11 5.93 5.76 5.59 5.43 5.27 5.13 5.00 4.91 4.85 4.83 4.85 4.91 5.01 5.14 5.29 5.41 5.50 5.55 5.57 5.56 5.51
2.70 2.78 2.85 2.93 3.02 3.10 3.20 3.31 3.47 3.66 3.90 4.17 4.49 4.84 5.24 5.66 6.10 6.57 7.06 7.58 8.13 8.72 9.34 9.98 10.57 11.03 11.37 11.60 11.74 11.77 11.72 11.59 11.38 11.15 10.90 10.65 10.40 10.14 9.89 9.65 9.41 9.20 9.00 8.82 8.65 8.50 8.34 8.19 8.04 7.89 7.73 7.56 7.40 7.23 7.06 6.90 6.73 6.56 6.40 6.23 6.07 5.91 5.75 5.60 5.45 5.31 5.19 5.10 5.04 5.03 5.04 5.10 5.19 5.31 5.47 5.65 5.80 5.91 5.98 6.02 6.02 5.99
3.01 3.09 3.17 3.25 3.34 3.43 3.52 3.62 3.75 3.91 4.12 4.36 4.65 4.99 5.35 5.73 6.14 6.57 7.04 7.53 8.06 8.63 9.24 9.88 10.46 10.92 11.27 11.51 11.64 11.69 11.65 11.53 11.34 11.09 10.82 10.54 10.26 9.98 9.71 9.46 9.22 9.01 8.81 8.64 8.48 8.32 8.18 8.03 7.89 7.73 7.58 7.42 7.27 7.11 6.95 6.79 6.63 6.47 6.32 6.17 6.02 5.87 5.73 5.59 5.46 5.34 5.26 5.21 5.19 5.21 5.26 5.34 5.46 5.61 5.80 6.00 6.17 6.30 6.39 6.44 6.46 6.44
3.34 3.42 3.51 3.59 3.68 3.78 3.87 3.97 4.08 4.21 4.38 4.59 4.85 5.14 5.45 5.79 6.16 6.56 6.99 7.46 7.97 8.51 9.11 9.74 10.31 10.77 11.11 11.35 11.49 11.55 11.52 11.41 11.23 10.99 10.71 10.40 10.10 9.80 9.51 9.25 9.02 8.81 8.62 8.45 8.29 8.14 8.00 7.86 7.72 7.58 7.43 7.28 7.13 6.98 6.82 6.67 6.53 6.38 6.24 6.10 5.96 5.83 5.70 5.58 5.47 5.39 5.34 5.32 5.34 5.39 5.47 5.59 5.73 5.91 6.12 6.34 6.52 6.67 6.77 6.84 6.87 6.86
3.69 3.78 3.87 3.96 4.05 4.14 4.24 4.34 4.44 4.55 4.68 4.85 5.06 5.29 5.55 5.85 6.17 6.53 6.93 7.36 7.84 8.37 8.95 9.56 10.12 10.57 10.91 11.15 11.29 11.34 11.32 11.22 11.06 10.83 10.55 10.24 9.91 9.59 9.30 9.05 8.82 8.61 8.43 8.26 8.10 7.96 7.82 7.69 7.55 7.41 7.27 7.13 6.98 6.84 6.70 6.56 6.42 6.28 6.15 6.02 5.90 5.78 5.66 5.56 5.49 5.45 5.43 5.45 5.50 5.58 5.69 5.83 6.00 6.20 6.42 6.66 6.86 7.02 7.14 7.21 7.25 7.25
4.07 4.16 4.25 4.34 4.43 4.53 4.62 4.72 4.82 4.92 5.02 5.14 5.29 5.46 5.66 5.90 6.18 6.50 6.85 7.26 7.71 8.21 8.76 9.36 9.90 10.34 10.67 10.90 11.04 11.09 11.07 10.98 10.82 10.60 10.34 10.03 9.70 9.38 9.09 8.84 8.61 8.41 8.23 8.06 7.92 7.78 7.64 7.51 7.38 7.25 7.11 6.98 6.84 6.71 6.57 6.44 6.31 6.18 6.06 5.94 5.83 5.72 5.63 5.56 5.53 5.52 5.54 5.59 5.67 5.77 5.91 6.07 6.26 6.47 6.72 6.97 7.18 7.35 7.48 7.56 7.61 7.61
4.47 4.56 4.65 4.74 4.83 4.92 5.01 5.11 5.20 5.30 5.38 5.45 5.53 5.64 5.79 5.97 6.19 6.46 6.78 7.14 7.56 8.03 8.56 9.13 9.66 10.08 10.40 10.62 10.75 10.80 10.77 10.68 10.52 10.32 10.06 9.77 9.47 9.16 8.88 8.63 8.41 8.21 8.03 7.87 7.73 7.59 7.47 7.34 7.22 7.09 6.96 6.83 6.70 6.57 6.45 6.32 6.20 6.08 5.97 5.87 5.77 5.68 5.62 5.59 5.58 5.61 5.66 5.74 5.84 5.97 6.13 6.31 6.51 6.75 7.00 7.27 7.49 7.67 7.80 7.89 7.93 7.94
4.88 4.97 5.06 5.15 5.24 5.33 5.42 5.50 5.59 5.67 5.73 5.77 5.80 5.84 5.92 6.05 6.22 6.44 6.71 7.03 7.41 7.84 8.34 8.89 9.40 9.80 10.10 10.30 10.42 10.46 10.43 10.34 10.18 9.98 9.73 9.47 9.21 8.94 8.67 8.43 8.21 8.01 7.84 7.69 7.55 7.42 7.29 7.17 7.05 6.93 6.81 6.68 6.56 6.44 6.32 6.21 6.10 5.99 5.89 5.80 5.71 5.66 5.63 5.63 5.66 5.71 5.79 5.89 6.02 6.17 6.35 6.54 6.77 7.01 7.28 7.55 7.78 7.96 8.10 8.19 8.23 8.23
5.30 5.39 5.48 5.57 5.65 5.74 5.82 5.90 5.97 6.02 6.05 6.07 6.07 6.07 6.09 6.15 6.26 6.42 6.64 6.92 7.26 7.65 8.12 8.64 9.12 9.49 9.77 9.96 10.07 10.10 10.06 9.95 9.80 9.60 9.38 9.15 8.93 8.69 8.46 8.23 8.01 7.82 7.66 7.50 7.37 7.24 7.13 7.01 6.90 6.78 6.66 6.55 6.43 6.32 6.21 6.10 6.00 5.91 5.81 5.74 5.68 5.66 5.66 5.69 5.75 5.83 5.93 6.05 6.20 6.37 6.56 6.78 7.01 7.26 7.54 7.82 8.05 8.24 8.38 8.46 8.51 8.50
5.73 5.82 5.91 5.99 6.07 6.15 6.23 6.29 6.33 6.35 6.35 6.35 6.33 6.30 6.28 6.28 6.32 6.43 6.59 6.82 7.11 7.47 7.90 8.38 8.83 9.18 9.44 9.61 9.69 9.71 9.65 9.54 9.38 9.20 9.02 8.83 8.63 8.43 8.23 8.03 7.83 7.64 7.48 7.33 7.20 7.08 6.97 6.86 6.75 6.64 6.53 6.42 6.31 6.21 6.11 6.01 5.92 5.83 5.75 5.70 5.68 5.69 5.72 5.77 5.85 5.96 6.08 6.23 6.39 6.58 6.78 7.01 7.25 7.51 7.79 8.07 8.31 8.49 8.63 8.71 8.75 8.74
6.17 6.25 6.34 6.41 6.49 6.56 6.62 6.65 6.66 6.66 6.64 6.61 6.57 6.52 6.47 6.43 6.42 6.46 6.57 6.74 6.98 7.29 7.68 8.13 8.55 8.87 9.09 9.24 9.30 9.29 9.22 9.10 8.96 8.81 8.66 8.50 8.34 8.17 8.00 7.82 7.65 7.48 7.32 7.17 7.05 6.93 6.82 6.72 6.62 6.51 6.41 6.30 6.20 6.11 6.01 5.92 5.84 5.77 5.72 5.70 5.71 5.74 5.80 5.88 5.98 6.10 6.24 6.41 6.59 6.78 7.00 7.23 7.48 7.75 8.03 8.31 8.54 8.73 8.86 8.93 8.96 8.94
6.60 6.68 6.76 6.83 6.90 6.95 6.98 6.98 6.97 6.94 6.90 6.84 6.78 6.72 6.66 6.59 6.54 6.52 6.57 6.68 6.87 7.13 7.48 7.89 8.27 8.55 8.75 8.86 8.90 8.87 8.79 8.68 8.56 8.44 8.32 8.18 8.05 7.90 7.76 7.61 7.46 7.31 7.17 7.03 6.91 6.80 6.69 6.59 6.50 6.40 6.30 6.20 6.11 6.02 5.93 5.86 5.79 5.74 5.72 5.73 5.76 5.82 5.90 6.00 6.12 6.26 6.42 6.59 6.78 6.99 7.21 7.45 7.70 7.97 8.25 8.53 8.76 8.94 9.06 9.13 9.14 9.11
7.03 7.11 7.18 7.25 7.29 7.31 7.31 7.29 7.25 7.20 7.13 7.06 6.98 6.90 6.82 6.74 6.67 6.62 6.60 6.65 6.79 7.00 7.29 7.66 8.00 8.24 8.40 8.48 8.49 8.44 8.37 8.29 8.20 8.10 8.00 7.89 7.77 7.66 7.53 7.41 7.28 7.16 7.03 6.90 6.78 6.68 6.58 6.49 6.39 6.30 6.21 6.12 6.03 5.95 5.87 5.81 5.77 5.75 5.76 5.79 5.85 5.92 6.02 6.14 6.27 6.43 6.60 6.78 6.98 7.20 7.43 7.67 7.92 8.19 8.47 8.74 8.96 9.13 9.24 9.30 9.30 9.26
7.46 7.53 7.59 7.63 7.65 7.64 7.61 7.57 7.50 7.43 7.34 7.25 7.16 7.06 6.96 6.87 6.79 6.72 6.67 6.66 6.73 6.89 7.13 7.45 7.74 7.95 8.07 8.11 8.10 8.05 8.00 7.94 7.87 7.79 7.71 7.62 7.53 7.43 7.33 7.22 7.12 7.01 6.90 6.79 6.68 6.58 6.48 6.40 6.31 6.22 6.14 6.05 5.97 5.90 5.84 5.80 5.78 5.79 5.82 5.88 5.95 6.05 6.16 6.29 6.44 6.61 6.79 6.98 7.19 7.41 7.64 7.88 8.13 8.39 8.66 8.93 9.14 9.30 9.40 9.44 9.44 9.42
7.87 7.94 7.98 7.99 7.98 7.94 7.89 7.81 7.73 7.63 7.53 7.42 7.31 7.19 7.09 6.98 6.89 6.81 6.75 6.71 6.72 6.81 7.00 7.27 7.51 7.67 7.75 7.76 7.75 7.72 7.69 7.64 7.59 7.53 7.47 7.39 7.32 7.24 7.15 7.06 6.97 6.88 6.78 6.69 6.59 6.50 6.41 6.33 6.25 6.17 6.09 6.01 5.94 5.88 5.84 5.82 5.83 5.86 5.92 5.99 6.08 6.19 6.32 6.47 6.63 6.80 6.99 7.19 7.40 7.62 7.85 8.09 8.33 8.59 8.85 9.10 9.30 9.44 9.53 9.57 9.58 9.59
8.27 8.31 8.32 8.31 8.27 8.21 8.13 8.03 7.92 7.81 7.68 7.56 7.43 7.31 7.19 7.07 6.97 6.89 6.82 6.77 6.74 6.78 6.90 7.12 7.31 7.42 7.46 7.47 7.47 7.46 7.44 7.41 7.37 7.33 7.28 7.22 7.15 7.09 7.01 6.94 6.86 6.78 6.69 6.61 6.53 6.45 6.37 6.29 6.21 6.14 6.06 5.99 5.93 5.90 5.88 5.89 5.92 5.97 6.04 6.13 6.24 6.36 6.50 6.65 6.82 7.00 7.19 7.39 7.60 7.82 8.05 8.29 8.52 8.77 9.02 9.26 9.45 9.57 9.65 9.71 9.75 9.77
8.64 8.65 8.63 8.59 8.52 8.44 8.33 8.22 8.09 7.95 7.81 7.67 7.53 7.39 7.26 7.14 7.03 6.94 6.87 6.81 6.78 6.79 6.85 7.01 7.14 7.21 7.25 7.27 7.28 7.28 7.27 7.25 7.22 7.19 7.15 7.10 7.05 6.99 6.92 6.86 6.79 6.72 6.64 6.57 6.49 6.42 6.35 6.27 6.20 6.13 6.07 6.01 5.97 5.96 5.96 5.99 6.04 6.11 6.19 6.30 6.42 6.55 6.70 6.86 7.03 7.21 7.40 7.61 7.81 8.03 8.25 8.48 8.71 8.94 9.18 9.40 9.57 9.69 9.78 9.86 9.92 9.97
8.97 8.95 8.90 8.83 8.74 8.63 8.50 8.37 8.22 8.07 7.91 7.76 7.60 7.45 7.31 7.18 7.07 6.97 6.89 6.84 6.81 6.81 6.85 6.94 7.03 7.09 7.13 7.16 7.18 7.19 7.18 7.17 7.15 7.13 7.09 7.05 7.00 6.95 6.89 6.83 6.77 6.70 6.64 6.57 6.50 6.43 6.36 6.29 6.22 6.16 6.10 6.07 6.05 6.06 6.08 6.13 6.19 6.28 6.37 6.49 6.62 6.76 6.91 7.07 7.25 7.43 7.62 7.82 8.02 8.23 8.45 8.66 8.88 9.10 9.32 9.52 9.69 9.82 9.94 10.04 10.12 10.18
9.26 9.21 9.13 9.03 8.92 8.79 8.64 8.48 8.32 8.15 7.98 7.81 7.64 7.49 7.34 7.20 7.08 6.98 6.90 6.85 6.82 6.82 6.86 6.93 7.00 7.06 7.11 7.15 7.17 7.19 7.19 7.18 7.17 7.14 7.11 7.08 7.03 6.98 6.93 6.87 6.81 6.75 6.68 6.61 6.54 6.48 6.41 6.34 6.28 6.23 6.19 6.17 6.18 6.20 6.25 6.31 6.38 6.48 6.58 6.70 6.84 6.98 7.14 7.30 7.48 7.66 7.84 8.03 8.23 8.43 8.63 8.83 9.04 9.24 9.44 9.64 9.82 9.98 10.12 10.24 10.34 10.41
9.48 9.40 9.30 9.18 9.05 8.89 8.73 8.56 8.38 8.20 8.02 7.84 7.66 7.50 7.35 7.21 7.09 6.98 6.91 6.86 6.83 6.84 6.88 6.95 7.03 7.09 7.14 7.18 7.21 7.23 7.24 7.23 7.22 7.20 7.17 7.14 7.10 7.05 7.00 6.94 6.88 6.82 6.75 6.68 6.62 6.55 6.48 6.42 6.37 6.36 6.35 6.35 6.37 6.41 6.46 6.53 6.62 6.72 6.83 6.95 7.09 7.23 7.39 7.55 7.71 7.89 8.06 8.24 8.43 8.61 8.80 8.98 9.17 9.35 9.54 9.74 9.94 10.12 10.28 10.42 10.53 10.63
9.62 9.53 9.41 9.27 9.12 8.95 8.77 8.59 8.40 8.21 8.02 7.84 7.66 7.50 7.34 7.21 7.09 6.99 6.92 6.88 6.86 6.88 6.92 6.99 7.06 7.12 7.18 7.22 7.26 7.28 7.29 7.29 7.28 7.26 7.24 7.20 7.16 7.12 7.07 7.01 6.96 6.89 6.83 6.76 6.70 6.63 6.56 6.51 6.51 6.55 6.59 6.61 6.64 6.69 6.75 6.82 6.91 7.01 7.12 7.24 7.37 7.51 7.65 7.80 7.95 8.11 8.28 8.44 8.60 8.77 8.93 9.09 9.25 9.42 9.60 9.81 10.01 10.21 10.39 10.55 10.69 10.80
9.71 9.59 9.46 9.31 9.14 8.97 8.78 8.59 8.40 8.20 8.01 7.83 7.66 7.49 7.34 7.21 7.10 7.01 6.95 6.92 6.92 6.94 6.98 7.04 7.10 7.17 7.22 7.27 7.31 7.33 7.35 7.35 7.34 7.33 7.31 7.28 7.24 7.20 7.15 7.09 7.04 6.98 6.91 6.85 6.78 6.71 6.66 6.66 6.71 6.80 6.88 6.94 6.98 7.03 7.09 7.16 7.24 7.34 7.44 7.55 7.67 7.79 7.92 8.06 8.19 8.33 8.47 8.61 8.75 8.89 9.02 9.15 9.29 9.46 9.64 9.85 10.06 10.27 10.46 10.64 10.80 10.92
9.76 9.61 9.46 9.30 9.13 8.95 8.76 8.57 8.37 8.18 7.99 7.81 7.64 7.49 7.35 7.23 7.13 7.06 7.01 6.99 6.99 7.01 7.04 7.10 7.16 7.22 7.27 7.32 7.36 7.39 7.41 7.42 7.41 7.40 7.38 7.35 7.32 7.28 7.23 7.18 7.13 7.07 7.00 6.94 6.87 6.82 6.81 6.86 6.96 7.10 7.22 7.31 7.38 7.43 7.48 7.54 7.61 7.70 7.78 7.88 7.98 8.09 8.19 8.31 8.42 8.53 8.64 8.76 8.86 8.97 9.07 9.18 9.31 9.47 9.66 9.87 10.08 10.29 10.49 10.69 10.86 11.01
9.80 9.60 9.42 9.26 9.08 8.90 8.72 8.53 8.34 8.15 7.97 7.80 7.64 7.50 7.37 7.26 7.18 7.13 7.10 7.08 7.08 7.09 7.13 7.18 7.24 7.29 7.34 7.39 7.43 7.46 7.48 7.49 7.49 7.48 7.47 7.44 7.41 7.37 7.33 7.28 7.22 7.16 7.10 7.04 6.99 6.98 7.03 7.12 7.26 7.44 7.60 7.71 7.80 7.87 7.91 7.96 8.02 8.08 8.15 8.22 8.30 8.38 8.46 8.54 8.63 8.71 8.79 8.86 8.93 9.00 9.07 9.18 9.31 9.47 9.66 9.87 10.08 10.29 10.50 10.69 10.88 11.05
9.84 9.60 9.38 9.19 9.02 8.84 8.66 8.47 8.29 8.12 7.95 7.79 7.65 7.52 7.41 7.33 7.27 7.23 7.21 7.19 7.19 7.19 7.22 7.27 7.33 7.38 7.42 7.46 7.50 7.53 7.56 7.57 7.58 7.57 7.56 7.54 7.51 7.47 7.43 7.38 7.33 7.27 7.21 7.16 7.16 7.20 7.29 7.43 7.61 7.82 8.01 8.15 8.25 8.32 8.37 8.41 8.44 8.48 8.52 8.57 8.62 8.67 8.71 8.76 8.81 8.85 8.89 8.92 8.95 8.99 9.06 9.16 9.29 9.45 9.64 9.85 10.06 10.27 10.47 10.67 10.87 11.05
9.87 9.59 9.35 9.13 8.94 8.76 8.59 8.42 8.26 8.10 7.94 7.80 7.68 7.58 7.49 7.43 7.39 7.36 7.33 7.31 7.31 7.31 7.34 7.38 7.43 7.48 7.52 7.56 7.59 7.62 7.64 7.66 7.67 7.67 7.66 7.64 7.61 7.58 7.54 7.49 7.44 7.39 7.34 7.34 7.38 7.47 7.60 7.78 7.99 8.24 8.44 8.60 8.72 8.80 8.85 8.87 8.88 8.89 8.90 8.91 8.93 8.94 8.95 8.95 8.96 8.96 8.95 8.93 8.93 8.96 9.02 9.12 9.25 9.41 9.60 9.81 10.02 10.23 10.43 10.63 10.83 11.01
9.91 9.60 9.32 9.08 8.87 8.69 8.53 8.38 8.23 8.09 7.96 7.84 7.74 7.66 7.61 7.57 7.54 7.50 7.48 7.45 7.44 7.44 7.46 7.50 7.55 7.59 7.63 7.67 7.70 7.72 7.74 7.76 7.77 7.77 7.76 7.75 7.72 7.69 7.65 7.61 7.56 7.52 7.52 7.56 7.65 7.78 7.95 8.16 8.41 8.68 8.91 9.08 9.20 9.28 9.32 9.34 9.33 9.31 9.28 9.25 9.22 9.19 9.15 9.11 9.07 9.01 8.95 8.91 8.89 8.91 8.97 9.07 9.19 9.35 9.54 9.75 9.96 10.17 10.37 10.57 10.77 10.95
9.94 9.61 9.32 9.06 8.83 8.64 8.48 8.35 8.22 8.10 8.00 7.91 7.84 7.79 7.76 7.73 7.70 7.66 7.63 7.61 7.59 7.59 7.61 7.64 7.69 7.73 7.76 7.79 7.82 7.84 7.86 7.87 7.88 7.89 7.88 7.87 7.85 7.82 7.78 7.74 7.71 7.71 7.76 7.84 7.97 8.14 8.34 8.58 8.85 9.14 9.39 9.57 9.69 9.77 9.80 9.80 9.77 9.71 9.64 9.57 9.49 9.41 9.32 9.23 9.13 9.02 8.92 8.86 8.84 8.86 8.91 9.00 9.13 9.28 9.46 9.67 9.88 10.09 10.29 10.49 10.68 10.87
