data_processed/recharge/precip/Precip_1996_05.asc
ncols        168
nrows        136
xllcorner    455000
yllcorner    2107000
cellsize     500
NODATA_value     -99999
[rows 35 to 69 of 136, columns 78 to 155 of 168]
30.96 30.40 29.88 29.39 28.93 28.51 28.12 27.76 27.44 27.14 26.88 26.64 26.43 26.25 26.10 25.98 25.88 25.81 25.76 25.73 25.73 25.76 25.80 25.87 25.96 26.07 26.20 26.34 26.51 26.69 26.89 27.11 27.34 27.59 27.86 28.13 28.42 28.73 29.04 29.37 29.70 30.05 30.41 30.77 31.15 31.53 31.91 32.31 32.71 33.11 33.51 33.88 34.22 34.54 34.87 35.22 35.58 35.95 36.33 36.71 37.09 37.47 37.86 38.25 38.63 39.02 39.41 39.80 40.18 40.56 40.94 41.31 41.68 42.05 42.40 42.76 43.10 43.44
31.23 30.70 30.22 29.76 29.34 28.95 28.59 28.27 27.97 27.70 27.46 27.25 27.07 26.91 26.78 26.68 26.60 26.54 26.51 26.50 26.51 26.55 26.60 26.68 26.77 26.89 27.02 27.17 27.34 27.53 27.73 27.94 28.17 28.42 28.67 28.94 29.22 29.52 29.82 30.13 30.46 30.79 31.13 31.47 31.83 32.19 32.55 32.92 33.29 33.67 34.05 34.42 34.76 35.08 35.41 35.76 36.11 36.47 36.83 37.20 37.56 37.94 38.31 38.68 39.05 39.43 39.80 40.17 40.54 40.91 41.27 41.63 41.98 42.33 42.67 43.01 43.34 43.66
31.50 31.01 30.56 30.14 29.75 29.40 29.07 28.77 28.50 28.26 28.05 27.86 27.70 27.56 27.45 27.37 27.30 27.26 27.25 27.25 27.27 27.32 27.38 27.47 27.57 27.69 27.83 27.98 28.15 28.33 28.53 28.74 28.97 29.21 29.46 29.72 29.99 30.27 30.56 30.86 31.17 31.48 31.80 32.13 32.46 32.80 33.14 33.48 33.83 34.18 34.53 34.88 35.22 35.54 35.87 36.21 36.55 36.90 37.25 37.60 37.96 38.31 38.67 39.04 39.40 39.76 40.12 40.48 40.83 41.18 41.53 41.88 42.22 42.55 42.88 43.20 43.52 43.83
31.77 31.32 30.90 30.52 30.16 29.84 29.54 29.27 29.03 28.81 28.62 28.46 28.32 28.20 28.11 28.04 28.00 27.97 27.97 27.98 28.02 28.07 28.14 28.23 28.34 28.46 28.60 28.76 28.93 29.11 29.30 29.51 29.73 29.96 30.20 30.45 30.71 30.98 31.26 31.54 31.83 32.13 32.43 32.74 33.05 33.36 33.68 33.99 34.31 34.63 34.96 35.28 35.59 35.91 36.23 36.56 36.89 37.23 37.57 37.91 38.26 38.61 38.96 39.31 39.66 40.01 40.36 40.71 41.05 41.39 41.73 42.07 42.39 42.72 43.04 43.35 43.65 43.94
32.00 31.59 31.21 30.85 30.53 30.23 29.97 29.72 29.51 29.32 29.15 29.01 28.89 28.80 28.72 28.67 28.64 28.63 28.64 28.66 28.71 28.77 28.85 28.95 29.06 29.19 29.33 29.48 29.65 29.83 30.02 30.23 30.44 30.66 30.89 31.13 31.38 31.64 31.90 32.17 32.44 32.72 33.00 33.29 33.57 33.86 34.16 34.45 34.74 35.03 35.32 35.61 35.90 36.21 36.53 36.84 37.17 37.50 37.83 38.17 38.51 38.85 39.19 39.53 39.87 40.21 40.55 40.89 41.23 41.56 41.89 42.21 42.53 42.84 43.15 43.45 43.74 44.02
32.13 31.76 31.41 31.10 30.80 30.54 30.30 30.09 29.90 29.73 29.59 29.47 29.38 29.30 29.25 29.21 29.20 29.20 29.23 29.26 29.32 29.39 29.48 29.58 29.70 29.83 29.98 30.13 30.30 30.48 30.67 30.87 31.07 31.29 31.51 31.75 31.98 32.23 32.47 32.73 32.98 33.24 33.51 33.77 34.04 34.30 34.57 34.84 35.10 35.36 35.62 35.89 36.17 36.48 36.79 37.11 37.42 37.74 38.07 38.40 38.73 39.06 39.39 39.73 40.06 40.39 40.72 41.05 41.38 41.70 42.02 42.33 42.64 42.95 43.24 43.53 43.81 44.09
32.17 31.83 31.52 31.24 30.98 30.75 30.54 30.36 30.20 30.06 29.94 29.85 29.78 29.72 29.69 29.67 29.67 29.69 29.73 29.78 29.85 29.93 30.03 30.14 30.26 30.40 30.55 30.70 30.87 31.05 31.24 31.43 31.64 31.85 32.06 32.29 32.51 32.74 32.98 33.22 33.46 33.70 33.95 34.19 34.44 34.68 34.92 35.17 35.40 35.64 35.88 36.13 36.42 36.72 37.03 37.34 37.66 37.97 38.29 38.61 38.93 39.26 39.58 39.91 40.23 40.56 40.88 41.20 41.52 41.83 42.14 42.44 42.74 43.04 43.32 43.60 43.87 44.14
32.12 31.82 31.54 31.29 31.07 30.87 30.70 30.54 30.41 30.30 30.21 30.14 30.09 30.06 30.04 30.05 30.07 30.10 30.15 30.22 30.30 30.39 30.50 30.62 30.75 30.89 31.04 31.20 31.37 31.55 31.74 31.93 32.13 32.33 32.54 32.76 32.98 33.20 33.42 33.65 33.87 34.10 34.33 34.55 34.78 35.00 35.22 35.44 35.65 35.86 36.10 36.35 36.64 36.94 37.25 37.56 37.87 38.18 38.49 38.80 39.12 39.43 39.75 40.07 40.39 40.70 41.02 41.33 41.64 41.94 42.24 42.54 42.83 43.11 43.39 43.66 43.92 44.18
31.99 31.71 31.47 31.26 31.07 30.91 30.76 30.64 30.54 30.45 30.39 30.35 30.32 30.31 30.32 30.34 30.38 30.43 30.50 30.58 30.68 30.78 30.90 31.03 31.16 31.31 31.47 31.63 31.81 31.98 32.17 32.36 32.56 32.76 32.96 33.17 33.38 33.59 33.80 34.01 34.23 34.44 34.65 34.86 35.06 35.26 35.46 35.65 35.85 36.06 36.29 36.55 36.83 37.14 37.44 37.75 38.06 38.36 38.67 38.97 39.28 39.59 39.90 40.21 40.52 40.83 41.14 41.44 41.74 42.04 42.33 42.62 42.90 43.18 43.44 43.71 43.96 44.20
31.84 31.54 31.31 31.14 30.99 30.85 30.74 30.65 30.58 30.53 30.49 30.47 30.47 30.49 30.52 30.56 30.62 30.69 30.77 30.87 30.98 31.10 31.22 31.36 31.51 31.66 31.83 32.00 32.17 32.35 32.54 32.73 32.92 33.12 33.32 33.52 33.72 33.92 34.12 34.32 34.52 34.72 34.92 35.11 35.29 35.47 35.65 35.83 36.02 36.23 36.46 36.72 37.00 37.30 37.61 37.92 38.22 38.53 38.83 39.13 39.43 39.73 40.04 40.34 40.64 40.94 41.24 41.54 41.83 42.12 42.41 42.69 42.96 43.23 43.49 43.74 43.98 44.22
31.67 31.34 31.10 30.94 30.82 30.72 30.65 30.59 30.55 30.52 30.52 30.52 30.55 30.59 30.64 30.71 30.78 30.87 30.98 31.09 31.21 31.34 31.48 31.63 31.79 31.95 32.12 32.29 32.47 32.66 32.84 33.03 33.23 33.42 33.62 33.81 34.01 34.20 34.39 34.58 34.77 34.95 35.13 35.30 35.47 35.64 35.80 35.97 36.16 36.37 36.61 36.87 37.15 37.45 37.76 38.06 38.37 38.67 38.97 39.27 39.56 39.86 40.16 40.45 40.75 41.04 41.33 41.62 41.91 42.19 42.47 42.74 43.00 43.26 43.51 43.76 43.99 44.22
31.48 31.12 30.86 30.68 30.58 30.51 30.47 30.45 30.44 30.44 30.47 30.50 30.55 30.62 30.69 30.78 30.88 30.99 31.11 31.24 31.38 31.52 31.68 31.84 32.00 32.18 32.35 32.53 32.72 32.90 33.09 33.28 33.48 33.67 33.86 34.05 34.24 34.42 34.61 34.79 34.96 35.13 35.30 35.45 35.61 35.76 35.91 36.09 36.28 36.50 36.73 36.99 37.27 37.58 37.88 38.19 38.49 38.79 39.09 39.38 39.68 39.97 40.26 40.55 40.84 41.13 41.41 41.69 41.97 42.25 42.52 42.78 43.04 43.29 43.53 43.77 43.99 44.21
31.27 30.89 30.60 30.40 30.28 30.23 30.22 30.23 30.26 30.29 30.35 30.41 30.49 30.58 30.68 30.79 30.91 31.04 31.18 31.33 31.48 31.64 31.81 31.98 32.16 32.34 32.53 32.71 32.90 33.09 33.29 33.48 33.67 33.86 34.05 34.24 34.42 34.60 34.77 34.94 35.11 35.27 35.42 35.56 35.70 35.85 36.01 36.19 36.39 36.60 36.84 37.10 37.38 37.68 37.98 38.29 38.59 38.89 39.19 39.48 39.77 40.06 40.35 40.63 40.91 41.19 41.47 41.75 42.02 42.29 42.55 42.81 43.06 43.30 43.54 43.76 43.98 44.19
31.04 30.65 30.34 30.11 29.96 29.90 29.90 29.95 30.00 30.07 30.16 30.25 30.36 30.47 30.60 30.74 30.88 31.03 31.19 31.36 31.53 31.71 31.89 32.07 32.26 32.45 32.65 32.84 33.04 33.23 33.43 33.62 33.81 34.00 34.19 34.37 34.55 34.73 34.89 35.06 35.21 35.36 35.49 35.63 35.77 35.92 36.09 36.27 36.47 36.68 36.92 37.18 37.46 37.76 38.07 38.37 38.67 38.97 39.27 39.56 39.85 40.14 40.42 40.70 40.97 41.25 41.52 41.79 42.06 42.32 42.57 42.82 43.07 43.30 43.53 43.75 43.96 44.16
30.80 30.39 30.05 29.81 29.64 29.55 29.54 29.60 29.69 29.79 29.91 30.03 30.16 30.31 30.46 30.62 30.79 30.96 31.14 31.33 31.52 31.71 31.91 32.11 32.31 32.51 32.71 32.92 33.12 33.32 33.52 33.72 33.91 34.10 34.29 34.47 34.64 34.81 34.97 35.13 35.27 35.41 35.54 35.67 35.82 35.97 36.14 36.33 36.53 36.75 36.98 37.24 37.53 37.83 38.13 38.43 38.73 39.03 39.33 39.62 39.91 40.19 40.47 40.75 41.02 41.29 41.56 41.82 42.08 42.34 42.58 42.83 43.06 43.29 43.52 43.73 43.93 44.13
30.55 30.11 29.76 29.50 29.31 29.20 29.17 29.21 29.31 29.44 29.59 29.75 29.91 30.08 30.26 30.45 30.64 30.84 31.04 31.24 31.45 31.66 31.88 32.09 32.30 32.52 32.73 32.95 33.16 33.36 33.57 33.77 33.97 34.16 34.34 34.52 34.69 34.86 35.01 35.16 35.30 35.43 35.56 35.70 35.85 36.01 36.18 36.37 36.57 36.79 37.03 37.29 37.57 37.87 38.18 38.48 38.78 39.07 39.37 39.66 39.95 40.23 40.51 40.78 41.05 41.32 41.58 41.84 42.09 42.34 42.58 42.82 43.05 43.28 43.49 43.70 43.89 44.08
30.28 29.83 29.46 29.18 28.97 28.84 28.79 28.81 28.89 29.04 29.22 29.41 29.60 29.80 30.01 30.22 30.44 30.66 30.88 31.11 31.34 31.57 31.80 32.03 32.25 32.48 32.71 32.93 33.15 33.36 33.58 33.78 33.98 34.17 34.36 34.54 34.71 34.87 35.02 35.16 35.29 35.42 35.56 35.71 35.86 36.02 36.20 36.39 36.60 36.82 37.06 37.32 37.60 37.90 38.21 38.51 38.81 39.10 39.40 39.69 39.97 40.25 40.53 40.80 41.07 41.33 41.59 41.84 42.09 42.34 42.57 42.80 43.03 43.25 43.45 43.66 43.85 44.03
30.00 29.54 29.15 28.85 28.63 28.48 28.41 28.40 28.47 28.60 28.80 29.01 29.24 29.47 29.71 29.95 30.19 30.43 30.68 30.93 31.18 31.42 31.67 31.92 32.16 32.40 32.64 32.87 33.10 33.32 33.54 33.75 33.96 34.15 34.34 34.52 34.68 34.84 34.99 35.13 35.26 35.40 35.55 35.70 35.86 36.02 36.20 36.40 36.61 36.83 37.07 37.34 37.62 37.92 38.22 38.52 38.82 39.11 39.41 39.70 39.98 40.26 40.54 40.81 41.08 41.34 41.59 41.84 42.08 42.32 42.55 42.78 43.00 43.21 43.41 43.60 43.79 43.96
29.71 29.23 28.84 28.52 28.28 28.12 28.02 28.00 28.05 28.16 28.34 28.57 28.83 29.09 29.35 29.62 29.89 30.16 30.43 30.70 30.97 31.24 31.50 31.77 32.03 32.28 32.53 32.78 33.02 33.25 33.47 33.69 33.90 34.10 34.29 34.46 34.63 34.79 34.93 35.08 35.22 35.37 35.52 35.67 35.84 36.01 36.19 36.39 36.60 36.83 37.07 37.33 37.62 37.92 38.22 38.52 38.82 39.11 39.40 39.69 39.97 40.25 40.53 40.80 41.06 41.32 41.57 41.82 42.06 42.29 42.52 42.74 42.95 43.16 43.36 43.55 43.73 43.89
29.42 28.93 28.52 28.18 27.93 27.75 27.64 27.60 27.63 27.73 27.88 28.10 28.37 28.66 28.96 29.25 29.55 29.84 30.14 30.43 30.72 31.01 31.30 31.58 31.85 32.12 32.39 32.65 32.90 33.14 33.37 33.60 33.81 34.01 34.20 34.38 34.55 34.71 34.86 35.01 35.16 35.31 35.47 35.63 35.80 35.98 36.17 36.37 36.58 36.81 37.05 37.32 37.60 37.90 38.20 38.50 38.80 39.09 39.39 39.67 39.96 40.23 40.51 40.78 41.04 41.30 41.55 41.79 42.03 42.26 42.48 42.70 42.90 43.11 43.30 43.48 43.65 43.82
29.11 28.61 28.19 27.85 27.58 27.38 27.26 27.21 27.22 27.30 27.43 27.63 27.89 28.19 28.52 28.84 29.17 29.49 29.81 30.13 30.44 30.75 31.06 31.36 31.65 31.93 32.21 32.48 32.75 33.00 33.24 33.47 33.69 33.90 34.10 34.28 34.45 34.61 34.77 34.93 35.09 35.25 35.41 35.58 35.75 35.93 36.13 36.33 36.55 36.78 37.02 37.29 37.57 37.87 38.18 38.47 38.77 39.07 39.36 39.64 39.92 40.20 40.48 40.74 41.00 41.26 41.51 41.75 41.98 42.21 42.43 42.64 42.85 43.04 43.23 43.41 43.58 43.73
28.81 28.29 27.86 27.51 27.23 27.02 26.88 26.82 26.81 26.87 27.00 27.18 27.41 27.70 28.04 28.39 28.75 29.10 29.44 29.79 30.12 30.46 30.78 31.10 31.41 31.71 32.01 32.29 32.57 32.83 33.08 33.32 33.55 33.76 33.96 34.15 34.33 34.50 34.67 34.84 35.00 35.17 35.34 35.51 35.69 35.88 36.07 36.28 36.50 36.73 36.98 37.25 37.53 37.83 38.14 38.43 38.73 39.02 39.31 39.60 39.88 40.16 40.43 40.70 40.96 41.21 41.46 41.70 41.93 42.15 42.37 42.58 42.78 42.97 43.15 43.33 43.49 43.64
28.49 27.97 27.53 27.17 26.88 26.66 26.51 26.43 26.41 26.46 26.57 26.73 26.95 27.22 27.55 27.91 28.29 28.67 29.05 29.41 29.78 30.13 30.48 30.82 31.15 31.47 31.78 32.08 32.36 32.64 32.90 33.15 33.39 33.61 33.81 34.01 34.20 34.38 34.56 34.73 34.90 35.08 35.25 35.43 35.62 35.81 36.01 36.22 36.44 36.68 36.93 37.20 37.48 37.78 38.08 38.38 38.68 38.97 39.26 39.55 39.83 40.10 40.37 40.64 40.90 41.15 41.40 41.64 41.87 42.09 42.30 42.51 42.71 42.89 43.07 43.24 43.40 43.55
28.18 27.65 27.20 26.83 26.53 26.30 26.15 26.05 26.02 26.06 26.15 26.30 26.50 26.76 27.06 27.42 27.81 28.22 28.62 29.01 29.40 29.78 30.15 30.51 30.86 31.20 31.52 31.84 32.14 32.43 32.70 32.96 33.21 33.43 33.65 33.86 34.06 34.25 34.43 34.62 34.80 34.98 35.16 35.34 35.53 35.73 35.93 36.15 36.37 36.61 36.86 37.13 37.42 37.72 38.02 38.32 38.62 38.91 39.20 39.48 39.77 40.04 40.31 40.57 40.83 41.08 41.33 41.56 41.79 42.01 42.23 42.43 42.62 42.81 42.98 43.15 43.30 43.45
27.86 27.33 26.88 26.50 26.19 25.95 25.79 25.68 25.64 25.66 25.74 25.88 26.07 26.31 26.60 26.94 27.32 27.74 28.17 28.59 29.00 29.40 29.79 30.18 30.55 30.90 31.25 31.58 31.90 32.20 32.49 32.76 33.01 33.25 33.48 33.69 33.90 34.10 34.30 34.49 34.68 34.86 35.05 35.24 35.44 35.64 35.85 36.07 36.30 36.54 36.79 37.06 37.35 37.65 37.95 38.25 38.55 38.84 39.13 39.41 39.69 39.97 40.24 40.50 40.76 41.01 41.25 41.49 41.71 41.93 42.14 42.34 42.54 42.72 42.89 43.05 43.20 43.34
27.54 27.01 26.55 26.17 25.86 25.61 25.44 25.32 25.27 25.28 25.35 25.48 25.65 25.88 26.16 26.48 26.84 27.25 27.69 28.14 28.58 29.01 29.42 29.83 30.22 30.59 30.96 31.31 31.64 31.96 32.25 32.54 32.80 33.05 33.29 33.52 33.74 33.95 34.15 34.35 34.55 34.74 34.94 35.14 35.34 35.54 35.76 35.98 36.21 36.45 36.71 36.98 37.27 37.57 37.87 38.17 38.47 38.76 39.05 39.34 39.61 39.89 40.16 40.42 40.68 40.92 41.17 41.40 41.63 41.84 42.05 42.25 42.44 42.62 42.79 42.95 43.10 43.23
27.23 26.69 26.23 25.84 25.53 25.28 25.09 24.98 24.92 24.92 24.98 25.09 25.26 25.47 25.73 26.04 26.39 26.78 27.21 27.67 28.14 28.59 29.03 29.46 29.87 30.27 30.65 31.02 31.37 31.70 32.01 32.31 32.59 32.85 33.10 33.34 33.57 33.79 34.00 34.21 34.41 34.61 34.82 35.02 35.23 35.44 35.65 35.88 36.12 36.36 36.62 36.89 37.18 37.49 37.79 38.09 38.39 38.68 38.97 39.25 39.53 39.80 40.07 40.33 40.59 40.84 41.08 41.31 41.53 41.75 41.96 42.15 42.34 42.52 42.69 42.84 42.99 43.12
26.92 26.38 25.92 25.53 25.21 24.95 24.77 24.64 24.58 24.57 24.62 24.72 24.88 25.08 25.33 25.63 25.97 26.34 26.76 27.21 27.68 28.16 28.63 29.08 29.52 29.94 30.34 30.72 31.09 31.44 31.76 32.07 32.36 32.64 32.90 33.15 33.39 33.62 33.84 34.06 34.27 34.48 34.69 34.90 35.11 35.32 35.55 35.78 36.01 36.26 36.53 36.80 37.09 37.39 37.70 38.00 38.29 38.59 38.88 39.16 39.44 39.71 39.98 40.24 40.49 40.74 40.98 41.21 41.44 41.65 41.86 42.05 42.24 42.41 42.58 42.73 42.87 43.00
26.61 26.07 25.61 25.22 24.90 24.64 24.45 24.32 24.25 24.24 24.28 24.38 24.52 24.72 24.96 25.24 25.57 25.93 26.33 26.77 27.23 27.73 28.22 28.69 29.15 29.59 30.02 30.42 30.81 31.17 31.51 31.83 32.13 32.42 32.69 32.95 33.20 33.44 33.67 33.90 34.12 34.33 34.55 34.77 34.98 35.21 35.43 35.67 35.91 36.16 36.42 36.70 36.99 37.30 37.60 37.90 38.20 38.49 38.78 39.06 39.34 39.62 39.88 40.14 40.40 40.64 40.88 41.11 41.33 41.55 41.75 41.94 42.13 42.30 42.47 42.62 42.76 42.88
26.30 25.77 25.31 24.92 24.60 24.34 24.15 24.01 23.94 23.93 23.96 24.05 24.19 24.38 24.61 24.88 25.20 25.55 25.94 26.36 26.81 27.29 27.80 28.30 28.78 29.25 29.69 30.12 30.52 30.89 31.25 31.58 31.90 32.20 32.48 32.75 33.01 33.26 33.50 33.73 33.96 34.19 34.41 34.63 34.86 35.08 35.31 35.55 35.80 36.05 36.32 36.60 36.89 37.20 37.50 37.80 38.10 38.39 38.68 38.96 39.24 39.52 39.78 40.04 40.29 40.54 40.78 41.01 41.23 41.44 41.64 41.84 42.02 42.19 42.35 42.50 42.64 42.76
26.01 25.48 25.02 24.63 24.31 24.05 23.86 23.73 23.65 23.63 23.67 23.75 23.88 24.06 24.29 24.55 24.86 25.20 25.58 25.99 26.43 26.90 27.39 27.90 28.41 28.90 29.36 29.80 30.22 30.61 30.98 31.33 31.66 31.97 32.26 32.55 32.82 33.07 33.32 33.57 33.80 34.03 34.26 34.49 34.72 34.96 35.19 35.43 35.68 35.94 36.21 36.49 36.79 37.09 37.40 37.70 38.00 38.29 38.58 38.86 39.14 39.41 39.68 39.94 40.19 40.44 40.67 40.90 41.12 41.33 41.53 41.72 41.91 42.08 42.23 42.38 42.52 42.64
25.72 25.19 24.74 24.36 24.04 23.78 23.59 23.46 23.38 23.36 23.39 23.47 23.60 23.78 23.99 24.25 24.55 24.88 25.25 25.65 26.08 26.54 27.02 27.52 28.04 28.55 29.03 29.49 29.92 30.32 30.71 31.07 31.41 31.73 32.04 32.34 32.62 32.88 33.14 33.39 33.64 33.88 34.12 34.35 34.59 34.83 35.07 35.31 35.57 35.83 36.10 36.38 36.68 36.99 37.29 37.59 37.89 38.19 38.47 38.76 39.04 39.31 39.58 39.83 40.09 40.33 40.57 40.79 41.01 41.22 41.42 41.61 41.79 41.96 42.12 42.26 42.40 42.52
25.44 24.92 24.47 24.09 23.78 23.53 23.34 23.21 23.13 23.11 23.14 23.22 23.34 23.52 23.73 23.98 24.27 24.60 24.96 25.35 25.77 26.22 26.69 27.18 27.69 28.20 28.70 29.17 29.62 30.04 30.43 30.81 31.16 31.50 31.82 32.12 32.41 32.69 32.96 33.22 33.47 33.72 33.97 34.21 34.45 34.69 34.94 35.19 35.45 35.71 35.99 36.27 36.57 36.88 37.18 37.49 37.79 38.08 38.37 38.65 38.93 39.21 39.47 39.73 39.98 40.23 40.46 40.69 40.91 41.11 41.31 41.50 41.68 41.85 42.00 42.15 42.28 42.40
25.17 24.66 24.22 23.85 23.54 23.29 23.11 22.98 22.90 22.88 22.91 22.99 23.12 23.29 23.50 23.75 24.03 24.35 24.71 25.09 25.50 25.94 26.40 26.88 27.36 27.86 28.36 28.85 29.31 29.74 30.16 30.54 30.91 31.26 31.59 31.91 32.21 32.50 32.78 33.05 33.31 33.56 33.81 34.06 34.31 34.56 34.81 35.07 35.33 35.60 35.87 36.16 36.46 36.77 37.08 37.38 37.68 37.98 38.27 38.55 38.83 39.10 39.37 39.63 39.88 40.12 40.36 40.58 40.80 41.01 41.20 41.39 41.57 41.73 41.89 42.03 42.16 42.28
24.92 24.42 23.99 23.62 23.32 23.08 22.89 22.77 22.70 22.68 22.71 22.79 22.92 23.09 23.30 23.54 23.83 24.14 24.49 24.87 25.27 25.70 26.15 26.61 27.08 27.55 28.04 28.53 29.00 29.45 29.88 30.28 30.66 31.02 31.36 31.69 32.00 32.30 32.59 32.87 33.14 33.40 33.66 33.92 34.17 34.43 34.68 34.94 35.21 35.48 35.76 36.05 36.35 36.66 36.97 37.28 37.58 37.87 38.16 38.45 38.73 39.00 39.26 39.52 39.77 40.02 40.25 40.48 40.69 40.90 41.10 41.28 41.46 41.62 41.78 41.92 42.04 42.16
