data_processed/recharge/precip/Precip_2002_12.asc
ncols        168
nrows        136
xllcorner    455000
yllcorner    2107000
cellsize     500
NODATA_value     -99999
[rows 37 to 73 of 136, columns 0 to 83 of 168]
32.42 34.16 35.72 37.08 38.25 39.21 39.95 40.46 40.71 40.72 40.49 40.02 39.31 38.37 37.19 35.80 34.31 32.76 31.17 29.53 27.86 26.14 24.38 22.59 20.80 19.08 17.43 15.85 14.33 12.89 11.51 10.21 8.98 7.82 6.73 5.71 4.75 3.85 3.00 2.21 1.48 0.81 0.25 0.00 0.00 0.00 0.00 0.00 0.00 0.14 0.52 0.82 1.05 1.22 1.32 1.36 1.35 1.29 1.20 1.10 1.00 0.90 0.80 0.71 0.61 0.51 0.41 0.32 0.24 0.19 0.15 0.12 0.10 0.09 0.09 0.08 0.07 0.06 0.06 0.05 0.04 0.04 0.03 0.02
30.25 32.07 33.71 35.15 36.38 37.41 38.22 38.81 39.14 39.20 39.01 38.57 37.87 36.91 35.73 34.43 33.06 31.64 30.15 28.62 27.03 25.38 23.69 21.94 20.20 18.52 16.90 15.35 13.86 12.43 11.07 9.78 8.56 7.40 6.31 5.28 4.32 3.41 2.56 1.76 1.02 0.40 0.00 0.00 0.00 0.00 0.00 0.00 0.00 0.15 0.55 0.87 1.13 1.32 1.44 1.50 1.51 1.47 1.38 1.26 1.14 1.01 0.89 0.77 0.64 0.52 0.40 0.31 0.23 0.18 0.14 0.11 0.10 0.09 0.08 0.07 0.07 0.06 0.05 0.04 0.04 0.03 0.03 0.02
28.03 29.91 31.59 33.08 34.36 35.43 36.28 36.90 37.29 37.41 37.25 36.82 36.12 35.17 34.09 32.93 31.70 30.39 29.03 27.59 26.09 24.52 22.89 21.20 19.51 17.87 16.29 14.76 13.30 11.90 10.56 9.28 8.06 6.91 5.82 4.80 3.83 2.92 2.06 1.26 0.58 0.03 0.00 0.00 0.00 0.00 0.00 0.00 0.00 0.14 0.56 0.91 1.19 1.39 1.53 1.61 1.63 1.60 1.52 1.40 1.26 1.11 0.96 0.81 0.65 0.51 0.39 0.29 0.22 0.17 0.13 0.11 0.09 0.08 0.08 0.07 0.06 0.05 0.05 0.04 0.03 0.03 0.02 0.01
25.78 27.68 29.39 30.90 32.20 33.28 34.14 34.77 35.17 35.32 35.19 34.77 34.09 33.25 32.32 31.31 30.22 29.04 27.79 26.46 25.05 23.56 22.00 20.37 18.73 17.13 15.59 14.10 12.67 11.29 9.97 8.71 7.51 6.36 5.28 4.26 3.29 2.38 1.53 0.79 0.18 0.00 0.00 0.00 0.00 0.00 0.00 0.00 0.00 0.14 0.57 0.93 1.22 1.44 1.59 1.68 1.71 1.69 1.62 1.51 1.36 1.18 1.00 0.82 0.64 0.49 0.37 0.28 0.21 0.16 0.12 0.10 0.09 0.08 0.07 0.06 0.06 0.05 0.04 0.03 0.03 0.02 0.02 0.01
23.50 25.41 27.12 28.62 29.91 30.98 31.83 32.44 32.82 32.96 32.83 32.44 31.87 31.21 30.45 29.59 28.64 27.60 26.46 25.24 23.92 22.52 21.03 19.46 17.87 16.32 14.82 13.37 11.98 10.63 9.33 8.09 6.90 5.77 4.69 3.67 2.71 1.81 1.02 0.35 0.00 0.00 0.00 0.00 0.00 0.00 0.00 0.00 0.00 0.12 0.57 0.94 1.24 1.46 1.62 1.72 1.76 1.74 1.67 1.56 1.41 1.22 1.01 0.80 0.62 0.48 0.36 0.27 0.20 0.15 0.11 0.09 0.08 0.07 0.07 0.06 0.05 0.04 0.04 0.03 0.02 0.02 0.01 0.00
21.21 23.10 24.78 26.26 27.51 28.55 29.36 29.93 30.26 30.35 30.21 29.93 29.56 29.07 28.48 27.78 26.97 26.06 25.05 23.93 22.72 21.41 19.99 18.49 16.95 15.45 14.00 12.59 11.23 9.92 8.65 7.43 6.26 5.14 4.08 3.06 2.11 1.27 0.55 0.00 0.00 0.00 0.00 0.00 0.00 0.00 0.00 0.00 0.00 0.11 0.56 0.94 1.24 1.46 1.62 1.72 1.76 1.74 1.67 1.56 1.40 1.21 0.99 0.78 0.60 0.46 0.34 0.25 0.19 0.14 0.11 0.08 0.07 0.07 0.06 0.05 0.05 0.04 0.03 0.02 0.02 0.01 0.01 0.00
18.94 20.78 22.41 23.83 25.03 26.00 26.74 27.24 27.50 27.54 27.47 27.34 27.14 26.84 26.42 25.88 25.22 24.45 23.56 22.56 21.45 20.23 18.89 17.45 15.98 14.53 13.13 11.77 10.45 9.17 7.93 6.74 5.59 4.49 3.44 2.44 1.55 0.78 0.14 0.00 0.00 0.00 0.00 0.00 0.00 0.00 0.00 0.00 0.00 0.08 0.54 0.91 1.21 1.44 1.59 1.69 1.72 1.70 1.62 1.50 1.33 1.14 0.94 0.75 0.58 0.44 0.33 0.24 0.18 0.13 0.10 0.08 0.07 0.06 0.05 0.05 0.04 0.03 0.03 0.02 0.01 0.01 0.00 0.00
16.69 18.45 20.01 21.35 22.46 23.35 24.00 24.41 24.60 24.68 24.72 24.72 24.66 24.53 24.28 23.91 23.40 22.77 22.01 21.13 20.12 18.99 17.74 16.37 14.96 13.57 12.22 10.91 9.63 8.39 7.19 6.03 4.91 3.82 2.80 1.87 1.05 0.35 0.00 0.00 0.00 0.00 0.00 0.00 0.00 0.00 0.00 0.00 0.00 0.05 0.50 0.87 1.17 1.39 1.53 1.62 1.64 1.61 1.52 1.39 1.22 1.04 0.87 0.71 0.56 0.42 0.31 0.23 0.16 0.12 0.09 0.07 0.06 0.05 0.05 0.04 0.04 0.03 0.02 0.01 0.01 0.00 0.00 0.00
14.48 16.15 17.60 18.83 19.84 20.61 21.14 21.46 21.68 21.86 22.01 22.12 22.17 22.17 22.08 21.87 21.52 21.04 20.41 19.65 18.75 17.71 16.55 15.26 13.91 12.58 11.29 10.02 8.79 7.60 6.43 5.30 4.21 3.16 2.21 1.36 0.62 0.00 0.00 0.00 0.00 0.00 0.00 0.00 0.00 0.00 0.00 0.00 0.00 0.02 0.46 0.82 1.10 1.31 1.44 1.51 1.52 1.47 1.37 1.23 1.07 0.93 0.79 0.65 0.52 0.40 0.30 0.21 0.15 0.11 0.08 0.06 0.05 0.05 0.04 0.04 0.03 0.02 0.02 0.01 0.00 0.00 0.00 0.00
12.33 13.87 15.20 16.30 17.17 17.80 18.22 18.55 18.85 19.13 19.37 19.57 19.72 19.82 19.85 19.79 19.60 19.25 18.76 18.12 17.34 16.40 15.33 14.11 12.83 11.57 10.33 9.13 7.95 6.79 5.67 4.58 3.53 2.56 1.69 0.91 0.24 0.00 0.00 0.00 0.00 0.00 0.00 0.00 0.00 0.00 0.00 0.00 0.00 0.00 0.40 0.74 1.01 1.20 1.32 1.37 1.36 1.29 1.17 1.05 0.93 0.80 0.69 0.58 0.47 0.37 0.28 0.20 0.14 0.10 0.07 0.05 0.04 0.04 0.04 0.03 0.02 0.02 0.01 0.01 0.00 0.00 0.00 0.00
10.26 11.65 12.82 13.76 14.47 14.97 15.38 15.78 16.16 16.51 16.83 17.11 17.34 17.52 17.63 17.68 17.63 17.44 17.08 16.57 15.90 15.07 14.09 12.95 11.74 10.55 9.38 8.23 7.10 6.00 4.92 3.87 2.90 2.02 1.24 0.54 0.00 0.00 0.00 0.00 0.00 0.00 0.00 0.00 0.00 0.00 0.00 0.00 0.00 0.00 0.33 0.65 0.90 1.07 1.16 1.19 1.15 1.07 0.97 0.87 0.77 0.68 0.58 0.49 0.41 0.32 0.25 0.18 0.13 0.08 0.06 0.04 0.04 0.03 0.03 0.03 0.02 0.01 0.01 0.00 0.00 0.00 0.00 0.00
8.27 9.48 10.47 11.23 11.79 12.26 12.73 13.18 13.62 14.04 14.42 14.76 15.06 15.31 15.49 15.61 15.65 15.60 15.38 15.00 14.45 13.73 12.84 11.78 10.65 9.53 8.42 7.33 6.26 5.21 4.19 3.23 2.36 1.57 0.86 0.23 0.00 0.00 0.00 0.00 0.00 0.00 0.00 0.00 0.00 0.00 0.00 0.00 0.00 0.00 0.24 0.54 0.76 0.90 0.97 0.97 0.92 0.85 0.77 0.70 0.62 0.55 0.48 0.40 0.34 0.27 0.21 0.16 0.11 0.07 0.05 0.04 0.03 0.03 0.03 0.02 0.02 0.01 0.00 0.00 0.00 0.00 0.00 0.00
6.39 7.40 8.19 8.77 9.28 9.79 10.30 10.80 11.28 11.75 12.18 12.57 12.92 13.22 13.46 13.64 13.74 13.76 13.67 13.42 12.99 12.38 11.59 10.62 9.57 8.52 7.48 6.46 5.45 4.46 3.53 2.67 1.89 1.18 0.55 0.00 0.00 0.00 0.00 0.00 0.00 0.00 0.00 0.00 0.00 0.00 0.00 0.00 0.00 0.00 0.14 0.41 0.60 0.71 0.75 0.73 0.69 0.64 0.59 0.54 0.48 0.43 0.37 0.32 0.27 0.22 0.17 0.13 0.09 0.06 0.04 0.03 0.02 0.02 0.02 0.02 0.01 0.01 0.00 0.00 0.00 0.00 0.00 0.00
4.63 5.41 6.00 6.52 7.05 7.59 8.13 8.66 9.17 9.67 10.13 10.56 10.95 11.29 11.57 11.79 11.93 12.00 11.98 11.85 11.54 11.04 10.35 9.48 8.50 7.53 6.57 5.61 4.67 3.78 2.96 2.20 1.50 0.87 0.31 0.00 0.00 0.00 0.00 0.00 0.00 0.00 0.00 0.00 0.00 0.00 0.00 0.00 0.00 0.00 0.03 0.27 0.42 0.49 0.51 0.49 0.48 0.45 0.42 0.39 0.36 0.32 0.28 0.24 0.20 0.17 0.13 0.10 0.07 0.05 0.03 0.02 0.02 0.02 0.02 0.01 0.01 0.00 0.00 0.00 0.00 0.00 0.00 0.00
3.01 3.57 4.08 4.60 5.14 5.69 6.24 6.79 7.32 7.84 8.32 8.77 9.18 9.55 9.85 10.10 10.27 10.37 10.38 10.30 10.10 9.72 9.14 8.36 7.47 6.58 5.69 4.81 3.97 3.19 2.47 1.80 1.19 0.64 0.14 0.00 0.00 0.00 0.00 0.00 0.00 0.00 0.00 0.00 0.00 0.00 0.00 0.00 0.00 0.00 0.00 0.10 0.21 0.26 0.28 0.29 0.29 0.29 0.28 0.27 0.25 0.23 0.20 0.18 0.15 0.13 0.10 0.08 0.05 0.04 0.02 0.01 0.01 0.01 0.01 0.01 0.01 0.00 0.00 0.00 0.00 0.00 0.00 0.00
1.57 2.04 2.53 3.05 3.59 4.13 4.68 5.23 5.77 6.28 6.77 7.23 7.65 8.02 8.34 8.60 8.79 8.90 8.93 8.87 8.72 8.43 7.95 7.27 6.47 5.66 4.86 4.09 3.37 2.69 2.07 1.49 0.96 0.48 0.04 0.00 0.00 0.00 0.00 0.00 0.00 0.00 0.00 0.00 0.00 0.00 0.00 0.00 0.00 0.00 0.00 0.00 0.00 0.05 0.09 0.12 0.15 0.16 0.17 0.17 0.17 0.16 0.15 0.13 0.12 0.10 0.08 0.06 0.04 0.03 0.02 0.01 0.01 0.01 0.01 0.01 0.00 0.00 0.00 0.00 0.00 0.00 0.00 0.00
0.49 0.93 1.40 1.90 2.42 2.95 3.48 4.01 4.54 5.04 5.52 5.97 6.39 6.76 7.07 7.33 7.51 7.63 7.66 7.61 7.46 7.20 6.81 6.23 5.52 4.81 4.12 3.47 2.85 2.28 1.75 1.25 0.80 0.39 0.02 0.00 0.00 0.00 0.00 0.00 0.00 0.00 0.00 0.00 0.00 0.00 0.00 0.00 0.00 0.00 0.00 0.00 0.00 0.00 0.00 0.00 0.04 0.07 0.09 0.11 0.12 0.12 0.12 0.11 0.10 0.09 0.08 0.06 0.05 0.03 0.02 0.01 0.01 0.01 0.01 0.01 0.00 0.00 0.00 0.00 0.00 0.00 0.00 0.00
0.00 0.28 0.72 1.18 1.66 2.16 2.67 3.17 3.67 4.15 4.60 5.03 5.43 5.77 6.07 6.31 6.48 6.59 6.61 6.54 6.38 6.12 5.75 5.25 4.64 4.04 3.48 2.94 2.44 1.96 1.52 1.10 0.72 0.37 0.06 0.00 0.00 0.00 0.00 0.00 0.00 0.00 0.00 0.00 0.00 0.00 0.00 0.00 0.00 0.00 0.00 0.00 0.00 0.00 0.00 0.00 0.00 0.02 0.05 0.08 0.10 0.11 0.12 0.12 0.11 0.11 0.10 0.08 0.07 0.05 0.04 0.03 0.02 0.01 0.01 0.01 0.00 0.00 0.00 0.00 0.00 0.00 0.00 0.00
0.00 0.06 0.45 0.87 1.31 1.76 2.23 2.69 3.15 3.59 4.01 4.41 4.76 5.08 5.35 5.56 5.71 5.78 5.78 5.69 5.51 5.24 4.85 4.35 3.83 3.36 2.92 2.49 2.09 1.71 1.35 1.02 0.70 0.41 0.15 0.00 0.00 0.00 0.00 0.00 0.00 0.00 0.00 0.00 0.00 0.00 0.00 0.00 0.00 0.00 0.00 0.00 0.00 0.00 0.00 0.00 0.00 0.01 0.05 0.09 0.12 0.14 0.15 0.16 0.16 0.15 0.14 0.13 0.11 0.10 0.08 0.06 0.04 0.03 0.02 0.01 0.00 0.00 0.00 0.00 0.00 0.00 0.00 0.00
0.00 0.04 0.38 0.75 1.15 1.56 1.98 2.40 2.82 3.22 3.61 3.97 4.29 4.58 4.81 4.99 5.11 5.16 5.14 5.03 4.83 4.53 4.12 3.58 3.06 2.68 2.35 2.04 1.74 1.45 1.17 0.91 0.67 0.44 0.23 0.03 0.00 0.00 0.00 0.00 0.00 0.00 0.00 0.00 0.00 0.00 0.00 0.00 0.00 0.00 0.00 0.00 0.00 0.00 0.00 0.00 0.00 0.01 0.07 0.12 0.16 0.18 0.20 0.21 0.22 0.21 0.20 0.19 0.17 0.15 0.13 0.11 0.09 0.07 0.04 0.01 0.00 0.00 0.00 0.00 0.00 0.00 0.00 0.00
0.00 0.12 0.42 0.74 1.09 1.46 1.84 2.23 2.61 2.98 3.33 3.66 3.95 4.21 4.42 4.57 4.67 4.70 4.65 4.52 4.30 3.98 3.53 2.96 2.39 2.00 1.76 1.55 1.35 1.15 0.96 0.78 0.60 0.43 0.26 0.11 0.00 0.00 0.00 0.00 0.00 0.00 0.00 0.00 0.00 0.00 0.00 0.00 0.00 0.00 0.00 0.00 0.00 0.00 0.00 0.00 0.00 0.02 0.09 0.15 0.19 0.23 0.26 0.27 0.28 0.28 0.28 0.26 0.25 0.23 0.20 0.18 0.15 0.11 0.07 0.02 0.00 0.00 0.00 0.00 0.00 0.00 0.00 0.00
0.07 0.30 0.55 0.83 1.14 1.48 1.82 2.17 2.52 2.86 3.18 3.48 3.74 3.98 4.16 4.29 4.37 4.38 4.31 4.17 3.93 3.57 3.09 2.47 1.86 1.43 1.18 1.05 0.94 0.84 0.73 0.62 0.51 0.39 0.28 0.16 0.04 0.00 0.00 0.00 0.00 0.00 0.00 0.00 0.00 0.00 0.00 0.00 0.00 0.00 0.00 0.00 0.00 0.00 0.00 0.00 0.00 0.02 0.11 0.18 0.24 0.28 0.32 0.34 0.35 0.36 0.36 0.35 0.33 0.31 0.28 0.25 0.22 0.17 0.11 0.03 0.00 0.00 0.00 0.00 0.00 0.00 0.00 0.00
0.33 0.55 0.77 1.02 1.29 1.59 1.90 2.22 2.54 2.85 3.14 3.42 3.66 3.87 4.04 4.15 4.21 4.20 4.12 3.95 3.69 3.29 2.77 2.11 1.46 0.99 0.70 0.56 0.53 0.51 0.49 0.45 0.40 0.34 0.28 0.20 0.11 0.01 0.00 0.00 0.00 0.00 0.00 0.00 0.00 0.00 0.00 0.00 0.00 0.00 0.00 0.00 0.00 0.00 0.00 0.00 0.00 0.02 0.12 0.21 0.28 0.33 0.38 0.41 0.43 0.44 0.44 0.43 0.42 0.40 0.37 0.34 0.29 0.22 0.15 0.06 0.00 0.00 0.00 0.00 0.00 0.00 0.00 0.00
0.62 0.84 1.07 1.29 1.54 1.80 2.08 2.37 2.67 2.95 3.22 3.47 3.70 3.89 4.04 4.13 4.18 4.16 4.06 3.87 3.56 3.14 2.58 1.88 1.20 0.69 0.36 0.18 0.13 0.18 0.24 0.27 0.29 0.29 0.27 0.23 0.17 0.09 0.00 0.00 0.00 0.00 0.00 0.00 0.00 0.00 0.00 0.00 0.00 0.00 0.00 0.00 0.00 0.00 0.00 0.00 0.00 0.02 0.13 0.23 0.31 0.38 0.44 0.48 0.50 0.52 0.53 0.52 0.51 0.49 0.46 0.42 0.36 0.28 0.19 0.08 0.00 0.00 0.00 0.00 0.00 0.00 0.00 0.00
0.94 1.18 1.42 1.64 1.87 2.10 2.36 2.63 2.89 3.16 3.41 3.64 3.85 4.02 4.16 4.24 4.27 4.24 4.12 3.89 3.56 3.10 2.51 1.78 1.06 0.52 0.15 0.00 0.00 0.00 0.00 0.10 0.18 0.23 0.26 0.26 0.23 0.17 0.09 0.00 0.00 0.00 0.00 0.00 0.00 0.00 0.00 0.00 0.00 0.00 0.00 0.00 0.00 0.00 0.00 0.00 0.00 0.00 0.14 0.25 0.34 0.42 0.49 0.54 0.58 0.60 0.61 0.61 0.61 0.59 0.55 0.50 0.43 0.34 0.24 0.12 0.00 0.00 0.00 0.00 0.00 0.00 0.00 0.00
1.31 1.56 1.80 2.04 2.27 2.49 2.72 2.97 3.22 3.46 3.70 3.91 4.11 4.27 4.39 4.47 4.49 4.43 4.28 4.03 3.66 3.17 2.55 1.79 1.04 0.47 0.06 0.00 0.00 0.00 0.00 0.00 0.09 0.19 0.26 0.30 0.30 0.26 0.19 0.09 0.00 0.00 0.00 0.00 0.00 0.00 0.00 0.00 0.00 0.00 0.00 0.00 0.00 0.00 0.00 0.00 0.00 0.00 0.13 0.26 0.37 0.46 0.54 0.60 0.64 0.68 0.70 0.70 0.70 0.67 0.63 0.57 0.49 0.40 0.28 0.15 0.03 0.00 0.00 0.00 0.00 0.00 0.00 0.00
1.71 1.97 2.23 2.48 2.72 2.95 3.17 3.40 3.63 3.86 4.08 4.29 4.47 4.62 4.74 4.80 4.80 4.72 4.55 4.27 3.87 3.36 2.71 1.92 1.15 0.54 0.11 0.00 0.00 0.00 0.00 0.00 0.02 0.18 0.29 0.36 0.39 0.37 0.31 0.21 0.06 0.00 0.00 0.00 0.00 0.00 0.00 0.00 0.00 0.00 0.00 0.00 0.00 0.00 0.00 0.00 0.00 0.00 0.10 0.25 0.38 0.48 0.57 0.65 0.70 0.74 0.77 0.78 0.78 0.75 0.71 0.64 0.56 0.45 0.33 0.19 0.06 0.00 0.00 0.00 0.00 0.00 0.00 0.00
2.14 2.42 2.69 2.96 3.22 3.46 3.69 3.91 4.13 4.35 4.56 4.75 4.93 5.08 5.18 5.23 5.21 5.11 4.91 4.60 4.19 3.65 2.97 2.16 1.36 0.73 0.27 0.00 0.00 0.00 0.00 0.00 0.00 0.19 0.35 0.46 0.51 0.51 0.46 0.36 0.21 0.01 0.00 0.00 0.00 0.00 0.00 0.00 0.00 0.00 0.00 0.00 0.00 0.00 0.00 0.00 0.00 0.00 0.07 0.23 0.37 0.49 0.60 0.68 0.75 0.80 0.84 0.85 0.85 0.82 0.77 0.70 0.62 0.51 0.38 0.24 0.09 0.00 0.00 0.00 0.00 0.00 0.00 0.00
2.61 2.90 3.19 3.48 3.75 4.01 4.26 4.49 4.70 4.91 5.12 5.31 5.48 5.62 5.72 5.75 5.70 5.58 5.36 5.03 4.59 4.03 3.34 2.51 1.68 1.03 0.54 0.20 0.00 0.00 0.00 0.00 0.09 0.27 0.45 0.59 0.67 0.69 0.65 0.55 0.38 0.17 0.00 0.00 0.00 0.00 0.00 0.00 0.00 0.00 0.00 0.00 0.00 0.00 0.00 0.00 0.00 0.00 0.03 0.19 0.35 0.49 0.61 0.71 0.79 0.85 0.89 0.91 0.90 0.88 0.83 0.76 0.67 0.56 0.43 0.28 0.13 0.00 0.00 0.00 0.00 0.00 0.00 0.00
3.10 3.42 3.73 4.03 4.33 4.61 4.87 5.12 5.35 5.56 5.76 5.95 6.12 6.25 6.32 6.34 6.28 6.13 5.89 5.55 5.10 4.52 3.80 2.95 2.11 1.43 0.92 0.56 0.32 0.19 0.16 0.20 0.31 0.45 0.62 0.78 0.89 0.92 0.89 0.77 0.59 0.36 0.10 0.00 0.00 0.00 0.00 0.00 0.00 0.00 0.00 0.00 0.00 0.00 0.00 0.00 0.00 0.00 0.00 0.15 0.31 0.46 0.60 0.71 0.80 0.87 0.92 0.94 0.95 0.92 0.88 0.81 0.73 0.62 0.48 0.33 0.18 0.04 0.00 0.00 0.00 0.00 0.00 0.00
3.63 3.97 4.30 4.63 4.94 5.24 5.53 5.80 6.05 6.27 6.48 6.67 6.82 6.94 7.00 7.00 6.92 6.77 6.51 6.16 5.68 5.09 4.36 3.49 2.63 1.94 1.41 1.02 0.76 0.61 0.55 0.57 0.65 0.76 0.90 1.04 1.16 1.20 1.16 1.02 0.83 0.58 0.30 0.01 0.00 0.00 0.00 0.00 0.00 0.00 0.00 0.00 0.00 0.00 0.00 0.00 0.00 0.00 0.00 0.12 0.27 0.42 0.57 0.69 0.80 0.88 0.94 0.97 0.98 0.96 0.92 0.86 0.77 0.66 0.53 0.38 0.22 0.09 0.00 0.00 0.00 0.00 0.00 0.00
4.19 4.55 4.91 5.26 5.59 5.92 6.22 6.52 6.79 7.04 7.26 7.44 7.59 7.69 7.75 7.73 7.64 7.47 7.21 6.84 6.36 5.75 5.00 4.13 3.25 2.54 2.00 1.59 1.31 1.14 1.06 1.05 1.10 1.19 1.30 1.41 1.50 1.53 1.46 1.31 1.09 0.83 0.53 0.23 0.00 0.00 0.00 0.00 0.00 0.00 0.00 0.00 0.00 0.00 0.00 0.00 0.00 0.00 0.00 0.08 0.22 0.37 0.52 0.66 0.77 0.87 0.93 0.97 0.99 0.99 0.95 0.90 0.82 0.71 0.58 0.43 0.28 0.14 0.02 0.00 0.00 0.00 0.00 0.00
4.78 5.17 5.55 5.92 6.28 6.63 6.96 7.28 7.57 7.84 8.08 8.27 8.41 8.51 8.55 8.53 8.43 8.25 7.98 7.60 7.11 6.49 5.73 4.85 3.96 3.24 2.68 2.26 1.96 1.77 1.67 1.64 1.67 1.73 1.81 1.89 1.92 1.89 1.80 1.63 1.39 1.11 0.79 0.46 0.14 0.00 0.00 0.00 0.00 0.00 0.00 0.00 0.00 0.00 0.00 0.00 0.00 0.00 0.00 0.05 0.18 0.32 0.46 0.59 0.72 0.83 0.91 0.97 0.99 1.00 0.97 0.93 0.85 0.75 0.63 0.48 0.33 0.19 0.08 0.00 0.00 0.00 0.00 0.00
5.40 5.81 6.22 6.62 7.01 7.38 7.74 8.08 8.40 8.69 8.93 9.13 9.28 9.38 9.41 9.38 9.28 9.09 8.81 8.43 7.93 7.30 6.54 5.65 4.75 4.02 3.45 3.02 2.71 2.50 2.38 2.34 2.34 2.38 2.43 2.44 2.40 2.31 2.17 1.98 1.72 1.41 1.08 0.73 0.38 0.06 0.00 0.00 0.00 0.00 0.00 0.00 0.00 0.00 0.00 0.00 0.00 0.00 0.00 0.02 0.14 0.27 0.39 0.53 0.65 0.77 0.87 0.94 0.98 1.00 0.98 0.95 0.88 0.79 0.67 0.53 0.38 0.25 0.14 0.04 0.00 0.00 0.00 0.00
6.04 6.48 6.92 7.35 7.76 8.17 8.56 8.92 9.26 9.56 9.82 10.03 10.19 10.29 10.32 10.29 10.19 10.00 9.71 9.32 8.82 8.19 7.43 6.53 5.63 4.89 4.31 3.87 3.55 3.33 3.20 3.13 3.12 3.13 3.11 3.05 2.94 2.79 2.60 2.36 2.08 1.75 1.39 1.01 0.65 0.30 0.00 0.00 0.00 0.00 0.00 0.00 0.00 0.00 0.00 0.00 0.00 0.00 0.00 0.00 0.10 0.21 0.33 0.46 0.58 0.70 0.81 0.89 0.95 0.98 0.98 0.96 0.90 0.82 0.71 0.58 0.44 0.32 0.21 0.12 0.04 0.00 0.00 0.00
6.71 7.19 7.65 8.11 8.56 8.99 9.41 9.80 10.16 10.47 10.75 10.97 11.14 11.24 11.28 11.25 11.15 10.96 10.67 10.28 9.78 9.15 8.38 7.48 6.58 5.84 5.25 4.80 4.47 4.24 4.10 4.03 3.98 3.92 3.83 3.69 3.52 3.31 3.07 2.78 2.47 2.11 1.73 1.33 0.94 0.57 0.24 0.00 0.00 0.00 0.00 0.00 0.00 0.00 0.00 0.00 0.00 0.00 0.00 0.00 0.06 0.16 0.27 0.39 0.51 0.62 0.73 0.83 0.91 0.95 0.97 0.96 0.92 0.85 0.75 0.62 0.50 0.38 0.28 0.20 0.13 0.07 0.03 0.00
7.41 7.91 8.41 8.91 9.39 9.85 10.29 10.70 11.08 11.41 11.70 11.94 12.12 12.23 12.28 12.26 12.16 11.97 11.69 11.30 10.79 10.17 9.40 8.50 7.60 6.86 6.27 5.82 5.48 5.25 5.09 4.99 4.88 4.73 4.56 4.36 4.12 3.86 3.56 3.24 2.88 2.50 2.09 1.67 1.25 0.85 0.50 0.20 0.00 0.00 0.00 0.00 0.00 0.00 0.00 0.00 0.00 0.00 0.00 0.00 0.02 0.12 0.22 0.33 0.44 0.54 0.65 0.75 0.85 0.91 0.94 0.95 0.92 0.87 0.78 0.67 0.55 0.45 0.36 0.29 0.22 0.17 0.14 0.11
