data_processed/recharge/precip/Precip_2001_02.asc
ncols        168
nrows        136
xllcorner    455000
yllcorner    2107000
cellsize     500
NODATA_value     -99999
[rows 0 to 35 of 136, columns 0 to 80 of 168]
20.63 20.38 20.16 19.97 19.81 19.68 19.58 19.50 19.46 19.44 19.46 19.50 19.58 19.69 19.83 20.00 20.21 20.45 20.72 21.03 21.37 21.74 22.13 22.48 22.83 23.21 23.59 23.94 24.24 24.50 24.72 24.90 25.05 25.17 25.27 25.33 25.38 25.40 25.41 25.40 25.38 25.35 25.32 25.28 25.24 25.20 25.16 25.14 25.15 25.28 25.45 25.35 25.01 24.56 24.05 23.48 22.86 22.20 21.51 20.79 20.06 19.31 18.56 17.81 17.08 16.37 15.68 15.03 14.42 13.86 13.35 12.92 12.55 12.26 12.04 11.83 11.63 11.44 11.25 11.04 10.81
20.48 20.37 20.28 20.21 20.16 20.13 20.12 20.14 20.17 20.23 20.30 20.40 20.53 20.67 20.84 21.04 21.26 21.50 21.77 22.07 22.39 22.74 23.11 23.49 23.87 24.25 24.60 24.90 25.15 25.37 25.55 25.69 25.80 25.89 25.94 25.98 25.99 25.98 25.96 25.93 25.88 25.83 25.77 25.71 25.66 25.60 25.55 25.51 25.48 25.50 25.52 25.34 25.03 24.64 24.18 23.65 23.06 22.42 21.74 21.02 20.28 19.52 18.74 17.96 17.18 16.40 15.65 14.92 14.23 13.57 12.97 12.41 11.92 11.50 11.16 10.88 10.61 10.36 10.09 9.80 9.50
19.87 19.92 19.98 20.05 20.14 20.23 20.34 20.46 20.59 20.74 20.90 21.08 21.27 21.47 21.69 21.93 22.18 22.45 22.74 23.04 23.36 23.71 24.06 24.44 24.81 25.15 25.44 25.69 25.89 26.06 26.19 26.29 26.36 26.40 26.41 26.41 26.38 26.34 26.28 26.22 26.14 26.06 25.97 25.89 25.80 25.72 25.65 25.59 25.54 25.51 25.47 25.33 25.09 24.77 24.36 23.87 23.32 22.71 22.04 21.33 20.58 19.81 19.01 18.19 17.37 16.54 15.73 14.93 14.15 13.41 12.70 12.04 11.43 10.88 10.40 9.99 9.64 9.30 8.94 8.58 8.21
19.08 19.29 19.51 19.73 19.95 20.18 20.41 20.64 20.88 21.13 21.38 21.63 21.90 22.17 22.45 22.73 23.02 23.33 23.64 23.96 24.29 24.63 24.98 25.31 25.62 25.89 26.12 26.31 26.46 26.58 26.66 26.71 26.73 26.73 26.70 26.65 26.59 26.51 26.41 26.31 26.20 26.08 25.97 25.85 25.74 25.64 25.54 25.46 25.39 25.34 25.31 25.25 25.09 24.84 24.49 24.06 23.55 22.97 22.33 21.63 20.89 20.10 19.29 18.45 17.59 16.73 15.86 14.99 14.14 13.32 12.51 11.75 11.03 10.36 9.75 9.19 8.70 8.25 7.81 7.38 6.94
18.40 18.77 19.13 19.49 19.85 20.20 20.54 20.89 21.23 21.56 21.90 22.23 22.56 22.89 23.22 23.54 23.87 24.20 24.53 24.86 25.19 25.52 25.83 26.09 26.31 26.50 26.67 26.81 26.91 26.97 27.00 27.00 26.98 26.93 26.86 26.77 26.66 26.55 26.42 26.28 26.13 25.99 25.84 25.70 25.56 25.43 25.31 25.20 25.12 25.07 25.04 25.00 24.93 24.75 24.48 24.11 23.66 23.12 22.51 21.84 21.11 20.34 19.52 18.66 17.78 16.88 15.97 15.05 14.14 13.24 12.36 11.50 10.68 9.90 9.16 8.47 7.82 7.24 6.71 6.21 5.72
17.84 18.36 18.86 19.36 19.84 20.30 20.76 21.20 21.63 22.05 22.46 22.86 23.25 23.63 24.00 24.36 24.72 25.06 25.40 25.73 26.05 26.35 26.58 26.76 26.89 27.01 27.10 27.18 27.23 27.24 27.22 27.18 27.11 27.02 26.90 26.77 26.63 26.47 26.31 26.14 25.96 25.78 25.61 25.44 25.27 25.12 24.98 24.85 24.76 24.71 24.68 24.65 24.60 24.50 24.31 24.02 23.63 23.15 22.59 21.95 21.25 20.49 19.68 18.82 17.93 17.00 16.06 15.10 14.14 13.18 12.23 11.29 10.38 9.49 8.63 7.80 7.02 6.30 5.66 5.09 4.55
17.43 18.06 18.70 19.31 19.91 20.49 21.05 21.58 22.10 22.59 23.07 23.53 23.97 24.40 24.80 25.19 25.56 25.92 26.26 26.58 26.87 27.08 27.23 27.33 27.39 27.42 27.44 27.45 27.44 27.40 27.34 27.25 27.13 27.00 26.84 26.67 26.49 26.30 26.10 25.89 25.69 25.48 25.28 25.08 24.89 24.71 24.55 24.42 24.32 24.27 24.24 24.21 24.16 24.09 23.98 23.77 23.46 23.04 22.54 21.95 21.29 20.55 19.76 18.91 18.02 17.09 16.12 15.14 14.13 13.12 12.11 11.11 10.11 9.12 8.15 7.19 6.28 5.45 4.69 4.02 3.43
17.16 17.89 18.63 19.36 20.07 20.75 21.39 22.02 22.61 23.17 23.71 24.22 24.71 25.17 25.60 26.01 26.39 26.75 27.08 27.37 27.58 27.71 27.78 27.80 27.79 27.76 27.70 27.63 27.55 27.46 27.35 27.22 27.06 26.88 26.69 26.48 26.26 26.03 25.80 25.56 25.32 25.09 24.86 24.63 24.42 24.23 24.05 23.91 23.81 23.75 23.73 23.69 23.64 23.58 23.50 23.37 23.14 22.81 22.37 21.84 21.22 20.53 19.76 18.94 18.05 17.12 16.15 15.14 14.11 13.06 12.00 10.94 9.86 8.78 7.70 6.64 5.62 4.68 3.82 3.05 2.38
17.02 17.84 18.66 19.49 20.29 21.06 21.80 22.50 23.16 23.79 24.38 24.94 25.46 25.94 26.40 26.82 27.20 27.56 27.85 28.06 28.19 28.24 28.24 28.19 28.12 28.01 27.89 27.74 27.59 27.44 27.28 27.10 26.90 26.68 26.44 26.20 25.94 25.68 25.41 25.15 24.88 24.62 24.36 24.11 23.88 23.67 23.48 23.34 23.23 23.17 23.14 23.11 23.06 23.00 22.91 22.81 22.67 22.42 22.07 21.61 21.05 20.41 19.68 18.89 18.02 17.10 16.13 15.12 14.07 13.00 11.89 10.77 9.62 8.46 7.30 6.15 5.03 3.99 3.04 2.19 1.44
17.01 17.91 18.81 19.70 20.59 21.44 22.25 23.02 23.75 24.43 25.06 25.66 26.21 26.72 27.18 27.61 27.99 28.30 28.52 28.65 28.70 28.68 28.60 28.50 28.36 28.19 28.00 27.79 27.57 27.35 27.12 26.90 26.65 26.40 26.12 25.84 25.55 25.26 24.96 24.66 24.37 24.08 23.79 23.52 23.27 23.05 22.85 22.70 22.59 22.52 22.50 22.47 22.42 22.35 22.27 22.17 22.05 21.89 21.62 21.25 20.76 20.18 19.51 18.75 17.92 17.03 16.07 15.06 14.00 12.91 11.77 10.59 9.39 8.16 6.93 5.70 4.50 3.38 2.35 1.43 0.61
17.11 18.09 19.05 20.01 20.95 21.87 22.75 23.58 24.36 25.09 25.76 26.38 26.96 27.48 27.95 28.37 28.71 28.95 29.09 29.14 29.11 29.02 28.89 28.72 28.53 28.31 28.06 27.79 27.50 27.21 26.92 26.63 26.35 26.05 25.74 25.42 25.10 24.77 24.44 24.11 23.79 23.47 23.17 22.88 22.61 22.37 22.17 22.01 21.89 21.82 21.80 21.77 21.72 21.65 21.57 21.47 21.36 21.22 21.04 20.75 20.35 19.84 19.23 18.53 17.75 16.88 15.95 14.96 13.90 12.79 11.62 10.41 9.16 7.89 6.60 5.30 4.02 2.84 1.75 0.77 0.00
17.32 18.36 19.39 20.40 21.39 22.35 23.28 24.17 24.99 25.76 26.46 27.11 27.69 28.22 28.69 29.07 29.34 29.50 29.56 29.53 29.43 29.28 29.09 28.87 28.63 28.36 28.05 27.73 27.39 27.03 26.68 26.33 25.98 25.64 25.30 24.94 24.59 24.23 23.87 23.51 23.16 22.82 22.50 22.19 21.90 21.65 21.44 21.26 21.14 21.08 21.05 21.02 20.97 20.90 20.82 20.72 20.61 20.47 20.32 20.12 19.81 19.39 18.85 18.22 17.49 16.67 15.77 14.80 13.75 12.63 11.44 10.21 8.93 7.62 6.29 4.94 3.61 2.37 1.24 0.21 0.00
17.62 18.72 19.80 20.86 21.89 22.89 23.86 24.78 25.64 26.43 27.16 27.82 28.41 28.94 29.37 29.68 29.86 29.94 29.93 29.83 29.67 29.46 29.22 28.95 28.67 28.35 28.00 27.62 27.23 26.82 26.41 25.99 25.59 25.19 24.81 24.42 24.03 23.64 23.25 22.87 22.49 22.13 21.78 21.45 21.15 20.89 20.66 20.48 20.35 20.29 20.26 20.23 20.18 20.12 20.03 19.93 19.82 19.68 19.53 19.36 19.14 18.81 18.36 17.80 17.14 16.37 15.52 14.57 13.54 12.42 11.24 10.00 8.70 7.37 6.01 4.62 3.25 1.97 0.80 0.00 0.00
18.01 19.15 20.28 21.38 22.45 23.48 24.47 25.41 26.29 27.11 27.85 28.52 29.11 29.59 29.95 30.18 30.28 30.29 30.21 30.05 29.83 29.57 29.28 28.97 28.65 28.28 27.89 27.47 27.03 26.57 26.11 25.64 25.17 24.72 24.28 23.86 23.44 23.02 22.60 22.19 21.79 21.40 21.03 20.68 20.36 20.08 19.85 19.66 19.53 19.46 19.44 19.40 19.36 19.29 19.21 19.11 18.99 18.86 18.70 18.53 18.34 18.10 17.75 17.28 16.69 15.99 15.18 14.27 13.26 12.17 11.00 9.76 8.47 7.13 5.74 4.33 2.93 1.63 0.44 0.00 0.00
18.47 19.66 20.82 21.95 23.05 24.10 25.11 26.06 26.95 27.77 28.52 29.19 29.74 30.15 30.43 30.57 30.61 30.55 30.40 30.19 29.92 29.61 29.28 28.93 28.57 28.17 27.74 27.28 26.80 26.30 25.78 25.27 24.75 24.24 23.75 23.28 22.82 22.37 21.93 21.49 21.06 20.64 20.25 19.88 19.55 19.26 19.01 18.81 18.68 18.61 18.58 18.55 18.50 18.44 18.36 18.26 18.14 18.00 17.85 17.68 17.49 17.28 17.01 16.64 16.14 15.51 14.75 13.89 12.93 11.87 10.73 9.51 8.23 6.89 5.50 4.08 2.66 1.35 0.15 0.00 0.00
19.00 20.22 21.41 22.56 23.68 24.74 25.76 26.72 27.61 28.43 29.17 29.80 30.28 30.61 30.80 30.88 30.84 30.72 30.52 30.25 29.93 29.58 29.21 28.84 28.45 28.02 27.56 27.06 26.54 26.00 25.44 24.88 24.32 23.76 23.22 22.69 22.19 21.71 21.23 20.76 20.30 19.86 19.44 19.06 18.71 18.40 18.15 17.94 17.80 17.73 17.71 17.67 17.63 17.56 17.48 17.38 17.26 17.13 16.97 16.80 16.61 16.40 16.16 15.88 15.46 14.91 14.23 13.43 12.52 11.51 10.41 9.23 7.97 6.65 5.27 3.85 2.44 1.12 0.00 0.00 0.00
19.59 20.83 22.04 23.21 24.33 25.40 26.42 27.37 28.26 29.06 29.76 30.31 30.71 30.96 31.08 31.09 30.99 30.81 30.56 30.24 29.89 29.50 29.10 28.69 28.28 27.83 27.34 26.81 26.26 25.68 25.09 24.49 23.89 23.29 22.70 22.13 21.57 21.04 20.52 20.02 19.53 19.07 18.63 18.22 17.86 17.54 17.27 17.06 16.91 16.84 16.81 16.78 16.74 16.67 16.59 16.49 16.37 16.23 16.08 15.91 15.71 15.50 15.26 15.00 14.66 14.20 13.61 12.89 12.05 11.10 10.05 8.91 7.70 6.41 5.06 3.66 2.25 0.95 0.00 0.00 0.00
20.22 21.47 22.69 23.87 25.00 26.07 27.08 28.02 28.89 29.65 30.26 30.72 31.04 31.22 31.27 31.22 31.06 30.83 30.53 30.17 29.78 29.36 28.93 28.51 28.08 27.61 27.09 26.54 25.96 25.36 24.73 24.10 23.46 22.82 22.19 21.57 20.96 20.37 19.80 19.27 18.75 18.26 17.80 17.37 16.99 16.66 16.38 16.16 16.01 15.94 15.91 15.88 15.84 15.77 15.69 15.59 15.47 15.33 15.18 15.00 14.81 14.59 14.34 14.06 13.75 13.38 12.88 12.25 11.49 10.62 9.64 8.57 7.40 6.16 4.85 3.48 2.10 0.83 0.00 0.00 0.00
20.88 22.15 23.37 24.55 25.67 26.73 27.73 28.65 29.47 30.14 30.66 31.03 31.27 31.38 31.38 31.26 31.06 30.78 30.43 30.04 29.62 29.17 28.72 28.28 27.84 27.35 26.82 26.25 25.65 25.02 24.37 23.71 23.04 22.37 21.70 21.03 20.37 19.72 19.10 18.51 17.97 17.45 16.97 16.52 16.13 15.78 15.49 15.27 15.11 15.03 15.01 14.98 14.93 14.87 14.79 14.69 14.57 14.43 14.27 14.10 13.90 13.67 13.41 13.12 12.80 12.46 12.05 11.53 10.87 10.08 9.19 8.19 7.09 5.91 4.65 3.32 1.98 0.75 0.00 0.00 0.00
21.57 22.84 24.06 25.23 26.34 27.38 28.35 29.22 29.94 30.52 30.95 31.24 31.41 31.46 31.40 31.23 30.98 30.66 30.28 29.86 29.41 28.94 28.47 28.02 27.57 27.08 26.53 25.95 25.33 24.69 24.02 23.33 22.64 21.93 21.22 20.50 19.79 19.09 18.42 17.78 17.19 16.65 16.14 15.68 15.26 14.90 14.61 14.37 14.21 14.13 14.11 14.08 14.03 13.97 13.89 13.79 13.67 13.53 13.37 13.19 12.98 12.74 12.47 12.18 11.85 11.51 11.13 10.70 10.16 9.48 8.68 7.76 6.75 5.64 4.44 3.18 1.89 0.72 0.00 0.00 0.00
22.28 23.54 24.75 25.90 26.99 28.00 28.92 29.69 30.31 30.79 31.14 31.36 31.46 31.45 31.34 31.13 30.84 30.48 30.07 29.62 29.15 28.67 28.19 27.73 27.28 26.78 26.24 25.64 25.01 24.35 23.67 22.97 22.24 21.50 20.74 19.98 19.22 18.48 17.76 17.08 16.44 15.86 15.33 14.84 14.41 14.04 13.73 13.49 13.33 13.24 13.22 13.19 13.15 13.08 13.00 12.90 12.78 12.64 12.48 12.29 12.07 11.82 11.54 11.24 10.92 10.57 10.20 9.81 9.36 8.80 8.11 7.30 6.38 5.35 4.24 3.04 1.83 0.73 0.00 0.00 0.00
22.99 24.24 25.43 26.55 27.61 28.57 29.38 30.05 30.57 30.96 31.23 31.38 31.42 31.36 31.20 30.96 30.64 30.25 29.81 29.35 28.86 28.36 27.88 27.42 26.97 26.48 25.93 25.33 24.70 24.03 23.33 22.61 21.86 21.08 20.28 19.48 18.68 17.90 17.14 16.41 15.73 15.10 14.53 14.02 13.58 13.19 12.87 12.62 12.46 12.37 12.35 12.32 12.28 12.21 12.13 12.03 11.91 11.77 11.60 11.39 11.17 10.91 10.63 10.32 10.00 9.65 9.29 8.90 8.50 8.05 7.48 6.78 5.97 5.05 4.03 2.92 1.78 0.77 0.00 0.00 0.00
23.70 24.92 26.09 27.18 28.17 29.02 29.73 30.29 30.73 31.04 31.23 31.31 31.30 31.19 30.99 30.72 30.37 29.97 29.51 29.03 28.53 28.03 27.55 27.10 26.65 26.16 25.62 25.02 24.39 23.72 23.01 22.26 21.47 20.66 19.83 19.00 18.16 17.34 16.54 15.78 15.06 14.38 13.77 13.23 12.77 12.37 12.04 11.78 11.61 11.52 11.50 11.47 11.43 11.37 11.28 11.18 11.06 10.91 10.73 10.52 10.28 10.02 9.74 9.44 9.11 8.77 8.41 8.03 7.64 7.24 6.79 6.22 5.53 4.72 3.81 2.80 1.76 0.84 0.09 0.00 0.00
24.40 25.59 26.71 27.74 28.62 29.36 29.96 30.43 30.78 31.01 31.14 31.16 31.09 30.94 30.71 30.41 30.04 29.63 29.17 28.68 28.17 27.67 27.20 26.75 26.33 25.85 25.31 24.72 24.09 23.42 22.69 21.91 21.10 20.26 19.40 18.53 17.67 16.81 15.98 15.18 14.42 13.71 13.07 12.49 11.99 11.57 11.23 10.97 10.79 10.70 10.68 10.66 10.61 10.55 10.47 10.36 10.23 10.07 9.88 9.67 9.43 9.17 8.89 8.58 8.26 7.93 7.58 7.21 6.83 6.45 6.05 5.60 5.05 4.37 3.58 2.68 1.75 0.94 0.31 0.00 0.00
25.07 26.22 27.28 28.19 28.96 29.59 30.09 30.47 30.73 30.89 30.95 30.92 30.80 30.61 30.35 30.03 29.65 29.23 28.78 28.29 27.79 27.30 26.83 26.40 25.99 25.53 25.01 24.44 23.81 23.11 22.36 21.56 20.73 19.86 18.98 18.09 17.20 16.31 15.45 14.62 13.83 13.09 12.41 11.80 11.26 10.82 10.46 10.19 10.01 9.92 9.90 9.88 9.83 9.77 9.68 9.57 9.43 9.26 9.07 8.85 8.61 8.35 8.08 7.78 7.47 7.14 6.80 6.45 6.09 5.72 5.34 4.95 4.52 3.99 3.33 2.56 1.75 1.07 0.57 0.23 0.03
25.71 26.79 27.73 28.52 29.17 29.70 30.11 30.40 30.59 30.68 30.68 30.59 30.43 30.21 29.92 29.58 29.20 28.78 28.34 27.87 27.39 26.91 26.46 26.05 25.66 25.22 24.72 24.16 23.52 22.81 22.04 21.23 20.37 19.49 18.58 17.67 16.75 15.85 14.96 14.10 13.29 12.52 11.81 11.16 10.60 10.12 9.74 9.46 9.28 9.19 9.16 9.14 9.09 9.03 8.94 8.82 8.67 8.50 8.30 8.09 7.85 7.59 7.32 7.03 6.73 6.41 6.09 5.75 5.41 5.06 4.70 4.34 3.98 3.57 3.06 2.43 1.76 1.22 0.86 0.63 0.44
26.29 27.24 28.05 28.73 29.28 29.71 30.02 30.23 30.35 30.37 30.32 30.19 29.99 29.73 29.43 29.08 28.69 28.28 27.85 27.40 26.95 26.51 26.08 25.70 25.34 24.93 24.44 23.87 23.22 22.50 21.72 20.89 20.02 19.12 18.20 17.27 16.34 15.41 14.51 13.63 12.79 12.00 11.26 10.59 10.00 9.49 9.09 8.78 8.59 8.50 8.48 8.45 8.41 8.33 8.23 8.11 7.96 7.78 7.59 7.37 7.14 6.89 6.63 6.35 6.06 5.76 5.45 5.13 4.81 4.48 4.15 3.81 3.48 3.14 2.77 2.30 1.77 1.39 1.14 0.93 0.74
26.74 27.56 28.26 28.82 29.27 29.60 29.83 29.97 30.01 29.98 29.87 29.70 29.47 29.19 28.87 28.51 28.13 27.73 27.31 26.90 26.48 26.08 25.70 25.35 25.03 24.64 24.15 23.58 22.92 22.20 21.41 20.57 19.69 18.78 17.85 16.90 15.96 15.02 14.09 13.20 12.34 11.53 10.77 10.08 9.47 8.94 8.50 8.18 7.96 7.86 7.84 7.82 7.76 7.68 7.58 7.45 7.30 7.13 6.94 6.73 6.50 6.26 6.01 5.74 5.47 5.18 4.89 4.60 4.29 3.99 3.68 3.38 3.08 2.78 2.48 2.15 1.79 1.52 1.30 1.10 0.91
27.07 27.77 28.35 28.80 29.15 29.40 29.55 29.61 29.59 29.51 29.35 29.14 28.89 28.59 28.25 27.90 27.52 27.13 26.74 26.36 25.99 25.63 25.31 25.02 24.72 24.34 23.86 23.28 22.62 21.89 21.10 20.26 19.37 18.46 17.52 16.56 15.60 14.65 13.72 12.81 11.94 11.11 10.34 9.63 9.00 8.45 8.00 7.65 7.41 7.30 7.27 7.24 7.18 7.10 6.99 6.86 6.71 6.54 6.36 6.16 5.94 5.71 5.47 5.22 4.96 4.70 4.43 4.16 3.88 3.60 3.33 3.05 2.78 2.52 2.26 2.01 1.76 1.53 1.32 1.12 0.94
27.36 27.95 28.41 28.77 29.02 29.18 29.25 29.25 29.17 29.03 28.83 28.59 28.31 27.99 27.65 27.29 26.93 26.56 26.20 25.85 25.52 25.22 24.96 24.70 24.39 24.00 23.52 22.95 22.30 21.57 20.78 19.94 19.05 18.13 17.18 16.23 15.26 14.30 13.36 12.44 11.56 10.72 9.94 9.22 8.57 8.01 7.54 7.17 6.92 6.79 6.75 6.72 6.65 6.57 6.46 6.33 6.18 6.02 5.84 5.65 5.45 5.23 5.01 4.78 4.54 4.29 4.05 3.80 3.55 3.30 3.06 2.82 2.58 2.35 2.13 1.91 1.69 1.47 1.27 1.08 0.91
27.72 28.18 28.53 28.79 28.95 29.02 29.02 28.95 28.81 28.62 28.39 28.11 27.80 27.47 27.13 26.77 26.42 26.07 25.73 25.42 25.14 24.89 24.66 24.38 24.02 23.61 23.13 22.57 21.92 21.20 20.41 19.57 18.69 17.77 16.83 15.87 14.90 13.94 13.00 12.08 11.19 10.34 9.55 8.82 8.17 7.59 7.11 6.73 6.47 6.33 6.28 6.24 6.17 6.08 5.98 5.85 5.71 5.56 5.39 5.20 5.01 4.81 4.60 4.39 4.17 3.95 3.73 3.51 3.29 3.07 2.86 2.65 2.45 2.26 2.07 1.87 1.65 1.44 1.25 1.07 0.90
28.09 28.46 28.71 28.86 28.93 28.92 28.84 28.71 28.52 28.28 28.00 27.70 27.37 27.02 26.67 26.32 25.98 25.65 25.35 25.07 24.84 24.62 24.36 24.04 23.64 23.19 22.69 22.13 21.49 20.78 20.00 19.17 18.30 17.38 16.45 15.49 14.53 13.57 12.63 11.71 10.82 9.97 9.18 8.44 7.78 7.20 6.72 6.33 6.06 5.92 5.86 5.81 5.74 5.65 5.55 5.43 5.29 5.14 4.98 4.81 4.64 4.45 4.26 4.07 3.87 3.67 3.48 3.28 3.09 2.91 2.73 2.56 2.39 2.23 2.06 1.86 1.64 1.44 1.26 1.09 0.93
28.36 28.76 28.92 28.98 28.96 28.87 28.72 28.51 28.27 27.98 27.67 27.33 26.99 26.63 26.28 25.93 25.60 25.30 25.02 24.79 24.58 24.34 24.04 23.68 23.24 22.75 22.22 21.64 21.01 20.32 19.56 18.74 17.87 16.97 16.04 15.10 14.14 13.19 12.25 11.34 10.45 9.61 8.81 8.08 7.42 6.84 6.35 5.97 5.70 5.55 5.48 5.43 5.35 5.27 5.17 5.05 4.92 4.78 4.64 4.48 4.32 4.15 3.98 3.81 3.63 3.46 3.29 3.12 2.96 2.81 2.67 2.53 2.40 2.25 2.08 1.88 1.67 1.48 1.30 1.13 0.98
28.45 28.94 29.14 29.12 29.01 28.84 28.62 28.36 28.06 27.73 27.38 27.01 26.65 26.28 25.92 25.59 25.27 24.99 24.75 24.54 24.31 24.04 23.71 23.31 22.83 22.31 21.74 21.14 20.50 19.81 19.07 18.27 17.42 16.53 15.62 14.69 13.75 12.81 11.88 10.97 10.09 9.25 8.47 7.74 7.08 6.50 6.02 5.65 5.38 5.22 5.15 5.09 5.01 4.93 4.83 4.73 4.61 4.48 4.34 4.20 4.05 3.90 3.75 3.60 3.45 3.31 3.17 3.03 2.90 2.78 2.67 2.57 2.44 2.30 2.13 1.94 1.74 1.55 1.37 1.21 1.07
28.38 28.96 29.24 29.26 29.09 28.84 28.55 28.22 27.87 27.50 27.11 26.72 26.34 25.96 25.60 25.27 24.98 24.72 24.50 24.27 24.01 23.71 23.35 22.92 22.41 21.86 21.26 20.63 19.97 19.27 18.55 17.77 16.94 16.07 15.18 14.26 13.34 12.41 11.50 10.60 9.74 8.91 8.13 7.41 6.77 6.21 5.74 5.37 5.10 4.94 4.86 4.79 4.72 4.64 4.55 4.45 4.34 4.22 4.10 3.98 3.85 3.72 3.59 3.46 3.34 3.22 3.11 3.00 2.91 2.82 2.74 2.64 2.52 2.38 2.21 2.03 1.83 1.64 1.47 1.32 1.17
28.16 28.81 29.18 29.28 29.14 28.84 28.48 28.09 27.69 27.28 26.86 26.44 26.04 25.66 25.30 24.98 24.71 24.46 24.23 23.98 23.70 23.37 22.99 22.52 21.98 21.40 20.78 20.12 19.43 18.73 17.99 17.24 16.43 15.59 14.72 13.82 12.92 12.01 11.12 10.24 9.39 8.58 7.82 7.12 6.49 5.95 5.49 5.13 4.86 4.70 4.61 4.54 4.47 4.39 4.31 4.22 4.13 4.02 3.92 3.81 3.70 3.59 3.48 3.38 3.28 3.19 3.11 3.04 2.98 2.92 2.84 2.75 2.63 2.49 2.33 2.14 1.95 1.77 1.60 1.45 1.31
