data_processed/recharge/precip/Precip_2004_04.asc
ncols        168
nrows        136
xllcorner    455000
yllcorner    2107000
cellsize     500
NODATA_value     -99999
[rows 70 to 104 of 136, columns 0 to 78 of 168]
0.00 0.00 0.00 0.00 0.00 0.00 0.00 0.00 0.00 0.00 0.00 0.00 0.00 0.00 0.00 0.00 0.00 0.00 0.00 0.00 0.00 0.00 0.00 0.00 0.00 0.00 0.00 0.00 0.00 0.00 0.00 0.00 0.00 0.00 0.00 0.00 0.00 0.00 0.00 0.00 0.00 0.00 0.00 0.00 0.00 0.70 2.20 3.63 5.00 6.31 7.54 8.70 9.79 10.80 11.72 12.56 13.32 14.01 14.61 15.15 15.62 16.01 16.35 16.62 16.83 16.99 17.09 17.14 17.14 17.09 17.00 16.87 16.70 16.49 16.25 15.98 15.70 15.50 15.43
0.00 0.00 0.00 0.00 0.00 0.00 0.00 0.00 0.00 0.00 0.00 0.00 0.00 0.00 0.00 0.00 0.00 0.00 0.00 0.00 0.00 0.00 0.00 0.00 0.00 0.00 0.00 0.00 0.00 0.00 0.00 0.00 0.00 0.00 0.00 0.00 0.00 0.00 0.00 0.00 0.00 0.00 0.00 0.00 0.00 1.05 2.53 3.94 5.29 6.57 7.79 8.94 10.02 11.02 11.94 12.79 13.55 14.24 14.85 15.38 15.85 16.25 16.59 16.87 17.08 17.24 17.35 17.40 17.40 17.36 17.27 17.14 16.98 16.77 16.53 16.27 15.99 15.79 15.72
0.00 0.00 0.00 0.00 0.00 0.00 0.00 0.00 0.00 0.00 0.00 0.00 0.00 0.00 0.00 0.00 0.00 0.00 0.00 0.00 0.00 0.00 0.00 0.00 0.00 0.00 0.00 0.00 0.00 0.00 0.00 0.00 0.00 0.00 0.00 0.00 0.00 0.00 0.00 0.00 0.00 0.00 0.00 0.00 0.00 1.43 2.88 4.27 5.60 6.87 8.07 9.20 10.27 11.26 12.19 13.03 13.80 14.48 15.10 15.64 16.11 16.51 16.85 17.13 17.35 17.51 17.62 17.67 17.68 17.64 17.56 17.43 17.27 17.07 16.84 16.57 16.30 16.10 16.03
0.00 0.00 0.00 0.00 0.00 0.00 0.00 0.00 0.00 0.00 0.00 0.00 0.00 0.00 0.00 0.00 0.00 0.00 0.00 0.00 0.00 0.00 0.00 0.00 0.00 0.00 0.00 0.00 0.00 0.00 0.00 0.00 0.00 0.00 0.00 0.00 0.00 0.00 0.00 0.00 0.00 0.00 0.00 0.00 0.34 1.82 3.25 4.63 5.94 7.19 8.37 9.49 10.55 11.53 12.45 13.29 14.06 14.75 15.36 15.91 16.38 16.79 17.13 17.41 17.63 17.80 17.91 17.97 17.98 17.94 17.86 17.74 17.58 17.39 17.16 16.89 16.62 16.43 16.36
0.00 0.00 0.00 0.00 0.00 0.00 0.00 0.00 0.00 0.00 0.00 0.00 0.00 0.00 0.00 0.00 0.00 0.00 0.00 0.00 0.00 0.00 0.00 0.00 0.00 0.00 0.00 0.00 0.00 0.00 0.00 0.00 0.00 0.00 0.00 0.00 0.00 0.00 0.00 0.00 0.00 0.00 0.00 0.00 0.78 2.24 3.65 5.00 6.29 7.52 8.70 9.80 10.85 11.82 12.73 13.57 14.34 15.03 15.65 16.20 16.67 17.08 17.43 17.71 17.94 18.11 18.22 18.28 18.30 18.26 18.19 18.07 17.91 17.72 17.49 17.24 16.97 16.78 16.71
0.00 0.00 0.00 0.00 0.00 0.00 0.00 0.00 0.00 0.00 0.00 0.00 0.00 0.00 0.00 0.00 0.00 0.00 0.00 0.00 0.00 0.00 0.00 0.00 0.00 0.00 0.00 0.00 0.00 0.00 0.00 0.00 0.00 0.00 0.00 0.00 0.00 0.00 0.00 0.00 0.00 0.00 0.00 0.00 1.23 2.67 4.06 5.39 6.66 7.88 9.04 10.13 11.17 12.14 13.04 13.87 14.64 15.33 15.95 16.50 16.98 17.39 17.74 18.03 18.26 18.43 18.55 18.61 18.63 18.60 18.53 18.41 18.26 18.07 17.85 17.60 17.33 17.15 17.08
0.00 0.00 0.00 0.00 0.00 0.00 0.00 0.00 0.00 0.00 0.00 0.00 0.00 0.00 0.00 0.00 0.00 0.00 0.00 0.00 0.00 0.00 0.00 0.00 0.00 0.00 0.00 0.00 0.00 0.00 0.00 0.00 0.00 0.00 0.00 0.00 0.00 0.00 0.00 0.00 0.00 0.00 0.00 0.23 1.70 3.11 4.48 5.79 7.05 8.25 9.39 10.48 11.50 12.46 13.36 14.19 14.95 15.65 16.27 16.82 17.31 17.72 18.07 18.36 18.59 18.77 18.89 18.96 18.98 18.95 18.89 18.78 18.63 18.44 18.22 17.97 17.71 17.53 17.47
0.00 0.00 0.00 0.00 0.00 0.00 0.00 0.00 0.00 0.00 0.00 0.00 0.00 0.00 0.00 0.00 0.00 0.00 0.00 0.00 0.00 0.00 0.00 0.00 0.00 0.00 0.00 0.00 0.00 0.00 0.00 0.00 0.00 0.00 0.00 0.00 0.00 0.00 0.00 0.00 0.00 0.00 0.00 0.73 2.17 3.57 4.91 6.20 7.44 8.63 9.76 10.84 11.85 12.80 13.70 14.52 15.28 15.98 16.61 17.16 17.65 18.07 18.42 18.71 18.95 19.13 19.25 19.32 19.35 19.33 19.26 19.15 19.01 18.83 18.61 18.37 18.11 17.94 17.87
0.00 0.00 0.00 0.00 0.00 0.00 0.00 0.00 0.00 0.00 0.00 0.00 0.00 0.00 0.00 0.00 0.00 0.00 0.00 0.00 0.00 0.00 0.00 0.00 0.00 0.00 0.00 0.00 0.00 0.00 0.00 0.00 0.00 0.00 0.00 0.00 0.00 0.00 0.00 0.00 0.00 0.00 0.00 1.24 2.65 4.02 5.35 6.62 7.85 9.02 10.14 11.20 12.21 13.15 14.04 14.87 15.63 16.32 16.95 17.51 18.00 18.43 18.78 19.08 19.32 19.50 19.63 19.70 19.73 19.71 19.65 19.55 19.41 19.23 19.02 18.78 18.53 18.36 18.30
0.00 0.00 0.00 0.00 0.00 0.00 0.00 0.00 0.00 0.00 0.00 0.00 0.00 0.00 0.00 0.00 0.00 0.00 0.00 0.00 0.00 0.00 0.00 0.00 0.00 0.00 0.00 0.00 0.00 0.00 0.00 0.00 0.00 0.00 0.00 0.00 0.00 0.00 0.00 0.00 0.00 0.00 0.31 1.74 3.13 4.48 5.79 7.05 8.25 9.41 10.52 11.57 12.57 13.51 14.40 15.22 15.98 16.68 17.31 17.88 18.37 18.80 19.16 19.46 19.71 19.89 20.02 20.10 20.13 20.12 20.06 19.96 19.83 19.65 19.45 19.21 18.96 18.79 18.73
0.00 0.00 0.00 0.00 0.00 0.00 0.00 0.00 0.00 0.00 0.00 0.00 0.00 0.00 0.00 0.00 0.00 0.00 0.00 0.00 0.00 0.00 0.00 0.00 0.00 0.00 0.00 0.00 0.00 0.00 0.00 0.00 0.00 0.00 0.00 0.00 0.00 0.00 0.00 0.00 0.00 0.00 0.83 2.25 3.62 4.94 6.23 7.47 8.66 9.81 10.90 11.95 12.94 13.87 14.75 15.57 16.34 17.04 17.67 18.25 18.75 19.19 19.56 19.86 20.11 20.30 20.43 20.52 20.55 20.54 20.49 20.39 20.26 20.09 19.89 19.66 19.42 19.25 19.19
0.00 0.00 0.00 0.00 0.00 0.00 0.00 0.00 0.00 0.00 0.00 0.00 0.00 0.00 0.00 0.00 0.00 0.00 0.00 0.00 0.00 0.00 0.00 0.00 0.00 0.00 0.00 0.00 0.00 0.00 0.00 0.00 0.00 0.00 0.00 0.00 0.00 0.00 0.00 0.00 0.00 0.00 1.36 2.74 4.09 5.40 6.67 7.89 9.07 10.20 11.29 12.32 13.31 14.24 15.11 15.93 16.69 17.40 18.04 18.62 19.13 19.58 19.96 20.28 20.52 20.72 20.86 20.94 20.98 20.98 20.93 20.84 20.71 20.55 20.35 20.12 19.88 19.72 19.66
0.00 0.00 0.00 0.00 0.00 0.00 0.00 0.00 0.00 0.00 0.00 0.00 0.00 0.00 0.00 0.00 0.00 0.00 0.00 0.00 0.00 0.00 0.00 0.00 0.00 0.00 0.00 0.00 0.00 0.00 0.00 0.00 0.00 0.00 0.00 0.00 0.00 0.00 0.00 0.00 0.00 0.48 1.87 3.24 4.56 5.85 7.10 8.31 9.47 10.59 11.67 12.69 13.67 14.60 15.47 16.29 17.05 17.76 18.41 18.99 19.52 19.98 20.37 20.70 20.96 21.15 21.30 21.39 21.43 21.43 21.38 21.30 21.17 21.01 20.82 20.60 20.36 20.20 20.15
0.00 0.00 0.00 0.00 0.00 0.00 0.00 0.00 0.00 0.00 0.00 0.00 0.00 0.00 0.00 0.00 0.00 0.00 0.00 0.00 0.00 0.00 0.00 0.00 0.00 0.00 0.00 0.00 0.00 0.00 0.00 0.00 0.00 0.00 0.00 0.00 0.00 0.00 0.00 0.00 0.00 1.00 2.38 3.72 5.02 6.29 7.52 8.71 9.86 10.97 12.04 13.06 14.03 14.95 15.82 16.64 17.41 18.12 18.77 19.37 19.90 20.37 20.78 21.12 21.40 21.60 21.75 21.85 21.89 21.90 21.86 21.77 21.65 21.50 21.31 21.09 20.86 20.71 20.65
0.00 0.00 0.00 0.00 0.00 0.00 0.00 0.00 0.00 0.00 0.00 0.00 0.00 0.00 0.00 0.00 0.00 0.00 0.00 0.00 0.00 0.00 0.00 0.00 0.00 0.00 0.00 0.00 0.00 0.00 0.00 0.00 0.00 0.00 0.00 0.00 0.00 0.00 0.00 0.00 0.14 1.52 2.86 4.18 5.46 6.71 7.93 9.11 10.24 11.34 12.40 13.41 14.38 15.30 16.17 16.99 17.75 18.47 19.13 19.73 20.28 20.76 21.18 21.54 21.83 22.06 22.22 22.32 22.37 22.38 22.34 22.26 22.15 22.00 21.82 21.60 21.38 21.22 21.17
0.00 0.00 0.00 0.00 0.00 0.00 0.00 0.00 0.00 0.00 0.00 0.00 0.00 0.00 0.00 0.00 0.00 0.00 0.00 0.00 0.00 0.00 0.00 0.00 0.00 0.00 0.00 0.00 0.00 0.00 0.00 0.00 0.00 0.00 0.00 0.00 0.00 0.00 0.00 0.00 0.66 2.01 3.33 4.63 5.89 7.12 8.32 9.49 10.61 11.70 12.75 13.75 14.71 15.63 16.50 17.32 18.09 18.81 19.48 20.09 20.64 21.14 21.58 21.95 22.26 22.51 22.69 22.81 22.86 22.87 22.84 22.77 22.66 22.51 22.33 22.13 21.90 21.76 21.71
0.00 0.00 0.00 0.00 0.00 0.00 0.00 0.00 0.00 0.00 0.00 0.00 0.00 0.00 0.00 0.00 0.00 0.00 0.00 0.00 0.00 0.00 0.00 0.00 0.00 0.00 0.00 0.00 0.00 0.00 0.00 0.00 0.00 0.00 0.00 0.00 0.00 0.00 0.00 0.00 1.16 2.48 3.78 5.06 6.30 7.51 8.70 9.85 10.96 12.04 13.08 14.08 15.03 15.95 16.82 17.64 18.42 19.14 19.81 20.44 21.00 21.51 21.96 22.36 22.69 22.96 23.16 23.30 23.37 23.39 23.36 23.29 23.18 23.04 22.87 22.66 22.45 22.30 22.26
0.00 0.00 0.00 0.00 0.00 0.00 0.00 0.00 0.00 0.00 0.00 0.00 0.00 0.00 0.00 0.00 0.00 0.00 0.00 0.00 0.00 0.00 0.00 0.00 0.00 0.00 0.00 0.00 0.00 0.00 0.00 0.00 0.00 0.00 0.00 0.00 0.00 0.00 0.00 0.31 1.63 2.93 4.21 5.46 6.69 7.88 9.05 10.19 11.29 12.36 13.39 14.38 15.34 16.25 17.12 17.94 18.72 19.45 20.14 20.77 21.35 21.87 22.34 22.75 23.10 23.39 23.62 23.78 23.88 23.91 23.89 23.82 23.72 23.58 23.42 23.22 23.00 22.86 22.82
0.00 0.00 0.00 0.00 0.00 0.00 0.00 0.00 0.00 0.00 0.00 0.00 0.00 0.00 0.00 0.00 0.00 0.00 0.00 0.00 0.00 0.00 0.00 0.00 0.00 0.00 0.00 0.00 0.00 0.00 0.00 0.00 0.00 0.00 0.00 0.00 0.00 0.00 0.00 0.78 2.08 3.35 4.61 5.84 7.04 8.22 9.38 10.50 11.59 12.65 13.68 14.66 15.62 16.53 17.40 18.23 19.01 19.75 20.44 21.08 21.67 22.21 22.69 23.12 23.49 23.81 24.06 24.25 24.37 24.43 24.43 24.37 24.27 24.14 23.98 23.78 23.58 23.44 23.40
0.00 0.00 0.00 0.00 0.00 0.00 0.00 0.00 0.00 0.00 0.00 0.00 0.00 0.00 0.00 0.00 0.00 0.00 0.00 0.00 0.00 0.00 0.00 0.00 0.00 0.00 0.00 0.00 0.00 0.00 0.00 0.00 0.00 0.00 0.00 0.00 0.00 0.00 0.00 1.22 2.49 3.74 4.97 6.19 7.37 8.54 9.68 10.79 11.87 12.92 13.94 14.92 15.87 16.78 17.65 18.48 19.27 20.02 20.72 21.37 21.98 22.53 23.03 23.48 23.87 24.20 24.48 24.70 24.85 24.94 24.97 24.93 24.84 24.71 24.55 24.36 24.16 24.03 23.99
0.00 0.00 0.00 0.00 0.00 0.00 0.00 0.00 0.00 0.00 0.00 0.00 0.00 0.00 0.00 0.00 0.00 0.00 0.00 0.00 0.00 0.00 0.00 0.00 0.00 0.00 0.00 0.00 0.00 0.00 0.00 0.00 0.00 0.00 0.00 0.00 0.00 0.00 0.37 1.63 2.87 4.10 5.31 6.50 7.67 8.82 9.94 11.04 12.11 13.16 14.17 15.15 16.10 17.01 17.88 18.72 19.51 20.27 20.98 21.64 22.26 22.83 23.34 23.81 24.22 24.58 24.88 25.13 25.31 25.43 25.49 25.48 25.41 25.29 25.14 24.96 24.76 24.63 24.60
0.00 0.00 0.00 0.00 0.00 0.00 0.00 0.00 0.00 0.00 0.00 0.00 0.00 0.00 0.00 0.00 0.00 0.00 0.00 0.00 0.00 0.00 0.00 0.00 0.00 0.00 0.00 0.00 0.00 0.00 0.00 0.00 0.00 0.00 0.00 0.00 0.00 0.00 0.76 1.99 3.21 4.42 5.60 6.78 7.93 9.07 10.18 11.26 12.33 13.36 14.37 15.35 16.29 17.20 18.08 18.92 19.72 20.48 21.20 21.88 22.51 23.10 23.63 24.12 24.55 24.94 25.26 25.54 25.75 25.90 25.99 26.02 25.99 25.89 25.74 25.56 25.37 25.24 25.21
0.00 0.00 0.00 0.00 0.00 0.00 0.00 0.00 0.00 0.00 0.00 0.00 0.00 0.00 0.00 0.00 0.00 0.00 0.00 0.00 0.00 0.00 0.00 0.00 0.00 0.00 0.00 0.00 0.00 0.00 0.00 0.00 0.00 0.00 0.00 0.00 0.00 0.00 1.11 2.31 3.51 4.69 5.86 7.02 8.15 9.27 10.37 11.45 12.50 13.53 14.53 15.51 16.45 17.37 18.25 19.09 19.90 20.67 21.40 22.09 22.74 23.34 23.89 24.40 24.86 25.26 25.62 25.92 26.16 26.35 26.47 26.54 26.54 26.48 26.35 26.18 25.99 25.87 25.82
0.00 0.00 0.00 0.00 0.00 0.00 0.00 0.00 0.00 0.00 0.00 0.00 0.00 0.00 0.00 0.00 0.00 0.00 0.00 0.00 0.00 0.00 0.00 0.00 0.00 0.00 0.00 0.00 0.00 0.00 0.00 0.00 0.00 0.00 0.00 0.00 0.00 0.23 1.41 2.59 3.76 4.93 6.08 7.21 8.33 9.44 10.53 11.59 12.64 13.66 14.66 15.63 16.58 17.49 18.37 19.22 20.04 20.82 21.56 22.26 22.93 23.54 24.12 24.65 25.13 25.56 25.94 26.27 26.54 26.76 26.92 27.02 27.06 27.04 26.96 26.81 26.63 26.49 26.38
0.00 0.00 0.00 0.00 0.00 0.00 0.00 0.00 0.00 0.00 0.00 0.00 0.00 0.00 0.00 0.00 0.00 0.00 0.00 0.00 0.00 0.00 0.00 0.00 0.00 0.00 0.00 0.00 0.00 0.00 0.00 0.00 0.00 0.00 0.00 0.00 0.00 0.53 1.69 2.84 3.99 5.13 6.26 7.38 8.49 9.58 10.65 11.71 12.75 13.77 14.76 15.73 16.68 17.59 18.48 19.34 20.16 20.95 21.70 22.42 23.10 23.73 24.33 24.88 25.38 25.84 26.25 26.60 26.91 27.16 27.35 27.49 27.57 27.59 27.55 27.44 27.26 27.07 26.88
0.00 0.00 0.00 0.00 0.00 0.00 0.00 0.00 0.00 0.00 0.00 0.00 0.00 0.00 0.00 0.00 0.00 0.00 0.00 0.00 0.00 0.00 0.00 0.00 0.00 0.00 0.00 0.00 0.00 0.00 0.00 0.00 0.00 0.00 0.00 0.00 0.00 0.91 2.04 3.17 4.30 5.42 6.53 7.63 8.72 9.80 10.86 11.91 12.94 13.95 14.94 15.91 16.85 17.77 18.66 19.52 20.35 21.15 21.92 22.64 23.34 23.99 24.60 25.17 25.70 26.18 26.62 27.00 27.34 27.62 27.85 28.03 28.15 28.21 28.21 28.12 27.92 27.67 27.42
0.00 0.00 0.00 0.00 0.00 0.00 0.00 0.00 0.00 0.00 0.00 0.00 0.00 0.00 0.00 0.00 0.00 0.00 0.00 0.00 0.00 0.00 0.00 0.00 0.00 0.00 0.00 0.00 0.00 0.00 0.00 0.00 0.00 0.00 0.00 0.00 0.32 1.43 2.53 3.63 4.73 5.83 6.92 8.00 9.07 10.14 11.19 12.22 13.24 14.25 15.23 16.20 17.14 18.06 18.95 19.82 20.66 21.46 22.24 22.98 23.69 24.36 24.99 25.58 26.13 26.63 27.09 27.51 27.87 28.19 28.45 28.66 28.82 28.92 28.94 28.84 28.62 28.33 28.02
0.00 0.00 0.00 0.00 0.00 0.00 0.00 0.00 0.00 0.00 0.00 0.00 0.00 0.00 0.00 0.00 0.00 0.00 0.00 0.00 0.00 0.00 0.00 0.00 0.00 0.00 0.00 0.00 0.00 0.00 0.00 0.00 0.00 0.00 0.00 0.00 0.99 2.06 3.13 4.21 5.28 6.36 7.42 8.49 9.54 10.59 11.63 12.65 13.66 14.66 15.64 16.60 17.54 18.46 19.35 20.22 21.06 21.88 22.66 23.42 24.14 24.82 25.47 26.08 26.65 27.18 27.66 28.10 28.50 28.85 29.14 29.39 29.58 29.70 29.71 29.58 29.33 29.02 28.68
0.00 0.00 0.00 0.00 0.00 0.00 0.00 0.00 0.00 0.00 0.00 0.00 0.00 0.00 0.00 0.00 0.00 0.00 0.00 0.00 0.00 0.00 0.00 0.00 0.00 0.00 0.00 0.00 0.00 0.00 0.00 0.00 0.00 0.00 0.00 0.73 1.76 2.80 3.85 4.89 5.94 6.99 8.03 9.08 10.11 11.14 12.16 13.18 14.18 15.16 16.14 17.09 18.03 18.95 19.84 20.71 21.56 22.38 23.18 23.94 24.67 25.37 26.04 26.66 27.25 27.80 28.31 28.78 29.20 29.58 29.91 30.19 30.40 30.51 30.49 30.34 30.07 29.73 29.37
0.00 0.00 0.00 0.00 0.00 0.00 0.00 0.00 0.00 0.00 0.00 0.00 0.00 0.00 0.00 0.00 0.00 0.00 0.00 0.00 0.00 0.00 0.00 0.00 0.00 0.00 0.00 0.00 0.00 0.00 0.00 0.00 0.00 0.00 0.65 1.64 2.64 3.64 4.65 5.67 6.69 7.71 8.74 9.76 10.77 11.79 12.79 13.79 14.78 15.76 16.72 17.67 18.60 19.52 20.41 21.29 22.14 22.96 23.77 24.54 25.28 26.00 26.67 27.32 27.93 28.50 29.03 29.53 29.98 30.38 30.74 31.04 31.24 31.33 31.29 31.12 30.82 30.46 30.07
0.00 0.00 0.00 0.00 0.00 0.00 0.00 0.00 0.00 0.00 0.00 0.00 0.00 0.00 0.00 0.00 0.00 0.00 0.00 0.00 0.00 0.00 0.00 0.00 0.00 0.00 0.00 0.00 0.00 0.00 0.00 0.00 0.00 0.75 1.68 2.63 3.59 4.57 5.55 6.53 7.52 8.52 9.52 10.52 11.51 12.51 13.50 14.48 15.46 16.42 17.38 18.32 19.25 20.16 21.05 21.93 22.78 23.61 24.42 25.20 25.96 26.68 27.38 28.04 28.67 29.26 29.81 30.33 30.80 31.24 31.61 31.90 32.09 32.16 32.10 31.91 31.58 31.20 30.79
0.00 0.00 0.00 0.00 0.00 0.00 0.00 0.00 0.00 0.00 0.00 0.00 0.00 0.00 0.00 0.00 0.00 0.00 0.00 0.00 0.00 0.00 0.00 0.00 0.00 0.00 0.00 0.00 0.00 0.00 0.00 0.16 1.02 1.90 2.79 3.70 4.63 5.56 6.51 7.46 8.43 9.40 10.37 11.34 12.32 13.29 14.27 15.23 16.19 17.15 18.09 19.03 19.95 20.86 21.75 22.63 23.48 24.32 25.13 25.92 26.68 27.42 28.13 28.81 29.45 30.06 30.64 31.18 31.68 32.13 32.50 32.77 32.94 32.99 32.92 32.70 32.35 31.95 31.51
0.00 0.00 0.00 0.00 0.00 0.00 0.00 0.00 0.00 0.00 0.00 0.00 0.00 0.00 0.00 0.00 0.00 0.00 0.00 0.00 0.00 0.00 0.00 0.00 0.00 0.00 0.00 0.00 0.00 0.00 0.67 1.47 2.28 3.11 3.97 4.84 5.72 6.62 7.53 8.46 9.39 10.33 11.28 12.23 13.18 14.13 15.09 16.04 16.99 17.93 18.86 19.79 20.70 21.61 22.49 23.37 24.23 25.06 25.88 26.68 27.45 28.20 28.92 29.61 30.27 30.90 31.50 32.06 32.57 33.02 33.38 33.64 33.79 33.83 33.73 33.50 33.13 32.70 32.25
0.00 0.00 0.00 0.00 0.00 0.00 0.00 0.00 0.00 0.00 0.00 0.00 0.00 0.00 0.00 0.00 0.00 0.00 0.00 0.00 0.00 0.00 0.00 0.00 0.00 0.00 0.00 0.00 0.68 1.37 2.08 2.83 3.59 4.38 5.19 6.02 6.87 7.73 8.61 9.50 10.40 11.31 12.23 13.15 14.08 15.02 15.95 16.88 17.82 18.74 19.67 20.58 21.49 22.39 23.27 24.14 25.00 25.84 26.66 27.47 28.25 29.00 29.73 30.44 31.12 31.76 32.38 32.95 33.47 33.90 34.25 34.50 34.64 34.66 34.55 34.30 33.91 33.46 32.98
0.00 0.00 0.00 0.00 0.00 0.00 0.00 0.00 0.00 0.00 0.00 0.00 0.00 0.00 0.00 0.00 0.00 0.00 0.00 0.00 0.00 0.00 0.00 0.00 0.00 0.00 0.55 1.44 2.20 2.87 3.54 4.23 4.95 5.69 6.46 7.25 8.05 8.88 9.72 10.58 11.45 12.33 13.22 14.12 15.02 15.93 16.84 17.76 18.68 19.59 20.50 21.40 22.30 23.19 24.07 24.94 25.80 26.64 27.46 28.27 29.06 29.82 30.57 31.28 31.98 32.64 33.27 33.84 34.35 34.78 35.11 35.35 35.48 35.49 35.36 35.09 34.68 34.21 33.72
