data_processed/recharge/precip/Precip_2012_11.asc
ncols        168
nrows        136
xllcorner    455000
yllcorner    2107000
cellsize     500
NODATA_value     -99999
[rows 72 to 107 of 136, columns 0 to 81 of 168]
53.76 47.98 42.18 36.40 30.67 25.05 19.73 14.94 10.70 6.99 3.81 1.13 0.00 0.00 0.00 0.00 0.00 0.00 0.00 0.00 0.40 3.37 6.88 10.90 15.20 19.01 22.09 24.45 26.11 27.09 27.41 27.10 26.38 25.58 24.76 23.93 23.07 22.20 21.29 20.36 19.38 18.38 17.33 16.35 15.52 14.83 14.25 13.74 13.28 12.83 12.37 11.89 11.37 10.82 10.26 9.67 9.07 8.46 7.85 7.23 6.61 5.99 5.38 4.77 4.18 3.60 3.05 2.51 2.00 1.52 1.06 0.61 0.19 0.00 0.00 0.00 0.00 0.00 0.00 0.00 0.00 0.00
51.95 46.32 40.67 35.04 29.49 24.21 19.43 15.16 11.39 8.11 5.30 2.96 1.06 0.00 0.00 0.00 0.00 0.00 0.00 0.03 2.07 4.70 7.86 11.51 15.43 18.87 21.56 23.53 24.79 25.37 25.30 24.81 24.23 23.64 23.04 22.42 21.79 21.13 20.44 19.73 18.98 18.19 17.36 16.50 15.68 14.98 14.39 13.88 13.41 12.96 12.49 11.99 11.46 10.91 10.33 9.74 9.13 8.51 7.88 7.24 6.61 5.98 5.35 4.73 4.13 3.54 2.97 2.42 1.90 1.41 0.94 0.50 0.08 0.00 0.00 0.00 0.00 0.00 0.00 0.00 0.00 0.00
49.99 44.53 39.06 33.63 28.44 23.72 19.47 15.69 12.37 9.49 7.03 5.00 3.36 2.12 1.25 0.74 0.59 0.77 1.30 2.33 3.97 6.18 8.92 12.14 15.63 18.62 20.86 22.38 23.19 23.32 23.01 22.62 22.22 21.82 21.40 20.97 20.53 20.06 19.57 19.04 18.49 17.89 17.26 16.58 15.86 15.17 14.57 14.05 13.57 13.11 12.64 12.13 11.59 11.03 10.44 9.83 9.21 8.58 7.94 7.29 6.64 6.00 5.36 4.73 4.11 3.51 2.93 2.37 1.84 1.33 0.87 0.43 0.01 0.00 0.00 0.00 0.00 0.00 0.00 0.00 0.00 0.00
47.90 42.64 37.38 32.34 27.72 23.55 19.82 16.50 13.60 11.09 8.97 7.21 5.81 4.75 4.03 3.61 3.51 3.69 4.15 4.89 6.09 7.83 10.08 12.81 15.79 18.27 20.00 21.00 21.30 21.14 20.90 20.66 20.42 20.18 19.92 19.65 19.36 19.05 18.72 18.36 17.96 17.53 17.06 16.55 15.99 15.38 14.79 14.26 13.77 13.30 12.82 12.30 11.75 11.18 10.58 9.96 9.33 8.69 8.03 7.37 6.72 6.06 5.41 4.77 4.14 3.53 2.94 2.37 1.82 1.31 0.83 0.39 0.00 0.00 0.00 0.00 0.00 0.00 0.00 0.00 0.00 0.00
45.68 40.66 35.81 31.36 27.32 23.68 20.43 17.56 15.05 12.88 11.06 9.56 8.36 7.46 6.85 6.51 6.42 6.58 6.96 7.57 8.40 9.62 11.33 13.50 15.91 17.82 18.97 19.40 19.36 19.24 19.12 19.01 18.90 18.78 18.65 18.51 18.35 18.17 17.97 17.74 17.48 17.18 16.84 16.46 16.04 15.56 15.04 14.51 14.01 13.54 13.04 12.51 11.96 11.37 10.76 10.13 9.49 8.83 8.17 7.50 6.83 6.17 5.51 4.86 4.22 3.60 3.00 2.42 1.87 1.35 0.86 0.41 0.01 0.00 0.00 0.00 0.00 0.00 0.00 0.00 0.00 0.00
43.37 38.77 34.53 30.68 27.19 24.06 21.26 18.80 16.66 14.82 13.26 11.99 10.98 10.21 9.69 9.38 9.29 9.39 9.68 10.14 10.76 11.55 12.66 14.21 15.99 17.26 17.79 17.83 17.79 17.76 17.74 17.72 17.70 17.68 17.65 17.60 17.54 17.47 17.37 17.24 17.08 16.89 16.65 16.38 16.06 15.69 15.27 14.79 14.30 13.81 13.30 12.77 12.20 11.60 10.98 10.34 9.69 9.03 8.36 7.68 7.00 6.33 5.66 5.00 4.35 3.73 3.12 2.53 1.97 1.45 0.95 0.50 0.08 0.00 0.00 0.00 0.00 0.00 0.00 0.00 0.00 0.00
41.13 37.16 33.54 30.26 27.29 24.64 22.28 20.21 18.40 16.85 15.54 14.47 13.61 12.95 12.49 12.20 12.07 12.10 12.26 12.55 12.95 13.45 14.06 14.93 16.02 16.60 16.69 16.70 16.72 16.76 16.80 16.85 16.90 16.94 16.98 17.00 17.01 17.01 16.98 16.92 16.84 16.72 16.56 16.36 16.12 15.83 15.48 15.08 14.62 14.13 13.61 13.06 12.48 11.88 11.25 10.61 9.95 9.27 8.59 7.91 7.23 6.54 5.87 5.20 4.55 3.92 3.30 2.71 2.14 1.61 1.11 0.65 0.23 0.00 0.00 0.00 0.00 0.00 0.00 0.00 0.00 0.00
39.16 35.82 32.79 30.05 27.59 25.39 23.43 21.72 20.23 18.94 17.86 16.95 16.22 15.65 15.21 14.91 14.73 14.65 14.66 14.75 14.91 15.11 15.36 15.66 16.02 16.11 16.13 16.17 16.23 16.30 16.38 16.46 16.54 16.63 16.70 16.77 16.82 16.85 16.86 16.85 16.81 16.73 16.62 16.47 16.27 16.02 15.73 15.38 14.96 14.49 13.97 13.41 12.82 12.21 11.58 10.92 10.26 9.58 8.89 8.20 7.51 6.82 6.14 5.47 4.81 4.17 3.55 2.96 2.39 1.85 1.35 0.88 0.46 0.08 0.00 0.00 0.00 0.00 0.00 0.00 0.00 0.00
37.58 34.86 32.38 30.15 28.15 26.37 24.79 23.40 22.19 21.14 20.24 19.47 18.83 18.31 17.88 17.53 17.25 17.04 16.86 16.72 16.60 16.48 16.35 16.22 16.16 16.16 16.18 16.23 16.29 16.37 16.45 16.54 16.64 16.73 16.82 16.89 16.96 17.01 17.03 17.04 17.01 16.95 16.86 16.72 16.55 16.32 16.05 15.72 15.33 14.88 14.35 13.79 13.20 12.58 11.94 11.28 10.61 9.93 9.24 8.54 7.85 7.16 6.48 5.80 5.14 4.50 3.87 3.27 2.70 2.16 1.66 1.19 0.77 0.39 0.05 0.00 0.00 0.00 0.00 0.00 0.00 0.00
37.16 34.96 32.98 31.19 29.58 28.14 26.86 25.73 24.72 23.83 23.05 22.35 21.73 21.18 20.68 20.21 19.77 19.35 18.92 18.47 18.00 17.48 16.93 16.49 16.38 16.38 16.40 16.44 16.50 16.58 16.66 16.75 16.85 16.94 17.03 17.11 17.18 17.23 17.26 17.27 17.25 17.20 17.12 16.99 16.83 16.61 16.35 16.03 15.66 15.21 14.66 14.08 13.49 12.88 12.24 11.58 10.92 10.24 9.55 8.86 8.17 7.48 6.80 6.13 5.47 4.83 4.21 3.61 3.05 2.51 2.01 1.55 1.13 0.75 0.43 0.15 0.00 0.00 0.00 0.00 0.00 0.00
38.10 36.38 34.79 33.35 32.04 30.86 29.79 28.82 27.93 27.12 26.35 25.64 24.95 24.29 23.62 22.95 22.26 21.53 20.75 19.92 19.00 18.02 17.14 16.66 16.56 16.56 16.58 16.62 16.67 16.74 16.83 16.92 17.01 17.10 17.19 17.27 17.34 17.40 17.43 17.45 17.43 17.39 17.31 17.20 17.04 16.84 16.58 16.28 15.90 15.43 14.86 14.26 13.66 13.06 12.43 11.79 11.13 10.46 9.78 9.10 8.42 7.75 7.08 6.42 5.78 5.15 4.54 3.96 3.41 2.88 2.40 1.95 1.54 1.18 0.86 0.59 0.35 0.16 0.00 0.00 0.00 0.00
39.82 38.93 37.67 36.49 35.40 34.39 33.44 32.54 31.68 30.85 30.02 29.19 28.35 27.48 26.56 25.60 24.56 23.44 22.23 20.91 19.48 18.15 17.24 16.78 16.69 16.70 16.72 16.75 16.80 16.87 16.95 17.03 17.12 17.22 17.30 17.39 17.46 17.51 17.55 17.57 17.56 17.52 17.45 17.34 17.19 16.99 16.75 16.44 16.04 15.54 14.95 14.33 13.73 13.13 12.52 11.89 11.25 10.61 9.95 9.29 8.63 7.98 7.33 6.69 6.07 5.46 4.87 4.31 3.78 3.28 2.82 2.39 2.00 1.66 1.35 1.08 0.84 0.64 0.47 0.32 0.20 0.13
41.53 42.04 41.46 40.48 39.51 38.58 37.66 36.75 35.82 34.88 33.90 32.87 31.78 30.61 29.36 28.00 26.53 24.94 23.20 21.32 19.53 18.17 17.29 16.86 16.78 16.79 16.82 16.85 16.90 16.96 17.03 17.11 17.20 17.28 17.37 17.45 17.52 17.58 17.62 17.64 17.63 17.59 17.53 17.42 17.28 17.09 16.84 16.50 16.07 15.55 14.94 14.31 13.70 13.10 12.51 11.91 11.30 10.68 10.05 9.42 8.79 8.17 7.55 6.94 6.34 5.77 5.21 4.68 4.18 3.71 3.28 2.88 2.52 2.19 1.89 1.62 1.38 1.17 0.99 0.84 0.71 0.61
43.03 44.96 45.60 45.13 44.23 43.28 42.30 41.28 40.21 39.07 37.84 36.52 35.10 33.55 31.86 30.03 28.04 25.87 23.53 21.27 19.45 18.15 17.31 16.90 16.83 16.84 16.87 16.91 16.95 17.00 17.07 17.14 17.22 17.31 17.39 17.47 17.54 17.59 17.63 17.65 17.64 17.61 17.54 17.44 17.30 17.11 16.83 16.47 16.01 15.46 14.84 14.20 13.59 12.99 12.41 11.84 11.27 10.68 10.09 9.50 8.91 8.32 7.74 7.17 6.62 6.08 5.56 5.07 4.61 4.18 3.78 3.42 3.08 2.77 2.47 2.20 1.96 1.75 1.57 1.40 1.27 1.15
44.32 47.50 49.35 49.92 49.38 48.35 47.23 46.01 44.70 43.27 41.71 40.01 38.15 36.13 33.93 31.53 28.93 26.12 23.37 21.09 19.34 18.09 17.29 16.90 16.84 16.86 16.88 16.92 16.96 17.01 17.07 17.14 17.21 17.29 17.37 17.44 17.50 17.56 17.59 17.61 17.60 17.57 17.51 17.41 17.26 17.03 16.73 16.33 15.85 15.29 14.65 14.01 13.40 12.82 12.25 11.70 11.16 10.63 10.08 9.54 8.99 8.45 7.92 7.39 6.89 6.40 5.93 5.48 5.07 4.69 4.33 4.00 3.68 3.37 3.08 2.82 2.58 2.37 2.18 2.01 1.87 1.74
45.38 49.64 52.55 54.15 54.45 53.63 52.29 50.79 49.14 47.34 45.35 43.18 40.81 38.23 35.41 32.36 29.07 25.83 23.07 20.88 19.20 18.01 17.24 16.88 16.81 16.84 16.86 16.90 16.94 16.98 17.04 17.10 17.16 17.23 17.30 17.37 17.43 17.47 17.51 17.52 17.52 17.48 17.42 17.31 17.13 16.87 16.53 16.11 15.61 15.04 14.40 13.75 13.15 12.58 12.03 11.51 11.00 10.51 10.02 9.53 9.04 8.55 8.08 7.61 7.16 6.72 6.31 5.92 5.57 5.23 4.91 4.60 4.30 4.00 3.73 3.47 3.23 3.01 2.82 2.65 2.50 2.37
46.20 51.38 55.18 57.64 58.77 58.61 57.32 55.47 53.40 51.13 48.63 45.90 42.92 39.68 36.17 32.39 28.64 25.40 22.75 20.64 19.04 17.89 17.17 16.82 16.76 16.78 16.81 16.84 16.88 16.92 16.96 17.02 17.07 17.13 17.19 17.25 17.31 17.35 17.38 17.39 17.38 17.34 17.26 17.12 16.90 16.61 16.25 15.81 15.30 14.71 14.07 13.43 12.84 12.28 11.76 11.26 10.80 10.35 9.91 9.49 9.06 8.64 8.23 7.82 7.44 7.07 6.72 6.40 6.10 5.81 5.51 5.22 4.93 4.65 4.39 4.13 3.90 3.68 3.49 3.32 3.16 3.02
46.77 52.70 57.23 60.38 62.18 62.66 61.84 59.88 57.32 54.49 51.39 48.01 44.34 40.36 36.08 31.82 28.08 24.96 22.41 20.38 18.84 17.75 17.06 16.73 16.68 16.70 16.72 16.75 16.78 16.82 16.86 16.90 16.95 17.00 17.05 17.10 17.14 17.18 17.20 17.21 17.19 17.14 17.03 16.84 16.59 16.28 15.89 15.44 14.91 14.33 13.68 13.05 12.47 11.94 11.44 10.98 10.56 10.15 9.78 9.41 9.06 8.71 8.37 8.04 7.73 7.43 7.16 6.91 6.65 6.39 6.12 5.85 5.58 5.32 5.06 4.82 4.59 4.37 4.18 4.00 3.84 3.70
47.07 53.60 58.69 62.37 64.67 65.62 65.25 63.57 60.75 57.29 53.50 49.38 44.92 40.13 35.34 31.10 27.50 24.49 22.04 20.10 18.63 17.59 16.93 16.62 16.57 16.59 16.61 16.64 16.66 16.69 16.72 16.76 16.79 16.83 16.87 16.91 16.94 16.97 16.98 16.98 16.95 16.86 16.71 16.49 16.21 15.87 15.47 15.00 14.47 13.88 13.24 12.63 12.06 11.55 11.09 10.67 10.29 9.94 9.62 9.32 9.04 8.77 8.52 8.27 8.04 7.83 7.63 7.42 7.20 6.97 6.73 6.49 6.24 5.99 5.75 5.51 5.28 5.07 4.88 4.70 4.54 4.39
47.11 54.06 59.55 63.59 66.23 67.49 67.39 65.96 63.24 59.36 54.80 49.86 44.54 39.23 34.47 30.37 26.90 24.01 21.66 19.80 18.40 17.41 16.78 16.49 16.44 16.46 16.47 16.49 16.51 16.53 16.56 16.58 16.60 16.63 16.65 16.68 16.70 16.72 16.72 16.70 16.63 16.50 16.31 16.06 15.76 15.40 14.98 14.51 13.98 13.39 12.76 12.16 11.62 11.14 10.71 10.33 10.00 9.70 9.45 9.22 9.02 8.83 8.66 8.51 8.37 8.24 8.10 7.93 7.75 7.55 7.34 7.12 6.90 6.67 6.44 6.21 5.99 5.78 5.59 5.41 5.25 5.10
46.85 54.07 59.79 64.04 66.85 68.24 68.26 66.92 64.25 60.28 55.14 49.32 43.46 38.17 33.58 29.63 26.30 23.52 21.26 19.49 18.15 17.21 16.62 16.34 16.29 16.30 16.32 16.33 16.34 16.35 16.37 16.38 16.39 16.40 16.41 16.42 16.43 16.43 16.41 16.35 16.24 16.07 15.85 15.57 15.25 14.87 14.45 13.97 13.44 12.86 12.25 11.66 11.15 10.70 10.31 9.98 9.70 9.46 9.27 9.12 8.99 8.90 8.82 8.77 8.72 8.65 8.55 8.43 8.29 8.13 7.95 7.75 7.55 7.34 7.12 6.90 6.69 6.48 6.29 6.12 5.96 5.80
46.30 53.61 59.40 63.68 66.50 67.88 67.84 66.42 63.64 59.53 54.15 48.02 42.22 37.11 32.68 28.89 25.68 23.01 20.86 19.16 17.89 16.99 16.43 16.17 16.12 16.13 16.14 16.14 16.15 16.15 16.15 16.15 16.15 16.14 16.14 16.13 16.12 16.10 16.04 15.93 15.78 15.57 15.32 15.03 14.69 14.30 13.87 13.39 12.87 12.30 11.70 11.14 10.65 10.24 9.90 9.62 9.39 9.22 9.10 9.02 8.98 8.98 9.00 9.04 9.06 9.04 8.99 8.91 8.81 8.68 8.53 8.37 8.19 7.99 7.79 7.59 7.38 7.18 6.99 6.82 6.66 6.51
45.44 52.69 58.37 62.53 65.19 66.38 66.13 64.46 61.40 57.02 51.75 46.32 40.96 36.05 31.78 28.13 25.05 22.50 20.44 18.83 17.62 16.77 16.24 15.99 15.94 15.94 15.94 15.94 15.94 15.93 15.92 15.90 15.89 15.87 15.84 15.82 15.78 15.70 15.59 15.45 15.25 15.02 14.75 14.43 14.08 13.69 13.25 12.78 12.26 11.71 11.13 10.60 10.15 9.78 9.48 9.25 9.09 8.99 8.94 8.94 8.99 9.08 9.19 9.30 9.37 9.40 9.40 9.37 9.30 9.21 9.10 8.96 8.80 8.63 8.45 8.26 8.06 7.86 7.68 7.51 7.35 7.20
44.27 51.27 56.70 60.56 62.90 63.74 63.10 61.02 57.56 53.18 48.62 44.05 39.47 34.97 30.88 27.37 24.42 21.99 20.02 18.49 17.34 16.54 16.04 15.80 15.75 15.74 15.74 15.73 15.71 15.69 15.67 15.64 15.61 15.57 15.53 15.47 15.38 15.26 15.10 14.90 14.68 14.42 14.13 13.80 13.44 13.04 12.61 12.14 11.64 11.11 10.56 10.05 9.64 9.32 9.07 8.90 8.80 8.77 8.80 8.89 9.03 9.20 9.38 9.53 9.65 9.74 9.78 9.79 9.77 9.72 9.63 9.53 9.40 9.25 9.08 8.90 8.71 8.53 8.35 8.19 8.03 7.88
42.76 49.36 54.36 57.77 59.62 59.94 58.76 56.13 52.56 48.80 45.03 41.25 37.47 33.69 29.97 26.62 23.79 21.47 19.60 18.14 17.05 16.30 15.82 15.60 15.55 15.54 15.52 15.50 15.47 15.44 15.40 15.36 15.31 15.25 15.18 15.08 14.94 14.76 14.55 14.32 14.06 13.78 13.47 13.13 12.77 12.37 11.94 11.49 11.01 10.50 9.97 9.51 9.14 8.86 8.67 8.56 8.53 8.58 8.69 8.87 9.09 9.32 9.53 9.73 9.89 10.03 10.12 10.18 10.20 10.18 10.14 10.06 9.96 9.83 9.68 9.52 9.34 9.16 9.00 8.84 8.68 8.54
40.90 46.95 51.35 54.13 55.33 54.97 53.11 50.26 47.22 44.18 41.13 38.07 35.01 31.94 28.87 25.85 23.17 20.95 19.18 17.79 16.77 16.05 15.61 15.39 15.34 15.32 15.30 15.26 15.22 15.18 15.13 15.07 15.00 14.92 14.80 14.64 14.45 14.23 13.98 13.71 13.42 13.11 12.79 12.44 12.07 11.68 11.27 10.83 10.37 9.89 9.39 8.97 8.64 8.42 8.29 8.25 8.29 8.41 8.61 8.87 9.14 9.41 9.66 9.89 10.10 10.28 10.42 10.52 10.59 10.61 10.60 10.55 10.48 10.37 10.25 10.10 9.93 9.77 9.61 9.45 9.31 9.16
38.69 44.01 47.65 49.65 50.03 48.86 46.66 44.26 41.86 39.46 37.05 34.64 32.22 29.80 27.36 24.92 22.54 20.44 18.75 17.45 16.48 15.81 15.40 15.19 15.13 15.10 15.07 15.02 14.97 14.91 14.84 14.76 14.67 14.54 14.37 14.16 13.93 13.66 13.38 13.07 12.75 12.42 12.09 11.74 11.37 10.99 10.58 10.17 9.73 9.28 8.83 8.44 8.17 8.00 7.93 7.96 8.08 8.29 8.57 8.87 9.17 9.46 9.74 10.01 10.26 10.48 10.67 10.82 10.92 10.99 11.01 11.00 10.95 10.88 10.77 10.64 10.49 10.33 10.18 10.03 9.89 9.76
36.12 40.54 43.26 44.31 43.74 42.11 40.28 38.44 36.61 34.77 32.93 31.08 29.23 27.38 25.51 23.64 21.76 19.92 18.34 17.11 16.20 15.57 15.18 14.98 14.92 14.88 14.84 14.78 14.71 14.64 14.55 14.45 14.31 14.12 13.91 13.66 13.38 13.08 12.76 12.43 12.08 11.73 11.38 11.02 10.66 10.29 9.91 9.51 9.11 8.69 8.28 7.94 7.72 7.61 7.61 7.72 7.92 8.20 8.51 8.83 9.16 9.48 9.79 10.09 10.37 10.63 10.86 11.05 11.20 11.31 11.37 11.40 11.38 11.33 11.24 11.13 10.99 10.85 10.71 10.57 10.44 10.31
33.16 36.53 38.16 38.12 36.99 35.64 34.30 32.95 31.60 30.25 28.90 27.55 26.19 24.83 23.46 22.08 20.69 19.29 17.93 16.78 15.93 15.34 14.97 14.78 14.71 14.66 14.60 14.53 14.45 14.36 14.25 14.10 13.91 13.68 13.42 13.13 12.82 12.49 12.14 11.78 11.42 11.05 10.68 10.31 9.95 9.60 9.24 8.87 8.50 8.13 7.76 7.47 7.31 7.27 7.34 7.52 7.79 8.10 8.43 8.77 9.12 9.46 9.80 10.13 10.44 10.73 10.99 11.23 11.42 11.57 11.67 11.73 11.75 11.72 11.66 11.57 11.44 11.31 11.18 11.06 10.93 10.81
29.82 31.96 32.38 31.66 30.72 29.78 28.85 27.91 26.98 26.05 25.11 24.17 23.23 22.28 21.32 20.36 19.39 18.41 17.42 16.45 15.67 15.12 14.77 14.59 14.51 14.45 14.38 14.29 14.20 14.08 13.92 13.72 13.49 13.22 12.92 12.60 12.26 11.90 11.53 11.15 10.76 10.38 10.00 9.63 9.27 8.93 8.59 8.26 7.92 7.59 7.27 7.04 6.94 6.97 7.11 7.36 7.66 7.98 8.32 8.68 9.04 9.40 9.76 10.11 10.45 10.77 11.07 11.34 11.57 11.76 11.91 12.00 12.05 12.05 12.02 11.94 11.84 11.72 11.60 11.49 11.37 11.25
26.07 26.87 26.48 25.87 25.27 24.67 24.07 23.48 22.88 22.28 21.69 21.09 20.48 19.87 19.26 18.63 18.00 17.36 16.71 16.05 15.41 14.90 14.58 14.41 14.32 14.25 14.16 14.06 13.93 13.77 13.57 13.33 13.05 12.75 12.41 12.06 11.69 11.31 10.92 10.52 10.13 9.74 9.35 8.98 8.62 8.28 7.97 7.67 7.38 7.09 6.83 6.65 6.62 6.72 6.93 7.20 7.50 7.83 8.18 8.54 8.92 9.30 9.68 10.05 10.41 10.76 11.08 11.38 11.64 11.87 12.06 12.20 12.28 12.31 12.30 12.25 12.16 12.06 11.96 11.85 11.75 11.64
21.96 21.83 21.48 21.13 20.78 20.44 20.10 19.77 19.44 19.10 18.76 18.43 18.08 17.74 17.39 17.03 16.66 16.29 15.90 15.51 15.10 14.70 14.41 14.24 14.14 14.05 13.95 13.82 13.66 13.45 13.20 12.92 12.61 12.27 11.91 11.53 11.14 10.74 10.34 9.93 9.52 9.13 8.74 8.37 8.02 7.69 7.39 7.12 6.88 6.64 6.43 6.33 6.36 6.52 6.75 7.01 7.31 7.64 8.00 8.37 8.75 9.14 9.54 9.93 10.31 10.68 11.03 11.35 11.65 11.91 12.13 12.30 12.43 12.50 12.51 12.49 12.42 12.33 12.24 12.15 12.05 11.94
18.07 17.89 17.72 17.55 17.39 17.23 17.08 16.93 16.78 16.63 16.48 16.33 16.18 16.02 15.85 15.68 15.51 15.32 15.12 14.92 14.70 14.47 14.24 14.08 13.98 13.87 13.74 13.57 13.36 13.11 12.83 12.51 12.17 11.80 11.42 11.02 10.61 10.20 9.78 9.37 8.96 8.56 8.18 7.82 7.48 7.16 6.88 6.64 6.43 6.25 6.10 6.06 6.15 6.32 6.54 6.80 7.09 7.42 7.77 8.15 8.54 8.94 9.34 9.74 10.14 10.53 10.90 11.25 11.57 11.86 12.11 12.32 12.49 12.59 12.64 12.64 12.59 12.52 12.45 12.37 12.28 12.17
15.49 15.41 15.34 15.28 15.23 15.18 15.14 15.10 15.06 15.02 14.98 14.93 14.89 14.84 14.79 14.73 14.67 14.59 14.51 14.42 14.32 14.20 14.07 13.94 13.83 13.70 13.53 13.32 13.06 12.78 12.46 12.11 11.74 11.35 10.95 10.53 10.11 9.69 9.26 8.85 8.44 8.05 7.68 7.32 7.00 6.71 6.45 6.23 6.05 5.92 5.83 5.84 5.94 6.10 6.30 6.55 6.84 7.16 7.51 7.88 8.27 8.68 9.09 9.50 9.91 10.31 10.70 11.07 11.42 11.73 12.01 12.25 12.45 12.59 12.68 12.71 12.68 12.63 12.57 12.49 12.41 12.31
14.47 14.43 14.39 14.37 14.35 14.34 14.33 14.33 14.32 14.32 14.32 14.32 14.31 14.31 14.29 14.28 14.25 14.22 14.18 14.13 14.07 14.00 13.91 13.81 13.69 13.52 13.31 13.05 12.76 12.44 12.09 11.72 11.33 10.92 10.50 10.07 9.64 9.21 8.79 8.38 7.98 7.59 7.23 6.90 6.59 6.32 6.09 5.90 5.75 5.66 5.62 5.63 5.71 5.84 6.03 6.26 6.54 6.85 7.20 7.56 7.95 8.36 8.77 9.19 9.61 10.03 10.43 10.81 11.18 11.52 11.82 12.09 12.31 12.49 12.61 12.68 12.68 12.64 12.59 12.53 12.46 12.37
14.14 14.11 14.08 14.06 14.05 14.04 14.04 14.04 14.05 14.05 14.06 14.07 14.07 14.07 14.07 14.06 14.05 14.03 14.00 13.96 13.91 13.85 13.78 13.68 13.52 13.31 13.06 12.77 12.45 12.09 11.72 11.32 10.91 10.48 10.05 9.61 9.18 8.75 8.32 7.91 7.52 7.15 6.80 6.49 6.20 5.96 5.75 5.59 5.49 5.43 5.41 5.43 5.48 5.59 5.76 5.97 6.23 6.53 6.87 7.23 7.61 8.01 8.43 8.85 9.28 9.70 10.11 10.51 10.89 11.25 11.57 11.86 12.11 12.32 12.48 12.57 12.61 12.61 12.57 12.52 12.45 12.38
