data_processed/recharge/precip/Precip_1989_04.asc
ncols        168
nrows        136
xllcorner    455000
yllcorner    2107000
cellsize     500
NODATA_value     -99999
[rows 36 to 71 of 136, columns 0 to 80 of 168]
31.94 31.68 31.40 31.11 30.82 30.52 30.21 29.91 29.61 29.32 29.04 28.77 28.52 28.29 28.07 27.86 27.65 27.46 27.28 27.13 26.99 26.89 26.81 26.76 26.71 26.65 26.60 26.53 26.47 26.40 26.32 26.24 26.16 26.06 25.95 25.82 25.67 25.50 25.32 25.13 24.92 24.70 24.46 24.22 23.96 23.69 23.42 23.13 22.84 22.53 22.22 21.91 21.59 21.26 20.93 20.60 20.26 19.93 19.59 19.25 18.91 18.57 18.23 17.89 17.56 17.23 16.91 16.59 16.28 15.97 15.67 15.37 15.09 14.82 14.55 14.30 14.05 13.80 13.56 13.32 13.09
31.54 31.30 31.05 30.79 30.52 30.25 29.97 29.69 29.42 29.15 28.89 28.65 28.42 28.20 27.99 27.77 27.57 27.38 27.20 27.04 26.90 26.79 26.70 26.65 26.59 26.53 26.47 26.40 26.33 26.25 26.17 26.09 26.00 25.91 25.80 25.68 25.54 25.38 25.21 25.03 24.83 24.61 24.38 24.15 23.89 23.63 23.36 23.08 22.79 22.49 22.19 21.87 21.56 21.23 20.91 20.57 20.24 19.90 19.56 19.22 18.88 18.55 18.21 17.87 17.54 17.20 16.88 16.56 16.24 15.93 15.62 15.33 15.04 14.76 14.48 14.22 13.96 13.70 13.44 13.19 12.94
31.11 30.90 30.68 30.45 30.21 29.96 29.71 29.46 29.21 28.97 28.74 28.52 28.31 28.10 27.88 27.67 27.47 27.27 27.09 26.93 26.79 26.67 26.58 26.52 26.46 26.39 26.32 26.25 26.17 26.09 26.00 25.91 25.82 25.72 25.62 25.51 25.38 25.24 25.08 24.90 24.71 24.50 24.28 24.05 23.80 23.55 23.28 23.01 22.72 22.43 22.13 21.82 21.51 21.19 20.86 20.53 20.20 19.87 19.53 19.19 18.85 18.51 18.17 17.84 17.50 17.17 16.84 16.52 16.20 15.88 15.58 15.27 14.98 14.70 14.42 14.14 13.86 13.59 13.32 13.05 12.78
30.66 30.49 30.30 30.09 29.88 29.66 29.44 29.22 29.00 28.79 28.59 28.39 28.19 27.97 27.76 27.55 27.35 27.15 26.97 26.80 26.66 26.54 26.44 26.37 26.31 26.23 26.16 26.08 26.00 25.91 25.82 25.72 25.63 25.53 25.42 25.32 25.20 25.06 24.91 24.74 24.56 24.36 24.15 23.93 23.69 23.44 23.19 22.92 22.64 22.35 22.06 21.75 21.44 21.13 20.81 20.48 20.15 19.82 19.48 19.15 18.81 18.47 18.13 17.80 17.46 17.13 16.80 16.47 16.15 15.84 15.53 15.22 14.93 14.63 14.34 14.05 13.76 13.48 13.19 12.91 12.63
30.20 30.06 29.90 29.73 29.55 29.36 29.17 28.98 28.80 28.62 28.43 28.24 28.04 27.83 27.62 27.41 27.21 27.01 26.83 26.66 26.51 26.39 26.29 26.21 26.14 26.06 25.98 25.89 25.81 25.71 25.62 25.52 25.42 25.32 25.21 25.10 24.98 24.86 24.72 24.56 24.39 24.20 24.00 23.78 23.56 23.32 23.07 22.80 22.53 22.25 21.96 21.67 21.36 21.05 20.73 20.41 20.09 19.76 19.43 19.09 18.76 18.42 18.08 17.75 17.41 17.08 16.75 16.43 16.10 15.79 15.47 15.17 14.86 14.56 14.26 13.96 13.66 13.36 13.06 12.77 12.47
29.72 29.61 29.49 29.35 29.21 29.06 28.90 28.75 28.59 28.44 28.26 28.07 27.88 27.67 27.46 27.25 27.05 26.85 26.67 26.50 26.35 26.22 26.11 26.03 25.95 25.87 25.78 25.69 25.60 25.50 25.41 25.30 25.20 25.09 24.98 24.87 24.75 24.63 24.50 24.35 24.19 24.02 23.82 23.62 23.40 23.17 22.93 22.67 22.41 22.14 21.85 21.56 21.26 20.96 20.65 20.33 20.01 19.69 19.36 19.03 18.70 18.36 18.03 17.69 17.36 17.03 16.70 16.37 16.05 15.73 15.42 15.11 14.80 14.49 14.17 13.86 13.55 13.24 12.93 12.62 12.31
29.24 29.17 29.08 28.98 28.87 28.75 28.64 28.52 28.39 28.24 28.07 27.89 27.69 27.49 27.29 27.08 26.88 26.68 26.50 26.32 26.17 26.04 25.93 25.84 25.76 25.67 25.58 25.48 25.38 25.28 25.18 25.07 24.96 24.85 24.74 24.62 24.50 24.38 24.25 24.12 23.97 23.80 23.62 23.43 23.22 23.00 22.77 22.52 22.27 22.00 21.73 21.44 21.15 20.85 20.55 20.24 19.92 19.60 19.28 18.95 18.62 18.29 17.96 17.63 17.30 16.97 16.64 16.32 16.00 15.68 15.36 15.04 14.72 14.40 14.08 13.76 13.44 13.12 12.80 12.48 12.16
28.75 28.72 28.67 28.61 28.54 28.46 28.38 28.28 28.17 28.02 27.86 27.69 27.50 27.30 27.10 26.89 26.69 26.49 26.31 26.13 25.97 25.84 25.72 25.63 25.54 25.45 25.35 25.25 25.15 25.04 24.94 24.83 24.71 24.60 24.48 24.36 24.24 24.11 23.99 23.86 23.72 23.57 23.40 23.22 23.02 22.81 22.58 22.35 22.10 21.85 21.58 21.30 21.02 20.73 20.43 20.13 19.82 19.51 19.19 18.87 18.54 18.22 17.89 17.56 17.23 16.90 16.58 16.26 15.94 15.61 15.29 14.97 14.64 14.32 13.99 13.66 13.33 13.00 12.67 12.34 12.00
28.26 28.27 28.26 28.24 28.21 28.17 28.12 28.04 27.93 27.79 27.64 27.47 27.28 27.09 26.89 26.69 26.49 26.29 26.10 25.93 25.77 25.63 25.51 25.41 25.32 25.22 25.12 25.01 24.90 24.80 24.68 24.57 24.45 24.33 24.21 24.09 23.97 23.84 23.71 23.58 23.45 23.31 23.15 22.98 22.79 22.59 22.38 22.16 21.92 21.67 21.42 21.15 20.88 20.59 20.30 20.01 19.70 19.40 19.08 18.77 18.45 18.13 17.81 17.48 17.16 16.83 16.51 16.19 15.87 15.54 15.22 14.89 14.56 14.23 13.89 13.56 13.22 12.88 12.54 12.19 11.85
27.77 27.82 27.86 27.88 27.90 27.89 27.85 27.77 27.67 27.55 27.40 27.23 27.05 26.86 26.67 26.47 26.27 26.07 25.88 25.71 25.54 25.40 25.28 25.18 25.08 24.97 24.87 24.76 24.65 24.53 24.42 24.30 24.18 24.06 23.93 23.81 23.68 23.55 23.42 23.29 23.16 23.03 22.88 22.72 22.55 22.36 22.16 21.95 21.72 21.48 21.24 20.98 20.72 20.44 20.16 19.87 19.58 19.28 18.97 18.66 18.35 18.03 17.72 17.40 17.08 16.76 16.44 16.12 15.79 15.47 15.14 14.81 14.47 14.13 13.79 13.45 13.10 12.75 12.40 12.05 11.69
27.29 27.39 27.47 27.54 27.58 27.59 27.56 27.50 27.40 27.28 27.14 26.98 26.81 26.62 26.43 26.23 26.04 25.84 25.65 25.47 25.31 25.16 25.04 24.93 24.82 24.72 24.61 24.49 24.38 24.26 24.14 24.02 23.90 23.77 23.65 23.52 23.39 23.26 23.13 22.99 22.86 22.72 22.59 22.44 22.28 22.11 21.92 21.72 21.50 21.28 21.04 20.80 20.54 20.28 20.00 19.72 19.44 19.14 18.85 18.55 18.24 17.93 17.62 17.31 16.99 16.68 16.36 16.04 15.71 15.38 15.05 14.72 14.38 14.04 13.69 13.34 12.99 12.63 12.27 11.91 11.54
26.82 26.97 27.10 27.20 27.26 27.28 27.26 27.20 27.12 27.01 26.88 26.72 26.55 26.37 26.18 25.99 25.79 25.60 25.41 25.23 25.06 24.91 24.78 24.67 24.56 24.45 24.33 24.22 24.10 23.98 23.86 23.73 23.60 23.48 23.35 23.22 23.09 22.95 22.82 22.68 22.55 22.41 22.28 22.14 21.99 21.83 21.65 21.47 21.27 21.05 20.83 20.59 20.35 20.09 19.83 19.56 19.28 19.00 18.71 18.42 18.12 17.82 17.51 17.21 16.90 16.59 16.27 15.95 15.62 15.30 14.96 14.62 14.28 13.93 13.58 13.23 12.87 12.51 12.14 11.77 11.39
26.37 26.56 26.73 26.84 26.92 26.95 26.94 26.90 26.82 26.72 26.59 26.45 26.28 26.11 25.92 25.73 25.53 25.34 25.15 24.97 24.80 24.65 24.52 24.40 24.29 24.17 24.05 23.93 23.81 23.69 23.56 23.43 23.30 23.17 23.04 22.91 22.77 22.64 22.50 22.37 22.23 22.09 21.96 21.82 21.68 21.53 21.37 21.20 21.01 20.81 20.60 20.37 20.14 19.90 19.65 19.39 19.12 18.85 18.57 18.28 17.99 17.70 17.40 17.10 16.80 16.49 16.17 15.85 15.53 15.20 14.87 14.53 14.18 13.83 13.48 13.12 12.75 12.38 12.01 11.63 11.24
25.93 26.16 26.34 26.48 26.56 26.60 26.61 26.57 26.51 26.42 26.30 26.16 26.00 25.83 25.65 25.46 25.26 25.07 24.88 24.70 24.53 24.38 24.24 24.12 24.00 23.88 23.76 23.64 23.51 23.38 23.25 23.12 22.99 22.86 22.73 22.59 22.45 22.32 22.18 22.04 21.91 21.77 21.63 21.49 21.36 21.22 21.07 20.91 20.73 20.55 20.35 20.14 19.92 19.69 19.45 19.20 18.94 18.68 18.41 18.13 17.85 17.57 17.28 16.99 16.69 16.38 16.07 15.75 15.43 15.10 14.77 14.42 14.08 13.72 13.37 13.00 12.63 12.26 11.88 11.49 11.10
25.50 25.75 25.95 26.10 26.19 26.25 26.26 26.24 26.19 26.10 25.99 25.86 25.71 25.54 25.36 25.18 24.99 24.79 24.61 24.42 24.25 24.10 23.96 23.83 23.71 23.59 23.46 23.33 23.20 23.07 22.94 22.81 22.67 22.54 22.40 22.27 22.13 21.99 21.85 21.71 21.58 21.44 21.30 21.16 21.02 20.89 20.75 20.60 20.44 20.27 20.08 19.89 19.68 19.46 19.24 19.00 18.75 18.50 18.24 17.98 17.71 17.43 17.15 16.86 16.57 16.27 15.96 15.64 15.32 14.99 14.66 14.32 13.97 13.62 13.26 12.89 12.51 12.13 11.75 11.35 10.95
25.06 25.33 25.54 25.70 25.81 25.88 25.91 25.90 25.85 25.78 25.67 25.55 25.40 25.24 25.07 24.88 24.70 24.51 24.32 24.14 23.96 23.80 23.66 23.53 23.41 23.28 23.15 23.02 22.89 22.75 22.62 22.48 22.35 22.21 22.07 21.93 21.80 21.66 21.52 21.38 21.24 21.10 20.96 20.82 20.69 20.55 20.41 20.28 20.13 19.97 19.80 19.62 19.43 19.22 19.01 18.79 18.55 18.31 18.07 17.81 17.55 17.29 17.01 16.73 16.44 16.14 15.84 15.53 15.21 14.88 14.55 14.21 13.86 13.51 13.14 12.77 12.40 12.01 11.62 11.22 10.81
24.61 24.89 25.12 25.30 25.42 25.50 25.54 25.54 25.51 25.44 25.34 25.23 25.09 24.93 24.76 24.58 24.40 24.21 24.02 23.84 23.67 23.50 23.36 23.23 23.10 22.97 22.83 22.70 22.56 22.43 22.29 22.15 22.02 21.88 21.74 21.60 21.46 21.32 21.18 21.04 20.90 20.76 20.62 20.48 20.34 20.21 20.07 19.94 19.80 19.66 19.51 19.34 19.16 18.97 18.77 18.56 18.34 18.11 17.88 17.64 17.39 17.13 16.86 16.59 16.31 16.02 15.72 15.41 15.09 14.77 14.44 14.10 13.75 13.40 13.03 12.66 12.28 11.89 11.50 11.09 10.68
24.15 24.45 24.69 24.88 25.02 25.11 25.16 25.17 25.15 25.09 25.01 24.89 24.76 24.61 24.45 24.27 24.09 23.90 23.72 23.53 23.36 23.20 23.05 22.91 22.78 22.65 22.51 22.37 22.24 22.10 21.96 21.82 21.68 21.54 21.40 21.26 21.11 20.97 20.83 20.69 20.55 20.41 20.27 20.14 20.00 19.86 19.73 19.60 19.46 19.33 19.19 19.04 18.88 18.70 18.52 18.32 18.12 17.90 17.68 17.45 17.21 16.96 16.71 16.44 16.16 15.88 15.59 15.28 14.97 14.65 14.32 13.99 13.64 13.28 12.92 12.55 12.17 11.77 11.38 10.97 10.55
23.67 23.99 24.25 24.45 24.61 24.71 24.78 24.80 24.78 24.74 24.66 24.55 24.43 24.28 24.12 23.95 23.77 23.59 23.40 23.22 23.05 22.88 22.73 22.59 22.46 22.32 22.18 22.04 21.90 21.76 21.62 21.48 21.34 21.19 21.05 20.91 20.77 20.63 20.48 20.34 20.20 20.06 19.93 19.79 19.65 19.52 19.38 19.25 19.12 18.99 18.86 18.73 18.58 18.42 18.25 18.07 17.88 17.68 17.47 17.25 17.03 16.79 16.54 16.28 16.01 15.74 15.45 15.15 14.85 14.53 14.21 13.87 13.53 13.17 12.81 12.43 12.05 11.66 11.26 10.85 10.42
23.19 23.52 23.80 24.02 24.19 24.31 24.38 24.41 24.41 24.37 24.30 24.21 24.09 23.95 23.79 23.63 23.45 23.27 23.08 22.90 22.73 22.56 22.41 22.27 22.13 21.99 21.84 21.70 21.56 21.42 21.27 21.13 20.99 20.84 20.70 20.56 20.42 20.27 20.13 19.99 19.85 19.71 19.57 19.44 19.30 19.17 19.04 18.91 18.78 18.65 18.52 18.40 18.27 18.13 17.97 17.81 17.63 17.45 17.25 17.05 16.83 16.60 16.36 16.12 15.86 15.59 15.31 15.02 14.72 14.41 14.09 13.75 13.41 13.06 12.70 12.32 11.94 11.55 11.14 10.73 10.30
22.69 23.04 23.34 23.57 23.75 23.89 23.97 24.02 24.03 24.00 23.94 23.85 23.74 23.60 23.45 23.29 23.12 22.94 22.76 22.58 22.40 22.23 22.08 21.93 21.79 21.65 21.50 21.36 21.22 21.07 20.93 20.78 20.64 20.49 20.35 20.20 20.06 19.92 19.78 19.64 19.50 19.36 19.22 19.09 18.95 18.82 18.69 18.56 18.43 18.31 18.18 18.06 17.94 17.82 17.68 17.53 17.37 17.20 17.02 16.83 16.62 16.41 16.18 15.94 15.69 15.43 15.16 14.88 14.59 14.28 13.96 13.64 13.30 12.95 12.59 12.22 11.83 11.44 11.03 10.62 10.19
22.19 22.56 22.87 23.12 23.31 23.46 23.56 23.62 23.64 23.62 23.57 23.49 23.38 23.26 23.11 22.95 22.78 22.61 22.43 22.25 22.07 21.90 21.74 21.60 21.45 21.31 21.16 21.01 20.87 20.72 20.58 20.43 20.28 20.14 19.99 19.85 19.71 19.56 19.42 19.28 19.14 19.00 18.87 18.73 18.60 18.47 18.34 18.21 18.09 17.96 17.84 17.73 17.61 17.50 17.38 17.25 17.10 16.95 16.78 16.60 16.41 16.21 15.99 15.77 15.53 15.27 15.01 14.74 14.45 14.15 13.84 13.52 13.18 12.84 12.48 12.11 11.73 11.33 10.93 10.51 10.08
21.68 22.06 22.39 22.66 22.87 23.03 23.14 23.21 23.24 23.23 23.19 23.12 23.02 22.90 22.76 22.61 22.44 22.27 22.09 21.91 21.73 21.57 21.41 21.26 21.11 20.96 20.81 20.66 20.52 20.37 20.22 20.07 19.93 19.78 19.64 19.49 19.35 19.21 19.06 18.92 18.79 18.65 18.51 18.38 18.25 18.12 17.99 17.87 17.74 17.62 17.50 17.39 17.28 17.17 17.06 16.95 16.82 16.68 16.53 16.37 16.19 16.00 15.80 15.58 15.35 15.11 14.86 14.59 14.31 14.02 13.72 13.40 13.07 12.73 12.37 12.00 11.62 11.23 10.83 10.41 9.98
21.16 21.56 21.90 22.19 22.41 22.59 22.71 22.80 22.84 22.84 22.81 22.74 22.65 22.54 22.41 22.26 22.10 21.93 21.75 21.57 21.40 21.23 21.06 20.91 20.76 20.61 20.46 20.31 20.16 20.01 19.87 19.72 19.57 19.42 19.28 19.13 18.99 18.85 18.71 18.57 18.43 18.29 18.16 18.03 17.90 17.77 17.64 17.52 17.40 17.28 17.17 17.06 16.95 16.84 16.74 16.64 16.53 16.41 16.27 16.12 15.96 15.78 15.59 15.39 15.17 14.94 14.70 14.44 14.17 13.89 13.59 13.28 12.96 12.62 12.27 11.90 11.53 11.14 10.73 10.31 9.88
20.63 21.05 21.41 21.71 21.95 22.14 22.28 22.38 22.43 22.44 22.42 22.36 22.28 22.17 22.05 21.90 21.75 21.58 21.41 21.23 21.05 20.88 20.72 20.57 20.41 20.26 20.11 19.96 19.81 19.66 19.51 19.36 19.21 19.06 18.92 18.77 18.63 18.49 18.35 18.21 18.07 17.94 17.81 17.68 17.55 17.42 17.30 17.18 17.06 16.94 16.83 16.72 16.62 16.52 16.42 16.32 16.22 16.12 16.00 15.87 15.72 15.56 15.38 15.19 14.99 14.77 14.54 14.29 14.03 13.75 13.46 13.16 12.84 12.51 12.17 11.81 11.43 11.04 10.64 10.22 9.79
20.10 20.54 20.91 21.23 21.49 21.69 21.84 21.95 22.01 22.04 22.02 21.98 21.91 21.81 21.69 21.55 21.39 21.23 21.06 20.88 20.71 20.54 20.37 20.22 20.06 19.91 19.76 19.60 19.45 19.30 19.15 19.00 18.85 18.71 18.56 18.42 18.27 18.13 17.99 17.85 17.72 17.59 17.45 17.33 17.20 17.08 16.96 16.84 16.72 16.61 16.50 16.40 16.30 16.20 16.10 16.01 15.92 15.82 15.72 15.61 15.47 15.33 15.17 14.99 14.80 14.59 14.37 14.14 13.89 13.62 13.34 13.04 12.73 12.41 12.07 11.71 11.34 10.96 10.56 10.14 9.71
19.56 20.02 20.41 20.74 21.02 21.24 21.40 21.52 21.60 21.63 21.63 21.59 21.53 21.44 21.32 21.19 21.04 20.88 20.71 20.54 20.36 20.19 20.03 19.87 19.71 19.56 19.40 19.25 19.10 18.94 18.79 18.64 18.50 18.35 18.20 18.06 17.92 17.78 17.64 17.50 17.37 17.24 17.11 16.98 16.86 16.73 16.62 16.50 16.39 16.28 16.18 16.07 15.98 15.88 15.79 15.70 15.61 15.52 15.44 15.34 15.22 15.09 14.95 14.79 14.61 14.41 14.21 13.98 13.74 13.49 13.21 12.93 12.62 12.31 11.97 11.62 11.26 10.88 10.48 10.07 9.64
19.02 19.49 19.91 20.25 20.54 20.78 20.96 21.09 21.18 21.22 21.23 21.20 21.15 21.06 20.95 20.83 20.68 20.53 20.36 20.19 20.02 19.84 19.68 19.52 19.36 19.21 19.05 18.90 18.74 18.59 18.44 18.29 18.14 17.99 17.85 17.70 17.56 17.42 17.29 17.15 17.02 16.89 16.76 16.64 16.51 16.40 16.28 16.17 16.06 15.95 15.85 15.76 15.67 15.58 15.49 15.40 15.32 15.23 15.15 15.06 14.96 14.85 14.72 14.57 14.41 14.23 14.04 13.83 13.60 13.35 13.09 12.81 12.52 12.21 11.88 11.54 11.18 10.80 10.41 10.00 9.58
18.47 18.97 19.40 19.76 20.07 20.31 20.51 20.65 20.75 20.81 20.83 20.81 20.76 20.69 20.59 20.46 20.32 20.17 20.01 19.84 19.67 19.50 19.33 19.17 19.01 18.85 18.70 18.54 18.39 18.23 18.08 17.93 17.78 17.64 17.49 17.35 17.21 17.07 16.94 16.80 16.67 16.54 16.42 16.30 16.18 16.06 15.95 15.84 15.74 15.64 15.54 15.45 15.36 15.28 15.19 15.11 15.03 14.95 14.87 14.78 14.70 14.60 14.49 14.36 14.21 14.05 13.87 13.67 13.45 13.22 12.97 12.70 12.42 12.11 11.79 11.46 11.10 10.73 10.35 9.94 9.52
17.92 18.44 18.88 19.27 19.59 19.85 20.06 20.22 20.33 20.40 20.43 20.42 20.38 20.31 20.22 20.10 19.97 19.82 19.66 19.49 19.32 19.15 18.98 18.82 18.66 18.50 18.35 18.19 18.04 17.88 17.73 17.58 17.43 17.29 17.14 17.00 16.86 16.73 16.59 16.46 16.33 16.20 16.08 15.96 15.85 15.73 15.62 15.52 15.42 15.33 15.24 15.15 15.07 14.99 14.91 14.83 14.75 14.67 14.59 14.52 14.44 14.35 14.26 14.14 14.01 13.86 13.70 13.51 13.31 13.09 12.85 12.59 12.32 12.02 11.71 11.38 11.04 10.67 10.29 9.89 9.47
17.38 17.90 18.37 18.77 19.10 19.38 19.61 19.78 19.90 19.98 20.02 20.03 19.99 19.93 19.85 19.74 19.61 19.46 19.31 19.14 18.97 18.80 18.64 18.47 18.31 18.15 18.00 17.84 17.69 17.53 17.38 17.23 17.08 16.94 16.80 16.66 16.52 16.38 16.25 16.12 15.99 15.87 15.75 15.63 15.52 15.41 15.31 15.21 15.11 15.03 14.94 14.86 14.78 14.70 14.63 14.55 14.48 14.41 14.33 14.26 14.18 14.10 14.02 13.92 13.81 13.67 13.52 13.35 13.16 12.95 12.73 12.48 12.22 11.94 11.63 11.31 10.98 10.62 10.24 9.85 9.43
16.88 17.38 17.85 18.27 18.62 18.92 19.15 19.34 19.48 19.57 19.62 19.63 19.61 19.56 19.48 19.37 19.25 19.11 18.96 18.80 18.63 18.46 18.29 18.13 17.97 17.81 17.65 17.49 17.34 17.19 17.04 16.89 16.74 16.60 16.45 16.32 16.18 16.05 15.91 15.79 15.66 15.54 15.42 15.31 15.20 15.10 15.00 14.91 14.82 14.73 14.65 14.58 14.50 14.43 14.36 14.29 14.22 14.15 14.08 14.01 13.94 13.86 13.78 13.70 13.60 13.48 13.35 13.19 13.02 12.83 12.61 12.38 12.13 11.85 11.56 11.25 10.92 10.57 10.20 9.81 9.41
16.45 16.90 17.34 17.77 18.14 18.45 18.70 18.90 19.05 19.16 19.22 19.24 19.23 19.18 19.11 19.01 18.90 18.76 18.61 18.45 18.29 18.12 17.95 17.79 17.63 17.47 17.31 17.15 17.00 16.84 16.69 16.55 16.40 16.26 16.12 15.98 15.85 15.71 15.59 15.46 15.34 15.22 15.11 15.00 14.89 14.79 14.70 14.61 14.53 14.45 14.38 14.31 14.24 14.17 14.11 14.04 13.98 13.91 13.84 13.78 13.71 13.63 13.56 13.48 13.39 13.29 13.18 13.04 12.88 12.70 12.50 12.28 12.04 11.78 11.50 11.20 10.87 10.53 10.17 9.79 9.39
16.08 16.48 16.88 17.28 17.66 17.98 18.25 18.46 18.63 18.74 18.82 18.85 18.85 18.81 18.75 18.66 18.54 18.41 18.27 18.11 17.95 17.78 17.62 17.45 17.29 17.13 16.97 16.81 16.66 16.51 16.36 16.21 16.07 15.93 15.79 15.65 15.52 15.39 15.26 15.14 15.02 14.91 14.79 14.69 14.59 14.50 14.41 14.33 14.26 14.18 14.12 14.05 13.99 13.92 13.86 13.80 13.74 13.68 13.62 13.56 13.49 13.42 13.35 13.27 13.19 13.10 13.00 12.88 12.74 12.57 12.39 12.18 11.95 11.71 11.44 11.15 10.84 10.50 10.15 9.78 9.38
15.76 16.12 16.47 16.83 17.18 17.52 17.80 18.03 18.20 18.33 18.42 18.46 18.47 18.44 18.38 18.30 18.20 18.07 17.93 17.78 17.62 17.45 17.28 17.12 16.96 16.80 16.64 16.48 16.33 16.18 16.03 15.88 15.74 15.60 15.46 15.33 15.20 15.07 14.95 14.83 14.71 14.60 14.49 14.40 14.30 14.22 14.14 14.07 14.00 13.93 13.87 13.81 13.75 13.69 13.63 13.58 13.52 13.47 13.41 13.35 13.29 13.22 13.15 13.08 13.00 12.92 12.83 12.73 12.60 12.45 12.28 12.09 11.88 11.64 11.38 11.11 10.80 10.48 10.14 9.77 9.39
15.50 15.81 16.13 16.44 16.75 17.06 17.35 17.59 17.78 17.93 18.02 18.08 18.09 18.07 18.03 17.95 17.85 17.73 17.59 17.45 17.29 17.12 16.96 16.79 16.63 16.47 16.31 16.16 16.00 15.85 15.70 15.56 15.42 15.28 15.14 15.01 14.88 14.76 14.64 14.52 14.41 14.30 14.21 14.12 14.03 13.95 13.88 13.81 13.75 13.69 13.63 13.58 13.52 13.47 13.42 13.37 13.32 13.27 13.21 13.16 13.10 13.04 12.98 12.91 12.83 12.75 12.67 12.57 12.46 12.33 12.18 12.00 11.80 11.58 11.34 11.07 10.78 10.47 10.14 9.78 9.40
