data_processed/recharge/precip/Precip_1995_12.asc
ncols        168
nrows        136
xllcorner    455000
yllcorner    2107000
cellsize     500
NODATA_value     -99999
[rows 68 to 101 of 136, columns 0 to 76 of 168]
20.46 22.28 24.16 26.08 28.02 29.96 31.90 33.82 35.69 37.42 38.93 40.22 41.31 42.20 42.90 43.42 43.81 44.07 44.21 44.26 44.23 44.12 43.95 43.74 43.49 43.26 43.36 43.91 44.89 46.27 48.02 50.10 52.50 55.18 58.11 61.23 64.39 67.48 70.50 73.42 76.23 78.93 81.49 83.92 86.23 88.42 90.53 92.54 94.49 96.38 98.22 100.02 101.78 103.43 104.93 106.29 107.48 108.51 109.36 110.03 110.50 110.76 110.71 110.15 109.03 107.39 105.27 102.71 99.76 96.45 92.83 88.95 84.86 80.59 76.20 71.73 67.22
20.91 22.71 24.57 26.46 28.38 30.31 32.23 34.12 35.89 37.44 38.79 39.94 40.91 41.70 42.33 42.80 43.13 43.35 43.47 43.52 43.51 43.45 43.34 43.21 43.07 42.97 43.21 43.91 45.04 46.57 48.48 50.74 53.32 56.18 59.27 62.42 65.52 68.57 71.55 74.45 77.25 79.93 82.49 84.91 87.20 89.38 91.46 93.46 95.38 97.23 99.04 100.81 102.52 104.13 105.58 106.89 108.03 109.01 109.80 110.41 110.82 110.92 110.50 109.53 108.04 106.07 103.66 100.85 97.69 94.21 90.46 86.48 82.32 78.02 73.64 69.21 64.78
21.41 23.18 25.01 26.88 28.78 30.68 32.57 34.35 35.93 37.31 38.51 39.54 40.40 41.11 41.67 42.10 42.40 42.60 42.72 42.78 42.80 42.79 42.76 42.72 42.70 42.74 43.12 43.98 45.27 46.97 49.06 51.50 54.26 57.28 60.39 63.48 66.53 69.54 72.48 75.35 78.12 80.79 83.34 85.76 88.04 90.20 92.25 94.22 96.10 97.92 99.69 101.41 103.08 104.63 106.04 107.29 108.37 109.29 110.02 110.56 110.80 110.52 109.69 108.33 106.50 104.24 101.57 98.55 95.20 91.59 87.73 83.68 79.49 75.20 70.85 66.50 62.19
21.93 23.68 25.48 27.32 29.19 31.05 32.82 34.40 35.80 37.03 38.09 39.00 39.77 40.40 40.91 41.31 41.61 41.81 41.94 42.03 42.09 42.14 42.20 42.27 42.37 42.55 43.10 44.12 45.58 47.46 49.74 52.37 55.29 58.32 61.36 64.39 67.39 70.35 73.25 76.08 78.83 81.49 84.03 86.45 88.72 90.86 92.88 94.81 96.65 98.43 100.15 101.82 103.44 104.93 106.28 107.47 108.49 109.34 110.00 110.36 110.21 109.51 108.29 106.58 104.44 101.91 99.01 95.80 92.31 88.59 84.66 80.58 76.39 72.14 67.87 63.62 59.46
22.46 24.17 25.94 27.75 29.57 31.31 32.87 34.26 35.50 36.57 37.51 38.32 39.00 39.57 40.04 40.43 40.73 40.96 41.13 41.26 41.37 41.50 41.65 41.84 42.07 42.42 43.13 44.32 45.97 48.04 50.51 53.30 56.23 59.19 62.15 65.11 68.05 70.96 73.82 76.62 79.34 81.98 84.51 86.92 89.20 91.34 93.34 95.22 97.02 98.74 100.41 102.02 103.58 105.01 106.29 107.42 108.37 109.14 109.62 109.59 109.00 107.90 106.31 104.29 101.88 99.10 96.01 92.64 89.03 85.23 81.27 77.19 73.04 68.85 64.69 60.59 56.60
22.97 24.64 26.37 28.13 29.82 31.35 32.71 33.92 35.00 35.94 36.76 37.48 38.09 38.61 39.06 39.43 39.75 40.02 40.25 40.45 40.64 40.85 41.11 41.42 41.81 42.32 43.21 44.59 46.43 48.70 51.33 54.12 56.96 59.83 62.72 65.61 68.49 71.35 74.16 76.93 79.62 82.23 84.75 87.16 89.44 91.59 93.59 95.44 97.18 98.85 100.46 102.01 103.50 104.86 106.07 107.12 107.99 108.58 108.66 108.18 107.18 105.70 103.79 101.48 98.81 95.83 92.57 89.07 85.38 81.53 77.56 73.51 69.43 65.36 61.33 57.41 53.63
23.45 25.08 26.75 28.37 29.83 31.15 32.33 33.37 34.30 35.12 35.84 36.47 37.03 37.51 37.94 38.32 38.67 38.99 39.29 39.58 39.88 40.20 40.57 41.02 41.56 42.25 43.33 44.91 46.95 49.38 52.00 54.70 57.44 60.23 63.04 65.86 68.68 71.48 74.25 76.97 79.63 82.22 84.72 87.12 89.41 91.56 93.57 95.42 97.13 98.74 100.28 101.76 103.18 104.47 105.60 106.56 107.24 107.42 107.03 106.13 104.75 102.94 100.73 98.16 95.27 92.11 88.71 85.12 81.36 77.50 73.55 69.57 65.60 61.66 57.82 54.10 50.57
23.87 25.44 26.96 28.34 29.59 30.71 31.71 32.60 33.39 34.10 34.73 35.29 35.80 36.26 36.69 37.09 37.47 37.85 38.23 38.63 39.05 39.51 40.03 40.62 41.33 42.21 43.49 45.27 47.47 49.90 52.41 55.00 57.65 60.35 63.08 65.83 68.58 71.32 74.04 76.72 79.35 81.91 84.39 86.78 89.06 91.22 93.24 95.12 96.83 98.39 99.86 101.26 102.60 103.81 104.85 105.62 105.88 105.58 104.77 103.48 101.75 99.63 97.15 94.35 91.27 87.96 84.46 80.79 77.01 73.16 69.27 65.38 61.54 57.78 54.15 50.68 47.42
24.19 25.60 26.88 28.04 29.08 30.01 30.84 31.59 32.26 32.87 33.42 33.93 34.40 34.85 35.28 35.71 36.15 36.60 37.08 37.59 38.15 38.77 39.46 40.23 41.12 42.19 43.68 45.62 47.81 50.12 52.52 55.00 57.55 60.15 62.80 65.47 68.15 70.84 73.50 76.14 78.73 81.26 83.73 86.10 88.38 90.54 92.57 94.46 96.20 97.77 99.18 100.51 101.76 102.87 103.72 104.05 103.83 103.09 101.88 100.23 98.18 95.78 93.06 90.06 86.83 83.40 79.81 76.11 72.34 68.52 64.72 60.95 57.27 53.72 50.33 47.15 44.21
24.31 25.47 26.51 27.45 28.29 29.04 29.73 30.34 30.91 31.43 31.91 32.37 32.82 33.27 33.72 34.19 34.69 35.22 35.81 36.45 37.16 37.95 38.83 39.81 40.90 42.18 43.84 45.76 47.82 50.00 52.28 54.66 57.10 59.62 62.17 64.77 67.38 70.00 72.61 75.20 77.75 80.25 82.69 85.05 87.32 89.48 91.52 93.43 95.19 96.79 98.21 99.47 100.63 101.54 101.94 101.79 101.11 99.97 98.38 96.40 94.06 91.41 88.48 85.32 81.95 78.44 74.80 71.10 67.35 63.61 59.92 56.31 52.82 49.50 46.39 43.52 40.94
24.11 25.02 25.83 26.57 27.22 27.82 28.36 28.86 29.32 29.76 30.20 30.62 31.06 31.52 32.00 32.52 33.10 33.73 34.43 35.21 36.08 37.06 38.14 39.34 40.68 42.15 43.77 45.56 47.48 49.53 51.69 53.95 56.30 58.71 61.18 63.69 66.23 68.79 71.34 73.88 76.39 78.86 81.27 83.61 85.87 88.03 90.07 91.99 93.77 95.40 96.86 98.13 99.14 99.59 99.49 98.88 97.79 96.26 94.33 92.05 89.45 86.58 83.47 80.16 76.70 73.13 69.48 65.79 62.11 58.47 54.92 51.49 48.23 45.17 42.36 39.84 37.64
23.76 24.43 25.03 25.57 26.05 26.50 26.91 27.30 27.68 28.06 28.45 28.86 29.29 29.77 30.30 30.89 31.55 32.29 33.12 34.06 35.10 36.27 37.57 39.01 40.57 42.09 43.61 45.24 47.02 48.94 50.97 53.11 55.34 57.65 60.03 62.45 64.91 67.39 69.88 72.36 74.82 77.25 79.63 81.94 84.18 86.33 88.38 90.30 92.10 93.74 95.23 96.57 97.54 97.62 97.04 95.98 94.48 92.59 90.34 87.77 84.93 81.86 78.59 75.16 71.62 68.00 64.35 60.70 57.10 53.58 50.19 46.96 43.94 41.17 38.68 36.52 34.72
23.41 23.86 24.26 24.62 24.95 25.26 25.55 25.85 26.16 26.49 26.85 27.25 27.70 28.21 28.80 29.47 30.23 31.09 32.07 33.17 34.40 35.78 37.31 38.96 40.57 42.07 43.54 45.06 46.69 48.46 50.36 52.37 54.48 56.67 58.94 61.26 63.63 66.02 68.43 70.85 73.25 75.62 77.96 80.23 82.45 84.57 86.60 88.52 90.32 91.98 93.50 94.93 96.03 96.09 95.17 93.68 91.78 89.53 86.97 84.13 81.05 77.78 74.35 70.81 67.19 63.54 59.90 56.29 52.78 49.39 46.17 43.15 40.37 37.89 35.73 33.93 32.53
23.04 23.33 23.55 23.74 23.92 24.11 24.30 24.52 24.77 25.06 25.40 25.81 26.29 26.85 27.51 28.27 29.14 30.14 31.28 32.56 33.99 35.59 37.32 39.03 40.62 42.09 43.54 45.01 46.52 48.13 49.88 51.74 53.72 55.79 57.93 60.14 62.41 64.71 67.03 69.36 71.69 74.00 76.28 78.51 80.68 82.77 84.78 86.68 88.47 90.15 91.74 93.26 94.47 94.68 93.78 91.98 89.70 87.10 84.22 81.11 77.81 74.34 70.77 67.12 63.43 59.75 56.12 52.57 49.14 45.89 42.84 40.03 37.51 35.32 33.49 32.06 30.95
22.60 22.79 22.89 22.93 22.98 23.05 23.16 23.31 23.51 23.78 24.12 24.55 25.07 25.69 26.43 27.30 28.30 29.45 30.75 32.22 33.87 35.66 37.45 39.14 40.71 42.15 43.57 45.02 46.48 47.97 49.55 51.26 53.09 55.02 57.03 59.12 61.27 63.46 65.69 67.93 70.17 72.41 74.62 76.79 78.90 80.95 82.92 84.80 86.58 88.30 89.96 91.56 92.86 93.20 92.47 90.73 88.19 85.25 82.07 78.69 75.16 71.52 67.80 64.04 60.30 56.59 52.98 49.49 46.16 43.04 40.17 37.58 35.32 33.43 31.94 30.76 29.77
22.09 22.20 22.23 22.18 22.12 22.10 22.13 22.22 22.39 22.65 23.00 23.46 24.04 24.74 25.58 26.56 27.70 29.01 30.50 32.18 34.01 35.86 37.62 39.28 40.82 42.25 43.64 45.06 46.49 47.93 49.39 50.94 52.61 54.38 56.26 58.21 60.23 62.31 64.42 66.56 68.71 70.85 72.98 75.08 77.13 79.13 81.05 82.90 84.70 86.46 88.18 89.84 91.22 91.68 91.11 89.56 87.11 83.95 80.47 76.84 73.09 69.27 65.41 61.56 57.75 54.03 50.44 47.01 43.79 40.82 38.13 35.77 33.78 32.18 30.92 29.86 28.95
21.53 21.57 21.54 21.46 21.34 21.24 21.21 21.26 21.42 21.68 22.05 22.56 23.20 23.99 24.94 26.06 27.35 28.84 30.52 32.38 34.26 36.08 37.81 39.45 40.97 42.37 43.75 45.14 46.55 47.96 49.36 50.78 52.28 53.90 55.62 57.43 59.31 61.25 63.24 65.26 67.31 69.35 71.39 73.40 75.38 77.31 79.18 81.03 82.85 84.64 86.40 88.11 89.56 90.12 89.69 88.32 86.09 83.05 79.40 75.52 71.55 67.56 63.57 59.63 55.77 52.04 48.48 45.12 42.01 39.19 36.69 34.56 32.83 31.44 30.27 29.29 28.46
20.93 20.90 20.83 20.73 20.61 20.48 20.41 20.44 20.58 20.86 21.27 21.83 22.56 23.45 24.52 25.78 27.25 28.92 30.78 32.68 34.53 36.32 38.03 39.64 41.14 42.53 43.89 45.27 46.64 48.02 49.40 50.76 52.14 53.58 55.13 56.78 58.51 60.31 62.17 64.06 65.99 67.92 69.86 71.78 73.67 75.53 77.37 79.21 81.04 82.84 84.62 86.37 87.87 88.52 88.21 87.02 85.00 82.20 78.70 74.68 70.52 66.36 62.24 58.22 54.31 50.58 47.05 43.77 40.77 38.11 35.81 33.91 32.36 31.05 29.95 29.04 28.28
20.28 20.20 20.09 19.98 19.88 19.78 19.72 19.74 19.89 20.20 20.66 21.30 22.11 23.12 24.33 25.75 27.40 29.23 31.13 33.00 34.83 36.59 38.27 39.86 41.35 42.72 44.07 45.42 46.78 48.13 49.48 50.81 52.13 53.44 54.81 56.29 57.86 59.51 61.22 62.98 64.77 66.58 68.40 70.21 72.02 73.82 75.64 77.46 79.27 81.07 82.86 84.63 86.17 86.89 86.70 85.66 83.83 81.27 78.04 74.20 69.95 65.63 61.40 57.29 53.35 49.61 46.13 42.93 40.05 37.55 35.45 33.70 32.23 30.98 29.93 29.08 28.39
19.61 19.47 19.35 19.24 19.15 19.11 19.11 19.17 19.35 19.70 20.23 20.95 21.87 23.01 24.37 25.96 27.76 29.64 31.51 33.35 35.14 36.87 38.54 40.11 41.58 42.95 44.28 45.62 46.96 48.28 49.60 50.90 52.18 53.44 54.68 55.98 57.38 58.86 60.41 62.02 63.67 65.34 67.04 68.74 70.47 72.22 73.99 75.77 77.55 79.34 81.13 82.90 84.46 85.23 85.14 84.24 82.60 80.26 77.29 73.75 69.71 65.34 60.99 56.81 52.84 49.11 45.67 42.56 39.82 37.47 35.50 33.82 32.39 31.18 30.19 29.39 28.76
18.91 18.74 18.60 18.50 18.45 18.46 18.54 18.70 18.96 19.36 19.97 20.79 21.84 23.11 24.64 26.38 28.22 30.06 31.90 33.70 35.47 37.18 38.82 40.38 41.84 43.20 44.52 45.85 47.17 48.48 49.77 51.04 52.29 53.51 54.69 55.85 57.07 58.37 59.75 61.20 62.69 64.22 65.79 67.39 69.04 70.71 72.42 74.15 75.90 77.66 79.42 81.18 82.75 83.57 83.56 82.79 81.30 79.17 76.45 73.20 69.48 65.35 61.00 56.76 52.76 49.04 45.66 42.64 40.02 37.79 35.86 34.21 32.81 31.65 30.71 29.95 29.38
18.20 18.00 17.86 17.77 17.77 17.84 18.01 18.28 18.67 19.19 19.89 20.83 22.01 23.44 25.11 26.88 28.68 30.49 32.29 34.07 35.82 37.51 39.13 40.68 42.13 43.48 44.80 46.11 47.42 48.71 49.98 51.23 52.44 53.63 54.77 55.87 56.94 58.06 59.26 60.53 61.87 63.25 64.69 66.18 67.73 69.32 70.95 72.62 74.31 76.02 77.75 79.48 81.04 81.89 81.96 81.29 79.96 78.02 75.53 72.55 69.14 65.37 61.29 57.08 53.06 49.37 46.04 43.12 40.58 38.38 36.48 34.85 33.49 32.36 31.45 30.74 30.21
17.49 17.27 17.13 17.08 17.12 17.27 17.53 17.93 18.46 19.15 20.00 21.06 22.38 23.95 25.65 27.39 29.15 30.93 32.70 34.46 36.18 37.85 39.46 41.00 42.44 43.79 45.10 46.41 47.70 48.98 50.23 51.45 52.64 53.80 54.91 55.97 56.98 57.95 58.96 60.05 61.21 62.44 63.75 65.12 66.56 68.05 69.58 71.17 72.79 74.44 76.12 77.82 79.35 80.22 80.33 79.76 78.57 76.80 74.53 71.81 68.71 65.27 61.57 57.66 53.72 50.05 46.79 43.92 41.41 39.22 37.33 35.72 34.38 33.28 32.41 31.73 31.24
16.78 16.56 16.43 16.41 16.51 16.75 17.12 17.65 18.34 19.20 20.24 21.49 22.94 24.54 26.20 27.90 29.63 31.37 33.12 34.85 36.55 38.21 39.81 41.34 42.78 44.13 45.44 46.74 48.02 49.28 50.52 51.72 52.89 54.01 55.09 56.12 57.09 57.99 58.86 59.75 60.74 61.82 62.98 64.21 65.52 66.89 68.33 69.82 71.35 72.93 74.54 76.19 77.68 78.55 78.70 78.22 77.14 75.54 73.47 70.99 68.17 65.06 61.72 58.22 54.61 51.06 47.84 44.98 42.46 40.28 38.40 36.80 35.48 34.40 33.55 32.90 32.45
16.09 15.86 15.76 15.79 15.96 16.29 16.78 17.44 18.30 19.35 20.60 22.04 23.56 25.12 26.74 28.41 30.11 31.82 33.55 35.26 36.94 38.59 40.18 41.70 43.14 44.49 45.80 47.10 48.37 49.62 50.84 52.03 53.17 54.27 55.32 56.31 57.25 58.11 58.92 59.67 60.48 61.39 62.38 63.47 64.63 65.88 67.19 68.56 70.00 71.49 73.02 74.60 76.05 76.89 77.07 76.65 75.68 74.23 72.35 70.10 67.55 64.75 61.76 58.65 55.47 52.26 49.11 46.24 43.72 41.53 39.65 38.07 36.75 35.69 34.85 34.23 33.80
15.42 15.20 15.13 15.21 15.46 15.89 16.51 17.33 18.36 19.60 21.05 22.58 24.14 25.70 27.29 28.92 30.59 32.28 33.98 35.67 37.34 38.98 40.57 42.09 43.52 44.88 46.19 47.49 48.76 50.00 51.21 52.38 53.50 54.58 55.60 56.56 57.46 58.29 59.06 59.76 60.43 61.15 61.97 62.89 63.90 64.99 66.17 67.42 68.74 70.13 71.57 73.06 74.44 75.26 75.45 75.08 74.20 72.88 71.17 69.14 66.84 64.33 61.69 58.95 56.17 53.35 50.49 47.69 45.16 42.96 41.08 39.49 38.18 37.12 36.30 35.69 35.28
14.77 14.57 14.55 14.70 15.04 15.58 16.33 17.31 18.52 19.94 21.47 23.04 24.63 26.23 27.82 29.43 31.07 32.74 34.42 36.10 37.76 39.39 40.97 42.49 43.93 45.29 46.61 47.91 49.18 50.41 51.61 52.77 53.87 54.93 55.93 56.86 57.73 58.53 59.26 59.93 60.54 61.12 61.75 62.49 63.32 64.26 65.29 66.40 67.59 68.86 70.19 71.58 72.88 73.65 73.84 73.50 72.70 71.50 69.95 68.11 66.06 63.83 61.50 59.12 56.70 54.25 51.75 49.22 46.75 44.54 42.65 41.05 39.74 38.68 37.86 37.26 36.87
14.17 14.00 14.02 14.25 14.69 15.35 16.25 17.40 18.77 20.27 21.83 23.43 25.05 26.68 28.31 29.93 31.55 33.20 34.87 36.53 38.18 39.81 41.38 42.91 44.36 45.73 47.05 48.36 49.62 50.86 52.05 53.19 54.29 55.32 56.30 57.21 58.04 58.81 59.51 60.14 60.72 61.24 61.72 62.26 62.92 63.68 64.54 65.50 66.54 67.68 68.88 70.17 71.37 72.08 72.25 71.93 71.19 70.09 68.69 67.04 65.20 63.25 61.23 59.17 57.08 54.96 52.81 50.62 48.41 46.25 44.34 42.73 41.40 40.34 39.52 38.92 38.53
13.61 13.48 13.56 13.88 14.42 15.22 16.27 17.57 19.01 20.53 22.11 23.73 25.39 27.06 28.73 30.39 32.03 33.67 35.32 36.97 38.62 40.24 41.82 43.34 44.80 46.19 47.52 48.83 50.10 51.33 52.52 53.66 54.74 55.76 56.72 57.59 58.40 59.13 59.80 60.40 60.93 61.41 61.84 62.23 62.69 63.26 63.94 64.73 65.62 66.60 67.67 68.82 69.91 70.55 70.68 70.37 69.68 68.67 67.39 65.91 64.29 62.60 60.87 59.11 57.33 55.52 53.68 51.81 49.92 48.00 46.13 44.50 43.16 42.08 41.25 40.65 40.26
13.11 13.03 13.18 13.59 14.25 15.19 16.38 17.74 19.19 20.72 22.32 23.97 25.66 27.36 29.08 30.78 32.47 34.13 35.77 37.42 39.06 40.68 42.26 43.80 45.27 46.66 48.01 49.33 50.61 51.84 53.03 54.16 55.23 56.24 57.16 58.01 58.78 59.48 60.11 60.67 61.18 61.62 62.00 62.33 62.63 63.00 63.49 64.09 64.81 65.63 66.55 67.56 68.52 69.07 69.15 68.84 68.18 67.24 66.08 64.75 63.35 61.91 60.45 58.97 57.46 55.93 54.38 52.80 51.20 49.58 47.93 46.34 44.97 43.88 43.03 42.42 42.02
12.68 12.65 12.88 13.39 14.19 15.25 16.49 17.85 19.31 20.86 22.47 24.14 25.86 27.60 29.35 31.11 32.85 34.55 36.22 37.87 39.51 41.13 42.72 44.27 45.75 47.16 48.53 49.86 51.14 52.38 53.57 54.70 55.76 56.73 57.63 58.45 59.18 59.85 60.44 60.97 61.43 61.84 62.18 62.47 62.71 62.92 63.20 63.61 64.13 64.77 65.52 66.38 67.20 67.64 67.67 67.33 66.69 65.80 64.74 63.59 62.41 61.21 59.99 58.75 57.49 56.22 54.92 53.61 52.28 50.92 49.55 48.16 46.83 45.71 44.84 44.21 43.79
12.31 12.35 12.68 13.30 14.20 15.31 16.55 17.91 19.37 20.93 22.56 24.25 26.00 27.77 29.57 31.36 33.15 34.92 36.64 38.32 39.97 41.59 43.19 44.75 46.25 47.68 49.07 50.41 51.71 52.95 54.14 55.26 56.30 57.24 58.11 58.89 59.60 60.23 60.79 61.28 61.70 62.06 62.37 62.61 62.81 62.95 63.07 63.27 63.59 64.04 64.61 65.29 65.96 66.28 66.23 65.85 65.21 64.38 63.44 62.48 61.50 60.51 59.50 58.48 57.45 56.40 55.33 54.26 53.16 52.05 50.93 49.79 48.64 47.54 46.65 45.99 45.55
12.03 12.15 12.57 13.29 14.23 15.32 16.56 17.92 19.38 20.95 22.60 24.31 26.08 27.89 29.72 31.56 33.40 35.22 37.00 38.74 40.42 42.06 43.67 45.25 46.76 48.22 49.62 50.98 52.29 53.55 54.73 55.83 56.84 57.76 58.59 59.34 60.01 60.61 61.13 61.58 61.97 62.29 62.55 62.76 62.91 63.01 63.06 63.09 63.20 63.44 63.81 64.30 64.80 64.99 64.84 64.41 63.77 63.01 62.23 61.44 60.64 59.83 59.01 58.18 57.34 56.49 55.63 54.76 53.88 52.98 52.08 51.17 50.25 49.32 48.44 47.75 47.28
11.84 12.04 12.55 13.30 14.22 15.30 16.52 17.88 19.35 20.92 22.58 24.32 26.11 27.95 29.82 31.70 33.59 35.46 37.31 39.11 40.86 42.54 44.16 45.75 47.30 48.77 50.20 51.58 52.91 54.16 55.33 56.40 57.37 58.26 59.06 59.78 60.41 60.97 61.46 61.87 62.22 62.50 62.72 62.88 62.99 63.04 63.05 63.01 62.95 62.97 63.13 63.42 63.74 63.78 63.52 63.03 62.42 61.78 61.14 60.50 59.84 59.19 58.53 57.86 57.19 56.51 55.82 55.13 54.44 53.73 53.03 52.31 51.59 50.87 50.14 49.46 48.96
