data_processed/recharge/precip/Precip_2008_03.asc
ncols        168
nrows        136
xllcorner    455000
yllcorner    2107000
cellsize     500
NODATA_value     -99999
[rows 0 to 37 of 136, columns 84 to 167 of 168]
0.37 0.42 0.49 0.56 0.65 0.75 0.86 0.98 1.11 1.25 1.40 1.55 1.74 1.95 2.18 2.43 2.62 2.72 2.73 2.67 2.56 2.43 2.28 2.11 1.94 1.75 1.56 1.36 1.16 0.96 0.77 0.57 0.38 0.21 0.04 0.00 0.00 0.00 0.00 0.00 0.00 0.00 0.00 0.00 0.00 0.00 0.00 0.00 0.00 0.00 0.00 0.00 0.00 0.00 0.00 0.00 0.00 0.00 0.00 0.00 0.00 0.00 0.00 0.00 0.00 0.00 0.00 0.00 0.00 0.00 0.00 0.00 0.00 0.00 0.00 0.04 0.09 0.14 0.19 0.23 0.27 0.31 0.34 0.37
0.52 0.57 0.64 0.71 0.80 0.90 1.01 1.12 1.24 1.37 1.50 1.64 1.79 1.96 2.15 2.36 2.51 2.57 2.55 2.48 2.38 2.27 2.13 1.99 1.83 1.67 1.49 1.32 1.14 0.96 0.78 0.61 0.44 0.28 0.13 0.00 0.00 0.00 0.00 0.00 0.00 0.00 0.00 0.00 0.00 0.00 0.00 0.00 0.00 0.00 0.00 0.00 0.00 0.00 0.00 0.00 0.00 0.00 0.00 0.00 0.00 0.00 0.00 0.00 0.00 0.00 0.00 0.00 0.00 0.00 0.00 0.00 0.00 0.00 0.00 0.03 0.07 0.12 0.17 0.21 0.25 0.29 0.32 0.35
0.67 0.72 0.79 0.87 0.95 1.04 1.14 1.25 1.36 1.47 1.59 1.71 1.83 1.96 2.12 2.28 2.39 2.41 2.37 2.31 2.23 2.12 2.01 1.88 1.74 1.59 1.43 1.27 1.11 0.95 0.79 0.63 0.49 0.35 0.22 0.10 0.00 0.00 0.00 0.00 0.00 0.00 0.00 0.00 0.01 0.02 0.03 0.02 0.01 0.00 0.00 0.00 0.00 0.00 0.00 0.00 0.00 0.00 0.00 0.00 0.00 0.00 0.00 0.00 0.00 0.00 0.00 0.00 0.00 0.00 0.00 0.00 0.00 0.00 0.00 0.01 0.06 0.10 0.14 0.19 0.23 0.26 0.29 0.32
0.82 0.88 0.94 1.01 1.09 1.18 1.27 1.36 1.46 1.56 1.66 1.76 1.86 1.96 2.07 2.18 2.24 2.24 2.21 2.16 2.09 2.00 1.90 1.78 1.66 1.52 1.38 1.23 1.09 0.94 0.80 0.66 0.53 0.40 0.29 0.19 0.11 0.05 0.01 0.00 0.01 0.05 0.08 0.10 0.12 0.12 0.12 0.11 0.09 0.07 0.04 0.01 0.00 0.00 0.00 0.00 0.00 0.00 0.00 0.00 0.00 0.00 0.00 0.00 0.00 0.00 0.00 0.00 0.00 0.00 0.00 0.00 0.00 0.00 0.00 0.00 0.04 0.09 0.13 0.17 0.20 0.24 0.27 0.30
0.96 1.02 1.08 1.14 1.22 1.29 1.37 1.45 1.53 1.61 1.69 1.77 1.85 1.93 2.00 2.07 2.10 2.10 2.08 2.04 1.98 1.90 1.81 1.71 1.59 1.47 1.34 1.20 1.07 0.94 0.80 0.68 0.56 0.45 0.36 0.27 0.21 0.16 0.13 0.13 0.15 0.18 0.20 0.21 0.22 0.21 0.20 0.18 0.15 0.13 0.09 0.06 0.02 0.00 0.00 0.00 0.00 0.00 0.00 0.00 0.00 0.00 0.00 0.00 0.00 0.00 0.00 0.00 0.00 0.00 0.00 0.00 0.00 0.00 0.00 0.00 0.04 0.08 0.12 0.16 0.19 0.22 0.25 0.28
1.09 1.14 1.20 1.25 1.31 1.38 1.44 1.51 1.57 1.63 1.69 1.75 1.80 1.85 1.89 1.94 1.98 1.99 1.97 1.94 1.89 1.82 1.74 1.64 1.53 1.42 1.30 1.18 1.05 0.93 0.81 0.70 0.59 0.50 0.41 0.34 0.29 0.25 0.24 0.25 0.28 0.30 0.31 0.31 0.30 0.29 0.27 0.24 0.21 0.17 0.14 0.10 0.05 0.01 0.00 0.00 0.00 0.00 0.00 0.00 0.00 0.00 0.00 0.00 0.00 0.00 0.00 0.00 0.00 0.00 0.00 0.00 0.00 0.00 0.00 0.01 0.05 0.09 0.12 0.16 0.19 0.22 0.25 0.27
1.20 1.25 1.29 1.34 1.39 1.44 1.49 1.54 1.58 1.62 1.66 1.69 1.71 1.73 1.76 1.81 1.85 1.87 1.86 1.84 1.79 1.73 1.66 1.57 1.47 1.37 1.26 1.15 1.04 0.92 0.82 0.71 0.62 0.53 0.46 0.41 0.37 0.35 0.35 0.37 0.39 0.41 0.41 0.40 0.39 0.36 0.34 0.30 0.27 0.23 0.18 0.14 0.10 0.05 0.01 0.00 0.00 0.00 0.00 0.00 0.00 0.00 0.00 0.00 0.00 0.00 0.00 0.00 0.00 0.00 0.00 0.00 0.00 0.00 0.01 0.05 0.08 0.11 0.15 0.18 0.21 0.24 0.26 0.29
1.30 1.34 1.37 1.41 1.45 1.48 1.51 1.54 1.56 1.58 1.59 1.60 1.60 1.60 1.62 1.67 1.71 1.73 1.74 1.72 1.69 1.63 1.57 1.49 1.41 1.31 1.21 1.11 1.01 0.91 0.81 0.72 0.64 0.57 0.51 0.47 0.44 0.43 0.45 0.47 0.49 0.51 0.51 0.49 0.47 0.44 0.41 0.37 0.33 0.28 0.24 0.19 0.15 0.10 0.06 0.02 0.00 0.00 0.00 0.00 0.00 0.00 0.00 0.00 0.00 0.00 0.00 0.00 0.00 0.00 0.00 0.00 0.01 0.04 0.07 0.10 0.13 0.16 0.19 0.22 0.24 0.27 0.29 0.32
1.38 1.41 1.44 1.46 1.49 1.50 1.52 1.52 1.52 1.52 1.50 1.48 1.46 1.46 1.48 1.53 1.57 1.60 1.60 1.59 1.57 1.53 1.47 1.40 1.33 1.25 1.16 1.07 0.98 0.89 0.80 0.73 0.66 0.60 0.55 0.53 0.51 0.52 0.53 0.56 0.58 0.59 0.60 0.58 0.55 0.52 0.48 0.44 0.39 0.35 0.30 0.25 0.21 0.16 0.12 0.09 0.05 0.02 0.00 0.00 0.00 0.00 0.00 0.00 0.00 0.01 0.02 0.03 0.04 0.04 0.06 0.07 0.09 0.11 0.14 0.16 0.19 0.22 0.24 0.27 0.30 0.32 0.34 0.36
1.46 1.48 1.49 1.50 1.51 1.51 1.50 1.49 1.46 1.43 1.39 1.35 1.32 1.32 1.34 1.39 1.43 1.45 1.46 1.46 1.44 1.41 1.36 1.31 1.24 1.17 1.09 1.02 0.94 0.86 0.79 0.72 0.67 0.62 0.59 0.58 0.58 0.59 0.61 0.63 0.65 0.67 0.67 0.66 0.64 0.60 0.56 0.51 0.47 0.42 0.37 0.32 0.28 0.24 0.20 0.16 0.14 0.11 0.10 0.09 0.09 0.09 0.10 0.10 0.11 0.11 0.12 0.13 0.14 0.15 0.16 0.17 0.18 0.20 0.22 0.24 0.27 0.29 0.31 0.34 0.36 0.39 0.41 0.43
1.53 1.54 1.54 1.53 1.52 1.50 1.47 1.43 1.38 1.32 1.26 1.22 1.19 1.19 1.21 1.25 1.29 1.31 1.32 1.32 1.30 1.28 1.25 1.20 1.15 1.09 1.02 0.95 0.89 0.83 0.77 0.72 0.67 0.64 0.63 0.62 0.64 0.66 0.68 0.70 0.72 0.73 0.73 0.73 0.72 0.69 0.64 0.59 0.55 0.50 0.45 0.41 0.36 0.32 0.29 0.26 0.23 0.22 0.21 0.21 0.21 0.21 0.21 0.22 0.22 0.23 0.24 0.25 0.25 0.26 0.27 0.28 0.29 0.30 0.32 0.34 0.36 0.38 0.40 0.42 0.44 0.46 0.48 0.50
1.60 1.60 1.58 1.56 1.52 1.48 1.43 1.37 1.29 1.21 1.15 1.10 1.06 1.05 1.07 1.11 1.14 1.16 1.17 1.17 1.16 1.14 1.12 1.08 1.04 0.99 0.94 0.88 0.83 0.78 0.74 0.70 0.67 0.65 0.65 0.66 0.69 0.71 0.74 0.76 0.77 0.78 0.79 0.79 0.78 0.76 0.73 0.69 0.64 0.59 0.54 0.50 0.46 0.42 0.39 0.37 0.35 0.34 0.34 0.34 0.34 0.34 0.34 0.34 0.34 0.35 0.36 0.37 0.37 0.38 0.39 0.39 0.40 0.41 0.42 0.44 0.46 0.48 0.50 0.52 0.54 0.56 0.57 0.59
1.67 1.65 1.62 1.57 1.52 1.46 1.38 1.29 1.19 1.11 1.04 0.98 0.94 0.93 0.94 0.97 1.00 1.02 1.02 1.02 1.01 1.00 0.98 0.95 0.92 0.89 0.85 0.81 0.77 0.73 0.70 0.67 0.66 0.66 0.68 0.70 0.73 0.77 0.79 0.81 0.82 0.82 0.83 0.84 0.84 0.83 0.81 0.78 0.74 0.69 0.65 0.61 0.57 0.54 0.51 0.50 0.49 0.48 0.49 0.48 0.48 0.48 0.47 0.47 0.47 0.48 0.49 0.49 0.50 0.51 0.51 0.52 0.52 0.53 0.54 0.55 0.57 0.58 0.60 0.62 0.64 0.66 0.67 0.69
1.75 1.71 1.65 1.59 1.51 1.42 1.32 1.21 1.11 1.02 0.94 0.87 0.83 0.81 0.81 0.84 0.86 0.87 0.88 0.87 0.86 0.85 0.83 0.81 0.79 0.77 0.74 0.72 0.69 0.67 0.65 0.64 0.64 0.66 0.70 0.73 0.78 0.81 0.84 0.86 0.86 0.86 0.87 0.88 0.89 0.89 0.89 0.87 0.85 0.80 0.76 0.73 0.70 0.67 0.65 0.64 0.64 0.64 0.64 0.63 0.63 0.62 0.61 0.61 0.61 0.61 0.62 0.62 0.63 0.63 0.64 0.64 0.65 0.66 0.66 0.67 0.68 0.70 0.71 0.73 0.75 0.77 0.78 0.79
1.82 1.77 1.69 1.61 1.51 1.39 1.27 1.15 1.04 0.94 0.85 0.78 0.73 0.70 0.69 0.71 0.73 0.73 0.73 0.73 0.71 0.70 0.68 0.67 0.65 0.64 0.63 0.61 0.60 0.59 0.59 0.60 0.63 0.67 0.72 0.77 0.82 0.86 0.89 0.90 0.90 0.90 0.90 0.91 0.93 0.94 0.95 0.96 0.95 0.93 0.90 0.87 0.84 0.82 0.81 0.81 0.81 0.81 0.80 0.79 0.78 0.76 0.75 0.75 0.75 0.75 0.75 0.76 0.76 0.77 0.77 0.78 0.78 0.79 0.79 0.80 0.81 0.82 0.83 0.85 0.87 0.88 0.89 0.89
1.91 1.83 1.74 1.63 1.50 1.37 1.23 1.10 0.98 0.87 0.78 0.70 0.63 0.59 0.58 0.59 0.60 0.60 0.59 0.58 0.57 0.55 0.53 0.52 0.51 0.50 0.50 0.50 0.50 0.51 0.53 0.56 0.61 0.67 0.74 0.80 0.86 0.90 0.94 0.95 0.94 0.93 0.93 0.94 0.97 0.99 1.01 1.04 1.05 1.05 1.04 1.02 1.00 0.99 0.99 0.99 0.99 0.98 0.96 0.95 0.93 0.92 0.90 0.89 0.89 0.89 0.89 0.90 0.90 0.90 0.91 0.91 0.92 0.92 0.92 0.93 0.94 0.95 0.96 0.97 0.99 1.00 1.00 1.00
1.97 1.90 1.79 1.66 1.51 1.36 1.22 1.08 0.95 0.82 0.72 0.63 0.55 0.50 0.48 0.48 0.48 0.47 0.46 0.44 0.42 0.40 0.39 0.37 0.36 0.36 0.36 0.38 0.39 0.42 0.47 0.53 0.60 0.68 0.76 0.83 0.90 0.95 0.98 0.99 0.97 0.95 0.96 0.97 1.00 1.03 1.07 1.11 1.14 1.17 1.19 1.19 1.18 1.18 1.18 1.18 1.17 1.15 1.13 1.11 1.09 1.07 1.05 1.04 1.03 1.03 1.04 1.04 1.04 1.04 1.05 1.05 1.05 1.05 1.06 1.06 1.07 1.08 1.09 1.10 1.11 1.11 1.11 1.11
2.02 1.96 1.85 1.70 1.54 1.38 1.22 1.07 0.93 0.79 0.67 0.57 0.49 0.43 0.39 0.38 0.37 0.35 0.33 0.31 0.28 0.26 0.24 0.22 0.21 0.21 0.22 0.24 0.28 0.34 0.41 0.50 0.60 0.69 0.79 0.87 0.94 1.00 1.03 1.03 1.00 0.98 0.98 1.00 1.03 1.07 1.12 1.18 1.23 1.28 1.33 1.36 1.38 1.39 1.38 1.37 1.35 1.33 1.30 1.28 1.25 1.23 1.21 1.19 1.18 1.18 1.18 1.18 1.18 1.18 1.19 1.19 1.19 1.19 1.19 1.20 1.20 1.21 1.22 1.22 1.23 1.22 1.22 1.21
2.04 1.99 1.90 1.76 1.59 1.42 1.25 1.09 0.93 0.78 0.65 0.53 0.44 0.36 0.31 0.29 0.27 0.24 0.21 0.18 0.15 0.12 0.10 0.08 0.07 0.07 0.08 0.11 0.17 0.26 0.37 0.48 0.60 0.71 0.82 0.91 0.99 1.05 1.08 1.07 1.04 1.01 1.01 1.02 1.06 1.11 1.17 1.24 1.31 1.39 1.46 1.53 1.57 1.59 1.58 1.56 1.54 1.51 1.48 1.44 1.41 1.39 1.36 1.34 1.33 1.33 1.33 1.33 1.33 1.33 1.32 1.32 1.33 1.33 1.33 1.33 1.34 1.34 1.34 1.34 1.34 1.34 1.33 1.32
2.03 2.00 1.93 1.82 1.67 1.49 1.30 1.12 0.95 0.79 0.65 0.52 0.41 0.32 0.25 0.21 0.18 0.14 0.10 0.06 0.02 0.00 0.00 0.00 0.00 0.00 0.00 0.00 0.09 0.20 0.33 0.47 0.61 0.74 0.86 0.96 1.04 1.10 1.13 1.12 1.08 1.04 1.03 1.05 1.09 1.15 1.22 1.31 1.40 1.49 1.59 1.68 1.74 1.78 1.78 1.76 1.72 1.69 1.65 1.61 1.58 1.54 1.52 1.49 1.48 1.48 1.47 1.47 1.47 1.47 1.46 1.46 1.46 1.46 1.46 1.46 1.47 1.47 1.46 1.46 1.45 1.45 1.44 1.43
2.01 2.00 1.95 1.87 1.74 1.58 1.38 1.19 1.00 0.82 0.66 0.52 0.39 0.29 0.21 0.15 0.11 0.06 0.00 0.00 0.00 0.00 0.00 0.00 0.00 0.00 0.00 0.00 0.02 0.16 0.31 0.47 0.62 0.77 0.90 1.02 1.10 1.16 1.19 1.17 1.12 1.08 1.06 1.08 1.12 1.19 1.27 1.37 1.48 1.60 1.71 1.81 1.89 1.94 1.96 1.95 1.91 1.87 1.82 1.78 1.74 1.70 1.67 1.65 1.63 1.62 1.62 1.61 1.61 1.61 1.60 1.60 1.60 1.59 1.59 1.59 1.59 1.59 1.58 1.57 1.56 1.55 1.54 1.53
1.98 1.98 1.96 1.90 1.80 1.66 1.48 1.28 1.07 0.88 0.70 0.54 0.40 0.28 0.18 0.11 0.05 0.00 0.00 0.00 0.00 0.00 0.00 0.00 0.00 0.00 0.00 0.00 0.00 0.14 0.30 0.48 0.65 0.81 0.96 1.08 1.17 1.23 1.25 1.23 1.17 1.12 1.10 1.11 1.16 1.23 1.32 1.44 1.56 1.70 1.82 1.92 2.01 2.07 2.11 2.11 2.09 2.05 2.00 1.95 1.90 1.86 1.83 1.80 1.78 1.77 1.76 1.76 1.75 1.74 1.74 1.73 1.73 1.73 1.72 1.72 1.71 1.70 1.69 1.68 1.67 1.65 1.64 1.63
1.94 1.96 1.95 1.91 1.83 1.73 1.58 1.39 1.17 0.96 0.77 0.59 0.43 0.29 0.17 0.09 0.01 0.00 0.00 0.00 0.00 0.00 0.00 0.00 0.00 0.00 0.00 0.00 0.00 0.16 0.33 0.51 0.69 0.87 1.03 1.15 1.25 1.31 1.33 1.30 1.23 1.17 1.14 1.15 1.20 1.28 1.38 1.51 1.64 1.77 1.90 2.00 2.10 2.17 2.22 2.25 2.25 2.22 2.17 2.12 2.07 2.02 1.98 1.95 1.92 1.91 1.90 1.89 1.89 1.88 1.87 1.86 1.86 1.85 1.84 1.83 1.82 1.81 1.79 1.78 1.77 1.75 1.74 1.73
1.88 1.92 1.92 1.90 1.85 1.77 1.65 1.49 1.29 1.07 0.85 0.66 0.48 0.32 0.19 0.08 0.00 0.00 0.00 0.00 0.00 0.00 0.00 0.00 0.00 0.00 0.00 0.00 0.03 0.20 0.39 0.57 0.76 0.94 1.11 1.24 1.34 1.40 1.42 1.38 1.29 1.22 1.19 1.20 1.25 1.33 1.44 1.57 1.70 1.83 1.95 2.06 2.16 2.24 2.31 2.35 2.38 2.37 2.34 2.28 2.22 2.17 2.13 2.09 2.07 2.05 2.04 2.03 2.02 2.01 2.00 1.99 1.98 1.97 1.96 1.94 1.93 1.91 1.89 1.88 1.86 1.85 1.83 1.82
1.82 1.86 1.88 1.88 1.85 1.79 1.70 1.57 1.41 1.20 0.97 0.75 0.55 0.38 0.23 0.10 0.00 0.00 0.00 0.00 0.00 0.00 0.00 0.00 0.00 0.00 0.00 0.00 0.11 0.29 0.48 0.67 0.86 1.04 1.20 1.34 1.45 1.50 1.51 1.47 1.37 1.29 1.25 1.26 1.31 1.39 1.50 1.62 1.74 1.86 1.98 2.09 2.20 2.29 2.36 2.42 2.46 2.48 2.47 2.44 2.38 2.32 2.27 2.23 2.21 2.19 2.17 2.16 2.15 2.14 2.12 2.11 2.10 2.08 2.06 2.04 2.02 2.00 1.99 1.97 1.95 1.94 1.92 1.91
1.74 1.80 1.83 1.84 1.83 1.79 1.73 1.63 1.49 1.32 1.11 0.88 0.66 0.46 0.29 0.14 0.00 0.00 0.00 0.00 0.00 0.00 0.00 0.00 0.00 0.00 0.00 0.06 0.23 0.42 0.62 0.81 0.99 1.17 1.33 1.46 1.56 1.62 1.62 1.57 1.46 1.37 1.32 1.32 1.37 1.45 1.55 1.65 1.76 1.87 1.99 2.10 2.20 2.30 2.39 2.46 2.52 2.55 2.57 2.56 2.53 2.47 2.42 2.37 2.34 2.32 2.30 2.29 2.27 2.26 2.24 2.22 2.21 2.18 2.16 2.14 2.12 2.10 2.07 2.05 2.04 2.02 2.01 2.00
1.66 1.72 1.76 1.79 1.79 1.78 1.73 1.66 1.55 1.41 1.24 1.02 0.79 0.57 0.37 0.20 0.05 0.00 0.00 0.00 0.00 0.00 0.00 0.00 0.00 0.00 0.05 0.22 0.40 0.60 0.79 0.98 1.17 1.33 1.48 1.61 1.70 1.75 1.75 1.68 1.56 1.46 1.40 1.40 1.44 1.50 1.57 1.66 1.76 1.86 1.97 2.07 2.18 2.28 2.38 2.46 2.53 2.59 2.63 2.65 2.64 2.60 2.55 2.50 2.47 2.44 2.43 2.41 2.39 2.37 2.35 2.33 2.30 2.28 2.25 2.23 2.20 2.18 2.16 2.14 2.12 2.10 2.09 2.09
1.56 1.63 1.68 1.72 1.74 1.74 1.71 1.67 1.59 1.48 1.34 1.16 0.94 0.70 0.49 0.29 0.11 0.00 0.00 0.00 0.00 0.00 0.00 0.00 0.00 0.09 0.25 0.44 0.63 0.82 1.02 1.21 1.38 1.54 1.68 1.79 1.86 1.90 1.89 1.82 1.68 1.56 1.50 1.48 1.49 1.53 1.58 1.65 1.73 1.82 1.92 2.02 2.13 2.23 2.33 2.43 2.51 2.59 2.65 2.69 2.71 2.70 2.68 2.63 2.59 2.56 2.54 2.52 2.50 2.48 2.45 2.42 2.39 2.37 2.34 2.31 2.28 2.26 2.23 2.21 2.20 2.18 2.17 2.17
1.46 1.52 1.58 1.63 1.66 1.68 1.67 1.65 1.60 1.52 1.40 1.26 1.08 0.86 0.63 0.41 0.21 0.04 0.00 0.00 0.00 0.00 0.00 0.06 0.19 0.35 0.52 0.71 0.90 1.10 1.29 1.47 1.64 1.79 1.92 2.01 2.07 2.08 2.05 1.96 1.81 1.68 1.60 1.55 1.53 1.54 1.57 1.61 1.68 1.76 1.85 1.94 2.05 2.15 2.26 2.36 2.46 2.55 2.62 2.69 2.73 2.76 2.76 2.74 2.71 2.68 2.65 2.63 2.60 2.57 2.54 2.51 2.48 2.44 2.41 2.38 2.36 2.33 2.31 2.28 2.27 2.25 2.25 2.24
1.34 1.41 1.47 1.52 1.57 1.60 1.61 1.60 1.58 1.52 1.44 1.33 1.19 1.01 0.79 0.56 0.36 0.21 0.12 0.08 0.10 0.15 0.24 0.36 0.50 0.67 0.85 1.04 1.24 1.43 1.62 1.80 1.96 2.09 2.20 2.27 2.31 2.30 2.25 2.13 1.97 1.81 1.69 1.61 1.55 1.53 1.53 1.56 1.60 1.67 1.74 1.83 1.93 2.04 2.15 2.25 2.36 2.46 2.56 2.64 2.71 2.77 2.80 2.82 2.80 2.78 2.75 2.72 2.69 2.65 2.62 2.58 2.55 2.52 2.48 2.45 2.42 2.39 2.37 2.35 2.34 2.32 2.32 2.32
1.22 1.28 1.35 1.41 1.46 1.50 1.53 1.54 1.54 1.51 1.46 1.38 1.27 1.12 0.95 0.75 0.58 0.46 0.40 0.39 0.42 0.49 0.60 0.73 0.88 1.06 1.24 1.43 1.63 1.82 2.00 2.16 2.31 2.43 2.52 2.57 2.59 2.55 2.46 2.32 2.13 1.93 1.77 1.65 1.56 1.51 1.48 1.48 1.51 1.55 1.62 1.70 1.79 1.89 2.00 2.12 2.23 2.35 2.46 2.56 2.65 2.73 2.80 2.84 2.87 2.87 2.84 2.81 2.77 2.73 2.70 2.66 2.62 2.58 2.55 2.51 2.48 2.46 2.43 2.42 2.40 2.39 2.39 2.39
1.11 1.17 1.24 1.30 1.36 1.41 1.45 1.48 1.50 1.49 1.46 1.41 1.34 1.23 1.11 0.99 0.88 0.79 0.75 0.75 0.80 0.89 1.00 1.14 1.30 1.48 1.66 1.85 2.04 2.22 2.39 2.54 2.67 2.77 2.84 2.87 2.85 2.78 2.66 2.49 2.28 2.05 1.86 1.69 1.57 1.48 1.43 1.41 1.41 1.44 1.49 1.56 1.64 1.74 1.85 1.97 2.09 2.21 2.33 2.45 2.57 2.67 2.77 2.84 2.91 2.95 2.95 2.91 2.87 2.83 2.78 2.74 2.70 2.66 2.62 2.59 2.56 2.53 2.51 2.49 2.47 2.47 2.47 2.47
1.02 1.08 1.14 1.21 1.27 1.33 1.39 1.43 1.46 1.48 1.47 1.45 1.41 1.35 1.30 1.25 1.20 1.17 1.15 1.17 1.23 1.32 1.44 1.59 1.75 1.92 2.10 2.28 2.46 2.63 2.78 2.91 3.02 3.10 3.14 3.13 3.09 2.99 2.84 2.64 2.41 2.17 1.95 1.75 1.59 1.47 1.38 1.33 1.31 1.32 1.35 1.41 1.48 1.58 1.68 1.80 1.93 2.06 2.20 2.33 2.47 2.59 2.71 2.82 2.92 3.00 3.03 3.03 2.99 2.94 2.89 2.84 2.80 2.75 2.71 2.68 2.64 2.61 2.59 2.57 2.56 2.55 2.55 2.56
0.95 1.00 1.06 1.13 1.19 1.26 1.32 1.38 1.43 1.46 1.48 1.49 1.49 1.50 1.51 1.53 1.55 1.57 1.59 1.63 1.69 1.79 1.91 2.06 2.21 2.38 2.55 2.72 2.88 3.03 3.16 3.27 3.35 3.40 3.41 3.37 3.29 3.16 2.99 2.78 2.53 2.27 2.03 1.81 1.61 1.46 1.34 1.26 1.22 1.20 1.22 1.26 1.33 1.41 1.51 1.63 1.76 1.90 2.05 2.20 2.35 2.50 2.64 2.78 2.91 3.02 3.10 3.12 3.11 3.06 3.01 2.95 2.90 2.86 2.81 2.77 2.74 2.70 2.68 2.66 2.64 2.64 2.64 2.65
0.89 0.94 0.99 1.06 1.13 1.20 1.27 1.34 1.40 1.45 1.50 1.54 1.60 1.68 1.75 1.82 1.90 1.97 2.05 2.12 2.19 2.29 2.41 2.54 2.69 2.85 3.00 3.15 3.30 3.42 3.53 3.61 3.66 3.67 3.65 3.57 3.45 3.30 3.12 2.89 2.63 2.36 2.11 1.87 1.65 1.46 1.31 1.20 1.13 1.09 1.09 1.11 1.17 1.24 1.34 1.46 1.59 1.73 1.89 2.05 2.22 2.39 2.56 2.73 2.89 3.03 3.14 3.20 3.21 3.19 3.13 3.08 3.02 2.97 2.92 2.87 2.84 2.80 2.77 2.75 2.74 2.73 2.73 2.74
0.86 0.89 0.94 1.00 1.07 1.15 1.23 1.30 1.38 1.45 1.53 1.63 1.75 1.87 2.00 2.13 2.25 2.38 2.49 2.60 2.70 2.80 2.91 3.04 3.17 3.31 3.45 3.58 3.70 3.80 3.87 3.92 3.94 3.91 3.84 3.73 3.60 3.43 3.23 2.99 2.72 2.44 2.17 1.92 1.68 1.47 1.29 1.15 1.05 0.98 0.96 0.97 1.01 1.07 1.16 1.28 1.41 1.56 1.72 1.90 2.08 2.27 2.47 2.67 2.86 3.02 3.15 3.24 3.29 3.30 3.26 3.21 3.14 3.09 3.03 2.98 2.94 2.90 2.87 2.85 2.83 2.82 2.82 2.83
0.84 0.86 0.91 0.96 1.03 1.11 1.19 1.27 1.36 1.46 1.59 1.75 1.92 2.09 2.27 2.44 2.61 2.77 2.93 3.08 3.21 3.32 3.42 3.53 3.65 3.77 3.88 3.99 4.07 4.14 4.18 4.20 4.17 4.10 4.00 3.87 3.72 3.54 3.33 3.08 2.79 2.50 2.22 1.95 1.70 1.48 1.28 1.10 0.97 0.89 0.84 0.83 0.85 0.91 0.99 1.10 1.23 1.38 1.55 1.74 1.94 2.16 2.38 2.60 2.81 3.00 3.15 3.27 3.34 3.38 3.37 3.34 3.27 3.21 3.15 3.09 3.05 3.00 2.97 2.94 2.92 2.91 2.91 2.91
0.84 0.85 0.88 0.93 1.00 1.07 1.16 1.25 1.36 1.51 1.69 1.89 2.11 2.33 2.55 2.76 2.96 3.16 3.35 3.52 3.68 3.82 3.93 4.02 4.12 4.21 4.30 4.37 4.42 4.46 4.46 4.43 4.36 4.26 4.13 3.99 3.83 3.63 3.41 3.15 2.85 2.55 2.25 1.98 1.72 1.48 1.27 1.07 0.92 0.80 0.73 0.70 0.71 0.75 0.82 0.92 1.05 1.20 1.38 1.58 1.80 2.04 2.28 2.52 2.74 2.96 3.13 3.27 3.37 3.43 3.45 3.44 3.40 3.33 3.27 3.21 3.15 3.10 3.06 3.03 3.01 2.99 2.99 3.00
