data_processed/recharge/precip/Precip_2007_02.asc
ncols        168
nrows        136
xllcorner    455000
yllcorner    2107000
cellsize     500
NODATA_value     -99999
[rows 68 to 101 of 136, columns 0 to 76 of 168]
18.39 18.66 18.93 19.20 19.45 19.70 19.95 20.18 20.38 20.47 20.36 20.09 19.64 19.05 18.32 17.48 16.55 15.53 14.46 13.33 12.17 10.98 9.79 8.62 7.61 6.96 6.68 6.76 7.16 7.88 8.89 10.18 11.72 13.46 15.28 17.07 18.81 20.48 22.08 23.57 24.93 26.18 27.29 28.30 29.19 29.97 30.65 31.23 31.73 32.16 32.58 32.99 33.38 33.76 34.13 34.48 34.81 35.12 35.40 35.53 35.48 35.26 34.90 34.40 33.79 33.10 32.35 31.56 30.74 29.90 29.07 28.27 27.50 26.80 26.20 25.76 25.49
18.12 18.39 18.66 18.92 19.17 19.42 19.66 19.89 20.11 20.31 20.37 20.25 19.95 19.49 18.88 18.15 17.31 16.38 15.36 14.28 13.14 11.98 10.78 9.59 8.54 7.85 7.50 7.49 7.80 8.40 9.27 10.40 11.77 13.36 15.12 16.92 18.67 20.35 21.93 23.39 24.72 25.93 27.02 28.00 28.88 29.65 30.33 30.91 31.40 31.85 32.27 32.69 33.09 33.48 33.86 34.22 34.56 34.89 35.21 35.48 35.61 35.57 35.35 35.00 34.52 33.95 33.30 32.59 31.83 31.05 30.25 29.45 28.68 27.95 27.32 26.83 26.49
17.86 18.13 18.39 18.65 18.91 19.15 19.39 19.62 19.84 20.05 20.23 20.28 20.15 19.84 19.38 18.77 18.04 17.20 16.26 15.24 14.16 13.02 11.84 10.65 9.59 8.85 8.46 8.38 8.60 9.10 9.86 10.86 12.07 13.49 15.09 16.83 18.58 20.24 21.79 23.21 24.50 25.68 26.75 27.70 28.56 29.32 29.98 30.56 31.06 31.51 31.94 32.36 32.77 33.17 33.55 33.92 34.28 34.62 34.95 35.26 35.53 35.66 35.62 35.43 35.10 34.67 34.13 33.51 32.83 32.10 31.35 30.58 29.81 29.07 28.41 27.89 27.50
17.61 17.88 18.14 18.40 18.66 18.90 19.14 19.37 19.59 19.80 20.00 20.17 20.21 20.08 19.78 19.32 18.71 17.99 17.14 16.21 15.18 14.09 12.95 11.77 10.71 9.96 9.53 9.40 9.56 9.97 10.63 11.51 12.59 13.86 15.29 16.87 18.54 20.16 21.65 23.03 24.28 25.43 26.46 27.40 28.23 28.97 29.63 30.20 30.70 31.15 31.58 32.01 32.42 32.83 33.22 33.60 33.96 34.31 34.65 34.98 35.28 35.55 35.70 35.69 35.53 35.23 34.82 34.31 33.72 33.07 32.37 31.63 30.89 30.15 29.47 28.92 28.50
17.36 17.64 17.90 18.16 18.42 18.66 18.90 19.13 19.35 19.56 19.76 19.96 20.13 20.19 20.06 19.76 19.30 18.71 17.98 17.14 16.20 15.17 14.08 12.93 11.89 11.14 10.70 10.54 10.64 10.99 11.56 12.34 13.31 14.44 15.72 17.12 18.58 20.08 21.52 22.85 24.07 25.17 26.18 27.08 27.90 28.62 29.26 29.83 30.32 30.77 31.21 31.64 32.05 32.46 32.86 33.24 33.61 33.97 34.32 34.65 34.98 35.30 35.59 35.77 35.78 35.64 35.37 34.98 34.49 33.92 33.29 32.61 31.89 31.17 30.49 29.93 29.48
17.13 17.40 17.67 17.94 18.19 18.44 18.68 18.91 19.14 19.35 19.55 19.76 19.96 20.14 20.20 20.08 19.79 19.34 18.74 18.01 17.17 16.23 15.21 14.11 13.10 12.37 11.93 11.75 11.82 12.12 12.63 13.33 14.19 15.21 16.34 17.54 18.78 20.08 21.41 22.68 23.85 24.92 25.89 26.77 27.56 28.27 28.89 29.45 29.94 30.38 30.82 31.24 31.66 32.07 32.47 32.86 33.24 33.60 33.95 34.30 34.64 34.99 35.33 35.65 35.85 35.88 35.76 35.50 35.13 34.66 34.11 33.49 32.82 32.12 31.46 30.90 30.44
16.91 17.18 17.46 17.72 17.98 18.23 18.47 18.71 18.93 19.15 19.37 19.58 19.79 20.00 20.19 20.26 20.15 19.86 19.41 18.81 18.09 17.25 16.31 15.28 14.32 13.63 13.20 13.03 13.09 13.35 13.81 14.44 15.23 16.13 17.09 18.09 19.13 20.22 21.36 22.53 23.65 24.68 25.61 26.46 27.22 27.91 28.52 29.06 29.54 29.98 30.41 30.84 31.26 31.66 32.06 32.45 32.83 33.20 33.56 33.93 34.30 34.66 35.03 35.39 35.72 35.93 35.98 35.87 35.63 35.27 34.81 34.26 33.65 32.99 32.36 31.81 31.35
16.69 16.97 17.25 17.52 17.78 18.04 18.28 18.52 18.75 18.98 19.20 19.42 19.64 19.86 20.07 20.27 20.35 20.24 19.96 19.51 18.92 18.20 17.36 16.42 15.53 14.89 14.50 14.35 14.40 14.66 15.08 15.67 16.37 17.12 17.91 18.73 19.60 20.50 21.45 22.44 23.47 24.45 25.34 26.16 26.89 27.55 28.14 28.67 29.14 29.57 30.00 30.42 30.84 31.24 31.64 32.03 32.41 32.78 33.16 33.55 33.93 34.32 34.71 35.09 35.46 35.80 36.02 36.07 35.97 35.74 35.38 34.93 34.39 33.78 33.18 32.66 32.21
16.49 16.77 17.05 17.33 17.60 17.86 18.11 18.35 18.59 18.82 19.05 19.28 19.50 19.73 19.95 20.18 20.38 20.47 20.37 20.09 19.65 19.06 18.34 17.50 16.70 16.13 15.80 15.68 15.75 16.01 16.42 16.95 17.53 18.14 18.78 19.45 20.15 20.89 21.66 22.48 23.34 24.23 25.08 25.86 26.56 27.20 27.77 28.28 28.74 29.16 29.58 30.00 30.41 30.81 31.20 31.59 31.97 32.36 32.75 33.15 33.56 33.96 34.36 34.76 35.15 35.53 35.88 36.10 36.15 36.05 35.82 35.46 35.01 34.47 33.92 33.43 33.02
16.29 16.58 16.87 17.15 17.42 17.69 17.95 18.20 18.44 18.68 18.92 19.15 19.38 19.61 19.84 20.07 20.30 20.52 20.61 20.52 20.24 19.81 19.22 18.51 17.81 17.33 17.06 17.00 17.11 17.39 17.78 18.22 18.68 19.16 19.66 20.19 20.75 21.35 21.97 22.63 23.33 24.07 24.84 25.58 26.25 26.85 27.40 27.89 28.34 28.75 29.16 29.57 29.97 30.36 30.75 31.14 31.53 31.93 32.34 32.76 33.18 33.59 34.01 34.42 34.82 35.22 35.60 35.94 36.16 36.21 36.10 35.86 35.50 35.04 34.56 34.12 33.74
16.10 16.40 16.69 16.98 17.26 17.53 17.80 18.05 18.30 18.55 18.79 19.03 19.26 19.50 19.73 19.97 20.21 20.45 20.67 20.77 20.68 20.42 19.99 19.41 18.84 18.46 18.28 18.28 18.45 18.74 19.07 19.41 19.76 20.14 20.53 20.94 21.38 21.85 22.34 22.87 23.43 24.02 24.65 25.31 25.94 26.52 27.04 27.51 27.94 28.34 28.74 29.13 29.52 29.91 30.30 30.69 31.10 31.51 31.93 32.36 32.79 33.21 33.64 34.06 34.47 34.88 35.27 35.65 35.98 36.19 36.23 36.12 35.86 35.49 35.08 34.72 34.39
15.92 16.23 16.53 16.83 17.11 17.39 17.66 17.92 18.17 18.42 18.67 18.91 19.15 19.39 19.63 19.87 20.11 20.36 20.61 20.84 20.95 20.87 20.61 20.19 19.75 19.49 19.42 19.52 19.73 19.98 20.23 20.49 20.77 21.05 21.35 21.67 22.01 22.36 22.75 23.15 23.59 24.06 24.56 25.09 25.66 26.20 26.69 27.14 27.55 27.94 28.32 28.70 29.08 29.46 29.85 30.26 30.67 31.10 31.53 31.96 32.40 32.83 33.26 33.69 34.11 34.52 34.92 35.30 35.67 35.99 36.19 36.21 36.08 35.81 35.49 35.20 34.94
15.75 16.07 16.38 16.68 16.97 17.25 17.52 17.79 18.04 18.30 18.55 18.80 19.04 19.28 19.53 19.77 20.02 20.27 20.52 20.78 21.02 21.13 21.06 20.81 20.53 20.42 20.47 20.64 20.84 21.04 21.24 21.44 21.65 21.87 22.10 22.34 22.59 22.86 23.15 23.46 23.80 24.16 24.55 24.97 25.42 25.90 26.36 26.78 27.17 27.54 27.91 28.28 28.65 29.03 29.43 29.84 30.26 30.69 31.12 31.56 32.01 32.45 32.88 33.31 33.74 34.15 34.55 34.94 35.31 35.66 35.96 36.13 36.14 35.99 35.77 35.57 35.38
15.59 15.92 16.23 16.53 16.83 17.11 17.39 17.65 17.92 18.18 18.43 18.68 18.93 19.17 19.42 19.67 19.92 20.17 20.42 20.68 20.95 21.20 21.33 21.27 21.16 21.20 21.36 21.54 21.72 21.89 22.06 22.22 22.39 22.56 22.73 22.91 23.10 23.31 23.52 23.76 24.01 24.29 24.58 24.91 25.26 25.64 26.04 26.44 26.81 27.16 27.51 27.86 28.23 28.62 29.02 29.44 29.86 30.29 30.73 31.17 31.62 32.06 32.50 32.93 33.36 33.77 34.17 34.56 34.93 35.28 35.60 35.88 36.03 36.01 35.90 35.80 35.68
15.44 15.76 16.08 16.39 16.68 16.97 17.25 17.52 17.79 18.05 18.30 18.56 18.81 19.06 19.31 19.56 19.81 20.06 20.32 20.58 20.85 21.12 21.38 21.52 21.61 21.78 21.99 22.17 22.34 22.51 22.66 22.80 22.95 23.09 23.23 23.37 23.52 23.67 23.84 24.01 24.20 24.41 24.64 24.88 25.15 25.45 25.77 26.12 26.46 26.79 27.12 27.48 27.85 28.23 28.64 29.05 29.48 29.91 30.35 30.79 31.24 31.68 32.11 32.55 32.97 33.38 33.78 34.16 34.53 34.87 35.20 35.50 35.74 35.86 35.88 35.87 35.77
15.28 15.61 15.93 16.24 16.54 16.83 17.11 17.38 17.65 17.91 18.17 18.43 18.68 18.93 19.18 19.43 19.69 19.94 20.20 20.46 20.73 21.01 21.29 21.57 21.81 22.06 22.29 22.49 22.68 22.85 23.01 23.16 23.29 23.43 23.55 23.68 23.80 23.93 24.06 24.20 24.35 24.51 24.68 24.87 25.08 25.30 25.56 25.83 26.13 26.44 26.77 27.12 27.49 27.88 28.28 28.69 29.12 29.55 29.98 30.42 30.86 31.30 31.73 32.16 32.58 32.98 33.38 33.76 34.12 34.46 34.77 35.06 35.33 35.54 35.67 35.70 35.62
15.11 15.44 15.77 16.08 16.38 16.67 16.95 17.23 17.50 17.76 18.02 18.28 18.53 18.79 19.04 19.29 19.55 19.81 20.07 20.33 20.61 20.88 21.17 21.46 21.77 22.06 22.33 22.57 22.79 22.98 23.16 23.32 23.47 23.61 23.74 23.86 23.98 24.09 24.20 24.32 24.44 24.57 24.70 24.85 25.01 25.19 25.39 25.60 25.82 26.08 26.41 26.76 27.12 27.51 27.91 28.32 28.74 29.17 29.60 30.03 30.47 30.90 31.33 31.75 32.17 32.57 32.95 33.33 33.68 34.01 34.32 34.60 34.86 35.08 35.23 35.30 35.25
14.90 15.23 15.56 15.88 16.18 16.48 16.76 17.04 17.32 17.59 17.85 18.11 18.37 18.63 18.89 19.15 19.40 19.67 19.93 20.20 20.48 20.76 21.05 21.35 21.67 21.99 22.30 22.59 22.84 23.07 23.27 23.46 23.62 23.77 23.91 24.03 24.14 24.25 24.35 24.45 24.55 24.65 24.76 24.87 24.99 25.12 25.26 25.40 25.50 25.64 25.92 26.27 26.64 27.03 27.43 27.84 28.26 28.69 29.12 29.56 29.99 30.43 30.86 31.28 31.69 32.09 32.47 32.84 33.19 33.52 33.83 34.11 34.35 34.53 34.66 34.73 34.72
14.68 14.98 15.31 15.64 15.95 16.25 16.55 16.83 17.11 17.39 17.66 17.93 18.20 18.46 18.72 18.99 19.25 19.52 19.79 20.07 20.35 20.64 20.94 21.25 21.58 21.92 22.26 22.58 22.88 23.14 23.37 23.58 23.77 23.93 24.08 24.21 24.32 24.43 24.52 24.61 24.69 24.76 24.84 24.92 25.00 25.09 25.17 25.20 25.16 25.17 25.34 25.65 26.03 26.42 26.83 27.25 27.68 28.12 28.56 29.00 29.44 29.88 30.31 30.74 31.15 31.56 31.95 32.32 32.67 33.01 33.32 33.59 33.79 33.93 34.01 34.06 34.06
14.49 14.73 15.03 15.36 15.68 16.00 16.30 16.60 16.89 17.17 17.45 17.73 18.01 18.28 18.55 18.83 19.10 19.38 19.66 19.95 20.24 20.54 20.85 21.17 21.51 21.85 22.20 22.56 22.89 23.19 23.46 23.70 23.91 24.09 24.25 24.39 24.51 24.61 24.70 24.78 24.84 24.90 24.95 25.00 25.05 25.08 25.06 24.96 24.81 24.70 24.75 24.96 25.31 25.72 26.14 26.57 27.01 27.46 27.91 28.37 28.82 29.27 29.71 30.15 30.58 30.99 31.39 31.77 32.14 32.48 32.78 33.01 33.18 33.27 33.32 33.33 33.31
14.35 14.51 14.75 15.06 15.39 15.71 16.03 16.34 16.64 16.94 17.23 17.52 17.81 18.09 18.38 18.66 18.95 19.24 19.53 19.83 20.13 20.44 20.76 21.10 21.44 21.79 22.15 22.52 22.88 23.22 23.53 23.80 24.04 24.24 24.42 24.57 24.70 24.80 24.89 24.96 25.02 25.06 25.09 25.11 25.11 25.05 24.92 24.71 24.45 24.23 24.18 24.29 24.55 24.93 25.37 25.82 26.28 26.75 27.21 27.69 28.15 28.62 29.08 29.53 29.98 30.41 30.82 31.22 31.59 31.93 32.20 32.40 32.52 32.58 32.59 32.57 32.52
14.24 14.34 14.51 14.76 15.07 15.41 15.74 16.06 16.38 16.69 17.00 17.30 17.60 17.90 18.20 18.50 18.80 19.11 19.41 19.72 20.04 20.36 20.69 21.04 21.39 21.75 22.12 22.49 22.86 23.23 23.57 23.88 24.15 24.38 24.58 24.75 24.88 25.00 25.09 25.15 25.20 25.23 25.24 25.23 25.15 24.98 24.75 24.45 24.08 23.76 23.61 23.63 23.80 24.11 24.54 25.01 25.49 25.98 26.48 26.97 27.46 27.95 28.43 28.91 29.37 29.82 30.25 30.67 31.05 31.36 31.59 31.75 31.84 31.86 31.84 31.79 31.70
14.16 14.21 14.32 14.51 14.76 15.08 15.43 15.77 16.10 16.43 16.75 17.08 17.39 17.71 18.03 18.34 18.66 18.98 19.30 19.63 19.95 20.29 20.63 20.98 21.35 21.71 22.09 22.46 22.84 23.22 23.59 23.93 24.24 24.50 24.72 24.91 25.06 25.19 25.28 25.35 25.39 25.41 25.40 25.31 25.14 24.89 24.56 24.17 23.72 23.31 23.07 23.01 23.10 23.34 23.70 24.17 24.68 25.19 25.71 26.24 26.76 27.27 27.78 28.28 28.77 29.25 29.71 30.13 30.49 30.76 30.95 31.07 31.13 31.12 31.06 30.98 30.87
14.11 14.11 14.17 14.31 14.50 14.77 15.10 15.46 15.81 16.16 16.51 16.85 17.19 17.52 17.86 18.19 18.53 18.86 19.20 19.54 19.88 20.22 20.58 20.94 21.31 21.69 22.07 22.45 22.83 23.21 23.59 23.96 24.30 24.59 24.85 25.06 25.23 25.37 25.47 25.54 25.59 25.59 25.51 25.34 25.09 24.76 24.36 23.88 23.35 22.87 22.55 22.42 22.44 22.61 22.91 23.33 23.84 24.39 24.95 25.50 26.06 26.61 27.15 27.68 28.20 28.71 29.18 29.58 29.90 30.13 30.29 30.38 30.40 30.36 30.28 30.17 30.04
14.08 14.04 14.06 14.15 14.30 14.52 14.80 15.15 15.52 15.89 16.26 16.62 16.98 17.34 17.70 18.05 18.40 18.76 19.11 19.46 19.81 20.17 20.53 20.90 21.28 21.67 22.06 22.44 22.83 23.22 23.60 23.97 24.33 24.67 24.95 25.19 25.38 25.54 25.65 25.73 25.76 25.71 25.56 25.33 25.01 24.61 24.14 23.60 22.99 22.44 22.06 21.87 21.83 21.94 22.19 22.56 23.04 23.60 24.19 24.79 25.38 25.97 26.55 27.12 27.68 28.20 28.65 29.01 29.29 29.49 29.62 29.68 29.67 29.60 29.50 29.37 29.21
14.08 14.00 13.99 14.03 14.14 14.32 14.55 14.86 15.23 15.62 16.01 16.40 16.78 17.16 17.54 17.92 18.29 18.65 19.02 19.38 19.75 20.12 20.49 20.88 21.26 21.66 22.05 22.44 22.84 23.22 23.61 23.98 24.35 24.71 25.02 25.29 25.52 25.69 25.82 25.90 25.89 25.77 25.57 25.27 24.90 24.44 23.91 23.31 22.65 22.04 21.61 21.36 21.27 21.34 21.55 21.88 22.32 22.86 23.47 24.11 24.74 25.38 26.00 26.62 27.20 27.70 28.11 28.44 28.68 28.85 28.95 28.98 28.95 28.85 28.73 28.57 28.40
14.09 13.99 13.94 13.96 14.03 14.17 14.37 14.63 14.96 15.35 15.76 16.18 16.59 17.00 17.40 17.79 18.18 18.56 18.94 19.31 19.69 20.07 20.46 20.85 21.25 21.65 22.05 22.45 22.84 23.24 23.62 24.00 24.37 24.73 25.07 25.37 25.62 25.82 25.96 26.00 25.94 25.78 25.53 25.19 24.76 24.26 23.68 23.03 22.32 21.66 21.18 20.89 20.77 20.81 20.98 21.28 21.70 22.22 22.82 23.48 24.17 24.85 25.52 26.16 26.72 27.19 27.56 27.86 28.08 28.22 28.29 28.29 28.23 28.12 27.97 27.80 27.61
14.11 13.99 13.93 13.92 13.97 14.07 14.24 14.47 14.76 15.12 15.53 15.97 16.41 16.84 17.26 17.67 18.07 18.47 18.86 19.25 19.64 20.03 20.43 20.83 21.24 21.65 22.05 22.46 22.86 23.25 23.64 24.02 24.39 24.75 25.09 25.42 25.70 25.91 26.03 26.03 25.93 25.74 25.45 25.07 24.60 24.06 23.44 22.76 22.01 21.31 20.80 20.48 20.33 20.34 20.49 20.78 21.18 21.68 22.28 22.94 23.66 24.40 25.10 25.72 26.25 26.68 27.03 27.29 27.48 27.60 27.64 27.62 27.55 27.41 27.24 27.06 26.85
14.15 14.01 13.93 13.91 13.94 14.02 14.16 14.36 14.63 14.95 15.33 15.78 16.23 16.68 17.12 17.55 17.96 18.38 18.78 19.19 19.59 20.00 20.40 20.81 21.23 21.64 22.06 22.47 22.88 23.27 23.67 24.05 24.42 24.77 25.12 25.44 25.73 25.93 26.02 25.99 25.87 25.65 25.33 24.92 24.43 23.86 23.21 22.50 21.72 21.00 20.47 20.12 19.96 19.95 20.09 20.37 20.77 21.27 21.86 22.54 23.27 24.02 24.71 25.29 25.79 26.19 26.51 26.75 26.91 27.00 27.03 26.99 26.89 26.74 26.56 26.36 26.14
14.19 14.05 13.96 13.92 13.94 14.01 14.14 14.32 14.56 14.85 15.21 15.61 16.06 16.53 16.98 17.43 17.86 18.29 18.71 19.13 19.55 19.96 20.38 20.80 21.22 21.65 22.07 22.48 22.89 23.30 23.69 24.07 24.44 24.80 25.14 25.45 25.69 25.86 25.93 25.89 25.75 25.51 25.18 24.75 24.24 23.66 22.99 22.26 21.47 20.73 20.18 19.83 19.65 19.64 19.78 20.06 20.47 20.98 21.58 22.27 22.99 23.69 24.33 24.88 25.35 25.72 26.02 26.23 26.37 26.44 26.45 26.39 26.28 26.11 25.92 25.70 25.48
14.23 14.09 14.00 13.97 13.98 14.04 14.15 14.32 14.54 14.82 15.14 15.51 15.92 16.38 16.85 17.31 17.76 18.20 18.64 19.07 19.50 19.93 20.36 20.79 21.22 21.65 22.08 22.50 22.91 23.32 23.72 24.10 24.47 24.83 25.15 25.42 25.61 25.73 25.78 25.73 25.59 25.34 25.00 24.57 24.05 23.46 22.78 22.04 21.24 20.50 19.94 19.59 19.42 19.42 19.57 19.86 20.28 20.81 21.43 22.12 22.78 23.41 23.99 24.50 24.94 25.29 25.56 25.75 25.87 25.93 25.91 25.84 25.71 25.54 25.33 25.11 24.88
14.27 14.14 14.06 14.03 14.04 14.10 14.21 14.37 14.59 14.84 15.13 15.46 15.83 16.25 16.72 17.19 17.66 18.12 18.57 19.01 19.45 19.89 20.33 20.77 21.21 21.65 22.09 22.51 22.93 23.34 23.74 24.13 24.50 24.84 25.12 25.34 25.49 25.56 25.58 25.52 25.37 25.13 24.79 24.37 23.85 23.26 22.59 21.85 21.06 20.31 19.77 19.42 19.27 19.28 19.45 19.77 20.21 20.77 21.40 22.02 22.62 23.18 23.70 24.17 24.57 24.90 25.15 25.32 25.43 25.46 25.43 25.35 25.21 25.03 24.81 24.59 24.35
14.30 14.19 14.13 14.10 14.13 14.19 14.31 14.47 14.66 14.89 15.16 15.46 15.80 16.18 16.61 17.08 17.56 18.03 18.49 18.95 19.41 19.86 20.31 20.76 21.21 21.65 22.09 22.53 22.95 23.36 23.77 24.15 24.51 24.82 25.05 25.22 25.33 25.37 25.35 25.27 25.12 24.89 24.57 24.15 23.65 23.08 22.42 21.70 20.91 20.18 19.65 19.33 19.20 19.24 19.44 19.78 20.26 20.83 21.41 21.97 22.50 23.01 23.48 23.89 24.26 24.56 24.79 24.95 25.04 25.06 25.02 24.93 24.78 24.59 24.37 24.14 23.90
14.33 14.24 14.20 14.19 14.23 14.31 14.44 14.59 14.77 14.98 15.22 15.50 15.81 16.16 16.55 16.98 17.45 17.94 18.42 18.89 19.36 19.82 20.28 20.74 21.20 21.65 22.10 22.54 22.97 23.38 23.79 24.16 24.49 24.75 24.94 25.08 25.15 25.16 25.12 25.01 24.85 24.63 24.33 23.94 23.46 22.91 22.27 21.57 20.81 20.10 19.60 19.31 19.21 19.29 19.53 19.92 20.41 20.93 21.44 21.94 22.43 22.88 23.30 23.68 24.01 24.29 24.50 24.64 24.72 24.73 24.68 24.58 24.43 24.23 24.01 23.78 23.54
