data_processed/recharge/precip/Precip_2005_07.asc
ncols        168
nrows        136
xllcorner    455000
yllcorner    2107000
cellsize     500
NODATA_value     -99999
[rows 0 to 31 of 136, columns 72 to 143 of 168]
306.71 298.87 290.55 281.84 272.81 263.54 254.12 244.62 235.19 225.99 217.05 208.42 200.11 192.15 184.58 177.41 170.68 164.41 158.66 153.56 149.12 145.33 142.13 139.50 137.39 135.79 134.77 134.37 134.48 135.00 135.81 136.82 137.91 138.99 140.05 141.07 142.04 142.94 143.78 144.53 145.18 145.73 146.16 146.46 146.64 146.76 146.88 147.08 147.43 148.00 148.86 149.93 151.05 152.21 153.41 154.65 155.92 157.23 158.60 160.06 161.63 163.28 165.00 166.79 168.61 170.47 172.34 174.20 176.03 177.63 178.88 179.77
304.09 296.24 287.91 279.19 270.15 260.87 251.44 242.02 232.77 223.75 214.97 206.47 198.28 190.42 182.92 175.81 169.12 162.86 157.08 151.83 147.20 143.24 139.89 137.13 134.91 133.22 132.11 131.61 131.62 132.03 132.72 133.59 134.55 135.52 136.49 137.46 138.41 139.33 140.21 141.03 141.79 142.48 143.07 143.57 143.97 144.27 144.55 144.88 145.33 145.97 146.86 147.95 149.09 150.27 151.49 152.75 154.04 155.39 156.85 158.40 160.05 161.77 163.56 165.39 167.25 169.13 171.01 172.89 174.73 176.51 178.05 179.21
301.16 293.29 284.95 276.21 267.16 257.87 248.53 239.31 230.26 221.42 212.81 204.46 196.39 188.63 181.22 174.17 167.52 161.29 155.51 150.21 145.44 141.30 137.79 134.88 132.55 130.75 129.55 128.95 128.84 129.12 129.68 130.40 131.19 132.02 132.89 133.78 134.69 135.59 136.49 137.36 138.20 139.00 139.73 140.41 141.00 141.51 141.96 142.43 142.99 143.71 144.66 145.78 146.95 148.17 149.42 150.71 152.06 153.52 155.08 156.74 158.47 160.27 162.12 164.00 165.90 167.81 169.71 171.59 173.44 175.23 176.93 178.36
297.98 290.10 281.73 272.97 263.91 254.72 245.60 236.61 227.78 219.13 210.69 202.49 194.55 186.90 179.58 172.60 166.00 159.80 154.03 148.72 143.90 139.61 135.93 132.88 130.41 128.51 127.20 126.48 126.25 126.40 126.78 127.28 127.88 128.55 129.28 130.07 130.90 131.77 132.65 133.55 134.44 135.32 136.17 136.99 137.76 138.48 139.12 139.75 140.44 141.26 142.27 143.44 144.66 145.92 147.22 148.58 150.05 151.63 153.31 155.07 156.89 158.77 160.68 162.62 164.57 166.52 168.44 170.33 172.17 173.96 175.66 177.24
294.63 286.72 278.33 269.56 260.60 251.66 242.80 234.05 225.43 216.98 208.71 200.67 192.87 185.34 178.12 171.22 164.67 158.51 152.76 147.45 142.60 138.24 134.43 131.21 128.61 126.58 125.16 124.31 123.95 123.90 124.02 124.27 124.64 125.12 125.69 126.35 127.09 127.89 128.74 129.63 130.55 131.49 132.43 133.37 134.29 135.18 136.04 136.85 137.68 138.61 139.70 140.93 142.21 143.54 144.92 146.42 148.03 149.74 151.53 153.40 155.32 157.28 159.27 161.27 163.27 165.25 167.20 169.11 170.96 172.73 174.42 176.00
291.17 283.23 274.83 266.17 257.48 248.82 240.23 231.72 223.33 215.08 207.00 199.12 191.47 184.06 176.94 170.13 163.65 157.53 151.80 146.49 141.63 137.24 133.34 129.99 127.24 125.08 123.53 122.55 121.97 121.60 121.41 121.38 121.51 121.77 122.16 122.67 123.28 123.99 124.78 125.64 126.56 127.53 128.53 129.56 130.61 131.66 132.70 133.72 134.73 135.78 136.97 138.28 139.64 141.06 142.60 144.25 146.00 147.85 149.76 151.74 153.76 155.81 157.87 159.94 161.99 164.02 166.00 167.93 169.79 171.56 173.23 174.79
287.68 279.72 271.44 263.08 254.70 246.33 238.01 229.75 221.59 213.56 205.67 197.96 190.45 183.18 176.17 169.44 163.04 156.97 151.27 145.97 141.10 136.68 132.74 129.30 126.42 124.12 122.42 121.21 120.26 119.53 119.01 118.67 118.52 118.54 118.72 119.05 119.51 120.10 120.80 121.60 122.50 123.47 124.52 125.62 126.76 127.94 129.14 130.36 131.57 132.79 134.09 135.49 136.97 138.55 140.26 142.07 143.98 145.96 148.00 150.09 152.22 154.36 156.50 158.64 160.75 162.83 164.85 166.80 168.67 170.45 172.11 173.65
284.24 276.41 268.44 260.42 252.36 244.29 236.25 228.25 220.33 212.51 204.82 197.28 189.94 182.80 175.91 169.28 162.95 156.94 151.28 146.00 141.12 136.68 132.70 129.20 126.22 123.78 121.84 120.21 118.84 117.71 116.83 116.16 115.71 115.46 115.40 115.52 115.81 116.25 116.84 117.56 118.41 119.36 120.41 121.56 122.77 124.06 125.40 126.78 128.19 129.62 131.08 132.61 134.27 136.04 137.93 139.90 141.96 144.09 146.26 148.47 150.70 152.94 155.17 157.38 159.56 161.69 163.75 165.73 167.62 169.40 171.06 172.58
280.81 273.10 265.50 257.83 250.11 242.36 234.61 226.88 219.21 211.63 204.15 196.82 189.64 182.66 175.91 169.39 163.16 157.22 151.62 146.37 141.51 137.06 133.05 129.51 126.46 123.86 121.52 119.42 117.61 116.07 114.80 113.78 113.01 112.47 112.16 112.05 112.14 112.42 112.87 113.49 114.26 115.17 116.22 117.38 118.65 120.02 121.47 123.00 124.58 126.23 127.97 129.79 131.65 133.61 135.67 137.81 140.03 142.29 144.60 146.93 149.27 151.61 153.92 156.21 158.45 160.63 162.73 164.74 166.65 168.44 170.09 171.60
277.17 269.02 261.61 254.33 246.98 239.58 232.17 224.76 217.39 210.08 202.86 195.76 188.80 182.02 175.43 169.07 162.97 157.16 151.65 146.48 141.67 137.26 133.26 129.71 126.56 123.74 121.11 118.60 116.33 114.37 112.71 111.34 110.24 109.40 108.82 108.47 108.36 108.47 108.78 109.28 109.98 110.84 111.87 113.04 114.36 115.80 117.36 119.02 120.78 122.69 124.86 127.12 129.27 131.42 133.65 135.95 138.31 140.71 143.14 145.58 148.02 150.44 152.84 155.19 157.49 159.71 161.84 163.87 165.79 167.58 169.22 170.70
273.41 264.64 256.86 249.79 242.86 235.87 228.83 221.79 214.75 207.77 200.85 194.03 187.33 180.79 174.42 168.27 162.35 156.69 151.32 146.27 141.56 137.23 133.29 129.70 126.36 123.31 120.44 117.66 115.01 112.62 110.56 108.82 107.39 106.25 105.40 104.81 104.49 104.41 104.58 104.97 105.57 106.38 107.39 108.57 109.92 111.43 113.09 114.89 116.88 119.19 121.79 124.49 127.06 129.48 131.87 134.32 136.81 139.33 141.87 144.41 146.94 149.45 151.91 154.32 156.66 158.91 161.07 163.11 165.03 166.80 168.42 169.87
269.54 260.22 251.90 244.53 237.85 231.30 224.69 218.05 211.40 204.78 198.21 191.71 185.32 179.07 172.97 167.06 161.36 155.91 150.73 145.84 141.28 137.07 133.14 129.39 125.86 122.59 119.50 116.50 113.61 110.86 108.40 106.29 104.52 103.07 101.94 101.10 100.57 100.31 100.32 100.59 101.10 101.85 102.82 104.01 105.39 106.97 108.73 110.72 113.09 115.80 118.79 121.87 124.84 127.65 130.29 132.88 135.50 138.14 140.78 143.41 146.02 148.59 151.11 153.56 155.94 158.21 160.38 162.42 164.33 166.08 167.66 169.06
265.57 255.78 246.99 239.16 232.24 225.97 219.83 213.64 207.43 201.21 195.03 188.91 182.87 176.94 171.15 165.53 160.11 154.91 149.96 145.28 140.91 136.76 132.71 128.79 125.07 121.60 118.31 115.12 112.03 109.06 106.27 103.78 101.66 99.90 98.48 97.40 96.64 96.19 96.04 96.18 96.60 97.28 98.22 99.40 100.81 102.45 104.37 106.72 109.46 112.54 115.86 119.27 122.60 125.79 128.80 131.62 134.35 137.09 139.82 142.54 145.22 147.84 150.41 152.90 155.29 157.58 159.75 161.78 163.66 165.38 166.92 168.25
261.52 251.32 242.13 233.90 226.60 220.16 214.34 208.64 202.90 197.15 191.40 185.69 180.05 174.50 169.07 163.78 158.68 153.77 149.09 144.67 140.41 136.18 131.99 127.92 124.02 120.37 116.90 113.53 110.27 107.13 104.14 101.34 98.87 96.79 95.08 93.74 92.75 92.11 91.80 91.80 92.12 92.73 93.62 94.79 96.23 98.00 100.24 102.94 106.02 109.41 113.01 116.71 120.34 123.87 127.24 130.40 133.33 136.17 138.99 141.77 144.50 147.18 149.78 152.29 154.70 156.99 159.15 161.16 163.01 164.68 166.15 167.37
257.38 246.86 237.34 228.79 221.16 214.42 208.49 203.15 197.93 192.67 187.41 182.16 176.96 171.83 166.80 161.90 157.15 152.58 148.22 143.97 139.66 135.32 131.00 126.79 122.75 118.93 115.29 111.76 108.34 105.06 101.92 98.95 96.19 93.78 91.78 90.18 88.96 88.11 87.62 87.49 87.70 88.23 89.08 90.24 91.78 93.83 96.41 99.41 102.78 106.42 110.27 114.19 118.09 121.90 125.57 129.06 132.32 135.34 138.23 141.07 143.86 146.57 149.19 151.72 154.13 156.41 158.55 160.53 162.33 163.94 165.31 166.40
253.17 242.39 232.62 223.82 215.95 208.96 202.80 197.42 192.59 187.88 183.14 178.40 173.68 169.02 164.43 159.96 155.61 151.43 147.29 143.02 138.63 134.20 129.77 125.44 121.26 117.30 113.51 109.83 106.28 102.86 99.60 96.50 93.59 90.92 88.62 86.75 85.29 84.23 83.57 83.29 83.38 83.84 84.64 85.86 87.66 90.02 92.88 96.15 99.75 103.60 107.63 111.74 115.85 119.89 123.82 127.60 131.16 134.48 137.53 140.42 143.24 145.98 148.62 151.15 153.55 155.81 157.92 159.86 161.60 163.11 164.36 165.34
248.89 237.93 227.98 219.00 210.96 203.80 197.47 191.94 187.13 182.85 178.68 174.49 170.30 166.15 162.06 158.05 154.15 150.24 146.13 141.81 137.36 132.84 128.33 123.89 119.59 115.50 111.58 107.77 104.10 100.56 97.19 93.99 90.99 88.19 85.65 83.50 81.80 80.53 79.69 79.26 79.23 79.59 80.43 81.88 83.96 86.59 89.68 93.15 96.94 100.95 105.12 109.37 113.63 117.85 122.00 126.01 129.83 133.43 136.76 139.79 142.64 145.39 148.04 150.56 152.94 155.17 157.24 159.11 160.77 162.17 163.32 164.20
244.55 233.48 223.42 214.35 206.21 198.95 192.53 186.91 182.02 177.83 174.12 170.53 166.92 163.32 159.76 156.26 152.70 148.84 144.71 140.36 135.86 131.28 126.69 122.17 117.77 113.56 109.52 105.61 101.83 98.20 94.73 91.45 88.36 85.49 82.84 80.48 78.53 77.04 76.01 75.42 75.27 75.64 76.68 78.39 80.70 83.53 86.81 90.44 94.37 98.50 102.75 107.08 111.45 115.81 120.11 124.31 128.35 132.18 135.76 139.04 142.01 144.77 147.41 149.91 152.27 154.46 156.46 158.26 159.81 161.13 162.18 162.96
240.16 229.06 218.96 209.86 201.69 194.41 187.98 182.33 177.44 173.24 169.69 166.60 163.61 160.61 157.62 154.51 151.04 147.19 143.05 138.68 134.15 129.53 124.89 120.29 115.81 111.51 107.37 103.36 99.49 95.78 92.24 88.88 85.74 82.81 80.11 77.67 75.53 73.82 72.59 71.85 71.66 72.20 73.47 75.39 77.89 80.88 84.29 88.04 92.04 96.24 100.53 104.90 109.33 113.77 118.18 122.51 126.71 130.73 134.52 138.04 141.23 144.09 146.71 149.19 151.50 153.64 155.57 157.27 158.75 159.97 160.94 161.65
235.72 224.66 214.61 205.54 197.42 190.20 183.82 178.23 173.40 169.27 165.79 162.91 160.46 158.10 155.55 152.57 149.13 145.31 141.19 136.82 132.27 127.62 122.94 118.29 113.74 109.36 105.14 101.05 97.11 93.34 89.74 86.33 83.14 80.17 77.44 74.97 72.77 70.90 69.48 68.66 68.63 69.37 70.83 72.91 75.54 78.64 82.13 85.94 89.99 94.19 98.48 102.83 107.27 111.75 116.22 120.64 124.95 129.10 133.06 136.76 140.16 143.22 145.91 148.35 150.62 152.68 154.54 156.17 157.56 158.72 159.61 160.24
231.25 220.29 210.35 201.41 193.41 186.31 180.06 174.61 169.91 165.92 162.58 159.85 157.67 155.69 153.30 150.38 147.01 143.23 139.14 134.78 130.24 125.58 120.87 116.19 111.59 107.14 102.86 98.71 94.72 90.89 87.25 83.81 80.59 77.60 74.85 72.37 70.17 68.26 66.81 66.12 66.26 67.17 68.75 70.94 73.66 76.82 80.35 84.17 88.20 92.37 96.60 100.89 105.29 109.75 114.24 118.69 123.06 127.30 131.37 135.21 138.78 142.02 144.89 147.38 149.58 151.58 153.37 154.93 156.27 157.36 158.19 158.76
226.74 215.97 206.22 197.47 189.67 182.76 176.71 171.47 166.98 163.19 160.07 157.55 155.39 153.21 150.82 147.99 144.69 140.97 136.92 132.60 128.08 123.43 118.72 114.01 109.38 104.89 100.55 96.36 92.33 88.48 84.81 81.36 78.12 75.12 72.38 69.90 67.72 65.93 64.77 64.30 64.58 65.60 67.27 69.52 72.27 75.44 78.96 82.74 86.71 90.79 94.91 99.09 103.40 107.80 112.25 116.68 121.07 125.35 129.48 133.41 137.09 140.47 143.50 146.15 148.39 150.34 152.07 153.58 154.86 155.89 156.67 157.19
222.21 211.69 202.21 193.72 186.19 179.56 173.78 168.81 164.61 161.11 158.27 155.82 153.38 150.86 148.23 145.41 142.20 138.56 134.57 130.30 125.82 121.19 116.49 111.78 107.13 102.61 98.24 94.03 89.98 86.11 82.44 78.98 75.75 72.77 70.04 67.59 65.54 64.11 63.34 63.17 63.60 64.67 66.38 68.64 71.37 74.51 77.96 81.66 85.52 89.47 93.43 97.44 101.62 105.90 110.26 114.64 118.98 123.25 127.39 131.36 135.10 138.58 141.74 144.54 146.95 148.94 150.64 152.10 153.34 154.33 155.07 155.54
217.66 207.48 198.33 190.18 182.99 176.70 171.27 166.66 162.81 159.66 156.94 154.26 151.51 148.68 145.76 142.75 139.56 136.02 132.11 127.91 123.48 118.89 114.22 109.52 104.87 100.34 95.96 91.74 87.69 83.82 80.16 76.72 73.51 70.55 67.86 65.56 63.89 62.87 62.46 62.61 63.26 64.41 66.10 68.32 70.99 74.04 77.38 80.95 84.65 88.41 92.16 95.97 99.95 104.07 108.29 112.56 116.82 121.02 125.13 129.09 132.85 136.38 139.64 142.58 145.15 147.32 149.07 150.51 151.71 152.67 153.37 153.82
213.10 203.32 194.58 186.85 180.07 174.20 169.20 165.01 161.57 158.61 155.70 152.74 149.72 146.63 143.46 140.22 136.88 133.38 129.57 125.45 121.09 116.56 111.93 107.26 102.63 98.11 93.73 89.51 85.47 81.63 77.99 74.58 71.42 68.51 65.98 64.08 62.84 62.20 62.13 62.57 63.46 64.76 66.45 68.58 71.14 74.05 77.23 80.61 84.10 87.63 91.12 94.67 98.41 102.33 106.36 110.46 114.58 118.68 122.70 126.60 130.35 133.91 137.24 140.28 143.00 145.35 147.28 148.78 149.97 150.90 151.59 152.01
208.54 199.24 190.98 183.73 177.44 172.07 167.56 163.86 160.67 157.55 154.40 151.21 147.96 144.65 141.28 137.84 134.32 130.71 126.96 122.94 118.67 114.21 109.64 105.03 100.43 95.93 91.57 87.38 83.37 79.56 75.97 72.61 69.50 66.77 64.66 63.21 62.38 62.10 62.34 63.04 64.14 65.60 67.37 69.43 71.83 74.55 77.52 80.66 83.89 87.14 90.32 93.56 97.02 100.67 104.47 108.36 112.30 116.23 120.13 123.95 127.66 131.23 134.59 137.71 140.54 143.04 145.16 146.86 148.12 149.05 149.72 150.13
203.98 195.24 187.54 180.84 175.12 170.31 166.35 162.96 159.65 156.33 152.98 149.59 146.16 142.69 139.16 135.56 131.90 128.17 124.36 120.41 116.24 111.88 107.39 102.84 98.29 93.83 89.50 85.36 81.40 77.64 74.11 70.82 67.91 65.61 63.98 62.96 62.51 62.56 63.09 64.02 65.31 66.90 68.76 70.82 73.07 75.55 78.26 81.12 84.04 86.95 89.78 92.66 95.78 99.12 102.64 106.27 109.97 113.71 117.45 121.17 124.82 128.36 131.73 134.90 137.82 140.44 142.72 144.61 146.07 147.09 147.76 148.18
199.44 191.32 184.25 178.19 173.10 168.91 165.32 161.85 158.38 154.89 151.38 147.85 144.29 140.68 137.04 133.34 129.59 125.77 121.89 117.92 113.84 109.59 105.19 100.72 96.24 91.83 87.56 83.47 79.58 75.90 72.45 69.37 66.90 65.11 63.93 63.31 63.21 63.58 64.35 65.49 66.94 68.65 70.56 72.63 74.81 77.07 79.47 81.99 84.56 87.09 89.51 91.98 94.72 97.70 100.87 104.20 107.62 111.14 114.72 118.31 121.87 125.35 128.70 131.89 134.86 137.58 139.99 142.05 143.72 144.94 145.72 146.15
194.92 187.50 181.12 175.77 171.37 167.61 163.99 160.38 156.77 153.17 149.55 145.92 142.27 138.59 134.87 131.12 127.31 123.46 119.54 115.56 111.51 107.35 103.07 98.70 94.31 89.97 85.77 81.76 77.95 74.36 71.13 68.52 66.58 65.26 64.50 64.26 64.49 65.14 66.14 67.46 69.04 70.83 72.78 74.83 76.94 79.06 81.16 83.30 85.46 87.55 89.52 91.53 93.83 96.41 99.20 102.17 105.32 108.60 111.98 115.41 118.85 122.24 125.55 128.73 131.73 134.51 137.02 139.22 141.07 142.51 143.50 144.04
190.42 183.77 178.18 173.59 169.67 165.91 162.19 158.48 154.79 151.11 147.43 143.74 140.05 136.33 132.60 128.83 125.02 121.18 117.28 113.32 109.31 105.22 101.05 96.80 92.51 88.26 84.15 80.23 76.52 73.17 70.43 68.37 66.92 66.05 65.69 65.81 66.34 67.23 68.44 69.91 71.60 73.44 75.39 77.41 79.42 81.40 83.28 85.05 86.75 88.36 89.83 91.33 93.15 95.26 97.63 100.25 103.10 106.12 109.28 112.52 115.80 119.08 122.32 125.46 128.46 131.27 133.86 136.17 138.16 139.79 141.01 141.77
185.96 180.16 175.39 171.34 167.47 163.65 159.86 156.11 152.38 148.67 144.97 141.27 137.58 133.88 130.16 126.43 122.66 118.87 115.03 111.15 107.22 103.23 99.17 95.04 90.88 86.74 82.73 78.92 75.46 72.62 70.45 68.91 67.93 67.48 67.50 67.93 68.74 69.86 71.24 72.84 74.60 76.48 78.41 80.35 82.25 84.06 85.72 87.19 88.44 89.53 90.44 91.38 92.67 94.29 96.24 98.49 101.01 103.74 106.64 109.67 112.77 115.91 119.04 122.11 125.08 127.91 130.54 132.94 135.05 136.83 138.25 139.24
181.53 176.64 172.47 168.50 164.60 160.76 156.96 153.20 149.47 145.78 142.11 138.45 134.80 131.16 127.51 123.85 120.17 116.48 112.75 108.99 105.18 101.33 97.42 93.45 89.43 85.41 81.53 77.98 75.06 72.81 71.18 70.13 69.60 69.54 69.90 70.64 71.69 73.01 74.54 76.24 78.05 79.93 81.81 83.66 85.41 87.03 88.45 89.62 90.50 91.06 91.37 91.71 92.43 93.56 95.08 96.94 99.10 101.51 104.13 106.91 109.81 112.77 115.77 118.75 121.66 124.46 127.11 129.56 131.76 133.68 135.26 136.45
