data_processed/recharge/precip/Precip_1996_04.asc
ncols        168
nrows        136
xllcorner    455000
yllcorner    2107000
cellsize     500
NODATA_value     -99999
[rows 102 to 135 of 136, columns 77 to 153 of 168]
34.81 34.70 34.62 34.55 34.47 34.37 34.27 34.14 34.00 33.84 33.66 33.46 33.23 32.98 32.69 32.38 32.04 31.66 31.26 30.82 30.35 29.84 29.29 28.71 28.11 27.51 26.90 26.30 25.70 25.08 24.45 23.83 23.20 22.59 22.00 21.43 20.90 20.40 19.96 19.56 19.23 18.97 18.78 18.67 18.63 18.66 18.74 18.88 19.10 19.36 19.64 19.94 20.25 20.56 20.82 21.00 21.09 21.10 21.05 20.94 20.78 20.59 20.38 20.15 19.91 19.68 19.46 19.27 19.12 19.01 18.97 19.01 19.14 19.37 19.72 20.25 21.00
35.51 35.35 35.21 35.06 34.91 34.76 34.59 34.42 34.24 34.04 33.83 33.61 33.37 33.10 32.82 32.51 32.18 31.82 31.43 31.02 30.58 30.11 29.61 29.08 28.53 27.97 27.41 26.83 26.24 25.62 24.99 24.35 23.72 23.09 22.47 21.88 21.32 20.79 20.31 19.87 19.50 19.18 18.94 18.78 18.70 18.70 18.76 18.88 19.07 19.31 19.57 19.85 20.13 20.37 20.52 20.59 20.58 20.51 20.38 20.21 20.01 19.78 19.54 19.29 19.05 18.82 18.63 18.47 18.35 18.30 18.31 18.41 18.61 18.93 19.37 20.01 20.86
36.07 35.84 35.62 35.41 35.20 34.99 34.78 34.57 34.35 34.12 33.89 33.65 33.40 33.14 32.86 32.56 32.25 31.91 31.56 31.18 30.77 30.35 29.90 29.43 28.94 28.43 27.90 27.35 26.76 26.14 25.51 24.87 24.23 23.58 22.95 22.34 21.75 21.20 20.68 20.21 19.79 19.43 19.14 18.93 18.79 18.74 18.78 18.88 19.04 19.26 19.50 19.75 19.96 20.08 20.12 20.09 20.00 19.85 19.65 19.43 19.18 18.92 18.65 18.40 18.16 17.95 17.77 17.65 17.58 17.59 17.67 17.84 18.13 18.53 19.08 19.82 20.78
36.44 36.15 35.86 35.59 35.33 35.07 34.82 34.57 34.33 34.08 33.84 33.59 33.33 33.07 32.81 32.53 32.24 31.94 31.62 31.29 30.93 30.56 30.17 29.76 29.33 28.88 28.38 27.83 27.25 26.65 26.02 25.38 24.73 24.08 23.43 22.80 22.20 21.62 21.07 20.57 20.11 19.71 19.38 19.11 18.92 18.82 18.80 18.88 19.02 19.21 19.42 19.60 19.69 19.70 19.63 19.51 19.33 19.11 18.85 18.58 18.29 18.01 17.73 17.47 17.24 17.05 16.91 16.83 16.82 16.89 17.05 17.31 17.68 18.19 18.84 19.70 20.75
36.63 36.27 35.93 35.60 35.29 34.99 34.71 34.43 34.17 33.91 33.66 33.41 33.16 32.92 32.67 32.42 32.16 31.90 31.63 31.34 31.05 30.74 30.42 30.08 29.71 29.28 28.81 28.28 27.72 27.12 26.50 25.86 25.21 24.56 23.90 23.26 22.64 22.04 21.47 20.93 20.45 20.01 19.63 19.32 19.09 18.93 18.86 18.88 19.00 19.16 19.29 19.35 19.32 19.21 19.05 18.84 18.58 18.30 17.99 17.68 17.36 17.06 16.77 16.52 16.30 16.14 16.04 16.01 16.06 16.20 16.45 16.81 17.29 17.90 18.67 19.62 20.69
36.64 36.22 35.82 35.45 35.10 34.77 34.46 34.17 33.89 33.62 33.37 33.13 32.89 32.67 32.45 32.23 32.01 31.79 31.57 31.35 31.12 30.89 30.64 30.37 30.04 29.64 29.19 28.69 28.15 27.57 26.96 26.32 25.68 25.02 24.36 23.71 23.08 22.46 21.87 21.31 20.79 20.33 19.91 19.56 19.28 19.08 18.95 18.92 18.98 19.06 19.07 18.99 18.85 18.64 18.39 18.09 17.77 17.43 17.08 16.73 16.39 16.07 15.79 15.54 15.35 15.22 15.17 15.20 15.32 15.54 15.88 16.34 16.93 17.67 18.54 19.51 20.55
36.59 36.11 35.66 35.25 34.86 34.50 34.17 33.86 33.57 33.30 33.05 32.82 32.60 32.40 32.21 32.02 31.85 31.68 31.52 31.36 31.20 31.04 30.85 30.59 30.29 29.93 29.52 29.04 28.53 27.97 27.37 26.76 26.12 25.47 24.81 24.16 23.52 22.89 22.29 21.71 21.17 20.68 20.24 19.85 19.53 19.29 19.12 19.03 18.99 18.92 18.79 18.59 18.34 18.04 17.70 17.33 16.95 16.55 16.16 15.79 15.43 15.11 14.83 14.60 14.44 14.36 14.35 14.44 14.64 14.95 15.38 15.95 16.67 17.52 18.43 19.39 20.40
36.56 36.02 35.53 35.07 34.65 34.26 33.90 33.58 33.28 33.01 32.76 32.54 32.34 32.16 32.00 31.85 31.72 31.60 31.50 31.40 31.31 31.20 31.02 30.77 30.47 30.14 29.77 29.33 28.85 28.32 27.75 27.16 26.54 25.90 25.26 24.61 23.97 23.34 22.73 22.14 21.59 21.08 20.62 20.21 19.86 19.58 19.37 19.19 19.01 18.78 18.52 18.20 17.85 17.46 17.04 16.60 16.16 15.72 15.30 14.90 14.53 14.21 13.95 13.75 13.62 13.58 13.63 13.79 14.07 14.47 15.01 15.69 16.52 17.41 18.32 19.27 20.26
36.55 35.96 35.42 34.92 34.46 34.04 33.67 33.33 33.02 32.75 32.51 32.30 32.11 31.96 31.83 31.72 31.63 31.56 31.51 31.48 31.43 31.33 31.15 30.89 30.60 30.28 29.93 29.55 29.10 28.61 28.08 27.52 26.92 26.31 25.68 25.05 24.42 23.80 23.19 22.60 22.05 21.53 21.05 20.62 20.25 19.94 19.66 19.36 19.03 18.67 18.27 17.83 17.38 16.90 16.41 15.91 15.42 14.95 14.49 14.08 13.71 13.39 13.15 12.98 12.89 12.90 13.02 13.26 13.62 14.12 14.77 15.56 16.41 17.30 18.21 19.16 20.14
36.55 35.92 35.33 34.79 34.30 33.85 33.46 33.10 32.79 32.51 32.28 32.08 31.91 31.78 31.68 31.61 31.57 31.55 31.56 31.57 31.53 31.42 31.24 30.98 30.68 30.36 30.03 29.68 29.28 28.84 28.35 27.82 27.27 26.68 26.08 25.47 24.86 24.25 23.66 23.08 22.52 22.00 21.52 21.08 20.70 20.33 19.94 19.52 19.07 18.58 18.06 17.51 16.95 16.39 15.83 15.28 14.74 14.23 13.76 13.33 12.96 12.66 12.44 12.31 12.27 12.34 12.53 12.84 13.30 13.91 14.65 15.47 16.32 17.20 18.10 19.04 20.02
36.56 35.89 35.26 34.68 34.16 33.69 33.27 32.90 32.58 32.30 32.07 31.88 31.74 31.63 31.56 31.53 31.53 31.57 31.61 31.63 31.58 31.47 31.28 31.02 30.72 30.40 30.07 29.73 29.38 28.99 28.55 28.07 27.56 27.01 26.45 25.87 25.29 24.70 24.12 23.56 23.02 22.50 22.02 21.58 21.15 20.70 20.21 19.68 19.12 18.52 17.88 17.23 16.57 15.92 15.30 14.70 14.12 13.59 13.10 12.67 12.31 12.03 11.84 11.74 11.76 11.89 12.16 12.56 13.12 13.82 14.59 15.40 16.24 17.10 18.00 18.93 19.90
36.57 35.87 35.21 34.60 34.04 33.54 33.10 32.72 32.39 32.11 31.89 31.72 31.59 31.51 31.47 31.48 31.53 31.60 31.64 31.64 31.59 31.48 31.28 31.02 30.72 30.40 30.08 29.74 29.40 29.06 28.68 28.25 27.79 27.29 26.77 26.23 25.68 25.13 24.58 24.04 23.52 23.02 22.54 22.08 21.58 21.04 20.46 19.85 19.19 18.49 17.75 17.00 16.26 15.53 14.84 14.19 13.58 13.03 12.53 12.10 11.76 11.50 11.34 11.30 11.37 11.58 11.93 12.43 13.07 13.79 14.55 15.34 16.16 17.02 17.91 18.83 19.79
36.58 35.86 35.17 34.53 33.94 33.41 32.95 32.56 32.22 31.95 31.73 31.57 31.46 31.41 31.41 31.45 31.53 31.60 31.63 31.62 31.56 31.44 31.24 30.98 30.68 30.37 30.04 29.71 29.38 29.05 28.72 28.36 27.95 27.51 27.04 26.55 26.04 25.53 25.02 24.51 24.01 23.53 23.05 22.53 21.97 21.36 20.71 20.02 19.27 18.48 17.66 16.84 16.02 15.22 14.46 13.76 13.12 12.55 12.05 11.63 11.31 11.08 10.97 10.98 11.12 11.40 11.84 12.42 13.08 13.78 14.52 15.30 16.11 16.95 17.83 18.74 19.69
36.59 35.86 35.15 34.47 33.85 33.30 32.82 32.42 32.08 31.80 31.59 31.45 31.36 31.33 31.36 31.43 31.51 31.56 31.58 31.56 31.50 31.37 31.17 30.90 30.60 30.29 29.97 29.65 29.32 29.00 28.69 28.38 28.04 27.66 27.25 26.82 26.36 25.90 25.42 24.96 24.49 24.02 23.50 22.94 22.33 21.67 20.96 20.19 19.37 18.51 17.62 16.73 15.84 14.99 14.18 13.43 12.76 12.18 11.68 11.28 10.98 10.79 10.73 10.79 11.01 11.37 11.89 12.48 13.12 13.80 14.52 15.28 16.07 16.90 17.76 18.67 19.60
36.61 35.86 35.13 34.44 33.79 33.21 32.71 32.29 31.94 31.67 31.47 31.34 31.27 31.28 31.33 31.39 31.44 31.48 31.49 31.47 31.39 31.26 31.06 30.79 30.49 30.18 29.87 29.55 29.23 28.92 28.61 28.32 28.04 27.73 27.39 27.02 26.63 26.22 25.80 25.37 24.93 24.44 23.90 23.31 22.66 21.96 21.20 20.38 19.50 18.57 17.62 16.68 15.75 14.85 14.00 13.22 12.52 11.92 11.43 11.04 10.77 10.63 10.62 10.75 11.05 11.48 12.01 12.58 13.19 13.85 14.55 15.28 16.06 16.87 17.72 18.61 19.53
36.62 35.86 35.13 34.42 33.75 33.15 32.62 32.18 31.83 31.56 31.37 31.25 31.21 31.22 31.26 31.31 31.35 31.37 31.37 31.34 31.26 31.12 30.91 30.64 30.35 30.04 29.73 29.41 29.10 28.80 28.51 28.23 27.97 27.72 27.45 27.15 26.83 26.48 26.12 25.73 25.29 24.80 24.24 23.63 22.96 22.23 21.43 20.57 19.65 18.67 17.68 16.69 15.72 14.79 13.92 13.11 12.40 11.79 11.30 10.94 10.71 10.61 10.66 10.87 11.23 11.67 12.17 12.71 13.30 13.93 14.60 15.32 16.07 16.87 17.70 18.58 19.48
36.63 35.87 35.13 34.41 33.73 33.11 32.56 32.09 31.73 31.46 31.27 31.17 31.14 31.14 31.16 31.19 31.22 31.23 31.22 31.17 31.08 30.94 30.73 30.46 30.17 29.86 29.56 29.25 28.95 28.65 28.37 28.10 27.85 27.63 27.43 27.21 26.96 26.68 26.37 26.01 25.58 25.09 24.54 23.92 23.24 22.49 21.67 20.78 19.82 18.81 17.78 16.77 15.78 14.83 13.94 13.13 12.41 11.80 11.31 10.97 10.78 10.74 10.86 11.13 11.49 11.90 12.37 12.88 13.43 14.04 14.69 15.38 16.12 16.89 17.71 18.57 19.46
36.63 35.88 35.14 34.42 33.73 33.10 32.53 32.04 31.65 31.37 31.19 31.10 31.05 31.03 31.03 31.04 31.05 31.05 31.03 30.98 30.88 30.74 30.53 30.26 29.96 29.66 29.36 29.06 28.76 28.47 28.20 27.95 27.71 27.51 27.33 27.18 27.01 26.80 26.53 26.19 25.79 25.32 24.79 24.18 23.50 22.74 21.92 21.01 20.03 18.99 17.94 16.91 15.91 14.96 14.07 13.26 12.55 11.95 11.49 11.17 11.01 11.03 11.21 11.48 11.80 12.18 12.61 13.08 13.61 14.19 14.81 15.48 16.19 16.95 17.75 18.59 19.46
36.63 35.89 35.15 34.43 33.75 33.11 32.53 32.02 31.61 31.31 31.12 31.00 30.93 30.89 30.87 30.86 30.86 30.85 30.82 30.75 30.65 30.50 30.29 30.02 29.73 29.43 29.13 28.83 28.55 28.27 28.01 27.77 27.55 27.36 27.20 27.07 26.96 26.81 26.58 26.29 25.93 25.50 24.99 24.40 23.73 22.99 22.16 21.25 20.26 19.21 18.16 17.13 16.13 15.18 14.31 13.51 12.82 12.25 11.82 11.54 11.42 11.48 11.65 11.87 12.16 12.50 12.89 13.34 13.83 14.38 14.97 15.62 16.31 17.04 17.82 18.65 19.50
36.62 35.90 35.18 34.46 33.78 33.14 32.55 32.04 31.61 31.28 31.04 30.87 30.78 30.72 30.68 30.66 30.64 30.61 30.57 30.50 30.39 30.24 30.03 29.75 29.46 29.17 28.87 28.59 28.31 28.04 27.79 27.56 27.36 27.18 27.04 26.92 26.81 26.71 26.55 26.31 26.00 25.61 25.14 24.59 23.95 23.23 22.42 21.52 20.53 19.48 18.44 17.41 16.43 15.50 14.65 13.89 13.24 12.70 12.31 12.08 12.00 12.04 12.15 12.33 12.57 12.87 13.23 13.64 14.10 14.61 15.18 15.80 16.46 17.18 17.93 18.74 19.57
36.61 35.91 35.20 34.50 33.83 33.19 32.60 32.09 31.65 31.27 30.97 30.75 30.60 30.52 30.46 30.42 30.39 30.35 30.30 30.22 30.11 29.95 29.74 29.46 29.18 28.88 28.60 28.31 28.04 27.79 27.55 27.33 27.14 26.98 26.85 26.73 26.62 26.53 26.42 26.25 26.01 25.68 25.26 24.75 24.15 23.46 22.68 21.81 20.83 19.80 18.77 17.77 16.82 15.93 15.11 14.39 13.78 13.30 12.97 12.78 12.69 12.67 12.72 12.84 13.04 13.30 13.61 13.99 14.42 14.90 15.44 16.02 16.66 17.35 18.09 18.87 19.68
36.59 35.91 35.23 34.55 33.89 33.26 32.68 32.16 31.69 31.27 30.92 30.64 30.43 30.30 30.22 30.17 30.12 30.07 30.01 29.92 29.80 29.64 29.42 29.15 28.87 28.58 28.30 28.02 27.76 27.51 27.28 27.08 26.90 26.75 26.63 26.51 26.41 26.32 26.23 26.12 25.95 25.69 25.33 24.89 24.34 23.70 22.96 22.12 21.17 20.17 19.17 18.21 17.30 16.45 15.68 15.02 14.47 14.06 13.78 13.59 13.45 13.37 13.37 13.43 13.57 13.78 14.06 14.39 14.79 15.24 15.74 16.30 16.91 17.57 18.29 19.04 19.83
36.56 35.92 35.26 34.61 33.96 33.35 32.78 32.24 31.74 31.29 30.89 30.56 30.28 30.08 29.96 29.88 29.82 29.76 29.69 29.60 29.47 29.31 29.09 28.82 28.53 28.25 27.97 27.70 27.45 27.21 27.00 26.81 26.65 26.51 26.39 26.29 26.19 26.11 26.02 25.93 25.83 25.65 25.37 25.00 24.52 23.94 23.25 22.46 21.56 20.59 19.64 18.72 17.86 17.08 16.37 15.78 15.30 14.95 14.68 14.45 14.27 14.15 14.09 14.10 14.17 14.33 14.56 14.86 15.22 15.63 16.10 16.63 17.21 17.85 18.53 19.27 20.03
36.52 35.92 35.29 34.67 34.05 33.45 32.88 32.33 31.81 31.33 30.89 30.50 30.17 29.91 29.71 29.59 29.51 29.43 29.35 29.25 29.12 28.95 28.73 28.46 28.18 27.90 27.63 27.37 27.13 26.90 26.70 26.52 26.37 26.25 26.15 26.06 25.98 25.90 25.83 25.76 25.67 25.56 25.38 25.09 24.69 24.18 23.56 22.83 21.98 21.07 20.17 19.32 18.53 17.81 17.18 16.67 16.26 15.93 15.62 15.36 15.15 14.99 14.88 14.84 14.86 14.96 15.14 15.39 15.70 16.08 16.52 17.01 17.56 18.17 18.83 19.54 20.28
36.46 35.91 35.33 34.73 34.15 33.56 32.99 32.43 31.89 31.38 30.91 30.48 30.10 29.77 29.50 29.30 29.18 29.09 29.00 28.89 28.75 28.58 28.36 28.09 27.81 27.54 27.27 27.02 26.78 26.57 26.38 26.23 26.10 26.00 25.91 25.84 25.78 25.72 25.67 25.61 25.54 25.46 25.35 25.15 24.85 24.42 23.88 23.23 22.45 21.60 20.78 20.00 19.28 18.65 18.11 17.68 17.30 16.94 16.62 16.33 16.09 15.89 15.74 15.65 15.63 15.67 15.79 15.98 16.26 16.60 17.00 17.46 17.98 18.56 19.19 19.87 20.58
36.40 35.89 35.36 34.80 34.24 33.67 33.10 32.54 31.99 31.46 30.96 30.49 30.06 29.68 29.34 29.07 28.87 28.73 28.62 28.51 28.37 28.19 27.97 27.70 27.43 27.16 26.90 26.65 26.43 26.23 26.07 25.94 25.84 25.76 25.70 25.65 25.61 25.58 25.54 25.51 25.46 25.40 25.32 25.21 25.00 24.68 24.23 23.66 22.96 22.19 21.45 20.76 20.14 19.60 19.15 18.75 18.36 18.00 17.66 17.35 17.07 16.85 16.66 16.54 16.47 16.46 16.52 16.66 16.88 17.18 17.54 17.97 18.45 19.00 19.60 20.25 20.94
36.32 35.87 35.38 34.87 34.33 33.78 33.22 32.66 32.11 31.56 31.04 30.54 30.06 29.63 29.24 28.90 28.61 28.39 28.24 28.11 27.97 27.79 27.57 27.30 27.03 26.76 26.51 26.27 26.07 25.90 25.77 25.67 25.60 25.55 25.51 25.49 25.48 25.48 25.47 25.46 25.44 25.41 25.35 25.28 25.16 24.94 24.60 24.13 23.53 22.85 22.20 21.61 21.09 20.65 20.25 19.85 19.46 19.08 18.73 18.41 18.11 17.86 17.65 17.49 17.38 17.33 17.34 17.43 17.59 17.83 18.15 18.54 18.99 19.51 20.08 20.70 21.36
36.23 35.84 35.40 34.93 34.43 33.90 33.36 32.81 32.25 31.70 31.15 30.62 30.11 29.63 29.19 28.78 28.43 28.13 27.88 27.71 27.55 27.37 27.15 26.89 26.62 26.36 26.11 25.90 25.72 25.59 25.50 25.43 25.39 25.38 25.38 25.39 25.41 25.44 25.47 25.49 25.50 25.49 25.47 25.42 25.35 25.22 25.00 24.64 24.14 23.57 23.03 22.55 22.14 21.75 21.35 20.96 20.58 20.20 19.84 19.51 19.20 18.92 18.69 18.50 18.35 18.27 18.24 18.28 18.39 18.57 18.84 19.19 19.60 20.08 20.63 21.21 21.84
36.12 35.80 35.42 34.99 34.53 34.04 33.52 32.97 32.42 31.86 31.30 30.75 30.21 29.69 29.19 28.73 28.31 27.93 27.60 27.34 27.13 26.94 26.72 26.46 26.19 25.94 25.72 25.54 25.41 25.32 25.26 25.24 25.24 25.26 25.30 25.35 25.41 25.48 25.54 25.59 25.64 25.67 25.68 25.67 25.63 25.55 25.42 25.19 24.81 24.35 23.94 23.57 23.22 22.85 22.47 22.09 21.72 21.35 20.99 20.65 20.33 20.04 19.78 19.57 19.40 19.28 19.21 19.21 19.27 19.41 19.62 19.91 20.29 20.73 21.24 21.80 22.38
36.00 35.75 35.43 35.06 34.64 34.18 33.69 33.16 32.62 32.06 31.49 30.92 30.35 29.80 29.26 28.74 28.26 27.81 27.41 27.05 26.75 26.51 26.28 26.02 25.76 25.54 25.36 25.23 25.14 25.10 25.08 25.10 25.15 25.21 25.30 25.39 25.49 25.60 25.70 25.80 25.88 25.95 26.00 26.03 26.03 25.99 25.91 25.78 25.53 25.21 24.91 24.61 24.29 23.95 23.60 23.24 22.88 22.51 22.16 21.82 21.50 21.20 20.93 20.70 20.50 20.35 20.26 20.22 20.24 20.33 20.49 20.73 21.05 21.45 21.93 22.45 22.98
35.87 35.69 35.44 35.13 34.76 34.34 33.88 33.38 32.85 32.29 31.72 31.14 30.55 29.96 29.39 28.82 28.28 27.77 27.29 26.85 26.46 26.13 25.84 25.58 25.35 25.17 25.04 24.96 24.93 24.93 24.97 25.04 25.13 25.25 25.38 25.52 25.67 25.82 25.96 26.11 26.24 26.35 26.45 26.52 26.56 26.56 26.53 26.45 26.32 26.12 25.90 25.65 25.36 25.06 24.73 24.40 24.05 23.70 23.36 23.02 22.70 22.40 22.12 21.88 21.66 21.49 21.37 21.30 21.28 21.33 21.45 21.64 21.91 22.26 22.69 23.15 23.59
35.67 35.57 35.40 35.15 34.83 34.46 34.04 33.56 33.05 32.51 31.94 31.35 30.75 30.14 29.53 28.92 28.33 27.76 27.21 26.70 26.22 25.79 25.40 25.05 24.85 24.73 24.66 24.64 24.67 24.73 24.83 24.96 25.11 25.28 25.47 25.67 25.87 26.08 26.28 26.48 26.67 26.84 26.99 27.11 27.20 27.26 27.28 27.26 27.18 27.06 26.89 26.69 26.45 26.18 25.89 25.58 25.26 24.93 24.61 24.28 23.97 23.67 23.38 23.13 22.91 22.72 22.57 22.48 22.43 22.44 22.52 22.67 22.89 23.18 23.51 23.85 24.17
35.19 35.18 35.08 34.91 34.66 34.34 33.96 33.52 33.04 32.52 31.96 31.37 30.76 30.13 29.50 28.86 28.23 27.60 27.00 26.41 25.86 25.33 24.75 24.13 23.81 23.75 23.78 23.85 23.96 24.11 24.30 24.52 24.75 25.01 25.29 25.57 25.86 26.16 26.45 26.73 27.00 27.25 27.48 27.69 27.86 28.00 28.10 28.16 28.15 28.08 27.96 27.81 27.62 27.40 27.15 26.88 26.59 26.28 25.98 25.67 25.37 25.07 24.80 24.54 24.31 24.11 23.95 23.83 23.76 23.75 23.79 23.90 24.07 24.26 24.35 24.46 24.65
34.37 34.46 34.46 34.36 34.18 33.93 33.60 33.21 32.77 32.27 31.73 31.16 30.55 29.91 29.26 28.60 27.93 27.27 26.61 25.97 25.33 24.64 23.81 22.90 22.30 22.14 22.26 22.46 22.70 22.98 23.28 23.62 23.98 24.37 24.76 25.17 25.58 25.99 26.40 26.80 27.19 27.56 27.91 28.23 28.53 28.78 29.00 29.15 29.21 29.18 29.12 29.02 28.88 28.71 28.51 28.27 28.02 27.75 27.47 27.19 26.90 26.62 26.35 26.10 25.87 25.67 25.50 25.37 25.28 25.24 25.26 25.33 25.40 25.37 25.20 25.05 25.04
