data_processed/recharge/precip/Precip_2000_12.asc
ncols        168
nrows        136
xllcorner    455000
yllcorner    2107000
cellsize     500
NODATA_value     -99999
[rows 0 to 37 of 136, columns 0 to 83 of 168]
5.55 5.50 5.46 5.42 5.38 5.34 5.30 5.25 5.21 5.18 5.14 5.10 5.06 5.02 4.97 4.93 4.89 4.85 4.81 4.77 4.72 4.68 4.63 4.59 4.54 4.49 4.45 4.40 4.35 4.30 4.25 4.20 4.12 4.04 3.94 3.84 3.72 3.60 3.48 3.35 3.23 3.10 2.98 2.86 2.74 2.62 2.50 2.38 2.26 2.14 2.02 1.90 1.78 1.66 1.54 1.43 1.31 1.19 1.08 0.96 0.85 0.74 0.63 0.52 0.41 0.31 0.20 0.10 0.00 0.00 0.00 0.00 0.00 0.00 0.00 0.00 0.00 0.00 0.00 0.00 0.00 0.00 0.00 0.00
5.54 5.50 5.46 5.42 5.38 5.34 5.30 5.26 5.22 5.18 5.14 5.10 5.06 5.02 4.98 4.94 4.90 4.86 4.82 4.77 4.73 4.69 4.64 4.59 4.55 4.50 4.45 4.40 4.35 4.30 4.25 4.19 4.12 4.03 3.94 3.84 3.73 3.61 3.49 3.37 3.25 3.13 3.01 2.90 2.78 2.67 2.55 2.44 2.32 2.21 2.09 1.97 1.86 1.74 1.63 1.51 1.40 1.29 1.18 1.07 0.96 0.85 0.75 0.64 0.54 0.44 0.34 0.24 0.15 0.05 0.00 0.00 0.00 0.00 0.00 0.00 0.00 0.00 0.00 0.00 0.00 0.00 0.00 0.00
5.53 5.49 5.45 5.41 5.38 5.34 5.30 5.26 5.22 5.18 5.15 5.11 5.07 5.03 4.99 4.95 4.91 4.87 4.82 4.78 4.74 4.69 4.64 4.60 4.55 4.50 4.45 4.40 4.35 4.30 4.24 4.18 4.11 4.03 3.93 3.83 3.72 3.61 3.50 3.38 3.27 3.16 3.05 2.93 2.82 2.71 2.60 2.48 2.37 2.26 2.15 2.03 1.92 1.81 1.70 1.59 1.48 1.37 1.27 1.16 1.06 0.95 0.85 0.75 0.65 0.56 0.46 0.37 0.28 0.19 0.10 0.02 0.00 0.00 0.00 0.00 0.00 0.00 0.00 0.00 0.00 0.00 0.00 0.00
5.53 5.49 5.45 5.41 5.37 5.34 5.30 5.26 5.22 5.19 5.15 5.11 5.07 5.03 4.99 4.95 4.91 4.87 4.83 4.78 4.74 4.69 4.65 4.60 4.55 4.50 4.45 4.39 4.34 4.29 4.23 4.17 4.10 4.01 3.92 3.82 3.72 3.61 3.50 3.39 3.28 3.17 3.07 2.96 2.85 2.74 2.63 2.52 2.41 2.30 2.19 2.08 1.98 1.87 1.76 1.65 1.55 1.45 1.34 1.24 1.14 1.04 0.94 0.85 0.75 0.66 0.57 0.48 0.40 0.31 0.23 0.15 0.08 0.00 0.00 0.00 0.00 0.00 0.00 0.00 0.00 0.00 0.00 0.00
5.52 5.48 5.44 5.41 5.37 5.33 5.30 5.26 5.22 5.18 5.15 5.11 5.07 5.03 4.99 4.95 4.91 4.87 4.83 4.78 4.74 4.69 4.64 4.59 4.54 4.49 4.44 4.39 4.33 4.28 4.22 4.15 4.08 4.00 3.90 3.81 3.71 3.60 3.50 3.39 3.29 3.18 3.08 2.97 2.87 2.76 2.65 2.55 2.44 2.34 2.23 2.12 2.02 1.91 1.81 1.71 1.61 1.51 1.41 1.31 1.21 1.12 1.02 0.93 0.84 0.75 0.66 0.58 0.50 0.42 0.34 0.27 0.20 0.13 0.06 0.00 0.00 0.00 0.00 0.00 0.00 0.00 0.00 0.00
5.51 5.47 5.43 5.40 5.36 5.33 5.29 5.25 5.22 5.18 5.14 5.11 5.07 5.03 4.99 4.95 4.91 4.87 4.82 4.78 4.73 4.68 4.64 4.59 4.54 4.48 4.43 4.37 4.32 4.26 4.20 4.13 4.06 3.98 3.88 3.79 3.69 3.59 3.49 3.39 3.29 3.19 3.08 2.98 2.88 2.77 2.67 2.57 2.46 2.36 2.26 2.15 2.05 1.95 1.85 1.75 1.65 1.56 1.46 1.36 1.27 1.18 1.09 1.00 0.92 0.83 0.75 0.67 0.59 0.52 0.44 0.37 0.31 0.24 0.18 0.12 0.07 0.02 0.00 0.00 0.00 0.00 0.00 0.00
5.50 5.46 5.42 5.39 5.35 5.32 5.28 5.25 5.21 5.18 5.14 5.10 5.06 5.02 4.98 4.94 4.90 4.86 4.82 4.77 4.72 4.68 4.63 4.58 4.52 4.47 4.41 4.36 4.30 4.24 4.18 4.11 4.03 3.95 3.86 3.77 3.67 3.57 3.48 3.38 3.28 3.18 3.08 2.98 2.88 2.78 2.68 2.57 2.47 2.37 2.27 2.17 2.08 1.98 1.88 1.78 1.69 1.60 1.50 1.41 1.32 1.23 1.15 1.06 0.98 0.90 0.82 0.75 0.67 0.60 0.53 0.47 0.40 0.34 0.29 0.23 0.18 0.14 0.09 0.05 0.02 0.00 0.00 0.00
5.48 5.45 5.41 5.38 5.34 5.31 5.27 5.24 5.20 5.17 5.13 5.09 5.05 5.02 4.98 4.93 4.89 4.85 4.80 4.76 4.71 4.66 4.61 4.56 4.51 4.45 4.39 4.34 4.28 4.21 4.15 4.08 4.00 3.92 3.83 3.74 3.64 3.55 3.46 3.36 3.26 3.16 3.07 2.97 2.87 2.77 2.67 2.58 2.48 2.38 2.28 2.19 2.09 2.00 1.90 1.81 1.72 1.63 1.54 1.45 1.36 1.28 1.19 1.11 1.03 0.96 0.88 0.81 0.74 0.67 0.61 0.55 0.49 0.43 0.38 0.33 0.29 0.24 0.21 0.17 0.14 0.11 0.09 0.07
5.47 5.43 5.40 5.37 5.33 5.30 5.26 5.23 5.19 5.16 5.12 5.08 5.04 5.00 4.96 4.92 4.88 4.84 4.79 4.74 4.70 4.65 4.60 4.54 4.49 4.43 4.37 4.31 4.25 4.18 4.12 4.05 3.97 3.88 3.80 3.71 3.61 3.52 3.43 3.33 3.24 3.14 3.05 2.95 2.86 2.76 2.67 2.57 2.47 2.38 2.28 2.19 2.10 2.00 1.91 1.82 1.73 1.65 1.56 1.48 1.39 1.31 1.23 1.15 1.08 1.01 0.93 0.87 0.80 0.74 0.68 0.62 0.56 0.51 0.46 0.42 0.38 0.34 0.30 0.27 0.25 0.22 0.21 0.19
5.45 5.42 5.38 5.35 5.32 5.28 5.25 5.21 5.18 5.14 5.11 5.07 5.03 4.99 4.95 4.91 4.86 4.82 4.77 4.73 4.68 4.63 4.57 4.52 4.46 4.40 4.34 4.28 4.22 4.15 4.08 4.01 3.93 3.85 3.76 3.67 3.58 3.49 3.40 3.30 3.21 3.12 3.02 2.93 2.84 2.74 2.65 2.56 2.46 2.37 2.28 2.19 2.10 2.01 1.92 1.83 1.74 1.66 1.58 1.49 1.41 1.34 1.26 1.19 1.11 1.04 0.98 0.91 0.85 0.79 0.73 0.68 0.63 0.58 0.54 0.49 0.46 0.42 0.39 0.37 0.34 0.32 0.31 0.30
5.43 5.40 5.37 5.33 5.30 5.27 5.23 5.20 5.16 5.13 5.09 5.05 5.01 4.97 4.93 4.89 4.84 4.80 4.75 4.70 4.65 4.60 4.55 4.49 4.43 4.37 4.31 4.25 4.18 4.11 4.04 3.97 3.89 3.80 3.71 3.63 3.54 3.45 3.36 3.27 3.18 3.09 2.99 2.90 2.81 2.72 2.63 2.54 2.45 2.36 2.27 2.18 2.09 2.00 1.92 1.83 1.75 1.67 1.58 1.51 1.43 1.35 1.28 1.21 1.14 1.07 1.01 0.95 0.89 0.83 0.78 0.73 0.68 0.64 0.60 0.56 0.53 0.50 0.47 0.45 0.43 0.41 0.40 0.40
5.41 5.38 5.35 5.31 5.28 5.25 5.21 5.18 5.14 5.11 5.07 5.03 4.99 4.95 4.91 4.87 4.82 4.77 4.73 4.68 4.63 4.57 4.52 4.46 4.40 4.34 4.27 4.21 4.14 4.07 4.00 3.92 3.84 3.75 3.67 3.58 3.49 3.41 3.32 3.23 3.14 3.05 2.96 2.87 2.78 2.69 2.60 2.51 2.42 2.33 2.25 2.16 2.07 1.99 1.91 1.82 1.74 1.66 1.59 1.51 1.43 1.36 1.29 1.22 1.16 1.09 1.03 0.98 0.92 0.87 0.82 0.77 0.73 0.69 0.65 0.61 0.59 0.56 0.54 0.52 0.50 0.49 0.49 0.49
5.39 5.36 5.32 5.29 5.26 5.23 5.19 5.16 5.12 5.08 5.05 5.01 4.97 4.93 4.88 4.84 4.79 4.75 4.70 4.65 4.59 4.54 4.48 4.42 4.36 4.30 4.23 4.17 4.09 4.02 3.95 3.87 3.78 3.70 3.62 3.53 3.45 3.36 3.27 3.18 3.10 3.01 2.92 2.83 2.74 2.66 2.57 2.48 2.39 2.31 2.22 2.14 2.05 1.97 1.89 1.81 1.73 1.65 1.58 1.51 1.43 1.36 1.30 1.23 1.17 1.11 1.05 0.99 0.94 0.89 0.85 0.80 0.76 0.72 0.69 0.66 0.63 0.61 0.59 0.58 0.57 0.56 0.56 0.56
5.36 5.33 5.30 5.27 5.23 5.20 5.17 5.13 5.10 5.06 5.02 4.98 4.94 4.90 4.85 4.81 4.76 4.71 4.66 4.61 4.56 4.50 4.44 4.38 4.32 4.25 4.19 4.12 4.04 3.97 3.89 3.81 3.73 3.65 3.56 3.48 3.40 3.31 3.22 3.14 3.05 2.96 2.88 2.79 2.70 2.62 2.53 2.45 2.36 2.28 2.19 2.11 2.03 1.95 1.87 1.79 1.71 1.64 1.57 1.50 1.43 1.36 1.30 1.23 1.17 1.11 1.06 1.01 0.96 0.91 0.87 0.83 0.79 0.76 0.73 0.70 0.68 0.66 0.64 0.63 0.62 0.62 0.62 0.63
5.33 5.30 5.27 5.24 5.20 5.17 5.14 5.10 5.06 5.03 4.99 4.95 4.91 4.86 4.82 4.77 4.73 4.68 4.62 4.57 4.52 4.46 4.40 4.34 4.27 4.20 4.14 4.06 3.99 3.91 3.83 3.75 3.67 3.59 3.51 3.43 3.34 3.26 3.17 3.09 3.00 2.92 2.83 2.74 2.66 2.57 2.49 2.41 2.32 2.24 2.16 2.08 2.00 1.92 1.84 1.77 1.69 1.62 1.55 1.48 1.41 1.35 1.29 1.23 1.17 1.11 1.06 1.01 0.96 0.92 0.88 0.84 0.81 0.78 0.75 0.73 0.71 0.69 0.68 0.67 0.67 0.67 0.68 0.69
5.29 5.26 5.23 5.20 5.17 5.13 5.10 5.06 5.03 4.99 4.95 4.91 4.87 4.82 4.78 4.73 4.68 4.63 4.58 4.53 4.47 4.41 4.35 4.29 4.22 4.15 4.08 4.00 3.93 3.85 3.77 3.69 3.61 3.53 3.45 3.37 3.29 3.20 3.12 3.03 2.95 2.86 2.78 2.70 2.61 2.53 2.44 2.36 2.28 2.20 2.12 2.04 1.96 1.89 1.81 1.74 1.66 1.59 1.52 1.46 1.39 1.33 1.27 1.21 1.16 1.11 1.06 1.01 0.96 0.92 0.89 0.85 0.82 0.79 0.77 0.75 0.73 0.72 0.71 0.71 0.71 0.71 0.72 0.73
5.24 5.21 5.18 5.15 5.12 5.09 5.05 5.02 4.98 4.94 4.90 4.86 4.82 4.78 4.73 4.68 4.64 4.58 4.53 4.47 4.42 4.36 4.29 4.23 4.16 4.09 4.02 3.94 3.87 3.79 3.71 3.63 3.55 3.47 3.39 3.31 3.23 3.14 3.06 2.98 2.89 2.81 2.73 2.64 2.56 2.48 2.40 2.31 2.23 2.15 2.08 2.00 1.92 1.85 1.77 1.70 1.63 1.56 1.49 1.43 1.37 1.31 1.25 1.19 1.14 1.09 1.04 1.00 0.96 0.92 0.88 0.85 0.82 0.80 0.78 0.76 0.75 0.74 0.73 0.73 0.73 0.74 0.75 0.77
5.19 5.16 5.13 5.10 5.07 5.04 5.00 4.97 4.93 4.89 4.85 4.81 4.77 4.73 4.68 4.63 4.58 4.53 4.48 4.42 4.36 4.30 4.24 4.17 4.10 4.03 3.95 3.88 3.80 3.72 3.65 3.57 3.49 3.41 3.33 3.25 3.17 3.09 3.00 2.92 2.84 2.75 2.67 2.59 2.51 2.42 2.34 2.26 2.18 2.11 2.03 1.95 1.88 1.80 1.73 1.66 1.59 1.52 1.46 1.40 1.34 1.28 1.22 1.17 1.12 1.07 1.02 0.98 0.94 0.91 0.87 0.84 0.82 0.80 0.78 0.76 0.75 0.74 0.74 0.74 0.75 0.76 0.78 0.80
5.13 5.10 5.07 5.04 5.01 4.98 4.95 4.91 4.88 4.84 4.80 4.76 4.72 4.67 4.63 4.58 4.53 4.47 4.42 4.36 4.30 4.24 4.17 4.11 4.04 3.96 3.89 3.81 3.74 3.66 3.58 3.51 3.43 3.35 3.27 3.19 3.11 3.02 2.94 2.86 2.78 2.69 2.61 2.53 2.45 2.37 2.29 2.21 2.13 2.05 1.98 1.90 1.83 1.76 1.68 1.62 1.55 1.48 1.42 1.36 1.30 1.24 1.19 1.14 1.09 1.04 1.00 0.96 0.92 0.89 0.86 0.83 0.80 0.78 0.77 0.76 0.75 0.74 0.74 0.75 0.76 0.77 0.79 0.81
5.06 5.04 5.01 4.98 4.95 4.92 4.89 4.85 4.82 4.78 4.74 4.70 4.66 4.61 4.57 4.52 4.47 4.41 4.36 4.30 4.24 4.18 4.11 4.04 3.97 3.90 3.82 3.75 3.67 3.59 3.52 3.44 3.36 3.29 3.21 3.13 3.05 2.96 2.88 2.80 2.72 2.63 2.55 2.47 2.39 2.31 2.23 2.15 2.07 2.00 1.92 1.85 1.78 1.70 1.63 1.57 1.50 1.44 1.37 1.31 1.26 1.20 1.15 1.10 1.05 1.01 0.97 0.93 0.89 0.86 0.83 0.81 0.79 0.77 0.75 0.74 0.74 0.74 0.74 0.75 0.76 0.78 0.80 0.82
4.99 4.97 4.94 4.91 4.88 4.85 4.82 4.79 4.75 4.72 4.68 4.64 4.59 4.55 4.50 4.45 4.40 4.35 4.29 4.24 4.17 4.11 4.04 3.98 3.90 3.83 3.75 3.68 3.60 3.53 3.45 3.38 3.30 3.22 3.14 3.06 2.98 2.90 2.82 2.74 2.65 2.57 2.49 2.41 2.33 2.25 2.17 2.09 2.02 1.94 1.86 1.79 1.72 1.65 1.58 1.51 1.45 1.39 1.32 1.27 1.21 1.16 1.10 1.06 1.01 0.97 0.93 0.89 0.86 0.83 0.80 0.78 0.76 0.74 0.73 0.72 0.72 0.72 0.73 0.74 0.75 0.77 0.79 0.82
4.92 4.89 4.87 4.84 4.81 4.78 4.75 4.72 4.69 4.65 4.61 4.57 4.53 4.48 4.44 4.39 4.34 4.28 4.23 4.17 4.11 4.04 3.98 3.91 3.83 3.76 3.69 3.61 3.53 3.46 3.38 3.31 3.23 3.16 3.08 3.00 2.92 2.84 2.76 2.67 2.59 2.51 2.43 2.35 2.27 2.19 2.11 2.03 1.95 1.88 1.81 1.73 1.66 1.59 1.52 1.46 1.39 1.33 1.27 1.21 1.16 1.11 1.06 1.01 0.96 0.92 0.89 0.85 0.82 0.79 0.77 0.74 0.73 0.71 0.70 0.70 0.70 0.70 0.71 0.72 0.74 0.76 0.78 0.81
4.84 4.82 4.79 4.77 4.74 4.71 4.68 4.65 4.62 4.58 4.54 4.50 4.46 4.42 4.37 4.32 4.27 4.22 4.16 4.10 4.04 3.98 3.91 3.84 3.77 3.69 3.62 3.54 3.46 3.39 3.32 3.24 3.17 3.09 3.01 2.93 2.85 2.77 2.69 2.61 2.53 2.45 2.37 2.28 2.20 2.12 2.05 1.97 1.89 1.82 1.74 1.67 1.60 1.53 1.46 1.40 1.33 1.27 1.21 1.16 1.10 1.05 1.00 0.96 0.91 0.87 0.84 0.80 0.77 0.75 0.72 0.70 0.69 0.68 0.67 0.66 0.67 0.67 0.68 0.69 0.71 0.74 0.77 0.80
4.76 4.74 4.72 4.69 4.67 4.64 4.61 4.58 4.55 4.51 4.47 4.43 4.39 4.35 4.30 4.26 4.20 4.15 4.09 4.04 3.97 3.91 3.84 3.77 3.70 3.62 3.55 3.47 3.39 3.32 3.25 3.17 3.10 3.02 2.95 2.87 2.79 2.71 2.63 2.55 2.47 2.38 2.30 2.22 2.14 2.06 1.98 1.90 1.83 1.75 1.68 1.61 1.54 1.47 1.40 1.34 1.27 1.21 1.15 1.10 1.05 0.99 0.95 0.90 0.86 0.82 0.79 0.75 0.72 0.70 0.68 0.66 0.64 0.63 0.63 0.63 0.63 0.64 0.65 0.66 0.68 0.71 0.74 0.78
4.68 4.66 4.64 4.61 4.59 4.56 4.53 4.50 4.47 4.44 4.40 4.36 4.32 4.28 4.24 4.19 4.14 4.08 4.03 3.97 3.91 3.84 3.77 3.70 3.63 3.55 3.47 3.40 3.32 3.25 3.18 3.10 3.03 2.96 2.88 2.80 2.72 2.64 2.56 2.48 2.40 2.32 2.24 2.16 2.08 2.00 1.92 1.84 1.76 1.69 1.61 1.54 1.47 1.40 1.34 1.27 1.21 1.15 1.09 1.04 0.98 0.93 0.89 0.84 0.80 0.76 0.73 0.70 0.67 0.65 0.62 0.61 0.59 0.59 0.58 0.58 0.59 0.59 0.61 0.62 0.65 0.67 0.71 0.75
4.59 4.57 4.55 4.53 4.51 4.49 4.46 4.43 4.40 4.37 4.33 4.29 4.25 4.21 4.17 4.12 4.07 4.02 3.96 3.90 3.84 3.77 3.70 3.63 3.55 3.48 3.40 3.33 3.25 3.18 3.11 3.04 2.96 2.89 2.81 2.74 2.66 2.58 2.50 2.42 2.34 2.26 2.17 2.09 2.01 1.93 1.85 1.77 1.70 1.62 1.55 1.48 1.41 1.34 1.27 1.21 1.14 1.08 1.03 0.97 0.92 0.87 0.82 0.78 0.74 0.70 0.67 0.64 0.61 0.59 0.57 0.55 0.54 0.53 0.53 0.53 0.54 0.55 0.56 0.58 0.60 0.63 0.67 0.71
4.51 4.49 4.47 4.45 4.43 4.41 4.38 4.36 4.33 4.30 4.26 4.23 4.19 4.15 4.10 4.05 4.00 3.95 3.90 3.83 3.77 3.70 3.63 3.56 3.48 3.41 3.33 3.26 3.18 3.11 3.04 2.97 2.89 2.82 2.74 2.67 2.59 2.51 2.43 2.35 2.27 2.19 2.11 2.03 1.95 1.87 1.79 1.71 1.63 1.56 1.48 1.41 1.34 1.27 1.20 1.14 1.08 1.02 0.96 0.91 0.85 0.80 0.76 0.72 0.68 0.64 0.61 0.58 0.55 0.53 0.51 0.49 0.48 0.48 0.47 0.48 0.48 0.49 0.51 0.53 0.56 0.59 0.62 0.66
4.42 4.41 4.39 4.37 4.35 4.33 4.31 4.28 4.26 4.22 4.19 4.16 4.12 4.08 4.04 3.99 3.94 3.89 3.83 3.77 3.70 3.63 3.56 3.49 3.41 3.34 3.26 3.19 3.11 3.04 2.97 2.90 2.82 2.75 2.68 2.60 2.52 2.45 2.37 2.29 2.21 2.13 2.05 1.97 1.88 1.80 1.72 1.64 1.56 1.49 1.41 1.34 1.27 1.20 1.13 1.07 1.01 0.95 0.89 0.84 0.78 0.74 0.69 0.65 0.61 0.57 0.54 0.51 0.48 0.46 0.44 0.43 0.42 0.41 0.41 0.42 0.42 0.44 0.45 0.48 0.50 0.53 0.57 0.62
4.33 4.32 4.31 4.29 4.28 4.26 4.24 4.21 4.18 4.16 4.12 4.09 4.05 4.01 3.97 3.93 3.88 3.82 3.76 3.70 3.63 3.56 3.49 3.42 3.34 3.26 3.19 3.11 3.04 2.97 2.90 2.83 2.75 2.68 2.61 2.53 2.46 2.38 2.30 2.22 2.14 2.06 1.98 1.90 1.82 1.74 1.66 1.58 1.50 1.42 1.35 1.27 1.20 1.13 1.07 1.00 0.94 0.88 0.82 0.77 0.71 0.67 0.62 0.58 0.54 0.50 0.47 0.44 0.42 0.39 0.38 0.36 0.35 0.35 0.35 0.35 0.36 0.37 0.39 0.42 0.44 0.48 0.52 0.56
4.25 4.24 4.23 4.22 4.20 4.18 4.16 4.14 4.12 4.09 4.06 4.03 3.99 3.95 3.91 3.87 3.81 3.76 3.70 3.63 3.56 3.49 3.42 3.35 3.27 3.19 3.12 3.04 2.97 2.90 2.83 2.76 2.69 2.61 2.54 2.47 2.39 2.31 2.24 2.16 2.08 2.00 1.92 1.84 1.76 1.68 1.59 1.51 1.43 1.36 1.28 1.21 1.13 1.06 1.00 0.93 0.87 0.81 0.75 0.70 0.64 0.59 0.55 0.51 0.47 0.43 0.40 0.37 0.34 0.32 0.31 0.29 0.28 0.28 0.28 0.28 0.29 0.31 0.33 0.35 0.38 0.41 0.45 0.50
4.17 4.16 4.15 4.14 4.13 4.11 4.09 4.07 4.05 4.03 4.00 3.97 3.93 3.90 3.85 3.81 3.75 3.69 3.63 3.57 3.50 3.42 3.35 3.27 3.20 3.12 3.05 2.97 2.90 2.82 2.75 2.69 2.62 2.54 2.47 2.40 2.32 2.25 2.17 2.09 2.01 1.93 1.85 1.77 1.69 1.61 1.53 1.45 1.37 1.29 1.21 1.14 1.07 1.00 0.93 0.86 0.80 0.74 0.68 0.62 0.57 0.52 0.48 0.43 0.39 0.36 0.32 0.30 0.27 0.25 0.23 0.22 0.21 0.21 0.21 0.21 0.22 0.24 0.26 0.28 0.31 0.35 0.39 0.44
4.09 4.08 4.08 4.07 4.06 4.04 4.03 4.01 3.99 3.96 3.94 3.91 3.88 3.84 3.80 3.75 3.69 3.63 3.57 3.50 3.43 3.36 3.28 3.20 3.13 3.05 2.97 2.90 2.83 2.75 2.68 2.62 2.55 2.48 2.40 2.33 2.26 2.18 2.10 2.03 1.95 1.87 1.79 1.71 1.63 1.55 1.47 1.39 1.31 1.23 1.15 1.07 1.00 0.93 0.86 0.79 0.73 0.67 0.61 0.55 0.50 0.45 0.40 0.36 0.32 0.28 0.25 0.22 0.20 0.17 0.16 0.14 0.14 0.13 0.13 0.14 0.15 0.16 0.18 0.21 0.24 0.28 0.32 0.37
4.01 4.01 4.00 4.00 3.99 3.98 3.97 3.95 3.93 3.91 3.88 3.86 3.82 3.78 3.74 3.69 3.63 3.57 3.50 3.43 3.36 3.29 3.21 3.13 3.06 2.98 2.90 2.83 2.75 2.68 2.61 2.55 2.48 2.41 2.34 2.26 2.19 2.11 2.04 1.96 1.88 1.81 1.73 1.65 1.57 1.49 1.41 1.33 1.25 1.17 1.09 1.01 0.93 0.86 0.79 0.72 0.66 0.60 0.54 0.48 0.42 0.37 0.33 0.28 0.24 0.21 0.17 0.14 0.12 0.10 0.08 0.07 0.06 0.06 0.06 0.06 0.07 0.09 0.11 0.13 0.17 0.20 0.25 0.31
3.94 3.94 3.94 3.93 3.93 3.92 3.91 3.89 3.88 3.86 3.83 3.81 3.77 3.73 3.68 3.63 3.57 3.50 3.44 3.37 3.29 3.22 3.14 3.07 2.99 2.91 2.83 2.76 2.68 2.61 2.55 2.48 2.41 2.34 2.27 2.20 2.12 2.05 1.97 1.90 1.82 1.74 1.66 1.58 1.50 1.42 1.35 1.27 1.19 1.11 1.03 0.95 0.87 0.80 0.72 0.66 0.59 0.53 0.46 0.41 0.35 0.30 0.25 0.21 0.17 0.13 0.10 0.07 0.04 0.02 0.00 0.00 0.00 0.00 0.00 0.00 0.00 0.01 0.03 0.06 0.09 0.13 0.18 0.24
3.87 3.87 3.87 3.87 3.87 3.86 3.85 3.84 3.83 3.81 3.79 3.76 3.72 3.67 3.62 3.57 3.51 3.44 3.37 3.30 3.23 3.15 3.07 3.00 2.92 2.84 2.76 2.69 2.61 2.54 2.48 2.41 2.34 2.27 2.20 2.13 2.06 1.98 1.91 1.83 1.76 1.68 1.60 1.52 1.44 1.36 1.28 1.20 1.12 1.04 0.97 0.89 0.81 0.73 0.66 0.59 0.52 0.46 0.39 0.34 0.28 0.23 0.18 0.13 0.09 0.05 0.02 0.00 0.00 0.00 0.00 0.00 0.00 0.00 0.00 0.00 0.00 0.00 0.00 0.00 0.01 0.06 0.11 0.17
3.80 3.81 3.81 3.82 3.82 3.81 3.81 3.80 3.79 3.77 3.74 3.71 3.67 3.62 3.57 3.51 3.45 3.38 3.31 3.24 3.16 3.09 3.01 2.93 2.85 2.77 2.69 2.62 2.55 2.48 2.41 2.34 2.28 2.21 2.14 2.07 1.99 1.92 1.84 1.77 1.69 1.62 1.54 1.46 1.38 1.30 1.22 1.14 1.06 0.98 0.91 0.83 0.75 0.67 0.60 0.52 0.46 0.39 0.33 0.27 0.21 0.15 0.10 0.06 0.01 0.00 0.00 0.00 0.00 0.00 0.00 0.00 0.00 0.00 0.00 0.00 0.00 0.00 0.00 0.00 0.00 0.00 0.04 0.10
3.74 3.75 3.76 3.77 3.77 3.77 3.77 3.76 3.75 3.73 3.70 3.66 3.62 3.57 3.51 3.45 3.39 3.32 3.25 3.18 3.10 3.02 2.94 2.86 2.78 2.70 2.63 2.55 2.48 2.41 2.34 2.28 2.21 2.14 2.07 2.00 1.93 1.86 1.78 1.71 1.63 1.55 1.48 1.40 1.32 1.24 1.16 1.08 1.00 0.93 0.85 0.77 0.69 0.61 0.54 0.46 0.39 0.32 0.26 0.20 0.14 0.08 0.03 0.00 0.00 0.00 0.00 0.00 0.00 0.00 0.00 0.00 0.00 0.00 0.00 0.00 0.00 0.00 0.00 0.00 0.00 0.00 0.00 0.03
3.69 3.70 3.72 3.72 3.73 3.73 3.73 3.73 3.71 3.69 3.65 3.61 3.57 3.52 3.46 3.40 3.33 3.26 3.19 3.11 3.04 2.96 2.88 2.80 2.72 2.64 2.56 2.48 2.41 2.34 2.28 2.21 2.14 2.08 2.01 1.94 1.87 1.79 1.72 1.64 1.57 1.49 1.42 1.34 1.26 1.18 1.10 1.02 0.95 0.87 0.79 0.71 0.63 0.55 0.48 0.40 0.33 0.26 0.19 0.13 0.07 0.01 0.00 0.00 0.00 0.00 0.00 0.00 0.00 0.00 0.00 0.00 0.00 0.00 0.00 0.00 0.00 0.00 0.00 0.00 0.00 0.00 0.00 0.00
