data_processed/recharge/precip/Precip_2001_07.asc
ncols        168
nrows        136
xllcorner    455000
yllcorner    2107000
cellsize     500
NODATA_value     -99999
[rows 0 to 31 of 136, columns 71 to 141 of 168]
105.07 104.85 104.62 104.39 104.16 103.93 103.71 103.51 103.32 103.16 103.01 102.89 102.78 102.69 102.62 102.57 102.54 102.53 102.54 102.57 102.61 102.67 102.75 102.85 102.96 103.10 103.24 103.41 103.59 103.79 104.01 104.24 104.49 104.75 105.03 105.32 105.59 105.83 106.04 106.21 106.35 106.45 106.51 106.51 106.47 106.39 106.25 106.07 105.84 105.57 105.24 104.87 104.45 103.98 103.47 102.90 102.29 101.63 100.92 100.16 99.35 98.49 97.58 96.63 95.62 94.56 93.45 92.32 91.27 90.38 89.65
104.24 104.01 103.77 103.53 103.29 103.05 102.83 102.62 102.42 102.25 102.10 101.97 101.87 101.78 101.71 101.66 101.64 101.63 101.65 101.68 101.73 101.81 101.90 102.01 102.14 102.29 102.45 102.64 102.84 103.06 103.30 103.55 103.83 104.12 104.43 104.75 105.09 105.41 105.69 105.94 106.15 106.30 106.40 106.46 106.46 106.41 106.31 106.16 105.96 105.70 105.40 105.04 104.63 104.17 103.66 103.09 102.47 101.80 101.08 100.30 99.47 98.59 97.65 96.66 95.61 94.52 93.36 92.17 91.08 90.14 89.35
103.43 103.19 102.94 102.69 102.44 102.20 101.96 101.74 101.54 101.37 101.21 101.08 100.97 100.88 100.81 100.77 100.75 100.75 100.77 100.81 100.87 100.95 101.05 101.18 101.32 101.49 101.67 101.87 102.09 102.34 102.60 102.88 103.17 103.49 103.83 104.18 104.55 104.94 105.30 105.62 105.89 106.10 106.26 106.36 106.41 106.40 106.34 106.22 106.05 105.82 105.54 105.20 104.80 104.35 103.84 103.28 102.65 101.98 101.24 100.45 99.60 98.70 97.73 96.71 95.63 94.50 93.30 92.07 90.92 89.94 89.11
102.64 102.39 102.13 101.87 101.61 101.36 101.12 100.89 100.68 100.50 100.34 100.20 100.09 100.00 99.93 99.89 99.87 99.87 99.90 99.95 100.02 100.11 100.22 100.36 100.52 100.70 100.90 101.12 101.36 101.62 101.90 102.21 102.53 102.87 103.23 103.62 104.02 104.43 104.85 105.24 105.57 105.84 106.06 106.21 106.31 106.35 106.33 106.25 106.11 105.91 105.65 105.33 104.95 104.51 104.01 103.45 102.83 102.15 101.41 100.61 99.74 98.82 97.83 96.78 95.67 94.50 93.27 91.99 90.80 89.77 88.90
101.88 101.62 101.35 101.08 100.81 100.55 100.30 100.06 99.84 99.65 99.49 99.35 99.23 99.14 99.07 99.03 99.01 99.02 99.05 99.10 99.18 99.28 99.41 99.56 99.73 99.92 100.14 100.37 100.63 100.92 101.22 101.55 101.89 102.26 102.65 103.06 103.49 103.92 104.36 104.80 105.19 105.53 105.80 106.01 106.16 106.25 106.27 106.23 106.13 105.96 105.73 105.43 105.07 104.65 104.16 103.61 103.00 102.32 101.57 100.76 99.88 98.94 97.94 96.87 95.73 94.52 93.26 91.94 90.71 89.64 88.72
101.14 100.87 100.59 100.31 100.03 99.76 99.50 99.25 99.03 98.83 98.65 98.51 98.39 98.30 98.23 98.19 98.17 98.18 98.22 98.28 98.36 98.47 98.61 98.77 98.95 99.16 99.39 99.64 99.92 100.22 100.55 100.89 101.26 101.66 102.07 102.51 102.95 103.40 103.86 104.31 104.75 105.15 105.49 105.76 105.96 106.10 106.17 106.17 106.11 105.97 105.77 105.51 105.17 104.77 104.29 103.75 103.15 102.47 101.72 100.91 100.02 99.07 98.05 96.95 95.79 94.56 93.26 91.91 90.64 89.53 88.58
100.43 100.15 99.85 99.56 99.27 98.99 98.72 98.46 98.23 98.02 97.84 97.69 97.57 97.47 97.40 97.36 97.35 97.36 97.40 97.47 97.56 97.68 97.82 97.99 98.18 98.41 98.65 98.92 99.22 99.54 99.88 100.25 100.65 101.06 101.50 101.95 102.41 102.88 103.34 103.80 104.26 104.71 105.11 105.44 105.70 105.89 106.01 106.06 106.04 105.94 105.78 105.54 105.23 104.85 104.40 103.87 103.27 102.60 101.86 101.04 100.15 99.19 98.16 97.05 95.86 94.61 93.28 91.89 90.59 89.45 88.46
99.75 99.45 99.15 98.84 98.54 98.25 97.97 97.70 97.46 97.24 97.06 96.90 96.77 96.67 96.60 96.56 96.54 96.56 96.60 96.67 96.77 96.90 97.05 97.23 97.44 97.67 97.93 98.22 98.53 98.87 99.23 99.62 100.04 100.48 100.93 101.40 101.87 102.34 102.81 103.29 103.75 104.21 104.66 105.05 105.38 105.62 105.80 105.90 105.92 105.87 105.74 105.54 105.26 104.90 104.47 103.96 103.38 102.72 101.98 101.17 100.27 99.31 98.26 97.14 95.93 94.66 93.30 91.88 90.55 89.38 88.36
99.10 98.78 98.47 98.15 97.84 97.53 97.24 96.96 96.71 96.49 96.29 96.13 95.99 95.89 95.82 95.77 95.76 95.78 95.82 95.90 96.00 96.13 96.30 96.49 96.70 96.95 97.22 97.53 97.85 98.21 98.60 99.01 99.44 99.90 100.36 100.83 101.31 101.80 102.28 102.76 103.23 103.70 104.16 104.60 104.98 105.29 105.52 105.67 105.75 105.74 105.65 105.49 105.24 104.91 104.51 104.02 103.45 102.81 102.08 101.27 100.38 99.40 98.35 97.22 96.00 94.70 93.32 91.88 90.52 89.32 88.28
98.47 98.15 97.82 97.49 97.16 96.84 96.54 96.25 95.99 95.75 95.55 95.38 95.24 95.13 95.06 95.01 95.00 95.02 95.06 95.14 95.25 95.39 95.56 95.76 95.99 96.25 96.53 96.85 97.19 97.57 97.97 98.40 98.85 99.31 99.79 100.27 100.76 101.25 101.74 102.22 102.71 103.18 103.64 104.09 104.52 104.89 105.18 105.39 105.51 105.55 105.51 105.38 105.17 104.88 104.50 104.04 103.49 102.86 102.14 101.34 100.46 99.49 98.43 97.29 96.06 94.75 93.35 91.88 90.50 89.27 88.20
97.88 97.54 97.19 96.85 96.51 96.18 95.86 95.57 95.29 95.05 94.83 94.65 94.51 94.40 94.32 94.27 94.26 94.27 94.32 94.41 94.52 94.67 94.84 95.05 95.29 95.56 95.86 96.19 96.55 96.94 97.36 97.80 98.26 98.73 99.21 99.70 100.19 100.69 101.19 101.68 102.17 102.65 103.11 103.57 104.00 104.41 104.77 105.03 105.21 105.31 105.31 105.23 105.06 104.80 104.45 104.02 103.49 102.88 102.18 101.39 100.51 99.54 98.49 97.34 96.10 94.78 93.36 91.88 90.47 89.22 88.13
97.31 96.96 96.60 96.24 95.89 95.55 95.22 94.91 94.62 94.36 94.14 93.96 93.80 93.69 93.60 93.55 93.54 93.56 93.61 93.69 93.81 93.96 94.14 94.36 94.61 94.89 95.20 95.55 95.92 96.33 96.76 97.20 97.67 98.15 98.63 99.13 99.63 100.13 100.63 101.13 101.62 102.10 102.57 103.03 103.47 103.89 104.28 104.61 104.84 104.99 105.05 105.01 104.88 104.66 104.35 103.94 103.45 102.86 102.18 101.40 100.53 99.57 98.52 97.37 96.13 94.80 93.37 91.87 90.44 89.18 88.07
96.78 96.41 96.04 95.67 95.30 94.94 94.60 94.28 93.98 93.71 93.48 93.28 93.12 93.00 92.91 92.86 92.84 92.86 92.91 93.00 93.12 93.28 93.47 93.69 93.95 94.24 94.56 94.92 95.31 95.72 96.16 96.61 97.08 97.57 98.06 98.56 99.06 99.57 100.07 100.57 101.07 101.55 102.02 102.48 102.92 103.34 103.74 104.10 104.40 104.60 104.71 104.73 104.64 104.47 104.19 103.82 103.35 102.79 102.13 101.37 100.52 99.57 98.52 97.38 96.13 94.79 93.35 91.84 90.40 89.12 88.00
96.28 95.90 95.51 95.12 94.74 94.37 94.01 93.68 93.36 93.08 92.84 92.64 92.47 92.34 92.25 92.19 92.17 92.19 92.24 92.33 92.45 92.61 92.81 93.04 93.31 93.61 93.94 94.31 94.71 95.13 95.57 96.03 96.50 96.99 97.48 97.99 98.49 99.00 99.51 100.01 100.51 100.99 101.46 101.92 102.36 102.78 103.17 103.54 103.88 104.14 104.31 104.37 104.34 104.21 103.97 103.64 103.21 102.67 102.04 101.30 100.47 99.53 98.49 97.35 96.11 94.76 93.32 91.79 90.34 89.05 87.92
95.82 95.41 95.01 94.61 94.21 93.82 93.45 93.10 92.78 92.49 92.23 92.02 91.84 91.71 91.61 91.55 91.53 91.54 91.59 91.68 91.81 91.97 92.18 92.41 92.69 93.00 93.34 93.72 94.12 94.54 94.99 95.45 95.93 96.41 96.91 97.42 97.92 98.43 98.94 99.44 99.94 100.42 100.89 101.35 101.79 102.21 102.60 102.96 103.30 103.60 103.82 103.95 103.97 103.88 103.69 103.40 103.00 102.50 101.89 101.18 100.37 99.45 98.42 97.29 96.05 94.71 93.26 91.73 90.27 88.97 87.82
95.39 94.97 94.54 94.13 93.71 93.31 92.93 92.56 92.22 91.92 91.65 91.43 91.25 91.10 91.00 90.93 90.91 90.92 90.97 91.06 91.19 91.36 91.56 91.81 92.09 92.41 92.76 93.14 93.54 93.97 94.41 94.88 95.35 95.84 96.34 96.85 97.36 97.86 98.37 98.87 99.36 99.85 100.32 100.77 101.21 101.62 102.01 102.37 102.70 103.00 103.26 103.44 103.51 103.48 103.34 103.09 102.73 102.27 101.69 101.01 100.22 99.32 98.30 97.18 95.96 94.62 93.17 91.63 90.17 88.86 87.71
94.99 94.55 94.11 93.68 93.25 92.83 92.43 92.05 91.70 91.38 91.11 90.87 90.68 90.53 90.41 90.34 90.31 90.32 90.37 90.47 90.60 90.77 90.98 91.23 91.51 91.83 92.19 92.57 92.97 93.40 93.85 94.31 94.79 95.28 95.78 96.28 96.79 97.29 97.80 98.30 98.79 99.27 99.73 100.18 100.61 101.02 101.40 101.76 102.09 102.38 102.64 102.85 102.98 103.00 102.91 102.71 102.40 101.97 101.43 100.78 100.01 99.13 98.14 97.04 95.82 94.49 93.04 91.50 90.04 88.73 87.58
94.63 94.17 93.72 93.26 92.82 92.39 91.97 91.58 91.21 90.88 90.59 90.34 90.14 89.98 89.86 89.78 89.75 89.76 89.80 89.90 90.03 90.20 90.41 90.67 90.96 91.28 91.63 92.01 92.42 92.85 93.29 93.76 94.23 94.72 95.22 95.72 96.22 96.72 97.22 97.72 98.21 98.68 99.14 99.59 100.01 100.41 100.79 101.14 101.46 101.74 101.99 102.20 102.37 102.44 102.41 102.25 101.99 101.60 101.10 100.48 99.75 98.89 97.92 96.84 95.63 94.31 92.87 91.34 89.87 88.57 87.42
94.31 93.83 93.36 92.89 92.42 91.98 91.54 91.13 90.75 90.40 90.10 89.84 89.63 89.46 89.33 89.25 89.21 89.22 89.26 89.35 89.48 89.66 89.87 90.13 90.42 90.74 91.10 91.48 91.88 92.31 92.75 93.21 93.68 94.17 94.66 95.16 95.66 96.16 96.65 97.14 97.62 98.09 98.54 98.98 99.40 99.79 100.16 100.50 100.81 101.09 101.33 101.53 101.69 101.80 101.82 101.72 101.50 101.16 100.70 100.12 99.42 98.59 97.65 96.58 95.40 94.09 92.66 91.13 89.67 88.37 87.23
94.02 93.53 93.03 92.55 92.07 91.60 91.15 90.72 90.32 89.96 89.65 89.38 89.15 88.97 88.84 88.75 88.70 88.70 88.75 88.84 88.97 89.14 89.36 89.61 89.90 90.22 90.58 90.95 91.35 91.78 92.22 92.68 93.15 93.63 94.11 94.60 95.10 95.59 96.08 96.56 97.04 97.50 97.94 98.37 98.78 99.17 99.53 99.86 100.16 100.42 100.65 100.84 100.99 101.09 101.14 101.10 100.93 100.64 100.22 99.68 99.02 98.23 97.31 96.27 95.10 93.81 92.40 90.88 89.43 88.13 86.99
93.77 93.26 92.75 92.24 91.74 91.26 90.79 90.35 89.93 89.55 89.22 88.94 88.71 88.52 88.37 88.28 88.23 88.22 88.26 88.35 88.48 88.65 88.87 89.12 89.41 89.73 90.07 90.45 90.85 91.26 91.70 92.15 92.62 93.09 93.57 94.06 94.54 95.03 95.51 95.98 96.45 96.90 97.34 97.76 98.16 98.53 98.88 99.20 99.49 99.74 99.96 100.14 100.27 100.36 100.40 100.38 100.27 100.03 99.66 99.17 98.54 97.79 96.91 95.89 94.75 93.48 92.08 90.57 89.13 87.85 86.72
93.56 93.03 92.50 91.97 91.46 90.95 90.47 90.01 89.57 89.18 88.84 88.54 88.29 88.09 87.94 87.84 87.78 87.77 87.81 87.89 88.02 88.19 88.40 88.65 88.93 89.25 89.59 89.96 90.35 90.76 91.19 91.64 92.10 92.56 93.04 93.51 93.99 94.47 94.94 95.41 95.86 96.30 96.73 97.14 97.53 97.89 98.23 98.54 98.81 99.05 99.26 99.42 99.54 99.61 99.64 99.61 99.52 99.34 99.02 98.57 97.99 97.27 96.43 95.45 94.33 93.08 91.70 90.21 88.78 87.51 86.40
93.40 92.84 92.29 91.75 91.21 90.69 90.18 89.70 89.25 88.84 88.49 88.18 87.92 87.71 87.54 87.43 87.37 87.35 87.38 87.46 87.59 87.76 87.96 88.21 88.48 88.79 89.13 89.49 89.88 90.28 90.70 91.14 91.59 92.05 92.51 92.98 93.45 93.92 94.38 94.83 95.27 95.71 96.12 96.52 96.89 97.24 97.57 97.86 98.12 98.35 98.54 98.68 98.79 98.85 98.85 98.81 98.71 98.55 98.29 97.89 97.35 96.68 95.87 94.92 93.84 92.62 91.26 89.79 88.38 87.13 86.03
93.27 92.70 92.12 91.56 91.00 90.46 89.94 89.44 88.97 88.54 88.17 87.85 87.57 87.35 87.18 87.06 86.99 86.96 86.99 87.07 87.19 87.35 87.55 87.79 88.06 88.36 88.69 89.04 89.42 89.81 90.23 90.66 91.10 91.54 92.00 92.45 92.91 93.37 93.82 94.26 94.69 95.11 95.51 95.89 96.25 96.59 96.90 97.18 97.42 97.63 97.80 97.94 98.02 98.06 98.05 97.99 97.88 97.70 97.46 97.11 96.63 96.00 95.23 94.32 93.27 92.08 90.75 89.30 87.91 86.68 85.60
93.19 92.59 92.00 91.41 90.83 90.27 89.73 89.21 88.72 88.28 87.89 87.55 87.27 87.03 86.85 86.72 86.64 86.61 86.63 86.70 86.81 86.97 87.16 87.39 87.65 87.95 88.27 88.61 88.98 89.37 89.77 90.19 90.61 91.05 91.49 91.94 92.38 92.82 93.26 93.69 94.11 94.51 94.90 95.26 95.61 95.93 96.22 96.48 96.71 96.91 97.06 97.17 97.24 97.26 97.24 97.16 97.02 96.83 96.57 96.25 95.81 95.23 94.51 93.64 92.63 91.47 90.16 88.74 87.37 86.16 85.12
93.16 92.53 91.91 91.30 90.70 90.12 89.56 89.02 88.52 88.06 87.65 87.29 86.99 86.75 86.55 86.41 86.33 86.29 86.31 86.37 86.47 86.62 86.80 87.02 87.28 87.56 87.87 88.20 88.56 88.93 89.33 89.73 90.15 90.57 91.00 91.43 91.86 92.29 92.71 93.12 93.53 93.91 94.28 94.63 94.96 95.27 95.54 95.79 96.00 96.17 96.31 96.40 96.45 96.45 96.40 96.30 96.14 95.93 95.65 95.31 94.90 94.37 93.69 92.87 91.89 90.77 89.50 88.10 86.76 85.58 84.56
93.19 92.52 91.87 91.24 90.62 90.01 89.43 88.88 88.35 87.87 87.45 87.08 86.76 86.50 86.30 86.15 86.05 86.01 86.01 86.07 86.16 86.30 86.47 86.68 86.92 87.20 87.49 87.82 88.16 88.52 88.90 89.29 89.70 90.10 90.52 90.94 91.35 91.76 92.17 92.57 92.95 93.32 93.67 94.01 94.32 94.60 94.86 95.08 95.27 95.43 95.54 95.61 95.64 95.62 95.55 95.43 95.25 95.01 94.71 94.35 93.91 93.41 92.78 92.00 91.07 89.99 88.75 87.38 86.08 84.93 83.94
93.29 92.57 91.88 91.21 90.57 89.95 89.35 88.77 88.22 87.72 87.28 86.90 86.57 86.29 86.08 85.92 85.81 85.76 85.76 85.80 85.88 86.01 86.17 86.37 86.60 86.86 87.14 87.45 87.78 88.13 88.50 88.87 89.26 89.65 90.05 90.45 90.85 91.24 91.63 92.01 92.38 92.73 93.06 93.38 93.67 93.93 94.17 94.37 94.54 94.68 94.77 94.82 94.82 94.78 94.69 94.54 94.34 94.07 93.75 93.36 92.90 92.37 91.77 91.04 90.15 89.11 87.91 86.58 85.31 84.20 83.24
93.44 92.67 91.94 91.24 90.57 89.93 89.30 88.70 88.14 87.62 87.16 86.75 86.41 86.13 85.90 85.73 85.62 85.55 85.54 85.57 85.64 85.75 85.90 86.09 86.30 86.55 86.82 87.11 87.43 87.76 88.11 88.47 88.84 89.22 89.60 89.98 90.36 90.74 91.11 91.47 91.81 92.14 92.46 92.75 93.02 93.26 93.48 93.66 93.81 93.92 93.99 94.01 94.00 93.93 93.81 93.64 93.41 93.12 92.77 92.35 91.87 91.31 90.69 89.97 89.14 88.14 86.98 85.69 84.46 83.38 82.46
93.63 92.83 92.06 91.33 90.62 89.95 89.30 88.68 88.09 87.55 87.07 86.65 86.30 86.00 85.77 85.58 85.46 85.38 85.35 85.37 85.43 85.53 85.66 85.83 86.03 86.26 86.52 86.80 87.10 87.41 87.74 88.09 88.44 88.80 89.16 89.52 89.88 90.24 90.59 90.93 91.25 91.56 91.86 92.13 92.37 92.59 92.79 92.94 93.07 93.15 93.20 93.20 93.16 93.06 92.92 92.72 92.46 92.15 91.77 91.33 90.81 90.23 89.57 88.84 88.02 87.07 85.96 84.71 83.51 82.47 81.58
93.86 93.03 92.22 91.46 90.72 90.02 89.34 88.70 88.09 87.53 87.03 86.60 86.23 85.92 85.67 85.48 85.34 85.25 85.21 85.21 85.25 85.34 85.46 85.61 85.79 86.01 86.25 86.51 86.79 87.08 87.40 87.72 88.05 88.39 88.73 89.08 89.42 89.75 90.08 90.40 90.70 90.99 91.26 91.51 91.73 91.93 92.09 92.23 92.32 92.38 92.40 92.38 92.31 92.19 92.02 91.79 91.50 91.16 90.75 90.28 89.74 89.12 88.44 87.67 86.83 85.90 84.83 83.62 82.47 81.46 80.54
94.12 93.26 92.42 91.63 90.86 90.13 89.43 88.77 88.13 87.55 87.04 86.60 86.21 85.89 85.63 85.42 85.26 85.16 85.10 85.09 85.11 85.18 85.28 85.42 85.59 85.78 86.00 86.24 86.50 86.78 87.07 87.38 87.69 88.01 88.33 88.65 88.97 89.28 89.58 89.88 90.16 90.42 90.67 90.89 91.09 91.26 91.40 91.51 91.58 91.61 91.60 91.55 91.45 91.30 91.10 90.85 90.53 90.16 89.72 89.22 88.64 88.00 87.28 86.48 85.61 84.65 83.59 82.43 81.31 80.28 79.33
