data_processed/recharge/precip/Precip_1997_06.asc
ncols        168
nrows        136
xllcorner    455000
yllcorner    2107000
cellsize     500
NODATA_value     -99999
[rows 68 to 101 of 136, columns 0 to 74 of 168]
92.17 92.35 92.53 92.70 92.85 93.00 93.12 93.22 93.17 92.87 92.31 91.52 90.62 89.73 88.86 88.00 87.15 86.30 85.46 84.60 83.73 82.85 81.93 80.87 79.67 78.37 77.00 75.59 74.19 72.83 71.54 70.37 69.35 68.51 67.85 67.38 67.10 67.02 67.16 67.50 68.03 68.74 69.61 70.62 71.77 73.03 74.40 75.85 77.39 78.99 80.62 82.27 83.90 85.50 87.03 88.47 89.80 90.99 91.96 92.59 92.84 92.71 92.20 91.28 89.97 88.32 86.36 84.12 81.64 78.95 76.10 73.12 70.05 67.17 64.78
91.88 92.00 92.11 92.22 92.31 92.40 92.46 92.51 92.53 92.40 92.03 91.52 90.98 90.42 89.85 89.25 88.62 87.95 87.24 86.48 85.67 84.81 83.86 82.77 81.51 80.14 78.68 77.17 75.65 74.15 72.71 71.38 70.18 69.15 68.31 67.68 67.26 67.08 67.13 67.40 67.86 68.51 69.33 70.31 71.42 72.67 74.03 75.48 77.02 78.62 80.25 81.90 83.53 85.12 86.64 88.07 89.39 90.56 91.57 92.34 92.74 92.73 92.26 91.37 90.09 88.46 86.51 84.27 81.79 79.09 76.22 73.21 70.11 67.20 64.76
91.56 91.62 91.67 91.72 91.75 91.77 91.78 91.77 91.74 91.69 91.62 91.51 91.35 91.13 90.85 90.51 90.09 89.60 89.03 88.38 87.63 86.78 85.82 84.68 83.37 81.92 80.37 78.76 77.12 75.49 73.91 72.40 71.02 69.80 68.76 67.97 67.44 67.16 67.12 67.31 67.70 68.29 69.06 70.00 71.08 72.30 73.65 75.10 76.64 78.24 79.87 81.51 83.14 84.72 86.23 87.66 88.96 90.12 91.11 91.91 92.42 92.48 92.08 91.25 90.01 88.42 86.50 84.29 81.82 79.14 76.27 73.26 70.15 67.23 64.77
91.22 91.21 91.20 91.19 91.16 91.13 91.08 91.01 90.94 90.96 91.17 91.46 91.67 91.80 91.82 91.73 91.54 91.23 90.80 90.24 89.55 88.72 87.74 86.57 85.20 83.68 82.05 80.33 78.57 76.81 75.08 73.41 71.85 70.43 69.21 68.28 67.63 67.25 67.12 67.23 67.55 68.08 68.80 69.69 70.74 71.94 73.28 74.72 76.26 77.86 79.49 81.12 82.74 84.31 85.82 87.23 88.52 89.66 90.63 91.38 91.85 91.96 91.64 90.89 89.72 88.19 86.33 84.16 81.74 79.09 76.25 73.26 70.17 67.25 64.80
90.85 90.79 90.72 90.64 90.55 90.46 90.35 90.24 90.23 90.42 90.81 91.35 91.93 92.39 92.71 92.88 92.91 92.78 92.49 92.03 91.40 90.59 89.60 88.38 86.96 85.37 83.65 81.83 79.96 78.06 76.18 74.35 72.61 71.03 69.70 68.63 67.85 67.37 67.14 67.17 67.42 67.88 68.54 69.39 70.41 71.59 72.91 74.35 75.88 77.48 79.10 80.73 82.33 83.90 85.39 86.78 88.06 89.18 90.11 90.76 91.12 91.20 90.94 90.28 89.21 87.77 85.98 83.89 81.53 78.94 76.16 73.21 70.15 67.27 64.84
90.47 90.33 90.20 90.06 89.92 89.76 89.61 89.56 89.72 90.07 90.60 91.28 92.08 92.86 93.48 93.92 94.16 94.21 94.06 93.70 93.14 92.35 91.34 90.08 88.61 86.95 85.14 83.23 81.24 79.21 77.18 75.19 73.31 71.64 70.21 69.03 68.12 67.51 67.19 67.12 67.30 67.70 68.30 69.11 70.09 71.24 72.54 73.98 75.51 77.10 78.71 80.33 81.93 83.48 84.95 86.33 87.59 88.66 89.48 90.02 90.29 90.28 90.01 89.43 88.48 87.14 85.46 83.46 81.19 78.68 75.97 73.09 70.10 67.27 64.89
90.05 89.86 89.66 89.46 89.26 89.06 88.96 89.08 89.40 89.90 90.55 91.33 92.22 93.19 94.09 94.79 95.25 95.48 95.48 95.22 94.71 93.95 92.92 91.63 90.10 88.38 86.48 84.47 82.36 80.20 78.03 75.93 73.99 72.26 70.74 69.47 68.45 67.71 67.26 67.10 67.20 67.53 68.08 68.84 69.79 70.91 72.19 73.62 75.14 76.72 78.32 79.93 81.52 83.05 84.51 85.87 87.08 88.04 88.73 89.17 89.34 89.27 88.94 88.36 87.51 86.30 84.75 82.87 80.71 78.31 75.69 72.90 69.99 67.24 64.94
89.61 89.36 89.10 88.84 88.59 88.45 88.52 88.80 89.26 89.88 90.63 91.50 92.45 93.47 94.51 95.45 96.14 96.55 96.69 96.53 96.09 95.35 94.31 92.98 91.40 89.60 87.63 85.51 83.29 81.01 78.74 76.61 74.65 72.86 71.29 69.93 68.82 67.96 67.39 67.11 67.12 67.39 67.88 68.59 69.49 70.59 71.85 73.26 74.78 76.35 77.94 79.54 81.11 82.63 84.07 85.38 86.46 87.28 87.86 88.20 88.29 88.15 87.77 87.17 86.34 85.25 83.84 82.11 80.08 77.81 75.31 72.64 69.83 67.18 64.98
89.15 88.83 88.51 88.20 88.01 88.04 88.27 88.69 89.28 90.00 90.83 91.76 92.76 93.79 94.85 95.89 96.78 97.38 97.66 97.61 97.22 96.51 95.45 94.09 92.46 90.59 88.54 86.32 83.99 81.64 79.38 77.25 75.27 73.46 71.83 70.42 69.23 68.28 67.59 67.19 67.08 67.26 67.70 68.35 69.22 70.28 71.52 72.93 74.43 75.99 77.57 79.15 80.71 82.21 83.59 84.76 85.70 86.40 86.87 87.11 87.13 86.93 86.51 85.89 85.05 84.01 82.74 81.16 79.30 77.17 74.82 72.28 69.61 67.08 65.00
88.66 88.28 87.91 87.66 87.64 87.82 88.20 88.74 89.43 90.23 91.13 92.10 93.11 94.15 95.19 96.20 97.16 97.92 98.34 98.39 98.07 97.38 96.31 94.91 93.23 91.30 89.16 86.86 84.48 82.16 79.94 77.83 75.85 74.03 72.38 70.91 69.66 68.64 67.86 67.34 67.11 67.18 67.54 68.14 68.97 69.99 71.21 72.60 74.10 75.64 77.21 78.77 80.31 81.75 82.99 84.01 84.81 85.39 85.76 85.91 85.86 85.61 85.16 84.52 83.68 82.66 81.45 80.04 78.35 76.40 74.21 71.84 69.31 66.93 65.00
88.15 87.72 87.41 87.32 87.46 87.78 88.28 88.93 89.69 90.56 91.50 92.49 93.50 94.52 95.52 96.48 97.36 98.14 98.69 98.84 98.59 97.92 96.84 95.41 93.68 91.68 89.47 87.14 84.83 82.58 80.41 78.34 76.38 74.56 72.90 71.41 70.12 69.03 68.17 67.57 67.22 67.17 67.42 67.96 68.73 69.73 70.92 72.29 73.78 75.31 76.86 78.40 79.87 81.17 82.25 83.12 83.78 84.25 84.52 84.60 84.49 84.19 83.72 83.06 82.24 81.24 80.07 78.75 77.23 75.48 73.48 71.29 68.94 66.73 64.96
87.62 87.25 87.10 87.18 87.45 87.90 88.50 89.23 90.05 90.96 91.92 92.91 93.90 94.89 95.82 96.70 97.49 98.16 98.69 98.93 98.74 98.10 97.01 95.54 93.76 91.70 89.49 87.26 85.05 82.89 80.79 78.77 76.86 75.06 73.40 71.90 70.58 69.45 68.53 67.85 67.42 67.25 67.38 67.81 68.53 69.49 70.65 72.01 73.48 74.99 76.52 78.00 79.31 80.43 81.35 82.08 82.63 82.99 83.17 83.18 83.01 82.68 82.18 81.52 80.71 79.74 78.63 77.37 75.97 74.40 72.62 70.63 68.48 66.47 64.89
87.19 86.98 87.00 87.21 87.61 88.16 88.84 89.62 90.49 91.41 92.37 93.34 94.30 95.22 96.08 96.86 97.52 98.06 98.43 98.62 98.48 97.86 96.76 95.26 93.43 91.40 89.32 87.22 85.13 83.08 81.07 79.12 77.26 75.51 73.87 72.38 71.04 69.89 68.93 68.19 67.68 67.43 67.44 67.75 68.37 69.27 70.41 71.75 73.20 74.69 76.15 77.47 78.60 79.54 80.31 80.91 81.34 81.60 81.70 81.64 81.43 81.07 80.55 79.90 79.11 78.18 77.12 75.94 74.62 73.19 71.62 69.86 67.93 66.14 64.77
86.96 86.91 87.07 87.40 87.90 88.53 89.27 90.09 90.98 91.90 92.84 93.77 94.67 95.51 96.27 96.92 97.45 97.82 98.02 98.01 97.78 97.16 96.05 94.53 92.75 90.88 88.96 87.02 85.07 83.14 81.23 79.38 77.59 75.89 74.30 72.83 71.50 70.34 69.35 68.57 68.00 67.67 67.60 67.80 68.30 69.10 70.19 71.51 72.94 74.36 75.65 76.77 77.72 78.51 79.13 79.60 79.92 80.09 80.11 80.00 79.74 79.35 78.84 78.20 77.43 76.55 75.55 74.45 73.23 71.92 70.50 68.97 67.28 65.72 64.54
86.93 87.02 87.29 87.73 88.31 88.99 89.77 90.61 91.50 92.41 93.30 94.17 94.99 95.73 96.37 96.88 97.25 97.44 97.43 97.21 96.74 95.99 94.85 93.40 91.81 90.14 88.42 86.65 84.85 83.06 81.28 79.53 77.83 76.21 74.67 73.24 71.94 70.78 69.79 68.98 68.38 67.99 67.84 67.96 68.34 69.03 70.02 71.30 72.66 73.90 74.98 75.91 76.69 77.32 77.81 78.16 78.37 78.45 78.41 78.24 77.95 77.55 77.03 76.41 75.68 74.85 73.92 72.90 71.79 70.60 69.32 67.96 66.53 65.18 64.02
86.98 87.19 87.57 88.08 88.72 89.45 90.25 91.09 91.96 92.83 93.67 94.46 95.18 95.80 96.30 96.65 96.84 96.83 96.61 96.14 95.41 94.41 93.22 91.97 90.62 89.18 87.65 86.07 84.45 82.81 81.17 79.54 77.95 76.41 74.95 73.58 72.32 71.19 70.20 69.39 68.76 68.33 68.12 68.16 68.46 69.04 69.91 71.14 72.35 73.37 74.25 75.00 75.61 76.09 76.44 76.67 76.79 76.79 76.68 76.46 76.14 75.72 75.21 74.61 73.91 73.14 72.28 71.35 70.35 69.28 68.14 66.95 65.67 64.37 63.18
86.70 87.03 87.50 88.09 88.78 89.54 90.35 91.19 92.03 92.85 93.63 94.33 94.94 95.43 95.79 95.97 95.97 95.76 95.31 94.60 93.61 92.46 91.33 90.24 89.12 87.91 86.60 85.21 83.77 82.30 80.80 79.31 77.84 76.40 75.02 73.71 72.50 71.41 70.44 69.63 68.98 68.52 68.27 68.24 68.46 68.95 69.80 71.18 72.46 73.31 73.97 74.51 74.94 75.25 75.46 75.56 75.56 75.46 75.27 74.99 74.62 74.18 73.65 73.06 72.39 71.65 70.86 70.00 69.09 68.13 67.12 66.04 64.81 63.49 62.26
85.99 86.43 86.99 87.65 88.39 89.18 90.00 90.83 91.64 92.41 93.11 93.72 94.22 94.59 94.79 94.80 94.61 94.19 93.50 92.55 91.43 90.33 89.29 88.28 87.32 86.33 85.24 84.06 82.81 81.51 80.17 78.82 77.47 76.14 74.85 73.62 72.47 71.42 70.48 69.67 69.02 68.54 68.25 68.16 68.31 68.80 69.84 71.43 72.89 73.79 74.27 74.59 74.81 74.94 74.98 74.93 74.79 74.58 74.29 73.93 73.50 73.00 72.45 71.83 71.17 70.46 69.70 68.90 68.06 67.19 66.26 65.20 63.96 62.64 61.40
84.91 85.44 86.08 86.81 87.59 88.41 89.24 90.05 90.83 91.54 92.17 92.68 93.07 93.29 93.34 93.18 92.79 92.15 91.24 90.17 89.11 88.11 87.14 86.22 85.33 84.48 83.61 82.65 81.60 80.47 79.30 78.10 76.88 75.67 74.48 73.33 72.25 71.24 70.34 69.55 68.90 68.40 68.08 67.95 68.13 68.82 70.09 71.86 73.49 74.55 75.07 75.21 75.21 75.13 74.98 74.75 74.46 74.11 73.70 73.24 72.72 72.16 71.55 70.91 70.22 69.51 68.77 68.00 67.22 66.40 65.47 64.40 63.14 61.82 60.57
83.63 84.12 84.83 85.62 86.44 87.28 88.11 88.90 89.63 90.29 90.83 91.25 91.52 91.60 91.49 91.15 90.56 89.71 88.69 87.69 86.73 85.81 84.93 84.08 83.26 82.48 81.75 80.99 80.15 79.22 78.22 77.17 76.09 75.00 73.92 72.86 71.86 70.91 70.05 69.28 68.64 68.14 67.80 67.72 68.12 69.06 70.53 72.47 74.25 75.46 76.12 76.28 76.09 75.78 75.42 75.01 74.54 74.03 73.48 72.89 72.27 71.62 70.94 70.24 69.52 68.79 68.04 67.29 66.53 65.69 64.73 63.63 62.37 61.04 59.80
82.34 82.63 83.28 84.11 84.97 85.83 86.65 87.42 88.11 88.70 89.16 89.47 89.61 89.56 89.28 88.76 87.97 87.03 86.09 85.19 84.33 83.50 82.69 81.91 81.16 80.44 79.77 79.14 78.50 77.76 76.94 76.06 75.13 74.17 73.21 72.25 71.32 70.44 69.63 68.90 68.28 67.78 67.51 67.68 68.35 69.52 71.17 73.25 75.16 76.49 77.28 77.56 77.37 76.87 76.28 75.65 74.99 74.31 73.59 72.86 72.11 71.35 70.58 69.81 69.03 68.26 67.49 66.73 65.92 65.04 64.05 62.93 61.66 60.33 59.09
81.09 81.17 81.61 82.35 83.23 84.10 84.91 85.65 86.29 86.82 87.19 87.40 87.41 87.20 86.75 86.05 85.19 84.32 83.50 82.71 81.94 81.20 80.46 79.75 79.06 78.40 77.78 77.21 76.68 76.14 75.51 74.80 74.02 73.21 72.36 71.52 70.68 69.88 69.12 68.43 67.84 67.44 67.44 67.90 68.82 70.19 72.00 74.19 76.20 77.63 78.53 78.91 78.83 78.31 77.52 76.66 75.79 74.90 74.01 73.11 72.22 71.33 70.45 69.58 68.72 67.89 67.08 66.26 65.40 64.47 63.45 62.31 61.03 59.71 58.46
79.89 79.79 79.99 80.50 81.28 82.14 82.94 83.65 84.24 84.68 84.97 85.06 84.94 84.58 83.97 83.19 82.42 81.68 80.97 80.28 79.61 78.94 78.28 77.63 77.00 76.39 75.82 75.29 74.81 74.38 73.94 73.41 72.80 72.13 71.42 70.69 69.95 69.23 68.54 67.91 67.43 67.32 67.63 68.37 69.51 71.06 73.01 75.29 77.37 78.88 79.85 80.32 80.32 79.89 79.07 78.01 76.90 75.79 74.70 73.62 72.56 71.52 70.50 69.52 68.57 67.65 66.76 65.88 64.96 63.99 62.94 61.78 60.50 59.17 57.93
78.78 78.50 78.49 78.76 79.27 80.00 80.78 81.45 81.98 82.35 82.53 82.51 82.25 81.74 81.07 80.40 79.76 79.14 78.54 77.95 77.36 76.78 76.18 75.59 75.02 74.46 73.94 73.45 73.01 72.61 72.27 71.92 71.48 70.97 70.40 69.79 69.16 68.53 67.92 67.43 67.27 67.49 68.09 69.07 70.41 72.12 74.18 76.53 78.66 80.22 81.25 81.78 81.84 81.47 80.71 79.61 78.29 76.94 75.63 74.34 73.10 71.89 70.72 69.60 68.54 67.53 66.56 65.60 64.63 63.62 62.54 61.37 60.08 58.76 57.51
77.77 77.33 77.12 77.15 77.40 77.86 78.48 79.09 79.57 79.85 79.94 79.79 79.40 78.85 78.29 77.76 77.24 76.74 76.24 75.75 75.25 74.73 74.21 73.68 73.15 72.65 72.17 71.72 71.30 70.94 70.63 70.37 70.10 69.75 69.33 68.85 68.33 67.81 67.36 67.21 67.40 67.94 68.81 70.01 71.53 73.36 75.51 77.90 80.06 81.65 82.72 83.28 83.38 83.05 82.33 81.26 79.88 78.33 76.77 75.26 73.81 72.41 71.07 69.80 68.62 67.52 66.48 65.45 64.43 63.37 62.27 61.08 59.79 58.47 57.23
76.89 76.29 75.91 75.72 75.71 75.88 76.20 76.65 77.04 77.24 77.22 76.96 76.53 76.10 75.69 75.29 74.90 74.51 74.12 73.71 73.30 72.86 72.39 71.91 71.44 70.98 70.54 70.12 69.74 69.40 69.11 68.87 68.69 68.50 68.23 67.89 67.51 67.17 67.08 67.31 67.83 68.65 69.77 71.16 72.84 74.78 76.98 79.40 81.56 83.16 84.23 84.80 84.92 84.60 83.91 82.86 81.50 79.87 78.09 76.34 74.66 73.05 71.53 70.13 68.85 67.66 66.53 65.44 64.36 63.27 62.14 60.93 59.64 58.32 57.09
76.15 75.42 74.86 74.47 74.23 74.12 74.14 74.26 74.46 74.56 74.44 74.15 73.86 73.58 73.31 73.04 72.77 72.49 72.20 71.89 71.55 71.18 70.77 70.35 69.92 69.50 69.10 68.71 68.36 68.04 67.76 67.54 67.37 67.26 67.14 66.95 66.78 66.82 67.13 67.71 68.55 69.63 70.96 72.53 74.34 76.36 78.61 81.02 83.16 84.74 85.79 86.35 86.45 86.14 85.43 84.38 83.02 81.39 79.52 77.54 75.61 73.79 72.12 70.61 69.22 67.94 66.74 65.59 64.46 63.32 62.16 60.95 59.65 58.34 57.11
75.57 74.72 74.01 73.43 72.97 72.60 72.33 72.12 71.98 71.87 71.73 71.58 71.44 71.31 71.18 71.04 70.89 70.72 70.53 70.30 70.04 69.73 69.38 69.01 68.63 68.25 67.88 67.52 67.19 66.89 66.63 66.41 66.24 66.14 66.10 66.14 66.36 66.82 67.51 68.42 69.53 70.86 72.39 74.11 76.01 78.10 80.36 82.74 84.84 86.38 87.39 87.91 87.98 87.63 86.90 85.82 84.44 82.78 80.89 78.81 76.67 74.68 72.88 71.25 69.77 68.40 67.12 65.90 64.72 63.55 62.37 61.14 59.84 58.54 57.31
75.18 74.23 73.38 72.63 71.95 71.34 70.79 70.27 69.79 69.43 69.30 69.31 69.33 69.35 69.35 69.34 69.31 69.24 69.14 69.00 68.81 68.57 68.27 67.94 67.60 67.26 66.92 66.59 66.28 65.99 65.74 65.53 65.36 65.26 65.29 65.65 66.30 67.16 68.20 69.41 70.79 72.33 74.03 75.88 77.86 79.99 82.24 84.57 86.59 88.07 89.02 89.48 89.49 89.08 88.30 87.17 85.74 84.04 82.11 80.01 77.85 75.75 73.82 72.08 70.50 69.04 67.69 66.41 65.18 63.97 62.76 61.52 60.22 58.93 57.71
75.00 73.95 72.98 72.07 71.20 70.36 69.54 68.74 68.02 67.55 67.35 67.40 67.56 67.72 67.86 67.97 68.05 68.08 68.07 68.01 67.89 67.71 67.46 67.18 66.88 66.57 66.25 65.95 65.66 65.38 65.14 64.93 64.76 64.73 65.01 65.65 66.61 67.83 69.19 70.69 72.31 74.04 75.89 77.83 79.88 82.01 84.23 86.48 88.42 89.80 90.66 91.04 90.97 90.48 89.62 88.42 86.92 85.15 83.18 81.13 79.06 76.98 74.97 73.11 71.43 69.88 68.46 67.12 65.84 64.60 63.36 62.11 60.82 59.53 58.32
75.04 73.92 72.84 71.78 70.74 69.68 68.62 67.63 66.85 66.31 66.02 65.98 66.18 66.47 66.74 66.97 67.15 67.29 67.37 67.38 67.33 67.20 67.00 66.76 66.49 66.21 65.93 65.64 65.36 65.10 64.86 64.65 64.56 64.77 65.32 66.19 67.37 68.83 70.49 72.24 74.07 75.98 77.94 79.97 82.05 84.17 86.32 88.48 90.30 91.57 92.32 92.59 92.41 91.82 90.86 89.56 87.96 86.13 84.21 82.26 80.28 78.29 76.30 74.36 72.58 70.95 69.45 68.05 66.72 65.44 64.19 62.93 61.64 60.36 59.16
75.34 74.16 72.98 71.79 70.58 69.34 68.14 67.12 66.31 65.73 65.37 65.23 65.33 65.63 66.02 66.37 66.66 66.89 67.05 67.15 67.16 67.08 66.93 66.72 66.49 66.23 65.97 65.70 65.43 65.17 64.94 64.81 64.96 65.43 66.22 67.30 68.65 70.25 72.08 74.06 76.08 78.13 80.19 82.27 84.36 86.44 88.52 90.55 92.23 93.36 93.98 94.11 93.80 93.09 92.00 90.58 88.90 87.11 85.28 83.42 81.54 79.64 77.73 75.81 73.96 72.25 70.67 69.21 67.84 66.53 65.26 63.99 62.70 61.43 60.25
75.90 74.68 73.42 72.12 70.76 69.42 68.24 67.24 66.43 65.81 65.39 65.18 65.17 65.37 65.76 66.21 66.61 66.93 67.18 67.34 67.41 67.39 67.27 67.10 66.89 66.67 66.42 66.16 65.91 65.66 65.50 65.61 66.02 66.74 67.72 68.97 70.45 72.15 74.06 76.14 78.32 80.48 82.63 84.74 86.81 88.83 90.80 92.69 94.20 95.17 95.63 95.61 95.14 94.27 93.04 91.52 89.87 88.17 86.43 84.66 82.87 81.06 79.23 77.40 75.57 73.80 72.15 70.64 69.22 67.88 66.58 65.30 64.02 62.77 61.59
76.76 75.50 74.18 72.78 71.38 70.10 68.98 68.01 67.21 66.58 66.12 65.84 65.74 65.82 66.10 66.54 67.03 67.44 67.77 68.00 68.13 68.16 68.08 67.93 67.76 67.55 67.32 67.07 66.82 66.65 66.73 67.11 67.76 68.67 69.83 71.20 72.78 74.55 76.49 78.58 80.79 83.04 85.23 87.35 89.38 91.32 93.17 94.88 96.21 96.99 97.26 97.06 96.42 95.38 94.01 92.51 90.95 89.35 87.70 86.02 84.32 82.59 80.85 79.10 77.34 75.59 73.90 72.33 70.87 69.49 68.18 66.89 65.62 64.38 63.22
