data_processed/recharge/precip/Precip_1989_04.asc
ncols        168
nrows        136
xllcorner    455000
yllcorner    2107000
cellsize     500
NODATA_value     -99999
[rows 0 to 35 of 136, columns 81 to 161 of 168]
16.05 16.16 16.28 16.40 16.54 16.69 16.86 17.06 17.27 17.51 17.77 18.06 18.37 18.71 19.08 19.48 19.91 20.36 20.86 21.38 21.94 22.53 23.16 23.83 24.54 25.29 26.08 26.90 27.78 28.69 29.65 30.61 31.56 32.50 33.44 34.36 35.27 36.18 37.07 37.94 38.78 39.57 40.32 41.03 41.70 42.32 42.88 43.40 43.86 44.27 44.62 44.91 45.15 45.32 45.42 45.46 45.43 45.33 45.16 44.92 44.60 44.20 43.72 43.16 42.52 41.80 41.05 40.29 39.51 38.74 37.96 37.19 36.42 35.67 34.93 34.21 33.51 32.84 32.20 31.60 31.03
16.09 16.20 16.31 16.43 16.57 16.72 16.89 17.08 17.30 17.53 17.80 18.08 18.39 18.73 19.10 19.50 19.92 20.38 20.87 21.40 21.96 22.55 23.18 23.85 24.56 25.30 26.09 26.92 27.79 28.70 29.62 30.53 31.43 32.32 33.20 34.07 34.93 35.78 36.63 37.46 38.28 39.05 39.78 40.48 41.12 41.72 42.27 42.77 43.22 43.62 43.96 44.24 44.46 44.62 44.72 44.75 44.71 44.61 44.43 44.18 43.86 43.46 42.98 42.42 41.78 41.06 40.31 39.56 38.80 38.04 37.28 36.53 35.79 35.07 34.36 33.68 33.02 32.40 31.81 31.25 30.74
16.12 16.23 16.34 16.46 16.59 16.74 16.91 17.10 17.31 17.55 17.81 18.10 18.41 18.74 19.11 19.51 19.93 20.39 20.88 21.40 21.96 22.55 23.19 23.85 24.56 25.31 26.10 26.92 27.79 28.66 29.53 30.38 31.23 32.07 32.90 33.72 34.53 35.34 36.14 36.92 37.70 38.46 39.17 39.85 40.48 41.07 41.61 42.10 42.53 42.92 43.25 43.52 43.73 43.89 43.98 44.00 43.96 43.86 43.68 43.43 43.10 42.70 42.22 41.67 41.03 40.32 39.58 38.83 38.08 37.34 36.61 35.88 35.17 34.48 33.81 33.17 32.56 31.98 31.44 30.95 30.49
16.15 16.25 16.36 16.48 16.61 16.76 16.92 17.11 17.32 17.56 17.82 18.10 18.41 18.75 19.11 19.51 19.93 20.39 20.88 21.40 21.96 22.55 23.18 23.85 24.55 25.30 26.09 26.91 27.74 28.56 29.37 30.18 30.98 31.77 32.55 33.32 34.09 34.84 35.59 36.34 37.07 37.79 38.50 39.16 39.78 40.35 40.88 41.36 41.79 42.17 42.49 42.76 42.97 43.12 43.21 43.23 43.19 43.08 42.90 42.65 42.33 41.93 41.46 40.91 40.27 39.57 38.84 38.11 37.38 36.66 35.95 35.25 34.57 33.92 33.29 32.69 32.12 31.60 31.11 30.67 30.28
16.16 16.26 16.37 16.49 16.62 16.76 16.93 17.12 17.33 17.56 17.81 18.10 18.40 18.74 19.10 19.50 19.92 20.38 20.86 21.39 21.94 22.53 23.16 23.83 24.54 25.28 26.06 26.85 27.63 28.40 29.16 29.92 30.67 31.41 32.15 32.87 33.59 34.30 35.01 35.70 36.39 37.08 37.75 38.40 39.01 39.58 40.10 40.57 41.00 41.37 41.69 41.95 42.16 42.31 42.40 42.42 42.38 42.28 42.10 41.86 41.54 41.15 40.68 40.14 39.51 38.82 38.10 37.38 36.68 35.98 35.30 34.63 33.99 33.37 32.78 32.23 31.72 31.24 30.82 30.44 30.11
16.18 16.27 16.38 16.49 16.62 16.76 16.93 17.11 17.32 17.55 17.80 18.08 18.39 18.72 19.09 19.48 19.90 20.35 20.84 21.36 21.92 22.51 23.14 23.80 24.51 25.24 25.99 26.73 27.46 28.18 28.90 29.61 30.31 31.01 31.69 32.38 33.05 33.72 34.38 35.03 35.68 36.32 36.96 37.58 38.18 38.75 39.26 39.73 40.15 40.52 40.84 41.11 41.32 41.47 41.56 41.58 41.55 41.45 41.28 41.04 40.73 40.35 39.89 39.36 38.75 38.06 37.36 36.67 35.98 35.31 34.66 34.03 33.42 32.85 32.30 31.80 31.34 30.92 30.55 30.24 29.98
16.18 16.28 16.38 16.49 16.61 16.75 16.92 17.10 17.30 17.53 17.78 18.06 18.37 18.70 19.06 19.45 19.87 20.32 20.81 21.33 21.88 22.47 23.10 23.76 24.46 25.16 25.86 26.55 27.23 27.91 28.58 29.25 29.90 30.55 31.20 31.84 32.47 33.09 33.71 34.32 34.93 35.53 36.13 36.71 37.30 37.85 38.37 38.84 39.26 39.63 39.95 40.22 40.43 40.58 40.68 40.71 40.69 40.59 40.43 40.21 39.91 39.54 39.09 38.57 37.97 37.31 36.62 35.95 35.29 34.65 34.03 33.44 32.87 32.34 31.85 31.40 30.99 30.63 30.33 30.08 29.89
16.18 16.27 16.37 16.48 16.60 16.74 16.90 17.08 17.28 17.51 17.76 18.03 18.33 18.66 19.02 19.41 19.83 20.28 20.76 21.28 21.83 22.42 23.04 23.70 24.36 25.02 25.67 26.32 26.96 27.59 28.22 28.84 29.45 30.06 30.66 31.26 31.85 32.43 33.01 33.58 34.15 34.71 35.27 35.82 36.36 36.90 37.42 37.89 38.31 38.69 39.01 39.29 39.50 39.67 39.77 39.81 39.80 39.71 39.57 39.35 39.07 38.71 38.28 37.78 37.20 36.55 35.89 35.24 34.61 34.00 33.42 32.86 32.34 31.86 31.41 31.02 30.67 30.37 30.13 29.95 29.84
16.17 16.26 16.36 16.46 16.58 16.71 16.87 17.05 17.25 17.47 17.72 17.99 18.29 18.62 18.97 19.36 19.78 20.22 20.71 21.22 21.77 22.36 22.97 23.60 24.22 24.83 25.44 26.04 26.63 27.22 27.81 28.38 28.96 29.52 30.08 30.64 31.19 31.73 32.27 32.81 33.34 33.86 34.38 34.90 35.41 35.91 36.41 36.88 37.32 37.70 38.03 38.31 38.54 38.71 38.83 38.88 38.88 38.81 38.68 38.48 38.21 37.87 37.46 36.98 36.42 35.79 35.15 34.53 33.93 33.36 32.81 32.30 31.83 31.39 31.01 30.67 30.38 30.15 29.98 29.87 29.83
16.15 16.24 16.33 16.43 16.55 16.68 16.83 17.01 17.20 17.42 17.67 17.94 18.24 18.56 18.91 19.30 19.71 20.16 20.64 21.15 21.70 22.28 22.86 23.44 24.02 24.59 25.15 25.71 26.26 26.81 27.35 27.89 28.42 28.95 29.47 29.99 30.50 31.01 31.51 32.01 32.50 32.99 33.47 33.95 34.43 34.90 35.37 35.83 36.27 36.66 37.00 37.30 37.54 37.72 37.85 37.92 37.93 37.88 37.77 37.59 37.34 37.02 36.63 36.17 35.63 35.02 34.41 33.82 33.26 32.73 32.22 31.76 31.33 30.95 30.62 30.34 30.12 29.95 29.85 29.82 29.86
16.13 16.21 16.30 16.40 16.51 16.64 16.79 16.96 17.15 17.37 17.61 17.88 18.17 18.49 18.85 19.23 19.64 20.08 20.56 21.07 21.61 22.16 22.70 23.24 23.77 24.30 24.82 25.33 25.85 26.35 26.86 27.36 27.85 28.34 28.82 29.30 29.78 30.25 30.72 31.18 31.64 32.10 32.55 32.99 33.44 33.88 34.31 34.75 35.17 35.58 35.93 36.24 36.50 36.70 36.84 36.93 36.96 36.93 36.84 36.68 36.45 36.15 35.79 35.35 34.84 34.26 33.68 33.12 32.60 32.10 31.65 31.23 30.86 30.53 30.26 30.04 29.89 29.79 29.77 29.81 29.94
16.10 16.18 16.26 16.35 16.46 16.59 16.73 16.90 17.09 17.30 17.54 17.81 18.10 18.42 18.77 19.14 19.55 19.99 20.47 20.97 21.48 21.98 22.48 22.98 23.47 23.96 24.44 24.92 25.39 25.86 26.33 26.79 27.24 27.70 28.15 28.59 29.03 29.47 29.90 30.33 30.76 31.18 31.60 32.02 32.43 32.84 33.25 33.65 34.05 34.45 34.82 35.14 35.42 35.64 35.80 35.91 35.96 35.95 35.88 35.75 35.54 35.28 34.94 34.53 34.04 33.50 32.95 32.43 31.94 31.49 31.08 30.72 30.40 30.13 29.92 29.77 29.68 29.66 29.72 29.84 30.05
16.06 16.13 16.21 16.30 16.40 16.53 16.67 16.83 17.02 17.23 17.46 17.73 18.01 18.33 18.67 19.05 19.45 19.89 20.36 20.83 21.30 21.76 22.22 22.68 23.13 23.58 24.02 24.46 24.90 25.33 25.76 26.19 26.61 27.03 27.44 27.85 28.26 28.67 29.07 29.47 29.86 30.25 30.64 31.03 31.41 31.80 32.17 32.55 32.92 33.29 33.66 34.00 34.30 34.54 34.73 34.86 34.94 34.95 34.91 34.80 34.63 34.38 34.08 33.70 33.24 32.73 32.22 31.74 31.29 30.89 30.53 30.22 29.96 29.75 29.61 29.53 29.51 29.57 29.70 29.91 30.17
16.01 16.08 16.15 16.24 16.34 16.46 16.59 16.75 16.94 17.14 17.37 17.63 17.92 18.23 18.57 18.94 19.34 19.77 20.21 20.64 21.07 21.50 21.92 22.34 22.75 23.16 23.57 23.97 24.38 24.77 25.17 25.56 25.95 26.33 26.71 27.09 27.47 27.84 28.21 28.58 28.95 29.31 29.67 30.03 30.39 30.74 31.10 31.45 31.79 32.14 32.49 32.83 33.14 33.41 33.62 33.78 33.88 33.93 33.91 33.83 33.69 33.48 33.21 32.86 32.44 31.96 31.49 31.05 30.65 30.30 29.99 29.74 29.54 29.40 29.32 29.31 29.37 29.51 29.72 29.98 30.25
15.95 16.01 16.09 16.17 16.26 16.37 16.51 16.67 16.84 17.05 17.27 17.53 17.81 18.12 18.45 18.82 19.22 19.62 20.01 20.41 20.80 21.19 21.57 21.96 22.33 22.71 23.08 23.45 23.82 24.18 24.54 24.90 25.26 25.61 25.97 26.31 26.66 27.01 27.35 27.69 28.03 28.36 28.70 29.03 29.36 29.69 30.02 30.34 30.67 30.99 31.31 31.63 31.95 32.24 32.48 32.67 32.81 32.88 32.90 32.85 32.74 32.57 32.33 32.02 31.63 31.19 30.76 30.37 30.02 29.72 29.47 29.27 29.14 29.06 29.06 29.12 29.26 29.48 29.74 30.01 30.27
15.88 15.94 16.01 16.09 16.17 16.28 16.41 16.57 16.74 16.94 17.16 17.41 17.69 17.99 18.33 18.68 19.05 19.42 19.78 20.13 20.49 20.84 21.19 21.54 21.88 22.22 22.56 22.90 23.24 23.57 23.90 24.23 24.55 24.88 25.20 25.52 25.84 26.15 26.47 26.78 27.09 27.41 27.71 28.02 28.33 28.63 28.94 29.24 29.55 29.85 30.15 30.45 30.75 31.04 31.31 31.53 31.70 31.81 31.86 31.85 31.78 31.64 31.44 31.17 30.83 30.43 30.04 29.69 29.40 29.15 28.96 28.83 28.76 28.75 28.82 28.96 29.18 29.45 29.72 29.98 30.24
15.81 15.86 15.92 15.99 16.08 16.18 16.31 16.46 16.63 16.82 17.04 17.28 17.56 17.86 18.18 18.51 18.84 19.17 19.50 19.82 20.14 20.46 20.77 21.09 21.40 21.71 22.02 22.32 22.63 22.93 23.23 23.53 23.83 24.12 24.42 24.71 25.00 25.29 25.58 25.87 26.16 26.44 26.73 27.02 27.30 27.58 27.87 28.15 28.43 28.71 28.99 29.28 29.56 29.84 30.12 30.37 30.57 30.72 30.80 30.83 30.80 30.70 30.54 30.31 30.01 29.66 29.32 29.02 28.78 28.59 28.46 28.40 28.40 28.47 28.61 28.83 29.10 29.37 29.64 29.90 30.15
15.72 15.77 15.83 15.89 15.97 16.07 16.19 16.33 16.50 16.69 16.90 17.14 17.41 17.70 18.00 18.30 18.59 18.89 19.18 19.47 19.75 20.04 20.32 20.61 20.89 21.17 21.44 21.72 22.00 22.27 22.54 22.81 23.08 23.35 23.62 23.89 24.16 24.42 24.69 24.95 25.22 25.48 25.75 26.01 26.28 26.54 26.80 27.07 27.33 27.59 27.86 28.12 28.38 28.65 28.91 29.18 29.41 29.60 29.73 29.80 29.81 29.75 29.64 29.45 29.20 28.89 28.60 28.36 28.17 28.05 27.98 27.98 28.05 28.20 28.42 28.69 28.97 29.24 29.50 29.75 30.00
15.63 15.67 15.72 15.78 15.85 15.95 16.06 16.20 16.36 16.55 16.76 16.99 17.25 17.52 17.78 18.04 18.31 18.57 18.82 19.08 19.34 19.59 19.85 20.10 20.35 20.60 20.85 21.10 21.35 21.59 21.84 22.08 22.33 22.57 22.82 23.06 23.31 23.55 23.79 24.04 24.28 24.53 24.77 25.01 25.26 25.50 25.75 25.99 26.24 26.49 26.73 26.98 27.23 27.48 27.73 27.99 28.24 28.46 28.63 28.75 28.80 28.79 28.72 28.59 28.38 28.12 27.89 27.70 27.58 27.51 27.51 27.59 27.73 27.96 28.23 28.51 28.78 29.04 29.30 29.55 29.79
15.52 15.56 15.60 15.66 15.72 15.81 15.92 16.06 16.21 16.39 16.60 16.82 17.06 17.29 17.52 17.75 17.98 18.21 18.44 18.67 18.89 19.12 19.34 19.57 19.79 20.01 20.24 20.46 20.68 20.90 21.12 21.35 21.57 21.79 22.01 22.23 22.45 22.68 22.90 23.12 23.35 23.57 23.80 24.02 24.25 24.48 24.71 24.94 25.17 25.40 25.63 25.87 26.10 26.34 26.58 26.82 27.06 27.30 27.52 27.68 27.78 27.82 27.80 27.71 27.56 27.36 27.17 27.05 26.99 26.99 27.06 27.21 27.43 27.70 27.98 28.25 28.52 28.78 29.03 29.28 29.52
15.40 15.43 15.47 15.52 15.58 15.67 15.77 15.90 16.05 16.22 16.42 16.62 16.82 17.03 17.23 17.43 17.63 17.83 18.02 18.22 18.42 18.62 18.82 19.01 19.21 19.41 19.61 19.80 20.00 20.20 20.40 20.60 20.80 21.00 21.20 21.40 21.60 21.81 22.01 22.22 22.42 22.63 22.84 23.05 23.26 23.47 23.68 23.90 24.12 24.34 24.56 24.78 25.00 25.23 25.46 25.69 25.92 26.15 26.39 26.59 26.75 26.84 26.87 26.84 26.74 26.59 26.47 26.40 26.41 26.48 26.63 26.85 27.12 27.40 27.67 27.94 28.20 28.46 28.71 28.95 29.19
15.28 15.30 15.33 15.37 15.43 15.51 15.61 15.73 15.87 16.04 16.21 16.38 16.56 16.73 16.90 17.07 17.24 17.41 17.58 17.75 17.93 18.10 18.27 18.44 18.62 18.79 18.96 19.14 19.31 19.49 19.67 19.85 20.03 20.21 20.39 20.57 20.75 20.94 21.13 21.31 21.50 21.70 21.89 22.08 22.28 22.48 22.68 22.88 23.09 23.30 23.50 23.72 23.93 24.15 24.37 24.59 24.81 25.04 25.27 25.50 25.70 25.85 25.93 25.96 25.92 25.83 25.76 25.77 25.84 25.98 26.20 26.47 26.75 27.02 27.29 27.56 27.82 28.07 28.32 28.56 28.80
15.14 15.15 15.18 15.22 15.27 15.34 15.43 15.55 15.68 15.83 15.97 16.11 16.25 16.40 16.54 16.68 16.83 16.97 17.12 17.26 17.41 17.56 17.71 17.86 18.01 18.16 18.31 18.46 18.62 18.78 18.93 19.09 19.25 19.42 19.58 19.74 19.91 20.08 20.25 20.43 20.60 20.78 20.96 21.14 21.32 21.51 21.70 21.89 22.09 22.28 22.48 22.69 22.89 23.10 23.31 23.53 23.74 23.97 24.19 24.42 24.64 24.85 24.99 25.07 25.09 25.06 25.06 25.13 25.28 25.50 25.77 26.04 26.31 26.58 26.85 27.11 27.36 27.62 27.86 28.11 28.34
14.99 15.00 15.02 15.05 15.09 15.16 15.24 15.35 15.46 15.58 15.69 15.81 15.92 16.04 16.16 16.27 16.39 16.51 16.63 16.76 16.88 17.01 17.13 17.26 17.39 17.52 17.65 17.79 17.92 18.06 18.20 18.34 18.48 18.63 18.78 18.93 19.08 19.23 19.39 19.55 19.71 19.88 20.05 20.22 20.39 20.57 20.75 20.93 21.11 21.30 21.49 21.69 21.89 22.09 22.30 22.51 22.72 22.94 23.16 23.38 23.61 23.84 24.04 24.18 24.27 24.30 24.37 24.51 24.73 24.99 25.27 25.54 25.81 26.07 26.33 26.59 26.85 27.10 27.35 27.59 27.83
14.83 14.83 14.84 14.87 14.90 14.96 15.04 15.12 15.21 15.30 15.38 15.47 15.56 15.66 15.75 15.84 15.94 16.03 16.13 16.23 16.34 16.44 16.55 16.65 16.76 16.87 16.99 17.10 17.22 17.34 17.47 17.59 17.72 17.85 17.98 18.12 18.26 18.40 18.55 18.69 18.85 19.00 19.16 19.32 19.48 19.65 19.82 20.00 20.17 20.36 20.54 20.73 20.92 21.12 21.32 21.53 21.74 21.95 22.17 22.39 22.62 22.85 23.09 23.29 23.44 23.54 23.68 23.89 24.16 24.43 24.70 24.97 25.23 25.49 25.75 26.01 26.26 26.51 26.76 27.00 27.24
14.66 14.65 14.65 14.67 14.70 14.75 14.81 14.87 14.93 14.99 15.05 15.12 15.18 15.25 15.32 15.39 15.46 15.54 15.62 15.70 15.78 15.86 15.95 16.04 16.13 16.23 16.32 16.42 16.53 16.63 16.74 16.85 16.97 17.08 17.20 17.33 17.46 17.59 17.72 17.86 18.00 18.14 18.29 18.45 18.60 18.76 18.93 19.10 19.27 19.45 19.63 19.81 20.00 20.20 20.40 20.60 20.81 21.02 21.24 21.46 21.69 21.92 22.16 22.40 22.61 22.78 22.99 23.25 23.52 23.79 24.05 24.32 24.58 24.84 25.10 25.36 25.61 25.86 26.11 26.35 26.60
14.50 14.47 14.46 14.46 14.49 14.52 14.55 14.58 14.62 14.65 14.69 14.73 14.78 14.82 14.87 14.92 14.98 15.03 15.09 15.15 15.22 15.28 15.35 15.43 15.50 15.58 15.66 15.75 15.83 15.93 16.02 16.12 16.22 16.33 16.44 16.55 16.67 16.79 16.92 17.04 17.18 17.32 17.46 17.60 17.75 17.91 18.07 18.23 18.40 18.58 18.75 18.94 19.12 19.32 19.52 19.72 19.93 20.14 20.36 20.59 20.82 21.05 21.29 21.54 21.79 22.03 22.28 22.55 22.81 23.08 23.34 23.60 23.86 24.12 24.38 24.63 24.89 25.14 25.39 25.64 25.88
14.33 14.28 14.25 14.25 14.25 14.25 14.26 14.27 14.28 14.30 14.32 14.34 14.36 14.38 14.41 14.44 14.48 14.52 14.56 14.60 14.65 14.70 14.75 14.81 14.87 14.94 15.00 15.08 15.15 15.23 15.31 15.40 15.49 15.59 15.69 15.79 15.90 16.02 16.13 16.26 16.38 16.51 16.65 16.79 16.94 17.09 17.24 17.41 17.57 17.74 17.92 18.10 18.29 18.48 18.68 18.89 19.10 19.31 19.53 19.76 20.00 20.24 20.48 20.73 20.99 21.25 21.51 21.77 22.04 22.30 22.56 22.82 23.07 23.33 23.59 23.85 24.10 24.36 24.61 24.86 25.11
14.16 14.10 14.05 14.02 14.00 13.98 13.96 13.95 13.94 13.93 13.93 13.93 13.93 13.94 13.95 13.96 13.98 14.00 14.02 14.05 14.08 14.11 14.15 14.20 14.24 14.29 14.35 14.41 14.47 14.54 14.61 14.69 14.77 14.86 14.95 15.04 15.14 15.25 15.36 15.48 15.60 15.72 15.85 15.99 16.13 16.28 16.43 16.59 16.76 16.93 17.10 17.29 17.47 17.67 17.87 18.07 18.29 18.50 18.73 18.96 19.20 19.44 19.69 19.95 20.21 20.47 20.72 20.98 21.24 21.49 21.75 22.01 22.27 22.53 22.78 23.04 23.30 23.55 23.81 24.06 24.32
14.00 13.92 13.86 13.80 13.75 13.70 13.66 13.63 13.60 13.57 13.54 13.52 13.50 13.49 13.48 13.48 13.47 13.48 13.48 13.49 13.51 13.53 13.55 13.58 13.61 13.65 13.69 13.74 13.79 13.85 13.91 13.98 14.05 14.13 14.21 14.30 14.39 14.49 14.59 14.70 14.82 14.94 15.06 15.20 15.34 15.48 15.63 15.79 15.95 16.12 16.29 16.48 16.66 16.86 17.06 17.27 17.48 17.71 17.93 18.17 18.41 18.66 18.92 19.18 19.43 19.68 19.93 20.18 20.44 20.69 20.95 21.20 21.46 21.71 21.97 22.23 22.49 22.75 23.00 23.26 23.52
13.84 13.75 13.65 13.57 13.50 13.42 13.36 13.30 13.25 13.20 13.15 13.11 13.07 13.04 13.01 12.99 12.97 12.96 12.95 12.94 12.94 12.94 12.95 12.97 12.99 13.01 13.04 13.08 13.12 13.16 13.21 13.27 13.33 13.40 13.47 13.55 13.64 13.73 13.83 13.93 14.04 14.16 14.28 14.41 14.54 14.69 14.83 14.99 15.15 15.32 15.49 15.68 15.86 16.06 16.26 16.47 16.69 16.92 17.15 17.39 17.64 17.89 18.15 18.40 18.65 18.89 19.14 19.38 19.63 19.88 20.14 20.39 20.65 20.90 21.16 21.42 21.68 21.94 22.20 22.46 22.72
13.69 13.56 13.45 13.34 13.24 13.15 13.06 12.97 12.90 12.83 12.76 12.70 12.64 12.59 12.54 12.50 12.47 12.43 12.41 12.39 12.37 12.36 12.35 12.35 12.36 12.37 12.39 12.41 12.44 12.48 12.52 12.57 12.62 12.68 12.74 12.82 12.89 12.98 13.07 13.17 13.27 13.38 13.50 13.63 13.76 13.90 14.04 14.20 14.36 14.53 14.70 14.88 15.07 15.27 15.48 15.69 15.91 16.14 16.38 16.62 16.87 17.13 17.38 17.63 17.87 18.11 18.34 18.59 18.83 19.08 19.33 19.58 19.83 20.09 20.34 20.60 20.86 21.12 21.39 21.65 21.92
13.53 13.38 13.25 13.12 12.99 12.87 12.75 12.64 12.54 12.45 12.36 12.28 12.21 12.14 12.07 12.01 11.96 11.91 11.87 11.83 11.80 11.78 11.76 11.74 11.74 11.74 11.74 11.75 11.77 11.80 11.83 11.86 11.91 11.96 12.02 12.08 12.15 12.23 12.32 12.41 12.51 12.62 12.73 12.85 12.98 13.12 13.26 13.42 13.57 13.74 13.92 14.10 14.29 14.49 14.70 14.92 15.14 15.37 15.61 15.86 16.11 16.37 16.61 16.85 17.09 17.32 17.55 17.79 18.03 18.27 18.52 18.77 19.02 19.27 19.53 19.79 20.05 20.31 20.58 20.84 21.11
13.36 13.20 13.04 12.89 12.74 12.59 12.45 12.32 12.19 12.07 11.97 11.87 11.77 11.68 11.60 11.52 11.45 11.39 11.33 11.28 11.23 11.19 11.16 11.13 11.11 11.10 11.10 11.10 11.10 11.12 11.14 11.17 11.20 11.25 11.30 11.35 11.42 11.49 11.57 11.66 11.75 11.86 11.97 12.09 12.21 12.35 12.49 12.64 12.80 12.97 13.14 13.33 13.52 13.72 13.93 14.15 14.38 14.62 14.86 15.11 15.36 15.60 15.84 16.08 16.31 16.53 16.76 16.99 17.23 17.47 17.71 17.96 18.21 18.46 18.72 18.98 19.24 19.50 19.77 20.04 20.31
13.20 13.01 12.83 12.66 12.49 12.32 12.15 11.99 11.84 11.70 11.57 11.45 11.34 11.23 11.13 11.04 10.95 10.87 10.79 10.73 10.67 10.61 10.57 10.53 10.49 10.47 10.45 10.44 10.44 10.44 10.45 10.47 10.50 10.54 10.58 10.63 10.69 10.75 10.83 10.91 11.00 11.10 11.21 11.32 11.45 11.58 11.72 11.87 12.03 12.20 12.38 12.56 12.76 12.96 13.17 13.40 13.63 13.87 14.12 14.36 14.60 14.84 15.08 15.30 15.53 15.75 15.97 16.20 16.43 16.66 16.90 17.15 17.40 17.65 17.91 18.16 18.43 18.69 18.96 19.23 19.51
13.03 12.82 12.62 12.43 12.23 12.04 11.86 11.67 11.50 11.33 11.18 11.03 10.90 10.77 10.66 10.55 10.44 10.35 10.26 10.18 10.10 10.03 9.97 9.92 9.88 9.84 9.81 9.79 9.78 9.77 9.77 9.79 9.80 9.83 9.87 9.91 9.96 10.02 10.09 10.17 10.26 10.35 10.46 10.57 10.69 10.83 10.97 11.12 11.28 11.44 11.62 11.81 12.01 12.21 12.43 12.65 12.89 13.13 13.37 13.61 13.85 14.08 14.31 14.53 14.75 14.96 15.18 15.40 15.63 15.86 16.10 16.34 16.59 16.84 17.10 17.36 17.62 17.89 18.16 18.43 18.71
