data_processed/recharge/precip/Precip_2006_11.asc
ncols        168
nrows        136
xllcorner    455000
yllcorner    2107000
cellsize     500
NODATA_value     -99999
[rows 34 to 67 of 136, columns 77 to 153 of 168]
58.63 57.15 55.50 53.71 51.81 49.81 47.74 45.63 43.49 41.36 39.26 37.21 35.23 33.35 31.59 29.98 28.54 27.30 26.27 25.48 24.96 24.72 24.74 24.90 24.89 24.69 24.40 24.06 23.66 23.22 22.74 22.22 21.68 21.12 20.54 19.96 19.38 18.79 18.22 17.67 17.13 16.63 16.16 15.74 15.36 15.03 14.73 14.35 13.86 13.42 13.11 12.98 13.05 13.29 13.70 14.25 14.93 15.71 16.60 17.56 18.59 19.66 20.76 21.87 22.98 24.07 25.13 26.13 27.06 27.91 28.65 29.28 29.75 30.08 30.42 30.87 31.42
57.40 56.09 54.62 53.00 51.26 49.41 47.49 45.52 43.52 41.51 39.52 37.58 35.70 33.91 32.24 30.71 29.34 28.16 27.18 26.45 25.95 25.70 25.67 25.77 25.72 25.46 25.03 24.53 23.99 23.43 22.84 22.24 21.62 21.00 20.38 19.77 19.18 18.60 18.05 17.53 17.06 16.62 16.24 15.91 15.65 15.43 15.14 14.71 14.17 13.68 13.31 13.06 12.99 13.11 13.39 13.83 14.39 15.08 15.87 16.75 17.69 18.69 19.72 20.77 21.83 22.87 23.88 24.85 25.75 26.58 27.31 27.92 28.38 28.70 29.03 29.48 30.04
56.04 54.84 53.54 52.10 50.52 48.84 47.08 45.25 43.39 41.51 39.65 37.82 36.05 34.36 32.78 31.34 30.04 28.93 28.02 27.33 26.84 26.57 26.50 26.55 26.46 26.17 25.70 25.08 24.41 23.73 23.05 22.36 21.68 21.01 20.36 19.73 19.14 18.58 18.06 17.59 17.17 16.82 16.53 16.31 16.15 15.93 15.58 15.10 14.52 13.98 13.56 13.26 13.08 13.06 13.22 13.54 14.00 14.58 15.27 16.06 16.92 17.84 18.80 19.79 20.79 21.79 22.76 23.69 24.57 25.37 26.08 26.66 27.11 27.42 27.74 28.18 28.73
54.61 53.46 52.28 51.01 49.61 48.10 46.49 44.82 43.10 41.37 39.63 37.93 36.28 34.70 33.22 31.87 30.66 29.62 28.77 28.11 27.63 27.34 27.23 27.22 27.10 26.80 26.32 25.68 24.92 24.14 23.37 22.61 21.87 21.16 20.49 19.85 19.26 18.72 18.24 17.83 17.48 17.21 17.03 16.90 16.73 16.45 16.05 15.52 14.90 14.32 13.87 13.52 13.27 13.15 13.19 13.39 13.73 14.21 14.81 15.50 16.28 17.12 18.02 18.94 19.89 20.83 21.76 22.66 23.50 24.27 24.94 25.50 25.93 26.24 26.56 26.98 27.51
53.12 52.02 50.90 49.75 48.52 47.19 45.75 44.24 42.68 41.09 39.49 37.92 36.39 34.93 33.56 32.30 31.19 30.23 29.43 28.80 28.32 28.01 27.86 27.81 27.65 27.34 26.87 26.26 25.50 24.65 23.79 22.97 22.19 21.44 20.75 20.11 19.54 19.03 18.60 18.25 17.99 17.82 17.71 17.58 17.34 17.00 16.55 15.98 15.31 14.70 14.20 13.81 13.53 13.35 13.28 13.36 13.60 13.97 14.47 15.07 15.76 16.52 17.35 18.21 19.10 19.99 20.87 21.73 22.53 23.26 23.90 24.43 24.85 25.16 25.47 25.88 26.40
51.58 50.54 49.47 48.38 47.27 46.11 44.85 43.51 42.11 40.67 39.22 37.79 36.39 35.05 33.79 32.65 31.63 30.75 30.00 29.39 28.93 28.60 28.42 28.32 28.13 27.80 27.34 26.76 26.05 25.23 24.33 23.45 22.63 21.86 21.16 20.53 19.98 19.52 19.14 18.86 18.69 18.59 18.47 18.27 17.97 17.57 17.07 16.46 15.76 15.11 14.58 14.15 13.83 13.61 13.48 13.46 13.58 13.85 14.25 14.76 15.36 16.05 16.80 17.59 18.42 19.26 20.10 20.91 21.66 22.34 22.95 23.46 23.87 24.17 24.47 24.87 25.38
50.00 49.01 48.00 46.97 45.93 44.89 43.80 42.64 41.41 40.13 38.83 37.54 36.28 35.07 33.94 32.91 31.99 31.18 30.49 29.91 29.45 29.12 28.90 28.76 28.53 28.20 27.75 27.20 26.55 25.80 24.95 24.05 23.19 22.41 21.71 21.10 20.59 20.17 19.86 19.66 19.56 19.44 19.25 18.97 18.61 18.16 17.61 16.96 16.23 15.55 14.98 14.52 14.16 13.90 13.74 13.66 13.69 13.85 14.15 14.56 15.08 15.69 16.36 17.09 17.86 18.64 19.42 20.17 20.87 21.51 22.09 22.58 22.97 23.27 23.57 23.97 24.45
48.41 47.46 46.49 45.52 44.55 43.58 42.62 41.63 40.57 39.46 38.33 37.19 36.08 35.01 34.00 33.09 32.26 31.53 30.89 30.35 29.91 29.56 29.32 29.13 28.88 28.54 28.11 27.59 27.00 26.32 25.56 24.74 23.89 23.10 22.41 21.83 21.35 20.99 20.76 20.62 20.49 20.29 20.03 19.69 19.27 18.77 18.17 17.49 16.73 16.02 15.42 14.93 14.53 14.24 14.04 13.92 13.90 13.97 14.16 14.48 14.91 15.44 16.04 16.70 17.40 18.12 18.83 19.52 20.17 20.77 21.31 21.78 22.17 22.46 22.76 23.15 23.62
46.79 45.89 44.97 44.06 43.15 42.25 41.36 40.49 39.61 38.68 37.71 36.74 35.77 34.85 33.99 33.20 32.47 31.82 31.24 30.73 30.30 29.95 29.68 29.45 29.17 28.83 28.41 27.94 27.40 26.80 26.14 25.44 24.68 23.92 23.25 22.70 22.28 21.99 21.81 21.64 21.42 21.15 20.81 20.41 19.93 19.38 18.75 18.03 17.24 16.51 15.89 15.36 14.94 14.61 14.37 14.23 14.16 14.18 14.29 14.52 14.86 15.30 15.82 16.41 17.04 17.68 18.32 18.95 19.55 20.11 20.63 21.08 21.45 21.74 22.05 22.42 22.88
45.18 44.31 43.44 42.58 41.73 40.89 40.08 39.29 38.54 37.78 36.99 36.18 35.39 34.62 33.91 33.24 32.62 32.04 31.52 31.05 30.64 30.28 29.99 29.72 29.42 29.07 28.68 28.24 27.76 27.24 26.69 26.11 25.49 24.86 24.24 23.73 23.37 23.13 22.91 22.65 22.35 22.00 21.60 21.13 20.61 20.01 19.34 18.59 17.78 17.02 16.37 15.82 15.37 15.01 14.75 14.57 14.47 14.45 14.51 14.66 14.91 15.26 15.71 16.21 16.75 17.32 17.89 18.46 19.01 19.54 20.02 20.45 20.82 21.11 21.41 21.78 22.23
43.57 42.74 41.91 41.10 40.30 39.53 38.79 38.08 37.41 36.78 36.17 35.54 34.93 34.34 33.77 33.22 32.70 32.22 31.76 31.33 30.93 30.58 30.25 29.95 29.63 29.29 28.91 28.51 28.10 27.67 27.22 26.76 26.29 25.82 25.35 24.92 24.59 24.31 23.99 23.65 23.27 22.85 22.38 21.86 21.28 20.65 19.94 19.16 18.33 17.56 16.88 16.31 15.83 15.45 15.15 14.94 14.81 14.76 14.79 14.89 15.06 15.33 15.68 16.09 16.55 17.03 17.54 18.05 18.56 19.04 19.50 19.91 20.27 20.56 20.87 21.23 21.67
41.98 41.18 40.39 39.63 38.89 38.18 37.50 36.87 36.28 35.74 35.26 34.84 34.41 33.99 33.57 33.16 32.75 32.34 31.95 31.56 31.19 30.83 30.49 30.16 29.82 29.47 29.12 28.77 28.42 28.07 27.73 27.40 27.08 26.78 26.49 26.20 25.86 25.47 25.07 24.64 24.18 23.69 23.16 22.59 21.96 21.28 20.55 19.74 18.90 18.10 17.41 16.82 16.32 15.91 15.59 15.35 15.19 15.11 15.11 15.17 15.30 15.48 15.73 16.04 16.41 16.82 17.26 17.72 18.18 18.63 19.06 19.45 19.80 20.10 20.40 20.76 21.19
40.42 39.65 38.90 38.18 37.49 36.84 36.23 35.66 35.15 34.71 34.36 34.09 33.85 33.61 33.34 33.05 32.75 32.43 32.11 31.77 31.42 31.06 30.70 30.34 29.98 29.64 29.32 29.01 28.73 28.47 28.24 28.03 27.87 27.74 27.62 27.42 27.07 26.62 26.12 25.61 25.08 24.52 23.93 23.31 22.64 21.92 21.16 20.33 19.47 18.66 17.96 17.34 16.83 16.40 16.05 15.79 15.61 15.50 15.46 15.49 15.57 15.69 15.84 16.06 16.35 16.68 17.06 17.46 17.87 18.29 18.69 19.07 19.41 19.71 20.02 20.38 20.79
38.90 38.16 37.44 36.76 36.12 35.52 34.97 34.48 34.06 33.73 33.51 33.35 33.26 33.18 33.07 32.91 32.72 32.50 32.24 31.95 31.62 31.27 30.89 30.50 30.13 29.80 29.50 29.25 29.03 28.86 28.74 28.67 28.66 28.68 28.63 28.46 28.16 27.71 27.16 26.57 25.97 25.34 24.70 24.02 23.31 22.56 21.77 20.93 20.05 19.23 18.51 17.89 17.35 16.90 16.54 16.26 16.05 15.92 15.85 15.84 15.86 15.92 16.01 16.15 16.35 16.62 16.93 17.27 17.64 18.02 18.40 18.76 19.10 19.41 19.72 20.07 20.48
37.43 36.71 36.03 35.39 34.79 34.25 33.76 33.34 33.04 32.84 32.72 32.68 32.69 32.73 32.77 32.75 32.68 32.54 32.35 32.11 31.82 31.47 31.08 30.66 30.28 29.96 29.69 29.49 29.34 29.27 29.26 29.33 29.44 29.51 29.48 29.34 29.07 28.68 28.14 27.50 26.83 26.15 25.45 24.73 23.98 23.20 22.38 21.53 20.64 19.81 19.08 18.44 17.89 17.43 17.05 16.75 16.52 16.37 16.26 16.19 16.16 16.17 16.22 16.30 16.43 16.62 16.86 17.16 17.48 17.83 18.18 18.53 18.87 19.17 19.49 19.84 20.24
36.02 35.33 34.67 34.07 33.51 33.02 32.60 32.30 32.12 32.03 32.02 32.08 32.18 32.32 32.46 32.57 32.61 32.58 32.46 32.27 32.01 31.67 31.27 30.82 30.44 30.12 29.89 29.74 29.67 29.69 29.80 29.98 30.13 30.20 30.18 30.06 29.82 29.47 29.00 28.39 27.67 26.93 26.18 25.42 24.64 23.83 22.99 22.12 21.23 20.39 19.66 19.01 18.45 17.97 17.58 17.26 17.02 16.82 16.67 16.55 16.47 16.44 16.44 16.48 16.56 16.68 16.87 17.11 17.39 17.71 18.04 18.37 18.70 19.02 19.34 19.69 20.08
34.68 34.01 33.38 32.81 32.30 31.87 31.56 31.38 31.31 31.33 31.42 31.57 31.76 31.97 32.19 32.39 32.55 32.60 32.57 32.43 32.20 31.88 31.46 31.00 30.60 30.30 30.10 30.01 30.02 30.13 30.34 30.54 30.67 30.74 30.72 30.62 30.42 30.11 29.69 29.14 28.47 27.70 26.90 26.10 25.28 24.45 23.59 22.71 21.81 20.98 20.24 19.58 19.01 18.53 18.12 17.79 17.51 17.27 17.08 16.92 16.80 16.72 16.68 16.68 16.72 16.81 16.94 17.13 17.37 17.65 17.96 18.28 18.61 18.93 19.26 19.61 20.00
33.43 32.77 32.17 31.63 31.18 30.85 30.67 30.60 30.63 30.75 30.93 31.16 31.43 31.71 32.00 32.26 32.49 32.64 32.68 32.60 32.40 32.09 31.67 31.19 30.79 30.51 30.35 30.31 30.39 30.59 30.80 30.96 31.08 31.13 31.12 31.03 30.86 30.59 30.22 29.74 29.14 28.41 27.60 26.75 25.91 25.05 24.18 23.30 22.40 21.56 20.82 20.16 19.59 19.10 18.68 18.32 18.00 17.72 17.48 17.28 17.12 17.01 16.93 16.90 16.91 16.97 17.06 17.21 17.41 17.66 17.95 18.26 18.59 18.92 19.25 19.61 19.99
32.27 31.62 31.04 30.56 30.21 30.00 29.93 29.96 30.09 30.30 30.57 30.88 31.21 31.56 31.90 32.21 32.48 32.69 32.81 32.79 32.63 32.34 31.91 31.41 31.01 30.74 30.62 30.64 30.79 30.97 31.13 31.26 31.35 31.39 31.38 31.30 31.15 30.91 30.59 30.17 29.65 29.01 28.24 27.39 26.52 25.64 24.76 23.87 22.97 22.14 21.40 20.74 20.17 19.67 19.23 18.83 18.47 18.15 17.88 17.65 17.46 17.31 17.20 17.14 17.13 17.16 17.23 17.35 17.52 17.74 18.00 18.31 18.63 18.97 19.31 19.67 20.04
31.21 30.58 30.04 29.66 29.42 29.33 29.36 29.49 29.71 30.00 30.34 30.72 31.12 31.52 31.91 32.26 32.57 32.81 32.96 33.00 32.88 32.61 32.18 31.66 31.26 31.02 30.94 31.00 31.12 31.23 31.34 31.43 31.49 31.51 31.49 31.42 31.29 31.09 30.82 30.45 30.00 29.44 28.77 27.98 27.11 26.22 25.33 24.43 23.54 22.71 21.98 21.32 20.74 20.23 19.75 19.32 18.93 18.58 18.27 18.01 17.79 17.62 17.49 17.41 17.37 17.38 17.43 17.53 17.68 17.87 18.12 18.42 18.74 19.09 19.44 19.80 20.17
30.27 29.67 29.24 28.97 28.84 28.85 28.98 29.20 29.50 29.86 30.27 30.71 31.17 31.61 32.04 32.43 32.76 33.02 33.19 33.25 33.17 32.92 32.49 31.96 31.56 31.34 31.28 31.30 31.34 31.38 31.43 31.47 31.50 31.51 31.48 31.41 31.30 31.13 30.89 30.58 30.19 29.71 29.13 28.45 27.65 26.77 25.87 24.98 24.10 23.28 22.55 21.89 21.30 20.75 20.25 19.78 19.36 18.99 18.66 18.37 18.13 17.94 17.79 17.69 17.63 17.62 17.66 17.75 17.88 18.07 18.30 18.59 18.91 19.27 19.63 20.00 20.37
29.48 28.98 28.66 28.50 28.48 28.58 28.79 29.09 29.47 29.90 30.37 30.87 31.36 31.85 32.31 32.72 33.08 33.35 33.52 33.58 33.51 33.28 32.85 32.31 31.92 31.70 31.58 31.50 31.45 31.42 31.41 31.41 31.40 31.38 31.34 31.27 31.17 31.03 30.83 30.57 30.24 29.84 29.35 28.76 28.07 27.28 26.40 25.51 24.64 23.83 23.10 22.44 21.82 21.24 20.71 20.23 19.78 19.39 19.04 18.73 18.47 18.26 18.10 17.98 17.91 17.89 17.92 18.00 18.13 18.31 18.53 18.82 19.14 19.51 19.89 20.26 20.64
28.93 28.55 28.33 28.27 28.34 28.53 28.82 29.20 29.64 30.13 30.65 31.19 31.73 32.25 32.73 33.16 33.53 33.80 33.97 34.02 33.94 33.69 33.27 32.72 32.31 32.02 31.78 31.60 31.46 31.36 31.29 31.23 31.18 31.13 31.08 31.01 30.92 30.79 30.63 30.42 30.15 29.82 29.41 28.92 28.34 27.66 26.88 26.02 25.16 24.36 23.63 22.94 22.30 21.70 21.15 20.64 20.18 19.77 19.40 19.08 18.81 18.59 18.41 18.29 18.21 18.19 18.21 18.29 18.41 18.59 18.82 19.10 19.44 19.81 20.20 20.59 21.00
28.65 28.38 28.26 28.29 28.45 28.72 29.08 29.52 30.02 30.56 31.13 31.71 32.27 32.82 33.32 33.76 34.12 34.39 34.56 34.59 34.48 34.21 33.75 33.18 32.67 32.25 31.90 31.62 31.38 31.20 31.06 30.94 30.85 30.77 30.70 30.63 30.54 30.43 30.30 30.13 29.92 29.65 29.33 28.93 28.45 27.89 27.24 26.48 25.66 24.86 24.11 23.40 22.74 22.12 21.55 21.03 20.56 20.13 19.75 19.43 19.15 18.92 18.74 18.61 18.53 18.50 18.53 18.61 18.73 18.92 19.15 19.44 19.78 20.18 20.59 21.02 21.46
28.61 28.43 28.41 28.53 28.77 29.11 29.53 30.03 30.58 31.17 31.77 32.38 32.97 33.53 34.04 34.48 34.84 35.11 35.25 35.26 35.11 34.80 34.31 33.68 33.05 32.49 32.02 31.62 31.29 31.02 30.81 30.63 30.49 30.38 30.28 30.20 30.11 30.02 29.92 29.78 29.62 29.42 29.17 28.86 28.48 28.03 27.50 26.88 26.16 25.36 24.59 23.86 23.19 22.56 21.97 21.44 20.96 20.52 20.14 19.80 19.52 19.28 19.10 18.97 18.89 18.87 18.89 18.97 19.11 19.30 19.54 19.84 20.19 20.59 21.04 21.50 21.98
28.71 28.63 28.69 28.89 29.20 29.61 30.09 30.64 31.24 31.86 32.50 33.13 33.74 34.31 34.83 35.27 35.62 35.86 35.98 35.96 35.78 35.43 34.92 34.28 33.58 32.89 32.29 31.78 31.35 30.98 30.69 30.44 30.25 30.09 29.97 29.86 29.77 29.69 29.60 29.50 29.38 29.23 29.05 28.82 28.54 28.20 27.78 27.28 26.68 25.96 25.19 24.45 23.75 23.11 22.51 21.96 21.46 21.01 20.62 20.27 19.98 19.74 19.55 19.42 19.34 19.31 19.34 19.42 19.56 19.75 20.00 20.30 20.66 21.06 21.51 22.00 22.52
28.94 28.94 29.08 29.36 29.73 30.20 30.74 31.34 31.98 32.63 33.30 33.95 34.57 35.15 35.66 36.09 36.43 36.65 36.74 36.68 36.46 36.08 35.57 34.93 34.22 33.47 32.74 32.11 31.56 31.10 30.72 30.40 30.14 29.93 29.77 29.64 29.54 29.45 29.37 29.30 29.21 29.12 28.99 28.84 28.64 28.40 28.08 27.69 27.19 26.60 25.90 25.16 24.44 23.77 23.15 22.59 22.07 21.61 21.20 20.84 20.54 20.29 20.09 19.95 19.86 19.83 19.85 19.93 20.07 20.26 20.51 20.82 21.18 21.58 22.02 22.52 23.07
29.38 29.37 29.58 29.92 30.36 30.89 31.48 32.12 32.79 33.47 34.16 34.82 35.45 36.03 36.53 36.95 37.26 37.46 37.51 37.42 37.17 36.78 36.25 35.61 34.91 34.15 33.36 32.60 31.94 31.37 30.89 30.49 30.16 29.90 29.69 29.53 29.40 29.31 29.24 29.18 29.12 29.06 28.99 28.90 28.79 28.62 28.40 28.10 27.71 27.22 26.63 25.95 25.23 24.54 23.90 23.31 22.78 22.30 21.87 21.50 21.18 20.91 20.71 20.55 20.46 20.42 20.43 20.51 20.64 20.83 21.08 21.38 21.74 22.14 22.58 23.08 23.63
30.12 30.00 30.19 30.59 31.08 31.66 32.29 32.97 33.67 34.37 35.07 35.75 36.38 36.95 37.44 37.84 38.13 38.29 38.31 38.18 37.91 37.50 36.97 36.34 35.63 34.87 34.08 33.26 32.48 31.80 31.21 30.72 30.32 29.99 29.73 29.52 29.37 29.26 29.18 29.13 29.10 29.07 29.05 29.02 28.97 28.87 28.73 28.51 28.22 27.82 27.34 26.76 26.10 25.40 24.74 24.12 23.57 23.06 22.62 22.22 21.89 21.61 21.38 21.22 21.11 21.06 21.06 21.13 21.26 21.44 21.69 21.99 22.34 22.74 23.18 23.68 24.22
31.13 30.90 30.99 31.35 31.89 32.51 33.18 33.89 34.61 35.34 36.04 36.72 37.35 37.91 38.38 38.76 39.02 39.14 39.12 38.96 38.67 38.25 37.72 37.10 36.39 35.64 34.83 34.01 33.17 32.37 31.68 31.09 30.60 30.20 29.88 29.63 29.44 29.30 29.22 29.17 29.15 29.15 29.16 29.18 29.17 29.14 29.06 28.93 28.72 28.42 28.02 27.53 26.96 26.32 25.65 25.01 24.42 23.90 23.42 23.01 22.65 22.35 22.11 21.93 21.80 21.74 21.73 21.79 21.90 22.09 22.33 22.63 22.98 23.38 23.82 24.32 24.86
32.39 32.06 32.03 32.29 32.79 33.44 34.14 34.87 35.61 36.35 37.07 37.74 38.36 38.90 39.35 39.70 39.92 40.00 39.94 39.75 39.44 39.02 38.50 37.88 37.18 36.43 35.63 34.79 33.94 33.09 32.29 31.60 31.02 30.53 30.14 29.83 29.60 29.44 29.33 29.28 29.26 29.28 29.32 29.37 29.41 29.43 29.41 29.35 29.22 28.99 28.68 28.27 27.79 27.23 26.61 25.96 25.34 24.78 24.29 23.84 23.46 23.14 22.88 22.67 22.53 22.45 22.42 22.47 22.58 22.76 23.01 23.30 23.65 24.05 24.49 24.98 25.52
33.87 33.46 33.33 33.46 33.84 34.45 35.17 35.92 36.67 37.42 38.13 38.80 39.40 39.92 40.35 40.66 40.83 40.86 40.77 40.56 40.24 39.81 39.29 38.68 37.99 37.24 36.44 35.61 34.75 33.89 33.03 32.24 31.55 30.98 30.52 30.15 29.86 29.66 29.53 29.46 29.44 29.47 29.53 29.60 29.68 29.74 29.77 29.77 29.71 29.56 29.31 28.98 28.57 28.09 27.54 26.93 26.30 25.71 25.19 24.72 24.31 23.96 23.67 23.44 23.27 23.17 23.14 23.18 23.29 23.47 23.71 24.00 24.35 24.75 25.19 25.68 26.22
35.53 35.05 34.83 34.86 35.12 35.60 36.26 37.02 37.78 38.53 39.24 39.89 40.47 40.97 41.35 41.61 41.73 41.73 41.60 41.37 41.03 40.60 40.09 39.50 38.82 38.08 37.29 36.45 35.59 34.72 33.85 33.00 32.22 31.55 31.00 30.56 30.22 29.97 29.81 29.72 29.69 29.72 29.78 29.87 29.97 30.07 30.14 30.19 30.19 30.10 29.92 29.65 29.31 28.89 28.41 27.87 27.28 26.67 26.11 25.61 25.17 24.79 24.47 24.22 24.03 23.91 23.87 23.91 24.02 24.19 24.43 24.73 25.07 25.47 25.91 26.40 26.94
37.36 36.81 36.51 36.45 36.60 36.95 37.49 38.18 38.94 39.68 40.38 41.01 41.57 42.03 42.36 42.56 42.63 42.58 42.43 42.18 41.83 41.40 40.90 40.32 39.66 38.93 38.14 37.31 36.45 35.57 34.70 33.83 32.99 32.23 31.59 31.08 30.67 30.37 30.16 30.04 30.00 30.01 30.08 30.17 30.29 30.41 30.52 30.61 30.66 30.63 30.50 30.29 30.00 29.64 29.22 28.74 28.21 27.64 27.05 26.52 26.04 25.63 25.28 25.00 24.79 24.66 24.62 24.66 24.76 24.94 25.18 25.47 25.82 26.21 26.65 27.14 27.67
