data_processed/recharge/precip/Precip_2001_12.asc
ncols        168
nrows        136
xllcorner    455000
yllcorner    2107000
cellsize     500
NODATA_value     -99999
[rows 74 to 110 of 136, columns 0 to 82 of 168]
14.32 14.46 14.60 14.73 14.80 14.80 14.74 14.62 14.43 14.19 13.89 13.53 13.12 12.66 12.15 11.59 10.99 10.34 9.65 8.93 8.18 7.41 6.61 5.78 4.93 4.15 3.56 3.13 2.84 2.67 2.57 2.49 2.43 2.38 2.34 2.30 2.27 2.24 2.21 2.18 2.14 2.09 2.03 1.96 1.86 1.75 1.62 1.49 1.36 1.25 1.17 1.14 1.11 1.09 1.08 1.07 1.07 1.06 1.05 1.04 1.03 1.02 1.01 0.99 0.98 0.97 0.97 0.97 0.97 0.97 0.98 1.00 1.04 1.11 1.23 1.41 1.64 1.92 2.22 2.52 2.81 3.10 3.39
14.57 14.72 14.86 14.95 14.98 14.94 14.84 14.69 14.47 14.21 13.89 13.51 13.09 12.62 12.11 11.55 10.95 10.32 9.64 8.94 8.20 7.44 6.66 5.86 5.04 4.31 3.76 3.36 3.09 2.90 2.75 2.62 2.51 2.42 2.34 2.27 2.21 2.16 2.11 2.06 2.01 1.96 1.90 1.83 1.75 1.65 1.54 1.42 1.30 1.19 1.13 1.09 1.07 1.05 1.04 1.04 1.03 1.02 1.00 0.99 0.97 0.96 0.94 0.92 0.91 0.90 0.89 0.89 0.89 0.89 0.90 0.92 0.95 0.99 1.08 1.22 1.41 1.66 1.93 2.20 2.48 2.75 3.03
14.74 14.89 15.00 15.05 15.03 14.96 14.83 14.65 14.41 14.12 13.79 13.40 12.97 12.50 11.99 11.44 10.86 10.23 9.58 8.90 8.18 7.44 6.69 5.92 5.15 4.46 3.94 3.57 3.29 3.06 2.85 2.67 2.51 2.38 2.26 2.17 2.08 2.01 1.95 1.89 1.83 1.78 1.72 1.66 1.60 1.52 1.43 1.33 1.22 1.12 1.06 1.03 1.01 1.00 0.99 0.98 0.96 0.95 0.93 0.91 0.89 0.86 0.84 0.82 0.81 0.79 0.78 0.78 0.78 0.78 0.80 0.81 0.84 0.88 0.93 1.03 1.19 1.40 1.64 1.88 2.13 2.39 2.66
14.81 14.94 15.00 15.01 14.96 14.85 14.70 14.49 14.23 13.93 13.58 13.19 12.76 12.30 11.79 11.25 10.68 10.08 9.45 8.80 8.12 7.41 6.69 5.96 5.23 4.58 4.10 3.72 3.39 3.10 2.84 2.61 2.42 2.25 2.10 1.98 1.87 1.78 1.71 1.64 1.59 1.54 1.49 1.44 1.39 1.34 1.27 1.20 1.12 1.03 0.98 0.95 0.93 0.92 0.91 0.89 0.87 0.85 0.82 0.80 0.77 0.74 0.72 0.70 0.68 0.66 0.65 0.64 0.64 0.65 0.66 0.68 0.71 0.74 0.79 0.86 0.98 1.15 1.35 1.56 1.79 2.03 2.29
14.75 14.83 14.85 14.82 14.74 14.61 14.43 14.20 13.93 13.62 13.27 12.88 12.45 11.99 11.50 10.98 10.43 9.85 9.25 8.63 7.99 7.33 6.65 5.96 5.27 4.67 4.18 3.75 3.36 3.02 2.71 2.45 2.21 2.01 1.84 1.69 1.57 1.46 1.38 1.31 1.26 1.21 1.17 1.14 1.11 1.09 1.05 1.02 0.97 0.92 0.87 0.85 0.83 0.82 0.79 0.77 0.74 0.71 0.68 0.65 0.62 0.59 0.56 0.54 0.52 0.50 0.49 0.48 0.48 0.48 0.49 0.51 0.54 0.58 0.63 0.69 0.78 0.91 1.07 1.25 1.45 1.68 1.92
14.51 14.56 14.55 14.49 14.38 14.22 14.03 13.79 13.51 13.19 12.84 12.45 12.03 11.59 11.11 10.61 10.08 9.54 8.97 8.39 7.79 7.18 6.55 5.92 5.28 4.68 4.13 3.64 3.20 2.81 2.46 2.15 1.88 1.65 1.45 1.29 1.15 1.04 0.95 0.88 0.83 0.79 0.77 0.76 0.76 0.76 0.76 0.76 0.76 0.75 0.74 0.73 0.70 0.68 0.65 0.62 0.59 0.55 0.51 0.48 0.44 0.41 0.38 0.35 0.33 0.31 0.29 0.28 0.28 0.28 0.30 0.32 0.35 0.39 0.44 0.51 0.58 0.68 0.80 0.96 1.13 1.33 1.56
14.23 14.24 14.20 14.11 13.98 13.80 13.59 13.34 13.06 12.74 12.39 12.01 11.60 11.17 10.71 10.24 9.74 9.23 8.70 8.15 7.60 7.04 6.47 5.89 5.28 4.64 4.04 3.49 3.00 2.55 2.16 1.82 1.51 1.25 1.03 0.85 0.69 0.57 0.48 0.41 0.36 0.34 0.33 0.34 0.36 0.39 0.43 0.47 0.51 0.56 0.60 0.64 0.62 0.58 0.54 0.50 0.46 0.42 0.38 0.33 0.29 0.25 0.22 0.18 0.16 0.13 0.11 0.10 0.10 0.10 0.11 0.13 0.16 0.20 0.26 0.32 0.40 0.48 0.58 0.70 0.85 1.02 1.22
14.06 14.03 13.95 13.84 13.68 13.49 13.26 13.00 12.71 12.39 12.05 11.67 11.28 10.86 10.43 9.97 9.51 9.03 8.53 8.03 7.53 7.01 6.49 5.95 5.34 4.69 4.05 3.44 2.89 2.39 1.95 1.57 1.23 0.93 0.68 0.47 0.30 0.17 0.07 0.00 0.00 0.00 0.00 0.00 0.00 0.06 0.12 0.20 0.28 0.38 0.50 0.62 0.65 0.61 0.56 0.50 0.45 0.40 0.34 0.29 0.24 0.19 0.15 0.10 0.07 0.04 0.01 0.00 0.00 0.00 0.00 0.00 0.03 0.07 0.12 0.18 0.25 0.33 0.41 0.50 0.62 0.76 0.93
13.96 13.93 13.82 13.68 13.50 13.29 13.05 12.78 12.48 12.16 11.82 11.45 11.07 10.67 10.25 9.83 9.39 8.94 8.49 8.03 7.57 7.10 6.61 6.07 5.45 4.81 4.15 3.50 2.89 2.34 1.85 1.41 1.03 0.70 0.42 0.18 0.00 0.00 0.00 0.00 0.00 0.00 0.00 0.00 0.00 0.00 0.00 0.00 0.09 0.25 0.45 0.64 0.74 0.75 0.69 0.62 0.55 0.48 0.41 0.35 0.28 0.22 0.16 0.11 0.06 0.02 0.00 0.00 0.00 0.00 0.00 0.00 0.00 0.00 0.02 0.07 0.14 0.21 0.28 0.36 0.45 0.56 0.70
13.87 13.90 13.79 13.62 13.42 13.19 12.94 12.66 12.36 12.03 11.69 11.34 10.96 10.58 10.18 9.78 9.37 8.96 8.54 8.12 7.71 7.27 6.78 6.24 5.62 4.97 4.31 3.65 3.00 2.39 1.84 1.36 0.93 0.55 0.24 0.00 0.00 0.00 0.00 0.00 0.00 0.00 0.00 0.00 0.00 0.00 0.00 0.00 0.00 0.16 0.44 0.70 0.87 0.94 0.92 0.84 0.75 0.66 0.58 0.49 0.41 0.33 0.25 0.18 0.12 0.06 0.01 0.00 0.00 0.00 0.00 0.00 0.00 0.00 0.00 0.00 0.06 0.12 0.19 0.26 0.33 0.42 0.53
13.74 13.87 13.83 13.66 13.44 13.19 12.92 12.63 12.32 12.00 11.66 11.31 10.95 10.58 10.21 9.83 9.45 9.07 8.69 8.32 7.92 7.49 7.00 6.45 5.84 5.18 4.52 3.86 3.20 2.55 1.94 1.39 0.92 0.50 0.14 0.00 0.00 0.00 0.00 0.00 0.00 0.00 0.00 0.00 0.00 0.00 0.00 0.00 0.00 0.12 0.46 0.79 1.03 1.16 1.20 1.14 1.04 0.93 0.82 0.71 0.61 0.51 0.41 0.32 0.24 0.16 0.09 0.03 0.00 0.00 0.00 0.00 0.00 0.00 0.00 0.00 0.00 0.06 0.12 0.19 0.26 0.33 0.41
13.59 13.80 13.85 13.75 13.53 13.27 12.98 12.68 12.37 12.05 11.71 11.37 11.02 10.67 10.32 9.96 9.61 9.27 8.92 8.57 8.18 7.75 7.26 6.71 6.09 5.43 4.77 4.10 3.44 2.78 2.13 1.53 0.99 0.52 0.12 0.00 0.00 0.00 0.00 0.00 0.00 0.00 0.00 0.00 0.00 0.00 0.00 0.00 0.00 0.12 0.51 0.91 1.20 1.39 1.48 1.48 1.40 1.27 1.13 1.00 0.87 0.74 0.62 0.51 0.40 0.30 0.21 0.12 0.05 0.00 0.00 0.00 0.00 0.00 0.00 0.00 0.00 0.03 0.08 0.14 0.21 0.27 0.34
13.41 13.70 13.83 13.82 13.67 13.42 13.12 12.81 12.49 12.17 11.84 11.50 11.17 10.83 10.50 10.17 9.85 9.54 9.21 8.86 8.48 8.04 7.55 7.00 6.38 5.72 5.06 4.39 3.72 3.05 2.39 1.75 1.16 0.64 0.18 0.00 0.00 0.00 0.00 0.00 0.00 0.00 0.00 0.00 0.00 0.00 0.00 0.00 0.00 0.15 0.60 1.04 1.39 1.63 1.77 1.82 1.78 1.66 1.50 1.34 1.18 1.02 0.87 0.73 0.60 0.47 0.35 0.24 0.14 0.05 0.00 0.00 0.00 0.00 0.00 0.00 0.00 0.02 0.07 0.12 0.18 0.24 0.31
13.20 13.56 13.78 13.85 13.79 13.60 13.32 13.00 12.68 12.35 12.02 11.70 11.37 11.06 10.74 10.44 10.15 9.85 9.54 9.19 8.80 8.37 7.88 7.33 6.71 6.04 5.37 4.70 4.03 3.36 2.70 2.04 1.41 0.83 0.32 0.00 0.00 0.00 0.00 0.00 0.00 0.00 0.00 0.00 0.00 0.00 0.00 0.00 0.00 0.22 0.70 1.19 1.59 1.87 2.05 2.14 2.14 2.06 1.91 1.72 1.53 1.34 1.16 0.98 0.81 0.66 0.51 0.37 0.24 0.12 0.03 0.00 0.00 0.00 0.00 0.00 0.00 0.03 0.08 0.13 0.18 0.24 0.29
12.98 13.40 13.68 13.83 13.86 13.76 13.54 13.24 12.91 12.59 12.26 11.95 11.64 11.33 11.04 10.76 10.49 10.20 9.89 9.54 9.15 8.72 8.23 7.68 7.06 6.39 5.72 5.04 4.37 3.69 3.03 2.37 1.73 1.11 0.54 0.05 0.00 0.00 0.00 0.00 0.00 0.00 0.00 0.00 0.00 0.00 0.00 0.00 0.00 0.31 0.83 1.36 1.79 2.11 2.33 2.45 2.49 2.44 2.32 2.13 1.90 1.68 1.46 1.25 1.05 0.85 0.67 0.49 0.33 0.20 0.10 0.04 0.00 0.00 0.00 0.00 0.03 0.07 0.11 0.15 0.20 0.25 0.30
12.74 13.21 13.56 13.78 13.88 13.86 13.74 13.50 13.19 12.87 12.55 12.24 11.94 11.66 11.39 11.12 10.85 10.57 10.25 9.91 9.53 9.09 8.60 8.05 7.43 6.76 6.09 5.41 4.73 4.05 3.38 2.72 2.07 1.44 0.83 0.28 0.00 0.00 0.00 0.00 0.00 0.00 0.00 0.00 0.00 0.00 0.00 0.00 0.00 0.42 0.98 1.54 2.00 2.35 2.60 2.75 2.81 2.79 2.69 2.52 2.29 2.03 1.77 1.52 1.28 1.05 0.82 0.61 0.44 0.30 0.19 0.12 0.07 0.05 0.05 0.06 0.09 0.12 0.15 0.19 0.24 0.28 0.33
12.48 13.00 13.40 13.69 13.85 13.91 13.87 13.72 13.48 13.18 12.86 12.56 12.28 12.01 11.75 11.50 11.23 10.95 10.64 10.30 9.91 9.48 8.99 8.44 7.82 7.15 6.48 5.79 5.11 4.43 3.76 3.09 2.44 1.80 1.18 0.59 0.06 0.00 0.00 0.00 0.00 0.00 0.00 0.00 0.00 0.00 0.00 0.00 0.04 0.55 1.13 1.72 2.21 2.58 2.85 3.02 3.10 3.10 3.02 2.86 2.65 2.38 2.08 1.79 1.50 1.22 0.96 0.73 0.55 0.40 0.29 0.21 0.16 0.14 0.13 0.14 0.16 0.18 0.22 0.25 0.29 0.33 0.38
12.21 12.77 13.22 13.56 13.79 13.91 13.94 13.88 13.73 13.49 13.20 12.91 12.64 12.38 12.13 11.88 11.62 11.34 11.03 10.69 10.31 9.88 9.39 8.84 8.22 7.55 6.87 6.19 5.51 4.82 4.14 3.47 2.81 2.17 1.55 0.95 0.38 0.00 0.00 0.00 0.00 0.00 0.00 0.00 0.00 0.00 0.00 0.00 0.17 0.70 1.29 1.90 2.41 2.80 3.08 3.27 3.36 3.37 3.30 3.16 2.95 2.69 2.37 2.03 1.70 1.38 1.10 0.86 0.67 0.52 0.40 0.32 0.26 0.23 0.22 0.22 0.24 0.26 0.29 0.32 0.36 0.40 0.44
11.93 12.53 13.02 13.40 13.68 13.87 13.96 13.97 13.90 13.75 13.54 13.27 13.01 12.76 12.51 12.27 12.01 11.73 11.43 11.10 10.72 10.29 9.80 9.25 8.63 7.96 7.28 6.60 5.91 5.22 4.54 3.86 3.20 2.55 1.93 1.32 0.74 0.19 0.00 0.00 0.00 0.00 0.00 0.00 0.00 0.00 0.00 0.00 0.32 0.85 1.46 2.08 2.60 3.00 3.29 3.49 3.59 3.60 3.53 3.39 3.19 2.92 2.61 2.25 1.87 1.53 1.24 1.00 0.80 0.64 0.52 0.43 0.37 0.34 0.32 0.32 0.33 0.35 0.38 0.41 0.44 0.47 0.51
11.65 12.27 12.79 13.21 13.54 13.78 13.93 14.01 14.01 13.94 13.81 13.62 13.38 13.14 12.90 12.66 12.40 12.13 11.83 11.50 11.12 10.70 10.21 9.66 9.04 8.37 7.69 7.00 6.31 5.62 4.94 4.26 3.59 2.94 2.31 1.69 1.11 0.55 0.06 0.00 0.00 0.00 0.00 0.00 0.00 0.00 0.00 0.03 0.48 1.02 1.63 2.25 2.77 3.18 3.48 3.67 3.77 3.78 3.72 3.57 3.36 3.09 2.76 2.40 2.03 1.68 1.39 1.14 0.93 0.77 0.65 0.55 0.49 0.45 0.43 0.42 0.43 0.45 0.47 0.50 0.53 0.56 0.60
11.36 12.00 12.55 13.00 13.37 13.65 13.86 13.99 14.06 14.06 14.01 13.90 13.73 13.51 13.28 13.04 12.79 12.52 12.23 11.90 11.53 11.10 10.62 10.07 9.44 8.78 8.10 7.41 6.72 6.03 5.34 4.66 3.99 3.33 2.69 2.07 1.48 0.94 0.46 0.03 0.00 0.00 0.00 0.00 0.00 0.00 0.00 0.21 0.65 1.18 1.79 2.41 2.93 3.34 3.63 3.82 3.91 3.92 3.84 3.68 3.46 3.18 2.84 2.50 2.16 1.83 1.53 1.28 1.07 0.90 0.77 0.67 0.60 0.56 0.54 0.53 0.54 0.55 0.57 0.59 0.62 0.65 0.69
11.07 11.72 12.29 12.76 13.16 13.48 13.73 13.92 14.04 14.11 14.14 14.10 14.01 13.85 13.64 13.41 13.17 12.91 12.62 12.29 11.92 11.50 11.02 10.47 9.85 9.18 8.50 7.81 7.12 6.42 5.73 5.05 4.37 3.71 3.07 2.45 1.87 1.35 0.87 0.45 0.09 0.00 0.00 0.00 0.00 0.00 0.06 0.40 0.83 1.34 1.94 2.56 3.07 3.47 3.75 3.93 4.01 3.99 3.90 3.73 3.49 3.19 2.87 2.56 2.25 1.96 1.67 1.42 1.21 1.03 0.90 0.80 0.72 0.68 0.65 0.64 0.64 0.66 0.67 0.69 0.72 0.75 0.78
10.78 11.44 12.01 12.51 12.93 13.28 13.57 13.80 13.98 14.11 14.20 14.24 14.22 14.13 13.98 13.77 13.54 13.28 12.99 12.67 12.30 11.88 11.40 10.86 10.23 9.57 8.89 8.20 7.50 6.81 6.12 5.43 4.75 4.09 3.44 2.84 2.27 1.76 1.29 0.88 0.52 0.23 0.03 0.00 0.00 0.07 0.28 0.60 1.00 1.50 2.08 2.68 3.18 3.56 3.83 3.99 4.05 4.01 3.90 3.70 3.44 3.16 2.87 2.59 2.32 2.05 1.80 1.55 1.34 1.16 1.02 0.92 0.84 0.79 0.76 0.75 0.75 0.76 0.78 0.80 0.82 0.85 0.88
10.50 11.15 11.73 12.23 12.67 13.04 13.36 13.63 13.87 14.07 14.22 14.32 14.36 14.34 14.25 14.10 13.88 13.63 13.35 13.03 12.67 12.25 11.77 11.23 10.61 9.94 9.26 8.57 7.88 7.18 6.48 5.79 5.11 4.45 3.82 3.23 2.67 2.17 1.71 1.31 0.95 0.66 0.43 0.29 0.26 0.34 0.52 0.80 1.17 1.64 2.20 2.79 3.26 3.62 3.86 4.00 4.03 3.97 3.82 3.60 3.35 3.10 2.85 2.60 2.35 2.11 1.89 1.67 1.47 1.29 1.15 1.04 0.96 0.90 0.87 0.86 0.86 0.87 0.88 0.90 0.92 0.95 0.97
10.23 10.87 11.44 11.94 12.39 12.78 13.13 13.45 13.73 13.98 14.18 14.34 14.44 14.48 14.45 14.36 14.19 13.96 13.68 13.37 13.01 12.59 12.12 11.58 10.96 10.29 9.61 8.92 8.23 7.53 6.83 6.14 5.46 4.81 4.19 3.61 3.07 2.57 2.12 1.72 1.37 1.08 0.84 0.67 0.59 0.62 0.76 1.00 1.34 1.77 2.30 2.86 3.31 3.64 3.85 3.95 3.95 3.86 3.68 3.47 3.25 3.03 2.81 2.59 2.37 2.15 1.95 1.75 1.57 1.40 1.26 1.15 1.07 1.01 0.98 0.96 0.96 0.97 0.98 1.00 1.02 1.04 1.07
9.97 10.59 11.14 11.64 12.09 12.50 12.89 13.25 13.58 13.87 14.11 14.32 14.46 14.56 14.58 14.55 14.43 14.25 13.99 13.68 13.32 12.91 12.44 11.90 11.28 10.62 9.94 9.25 8.55 7.85 7.15 6.46 5.80 5.16 4.55 3.98 3.45 2.96 2.51 2.11 1.76 1.47 1.23 1.05 0.93 0.91 1.00 1.19 1.49 1.89 2.38 2.90 3.32 3.61 3.78 3.85 3.81 3.68 3.51 3.33 3.14 2.95 2.76 2.56 2.37 2.18 1.99 1.82 1.65 1.50 1.36 1.25 1.17 1.11 1.07 1.06 1.05 1.06 1.07 1.09 1.11 1.13 1.16
9.72 10.31 10.85 11.34 11.79 12.23 12.65 13.04 13.40 13.73 14.02 14.26 14.45 14.58 14.66 14.67 14.60 14.47 14.25 13.95 13.60 13.19 12.73 12.19 11.57 10.91 10.23 9.54 8.85 8.15 7.45 6.77 6.12 5.49 4.90 4.34 3.81 3.32 2.88 2.48 2.13 1.83 1.58 1.39 1.26 1.20 1.23 1.37 1.62 1.98 2.43 2.91 3.28 3.53 3.66 3.68 3.60 3.48 3.34 3.19 3.03 2.87 2.70 2.52 2.35 2.18 2.02 1.86 1.71 1.57 1.45 1.34 1.26 1.20 1.16 1.14 1.14 1.14 1.15 1.17 1.19 1.21 1.24
9.48 10.04 10.56 11.04 11.51 11.97 12.41 12.83 13.22 13.58 13.89 14.17 14.39 14.57 14.68 14.73 14.71 14.61 14.44 14.18 13.84 13.44 12.98 12.44 11.83 11.17 10.49 9.80 9.10 8.41 7.73 7.06 6.42 5.80 5.22 4.66 4.14 3.65 3.21 2.81 2.45 2.15 1.89 1.69 1.55 1.47 1.46 1.55 1.74 2.04 2.44 2.88 3.20 3.40 3.48 3.46 3.38 3.29 3.18 3.05 2.92 2.78 2.63 2.48 2.33 2.18 2.03 1.88 1.75 1.62 1.51 1.41 1.33 1.27 1.23 1.21 1.21 1.22 1.23 1.24 1.26 1.29 1.30
9.27 9.79 10.29 10.78 11.26 11.74 12.20 12.63 13.04 13.42 13.76 14.06 14.31 14.51 14.66 14.74 14.75 14.69 14.56 14.34 14.04 13.65 13.18 12.65 12.04 11.38 10.71 10.02 9.33 8.64 7.97 7.32 6.69 6.08 5.50 4.95 4.43 3.94 3.50 3.09 2.73 2.42 2.15 1.94 1.79 1.69 1.66 1.70 1.83 2.07 2.42 2.80 3.07 3.22 3.25 3.22 3.18 3.11 3.02 2.93 2.82 2.70 2.57 2.44 2.30 2.17 2.03 1.90 1.78 1.66 1.56 1.47 1.39 1.33 1.29 1.27 1.27 1.28 1.29 1.30 1.32 1.34 1.34
9.08 9.57 10.07 10.56 11.05 11.53 12.00 12.45 12.87 13.26 13.62 13.94 14.21 14.43 14.60 14.71 14.75 14.72 14.62 14.43 14.16 13.80 13.35 12.82 12.21 11.55 10.88 10.20 9.52 8.85 8.19 7.55 6.92 6.32 5.74 5.19 4.67 4.19 3.74 3.32 2.96 2.63 2.36 2.13 1.96 1.85 1.80 1.81 1.89 2.07 2.35 2.68 2.89 2.98 3.01 3.01 2.99 2.95 2.89 2.81 2.72 2.62 2.51 2.40 2.28 2.16 2.03 1.91 1.80 1.69 1.59 1.50 1.43 1.37 1.34 1.32 1.31 1.32 1.33 1.35 1.36 1.36 1.35
8.94 9.42 9.91 10.40 10.89 11.37 11.84 12.29 12.72 13.12 13.48 13.81 14.10 14.33 14.52 14.64 14.70 14.70 14.62 14.45 14.21 13.88 13.45 12.93 12.33 11.67 11.00 10.33 9.67 9.01 8.36 7.73 7.11 6.51 5.94 5.39 4.86 4.37 3.92 3.50 3.12 2.78 2.49 2.26 2.07 1.94 1.86 1.85 1.90 2.02 2.24 2.50 2.65 2.74 2.79 2.82 2.82 2.81 2.77 2.71 2.64 2.56 2.47 2.37 2.26 2.15 2.04 1.92 1.82 1.71 1.62 1.53 1.46 1.40 1.36 1.34 1.34 1.34 1.36 1.37 1.36 1.35 1.33
8.88 9.35 9.82 10.30 10.78 11.26 11.72 12.16 12.59 12.99 13.36 13.69 13.98 14.22 14.42 14.55 14.62 14.63 14.57 14.42 14.20 13.89 13.48 12.98 12.39 11.74 11.08 10.43 9.77 9.12 8.49 7.86 7.24 6.65 6.07 5.52 4.99 4.50 4.03 3.60 3.21 2.86 2.56 2.30 2.09 1.94 1.84 1.81 1.83 1.92 2.08 2.28 2.42 2.53 2.61 2.66 2.69 2.69 2.68 2.64 2.59 2.52 2.44 2.35 2.25 2.15 2.05 1.94 1.84 1.74 1.64 1.56 1.48 1.42 1.38 1.35 1.34 1.35 1.35 1.35 1.34 1.31 1.28
8.89 9.33 9.79 10.25 10.72 11.18 11.63 12.06 12.48 12.87 13.23 13.56 13.85 14.10 14.29 14.43 14.51 14.53 14.47 14.34 14.13 13.83 13.44 12.96 12.39 11.76 11.12 10.48 9.83 9.19 8.56 7.93 7.32 6.73 6.15 5.59 5.06 4.56 4.08 3.64 3.24 2.88 2.55 2.28 2.05 1.87 1.75 1.68 1.68 1.74 1.87 2.05 2.22 2.36 2.46 2.53 2.58 2.61 2.61 2.59 2.55 2.49 2.42 2.35 2.26 2.16 2.06 1.96 1.86 1.76 1.67 1.58 1.50 1.44 1.39 1.35 1.33 1.33 1.32 1.30 1.28 1.25 1.21
8.90 9.32 9.75 10.19 10.63 11.08 11.51 11.93 12.34 12.72 13.07 13.40 13.68 13.92 14.12 14.26 14.34 14.36 14.31 14.19 13.98 13.70 13.33 12.87 12.34 11.75 11.13 10.50 9.86 9.23 8.60 7.98 7.37 6.78 6.20 5.64 5.10 4.59 4.10 3.65 3.23 2.85 2.51 2.22 1.97 1.77 1.62 1.52 1.49 1.52 1.64 1.82 2.01 2.17 2.30 2.40 2.47 2.51 2.53 2.53 2.51 2.47 2.41 2.34 2.27 2.18 2.09 1.99 1.89 1.80 1.70 1.62 1.54 1.47 1.41 1.36 1.33 1.30 1.28 1.25 1.22 1.18 1.14
8.89 9.28 9.69 10.10 10.53 10.95 11.36 11.77 12.16 12.53 12.87 13.19 13.46 13.70 13.89 14.03 14.11 14.13 14.08 13.97 13.77 13.50 13.14 12.72 12.24 11.70 11.12 10.50 9.88 9.25 8.63 8.01 7.40 6.81 6.22 5.66 5.12 4.59 4.10 3.64 3.20 2.81 2.45 2.13 1.86 1.63 1.46 1.34 1.28 1.30 1.42 1.60 1.79 1.97 2.12 2.25 2.34 2.41 2.45 2.46 2.46 2.43 2.39 2.34 2.27 2.20 2.11 2.02 1.93 1.84 1.75 1.66 1.58 1.51 1.44 1.39 1.34 1.29 1.24 1.20 1.16 1.11 1.06
8.88 9.23 9.61 10.00 10.40 10.80 11.19 11.58 11.95 12.31 12.64 12.94 13.20 13.43 13.62 13.75 13.83 13.85 13.80 13.69 13.50 13.24 12.91 12.53 12.09 11.60 11.06 10.48 9.87 9.25 8.63 8.02 7.41 6.81 6.23 5.66 5.11 4.58 4.07 3.60 3.15 2.74 2.36 2.02 1.73 1.48 1.28 1.13 1.07 1.09 1.21 1.39 1.58 1.76 1.93 2.08 2.20 2.29 2.35 2.39 2.40 2.40 2.37 2.33 2.28 2.21 2.14 2.06 1.97 1.89 1.80 1.71 1.63 1.56 1.49 1.42 1.35 1.28 1.21 1.15 1.10 1.05 1.00
8.88 9.19 9.53 9.89 10.26 10.64 11.01 11.37 11.73 12.06 12.38 12.66 12.92 13.13 13.31 13.43 13.51 13.52 13.48 13.36 13.18 12.94 12.65 12.30 11.90 11.45 10.96 10.41 9.83 9.23 8.62 8.00 7.40 6.80 6.21 5.64 5.08 4.54 4.02 3.53 3.07 2.64 2.25 1.89 1.57 1.30 1.07 0.92 0.86 0.89 1.01 1.19 1.37 1.56 1.74 1.90 2.05 2.16 2.25 2.31 2.34 2.35 2.35 2.32 2.28 2.23 2.17 2.10 2.02 1.94 1.86 1.78 1.70 1.62 1.54 1.45 1.37 1.27 1.19 1.12 1.05 0.99 0.94
