data_processed/recharge/precip/Precip_1997_08.asc
ncols        168
nrows        136
xllcorner    455000
yllcorner    2107000
cellsize     500
NODATA_value     -99999
[rows 0 to 31 of 136, columns 0 to 72 of 168]
131.46 131.10 130.80 130.56 130.38 130.26 130.19 130.19 130.26 130.42 130.68 131.04 131.52 132.12 132.85 133.72 134.56 135.10 135.33 135.25 134.89 134.26 133.35 132.19 130.79 129.15 127.30 125.25 123.16 121.11 119.10 117.13 115.21 113.33 111.49 109.70 107.95 106.25 104.59 102.98 101.41 99.88 98.40 96.97 95.58 94.24 92.94 91.68 90.48 89.31 88.20 87.13 86.10 85.12 84.19 83.31 82.47 81.67 80.93 80.28 79.72 79.25 78.87 78.56 78.32 78.14 78.01 77.93 77.89 77.87 77.88 77.92 77.98
131.59 131.32 131.11 130.95 130.85 130.79 130.81 130.89 131.06 131.32 131.67 132.15 132.74 133.46 134.32 135.33 136.29 136.97 137.33 137.38 137.15 136.64 135.85 134.81 133.53 132.00 130.26 128.30 126.16 123.98 121.84 119.75 117.70 115.69 113.73 111.82 109.96 108.14 106.37 104.64 102.96 101.33 99.74 98.20 96.71 95.26 93.87 92.52 91.21 89.96 88.75 87.59 86.48 85.42 84.40 83.43 82.52 81.65 80.88 80.22 79.65 79.17 78.78 78.47 78.22 78.04 77.91 77.82 77.78 77.76 77.77 77.81 77.87
131.85 131.66 131.51 131.42 131.37 131.39 131.47 131.63 131.88 132.23 132.68 133.25 133.95 134.79 135.76 136.89 137.99 138.79 139.27 139.44 139.33 138.93 138.26 137.33 136.15 134.73 133.09 131.23 129.17 126.94 124.67 122.44 120.25 118.12 116.03 114.00 112.01 110.06 108.17 106.33 104.53 102.78 101.08 99.43 97.83 96.28 94.78 93.32 91.92 90.57 89.26 88.01 86.80 85.65 84.54 83.49 82.49 81.60 80.81 80.13 79.56 79.08 78.68 78.36 78.11 77.92 77.78 77.69 77.64 77.63 77.63 77.67 77.74
132.24 132.10 132.00 131.95 131.96 132.03 132.18 132.41 132.73 133.16 133.70 134.36 135.16 136.09 137.18 138.43 139.64 140.55 141.15 141.44 141.43 141.14 140.57 139.74 138.66 137.34 135.80 134.03 132.06 129.89 127.56 125.19 122.87 120.60 118.38 116.21 114.09 112.02 110.00 108.03 106.11 104.24 102.42 100.65 98.94 97.27 95.66 94.10 92.59 91.13 89.72 88.36 87.06 85.81 84.61 83.47 82.43 81.52 80.72 80.04 79.45 78.96 78.55 78.22 77.97 77.77 77.63 77.54 77.49 77.47 77.48 77.51 77.58
132.74 132.64 132.57 132.56 132.61 132.73 132.93 133.22 133.60 134.10 134.72 135.47 136.35 137.39 138.58 139.93 141.25 142.27 142.97 143.36 143.45 143.26 142.79 142.05 141.06 139.83 138.37 136.69 134.80 132.71 130.43 128.00 125.54 123.13 120.76 118.45 116.20 113.99 111.84 109.74 107.69 105.69 103.75 101.86 100.02 98.24 96.50 94.83 93.20 91.63 90.11 88.65 87.24 85.88 84.59 83.41 82.36 81.43 80.62 79.93 79.33 78.83 78.41 78.08 77.81 77.61 77.47 77.37 77.31 77.29 77.30 77.33 77.40
133.35 133.26 133.21 133.23 133.31 133.47 133.72 134.06 134.50 135.07 135.75 136.57 137.54 138.66 139.94 141.39 142.81 143.93 144.72 145.21 145.39 145.29 144.91 144.26 143.35 142.20 140.81 139.21 137.39 135.37 133.16 130.77 128.24 125.68 123.17 120.72 118.32 115.97 113.68 111.44 109.25 107.12 105.05 103.03 101.06 99.15 97.30 95.50 93.76 92.07 90.43 88.86 87.33 85.88 84.54 83.34 82.27 81.33 80.51 79.80 79.19 78.68 78.26 77.91 77.64 77.43 77.28 77.18 77.12 77.10 77.10 77.13 77.20
134.04 133.96 133.93 133.97 134.07 134.26 134.55 134.93 135.43 136.04 136.79 137.68 138.71 139.91 141.27 142.81 144.33 145.53 146.42 146.99 147.26 147.23 146.93 146.35 145.52 144.44 143.12 141.58 139.83 137.87 135.72 133.39 130.89 128.26 125.60 122.99 120.44 117.95 115.51 113.13 110.80 108.53 106.32 104.16 102.06 100.02 98.04 96.11 94.24 92.43 90.67 88.97 87.34 85.84 84.48 83.26 82.18 81.23 80.39 79.67 79.05 78.53 78.09 77.74 77.46 77.24 77.09 76.98 76.91 76.88 76.88 76.92 76.98
134.83 134.75 134.72 134.77 134.89 135.10 135.42 135.83 136.37 137.03 137.83 138.77 139.87 141.14 142.58 144.20 145.80 147.09 148.05 148.69 149.04 149.08 148.85 148.34 147.57 146.56 145.30 143.82 142.12 140.22 138.12 135.84 133.38 130.77 128.03 125.27 122.56 119.91 117.32 114.79 112.31 109.90 107.54 105.24 103.00 100.82 98.70 96.64 94.64 92.70 90.81 89.00 87.32 85.79 84.41 83.18 82.08 81.11 80.26 79.53 78.90 78.36 77.92 77.55 77.26 77.04 76.88 76.76 76.69 76.66 76.66 76.69 76.74
135.71 135.61 135.59 135.63 135.77 135.99 136.32 136.77 137.33 138.03 138.87 139.87 141.02 142.35 143.86 145.55 147.22 148.58 149.61 150.33 150.73 150.85 150.67 150.22 149.51 148.55 147.35 145.91 144.26 142.40 140.34 138.10 135.69 133.11 130.38 127.52 124.66 121.85 119.10 116.41 113.79 111.22 108.71 106.27 103.88 101.56 99.29 97.09 94.95 92.87 90.87 88.99 87.29 85.74 84.35 83.10 81.98 81.00 80.13 79.38 78.74 78.19 77.73 77.36 77.06 76.83 76.66 76.54 76.46 76.42 76.42 76.44 76.50
136.67 136.56 136.52 136.56 136.69 136.93 137.27 137.73 138.32 139.05 139.92 140.96 142.16 143.53 145.10 146.85 148.59 150.02 151.11 151.88 152.35 152.51 152.39 151.99 151.33 150.41 149.25 147.86 146.25 144.42 142.40 140.19 137.80 135.25 132.54 129.69 126.73 123.76 120.85 118.00 115.21 112.48 109.82 107.22 104.68 102.20 99.79 97.44 95.16 92.95 90.88 88.99 87.26 85.69 84.28 83.01 81.88 80.88 80.00 79.23 78.57 78.02 77.55 77.16 76.85 76.61 76.43 76.31 76.22 76.18 76.17 76.19 76.24
137.73 137.59 137.53 137.55 137.68 137.90 138.25 138.72 139.32 140.07 140.97 142.04 143.27 144.69 146.31 148.12 149.91 151.39 152.54 153.37 153.88 154.09 154.01 153.66 153.03 152.15 151.02 149.66 148.08 146.28 144.29 142.10 139.73 137.20 134.51 131.67 128.70 125.62 122.54 119.52 116.57 113.68 110.85 108.09 105.39 102.76 100.19 97.69 95.27 92.99 90.90 88.98 87.24 85.65 84.21 82.93 81.78 80.76 79.86 79.08 78.41 77.84 77.36 76.96 76.64 76.39 76.20 76.07 75.98 75.93 75.91 75.93 75.98
138.87 138.69 138.60 138.60 138.71 138.93 139.26 139.73 140.34 141.10 142.02 143.11 144.37 145.83 147.48 149.34 151.18 152.71 153.90 154.77 155.32 155.57 155.53 155.20 154.61 153.76 152.66 151.32 149.76 147.98 146.00 143.83 141.47 138.95 136.26 133.43 130.46 127.37 124.17 120.98 117.86 114.79 111.80 108.87 106.01 103.21 100.48 97.84 95.35 93.04 90.93 88.99 87.22 85.61 84.15 82.85 81.68 80.64 79.73 78.94 78.25 77.66 77.17 76.76 76.43 76.17 75.97 75.83 75.73 75.67 75.65 75.66 75.70
140.09 139.87 139.75 139.72 139.79 139.99 140.31 140.77 141.38 142.14 143.07 144.17 145.46 146.94 148.62 150.52 152.40 153.97 155.19 156.09 156.68 156.96 156.94 156.64 156.07 155.24 154.15 152.83 151.28 149.51 147.54 145.37 143.02 140.50 137.81 134.97 132.00 128.89 125.67 122.37 119.06 115.82 112.65 109.55 106.52 103.55 100.67 97.95 95.43 93.10 90.96 89.00 87.21 85.58 84.10 82.78 81.59 80.53 79.61 78.79 78.09 77.49 76.98 76.56 76.22 75.95 75.74 75.59 75.48 75.42 75.39 75.39 75.43
141.40 141.13 140.96 140.89 140.93 141.10 141.39 141.84 142.43 143.19 144.11 145.22 146.52 148.02 149.73 151.65 153.56 155.16 156.42 157.34 157.95 158.25 158.25 157.96 157.41 156.58 155.51 154.19 152.65 150.88 148.91 146.73 144.38 141.85 139.15 136.30 133.31 130.19 126.95 123.60 120.17 116.75 113.40 110.12 106.91 103.79 100.83 98.08 95.53 93.18 91.01 89.02 87.20 85.55 84.06 82.71 81.50 80.43 79.48 78.66 77.94 77.32 76.80 76.36 76.01 75.73 75.51 75.34 75.23 75.16 75.12 75.12 75.15
142.79 142.46 142.23 142.11 142.11 142.24 142.51 142.92 143.50 144.24 145.16 146.26 147.56 149.07 150.79 152.74 154.67 156.29 157.57 158.51 159.13 159.44 159.45 159.17 158.62 157.80 156.72 155.40 153.85 152.08 150.10 147.91 145.54 142.99 140.28 137.41 134.40 131.25 127.98 124.60 121.12 117.57 114.04 110.57 107.19 103.99 101.00 98.22 95.64 93.26 91.07 89.06 87.22 85.54 84.03 82.66 81.43 80.34 79.37 78.53 77.79 77.16 76.62 76.17 75.81 75.51 75.28 75.11 74.98 74.90 74.86 74.85 74.87
144.27 143.87 143.58 143.40 143.34 143.43 143.65 144.03 144.58 145.30 146.20 147.29 148.59 150.09 151.82 153.78 155.73 157.36 158.64 159.59 160.22 160.53 160.54 160.26 159.71 158.88 157.80 156.47 154.90 153.11 151.11 148.91 146.51 143.94 141.20 138.30 135.25 132.07 128.77 125.35 121.83 118.22 114.54 110.91 107.44 104.20 101.18 98.38 95.77 93.36 91.15 89.11 87.24 85.55 84.01 82.62 81.37 80.26 79.27 78.41 77.66 77.01 76.46 75.99 75.61 75.30 75.06 74.88 74.74 74.65 74.60 74.58 74.60
145.83 145.35 144.98 144.74 144.62 144.65 144.83 145.16 145.67 146.36 147.23 148.31 149.59 151.09 152.81 154.77 156.73 158.36 159.64 160.59 161.22 161.52 161.53 161.24 160.67 159.83 158.72 157.38 155.79 153.98 151.95 149.72 147.29 144.68 141.91 138.97 135.88 132.66 129.31 125.84 122.27 118.61 114.88 111.21 107.71 104.44 101.39 98.55 95.92 93.49 91.24 89.18 87.29 85.57 84.00 82.59 81.32 80.19 79.19 78.30 77.53 76.87 76.30 75.82 75.43 75.10 74.85 74.65 74.51 74.41 74.35 74.32 74.33
147.47 146.90 146.45 146.13 145.95 145.91 146.03 146.31 146.77 147.42 148.26 149.31 150.56 152.05 153.76 155.71 157.67 159.29 160.57 161.51 162.12 162.42 162.40 162.09 161.50 160.64 159.51 158.13 156.52 154.67 152.61 150.34 147.87 145.22 142.40 139.42 136.28 133.00 129.60 126.08 122.45 118.75 115.07 111.48 108.00 104.70 101.62 98.75 96.09 93.63 91.36 89.27 87.35 85.61 84.02 82.58 81.29 80.14 79.12 78.21 77.42 76.74 76.16 75.66 75.25 74.92 74.65 74.44 74.29 74.17 74.10 74.07 74.07
149.18 148.52 147.98 147.58 147.32 147.21 147.26 147.48 147.89 148.49 149.28 150.29 151.52 152.97 154.67 156.60 158.55 160.16 161.42 162.34 162.93 163.21 163.17 162.83 162.21 161.31 160.15 158.74 157.08 155.19 153.09 150.77 148.26 145.56 142.68 139.64 136.45 133.11 129.64 126.06 122.38 118.73 115.15 111.66 108.27 104.99 101.88 98.98 96.29 93.80 91.50 89.38 87.44 85.67 84.06 82.60 81.28 80.11 79.06 78.14 77.33 76.63 76.03 75.52 75.09 74.74 74.46 74.24 74.07 73.95 73.87 73.82 73.82
150.98 150.21 149.57 149.08 148.73 148.54 148.52 148.67 149.01 149.55 150.30 151.26 152.44 153.87 155.53 157.44 159.37 160.96 162.20 163.09 163.65 163.89 163.82 163.45 162.79 161.85 160.65 159.19 157.48 155.54 153.38 151.01 148.44 145.68 142.75 139.64 136.38 132.98 129.44 125.80 122.17 118.62 115.14 111.76 108.46 105.25 102.16 99.23 96.51 93.99 91.66 89.52 87.55 85.75 84.11 82.63 81.30 80.10 79.03 78.09 77.26 76.54 75.92 75.39 74.95 74.59 74.29 74.06 73.88 73.74 73.65 73.59 73.58
152.85 151.97 151.23 150.63 150.18 149.90 149.80 149.87 150.14 150.62 151.30 152.21 153.35 154.72 156.35 158.23 160.13 161.69 162.90 163.75 164.28 164.48 164.36 163.94 163.24 162.25 160.99 159.48 157.72 155.72 153.50 151.07 148.43 145.60 142.59 139.42 136.08 132.60 129.01 125.41 121.88 118.43 115.06 111.77 108.56 105.45 102.43 99.51 96.76 94.21 91.85 89.68 87.68 85.86 84.20 82.69 81.33 80.11 79.02 78.06 77.21 76.47 75.83 75.29 74.83 74.45 74.14 73.89 73.70 73.55 73.45 73.38 73.35
154.80 153.80 152.94 152.23 151.68 151.30 151.10 151.09 151.28 151.68 152.30 153.14 154.22 155.55 157.13 158.97 160.83 162.35 163.51 164.33 164.80 164.95 164.79 164.32 163.56 162.51 161.19 159.62 157.79 155.73 153.44 150.93 148.22 145.31 142.23 138.97 135.55 132.00 128.45 124.96 121.54 118.18 114.91 111.71 108.60 105.57 102.63 99.78 97.04 94.46 92.07 89.87 87.85 86.00 84.31 82.78 81.39 80.15 79.04 78.05 77.18 76.42 75.77 75.20 74.73 74.33 74.00 73.74 73.53 73.38 73.26 73.18 73.14
156.82 155.69 154.70 153.88 153.22 152.73 152.43 152.33 152.43 152.74 153.28 154.05 155.06 156.33 157.86 159.65 161.46 162.94 164.05 164.81 165.23 165.33 165.10 164.57 163.74 162.63 161.24 159.59 157.70 155.56 153.19 150.60 147.80 144.81 141.64 138.29 134.81 131.30 127.85 124.46 121.14 117.88 114.70 111.60 108.57 105.62 102.76 99.99 97.31 94.74 92.33 90.10 88.04 86.16 84.45 82.89 81.48 80.21 79.08 78.07 77.18 76.40 75.72 75.14 74.65 74.23 73.89 73.61 73.39 73.22 73.09 73.00 72.95
158.92 157.65 156.53 155.58 154.79 154.19 153.78 153.57 153.58 153.80 154.25 154.94 155.88 157.08 158.54 160.28 162.03 163.45 164.51 165.21 165.56 165.59 165.30 164.69 163.79 162.61 161.14 159.41 157.43 155.21 152.75 150.08 147.19 144.11 140.83 137.41 133.96 130.56 127.22 123.93 120.70 117.54 114.45 111.43 108.49 105.63 102.85 100.15 97.54 95.02 92.61 90.35 88.27 86.36 84.62 83.04 81.60 80.31 79.15 78.12 77.21 76.41 75.71 75.11 74.60 74.16 73.81 73.51 73.28 73.09 72.95 72.84 72.78
161.09 159.67 158.41 157.32 156.41 155.68 155.16 154.83 154.73 154.85 155.21 155.81 156.66 157.78 159.18 160.85 162.54 163.89 164.88 165.51 165.79 165.75 165.38 164.69 163.71 162.44 160.89 159.07 157.00 154.68 152.13 149.36 146.37 143.18 139.84 136.45 133.10 129.81 126.56 123.37 120.24 117.17 114.17 111.24 108.38 105.59 102.88 100.25 97.71 95.26 92.90 90.64 88.54 86.60 84.83 83.22 81.76 80.44 79.26 78.20 77.27 76.44 75.72 75.10 74.57 74.12 73.75 73.44 73.18 72.98 72.83 72.71 72.64
163.33 161.75 160.34 159.11 158.06 157.20 156.55 156.11 155.89 155.90 156.15 156.65 157.42 158.45 159.76 161.36 162.98 164.26 165.17 165.72 165.93 165.79 165.34 164.57 163.50 162.13 160.49 158.57 156.40 153.98 151.32 148.44 145.35 142.08 138.76 135.48 132.24 129.04 125.90 122.80 119.77 116.79 113.87 111.02 108.23 105.52 102.88 100.33 97.85 95.46 93.15 90.94 88.84 86.87 85.07 83.43 81.94 80.60 79.39 78.31 77.36 76.51 75.77 75.13 74.58 74.11 73.72 73.39 73.12 72.90 72.73 72.60 72.51
165.64 163.90 162.33 160.95 159.75 158.75 157.96 157.39 157.04 156.94 157.08 157.47 158.14 159.08 160.30 161.81 163.35 164.55 165.37 165.84 165.95 165.73 165.18 164.31 163.14 161.68 159.93 157.91 155.63 153.10 150.33 147.33 144.15 140.91 137.70 134.52 131.38 128.29 125.24 122.24 119.29 116.39 113.56 110.78 108.07 105.43 102.87 100.37 97.96 95.62 93.38 91.22 89.15 87.18 85.35 83.69 82.17 80.80 79.57 78.46 77.48 76.61 75.85 75.19 74.62 74.13 73.72 73.37 73.09 72.85 72.67 72.53 72.42
168.02 166.11 164.37 162.83 161.47 160.32 159.39 158.68 158.20 157.97 157.99 158.27 158.82 159.66 160.79 162.21 163.66 164.76 165.49 165.86 165.88 165.56 164.90 163.93 162.65 161.08 159.22 157.08 154.69 152.04 149.15 146.05 142.90 139.76 136.66 133.59 130.55 127.55 124.59 121.68 118.81 116.00 113.24 110.55 107.91 105.34 102.84 100.41 98.05 95.77 93.57 91.46 89.44 87.51 85.68 83.98 82.44 81.04 79.78 78.65 77.64 76.75 75.97 75.28 74.69 74.18 73.75 73.39 73.09 72.84 72.64 72.48 72.36
170.42 168.38 166.47 164.75 163.23 161.92 160.83 159.98 159.36 158.99 158.88 159.04 159.48 160.20 161.22 162.54 163.89 164.90 165.53 165.79 165.70 165.27 164.50 163.42 162.02 160.33 158.35 156.09 153.57 150.79 147.80 144.74 141.69 138.66 135.66 132.68 129.74 126.83 123.97 121.14 118.36 115.63 112.95 110.32 107.75 105.25 102.81 100.44 98.14 95.91 93.76 91.69 89.71 87.82 86.02 84.31 82.74 81.32 80.03 78.88 77.85 76.93 76.12 75.42 74.80 74.27 73.82 73.44 73.12 72.85 72.64 72.46 72.33
172.73 170.65 168.61 166.71 165.02 163.54 162.30 161.28 160.52 160.00 159.76 159.78 160.09 160.69 161.60 162.81 164.06 164.95 165.47 165.62 165.42 164.87 163.98 162.78 161.26 159.44 157.32 154.94 152.28 149.40 146.43 143.47 140.53 137.60 134.70 131.83 128.98 126.16 123.38 120.64 117.94 115.28 112.67 110.12 107.62 105.17 102.79 100.48 98.23 96.05 93.95 91.93 89.98 88.12 86.35 84.67 83.09 81.64 80.33 79.15 78.09 77.15 76.32 75.59 74.95 74.40 73.93 73.53 73.19 72.91 72.67 72.48 72.33
174.91 172.84 170.75 168.71 166.84 165.19 163.77 162.60 161.67 161.00 160.61 160.50 160.67 161.14 161.93 163.02 164.15 164.93 165.33 165.36 165.03 164.35 163.34 162.00 160.35 158.39 156.14 153.61 150.85 147.99 145.13 142.27 139.44 136.61 133.81 131.02 128.27 125.54 122.84 120.18 117.55 114.97 112.43 109.94 107.51 105.12 102.80 100.54 98.34 96.21 94.15 92.16 90.26 88.43 86.69 85.04 83.47 82.01 80.67 79.46 78.38 77.41 76.56 75.80 75.14 74.57 74.08 73.66 73.30 73.00 72.75 72.54 72.37
176.95 174.88 172.79 170.71 168.69 166.86 165.26 163.91 162.82 161.99 161.44 161.18 161.21 161.55 162.20 163.16 164.17 164.82 165.10 164.99 164.53 163.72 162.57 161.09 159.30 157.20 154.80 152.16 149.41 146.66 143.90 141.16 138.42 135.69 132.98 130.29 127.62 124.98 122.36 119.77 117.22 114.71 112.24 109.82 107.44 105.11 102.84 100.63 98.48 96.39 94.37 92.42 90.55 88.75 87.04 85.41 83.86 82.41 81.06 79.82 78.71 77.72 76.84 76.06 75.38 74.78 74.27 73.83 73.45 73.13 72.86 72.63 72.45
