data_processed/recharge/precip/Precip_1998_02.asc
ncols        168
nrows        136
xllcorner    455000
yllcorner    2107000
cellsize     500
NODATA_value     -99999
[rows 76 to 113 of 136, columns 0 to 83 of 168]
0.00 0.00 0.00 0.00 0.00 0.00 0.00 0.00 0.00 0.00 0.00 0.00 0.00 0.00 0.00 0.00 0.00 0.00 0.00 0.00 0.00 0.00 0.00 0.00 0.00 0.00 0.00 0.00 0.00 0.00 0.00 0.00 0.00 0.00 0.00 0.00 0.00 0.00 0.00 0.00 0.00 0.00 0.00 0.00 0.00 0.00 0.00 0.00 0.00 0.00 0.00 0.00 0.00 0.01 0.01 0.02 0.03 0.04 0.05 0.06 0.07 0.09 0.10 0.12 0.14 0.16 0.18 0.21 0.24 0.27 0.30 0.33 0.37 0.40 0.42 0.45 0.47 0.49 0.51 0.52 0.54 0.55 0.56 0.57
0.00 0.00 0.00 0.00 0.00 0.00 0.00 0.00 0.00 0.00 0.00 0.00 0.00 0.00 0.00 0.00 0.00 0.00 0.00 0.00 0.00 0.00 0.00 0.00 0.00 0.00 0.00 0.00 0.00 0.00 0.00 0.00 0.00 0.00 0.00 0.00 0.00 0.00 0.00 0.00 0.00 0.00 0.00 0.00 0.00 0.00 0.00 0.00 0.00 0.00 0.00 0.00 0.00 0.01 0.01 0.02 0.03 0.04 0.05 0.06 0.07 0.09 0.11 0.13 0.15 0.17 0.19 0.22 0.25 0.28 0.31 0.35 0.38 0.41 0.44 0.46 0.49 0.51 0.53 0.54 0.56 0.57 0.58 0.59
0.00 0.00 0.00 0.00 0.00 0.00 0.00 0.00 0.00 0.00 0.00 0.00 0.00 0.00 0.00 0.00 0.00 0.00 0.00 0.00 0.00 0.00 0.00 0.00 0.00 0.00 0.00 0.00 0.00 0.00 0.00 0.00 0.00 0.00 0.00 0.00 0.00 0.00 0.00 0.00 0.00 0.00 0.00 0.00 0.00 0.00 0.00 0.00 0.00 0.00 0.00 0.00 0.00 0.01 0.01 0.02 0.03 0.04 0.05 0.06 0.08 0.09 0.11 0.13 0.15 0.17 0.20 0.23 0.26 0.29 0.32 0.36 0.39 0.43 0.45 0.48 0.51 0.53 0.55 0.56 0.58 0.59 0.60 0.61
0.00 0.00 0.00 0.00 0.00 0.00 0.00 0.00 0.00 0.00 0.00 0.00 0.00 0.00 0.00 0.00 0.00 0.00 0.00 0.00 0.00 0.00 0.00 0.00 0.00 0.00 0.00 0.00 0.00 0.00 0.00 0.00 0.00 0.00 0.00 0.00 0.00 0.00 0.00 0.00 0.00 0.00 0.00 0.00 0.00 0.00 0.00 0.00 0.00 0.00 0.00 0.00 0.00 0.01 0.01 0.02 0.03 0.04 0.05 0.07 0.08 0.10 0.12 0.14 0.16 0.18 0.21 0.24 0.27 0.30 0.33 0.37 0.41 0.44 0.47 0.50 0.52 0.55 0.57 0.59 0.60 0.61 0.63 0.64
0.00 0.00 0.00 0.00 0.00 0.00 0.00 0.00 0.00 0.00 0.00 0.00 0.00 0.00 0.00 0.00 0.00 0.00 0.00 0.00 0.00 0.00 0.00 0.00 0.00 0.00 0.00 0.00 0.00 0.00 0.00 0.00 0.00 0.00 0.00 0.00 0.00 0.00 0.00 0.00 0.00 0.00 0.00 0.00 0.00 0.00 0.00 0.00 0.00 0.00 0.00 0.00 0.00 0.00 0.01 0.02 0.03 0.04 0.05 0.07 0.08 0.10 0.12 0.14 0.16 0.19 0.21 0.24 0.28 0.31 0.35 0.38 0.42 0.45 0.49 0.51 0.54 0.56 0.59 0.61 0.62 0.64 0.65 0.66
0.00 0.00 0.00 0.00 0.00 0.00 0.00 0.00 0.00 0.00 0.00 0.00 0.00 0.00 0.00 0.00 0.00 0.00 0.00 0.00 0.00 0.00 0.00 0.00 0.00 0.00 0.00 0.00 0.00 0.00 0.00 0.00 0.00 0.00 0.00 0.00 0.00 0.00 0.00 0.00 0.00 0.00 0.00 0.00 0.00 0.00 0.00 0.00 0.00 0.00 0.00 0.00 0.00 0.00 0.01 0.02 0.03 0.04 0.05 0.07 0.08 0.10 0.12 0.14 0.17 0.19 0.22 0.25 0.28 0.32 0.36 0.40 0.43 0.47 0.50 0.53 0.56 0.58 0.61 0.62 0.64 0.66 0.67 0.68
0.00 0.00 0.00 0.00 0.00 0.00 0.00 0.00 0.00 0.00 0.00 0.00 0.00 0.00 0.00 0.00 0.00 0.00 0.00 0.00 0.00 0.00 0.00 0.00 0.00 0.00 0.00 0.00 0.00 0.00 0.00 0.00 0.00 0.00 0.00 0.00 0.00 0.00 0.00 0.00 0.00 0.00 0.00 0.00 0.00 0.00 0.00 0.00 0.00 0.00 0.00 0.00 0.00 0.00 0.01 0.02 0.03 0.04 0.05 0.07 0.09 0.10 0.12 0.15 0.17 0.20 0.23 0.26 0.29 0.33 0.37 0.41 0.45 0.48 0.52 0.55 0.58 0.60 0.62 0.64 0.66 0.68 0.69 0.70
0.00 0.00 0.00 0.00 0.00 0.00 0.00 0.00 0.00 0.00 0.00 0.00 0.00 0.00 0.00 0.00 0.00 0.00 0.00 0.00 0.00 0.00 0.00 0.00 0.00 0.00 0.00 0.00 0.00 0.00 0.00 0.00 0.00 0.00 0.00 0.00 0.00 0.00 0.00 0.00 0.00 0.00 0.00 0.00 0.00 0.00 0.00 0.00 0.00 0.00 0.00 0.00 0.00 0.00 0.01 0.02 0.03 0.04 0.05 0.07 0.09 0.11 0.13 0.15 0.18 0.20 0.23 0.27 0.30 0.34 0.38 0.42 0.46 0.50 0.53 0.56 0.59 0.62 0.64 0.66 0.68 0.70 0.71 0.73
0.00 0.00 0.00 0.00 0.00 0.00 0.00 0.00 0.00 0.00 0.00 0.00 0.00 0.00 0.00 0.00 0.00 0.00 0.00 0.00 0.00 0.00 0.00 0.00 0.00 0.00 0.00 0.00 0.00 0.00 0.00 0.00 0.00 0.00 0.00 0.00 0.00 0.00 0.00 0.00 0.00 0.00 0.00 0.00 0.00 0.00 0.00 0.00 0.00 0.00 0.00 0.00 0.00 0.00 0.00 0.01 0.02 0.04 0.05 0.07 0.09 0.11 0.13 0.15 0.18 0.21 0.24 0.27 0.31 0.35 0.39 0.43 0.47 0.51 0.55 0.58 0.61 0.64 0.66 0.68 0.70 0.72 0.73 0.75
0.00 0.00 0.00 0.00 0.00 0.00 0.00 0.00 0.00 0.00 0.00 0.00 0.00 0.00 0.00 0.00 0.00 0.00 0.00 0.00 0.00 0.00 0.00 0.00 0.00 0.00 0.00 0.00 0.00 0.00 0.00 0.00 0.00 0.00 0.00 0.00 0.00 0.00 0.00 0.00 0.00 0.00 0.00 0.00 0.00 0.00 0.00 0.00 0.00 0.00 0.00 0.00 0.00 0.00 0.00 0.01 0.02 0.04 0.05 0.07 0.09 0.11 0.13 0.16 0.18 0.21 0.24 0.28 0.32 0.35 0.40 0.44 0.48 0.52 0.56 0.59 0.62 0.65 0.68 0.70 0.72 0.74 0.76 0.77
0.00 0.00 0.00 0.00 0.00 0.00 0.00 0.00 0.00 0.00 0.00 0.00 0.00 0.00 0.00 0.00 0.00 0.00 0.00 0.00 0.00 0.00 0.00 0.00 0.00 0.00 0.00 0.00 0.00 0.00 0.00 0.00 0.00 0.00 0.00 0.00 0.00 0.00 0.00 0.00 0.00 0.00 0.00 0.00 0.00 0.00 0.00 0.00 0.00 0.00 0.00 0.00 0.00 0.00 0.00 0.01 0.02 0.03 0.05 0.07 0.09 0.11 0.13 0.16 0.19 0.22 0.25 0.28 0.32 0.36 0.41 0.45 0.49 0.54 0.57 0.61 0.64 0.67 0.70 0.72 0.74 0.76 0.78 0.79
0.00 0.00 0.00 0.00 0.00 0.00 0.00 0.00 0.00 0.00 0.00 0.00 0.00 0.00 0.00 0.00 0.00 0.00 0.00 0.00 0.00 0.00 0.00 0.00 0.00 0.00 0.00 0.00 0.00 0.00 0.00 0.00 0.00 0.00 0.00 0.00 0.00 0.00 0.00 0.00 0.00 0.00 0.00 0.00 0.00 0.00 0.00 0.00 0.00 0.00 0.00 0.00 0.00 0.00 0.00 0.00 0.02 0.03 0.05 0.07 0.09 0.11 0.13 0.16 0.19 0.22 0.25 0.29 0.33 0.37 0.41 0.46 0.51 0.55 0.59 0.62 0.65 0.68 0.71 0.74 0.76 0.78 0.79 0.80
0.00 0.00 0.00 0.00 0.00 0.00 0.00 0.00 0.00 0.00 0.00 0.00 0.00 0.00 0.00 0.00 0.00 0.00 0.00 0.00 0.00 0.00 0.00 0.00 0.00 0.00 0.00 0.00 0.00 0.00 0.00 0.00 0.00 0.00 0.00 0.00 0.00 0.00 0.00 0.00 0.00 0.00 0.00 0.00 0.00 0.00 0.00 0.00 0.00 0.00 0.00 0.00 0.00 0.00 0.00 0.00 0.01 0.03 0.04 0.06 0.08 0.11 0.13 0.16 0.19 0.22 0.26 0.29 0.33 0.38 0.42 0.47 0.52 0.56 0.60 0.64 0.67 0.70 0.73 0.75 0.78 0.80 0.81 0.82
0.00 0.00 0.00 0.00 0.00 0.00 0.00 0.00 0.00 0.00 0.00 0.00 0.00 0.00 0.00 0.00 0.00 0.00 0.00 0.00 0.00 0.00 0.00 0.00 0.00 0.00 0.00 0.00 0.00 0.00 0.00 0.00 0.00 0.00 0.00 0.00 0.00 0.00 0.00 0.00 0.00 0.00 0.00 0.00 0.00 0.00 0.00 0.00 0.00 0.00 0.00 0.00 0.00 0.00 0.00 0.00 0.01 0.02 0.04 0.06 0.08 0.11 0.13 0.16 0.19 0.22 0.26 0.30 0.34 0.38 0.43 0.48 0.53 0.57 0.61 0.65 0.68 0.72 0.75 0.77 0.79 0.81 0.82 0.83
0.00 0.00 0.00 0.00 0.00 0.00 0.00 0.00 0.00 0.00 0.00 0.00 0.00 0.00 0.00 0.00 0.00 0.00 0.00 0.00 0.00 0.00 0.00 0.00 0.00 0.00 0.00 0.00 0.00 0.00 0.00 0.00 0.00 0.00 0.00 0.00 0.00 0.00 0.00 0.00 0.00 0.00 0.00 0.00 0.00 0.00 0.00 0.00 0.00 0.00 0.00 0.00 0.00 0.00 0.00 0.00 0.00 0.02 0.04 0.06 0.08 0.10 0.13 0.16 0.19 0.23 0.26 0.30 0.34 0.39 0.44 0.49 0.54 0.58 0.62 0.66 0.70 0.73 0.76 0.78 0.81 0.82 0.84 0.85
0.00 0.00 0.00 0.00 0.00 0.00 0.00 0.00 0.00 0.00 0.00 0.00 0.00 0.00 0.00 0.00 0.00 0.00 0.00 0.00 0.00 0.00 0.00 0.00 0.00 0.00 0.00 0.00 0.00 0.00 0.00 0.00 0.00 0.00 0.00 0.00 0.00 0.00 0.00 0.00 0.00 0.00 0.00 0.00 0.00 0.00 0.00 0.00 0.00 0.00 0.00 0.00 0.00 0.00 0.00 0.00 0.00 0.01 0.03 0.05 0.08 0.10 0.13 0.16 0.19 0.23 0.27 0.31 0.35 0.39 0.44 0.49 0.54 0.59 0.63 0.67 0.71 0.74 0.77 0.80 0.82 0.83 0.85 0.86
0.00 0.00 0.00 0.00 0.00 0.00 0.00 0.00 0.00 0.00 0.00 0.00 0.00 0.00 0.00 0.00 0.00 0.00 0.00 0.00 0.00 0.00 0.00 0.00 0.00 0.00 0.00 0.00 0.00 0.00 0.00 0.00 0.00 0.00 0.00 0.00 0.00 0.00 0.00 0.00 0.00 0.00 0.00 0.00 0.00 0.00 0.00 0.00 0.00 0.00 0.00 0.00 0.00 0.00 0.00 0.00 0.00 0.01 0.03 0.05 0.07 0.10 0.13 0.16 0.19 0.23 0.27 0.31 0.35 0.40 0.45 0.50 0.55 0.60 0.64 0.68 0.72 0.75 0.78 0.81 0.83 0.84 0.86 0.87
0.00 0.00 0.00 0.00 0.00 0.00 0.00 0.00 0.00 0.00 0.00 0.00 0.00 0.00 0.00 0.00 0.00 0.00 0.00 0.00 0.00 0.00 0.00 0.00 0.00 0.00 0.00 0.00 0.00 0.00 0.00 0.00 0.00 0.00 0.00 0.00 0.00 0.00 0.00 0.00 0.00 0.00 0.00 0.00 0.00 0.00 0.00 0.00 0.00 0.00 0.00 0.00 0.00 0.00 0.00 0.00 0.00 0.00 0.02 0.04 0.07 0.09 0.12 0.16 0.19 0.23 0.27 0.31 0.35 0.40 0.45 0.51 0.56 0.61 0.65 0.69 0.73 0.76 0.79 0.82 0.84 0.85 0.86 0.87
0.00 0.00 0.00 0.00 0.00 0.00 0.00 0.00 0.00 0.00 0.00 0.00 0.00 0.00 0.00 0.00 0.00 0.00 0.00 0.00 0.00 0.00 0.00 0.00 0.00 0.00 0.00 0.00 0.00 0.00 0.00 0.00 0.00 0.00 0.00 0.00 0.00 0.00 0.00 0.00 0.00 0.00 0.00 0.00 0.00 0.00 0.00 0.00 0.00 0.00 0.00 0.00 0.00 0.00 0.00 0.00 0.00 0.00 0.01 0.04 0.06 0.09 0.12 0.15 0.19 0.23 0.27 0.31 0.36 0.41 0.46 0.51 0.57 0.62 0.66 0.70 0.74 0.77 0.80 0.82 0.84 0.86 0.87 0.88
0.00 0.00 0.00 0.00 0.00 0.00 0.00 0.00 0.00 0.00 0.00 0.00 0.00 0.00 0.00 0.00 0.00 0.00 0.00 0.00 0.00 0.00 0.00 0.00 0.00 0.00 0.00 0.00 0.00 0.00 0.00 0.00 0.00 0.00 0.00 0.00 0.00 0.00 0.00 0.00 0.00 0.00 0.00 0.00 0.00 0.00 0.00 0.00 0.00 0.00 0.00 0.00 0.00 0.00 0.00 0.00 0.00 0.00 0.01 0.03 0.06 0.08 0.12 0.15 0.19 0.22 0.27 0.31 0.36 0.41 0.46 0.52 0.57 0.62 0.67 0.71 0.74 0.78 0.80 0.83 0.85 0.86 0.87 0.88
0.00 0.00 0.00 0.00 0.00 0.00 0.00 0.00 0.00 0.00 0.00 0.00 0.00 0.00 0.00 0.00 0.00 0.00 0.00 0.00 0.00 0.00 0.00 0.00 0.00 0.00 0.00 0.00 0.00 0.00 0.00 0.00 0.00 0.00 0.00 0.00 0.00 0.00 0.00 0.00 0.00 0.00 0.00 0.00 0.00 0.00 0.00 0.00 0.00 0.00 0.00 0.00 0.00 0.00 0.00 0.00 0.00 0.00 0.00 0.02 0.05 0.08 0.11 0.15 0.18 0.22 0.27 0.31 0.36 0.41 0.47 0.52 0.58 0.63 0.67 0.71 0.75 0.78 0.81 0.83 0.85 0.86 0.88 0.88
0.00 0.00 0.00 0.00 0.00 0.00 0.00 0.00 0.00 0.00 0.00 0.00 0.00 0.00 0.00 0.00 0.02 0.02 0.02 0.02 0.01 0.00 0.00 0.00 0.00 0.00 0.00 0.00 0.00 0.00 0.00 0.00 0.00 0.00 0.00 0.00 0.00 0.00 0.00 0.00 0.00 0.00 0.00 0.00 0.00 0.00 0.00 0.00 0.00 0.00 0.00 0.00 0.00 0.00 0.00 0.00 0.00 0.00 0.00 0.02 0.05 0.08 0.11 0.14 0.18 0.22 0.27 0.31 0.36 0.41 0.47 0.53 0.58 0.63 0.67 0.71 0.75 0.78 0.81 0.83 0.85 0.86 0.88 0.88
0.00 0.00 0.00 0.00 0.00 0.00 0.00 0.00 0.00 0.00 0.00 0.00 0.00 0.00 0.00 0.02 0.06 0.10 0.10 0.09 0.09 0.08 0.07 0.06 0.05 0.04 0.03 0.02 0.01 0.00 0.00 0.00 0.00 0.00 0.00 0.00 0.00 0.00 0.00 0.00 0.00 0.00 0.00 0.00 0.00 0.00 0.00 0.00 0.00 0.00 0.00 0.00 0.00 0.00 0.00 0.00 0.00 0.00 0.01 0.03 0.06 0.09 0.12 0.16 0.19 0.23 0.28 0.32 0.37 0.42 0.48 0.53 0.58 0.63 0.68 0.72 0.75 0.78 0.81 0.83 0.85 0.87 0.88 0.89
0.00 0.00 0.00 0.00 0.00 0.00 0.00 0.00 0.00 0.00 0.00 0.00 0.00 0.00 0.02 0.07 0.14 0.21 0.24 0.23 0.22 0.21 0.20 0.19 0.17 0.16 0.15 0.13 0.12 0.10 0.09 0.08 0.06 0.05 0.04 0.02 0.01 0.00 0.00 0.00 0.00 0.00 0.00 0.00 0.00 0.00 0.00 0.00 0.00 0.00 0.00 0.00 0.00 0.00 0.00 0.00 0.00 0.02 0.04 0.06 0.09 0.11 0.14 0.18 0.21 0.25 0.29 0.34 0.38 0.43 0.48 0.54 0.59 0.63 0.68 0.72 0.75 0.78 0.81 0.83 0.85 0.87 0.88 0.89
0.00 0.00 0.00 0.00 0.00 0.00 0.00 0.00 0.00 0.00 0.00 0.00 0.00 0.02 0.07 0.15 0.25 0.35 0.41 0.43 0.42 0.41 0.39 0.37 0.35 0.33 0.32 0.30 0.28 0.26 0.24 0.22 0.20 0.19 0.17 0.15 0.14 0.12 0.11 0.09 0.08 0.07 0.05 0.04 0.04 0.03 0.02 0.02 0.01 0.01 0.01 0.01 0.02 0.02 0.03 0.04 0.05 0.07 0.09 0.10 0.13 0.15 0.18 0.21 0.24 0.27 0.31 0.35 0.40 0.44 0.49 0.54 0.59 0.64 0.68 0.72 0.75 0.78 0.81 0.83 0.85 0.87 0.88 0.89
0.00 0.00 0.00 0.00 0.00 0.00 0.00 0.00 0.00 0.00 0.00 0.00 0.02 0.07 0.14 0.25 0.39 0.51 0.60 0.65 0.67 0.66 0.63 0.61 0.59 0.56 0.54 0.51 0.49 0.46 0.44 0.42 0.39 0.37 0.35 0.32 0.30 0.28 0.26 0.24 0.22 0.21 0.19 0.17 0.16 0.15 0.14 0.13 0.12 0.11 0.11 0.11 0.11 0.11 0.11 0.12 0.12 0.13 0.14 0.16 0.18 0.20 0.22 0.25 0.27 0.30 0.34 0.38 0.42 0.46 0.50 0.55 0.60 0.64 0.68 0.72 0.75 0.78 0.81 0.83 0.85 0.87 0.88 0.89
0.00 0.00 0.00 0.00 0.00 0.00 0.00 0.00 0.00 0.00 0.00 0.02 0.06 0.14 0.25 0.39 0.55 0.70 0.82 0.90 0.94 0.95 0.93 0.90 0.87 0.84 0.81 0.78 0.75 0.72 0.69 0.65 0.62 0.59 0.56 0.54 0.51 0.48 0.45 0.43 0.40 0.38 0.36 0.34 0.32 0.30 0.28 0.26 0.25 0.24 0.23 0.22 0.21 0.21 0.20 0.20 0.21 0.21 0.22 0.23 0.24 0.25 0.27 0.29 0.31 0.34 0.37 0.40 0.43 0.47 0.51 0.56 0.60 0.65 0.68 0.72 0.75 0.78 0.81 0.83 0.85 0.87 0.88 0.89
0.00 0.00 0.00 0.00 0.00 0.00 0.00 0.00 0.00 0.00 0.02 0.06 0.14 0.24 0.38 0.54 0.73 0.91 1.06 1.17 1.24 1.28 1.28 1.25 1.21 1.17 1.13 1.09 1.05 1.01 0.97 0.94 0.90 0.86 0.82 0.79 0.75 0.71 0.68 0.65 0.61 0.58 0.55 0.52 0.50 0.47 0.45 0.42 0.40 0.38 0.37 0.35 0.34 0.32 0.32 0.31 0.30 0.30 0.30 0.30 0.31 0.32 0.33 0.34 0.36 0.38 0.40 0.43 0.46 0.49 0.53 0.57 0.61 0.65 0.69 0.72 0.75 0.78 0.81 0.83 0.85 0.86 0.88 0.88
0.00 0.00 0.00 0.00 0.00 0.00 0.00 0.00 0.00 0.02 0.06 0.14 0.24 0.37 0.53 0.72 0.94 1.14 1.32 1.45 1.55 1.62 1.65 1.64 1.60 1.55 1.50 1.45 1.40 1.36 1.31 1.26 1.21 1.16 1.12 1.07 1.03 0.98 0.94 0.90 0.86 0.82 0.78 0.74 0.71 0.67 0.64 0.61 0.58 0.55 0.52 0.50 0.48 0.46 0.44 0.43 0.41 0.40 0.39 0.39 0.39 0.39 0.39 0.40 0.40 0.42 0.43 0.45 0.48 0.51 0.54 0.58 0.62 0.66 0.69 0.72 0.75 0.78 0.80 0.83 0.84 0.86 0.87 0.88
0.00 0.00 0.00 0.00 0.00 0.00 0.00 0.00 0.02 0.06 0.13 0.23 0.36 0.52 0.71 0.93 1.17 1.40 1.59 1.75 1.88 1.97 2.03 2.04 2.03 1.98 1.92 1.86 1.80 1.74 1.68 1.62 1.57 1.51 1.45 1.40 1.34 1.29 1.23 1.18 1.13 1.08 1.03 0.99 0.94 0.90 0.85 0.81 0.77 0.74 0.70 0.67 0.64 0.61 0.58 0.56 0.53 0.51 0.50 0.48 0.47 0.46 0.46 0.45 0.45 0.46 0.47 0.48 0.50 0.53 0.56 0.59 0.63 0.66 0.69 0.72 0.75 0.78 0.80 0.82 0.84 0.85 0.87 0.87
0.00 0.00 0.00 0.00 0.00 0.00 0.00 0.02 0.06 0.13 0.23 0.36 0.51 0.70 0.91 1.15 1.41 1.67 1.89 2.07 2.22 2.34 2.42 2.46 2.47 2.44 2.38 2.31 2.24 2.17 2.10 2.03 1.96 1.89 1.82 1.75 1.69 1.62 1.56 1.50 1.43 1.37 1.31 1.25 1.20 1.14 1.09 1.04 0.99 0.94 0.89 0.85 0.81 0.77 0.73 0.70 0.66 0.63 0.61 0.58 0.56 0.54 0.53 0.51 0.51 0.51 0.51 0.52 0.53 0.55 0.58 0.61 0.64 0.67 0.70 0.72 0.75 0.77 0.79 0.81 0.83 0.85 0.86 0.87
0.00 0.00 0.00 0.00 0.00 0.00 0.02 0.06 0.13 0.23 0.35 0.50 0.68 0.89 1.13 1.39 1.68 1.95 2.19 2.40 2.58 2.72 2.82 2.89 2.92 2.92 2.87 2.80 2.72 2.63 2.55 2.47 2.39 2.31 2.23 2.15 2.07 1.99 1.91 1.84 1.76 1.69 1.62 1.55 1.48 1.41 1.35 1.28 1.22 1.16 1.10 1.05 0.99 0.94 0.89 0.85 0.80 0.76 0.72 0.69 0.65 0.62 0.60 0.58 0.56 0.55 0.55 0.55 0.56 0.57 0.59 0.62 0.65 0.68 0.70 0.73 0.75 0.77 0.79 0.81 0.82 0.84 0.85 0.86
0.00 0.00 0.00 0.00 0.00 0.02 0.06 0.13 0.22 0.34 0.49 0.67 0.87 1.10 1.36 1.65 1.95 2.25 2.51 2.74 2.94 3.10 3.23 3.32 3.38 3.40 3.38 3.32 3.24 3.14 3.04 2.95 2.85 2.76 2.66 2.57 2.48 2.39 2.30 2.21 2.12 2.03 1.95 1.86 1.78 1.70 1.62 1.55 1.47 1.40 1.33 1.26 1.19 1.13 1.07 1.01 0.95 0.90 0.84 0.80 0.75 0.71 0.68 0.65 0.62 0.60 0.59 0.59 0.59 0.60 0.61 0.64 0.66 0.69 0.71 0.73 0.75 0.76 0.78 0.80 0.81 0.82 0.83 0.84
0.00 0.00 0.00 0.00 0.02 0.06 0.12 0.22 0.34 0.48 0.65 0.85 1.08 1.33 1.61 1.92 2.24 2.56 2.84 3.10 3.31 3.50 3.65 3.76 3.84 3.88 3.89 3.86 3.79 3.68 3.57 3.46 3.35 3.24 3.13 3.02 2.92 2.81 2.70 2.60 2.50 2.40 2.30 2.20 2.10 2.01 1.92 1.82 1.74 1.65 1.56 1.48 1.40 1.32 1.25 1.17 1.10 1.03 0.97 0.91 0.85 0.80 0.76 0.72 0.68 0.66 0.64 0.63 0.62 0.62 0.64 0.66 0.68 0.69 0.71 0.73 0.75 0.76 0.78 0.79 0.80 0.81 0.82 0.83
0.00 0.00 0.00 0.02 0.06 0.12 0.21 0.33 0.47 0.64 0.84 1.06 1.30 1.58 1.88 2.20 2.55 2.88 3.19 3.46 3.70 3.90 4.07 4.21 4.31 4.37 4.40 4.39 4.34 4.25 4.14 4.01 3.88 3.76 3.63 3.51 3.38 3.26 3.14 3.02 2.90 2.79 2.67 2.56 2.44 2.33 2.23 2.12 2.01 1.91 1.81 1.71 1.62 1.52 1.43 1.34 1.26 1.17 1.10 1.02 0.96 0.89 0.84 0.79 0.75 0.71 0.69 0.67 0.66 0.65 0.66 0.67 0.69 0.70 0.72 0.73 0.75 0.76 0.77 0.78 0.79 0.80 0.80 0.81
0.00 0.00 0.02 0.05 0.12 0.21 0.32 0.46 0.63 0.82 1.03 1.27 1.54 1.83 2.15 2.50 2.86 3.21 3.53 3.82 4.08 4.31 4.50 4.65 4.77 4.86 4.91 4.92 4.89 4.83 4.72 4.59 4.45 4.30 4.16 4.02 3.88 3.74 3.60 3.46 3.33 3.20 3.06 2.93 2.80 2.68 2.55 2.43 2.31 2.19 2.07 1.95 1.84 1.73 1.62 1.52 1.42 1.32 1.23 1.14 1.06 0.99 0.92 0.87 0.81 0.77 0.74 0.71 0.69 0.68 0.68 0.69 0.70 0.72 0.73 0.74 0.74 0.75 0.76 0.77 0.78 0.78 0.79 0.79
0.00 0.02 0.05 0.11 0.20 0.31 0.45 0.61 0.80 1.01 1.25 1.51 1.79 2.10 2.44 2.80 3.18 3.55 3.89 4.20 4.47 4.71 4.92 5.10 5.24 5.34 5.41 5.44 5.44 5.39 5.31 5.19 5.04 4.88 4.72 4.56 4.40 4.24 4.08 3.93 3.78 3.62 3.47 3.32 3.18 3.03 2.89 2.75 2.61 2.47 2.34 2.20 2.07 1.95 1.82 1.70 1.58 1.47 1.36 1.27 1.17 1.09 1.01 0.95 0.88 0.83 0.79 0.75 0.73 0.72 0.71 0.71 0.72 0.73 0.73 0.74 0.74 0.75 0.75 0.76 0.76 0.77 0.77 0.77
0.01 0.05 0.11 0.20 0.31 0.44 0.60 0.78 0.99 1.22 1.47 1.75 2.06 2.38 2.74 3.11 3.51 3.89 4.25 4.57 4.86 5.12 5.35 5.54 5.70 5.82 5.91 5.96 5.97 5.95 5.89 5.79 5.65 5.48 5.30 5.12 4.94 4.77 4.59 4.42 4.24 4.07 3.90 3.73 3.57 3.40 3.24 3.08 2.92 2.77 2.61 2.46 2.31 2.17 2.02 1.88 1.75 1.62 1.51 1.39 1.29 1.19 1.11 1.03 0.96 0.90 0.84 0.80 0.77 0.75 0.74 0.74 0.74 0.74 0.74 0.74 0.74 0.74 0.75 0.75 0.75 0.75 0.75 0.75
