data_processed/recharge/precip/Precip_1988_08.asc
ncols        168
nrows        136
xllcorner    455000
yllcorner    2107000
cellsize     500
NODATA_value     -99999
[rows 99 to 131 of 136, columns 74 to 147 of 168]
106.80 107.27 107.76 108.24 108.68 109.06 109.36 109.58 109.70 109.71 109.61 109.38 109.01 108.50 107.81 106.94 105.91 104.75 103.48 102.12 100.69 99.14 97.24 95.02 92.52 89.79 86.88 83.84 80.74 77.69 74.78 72.05 69.54 67.31 65.39 63.83 62.66 61.94 61.55 61.33 61.23 61.23 61.33 61.51 61.76 62.08 62.46 62.90 63.42 63.99 64.64 65.35 66.15 67.19 68.57 70.27 72.23 74.40 76.74 79.20 81.72 84.27 86.81 89.34 91.84 94.24 96.49 98.54 100.32 101.78 102.76 103.24 103.28 102.92
108.14 108.70 109.27 109.83 110.33 110.76 111.12 111.39 111.56 111.62 111.57 111.38 111.06 110.59 109.96 109.15 108.16 107.01 105.73 104.34 102.86 101.22 99.22 96.86 94.18 91.24 88.09 84.80 81.49 78.24 75.11 72.15 69.38 66.86 64.64 62.75 61.24 60.15 59.53 59.26 59.15 59.18 59.31 59.54 59.87 60.27 60.74 61.28 61.90 62.59 63.36 64.22 65.32 66.79 68.58 70.64 72.93 75.40 77.99 80.67 83.37 86.05 88.67 91.20 93.64 95.95 98.09 99.99 101.61 102.87 103.66 103.98 103.87 103.40
109.34 110.00 110.66 111.27 111.83 112.32 112.73 113.04 113.26 113.37 113.36 113.22 112.94 112.51 111.92 111.16 110.21 109.09 107.80 106.39 104.86 103.15 101.05 98.54 95.70 92.56 89.20 85.74 82.29 78.88 75.57 72.40 69.40 66.64 64.14 61.96 60.14 58.72 57.74 57.25 57.12 57.18 57.36 57.66 58.06 58.56 59.14 59.79 60.53 61.34 62.26 63.44 64.98 66.86 69.03 71.43 74.02 76.76 79.58 82.44 85.30 88.10 90.79 93.33 95.70 97.89 99.88 101.60 103.00 104.03 104.59 104.71 104.42 103.80
110.40 111.15 111.87 112.54 113.15 113.69 114.15 114.51 114.78 114.93 114.96 114.86 114.62 114.23 113.67 112.95 112.04 110.94 109.66 108.23 106.66 104.89 102.68 100.05 97.05 93.73 90.26 86.71 83.16 79.62 76.16 72.82 69.63 66.65 63.92 61.48 59.38 57.65 56.35 55.52 55.19 55.25 55.49 55.87 56.37 56.97 57.67 58.45 59.31 60.29 61.53 63.15 65.12 67.39 69.91 72.63 75.50 78.47 81.49 84.52 87.50 90.39 93.14 95.69 98.00 100.05 101.85 103.35 104.51 105.26 105.56 105.43 104.94 104.13
111.29 112.11 112.88 113.60 114.26 114.85 115.35 115.76 116.07 116.26 116.33 116.27 116.07 115.71 115.19 114.50 113.62 112.55 111.28 109.84 108.24 106.40 104.11 101.35 98.21 94.84 91.33 87.74 84.11 80.48 76.91 73.43 70.08 66.92 63.99 61.32 58.97 56.98 55.39 54.24 53.59 53.46 53.73 54.20 54.80 55.53 56.35 57.27 58.30 59.61 61.31 63.37 65.74 68.37 71.21 74.22 77.34 80.52 83.72 86.88 89.97 92.92 95.69 98.23 100.49 102.42 104.01 105.26 106.13 106.57 106.57 106.16 105.42 104.45
111.96 112.83 113.65 114.42 115.13 115.76 116.31 116.76 117.11 117.34 117.45 117.42 117.25 116.93 116.44 115.77 114.92 113.88 112.63 111.18 109.55 107.66 105.29 102.44 99.29 95.94 92.43 88.83 85.16 81.48 77.82 74.24 70.77 67.46 64.35 61.50 58.93 56.70 54.86 53.44 52.48 52.04 52.15 52.67 53.39 54.25 55.21 56.30 57.68 59.45 61.60 64.07 66.81 69.78 72.92 76.18 79.53 82.90 86.24 89.52 92.68 95.67 98.43 100.94 103.12 104.94 106.34 107.31 107.86 107.96 107.61 106.90 105.94 104.87
112.36 113.28 114.15 114.97 115.72 116.39 116.98 117.47 117.86 118.13 118.27 118.28 118.14 117.85 117.38 116.75 115.92 114.90 113.68 112.23 110.58 108.65 106.22 103.41 100.34 97.05 93.59 90.00 86.33 82.62 78.91 75.26 71.70 68.28 65.04 62.02 59.28 56.85 54.78 53.11 51.89 51.16 50.97 51.34 52.15 53.15 54.29 55.73 57.59 59.82 62.39 65.24 68.33 71.61 75.02 78.52 82.06 85.59 89.06 92.42 95.62 98.62 101.36 103.79 105.88 107.55 108.78 109.50 109.71 109.42 108.70 107.72 106.62 105.43
112.46 113.43 114.34 115.20 116.00 116.71 117.34 117.87 118.29 118.59 118.77 118.81 118.70 118.43 118.00 117.38 116.58 115.58 114.38 112.95 111.30 109.35 107.01 104.34 101.38 98.19 94.80 91.26 87.62 83.92 80.21 76.52 72.90 69.40 66.06 62.92 60.03 57.43 55.17 53.29 51.84 50.85 50.38 50.47 51.14 52.28 53.78 55.71 58.03 60.70 63.66 66.87 70.28 73.84 77.50 81.21 84.91 88.58 92.14 95.56 98.78 101.76 104.45 106.79 108.74 110.26 111.28 111.76 111.65 110.97 109.93 108.76 107.49 106.15
112.16 113.17 114.13 115.02 115.86 116.61 117.27 117.83 118.28 118.62 118.82 118.89 118.81 118.56 118.15 117.56 116.77 115.79 114.60 113.19 111.54 109.63 107.45 104.95 102.15 99.08 95.80 92.35 88.78 85.12 81.42 77.73 74.08 70.53 67.12 63.90 60.89 58.16 55.74 53.69 52.03 50.82 50.11 49.93 50.32 51.40 53.33 55.75 58.54 61.63 64.99 68.55 72.27 76.11 80.00 83.91 87.79 91.58 95.23 98.70 101.94 104.90 107.52 109.77 111.58 112.92 113.73 113.97 113.58 112.64 111.40 110.02 108.57 107.05
111.28 112.32 113.31 114.24 115.10 115.88 116.57 117.16 117.64 118.00 118.22 118.31 118.24 118.01 117.61 117.03 116.26 115.29 114.11 112.69 110.97 109.00 106.90 104.58 101.96 99.05 95.91 92.57 89.09 85.50 81.85 78.18 74.54 70.98 67.53 64.24 61.15 58.31 55.77 53.56 51.73 50.33 49.40 48.98 49.08 49.84 51.79 54.68 57.97 61.54 65.33 69.29 73.38 77.54 81.72 85.88 89.96 93.93 97.72 101.29 104.59 107.57 110.18 112.37 114.10 115.31 115.96 116.00 115.44 114.40 113.04 111.48 109.82 108.11
109.85 110.92 111.94 112.89 113.78 114.58 115.29 115.89 116.39 116.76 116.99 117.09 117.03 116.81 116.42 115.84 115.08 114.10 112.91 111.41 109.60 107.55 105.39 103.15 100.71 97.99 95.02 91.82 88.46 84.97 81.40 77.79 74.18 70.63 67.16 63.84 60.70 57.79 55.14 52.81 50.85 49.28 48.16 47.51 47.33 47.77 49.45 52.41 56.19 60.29 64.57 68.99 73.50 78.04 82.56 87.03 91.38 95.58 99.56 103.29 106.71 109.77 112.43 114.63 116.33 117.47 118.01 117.94 117.31 116.20 114.77 113.10 111.25 109.34
107.99 109.07 110.10 111.07 111.97 112.78 113.50 114.11 114.61 114.99 115.23 115.33 115.27 115.05 114.66 114.08 113.31 112.31 111.02 109.41 107.50 105.37 103.14 100.85 98.50 95.98 93.19 90.17 86.96 83.60 80.13 76.60 73.06 69.54 66.10 62.77 59.61 56.64 53.93 51.51 49.43 47.73 46.45 45.60 45.16 45.29 46.70 49.47 53.38 57.99 62.83 67.76 72.74 77.72 82.65 87.48 92.16 96.65 100.89 104.83 108.42 111.63 114.38 116.65 118.38 119.51 120.00 119.87 119.18 118.02 116.53 114.79 112.84 110.74
105.95 106.86 107.89 108.86 109.77 110.58 111.30 111.92 112.42 112.79 113.03 113.12 113.05 112.82 112.42 111.83 111.02 109.92 108.49 106.77 104.77 102.56 100.26 97.91 95.51 93.08 90.50 87.68 84.65 81.44 78.11 74.69 71.24 67.79 64.40 61.09 57.93 54.95 52.19 49.71 47.54 45.75 44.35 43.33 42.65 42.51 43.68 46.25 50.04 54.84 60.21 65.72 71.23 76.71 82.10 87.35 92.42 97.25 101.80 106.01 109.85 113.25 116.16 118.55 120.36 121.50 121.95 121.78 121.05 119.84 118.30 116.51 114.50 112.31
104.02 104.54 105.40 106.36 107.26 108.07 108.78 109.39 109.88 110.24 110.47 110.54 110.46 110.21 109.79 109.16 108.23 106.97 105.41 103.57 101.49 99.21 96.84 94.42 91.97 89.50 87.02 84.41 81.58 78.56 75.39 72.12 68.79 65.44 62.12 58.87 55.73 52.76 49.99 47.48 45.29 43.46 41.96 40.78 39.90 39.51 40.46 42.86 46.54 51.29 56.90 62.97 69.08 75.11 81.02 86.75 92.26 97.50 102.42 106.96 111.09 114.74 117.88 120.44 122.32 123.44 123.86 123.65 122.88 121.64 120.06 118.23 116.18 113.94
102.30 102.39 102.87 103.66 104.53 105.33 106.03 106.62 107.09 107.43 107.64 107.69 107.59 107.31 106.84 106.07 104.97 103.56 101.86 99.91 97.74 95.39 92.96 90.49 87.98 85.46 82.95 80.45 77.84 75.03 72.05 68.95 65.76 62.54 59.32 56.16 53.08 50.15 47.41 44.94 42.78 40.93 39.37 38.06 36.99 36.39 37.13 39.40 42.98 47.69 53.33 59.69 66.39 73.04 79.52 85.80 91.81 97.51 102.85 107.78 112.26 116.23 119.63 122.33 124.20 125.30 125.70 125.47 124.68 123.41 121.80 119.94 117.85 115.57
100.81 100.52 100.59 101.00 101.69 102.46 103.13 103.70 104.14 104.46 104.63 104.66 104.52 104.19 103.56 102.60 101.32 99.76 97.93 95.88 93.62 91.21 88.72 86.19 83.63 81.07 78.51 75.98 73.48 70.90 68.15 65.24 62.23 59.16 56.08 53.02 50.04 47.18 44.55 42.19 40.11 38.27 36.66 35.25 34.02 33.22 33.80 35.94 39.46 44.15 49.83 56.30 63.35 70.61 77.73 84.60 91.17 97.39 103.22 108.60 113.48 117.81 121.40 124.11 125.98 127.07 127.46 127.21 126.40 125.12 123.49 121.61 119.50 117.19
99.61 98.95 98.63 98.64 98.97 99.55 100.19 100.72 101.13 101.40 101.54 101.52 101.32 100.82 99.98 98.82 97.37 95.66 93.71 91.55 89.22 86.74 84.20 81.61 79.01 76.40 73.80 71.24 68.72 66.26 63.73 61.06 58.25 55.37 52.44 49.53 46.67 43.99 41.56 39.35 37.36 35.55 33.92 32.43 31.08 30.10 30.54 32.59 36.07 40.77 46.51 53.09 60.32 67.99 75.75 83.27 90.46 97.26 103.63 109.51 114.85 119.43 123.06 125.77 127.64 128.73 129.11 128.86 128.05 126.76 125.12 123.23 121.10 118.78
98.72 97.72 97.04 96.68 96.61 96.83 97.28 97.76 98.13 98.36 98.45 98.36 97.97 97.24 96.19 94.84 93.22 91.36 89.29 87.03 84.61 82.08 79.48 76.85 74.20 71.55 68.92 66.32 63.77 61.30 58.90 56.46 53.89 51.22 48.49 45.75 43.14 40.74 38.53 36.50 34.62 32.88 31.25 29.71 28.25 27.13 27.45 29.43 32.89 37.63 43.46 50.18 57.60 65.52 73.74 81.93 89.79 97.23 104.20 110.63 116.27 120.91 124.55 127.28 129.15 130.25 130.65 130.40 129.60 128.30 126.67 124.77 122.65 120.32
98.18 96.87 95.86 95.15 94.71 94.55 94.64 94.93 95.24 95.41 95.42 95.13 94.49 93.53 92.26 90.72 88.94 86.94 84.75 82.39 79.90 77.31 74.67 71.99 69.29 66.61 63.94 61.31 58.74 56.24 53.84 51.53 49.21 46.78 44.28 41.86 39.60 37.51 35.56 33.72 31.99 30.33 28.73 27.17 25.63 24.39 24.61 26.56 30.03 34.83 40.77 47.65 55.28 63.47 72.02 80.72 89.28 97.41 105.02 111.82 117.54 122.20 125.87 128.62 130.51 131.63 132.04 131.82 131.02 129.74 128.12 126.23 124.11 121.79
98.02 96.43 95.11 94.08 93.30 92.78 92.49 92.43 92.55 92.63 92.42 91.86 90.97 89.77 88.30 86.57 84.63 82.49 80.18 77.73 75.17 72.52 69.83 67.11 64.38 61.66 58.96 56.30 53.71 51.19 48.78 46.47 44.29 42.13 40.01 38.02 36.16 34.40 32.73 31.12 29.55 28.01 26.46 24.90 23.30 21.96 22.12 24.05 27.56 32.45 38.52 45.60 53.47 61.95 70.84 79.95 89.07 97.90 105.94 112.83 118.59 123.28 126.99 129.77 131.70 132.84 133.28 133.08 132.31 131.06 129.46 127.59 125.48 123.17
98.29 96.43 94.84 93.51 92.42 91.57 90.93 90.50 90.24 89.97 89.46 88.63 87.49 86.06 84.38 82.48 80.37 78.09 75.67 73.13 70.50 67.81 65.07 62.31 59.54 56.79 54.06 51.38 48.77 46.24 43.81 41.50 39.34 37.47 35.85 34.34 32.90 31.50 30.13 28.77 27.40 25.99 24.53 22.99 21.36 19.96 20.07 22.01 25.58 30.58 36.82 44.11 52.24 61.04 70.30 79.83 89.40 98.53 106.66 113.60 119.40 124.14 127.89 130.71 132.68 133.87 134.35 134.18 133.45 132.22 130.65 128.81 126.74 124.45
99.02 96.93 95.09 93.48 92.11 90.94 89.99 89.18 88.40 87.55 86.64 85.52 84.13 82.48 80.60 78.51 76.25 73.84 71.31 68.68 65.99 63.25 60.47 57.68 54.88 52.09 49.34 46.64 44.01 41.46 39.02 36.73 34.74 33.16 31.94 30.91 29.91 28.90 27.86 26.78 25.62 24.38 23.02 21.54 19.90 18.45 18.55 20.52 24.17 29.31 35.74 43.27 51.70 60.84 70.49 80.43 90.15 99.10 107.12 114.10 119.96 124.76 128.56 131.44 133.46 134.69 135.22 135.10 134.41 133.23 131.70 129.90 127.86 125.60
100.24 97.94 95.88 94.03 92.39 90.95 89.66 88.37 87.00 85.58 84.13 82.64 80.99 79.12 77.04 74.78 72.36 69.82 67.18 64.47 61.71 58.93 56.12 53.29 50.46 47.65 44.88 42.16 39.52 36.96 34.54 32.43 30.74 29.44 28.49 27.83 27.28 26.68 26.00 25.22 24.31 23.25 22.03 20.62 19.00 17.53 17.64 19.68 23.44 28.74 35.39 43.18 51.92 61.43 71.47 81.49 90.91 99.58 107.42 114.34 120.26 125.12 128.98 131.92 134.00 135.29 135.88 135.81 135.18 134.05 132.57 130.82 128.82 126.61
102.00 99.52 97.25 95.19 93.31 91.58 89.84 88.00 86.09 84.12 82.14 80.15 78.17 76.07 73.79 71.36 68.79 66.12 63.38 60.59 57.77 54.95 52.10 49.24 46.39 43.56 40.77 38.03 35.38 32.84 30.62 28.83 27.46 26.45 25.76 25.34 25.13 24.95 24.65 24.19 23.55 22.71 21.64 20.33 18.76 17.30 17.44 19.56 23.46 28.95 35.84 43.92 53.01 62.87 72.93 82.56 91.59 99.95 107.57 114.36 120.27 125.19 129.13 132.14 134.29 135.66 136.31 136.31 135.74 134.68 133.26 131.56 129.62 127.47
104.33 101.69 99.25 96.99 94.87 92.72 90.46 88.11 85.68 83.22 80.74 78.27 75.83 73.42 70.94 68.34 65.63 62.83 59.99 57.12 54.25 51.39 48.51 45.63 42.75 39.90 37.09 34.35 31.71 29.39 27.52 26.08 25.02 24.29 23.86 23.66 23.67 23.80 23.89 23.78 23.43 22.83 21.95 20.77 19.27 17.84 18.04 20.27 24.34 30.04 37.19 45.59 55.00 64.82 74.38 83.51 92.13 100.16 107.53 114.18 120.02 124.98 128.99 132.08 134.32 135.76 136.49 136.57 136.07 135.08 133.73 132.11 130.23 128.14
107.26 104.49 101.90 99.44 96.94 94.30 91.56 88.73 85.83 82.90 79.97 77.04 74.16 71.34 68.59 65.81 62.95 60.04 57.10 54.15 51.23 48.34 45.43 42.52 39.63 36.76 33.94 31.22 28.81 26.87 25.38 24.28 23.54 23.10 22.92 22.95 23.15 23.46 23.83 24.08 24.05 23.72 23.04 22.02 20.61 19.24 19.53 21.89 26.15 32.09 39.53 48.23 57.54 66.76 75.71 84.31 92.49 100.17 107.28 113.75 119.50 124.46 128.55 131.73 134.06 135.59 136.40 136.57 136.16 135.25 133.99 132.44 130.64 128.62
110.83 107.96 105.21 102.40 99.44 96.36 93.16 89.89 86.57 83.21 79.85 76.51 73.22 70.01 66.89 63.87 60.86 57.83 54.79 51.78 48.81 45.88 42.96 40.02 37.11 34.23 31.44 28.96 26.96 25.43 24.31 23.56 23.13 22.98 23.05 23.31 23.70 24.18 24.70 25.20 25.50 25.45 25.01 24.16 22.88 21.59 21.99 24.52 28.99 35.19 42.90 51.43 60.04 68.54 76.86 84.91 92.63 99.94 106.77 113.04 118.67 123.61 127.76 131.06 133.49 135.12 136.04 136.30 135.98 135.17 133.99 132.53 130.82 128.88
115.08 112.09 109.03 105.80 102.42 98.92 95.32 91.64 87.92 84.17 80.43 76.72 73.06 69.48 66.00 62.66 59.45 56.30 53.17 50.08 47.07 44.11 41.16 38.22 35.29 32.43 29.90 27.86 26.30 25.17 24.43 24.02 23.91 24.04 24.37 24.85 25.44 26.08 26.74 27.36 27.88 28.13 27.95 27.30 26.17 24.98 25.52 28.24 32.94 39.39 46.87 54.60 62.38 70.14 77.79 85.27 92.51 99.42 105.94 111.99 117.50 122.38 126.58 130.00 132.59 134.35 135.37 135.73 135.52 134.81 133.74 132.37 130.76 128.91
120.00 116.74 113.28 109.66 105.90 102.02 98.05 94.01 89.93 85.83 81.74 77.69 73.70 69.80 66.00 62.35 58.85 55.52 52.30 49.15 46.09 43.12 40.15 37.19 34.29 31.71 29.64 28.07 26.94 26.22 25.85 25.79 25.99 26.41 26.99 27.70 28.48 29.29 30.08 30.80 31.41 31.85 31.94 31.52 30.56 29.51 30.21 33.14 38.06 44.22 50.79 57.58 64.51 71.49 78.47 85.36 92.09 98.59 104.77 110.58 115.93 120.74 124.95 128.49 131.26 133.22 134.37 134.86 134.76 134.16 133.20 131.95 130.43 128.64
125.44 121.82 118.00 114.03 109.92 105.70 101.39 97.02 92.62 88.21 83.82 79.47 75.18 70.99 66.92 62.99 59.23 55.66 52.29 49.08 45.98 42.98 40.00 37.07 34.45 32.37 30.80 29.69 29.00 28.69 28.69 28.98 29.49 30.19 31.03 31.96 32.94 33.91 34.83 35.66 36.35 36.85 37.09 36.92 36.15 35.26 36.15 39.26 43.83 48.98 54.50 60.33 66.38 72.57 78.85 85.12 91.32 97.38 103.21 108.75 113.92 118.65 122.85 126.47 129.41 131.62 133.02 133.66 133.68 133.21 132.36 131.23 129.78 127.98
131.31 127.36 123.22 118.93 114.51 109.99 105.38 100.73 96.04 91.36 86.70 82.08 77.54 73.10 68.78 64.62 60.63 56.84 53.27 49.95 46.81 43.79 40.84 38.21 36.13 34.57 33.50 32.85 32.60 32.69 33.07 33.70 34.53 35.51 36.61 37.76 38.93 40.07 41.13 42.06 42.82 43.36 43.64 43.59 43.03 42.32 43.36 46.06 49.52 53.51 57.96 62.80 67.95 73.34 78.88 84.52 90.17 95.77 101.22 106.47 111.44 116.05 120.23 123.90 127.00 129.44 131.15 132.07 132.27 131.92 131.21 130.15 128.69 126.87
137.64 133.40 128.97 124.40 119.71 114.92 110.06 105.15 100.23 95.30 90.41 85.57 80.81 76.16 71.64 67.27 63.09 59.12 55.37 51.89 48.68 45.69 43.06 40.98 39.45 38.42 37.84 37.66 37.85 38.34 39.09 40.07 41.21 42.48 43.83 45.21 46.57 47.87 49.06 50.10 50.94 51.52 51.81 51.76 51.30 50.72 51.29 52.78 54.97 57.78 61.13 64.96 69.19 73.74 78.54 83.52 88.59 93.70 98.76 103.70 108.44 112.91 117.04 120.76 123.98 126.63 128.64 129.94 130.46 130.29 129.66 128.60 127.12 125.29
144.47 139.97 135.30 130.49 125.57 120.56 115.48 110.36 105.23 100.10 95.02 90.00 85.06 80.24 75.55 71.03 66.70 62.58 58.70 55.08 52.07 50.16 48.16 46.61 45.58 45.01 44.87 45.10 45.65 46.49 47.56 48.82 50.22 51.71 53.26 54.80 56.30 57.70 58.97 60.05 60.90 61.47 61.71 61.58 61.02 60.03 59.34 59.45 60.34 61.93 64.17 66.96 70.24 73.93 77.96 82.25 86.73 91.32 95.95 100.56 105.05 109.36 113.41 117.14 120.45 123.29 125.58 127.24 128.19 128.32 127.72 126.64 125.15 123.31
