data_processed/recharge/precip/Precip_2000_05.asc
ncols        168
nrows        136
xllcorner    455000
yllcorner    2107000
cellsize     500
NODATA_value     -99999
[rows 0 to 32 of 136, columns 0 to 72 of 168]
226.03 226.76 227.12 227.12 226.80 226.17 225.26 224.08 222.66 221.03 219.20 217.19 215.04 212.75 210.36 207.88 205.34 202.76 200.17 197.57 195.01 192.49 190.04 187.69 185.42 183.11 180.65 178.08 175.42 172.69 169.92 167.13 164.35 161.60 158.90 156.28 153.76 151.38 149.14 147.08 145.23 143.60 142.22 141.11 140.30 139.82 139.69 139.92 140.56 141.61 143.10 144.93 146.97 149.20 151.59 154.12 156.75 159.44 162.17 164.90 167.60 170.23 172.76 175.17 177.41 179.45 181.26 182.81 184.06 184.99 185.55 185.71 185.45
225.59 226.45 226.92 227.03 226.81 226.27 225.44 224.34 222.99 221.41 219.64 217.67 215.55 213.30 210.92 208.46 205.92 203.34 200.73 198.11 195.52 192.96 190.47 188.03 185.59 183.05 180.37 177.58 174.73 171.83 168.91 166.00 163.11 160.28 157.53 154.88 152.36 149.99 147.79 145.80 144.03 142.50 141.26 140.31 139.68 139.40 139.49 139.97 140.88 142.22 143.91 145.81 147.85 150.05 152.42 154.94 157.57 160.27 163.03 165.80 168.55 171.25 173.86 176.36 178.70 180.87 182.81 184.50 185.91 187.01 187.75 188.12 188.06
225.19 226.16 226.75 226.98 226.86 226.42 225.67 224.65 223.37 221.86 220.13 218.22 216.13 213.91 211.55 209.10 206.57 203.99 201.37 198.73 196.11 193.52 190.96 188.35 185.70 182.97 180.10 177.13 174.10 171.05 168.00 164.98 162.01 159.12 156.33 153.67 151.16 148.82 146.68 144.77 143.10 141.70 140.61 139.83 139.40 139.34 139.67 140.42 141.61 143.14 144.91 146.86 148.94 151.13 153.47 155.96 158.58 161.29 164.06 166.85 169.65 172.40 175.08 177.65 180.09 182.36 184.42 186.24 187.80 189.05 189.97 190.51 190.66
224.82 225.90 226.61 226.95 226.93 226.59 225.93 224.99 223.78 222.34 220.67 218.80 216.76 214.57 212.24 209.81 207.28 204.70 202.07 199.42 196.78 194.12 191.40 188.59 185.75 182.85 179.83 176.71 173.53 170.35 167.19 164.08 161.05 158.12 155.31 152.65 150.17 147.88 145.82 144.00 142.45 141.20 140.27 139.68 139.47 139.64 140.24 141.26 142.64 144.26 146.07 148.05 150.17 152.39 154.72 157.17 159.76 162.46 165.23 168.04 170.86 173.65 176.38 179.02 181.54 183.90 186.06 188.01 189.69 191.09 192.16 192.88 193.21
224.51 225.67 226.47 226.93 227.02 226.77 226.21 225.35 224.22 222.84 221.24 219.42 217.42 215.27 212.97 210.55 208.04 205.46 202.83 200.17 197.47 194.67 191.75 188.76 185.75 182.70 179.55 176.31 173.03 169.74 166.48 163.30 160.22 157.27 154.46 151.83 149.39 147.17 145.20 143.50 142.09 141.00 140.26 139.88 139.89 140.32 141.19 142.41 143.86 145.52 147.37 149.38 151.52 153.75 156.09 158.54 161.09 163.76 166.52 169.33 172.16 174.98 177.75 180.44 183.02 185.46 187.72 189.77 191.57 193.10 194.31 195.19 195.68
224.24 225.47 226.36 226.90 227.10 226.96 226.50 225.73 224.67 223.37 221.82 220.06 218.11 215.99 213.72 211.33 208.84 206.26 203.63 200.93 198.09 195.09 192.00 188.85 185.70 182.52 179.26 175.93 172.57 169.21 165.89 162.66 159.55 156.59 153.80 151.20 148.83 146.69 144.83 143.27 142.01 141.11 140.56 140.41 140.68 141.37 142.43 143.72 145.23 146.93 148.80 150.83 152.98 155.22 157.57 160.01 162.54 165.17 167.90 170.70 173.53 176.36 179.16 181.89 184.52 187.02 189.36 191.50 193.41 195.05 196.40 197.41 198.04
224.00 225.30 226.26 226.88 227.18 227.14 226.77 226.09 225.12 223.89 222.41 220.71 218.81 216.73 214.50 212.13 209.65 207.09 204.42 201.59 198.56 195.40 192.16 188.87 185.60 182.32 178.96 175.56 172.14 168.75 165.40 162.15 159.03 156.07 153.32 150.78 148.49 146.46 144.73 143.31 142.24 141.53 141.20 141.30 141.82 142.70 143.84 145.18 146.73 148.46 150.35 152.38 154.53 156.77 159.11 161.54 164.06 166.66 169.35 172.12 174.94 177.77 180.58 183.34 186.01 188.56 190.96 193.18 195.18 196.93 198.39 199.51 200.16
223.78 225.13 226.16 226.87 227.24 227.30 227.03 226.44 225.56 224.40 222.99 221.35 219.50 217.47 215.27 212.93 210.48 207.89 205.10 202.09 198.91 195.60 192.22 188.83 185.45 182.08 178.66 175.21 171.76 168.35 165.01 161.76 158.66 155.74 153.03 150.57 148.38 146.48 144.89 143.64 142.76 142.26 142.18 142.53 143.23 144.20 145.38 146.77 148.35 150.09 151.99 154.02 156.16 158.39 160.71 163.12 165.62 168.19 170.85 173.58 176.37 179.18 181.99 184.76 187.46 190.05 192.50 194.78 196.86 198.69 200.23 201.36 202.00
223.56 224.98 226.07 226.84 227.29 227.43 227.25 226.76 225.96 224.89 223.55 221.97 220.18 218.19 216.04 213.73 211.26 208.56 205.60 202.43 199.11 195.68 192.20 188.71 185.26 181.83 178.37 174.89 171.43 168.02 164.70 161.50 158.45 155.58 152.95 150.58 148.50 146.74 145.32 144.26 143.58 143.32 143.49 144.02 144.81 145.82 147.05 148.47 150.06 151.82 153.71 155.73 157.85 160.05 162.35 164.73 167.20 169.74 172.35 175.04 177.79 180.57 183.37 186.14 188.84 191.46 193.95 196.28 198.42 200.31 201.84 202.93 203.56
223.35 224.81 225.96 226.80 227.32 227.53 227.44 227.04 226.33 225.33 224.07 222.56 220.83 218.89 216.78 214.47 211.89 209.03 205.92 202.63 199.19 195.66 192.09 188.53 185.03 181.56 178.07 174.59 171.14 167.77 164.49 161.35 158.38 155.60 153.07 150.81 148.87 147.26 146.02 145.16 144.72 144.70 145.04 145.66 146.50 147.56 148.82 150.26 151.86 153.61 155.50 157.49 159.58 161.76 164.02 166.36 168.78 171.28 173.84 176.47 179.17 181.92 184.68 187.44 190.14 192.77 195.28 197.65 199.82 201.67 203.15 204.22 204.81
223.12 224.63 225.83 226.73 227.31 227.60 227.58 227.26 226.64 225.73 224.55 223.11 221.44 219.55 217.45 215.04 212.31 209.30 206.07 202.67 199.13 195.53 191.89 188.29 184.75 181.27 177.78 174.32 170.90 167.58 164.37 161.32 158.44 155.79 153.38 151.27 149.48 148.05 147.00 146.37 146.16 146.32 146.75 147.42 148.30 149.40 150.68 152.13 153.73 155.47 157.33 159.29 161.34 163.48 165.70 167.99 170.36 172.80 175.30 177.87 180.50 183.19 185.91 188.64 191.33 193.95 196.48 198.84 200.96 202.75 204.18 205.19 205.76
222.86 224.42 225.67 226.62 227.26 227.61 227.66 227.42 226.89 226.07 224.96 223.59 221.99 220.13 217.93 215.37 212.51 209.38 206.05 202.56 198.95 195.29 191.62 187.98 184.44 180.96 177.50 174.07 170.72 167.47 164.35 161.40 158.65 156.14 153.89 151.94 150.33 149.10 148.27 147.87 147.83 148.08 148.56 149.28 150.20 151.32 152.61 154.06 155.66 157.38 159.20 161.12 163.12 165.21 167.37 169.60 171.91 174.28 176.72 179.22 181.77 184.38 187.03 189.71 192.37 194.98 197.48 199.78 201.81 203.53 204.89 205.85 206.38
222.58 224.17 225.46 226.46 227.16 227.57 227.68 227.52 227.06 226.32 225.30 224.01 222.44 220.49 218.15 215.47 212.49 209.27 205.86 202.30 198.65 194.95 191.26 187.62 184.09 180.64 177.23 173.86 170.59 167.43 164.43 161.61 159.01 156.66 154.59 152.84 151.44 150.42 149.82 149.59 149.64 149.94 150.48 151.23 152.18 153.31 154.60 156.05 157.62 159.31 161.09 162.96 164.90 166.92 169.02 171.18 173.42 175.72 178.07 180.49 182.96 185.47 188.04 190.64 193.26 195.82 198.23 200.42 202.36 203.99 205.28 206.19 206.67
222.25 223.87 225.20 226.23 226.98 227.45 227.63 227.53 227.15 226.49 225.55 224.31 222.65 220.58 218.12 215.33 212.26 208.97 205.50 201.90 198.22 194.51 190.82 187.21 183.71 180.31 176.96 173.69 170.51 167.47 164.61 161.94 159.51 157.34 155.48 153.95 152.78 152.00 151.58 151.44 151.55 151.90 152.47 153.25 154.21 155.35 156.64 158.06 159.60 161.25 162.98 164.78 166.66 168.61 170.63 172.72 174.87 177.08 179.35 181.67 184.05 186.46 188.92 191.42 193.94 196.38 198.67 200.75 202.59 204.14 205.35 206.19 206.61
221.86 223.51 224.87 225.94 226.74 227.25 227.49 227.45 227.13 226.55 225.66 224.34 222.58 220.38 217.83 214.96 211.83 208.48 204.97 201.35 197.67 193.97 190.31 186.74 183.30 179.97 176.72 173.55 170.50 167.60 164.89 162.40 160.16 158.20 156.56 155.27 154.35 153.78 153.46 153.38 153.54 153.93 154.53 155.33 156.30 157.43 158.70 160.09 161.60 163.19 164.86 166.59 168.39 170.26 172.19 174.19 176.25 178.37 180.54 182.76 185.02 187.33 189.68 192.05 194.38 196.65 198.80 200.77 202.50 203.95 205.08 205.85 206.21
221.41 223.07 224.46 225.57 226.40 226.96 227.24 227.26 227.01 226.46 225.48 224.05 222.19 219.92 217.29 214.36 211.18 207.81 204.29 200.67 197.00 193.34 189.73 186.22 182.86 179.63 176.49 173.45 170.54 167.81 165.28 162.98 160.96 159.23 157.84 156.80 156.09 155.64 155.41 155.40 155.61 156.03 156.65 157.45 158.41 159.52 160.77 162.12 163.58 165.11 166.71 168.36 170.07 171.84 173.68 175.59 177.54 179.55 181.62 183.72 185.87 188.06 190.27 192.46 194.59 196.65 198.62 200.45 202.07 203.42 204.46 205.15 205.44
220.88 222.56 223.97 225.10 225.97 226.56 226.90 226.96 226.73 226.08 224.97 223.43 221.48 219.16 216.49 213.53 210.33 206.95 203.44 199.85 196.22 192.61 189.07 185.65 182.39 179.28 176.27 173.39 170.65 168.10 165.78 163.70 161.91 160.44 159.31 158.49 157.91 157.55 157.41 157.47 157.72 158.17 158.79 159.59 160.54 161.63 162.83 164.14 165.54 167.00 168.51 170.07 171.68 173.36 175.09 176.89 178.73 180.63 182.57 184.55 186.58 188.63 190.65 192.63 194.55 196.40 198.16 199.81 201.30 202.54 203.48 204.08 204.30
220.26 221.95 223.38 224.53 225.43 226.06 226.43 226.50 226.16 225.36 224.12 222.48 220.47 218.11 215.43 212.47 209.28 205.92 202.44 198.89 195.32 191.79 188.35 185.04 181.90 178.94 176.08 173.37 170.83 168.49 166.38 164.55 163.02 161.81 160.91 160.23 159.77 159.51 159.44 159.56 159.86 160.33 160.96 161.74 162.67 163.72 164.88 166.13 167.45 168.84 170.26 171.71 173.21 174.78 176.40 178.08 179.80 181.57 183.38 185.24 187.11 188.98 190.80 192.57 194.28 195.91 197.44 198.87 200.17 201.29 202.12 202.63 202.77
219.55 221.24 222.68 223.85 224.76 225.42 225.79 225.74 225.23 224.29 222.94 221.22 219.15 216.76 214.10 211.17 208.02 204.70 201.28 197.80 194.32 190.89 187.56 184.38 181.39 178.59 175.92 173.40 171.07 168.96 167.11 165.54 164.28 163.31 162.55 162.01 161.65 161.48 161.49 161.67 162.01 162.49 163.12 163.89 164.78 165.79 166.89 168.07 169.32 170.61 171.93 173.27 174.65 176.10 177.60 179.14 180.73 182.37 184.05 185.75 187.44 189.10 190.72 192.28 193.77 195.17 196.48 197.67 198.75 199.68 200.39 200.80 200.84
218.73 220.42 221.86 223.04 223.97 224.62 224.85 224.61 223.95 222.87 221.43 219.63 217.53 215.13 212.48 209.61 206.54 203.31 199.96 196.58 193.21 189.90 186.71 183.68 180.87 178.25 175.78 173.48 171.39 169.53 167.94 166.65 165.64 164.83 164.22 163.79 163.54 163.46 163.54 163.77 164.14 164.64 165.27 166.01 166.86 167.81 168.85 169.95 171.11 172.30 173.50 174.72 175.98 177.30 178.66 180.07 181.52 183.01 184.53 186.04 187.54 188.99 190.40 191.75 193.01 194.19 195.27 196.23 197.06 197.75 198.28 198.57 198.52
217.79 219.47 220.91 222.10 223.00 223.49 223.52 223.12 222.31 221.12 219.59 217.74 215.61 213.22 210.61 207.80 204.82 201.71 198.49 195.23 191.99 188.83 185.79 182.94 180.32 177.91 175.67 173.61 171.78 170.19 168.89 167.85 167.01 166.36 165.88 165.57 165.42 165.42 165.56 165.84 166.24 166.75 167.37 168.09 168.89 169.78 170.74 171.75 172.81 173.89 174.98 176.06 177.18 178.36 179.57 180.83 182.13 183.46 184.80 186.12 187.41 188.66 189.85 190.97 192.02 192.97 193.81 194.53 195.12 195.56 195.84 195.94 195.77
216.71 218.39 219.82 220.97 221.71 221.98 221.82 221.26 220.32 219.03 217.43 215.54 213.40 211.03 208.46 205.73 202.87 199.89 196.84 193.75 190.66 187.67 184.82 182.17 179.76 177.58 175.59 173.79 172.24 170.95 169.91 169.06 168.38 167.88 167.53 167.33 167.28 167.35 167.55 167.86 168.28 168.80 169.41 170.09 170.85 171.67 172.55 173.46 174.41 175.37 176.32 177.27 178.24 179.26 180.33 181.43 182.57 183.71 184.85 185.96 187.05 188.08 189.06 189.96 190.78 191.50 192.10 192.58 192.92 193.10 193.13 192.97 192.61
215.50 217.16 218.54 219.51 220.02 220.09 219.75 219.04 217.99 216.62 214.96 213.04 210.90 208.57 206.06 203.43 200.68 197.86 194.99 192.10 189.23 186.44 183.79 181.36 179.19 177.27 175.54 174.03 172.78 171.75 170.91 170.24 169.73 169.36 169.14 169.05 169.08 169.22 169.48 169.82 170.26 170.78 171.37 172.02 172.72 173.47 174.25 175.07 175.89 176.72 177.53 178.33 179.14 180.00 180.90 181.84 182.79 183.74 184.67 185.58 186.46 187.28 188.03 188.71 189.30 189.78 190.14 190.37 190.46 190.39 190.15 189.73 189.11
214.14 215.74 216.92 217.64 217.93 217.81 217.32 216.47 215.32 213.87 212.17 210.25 208.12 205.84 203.41 200.88 198.27 195.61 192.94 190.28 187.66 185.12 182.71 180.53 178.61 176.96 175.53 174.33 173.34 172.54 171.89 171.39 171.03 170.80 170.69 170.70 170.81 171.03 171.32 171.70 172.15 172.66 173.23 173.84 174.48 175.15 175.84 176.54 177.24 177.93 178.59 179.22 179.87 180.56 181.29 182.03 182.79 183.54 184.27 184.98 185.64 186.24 186.77 187.22 187.57 187.81 187.93 187.91 187.74 187.42 186.91 186.22 185.32
212.58 213.96 214.88 215.37 215.45 215.16 214.51 213.56 212.31 210.81 209.08 207.16 205.07 202.84 200.51 198.09 195.64 193.16 190.70 188.28 185.93 183.68 181.57 179.66 178.03 176.68 175.55 174.63 173.88 173.27 172.81 172.47 172.26 172.16 172.17 172.27 172.47 172.74 173.08 173.48 173.94 174.44 174.97 175.53 176.11 176.70 177.29 177.88 178.44 178.98 179.48 179.94 180.41 180.92 181.46 182.01 182.57 183.12 183.65 184.14 184.58 184.96 185.26 185.48 185.59 185.59 185.46 185.19 184.77 184.18 183.40 182.44 181.26
210.65 211.76 212.43 212.70 212.59 212.13 211.36 210.30 208.98 207.43 205.69 203.78 201.74 199.59 197.36 195.08 192.79 190.50 188.27 186.10 184.03 182.10 180.33 178.76 177.44 176.40 175.57 174.89 174.35 173.94 173.65 173.48 173.41 173.44 173.56 173.75 174.02 174.34 174.72 175.14 175.60 176.08 176.58 177.09 177.60 178.10 178.59 179.05 179.47 179.85 180.18 180.46 180.74 181.07 181.42 181.78 182.14 182.48 182.80 183.07 183.29 183.45 183.52 183.50 183.37 183.13 182.75 182.22 181.53 180.67 179.63 178.39 176.93
208.30 209.14 209.57 209.63 209.34 208.74 207.85 206.70 205.32 203.75 202.01 200.13 198.14 196.08 193.97 191.84 189.73 187.66 185.66 183.76 181.99 180.38 178.97 177.78 176.83 176.10 175.52 175.07 174.73 174.52 174.41 174.39 174.46 174.61 174.83 175.11 175.44 175.81 176.22 176.66 177.11 177.58 178.04 178.49 178.93 179.34 179.71 180.04 180.32 180.53 180.68 180.76 180.86 181.00 181.15 181.32 181.47 181.61 181.71 181.77 181.77 181.69 181.53 181.27 180.90 180.41 179.77 178.99 178.04 176.91 175.59 174.07 172.33
205.55 206.14 206.35 206.21 205.76 205.02 204.03 202.81 201.39 199.80 198.07 196.24 194.33 192.37 190.40 188.43 186.51 184.66 182.91 181.30 179.84 178.58 177.54 176.74 176.13 175.64 175.30 175.07 174.95 174.92 174.98 175.12 175.33 175.60 175.92 176.28 176.68 177.10 177.54 177.99 178.44 178.88 179.30 179.69 180.05 180.37 180.63 180.83 180.96 181.01 180.95 180.76 180.64 180.60 180.57 180.54 180.50 180.43 180.33 180.18 179.96 179.66 179.28 178.78 178.18 177.44 176.56 175.52 174.31 172.92 171.34 169.54 167.52
202.45 202.80 202.81 202.50 201.90 201.04 199.96 198.68 197.23 195.64 193.95 192.18 190.36 188.52 186.69 184.91 183.20 181.58 180.10 178.79 177.66 176.75 176.09 175.62 175.24 174.97 174.84 174.84 174.92 175.09 175.32 175.62 175.96 176.35 176.77 177.22 177.69 178.16 178.63 179.09 179.54 179.96 180.34 180.67 180.96 181.18 181.33 181.40 181.39 181.25 180.92 180.44 180.04 179.78 179.58 179.37 179.15 178.90 178.61 178.26 177.84 177.34 176.74 176.03 175.20 174.24 173.13 171.85 170.40 168.77 166.93 164.87 162.60
199.12 199.17 198.98 198.51 197.78 196.82 195.67 194.34 192.88 191.31 189.66 187.97 186.25 184.55 182.89 181.30 179.81 178.45 177.26 176.25 175.47 174.93 174.58 174.34 174.17 174.09 174.16 174.35 174.65 175.01 175.42 175.87 176.35 176.86 177.39 177.93 178.46 178.98 179.49 179.97 180.41 180.81 181.15 181.43 181.64 181.77 181.82 181.76 181.57 181.19 180.59 179.85 179.16 178.61 178.20 177.84 177.45 177.03 176.56 176.03 175.43 174.74 173.94 173.04 172.00 170.83 169.50 168.00 166.33 164.46 162.39 160.09 157.57
195.68 195.35 194.91 194.29 193.44 192.40 191.18 189.83 188.37 186.83 185.25 183.64 182.05 180.50 179.02 177.64 176.39 175.30 174.40 173.73 173.30 173.06 172.94 172.89 172.92 173.04 173.28 173.65 174.13 174.67 175.26 175.87 176.50 177.13 177.77 178.39 178.99 179.57 180.11 180.61 181.05 181.43 181.73 181.96 182.10 182.14 182.08 181.87 181.45 180.81 179.98 179.00 178.05 177.21 176.51 175.95 175.41 174.84 174.21 173.52 172.75 171.88 170.91 169.82 168.59 167.23 165.70 164.00 162.11 160.03 157.74 155.22 152.46
192.17 191.47 190.69 189.86 188.91 187.79 186.54 185.17 183.73 182.24 180.73 179.23 177.78 176.39 175.11 173.95 172.96 172.16 171.57 171.24 171.10 171.08 171.16 171.30 171.52 171.81 172.23 172.76 173.38 174.09 174.85 175.63 176.40 177.16 177.90 178.61 179.29 179.92 180.49 181.01 181.45 181.81 182.09 182.26 182.33 182.28 182.08 181.66 181.01 180.15 179.10 177.92 176.75 175.65 174.65 173.79 173.06 172.35 171.58 170.74 169.81 168.79 167.66 166.40 165.00 163.45 161.74 159.86 157.78 155.50 153.00 150.27 147.32
188.59 187.57 186.46 185.34 184.22 183.04 181.76 180.40 178.99 177.56 176.15 174.77 173.47 172.26 171.19 170.27 169.55 169.05 168.79 168.74 168.81 168.99 169.25 169.58 169.97 170.43 171.00 171.68 172.45 173.30 174.20 175.13 176.04 176.93 177.78 178.59 179.34 180.02 180.64 181.17 181.62 181.96 182.20 182.33 182.33 182.17 181.77 181.13 180.27 179.21 177.99 176.64 175.26 173.93 172.67 171.51 170.49 169.59 168.69 167.71 166.65 165.49 164.21 162.79 161.24 159.53 157.65 155.60 153.34 150.88 148.19 145.29 142.25
