data_processed/recharge/precip/Precip_2000_06.asc
ncols        168
nrows        136
xllcorner    455000
yllcorner    2107000
cellsize     500
NODATA_value     -99999
[rows 64 to 95 of 136, columns 0 to 71 of 168]
83.40 89.26 95.45 101.60 107.24 112.31 116.84 120.86 124.41 127.52 130.21 132.53 134.49 136.14 137.50 138.60 139.48 140.17 140.70 141.10 141.40 141.63 141.83 142.03 142.25 142.54 142.89 143.30 143.76 144.28 144.84 145.45 146.10 146.79 147.51 148.26 149.04 149.85 150.68 151.52 152.39 153.26 154.14 155.03 155.92 156.81 157.69 158.56 159.42 160.20 160.83 161.32 161.67 161.88 161.96 161.90 161.71 161.40 160.96 160.40 159.72 158.93 158.02 157.01 155.88 154.66 153.33 151.89 150.33 148.65 146.85 144.93
87.51 92.39 97.61 103.17 108.71 113.76 118.27 122.28 125.82 128.91 131.60 133.90 135.86 137.50 138.85 139.95 140.83 141.51 142.04 142.44 142.74 142.98 143.18 143.38 143.61 143.90 144.26 144.68 145.14 145.66 146.23 146.84 147.49 148.17 148.89 149.64 150.41 151.21 152.03 152.87 153.72 154.58 155.45 156.32 157.19 158.06 158.93 159.77 160.54 161.17 161.66 162.01 162.22 162.29 162.24 162.06 161.75 161.32 160.77 160.10 159.32 158.43 157.44 156.33 155.13 153.83 152.43 150.93 149.34 147.63 145.81 143.87
92.59 96.52 100.78 105.41 110.37 115.32 119.82 123.81 127.33 130.41 133.08 135.38 137.32 138.95 140.30 141.39 142.27 142.95 143.47 143.87 144.17 144.41 144.62 144.82 145.05 145.35 145.71 146.13 146.60 147.13 147.69 148.30 148.94 149.63 150.34 151.08 151.85 152.64 153.45 154.28 155.11 155.96 156.81 157.67 158.52 159.37 160.21 160.97 161.59 162.07 162.41 162.62 162.70 162.64 162.47 162.16 161.74 161.20 160.54 159.78 158.90 157.92 156.83 155.65 154.37 152.99 151.53 149.97 148.33 146.60 144.75 142.80
98.57 101.59 104.93 108.62 112.67 117.07 121.46 125.44 128.95 132.01 134.67 136.95 138.89 140.51 141.84 142.93 143.80 144.48 145.00 145.39 145.69 145.93 146.13 146.34 146.58 146.88 147.24 147.67 148.14 148.66 149.23 149.83 150.48 151.15 151.86 152.60 153.35 154.13 154.93 155.74 156.57 157.40 158.24 159.07 159.91 160.73 161.48 162.09 162.56 162.90 163.10 163.18 163.12 162.95 162.65 162.23 161.69 161.05 160.29 159.43 158.46 157.39 156.23 154.96 153.61 152.17 150.64 149.02 147.33 145.56 143.70 141.74
105.37 107.53 109.99 112.79 115.93 119.44 123.30 127.18 130.67 133.72 136.36 138.63 140.55 142.16 143.49 144.57 145.42 146.10 146.61 147.00 147.30 147.53 147.74 147.95 148.18 148.49 148.86 149.28 149.76 150.28 150.84 151.44 152.08 152.75 153.45 154.18 154.93 155.69 156.48 157.28 158.09 158.90 159.72 160.54 161.34 162.07 162.68 163.14 163.47 163.67 163.74 163.68 163.50 163.20 162.79 162.26 161.62 160.87 160.02 159.06 158.01 156.86 155.61 154.28 152.86 151.35 149.76 148.09 146.35 144.54 142.65 140.69
112.92 114.26 115.89 117.84 120.11 122.75 125.75 129.10 132.50 135.53 138.16 140.41 142.32 143.91 145.23 146.30 147.15 147.81 148.32 148.70 149.00 149.23 149.43 149.64 149.88 150.18 150.55 150.98 151.45 151.97 152.53 153.13 153.76 154.42 155.11 155.83 156.57 157.32 158.09 158.88 159.67 160.46 161.26 162.05 162.77 163.35 163.81 164.13 164.32 164.38 164.32 164.14 163.84 163.42 162.90 162.26 161.52 160.68 159.73 158.69 157.55 156.32 155.01 153.60 152.12 150.55 148.91 147.20 145.41 143.55 141.63 139.65
121.15 121.71 122.55 123.69 125.15 126.94 129.09 131.62 134.51 137.45 140.06 142.29 144.18 145.77 147.07 148.13 148.97 149.62 150.12 150.50 150.79 151.01 151.21 151.42 151.66 151.96 152.33 152.76 153.23 153.74 154.30 154.89 155.51 156.17 156.85 157.55 158.28 159.02 159.77 160.54 161.31 162.09 162.86 163.56 164.13 164.57 164.87 165.05 165.11 165.04 164.86 164.55 164.14 163.61 162.98 162.24 161.41 160.47 159.44 158.31 157.10 155.80 154.41 152.95 151.40 149.78 148.09 146.33 144.50 142.61 140.66 138.66
130.00 129.82 129.91 130.28 130.96 131.96 133.31 135.01 137.09 139.54 142.06 144.28 146.16 147.72 149.01 150.06 150.88 151.53 152.02 152.39 152.67 152.89 153.09 153.29 153.52 153.82 154.20 154.62 155.09 155.60 156.14 156.73 157.34 157.99 158.66 159.35 160.06 160.78 161.52 162.27 163.02 163.77 164.45 165.00 165.43 165.72 165.89 165.93 165.86 165.66 165.36 164.94 164.41 163.78 163.05 162.21 161.28 160.26 159.14 157.94 156.65 155.28 153.84 152.31 150.71 149.04 147.31 145.51 143.65 141.73 139.75 137.72
139.38 138.51 137.89 137.54 137.48 137.73 138.31 139.24 140.53 142.20 144.24 146.37 148.23 149.78 151.06 152.08 152.90 153.53 154.01 154.37 154.64 154.86 155.05 155.24 155.48 155.78 156.15 156.56 157.03 157.53 158.07 158.64 159.25 159.88 160.54 161.21 161.91 162.62 163.34 164.07 164.79 165.45 165.98 166.39 166.67 166.82 166.85 166.76 166.56 166.25 165.83 165.30 164.66 163.93 163.10 162.17 161.16 160.05 158.86 157.58 156.23 154.79 153.28 151.71 150.06 148.35 146.57 144.73 142.84 140.90 138.90 136.86
149.23 147.71 146.42 145.39 144.64 144.18 144.04 144.23 144.77 145.67 146.97 148.64 150.41 151.94 153.20 154.21 155.01 155.63 156.10 156.45 156.71 156.92 157.10 157.29 157.52 157.81 158.18 158.59 159.05 159.54 160.08 160.64 161.23 161.85 162.49 163.16 163.83 164.53 165.23 165.92 166.56 167.07 167.46 167.72 167.85 167.87 167.77 167.56 167.24 166.81 166.27 165.64 164.90 164.07 163.15 162.14 161.03 159.85 158.58 157.24 155.82 154.33 152.77 151.14 149.45 147.69 145.88 144.02 142.10 140.13 138.12 136.06
159.48 157.35 155.44 153.77 152.37 151.25 150.42 149.91 149.74 149.93 150.48 151.43 152.76 154.21 155.45 156.45 157.23 157.83 158.29 158.63 158.88 159.07 159.25 159.43 159.65 159.94 160.30 160.71 161.16 161.64 162.16 162.72 163.30 163.90 164.53 165.17 165.83 166.50 167.18 167.79 168.27 168.64 168.88 168.99 169.00 168.88 168.66 168.33 167.89 167.35 166.70 165.97 165.13 164.21 163.20 162.10 160.92 159.67 158.33 156.92 155.44 153.90 152.29 150.61 148.88 147.09 145.25 143.36 141.42 139.44 137.41 135.35
170.06 167.36 164.87 162.61 160.59 158.84 157.38 156.22 155.38 154.89 154.75 154.99 155.62 156.64 157.80 158.78 159.55 160.13 160.57 160.90 161.14 161.32 161.49 161.66 161.87 162.16 162.51 162.91 163.35 163.83 164.33 164.87 165.44 166.03 166.64 167.26 167.90 168.55 169.13 169.59 169.93 170.15 170.25 170.23 170.10 169.86 169.52 169.07 168.52 167.87 167.13 166.29 165.37 164.35 163.26 162.08 160.83 159.51 158.11 156.64 155.11 153.51 151.85 150.14 148.37 146.55 144.69 142.77 140.82 138.82 136.79 134.73
180.89 177.67 174.64 171.82 169.24 166.91 164.85 163.08 161.62 160.48 159.69 159.26 159.22 159.57 160.32 161.22 161.97 162.54 162.96 163.27 163.49 163.67 163.82 163.98 164.19 164.46 164.81 165.20 165.63 166.09 166.59 167.11 167.66 168.24 168.83 169.43 170.04 170.60 171.03 171.35 171.54 171.62 171.58 171.43 171.18 170.82 170.35 169.79 169.14 168.38 167.54 166.62 165.60 164.51 163.34 162.09 160.77 159.37 157.92 156.39 154.81 153.17 151.47 149.72 147.92 146.08 144.19 142.26 140.30 138.29 136.26 134.20
191.91 188.20 184.67 181.35 178.24 175.37 172.76 170.42 168.38 166.64 165.24 164.19 163.51 163.21 163.31 163.82 164.49 165.04 165.45 165.74 165.95 166.11 166.25 166.40 166.59 166.86 167.20 167.58 167.99 168.45 168.93 169.44 169.97 170.52 171.09 171.67 172.19 172.60 172.89 173.05 173.11 173.05 172.88 172.60 172.23 171.75 171.18 170.51 169.75 168.90 167.97 166.95 165.85 164.68 163.43 162.12 160.73 159.28 157.77 156.19 154.57 152.88 151.15 149.37 147.55 145.68 143.77 141.83 139.86 137.86 135.83 133.77
203.04 198.89 194.91 191.11 187.52 184.16 181.03 178.17 175.59 173.30 171.33 169.70 168.41 167.51 166.99 166.88 167.17 167.65 168.03 168.31 168.50 168.65 168.77 168.91 169.09 169.35 169.68 170.04 170.45 170.88 171.35 171.84 172.36 172.89 173.43 173.92 174.30 174.55 174.69 174.72 174.64 174.45 174.15 173.76 173.26 172.67 171.99 171.22 170.36 169.42 168.40 167.30 166.12 164.88 163.56 162.18 160.73 159.23 157.66 156.05 154.38 152.66 150.90 149.09 147.24 145.36 143.44 141.50 139.52 137.52 135.49 133.45
214.22 209.67 205.27 201.05 197.02 193.20 189.61 186.26 183.18 180.38 177.89 175.71 173.87 172.40 171.29 170.59 170.29 170.41 170.73 170.98 171.16 171.28 171.39 171.52 171.69 171.93 172.25 172.60 172.99 173.41 173.86 174.33 174.83 175.33 175.79 176.13 176.35 176.46 176.46 176.35 176.14 175.82 175.40 174.89 174.29 173.59 172.80 171.94 170.98 169.95 168.85 167.67 166.42 165.10 163.72 162.28 160.78 159.23 157.62 155.96 154.25 152.50 150.71 148.89 147.02 145.13 143.20 141.25 139.28 137.28 135.27 133.25
225.36 220.46 215.70 211.09 206.66 202.43 198.41 194.62 191.08 187.81 184.84 182.16 179.81 177.81 176.17 174.91 174.04 173.60 173.57 173.75 173.91 174.02 174.11 174.22 174.38 174.61 174.91 175.25 175.62 176.03 176.46 176.91 177.38 177.79 178.10 178.29 178.37 178.34 178.20 177.96 177.62 177.18 176.64 176.02 175.31 174.51 173.62 172.66 171.62 170.51 169.32 168.07 166.75 165.37 163.93 162.43 160.88 159.28 157.63 155.94 154.20 152.42 150.61 148.77 146.89 144.99 143.06 141.11 139.15 137.16 135.17 133.16
236.41 231.19 226.10 221.15 216.37 211.76 207.36 203.17 199.22 195.53 192.11 188.98 186.16 183.67 181.53 179.76 178.37 177.39 176.82 176.68 176.77 176.86 176.93 177.02 177.16 177.38 177.67 177.99 178.35 178.73 179.14 179.57 179.94 180.21 180.37 180.41 180.35 180.18 179.91 179.54 179.08 178.53 177.88 177.15 176.33 175.43 174.46 173.41 172.28 171.09 169.83 168.51 167.12 165.68 164.19 162.64 161.04 159.40 157.71 155.99 154.22 152.43 150.60 148.74 146.86 144.95 143.03 141.09 139.13 137.16 135.19 133.21
247.29 241.80 236.42 231.18 226.08 221.14 216.40 211.85 207.53 203.45 199.63 196.09 192.85 189.92 187.32 185.08 183.20 181.72 180.64 179.99 179.77 179.80 179.85 179.92 180.05 180.25 180.52 180.83 181.16 181.53 181.91 182.25 182.47 182.59 182.60 182.50 182.30 182.00 181.61 181.12 180.54 179.87 179.12 178.28 177.36 176.37 175.31 174.17 172.97 171.70 170.37 168.99 167.54 166.05 164.50 162.91 161.27 159.59 157.87 156.12 154.33 152.52 150.68 148.81 146.93 145.02 143.10 141.17 139.23 137.29 135.34 133.39
257.93 252.21 246.59 241.08 235.71 230.49 225.45 220.59 215.94 211.52 207.34 203.43 199.80 196.47 193.46 190.79 188.47 186.53 184.99 183.85 183.15 182.88 182.87 182.92 183.03 183.21 183.46 183.75 184.07 184.41 184.70 184.89 184.96 184.94 184.80 184.57 184.24 183.81 183.29 182.69 181.99 181.22 180.36 179.42 178.42 177.33 176.19 174.97 173.69 172.36 170.96 169.51 168.02 166.47 164.88 163.24 161.57 159.86 158.11 156.34 154.53 152.71 150.86 148.99 147.10 145.21 143.30 141.39 139.47 137.55 135.63 133.71
268.25 262.35 256.53 250.81 245.21 239.74 234.44 229.31 224.38 219.65 215.16 210.92 206.95 203.26 199.88 196.82 194.11 191.76 189.78 188.20 187.04 186.32 186.03 186.02 186.11 186.27 186.51 186.78 187.07 187.31 187.46 187.49 187.42 187.25 186.98 186.62 186.16 185.61 184.97 184.25 183.45 182.57 181.62 180.59 179.49 178.33 177.10 175.81 174.46 173.06 171.60 170.10 168.55 166.96 165.32 163.65 161.94 160.21 158.44 156.65 154.83 153.00 151.14 149.28 147.40 145.51 143.62 141.73 139.83 137.94 136.06 134.19
278.20 272.15 266.17 260.27 254.49 248.82 243.30 237.94 232.77 227.79 223.02 218.50 214.22 210.22 206.51 203.11 200.04 197.31 194.95 192.98 191.40 190.25 189.53 189.26 189.29 189.43 189.65 189.89 190.09 190.19 190.18 190.07 189.86 189.55 189.15 188.65 188.07 187.41 186.66 185.83 184.92 183.95 182.90 181.78 180.60 179.35 178.05 176.69 175.28 173.81 172.30 170.75 169.15 167.52 165.85 164.14 162.41 160.65 158.86 157.06 155.24 153.40 151.55 149.69 147.82 145.95 144.08 142.21 140.34 138.49 136.64 134.81
287.69 281.54 275.44 269.42 263.48 257.66 251.97 246.42 241.04 235.85 230.85 226.08 221.55 217.27 213.28 209.58 206.19 203.14 200.43 198.10 196.15 194.61 193.50 192.83 192.60 192.69 192.88 193.03 193.08 193.03 192.87 192.62 192.27 191.83 191.30 190.69 189.99 189.21 188.35 187.42 186.42 185.34 184.20 183.00 181.74 180.42 179.05 177.62 176.15 174.63 173.07 171.47 169.83 168.16 166.45 164.72 162.97 161.19 159.39 157.58 155.75 153.91 152.07 150.22 148.37 146.52 144.67 142.83 141.00 139.19 137.39 135.61
296.67 290.46 284.28 278.17 272.13 266.19 260.37 254.68 249.14 243.76 238.58 233.61 228.86 224.35 220.11 216.15 212.49 209.15 206.14 203.49 201.21 199.33 197.85 196.81 196.21 196.06 196.11 196.11 196.01 195.81 195.52 195.13 194.65 194.08 193.43 192.70 191.89 191.00 190.04 189.01 187.91 186.75 185.52 184.24 182.91 181.52 180.08 178.59 177.06 175.49 173.89 172.24 170.57 168.87 167.14 165.38 163.61 161.82 160.01 158.20 156.37 154.54 152.71 150.87 149.04 147.22 145.40 143.60 141.81 140.04 138.29 136.56
305.29 299.04 292.81 286.64 280.52 274.49 268.55 262.74 257.06 251.54 246.19 241.04 236.10 231.39 226.92 222.73 218.82 215.21 211.93 208.98 206.40 204.20 202.39 201.00 200.02 199.34 198.95 198.76 198.52 198.19 197.76 197.25 196.65 195.97 195.20 194.37 193.45 192.47 191.42 190.30 189.12 187.88 186.58 185.23 183.83 182.38 180.89 179.36 177.78 176.18 174.53 172.86 171.16 169.44 167.69 165.93 164.15 162.36 160.55 158.75 156.93 155.12 153.31 151.50 149.70 147.92 146.14 144.38 142.65 140.93 139.24 137.58
313.69 307.42 301.15 294.92 288.74 282.62 276.59 270.66 264.86 259.20 253.70 248.38 243.25 238.35 233.67 229.25 225.10 221.24 217.69 214.47 211.59 209.07 206.94 205.19 203.71 202.38 201.34 200.72 200.31 199.86 199.32 198.70 197.99 197.21 196.36 195.43 194.43 193.36 192.24 191.05 189.80 188.50 187.15 185.75 184.30 182.81 181.28 179.72 178.12 176.49 174.83 173.14 171.43 169.70 167.96 166.20 164.43 162.66 160.88 159.09 157.31 155.53 153.76 152.00 150.25 148.51 146.80 145.10 143.43 141.79 140.18 138.60
321.89 315.60 309.30 303.03 296.78 290.59 284.48 278.45 272.53 266.74 261.10 255.62 250.32 245.22 240.35 235.71 231.34 227.23 223.42 219.93 216.76 213.95 211.48 209.26 207.15 205.18 203.49 202.24 201.43 200.83 200.19 199.48 198.69 197.82 196.89 195.89 194.82 193.70 192.51 191.27 189.98 188.63 187.24 185.81 184.33 182.82 181.27 179.69 178.07 176.44 174.78 173.09 171.40 169.68 167.96 166.22 164.48 162.74 160.99 159.25 157.52 155.79 154.07 152.37 150.69 149.02 147.38 145.77 144.19 142.63 141.11 139.63
329.87 323.57 317.26 310.95 304.65 298.40 292.21 286.09 280.06 274.15 268.38 262.75 257.29 252.02 246.95 242.11 237.51 233.18 229.12 225.36 221.92 218.80 215.88 213.06 210.33 207.73 205.42 203.55 202.14 201.16 200.40 199.61 198.75 197.82 196.83 195.77 194.66 193.49 192.26 190.98 189.66 188.29 186.87 185.42 183.93 182.41 180.86 179.28 177.68 176.05 174.41 172.74 171.07 169.39 167.70 166.00 164.31 162.61 160.92 159.24 157.57 155.91 154.27 152.65 151.05 149.47 147.92 146.41 144.92 143.48 142.07 140.71
337.64 331.34 325.02 318.68 312.35 306.04 299.78 293.58 287.46 281.44 275.53 269.77 264.16 258.72 253.47 248.43 243.63 239.07 234.77 230.76 227.04 223.49 220.00 216.59 213.26 210.06 207.14 204.68 202.68 201.13 200.01 199.12 198.21 197.24 196.20 195.11 193.96 192.75 191.50 190.21 188.87 187.49 186.07 184.62 183.13 181.62 180.08 178.52 176.94 175.35 173.74 172.11 170.48 168.85 167.21 165.57 163.94 162.31 160.69 159.09 157.50 155.92 154.37 152.84 151.34 149.87 148.44 147.03 145.67 144.35 143.07 141.84
345.17 338.89 332.57 326.21 319.85 313.50 307.18 300.91 294.70 288.58 282.57 276.67 270.92 265.32 259.90 254.68 249.67 244.90 240.38 236.11 231.98 227.89 223.84 219.86 215.96 212.17 208.67 205.63 203.06 200.95 199.30 198.08 197.09 196.08 195.02 193.90 192.74 191.52 190.27 188.97 187.63 186.26 184.85 183.42 181.96 180.47 178.96 177.44 175.90 174.35 172.79 171.22 169.65 168.08 166.51 164.95 163.39 161.85 160.32 158.81 157.31 155.84 154.40 152.99 151.60 150.25 148.94 147.67 146.44 145.26 144.13 143.05
352.48 346.22 339.90 333.55 327.17 320.78 314.41 308.08 301.80 295.59 289.47 283.45 277.56 271.82 266.24 260.84 255.65 250.67 245.91 241.27 236.63 232.00 227.41 222.88 218.42 214.07 210.01 206.42 203.30 200.65 198.47 196.74 195.44 194.38 193.31 192.19 191.02 189.81 188.57 187.28 185.97 184.62 183.24 181.84 180.42 178.98 177.52 176.05 174.57 173.08 171.58 170.09 168.60 167.11 165.62 164.15 162.69 161.25 159.83 158.42 157.05 155.70 154.38 153.09 151.84 150.63 149.47 148.34 147.27 146.25 145.28 144.37
359.55 353.33 347.03 340.67 334.28 327.88 321.47 315.08 308.73 302.44 296.23 290.10 284.09 278.21 272.48 266.92 261.54 256.35 251.25 246.12 240.97 235.83 230.72 225.65 220.66 215.78 211.17 207.05 203.41 200.24 197.54 195.31 193.54 192.19 191.09 189.98 188.83 187.65 186.43 185.18 183.90 182.59 181.26 179.91 178.55 177.16 175.77 174.37 172.96 171.55 170.15 168.74 167.34 165.95 164.57 163.21 161.86 160.54 159.24 157.96 156.72 155.50 154.33 153.19 152.09 151.04 150.03 149.07 148.17 147.32 146.53 145.81
