data_processed/recharge/precip/Precip_1991_06.asc
ncols        168
nrows        136
xllcorner    455000
yllcorner    2107000
cellsize     500
NODATA_value     -99999
[rows 32 to 63 of 136, columns 0 to 71 of 168]
216.33 217.74 219.15 220.56 221.99 223.44 224.91 226.41 227.95 229.54 231.18 232.87 234.63 236.46 238.32 240.15 241.92 243.66 245.35 247.02 248.65 250.26 251.85 253.42 254.99 256.55 258.10 259.67 261.23 262.77 264.27 265.73 267.15 268.53 269.87 271.15 272.39 273.58 274.72 275.81 276.84 277.81 278.72 279.47 279.99 280.29 280.37 280.24 279.89 279.34 278.60 277.66 276.53 275.22 273.73 272.07 270.25 268.26 266.12 263.83 261.39 258.81 256.10 253.27 250.30 247.22 244.03 240.73 237.33 233.83 230.24 226.57
212.30 213.85 215.41 216.98 218.57 220.18 221.82 223.50 225.22 226.99 228.81 230.70 232.65 234.63 236.57 238.45 240.28 242.07 243.82 245.53 247.21 248.87 250.50 252.11 253.72 255.31 256.90 258.49 260.09 261.65 263.18 264.68 266.13 267.53 268.90 270.21 271.48 272.70 273.87 274.99 276.05 277.06 278.01 278.88 279.60 280.10 280.37 280.42 280.25 279.88 279.30 278.52 277.55 276.39 275.05 273.53 271.84 269.98 267.96 265.79 263.46 260.99 258.38 255.64 252.77 249.77 246.66 243.43 240.09 236.66 233.12 229.50
208.27 209.99 211.71 213.44 215.20 216.99 218.81 220.66 222.57 224.53 226.55 228.64 230.74 232.80 234.80 236.74 238.63 240.48 242.27 244.03 245.76 247.46 249.13 250.78 252.42 254.05 255.67 257.29 258.91 260.51 262.07 263.58 265.06 266.50 267.89 269.23 270.53 271.78 272.98 274.12 275.22 276.25 277.23 278.15 278.99 279.68 280.14 280.38 280.40 280.20 279.80 279.18 278.37 277.37 276.17 274.80 273.24 271.52 269.63 267.57 265.36 263.00 260.49 257.85 255.07 252.16 249.12 245.97 242.71 239.33 235.86 232.29
204.28 206.16 208.05 209.97 211.90 213.87 215.88 217.93 220.04 222.20 224.42 226.67 228.86 230.98 233.04 235.03 236.98 238.87 240.72 242.52 244.29 246.03 247.74 249.43 251.11 252.77 254.42 256.07 257.72 259.34 260.92 262.46 263.96 265.43 266.84 268.22 269.54 270.82 272.04 273.22 274.34 275.40 276.40 277.35 278.24 279.05 279.70 280.13 280.34 280.32 280.08 279.64 278.99 278.15 277.10 275.87 274.46 272.87 271.11 269.18 267.08 264.83 262.43 259.89 257.20 254.38 251.43 248.36 245.17 241.86 238.45 234.93
200.34 202.40 204.47 206.57 208.70 210.86 213.07 215.33 217.64 220.01 222.40 224.72 226.98 229.16 231.27 233.32 235.32 237.26 239.15 241.00 242.82 244.59 246.34 248.07 249.78 251.47 253.15 254.83 256.50 258.14 259.74 261.31 262.84 264.33 265.77 267.17 268.52 269.82 271.07 272.27 273.41 274.50 275.54 276.51 277.42 278.28 279.05 279.67 280.06 280.22 280.17 279.90 279.41 278.73 277.84 276.76 275.49 274.04 272.41 270.60 268.63 266.50 264.21 261.77 259.18 256.45 253.59 250.60 247.48 244.24 240.90 237.44
196.47 198.72 200.98 203.28 205.61 207.97 210.39 212.86 215.39 217.93 220.40 222.79 225.10 227.34 229.51 231.61 233.66 235.65 237.59 239.48 241.33 243.15 244.94 246.70 248.43 250.16 251.86 253.56 255.26 256.92 258.55 260.14 261.69 263.20 264.67 266.09 267.46 268.79 270.06 271.29 272.46 273.57 274.63 275.63 276.57 277.45 278.26 278.99 279.57 279.92 280.05 279.95 279.64 279.11 278.38 277.46 276.33 275.02 273.53 271.85 270.00 267.99 265.81 263.48 260.99 258.36 255.59 252.68 249.64 246.48 243.20 239.80
192.70 195.14 197.61 200.11 202.65 205.23 207.86 210.55 213.25 215.88 218.41 220.86 223.23 225.53 227.75 229.91 232.00 234.04 236.02 237.96 239.85 241.70 243.53 245.32 247.09 248.83 250.57 252.29 254.00 255.69 257.34 258.95 260.52 262.05 263.54 264.98 266.38 267.73 269.03 270.27 271.47 272.60 273.69 274.71 275.67 276.57 277.41 278.18 278.88 279.41 279.72 279.80 279.66 279.30 278.74 277.96 276.99 275.82 274.46 272.92 271.20 269.31 267.25 265.02 262.64 260.11 257.43 254.61 251.66 248.57 245.36 242.03
189.03 191.68 194.36 197.08 199.84 202.65 205.51 208.37 211.16 213.85 216.45 218.96 221.38 223.73 226.01 228.21 230.35 232.43 234.46 236.44 238.37 240.26 242.11 243.94 245.73 247.51 249.26 251.01 252.74 254.45 256.11 257.74 259.34 260.89 262.39 263.86 265.27 266.64 267.96 269.23 270.45 271.61 272.71 273.76 274.74 275.67 276.53 277.32 278.05 278.70 279.19 279.45 279.49 279.30 278.90 278.28 277.46 276.44 275.22 273.82 272.23 270.46 268.52 266.41 264.13 261.70 259.12 256.39 253.52 250.52 247.38 244.20
185.50 188.37 191.27 194.22 197.21 200.25 203.29 206.24 209.09 211.85 214.50 217.07 219.55 221.95 224.28 226.53 228.72 230.84 232.91 234.93 236.89 238.82 240.70 242.55 244.38 246.18 247.96 249.72 251.47 253.19 254.88 256.53 258.14 259.71 261.23 262.72 264.15 265.54 266.88 268.17 269.40 270.58 271.71 272.77 273.78 274.72 275.61 276.42 277.18 277.86 278.46 278.90 279.11 279.10 278.86 278.41 277.75 276.88 275.80 274.54 273.08 271.44 269.62 267.63 265.46 263.14 260.66 258.02 255.24 252.32 249.34 246.41
182.13 185.23 188.36 191.54 194.76 197.99 201.12 204.14 207.06 209.87 212.59 215.21 217.74 220.20 222.57 224.87 227.10 229.27 231.37 233.43 235.43 237.38 239.30 241.18 243.03 244.85 246.65 248.43 250.20 251.94 253.64 255.31 256.93 258.52 260.06 261.56 263.01 264.42 265.78 267.08 268.34 269.53 270.68 271.76 272.79 273.75 274.66 275.49 276.27 276.97 277.60 278.15 278.54 278.71 278.64 278.35 277.85 277.13 276.21 275.08 273.76 272.25 270.56 268.68 266.63 264.42 262.04 259.50 256.81 254.05 251.34 248.69
178.93 182.26 185.64 189.06 192.48 195.79 198.99 202.08 205.05 207.92 210.70 213.37 215.96 218.46 220.88 223.23 225.50 227.71 229.85 231.94 233.98 235.96 237.91 239.81 241.69 243.53 245.35 247.15 248.93 250.68 252.40 254.08 255.72 257.32 258.88 260.40 261.86 263.29 264.66 265.98 267.25 268.47 269.63 270.73 271.78 272.76 273.68 274.54 275.33 276.05 276.70 277.29 277.78 278.12 278.23 278.10 277.76 277.20 276.43 275.45 274.27 272.89 271.33 269.58 267.65 265.54 263.27 260.83 258.31 255.83 253.39 251.02
175.93 179.51 183.13 186.74 190.25 193.64 196.90 200.05 203.08 206.01 208.84 211.57 214.21 216.76 219.22 221.61 223.93 226.17 228.35 230.48 232.54 234.56 236.53 238.46 240.36 242.22 244.06 245.87 247.66 249.43 251.16 252.85 254.51 256.12 257.70 259.22 260.71 262.15 263.53 264.87 266.16 267.39 268.57 269.68 270.74 271.74 272.68 273.55 274.36 275.10 275.77 276.37 276.90 277.34 277.62 277.67 277.49 277.09 276.48 275.64 274.61 273.37 271.93 270.31 268.50 266.51 264.35 262.09 259.85 257.65 255.50 253.40
173.14 176.97 180.79 184.50 188.08 191.53 194.85 198.06 201.16 204.14 207.02 209.80 212.49 215.09 217.60 220.03 222.38 224.66 226.88 229.03 231.13 233.18 235.17 237.13 239.04 240.92 242.77 244.60 246.41 248.19 249.93 251.63 253.30 254.93 256.51 258.05 259.55 261.00 262.40 263.75 265.05 266.30 267.49 268.62 269.70 270.71 271.66 272.55 273.38 274.13 274.82 275.44 275.98 276.45 276.83 277.05 277.04 276.80 276.34 275.66 274.77 273.67 272.37 270.88 269.19 267.32 265.34 263.37 261.43 259.53 257.65 255.82
170.58 174.62 178.53 182.31 185.95 189.47 192.86 196.12 199.27 202.31 205.25 208.08 210.81 213.45 216.00 218.48 220.87 223.19 225.43 227.62 229.75 231.82 233.84 235.81 237.75 239.64 241.51 243.35 245.17 246.95 248.71 250.42 252.10 253.74 255.33 256.88 258.39 259.85 261.27 262.63 263.94 265.20 266.40 267.55 268.64 269.67 270.63 271.53 272.37 273.14 273.84 274.48 275.03 275.52 275.93 276.25 276.41 276.34 276.03 275.51 274.77 273.81 272.65 271.29 269.73 268.05 266.37 264.70 263.06 261.44 259.84 258.27
168.21 172.34 176.33 180.18 183.88 187.46 190.91 194.23 197.44 200.53 203.51 206.39 209.17 211.86 214.45 216.96 219.39 221.74 224.02 226.24 228.39 230.48 232.53 234.52 236.47 238.39 240.27 242.12 243.94 245.74 247.50 249.22 250.91 252.55 254.16 255.72 257.24 258.71 260.13 261.51 262.83 264.10 265.31 266.47 267.57 268.61 269.59 270.50 271.35 272.14 272.85 273.50 274.07 274.57 274.99 275.34 275.60 275.69 275.55 275.18 274.59 273.78 272.76 271.54 270.18 268.81 267.44 266.07 264.72 263.38 262.05 260.74
165.93 170.14 174.19 178.10 181.87 185.51 189.02 192.40 195.66 198.80 201.83 204.76 207.58 210.31 212.94 215.49 217.95 220.34 222.65 224.89 227.07 229.19 231.25 233.26 235.23 237.16 239.05 240.91 242.74 244.54 246.31 248.04 249.73 251.39 253.00 254.57 256.09 257.57 259.01 260.39 261.72 263.00 264.22 265.39 266.50 267.55 268.54 269.46 270.33 271.12 271.85 272.50 273.09 273.60 274.04 274.40 274.68 274.87 274.89 274.68 274.25 273.59 272.72 271.70 270.65 269.60 268.54 267.47 266.41 265.35 264.28 263.22
163.72 168.00 172.12 176.09 179.92 183.62 187.18 190.62 193.93 197.12 200.20 203.17 206.04 208.81 211.48 214.06 216.56 218.97 221.31 223.58 225.78 227.92 230.00 232.03 234.02 235.96 237.86 239.72 241.56 243.37 245.14 246.88 248.57 250.23 251.85 253.43 254.96 256.45 257.89 259.28 260.62 261.90 263.14 264.31 265.43 266.49 267.49 268.42 269.29 270.10 270.83 271.50 272.09 272.62 273.06 273.43 273.73 273.94 274.06 274.01 273.73 273.23 272.58 271.87 271.15 270.42 269.66 268.89 268.11 267.32 266.52 265.71
161.59 165.93 170.11 174.15 178.04 181.79 185.41 188.90 192.26 195.50 198.63 201.64 204.55 207.36 210.07 212.68 215.21 217.66 220.02 222.32 224.54 226.70 228.80 230.84 232.84 234.79 236.70 238.57 240.41 242.22 244.00 245.74 247.44 249.10 250.73 252.31 253.85 255.34 256.78 258.18 259.52 260.82 262.06 263.24 264.36 265.43 266.44 267.38 268.26 269.07 269.81 270.49 271.09 271.62 272.08 272.46 272.76 272.99 273.13 273.17 273.06 272.78 272.44 272.08 271.68 271.26 270.81 270.33 269.83 269.30 268.76 268.20
159.53 163.93 168.18 172.28 176.23 180.04 183.71 187.25 190.66 193.95 197.12 200.18 203.12 205.97 208.71 211.36 213.92 216.39 218.78 221.10 223.34 225.52 227.64 229.69 231.70 233.66 235.58 237.45 239.30 241.11 242.88 244.63 246.33 248.00 249.63 251.21 252.75 254.25 255.70 257.10 258.45 259.74 260.99 262.18 263.31 264.38 265.39 266.34 267.22 268.04 268.79 269.47 270.08 270.62 271.09 271.48 271.79 272.02 272.17 272.24 272.28 272.33 272.34 272.30 272.23 272.11 271.96 271.77 271.54 271.28 270.99 270.67
157.55 162.02 166.33 170.48 174.49 178.36 182.08 185.67 189.13 192.46 195.67 198.77 201.75 204.63 207.41 210.09 212.68 215.18 217.59 219.93 222.19 224.39 226.52 228.59 230.61 232.57 234.49 236.37 238.22 240.03 241.81 243.55 245.26 246.92 248.55 250.14 251.68 253.18 254.63 256.03 257.39 258.69 259.93 261.13 262.26 263.34 264.35 265.30 266.19 267.02 267.77 268.46 269.08 269.62 270.09 270.49 270.80 271.04 271.20 271.35 271.58 271.91 272.25 272.54 272.78 272.97 273.11 273.20 273.25 273.25 273.20 273.12
155.65 160.18 164.55 168.77 172.83 176.75 180.52 184.16 187.66 191.04 194.30 197.43 200.45 203.36 206.17 208.88 211.50 214.02 216.46 218.82 221.10 223.31 225.45 227.53 229.56 231.53 233.45 235.33 237.18 238.99 240.77 242.51 244.21 245.88 247.51 249.10 250.64 252.14 253.59 255.00 256.35 257.65 258.90 260.09 261.23 262.31 263.33 264.28 265.17 266.00 266.76 267.45 268.07 268.62 269.10 269.50 269.82 270.07 270.30 270.62 271.04 271.57 272.17 272.78 273.33 273.82 274.25 274.62 274.93 275.19 275.39 275.53
153.85 158.44 162.87 167.14 171.25 175.22 179.05 182.73 186.28 189.70 192.99 196.16 199.22 202.16 205.00 207.74 210.38 212.93 215.39 217.76 220.06 222.28 224.44 226.53 228.56 230.54 232.46 234.34 236.18 237.99 239.77 241.51 243.21 244.88 246.50 248.09 249.63 251.13 252.58 253.98 255.34 256.64 257.89 259.08 260.22 261.30 262.32 263.27 264.17 265.00 265.76 266.45 267.08 267.63 268.11 268.51 268.84 269.16 269.56 270.07 270.68 271.38 272.16 273.02 273.88 274.66 275.38 276.02 276.59 277.10 277.54 277.92
152.15 156.78 161.27 165.59 169.76 173.78 177.65 181.38 184.97 188.43 191.76 194.97 198.06 201.04 203.90 206.67 209.33 211.90 214.38 216.77 219.08 221.32 223.48 225.58 227.62 229.60 231.52 233.40 235.24 237.04 238.81 240.55 242.25 243.91 245.54 247.12 248.66 250.15 251.60 253.00 254.36 255.66 256.90 258.10 259.23 260.31 261.33 262.29 263.18 264.01 264.77 265.47 266.09 266.65 267.13 267.53 267.93 268.42 269.00 269.69 270.47 271.34 272.29 273.32 274.41 275.48 276.47 277.39 278.22 278.97 279.65 280.25
150.67 155.24 159.76 164.14 168.36 172.43 176.34 180.12 183.75 187.25 190.62 193.86 196.98 199.98 202.88 205.67 208.35 210.94 213.44 215.85 218.17 220.42 222.59 224.69 226.73 228.71 230.64 232.51 234.35 236.14 237.91 239.64 241.33 242.99 244.61 246.19 247.72 249.22 250.66 252.06 253.41 254.70 255.95 257.14 258.27 259.35 260.37 261.32 262.22 263.04 263.80 264.50 265.12 265.68 266.16 266.63 267.19 267.86 268.62 269.48 270.43 271.46 272.56 273.74 274.98 276.27 277.54 278.72 279.80 280.80 281.71 282.53
149.55 153.92 158.37 162.78 167.05 171.17 175.13 178.94 182.61 186.15 189.55 192.83 195.98 199.01 201.93 204.74 207.45 210.06 212.57 214.99 217.33 219.58 221.76 223.87 225.91 227.89 229.82 231.69 233.51 235.30 237.06 238.78 240.47 242.12 243.73 245.31 246.84 248.32 249.76 251.15 252.50 253.79 255.03 256.22 257.35 258.42 259.43 260.38 261.27 262.10 262.86 263.55 264.17 264.73 265.27 265.91 266.65 267.48 268.42 269.44 270.54 271.72 272.97 274.29 275.67 277.10 278.57 280.00 281.34 282.57 283.70 284.74
148.79 152.95 157.20 161.54 165.84 170.00 174.00 177.86 181.57 185.14 188.58 191.88 195.06 198.12 201.07 203.90 206.63 209.25 211.78 214.21 216.56 218.82 221.01 223.12 225.16 227.14 229.06 230.92 232.73 234.52 236.26 237.98 239.66 241.30 242.91 244.47 245.99 247.47 248.91 250.29 251.63 252.92 254.15 255.33 256.45 257.52 258.53 259.48 260.36 261.18 261.94 262.63 263.25 263.86 264.57 265.38 266.28 267.29 268.38 269.55 270.80 272.12 273.51 274.96 276.46 278.01 279.61 281.23 282.81 284.28 285.63 286.88
148.39 152.34 156.38 160.52 164.75 168.94 172.98 176.87 180.62 184.23 187.70 191.03 194.24 197.32 200.29 203.14 205.89 208.52 211.06 213.51 215.86 218.13 220.32 222.43 224.48 226.45 228.36 230.22 232.02 233.79 235.53 237.24 238.91 240.54 242.14 243.69 245.20 246.67 248.10 249.48 250.81 252.08 253.31 254.48 255.60 256.66 257.66 258.61 259.48 260.30 261.05 261.73 262.42 263.18 264.06 265.03 266.10 267.26 268.50 269.82 271.21 272.66 274.18 275.75 277.37 279.03 280.73 282.47 284.22 285.91 287.48 288.94
148.34 152.09 155.93 159.86 163.88 167.99 172.06 175.99 179.77 183.41 186.91 190.27 193.51 196.61 199.60 202.47 205.23 207.88 210.44 212.89 215.25 217.52 219.72 221.83 223.87 225.84 227.74 229.59 231.38 233.14 234.86 236.56 238.22 239.84 241.42 242.97 244.47 245.93 247.35 248.71 250.03 251.30 252.52 253.68 254.79 255.84 256.84 257.77 258.64 259.45 260.20 260.94 261.77 262.71 263.74 264.87 266.09 267.40 268.78 270.23 271.75 273.33 274.96 276.65 278.38 280.14 281.94 283.77 285.61 287.46 289.25 290.91
148.63 152.20 155.84 159.56 163.37 167.27 171.26 175.21 179.03 182.70 186.22 189.61 192.87 196.00 199.01 201.89 204.67 207.33 209.90 212.36 214.72 217.00 219.19 221.30 223.34 225.30 227.19 229.03 230.81 232.55 234.27 235.95 237.59 239.20 240.77 242.31 243.80 245.25 246.65 248.00 249.31 250.57 251.78 252.93 254.03 255.07 256.06 256.98 257.84 258.65 259.45 260.33 261.33 262.42 263.61 264.89 266.25 267.69 269.21 270.79 272.43 274.12 275.87 277.66 279.48 281.34 283.23 285.14 287.06 289.00 290.92 292.77
149.25 152.64 156.09 159.61 163.21 166.90 170.69 174.55 178.39 182.09 185.64 189.06 192.34 195.49 198.51 201.41 204.20 206.88 209.45 211.91 214.28 216.56 218.75 220.86 222.89 224.84 226.73 228.55 230.31 232.04 233.74 235.41 237.04 238.63 240.19 241.71 243.19 244.62 246.01 247.36 248.65 249.90 251.09 252.23 253.32 254.35 255.32 256.24 257.09 257.95 258.89 259.94 261.09 262.33 263.67 265.08 266.58 268.15 269.78 271.48 273.23 275.03 276.88 278.77 280.68 282.63 284.59 286.58 288.57 290.57 292.56 294.54
150.21 153.42 156.68 160.02 163.42 166.90 170.47 174.13 177.88 181.59 185.17 188.61 191.91 195.08 198.12 201.03 203.83 206.52 209.09 211.56 213.94 216.21 218.40 220.50 222.52 224.47 226.34 228.15 229.90 231.61 233.29 234.94 236.56 238.14 239.68 241.18 242.64 244.06 245.44 246.77 248.05 249.28 250.46 251.59 252.67 253.68 254.64 255.55 256.45 257.44 258.54 259.74 261.04 262.43 263.90 265.44 267.07 268.75 270.50 272.31 274.16 276.06 278.00 279.97 281.97 283.99 286.03 288.08 290.13 292.18 294.23 296.26
151.48 154.52 157.61 160.76 163.97 167.25 170.61 174.06 177.59 181.22 184.81 188.27 191.59 194.77 197.83 200.76 203.56 206.26 208.84 211.31 213.69 215.96 218.15 220.24 222.25 224.19 226.05 227.84 229.57 231.26 232.93 234.56 236.16 237.72 239.24 240.73 242.17 243.58 244.94 246.25 247.51 248.73 249.90 251.01 252.07 253.07 254.02 254.97 256.01 257.16 258.41 259.75 261.18 262.70 264.30 265.97 267.71 269.50 271.36 273.26 275.21 277.20 279.22 281.27 283.34 285.43 287.53 289.63 291.73 293.83 295.92 297.98
