data_processed/recharge/precip/Precip_1984_09.asc
ncols        168
nrows        136
xllcorner    455000
yllcorner    2107000
cellsize     500
NODATA_value     -99999
[rows 96 to 127 of 136, columns 0 to 72 of 168]
144.83 149.56 154.12 158.54 162.82 167.00 171.17 175.43 179.90 184.67 189.69 194.91 200.28 205.73 211.22 216.69 222.10 227.37 232.48 237.40 242.14 246.73 251.17 255.49 259.69 263.79 267.81 271.76 275.63 279.33 282.69 285.68 288.25 290.32 291.86 292.81 293.11 292.71 291.55 289.59 286.77 283.13 279.05 274.74 270.23 265.56 260.76 255.87 250.94 245.99 241.06 236.20 231.43 226.77 222.26 217.97 213.95 210.25 206.94 204.05 201.65 199.80 198.53 197.91 197.92 198.22 198.58 198.97 199.38 199.79 200.17 200.50 200.76
145.79 150.43 154.86 159.12 163.21 167.14 170.97 174.95 179.26 183.87 188.72 193.76 198.94 204.20 209.48 214.75 219.93 224.99 229.86 234.56 239.10 243.50 247.76 251.92 255.97 259.93 263.82 267.66 271.45 275.20 278.78 281.99 284.75 287.01 288.71 289.81 290.24 289.95 288.89 287.01 284.25 280.65 276.61 272.33 267.85 263.19 258.41 253.54 248.61 243.67 238.74 233.88 229.10 224.46 219.99 215.75 211.78 208.15 204.91 202.11 199.80 198.03 196.87 196.36 196.50 196.92 197.41 197.96 198.52 199.09 199.64 200.14 200.59
146.48 150.97 155.21 159.24 163.06 166.73 170.43 174.33 178.49 182.92 187.60 192.46 197.44 202.50 207.59 212.63 217.60 222.42 227.06 231.54 235.87 240.06 244.15 248.13 252.02 255.84 259.61 263.33 267.02 270.71 274.36 277.79 280.79 283.27 285.17 286.45 287.05 286.91 285.99 284.22 281.55 278.04 274.07 269.86 265.44 260.85 256.12 251.30 246.42 241.52 236.63 231.79 227.04 222.41 217.95 213.73 209.79 206.20 203.00 200.25 198.00 196.31 195.22 194.80 195.03 195.55 196.16 196.82 197.51 198.21 198.90 199.56 200.16
146.90 151.16 155.14 158.88 162.41 165.94 169.65 173.53 177.59 181.87 186.36 191.03 195.82 200.67 205.54 210.37 215.11 219.69 224.10 228.34 232.46 236.45 240.35 244.15 247.88 251.56 255.19 258.79 262.40 266.02 269.62 273.14 276.38 279.12 281.26 282.76 283.56 283.61 282.85 281.24 278.71 275.31 271.46 267.35 263.03 258.54 253.91 249.17 244.37 239.55 234.73 229.94 225.21 220.60 216.14 211.92 207.99 204.40 201.22 198.50 196.28 194.63 193.60 193.23 193.53 194.13 194.81 195.56 196.35 197.16 197.97 198.75 199.48
147.01 150.97 154.64 158.05 161.44 164.98 168.69 172.55 176.56 180.71 185.02 189.50 194.08 198.73 203.38 207.99 212.49 216.83 220.99 225.00 228.89 232.68 236.38 240.01 243.57 247.09 250.59 254.11 257.67 261.24 264.77 268.24 271.57 274.56 276.98 278.74 279.79 280.06 279.51 278.08 275.73 272.48 268.78 264.82 260.64 256.28 251.77 247.16 242.48 237.77 233.03 228.29 223.60 219.00 214.55 210.32 206.37 202.77 199.58 196.86 194.65 193.01 192.00 191.66 192.00 192.65 193.39 194.20 195.07 195.96 196.85 197.73 198.56
146.78 150.39 153.70 156.97 160.37 163.92 167.62 171.44 175.39 179.44 183.60 187.88 192.26 196.69 201.12 205.50 209.76 213.86 217.77 221.54 225.20 228.78 232.28 235.72 239.11 242.48 245.89 249.37 252.89 256.41 259.89 263.29 266.56 269.66 272.36 274.41 275.74 276.27 275.96 274.76 272.62 269.56 266.05 262.27 258.26 254.07 249.74 245.29 240.76 236.16 231.49 226.80 222.14 217.57 213.14 208.92 204.95 201.31 198.09 195.33 193.11 191.46 190.44 190.11 190.46 191.13 191.90 192.75 193.66 194.60 195.56 196.50 197.27
146.21 149.44 152.59 155.87 159.28 162.83 166.49 170.25 174.12 178.07 182.10 186.20 190.37 194.58 198.79 202.92 206.94 210.79 214.44 217.97 221.40 224.76 228.05 231.30 234.53 237.81 241.19 244.64 248.13 251.61 255.04 258.38 261.59 264.63 267.43 269.79 271.42 272.26 272.23 271.30 269.39 266.57 263.28 259.71 255.92 251.94 247.81 243.56 239.18 234.66 230.06 225.42 220.81 216.27 211.87 207.66 203.69 200.03 196.75 193.94 191.67 189.98 188.94 188.58 188.92 189.58 190.35 191.21 192.14 193.11 194.09 194.93 195.43
145.30 148.36 151.54 154.83 158.24 161.76 165.37 169.06 172.83 176.66 180.55 184.48 188.44 192.43 196.39 200.29 204.06 207.65 211.04 214.32 217.51 220.65 223.73 226.79 229.93 233.19 236.57 240.00 243.46 246.91 250.29 253.58 256.73 259.70 262.44 264.91 266.86 268.03 268.33 267.69 266.07 263.52 260.48 257.18 253.64 249.90 246.00 241.93 237.65 233.22 228.69 224.12 219.55 215.06 210.69 206.50 202.54 198.88 195.57 192.69 190.34 188.59 187.49 187.08 187.38 188.00 188.75 189.60 190.51 191.47 192.32 192.84 193.02
144.35 147.43 150.62 153.92 157.31 160.78 164.32 167.92 171.57 175.26 178.99 182.73 186.48 190.24 193.97 197.62 201.13 204.46 207.59 210.60 213.56 216.46 219.35 222.31 225.45 228.72 232.08 235.51 238.95 242.36 245.71 248.95 252.05 254.95 257.63 260.03 262.11 263.61 264.26 263.96 262.67 260.42 257.68 254.66 251.41 247.96 244.27 240.31 236.14 231.80 227.35 222.84 218.34 213.90 209.57 205.40 201.47 197.81 194.50 191.57 189.14 187.29 186.10 185.63 185.85 186.42 187.11 187.91 188.78 189.57 190.05 190.20 190.06
143.60 146.72 149.92 153.20 156.54 159.95 163.40 166.89 170.41 173.94 177.49 181.03 184.56 188.06 191.53 194.93 198.18 201.24 204.10 206.85 209.56 212.24 215.03 218.01 221.16 224.44 227.81 231.23 234.65 238.05 241.36 244.56 247.61 250.46 253.07 255.40 257.41 259.05 260.05 260.13 259.19 257.28 254.88 252.19 249.26 246.04 242.50 238.66 234.60 230.36 225.99 221.57 217.13 212.74 208.46 204.33 200.42 196.78 193.47 190.54 188.05 186.10 184.80 184.22 184.35 184.83 185.44 186.16 186.82 187.20 187.26 187.05 186.59
143.17 146.29 149.48 152.72 156.01 159.34 162.68 166.04 169.41 172.77 176.11 179.43 182.71 185.95 189.13 192.24 195.23 198.02 200.60 203.09 205.56 208.14 210.95 213.97 217.14 220.44 223.82 227.23 230.65 234.02 237.31 240.48 243.48 246.28 248.84 251.10 253.04 254.61 255.74 256.19 255.65 254.12 252.09 249.76 247.10 244.05 240.64 236.94 232.99 228.85 224.58 220.24 215.88 211.55 207.32 203.24 199.36 195.74 192.44 189.52 187.02 185.00 183.58 182.87 182.87 183.24 183.74 184.21 184.41 184.33 183.98 183.41 182.63
143.10 146.22 149.37 152.56 155.77 159.00 162.22 165.44 168.63 171.80 174.93 178.00 181.02 183.97 186.85 189.63 192.30 194.81 197.10 199.34 201.71 204.33 207.19 210.24 213.45 216.77 220.16 223.58 227.00 230.36 233.63 236.77 239.74 242.49 244.99 247.20 249.07 250.56 251.63 252.22 252.07 250.96 249.32 247.30 244.83 241.93 238.66 235.09 231.26 227.24 223.08 218.83 214.55 210.29 206.12 202.09 198.25 194.66 191.38 188.46 185.96 183.93 182.44 181.59 181.45 181.66 181.87 181.84 181.54 180.99 180.24 179.31 178.22
143.46 146.55 149.66 152.78 155.89 159.00 162.08 165.13 168.14 171.09 173.99 176.81 179.55 182.19 184.74 187.17 189.47 191.64 193.66 195.80 198.21 200.90 203.81 206.91 210.15 213.50 216.91 220.35 223.77 227.12 230.38 233.50 236.44 239.15 241.61 243.76 245.56 246.98 247.98 248.50 248.50 247.79 246.49 244.67 242.37 239.63 236.52 233.09 229.39 225.49 221.43 217.28 213.09 208.92 204.81 200.84 197.05 193.50 190.24 187.34 184.84 182.81 181.30 180.37 180.06 179.94 179.61 179.02 178.22 177.22 176.06 174.78 173.39
144.26 147.32 150.37 153.41 156.42 159.40 162.33 165.20 168.02 170.75 173.40 175.95 178.40 180.74 182.94 185.01 186.94 188.68 190.35 192.50 195.00 197.75 200.73 203.88 207.17 210.56 214.00 217.46 220.89 224.25 227.51 230.62 233.53 236.22 238.64 240.74 242.49 243.85 244.77 245.22 245.15 244.54 243.44 241.82 239.69 237.12 234.17 230.88 227.33 223.55 219.61 215.56 211.47 207.38 203.35 199.44 195.71 192.20 188.98 186.10 183.61 181.58 180.06 179.11 178.63 177.98 177.05 175.91 174.60 173.15 171.59 169.95 168.26
145.34 148.39 151.41 154.39 157.32 160.20 163.00 165.73 168.37 170.91 173.34 175.65 177.83 179.88 181.77 183.51 185.05 186.21 187.17 188.98 191.54 194.39 197.45 200.68 204.04 207.49 210.98 214.48 217.95 221.34 224.61 227.73 230.65 233.33 235.73 237.81 239.53 240.85 241.73 242.12 241.96 241.25 240.18 238.72 236.78 234.38 231.59 228.46 225.04 221.40 217.58 213.65 209.65 205.65 201.71 197.87 194.19 190.73 187.55 184.69 182.23 180.21 178.68 177.69 177.10 176.14 174.65 172.95 171.12 169.21 167.23 165.22 163.22
146.59 149.67 152.69 155.65 158.54 161.34 164.06 166.67 169.17 171.55 173.79 175.90 177.85 179.64 181.25 182.66 183.68 184.14 184.37 185.50 187.75 190.67 193.85 197.18 200.64 204.17 207.74 211.32 214.84 218.29 221.61 224.76 227.71 230.41 232.82 234.91 236.62 237.93 238.78 239.09 238.82 238.00 236.83 235.41 233.64 231.42 228.80 225.82 222.55 219.05 215.36 211.54 207.65 203.74 199.88 196.11 192.50 189.09 185.95 183.13 180.69 178.68 177.14 176.08 175.41 174.33 172.53 170.30 167.94 165.54 163.13 160.74 158.40
147.95 151.08 154.14 157.11 159.99 162.76 165.42 167.95 170.35 172.60 174.69 176.62 178.38 179.95 181.30 182.25 182.62 182.42 182.00 182.45 184.06 186.71 189.98 193.44 197.02 200.67 204.34 208.01 211.63 215.15 218.54 221.76 224.76 227.51 229.96 232.07 233.81 235.12 235.92 236.12 235.73 234.80 233.54 232.04 230.31 228.25 225.80 222.99 219.87 216.51 212.95 209.25 205.47 201.66 197.89 194.20 190.66 187.31 184.22 181.43 179.02 177.00 175.42 174.31 173.57 172.40 170.47 167.94 165.08 162.19 159.33 156.54 153.85
149.34 152.56 155.69 158.71 161.61 164.39 167.02 169.51 171.84 173.99 175.97 177.77 179.36 180.72 181.67 182.03 181.80 181.02 180.02 179.87 180.85 182.91 185.94 189.51 193.24 197.02 200.83 204.62 208.35 211.98 215.47 218.77 221.86 224.68 227.19 229.36 231.14 232.42 233.11 233.19 232.69 231.64 230.29 228.71 226.92 224.92 222.63 219.98 217.02 213.80 210.37 206.80 203.13 199.43 195.75 192.15 188.67 185.39 182.35 179.61 177.21 175.18 173.57 172.42 171.62 170.38 168.36 165.69 162.54 159.17 155.85 152.64 149.59
150.70 154.05 157.28 160.38 163.34 166.15 168.80 171.27 173.57 175.67 177.57 179.25 180.69 181.71 182.13 181.95 181.20 179.91 178.41 177.74 178.17 179.64 182.11 185.48 189.34 193.29 197.25 201.19 205.06 208.82 212.44 215.86 219.05 221.97 224.57 226.81 228.58 229.75 230.32 230.29 229.68 228.53 227.08 225.42 223.57 221.53 219.29 216.80 214.00 210.93 207.64 204.20 200.65 197.06 193.48 189.96 186.57 183.35 180.36 177.66 175.28 173.25 171.62 170.44 169.62 168.32 166.21 163.43 160.14 156.48 152.72 149.08 145.64
152.04 155.47 158.83 162.05 165.11 167.98 170.68 173.18 175.47 177.55 179.40 180.99 182.15 182.70 182.64 182.00 180.80 179.08 177.15 176.03 175.98 176.95 178.88 181.74 185.42 189.52 193.67 197.78 201.82 205.74 209.50 213.06 216.38 219.43 222.14 224.39 226.05 227.10 227.56 227.42 226.69 225.44 223.91 222.18 220.26 218.17 215.92 213.49 210.84 207.92 204.78 201.47 198.05 194.57 191.09 187.66 184.35 181.20 178.28 175.61 173.25 171.24 169.62 168.43 167.58 166.24 164.07 161.20 157.79 153.98 149.94 145.88 142.05
153.41 156.84 160.29 163.65 166.83 169.82 172.59 175.15 177.47 179.56 181.38 182.75 183.50 183.63 183.16 182.13 180.57 178.48 176.21 174.72 174.27 174.80 176.27 178.63 181.84 185.80 190.12 194.43 198.66 202.77 206.70 210.43 213.92 217.10 219.84 221.99 223.53 224.46 224.80 224.56 223.73 222.38 220.76 218.96 216.99 214.86 212.57 210.14 207.56 204.79 201.80 198.63 195.33 191.97 188.60 185.27 182.04 178.97 176.11 173.50 171.18 169.20 167.60 166.42 165.56 164.20 161.97 159.03 155.52 151.59 147.38 143.05 138.83
154.81 158.21 161.67 165.12 168.46 171.58 174.47 177.12 179.52 181.63 183.28 184.30 184.69 184.47 183.68 182.34 180.47 178.11 175.56 173.77 172.99 173.17 174.25 176.20 178.96 182.49 186.70 191.20 195.65 199.96 204.10 208.03 211.68 214.91 217.55 219.58 221.00 221.82 222.06 221.71 220.78 219.34 217.63 215.76 213.74 211.57 209.26 206.82 204.25 201.56 198.71 195.68 192.52 189.28 186.02 182.79 179.66 176.68 173.90 171.36 169.10 167.17 165.60 164.44 163.60 162.22 159.96 156.96 153.37 149.32 144.98 140.49 136.00
156.21 159.58 163.02 166.48 169.92 173.21 176.25 179.02 181.50 183.50 184.87 185.59 185.69 185.21 184.17 182.59 180.50 177.93 175.18 173.17 172.14 172.03 172.81 174.41 176.80 179.93 183.75 188.17 192.83 197.38 201.75 205.88 209.60 212.74 215.25 217.16 218.47 219.18 219.31 218.86 217.84 216.30 214.52 212.59 210.51 208.31 205.98 203.53 200.97 198.31 195.54 192.65 189.63 186.52 183.37 180.26 177.25 174.38 171.69 169.24 167.05 165.18 163.66 162.55 161.73 160.36 158.08 155.04 151.37 147.23 142.77 138.14 133.47
157.58 160.93 164.35 167.79 171.24 174.64 177.86 180.77 183.20 184.97 186.09 186.59 186.49 185.81 184.59 182.85 180.62 177.92 175.04 172.89 171.68 171.36 171.90 173.24 175.33 178.14 181.60 185.68 190.29 195.07 199.68 203.90 207.52 210.53 212.93 214.72 215.92 216.52 216.55 216.00 214.89 213.27 211.41 209.42 207.30 205.06 202.71 200.26 197.71 195.08 192.36 189.56 186.67 183.69 180.68 177.71 174.84 172.09 169.52 167.16 165.07 163.27 161.83 160.77 159.99 158.65 156.37 153.29 149.58 145.36 140.80 136.03 131.22
158.92 162.24 165.63 169.05 172.48 175.90 179.21 182.12 184.38 185.98 186.94 187.29 187.05 186.26 184.94 183.11 180.80 178.04 175.11 172.89 171.58 171.14 171.51 172.66 174.53 177.09 180.27 184.04 188.35 193.10 197.78 201.90 205.40 208.29 210.57 212.25 213.34 213.85 213.78 213.14 211.93 210.23 208.30 206.25 204.09 201.83 199.46 197.01 194.48 191.87 189.20 186.46 183.67 180.84 178.00 175.20 172.47 169.86 167.42 165.18 163.19 161.50 160.13 159.14 158.43 157.12 154.86 151.77 148.02 143.74 139.09 134.21 129.26
160.19 163.47 166.83 170.23 173.65 177.03 180.17 182.87 185.00 186.50 187.37 187.64 187.35 186.52 185.17 183.33 181.03 178.29 175.38 173.16 171.83 171.33 171.62 172.65 174.38 176.75 179.73 183.27 187.30 191.60 195.89 199.86 203.24 206.01 208.18 209.75 210.74 211.15 210.98 210.25 208.96 207.18 205.18 203.08 200.88 198.59 196.22 193.77 191.26 188.68 186.05 183.38 180.70 178.03 175.37 172.75 170.19 167.74 165.44 163.34 161.47 159.88 158.62 157.72 157.08 155.83 153.59 150.51 146.74 142.41 137.69 132.72 127.64
161.36 164.61 167.94 171.32 174.69 177.87 180.67 183.07 185.05 186.50 187.36 187.64 187.37 186.57 185.26 183.49 181.26 178.62 175.82 173.68 172.39 171.91 172.19 173.18 174.84 177.11 179.96 183.32 186.95 190.60 194.23 197.79 201.02 203.68 205.74 207.21 208.10 208.41 208.15 207.34 205.97 204.11 202.05 199.89 197.66 195.35 192.97 190.53 188.04 185.50 182.92 180.34 177.80 175.30 172.84 170.40 168.03 165.75 163.61 161.66 159.93 158.47 157.32 156.53 155.98 154.80 152.61 149.55 145.77 141.42 136.64 131.59 126.41
162.43 165.64 168.93 172.26 175.43 178.25 180.72 182.83 184.59 185.98 186.89 187.25 187.07 186.38 185.20 183.56 181.49 179.01 176.39 174.40 173.24 172.85 173.20 174.22 175.88 178.14 180.91 183.96 187.02 190.03 193.00 195.92 198.77 201.29 203.25 204.62 205.41 205.63 205.29 204.39 202.94 201.01 198.89 196.69 194.42 192.09 189.71 187.28 184.82 182.32 179.83 177.40 175.02 172.70 170.44 168.21 166.03 163.94 161.98 160.20 158.62 157.31 156.29 155.61 155.18 154.08 151.95 148.93 145.16 140.80 135.98 130.87 125.60
163.36 166.52 169.76 172.87 175.68 178.17 180.34 182.20 183.76 185.01 185.95 186.45 186.43 185.93 184.95 183.52 181.68 179.45 177.07 175.32 174.35 174.14 174.62 175.76 177.50 179.78 182.34 184.89 187.37 189.80 192.16 194.47 196.72 198.87 200.70 201.97 202.67 202.80 202.38 201.40 199.88 197.88 195.70 193.46 191.16 188.82 186.44 184.02 181.59 179.17 176.83 174.56 172.37 170.25 168.19 166.19 164.24 162.36 160.59 158.98 157.58 156.42 155.55 155.02 154.70 153.71 151.66 148.69 144.95 140.59 135.75 130.59 125.32
164.13 167.23 170.24 172.99 175.46 177.64 179.56 181.20 182.59 183.72 184.60 185.21 185.44 185.18 184.48 183.34 181.81 179.89 177.84 176.39 175.70 175.73 176.43 177.75 179.63 181.79 183.92 185.96 187.93 189.82 191.63 193.37 195.03 196.62 198.11 199.26 199.87 199.92 199.41 198.36 196.77 194.70 192.47 190.19 187.87 185.52 183.14 180.75 178.38 176.11 173.94 171.86 169.87 167.96 166.13 164.36 162.66 161.02 159.47 158.06 156.85 155.86 155.16 154.77 154.60 153.73 151.77 148.87 145.18 140.83 135.99 130.87 125.73
164.70 167.57 170.21 172.61 174.77 176.69 178.38 179.86 181.11 182.16 183.00 183.64 184.06 184.13 183.77 183.00 181.84 180.33 178.68 177.61 177.27 177.62 178.60 180.16 182.01 183.80 185.50 187.10 188.61 190.02 191.33 192.55 193.68 194.72 195.67 196.51 197.01 196.97 196.39 195.26 193.60 191.48 189.20 186.88 184.54 182.18 179.81 177.49 175.27 173.17 171.19 169.31 167.53 165.85 164.26 162.75 161.31 159.95 158.66 157.47 156.46 155.67 155.14 154.93 154.91 154.18 152.33 149.51 145.88 141.57 136.82 131.91 126.95
164.88 167.37 169.66 171.74 173.63 175.33 176.84 178.18 179.34 180.34 181.18 181.86 182.39 182.74 182.80 182.47 181.77 180.72 179.55 178.93 179.02 179.76 181.09 182.71 184.26 185.70 187.02 188.23 189.32 190.30 191.17 191.92 192.57 193.12 193.55 193.89 194.09 193.96 193.30 192.11 190.38 188.20 185.87 183.52 181.16 178.80 176.50 174.32 172.28 170.37 168.58 166.92 165.37 163.93 162.60 161.35 160.20 159.14 158.15 157.24 156.46 155.87 155.55 155.51 155.67 155.09 153.37 150.65 147.10 142.94 138.46 133.80 129.06
