data_processed/recharge/precip/Precip_1990_11.asc
ncols        168
nrows        136
xllcorner    455000
yllcorner    2107000
cellsize     500
NODATA_value     -99999
[rows 74 to 110 of 136, columns 0 to 82 of 168]
43.09 42.50 41.82 41.01 40.09 39.05 37.92 36.69 35.37 33.99 32.54 31.03 29.48 27.89 26.27 24.63 22.98 21.33 19.69 18.05 16.43 14.86 13.35 11.96 10.72 9.63 8.68 7.85 7.09 6.38 5.72 5.10 4.52 3.99 3.50 3.05 2.65 2.29 1.96 1.68 1.43 1.22 1.05 0.91 0.79 0.68 0.59 0.52 0.48 0.45 0.41 0.38 0.35 0.32 0.29 0.26 0.23 0.20 0.18 0.15 0.13 0.11 0.09 0.07 0.06 0.05 0.04 0.03 0.03 0.04 0.05 0.06 0.09 0.12 0.14 0.16 0.16 0.16 0.15 0.14 0.13 0.11 0.10
43.18 42.62 41.93 41.12 40.19 39.15 38.02 36.80 35.49 34.12 32.69 31.20 29.67 28.10 26.51 24.90 23.29 21.67 20.07 18.49 16.92 15.40 13.93 12.58 11.37 10.32 9.39 8.53 7.72 6.96 6.25 5.58 4.96 4.38 3.85 3.36 2.92 2.51 2.15 1.83 1.54 1.30 1.09 0.92 0.79 0.68 0.59 0.52 0.48 0.45 0.41 0.38 0.35 0.32 0.29 0.26 0.23 0.20 0.17 0.15 0.12 0.10 0.08 0.06 0.05 0.04 0.03 0.03 0.03 0.03 0.04 0.05 0.08 0.11 0.13 0.14 0.15 0.15 0.14 0.13 0.12 0.11 0.10
43.19 42.62 41.93 41.11 40.18 39.14 38.01 36.80 35.51 34.15 32.73 31.26 29.76 28.22 26.66 25.08 23.51 21.93 20.37 18.84 17.33 15.86 14.44 13.14 11.98 10.95 10.00 9.10 8.25 7.45 6.69 5.99 5.33 4.71 4.15 3.62 3.14 2.71 2.31 1.96 1.65 1.37 1.14 0.95 0.79 0.67 0.58 0.51 0.47 0.44 0.40 0.37 0.34 0.31 0.27 0.24 0.21 0.18 0.16 0.13 0.11 0.08 0.07 0.05 0.03 0.02 0.02 0.01 0.01 0.02 0.03 0.04 0.06 0.09 0.12 0.13 0.14 0.14 0.14 0.13 0.13 0.12 0.11
43.07 42.49 41.79 40.97 40.04 39.01 37.89 36.68 35.41 34.06 32.67 31.22 29.74 28.24 26.71 25.17 23.63 22.10 20.59 19.10 17.65 16.24 14.88 13.63 12.51 11.47 10.48 9.54 8.66 7.82 7.04 6.30 5.61 4.97 4.37 3.82 3.31 2.85 2.43 2.06 1.72 1.43 1.18 0.96 0.79 0.66 0.56 0.49 0.45 0.42 0.38 0.35 0.32 0.28 0.25 0.22 0.19 0.16 0.13 0.11 0.08 0.06 0.04 0.03 0.01 0.00 0.00 0.00 0.00 0.00 0.01 0.03 0.05 0.08 0.10 0.11 0.12 0.13 0.13 0.13 0.13 0.12 0.12
42.80 42.22 41.52 40.70 39.77 38.75 37.64 36.45 35.19 33.86 32.49 31.07 29.62 28.15 26.65 25.16 23.66 22.17 20.71 19.27 17.88 16.53 15.23 14.03 12.90 11.83 10.82 9.85 8.94 8.08 7.27 6.50 5.79 5.13 4.51 3.94 3.41 2.93 2.50 2.11 1.76 1.45 1.19 0.96 0.78 0.63 0.53 0.46 0.42 0.39 0.35 0.32 0.28 0.25 0.22 0.19 0.16 0.13 0.10 0.07 0.05 0.03 0.01 0.00 0.00 0.00 0.00 0.00 0.00 0.00 0.00 0.01 0.03 0.06 0.08 0.10 0.11 0.13 0.13 0.14 0.14 0.14 0.13
42.31 41.74 41.04 40.22 39.31 38.30 37.20 36.03 34.80 33.50 32.16 30.77 29.36 27.92 26.47 25.02 23.57 22.14 20.73 19.36 18.02 16.74 15.50 14.30 13.15 12.05 11.01 10.03 9.09 8.21 7.38 6.60 5.87 5.19 4.56 3.97 3.43 2.94 2.50 2.10 1.74 1.43 1.16 0.93 0.74 0.59 0.49 0.42 0.39 0.35 0.32 0.28 0.25 0.21 0.18 0.15 0.12 0.09 0.06 0.04 0.01 0.00 0.00 0.00 0.00 0.00 0.00 0.00 0.00 0.00 0.00 0.00 0.01 0.03 0.06 0.09 0.11 0.12 0.13 0.14 0.15 0.15 0.15
41.24 40.69 40.02 39.25 38.37 37.40 36.35 35.23 34.04 32.80 31.52 30.20 28.84 27.48 26.10 24.72 23.35 22.00 20.67 19.38 18.13 16.92 15.71 14.50 13.33 12.21 11.15 10.14 9.19 8.29 7.44 6.65 5.90 5.21 4.56 3.97 3.42 2.92 2.46 2.05 1.69 1.37 1.10 0.87 0.68 0.53 0.43 0.38 0.37 0.35 0.31 0.27 0.24 0.20 0.17 0.13 0.10 0.07 0.04 0.01 0.00 0.00 0.00 0.00 0.00 0.00 0.00 0.00 0.00 0.00 0.00 0.00 0.00 0.01 0.04 0.07 0.10 0.12 0.13 0.15 0.15 0.16 0.16
39.49 39.00 38.41 37.70 36.90 36.01 35.04 34.00 32.90 31.75 30.56 29.33 28.08 26.82 25.55 24.28 23.02 21.78 20.58 19.41 18.27 17.09 15.88 14.66 13.49 12.35 11.27 10.24 9.27 8.35 7.48 6.67 5.91 5.20 4.55 3.94 3.38 2.87 2.41 1.99 1.62 1.30 1.02 0.79 0.60 0.45 0.36 0.34 0.37 0.37 0.34 0.30 0.26 0.22 0.18 0.14 0.11 0.07 0.04 0.01 0.00 0.00 0.00 0.00 0.00 0.00 0.00 0.00 0.00 0.00 0.00 0.00 0.00 0.00 0.02 0.05 0.08 0.10 0.13 0.14 0.16 0.16 0.17
37.17 36.74 36.25 35.65 34.96 34.18 33.33 32.41 31.43 30.41 29.35 28.25 27.14 26.01 24.88 23.76 22.65 21.56 20.51 19.47 18.38 17.22 16.00 14.79 13.61 12.47 11.37 10.32 9.33 8.39 7.51 6.68 5.91 5.18 4.51 3.90 3.33 2.81 2.34 1.91 1.54 1.21 0.93 0.69 0.50 0.37 0.31 0.32 0.37 0.40 0.40 0.36 0.32 0.27 0.23 0.18 0.14 0.10 0.06 0.03 0.00 0.00 0.00 0.00 0.00 0.00 0.00 0.00 0.00 0.00 0.00 0.00 0.00 0.00 0.00 0.02 0.05 0.09 0.11 0.13 0.15 0.16 0.17
34.64 34.00 33.60 33.15 32.60 31.97 31.27 30.51 29.69 28.83 27.93 27.01 26.06 25.11 24.16 23.22 22.29 21.39 20.50 19.53 18.45 17.30 16.09 14.88 13.70 12.55 11.45 10.38 9.37 8.42 7.52 6.68 5.89 5.15 4.47 3.84 3.26 2.73 2.25 1.82 1.44 1.11 0.82 0.59 0.41 0.30 0.27 0.30 0.38 0.43 0.45 0.44 0.40 0.35 0.29 0.24 0.19 0.15 0.10 0.06 0.02 0.00 0.00 0.00 0.00 0.00 0.00 0.00 0.00 0.00 0.00 0.00 0.00 0.00 0.00 0.00 0.03 0.06 0.09 0.12 0.14 0.16 0.17
32.20 31.13 30.58 30.26 29.89 29.45 28.94 28.37 27.74 27.08 26.38 25.66 24.92 24.18 23.44 22.72 22.01 21.30 20.49 19.54 18.48 17.33 16.13 14.92 13.75 12.61 11.50 10.43 9.41 8.43 7.52 6.66 5.86 5.11 4.41 3.77 3.18 2.64 2.16 1.72 1.33 1.00 0.71 0.48 0.33 0.25 0.24 0.30 0.40 0.47 0.51 0.52 0.50 0.45 0.39 0.33 0.27 0.21 0.16 0.11 0.06 0.02 0.00 0.00 0.00 0.00 0.00 0.00 0.00 0.00 0.00 0.00 0.00 0.00 0.00 0.00 0.00 0.03 0.07 0.10 0.12 0.15 0.16
29.90 28.43 27.51 27.08 26.89 26.67 26.38 26.04 25.64 25.21 24.75 24.27 23.78 23.28 22.79 22.32 21.83 21.21 20.43 19.50 18.46 17.33 16.14 14.94 13.76 12.63 11.52 10.46 9.43 8.44 7.51 6.64 5.82 5.06 4.35 3.70 3.10 2.55 2.06 1.61 1.22 0.88 0.60 0.40 0.28 0.22 0.23 0.31 0.42 0.52 0.58 0.60 0.59 0.56 0.50 0.43 0.36 0.29 0.23 0.17 0.11 0.06 0.00 0.00 0.00 0.00 0.00 0.00 0.00 0.00 0.00 0.00 0.00 0.00 0.00 0.00 0.00 0.00 0.04 0.07 0.10 0.13 0.15
27.76 25.95 24.68 23.94 23.70 23.69 23.67 23.58 23.46 23.29 23.10 22.90 22.68 22.47 22.26 22.03 21.65 21.07 20.32 19.42 18.40 17.29 16.11 14.91 13.75 12.61 11.52 10.46 9.43 8.44 7.50 6.61 5.78 5.00 4.28 3.62 3.01 2.45 1.95 1.50 1.10 0.77 0.52 0.34 0.24 0.20 0.23 0.32 0.46 0.57 0.64 0.68 0.68 0.66 0.61 0.54 0.46 0.38 0.30 0.23 0.16 0.10 0.03 0.00 0.00 0.00 0.00 0.00 0.00 0.00 0.00 0.00 0.00 0.00 0.00 0.00 0.00 0.00 0.00 0.04 0.07 0.11 0.13
25.78 23.69 22.14 21.12 20.63 20.62 20.85 21.06 21.24 21.38 21.50 21.60 21.70 21.80 21.87 21.76 21.43 20.89 20.17 19.30 18.30 17.20 16.04 14.85 13.69 12.57 11.48 10.43 9.41 8.43 7.48 6.58 5.73 4.94 4.21 3.54 2.92 2.35 1.84 1.39 1.00 0.69 0.46 0.30 0.22 0.20 0.24 0.35 0.50 0.62 0.70 0.75 0.77 0.76 0.72 0.66 0.57 0.48 0.39 0.30 0.22 0.14 0.06 0.00 0.00 0.00 0.00 0.00 0.00 0.00 0.00 0.00 0.00 0.00 0.00 0.00 0.00 0.00 0.00 0.01 0.04 0.08 0.11
23.98 21.67 19.90 18.67 17.95 17.75 18.02 18.54 19.05 19.53 19.99 20.45 20.89 21.30 21.50 21.45 21.16 20.66 19.97 19.13 18.16 17.08 15.93 14.76 13.61 12.50 11.42 10.37 9.36 8.39 7.45 6.55 5.69 4.89 4.14 3.46 2.83 2.26 1.74 1.29 0.93 0.64 0.43 0.29 0.21 0.21 0.27 0.39 0.54 0.67 0.77 0.83 0.85 0.85 0.82 0.76 0.68 0.58 0.48 0.37 0.27 0.18 0.09 0.00 0.00 0.00 0.00 0.00 0.00 0.00 0.00 0.00 0.00 0.00 0.00 0.00 0.00 0.00 0.00 0.00 0.01 0.05 0.08
22.37 19.90 17.98 16.58 15.71 15.35 15.49 16.10 16.95 17.81 18.65 19.48 20.26 20.82 21.08 21.08 20.84 20.38 19.73 18.92 17.98 16.92 15.79 14.63 13.49 12.39 11.33 10.29 9.29 8.33 7.40 6.50 5.65 4.84 4.08 3.39 2.75 2.17 1.66 1.23 0.88 0.61 0.41 0.29 0.23 0.24 0.30 0.43 0.59 0.73 0.83 0.90 0.93 0.93 0.91 0.85 0.78 0.68 0.57 0.44 0.33 0.21 0.10 0.00 0.00 0.00 0.00 0.00 0.00 0.00 0.00 0.00 0.00 0.00 0.00 0.00 0.00 0.00 0.00 0.00 0.00 0.02 0.05
20.96 18.40 16.38 14.89 13.92 13.46 13.50 14.04 15.04 16.27 17.53 18.72 19.66 20.28 20.61 20.66 20.47 20.06 19.45 18.68 17.76 16.73 15.61 14.47 13.35 12.26 11.21 10.19 9.20 8.25 7.33 6.44 5.60 4.79 4.03 3.32 2.67 2.10 1.61 1.20 0.87 0.61 0.43 0.31 0.26 0.28 0.35 0.49 0.65 0.79 0.89 0.96 1.00 1.00 0.98 0.93 0.86 0.76 0.64 0.51 0.38 0.24 0.12 0.01 0.00 0.00 0.00 0.00 0.00 0.00 0.00 0.00 0.00 0.00 0.00 0.00 0.00 0.00 0.00 0.00 0.00 0.00 0.02
19.77 17.17 15.12 13.59 12.58 12.09 12.10 12.60 13.58 15.01 16.62 17.99 19.01 19.70 20.09 20.20 20.06 19.69 19.12 18.39 17.50 16.50 15.40 14.27 13.17 12.10 11.07 10.06 9.09 8.15 7.24 6.37 5.54 4.74 3.98 3.27 2.63 2.07 1.59 1.20 0.88 0.64 0.46 0.36 0.31 0.34 0.41 0.55 0.72 0.86 0.96 1.03 1.06 1.07 1.04 0.99 0.92 0.82 0.70 0.57 0.42 0.27 0.13 0.02 0.00 0.00 0.00 0.00 0.00 0.00 0.00 0.00 0.00 0.00 0.00 0.00 0.00 0.00 0.00 0.00 0.00 0.00 0.00
18.80 16.23 14.20 12.70 11.72 11.25 11.29 11.81 12.82 14.23 15.79 17.21 18.31 19.07 19.52 19.69 19.60 19.28 18.76 18.06 17.21 16.23 15.15 14.05 12.97 11.92 10.90 9.91 8.95 8.03 7.14 6.28 5.46 4.68 3.93 3.24 2.62 2.08 1.61 1.23 0.92 0.69 0.52 0.42 0.38 0.41 0.49 0.62 0.78 0.92 1.02 1.09 1.12 1.12 1.10 1.04 0.96 0.86 0.74 0.60 0.44 0.29 0.15 0.03 0.00 0.00 0.00 0.00 0.00 0.00 0.00 0.00 0.00 0.00 0.00 0.00 0.00 0.00 0.00 0.00 0.00 0.00 0.00
18.08 15.60 13.65 12.24 11.35 10.96 11.08 11.69 12.71 13.89 15.13 16.41 17.55 18.38 18.90 19.13 19.09 18.83 18.35 17.69 16.88 15.93 14.88 13.80 12.74 11.71 10.71 9.74 8.80 7.89 7.02 6.18 5.38 4.61 3.89 3.24 2.65 2.12 1.67 1.29 0.99 0.76 0.60 0.50 0.47 0.49 0.57 0.70 0.86 0.99 1.09 1.15 1.17 1.17 1.14 1.07 0.99 0.88 0.75 0.60 0.46 0.32 0.18 0.05 0.00 0.00 0.00 0.00 0.00 0.00 0.00 0.00 0.00 0.00 0.00 0.00 0.00 0.00 0.00 0.00 0.00 0.00 0.00
17.60 15.27 13.48 12.21 11.47 11.23 11.50 12.17 13.01 13.89 14.80 15.77 16.77 17.65 18.23 18.52 18.55 18.33 17.90 17.29 16.51 15.60 14.57 13.52 12.48 11.47 10.50 9.55 8.63 7.74 6.89 6.07 5.28 4.55 3.87 3.25 2.70 2.20 1.76 1.39 1.09 0.87 0.71 0.61 0.57 0.59 0.66 0.79 0.94 1.06 1.15 1.20 1.22 1.21 1.16 1.09 1.00 0.88 0.74 0.60 0.47 0.33 0.20 0.07 0.00 0.00 0.00 0.00 0.00 0.00 0.00 0.00 0.00 0.00 0.00 0.00 0.00 0.00 0.00 0.00 0.00 0.00 0.00
17.40 15.28 13.69 12.64 12.10 12.07 12.46 13.00 13.56 14.15 14.77 15.43 16.14 16.89 17.52 17.87 17.96 17.80 17.42 16.85 16.11 15.23 14.24 13.21 12.20 11.22 10.26 9.34 8.44 7.58 6.75 5.95 5.20 4.50 3.87 3.29 2.76 2.29 1.88 1.52 1.22 0.99 0.83 0.73 0.69 0.70 0.77 0.88 1.02 1.14 1.21 1.25 1.26 1.23 1.18 1.09 0.98 0.86 0.73 0.60 0.47 0.34 0.22 0.10 0.00 0.00 0.00 0.00 0.00 0.00 0.00 0.00 0.00 0.00 0.00 0.00 0.00 0.00 0.00 0.00 0.00 0.00 0.00
17.47 15.62 14.30 13.52 13.25 13.41 13.70 14.01 14.32 14.65 15.00 15.38 15.80 16.28 16.78 17.18 17.33 17.23 16.90 16.37 15.68 14.83 13.87 12.87 11.89 10.94 10.01 9.11 8.24 7.40 6.59 5.83 5.12 4.47 3.87 3.33 2.84 2.40 2.01 1.67 1.38 1.15 0.98 0.87 0.82 0.83 0.88 0.98 1.11 1.21 1.27 1.30 1.29 1.25 1.18 1.08 0.96 0.84 0.71 0.59 0.47 0.35 0.23 0.11 0.01 0.00 0.00 0.00 0.00 0.00 0.00 0.00 0.00 0.00 0.00 0.00 0.00 0.00 0.00 0.00 0.00 0.00 0.00
17.82 16.31 15.33 14.87 14.85 14.95 15.05 15.14 15.22 15.32 15.43 15.56 15.73 15.93 16.18 16.47 16.66 16.61 16.34 15.87 15.21 14.41 13.48 12.51 11.56 10.63 9.73 8.86 8.02 7.21 6.44 5.72 5.06 4.45 3.90 3.39 2.93 2.52 2.15 1.83 1.56 1.33 1.15 1.04 0.98 0.97 1.01 1.09 1.21 1.29 1.33 1.34 1.31 1.26 1.17 1.06 0.94 0.82 0.70 0.58 0.46 0.35 0.24 0.13 0.03 0.00 0.00 0.00 0.00 0.00 0.00 0.00 0.00 0.00 0.00 0.00 0.00 0.00 0.00 0.00 0.00 0.00 0.00
18.49 17.36 16.77 16.62 16.59 16.53 16.44 16.34 16.24 16.13 16.02 15.94 15.87 15.84 15.84 15.89 15.97 15.97 15.75 15.32 14.72 13.95 13.06 12.12 11.20 10.31 9.44 8.60 7.79 7.02 6.30 5.63 5.01 4.45 3.93 3.46 3.03 2.65 2.31 2.01 1.75 1.52 1.34 1.22 1.14 1.12 1.14 1.21 1.30 1.37 1.39 1.38 1.33 1.25 1.15 1.04 0.92 0.81 0.69 0.58 0.47 0.35 0.25 0.14 0.04 0.00 0.00 0.00 0.00 0.00 0.00 0.00 0.00 0.00 0.00 0.00 0.00 0.00 0.00 0.00 0.00 0.00 0.00
19.46 18.79 18.56 18.44 18.28 18.08 17.84 17.59 17.31 17.02 16.73 16.45 16.18 15.94 15.72 15.54 15.40 15.30 15.12 14.75 14.19 13.47 12.62 11.71 10.83 9.97 9.13 8.32 7.55 6.83 6.17 5.55 4.97 4.45 3.97 3.53 3.13 2.78 2.46 2.18 1.94 1.73 1.55 1.41 1.32 1.28 1.29 1.34 1.41 1.45 1.45 1.41 1.34 1.24 1.14 1.03 0.92 0.81 0.70 0.58 0.47 0.36 0.26 0.16 0.06 0.00 0.00 0.00 0.00 0.00 0.00 0.00 0.00 0.00 0.00 0.00 0.00 0.00 0.00 0.00 0.00 0.00 0.00
20.76 20.51 20.35 20.14 19.88 19.56 19.20 18.81 18.40 17.96 17.51 17.06 16.62 16.19 15.78 15.39 15.05 14.74 14.48 14.14 13.63 12.96 12.14 11.28 10.43 9.60 8.80 8.04 7.33 6.66 6.04 5.47 4.94 4.46 4.01 3.61 3.24 2.91 2.61 2.35 2.13 1.93 1.77 1.63 1.52 1.46 1.44 1.47 1.51 1.53 1.50 1.44 1.35 1.25 1.15 1.04 0.93 0.82 0.71 0.60 0.49 0.38 0.28 0.18 0.08 0.00 0.00 0.00 0.00 0.00 0.00 0.00 0.00 0.00 0.00 0.00 0.00 0.00 0.00 0.00 0.00 0.00 0.00
22.29 22.16 21.96 21.68 21.33 20.93 20.47 19.98 19.45 18.89 18.31 17.73 17.13 16.55 15.97 15.41 14.88 14.39 13.94 13.52 13.05 12.42 11.65 10.82 10.01 9.23 8.47 7.77 7.11 6.50 5.93 5.40 4.91 4.47 4.06 3.68 3.35 3.04 2.77 2.53 2.32 2.13 1.97 1.84 1.73 1.65 1.61 1.60 1.62 1.61 1.55 1.47 1.38 1.28 1.17 1.07 0.96 0.85 0.74 0.63 0.52 0.41 0.31 0.21 0.11 0.02 0.00 0.00 0.00 0.00 0.00 0.00 0.00 0.00 0.00 0.00 0.00 0.00 0.00 0.00 0.00 0.00 0.00
23.70 23.55 23.31 22.99 22.59 22.13 21.61 21.04 20.42 19.77 19.09 18.39 17.68 16.96 16.25 15.55 14.86 14.20 13.58 13.00 12.45 11.86 11.13 10.35 9.58 8.84 8.15 7.50 6.90 6.34 5.82 5.34 4.89 4.48 4.11 3.76 3.45 3.17 2.92 2.70 2.50 2.33 2.17 2.05 1.94 1.85 1.78 1.75 1.73 1.69 1.61 1.52 1.43 1.33 1.22 1.11 1.00 0.89 0.78 0.67 0.56 0.45 0.35 0.25 0.15 0.06 0.00 0.00 0.00 0.00 0.00 0.00 0.00 0.00 0.00 0.00 0.00 0.00 0.00 0.00 0.00 0.00 0.00
24.77 24.62 24.38 24.04 23.62 23.13 22.56 21.94 21.27 20.55 19.80 19.01 18.21 17.39 16.57 15.74 14.93 14.14 13.37 12.64 11.94 11.29 10.59 9.85 9.14 8.46 7.83 7.24 6.69 6.18 5.71 5.27 4.86 4.49 4.15 3.84 3.55 3.30 3.07 2.86 2.67 2.51 2.37 2.24 2.13 2.04 1.96 1.90 1.85 1.78 1.69 1.60 1.50 1.40 1.29 1.18 1.07 0.96 0.84 0.73 0.62 0.51 0.40 0.30 0.20 0.11 0.02 0.00 0.00 0.00 0.00 0.00 0.00 0.00 0.00 0.00 0.00 0.00 0.00 0.00 0.00 0.00 0.00
25.46 25.34 25.12 24.80 24.38 23.88 23.30 22.66 21.96 21.20 20.39 19.55 18.68 17.79 16.89 15.97 15.06 14.16 13.27 12.41 11.58 10.79 10.04 9.33 8.68 8.07 7.50 6.97 6.48 6.02 5.59 5.19 4.83 4.49 4.18 3.90 3.64 3.41 3.20 3.01 2.84 2.68 2.54 2.42 2.31 2.21 2.12 2.05 1.97 1.89 1.80 1.71 1.61 1.50 1.39 1.28 1.16 1.05 0.93 0.81 0.70 0.58 0.47 0.37 0.27 0.17 0.08 0.00 0.00 0.00 0.00 0.00 0.00 0.00 0.00 0.00 0.00 0.00 0.00 0.00 0.00 0.00 0.00
25.99 25.92 25.73 25.44 25.05 24.56 23.99 23.34 22.62 21.84 21.01 20.13 19.21 18.26 17.29 16.30 15.31 14.31 13.33 12.36 11.41 10.48 9.48 8.61 8.01 7.47 6.97 6.51 6.07 5.67 5.30 4.96 4.64 4.35 4.09 3.84 3.62 3.42 3.24 3.07 2.92 2.78 2.66 2.55 2.45 2.35 2.27 2.19 2.11 2.02 1.93 1.83 1.73 1.62 1.50 1.39 1.27 1.15 1.03 0.90 0.78 0.67 0.55 0.44 0.34 0.24 0.14 0.06 0.00 0.00 0.00 0.00 0.00 0.00 0.00 0.00 0.00 0.00 0.00 0.00 0.00 0.00 0.00
26.58 26.56 26.42 26.17 25.80 25.34 24.78 24.13 23.41 22.61 21.76 20.85 19.89 18.89 17.86 16.81 15.74 14.66 13.58 12.51 11.44 10.27 8.92 7.71 6.96 6.49 6.07 5.69 5.34 5.01 4.72 4.44 4.19 3.97 3.76 3.58 3.41 3.26 3.12 3.00 2.89 2.79 2.70 2.61 2.54 2.47 2.40 2.32 2.24 2.15 2.05 1.95 1.84 1.73 1.61 1.49 1.37 1.24 1.12 0.99 0.87 0.75 0.63 0.51 0.40 0.30 0.20 0.11 0.03 0.00 0.00 0.00 0.00 0.00 0.00 0.00 0.00 0.00 0.00 0.00 0.00 0.00 0.00
27.21 27.26 27.18 26.97 26.64 26.20 25.66 25.03 24.30 23.50 22.63 21.70 20.71 19.67 18.59 17.48 16.34 15.19 14.03 12.85 11.55 10.04 8.35 6.81 5.75 5.15 4.82 4.54 4.28 4.06 3.85 3.67 3.50 3.36 3.23 3.12 3.02 2.94 2.87 2.81 2.76 2.71 2.68 2.64 2.61 2.58 2.52 2.45 2.36 2.27 2.17 2.06 1.95 1.83 1.71 1.59 1.46 1.33 1.20 1.07 0.95 0.82 0.70 0.58 0.47 0.36 0.26 0.17 0.08 0.01 0.00 0.00 0.00 0.00 0.00 0.00 0.00 0.00 0.00 0.00 0.00 0.00 0.00
27.90 28.00 27.97 27.81 27.53 27.13 26.62 26.00 25.29 24.49 23.61 22.66 21.65 20.58 19.46 18.29 17.10 15.88 14.63 13.23 11.61 9.78 7.78 5.94 4.58 3.70 3.27 3.08 2.94 2.83 2.73 2.66 2.60 2.56 2.53 2.51 2.50 2.51 2.52 2.54 2.56 2.59 2.63 2.66 2.68 2.68 2.64 2.57 2.48 2.38 2.28 2.17 2.05 1.93 1.80 1.68 1.55 1.41 1.28 1.15 1.02 0.89 0.77 0.64 0.53 0.42 0.31 0.22 0.13 0.05 0.00 0.00 0.00 0.00 0.00 0.00 0.00 0.00 0.00 0.00 0.00 0.00 0.00
28.64 28.76 28.79 28.69 28.46 28.10 27.62 27.03 26.34 25.55 24.67 23.71 22.68 21.58 20.43 19.22 17.98 16.68 15.23 13.53 11.60 9.47 7.20 5.10 3.48 2.32 1.63 1.37 1.34 1.36 1.40 1.45 1.51 1.59 1.67 1.77 1.87 1.98 2.10 2.21 2.33 2.46 2.58 2.68 2.75 2.77 2.75 2.69 2.59 2.49 2.38 2.26 2.14 2.02 1.89 1.76 1.63 1.49 1.36 1.22 1.09 0.96 0.83 0.70 0.58 0.47 0.36 0.26 0.17 0.09 0.02 0.00 0.00 0.00 0.00 0.00 0.00 0.00 0.00 0.00 0.00 0.00 0.00
29.43 29.56 29.61 29.56 29.39 29.09 28.65 28.10 27.43 26.65 25.78 24.83 23.78 22.67 21.49 20.25 18.94 17.47 15.72 13.73 11.52 9.13 6.63 4.29 2.43 1.04 0.11 0.00 0.00 0.00 0.00 0.06 0.26 0.48 0.70 0.92 1.16 1.39 1.63 1.86 2.10 2.33 2.54 2.70 2.81 2.85 2.85 2.79 2.70 2.59 2.48 2.36 2.23 2.11 1.98 1.84 1.71 1.57 1.43 1.29 1.15 1.02 0.89 0.76 0.64 0.52 0.41 0.31 0.21 0.13 0.06 0.00 0.00 0.00 0.00 0.00 0.00 0.00 0.00 0.00 0.00 0.00 0.00
