data_processed/recharge/precip/Precip_1986_07.asc
ncols        168
nrows        136
xllcorner    455000
yllcorner    2107000
cellsize     500
NODATA_value     -99999
[rows 32 to 63 of 136, columns 71 to 141 of 168]
92.01 91.66 91.34 91.04 90.78 90.54 90.32 90.13 89.96 89.79 89.60 89.41 89.21 88.99 88.76 88.53 88.28 88.01 87.74 87.45 87.16 86.85 86.52 86.19 85.84 85.48 85.10 84.72 84.32 83.90 83.47 83.03 82.57 82.10 81.62 81.12 80.61 80.08 79.54 78.98 78.40 77.81 77.18 76.50 75.78 75.01 74.20 73.34 72.45 71.52 70.56 69.57 68.66 67.97 67.48 67.21 67.13 67.26 67.57 68.07 68.76 69.61 70.59 71.62 72.64 73.67 74.70 75.72 76.73 77.74 78.72
92.63 92.26 91.92 91.60 91.32 91.06 90.82 90.61 90.40 90.18 89.95 89.71 89.47 89.21 88.95 88.68 88.40 88.10 87.80 87.49 87.17 86.84 86.50 86.15 85.78 85.41 85.03 84.63 84.22 83.81 83.38 82.94 82.48 82.02 81.54 81.05 80.55 80.04 79.51 78.97 78.42 77.85 77.27 76.65 75.98 75.28 74.53 73.74 72.91 72.04 71.14 70.22 69.38 68.75 68.34 68.15 68.16 68.37 68.77 69.37 70.15 71.06 72.02 73.00 73.98 74.97 75.96 76.95 77.93 78.91 79.87
93.25 92.86 92.49 92.16 91.85 91.57 91.32 91.06 90.80 90.54 90.27 89.99 89.71 89.42 89.12 88.81 88.50 88.18 87.86 87.52 87.18 86.83 86.47 86.11 85.73 85.35 84.96 84.55 84.15 83.73 83.30 82.86 82.41 81.96 81.49 81.01 80.52 80.03 79.52 79.00 78.47 77.93 77.38 76.81 76.21 75.57 74.88 74.16 73.40 72.60 71.77 70.91 70.14 69.59 69.26 69.15 69.24 69.54 70.04 70.74 71.57 72.46 73.37 74.30 75.24 76.19 77.14 78.10 79.05 80.00 80.94
93.86 93.45 93.06 92.71 92.38 92.08 91.78 91.48 91.18 90.87 90.56 90.24 89.92 89.60 89.27 88.94 88.60 88.25 87.90 87.55 87.19 86.82 86.45 86.07 85.69 85.29 84.90 84.49 84.08 83.66 83.24 82.81 82.37 81.92 81.47 81.00 80.53 80.06 79.57 79.07 78.57 78.06 77.54 77.01 76.46 75.89 75.27 74.61 73.92 73.20 72.44 71.65 70.96 70.48 70.23 70.21 70.39 70.79 71.38 72.14 72.95 73.78 74.64 75.52 76.42 77.33 78.25 79.17 80.10 81.02 81.94
94.47 94.03 93.62 93.25 92.90 92.56 92.21 91.87 91.52 91.18 90.83 90.47 90.12 89.76 89.41 89.04 88.68 88.31 87.94 87.57 87.19 86.81 86.43 86.04 85.65 85.25 84.85 84.45 84.04 83.62 83.21 82.78 82.35 81.92 81.48 81.03 80.58 80.12 79.66 79.19 78.71 78.23 77.74 77.25 76.74 76.23 75.69 75.10 74.49 73.83 73.15 72.44 71.82 71.43 71.27 71.33 71.61 72.10 72.75 73.47 74.23 75.01 75.83 76.66 77.52 78.39 79.27 80.16 81.06 81.96 82.86
95.07 94.61 94.18 93.78 93.39 93.00 92.61 92.23 91.84 91.45 91.07 90.68 90.30 89.91 89.53 89.14 88.75 88.37 87.98 87.59 87.20 86.81 86.41 86.02 85.62 85.22 84.82 84.42 84.01 83.61 83.19 82.78 82.36 81.95 81.52 81.10 80.67 80.23 79.79 79.35 78.91 78.46 78.00 77.54 77.08 76.61 76.13 75.63 75.09 74.51 73.91 73.27 72.74 72.43 72.36 72.52 72.89 73.44 74.06 74.72 75.42 76.16 76.92 77.71 78.52 79.36 80.20 81.07 81.94 82.81 83.69
95.66 95.18 94.72 94.28 93.85 93.41 92.98 92.56 92.13 91.71 91.29 90.88 90.46 90.05 89.64 89.23 88.82 88.42 88.01 87.61 87.21 86.81 86.41 86.01 85.61 85.21 84.81 84.41 84.01 83.61 83.21 82.81 82.41 82.01 81.60 81.20 80.79 80.38 79.98 79.56 79.15 78.74 78.32 77.90 77.48 77.05 76.62 76.19 75.73 75.23 74.71 74.16 73.71 73.49 73.52 73.77 74.20 74.71 75.27 75.87 76.52 77.20 77.92 78.66 79.44 80.23 81.05 81.88 82.72 83.58 84.44
96.24 95.73 95.24 94.75 94.27 93.80 93.33 92.86 92.40 91.95 91.50 91.05 90.61 90.17 89.74 89.31 88.89 88.47 88.05 87.63 87.22 86.81 86.41 86.01 85.61 85.21 84.82 84.42 84.03 83.64 83.26 82.87 82.49 82.10 81.72 81.34 80.96 80.58 80.20 79.83 79.45 79.07 78.69 78.31 77.93 77.56 77.18 76.79 76.41 76.00 75.56 75.10 74.74 74.61 74.73 75.03 75.43 75.88 76.37 76.92 77.51 78.15 78.82 79.52 80.25 81.01 81.80 82.60 83.42 84.25 85.09
96.80 96.26 95.72 95.19 94.67 94.15 93.64 93.14 92.65 92.16 91.69 91.21 90.75 90.29 89.84 89.39 88.95 88.51 88.09 87.66 87.24 86.83 86.42 86.02 85.62 85.23 84.84 84.46 84.08 83.70 83.33 82.96 82.60 82.24 81.88 81.53 81.18 80.83 80.48 80.14 79.80 79.46 79.12 78.79 78.46 78.13 77.80 77.47 77.14 76.81 76.46 76.09 75.82 75.79 75.96 76.22 76.55 76.94 77.38 77.87 78.41 78.99 79.61 80.27 80.97 81.69 82.44 83.22 84.01 84.82 85.64
97.34 96.75 96.17 95.59 95.03 94.48 93.94 93.40 92.88 92.37 91.86 91.36 90.88 90.40 89.93 89.47 89.01 88.57 88.13 87.70 87.28 86.86 86.45 86.05 85.66 85.27 84.90 84.52 84.16 83.80 83.44 83.09 82.75 82.41 82.08 81.76 81.44 81.12 80.81 80.51 80.20 79.91 79.62 79.33 79.04 78.76 78.49 78.22 77.95 77.68 77.41 77.13 76.96 76.98 77.11 77.30 77.56 77.89 78.27 78.70 79.19 79.72 80.30 80.92 81.58 82.27 82.99 83.73 84.50 85.29 86.09
97.84 97.21 96.58 95.97 95.37 94.78 94.21 93.64 93.09 92.55 92.02 91.50 91.00 90.50 90.02 89.54 89.08 88.62 88.18 87.74 87.32 86.90 86.50 86.10 85.72 85.34 84.97 84.61 84.26 83.92 83.59 83.26 82.94 82.63 82.33 82.04 81.75 81.47 81.20 80.93 80.67 80.42 80.17 79.93 79.70 79.47 79.25 79.04 78.83 78.62 78.43 78.23 78.11 78.09 78.14 78.27 78.46 78.72 79.04 79.42 79.86 80.35 80.88 81.46 82.08 82.73 83.42 84.14 84.89 85.65 86.44
98.33 97.65 96.98 96.33 95.70 95.08 94.47 93.88 93.30 92.74 92.19 91.65 91.12 90.61 90.11 89.63 89.16 88.69 88.25 87.81 87.39 86.97 86.57 86.18 85.81 85.44 85.09 84.74 84.41 84.09 83.77 83.47 83.18 82.90 82.63 82.37 82.12 81.87 81.64 81.42 81.20 81.00 80.80 80.61 80.43 80.26 80.10 79.94 79.79 79.65 79.52 79.38 79.23 79.13 79.11 79.17 79.30 79.49 79.76 80.08 80.46 80.90 81.39 81.93 82.51 83.13 83.79 84.48 85.20 85.95 86.72
98.83 98.11 97.41 96.72 96.05 95.40 94.77 94.15 93.54 92.96 92.38 91.83 91.29 90.76 90.25 89.76 89.28 88.81 88.36 87.92 87.50 87.09 86.70 86.32 85.95 85.60 85.26 84.93 84.62 84.31 84.03 83.75 83.49 83.24 83.00 82.77 82.56 82.35 82.16 81.98 81.81 81.65 81.51 81.37 81.24 81.13 81.03 80.93 80.85 80.77 80.69 80.56 80.41 80.26 80.16 80.14 80.20 80.33 80.53 80.80 81.12 81.51 81.95 82.44 82.97 83.55 84.18 84.84 85.53 86.25 87.00
99.35 98.59 97.85 97.13 96.43 95.75 95.09 94.44 93.82 93.21 92.62 92.04 91.49 90.95 90.43 89.93 89.44 88.97 88.52 88.08 87.66 87.26 86.87 86.50 86.15 85.81 85.48 85.18 84.88 84.60 84.34 84.09 83.86 83.64 83.43 83.24 83.07 82.90 82.76 82.62 82.50 82.39 82.29 82.21 82.14 82.08 82.04 82.01 81.99 81.96 81.90 81.78 81.63 81.47 81.32 81.22 81.21 81.26 81.39 81.59 81.86 82.18 82.57 83.01 83.50 84.03 84.61 85.24 85.89 86.59 87.31
99.88 99.10 98.33 97.57 96.84 96.13 95.44 94.77 94.12 93.49 92.89 92.30 91.73 91.18 90.65 90.14 89.65 89.18 88.73 88.29 87.88 87.48 87.10 86.74 86.40 86.08 85.77 85.48 85.21 84.95 84.72 84.50 84.30 84.11 83.94 83.79 83.65 83.53 83.42 83.33 83.26 83.20 83.16 83.13 83.12 83.12 83.14 83.17 83.20 83.19 83.14 83.02 82.87 82.72 82.56 82.41 82.31 82.29 82.35 82.48 82.68 82.94 83.26 83.65 84.08 84.57 85.11 85.68 86.30 86.96 87.65
100.41 99.61 98.82 98.03 97.27 96.54 95.82 95.13 94.46 93.81 93.19 92.58 92.00 91.44 90.91 90.39 89.90 89.43 88.98 88.55 88.14 87.75 87.38 87.03 86.70 86.40 86.11 85.84 85.59 85.36 85.16 84.97 84.79 84.64 84.51 84.40 84.30 84.22 84.16 84.12 84.10 84.09 84.10 84.13 84.18 84.24 84.32 84.40 84.45 84.45 84.40 84.29 84.15 84.00 83.84 83.68 83.53 83.43 83.40 83.46 83.58 83.78 84.04 84.36 84.73 85.17 85.65 86.18 86.76 87.37 88.03
100.93 100.12 99.32 98.52 97.73 96.96 96.22 95.51 94.82 94.16 93.52 92.90 92.31 91.74 91.20 90.68 90.19 89.72 89.27 88.84 88.44 88.06 87.70 87.37 87.06 86.77 86.50 86.26 86.03 85.83 85.65 85.49 85.36 85.24 85.14 85.07 85.02 84.98 84.97 84.98 85.00 85.05 85.12 85.21 85.31 85.44 85.57 85.67 85.72 85.73 85.69 85.59 85.45 85.30 85.15 84.99 84.82 84.66 84.56 84.53 84.58 84.70 84.89 85.14 85.46 85.83 86.26 86.74 87.26 87.83 88.44
101.45 100.63 99.81 99.00 98.20 97.41 96.65 95.92 95.21 94.53 93.88 93.25 92.65 92.08 91.53 91.01 90.51 90.04 89.60 89.18 88.79 88.42 88.07 87.75 87.46 87.19 86.94 86.72 86.53 86.35 86.20 86.08 85.97 85.90 85.84 85.81 85.80 85.81 85.85 85.90 85.98 86.09 86.21 86.36 86.52 86.70 86.85 86.96 87.02 87.04 87.00 86.90 86.77 86.63 86.48 86.32 86.15 85.98 85.82 85.71 85.67 85.71 85.83 86.01 86.26 86.57 86.93 87.35 87.82 88.34 88.90
101.96 101.13 100.31 99.49 98.68 97.88 97.10 96.35 95.63 94.93 94.27 93.63 93.02 92.44 91.89 91.37 90.87 90.41 89.97 89.56 89.17 88.82 88.49 88.18 87.91 87.66 87.44 87.24 87.07 86.93 86.81 86.72 86.65 86.61 86.60 86.61 86.64 86.70 86.79 86.90 87.03 87.19 87.37 87.58 87.79 87.99 88.15 88.27 88.34 88.37 88.34 88.25 88.12 87.97 87.83 87.67 87.51 87.34 87.16 86.98 86.86 86.82 86.86 86.96 87.13 87.37 87.67 88.03 88.44 88.91 89.42
102.47 101.63 100.80 99.97 99.16 98.36 97.57 96.80 96.06 95.35 94.68 94.03 93.42 92.84 92.28 91.76 91.27 90.81 90.37 89.97 89.60 89.25 88.94 88.66 88.40 88.17 87.98 87.81 87.67 87.55 87.47 87.41 87.38 87.38 87.41 87.46 87.55 87.66 87.79 87.95 88.14 88.36 88.60 88.85 89.09 89.30 89.47 89.60 89.69 89.72 89.69 89.61 89.48 89.34 89.20 89.04 88.88 88.71 88.53 88.34 88.16 88.03 87.98 88.00 88.10 88.26 88.49 88.78 89.13 89.53 89.98
102.97 102.12 101.28 100.45 99.64 98.84 98.05 97.27 96.52 95.80 95.11 94.46 93.84 93.26 92.70 92.18 91.69 91.24 90.81 90.42 90.06 89.73 89.44 89.17 88.94 88.73 88.56 88.42 88.31 88.23 88.18 88.16 88.17 88.21 88.28 88.38 88.51 88.67 88.86 89.07 89.32 89.59 89.88 90.16 90.41 90.63 90.81 90.96 91.05 91.09 91.07 90.99 90.87 90.73 90.59 90.44 90.27 90.10 89.92 89.73 89.53 89.34 89.20 89.14 89.15 89.23 89.38 89.60 89.88 90.21 90.60
103.46 102.60 101.76 100.93 100.11 99.31 98.52 97.75 96.99 96.27 95.57 94.91 94.29 93.70 93.15 92.63 92.15 91.70 91.28 90.90 90.56 90.25 89.97 89.72 89.51 89.33 89.19 89.08 89.00 88.95 88.94 88.96 89.01 89.09 89.21 89.35 89.53 89.74 89.98 90.26 90.56 90.88 91.20 91.49 91.75 91.98 92.18 92.33 92.43 92.48 92.46 92.39 92.27 92.14 92.00 91.85 91.69 91.51 91.33 91.14 90.94 90.73 90.52 90.37 90.29 90.29 90.36 90.50 90.70 90.96 91.28
103.95 103.08 102.23 101.39 100.58 99.77 98.99 98.22 97.48 96.75 96.05 95.39 94.76 94.17 93.62 93.11 92.63 92.19 91.79 91.42 91.09 90.80 90.54 90.31 90.13 89.97 89.86 89.78 89.73 89.72 89.74 89.80 89.90 90.02 90.18 90.38 90.61 90.87 91.17 91.50 91.85 92.20 92.52 92.83 93.11 93.35 93.56 93.72 93.83 93.88 93.87 93.80 93.69 93.56 93.42 93.27 93.11 92.94 92.76 92.56 92.36 92.14 91.92 91.70 91.53 91.44 91.42 91.47 91.60 91.78 92.03
104.44 103.56 102.70 101.86 101.04 100.24 99.46 98.70 97.96 97.24 96.54 95.88 95.25 94.66 94.12 93.61 93.14 92.71 92.32 91.97 91.65 91.38 91.14 90.94 90.78 90.65 90.57 90.52 90.51 90.53 90.60 90.69 90.83 91.00 91.21 91.46 91.74 92.06 92.41 92.79 93.16 93.52 93.87 94.19 94.48 94.73 94.95 95.12 95.24 95.30 95.30 95.24 95.13 95.00 94.87 94.72 94.56 94.38 94.20 94.00 93.79 93.57 93.35 93.10 92.87 92.68 92.57 92.54 92.58 92.68 92.85
104.92 104.03 103.16 102.32 101.50 100.70 99.92 99.17 98.43 97.73 97.04 96.38 95.76 95.18 94.63 94.13 93.67 93.25 92.88 92.54 92.24 91.99 91.77 91.60 91.46 91.37 91.31 91.30 91.32 91.39 91.49 91.63 91.81 92.03 92.29 92.59 92.92 93.29 93.69 94.10 94.49 94.87 95.23 95.56 95.87 96.13 96.36 96.54 96.67 96.73 96.74 96.68 96.58 96.45 96.32 96.17 96.01 95.84 95.65 95.45 95.24 95.02 94.78 94.54 94.28 94.02 93.82 93.69 93.64 93.66 93.75
105.39 104.49 103.62 102.77 101.95 101.15 100.38 99.63 98.91 98.21 97.54 96.90 96.29 95.71 95.17 94.68 94.23 93.82 93.46 93.14 92.86 92.63 92.44 92.29 92.18 92.12 92.10 92.12 92.18 92.28 92.43 92.61 92.84 93.11 93.41 93.76 94.15 94.57 95.00 95.42 95.83 96.22 96.60 96.95 97.26 97.54 97.78 97.97 98.10 98.18 98.19 98.14 98.04 97.92 97.79 97.64 97.48 97.31 97.12 96.92 96.70 96.48 96.24 95.98 95.72 95.44 95.17 94.94 94.79 94.72 94.72
105.85 104.95 104.07 103.22 102.40 101.60 100.83 100.09 99.38 98.70 98.04 97.41 96.82 96.25 95.72 95.24 94.80 94.41 94.07 93.77 93.51 93.30 93.13 93.01 92.94 92.90 92.92 92.97 93.07 93.21 93.40 93.63 93.91 94.22 94.58 94.99 95.42 95.87 96.31 96.75 97.18 97.59 97.98 98.35 98.67 98.97 99.21 99.41 99.56 99.64 99.66 99.61 99.51 99.40 99.27 99.12 98.96 98.79 98.60 98.39 98.17 97.94 97.70 97.44 97.17 96.88 96.58 96.29 96.04 95.87 95.78
106.31 105.40 104.52 103.67 102.84 102.05 101.28 100.55 99.85 99.18 98.53 97.93 97.35 96.80 96.29 95.82 95.40 95.02 94.69 94.41 94.18 93.99 93.85 93.76 93.72 93.72 93.76 93.86 94.00 94.18 94.41 94.69 95.01 95.38 95.79 96.24 96.71 97.17 97.64 98.10 98.54 98.97 99.38 99.75 100.10 100.40 100.66 100.86 101.02 101.11 101.13 101.09 100.99 100.88 100.75 100.61 100.45 100.27 100.08 99.88 99.65 99.42 99.17 98.90 98.62 98.33 98.02 97.70 97.38 97.11 96.92
106.77 105.85 104.96 104.11 103.28 102.49 101.73 101.00 100.31 99.65 99.03 98.43 97.88 97.35 96.87 96.42 96.01 95.65 95.34 95.08 94.87 94.71 94.60 94.54 94.52 94.56 94.64 94.78 94.96 95.19 95.46 95.79 96.16 96.58 97.04 97.52 98.00 98.49 98.97 99.45 99.91 100.36 100.78 101.17 101.52 101.84 102.11 102.32 102.49 102.58 102.61 102.57 102.48 102.37 102.25 102.11 101.95 101.77 101.58 101.37 101.14 100.90 100.65 100.37 100.09 99.79 99.47 99.14 98.80 98.45 98.16
107.21 106.29 105.40 104.54 103.72 102.93 102.17 101.46 100.77 100.13 99.51 98.94 98.40 97.90 97.44 97.02 96.63 96.29 96.00 95.77 95.58 95.45 95.37 95.34 95.36 95.43 95.55 95.73 95.95 96.22 96.55 96.92 97.34 97.81 98.30 98.80 99.30 99.81 100.32 100.81 101.29 101.75 102.19 102.59 102.96 103.29 103.57 103.79 103.96 104.07 104.10 104.07 103.98 103.88 103.75 103.61 103.45 103.27 103.08 102.87 102.64 102.39 102.13 101.85 101.56 101.25 100.92 100.58 100.23 99.86 99.49
107.65 106.72 105.83 104.97 104.14 103.36 102.61 101.90 101.23 100.60 100.00 99.44 98.93 98.45 98.02 97.62 97.26 96.95 96.68 96.47 96.31 96.21 96.16 96.16 96.22 96.32 96.49 96.70 96.97 97.29 97.66 98.09 98.55 99.05 99.56 100.09 100.61 101.14 101.67 102.18 102.68 103.16 103.61 104.02 104.40 104.74 105.03 105.27 105.44 105.56 105.60 105.57 105.48 105.38 105.26 105.12 104.96 104.78 104.58 104.37 104.14 103.89 103.62 103.34 103.03 102.72 102.38 102.03 101.66 101.28 100.88
108.09 107.15 106.25 105.39 104.57 103.79 103.04 102.34 101.68 101.06 100.48 99.95 99.45 99.00 98.59 98.22 97.89 97.61 97.38 97.19 97.06 96.99 96.97 97.00 97.10 97.24 97.45 97.70 98.02 98.38 98.81 99.28 99.78 100.30 100.83 101.38 101.93 102.48 103.02 103.55 104.07 104.56 105.03 105.46 105.85 106.20 106.50 106.74 106.93 107.05 107.10 107.07 106.99 106.89 106.77 106.63 106.47 106.29 106.09 105.87 105.64 105.38 105.11 104.82 104.51 104.19 103.84 103.48 103.10 102.71 102.30
