data_processed/recharge/precip/Precip_1985_11.asc
ncols        168
nrows        136
xllcorner    455000
yllcorner    2107000
cellsize     500
NODATA_value     -99999
[rows 36 to 71 of 136, columns 0 to 81 of 168]
9.39 9.06 8.76 8.48 8.21 7.97 7.75 7.56 7.39 7.23 7.09 6.98 6.89 6.82 6.79 6.79 6.82 6.88 6.92 6.93 6.93 6.90 6.85 6.79 6.71 6.62 6.51 6.40 6.29 6.17 6.06 5.94 5.83 5.71 5.60 5.49 5.38 5.27 5.16 5.06 4.96 4.86 4.76 4.67 4.58 4.50 4.42 4.34 4.27 4.21 4.15 4.09 4.05 4.01 3.98 3.95 3.93 3.92 3.92 3.93 3.94 3.97 3.99 4.02 4.06 4.09 4.13 4.17 4.21 4.25 4.29 4.34 4.38 4.43 4.48 4.54 4.59 4.65 4.71 4.78 4.85 4.92
9.02 8.69 8.37 8.08 7.81 7.56 7.34 7.15 6.98 6.83 6.70 6.59 6.51 6.45 6.43 6.43 6.48 6.54 6.59 6.61 6.61 6.59 6.55 6.50 6.42 6.34 6.24 6.15 6.05 5.95 5.85 5.75 5.65 5.55 5.45 5.35 5.24 5.15 5.05 4.95 4.86 4.77 4.68 4.59 4.51 4.43 4.35 4.28 4.21 4.15 4.09 4.04 4.00 3.96 3.92 3.90 3.88 3.87 3.86 3.86 3.88 3.89 3.92 3.95 3.98 4.02 4.05 4.09 4.13 4.17 4.21 4.25 4.30 4.35 4.40 4.45 4.51 4.56 4.62 4.69 4.77 4.85
8.64 8.30 7.97 7.67 7.39 7.14 6.91 6.71 6.54 6.39 6.27 6.17 6.10 6.05 6.04 6.05 6.10 6.17 6.23 6.26 6.27 6.26 6.22 6.18 6.11 6.04 5.96 5.88 5.80 5.72 5.63 5.54 5.46 5.37 5.28 5.19 5.10 5.01 4.92 4.84 4.75 4.67 4.58 4.50 4.43 4.35 4.28 4.22 4.15 4.09 4.04 3.99 3.94 3.90 3.87 3.84 3.82 3.81 3.80 3.80 3.81 3.82 3.84 3.87 3.90 3.94 3.97 4.01 4.05 4.09 4.13 4.17 4.22 4.26 4.31 4.37 4.42 4.48 4.54 4.61 4.69 4.79
8.24 7.89 7.56 7.25 6.96 6.70 6.46 6.26 6.08 5.93 5.82 5.73 5.66 5.62 5.61 5.64 5.70 5.78 5.84 5.88 5.90 5.89 5.87 5.83 5.78 5.72 5.66 5.60 5.53 5.47 5.40 5.32 5.25 5.18 5.10 5.02 4.94 4.87 4.79 4.71 4.63 4.56 4.48 4.41 4.34 4.27 4.21 4.14 4.08 4.03 3.98 3.93 3.89 3.85 3.81 3.79 3.76 3.75 3.74 3.73 3.74 3.75 3.77 3.79 3.82 3.86 3.89 3.93 3.97 4.01 4.04 4.09 4.13 4.18 4.23 4.28 4.33 4.39 4.46 4.54 4.63 4.73
7.83 7.46 7.12 6.80 6.51 6.24 6.00 5.78 5.60 5.45 5.33 5.25 5.19 5.16 5.16 5.19 5.26 5.35 5.42 5.47 5.49 5.50 5.48 5.46 5.42 5.39 5.35 5.30 5.25 5.20 5.15 5.09 5.03 4.97 4.91 4.84 4.78 4.71 4.64 4.58 4.51 4.44 4.38 4.31 4.25 4.18 4.12 4.07 4.01 3.96 3.91 3.87 3.82 3.79 3.75 3.73 3.70 3.69 3.67 3.67 3.67 3.68 3.69 3.71 3.74 3.77 3.81 3.84 3.88 3.92 3.96 4.00 4.04 4.09 4.14 4.19 4.24 4.31 4.39 4.47 4.57 4.67
7.40 7.02 6.67 6.34 6.04 5.76 5.51 5.29 5.10 4.95 4.83 4.74 4.69 4.67 4.68 4.72 4.79 4.89 4.97 5.03 5.06 5.07 5.07 5.07 5.05 5.04 5.02 4.99 4.96 4.92 4.89 4.84 4.80 4.75 4.70 4.65 4.60 4.54 4.49 4.43 4.37 4.32 4.26 4.20 4.15 4.09 4.04 3.98 3.93 3.89 3.84 3.80 3.76 3.72 3.69 3.67 3.64 3.62 3.61 3.60 3.60 3.61 3.62 3.63 3.66 3.69 3.72 3.76 3.79 3.83 3.87 3.91 3.95 4.00 4.05 4.10 4.17 4.24 4.32 4.41 4.52 4.63
6.95 6.56 6.20 5.86 5.54 5.26 5.00 4.78 4.58 4.42 4.30 4.21 4.16 4.14 4.16 4.21 4.29 4.40 4.49 4.55 4.60 4.62 4.65 4.66 4.67 4.67 4.67 4.66 4.65 4.63 4.61 4.58 4.56 4.52 4.49 4.45 4.41 4.37 4.32 4.28 4.23 4.18 4.13 4.09 4.04 3.99 3.94 3.90 3.85 3.81 3.77 3.73 3.69 3.66 3.63 3.60 3.58 3.56 3.55 3.54 3.53 3.54 3.54 3.56 3.58 3.60 3.63 3.67 3.71 3.74 3.78 3.82 3.86 3.91 3.96 4.02 4.09 4.17 4.26 4.36 4.47 4.58
6.49 6.09 5.71 5.36 5.03 4.74 4.48 4.24 4.04 3.88 3.75 3.65 3.60 3.58 3.61 3.67 3.76 3.87 3.97 4.05 4.11 4.16 4.20 4.24 4.27 4.29 4.31 4.32 4.32 4.32 4.32 4.31 4.30 4.28 4.26 4.24 4.21 4.18 4.15 4.11 4.08 4.04 4.00 3.96 3.92 3.88 3.84 3.80 3.76 3.73 3.69 3.65 3.62 3.59 3.56 3.54 3.52 3.50 3.48 3.47 3.47 3.47 3.47 3.48 3.50 3.52 3.55 3.58 3.61 3.65 3.69 3.73 3.77 3.82 3.88 3.95 4.03 4.12 4.21 4.32 4.43 4.55
6.01 5.59 5.20 4.84 4.50 4.20 3.93 3.69 3.48 3.31 3.17 3.08 3.02 3.00 3.02 3.09 3.19 3.32 3.42 3.52 3.60 3.67 3.74 3.80 3.85 3.89 3.93 3.96 3.98 4.00 4.02 4.02 4.03 4.03 4.02 4.01 4.00 3.98 3.96 3.94 3.92 3.89 3.86 3.83 3.80 3.77 3.74 3.70 3.67 3.64 3.61 3.58 3.55 3.52 3.50 3.47 3.45 3.44 3.42 3.41 3.40 3.40 3.40 3.41 3.42 3.44 3.46 3.49 3.52 3.56 3.60 3.64 3.68 3.74 3.81 3.88 3.97 4.06 4.17 4.28 4.40 4.52
5.51 5.08 4.67 4.30 3.95 3.64 3.36 3.11 2.90 2.72 2.58 2.48 2.41 2.39 2.41 2.48 2.59 2.72 2.85 2.97 3.07 3.17 3.26 3.34 3.41 3.48 3.54 3.59 3.63 3.67 3.70 3.73 3.75 3.76 3.77 3.78 3.78 3.78 3.77 3.76 3.75 3.73 3.71 3.69 3.67 3.65 3.62 3.60 3.57 3.55 3.52 3.50 3.47 3.45 3.43 3.41 3.39 3.37 3.36 3.35 3.34 3.34 3.34 3.34 3.35 3.36 3.38 3.40 3.43 3.47 3.50 3.55 3.60 3.67 3.74 3.83 3.92 4.02 4.13 4.24 4.37 4.50
4.99 4.55 4.13 3.74 3.39 3.06 2.77 2.51 2.29 2.11 1.96 1.85 1.79 1.76 1.78 1.84 1.95 2.10 2.25 2.39 2.52 2.65 2.76 2.86 2.96 3.05 3.12 3.20 3.26 3.32 3.37 3.41 3.45 3.48 3.51 3.53 3.54 3.56 3.56 3.57 3.57 3.56 3.56 3.55 3.53 3.52 3.51 3.49 3.47 3.45 3.43 3.41 3.39 3.37 3.35 3.34 3.32 3.31 3.29 3.28 3.28 3.27 3.27 3.27 3.28 3.29 3.30 3.32 3.35 3.37 3.41 3.46 3.53 3.60 3.68 3.77 3.87 3.97 4.09 4.21 4.34 4.48
4.49 4.03 3.60 3.20 2.83 2.49 2.18 1.92 1.68 1.49 1.33 1.22 1.15 1.12 1.13 1.19 1.30 1.45 1.61 1.78 1.94 2.09 2.22 2.35 2.47 2.58 2.68 2.77 2.86 2.94 3.01 3.07 3.12 3.17 3.22 3.25 3.29 3.31 3.33 3.35 3.36 3.37 3.38 3.38 3.38 3.38 3.37 3.36 3.35 3.34 3.33 3.32 3.30 3.29 3.27 3.26 3.25 3.24 3.22 3.22 3.21 3.20 3.20 3.20 3.21 3.21 3.23 3.24 3.26 3.27 3.30 3.35 3.42 3.50 3.59 3.68 3.79 3.90 4.03 4.16 4.29 4.44
4.01 3.53 3.08 2.66 2.27 1.92 1.60 1.32 1.07 0.87 0.70 0.57 0.49 0.45 0.46 0.52 0.63 0.77 0.94 1.13 1.31 1.48 1.65 1.80 1.94 2.08 2.20 2.31 2.42 2.52 2.61 2.69 2.77 2.84 2.90 2.95 3.00 3.04 3.08 3.11 3.14 3.16 3.18 3.20 3.21 3.21 3.22 3.22 3.22 3.22 3.21 3.21 3.20 3.19 3.18 3.17 3.16 3.16 3.15 3.14 3.14 3.13 3.13 3.13 3.14 3.14 3.15 3.16 3.17 3.16 3.16 3.20 3.27 3.36 3.46 3.56 3.68 3.80 3.93 4.06 4.21 4.36
3.53 3.03 2.56 2.12 1.72 1.34 1.01 0.71 0.45 0.23 0.05 0.00 0.00 0.00 0.00 0.00 0.00 0.08 0.25 0.44 0.64 0.84 1.03 1.21 1.37 1.53 1.68 1.82 1.95 2.07 2.18 2.28 2.38 2.47 2.55 2.62 2.69 2.75 2.80 2.85 2.89 2.93 2.96 2.99 3.01 3.03 3.05 3.06 3.07 3.08 3.08 3.08 3.08 3.08 3.08 3.08 3.07 3.07 3.07 3.06 3.06 3.06 3.06 3.06 3.06 3.07 3.08 3.08 3.06 3.04 3.02 3.04 3.10 3.19 3.29 3.41 3.53 3.66 3.80 3.94 4.10 4.25
3.07 2.54 2.05 1.58 1.16 0.76 0.41 0.09 0.00 0.00 0.00 0.00 0.00 0.00 0.00 0.00 0.00 0.00 0.00 0.00 0.00 0.15 0.37 0.57 0.77 0.95 1.13 1.29 1.44 1.58 1.72 1.84 1.96 2.07 2.17 2.26 2.35 2.42 2.50 2.56 2.62 2.67 2.72 2.76 2.80 2.83 2.86 2.88 2.90 2.92 2.94 2.95 2.96 2.96 2.97 2.97 2.98 2.98 2.98 2.98 2.98 2.98 2.98 2.99 2.99 3.00 2.99 2.98 2.95 2.91 2.88 2.88 2.92 2.99 3.10 3.22 3.35 3.49 3.64 3.79 3.95 4.12
2.60 2.05 1.53 1.04 0.59 0.17 0.00 0.00 0.00 0.00 0.00 0.00 0.00 0.00 0.00 0.00 0.00 0.00 0.00 0.00 0.00 0.00 0.00 0.00 0.13 0.34 0.53 0.72 0.90 1.07 1.23 1.37 1.51 1.64 1.76 1.88 1.98 2.08 2.17 2.25 2.32 2.39 2.46 2.51 2.57 2.61 2.65 2.69 2.72 2.75 2.78 2.80 2.82 2.83 2.85 2.86 2.87 2.88 2.88 2.89 2.90 2.90 2.91 2.91 2.92 2.92 2.90 2.87 2.83 2.77 2.72 2.70 2.72 2.78 2.88 3.00 3.14 3.29 3.45 3.61 3.78 3.95
2.13 1.54 0.99 0.48 0.00 0.00 0.00 0.00 0.00 0.00 0.00 0.00 0.00 0.00 0.00 0.00 0.00 0.00 0.00 0.00 0.00 0.00 0.00 0.00 0.00 0.00 0.00 0.12 0.33 0.52 0.70 0.87 1.03 1.18 1.33 1.46 1.59 1.70 1.81 1.91 2.01 2.09 2.17 2.25 2.32 2.38 2.43 2.48 2.53 2.57 2.61 2.64 2.67 2.70 2.72 2.74 2.76 2.77 2.79 2.80 2.81 2.82 2.83 2.84 2.84 2.82 2.80 2.76 2.70 2.63 2.56 2.52 2.53 2.57 2.65 2.76 2.90 3.06 3.23 3.40 3.58 3.76
1.64 1.03 0.45 0.00 0.00 0.00 0.00 0.00 0.00 0.00 0.00 0.00 0.00 0.00 0.00 0.00 0.00 0.00 0.00 0.00 0.00 0.00 0.00 0.00 0.00 0.00 0.00 0.00 0.00 0.00 0.14 0.34 0.52 0.70 0.87 1.02 1.17 1.31 1.44 1.56 1.67 1.77 1.87 1.96 2.05 2.12 2.19 2.26 2.32 2.37 2.42 2.47 2.51 2.55 2.58 2.61 2.64 2.66 2.68 2.70 2.72 2.73 2.75 2.75 2.75 2.73 2.69 2.64 2.57 2.48 2.39 2.34 2.33 2.35 2.41 2.51 2.64 2.80 2.98 3.16 3.35 3.55
1.14 0.49 0.00 0.00 0.00 0.00 0.00 0.00 0.00 0.00 0.00 0.00 0.00 0.00 0.00 0.00 0.00 0.00 0.00 0.00 0.00 0.00 0.00 0.00 0.00 0.00 0.00 0.00 0.00 0.00 0.00 0.00 0.00 0.19 0.38 0.55 0.72 0.88 1.03 1.18 1.31 1.43 1.55 1.66 1.76 1.85 1.94 2.02 2.10 2.17 2.23 2.29 2.34 2.39 2.43 2.47 2.51 2.54 2.57 2.60 2.63 2.65 2.66 2.66 2.65 2.62 2.57 2.51 2.42 2.32 2.22 2.15 2.12 2.13 2.18 2.26 2.38 2.53 2.71 2.90 3.10 3.31
0.61 0.00 0.00 0.00 0.00 0.00 0.00 0.00 0.00 0.00 0.00 0.00 0.00 0.00 0.00 0.00 0.00 0.00 0.00 0.00 0.00 0.00 0.00 0.00 0.00 0.00 0.00 0.00 0.00 0.00 0.00 0.00 0.00 0.00 0.00 0.06 0.26 0.44 0.61 0.77 0.93 1.07 1.21 1.34 1.46 1.57 1.67 1.77 1.86 1.94 2.02 2.09 2.16 2.22 2.28 2.33 2.38 2.42 2.46 2.50 2.53 2.55 2.56 2.56 2.54 2.50 2.44 2.37 2.27 2.16 2.04 1.96 1.92 1.91 1.94 2.01 2.11 2.25 2.42 2.61 2.82 3.04
0.06 0.00 0.00 0.00 0.00 0.00 0.00 0.00 0.00 0.00 0.00 0.00 0.00 0.00 0.00 0.00 0.00 0.00 0.00 0.00 0.00 0.00 0.00 0.00 0.00 0.00 0.00 0.00 0.00 0.00 0.00 0.00 0.00 0.00 0.00 0.00 0.00 0.00 0.16 0.35 0.52 0.69 0.85 1.00 1.13 1.27 1.39 1.50 1.61 1.71 1.80 1.89 1.97 2.05 2.12 2.18 2.24 2.30 2.35 2.39 2.43 2.45 2.46 2.45 2.42 2.38 2.31 2.23 2.12 1.99 1.86 1.77 1.71 1.69 1.71 1.76 1.85 1.97 2.13 2.31 2.53 2.76
0.00 0.00 0.00 0.00 0.00 0.00 0.00 0.00 0.00 0.00 0.00 0.00 0.00 0.00 0.00 0.00 0.00 0.00 0.00 0.00 0.00 0.00 0.00 0.00 0.00 0.00 0.00 0.00 0.00 0.00 0.00 0.00 0.00 0.00 0.00 0.00 0.00 0.00 0.00 0.00 0.10 0.29 0.47 0.64 0.80 0.95 1.09 1.22 1.35 1.47 1.58 1.68 1.78 1.86 1.95 2.03 2.10 2.17 2.23 2.28 2.31 2.34 2.34 2.33 2.30 2.25 2.18 2.08 1.96 1.82 1.68 1.57 1.50 1.47 1.47 1.51 1.59 1.69 1.84 2.01 2.22 2.45
0.00 0.00 0.00 0.00 0.00 0.00 0.00 0.00 0.00 0.00 0.00 0.00 0.00 0.00 0.00 0.00 0.00 0.00 0.00 0.00 0.00 0.00 0.00 0.00 0.00 0.00 0.00 0.00 0.00 0.00 0.00 0.00 0.00 0.00 0.00 0.00 0.00 0.00 0.00 0.00 0.00 0.00 0.07 0.26 0.44 0.61 0.78 0.93 1.07 1.21 1.34 1.46 1.57 1.67 1.77 1.87 1.95 2.03 2.10 2.15 2.19 2.22 2.22 2.21 2.17 2.11 2.03 1.93 1.80 1.65 1.49 1.37 1.29 1.24 1.24 1.26 1.33 1.42 1.55 1.71 1.91 2.13
0.00 0.00 0.00 0.00 0.00 0.00 0.00 0.00 0.00 0.00 0.00 0.00 0.00 0.00 0.00 0.00 0.00 0.00 0.00 0.00 0.00 0.00 0.00 0.00 0.00 0.00 0.00 0.00 0.00 0.00 0.00 0.00 0.00 0.00 0.00 0.00 0.00 0.00 0.00 0.00 0.00 0.00 0.00 0.00 0.07 0.27 0.45 0.62 0.79 0.94 1.09 1.23 1.36 1.48 1.59 1.70 1.80 1.89 1.96 2.02 2.06 2.09 2.09 2.07 2.04 1.98 1.89 1.78 1.64 1.48 1.31 1.18 1.08 1.02 1.00 1.02 1.07 1.15 1.27 1.42 1.61 1.82
0.00 0.00 0.00 0.00 0.00 0.00 0.00 0.00 0.00 0.00 0.00 0.00 0.00 0.00 0.00 0.00 0.00 0.00 0.00 0.00 0.00 0.00 0.00 0.00 0.00 0.00 0.00 0.00 0.00 0.00 0.00 0.00 0.00 0.00 0.00 0.00 0.00 0.00 0.00 0.00 0.00 0.00 0.00 0.00 0.00 0.00 0.11 0.30 0.49 0.66 0.83 0.99 1.13 1.27 1.40 1.53 1.64 1.74 1.82 1.88 1.93 1.95 1.96 1.94 1.90 1.83 1.74 1.62 1.48 1.30 1.12 0.98 0.87 0.81 0.77 0.78 0.82 0.89 1.00 1.14 1.31 1.51
0.00 0.00 0.00 0.00 0.00 0.00 0.00 0.00 0.00 0.00 0.00 0.00 0.00 0.00 0.00 0.00 0.00 0.00 0.00 0.00 0.00 0.00 0.00 0.00 0.00 0.00 0.00 0.00 0.00 0.00 0.00 0.00 0.00 0.00 0.00 0.00 0.00 0.00 0.00 0.00 0.00 0.00 0.00 0.00 0.00 0.00 0.00 0.00 0.18 0.37 0.56 0.74 0.90 1.06 1.21 1.35 1.47 1.58 1.66 1.73 1.78 1.81 1.82 1.80 1.76 1.69 1.59 1.47 1.31 1.13 0.94 0.78 0.67 0.59 0.55 0.54 0.57 0.63 0.73 0.86 1.02 1.21
0.00 0.00 0.00 0.00 0.00 0.00 0.00 0.00 0.00 0.00 0.00 0.00 0.00 0.00 0.00 0.00 0.00 0.00 0.00 0.00 0.00 0.00 0.00 0.00 0.00 0.00 0.00 0.00 0.00 0.00 0.00 0.00 0.00 0.00 0.00 0.00 0.00 0.00 0.00 0.00 0.00 0.00 0.00 0.00 0.00 0.00 0.00 0.00 0.00 0.08 0.28 0.48 0.67 0.85 1.01 1.16 1.29 1.41 1.50 1.58 1.63 1.66 1.67 1.65 1.61 1.54 1.44 1.31 1.15 0.95 0.76 0.59 0.47 0.38 0.33 0.31 0.33 0.38 0.47 0.59 0.74 0.93
0.00 0.00 0.00 0.00 0.00 0.00 0.00 0.00 0.00 0.00 0.00 0.00 0.00 0.00 0.00 0.00 0.00 0.00 0.00 0.00 0.00 0.00 0.00 0.00 0.00 0.00 0.00 0.00 0.00 0.00 0.00 0.00 0.00 0.00 0.00 0.00 0.00 0.00 0.00 0.00 0.00 0.00 0.00 0.00 0.00 0.00 0.00 0.00 0.00 0.00 0.00 0.22 0.43 0.62 0.80 0.96 1.11 1.23 1.34 1.42 1.48 1.51 1.52 1.51 1.46 1.39 1.29 1.15 0.98 0.78 0.58 0.40 0.27 0.17 0.11 0.09 0.10 0.14 0.22 0.33 0.47 0.65
0.00 0.00 0.00 0.00 0.00 0.00 0.00 0.00 0.00 0.00 0.00 0.00 0.00 0.00 0.00 0.00 0.00 0.00 0.00 0.00 0.00 0.00 0.00 0.00 0.00 0.00 0.00 0.00 0.00 0.00 0.00 0.00 0.00 0.00 0.00 0.00 0.00 0.00 0.00 0.00 0.00 0.00 0.00 0.00 0.00 0.00 0.00 0.00 0.00 0.00 0.00 0.00 0.17 0.39 0.58 0.76 0.91 1.05 1.16 1.25 1.32 1.36 1.38 1.36 1.32 1.24 1.14 1.00 0.82 0.61 0.40 0.22 0.07 0.00 0.00 0.00 0.00 0.00 0.00 0.08 0.22 0.38
0.00 0.00 0.00 0.00 0.00 0.00 0.00 0.00 0.00 0.00 0.00 0.00 0.00 0.00 0.00 0.00 0.00 0.00 0.00 0.00 0.00 0.00 0.00 0.00 0.00 0.00 0.00 0.00 0.00 0.00 0.00 0.00 0.00 0.00 0.00 0.00 0.00 0.00 0.00 0.00 0.00 0.00 0.00 0.00 0.00 0.00 0.00 0.00 0.00 0.00 0.00 0.00 0.00 0.14 0.35 0.54 0.71 0.86 0.99 1.09 1.16 1.21 1.22 1.21 1.17 1.09 0.99 0.84 0.66 0.45 0.23 0.04 0.00 0.00 0.00 0.00 0.00 0.00 0.00 0.00 0.00 0.13
0.00 0.00 0.00 0.00 0.00 0.00 0.00 0.00 0.00 0.00 0.00 0.00 0.00 0.00 0.00 0.00 0.00 0.00 0.00 0.00 0.00 0.00 0.00 0.00 0.00 0.00 0.00 0.00 0.00 0.00 0.00 0.00 0.00 0.00 0.00 0.00 0.00 0.00 0.00 0.00 0.00 0.00 0.00 0.00 0.00 0.00 0.00 0.00 0.00 0.00 0.00 0.00 0.00 0.00 0.12 0.33 0.51 0.67 0.81 0.91 1.00 1.05 1.07 1.06 1.02 0.95 0.84 0.69 0.51 0.29 0.06 0.00 0.00 0.00 0.00 0.00 0.00 0.00 0.00 0.00 0.00 0.00
0.00 0.00 0.00 0.00 0.00 0.00 0.00 0.00 0.00 0.00 0.00 0.00 0.00 0.00 0.00 0.00 0.00 0.00 0.00 0.00 0.00 0.00 0.00 0.00 0.00 0.00 0.00 0.00 0.00 0.00 0.00 0.00 0.00 0.00 0.00 0.00 0.00 0.00 0.00 0.00 0.00 0.00 0.00 0.00 0.00 0.00 0.00 0.00 0.00 0.00 0.00 0.00 0.00 0.00 0.00 0.10 0.30 0.48 0.62 0.74 0.83 0.89 0.92 0.91 0.88 0.80 0.69 0.54 0.36 0.13 0.00 0.00 0.00 0.00 0.00 0.00 0.00 0.00 0.00 0.00 0.00 0.00
0.00 0.00 0.00 0.00 0.00 0.00 0.00 0.00 0.00 0.00 0.00 0.00 0.00 0.00 0.00 0.00 0.00 0.00 0.00 0.00 0.00 0.00 0.00 0.00 0.00 0.00 0.00 0.00 0.00 0.00 0.00 0.00 0.00 0.00 0.00 0.00 0.00 0.00 0.00 0.00 0.00 0.00 0.00 0.00 0.00 0.00 0.00 0.00 0.00 0.00 0.00 0.00 0.00 0.00 0.00 0.00 0.09 0.28 0.44 0.57 0.66 0.73 0.77 0.77 0.73 0.66 0.55 0.40 0.21 0.00 0.00 0.00 0.00 0.00 0.00 0.00 0.00 0.00 0.00 0.00 0.00 0.00
0.00 0.00 0.00 0.00 0.00 0.00 0.00 0.00 0.00 0.00 0.00 0.00 0.00 0.00 0.00 0.00 0.00 0.00 0.00 0.00 0.00 0.00 0.00 0.00 0.00 0.00 0.00 0.00 0.00 0.00 0.00 0.00 0.00 0.00 0.00 0.00 0.00 0.00 0.00 0.00 0.00 0.00 0.00 0.00 0.00 0.00 0.00 0.00 0.00 0.00 0.00 0.00 0.00 0.00 0.00 0.00 0.00 0.08 0.25 0.39 0.50 0.57 0.62 0.62 0.59 0.52 0.41 0.26 0.07 0.00 0.00 0.00 0.00 0.00 0.00 0.00 0.00 0.00 0.00 0.00 0.00 0.00
0.00 0.00 0.00 0.00 0.00 0.00 0.00 0.00 0.00 0.00 0.00 0.00 0.00 0.00 0.00 0.00 0.00 0.00 0.00 0.00 0.00 0.00 0.00 0.00 0.00 0.00 0.00 0.00 0.00 0.00 0.00 0.00 0.00 0.00 0.00 0.00 0.00 0.00 0.00 0.00 0.00 0.00 0.00 0.00 0.00 0.00 0.00 0.00 0.00 0.00 0.00 0.00 0.00 0.00 0.00 0.00 0.00 0.00 0.06 0.21 0.33 0.42 0.47 0.48 0.45 0.39 0.28 0.13 0.00 0.00 0.00 0.00 0.00 0.00 0.00 0.00 0.00 0.00 0.00 0.00 0.00 0.00
0.00 0.00 0.00 0.00 0.00 0.00 0.00 0.00 0.00 0.00 0.00 0.00 0.00 0.00 0.00 0.00 0.00 0.00 0.00 0.00 0.00 0.00 0.00 0.00 0.00 0.00 0.00 0.00 0.00 0.00 0.00 0.00 0.00 0.00 0.00 0.00 0.00 0.00 0.00 0.00 0.00 0.00 0.00 0.00 0.00 0.00 0.00 0.00 0.00 0.00 0.00 0.00 0.00 0.00 0.00 0.00 0.00 0.00 0.00 0.04 0.17 0.27 0.32 0.34 0.32 0.26 0.15 0.00 0.00 0.00 0.00 0.00 0.00 0.00 0.00 0.00 0.00 0.00 0.00 0.00 0.00 0.00
