data_processed/recharge/precip/Precip_2011_01.asc
ncols        168
nrows        136
xllcorner    455000
yllcorner    2107000
cellsize     500
NODATA_value     -99999
[rows 76 to 113 of 136, columns 0 to 83 of 168]
1.89 1.96 2.03 2.10 2.16 2.21 2.26 2.31 2.35 2.39 2.42 2.45 2.48 2.50 2.51 2.53 2.54 2.54 2.54 2.54 2.54 2.53 2.52 2.51 2.50 2.49 2.48 2.47 2.45 2.44 2.42 2.40 2.38 2.36 2.34 2.32 2.29 2.27 2.24 2.22 2.20 2.17 2.15 2.12 2.10 2.07 2.05 2.02 1.99 1.97 1.94 1.92 1.89 1.86 1.83 1.81 1.78 1.75 1.72 1.69 1.67 1.64 1.61 1.58 1.55 1.53 1.50 1.48 1.45 1.43 1.40 1.38 1.36 1.33 1.31 1.29 1.26 1.24 1.22 1.19 1.17 1.14 1.11 1.08
1.92 1.99 2.05 2.12 2.18 2.24 2.29 2.33 2.38 2.42 2.45 2.48 2.51 2.53 2.55 2.56 2.57 2.58 2.58 2.58 2.58 2.57 2.56 2.56 2.55 2.54 2.53 2.51 2.50 2.48 2.47 2.45 2.43 2.41 2.39 2.37 2.35 2.33 2.30 2.28 2.26 2.24 2.21 2.19 2.16 2.14 2.12 2.09 2.07 2.04 2.01 1.99 1.96 1.94 1.91 1.88 1.86 1.83 1.80 1.77 1.74 1.71 1.69 1.66 1.63 1.60 1.58 1.55 1.52 1.50 1.47 1.45 1.42 1.40 1.37 1.35 1.33 1.30 1.28 1.25 1.22 1.19 1.16 1.13
1.95 2.01 2.08 2.14 2.20 2.26 2.31 2.36 2.40 2.44 2.48 2.51 2.53 2.56 2.58 2.59 2.60 2.61 2.61 2.62 2.61 2.61 2.60 2.60 2.59 2.58 2.57 2.56 2.55 2.53 2.52 2.50 2.48 2.47 2.45 2.43 2.41 2.38 2.36 2.34 2.32 2.30 2.28 2.25 2.23 2.21 2.18 2.16 2.14 2.11 2.09 2.06 2.04 2.01 1.98 1.96 1.93 1.90 1.88 1.85 1.82 1.79 1.76 1.73 1.70 1.68 1.65 1.62 1.59 1.57 1.54 1.51 1.49 1.46 1.44 1.41 1.39 1.36 1.34 1.31 1.28 1.25 1.22 1.18
1.98 2.04 2.10 2.16 2.22 2.28 2.33 2.38 2.42 2.46 2.50 2.53 2.56 2.58 2.60 2.62 2.63 2.64 2.65 2.65 2.65 2.65 2.64 2.64 2.63 2.62 2.61 2.60 2.59 2.58 2.56 2.55 2.53 2.52 2.50 2.48 2.46 2.44 2.42 2.40 2.38 2.36 2.34 2.32 2.30 2.27 2.25 2.23 2.21 2.18 2.16 2.13 2.11 2.08 2.06 2.03 2.01 1.98 1.95 1.92 1.90 1.87 1.84 1.81 1.78 1.75 1.72 1.69 1.66 1.64 1.61 1.58 1.55 1.53 1.50 1.47 1.45 1.42 1.39 1.37 1.33 1.30 1.27 1.23
2.00 2.06 2.12 2.18 2.24 2.29 2.35 2.40 2.44 2.48 2.52 2.55 2.58 2.61 2.63 2.65 2.66 2.67 2.68 2.68 2.68 2.68 2.68 2.67 2.67 2.66 2.65 2.65 2.63 2.62 2.61 2.60 2.58 2.57 2.55 2.53 2.51 2.50 2.48 2.46 2.44 2.42 2.40 2.38 2.36 2.34 2.32 2.30 2.28 2.25 2.23 2.21 2.18 2.16 2.13 2.11 2.08 2.05 2.03 2.00 1.97 1.94 1.91 1.88 1.85 1.82 1.79 1.76 1.73 1.70 1.68 1.65 1.62 1.59 1.56 1.54 1.51 1.48 1.45 1.42 1.39 1.35 1.32 1.28
2.03 2.09 2.15 2.20 2.26 2.31 2.36 2.41 2.46 2.50 2.54 2.57 2.60 2.63 2.65 2.67 2.69 2.70 2.71 2.71 2.71 2.71 2.71 2.71 2.71 2.70 2.69 2.69 2.68 2.67 2.65 2.64 2.63 2.61 2.60 2.58 2.57 2.55 2.54 2.52 2.50 2.48 2.46 2.45 2.43 2.41 2.39 2.36 2.34 2.32 2.30 2.28 2.25 2.23 2.20 2.18 2.15 2.13 2.10 2.07 2.04 2.02 1.99 1.96 1.93 1.90 1.87 1.83 1.80 1.77 1.74 1.71 1.68 1.65 1.62 1.60 1.57 1.54 1.51 1.47 1.44 1.41 1.37 1.33
2.06 2.11 2.17 2.22 2.28 2.33 2.38 2.42 2.47 2.51 2.55 2.59 2.62 2.65 2.67 2.69 2.71 2.72 2.73 2.74 2.74 2.74 2.74 2.74 2.74 2.74 2.73 2.72 2.72 2.71 2.70 2.68 2.67 2.66 2.65 2.63 2.62 2.61 2.59 2.57 2.56 2.54 2.52 2.51 2.49 2.47 2.45 2.43 2.41 2.39 2.37 2.35 2.32 2.30 2.28 2.25 2.23 2.20 2.17 2.15 2.12 2.09 2.06 2.03 2.00 1.97 1.94 1.90 1.87 1.84 1.81 1.78 1.75 1.72 1.69 1.66 1.62 1.59 1.56 1.53 1.49 1.46 1.42 1.38
2.08 2.14 2.19 2.24 2.29 2.34 2.39 2.44 2.48 2.53 2.57 2.60 2.64 2.67 2.69 2.71 2.73 2.74 2.75 2.76 2.77 2.77 2.77 2.77 2.77 2.77 2.76 2.76 2.75 2.74 2.74 2.73 2.72 2.71 2.69 2.68 2.67 2.66 2.64 2.63 2.62 2.60 2.58 2.57 2.55 2.53 2.51 2.50 2.48 2.46 2.43 2.41 2.39 2.37 2.34 2.32 2.30 2.27 2.24 2.22 2.19 2.16 2.13 2.10 2.07 2.04 2.01 1.97 1.94 1.91 1.88 1.84 1.81 1.78 1.75 1.71 1.68 1.65 1.62 1.58 1.54 1.51 1.46 1.42
2.11 2.16 2.21 2.26 2.31 2.36 2.40 2.45 2.49 2.54 2.58 2.61 2.65 2.68 2.71 2.73 2.75 2.76 2.78 2.78 2.79 2.80 2.80 2.80 2.80 2.80 2.80 2.79 2.79 2.78 2.77 2.77 2.76 2.75 2.74 2.73 2.72 2.71 2.70 2.68 2.67 2.66 2.64 2.63 2.61 2.59 2.58 2.56 2.54 2.52 2.50 2.48 2.46 2.44 2.41 2.39 2.36 2.34 2.31 2.29 2.26 2.23 2.20 2.17 2.14 2.11 2.08 2.04 2.01 1.98 1.94 1.91 1.87 1.84 1.81 1.77 1.74 1.70 1.67 1.63 1.59 1.55 1.51 1.47
2.13 2.18 2.23 2.28 2.33 2.37 2.42 2.46 2.50 2.54 2.58 2.62 2.66 2.69 2.72 2.74 2.76 2.78 2.79 2.80 2.81 2.82 2.82 2.83 2.83 2.83 2.83 2.82 2.82 2.82 2.81 2.81 2.80 2.79 2.79 2.78 2.77 2.76 2.75 2.74 2.72 2.71 2.70 2.68 2.67 2.65 2.64 2.62 2.60 2.58 2.56 2.54 2.52 2.50 2.48 2.46 2.43 2.41 2.38 2.35 2.33 2.30 2.27 2.24 2.21 2.18 2.14 2.11 2.08 2.04 2.01 1.97 1.94 1.90 1.86 1.83 1.79 1.76 1.72 1.68 1.64 1.60 1.56 1.51
2.15 2.20 2.25 2.30 2.34 2.39 2.43 2.47 2.51 2.55 2.59 2.63 2.66 2.70 2.73 2.75 2.77 2.79 2.81 2.82 2.83 2.84 2.84 2.85 2.85 2.85 2.86 2.85 2.85 2.85 2.85 2.84 2.84 2.83 2.83 2.82 2.81 2.81 2.80 2.79 2.78 2.76 2.75 2.74 2.73 2.71 2.70 2.68 2.66 2.65 2.63 2.61 2.59 2.57 2.54 2.52 2.50 2.47 2.45 2.42 2.39 2.36 2.34 2.31 2.27 2.24 2.21 2.18 2.14 2.11 2.07 2.03 2.00 1.96 1.92 1.88 1.85 1.81 1.77 1.73 1.69 1.65 1.60 1.55
2.17 2.22 2.26 2.31 2.36 2.40 2.44 2.48 2.52 2.56 2.60 2.63 2.67 2.70 2.73 2.76 2.78 2.80 2.82 2.83 2.85 2.86 2.86 2.87 2.87 2.88 2.88 2.88 2.88 2.88 2.88 2.88 2.88 2.87 2.87 2.86 2.86 2.85 2.84 2.84 2.83 2.82 2.81 2.79 2.78 2.77 2.75 2.74 2.72 2.70 2.69 2.67 2.65 2.63 2.61 2.58 2.56 2.54 2.51 2.48 2.46 2.43 2.40 2.37 2.34 2.31 2.27 2.24 2.21 2.17 2.13 2.09 2.06 2.02 1.98 1.94 1.90 1.86 1.82 1.78 1.74 1.69 1.64 1.59
2.18 2.23 2.28 2.32 2.37 2.41 2.45 2.49 2.53 2.57 2.60 2.64 2.67 2.70 2.74 2.76 2.79 2.81 2.83 2.85 2.86 2.87 2.88 2.89 2.89 2.90 2.90 2.91 2.91 2.91 2.91 2.91 2.91 2.91 2.91 2.90 2.90 2.90 2.89 2.88 2.87 2.87 2.86 2.85 2.83 2.82 2.81 2.79 2.78 2.76 2.75 2.73 2.71 2.69 2.67 2.64 2.62 2.60 2.57 2.55 2.52 2.49 2.46 2.43 2.40 2.37 2.34 2.30 2.27 2.23 2.19 2.15 2.11 2.07 2.03 1.99 1.95 1.91 1.87 1.83 1.78 1.73 1.68 1.63
2.20 2.24 2.29 2.33 2.38 2.42 2.46 2.50 2.53 2.57 2.61 2.64 2.67 2.71 2.74 2.77 2.79 2.82 2.84 2.85 2.87 2.88 2.89 2.90 2.91 2.92 2.93 2.93 2.94 2.94 2.94 2.94 2.95 2.95 2.94 2.94 2.94 2.94 2.93 2.93 2.92 2.91 2.90 2.89 2.88 2.87 2.86 2.85 2.83 2.82 2.80 2.78 2.77 2.75 2.73 2.70 2.68 2.66 2.63 2.61 2.58 2.55 2.52 2.49 2.46 2.43 2.40 2.36 2.32 2.29 2.25 2.21 2.17 2.13 2.09 2.04 2.00 1.96 1.92 1.87 1.82 1.77 1.72 1.67
2.21 2.25 2.30 2.34 2.38 2.42 2.46 2.50 2.54 2.57 2.61 2.64 2.67 2.71 2.74 2.77 2.79 2.82 2.84 2.86 2.88 2.89 2.90 2.92 2.93 2.94 2.94 2.95 2.96 2.96 2.97 2.97 2.98 2.98 2.98 2.98 2.98 2.98 2.97 2.97 2.96 2.96 2.95 2.94 2.93 2.92 2.91 2.90 2.89 2.87 2.85 2.84 2.82 2.80 2.78 2.76 2.74 2.71 2.69 2.66 2.64 2.61 2.58 2.55 2.52 2.49 2.45 2.42 2.38 2.34 2.30 2.27 2.22 2.18 2.14 2.09 2.05 2.01 1.96 1.91 1.86 1.81 1.76 1.70
2.21 2.26 2.30 2.35 2.39 2.43 2.47 2.50 2.54 2.58 2.61 2.64 2.67 2.71 2.73 2.76 2.79 2.82 2.84 2.86 2.88 2.90 2.91 2.93 2.94 2.95 2.96 2.97 2.98 2.99 2.99 3.00 3.01 3.01 3.01 3.01 3.01 3.01 3.01 3.01 3.00 3.00 2.99 2.99 2.98 2.97 2.96 2.95 2.93 2.92 2.91 2.89 2.87 2.85 2.83 2.81 2.79 2.77 2.74 2.72 2.69 2.66 2.64 2.60 2.57 2.54 2.51 2.47 2.43 2.40 2.36 2.32 2.28 2.23 2.19 2.14 2.10 2.05 2.00 1.95 1.90 1.85 1.79 1.74
2.22 2.26 2.31 2.35 2.39 2.43 2.47 2.50 2.54 2.57 2.61 2.64 2.67 2.70 2.73 2.76 2.79 2.81 2.84 2.86 2.88 2.90 2.92 2.93 2.95 2.96 2.98 2.99 3.00 3.01 3.02 3.02 3.03 3.04 3.04 3.04 3.05 3.05 3.05 3.05 3.04 3.04 3.04 3.03 3.02 3.01 3.00 2.99 2.98 2.97 2.95 2.94 2.92 2.90 2.89 2.87 2.84 2.82 2.80 2.77 2.74 2.72 2.69 2.66 2.63 2.59 2.56 2.52 2.49 2.45 2.41 2.37 2.32 2.28 2.24 2.19 2.14 2.09 2.04 1.99 1.94 1.88 1.83 1.77
2.22 2.26 2.30 2.35 2.39 2.43 2.46 2.50 2.54 2.57 2.60 2.64 2.67 2.70 2.73 2.75 2.78 2.81 2.83 2.86 2.88 2.90 2.92 2.94 2.95 2.97 2.99 3.00 3.01 3.03 3.04 3.05 3.05 3.06 3.07 3.07 3.08 3.08 3.08 3.08 3.08 3.08 3.07 3.07 3.06 3.06 3.05 3.04 3.03 3.01 3.00 2.99 2.97 2.95 2.93 2.91 2.89 2.87 2.85 2.82 2.79 2.77 2.74 2.71 2.67 2.64 2.61 2.57 2.53 2.49 2.45 2.41 2.37 2.33 2.28 2.23 2.18 2.13 2.08 2.03 1.98 1.92 1.86 1.80
2.21 2.26 2.30 2.34 2.38 2.42 2.46 2.50 2.53 2.57 2.60 2.63 2.66 2.69 2.72 2.75 2.77 2.80 2.82 2.85 2.87 2.89 2.92 2.94 2.96 2.98 2.99 3.01 3.03 3.04 3.05 3.06 3.07 3.08 3.09 3.10 3.10 3.11 3.11 3.11 3.11 3.11 3.11 3.10 3.10 3.09 3.09 3.08 3.07 3.06 3.04 3.03 3.01 3.00 2.98 2.96 2.94 2.92 2.89 2.87 2.84 2.81 2.78 2.75 2.72 2.69 2.65 2.62 2.58 2.54 2.50 2.46 2.41 2.37 2.32 2.27 2.22 2.17 2.12 2.07 2.01 1.95 1.89 1.83
2.20 2.25 2.29 2.33 2.37 2.41 2.45 2.49 2.52 2.56 2.59 2.62 2.65 2.68 2.71 2.74 2.76 2.79 2.81 2.84 2.86 2.88 2.91 2.93 2.95 2.97 2.99 3.01 3.03 3.05 3.06 3.07 3.09 3.10 3.11 3.12 3.12 3.13 3.13 3.14 3.14 3.14 3.14 3.13 3.13 3.13 3.12 3.11 3.10 3.09 3.08 3.07 3.05 3.04 3.02 3.00 2.98 2.96 2.93 2.91 2.88 2.86 2.83 2.80 2.76 2.73 2.70 2.66 2.62 2.58 2.54 2.50 2.45 2.41 2.36 2.31 2.26 2.21 2.16 2.10 2.04 1.98 1.92 1.86
2.20 2.24 2.28 2.32 2.36 2.40 2.44 2.48 2.51 2.55 2.58 2.61 2.64 2.67 2.70 2.73 2.75 2.78 2.80 2.82 2.84 2.86 2.89 2.91 2.94 2.96 2.99 3.01 3.03 3.04 3.06 3.08 3.09 3.10 3.12 3.13 3.14 3.14 3.15 3.15 3.16 3.16 3.16 3.16 3.16 3.15 3.15 3.14 3.13 3.12 3.11 3.10 3.09 3.07 3.05 3.04 3.02 3.00 2.97 2.95 2.92 2.89 2.87 2.84 2.80 2.77 2.74 2.70 2.66 2.62 2.58 2.54 2.49 2.45 2.40 2.35 2.30 2.25 2.19 2.13 2.07 2.01 1.95 1.88
2.19 2.23 2.27 2.31 2.35 2.39 2.43 2.46 2.50 2.53 2.56 2.60 2.63 2.66 2.68 2.71 2.74 2.76 2.78 2.80 2.82 2.84 2.86 2.89 2.92 2.94 2.97 2.99 3.01 3.04 3.05 3.07 3.09 3.10 3.12 3.13 3.14 3.15 3.16 3.17 3.17 3.17 3.18 3.18 3.18 3.17 3.17 3.16 3.16 3.15 3.14 3.13 3.12 3.10 3.09 3.07 3.05 3.03 3.01 2.98 2.96 2.93 2.90 2.87 2.84 2.81 2.77 2.74 2.70 2.66 2.62 2.57 2.53 2.48 2.43 2.38 2.33 2.28 2.22 2.16 2.10 2.04 1.97 1.91
2.17 2.22 2.26 2.30 2.34 2.38 2.41 2.45 2.48 2.52 2.55 2.58 2.61 2.64 2.67 2.69 2.72 2.74 2.76 2.77 2.79 2.81 2.83 2.86 2.89 2.92 2.94 2.97 2.99 3.02 3.04 3.06 3.08 3.10 3.11 3.13 3.14 3.15 3.16 3.17 3.18 3.18 3.19 3.19 3.19 3.19 3.19 3.18 3.18 3.17 3.16 3.15 3.14 3.13 3.11 3.10 3.08 3.06 3.04 3.01 2.99 2.96 2.93 2.90 2.87 2.84 2.81 2.77 2.73 2.69 2.65 2.61 2.56 2.52 2.47 2.42 2.36 2.31 2.25 2.19 2.13 2.06 2.00 1.93
2.16 2.20 2.24 2.28 2.32 2.36 2.40 2.43 2.47 2.50 2.53 2.56 2.59 2.62 2.65 2.67 2.69 2.71 2.73 2.75 2.76 2.78 2.80 2.82 2.85 2.88 2.91 2.94 2.97 2.99 3.02 3.04 3.06 3.08 3.10 3.12 3.13 3.15 3.16 3.17 3.18 3.19 3.19 3.20 3.20 3.20 3.20 3.20 3.19 3.19 3.18 3.17 3.16 3.15 3.13 3.12 3.10 3.08 3.06 3.04 3.02 2.99 2.96 2.93 2.90 2.87 2.84 2.80 2.76 2.72 2.68 2.64 2.59 2.55 2.50 2.45 2.39 2.34 2.28 2.22 2.15 2.09 2.02 1.95
2.14 2.18 2.22 2.26 2.30 2.34 2.38 2.41 2.45 2.48 2.51 2.54 2.57 2.60 2.62 2.65 2.67 2.68 2.70 2.71 2.73 2.74 2.76 2.78 2.81 2.84 2.87 2.90 2.93 2.96 2.99 3.02 3.04 3.06 3.08 3.10 3.12 3.14 3.15 3.16 3.17 3.18 3.19 3.20 3.20 3.20 3.21 3.20 3.20 3.20 3.19 3.18 3.18 3.16 3.15 3.14 3.12 3.10 3.08 3.06 3.04 3.02 2.99 2.96 2.93 2.90 2.86 2.83 2.79 2.75 2.71 2.67 2.62 2.58 2.53 2.47 2.42 2.36 2.30 2.24 2.18 2.11 2.04 1.97
2.12 2.16 2.21 2.24 2.28 2.32 2.36 2.39 2.42 2.46 2.49 2.52 2.55 2.57 2.60 2.62 2.64 2.65 2.67 2.68 2.69 2.70 2.72 2.74 2.77 2.79 2.82 2.86 2.89 2.92 2.95 2.98 3.01 3.03 3.06 3.08 3.10 3.12 3.13 3.15 3.16 3.17 3.18 3.19 3.20 3.20 3.21 3.21 3.21 3.20 3.20 3.19 3.19 3.18 3.17 3.15 3.14 3.12 3.10 3.08 3.06 3.04 3.01 2.98 2.95 2.92 2.89 2.86 2.82 2.78 2.74 2.70 2.65 2.60 2.55 2.50 2.44 2.39 2.32 2.26 2.20 2.13 2.06 1.99
2.10 2.14 2.18 2.22 2.26 2.30 2.33 2.37 2.40 2.43 2.46 2.49 2.52 2.54 2.57 2.59 2.60 2.62 2.63 2.64 2.65 2.66 2.68 2.70 2.72 2.75 2.77 2.81 2.84 2.88 2.91 2.94 2.97 3.00 3.02 3.05 3.07 3.09 3.11 3.13 3.15 3.16 3.17 3.18 3.19 3.20 3.20 3.20 3.21 3.21 3.20 3.20 3.19 3.19 3.18 3.16 3.15 3.14 3.12 3.10 3.08 3.06 3.03 3.00 2.98 2.94 2.91 2.88 2.84 2.80 2.76 2.72 2.67 2.63 2.58 2.52 2.47 2.41 2.34 2.28 2.21 2.15 2.08 2.01
2.08 2.12 2.16 2.20 2.24 2.27 2.31 2.34 2.38 2.41 2.44 2.46 2.49 2.51 2.53 2.55 2.56 2.58 2.59 2.60 2.61 2.62 2.63 2.65 2.67 2.69 2.72 2.75 2.79 2.82 2.86 2.89 2.93 2.96 2.99 3.01 3.04 3.06 3.08 3.10 3.12 3.14 3.15 3.17 3.18 3.18 3.19 3.20 3.20 3.20 3.20 3.20 3.19 3.19 3.18 3.17 3.16 3.14 3.13 3.11 3.09 3.07 3.05 3.02 2.99 2.96 2.93 2.90 2.86 2.83 2.78 2.74 2.70 2.65 2.60 2.54 2.48 2.42 2.36 2.30 2.23 2.16 2.09 2.02
2.06 2.10 2.14 2.17 2.21 2.25 2.28 2.32 2.35 2.38 2.41 2.43 2.46 2.48 2.49 2.51 2.52 2.54 2.54 2.55 2.56 2.57 2.58 2.60 2.62 2.64 2.67 2.70 2.73 2.76 2.80 2.84 2.87 2.91 2.94 2.97 3.00 3.02 3.05 3.07 3.09 3.11 3.13 3.14 3.16 3.17 3.18 3.18 3.19 3.19 3.20 3.19 3.19 3.19 3.18 3.17 3.16 3.15 3.14 3.12 3.10 3.08 3.06 3.04 3.01 2.98 2.95 2.92 2.88 2.84 2.80 2.76 2.71 2.67 2.61 2.56 2.50 2.44 2.38 2.31 2.24 2.17 2.10 2.03
2.03 2.07 2.11 2.15 2.18 2.22 2.25 2.29 2.32 2.35 2.37 2.40 2.42 2.44 2.45 2.47 2.48 2.49 2.50 2.50 2.51 2.52 2.53 2.55 2.56 2.58 2.61 2.64 2.67 2.70 2.74 2.78 2.81 2.85 2.89 2.92 2.95 2.98 3.01 3.03 3.06 3.08 3.10 3.12 3.13 3.15 3.16 3.17 3.18 3.18 3.18 3.19 3.19 3.18 3.18 3.17 3.16 3.15 3.14 3.13 3.11 3.09 3.07 3.05 3.02 2.99 2.96 2.93 2.90 2.86 2.82 2.78 2.73 2.68 2.63 2.57 2.52 2.45 2.39 2.32 2.25 2.18 2.11 2.04
2.00 2.04 2.08 2.12 2.15 2.19 2.22 2.26 2.28 2.31 2.34 2.36 2.38 2.40 2.41 2.42 2.43 2.44 2.45 2.45 2.46 2.46 2.48 2.49 2.51 2.53 2.55 2.58 2.60 2.64 2.67 2.71 2.75 2.79 2.83 2.86 2.90 2.93 2.96 2.99 3.02 3.04 3.06 3.08 3.10 3.12 3.13 3.15 3.16 3.16 3.17 3.17 3.17 3.17 3.17 3.17 3.16 3.15 3.14 3.13 3.11 3.10 3.08 3.05 3.03 3.00 2.98 2.94 2.91 2.87 2.83 2.79 2.74 2.69 2.64 2.59 2.53 2.46 2.40 2.33 2.26 2.19 2.12 2.05
1.97 2.01 2.05 2.09 2.12 2.16 2.19 2.22 2.25 2.27 2.30 2.32 2.33 2.35 2.36 2.38 2.38 2.39 2.40 2.40 2.40 2.41 2.42 2.43 2.45 2.47 2.49 2.51 2.54 2.57 2.60 2.64 2.68 2.72 2.76 2.80 2.84 2.88 2.91 2.94 2.97 3.00 3.02 3.05 3.07 3.09 3.10 3.12 3.13 3.14 3.15 3.16 3.16 3.16 3.16 3.16 3.15 3.15 3.14 3.13 3.11 3.10 3.08 3.06 3.04 3.01 2.98 2.95 2.92 2.88 2.84 2.80 2.75 2.70 2.65 2.59 2.54 2.47 2.41 2.34 2.27 2.20 2.12 2.05
1.94 1.98 2.02 2.06 2.09 2.12 2.16 2.18 2.21 2.23 2.25 2.27 2.29 2.30 2.32 2.32 2.33 2.34 2.34 2.34 2.35 2.35 2.36 2.37 2.39 2.40 2.42 2.45 2.47 2.50 2.53 2.57 2.61 2.65 2.69 2.73 2.78 2.81 2.85 2.89 2.92 2.95 2.98 3.00 3.03 3.05 3.07 3.09 3.10 3.11 3.12 3.13 3.14 3.14 3.15 3.15 3.14 3.14 3.13 3.12 3.11 3.10 3.08 3.06 3.04 3.02 2.99 2.96 2.93 2.89 2.85 2.81 2.76 2.71 2.66 2.60 2.54 2.48 2.41 2.34 2.27 2.20 2.13 2.05
1.91 1.95 1.99 2.02 2.06 2.09 2.12 2.14 2.17 2.19 2.21 2.23 2.24 2.25 2.26 2.27 2.28 2.28 2.29 2.29 2.29 2.29 2.30 2.31 2.32 2.34 2.36 2.38 2.40 2.43 2.46 2.50 2.53 2.57 2.62 2.66 2.70 2.75 2.79 2.82 2.86 2.89 2.93 2.95 2.98 3.01 3.03 3.05 3.07 3.08 3.10 3.11 3.12 3.12 3.13 3.13 3.13 3.13 3.12 3.11 3.11 3.09 3.08 3.06 3.04 3.02 2.99 2.96 2.93 2.89 2.85 2.81 2.76 2.71 2.66 2.60 2.54 2.48 2.41 2.34 2.27 2.20 2.13 2.05
1.88 1.92 1.95 1.99 2.02 2.05 2.08 2.10 2.12 2.14 2.16 2.18 2.19 2.20 2.21 2.22 2.22 2.23 2.23 2.23 2.23 2.23 2.24 2.24 2.26 2.27 2.29 2.31 2.33 2.36 2.39 2.42 2.46 2.50 2.54 2.58 2.63 2.67 2.72 2.76 2.80 2.83 2.87 2.90 2.93 2.96 2.98 3.01 3.03 3.05 3.06 3.08 3.09 3.10 3.10 3.11 3.11 3.11 3.11 3.10 3.10 3.09 3.07 3.06 3.04 3.02 2.99 2.96 2.93 2.89 2.85 2.81 2.77 2.72 2.66 2.60 2.54 2.48 2.41 2.34 2.27 2.20 2.12 2.05
1.85 1.88 1.92 1.95 1.98 2.01 2.03 2.06 2.08 2.10 2.11 2.13 2.14 2.15 2.15 2.16 2.16 2.17 2.17 2.16 2.16 2.17 2.17 2.18 2.19 2.20 2.22 2.24 2.26 2.29 2.32 2.35 2.38 2.42 2.46 2.50 2.55 2.59 2.64 2.69 2.73 2.77 2.81 2.84 2.88 2.91 2.94 2.96 2.99 3.01 3.03 3.04 3.06 3.07 3.08 3.09 3.09 3.09 3.09 3.09 3.08 3.08 3.06 3.05 3.03 3.01 2.99 2.96 2.93 2.89 2.85 2.81 2.76 2.71 2.66 2.60 2.54 2.48 2.41 2.34 2.27 2.19 2.12 2.04
1.81 1.85 1.88 1.91 1.94 1.96 1.99 2.01 2.03 2.04 2.06 2.07 2.08 2.09 2.10 2.10 2.10 2.10 2.10 2.10 2.10 2.10 2.10 2.11 2.12 2.13 2.15 2.17 2.19 2.21 2.24 2.27 2.30 2.34 2.38 2.42 2.46 2.51 2.56 2.61 2.65 2.70 2.74 2.78 2.82 2.85 2.88 2.91 2.94 2.96 2.99 3.00 3.02 3.04 3.05 3.06 3.07 3.07 3.07 3.07 3.07 3.06 3.05 3.04 3.02 3.00 2.98 2.95 2.92 2.88 2.85 2.80 2.76 2.71 2.65 2.60 2.54 2.47 2.40 2.33 2.26 2.19 2.11 2.03
1.77 1.81 1.84 1.87 1.89 1.92 1.94 1.96 1.98 1.99 2.00 2.02 2.02 2.03 2.04 2.04 2.04 2.04 2.04 2.04 2.03 2.03 2.04 2.04 2.05 2.06 2.08 2.09 2.12 2.14 2.16 2.19 2.23 2.26 2.30 2.34 2.38 2.43 2.47 2.52 2.57 2.62 2.67 2.71 2.75 2.79 2.82 2.86 2.89 2.91 2.94 2.96 2.98 3.00 3.02 3.03 3.04 3.05 3.05 3.05 3.05 3.05 3.04 3.02 3.01 2.99 2.97 2.94 2.91 2.87 2.84 2.79 2.75 2.70 2.65 2.59 2.53 2.46 2.39 2.32 2.25 2.17 2.10 2.02
