data_processed/recharge/precip/Precip_2013_02.asc
ncols        168
nrows        136
xllcorner    455000
yllcorner    2107000
cellsize     500
NODATA_value     -99999
[rows 38 to 75 of 136, columns 0 to 83 of 168]
5.18 4.23 3.62 3.35 3.37 3.62 3.91 4.19 4.47 4.73 4.99 5.24 5.47 5.69 5.89 6.07 6.17 6.18 6.12 6.03 5.93 5.85 5.82 5.84 5.86 5.86 5.85 5.83 5.79 5.74 5.67 5.59 5.49 5.37 5.23 5.07 4.90 4.70 4.49 4.27 4.02 3.75 3.42 3.04 2.62 2.14 1.63 1.09 0.53 0.02 0.00 0.00 0.00 0.00 0.00 0.00 0.00 0.00 0.00 0.00 0.00 0.00 0.00 0.04 0.12 0.20 0.26 0.32 0.35 0.38 0.38 0.38 0.36 0.32 0.27 0.22 0.16 0.11 0.05 0.00 0.00 0.00 0.00 0.00
6.36 5.21 4.40 3.92 3.73 3.83 4.12 4.45 4.78 5.09 5.39 5.68 5.96 6.22 6.45 6.59 6.62 6.57 6.47 6.34 6.22 6.13 6.09 6.12 6.15 6.15 6.15 6.13 6.09 6.04 5.97 5.89 5.79 5.67 5.53 5.37 5.19 4.98 4.77 4.53 4.25 3.93 3.55 3.11 2.63 2.11 1.56 0.98 0.38 0.00 0.00 0.00 0.00 0.00 0.00 0.00 0.00 0.00 0.00 0.00 0.00 0.00 0.00 0.00 0.00 0.09 0.19 0.26 0.32 0.36 0.38 0.38 0.37 0.33 0.29 0.23 0.18 0.12 0.07 0.02 0.00 0.00 0.00 0.00
7.73 6.42 5.43 4.77 4.39 4.30 4.47 4.81 5.19 5.55 5.90 6.24 6.56 6.84 7.03 7.09 7.06 6.95 6.80 6.64 6.49 6.39 6.35 6.39 6.42 6.43 6.43 6.41 6.37 6.32 6.25 6.17 6.07 5.95 5.81 5.64 5.46 5.25 5.02 4.76 4.44 4.06 3.63 3.15 2.62 2.06 1.47 0.85 0.22 0.00 0.00 0.00 0.00 0.00 0.00 0.00 0.00 0.00 0.00 0.00 0.00 0.00 0.00 0.00 0.00 0.00 0.11 0.20 0.28 0.34 0.37 0.39 0.38 0.35 0.30 0.25 0.19 0.14 0.08 0.03 0.00 0.00 0.00 0.00
9.25 7.81 6.69 5.87 5.34 5.08 5.08 5.31 5.71 6.12 6.53 6.92 7.27 7.51 7.61 7.59 7.48 7.32 7.12 6.93 6.75 6.64 6.60 6.64 6.67 6.69 6.69 6.67 6.64 6.59 6.52 6.43 6.33 6.21 6.07 5.90 5.71 5.50 5.25 4.94 4.57 4.14 3.67 3.14 2.58 1.99 1.36 0.72 0.06 0.00 0.00 0.00 0.00 0.00 0.00 0.00 0.00 0.00 0.00 0.00 0.00 0.00 0.00 0.00 0.00 0.00 0.02 0.15 0.25 0.32 0.37 0.39 0.39 0.36 0.32 0.26 0.21 0.15 0.10 0.05 0.00 0.00 0.00 0.00
10.91 9.36 8.13 7.19 6.54 6.15 6.01 6.10 6.40 6.84 7.30 7.72 8.02 8.16 8.17 8.07 7.90 7.67 7.43 7.20 7.00 6.87 6.83 6.87 6.91 6.94 6.94 6.92 6.89 6.84 6.77 6.68 6.57 6.45 6.30 6.14 5.94 5.71 5.42 5.06 4.65 4.18 3.67 3.11 2.52 1.90 1.25 0.58 0.00 0.00 0.00 0.00 0.00 0.00 0.00 0.00 0.00 0.00 0.00 0.00 0.00 0.00 0.00 0.00 0.00 0.00 0.00 0.09 0.21 0.30 0.36 0.40 0.40 0.38 0.33 0.28 0.22 0.17 0.11 0.06 0.01 0.00 0.00 0.00
12.67 11.05 9.74 8.71 7.96 7.47 7.22 7.19 7.37 7.74 8.20 8.57 8.76 8.80 8.71 8.54 8.29 8.01 7.72 7.45 7.23 7.08 7.04 7.09 7.14 7.16 7.17 7.16 7.12 7.07 7.00 6.91 6.79 6.66 6.51 6.35 6.14 5.87 5.53 5.13 4.68 4.18 3.63 3.05 2.43 1.78 1.12 0.43 0.00 0.00 0.00 0.00 0.00 0.00 0.00 0.00 0.00 0.00 0.00 0.00 0.00 0.00 0.00 0.00 0.00 0.00 0.00 0.03 0.17 0.28 0.35 0.40 0.41 0.39 0.34 0.29 0.23 0.18 0.12 0.07 0.02 0.00 0.00 0.00
14.51 12.85 11.48 10.40 9.59 9.02 8.69 8.58 8.66 8.91 9.19 9.41 9.48 9.42 9.24 8.99 8.67 8.33 8.00 7.69 7.44 7.28 7.24 7.29 7.34 7.37 7.38 7.37 7.34 7.28 7.21 7.11 7.00 6.86 6.71 6.51 6.27 5.95 5.58 5.15 4.67 4.14 3.56 2.96 2.32 1.66 0.97 0.28 0.00 0.00 0.00 0.00 0.00 0.00 0.00 0.00 0.00 0.00 0.00 0.00 0.00 0.00 0.00 0.00 0.00 0.00 0.00 0.00 0.13 0.25 0.34 0.40 0.42 0.40 0.36 0.30 0.25 0.19 0.14 0.08 0.03 0.00 0.00 0.00
16.40 14.72 13.33 12.23 11.38 10.77 10.39 10.23 10.22 10.26 10.27 10.25 10.19 10.02 9.75 9.41 9.03 8.63 8.25 7.91 7.63 7.46 7.41 7.47 7.53 7.56 7.57 7.56 7.53 7.48 7.40 7.30 7.18 7.04 6.86 6.63 6.33 5.98 5.57 5.11 4.60 4.05 3.46 2.84 2.19 1.51 0.83 0.12 0.00 0.00 0.00 0.00 0.00 0.00 0.00 0.00 0.00 0.00 0.00 0.00 0.00 0.00 0.00 0.00 0.00 0.00 0.00 0.00 0.08 0.23 0.33 0.40 0.42 0.41 0.37 0.31 0.26 0.20 0.15 0.10 0.05 0.00 0.00 0.00
18.30 16.64 15.26 14.16 13.31 12.69 12.30 12.08 11.89 11.67 11.43 11.16 10.89 10.60 10.24 9.82 9.37 8.91 8.48 8.10 7.80 7.62 7.57 7.63 7.69 7.73 7.74 7.73 7.70 7.64 7.57 7.46 7.34 7.18 6.96 6.67 6.34 5.95 5.51 5.03 4.50 3.93 3.33 2.69 2.04 1.36 0.67 0.00 0.00 0.00 0.00 0.00 0.00 0.00 0.00 0.00 0.00 0.00 0.00 0.00 0.00 0.00 0.00 0.00 0.00 0.00 0.00 0.00 0.04 0.20 0.32 0.40 0.43 0.42 0.38 0.32 0.27 0.21 0.16 0.11 0.06 0.01 0.00 0.00
20.19 18.58 17.25 16.18 15.35 14.76 14.34 13.97 13.55 13.10 12.62 12.14 11.65 11.18 10.71 10.21 9.69 9.17 8.69 8.28 7.95 7.75 7.70 7.76 7.83 7.87 7.89 7.88 7.85 7.79 7.71 7.60 7.46 7.25 6.99 6.66 6.29 5.86 5.40 4.89 4.35 3.77 3.16 2.53 1.87 1.19 0.51 0.00 0.00 0.00 0.00 0.00 0.00 0.00 0.00 0.00 0.00 0.00 0.00 0.00 0.00 0.00 0.00 0.00 0.00 0.00 0.00 0.00 0.00 0.17 0.31 0.39 0.43 0.43 0.39 0.33 0.28 0.22 0.17 0.12 0.07 0.02 0.00 0.00
22.04 20.51 19.25 18.25 17.48 16.90 16.37 15.78 15.15 14.49 13.81 13.12 12.45 11.80 11.17 10.58 9.98 9.41 8.88 8.43 8.08 7.86 7.80 7.87 7.94 7.99 8.01 8.00 7.97 7.91 7.83 7.70 7.52 7.27 6.96 6.60 6.19 5.73 5.24 4.72 4.16 3.58 2.97 2.33 1.68 1.02 0.34 0.00 0.00 0.00 0.00 0.00 0.00 0.00 0.00 0.00 0.00 0.00 0.00 0.00 0.00 0.00 0.00 0.00 0.00 0.00 0.00 0.00 0.00 0.14 0.29 0.39 0.44 0.44 0.39 0.34 0.29 0.23 0.18 0.13 0.08 0.03 0.00 0.00
23.83 22.41 21.25 20.34 19.63 18.95 18.22 17.44 16.63 15.78 14.93 14.08 13.24 12.43 11.65 10.93 10.26 9.62 9.04 8.55 8.18 7.95 7.88 7.96 8.03 8.08 8.10 8.10 8.06 8.00 7.90 7.74 7.51 7.22 6.88 6.48 6.04 5.56 5.05 4.51 3.94 3.36 2.75 2.12 1.48 0.83 0.18 0.00 0.00 0.00 0.00 0.00 0.00 0.00 0.00 0.00 0.00 0.00 0.00 0.00 0.00 0.00 0.00 0.00 0.00 0.00 0.00 0.00 0.00 0.11 0.27 0.38 0.44 0.44 0.40 0.35 0.29 0.24 0.19 0.14 0.09 0.04 0.00 0.00
25.52 24.24 23.21 22.40 21.61 20.77 19.87 18.92 17.94 16.95 15.94 14.95 13.97 13.02 12.12 11.28 10.51 9.81 9.18 8.65 8.25 8.00 7.94 8.02 8.10 8.15 8.17 8.17 8.13 8.06 7.91 7.71 7.44 7.11 6.74 6.32 5.85 5.35 4.82 4.27 3.70 3.11 2.51 1.89 1.27 0.64 0.01 0.00 0.00 0.00 0.00 0.00 0.00 0.00 0.00 0.00 0.00 0.00 0.00 0.00 0.00 0.00 0.00 0.00 0.00 0.00 0.00 0.00 0.00 0.08 0.25 0.37 0.44 0.44 0.40 0.35 0.30 0.25 0.20 0.14 0.10 0.06 0.02 0.00
27.08 25.98 25.08 24.22 23.28 22.29 21.24 20.16 19.04 17.92 16.79 15.68 14.59 13.54 12.54 11.60 10.74 9.97 9.29 8.73 8.30 8.03 7.97 8.05 8.13 8.19 8.21 8.20 8.16 8.04 7.86 7.61 7.31 6.95 6.55 6.11 5.62 5.11 4.57 4.01 3.43 2.84 2.24 1.65 1.05 0.44 0.00 0.00 0.00 0.00 0.00 0.00 0.00 0.00 0.00 0.00 0.00 0.00 0.00 0.00 0.00 0.00 0.00 0.00 0.00 0.00 0.00 0.00 0.00 0.04 0.23 0.36 0.43 0.44 0.41 0.36 0.31 0.25 0.20 0.15 0.11 0.07 0.04 0.02
28.50 27.55 26.64 25.65 24.59 23.47 22.30 21.10 19.88 18.66 17.44 16.23 15.06 13.93 12.85 11.85 10.92 10.09 9.37 8.77 8.31 8.04 7.96 8.05 8.14 8.19 8.22 8.20 8.11 7.96 7.74 7.46 7.12 6.74 6.32 5.86 5.36 4.83 4.29 3.72 3.15 2.56 1.97 1.39 0.81 0.24 0.00 0.00 0.00 0.00 0.00 0.00 0.00 0.00 0.00 0.00 0.00 0.00 0.00 0.00 0.00 0.00 0.00 0.00 0.00 0.00 0.00 0.00 0.00 0.01 0.21 0.35 0.43 0.44 0.41 0.36 0.31 0.26 0.21 0.16 0.13 0.09 0.07 0.05
29.69 28.76 27.74 26.64 25.47 24.25 23.00 21.71 20.41 19.11 17.82 16.55 15.32 14.13 13.01 11.97 11.01 10.15 9.40 8.78 8.30 8.01 7.93 8.02 8.11 8.17 8.18 8.12 8.00 7.81 7.55 7.25 6.89 6.49 6.04 5.57 5.06 4.53 3.98 3.42 2.85 2.28 1.70 1.14 0.58 0.04 0.00 0.00 0.00 0.00 0.00 0.00 0.00 0.00 0.00 0.00 0.00 0.00 0.00 0.00 0.00 0.00 0.00 0.00 0.00 0.00 0.00 0.00 0.00 0.01 0.19 0.34 0.42 0.44 0.41 0.36 0.31 0.26 0.22 0.18 0.15 0.12 0.10 0.08
30.44 29.42 28.31 27.13 25.89 24.60 23.28 21.93 20.58 19.23 17.89 16.59 15.32 14.11 12.97 11.91 10.94 10.08 9.33 8.72 8.24 7.94 7.86 7.95 8.05 8.09 8.07 7.98 7.81 7.59 7.31 6.98 6.60 6.18 5.73 5.25 4.74 4.21 3.66 3.10 2.54 1.98 1.43 0.89 0.36 0.00 0.00 0.00 0.00 0.00 0.00 0.00 0.00 0.00 0.00 0.00 0.00 0.00 0.00 0.00 0.00 0.00 0.00 0.00 0.00 0.00 0.00 0.00 0.00 0.05 0.20 0.33 0.42 0.44 0.41 0.36 0.31 0.27 0.23 0.20 0.17 0.15 0.13 0.11
30.58 29.49 28.32 27.08 25.79 24.46 23.09 21.72 20.33 18.96 17.61 16.29 15.02 13.81 12.68 11.63 10.67 9.83 9.12 8.54 8.10 7.84 7.76 7.86 7.94 7.95 7.89 7.76 7.57 7.32 7.02 6.67 6.27 5.84 5.38 4.89 4.38 3.86 3.32 2.78 2.23 1.69 1.16 0.64 0.15 0.00 0.00 0.00 0.00 0.00 0.00 0.00 0.00 0.00 0.00 0.00 0.00 0.00 0.00 0.00 0.00 0.00 0.00 0.00 0.00 0.00 0.00 0.00 0.00 0.11 0.24 0.35 0.41 0.43 0.40 0.36 0.32 0.28 0.25 0.23 0.20 0.18 0.17 0.15
30.06 28.93 27.73 26.46 25.14 23.79 22.41 21.03 19.64 18.27 16.93 15.63 14.38 13.20 12.09 11.08 10.17 9.38 8.71 8.19 7.82 7.63 7.61 7.72 7.77 7.74 7.65 7.49 7.27 7.00 6.68 6.31 5.91 5.47 5.01 4.52 4.02 3.50 2.97 2.45 1.92 1.40 0.90 0.42 0.00 0.00 0.00 0.00 0.00 0.00 0.00 0.00 0.00 0.00 0.00 0.00 0.00 0.00 0.00 0.00 0.00 0.00 0.00 0.00 0.00 0.00 0.00 0.00 0.06 0.20 0.31 0.39 0.43 0.43 0.40 0.36 0.33 0.30 0.27 0.25 0.24 0.22 0.21 0.20
29.16 28.00 26.77 25.49 24.16 22.80 21.42 20.04 18.66 17.31 15.99 14.71 13.50 12.35 11.29 10.32 9.47 8.74 8.14 7.69 7.40 7.28 7.39 7.62 7.67 7.61 7.48 7.29 7.04 6.74 6.40 6.02 5.61 5.16 4.69 4.20 3.70 3.19 2.67 2.16 1.65 1.16 0.68 0.22 0.00 0.00 0.00 0.00 0.00 0.00 0.00 0.00 0.00 0.00 0.00 0.00 0.00 0.00 0.00 0.00 0.00 0.00 0.00 0.00 0.00 0.00 0.00 0.04 0.18 0.30 0.39 0.45 0.47 0.44 0.37 0.33 0.31 0.29 0.27 0.26 0.25 0.24 0.23 0.22
28.16 26.97 25.72 24.41 23.07 21.70 20.32 18.94 17.58 16.24 14.93 13.68 12.50 11.39 10.37 9.45 8.65 7.98 7.44 7.07 6.85 6.86 7.15 7.57 7.74 7.67 7.49 7.26 6.98 6.65 6.28 5.87 5.44 4.97 4.49 3.99 3.48 2.97 2.46 1.95 1.45 0.97 0.51 0.08 0.00 0.00 0.00 0.00 0.00 0.00 0.00 0.00 0.00 0.00 0.00 0.00 0.00 0.00 0.00 0.00 0.00 0.00 0.00 0.00 0.00 0.00 0.03 0.18 0.31 0.42 0.49 0.53 0.52 0.45 0.33 0.26 0.24 0.23 0.22 0.22 0.21 0.21 0.21 0.21
27.09 25.87 24.58 23.26 21.90 20.52 19.14 17.76 16.40 15.07 13.79 12.56 11.41 10.33 9.35 8.48 7.74 7.12 6.65 6.34 6.24 6.42 6.89 7.49 7.83 7.87 7.68 7.40 7.07 6.70 6.29 5.85 5.39 4.90 4.39 3.88 3.36 2.83 2.31 1.80 1.30 0.83 0.38 0.00 0.00 0.00 0.00 0.00 0.00 0.00 0.00 0.00 0.00 0.00 0.00 0.00 0.00 0.00 0.00 0.00 0.00 0.00 0.00 0.00 0.00 0.02 0.19 0.33 0.45 0.54 0.60 0.61 0.56 0.45 0.30 0.19 0.14 0.13 0.13 0.14 0.14 0.15 0.15 0.16
25.93 24.69 23.39 22.04 20.66 19.27 17.88 16.50 15.15 13.83 12.57 11.36 10.24 9.20 8.26 7.43 6.73 6.17 5.77 5.57 5.64 6.00 6.64 7.38 7.88 8.07 7.98 7.68 7.30 6.88 6.43 5.95 5.44 4.92 4.38 3.84 3.29 2.75 2.22 1.69 1.19 0.71 0.26 0.00 0.00 0.00 0.00 0.00 0.00 0.00 0.00 0.00 0.00 0.00 0.00 0.00 0.00 0.00 0.00 0.00 0.00 0.00 0.00 0.00 0.03 0.20 0.36 0.49 0.60 0.67 0.70 0.68 0.59 0.44 0.26 0.11 0.03 0.00 0.00 0.02 0.04 0.05 0.07 0.09
24.69 23.46 22.13 20.76 19.37 17.97 16.57 15.19 13.84 12.54 11.28 10.10 9.00 7.99 7.09 6.31 5.66 5.16 4.85 4.82 5.07 5.60 6.38 7.26 7.89 8.22 8.27 8.05 7.65 7.17 6.66 6.13 5.58 5.01 4.44 3.86 3.28 2.71 2.15 1.61 1.09 0.60 0.13 0.00 0.00 0.00 0.00 0.00 0.00 0.00 0.00 0.00 0.00 0.00 0.00 0.00 0.00 0.00 0.00 0.00 0.00 0.00 0.00 0.02 0.21 0.38 0.53 0.65 0.74 0.80 0.80 0.74 0.62 0.44 0.22 0.04 0.00 0.00 0.00 0.00 0.00 0.00 0.00 0.00
23.37 22.14 20.83 19.45 18.04 16.62 15.22 13.83 12.49 11.19 9.95 8.79 7.71 6.73 5.87 5.13 4.53 4.12 3.98 4.12 4.54 5.21 6.12 7.12 7.87 8.32 8.49 8.39 8.06 7.54 6.97 6.38 5.77 5.16 4.53 3.91 3.29 2.69 2.10 1.53 0.98 0.47 0.00 0.00 0.00 0.00 0.00 0.00 0.00 0.00 0.00 0.00 0.00 0.00 0.00 0.00 0.00 0.00 0.00 0.00 0.00 0.00 0.01 0.21 0.39 0.55 0.69 0.81 0.88 0.91 0.88 0.78 0.63 0.42 0.18 0.00 0.00 0.00 0.00 0.00 0.00 0.00 0.00 0.00
21.98 20.76 19.46 18.09 16.68 15.25 13.83 12.44 11.10 9.80 8.58 7.43 6.38 5.43 4.60 3.90 3.39 3.15 3.18 3.48 4.04 4.83 5.86 6.96 7.81 8.37 8.64 8.65 8.41 7.96 7.35 6.69 6.02 5.34 4.66 3.99 3.32 2.67 2.04 1.43 0.85 0.31 0.00 0.00 0.00 0.00 0.00 0.00 0.00 0.00 0.00 0.00 0.00 0.00 0.00 0.00 0.00 0.00 0.00 0.00 0.00 0.00 0.19 0.38 0.56 0.72 0.86 0.96 1.01 1.00 0.94 0.82 0.64 0.41 0.14 0.00 0.00 0.00 0.00 0.00 0.00 0.00 0.00 0.00
20.52 19.31 18.03 16.68 15.28 13.85 12.43 11.03 9.69 8.40 7.19 6.06 5.02 4.10 3.31 2.69 2.34 2.27 2.46 2.89 3.57 4.48 5.60 6.79 7.72 8.36 8.72 8.82 8.67 8.31 7.74 7.03 6.29 5.54 4.80 4.06 3.34 2.63 1.95 1.30 0.68 0.14 0.00 0.00 0.00 0.00 0.00 0.00 0.00 0.00 0.00 0.00 0.00 0.00 0.00 0.00 0.00 0.00 0.00 0.00 0.00 0.14 0.36 0.55 0.73 0.89 1.01 1.09 1.11 1.08 0.99 0.85 0.65 0.39 0.10 0.00 0.00 0.00 0.00 0.00 0.00 0.00 0.00 0.00
19.02 17.82 16.54 15.22 13.84 12.44 11.02 9.62 8.27 6.99 5.78 4.67 3.66 2.76 2.05 1.59 1.40 1.48 1.80 2.36 3.15 4.14 5.34 6.60 7.60 8.31 8.73 8.90 8.83 8.53 8.04 7.36 6.57 5.74 4.92 4.12 3.33 2.56 1.82 1.12 0.50 0.00 0.00 0.00 0.00 0.00 0.00 0.00 0.00 0.00 0.00 0.00 0.00 0.00 0.00 0.00 0.00 0.00 0.00 0.00 0.07 0.30 0.51 0.71 0.89 1.04 1.14 1.19 1.19 1.14 1.03 0.87 0.65 0.37 0.07 0.00 0.00 0.00 0.00 0.00 0.00 0.00 0.00 0.00
17.47 16.28 15.02 13.72 12.37 10.99 9.60 8.21 6.86 5.58 4.38 3.28 2.29 1.47 0.91 0.61 0.57 0.78 1.22 1.89 2.76 3.83 5.09 6.40 7.45 8.20 8.68 8.90 8.88 8.64 8.20 7.58 6.80 5.92 5.02 4.14 3.27 2.44 1.64 0.92 0.32 0.00 0.00 0.00 0.00 0.00 0.00 0.00 0.00 0.00 0.00 0.00 0.00 0.00 0.00 0.00 0.00 0.00 0.00 0.00 0.21 0.44 0.66 0.86 1.03 1.16 1.24 1.27 1.25 1.18 1.05 0.87 0.64 0.35 0.03 0.00 0.00 0.00 0.00 0.00 0.00 0.00 0.00 0.00
15.89 14.71 13.47 12.18 10.86 9.52 8.16 6.81 5.47 4.19 3.00 1.91 0.99 0.32 0.00 0.00 0.00 0.18 0.72 1.47 2.42 3.55 4.85 6.19 7.27 8.06 8.57 8.82 8.84 8.64 8.24 7.66 6.92 6.04 5.07 4.10 3.16 2.25 1.43 0.73 0.14 0.00 0.00 0.00 0.00 0.00 0.00 0.00 0.00 0.00 0.00 0.00 0.00 0.00 0.00 0.00 0.00 0.00 0.00 0.07 0.32 0.56 0.79 0.99 1.14 1.25 1.32 1.33 1.29 1.20 1.06 0.87 0.63 0.33 0.00 0.00 0.00 0.00 0.00 0.00 0.00 0.00 0.00 0.00
14.29 13.12 11.90 10.63 9.34 8.02 6.70 5.39 4.09 2.83 1.65 0.62 0.00 0.00 0.00 0.00 0.00 0.00 0.30 1.12 2.12 3.29 4.61 5.96 7.06 7.86 8.39 8.66 8.70 8.52 8.14 7.58 6.86 6.01 5.03 3.99 2.96 2.03 1.22 0.54 0.00 0.00 0.00 0.00 0.00 0.00 0.00 0.00 0.00 0.00 0.00 0.00 0.00 0.00 0.00 0.00 0.00 0.00 0.00 0.17 0.42 0.67 0.90 1.08 1.22 1.31 1.36 1.36 1.31 1.21 1.06 0.86 0.61 0.31 0.00 0.00 0.00 0.00 0.00 0.00 0.00 0.00 0.00 0.00
12.68 11.52 10.32 9.07 7.80 6.52 5.24 3.96 2.71 1.50 0.39 0.00 0.00 0.00 0.00 0.00 0.00 0.00 0.00 0.83 1.87 3.06 4.39 5.74 6.83 7.63 8.15 8.43 8.46 8.28 7.91 7.36 6.65 5.80 4.83 3.77 2.73 1.81 1.02 0.36 0.00 0.00 0.00 0.00 0.00 0.00 0.00 0.00 0.00 0.00 0.00 0.00 0.00 0.00 0.00 0.00 0.00 0.00 0.00 0.25 0.51 0.75 0.96 1.14 1.26 1.34 1.38 1.37 1.31 1.20 1.05 0.84 0.59 0.28 0.00 0.00 0.00 0.00 0.00 0.00 0.00 0.00 0.00 0.00
11.07 9.92 8.74 7.51 6.27 5.02 3.77 2.54 1.34 0.23 0.00 0.00 0.00 0.00 0.00 0.00 0.00 0.00 0.00 0.60 1.66 2.85 4.18 5.50 6.57 7.35 7.86 8.11 8.13 7.94 7.55 6.98 6.26 5.41 4.44 3.45 2.49 1.61 0.84 0.19 0.00 0.00 0.00 0.00 0.00 0.00 0.00 0.00 0.00 0.00 0.00 0.00 0.00 0.00 0.00 0.00 0.00 0.00 0.08 0.33 0.58 0.80 0.99 1.15 1.27 1.34 1.37 1.35 1.29 1.18 1.02 0.82 0.56 0.26 0.00 0.00 0.00 0.00 0.00 0.00 0.00 0.00 0.00 0.00
9.46 8.33 7.16 5.97 4.75 3.53 2.32 1.13 0.03 0.00 0.00 0.00 0.00 0.00 0.00 0.00 0.00 0.00 0.00 0.44 1.50 2.68 3.98 5.26 6.30 7.04 7.51 7.73 7.71 7.49 7.06 6.47 5.72 4.85 3.94 3.05 2.20 1.40 0.66 0.03 0.00 0.00 0.00 0.00 0.00 0.00 0.00 0.00 0.00 0.00 0.00 0.00 0.00 0.00 0.00 0.00 0.00 0.00 0.16 0.40 0.62 0.82 0.99 1.13 1.24 1.31 1.34 1.32 1.25 1.15 0.99 0.79 0.54 0.24 0.00 0.00 0.00 0.00 0.00 0.00 0.00 0.00 0.00 0.00
7.88 6.76 5.61 4.44 3.25 2.06 0.89 0.00 0.00 0.00 0.00 0.00 0.00 0.00 0.00 0.00 0.00 0.00 0.00 0.35 1.39 2.54 3.79 5.02 6.00 6.68 7.10 7.27 7.20 6.92 6.45 5.81 5.03 4.20 3.38 2.60 1.85 1.14 0.47 0.00 0.00 0.00 0.00 0.00 0.00 0.00 0.00 0.00 0.00 0.00 0.00 0.00 0.00 0.00 0.00 0.00 0.00 0.00 0.22 0.44 0.64 0.81 0.96 1.08 1.18 1.25 1.28 1.26 1.20 1.09 0.94 0.75 0.51 0.22 0.00 0.00 0.00 0.00 0.00 0.00 0.00 0.00 0.00 0.00
6.32 5.22 4.09 2.94 1.78 0.63 0.00 0.00 0.00 0.00 0.00 0.00 0.00 0.00 0.00 0.00 0.00 0.00 0.00 0.33 1.34 2.44 3.62 4.78 5.68 6.30 6.64 6.74 6.60 6.26 5.72 5.03 4.27 3.53 2.81 2.12 1.46 0.84 0.26 0.00 0.00 0.00 0.00 0.00 0.00 0.00 0.00 0.00 0.00 0.00 0.00 0.00 0.00 0.00 0.00 0.00 0.00 0.04 0.26 0.46 0.63 0.78 0.91 1.02 1.10 1.16 1.19 1.18 1.13 1.03 0.89 0.70 0.47 0.20 0.00 0.00 0.00 0.00 0.00 0.00 0.00 0.00 0.00 0.00
4.80 3.71 2.60 1.48 0.35 0.00 0.00 0.00 0.00 0.00 0.00 0.00 0.00 0.00 0.00 0.00 0.00 0.00 0.00 0.38 1.33 2.37 3.48 4.54 5.35 5.87 6.13 6.14 5.92 5.49 4.88 4.20 3.53 2.88 2.25 1.64 1.06 0.51 0.00 0.00 0.00 0.00 0.00 0.00 0.00 0.00 0.00 0.00 0.00 0.00 0.00 0.00 0.00 0.00 0.00 0.00 0.00 0.08 0.27 0.45 0.60 0.73 0.84 0.93 1.00 1.05 1.08 1.08 1.04 0.95 0.83 0.65 0.44 0.18 0.00 0.00 0.00 0.00 0.00 0.00 0.00 0.00 0.00 0.00
3.32 2.26 1.17 0.07 0.00 0.00 0.00 0.00 0.00 0.00 0.00 0.00 0.00 0.00 0.00 0.00 0.00 0.00 0.00 0.50 1.39 2.34 3.35 4.31 5.01 5.42 5.57 5.47 5.14 4.63 4.03 3.43 2.84 2.26 1.70 1.16 0.65 0.17 0.00 0.00 0.00 0.00 0.00 0.00 0.00 0.00 0.00 0.00 0.00 0.00 0.00 0.00 0.00 0.00 0.00 0.00 0.00 0.09 0.26 0.42 0.55 0.67 0.77 0.84 0.90 0.94 0.96 0.96 0.93 0.86 0.75 0.60 0.40 0.17 0.00 0.00 0.00 0.00 0.00 0.00 0.00 0.00 0.00 0.00
