data_processed/recharge/precip/Precip_1995_08.asc
ncols        168
nrows        136
xllcorner    455000
yllcorner    2107000
cellsize     500
NODATA_value     -99999
[rows 0 to 31 of 136, columns 0 to 72 of 168]
436.00 438.94 441.74 444.41 446.92 449.27 451.46 453.49 455.33 457.00 458.47 459.75 460.83 461.70 462.35 462.78 462.99 462.96 462.69 462.17 461.40 460.37 459.07 457.46 455.31 452.57 449.69 446.75 443.61 440.24 436.67 432.93 429.04 425.04 420.95 416.80 412.62 408.42 404.25 400.12 396.07 392.12 388.29 384.62 381.14 377.86 374.83 372.05 369.57 367.41 365.69 364.69 364.22 363.85 363.30 362.43 361.25 359.78 358.04 356.06 353.85 351.43 348.83 346.07 343.17 340.15 337.03 333.83 330.57 327.28 323.98 320.68 317.41
433.70 436.62 439.42 442.07 444.56 446.89 449.06 451.05 452.87 454.49 455.93 457.17 458.20 459.02 459.62 459.99 460.13 460.04 459.70 459.11 458.26 457.15 455.73 453.78 451.13 447.87 444.43 441.02 437.62 434.03 430.24 426.28 422.17 417.95 413.64 409.26 404.85 400.44 396.04 391.68 387.40 383.22 379.17 375.27 371.55 368.05 364.78 361.77 359.06 356.76 355.17 354.38 354.13 354.04 354.00 353.77 353.21 352.34 351.16 349.71 348.00 346.05 343.89 341.54 339.02 336.34 333.54 330.63 327.63 324.57 321.46 318.33 315.19
431.22 434.10 436.88 439.51 441.98 444.29 446.44 448.40 450.18 451.77 453.17 454.36 455.34 456.11 456.66 456.97 457.05 456.89 456.49 455.82 454.90 453.67 451.91 449.46 446.32 442.60 438.61 434.59 430.67 426.81 422.79 418.59 414.26 409.80 405.25 400.64 396.00 391.34 386.70 382.11 377.59 373.17 368.87 364.73 360.77 357.02 353.51 350.26 347.41 345.24 343.88 343.29 343.23 343.36 343.61 343.90 343.99 343.74 343.16 342.27 341.10 339.66 337.98 336.07 333.96 331.67 329.22 326.64 323.93 321.13 318.26 315.33 312.36
428.56 431.40 434.13 436.73 439.19 441.48 443.59 445.53 447.27 448.83 450.18 451.33 452.26 452.98 453.47 453.73 453.75 453.52 453.04 452.30 451.27 449.70 447.45 444.52 440.94 436.79 432.30 427.68 423.10 418.68 414.37 409.93 405.35 400.64 395.85 390.99 386.10 381.19 376.30 371.46 366.69 362.01 357.46 353.07 348.85 344.85 341.08 337.68 334.97 333.04 331.89 331.49 331.62 331.95 332.42 333.00 333.62 334.02 334.07 333.79 333.18 332.29 331.12 329.69 328.03 326.16 324.10 321.88 319.50 317.00 314.39 311.70 308.94
425.72 428.51 431.19 433.75 436.17 438.44 440.52 442.43 444.14 445.65 446.97 448.07 448.95 449.62 450.05 450.25 450.20 449.91 449.36 448.51 447.15 445.10 442.37 439.01 435.03 430.49 425.54 420.37 415.13 409.99 405.09 400.34 395.50 390.54 385.49 380.37 375.21 370.04 364.89 359.78 354.75 349.81 344.99 340.33 335.85 331.58 327.65 324.40 321.93 320.23 319.28 319.05 319.35 319.86 320.54 321.36 322.27 323.20 323.91 324.27 324.27 323.95 323.33 322.42 321.25 319.84 318.20 316.37 314.36 312.19 309.89 307.47 304.97
422.70 425.43 428.06 430.56 432.94 435.17 437.23 439.10 440.78 442.25 443.52 444.58 445.41 446.02 446.40 446.54 446.43 446.07 445.41 444.24 442.39 439.87 436.72 432.96 428.62 423.74 418.38 412.69 406.84 400.99 395.31 389.94 384.77 379.54 374.22 368.83 363.40 357.95 352.53 347.14 341.83 336.61 331.52 326.58 321.82 317.39 313.61 310.61 308.38 306.89 306.12 306.06 306.50 307.19 308.06 309.09 310.24 311.48 312.72 313.74 314.39 314.68 314.64 314.29 313.64 312.72 311.54 310.14 308.53 306.74 304.77 302.68 300.60
419.49 422.17 424.74 427.19 429.51 431.69 433.71 435.55 437.19 438.62 439.85 440.86 441.64 442.20 442.52 442.59 442.42 441.95 440.97 439.33 437.02 434.08 430.54 426.42 421.77 416.58 410.84 404.68 398.26 391.75 385.31 379.11 373.28 367.70 362.10 356.42 350.70 344.98 339.26 333.59 327.99 322.48 317.10 311.87 306.94 302.66 299.15 296.40 294.39 293.09 292.49 292.57 293.15 293.99 295.04 296.27 297.64 299.12 300.68 302.24 303.56 304.50 305.08 305.31 305.22 304.83 304.16 303.22 302.05 300.66 299.08 297.48 296.03
416.10 418.73 421.24 423.62 425.88 428.00 429.96 431.76 433.36 434.76 435.94 436.90 437.63 438.13 438.39 438.41 438.13 437.35 435.90 433.80 431.07 427.75 423.86 419.44 414.51 409.06 402.99 396.40 389.45 382.32 375.16 368.14 361.42 355.15 349.18 343.21 337.19 331.16 325.15 319.18 313.27 307.47 301.78 296.38 291.61 287.61 284.36 281.84 280.03 278.91 278.46 278.67 279.37 280.35 281.57 282.98 284.55 286.26 288.07 289.95 291.82 293.44 294.67 295.53 296.03 296.20 296.06 295.63 294.93 293.99 292.99 292.10 291.31
412.52 415.09 417.54 419.86 422.06 424.11 426.01 427.75 429.30 430.66 431.79 432.71 433.39 433.83 434.03 433.94 433.36 432.11 430.22 427.70 424.60 420.94 416.74 412.05 406.89 401.21 394.85 387.87 380.45 372.73 364.89 357.10 349.51 342.30 335.59 329.24 322.92 316.58 310.25 303.97 297.75 291.63 285.76 280.53 276.04 272.31 269.30 266.99 265.37 264.42 264.11 264.43 265.24 266.35 267.71 269.29 271.05 272.97 275.02 277.15 279.35 281.52 283.43 284.95 286.08 286.85 287.28 287.39 287.21 286.92 286.72 286.58 286.46
408.75 411.25 413.64 415.90 418.03 420.02 421.85 423.52 425.01 426.32 427.41 428.27 428.90 429.29 429.39 429.00 427.95 426.26 423.96 421.08 417.64 413.68 409.22 404.30 398.95 393.10 386.48 379.16 371.29 363.03 354.56 346.03 337.61 329.47 321.77 314.65 307.93 301.27 294.62 288.01 281.47 275.16 269.47 264.52 260.32 256.83 254.05 251.94 250.50 249.69 249.51 249.93 250.83 252.04 253.54 255.27 257.21 259.33 261.59 263.97 266.42 268.93 271.40 273.60 275.40 276.81 277.84 278.54 279.08 279.68 280.32 280.95 281.50
404.79 407.22 409.55 411.75 413.81 415.73 417.49 419.09 420.51 421.75 422.78 423.59 424.17 424.46 424.26 423.42 421.94 419.85 417.18 413.97 410.24 406.02 401.34 396.23 390.73 384.74 377.92 370.29 362.02 353.27 344.20 334.98 325.77 316.75 308.07 299.90 292.37 285.29 278.31 271.36 264.63 258.49 253.11 248.45 244.51 241.26 238.69 236.76 235.48 234.81 234.73 235.23 236.21 237.52 239.13 241.00 243.10 245.40 247.87 250.47 253.18 255.95 258.76 261.53 264.02 266.10 267.79 269.28 270.80 272.33 273.82 275.20 276.43
400.62 403.00 405.26 407.39 409.38 411.23 412.92 414.44 415.79 416.95 417.92 418.67 419.16 419.15 418.51 417.23 415.36 412.91 409.92 406.42 402.44 398.00 393.14 387.89 382.28 376.20 369.21 361.32 352.69 343.48 333.86 323.99 314.04 304.17 294.55 285.34 276.71 268.79 261.38 254.23 247.67 241.86 236.77 232.39 228.69 225.66 223.28 221.53 220.39 219.84 219.86 220.42 221.46 222.85 224.56 226.56 228.80 231.27 233.93 236.74 239.67 242.70 245.79 248.90 251.96 254.75 257.32 259.87 262.41 264.88 267.22 269.37 271.27
396.26 398.57 400.76 402.82 404.75 406.52 408.14 409.59 410.86 411.94 412.83 413.47 413.66 413.22 412.15 410.48 408.25 405.49 402.22 398.47 394.28 389.67 384.68 379.32 373.64 367.51 360.40 352.28 343.33 333.71 323.57 313.10 302.44 291.77 281.26 271.05 261.33 252.26 244.12 237.07 230.84 225.33 220.53 216.40 212.94 210.12 207.92 206.32 205.30 204.86 204.95 205.57 206.65 208.11 209.91 212.01 214.39 217.01 219.84 222.84 225.99 229.26 232.61 236.01 239.44 243.01 246.71 250.37 253.94 257.34 260.54 263.45 266.04
391.70 393.94 396.06 398.05 399.90 401.60 403.14 404.52 405.71 406.72 407.49 407.81 407.54 406.67 405.22 403.21 400.67 397.63 394.12 390.17 385.81 381.07 375.98 370.56 364.86 358.71 351.52 343.22 334.00 324.00 313.40 302.35 291.04 279.61 268.23 257.08 246.31 236.25 227.46 220.21 214.21 208.99 204.46 200.57 197.32 194.69 192.66 191.20 190.30 189.94 190.10 190.75 191.86 193.37 195.24 197.44 199.93 202.68 205.67 208.86 212.21 215.70 219.29 222.98 226.91 231.30 236.03 240.80 245.39 249.74 253.79 257.48 260.75
386.94 389.10 391.15 393.07 394.85 396.47 397.94 399.23 400.34 401.23 401.69 401.56 400.84 399.58 397.78 395.46 392.65 389.38 385.67 381.56 377.07 372.24 367.09 361.66 355.97 349.85 342.62 334.19 324.73 314.40 303.37 291.80 279.86 267.71 255.53 243.46 231.85 221.27 212.01 204.21 197.94 192.91 188.63 184.97 181.92 179.46 177.58 176.25 175.44 175.16 175.36 176.04 177.17 178.71 180.63 182.91 185.50 188.38 191.51 194.86 198.40 202.10 205.94 210.10 214.78 219.94 225.45 231.18 236.79 242.08 246.99 251.45 255.41
381.96 384.06 386.04 387.88 389.58 391.12 392.51 393.72 394.72 395.29 395.29 394.72 393.61 391.98 389.86 387.28 384.24 380.77 376.91 372.68 368.11 363.23 358.07 352.66 347.03 340.98 333.74 325.22 315.56 304.94 293.53 281.48 268.96 256.14 243.18 230.42 218.43 207.54 197.86 189.52 182.63 177.26 173.12 169.67 166.81 164.51 162.76 161.54 160.82 160.59 160.83 161.51 162.64 164.20 166.17 168.50 171.18 174.16 177.42 180.92 184.63 188.54 192.83 197.72 203.16 209.04 215.25 221.67 228.15 234.39 240.15 245.39 250.04
376.78 378.81 380.71 382.47 384.09 385.56 386.86 387.96 388.64 388.76 388.32 387.36 385.88 383.93 381.53 378.71 375.48 371.86 367.88 363.57 358.96 354.07 348.94 343.59 338.06 332.13 324.94 316.36 306.55 295.68 283.92 271.43 258.38 244.92 231.41 218.43 206.30 195.14 185.08 176.23 168.72 162.64 158.10 154.75 152.06 149.90 148.27 147.14 146.49 146.31 146.56 147.24 148.35 149.92 151.91 154.29 157.04 160.11 163.48 167.12 171.01 175.34 180.34 185.97 192.12 198.67 205.52 212.55 219.65 226.67 233.29 239.31 244.65
371.39 373.34 375.16 376.85 378.39 379.77 380.96 381.74 381.98 381.66 380.83 379.50 377.71 375.48 372.83 369.80 366.41 362.68 358.63 354.28 349.67 344.81 339.75 334.52 329.13 323.35 316.24 307.65 297.73 286.66 274.60 261.71 248.16 234.29 220.71 207.75 195.51 184.14 173.73 164.42 156.31 149.53 144.20 140.38 137.74 135.72 134.19 133.14 132.54 132.38 132.64 133.30 134.38 135.93 137.93 140.35 143.15 146.30 149.77 153.54 157.82 162.85 168.59 174.91 181.72 188.90 196.34 203.93 211.55 219.11 226.44 233.22 239.26
365.79 367.66 369.40 371.01 372.46 373.73 374.61 374.94 374.74 374.03 372.85 371.20 369.13 366.66 363.81 360.62 357.10 353.29 349.20 344.86 340.28 335.51 330.56 325.47 320.26 314.68 307.70 299.13 289.15 277.91 265.59 252.34 238.52 224.75 211.35 198.44 186.15 174.58 163.87 154.13 145.48 138.03 131.90 127.22 124.05 122.03 120.59 119.60 119.05 118.90 119.14 119.76 120.79 122.32 124.32 126.75 129.59 132.80 136.37 140.51 145.48 151.22 157.63 164.61 172.02 179.78 187.76 195.86 203.97 211.97 219.75 227.16 233.88
359.97 361.76 363.42 364.94 366.28 367.24 367.67 367.57 366.98 365.92 364.42 362.50 360.20 357.52 354.51 351.20 347.59 343.73 339.64 335.34 330.84 326.18 321.39 316.49 311.51 306.16 299.35 290.86 280.85 269.49 256.95 243.57 230.00 216.56 203.38 190.57 178.25 166.55 155.57 145.44 136.27 128.19 121.31 115.76 111.63 109.02 107.55 106.61 106.07 105.92 106.14 106.70 107.68 109.16 111.14 113.57 116.44 119.71 123.62 128.43 134.09 140.50 147.55 155.12 163.10 171.39 179.86 188.43 196.96 205.35 213.49 221.27 228.54
353.94 355.64 357.22 358.62 359.65 360.17 360.17 359.69 358.75 357.38 355.60 353.45 350.94 348.11 344.98 341.58 337.93 334.06 330.00 325.77 321.39 316.89 312.29 307.62 302.91 297.85 291.24 282.86 272.87 261.43 248.90 235.93 222.86 209.80 196.87 184.20 171.90 160.08 148.88 138.40 128.77 120.09 112.50 106.11 101.03 97.38 95.25 94.23 93.70 93.53 93.70 94.19 95.09 96.52 98.47 100.89 103.78 107.37 111.93 117.42 123.74 130.76 138.39 146.51 155.01 163.78 172.70 181.68 190.59 199.33 207.78 215.84 223.40
347.68 349.30 350.76 351.86 352.44 352.53 352.15 351.32 350.07 348.43 346.42 344.07 341.41 338.46 335.25 331.80 328.15 324.31 320.32 316.20 311.98 307.68 303.32 298.92 294.52 289.77 283.42 275.19 265.26 253.98 242.01 229.70 217.16 204.52 191.89 179.39 167.14 155.26 143.87 133.08 123.01 113.79 105.52 98.33 92.33 87.65 84.40 82.65 82.00 81.79 81.91 82.32 83.13 84.48 86.38 88.79 91.97 96.19 101.42 107.55 114.47 122.07 130.23 138.85 147.82 157.02 166.34 175.69 184.93 193.97 202.68 210.97 218.72
341.20 342.70 343.86 344.51 344.68 344.38 343.66 342.52 341.00 339.13 336.93 334.43 331.65 328.62 325.37 321.92 318.30 314.54 310.66 306.69 302.66 298.58 294.50 290.41 286.36 281.98 275.92 267.89 258.26 247.69 236.54 224.93 212.97 200.78 188.49 176.20 164.05 152.14 140.60 129.54 119.08 109.33 100.43 92.48 85.61 79.93 75.56 72.61 71.17 70.79 70.83 71.14 71.85 73.12 74.97 77.64 81.43 86.31 92.16 98.88 106.36 114.47 123.13 132.20 141.59 151.17 160.85 170.51 180.04 189.32 198.26 206.73 214.63
334.47 335.66 336.37 336.61 336.40 335.76 334.73 333.33 331.58 329.52 327.17 324.55 321.70 318.63 315.38 311.97 308.43 304.78 301.05 297.28 293.47 289.66 285.88 282.15 278.50 274.52 268.80 261.21 252.45 242.86 232.56 221.69 210.34 198.65 186.73 174.70 162.68 150.78 139.13 127.83 117.02 106.80 97.30 88.64 80.92 74.28 68.83 64.68 61.95 60.73 60.55 60.74 61.33 62.52 64.60 67.87 72.30 77.79 84.22 91.48 99.46 108.06 117.15 126.63 136.38 146.31 156.29 166.22 175.98 185.47 194.57 203.17 211.17
327.29 328.05 328.34 328.20 327.65 326.71 325.42 323.79 321.86 319.65 317.18 314.49 311.60 308.54 305.33 302.00 298.57 295.08 291.55 288.00 284.46 280.96 277.53 274.19 270.96 267.43 262.29 255.73 248.10 239.53 230.14 220.04 209.35 198.20 186.69 174.95 163.10 151.25 139.52 128.04 116.91 106.25 96.19 86.85 78.33 70.77 64.27 58.96 54.95 52.36 51.26 51.20 51.67 53.06 55.72 59.62 64.65 70.70 77.66 85.41 93.85 102.87 112.35 122.19 132.27 142.49 152.72 162.87 172.82 182.46 191.68 200.37 208.42
319.54 319.89 319.81 319.33 318.48 317.28 315.76 313.95 311.87 309.55 307.02 304.29 301.41 298.39 295.26 292.05 288.78 285.48 282.18 278.91 275.68 272.53 269.48 266.56 263.79 260.91 256.94 251.68 245.23 237.72 229.27 219.99 210.00 199.42 188.37 176.96 165.32 153.56 141.80 130.16 118.76 107.71 97.13 87.15 77.87 69.42 61.92 55.48 50.23 46.27 43.74 42.71 43.21 45.17 48.45 52.93 58.51 65.07 72.51 80.71 89.56 98.96 108.78 118.93 129.29 139.74 150.19 160.51 170.60 180.34 189.64 198.36 206.42
311.33 311.30 310.89 310.11 309.00 307.57 305.87 303.91 301.72 299.33 296.76 294.05 291.20 288.26 285.25 282.20 279.13 276.06 273.03 270.07 267.19 264.42 261.79 259.33 257.00 254.61 251.82 247.93 242.74 236.37 228.93 220.54 211.33 201.40 190.88 179.88 168.53 156.93 145.22 133.50 121.90 110.53 99.51 88.96 79.01 69.75 61.32 53.84 47.41 42.17 38.23 35.93 35.98 38.39 42.24 47.26 53.34 60.38 68.25 76.85 86.08 95.81 105.93 116.35 126.94 137.59 148.20 158.66 168.84 178.65 187.97 196.70 204.71
302.78 302.40 301.69 300.64 299.31 297.70 295.84 293.77 291.51 289.08 286.51 283.84 281.07 278.25 275.39 272.53 269.69 266.89 264.17 261.55 259.05 256.70 254.53 252.50 250.43 248.25 245.95 243.24 239.41 234.29 227.98 220.60 212.26 203.10 193.22 182.74 171.79 160.47 148.91 137.23 125.54 113.96 102.62 91.62 81.09 71.14 61.90 53.48 45.99 39.58 34.54 31.23 30.28 32.28 36.51 42.04 48.59 56.06 64.33 73.30 82.86 92.88 103.28 113.92 124.71 135.52 146.26 156.81 167.06 176.90 186.21 194.89 202.83
293.98 293.25 292.26 290.99 289.46 287.70 285.73 283.58 281.28 278.85 276.32 273.71 271.06 268.39 265.72 263.09 260.51 258.02 255.64 253.39 251.31 249.42 247.67 245.89 244.02 242.03 239.94 237.71 235.05 231.29 226.22 219.96 212.62 204.34 195.21 185.37 174.93 164.01 152.72 141.18 129.52 117.85 106.29 94.96 83.97 73.44 63.50 54.25 45.84 38.55 32.72 28.55 26.62 27.61 31.40 37.25 44.23 52.10 60.74 70.04 79.89 90.18 100.80 111.64 122.58 133.53 144.36 154.97 165.24 175.06 184.33 192.94 200.76
285.05 283.93 282.65 281.18 279.50 277.62 275.57 273.38 271.07 268.67 266.22 263.72 261.22 258.73 256.29 253.92 251.64 249.49 247.48 245.65 244.02 242.54 241.04 239.45 237.75 235.96 234.05 232.03 229.86 227.26 223.54 218.51 212.29 205.00 196.74 187.65 177.84 167.42 156.52 145.25 133.73 122.08 110.41 98.86 87.52 76.53 66.00 56.06 47.00 39.15 32.67 27.71 24.88 24.89 27.68 33.06 40.30 48.53 57.50 67.09 77.20 87.72 98.53 109.52 120.59 131.63 142.51 153.14 163.40 173.18 182.37 190.86 198.54
276.03 274.55 272.96 271.28 269.47 267.50 265.41 263.21 260.93 258.61 256.26 253.91 251.59 249.32 247.14 245.06 243.12 241.34 239.74 238.36 237.14 235.90 234.57 233.14 231.63 230.02 228.30 226.47 224.51 222.39 219.83 216.14 211.15 204.96 197.69 189.46 180.39 170.59 160.19 149.30 138.03 126.52 114.87 103.21 91.64 80.30 69.31 58.95 49.54 41.26 34.22 28.55 24.90 24.01 25.83 30.20 36.95 45.37 54.63 64.48 74.81 85.52 96.49 107.60 118.76 129.85 140.75 151.37 161.58 171.27 180.35 188.69 196.18
266.97 265.16 263.28 261.36 259.41 257.40 255.29 253.12 250.91 248.69 246.48 244.31 242.21 240.20 238.31 236.56 234.99 233.62 232.47 231.49 230.50 229.42 228.25 226.99 225.64 224.21 222.68 221.03 219.26 217.35 215.27 212.74 209.08 204.11 197.94 190.69 182.47 173.41 163.62 153.22 142.33 131.06 119.54 107.88 96.21 84.64 73.46 62.97 53.35 44.72 37.19 30.90 26.51 24.81 25.72 29.13 34.88 42.78 52.16 62.24 72.76 83.61 94.70 105.90 117.11 128.21 139.10 149.66 159.79 169.37 178.29 186.44 193.70
