data_processed/recharge/precip/Precip_2007_10.asc
ncols        168
nrows        136
xllcorner    455000
yllcorner    2107000
cellsize     500
NODATA_value     -99999
[rows 68 to 101 of 136, columns 77 to 153 of 168]
35.22 32.72 30.34 28.12 26.07 24.20 22.54 21.07 19.72 18.45 17.24 16.11 15.08 14.14 13.32 12.62 12.06 11.64 11.39 11.30 11.41 11.72 12.22 12.89 13.71 14.66 15.72 16.88 18.10 19.38 20.69 22.02 23.28 24.43 25.43 26.28 26.96 27.46 27.78 27.91 27.84 27.56 27.07 26.35 25.41 24.42 23.58 22.90 22.38 22.01 21.81 21.75 21.85 22.10 22.50 23.04 23.71 24.45 25.18 25.86 26.50 27.12 27.72 28.32 28.92 29.54 30.18 30.87 31.61 32.41 33.27 34.20 35.19 36.24 37.36 38.53 39.77
35.63 33.12 30.72 28.47 26.38 24.47 22.76 21.25 19.92 18.66 17.47 16.36 15.33 14.41 13.59 12.89 12.33 11.92 11.66 11.57 11.66 11.96 12.45 13.12 13.93 14.88 15.93 17.08 18.31 19.58 20.89 22.21 23.52 24.75 25.83 26.74 27.48 28.05 28.42 28.59 28.56 28.31 27.85 27.15 26.22 25.23 24.40 23.72 23.21 22.85 22.64 22.59 22.69 22.94 23.33 23.87 24.55 25.31 26.04 26.72 27.36 27.97 28.57 29.16 29.76 30.37 31.00 31.68 32.41 33.19 34.04 34.95 35.93 36.96 38.06 39.22 40.44
36.11 33.60 31.20 28.93 26.83 24.89 23.13 21.55 20.13 18.87 17.70 16.60 15.58 14.66 13.85 13.16 12.60 12.18 11.92 11.82 11.91 12.20 12.69 13.34 14.15 15.09 16.14 17.29 18.51 19.78 21.08 22.40 23.70 24.96 26.12 27.12 27.94 28.57 29.01 29.24 29.26 29.06 28.63 27.96 27.05 26.09 25.27 24.62 24.12 23.78 23.59 23.55 23.66 23.92 24.33 24.88 25.51 26.18 26.88 27.55 28.19 28.80 29.39 29.98 30.56 31.16 31.79 32.45 33.16 33.93 34.77 35.66 36.62 37.64 38.72 39.86 41.06
36.65 34.16 31.77 29.51 27.40 25.44 23.63 21.95 20.44 19.09 17.90 16.82 15.82 14.91 14.10 13.41 12.86 12.44 12.17 12.07 12.15 12.43 12.91 13.55 14.36 15.29 16.34 17.48 18.69 19.96 21.26 22.57 23.86 25.12 26.32 27.40 28.31 29.03 29.54 29.84 29.92 29.78 29.40 28.77 27.91 26.98 26.20 25.57 25.10 24.79 24.63 24.62 24.76 25.05 25.47 25.98 26.52 27.10 27.71 28.36 28.99 29.59 30.18 30.75 31.33 31.92 32.53 33.18 33.88 34.63 35.45 36.32 37.26 38.26 39.32 40.43 41.61
37.24 34.78 32.42 30.19 28.08 26.09 24.20 22.45 20.84 19.39 18.12 17.02 16.03 15.13 14.33 13.65 13.09 12.67 12.40 12.29 12.36 12.64 13.11 13.75 14.55 15.48 16.52 17.66 18.87 20.13 21.42 22.72 24.00 25.25 26.46 27.59 28.59 29.40 30.01 30.39 30.55 30.48 30.16 29.59 28.77 27.89 27.15 26.58 26.15 25.88 25.76 25.79 25.97 26.29 26.68 27.11 27.57 28.06 28.58 29.15 29.74 30.34 30.91 31.47 32.04 32.62 33.22 33.85 34.53 35.27 36.06 36.92 37.84 38.81 39.85 40.94 42.10
37.88 35.47 33.16 30.95 28.83 26.79 24.85 23.02 21.32 19.78 18.41 17.23 16.22 15.33 14.54 13.86 13.30 12.88 12.61 12.50 12.56 12.83 13.29 13.93 14.72 15.64 16.68 17.81 19.02 20.27 21.55 22.84 24.12 25.37 26.58 27.72 28.78 29.69 30.39 30.87 31.12 31.13 30.89 30.39 29.64 28.82 28.14 27.62 27.25 27.03 26.97 27.05 27.28 27.58 27.90 28.25 28.62 29.03 29.47 29.95 30.47 31.03 31.59 32.14 32.69 33.25 33.84 34.45 35.12 35.83 36.61 37.45 38.34 39.30 40.31 41.38 42.50
38.56 36.22 33.96 31.76 29.61 27.53 25.53 23.65 21.88 20.25 18.79 17.50 16.41 15.50 14.72 14.04 13.49 13.07 12.79 12.67 12.73 12.99 13.45 14.08 14.86 15.78 16.81 17.94 19.14 20.38 21.65 22.94 24.22 25.47 26.69 27.84 28.91 29.88 30.69 31.28 31.64 31.74 31.59 31.17 30.50 29.75 29.14 28.69 28.39 28.24 28.25 28.39 28.60 28.84 29.09 29.37 29.66 29.99 30.35 30.75 31.19 31.67 32.20 32.74 33.27 33.82 34.39 34.99 35.63 36.32 37.08 37.89 38.76 39.69 40.68 41.72 42.82
39.27 37.01 34.78 32.57 30.40 28.29 26.25 24.31 22.49 20.79 19.24 17.86 16.66 15.66 14.86 14.19 13.64 13.22 12.94 12.82 12.87 13.12 13.57 14.19 14.97 15.89 16.92 18.03 19.22 20.46 21.73 23.02 24.30 25.56 26.78 27.95 29.03 30.03 30.91 31.61 32.08 32.29 32.24 31.92 31.33 30.67 30.15 29.78 29.56 29.50 29.57 29.72 29.88 30.05 30.24 30.44 30.67 30.92 31.21 31.53 31.89 32.30 32.76 33.26 33.78 34.30 34.85 35.43 36.05 36.73 37.46 38.25 39.09 40.00 40.96 41.97 43.02
40.00 37.79 35.57 33.36 31.19 29.06 26.99 25.01 23.13 21.37 19.75 18.28 16.99 15.89 15.00 14.30 13.76 13.34 13.06 12.93 12.97 13.22 13.66 14.28 15.05 15.96 16.98 18.09 19.27 20.51 21.78 23.07 24.36 25.63 26.86 28.04 29.15 30.17 31.08 31.85 32.44 32.77 32.84 32.63 32.14 31.58 31.15 30.88 30.76 30.78 30.87 30.97 31.07 31.18 31.30 31.44 31.60 31.79 32.01 32.26 32.55 32.89 33.27 33.71 34.19 34.70 35.23 35.78 36.38 37.03 37.74 38.50 39.32 40.20 41.12 42.09 43.09
40.69 38.51 36.32 34.13 31.95 29.81 27.73 25.71 23.79 21.98 20.29 18.75 17.37 16.18 15.18 14.40 13.83 13.41 13.13 12.99 13.03 13.27 13.71 14.32 15.09 15.99 17.00 18.10 19.28 20.52 21.80 23.09 24.39 25.68 26.93 28.13 29.26 30.30 31.24 32.05 32.72 33.18 33.37 33.28 32.91 32.46 32.14 31.98 31.96 32.00 32.05 32.10 32.15 32.20 32.27 32.35 32.46 32.58 32.74 32.93 33.15 33.42 33.74 34.10 34.52 34.99 35.50 36.03 36.61 37.23 37.91 38.65 39.44 40.28 41.16 42.08 43.03
41.31 39.18 37.01 34.84 32.68 30.54 28.44 26.41 24.46 22.60 20.86 19.26 17.80 16.52 15.43 14.54 13.88 13.44 13.15 13.01 13.04 13.28 13.71 14.32 15.08 15.97 16.98 18.08 19.26 20.50 21.79 23.09 24.41 25.71 26.98 28.20 29.36 30.43 31.40 32.25 32.96 33.50 33.83 33.88 33.63 33.31 33.11 33.06 33.08 33.09 33.09 33.09 33.09 33.10 33.12 33.15 33.20 33.27 33.37 33.50 33.67 33.87 34.13 34.43 34.78 35.19 35.66 36.17 36.72 37.32 37.97 38.67 39.43 40.23 41.06 41.93 42.83
41.83 39.75 37.64 35.50 33.35 31.22 29.13 27.08 25.11 23.22 21.44 19.78 18.26 16.91 15.73 14.74 13.98 13.44 13.13 12.98 13.01 13.24 13.66 14.26 15.01 15.90 16.91 18.01 19.20 20.45 21.75 23.07 24.40 25.72 27.02 28.27 29.45 30.56 31.56 32.45 33.20 33.79 34.21 34.40 34.30 34.10 34.04 34.03 34.02 34.00 33.96 33.92 33.88 33.84 33.82 33.80 33.80 33.83 33.88 33.95 34.07 34.22 34.42 34.66 34.95 35.30 35.72 36.19 36.71 37.27 37.90 38.57 39.28 40.03 40.82 41.64 42.49
42.24 40.23 38.17 36.07 33.96 31.85 29.76 27.72 25.73 23.82 22.01 20.30 18.73 17.31 16.06 14.99 14.12 13.48 13.07 12.90 12.92 13.14 13.56 14.15 14.90 15.79 16.80 17.91 19.10 20.36 21.67 23.02 24.37 25.71 27.04 28.31 29.53 30.67 31.72 32.65 33.44 34.09 34.56 34.84 34.89 34.84 34.83 34.80 34.76 34.71 34.64 34.56 34.49 34.41 34.35 34.29 34.25 34.23 34.24 34.27 34.33 34.44 34.58 34.77 35.01 35.31 35.66 36.08 36.56 37.10 37.69 38.32 38.98 39.68 40.42 41.19 42.00
42.53 40.59 38.59 36.55 34.48 32.40 30.33 28.30 26.31 24.39 22.55 20.81 19.20 17.72 16.40 15.25 14.30 13.56 13.05 12.78 12.78 12.99 13.40 13.99 14.74 15.63 16.65 17.77 18.97 20.25 21.58 22.94 24.31 25.69 27.04 28.35 29.61 30.79 31.87 32.85 33.69 34.39 34.91 35.26 35.40 35.41 35.39 35.35 35.28 35.20 35.10 35.00 34.90 34.79 34.69 34.60 34.52 34.47 34.43 34.42 34.45 34.51 34.60 34.75 34.94 35.19 35.49 35.85 36.29 36.78 37.33 37.91 38.53 39.19 39.88 40.61 41.37
42.71 40.85 38.92 36.94 34.92 32.88 30.84 28.83 26.84 24.92 23.07 21.30 19.65 18.13 16.75 15.54 14.50 13.67 13.06 12.73 12.72 12.92 13.32 13.91 14.65 15.54 16.56 17.68 18.90 20.18 21.52 22.90 24.30 25.69 27.07 28.41 29.70 30.92 32.04 33.05 33.94 34.69 35.26 35.66 35.81 35.81 35.77 35.71 35.63 35.52 35.41 35.28 35.15 35.02 34.89 34.77 34.67 34.58 34.51 34.46 34.45 34.47 34.53 34.63 34.78 34.99 35.24 35.56 35.95 36.41 36.92 37.46 38.03 38.64 39.29 39.98 40.70
42.79 41.03 39.17 37.26 35.30 33.31 31.30 29.31 27.34 25.42 23.56 21.78 20.10 18.54 17.11 15.83 14.73 13.82 13.15 12.82 12.83 13.04 13.43 13.99 14.72 15.60 16.61 17.73 18.94 20.23 21.57 22.96 24.36 25.77 27.17 28.53 29.83 31.07 32.23 33.27 34.19 34.97 35.59 35.98 36.11 36.08 36.02 35.95 35.85 35.73 35.60 35.46 35.31 35.16 35.01 34.86 34.73 34.62 34.52 34.45 34.40 34.39 34.42 34.48 34.60 34.76 34.98 35.26 35.62 36.07 36.55 37.05 37.58 38.15 38.76 39.40 40.09
42.79 41.12 39.35 37.51 35.62 33.68 31.72 29.76 27.81 25.90 24.04 22.25 20.55 18.95 17.48 16.15 14.98 14.03 13.38 13.07 13.10 13.32 13.70 14.25 14.95 15.81 16.79 17.90 19.10 20.38 21.72 23.10 24.50 25.91 27.31 28.68 30.00 31.26 32.42 33.49 34.44 35.24 35.84 36.20 36.29 36.24 36.16 36.07 35.96 35.84 35.70 35.54 35.38 35.21 35.04 34.88 34.73 34.59 34.48 34.38 34.31 34.27 34.27 34.30 34.38 34.51 34.70 34.97 35.32 35.74 36.20 36.68 37.18 37.71 38.28 38.88 39.53
42.70 41.13 39.46 37.70 35.88 34.00 32.09 30.17 28.25 26.36 24.51 22.71 20.99 19.37 17.86 16.49 15.30 14.37 13.75 13.47 13.51 13.74 14.12 14.65 15.33 16.15 17.11 18.19 19.37 20.62 21.95 23.31 24.71 26.11 27.50 28.87 30.19 31.45 32.63 33.70 34.66 35.44 35.99 36.31 36.38 36.30 36.20 36.09 35.97 35.84 35.70 35.53 35.36 35.19 35.01 34.84 34.67 34.52 34.38 34.27 34.18 34.12 34.09 34.10 34.16 34.26 34.44 34.70 35.04 35.45 35.89 36.34 36.82 37.32 37.85 38.42 39.03
42.53 41.07 39.50 37.83 36.08 34.27 32.42 30.55 28.67 26.80 24.96 23.17 21.44 19.80 18.26 16.88 15.72 14.84 14.26 14.00 14.05 14.28 14.66 15.18 15.84 16.63 17.55 18.59 19.73 20.96 22.25 23.60 24.97 26.35 27.73 29.09 30.40 31.65 32.82 33.90 34.82 35.54 36.04 36.32 36.36 36.27 36.15 36.03 35.89 35.75 35.61 35.44 35.27 35.09 34.91 34.73 34.55 34.39 34.24 34.11 34.01 33.93 33.89 33.88 33.92 34.03 34.21 34.46 34.79 35.18 35.60 36.03 36.49 36.97 37.47 38.01 38.59
42.31 40.94 39.47 37.90 36.24 34.50 32.72 30.89 29.06 27.22 25.40 23.62 21.89 20.24 18.71 17.37 16.27 15.43 14.88 14.64 14.70 14.93 15.31 15.82 16.46 17.22 18.09 19.09 20.19 21.37 22.63 23.94 25.28 26.63 27.99 29.32 30.61 31.85 33.00 34.03 34.88 35.54 36.00 36.24 36.26 36.15 36.02 35.88 35.74 35.59 35.43 35.27 35.10 34.92 34.74 34.56 34.38 34.22 34.06 33.92 33.81 33.72 33.67 33.65 33.70 33.82 34.00 34.25 34.57 34.94 35.34 35.76 36.20 36.66 37.14 37.65 38.20
42.08 40.76 39.38 37.91 36.34 34.69 32.97 31.21 29.42 27.62 25.83 24.07 22.35 20.72 19.25 17.98 16.93 16.13 15.60 15.38 15.44 15.68 16.05 16.55 17.17 17.90 18.74 19.68 20.73 21.86 23.07 24.33 25.63 26.94 28.26 29.56 30.82 32.03 33.12 34.07 34.85 35.46 35.87 36.08 36.08 35.96 35.82 35.67 35.51 35.35 35.19 35.03 34.87 34.70 34.52 34.34 34.17 34.00 33.85 33.71 33.59 33.50 33.44 33.44 33.51 33.63 33.82 34.07 34.37 34.73 35.11 35.51 35.94 36.38 36.85 37.34 37.86
41.83 40.58 39.26 37.87 36.40 34.84 33.20 31.50 29.77 28.02 26.26 24.53 22.84 21.28 19.88 18.67 17.67 16.91 16.41 16.20 16.27 16.50 16.86 17.35 17.94 18.65 19.45 20.35 21.34 22.41 23.56 24.76 26.01 27.28 28.55 29.80 31.02 32.15 33.16 34.03 34.74 35.29 35.66 35.85 35.83 35.70 35.55 35.39 35.23 35.07 34.90 34.74 34.58 34.41 34.25 34.08 33.91 33.75 33.60 33.47 33.35 33.27 33.23 33.26 33.34 33.48 33.67 33.92 34.21 34.55 34.92 35.31 35.71 36.14 36.59 37.07 37.57
41.59 40.39 39.13 37.80 36.41 34.95 33.39 31.77 30.10 28.40 26.69 25.00 23.40 21.92 20.60 19.44 18.49 17.76 17.29 17.09 17.16 17.39 17.74 18.20 18.78 19.45 20.22 21.07 22.01 23.01 24.09 25.23 26.41 27.62 28.83 30.03 31.17 32.20 33.12 33.91 34.56 35.06 35.39 35.55 35.52 35.38 35.23 35.06 34.90 34.73 34.56 34.39 34.23 34.08 33.93 33.77 33.62 33.47 33.33 33.21 33.10 33.05 33.05 33.10 33.20 33.35 33.55 33.80 34.08 34.41 34.76 35.13 35.52 35.94 36.37 36.84 37.33
41.34 40.20 38.99 37.73 36.41 35.02 33.56 32.02 30.42 28.78 27.14 25.54 24.03 22.63 21.37 20.27 19.36 18.67 18.22 18.03 18.10 18.32 18.66 19.10 19.65 20.29 21.02 21.83 22.71 23.65 24.66 25.72 26.83 27.97 29.11 30.21 31.24 32.18 33.01 33.73 34.32 34.77 35.06 35.19 35.15 35.01 34.85 34.69 34.52 34.35 34.18 34.02 33.86 33.71 33.57 33.43 33.30 33.17 33.04 32.94 32.88 32.86 32.89 32.97 33.09 33.26 33.46 33.71 33.99 34.31 34.64 35.00 35.38 35.77 36.20 36.65 37.13
41.09 40.01 38.87 37.66 36.40 35.08 33.70 32.25 30.73 29.17 27.63 26.13 24.71 23.39 22.19 21.15 20.28 19.62 19.19 19.01 19.08 19.28 19.60 20.03 20.55 21.15 21.84 22.60 23.43 24.31 25.25 26.23 27.25 28.31 29.34 30.33 31.25 32.09 32.84 33.48 34.01 34.42 34.68 34.79 34.74 34.60 34.44 34.28 34.11 33.95 33.78 33.62 33.47 33.32 33.19 33.07 32.95 32.85 32.75 32.69 32.67 32.70 32.77 32.87 33.02 33.20 33.41 33.66 33.93 34.24 34.56 34.90 35.27 35.65 36.07 36.50 36.97
40.85 39.83 38.75 37.61 36.41 35.15 33.83 32.46 31.04 29.60 28.16 26.76 25.43 24.18 23.05 22.06 21.23 20.60 20.18 20.01 20.07 20.26 20.57 20.96 21.45 22.02 22.67 23.38 24.15 24.97 25.84 26.74 27.67 28.61 29.52 30.38 31.20 31.94 32.61 33.19 33.66 34.02 34.25 34.35 34.29 34.15 34.00 33.84 33.68 33.52 33.36 33.20 33.06 32.92 32.79 32.68 32.59 32.52 32.47 32.47 32.50 32.57 32.68 32.81 32.98 33.17 33.40 33.64 33.92 34.21 34.52 34.85 35.20 35.58 35.98 36.40 36.86
40.61 39.65 38.64 37.56 36.42 35.23 33.98 32.69 31.38 30.05 28.72 27.42 26.17 24.99 23.92 22.98 22.19 21.58 21.18 21.01 21.06 21.25 21.53 21.90 22.35 22.88 23.48 24.14 24.85 25.61 26.40 27.23 28.05 28.85 29.63 30.38 31.09 31.75 32.34 32.85 33.27 33.59 33.79 33.87 33.82 33.68 33.53 33.38 33.22 33.07 32.92 32.78 32.64 32.51 32.40 32.30 32.23 32.20 32.22 32.28 32.36 32.48 32.62 32.78 32.97 33.19 33.42 33.67 33.94 34.22 34.52 34.84 35.18 35.55 35.93 36.35 36.79
40.38 39.49 38.53 37.52 36.45 35.33 34.15 32.95 31.74 30.51 29.29 28.08 26.91 25.81 24.80 23.90 23.15 22.56 22.17 22.01 22.05 22.21 22.47 22.81 23.23 23.72 24.27 24.87 25.52 26.21 26.93 27.66 28.36 29.04 29.70 30.34 30.94 31.51 32.03 32.47 32.85 33.13 33.31 33.38 33.32 33.19 33.05 32.91 32.76 32.62 32.48 32.35 32.23 32.11 32.02 31.94 31.91 31.94 32.01 32.12 32.26 32.41 32.59 32.79 33.01 33.24 33.48 33.73 34.00 34.27 34.56 34.87 35.21 35.56 35.94 36.35 36.78
40.16 39.33 38.45 37.50 36.50 35.45 34.36 33.24 32.12 30.99 29.86 28.74 27.65 26.61 25.66 24.81 24.09 23.52 23.14 22.97 23.00 23.15 23.38 23.69 24.07 24.51 25.01 25.56 26.15 26.77 27.39 28.00 28.60 29.17 29.72 30.25 30.76 31.24 31.68 32.07 32.40 32.65 32.80 32.86 32.81 32.69 32.56 32.43 32.30 32.17 32.05 31.93 31.82 31.73 31.65 31.63 31.65 31.72 31.84 32.00 32.18 32.39 32.61 32.84 33.08 33.33 33.58 33.84 34.11 34.37 34.65 34.95 35.28 35.62 35.99 36.39 36.82
39.95 39.19 38.38 37.50 36.57 35.59 34.59 33.56 32.51 31.46 30.41 29.37 28.36 27.39 26.49 25.68 24.99 24.45 24.07 23.90 23.91 24.04 24.24 24.52 24.86 25.25 25.70 26.19 26.71 27.24 27.76 28.27 28.76 29.24 29.69 30.13 30.55 30.95 31.32 31.66 31.94 32.15 32.29 32.34 32.30 32.19 32.08 31.96 31.84 31.73 31.62 31.53 31.44 31.37 31.35 31.37 31.45 31.57 31.72 31.92 32.15 32.40 32.66 32.92 33.19 33.46 33.73 33.99 34.26 34.52 34.79 35.08 35.40 35.74 36.10 36.49 36.91
39.76 39.07 38.32 37.52 36.66 35.76 34.83 33.87 32.89 31.91 30.94 29.97 29.03 28.12 27.27 26.50 25.84 25.32 24.95 24.77 24.77 24.87 25.04 25.28 25.57 25.92 26.31 26.74 27.18 27.61 28.03 28.45 28.85 29.24 29.62 29.98 30.32 30.64 30.95 31.23 31.47 31.65 31.78 31.82 31.79 31.70 31.60 31.50 31.40 31.31 31.22 31.15 31.09 31.07 31.10 31.19 31.31 31.47 31.67 31.91 32.17 32.45 32.75 33.05 33.34 33.63 33.92 34.19 34.45 34.71 34.97 35.26 35.57 35.90 36.26 36.64 37.06
39.59 38.97 38.29 37.55 36.76 35.93 35.06 34.16 33.26 32.34 31.43 30.53 29.65 28.80 28.00 27.27 26.63 26.12 25.75 25.56 25.54 25.62 25.76 25.96 26.21 26.51 26.84 27.19 27.53 27.88 28.22 28.55 28.88 29.19 29.50 29.79 30.06 30.33 30.57 30.80 31.00 31.16 31.27 31.32 31.29 31.22 31.14 31.06 30.99 30.92 30.85 30.81 30.80 30.85 30.94 31.07 31.24 31.45 31.69 31.96 32.25 32.56 32.89 33.22 33.54 33.85 34.15 34.43 34.70 34.95 35.21 35.49 35.79 36.12 36.47 36.85 37.24
39.44 38.89 38.27 37.59 36.85 36.08 35.27 34.43 33.58 32.72 31.86 31.02 30.19 29.40 28.65 27.95 27.34 26.84 26.47 26.27 26.23 26.27 26.38 26.54 26.74 26.98 27.25 27.51 27.78 28.05 28.31 28.58 28.83 29.09 29.33 29.56 29.79 30.00 30.19 30.37 30.54 30.68 30.78 30.82 30.81 30.76 30.71 30.66 30.60 30.56 30.53 30.54 30.60 30.70 30.85 31.03 31.25 31.50 31.78 32.08 32.40 32.73 33.08 33.43 33.79 34.12 34.43 34.73 34.99 35.24 35.49 35.77 36.07 36.39 36.74 37.10 37.46
39.30 38.80 38.24 37.61 36.93 36.20 35.44 34.65 33.85 33.04 32.23 31.43 30.66 29.91 29.20 28.54 27.95 27.46 27.09 26.88 26.81 26.83 26.89 27.01 27.16 27.34 27.52 27.72 27.91 28.12 28.32 28.52 28.72 28.92 29.12 29.30 29.48 29.66 29.81 29.96 30.10 30.21 30.31 30.36 30.37 30.34 30.31 30.29 30.26 30.25 30.28 30.36 30.48 30.64 30.84 31.08 31.34 31.63 31.94 32.27 32.62 32.97 33.34 33.71 34.08 34.43 34.77 35.07 35.34 35.58 35.83 36.10 36.40 36.72 37.05 37.38 37.70
