data_processed/recharge/precip/Precip_1999_01.asc
ncols        168
nrows        136
xllcorner    455000
yllcorner    2107000
cellsize     500
NODATA_value     -99999
[rows 38 to 75 of 136, columns 84 to 167 of 168]
0.25 0.25 0.25 0.25 0.25 0.26 0.26 0.26 0.26 0.26 0.26 0.26 0.26 0.26 0.26 0.26 0.26 0.27 0.27 0.27 0.28 0.28 0.28 0.29 0.29 0.30 0.30 0.31 0.32 0.33 0.33 0.34 0.35 0.36 0.38 0.39 0.40 0.42 0.43 0.45 0.46 0.48 0.50 0.52 0.54 0.56 0.58 0.61 0.63 0.65 0.67 0.69 0.71 0.74 0.76 0.78 0.80 0.82 0.85 0.87 0.89 0.91 0.93 0.95 0.98 1.00 1.02 1.04 1.06 1.08 1.09 1.11 1.13 1.15 1.16 1.18 1.19 1.20 1.21 1.22 1.23 1.24 1.25 1.25
0.27 0.28 0.28 0.28 0.28 0.28 0.28 0.28 0.29 0.29 0.29 0.29 0.29 0.29 0.30 0.30 0.30 0.31 0.31 0.32 0.32 0.32 0.33 0.34 0.34 0.35 0.36 0.37 0.37 0.38 0.39 0.41 0.42 0.43 0.44 0.46 0.47 0.49 0.51 0.52 0.54 0.56 0.58 0.60 0.63 0.65 0.67 0.70 0.72 0.74 0.76 0.78 0.80 0.83 0.85 0.87 0.89 0.91 0.93 0.95 0.97 1.00 1.02 1.04 1.06 1.08 1.10 1.11 1.13 1.15 1.17 1.18 1.20 1.21 1.23 1.24 1.25 1.26 1.27 1.28 1.29 1.29 1.30 1.30
0.30 0.30 0.30 0.30 0.31 0.31 0.31 0.31 0.32 0.32 0.32 0.33 0.33 0.33 0.34 0.34 0.35 0.35 0.36 0.36 0.37 0.37 0.38 0.39 0.40 0.41 0.41 0.42 0.44 0.45 0.46 0.47 0.48 0.50 0.51 0.53 0.55 0.57 0.58 0.60 0.62 0.65 0.67 0.69 0.72 0.74 0.77 0.79 0.81 0.83 0.85 0.88 0.90 0.92 0.94 0.96 0.98 1.00 1.02 1.04 1.06 1.08 1.10 1.12 1.14 1.16 1.17 1.19 1.21 1.23 1.24 1.26 1.27 1.28 1.29 1.30 1.31 1.32 1.33 1.34 1.34 1.35 1.35 1.35
0.32 0.33 0.33 0.33 0.34 0.34 0.34 0.35 0.35 0.35 0.36 0.36 0.37 0.37 0.38 0.38 0.39 0.40 0.40 0.41 0.42 0.43 0.43 0.44 0.45 0.46 0.47 0.49 0.50 0.51 0.53 0.54 0.56 0.57 0.59 0.61 0.63 0.65 0.67 0.69 0.71 0.73 0.76 0.78 0.81 0.84 0.86 0.88 0.90 0.93 0.95 0.97 0.99 1.01 1.03 1.05 1.07 1.09 1.11 1.13 1.15 1.17 1.19 1.20 1.22 1.24 1.26 1.27 1.29 1.30 1.31 1.33 1.34 1.35 1.36 1.37 1.38 1.39 1.39 1.40 1.40 1.40 1.40 1.40
0.35 0.35 0.36 0.36 0.37 0.37 0.38 0.38 0.39 0.39 0.40 0.40 0.41 0.42 0.42 0.43 0.44 0.45 0.45 0.46 0.47 0.48 0.49 0.50 0.51 0.53 0.54 0.55 0.57 0.58 0.60 0.61 0.63 0.65 0.67 0.69 0.71 0.73 0.75 0.78 0.80 0.83 0.85 0.88 0.91 0.93 0.95 0.98 1.00 1.02 1.04 1.06 1.08 1.10 1.12 1.14 1.16 1.18 1.20 1.22 1.24 1.25 1.27 1.29 1.31 1.32 1.34 1.35 1.36 1.38 1.39 1.40 1.41 1.42 1.43 1.44 1.44 1.45 1.45 1.45 1.45 1.45 1.45 1.45
0.38 0.39 0.39 0.40 0.40 0.41 0.41 0.42 0.43 0.43 0.44 0.45 0.46 0.46 0.47 0.48 0.49 0.50 0.51 0.52 0.53 0.54 0.55 0.56 0.58 0.59 0.61 0.62 0.64 0.65 0.67 0.69 0.71 0.73 0.75 0.77 0.79 0.82 0.84 0.87 0.89 0.92 0.95 0.98 1.00 1.02 1.05 1.07 1.09 1.11 1.14 1.16 1.18 1.20 1.22 1.24 1.26 1.27 1.29 1.31 1.33 1.34 1.36 1.37 1.39 1.40 1.42 1.43 1.44 1.45 1.47 1.47 1.48 1.49 1.50 1.50 1.51 1.51 1.51 1.51 1.51 1.51 1.50 1.50
0.41 0.42 0.43 0.43 0.44 0.45 0.45 0.46 0.47 0.48 0.49 0.49 0.50 0.51 0.52 0.53 0.54 0.55 0.56 0.58 0.59 0.60 0.61 0.63 0.64 0.66 0.68 0.69 0.71 0.73 0.75 0.77 0.79 0.81 0.83 0.86 0.88 0.91 0.93 0.96 0.99 1.02 1.05 1.07 1.10 1.12 1.14 1.17 1.19 1.21 1.23 1.25 1.27 1.29 1.31 1.33 1.35 1.37 1.39 1.40 1.42 1.43 1.45 1.46 1.48 1.49 1.50 1.51 1.52 1.53 1.54 1.55 1.56 1.56 1.57 1.57 1.57 1.57 1.57 1.57 1.56 1.56 1.55 1.54
0.44 0.45 0.46 0.47 0.48 0.49 0.50 0.51 0.51 0.52 0.53 0.54 0.55 0.56 0.58 0.59 0.60 0.61 0.62 0.64 0.65 0.67 0.68 0.70 0.71 0.73 0.75 0.77 0.79 0.81 0.83 0.85 0.87 0.90 0.92 0.95 0.98 1.00 1.03 1.06 1.09 1.12 1.15 1.17 1.19 1.22 1.24 1.26 1.28 1.31 1.33 1.35 1.37 1.39 1.41 1.43 1.45 1.46 1.48 1.49 1.51 1.52 1.54 1.55 1.56 1.57 1.58 1.59 1.60 1.61 1.62 1.62 1.63 1.63 1.63 1.64 1.64 1.63 1.63 1.63 1.62 1.61 1.60 1.59
0.47 0.49 0.50 0.51 0.52 0.53 0.54 0.55 0.56 0.57 0.58 0.60 0.61 0.62 0.63 0.65 0.66 0.67 0.69 0.70 0.72 0.73 0.75 0.77 0.79 0.81 0.83 0.85 0.87 0.89 0.91 0.94 0.96 0.99 1.01 1.04 1.07 1.10 1.13 1.16 1.19 1.22 1.24 1.27 1.29 1.32 1.34 1.36 1.38 1.40 1.43 1.45 1.47 1.49 1.51 1.52 1.54 1.56 1.57 1.59 1.60 1.61 1.63 1.64 1.65 1.66 1.67 1.68 1.68 1.69 1.70 1.70 1.70 1.70 1.70 1.70 1.70 1.70 1.69 1.68 1.68 1.67 1.65 1.64
0.50 0.52 0.54 0.56 0.57 0.58 0.59 0.60 0.61 0.63 0.64 0.65 0.66 0.68 0.69 0.71 0.72 0.74 0.75 0.77 0.79 0.81 0.82 0.84 0.86 0.88 0.91 0.93 0.95 0.98 1.00 1.03 1.05 1.08 1.11 1.14 1.17 1.20 1.24 1.27 1.29 1.32 1.34 1.37 1.39 1.41 1.44 1.46 1.48 1.50 1.52 1.55 1.57 1.59 1.60 1.62 1.64 1.65 1.67 1.68 1.70 1.71 1.72 1.73 1.74 1.75 1.75 1.76 1.76 1.77 1.77 1.77 1.78 1.78 1.77 1.77 1.77 1.76 1.75 1.74 1.73 1.72 1.70 1.69
0.53 0.56 0.58 0.60 0.62 0.63 0.64 0.66 0.67 0.68 0.70 0.71 0.72 0.74 0.76 0.77 0.79 0.81 0.82 0.84 0.86 0.88 0.90 0.92 0.94 0.97 0.99 1.02 1.04 1.07 1.09 1.12 1.15 1.18 1.21 1.24 1.28 1.31 1.34 1.37 1.40 1.42 1.45 1.47 1.49 1.51 1.53 1.56 1.58 1.60 1.62 1.64 1.66 1.68 1.70 1.72 1.74 1.75 1.76 1.78 1.79 1.80 1.81 1.82 1.83 1.83 1.84 1.84 1.85 1.85 1.85 1.85 1.85 1.85 1.84 1.84 1.83 1.82 1.81 1.80 1.79 1.77 1.75 1.74
0.56 0.59 0.62 0.64 0.66 0.68 0.70 0.71 0.73 0.74 0.76 0.77 0.79 0.81 0.82 0.84 0.86 0.88 0.90 0.92 0.94 0.96 0.98 1.00 1.03 1.05 1.08 1.11 1.13 1.16 1.19 1.22 1.25 1.28 1.32 1.35 1.38 1.42 1.44 1.47 1.50 1.52 1.55 1.57 1.59 1.61 1.63 1.65 1.68 1.70 1.72 1.74 1.76 1.78 1.80 1.82 1.83 1.85 1.86 1.87 1.88 1.89 1.90 1.91 1.92 1.92 1.92 1.93 1.93 1.93 1.93 1.93 1.92 1.92 1.91 1.90 1.90 1.88 1.87 1.86 1.84 1.82 1.80 1.78
0.59 0.62 0.65 0.68 0.71 0.73 0.75 0.77 0.79 0.80 0.82 0.84 0.86 0.87 0.89 0.91 0.93 0.95 0.97 1.00 1.02 1.04 1.07 1.09 1.12 1.14 1.17 1.20 1.23 1.26 1.29 1.32 1.35 1.39 1.42 1.46 1.49 1.52 1.55 1.58 1.60 1.62 1.65 1.67 1.69 1.71 1.73 1.75 1.78 1.80 1.82 1.84 1.86 1.88 1.90 1.91 1.93 1.94 1.96 1.97 1.98 1.99 1.99 2.00 2.00 2.01 2.01 2.01 2.01 2.01 2.01 2.00 2.00 1.99 1.98 1.97 1.96 1.95 1.93 1.92 1.90 1.88 1.85 1.83
0.61 0.65 0.69 0.72 0.75 0.78 0.81 0.83 0.85 0.87 0.89 0.91 0.93 0.95 0.97 0.99 1.01 1.03 1.05 1.08 1.10 1.13 1.15 1.18 1.21 1.24 1.27 1.30 1.33 1.36 1.39 1.43 1.46 1.50 1.53 1.57 1.60 1.63 1.65 1.68 1.70 1.73 1.75 1.77 1.79 1.81 1.83 1.85 1.87 1.90 1.92 1.94 1.96 1.98 2.00 2.01 2.03 2.04 2.05 2.06 2.07 2.08 2.09 2.09 2.10 2.10 2.10 2.10 2.09 2.09 2.09 2.08 2.07 2.06 2.05 2.04 2.03 2.01 1.99 1.97 1.95 1.93 1.90 1.88
0.64 0.68 0.72 0.76 0.79 0.83 0.86 0.89 0.92 0.94 0.96 0.98 1.00 1.02 1.04 1.07 1.09 1.11 1.14 1.16 1.19 1.22 1.25 1.27 1.30 1.33 1.37 1.40 1.43 1.47 1.50 1.54 1.58 1.61 1.65 1.68 1.71 1.73 1.76 1.78 1.81 1.83 1.85 1.87 1.89 1.91 1.93 1.95 1.97 2.00 2.02 2.04 2.06 2.08 2.10 2.11 2.13 2.14 2.15 2.16 2.17 2.17 2.18 2.18 2.19 2.19 2.18 2.18 2.18 2.17 2.16 2.16 2.15 2.13 2.12 2.11 2.09 2.07 2.05 2.03 2.01 1.98 1.95 1.92
0.66 0.71 0.75 0.79 0.84 0.88 0.91 0.95 0.98 1.01 1.03 1.05 1.08 1.10 1.12 1.15 1.17 1.20 1.23 1.25 1.28 1.31 1.34 1.37 1.40 1.44 1.47 1.50 1.54 1.58 1.61 1.65 1.69 1.72 1.76 1.79 1.81 1.84 1.86 1.89 1.91 1.93 1.95 1.97 1.99 2.01 2.03 2.05 2.07 2.09 2.12 2.14 2.16 2.18 2.19 2.21 2.22 2.24 2.25 2.25 2.26 2.27 2.27 2.27 2.28 2.27 2.27 2.27 2.26 2.25 2.24 2.23 2.22 2.21 2.19 2.17 2.16 2.13 2.11 2.09 2.06 2.03 2.00 1.97
0.69 0.73 0.78 0.83 0.88 0.92 0.96 1.01 1.04 1.08 1.11 1.13 1.16 1.18 1.21 1.23 1.26 1.29 1.32 1.35 1.38 1.41 1.44 1.47 1.51 1.54 1.58 1.61 1.65 1.69 1.73 1.77 1.80 1.84 1.87 1.90 1.92 1.95 1.97 1.99 2.01 2.03 2.05 2.07 2.09 2.11 2.13 2.15 2.17 2.19 2.22 2.24 2.26 2.28 2.29 2.31 2.32 2.33 2.34 2.35 2.36 2.36 2.36 2.37 2.36 2.36 2.36 2.35 2.34 2.33 2.32 2.31 2.30 2.28 2.26 2.24 2.22 2.20 2.17 2.14 2.11 2.08 2.05 2.01
0.71 0.76 0.81 0.86 0.91 0.96 1.01 1.06 1.10 1.14 1.18 1.21 1.24 1.27 1.30 1.32 1.35 1.38 1.41 1.44 1.48 1.51 1.54 1.58 1.61 1.65 1.69 1.73 1.77 1.81 1.85 1.88 1.92 1.95 1.98 2.00 2.03 2.05 2.07 2.10 2.12 2.13 2.15 2.17 2.19 2.21 2.23 2.25 2.27 2.29 2.32 2.34 2.36 2.37 2.39 2.40 2.42 2.43 2.44 2.44 2.45 2.45 2.46 2.46 2.45 2.45 2.44 2.44 2.43 2.42 2.40 2.39 2.37 2.35 2.33 2.31 2.28 2.26 2.23 2.20 2.17 2.13 2.09 2.06
0.73 0.78 0.84 0.89 0.95 1.00 1.06 1.11 1.16 1.21 1.25 1.29 1.33 1.36 1.39 1.42 1.45 1.48 1.51 1.55 1.58 1.61 1.65 1.69 1.73 1.76 1.80 1.84 1.89 1.93 1.97 2.00 2.03 2.06 2.09 2.11 2.14 2.16 2.18 2.20 2.22 2.24 2.25 2.27 2.29 2.31 2.33 2.35 2.37 2.39 2.41 2.43 2.45 2.47 2.49 2.50 2.51 2.52 2.53 2.54 2.54 2.55 2.55 2.55 2.54 2.54 2.53 2.52 2.51 2.50 2.48 2.46 2.44 2.42 2.40 2.37 2.35 2.32 2.29 2.25 2.22 2.18 2.14 2.10
0.75 0.80 0.86 0.92 0.98 1.04 1.10 1.16 1.22 1.27 1.32 1.37 1.41 1.45 1.48 1.51 1.55 1.58 1.62 1.65 1.69 1.72 1.76 1.80 1.84 1.88 1.92 1.97 2.01 2.05 2.08 2.12 2.15 2.17 2.20 2.22 2.24 2.26 2.28 2.30 2.32 2.34 2.35 2.37 2.39 2.41 2.43 2.44 2.47 2.49 2.51 2.53 2.55 2.57 2.58 2.60 2.61 2.62 2.63 2.63 2.64 2.64 2.64 2.64 2.63 2.63 2.62 2.61 2.59 2.58 2.56 2.54 2.52 2.49 2.47 2.44 2.41 2.38 2.35 2.31 2.27 2.23 2.19 2.14
0.76 0.82 0.89 0.95 1.02 1.08 1.15 1.21 1.27 1.33 1.39 1.44 1.49 1.54 1.58 1.62 1.65 1.69 1.72 1.76 1.80 1.84 1.88 1.92 1.96 2.00 2.05 2.09 2.13 2.17 2.20 2.23 2.26 2.28 2.31 2.33 2.35 2.37 2.39 2.40 2.42 2.44 2.45 2.47 2.49 2.50 2.52 2.54 2.56 2.59 2.61 2.63 2.65 2.67 2.68 2.69 2.71 2.71 2.72 2.73 2.73 2.73 2.73 2.73 2.72 2.71 2.70 2.69 2.67 2.66 2.64 2.62 2.59 2.56 2.54 2.51 2.47 2.44 2.40 2.36 2.32 2.28 2.23 2.18
0.78 0.84 0.91 0.98 1.05 1.12 1.19 1.26 1.32 1.39 1.45 1.52 1.57 1.63 1.68 1.72 1.76 1.80 1.83 1.87 1.91 1.95 2.00 2.04 2.08 2.13 2.17 2.21 2.25 2.29 2.32 2.35 2.37 2.40 2.42 2.44 2.46 2.47 2.49 2.51 2.52 2.54 2.55 2.57 2.58 2.60 2.62 2.64 2.66 2.68 2.71 2.73 2.75 2.76 2.78 2.79 2.80 2.81 2.82 2.82 2.82 2.82 2.82 2.81 2.81 2.80 2.79 2.77 2.75 2.74 2.71 2.69 2.66 2.64 2.60 2.57 2.54 2.50 2.46 2.42 2.37 2.33 2.28 2.22
0.79 0.86 0.93 1.00 1.08 1.15 1.23 1.30 1.37 1.45 1.52 1.59 1.65 1.71 1.77 1.82 1.87 1.91 1.95 1.99 2.03 2.08 2.12 2.17 2.21 2.26 2.30 2.34 2.37 2.40 2.43 2.46 2.48 2.51 2.53 2.54 2.56 2.58 2.59 2.61 2.62 2.64 2.65 2.67 2.68 2.70 2.72 2.74 2.76 2.78 2.80 2.82 2.84 2.86 2.87 2.88 2.89 2.90 2.91 2.91 2.91 2.91 2.91 2.90 2.89 2.88 2.87 2.85 2.83 2.81 2.79 2.76 2.74 2.71 2.67 2.64 2.60 2.56 2.51 2.47 2.42 2.37 2.32 2.26
0.81 0.88 0.95 1.03 1.10 1.18 1.26 1.34 1.42 1.50 1.58 1.65 1.72 1.79 1.86 1.92 1.97 2.02 2.07 2.11 2.16 2.20 2.25 2.30 2.34 2.39 2.42 2.46 2.49 2.52 2.55 2.57 2.59 2.61 2.63 2.65 2.67 2.68 2.69 2.71 2.72 2.73 2.75 2.76 2.78 2.79 2.81 2.83 2.85 2.87 2.90 2.92 2.94 2.95 2.97 2.98 2.99 2.99 3.00 3.00 3.00 3.00 2.99 2.99 2.98 2.97 2.95 2.93 2.91 2.89 2.87 2.84 2.81 2.77 2.74 2.70 2.66 2.62 2.57 2.52 2.47 2.42 2.36 2.30
0.82 0.89 0.97 1.05 1.13 1.21 1.30 1.38 1.47 1.55 1.64 1.72 1.80 1.87 1.94 2.01 2.08 2.14 2.19 2.24 2.28 2.33 2.38 2.43 2.47 2.51 2.55 2.58 2.61 2.64 2.66 2.68 2.70 2.72 2.74 2.75 2.77 2.78 2.79 2.81 2.82 2.83 2.84 2.86 2.87 2.89 2.91 2.92 2.94 2.97 2.99 3.01 3.03 3.05 3.06 3.07 3.08 3.09 3.09 3.09 3.09 3.09 3.08 3.07 3.06 3.05 3.03 3.01 2.99 2.97 2.94 2.91 2.88 2.84 2.80 2.76 2.72 2.67 2.62 2.57 2.52 2.46 2.40 2.33
0.83 0.90 0.98 1.07 1.15 1.24 1.33 1.42 1.51 1.60 1.69 1.78 1.86 1.95 2.03 2.11 2.18 2.25 2.31 2.37 2.42 2.47 2.52 2.56 2.60 2.64 2.67 2.70 2.73 2.75 2.78 2.80 2.81 2.83 2.84 2.86 2.87 2.88 2.89 2.91 2.92 2.93 2.94 2.95 2.97 2.98 3.00 3.02 3.04 3.06 3.08 3.10 3.12 3.14 3.15 3.16 3.17 3.18 3.18 3.18 3.18 3.17 3.17 3.16 3.14 3.13 3.11 3.09 3.07 3.04 3.01 2.98 2.95 2.91 2.87 2.83 2.78 2.73 2.68 2.62 2.56 2.50 2.43 2.36
0.84 0.92 1.00 1.09 1.17 1.27 1.36 1.46 1.55 1.65 1.74 1.84 1.93 2.02 2.11 2.20 2.28 2.35 2.43 2.49 2.55 2.60 2.65 2.69 2.73 2.76 2.79 2.82 2.85 2.87 2.89 2.91 2.92 2.94 2.95 2.96 2.97 2.98 2.99 3.00 3.01 3.02 3.03 3.05 3.06 3.07 3.09 3.11 3.13 3.15 3.17 3.20 3.21 3.23 3.24 3.25 3.26 3.27 3.27 3.27 3.26 3.26 3.25 3.24 3.23 3.21 3.19 3.17 3.14 3.12 3.08 3.05 3.01 2.97 2.93 2.89 2.84 2.79 2.73 2.67 2.60 2.54 2.46 2.39
0.84 0.93 1.01 1.10 1.19 1.29 1.39 1.49 1.59 1.69 1.79 1.89 1.99 2.09 2.19 2.28 2.37 2.46 2.54 2.61 2.68 2.74 2.78 2.82 2.85 2.89 2.91 2.94 2.96 2.98 3.00 3.01 3.03 3.04 3.05 3.06 3.07 3.08 3.09 3.10 3.11 3.12 3.13 3.14 3.15 3.17 3.18 3.20 3.22 3.24 3.27 3.29 3.30 3.32 3.33 3.34 3.35 3.35 3.35 3.35 3.35 3.34 3.33 3.32 3.31 3.29 3.27 3.24 3.22 3.19 3.15 3.12 3.08 3.04 2.99 2.94 2.89 2.84 2.78 2.71 2.64 2.57 2.49 2.41
0.85 0.93 1.02 1.11 1.21 1.31 1.41 1.52 1.63 1.73 1.84 1.95 2.05 2.16 2.26 2.36 2.46 2.56 2.65 2.73 2.80 2.86 2.91 2.95 2.98 3.01 3.03 3.06 3.08 3.09 3.11 3.12 3.13 3.14 3.15 3.16 3.17 3.18 3.19 3.19 3.20 3.21 3.22 3.23 3.24 3.26 3.27 3.29 3.31 3.33 3.35 3.37 3.39 3.41 3.42 3.43 3.44 3.44 3.44 3.44 3.43 3.43 3.42 3.40 3.39 3.37 3.34 3.32 3.29 3.26 3.22 3.19 3.14 3.10 3.05 3.00 2.95 2.89 2.82 2.75 2.68 2.60 2.52 2.43
0.85 0.94 1.03 1.13 1.23 1.33 1.44 1.55 1.66 1.77 1.88 2.00 2.11 2.22 2.34 2.44 2.55 2.65 2.75 2.84 2.91 2.98 3.03 3.07 3.10 3.13 3.15 3.17 3.19 3.20 3.22 3.23 3.24 3.25 3.25 3.26 3.27 3.27 3.28 3.29 3.29 3.30 3.31 3.32 3.33 3.34 3.36 3.38 3.40 3.42 3.44 3.46 3.48 3.49 3.51 3.51 3.52 3.52 3.52 3.52 3.52 3.51 3.50 3.48 3.46 3.44 3.42 3.39 3.36 3.33 3.29 3.25 3.21 3.16 3.11 3.06 3.00 2.93 2.86 2.79 2.71 2.63 2.54 2.45
0.85 0.94 1.04 1.14 1.24 1.35 1.46 1.57 1.69 1.81 1.93 2.05 2.17 2.29 2.40 2.52 2.63 2.74 2.84 2.93 3.01 3.08 3.14 3.19 3.22 3.25 3.27 3.29 3.30 3.31 3.32 3.33 3.34 3.35 3.35 3.36 3.36 3.37 3.37 3.38 3.38 3.39 3.40 3.41 3.42 3.43 3.45 3.46 3.48 3.50 3.53 3.55 3.56 3.58 3.59 3.60 3.60 3.61 3.61 3.60 3.60 3.59 3.57 3.56 3.54 3.52 3.49 3.46 3.43 3.39 3.36 3.31 3.27 3.22 3.17 3.11 3.05 2.98 2.90 2.82 2.74 2.65 2.56 2.47
0.85 0.94 1.04 1.14 1.25 1.36 1.48 1.60 1.72 1.84 1.97 2.09 2.22 2.34 2.47 2.59 2.71 2.82 2.93 3.02 3.10 3.18 3.24 3.29 3.33 3.36 3.38 3.40 3.41 3.42 3.43 3.44 3.44 3.45 3.45 3.45 3.46 3.46 3.46 3.47 3.47 3.48 3.48 3.49 3.50 3.52 3.53 3.55 3.57 3.59 3.61 3.63 3.65 3.66 3.67 3.68 3.69 3.69 3.69 3.68 3.67 3.66 3.65 3.63 3.61 3.59 3.56 3.53 3.50 3.46 3.42 3.38 3.33 3.28 3.22 3.16 3.09 3.01 2.94 2.85 2.77 2.67 2.58 2.48
0.85 0.94 1.04 1.15 1.26 1.37 1.49 1.62 1.74 1.87 2.00 2.13 2.27 2.40 2.53 2.66 2.78 2.89 3.00 3.10 3.18 3.26 3.33 3.39 3.43 3.47 3.49 3.51 3.52 3.53 3.53 3.54 3.54 3.54 3.55 3.55 3.55 3.55 3.55 3.56 3.56 3.56 3.57 3.58 3.59 3.60 3.61 3.63 3.65 3.67 3.69 3.71 3.73 3.74 3.75 3.76 3.77 3.77 3.77 3.76 3.75 3.74 3.72 3.71 3.68 3.66 3.63 3.60 3.56 3.52 3.48 3.43 3.38 3.33 3.27 3.20 3.13 3.05 2.96 2.88 2.79 2.69 2.59 2.49
0.85 0.94 1.04 1.15 1.26 1.38 1.51 1.63 1.77 1.90 2.04 2.17 2.31 2.45 2.59 2.72 2.84 2.96 3.06 3.16 3.25 3.33 3.41 3.47 3.52 3.56 3.59 3.61 3.62 3.63 3.63 3.64 3.64 3.64 3.64 3.64 3.64 3.64 3.64 3.64 3.64 3.65 3.65 3.66 3.67 3.68 3.69 3.71 3.73 3.75 3.77 3.79 3.81 3.82 3.83 3.84 3.84 3.84 3.84 3.84 3.83 3.81 3.80 3.78 3.75 3.73 3.70 3.66 3.63 3.58 3.54 3.49 3.44 3.38 3.31 3.24 3.16 3.08 2.99 2.90 2.80 2.71 2.61 2.50
0.84 0.94 1.04 1.15 1.27 1.39 1.52 1.65 1.78 1.92 2.07 2.21 2.35 2.50 2.63 2.77 2.89 3.01 3.12 3.22 3.31 3.40 3.47 3.54 3.60 3.65 3.68 3.71 3.73 3.73 3.73 3.73 3.73 3.73 3.73 3.73 3.73 3.73 3.73 3.73 3.73 3.73 3.73 3.74 3.75 3.76 3.77 3.79 3.81 3.83 3.85 3.87 3.89 3.90 3.91 3.92 3.92 3.92 3.92 3.91 3.90 3.88 3.87 3.85 3.82 3.79 3.76 3.73 3.69 3.64 3.60 3.54 3.48 3.42 3.35 3.27 3.19 3.10 3.01 2.92 2.82 2.72 2.61 2.51
0.83 0.93 1.04 1.15 1.27 1.39 1.53 1.66 1.80 1.95 2.09 2.24 2.39 2.53 2.67 2.80 2.93 3.05 3.16 3.26 3.36 3.45 3.53 3.60 3.66 3.72 3.76 3.79 3.82 3.83 3.83 3.83 3.83 3.82 3.82 3.82 3.81 3.81 3.81 3.81 3.81 3.81 3.81 3.82 3.83 3.84 3.85 3.86 3.88 3.91 3.93 3.95 3.96 3.98 3.99 3.99 3.99 3.99 3.99 3.98 3.97 3.95 3.93 3.91 3.89 3.86 3.82 3.79 3.75 3.70 3.65 3.59 3.53 3.46 3.38 3.30 3.21 3.12 3.03 2.93 2.83 2.73 2.62 2.51
0.82 0.92 1.03 1.14 1.27 1.40 1.53 1.67 1.82 1.96 2.12 2.27 2.42 2.56 2.70 2.83 2.96 3.08 3.19 3.30 3.40 3.49 3.57 3.65 3.72 3.78 3.82 3.86 3.89 3.91 3.92 3.92 3.92 3.91 3.91 3.90 3.90 3.89 3.89 3.89 3.89 3.89 3.89 3.89 3.90 3.91 3.92 3.94 3.96 3.98 4.00 4.02 4.04 4.05 4.06 4.06 4.07 4.06 4.06 4.05 4.04 4.02 4.00 3.98 3.95 3.92 3.88 3.84 3.80 3.75 3.69 3.63 3.56 3.49 3.41 3.32 3.23 3.14 3.04 2.94 2.84 2.73 2.62 2.51
0.81 0.91 1.02 1.14 1.26 1.40 1.53 1.68 1.83 1.98 2.13 2.28 2.43 2.57 2.71 2.84 2.97 3.09 3.21 3.32 3.42 3.52 3.61 3.69 3.76 3.82 3.88 3.92 3.96 3.99 4.00 4.01 4.01 4.00 3.99 3.99 3.98 3.97 3.97 3.97 3.96 3.96 3.96 3.97 3.97 3.98 4.00 4.01 4.03 4.05 4.07 4.09 4.11 4.12 4.13 4.13 4.14 4.13 4.13 4.12 4.10 4.09 4.06 4.04 4.01 3.98 3.94 3.90 3.85 3.80 3.74 3.67 3.60 3.52 3.43 3.34 3.25 3.15 3.05 2.95 2.84 2.73 2.62 2.50
