data_processed/recharge/precip/Precip_2012_12.asc
ncols        168
nrows        136
xllcorner    455000
yllcorner    2107000
cellsize     500
NODATA_value     -99999
[rows 38 to 75 of 136, columns 84 to 167 of 168]
0.96 0.96 0.96 0.95 0.94 0.93 0.90 0.84 0.75 0.64 0.51 0.36 0.21 0.06 0.00 0.00 0.00 0.00 0.00 0.00 0.00 0.00 0.00 0.00 0.00 0.00 0.00 0.00 0.00 0.00 0.00 0.00 0.00 0.00 0.01 0.26 0.51 0.75 0.97 1.18 1.36 1.52 1.66 1.78 1.87 1.93 1.96 1.97 1.98 2.00 2.01 2.04 2.07 2.11 2.15 2.22 2.29 2.38 2.48 2.62 2.83 3.11 3.47 3.90 4.39 4.93 5.52 6.14 6.79 7.46 8.14 8.82 9.50 10.15 10.75 11.27 11.71 12.06 12.34 12.53 12.64 12.66 12.60 12.46
0.78 0.78 0.78 0.77 0.77 0.76 0.75 0.73 0.69 0.62 0.53 0.42 0.29 0.16 0.03 0.00 0.00 0.00 0.00 0.00 0.00 0.00 0.00 0.00 0.00 0.00 0.00 0.00 0.00 0.00 0.00 0.00 0.00 0.07 0.30 0.52 0.74 0.94 1.13 1.30 1.46 1.60 1.71 1.81 1.88 1.92 1.94 1.94 1.94 1.94 1.94 1.95 1.96 1.98 2.02 2.06 2.11 2.18 2.27 2.37 2.50 2.71 3.01 3.38 3.81 4.31 4.86 5.44 6.07 6.72 7.39 8.07 8.75 9.42 10.04 10.57 11.03 11.40 11.70 11.91 12.05 12.10 12.06 11.95
0.61 0.61 0.61 0.61 0.61 0.61 0.61 0.61 0.62 0.59 0.54 0.47 0.38 0.27 0.16 0.05 0.00 0.00 0.00 0.00 0.00 0.00 0.00 0.00 0.00 0.00 0.00 0.00 0.00 0.00 0.00 0.00 0.20 0.42 0.62 0.80 0.98 1.15 1.30 1.45 1.58 1.69 1.79 1.86 1.91 1.94 1.95 1.93 1.92 1.91 1.89 1.89 1.89 1.89 1.91 1.93 1.97 2.02 2.08 2.17 2.27 2.41 2.63 2.93 3.30 3.74 4.24 4.79 5.39 6.01 6.66 7.33 8.01 8.69 9.31 9.85 10.31 10.70 11.01 11.24 11.38 11.45 11.44 11.34
0.45 0.45 0.46 0.46 0.47 0.47 0.49 0.51 0.53 0.55 0.54 0.51 0.46 0.38 0.29 0.20 0.10 0.01 0.00 0.00 0.00 0.00 0.00 0.00 0.00 0.00 0.00 0.00 0.00 0.00 0.14 0.35 0.56 0.76 0.94 1.10 1.24 1.37 1.50 1.61 1.72 1.80 1.88 1.93 1.97 1.98 1.98 1.95 1.92 1.90 1.87 1.85 1.84 1.83 1.83 1.84 1.86 1.89 1.94 2.00 2.09 2.20 2.35 2.57 2.87 3.25 3.69 4.20 4.75 5.34 5.96 6.61 7.28 7.95 8.56 9.11 9.57 9.96 10.27 10.51 10.66 10.73 10.73 10.64
0.30 0.31 0.32 0.33 0.34 0.36 0.38 0.41 0.45 0.49 0.53 0.54 0.52 0.48 0.42 0.35 0.27 0.19 0.10 0.03 0.00 0.00 0.00 0.00 0.00 0.00 0.00 0.02 0.14 0.30 0.50 0.71 0.91 1.09 1.25 1.39 1.51 1.61 1.70 1.79 1.87 1.93 1.99 2.02 2.04 2.04 2.02 1.99 1.95 1.91 1.88 1.84 1.81 1.79 1.77 1.77 1.77 1.79 1.82 1.87 1.95 2.04 2.15 2.30 2.53 2.83 3.21 3.66 4.16 4.70 5.29 5.92 6.56 7.22 7.82 8.35 8.81 9.19 9.50 9.73 9.88 9.95 9.95 9.87
0.16 0.18 0.19 0.21 0.23 0.26 0.30 0.34 0.39 0.44 0.50 0.55 0.57 0.57 0.54 0.49 0.43 0.36 0.29 0.22 0.16 0.11 0.08 0.07 0.08 0.12 0.20 0.31 0.46 0.66 0.87 1.06 1.24 1.41 1.55 1.68 1.78 1.86 1.92 1.98 2.04 2.08 2.11 2.13 2.13 2.12 2.09 2.04 2.00 1.95 1.90 1.85 1.81 1.77 1.74 1.72 1.71 1.71 1.73 1.77 1.83 1.91 2.01 2.12 2.28 2.50 2.80 3.18 3.62 4.12 4.66 5.25 5.87 6.50 7.08 7.60 8.04 8.40 8.70 8.91 9.05 9.11 9.10 9.05
0.04 0.06 0.08 0.10 0.14 0.18 0.23 0.28 0.34 0.40 0.47 0.53 0.59 0.63 0.64 0.62 0.58 0.53 0.47 0.41 0.35 0.31 0.28 0.29 0.32 0.38 0.49 0.63 0.82 1.02 1.21 1.39 1.55 1.70 1.83 1.94 2.04 2.10 2.15 2.19 2.21 2.23 2.25 2.25 2.24 2.21 2.17 2.12 2.06 2.00 1.94 1.88 1.83 1.78 1.73 1.70 1.67 1.67 1.68 1.71 1.75 1.81 1.89 1.99 2.11 2.26 2.48 2.78 3.15 3.59 4.08 4.62 5.20 5.80 6.36 6.84 7.26 7.60 7.87 8.06 8.18 8.23 8.24 8.21
0.00 0.00 0.00 0.01 0.06 0.11 0.17 0.23 0.30 0.37 0.45 0.52 0.60 0.67 0.71 0.73 0.72 0.69 0.65 0.59 0.54 0.50 0.49 0.51 0.57 0.66 0.79 0.97 1.16 1.35 1.52 1.69 1.84 1.97 2.09 2.19 2.27 2.34 2.38 2.40 2.40 2.40 2.39 2.38 2.35 2.31 2.26 2.20 2.13 2.06 1.99 1.92 1.86 1.80 1.74 1.70 1.67 1.65 1.65 1.67 1.70 1.74 1.81 1.89 1.98 2.10 2.24 2.46 2.76 3.12 3.55 4.04 4.57 5.13 5.65 6.10 6.48 6.79 7.02 7.19 7.28 7.34 7.37 7.38
0.00 0.00 0.00 0.00 0.00 0.06 0.12 0.20 0.27 0.35 0.43 0.52 0.60 0.68 0.76 0.81 0.83 0.83 0.80 0.77 0.72 0.70 0.70 0.74 0.82 0.94 1.10 1.29 1.47 1.64 1.80 1.95 2.09 2.21 2.32 2.41 2.49 2.55 2.58 2.60 2.59 2.57 2.55 2.51 2.47 2.43 2.37 2.29 2.22 2.14 2.06 1.98 1.90 1.83 1.77 1.72 1.68 1.66 1.65 1.65 1.67 1.70 1.75 1.81 1.88 1.98 2.09 2.23 2.44 2.73 3.09 3.51 3.98 4.49 4.97 5.37 5.71 5.98 6.17 6.30 6.39 6.47 6.53 6.56
0.00 0.00 0.00 0.00 0.00 0.01 0.09 0.17 0.25 0.33 0.42 0.51 0.60 0.69 0.78 0.86 0.92 0.94 0.94 0.92 0.89 0.88 0.90 0.97 1.07 1.22 1.39 1.56 1.73 1.88 2.03 2.17 2.30 2.42 2.52 2.61 2.68 2.73 2.77 2.78 2.78 2.75 2.70 2.66 2.60 2.54 2.48 2.40 2.31 2.23 2.14 2.05 1.96 1.89 1.82 1.76 1.72 1.69 1.67 1.66 1.66 1.68 1.71 1.75 1.81 1.88 1.97 2.07 2.21 2.41 2.69 3.04 3.45 3.90 4.32 4.67 4.95 5.17 5.32 5.44 5.54 5.64 5.72 5.77
0.00 0.00 0.00 0.00 0.00 0.00 0.05 0.14 0.23 0.32 0.42 0.51 0.61 0.70 0.80 0.89 0.97 1.03 1.05 1.05 1.04 1.05 1.09 1.18 1.32 1.47 1.63 1.79 1.94 2.08 2.22 2.35 2.47 2.58 2.68 2.77 2.84 2.89 2.92 2.94 2.94 2.91 2.86 2.80 2.74 2.67 2.59 2.51 2.42 2.32 2.22 2.13 2.04 1.96 1.89 1.83 1.78 1.73 1.70 1.68 1.68 1.68 1.69 1.72 1.76 1.81 1.88 1.96 2.05 2.17 2.36 2.63 2.97 3.35 3.71 4.00 4.22 4.38 4.51 4.64 4.75 4.86 4.95 5.03
0.00 0.00 0.00 0.00 0.00 0.00 0.03 0.12 0.21 0.31 0.41 0.51 0.61 0.71 0.81 0.90 1.00 1.08 1.13 1.16 1.16 1.19 1.26 1.38 1.52 1.66 1.81 1.95 2.09 2.23 2.36 2.48 2.60 2.71 2.80 2.89 2.96 3.01 3.05 3.07 3.07 3.05 3.01 2.95 2.87 2.79 2.71 2.62 2.52 2.42 2.32 2.22 2.13 2.05 1.97 1.91 1.85 1.80 1.76 1.73 1.71 1.70 1.70 1.71 1.73 1.76 1.81 1.86 1.93 2.01 2.12 2.30 2.55 2.86 3.14 3.36 3.52 3.65 3.78 3.91 4.03 4.14 4.25 4.33
0.00 0.00 0.00 0.00 0.00 0.00 0.00 0.10 0.20 0.30 0.40 0.51 0.61 0.71 0.81 0.91 1.01 1.10 1.18 1.23 1.26 1.31 1.41 1.53 1.66 1.79 1.92 2.06 2.19 2.32 2.44 2.56 2.68 2.78 2.88 2.96 3.03 3.09 3.14 3.16 3.17 3.16 3.13 3.08 3.00 2.92 2.83 2.73 2.63 2.52 2.42 2.32 2.23 2.15 2.07 2.00 1.94 1.88 1.83 1.79 1.76 1.73 1.72 1.71 1.71 1.73 1.75 1.78 1.83 1.88 1.95 2.05 2.21 2.44 2.64 2.78 2.90 3.02 3.15 3.27 3.39 3.51 3.61 3.70
0.00 0.00 0.00 0.00 0.00 0.00 0.00 0.08 0.18 0.28 0.39 0.50 0.60 0.71 0.81 0.91 1.01 1.10 1.19 1.26 1.31 1.39 1.49 1.61 1.72 1.85 1.97 2.10 2.22 2.35 2.47 2.59 2.70 2.80 2.90 2.99 3.07 3.13 3.18 3.22 3.24 3.24 3.22 3.18 3.12 3.04 2.94 2.84 2.74 2.63 2.53 2.44 2.35 2.26 2.18 2.10 2.03 1.97 1.91 1.86 1.82 1.78 1.75 1.73 1.71 1.71 1.71 1.72 1.74 1.77 1.82 1.87 1.95 2.08 2.19 2.29 2.40 2.51 2.62 2.74 2.85 2.96 3.06 3.15
0.00 0.00 0.00 0.00 0.00 0.00 0.00 0.05 0.16 0.27 0.37 0.48 0.59 0.69 0.80 0.90 0.99 1.09 1.17 1.25 1.33 1.41 1.50 1.60 1.71 1.83 1.94 2.07 2.19 2.31 2.43 2.55 2.66 2.77 2.87 2.96 3.05 3.12 3.18 3.23 3.26 3.27 3.27 3.25 3.20 3.14 3.05 2.95 2.85 2.75 2.65 2.56 2.47 2.38 2.30 2.22 2.14 2.07 2.00 1.94 1.89 1.84 1.79 1.75 1.72 1.70 1.68 1.67 1.67 1.68 1.69 1.72 1.75 1.80 1.86 1.94 2.02 2.12 2.21 2.32 2.42 2.52 2.61 2.70
0.00 0.00 0.00 0.00 0.00 0.00 0.00 0.03 0.13 0.24 0.35 0.46 0.56 0.67 0.77 0.87 0.97 1.06 1.15 1.22 1.30 1.37 1.45 1.55 1.65 1.75 1.87 1.98 2.10 2.22 2.34 2.46 2.58 2.69 2.80 2.90 2.99 3.07 3.14 3.20 3.24 3.27 3.28 3.27 3.25 3.20 3.14 3.05 2.95 2.86 2.77 2.68 2.59 2.50 2.41 2.33 2.25 2.17 2.10 2.02 1.96 1.90 1.84 1.78 1.74 1.69 1.66 1.63 1.60 1.59 1.58 1.57 1.58 1.60 1.64 1.69 1.75 1.82 1.90 1.99 2.07 2.16 2.24 2.31
0.00 0.00 0.00 0.00 0.00 0.00 0.00 0.00 0.10 0.21 0.32 0.43 0.53 0.64 0.74 0.84 0.93 1.02 1.11 1.18 1.26 1.32 1.40 1.48 1.57 1.67 1.77 1.88 2.00 2.12 2.24 2.35 2.47 2.59 2.70 2.80 2.90 2.99 3.07 3.13 3.19 3.23 3.26 3.27 3.26 3.23 3.18 3.12 3.04 2.95 2.86 2.77 2.68 2.60 2.51 2.42 2.34 2.25 2.17 2.09 2.01 1.94 1.87 1.80 1.74 1.68 1.62 1.57 1.53 1.49 1.45 1.43 1.42 1.43 1.45 1.48 1.52 1.57 1.63 1.70 1.77 1.84 1.91 1.97
0.00 0.00 0.00 0.00 0.00 0.00 0.00 0.00 0.06 0.17 0.28 0.39 0.50 0.60 0.70 0.80 0.89 0.98 1.06 1.13 1.20 1.27 1.34 1.41 1.49 1.58 1.67 1.78 1.89 2.00 2.12 2.23 2.35 2.46 2.58 2.69 2.79 2.88 2.97 3.05 3.11 3.17 3.21 3.23 3.24 3.23 3.20 3.15 3.09 3.01 2.93 2.84 2.76 2.67 2.58 2.49 2.40 2.32 2.23 2.14 2.05 1.97 1.89 1.80 1.73 1.65 1.58 1.51 1.44 1.38 1.32 1.28 1.26 1.27 1.28 1.30 1.31 1.34 1.39 1.44 1.49 1.55 1.60 1.66
0.00 0.00 0.00 0.00 0.00 0.00 0.00 0.00 0.03 0.13 0.24 0.35 0.45 0.55 0.65 0.75 0.84 0.92 1.00 1.07 1.14 1.20 1.27 1.33 1.40 1.48 1.57 1.67 1.77 1.87 1.99 2.10 2.21 2.33 2.44 2.55 2.66 2.76 2.85 2.94 3.01 3.07 3.12 3.16 3.18 3.19 3.18 3.15 3.10 3.04 2.97 2.89 2.81 2.72 2.63 2.54 2.45 2.36 2.27 2.17 2.08 1.98 1.89 1.79 1.70 1.61 1.52 1.43 1.34 1.26 1.19 1.15 1.12 1.12 1.12 1.13 1.14 1.15 1.17 1.20 1.24 1.29 1.33 1.37
0.00 0.00 0.00 0.00 0.00 0.00 0.00 0.00 0.00 0.09 0.20 0.30 0.40 0.50 0.60 0.69 0.78 0.86 0.94 1.00 1.07 1.13 1.19 1.26 1.32 1.39 1.46 1.55 1.64 1.74 1.85 1.96 2.07 2.18 2.29 2.40 2.51 2.62 2.71 2.80 2.88 2.96 3.02 3.07 3.10 3.12 3.12 3.11 3.08 3.04 2.99 2.92 2.84 2.75 2.67 2.57 2.48 2.38 2.29 2.19 2.08 1.98 1.87 1.77 1.66 1.55 1.45 1.34 1.24 1.14 1.07 1.02 0.99 0.98 0.98 0.98 0.98 0.98 0.99 1.00 1.02 1.05 1.08 1.12
0.00 0.00 0.00 0.00 0.00 0.00 0.00 0.00 0.00 0.04 0.15 0.25 0.35 0.45 0.54 0.63 0.71 0.79 0.86 0.93 0.99 1.05 1.11 1.17 1.23 1.29 1.36 1.43 1.52 1.61 1.71 1.81 1.91 2.02 2.13 2.24 2.35 2.46 2.56 2.65 2.74 2.82 2.89 2.95 2.99 3.03 3.04 3.05 3.03 3.01 2.97 2.91 2.84 2.76 2.67 2.58 2.49 2.39 2.29 2.18 2.07 1.96 1.84 1.73 1.61 1.49 1.36 1.24 1.13 1.04 0.96 0.91 0.87 0.86 0.85 0.84 0.83 0.83 0.82 0.82 0.83 0.85 0.87 0.89
0.00 0.00 0.00 0.00 0.00 0.00 0.00 0.00 0.00 0.00 0.10 0.20 0.29 0.39 0.48 0.56 0.64 0.71 0.78 0.84 0.90 0.96 1.02 1.08 1.14 1.20 1.26 1.32 1.39 1.47 1.56 1.66 1.76 1.86 1.97 2.07 2.18 2.29 2.39 2.49 2.58 2.66 2.74 2.81 2.87 2.91 2.94 2.96 2.96 2.94 2.92 2.87 2.82 2.74 2.66 2.57 2.48 2.38 2.27 2.16 2.04 1.92 1.80 1.67 1.54 1.40 1.27 1.14 1.03 0.94 0.86 0.80 0.76 0.74 0.73 0.71 0.70 0.69 0.68 0.67 0.66 0.66 0.67 0.68
0.00 0.00 0.00 0.00 0.00 0.00 0.00 0.00 0.00 0.00 0.05 0.14 0.23 0.32 0.41 0.49 0.56 0.63 0.70 0.76 0.81 0.87 0.92 0.98 1.04 1.09 1.15 1.21 1.27 1.34 1.42 1.50 1.60 1.69 1.79 1.90 2.00 2.11 2.21 2.31 2.40 2.49 2.58 2.65 2.72 2.77 2.81 2.84 2.85 2.85 2.84 2.81 2.76 2.70 2.63 2.54 2.44 2.34 2.23 2.12 2.00 1.87 1.74 1.60 1.46 1.31 1.17 1.05 0.94 0.84 0.77 0.71 0.66 0.64 0.62 0.60 0.58 0.56 0.55 0.53 0.52 0.51 0.50 0.50
0.00 0.00 0.00 0.00 0.00 0.00 0.00 0.00 0.00 0.00 0.00 0.08 0.17 0.25 0.33 0.41 0.48 0.54 0.61 0.66 0.72 0.77 0.82 0.88 0.93 0.99 1.04 1.10 1.15 1.21 1.28 1.35 1.43 1.52 1.62 1.72 1.82 1.92 2.02 2.12 2.22 2.31 2.40 2.48 2.55 2.62 2.67 2.71 2.73 2.74 2.74 2.72 2.68 2.63 2.56 2.48 2.39 2.29 2.18 2.06 1.93 1.80 1.66 1.51 1.36 1.21 1.08 0.96 0.85 0.76 0.68 0.62 0.57 0.54 0.52 0.49 0.47 0.45 0.43 0.41 0.39 0.37 0.36 0.35
0.00 0.00 0.00 0.00 0.00 0.00 0.00 0.00 0.00 0.00 0.00 0.02 0.10 0.18 0.26 0.33 0.39 0.46 0.51 0.57 0.62 0.67 0.72 0.77 0.82 0.88 0.93 0.98 1.03 1.09 1.14 1.21 1.28 1.36 1.44 1.53 1.63 1.73 1.83 1.93 2.02 2.12 2.21 2.30 2.37 2.44 2.50 2.55 2.59 2.61 2.61 2.60 2.57 2.53 2.48 2.40 2.31 2.21 2.10 1.98 1.85 1.71 1.57 1.41 1.26 1.12 0.99 0.88 0.77 0.68 0.60 0.54 0.49 0.45 0.43 0.40 0.37 0.34 0.32 0.30 0.27 0.25 0.23 0.22
0.00 0.00 0.00 0.00 0.00 0.00 0.00 0.00 0.00 0.00 0.00 0.00 0.04 0.11 0.18 0.24 0.31 0.36 0.42 0.47 0.52 0.57 0.61 0.66 0.71 0.76 0.81 0.86 0.91 0.96 1.01 1.07 1.13 1.19 1.27 1.35 1.44 1.53 1.63 1.73 1.82 1.92 2.01 2.10 2.19 2.26 2.33 2.38 2.43 2.45 2.47 2.46 2.45 2.41 2.36 2.30 2.22 2.12 2.01 1.88 1.75 1.61 1.46 1.31 1.16 1.03 0.91 0.80 0.70 0.61 0.53 0.47 0.42 0.38 0.34 0.31 0.28 0.25 0.22 0.20 0.17 0.15 0.12 0.10
0.00 0.00 0.00 0.00 0.00 0.00 0.00 0.00 0.00 0.00 0.00 0.00 0.00 0.03 0.10 0.16 0.22 0.27 0.32 0.37 0.42 0.46 0.51 0.56 0.60 0.65 0.70 0.75 0.79 0.84 0.89 0.93 0.98 1.04 1.10 1.18 1.26 1.34 1.43 1.53 1.62 1.72 1.81 1.90 1.99 2.07 2.14 2.20 2.25 2.29 2.31 2.31 2.30 2.27 2.23 2.17 2.09 2.00 1.89 1.77 1.63 1.49 1.34 1.20 1.07 0.95 0.83 0.72 0.63 0.54 0.47 0.40 0.35 0.31 0.27 0.24 0.20 0.17 0.14 0.11 0.08 0.06 0.03 0.00
0.00 0.00 0.00 0.00 0.00 0.00 0.00 0.00 0.00 0.00 0.00 0.00 0.00 0.00 0.02 0.07 0.13 0.18 0.23 0.27 0.32 0.36 0.40 0.45 0.49 0.54 0.58 0.63 0.67 0.72 0.76 0.80 0.85 0.89 0.94 1.01 1.08 1.16 1.24 1.33 1.42 1.52 1.61 1.70 1.79 1.87 1.95 2.01 2.07 2.11 2.13 2.14 2.13 2.11 2.07 2.02 1.95 1.86 1.76 1.63 1.50 1.36 1.23 1.10 0.98 0.86 0.76 0.66 0.56 0.48 0.41 0.34 0.29 0.25 0.21 0.17 0.13 0.10 0.07 0.03 0.00 0.00 0.00 0.00
0.00 0.00 0.00 0.00 0.00 0.00 0.00 0.00 0.00 0.00 0.00 0.00 0.00 0.00 0.00 0.00 0.04 0.09 0.13 0.18 0.22 0.26 0.30 0.34 0.38 0.42 0.47 0.51 0.55 0.59 0.63 0.68 0.72 0.76 0.80 0.85 0.91 0.98 1.06 1.14 1.23 1.32 1.41 1.50 1.58 1.67 1.75 1.82 1.88 1.92 1.95 1.96 1.96 1.94 1.90 1.85 1.78 1.70 1.60 1.48 1.36 1.23 1.11 1.00 0.89 0.78 0.68 0.59 0.50 0.42 0.35 0.29 0.24 0.19 0.15 0.11 0.07 0.04 0.00 0.00 0.00 0.00 0.00 0.00
0.00 0.00 0.00 0.00 0.00 0.00 0.00 0.00 0.00 0.00 0.00 0.00 0.00 0.00 0.00 0.00 0.00 0.00 0.04 0.08 0.12 0.16 0.20 0.24 0.28 0.32 0.36 0.39 0.43 0.47 0.51 0.55 0.59 0.63 0.66 0.70 0.75 0.81 0.88 0.96 1.04 1.12 1.21 1.29 1.38 1.47 1.55 1.62 1.68 1.72 1.75 1.77 1.77 1.75 1.72 1.67 1.60 1.52 1.42 1.32 1.21 1.10 1.00 0.90 0.80 0.70 0.61 0.53 0.45 0.37 0.30 0.24 0.19 0.14 0.10 0.06 0.02 0.00 0.00 0.00 0.00 0.00 0.00 0.00
0.00 0.00 0.00 0.00 0.00 0.00 0.00 0.00 0.00 0.00 0.00 0.00 0.00 0.00 0.00 0.00 0.00 0.00 0.00 0.00 0.02 0.06 0.10 0.13 0.17 0.21 0.25 0.28 0.32 0.36 0.39 0.43 0.46 0.50 0.54 0.57 0.61 0.66 0.72 0.78 0.85 0.93 1.01 1.10 1.18 1.26 1.35 1.42 1.48 1.53 1.56 1.57 1.57 1.55 1.52 1.47 1.41 1.33 1.24 1.15 1.06 0.97 0.88 0.79 0.71 0.62 0.54 0.46 0.39 0.32 0.26 0.20 0.15 0.10 0.06 0.02 0.00 0.00 0.00 0.00 0.00 0.00 0.00 0.00
0.00 0.00 0.00 0.00 0.00 0.00 0.00 0.00 0.00 0.00 0.00 0.00 0.00 0.00 0.00 0.00 0.00 0.00 0.00 0.00 0.00 0.00 0.00 0.04 0.07 0.11 0.14 0.18 0.21 0.24 0.28 0.31 0.35 0.38 0.42 0.45 0.49 0.52 0.57 0.62 0.69 0.76 0.83 0.91 0.99 1.07 1.15 1.22 1.28 1.33 1.36 1.37 1.37 1.35 1.32 1.27 1.20 1.13 1.06 0.98 0.91 0.84 0.76 0.69 0.62 0.54 0.47 0.40 0.34 0.28 0.22 0.16 0.11 0.06 0.02 0.00 0.00 0.00 0.00 0.00 0.00 0.00 0.00 0.00
0.00 0.00 0.00 0.00 0.00 0.00 0.00 0.00 0.00 0.00 0.00 0.00 0.00 0.00 0.00 0.00 0.00 0.00 0.00 0.00 0.00 0.00 0.00 0.00 0.00 0.01 0.04 0.07 0.11 0.14 0.17 0.20 0.24 0.27 0.30 0.34 0.37 0.40 0.44 0.48 0.53 0.59 0.66 0.73 0.80 0.88 0.96 1.03 1.09 1.13 1.16 1.17 1.17 1.15 1.11 1.06 1.00 0.94 0.88 0.82 0.77 0.71 0.65 0.59 0.53 0.47 0.41 0.35 0.29 0.23 0.18 0.12 0.08 0.03 0.00 0.00 0.00 0.00 0.00 0.00 0.00 0.00 0.00 0.00
0.00 0.00 0.00 0.00 0.00 0.00 0.00 0.00 0.00 0.00 0.00 0.00 0.00 0.00 0.00 0.00 0.00 0.00 0.00 0.00 0.00 0.00 0.00 0.00 0.00 0.00 0.00 0.00 0.01 0.04 0.07 0.10 0.13 0.17 0.20 0.23 0.26 0.29 0.32 0.36 0.40 0.44 0.50 0.56 0.63 0.70 0.78 0.84 0.90 0.94 0.96 0.97 0.96 0.94 0.90 0.86 0.81 0.76 0.72 0.67 0.62 0.58 0.53 0.48 0.44 0.39 0.34 0.29 0.24 0.19 0.14 0.09 0.05 0.00 0.00 0.00 0.00 0.00 0.00 0.00 0.00 0.00 0.00 0.00
0.00 0.00 0.00 0.00 0.00 0.00 0.00 0.00 0.00 0.00 0.00 0.00 0.00 0.00 0.00 0.00 0.00 0.00 0.00 0.00 0.00 0.00 0.00 0.00 0.00 0.00 0.00 0.00 0.00 0.00 0.00 0.01 0.04 0.07 0.10 0.13 0.17 0.19 0.22 0.25 0.28 0.32 0.36 0.42 0.48 0.54 0.61 0.67 0.72 0.75 0.77 0.78 0.76 0.74 0.70 0.67 0.63 0.60 0.56 0.53 0.49 0.46 0.42 0.38 0.35 0.31 0.27 0.23 0.19 0.15 0.11 0.06 0.02 0.00 0.00 0.00 0.00 0.00 0.00 0.00 0.00 0.00 0.00 0.00
0.00 0.00 0.00 0.00 0.00 0.00 0.00 0.00 0.00 0.00 0.00 0.00 0.00 0.00 0.00 0.00 0.00 0.00 0.00 0.00 0.00 0.00 0.00 0.00 0.00 0.00 0.00 0.00 0.00 0.00 0.00 0.00 0.00 0.00 0.02 0.05 0.08 0.11 0.13 0.16 0.19 0.21 0.25 0.29 0.34 0.39 0.45 0.51 0.55 0.58 0.59 0.59 0.57 0.55 0.52 0.50 0.47 0.45 0.42 0.40 0.37 0.34 0.32 0.29 0.26 0.23 0.20 0.17 0.14 0.11 0.07 0.03 0.00 0.00 0.00 0.00 0.00 0.00 0.00 0.00 0.00 0.00 0.00 0.00
0.00 0.00 0.00 0.00 0.00 0.00 0.00 0.00 0.00 0.00 0.00 0.00 0.00 0.00 0.00 0.00 0.00 0.00 0.00 0.00 0.00 0.00 0.00 0.00 0.00 0.00 0.00 0.00 0.00 0.00 0.00 0.00 0.00 0.00 0.00 0.00 0.01 0.03 0.06 0.08 0.11 0.13 0.15 0.18 0.22 0.27 0.32 0.37 0.40 0.42 0.43 0.42 0.40 0.38 0.37 0.35 0.33 0.31 0.30 0.28 0.26 0.24 0.22 0.20 0.18 0.16 0.14 0.12 0.09 0.07 0.04 0.01 0.00 0.00 0.00 0.00 0.00 0.00 0.00 0.00 0.00 0.00 0.00 0.00
0.00 0.00 0.00 0.00 0.00 0.00 0.00 0.00 0.00 0.00 0.00 0.00 0.00 0.00 0.00 0.00 0.00 0.00 0.00 0.00 0.00 0.00 0.00 0.00 0.00 0.00 0.00 0.00 0.00 0.00 0.00 0.00 0.00 0.00 0.00 0.00 0.00 0.00 0.00 0.02 0.04 0.06 0.08 0.10 0.13 0.16 0.20 0.24 0.27 0.28 0.28 0.27 0.26 0.24 0.23 0.22 0.21 0.20 0.19 0.18 0.16 0.15 0.14 0.12 0.11 0.09 0.08 0.06 0.05 0.03 0.01 0.00 0.00 0.00 0.00 0.00 0.00 0.00 0.00 0.00 0.00 0.00 0.00 0.00
