data_processed/recharge/precip/Precip_1989_04.asc
ncols        168
nrows        136
xllcorner    455000
yllcorner    2107000
cellsize     500
NODATA_value     -99999
[rows 0 to 34 of 136, columns 80 to 159 of 168]
37.66 36.78 35.90 35.02 34.16 33.33 32.53 31.77 31.06 30.41 29.82 29.32 28.90 28.58 28.36 28.25 28.27 28.55 29.19 29.95 30.27 30.26 30.08 29.77 29.36 28.86 28.27 27.62 26.93 26.20 25.45 24.70 23.96 23.24 22.57 21.95 21.40 20.94 20.58 20.33 20.22 20.25 20.43 20.72 21.00 21.29 21.62 21.91 22.13 22.25 22.30 22.27 22.18 22.03 21.83 21.59 21.31 21.01 20.68 20.35 20.00 19.66 19.32 19.00 18.71 18.45 18.22 18.03 17.79 17.37 17.00 17.05 17.42 17.88 18.37 18.87 19.40 19.94 20.51 21.09
39.27 38.38 37.49 36.61 35.73 34.87 34.04 33.25 32.50 31.81 31.18 30.62 30.15 29.76 29.48 29.30 29.23 29.31 29.63 30.08 30.20 30.10 29.85 29.48 28.99 28.40 27.73 27.00 26.20 25.37 24.52 23.66 22.80 21.97 21.17 20.42 19.74 19.14 18.64 18.24 17.98 17.85 17.88 18.05 18.29 18.56 18.81 18.98 19.08 19.11 19.09 19.01 18.89 18.73 18.54 18.33 18.10 17.86 17.63 17.40 17.18 16.99 16.82 16.69 16.61 16.57 16.60 16.69 16.83 16.93 17.09 17.56 18.12 18.70 19.29 19.90 20.51 21.14 21.77 22.42
40.74 39.84 38.94 38.03 37.13 36.24 35.38 34.55 33.76 33.01 32.33 31.72 31.18 30.72 30.36 30.10 29.95 29.92 30.03 30.21 30.21 30.04 29.72 29.27 28.70 28.03 27.27 26.44 25.55 24.61 23.65 22.68 21.70 20.74 19.82 18.94 18.12 17.37 16.72 16.18 15.75 15.46 15.32 15.35 15.52 15.70 15.82 15.88 15.89 15.85 15.78 15.67 15.53 15.38 15.22 15.06 14.90 14.75 14.62 14.52 14.46 14.43 14.46 14.54 14.68 14.90 15.19 15.57 16.04 16.60 17.23 17.93 18.63 19.34 20.06 20.78 21.50 22.22 22.94 23.66
41.97 41.07 40.15 39.22 38.30 37.38 36.48 35.61 34.78 33.99 33.25 32.57 31.97 31.45 31.01 30.67 30.44 30.32 30.33 30.40 30.33 30.10 29.72 29.20 28.55 27.80 26.95 26.03 25.04 24.00 22.94 21.85 20.76 19.68 18.63 17.62 16.66 15.78 14.98 14.29 13.71 13.26 12.96 12.81 12.81 12.85 12.85 12.82 12.75 12.65 12.54 12.41 12.28 12.15 12.04 11.94 11.86 11.82 11.81 11.86 11.96 12.12 12.34 12.65 13.04 13.52 14.10 14.78 15.58 16.43 17.27 18.12 18.98 19.83 20.68 21.52 22.36 23.18 24.00 24.82
42.82 41.92 41.01 40.08 39.15 38.22 37.30 36.41 35.55 34.72 33.95 33.23 32.58 32.00 31.51 31.11 30.81 30.62 30.56 30.57 30.44 30.16 29.72 29.15 28.44 27.62 26.70 25.70 24.64 23.51 22.36 21.17 19.98 18.80 17.64 16.51 15.44 14.43 13.51 12.68 11.96 11.37 10.91 10.60 10.40 10.26 10.14 10.01 9.87 9.72 9.58 9.44 9.31 9.21 9.14 9.11 9.12 9.19 9.32 9.51 9.77 10.12 10.56 11.10 11.73 12.48 13.35 14.34 15.40 16.39 17.33 18.32 19.32 20.31 21.29 22.26 23.21 24.14 25.06 25.96
43.29 42.42 41.53 40.62 39.69 38.77 37.86 36.96 36.09 35.25 34.46 33.71 33.03 32.42 31.89 31.44 31.10 30.86 30.74 30.68 30.50 30.17 29.70 29.08 28.33 27.46 26.49 25.44 24.31 23.12 21.89 20.63 19.36 18.08 16.83 15.61 14.44 13.32 12.29 11.34 10.50 9.78 9.18 8.70 8.32 8.00 7.73 7.49 7.28 7.09 6.91 6.76 6.65 6.58 6.56 6.60 6.71 6.88 7.14 7.48 7.92 8.46 9.11 9.88 10.77 11.79 12.95 14.19 15.37 16.44 17.47 18.55 19.67 20.80 21.91 23.00 24.06 25.10 26.11 27.09
43.42 42.60 41.74 40.86 39.97 39.07 38.17 37.29 36.43 35.60 34.80 34.05 33.36 32.74 32.18 31.71 31.33 31.05 30.88 30.76 30.51 30.13 29.62 28.98 28.20 27.30 26.30 25.20 24.03 22.79 21.50 20.19 18.85 17.51 16.18 14.89 13.63 12.43 11.30 10.25 9.31 8.47 7.73 7.08 6.53 6.05 5.63 5.27 4.98 4.74 4.54 4.38 4.29 4.25 4.29 4.40 4.60 4.89 5.28 5.78 6.40 7.13 8.00 9.00 10.15 11.44 12.83 14.18 15.43 16.58 17.70 18.86 20.06 21.30 22.54 23.74 24.92 26.05 27.16 28.22
43.23 42.47 41.67 40.84 40.00 39.14 38.29 37.43 36.60 35.79 35.01 34.28 33.60 32.97 32.41 31.92 31.51 31.19 30.97 30.79 30.49 30.05 29.49 28.81 28.03 27.12 26.10 24.98 23.78 22.51 21.19 19.83 18.45 17.06 15.68 14.32 12.99 11.72 10.52 9.40 8.36 7.40 6.52 5.73 5.04 4.41 3.85 3.37 2.98 2.69 2.46 2.30 2.22 2.23 2.32 2.51 2.81 3.22 3.75 4.41 5.20 6.13 7.22 8.46 9.86 11.37 12.85 14.25 15.56 16.79 17.99 19.23 20.51 21.83 23.17 24.49 25.76 27.00 28.19 29.34
42.74 42.06 41.34 40.59 39.81 39.02 38.22 37.42 36.63 35.86 35.12 34.42 33.76 33.15 32.59 32.09 31.65 31.29 31.02 30.78 30.42 29.93 29.32 28.61 27.80 26.89 25.87 24.75 23.54 22.26 20.92 19.54 18.13 16.71 15.29 13.88 12.51 11.19 9.93 8.73 7.60 6.54 5.55 4.64 3.81 3.05 2.38 1.79 1.30 0.93 0.68 0.52 0.46 0.50 0.66 0.93 1.33 1.86 2.53 3.35 4.32 5.46 6.76 8.24 9.84 11.43 12.95 14.40 15.77 17.08 18.35 19.67 21.02 22.41 23.81 25.22 26.60 27.94 29.22 30.44
42.00 41.42 40.79 40.13 39.43 38.72 37.99 37.27 36.54 35.83 35.15 34.50 33.88 33.29 32.73 32.21 31.75 31.35 31.03 30.74 30.32 29.78 29.13 28.37 27.52 26.60 25.60 24.49 23.29 22.01 20.67 19.29 17.87 16.43 14.99 13.57 12.17 10.81 9.50 8.24 7.03 5.88 4.80 3.78 2.83 1.96 1.18 0.50 0.00 0.00 0.00 0.00 0.00 0.00 0.00 0.00 0.16 0.81 1.63 2.61 3.77 5.11 6.64 8.30 9.96 11.57 13.12 14.62 16.05 17.42 18.77 20.16 21.58 23.03 24.49 25.96 27.43 28.85 30.22 31.52
41.04 40.56 40.04 39.49 38.90 38.28 37.65 37.01 36.37 35.74 35.13 34.54 33.95 33.37 32.81 32.29 31.80 31.37 31.01 30.66 30.19 29.60 28.90 28.10 27.22 26.27 25.26 24.18 23.01 21.75 20.43 19.06 17.65 16.21 14.77 13.34 11.93 10.55 9.20 7.89 6.63 5.40 4.24 3.13 2.08 1.11 0.25 0.00 0.00 0.00 0.00 0.00 0.00 0.00 0.00 0.00 0.00 0.07 1.04 2.19 3.53 5.08 6.77 8.48 10.15 11.78 13.36 14.90 16.39 17.82 19.24 20.69 22.18 23.69 25.21 26.73 28.25 29.75 31.19 32.57
39.91 39.52 39.13 38.70 38.23 37.73 37.21 36.68 36.14 35.61 35.08 34.53 33.98 33.41 32.86 32.32 31.81 31.35 30.95 30.55 30.03 29.40 28.65 27.81 26.89 25.91 24.88 23.80 22.67 21.46 20.17 18.83 17.44 16.03 14.61 13.19 11.78 10.39 9.02 7.68 6.36 5.09 3.86 2.67 1.54 0.49 0.00 0.00 0.00 0.00 0.00 0.00 0.00 0.00 0.00 0.00 0.00 0.00 0.76 2.08 3.62 5.31 7.03 8.73 10.41 12.05 13.66 15.24 16.77 18.27 19.75 21.27 22.81 24.38 25.95 27.53 29.09 30.63 32.14 33.59
38.67 38.37 38.08 37.79 37.46 37.09 36.71 36.30 35.88 35.45 34.99 34.48 33.95 33.41 32.86 32.31 31.79 31.30 30.85 30.40 29.84 29.16 28.38 27.50 26.55 25.54 24.47 23.38 22.26 21.10 19.87 18.58 17.24 15.87 14.48 13.08 11.69 10.30 8.93 7.57 6.23 4.92 3.63 2.39 1.19 0.08 0.00 0.00 0.00 0.00 0.00 0.00 0.00 0.00 0.00 0.00 0.00 0.00 0.79 2.29 3.95 5.66 7.36 9.05 10.73 12.38 14.02 15.63 17.21 18.76 20.30 21.88 23.48 25.10 26.72 28.34 29.94 31.52 33.07 34.57
37.34 37.14 36.96 36.79 36.61 36.40 36.16 35.90 35.61 35.26 34.85 34.39 33.89 33.36 32.82 32.27 31.73 31.21 30.73 30.23 29.63 28.90 28.08 27.17 26.19 25.15 24.06 22.94 21.81 20.67 19.51 18.28 17.01 15.69 14.35 13.00 11.64 10.28 8.91 7.55 6.20 4.87 3.55 2.26 1.01 0.00 0.00 0.00 0.00 0.00 0.00 0.00 0.00 0.00 0.00 0.00 0.00 0.00 1.13 2.74 4.41 6.08 7.75 9.43 11.10 12.76 14.42 16.06 17.68 19.28 20.88 22.51 24.17 25.83 27.50 29.16 30.80 32.42 33.99 35.52
35.94 35.85 35.79 35.76 35.72 35.68 35.60 35.49 35.30 35.02 34.66 34.25 33.78 33.27 32.74 32.19 31.64 31.10 30.57 30.03 29.39 28.63 27.77 26.82 25.81 24.74 23.63 22.50 21.35 20.21 19.07 17.93 16.73 15.49 14.22 12.93 11.62 10.29 8.95 7.61 6.26 4.92 3.59 2.28 0.99 0.00 0.00 0.00 0.00 0.00 0.00 0.00 0.00 0.00 0.00 0.00 0.00 0.20 1.72 3.31 4.92 6.55 8.20 9.85 11.52 13.19 14.85 16.52 18.18 19.83 21.48 23.17 24.87 26.58 28.28 29.98 31.66 33.30 34.91 36.46
34.50 34.54 34.62 34.72 34.84 34.96 35.05 35.05 34.94 34.73 34.44 34.07 33.63 33.15 32.63 32.08 31.52 30.95 30.39 29.81 29.12 28.33 27.43 26.46 25.42 24.33 23.20 22.05 20.89 19.73 18.60 17.49 16.39 15.25 14.06 12.85 11.60 10.32 9.03 7.72 6.39 5.06 3.73 2.41 1.10 0.00 0.00 0.00 0.00 0.00 0.00 0.00 0.00 0.00 0.00 0.00 0.00 0.93 2.41 3.94 5.49 7.08 8.69 10.32 11.98 13.64 15.32 17.01 18.70 20.40 22.10 23.83 25.58 27.33 29.07 30.80 32.51 34.18 35.81 37.38
33.06 33.23 33.45 33.71 34.00 34.27 34.47 34.56 34.54 34.40 34.17 33.84 33.45 32.99 32.49 31.94 31.37 30.78 30.19 29.57 28.84 28.01 27.09 26.08 25.02 23.91 22.76 21.59 20.42 19.26 18.12 17.02 15.98 14.94 13.86 12.73 11.56 10.36 9.12 7.86 6.57 5.27 3.96 2.64 1.33 0.13 0.00 0.00 0.00 0.00 0.00 0.00 0.00 0.00 0.00 0.00 0.42 1.76 3.16 4.62 6.11 7.65 9.22 10.83 12.47 14.13 15.82 17.52 19.24 20.98 22.73 24.50 26.28 28.07 29.85 31.61 33.34 35.03 36.68 38.27
31.64 31.96 32.33 32.76 33.20 33.57 33.86 34.03 34.09 34.03 33.85 33.59 33.23 32.80 32.31 31.77 31.19 30.58 29.96 29.31 28.54 27.68 26.73 25.70 24.61 23.48 22.32 21.14 19.95 18.79 17.65 16.57 15.53 14.56 13.59 12.57 11.50 10.38 9.22 8.02 6.79 5.53 4.25 2.95 1.66 0.47 0.00 0.00 0.00 0.00 0.00 0.00 0.00 0.00 0.00 0.24 1.42 2.66 3.97 5.34 6.78 8.26 9.79 11.37 12.98 14.64 16.33 18.05 19.79 21.56 23.36 25.17 26.99 28.80 30.61 32.40 34.15 35.86 37.52 39.12
30.27 30.74 31.29 31.86 32.40 32.85 33.21 33.46 33.60 33.61 33.51 33.29 32.98 32.58 32.11 31.57 30.99 30.37 29.72 29.03 28.23 27.34 26.35 25.30 24.20 23.05 21.87 20.68 19.49 18.33 17.21 16.13 15.11 14.15 13.24 12.33 11.38 10.36 9.29 8.17 7.02 5.82 4.59 3.33 2.06 0.91 0.00 0.00 0.00 0.00 0.00 0.00 0.00 0.00 0.34 1.36 2.44 3.59 4.82 6.11 7.47 8.90 10.38 11.93 13.52 15.16 16.85 18.58 20.35 22.15 23.98 25.82 27.68 29.52 31.35 33.16 34.93 36.66 38.33 39.93
28.97 29.62 30.32 30.99 31.59 32.11 32.53 32.86 33.07 33.16 33.12 32.96 32.69 32.33 31.88 31.35 30.77 30.13 29.46 28.73 27.90 26.98 25.98 24.90 23.78 22.61 21.42 20.23 19.05 17.90 16.79 15.73 14.72 13.76 12.87 12.02 11.19 10.29 9.33 8.31 7.24 6.12 4.95 3.75 2.53 1.43 0.52 0.00 0.00 0.00 0.00 0.00 0.00 0.67 1.54 2.47 3.48 4.55 5.69 6.91 8.20 9.56 11.00 12.50 14.06 15.69 17.37 19.11 20.89 22.72 24.59 26.46 28.34 30.21 32.06 33.89 35.67 37.41 39.08 40.64
27.79 28.59 29.37 30.10 30.76 31.34 31.83 32.22 32.50 32.67 32.70 32.61 32.38 32.05 31.62 31.11 30.52 29.88 29.18 28.42 27.57 26.62 25.59 24.50 23.36 22.18 20.98 19.79 18.63 17.50 16.41 15.36 14.36 13.42 12.52 11.69 10.92 10.14 9.31 8.40 7.43 6.41 5.32 4.19 3.03 2.00 1.17 0.56 0.18 0.05 0.17 0.57 1.19 1.91 2.71 3.56 4.49 5.49 6.56 7.71 8.94 10.24 11.62 13.08 14.61 16.22 17.89 19.63 21.43 23.28 25.18 27.08 28.98 30.87 32.74 34.58 36.37 38.11 39.73 41.21
26.71 27.59 28.42 29.20 29.91 30.55 31.10 31.55 31.90 32.13 32.24 32.21 32.04 31.75 31.35 30.85 30.26 29.61 28.89 28.10 27.22 26.25 25.20 24.09 22.94 21.75 20.56 19.39 18.25 17.14 16.07 15.04 14.05 13.11 12.22 11.39 10.62 9.92 9.21 8.44 7.59 6.67 5.68 4.64 3.56 2.61 1.87 1.37 1.10 1.10 1.36 1.84 2.43 3.09 3.81 4.61 5.47 6.41 7.42 8.50 9.67 10.92 12.25 13.66 15.16 16.74 18.40 20.14 21.94 23.82 25.74 27.66 29.59 31.49 33.37 35.22 37.01 38.70 40.25 41.66
25.68 26.60 27.47 28.29 29.05 29.74 30.34 30.86 31.26 31.56 31.73 31.77 31.67 31.43 31.05 30.57 29.99 29.32 28.59 27.77 26.87 25.87 24.81 23.68 22.52 21.34 20.18 19.04 17.92 16.83 15.77 14.75 13.77 12.84 11.96 11.14 10.37 9.67 9.03 8.39 7.68 6.89 6.02 5.08 4.09 3.24 2.61 2.23 2.10 2.23 2.59 3.05 3.58 4.17 4.84 5.57 6.38 7.26 8.22 9.26 10.38 11.58 12.86 14.24 15.70 17.25 18.89 20.62 22.43 24.32 26.27 28.21 30.15 32.07 33.96 35.80 37.54 39.15 40.62 41.97
24.66 25.61 26.52 27.39 28.19 28.92 29.57 30.13 30.60 30.95 31.19 31.29 31.26 31.07 30.74 30.27 29.70 29.03 28.28 27.44 26.51 25.50 24.42 23.28 22.13 20.98 19.84 18.72 17.63 16.56 15.52 14.51 13.55 12.62 11.75 10.93 10.17 9.47 8.84 8.26 7.69 7.04 6.30 5.48 4.61 3.87 3.37 3.12 3.14 3.37 3.71 4.12 4.59 5.14 5.75 6.44 7.20 8.04 8.95 9.95 11.03 12.20 13.45 14.79 16.21 17.74 19.36 21.08 22.89 24.79 26.75 28.71 30.66 32.59 34.47 36.26 37.93 39.46 40.86 42.14
23.66 24.64 25.58 26.48 27.31 28.09 28.78 29.39 29.90 30.31 30.60 30.76 30.79 30.67 30.40 29.96 29.40 28.73 27.96 27.10 26.15 25.12 24.03 22.91 21.78 20.66 19.56 18.46 17.39 16.34 15.31 14.32 13.37 12.46 11.60 10.78 10.02 9.32 8.69 8.12 7.62 7.11 6.52 5.84 5.09 4.49 4.13 4.03 4.15 4.38 4.67 5.03 5.46 5.96 6.53 7.18 7.91 8.71 9.59 10.56 11.61 12.74 13.97 15.28 16.69 18.19 19.79 21.50 23.31 25.22 27.19 29.16 31.12 33.04 34.87 36.58 38.16 39.62 40.95 42.16
22.67 23.67 24.64 25.57 26.44 27.24 27.98 28.63 29.18 29.64 29.98 30.19 30.28 30.22 30.01 29.63 29.09 28.42 27.64 26.76 25.79 24.75 23.67 22.58 21.49 20.40 19.32 18.26 17.20 16.17 15.17 14.20 13.26 12.36 11.50 10.69 9.93 9.23 8.60 8.03 7.52 7.09 6.65 6.12 5.52 5.06 4.86 4.88 5.00 5.18 5.44 5.76 6.15 6.62 7.16 7.78 8.47 9.25 10.11 11.05 12.08 13.20 14.41 15.71 17.10 18.59 20.18 21.87 23.67 25.59 27.57 29.55 31.50 33.37 35.11 36.74 38.24 39.62 40.90 42.05
21.71 22.72 23.71 24.66 25.56 26.39 27.16 27.85 28.44 28.94 29.32 29.59 29.72 29.72 29.56 29.24 28.76 28.11 27.32 26.42 25.44 24.41 23.37 22.31 21.26 20.20 19.15 18.11 17.08 16.07 15.09 14.13 13.20 12.31 11.47 10.66 9.91 9.21 8.57 8.00 7.49 7.06 6.69 6.32 5.88 5.58 5.50 5.52 5.61 5.76 5.99 6.28 6.65 7.09 7.61 8.20 8.88 9.64 10.48 11.41 12.43 13.54 14.74 16.04 17.43 18.91 20.50 22.19 23.99 25.90 27.89 29.86 31.76 33.53 35.19 36.74 38.17 39.48 40.69 41.80
20.76 21.79 22.79 23.76 24.68 25.54 26.33 27.05 27.68 28.21 28.63 28.94 29.12 29.17 29.06 28.80 28.38 27.77 26.99 26.09 25.12 24.13 23.13 22.11 21.09 20.06 19.04 18.03 17.02 16.04 15.07 14.13 13.22 12.34 11.50 10.71 9.96 9.26 8.62 8.04 7.53 7.09 6.72 6.42 6.14 5.97 5.90 5.90 5.96 6.09 6.29 6.57 6.92 7.34 7.85 8.43 9.10 9.85 10.69 11.62 12.63 13.74 14.94 16.24 17.64 19.13 20.73 22.43 24.23 26.15 28.13 30.04 31.85 33.53 35.11 36.58 37.93 39.19 40.34 41.40
19.85 20.89 21.90 22.88 23.82 24.70 25.51 26.26 26.91 27.48 27.93 28.28 28.50 28.59 28.53 28.32 27.95 27.40 26.66 25.77 24.85 23.90 22.94 21.96 20.97 19.98 18.99 18.00 17.02 16.06 15.11 14.19 13.29 12.43 11.60 10.81 10.07 9.38 8.74 8.16 7.64 7.19 6.81 6.51 6.29 6.14 6.05 6.02 6.07 6.18 6.37 6.63 6.97 7.39 7.89 8.47 9.14 9.89 10.73 11.66 12.68 13.79 15.00 16.31 17.72 19.23 20.84 22.56 24.39 26.32 28.24 30.06 31.77 33.37 34.87 36.26 37.56 38.75 39.85 40.86
19.07 20.11 21.13 22.12 23.07 23.96 24.79 25.55 26.24 26.83 27.31 27.69 27.95 28.08 28.06 27.90 27.57 27.07 26.35 25.45 24.55 23.65 22.73 21.79 20.84 19.89 18.93 17.98 17.03 16.09 15.17 14.27 13.39 12.54 11.72 10.95 10.21 9.53 8.89 8.31 7.79 7.34 6.96 6.65 6.44 6.28 6.17 6.12 6.15 6.25 6.42 6.67 6.99 7.40 7.89 8.47 9.13 9.87 10.71 11.64 12.67 13.79 15.00 16.32 17.74 19.26 20.89 22.62 24.46 26.37 28.24 29.97 31.59 33.11 34.53 35.85 37.08 38.22 39.27 40.23
18.46 19.49 20.51 21.50 22.45 23.36 24.20 24.98 25.68 26.29 26.81 27.21 27.50 27.66 27.68 27.56 27.27 26.78 26.03 25.12 24.22 23.35 22.47 21.58 20.68 19.76 18.84 17.92 17.01 16.10 15.21 14.33 13.48 12.65 11.86 11.10 10.38 9.70 9.07 8.50 7.98 7.53 7.15 6.86 6.65 6.50 6.38 6.31 6.31 6.38 6.53 6.76 7.07 7.46 7.93 8.49 9.14 9.88 10.71 11.63 12.65 13.77 14.98 16.30 17.72 19.25 20.88 22.62 24.43 26.28 28.11 29.79 31.33 32.77 34.11 35.37 36.53 37.62 38.62 39.54
17.99 19.02 20.03 21.02 21.98 22.88 23.74 24.53 25.24 25.87 26.41 26.83 27.15 27.34 27.39 27.30 27.01 26.49 25.72 24.79 23.88 23.01 22.17 21.33 20.48 19.61 18.73 17.85 16.98 16.11 15.25 14.40 13.58 12.77 12.00 11.26 10.56 9.90 9.29 8.72 8.22 7.77 7.40 7.12 6.93 6.79 6.67 6.59 6.56 6.60 6.71 6.91 7.19 7.56 8.01 8.55 9.18 9.90 10.71 11.62 12.63 13.73 14.94 16.25 17.67 19.20 20.82 22.53 24.28 26.08 27.85 29.49 30.99 32.35 33.62 34.81 35.92 36.95 37.90 38.78
17.66 18.68 19.68 20.67 21.62 22.53 23.39 24.18 24.91 25.55 26.10 26.55 26.88 27.10 27.18 27.07 26.75 26.19 25.40 24.46 23.54 22.67 21.85 21.05 20.24 19.43 18.60 17.77 16.93 16.10 15.28 14.47 13.68 12.91 12.16 11.45 10.77 10.13 9.53 8.99 8.49 8.06 7.71 7.44 7.26 7.12 7.01 6.93 6.88 6.89 6.97 7.13 7.38 7.71 8.13 8.64 9.24 9.94 10.73 11.62 12.60 13.69 14.89 16.19 17.59 19.10 20.68 22.32 24.01 25.75 27.47 29.07 30.53 31.86 33.07 34.20 35.25 36.22 37.13 37.97
17.46 18.47 19.46 20.43 21.38 22.28 23.14 23.94 24.67 25.32 25.88 26.34 26.69 26.92 26.99 26.84 26.48 25.89 25.09 24.14 23.22 22.35 21.53 20.74 19.98 19.22 18.45 17.67 16.88 16.10 15.32 14.55 13.79 13.06 12.35 11.66 11.01 10.40 9.82 9.30 8.82 8.40 8.06 7.80 7.63 7.50 7.40 7.32 7.27 7.25 7.29 7.41 7.62 7.91 8.29 8.76 9.33 10.00 10.76 11.62 12.58 13.64 14.81 16.09 17.47 18.93 20.44 22.01 23.64 25.32 26.99 28.54 29.97 31.27 32.45 33.52 34.51 35.44 36.31 37.11
17.39 18.37 19.35 20.31 21.24 22.14 22.99 23.78 24.51 25.16 25.73 26.20 26.57 26.77 26.78 26.59 26.19 25.58 24.77 23.81 22.90 22.03 21.22 20.45 19.72 19.00 18.29 17.56 16.82 16.09 15.36 14.64 13.92 13.23 12.55 11.91 11.29 10.70 10.16 9.65 9.19 8.78 8.45 8.20 8.03 7.91 7.81 7.74 7.69 7.67 7.69 7.76 7.91 8.16 8.50 8.93 9.45 10.08 10.80 11.63 12.56 13.59 14.73 15.97 17.30 18.68 20.11 21.61 23.17 24.79 26.41 27.92 29.30 30.57 31.73 32.78 33.72 34.61 35.43 36.20
