data_processed/recharge/precip/Precip_1991_04.asc
ncols        168
nrows        136
xllcorner    455000
yllcorner    2107000
cellsize     500
NODATA_value     -99999
[rows 36 to 71 of 136, columns 0 to 81 of 168]
9.99 9.64 9.33 9.06 8.83 8.63 8.47 8.34 8.24 8.15 8.08 8.02 7.99 7.97 7.94 7.91 7.88 7.84 7.81 7.78 7.76 7.75 7.77 7.80 7.84 7.88 7.91 7.93 7.96 7.97 7.99 8.00 8.01 8.01 8.01 8.00 7.98 7.95 7.92 7.89 7.90 7.95 8.04 8.17 8.33 8.53 8.76 9.02 9.32 9.62 9.88 10.06 10.18 10.25 10.27 10.24 10.18 10.10 9.99 9.86 9.73 9.59 9.45 9.29 9.13 8.98 8.87 8.80 8.78 8.79 8.84 8.92 9.04 9.19 9.38 9.58 9.79 10.00 10.20 10.40 10.59 10.77
10.04 9.69 9.37 9.10 8.86 8.66 8.50 8.38 8.30 8.24 8.20 8.18 8.18 8.17 8.14 8.11 8.07 8.04 8.00 7.97 7.94 7.94 7.95 7.98 8.01 8.04 8.07 8.09 8.11 8.12 8.14 8.14 8.15 8.15 8.15 8.14 8.12 8.10 8.08 8.10 8.15 8.24 8.37 8.53 8.73 8.95 9.21 9.49 9.80 10.11 10.37 10.56 10.67 10.73 10.73 10.67 10.58 10.45 10.30 10.12 9.93 9.73 9.52 9.31 9.10 8.93 8.81 8.74 8.70 8.71 8.75 8.83 8.95 9.10 9.27 9.48 9.68 9.89 10.09 10.28 10.47 10.65
10.11 9.75 9.44 9.17 8.93 8.74 8.59 8.48 8.41 8.38 8.38 8.39 8.40 8.39 8.36 8.33 8.29 8.25 8.21 8.17 8.15 8.14 8.14 8.17 8.20 8.23 8.25 8.27 8.28 8.29 8.30 8.31 8.31 8.30 8.30 8.29 8.28 8.27 8.29 8.35 8.45 8.58 8.74 8.93 9.15 9.40 9.68 9.97 10.29 10.61 10.87 11.05 11.16 11.19 11.16 11.08 10.95 10.78 10.57 10.34 10.09 9.82 9.54 9.28 9.05 8.88 8.75 8.66 8.62 8.62 8.66 8.73 8.84 8.99 9.16 9.36 9.56 9.76 9.96 10.16 10.34 10.52
10.20 9.84 9.53 9.27 9.05 8.87 8.73 8.64 8.59 8.58 8.60 8.63 8.64 8.62 8.60 8.56 8.52 8.48 8.43 8.40 8.37 8.35 8.36 8.38 8.41 8.43 8.45 8.46 8.47 8.48 8.49 8.49 8.48 8.48 8.47 8.46 8.46 8.49 8.55 8.65 8.79 8.95 9.14 9.36 9.60 9.87 10.16 10.46 10.79 11.11 11.37 11.54 11.62 11.64 11.58 11.46 11.29 11.07 10.81 10.51 10.19 9.85 9.52 9.24 9.00 8.82 8.68 8.59 8.53 8.53 8.56 8.62 8.73 8.87 9.04 9.23 9.43 9.63 9.83 10.02 10.20 10.37
10.30 9.96 9.66 9.42 9.21 9.05 8.94 8.87 8.85 8.86 8.88 8.89 8.89 8.88 8.85 8.81 8.77 8.72 8.68 8.64 8.61 8.59 8.59 8.61 8.63 8.65 8.66 8.68 8.68 8.69 8.69 8.68 8.68 8.67 8.66 8.66 8.69 8.76 8.86 9.00 9.17 9.36 9.57 9.81 10.07 10.35 10.65 10.96 11.28 11.61 11.85 12.01 12.07 12.06 11.97 11.81 11.59 11.31 10.99 10.63 10.24 9.85 9.49 9.20 8.95 8.75 8.60 8.50 8.44 8.42 8.45 8.51 8.61 8.74 8.91 9.10 9.29 9.49 9.68 9.86 10.04 10.22
10.43 10.11 9.83 9.60 9.42 9.29 9.21 9.17 9.17 9.18 9.18 9.18 9.17 9.16 9.13 9.09 9.04 8.99 8.94 8.90 8.86 8.84 8.84 8.85 8.87 8.89 8.90 8.91 8.91 8.91 8.91 8.90 8.89 8.88 8.88 8.91 8.97 9.08 9.22 9.38 9.58 9.79 10.03 10.28 10.55 10.84 11.14 11.45 11.78 12.09 12.33 12.46 12.50 12.45 12.32 12.11 11.84 11.51 11.13 10.70 10.25 9.84 9.47 9.16 8.90 8.69 8.53 8.41 8.34 8.32 8.33 8.39 8.48 8.61 8.77 8.95 9.14 9.33 9.52 9.70 9.88 10.05
10.59 10.29 10.04 9.84 9.69 9.59 9.54 9.53 9.53 9.53 9.51 9.50 9.48 9.45 9.42 9.38 9.33 9.28 9.22 9.18 9.14 9.12 9.11 9.12 9.13 9.15 9.15 9.16 9.16 9.15 9.15 9.14 9.13 9.12 9.15 9.21 9.31 9.44 9.61 9.80 10.01 10.25 10.50 10.77 11.05 11.34 11.64 11.94 12.26 12.56 12.78 12.88 12.89 12.81 12.63 12.38 12.05 11.66 11.20 10.73 10.27 9.84 9.46 9.13 8.85 8.62 8.45 8.32 8.25 8.21 8.22 8.26 8.35 8.47 8.62 8.80 8.99 9.17 9.35 9.53 9.70 9.87
10.78 10.51 10.29 10.13 10.01 9.95 9.94 9.93 9.92 9.90 9.87 9.84 9.81 9.77 9.73 9.69 9.64 9.58 9.53 9.48 9.44 9.41 9.40 9.40 9.42 9.42 9.43 9.43 9.42 9.42 9.41 9.39 9.39 9.41 9.47 9.57 9.70 9.85 10.04 10.24 10.47 10.72 10.98 11.26 11.54 11.83 12.12 12.42 12.72 13.01 13.20 13.28 13.25 13.12 12.90 12.59 12.20 11.74 11.24 10.76 10.29 9.86 9.46 9.11 8.81 8.56 8.37 8.23 8.15 8.10 8.10 8.13 8.21 8.32 8.47 8.65 8.83 9.01 9.18 9.35 9.52 9.68
11.01 10.77 10.59 10.47 10.40 10.38 10.36 10.34 10.32 10.28 10.25 10.21 10.16 10.12 10.07 10.02 9.96 9.91 9.85 9.80 9.75 9.72 9.71 9.71 9.72 9.72 9.72 9.72 9.71 9.70 9.69 9.68 9.70 9.76 9.85 9.97 10.12 10.30 10.50 10.72 10.95 11.21 11.48 11.75 12.03 12.31 12.60 12.88 13.16 13.43 13.59 13.64 13.57 13.39 13.12 12.75 12.30 11.79 11.29 10.80 10.33 9.89 9.48 9.11 8.79 8.52 8.30 8.15 8.05 7.99 7.98 8.01 8.07 8.18 8.32 8.49 8.66 8.83 9.00 9.17 9.33 9.48
11.27 11.08 10.94 10.87 10.84 10.82 10.80 10.77 10.73 10.69 10.64 10.59 10.54 10.49 10.43 10.37 10.31 10.25 10.19 10.14 10.09 10.06 10.04 10.04 10.04 10.04 10.04 10.03 10.02 10.01 10.00 10.02 10.07 10.16 10.27 10.42 10.58 10.77 10.98 11.21 11.45 11.70 11.97 12.24 12.51 12.79 13.05 13.32 13.58 13.82 13.95 13.96 13.84 13.61 13.28 12.85 12.36 11.85 11.35 10.86 10.39 9.94 9.52 9.14 8.79 8.50 8.25 8.07 7.95 7.88 7.86 7.88 7.93 8.03 8.17 8.33 8.49 8.66 8.82 8.98 9.14 9.28
11.57 11.43 11.35 11.32 11.30 11.27 11.24 11.20 11.15 11.10 11.05 10.99 10.93 10.87 10.81 10.75 10.68 10.62 10.56 10.50 10.45 10.41 10.39 10.38 10.38 10.38 10.37 10.36 10.35 10.34 10.36 10.41 10.49 10.60 10.74 10.90 11.07 11.27 11.49 11.72 11.96 12.20 12.46 12.72 12.98 13.24 13.49 13.73 13.96 14.17 14.26 14.23 14.06 13.78 13.38 12.92 12.43 11.93 11.44 10.95 10.47 10.02 9.58 9.18 8.82 8.50 8.23 8.02 7.86 7.77 7.74 7.75 7.80 7.89 8.01 8.16 8.32 8.48 8.64 8.79 8.94 9.08
11.92 11.84 11.80 11.78 11.75 11.72 11.68 11.63 11.58 11.52 11.47 11.40 11.34 11.27 11.21 11.14 11.07 11.01 10.94 10.88 10.83 10.79 10.76 10.75 10.75 10.74 10.73 10.72 10.71 10.72 10.77 10.85 10.95 11.08 11.23 11.40 11.59 11.79 12.01 12.23 12.47 12.71 12.95 13.19 13.43 13.67 13.89 14.11 14.31 14.48 14.53 14.44 14.23 13.88 13.46 12.99 12.52 12.03 11.54 11.06 10.58 10.11 9.67 9.26 8.88 8.53 8.24 7.99 7.81 7.68 7.63 7.62 7.66 7.74 7.86 8.00 8.15 8.30 8.45 8.60 8.74 8.87
12.32 12.28 12.26 12.24 12.20 12.16 12.12 12.06 12.01 11.95 11.89 11.82 11.75 11.68 11.62 11.55 11.48 11.41 11.35 11.29 11.23 11.19 11.16 11.14 11.14 11.13 11.11 11.10 11.12 11.16 11.24 11.33 11.46 11.60 11.76 11.93 12.12 12.33 12.54 12.75 12.98 13.20 13.42 13.65 13.86 14.07 14.27 14.45 14.61 14.74 14.74 14.61 14.33 13.96 13.54 13.10 12.63 12.16 11.68 11.19 10.71 10.24 9.79 9.36 8.96 8.60 8.28 8.01 7.79 7.62 7.53 7.50 7.53 7.60 7.71 7.84 7.99 8.13 8.27 8.41 8.54 8.66
12.76 12.74 12.71 12.68 12.64 12.60 12.55 12.49 12.43 12.37 12.31 12.24 12.17 12.10 12.03 11.96 11.90 11.83 11.77 11.71 11.65 11.61 11.57 11.56 11.55 11.53 11.52 11.53 11.58 11.65 11.74 11.85 11.99 12.14 12.31 12.48 12.67 12.87 13.07 13.28 13.48 13.68 13.88 14.08 14.26 14.44 14.60 14.74 14.86 14.95 14.90 14.71 14.40 14.04 13.65 13.23 12.78 12.31 11.84 11.36 10.88 10.40 9.94 9.50 9.09 8.70 8.36 8.05 7.80 7.60 7.47 7.40 7.41 7.46 7.56 7.69 7.82 7.95 8.09 8.21 8.33 8.45
13.19 13.17 13.14 13.11 13.07 13.02 12.97 12.91 12.85 12.79 12.72 12.66 12.59 12.52 12.45 12.39 12.32 12.26 12.20 12.15 12.09 12.05 12.01 11.99 11.98 11.97 11.98 12.02 12.08 12.17 12.28 12.41 12.55 12.70 12.87 13.05 13.23 13.41 13.60 13.79 13.97 14.15 14.32 14.49 14.64 14.77 14.89 14.99 15.06 15.09 14.99 14.77 14.49 14.16 13.79 13.39 12.95 12.50 12.03 11.56 11.08 10.60 10.13 9.68 9.25 8.84 8.47 8.14 7.86 7.63 7.45 7.34 7.30 7.34 7.42 7.54 7.66 7.78 7.91 8.02 8.14 8.25
13.60 13.58 13.55 13.51 13.47 13.42 13.37 13.32 13.26 13.20 13.13 13.07 13.00 12.94 12.87 12.81 12.75 12.69 12.64 12.59 12.55 12.51 12.47 12.45 12.44 12.45 12.49 12.55 12.63 12.73 12.85 12.99 13.13 13.29 13.45 13.62 13.79 13.96 14.13 14.29 14.45 14.60 14.74 14.86 14.97 15.06 15.13 15.18 15.20 15.18 15.06 14.86 14.61 14.31 13.96 13.58 13.17 12.73 12.27 11.79 11.32 10.83 10.36 9.90 9.45 9.03 8.63 8.28 7.96 7.69 7.48 7.33 7.24 7.23 7.29 7.39 7.51 7.62 7.73 7.84 7.95 8.05
14.00 13.98 13.95 13.91 13.87 13.82 13.77 13.71 13.66 13.60 13.54 13.48 13.42 13.36 13.30 13.24 13.19 13.13 13.09 13.04 13.01 12.98 12.95 12.93 12.93 12.97 13.03 13.11 13.20 13.31 13.44 13.57 13.72 13.87 14.02 14.18 14.33 14.48 14.63 14.77 14.90 15.01 15.11 15.20 15.26 15.30 15.32 15.32 15.28 15.22 15.13 14.97 14.75 14.48 14.16 13.80 13.40 12.98 12.53 12.06 11.58 11.10 10.62 10.15 9.69 9.25 8.83 8.45 8.11 7.80 7.55 7.36 7.23 7.16 7.17 7.25 7.35 7.45 7.56 7.66 7.76 7.85
14.45 14.42 14.39 14.35 14.31 14.26 14.21 14.15 14.10 14.04 13.98 13.92 13.86 13.80 13.75 13.70 13.64 13.60 13.56 13.52 13.49 13.46 13.43 13.39 13.38 13.44 13.51 13.61 13.72 13.84 13.97 14.10 14.25 14.39 14.54 14.68 14.82 14.95 15.07 15.18 15.28 15.36 15.42 15.47 15.49 15.48 15.44 15.38 15.30 15.23 15.15 15.02 14.84 14.61 14.32 13.98 13.60 13.20 12.76 12.30 11.83 11.35 10.87 10.39 9.92 9.46 9.03 8.62 8.25 7.92 7.64 7.41 7.23 7.12 7.07 7.07 7.14 7.24 7.33 7.43 7.52 7.61
14.98 14.94 14.91 14.86 14.81 14.76 14.71 14.65 14.59 14.53 14.47 14.41 14.35 14.29 14.24 14.18 14.13 14.09 14.05 14.01 13.98 13.95 13.90 13.83 13.79 13.83 13.92 14.03 14.15 14.28 14.42 14.56 14.70 14.84 14.97 15.10 15.23 15.34 15.44 15.52 15.59 15.64 15.66 15.66 15.64 15.58 15.50 15.39 15.29 15.20 15.11 15.00 14.86 14.66 14.40 14.09 13.75 13.36 12.94 12.50 12.03 11.56 11.08 10.60 10.12 9.65 9.21 8.78 8.39 8.03 7.72 7.45 7.24 7.08 6.96 6.89 6.89 6.96 7.05 7.14 7.23 7.31
15.57 15.54 15.49 15.44 15.38 15.32 15.26 15.20 15.14 15.07 15.01 14.94 14.88 14.82 14.76 14.70 14.65 14.60 14.56 14.53 14.49 14.43 14.34 14.24 14.18 14.18 14.26 14.38 14.51 14.65 14.79 14.94 15.08 15.21 15.34 15.46 15.56 15.66 15.73 15.79 15.83 15.84 15.83 15.79 15.72 15.61 15.49 15.37 15.26 15.16 15.05 14.93 14.80 14.64 14.42 14.14 13.82 13.46 13.07 12.64 12.19 11.73 11.25 10.77 10.29 9.82 9.37 8.93 8.52 8.14 7.80 7.50 7.24 7.02 6.83 6.70 6.64 6.64 6.71 6.80 6.89 6.97
16.22 16.19 16.14 16.07 16.01 15.94 15.87 15.80 15.73 15.65 15.58 15.51 15.44 15.37 15.31 15.25 15.19 15.14 15.09 15.04 14.97 14.87 14.75 14.63 14.54 14.51 14.55 14.65 14.80 14.95 15.09 15.24 15.38 15.51 15.63 15.73 15.82 15.90 15.95 15.98 15.99 15.97 15.92 15.84 15.73 15.59 15.46 15.33 15.21 15.09 14.96 14.83 14.69 14.54 14.36 14.12 13.84 13.51 13.14 12.73 12.30 11.85 11.39 10.91 10.44 9.96 9.50 9.05 8.63 8.23 7.87 7.53 7.23 6.95 6.70 6.51 6.38 6.33 6.34 6.41 6.50 6.59
16.91 16.89 16.84 16.77 16.69 16.61 16.53 16.44 16.36 16.28 16.19 16.11 16.03 15.95 15.88 15.81 15.75 15.69 15.63 15.54 15.43 15.29 15.15 15.00 14.88 14.83 14.83 14.89 15.01 15.16 15.32 15.47 15.61 15.73 15.84 15.94 16.02 16.07 16.10 16.11 16.09 16.03 15.95 15.83 15.68 15.54 15.40 15.27 15.13 15.00 14.86 14.71 14.55 14.40 14.23 14.03 13.79 13.49 13.15 12.77 12.36 11.93 11.48 11.02 10.55 10.08 9.61 9.16 8.72 8.31 7.92 7.55 7.19 6.86 6.56 6.31 6.13 6.02 5.98 6.00 6.08 6.17
17.64 17.62 17.58 17.51 17.42 17.33 17.23 17.13 17.03 16.93 16.84 16.74 16.65 16.56 16.48 16.40 16.32 16.24 16.14 16.01 15.86 15.69 15.52 15.34 15.21 15.12 15.09 15.11 15.19 15.32 15.47 15.62 15.76 15.88 15.99 16.07 16.14 16.17 16.18 16.16 16.11 16.03 15.91 15.76 15.61 15.47 15.32 15.18 15.03 14.88 14.73 14.57 14.40 14.23 14.06 13.88 13.67 13.41 13.10 12.75 12.37 11.96 11.53 11.08 10.62 10.16 9.70 9.24 8.80 8.37 7.95 7.53 7.13 6.76 6.42 6.12 5.89 5.73 5.64 5.61 5.64 5.72
18.39 18.38 18.35 18.29 18.20 18.09 17.97 17.85 17.74 17.62 17.51 17.40 17.29 17.19 17.09 17.00 16.90 16.77 16.62 16.45 16.26 16.06 15.86 15.67 15.51 15.40 15.34 15.32 15.36 15.44 15.56 15.71 15.85 15.97 16.07 16.14 16.19 16.21 16.20 16.15 16.07 15.96 15.82 15.67 15.52 15.37 15.22 15.07 14.91 14.75 14.59 14.41 14.23 14.05 13.86 13.67 13.48 13.26 12.99 12.68 12.33 11.95 11.54 11.11 10.66 10.21 9.75 9.30 8.85 8.39 7.94 7.49 7.06 6.65 6.26 5.92 5.64 5.44 5.31 5.23 5.22 5.27
19.16 19.16 19.14 19.08 18.99 18.88 18.75 18.61 18.48 18.34 18.21 18.08 17.96 17.84 17.72 17.60 17.45 17.27 17.07 16.86 16.63 16.41 16.19 15.98 15.80 15.66 15.57 15.52 15.51 15.54 15.62 15.74 15.87 15.99 16.08 16.14 16.18 16.18 16.15 16.08 15.97 15.84 15.70 15.55 15.41 15.26 15.10 14.94 14.78 14.60 14.42 14.24 14.05 13.85 13.65 13.45 13.25 13.05 12.82 12.55 12.23 11.88 11.49 11.09 10.66 10.22 9.78 9.32 8.86 8.38 7.90 7.43 6.97 6.52 6.10 5.72 5.40 5.16 4.99 4.88 4.83 4.84
19.94 19.96 19.93 19.88 19.80 19.69 19.56 19.40 19.24 19.09 18.93 18.78 18.64 18.49 18.34 18.17 17.97 17.74 17.50 17.24 16.98 16.73 16.49 16.26 16.07 15.91 15.79 15.70 15.65 15.64 15.67 15.73 15.83 15.94 16.02 16.08 16.10 16.08 16.03 15.94 15.82 15.69 15.56 15.42 15.27 15.12 14.96 14.80 14.62 14.44 14.24 14.05 13.84 13.64 13.43 13.22 13.01 12.80 12.59 12.35 12.08 11.76 11.41 11.03 10.62 10.20 9.76 9.30 8.82 8.33 7.83 7.34 6.85 6.38 5.93 5.51 5.17 4.90 4.69 4.55 4.47 4.44
20.73 20.75 20.74 20.69 20.61 20.51 20.37 20.21 20.03 19.85 19.67 19.50 19.33 19.15 18.94 18.71 18.45 18.17 17.89 17.60 17.31 17.03 16.77 16.53 16.32 16.14 15.99 15.87 15.79 15.73 15.71 15.72 15.76 15.83 15.90 15.95 15.96 15.93 15.85 15.75 15.64 15.52 15.40 15.26 15.12 14.97 14.81 14.63 14.45 14.25 14.05 13.84 13.63 13.41 13.19 12.97 12.75 12.53 12.32 12.10 11.86 11.58 11.27 10.92 10.54 10.13 9.70 9.23 8.75 8.25 7.74 7.23 6.72 6.23 5.75 5.31 4.94 4.64 4.40 4.24 4.13 4.08
21.52 21.54 21.53 21.49 21.42 21.32 21.18 21.02 20.84 20.63 20.42 20.22 20.01 19.77 19.51 19.21 18.90 18.58 18.25 17.93 17.61 17.31 17.03 16.77 16.55 16.35 16.18 16.03 15.91 15.82 15.75 15.71 15.69 15.70 15.73 15.76 15.75 15.71 15.63 15.54 15.44 15.34 15.22 15.09 14.95 14.80 14.63 14.45 14.26 14.06 13.84 13.62 13.40 13.17 12.94 12.71 12.48 12.25 12.03 11.81 11.59 11.35 11.07 10.76 10.41 10.01 9.58 9.12 8.63 8.13 7.61 7.09 6.57 6.06 5.57 5.10 4.71 4.39 4.13 3.94 3.82 3.75
22.29 22.32 22.32 22.28 22.21 22.11 21.98 21.82 21.63 21.42 21.19 20.94 20.67 20.36 20.03 19.68 19.32 18.96 18.59 18.23 17.89 17.56 17.27 17.00 16.76 16.55 16.35 16.18 16.03 15.89 15.78 15.69 15.62 15.56 15.53 15.51 15.49 15.44 15.38 15.31 15.22 15.13 15.02 14.90 14.76 14.61 14.44 14.26 14.06 13.84 13.62 13.39 13.16 12.92 12.68 12.44 12.20 11.97 11.74 11.51 11.29 11.07 10.83 10.54 10.21 9.83 9.41 8.95 8.47 7.97 7.46 6.93 6.41 5.89 5.38 4.90 4.49 4.15 3.88 3.67 3.53 3.45
23.04 23.08 23.09 23.05 22.99 22.89 22.76 22.60 22.41 22.19 21.94 21.63 21.29 20.92 20.53 20.12 19.71 19.30 18.90 18.51 18.14 17.79 17.48 17.21 16.96 16.73 16.52 16.32 16.13 15.96 15.81 15.67 15.54 15.43 15.33 15.25 15.19 15.15 15.11 15.06 14.99 14.90 14.80 14.69 14.56 14.41 14.24 14.05 13.84 13.62 13.38 13.15 12.90 12.66 12.41 12.16 11.92 11.68 11.44 11.20 10.97 10.75 10.52 10.26 9.95 9.59 9.19 8.75 8.28 7.78 7.27 6.75 6.22 5.70 5.18 4.69 4.27 3.92 3.64 3.43 3.27 3.18
23.77 23.82 23.83 23.80 23.74 23.64 23.51 23.35 23.16 22.93 22.64 22.28 21.87 21.43 20.98 20.53 20.07 19.62 19.18 18.76 18.37 18.01 17.68 17.40 17.15 16.90 16.67 16.44 16.23 16.02 15.83 15.64 15.47 15.30 15.14 15.00 14.90 14.85 14.82 14.79 14.73 14.66 14.57 14.46 14.34 14.19 14.02 13.83 13.62 13.38 13.14 12.89 12.64 12.39 12.13 11.88 11.62 11.37 11.13 10.89 10.65 10.41 10.17 9.91 9.63 9.29 8.91 8.49 8.04 7.56 7.06 6.54 6.02 5.50 4.98 4.48 4.05 3.70 3.42 3.20 3.04 2.95
24.47 24.52 24.54 24.51 24.45 24.36 24.23 24.07 23.86 23.59 23.26 22.86 22.40 21.91 21.41 20.90 20.40 19.91 19.44 18.99 18.57 18.20 17.86 17.58 17.32 17.06 16.81 16.56 16.32 16.08 15.85 15.62 15.39 15.17 14.96 14.79 14.66 14.57 14.53 14.50 14.46 14.40 14.33 14.23 14.10 13.96 13.79 13.59 13.38 13.13 12.88 12.63 12.37 12.11 11.84 11.58 11.32 11.07 10.81 10.57 10.32 10.06 9.80 9.52 9.25 8.94 8.59 8.19 7.76 7.30 6.82 6.31 5.80 5.28 4.77 4.27 3.85 3.49 3.21 3.00 2.84 2.75
25.13 25.19 25.20 25.18 25.12 25.03 24.90 24.73 24.48 24.17 23.79 23.36 22.88 22.35 21.80 21.24 20.70 20.17 19.66 19.19 18.76 18.36 18.02 17.73 17.47 17.20 16.94 16.67 16.40 16.13 15.86 15.59 15.32 15.05 14.82 14.62 14.46 14.34 14.25 14.21 14.18 14.13 14.07 13.97 13.86 13.71 13.54 13.35 13.12 12.88 12.62 12.35 12.09 11.82 11.55 11.28 11.02 10.76 10.50 10.24 9.97 9.69 9.41 9.12 8.83 8.53 8.21 7.85 7.45 7.01 6.55 6.06 5.56 5.06 4.55 4.06 3.64 3.30 3.02 2.81 2.67 2.58
25.74 25.80 25.82 25.80 25.75 25.65 25.51 25.30 25.02 24.66 24.25 23.79 23.28 22.73 22.15 21.55 20.96 20.40 19.87 19.37 18.92 18.51 18.17 17.88 17.61 17.33 17.05 16.77 16.48 16.18 15.87 15.56 15.25 14.97 14.72 14.49 14.30 14.14 14.02 13.93 13.88 13.85 13.79 13.71 13.60 13.46 13.29 13.09 12.86 12.61 12.34 12.07 11.80 11.52 11.25 10.98 10.71 10.44 10.17 9.89 9.60 9.31 9.01 8.71 8.40 8.10 7.79 7.46 7.09 6.68 6.25 5.79 5.31 4.82 4.33 3.85 3.45 3.11 2.85 2.65 2.52 2.45
26.29 26.36 26.38 26.37 26.31 26.21 26.03 25.78 25.45 25.06 24.62 24.13 23.60 23.03 22.44 21.82 21.20 20.61 20.05 19.53 19.06 18.64 18.29 18.00 17.73 17.45 17.16 16.86 16.54 16.22 15.88 15.54 15.22 14.93 14.65 14.41 14.19 14.00 13.84 13.71 13.62 13.56 13.51 13.43 13.33 13.19 13.03 12.83 12.60 12.33 12.06 11.78 11.51 11.23 10.95 10.67 10.39 10.11 9.82 9.53 9.22 8.92 8.60 8.29 7.97 7.66 7.34 7.03 6.70 6.33 5.92 5.49 5.04 4.57 4.10 3.64 3.25 2.94 2.69 2.52 2.40 2.35
26.79 26.86 26.88 26.87 26.80 26.66 26.44 26.15 25.79 25.37 24.90 24.39 23.84 23.26 22.65 22.03 21.41 20.79 20.20 19.66 19.18 18.75 18.40 18.11 17.84 17.56 17.26 16.94 16.61 16.26 15.90 15.55 15.23 14.92 14.63 14.36 14.12 13.90 13.71 13.54 13.40 13.29 13.22 13.15 13.05 12.92 12.76 12.56 12.32 12.05 11.77 11.49 11.21 10.92 10.64 10.35 10.07 9.77 9.47 9.16 8.84 8.52 8.19 7.87 7.54 7.22 6.90 6.58 6.26 5.93 5.57 5.17 4.75 4.32 3.87 3.43 3.07 2.78 2.56 2.40 2.31 2.28
