data_processed/recharge/precip/Precip_2003_01.asc
ncols        168
nrows        136
xllcorner    455000
yllcorner    2107000
cellsize     500
NODATA_value     -99999
[rows 76 to 113 of 136, columns 84 to 167 of 168]
0.63 0.60 0.57 0.55 0.52 0.50 0.47 0.45 0.43 0.42 0.40 0.39 0.38 0.37 0.35 0.34 0.32 0.31 0.30 0.29 0.29 0.28 0.28 0.27 0.26 0.25 0.24 0.22 0.21 0.20 0.18 0.17 0.15 0.14 0.12 0.11 0.09 0.08 0.07 0.07 0.06 0.06 0.07 0.07 0.08 0.08 0.09 0.10 0.11 0.12 0.12 0.13 0.14 0.14 0.15 0.15 0.16 0.16 0.16 0.17 0.17 0.17 0.17 0.17 0.17 0.16 0.15 0.14 0.13 0.13 0.12 0.11 0.09 0.08 0.08 0.07 0.06 0.05 0.04 0.03 0.03 0.02 0.02 0.01
0.66 0.63 0.61 0.58 0.56 0.53 0.51 0.48 0.46 0.44 0.43 0.42 0.40 0.39 0.37 0.36 0.34 0.33 0.32 0.31 0.30 0.30 0.29 0.28 0.26 0.25 0.24 0.22 0.21 0.19 0.18 0.16 0.15 0.13 0.12 0.10 0.09 0.08 0.07 0.06 0.06 0.06 0.07 0.07 0.08 0.09 0.10 0.10 0.11 0.12 0.13 0.13 0.14 0.14 0.15 0.15 0.16 0.16 0.16 0.16 0.16 0.17 0.16 0.16 0.16 0.15 0.15 0.14 0.13 0.12 0.11 0.10 0.09 0.08 0.07 0.06 0.05 0.05 0.04 0.03 0.03 0.02 0.01 0.01
0.69 0.67 0.64 0.62 0.59 0.57 0.54 0.52 0.49 0.47 0.46 0.44 0.42 0.41 0.40 0.38 0.36 0.35 0.34 0.33 0.32 0.31 0.29 0.28 0.26 0.25 0.23 0.22 0.20 0.18 0.17 0.15 0.14 0.12 0.11 0.10 0.08 0.07 0.07 0.06 0.06 0.06 0.07 0.08 0.08 0.09 0.10 0.11 0.11 0.12 0.13 0.13 0.14 0.14 0.15 0.15 0.15 0.16 0.16 0.16 0.16 0.16 0.16 0.16 0.15 0.15 0.14 0.13 0.12 0.11 0.11 0.10 0.09 0.08 0.07 0.06 0.05 0.05 0.04 0.03 0.03 0.02 0.01 0.01
0.72 0.70 0.68 0.65 0.63 0.60 0.58 0.55 0.53 0.50 0.48 0.46 0.45 0.43 0.41 0.40 0.38 0.37 0.35 0.34 0.32 0.31 0.29 0.28 0.26 0.24 0.22 0.21 0.19 0.17 0.15 0.14 0.12 0.11 0.10 0.08 0.08 0.07 0.06 0.06 0.06 0.06 0.07 0.08 0.09 0.09 0.10 0.11 0.12 0.12 0.13 0.13 0.14 0.14 0.15 0.15 0.15 0.16 0.16 0.16 0.16 0.16 0.15 0.15 0.15 0.14 0.14 0.13 0.12 0.11 0.10 0.09 0.08 0.08 0.07 0.06 0.05 0.04 0.04 0.03 0.03 0.02 0.01 0.01
0.76 0.74 0.72 0.69 0.67 0.64 0.62 0.59 0.56 0.54 0.51 0.49 0.47 0.45 0.43 0.41 0.40 0.38 0.36 0.35 0.33 0.31 0.29 0.27 0.25 0.23 0.21 0.19 0.17 0.15 0.14 0.12 0.11 0.09 0.08 0.07 0.06 0.06 0.05 0.05 0.05 0.06 0.07 0.08 0.09 0.09 0.10 0.11 0.12 0.12 0.13 0.13 0.14 0.14 0.15 0.15 0.15 0.15 0.15 0.15 0.15 0.15 0.15 0.15 0.14 0.14 0.13 0.12 0.11 0.10 0.10 0.09 0.08 0.07 0.07 0.06 0.05 0.04 0.04 0.03 0.03 0.02 0.02 0.01
0.80 0.78 0.76 0.73 0.71 0.68 0.65 0.63 0.60 0.57 0.54 0.52 0.49 0.47 0.45 0.43 0.41 0.39 0.37 0.35 0.32 0.30 0.28 0.26 0.24 0.21 0.19 0.17 0.15 0.13 0.12 0.10 0.09 0.07 0.06 0.06 0.05 0.05 0.04 0.05 0.05 0.06 0.07 0.08 0.09 0.09 0.10 0.11 0.12 0.12 0.13 0.13 0.14 0.14 0.14 0.15 0.15 0.15 0.15 0.15 0.15 0.15 0.14 0.14 0.14 0.13 0.12 0.12 0.11 0.10 0.09 0.09 0.08 0.07 0.06 0.06 0.05 0.04 0.04 0.03 0.03 0.02 0.02 0.01
0.83 0.82 0.80 0.77 0.75 0.72 0.70 0.67 0.64 0.61 0.58 0.55 0.52 0.49 0.46 0.44 0.41 0.39 0.36 0.34 0.31 0.29 0.26 0.24 0.22 0.19 0.17 0.15 0.13 0.11 0.09 0.08 0.06 0.05 0.04 0.04 0.03 0.03 0.03 0.04 0.04 0.05 0.06 0.07 0.08 0.09 0.10 0.11 0.11 0.12 0.13 0.13 0.13 0.14 0.14 0.14 0.15 0.15 0.15 0.15 0.15 0.14 0.14 0.14 0.13 0.12 0.12 0.11 0.10 0.10 0.09 0.08 0.08 0.07 0.06 0.06 0.05 0.04 0.04 0.03 0.03 0.02 0.02 0.01
0.86 0.85 0.83 0.81 0.79 0.76 0.73 0.70 0.67 0.64 0.61 0.57 0.54 0.51 0.48 0.44 0.41 0.38 0.36 0.33 0.30 0.27 0.24 0.22 0.19 0.17 0.14 0.12 0.10 0.08 0.07 0.05 0.04 0.03 0.02 0.02 0.02 0.02 0.02 0.03 0.04 0.05 0.06 0.07 0.08 0.09 0.09 0.10 0.11 0.12 0.12 0.13 0.13 0.14 0.14 0.14 0.14 0.14 0.14 0.14 0.14 0.14 0.13 0.13 0.12 0.12 0.12 0.11 0.11 0.10 0.10 0.09 0.08 0.08 0.07 0.06 0.06 0.05 0.04 0.04 0.03 0.03 0.02 0.02
0.88 0.87 0.86 0.84 0.81 0.79 0.76 0.73 0.70 0.67 0.63 0.60 0.56 0.52 0.49 0.45 0.41 0.37 0.34 0.31 0.28 0.25 0.22 0.19 0.16 0.14 0.11 0.09 0.07 0.05 0.04 0.03 0.01 0.01 0.00 0.00 0.00 0.01 0.01 0.03 0.04 0.04 0.05 0.06 0.07 0.08 0.09 0.10 0.11 0.11 0.12 0.12 0.13 0.13 0.13 0.14 0.14 0.14 0.14 0.14 0.14 0.13 0.13 0.12 0.12 0.12 0.12 0.12 0.12 0.11 0.11 0.10 0.09 0.09 0.08 0.07 0.07 0.06 0.05 0.05 0.04 0.03 0.03 0.02
0.90 0.89 0.87 0.86 0.84 0.81 0.78 0.75 0.72 0.69 0.65 0.61 0.58 0.53 0.49 0.44 0.40 0.35 0.32 0.28 0.25 0.22 0.19 0.16 0.13 0.11 0.08 0.06 0.04 0.03 0.01 0.00 0.00 0.00 0.00 0.00 0.00 0.00 0.01 0.02 0.03 0.04 0.05 0.06 0.07 0.08 0.08 0.09 0.10 0.11 0.11 0.12 0.12 0.13 0.13 0.13 0.13 0.13 0.13 0.13 0.13 0.13 0.12 0.12 0.12 0.12 0.12 0.13 0.13 0.13 0.13 0.12 0.11 0.10 0.10 0.09 0.08 0.07 0.07 0.06 0.05 0.05 0.04 0.03
0.90 0.89 0.88 0.87 0.85 0.83 0.80 0.77 0.74 0.70 0.67 0.63 0.58 0.54 0.49 0.43 0.38 0.33 0.29 0.25 0.22 0.19 0.15 0.13 0.10 0.07 0.05 0.03 0.01 0.00 0.00 0.00 0.00 0.00 0.00 0.00 0.00 0.00 0.01 0.02 0.03 0.03 0.04 0.05 0.06 0.07 0.08 0.09 0.09 0.10 0.11 0.11 0.12 0.12 0.12 0.13 0.13 0.13 0.13 0.13 0.12 0.12 0.12 0.11 0.12 0.12 0.13 0.14 0.15 0.15 0.15 0.14 0.14 0.13 0.12 0.11 0.10 0.09 0.08 0.08 0.07 0.06 0.05 0.04
0.89 0.89 0.89 0.88 0.86 0.84 0.81 0.78 0.75 0.72 0.68 0.64 0.59 0.54 0.48 0.42 0.37 0.31 0.26 0.22 0.18 0.15 0.12 0.09 0.06 0.04 0.02 0.00 0.00 0.00 0.00 0.00 0.00 0.00 0.00 0.00 0.00 0.00 0.00 0.01 0.02 0.03 0.04 0.05 0.06 0.06 0.07 0.08 0.09 0.10 0.10 0.11 0.11 0.11 0.12 0.12 0.12 0.12 0.12 0.12 0.12 0.11 0.11 0.12 0.12 0.13 0.15 0.16 0.17 0.17 0.18 0.17 0.16 0.15 0.14 0.13 0.12 0.11 0.10 0.09 0.08 0.07 0.06 0.05
0.88 0.88 0.88 0.87 0.86 0.84 0.82 0.79 0.76 0.72 0.68 0.64 0.58 0.53 0.47 0.41 0.35 0.29 0.24 0.19 0.15 0.11 0.08 0.05 0.03 0.00 0.00 0.00 0.00 0.00 0.00 0.00 0.00 0.00 0.00 0.00 0.00 0.00 0.00 0.01 0.01 0.02 0.03 0.04 0.05 0.06 0.07 0.07 0.08 0.09 0.10 0.10 0.10 0.11 0.11 0.11 0.11 0.11 0.11 0.11 0.11 0.11 0.11 0.12 0.13 0.15 0.16 0.18 0.19 0.20 0.20 0.20 0.20 0.19 0.18 0.16 0.15 0.14 0.13 0.11 0.10 0.09 0.08 0.06
0.86 0.87 0.87 0.86 0.85 0.84 0.82 0.79 0.76 0.72 0.68 0.63 0.58 0.52 0.45 0.39 0.32 0.26 0.21 0.16 0.11 0.08 0.04 0.01 0.00 0.00 0.00 0.00 0.00 0.00 0.00 0.00 0.00 0.00 0.00 0.00 0.00 0.00 0.00 0.00 0.01 0.02 0.03 0.03 0.04 0.05 0.06 0.07 0.08 0.08 0.09 0.09 0.10 0.10 0.10 0.11 0.11 0.11 0.11 0.10 0.11 0.11 0.12 0.13 0.14 0.16 0.18 0.20 0.21 0.22 0.23 0.23 0.23 0.22 0.21 0.20 0.18 0.17 0.15 0.14 0.12 0.11 0.09 0.08
0.83 0.84 0.85 0.85 0.84 0.83 0.81 0.79 0.76 0.72 0.67 0.62 0.56 0.50 0.44 0.37 0.30 0.24 0.18 0.13 0.08 0.04 0.01 0.00 0.00 0.00 0.00 0.00 0.00 0.00 0.00 0.00 0.00 0.00 0.00 0.00 0.00 0.00 0.00 0.00 0.00 0.01 0.02 0.03 0.04 0.05 0.05 0.06 0.07 0.08 0.08 0.09 0.09 0.10 0.10 0.10 0.10 0.10 0.10 0.10 0.11 0.12 0.13 0.14 0.16 0.18 0.20 0.22 0.23 0.24 0.25 0.26 0.26 0.26 0.25 0.23 0.21 0.20 0.18 0.16 0.14 0.12 0.11 0.09
0.79 0.81 0.82 0.83 0.82 0.81 0.80 0.77 0.74 0.70 0.66 0.60 0.54 0.48 0.41 0.34 0.27 0.21 0.15 0.10 0.05 0.01 0.00 0.00 0.00 0.00 0.00 0.00 0.00 0.00 0.00 0.00 0.00 0.00 0.00 0.00 0.00 0.00 0.00 0.00 0.00 0.01 0.01 0.02 0.03 0.04 0.05 0.05 0.06 0.07 0.08 0.08 0.08 0.09 0.09 0.09 0.09 0.09 0.10 0.10 0.11 0.12 0.14 0.16 0.18 0.20 0.22 0.24 0.25 0.27 0.28 0.29 0.29 0.29 0.28 0.27 0.25 0.23 0.21 0.19 0.17 0.14 0.12 0.10
0.74 0.77 0.79 0.80 0.80 0.79 0.78 0.75 0.72 0.68 0.64 0.58 0.52 0.46 0.39 0.32 0.25 0.18 0.12 0.07 0.02 0.00 0.00 0.00 0.00 0.00 0.00 0.00 0.00 0.00 0.00 0.00 0.00 0.00 0.00 0.00 0.00 0.00 0.00 0.00 0.00 0.00 0.01 0.02 0.02 0.03 0.04 0.05 0.06 0.06 0.07 0.07 0.08 0.08 0.08 0.09 0.09 0.09 0.10 0.11 0.12 0.14 0.15 0.17 0.19 0.21 0.24 0.26 0.27 0.29 0.30 0.31 0.32 0.32 0.31 0.30 0.28 0.26 0.24 0.21 0.19 0.16 0.14 0.11
0.69 0.72 0.74 0.76 0.76 0.76 0.75 0.73 0.69 0.66 0.61 0.56 0.50 0.43 0.36 0.29 0.22 0.15 0.09 0.04 0.00 0.00 0.00 0.00 0.00 0.00 0.00 0.00 0.00 0.00 0.00 0.00 0.00 0.00 0.00 0.00 0.00 0.00 0.00 0.00 0.00 0.00 0.00 0.01 0.02 0.03 0.03 0.04 0.05 0.06 0.06 0.07 0.07 0.07 0.08 0.08 0.08 0.09 0.10 0.12 0.13 0.15 0.17 0.19 0.21 0.23 0.26 0.28 0.29 0.31 0.32 0.33 0.34 0.34 0.34 0.33 0.32 0.29 0.27 0.24 0.21 0.18 0.15 0.13
0.64 0.67 0.69 0.71 0.72 0.72 0.71 0.69 0.66 0.62 0.58 0.53 0.47 0.40 0.34 0.26 0.19 0.13 0.07 0.02 0.00 0.00 0.00 0.00 0.00 0.00 0.00 0.00 0.00 0.00 0.00 0.00 0.00 0.00 0.00 0.00 0.00 0.00 0.00 0.00 0.00 0.00 0.00 0.00 0.01 0.02 0.03 0.04 0.04 0.05 0.06 0.06 0.06 0.07 0.07 0.08 0.09 0.10 0.11 0.13 0.15 0.17 0.19 0.21 0.23 0.25 0.27 0.29 0.31 0.33 0.34 0.35 0.36 0.36 0.36 0.35 0.34 0.32 0.30 0.27 0.23 0.20 0.17 0.14
0.58 0.61 0.64 0.66 0.67 0.67 0.67 0.65 0.62 0.59 0.54 0.49 0.44 0.37 0.31 0.24 0.17 0.10 0.04 0.00 0.00 0.00 0.00 0.00 0.00 0.00 0.00 0.00 0.00 0.00 0.00 0.00 0.00 0.00 0.00 0.00 0.00 0.00 0.00 0.00 0.00 0.00 0.00 0.00 0.01 0.01 0.02 0.03 0.04 0.04 0.05 0.05 0.06 0.06 0.07 0.08 0.09 0.11 0.13 0.14 0.17 0.19 0.21 0.23 0.25 0.27 0.29 0.31 0.33 0.34 0.36 0.37 0.38 0.38 0.38 0.37 0.36 0.34 0.32 0.29 0.25 0.22 0.18 0.15
0.53 0.56 0.58 0.60 0.61 0.62 0.61 0.60 0.58 0.54 0.50 0.45 0.40 0.34 0.28 0.21 0.14 0.08 0.02 0.00 0.00 0.00 0.00 0.00 0.00 0.00 0.00 0.00 0.00 0.00 0.00 0.00 0.00 0.00 0.00 0.00 0.00 0.00 0.00 0.00 0.00 0.00 0.00 0.00 0.00 0.01 0.02 0.02 0.03 0.04 0.04 0.05 0.05 0.06 0.07 0.09 0.10 0.12 0.14 0.16 0.18 0.21 0.23 0.25 0.27 0.29 0.31 0.33 0.34 0.36 0.37 0.38 0.39 0.39 0.39 0.38 0.37 0.36 0.34 0.31 0.28 0.24 0.20 0.16
0.47 0.50 0.52 0.54 0.55 0.56 0.56 0.54 0.52 0.50 0.46 0.41 0.36 0.31 0.24 0.18 0.11 0.05 0.00 0.00 0.00 0.00 0.00 0.00 0.00 0.00 0.00 0.00 0.00 0.00 0.00 0.00 0.00 0.00 0.00 0.00 0.00 0.00 0.00 0.00 0.00 0.00 0.00 0.00 0.00 0.00 0.01 0.02 0.02 0.03 0.04 0.04 0.05 0.06 0.08 0.10 0.12 0.14 0.16 0.18 0.20 0.23 0.25 0.27 0.29 0.31 0.33 0.34 0.35 0.37 0.38 0.39 0.39 0.40 0.39 0.39 0.38 0.36 0.34 0.32 0.29 0.25 0.22 0.18
0.42 0.44 0.46 0.47 0.48 0.49 0.49 0.48 0.47 0.44 0.41 0.37 0.33 0.27 0.21 0.15 0.09 0.03 0.00 0.00 0.00 0.00 0.00 0.00 0.00 0.00 0.00 0.00 0.00 0.00 0.00 0.00 0.00 0.00 0.00 0.00 0.00 0.00 0.00 0.00 0.00 0.00 0.00 0.00 0.00 0.00 0.01 0.01 0.02 0.03 0.03 0.04 0.05 0.07 0.09 0.11 0.13 0.15 0.18 0.20 0.22 0.25 0.27 0.29 0.31 0.33 0.34 0.35 0.36 0.37 0.38 0.39 0.39 0.40 0.39 0.39 0.38 0.36 0.35 0.32 0.30 0.27 0.23 0.19
0.36 0.38 0.39 0.41 0.42 0.42 0.42 0.42 0.41 0.39 0.36 0.33 0.29 0.24 0.18 0.12 0.07 0.02 0.00 0.00 0.00 0.00 0.00 0.00 0.00 0.00 0.00 0.00 0.00 0.00 0.00 0.00 0.00 0.00 0.00 0.00 0.00 0.00 0.00 0.00 0.00 0.00 0.00 0.00 0.00 0.00 0.00 0.01 0.01 0.02 0.03 0.04 0.06 0.08 0.10 0.13 0.15 0.17 0.20 0.22 0.25 0.27 0.29 0.31 0.32 0.34 0.35 0.36 0.37 0.37 0.38 0.39 0.39 0.39 0.39 0.38 0.37 0.36 0.34 0.32 0.30 0.27 0.24 0.20
0.30 0.32 0.33 0.34 0.35 0.35 0.35 0.35 0.35 0.33 0.31 0.28 0.24 0.20 0.15 0.10 0.05 0.00 0.00 0.00 0.00 0.00 0.00 0.00 0.00 0.00 0.00 0.00 0.00 0.00 0.00 0.00 0.00 0.00 0.00 0.00 0.00 0.00 0.00 0.00 0.00 0.00 0.00 0.00 0.00 0.00 0.00 0.00 0.01 0.02 0.03 0.05 0.07 0.09 0.12 0.14 0.17 0.19 0.22 0.24 0.27 0.29 0.31 0.32 0.34 0.35 0.36 0.36 0.37 0.37 0.37 0.38 0.38 0.38 0.37 0.36 0.36 0.34 0.33 0.31 0.29 0.26 0.24 0.20
0.24 0.26 0.27 0.28 0.28 0.29 0.29 0.29 0.28 0.27 0.26 0.23 0.20 0.17 0.12 0.08 0.03 0.00 0.00 0.00 0.00 0.00 0.00 0.00 0.00 0.00 0.00 0.00 0.00 0.00 0.00 0.00 0.00 0.00 0.00 0.00 0.00 0.00 0.00 0.00 0.00 0.00 0.00 0.00 0.00 0.00 0.00 0.00 0.01 0.02 0.04 0.06 0.09 0.11 0.14 0.16 0.19 0.22 0.24 0.26 0.29 0.31 0.32 0.34 0.35 0.36 0.36 0.36 0.36 0.36 0.36 0.36 0.36 0.36 0.35 0.34 0.33 0.32 0.31 0.29 0.27 0.25 0.23 0.20
0.18 0.19 0.21 0.21 0.22 0.22 0.23 0.22 0.22 0.21 0.20 0.19 0.16 0.13 0.10 0.05 0.01 0.00 0.00 0.00 0.00 0.00 0.00 0.00 0.00 0.00 0.00 0.00 0.00 0.00 0.00 0.00 0.00 0.00 0.00 0.00 0.00 0.00 0.00 0.00 0.00 0.00 0.00 0.00 0.00 0.00 0.00 0.00 0.01 0.03 0.05 0.08 0.10 0.13 0.16 0.18 0.21 0.24 0.26 0.28 0.31 0.32 0.34 0.35 0.36 0.36 0.36 0.35 0.35 0.35 0.34 0.34 0.33 0.33 0.32 0.31 0.30 0.29 0.28 0.27 0.25 0.23 0.21 0.19
0.12 0.14 0.15 0.15 0.16 0.16 0.16 0.16 0.16 0.16 0.15 0.14 0.12 0.10 0.07 0.04 0.00 0.00 0.00 0.00 0.00 0.00 0.00 0.00 0.00 0.00 0.00 0.00 0.00 0.00 0.00 0.00 0.00 0.00 0.00 0.00 0.00 0.00 0.00 0.00 0.00 0.00 0.00 0.00 0.00 0.00 0.00 0.00 0.02 0.04 0.07 0.09 0.12 0.15 0.18 0.20 0.23 0.26 0.28 0.30 0.32 0.34 0.35 0.36 0.36 0.36 0.35 0.34 0.33 0.33 0.32 0.31 0.30 0.29 0.29 0.28 0.27 0.26 0.24 0.23 0.22 0.20 0.19 0.17
0.07 0.08 0.09 0.10 0.10 0.11 0.11 0.11 0.11 0.10 0.10 0.09 0.08 0.07 0.05 0.02 0.00 0.00 0.00 0.00 0.00 0.00 0.00 0.00 0.00 0.00 0.00 0.00 0.00 0.00 0.00 0.00 0.00 0.00 0.00 0.00 0.00 0.00 0.00 0.00 0.00 0.00 0.00 0.00 0.00 0.00 0.00 0.01 0.03 0.06 0.08 0.11 0.14 0.17 0.20 0.22 0.25 0.28 0.30 0.32 0.34 0.35 0.36 0.36 0.36 0.35 0.34 0.33 0.31 0.30 0.29 0.27 0.26 0.25 0.24 0.23 0.22 0.21 0.20 0.19 0.18 0.17 0.15 0.14
0.02 0.03 0.03 0.04 0.05 0.05 0.06 0.06 0.06 0.06 0.06 0.05 0.05 0.04 0.03 0.01 0.00 0.00 0.00 0.00 0.00 0.00 0.00 0.00 0.00 0.00 0.00 0.00 0.00 0.00 0.00 0.00 0.00 0.00 0.00 0.00 0.00 0.00 0.00 0.00 0.00 0.00 0.00 0.00 0.00 0.00 0.00 0.02 0.05 0.07 0.10 0.13 0.16 0.19 0.22 0.24 0.27 0.29 0.31 0.33 0.35 0.36 0.36 0.36 0.35 0.34 0.32 0.30 0.28 0.26 0.25 0.23 0.22 0.20 0.19 0.18 0.17 0.16 0.15 0.14 0.13 0.12 0.11 0.10
0.00 0.00 0.00 0.00 0.00 0.01 0.01 0.01 0.02 0.02 0.02 0.02 0.02 0.02 0.01 0.00 0.00 0.00 0.00 0.00 0.00 0.00 0.00 0.00 0.00 0.00 0.00 0.00 0.00 0.00 0.00 0.00 0.00 0.00 0.00 0.00 0.00 0.00 0.00 0.00 0.00 0.00 0.00 0.00 0.00 0.00 0.01 0.04 0.06 0.09 0.12 0.15 0.18 0.21 0.24 0.26 0.29 0.31 0.33 0.34 0.35 0.36 0.36 0.36 0.34 0.33 0.30 0.27 0.25 0.22 0.20 0.18 0.16 0.15 0.13 0.12 0.11 0.10 0.09 0.08 0.08 0.07 0.06 0.06
0.00 0.00 0.00 0.00 0.00 0.00 0.00 0.00 0.00 0.00 0.00 0.00 0.00 0.00 0.00 0.00 0.00 0.00 0.00 0.00 0.00 0.00 0.00 0.00 0.00 0.00 0.00 0.00 0.00 0.00 0.00 0.00 0.00 0.00 0.00 0.00 0.00 0.00 0.00 0.00 0.00 0.00 0.00 0.00 0.00 0.01 0.03 0.06 0.08 0.11 0.14 0.17 0.20 0.23 0.26 0.28 0.30 0.32 0.34 0.35 0.36 0.36 0.35 0.34 0.33 0.30 0.27 0.24 0.20 0.18 0.15 0.13 0.10 0.09 0.07 0.06 0.04 0.03 0.03 0.02 0.01 0.01 0.01 0.00
0.00 0.00 0.00 0.00 0.00 0.00 0.00 0.00 0.00 0.00 0.00 0.00 0.00 0.00 0.00 0.00 0.00 0.00 0.00 0.00 0.00 0.00 0.00 0.00 0.00 0.00 0.00 0.00 0.00 0.00 0.00 0.00 0.00 0.00 0.00 0.00 0.00 0.00 0.00 0.00 0.00 0.00 0.00 0.00 0.00 0.02 0.04 0.07 0.10 0.13 0.16 0.19 0.22 0.24 0.27 0.29 0.31 0.33 0.34 0.35 0.35 0.35 0.34 0.33 0.30 0.27 0.24 0.20 0.16 0.13 0.09 0.07 0.04 0.02 0.00 0.00 0.00 0.00 0.00 0.00 0.00 0.00 0.00 0.00
0.00 0.00 0.00 0.00 0.00 0.00 0.00 0.00 0.00 0.00 0.00 0.00 0.00 0.00 0.00 0.00 0.00 0.00 0.00 0.00 0.00 0.00 0.00 0.00 0.00 0.00 0.00 0.00 0.00 0.00 0.00 0.00 0.00 0.00 0.00 0.00 0.00 0.00 0.00 0.00 0.00 0.00 0.00 0.00 0.00 0.02 0.05 0.08 0.11 0.14 0.17 0.20 0.23 0.26 0.28 0.30 0.32 0.33 0.34 0.34 0.34 0.34 0.32 0.30 0.27 0.24 0.20 0.16 0.12 0.08 0.04 0.01 0.00 0.00 0.00 0.00 0.00 0.00 0.00 0.00 0.00 0.00 0.00 0.00
0.00 0.00 0.00 0.00 0.00 0.00 0.00 0.00 0.00 0.00 0.00 0.00 0.00 0.00 0.00 0.00 0.00 0.00 0.00 0.00 0.00 0.00 0.00 0.00 0.00 0.00 0.00 0.00 0.00 0.00 0.00 0.00 0.00 0.00 0.00 0.00 0.00 0.00 0.00 0.00 0.00 0.00 0.00 0.00 0.00 0.03 0.06 0.09 0.12 0.15 0.18 0.21 0.23 0.26 0.28 0.30 0.32 0.33 0.33 0.33 0.33 0.32 0.30 0.27 0.24 0.20 0.16 0.12 0.08 0.04 0.00 0.00 0.00 0.00 0.00 0.00 0.00 0.00 0.00 0.00 0.00 0.00 0.00 0.00
0.00 0.00 0.00 0.00 0.00 0.00 0.00 0.00 0.00 0.00 0.00 0.00 0.00 0.00 0.00 0.00 0.00 0.00 0.00 0.00 0.00 0.00 0.00 0.00 0.00 0.00 0.00 0.00 0.00 0.00 0.00 0.00 0.00 0.00 0.00 0.00 0.00 0.00 0.00 0.00 0.00 0.00 0.00 0.00 0.00 0.02 0.05 0.09 0.12 0.15 0.18 0.21 0.24 0.26 0.28 0.30 0.31 0.32 0.32 0.32 0.31 0.29 0.26 0.23 0.20 0.16 0.12 0.08 0.04 0.00 0.00 0.00 0.00 0.00 0.00 0.00 0.00 0.00 0.00 0.00 0.00 0.00 0.00 0.00
0.00 0.00 0.00 0.00 0.00 0.00 0.00 0.00 0.00 0.00 0.00 0.00 0.00 0.00 0.00 0.00 0.00 0.00 0.00 0.00 0.00 0.00 0.00 0.00 0.00 0.00 0.00 0.00 0.00 0.00 0.00 0.00 0.00 0.00 0.00 0.00 0.00 0.00 0.00 0.00 0.00 0.00 0.00 0.00 0.00 0.02 0.05 0.08 0.11 0.15 0.18 0.20 0.23 0.25 0.27 0.29 0.30 0.30 0.30 0.29 0.28 0.25 0.23 0.20 0.16 0.12 0.08 0.04 0.00 0.00 0.00 0.00 0.00 0.00 0.00 0.00 0.00 0.00 0.00 0.00 0.00 0.00 0.00 0.00
0.00 0.00 0.00 0.00 0.00 0.00 0.00 0.00 0.00 0.00 0.00 0.00 0.00 0.00 0.00 0.00 0.00 0.00 0.00 0.00 0.00 0.00 0.00 0.00 0.00 0.00 0.00 0.00 0.00 0.00 0.00 0.00 0.00 0.00 0.00 0.00 0.00 0.00 0.00 0.00 0.00 0.00 0.00 0.00 0.00 0.01 0.04 0.07 0.11 0.14 0.17 0.20 0.22 0.24 0.26 0.27 0.28 0.28 0.27 0.26 0.24 0.22 0.19 0.16 0.12 0.08 0.04 0.00 0.00 0.00 0.00 0.00 0.00 0.00 0.00 0.00 0.00 0.00 0.00 0.00 0.00 0.00 0.00 0.00
