data_processed/recharge/precip/Precip_1996_03.asc
ncols        168
nrows        136
xllcorner    455000
yllcorner    2107000
cellsize     500
NODATA_value     -99999
[rows 0 to 37 of 136, columns 84 to 167 of 168]
9.93 10.16 10.39 10.62 10.85 11.08 11.30 11.52 11.74 11.95 12.16 12.36 12.56 12.75 12.94 13.12 13.29 13.45 13.61 13.74 13.85 13.93 13.99 14.03 14.05 14.04 14.01 13.97 13.90 13.81 13.69 13.54 13.37 13.17 12.95 12.71 12.44 12.15 11.85 11.52 11.17 10.81 10.43 10.03 9.62 9.19 8.75 8.30 7.83 7.36 6.87 6.37 5.87 5.38 4.92 4.49 4.09 3.72 3.38 3.07 2.78 2.52 2.29 2.08 1.90 1.75 1.62 1.51 1.43 1.38 1.34 1.33 1.34 1.37 1.42 1.49 1.58 1.68 1.79 1.89 2.00 2.11 2.23 2.34
9.88 10.12 10.36 10.59 10.82 11.06 11.29 11.51 11.73 11.95 12.17 12.37 12.58 12.78 12.97 13.15 13.33 13.50 13.66 13.81 13.94 14.05 14.13 14.19 14.22 14.23 14.22 14.19 14.13 14.04 13.93 13.78 13.61 13.42 13.20 12.96 12.69 12.41 12.10 11.77 11.42 11.06 10.67 10.27 9.86 9.42 8.98 8.52 8.05 7.57 7.07 6.57 6.06 5.56 5.09 4.65 4.24 3.87 3.52 3.19 2.90 2.64 2.40 2.19 2.00 1.84 1.70 1.59 1.51 1.44 1.40 1.39 1.39 1.42 1.46 1.53 1.62 1.73 1.85 1.97 2.09 2.22 2.35 2.48
9.82 10.07 10.31 10.55 10.79 11.03 11.26 11.49 11.72 11.94 12.16 12.38 12.59 12.79 12.99 13.18 13.36 13.54 13.71 13.87 14.01 14.14 14.24 14.32 14.37 14.40 14.40 14.38 14.33 14.25 14.14 14.00 13.84 13.65 13.43 13.19 12.93 12.64 12.33 12.01 11.66 11.29 10.91 10.50 10.08 9.65 9.20 8.74 8.26 7.77 7.27 6.76 6.24 5.74 5.26 4.82 4.40 4.02 3.66 3.33 3.03 2.76 2.52 2.30 2.11 1.95 1.81 1.69 1.60 1.53 1.49 1.47 1.47 1.49 1.54 1.60 1.69 1.80 1.92 2.06 2.20 2.34 2.48 2.63
9.76 10.01 10.25 10.50 10.74 10.99 11.22 11.46 11.69 11.92 12.15 12.37 12.58 12.79 12.99 13.19 13.38 13.56 13.74 13.90 14.06 14.20 14.32 14.42 14.49 14.54 14.56 14.54 14.50 14.43 14.32 14.19 14.03 13.85 13.64 13.40 13.14 12.86 12.55 12.23 11.88 11.51 11.13 10.72 10.30 9.87 9.41 8.95 8.47 7.97 7.47 6.95 6.43 5.91 5.43 4.98 4.56 4.17 3.81 3.48 3.18 2.90 2.65 2.43 2.24 2.07 1.92 1.81 1.71 1.64 1.60 1.57 1.57 1.60 1.64 1.71 1.79 1.90 2.02 2.16 2.32 2.48 2.64 2.80
9.69 9.94 10.19 10.44 10.69 10.94 11.18 11.42 11.66 11.89 12.12 12.35 12.57 12.78 12.99 13.19 13.39 13.57 13.75 13.92 14.09 14.24 14.38 14.50 14.59 14.65 14.68 14.68 14.64 14.57 14.48 14.36 14.20 14.02 13.82 13.59 13.33 13.05 12.75 12.43 12.08 11.72 11.33 10.93 10.51 10.07 9.62 9.15 8.67 8.17 7.66 7.14 6.61 6.09 5.61 5.15 4.73 4.33 3.97 3.63 3.33 3.05 2.80 2.57 2.38 2.21 2.06 1.94 1.85 1.77 1.73 1.70 1.70 1.73 1.77 1.83 1.92 2.03 2.15 2.30 2.46 2.63 2.81 2.99
9.61 9.86 10.12 10.37 10.63 10.88 11.13 11.37 11.61 11.85 12.09 12.32 12.54 12.76 12.97 13.18 13.38 13.57 13.76 13.93 14.10 14.26 14.41 14.54 14.65 14.73 14.77 14.77 14.75 14.69 14.61 14.49 14.35 14.18 13.98 13.75 13.50 13.23 12.93 12.61 12.27 11.91 11.53 11.13 10.71 10.27 9.81 9.35 8.86 8.36 7.85 7.33 6.80 6.27 5.79 5.33 4.90 4.50 4.13 3.80 3.49 3.21 2.95 2.73 2.53 2.36 2.21 2.09 2.00 1.93 1.88 1.86 1.86 1.88 1.92 1.99 2.08 2.19 2.31 2.46 2.63 2.81 3.00 3.17
9.52 9.78 10.04 10.30 10.55 10.81 11.06 11.31 11.56 11.80 12.04 12.28 12.51 12.73 12.95 13.16 13.36 13.56 13.75 13.93 14.11 14.27 14.42 14.56 14.68 14.77 14.82 14.84 14.83 14.78 14.71 14.60 14.47 14.30 14.11 13.90 13.65 13.39 13.10 12.78 12.44 12.09 11.71 11.31 10.89 10.45 10.00 9.53 9.05 8.55 8.04 7.51 6.98 6.45 5.96 5.50 5.07 4.67 4.31 3.97 3.66 3.37 3.12 2.90 2.70 2.53 2.38 2.26 2.17 2.10 2.05 2.03 2.03 2.06 2.10 2.17 2.26 2.37 2.51 2.66 2.83 3.01 3.19 3.35
9.42 9.69 9.95 10.21 10.48 10.73 10.99 11.25 11.50 11.74 11.99 12.23 12.46 12.69 12.91 13.13 13.34 13.54 13.73 13.92 14.10 14.26 14.42 14.56 14.68 14.77 14.84 14.87 14.87 14.84 14.78 14.68 14.56 14.41 14.23 14.02 13.78 13.52 13.24 12.93 12.60 12.25 11.87 11.48 11.06 10.63 10.18 9.71 9.23 8.73 8.22 7.69 7.16 6.63 6.14 5.68 5.25 4.85 4.48 4.14 3.83 3.55 3.30 3.08 2.88 2.71 2.57 2.45 2.36 2.29 2.25 2.23 2.23 2.26 2.31 2.38 2.48 2.59 2.73 2.88 3.05 3.22 3.38 3.53
9.32 9.59 9.86 10.12 10.39 10.65 10.91 11.17 11.43 11.68 11.92 12.17 12.40 12.64 12.86 13.08 13.30 13.50 13.70 13.89 14.08 14.24 14.40 14.53 14.65 14.75 14.83 14.87 14.89 14.87 14.82 14.74 14.62 14.48 14.31 14.11 13.89 13.64 13.36 13.06 12.74 12.39 12.02 11.63 11.22 10.79 10.35 9.88 9.40 8.91 8.40 7.87 7.34 6.81 6.32 5.86 5.43 5.03 4.66 4.32 4.02 3.74 3.49 3.27 3.07 2.90 2.76 2.65 2.56 2.50 2.46 2.44 2.45 2.49 2.54 2.62 2.72 2.84 2.98 3.13 3.29 3.43 3.57 3.70
9.21 9.49 9.76 10.03 10.29 10.56 10.82 11.09 11.35 11.60 11.85 12.10 12.34 12.58 12.81 13.03 13.25 13.46 13.66 13.86 14.04 14.21 14.36 14.49 14.60 14.70 14.78 14.84 14.87 14.86 14.83 14.76 14.66 14.53 14.37 14.18 13.97 13.73 13.46 13.17 12.86 12.52 12.16 11.77 11.37 10.95 10.51 10.05 9.57 9.08 8.57 8.04 7.51 6.99 6.50 6.04 5.61 5.21 4.85 4.51 4.21 3.93 3.69 3.47 3.28 3.11 2.98 2.87 2.78 2.72 2.69 2.68 2.70 2.73 2.80 2.88 2.99 3.11 3.25 3.39 3.52 3.65 3.77 3.89
9.10 9.37 9.65 9.92 10.19 10.46 10.73 11.00 11.26 11.52 11.77 12.02 12.27 12.51 12.74 12.97 13.19 13.41 13.61 13.81 13.99 14.15 14.29 14.42 14.54 14.63 14.71 14.77 14.81 14.83 14.81 14.75 14.67 14.55 14.41 14.23 14.03 13.80 13.54 13.26 12.96 12.63 12.27 11.90 11.50 11.09 10.65 10.20 9.73 9.24 8.73 8.21 7.68 7.16 6.67 6.22 5.79 5.40 5.04 4.71 4.41 4.13 3.89 3.68 3.49 3.33 3.20 3.10 3.02 2.97 2.94 2.94 2.96 3.01 3.08 3.17 3.28 3.41 3.53 3.65 3.77 3.88 3.98 4.08
8.98 9.26 9.53 9.81 10.08 10.36 10.63 10.90 11.16 11.42 11.68 11.94 12.18 12.43 12.67 12.90 13.12 13.34 13.55 13.74 13.91 14.07 14.22 14.34 14.45 14.55 14.63 14.69 14.73 14.76 14.75 14.71 14.65 14.54 14.41 14.25 14.06 13.85 13.60 13.33 13.04 12.72 12.38 12.01 11.62 11.21 10.79 10.34 9.87 9.39 8.89 8.38 7.85 7.33 6.85 6.39 5.97 5.59 5.23 4.90 4.61 4.34 4.11 3.90 3.72 3.57 3.44 3.35 3.28 3.23 3.21 3.22 3.25 3.30 3.38 3.48 3.59 3.70 3.81 3.91 4.01 4.10 4.19 4.27
8.85 9.13 9.41 9.69 9.97 10.25 10.52 10.79 11.06 11.32 11.59 11.84 12.09 12.34 12.58 12.82 13.05 13.26 13.47 13.65 13.82 13.98 14.12 14.25 14.35 14.45 14.52 14.58 14.63 14.66 14.67 14.65 14.59 14.51 14.39 14.25 14.07 13.87 13.64 13.38 13.10 12.79 12.46 12.10 11.73 11.33 10.91 10.47 10.01 9.54 9.04 8.53 8.01 7.50 7.02 6.57 6.16 5.78 5.42 5.11 4.82 4.56 4.33 4.13 3.96 3.81 3.70 3.61 3.54 3.51 3.50 3.51 3.55 3.62 3.70 3.80 3.90 4.00 4.09 4.18 4.26 4.33 4.40 4.46
8.72 9.01 9.29 9.57 9.85 10.13 10.40 10.68 10.95 11.22 11.48 11.74 12.00 12.25 12.49 12.73 12.96 13.17 13.37 13.55 13.72 13.87 14.01 14.13 14.24 14.33 14.41 14.47 14.51 14.54 14.55 14.55 14.51 14.45 14.35 14.22 14.06 13.87 13.65 13.41 13.14 12.85 12.53 12.18 11.82 11.43 11.02 10.59 10.14 9.67 9.19 8.68 8.17 7.66 7.19 6.75 6.34 5.97 5.62 5.31 5.03 4.78 4.56 4.37 4.20 4.07 3.96 3.88 3.83 3.80 3.80 3.83 3.88 3.95 4.04 4.13 4.21 4.29 4.37 4.43 4.50 4.56 4.61 4.66
8.59 8.87 9.16 9.44 9.72 10.00 10.28 10.56 10.83 11.10 11.37 11.63 11.89 12.14 12.39 12.63 12.85 13.06 13.25 13.43 13.60 13.75 13.88 14.00 14.11 14.20 14.27 14.33 14.38 14.41 14.42 14.42 14.40 14.35 14.27 14.16 14.02 13.85 13.65 13.42 13.16 12.88 12.58 12.24 11.89 11.51 11.12 10.70 10.26 9.80 9.32 8.83 8.32 7.82 7.35 6.92 6.52 6.16 5.82 5.52 5.25 5.01 4.79 4.61 4.46 4.33 4.24 4.17 4.13 4.11 4.12 4.16 4.22 4.30 4.38 4.45 4.52 4.58 4.64 4.69 4.74 4.78 4.82 4.86
8.45 8.73 9.02 9.31 9.59 9.87 10.15 10.43 10.71 10.98 11.25 11.52 11.78 12.03 12.28 12.51 12.73 12.93 13.12 13.30 13.46 13.61 13.74 13.86 13.96 14.05 14.12 14.18 14.23 14.26 14.28 14.28 14.26 14.23 14.17 14.07 13.95 13.80 13.61 13.40 13.16 12.90 12.61 12.29 11.95 11.58 11.20 10.79 10.36 9.91 9.45 8.96 8.46 7.97 7.52 7.09 6.70 6.35 6.02 5.73 5.47 5.24 5.04 4.87 4.72 4.61 4.53 4.47 4.44 4.44 4.46 4.51 4.58 4.64 4.70 4.76 4.81 4.86 4.90 4.94 4.97 5.00 5.03 5.05
8.30 8.59 8.88 9.17 9.45 9.74 10.02 10.30 10.58 10.86 11.13 11.39 11.66 11.91 12.15 12.38 12.59 12.79 12.98 13.15 13.31 13.45 13.58 13.70 13.80 13.89 13.96 14.02 14.07 14.10 14.12 14.12 14.11 14.08 14.03 13.96 13.86 13.72 13.56 13.36 13.14 12.89 12.62 12.31 11.99 11.64 11.27 10.87 10.46 10.02 9.56 9.09 8.60 8.12 7.67 7.26 6.88 6.54 6.22 5.94 5.69 5.47 5.28 5.13 5.00 4.90 4.82 4.78 4.76 4.78 4.81 4.87 4.92 4.97 5.02 5.06 5.10 5.13 5.16 5.18 5.21 5.22 5.23 5.24
8.16 8.45 8.74 9.02 9.31 9.60 9.88 10.17 10.45 10.72 11.00 11.27 11.53 11.77 12.01 12.23 12.44 12.63 12.82 12.98 13.14 13.28 13.41 13.52 13.63 13.71 13.79 13.85 13.89 13.93 13.94 13.95 13.94 13.91 13.88 13.82 13.74 13.62 13.47 13.30 13.10 12.86 12.61 12.32 12.01 11.68 11.32 10.94 10.54 10.11 9.67 9.21 8.73 8.26 7.83 7.43 7.06 6.73 6.42 6.16 5.92 5.71 5.54 5.39 5.28 5.19 5.13 5.10 5.10 5.13 5.17 5.21 5.25 5.29 5.32 5.35 5.37 5.39 5.41 5.42 5.43 5.43 5.43 5.43
8.01 8.30 8.59 8.88 9.17 9.45 9.74 10.02 10.31 10.58 10.86 11.13 11.38 11.62 11.85 12.07 12.27 12.46 12.64 12.81 12.96 13.10 13.23 13.34 13.44 13.53 13.60 13.66 13.71 13.74 13.76 13.77 13.76 13.74 13.70 13.65 13.59 13.49 13.37 13.21 13.03 12.82 12.58 12.31 12.02 11.70 11.36 10.99 10.61 10.20 9.77 9.32 8.85 8.40 7.97 7.59 7.23 6.91 6.63 6.37 6.15 5.96 5.80 5.66 5.56 5.49 5.45 5.44 5.45 5.48 5.52 5.55 5.57 5.59 5.61 5.63 5.64 5.64 5.65 5.65 5.64 5.64 5.63 5.61
7.85 8.14 8.43 8.73 9.02 9.31 9.59 9.88 10.16 10.44 10.71 10.97 11.22 11.46 11.68 11.89 12.09 12.28 12.45 12.62 12.77 12.90 13.03 13.14 13.24 13.33 13.40 13.46 13.51 13.54 13.56 13.57 13.57 13.55 13.52 13.47 13.41 13.34 13.24 13.10 12.94 12.75 12.53 12.28 12.00 11.70 11.38 11.03 10.66 10.27 9.85 9.42 8.97 8.52 8.12 7.74 7.40 7.10 6.83 6.59 6.38 6.20 6.06 5.94 5.86 5.80 5.78 5.78 5.80 5.83 5.85 5.86 5.87 5.88 5.89 5.89 5.89 5.88 5.88 5.86 5.85 5.83 5.81 5.78
7.69 7.99 8.28 8.57 8.86 9.15 9.44 9.73 10.01 10.29 10.55 10.81 11.05 11.28 11.50 11.71 11.90 12.08 12.26 12.42 12.56 12.70 12.82 12.93 13.03 13.12 13.19 13.25 13.30 13.33 13.36 13.37 13.37 13.35 13.32 13.28 13.23 13.16 13.08 12.97 12.82 12.65 12.45 12.23 11.97 11.69 11.39 11.06 10.70 10.33 9.93 9.51 9.07 8.65 8.25 7.89 7.57 7.28 7.02 6.80 6.61 6.45 6.32 6.23 6.16 6.12 6.11 6.13 6.14 6.15 6.16 6.16 6.16 6.16 6.15 6.14 6.13 6.11 6.09 6.07 6.04 6.01 5.98 5.95
7.54 7.83 8.12 8.41 8.71 9.00 9.29 9.57 9.85 10.12 10.38 10.63 10.87 11.09 11.30 11.51 11.70 11.88 12.05 12.20 12.35 12.48 12.60 12.71 12.81 12.89 12.97 13.03 13.08 13.12 13.14 13.15 13.16 13.14 13.12 13.08 13.03 12.97 12.90 12.80 12.69 12.54 12.36 12.15 11.92 11.66 11.38 11.06 10.73 10.37 9.99 9.59 9.17 8.76 8.38 8.04 7.73 7.46 7.22 7.02 6.84 6.70 6.59 6.51 6.46 6.45 6.45 6.45 6.45 6.45 6.44 6.44 6.42 6.41 6.39 6.37 6.35 6.32 6.29 6.26 6.22 6.19 6.15 6.10
7.37 7.67 7.96 8.25 8.55 8.84 9.13 9.41 9.68 9.95 10.20 10.44 10.67 10.89 11.10 11.30 11.48 11.66 11.82 11.98 12.12 12.25 12.37 12.48 12.58 12.66 12.74 12.80 12.85 12.89 12.92 12.93 12.94 12.93 12.91 12.87 12.83 12.77 12.70 12.62 12.52 12.40 12.24 12.06 11.85 11.61 11.35 11.06 10.74 10.40 10.04 9.66 9.25 8.86 8.50 8.18 7.89 7.64 7.42 7.23 7.07 6.95 6.86 6.80 6.78 6.77 6.76 6.75 6.74 6.73 6.71 6.69 6.67 6.64 6.61 6.58 6.55 6.51 6.48 6.43 6.39 6.34 6.30 6.25
7.21 7.50 7.80 8.09 8.38 8.67 8.96 9.23 9.50 9.76 10.00 10.24 10.46 10.68 10.88 11.08 11.26 11.43 11.59 11.74 11.88 12.01 12.13 12.24 12.34 12.42 12.50 12.56 12.61 12.65 12.68 12.70 12.71 12.70 12.69 12.66 12.62 12.57 12.50 12.43 12.34 12.23 12.11 11.95 11.76 11.54 11.30 11.03 10.74 10.42 10.08 9.71 9.33 8.96 8.62 8.31 8.04 7.81 7.61 7.44 7.31 7.20 7.14 7.10 7.08 7.07 7.05 7.03 7.01 6.98 6.95 6.92 6.89 6.85 6.82 6.78 6.73 6.69 6.64 6.59 6.54 6.49 6.43 6.37
7.05 7.34 7.63 7.92 8.22 8.50 8.78 9.05 9.31 9.56 9.80 10.03 10.25 10.46 10.65 10.84 11.02 11.19 11.35 11.50 11.64 11.77 11.88 11.99 12.09 12.17 12.25 12.31 12.37 12.41 12.44 12.46 12.47 12.47 12.46 12.43 12.40 12.35 12.29 12.22 12.14 12.05 11.94 11.81 11.65 11.46 11.24 10.99 10.72 10.42 10.10 9.76 9.39 9.04 8.72 8.44 8.19 7.97 7.80 7.65 7.54 7.46 7.41 7.38 7.36 7.33 7.31 7.28 7.24 7.21 7.17 7.13 7.09 7.04 7.00 6.95 6.90 6.85 6.79 6.73 6.68 6.62 6.55 6.49
6.88 7.17 7.46 7.76 8.04 8.32 8.59 8.85 9.11 9.35 9.58 9.80 10.02 10.22 10.42 10.60 10.78 10.95 11.10 11.25 11.39 11.51 11.63 11.73 11.83 11.92 11.99 12.06 12.11 12.16 12.19 12.22 12.23 12.23 12.22 12.20 12.17 12.13 12.08 12.02 11.94 11.86 11.76 11.65 11.51 11.35 11.15 10.93 10.68 10.41 10.11 9.79 9.45 9.11 8.82 8.55 8.33 8.14 7.98 7.86 7.77 7.71 7.67 7.64 7.61 7.57 7.53 7.49 7.45 7.41 7.36 7.31 7.26 7.21 7.15 7.10 7.04 6.98 6.92 6.86 6.79 6.72 6.66 6.59
6.71 7.00 7.30 7.58 7.86 8.13 8.40 8.65 8.89 9.13 9.36 9.57 9.78 9.98 10.17 10.36 10.53 10.69 10.84 10.99 11.12 11.25 11.36 11.47 11.57 11.65 11.73 11.80 11.85 11.90 11.94 11.96 11.98 11.99 11.98 11.97 11.94 11.91 11.86 11.80 11.74 11.66 11.57 11.47 11.36 11.22 11.05 10.85 10.63 10.38 10.11 9.81 9.49 9.18 8.90 8.66 8.46 8.29 8.16 8.06 7.99 7.95 7.91 7.87 7.82 7.78 7.73 7.68 7.63 7.58 7.52 7.47 7.41 7.35 7.29 7.22 7.16 7.09 7.03 6.96 6.89 6.81 6.74 6.67
6.55 6.84 7.12 7.40 7.67 7.93 8.19 8.44 8.67 8.90 9.12 9.34 9.54 9.74 9.92 10.10 10.27 10.43 10.58 10.72 10.86 10.98 11.09 11.20 11.30 11.38 11.46 11.53 11.59 11.64 11.68 11.71 11.73 11.74 11.74 11.73 11.71 11.68 11.64 11.59 11.53 11.46 11.38 11.29 11.18 11.07 10.93 10.76 10.56 10.34 10.09 9.81 9.52 9.23 8.98 8.76 8.58 8.44 8.33 8.26 8.21 8.16 8.11 8.06 8.01 7.95 7.90 7.84 7.78 7.72 7.66 7.59 7.53 7.46 7.39 7.32 7.25 7.18 7.11 7.04 6.96 6.88 6.81 6.73
6.38 6.66 6.94 7.21 7.47 7.73 7.97 8.21 8.44 8.67 8.88 9.09 9.29 9.48 9.66 9.84 10.00 10.16 10.31 10.45 10.58 10.70 10.82 10.92 11.02 11.11 11.19 11.26 11.32 11.37 11.41 11.44 11.47 11.48 11.49 11.48 11.47 11.44 11.41 11.37 11.31 11.25 11.18 11.10 11.00 10.90 10.78 10.64 10.47 10.28 10.05 9.80 9.53 9.27 9.04 8.85 8.70 8.58 8.50 8.44 8.39 8.33 8.27 8.21 8.15 8.09 8.03 7.96 7.89 7.83 7.76 7.69 7.62 7.54 7.47 7.40 7.32 7.25 7.17 7.09 7.01 6.93 6.85 6.77
6.21 6.48 6.75 7.01 7.27 7.51 7.75 7.98 8.21 8.43 8.63 8.84 9.03 9.22 9.40 9.57 9.73 9.88 10.03 10.17 10.30 10.42 10.53 10.64 10.74 10.83 10.91 10.98 11.04 11.09 11.14 11.18 11.20 11.22 11.23 11.23 11.22 11.21 11.18 11.14 11.10 11.04 10.98 10.90 10.82 10.73 10.62 10.51 10.37 10.20 10.00 9.78 9.53 9.30 9.10 8.94 8.81 8.72 8.65 8.59 8.53 8.46 8.39 8.33 8.26 8.19 8.12 8.05 7.98 7.90 7.83 7.75 7.68 7.60 7.52 7.44 7.36 7.28 7.20 7.12 7.04 6.95 6.87 6.79
6.03 6.29 6.55 6.80 7.05 7.29 7.52 7.75 7.97 8.18 8.38 8.58 8.77 8.95 9.12 9.29 9.45 9.60 9.75 9.88 10.01 10.13 10.25 10.35 10.45 10.54 10.62 10.69 10.76 10.82 10.86 10.90 10.94 10.96 10.97 10.98 10.98 10.96 10.94 10.92 10.88 10.83 10.77 10.71 10.63 10.55 10.46 10.35 10.24 10.10 9.93 9.74 9.52 9.31 9.14 9.01 8.91 8.83 8.76 8.69 8.62 8.55 8.48 8.40 8.33 8.25 8.18 8.10 8.02 7.94 7.86 7.78 7.70 7.62 7.54 7.46 7.37 7.29 7.21 7.12 7.04 6.95 6.87 6.78
5.84 6.10 6.35 6.59 6.83 7.06 7.29 7.51 7.72 7.92 8.12 8.31 8.50 8.68 8.85 9.01 9.17 9.32 9.46 9.59 9.72 9.84 9.96 10.06 10.16 10.25 10.33 10.41 10.48 10.54 10.59 10.63 10.67 10.69 10.71 10.72 10.73 10.72 10.71 10.69 10.66 10.62 10.57 10.51 10.45 10.37 10.29 10.20 10.10 9.98 9.85 9.68 9.49 9.32 9.17 9.07 8.98 8.91 8.83 8.76 8.68 8.60 8.52 8.44 8.36 8.28 8.20 8.11 8.03 7.95 7.86 7.78 7.69 7.61 7.52 7.44 7.35 7.27 7.18 7.10 7.01 6.92 6.84 6.75
5.65 5.90 6.14 6.37 6.60 6.83 7.05 7.26 7.46 7.66 7.86 8.04 8.22 8.40 8.56 8.73 8.88 9.03 9.17 9.30 9.43 9.55 9.66 9.77 9.87 9.96 10.04 10.12 10.19 10.25 10.31 10.35 10.39 10.43 10.45 10.47 10.48 10.48 10.47 10.46 10.43 10.40 10.36 10.32 10.26 10.20 10.12 10.04 9.95 9.86 9.74 9.61 9.45 9.30 9.19 9.10 9.02 8.94 8.85 8.77 8.69 8.60 8.52 8.43 8.35 8.26 8.17 8.09 8.00 7.91 7.83 7.74 7.65 7.56 7.48 7.39 7.30 7.22 7.13 7.04 6.95 6.87 6.78 6.69
5.45 5.69 5.92 6.15 6.37 6.59 6.80 7.00 7.20 7.40 7.59 7.77 7.94 8.11 8.28 8.44 8.59 8.73 8.87 9.01 9.13 9.25 9.36 9.47 9.57 9.66 9.75 9.83 9.90 9.97 10.03 10.08 10.12 10.16 10.19 10.21 10.23 10.23 10.23 10.23 10.21 10.19 10.16 10.12 10.07 10.02 9.96 9.89 9.81 9.72 9.63 9.52 9.39 9.28 9.18 9.09 9.01 8.92 8.83 8.74 8.65 8.56 8.47 8.38 8.29 8.20 8.11 8.02 7.93 7.84 7.75 7.66 7.57 7.48 7.39 7.31 7.22 7.13 7.04 6.95 6.87 6.78 6.70 6.61
5.25 5.48 5.70 5.92 6.14 6.34 6.55 6.75 6.94 7.13 7.31 7.49 7.66 7.83 7.99 8.15 8.29 8.44 8.58 8.71 8.83 8.95 9.06 9.17 9.27 9.37 9.46 9.54 9.61 9.68 9.74 9.80 9.85 9.89 9.92 9.95 9.97 9.99 10.00 10.00 9.99 9.97 9.95 9.92 9.89 9.84 9.79 9.73 9.67 9.59 9.51 9.42 9.32 9.22 9.13 9.03 8.94 8.85 8.75 8.66 8.57 8.47 8.38 8.28 8.19 8.10 8.01 7.91 7.82 7.73 7.64 7.55 7.46 7.37 7.28 7.19 7.10 7.01 6.92 6.84 6.75 6.66 6.58 6.50
5.04 5.26 5.48 5.69 5.90 6.10 6.30 6.49 6.68 6.86 7.04 7.21 7.38 7.54 7.70 7.85 8.00 8.14 8.28 8.41 8.53 8.65 8.77 8.87 8.98 9.07 9.16 9.25 9.32 9.40 9.46 9.52 9.58 9.62 9.66 9.70 9.72 9.75 9.76 9.77 9.77 9.76 9.75 9.73 9.70 9.67 9.63 9.58 9.53 9.47 9.40 9.32 9.23 9.13 9.03 8.93 8.84 8.74 8.64 8.54 8.44 8.35 8.25 8.15 8.06 7.96 7.87 7.77 7.68 7.58 7.49 7.40 7.31 7.22 7.13 7.04 6.95 6.86 6.78 6.69 6.61 6.52 6.44 6.36
4.83 5.04 5.25 5.45 5.65 5.85 6.04 6.23 6.41 6.59 6.76 6.93 7.10 7.26 7.41 7.56 7.71 7.85 7.98 8.11 8.23 8.35 8.47 8.58 8.68 8.78 8.87 8.96 9.04 9.12 9.19 9.25 9.31 9.36 9.41 9.45 9.48 9.51 9.53 9.55 9.56 9.56 9.56 9.55 9.53 9.51 9.48 9.44 9.40 9.35 9.29 9.22 9.14 9.04 8.93 8.83 8.72 8.62 8.52 8.42 8.32 8.21 8.11 8.01 7.92 7.82 7.72 7.62 7.53 7.43 7.34 7.25 7.15 7.06 6.97 6.89 6.80 6.71 6.63 6.54 6.46 6.38 6.30 6.22
4.62 4.82 5.02 5.22 5.41 5.60 5.79 5.97 6.15 6.32 6.49 6.65 6.82 6.97 7.12 7.27 7.41 7.55 7.69 7.82 7.94 8.06 8.18 8.29 8.39 8.49 8.59 8.68 8.76 8.84 8.92 8.98 9.05 9.11 9.16 9.21 9.25 9.28 9.31 9.34 9.35 9.37 9.37 9.37 9.37 9.35 9.34 9.31 9.28 9.24 9.19 9.13 9.04 8.94 8.83 8.72 8.62 8.51 8.40 8.29 8.19 8.08 7.98 7.88 7.78 7.68 7.58 7.48 7.38 7.28 7.19 7.09 7.00 6.91 6.82 6.73 6.64 6.56 6.47 6.39 6.31 6.23 6.15 6.07
