data_processed/recharge/precip/Precip_1992_03.asc
ncols        168
nrows        136
xllcorner    455000
yllcorner    2107000
cellsize     500
NODATA_value     -99999
[rows 72 to 107 of 136, columns 82 to 163 of 168]
4.52 4.70 4.90 5.11 5.33 5.57 5.83 6.09 6.35 6.63 6.90 7.18 7.46 7.74 8.01 8.27 8.52 8.75 8.96 9.17 9.38 9.59 9.79 9.99 10.17 10.34 10.49 10.61 10.71 10.78 10.84 10.87 10.89 10.89 10.87 10.84 10.79 10.74 10.67 10.59 10.50 10.40 10.28 10.14 9.97 9.79 9.62 9.54 9.58 9.73 10.00 10.35 10.72 11.10 11.49 11.89 12.28 12.66 13.03 13.38 13.71 14.01 14.28 14.50 14.68 14.82 14.89 14.91 14.89 14.86 14.81 14.75 14.68 14.61 14.53 14.47 14.41 14.37 14.36 14.37 14.40 14.46
4.75 4.88 5.03 5.21 5.40 5.60 5.82 6.05 6.28 6.53 6.78 7.03 7.29 7.55 7.80 8.05 8.29 8.52 8.74 8.95 9.17 9.38 9.59 9.78 9.96 10.12 10.25 10.36 10.45 10.52 10.57 10.60 10.61 10.61 10.59 10.56 10.52 10.47 10.40 10.33 10.25 10.17 10.07 9.96 9.83 9.68 9.54 9.50 9.59 9.80 10.09 10.43 10.78 11.15 11.54 11.93 12.32 12.71 13.09 13.46 13.80 14.12 14.42 14.67 14.89 15.06 15.18 15.24 15.25 15.21 15.16 15.10 15.03 14.96 14.88 14.82 14.76 14.73 14.72 14.73 14.77 14.82
4.91 5.00 5.12 5.25 5.41 5.58 5.77 5.98 6.19 6.41 6.64 6.88 7.12 7.36 7.60 7.84 8.08 8.31 8.53 8.75 8.97 9.18 9.39 9.58 9.75 9.89 10.01 10.11 10.19 10.26 10.30 10.33 10.34 10.34 10.32 10.29 10.26 10.21 10.15 10.09 10.02 9.95 9.87 9.79 9.70 9.59 9.48 9.48 9.62 9.85 10.13 10.44 10.78 11.14 11.51 11.90 12.29 12.68 13.07 13.44 13.81 14.15 14.46 14.75 14.99 15.20 15.36 15.47 15.52 15.51 15.46 15.40 15.33 15.25 15.18 15.11 15.07 15.04 15.04 15.05 15.09 15.14
4.98 5.04 5.13 5.24 5.37 5.52 5.68 5.87 6.06 6.27 6.48 6.71 6.94 7.17 7.41 7.64 7.87 8.10 8.33 8.55 8.77 8.99 9.19 9.37 9.52 9.66 9.77 9.86 9.94 9.99 10.04 10.06 10.07 10.07 10.06 10.04 10.01 9.97 9.92 9.87 9.82 9.76 9.70 9.64 9.57 9.50 9.44 9.48 9.64 9.84 10.09 10.38 10.70 11.04 11.40 11.78 12.17 12.56 12.95 13.34 13.71 14.07 14.41 14.72 14.99 15.24 15.43 15.58 15.68 15.72 15.70 15.64 15.56 15.49 15.41 15.36 15.32 15.31 15.31 15.33 15.36 15.42
4.96 5.00 5.06 5.15 5.25 5.39 5.54 5.70 5.88 6.08 6.29 6.51 6.73 6.96 7.20 7.43 7.67 7.91 8.14 8.36 8.59 8.80 8.99 9.16 9.30 9.42 9.53 9.62 9.69 9.74 9.78 9.81 9.82 9.82 9.82 9.80 9.78 9.75 9.72 9.68 9.64 9.60 9.55 9.51 9.47 9.43 9.41 9.47 9.59 9.76 9.98 10.24 10.53 10.86 11.21 11.57 11.96 12.35 12.74 13.13 13.52 13.89 14.24 14.58 14.88 15.15 15.39 15.58 15.72 15.81 15.84 15.80 15.73 15.66 15.60 15.55 15.53 15.52 15.53 15.55 15.59 15.65
4.85 4.87 4.91 4.98 5.07 5.19 5.33 5.49 5.66 5.85 6.05 6.27 6.49 6.73 6.97 7.21 7.46 7.70 7.95 8.19 8.42 8.63 8.80 8.96 9.09 9.21 9.31 9.39 9.46 9.51 9.55 9.58 9.59 9.60 9.60 9.59 9.58 9.56 9.54 9.52 9.49 9.46 9.44 9.42 9.40 9.39 9.38 9.40 9.48 9.62 9.80 10.03 10.30 10.60 10.93 11.29 11.66 12.05 12.44 12.84 13.23 13.61 13.99 14.34 14.67 14.97 15.24 15.47 15.65 15.78 15.86 15.88 15.84 15.79 15.74 15.71 15.70 15.70 15.71 15.74 15.78 15.84
4.73 4.72 4.75 4.80 4.88 4.98 5.11 5.26 5.42 5.61 5.81 6.02 6.25 6.49 6.73 6.98 7.23 7.49 7.75 8.02 8.31 8.53 8.70 8.84 8.96 9.07 9.16 9.23 9.29 9.34 9.38 9.40 9.42 9.43 9.43 9.43 9.43 9.42 9.40 9.39 9.38 9.37 9.36 9.36 9.36 9.36 9.36 9.36 9.40 9.49 9.64 9.84 10.08 10.36 10.67 11.01 11.37 11.75 12.14 12.54 12.94 13.34 13.72 14.09 14.45 14.77 15.07 15.33 15.56 15.73 15.86 15.94 15.98 15.97 15.94 15.92 15.91 15.92 15.94 15.97 16.01 16.06
4.62 4.59 4.60 4.63 4.69 4.78 4.90 5.03 5.19 5.37 5.57 5.78 6.01 6.24 6.49 6.75 7.01 7.28 7.56 7.89 8.23 8.50 8.68 8.81 8.91 9.01 9.08 9.15 9.20 9.24 9.27 9.29 9.31 9.32 9.32 9.32 9.32 9.32 9.31 9.31 9.30 9.31 9.31 9.32 9.33 9.34 9.34 9.35 9.37 9.42 9.53 9.70 9.91 10.16 10.45 10.78 11.13 11.50 11.88 12.28 12.68 13.09 13.48 13.87 14.25 14.60 14.92 15.22 15.48 15.70 15.88 16.04 16.15 16.22 16.22 16.21 16.21 16.21 16.23 16.26 16.29 16.34
4.53 4.48 4.46 4.47 4.52 4.59 4.69 4.82 4.97 5.14 5.33 5.54 5.77 6.00 6.25 6.51 6.78 7.08 7.42 7.79 8.18 8.49 8.72 8.86 8.95 9.02 9.09 9.14 9.18 9.21 9.23 9.24 9.25 9.26 9.26 9.26 9.25 9.25 9.25 9.25 9.25 9.26 9.28 9.30 9.31 9.32 9.33 9.34 9.37 9.40 9.48 9.61 9.79 10.01 10.28 10.58 10.92 11.28 11.66 12.05 12.46 12.87 13.27 13.68 14.07 14.44 14.80 15.12 15.42 15.69 15.94 16.16 16.35 16.48 16.55 16.57 16.56 16.57 16.58 16.60 16.63 16.66
4.46 4.38 4.34 4.33 4.36 4.42 4.50 4.62 4.76 4.92 5.11 5.31 5.53 5.77 6.02 6.29 6.58 6.92 7.30 7.72 8.15 8.51 8.77 8.95 9.05 9.11 9.15 9.19 9.21 9.23 9.23 9.24 9.24 9.23 9.23 9.22 9.22 9.21 9.21 9.22 9.22 9.24 9.26 9.28 9.29 9.31 9.32 9.34 9.37 9.42 9.47 9.57 9.71 9.91 10.15 10.43 10.75 11.10 11.47 11.86 12.26 12.68 13.09 13.51 13.92 14.31 14.69 15.05 15.39 15.71 16.03 16.32 16.58 16.77 16.90 16.96 16.98 16.98 16.98 16.99 17.00 17.02
4.41 4.30 4.24 4.21 4.22 4.26 4.33 4.43 4.56 4.71 4.89 5.08 5.30 5.54 5.79 6.08 6.41 6.80 7.22 7.68 8.15 8.54 8.84 9.06 9.19 9.25 9.28 9.29 9.29 9.29 9.29 9.28 9.26 9.25 9.23 9.22 9.21 9.20 9.19 9.19 9.20 9.22 9.24 9.26 9.28 9.30 9.31 9.34 9.38 9.43 9.50 9.58 9.69 9.86 10.07 10.33 10.63 10.96 11.32 11.70 12.10 12.52 12.94 13.37 13.79 14.20 14.61 15.00 15.39 15.78 16.16 16.51 16.83 17.08 17.26 17.36 17.42 17.43 17.42 17.41 17.41 17.41
4.37 4.24 4.15 4.10 4.09 4.11 4.17 4.25 4.37 4.51 4.68 4.87 5.08 5.32 5.59 5.92 6.29 6.71 7.17 7.66 8.16 8.58 8.92 9.17 9.33 9.43 9.45 9.44 9.42 9.40 9.37 9.35 9.32 9.29 9.26 9.23 9.21 9.19 9.18 9.18 9.18 9.20 9.22 9.24 9.26 9.29 9.31 9.35 9.39 9.46 9.53 9.62 9.72 9.85 10.03 10.27 10.55 10.86 11.21 11.58 11.98 12.40 12.82 13.26 13.69 14.12 14.55 15.00 15.44 15.88 16.31 16.72 17.10 17.41 17.63 17.77 17.86 17.89 17.88 17.86 17.84 17.81
4.36 4.21 4.09 4.02 3.99 3.99 4.02 4.09 4.20 4.33 4.49 4.67 4.88 5.13 5.43 5.80 6.21 6.66 7.15 7.67 8.19 8.64 9.00 9.28 9.47 9.59 9.64 9.63 9.59 9.54 9.49 9.44 9.39 9.35 9.30 9.26 9.23 9.20 9.18 9.16 9.17 9.18 9.19 9.22 9.25 9.28 9.31 9.35 9.41 9.48 9.56 9.66 9.77 9.89 10.05 10.25 10.51 10.80 11.14 11.50 11.89 12.31 12.73 13.17 13.62 14.08 14.55 15.03 15.53 16.02 16.50 16.96 17.39 17.74 18.00 18.19 18.30 18.35 18.36 18.32 18.28 18.23
4.34 4.19 4.06 3.96 3.90 3.88 3.90 3.95 4.04 4.16 4.31 4.48 4.70 4.99 5.33 5.72 6.16 6.64 7.15 7.69 8.23 8.71 9.09 9.38 9.60 9.74 9.81 9.82 9.78 9.70 9.63 9.56 9.48 9.41 9.35 9.29 9.24 9.20 9.16 9.15 9.14 9.15 9.17 9.20 9.23 9.27 9.31 9.36 9.43 9.51 9.60 9.71 9.83 9.96 10.11 10.29 10.52 10.79 11.11 11.46 11.84 12.25 12.68 13.12 13.59 14.08 14.59 15.12 15.65 16.18 16.71 17.22 17.70 18.09 18.39 18.60 18.73 18.80 18.81 18.78 18.72 18.64
4.33 4.18 4.04 3.92 3.84 3.80 3.80 3.83 3.90 4.01 4.15 4.33 4.58 4.89 5.26 5.68 6.14 6.64 7.18 7.73 8.29 8.78 9.17 9.49 9.72 9.88 9.97 9.99 9.96 9.88 9.78 9.68 9.58 9.49 9.40 9.32 9.25 9.19 9.15 9.13 9.12 9.13 9.15 9.18 9.22 9.26 9.31 9.37 9.45 9.54 9.64 9.76 9.89 10.04 10.19 10.37 10.57 10.82 11.12 11.46 11.83 12.23 12.66 13.11 13.60 14.13 14.67 15.24 15.81 16.38 16.95 17.50 18.02 18.45 18.78 19.01 19.16 19.24 19.26 19.22 19.15 19.04
4.33 4.17 4.02 3.90 3.81 3.74 3.72 3.74 3.79 3.88 4.02 4.24 4.51 4.85 5.24 5.68 6.16 6.68 7.22 7.79 8.36 8.85 9.26 9.58 9.82 9.99 10.10 10.14 10.12 10.05 9.93 9.80 9.67 9.55 9.44 9.33 9.24 9.18 9.13 9.11 9.10 9.10 9.13 9.16 9.20 9.25 9.31 9.38 9.47 9.57 9.68 9.82 9.96 10.12 10.29 10.47 10.67 10.90 11.17 11.49 11.85 12.25 12.68 13.15 13.67 14.22 14.80 15.39 16.00 16.60 17.20 17.79 18.35 18.81 19.17 19.42 19.58 19.67 19.68 19.64 19.55 19.42
4.32 4.16 4.02 3.89 3.79 3.71 3.67 3.66 3.70 3.79 3.96 4.19 4.49 4.85 5.26 5.71 6.21 6.73 7.29 7.86 8.43 8.93 9.34 9.67 9.91 10.09 10.20 10.25 10.23 10.17 10.06 9.92 9.76 9.61 9.46 9.34 9.24 9.16 9.11 9.08 9.07 9.08 9.10 9.14 9.18 9.24 9.31 9.39 9.49 9.60 9.73 9.87 10.03 10.20 10.38 10.58 10.79 11.01 11.27 11.57 11.92 12.31 12.76 13.25 13.79 14.36 14.96 15.58 16.21 16.85 17.48 18.10 18.69 19.18 19.55 19.82 19.99 20.07 20.08 20.03 19.92 19.76
4.32 4.16 4.01 3.89 3.78 3.70 3.64 3.62 3.66 3.77 3.95 4.21 4.52 4.90 5.32 5.78 6.28 6.81 7.36 7.94 8.51 9.00 9.41 9.74 9.99 10.16 10.27 10.32 10.31 10.25 10.15 10.00 9.83 9.64 9.47 9.33 9.22 9.14 9.08 9.05 9.04 9.04 9.07 9.11 9.16 9.23 9.31 9.40 9.51 9.63 9.77 9.93 10.10 10.28 10.48 10.69 10.92 11.16 11.41 11.69 12.03 12.43 12.89 13.40 13.96 14.55 15.16 15.80 16.46 17.12 17.77 18.42 19.03 19.55 19.94 20.21 20.38 20.46 20.46 20.39 20.25 20.06
4.32 4.16 4.01 3.89 3.78 3.70 3.64 3.62 3.67 3.80 4.01 4.27 4.60 4.98 5.41 5.87 6.37 6.90 7.46 8.02 8.59 9.07 9.48 9.80 10.04 10.21 10.31 10.36 10.35 10.28 10.18 10.03 9.85 9.65 9.47 9.32 9.20 9.11 9.05 9.02 9.00 9.01 9.04 9.08 9.14 9.22 9.31 9.41 9.53 9.67 9.82 9.99 10.17 10.37 10.58 10.81 11.05 11.31 11.57 11.86 12.20 12.61 13.08 13.60 14.17 14.77 15.40 16.06 16.72 17.40 18.08 18.75 19.38 19.91 20.31 20.59 20.76 20.83 20.81 20.71 20.55 20.32
4.32 4.16 4.02 3.90 3.79 3.71 3.66 3.68 3.76 3.90 4.11 4.39 4.72 5.10 5.53 5.99 6.49 7.02 7.56 8.12 8.66 9.14 9.53 9.84 10.07 10.23 10.32 10.36 10.34 10.27 10.15 10.00 9.82 9.64 9.46 9.31 9.18 9.08 9.02 8.98 8.96 8.97 9.00 9.05 9.12 9.20 9.30 9.42 9.55 9.70 9.86 10.05 10.24 10.46 10.69 10.93 11.19 11.46 11.75 12.08 12.44 12.85 13.32 13.85 14.42 15.03 15.67 16.33 17.01 17.70 18.40 19.08 19.73 20.28 20.68 20.96 21.12 21.18 21.13 21.01 20.81 20.54
4.32 4.17 4.03 3.91 3.81 3.74 3.74 3.79 3.89 4.05 4.27 4.55 4.88 5.26 5.68 6.14 6.63 7.14 7.67 8.21 8.74 9.20 9.57 9.86 10.07 10.22 10.29 10.31 10.28 10.19 10.07 9.91 9.75 9.59 9.43 9.28 9.15 9.04 8.97 8.93 8.92 8.93 8.96 9.02 9.09 9.19 9.29 9.42 9.57 9.73 9.91 10.11 10.32 10.55 10.79 11.05 11.32 11.62 11.95 12.32 12.71 13.14 13.61 14.14 14.71 15.32 15.97 16.64 17.32 18.02 18.72 19.42 20.08 20.63 21.04 21.31 21.46 21.49 21.42 21.26 21.02 20.71
4.33 4.18 4.04 3.93 3.85 3.82 3.85 3.94 4.07 4.25 4.48 4.75 5.08 5.45 5.86 6.31 6.78 7.27 7.78 8.30 8.81 9.24 9.59 9.85 10.05 10.17 10.23 10.23 10.17 10.07 9.94 9.80 9.65 9.51 9.37 9.23 9.10 9.00 8.92 8.88 8.87 8.88 8.92 8.98 9.06 9.17 9.29 9.42 9.58 9.76 9.95 10.16 10.39 10.64 10.90 11.17 11.47 11.81 12.18 12.58 13.01 13.47 13.95 14.47 15.04 15.65 16.29 16.96 17.65 18.35 19.06 19.76 20.43 20.98 21.38 21.64 21.77 21.78 21.68 21.48 21.19 20.83
4.33 4.19 4.06 3.97 3.93 3.95 4.01 4.13 4.28 4.48 4.72 5.00 5.31 5.67 6.07 6.49 6.95 7.42 7.90 8.39 8.87 9.27 9.59 9.83 9.99 10.09 10.12 10.09 10.01 9.90 9.78 9.65 9.52 9.40 9.27 9.16 9.04 8.94 8.87 8.82 8.81 8.83 8.87 8.94 9.03 9.14 9.27 9.43 9.60 9.79 9.99 10.22 10.46 10.73 11.00 11.30 11.64 12.01 12.42 12.85 13.32 13.80 14.31 14.84 15.40 16.00 16.64 17.30 17.99 18.69 19.39 20.10 20.77 21.32 21.71 21.95 22.06 22.04 21.90 21.66 21.32 20.93
4.33 4.20 4.10 4.05 4.06 4.11 4.21 4.35 4.53 4.74 4.99 5.27 5.58 5.92 6.29 6.70 7.12 7.56 8.02 8.47 8.91 9.28 9.57 9.77 9.90 9.97 9.97 9.91 9.81 9.71 9.60 9.48 9.37 9.26 9.15 9.05 8.96 8.87 8.80 8.76 8.75 8.76 8.81 8.89 8.99 9.11 9.26 9.42 9.61 9.81 10.04 10.28 10.54 10.81 11.12 11.46 11.83 12.24 12.68 13.14 13.63 14.15 14.68 15.23 15.79 16.38 17.01 17.66 18.34 19.03 19.73 20.43 21.10 21.64 22.02 22.24 22.32 22.26 22.08 21.79 21.43 21.06
4.34 4.23 4.18 4.18 4.22 4.30 4.43 4.59 4.79 5.02 5.28 5.56 5.87 6.19 6.54 6.91 7.31 7.72 8.13 8.55 8.95 9.28 9.52 9.69 9.78 9.80 9.77 9.69 9.60 9.50 9.40 9.30 9.20 9.10 9.01 8.92 8.84 8.78 8.72 8.69 8.68 8.70 8.75 8.83 8.94 9.08 9.24 9.42 9.62 9.83 10.07 10.33 10.61 10.91 11.25 11.63 12.04 12.48 12.95 13.44 13.96 14.49 15.05 15.62 16.20 16.79 17.40 18.04 18.70 19.38 20.07 20.76 21.42 21.95 22.31 22.50 22.55 22.45 22.23 21.91 21.58 21.23
4.36 4.31 4.30 4.33 4.41 4.53 4.68 4.87 5.08 5.32 5.58 5.87 6.16 6.48 6.80 7.14 7.50 7.87 8.24 8.62 8.97 9.25 9.45 9.57 9.62 9.60 9.54 9.46 9.38 9.29 9.20 9.11 9.02 8.93 8.85 8.77 8.71 8.66 8.62 8.60 8.60 8.62 8.68 8.77 8.89 9.04 9.21 9.41 9.62 9.85 10.11 10.38 10.68 11.02 11.40 11.81 12.25 12.72 13.22 13.74 14.28 14.84 15.41 16.00 16.59 17.20 17.80 18.42 19.07 19.73 20.41 21.08 21.73 22.24 22.57 22.74 22.74 22.60 22.36 22.07 21.77 21.45
4.42 4.41 4.45 4.52 4.63 4.78 4.95 5.16 5.38 5.63 5.90 6.18 6.47 6.77 7.07 7.38 7.69 8.02 8.34 8.67 8.97 9.20 9.35 9.42 9.42 9.37 9.31 9.23 9.16 9.07 8.99 8.90 8.82 8.74 8.67 8.61 8.56 8.52 8.50 8.49 8.51 8.54 8.61 8.71 8.84 9.00 9.18 9.39 9.62 9.87 10.14 10.44 10.78 11.15 11.56 12.01 12.48 12.98 13.50 14.04 14.60 15.18 15.77 16.37 16.98 17.59 18.20 18.82 19.44 20.08 20.74 21.39 22.02 22.51 22.81 22.94 22.90 22.74 22.54 22.29 22.02 21.73
4.51 4.55 4.62 4.73 4.88 5.05 5.24 5.46 5.69 5.95 6.21 6.49 6.77 7.05 7.33 7.61 7.89 8.16 8.43 8.70 8.95 9.12 9.21 9.23 9.19 9.14 9.08 9.01 8.94 8.86 8.78 8.70 8.62 8.55 8.49 8.44 8.40 8.37 8.36 8.37 8.40 8.45 8.53 8.63 8.77 8.95 9.15 9.37 9.61 9.88 10.18 10.51 10.88 11.29 11.74 12.21 12.71 13.23 13.78 14.34 14.92 15.52 16.12 16.73 17.35 17.97 18.59 19.20 19.82 20.43 21.06 21.69 22.30 22.76 23.02 23.11 23.06 22.94 22.78 22.58 22.34 22.08
4.63 4.71 4.83 4.97 5.14 5.33 5.54 5.77 6.01 6.27 6.53 6.79 7.06 7.32 7.58 7.83 8.07 8.30 8.51 8.72 8.90 9.01 9.05 9.02 8.98 8.93 8.87 8.80 8.72 8.65 8.57 8.50 8.43 8.36 8.31 8.26 8.23 8.22 8.22 8.24 8.28 8.34 8.43 8.55 8.70 8.89 9.10 9.34 9.60 9.90 10.23 10.60 11.00 11.44 11.91 12.41 12.94 13.48 14.05 14.63 15.23 15.84 16.45 17.08 17.70 18.33 18.95 19.56 20.17 20.77 21.37 21.97 22.55 22.97 23.20 23.28 23.27 23.21 23.09 22.93 22.73 22.49
4.78 4.90 5.05 5.22 5.41 5.62 5.85 6.08 6.33 6.58 6.84 7.09 7.34 7.58 7.82 8.03 8.24 8.42 8.58 8.72 8.83 8.88 8.87 8.83 8.79 8.73 8.67 8.60 8.52 8.45 8.37 8.30 8.24 8.18 8.13 8.09 8.06 8.06 8.07 8.10 8.15 8.23 8.33 8.46 8.63 8.83 9.06 9.31 9.60 9.92 10.29 10.69 11.13 11.60 12.09 12.62 13.16 13.73 14.31 14.91 15.52 16.14 16.77 17.40 18.03 18.66 19.28 19.89 20.50 21.09 21.67 22.24 22.78 23.17 23.39 23.52 23.57 23.56 23.49 23.36 23.19 22.97
4.95 5.10 5.28 5.48 5.69 5.92 6.16 6.40 6.65 6.89 7.14 7.38 7.61 7.82 8.03 8.21 8.37 8.51 8.61 8.69 8.74 8.73 8.71 8.67 8.62 8.55 8.49 8.41 8.34 8.26 8.19 8.12 8.05 8.00 7.95 7.92 7.90 7.90 7.92 7.95 8.02 8.10 8.22 8.36 8.54 8.75 9.00 9.28 9.60 9.96 10.36 10.79 11.26 11.75 12.27 12.82 13.38 13.97 14.57 15.18 15.80 16.43 17.06 17.69 18.33 18.95 19.58 20.19 20.78 21.37 21.93 22.48 22.99 23.37 23.65 23.84 23.95 23.99 23.96 23.87 23.73 23.53
5.12 5.31 5.52 5.74 5.97 6.21 6.46 6.70 6.95 7.19 7.42 7.64 7.85 8.04 8.21 8.35 8.47 8.56 8.61 8.63 8.63 8.61 8.57 8.53 8.47 8.40 8.33 8.25 8.17 8.10 8.02 7.95 7.89 7.83 7.79 7.76 7.74 7.75 7.77 7.81 7.88 7.98 8.11 8.26 8.45 8.68 8.94 9.25 9.61 10.00 10.43 10.89 11.38 11.90 12.44 13.01 13.59 14.19 14.80 15.42 16.05 16.69 17.33 17.96 18.59 19.22 19.84 20.44 21.03 21.60 22.15 22.68 23.18 23.63 23.97 24.23 24.40 24.49 24.50 24.45 24.33 24.16
5.29 5.51 5.74 5.99 6.23 6.48 6.74 6.98 7.22 7.45 7.67 7.87 8.05 8.21 8.35 8.45 8.52 8.56 8.56 8.54 8.52 8.49 8.45 8.39 8.33 8.25 8.18 8.09 8.01 7.93 7.85 7.78 7.72 7.66 7.62 7.59 7.58 7.59 7.62 7.67 7.75 7.85 7.99 8.16 8.36 8.60 8.89 9.23 9.61 10.04 10.49 10.98 11.50 12.04 12.60 13.18 13.78 14.39 15.01 15.64 16.28 16.92 17.56 18.20 18.83 19.45 20.06 20.65 21.23 21.79 22.33 22.85 23.35 23.83 24.25 24.57 24.80 24.95 25.01 25.00 24.91 24.76
5.44 5.69 5.94 6.21 6.47 6.73 6.98 7.23 7.46 7.68 7.88 8.06 8.21 8.34 8.43 8.50 8.52 8.51 8.47 8.44 8.41 8.37 8.32 8.25 8.18 8.10 8.02 7.93 7.85 7.76 7.68 7.61 7.55 7.49 7.45 7.43 7.42 7.43 7.47 7.53 7.61 7.73 7.87 8.05 8.26 8.52 8.83 9.20 9.61 10.06 10.54 11.05 11.59 12.15 12.73 13.33 13.94 14.57 15.20 15.84 16.48 17.12 17.76 18.39 19.02 19.64 20.24 20.83 21.39 21.94 22.46 22.97 23.47 23.95 24.41 24.81 25.11 25.31 25.43 25.46 25.42 25.31
5.56 5.84 6.12 6.40 6.67 6.94 7.19 7.43 7.66 7.86 8.04 8.20 8.32 8.42 8.47 8.49 8.47 8.42 8.37 8.33 8.29 8.25 8.19 8.11 8.03 7.95 7.86 7.77 7.68 7.59 7.51 7.44 7.37 7.32 7.28 7.26 7.26 7.27 7.31 7.38 7.47 7.59 7.75 7.94 8.17 8.46 8.79 9.17 9.60 10.07 10.58 11.11 11.67 12.25 12.85 13.46 14.08 14.72 15.36 16.00 16.65 17.29 17.93 18.56 19.18 19.79 20.38 20.96 21.51 22.04 22.56 23.07 23.56 24.04 24.50 24.93 25.31 25.58 25.76 25.85 25.85 25.78
5.67 5.97 6.27 6.56 6.84 7.11 7.37 7.60 7.82 8.01 8.17 8.29 8.39 8.44 8.46 8.43 8.37 8.32 8.26 8.21 8.17 8.12 8.05 7.97 7.88 7.79 7.70 7.60 7.51 7.42 7.33 7.26 7.20 7.14 7.11 7.09 7.09 7.11 7.16 7.23 7.33 7.46 7.63 7.84 8.09 8.40 8.74 9.14 9.59 10.08 10.60 11.16 11.74 12.33 12.94 13.57 14.20 14.84 15.49 16.14 16.78 17.43 18.06 18.69 19.31 19.91 20.49 21.05 21.59 22.12 22.63 23.13 23.62 24.10 24.55 24.99 25.40 25.74 25.99 26.14 26.20 26.18
