data_processed/recharge/precip/Precip_1990_08.asc
ncols        168
nrows        136
xllcorner    455000
yllcorner    2107000
cellsize     500
NODATA_value     -99999
[rows 64 to 95 of 136, columns 73 to 145 of 168]
106.30 102.10 98.67 95.99 94.05 92.84 92.33 92.52 93.37 94.87 96.82 98.99 101.34 103.88 106.61 109.37 111.93 114.24 116.32 118.17 119.80 121.21 122.43 123.45 124.28 124.99 125.66 126.32 126.94 127.52 128.05 128.52 128.91 129.22 129.43 129.55 129.57 129.48 129.27 128.92 128.44 127.87 127.20 126.43 125.57 124.61 123.54 122.37 121.09 119.70 118.23 116.85 115.58 114.39 113.27 112.20 111.17 110.15 109.12 108.07 106.96 105.76 104.43 102.97 101.37 99.66 97.87 96.05 94.21 92.36 90.51 88.66 86.84
103.42 99.04 95.45 92.64 90.60 89.30 88.73 88.87 89.71 91.23 93.40 96.03 98.92 102.00 105.12 108.02 110.67 113.07 115.23 117.15 118.85 120.34 121.61 122.69 123.58 124.34 125.06 125.76 126.41 127.02 127.57 128.06 128.46 128.78 128.99 129.10 129.09 128.97 128.72 128.36 127.90 127.34 126.70 125.96 125.13 124.19 123.15 122.01 120.76 119.40 117.96 116.60 115.34 114.16 113.03 111.95 110.89 109.83 108.76 107.66 106.50 105.26 103.90 102.39 100.74 99.01 97.23 95.42 93.58 91.72 89.86 88.01 86.18
100.57 96.08 92.41 89.55 87.47 86.16 85.60 85.78 86.68 88.28 90.57 93.51 96.92 100.41 103.68 106.69 109.43 111.91 114.15 116.15 117.93 119.48 120.83 121.97 122.92 123.73 124.50 125.23 125.93 126.57 127.14 127.64 128.06 128.39 128.60 128.71 128.68 128.53 128.26 127.90 127.46 126.92 126.30 125.58 124.76 123.85 122.83 121.71 120.48 119.14 117.73 116.39 115.13 113.94 112.80 111.70 110.60 109.51 108.38 107.22 105.99 104.68 103.27 101.72 100.07 98.36 96.59 94.79 92.96 91.11 89.25 87.39 85.55
97.77 93.26 89.59 86.74 84.70 83.46 82.99 83.27 84.31 86.06 88.53 91.67 95.27 98.89 102.27 105.37 108.20 110.77 113.10 115.18 117.03 118.66 120.07 121.28 122.28 123.15 123.97 124.75 125.48 126.16 126.76 127.28 127.72 128.05 128.27 128.37 128.34 128.18 127.92 127.57 127.13 126.61 125.99 125.29 124.48 123.58 122.58 121.47 120.26 118.94 117.54 116.20 114.94 113.74 112.58 111.44 110.31 109.16 107.98 106.75 105.45 104.05 102.56 101.01 99.39 97.70 95.97 94.18 92.36 90.52 88.67 86.82 84.98
95.07 90.60 87.00 84.25 82.33 81.22 80.91 81.39 82.63 84.61 87.32 90.53 93.93 97.43 100.87 104.06 106.99 109.66 112.07 114.23 116.16 117.87 119.35 120.62 121.69 122.61 123.49 124.31 125.09 125.80 126.43 126.98 127.43 127.77 128.00 128.10 128.08 127.94 127.70 127.35 126.92 126.40 125.79 125.08 124.28 123.39 122.39 121.29 120.08 118.77 117.38 116.04 114.77 113.55 112.36 111.19 110.01 108.81 107.56 106.25 104.86 103.39 101.86 100.31 98.72 97.06 95.35 93.60 91.80 89.98 88.14 86.30 84.46
92.49 88.15 84.69 82.11 80.38 79.49 79.42 80.15 81.68 83.96 86.77 89.79 92.93 96.19 99.52 102.78 105.81 108.56 111.07 113.32 115.33 117.11 118.66 120.00 121.14 122.12 123.05 123.93 124.74 125.49 126.15 126.72 127.20 127.56 127.79 127.91 127.91 127.79 127.57 127.24 126.81 126.28 125.67 124.96 124.16 123.27 122.27 121.17 119.96 118.65 117.26 115.91 114.62 113.38 112.15 110.94 109.70 108.43 107.11 105.72 104.25 102.74 101.21 99.65 98.07 96.45 94.77 93.05 91.28 89.48 87.66 85.83 84.01
90.08 85.93 82.70 80.36 78.90 78.29 78.54 79.61 81.47 83.90 86.56 89.35 92.26 95.28 98.39 101.56 104.65 107.50 110.09 112.43 114.53 116.39 118.02 119.43 120.63 121.68 122.66 123.59 124.45 125.23 125.93 126.53 127.03 127.40 127.66 127.80 127.82 127.74 127.54 127.23 126.81 126.27 125.65 124.93 124.12 123.21 122.21 121.10 119.89 118.57 117.17 115.81 114.50 113.22 111.95 110.68 109.38 108.04 106.64 105.17 103.67 102.15 100.61 99.06 97.48 95.87 94.23 92.54 90.81 89.04 87.25 85.44 83.64
87.86 83.99 81.05 79.03 77.91 77.67 78.30 79.77 81.83 84.13 86.58 89.17 91.88 94.69 97.58 100.54 103.55 106.47 109.16 111.59 113.77 115.70 117.41 118.90 120.17 121.28 122.32 123.30 124.21 125.04 125.77 126.40 126.92 127.32 127.61 127.77 127.83 127.77 127.59 127.30 126.89 126.36 125.72 124.98 124.16 123.23 122.21 121.09 119.86 118.53 117.11 115.73 114.39 113.06 111.75 110.41 109.05 107.63 106.16 104.65 103.14 101.62 100.08 98.52 96.95 95.36 93.74 92.09 90.40 88.67 86.91 85.13 83.35
85.88 82.35 79.78 78.16 77.45 77.66 78.73 80.43 82.39 84.52 86.79 89.20 91.73 94.35 97.06 99.83 102.66 105.50 108.26 110.78 113.05 115.07 116.85 118.42 119.76 120.93 122.04 123.08 124.03 124.91 125.68 126.34 126.89 127.32 127.63 127.83 127.91 127.87 127.71 127.43 127.03 126.51 125.87 125.12 124.27 123.32 122.27 121.13 119.88 118.52 117.09 115.68 114.29 112.92 111.55 110.15 108.71 107.21 105.70 104.19 102.67 101.15 99.61 98.07 96.50 94.92 93.33 91.70 90.05 88.37 86.65 84.91 83.16
84.15 81.05 78.93 77.77 77.56 78.26 79.62 81.25 83.06 85.03 87.16 89.41 91.77 94.24 96.78 99.39 102.04 104.73 107.42 110.01 112.37 114.48 116.35 117.98 119.40 120.65 121.81 122.91 123.92 124.84 125.65 126.35 126.93 127.39 127.73 127.96 128.06 128.04 127.90 127.63 127.24 126.73 126.09 125.33 124.45 123.48 122.40 121.22 119.94 118.56 117.10 115.65 114.22 112.79 111.35 109.88 108.36 106.84 105.31 103.79 102.27 100.75 99.22 97.69 96.14 94.58 93.00 91.41 89.80 88.16 86.48 84.79 83.08
82.73 80.13 78.53 77.91 78.25 79.27 80.59 82.10 83.78 85.63 87.62 89.74 91.98 94.30 96.71 99.17 101.68 104.22 106.78 109.32 111.74 113.94 115.89 117.61 119.10 120.42 121.65 122.80 123.87 124.83 125.69 126.42 127.04 127.53 127.90 128.14 128.27 128.26 128.14 127.88 127.50 127.00 126.36 125.60 124.71 123.70 122.58 121.37 120.06 118.64 117.13 115.64 114.15 112.67 111.15 109.61 108.06 106.52 104.99 103.47 101.95 100.44 98.92 97.40 95.87 94.33 92.78 91.22 89.64 88.04 86.42 84.77 83.11
81.64 79.61 78.61 78.60 79.30 80.31 81.53 82.94 84.53 86.27 88.16 90.17 92.29 94.50 96.79 99.14 101.53 103.95 106.38 108.80 111.18 113.45 115.49 117.29 118.86 120.25 121.55 122.77 123.89 124.90 125.79 126.56 127.21 127.73 128.12 128.39 128.53 128.54 128.43 128.18 127.81 127.31 126.67 125.91 125.01 123.98 122.83 121.57 120.21 118.75 117.20 115.65 114.11 112.55 110.97 109.39 107.83 106.28 104.75 103.23 101.71 100.21 98.70 97.20 95.69 94.18 92.66 91.14 89.60 88.04 86.47 84.87 83.26
80.92 79.54 79.19 79.58 80.30 81.24 82.39 83.73 85.24 86.91 88.71 90.64 92.67 94.80 97.00 99.25 101.55 103.86 106.19 108.51 110.80 113.04 115.15 117.03 118.68 120.15 121.52 122.80 123.97 125.03 125.95 126.75 127.43 127.97 128.39 128.68 128.83 128.86 128.76 128.52 128.15 127.65 127.01 126.24 125.34 124.30 123.12 121.82 120.41 118.89 117.29 115.69 114.07 112.45 110.83 109.24 107.67 106.12 104.59 103.07 101.57 100.07 98.59 97.11 95.62 94.14 92.66 91.17 89.67 88.16 86.64 85.10 83.55
80.60 79.93 80.02 80.46 81.14 82.04 83.14 84.43 85.89 87.50 89.25 91.11 93.09 95.15 97.28 99.46 101.68 103.93 106.18 108.41 110.62 112.78 114.88 116.84 118.57 120.11 121.55 122.89 124.11 125.20 126.16 126.99 127.69 128.26 128.70 129.00 129.18 129.21 129.12 128.89 128.52 128.02 127.38 126.60 125.69 124.63 123.44 122.11 120.64 119.07 117.42 115.74 114.06 112.40 110.77 109.17 107.60 106.05 104.52 103.01 101.52 100.04 98.58 97.12 95.67 94.22 92.78 91.33 89.88 88.42 86.95 85.47 83.98
80.70 80.51 80.69 81.12 81.78 82.65 83.73 84.99 86.42 88.00 89.72 91.55 93.48 95.50 97.59 99.73 101.90 104.10 106.29 108.47 110.63 112.73 114.77 116.72 118.52 120.15 121.66 123.04 124.30 125.42 126.41 127.27 127.99 128.58 129.04 129.36 129.54 129.59 129.50 129.28 128.91 128.40 127.76 126.97 126.05 124.98 123.77 122.41 120.91 119.28 117.56 115.82 114.11 112.44 110.80 109.19 107.62 106.07 104.55 103.06 101.58 100.12 98.68 97.25 95.83 94.42 93.02 91.62 90.21 88.81 87.40 85.98 84.56
80.96 80.88 81.07 81.50 82.17 83.05 84.13 85.38 86.81 88.38 90.09 91.91 93.83 95.83 97.90 100.02 102.17 104.33 106.50 108.65 110.77 112.83 114.83 116.75 118.56 120.25 121.81 123.23 124.52 125.67 126.69 127.58 128.33 128.94 129.41 129.74 129.94 129.99 129.91 129.68 129.31 128.80 128.15 127.35 126.41 125.33 124.10 122.72 121.19 119.52 117.74 115.97 114.24 112.56 110.91 109.31 107.74 106.20 104.69 103.21 101.75 100.32 98.90 97.51 96.13 94.76 93.40 92.04 90.69 89.35 88.00 86.65 85.29
81.25 81.20 81.40 81.86 82.54 83.43 84.52 85.79 87.22 88.80 90.50 92.32 94.24 96.24 98.30 100.40 102.54 104.69 106.84 108.96 111.06 113.10 115.07 116.95 118.76 120.48 122.07 123.53 124.85 126.03 127.07 127.97 128.74 129.36 129.85 130.19 130.39 130.45 130.36 130.13 129.76 129.24 128.57 127.76 126.80 125.69 124.44 123.03 121.48 119.78 118.01 116.24 114.50 112.80 111.16 109.55 107.98 106.45 104.96 103.50 102.06 100.65 99.27 97.91 96.57 95.24 93.93 92.62 91.33 90.04 88.76 87.48 86.19
81.90 81.85 82.07 82.54 83.23 84.13 85.22 86.49 87.92 89.49 91.19 93.00 94.91 96.89 98.93 101.02 103.14 105.26 107.39 109.49 111.55 113.55 115.49 117.35 119.17 120.92 122.54 124.02 125.36 126.56 127.62 128.54 129.31 129.94 130.43 130.77 130.96 131.02 130.92 130.68 130.29 129.75 129.06 128.22 127.24 126.10 124.81 123.36 121.78 120.11 118.39 116.64 114.90 113.20 111.55 109.94 108.38 106.86 105.38 103.94 102.53 101.15 99.79 98.47 97.16 95.88 94.61 93.36 92.13 90.90 89.68 88.47 87.25
82.94 82.88 83.10 83.57 84.26 85.15 86.24 87.50 88.92 90.48 92.17 93.96 95.84 97.80 99.82 101.88 103.97 106.06 108.15 110.21 112.23 114.19 116.10 117.96 119.79 121.56 123.21 124.71 126.07 127.27 128.34 129.26 130.03 130.65 131.13 131.47 131.65 131.68 131.57 131.30 130.89 130.32 129.60 128.73 127.71 126.53 125.19 123.72 122.14 120.51 118.84 117.14 115.43 113.74 112.08 110.48 108.93 107.42 105.95 104.52 103.14 101.78 100.46 99.17 97.91 96.67 95.45 94.25 93.07 91.90 90.75 89.61 88.47
84.32 84.26 84.48 84.93 85.61 86.50 87.57 88.81 90.21 91.75 93.41 95.18 97.03 98.96 100.94 102.97 105.01 107.06 109.11 111.12 113.09 115.02 116.91 118.78 120.61 122.39 124.05 125.57 126.94 128.15 129.21 130.12 130.88 131.49 131.96 132.27 132.43 132.44 132.30 132.00 131.55 130.95 130.19 129.27 128.20 126.97 125.60 124.12 122.58 120.98 119.36 117.71 116.05 114.39 112.75 111.15 109.60 108.10 106.65 105.24 103.88 102.55 101.26 100.00 98.78 97.59 96.42 95.27 94.15 93.04 91.96 90.88 89.84
86.02 85.96 86.17 86.62 87.29 88.15 89.20 90.42 91.79 93.29 94.92 96.65 98.47 100.35 102.29 104.27 106.27 108.27 110.26 112.21 114.14 116.04 117.92 119.77 121.60 123.37 125.04 126.57 127.95 129.17 130.22 131.11 131.86 132.45 132.88 133.17 133.30 133.27 133.09 132.75 132.26 131.61 130.80 129.83 128.70 127.42 126.04 124.58 123.07 121.52 119.94 118.35 116.74 115.13 113.51 111.92 110.38 108.90 107.46 106.07 104.73 103.43 102.18 100.96 99.77 98.62 97.50 96.41 95.35 94.30 93.29 92.31 91.36
87.99 87.93 88.14 88.59 89.25 90.10 91.11 92.30 93.63 95.10 96.68 98.36 100.13 101.97 103.85 105.77 107.71 109.65 111.58 113.48 115.37 117.24 119.10 120.93 122.74 124.50 126.16 127.69 129.08 130.30 131.35 132.22 132.94 133.49 133.90 134.14 134.23 134.16 133.93 133.54 133.00 132.29 131.42 130.39 129.20 127.91 126.53 125.09 123.61 122.10 120.58 119.04 117.48 115.92 114.35 112.80 111.27 109.79 108.37 107.01 105.69 104.42 103.20 102.01 100.87 99.77 98.70 97.66 96.65 95.68 94.75 93.87 93.02
90.20 90.15 90.36 90.81 91.47 92.31 93.30 94.44 95.73 97.14 98.67 100.30 102.01 103.79 105.62 107.47 109.34 111.22 113.08 114.93 116.77 118.61 120.43 122.23 124.01 125.74 127.38 128.90 130.28 131.51 132.56 133.43 134.11 134.62 134.98 135.18 135.22 135.09 134.81 134.36 133.75 132.98 132.04 130.94 129.73 128.43 127.07 125.65 124.20 122.73 121.26 119.77 118.27 116.75 115.24 113.73 112.24 110.78 109.38 108.03 106.74 105.50 104.31 103.16 102.06 101.00 99.98 99.00 98.05 97.17 96.34 95.56 94.80
92.62 92.57 92.79 93.25 93.91 94.74 95.73 96.84 98.07 99.43 100.90 102.46 104.11 105.81 107.57 109.35 111.15 112.94 114.74 116.54 118.33 120.11 121.89 123.65 125.39 127.09 128.70 130.19 131.56 132.77 133.82 134.69 135.35 135.82 136.12 136.26 136.24 136.06 135.70 135.19 134.50 133.66 132.65 131.52 130.29 128.99 127.63 126.24 124.82 123.40 121.98 120.55 119.09 117.63 116.16 114.70 113.25 111.83 110.45 109.13 107.86 106.65 105.49 104.38 103.32 102.31 101.34 100.42 99.56 98.78 98.06 97.36 96.68
95.20 95.17 95.40 95.86 96.52 97.36 98.34 99.44 100.64 101.93 103.33 104.82 106.39 108.02 109.69 111.39 113.11 114.83 116.56 118.29 120.02 121.74 123.46 125.16 126.86 128.51 130.08 131.54 132.88 134.07 135.10 135.96 136.62 137.06 137.31 137.39 137.29 137.03 136.61 136.01 135.25 134.32 133.27 132.11 130.87 129.57 128.23 126.85 125.47 124.09 122.73 121.35 119.95 118.53 117.11 115.70 114.30 112.93 111.58 110.28 109.04 107.86 106.74 105.67 104.65 103.69 102.77 101.94 101.19 100.51 99.87 99.26 98.64
97.91 97.90 98.14 98.61 99.28 100.12 101.11 102.21 103.40 104.65 105.97 107.38 108.86 110.41 111.99 113.60 115.22 116.86 118.51 120.16 121.82 123.47 125.12 126.76 128.39 129.99 131.51 132.92 134.22 135.38 136.39 137.22 137.87 138.31 138.52 138.53 138.35 138.01 137.50 136.82 135.97 134.99 133.90 132.72 131.47 130.17 128.84 127.48 126.13 124.80 123.49 122.17 120.82 119.46 118.09 116.73 115.38 114.05 112.74 111.48 110.27 109.12 108.03 107.00 106.03 105.11 104.29 103.56 102.91 102.32 101.77 101.22 100.67
100.72 100.73 100.98 101.46 102.15 103.00 103.99 105.09 106.28 107.52 108.79 110.12 111.51 112.95 114.43 115.94 117.47 119.01 120.57 122.13 123.70 125.28 126.85 128.41 129.97 131.50 132.96 134.32 135.57 136.69 137.66 138.46 139.08 139.50 139.70 139.66 139.41 138.98 138.37 137.60 136.68 135.66 134.53 133.34 132.08 130.78 129.45 128.12 126.81 125.52 124.27 123.00 121.70 120.39 119.08 117.76 116.46 115.18 113.92 112.70 111.53 110.41 109.36 108.37 107.44 106.62 105.90 105.28 104.72 104.21 103.73 103.25 102.75
103.59 103.61 103.89 104.39 105.08 105.94 106.94 108.05 109.24 110.48 111.75 113.02 114.31 115.65 117.01 118.41 119.83 121.27 122.72 124.19 125.66 127.14 128.62 130.10 131.58 133.03 134.41 135.71 136.90 137.96 138.88 139.64 140.23 140.62 140.79 140.74 140.44 139.92 139.21 138.36 137.39 136.32 135.17 133.95 132.68 131.38 130.07 128.76 127.48 126.24 125.04 123.83 122.59 121.33 120.07 118.81 117.55 116.32 115.11 113.93 112.80 111.72 110.70 109.76 108.92 108.21 107.60 107.06 106.59 106.16 105.74 105.31 104.86
106.48 106.53 106.83 107.34 108.05 108.93 109.94 111.05 112.25 113.49 114.76 116.02 117.25 118.46 119.71 120.98 122.28 123.60 124.94 126.30 127.67 129.04 130.42 131.81 133.19 134.55 135.85 137.07 138.19 139.19 140.05 140.76 141.30 141.64 141.79 141.71 141.38 140.81 140.03 139.11 138.09 136.97 135.79 134.55 133.27 131.97 130.67 129.39 128.15 126.95 125.81 124.65 123.47 122.27 121.05 119.84 118.64 117.45 116.29 115.16 114.07 113.03 112.06 111.21 110.48 109.87 109.35 108.91 108.51 108.14 107.78 107.40 106.99
109.36 109.43 109.76 110.30 111.02 111.92 112.94 114.07 115.27 116.52 117.79 119.05 120.25 121.38 122.49 123.63 124.80 126.00 127.21 128.45 129.70 130.96 132.23 133.51 134.79 136.05 137.25 138.38 139.42 140.34 141.13 141.78 142.26 142.56 142.66 142.54 142.18 141.61 140.81 139.84 138.76 137.61 136.39 135.13 133.84 132.55 131.26 130.01 128.80 127.65 126.56 125.46 124.33 123.19 122.03 120.87 119.71 118.57 117.46 116.37 115.33 114.35 113.47 112.72 112.10 111.59 111.16 110.79 110.46 110.15 109.83 109.50 109.11
112.19 112.29 112.64 113.21 113.96 114.87 115.91 117.05 118.27 119.53 120.80 122.03 123.21 124.31 125.34 126.35 127.37 128.43 129.51 130.61 131.74 132.87 134.02 135.18 136.34 137.50 138.60 139.63 140.57 141.41 142.12 142.69 143.10 143.34 143.38 143.21 142.84 142.27 141.49 140.52 139.40 138.21 136.96 135.68 134.38 133.09 131.82 130.59 129.42 128.32 127.29 126.25 125.18 124.08 122.98 121.87 120.77 119.68 118.61 117.57 116.58 115.69 114.93 114.29 113.77 113.34 112.99 112.69 112.42 112.16 111.88 111.58 111.22
114.93 115.06 115.44 116.04 116.82 117.75 118.81 119.97 121.20 122.46 123.71 124.92 126.08 127.17 128.17 129.09 129.97 130.88 131.82 132.78 133.76 134.76 135.78 136.81 137.85 138.87 139.86 140.78 141.62 142.36 142.98 143.47 143.80 143.96 143.94 143.73 143.35 142.78 142.03 141.10 139.99 138.77 137.49 136.19 134.89 133.60 132.35 131.14 130.01 128.96 127.98 127.00 125.99 124.95 123.90 122.84 121.79 120.75 119.73 118.75 117.86 117.10 116.45 115.91 115.47 115.12 114.83 114.59 114.37 114.15 113.91 113.63 113.28
