data_processed/recharge/precip/Precip_1999_03.asc
ncols        168
nrows        136
xllcorner    455000
yllcorner    2107000
cellsize     500
NODATA_value     -99999
[rows 72 to 107 of 136, columns 0 to 80 of 168]
28.46 28.54 28.58 28.60 28.58 28.54 28.47 28.38 28.27 28.14 27.99 27.83 27.65 27.46 27.26 27.05 26.84 26.62 26.40 26.17 25.95 25.72 25.46 25.19 24.90 24.59 24.27 23.93 23.57 23.20 22.82 22.42 22.01 21.59 21.15 20.70 20.25 19.78 19.30 18.82 18.33 17.85 17.36 16.88 16.40 15.92 15.44 14.97 14.49 14.01 13.54 13.07 12.60 12.12 11.65 11.18 10.72 10.25 9.78 9.32 8.85 8.39 7.94 7.50 7.07 6.65 6.24 5.84 5.45 5.06 4.68 4.32 3.95 3.60 3.26 2.92 2.59 2.26 1.94 1.63 1.33
28.40 28.49 28.53 28.55 28.53 28.48 28.42 28.32 28.21 28.08 27.93 27.77 27.59 27.40 27.20 26.99 26.78 26.56 26.35 26.13 25.91 25.68 25.43 25.16 24.87 24.57 24.25 23.91 23.56 23.19 22.81 22.41 22.00 21.58 21.15 20.70 20.25 19.78 19.31 18.83 18.36 17.88 17.41 16.94 16.46 15.99 15.52 15.05 14.58 14.12 13.65 13.18 12.71 12.25 11.78 11.32 10.85 10.39 9.92 9.46 9.00 8.53 8.08 7.63 7.19 6.76 6.34 5.93 5.53 5.14 4.75 4.37 4.00 3.64 3.29 2.94 2.60 2.26 1.94 1.62 1.31
28.36 28.44 28.49 28.51 28.49 28.44 28.37 28.28 28.17 28.03 27.88 27.72 27.54 27.36 27.16 26.95 26.74 26.53 26.31 26.09 25.88 25.65 25.41 25.14 24.86 24.56 24.24 23.91 23.56 23.19 22.81 22.42 22.01 21.59 21.16 20.72 20.27 19.80 19.34 18.87 18.41 17.94 17.48 17.02 16.56 16.09 15.63 15.17 14.71 14.25 13.79 13.32 12.86 12.40 11.94 11.48 11.02 10.56 10.10 9.64 9.18 8.72 8.25 7.80 7.35 6.91 6.48 6.06 5.65 5.25 4.86 4.47 4.09 3.72 3.36 3.00 2.65 2.31 1.97 1.64 1.32
28.31 28.40 28.46 28.48 28.46 28.42 28.34 28.25 28.14 28.00 27.85 27.69 27.51 27.33 27.13 26.93 26.72 26.51 26.29 26.08 25.87 25.65 25.40 25.14 24.86 24.57 24.25 23.92 23.58 23.21 22.84 22.45 22.04 21.63 21.20 20.76 20.31 19.85 19.40 18.95 18.49 18.04 17.59 17.13 16.68 16.23 15.77 15.32 14.86 14.41 13.96 13.50 13.05 12.59 12.14 11.68 11.22 10.77 10.31 9.85 9.39 8.93 8.47 8.01 7.55 7.11 6.67 6.24 5.82 5.41 5.00 4.61 4.22 3.84 3.47 3.10 2.74 2.39 2.04 1.70 1.37
28.26 28.36 28.42 28.45 28.45 28.40 28.33 28.24 28.12 27.99 27.84 27.68 27.50 27.31 27.12 26.92 26.71 26.50 26.29 26.09 25.88 25.66 25.42 25.16 24.89 24.59 24.28 23.96 23.61 23.25 22.88 22.49 22.09 21.68 21.25 20.81 20.37 19.93 19.49 19.05 18.61 18.16 17.72 17.28 16.84 16.39 15.95 15.50 15.05 14.61 14.16 13.71 13.26 12.81 12.36 11.91 11.46 11.01 10.55 10.10 9.64 9.18 8.72 8.26 7.80 7.35 6.90 6.46 6.03 5.61 5.20 4.79 4.39 4.00 3.62 3.24 2.87 2.51 2.15 1.80 1.46
28.21 28.31 28.39 28.43 28.43 28.40 28.34 28.24 28.12 27.99 27.84 27.68 27.50 27.32 27.13 26.93 26.73 26.52 26.31 26.11 25.90 25.69 25.46 25.20 24.93 24.64 24.33 24.01 23.67 23.31 22.94 22.56 22.16 21.75 21.33 20.90 20.47 20.04 19.62 19.19 18.76 18.32 17.89 17.46 17.02 16.59 16.15 15.72 15.28 14.84 14.40 13.96 13.51 13.07 12.63 12.18 11.73 11.28 10.83 10.38 9.92 9.47 9.01 8.55 8.10 7.63 7.18 6.73 6.29 5.86 5.43 5.02 4.61 4.21 3.81 3.42 3.04 2.67 2.30 1.94 1.59
28.15 28.26 28.35 28.40 28.42 28.40 28.35 28.26 28.15 28.01 27.86 27.70 27.53 27.35 27.15 26.96 26.76 26.55 26.35 26.15 25.95 25.74 25.51 25.26 25.00 24.71 24.41 24.09 23.75 23.40 23.03 22.65 22.25 21.85 21.43 21.02 20.61 20.19 19.77 19.36 18.94 18.52 18.10 17.67 17.25 16.82 16.40 15.97 15.54 15.11 14.67 14.24 13.80 13.36 12.92 12.48 12.04 11.59 11.15 10.70 10.25 9.80 9.34 8.88 8.43 7.96 7.50 7.04 6.59 6.15 5.72 5.29 4.87 4.46 4.05 3.65 3.26 2.88 2.50 2.12 1.76
28.08 28.21 28.30 28.36 28.40 28.39 28.36 28.29 28.18 28.05 27.90 27.74 27.57 27.39 27.20 27.01 26.81 26.61 26.41 26.21 26.02 25.81 25.59 25.34 25.08 24.80 24.50 24.18 23.85 23.50 23.14 22.76 22.37 21.97 21.57 21.17 20.77 20.37 19.97 19.56 19.16 18.75 18.34 17.92 17.51 17.09 16.68 16.26 15.83 15.41 14.98 14.56 14.13 13.70 13.26 12.83 12.39 11.95 11.50 11.06 10.61 10.16 9.71 9.25 8.80 8.34 7.87 7.41 6.95 6.49 6.05 5.61 5.18 4.76 4.34 3.93 3.53 3.13 2.74 2.36 1.98
28.01 28.14 28.25 28.32 28.37 28.39 28.37 28.32 28.23 28.11 27.96 27.80 27.63 27.45 27.27 27.08 26.88 26.69 26.49 26.30 26.11 25.91 25.69 25.45 25.19 24.91 24.61 24.30 23.97 23.63 23.27 22.89 22.51 22.13 21.75 21.36 20.98 20.59 20.20 19.80 19.41 19.01 18.61 18.21 17.81 17.40 16.99 16.58 16.17 15.75 15.34 14.91 14.49 14.07 13.64 13.21 12.77 12.34 11.90 11.46 11.01 10.57 10.12 9.66 9.21 8.75 8.29 7.82 7.35 6.89 6.43 5.98 5.54 5.11 4.68 4.26 3.84 3.43 3.03 2.63 2.25
27.92 28.06 28.18 28.27 28.34 28.37 28.37 28.34 28.28 28.18 28.04 27.89 27.72 27.54 27.36 27.17 26.98 26.78 26.59 26.40 26.22 26.02 25.81 25.57 25.32 25.04 24.75 24.44 24.12 23.78 23.42 23.06 22.70 22.33 21.96 21.59 21.22 20.84 20.47 20.08 19.70 19.32 18.93 18.54 18.14 17.75 17.35 16.95 16.54 16.14 15.72 15.31 14.90 14.48 14.05 13.63 13.20 12.77 12.34 11.90 11.46 11.01 10.57 10.11 9.66 9.20 8.74 8.28 7.81 7.34 6.87 6.41 5.96 5.51 5.07 4.64 4.21 3.79 3.37 2.96 2.56
27.81 27.97 28.11 28.21 28.29 28.34 28.37 28.36 28.32 28.24 28.13 27.99 27.82 27.65 27.47 27.28 27.09 26.90 26.72 26.53 26.35 26.16 25.95 25.72 25.47 25.20 24.91 24.61 24.29 23.95 23.61 23.27 22.92 22.57 22.21 21.86 21.50 21.14 20.77 20.40 20.03 19.66 19.28 18.90 18.52 18.13 17.75 17.35 16.96 16.56 16.16 15.75 15.34 14.93 14.51 14.09 13.67 13.24 12.81 12.38 11.94 11.50 11.06 10.61 10.16 9.70 9.24 8.78 8.31 7.84 7.36 6.89 6.42 5.97 5.51 5.07 4.63 4.19 3.77 3.35 2.93
27.69 27.86 28.01 28.14 28.24 28.31 28.35 28.37 28.35 28.30 28.22 28.10 27.95 27.78 27.60 27.42 27.23 27.05 26.87 26.69 26.51 26.32 26.12 25.89 25.65 25.38 25.10 24.80 24.49 24.16 23.84 23.51 23.18 22.84 22.50 22.16 21.82 21.47 21.12 20.76 20.41 20.04 19.68 19.31 18.94 18.56 18.18 17.80 17.41 17.02 16.63 16.23 15.83 15.42 15.01 14.60 14.18 13.76 13.34 12.91 12.47 12.04 11.59 11.15 10.70 10.24 9.79 9.32 8.86 8.38 7.91 7.43 6.95 6.48 6.01 5.55 5.10 4.66 4.21 3.78 3.36
27.55 27.74 27.91 28.05 28.17 28.26 28.33 28.36 28.37 28.35 28.29 28.21 28.09 27.93 27.76 27.58 27.40 27.22 27.04 26.86 26.69 26.51 26.31 26.09 25.85 25.59 25.31 25.02 24.72 24.41 24.10 23.79 23.48 23.16 22.83 22.51 22.18 21.84 21.51 21.16 20.82 20.47 20.12 19.76 19.40 19.03 18.66 18.29 17.91 17.53 17.14 16.75 16.36 15.96 15.56 15.15 14.74 14.32 13.90 13.48 13.05 12.62 12.18 11.73 11.29 10.83 10.38 9.91 9.45 8.98 8.50 8.02 7.53 7.05 6.57 6.10 5.63 5.17 4.72 4.27 3.83
27.39 27.59 27.78 27.94 28.08 28.20 28.28 28.35 28.38 28.39 28.36 28.30 28.22 28.09 27.94 27.76 27.59 27.41 27.24 27.07 26.90 26.73 26.53 26.31 26.08 25.82 25.55 25.27 24.99 24.70 24.41 24.12 23.82 23.51 23.21 22.90 22.58 22.26 21.94 21.61 21.27 20.94 20.60 20.25 19.90 19.55 19.19 18.82 18.46 18.08 17.71 17.32 16.94 16.55 16.15 15.75 15.34 14.93 14.52 14.10 13.67 13.24 12.81 12.37 11.92 11.47 11.01 10.55 10.09 9.62 9.14 8.66 8.17 7.68 7.19 6.70 6.22 5.75 5.28 4.82 4.37
27.20 27.43 27.63 27.81 27.98 28.11 28.23 28.32 28.38 28.41 28.42 28.39 28.34 28.25 28.13 27.97 27.80 27.63 27.46 27.30 27.14 26.97 26.78 26.57 26.34 26.09 25.83 25.57 25.31 25.04 24.76 24.48 24.20 23.91 23.62 23.33 23.03 22.72 22.41 22.09 21.78 21.45 21.12 20.79 20.45 20.11 19.76 19.40 19.04 18.68 18.31 17.94 17.56 17.18 16.79 16.39 15.99 15.59 15.18 14.76 14.34 13.92 13.48 13.05 12.60 12.16 11.70 11.24 10.78 10.31 9.83 9.35 8.86 8.36 7.87 7.37 6.87 6.39 5.90 5.43 4.96
26.99 27.23 27.46 27.66 27.85 28.01 28.15 28.27 28.36 28.42 28.46 28.47 28.45 28.39 28.31 28.19 28.04 27.88 27.71 27.55 27.40 27.24 27.05 26.85 26.62 26.39 26.15 25.91 25.66 25.41 25.16 24.90 24.63 24.36 24.08 23.80 23.52 23.22 22.93 22.63 22.32 22.01 21.69 21.37 21.04 20.71 20.37 20.03 19.68 19.33 18.97 18.60 18.23 17.85 17.47 17.09 16.69 16.29 15.89 15.48 15.06 14.64 14.21 13.78 13.34 12.89 12.44 11.98 11.52 11.05 10.57 10.09 9.60 9.10 8.60 8.09 7.59 7.09 6.59 6.10 5.62
26.75 27.01 27.26 27.49 27.70 27.89 28.05 28.20 28.32 28.42 28.48 28.53 28.54 28.53 28.48 28.40 28.29 28.15 27.99 27.84 27.69 27.53 27.35 27.16 26.95 26.74 26.52 26.30 26.07 25.83 25.60 25.35 25.10 24.85 24.59 24.32 24.05 23.78 23.49 23.21 22.91 22.61 22.31 22.00 21.68 21.36 21.04 20.70 20.36 20.02 19.67 19.31 18.95 18.58 18.21 17.83 17.44 17.05 16.65 16.24 15.83 15.41 14.99 14.56 14.12 13.68 13.23 12.77 12.31 11.84 11.36 10.88 10.39 9.89 9.39 8.88 8.37 7.85 7.34 6.83 6.34
26.48 26.77 27.04 27.29 27.52 27.74 27.94 28.11 28.26 28.39 28.49 28.57 28.62 28.64 28.64 28.60 28.53 28.43 28.30 28.15 28.01 27.86 27.69 27.51 27.32 27.13 26.93 26.72 26.52 26.30 26.08 25.85 25.62 25.38 25.14 24.89 24.63 24.37 24.11 23.83 23.55 23.27 22.98 22.68 22.38 22.07 21.75 21.43 21.10 20.76 20.42 20.07 19.72 19.36 18.99 18.62 18.24 17.85 17.46 17.06 16.65 16.24 15.82 15.39 14.96 14.52 14.07 13.61 13.15 12.68 12.21 11.72 11.23 10.74 10.23 9.72 9.20 8.68 8.15 7.63 7.12
26.18 26.49 26.78 27.06 27.32 27.57 27.79 27.99 28.18 28.34 28.48 28.59 28.68 28.74 28.78 28.78 28.76 28.70 28.61 28.49 28.36 28.22 28.06 27.90 27.74 27.56 27.39 27.20 27.01 26.81 26.61 26.40 26.19 25.97 25.74 25.51 25.27 25.02 24.77 24.51 24.24 23.97 23.69 23.41 23.11 22.82 22.51 22.20 21.88 21.56 21.22 20.89 20.54 20.19 19.83 19.46 19.09 18.71 18.32 17.93 17.52 17.11 16.70 16.28 15.84 15.41 14.96 14.51 14.05 13.58 13.11 12.62 12.13 11.64 11.13 10.62 10.10 9.57 9.04 8.50 7.97
25.84 26.18 26.49 26.80 27.09 27.36 27.62 27.85 28.07 28.27 28.44 28.59 28.72 28.82 28.90 28.95 28.97 28.96 28.91 28.84 28.74 28.61 28.48 28.34 28.20 28.05 27.89 27.72 27.55 27.37 27.19 27.00 26.80 26.60 26.39 26.17 25.94 25.71 25.48 25.23 24.98 24.72 24.46 24.18 23.90 23.62 23.32 23.02 22.71 22.40 22.08 21.75 21.41 21.07 20.71 20.35 19.99 19.61 19.23 18.84 18.45 18.04 17.63 17.21 16.79 16.35 15.91 15.46 15.00 14.53 14.06 13.58 13.09 12.59 12.08 11.57 11.05 10.52 9.98 9.43 8.90
25.48 25.83 26.18 26.51 26.82 27.13 27.41 27.68 27.93 28.16 28.37 28.56 28.72 28.86 28.98 29.07 29.13 29.17 29.18 29.15 29.11 29.03 28.92 28.81 28.68 28.55 28.41 28.27 28.12 27.96 27.79 27.62 27.44 27.25 27.06 26.86 26.65 26.43 26.21 25.98 25.74 25.49 25.24 24.98 24.71 24.44 24.16 23.87 23.57 23.27 22.95 22.63 22.30 21.97 21.62 21.27 20.91 20.55 20.17 19.79 19.40 19.00 18.59 18.17 17.75 17.32 16.88 16.43 15.97 15.51 15.04 14.55 14.06 13.57 13.06 12.54 12.02 11.49 10.95 10.40 9.86
25.09 25.47 25.83 26.19 26.53 26.86 27.17 27.47 27.75 28.01 28.26 28.48 28.68 28.86 29.02 29.15 29.25 29.33 29.39 29.42 29.45 29.43 29.37 29.28 29.17 29.06 28.94 28.82 28.69 28.54 28.40 28.24 28.08 27.91 27.73 27.55 27.35 27.15 26.94 26.73 26.50 26.27 26.03 25.79 25.53 25.27 25.00 24.72 24.43 24.13 23.83 23.52 23.20 22.87 22.54 22.19 21.84 21.48 21.11 20.73 20.35 19.95 19.55 19.14 18.72 18.29 17.85 17.40 16.95 16.49 16.01 15.53 15.04 14.54 14.04 13.52 12.99 12.46 11.92 11.38 10.83
24.68 25.07 25.46 25.84 26.20 26.56 26.90 27.22 27.54 27.83 28.10 28.36 28.60 28.81 29.01 29.18 29.32 29.45 29.56 29.66 29.75 29.80 29.80 29.74 29.66 29.57 29.47 29.37 29.25 29.13 29.00 28.86 28.72 28.57 28.40 28.24 28.06 27.87 27.68 27.48 27.27 27.05 26.82 26.59 26.34 26.09 25.83 25.56 25.29 25.00 24.71 24.40 24.09 23.77 23.45 23.11 22.76 22.41 22.05 21.67 21.29 20.90 20.50 20.10 19.68 19.25 18.82 18.37 17.92 17.46 16.99 16.51 16.02 15.52 15.01 14.49 13.96 13.43 12.90 12.35 11.81
24.24 24.66 25.06 25.46 25.85 26.23 26.60 26.95 27.29 27.61 27.92 28.20 28.48 28.73 28.96 29.16 29.35 29.53 29.69 29.86 30.01 30.12 30.18 30.19 30.15 30.08 30.00 29.91 29.82 29.71 29.60 29.48 29.35 29.22 29.07 28.92 28.76 28.59 28.41 28.22 28.02 27.82 27.60 27.38 27.15 26.91 26.66 26.40 26.14 25.86 25.58 25.28 24.98 24.67 24.35 24.02 23.68 23.33 22.97 22.61 22.23 21.85 21.45 21.05 20.63 20.21 19.78 19.34 18.88 18.42 17.95 17.47 16.98 16.48 15.97 15.45 14.93 14.40 13.87 13.33 12.78
23.79 24.22 24.65 25.06 25.47 25.87 26.26 26.64 27.01 27.36 27.69 28.01 28.31 28.60 28.86 29.11 29.34 29.57 29.80 30.02 30.23 30.40 30.52 30.59 30.60 30.57 30.52 30.45 30.37 30.29 30.19 30.09 29.98 29.86 29.73 29.59 29.45 29.29 29.13 28.95 28.77 28.58 28.38 28.17 27.95 27.72 27.48 27.23 26.98 26.71 26.43 26.15 25.86 25.55 25.24 24.92 24.58 24.24 23.89 23.53 23.16 22.78 22.39 21.98 21.57 21.15 20.72 20.28 19.83 19.37 18.90 18.42 17.93 17.43 16.92 16.41 15.89 15.37 14.84 14.30 13.75
23.32 23.77 24.21 24.64 25.07 25.49 25.91 26.31 26.70 27.07 27.43 27.78 28.11 28.43 28.73 29.02 29.31 29.59 29.87 30.15 30.42 30.65 30.82 30.94 31.01 31.04 31.02 30.97 30.91 30.84 30.77 30.68 30.59 30.49 30.37 30.25 30.12 29.98 29.83 29.67 29.50 29.32 29.13 28.93 28.73 28.51 28.28 28.04 27.80 27.54 27.28 27.00 26.71 26.42 26.11 25.80 25.47 25.13 24.79 24.43 24.07 23.69 23.30 22.91 22.50 22.08 21.65 21.21 20.77 20.31 19.84 19.36 18.86 18.36 17.86 17.36 16.85 16.33 15.80 15.26 14.72
22.84 23.30 23.75 24.20 24.65 25.09 25.52 25.94 26.36 26.76 27.15 27.52 27.88 28.23 28.57 28.91 29.24 29.58 29.91 30.24 30.57 30.86 31.08 31.26 31.38 31.45 31.48 31.47 31.43 31.38 31.32 31.26 31.18 31.09 31.00 30.89 30.77 30.65 30.51 30.36 30.21 30.04 29.87 29.68 29.49 29.28 29.06 28.84 28.60 28.35 28.10 27.83 27.55 27.26 26.96 26.66 26.34 26.01 25.67 25.31 24.95 24.58 24.20 23.80 23.40 22.98 22.56 22.12 21.67 21.22 20.75 20.27 19.78 19.28 18.79 18.30 17.79 17.28 16.76 16.22 15.67
22.34 22.81 23.28 23.75 24.21 24.67 25.12 25.56 25.99 26.41 26.83 27.23 27.62 28.00 28.39 28.77 29.16 29.54 29.92 30.30 30.68 31.02 31.30 31.53 31.70 31.82 31.90 31.93 31.93 31.90 31.86 31.81 31.75 31.68 31.59 31.50 31.40 31.29 31.17 31.04 30.89 30.74 30.58 30.40 30.22 30.02 29.82 29.60 29.38 29.14 28.89 28.63 28.36 28.08 27.79 27.49 27.17 26.85 26.52 26.17 25.81 25.44 25.07 24.68 24.27 23.86 23.44 23.00 22.56 22.10 21.63 21.15 20.67 20.19 19.71 19.22 18.72 18.22 17.69 17.15 16.61
21.83 22.31 22.79 23.27 23.75 24.22 24.69 25.15 25.60 26.05 26.48 26.91 27.33 27.76 28.18 28.61 29.04 29.47 29.90 30.33 30.76 31.15 31.48 31.76 31.97 32.14 32.27 32.34 32.38 32.38 32.36 32.33 32.28 32.23 32.16 32.09 32.00 31.90 31.80 31.68 31.55 31.41 31.26 31.10 30.92 30.74 30.54 30.34 30.12 29.89 29.65 29.40 29.14 28.87 28.58 28.29 27.98 27.66 27.33 26.99 26.64 26.28 25.90 25.51 25.12 24.71 24.28 23.85 23.40 22.95 22.48 22.01 21.55 21.08 20.61 20.13 19.64 19.13 18.61 18.08 17.53
21.31 21.80 22.29 22.78 23.27 23.76 24.24 24.72 25.19 25.65 26.11 26.57 27.03 27.49 27.96 28.43 28.90 29.37 29.85 30.32 30.80 31.24 31.62 31.94 32.21 32.42 32.58 32.70 32.78 32.82 32.83 32.81 32.79 32.75 32.70 32.64 32.57 32.48 32.39 32.29 32.17 32.04 31.90 31.75 31.59 31.42 31.23 31.04 30.83 30.61 30.38 30.14 29.89 29.62 29.34 29.05 28.75 28.44 28.12 27.78 27.43 27.07 26.70 26.32 25.92 25.51 25.09 24.66 24.22 23.76 23.31 22.86 22.41 21.95 21.49 21.02 20.53 20.03 19.52 18.98 18.43
20.79 21.28 21.78 22.28 22.78 23.28 23.78 24.27 24.76 25.24 25.73 26.22 26.71 27.21 27.71 28.22 28.73 29.24 29.76 30.29 30.81 31.30 31.72 32.08 32.39 32.65 32.85 33.01 33.13 33.21 33.25 33.26 33.25 33.23 33.20 33.15 33.09 33.03 32.95 32.85 32.75 32.64 32.51 32.37 32.22 32.06 31.88 31.70 31.50 31.29 31.07 30.84 30.59 30.33 30.06 29.78 29.49 29.18 28.86 28.53 28.18 27.83 27.46 27.08 26.69 26.28 25.86 25.43 24.99 24.55 24.11 23.68 23.24 22.80 22.34 21.88 21.40 20.91 20.39 19.86 19.31
20.26 20.76 21.26 21.77 22.28 22.79 23.30 23.80 24.31 24.82 25.33 25.85 26.37 26.90 27.44 27.98 28.53 29.09 29.65 30.21 30.78 31.31 31.78 32.18 32.53 32.83 33.07 33.27 33.42 33.54 33.61 33.66 33.67 33.67 33.65 33.62 33.58 33.52 33.46 33.38 33.29 33.19 33.07 32.94 32.81 32.65 32.49 32.31 32.13 31.93 31.71 31.49 31.25 31.00 30.74 30.46 30.17 29.87 29.56 29.23 28.89 28.54 28.17 27.79 27.40 27.00 26.58 26.16 25.73 25.31 24.89 24.47 24.05 23.62 23.17 22.72 22.25 21.76 21.24 20.71 20.16
19.72 20.23 20.74 21.25 21.77 22.29 22.81 23.33 23.85 24.38 24.92 25.47 26.02 26.58 27.15 27.73 28.31 28.91 29.50 30.11 30.72 31.29 31.80 32.24 32.63 32.96 33.24 33.48 33.66 33.81 33.92 33.99 34.04 34.05 34.05 34.04 34.01 33.97 33.92 33.85 33.78 33.69 33.58 33.47 33.34 33.20 33.05 32.88 32.70 32.51 32.31 32.09 31.86 31.61 31.36 31.09 30.81 30.51 30.20 29.88 29.54 29.20 28.83 28.46 28.07 27.67 27.26 26.85 26.44 26.04 25.64 25.24 24.83 24.41 23.97 23.53 23.06 22.57 22.06 21.53 20.98
19.19 19.69 20.21 20.73 21.25 21.77 22.30 22.84 23.38 23.94 24.50 25.07 25.65 26.24 26.84 27.45 28.07 28.70 29.33 29.97 30.62 31.23 31.78 32.26 32.68 33.05 33.37 33.63 33.85 34.03 34.17 34.27 34.34 34.39 34.40 34.40 34.39 34.37 34.33 34.28 34.21 34.13 34.04 33.94 33.82 33.69 33.55 33.39 33.22 33.04 32.85 32.64 32.41 32.18 31.93 31.66 31.39 31.10 30.79 30.48 30.14 29.80 29.44 29.07 28.68 28.29 27.89 27.51 27.12 26.74 26.36 25.97 25.57 25.16 24.74 24.30 23.84 23.36 22.85 22.32 21.77
18.65 19.16 19.67 20.19 20.72 21.25 21.80 22.35 22.91 23.48 24.07 24.66 25.27 25.89 26.51 27.15 27.80 28.46 29.13 29.81 30.49 31.14 31.72 32.24 32.70 33.10 33.44 33.74 33.99 34.19 34.36 34.49 34.59 34.65 34.69 34.71 34.72 34.70 34.68 34.64 34.59 34.52 34.44 34.35 34.25 34.13 33.99 33.85 33.69 33.51 33.33 33.12 32.91 32.68 32.44 32.18 31.91 31.62 31.32 31.01 30.68 30.34 29.99 29.62 29.24 28.86 28.49 28.13 27.77 27.40 27.04 26.66 26.28 25.88 25.47 25.04 24.59 24.11 23.60 23.07 22.52
18.11 18.62 19.14 19.66 20.19 20.73 21.29 21.85 22.43 23.02 23.63 24.24 24.87 25.51 26.17 26.83 27.51 28.20 28.90 29.61 30.33 31.01 31.63 32.18 32.66 33.09 33.47 33.79 34.07 34.30 34.49 34.65 34.77 34.86 34.92 34.96 34.98 34.98 34.97 34.94 34.90 34.85 34.78 34.70 34.61 34.50 34.37 34.24 34.09 33.92 33.74 33.55 33.34 33.12 32.88 32.63 32.36 32.08 31.79 31.48 31.16 30.82 30.47 30.11 29.75 29.40 29.05 28.71 28.37 28.03 27.68 27.32 26.95 26.57 26.16 25.74 25.29 24.82 24.32 23.78 23.24
