data_processed/recharge/precip/Precip_1996_03.asc
ncols        168
nrows        136
xllcorner    455000
yllcorner    2107000
cellsize     500
NODATA_value     -99999
[rows 38 to 75 of 136, columns 84 to 167 of 168]
0.70 0.18 0.00 0.00 0.00 0.00 0.00 0.00 0.00 0.00 0.00 0.00 0.00 0.00 0.32 0.83 1.37 1.87 2.28 2.61 2.86 3.04 3.16 3.21 3.21 3.18 3.13 3.09 3.04 3.00 2.95 2.91 2.86 2.82 2.79 2.78 2.80 2.84 2.90 2.97 3.04 3.12 3.21 3.30 3.42 3.55 3.70 3.87 4.05 4.24 4.44 4.62 4.74 4.78 4.75 4.67 4.52 4.32 4.06 3.76 3.41 3.01 2.57 2.09 1.57 1.02 0.46 0.00 0.00 0.00 0.00 0.00 0.00 0.00 0.00 0.00 0.20 0.82 1.48 2.16 2.86 3.57 4.29 5.01
0.31 0.00 0.00 0.00 0.00 0.00 0.00 0.00 0.00 0.00 0.00 0.00 0.00 0.00 0.24 0.79 1.35 1.87 2.30 2.64 2.91 3.10 3.23 3.30 3.31 3.27 3.20 3.12 3.05 2.97 2.90 2.82 2.75 2.69 2.67 2.67 2.70 2.75 2.82 2.91 3.00 3.09 3.19 3.30 3.43 3.57 3.73 3.91 4.09 4.29 4.50 4.71 4.90 5.02 5.06 5.03 4.94 4.77 4.55 4.27 3.92 3.51 3.05 2.55 2.00 1.42 0.81 0.18 0.00 0.00 0.00 0.00 0.00 0.00 0.00 0.00 0.08 0.71 1.40 2.12 2.86 3.62 4.39 5.16
0.00 0.00 0.00 0.00 0.00 0.00 0.00 0.00 0.00 0.00 0.00 0.00 0.00 0.00 0.19 0.75 1.33 1.87 2.31 2.67 2.94 3.15 3.28 3.35 3.37 3.33 3.26 3.15 3.04 2.92 2.82 2.71 2.62 2.57 2.55 2.57 2.61 2.67 2.76 2.85 2.96 3.06 3.17 3.30 3.44 3.59 3.76 3.94 4.14 4.34 4.55 4.77 4.99 5.18 5.30 5.34 5.30 5.18 4.99 4.73 4.39 3.99 3.52 3.01 2.44 1.84 1.20 0.53 0.00 0.00 0.00 0.00 0.00 0.00 0.00 0.00 0.10 0.71 1.41 2.17 2.96 3.77 4.59 5.41
0.00 0.00 0.00 0.00 0.00 0.00 0.00 0.00 0.00 0.00 0.00 0.00 0.00 0.00 0.16 0.74 1.32 1.87 2.32 2.68 2.96 3.17 3.30 3.38 3.39 3.35 3.27 3.15 3.01 2.85 2.71 2.58 2.50 2.45 2.45 2.47 2.52 2.60 2.69 2.80 2.91 3.04 3.16 3.29 3.44 3.61 3.79 3.98 4.18 4.38 4.60 4.82 5.04 5.26 5.45 5.56 5.59 5.53 5.37 5.13 4.82 4.43 3.97 3.46 2.89 2.27 1.61 0.91 0.22 0.00 0.00 0.00 0.00 0.00 0.00 0.00 0.25 0.85 1.54 2.32 3.16 4.02 4.88 5.67
0.00 0.00 0.00 0.00 0.00 0.00 0.00 0.00 0.00 0.00 0.00 0.00 0.00 0.00 0.14 0.73 1.33 1.87 2.32 2.68 2.96 3.17 3.30 3.37 3.37 3.33 3.24 3.11 2.94 2.75 2.58 2.46 2.38 2.35 2.35 2.38 2.44 2.53 2.63 2.75 2.88 3.01 3.14 3.29 3.45 3.63 3.81 4.01 4.21 4.42 4.64 4.86 5.08 5.30 5.52 5.70 5.80 5.79 5.68 5.48 5.20 4.83 4.40 3.89 3.32 2.70 2.03 1.32 0.61 0.05 0.00 0.00 0.00 0.00 0.00 0.05 0.53 1.12 1.81 2.59 3.46 4.36 5.19 5.93
0.00 0.00 0.00 0.00 0.00 0.00 0.00 0.00 0.00 0.00 0.00 0.00 0.00 0.00 0.15 0.74 1.33 1.87 2.32 2.68 2.95 3.14 3.27 3.32 3.32 3.26 3.15 3.00 2.82 2.63 2.47 2.35 2.28 2.25 2.26 2.30 2.37 2.46 2.58 2.70 2.84 2.99 3.13 3.29 3.46 3.64 3.83 4.03 4.24 4.46 4.67 4.89 5.11 5.33 5.55 5.75 5.90 5.96 5.91 5.76 5.52 5.19 4.78 4.30 3.75 3.13 2.46 1.74 1.02 0.45 0.05 0.00 0.00 0.00 0.07 0.43 0.91 1.51 2.21 3.01 3.87 4.72 5.49 6.17
0.00 0.00 0.00 0.00 0.00 0.00 0.00 0.00 0.00 0.00 0.00 0.00 0.00 0.00 0.17 0.76 1.34 1.88 2.31 2.66 2.92 3.10 3.21 3.24 3.22 3.14 3.02 2.85 2.66 2.50 2.36 2.25 2.19 2.16 2.18 2.22 2.30 2.40 2.53 2.66 2.81 2.96 3.12 3.29 3.47 3.66 3.85 4.06 4.27 4.49 4.70 4.92 5.14 5.35 5.56 5.75 5.91 6.03 6.05 5.96 5.77 5.49 5.12 4.67 4.15 3.55 2.89 2.17 1.45 0.88 0.49 0.27 0.21 0.30 0.54 0.91 1.41 2.02 2.74 3.54 4.33 5.08 5.77 6.39
0.00 0.00 0.00 0.00 0.00 0.00 0.00 0.00 0.00 0.00 0.00 0.00 0.00 0.00 0.20 0.78 1.36 1.88 2.30 2.63 2.87 3.03 3.12 3.13 3.08 2.98 2.83 2.66 2.50 2.36 2.25 2.16 2.10 2.08 2.10 2.16 2.24 2.35 2.48 2.63 2.78 2.95 3.11 3.29 3.48 3.67 3.87 4.08 4.30 4.51 4.73 4.95 5.16 5.36 5.55 5.72 5.87 6.01 6.09 6.08 5.95 5.73 5.41 5.00 4.51 3.95 3.31 2.61 1.89 1.33 0.95 0.75 0.71 0.82 1.08 1.48 2.00 2.64 3.37 4.11 4.80 5.45 6.05 6.60
0.00 0.00 0.00 0.00 0.00 0.00 0.00 0.00 0.00 0.00 0.00 0.00 0.00 0.00 0.25 0.82 1.38 1.88 2.28 2.58 2.80 2.94 2.99 2.98 2.91 2.77 2.62 2.47 2.34 2.22 2.13 2.07 2.03 2.02 2.04 2.10 2.19 2.31 2.44 2.60 2.76 2.93 3.11 3.29 3.49 3.69 3.89 4.11 4.32 4.54 4.75 4.97 5.17 5.36 5.53 5.68 5.82 5.94 6.05 6.10 6.05 5.90 5.64 5.29 4.84 4.31 3.71 3.03 2.34 1.80 1.45 1.27 1.25 1.40 1.69 2.12 2.68 3.34 4.01 4.65 5.26 5.82 6.34 6.81
0.00 0.00 0.00 0.00 0.00 0.00 0.00 0.00 0.00 0.00 0.00 0.00 0.00 0.00 0.32 0.87 1.40 1.88 2.25 2.53 2.71 2.82 2.84 2.80 2.69 2.55 2.41 2.29 2.18 2.09 2.03 1.98 1.96 1.96 1.99 2.05 2.15 2.27 2.41 2.57 2.74 2.92 3.11 3.30 3.50 3.70 3.91 4.13 4.34 4.56 4.77 4.97 5.16 5.33 5.49 5.63 5.76 5.87 5.96 6.04 6.06 5.98 5.80 5.51 5.12 4.65 4.08 3.44 2.78 2.28 1.96 1.81 1.84 2.02 2.36 2.83 3.42 4.03 4.61 5.16 5.68 6.17 6.61 7.01
0.00 0.00 0.00 0.00 0.00 0.00 0.00 0.00 0.00 0.00 0.00 0.00 0.00 0.00 0.40 0.92 1.43 1.87 2.21 2.45 2.60 2.67 2.66 2.57 2.45 2.33 2.22 2.13 2.04 1.98 1.93 1.90 1.89 1.91 1.95 2.02 2.12 2.24 2.39 2.56 2.73 2.92 3.11 3.31 3.51 3.72 3.94 4.15 4.36 4.58 4.78 4.97 5.14 5.30 5.44 5.57 5.69 5.78 5.87 5.93 5.98 5.98 5.88 5.67 5.35 4.93 4.43 3.83 3.22 2.75 2.47 2.38 2.45 2.69 3.08 3.59 4.13 4.65 5.15 5.63 6.07 6.48 6.86 7.19
0.00 0.00 0.00 0.00 0.00 0.00 0.00 0.00 0.00 0.00 0.00 0.00 0.00 0.00 0.48 0.98 1.45 1.86 2.16 2.36 2.47 2.50 2.44 2.34 2.24 2.15 2.06 1.99 1.93 1.88 1.84 1.83 1.84 1.86 1.91 1.99 2.09 2.22 2.37 2.54 2.73 2.92 3.12 3.32 3.53 3.74 3.96 4.17 4.38 4.59 4.78 4.95 5.11 5.26 5.39 5.51 5.61 5.70 5.77 5.83 5.87 5.90 5.88 5.75 5.51 5.17 4.73 4.19 3.63 3.21 2.99 2.96 3.09 3.39 3.82 4.29 4.75 5.19 5.62 6.02 6.40 6.75 7.07 7.35
0.00 0.00 0.00 0.00 0.00 0.00 0.00 0.00 0.00 0.00 0.00 0.00 0.00 0.11 0.59 1.05 1.48 1.84 2.10 2.25 2.32 2.30 2.22 2.15 2.07 2.00 1.94 1.88 1.84 1.80 1.79 1.78 1.80 1.83 1.89 1.97 2.08 2.21 2.37 2.54 2.73 2.93 3.13 3.34 3.55 3.77 3.98 4.19 4.40 4.59 4.77 4.93 5.08 5.21 5.34 5.44 5.53 5.61 5.68 5.73 5.77 5.79 5.80 5.75 5.60 5.34 4.98 4.51 4.01 3.66 3.51 3.54 3.74 4.09 4.49 4.88 5.27 5.64 6.00 6.34 6.66 6.96 7.22 7.46
0.00 0.00 0.00 0.00 0.00 0.00 0.00 0.00 0.00 0.00 0.00 0.00 0.00 0.26 0.70 1.11 1.50 1.82 2.02 2.13 2.14 2.10 2.05 1.99 1.94 1.89 1.85 1.81 1.78 1.76 1.75 1.76 1.79 1.83 1.89 1.97 2.08 2.21 2.37 2.55 2.74 2.94 3.15 3.36 3.58 3.79 4.01 4.21 4.40 4.58 4.75 4.90 5.04 5.17 5.28 5.38 5.46 5.53 5.59 5.64 5.67 5.69 5.69 5.68 5.62 5.45 5.17 4.78 4.35 4.08 4.01 4.11 4.38 4.70 5.02 5.35 5.67 5.98 6.28 6.57 6.84 7.09 7.31 7.51
0.00 0.00 0.00 0.00 0.00 0.00 0.00 0.00 0.00 0.00 0.00 0.00 0.03 0.43 0.82 1.19 1.52 1.78 1.94 1.99 1.98 1.95 1.92 1.89 1.86 1.83 1.80 1.78 1.76 1.75 1.76 1.77 1.80 1.85 1.91 2.00 2.10 2.23 2.38 2.56 2.76 2.96 3.17 3.39 3.60 3.82 4.03 4.22 4.40 4.57 4.73 4.87 5.00 5.12 5.22 5.31 5.39 5.46 5.51 5.55 5.58 5.59 5.59 5.58 5.56 5.48 5.30 5.00 4.66 4.47 4.48 4.65 4.89 5.15 5.41 5.67 5.93 6.19 6.45 6.69 6.92 7.13 7.32 7.49
0.00 0.00 0.00 0.00 0.00 0.00 0.00 0.00 0.00 0.00 0.00 0.00 0.27 0.61 0.95 1.27 1.54 1.74 1.84 1.86 1.87 1.87 1.86 1.85 1.83 1.82 1.81 1.80 1.79 1.79 1.80 1.82 1.86 1.90 1.97 2.05 2.15 2.27 2.41 2.59 2.78 2.99 3.20 3.42 3.64 3.85 4.04 4.23 4.40 4.56 4.71 4.84 4.97 5.08 5.17 5.26 5.33 5.39 5.44 5.48 5.50 5.51 5.51 5.50 5.48 5.44 5.35 5.15 4.91 4.81 4.90 5.05 5.23 5.42 5.63 5.84 6.06 6.27 6.48 6.69 6.89 7.07 7.24 7.38
0.00 0.00 0.00 0.00 0.00 0.00 0.00 0.00 0.00 0.00 0.00 0.27 0.55 0.82 1.09 1.34 1.56 1.70 1.76 1.80 1.83 1.85 1.86 1.87 1.87 1.87 1.87 1.87 1.87 1.88 1.89 1.92 1.95 2.00 2.06 2.13 2.23 2.34 2.47 2.63 2.82 3.02 3.24 3.46 3.67 3.87 4.06 4.23 4.40 4.55 4.69 4.82 4.93 5.04 5.13 5.21 5.28 5.34 5.39 5.42 5.44 5.45 5.45 5.44 5.42 5.38 5.33 5.23 5.09 5.08 5.15 5.25 5.38 5.52 5.67 5.84 6.02 6.20 6.38 6.56 6.73 6.89 7.04 7.17
0.00 0.00 0.00 0.00 0.00 0.00 0.00 0.00 0.00 0.18 0.41 0.64 0.86 1.07 1.26 1.43 1.57 1.68 1.76 1.82 1.87 1.91 1.94 1.96 1.97 1.98 1.99 2.00 2.01 2.02 2.04 2.06 2.09 2.13 2.19 2.26 2.34 2.45 2.57 2.71 2.88 3.07 3.28 3.50 3.70 3.89 4.07 4.24 4.40 4.54 4.68 4.80 4.91 5.01 5.10 5.18 5.25 5.30 5.35 5.38 5.40 5.42 5.42 5.41 5.38 5.35 5.31 5.25 5.19 5.17 5.19 5.24 5.31 5.41 5.53 5.66 5.80 5.96 6.11 6.27 6.43 6.58 6.72 6.85
0.00 0.00 0.00 0.00 0.00 0.00 0.11 0.28 0.47 0.65 0.83 1.00 1.16 1.30 1.41 1.50 1.59 1.70 1.80 1.88 1.95 2.01 2.05 2.09 2.12 2.14 2.15 2.17 2.18 2.20 2.21 2.24 2.26 2.30 2.35 2.41 2.49 2.58 2.69 2.81 2.96 3.14 3.33 3.53 3.73 3.91 4.08 4.25 4.40 4.54 4.67 4.79 4.90 4.99 5.08 5.16 5.22 5.28 5.32 5.36 5.38 5.40 5.40 5.39 5.37 5.34 5.30 5.25 5.18 5.12 5.09 5.09 5.13 5.18 5.27 5.37 5.48 5.61 5.75 5.89 6.04 6.18 6.32 6.44
0.00 0.01 0.09 0.20 0.32 0.46 0.60 0.75 0.90 1.04 1.17 1.28 1.37 1.44 1.47 1.50 1.59 1.70 1.82 1.93 2.02 2.09 2.15 2.20 2.25 2.28 2.30 2.33 2.34 2.36 2.38 2.41 2.43 2.47 2.51 2.57 2.63 2.71 2.81 2.92 3.06 3.21 3.38 3.56 3.74 3.92 4.09 4.25 4.39 4.53 4.66 4.77 4.88 4.98 5.06 5.14 5.21 5.26 5.31 5.34 5.37 5.39 5.39 5.39 5.38 5.35 5.32 5.26 5.18 5.09 5.02 4.97 4.96 4.97 5.02 5.09 5.17 5.28 5.39 5.52 5.65 5.78 5.91 6.04
0.39 0.46 0.55 0.66 0.78 0.90 1.03 1.15 1.26 1.35 1.43 1.48 1.49 1.48 1.46 1.49 1.58 1.69 1.82 1.94 2.05 2.15 2.23 2.30 2.35 2.40 2.44 2.47 2.49 2.52 2.54 2.57 2.60 2.63 2.67 2.72 2.78 2.85 2.93 3.03 3.15 3.28 3.43 3.59 3.75 3.92 4.09 4.24 4.38 4.52 4.64 4.76 4.86 4.96 5.05 5.12 5.19 5.25 5.30 5.34 5.37 5.39 5.40 5.40 5.39 5.37 5.33 5.27 5.18 5.08 4.98 4.89 4.83 4.80 4.81 4.84 4.89 4.97 5.06 5.17 5.28 5.40 5.52 5.64
0.77 0.86 0.95 1.06 1.17 1.28 1.38 1.46 1.53 1.58 1.59 1.58 1.53 1.47 1.44 1.48 1.56 1.68 1.81 1.93 2.06 2.18 2.28 2.37 2.44 2.50 2.55 2.59 2.63 2.66 2.69 2.72 2.75 2.78 2.82 2.86 2.92 2.98 3.06 3.14 3.24 3.36 3.49 3.63 3.77 3.92 4.08 4.23 4.37 4.50 4.63 4.74 4.85 4.94 5.03 5.11 5.18 5.24 5.29 5.34 5.37 5.40 5.41 5.42 5.42 5.40 5.35 5.28 5.18 5.08 4.96 4.85 4.74 4.67 4.63 4.62 4.64 4.69 4.75 4.83 4.93 5.03 5.15 5.26
1.10 1.20 1.30 1.40 1.50 1.59 1.66 1.70 1.73 1.72 1.68 1.59 1.50 1.44 1.42 1.45 1.54 1.66 1.79 1.92 2.05 2.18 2.31 2.41 2.50 2.58 2.64 2.70 2.75 2.79 2.82 2.86 2.89 2.92 2.96 3.00 3.05 3.11 3.18 3.25 3.33 3.43 3.55 3.67 3.79 3.92 4.06 4.21 4.35 4.48 4.61 4.72 4.83 4.93 5.02 5.10 5.17 5.24 5.30 5.34 5.39 5.42 5.44 5.46 5.45 5.42 5.37 5.29 5.19 5.07 4.95 4.82 4.69 4.58 4.49 4.44 4.43 4.44 4.47 4.53 4.60 4.69 4.78 4.89
1.38 1.48 1.59 1.68 1.76 1.83 1.86 1.87 1.85 1.78 1.68 1.55 1.46 1.40 1.39 1.43 1.52 1.64 1.77 1.90 2.03 2.17 2.31 2.43 2.54 2.64 2.72 2.79 2.85 2.90 2.94 2.98 3.02 3.06 3.10 3.14 3.19 3.23 3.29 3.35 3.42 3.51 3.61 3.71 3.82 3.94 4.06 4.19 4.32 4.46 4.58 4.70 4.81 4.91 5.01 5.09 5.17 5.24 5.31 5.36 5.41 5.45 5.48 5.49 5.48 5.45 5.39 5.30 5.19 5.07 4.94 4.80 4.66 4.52 4.40 4.30 4.25 4.22 4.22 4.25 4.30 4.36 4.44 4.53
1.61 1.72 1.82 1.90 1.96 2.00 2.00 1.97 1.89 1.77 1.63 1.50 1.42 1.36 1.36 1.40 1.49 1.61 1.74 1.87 2.01 2.15 2.29 2.43 2.56 2.67 2.77 2.86 2.93 2.99 3.05 3.10 3.14 3.18 3.23 3.27 3.31 3.35 3.40 3.45 3.51 3.59 3.67 3.77 3.86 3.96 4.06 4.17 4.30 4.43 4.56 4.68 4.79 4.90 5.00 5.09 5.17 5.25 5.32 5.39 5.44 5.49 5.52 5.53 5.52 5.48 5.41 5.32 5.20 5.07 4.93 4.78 4.64 4.49 4.34 4.21 4.10 4.04 4.01 4.00 4.02 4.06 4.12 4.20
1.79 1.90 2.00 2.06 2.10 2.11 2.07 1.99 1.86 1.71 1.57 1.45 1.37 1.32 1.32 1.36 1.45 1.58 1.71 1.84 1.98 2.12 2.26 2.41 2.55 2.69 2.80 2.91 3.00 3.07 3.14 3.20 3.25 3.30 3.34 3.38 3.42 3.46 3.50 3.54 3.60 3.66 3.74 3.82 3.91 3.99 4.08 4.18 4.28 4.40 4.53 4.65 4.77 4.88 4.99 5.09 5.18 5.27 5.35 5.42 5.48 5.53 5.56 5.57 5.55 5.51 5.43 5.33 5.21 5.07 4.92 4.77 4.62 4.46 4.30 4.14 4.00 3.89 3.82 3.78 3.77 3.79 3.82 3.88
1.92 2.03 2.12 2.17 2.18 2.15 2.07 1.94 1.79 1.63 1.50 1.40 1.32 1.28 1.28 1.32 1.42 1.54 1.67 1.81 1.94 2.09 2.23 2.38 2.53 2.68 2.81 2.94 3.04 3.13 3.21 3.28 3.34 3.40 3.45 3.49 3.52 3.56 3.59 3.63 3.68 3.74 3.81 3.89 3.96 4.03 4.11 4.19 4.28 4.39 4.50 4.63 4.75 4.87 4.99 5.09 5.19 5.29 5.38 5.46 5.52 5.57 5.60 5.60 5.58 5.53 5.46 5.35 5.21 5.07 4.92 4.76 4.60 4.43 4.27 4.10 3.94 3.79 3.68 3.60 3.56 3.54 3.55 3.59
2.01 2.12 2.19 2.22 2.20 2.13 2.01 1.86 1.70 1.56 1.44 1.34 1.27 1.23 1.23 1.28 1.38 1.50 1.63 1.77 1.91 2.05 2.20 2.34 2.50 2.65 2.80 2.94 3.07 3.17 3.27 3.35 3.42 3.48 3.53 3.57 3.61 3.64 3.68 3.72 3.76 3.82 3.88 3.95 4.02 4.08 4.15 4.22 4.30 4.39 4.49 4.61 4.74 4.86 4.98 5.10 5.21 5.32 5.41 5.50 5.56 5.61 5.64 5.64 5.61 5.56 5.48 5.37 5.23 5.07 4.91 4.75 4.58 4.41 4.23 4.06 3.89 3.72 3.57 3.45 3.37 3.32 3.31 3.32
2.07 2.16 2.21 2.21 2.16 2.06 1.91 1.76 1.62 1.49 1.37 1.28 1.22 1.18 1.19 1.24 1.34 1.46 1.59 1.73 1.87 2.01 2.16 2.31 2.46 2.61 2.77 2.93 3.07 3.20 3.31 3.40 3.48 3.55 3.60 3.65 3.69 3.72 3.76 3.79 3.84 3.89 3.96 4.02 4.08 4.14 4.20 4.27 4.34 4.41 4.50 4.60 4.72 4.85 4.98 5.11 5.23 5.35 5.45 5.54 5.60 5.65 5.67 5.67 5.65 5.59 5.50 5.39 5.24 5.08 4.91 4.74 4.56 4.39 4.21 4.03 3.85 3.67 3.50 3.34 3.22 3.14 3.09 3.08
2.11 2.16 2.18 2.15 2.07 1.94 1.81 1.67 1.54 1.41 1.31 1.22 1.16 1.14 1.14 1.20 1.29 1.42 1.55 1.68 1.82 1.97 2.12 2.27 2.42 2.58 2.74 2.89 3.05 3.20 3.33 3.43 3.52 3.60 3.66 3.71 3.75 3.79 3.83 3.87 3.91 3.97 4.03 4.10 4.15 4.21 4.27 4.32 4.39 4.45 4.53 4.62 4.73 4.85 4.99 5.13 5.26 5.38 5.48 5.57 5.64 5.69 5.71 5.71 5.68 5.62 5.53 5.40 5.25 5.08 4.91 4.73 4.55 4.37 4.18 4.00 3.81 3.63 3.45 3.27 3.11 2.99 2.92 2.89
2.12 2.13 2.11 2.04 1.94 1.83 1.70 1.58 1.45 1.34 1.24 1.16 1.11 1.09 1.10 1.15 1.25 1.37 1.50 1.64 1.78 1.93 2.07 2.23 2.38 2.54 2.70 2.86 3.02 3.18 3.32 3.44 3.54 3.62 3.69 3.75 3.80 3.84 3.89 3.93 3.98 4.04 4.11 4.17 4.23 4.29 4.34 4.39 4.45 4.51 4.58 4.66 4.76 4.87 5.00 5.14 5.28 5.41 5.52 5.61 5.68 5.72 5.75 5.74 5.71 5.65 5.55 5.42 5.26 5.09 4.91 4.73 4.54 4.35 4.16 3.97 3.78 3.59 3.40 3.22 3.04 2.89 2.79 2.74
2.11 2.08 2.01 1.91 1.81 1.71 1.60 1.49 1.37 1.27 1.18 1.11 1.06 1.04 1.05 1.11 1.21 1.33 1.46 1.60 1.74 1.88 2.03 2.18 2.34 2.50 2.66 2.82 2.98 3.14 3.29 3.42 3.54 3.63 3.71 3.78 3.84 3.89 3.94 3.99 4.05 4.11 4.18 4.25 4.31 4.37 4.42 4.47 4.53 4.59 4.65 4.73 4.82 4.92 5.04 5.17 5.31 5.43 5.55 5.64 5.71 5.76 5.78 5.77 5.74 5.68 5.58 5.44 5.28 5.10 4.92 4.73 4.54 4.34 4.14 3.94 3.74 3.55 3.36 3.17 2.99 2.84 2.72 2.65
2.07 1.99 1.90 1.80 1.70 1.60 1.50 1.40 1.30 1.20 1.12 1.05 1.01 0.99 1.01 1.07 1.16 1.29 1.42 1.55 1.69 1.84 1.99 2.14 2.30 2.45 2.62 2.78 2.94 3.09 3.24 3.38 3.51 3.62 3.71 3.79 3.86 3.92 3.99 4.05 4.11 4.18 4.26 4.34 4.40 4.46 4.51 4.57 4.62 4.68 4.74 4.81 4.89 4.99 5.09 5.21 5.33 5.46 5.57 5.67 5.74 5.79 5.81 5.81 5.77 5.70 5.60 5.46 5.30 5.11 4.92 4.73 4.53 4.33 4.13 3.92 3.72 3.52 3.32 3.13 2.96 2.82 2.70 2.61
2.00 1.90 1.80 1.69 1.59 1.50 1.40 1.31 1.22 1.13 1.06 1.00 0.96 0.95 0.97 1.02 1.12 1.24 1.37 1.51 1.65 1.79 1.94 2.10 2.25 2.41 2.57 2.73 2.88 3.03 3.18 3.32 3.46 3.58 3.69 3.78 3.87 3.95 4.02 4.09 4.17 4.25 4.34 4.42 4.49 4.56 4.62 4.67 4.73 4.78 4.85 4.92 4.99 5.08 5.17 5.27 5.37 5.48 5.60 5.69 5.77 5.82 5.84 5.84 5.80 5.73 5.63 5.49 5.31 5.13 4.93 4.73 4.53 4.32 4.11 3.90 3.69 3.49 3.29 3.12 2.96 2.84 2.72 2.63
1.92 1.82 1.71 1.61 1.51 1.41 1.32 1.23 1.15 1.07 1.00 0.95 0.91 0.91 0.93 0.98 1.08 1.20 1.33 1.47 1.61 1.75 1.90 2.05 2.21 2.37 2.53 2.68 2.83 2.97 3.11 3.25 3.39 3.53 3.65 3.76 3.86 3.96 4.05 4.13 4.22 4.32 4.42 4.51 4.59 4.66 4.73 4.79 4.85 4.91 4.97 5.04 5.11 5.19 5.27 5.35 5.44 5.53 5.62 5.72 5.80 5.85 5.87 5.87 5.83 5.76 5.65 5.51 5.33 5.14 4.94 4.74 4.53 4.32 4.10 3.89 3.68 3.47 3.29 3.13 2.99 2.87 2.77 2.68
1.85 1.74 1.64 1.53 1.43 1.33 1.24 1.16 1.08 1.01 0.95 0.90 0.87 0.87 0.89 0.95 1.05 1.17 1.29 1.43 1.57 1.71 1.86 2.01 2.17 2.32 2.47 2.62 2.76 2.90 3.04 3.18 3.32 3.45 3.59 3.73 3.85 3.96 4.06 4.17 4.27 4.38 4.49 4.60 4.69 4.77 4.85 4.91 4.98 5.05 5.11 5.18 5.25 5.32 5.38 5.45 5.52 5.59 5.67 5.75 5.82 5.87 5.90 5.89 5.86 5.78 5.68 5.53 5.35 5.15 4.95 4.74 4.53 4.31 4.10 3.88 3.67 3.48 3.31 3.17 3.05 2.94 2.84 2.76
1.79 1.68 1.57 1.47 1.37 1.27 1.18 1.10 1.02 0.96 0.90 0.86 0.83 0.83 0.86 0.92 1.01 1.13 1.26 1.39 1.53 1.67 1.82 1.97 2.12 2.27 2.41 2.55 2.69 2.83 2.96 3.10 3.24 3.38 3.52 3.67 3.81 3.94 4.07 4.19 4.31 4.44 4.57 4.69 4.79 4.89 4.97 5.05 5.13 5.20 5.27 5.34 5.40 5.46 5.52 5.57 5.63 5.68 5.74 5.79 5.85 5.90 5.93 5.92 5.88 5.81 5.70 5.55 5.36 5.17 4.96 4.75 4.53 4.31 4.09 3.88 3.68 3.52 3.37 3.24 3.13 3.03 2.94 2.86
1.74 1.63 1.52 1.41 1.31 1.21 1.12 1.04 0.97 0.91 0.86 0.82 0.80 0.80 0.83 0.89 0.98 1.10 1.22 1.36 1.49 1.64 1.78 1.93 2.07 2.21 2.35 2.48 2.62 2.75 2.88 3.02 3.16 3.30 3.45 3.61 3.76 3.92 4.06 4.21 4.35 4.49 4.64 4.78 4.90 5.01 5.11 5.20 5.29 5.37 5.44 5.50 5.57 5.62 5.67 5.72 5.76 5.80 5.83 5.87 5.90 5.93 5.95 5.95 5.91 5.83 5.72 5.57 5.38 5.18 4.97 4.76 4.54 4.31 4.10 3.90 3.73 3.58 3.45 3.34 3.24 3.15 3.06 2.98
