data_processed/recharge/precip/Precip_2009_11.asc
ncols        168
nrows        136
xllcorner    455000
yllcorner    2107000
cellsize     500
NODATA_value     -99999
[rows 38 to 75 of 136, columns 0 to 83 of 168]
2.38 2.66 2.93 3.21 3.46 3.70 3.91 4.09 4.22 4.30 4.34 4.34 4.31 4.26 4.20 4.13 4.04 3.95 3.85 3.75 3.65 3.55 3.46 3.36 3.27 3.17 3.07 2.96 2.84 2.73 2.61 2.50 2.38 2.27 2.15 2.05 1.93 1.81 1.67 1.53 1.38 1.23 1.08 0.92 0.77 0.63 0.48 0.35 0.23 0.11 0.00 0.00 0.00 0.00 0.00 0.00 0.00 0.00 0.00 0.00 0.00 0.00 0.00 0.09 0.42 0.80 1.22 1.68 2.19 2.73 3.31 3.92 4.57 5.25 5.95 6.69 7.44 8.21 8.98 9.75 10.52 11.27 12.00 12.71
2.33 2.60 2.88 3.15 3.41 3.65 3.86 4.03 4.16 4.24 4.27 4.27 4.24 4.19 4.13 4.05 3.97 3.88 3.78 3.68 3.58 3.48 3.38 3.29 3.20 3.10 3.00 2.89 2.78 2.66 2.54 2.43 2.31 2.20 2.09 1.98 1.88 1.78 1.66 1.54 1.40 1.27 1.12 0.98 0.83 0.69 0.55 0.42 0.29 0.17 0.04 0.00 0.00 0.00 0.00 0.00 0.00 0.00 0.00 0.00 0.00 0.00 0.00 0.03 0.37 0.74 1.16 1.62 2.12 2.65 3.22 3.83 4.46 5.13 5.83 6.55 7.29 8.05 8.81 9.57 10.33 11.07 11.80 12.51
2.27 2.55 2.82 3.09 3.34 3.57 3.77 3.94 4.07 4.15 4.19 4.19 4.16 4.12 4.05 3.98 3.90 3.80 3.71 3.60 3.50 3.40 3.31 3.22 3.13 3.03 2.92 2.82 2.70 2.59 2.47 2.36 2.24 2.13 2.02 1.92 1.82 1.73 1.63 1.53 1.41 1.29 1.15 1.02 0.88 0.75 0.61 0.48 0.36 0.24 0.11 0.00 0.00 0.00 0.00 0.00 0.00 0.00 0.00 0.00 0.00 0.00 0.00 0.00 0.31 0.68 1.10 1.55 2.04 2.57 3.13 3.73 4.35 5.01 5.69 6.40 7.13 7.87 8.63 9.38 10.13 10.87 11.59 12.29
2.21 2.48 2.74 3.00 3.25 3.47 3.67 3.83 3.94 4.03 4.08 4.10 4.09 4.04 3.98 3.90 3.82 3.73 3.63 3.53 3.43 3.33 3.23 3.14 3.05 2.95 2.85 2.74 2.63 2.52 2.40 2.29 2.17 2.06 1.95 1.85 1.76 1.67 1.58 1.50 1.40 1.29 1.17 1.05 0.93 0.80 0.67 0.55 0.42 0.30 0.17 0.02 0.00 0.00 0.00 0.00 0.00 0.00 0.00 0.00 0.00 0.00 0.00 0.00 0.24 0.61 1.02 1.47 1.96 2.48 3.03 3.62 4.23 4.88 5.55 6.24 6.96 7.69 8.43 9.17 9.91 10.64 11.36 12.06
2.14 2.40 2.66 2.91 3.14 3.35 3.53 3.68 3.80 3.89 3.96 3.99 4.00 3.96 3.90 3.83 3.74 3.65 3.55 3.45 3.35 3.25 3.16 3.07 2.97 2.88 2.77 2.67 2.56 2.44 2.33 2.21 2.10 1.99 1.89 1.78 1.69 1.60 1.52 1.45 1.37 1.28 1.18 1.07 0.96 0.84 0.72 0.60 0.49 0.37 0.23 0.09 0.00 0.00 0.00 0.00 0.00 0.00 0.00 0.00 0.00 0.00 0.00 0.00 0.16 0.52 0.93 1.37 1.85 2.37 2.91 3.49 4.09 4.72 5.38 6.06 6.76 7.48 8.21 8.94 9.67 10.40 11.11 11.81
2.07 2.32 2.56 2.79 3.01 3.20 3.37 3.52 3.64 3.74 3.82 3.87 3.88 3.87 3.82 3.75 3.67 3.57 3.47 3.37 3.27 3.17 3.08 2.99 2.90 2.80 2.70 2.59 2.48 2.37 2.25 2.14 2.03 1.92 1.82 1.72 1.62 1.54 1.46 1.38 1.32 1.25 1.17 1.08 0.98 0.87 0.76 0.65 0.54 0.43 0.30 0.15 0.00 0.00 0.00 0.00 0.00 0.00 0.00 0.00 0.00 0.00 0.00 0.00 0.10 0.43 0.82 1.26 1.73 2.24 2.77 3.34 3.93 4.54 5.19 5.85 6.54 7.24 7.96 8.68 9.41 10.13 10.83 11.51
2.00 2.22 2.44 2.66 2.86 3.04 3.20 3.34 3.47 3.58 3.66 3.72 3.75 3.76 3.73 3.67 3.59 3.50 3.40 3.30 3.20 3.10 3.00 2.91 2.82 2.72 2.62 2.51 2.40 2.29 2.18 2.07 1.96 1.85 1.75 1.65 1.56 1.47 1.39 1.32 1.26 1.20 1.14 1.07 0.98 0.89 0.80 0.69 0.59 0.48 0.36 0.22 0.07 0.00 0.00 0.00 0.00 0.00 0.00 0.00 0.00 0.00 0.00 0.00 0.05 0.34 0.70 1.12 1.58 2.08 2.60 3.16 3.74 4.34 4.97 5.61 6.29 6.98 7.68 8.40 9.11 9.82 10.51 11.12
1.92 2.12 2.32 2.51 2.69 2.86 3.01 3.15 3.28 3.39 3.48 3.55 3.60 3.62 3.61 3.58 3.51 3.42 3.32 3.22 3.12 3.02 2.92 2.83 2.74 2.65 2.54 2.44 2.33 2.21 2.10 1.99 1.89 1.78 1.68 1.59 1.50 1.41 1.33 1.26 1.19 1.14 1.09 1.03 0.97 0.90 0.81 0.73 0.63 0.53 0.42 0.28 0.14 0.00 0.00 0.00 0.00 0.00 0.00 0.00 0.00 0.00 0.00 0.00 0.00 0.26 0.58 0.96 1.40 1.89 2.40 2.95 3.51 4.10 4.71 5.34 6.00 6.68 7.37 8.07 8.78 9.47 10.09 10.57
1.83 2.01 2.18 2.35 2.51 2.67 2.82 2.96 3.08 3.20 3.29 3.37 3.43 3.46 3.48 3.46 3.42 3.34 3.25 3.14 3.04 2.94 2.85 2.76 2.67 2.57 2.47 2.36 2.25 2.14 2.03 1.92 1.82 1.71 1.62 1.52 1.43 1.35 1.27 1.20 1.13 1.08 1.03 0.98 0.94 0.88 0.82 0.74 0.66 0.57 0.47 0.34 0.20 0.06 0.00 0.00 0.00 0.00 0.00 0.00 0.00 0.00 0.00 0.00 0.00 0.18 0.46 0.80 1.20 1.67 2.17 2.70 3.25 3.82 4.42 5.03 5.68 6.34 7.02 7.71 8.39 9.01 9.50 9.87
1.74 1.89 2.04 2.18 2.33 2.47 2.61 2.75 2.87 2.98 3.08 3.17 3.24 3.29 3.31 3.32 3.30 3.25 3.17 3.07 2.97 2.87 2.77 2.68 2.59 2.49 2.39 2.28 2.18 2.07 1.96 1.85 1.75 1.65 1.55 1.46 1.37 1.29 1.21 1.14 1.08 1.02 0.97 0.92 0.89 0.85 0.81 0.75 0.68 0.60 0.51 0.39 0.26 0.13 0.00 0.00 0.00 0.00 0.00 0.00 0.00 0.00 0.00 0.00 0.00 0.11 0.35 0.65 1.00 1.42 1.89 2.41 2.95 3.50 4.08 4.68 5.31 5.95 6.62 7.29 7.90 8.39 8.76 9.01
1.64 1.76 1.88 2.01 2.14 2.27 2.40 2.53 2.65 2.76 2.86 2.95 3.03 3.09 3.13 3.15 3.15 3.13 3.07 2.99 2.89 2.79 2.70 2.61 2.52 2.42 2.32 2.21 2.10 2.00 1.89 1.79 1.69 1.59 1.49 1.40 1.32 1.23 1.16 1.08 1.02 0.96 0.91 0.87 0.83 0.80 0.77 0.73 0.68 0.62 0.54 0.43 0.31 0.19 0.07 0.00 0.00 0.00 0.00 0.00 0.00 0.00 0.00 0.00 0.00 0.03 0.23 0.49 0.79 1.16 1.59 2.07 2.59 3.14 3.70 4.28 4.89 5.52 6.16 6.76 7.24 7.60 7.86 8.02
1.54 1.63 1.73 1.83 1.95 2.06 2.18 2.30 2.41 2.52 2.62 2.72 2.80 2.87 2.93 2.96 2.98 2.98 2.95 2.90 2.82 2.72 2.62 2.53 2.44 2.35 2.24 2.14 2.04 1.93 1.83 1.73 1.63 1.53 1.44 1.35 1.26 1.18 1.10 1.03 0.96 0.90 0.85 0.81 0.77 0.74 0.72 0.70 0.67 0.62 0.55 0.46 0.36 0.25 0.14 0.03 0.00 0.00 0.00 0.00 0.00 0.00 0.00 0.00 0.00 0.00 0.11 0.32 0.58 0.90 1.27 1.70 2.19 2.72 3.26 3.82 4.41 5.02 5.59 6.05 6.41 6.66 6.82 6.90
1.44 1.50 1.57 1.65 1.75 1.85 1.95 2.06 2.17 2.27 2.37 2.47 2.56 2.64 2.70 2.75 2.79 2.81 2.80 2.78 2.72 2.65 2.55 2.46 2.37 2.28 2.18 2.08 1.98 1.87 1.77 1.67 1.58 1.48 1.39 1.30 1.21 1.13 1.05 0.98 0.91 0.85 0.80 0.75 0.71 0.68 0.66 0.65 0.64 0.61 0.56 0.48 0.40 0.30 0.20 0.10 0.01 0.00 0.00 0.00 0.00 0.00 0.00 0.00 0.00 0.00 0.00 0.15 0.36 0.63 0.94 1.32 1.75 2.24 2.76 3.31 3.87 4.40 4.84 5.17 5.41 5.57 5.65 5.66
1.34 1.37 1.41 1.47 1.55 1.63 1.72 1.81 1.91 2.01 2.11 2.20 2.30 2.38 2.46 2.52 2.57 2.61 2.63 2.63 2.60 2.56 2.48 2.40 2.31 2.21 2.12 2.02 1.92 1.82 1.72 1.62 1.53 1.43 1.34 1.25 1.16 1.08 1.00 0.93 0.86 0.80 0.75 0.70 0.66 0.63 0.61 0.59 0.59 0.58 0.54 0.49 0.42 0.34 0.26 0.16 0.07 0.00 0.00 0.00 0.00 0.00 0.00 0.00 0.00 0.00 0.00 0.00 0.13 0.34 0.61 0.92 1.29 1.72 2.20 2.72 3.20 3.60 3.91 4.13 4.27 4.35 4.36 4.30
1.25 1.25 1.27 1.30 1.35 1.41 1.48 1.56 1.65 1.74 1.84 1.93 2.03 2.11 2.20 2.27 2.34 2.39 2.43 2.45 2.46 2.44 2.40 2.33 2.25 2.16 2.07 1.97 1.87 1.78 1.68 1.58 1.49 1.39 1.30 1.21 1.13 1.04 0.97 0.89 0.82 0.76 0.70 0.65 0.61 0.58 0.55 0.53 0.53 0.53 0.52 0.49 0.44 0.38 0.30 0.21 0.12 0.03 0.00 0.00 0.00 0.00 0.00 0.00 0.00 0.00 0.00 0.00 0.00 0.06 0.26 0.52 0.83 1.19 1.61 2.05 2.40 2.66 2.86 2.98 3.03 3.03 2.98 2.88
1.22 1.18 1.16 1.17 1.19 1.23 1.28 1.35 1.42 1.50 1.59 1.68 1.77 1.87 1.96 2.04 2.12 2.18 2.24 2.28 2.31 2.32 2.31 2.28 2.22 2.14 2.05 1.95 1.86 1.76 1.67 1.57 1.47 1.38 1.29 1.20 1.11 1.02 0.94 0.87 0.80 0.73 0.67 0.62 0.57 0.53 0.50 0.48 0.47 0.47 0.48 0.47 0.45 0.40 0.33 0.26 0.17 0.08 0.00 0.00 0.00 0.00 0.00 0.00 0.00 0.00 0.00 0.00 0.00 0.00 0.00 0.17 0.41 0.71 1.07 1.43 1.67 1.81 1.89 1.92 1.89 1.82 1.71 1.58
1.24 1.17 1.12 1.09 1.09 1.10 1.13 1.18 1.24 1.30 1.38 1.47 1.56 1.65 1.74 1.83 1.92 2.00 2.07 2.13 2.18 2.21 2.24 2.24 2.22 2.16 2.07 1.97 1.88 1.78 1.68 1.58 1.49 1.39 1.29 1.20 1.11 1.02 0.94 0.86 0.78 0.71 0.65 0.59 0.54 0.50 0.46 0.44 0.42 0.42 0.43 0.44 0.44 0.41 0.36 0.30 0.22 0.14 0.05 0.00 0.00 0.00 0.00 0.00 0.00 0.00 0.00 0.00 0.00 0.00 0.00 0.00 0.07 0.31 0.60 0.90 1.07 1.12 1.09 1.02 0.92 0.78 0.62 0.44
1.33 1.22 1.13 1.07 1.04 1.02 1.03 1.05 1.09 1.15 1.21 1.29 1.37 1.46 1.56 1.65 1.74 1.83 1.91 1.99 2.06 2.12 2.17 2.21 2.22 2.19 2.12 2.03 1.93 1.83 1.73 1.63 1.53 1.42 1.33 1.23 1.13 1.04 0.95 0.87 0.78 0.71 0.64 0.57 0.52 0.47 0.42 0.40 0.38 0.38 0.39 0.40 0.41 0.41 0.38 0.34 0.28 0.20 0.11 0.02 0.00 0.00 0.00 0.00 0.00 0.00 0.00 0.00 0.00 0.00 0.00 0.00 0.00 0.00 0.21 0.44 0.57 0.56 0.46 0.29 0.11 0.00 0.00 0.00
1.46 1.33 1.21 1.11 1.04 1.00 0.98 0.98 1.00 1.03 1.09 1.15 1.23 1.31 1.40 1.49 1.59 1.69 1.78 1.87 1.96 2.05 2.12 2.19 2.22 2.22 2.18 2.11 2.01 1.90 1.80 1.69 1.59 1.48 1.38 1.27 1.17 1.07 0.98 0.88 0.79 0.71 0.63 0.56 0.49 0.44 0.39 0.36 0.35 0.35 0.35 0.36 0.37 0.39 0.39 0.36 0.32 0.26 0.18 0.09 0.00 0.00 0.00 0.00 0.00 0.00 0.00 0.00 0.00 0.00 0.00 0.00 0.00 0.00 0.00 0.06 0.14 0.09 0.00 0.00 0.00 0.00 0.00 0.00
1.61 1.48 1.34 1.21 1.10 1.03 0.98 0.95 0.95 0.96 1.00 1.05 1.11 1.19 1.27 1.36 1.46 1.56 1.67 1.77 1.88 1.98 2.08 2.17 2.23 2.25 2.24 2.19 2.11 2.00 1.89 1.78 1.67 1.55 1.44 1.33 1.22 1.11 1.01 0.91 0.81 0.72 0.63 0.55 0.47 0.41 0.37 0.34 0.32 0.32 0.32 0.33 0.34 0.35 0.37 0.37 0.35 0.30 0.24 0.16 0.07 0.00 0.00 0.00 0.00 0.00 0.00 0.00 0.00 0.00 0.00 0.00 0.00 0.00 0.00 0.00 0.00 0.00 0.00 0.00 0.00 0.00 0.00 0.00
1.80 1.65 1.51 1.36 1.22 1.11 1.03 0.97 0.94 0.94 0.95 0.98 1.03 1.10 1.18 1.26 1.36 1.46 1.58 1.69 1.82 1.94 2.05 2.16 2.24 2.29 2.30 2.27 2.22 2.12 2.01 1.89 1.76 1.64 1.52 1.40 1.28 1.16 1.05 0.94 0.83 0.73 0.63 0.54 0.46 0.40 0.35 0.32 0.30 0.30 0.30 0.31 0.32 0.33 0.34 0.36 0.36 0.34 0.29 0.23 0.15 0.06 0.00 0.00 0.00 0.00 0.00 0.00 0.00 0.00 0.00 0.00 0.00 0.00 0.00 0.00 0.00 0.00 0.00 0.00 0.00 0.00 0.00 0.00
2.01 1.86 1.70 1.55 1.39 1.25 1.13 1.05 0.99 0.96 0.95 0.96 0.99 1.05 1.11 1.19 1.29 1.39 1.51 1.64 1.77 1.90 2.03 2.15 2.25 2.32 2.35 2.35 2.31 2.24 2.13 2.01 1.87 1.74 1.61 1.48 1.35 1.22 1.09 0.97 0.85 0.73 0.63 0.53 0.45 0.39 0.34 0.30 0.29 0.28 0.28 0.29 0.30 0.31 0.32 0.34 0.36 0.36 0.34 0.29 0.22 0.14 0.05 0.00 0.00 0.00 0.00 0.00 0.00 0.00 0.00 0.00 0.00 0.00 0.00 0.00 0.00 0.00 0.00 0.00 0.00 0.00 0.00 0.00
2.24 2.08 1.92 1.76 1.60 1.44 1.29 1.17 1.08 1.02 0.98 0.98 0.99 1.03 1.08 1.15 1.24 1.35 1.47 1.60 1.74 1.88 2.02 2.16 2.27 2.35 2.40 2.41 2.39 2.34 2.25 2.14 2.00 1.85 1.71 1.56 1.42 1.28 1.14 1.00 0.87 0.74 0.63 0.53 0.45 0.38 0.33 0.29 0.27 0.27 0.27 0.28 0.28 0.29 0.31 0.32 0.34 0.36 0.36 0.34 0.29 0.22 0.14 0.04 0.00 0.00 0.00 0.00 0.00 0.00 0.00 0.00 0.00 0.00 0.00 0.00 0.00 0.00 0.00 0.00 0.00 0.00 0.00 0.00
2.48 2.32 2.15 1.99 1.82 1.66 1.49 1.34 1.22 1.13 1.06 1.03 1.02 1.04 1.08 1.15 1.23 1.34 1.46 1.59 1.73 1.88 2.02 2.17 2.29 2.38 2.44 2.47 2.46 2.42 2.36 2.25 2.12 1.97 1.81 1.65 1.49 1.34 1.18 1.03 0.88 0.75 0.64 0.54 0.45 0.38 0.33 0.29 0.27 0.26 0.26 0.27 0.27 0.28 0.30 0.31 0.33 0.34 0.36 0.36 0.34 0.29 0.22 0.14 0.04 0.00 0.00 0.00 0.00 0.00 0.00 0.00 0.00 0.00 0.00 0.00 0.00 0.00 0.00 0.00 0.00 0.00 0.00 0.00
2.74 2.57 2.40 2.23 2.06 1.89 1.73 1.56 1.41 1.28 1.19 1.13 1.10 1.09 1.12 1.18 1.25 1.35 1.47 1.60 1.74 1.89 2.04 2.18 2.31 2.41 2.48 2.51 2.52 2.49 2.44 2.35 2.23 2.08 1.91 1.73 1.56 1.39 1.22 1.05 0.90 0.77 0.65 0.54 0.46 0.38 0.33 0.29 0.27 0.26 0.26 0.26 0.27 0.28 0.29 0.30 0.32 0.33 0.35 0.37 0.37 0.34 0.29 0.22 0.13 0.03 0.00 0.00 0.00 0.00 0.00 0.00 0.00 0.00 0.00 0.00 0.00 0.00 0.00 0.00 0.00 0.00 0.00 0.00
3.01 2.84 2.66 2.49 2.32 2.15 1.97 1.80 1.64 1.48 1.36 1.27 1.21 1.19 1.20 1.24 1.31 1.40 1.50 1.63 1.76 1.91 2.06 2.20 2.34 2.44 2.51 2.55 2.56 2.55 2.50 2.42 2.31 2.17 2.00 1.82 1.63 1.43 1.25 1.08 0.93 0.79 0.66 0.56 0.47 0.39 0.33 0.29 0.27 0.26 0.26 0.26 0.27 0.28 0.29 0.30 0.31 0.33 0.35 0.36 0.38 0.38 0.35 0.30 0.22 0.13 0.02 0.00 0.00 0.00 0.00 0.00 0.00 0.00 0.00 0.00 0.00 0.00 0.00 0.00 0.00 0.00 0.00 0.00
3.28 3.11 2.93 2.76 2.58 2.41 2.24 2.06 1.89 1.73 1.57 1.45 1.37 1.33 1.32 1.34 1.39 1.47 1.56 1.68 1.80 1.94 2.09 2.23 2.36 2.46 2.54 2.58 2.60 2.58 2.54 2.47 2.37 2.24 2.08 1.89 1.68 1.48 1.29 1.11 0.95 0.81 0.68 0.57 0.48 0.40 0.34 0.30 0.28 0.27 0.27 0.27 0.27 0.28 0.29 0.30 0.31 0.33 0.34 0.36 0.37 0.39 0.39 0.36 0.30 0.22 0.12 0.00 0.00 0.00 0.00 0.00 0.00 0.00 0.00 0.00 0.00 0.00 0.00 0.00 0.00 0.00 0.00 0.00
3.55 3.38 3.21 3.03 2.86 2.68 2.51 2.33 2.16 1.99 1.83 1.68 1.57 1.51 1.47 1.48 1.51 1.56 1.64 1.74 1.86 1.99 2.12 2.26 2.39 2.49 2.56 2.60 2.61 2.60 2.56 2.49 2.39 2.27 2.11 1.93 1.73 1.52 1.32 1.14 0.98 0.83 0.71 0.59 0.50 0.42 0.36 0.31 0.29 0.28 0.28 0.28 0.28 0.29 0.29 0.31 0.32 0.33 0.34 0.36 0.37 0.39 0.40 0.39 0.36 0.29 0.21 0.10 0.00 0.00 0.00 0.00 0.00 0.00 0.00 0.00 0.00 0.00 0.00 0.00 0.00 0.00 0.00 0.00
3.82 3.66 3.48 3.31 3.13 2.96 2.78 2.61 2.43 2.27 2.11 1.96 1.82 1.73 1.67 1.65 1.65 1.69 1.75 1.83 1.93 2.05 2.17 2.30 2.42 2.51 2.57 2.61 2.62 2.60 2.56 2.49 2.39 2.27 2.12 1.94 1.76 1.56 1.36 1.18 1.01 0.86 0.73 0.61 0.52 0.43 0.37 0.33 0.30 0.29 0.29 0.29 0.29 0.30 0.30 0.31 0.32 0.34 0.35 0.36 0.38 0.39 0.40 0.40 0.39 0.35 0.28 0.19 0.09 0.00 0.00 0.00 0.00 0.00 0.00 0.00 0.00 0.00 0.00 0.00 0.00 0.00 0.00 0.00
4.09 3.93 3.75 3.58 3.41 3.23 3.06 2.88 2.71 2.55 2.40 2.25 2.11 1.99 1.90 1.85 1.83 1.84 1.88 1.94 2.02 2.12 2.23 2.34 2.45 2.52 2.58 2.61 2.61 2.59 2.54 2.46 2.36 2.24 2.09 1.93 1.77 1.59 1.40 1.22 1.05 0.89 0.76 0.64 0.54 0.45 0.39 0.34 0.32 0.30 0.30 0.30 0.30 0.31 0.31 0.32 0.33 0.34 0.36 0.37 0.38 0.39 0.39 0.40 0.40 0.38 0.34 0.27 0.18 0.06 0.00 0.00 0.00 0.00 0.00 0.00 0.00 0.00 0.00 0.00 0.00 0.00 0.00 0.00
4.35 4.19 4.02 3.85 3.68 3.51 3.33 3.16 3.00 2.84 2.70 2.55 2.42 2.29 2.17 2.09 2.04 2.02 2.03 2.07 2.12 2.20 2.29 2.39 2.48 2.54 2.58 2.60 2.59 2.55 2.49 2.41 2.30 2.18 2.04 1.90 1.75 1.60 1.43 1.26 1.08 0.93 0.79 0.66 0.56 0.48 0.41 0.36 0.33 0.32 0.32 0.31 0.32 0.32 0.33 0.33 0.34 0.35 0.36 0.37 0.38 0.39 0.39 0.39 0.39 0.39 0.37 0.32 0.25 0.15 0.04 0.00 0.00 0.00 0.00 0.00 0.00 0.00 0.00 0.00 0.00 0.00 0.00 0.00
4.60 4.44 4.28 4.11 3.94 3.77 3.61 3.44 3.29 3.14 3.00 2.86 2.73 2.60 2.47 2.36 2.27 2.22 2.20 2.21 2.24 2.29 2.36 2.44 2.51 2.55 2.57 2.57 2.55 2.50 2.43 2.33 2.22 2.10 1.98 1.85 1.72 1.58 1.43 1.28 1.12 0.96 0.82 0.69 0.59 0.50 0.43 0.38 0.35 0.34 0.33 0.33 0.33 0.34 0.34 0.35 0.36 0.37 0.37 0.38 0.38 0.39 0.39 0.39 0.39 0.38 0.38 0.35 0.30 0.23 0.13 0.02 0.00 0.00 0.00 0.00 0.00 0.00 0.00 0.00 0.00 0.00 0.00 0.00
4.83 4.68 4.52 4.36 4.20 4.03 3.88 3.72 3.58 3.44 3.30 3.16 3.03 2.90 2.78 2.65 2.54 2.45 2.40 2.38 2.38 2.40 2.44 2.49 2.54 2.56 2.56 2.54 2.50 2.43 2.34 2.24 2.13 2.02 1.91 1.79 1.67 1.55 1.42 1.28 1.14 0.99 0.85 0.72 0.61 0.52 0.45 0.40 0.37 0.36 0.35 0.35 0.35 0.35 0.36 0.36 0.37 0.38 0.38 0.38 0.39 0.39 0.38 0.38 0.38 0.37 0.36 0.36 0.33 0.28 0.20 0.11 0.00 0.00 0.00 0.00 0.00 0.00 0.00 0.00 0.00 0.00 0.00 0.00
5.05 4.90 4.75 4.59 4.44 4.28 4.14 4.00 3.86 3.72 3.59 3.46 3.33 3.21 3.08 2.95 2.83 2.71 2.62 2.56 2.52 2.51 2.52 2.55 2.57 2.56 2.54 2.49 2.43 2.34 2.24 2.14 2.03 1.93 1.82 1.72 1.61 1.50 1.38 1.26 1.14 1.01 0.88 0.75 0.64 0.55 0.48 0.42 0.39 0.38 0.37 0.37 0.37 0.37 0.37 0.38 0.38 0.39 0.39 0.39 0.38 0.38 0.38 0.37 0.36 0.36 0.35 0.34 0.33 0.31 0.26 0.18 0.08 0.00 0.00 0.00 0.00 0.00 0.00 0.00 0.00 0.00 0.00 0.00
5.24 5.10 4.95 4.81 4.66 4.53 4.39 4.26 4.13 4.00 3.88 3.75 3.63 3.50 3.37 3.25 3.12 2.98 2.86 2.76 2.69 2.64 2.62 2.61 2.60 2.56 2.51 2.44 2.35 2.24 2.14 2.03 1.93 1.83 1.73 1.63 1.53 1.43 1.33 1.22 1.12 1.01 0.90 0.78 0.67 0.57 0.50 0.45 0.41 0.40 0.39 0.39 0.39 0.39 0.39 0.39 0.39 0.39 0.39 0.39 0.38 0.38 0.37 0.36 0.35 0.34 0.33 0.32 0.32 0.31 0.28 0.23 0.15 0.06 0.00 0.00 0.00 0.00 0.00 0.00 0.00 0.00 0.00 0.00
5.40 5.27 5.14 5.00 4.88 4.75 4.63 4.51 4.39 4.27 4.15 4.02 3.90 3.78 3.65 3.52 3.39 3.25 3.11 2.98 2.86 2.78 2.72 2.67 2.62 2.56 2.47 2.37 2.26 2.14 2.04 1.93 1.83 1.73 1.64 1.54 1.45 1.36 1.26 1.17 1.08 0.99 0.89 0.79 0.69 0.60 0.52 0.47 0.44 0.42 0.41 0.41 0.41 0.41 0.41 0.41 0.40 0.40 0.39 0.38 0.38 0.37 0.36 0.35 0.34 0.32 0.31 0.30 0.30 0.29 0.28 0.25 0.20 0.13 0.03 0.00 0.00 0.00 0.00 0.00 0.00 0.00 0.00 0.04
5.53 5.42 5.30 5.18 5.07 4.96 4.85 4.73 4.62 4.51 4.40 4.28 4.16 4.04 3.91 3.78 3.64 3.50 3.36 3.20 3.05 2.92 2.82 2.74 2.65 2.55 2.43 2.30 2.17 2.05 1.94 1.83 1.73 1.63 1.54 1.45 1.36 1.27 1.19 1.11 1.03 0.95 0.87 0.79 0.70 0.62 0.55 0.49 0.46 0.44 0.43 0.43 0.43 0.42 0.42 0.41 0.41 0.40 0.39 0.38 0.37 0.35 0.34 0.33 0.32 0.30 0.29 0.28 0.27 0.26 0.26 0.25 0.23 0.18 0.10 0.02 0.00 0.00 0.00 0.01 0.06 0.11 0.16 0.21
5.64 5.54 5.44 5.34 5.24 5.14 5.04 4.94 4.84 4.73 4.62 4.51 4.39 4.27 4.15 4.01 3.88 3.73 3.58 3.42 3.25 3.08 2.93 2.80 2.68 2.53 2.38 2.24 2.10 1.97 1.85 1.74 1.63 1.53 1.44 1.35 1.26 1.18 1.10 1.03 0.96 0.89 0.82 0.76 0.69 0.63 0.57 0.51 0.48 0.46 0.45 0.45 0.44 0.43 0.43 0.42 0.40 0.39 0.38 0.37 0.35 0.34 0.32 0.31 0.29 0.28 0.27 0.26 0.25 0.24 0.23 0.22 0.22 0.20 0.15 0.10 0.07 0.08 0.11 0.15 0.19 0.23 0.27 0.31
