data_processed/recharge/precip/Precip_1993_09.asc
ncols        168
nrows        136
xllcorner    455000
yllcorner    2107000
cellsize     500
NODATA_value     -99999
[rows 96 to 127 of 136, columns 0 to 72 of 168]
129.54 125.37 123.13 122.71 124.00 126.90 131.28 136.83 142.70 148.47 154.10 159.58 164.91 170.08 175.06 179.86 184.47 188.77 192.44 195.35 197.60 199.27 200.46 201.24 201.73 201.98 201.99 201.77 201.31 200.64 199.77 198.71 197.48 196.24 195.17 194.29 193.57 193.00 192.56 192.21 191.94 191.72 191.54 191.39 191.27 191.14 190.97 190.72 190.35 189.82 189.06 187.65 185.29 182.06 178.03 173.28 167.90 161.96 155.62 149.20 142.91 136.81 130.97 125.44 120.29 115.57 111.34 107.67 104.56 101.87 99.50 97.43 95.67
128.50 125.30 124.04 124.59 126.86 130.73 135.86 141.34 146.74 152.02 157.17 162.18 167.04 171.73 176.26 180.60 184.75 188.70 192.36 195.43 197.84 199.65 200.97 201.88 202.48 202.83 202.93 202.79 202.42 201.82 201.02 200.04 199.02 198.17 197.49 196.97 196.59 196.31 196.13 196.01 195.94 195.89 195.84 195.77 195.67 195.54 195.35 195.05 194.61 193.99 193.12 191.57 189.05 185.61 181.35 176.34 170.66 164.47 158.10 151.76 145.52 139.44 133.58 128.00 122.76 117.92 113.53 109.67 106.38 103.68 101.40 99.42 97.74
127.86 125.80 125.67 127.36 130.76 135.51 140.67 145.75 150.73 155.59 160.33 164.93 169.38 173.68 177.81 181.77 185.54 189.11 192.48 195.56 198.11 200.06 201.51 202.55 203.25 203.71 203.90 203.85 203.56 203.04 202.32 201.55 200.94 200.49 200.19 200.01 199.94 199.94 200.00 200.09 200.20 200.29 200.36 200.36 200.29 200.14 199.90 199.53 199.00 198.26 197.25 195.54 192.83 189.17 184.64 179.34 173.42 167.22 160.96 154.70 148.50 142.42 136.53 130.89 125.55 120.57 116.02 111.95 108.42 105.50 103.19 101.29 99.69
127.66 126.89 128.06 131.03 135.46 140.33 145.15 149.88 154.50 159.02 163.41 167.68 171.80 175.77 179.58 183.22 186.67 189.94 193.00 195.85 198.42 200.51 202.10 203.25 204.07 204.62 204.91 204.94 204.73 204.30 203.81 203.46 203.26 203.21 203.26 203.41 203.62 203.88 204.16 204.45 204.71 204.93 205.09 205.16 205.11 204.94 204.63 204.16 203.51 202.63 201.46 199.56 196.63 192.72 187.91 182.38 176.46 170.39 164.22 158.03 151.86 145.78 139.85 134.13 128.67 123.55 118.82 114.53 110.76 107.55 104.98 103.03 101.50
127.93 128.61 131.22 135.37 140.01 144.61 149.14 153.58 157.92 162.16 166.28 170.27 174.13 177.84 181.40 184.79 188.00 191.03 193.85 196.47 198.88 201.01 202.72 203.99 204.92 205.57 205.95 206.07 205.95 205.76 205.70 205.78 205.99 206.30 206.69 207.14 207.62 208.12 208.61 209.07 209.47 209.80 210.03 210.14 210.10 209.90 209.52 208.93 208.14 207.10 205.74 203.62 200.44 196.26 191.22 185.72 179.95 174.00 167.92 161.78 155.63 149.53 143.55 137.74 132.17 126.89 121.96 117.45 113.42 109.92 107.01 104.76 103.15
128.70 130.99 134.91 139.37 143.80 148.17 152.48 156.70 160.83 164.86 168.77 172.57 176.23 179.76 183.13 186.34 189.37 192.23 194.89 197.35 199.60 201.62 203.38 204.77 205.81 206.56 207.04 207.26 207.39 207.63 208.02 208.52 209.11 209.77 210.47 211.21 211.94 212.66 213.33 213.94 214.46 214.88 215.16 215.29 215.25 215.00 214.54 213.83 212.87 211.64 210.07 207.72 204.27 199.86 194.87 189.54 183.92 178.08 172.08 165.98 159.84 153.71 147.67 141.76 136.05 130.60 125.48 120.73 116.42 112.61 109.36 106.73 104.79
130.00 133.74 138.06 142.38 146.65 150.86 155.01 159.08 163.07 166.96 170.74 174.41 177.95 181.35 184.60 187.70 190.63 193.39 195.96 198.33 200.49 202.43 204.15 205.61 206.75 207.60 208.18 208.66 209.24 209.95 210.76 211.65 212.60 213.59 214.60 215.60 216.56 217.48 218.32 219.06 219.69 220.17 220.49 220.62 220.54 220.24 219.68 218.84 217.71 216.26 214.46 211.84 208.17 203.83 199.04 193.88 188.40 182.66 176.72 170.65 164.50 158.34 152.22 146.20 140.35 134.73 129.38 124.39 119.79 115.67 112.06 109.05 106.68
131.53 135.77 140.01 144.23 148.41 152.53 156.59 160.59 164.50 168.32 172.03 175.64 179.12 182.47 185.68 188.74 191.64 194.36 196.90 199.25 201.39 203.32 205.03 206.51 207.73 208.70 209.54 210.48 211.54 212.69 213.91 215.18 216.48 217.78 219.06 220.30 221.48 222.58 223.57 224.42 225.13 225.66 225.99 226.11 225.98 225.59 224.92 223.93 222.62 220.95 218.88 216.06 212.48 208.36 203.77 198.76 193.40 187.75 181.87 175.82 169.66 163.44 157.24 151.10 145.09 139.28 133.71 128.45 123.56 119.11 115.14 111.72 108.91
132.28 136.51 140.72 144.90 149.05 153.15 157.19 161.17 165.07 168.88 172.60 176.21 179.70 183.07 186.30 189.38 192.30 195.06 197.64 200.03 202.22 204.21 205.98 207.52 208.80 209.93 211.24 212.67 214.18 215.76 217.38 219.01 220.63 222.23 223.77 225.24 226.62 227.88 228.99 229.95 230.72 231.28 231.62 231.70 231.51 231.02 230.21 229.07 227.56 225.66 223.38 220.63 217.30 213.40 208.99 204.14 198.89 193.33 187.49 181.45 175.27 168.99 162.69 156.43 150.26 144.24 138.44 132.92 127.73 122.93 118.59 114.77 111.52
132.57 136.78 140.99 145.17 149.32 153.44 157.50 161.50 165.42 169.27 173.02 176.67 180.21 183.63 186.92 190.06 193.05 195.87 198.53 201.00 203.28 205.35 207.21 208.84 210.06 211.02 212.59 214.50 216.49 218.49 220.51 222.51 224.47 226.37 228.18 229.89 231.47 232.90 234.16 235.22 236.06 236.66 237.01 237.06 236.81 236.23 235.30 234.00 232.30 230.21 227.83 225.17 222.08 218.42 214.21 209.53 204.42 198.95 193.18 187.17 180.98 174.67 168.29 161.92 155.60 149.41 143.39 137.62 132.14 127.03 122.33 118.12 114.44
132.86 137.05 141.27 145.48 149.66 153.80 157.90 161.94 165.92 169.82 173.63 177.34 180.95 184.44 187.80 191.02 194.10 197.02 199.77 202.34 204.72 206.91 208.87 210.45 211.42 212.08 213.48 215.66 218.11 220.58 223.01 225.40 227.71 229.93 232.04 234.00 235.81 237.43 238.84 240.03 240.97 241.63 242.00 242.05 241.76 241.11 240.08 238.63 236.79 234.61 232.20 229.52 226.52 223.10 219.13 214.64 209.70 204.37 198.69 192.74 186.58 180.25 173.84 167.38 160.95 154.61 148.41 142.42 136.69 131.29 126.27 121.70 117.63
133.17 137.32 141.54 145.79 150.02 154.22 158.38 162.48 166.53 170.50 174.39 178.19 181.88 185.46 188.92 192.25 195.43 198.46 201.33 204.03 206.54 208.84 210.78 212.14 212.83 213.23 214.37 216.40 219.12 222.05 224.92 227.72 230.41 232.97 235.38 237.63 239.68 241.51 243.10 244.43 245.48 246.23 246.64 246.71 246.40 245.70 244.58 243.04 241.12 238.92 236.47 233.77 230.76 227.43 223.70 219.45 214.71 209.53 203.98 198.13 192.02 185.72 179.29 172.79 166.28 159.82 153.47 147.29 141.34 135.68 130.37 125.47 121.04
133.49 137.59 141.81 146.09 150.38 154.66 158.90 163.09 167.22 171.29 175.28 179.18 182.98 186.68 190.26 193.71 197.02 200.18 203.19 206.02 208.67 210.98 212.72 213.84 214.30 214.45 215.35 217.17 219.78 222.97 226.30 229.52 232.60 235.53 238.27 240.81 243.13 245.19 246.98 248.48 249.66 250.51 250.99 251.09 250.79 250.05 248.88 247.29 245.34 243.10 240.63 237.90 234.88 231.55 227.93 223.91 219.39 214.41 209.02 203.29 197.27 191.03 184.62 178.10 171.54 164.99 158.52 152.19 146.05 140.16 134.59 129.40 124.61
133.82 137.87 142.07 146.36 150.72 155.08 159.42 163.72 167.96 172.15 176.26 180.28 184.22 188.05 191.76 195.36 198.82 202.14 205.30 208.29 210.96 213.10 214.65 215.55 215.80 215.74 216.43 218.05 220.48 223.59 227.19 230.85 234.35 237.66 240.75 243.61 246.21 248.52 250.53 252.22 253.55 254.52 255.09 255.25 254.96 254.22 253.01 251.39 249.42 247.15 244.65 241.91 238.87 235.54 231.92 228.01 223.72 218.97 213.77 208.20 202.30 196.14 189.78 183.28 176.70 170.10 163.54 157.08 150.78 144.71 138.91 133.43 128.29
134.14 138.14 142.32 146.62 151.02 155.47 159.93 164.35 168.73 173.05 177.30 181.47 185.55 189.54 193.42 197.18 200.81 204.30 207.64 210.67 213.21 215.18 216.54 217.27 217.33 217.08 217.60 219.05 221.32 224.29 227.84 231.77 235.70 239.41 242.87 246.07 248.97 251.56 253.81 255.70 257.21 258.31 258.99 259.22 258.97 258.22 256.98 255.34 253.34 251.05 248.52 245.75 242.70 239.37 235.76 231.87 227.70 223.17 218.20 212.81 207.07 201.02 194.75 188.30 181.73 175.11 168.49 161.94 155.51 149.27 143.27 137.52 132.06
134.46 138.40 142.54 146.86 151.29 155.82 160.38 164.95 169.48 173.96 178.37 182.71 186.96 191.13 195.19 199.13 202.96 206.64 210.04 212.97 215.36 217.19 218.40 218.98 218.88 218.47 218.84 220.16 222.29 225.14 228.58 232.50 236.71 240.83 244.69 248.24 251.46 254.34 256.85 258.97 260.67 261.94 262.75 263.05 262.81 262.03 260.77 259.10 257.08 254.76 252.22 249.43 246.37 243.03 239.43 235.55 231.42 227.01 222.26 217.09 211.53 205.64 199.48 193.11 186.59 179.97 173.33 166.72 160.20 153.82 147.63 141.65 135.91
134.75 138.63 142.75 147.06 151.53 156.12 160.78 165.49 170.19 174.84 179.44 183.97 188.42 192.78 197.04 201.19 205.22 208.99 212.32 215.14 217.42 219.12 220.22 220.67 220.44 219.91 220.15 221.36 223.39 226.15 229.51 233.35 237.57 241.98 246.24 250.17 253.74 256.93 259.72 262.08 264.00 265.44 266.38 266.71 266.44 265.64 264.36 262.67 260.62 258.29 255.72 252.91 249.85 246.51 242.91 239.06 234.94 230.58 225.96 221.01 215.67 209.96 203.94 197.68 191.24 184.67 178.03 171.39 164.81 158.33 152.00 145.82 139.84
135.02 138.83 142.91 147.22 151.72 156.37 161.13 165.96 170.83 175.68 180.48 185.21 189.88 194.46 198.94 203.32 207.45 211.18 214.43 217.17 219.37 220.98 221.99 222.34 222.01 221.37 221.53 222.64 224.60 227.30 230.60 234.40 238.59 243.04 247.58 251.90 255.84 259.36 262.45 265.08 267.23 268.85 269.82 270.13 269.85 269.02 267.72 266.01 263.95 261.59 259.00 256.19 253.11 249.78 246.19 242.36 238.27 233.94 229.37 224.56 219.44 213.94 208.10 201.98 195.64 189.15 182.55 175.92 169.33 162.79 156.34 150.01 143.82
135.26 138.99 143.03 147.33 151.86 156.56 161.41 166.37 171.39 176.43 181.45 186.42 191.32 196.14 200.86 205.37 209.49 213.17 216.37 219.06 221.20 222.75 223.69 223.97 223.57 222.86 222.95 224.01 225.92 228.58 231.86 235.65 239.83 244.28 248.90 253.51 257.82 261.70 265.11 268.02 270.39 272.06 273.02 273.31 273.01 272.16 270.85 269.12 267.03 264.66 262.06 259.23 256.15 252.82 249.25 245.43 241.38 237.08 232.56 227.81 222.82 217.55 211.92 205.97 199.77 193.38 186.88 180.32 173.75 167.19 160.67 154.22 147.86
135.45 139.11 143.10 147.39 151.93 156.69 161.63 166.70 171.87 177.09 182.33 187.55 192.70 197.77 202.65 207.18 211.29 214.95 218.13 220.80 222.90 224.43 225.33 225.57 225.12 224.36 224.41 225.44 227.34 229.99 233.27 237.07 241.27 245.76 250.42 255.13 259.74 263.99 267.73 270.91 273.35 275.01 275.95 276.22 275.90 275.04 273.71 271.96 269.86 267.48 264.86 262.02 258.94 255.61 252.06 248.26 244.24 239.99 235.51 230.82 225.90 220.77 215.36 209.62 203.59 197.37 191.01 184.57 178.06 171.51 164.96 158.43 151.94
135.59 139.17 143.11 147.38 151.94 156.75 161.76 166.95 172.26 177.66 183.12 188.58 194.00 199.25 204.17 208.72 212.84 216.52 219.71 222.37 224.48 225.99 226.88 227.11 226.65 225.87 225.91 226.94 228.85 231.51 234.82 238.66 242.92 247.47 252.20 256.99 261.74 266.27 270.32 273.59 276.02 277.67 278.59 278.85 278.51 277.64 276.29 274.53 272.42 270.02 267.39 264.54 261.46 258.14 254.60 250.83 246.84 242.63 238.21 233.57 228.72 223.67 218.40 212.89 207.10 201.11 194.95 188.66 182.25 175.76 169.21 162.64 156.06
135.67 139.16 143.05 147.30 151.87 156.72 161.82 167.11 172.56 178.14 183.79 189.48 195.08 200.41 205.39 209.98 214.14 217.86 221.08 223.77 225.91 227.45 228.35 228.60 228.14 227.37 227.43 228.49 230.43 233.15 236.52 240.42 244.76 249.39 254.22 259.12 263.99 268.63 272.71 275.96 278.38 280.01 280.92 281.17 280.82 279.93 278.57 276.80 274.68 272.26 269.62 266.77 263.69 260.38 256.86 253.12 249.16 245.00 240.62 236.05 231.27 226.29 221.12 215.80 210.31 204.61 198.69 192.58 186.31 179.91 173.41 166.83 160.20
135.69 139.09 142.92 147.14 151.72 156.61 161.77 167.17 172.76 178.50 184.35 190.18 195.84 201.23 206.28 210.94 215.18 218.96 222.24 225.00 227.19 228.77 229.73 230.01 229.60 228.86 228.97 230.08 232.09 234.88 238.34 242.34 246.78 251.53 256.49 261.52 266.46 270.96 274.83 278.01 280.41 282.03 282.92 283.16 282.80 281.91 280.53 278.75 276.62 274.19 271.54 268.68 265.61 262.32 258.81 255.10 251.18 247.06 242.74 238.23 233.52 228.63 223.60 218.48 213.26 207.85 202.21 196.33 190.24 183.97 177.55 171.00 164.35
135.63 138.93 142.70 146.90 151.47 156.40 161.63 167.12 172.84 178.74 184.70 190.57 196.26 201.71 206.85 211.61 215.95 219.82 223.19 226.03 228.30 229.97 231.00 231.36 231.00 230.34 230.51 231.71 233.81 236.71 240.28 244.40 248.97 253.87 258.98 264.10 268.88 273.10 276.73 279.74 282.09 283.69 284.58 284.81 284.44 283.54 282.16 280.36 278.22 275.79 273.13 270.27 267.20 263.92 260.44 256.76 252.88 248.81 244.55 240.10 235.47 230.71 225.90 221.00 216.00 210.85 205.50 199.89 194.01 187.91 181.61 175.14 168.51
135.49 138.69 142.39 146.55 151.13 156.08 161.37 166.96 172.80 178.78 184.76 190.64 196.37 201.88 207.10 211.97 216.43 220.43 223.92 226.87 229.26 231.03 232.16 232.61 232.35 231.78 232.06 233.37 235.59 238.62 242.33 246.61 251.34 256.41 261.61 266.55 271.02 274.97 278.38 281.21 283.42 284.99 285.87 286.09 285.72 284.80 283.42 281.62 279.47 277.04 274.37 271.51 268.45 265.19 261.73 258.08 254.24 250.22 246.02 241.64 237.15 232.62 228.03 223.37 218.59 213.68 208.58 203.25 197.64 191.74 185.60 179.23 172.67
135.25 138.35 141.99 146.10 150.67 155.65 161.00 166.67 172.57 178.54 184.50 190.40 196.17 201.74 207.05 212.04 216.63 220.78 224.41 227.51 230.03 231.94 233.20 233.77 233.64 233.19 233.59 235.04 237.41 240.60 244.48 248.94 253.86 259.03 264.03 268.64 272.80 276.50 279.68 282.34 284.43 285.92 286.77 286.99 286.61 285.69 284.30 282.50 280.35 277.91 275.24 272.38 269.33 266.08 262.65 259.04 255.25 251.28 247.14 242.90 238.64 234.36 230.02 225.60 221.05 216.37 211.50 206.43 201.09 195.44 189.49 183.28 176.82
134.92 137.92 141.47 145.54 150.10 155.10 160.50 166.19 172.05 177.99 183.95 189.87 195.68 201.32 206.72 211.82 216.55 220.86 224.67 227.93 230.62 232.69 234.10 234.84 234.85 234.55 235.11 236.72 239.27 242.65 246.72 251.39 256.42 261.38 266.01 270.28 274.15 277.59 280.58 283.07 285.03 286.44 287.27 287.48 287.10 286.18 284.78 282.98 280.83 278.38 275.72 272.86 269.82 266.59 263.19 259.62 255.87 251.96 247.96 243.97 239.98 235.95 231.86 227.68 223.39 218.94 214.31 209.46 204.38 199.00 193.29 187.26 180.94
134.49 137.37 140.84 144.86 149.41 154.42 159.80 165.44 171.25 177.17 183.13 189.07 194.92 200.63 206.12 211.34 216.21 220.68 224.67 228.13 231.01 233.27 234.87 235.79 235.98 235.85 236.60 238.41 241.16 244.75 249.05 253.84 258.64 263.20 267.46 271.40 274.99 278.19 280.97 283.31 285.16 286.51 287.31 287.53 287.16 286.24 284.85 283.04 280.89 278.45 275.78 272.93 269.90 266.70 263.33 259.79 256.10 252.33 248.59 244.87 241.15 237.39 233.57 229.64 225.60 221.39 217.00 212.40 207.55 202.43 196.98 191.17 185.02
133.93 136.70 140.08 144.06 148.57 153.54 158.85 164.42 170.18 176.07 182.04 188.00 193.90 199.68 205.27 210.60 215.62 220.25 224.43 228.10 231.20 233.68 235.49 236.62 237.01 237.09 238.05 240.08 243.07 246.90 251.34 255.88 260.24 264.39 268.30 271.92 275.23 278.20 280.80 282.99 284.74 286.03 286.81 287.06 286.75 285.87 284.48 282.67 280.52 278.08 275.42 272.57 269.56 266.38 263.04 259.55 256.00 252.51 249.05 245.62 242.18 238.69 235.14 231.48 227.69 223.74 219.60 215.25 210.64 205.75 200.55 195.00 189.07
133.26 135.90 139.20 143.11 147.56 152.42 157.64 163.14 168.86 174.73 180.70 186.69 192.64 198.49 204.18 209.63 214.79 219.58 223.96 227.85 231.18 233.90 235.96 237.32 237.95 238.26 239.46 241.75 244.99 248.97 253.14 257.21 261.14 264.89 268.44 271.76 274.81 277.56 279.97 282.03 283.69 284.92 285.70 285.99 285.76 284.98 283.64 281.84 279.70 277.26 274.60 271.77 268.77 265.62 262.32 258.98 255.71 252.51 249.36 246.22 243.06 239.86 236.58 233.20 229.68 225.99 222.11 218.01 213.65 209.01 204.05 198.75 193.07
132.46 134.97 138.17 141.98 146.30 151.06 156.18 161.62 167.30 173.15 179.12 185.14 191.15 197.07 202.86 208.43 213.74 218.71 223.27 227.38 230.95 233.93 236.26 237.89 238.78 239.35 240.82 243.38 246.78 250.47 254.14 257.74 261.24 264.61 267.82 270.84 273.63 276.17 278.42 280.35 281.93 283.12 283.91 284.24 284.10 283.45 282.26 280.54 278.40 275.97 273.32 270.49 267.52 264.40 261.25 258.20 255.24 252.36 249.51 246.67 243.81 240.90 237.91 234.80 231.56 228.15 224.54 220.70 216.60 212.21 207.50 202.44 197.01
131.51 133.89 136.96 140.62 144.81 149.46 154.50 159.87 165.51 171.35 177.33 183.38 189.44 195.44 201.33 207.03 212.48 217.63 222.39 226.71 230.53 233.78 236.39 238.31 239.49 240.35 242.11 244.84 247.94 251.09 254.26 257.40 260.48 263.48 266.36 269.09 271.63 273.97 276.06 277.87 279.38 280.55 281.34 281.74 281.69 281.19 280.18 278.65 276.60 274.19 271.54 268.73 265.78 262.82 259.97 257.25 254.62 252.05 249.51 246.98 244.43 241.82 239.12 236.31 233.35 230.22 226.88 223.31 219.48 215.35 210.90 206.09 200.91
