data_processed/recharge/precip/Precip_1994_04.asc
ncols        168
nrows        136
xllcorner    455000
yllcorner    2107000
cellsize     500
NODATA_value     -99999
[rows 0 to 33 of 136, columns 0 to 76 of 168]
46.36 46.60 46.80 46.94 47.04 47.09 47.09 47.05 46.96 46.82 46.64 46.41 46.14 45.81 45.43 44.99 44.49 43.93 43.32 42.66 41.94 41.18 40.37 39.51 38.61 37.67 36.69 35.68 34.62 33.55 32.51 31.52 30.57 29.66 28.80 27.97 27.19 26.45 25.75 25.08 24.46 23.87 23.32 22.80 22.32 21.87 21.44 21.02 20.61 20.22 19.85 19.49 19.14 18.82 18.50 18.21 17.93 17.67 17.43 17.20 17.00 16.81 16.64 16.49 16.37 16.26 16.17 16.11 16.06 16.04 16.04 16.07 16.11 16.18 16.28 16.40 16.54
46.26 46.49 46.67 46.81 46.90 46.94 46.94 46.89 46.79 46.64 46.46 46.22 45.94 45.62 45.25 44.82 44.33 43.78 43.19 42.53 41.83 41.08 40.28 39.43 38.54 37.61 36.63 35.62 34.58 33.51 32.48 31.49 30.55 29.65 28.79 27.97 27.20 26.46 25.77 25.11 24.49 23.91 23.37 22.86 22.38 21.92 21.47 21.04 20.62 20.22 19.83 19.46 19.10 18.76 18.44 18.13 17.84 17.57 17.32 17.08 16.87 16.67 16.49 16.34 16.20 16.08 15.99 15.91 15.86 15.83 15.83 15.84 15.88 15.95 16.03 16.14 16.28
46.16 46.39 46.56 46.69 46.77 46.81 46.79 46.74 46.63 46.48 46.29 46.05 45.77 45.44 45.07 44.65 44.18 43.64 43.06 42.42 41.72 40.98 40.19 39.36 38.48 37.55 36.59 35.59 34.55 33.49 32.47 31.49 30.55 29.66 28.81 28.00 27.23 26.51 25.82 25.17 24.56 23.99 23.45 22.94 22.45 21.98 21.52 21.07 20.64 20.23 19.83 19.44 19.07 18.72 18.39 18.07 17.77 17.49 17.22 16.98 16.75 16.55 16.36 16.19 16.05 15.92 15.82 15.74 15.68 15.64 15.63 15.64 15.67 15.73 15.81 15.92 16.05
46.08 46.30 46.47 46.59 46.66 46.69 46.67 46.60 46.49 46.34 46.14 45.90 45.61 45.28 44.91 44.49 44.03 43.51 42.94 42.31 41.63 40.90 40.12 39.30 38.43 37.51 36.56 35.57 34.54 33.49 32.47 31.50 30.57 29.69 28.85 28.05 27.29 26.57 25.89 25.25 24.65 24.09 23.55 23.04 22.54 22.05 21.58 21.12 20.68 20.25 19.83 19.44 19.06 18.69 18.35 18.02 17.71 17.42 17.14 16.89 16.65 16.44 16.24 16.07 15.91 15.78 15.67 15.58 15.52 15.47 15.45 15.46 15.48 15.53 15.61 15.71 15.83
46.02 46.22 46.38 46.49 46.56 46.58 46.56 46.49 46.37 46.21 46.01 45.76 45.47 45.14 44.77 44.35 43.89 43.38 42.82 42.21 41.55 40.83 40.06 39.25 38.39 37.49 36.55 35.57 34.54 33.51 32.50 31.54 30.62 29.75 28.91 28.12 27.38 26.67 26.00 25.37 24.78 24.22 23.67 23.15 22.63 22.13 21.64 21.17 20.72 20.28 19.85 19.45 19.05 18.68 18.32 17.98 17.66 17.36 17.08 16.82 16.57 16.35 16.14 15.96 15.80 15.66 15.54 15.44 15.37 15.32 15.29 15.29 15.31 15.36 15.43 15.52 15.64
45.96 46.16 46.31 46.42 46.48 46.49 46.46 46.39 46.27 46.11 45.90 45.65 45.36 45.03 44.65 44.23 43.77 43.27 42.72 42.12 41.47 40.77 40.02 39.22 38.37 37.48 36.55 35.58 34.57 33.54 32.55 31.60 30.69 29.83 29.01 28.23 27.49 26.79 26.13 25.51 24.93 24.36 23.80 23.26 22.73 22.22 21.72 21.24 20.77 20.32 19.88 19.46 19.06 18.68 18.31 17.96 17.63 17.32 17.03 16.76 16.50 16.27 16.06 15.87 15.70 15.55 15.43 15.32 15.24 15.19 15.15 15.15 15.16 15.20 15.27 15.36 15.47
45.92 46.12 46.26 46.36 46.41 46.42 46.39 46.31 46.19 46.02 45.81 45.56 45.27 44.93 44.55 44.13 43.67 43.17 42.63 42.05 41.41 40.72 39.99 39.20 38.37 37.49 36.58 35.62 34.62 33.60 32.62 31.68 30.78 29.93 29.12 28.35 27.63 26.94 26.30 25.68 25.09 24.51 23.94 23.38 22.84 22.32 21.81 21.31 20.83 20.37 19.92 19.49 19.08 18.69 18.31 17.95 17.61 17.29 16.99 16.71 16.45 16.21 15.99 15.79 15.61 15.46 15.33 15.22 15.13 15.07 15.03 15.02 15.03 15.06 15.12 15.21 15.32
45.90 46.08 46.22 46.32 46.37 46.37 46.33 46.25 46.12 45.96 45.74 45.49 45.20 44.86 44.48 44.06 43.60 43.10 42.56 41.98 41.36 40.69 39.97 39.20 38.38 37.52 36.62 35.67 34.69 33.68 32.71 31.78 30.90 30.06 29.27 28.51 27.80 27.12 26.48 25.86 25.26 24.66 24.08 23.51 22.96 22.42 21.90 21.40 20.91 20.43 19.97 19.53 19.11 18.71 18.32 17.95 17.61 17.28 16.97 16.68 16.41 16.16 15.93 15.73 15.55 15.38 15.25 15.13 15.04 14.97 14.93 14.91 14.91 14.94 15.00 15.08 15.19
45.89 46.07 46.20 46.29 46.34 46.34 46.30 46.21 46.08 45.91 45.70 45.44 45.15 44.81 44.43 44.01 43.56 43.06 42.52 41.95 41.33 40.67 39.97 39.22 38.41 37.57 36.68 35.75 34.78 33.79 32.83 31.91 31.05 30.22 29.44 28.70 28.00 27.33 26.68 26.05 25.43 24.82 24.23 23.65 23.09 22.54 22.00 21.49 20.99 20.50 20.03 19.58 19.15 18.74 18.34 17.97 17.61 17.27 16.95 16.66 16.38 16.13 15.89 15.68 15.49 15.32 15.18 15.06 14.96 14.89 14.84 14.81 14.82 14.84 14.90 14.97 15.08
45.90 46.07 46.20 46.29 46.33 46.33 46.28 46.19 46.06 45.89 45.67 45.42 45.12 44.79 44.41 43.99 43.54 43.04 42.51 41.93 41.32 40.67 39.99 39.25 38.46 37.63 36.76 35.84 34.89 33.91 32.97 32.07 31.22 30.41 29.64 28.91 28.22 27.55 26.89 26.24 25.61 24.99 24.38 23.79 23.22 22.66 22.11 21.58 21.07 20.58 20.10 19.64 19.20 18.78 18.37 17.99 17.62 17.28 16.95 16.65 16.37 16.10 15.86 15.64 15.45 15.28 15.13 15.00 14.90 14.82 14.77 14.74 14.74 14.76 14.81 14.88 14.99
45.93 46.09 46.22 46.30 46.34 46.33 46.28 46.19 46.06 45.89 45.67 45.42 45.12 44.79 44.41 44.00 43.54 43.05 42.52 41.95 41.34 40.70 40.02 39.30 38.53 37.72 36.86 35.96 35.02 34.06 33.14 32.25 31.41 30.62 29.87 29.15 28.45 27.76 27.09 26.43 25.79 25.16 24.54 23.94 23.35 22.78 22.23 21.69 21.17 20.66 20.18 19.71 19.26 18.83 18.41 18.02 17.65 17.30 16.96 16.65 16.36 16.09 15.85 15.62 15.42 15.24 15.09 14.96 14.85 14.77 14.71 14.68 14.67 14.69 14.74 14.81 14.91
45.97 46.13 46.25 46.33 46.37 46.36 46.31 46.22 46.09 45.91 45.70 45.44 45.15 44.81 44.44 44.03 43.58 43.09 42.56 42.00 41.40 40.76 40.08 39.37 38.62 37.83 36.99 36.11 35.18 34.24 33.33 32.46 31.64 30.86 30.12 29.40 28.68 27.99 27.30 26.63 25.97 25.33 24.70 24.09 23.49 22.91 22.35 21.80 21.27 20.76 20.26 19.78 19.32 18.88 18.46 18.06 17.68 17.32 16.98 16.66 16.37 16.09 15.84 15.61 15.40 15.22 15.06 14.92 14.81 14.73 14.67 14.63 14.62 14.64 14.68 14.75 14.85
46.03 46.19 46.31 46.39 46.42 46.41 46.36 46.27 46.13 45.96 45.75 45.49 45.20 44.87 44.50 44.09 43.64 43.16 42.63 42.07 41.48 40.85 40.18 39.47 38.74 37.96 37.14 36.27 35.37 34.44 33.55 32.70 31.90 31.13 30.38 29.64 28.92 28.21 27.51 26.83 26.16 25.51 24.87 24.25 23.64 23.05 22.47 21.92 21.38 20.85 20.35 19.86 19.40 18.95 18.52 18.11 17.73 17.36 17.01 16.69 16.38 16.10 15.85 15.61 15.40 15.21 15.05 14.91 14.79 14.70 14.64 14.60 14.59 14.60 14.64 14.71 14.81
46.11 46.27 46.39 46.46 46.49 46.48 46.43 46.34 46.21 46.03 45.82 45.57 45.28 44.95 44.58 44.18 43.73 43.25 42.74 42.18 41.59 40.97 40.31 39.61 38.88 38.11 37.31 36.47 35.58 34.67 33.80 32.97 32.17 31.40 30.64 29.89 29.15 28.43 27.72 27.03 26.35 25.69 25.04 24.40 23.79 23.19 22.60 22.04 21.49 20.96 20.44 19.95 19.48 19.02 18.59 18.17 17.78 17.40 17.05 16.72 16.41 16.13 15.86 15.62 15.41 15.21 15.04 14.90 14.78 14.69 14.62 14.58 14.57 14.58 14.62 14.68 14.78
46.22 46.37 46.49 46.56 46.59 46.58 46.53 46.43 46.30 46.13 45.92 45.67 45.38 45.06 44.69 44.29 43.85 43.38 42.87 42.32 41.74 41.12 40.47 39.78 39.06 38.30 37.51 36.69 35.82 34.93 34.08 33.26 32.46 31.67 30.90 30.14 29.39 28.66 27.94 27.23 26.54 25.87 25.21 24.56 23.94 23.33 22.74 22.16 21.60 21.06 20.54 20.04 19.56 19.10 18.66 18.23 17.83 17.45 17.10 16.76 16.45 16.16 15.89 15.64 15.42 15.23 15.05 14.91 14.78 14.69 14.62 14.57 14.56 14.57 14.61 14.67 14.76
46.34 46.49 46.60 46.68 46.71 46.70 46.64 46.55 46.42 46.26 46.05 45.80 45.52 45.20 44.84 44.44 44.01 43.54 43.03 42.49 41.92 41.31 40.66 39.98 39.27 38.52 37.74 36.93 36.08 35.22 34.37 33.55 32.74 31.94 31.15 30.38 29.62 28.88 28.15 27.43 26.73 26.05 25.38 24.73 24.09 23.47 22.87 22.29 21.72 21.18 20.65 20.14 19.65 19.18 18.73 18.31 17.90 17.51 17.15 16.81 16.49 16.19 15.92 15.67 15.45 15.25 15.07 14.92 14.80 14.70 14.63 14.58 14.56 14.57 14.61 14.67 14.77
46.49 46.64 46.75 46.82 46.85 46.84 46.79 46.70 46.57 46.41 46.20 45.96 45.68 45.36 45.01 44.62 44.19 43.73 43.23 42.70 42.13 41.53 40.89 40.22 39.52 38.78 38.01 37.21 36.38 35.53 34.68 33.84 33.02 32.21 31.41 30.63 29.86 29.10 28.36 27.64 26.93 26.23 25.56 24.89 24.25 23.62 23.01 22.42 21.85 21.29 20.76 20.24 19.75 19.27 18.82 18.38 17.97 17.58 17.21 16.87 16.54 16.24 15.97 15.71 15.49 15.28 15.10 14.95 14.82 14.72 14.65 14.60 14.58 14.59 14.62 14.69 14.78
46.70 46.85 46.96 47.03 47.06 47.05 47.00 46.91 46.78 46.62 46.42 46.18 45.90 45.59 45.24 44.85 44.43 43.97 43.48 42.95 42.39 41.80 41.17 40.51 39.81 39.08 38.33 37.53 36.71 35.87 35.01 34.16 33.33 32.50 31.70 30.90 30.12 29.36 28.60 27.87 27.15 26.45 25.76 25.09 24.43 23.80 23.18 22.58 22.00 21.44 20.90 20.37 19.87 19.39 18.93 18.49 18.07 17.68 17.30 16.95 16.62 16.32 16.04 15.78 15.55 15.34 15.16 15.01 14.88 14.78 14.70 14.65 14.63 14.64 14.67 14.73 14.83
47.02 47.17 47.27 47.34 47.37 47.35 47.30 47.21 47.08 46.92 46.71 46.47 46.20 45.88 45.53 45.15 44.73 44.28 43.79 43.26 42.71 42.12 41.49 40.84 40.15 39.43 38.68 37.90 37.09 36.25 35.40 34.54 33.70 32.86 32.04 31.23 30.44 29.67 28.91 28.16 27.43 26.72 26.02 25.34 24.68 24.03 23.41 22.80 22.21 21.64 21.09 20.56 20.05 19.56 19.10 18.65 18.23 17.82 17.45 17.09 16.76 16.45 16.16 15.90 15.67 15.46 15.27 15.11 14.98 14.88 14.80 14.75 14.72 14.73 14.76 14.83 14.92
47.46 47.59 47.69 47.75 47.77 47.75 47.69 47.60 47.47 47.30 47.09 46.85 46.57 46.25 45.90 45.52 45.10 44.64 44.15 43.63 43.08 42.49 41.87 41.21 40.53 39.81 39.07 38.30 37.50 36.67 35.83 34.98 34.13 33.28 32.45 31.63 30.83 30.04 29.27 28.51 27.77 27.04 26.34 25.65 24.98 24.32 23.69 23.07 22.47 21.90 21.34 20.80 20.29 19.79 19.32 18.86 18.43 18.03 17.64 17.28 16.94 16.63 16.34 16.07 15.83 15.62 15.43 15.27 15.14 15.03 14.95 14.89 14.87 14.87 14.90 14.96 15.05
47.99 48.11 48.20 48.25 48.26 48.23 48.17 48.07 47.93 47.75 47.54 47.29 47.00 46.68 46.33 45.94 45.52 45.06 44.57 44.05 43.49 42.90 42.28 41.62 40.94 40.23 39.49 38.73 37.95 37.13 36.30 35.46 34.61 33.76 32.91 32.08 31.27 30.47 29.68 28.92 28.16 27.43 26.71 26.01 25.33 24.67 24.02 23.40 22.79 22.21 21.64 21.10 20.57 20.07 19.59 19.13 18.69 18.28 17.89 17.52 17.18 16.86 16.56 16.29 16.05 15.83 15.64 15.47 15.34 15.22 15.14 15.08 15.06 15.06 15.09 15.15 15.24
48.61 48.72 48.80 48.84 48.84 48.80 48.72 48.61 48.46 48.27 48.05 47.79 47.50 47.17 46.81 46.42 45.99 45.52 45.03 44.50 43.94 43.34 42.72 42.06 41.38 40.68 39.95 39.21 38.43 37.63 36.81 35.98 35.14 34.29 33.44 32.59 31.77 30.95 30.16 29.38 28.62 27.87 27.14 26.43 25.74 25.07 24.42 23.78 23.17 22.57 22.00 21.44 20.91 20.40 19.91 19.45 19.00 18.58 18.18 17.81 17.46 17.14 16.84 16.56 16.31 16.09 15.89 15.72 15.58 15.47 15.38 15.32 15.29 15.29 15.32 15.38 15.46
49.32 49.42 49.48 49.50 49.48 49.43 49.34 49.21 49.05 48.85 48.62 48.35 48.05 47.71 47.34 46.93 46.49 46.02 45.52 44.98 44.41 43.81 43.18 42.53 41.85 41.16 40.45 39.72 38.95 38.16 37.35 36.53 35.70 34.86 34.01 33.16 32.32 31.50 30.69 29.90 29.12 28.37 27.63 26.91 26.21 25.52 24.86 24.21 23.59 22.99 22.40 21.84 21.30 20.78 20.28 19.81 19.36 18.93 18.53 18.15 17.79 17.46 17.16 16.88 16.62 16.40 16.19 16.02 15.87 15.75 15.66 15.60 15.57 15.56 15.59 15.65 15.73
50.10 50.18 50.23 50.23 50.20 50.13 50.02 49.88 49.70 49.49 49.24 48.95 48.64 48.29 47.90 47.49 47.03 46.55 46.04 45.49 44.91 44.30 43.67 43.02 42.36 41.68 40.98 40.26 39.50 38.72 37.93 37.12 36.30 35.46 34.62 33.78 32.93 32.09 31.27 30.47 29.68 28.91 28.16 27.43 26.72 26.03 25.35 24.70 24.06 23.45 22.86 22.29 21.74 21.21 20.71 20.22 19.76 19.33 18.92 18.53 18.17 17.83 17.52 17.24 16.98 16.74 16.54 16.36 16.21 16.08 15.99 15.92 15.89 15.88 15.90 15.95 16.04
50.96 51.02 51.04 51.02 50.97 50.88 50.75 50.59 50.39 50.16 49.90 49.60 49.26 48.90 48.50 48.07 47.60 47.10 46.58 46.02 45.43 44.81 44.18 43.55 42.90 42.23 41.54 40.83 40.09 39.32 38.53 37.73 36.92 36.10 35.27 34.43 33.58 32.74 31.91 31.09 30.29 29.51 28.75 28.01 27.28 26.58 25.89 25.23 24.59 23.96 23.36 22.78 22.22 21.69 21.17 20.68 20.22 19.77 19.35 18.96 18.59 18.25 17.93 17.64 17.37 17.13 16.92 16.74 16.58 16.45 16.36 16.29 16.25 16.23 16.25 16.30 16.38
51.88 51.91 51.91 51.87 51.79 51.68 51.53 51.35 51.13 50.88 50.59 50.27 49.92 49.54 49.12 48.67 48.18 47.67 47.13 46.55 45.95 45.34 44.73 44.11 43.47 42.81 42.14 41.43 40.70 39.94 39.17 38.38 37.58 36.76 35.94 35.11 34.28 33.43 32.59 31.76 30.95 30.16 29.39 28.63 27.90 27.18 26.48 25.81 25.15 24.52 23.91 23.32 22.75 22.21 21.68 21.18 20.71 20.26 19.83 19.43 19.05 18.70 18.38 18.08 17.81 17.56 17.35 17.16 17.00 16.86 16.76 16.69 16.64 16.63 16.64 16.69 16.77
52.85 52.86 52.83 52.76 52.66 52.52 52.35 52.14 51.90 51.62 51.32 50.97 50.60 50.19 49.75 49.28 48.78 48.25 47.68 47.10 46.50 45.91 45.31 44.70 44.07 43.43 42.76 42.07 41.35 40.60 39.83 39.05 38.26 37.46 36.64 35.82 34.99 34.16 33.32 32.48 31.66 30.85 30.07 29.30 28.55 27.83 27.12 26.43 25.77 25.12 24.50 23.90 23.32 22.77 22.24 21.73 21.25 20.79 20.35 19.94 19.56 19.20 18.87 18.56 18.29 18.03 17.81 17.62 17.45 17.31 17.20 17.12 17.08 17.06 17.07 17.11 17.19
53.88 53.85 53.79 53.69 53.56 53.40 53.20 52.96 52.69 52.39 52.06 51.69 51.29 50.86 50.40 49.90 49.38 48.82 48.24 47.66 47.08 46.50 45.91 45.31 44.70 44.06 43.41 42.73 42.02 41.28 40.52 39.75 38.97 38.17 37.37 36.56 35.74 34.91 34.08 33.25 32.41 31.60 30.80 30.02 29.26 28.52 27.80 27.10 26.42 25.77 25.14 24.53 23.94 23.37 22.83 22.32 21.82 21.36 20.91 20.49 20.10 19.74 19.40 19.09 18.80 18.54 18.31 18.11 17.94 17.80 17.68 17.60 17.54 17.52 17.53 17.57 17.64
54.94 54.88 54.79 54.66 54.50 54.30 54.07 53.80 53.51 53.18 52.81 52.42 51.99 51.53 51.04 50.52 49.97 49.40 48.83 48.26 47.69 47.12 46.54 45.96 45.35 44.73 44.09 43.41 42.71 41.98 41.23 40.47 39.70 38.92 38.12 37.32 36.51 35.69 34.87 34.04 33.21 32.38 31.57 30.78 30.00 29.25 28.52 27.81 27.12 26.46 25.81 25.19 24.59 24.02 23.47 22.94 22.44 21.96 21.51 21.08 20.68 20.31 19.96 19.64 19.35 19.09 18.85 18.64 18.46 18.31 18.20 18.11 18.05 18.02 18.02 18.06 18.12
56.03 55.94 55.81 55.65 55.45 55.22 54.96 54.66 54.33 53.97 53.57 53.15 52.69 52.20 51.68 51.13 50.56 49.99 49.43 48.88 48.33 47.77 47.20 46.62 46.03 45.42 44.79 44.13 43.43 42.71 41.97 41.22 40.46 39.68 38.90 38.10 37.30 36.49 35.67 34.85 34.03 33.20 32.38 31.58 30.79 30.03 29.28 28.56 27.86 27.19 26.53 25.90 25.29 24.70 24.14 23.61 23.09 22.61 22.15 21.71 21.30 20.92 20.56 20.24 19.94 19.67 19.42 19.21 19.02 18.87 18.74 18.65 18.58 18.55 18.55 18.57 18.64
57.15 57.02 56.86 56.66 56.42 56.15 55.85 55.52 55.15 54.76 54.33 53.87 53.38 52.86 52.30 51.73 51.17 50.62 50.07 49.53 48.98 48.44 47.88 47.32 46.74 46.14 45.51 44.86 44.18 43.47 42.74 41.99 41.24 40.47 39.69 38.91 38.11 37.31 36.50 35.69 34.87 34.05 33.23 32.42 31.62 30.84 30.09 29.35 28.64 27.95 27.28 26.64 26.02 25.43 24.85 24.31 23.78 23.29 22.82 22.37 21.95 21.56 21.20 20.86 20.56 20.28 20.03 19.80 19.61 19.45 19.32 19.22 19.15 19.11 19.10 19.12 19.18
58.29 58.12 57.91 57.67 57.40 57.09 56.75 56.38 55.98 55.54 55.08 54.58 54.05 53.49 52.92 52.35 51.80 51.26 50.73 50.20 49.67 49.13 48.59 48.03 47.46 46.87 46.26 45.62 44.94 44.24 43.52 42.78 42.04 41.28 40.51 39.73 38.94 38.15 37.35 36.55 35.74 34.92 34.11 33.30 32.49 31.70 30.93 30.18 29.46 28.75 28.08 27.42 26.79 26.18 25.60 25.04 24.51 24.00 23.52 23.07 22.64 22.24 21.87 21.52 21.21 20.92 20.66 20.43 20.23 20.06 19.92 19.82 19.74 19.69 19.68 19.70 19.75
59.44 59.23 58.97 58.69 58.37 58.02 57.64 57.23 56.79 56.31 55.81 55.27 54.70 54.12 53.55 53.00 52.46 51.93 51.41 50.89 50.37 49.85 49.32 48.77 48.21 47.63 47.03 46.39 45.73 45.03 44.32 43.60 42.86 42.11 41.35 40.57 39.80 39.01 38.22 37.42 36.62 35.81 35.00 34.20 33.39 32.59 31.81 31.05 30.31 29.59 28.90 28.23 27.59 26.97 26.38 25.81 25.27 24.75 24.26 23.79 23.36 22.95 22.57 22.21 21.89 21.59 21.32 21.09 20.88 20.70 20.56 20.44 20.36 20.31 20.29 20.30 20.35
60.60 60.33 60.03 59.70 59.34 58.95 58.52 58.07 57.58 57.06 56.51 55.93 55.34 54.76 54.20 53.66 53.13 52.62 52.11 51.60 51.10 50.58 50.06 49.53 48.98 48.41 47.81 47.19 46.53 45.85 45.14 44.43 43.69 42.95 42.20 41.44 40.66 39.88 39.10 38.31 37.51 36.71 35.91 35.11 34.31 33.51 32.72 31.94 31.19 30.47 29.76 29.08 28.43 27.80 27.19 26.61 26.06 25.53 25.03 24.55 24.10 23.68 23.29 22.93 22.60 22.29 22.02 21.77 21.56 21.37 21.22 21.10 21.01 20.95 20.92 20.93 20.97
