data_processed/recharge/precip/Precip_2001_11.asc
ncols        168
nrows        136
xllcorner    455000
yllcorner    2107000
cellsize     500
NODATA_value     -99999
[rows 36 to 71 of 136, columns 82 to 163 of 168]
12.87 12.80 12.73 12.66 12.57 12.49 12.39 12.29 12.19 12.08 11.96 11.84 11.72 11.59 11.46 11.32 11.18 11.04 10.89 10.75 10.60 10.45 10.30 10.14 9.99 9.83 9.67 9.52 9.36 9.21 9.05 8.90 8.74 8.59 8.44 8.29 8.15 8.00 7.86 7.73 7.59 7.46 7.34 7.21 7.09 6.98 6.87 6.77 6.67 6.58 6.50 6.42 6.34 6.27 6.20 6.14 6.07 6.00 5.93 5.85 5.77 5.68 5.59 5.50 5.41 5.31 5.21 5.11 5.00 4.89 4.79 4.68 4.56 4.45 4.33 4.22 4.10 3.99 3.87 3.75 3.63 3.51
12.78 12.70 12.62 12.55 12.46 12.37 12.27 12.17 12.07 11.95 11.84 11.72 11.59 11.46 11.33 11.19 11.05 10.91 10.77 10.62 10.47 10.32 10.17 10.02 9.87 9.71 9.56 9.40 9.25 9.10 8.94 8.79 8.64 8.49 8.34 8.20 8.06 7.92 7.78 7.65 7.52 7.39 7.27 7.15 7.04 6.93 6.83 6.73 6.64 6.55 6.48 6.40 6.33 6.26 6.19 6.12 6.05 5.98 5.91 5.83 5.75 5.66 5.58 5.48 5.39 5.29 5.19 5.09 4.98 4.87 4.76 4.65 4.54 4.43 4.31 4.19 4.08 3.96 3.84 3.72 3.60 3.49
12.67 12.57 12.48 12.39 12.30 12.21 12.12 12.01 11.91 11.79 11.68 11.55 11.43 11.30 11.17 11.03 10.89 10.75 10.61 10.47 10.32 10.17 10.02 9.87 9.72 9.57 9.42 9.26 9.11 8.96 8.81 8.67 8.52 8.37 8.23 8.09 7.95 7.82 7.69 7.56 7.43 7.31 7.20 7.08 6.98 6.88 6.78 6.69 6.60 6.52 6.45 6.38 6.31 6.24 6.17 6.10 6.03 5.96 5.89 5.81 5.73 5.64 5.55 5.46 5.36 5.26 5.16 5.06 4.95 4.85 4.74 4.62 4.51 4.40 4.28 4.17 4.05 3.93 3.81 3.69 3.57 3.46
12.52 12.40 12.30 12.20 12.11 12.01 11.92 11.81 11.71 11.59 11.48 11.36 11.23 11.11 10.97 10.84 10.70 10.57 10.42 10.28 10.14 9.99 9.84 9.70 9.55 9.40 9.25 9.10 8.96 8.81 8.67 8.52 8.38 8.24 8.10 7.97 7.83 7.71 7.58 7.46 7.34 7.22 7.11 7.01 6.91 6.81 6.72 6.64 6.56 6.49 6.42 6.35 6.28 6.21 6.14 6.07 6.01 5.93 5.86 5.78 5.70 5.61 5.52 5.43 5.33 5.23 5.13 5.03 4.92 4.81 4.70 4.59 4.48 4.36 4.25 4.13 4.01 3.90 3.78 3.66 3.54 3.42
12.33 12.21 12.09 11.98 11.87 11.78 11.68 11.58 11.47 11.36 11.25 11.13 11.00 10.88 10.75 10.62 10.48 10.35 10.21 10.07 9.93 9.79 9.64 9.50 9.36 9.21 9.07 8.93 8.78 8.64 8.50 8.36 8.23 8.09 7.96 7.83 7.70 7.58 7.46 7.35 7.24 7.13 7.03 6.93 6.84 6.75 6.67 6.59 6.52 6.45 6.39 6.32 6.25 6.18 6.11 6.04 5.97 5.90 5.82 5.74 5.66 5.57 5.48 5.39 5.29 5.20 5.09 4.99 4.88 4.78 4.67 4.56 4.44 4.33 4.21 4.10 3.98 3.86 3.74 3.62 3.50 3.39
12.12 11.98 11.85 11.73 11.61 11.51 11.40 11.30 11.20 11.09 10.98 10.86 10.74 10.62 10.49 10.37 10.24 10.10 9.97 9.83 9.70 9.56 9.42 9.28 9.14 9.00 8.86 8.73 8.59 8.45 8.32 8.19 8.06 7.93 7.81 7.68 7.56 7.45 7.34 7.23 7.13 7.03 6.93 6.84 6.76 6.68 6.61 6.54 6.48 6.41 6.34 6.27 6.21 6.14 6.07 6.00 5.93 5.86 5.78 5.70 5.62 5.53 5.44 5.35 5.25 5.15 5.05 4.95 4.84 4.73 4.62 4.51 4.40 4.29 4.17 4.05 3.94 3.82 3.70 3.58 3.47 3.35
11.88 11.73 11.59 11.45 11.33 11.21 11.10 11.00 10.89 10.79 10.68 10.57 10.45 10.33 10.21 10.09 9.96 9.83 9.70 9.57 9.44 9.31 9.17 9.04 8.91 8.77 8.64 8.51 8.38 8.25 8.13 8.00 7.88 7.76 7.64 7.53 7.41 7.31 7.20 7.10 7.01 6.92 6.83 6.75 6.68 6.61 6.55 6.49 6.42 6.36 6.29 6.23 6.16 6.09 6.02 5.95 5.88 5.81 5.73 5.65 5.57 5.48 5.39 5.30 5.20 5.10 5.00 4.90 4.80 4.69 4.58 4.47 4.35 4.24 4.13 4.01 3.89 3.78 3.66 3.54 3.42 3.30
11.62 11.45 11.30 11.15 11.02 10.89 10.77 10.66 10.56 10.45 10.35 10.24 10.13 10.01 9.90 9.78 9.66 9.54 9.41 9.29 9.16 9.03 8.91 8.78 8.65 8.53 8.40 8.28 8.16 8.04 7.92 7.80 7.69 7.57 7.46 7.36 7.26 7.16 7.06 6.97 6.89 6.81 6.73 6.67 6.60 6.54 6.48 6.42 6.36 6.30 6.24 6.17 6.11 6.04 5.97 5.90 5.83 5.76 5.68 5.60 5.51 5.43 5.34 5.24 5.15 5.05 4.95 4.85 4.74 4.64 4.53 4.42 4.30 4.19 4.08 3.96 3.85 3.73 3.61 3.49 3.38 3.26
11.33 11.15 10.98 10.83 10.68 10.55 10.42 10.30 10.19 10.09 9.99 9.89 9.78 9.67 9.56 9.45 9.33 9.22 9.10 8.98 8.86 8.74 8.62 8.50 8.38 8.27 8.15 8.03 7.92 7.81 7.70 7.59 7.48 7.38 7.28 7.19 7.09 7.00 6.92 6.84 6.77 6.70 6.63 6.57 6.52 6.47 6.41 6.36 6.30 6.24 6.18 6.11 6.05 5.98 5.91 5.84 5.77 5.70 5.62 5.54 5.46 5.37 5.28 5.19 5.09 4.99 4.89 4.79 4.69 4.58 4.47 4.36 4.25 4.14 4.02 3.91 3.79 3.68 3.56 3.45 3.33 3.21
11.01 10.83 10.65 10.48 10.33 10.18 10.05 9.92 9.81 9.70 9.60 9.50 9.40 9.30 9.20 9.09 8.98 8.87 8.76 8.65 8.54 8.43 8.32 8.21 8.10 7.99 7.88 7.77 7.67 7.57 7.47 7.37 7.27 7.18 7.09 7.01 6.92 6.85 6.77 6.71 6.64 6.58 6.53 6.48 6.44 6.39 6.34 6.28 6.23 6.17 6.11 6.05 5.98 5.92 5.85 5.78 5.71 5.63 5.56 5.47 5.39 5.30 5.21 5.12 5.03 4.93 4.83 4.73 4.62 4.52 4.41 4.30 4.19 4.08 3.97 3.85 3.74 3.62 3.51 3.39 3.28 3.16
10.68 10.48 10.29 10.12 9.96 9.80 9.66 9.53 9.41 9.29 9.19 9.09 9.00 8.91 8.81 8.71 8.61 8.51 8.41 8.31 8.21 8.10 8.00 7.90 7.80 7.70 7.60 7.50 7.41 7.32 7.23 7.14 7.05 6.97 6.89 6.82 6.75 6.68 6.62 6.57 6.52 6.47 6.43 6.39 6.35 6.30 6.25 6.20 6.15 6.09 6.03 5.97 5.91 5.85 5.78 5.71 5.64 5.56 5.49 5.41 5.32 5.23 5.14 5.05 4.96 4.86 4.76 4.66 4.56 4.45 4.35 4.24 4.13 4.02 3.91 3.79 3.68 3.57 3.45 3.34 3.22 3.11
10.32 10.11 9.92 9.74 9.56 9.40 9.25 9.12 8.99 8.87 8.76 8.67 8.58 8.49 8.40 8.31 8.22 8.13 8.04 7.94 7.85 7.76 7.67 7.57 7.48 7.40 7.31 7.22 7.14 7.06 6.98 6.90 6.83 6.76 6.69 6.63 6.57 6.52 6.47 6.43 6.39 6.36 6.33 6.29 6.25 6.21 6.16 6.12 6.07 6.01 5.96 5.90 5.84 5.77 5.71 5.64 5.56 5.49 5.41 5.33 5.25 5.16 5.07 4.98 4.88 4.79 4.69 4.59 4.49 4.38 4.28 4.17 4.06 3.95 3.84 3.73 3.62 3.51 3.39 3.28 3.17 3.05
9.95 9.73 9.53 9.33 9.16 8.99 8.83 8.69 8.56 8.44 8.33 8.22 8.13 8.05 7.97 7.89 7.81 7.73 7.65 7.56 7.48 7.40 7.32 7.24 7.16 7.08 7.00 6.93 6.86 6.79 6.72 6.66 6.60 6.54 6.49 6.44 6.40 6.36 6.32 6.30 6.27 6.25 6.22 6.18 6.15 6.11 6.07 6.02 5.98 5.93 5.87 5.82 5.76 5.69 5.63 5.56 5.49 5.41 5.33 5.25 5.17 5.08 4.99 4.90 4.81 4.71 4.61 4.51 4.41 4.31 4.21 4.10 3.99 3.88 3.78 3.67 3.55 3.44 3.33 3.22 3.11 3.00
9.56 9.33 9.12 8.92 8.73 8.56 8.40 8.25 8.11 7.99 7.88 7.77 7.68 7.60 7.52 7.45 7.38 7.31 7.24 7.17 7.10 7.03 6.96 6.89 6.82 6.76 6.69 6.63 6.57 6.52 6.46 6.41 6.37 6.32 6.28 6.25 6.22 6.20 6.18 6.16 6.14 6.12 6.10 6.07 6.04 6.01 5.97 5.93 5.88 5.84 5.78 5.73 5.67 5.61 5.54 5.47 5.40 5.33 5.25 5.17 5.08 5.00 4.91 4.82 4.73 4.63 4.53 4.43 4.33 4.23 4.13 4.02 3.92 3.81 3.70 3.60 3.49 3.38 3.27 3.16 3.05 2.94
9.15 8.91 8.69 8.49 8.29 8.12 7.95 7.80 7.66 7.53 7.42 7.31 7.22 7.13 7.06 7.00 6.94 6.88 6.82 6.76 6.70 6.64 6.59 6.53 6.48 6.42 6.37 6.33 6.28 6.24 6.20 6.16 6.13 6.10 6.08 6.06 6.05 6.04 6.03 6.02 6.01 6.00 5.98 5.96 5.93 5.90 5.87 5.83 5.79 5.74 5.69 5.64 5.58 5.52 5.45 5.39 5.31 5.24 5.16 5.08 5.00 4.91 4.82 4.73 4.64 4.55 4.45 4.35 4.25 4.15 4.05 3.95 3.84 3.74 3.63 3.52 3.42 3.31 3.20 3.09 2.98 2.88
8.72 8.48 8.25 8.04 7.85 7.66 7.49 7.34 7.19 7.06 6.95 6.84 6.75 6.66 6.59 6.53 6.48 6.43 6.39 6.34 6.29 6.25 6.21 6.16 6.12 6.08 6.05 6.02 5.98 5.96 5.93 5.91 5.90 5.88 5.88 5.87 5.87 5.88 5.88 5.88 5.88 5.87 5.85 5.84 5.81 5.79 5.76 5.72 5.68 5.64 5.59 5.54 5.49 5.43 5.36 5.29 5.22 5.15 5.07 4.99 4.91 4.82 4.73 4.64 4.55 4.46 4.36 4.26 4.17 4.07 3.97 3.86 3.76 3.66 3.55 3.45 3.34 3.24 3.13 3.02 2.92 2.81
8.29 8.04 7.81 7.59 7.39 7.20 7.03 6.87 6.72 6.59 6.47 6.36 6.27 6.19 6.12 6.06 6.01 5.97 5.94 5.91 5.88 5.85 5.82 5.79 5.76 5.74 5.72 5.70 5.69 5.67 5.67 5.66 5.66 5.66 5.67 5.69 5.70 5.72 5.73 5.73 5.74 5.73 5.72 5.71 5.69 5.67 5.64 5.61 5.58 5.54 5.49 5.44 5.39 5.33 5.26 5.20 5.13 5.05 4.97 4.89 4.81 4.73 4.64 4.55 4.46 4.37 4.27 4.18 4.08 3.98 3.88 3.78 3.68 3.58 3.47 3.37 3.27 3.16 3.06 2.95 2.85 2.75
7.84 7.58 7.35 7.12 6.92 6.73 6.55 6.39 6.24 6.11 5.99 5.88 5.79 5.71 5.64 5.58 5.54 5.51 5.48 5.47 5.45 5.43 5.42 5.41 5.40 5.39 5.39 5.38 5.38 5.39 5.40 5.41 5.43 5.45 5.47 5.50 5.53 5.55 5.57 5.58 5.59 5.59 5.59 5.58 5.57 5.55 5.53 5.50 5.46 5.43 5.38 5.34 5.28 5.23 5.16 5.10 5.03 4.95 4.87 4.79 4.71 4.63 4.54 4.45 4.36 4.27 4.18 4.08 3.99 3.89 3.79 3.69 3.59 3.49 3.39 3.29 3.19 3.09 2.98 2.88 2.78 2.68
7.38 7.12 6.88 6.65 6.44 6.24 6.07 5.90 5.76 5.62 5.50 5.40 5.31 5.23 5.16 5.11 5.07 5.04 5.02 5.02 5.01 5.01 5.02 5.02 5.03 5.04 5.05 5.07 5.08 5.11 5.13 5.16 5.20 5.24 5.28 5.32 5.35 5.38 5.41 5.43 5.44 5.45 5.45 5.45 5.44 5.42 5.40 5.38 5.35 5.31 5.27 5.23 5.18 5.12 5.06 4.99 4.92 4.85 4.77 4.69 4.61 4.53 4.44 4.35 4.26 4.17 4.08 3.99 3.89 3.80 3.70 3.60 3.50 3.40 3.30 3.20 3.11 3.01 2.91 2.81 2.71 2.61
6.91 6.65 6.40 6.17 5.96 5.76 5.58 5.41 5.27 5.13 5.01 4.91 4.82 4.74 4.68 4.63 4.60 4.57 4.56 4.56 4.57 4.59 4.61 4.63 4.66 4.68 4.71 4.75 4.78 4.82 4.87 4.92 4.97 5.03 5.08 5.13 5.17 5.21 5.24 5.27 5.28 5.30 5.30 5.31 5.30 5.29 5.28 5.26 5.23 5.20 5.16 5.12 5.07 5.01 4.95 4.89 4.82 4.74 4.67 4.59 4.51 4.42 4.34 4.25 4.16 4.07 3.98 3.89 3.79 3.70 3.60 3.51 3.41 3.31 3.22 3.12 3.02 2.92 2.83 2.73 2.63 2.54
6.44 6.17 5.92 5.68 5.47 5.27 5.09 4.92 4.77 4.64 4.52 4.42 4.33 4.26 4.20 4.16 4.13 4.11 4.11 4.11 4.13 4.16 4.20 4.24 4.28 4.33 4.38 4.43 4.49 4.55 4.61 4.68 4.75 4.82 4.88 4.94 4.99 5.03 5.07 5.10 5.13 5.14 5.16 5.16 5.16 5.16 5.15 5.13 5.11 5.08 5.04 5.00 4.95 4.90 4.84 4.78 4.71 4.63 4.56 4.48 4.40 4.32 4.23 4.15 4.06 3.97 3.88 3.79 3.70 3.60 3.51 3.41 3.32 3.22 3.13 3.03 2.94 2.84 2.75 2.65 2.56 2.46
5.96 5.69 5.43 5.19 4.98 4.78 4.59 4.43 4.28 4.15 4.03 3.93 3.85 3.78 3.73 3.69 3.66 3.65 3.66 3.67 3.70 3.74 3.79 3.85 3.91 3.98 4.04 4.12 4.19 4.27 4.36 4.44 4.53 4.61 4.68 4.74 4.80 4.85 4.89 4.93 4.96 4.99 5.01 5.02 5.02 5.02 5.01 5.00 4.98 4.95 4.92 4.88 4.84 4.79 4.73 4.66 4.59 4.52 4.45 4.37 4.29 4.21 4.12 4.04 3.95 3.86 3.77 3.68 3.59 3.50 3.41 3.32 3.22 3.13 3.04 2.94 2.85 2.76 2.66 2.57 2.48 2.39
5.48 5.20 4.94 4.70 4.48 4.28 4.10 3.94 3.79 3.66 3.55 3.45 3.37 3.31 3.26 3.22 3.20 3.20 3.21 3.23 3.27 3.32 3.38 3.46 3.54 3.63 3.71 3.81 3.90 4.00 4.11 4.21 4.30 4.39 4.47 4.54 4.60 4.66 4.71 4.76 4.80 4.83 4.85 4.87 4.88 4.88 4.88 4.87 4.85 4.83 4.80 4.76 4.72 4.67 4.61 4.55 4.48 4.41 4.33 4.25 4.18 4.09 4.01 3.93 3.84 3.76 3.67 3.58 3.49 3.40 3.31 3.22 3.13 3.04 2.94 2.85 2.76 2.67 2.58 2.49 2.40 2.31
4.99 4.71 4.45 4.21 3.99 3.79 3.61 3.44 3.30 3.17 3.06 2.97 2.89 2.83 2.79 2.76 2.75 2.76 2.77 2.81 2.85 2.91 2.99 3.07 3.17 3.28 3.39 3.50 3.62 3.74 3.86 3.97 4.07 4.17 4.25 4.33 4.41 4.47 4.53 4.58 4.63 4.66 4.69 4.71 4.73 4.74 4.74 4.73 4.72 4.70 4.67 4.64 4.60 4.55 4.49 4.43 4.36 4.29 4.22 4.14 4.06 3.98 3.90 3.82 3.73 3.65 3.56 3.47 3.39 3.30 3.21 3.12 3.03 2.94 2.85 2.76 2.67 2.58 2.50 2.41 2.32 2.24
4.50 4.22 3.96 3.72 3.50 3.30 3.12 2.95 2.81 2.69 2.58 2.49 2.42 2.37 2.33 2.31 2.31 2.32 2.35 2.39 2.45 2.52 2.60 2.70 2.81 2.94 3.07 3.21 3.34 3.48 3.61 3.73 3.84 3.94 4.04 4.13 4.21 4.28 4.35 4.40 4.45 4.50 4.53 4.56 4.58 4.59 4.60 4.59 4.58 4.57 4.54 4.51 4.47 4.43 4.37 4.31 4.24 4.17 4.10 4.02 3.94 3.86 3.78 3.70 3.62 3.54 3.45 3.37 3.28 3.19 3.10 3.02 2.93 2.84 2.75 2.67 2.58 2.49 2.41 2.32 2.24 2.16
4.01 3.73 3.47 3.23 3.01 2.81 2.63 2.47 2.33 2.21 2.11 2.02 1.96 1.91 1.88 1.87 1.87 1.89 1.93 1.98 2.05 2.13 2.23 2.34 2.47 2.60 2.76 2.91 3.07 3.21 3.35 3.48 3.60 3.71 3.82 3.91 4.00 4.08 4.16 4.22 4.28 4.33 4.37 4.40 4.43 4.44 4.45 4.45 4.45 4.43 4.41 4.38 4.35 4.30 4.25 4.19 4.12 4.05 3.98 3.90 3.83 3.75 3.67 3.59 3.51 3.42 3.34 3.26 3.17 3.09 3.00 2.92 2.83 2.74 2.66 2.57 2.49 2.41 2.32 2.24 2.16 2.08
3.53 3.24 2.98 2.74 2.52 2.32 2.15 1.99 1.85 1.74 1.64 1.56 1.50 1.46 1.44 1.44 1.45 1.48 1.53 1.59 1.67 1.76 1.87 2.00 2.14 2.29 2.45 2.62 2.79 2.94 3.09 3.23 3.36 3.48 3.59 3.70 3.80 3.88 3.96 4.04 4.10 4.15 4.20 4.24 4.27 4.29 4.30 4.31 4.31 4.30 4.28 4.25 4.22 4.17 4.12 4.06 4.00 3.93 3.85 3.78 3.71 3.63 3.55 3.47 3.39 3.31 3.23 3.15 3.06 2.98 2.90 2.81 2.73 2.65 2.56 2.48 2.40 2.32 2.24 2.16 2.08 2.00
3.04 2.76 2.50 2.26 2.04 1.84 1.67 1.52 1.39 1.27 1.18 1.11 1.06 1.03 1.01 1.02 1.04 1.08 1.14 1.21 1.30 1.41 1.53 1.67 1.82 1.99 2.16 2.33 2.50 2.67 2.83 2.98 3.12 3.25 3.37 3.48 3.59 3.68 3.77 3.85 3.92 3.98 4.03 4.08 4.11 4.14 4.16 4.16 4.17 4.16 4.14 4.12 4.09 4.04 4.00 3.94 3.87 3.80 3.73 3.66 3.58 3.51 3.43 3.35 3.27 3.20 3.11 3.03 2.95 2.87 2.79 2.71 2.63 2.55 2.47 2.39 2.31 2.23 2.15 2.07 2.00 1.92
2.56 2.28 2.02 1.78 1.57 1.37 1.20 1.05 0.93 0.82 0.74 0.67 0.63 0.60 0.60 0.61 0.64 0.69 0.76 0.85 0.95 1.07 1.21 1.36 1.53 1.70 1.87 2.05 2.22 2.39 2.56 2.72 2.87 3.01 3.14 3.26 3.37 3.48 3.57 3.66 3.73 3.80 3.86 3.91 3.95 3.98 4.00 4.02 4.02 4.02 4.01 3.98 3.95 3.91 3.87 3.81 3.75 3.68 3.61 3.54 3.46 3.39 3.31 3.24 3.16 3.08 3.00 2.92 2.84 2.76 2.68 2.60 2.52 2.45 2.37 2.29 2.21 2.14 2.06 1.99 1.92 1.85
2.09 1.81 1.55 1.31 1.10 0.91 0.75 0.60 0.48 0.38 0.30 0.24 0.21 0.19 0.20 0.22 0.26 0.32 0.40 0.50 0.62 0.75 0.90 1.07 1.24 1.42 1.59 1.77 1.94 2.12 2.29 2.46 2.62 2.77 2.91 3.04 3.16 3.27 3.37 3.47 3.55 3.62 3.69 3.74 3.79 3.82 3.85 3.87 3.88 3.88 3.87 3.85 3.82 3.78 3.74 3.68 3.62 3.55 3.48 3.41 3.34 3.27 3.19 3.12 3.04 2.96 2.89 2.81 2.73 2.65 2.58 2.50 2.42 2.35 2.27 2.20 2.12 2.05 1.98 1.91 1.84 1.77
1.63 1.34 1.09 0.85 0.65 0.46 0.30 0.16 0.05 0.00 0.00 0.00 0.00 0.00 0.00 0.00 0.00 0.00 0.06 0.18 0.31 0.45 0.62 0.79 0.96 1.14 1.32 1.49 1.67 1.85 2.03 2.20 2.37 2.53 2.68 2.81 2.94 3.06 3.17 3.27 3.36 3.44 3.51 3.57 3.62 3.66 3.70 3.72 3.73 3.73 3.73 3.71 3.69 3.65 3.61 3.55 3.49 3.42 3.36 3.29 3.21 3.14 3.07 3.00 2.92 2.85 2.77 2.70 2.62 2.55 2.47 2.40 2.32 2.25 2.17 2.10 2.03 1.96 1.89 1.82 1.76 1.69
1.17 0.89 0.64 0.41 0.20 0.02 0.00 0.00 0.00 0.00 0.00 0.00 0.00 0.00 0.00 0.00 0.00 0.00 0.00 0.00 0.01 0.17 0.34 0.52 0.69 0.87 1.05 1.23 1.41 1.58 1.76 1.94 2.11 2.28 2.44 2.59 2.72 2.85 2.97 3.08 3.17 3.26 3.33 3.40 3.46 3.50 3.54 3.57 3.58 3.59 3.59 3.57 3.55 3.52 3.48 3.42 3.36 3.30 3.23 3.16 3.09 3.02 2.95 2.88 2.80 2.73 2.66 2.58 2.51 2.44 2.36 2.29 2.22 2.15 2.08 2.01 1.94 1.87 1.80 1.74 1.68 1.62
0.72 0.45 0.20 0.00 0.00 0.00 0.00 0.00 0.00 0.00 0.00 0.00 0.00 0.00 0.00 0.00 0.00 0.00 0.00 0.00 0.00 0.00 0.08 0.25 0.43 0.60 0.78 0.97 1.15 1.33 1.51 1.69 1.86 2.04 2.20 2.36 2.50 2.64 2.76 2.88 2.98 3.07 3.16 3.23 3.29 3.34 3.38 3.41 3.43 3.45 3.45 3.43 3.41 3.38 3.34 3.29 3.23 3.17 3.10 3.03 2.97 2.90 2.83 2.76 2.69 2.61 2.54 2.47 2.40 2.33 2.26 2.19 2.12 2.05 1.98 1.91 1.85 1.78 1.72 1.66 1.60 1.55
0.29 0.02 0.00 0.00 0.00 0.00 0.00 0.00 0.00 0.00 0.00 0.00 0.00 0.00 0.00 0.00 0.00 0.00 0.00 0.00 0.00 0.00 0.00 0.00 0.17 0.35 0.53 0.71 0.89 1.08 1.26 1.44 1.62 1.79 1.96 2.13 2.28 2.43 2.56 2.68 2.79 2.89 2.98 3.06 3.12 3.18 3.23 3.26 3.29 3.30 3.30 3.30 3.28 3.25 3.21 3.16 3.10 3.04 2.97 2.91 2.84 2.77 2.71 2.64 2.57 2.50 2.43 2.36 2.29 2.22 2.15 2.09 2.02 1.95 1.89 1.82 1.76 1.70 1.64 1.58 1.53 1.48
0.00 0.00 0.00 0.00 0.00 0.00 0.00 0.00 0.00 0.00 0.00 0.00 0.00 0.00 0.00 0.00 0.00 0.00 0.00 0.00 0.00 0.00 0.00 0.00 0.00 0.10 0.28 0.47 0.65 0.83 1.01 1.20 1.38 1.55 1.73 1.90 2.06 2.21 2.35 2.48 2.60 2.70 2.80 2.88 2.95 3.02 3.07 3.11 3.14 3.15 3.16 3.16 3.14 3.11 3.08 3.03 2.97 2.91 2.85 2.78 2.72 2.65 2.58 2.52 2.45 2.38 2.32 2.25 2.18 2.11 2.05 1.98 1.92 1.85 1.79 1.73 1.67 1.61 1.56 1.51 1.46 1.42
0.00 0.00 0.00 0.00 0.00 0.00 0.00 0.00 0.00 0.00 0.00 0.00 0.00 0.00 0.00 0.00 0.00 0.00 0.00 0.00 0.00 0.00 0.00 0.00 0.00 0.00 0.04 0.23 0.41 0.60 0.78 0.96 1.14 1.32 1.50 1.67 1.84 1.99 2.14 2.28 2.40 2.52 2.62 2.71 2.79 2.85 2.91 2.95 2.99 3.01 3.02 3.02 3.00 2.98 2.95 2.90 2.84 2.78 2.72 2.66 2.59 2.53 2.46 2.40 2.33 2.27 2.20 2.14 2.07 2.01 1.95 1.88 1.82 1.76 1.70 1.64 1.58 1.53 1.48 1.44 1.40 1.36
