data_processed/recharge/precip/Precip_1986_08.asc
ncols        168
nrows        136
xllcorner    455000
yllcorner    2107000
cellsize     500
NODATA_value     -99999
[rows 33 to 65 of 136, columns 74 to 147 of 168]
129.55 133.53 136.98 139.85 142.07 143.66 144.81 145.58 146.02 146.12 145.93 145.45 144.71 143.72 142.52 141.17 139.68 138.09 136.40 134.66 132.87 131.06 129.24 127.45 125.67 123.95 122.31 120.78 119.42 118.28 117.39 116.76 116.38 116.25 116.36 116.71 117.30 118.07 118.66 118.95 118.94 118.65 118.12 117.35 116.36 115.17 113.86 112.63 111.61 110.83 110.29 110.02 109.97 110.07 110.32 110.72 111.25 111.91 112.71 113.62 114.64 115.75 116.89 118.07 119.28 120.51 121.75 123.01 124.27 125.53 126.84 128.19 129.59 131.01
129.75 133.68 137.16 140.11 142.47 144.20 145.31 146.01 146.38 146.45 146.25 145.78 145.07 144.14 143.02 141.73 140.30 138.74 137.09 135.37 133.59 131.77 129.94 128.10 126.27 124.48 122.78 121.18 119.73 118.46 117.45 116.70 116.22 116.02 116.07 116.39 116.97 117.73 118.31 118.55 118.46 118.07 117.39 116.44 115.24 113.87 112.53 111.35 110.35 109.56 108.99 108.67 108.60 108.73 109.01 109.42 109.96 110.61 111.38 112.26 113.24 114.30 115.39 116.52 117.68 118.86 120.06 121.26 122.48 123.74 125.07 126.46 127.87 129.29
129.49 133.37 136.85 139.89 142.41 144.34 145.64 146.34 146.66 146.70 146.48 146.03 145.36 144.49 143.44 142.22 140.84 139.34 137.72 136.02 134.25 132.43 130.56 128.67 126.79 124.95 123.18 121.53 120.01 118.66 117.53 116.66 116.08 115.80 115.79 116.07 116.63 117.39 117.95 118.13 117.95 117.44 116.61 115.48 114.12 112.74 111.48 110.35 109.37 108.57 107.97 107.58 107.43 107.53 107.82 108.24 108.77 109.41 110.15 110.99 111.92 112.92 113.95 115.03 116.13 117.25 118.39 119.55 120.76 122.05 123.40 124.80 126.22 127.64
128.71 132.54 136.04 139.15 141.82 143.97 145.54 146.48 146.84 146.85 146.63 146.19 145.56 144.75 143.78 142.63 141.32 139.86 138.28 136.61 134.84 133.00 131.09 129.16 127.23 125.35 123.53 121.82 120.24 118.83 117.61 116.64 115.96 115.58 115.51 115.74 116.28 117.02 117.55 117.67 117.40 116.76 115.77 114.51 113.18 111.90 110.71 109.63 108.67 107.87 107.23 106.78 106.54 106.53 106.76 107.17 107.69 108.30 109.01 109.80 110.67 111.61 112.58 113.59 114.63 115.69 116.77 117.92 119.15 120.46 121.82 123.22 124.63 126.04
127.38 131.15 134.66 137.85 140.66 143.03 144.88 146.17 146.82 146.90 146.67 146.25 145.66 144.92 144.03 142.95 141.70 140.30 138.76 137.10 135.32 133.45 131.52 129.55 127.59 125.66 123.80 122.04 120.40 118.94 117.66 116.62 115.84 115.37 115.23 115.40 115.90 116.63 117.12 117.17 116.81 116.03 114.94 113.72 112.52 111.35 110.24 109.20 108.26 107.45 106.77 106.26 105.92 105.79 105.89 106.22 106.71 107.29 107.96 108.70 109.50 110.36 111.26 112.20 113.17 114.16 115.23 116.40 117.66 118.97 120.33 121.72 123.12 124.50
125.45 129.16 132.68 135.95 138.90 141.48 143.61 145.24 146.29 146.73 146.60 146.21 145.66 144.99 144.18 143.18 141.99 140.64 139.14 137.48 135.68 133.79 131.84 129.85 127.85 125.89 123.99 122.18 120.50 118.98 117.66 116.55 115.70 115.15 114.93 115.04 115.50 116.21 116.65 116.63 116.16 115.30 114.28 113.22 112.15 111.08 110.05 109.06 108.14 107.32 106.60 106.02 105.60 105.34 105.29 105.45 105.84 106.38 106.99 107.67 108.40 109.18 110.01 110.87 111.76 112.74 113.83 115.01 116.27 117.58 118.93 120.30 121.67 123.01
122.87 126.52 130.05 133.39 136.49 139.27 141.68 143.65 145.12 146.02 146.30 146.04 145.54 144.94 144.21 143.30 142.18 140.87 139.38 137.71 135.91 134.01 132.04 130.03 128.01 126.02 124.08 122.24 120.52 118.96 117.58 116.43 115.52 114.90 114.60 114.66 115.07 115.74 116.14 116.04 115.50 114.75 113.92 113.02 112.07 111.11 110.15 109.21 108.31 107.47 106.72 106.07 105.55 105.18 104.97 104.96 105.15 105.56 106.11 106.72 107.37 108.07 108.80 109.59 110.46 111.45 112.55 113.74 114.99 116.29 117.62 118.96 120.28 121.58
119.61 123.19 126.73 130.14 133.37 136.36 139.04 141.35 143.23 144.61 145.43 145.62 145.30 144.77 144.13 143.30 142.24 140.95 139.46 137.80 136.00 134.09 132.11 130.08 128.05 126.04 124.08 122.21 120.46 118.85 117.44 116.24 115.28 114.61 114.25 114.24 114.60 115.23 115.57 115.44 115.04 114.50 113.85 113.10 112.29 111.43 110.54 109.65 108.76 107.92 107.13 106.41 105.80 105.30 104.94 104.75 104.73 104.92 105.32 105.84 106.40 107.01 107.66 108.42 109.30 110.31 111.41 112.59 113.83 115.10 116.40 117.69 118.97 120.20
115.61 119.13 122.66 126.15 129.52 132.71 135.66 138.31 140.59 142.45 143.80 144.60 144.79 144.46 143.92 143.15 142.13 140.86 139.38 137.73 135.94 134.03 132.04 130.01 127.97 125.94 123.96 122.07 120.29 118.66 117.21 115.97 114.97 114.25 113.84 113.77 114.08 114.67 115.00 115.02 114.86 114.54 114.07 113.49 112.80 112.04 111.23 110.38 109.51 108.65 107.82 107.04 106.33 105.71 105.20 104.82 104.60 104.55 104.70 105.05 105.51 106.02 106.64 107.41 108.30 109.30 110.40 111.56 112.77 114.01 115.26 116.50 117.72 118.88
110.87 114.32 117.85 121.40 124.90 128.29 131.51 134.49 137.18 139.50 141.39 142.79 143.65 143.89 143.56 142.84 141.84 140.59 139.14 137.50 135.72 133.82 131.84 129.81 127.76 125.72 123.73 121.82 120.02 118.37 116.89 115.61 114.58 113.82 113.37 113.25 113.50 114.08 114.60 114.89 114.97 114.86 114.58 114.15 113.60 112.94 112.20 111.39 110.54 109.67 108.80 107.95 107.14 106.40 105.74 105.18 104.75 104.46 104.34 104.41 104.68 105.15 105.78 106.55 107.44 108.43 109.50 110.63 111.81 113.00 114.20 115.38 116.52 117.61
105.83 109.17 112.67 116.25 119.85 123.41 126.87 130.15 133.20 135.96 138.36 140.33 141.82 142.76 143.00 142.45 141.48 140.26 138.82 137.20 135.42 133.53 131.55 129.51 127.45 125.41 123.40 121.47 119.65 117.97 116.45 115.15 114.07 113.27 112.77 112.60 112.82 113.46 114.20 114.77 115.10 115.21 115.12 114.86 114.45 113.90 113.23 112.48 111.66 110.78 109.88 108.97 108.08 107.21 106.41 105.68 105.05 104.53 104.16 103.94 103.93 104.27 104.90 105.67 106.55 107.52 108.57 109.67 110.80 111.94 113.08 114.19 115.25 116.25
100.99 104.18 107.58 111.13 114.77 118.44 122.06 125.59 128.95 132.08 134.92 137.41 139.47 141.05 141.99 141.97 141.15 139.94 138.51 136.88 135.11 133.20 131.21 129.16 127.09 125.02 122.98 121.02 119.16 117.44 115.88 114.53 113.41 112.55 111.98 111.78 112.04 112.76 113.60 114.39 114.98 115.33 115.45 115.37 115.11 114.69 114.13 113.44 112.66 111.80 110.89 109.93 108.97 108.00 107.07 106.18 105.37 104.64 104.03 103.56 103.27 103.34 103.84 104.60 105.47 106.43 107.45 108.52 109.60 110.70 111.78 112.82 113.81 114.72
96.46 99.42 102.66 106.13 109.74 113.45 117.19 120.89 124.50 127.94 131.16 134.09 136.67 138.82 140.39 141.03 140.70 139.62 138.18 136.54 134.75 132.83 130.81 128.74 126.63 124.52 122.45 120.44 118.54 116.76 115.15 113.74 112.55 111.62 111.02 110.87 111.22 112.00 112.91 113.79 114.59 115.19 115.55 115.67 115.58 115.30 114.85 114.26 113.53 112.70 111.79 110.81 109.79 108.75 107.70 106.68 105.70 104.78 103.96 103.26 102.71 102.50 102.74 103.38 104.23 105.17 106.17 107.20 108.25 109.29 110.31 111.29 112.20 113.03
92.30 94.97 97.99 101.30 104.83 108.52 112.30 116.12 119.91 123.61 127.14 130.45 133.46 136.13 138.26 139.49 139.77 139.14 137.81 136.15 134.33 132.38 130.32 128.21 126.05 123.90 121.77 119.71 117.75 115.91 114.23 112.74 111.48 110.50 109.97 109.92 110.35 111.20 112.17 113.10 114.00 114.80 115.40 115.74 115.84 115.72 115.40 114.91 114.27 113.49 112.59 111.61 110.55 109.44 108.30 107.16 106.03 104.95 103.96 103.04 102.24 101.76 101.74 102.13 102.87 103.78 104.76 105.76 106.76 107.75 108.72 109.63 110.46 111.21
88.56 90.88 93.62 96.71 100.09 103.70 107.47 111.34 115.25 119.13 122.91 126.53 129.92 133.03 135.65 137.41 138.23 138.16 137.25 135.67 133.81 131.82 129.72 127.55 125.34 123.12 120.93 118.80 116.76 114.85 113.09 111.51 110.20 109.30 108.89 108.94 109.46 110.36 111.38 112.37 113.32 114.21 115.00 115.57 115.88 115.94 115.77 115.40 114.85 114.13 113.28 112.30 111.23 110.07 108.86 107.61 106.37 105.17 104.01 102.90 101.86 101.13 100.86 100.99 101.50 102.29 103.23 104.20 105.17 106.11 107.02 107.86 108.62 109.29
85.32 87.23 89.62 92.43 95.60 99.06 102.76 106.62 110.58 114.58 118.53 122.40 126.10 129.58 132.64 134.85 136.15 136.58 136.17 134.98 133.18 131.12 128.96 126.73 124.45 122.16 119.89 117.68 115.56 113.55 111.70 110.07 108.85 108.09 107.80 107.95 108.54 109.50 110.56 111.60 112.60 113.54 114.41 115.16 115.69 115.95 115.95 115.72 115.28 114.64 113.84 112.89 111.81 110.63 109.36 108.06 106.74 105.43 104.12 102.82 101.56 100.59 100.08 99.98 100.24 100.82 101.64 102.57 103.50 104.39 105.24 106.02 106.71 107.29
82.64 84.07 86.05 88.52 91.42 94.67 98.23 102.01 105.96 110.00 114.07 118.10 122.05 125.84 129.26 131.87 133.58 134.43 134.48 133.75 132.29 130.27 128.04 125.73 123.37 120.99 118.64 116.33 114.11 112.00 110.09 108.56 107.49 106.88 106.70 106.95 107.60 108.61 109.71 110.79 111.84 112.82 113.74 114.57 115.27 115.74 115.93 115.85 115.54 115.01 114.28 113.37 112.31 111.12 109.84 108.51 107.13 105.72 104.27 102.80 101.33 100.14 99.40 99.07 99.12 99.47 100.08 100.90 101.78 102.63 103.42 104.13 104.75 105.25
80.57 81.47 82.98 85.04 87.60 90.59 93.94 97.58 101.43 105.45 109.56 113.71 117.83 121.87 125.59 128.52 130.57 131.79 132.22 131.89 130.85 129.13 126.92 124.51 122.06 119.59 117.13 114.72 112.39 110.22 108.41 107.06 106.15 105.67 105.61 105.94 106.66 107.70 108.84 109.96 111.04 112.07 113.03 113.90 114.68 115.31 115.69 115.79 115.63 115.21 114.57 113.73 112.70 111.55 110.29 108.95 107.53 106.03 104.46 102.83 101.17 99.76 98.81 98.28 98.11 98.25 98.66 99.28 100.05 100.84 101.58 102.23 102.77 103.19
79.20 79.49 80.47 82.07 84.23 86.88 89.94 93.36 97.06 100.99 105.09 109.28 113.51 117.72 121.68 124.86 127.20 128.71 129.46 129.46 128.77 127.43 125.47 123.06 120.51 117.92 115.35 112.82 110.42 108.37 106.76 105.59 104.83 104.48 104.52 104.93 105.71 106.79 107.96 109.12 110.23 111.29 112.28 113.19 114.01 114.70 115.25 115.54 115.53 115.25 114.72 113.96 113.02 111.94 110.73 109.39 107.93 106.36 104.69 102.91 101.07 99.46 98.32 97.59 97.22 97.17 97.38 97.80 98.39 99.07 99.75 100.34 100.81 101.15
78.50 78.20 78.58 79.65 81.34 83.58 86.30 89.43 92.91 96.69 100.69 104.86 109.14 113.46 117.58 120.96 123.50 125.25 126.24 126.52 126.12 125.08 123.45 121.26 118.67 115.97 113.27 110.67 108.40 106.56 105.15 104.14 103.54 103.31 103.45 103.94 104.77 105.88 107.08 108.26 109.40 110.49 111.51 112.45 113.30 114.03 114.64 115.08 115.25 115.12 114.72 114.09 113.28 112.29 111.14 109.81 108.34 106.71 104.94 103.03 101.02 99.23 97.90 96.99 96.44 96.20 96.23 96.48 96.88 97.40 97.96 98.48 98.89 99.14
78.21 77.59 77.39 77.86 79.01 80.76 83.05 85.83 89.03 92.59 96.44 100.52 104.77 109.14 113.36 116.86 119.55 121.47 122.64 123.12 122.94 122.15 120.77 118.86 116.46 113.70 110.93 108.47 106.43 104.80 103.58 102.74 102.28 102.17 102.40 102.96 103.84 104.98 106.20 107.40 108.56 109.67 110.72 111.69 112.56 113.32 113.96 114.45 114.77 114.82 114.59 114.15 113.48 112.59 111.51 110.22 108.73 107.06 105.21 103.18 101.02 99.06 97.56 96.48 95.76 95.36 95.22 95.29 95.53 95.88 96.29 96.70 97.03 97.21
78.10 77.39 76.87 76.73 77.26 78.46 80.28 82.64 85.48 88.75 92.38 96.31 100.47 104.81 109.07 112.63 115.40 117.41 118.71 119.32 119.30 118.68 117.50 115.80 113.63 111.08 108.53 106.32 104.52 103.10 102.06 101.39 101.06 101.07 101.39 102.02 102.93 104.09 105.33 106.54 107.72 108.85 109.92 110.91 111.81 112.59 113.25 113.77 114.14 114.37 114.37 114.12 113.60 112.84 111.84 110.59 109.12 107.41 105.49 103.36 101.06 98.94 97.29 96.05 95.17 94.62 94.32 94.25 94.33 94.53 94.79 95.05 95.26 95.35
78.16 77.37 76.72 76.25 76.17 76.76 78.02 79.89 82.32 85.24 88.58 92.29 96.30 100.55 104.77 108.33 111.11 113.15 114.50 115.18 115.25 114.74 113.69 112.14 110.20 108.15 106.14 104.25 102.68 101.47 100.61 100.09 99.89 100.01 100.41 101.10 102.05 103.23 104.47 105.70 106.89 108.04 109.12 110.12 111.03 111.84 112.52 113.06 113.51 113.85 114.05 114.00 113.66 113.03 112.12 110.93 109.48 107.76 105.79 103.56 101.13 98.87 97.07 95.69 94.68 93.98 93.55 93.33 93.27 93.33 93.45 93.56 93.62 93.59
78.37 77.49 76.74 76.14 75.72 75.70 76.34 77.66 79.61 82.10 85.09 88.51 92.30 96.40 100.52 104.01 106.74 108.74 110.07 110.76 110.85 110.38 109.39 108.00 106.50 105.03 103.60 102.21 100.91 99.90 99.22 98.85 98.78 99.00 99.49 100.23 101.21 102.40 103.65 104.88 106.07 107.23 108.32 109.33 110.26 111.07 111.77 112.39 112.92 113.36 113.66 113.78 113.62 113.14 112.34 111.23 109.81 108.09 106.08 103.78 101.23 98.84 96.92 95.41 94.26 93.44 92.88 92.53 92.35 92.28 92.26 92.21 92.12 91.96
78.72 77.73 76.89 76.18 75.64 75.27 75.30 76.01 77.40 79.41 81.98 85.05 88.55 92.42 96.38 99.73 102.33 104.24 105.49 106.12 106.16 105.67 104.75 103.73 102.75 101.81 100.91 100.03 99.18 98.42 97.91 97.69 97.74 98.05 98.61 99.40 100.41 101.61 102.85 104.08 105.28 106.44 107.53 108.55 109.48 110.31 111.07 111.78 112.41 112.93 113.31 113.52 113.51 113.18 112.51 111.48 110.11 108.40 106.36 104.00 101.35 98.85 96.81 95.18 93.93 92.99 92.31 91.86 91.56 91.35 91.16 90.96 90.74 90.46
79.18 78.10 77.15 76.35 75.69 75.20 74.89 74.98 75.75 77.21 79.30 81.94 85.09 88.68 92.40 95.54 97.96 99.70 100.80 101.30 101.24 100.74 100.13 99.57 99.05 98.58 98.14 97.74 97.35 96.98 96.68 96.60 96.77 97.17 97.80 98.64 99.67 100.86 102.10 103.32 104.52 105.67 106.76 107.78 108.72 109.61 110.47 111.27 111.98 112.57 113.01 113.28 113.34 113.15 112.60 111.68 110.37 108.68 106.63 104.22 101.49 98.89 96.74 95.01 93.66 92.62 91.84 91.29 90.86 90.49 90.14 89.81 89.46 89.08
79.74 78.57 77.53 76.62 75.86 75.26 74.82 74.57 74.73 75.57 77.10 79.26 81.99 85.22 88.65 91.52 93.68 95.19 96.08 96.38 96.23 95.97 95.76 95.61 95.50 95.44 95.41 95.41 95.42 95.46 95.49 95.59 95.87 96.37 97.06 97.93 98.98 100.16 101.39 102.60 103.79 104.93 106.02 107.04 108.04 109.02 109.96 110.84 111.63 112.29 112.79 113.11 113.21 113.07 112.63 111.81 110.58 108.93 106.88 104.43 101.63 98.94 96.71 94.89 93.45 92.32 91.46 90.78 90.19 89.66 89.18 88.72 88.27 87.80
80.40 79.14 78.00 77.00 76.14 75.42 74.87 74.49 74.31 74.54 75.45 77.06 79.30 82.11 85.17 87.70 89.55 90.76 91.37 91.50 91.52 91.60 91.74 91.94 92.18 92.47 92.79 93.14 93.50 93.88 94.26 94.64 95.07 95.64 96.39 97.30 98.36 99.53 100.74 101.94 103.11 104.24 105.32 106.40 107.48 108.55 109.58 110.53 111.38 112.09 112.64 113.00 113.14 113.02 112.61 111.88 110.74 109.14 107.11 104.63 101.77 99.01 96.70 94.82 93.30 92.10 91.11 90.27 89.52 88.85 88.25 87.68 87.14 86.59
81.14 79.79 78.57 77.47 76.51 75.69 75.03 74.54 74.22 74.11 74.40 75.39 77.08 79.41 82.04 84.16 85.63 86.47 86.82 87.06 87.37 87.74 88.17 88.66 89.20 89.77 90.38 91.02 91.67 92.33 93.00 93.67 94.32 95.01 95.81 96.75 97.81 98.96 100.15 101.33 102.48 103.60 104.73 105.90 107.07 108.22 109.32 110.33 111.23 112.00 112.59 112.98 113.13 113.03 112.64 111.92 110.84 109.31 107.30 104.82 101.91 99.09 96.72 94.77 93.19 91.88 90.73 89.73 88.84 88.04 87.33 86.67 86.04 85.44
81.95 80.53 79.21 78.02 76.96 76.05 75.28 74.68 74.25 74.00 73.95 74.32 75.39 77.17 79.30 80.95 81.97 82.48 82.87 83.33 83.87 84.48 85.14 85.86 86.63 87.44 88.28 89.14 90.02 90.91 91.81 92.70 93.58 94.44 95.32 96.28 97.34 98.48 99.63 100.78 101.92 103.09 104.31 105.56 106.81 108.03 109.19 110.26 111.21 112.01 112.63 113.04 113.21 113.11 112.72 111.99 110.91 109.42 107.45 104.98 102.04 99.17 96.75 94.75 93.07 91.59 90.28 89.13 88.11 87.21 86.40 85.66 84.97 84.31
82.83 81.33 79.93 78.65 77.50 76.48 75.61 74.90 74.36 73.99 73.81 73.84 74.29 75.45 77.01 78.13 78.73 79.21 79.77 80.41 81.12 81.90 82.74 83.64 84.58 85.55 86.56 87.60 88.65 89.71 90.77 91.83 92.88 93.91 94.91 95.91 96.96 98.07 99.20 100.32 101.50 102.76 104.06 105.39 106.71 107.99 109.20 110.32 111.30 112.13 112.77 113.20 113.38 113.28 112.87 112.13 111.02 109.51 107.56 105.10 102.15 99.24 96.79 94.69 92.84 91.20 89.75 88.46 87.33 86.33 85.43 84.63 83.89 83.20
83.77 82.18 80.70 79.34 78.10 76.99 76.02 75.20 74.55 74.07 73.77 73.66 73.77 74.30 75.24 75.87 76.37 76.96 77.63 78.39 79.22 80.11 81.07 82.07 83.13 84.22 85.34 86.48 87.64 88.81 89.98 91.15 92.31 93.44 94.55 95.62 96.68 97.76 98.85 100.02 101.28 102.62 104.00 105.40 106.78 108.11 109.37 110.52 111.53 112.38 113.04 113.47 113.64 113.53 113.10 112.33 111.19 109.64 107.65 105.19 102.23 99.30 96.76 94.49 92.48 90.69 89.10 87.70 86.47 85.38 84.42 83.56 82.79 82.08
84.75 83.09 81.53 80.08 78.75 77.55 76.48 75.57 74.81 74.22 73.80 73.57 73.54 73.73 74.15 74.61 75.16 75.81 76.54 77.35 78.24 79.19 80.20 81.26 82.37 83.51 84.69 85.88 87.10 88.32 89.54 90.75 91.96 93.14 94.29 95.42 96.49 97.55 98.68 99.93 101.28 102.69 104.14 105.59 107.02 108.40 109.69 110.87 111.91 112.77 113.42 113.85 114.01 113.88 113.42 112.62 111.43 109.83 107.78 105.26 102.28 99.27 96.55 94.12 91.96 90.03 88.33 86.83 85.51 84.35 83.33 82.44 81.65 80.93
