data_processed/recharge/precip/Precip_2005_05.asc
ncols        168
nrows        136
xllcorner    455000
yllcorner    2107000
cellsize     500
NODATA_value     -99999
[rows 35 to 69 of 136, columns 79 to 157 of 168]
32.20 32.39 32.56 32.73 32.89 33.04 33.18 33.30 33.42 33.52 33.61 33.69 33.76 33.82 33.87 33.90 33.93 33.94 33.94 33.92 33.90 33.86 33.81 33.75 33.67 33.58 33.48 33.37 33.24 33.10 32.94 32.80 32.71 32.71 32.80 32.97 33.22 33.55 33.97 34.47 35.06 35.73 36.49 37.32 38.22 39.15 40.10 41.06 42.01 42.93 43.80 44.62 45.41 46.19 46.98 47.75 48.53 49.28 50.02 50.74 51.43 52.08 52.71 53.29 53.83 54.32 54.75 55.13 55.45 55.70 55.88 55.98 56.01 55.95 55.80 55.57 55.23 54.79 54.25
32.71 32.89 33.07 33.24 33.39 33.54 33.67 33.80 33.92 34.02 34.12 34.21 34.28 34.35 34.40 34.44 34.47 34.49 34.50 34.50 34.49 34.46 34.42 34.37 34.31 34.24 34.16 34.06 33.95 33.83 33.69 33.54 33.41 33.33 33.35 33.45 33.63 33.90 34.26 34.70 35.23 35.84 36.54 37.31 38.14 39.00 39.88 40.76 41.62 42.45 43.24 44.00 44.77 45.55 46.33 47.10 47.87 48.62 49.36 50.08 50.78 51.44 52.07 52.67 53.22 53.72 54.17 54.57 54.91 55.18 55.38 55.51 55.57 55.54 55.42 55.22 54.91 54.51 54.01
33.20 33.38 33.55 33.71 33.87 34.01 34.15 34.28 34.39 34.50 34.60 34.69 34.77 34.84 34.90 34.95 34.99 35.02 35.04 35.05 35.05 35.03 35.01 34.97 34.93 34.87 34.80 34.72 34.63 34.53 34.41 34.28 34.14 34.02 33.96 33.98 34.10 34.30 34.59 34.97 35.44 36.00 36.63 37.34 38.09 38.88 39.68 40.47 41.25 41.99 42.72 43.47 44.23 44.99 45.76 46.52 47.29 48.04 48.77 49.49 50.19 50.86 51.49 52.09 52.65 53.17 53.63 54.04 54.40 54.69 54.91 55.06 55.14 55.14 55.05 54.87 54.60 54.24 53.77
33.66 33.84 34.00 34.16 34.32 34.46 34.60 34.72 34.84 34.95 35.06 35.15 35.23 35.31 35.37 35.43 35.48 35.52 35.55 35.57 35.57 35.57 35.56 35.54 35.51 35.47 35.42 35.35 35.28 35.19 35.10 34.99 34.87 34.75 34.63 34.58 34.63 34.76 34.98 35.29 35.70 36.19 36.76 37.40 38.08 38.79 39.50 40.21 40.90 41.59 42.30 43.02 43.76 44.51 45.27 46.02 46.77 47.52 48.25 48.96 49.65 50.32 50.96 51.56 52.13 52.65 53.12 53.54 53.91 54.22 54.46 54.63 54.73 54.75 54.68 54.53 54.29 53.95 53.52
34.09 34.26 34.43 34.58 34.73 34.88 35.01 35.14 35.26 35.37 35.48 35.58 35.66 35.74 35.82 35.88 35.94 35.98 36.02 36.05 36.07 36.08 36.08 36.08 36.06 36.03 36.00 35.95 35.90 35.83 35.75 35.67 35.57 35.46 35.35 35.24 35.21 35.27 35.42 35.67 36.00 36.43 36.93 37.50 38.10 38.73 39.36 39.98 40.61 41.27 41.96 42.66 43.38 44.11 44.84 45.58 46.32 47.05 47.78 48.48 49.17 49.83 50.47 51.07 51.64 52.16 52.64 53.07 53.45 53.76 54.02 54.20 54.32 54.36 54.32 54.19 53.97 53.66 53.25
34.49 34.66 34.82 34.97 35.12 35.26 35.40 35.52 35.65 35.76 35.87 35.97 36.06 36.15 36.22 36.30 36.36 36.41 36.46 36.50 36.53 36.56 36.57 36.58 36.57 36.56 36.54 36.51 36.48 36.43 36.37 36.31 36.23 36.15 36.05 35.95 35.86 35.84 35.92 36.09 36.36 36.71 37.15 37.64 38.16 38.70 39.25 39.81 40.41 41.04 41.69 42.37 43.06 43.77 44.49 45.21 45.93 46.65 47.35 48.05 48.73 49.38 50.01 50.61 51.18 51.70 52.19 52.62 53.00 53.33 53.59 53.79 53.91 53.97 53.94 53.83 53.64 53.35 52.97
34.86 35.02 35.18 35.33 35.47 35.61 35.74 35.87 35.99 36.11 36.22 36.32 36.42 36.51 36.60 36.67 36.74 36.81 36.86 36.91 36.96 36.99 37.02 37.04 37.05 37.05 37.05 37.04 37.02 36.99 36.95 36.90 36.85 36.79 36.71 36.63 36.54 36.47 36.47 36.57 36.76 37.05 37.41 37.82 38.26 38.72 39.20 39.73 40.29 40.88 41.51 42.15 42.82 43.50 44.19 44.89 45.59 46.29 46.98 47.66 48.33 48.97 49.59 50.18 50.74 51.27 51.75 52.18 52.56 52.89 53.16 53.37 53.51 53.57 53.56 53.47 53.29 53.02 52.66
35.19 35.35 35.50 35.64 35.79 35.92 36.06 36.18 36.31 36.42 36.54 36.64 36.74 36.84 36.93 37.01 37.09 37.16 37.23 37.29 37.34 37.39 37.43 37.46 37.48 37.50 37.52 37.52 37.52 37.51 37.49 37.46 37.43 37.39 37.34 37.28 37.21 37.14 37.08 37.10 37.22 37.43 37.71 38.04 38.40 38.79 39.23 39.72 40.24 40.80 41.38 42.00 42.63 43.28 43.95 44.62 45.30 45.97 46.65 47.31 47.96 48.59 49.20 49.78 50.33 50.84 51.32 51.75 52.13 52.46 52.73 52.94 53.09 53.16 53.16 53.08 52.92 52.66 52.32
35.48 35.63 35.78 35.92 36.06 36.19 36.33 36.45 36.58 36.70 36.81 36.92 37.02 37.12 37.22 37.31 37.40 37.48 37.55 37.62 37.68 37.74 37.79 37.84 37.88 37.91 37.94 37.96 37.97 37.98 37.98 37.97 37.96 37.94 37.91 37.88 37.84 37.79 37.73 37.69 37.73 37.87 38.07 38.32 38.61 38.95 39.34 39.78 40.26 40.78 41.33 41.90 42.50 43.12 43.75 44.40 45.05 45.70 46.34 46.99 47.61 48.23 48.82 49.39 49.92 50.43 50.90 51.32 51.70 52.03 52.30 52.51 52.65 52.73 52.74 52.67 52.51 52.27 51.94
35.73 35.87 36.02 36.15 36.29 36.42 36.55 36.68 36.80 36.92 37.04 37.15 37.26 37.37 37.47 37.56 37.66 37.74 37.83 37.90 37.98 38.05 38.11 38.17 38.22 38.27 38.31 38.35 38.38 38.41 38.43 38.44 38.45 38.45 38.44 38.43 38.41 38.39 38.36 38.32 38.30 38.35 38.48 38.65 38.89 39.18 39.53 39.92 40.35 40.82 41.33 41.86 42.42 43.01 43.60 44.21 44.83 45.45 46.07 46.69 47.29 47.89 48.46 49.01 49.53 50.02 50.48 50.89 51.26 51.58 51.85 52.06 52.20 52.28 52.29 52.22 52.08 51.85 51.53
35.93 36.07 36.21 36.35 36.48 36.61 36.74 36.86 36.99 37.11 37.23 37.34 37.45 37.56 37.67 37.77 37.87 37.96 38.06 38.14 38.23 38.31 38.38 38.46 38.52 38.58 38.64 38.70 38.74 38.79 38.83 38.86 38.89 38.91 38.92 38.94 38.94 38.94 38.93 38.92 38.90 38.90 38.95 39.07 39.25 39.48 39.77 40.11 40.50 40.92 41.38 41.87 42.39 42.93 43.49 44.07 44.65 45.24 45.83 46.41 46.99 47.56 48.11 48.64 49.14 49.61 50.05 50.45 50.81 51.12 51.38 51.58 51.72 51.80 51.81 51.75 51.60 51.38 51.06
36.09 36.23 36.36 36.49 36.62 36.75 36.88 37.00 37.12 37.25 37.37 37.48 37.60 37.71 37.82 37.93 38.04 38.14 38.24 38.34 38.43 38.53 38.61 38.70 38.78 38.86 38.93 39.00 39.06 39.12 39.18 39.23 39.28 39.32 39.36 39.40 39.43 39.45 39.47 39.48 39.49 39.49 39.49 39.55 39.67 39.85 40.08 40.37 40.70 41.07 41.48 41.93 42.40 42.90 43.42 43.96 44.51 45.06 45.62 46.17 46.72 47.26 47.78 48.29 48.77 49.23 49.65 50.03 50.38 50.67 50.92 51.12 51.25 51.33 51.33 51.27 51.13 50.90 50.60
36.21 36.34 36.47 36.60 36.72 36.85 36.98 37.10 37.22 37.35 37.47 37.59 37.71 37.83 37.95 38.06 38.17 38.29 38.40 38.50 38.61 38.71 38.81 38.91 39.00 39.09 39.18 39.27 39.35 39.43 39.51 39.58 39.65 39.71 39.78 39.83 39.89 39.93 39.98 40.02 40.05 40.07 40.07 40.09 40.15 40.27 40.45 40.68 40.96 41.29 41.65 42.05 42.48 42.94 43.42 43.91 44.42 44.94 45.47 45.99 46.51 47.03 47.52 48.01 48.47 48.90 49.31 49.68 50.01 50.29 50.53 50.72 50.85 50.92 50.92 50.85 50.71 50.50 50.19
36.29 36.41 36.54 36.66 36.79 36.91 37.04 37.16 37.29 37.41 37.54 37.66 37.79 37.91 38.03 38.16 38.28 38.40 38.52 38.63 38.75 38.87 38.98 39.09 39.20 39.31 39.41 39.51 39.62 39.71 39.81 39.90 39.99 40.08 40.16 40.24 40.32 40.40 40.47 40.53 40.58 40.62 40.65 40.66 40.68 40.75 40.87 41.05 41.28 41.56 41.87 42.23 42.61 43.03 43.47 43.93 44.40 44.89 45.38 45.88 46.37 46.85 47.33 47.79 48.23 48.64 49.03 49.39 49.70 49.98 50.21 50.39 50.51 50.58 50.58 50.52 50.38 50.16 49.87
36.33 36.45 36.57 36.69 36.81 36.94 37.06 37.19 37.32 37.44 37.57 37.70 37.83 37.96 38.09 38.22 38.35 38.48 38.61 38.74 38.86 38.99 39.12 39.24 39.37 39.49 39.61 39.73 39.85 39.97 40.09 40.20 40.31 40.42 40.53 40.64 40.74 40.84 40.93 41.01 41.09 41.15 41.19 41.23 41.25 41.28 41.35 41.47 41.65 41.88 42.15 42.46 42.80 43.18 43.58 44.00 44.44 44.89 45.35 45.82 46.28 46.74 47.20 47.63 48.05 48.45 48.82 49.16 49.47 49.73 49.95 50.13 50.25 50.31 50.31 50.25 50.11 49.90 49.61
36.33 36.45 36.56 36.68 36.80 36.93 37.05 37.18 37.31 37.44 37.57 37.71 37.84 37.98 38.12 38.25 38.39 38.53 38.67 38.81 38.95 39.09 39.23 39.37 39.51 39.65 39.79 39.93 40.07 40.21 40.34 40.48 40.61 40.74 40.88 41.01 41.13 41.26 41.37 41.47 41.56 41.64 41.71 41.77 41.81 41.84 41.87 41.95 42.08 42.25 42.48 42.74 43.05 43.38 43.74 44.13 44.53 44.95 45.38 45.82 46.26 46.69 47.12 47.54 47.94 48.32 48.67 49.00 49.29 49.55 49.76 49.93 50.04 50.10 50.11 50.04 49.91 49.71 49.42
36.29 36.41 36.52 36.64 36.76 36.88 37.01 37.14 37.27 37.41 37.54 37.68 37.82 37.97 38.11 38.26 38.41 38.55 38.71 38.86 39.01 39.16 39.32 39.47 39.63 39.79 39.94 40.10 40.26 40.42 40.58 40.73 40.89 41.05 41.20 41.36 41.51 41.65 41.78 41.90 42.01 42.11 42.20 42.28 42.34 42.39 42.43 42.47 42.55 42.68 42.86 43.08 43.34 43.63 43.96 44.31 44.68 45.07 45.47 45.87 46.29 46.70 47.10 47.50 47.88 48.24 48.58 48.90 49.18 49.42 49.63 49.79 49.90 49.96 49.96 49.90 49.77 49.57 49.30
36.22 36.33 36.45 36.56 36.68 36.81 36.94 37.07 37.20 37.34 37.48 37.63 37.78 37.93 38.08 38.23 38.39 38.55 38.71 38.88 39.04 39.21 39.38 39.55 39.73 39.90 40.08 40.25 40.43 40.61 40.79 40.97 41.15 41.33 41.51 41.69 41.86 42.02 42.17 42.31 42.44 42.56 42.66 42.76 42.84 42.91 42.97 43.01 43.06 43.15 43.28 43.46 43.68 43.93 44.22 44.54 44.87 45.23 45.60 45.98 46.37 46.75 47.14 47.51 47.87 48.22 48.55 48.85 49.12 49.36 49.56 49.71 49.82 49.88 49.88 49.82 49.70 49.51 49.24
36.12 36.22 36.34 36.45 36.57 36.70 36.83 36.97 37.10 37.25 37.39 37.54 37.70 37.86 38.02 38.18 38.35 38.52 38.70 38.87 39.05 39.24 39.42 39.61 39.80 39.99 40.19 40.38 40.58 40.78 40.98 41.19 41.39 41.60 41.80 41.99 42.18 42.36 42.53 42.68 42.83 42.97 43.10 43.21 43.31 43.41 43.48 43.55 43.60 43.65 43.74 43.88 44.06 44.28 44.53 44.81 45.11 45.44 45.78 46.13 46.49 46.86 47.22 47.57 47.92 48.25 48.56 48.85 49.11 49.34 49.53 49.69 49.79 49.85 49.85 49.80 49.68 49.49 49.24
35.98 36.08 36.20 36.31 36.43 36.56 36.69 36.83 36.98 37.12 37.28 37.43 37.60 37.76 37.93 38.11 38.29 38.47 38.66 38.85 39.04 39.24 39.44 39.65 39.85 40.06 40.28 40.49 40.71 40.94 41.16 41.39 41.61 41.84 42.06 42.27 42.48 42.67 42.86 43.04 43.20 43.36 43.50 43.64 43.76 43.87 43.97 44.06 44.13 44.19 44.25 44.34 44.48 44.66 44.88 45.12 45.40 45.69 46.00 46.33 46.67 47.01 47.35 47.68 48.01 48.33 48.63 48.90 49.16 49.38 49.57 49.71 49.82 49.87 49.88 49.83 49.72 49.54 49.29
35.81 35.91 36.02 36.14 36.26 36.39 36.53 36.67 36.82 36.97 37.13 37.30 37.47 37.64 37.82 38.01 38.20 38.40 38.60 38.80 39.01 39.22 39.44 39.66 39.89 40.12 40.35 40.59 40.83 41.07 41.32 41.57 41.82 42.06 42.30 42.53 42.75 42.96 43.17 43.36 43.55 43.72 43.88 44.04 44.18 44.31 44.43 44.53 44.63 44.71 44.78 44.84 44.94 45.09 45.26 45.48 45.72 45.98 46.27 46.57 46.88 47.20 47.52 47.84 48.15 48.45 48.74 49.00 49.25 49.46 49.64 49.79 49.89 49.95 49.96 49.91 49.80 49.63 49.40
35.61 35.71 35.82 35.94 36.07 36.20 36.34 36.49 36.64 36.80 36.96 37.14 37.32 37.50 37.69 37.89 38.09 38.30 38.51 38.73 38.96 39.18 39.42 39.66 39.90 40.15 40.41 40.67 40.93 41.19 41.47 41.74 42.00 42.26 42.51 42.76 43.00 43.23 43.45 43.66 43.86 44.06 44.24 44.41 44.57 44.72 44.86 44.98 45.10 45.20 45.29 45.36 45.44 45.54 45.69 45.87 46.08 46.31 46.57 46.84 47.13 47.43 47.73 48.03 48.33 48.62 48.89 49.15 49.38 49.59 49.77 49.91 50.01 50.07 50.08 50.04 49.94 49.78 49.55
35.38 35.48 35.59 35.71 35.84 35.98 36.12 36.27 36.43 36.60 36.77 36.95 37.14 37.33 37.54 37.74 37.96 38.18 38.41 38.64 38.88 39.13 39.38 39.64 39.90 40.17 40.45 40.73 41.01 41.30 41.59 41.88 42.16 42.43 42.70 42.97 43.22 43.47 43.71 43.94 44.16 44.37 44.56 44.75 44.93 45.10 45.26 45.41 45.54 45.66 45.77 45.87 45.95 46.03 46.14 46.29 46.47 46.67 46.91 47.16 47.42 47.70 47.98 48.26 48.54 48.82 49.08 49.33 49.55 49.76 49.93 50.07 50.17 50.23 50.25 50.21 50.12 49.97 49.75
35.12 35.23 35.34 35.46 35.59 35.73 35.88 36.04 36.20 36.37 36.56 36.75 36.94 37.15 37.36 37.58 37.81 38.04 38.29 38.54 38.79 39.06 39.33 39.60 39.89 40.18 40.47 40.77 41.08 41.39 41.70 42.00 42.29 42.59 42.87 43.15 43.42 43.68 43.94 44.19 44.42 44.65 44.87 45.07 45.27 45.46 45.64 45.80 45.96 46.10 46.23 46.34 46.45 46.54 46.62 46.74 46.89 47.07 47.27 47.50 47.74 48.00 48.26 48.53 48.79 49.06 49.31 49.55 49.77 49.96 50.13 50.27 50.37 50.44 50.46 50.43 50.34 50.20 50.00
34.82 34.94 35.06 35.18 35.32 35.46 35.61 35.78 35.95 36.13 36.32 36.52 36.73 36.94 37.17 37.40 37.64 37.89 38.15 38.41 38.69 38.97 39.26 39.55 39.86 40.17 40.48 40.81 41.13 41.46 41.78 42.10 42.41 42.71 43.01 43.31 43.60 43.88 44.15 44.41 44.66 44.91 45.14 45.37 45.58 45.79 45.98 46.17 46.34 46.50 46.65 46.79 46.91 47.03 47.12 47.22 47.34 47.49 47.67 47.87 48.09 48.33 48.57 48.83 49.08 49.33 49.57 49.80 50.01 50.20 50.37 50.51 50.61 50.68 50.70 50.68 50.60 50.47 50.28
34.49 34.62 34.75 34.88 35.02 35.17 35.33 35.50 35.67 35.86 36.06 36.27 36.49 36.72 36.95 37.20 37.45 37.72 37.99 38.27 38.57 38.86 39.17 39.49 39.81 40.14 40.48 40.83 41.17 41.51 41.84 42.17 42.50 42.82 43.14 43.45 43.75 44.04 44.33 44.61 44.88 45.14 45.39 45.63 45.87 46.09 46.30 46.51 46.70 46.88 47.05 47.21 47.35 47.49 47.60 47.71 47.81 47.94 48.09 48.27 48.47 48.69 48.91 49.15 49.39 49.63 49.86 50.08 50.29 50.48 50.64 50.78 50.88 50.95 50.98 50.97 50.90 50.78 50.60
34.12 34.26 34.41 34.55 34.70 34.85 35.02 35.19 35.38 35.58 35.79 36.01 36.23 36.47 36.72 36.98 37.25 37.53 37.82 38.12 38.43 38.75 39.08 39.41 39.76 40.11 40.47 40.82 41.18 41.53 41.88 42.23 42.57 42.90 43.23 43.56 43.88 44.19 44.49 44.79 45.07 45.35 45.61 45.87 46.12 46.37 46.60 46.82 47.03 47.23 47.42 47.60 47.76 47.92 48.06 48.18 48.29 48.40 48.53 48.69 48.87 49.07 49.28 49.50 49.73 49.95 50.18 50.39 50.59 50.78 50.94 51.08 51.19 51.26 51.29 51.29 51.23 51.12 50.95
33.71 33.87 34.03 34.20 34.36 34.52 34.69 34.87 35.07 35.28 35.49 35.72 35.96 36.22 36.48 36.75 37.04 37.33 37.64 37.96 38.28 38.62 38.97 39.32 39.69 40.06 40.43 40.80 41.17 41.54 41.90 42.26 42.61 42.96 43.31 43.65 43.98 44.31 44.63 44.94 45.24 45.53 45.81 46.09 46.36 46.61 46.86 47.10 47.33 47.55 47.76 47.96 48.14 48.32 48.48 48.63 48.76 48.88 49.00 49.13 49.29 49.47 49.67 49.87 50.09 50.30 50.52 50.72 50.92 51.10 51.27 51.40 51.52 51.59 51.63 51.64 51.59 51.49 51.32
33.28 33.45 33.63 33.80 33.98 34.16 34.35 34.54 34.74 34.96 35.18 35.43 35.68 35.94 36.22 36.51 36.81 37.12 37.44 37.78 38.12 38.48 38.85 39.23 39.61 39.99 40.38 40.76 41.14 41.52 41.90 42.27 42.64 43.00 43.36 43.72 44.07 44.41 44.74 45.06 45.38 45.69 45.99 46.28 46.56 46.84 47.11 47.36 47.61 47.85 48.08 48.29 48.50 48.69 48.87 49.04 49.20 49.34 49.46 49.59 49.73 49.89 50.07 50.26 50.46 50.67 50.88 51.08 51.27 51.45 51.61 51.75 51.87 51.95 52.00 52.01 51.97 51.87 51.67
32.82 33.00 33.19 33.38 33.58 33.78 33.98 34.18 34.39 34.62 34.86 35.11 35.38 35.66 35.95 36.25 36.57 36.90 37.24 37.59 37.96 38.33 38.72 39.12 39.51 39.91 40.30 40.70 41.09 41.48 41.87 42.26 42.64 43.02 43.40 43.76 44.13 44.48 44.83 45.17 45.50 45.82 46.14 46.44 46.74 47.04 47.32 47.59 47.86 48.12 48.36 48.60 48.82 49.04 49.24 49.43 49.60 49.76 49.91 50.05 50.18 50.32 50.49 50.67 50.86 51.06 51.25 51.45 51.64 51.82 51.98 52.12 52.24 52.33 52.39 52.40 52.36 52.23 52.02
32.34 32.53 32.73 32.94 33.15 33.37 33.59 33.81 34.03 34.27 34.52 34.79 35.07 35.36 35.66 35.98 36.32 36.66 37.02 37.39 37.78 38.18 38.58 38.99 39.39 39.80 40.21 40.62 41.02 41.43 41.83 42.23 42.63 43.02 43.41 43.79 44.16 44.53 44.89 45.25 45.59 45.93 46.26 46.58 46.90 47.21 47.51 47.80 48.08 48.36 48.62 48.88 49.12 49.35 49.57 49.78 49.98 50.16 50.33 50.49 50.63 50.77 50.92 51.09 51.27 51.46 51.65 51.84 52.03 52.20 52.37 52.51 52.63 52.73 52.79 52.80 52.73 52.58 52.35
31.83 32.03 32.25 32.47 32.69 32.93 33.17 33.41 33.66 33.91 34.17 34.45 34.74 35.05 35.37 35.71 36.06 36.42 36.80 37.19 37.59 38.01 38.42 38.84 39.26 39.68 40.10 40.52 40.94 41.35 41.77 42.18 42.59 42.99 43.39 43.79 44.18 44.56 44.94 45.31 45.66 46.02 46.36 46.70 47.03 47.36 47.67 47.98 48.28 48.57 48.85 49.13 49.39 49.64 49.88 50.11 50.33 50.53 50.72 50.90 51.06 51.22 51.36 51.52 51.69 51.87 52.05 52.24 52.42 52.60 52.76 52.91 53.04 53.14 53.19 53.17 53.08 52.92 52.67
31.31 31.52 31.74 31.97 32.22 32.47 32.73 32.99 33.26 33.53 33.81 34.10 34.41 34.73 35.07 35.42 35.79 36.17 36.57 36.98 37.40 37.82 38.25 38.68 39.11 39.54 39.97 40.40 40.83 41.26 41.69 42.11 42.53 42.95 43.36 43.77 44.17 44.57 44.96 45.34 45.71 46.08 46.44 46.79 47.14 47.48 47.81 48.14 48.45 48.76 49.06 49.35 49.63 49.90 50.16 50.41 50.65 50.87 51.08 51.28 51.47 51.64 51.80 51.95 52.11 52.28 52.46 52.65 52.83 53.00 53.17 53.32 53.45 53.54 53.57 53.53 53.42 53.23 52.97
30.77 30.99 31.22 31.46 31.72 31.99 32.26 32.55 32.84 33.14 33.44 33.75 34.07 34.40 34.76 35.13 35.51 35.91 36.33 36.75 37.18 37.62 38.05 38.49 38.93 39.38 39.82 40.26 40.70 41.14 41.58 42.02 42.45 42.88 43.31 43.73 44.14 44.55 44.96 45.35 45.74 46.12 46.49 46.86 47.22 47.57 47.92 48.26 48.60 48.92 49.24 49.55 49.85 50.13 50.41 50.68 50.94 51.18 51.41 51.63 51.84 52.03 52.21 52.38 52.54 52.70 52.88 53.06 53.24 53.42 53.59 53.74 53.86 53.92 53.92 53.86 53.73 53.53 53.25
30.21 30.44 30.68 30.94 31.21 31.49 31.78 32.09 32.40 32.72 33.04 33.38 33.72 34.07 34.44 34.83 35.23 35.65 36.08 36.52 36.96 37.40 37.85 38.30 38.75 39.20 39.65 40.11 40.56 41.01 41.46 41.91 42.36 42.80 43.23 43.67 44.09 44.52 44.93 45.34 45.74 46.13 46.52 46.90 47.28 47.65 48.01 48.37 48.72 49.06 49.39 49.72 50.03 50.34 50.64 50.92 51.20 51.46 51.71 51.96 52.18 52.40 52.60 52.79 52.96 53.13 53.30 53.47 53.66 53.83 54.00 54.14 54.23 54.27 54.25 54.17 54.02 53.80 53.50
