data_processed/recharge/precip/Precip_1989_11.asc
ncols        168
nrows        136
xllcorner    455000
yllcorner    2107000
cellsize     500
NODATA_value     -99999
[rows 74 to 110 of 136, columns 0 to 82 of 168]
15.31 15.32 15.31 15.30 15.28 15.26 15.22 15.17 15.12 15.06 14.99 14.90 14.81 14.70 14.57 14.41 14.23 14.03 13.81 13.57 13.32 13.04 12.75 12.45 12.13 11.80 11.48 11.14 10.81 10.48 10.15 9.82 9.49 9.16 8.83 8.51 8.18 7.86 7.55 7.24 6.94 6.65 6.36 6.09 5.82 5.57 5.32 5.08 4.85 4.63 4.42 4.21 4.02 3.84 3.67 3.51 3.37 3.23 3.10 2.99 2.89 2.80 2.72 2.66 2.60 2.57 2.54 2.53 2.53 2.54 2.57 2.61 2.67 2.74 2.82 2.92 3.04 3.17 3.32 3.48 3.65 3.84 4.05
15.68 15.67 15.65 15.62 15.58 15.54 15.48 15.42 15.35 15.27 15.18 15.08 14.97 14.85 14.72 14.56 14.38 14.17 13.95 13.71 13.45 13.18 12.88 12.58 12.26 11.93 11.60 11.27 10.93 10.60 10.27 9.93 9.60 9.27 8.94 8.61 8.29 7.97 7.66 7.35 7.05 6.76 6.48 6.21 5.94 5.69 5.44 5.20 4.97 4.75 4.54 4.34 4.15 3.97 3.79 3.64 3.49 3.35 3.22 3.11 3.00 2.91 2.83 2.77 2.71 2.67 2.64 2.62 2.62 2.63 2.66 2.70 2.75 2.82 2.90 2.99 3.11 3.23 3.37 3.53 3.70 3.89 4.09
16.04 16.01 15.98 15.93 15.88 15.82 15.75 15.67 15.58 15.48 15.38 15.26 15.14 15.00 14.86 14.70 14.52 14.31 14.09 13.84 13.58 13.31 13.01 12.70 12.38 12.05 11.72 11.39 11.05 10.72 10.38 10.05 9.71 9.38 9.05 8.72 8.39 8.08 7.76 7.46 7.17 6.88 6.60 6.32 6.06 5.80 5.56 5.32 5.09 4.87 4.66 4.46 4.27 4.08 3.91 3.75 3.60 3.46 3.34 3.22 3.11 3.02 2.94 2.87 2.81 2.77 2.74 2.72 2.71 2.72 2.74 2.78 2.83 2.89 2.97 3.06 3.17 3.29 3.42 3.58 3.74 3.93 4.12
16.39 16.35 16.30 16.24 16.17 16.10 16.01 15.92 15.82 15.70 15.58 15.45 15.31 15.16 15.00 14.84 14.65 14.45 14.22 13.97 13.71 13.43 13.14 12.83 12.50 12.17 11.84 11.50 11.16 10.83 10.49 10.15 9.82 9.48 9.15 8.82 8.50 8.18 7.87 7.57 7.28 6.99 6.71 6.44 6.18 5.92 5.67 5.44 5.21 4.99 4.78 4.57 4.38 4.20 4.03 3.87 3.72 3.58 3.45 3.33 3.22 3.13 3.04 2.97 2.91 2.86 2.83 2.81 2.80 2.80 2.82 2.85 2.90 2.96 3.03 3.12 3.22 3.34 3.47 3.62 3.78 3.96 4.15
16.74 16.68 16.62 16.55 16.46 16.38 16.28 16.17 16.05 15.93 15.79 15.65 15.49 15.33 15.16 14.97 14.78 14.57 14.35 14.10 13.84 13.55 13.26 12.95 12.62 12.29 11.95 11.61 11.27 10.93 10.59 10.25 9.92 9.58 9.25 8.92 8.60 8.29 7.98 7.68 7.39 7.10 6.82 6.55 6.29 6.04 5.79 5.55 5.32 5.10 4.89 4.69 4.50 4.31 4.14 3.98 3.83 3.68 3.55 3.43 3.32 3.23 3.14 3.06 3.00 2.95 2.91 2.89 2.88 2.88 2.89 2.92 2.96 3.02 3.08 3.17 3.26 3.38 3.50 3.65 3.80 3.98 4.16
17.07 17.00 16.92 16.84 16.75 16.65 16.53 16.41 16.29 16.15 16.00 15.84 15.68 15.50 15.31 15.12 14.92 14.70 14.47 14.22 13.95 13.67 13.37 13.06 12.73 12.40 12.06 11.72 11.38 11.04 10.69 10.35 10.01 9.68 9.35 9.02 8.71 8.39 8.09 7.79 7.50 7.21 6.94 6.67 6.40 6.15 5.90 5.66 5.44 5.21 5.00 4.80 4.61 4.42 4.25 4.08 3.93 3.79 3.65 3.53 3.42 3.32 3.23 3.15 3.09 3.04 3.00 2.97 2.95 2.95 2.96 2.98 3.02 3.07 3.13 3.21 3.30 3.41 3.53 3.67 3.82 3.99 4.17
17.38 17.30 17.22 17.12 17.02 16.91 16.78 16.65 16.51 16.36 16.20 16.04 15.86 15.67 15.47 15.27 15.05 14.83 14.59 14.34 14.07 13.78 13.48 13.17 12.84 12.50 12.16 11.82 11.48 11.13 10.79 10.45 10.11 9.78 9.45 9.13 8.81 8.50 8.19 7.90 7.61 7.32 7.05 6.78 6.51 6.26 6.01 5.78 5.55 5.32 5.11 4.91 4.71 4.53 4.35 4.19 4.03 3.89 3.75 3.63 3.51 3.41 3.32 3.24 3.17 3.11 3.07 3.04 3.02 3.01 3.02 3.04 3.07 3.11 3.17 3.25 3.33 3.44 3.55 3.68 3.83 3.99 4.17
17.68 17.59 17.50 17.39 17.28 17.16 17.02 16.88 16.73 16.57 16.40 16.23 16.04 15.84 15.63 15.42 15.19 14.95 14.71 14.45 14.18 13.89 13.59 13.27 12.94 12.60 12.26 11.92 11.57 11.23 10.88 10.54 10.20 9.87 9.55 9.23 8.91 8.60 8.30 8.00 7.71 7.43 7.15 6.88 6.62 6.37 6.12 5.88 5.65 5.43 5.22 5.01 4.82 4.63 4.45 4.28 4.13 3.98 3.84 3.72 3.60 3.49 3.40 3.32 3.25 3.19 3.14 3.10 3.08 3.07 3.07 3.08 3.11 3.15 3.21 3.27 3.36 3.45 3.56 3.69 3.83 3.98 4.15
17.95 17.86 17.76 17.64 17.52 17.39 17.25 17.10 16.94 16.77 16.60 16.41 16.21 16.01 15.79 15.56 15.33 15.08 14.83 14.56 14.29 14.00 13.69 13.37 13.04 12.70 12.35 12.01 11.66 11.32 10.97 10.63 10.30 9.97 9.64 9.32 9.01 8.70 8.40 8.11 7.82 7.53 7.26 6.99 6.73 6.47 6.22 5.99 5.75 5.53 5.32 5.11 4.91 4.73 4.55 4.38 4.22 4.07 3.93 3.80 3.68 3.57 3.47 3.39 3.31 3.25 3.20 3.16 3.13 3.12 3.11 3.12 3.15 3.18 3.23 3.29 3.37 3.46 3.57 3.69 3.82 3.97 4.13
18.21 18.10 17.99 17.87 17.75 17.61 17.46 17.30 17.14 16.96 16.78 16.58 16.38 16.16 15.94 15.71 15.46 15.21 14.95 14.67 14.39 14.10 13.79 13.47 13.13 12.79 12.44 12.10 11.75 11.40 11.06 10.72 10.39 10.06 9.74 9.42 9.11 8.80 8.50 8.21 7.92 7.63 7.36 7.09 6.83 6.57 6.33 6.09 5.85 5.63 5.41 5.21 5.01 4.82 4.64 4.47 4.30 4.15 4.01 3.88 3.76 3.64 3.54 3.45 3.38 3.31 3.25 3.21 3.18 3.16 3.15 3.15 3.17 3.20 3.25 3.31 3.38 3.46 3.56 3.67 3.80 3.94 4.10
18.43 18.32 18.21 18.08 17.95 17.80 17.65 17.49 17.32 17.14 16.94 16.74 16.53 16.31 16.08 15.84 15.59 15.33 15.06 14.78 14.49 14.19 13.88 13.56 13.22 12.88 12.53 12.18 11.83 11.49 11.15 10.81 10.48 10.16 9.83 9.52 9.21 8.90 8.60 8.30 8.02 7.73 7.46 7.19 6.93 6.67 6.42 6.18 5.95 5.72 5.51 5.30 5.10 4.91 4.72 4.55 4.38 4.23 4.08 3.95 3.82 3.71 3.61 3.51 3.43 3.36 3.30 3.25 3.21 3.19 3.18 3.18 3.19 3.22 3.26 3.31 3.37 3.45 3.54 3.65 3.77 3.91 4.06
18.63 18.52 18.40 18.27 18.13 17.98 17.82 17.65 17.48 17.29 17.09 16.89 16.67 16.45 16.21 15.97 15.71 15.45 15.17 14.89 14.59 14.29 13.97 13.64 13.30 12.96 12.61 12.26 11.91 11.57 11.23 10.90 10.57 10.25 9.93 9.61 9.30 8.99 8.69 8.40 8.11 7.83 7.55 7.28 7.02 6.76 6.51 6.27 6.04 5.81 5.59 5.38 5.18 4.99 4.80 4.63 4.46 4.30 4.15 4.01 3.89 3.77 3.66 3.56 3.48 3.40 3.34 3.29 3.24 3.22 3.20 3.19 3.20 3.22 3.25 3.30 3.36 3.43 3.52 3.62 3.73 3.86 4.01
18.79 18.68 18.55 18.42 18.28 18.13 17.97 17.80 17.61 17.43 17.23 17.02 16.80 16.57 16.33 16.08 15.82 15.55 15.27 14.98 14.69 14.38 14.05 13.72 13.38 13.03 12.68 12.34 11.99 11.65 11.32 10.99 10.66 10.33 10.01 9.70 9.39 9.08 8.78 8.49 8.20 7.92 7.64 7.37 7.11 6.85 6.60 6.36 6.12 5.89 5.67 5.46 5.26 5.06 4.87 4.70 4.53 4.37 4.21 4.07 3.94 3.82 3.71 3.61 3.52 3.44 3.37 3.31 3.27 3.23 3.21 3.20 3.20 3.22 3.24 3.28 3.34 3.40 3.48 3.58 3.69 3.81 3.94
18.93 18.81 18.69 18.55 18.41 18.25 18.09 17.92 17.73 17.54 17.34 17.13 16.91 16.68 16.43 16.18 15.92 15.65 15.37 15.07 14.77 14.46 14.13 13.80 13.45 13.10 12.75 12.40 12.06 11.72 11.39 11.06 10.73 10.41 10.09 9.78 9.47 9.16 8.86 8.57 8.28 8.00 7.72 7.45 7.19 6.93 6.68 6.43 6.20 5.97 5.74 5.53 5.32 5.13 4.94 4.75 4.58 4.42 4.26 4.12 3.99 3.86 3.74 3.64 3.55 3.46 3.39 3.33 3.28 3.24 3.21 3.19 3.19 3.20 3.22 3.26 3.30 3.36 3.44 3.52 3.63 3.74 3.87
19.06 18.94 18.81 18.67 18.53 18.37 18.21 18.03 17.85 17.65 17.45 17.23 17.01 16.78 16.53 16.28 16.01 15.74 15.45 15.16 14.85 14.54 14.21 13.87 13.51 13.13 12.78 12.43 12.09 11.76 11.43 11.10 10.77 10.45 10.13 9.82 9.51 9.21 8.91 8.62 8.33 8.05 7.77 7.50 7.24 6.98 6.73 6.48 6.24 6.01 5.79 5.57 5.36 5.16 4.97 4.79 4.62 4.45 4.29 4.15 4.01 3.88 3.76 3.65 3.55 3.47 3.39 3.32 3.27 3.23 3.19 3.17 3.17 3.17 3.19 3.21 3.26 3.31 3.38 3.46 3.55 3.66 3.78
19.18 19.06 18.93 18.79 18.64 18.48 18.32 18.14 17.95 17.76 17.55 17.34 17.11 16.87 16.63 16.37 16.10 15.83 15.54 15.24 14.93 14.61 14.28 13.93 13.54 13.15 12.77 12.42 12.09 11.75 11.42 11.10 10.78 10.46 10.14 9.83 9.52 9.22 8.93 8.63 8.35 8.06 7.79 7.52 7.25 7.00 6.74 6.50 6.26 6.03 5.81 5.59 5.38 5.18 4.99 4.80 4.62 4.46 4.30 4.15 4.01 3.88 3.76 3.65 3.54 3.45 3.37 3.30 3.25 3.20 3.16 3.14 3.12 3.12 3.14 3.16 3.20 3.24 3.31 3.38 3.47 3.57 3.69
19.29 19.17 19.04 18.90 18.75 18.59 18.42 18.25 18.06 17.86 17.65 17.43 17.20 16.97 16.72 16.46 16.19 15.91 15.62 15.32 15.01 14.69 14.34 13.97 13.56 13.15 12.75 12.39 12.04 11.71 11.39 11.06 10.74 10.43 10.11 9.81 9.50 9.20 8.91 8.62 8.33 8.05 7.78 7.51 7.24 6.99 6.73 6.49 6.25 6.02 5.80 5.58 5.37 5.17 4.97 4.79 4.61 4.44 4.28 4.13 3.99 3.86 3.73 3.62 3.52 3.42 3.34 3.27 3.21 3.15 3.11 3.09 3.07 3.07 3.07 3.09 3.12 3.17 3.23 3.30 3.38 3.48 3.59
19.40 19.28 19.15 19.00 18.85 18.69 18.52 18.34 18.15 17.95 17.74 17.52 17.29 17.05 16.80 16.54 16.27 15.99 15.70 15.40 15.08 14.74 14.38 13.99 13.57 13.13 12.72 12.33 11.97 11.63 11.31 10.99 10.67 10.36 10.05 9.75 9.45 9.15 8.86 8.57 8.28 8.01 7.73 7.47 7.20 6.95 6.70 6.45 6.22 5.99 5.76 5.55 5.34 5.14 4.94 4.75 4.58 4.41 4.25 4.09 3.95 3.82 3.69 3.58 3.47 3.38 3.29 3.21 3.15 3.10 3.05 3.02 3.00 3.00 3.00 3.01 3.04 3.08 3.14 3.20 3.28 3.37 3.48
19.50 19.38 19.24 19.10 18.95 18.79 18.62 18.44 18.24 18.04 17.83 17.61 17.38 17.14 16.89 16.62 16.35 16.07 15.77 15.47 15.14 14.78 14.40 13.99 13.55 13.10 12.67 12.27 11.89 11.53 11.20 10.89 10.57 10.26 9.96 9.66 9.36 9.07 8.78 8.49 8.21 7.93 7.66 7.40 7.14 6.88 6.64 6.39 6.16 5.93 5.71 5.49 5.28 5.08 4.89 4.70 4.52 4.35 4.19 4.04 3.89 3.76 3.63 3.52 3.41 3.31 3.23 3.15 3.08 3.03 2.98 2.95 2.93 2.92 2.92 2.93 2.95 2.99 3.04 3.10 3.18 3.26 3.37
19.59 19.47 19.34 19.19 19.04 18.88 18.70 18.52 18.33 18.13 17.92 17.69 17.46 17.22 16.96 16.70 16.42 16.14 15.84 15.52 15.18 14.80 14.40 13.98 13.52 13.06 12.61 12.19 11.79 11.42 11.07 10.75 10.44 10.14 9.84 9.54 9.24 8.95 8.67 8.39 8.11 7.84 7.57 7.31 7.05 6.80 6.55 6.31 6.08 5.85 5.63 5.41 5.21 5.01 4.81 4.63 4.45 4.28 4.12 3.97 3.82 3.69 3.56 3.44 3.34 3.24 3.15 3.07 3.00 2.95 2.90 2.86 2.84 2.83 2.82 2.83 2.86 2.89 2.94 3.00 3.07 3.15 3.25
19.68 19.55 19.42 19.28 19.12 18.96 18.79 18.60 18.41 18.21 17.99 17.77 17.53 17.29 17.03 16.77 16.49 16.20 15.89 15.56 15.20 14.81 14.39 13.95 13.48 13.00 12.53 12.10 11.68 11.29 10.93 10.59 10.28 9.98 9.68 9.39 9.10 8.81 8.53 8.25 7.98 7.71 7.45 7.19 6.93 6.68 6.44 6.20 5.97 5.75 5.53 5.32 5.11 4.91 4.72 4.54 4.36 4.19 4.03 3.88 3.74 3.60 3.47 3.36 3.25 3.15 3.06 2.98 2.92 2.86 2.81 2.77 2.75 2.73 2.73 2.73 2.75 2.79 2.83 2.89 2.95 3.04 3.14
19.75 19.63 19.50 19.35 19.20 19.03 18.86 18.67 18.48 18.28 18.06 17.84 17.60 17.36 17.10 16.83 16.55 16.25 15.93 15.58 15.20 14.79 14.36 13.91 13.42 12.92 12.45 11.99 11.56 11.16 10.78 10.43 10.10 9.79 9.50 9.21 8.93 8.65 8.37 8.10 7.83 7.56 7.30 7.05 6.80 6.55 6.31 6.08 5.85 5.63 5.41 5.20 5.00 4.80 4.61 4.43 4.26 4.09 3.93 3.78 3.64 3.50 3.38 3.26 3.15 3.05 2.97 2.89 2.82 2.76 2.71 2.67 2.64 2.63 2.62 2.63 2.65 2.68 2.72 2.77 2.84 2.92 3.03
19.82 19.70 19.56 19.42 19.26 19.10 18.93 18.74 18.55 18.34 18.13 17.90 17.66 17.42 17.16 16.89 16.60 16.28 15.94 15.58 15.18 14.77 14.32 13.85 13.35 12.84 12.35 11.88 11.44 11.02 10.62 10.25 9.91 9.59 9.29 9.01 8.73 8.46 8.18 7.92 7.65 7.39 7.14 6.89 6.64 6.40 6.16 5.93 5.71 5.49 5.28 5.07 4.87 4.67 4.49 4.31 4.14 3.97 3.81 3.67 3.52 3.39 3.27 3.15 3.04 2.95 2.86 2.78 2.71 2.65 2.60 2.57 2.54 2.52 2.52 2.52 2.54 2.57 2.61 2.66 2.73 2.82 2.92
19.88 19.76 19.62 19.48 19.32 19.16 18.98 18.80 18.60 18.40 18.18 17.96 17.72 17.47 17.21 16.93 16.63 16.30 15.94 15.56 15.15 14.72 14.26 13.78 13.27 12.74 12.24 11.76 11.30 10.87 10.46 10.08 9.72 9.38 9.07 8.78 8.51 8.24 7.98 7.71 7.45 7.20 6.95 6.70 6.46 6.23 5.99 5.77 5.55 5.33 5.12 4.92 4.72 4.53 4.35 4.17 4.00 3.84 3.69 3.54 3.40 3.27 3.15 3.03 2.93 2.83 2.75 2.67 2.60 2.54 2.49 2.46 2.43 2.41 2.41 2.41 2.43 2.45 2.49 2.55 2.62 2.71 2.82
19.93 19.81 19.67 19.53 19.37 19.21 19.03 18.85 18.65 18.45 18.23 18.00 17.77 17.52 17.25 16.95 16.63 16.29 15.92 15.53 15.11 14.66 14.19 13.70 13.17 12.64 12.12 11.63 11.16 10.71 10.29 9.89 9.52 9.17 8.85 8.55 8.27 8.00 7.74 7.49 7.24 6.99 6.74 6.50 6.27 6.04 5.81 5.59 5.37 5.16 4.96 4.76 4.57 4.38 4.20 4.03 3.86 3.70 3.55 3.41 3.27 3.14 3.02 2.91 2.81 2.71 2.63 2.55 2.48 2.43 2.38 2.34 2.32 2.30 2.29 2.30 2.32 2.34 2.39 2.44 2.52 2.61 2.72
19.98 19.85 19.72 19.57 19.42 19.25 19.08 18.89 18.70 18.49 18.27 18.05 17.81 17.55 17.26 16.96 16.63 16.27 15.89 15.48 15.05 14.59 14.11 13.60 13.07 12.52 11.99 11.49 11.01 10.55 10.12 9.71 9.32 8.96 8.62 8.30 8.02 7.75 7.49 7.25 7.00 6.76 6.52 6.28 6.06 5.83 5.61 5.39 5.18 4.98 4.78 4.58 4.40 4.21 4.04 3.87 3.71 3.55 3.40 3.26 3.13 3.01 2.89 2.78 2.68 2.59 2.50 2.43 2.37 2.31 2.26 2.23 2.20 2.19 2.18 2.19 2.21 2.24 2.28 2.34 2.42 2.52 2.63
20.01 19.88 19.75 19.60 19.45 19.29 19.11 18.93 18.73 18.52 18.31 18.08 17.83 17.56 17.26 16.94 16.60 16.23 15.84 15.42 14.98 14.51 14.02 13.50 12.96 12.40 11.86 11.34 10.85 10.38 9.94 9.51 9.12 8.74 8.39 8.06 7.76 7.48 7.23 6.98 6.74 6.51 6.28 6.05 5.83 5.61 5.39 5.18 4.98 4.78 4.59 4.40 4.21 4.04 3.87 3.70 3.55 3.39 3.25 3.11 2.99 2.86 2.75 2.64 2.55 2.46 2.38 2.31 2.24 2.19 2.15 2.11 2.09 2.08 2.07 2.08 2.10 2.13 2.18 2.25 2.33 2.43 2.54
20.03 19.91 19.77 19.63 19.47 19.31 19.14 18.95 18.76 18.55 18.33 18.09 17.83 17.55 17.24 16.91 16.56 16.18 15.78 15.35 14.90 14.42 13.92 13.39 12.83 12.27 11.72 11.19 10.69 10.21 9.75 9.32 8.91 8.53 8.16 7.83 7.51 7.22 6.95 6.71 6.47 6.25 6.02 5.80 5.59 5.37 5.17 4.96 4.77 4.57 4.38 4.20 4.02 3.85 3.69 3.53 3.38 3.23 3.09 2.96 2.83 2.72 2.61 2.51 2.41 2.33 2.25 2.18 2.12 2.07 2.03 2.00 1.98 1.97 1.97 1.98 2.00 2.04 2.09 2.16 2.24 2.35 2.47
20.04 19.92 19.78 19.64 19.49 19.33 19.15 18.97 18.77 18.56 18.34 18.09 17.82 17.53 17.21 16.87 16.50 16.11 15.70 15.26 14.80 14.31 13.80 13.27 12.70 12.13 11.57 11.04 10.52 10.04 9.57 9.13 8.71 8.31 7.94 7.59 7.26 6.96 6.68 6.42 6.19 5.97 5.75 5.54 5.33 5.13 4.93 4.73 4.54 4.35 4.17 4.00 3.83 3.66 3.50 3.35 3.20 3.06 2.93 2.80 2.68 2.57 2.46 2.37 2.28 2.20 2.12 2.06 2.00 1.96 1.92 1.89 1.87 1.86 1.87 1.88 1.91 1.95 2.00 2.08 2.16 2.27 2.40
20.04 19.92 19.79 19.65 19.49 19.33 19.16 18.97 18.78 18.56 18.33 18.07 17.79 17.48 17.16 16.81 16.43 16.03 15.61 15.17 14.70 14.20 13.68 13.14 12.57 11.98 11.42 10.88 10.36 9.86 9.38 8.93 8.50 8.10 7.71 7.35 7.02 6.70 6.41 6.14 5.90 5.68 5.47 5.27 5.07 4.87 4.68 4.49 4.31 4.13 3.95 3.78 3.62 3.46 3.31 3.16 3.02 2.89 2.76 2.64 2.52 2.42 2.32 2.23 2.14 2.06 2.00 1.94 1.88 1.84 1.81 1.78 1.77 1.76 1.77 1.79 1.82 1.86 1.92 2.00 2.10 2.21 2.34
20.03 19.91 19.78 19.64 19.49 19.33 19.15 18.97 18.77 18.54 18.30 18.03 17.74 17.42 17.09 16.73 16.35 15.94 15.51 15.06 14.58 14.08 13.55 13.00 12.42 11.83 11.26 10.71 10.18 9.68 9.20 8.74 8.30 7.88 7.49 7.12 6.78 6.45 6.15 5.87 5.62 5.39 5.18 4.98 4.79 4.61 4.42 4.24 4.07 3.89 3.73 3.57 3.41 3.26 3.11 2.97 2.84 2.71 2.59 2.48 2.37 2.27 2.17 2.09 2.01 1.94 1.87 1.82 1.77 1.73 1.70 1.68 1.67 1.67 1.68 1.70 1.74 1.79 1.85 1.94 2.03 2.15 2.29
20.01 19.89 19.76 19.62 19.47 19.31 19.14 18.95 18.74 18.50 18.25 17.97 17.67 17.35 17.01 16.64 16.25 15.84 15.40 14.94 14.46 13.95 13.41 12.86 12.27 11.68 11.10 10.54 10.01 9.50 9.01 8.54 8.10 7.67 7.27 6.90 6.54 6.21 5.90 5.61 5.35 5.11 4.89 4.69 4.51 4.33 4.16 3.99 3.82 3.66 3.50 3.34 3.20 3.05 2.91 2.78 2.66 2.54 2.42 2.31 2.21 2.12 2.03 1.95 1.88 1.81 1.75 1.70 1.66 1.63 1.60 1.59 1.58 1.58 1.60 1.63 1.67 1.72 1.79 1.88 1.98 2.11 2.25
19.98 19.86 19.73 19.59 19.45 19.28 19.11 18.91 18.69 18.45 18.18 17.90 17.59 17.26 16.91 16.54 16.14 15.72 15.28 14.81 14.32 13.81 13.27 12.71 12.12 11.52 10.94 10.38 9.84 9.32 8.82 8.35 7.90 7.47 7.06 6.67 6.31 5.97 5.65 5.36 5.08 4.83 4.61 4.40 4.22 4.05 3.89 3.72 3.57 3.41 3.26 3.12 2.98 2.84 2.71 2.59 2.47 2.36 2.25 2.15 2.06 1.97 1.89 1.81 1.75 1.69 1.64 1.59 1.56 1.53 1.51 1.50 1.50 1.50 1.52 1.56 1.60 1.66 1.74 1.83 1.94 2.07 2.22
19.93 19.82 19.69 19.55 19.41 19.24 19.05 18.85 18.62 18.37 18.10 17.81 17.50 17.16 16.81 16.43 16.02 15.60 15.15 14.68 14.18 13.66 13.12 12.55 11.96 11.36 10.77 10.21 9.66 9.14 8.64 8.16 7.70 7.27 6.85 6.46 6.09 5.74 5.42 5.11 4.83 4.57 4.34 4.13 3.94 3.77 3.61 3.46 3.31 3.17 3.03 2.89 2.76 2.64 2.51 2.40 2.29 2.18 2.09 1.99 1.91 1.83 1.75 1.69 1.63 1.57 1.53 1.49 1.46 1.44 1.42 1.42 1.42 1.43 1.46 1.50 1.55 1.62 1.70 1.80 1.92 2.05 2.21
19.88 19.76 19.64 19.50 19.35 19.18 18.98 18.77 18.54 18.28 18.01 17.71 17.39 17.05 16.69 16.30 15.90 15.47 15.01 14.54 14.04 13.51 12.97 12.40 11.80 11.20 10.61 10.04 9.49 8.96 8.46 7.97 7.51 7.07 6.65 6.25 5.88 5.52 5.19 4.88 4.59 4.33 4.08 3.86 3.66 3.49 3.33 3.19 3.05 2.92 2.79 2.66 2.54 2.43 2.32 2.21 2.11 2.01 1.92 1.84 1.76 1.69 1.62 1.56 1.51 1.47 1.43 1.40 1.37 1.36 1.35 1.34 1.35 1.37 1.40 1.45 1.51 1.58 1.67 1.78 1.90 2.04 2.21
19.81 19.70 19.57 19.43 19.27 19.09 18.90 18.68 18.44 18.18 17.90 17.59 17.27 16.92 16.56 16.17 15.76 15.32 14.87 14.39 13.89 13.36 12.81 12.24 11.64 11.03 10.44 9.87 9.32 8.79 8.28 7.79 7.32 6.88 6.45 6.05 5.67 5.31 4.97 4.66 4.36 4.09 3.84 3.61 3.41 3.22 3.06 2.92 2.80 2.67 2.55 2.44 2.33 2.22 2.12 2.02 1.93 1.85 1.76 1.69 1.62 1.56 1.50 1.45 1.41 1.37 1.34 1.31 1.29 1.28 1.28 1.28 1.30 1.32 1.36 1.41 1.47 1.56 1.65 1.77 1.90 2.05 2.22
19.72 19.61 19.49 19.34 19.18 18.99 18.79 18.57 18.32 18.06 17.77 17.46 17.14 16.79 16.42 16.03 15.61 15.17 14.72 14.23 13.73 13.20 12.65 12.08 11.48 10.87 10.27 9.70 9.15 8.61 8.10 7.61 7.14 6.69 6.27 5.86 5.47 5.11 4.77 4.45 4.15 3.87 3.61 3.38 3.17 2.98 2.81 2.66 2.54 2.43 2.32 2.22 2.12 2.02 1.93 1.84 1.76 1.68 1.61 1.55 1.49 1.43 1.39 1.35 1.31 1.28 1.26 1.24 1.22 1.22 1.22 1.23 1.25 1.28 1.33 1.38 1.46 1.54 1.65 1.77 1.91 2.07 2.25
