data_processed/recharge/precip/Precip_1992_02.asc
ncols        168
nrows        136
xllcorner    455000
yllcorner    2107000
cellsize     500
NODATA_value     -99999
[rows 0 to 33 of 136, columns 0 to 76 of 168]
57.83 57.93 58.02 58.11 58.20 58.28 58.36 58.43 58.50 58.56 58.61 58.65 58.67 58.69 58.69 58.68 58.66 58.61 58.55 58.46 58.34 58.18 58.00 57.78 57.54 57.27 56.97 56.66 56.33 55.98 55.62 55.24 54.85 54.45 54.03 53.61 53.17 52.73 52.28 51.83 51.37 50.90 50.44 49.97 49.50 49.03 48.56 48.10 47.63 47.17 46.71 46.25 45.80 45.35 44.90 44.45 44.01 43.57 43.14 42.71 42.29 41.87 41.46 41.05 40.65 40.26 39.87 39.49 39.11 38.75 38.39 38.04 37.70 37.36 37.04 36.72 36.42
57.10 57.22 57.33 57.45 57.56 57.67 57.77 57.86 57.95 58.02 58.09 58.14 58.19 58.22 58.23 58.23 58.22 58.18 58.13 58.06 57.96 57.82 57.65 57.45 57.21 56.95 56.67 56.35 56.02 55.67 55.30 54.91 54.52 54.11 53.69 53.26 52.82 52.37 51.92 51.45 50.99 50.52 50.05 49.58 49.11 48.64 48.17 47.70 47.24 46.77 46.31 45.86 45.40 44.95 44.50 44.05 43.61 43.18 42.74 42.32 41.89 41.48 41.06 40.66 40.26 39.87 39.48 39.10 38.73 38.36 38.01 37.66 37.32 36.99 36.67 36.36 36.05
56.40 56.55 56.69 56.83 56.96 57.09 57.21 57.32 57.43 57.52 57.60 57.67 57.73 57.77 57.80 57.81 57.80 57.78 57.73 57.66 57.58 57.46 57.30 57.11 56.89 56.64 56.35 56.04 55.71 55.35 54.98 54.58 54.18 53.76 53.33 52.90 52.45 52.00 51.53 51.07 50.60 50.12 49.65 49.18 48.70 48.23 47.76 47.30 46.83 46.37 45.90 45.45 44.99 44.54 44.09 43.64 43.20 42.76 42.33 41.90 41.48 41.07 40.65 40.25 39.85 39.46 39.08 38.70 38.33 37.97 37.61 37.27 36.93 36.60 36.28 35.97 35.67
55.74 55.91 56.08 56.24 56.40 56.54 56.68 56.81 56.93 57.04 57.14 57.23 57.29 57.35 57.39 57.41 57.41 57.39 57.35 57.29 57.20 57.09 56.95 56.78 56.56 56.32 56.04 55.73 55.39 55.03 54.65 54.25 53.83 53.41 52.97 52.53 52.07 51.61 51.14 50.67 50.19 49.72 49.24 48.77 48.29 47.82 47.35 46.88 46.41 45.95 45.48 45.02 44.57 44.11 43.66 43.22 42.78 42.34 41.91 41.48 41.06 40.64 40.23 39.83 39.43 39.04 38.66 38.28 37.91 37.55 37.20 36.86 36.52 36.20 35.88 35.57 35.28
55.13 55.32 55.51 55.69 55.86 56.03 56.19 56.34 56.47 56.60 56.71 56.80 56.89 56.95 57.00 57.02 57.03 57.02 56.99 56.93 56.85 56.74 56.61 56.44 56.23 55.99 55.72 55.41 55.07 54.70 54.31 53.90 53.48 53.04 52.60 52.14 51.68 51.21 50.74 50.26 49.78 49.30 48.83 48.35 47.87 47.40 46.93 46.45 45.99 45.52 45.05 44.59 44.14 43.68 43.23 42.79 42.34 41.91 41.47 41.05 40.63 40.21 39.80 39.40 39.00 38.61 38.23 37.86 37.49 37.13 36.78 36.44 36.10 35.78 35.47 35.16 34.87
54.54 54.76 54.97 55.17 55.37 55.55 55.72 55.89 56.04 56.18 56.30 56.41 56.50 56.57 56.63 56.66 56.68 56.67 56.64 56.58 56.50 56.40 56.26 56.10 55.90 55.67 55.39 55.09 54.74 54.37 53.97 53.55 53.12 52.67 52.22 51.75 51.28 50.80 50.32 49.84 49.36 48.88 48.40 47.92 47.44 46.97 46.49 46.02 45.55 45.08 44.62 44.15 43.70 43.24 42.79 42.34 41.90 41.46 41.03 40.60 40.18 39.77 39.36 38.96 38.56 38.17 37.79 37.42 37.05 36.69 36.35 36.00 35.67 35.35 35.04 34.74 34.45
54.00 54.24 54.46 54.69 54.90 55.10 55.29 55.47 55.63 55.78 55.92 56.04 56.14 56.22 56.28 56.32 56.34 56.34 56.31 56.25 56.17 56.07 55.93 55.77 55.57 55.34 55.07 54.76 54.41 54.03 53.62 53.19 52.74 52.29 51.83 51.35 50.87 50.39 49.91 49.42 48.94 48.45 47.97 47.49 47.01 46.53 46.05 45.58 45.11 44.64 44.17 43.71 43.25 42.79 42.34 41.89 41.45 41.01 40.58 40.15 39.73 39.32 38.91 38.51 38.11 37.72 37.34 36.97 36.60 36.25 35.90 35.56 35.23 34.91 34.60 34.30 34.01
53.49 53.74 53.99 54.23 54.46 54.68 54.88 55.08 55.25 55.41 55.56 55.69 55.79 55.88 55.95 56.00 56.02 56.02 55.99 55.94 55.86 55.75 55.61 55.44 55.24 55.01 54.74 54.42 54.07 53.69 53.26 52.82 52.37 51.90 51.43 50.94 50.46 49.97 49.48 48.99 48.51 48.02 47.54 47.05 46.57 46.09 45.61 45.13 44.66 44.19 43.72 43.25 42.79 42.34 41.88 41.43 40.99 40.55 40.12 39.69 39.27 38.86 38.45 38.05 37.65 37.26 36.88 36.51 36.15 35.79 35.45 35.11 34.78 34.46 34.16 33.86 33.57
53.01 53.29 53.55 53.81 54.05 54.28 54.50 54.71 54.90 55.07 55.22 55.36 55.47 55.57 55.64 55.69 55.71 55.71 55.69 55.63 55.55 55.44 55.30 55.12 54.92 54.68 54.40 54.09 53.73 53.33 52.90 52.45 51.98 51.50 51.02 50.53 50.04 49.55 49.05 48.56 48.07 47.58 47.10 46.61 46.12 45.64 45.16 44.68 44.20 43.73 43.26 42.79 42.33 41.87 41.42 40.97 40.53 40.09 39.65 39.23 38.80 38.39 37.98 37.58 37.18 36.80 36.42 36.05 35.68 35.33 34.98 34.65 34.32 34.01 33.70 33.40 33.12
52.57 52.86 53.14 53.41 53.67 53.92 54.15 54.36 54.56 54.74 54.91 55.05 55.17 55.27 55.35 55.40 55.42 55.42 55.40 55.34 55.26 55.14 54.99 54.81 54.60 54.35 54.06 53.74 53.38 52.97 52.53 52.06 51.58 51.09 50.60 50.11 49.61 49.12 48.62 48.13 47.64 47.14 46.65 46.16 45.68 45.19 44.71 44.22 43.75 43.27 42.80 42.33 41.87 41.41 40.95 40.50 40.05 39.61 39.18 38.75 38.33 37.91 37.51 37.10 36.71 36.32 35.94 35.57 35.21 34.86 34.51 34.18 33.86 33.54 33.24 32.94 32.66
52.15 52.46 52.76 53.05 53.32 53.58 53.82 54.05 54.25 54.44 54.61 54.76 54.88 54.99 55.07 55.12 55.15 55.15 55.12 55.06 54.97 54.85 54.69 54.51 54.28 54.03 53.73 53.40 53.02 52.61 52.15 51.67 51.18 50.68 50.18 49.69 49.19 48.69 48.19 47.69 47.20 46.70 46.21 45.71 45.22 44.73 44.25 43.76 43.28 42.81 42.33 41.86 41.40 40.93 40.48 40.03 39.58 39.14 38.70 38.27 37.85 37.44 37.03 36.62 36.23 35.84 35.47 35.10 34.73 34.38 34.04 33.70 33.38 33.07 32.76 32.47 32.19
51.77 52.09 52.41 52.71 52.99 53.26 53.51 53.75 53.96 54.16 54.33 54.49 54.62 54.72 54.80 54.86 54.88 54.88 54.85 54.78 54.69 54.56 54.40 54.20 53.97 53.70 53.40 53.05 52.66 52.23 51.76 51.27 50.77 50.27 49.77 49.27 48.76 48.26 47.76 47.26 46.76 46.26 45.76 45.26 44.77 44.28 43.79 43.30 42.82 42.34 41.86 41.39 40.92 40.46 40.00 39.55 39.10 38.66 38.22 37.79 37.37 36.95 36.54 36.14 35.75 35.36 34.98 34.61 34.25 33.90 33.56 33.22 32.90 32.59 32.29 31.99 31.71
51.40 51.74 52.07 52.38 52.68 52.96 53.22 53.46 53.69 53.89 54.07 54.22 54.36 54.46 54.54 54.60 54.62 54.62 54.58 54.51 54.41 54.28 54.11 53.90 53.66 53.38 53.06 52.70 52.30 51.85 51.37 50.87 50.36 49.86 49.35 48.85 48.34 47.83 47.33 46.82 46.32 45.81 45.31 44.81 44.32 43.82 43.33 42.84 42.35 41.87 41.39 40.92 40.45 39.98 39.52 39.07 38.62 38.18 37.74 37.31 36.88 36.47 36.06 35.65 35.26 34.87 34.49 34.12 33.76 33.41 33.07 32.74 32.42 32.10 31.80 31.51 31.23
50.96 51.32 51.66 51.99 52.30 52.59 52.86 53.12 53.35 53.56 53.75 53.91 54.05 54.16 54.24 54.29 54.32 54.31 54.28 54.20 54.10 53.96 53.79 53.57 53.32 53.03 52.70 52.33 51.92 51.46 50.98 50.48 49.97 49.46 48.95 48.44 47.93 47.42 46.91 46.40 45.89 45.38 44.88 44.37 43.87 43.38 42.88 42.39 41.90 41.42 40.93 40.46 39.99 39.52 39.06 38.60 38.15 37.70 37.27 36.83 36.41 35.99 35.58 35.18 34.78 34.40 34.02 33.65 33.29 32.94 32.59 32.26 31.94 31.63 31.33 31.04 30.77
50.39 50.77 51.13 51.48 51.80 52.11 52.40 52.67 52.91 53.14 53.33 53.51 53.65 53.77 53.86 53.92 53.95 53.95 53.91 53.84 53.74 53.60 53.42 53.20 52.95 52.65 52.32 51.94 51.52 51.06 50.59 50.10 49.60 49.08 48.57 48.05 47.53 47.02 46.50 45.99 45.48 44.97 44.46 43.95 43.45 42.95 42.45 41.96 41.46 40.98 40.49 40.02 39.54 39.07 38.61 38.15 37.70 37.25 36.81 36.38 35.95 35.53 35.12 34.72 34.32 33.94 33.56 33.19 32.83 32.48 32.14 31.81 31.49 31.18 30.88 30.59 30.31
49.70 50.10 50.48 50.85 51.20 51.53 51.84 52.12 52.39 52.62 52.84 53.02 53.18 53.31 53.41 53.48 53.52 53.52 53.49 53.43 53.33 53.19 53.02 52.80 52.54 52.25 51.91 51.53 51.11 50.67 50.21 49.73 49.23 48.72 48.20 47.68 47.16 46.64 46.12 45.60 45.09 44.57 44.06 43.55 43.04 42.54 42.04 41.54 41.05 40.56 40.07 39.59 39.11 38.64 38.18 37.72 37.26 36.82 36.37 35.94 35.51 35.09 34.68 34.28 33.88 33.49 33.12 32.75 32.39 32.04 31.70 31.37 31.05 30.74 30.44 30.15 29.88
48.89 49.32 49.73 50.13 50.50 50.86 51.19 51.49 51.78 52.04 52.27 52.47 52.65 52.79 52.91 52.99 53.04 53.05 53.04 52.98 52.89 52.76 52.59 52.37 52.12 51.83 51.49 51.12 50.71 50.28 49.83 49.35 48.87 48.36 47.85 47.32 46.80 46.28 45.75 45.23 44.71 44.19 43.68 43.17 42.65 42.15 41.64 41.14 40.65 40.15 39.67 39.18 38.70 38.23 37.76 37.30 36.85 36.40 35.96 35.52 35.09 34.67 34.26 33.85 33.46 33.07 32.69 32.32 31.96 31.61 31.27 30.94 30.63 30.32 30.02 29.74 29.46
47.98 48.44 48.89 49.31 49.71 50.10 50.45 50.79 51.10 51.38 51.63 51.86 52.05 52.22 52.35 52.45 52.52 52.55 52.54 52.50 52.42 52.30 52.14 51.93 51.69 51.40 51.07 50.71 50.31 49.89 49.45 48.98 48.51 48.01 47.51 46.99 46.46 45.93 45.40 44.88 44.35 43.83 43.31 42.80 42.28 41.77 41.27 40.76 40.26 39.77 39.28 38.79 38.31 37.84 37.37 36.90 36.45 36.00 35.55 35.12 34.69 34.27 33.85 33.45 33.05 32.66 32.28 31.92 31.56 31.21 30.87 30.54 30.22 29.91 29.62 29.33 29.06
46.97 47.47 47.95 48.41 48.85 49.26 49.65 50.01 50.35 50.66 50.94 51.19 51.41 51.60 51.75 51.87 51.96 52.01 52.02 52.00 51.93 51.83 51.68 51.49 51.25 50.98 50.66 50.31 49.92 49.51 49.07 48.62 48.15 47.67 47.17 46.66 46.13 45.60 45.07 44.54 44.01 43.49 42.96 42.44 41.93 41.41 40.90 40.40 39.90 39.40 38.91 38.42 37.93 37.46 36.99 36.52 36.06 35.61 35.17 34.73 34.30 33.88 33.46 33.06 32.66 32.27 31.89 31.52 31.17 30.82 30.48 30.15 29.83 29.53 29.23 28.95 28.68
45.87 46.41 46.93 47.43 47.91 48.36 48.78 49.18 49.55 49.89 50.20 50.48 50.73 50.94 51.12 51.27 51.38 51.45 51.49 51.48 51.44 51.35 51.22 51.04 50.82 50.56 50.25 49.91 49.53 49.13 48.70 48.26 47.80 47.32 46.83 46.33 45.81 45.29 44.75 44.22 43.69 43.16 42.63 42.11 41.59 41.07 40.56 40.05 39.54 39.04 38.55 38.06 37.57 37.10 36.62 36.16 35.70 35.24 34.80 34.36 33.93 33.50 33.09 32.68 32.29 31.90 31.52 31.15 30.79 30.44 30.10 29.78 29.46 29.15 28.86 28.58 28.31
44.70 45.29 45.85 46.39 46.90 47.39 47.85 48.29 48.70 49.07 49.42 49.73 50.01 50.26 50.47 50.64 50.78 50.88 50.94 50.96 50.94 50.87 50.76 50.60 50.39 50.14 49.84 49.51 49.15 48.75 48.33 47.90 47.45 46.98 46.50 46.01 45.50 44.98 44.45 43.91 43.38 42.85 42.32 41.79 41.27 40.75 40.23 39.72 39.21 38.71 38.21 37.72 37.23 36.75 36.27 35.81 35.34 34.89 34.44 34.00 33.57 33.15 32.73 32.32 31.93 31.54 31.16 30.79 30.43 30.08 29.75 29.42 29.10 28.80 28.51 28.23 27.96
43.46 44.09 44.70 45.28 45.84 46.38 46.88 47.36 47.81 48.22 48.61 48.96 49.27 49.56 49.80 50.01 50.18 50.31 50.40 50.45 50.45 50.41 50.32 50.17 49.97 49.73 49.44 49.12 48.76 48.38 47.97 47.54 47.10 46.64 46.17 45.69 45.19 44.68 44.16 43.62 43.08 42.55 42.01 41.48 40.96 40.43 39.92 39.40 38.89 38.38 37.88 37.39 36.90 36.42 35.94 35.47 35.01 34.55 34.10 33.66 33.23 32.80 32.39 31.98 31.58 31.19 30.82 30.45 30.09 29.74 29.40 29.08 28.76 28.46 28.17 27.89 27.62
42.15 42.84 43.50 44.13 44.74 45.32 45.87 46.40 46.89 47.35 47.77 48.17 48.52 48.84 49.13 49.37 49.58 49.74 49.86 49.94 49.98 49.95 49.87 49.74 49.55 49.32 49.04 48.73 48.39 48.01 47.61 47.19 46.76 46.31 45.84 45.37 44.88 44.38 43.86 43.34 42.81 42.27 41.73 41.19 40.66 40.14 39.62 39.10 38.59 38.08 37.58 37.08 36.59 36.10 35.62 35.15 34.69 34.23 33.78 33.34 32.90 32.48 32.06 31.65 31.26 30.87 30.49 30.12 29.76 29.41 29.07 28.75 28.43 28.13 27.84 27.56 27.30
40.79 41.53 42.25 42.94 43.60 44.23 44.84 45.41 45.95 46.45 46.93 47.36 47.76 48.13 48.45 48.74 48.98 49.19 49.35 49.46 49.51 49.50 49.43 49.31 49.14 48.91 48.65 48.35 48.01 47.64 47.25 46.84 46.41 45.97 45.52 45.05 44.57 44.08 43.58 43.06 42.53 42.00 41.46 40.92 40.39 39.86 39.33 38.81 38.30 37.79 37.28 36.78 36.29 35.80 35.32 34.85 34.38 33.92 33.47 33.03 32.59 32.17 31.75 31.34 30.94 30.55 30.17 29.80 29.45 29.10 28.76 28.44 28.12 27.82 27.53 27.26 26.99
39.39 40.19 40.97 41.71 42.43 43.12 43.78 44.40 44.99 45.55 46.07 46.56 47.01 47.42 47.79 48.12 48.41 48.65 48.85 48.99 49.05 49.06 49.00 48.89 48.72 48.51 48.26 47.97 47.64 47.28 46.90 46.49 46.08 45.64 45.20 44.74 44.27 43.78 43.29 42.78 42.26 41.74 41.20 40.66 40.12 39.59 39.06 38.54 38.02 37.51 37.00 36.50 36.00 35.51 35.03 34.56 34.09 33.63 33.18 32.73 32.30 31.87 31.45 31.04 30.64 30.25 29.87 29.50 29.15 28.80 28.46 28.14 27.83 27.52 27.24 26.96 26.70
37.95 38.82 39.65 40.46 41.24 41.99 42.71 43.39 44.04 44.65 45.23 45.77 46.27 46.73 47.15 47.53 47.86 48.15 48.37 48.52 48.60 48.62 48.57 48.47 48.32 48.12 47.87 47.59 47.27 46.92 46.54 46.15 45.74 45.32 44.88 44.43 43.96 43.49 43.00 42.50 42.00 41.48 40.95 40.41 39.87 39.34 38.81 38.28 37.76 37.24 36.73 36.23 35.73 35.24 34.76 34.28 33.81 33.35 32.89 32.45 32.01 31.58 31.16 30.76 30.36 29.97 29.59 29.22 28.86 28.51 28.18 27.85 27.54 27.24 26.95 26.68 26.42
36.49 37.42 38.32 39.20 40.04 40.85 41.63 42.38 43.08 43.76 44.39 44.99 45.54 46.06 46.53 46.96 47.35 47.66 47.89 48.06 48.15 48.18 48.14 48.05 47.91 47.72 47.49 47.21 46.90 46.56 46.19 45.81 45.41 44.99 44.56 44.12 43.66 43.20 42.72 42.23 41.73 41.22 40.70 40.17 39.64 39.10 38.56 38.03 37.51 36.99 36.48 35.97 35.47 34.98 34.49 34.02 33.54 33.08 32.63 32.18 31.74 31.31 30.89 30.48 30.08 29.69 29.31 28.94 28.59 28.24 27.90 27.58 27.27 26.97 26.69 26.41 26.15
35.00 36.01 36.98 37.93 38.84 39.72 40.56 41.37 42.14 42.88 43.58 44.23 44.85 45.42 45.95 46.44 46.85 47.17 47.42 47.60 47.70 47.74 47.72 47.64 47.51 47.33 47.11 46.84 46.54 46.21 45.85 45.47 45.07 44.67 44.25 43.81 43.36 42.91 42.44 41.96 41.46 40.96 40.45 39.93 39.41 38.87 38.33 37.80 37.28 36.75 36.24 35.73 35.23 34.73 34.25 33.77 33.29 32.83 32.37 31.92 31.49 31.06 30.64 30.22 29.82 29.43 29.05 28.68 28.33 27.98 27.65 27.32 27.01 26.71 26.43 26.16 25.90
33.51 34.59 35.64 36.66 37.64 38.59 39.51 40.39 41.23 42.03 42.79 43.51 44.19 44.83 45.42 45.93 46.35 46.69 46.96 47.14 47.26 47.31 47.30 47.24 47.12 46.95 46.73 46.48 46.18 45.86 45.51 45.13 44.75 44.35 43.93 43.51 43.07 42.62 42.16 41.68 41.20 40.71 40.21 39.70 39.18 38.65 38.12 37.58 37.05 36.53 36.01 35.50 35.00 34.50 34.01 33.53 33.05 32.59 32.13 31.68 31.24 30.81 30.39 29.98 29.58 29.19 28.81 28.44 28.08 27.73 27.40 27.08 26.77 26.47 26.19 25.92 25.66
32.02 33.18 34.31 35.40 36.46 37.49 38.48 39.43 40.34 41.21 42.05 42.84 43.58 44.28 44.90 45.42 45.86 46.22 46.49 46.69 46.82 46.89 46.89 46.83 46.72 46.56 46.36 46.11 45.83 45.51 45.17 44.80 44.42 44.03 43.62 43.20 42.77 42.33 41.88 41.41 40.94 40.45 39.96 39.46 38.95 38.43 37.91 37.38 36.84 36.32 35.80 35.28 34.78 34.28 33.79 33.30 32.83 32.36 31.90 31.45 31.01 30.58 30.16 29.74 29.34 28.95 28.57 28.20 27.85 27.50 27.17 26.84 26.54 26.24 25.96 25.69 25.43
30.54 31.78 32.99 34.17 35.31 36.41 37.48 38.51 39.49 40.44 41.35 42.21 43.02 43.75 44.38 44.92 45.38 45.75 46.03 46.25 46.39 46.47 46.48 46.43 46.33 46.18 45.99 45.75 45.47 45.17 44.83 44.47 44.10 43.71 43.31 42.90 42.48 42.05 41.60 41.14 40.68 40.20 39.72 39.22 38.72 38.21 37.70 37.17 36.65 36.12 35.60 35.08 34.57 34.07 33.58 33.09 32.61 32.14 31.68 31.23 30.79 30.36 29.94 29.52 29.12 28.73 28.35 27.98 27.62 27.28 26.94 26.62 26.31 26.02 25.74 25.47 25.21
29.07 30.40 31.70 32.96 34.18 35.37 36.52 37.63 38.70 39.72 40.70 41.63 42.48 43.23 43.87 44.43 44.90 45.28 45.58 45.81 45.96 46.05 46.07 46.04 45.95 45.81 45.62 45.39 45.12 44.82 44.49 44.14 43.78 43.40 43.01 42.60 42.19 41.76 41.32 40.88 40.42 39.95 39.47 38.99 38.49 37.99 37.49 36.97 36.45 35.93 35.40 34.89 34.38 33.87 33.38 32.89 32.41 31.94 31.48 31.03 30.58 30.15 29.73 29.31 28.91 28.52 28.14 27.77 27.41 27.07 26.73 26.41 26.11 25.81 25.53 25.26 25.01
27.63 29.05 30.44 31.79 33.10 34.37 35.61 36.80 37.95 39.06 40.12 41.08 41.95 42.71 43.37 43.94 44.42 44.82 45.13 45.37 45.54 45.64 45.67 45.65 45.57 45.44 45.26 45.04 44.78 44.48 44.16 43.82 43.46 43.09 42.70 42.31 41.90 41.48 41.05 40.61 40.16 39.70 39.23 38.75 38.27 37.78 37.28 36.77 36.26 35.74 35.22 34.70 34.19 33.69 33.19 32.70 32.22 31.75 31.28 30.83 30.39 29.95 29.53 29.11 28.71 28.32 27.94 27.57 27.21 26.87 26.53 26.21 25.91 25.61 25.33 25.07 24.82
26.22 27.74 29.22 30.66 32.07 33.43 34.75 36.04 37.28 38.46 39.55 40.54 41.42 42.19 42.87 43.46 43.95 44.36 44.69 44.94 45.12 45.23 45.27 45.26 45.19 45.07 44.90 44.69 44.43 44.15 43.83 43.49 43.14 42.78 42.40 42.01 41.61 41.20 40.78 40.34 39.90 39.45 38.99 38.52 38.04 37.56 37.07 36.57 36.07 35.56 35.05 34.53 34.02 33.51 33.01 32.52 32.04 31.56 31.10 30.64 30.20 29.76 29.34 28.93 28.52 28.13 27.75 27.38 27.02 26.68 26.35 26.03 25.72 25.43 25.15 24.88 24.63
