data_processed/recharge/precip/Precip_1992_10.asc
ncols        168
nrows        136
xllcorner    455000
yllcorner    2107000
cellsize     500
NODATA_value     -99999
[rows 0 to 31 of 136, columns 72 to 143 of 168]
148.47 146.52 144.55 142.58 140.60 138.62 136.64 134.67 132.71 130.75 128.81 126.88 124.98 123.09 121.23 119.40 117.60 115.83 114.09 112.40 110.74 109.13 107.57 106.06 104.60 103.20 101.85 100.57 99.35 98.19 97.11 96.10 95.17 94.31 93.51 92.73 91.97 91.21 90.46 89.72 88.99 88.32 87.76 87.30 86.93 86.66 86.47 86.37 86.34 86.39 86.51 86.69 86.92 87.21 87.55 87.93 88.35 88.80 89.28 89.78 90.30 90.84 91.38 91.93 92.48 93.02 93.55 94.06 94.55 95.02 95.45 95.85
146.27 144.32 142.35 140.38 138.41 136.43 134.46 132.49 130.52 128.56 126.62 124.69 122.78 120.89 119.03 117.19 115.38 113.60 111.86 110.16 108.49 106.87 105.30 103.78 102.30 100.89 99.53 98.23 96.99 95.82 94.72 93.70 92.74 91.87 91.07 90.33 89.62 88.91 88.22 87.55 86.94 86.43 86.03 85.73 85.52 85.41 85.38 85.43 85.56 85.75 86.02 86.34 86.72 87.16 87.63 88.15 88.71 89.30 89.91 90.54 91.20 91.86 92.53 93.20 93.87 94.53 95.18 95.81 96.41 96.99 97.54 98.04
143.92 141.98 140.03 138.07 136.10 134.13 132.16 130.20 128.24 126.29 124.35 122.42 120.51 118.63 116.76 114.92 113.11 111.33 109.59 107.88 106.21 104.59 103.01 101.48 100.00 98.57 97.20 95.89 94.65 93.47 92.35 91.31 90.35 89.46 88.65 87.92 87.24 86.60 85.97 85.41 84.96 84.61 84.37 84.23 84.18 84.21 84.34 84.54 84.81 85.16 85.57 86.03 86.56 87.13 87.74 88.40 89.09 89.80 90.55 91.31 92.09 92.87 93.67 94.46 95.24 96.02 96.78 97.53 98.24 98.93 99.58 100.20
141.45 139.52 137.58 135.64 133.68 131.73 129.77 127.81 125.86 123.92 121.99 120.07 118.17 116.29 114.43 112.60 110.79 109.01 107.27 105.56 103.90 102.27 100.69 99.16 97.68 96.25 94.88 93.56 92.31 91.12 90.01 88.96 87.98 87.08 86.26 85.52 84.87 84.28 83.76 83.35 83.06 82.87 82.78 82.79 82.90 83.09 83.36 83.70 84.12 84.61 85.16 85.77 86.42 87.13 87.88 88.66 89.48 90.33 91.20 92.08 92.98 93.89 94.80 95.71 96.61 97.50 98.37 99.22 100.05 100.84 101.59 102.31
138.89 136.98 135.06 133.13 131.20 129.26 127.32 125.38 123.44 121.51 119.59 117.69 115.80 113.93 112.08 110.25 108.45 106.68 104.94 103.24 101.58 99.96 98.38 96.85 95.37 93.95 92.57 91.26 90.01 88.82 87.69 86.64 85.66 84.76 83.93 83.19 82.53 82.02 81.65 81.40 81.26 81.23 81.29 81.45 81.70 82.04 82.45 82.94 83.50 84.13 84.81 85.55 86.34 87.18 88.06 88.97 89.91 90.88 91.87 92.88 93.90 94.92 95.94 96.96 97.97 98.97 99.95 100.91 101.83 102.73 103.58 104.39
136.39 134.51 132.61 130.70 128.78 126.86 124.93 123.01 121.08 119.17 117.26 115.37 113.49 111.63 109.79 107.97 106.18 104.42 102.69 101.00 99.34 97.72 96.15 94.62 93.14 91.72 90.35 89.03 87.78 86.59 85.46 84.41 83.42 82.51 81.68 80.93 80.34 79.94 79.70 79.60 79.61 79.72 79.94 80.24 80.63 81.11 81.66 82.29 82.98 83.74 84.56 85.43 86.34 87.31 88.31 89.34 90.40 91.49 92.60 93.72 94.85 95.98 97.11 98.24 99.35 100.45 101.53 102.59 103.61 104.60 105.55 106.45
134.00 132.13 130.25 128.36 126.46 124.55 122.64 120.73 118.82 116.92 115.03 113.15 111.28 109.43 107.60 105.79 104.01 102.25 100.53 98.84 97.19 95.58 94.01 92.48 91.00 89.58 88.21 86.89 85.64 84.44 83.32 82.26 81.27 80.35 79.52 78.83 78.35 78.06 77.94 77.96 78.11 78.37 78.72 79.16 79.69 80.30 80.99 81.74 82.57 83.45 84.39 85.39 86.43 87.51 88.63 89.78 90.96 92.15 93.37 94.60 95.83 97.07 98.31 99.53 100.75 101.95 103.12 104.27 105.39 106.46 107.50 108.49
131.70 129.85 127.99 126.12 124.23 122.34 120.45 118.55 116.66 114.77 112.89 111.02 109.16 107.32 105.50 103.70 101.93 100.18 98.46 96.78 95.13 93.52 91.95 90.43 88.95 87.53 86.16 84.84 83.58 82.39 81.26 80.19 79.20 78.28 77.51 76.93 76.56 76.39 76.37 76.50 76.76 77.15 77.64 78.21 78.87 79.61 80.42 81.31 82.25 83.26 84.32 85.43 86.59 87.78 89.02 90.28 91.56 92.87 94.19 95.52 96.86 98.19 99.52 100.85 102.16 103.44 104.71 105.94 107.15 108.31 109.43 110.49
129.50 127.67 125.83 123.97 122.10 120.23 118.35 116.47 114.59 112.71 110.84 108.98 107.14 105.31 103.49 101.70 99.93 98.19 96.48 94.80 93.16 91.55 89.99 88.46 86.99 85.56 84.19 82.87 81.61 80.41 79.28 78.21 77.22 76.36 75.69 75.23 74.97 74.91 75.00 75.22 75.58 76.08 76.69 77.39 78.17 79.04 79.97 80.97 82.04 83.16 84.34 85.56 86.82 88.13 89.47 90.83 92.22 93.63 95.04 96.47 97.90 99.33 100.76 102.17 103.57 104.94 106.29 107.61 108.89 110.13 111.32 112.47
127.40 125.59 123.76 121.92 120.07 118.21 116.35 114.48 112.61 110.75 108.89 107.04 105.20 103.38 101.58 99.79 98.03 96.30 94.59 92.91 91.27 89.67 88.11 86.59 85.11 83.69 82.31 80.99 79.73 78.53 77.39 76.32 75.38 74.63 74.08 73.73 73.58 73.62 73.81 74.13 74.58 75.16 75.87 76.68 77.59 78.57 79.62 80.73 81.91 83.14 84.43 85.76 87.13 88.53 89.97 91.44 92.92 94.42 95.94 97.46 98.98 100.49 102.00 103.50 104.98 106.43 107.86 109.25 110.61 111.92 113.19 114.40
125.39 123.60 121.79 119.97 118.13 116.29 114.44 112.58 110.73 108.87 107.03 105.19 103.36 101.55 99.75 97.97 96.22 94.49 92.78 91.11 89.48 87.87 86.31 84.79 83.32 81.89 80.52 79.19 77.93 76.72 75.58 74.57 73.74 73.11 72.66 72.42 72.37 72.52 72.81 73.22 73.75 74.41 75.19 76.10 77.11 78.20 79.36 80.59 81.87 83.21 84.59 86.02 87.49 89.00 90.53 92.09 93.66 95.26 96.86 98.46 100.07 101.67 103.26 104.83 106.38 107.91 109.41 110.88 112.30 113.68 115.01 116.29
123.48 121.71 119.91 118.11 116.28 114.45 112.62 110.78 108.93 107.09 105.26 103.43 101.61 99.80 98.01 96.24 94.49 92.77 91.07 89.40 87.77 86.17 84.61 83.09 81.61 80.18 78.81 77.48 76.21 75.01 73.92 73.02 72.30 71.77 71.44 71.29 71.35 71.60 71.98 72.47 73.09 73.82 74.68 75.65 76.74 77.94 79.20 80.53 81.91 83.35 84.83 86.36 87.92 89.51 91.14 92.78 94.44 96.12 97.80 99.49 101.17 102.84 104.51 106.16 107.78 109.38 110.94 112.47 113.96 115.40 116.79 118.12
121.66 119.91 118.13 116.34 114.53 112.71 110.89 109.06 107.23 105.40 103.57 101.75 99.94 98.15 96.36 94.60 92.85 91.13 89.44 87.77 86.14 84.54 82.98 81.46 79.99 78.56 77.18 75.85 74.58 73.43 72.46 71.66 71.05 70.62 70.39 70.35 70.51 70.85 71.32 71.90 72.59 73.40 74.32 75.35 76.50 77.77 79.13 80.55 82.03 83.56 85.13 86.75 88.40 90.08 91.78 93.51 95.25 97.01 98.76 100.52 102.28 104.03 105.76 107.47 109.16 110.82 112.45 114.04 115.58 117.08 118.52 119.91
119.94 118.20 116.44 114.66 112.87 111.06 109.25 107.44 105.62 103.80 101.98 100.17 98.37 96.58 94.80 93.04 91.30 89.58 87.89 86.23 84.60 83.00 81.44 79.92 78.45 77.01 75.63 74.31 73.09 72.05 71.18 70.49 69.98 69.66 69.53 69.58 69.83 70.26 70.82 71.48 72.25 73.13 74.11 75.20 76.40 77.72 79.14 80.65 82.22 83.83 85.49 87.19 88.92 90.68 92.47 94.27 96.09 97.91 99.74 101.57 103.39 105.20 107.00 108.77 110.52 112.24 113.92 115.57 117.16 118.71 120.20 121.63
118.31 116.58 114.84 113.07 111.30 109.51 107.71 105.90 104.09 102.28 100.47 98.67 96.88 95.09 93.32 91.57 89.83 88.12 86.43 84.77 83.14 81.55 79.99 78.47 76.99 75.55 74.17 72.90 71.79 70.85 70.09 69.50 69.10 68.87 68.83 68.98 69.32 69.84 70.48 71.22 72.06 73.00 74.05 75.19 76.44 77.80 79.26 80.82 82.47 84.17 85.91 87.68 89.49 91.33 93.18 95.06 96.94 98.83 100.73 102.62 104.50 106.37 108.23 110.06 111.86 113.63 115.36 117.05 118.69 120.29 121.82 123.29
116.76 115.06 113.33 111.58 109.81 108.03 106.25 104.45 102.65 100.85 99.06 97.26 95.47 93.70 91.93 90.18 88.45 86.74 85.06 83.40 81.77 80.17 78.61 77.09 75.61 74.18 72.85 71.68 70.68 69.84 69.18 68.69 68.38 68.25 68.31 68.55 68.98 69.58 70.30 71.12 72.02 73.03 74.13 75.32 76.62 78.01 79.50 81.10 82.79 84.56 86.37 88.22 90.10 92.00 93.93 95.86 97.81 99.76 101.72 103.67 105.61 107.53 109.43 111.31 113.16 114.98 116.76 118.49 120.17 121.80 123.37 124.88
115.31 113.62 111.90 110.17 108.42 106.65 104.88 103.09 101.30 99.51 97.72 95.94 94.16 92.38 90.62 88.88 87.15 85.45 83.76 82.11 80.48 78.88 77.32 75.79 74.32 72.94 71.71 70.65 69.75 69.01 68.45 68.06 67.84 67.80 67.95 68.27 68.79 69.47 70.27 71.15 72.12 73.19 74.34 75.58 76.92 78.35 79.87 81.49 83.20 85.00 86.88 88.80 90.74 92.71 94.69 96.69 98.69 100.70 102.71 104.71 106.70 108.67 110.62 112.54 114.44 116.29 118.11 119.88 121.59 123.26 124.86 126.39
113.95 112.27 110.57 108.85 107.11 105.36 103.59 101.82 100.04 98.26 96.48 94.70 92.92 91.16 89.40 87.66 85.94 84.23 82.55 80.89 79.27 77.67 76.11 74.59 73.16 71.88 70.76 69.80 69.00 68.36 67.89 67.59 67.46 67.51 67.74 68.15 68.74 69.51 70.38 71.33 72.36 73.48 74.68 75.97 77.34 78.80 80.35 81.99 83.71 85.53 87.43 89.41 91.41 93.43 95.47 97.52 99.58 101.64 103.69 105.74 107.77 109.78 111.77 113.74 115.67 117.56 119.41 121.21 122.95 124.64 126.27 127.83
112.68 111.01 109.33 107.62 105.89 104.15 102.40 100.63 98.86 97.09 95.31 93.54 91.77 90.01 88.26 86.52 84.80 83.10 81.42 79.76 78.13 76.54 74.98 73.51 72.18 71.01 69.99 69.12 68.42 67.87 67.49 67.28 67.24 67.38 67.69 68.18 68.85 69.69 70.62 71.64 72.73 73.90 75.15 76.47 77.88 79.37 80.94 82.59 84.33 86.15 88.06 90.05 92.10 94.17 96.26 98.36 100.46 102.57 104.66 106.75 108.82 110.87 112.90 114.89 116.85 118.77 120.65 122.47 124.24 125.95 127.60 129.18
111.49 109.84 108.17 106.47 104.76 103.03 101.28 99.53 97.77 96.00 94.23 92.47 90.70 88.95 87.20 85.47 83.75 82.05 80.37 78.71 77.08 75.49 73.98 72.61 71.39 70.31 69.39 68.62 68.00 67.55 67.26 67.13 67.18 67.39 67.78 68.34 69.09 70.00 71.00 72.08 73.22 74.44 75.73 77.09 78.53 80.04 81.63 83.30 85.04 86.87 88.77 90.75 92.81 94.93 97.06 99.20 101.34 103.49 105.62 107.74 109.84 111.92 113.98 116.00 117.99 119.93 121.83 123.67 125.46 127.19 128.85 130.44
110.39 108.76 107.10 105.41 103.71 101.99 100.25 98.51 96.76 95.00 93.24 91.47 89.72 87.97 86.22 84.49 82.77 81.07 79.40 77.74 76.11 74.57 73.16 71.89 70.77 69.79 68.95 68.28 67.75 67.38 67.18 67.13 67.26 67.55 68.01 68.65 69.46 70.44 71.51 72.64 73.83 75.10 76.43 77.82 79.29 80.82 82.43 84.10 85.85 87.67 89.57 91.53 93.58 95.70 97.86 100.04 102.22 104.39 106.55 108.70 110.83 112.94 115.02 117.06 119.07 121.03 122.94 124.80 126.60 128.34 130.00 131.60
109.38 107.76 106.11 104.44 102.74 101.03 99.31 97.57 95.83 94.08 92.32 90.56 88.81 87.06 85.32 83.59 81.88 80.18 78.50 76.85 75.28 73.83 72.52 71.35 70.31 69.43 68.69 68.09 67.65 67.37 67.25 67.28 67.48 67.84 68.38 69.09 69.97 71.01 72.13 73.32 74.56 75.86 77.23 78.65 80.14 81.70 83.31 85.00 86.74 88.56 90.44 92.39 94.41 96.50 98.66 100.87 103.07 105.27 107.46 109.63 111.79 113.91 116.01 118.07 120.09 122.06 123.98 125.85 127.66 129.40 131.07 132.66
108.45 106.84 105.21 103.54 101.86 100.16 98.45 96.72 94.98 93.23 91.49 89.73 87.99 86.24 84.50 82.78 81.06 79.36 77.69 76.09 74.61 73.26 72.05 70.97 70.03 69.23 68.57 68.07 67.71 67.51 67.46 67.57 67.84 68.27 68.88 69.65 70.59 71.70 72.88 74.11 75.40 76.74 78.13 79.59 81.10 82.66 84.29 85.97 87.72 89.52 91.39 93.32 95.32 97.37 99.50 101.69 103.91 106.13 108.34 110.53 112.70 114.84 116.94 119.01 121.04 123.02 124.95 126.82 128.62 130.36 132.03 133.62
107.61 106.01 104.39 102.74 101.06 99.37 97.67 95.94 94.21 92.47 90.73 88.98 87.24 85.50 83.76 82.04 80.32 78.63 77.01 75.50 74.12 72.86 71.74 70.75 69.90 69.18 68.61 68.19 67.91 67.78 67.81 67.99 68.33 68.83 69.50 70.33 71.34 72.50 73.73 75.01 76.33 77.71 79.14 80.61 82.14 83.71 85.34 87.03 88.77 90.56 92.41 94.32 96.28 98.30 100.38 102.53 104.73 106.96 109.18 111.38 113.56 115.71 117.82 119.90 121.92 123.90 125.83 127.70 129.50 131.23 132.89 134.47
106.85 105.26 103.65 102.01 100.35 98.66 96.96 95.25 93.53 91.79 90.05 88.31 86.57 84.83 83.10 81.37 79.67 78.02 76.49 75.08 73.79 72.63 71.59 70.69 69.92 69.29 68.80 68.45 68.25 68.19 68.29 68.54 68.94 69.51 70.24 71.13 72.19 73.40 74.69 76.01 77.37 78.78 80.23 81.72 83.26 84.85 86.48 88.16 89.89 91.66 93.49 95.37 97.30 99.28 101.32 103.41 105.56 107.76 109.98 112.19 114.37 116.52 118.63 120.71 122.73 124.71 126.63 128.48 130.28 132.00 133.64 135.20
106.17 104.60 102.99 101.36 99.71 98.04 96.34 94.64 92.92 91.19 89.46 87.72 85.98 84.24 82.51 80.79 79.13 77.58 76.14 74.83 73.63 72.55 71.60 70.78 70.10 69.54 69.13 68.85 68.72 68.73 68.90 69.21 69.68 70.31 71.09 72.04 73.15 74.42 75.74 77.10 78.50 79.93 81.41 82.92 84.46 86.05 87.68 89.36 91.07 92.83 94.63 96.48 98.37 100.31 102.30 104.33 106.42 108.56 110.74 112.94 115.12 117.27 119.38 121.44 123.46 125.43 127.33 129.17 130.95 132.65 134.28 135.82
105.57 104.01 102.42 100.80 99.15 97.49 95.80 94.10 92.39 90.66 88.93 87.20 85.46 83.73 82.00 80.33 78.77 77.31 75.96 74.73 73.62 72.63 71.76 71.02 70.41 69.93 69.59 69.39 69.32 69.40 69.63 70.00 70.53 71.21 72.05 73.05 74.22 75.52 76.89 78.29 79.72 81.17 82.66 84.18 85.74 87.33 88.95 90.62 92.31 94.05 95.82 97.63 99.49 101.38 103.32 105.29 107.31 109.38 111.49 113.64 115.81 117.95 120.05 122.10 124.10 126.05 127.94 129.76 131.52 133.19 134.79 136.31
105.06 103.50 101.92 100.31 98.67 97.01 95.34 93.64 91.94 90.22 88.49 86.76 85.02 83.30 81.62 80.04 78.56 77.19 75.94 74.79 73.76 72.85 72.06 71.40 70.86 70.46 70.18 70.05 70.05 70.19 70.47 70.91 71.49 72.23 73.12 74.16 75.37 76.73 78.13 79.56 81.01 82.49 83.99 85.53 87.08 88.67 90.29 91.93 93.61 95.32 97.06 98.83 100.64 102.49 104.37 106.28 108.24 110.23 112.26 114.33 116.44 118.56 120.64 122.67 124.66 126.58 128.45 130.24 131.97 133.62 135.18 136.66
104.62 103.08 101.50 99.90 98.27 96.62 94.95 93.26 91.56 89.84 88.12 86.39 84.66 82.98 81.39 79.91 78.52 77.24 76.06 75.00 74.05 73.22 72.51 71.91 71.45 71.11 70.90 70.83 70.89 71.09 71.43 71.92 72.55 73.34 74.28 75.37 76.62 78.01 79.45 80.91 82.39 83.88 85.40 86.93 88.49 90.07 91.67 93.30 94.95 96.63 98.34 100.07 101.83 103.62 105.44 107.29 109.18 111.09 113.04 115.02 117.04 119.09 121.14 123.16 125.11 127.01 128.84 130.61 132.30 133.92 135.44 136.89
104.26 102.73 101.16 99.57 97.95 96.30 94.64 92.96 91.26 89.55 87.83 86.10 84.42 82.83 81.33 79.93 78.63 77.43 76.34 75.35 74.48 73.72 73.08 72.56 72.16 71.89 71.74 71.72 71.84 72.10 72.49 73.03 73.72 74.55 75.53 76.66 77.95 79.38 80.85 82.33 83.83 85.34 86.86 88.40 89.95 91.52 93.11 94.72 96.34 97.99 99.65 101.34 103.05 104.78 106.54 108.32 110.13 111.97 113.83 115.72 117.64 119.59 121.57 123.54 125.47 127.33 129.13 130.86 132.51 134.08 135.57 136.97
103.98 102.46 100.90 99.31 97.70 96.06 94.40 92.72 91.03 89.32 87.61 85.93 84.34 82.84 81.42 80.11 78.89 77.77 76.75 75.84 75.04 74.36 73.78 73.33 72.99 72.78 72.69 72.73 72.91 73.21 73.66 74.24 74.97 75.84 76.86 78.04 79.36 80.82 82.32 83.83 85.34 86.86 88.38 89.92 91.47 93.02 94.59 96.17 97.77 99.37 101.00 102.64 104.29 105.97 107.66 109.37 111.10 112.85 114.62 116.42 118.24 120.08 121.95 123.84 125.72 127.54 129.30 130.99 132.59 134.12 135.56 136.91
103.78 102.26 100.71 99.14 97.53 95.90 94.24 92.57 90.88 89.18 87.51 85.92 84.41 83.00 81.67 80.43 79.29 78.25 77.31 76.47 75.74 75.12 74.61 74.21 73.94 73.78 73.75 73.84 74.07 74.42 74.91 75.54 76.31 77.22 78.28 79.49 80.85 82.34 83.86 85.38 86.91 88.43 89.96 91.49 93.02 94.56 96.11 97.66 99.22 100.79 102.37 103.96 105.55 107.16 108.78 110.42 112.07 113.73 115.41 117.11 118.82 120.55 122.31 124.08 125.86 127.64 129.35 130.99 132.54 134.02 135.40 136.69
