data_processed/recharge/precip/Precip_2004_07.asc
ncols        168
nrows        136
xllcorner    455000
yllcorner    2107000
cellsize     500
NODATA_value     -99999
[rows 64 to 95 of 136, columns 73 to 145 of 168]
70.25 65.42 60.91 56.82 53.12 49.81 46.89 44.33 42.13 40.28 38.76 37.58 36.70 36.13 35.86 35.87 36.15 36.69 37.49 38.52 39.79 41.27 42.97 44.86 46.94 49.19 51.61 54.15 56.75 59.40 62.11 64.87 67.63 70.27 72.77 75.14 77.37 79.46 81.43 83.26 84.96 86.54 88.00 89.34 90.55 91.65 92.63 93.50 94.26 94.91 95.45 95.89 96.22 96.46 96.59 96.63 96.58 96.44 96.28 96.18 96.11 96.10 96.12 96.20 96.31 96.47 96.67 96.91 97.19 97.51 97.87 98.27 98.71
68.54 63.63 59.04 54.88 51.12 47.77 44.80 42.21 39.99 38.13 36.61 35.43 34.57 34.03 33.79 33.84 34.17 34.78 35.65 36.76 38.12 39.71 41.51 43.52 45.73 48.12 50.69 53.42 56.26 59.18 62.14 65.10 67.95 70.65 73.20 75.62 77.90 80.05 82.06 83.94 85.69 87.31 88.80 90.18 91.43 92.56 93.58 94.48 95.27 95.94 96.51 96.97 97.33 97.58 97.74 97.79 97.75 97.62 97.48 97.39 97.34 97.33 97.37 97.46 97.59 97.76 97.97 98.22 98.52 98.85 99.23 99.64 100.09
66.93 61.94 57.28 53.05 49.24 45.84 42.84 40.23 37.99 36.12 34.61 33.44 32.60 32.09 31.89 31.99 32.38 33.06 34.00 35.20 36.66 38.35 40.27 42.40 44.74 47.28 50.00 52.89 55.95 59.12 62.29 65.34 68.24 71.00 73.61 76.08 78.42 80.61 82.67 84.59 86.39 88.05 89.59 91.00 92.29 93.46 94.51 95.44 96.26 96.96 97.56 98.04 98.42 98.70 98.87 98.94 98.91 98.80 98.67 98.59 98.55 98.56 98.62 98.71 98.85 99.04 99.27 99.53 99.84 100.19 100.58 101.01 101.47
65.44 60.37 55.64 51.36 47.50 44.06 41.03 38.40 36.15 34.28 32.77 31.62 30.81 30.33 30.17 30.33 30.79 31.54 32.56 33.86 35.41 37.22 39.25 41.52 44.00 46.68 49.56 52.62 55.85 59.18 62.43 65.55 68.51 71.33 74.00 76.52 78.91 81.15 83.26 85.23 87.07 88.78 90.35 91.81 93.13 94.34 95.42 96.38 97.23 97.96 98.58 99.09 99.50 99.79 99.99 100.08 100.07 99.97 99.85 99.78 99.76 99.78 99.85 99.96 100.12 100.32 100.56 100.84 101.16 101.53 101.93 102.37 102.85
64.07 58.93 54.14 49.80 45.90 42.43 39.38 36.73 34.48 32.61 31.11 29.98 29.20 28.77 28.67 28.88 29.41 30.24 31.35 32.74 34.40 36.32 38.49 40.89 43.51 46.35 49.39 52.62 55.96 59.29 62.56 65.73 68.75 71.63 74.35 76.93 79.37 81.66 83.82 85.84 87.72 89.48 91.10 92.59 93.95 95.19 96.31 97.31 98.18 98.95 99.60 100.13 100.56 100.88 101.09 101.20 101.20 101.12 101.02 100.96 100.95 100.99 101.07 101.20 101.37 101.58 101.84 102.14 102.48 102.86 103.28 103.74 104.23
62.84 57.64 52.79 48.41 44.47 40.97 37.90 35.24 32.99 31.13 29.65 28.55 27.81 27.42 27.37 27.65 28.26 29.17 30.37 31.87 33.64 35.68 37.98 40.52 43.29 46.29 49.49 52.83 56.17 59.46 62.71 65.89 68.96 71.90 74.68 77.31 79.81 82.15 84.36 86.43 88.36 90.15 91.81 93.35 94.75 96.03 97.18 98.21 99.12 99.91 100.59 101.15 101.60 101.94 102.17 102.30 102.33 102.25 102.17 102.13 102.13 102.19 102.28 102.43 102.61 102.84 103.11 103.43 103.78 104.18 104.61 105.09 105.60
61.77 56.50 51.61 47.18 43.22 39.69 36.61 33.94 31.70 29.85 28.40 27.33 26.63 26.29 26.31 26.66 27.34 28.34 29.65 31.25 33.14 35.31 37.74 40.43 43.36 46.51 49.82 53.14 56.44 59.70 62.91 66.06 69.15 72.14 74.98 77.67 80.21 82.61 84.87 86.99 88.96 90.80 92.51 94.08 95.53 96.84 98.03 99.09 100.04 100.86 101.56 102.15 102.63 102.99 103.24 103.39 103.43 103.38 103.31 103.28 103.30 103.37 103.48 103.64 103.84 104.09 104.38 104.71 105.08 105.49 105.95 106.44 106.97
60.87 55.55 50.61 46.15 42.15 38.61 35.51 32.85 30.62 28.79 27.37 26.34 25.69 25.41 25.49 25.92 26.68 27.78 29.19 30.91 32.92 35.22 37.79 40.63 43.71 46.97 50.25 53.52 56.77 59.99 63.16 66.29 69.36 72.35 75.25 77.99 80.59 83.04 85.35 87.52 89.54 91.43 93.18 94.79 96.28 97.63 98.85 99.95 100.93 101.78 102.52 103.13 103.63 104.02 104.29 104.46 104.52 104.48 104.43 104.42 104.46 104.54 104.67 104.84 105.06 105.32 105.63 105.98 106.37 106.80 107.27 107.78 108.33
60.15 54.78 49.80 45.31 41.29 37.74 34.64 31.99 29.76 27.96 26.58 25.59 24.99 24.78 24.93 25.44 26.30 27.49 29.01 30.85 32.99 35.43 38.14 41.13 44.31 47.53 50.75 53.97 57.16 60.33 63.47 66.56 69.60 72.58 75.49 78.29 80.94 83.45 85.81 88.02 90.09 92.03 93.82 95.48 97.00 98.39 99.65 100.79 101.80 102.68 103.45 104.09 104.62 105.03 105.33 105.51 105.59 105.57 105.53 105.54 105.59 105.69 105.84 106.03 106.27 106.55 106.87 107.24 107.64 108.09 108.58 109.11 109.68
59.63 54.22 49.20 44.68 40.65 37.09 33.99 31.35 29.15 27.38 26.03 25.10 24.56 24.41 24.64 25.24 26.19 27.49 29.13 31.09 33.36 35.94 38.81 41.88 45.02 48.17 51.32 54.48 57.62 60.74 63.83 66.89 69.90 72.85 75.74 78.55 81.26 83.82 86.23 88.49 90.62 92.59 94.43 96.13 97.70 99.13 100.43 101.60 102.64 103.56 104.35 105.03 105.58 106.02 106.34 106.55 106.64 106.64 106.62 106.64 106.71 106.83 107.00 107.20 107.46 107.76 108.10 108.48 108.91 109.37 109.88 110.43 111.02
59.33 53.87 48.83 44.29 40.24 36.68 33.59 30.97 28.79 27.06 25.76 24.88 24.40 24.33 24.64 25.33 26.38 27.79 29.55 31.64 34.05 36.78 39.72 42.75 45.80 48.87 51.96 55.05 58.14 61.21 64.25 67.27 70.24 73.17 76.03 78.83 81.55 84.16 86.62 88.94 91.11 93.13 95.02 96.76 98.37 99.84 101.18 102.39 103.46 104.41 105.24 105.94 106.52 106.98 107.33 107.56 107.67 107.69 107.68 107.73 107.82 107.95 108.13 108.36 108.63 108.95 109.31 109.71 110.16 110.64 111.17 111.74 112.34
59.24 53.75 48.69 44.13 40.08 36.52 33.45 30.85 28.70 27.01 25.76 24.94 24.53 24.54 24.94 25.72 26.88 28.41 30.29 32.52 35.07 37.87 40.76 43.69 46.66 49.65 52.67 55.69 58.71 61.73 64.73 67.70 70.63 73.52 76.36 79.14 81.84 84.47 86.98 89.35 91.57 93.64 95.57 97.36 99.01 100.52 101.90 103.14 104.26 105.24 106.10 106.83 107.44 107.92 108.29 108.54 108.68 108.72 108.73 108.79 108.90 109.05 109.25 109.50 109.79 110.13 110.51 110.93 111.39 111.90 112.45 113.03 113.66
59.40 53.88 48.80 44.23 40.18 36.63 33.58 31.00 28.90 27.25 26.06 25.30 24.97 25.06 25.55 26.44 27.71 29.36 31.37 33.73 36.36 39.08 41.87 44.71 47.59 50.51 53.44 56.40 59.35 62.31 65.25 68.17 71.07 73.92 76.73 79.48 82.17 84.78 87.31 89.73 92.00 94.12 96.10 97.93 99.62 101.18 102.59 103.87 105.02 106.04 106.93 107.69 108.33 108.84 109.23 109.51 109.67 109.72 109.75 109.83 109.96 110.13 110.35 110.62 110.93 111.29 111.69 112.13 112.61 113.14 113.71 114.32 114.96
59.81 54.27 49.17 44.60 40.56 37.03 33.99 31.45 29.39 27.80 26.66 25.97 25.72 25.90 26.49 27.49 28.88 30.66 32.80 35.22 37.77 40.39 43.07 45.82 48.60 51.43 54.29 57.16 60.05 62.95 65.83 68.70 71.55 74.37 77.14 79.86 82.53 85.12 87.64 90.07 92.39 94.56 96.59 98.47 100.20 101.80 103.25 104.57 105.76 106.81 107.73 108.52 109.19 109.73 110.15 110.45 110.63 110.70 110.76 110.85 111.00 111.19 111.43 111.72 112.05 112.43 112.85 113.31 113.82 114.36 114.95 115.58 116.25
60.49 54.94 49.83 45.26 41.22 37.71 34.71 32.20 30.19 28.65 27.59 26.97 26.81 27.08 27.78 28.89 30.40 32.30 34.50 36.84 39.27 41.78 44.36 47.00 49.69 52.43 55.20 58.00 60.81 63.64 66.46 69.28 72.08 74.85 77.59 80.28 82.91 85.49 88.00 90.42 92.75 94.97 97.04 98.97 100.75 102.39 103.88 105.24 106.46 107.55 108.50 109.33 110.02 110.59 111.04 111.36 111.57 111.66 111.73 111.85 112.02 112.23 112.49 112.80 113.15 113.55 113.99 114.47 115.00 115.57 116.18 116.83 117.52
61.46 55.89 50.77 46.21 42.19 38.71 35.74 33.28 31.32 29.84 28.85 28.32 28.24 28.61 29.42 30.65 32.29 34.24 36.35 38.56 40.86 43.25 45.72 48.26 50.85 53.49 56.18 58.90 61.64 64.39 67.15 69.91 72.65 75.38 78.07 80.73 83.33 85.89 88.37 90.78 93.11 95.35 97.47 99.44 101.26 102.94 104.48 105.88 107.14 108.26 109.25 110.10 110.83 111.43 111.90 112.25 112.48 112.59 112.68 112.82 113.01 113.25 113.53 113.86 114.23 114.65 115.11 115.62 116.17 116.76 117.39 118.06 118.78
62.71 57.14 52.03 47.48 43.48 40.02 37.09 34.68 32.78 31.38 30.46 30.01 30.04 30.51 31.43 32.78 34.46 36.32 38.29 40.37 42.54 44.82 47.17 49.59 52.08 54.63 57.22 59.86 62.52 65.20 67.89 70.58 73.27 75.94 78.59 81.21 83.78 86.31 88.77 91.17 93.49 95.72 97.85 99.87 101.74 103.46 105.04 106.48 107.78 108.94 109.96 110.85 111.61 112.23 112.73 113.11 113.36 113.49 113.61 113.77 113.98 114.23 114.54 114.89 115.28 115.73 116.21 116.74 117.31 117.93 118.58 119.28 120.00
64.28 58.70 53.60 49.07 45.10 41.68 38.79 36.44 34.60 33.27 32.43 32.08 32.20 32.79 33.83 35.21 36.79 38.49 40.32 42.27 44.31 46.46 48.70 51.01 53.39 55.84 58.34 60.88 63.46 66.06 68.68 71.31 73.94 76.55 79.15 81.73 84.26 86.76 89.19 91.57 93.88 96.10 98.23 100.27 102.18 103.95 105.57 107.05 108.39 109.58 110.64 111.56 112.35 113.01 113.54 113.94 114.21 114.37 114.51 114.69 114.92 115.20 115.52 115.90 116.32 116.78 117.29 117.84 118.43 119.07 119.75 120.46 121.17
66.18 60.60 55.51 51.00 47.06 43.68 40.85 38.55 36.78 35.53 34.78 34.53 34.76 35.46 36.53 37.80 39.21 40.77 42.45 44.26 46.17 48.19 50.31 52.50 54.78 57.12 59.52 61.97 64.46 66.98 69.52 72.08 74.64 77.20 79.75 82.28 84.77 87.23 89.64 91.99 94.28 96.49 98.62 100.66 102.59 104.40 106.07 107.59 108.96 110.19 111.29 112.24 113.06 113.75 114.31 114.73 115.03 115.22 115.37 115.58 115.83 116.13 116.48 116.88 117.32 117.81 118.34 118.92 119.54 120.20 120.89 121.58 122.24
68.41 62.84 57.77 53.29 49.39 46.05 43.28 41.05 39.35 38.18 37.53 37.38 37.71 38.44 39.38 40.49 41.74 43.14 44.68 46.34 48.12 50.01 52.00 54.07 56.23 58.47 60.76 63.12 65.52 67.95 70.42 72.90 75.40 77.90 80.39 82.86 85.32 87.73 90.11 92.43 94.70 96.90 99.01 101.05 102.98 104.82 106.52 108.08 109.50 110.77 111.90 112.89 113.74 114.46 115.05 115.50 115.82 116.03 116.21 116.44 116.72 117.04 117.41 117.83 118.30 118.81 119.37 119.97 120.61 121.29 121.96 122.61 123.23
70.99 65.44 60.40 55.95 52.09 48.81 46.09 43.93 42.31 41.23 40.68 40.63 40.99 41.58 42.35 43.28 44.37 45.62 47.00 48.52 50.16 51.91 53.77 55.72 57.76 59.89 62.08 64.33 66.63 68.98 71.36 73.77 76.20 78.63 81.06 83.48 85.89 88.26 90.60 92.89 95.13 97.31 99.42 101.44 103.38 105.21 106.94 108.54 110.00 111.31 112.48 113.50 114.39 115.14 115.75 116.23 116.58 116.81 117.02 117.27 117.57 117.92 118.32 118.76 119.25 119.79 120.37 120.99 121.65 122.31 122.94 123.55 124.14
73.94 68.41 63.40 58.99 55.18 51.95 49.30 47.22 45.69 44.70 44.24 44.21 44.43 44.83 45.42 46.18 47.11 48.19 49.42 50.78 52.28 53.89 55.62 57.45 59.37 61.37 63.45 65.60 67.81 70.07 72.36 74.69 77.04 79.40 81.77 84.13 86.49 88.81 91.11 93.37 95.58 97.74 99.83 101.84 103.77 105.61 107.34 108.96 110.46 111.81 113.01 114.07 115.00 115.78 116.42 116.93 117.31 117.56 117.79 118.07 118.39 118.77 119.19 119.66 120.17 120.73 121.34 121.98 122.62 123.24 123.84 124.41 124.97
77.28 71.77 66.79 62.42 58.66 55.50 52.92 50.92 49.48 48.59 48.14 47.96 47.98 48.20 48.60 49.19 49.94 50.86 51.93 53.14 54.49 55.96 57.55 59.25 61.04 62.93 64.90 66.94 69.04 71.20 73.41 75.65 77.92 80.21 82.51 84.82 87.11 89.39 91.65 93.87 96.05 98.18 100.24 102.24 104.16 105.99 107.73 109.36 110.88 112.27 113.51 114.61 115.57 116.38 117.06 117.59 118.00 118.28 118.53 118.83 119.18 119.58 120.03 120.52 121.07 121.65 122.27 122.90 123.50 124.08 124.65 125.19 125.71
81.00 75.53 70.59 66.27 62.57 59.47 56.97 55.06 53.71 52.82 52.22 51.83 51.65 51.68 51.90 52.30 52.88 53.63 54.53 55.59 56.78 58.11 59.56 61.12 62.79 64.56 66.41 68.34 70.34 72.40 74.51 76.66 78.85 81.07 83.30 85.53 87.77 90.00 92.20 94.38 96.53 98.62 100.67 102.65 104.55 106.38 108.11 109.75 111.28 112.69 113.97 115.11 116.10 116.95 117.65 118.22 118.65 118.96 119.24 119.57 119.94 120.37 120.84 121.36 121.93 122.53 123.13 123.72 124.29 124.84 125.37 125.88 126.37
85.14 79.70 74.80 70.54 66.91 63.88 61.47 59.64 58.29 57.23 56.41 55.82 55.44 55.27 55.30 55.52 55.92 56.50 57.23 58.13 59.17 60.35 61.65 63.08 64.61 66.25 67.98 69.80 71.69 73.64 75.66 77.72 79.82 81.96 84.11 86.28 88.46 90.63 92.78 94.92 97.02 99.08 101.10 103.05 104.94 106.76 108.49 110.13 111.66 113.09 114.39 115.56 116.59 117.47 118.21 118.81 119.27 119.60 119.91 120.26 120.66 121.11 121.61 122.16 122.75 123.33 123.90 124.45 124.99 125.51 126.01 126.49 126.95
89.70 84.30 79.46 75.25 71.69 68.74 66.41 64.57 63.04 61.77 60.73 59.92 59.34 58.97 58.81 58.84 59.06 59.46 60.03 60.76 61.64 62.66 63.82 65.10 66.50 68.01 69.62 71.32 73.09 74.94 76.86 78.82 80.84 82.89 84.97 87.06 89.17 91.28 93.38 95.47 97.53 99.55 101.53 103.46 105.33 107.13 108.86 110.49 112.03 113.46 114.78 115.98 117.04 117.96 118.73 119.36 119.85 120.21 120.54 120.92 121.35 121.83 122.35 122.92 123.49 124.04 124.58 125.10 125.60 126.09 126.56 127.02 127.46
94.70 89.35 84.56 80.42 76.93 74.06 71.71 69.69 67.93 66.43 65.17 64.15 63.36 62.79 62.43 62.27 62.30 62.52 62.92 63.48 64.19 65.06 66.07 67.21 68.47 69.84 71.32 72.90 74.56 76.30 78.11 79.97 81.90 83.86 85.85 87.88 89.91 91.96 94.00 96.03 98.04 100.03 101.98 103.88 105.72 107.51 109.22 110.84 112.38 113.82 115.15 116.36 117.45 118.40 119.21 119.87 120.39 120.78 121.14 121.54 122.00 122.50 123.05 123.60 124.13 124.65 125.16 125.65 126.13 126.59 127.03 127.46 127.88
100.15 94.85 90.12 86.05 82.63 79.75 77.21 74.94 72.95 71.21 69.73 68.50 67.49 66.71 66.15 65.80 65.64 65.68 65.90 66.28 66.84 67.54 68.40 69.39 70.50 71.74 73.09 74.54 76.08 77.70 79.40 81.17 82.99 84.87 86.78 88.72 90.68 92.66 94.64 96.61 98.58 100.52 102.42 104.29 106.11 107.87 109.56 111.18 112.72 114.16 115.49 116.72 117.83 118.80 119.64 120.34 120.89 121.30 121.69 122.12 122.61 123.13 123.66 124.18 124.68 125.17 125.65 126.11 126.56 127.00 127.42 127.83 128.22
106.06 100.82 96.16 92.16 88.72 85.63 82.84 80.33 78.09 76.13 74.42 72.96 71.74 70.75 69.99 69.43 69.09 68.93 68.97 69.18 69.57 70.11 70.80 71.64 72.61 73.71 74.92 76.24 77.66 79.16 80.75 82.41 84.14 85.91 87.73 89.59 91.48 93.38 95.30 97.21 99.12 101.01 102.88 104.71 106.50 108.23 109.91 111.51 113.03 114.47 115.81 117.05 118.17 119.17 120.04 120.76 121.34 121.79 122.20 122.67 123.17 123.68 124.18 124.67 125.14 125.60 126.05 126.49 126.91 127.33 127.73 128.11 128.49
112.45 107.28 102.68 98.65 95.00 91.65 88.60 85.84 83.37 81.17 79.23 77.54 76.10 74.90 73.93 73.17 72.63 72.28 72.13 72.17 72.38 72.75 73.29 73.97 74.79 75.74 76.81 78.00 79.29 80.68 82.15 83.70 85.32 87.00 88.73 90.50 92.30 94.13 95.98 97.83 99.68 101.52 103.34 105.13 106.88 108.59 110.24 111.82 113.34 114.77 116.11 117.35 118.48 119.50 120.39 121.14 121.76 122.23 122.67 123.16 123.65 124.13 124.60 125.06 125.50 125.94 126.36 126.78 127.18 127.57 127.95 128.32 128.68
119.34 114.22 109.59 105.34 101.42 97.81 94.50 91.50 88.77 86.33 84.15 82.24 80.58 79.16 77.97 77.01 76.27 75.73 75.39 75.24 75.28 75.48 75.85 76.37 77.04 77.84 78.77 79.82 80.98 82.24 83.59 85.03 86.54 88.12 89.75 91.43 93.15 94.90 96.68 98.46 100.25 102.03 103.80 105.55 107.26 108.93 110.56 112.12 113.62 115.04 116.38 117.62 118.76 119.79 120.70 121.48 122.12 122.63 123.09 123.56 124.02 124.48 124.92 125.35 125.77 126.18 126.59 126.98 127.36 127.74 128.10 128.45 128.79
126.71 121.59 116.73 112.21 108.01 104.13 100.57 97.30 94.33 91.64 89.23 87.08 85.19 83.55 82.15 80.98 80.03 79.30 78.77 78.43 78.28 78.31 78.51 78.87 79.38 80.03 80.81 81.72 82.75 83.88 85.11 86.43 87.83 89.30 90.83 92.42 94.05 95.72 97.42 99.13 100.85 102.57 104.29 105.99 107.66 109.30 110.89 112.43 113.91 115.32 116.65 117.89 119.03 120.07 121.00 121.80 122.47 122.99 123.44 123.88 124.31 124.74 125.15 125.56 125.96 126.35 126.73 127.10 127.47 127.82 128.17 128.51 128.84
