data_processed/recharge/precip/Precip_1992_06.asc
ncols        168
nrows        136
xllcorner    455000
yllcorner    2107000
cellsize     500
NODATA_value     -99999
[rows 102 to 135 of 136, columns 77 to 153 of 168]
11.61 13.35 15.18 17.09 19.07 21.15 23.30 25.55 27.87 30.29 32.75 35.16 37.51 39.79 42.00 44.15 46.24 48.27 50.24 52.16 54.03 55.85 57.62 59.35 61.04 62.68 64.29 65.86 67.40 68.91 70.39 71.84 73.27 74.68 76.06 77.44 78.81 80.18 81.54 82.89 84.23 85.56 86.88 88.19 89.49 90.77 92.04 93.29 94.52 95.73 96.92 98.10 99.25 100.38 101.48 102.56 103.62 104.64 105.64 106.63 107.63 108.67 109.73 110.82 111.93 113.05 114.18 115.32 116.45 117.59 118.71 119.82 120.92 121.99 123.04 124.05 125.03
14.46 16.29 18.20 20.20 22.28 24.44 26.70 29.04 31.47 33.95 36.39 38.75 41.05 43.29 45.46 47.57 49.63 51.63 53.58 55.48 57.33 59.14 60.90 62.62 64.31 65.95 67.56 69.14 70.69 72.21 73.71 75.18 76.64 78.07 79.49 80.90 82.30 83.70 85.08 86.46 87.83 89.19 90.53 91.86 93.17 94.47 95.76 97.02 98.27 99.49 100.70 101.88 103.04 104.17 105.28 106.36 107.42 108.45 109.44 110.41 111.36 112.33 113.32 114.34 115.39 116.44 117.51 118.59 119.67 120.75 121.82 122.87 123.92 124.94 125.93 126.90 127.83
17.55 19.46 21.46 23.55 25.72 27.99 30.34 32.78 35.28 37.73 40.11 42.43 44.68 46.88 49.01 51.09 53.12 55.10 57.02 58.90 60.74 62.53 64.28 66.00 67.68 69.33 70.94 72.53 74.09 75.63 77.14 78.64 80.12 81.58 83.04 84.48 85.91 87.34 88.76 90.16 91.56 92.94 94.31 95.66 96.99 98.31 99.61 100.89 102.15 103.39 104.61 105.80 106.97 108.11 109.23 110.31 111.37 112.40 113.40 114.36 115.30 116.21 117.14 118.09 119.06 120.06 121.06 122.08 123.10 124.12 125.13 126.13 127.12 128.09 129.04 129.95 130.84
20.87 22.87 24.96 27.14 29.41 31.77 34.23 36.73 39.19 41.59 43.92 46.19 48.40 50.56 52.66 54.71 56.71 58.66 60.56 62.42 64.24 66.02 67.77 69.48 71.16 72.81 74.43 76.03 77.60 79.16 80.69 82.21 83.72 85.22 86.70 88.18 89.65 91.11 92.56 93.99 95.41 96.82 98.21 99.59 100.95 102.29 103.61 104.90 106.18 107.44 108.66 109.87 111.05 112.20 113.32 114.42 115.48 116.51 117.51 118.47 119.41 120.30 121.17 122.06 122.96 123.89 124.83 125.79 126.74 127.70 128.66 129.60 130.54 131.45 132.35 133.22 134.05
24.44 26.53 28.70 30.98 33.34 35.80 38.31 40.78 43.19 45.54 47.82 50.05 52.22 54.33 56.40 58.42 60.39 62.31 64.20 66.04 67.85 69.62 71.36 73.07 74.75 76.40 78.03 79.64 81.23 82.80 84.36 85.91 87.44 88.97 90.49 92.01 93.51 95.00 96.48 97.95 99.40 100.84 102.26 103.66 105.04 106.40 107.74 109.06 110.35 111.62 112.87 114.08 115.27 116.44 117.57 118.67 119.74 120.77 121.78 122.74 123.67 124.57 125.42 126.25 127.09 127.95 128.83 129.71 130.61 131.51 132.40 133.29 134.17 135.03 135.87 136.69 137.48
28.24 30.42 32.69 35.06 37.52 40.04 42.51 44.93 47.28 49.57 51.81 53.99 56.12 58.20 60.24 62.22 64.17 66.07 67.94 69.77 71.56 73.32 75.06 76.76 78.45 80.11 81.74 83.37 84.97 86.56 88.15 89.72 91.28 92.85 94.40 95.96 97.50 99.03 100.54 102.04 103.52 104.99 106.43 107.86 109.27 110.65 112.01 113.35 114.67 115.95 117.21 118.45 119.65 120.82 121.96 123.07 124.15 125.19 126.20 127.17 128.10 128.99 129.85 130.66 131.45 132.24 133.05 133.87 134.70 135.53 136.37 137.20 138.02 138.83 139.61 140.38 141.12
32.29 34.56 36.93 39.39 41.90 44.38 46.80 49.16 51.46 53.70 55.89 58.03 60.12 62.17 64.17 66.13 68.05 69.93 71.78 73.59 75.38 77.13 78.86 80.57 82.26 83.92 85.57 87.21 88.83 90.44 92.05 93.65 95.25 96.84 98.44 100.03 101.61 103.18 104.73 106.26 107.77 109.27 110.75 112.20 113.63 115.04 116.43 117.79 119.12 120.43 121.71 122.96 124.17 125.36 126.51 127.63 128.72 129.77 130.78 131.75 132.69 133.58 134.44 135.25 136.02 136.75 137.49 138.25 139.02 139.79 140.56 141.33 142.09 142.84 143.58 144.29 144.97
36.59 38.95 41.40 43.92 46.40 48.81 51.17 53.48 55.72 57.92 60.07 62.17 64.22 66.23 68.20 70.13 72.03 73.89 75.72 77.53 79.30 81.05 82.78 84.49 86.18 87.85 89.51 91.16 92.81 94.44 96.07 97.70 99.33 100.97 102.61 104.24 105.86 107.46 109.05 110.61 112.16 113.69 115.20 116.68 118.14 119.58 120.99 122.37 123.73 125.05 126.35 127.62 128.85 130.05 131.22 132.35 133.44 134.50 135.52 136.50 137.44 138.34 139.19 140.00 140.77 141.49 142.18 142.86 143.56 144.27 144.98 145.69 146.39 147.08 147.76 148.41 149.04
41.13 43.58 46.09 48.56 50.98 53.33 55.64 57.88 60.08 62.23 64.34 66.40 68.41 70.39 72.33 74.24 76.11 77.96 79.77 81.56 83.33 85.08 86.80 88.51 90.21 91.90 93.57 95.24 96.90 98.56 100.22 101.88 103.55 105.22 106.90 108.57 110.23 111.87 113.50 115.10 116.68 118.25 119.78 121.30 122.79 124.25 125.69 127.10 128.48 129.82 131.14 132.43 133.68 134.89 136.08 137.22 138.33 139.39 140.42 141.41 142.35 143.26 144.11 144.93 145.69 146.41 147.08 147.71 148.35 148.99 149.63 150.28 150.92 151.55 152.17 152.76 153.24
45.92 48.41 50.88 53.29 55.64 57.94 60.19 62.38 64.53 66.64 68.70 70.72 72.70 74.65 76.56 78.45 80.30 82.13 83.93 85.71 87.47 89.21 90.94 92.66 94.36 96.06 97.75 99.43 101.12 102.80 104.49 106.18 107.88 109.59 111.32 113.04 114.74 116.42 118.08 119.72 121.34 122.94 124.51 126.06 127.58 129.07 130.54 131.97 133.37 134.75 136.08 137.39 138.66 139.89 141.09 142.25 143.37 144.45 145.49 146.48 147.43 148.34 149.20 150.02 150.78 151.50 152.17 152.79 153.37 153.94 154.52 155.10 155.68 156.25 156.80 157.24 157.49
50.91 53.36 55.76 58.11 60.40 62.64 64.83 66.97 69.08 71.14 73.16 75.14 77.09 79.01 80.90 82.76 84.59 86.40 88.19 89.96 91.72 93.46 95.19 96.91 98.63 100.33 102.04 103.74 105.45 107.16 108.88 110.61 112.35 114.10 115.86 117.63 119.37 121.10 122.80 124.48 126.14 127.77 129.38 130.96 132.51 134.04 135.53 136.99 138.42 139.82 141.18 142.51 143.80 145.05 146.26 147.44 148.57 149.66 150.71 151.72 152.68 153.59 154.46 155.28 156.05 156.77 157.43 158.05 158.61 159.13 159.65 160.16 160.68 161.17 161.57 161.78 161.78
56.01 58.40 60.73 63.01 65.24 67.42 69.56 71.66 73.71 75.73 77.71 79.66 81.58 83.47 85.33 87.17 88.99 90.79 92.56 94.33 96.08 97.82 99.56 101.28 103.01 104.73 106.45 108.18 109.91 111.65 113.40 115.16 116.94 118.73 120.54 122.36 124.15 125.91 127.66 129.38 131.08 132.75 134.39 136.01 137.59 139.15 140.67 142.16 143.62 145.04 146.43 147.78 149.09 150.36 151.59 152.79 153.93 155.04 156.10 157.12 158.09 159.01 159.89 160.71 161.48 162.20 162.87 163.49 164.05 164.55 165.01 165.46 165.90 166.24 166.39 166.34 166.11
61.20 63.52 65.78 68.00 70.17 72.30 74.39 76.44 78.45 80.42 82.37 84.28 86.17 88.03 89.87 91.69 93.49 95.28 97.05 98.80 100.55 102.30 104.03 105.77 107.51 109.24 110.99 112.73 114.49 116.26 118.04 119.84 121.66 123.50 125.36 127.21 129.05 130.87 132.65 134.42 136.16 137.87 139.55 141.20 142.82 144.40 145.96 147.48 148.97 150.42 151.83 153.20 154.54 155.83 157.08 158.29 159.46 160.58 161.66 162.69 163.67 164.60 165.48 166.31 167.09 167.82 168.49 169.11 169.67 170.17 170.61 171.00 171.27 171.36 171.25 170.95 170.46
66.47 68.72 70.92 73.08 75.20 77.27 79.31 81.31 83.28 85.21 87.12 89.01 90.86 92.70 94.52 96.32 98.10 99.88 101.64 103.39 105.14 106.89 108.63 110.38 112.12 113.88 115.64 117.41 119.20 121.00 122.82 124.65 126.51 128.39 130.30 132.21 134.09 135.95 137.79 139.60 141.37 143.12 144.84 146.53 148.19 149.81 151.40 152.95 154.47 155.95 157.39 158.79 160.15 161.46 162.74 163.97 165.15 166.29 167.38 168.43 169.42 170.36 171.25 172.09 172.88 173.61 174.28 174.90 175.46 175.96 176.39 176.66 176.69 176.51 176.13 175.58 174.85
71.84 74.02 76.16 78.25 80.31 82.33 84.32 86.28 88.21 90.10 91.98 93.83 95.66 97.47 99.27 101.05 102.82 104.59 106.34 108.09 109.84 111.59 113.34 115.10 116.86 118.64 120.42 122.22 124.03 125.86 127.72 129.59 131.49 133.42 135.38 137.34 139.27 141.18 143.06 144.91 146.74 148.53 150.29 152.02 153.71 155.37 156.99 158.58 160.12 161.63 163.10 164.53 165.91 167.25 168.55 169.80 171.01 172.16 173.27 174.33 175.34 176.29 177.20 178.05 178.84 179.58 180.26 180.88 181.44 181.93 182.26 182.32 182.12 181.69 181.05 180.24 179.28
77.28 79.40 81.48 83.52 85.52 87.49 89.43 91.35 93.23 95.09 96.94 98.76 100.56 102.35 104.13 105.90 107.66 109.41 111.16 112.91 114.66 116.42 118.18 119.95 121.72 123.52 125.32 127.15 128.99 130.86 132.75 134.66 136.61 138.59 140.59 142.60 144.59 146.55 148.48 150.37 152.24 154.08 155.88 157.65 159.38 161.07 162.73 164.35 165.93 167.47 168.97 170.43 171.84 173.21 174.53 175.80 177.03 178.21 179.33 180.41 181.43 182.40 183.32 184.18 184.98 185.72 186.41 187.04 187.59 187.98 188.10 187.95 187.54 186.88 186.00 184.94 183.73
82.77 84.87 86.89 88.88 90.83 92.75 94.64 96.51 98.36 100.19 102.00 103.79 105.57 107.34 109.10 110.85 112.60 114.35 116.09 117.84 119.60 121.36 123.13 124.91 126.71 128.52 130.35 132.20 134.08 135.98 137.91 139.87 141.86 143.89 145.95 148.01 150.05 152.05 154.03 155.98 157.89 159.77 161.62 163.43 165.20 166.93 168.63 170.29 171.90 173.47 175.00 176.49 177.93 179.32 180.67 181.97 183.22 184.42 185.56 186.66 187.70 188.68 189.61 190.48 191.30 192.05 192.75 193.37 193.82 194.00 193.90 193.53 192.91 192.05 190.96 189.66 188.20
88.23 90.39 92.40 94.33 96.23 98.10 99.95 101.78 103.59 105.38 107.16 108.93 110.68 112.43 114.17 115.91 117.65 119.39 121.14 122.89 124.65 126.42 128.20 130.00 131.82 133.65 135.51 137.39 139.30 141.24 143.20 145.21 147.24 149.32 151.44 153.55 155.64 157.70 159.73 161.73 163.69 165.61 167.50 169.36 171.17 172.95 174.68 176.37 178.03 179.63 181.20 182.71 184.18 185.61 186.98 188.30 189.58 190.80 191.96 193.08 194.14 195.14 196.08 196.97 197.79 198.56 199.25 199.77 200.01 199.96 199.65 199.07 198.24 197.18 195.89 194.40 192.71
93.67 95.88 97.95 99.88 101.73 103.56 105.36 107.15 108.92 110.68 112.43 114.17 115.91 117.64 119.36 121.09 122.82 124.56 126.30 128.06 129.82 131.60 133.40 135.21 137.05 138.91 140.79 142.70 144.65 146.62 148.63 150.68 152.77 154.89 157.06 159.24 161.38 163.50 165.58 167.62 169.63 171.61 173.54 175.44 177.30 179.11 180.89 182.62 184.31 185.95 187.55 189.10 190.60 192.05 193.45 194.81 196.10 197.35 198.54 199.67 200.75 201.77 202.73 203.63 204.47 205.24 205.83 206.13 206.14 205.88 205.35 204.56 203.53 202.27 200.79 199.11 197.23
99.09 101.35 103.48 105.47 107.32 109.11 110.87 112.62 114.36 116.09 117.81 119.53 121.24 122.95 124.67 126.38 128.11 129.84 131.59 133.34 135.12 136.91 138.72 140.55 142.41 144.29 146.20 148.15 150.13 152.14 154.20 156.29 158.43 160.61 162.83 165.06 167.27 169.43 171.57 173.66 175.72 177.75 179.73 181.67 183.58 185.44 187.25 189.02 190.75 192.43 194.06 195.65 197.18 198.67 200.10 201.48 202.80 204.07 205.29 206.44 207.54 208.58 209.56 210.48 211.32 211.98 212.35 212.43 212.22 211.73 210.99 210.00 208.77 207.31 205.64 203.77 201.72
104.50 106.81 108.99 111.04 112.96 114.76 116.48 118.20 119.90 121.60 123.30 124.99 126.68 128.38 130.08 131.79 133.51 135.24 136.99 138.75 140.53 142.34 144.16 146.01 147.89 149.80 151.75 153.73 155.74 157.80 159.89 162.04 164.22 166.46 168.74 171.03 173.29 175.52 177.71 179.86 181.97 184.04 186.07 188.06 190.01 191.92 193.77 195.59 197.36 199.07 200.74 202.36 203.93 205.45 206.91 208.32 209.67 210.97 212.21 213.39 214.51 215.57 216.57 217.49 218.23 218.67 218.81 218.66 218.23 217.53 216.58 215.38 213.95 212.30 210.45 208.40 206.16
109.89 112.25 114.49 116.60 118.59 120.45 122.20 123.88 125.55 127.22 128.89 130.56 132.24 133.92 135.61 137.31 139.03 140.76 142.51 144.28 146.07 147.89 149.73 151.60 153.51 155.45 157.42 159.44 161.49 163.59 165.73 167.92 170.16 172.45 174.80 177.15 179.47 181.75 183.99 186.20 188.36 190.49 192.57 194.61 196.60 198.55 200.46 202.31 204.12 205.88 207.59 209.25 210.85 212.40 213.89 215.33 216.72 218.04 219.31 220.51 221.66 222.74 223.75 224.57 225.08 225.29 225.20 224.82 224.18 223.26 222.10 220.71 219.08 217.24 215.20 212.97 210.56
115.28 117.69 119.98 122.15 124.21 126.15 127.96 129.66 131.31 132.95 134.60 136.25 137.91 139.58 141.26 142.95 144.67 146.40 148.15 149.93 151.73 153.57 155.43 157.32 159.25 161.22 163.23 165.28 167.37 169.51 171.70 173.94 176.24 178.59 180.99 183.41 185.79 188.13 190.43 192.69 194.91 197.09 199.22 201.31 203.35 205.35 207.30 209.20 211.05 212.85 214.60 216.29 217.94 219.52 221.05 222.52 223.94 225.29 226.58 227.82 228.99 230.08 230.98 231.58 231.86 231.83 231.51 230.92 230.05 228.93 227.57 225.97 224.15 222.12 219.90 217.50 214.92
120.67 123.12 125.46 127.69 129.81 131.82 133.72 135.50 137.17 138.79 140.41 142.05 143.69 145.35 147.02 148.71 150.43 152.16 153.92 155.71 157.52 159.37 161.26 163.17 165.13 167.13 169.17 171.26 173.39 175.58 177.82 180.11 182.46 184.87 187.34 189.81 192.25 194.65 197.01 199.33 201.61 203.84 206.03 208.17 210.26 212.31 214.30 216.25 218.15 219.99 221.78 223.51 225.19 226.81 228.38 229.89 231.33 232.72 234.04 235.30 236.48 237.47 238.15 238.50 238.54 238.29 237.75 236.93 235.85 234.53 232.96 231.16 229.16 226.95 224.54 221.96 219.22
126.07 128.55 130.94 133.23 135.41 137.49 139.47 141.33 143.09 144.74 146.34 147.96 149.59 151.24 152.90 154.59 156.31 158.04 159.81 161.61 163.44 165.31 167.21 169.15 171.14 173.17 175.25 177.38 179.55 181.79 184.07 186.42 188.82 191.29 193.82 196.37 198.87 201.33 203.75 206.13 208.46 210.75 212.99 215.19 217.33 219.43 221.47 223.47 225.41 227.29 229.12 230.90 232.62 234.28 235.88 237.42 238.90 240.32 241.68 242.95 244.03 244.79 245.22 245.34 245.15 244.66 243.90 242.87 241.58 240.05 238.28 236.29 234.10 231.70 229.12 226.37 223.46
131.47 133.99 136.42 138.77 141.01 143.16 145.21 147.16 149.00 150.74 152.38 153.99 155.61 157.24 158.91 160.59 162.31 164.05 165.83 167.64 169.48 171.37 173.30 175.27 177.28 179.35 181.46 183.63 185.85 188.13 190.47 192.87 195.33 197.86 200.46 203.07 205.64 208.16 210.64 213.08 215.47 217.82 220.12 222.36 224.56 226.71 228.80 230.85 232.83 234.77 236.64 238.46 240.22 241.92 243.56 245.14 246.65 248.10 249.48 250.65 251.50 252.01 252.20 252.08 251.66 250.95 249.97 248.72 247.22 245.49 243.52 241.35 238.96 236.39 233.64 230.72 227.64
136.88 139.44 141.92 144.31 146.61 148.83 150.95 152.98 154.92 156.75 158.48 160.13 161.74 163.37 165.03 166.71 168.43 170.18 171.97 173.79 175.66 177.56 179.52 181.51 183.56 185.66 187.81 190.02 192.29 194.62 197.01 199.47 201.99 204.58 207.25 209.92 212.55 215.14 217.69 220.19 222.64 225.04 227.40 229.70 231.95 234.15 236.30 238.39 240.43 242.41 244.33 246.19 247.99 249.74 251.42 253.03 254.58 256.06 257.32 258.26 258.86 259.13 259.08 258.72 258.07 257.14 255.94 254.49 252.78 250.85 248.69 246.32 243.76 241.01 238.08 234.99 231.76
142.31 144.91 147.42 149.86 152.22 154.50 156.70 158.80 160.82 162.75 164.59 166.33 167.99 169.62 171.27 172.96 174.68 176.44 178.24 180.08 181.96 183.89 185.87 187.89 189.97 192.11 194.30 196.56 198.87 201.25 203.69 206.21 208.79 211.45 214.18 216.92 219.62 222.28 224.89 227.45 229.97 232.43 234.84 237.20 239.51 241.77 243.97 246.11 248.19 250.22 252.19 254.10 255.94 257.73 259.45 261.10 262.68 264.05 265.08 265.76 266.11 266.14 265.85 265.26 264.39 263.24 261.83 260.16 258.26 256.12 253.77 251.22 248.47 245.55 242.45 239.20 235.81
147.77 150.39 152.94 155.43 157.84 160.18 162.45 164.63 166.74 168.76 170.70 172.54 174.30 175.98 177.64 179.33 181.06 182.83 184.64 186.49 188.40 190.35 192.35 194.41 196.53 198.70 200.93 203.23 205.59 208.02 210.52 213.10 215.74 218.47 221.27 224.08 226.85 229.57 232.25 234.88 237.45 239.98 242.45 244.87 247.23 249.54 251.80 253.99 256.13 258.21 260.22 262.18 264.07 265.90 267.66 269.34 270.81 271.94 272.72 273.15 273.25 273.04 272.52 271.70 270.61 269.24 267.61 265.74 263.64 261.31 258.77 256.03 253.11 250.01 246.75 243.34 239.79
153.25 155.90 158.49 161.02 163.48 165.88 168.21 170.47 172.66 174.77 176.80 178.76 180.63 182.42 184.13 185.83 187.56 189.34 191.17 193.04 194.96 196.94 198.97 201.06 203.21 205.43 207.70 210.05 212.46 214.94 217.50 220.13 222.84 225.63 228.50 231.39 234.23 237.02 239.77 242.46 245.10 247.69 250.22 252.70 255.12 257.49 259.80 262.05 264.24 266.37 268.43 270.43 272.37 274.25 276.04 277.62 278.84 279.71 280.23 280.42 280.28 279.83 279.08 278.03 276.72 275.14 273.30 271.23 268.92 266.40 263.68 260.76 257.66 254.39 250.97 247.40 243.69
158.77 161.44 164.06 166.63 169.14 171.60 173.99 176.32 178.59 180.79 182.92 184.97 186.96 188.86 190.69 192.45 194.19 195.99 197.83 199.72 201.67 203.67 205.73 207.86 210.04 212.30 214.62 217.01 219.47 222.01 224.62 227.32 230.09 232.95 235.90 238.85 241.77 244.63 247.44 250.20 252.91 255.56 258.16 260.70 263.18 265.60 267.97 270.27 272.52 274.70 276.82 278.87 280.85 282.76 284.45 285.78 286.75 287.36 287.63 287.57 287.19 286.50 285.52 284.26 282.72 280.93 278.89 276.61 274.11 271.40 268.49 265.39 262.12 258.69 255.10 251.37 247.52
164.32 167.01 169.67 172.27 174.83 177.34 179.79 182.19 184.54 186.82 189.04 191.20 193.29 195.31 197.26 199.14 200.95 202.76 204.62 206.53 208.50 210.53 212.63 214.79 217.01 219.31 221.67 224.11 226.63 229.22 231.90 234.65 237.50 240.43 243.44 246.47 249.46 252.39 255.28 258.10 260.88 263.59 266.26 268.86 271.40 273.89 276.31 278.67 280.97 283.21 285.38 287.48 289.50 291.30 292.74 293.81 294.52 294.87 294.89 294.59 293.97 293.05 291.85 290.36 288.61 286.61 284.36 281.89 279.20 276.30 273.21 269.94 266.49 262.89 259.15 255.27 251.27
169.91 172.63 175.31 177.95 180.55 183.11 185.62 188.09 190.51 192.87 195.18 197.44 199.64 201.77 203.84 205.85 207.78 209.66 211.54 213.48 215.48 217.54 219.66 221.86 224.12 226.46 228.87 231.36 233.93 236.59 239.32 242.14 245.05 248.06 251.15 254.25 257.31 260.32 263.27 266.17 269.01 271.80 274.52 277.19 279.80 282.34 284.83 287.25 289.60 291.89 294.12 296.26 298.17 299.72 300.89 301.70 302.15 302.25 302.03 301.48 300.63 299.48 298.05 296.35 294.38 292.17 289.73 287.06 284.18 281.09 277.82 274.38 270.77 267.01 263.10 259.07 254.93
175.55 178.28 180.99 183.66 186.31 188.91 191.48 194.02 196.50 198.95 201.35 203.70 206.00 208.24 210.43 212.56 214.64 216.64 218.60 220.56 222.59 224.68 226.84 229.07 231.38 233.76 236.22 238.76 241.39 244.10 246.90 249.78 252.76 255.84 259.00 262.19 265.33 268.41 271.43 274.40 277.31 280.17 282.96 285.69 288.36 290.97 293.52 296.00 298.41 300.76 303.02 305.06 306.72 308.00 308.90 309.45 309.64 309.50 309.03 308.24 307.16 305.78 304.13 302.21 300.04 297.62 294.98 292.12 289.05 285.78 282.34 278.72 274.94 271.02 266.97 262.79 258.50
