data_processed/recharge/precip/Precip_2008_01.asc
ncols        168
nrows        136
xllcorner    455000
yllcorner    2107000
cellsize     500
NODATA_value     -99999
[rows 76 to 113 of 136, columns 0 to 83 of 168]
3.36 3.26 3.16 3.05 2.95 2.83 2.72 2.59 2.47 2.34 2.21 2.07 1.94 1.80 1.67 1.54 1.41 1.28 1.15 1.03 0.92 0.81 0.73 0.68 0.65 0.64 0.63 0.60 0.57 0.53 0.49 0.45 0.42 0.39 0.36 0.33 0.30 0.28 0.25 0.23 0.20 0.18 0.16 0.13 0.11 0.08 0.06 0.03 0.02 0.01 0.01 0.01 0.01 0.01 0.01 0.01 0.01 0.01 0.01 0.01 0.01 0.01 0.01 0.01 0.01 0.01 0.01 0.01 0.01 0.01 0.01 0.01 0.01 0.01 0.01 0.01 0.01 0.01 0.01 0.00 0.00 0.00 0.00 0.00
3.46 3.37 3.28 3.18 3.08 2.97 2.85 2.73 2.61 2.48 2.35 2.22 2.09 1.95 1.82 1.68 1.55 1.42 1.30 1.17 1.05 0.94 0.84 0.76 0.71 0.68 0.64 0.60 0.55 0.50 0.46 0.42 0.38 0.35 0.32 0.29 0.26 0.24 0.22 0.20 0.18 0.16 0.14 0.12 0.10 0.08 0.06 0.04 0.02 0.02 0.01 0.01 0.01 0.01 0.01 0.01 0.01 0.01 0.01 0.01 0.01 0.01 0.01 0.01 0.01 0.01 0.01 0.01 0.01 0.01 0.01 0.01 0.01 0.01 0.01 0.01 0.01 0.01 0.01 0.01 0.00 0.00 0.00 0.00
3.54 3.46 3.37 3.28 3.19 3.08 2.97 2.85 2.73 2.61 2.48 2.35 2.22 2.08 1.95 1.82 1.68 1.55 1.42 1.30 1.18 1.06 0.95 0.85 0.77 0.72 0.67 0.60 0.54 0.49 0.44 0.40 0.35 0.32 0.29 0.26 0.23 0.21 0.18 0.16 0.15 0.13 0.12 0.10 0.09 0.07 0.06 0.04 0.03 0.02 0.02 0.02 0.02 0.02 0.01 0.01 0.01 0.01 0.01 0.01 0.01 0.01 0.01 0.01 0.01 0.01 0.01 0.01 0.01 0.01 0.01 0.01 0.01 0.01 0.01 0.01 0.01 0.01 0.01 0.01 0.01 0.01 0.01 0.00
3.59 3.52 3.44 3.36 3.27 3.17 3.06 2.95 2.83 2.71 2.58 2.46 2.33 2.19 2.06 1.93 1.80 1.66 1.54 1.41 1.29 1.17 1.05 0.94 0.85 0.77 0.69 0.62 0.55 0.49 0.44 0.39 0.34 0.30 0.26 0.23 0.20 0.18 0.16 0.14 0.12 0.11 0.09 0.08 0.07 0.06 0.05 0.04 0.04 0.03 0.02 0.02 0.02 0.02 0.02 0.02 0.02 0.02 0.01 0.01 0.01 0.01 0.01 0.01 0.01 0.01 0.01 0.01 0.01 0.01 0.01 0.01 0.01 0.01 0.01 0.01 0.01 0.01 0.01 0.01 0.01 0.01 0.01 0.01
3.61 3.55 3.48 3.41 3.32 3.22 3.12 3.02 2.90 2.79 2.66 2.54 2.41 2.28 2.15 2.02 1.89 1.76 1.63 1.50 1.38 1.26 1.14 1.03 0.93 0.83 0.74 0.66 0.58 0.51 0.45 0.39 0.34 0.29 0.25 0.22 0.19 0.16 0.14 0.12 0.10 0.09 0.07 0.06 0.06 0.05 0.05 0.04 0.04 0.03 0.03 0.03 0.03 0.02 0.02 0.02 0.02 0.02 0.02 0.02 0.02 0.01 0.01 0.01 0.01 0.01 0.01 0.02 0.02 0.02 0.02 0.02 0.02 0.02 0.02 0.02 0.02 0.02 0.02 0.02 0.02 0.02 0.02 0.02
3.58 3.49 3.43 3.36 3.29 3.20 3.11 3.01 2.91 2.80 2.68 2.57 2.44 2.32 2.20 2.07 1.94 1.82 1.69 1.57 1.45 1.33 1.22 1.11 1.00 0.90 0.80 0.71 0.62 0.54 0.47 0.41 0.35 0.30 0.25 0.21 0.18 0.15 0.12 0.10 0.08 0.07 0.06 0.05 0.04 0.04 0.04 0.03 0.04 0.04 0.04 0.04 0.03 0.03 0.03 0.02 0.02 0.02 0.02 0.02 0.02 0.02 0.02 0.02 0.02 0.02 0.02 0.02 0.02 0.02 0.02 0.02 0.02 0.02 0.03 0.03 0.03 0.03 0.03 0.03 0.03 0.03 0.03 0.02
3.52 3.30 3.22 3.17 3.11 3.04 2.97 2.89 2.80 2.70 2.61 2.50 2.40 2.29 2.17 2.06 1.95 1.83 1.72 1.61 1.50 1.39 1.29 1.19 1.08 0.98 0.87 0.77 0.67 0.59 0.51 0.43 0.37 0.31 0.26 0.21 0.17 0.14 0.11 0.09 0.07 0.05 0.04 0.03 0.03 0.02 0.02 0.03 0.03 0.04 0.05 0.05 0.04 0.04 0.04 0.03 0.03 0.03 0.03 0.03 0.02 0.02 0.02 0.02 0.02 0.02 0.02 0.02 0.02 0.03 0.03 0.03 0.03 0.03 0.03 0.03 0.04 0.04 0.04 0.04 0.04 0.03 0.03 0.03
3.44 3.09 2.89 2.83 2.80 2.76 2.71 2.65 2.59 2.52 2.44 2.36 2.28 2.19 2.10 2.01 1.91 1.82 1.73 1.64 1.55 1.46 1.37 1.27 1.16 1.05 0.95 0.84 0.73 0.64 0.55 0.47 0.39 0.33 0.27 0.22 0.18 0.14 0.10 0.08 0.05 0.04 0.03 0.02 0.01 0.01 0.01 0.02 0.03 0.04 0.05 0.06 0.06 0.06 0.05 0.05 0.04 0.04 0.04 0.04 0.03 0.03 0.03 0.03 0.03 0.03 0.03 0.03 0.03 0.03 0.03 0.04 0.04 0.04 0.04 0.04 0.04 0.04 0.04 0.04 0.04 0.04 0.04 0.04
3.36 2.88 2.56 2.40 2.36 2.36 2.34 2.32 2.28 2.25 2.20 2.15 2.10 2.04 1.99 1.92 1.86 1.79 1.73 1.66 1.60 1.54 1.45 1.35 1.25 1.14 1.03 0.91 0.81 0.70 0.60 0.51 0.43 0.36 0.29 0.23 0.18 0.14 0.10 0.07 0.05 0.03 0.01 0.00 0.00 0.00 0.00 0.01 0.02 0.04 0.06 0.07 0.08 0.07 0.07 0.06 0.06 0.06 0.05 0.05 0.05 0.04 0.04 0.04 0.04 0.04 0.04 0.04 0.04 0.04 0.04 0.04 0.05 0.05 0.05 0.05 0.05 0.05 0.05 0.05 0.05 0.05 0.05 0.05
3.28 2.68 2.25 1.98 1.86 1.86 1.88 1.90 1.91 1.91 1.91 1.90 1.89 1.87 1.85 1.82 1.80 1.77 1.74 1.71 1.68 1.62 1.54 1.44 1.33 1.22 1.10 0.99 0.88 0.77 0.66 0.56 0.47 0.39 0.32 0.25 0.20 0.15 0.11 0.07 0.04 0.02 0.00 0.00 0.00 0.00 0.00 0.00 0.02 0.04 0.06 0.08 0.09 0.09 0.09 0.08 0.08 0.07 0.07 0.06 0.06 0.06 0.05 0.05 0.05 0.05 0.05 0.05 0.05 0.05 0.05 0.05 0.06 0.06 0.06 0.06 0.06 0.06 0.06 0.06 0.06 0.06 0.06 0.06
3.19 2.49 1.97 1.60 1.38 1.32 1.35 1.42 1.48 1.53 1.57 1.61 1.65 1.67 1.70 1.72 1.74 1.76 1.77 1.78 1.76 1.70 1.62 1.52 1.41 1.30 1.18 1.07 0.96 0.84 0.73 0.62 0.52 0.43 0.35 0.28 0.22 0.16 0.11 0.07 0.04 0.02 0.00 0.00 0.00 0.00 0.00 0.00 0.02 0.04 0.06 0.08 0.10 0.11 0.11 0.11 0.10 0.09 0.09 0.08 0.08 0.07 0.07 0.07 0.06 0.06 0.06 0.06 0.06 0.06 0.06 0.06 0.06 0.07 0.07 0.07 0.07 0.07 0.07 0.07 0.07 0.07 0.07 0.06
3.10 2.32 1.70 1.25 0.96 0.81 0.80 0.89 1.00 1.11 1.21 1.31 1.39 1.48 1.56 1.63 1.70 1.77 1.83 1.86 1.84 1.79 1.71 1.61 1.50 1.38 1.27 1.15 1.03 0.92 0.80 0.69 0.58 0.48 0.39 0.31 0.24 0.18 0.13 0.08 0.05 0.02 0.00 0.00 0.00 0.00 0.00 0.00 0.01 0.04 0.06 0.09 0.11 0.12 0.12 0.13 0.12 0.11 0.11 0.10 0.09 0.09 0.08 0.08 0.07 0.07 0.07 0.07 0.07 0.07 0.07 0.07 0.07 0.07 0.08 0.08 0.08 0.08 0.08 0.08 0.08 0.08 0.07 0.07
3.01 2.15 1.47 0.95 0.59 0.37 0.30 0.35 0.50 0.67 0.84 0.99 1.15 1.29 1.43 1.57 1.71 1.83 1.91 1.94 1.92 1.87 1.79 1.69 1.58 1.46 1.35 1.23 1.11 0.99 0.88 0.76 0.65 0.54 0.44 0.35 0.27 0.20 0.15 0.09 0.05 0.02 0.00 0.00 0.00 0.00 0.00 0.00 0.01 0.03 0.06 0.09 0.11 0.13 0.14 0.14 0.14 0.14 0.13 0.12 0.11 0.10 0.10 0.09 0.09 0.08 0.08 0.08 0.08 0.08 0.08 0.08 0.08 0.08 0.08 0.09 0.09 0.09 0.09 0.09 0.08 0.08 0.08 0.08
2.91 2.00 1.26 0.69 0.27 0.01 0.00 0.00 0.01 0.22 0.46 0.69 0.92 1.13 1.35 1.55 1.75 1.89 1.98 2.01 2.00 1.95 1.87 1.77 1.66 1.54 1.42 1.31 1.19 1.07 0.95 0.83 0.72 0.60 0.50 0.40 0.31 0.24 0.17 0.11 0.07 0.03 0.00 0.00 0.00 0.00 0.00 0.00 0.00 0.03 0.06 0.09 0.11 0.13 0.14 0.15 0.16 0.15 0.15 0.14 0.13 0.12 0.11 0.10 0.10 0.09 0.09 0.08 0.08 0.08 0.09 0.09 0.09 0.09 0.09 0.09 0.09 0.09 0.09 0.09 0.09 0.09 0.09 0.09
2.81 1.86 1.08 0.47 0.02 0.00 0.00 0.00 0.00 0.00 0.11 0.42 0.72 1.02 1.31 1.58 1.80 1.95 2.04 2.08 2.07 2.02 1.94 1.85 1.74 1.62 1.50 1.38 1.26 1.14 1.02 0.90 0.79 0.67 0.56 0.45 0.36 0.27 0.20 0.14 0.08 0.04 0.01 0.00 0.00 0.00 0.00 0.00 0.00 0.03 0.06 0.09 0.11 0.13 0.15 0.16 0.17 0.17 0.16 0.15 0.14 0.13 0.12 0.11 0.11 0.10 0.10 0.09 0.09 0.09 0.09 0.10 0.10 0.10 0.10 0.10 0.10 0.10 0.10 0.10 0.10 0.10 0.10 0.09
2.70 1.73 0.92 0.29 0.00 0.00 0.00 0.00 0.00 0.00 0.00 0.18 0.57 0.95 1.32 1.62 1.85 2.01 2.10 2.14 2.14 2.09 2.02 1.92 1.81 1.69 1.58 1.46 1.33 1.21 1.09 0.97 0.86 0.74 0.63 0.52 0.41 0.32 0.24 0.17 0.11 0.06 0.02 0.00 0.00 0.00 0.00 0.00 0.00 0.02 0.06 0.09 0.11 0.14 0.15 0.16 0.17 0.17 0.17 0.17 0.16 0.15 0.13 0.12 0.11 0.11 0.10 0.10 0.10 0.10 0.10 0.10 0.11 0.11 0.11 0.11 0.11 0.11 0.11 0.11 0.11 0.11 0.10 0.10
2.60 1.61 0.80 0.15 0.00 0.00 0.00 0.00 0.00 0.00 0.00 0.02 0.48 0.95 1.35 1.66 1.89 2.06 2.15 2.20 2.20 2.16 2.08 1.99 1.88 1.77 1.65 1.53 1.41 1.28 1.16 1.04 0.92 0.81 0.69 0.58 0.47 0.37 0.28 0.20 0.13 0.08 0.03 0.00 0.00 0.00 0.00 0.00 0.00 0.02 0.05 0.08 0.11 0.13 0.15 0.16 0.17 0.18 0.18 0.17 0.17 0.16 0.14 0.13 0.12 0.11 0.11 0.11 0.11 0.11 0.11 0.11 0.11 0.11 0.12 0.12 0.12 0.12 0.12 0.12 0.11 0.11 0.11 0.11
2.49 1.50 0.70 0.06 0.00 0.00 0.00 0.00 0.00 0.00 0.00 0.00 0.48 0.96 1.37 1.69 1.93 2.10 2.20 2.25 2.25 2.22 2.15 2.06 1.95 1.83 1.71 1.59 1.47 1.35 1.23 1.11 0.99 0.87 0.76 0.64 0.53 0.43 0.33 0.24 0.17 0.10 0.05 0.01 0.00 0.00 0.00 0.00 0.00 0.02 0.05 0.08 0.11 0.13 0.15 0.16 0.17 0.18 0.18 0.18 0.17 0.16 0.15 0.14 0.13 0.12 0.12 0.11 0.11 0.11 0.12 0.12 0.12 0.12 0.12 0.12 0.12 0.12 0.12 0.12 0.12 0.12 0.12 0.11
2.38 1.41 0.62 0.00 0.00 0.00 0.00 0.00 0.00 0.00 0.00 0.12 0.56 0.99 1.38 1.71 1.96 2.13 2.24 2.30 2.30 2.27 2.20 2.11 2.01 1.89 1.78 1.66 1.54 1.42 1.29 1.17 1.05 0.93 0.82 0.70 0.59 0.49 0.38 0.29 0.21 0.14 0.08 0.03 0.00 0.00 0.00 0.00 0.00 0.01 0.04 0.08 0.10 0.12 0.14 0.15 0.16 0.17 0.17 0.17 0.17 0.16 0.15 0.14 0.13 0.13 0.12 0.12 0.12 0.12 0.12 0.12 0.13 0.13 0.13 0.13 0.13 0.13 0.13 0.13 0.13 0.12 0.12 0.12
2.27 1.33 0.58 0.00 0.00 0.00 0.00 0.00 0.00 0.00 0.00 0.33 0.70 1.06 1.40 1.72 1.97 2.16 2.27 2.34 2.35 2.32 2.26 2.17 2.06 1.95 1.83 1.72 1.60 1.48 1.35 1.23 1.11 0.99 0.88 0.76 0.65 0.54 0.44 0.34 0.25 0.17 0.11 0.06 0.02 0.00 0.00 0.00 0.00 0.01 0.04 0.07 0.09 0.12 0.13 0.15 0.15 0.16 0.16 0.16 0.16 0.16 0.15 0.15 0.14 0.13 0.13 0.13 0.13 0.13 0.13 0.13 0.13 0.13 0.13 0.14 0.13 0.13 0.13 0.13 0.13 0.13 0.12 0.12
2.16 1.27 0.56 0.03 0.00 0.00 0.00 0.00 0.00 0.00 0.25 0.57 0.88 1.18 1.46 1.74 1.99 2.17 2.30 2.37 2.38 2.36 2.30 2.21 2.11 2.00 1.89 1.77 1.65 1.53 1.41 1.29 1.17 1.05 0.93 0.82 0.71 0.60 0.49 0.39 0.30 0.21 0.14 0.08 0.04 0.01 0.00 0.00 0.00 0.01 0.04 0.06 0.09 0.11 0.12 0.13 0.14 0.15 0.15 0.15 0.15 0.15 0.15 0.14 0.14 0.14 0.13 0.13 0.13 0.13 0.13 0.13 0.14 0.14 0.14 0.14 0.14 0.14 0.14 0.14 0.13 0.13 0.13 0.12
2.05 1.22 0.58 0.10 0.00 0.00 0.00 0.00 0.02 0.29 0.57 0.83 1.09 1.33 1.57 1.79 2.00 2.18 2.31 2.39 2.41 2.39 2.33 2.25 2.15 2.05 1.93 1.82 1.70 1.58 1.46 1.34 1.22 1.10 0.99 0.87 0.76 0.65 0.55 0.44 0.35 0.26 0.18 0.11 0.06 0.02 0.00 0.00 0.00 0.01 0.03 0.06 0.08 0.09 0.11 0.12 0.12 0.13 0.13 0.13 0.13 0.14 0.14 0.14 0.14 0.14 0.14 0.14 0.14 0.14 0.14 0.14 0.14 0.14 0.14 0.14 0.14 0.14 0.14 0.14 0.14 0.13 0.13 0.12
1.94 1.19 0.62 0.23 0.00 0.00 0.00 0.20 0.43 0.66 0.88 1.10 1.31 1.51 1.70 1.88 2.04 2.19 2.32 2.40 2.43 2.41 2.36 2.28 2.19 2.08 1.97 1.86 1.74 1.62 1.51 1.39 1.27 1.15 1.03 0.92 0.81 0.70 0.59 0.49 0.40 0.31 0.22 0.15 0.09 0.04 0.01 0.00 0.00 0.01 0.03 0.05 0.07 0.08 0.09 0.10 0.10 0.11 0.11 0.11 0.12 0.12 0.13 0.13 0.13 0.14 0.14 0.14 0.14 0.14 0.14 0.14 0.14 0.15 0.15 0.15 0.15 0.14 0.14 0.14 0.14 0.13 0.13 0.12
1.83 1.17 0.69 0.39 0.26 0.28 0.43 0.62 0.81 1.00 1.18 1.36 1.53 1.69 1.84 1.98 2.11 2.22 2.32 2.40 2.43 2.42 2.38 2.31 2.21 2.11 2.00 1.89 1.78 1.66 1.54 1.43 1.31 1.19 1.08 0.96 0.85 0.74 0.64 0.53 0.44 0.35 0.26 0.19 0.12 0.07 0.03 0.01 0.00 0.01 0.02 0.04 0.06 0.07 0.07 0.08 0.08 0.09 0.09 0.10 0.10 0.11 0.12 0.12 0.13 0.13 0.14 0.14 0.14 0.14 0.14 0.14 0.15 0.15 0.15 0.15 0.15 0.15 0.14 0.14 0.14 0.13 0.12 0.10
1.72 1.16 0.80 0.60 0.58 0.69 0.84 1.00 1.15 1.30 1.45 1.59 1.73 1.86 1.98 2.09 2.19 2.27 2.34 2.40 2.43 2.43 2.39 2.32 2.23 2.13 2.02 1.92 1.80 1.69 1.58 1.46 1.34 1.23 1.11 1.00 0.89 0.78 0.67 0.57 0.48 0.39 0.30 0.22 0.15 0.09 0.05 0.02 0.01 0.01 0.02 0.03 0.04 0.05 0.05 0.06 0.06 0.06 0.07 0.08 0.09 0.09 0.10 0.11 0.12 0.12 0.13 0.14 0.14 0.14 0.14 0.15 0.15 0.15 0.15 0.15 0.15 0.15 0.14 0.14 0.14 0.12 0.10 0.08
1.61 1.18 0.93 0.86 0.93 1.05 1.18 1.30 1.43 1.55 1.68 1.79 1.90 2.01 2.10 2.19 2.26 2.32 2.37 2.41 2.42 2.42 2.39 2.32 2.24 2.14 2.04 1.93 1.82 1.71 1.60 1.49 1.37 1.26 1.14 1.03 0.92 0.81 0.71 0.61 0.51 0.42 0.33 0.26 0.19 0.12 0.07 0.04 0.02 0.01 0.02 0.03 0.03 0.03 0.03 0.04 0.04 0.05 0.05 0.06 0.07 0.08 0.09 0.10 0.11 0.11 0.12 0.13 0.14 0.14 0.14 0.14 0.15 0.15 0.15 0.15 0.15 0.14 0.14 0.14 0.12 0.10 0.08 0.05
1.50 1.20 1.09 1.13 1.23 1.33 1.43 1.53 1.64 1.74 1.84 1.93 2.03 2.11 2.19 2.26 2.31 2.36 2.39 2.41 2.42 2.41 2.37 2.31 2.23 2.14 2.04 1.94 1.83 1.72 1.61 1.50 1.39 1.28 1.16 1.05 0.94 0.84 0.73 0.63 0.54 0.45 0.36 0.28 0.21 0.15 0.10 0.05 0.03 0.02 0.02 0.02 0.02 0.02 0.02 0.02 0.02 0.03 0.03 0.04 0.05 0.06 0.07 0.08 0.09 0.10 0.11 0.12 0.13 0.14 0.14 0.14 0.14 0.15 0.15 0.15 0.14 0.14 0.14 0.12 0.10 0.08 0.05 0.01
1.40 1.25 1.26 1.33 1.41 1.49 1.58 1.66 1.75 1.84 1.93 2.01 2.09 2.16 2.23 2.28 2.33 2.37 2.39 2.41 2.40 2.39 2.35 2.29 2.22 2.13 2.03 1.94 1.83 1.73 1.62 1.51 1.40 1.29 1.18 1.07 0.96 0.85 0.75 0.65 0.56 0.47 0.38 0.31 0.24 0.17 0.12 0.07 0.04 0.02 0.02 0.01 0.01 0.00 0.00 0.00 0.01 0.01 0.02 0.03 0.04 0.05 0.06 0.07 0.08 0.09 0.10 0.11 0.12 0.13 0.13 0.14 0.14 0.14 0.14 0.14 0.14 0.14 0.12 0.10 0.08 0.04 0.01 0.00
1.29 1.28 1.33 1.39 1.46 1.53 1.61 1.68 1.76 1.84 1.92 2.00 2.07 2.14 2.20 2.26 2.30 2.34 2.36 2.37 2.37 2.35 2.32 2.26 2.19 2.11 2.02 1.92 1.82 1.72 1.61 1.51 1.40 1.29 1.18 1.07 0.97 0.86 0.76 0.66 0.57 0.48 0.40 0.32 0.25 0.19 0.13 0.09 0.05 0.03 0.02 0.01 0.00 0.00 0.00 0.00 0.00 0.00 0.01 0.01 0.02 0.03 0.04 0.06 0.07 0.08 0.09 0.10 0.11 0.12 0.13 0.13 0.14 0.14 0.14 0.14 0.13 0.12 0.10 0.07 0.04 0.00 0.00 0.00
1.17 1.20 1.25 1.30 1.37 1.43 1.51 1.58 1.66 1.74 1.82 1.89 1.97 2.04 2.10 2.16 2.21 2.25 2.28 2.29 2.30 2.29 2.26 2.21 2.15 2.07 1.99 1.89 1.80 1.70 1.60 1.49 1.39 1.28 1.17 1.07 0.97 0.86 0.76 0.67 0.58 0.49 0.41 0.33 0.26 0.20 0.14 0.10 0.06 0.04 0.02 0.01 0.00 0.00 0.00 0.00 0.00 0.00 0.00 0.00 0.01 0.02 0.03 0.04 0.06 0.07 0.08 0.09 0.10 0.11 0.12 0.12 0.13 0.13 0.13 0.13 0.12 0.10 0.07 0.04 0.00 0.00 0.00 0.00
1.02 1.05 1.09 1.14 1.20 1.27 1.34 1.42 1.50 1.58 1.66 1.74 1.82 1.89 1.96 2.02 2.08 2.12 2.16 2.19 2.20 2.20 2.18 2.15 2.10 2.04 1.95 1.87 1.77 1.68 1.58 1.48 1.37 1.27 1.17 1.06 0.96 0.86 0.76 0.67 0.58 0.49 0.41 0.33 0.27 0.20 0.15 0.11 0.07 0.04 0.02 0.01 0.00 0.00 0.00 0.00 0.00 0.00 0.00 0.00 0.00 0.01 0.02 0.03 0.04 0.05 0.07 0.08 0.09 0.10 0.10 0.11 0.12 0.12 0.12 0.12 0.10 0.07 0.04 0.00 0.00 0.00 0.00 0.00
0.87 0.90 0.95 0.99 1.05 1.12 1.19 1.26 1.34 1.42 1.50 1.59 1.67 1.74 1.82 1.89 1.95 2.00 2.04 2.08 2.10 2.11 2.10 2.08 2.04 1.99 1.93 1.84 1.75 1.66 1.56 1.47 1.37 1.26 1.16 1.06 0.96 0.86 0.77 0.67 0.58 0.50 0.42 0.34 0.27 0.21 0.16 0.11 0.08 0.05 0.03 0.02 0.00 0.00 0.00 0.00 0.00 0.00 0.00 0.00 0.00 0.00 0.01 0.02 0.03 0.04 0.05 0.06 0.07 0.08 0.09 0.10 0.11 0.11 0.11 0.11 0.09 0.06 0.02 0.00 0.00 0.00 0.00 0.00
0.73 0.77 0.81 0.86 0.91 0.97 1.04 1.12 1.19 1.28 1.36 1.44 1.52 1.60 1.68 1.75 1.82 1.88 1.93 1.97 2.00 2.01 2.02 2.01 1.98 1.95 1.89 1.82 1.74 1.65 1.56 1.46 1.36 1.26 1.16 1.06 0.96 0.87 0.77 0.68 0.59 0.50 0.42 0.35 0.28 0.22 0.17 0.12 0.08 0.06 0.04 0.02 0.01 0.00 0.00 0.00 0.00 0.00 0.00 0.00 0.00 0.00 0.00 0.01 0.02 0.03 0.04 0.05 0.06 0.07 0.08 0.09 0.10 0.10 0.10 0.10 0.08 0.05 0.01 0.00 0.00 0.00 0.00 0.00
0.61 0.65 0.69 0.73 0.79 0.84 0.91 0.98 1.06 1.14 1.22 1.30 1.39 1.47 1.55 1.62 1.69 1.75 1.81 1.86 1.89 1.92 1.93 1.93 1.92 1.90 1.86 1.80 1.73 1.64 1.55 1.46 1.36 1.26 1.16 1.06 0.97 0.87 0.78 0.68 0.60 0.51 0.43 0.36 0.29 0.23 0.17 0.13 0.09 0.06 0.04 0.03 0.01 0.00 0.00 0.00 0.00 0.00 0.00 0.00 0.00 0.00 0.00 0.00 0.01 0.02 0.03 0.04 0.05 0.06 0.07 0.08 0.08 0.09 0.09 0.09 0.08 0.05 0.00 0.00 0.00 0.00 0.00 0.00
0.50 0.53 0.58 0.62 0.67 0.73 0.79 0.86 0.93 1.01 1.09 1.17 1.26 1.34 1.42 1.50 1.57 1.63 1.69 1.74 1.79 1.82 1.84 1.85 1.86 1.84 1.82 1.77 1.71 1.64 1.55 1.46 1.36 1.26 1.17 1.07 0.97 0.88 0.78 0.69 0.60 0.52 0.44 0.36 0.29 0.23 0.18 0.13 0.10 0.07 0.05 0.03 0.02 0.00 0.00 0.00 0.00 0.00 0.00 0.00 0.00 0.00 0.00 0.00 0.00 0.01 0.02 0.03 0.04 0.05 0.06 0.07 0.07 0.08 0.08 0.08 0.07 0.04 0.00 0.00 0.00 0.00 0.00 0.00
0.39 0.43 0.47 0.52 0.57 0.62 0.68 0.75 0.82 0.89 0.97 1.05 1.13 1.21 1.30 1.37 1.45 1.52 1.58 1.63 1.68 1.72 1.76 1.78 1.79 1.79 1.77 1.74 1.69 1.62 1.55 1.46 1.36 1.27 1.17 1.07 0.98 0.88 0.79 0.70 0.61 0.52 0.44 0.37 0.30 0.24 0.18 0.14 0.10 0.08 0.05 0.04 0.02 0.01 0.00 0.00 0.00 0.00 0.00 0.00 0.00 0.00 0.00 0.00 0.00 0.00 0.01 0.02 0.03 0.04 0.05 0.05 0.06 0.07 0.07 0.07 0.06 0.04 0.00 0.00 0.00 0.00 0.00 0.00
0.30 0.34 0.38 0.43 0.48 0.53 0.59 0.65 0.71 0.78 0.86 0.94 1.02 1.10 1.18 1.26 1.33 1.40 1.47 1.53 1.58 1.63 1.67 1.70 1.72 1.73 1.72 1.70 1.66 1.60 1.54 1.46 1.37 1.27 1.18 1.08 0.98 0.89 0.79 0.70 0.61 0.53 0.45 0.37 0.30 0.24 0.19 0.14 0.11 0.08 0.06 0.04 0.03 0.01 0.00 0.00 0.00 0.00 0.00 0.00 0.00 0.00 0.00 0.00 0.00 0.00 0.00 0.01 0.02 0.02 0.03 0.04 0.05 0.06 0.06 0.06 0.05 0.03 0.00 0.00 0.00 0.00 0.00 0.00
0.22 0.26 0.30 0.35 0.40 0.45 0.50 0.56 0.62 0.69 0.76 0.84 0.91 0.99 1.07 1.15 1.22 1.29 1.36 1.42 1.48 1.54 1.58 1.62 1.65 1.66 1.66 1.65 1.62 1.58 1.52 1.45 1.37 1.27 1.18 1.08 0.99 0.89 0.80 0.70 0.61 0.53 0.45 0.37 0.30 0.25 0.19 0.15 0.11 0.09 0.07 0.05 0.03 0.02 0.00 0.00 0.00 0.00 0.00 0.00 0.00 0.00 0.00 0.00 0.00 0.00 0.00 0.00 0.01 0.01 0.02 0.03 0.04 0.04 0.05 0.05 0.04 0.02 0.00 0.00 0.00 0.00 0.00 0.00
