data_processed/recharge/precip/Precip_1988_10.asc
ncols        168
nrows        136
xllcorner    455000
yllcorner    2107000
cellsize     500
NODATA_value     -99999
[rows 34 to 67 of 136, columns 0 to 77 of 168]
26.35 26.14 25.90 25.63 25.34 25.02 24.68 24.32 23.95 23.55 23.14 22.72 22.28 21.84 21.38 20.92 20.45 19.97 19.50 19.02 18.53 18.05 17.60 17.18 16.79 16.43 16.10 15.80 15.52 15.27 15.05 14.85 14.67 14.52 14.38 14.27 14.18 14.11 14.06 14.03 14.02 14.02 14.04 14.07 14.12 14.18 14.25 14.33 14.43 14.54 14.65 14.78 14.91 15.05 15.20 15.35 15.51 15.67 15.83 16.00 16.17 16.34 16.51 16.67 16.84 17.01 17.17 17.33 17.48 17.63 17.77 17.90 18.03 18.15 18.26 18.35 18.44 18.52
26.88 26.70 26.48 26.23 25.96 25.67 25.35 25.01 24.65 24.27 23.87 23.46 23.03 22.59 22.14 21.68 21.22 20.75 20.27 19.78 19.29 18.79 18.29 17.82 17.38 16.97 16.59 16.24 15.92 15.63 15.36 15.12 14.90 14.71 14.54 14.39 14.27 14.17 14.08 14.02 13.98 13.95 13.94 13.95 13.97 14.01 14.06 14.12 14.20 14.29 14.39 14.50 14.61 14.74 14.88 15.02 15.17 15.32 15.48 15.64 15.80 15.97 16.13 16.30 16.47 16.64 16.80 16.97 17.12 17.28 17.43 17.57 17.71 17.84 17.96 18.08 18.18 18.29
27.35 27.19 27.01 26.79 26.54 26.27 25.98 25.66 25.32 24.96 24.58 24.18 23.77 23.34 22.91 22.46 22.00 21.54 21.06 20.57 20.07 19.55 19.03 18.51 18.02 17.56 17.14 16.74 16.37 16.03 15.72 15.44 15.18 14.95 14.74 14.56 14.40 14.26 14.15 14.05 13.98 13.92 13.88 13.87 13.86 13.88 13.90 13.95 14.00 14.07 14.15 14.25 14.35 14.46 14.59 14.72 14.85 15.00 15.15 15.30 15.46 15.62 15.79 15.96 16.12 16.29 16.46 16.63 16.79 16.95 17.11 17.26 17.41 17.55 17.69 17.82 17.95 18.08
27.76 27.64 27.49 27.30 27.09 26.84 26.58 26.28 25.97 25.63 25.28 24.90 24.51 24.10 23.68 23.25 22.80 22.33 21.85 21.36 20.85 20.33 19.80 19.26 18.72 18.21 17.73 17.29 16.88 16.49 16.14 15.81 15.51 15.24 15.00 14.78 14.58 14.41 14.26 14.13 14.02 13.94 13.87 13.83 13.80 13.78 13.79 13.81 13.85 13.90 13.96 14.03 14.12 14.22 14.33 14.45 14.57 14.71 14.85 15.00 15.15 15.31 15.47 15.63 15.80 15.97 16.14 16.31 16.48 16.64 16.81 16.97 17.13 17.28 17.43 17.58 17.74 17.91
28.12 28.04 27.92 27.77 27.60 27.39 27.15 26.89 26.61 26.30 25.97 25.62 25.25 24.87 24.47 24.05 23.61 23.14 22.66 22.16 21.65 21.13 20.59 20.03 19.47 18.92 18.39 17.90 17.44 17.01 16.61 16.24 15.90 15.58 15.30 15.04 14.81 14.60 14.41 14.25 14.11 14.00 13.90 13.83 13.77 13.73 13.71 13.71 13.72 13.75 13.80 13.85 13.93 14.01 14.10 14.21 14.32 14.45 14.58 14.72 14.86 15.02 15.17 15.34 15.50 15.67 15.84 16.01 16.18 16.36 16.53 16.69 16.86 17.02 17.19 17.37 17.56 17.75
28.43 28.39 28.32 28.22 28.08 27.91 27.71 27.49 27.24 26.97 26.67 26.35 26.01 25.66 25.28 24.87 24.42 23.96 23.47 22.97 22.46 21.93 21.38 20.82 20.25 19.67 19.10 18.56 18.05 17.57 17.13 16.71 16.33 15.97 15.65 15.35 15.08 14.83 14.61 14.42 14.25 14.10 13.97 13.87 13.79 13.72 13.68 13.65 13.64 13.65 13.67 13.71 13.76 13.83 13.91 14.00 14.10 14.21 14.34 14.47 14.61 14.75 14.91 15.06 15.23 15.39 15.56 15.74 15.91 16.09 16.26 16.44 16.61 16.80 16.99 17.19 17.41 17.63
28.70 28.72 28.69 28.64 28.54 28.42 28.27 28.08 27.87 27.64 27.38 27.09 26.79 26.46 26.09 25.68 25.24 24.78 24.29 23.79 23.27 22.74 22.19 21.62 21.05 20.46 19.86 19.27 18.71 18.19 17.70 17.24 16.81 16.42 16.05 15.71 15.40 15.12 14.86 14.63 14.43 14.25 14.09 13.95 13.84 13.75 13.68 13.63 13.59 13.58 13.58 13.60 13.64 13.68 13.75 13.82 13.91 14.01 14.12 14.25 14.38 14.52 14.66 14.82 14.98 15.14 15.31 15.48 15.66 15.84 16.02 16.20 16.39 16.60 16.81 17.04 17.28 17.53
28.95 29.01 29.04 29.04 29.00 28.92 28.82 28.68 28.51 28.32 28.10 27.86 27.58 27.27 26.90 26.50 26.07 25.61 25.12 24.61 24.09 23.56 23.00 22.43 21.85 21.26 20.65 20.04 19.43 18.86 18.32 17.82 17.35 16.90 16.50 16.12 15.77 15.45 15.15 14.89 14.65 14.43 14.24 14.08 13.94 13.82 13.72 13.64 13.59 13.55 13.53 13.53 13.54 13.57 13.62 13.68 13.75 13.84 13.94 14.05 14.17 14.30 14.44 14.59 14.75 14.91 15.08 15.25 15.43 15.61 15.79 15.99 16.20 16.43 16.67 16.92 17.18 17.45
29.16 29.29 29.38 29.43 29.44 29.42 29.37 29.28 29.17 29.02 28.85 28.64 28.38 28.08 27.72 27.33 26.90 26.44 25.95 25.44 24.92 24.38 23.82 23.25 22.66 22.06 21.45 20.83 20.20 19.59 19.00 18.45 17.93 17.44 16.99 16.57 16.18 15.82 15.49 15.19 14.91 14.66 14.44 14.25 14.07 13.92 13.80 13.69 13.61 13.55 13.51 13.49 13.48 13.49 13.52 13.57 13.62 13.70 13.79 13.88 14.00 14.12 14.25 14.39 14.54 14.70 14.87 15.04 15.22 15.40 15.60 15.81 16.04 16.29 16.55 16.82 17.10 17.39
29.36 29.56 29.71 29.82 29.89 29.93 29.93 29.90 29.84 29.75 29.62 29.43 29.18 28.89 28.54 28.15 27.73 27.27 26.78 26.28 25.75 25.21 24.65 24.07 23.48 22.88 22.26 21.64 21.00 20.36 19.73 19.13 18.56 18.03 17.54 17.07 16.64 16.24 15.87 15.53 15.22 14.94 14.68 14.45 14.25 14.07 13.92 13.79 13.68 13.59 13.52 13.48 13.45 13.44 13.46 13.48 13.53 13.58 13.66 13.75 13.85 13.96 14.08 14.22 14.36 14.52 14.68 14.85 15.03 15.22 15.43 15.66 15.91 16.17 16.45 16.74 17.04 17.36
29.55 29.81 30.03 30.21 30.35 30.45 30.52 30.55 30.54 30.50 30.39 30.21 29.98 29.69 29.36 28.97 28.55 28.10 27.62 27.11 26.59 26.04 25.48 24.90 24.31 23.70 23.08 22.45 21.81 21.16 20.50 19.86 19.25 18.67 18.13 17.62 17.15 16.71 16.30 15.92 15.57 15.25 14.96 14.70 14.47 14.26 14.07 13.91 13.78 13.67 13.58 13.51 13.46 13.43 13.42 13.43 13.46 13.50 13.56 13.63 13.72 13.83 13.94 14.07 14.21 14.36 14.51 14.68 14.87 15.08 15.30 15.55 15.81 16.09 16.38 16.69 17.01 17.34
29.74 30.07 30.36 30.61 30.82 30.99 31.12 31.22 31.27 31.25 31.15 30.99 30.77 30.50 30.17 29.80 29.38 28.93 28.45 27.95 27.42 26.88 26.31 25.73 25.14 24.52 23.90 23.27 22.62 21.97 21.30 20.64 19.98 19.36 18.77 18.22 17.70 17.22 16.77 16.35 15.97 15.61 15.29 14.99 14.72 14.48 14.27 14.08 13.92 13.78 13.66 13.57 13.50 13.45 13.42 13.41 13.42 13.45 13.49 13.55 13.63 13.72 13.82 13.94 14.07 14.22 14.37 14.55 14.74 14.96 15.20 15.46 15.73 16.03 16.33 16.66 17.00 17.35
29.92 30.34 30.71 31.03 31.32 31.56 31.76 31.92 31.99 31.99 31.91 31.77 31.56 31.30 30.98 30.62 30.21 29.77 29.29 28.79 28.26 27.71 27.15 26.57 25.97 25.35 24.73 24.09 23.44 22.78 22.11 21.44 20.76 20.09 19.46 18.87 18.30 17.78 17.29 16.83 16.41 16.01 15.65 15.32 15.02 14.75 14.50 14.28 14.09 13.92 13.78 13.67 13.57 13.50 13.45 13.42 13.41 13.42 13.45 13.50 13.56 13.64 13.73 13.84 13.96 14.10 14.26 14.44 14.65 14.88 15.13 15.39 15.68 15.99 16.31 16.65 17.01 17.37
30.12 30.62 31.07 31.48 31.84 32.16 32.43 32.61 32.71 32.72 32.67 32.54 32.35 32.10 31.79 31.43 31.03 30.60 30.12 29.62 29.09 28.55 27.98 27.40 26.80 26.19 25.56 24.92 24.26 23.60 22.93 22.25 21.56 20.88 20.20 19.56 18.95 18.38 17.85 17.35 16.89 16.46 16.06 15.69 15.36 15.05 14.77 14.52 14.30 14.11 13.94 13.80 13.68 13.58 13.51 13.46 13.43 13.43 13.44 13.47 13.52 13.58 13.67 13.76 13.88 14.02 14.18 14.37 14.58 14.82 15.08 15.36 15.66 15.98 16.31 16.67 17.03 17.42
30.33 30.92 31.46 31.95 32.40 32.79 33.08 33.29 33.41 33.45 33.41 33.30 33.12 32.89 32.59 32.25 31.85 31.42 30.95 30.45 29.93 29.38 28.82 28.24 27.64 27.02 26.39 25.75 25.09 24.43 23.75 23.07 22.38 21.68 20.98 20.30 19.65 19.03 18.46 17.92 17.41 16.94 16.51 16.10 15.73 15.39 15.08 14.80 14.55 14.33 14.13 13.96 13.82 13.70 13.60 13.53 13.48 13.46 13.45 13.47 13.50 13.55 13.62 13.71 13.83 13.97 14.14 14.33 14.55 14.80 15.06 15.35 15.66 15.99 16.33 16.70 17.08 17.48
30.57 31.25 31.88 32.46 32.98 33.41 33.73 33.96 34.10 34.16 34.14 34.05 33.89 33.67 33.39 33.05 32.67 32.24 31.78 31.28 30.76 30.22 29.65 29.07 28.47 27.85 27.22 26.58 25.92 25.25 24.57 23.89 23.19 22.49 21.79 21.08 20.39 19.73 19.11 18.53 17.98 17.47 17.00 16.56 16.15 15.77 15.43 15.12 14.83 14.58 14.36 14.16 13.99 13.85 13.73 13.64 13.57 13.52 13.50 13.49 13.51 13.55 13.61 13.69 13.81 13.95 14.13 14.32 14.55 14.80 15.07 15.37 15.68 16.02 16.38 16.75 17.14 17.55
30.84 31.61 32.34 33.00 33.56 34.01 34.36 34.62 34.79 34.87 34.87 34.79 34.65 34.44 34.17 33.85 33.47 33.06 32.60 32.11 31.59 31.05 30.48 29.90 29.30 28.69 28.06 27.41 26.75 26.08 25.40 24.71 24.01 23.31 22.60 21.89 21.17 20.47 19.81 19.18 18.59 18.04 17.53 17.05 16.60 16.19 15.82 15.47 15.16 14.87 14.62 14.39 14.20 14.03 13.89 13.77 13.68 13.61 13.57 13.55 13.55 13.57 13.63 13.71 13.83 13.97 14.15 14.35 14.57 14.83 15.10 15.41 15.73 16.07 16.44 16.82 17.22 17.64
31.14 32.02 32.83 33.53 34.12 34.60 34.98 35.26 35.45 35.56 35.58 35.52 35.40 35.20 34.95 34.64 34.27 33.86 33.41 32.92 32.41 31.87 31.31 30.73 30.13 29.52 28.89 28.24 27.58 26.91 26.23 25.54 24.84 24.13 23.42 22.70 21.98 21.26 20.55 19.88 19.25 18.66 18.10 17.58 17.10 16.65 16.24 15.86 15.51 15.20 14.91 14.66 14.44 14.24 14.07 13.93 13.82 13.73 13.67 13.63 13.62 13.63 13.68 13.76 13.88 14.02 14.20 14.40 14.63 14.88 15.16 15.47 15.80 16.15 16.52 16.91 17.32 17.75
31.48 32.45 33.31 34.04 34.66 35.18 35.58 35.89 36.11 36.24 36.28 36.24 36.13 35.95 35.71 35.41 35.06 34.66 34.22 33.74 33.22 32.69 32.13 31.55 30.96 30.34 29.71 29.07 28.41 27.74 27.05 26.36 25.66 24.95 24.23 23.51 22.79 22.06 21.33 20.62 19.95 19.31 18.72 18.16 17.64 17.15 16.70 16.29 15.91 15.56 15.25 14.96 14.71 14.49 14.29 14.13 13.99 13.88 13.80 13.74 13.72 13.73 13.77 13.85 13.96 14.10 14.28 14.48 14.71 14.96 15.25 15.55 15.89 16.24 16.62 17.02 17.43 17.87
31.86 32.87 33.76 34.53 35.19 35.73 36.17 36.51 36.75 36.90 36.96 36.95 36.86 36.69 36.47 36.18 35.84 35.45 35.01 34.54 34.03 33.50 32.94 32.37 31.78 31.17 30.54 29.89 29.23 28.56 27.88 27.19 26.48 25.77 25.05 24.33 23.60 22.87 22.14 21.40 20.69 20.01 19.37 18.77 18.21 17.69 17.20 16.75 16.34 15.96 15.61 15.30 15.02 14.76 14.54 14.35 14.19 14.06 13.96 13.89 13.85 13.86 13.90 13.97 14.08 14.21 14.38 14.58 14.81 15.07 15.35 15.66 16.00 16.35 16.73 17.14 17.56 18.00
32.22 33.27 34.20 35.01 35.69 36.27 36.74 37.10 37.37 37.54 37.63 37.63 37.56 37.42 37.21 36.94 36.61 36.23 35.80 35.33 34.83 34.30 33.75 33.18 32.59 31.98 31.36 30.71 30.06 29.39 28.70 28.01 27.30 26.59 25.87 25.14 24.41 23.68 22.94 22.20 21.47 20.75 20.07 19.43 18.83 18.27 17.74 17.25 16.80 16.39 16.01 15.67 15.35 15.07 14.83 14.61 14.42 14.27 14.15 14.07 14.03 14.02 14.06 14.12 14.22 14.36 14.52 14.72 14.94 15.20 15.48 15.79 16.12 16.48 16.87 17.27 17.70 18.15
32.56 33.65 34.62 35.46 36.18 36.79 37.28 37.68 37.97 38.17 38.28 38.31 38.26 38.13 37.93 37.68 37.36 36.99 36.57 36.11 35.61 35.09 34.55 33.98 33.40 32.79 32.17 31.53 30.87 30.20 29.52 28.83 28.12 27.41 26.69 25.96 25.23 24.49 23.75 23.01 22.27 21.53 20.81 20.12 19.48 18.88 18.32 17.79 17.31 16.86 16.45 16.07 15.73 15.42 15.14 14.90 14.69 14.51 14.38 14.29 14.24 14.22 14.25 14.31 14.40 14.52 14.68 14.88 15.10 15.35 15.63 15.94 16.27 16.63 17.01 17.42 17.85 18.30
32.87 34.01 35.01 35.89 36.64 37.28 37.81 38.23 38.55 38.78 38.91 38.96 38.93 38.82 38.64 38.40 38.10 37.74 37.33 36.88 36.39 35.87 35.33 34.77 34.19 33.59 32.97 32.33 31.68 31.01 30.33 29.64 28.94 28.22 27.50 26.77 26.04 25.30 24.56 23.81 23.07 22.32 21.58 20.86 20.18 19.53 18.93 18.37 17.85 17.36 16.92 16.50 16.13 15.79 15.49 15.22 14.99 14.80 14.65 14.55 14.48 14.46 14.47 14.52 14.60 14.72 14.87 15.06 15.28 15.52 15.80 16.10 16.43 16.79 17.18 17.58 18.01 18.47
33.16 34.33 35.38 36.29 37.08 37.75 38.31 38.77 39.12 39.37 39.53 39.60 39.59 39.50 39.34 39.11 38.82 38.47 38.08 37.63 37.15 36.64 36.11 35.55 34.98 34.38 33.76 33.13 32.48 31.82 31.14 30.45 29.75 29.03 28.31 27.58 26.85 26.11 25.36 24.62 23.87 23.12 22.38 21.63 20.91 20.23 19.58 18.98 18.42 17.90 17.42 16.98 16.57 16.20 15.86 15.57 15.33 15.12 14.96 14.84 14.76 14.73 14.73 14.76 14.84 14.95 15.09 15.27 15.48 15.72 15.99 16.29 16.62 16.97 17.35 17.76 18.19 18.64
33.42 34.64 35.72 36.67 37.50 38.20 38.80 39.28 39.66 39.93 40.12 40.21 40.22 40.16 40.01 39.80 39.53 39.19 38.81 38.37 37.90 37.39 36.87 36.32 35.75 35.16 34.55 33.92 33.27 32.61 31.94 31.25 30.55 29.84 29.12 28.39 27.65 26.91 26.17 25.42 24.67 23.92 23.17 22.42 21.68 20.96 20.27 19.63 19.03 18.48 17.96 17.48 17.04 16.64 16.28 15.97 15.70 15.48 15.31 15.17 15.08 15.02 15.01 15.04 15.10 15.20 15.33 15.50 15.70 15.93 16.19 16.49 16.81 17.16 17.54 17.94 18.37 18.83
33.65 34.91 36.03 37.02 37.89 38.63 39.25 39.77 40.17 40.48 40.69 40.81 40.84 40.79 40.67 40.48 40.22 39.90 39.52 39.09 38.63 38.13 37.62 37.07 36.51 35.93 35.32 34.70 34.06 33.40 32.73 32.04 31.34 30.63 29.92 29.19 28.45 27.71 26.97 26.22 25.47 24.72 23.96 23.21 22.47 21.72 21.00 20.32 19.68 19.09 18.53 18.02 17.54 17.12 16.74 16.41 16.12 15.88 15.69 15.53 15.42 15.35 15.33 15.34 15.39 15.47 15.59 15.75 15.94 16.16 16.42 16.71 17.02 17.37 17.74 18.14 18.57 19.02
33.85 35.16 36.32 37.35 38.25 39.02 39.68 40.23 40.67 41.00 41.24 41.38 41.44 41.41 41.31 41.13 40.88 40.58 40.22 39.80 39.34 38.86 38.35 37.81 37.26 36.68 36.08 35.46 34.83 34.17 33.51 32.82 32.13 31.42 30.71 29.98 29.25 28.51 27.76 27.01 26.26 25.51 24.76 24.00 23.25 22.51 21.76 21.04 20.37 19.73 19.14 18.59 18.09 17.64 17.23 16.88 16.57 16.31 16.10 15.93 15.80 15.71 15.67 15.66 15.70 15.77 15.88 16.02 16.20 16.42 16.66 16.94 17.25 17.59 17.95 18.35 18.77 19.21
34.03 35.37 36.57 37.64 38.58 39.39 40.09 40.66 41.13 41.50 41.76 41.93 42.01 42.00 41.92 41.76 41.53 41.24 40.89 40.49 40.04 39.56 39.06 38.54 37.99 37.42 36.82 36.21 35.58 34.94 34.27 33.60 32.91 32.20 31.49 30.77 30.03 29.30 28.55 27.80 27.05 26.30 25.54 24.79 24.04 23.29 22.54 21.80 21.09 20.41 19.78 19.20 18.67 18.20 17.77 17.39 17.06 16.78 16.55 16.35 16.21 16.10 16.04 16.02 16.04 16.09 16.19 16.32 16.48 16.69 16.92 17.19 17.49 17.81 18.17 18.56 18.97 19.41
34.17 35.55 36.80 37.91 38.88 39.73 40.46 41.07 41.57 41.96 42.26 42.45 42.55 42.57 42.51 42.37 42.16 41.88 41.55 41.15 40.72 40.25 39.76 39.24 38.70 38.14 37.55 36.95 36.33 35.69 35.03 34.36 33.67 32.97 32.26 31.54 30.81 30.08 29.33 28.59 27.83 27.08 26.32 25.57 24.82 24.06 23.32 22.57 21.84 21.13 20.47 19.86 19.30 18.80 18.35 17.94 17.59 17.29 17.03 16.81 16.64 16.52 16.44 16.40 16.40 16.44 16.52 16.63 16.78 16.97 17.19 17.45 17.74 18.05 18.40 18.78 19.19 19.62
34.27 35.70 36.99 38.14 39.16 40.04 40.81 41.45 41.98 42.41 42.73 42.95 43.08 43.12 43.07 42.96 42.76 42.50 42.18 41.80 41.37 40.92 40.44 39.93 39.40 38.84 38.27 37.67 37.05 36.42 35.77 35.10 34.42 33.73 33.02 32.30 31.58 30.85 30.10 29.36 28.61 27.86 27.10 26.35 25.59 24.84 24.09 23.34 22.61 21.88 21.19 20.56 19.97 19.44 18.96 18.53 18.15 17.82 17.54 17.30 17.11 16.96 16.86 16.80 16.78 16.80 16.86 16.96 17.10 17.27 17.48 17.72 18.00 18.30 18.64 19.01 19.41 19.83
34.34 35.82 37.15 38.34 39.40 40.32 41.12 41.80 42.36 42.82 43.17 43.42 43.57 43.64 43.62 43.52 43.34 43.10 42.79 42.42 42.01 41.57 41.10 40.60 40.08 39.53 38.96 38.37 37.77 37.14 36.49 35.83 35.16 34.47 33.77 33.06 32.33 31.60 30.87 30.12 29.38 28.62 27.87 27.11 26.36 25.61 24.86 24.11 23.38 22.66 21.96 21.29 20.68 20.12 19.61 19.15 18.75 18.39 18.08 17.82 17.60 17.44 17.31 17.23 17.19 17.19 17.23 17.31 17.43 17.59 17.78 18.01 18.27 18.56 18.89 19.25 19.63 20.05
34.38 35.90 37.28 38.51 39.60 40.57 41.40 42.12 42.72 43.20 43.58 43.86 44.04 44.13 44.13 44.05 43.89 43.67 43.38 43.02 42.62 42.19 41.73 41.24 40.73 40.20 39.64 39.06 38.46 37.84 37.20 36.55 35.88 35.20 34.50 33.79 33.08 32.35 31.62 30.88 30.13 29.38 28.63 27.87 27.12 26.37 25.62 24.88 24.15 23.44 22.75 22.07 21.43 20.83 20.30 19.81 19.37 18.99 18.65 18.37 18.13 17.93 17.78 17.68 17.62 17.60 17.62 17.68 17.78 17.92 18.09 18.30 18.55 18.83 19.14 19.49 19.86 20.26
34.38 35.95 37.37 38.64 39.78 40.78 41.65 42.40 43.04 43.55 43.96 44.27 44.47 44.59 44.61 44.56 44.42 44.21 43.94 43.60 43.21 42.79 42.34 41.87 41.37 40.84 40.29 39.72 39.13 38.52 37.89 37.25 36.59 35.91 35.22 34.52 33.81 33.09 32.36 31.62 30.88 30.13 29.38 28.63 27.87 27.12 26.38 25.65 24.93 24.23 23.54 22.86 22.21 21.59 21.02 20.50 20.03 19.62 19.25 18.94 18.67 18.45 18.28 18.15 18.06 18.02 18.02 18.06 18.14 18.26 18.42 18.61 18.84 19.10 19.40 19.73 20.09 20.48
34.34 35.95 37.42 38.74 39.91 40.96 41.87 42.66 43.32 43.87 44.31 44.65 44.88 45.02 45.07 45.03 44.92 44.73 44.47 44.15 43.77 43.37 42.93 42.47 41.98 41.47 40.93 40.37 39.79 39.19 38.57 37.93 37.27 36.60 35.92 35.23 34.52 33.80 33.08 32.35 31.61 30.86 30.12 29.37 28.62 27.87 27.14 26.42 25.71 25.01 24.33 23.66 23.01 22.37 21.77 21.22 20.72 20.28 19.88 19.54 19.25 19.00 18.80 18.64 18.53 18.47 18.44 18.46 18.52 18.62 18.75 18.93 19.14 19.38 19.66 19.98 20.32 20.70
