data_processed/recharge/precip/Precip_2012_04.asc
ncols        168
nrows        136
xllcorner    455000
yllcorner    2107000
cellsize     500
NODATA_value     -99999
[rows 0 to 34 of 136, columns 0 to 77 of 168]
33.41 36.46 38.85 40.62 42.25 43.84 45.38 46.85 48.25 49.56 50.76 51.85 52.81 53.63 54.29 54.78 55.09 55.15 54.74 53.96 53.12 52.57 52.66 53.29 53.93 54.50 54.99 55.40 55.68 55.79 55.70 55.43 54.99 54.42 53.71 52.90 51.98 51.00 49.95 48.86 47.75 46.63 45.52 44.51 43.82 43.59 43.95 45.05 46.79 48.18 48.77 48.62 47.78 46.34 44.62 42.93 41.30 39.75 38.27 36.87 35.55 34.32 33.18 32.13 31.18 30.33 29.59 28.95 28.44 28.14 28.08 28.22 28.53 28.99 29.55 30.14 30.77 31.41
34.27 36.42 38.15 39.82 41.48 43.12 44.73 46.29 47.80 49.24 50.60 51.86 53.01 54.04 54.93 55.68 56.26 56.67 56.86 56.69 56.32 56.07 56.29 56.93 57.57 58.14 58.62 58.98 59.15 59.11 58.87 58.46 57.89 57.17 56.33 55.38 54.34 53.23 52.06 50.85 49.61 48.37 47.14 45.95 44.90 44.26 44.19 44.82 46.08 46.98 47.10 46.50 45.25 43.70 42.16 40.68 39.28 37.94 36.67 35.48 34.37 33.35 32.41 31.56 30.81 30.15 29.60 29.15 28.81 28.60 28.57 28.74 29.07 29.55 30.11 30.73 31.37 32.02
34.64 36.29 37.92 39.58 41.26 42.94 44.62 46.26 47.87 49.44 50.93 52.36 53.69 54.93 56.05 57.04 57.89 58.59 59.12 59.45 59.54 59.59 59.95 60.62 61.27 61.84 62.29 62.53 62.55 62.37 61.99 61.43 60.72 59.87 58.90 57.81 56.64 55.40 54.10 52.77 51.41 50.05 48.71 47.39 46.13 45.07 44.51 44.62 45.33 45.69 45.29 44.20 42.79 41.38 40.03 38.74 37.51 36.35 35.26 34.24 33.30 32.45 31.67 30.99 30.39 29.90 29.50 29.20 29.01 28.93 28.97 29.17 29.53 30.02 30.61 31.24 31.89 32.54
34.85 36.40 38.00 39.66 41.35 43.06 44.78 46.50 48.21 49.88 51.52 53.10 54.61 56.04 57.37 58.60 59.71 60.68 61.51 62.18 62.68 63.04 63.54 64.25 64.92 65.47 65.80 65.90 65.77 65.44 64.91 64.22 63.37 62.38 61.27 60.05 58.75 57.38 55.96 54.50 53.02 51.54 50.08 48.65 47.27 45.97 44.92 44.45 44.56 44.33 43.37 42.07 40.76 39.50 38.30 37.15 36.07 35.05 34.10 33.21 32.41 31.68 31.03 30.47 30.00 29.62 29.34 29.16 29.08 29.11 29.24 29.50 29.89 30.41 31.01 31.66 32.32 32.93
35.09 36.57 38.14 39.77 41.47 43.20 44.97 46.76 48.54 50.33 52.08 53.81 55.49 57.10 58.65 60.10 61.46 62.71 63.82 64.80 65.63 66.31 66.97 67.72 68.38 68.82 69.00 68.95 68.67 68.19 67.52 66.68 65.69 64.56 63.32 61.97 60.54 59.04 57.49 55.91 54.31 52.71 51.13 49.59 48.10 46.68 45.35 44.32 43.78 42.93 41.70 40.47 39.28 38.13 37.04 36.00 35.02 34.10 33.25 32.47 31.76 31.12 30.56 30.09 29.70 29.41 29.20 29.10 29.09 29.19 29.39 29.71 30.14 30.69 31.31 31.96 32.57 33.12
35.13 36.55 38.07 39.68 41.37 43.12 44.92 46.76 48.63 50.50 52.38 54.24 56.08 57.87 59.62 61.29 62.89 64.40 65.80 67.08 68.23 69.24 70.11 70.89 71.44 71.72 71.75 71.54 71.11 70.48 69.67 68.69 67.56 66.29 64.91 63.43 61.87 60.24 58.57 56.86 55.14 53.42 51.73 50.07 48.47 46.94 45.49 44.17 43.04 41.87 40.67 39.52 38.40 37.33 36.31 35.35 34.43 33.58 32.79 32.07 31.41 30.83 30.33 29.90 29.56 29.31 29.15 29.08 29.11 29.24 29.48 29.82 30.28 30.85 31.48 32.07 32.60 33.08
34.91 36.24 37.70 39.27 40.94 42.69 44.51 46.39 48.32 50.28 52.26 54.24 56.22 58.18 60.11 61.99 63.81 65.56 67.23 68.80 70.26 71.59 72.77 73.61 74.02 74.14 74.02 73.66 73.08 72.30 71.35 70.22 68.95 67.55 66.03 64.42 62.73 60.97 59.17 57.34 55.50 53.67 51.85 50.08 48.37 46.73 45.18 43.74 42.47 41.30 40.16 39.05 37.99 36.97 35.99 35.07 34.20 33.38 32.62 31.93 31.31 30.75 30.27 29.87 29.55 29.31 29.16 29.11 29.15 29.28 29.52 29.87 30.32 30.91 31.51 32.02 32.47 32.87
34.68 35.90 37.27 38.77 40.38 42.11 43.92 45.82 47.78 49.79 51.84 53.92 56.01 58.11 60.19 62.25 64.27 66.24 68.14 69.97 71.70 73.33 74.78 75.85 76.28 76.26 75.98 75.47 74.75 73.83 72.73 71.47 70.06 68.52 66.87 65.12 63.30 61.42 59.50 57.54 55.58 53.63 51.71 49.82 48.00 46.25 44.60 43.13 41.87 40.72 39.63 38.58 37.56 36.58 35.65 34.76 33.92 33.14 32.42 31.75 31.15 30.62 30.16 29.78 29.47 29.24 29.11 29.06 29.10 29.24 29.48 29.82 30.29 30.93 31.59 32.06 32.43 32.74
34.54 35.62 36.87 38.27 39.80 41.46 43.24 45.11 47.07 49.11 51.20 53.34 55.52 57.72 59.92 62.13 64.31 66.46 68.57 70.63 72.60 74.45 76.14 77.46 78.10 78.10 77.68 77.02 76.16 75.09 73.85 72.45 70.90 69.23 67.45 65.58 63.63 61.63 59.58 57.51 55.43 53.37 51.33 49.33 47.40 45.56 43.88 42.43 41.19 40.06 39.00 37.99 37.02 36.09 35.19 34.35 33.55 32.80 32.10 31.47 30.89 30.38 29.94 29.58 29.29 29.08 28.95 28.91 28.95 29.10 29.34 29.70 30.23 30.95 31.67 32.18 32.50 32.72
34.51 35.44 36.54 37.80 39.23 40.79 42.50 44.32 46.25 48.27 50.38 52.55 54.78 57.05 59.35 61.66 63.98 66.29 68.57 70.81 72.96 75.00 76.90 78.44 79.31 79.50 79.09 78.30 77.29 76.09 74.71 73.17 71.49 69.69 67.78 65.78 63.71 61.58 59.41 57.23 55.04 52.86 50.71 48.61 46.58 44.71 43.06 41.65 40.43 39.33 38.28 37.30 36.38 35.49 34.64 33.83 33.07 32.35 31.69 31.08 30.54 30.05 29.63 29.29 29.01 28.81 28.70 28.66 28.72 28.86 29.13 29.56 30.17 30.95 31.73 32.29 32.63 32.80
34.52 35.38 36.31 37.41 38.69 40.14 41.74 43.48 45.35 47.33 49.41 51.58 53.83 56.14 58.50 60.89 63.31 65.74 68.16 70.52 72.81 75.01 77.09 78.83 79.90 80.31 80.08 79.29 78.15 76.80 75.29 73.62 71.81 69.88 67.84 65.72 63.52 61.27 58.99 56.69 54.38 52.10 49.84 47.64 45.59 43.77 42.17 40.80 39.61 38.52 37.50 36.54 35.64 34.80 33.99 33.22 32.50 31.82 31.19 30.61 30.09 29.63 29.24 28.91 28.65 28.47 28.37 28.34 28.40 28.58 28.91 29.42 30.11 30.95 31.77 32.37 32.75 32.92
34.52 35.35 36.21 37.14 38.24 39.53 41.00 42.62 44.40 46.30 48.33 50.47 52.71 55.03 57.41 59.86 62.35 64.86 67.35 69.81 72.20 74.53 76.77 78.68 79.93 80.52 80.48 79.85 78.70 77.23 75.59 73.78 71.84 69.79 67.63 65.38 63.07 60.70 58.30 55.89 53.47 51.08 48.72 46.51 44.53 42.76 41.22 39.88 38.71 37.65 36.65 35.72 34.84 34.03 33.26 32.53 31.85 31.20 30.61 30.06 29.57 29.14 28.77 28.46 28.22 28.05 27.96 27.95 28.04 28.29 28.71 29.30 30.04 30.93 31.80 32.43 32.83 33.03
34.51 35.32 36.14 36.99 37.91 39.02 40.31 41.79 43.44 45.24 47.19 49.26 51.45 53.75 56.13 58.59 61.11 63.65 66.18 68.70 71.18 73.61 75.97 78.03 79.43 80.18 80.30 79.85 78.84 77.36 75.59 73.66 71.59 69.41 67.13 64.76 62.33 59.85 57.34 54.81 52.29 49.80 47.44 45.30 43.39 41.69 40.20 38.89 37.76 36.72 35.75 34.84 33.99 33.19 32.46 31.77 31.12 30.52 29.96 29.44 28.98 28.57 28.22 27.94 27.72 27.57 27.49 27.51 27.68 28.02 28.53 29.18 29.98 30.91 31.81 32.47 32.89 33.10
34.50 35.27 36.07 36.88 37.71 38.63 39.73 41.03 42.52 44.18 46.01 47.99 50.10 52.34 54.69 57.13 59.63 62.16 64.70 67.25 69.79 72.30 74.76 76.93 78.46 79.34 79.60 79.28 78.43 77.08 75.29 73.24 71.05 68.74 66.34 63.86 61.31 58.72 56.10 53.46 50.85 48.35 46.08 44.03 42.20 40.56 39.12 37.85 36.75 35.73 34.79 33.90 33.08 32.31 31.60 30.94 30.34 29.77 29.24 28.76 28.33 27.95 27.62 27.36 27.16 27.02 26.98 27.09 27.36 27.79 28.36 29.08 29.92 30.89 31.81 32.49 32.92 33.13
34.47 35.22 35.98 36.76 37.55 38.37 39.27 40.36 41.66 43.16 44.84 46.69 48.70 50.85 53.13 55.49 57.93 60.42 62.95 65.51 68.07 70.63 73.17 75.43 77.05 78.03 78.41 78.21 77.48 76.26 74.58 72.51 70.20 67.78 65.26 62.66 60.00 57.29 54.56 51.84 49.22 46.83 44.66 42.70 40.94 39.38 37.99 36.76 35.69 34.70 33.78 32.92 32.12 31.38 30.70 30.07 29.49 28.96 28.47 28.02 27.62 27.27 26.97 26.73 26.55 26.46 26.51 26.71 27.07 27.58 28.22 28.98 29.87 30.86 31.80 32.48 32.92 33.13
34.43 35.16 35.89 36.63 37.38 38.15 38.95 39.84 40.92 42.21 43.71 45.40 47.27 49.30 51.45 53.71 56.06 58.49 60.98 63.51 66.08 68.67 71.25 73.57 75.26 76.32 76.78 76.67 76.04 74.92 73.35 71.37 69.04 66.50 63.86 61.15 58.38 55.57 52.74 50.03 47.53 45.25 43.19 41.32 39.64 38.14 36.80 35.62 34.58 33.62 32.73 31.90 31.13 30.42 29.76 29.16 28.61 28.11 27.65 27.24 26.87 26.55 26.27 26.06 25.92 25.92 26.08 26.38 26.83 27.40 28.10 28.91 29.82 30.83 31.78 32.46 32.89 33.09
34.38 35.08 35.78 36.48 37.20 37.93 38.68 39.45 40.32 41.38 42.67 44.17 45.86 47.72 49.71 51.84 54.08 56.41 58.83 61.32 63.86 66.44 69.04 71.40 73.14 74.24 74.75 74.71 74.15 73.11 71.62 69.73 67.47 64.90 62.16 59.33 56.45 53.55 50.74 48.15 45.78 43.62 41.66 39.89 38.29 36.85 35.57 34.44 33.43 32.50 31.63 30.83 30.09 29.41 28.79 28.22 27.70 27.22 26.80 26.42 26.08 25.79 25.55 25.38 25.34 25.45 25.71 26.10 26.62 27.25 27.99 28.84 29.78 30.80 31.75 32.42 32.84 33.02
34.31 34.98 35.65 36.32 37.00 37.69 38.39 39.12 39.86 40.70 41.75 43.02 44.49 46.14 47.95 49.91 52.01 54.23 56.55 58.96 61.45 64.00 66.59 68.96 70.71 71.84 72.38 72.38 71.86 70.86 69.43 67.61 65.42 62.90 60.12 57.19 54.22 51.34 48.68 46.23 43.99 41.95 40.09 38.41 36.89 35.53 34.31 33.21 32.24 31.34 30.51 29.74 29.03 28.38 27.78 27.24 26.75 26.32 25.92 25.57 25.27 25.01 24.81 24.75 24.83 25.05 25.40 25.86 26.45 27.13 27.92 28.79 29.75 30.77 31.71 32.37 32.76 32.91
34.22 34.87 35.51 36.15 36.79 37.44 38.09 38.77 39.46 40.17 40.98 41.98 43.19 44.61 46.21 47.98 49.91 51.99 54.18 56.50 58.91 61.40 63.96 66.30 68.05 69.17 69.71 69.72 69.21 68.24 66.84 65.05 62.90 60.43 57.69 54.74 51.80 49.07 46.56 44.26 42.15 40.23 38.48 36.89 35.46 34.17 33.00 31.96 31.02 30.15 29.35 28.62 27.94 27.32 26.76 26.25 25.79 25.39 25.02 24.71 24.44 24.23 24.15 24.20 24.39 24.71 25.14 25.68 26.32 27.05 27.87 28.76 29.72 30.74 31.66 32.30 32.67 32.78
34.12 34.74 35.35 35.96 36.56 37.17 37.78 38.40 39.04 39.69 40.35 41.09 42.02 43.18 44.54 46.10 47.83 49.73 51.78 53.96 56.27 58.68 61.17 63.47 65.18 66.27 66.79 66.77 66.26 65.28 63.88 62.10 59.97 57.52 54.82 52.03 49.31 46.76 44.40 42.25 40.27 38.47 36.83 35.34 33.99 32.77 31.67 30.67 29.77 28.94 28.17 27.47 26.83 26.24 25.71 25.24 24.81 24.44 24.11 23.83 23.62 23.53 23.57 23.74 24.03 24.43 24.94 25.54 26.23 27.00 27.84 28.75 29.71 30.71 31.61 32.22 32.55 32.62
33.99 34.59 35.17 35.74 36.31 36.88 37.44 38.02 38.60 39.18 39.76 40.35 41.02 41.89 42.98 44.30 45.81 47.51 49.38 51.41 53.58 55.88 58.29 60.51 62.15 63.19 63.65 63.59 63.04 62.03 60.61 58.81 56.66 54.23 51.68 49.18 46.74 44.40 42.21 40.20 38.36 36.68 35.15 33.76 32.50 31.35 30.31 29.36 28.50 27.70 26.97 26.30 25.70 25.15 24.65 24.21 23.82 23.49 23.19 22.97 22.88 22.92 23.08 23.36 23.74 24.22 24.80 25.46 26.19 26.99 27.85 28.76 29.71 30.69 31.56 32.13 32.41 32.43
33.84 34.42 34.97 35.51 36.04 36.57 37.09 37.61 38.13 38.64 39.16 39.67 40.19 40.78 41.59 42.63 43.90 45.37 47.04 48.89 50.90 53.06 55.34 57.47 59.02 59.97 60.36 60.22 59.60 58.54 57.06 55.21 53.05 50.74 48.46 46.23 44.07 41.98 39.99 38.13 36.42 34.87 33.45 32.16 30.98 29.91 28.93 28.03 27.21 26.45 25.75 25.12 24.55 24.04 23.58 23.18 22.83 22.52 22.30 22.19 22.23 22.40 22.68 23.06 23.53 24.09 24.72 25.42 26.19 27.01 27.88 28.78 29.72 30.67 31.50 32.03 32.26 32.22
33.67 34.22 34.75 35.26 35.75 36.24 36.71 37.18 37.64 38.09 38.53 38.98 39.42 39.87 40.40 41.15 42.14 43.36 44.80 46.43 48.26 50.25 52.39 54.40 55.82 56.66 56.94 56.71 56.00 54.85 53.29 51.39 49.32 47.26 45.24 43.26 41.34 39.49 37.71 36.02 34.46 33.03 31.72 30.53 29.44 28.45 27.53 26.69 25.90 25.18 24.53 23.93 23.40 22.93 22.51 22.14 21.83 21.59 21.48 21.52 21.69 21.97 22.36 22.84 23.40 24.02 24.70 25.45 26.24 27.07 27.94 28.84 29.75 30.66 31.44 31.91 32.08 31.97
33.47 34.00 34.50 34.98 35.44 35.88 36.31 36.72 37.12 37.52 37.90 38.28 38.66 39.04 39.42 39.89 40.58 41.52 42.70 44.10 45.70 47.51 49.48 51.33 52.61 53.31 53.46 53.10 52.27 51.00 49.36 47.53 45.69 43.86 42.07 40.32 38.61 36.97 35.39 33.88 32.47 31.17 29.98 28.89 27.89 26.98 26.13 25.34 24.59 23.91 23.30 22.74 22.25 21.81 21.43 21.11 20.86 20.74 20.78 20.95 21.24 21.64 22.13 22.69 23.33 24.02 24.75 25.52 26.34 27.18 28.04 28.91 29.79 30.66 31.38 31.79 31.89 31.71
33.25 33.76 34.23 34.67 35.10 35.50 35.88 36.25 36.60 36.94 37.27 37.59 37.91 38.22 38.54 38.86 39.26 39.90 40.79 41.92 43.29 44.87 46.65 48.32 49.43 49.96 49.95 49.43 48.46 47.07 45.47 43.85 42.22 40.61 39.02 37.46 35.94 34.47 33.07 31.73 30.47 29.30 28.22 27.24 26.33 25.49 24.71 23.98 23.28 22.64 22.06 21.55 21.09 20.70 20.36 20.10 19.98 20.01 20.18 20.48 20.88 21.38 21.97 22.62 23.33 24.08 24.86 25.66 26.48 27.32 28.16 29.01 29.85 30.67 31.33 31.67 31.69 31.42
33.00 33.48 33.93 34.34 34.73 35.10 35.44 35.76 36.07 36.36 36.63 36.90 37.16 37.42 37.68 37.93 38.19 38.54 39.12 39.96 41.06 42.40 43.95 45.41 46.32 46.65 46.46 45.76 44.63 43.27 41.85 40.42 38.98 37.55 36.14 34.75 33.39 32.07 30.81 29.61 28.48 27.43 26.46 25.58 24.77 24.01 23.30 22.62 21.96 21.37 20.83 20.36 19.95 19.60 19.33 19.20 19.22 19.39 19.69 20.10 20.61 21.21 21.88 22.61 23.39 24.19 25.02 25.85 26.68 27.50 28.33 29.14 29.93 30.68 31.27 31.53 31.47 31.12
32.72 33.18 33.60 33.99 34.34 34.68 34.98 35.27 35.53 35.78 36.01 36.23 36.44 36.65 36.84 37.04 37.24 37.44 37.73 38.26 39.06 40.12 41.42 42.65 43.33 43.44 43.03 42.16 41.01 39.81 38.57 37.31 36.04 34.76 33.49 32.24 31.02 29.82 28.68 27.58 26.55 25.59 24.71 23.92 23.20 22.53 21.88 21.26 20.66 20.10 19.61 19.18 18.82 18.53 18.40 18.42 18.58 18.88 19.30 19.82 20.43 21.12 21.87 22.67 23.50 24.36 25.22 26.08 26.92 27.73 28.52 29.29 30.03 30.71 31.22 31.40 31.24 30.79
32.41 32.85 33.25 33.61 33.94 34.25 34.52 34.77 35.00 35.21 35.41 35.58 35.75 35.90 36.05 36.19 36.33 36.47 36.62 36.85 37.33 38.10 39.12 40.08 40.51 40.37 39.75 38.83 37.83 36.78 35.69 34.57 33.44 32.29 31.14 30.00 28.88 27.78 26.72 25.71 24.75 23.85 23.03 22.30 21.65 21.05 20.48 19.92 19.36 18.85 18.40 18.02 17.72 17.58 17.59 17.76 18.06 18.48 19.01 19.63 20.34 21.11 21.93 22.79 23.68 24.57 25.47 26.35 27.20 28.00 28.76 29.47 30.14 30.76 31.18 31.26 31.00 30.45
32.07 32.49 32.88 33.22 33.54 33.82 34.07 34.29 34.49 34.67 34.82 34.96 35.09 35.20 35.30 35.39 35.48 35.57 35.65 35.74 35.93 36.36 37.08 37.75 37.90 37.51 36.82 36.02 35.16 34.24 33.28 32.27 31.24 30.20 29.14 28.08 27.03 26.01 25.01 24.05 23.13 22.27 21.48 20.77 20.14 19.59 19.09 18.58 18.08 17.61 17.21 16.90 16.75 16.76 16.92 17.22 17.64 18.18 18.82 19.53 20.32 21.17 22.05 22.97 23.90 24.83 25.75 26.65 27.50 28.30 29.03 29.69 30.29 30.81 31.14 31.12 30.77 30.19
31.70 32.12 32.49 32.83 33.12 33.39 33.62 33.82 33.99 34.14 34.27 34.37 34.46 34.54 34.60 34.65 34.69 34.73 34.76 34.80 34.84 34.97 35.36 35.71 35.57 35.10 34.50 33.82 33.07 32.25 31.38 30.47 29.52 28.54 27.55 26.54 25.55 24.56 23.59 22.65 21.76 20.91 20.12 19.39 18.75 18.19 17.72 17.27 16.81 16.40 16.07 15.91 15.91 16.07 16.37 16.79 17.34 17.98 18.72 19.52 20.39 21.30 22.25 23.21 24.18 25.14 26.07 26.97 27.82 28.61 29.31 29.93 30.45 30.88 31.11 30.99 30.62 30.09
31.32 31.73 32.10 32.43 32.72 32.97 33.18 33.37 33.52 33.65 33.75 33.83 33.88 33.92 33.95 33.96 33.96 33.96 33.95 33.93 33.92 33.91 33.99 34.03 33.77 33.37 32.87 32.28 31.61 30.87 30.07 29.21 28.31 27.38 26.42 25.45 24.47 23.49 22.53 21.59 20.68 19.81 19.00 18.24 17.55 16.94 16.42 15.98 15.58 15.24 15.06 15.05 15.20 15.50 15.94 16.49 17.14 17.89 18.71 19.60 20.53 21.51 22.50 23.50 24.50 25.48 26.43 27.33 28.16 28.93 29.60 30.18 30.64 30.97 31.10 30.96 30.64 30.17
30.92 31.34 31.70 32.03 32.31 32.55 32.76 32.93 33.07 33.18 33.26 33.31 33.35 33.36 33.35 33.33 33.30 33.25 33.20 33.14 33.08 33.02 32.97 32.88 32.68 32.36 31.94 31.41 30.80 30.11 29.35 28.53 27.65 26.74 25.79 24.82 23.83 22.85 21.86 20.89 19.95 19.04 18.17 17.35 16.59 15.91 15.31 14.79 14.39 14.19 14.17 14.32 14.62 15.05 15.61 16.27 17.03 17.87 18.78 19.74 20.74 21.77 22.81 23.84 24.86 25.85 26.80 27.69 28.51 29.25 29.89 30.41 30.81 31.08 31.18 31.11 30.85 30.43
30.39 30.82 31.19 31.52 31.80 32.04 32.24 32.41 32.54 32.63 32.70 32.73 32.75 32.74 32.71 32.66 32.59 32.52 32.43 32.33 32.23 32.13 32.06 32.00 31.87 31.63 31.27 30.81 30.25 29.61 28.88 28.09 27.24 26.34 25.39 24.42 23.43 22.42 21.41 20.41 19.42 18.46 17.54 16.66 15.83 15.06 14.37 13.76 13.27 13.13 13.27 13.57 14.01 14.58 15.26 16.03 16.89 17.83 18.82 19.85 20.91 21.99 23.07 24.14 25.18 26.18 27.13 28.01 28.81 29.52 30.12 30.59 30.93 31.15 31.26 31.24 31.05 30.69
29.69 30.13 30.51 30.85 31.13 31.38 31.58 31.74 31.86 31.95 32.00 32.03 32.03 32.00 31.95 31.88 31.79 31.68 31.56 31.44 31.30 31.19 31.14 31.10 31.01 30.84 30.57 30.17 29.68 29.09 28.41 27.65 26.83 25.96 25.03 24.07 23.07 22.06 21.04 20.01 18.99 17.99 17.02 16.09 15.20 14.36 13.59 12.88 12.30 12.07 12.26 12.71 13.29 13.99 14.80 15.69 16.65 17.68 18.75 19.86 20.98 22.11 23.23 24.33 25.40 26.41 27.36 28.24 29.02 29.70 30.26 30.68 30.98 31.17 31.25 31.24 31.11 30.82
28.81 29.27 29.67 30.01 30.31 30.56 30.77 30.93 31.06 31.14 31.19 31.21 31.20 31.16 31.09 31.00 30.89 30.76 30.62 30.47 30.33 30.24 30.21 30.19 30.12 29.99 29.79 29.48 29.06 28.53 27.91 27.21 26.43 25.59 24.69 23.74 22.76 21.75 20.72 19.68 18.64 17.62 16.61 15.63 14.69 13.79 12.95 12.15 11.47 11.14 11.26 11.75 12.48 13.31 14.24 15.25 16.32 17.44 18.59 19.77 20.96 22.15 23.31 24.45 25.53 26.56 27.52 28.38 29.15 29.80 30.32 30.71 30.98 31.14 31.19 31.16 31.05 30.82
