data_processed/recharge/precip/Precip_2012_07.asc
ncols        168
nrows        136
xllcorner    455000
yllcorner    2107000
cellsize     500
NODATA_value     -99999
[rows 32 to 63 of 136, columns 71 to 141 of 168]
215.28 213.76 212.19 210.55 208.85 207.09 205.27 203.38 201.46 199.52 197.58 195.61 193.63 191.62 189.60 187.57 185.52 183.46 181.39 179.32 177.25 175.17 173.10 171.03 168.97 166.91 164.87 162.83 160.81 158.81 156.83 154.87 152.93 151.02 149.14 147.29 145.47 143.68 141.94 140.23 138.56 136.94 135.37 133.84 132.36 130.94 129.57 128.26 127.01 125.82 124.69 123.63 122.64 121.72 120.87 120.10 119.41 118.80 118.26 117.82 117.45 117.18 117.00 116.91 116.93 117.06 117.31 117.69 118.19 118.76 119.38
214.64 213.11 211.53 209.88 208.18 206.41 204.58 202.69 200.76 198.82 196.86 194.88 192.89 190.88 188.86 186.82 184.78 182.74 180.69 178.63 176.58 174.54 172.49 170.46 168.43 166.42 164.42 162.44 160.47 158.53 156.61 154.72 152.85 151.01 149.21 147.44 145.71 144.01 142.36 140.75 139.19 137.67 136.21 134.79 133.43 132.13 130.89 129.71 128.59 127.54 126.56 125.64 124.80 124.03 123.35 122.74 122.21 121.76 121.41 121.14 120.96 120.87 120.88 120.98 121.19 121.50 121.94 122.50 123.13 123.79 124.48
213.92 212.39 210.80 209.16 207.45 205.68 203.85 201.96 200.03 198.07 196.10 194.12 192.12 190.11 188.10 186.07 184.04 182.02 179.99 177.96 175.94 173.92 171.92 169.92 167.94 165.98 164.03 162.10 160.20 158.32 156.47 154.65 152.86 151.11 149.39 147.70 146.06 144.47 142.91 141.41 139.95 138.55 137.20 135.91 134.67 133.50 132.39 131.34 130.37 129.46 128.62 127.86 127.18 126.57 126.04 125.60 125.25 124.98 124.80 124.71 124.72 124.83 125.03 125.33 125.74 126.26 126.88 127.57 128.30 129.04 129.80
213.14 211.61 210.02 208.38 206.67 204.91 203.08 201.16 199.20 197.23 195.26 193.27 191.28 189.28 187.27 185.26 183.25 181.25 179.24 177.25 175.26 173.28 171.32 169.37 167.44 165.53 163.64 161.78 159.94 158.14 156.36 154.62 152.91 151.24 149.61 148.02 146.48 144.99 143.54 142.14 140.80 139.52 138.29 137.12 136.02 134.98 134.00 133.10 132.27 131.51 130.83 130.23 129.70 129.26 128.91 128.64 128.46 128.37 128.38 128.48 128.68 128.99 129.39 129.90 130.52 131.23 131.96 132.74 133.54 134.37 135.21
212.32 210.79 209.21 207.57 205.87 204.10 202.25 200.24 198.18 196.18 194.21 192.22 190.24 188.25 186.26 184.27 182.28 180.30 178.33 176.37 174.42 172.49 170.57 168.67 166.80 164.95 163.12 161.33 159.56 157.83 156.13 154.47 152.85 151.27 149.74 148.25 146.81 145.42 144.09 142.81 141.58 140.42 139.32 138.28 137.31 136.41 135.58 134.83 134.14 133.54 133.02 132.57 132.22 131.95 131.77 131.68 131.68 131.78 131.98 132.27 132.67 133.18 133.79 134.51 135.32 136.13 136.87 137.65 138.53 139.43 140.35
211.49 209.96 208.37 206.73 205.03 203.24 201.30 199.18 197.02 194.93 192.93 190.95 188.98 187.00 185.03 183.07 181.11 179.16 177.23 175.31 173.40 171.52 169.65 167.81 166.00 164.21 162.45 160.73 159.04 157.38 155.77 154.20 152.67 151.19 149.75 148.37 147.03 145.76 144.54 143.38 142.28 141.24 140.27 139.37 138.54 137.78 137.10 136.49 135.96 135.52 135.16 134.88 134.70 134.60 134.60 134.69 134.88 135.17 135.56 136.06 136.66 137.37 138.19 139.11 140.03 140.83 141.55 142.32 143.21 144.18 145.17
210.63 209.10 207.52 205.88 204.15 202.27 200.22 197.99 195.72 193.54 191.47 189.47 187.51 185.56 183.61 181.68 179.75 177.84 175.95 174.07 172.21 170.38 168.57 166.79 165.04 163.32 161.64 159.99 158.38 156.81 155.28 153.80 152.37 150.99 149.66 148.38 147.16 146.00 144.90 143.86 142.89 141.98 141.15 140.39 139.70 139.09 138.56 138.11 137.74 137.46 137.27 137.16 137.15 137.24 137.42 137.70 138.08 138.56 139.15 139.85 140.66 141.58 142.60 143.62 144.53 145.32 146.01 146.77 147.64 148.62 149.68
209.77 208.24 206.65 204.98 203.16 201.17 199.01 196.68 194.31 192.04 189.88 187.82 185.85 183.92 182.00 180.10 178.21 176.34 174.49 172.66 170.86 169.09 167.34 165.62 163.94 162.29 160.69 159.12 157.59 156.11 154.68 153.30 151.96 150.68 149.46 148.30 147.19 146.15 145.18 144.27 143.43 142.66 141.96 141.35 140.81 140.35 139.97 139.68 139.48 139.37 139.35 139.42 139.59 139.85 140.22 140.69 141.27 141.96 142.75 143.66 144.68 145.80 146.92 147.93 148.82 149.59 150.27 151.00 151.86 152.82 153.89
208.89 207.35 205.74 203.98 202.05 199.96 197.69 195.26 192.79 190.43 188.19 186.05 184.03 182.10 180.21 178.35 176.50 174.68 172.88 171.10 169.36 167.64 165.96 164.31 162.70 161.14 159.61 158.13 156.69 155.30 153.97 152.68 151.46 150.29 149.18 148.13 147.15 146.23 145.38 144.60 143.90 143.27 142.73 142.26 141.87 141.57 141.35 141.23 141.19 141.25 141.41 141.66 142.01 142.47 143.03 143.70 144.47 145.36 146.37 147.48 148.71 149.93 151.04 152.03 152.91 153.66 154.32 155.04 155.87 156.81 157.86
208.00 206.43 204.73 202.86 200.83 198.63 196.26 193.74 191.17 188.72 186.40 184.19 182.10 180.13 178.25 176.43 174.63 172.85 171.11 169.39 167.71 166.06 164.45 162.87 161.34 159.85 158.41 157.02 155.68 154.39 153.15 151.98 150.86 149.80 148.81 147.88 147.02 146.24 145.52 144.88 144.32 143.84 143.44 143.12 142.90 142.75 142.70 142.75 142.89 143.12 143.46 143.90 144.44 145.09 145.84 146.71 147.69 148.79 150.01 151.33 152.65 153.86 154.96 155.93 156.79 157.52 158.17 158.87 159.68 160.60 161.63
207.08 205.42 203.61 201.63 199.50 197.20 194.74 192.11 189.46 186.93 184.52 182.25 180.10 178.07 176.16 174.35 172.60 170.88 169.19 167.54 165.92 164.34 162.80 161.31 159.86 158.46 157.11 155.81 154.57 153.38 152.25 151.18 150.18 149.24 148.37 147.57 146.84 146.19 145.61 145.11 144.70 144.37 144.12 143.96 143.89 143.92 144.04 144.25 144.57 144.99 145.51 146.13 146.87 147.72 148.68 149.75 150.94 152.25 153.67 155.09 156.40 157.60 158.67 159.63 160.47 161.19 161.82 162.50 163.29 164.20 165.20
206.07 204.30 202.39 200.31 198.08 195.68 193.12 190.41 187.66 185.05 182.57 180.23 178.02 175.94 173.98 172.15 170.43 168.76 167.14 165.55 164.01 162.50 161.04 159.63 158.27 156.96 155.70 154.50 153.36 152.28 151.26 150.31 149.42 148.61 147.86 147.19 146.60 146.08 145.65 145.30 145.03 144.86 144.77 144.77 144.87 145.06 145.36 145.75 146.25 146.85 147.57 148.39 149.32 150.37 151.53 152.82 154.22 155.73 157.25 158.66 159.96 161.13 162.19 163.14 163.96 164.66 165.27 165.94 166.71 167.59 168.58
204.96 203.09 201.08 198.90 196.57 194.08 191.43 188.62 185.79 183.10 180.55 178.14 175.88 173.75 171.75 169.88 168.14 166.52 164.96 163.44 161.97 160.55 159.17 157.85 156.58 155.36 154.21 153.11 152.07 151.10 150.20 149.37 148.60 147.92 147.30 146.77 146.31 145.94 145.65 145.45 145.34 145.32 145.40 145.57 145.84 146.21 146.68 147.26 147.94 148.73 149.64 150.66 151.79 153.05 154.42 155.92 157.53 159.14 160.65 162.04 163.32 164.48 165.52 166.45 167.25 167.94 168.54 169.19 169.94 170.80 171.77
203.76 201.80 199.68 197.41 194.99 192.40 189.66 186.76 183.85 181.08 178.46 176.00 173.68 171.50 169.47 167.57 165.81 164.17 162.66 161.22 159.83 158.49 157.20 155.97 154.79 153.68 152.62 151.63 150.71 149.86 149.07 148.36 147.73 147.17 146.69 146.30 145.99 145.76 145.63 145.58 145.63 145.77 146.02 146.36 146.80 147.35 148.00 148.77 149.64 150.63 151.74 152.96 154.30 155.77 157.36 159.06 160.77 162.37 163.86 165.24 166.49 167.64 168.66 169.57 170.36 171.03 171.61 172.25 172.99 173.83 174.77
202.49 200.43 198.21 195.85 193.33 190.66 187.83 184.85 181.85 179.01 176.33 173.80 171.43 169.21 167.14 165.22 163.43 161.79 160.28 158.89 157.58 156.33 155.14 154.00 152.92 151.91 150.97 150.09 149.28 148.55 147.89 147.31 146.81 146.38 146.05 145.79 145.63 145.56 145.58 145.69 145.91 146.22 146.63 147.15 147.77 148.50 149.35 150.30 151.37 152.56 153.87 155.30 156.85 158.53 160.33 162.13 163.83 165.41 166.88 168.24 169.48 170.61 171.61 172.51 173.28 173.94 174.51 175.12 175.85 176.67 177.59
201.14 198.98 196.68 194.22 191.62 188.86 185.94 182.88 179.81 176.89 174.15 171.57 169.15 166.89 164.78 162.83 161.03 159.37 157.86 156.49 155.25 154.08 152.99 151.95 150.98 150.08 149.25 148.49 147.80 147.19 146.66 146.21 145.84 145.56 145.37 145.27 145.25 145.34 145.52 145.80 146.18 146.66 147.25 147.95 148.76 149.68 150.71 151.86 153.13 154.53 156.04 157.68 159.45 161.34 163.23 165.03 166.71 168.27 169.72 171.06 172.29 173.39 174.39 175.26 176.02 176.66 177.22 177.82 178.53 179.33 180.23
199.73 197.48 195.09 192.54 189.85 187.01 184.01 180.87 177.72 174.74 171.93 169.30 166.83 164.53 162.40 160.43 158.61 156.94 155.43 154.07 152.85 151.76 150.76 149.83 148.97 148.18 147.47 146.83 146.27 145.79 145.39 145.08 144.85 144.71 144.67 144.72 144.87 145.11 145.45 145.90 146.46 147.12 147.89 148.77 149.77 150.88 152.11 153.46 154.94 156.54 158.27 160.12 162.10 164.08 165.97 167.74 169.40 170.95 172.39 173.71 174.91 176.00 176.98 177.84 178.59 179.21 179.75 180.34 181.03 181.82 182.70
198.27 195.93 193.45 190.82 188.04 185.12 182.04 178.82 175.60 172.55 169.69 167.00 164.50 162.16 160.00 158.01 156.18 154.51 153.00 151.64 150.44 149.39 148.47 147.65 146.90 146.23 145.64 145.12 144.69 144.35 144.09 143.92 143.84 143.85 143.96 144.17 144.47 144.88 145.40 146.02 146.75 147.59 148.55 149.62 150.81 152.12 153.55 155.11 156.79 158.60 160.55 162.61 164.69 166.67 168.53 170.28 171.93 173.46 174.87 176.17 177.36 178.44 179.40 180.25 180.98 181.59 182.12 182.69 183.37 184.13 185.00
196.76 194.33 191.76 189.05 186.20 183.19 180.04 176.74 173.46 170.35 167.43 164.70 162.15 159.78 157.60 155.58 153.74 152.07 150.57 149.23 148.04 147.02 146.15 145.42 144.79 144.24 143.77 143.39 143.09 142.88 142.76 142.74 142.81 142.97 143.24 143.61 144.08 144.66 145.35 146.15 147.06 148.09 149.24 150.50 151.89 153.40 155.04 156.80 158.70 160.73 162.89 165.05 167.12 169.07 170.92 172.65 174.28 175.79 177.19 178.47 179.64 180.70 181.65 182.48 183.20 183.80 184.31 184.87 185.53 186.28 187.13
195.21 192.70 190.05 187.26 184.33 181.25 178.02 174.65 171.30 168.13 165.16 162.38 159.80 157.40 155.19 153.17 151.32 149.65 148.15 146.82 145.66 144.67 143.83 143.16 142.63 142.21 141.87 141.62 141.46 141.40 141.42 141.55 141.77 142.10 142.53 143.07 143.71 144.46 145.33 146.31 147.41 148.63 149.97 151.43 153.02 154.74 156.59 158.57 160.68 162.92 165.17 167.33 169.37 171.31 173.14 174.85 176.46 177.95 179.33 180.60 181.76 182.80 183.73 184.55 185.25 185.84 186.35 186.89 187.53 188.27 189.09
193.64 191.05 188.32 185.45 182.44 179.29 175.99 172.55 169.13 165.91 162.89 160.07 157.45 155.03 152.80 150.76 148.91 147.24 145.75 144.44 143.31 142.35 141.56 140.93 140.46 140.15 139.95 139.84 139.82 139.90 140.08 140.36 140.75 141.23 141.83 142.54 143.36 144.29 145.34 146.51 147.80 149.21 150.75 152.41 154.21 156.14 158.20 160.40 162.72 165.06 167.30 169.44 171.46 173.38 175.19 176.89 178.47 179.95 181.31 182.57 183.71 184.74 185.65 186.46 187.15 187.73 188.22 188.75 189.38 190.09 190.90
192.05 189.37 186.57 183.62 180.54 177.32 173.95 170.45 166.97 163.69 160.62 157.77 155.12 152.67 150.42 148.38 146.52 144.86 143.39 142.10 140.99 140.07 139.32 138.74 138.33 138.09 138.01 138.04 138.17 138.41 138.74 139.18 139.73 140.39 141.15 142.04 143.03 144.15 145.39 146.75 148.23 149.84 151.58 153.46 155.46 157.61 159.89 162.30 164.72 167.05 169.27 171.39 173.39 175.29 177.08 178.76 180.33 181.79 183.13 184.37 185.50 186.51 187.42 188.21 188.89 189.45 189.93 190.45 191.06 191.76 192.55
190.44 187.69 184.81 181.80 178.64 175.35 171.92 168.36 164.82 161.49 158.38 155.48 152.80 150.34 148.08 146.02 144.17 142.52 141.06 139.79 138.72 137.83 137.13 136.60 136.26 136.09 136.09 136.25 136.53 136.92 137.41 138.02 138.73 139.56 140.51 141.57 142.75 144.06 145.48 147.04 148.72 150.54 152.49 154.57 156.80 159.16 161.65 164.16 166.57 168.88 171.08 173.18 175.16 177.04 178.81 180.47 182.02 183.47 184.80 186.02 187.13 188.13 189.02 189.80 190.47 191.02 191.49 191.99 192.59 193.28 194.05
188.83 186.01 183.06 179.97 176.76 173.40 169.91 166.28 162.68 159.30 156.15 153.23 150.52 148.03 145.76 143.71 141.86 140.22 138.78 137.54 136.50 135.65 135.00 134.53 134.25 134.15 134.23 134.48 134.90 135.45 136.11 136.88 137.77 138.77 139.90 141.15 142.52 144.01 145.64 147.39 149.28 151.31 153.47 155.77 158.21 160.78 163.37 165.87 168.27 170.55 172.73 174.81 176.78 178.64 180.39 182.03 183.57 184.99 186.31 187.52 188.62 189.60 190.48 191.24 191.90 192.44 192.90 193.39 193.98 194.65 195.40
187.23 184.34 181.32 178.17 174.88 171.47 167.91 164.23 160.58 157.15 153.96 151.01 148.28 145.78 143.50 141.44 139.60 137.97 136.55 135.34 134.34 133.53 132.93 132.52 132.31 132.28 132.44 132.79 133.31 134.00 134.83 135.78 136.84 138.03 139.34 140.77 142.34 144.03 145.86 147.82 149.91 152.15 154.53 157.05 159.70 162.38 164.96 167.43 169.81 172.07 174.24 176.29 178.24 180.08 181.81 183.44 184.96 186.37 187.67 188.87 189.95 190.92 191.79 192.54 193.18 193.72 194.16 194.64 195.22 195.87 196.61
185.64 182.68 179.60 176.38 173.04 169.56 165.95 162.21 158.51 155.04 151.82 148.83 146.08 143.57 141.28 139.22 137.39 135.78 134.39 133.21 132.25 131.49 130.94 130.59 130.45 130.50 130.74 131.18 131.80 132.61 133.59 134.72 135.96 137.33 138.83 140.46 142.22 144.12 146.15 148.32 150.63 153.08 155.68 158.42 161.17 163.83 166.39 168.85 171.20 173.45 175.59 177.62 179.55 181.38 183.09 184.71 186.21 187.60 188.89 190.07 191.14 192.10 192.95 193.69 194.33 194.85 195.28 195.75 196.31 196.96 197.68
184.08 181.05 177.90 174.63 171.23 167.69 164.03 160.24 156.49 152.98 149.72 146.71 143.94 141.42 139.13 137.08 135.26 133.66 132.30 131.16 130.23 129.53 129.04 128.75 128.68 128.81 129.14 129.67 130.40 131.32 132.42 133.71 135.14 136.70 138.39 140.22 142.18 144.28 146.53 148.91 151.44 154.11 156.92 159.76 162.50 165.14 167.68 170.11 172.45 174.67 176.79 178.81 180.72 182.53 184.23 185.83 187.31 188.69 189.97 191.13 192.19 193.14 193.98 194.71 195.33 195.84 196.26 196.73 197.27 197.90 198.61
182.54 179.46 176.25 172.92 169.46 165.87 162.15 158.31 154.52 150.97 147.68 144.65 141.87 139.34 137.05 135.00 133.20 131.63 130.29 129.19 128.31 127.65 127.22 127.01 127.01 127.22 127.64 128.27 129.10 130.13 131.36 132.78 134.38 136.14 138.03 140.06 142.23 144.54 146.99 149.60 152.35 155.23 158.14 160.97 163.69 166.31 168.83 171.24 173.55 175.76 177.86 179.86 181.75 183.54 185.23 186.81 188.28 189.65 190.90 192.06 193.10 194.04 194.87 195.59 196.20 196.70 197.11 197.56 198.10 198.71 199.40
181.05 177.90 174.64 171.25 167.74 164.10 160.34 156.45 152.61 149.03 145.72 142.66 139.87 137.33 135.04 133.01 131.22 129.68 128.37 127.31 126.48 125.88 125.51 125.36 125.44 125.74 126.25 126.98 127.92 129.07 130.41 131.97 133.71 135.65 137.74 139.98 142.36 144.89 147.56 150.39 153.35 156.34 159.24 162.04 164.74 167.34 169.83 172.23 174.52 176.71 178.79 180.77 182.65 184.42 186.09 187.65 189.11 190.46 191.71 192.85 193.88 194.80 195.62 196.33 196.93 197.42 197.83 198.27 198.79 199.40 200.07
179.61 176.40 173.08 169.64 166.08 162.40 158.58 154.65 150.78 147.16 143.82 140.75 137.95 135.41 133.13 131.11 129.34 127.82 126.55 125.53 124.75 124.21 123.91 123.83 123.99 124.38 124.99 125.82 126.87 128.13 129.60 131.29 133.18 135.27 137.55 140.00 142.59 145.34 148.24 151.27 154.34 157.32 160.19 162.97 165.65 168.23 170.70 173.08 175.35 177.52 179.59 181.55 183.41 185.17 186.82 188.37 189.81 191.15 192.38 193.51 194.53 195.44 196.25 196.95 197.54 198.02 198.42 198.85 199.36 199.95 200.61
178.22 174.96 171.59 168.10 164.49 160.76 156.91 152.93 149.02 145.38 142.02 138.93 136.12 133.58 131.31 129.30 127.56 126.07 124.84 123.87 123.14 122.66 122.42 122.43 122.67 123.14 123.85 124.79 125.95 127.33 128.93 130.75 132.78 135.03 137.47 140.12 142.94 145.90 149.02 152.15 155.21 158.16 161.02 163.77 166.43 168.99 171.44 173.80 176.05 178.20 180.25 182.20 184.04 185.78 187.42 188.96 190.38 191.71 192.93 194.04 195.05 195.95 196.75 197.44 198.02 198.50 198.89 199.31 199.81 200.39 201.03
176.90 173.59 170.17 166.64 162.98 159.21 155.31 151.30 147.36 143.69 140.30 137.21 134.39 131.86 129.59 127.61 125.89 124.43 123.25 122.32 121.65 121.23 121.06 121.15 121.47 122.04 122.85 123.89 125.17 126.68 128.41 130.37 132.55 134.94 137.55 140.37 143.39 146.58 149.79 152.92 155.95 158.88 161.71 164.45 167.08 169.62 172.06 174.39 176.63 178.76 180.79 182.72 184.55 186.28 187.90 189.42 190.83 192.15 193.35 194.46 195.45 196.35 197.13 197.81 198.39 198.85 199.24 199.65 200.14 200.70 201.34
