data_processed/recharge/precip/Precip_2003_11.asc
ncols        168
nrows        136
xllcorner    455000
yllcorner    2107000
cellsize     500
NODATA_value     -99999
[rows 0 to 35 of 136, columns 0 to 80 of 168]
0.71 1.14 1.82 2.62 3.47 4.38 5.34 6.35 7.40 8.49 9.62 10.77 11.94 13.14 14.35 15.57 16.80 18.03 19.25 20.45 21.61 22.73 23.81 24.87 25.91 26.93 27.92 28.90 29.82 30.64 31.37 32.01 32.57 33.05 33.46 33.81 34.10 34.34 34.54 34.70 34.82 34.91 34.99 35.06 35.36 36.44 38.50 41.56 45.58 49.38 51.75 52.66 52.22 50.67 48.72 46.71 44.66 42.60 40.54 38.49 36.48 34.52 32.63 30.82 29.11 27.51 26.04 24.72 23.56 22.59 21.91 21.59 21.62 21.94 22.54 23.30 24.20 25.23 26.37 27.63 28.99
1.55 2.09 2.76 3.50 4.29 5.14 6.04 6.99 7.99 9.02 10.08 11.18 12.30 13.44 14.59 15.76 16.93 18.11 19.28 20.45 21.58 22.68 23.75 24.78 25.79 26.79 27.76 28.68 29.50 30.23 30.88 31.44 31.94 32.36 32.73 33.04 33.30 33.51 33.69 33.84 33.96 34.07 34.16 34.24 34.34 34.69 35.88 38.10 41.33 44.38 46.02 46.24 45.30 43.91 42.43 40.88 39.29 37.66 36.02 34.38 32.76 31.17 29.63 28.16 26.77 25.48 24.30 23.25 22.35 21.61 21.06 20.76 20.77 21.04 21.55 22.24 23.07 24.03 25.13 26.36 27.70
2.59 3.13 3.74 4.41 5.15 5.94 6.78 7.67 8.61 9.58 10.59 11.63 12.69 13.77 14.87 15.98 17.10 18.22 19.34 20.46 21.56 22.63 23.67 24.67 25.66 26.62 27.53 28.35 29.08 29.73 30.29 30.79 31.22 31.60 31.92 32.19 32.42 32.62 32.79 32.94 33.07 33.18 33.30 33.41 33.54 33.68 34.12 35.43 37.79 40.01 40.84 40.47 39.60 38.61 37.52 36.35 35.11 33.83 32.52 31.19 29.87 28.56 27.28 26.05 24.89 23.81 22.83 21.97 21.23 20.64 20.21 19.97 19.95 20.17 20.59 21.18 21.93 22.83 23.89 25.09 26.42
3.73 4.20 4.75 5.36 6.04 6.77 7.55 8.38 9.26 10.18 11.12 12.11 13.11 14.14 15.18 16.24 17.30 18.37 19.44 20.50 21.55 22.58 23.58 24.56 25.51 26.40 27.21 27.93 28.57 29.14 29.64 30.07 30.45 30.77 31.05 31.30 31.51 31.69 31.85 32.00 32.14 32.28 32.42 32.57 32.74 32.93 33.15 33.69 35.10 36.42 36.56 36.17 35.62 34.95 34.16 33.27 32.30 31.27 30.20 29.09 27.97 26.84 25.74 24.67 23.65 22.69 21.81 21.04 20.37 19.84 19.45 19.23 19.18 19.33 19.66 20.15 20.82 21.68 22.69 23.86 25.15
4.89 5.31 5.79 6.34 6.96 7.63 8.35 9.12 9.94 10.80 11.69 12.61 13.56 14.53 15.52 16.52 17.53 18.54 19.55 20.56 21.56 22.54 23.50 24.44 25.31 26.11 26.81 27.44 28.00 28.49 28.92 29.29 29.62 29.90 30.15 30.36 30.56 30.73 30.89 31.05 31.20 31.36 31.54 31.73 31.94 32.19 32.47 32.81 33.42 33.95 33.99 33.85 33.54 33.09 32.50 31.81 31.02 30.15 29.22 28.24 27.23 26.20 25.17 24.17 23.19 22.26 21.40 20.62 19.94 19.37 18.93 18.64 18.51 18.55 18.77 19.17 19.78 20.58 21.55 22.67 23.92
6.11 6.46 6.88 7.37 7.93 8.54 9.20 9.91 10.67 11.47 12.30 13.16 14.06 14.97 15.90 16.84 17.80 18.75 19.71 20.66 21.60 22.53 23.44 24.28 25.05 25.74 26.35 26.89 27.37 27.78 28.15 28.47 28.75 29.00 29.21 29.41 29.59 29.76 29.92 30.09 30.27 30.46 30.67 30.90 31.17 31.48 31.83 32.24 32.67 33.06 33.29 33.32 33.18 32.87 32.42 31.85 31.15 30.37 29.50 28.57 27.59 26.58 25.56 24.53 23.53 22.55 21.63 20.77 19.99 19.30 18.74 18.30 18.01 17.88 17.94 18.26 18.81 19.55 20.46 21.53 22.74
7.49 7.78 8.13 8.56 9.05 9.59 10.19 10.84 11.53 12.27 13.04 13.84 14.67 15.52 16.39 17.28 18.17 19.07 19.96 20.86 21.74 22.61 23.40 24.08 24.71 25.30 25.82 26.28 26.68 27.03 27.34 27.61 27.85 28.06 28.25 28.43 28.60 28.77 28.95 29.13 29.33 29.56 29.81 30.10 30.42 30.80 31.23 31.69 32.13 32.54 32.90 33.10 33.11 32.94 32.61 32.14 31.54 30.82 30.01 29.12 28.17 27.16 26.13 25.08 24.03 22.99 21.99 21.04 20.16 19.35 18.64 18.05 17.58 17.27 17.15 17.34 17.81 18.49 19.35 20.37 21.53
9.08 9.29 9.58 9.93 10.35 10.82 11.35 11.93 12.56 13.23 13.93 14.67 15.43 16.22 17.02 17.84 18.67 19.50 20.34 21.17 21.98 22.72 23.34 23.85 24.33 24.80 25.23 25.61 25.94 26.23 26.49 26.71 26.91 27.10 27.27 27.44 27.61 27.78 27.97 28.17 28.41 28.67 28.97 29.31 29.70 30.14 30.63 31.10 31.50 31.87 32.25 32.59 32.77 32.75 32.56 32.20 31.70 31.07 30.33 29.50 28.58 27.60 26.57 25.50 24.43 23.35 22.29 21.26 20.28 19.37 18.53 17.80 17.18 16.70 16.40 16.41 16.76 17.38 18.19 19.16 20.28
10.84 10.99 11.20 11.48 11.82 12.22 12.68 13.19 13.74 14.33 14.97 15.63 16.32 17.04 17.77 18.52 19.28 20.05 20.81 21.57 22.26 22.82 23.26 23.61 23.94 24.26 24.58 24.89 25.15 25.39 25.59 25.78 25.95 26.11 26.27 26.43 26.60 26.78 26.99 27.22 27.49 27.79 28.14 28.54 29.00 29.50 29.99 30.42 30.79 31.12 31.47 31.83 32.14 32.29 32.25 32.02 31.64 31.11 30.46 29.69 28.82 27.88 26.87 25.81 24.72 23.61 22.50 21.41 20.36 19.35 18.40 17.54 16.79 16.17 15.71 15.56 15.74 16.25 17.00 17.93 19.01
12.74 12.85 12.99 13.19 13.46 13.78 14.16 14.59 15.06 15.58 16.13 16.72 17.34 17.98 18.64 19.32 20.00 20.69 21.38 22.00 22.50 22.89 23.16 23.36 23.54 23.72 23.90 24.11 24.32 24.50 24.66 24.81 24.96 25.10 25.25 25.41 25.58 25.78 26.01 26.27 26.58 26.93 27.34 27.80 28.32 28.82 29.28 29.68 30.01 30.30 30.61 30.94 31.27 31.56 31.67 31.60 31.35 30.94 30.38 29.70 28.90 28.00 27.02 25.98 24.89 23.77 22.64 21.50 20.38 19.29 18.25 17.29 16.42 15.67 15.07 14.77 14.80 15.15 15.80 16.68 17.73
14.72 14.83 14.94 15.06 15.24 15.48 15.78 16.12 16.52 16.95 17.43 17.93 18.47 19.03 19.61 20.21 20.82 21.42 21.97 22.40 22.71 22.92 23.05 23.10 23.14 23.18 23.24 23.32 23.45 23.58 23.70 23.82 23.94 24.07 24.21 24.37 24.56 24.78 25.03 25.33 25.68 26.09 26.56 27.07 27.59 28.07 28.50 28.87 29.16 29.42 29.70 29.98 30.28 30.59 30.84 30.93 30.83 30.54 30.10 29.51 28.80 27.96 27.04 26.03 24.96 23.83 22.68 21.51 20.34 19.19 18.08 17.04 16.07 15.20 14.48 14.04 13.94 14.15 14.66 15.45 16.45
16.78 16.89 16.99 17.07 17.17 17.32 17.53 17.79 18.09 18.44 18.83 19.25 19.71 20.18 20.68 21.19 21.71 22.17 22.52 22.75 22.89 22.93 22.91 22.83 22.74 22.65 22.58 22.55 22.56 22.62 22.71 22.80 22.91 23.03 23.17 23.34 23.54 23.78 24.07 24.41 24.81 25.27 25.79 26.31 26.81 27.26 27.66 27.99 28.25 28.48 28.72 28.97 29.24 29.51 29.78 30.01 30.06 29.93 29.61 29.14 28.52 27.76 26.90 25.94 24.90 23.79 22.64 21.45 20.25 19.06 17.90 16.78 15.73 14.77 13.93 13.37 13.15 13.24 13.63 14.29 15.21
18.90 19.01 19.10 19.16 19.22 19.29 19.40 19.57 19.78 20.04 20.34 20.67 21.03 21.42 21.83 22.24 22.61 22.86 23.01 23.06 23.03 22.92 22.75 22.55 22.33 22.13 21.95 21.80 21.70 21.66 21.69 21.76 21.85 21.97 22.11 22.30 22.52 22.79 23.12 23.50 23.95 24.46 24.99 25.49 25.96 26.39 26.76 27.06 27.29 27.49 27.69 27.91 28.14 28.38 28.63 28.87 29.06 29.08 28.91 28.56 28.05 27.40 26.61 25.71 24.71 23.64 22.49 21.31 20.10 18.89 17.69 16.52 15.41 14.36 13.42 12.77 12.44 12.43 12.70 13.26 14.06
21.06 21.17 21.25 21.31 21.34 21.36 21.39 21.46 21.58 21.74 21.94 22.18 22.44 22.74 23.04 23.30 23.45 23.50 23.45 23.33 23.13 22.88 22.58 22.26 21.93 21.62 21.33 21.08 20.88 20.74 20.68 20.71 20.79 20.90 21.06 21.26 21.50 21.81 22.18 22.61 23.11 23.63 24.14 24.62 25.07 25.47 25.81 26.09 26.29 26.45 26.62 26.81 27.01 27.22 27.43 27.64 27.85 28.01 27.99 27.78 27.40 26.85 26.16 25.34 24.40 23.37 22.26 21.09 19.89 18.67 17.46 16.25 15.09 13.97 12.96 12.22 11.80 11.70 11.88 12.34 13.04
23.26 23.37 23.44 23.49 23.50 23.49 23.46 23.44 23.46 23.52 23.62 23.76 23.93 24.11 24.26 24.30 24.23 24.08 23.85 23.55 23.20 22.81 22.40 21.96 21.53 21.11 20.73 20.38 20.09 19.87 19.72 19.67 19.72 19.83 20.00 20.22 20.50 20.84 21.26 21.74 22.24 22.75 23.24 23.70 24.13 24.51 24.83 25.08 25.24 25.37 25.51 25.67 25.84 26.01 26.20 26.38 26.56 26.74 26.85 26.80 26.56 26.13 25.55 24.82 23.96 22.99 21.93 20.80 19.63 18.42 17.19 15.97 14.77 13.61 12.53 11.72 11.24 11.05 11.16 11.54 12.16
25.47 25.58 25.65 25.69 25.68 25.65 25.58 25.50 25.42 25.38 25.38 25.41 25.47 25.48 25.40 25.22 24.95 24.60 24.20 23.74 23.25 22.73 22.20 21.66 21.13 20.62 20.15 19.71 19.34 19.03 18.81 18.69 18.67 18.77 18.95 19.19 19.51 19.89 20.35 20.84 21.34 21.83 22.30 22.75 23.15 23.51 23.81 24.03 24.16 24.26 24.38 24.50 24.64 24.79 24.94 25.09 25.24 25.39 25.53 25.61 25.52 25.23 24.77 24.15 23.38 22.49 21.51 20.44 19.30 18.12 16.90 15.68 14.46 13.26 12.14 11.28 10.73 10.49 10.54 10.85 11.41
27.69 27.80 27.87 27.89 27.87 27.81 27.72 27.59 27.45 27.30 27.19 27.11 26.99 26.77 26.46 26.06 25.60 25.07 24.50 23.89 23.26 22.62 21.98 21.36 20.74 20.15 19.59 19.08 18.63 18.25 17.96 17.77 17.69 17.73 17.90 18.18 18.53 18.96 19.42 19.91 20.39 20.87 21.33 21.76 22.15 22.48 22.76 22.95 23.06 23.13 23.21 23.31 23.42 23.54 23.66 23.78 23.91 24.03 24.14 24.24 24.28 24.15 23.82 23.32 22.67 21.89 20.98 19.99 18.91 17.77 16.58 15.37 14.14 12.93 11.78 10.88 10.30 10.02 10.01 10.28 10.78
29.89 30.01 30.07 30.08 30.05 29.96 29.84 29.68 29.49 29.28 29.05 28.79 28.43 27.97 27.44 26.84 26.18 25.48 24.75 24.00 23.24 22.49 21.76 21.05 20.35 19.68 19.05 18.47 17.95 17.51 17.16 16.91 16.78 16.77 16.90 17.18 17.57 18.00 18.47 18.94 19.42 19.89 20.34 20.75 21.12 21.44 21.68 21.85 21.94 21.98 22.03 22.10 22.18 22.27 22.37 22.47 22.56 22.65 22.74 22.82 22.88 22.87 22.70 22.35 21.83 21.16 20.36 19.45 18.45 17.37 16.22 15.04 13.83 12.61 11.44 10.53 9.92 9.61 9.58 9.81 10.29
32.07 32.19 32.25 32.26 32.20 32.10 31.95 31.75 31.52 31.25 30.88 30.37 29.77 29.09 28.34 27.55 26.71 25.84 24.96 24.08 23.20 22.34 21.52 20.74 19.97 19.24 18.54 17.90 17.32 16.83 16.42 16.12 15.94 15.89 15.98 16.23 16.59 17.03 17.49 17.96 18.43 18.89 19.32 19.72 20.07 20.37 20.60 20.74 20.80 20.82 20.84 20.89 20.94 21.00 21.07 21.14 21.21 21.28 21.34 21.39 21.43 21.45 21.42 21.22 20.85 20.32 19.64 18.83 17.92 16.91 15.83 14.69 13.51 12.31 11.14 10.22 9.60 9.29 9.24 9.46 9.91
34.21 34.34 34.40 34.39 34.32 34.20 34.02 33.79 33.51 33.12 32.56 31.85 31.02 30.12 29.17 28.19 27.18 26.15 25.13 24.12 23.13 22.18 21.28 20.43 19.60 18.80 18.05 17.36 16.73 16.19 15.74 15.40 15.18 15.10 15.15 15.34 15.64 16.04 16.49 16.96 17.42 17.87 18.29 18.68 19.02 19.30 19.50 19.63 19.66 19.65 19.65 19.67 19.70 19.73 19.78 19.82 19.87 19.91 19.94 19.97 19.98 20.00 20.00 19.95 19.74 19.36 18.81 18.13 17.31 16.40 15.39 14.31 13.18 12.01 10.86 9.95 9.34 9.03 8.99 9.21 9.66
36.29 36.43 36.49 36.47 36.39 36.24 36.04 35.77 35.38 34.81 34.07 33.18 32.16 31.06 29.92 28.76 27.58 26.41 25.25 24.13 23.04 22.00 21.03 20.12 19.24 18.39 17.59 16.85 16.19 15.60 15.12 14.75 14.50 14.38 14.39 14.51 14.74 15.07 15.49 15.95 16.40 16.85 17.26 17.63 17.96 18.22 18.41 18.51 18.52 18.48 18.46 18.45 18.46 18.47 18.49 18.51 18.53 18.55 18.56 18.56 18.57 18.57 18.56 18.55 18.49 18.27 17.87 17.32 16.63 15.82 14.91 13.91 12.83 11.71 10.60 9.71 9.14 8.85 8.83 9.06 9.52
38.31 38.45 38.51 38.49 38.39 38.23 37.99 37.61 37.05 36.30 35.39 34.35 33.18 31.92 30.59 29.26 27.93 26.62 25.34 24.10 22.92 21.80 20.77 19.81 18.88 18.00 17.16 16.38 15.68 15.07 14.56 14.17 13.89 13.74 13.69 13.75 13.91 14.17 14.51 14.94 15.39 15.82 16.23 16.59 16.90 17.14 17.31 17.40 17.38 17.32 17.28 17.25 17.23 17.22 17.21 17.21 17.21 17.20 17.19 17.19 17.18 17.17 17.16 17.15 17.13 17.05 16.83 16.43 15.88 15.19 14.38 13.47 12.48 11.42 10.36 9.52 8.98 8.73 8.74 9.01 9.50
40.24 40.39 40.45 40.43 40.32 40.13 39.79 39.25 38.51 37.60 36.54 35.35 34.04 32.65 31.19 29.70 28.22 26.78 25.38 24.05 22.78 21.59 20.50 19.50 18.54 17.62 16.75 15.95 15.23 14.59 14.07 13.65 13.35 13.16 13.06 13.07 13.17 13.35 13.62 13.97 14.38 14.80 15.20 15.55 15.85 16.08 16.23 16.30 16.26 16.18 16.11 16.06 16.02 15.98 15.96 15.93 15.91 15.89 15.87 15.85 15.84 15.82 15.81 15.79 15.77 15.75 15.67 15.44 15.04 14.49 13.81 13.01 12.11 11.13 10.13 9.35 8.87 8.68 8.74 9.05 9.59
42.08 42.24 42.30 42.27 42.14 41.86 41.36 40.65 39.76 38.70 37.50 36.18 34.75 33.24 31.67 30.07 28.46 26.89 25.39 23.96 22.62 21.37 20.23 19.20 18.21 17.27 16.38 15.56 14.82 14.17 13.63 13.20 12.87 12.64 12.51 12.46 12.50 12.62 12.82 13.08 13.41 13.80 14.19 14.53 14.82 15.03 15.17 15.22 15.16 15.06 14.97 14.89 14.83 14.78 14.73 14.68 14.64 14.61 14.58 14.56 14.54 14.53 14.51 14.50 14.48 14.46 14.43 14.34 14.12 13.72 13.18 12.50 11.72 10.83 9.92 9.21 8.81 8.68 8.82 9.20 9.80
43.81 43.97 44.04 44.00 43.78 43.34 42.69 41.83 40.79 39.60 38.27 36.83 35.30 33.69 32.03 30.33 28.63 26.96 25.36 23.85 22.43 21.13 19.96 18.90 17.90 16.93 16.03 15.20 14.45 13.80 13.26 12.81 12.46 12.20 12.03 11.94 11.92 11.98 12.11 12.30 12.55 12.85 13.20 13.53 13.81 14.01 14.13 14.16 14.09 13.97 13.86 13.76 13.68 13.60 13.54 13.47 13.42 13.38 13.35 13.33 13.31 13.29 13.28 13.27 13.25 13.23 13.21 13.19 13.11 12.88 12.50 11.96 11.30 10.53 9.71 9.10 8.79 8.75 8.97 9.43 10.09
45.41 45.58 45.64 45.52 45.16 44.57 43.76 42.77 41.61 40.30 38.86 37.31 35.68 33.98 32.25 30.48 28.72 26.98 25.29 23.70 22.23 20.89 19.69 18.61 17.60 16.63 15.72 14.89 14.14 13.50 12.95 12.49 12.12 11.84 11.63 11.50 11.44 11.44 11.50 11.62 11.79 12.01 12.27 12.56 12.83 13.02 13.13 13.14 13.05 12.91 12.78 12.66 12.56 12.47 12.39 12.32 12.26 12.22 12.18 12.16 12.14 12.12 12.11 12.11 12.10 12.09 12.08 12.07 12.05 11.97 11.76 11.38 10.86 10.22 9.52 9.02 8.81 8.87 9.19 9.73 10.35
46.87 47.05 47.04 46.77 46.26 45.53 44.59 43.48 42.20 40.78 39.25 37.61 35.90 34.13 32.33 30.51 28.70 26.92 25.18 23.53 22.01 20.63 19.41 18.33 17.31 16.34 15.44 14.62 13.88 13.25 12.70 12.24 11.86 11.55 11.32 11.15 11.04 11.00 11.00 11.06 11.15 11.29 11.46 11.67 11.88 12.06 12.16 12.16 12.05 11.89 11.74 11.61 11.49 11.38 11.29 11.22 11.16 11.12 11.08 11.06 11.04 11.03 11.03 11.03 11.03 11.04 11.04 11.04 11.03 11.02 10.96 10.76 10.40 9.90 9.33 8.95 8.87 9.05 9.46 9.98 10.51
48.17 48.28 48.13 47.73 47.08 46.22 45.17 43.95 42.57 41.06 39.44 37.73 35.95 34.12 32.27 30.41 28.57 26.76 25.01 23.34 21.78 20.37 19.14 18.06 17.05 16.09 15.20 14.40 13.69 13.07 12.53 12.06 11.67 11.35 11.09 10.90 10.75 10.66 10.61 10.60 10.63 10.70 10.78 10.89 11.02 11.16 11.24 11.22 11.10 10.92 10.76 10.61 10.47 10.36 10.27 10.19 10.13 10.09 10.06 10.04 10.03 10.03 10.03 10.04 10.06 10.07 10.09 10.11 10.12 10.13 10.14 10.09 9.90 9.57 9.14 8.91 8.96 9.25 9.66 10.10 10.55
49.22 49.20 48.92 48.38 47.62 46.65 45.49 44.17 42.71 41.12 39.43 37.66 35.83 33.96 32.07 30.18 28.32 26.50 24.75 23.08 21.52 20.10 18.87 17.80 16.80 15.86 15.01 14.24 13.56 12.95 12.43 11.97 11.57 11.24 10.97 10.74 10.57 10.43 10.34 10.27 10.24 10.23 10.24 10.26 10.30 10.34 10.37 10.34 10.20 10.01 9.83 9.66 9.53 9.41 9.32 9.24 9.19 9.14 9.12 9.10 9.10 9.11 9.13 9.15 9.18 9.22 9.25 9.29 9.32 9.35 9.38 9.40 9.38 9.21 8.95 8.88 9.06 9.37 9.71 10.06 10.44
49.94 49.79 49.39 48.74 47.87 46.80 45.56 44.16 42.62 40.97 39.23 37.41 35.54 33.64 31.73 29.83 27.96 26.14 24.40 22.75 21.22 19.82 18.60 17.55 16.57 15.68 14.87 14.15 13.50 12.92 12.41 11.96 11.57 11.23 10.94 10.69 10.49 10.32 10.18 10.06 9.97 9.89 9.83 9.77 9.72 9.66 9.60 9.52 9.36 9.15 8.96 8.80 8.66 8.54 8.45 8.38 8.32 8.29 8.27 8.27 8.28 8.30 8.33 8.37 8.42 8.47 8.52 8.58 8.64 8.70 8.75 8.80 8.85 8.84 8.76 8.83 9.04 9.29 9.56 9.86 10.17
50.32 50.05 49.54 48.79 47.83 46.68 45.36 43.90 42.30 40.60 38.81 36.96 35.07 33.15 31.23 29.33 27.47 25.67 23.96 22.34 20.85 19.51 18.33 17.31 16.40 15.56 14.81 14.12 13.51 12.96 12.47 12.03 11.65 11.31 11.01 10.75 10.52 10.32 10.14 9.98 9.83 9.69 9.56 9.43 9.29 9.14 8.98 8.80 8.59 8.37 8.18 8.01 7.87 7.76 7.67 7.61 7.56 7.54 7.53 7.54 7.56 7.59 7.64 7.70 7.77 7.84 7.92 8.00 8.08 8.17 8.25 8.34 8.41 8.48 8.54 8.66 8.82 9.01 9.23 9.48 9.74
50.38 50.02 49.41 48.57 47.53 46.32 44.94 43.42 41.78 40.04 38.23 36.36 34.45 32.53 30.62 28.74 26.90 25.13 23.45 21.89 20.45 19.17 18.06 17.09 16.24 15.48 14.78 14.15 13.57 13.06 12.60 12.18 11.81 11.47 11.17 10.90 10.65 10.43 10.22 10.01 9.82 9.63 9.43 9.22 9.01 8.78 8.52 8.24 7.96 7.71 7.52 7.35 7.21 7.10 7.02 6.96 6.92 6.91 6.91 6.93 6.97 7.02 7.08 7.16 7.24 7.34 7.44 7.55 7.66 7.77 7.89 8.00 8.11 8.21 8.30 8.38 8.49 8.64 8.82 9.02 9.24
50.19 49.73 49.04 48.14 47.03 45.76 44.33 42.78 41.11 39.35 37.52 35.65 33.74 31.84 29.94 28.08 26.28 24.56 22.94 21.43 20.07 18.86 17.80 16.87 16.07 15.37 14.74 14.16 13.64 13.17 12.74 12.35 12.00 11.68 11.39 11.11 10.85 10.61 10.37 10.14 9.90 9.66 9.41 9.14 8.86 8.55 8.21 7.86 7.53 7.25 7.03 6.86 6.72 6.61 6.53 6.47 6.44 6.43 6.44 6.47 6.52 6.58 6.66 6.75 6.86 6.97 7.09 7.22 7.36 7.50 7.64 7.78 7.91 8.03 8.12 8.19 8.27 8.37 8.51 8.67 8.86
49.74 49.21 48.45 47.49 46.34 45.02 43.56 41.98 40.29 38.52 36.70 34.83 32.94 31.06 29.20 27.38 25.63 23.97 22.41 20.98 19.70 18.56 17.55 16.66 15.89 15.24 14.67 14.16 13.70 13.28 12.90 12.54 12.22 11.92 11.64 11.37 11.11 10.86 10.60 10.34 10.08 9.80 9.50 9.17 8.83 8.45 8.06 7.68 7.32 7.00 6.74 6.55 6.40 6.29 6.21 6.15 6.12 6.11 6.13 6.16 6.22 6.29 6.38 6.48 6.60 6.73 6.87 7.02 7.17 7.33 7.50 7.66 7.80 7.92 8.01 8.09 8.16 8.23 8.32 8.44 8.59
49.02 48.45 47.64 46.63 45.44 44.09 42.61 41.02 39.33 37.57 35.75 33.91 32.05 30.21 28.40 26.63 24.95 23.35 21.88 20.53 19.33 18.26 17.31 16.46 15.73 15.10 14.58 14.14 13.75 13.39 13.05 12.74 12.46 12.19 11.92 11.67 11.42 11.16 10.90 10.62 10.33 10.02 9.68 9.31 8.91 8.49 8.09 7.70 7.31 6.94 6.65 6.42 6.25 6.13 6.04 5.98 5.94 5.94 5.95 5.99 6.05 6.13 6.23 6.34 6.47 6.61 6.76 6.93 7.10 7.28 7.46 7.62 7.76 7.87 7.97 8.05 8.12 8.18 8.24 8.33 8.44
47.99 47.43 46.60 45.55 44.34 42.98 41.50 39.90 38.23 36.48 34.69 32.88 31.07 29.28 27.53 25.84 24.23 22.72 21.34 20.09 18.97 17.98 17.08 16.27 15.57 14.98 14.50 14.10 13.77 13.48 13.20 12.95 12.70 12.47 12.24 12.00 11.77 11.52 11.25 10.97 10.66 10.33 9.96 9.55 9.13 8.71 8.31 7.90 7.48 7.08 6.75 6.47 6.27 6.12 6.02 5.96 5.92 5.91 5.92 5.96 6.02 6.10 6.20 6.32 6.46 6.61 6.77 6.95 7.13 7.32 7.50 7.65 7.78 7.89 7.98 8.06 8.14 8.21 8.26 8.31 8.39
