data_processed/recharge/precip/Precip_1991_03.asc
ncols        168
nrows        136
xllcorner    455000
yllcorner    2107000
cellsize     500
NODATA_value     -99999
[rows 72 to 107 of 136, columns 0 to 79 of 168]
20.54 21.02 21.49 21.94 22.38 22.81 23.22 23.62 24.00 24.36 24.71 25.03 25.34 25.62 25.88 26.12 26.34 26.53 26.69 26.85 27.01 27.17 27.33 27.50 27.67 27.84 28.02 28.20 28.39 28.57 28.74 28.90 29.05 29.19 29.32 29.44 29.54 29.64 29.71 29.75 29.74 29.70 29.61 29.50 29.34 29.16 28.94 28.69 28.41 28.10 27.76 27.40 27.02 26.61 26.18 25.73 25.26 24.78 24.28 23.76 23.23 22.69 22.14 21.58 21.01 20.43 19.85 19.27 18.68 18.09 17.50 16.92 16.33 15.76 15.18 14.62 14.06 13.51 12.97 12.45
20.54 21.03 21.51 21.98 22.43 22.88 23.31 23.72 24.12 24.50 24.87 25.21 25.54 25.85 26.13 26.40 26.64 26.86 27.06 27.23 27.39 27.55 27.72 27.89 28.06 28.24 28.42 28.61 28.80 28.99 29.16 29.33 29.48 29.62 29.75 29.87 29.98 30.07 30.11 30.12 30.09 30.02 29.91 29.76 29.59 29.38 29.13 28.86 28.56 28.23 27.88 27.50 27.09 26.67 26.22 25.76 25.28 24.78 24.26 23.73 23.19 22.64 22.08 21.51 20.93 20.35 19.76 19.17 18.58 17.99 17.40 16.81 16.22 15.64 15.07 14.50 13.95 13.40 12.87 12.35
20.48 20.99 21.48 21.96 22.43 22.89 23.33 23.76 24.18 24.58 24.97 25.34 25.69 26.02 26.33 26.62 26.89 27.14 27.36 27.56 27.74 27.91 28.07 28.25 28.42 28.61 28.79 28.99 29.18 29.37 29.55 29.72 29.87 30.02 30.15 30.28 30.37 30.44 30.45 30.43 30.37 30.28 30.14 29.98 29.77 29.54 29.28 28.98 28.66 28.31 27.94 27.54 27.12 26.68 26.22 25.74 25.24 24.73 24.20 23.66 23.11 22.55 21.98 21.40 20.82 20.23 19.63 19.04 18.44 17.85 17.25 16.66 16.08 15.50 14.92 14.36 13.81 13.26 12.73 12.22
20.38 20.89 21.39 21.89 22.37 22.84 23.30 23.75 24.19 24.61 25.01 25.40 25.78 26.13 26.47 26.78 27.08 27.35 27.61 27.84 28.04 28.23 28.40 28.58 28.76 28.94 29.13 29.33 29.53 29.73 29.91 30.08 30.24 30.39 30.52 30.64 30.71 30.74 30.73 30.69 30.60 30.48 30.32 30.13 29.90 29.65 29.36 29.05 28.70 28.34 27.95 27.53 27.09 26.64 26.16 25.67 25.16 24.63 24.10 23.54 22.98 22.41 21.83 21.25 20.66 20.06 19.46 18.86 18.26 17.66 17.07 16.48 15.89 15.31 14.74 14.18 13.63 13.09 12.57 12.06
20.21 20.74 21.25 21.76 22.25 22.74 23.22 23.68 24.14 24.58 25.00 25.41 25.81 26.18 26.54 26.89 27.21 27.51 27.79 28.05 28.29 28.50 28.69 28.87 29.05 29.24 29.44 29.64 29.85 30.04 30.23 30.41 30.57 30.72 30.85 30.94 30.98 30.99 30.95 30.88 30.76 30.62 30.43 30.22 29.97 29.70 29.39 29.05 28.69 28.31 27.90 27.47 27.02 26.54 26.05 25.55 25.03 24.49 23.94 23.38 22.81 22.23 21.64 21.05 20.45 19.85 19.25 18.65 18.05 17.45 16.85 16.26 15.67 15.09 14.53 13.97 13.42 12.89 12.37 11.86
20.00 20.53 21.05 21.57 22.08 22.58 23.07 23.56 24.03 24.48 24.93 25.36 25.78 26.18 26.56 26.93 27.27 27.60 27.91 28.20 28.47 28.71 28.93 29.13 29.32 29.51 29.71 29.92 30.13 30.33 30.52 30.70 30.86 31.01 31.11 31.17 31.19 31.16 31.10 31.00 30.87 30.69 30.49 30.25 29.98 29.69 29.36 29.01 28.63 28.22 27.80 27.35 26.88 26.40 25.90 25.38 24.84 24.30 23.74 23.17 22.59 22.00 21.41 20.81 20.21 19.60 19.00 18.39 17.79 17.19 16.59 16.00 15.41 14.84 14.27 13.72 13.18 12.65 12.14 11.64
19.72 20.26 20.80 21.33 21.85 22.36 22.87 23.37 23.86 24.33 24.80 25.25 25.68 26.11 26.51 26.90 27.28 27.63 27.97 28.29 28.58 28.86 29.11 29.34 29.55 29.74 29.95 30.16 30.37 30.58 30.77 30.96 31.11 31.23 31.30 31.34 31.33 31.28 31.19 31.06 30.90 30.71 30.48 30.22 29.93 29.62 29.27 28.90 28.50 28.08 27.64 27.18 26.70 26.20 25.68 25.15 24.61 24.05 23.48 22.91 22.32 21.73 21.13 20.52 19.92 19.31 18.70 18.09 17.49 16.89 16.29 15.70 15.12 14.55 13.98 13.43 12.90 12.38 11.87 11.38
19.38 19.93 20.48 21.02 21.56 22.09 22.61 23.12 23.62 24.12 24.60 25.07 25.53 25.97 26.40 26.82 27.22 27.60 27.96 28.31 28.63 28.94 29.22 29.48 29.72 29.94 30.15 30.36 30.58 30.79 30.99 31.16 31.30 31.38 31.43 31.43 31.40 31.32 31.21 31.06 30.88 30.66 30.41 30.13 29.82 29.49 29.12 28.73 28.32 27.89 27.43 26.95 26.46 25.95 25.42 24.88 24.32 23.76 23.18 22.59 22.00 21.40 20.80 20.19 19.58 18.97 18.36 17.75 17.14 16.54 15.95 15.36 14.78 14.22 13.66 13.11 12.58 12.07 11.57 11.09
18.99 19.55 20.10 20.66 21.20 21.75 22.28 22.81 23.33 23.84 24.34 24.83 25.31 25.77 26.23 26.67 27.09 27.50 27.89 28.26 28.61 28.95 29.26 29.56 29.83 30.08 30.31 30.53 30.75 30.96 31.15 31.30 31.41 31.47 31.49 31.46 31.40 31.30 31.16 30.99 30.79 30.55 30.28 29.98 29.65 29.30 28.92 28.51 28.08 27.63 27.16 26.67 26.16 25.64 25.10 24.55 23.99 23.41 22.83 22.23 21.64 21.03 20.42 19.81 19.20 18.58 17.97 17.36 16.76 16.16 15.57 14.98 14.41 13.85 13.29 12.76 12.23 11.73 11.24 10.77
18.53 19.10 19.67 20.23 20.79 21.34 21.89 22.43 22.97 23.50 24.01 24.52 25.02 25.51 25.98 26.45 26.89 27.33 27.74 28.14 28.53 28.89 29.24 29.56 29.87 30.15 30.41 30.65 30.88 31.09 31.25 31.37 31.45 31.48 31.47 31.42 31.34 31.21 31.05 30.86 30.63 30.37 30.08 29.76 29.42 29.04 28.65 28.23 27.78 27.32 26.83 26.33 25.81 25.28 24.73 24.17 23.60 23.01 22.42 21.82 21.22 20.61 20.00 19.38 18.77 18.15 17.54 16.93 16.33 15.73 15.14 14.56 13.99 13.44 12.89 12.36 11.84 11.35 10.87 10.41
18.02 18.59 19.17 19.74 20.31 20.88 21.44 22.00 22.55 23.09 23.63 24.16 24.67 25.18 25.68 26.16 26.63 27.09 27.54 27.96 28.38 28.77 29.15 29.50 29.84 30.16 30.45 30.72 30.96 31.15 31.29 31.38 31.42 31.43 31.40 31.32 31.21 31.07 30.88 30.67 30.42 30.14 29.83 29.49 29.13 28.74 28.33 27.89 27.43 26.95 26.46 25.94 25.41 24.87 24.31 23.74 23.16 22.57 21.97 21.37 20.76 20.15 19.53 18.92 18.30 17.68 17.07 16.47 15.86 15.27 14.68 14.11 13.54 12.99 12.45 11.93 11.42 10.93 10.47 10.02
17.48 18.06 18.64 19.22 19.80 20.38 20.96 21.53 22.09 22.65 23.20 23.75 24.29 24.81 25.33 25.84 26.33 26.81 27.28 27.74 28.17 28.60 29.00 29.39 29.76 30.11 30.44 30.74 31.01 31.20 31.31 31.37 31.39 31.37 31.31 31.22 31.08 30.91 30.71 30.47 30.20 29.90 29.57 29.22 28.84 28.43 28.00 27.55 27.08 26.59 26.08 25.55 25.01 24.46 23.89 23.31 22.72 22.13 21.52 20.91 20.30 19.68 19.07 18.45 17.83 17.22 16.61 16.00 15.40 14.81 14.23 13.66 13.10 12.55 12.02 11.50 11.01 10.53 10.07 9.63
16.93 17.51 18.10 18.69 19.28 19.87 20.45 21.04 21.61 22.19 22.76 23.32 23.87 24.42 24.95 25.48 26.00 26.50 26.99 27.47 27.94 28.39 28.82 29.24 29.63 30.01 30.38 30.71 31.02 31.24 31.35 31.38 31.38 31.33 31.25 31.12 30.97 30.77 30.55 30.29 30.00 29.68 29.33 28.96 28.56 28.14 27.69 27.23 26.74 26.24 25.71 25.18 24.62 24.06 23.48 22.90 22.30 21.70 21.09 20.48 19.86 19.24 18.62 18.00 17.38 16.76 16.15 15.55 14.95 14.37 13.79 13.22 12.67 12.13 11.60 11.10 10.61 10.14 9.69 9.26
16.36 16.95 17.55 18.14 18.74 19.34 19.93 20.52 21.12 21.70 22.28 22.86 23.43 23.99 24.55 25.09 25.63 26.16 26.67 27.17 27.66 28.14 28.60 29.04 29.47 29.88 30.27 30.64 30.98 31.23 31.37 31.41 31.38 31.31 31.19 31.05 30.87 30.65 30.40 30.12 29.81 29.47 29.11 28.71 28.30 27.86 27.40 26.92 26.42 25.90 25.37 24.82 24.25 23.68 23.09 22.50 21.90 21.29 20.67 20.05 19.43 18.81 18.19 17.56 16.94 16.33 15.72 15.12 14.52 13.94 13.37 12.80 12.26 11.72 11.21 10.71 10.23 9.77 9.33 8.91
15.79 16.38 16.98 17.58 18.19 18.79 19.39 20.00 20.60 21.19 21.79 22.38 22.96 23.54 24.12 24.68 25.24 25.78 26.32 26.84 27.35 27.85 28.34 28.81 29.26 29.70 30.12 30.52 30.89 31.17 31.35 31.42 31.39 31.29 31.16 30.98 30.78 30.54 30.27 29.97 29.64 29.28 28.89 28.48 28.05 27.60 27.12 26.62 26.11 25.58 25.03 24.47 23.90 23.32 22.72 22.12 21.51 20.89 20.27 19.65 19.02 18.40 17.77 17.15 16.53 15.91 15.30 14.70 14.11 13.53 12.96 12.40 11.86 11.33 10.82 10.33 9.86 9.41 8.99 8.58
15.21 15.81 16.41 17.01 17.62 18.23 18.84 19.45 20.06 20.67 21.27 21.88 22.48 23.07 23.66 24.24 24.81 25.38 25.93 26.48 27.01 27.53 28.04 28.54 29.02 29.48 29.93 30.36 30.76 31.07 31.28 31.38 31.38 31.29 31.13 30.94 30.71 30.44 30.15 29.83 29.48 29.10 28.70 28.27 27.82 27.35 26.86 26.34 25.82 25.27 24.72 24.14 23.56 22.97 22.36 21.75 21.13 20.51 19.89 19.26 18.63 18.00 17.37 16.74 16.12 15.51 14.90 14.30 13.71 13.13 12.57 12.02 11.48 10.96 10.46 9.98 9.51 9.08 8.66 8.27
14.62 15.22 15.82 16.43 17.04 17.66 18.27 18.89 19.51 20.12 20.74 21.35 21.97 22.57 23.17 23.77 24.36 24.94 25.52 26.08 26.64 27.18 27.71 28.23 28.74 29.23 29.70 30.16 30.58 30.93 31.16 31.30 31.34 31.27 31.12 30.90 30.65 30.36 30.05 29.70 29.33 28.93 28.51 28.07 27.60 27.11 26.60 26.08 25.54 24.98 24.41 23.83 23.23 22.63 22.02 21.40 20.77 20.15 19.51 18.88 18.25 17.61 16.98 16.36 15.74 15.12 14.51 13.92 13.33 12.76 12.19 11.65 11.12 10.60 10.11 9.64 9.18 8.75 8.35 7.97
14.03 14.63 15.23 15.84 16.45 17.07 17.69 18.31 18.94 19.56 20.19 20.81 21.43 22.05 22.67 23.28 23.88 24.48 25.07 25.66 26.23 26.80 27.35 27.89 28.42 28.93 29.43 29.91 30.37 30.74 31.01 31.17 31.24 31.21 31.09 30.87 30.60 30.29 29.95 29.59 29.20 28.78 28.34 27.88 27.39 26.89 26.37 25.83 25.27 24.70 24.12 23.53 22.92 22.31 21.69 21.06 20.43 19.79 19.16 18.52 17.88 17.24 16.61 15.98 15.36 14.75 14.14 13.55 12.96 12.39 11.83 11.29 10.77 10.26 9.77 9.31 8.87 8.45 8.05 7.68
13.43 14.03 14.63 15.24 15.86 16.48 17.10 17.73 18.36 18.99 19.62 20.25 20.89 21.52 22.14 22.77 23.38 24.00 24.61 25.21 25.80 26.38 26.96 27.52 28.07 28.60 29.13 29.63 30.11 30.51 30.81 31.00 31.10 31.11 31.01 30.83 30.56 30.23 29.87 29.49 29.08 28.64 28.18 27.70 27.20 26.68 26.14 25.59 25.02 24.44 23.84 23.24 22.62 22.00 21.37 20.73 20.10 19.45 18.81 18.17 17.53 16.89 16.25 15.62 15.00 14.39 13.78 13.19 12.61 12.04 11.49 10.95 10.43 9.93 9.45 9.00 8.56 8.15 7.77 7.41
12.84 13.43 14.03 14.64 15.25 15.87 16.50 17.13 17.76 18.40 19.04 19.68 20.32 20.96 21.60 22.23 22.86 23.49 24.11 24.73 25.34 25.94 26.53 27.11 27.68 28.24 28.78 29.32 29.82 30.24 30.57 30.79 30.92 30.95 30.89 30.74 30.50 30.18 29.80 29.40 28.96 28.51 28.03 27.53 27.02 26.48 25.93 25.36 24.78 24.18 23.57 22.96 22.33 21.70 21.06 20.42 19.77 19.13 18.48 17.83 17.19 16.54 15.91 15.28 14.65 14.04 13.44 12.85 12.27 11.70 11.15 10.62 10.11 9.62 9.15 8.70 8.27 7.87 7.50 7.16
12.24 12.83 13.42 14.03 14.64 15.26 15.89 16.52 17.16 17.80 18.44 19.09 19.74 20.38 21.03 21.68 22.32 22.96 23.60 24.23 24.85 25.47 26.07 26.67 27.26 27.84 28.41 28.96 29.49 29.94 30.29 30.54 30.70 30.76 30.73 30.61 30.41 30.11 29.74 29.32 28.86 28.39 27.89 27.38 26.84 26.29 25.72 25.14 24.55 23.94 23.32 22.69 22.06 21.41 20.77 20.12 19.46 18.81 18.16 17.50 16.86 16.21 15.57 14.94 14.32 13.70 13.10 12.51 11.94 11.38 10.83 10.31 9.80 9.32 8.85 8.41 8.00 7.61 7.25 6.91
11.64 12.22 12.82 13.42 14.03 14.65 15.27 15.91 16.55 17.19 17.84 18.49 19.14 19.79 20.45 21.10 21.76 22.41 23.06 23.70 24.34 24.97 25.59 26.21 26.82 27.41 28.00 28.58 29.13 29.60 29.97 30.25 30.43 30.53 30.53 30.44 30.26 30.01 29.66 29.24 28.77 28.28 27.77 27.23 26.68 26.11 25.53 24.93 24.32 23.70 23.07 22.44 21.79 21.14 20.48 19.83 19.17 18.51 17.85 17.19 16.54 15.89 15.25 14.62 13.99 13.38 12.78 12.19 11.62 11.06 10.52 10.00 9.50 9.03 8.57 8.14 7.73 7.35 7.00 6.68
11.05 11.62 12.21 12.81 13.41 14.03 14.65 15.29 15.92 16.57 17.22 17.87 18.53 19.19 19.85 20.52 21.18 21.84 22.50 23.15 23.80 24.44 25.08 25.72 26.34 26.95 27.56 28.16 28.73 29.22 29.62 29.92 30.13 30.25 30.28 30.22 30.08 29.85 29.54 29.15 28.69 28.18 27.65 27.10 26.53 25.94 25.35 24.74 24.11 23.48 22.84 22.19 21.53 20.87 20.21 19.54 18.88 18.21 17.55 16.89 16.23 15.58 14.94 14.30 13.68 13.07 12.47 11.88 11.31 10.76 10.23 9.71 9.22 8.75 8.30 7.88 7.48 7.11 6.77 6.46
10.46 11.02 11.60 12.19 12.79 13.41 14.03 14.66 15.30 15.94 16.59 17.25 17.91 18.58 19.24 19.91 20.58 21.25 21.92 22.58 23.24 23.90 24.55 25.20 25.84 26.47 27.09 27.71 28.30 28.81 29.23 29.56 29.79 29.94 30.00 29.97 29.85 29.66 29.38 29.02 28.59 28.09 27.54 26.97 26.38 25.79 25.17 24.55 23.91 23.27 22.61 21.95 21.29 20.62 19.95 19.27 18.60 17.93 17.26 16.59 15.93 15.28 14.64 14.00 13.38 12.77 12.17 11.58 11.02 10.47 9.94 9.43 8.94 8.48 8.04 7.62 7.24 6.88 6.55 6.25
9.87 10.43 11.00 11.58 12.18 12.78 13.40 14.03 14.66 15.31 15.96 16.62 17.28 17.95 18.62 19.29 19.97 20.64 21.32 21.99 22.66 23.33 23.99 24.65 25.31 25.96 26.60 27.23 27.84 28.37 28.81 29.16 29.42 29.59 29.67 29.67 29.58 29.42 29.17 28.85 28.45 27.97 27.43 26.85 26.25 25.63 25.01 24.37 23.72 23.06 22.39 21.72 21.05 20.37 19.69 19.01 18.33 17.65 16.98 16.31 15.64 14.99 14.34 13.71 13.08 12.47 11.88 11.29 10.73 10.19 9.66 9.16 8.68 8.22 7.79 7.38 7.01 6.66 6.34 6.04
9.30 9.84 10.40 10.98 11.56 12.16 12.77 13.40 14.03 14.67 15.32 15.98 16.64 17.31 17.98 18.66 19.34 20.02 20.70 21.38 22.06 22.74 23.42 24.09 24.76 25.42 26.07 26.72 27.35 27.90 28.36 28.73 29.01 29.21 29.31 29.34 29.28 29.14 28.92 28.63 28.26 27.82 27.31 26.73 26.12 25.49 24.85 24.19 23.53 22.86 22.18 21.50 20.82 20.13 19.44 18.75 18.07 17.38 16.70 16.03 15.36 14.71 14.06 13.42 12.80 12.19 11.59 11.01 10.45 9.91 9.39 8.89 8.42 7.97 7.55 7.15 6.78 6.44 6.12 5.83
8.73 9.26 9.81 10.37 10.95 11.54 12.15 12.76 13.39 14.03 14.68 15.33 16.00 16.67 17.34 18.02 18.70 19.39 20.07 20.76 21.45 22.13 22.82 23.50 24.18 24.86 25.52 26.19 26.83 27.40 27.88 28.27 28.57 28.79 28.92 28.97 28.93 28.82 28.63 28.37 28.03 27.63 27.15 26.60 26.00 25.35 24.69 24.03 23.35 22.67 21.98 21.29 20.59 19.90 19.20 18.50 17.81 17.12 16.44 15.76 15.09 14.43 13.78 13.14 12.52 11.91 11.32 10.74 10.18 9.65 9.13 8.64 8.17 7.73 7.31 6.93 6.57 6.23 5.91 5.62
8.17 8.69 9.22 9.78 10.34 10.93 11.52 12.13 12.76 13.39 14.03 14.68 15.35 16.01 16.69 17.37 18.05 18.74 19.43 20.12 20.82 21.51 22.20 22.90 23.59 24.27 24.95 25.63 26.29 26.88 27.37 27.78 28.10 28.34 28.49 28.56 28.56 28.47 28.31 28.07 27.77 27.39 26.94 26.43 25.85 25.22 24.55 23.87 23.18 22.48 21.78 21.08 20.38 19.67 18.97 18.26 17.56 16.87 16.18 15.50 14.83 14.16 13.51 12.87 12.25 11.64 11.05 10.48 9.92 9.39 8.88 8.39 7.93 7.50 7.09 6.71 6.35 6.02 5.70 5.41
7.62 8.12 8.65 9.19 9.74 10.32 10.90 11.50 12.12 12.75 13.38 14.03 14.69 15.35 16.03 16.71 17.39 18.08 18.78 19.47 20.17 20.87 21.57 22.27 22.97 23.67 24.36 25.05 25.72 26.33 26.84 27.26 27.60 27.86 28.03 28.13 28.14 28.08 27.94 27.74 27.46 27.11 26.69 26.21 25.67 25.07 24.40 23.71 23.01 22.30 21.59 20.88 20.17 19.45 18.74 18.03 17.32 16.62 15.93 15.24 14.57 13.90 13.25 12.61 11.99 11.38 10.79 10.22 9.67 9.14 8.63 8.15 7.70 7.27 6.87 6.49 6.14 5.80 5.49 5.20
7.09 7.57 8.08 8.61 9.15 9.71 10.29 10.88 11.49 12.10 12.74 13.38 14.03 14.69 15.36 16.04 16.72 17.41 18.11 18.81 19.51 20.22 20.92 21.63 22.34 23.04 23.75 24.45 25.13 25.75 26.28 26.72 27.08 27.35 27.54 27.66 27.70 27.66 27.55 27.36 27.11 26.79 26.41 25.96 25.45 24.87 24.24 23.56 22.85 22.13 21.41 20.68 19.96 19.24 18.52 17.80 17.09 16.38 15.68 14.99 14.31 13.65 12.99 12.35 11.73 11.12 10.53 9.97 9.42 8.90 8.40 7.92 7.47 7.05 6.65 6.28 5.93 5.59 5.29 5.00
6.56 7.04 7.53 8.04 8.57 9.11 9.68 10.26 10.86 11.47 12.09 12.72 13.37 14.03 14.69 15.37 16.05 16.74 17.44 18.14 18.84 19.55 20.26 20.97 21.69 22.40 23.12 23.83 24.52 25.15 25.69 26.15 26.52 26.81 27.03 27.16 27.22 27.20 27.12 26.96 26.73 26.44 26.08 25.66 25.18 24.64 24.04 23.39 22.69 21.96 21.23 20.49 19.76 19.03 18.30 17.57 16.85 16.14 15.44 14.75 14.06 13.40 12.74 12.10 11.48 10.87 10.28 9.72 9.18 8.66 8.16 7.69 7.25 6.83 6.44 6.07 5.72 5.39 5.08 4.79
6.06 6.51 6.99 7.48 7.99 8.53 9.08 9.65 10.23 10.83 11.44 12.07 12.71 13.36 14.02 14.69 15.37 16.06 16.75 17.46 18.16 18.87 19.59 20.31 21.03 21.75 22.47 23.19 23.89 24.53 25.09 25.56 25.95 26.25 26.48 26.63 26.71 26.72 26.65 26.52 26.32 26.05 25.72 25.33 24.87 24.36 23.80 23.18 22.51 21.79 21.05 20.30 19.56 18.82 18.08 17.35 16.63 15.91 15.20 14.51 13.82 13.15 12.49 11.85 11.23 10.62 10.04 9.48 8.94 8.42 7.93 7.47 7.03 6.62 6.22 5.85 5.51 5.18 4.88 4.59
5.57 6.00 6.46 6.94 7.43 7.95 8.49 9.04 9.61 10.20 10.80 11.42 12.05 12.69 13.35 14.01 14.69 15.37 16.07 16.77 17.47 18.19 18.90 19.62 20.35 21.07 21.80 22.53 23.25 23.90 24.46 24.94 25.34 25.67 25.91 26.08 26.18 26.20 26.16 26.05 25.87 25.62 25.32 24.95 24.53 24.05 23.52 22.93 22.29 21.60 20.87 20.12 19.37 18.62 17.87 17.13 16.40 15.68 14.97 14.27 13.58 12.91 12.25 11.61 10.98 10.38 9.80 9.24 8.70 8.19 7.71 7.25 6.81 6.40 6.01 5.65 5.30 4.98 4.67 4.39
5.10 5.51 5.95 6.41 6.89 7.39 7.91 8.45 9.00 9.58 10.17 10.78 11.40 12.03 12.68 13.34 14.01 14.69 15.38 16.07 16.78 17.49 18.21 18.93 19.66 20.39 21.12 21.86 22.58 23.24 23.81 24.31 24.72 25.06 25.32 25.50 25.62 25.66 25.64 25.54 25.39 25.17 24.89 24.55 24.15 23.70 23.19 22.64 22.03 21.38 20.67 19.93 19.17 18.42 17.66 16.92 16.18 15.45 14.74 14.03 13.34 12.67 12.01 11.37 10.74 10.14 9.56 9.01 8.47 7.97 7.49 7.03 6.60 6.19 5.80 5.44 5.10 4.78 4.48 4.19
4.65 5.04 5.46 5.89 6.35 6.84 7.34 7.86 8.40 8.96 9.54 10.14 10.75 11.37 12.01 12.66 13.32 14.00 14.68 15.38 16.08 16.79 17.51 18.23 18.96 19.70 20.43 21.17 21.90 22.57 23.15 23.65 24.08 24.43 24.70 24.90 25.03 25.09 25.08 25.01 24.88 24.68 24.42 24.11 23.74 23.31 22.83 22.31 21.73 21.11 20.44 19.73 18.98 18.22 17.46 16.70 15.96 15.23 14.51 13.80 13.11 12.43 11.77 11.13 10.51 9.91 9.33 8.77 8.25 7.74 7.27 6.81 6.39 5.98 5.60 5.24 4.90 4.58 4.28 4.00
4.23 4.59 4.98 5.40 5.84 6.30 6.78 7.29 7.82 8.36 8.92 9.50 10.10 10.71 11.34 11.98 12.64 13.31 13.99 14.68 15.38 16.08 16.80 17.52 18.25 18.99 19.73 20.47 21.21 21.88 22.47 22.98 23.42 23.78 24.06 24.28 24.42 24.50 24.51 24.46 24.34 24.16 23.93 23.64 23.29 22.89 22.44 21.94 21.39 20.80 20.16 19.49 18.77 18.02 17.25 16.49 15.74 15.01 14.28 13.57 12.87 12.19 11.53 10.89 10.27 9.67 9.10 8.55 8.02 7.52 7.05 6.60 6.18 5.77 5.39 5.04 4.70 4.38 4.09 3.81
