data_processed/recharge/precip/Precip_2002_02.asc
ncols        168
nrows        136
xllcorner    455000
yllcorner    2107000
cellsize     500
NODATA_value     -99999
[rows 37 to 73 of 136, columns 83 to 165 of 168]
15.34 15.74 16.06 16.29 16.45 16.52 16.52 16.44 16.29 16.06 15.76 15.34 14.80 14.16 13.42 12.59 11.68 10.74 9.86 9.05 8.33 7.70 7.14 6.66 6.25 5.87 5.50 5.15 4.82 4.51 4.23 3.96 3.73 3.52 3.34 3.19 3.06 2.93 2.81 2.71 2.63 2.58 2.57 2.60 2.65 2.72 2.81 2.92 3.06 3.21 3.40 3.61 3.85 4.13 4.44 4.79 5.17 5.59 6.05 6.55 7.09 7.67 8.29 8.95 9.64 10.37 11.14 11.94 12.76 13.49 14.07 14.49 14.76 14.88 14.83 14.63 14.34 14.01 13.62 13.18 12.70 12.16 11.58
15.68 16.16 16.55 16.85 17.06 17.18 17.22 17.17 17.04 16.82 16.48 16.00 15.41 14.72 13.92 13.03 12.07 11.06 10.12 9.26 8.47 7.77 7.15 6.61 6.15 5.75 5.38 5.03 4.70 4.39 4.11 3.86 3.63 3.43 3.27 3.11 2.96 2.81 2.68 2.56 2.48 2.42 2.41 2.43 2.48 2.55 2.64 2.75 2.88 3.03 3.20 3.40 3.62 3.88 4.17 4.50 4.86 5.26 5.70 6.17 6.69 7.24 7.83 8.45 9.11 9.81 10.54 11.30 12.09 12.79 13.36 13.78 14.07 14.21 14.21 14.06 13.77 13.40 12.99 12.55 12.07 11.55 11.00
15.99 16.56 17.02 17.39 17.66 17.83 17.91 17.90 17.79 17.54 17.15 16.64 16.00 15.26 14.42 13.48 12.47 11.42 10.42 9.51 8.67 7.91 7.24 6.64 6.12 5.68 5.30 4.95 4.63 4.33 4.05 3.81 3.59 3.41 3.23 3.05 2.88 2.72 2.57 2.44 2.34 2.28 2.27 2.29 2.33 2.40 2.49 2.60 2.72 2.87 3.03 3.22 3.42 3.66 3.93 4.24 4.58 4.95 5.36 5.82 6.30 6.82 7.38 7.97 8.59 9.25 9.95 10.67 11.42 12.09 12.65 13.07 13.38 13.55 13.59 13.49 13.26 12.91 12.49 12.04 11.56 11.06 10.54
16.30 16.93 17.47 17.91 18.24 18.47 18.60 18.61 18.48 18.20 17.78 17.23 16.56 15.78 14.90 13.93 12.88 11.79 10.75 9.79 8.92 8.12 7.39 6.75 6.18 5.69 5.28 4.92 4.61 4.32 4.05 3.82 3.61 3.42 3.22 3.02 2.82 2.64 2.47 2.33 2.23 2.16 2.15 2.16 2.21 2.27 2.36 2.46 2.58 2.72 2.88 3.06 3.26 3.47 3.72 4.00 4.32 4.67 5.05 5.48 5.93 6.42 6.94 7.50 8.09 8.71 9.36 10.05 10.76 11.40 11.94 12.37 12.68 12.88 12.97 12.93 12.77 12.49 12.09 11.64 11.17 10.69 10.20
16.62 17.27 17.87 18.38 18.78 19.07 19.23 19.24 19.09 18.79 18.35 17.77 17.08 16.28 15.37 14.37 13.29 12.17 11.10 10.11 9.20 8.37 7.61 6.93 6.33 5.80 5.34 4.96 4.64 4.36 4.11 3.89 3.68 3.46 3.23 3.00 2.78 2.58 2.40 2.25 2.13 2.06 2.04 2.06 2.10 2.16 2.24 2.34 2.46 2.60 2.75 2.92 3.11 3.31 3.54 3.79 4.08 4.41 4.77 5.16 5.58 6.04 6.52 7.04 7.60 8.18 8.79 9.44 10.11 10.72 11.24 11.67 12.00 12.23 12.35 12.37 12.28 12.08 11.77 11.36 10.90 10.44 9.98
16.95 17.62 18.24 18.81 19.28 19.61 19.78 19.78 19.62 19.30 18.85 18.26 17.56 16.74 15.81 14.80 13.70 12.56 11.47 10.46 9.52 8.67 7.88 7.18 6.55 5.99 5.50 5.09 4.76 4.48 4.24 4.01 3.76 3.51 3.25 3.00 2.76 2.54 2.34 2.18 2.06 1.98 1.95 1.97 2.01 2.07 2.15 2.24 2.36 2.49 2.64 2.80 2.98 3.18 3.39 3.62 3.88 4.18 4.50 4.86 5.25 5.67 6.12 6.61 7.12 7.67 8.24 8.85 9.47 10.05 10.56 10.98 11.32 11.57 11.74 11.81 11.79 11.68 11.46 11.15 10.75 10.31 9.87
17.29 17.97 18.61 19.19 19.69 20.04 20.21 20.21 20.05 19.74 19.28 18.69 17.98 17.15 16.22 15.20 14.09 12.94 11.84 10.82 9.87 9.00 8.20 7.48 6.83 6.26 5.75 5.32 4.96 4.67 4.41 4.15 3.87 3.58 3.30 3.02 2.76 2.52 2.31 2.13 2.00 1.91 1.88 1.90 1.93 1.99 2.07 2.16 2.27 2.40 2.54 2.70 2.87 3.06 3.26 3.47 3.71 3.97 4.27 4.59 4.95 5.33 5.75 6.19 6.67 7.17 7.70 8.27 8.85 9.40 9.89 10.31 10.66 10.93 11.14 11.27 11.31 11.28 11.17 10.96 10.67 10.28 9.82
17.62 18.32 18.97 19.55 20.01 20.35 20.53 20.54 20.39 20.08 19.63 19.05 18.34 17.52 16.60 15.57 14.47 13.32 12.22 11.19 10.24 9.37 8.56 7.83 7.18 6.59 6.08 5.64 5.26 4.93 4.61 4.30 3.99 3.67 3.36 3.06 2.77 2.51 2.28 2.09 1.95 1.86 1.83 1.84 1.88 1.93 2.00 2.09 2.19 2.32 2.45 2.61 2.77 2.95 3.14 3.35 3.56 3.80 4.06 4.35 4.67 5.02 5.40 5.80 6.24 6.70 7.19 7.71 8.25 8.76 9.23 9.65 10.00 10.31 10.55 10.73 10.85 10.90 10.88 10.78 10.60 10.28 9.82
17.95 18.66 19.30 19.83 20.25 20.55 20.72 20.75 20.62 20.33 19.90 19.33 18.64 17.83 16.92 15.91 14.82 13.68 12.58 11.57 10.63 9.76 8.96 8.23 7.58 6.99 6.48 6.04 5.63 5.23 4.85 4.48 4.12 3.78 3.43 3.11 2.80 2.52 2.28 2.07 1.92 1.82 1.79 1.80 1.83 1.88 1.95 2.03 2.13 2.25 2.38 2.53 2.69 2.86 3.04 3.24 3.44 3.66 3.89 4.14 4.42 4.73 5.07 5.44 5.83 6.25 6.70 7.17 7.67 8.15 8.60 9.00 9.37 9.70 9.98 10.21 10.39 10.52 10.60 10.59 10.48 10.23 9.84
18.27 18.96 19.56 20.04 20.40 20.66 20.81 20.84 20.74 20.48 20.07 19.53 18.87 18.08 17.19 16.21 15.13 14.01 12.94 11.94 11.01 10.16 9.38 8.66 8.02 7.45 6.95 6.48 6.01 5.56 5.11 4.69 4.28 3.90 3.52 3.17 2.84 2.54 2.28 2.07 1.90 1.80 1.76 1.77 1.80 1.85 1.91 1.99 2.09 2.20 2.32 2.46 2.62 2.78 2.96 3.14 3.34 3.54 3.75 3.97 4.21 4.48 4.78 5.11 5.46 5.83 6.24 6.67 7.12 7.56 7.98 8.39 8.76 9.11 9.42 9.71 9.95 10.16 10.31 10.37 10.31 10.12 9.80
18.55 19.19 19.73 20.16 20.48 20.70 20.81 20.83 20.73 20.51 20.15 19.64 19.01 18.26 17.41 16.45 15.41 14.32 13.27 12.30 11.40 10.57 9.82 9.13 8.51 7.95 7.43 6.92 6.40 5.89 5.40 4.92 4.46 4.03 3.63 3.25 2.90 2.58 2.30 2.07 1.90 1.79 1.75 1.75 1.78 1.83 1.89 1.96 2.05 2.16 2.28 2.41 2.56 2.72 2.88 3.06 3.25 3.44 3.63 3.83 4.04 4.27 4.53 4.81 5.12 5.45 5.81 6.19 6.59 7.00 7.40 7.79 8.17 8.54 8.89 9.22 9.54 9.80 10.00 10.10 10.09 9.96 9.71
18.75 19.33 19.81 20.19 20.47 20.65 20.74 20.73 20.63 20.43 20.11 19.65 19.07 18.36 17.55 16.64 15.64 14.58 13.58 12.65 11.78 10.99 10.27 9.61 9.02 8.46 7.90 7.34 6.78 6.23 5.69 5.16 4.66 4.19 3.75 3.34 2.96 2.63 2.33 2.09 1.91 1.79 1.75 1.75 1.77 1.82 1.87 1.94 2.03 2.13 2.24 2.37 2.51 2.66 2.83 3.00 3.17 3.35 3.54 3.72 3.90 4.10 4.31 4.55 4.81 5.10 5.41 5.74 6.10 6.47 6.84 7.23 7.61 8.00 8.38 8.77 9.12 9.42 9.64 9.78 9.81 9.74 9.55
18.86 19.38 19.81 20.14 20.38 20.53 20.59 20.57 20.45 20.25 19.96 19.56 19.03 18.38 17.62 16.76 15.81 14.81 13.85 12.97 12.15 11.40 10.72 10.11 9.52 8.93 8.33 7.73 7.13 6.54 5.96 5.41 4.87 4.36 3.88 3.44 3.04 2.69 2.38 2.12 1.93 1.80 1.75 1.76 1.78 1.81 1.87 1.93 2.02 2.11 2.22 2.34 2.48 2.63 2.78 2.94 3.11 3.28 3.45 3.62 3.79 3.96 4.13 4.33 4.54 4.78 5.05 5.33 5.64 5.97 6.32 6.69 7.08 7.49 7.90 8.32 8.69 9.00 9.25 9.41 9.49 9.47 9.33
18.87 19.34 19.72 20.01 20.21 20.33 20.37 20.33 20.20 20.00 19.72 19.36 18.89 18.31 17.61 16.81 15.92 14.98 14.08 13.25 12.49 11.80 11.17 10.57 9.96 9.34 8.71 8.07 7.45 6.83 6.22 5.63 5.07 4.53 4.02 3.56 3.13 2.76 2.43 2.16 1.96 1.83 1.77 1.77 1.79 1.82 1.87 1.93 2.01 2.10 2.21 2.33 2.46 2.60 2.75 2.90 3.06 3.22 3.38 3.54 3.70 3.85 4.00 4.15 4.32 4.51 4.72 4.96 5.21 5.50 5.83 6.19 6.58 7.01 7.44 7.85 8.23 8.55 8.81 9.01 9.12 9.14 9.05
18.79 19.20 19.53 19.79 19.96 20.05 20.07 20.01 19.88 19.68 19.41 19.06 18.65 18.13 17.51 16.78 15.96 15.09 14.26 13.50 12.81 12.18 11.57 10.95 10.31 9.67 9.01 8.36 7.71 7.07 6.44 5.83 5.24 4.68 4.16 3.67 3.23 2.83 2.49 2.21 2.00 1.86 1.80 1.80 1.81 1.84 1.89 1.94 2.02 2.11 2.21 2.33 2.46 2.59 2.73 2.88 3.03 3.18 3.33 3.48 3.62 3.76 3.89 4.01 4.14 4.28 4.44 4.63 4.83 5.08 5.38 5.73 6.12 6.55 6.97 7.37 7.74 8.07 8.34 8.56 8.69 8.75 8.71
18.61 18.97 19.26 19.48 19.62 19.69 19.69 19.62 19.49 19.29 19.02 18.70 18.31 17.86 17.31 16.67 15.93 15.14 14.39 13.70 13.08 12.48 11.87 11.23 10.58 9.91 9.24 8.57 7.91 7.25 6.61 5.98 5.38 4.81 4.28 3.78 3.32 2.91 2.56 2.27 2.04 1.90 1.83 1.83 1.84 1.87 1.91 1.96 2.04 2.13 2.23 2.34 2.46 2.59 2.73 2.87 3.01 3.15 3.30 3.43 3.56 3.69 3.81 3.91 4.00 4.10 4.21 4.34 4.49 4.70 4.97 5.30 5.69 6.08 6.48 6.86 7.22 7.55 7.83 8.06 8.22 8.31 8.31
18.33 18.65 18.90 19.08 19.20 19.25 19.23 19.16 19.02 18.83 18.58 18.27 17.90 17.49 17.01 16.46 15.81 15.11 14.45 13.85 13.27 12.67 12.04 11.39 10.73 10.06 9.38 8.70 8.03 7.36 6.71 6.08 5.48 4.90 4.36 3.86 3.40 2.98 2.63 2.33 2.10 1.94 1.88 1.87 1.88 1.90 1.94 2.00 2.07 2.16 2.26 2.37 2.49 2.61 2.74 2.88 3.01 3.14 3.27 3.40 3.52 3.63 3.73 3.82 3.90 3.96 4.03 4.10 4.20 4.36 4.61 4.91 5.25 5.61 5.97 6.33 6.68 7.00 7.28 7.52 7.70 7.81 7.85
17.96 18.23 18.45 18.60 18.69 18.72 18.70 18.62 18.48 18.30 18.06 17.77 17.44 17.06 16.63 16.15 15.60 15.00 14.43 13.89 13.31 12.70 12.07 11.43 10.76 10.09 9.41 8.73 8.06 7.39 6.74 6.12 5.51 4.94 4.40 3.89 3.44 3.03 2.68 2.38 2.15 1.99 1.92 1.91 1.92 1.94 1.99 2.04 2.12 2.21 2.30 2.41 2.53 2.65 2.77 2.90 3.02 3.15 3.27 3.38 3.49 3.59 3.68 3.76 3.82 3.86 3.89 3.91 3.96 4.08 4.27 4.53 4.81 5.13 5.45 5.79 6.11 6.42 6.70 6.94 7.13 7.27 7.33
17.49 17.72 17.90 18.02 18.09 18.11 18.08 18.00 17.87 17.69 17.48 17.21 16.91 16.57 16.18 15.76 15.30 14.80 14.30 13.76 13.19 12.59 11.96 11.32 10.66 9.99 9.32 8.65 7.98 7.32 6.68 6.06 5.47 4.90 4.37 3.88 3.43 3.04 2.70 2.41 2.20 2.05 1.98 1.96 1.97 2.00 2.04 2.10 2.18 2.27 2.36 2.47 2.58 2.69 2.81 2.93 3.05 3.17 3.28 3.38 3.48 3.57 3.64 3.70 3.75 3.78 3.79 3.78 3.77 3.83 3.96 4.14 4.37 4.63 4.92 5.22 5.52 5.81 6.08 6.32 6.52 6.67 6.75
16.93 17.13 17.28 17.37 17.42 17.43 17.39 17.31 17.19 17.03 16.84 16.60 16.33 16.03 15.69 15.33 14.93 14.48 13.99 13.47 12.90 12.31 11.70 11.07 10.42 9.77 9.11 8.45 7.80 7.16 6.53 5.93 5.35 4.80 4.28 3.81 3.38 3.00 2.67 2.41 2.21 2.08 2.03 2.02 2.04 2.07 2.12 2.18 2.25 2.34 2.43 2.54 2.65 2.76 2.87 2.98 3.09 3.20 3.30 3.40 3.48 3.56 3.62 3.67 3.70 3.71 3.70 3.67 3.63 3.61 3.66 3.77 3.94 4.14 4.38 4.64 4.91 5.18 5.43 5.67 5.87 6.02 6.13
16.38 16.54 16.66 16.73 16.76 16.76 16.72 16.64 16.53 16.38 16.21 16.00 15.76 15.50 15.21 14.90 14.53 14.10 13.62 13.11 12.56 11.98 11.38 10.76 10.13 9.49 8.85 8.20 7.57 6.94 6.33 5.74 5.18 4.65 4.15 3.69 3.28 2.92 2.62 2.38 2.20 2.09 2.07 2.11 2.13 2.16 2.21 2.27 2.35 2.43 2.52 2.62 2.73 2.83 2.94 3.04 3.15 3.24 3.34 3.42 3.49 3.55 3.60 3.63 3.64 3.64 3.61 3.57 3.51 3.45 3.42 3.46 3.55 3.70 3.88 4.10 4.33 4.57 4.81 5.03 5.22 5.39 5.50
15.87 15.99 16.07 16.12 16.14 16.12 16.08 16.00 15.90 15.77 15.61 15.43 15.23 15.01 14.77 14.48 14.13 13.70 13.23 12.73 12.19 11.63 11.04 10.43 9.81 9.19 8.56 7.93 7.31 6.70 6.10 5.53 4.99 4.47 3.99 3.56 3.16 2.82 2.54 2.31 2.16 2.09 2.12 2.19 2.24 2.28 2.33 2.39 2.46 2.54 2.63 2.72 2.82 2.92 3.02 3.11 3.20 3.29 3.37 3.44 3.50 3.54 3.57 3.58 3.58 3.55 3.51 3.46 3.40 3.33 3.26 3.22 3.24 3.32 3.45 3.62 3.81 4.01 4.22 4.43 4.62 4.78 4.90
15.38 15.47 15.52 15.54 15.54 15.52 15.47 15.39 15.30 15.18 15.05 14.90 14.73 14.55 14.33 14.06 13.71 13.29 12.82 12.33 11.80 11.25 10.68 10.08 9.48 8.87 8.25 7.64 7.03 6.43 5.86 5.30 4.77 4.27 3.81 3.39 3.02 2.70 2.43 2.23 2.11 2.08 2.15 2.26 2.35 2.42 2.47 2.53 2.59 2.67 2.75 2.84 2.92 3.01 3.10 3.18 3.26 3.34 3.40 3.45 3.49 3.52 3.53 3.53 3.50 3.46 3.41 3.35 3.29 3.22 3.14 3.06 3.01 3.02 3.09 3.20 3.34 3.51 3.69 3.87 4.05 4.20 4.33
14.92 14.97 14.99 15.00 14.98 14.94 14.88 14.81 14.72 14.62 14.51 14.39 14.26 14.10 13.89 13.61 13.27 12.86 12.40 11.92 11.40 10.86 10.30 9.72 9.13 8.53 7.92 7.33 6.73 6.15 5.59 5.05 4.54 4.06 3.61 3.21 2.86 2.55 2.31 2.14 2.06 2.08 2.18 2.32 2.45 2.55 2.62 2.68 2.74 2.81 2.88 2.96 3.03 3.11 3.19 3.26 3.32 3.38 3.43 3.46 3.49 3.49 3.49 3.46 3.42 3.37 3.31 3.25 3.18 3.11 3.03 2.94 2.85 2.80 2.79 2.84 2.94 3.06 3.21 3.36 3.52 3.66 3.79
14.49 14.50 14.49 14.47 14.43 14.39 14.32 14.25 14.18 14.09 14.00 13.90 13.79 13.63 13.43 13.16 12.82 12.42 11.97 11.49 10.99 10.46 9.91 9.34 8.76 8.17 7.58 7.00 6.42 5.86 5.31 4.79 4.29 3.82 3.40 3.01 2.67 2.39 2.18 2.06 2.02 2.07 2.20 2.38 2.53 2.66 2.76 2.84 2.90 2.96 3.02 3.08 3.15 3.21 3.27 3.33 3.38 3.42 3.45 3.46 3.47 3.45 3.42 3.38 3.33 3.28 3.22 3.16 3.08 3.00 2.92 2.83 2.74 2.65 2.58 2.56 2.60 2.68 2.78 2.91 3.04 3.17 3.28
14.08 14.05 14.02 13.97 13.91 13.85 13.79 13.72 13.65 13.58 13.51 13.43 13.31 13.16 12.96 12.69 12.36 11.97 11.53 11.06 10.56 10.04 9.50 8.95 8.38 7.81 7.23 6.66 6.10 5.55 5.02 4.51 4.03 3.58 3.17 2.80 2.48 2.24 2.07 1.98 1.98 2.06 2.23 2.43 2.61 2.76 2.89 2.99 3.06 3.11 3.16 3.22 3.27 3.32 3.36 3.40 3.43 3.45 3.46 3.46 3.44 3.40 3.35 3.30 3.25 3.19 3.13 3.06 2.99 2.91 2.82 2.73 2.64 2.54 2.44 2.36 2.34 2.36 2.42 2.51 2.61 2.72 2.82
13.69 13.62 13.55 13.48 13.41 13.34 13.27 13.20 13.14 13.09 13.02 12.94 12.83 12.68 12.48 12.22 11.89 11.51 11.08 10.62 10.13 9.62 9.10 8.55 8.00 7.44 6.88 6.32 5.77 5.23 4.72 4.22 3.76 3.32 2.93 2.58 2.30 2.09 1.96 1.91 1.94 2.05 2.24 2.47 2.68 2.85 3.00 3.12 3.21 3.27 3.31 3.35 3.38 3.42 3.44 3.46 3.47 3.47 3.46 3.43 3.39 3.34 3.28 3.23 3.17 3.11 3.05 2.98 2.90 2.82 2.73 2.64 2.55 2.44 2.34 2.23 2.14 2.11 2.12 2.17 2.24 2.32 2.41
13.31 13.21 13.11 13.01 12.92 12.84 12.76 12.70 12.65 12.60 12.53 12.45 12.34 12.19 11.99 11.74 11.42 11.04 10.62 10.17 9.69 9.20 8.68 8.15 7.61 7.06 6.52 5.97 5.43 4.91 4.41 3.93 3.48 3.06 2.69 2.37 2.13 1.96 1.86 1.84 1.90 2.04 2.26 2.51 2.73 2.93 3.09 3.23 3.33 3.41 3.46 3.48 3.50 3.51 3.52 3.52 3.50 3.48 3.44 3.39 3.33 3.27 3.21 3.16 3.10 3.04 2.97 2.90 2.82 2.74 2.65 2.56 2.46 2.36 2.25 2.14 2.03 1.94 1.89 1.89 1.92 1.98 2.04
12.93 12.80 12.67 12.55 12.44 12.35 12.27 12.21 12.16 12.10 12.04 11.96 11.84 11.70 11.50 11.25 10.94 10.57 10.16 9.72 9.25 8.77 8.26 7.75 7.22 6.69 6.15 5.62 5.10 4.59 4.10 3.64 3.20 2.80 2.46 2.18 1.98 1.84 1.77 1.78 1.87 2.03 2.27 2.53 2.78 2.99 3.17 3.32 3.43 3.52 3.58 3.60 3.61 3.60 3.58 3.56 3.52 3.48 3.41 3.34 3.28 3.21 3.15 3.09 3.03 2.97 2.91 2.83 2.76 2.67 2.58 2.49 2.39 2.29 2.18 2.07 1.96 1.84 1.74 1.68 1.67 1.69 1.73
12.52 12.40 12.24 12.10 11.97 11.87 11.79 11.72 11.66 11.61 11.54 11.46 11.34 11.20 11.01 10.77 10.46 10.10 9.69 9.26 8.81 8.33 7.84 7.34 6.83 6.31 5.79 5.27 4.76 4.27 3.79 3.34 2.93 2.56 2.25 2.01 1.84 1.73 1.70 1.73 1.84 2.02 2.27 2.56 2.81 3.04 3.23 3.39 3.51 3.61 3.67 3.70 3.70 3.68 3.64 3.59 3.53 3.45 3.37 3.30 3.22 3.16 3.10 3.04 2.98 2.91 2.85 2.78 2.70 2.61 2.53 2.43 2.34 2.24 2.13 2.02 1.90 1.78 1.65 1.55 1.49 1.47 1.47
12.03 11.95 11.81 11.65 11.51 11.39 11.30 11.23 11.17 11.11 11.04 10.95 10.84 10.70 10.51 10.28 9.98 9.62 9.23 8.81 8.36 7.90 7.42 6.94 6.44 5.93 5.43 4.93 4.43 3.95 3.49 3.06 2.67 2.34 2.07 1.87 1.72 1.64 1.63 1.68 1.81 2.01 2.28 2.58 2.84 3.08 3.28 3.44 3.57 3.67 3.74 3.77 3.77 3.74 3.68 3.60 3.51 3.42 3.33 3.25 3.18 3.11 3.05 2.99 2.93 2.87 2.80 2.73 2.65 2.57 2.48 2.39 2.30 2.19 2.09 1.98 1.86 1.74 1.62 1.49 1.38 1.31 1.28
11.48 11.44 11.34 11.20 11.04 10.92 10.82 10.74 10.67 10.61 10.54 10.45 10.34 10.20 10.02 9.79 9.50 9.15 8.77 8.36 7.92 7.47 7.01 6.53 6.05 5.56 5.07 4.59 4.11 3.64 3.20 2.80 2.45 2.15 1.92 1.74 1.62 1.56 1.57 1.65 1.79 2.00 2.28 2.59 2.87 3.10 3.31 3.48 3.61 3.71 3.78 3.81 3.81 3.77 3.70 3.60 3.49 3.39 3.30 3.22 3.14 3.08 3.01 2.95 2.89 2.83 2.76 2.69 2.62 2.54 2.45 2.36 2.27 2.17 2.07 1.96 1.85 1.73 1.60 1.47 1.34 1.23 1.15
10.87 10.86 10.80 10.70 10.57 10.44 10.34 10.25 10.18 10.11 10.04 9.96 9.85 9.71 9.53 9.31 9.02 8.68 8.31 7.91 7.49 7.05 6.60 6.13 5.66 5.19 4.72 4.25 3.79 3.35 2.93 2.57 2.25 1.99 1.78 1.63 1.54 1.50 1.53 1.62 1.78 2.00 2.29 2.60 2.88 3.12 3.33 3.50 3.63 3.73 3.79 3.82 3.81 3.76 3.68 3.58 3.47 3.36 3.27 3.19 3.12 3.05 2.99 2.93 2.87 2.80 2.74 2.67 2.60 2.52 2.44 2.35 2.26 2.16 2.06 1.96 1.85 1.73 1.61 1.48 1.35 1.21 1.08
10.22 10.24 10.21 10.15 10.07 9.97 9.86 9.77 9.69 9.62 9.55 9.46 9.36 9.22 9.05 8.83 8.55 8.22 7.85 7.46 7.05 6.63 6.19 5.74 5.29 4.83 4.37 3.92 3.48 3.08 2.71 2.38 2.09 1.86 1.67 1.55 1.47 1.45 1.50 1.60 1.77 2.00 2.29 2.60 2.89 3.13 3.33 3.50 3.63 3.72 3.78 3.79 3.77 3.72 3.64 3.54 3.45 3.35 3.26 3.17 3.10 3.03 2.97 2.91 2.85 2.79 2.73 2.67 2.60 2.52 2.44 2.36 2.27 2.17 2.08 1.97 1.87 1.75 1.64 1.51 1.38 1.24 1.09
9.54 9.57 9.57 9.56 9.52 9.46 9.38 9.29 9.21 9.14 9.06 8.98 8.87 8.74 8.57 8.35 8.09 7.76 7.41 7.03 6.63 6.22 5.79 5.36 4.92 4.47 4.04 3.61 3.20 2.84 2.51 2.21 1.96 1.75 1.59 1.48 1.43 1.42 1.48 1.59 1.76 2.00 2.29 2.61 2.89 3.12 3.32 3.49 3.61 3.69 3.74 3.74 3.71 3.65 3.58 3.51 3.42 3.34 3.25 3.17 3.10 3.03 2.97 2.91 2.85 2.80 2.74 2.68 2.61 2.54 2.46 2.38 2.29 2.20 2.11 2.01 1.91 1.80 1.69 1.56 1.43 1.29 1.13
8.82 8.87 8.91 8.94 8.94 8.92 8.88 8.82 8.74 8.66 8.58 8.50 8.39 8.27 8.10 7.89 7.63 7.32 6.97 6.60 6.22 5.81 5.40 4.98 4.56 4.13 3.71 3.32 2.96 2.63 2.34 2.08 1.86 1.68 1.53 1.44 1.40 1.41 1.47 1.59 1.77 2.00 2.30 2.61 2.88 3.11 3.30 3.46 3.57 3.64 3.67 3.66 3.63 3.58 3.52 3.46 3.40 3.33 3.25 3.17 3.10 3.04 2.98 2.92 2.87 2.82 2.76 2.70 2.64 2.57 2.50 2.42 2.34 2.25 2.17 2.07 1.97 1.87 1.76 1.64 1.51 1.37 1.21
8.09 8.17 8.24 8.30 8.34 8.36 8.36 8.32 8.27 8.19 8.11 8.03 7.93 7.80 7.64 7.44 7.19 6.88 6.55 6.19 5.81 5.43 5.03 4.62 4.21 3.80 3.42 3.07 2.74 2.45 2.20 1.97 1.78 1.62 1.50 1.42 1.39 1.41 1.48 1.60 1.78 2.01 2.30 2.60 2.87 3.09 3.27 3.41 3.51 3.57 3.58 3.57 3.54 3.51 3.47 3.42 3.37 3.32 3.26 3.19 3.12 3.06 3.01 2.95 2.90 2.85 2.80 2.75 2.69 2.62 2.56 2.48 2.41 2.33 2.24 2.15 2.06 1.96 1.85 1.74 1.61 1.47 1.32
