data_processed/recharge/precip/Precip_1999_09.asc
ncols        168
nrows        136
xllcorner    455000
yllcorner    2107000
cellsize     500
NODATA_value     -99999
[rows 66 to 98 of 136, columns 73 to 145 of 168]
89.46 95.90 102.87 110.28 117.11 122.47 126.41 129.04 130.49 130.85 130.25 128.79 126.60 123.79 120.46 116.74 112.83 109.14 105.97 103.34 101.21 99.50 98.14 97.08 96.25 95.58 95.00 94.45 93.87 93.19 92.45 91.76 91.15 90.61 90.14 89.74 89.41 89.16 88.97 88.85 88.80 88.82 88.93 89.20 89.68 90.38 91.26 92.32 93.52 94.84 96.26 97.77 99.34 100.94 102.56 104.17 105.73 107.16 108.43 109.54 110.49 111.27 111.86 112.28 112.51 112.55 112.39 112.02 111.45 110.70 109.81 108.79 107.64
89.96 96.44 103.45 110.90 117.78 123.19 127.20 129.91 131.45 131.91 131.42 130.09 128.04 125.37 122.20 118.65 114.89 111.30 108.20 105.64 103.56 101.89 100.56 99.52 98.69 98.01 97.42 96.84 96.22 95.49 94.69 93.94 93.28 92.68 92.16 91.71 91.34 91.03 90.80 90.64 90.55 90.53 90.58 90.73 91.08 91.65 92.42 93.37 94.48 95.72 97.09 98.54 100.07 101.66 103.27 104.88 106.46 107.90 109.18 110.31 111.27 112.06 112.68 113.11 113.35 113.40 113.26 112.90 112.34 111.58 110.67 109.63 108.47
90.65 97.11 104.09 111.51 118.36 123.76 127.77 130.49 132.04 132.54 132.09 130.82 128.83 126.24 123.16 119.78 116.43 113.25 110.32 107.83 105.80 104.17 102.87 101.85 101.03 100.34 99.73 99.13 98.47 97.69 96.83 96.03 95.31 94.66 94.09 93.59 93.17 92.82 92.54 92.34 92.20 92.14 92.18 92.31 92.56 92.99 93.63 94.47 95.48 96.63 97.92 99.32 100.80 102.35 103.94 105.55 107.12 108.56 109.85 110.98 111.95 112.74 113.36 113.79 114.04 114.09 113.95 113.60 113.06 112.33 111.43 110.38 109.20
91.55 97.91 104.79 112.11 118.87 124.19 128.12 130.78 132.28 132.74 132.26 130.97 128.98 126.40 123.42 120.42 117.54 114.80 112.23 109.88 107.91 106.32 105.06 104.05 103.24 102.55 101.93 101.30 100.60 99.77 98.85 98.00 97.22 96.52 95.90 95.35 94.88 94.49 94.17 93.92 93.75 93.68 93.71 93.84 94.06 94.39 94.90 95.61 96.50 97.56 98.76 100.08 101.51 103.01 104.56 106.15 107.71 109.15 110.43 111.55 112.50 113.29 113.89 114.32 114.56 114.60 114.45 114.11 113.60 112.91 112.05 111.02 109.83
92.65 98.84 105.56 112.70 119.30 124.46 128.25 130.78 132.16 132.51 131.94 130.56 128.49 125.94 123.30 120.75 118.30 115.97 113.77 111.71 109.86 108.32 107.09 106.10 105.30 104.61 103.97 103.32 102.58 101.70 100.73 99.82 98.99 98.24 97.57 96.98 96.46 96.02 95.66 95.38 95.19 95.11 95.14 95.26 95.48 95.79 96.20 96.77 97.54 98.49 99.59 100.83 102.18 103.62 105.13 106.68 108.22 109.64 110.90 111.99 112.93 113.69 114.28 114.68 114.90 114.92 114.77 114.45 113.97 113.32 112.50 111.51 110.35
93.95 99.90 106.38 113.29 119.64 124.58 128.16 130.49 131.68 131.85 131.11 129.58 127.47 125.22 123.02 120.88 118.81 116.84 114.97 113.22 111.59 110.14 108.95 107.98 107.19 106.50 105.85 105.17 104.39 103.46 102.44 101.48 100.60 99.80 99.08 98.44 97.88 97.40 97.00 96.70 96.51 96.43 96.46 96.58 96.79 97.09 97.47 97.95 98.58 99.41 100.40 101.54 102.80 104.17 105.62 107.14 108.64 110.02 111.25 112.31 113.21 113.94 114.49 114.86 115.05 115.06 114.92 114.62 114.17 113.55 112.77 111.83 110.73
95.46 101.10 107.27 113.87 119.92 124.56 127.85 129.91 130.84 130.76 129.79 128.15 126.31 124.47 122.66 120.88 119.15 117.49 115.91 114.41 113.02 111.74 110.61 109.67 108.88 108.19 107.53 106.82 106.02 105.04 103.97 102.95 102.02 101.17 100.41 99.72 99.12 98.60 98.18 97.88 97.69 97.61 97.63 97.75 97.96 98.25 98.63 99.08 99.62 100.31 101.18 102.21 103.38 104.66 106.04 107.50 108.96 110.29 111.47 112.49 113.34 114.03 114.53 114.86 115.02 115.04 114.91 114.63 114.20 113.62 112.88 111.98 110.93
97.17 102.43 108.23 114.44 120.12 124.40 127.34 129.05 129.65 129.25 128.10 126.69 125.24 123.77 122.31 120.85 119.42 118.02 116.67 115.39 114.18 113.06 112.03 111.13 110.36 109.67 109.00 108.27 107.43 106.41 105.28 104.21 103.23 102.34 101.52 100.79 100.15 99.62 99.20 98.90 98.72 98.63 98.65 98.77 98.97 99.26 99.63 100.07 100.58 101.17 101.91 102.82 103.88 105.07 106.37 107.75 109.15 110.43 111.55 112.51 113.31 113.94 114.39 114.68 114.84 114.86 114.74 114.48 114.07 113.52 112.82 111.97 110.96
99.09 103.91 109.25 115.02 120.24 124.09 126.60 127.90 128.11 127.46 126.50 125.46 124.36 123.22 122.06 120.87 119.69 118.51 117.36 116.24 115.16 114.15 113.21 112.36 111.60 110.91 110.23 109.48 108.60 107.54 106.36 105.24 104.22 103.27 102.41 101.65 100.99 100.46 100.04 99.75 99.56 99.47 99.49 99.60 99.80 100.08 100.44 100.88 101.38 101.95 102.59 103.36 104.30 105.39 106.59 107.90 109.22 110.43 111.48 112.38 113.10 113.66 114.07 114.35 114.50 114.52 114.41 114.16 113.78 113.25 112.59 111.78 110.82
101.22 105.52 110.34 115.59 120.30 123.64 125.66 126.48 126.36 125.87 125.26 124.55 123.77 122.91 122.00 121.04 120.05 119.05 118.04 117.04 116.06 115.11 114.21 113.37 112.60 111.89 111.20 110.43 109.52 108.41 107.18 106.02 104.94 103.95 103.06 102.28 101.62 101.09 100.68 100.38 100.20 100.11 100.13 100.23 100.43 100.71 101.06 101.49 101.98 102.54 103.15 103.83 104.64 105.60 106.70 107.91 109.16 110.28 111.25 112.06 112.71 113.22 113.60 113.87 114.01 114.03 113.93 113.69 113.33 112.83 112.20 111.43 110.52
103.55 107.27 111.51 116.16 120.28 123.05 124.51 124.94 124.94 124.78 124.48 124.06 123.54 122.92 122.21 121.44 120.60 119.72 118.81 117.89 116.95 116.02 115.11 114.23 113.40 112.62 111.89 111.10 110.16 109.01 107.73 106.52 105.40 104.37 103.46 102.68 102.03 101.50 101.10 100.80 100.61 100.53 100.54 100.64 100.83 101.10 101.45 101.87 102.36 102.90 103.50 104.16 104.87 105.70 106.68 107.79 108.94 109.97 110.85 111.57 112.15 112.63 112.99 113.24 113.38 113.39 113.29 113.07 112.72 112.24 111.64 110.91 110.05
106.03 109.16 112.74 116.73 120.20 122.32 123.32 123.83 124.14 124.28 124.25 124.08 123.77 123.33 122.79 122.15 121.42 120.62 119.77 118.86 117.93 116.97 116.01 115.05 114.10 113.19 112.32 111.47 110.50 109.31 107.98 106.72 105.56 104.51 103.61 102.84 102.19 101.67 101.26 100.97 100.78 100.70 100.71 100.81 100.99 101.26 101.60 102.01 102.49 103.03 103.62 104.26 104.94 105.68 106.53 107.52 108.56 109.49 110.26 110.91 111.45 111.90 112.23 112.47 112.59 112.60 112.50 112.29 111.95 111.50 110.93 110.23 109.41
108.41 111.12 114.04 117.31 120.05 121.64 122.68 123.48 124.07 124.46 124.66 124.68 124.54 124.25 123.82 123.27 122.60 121.84 120.99 120.06 119.08 118.05 116.98 115.89 114.80 113.70 112.62 111.57 110.51 109.28 107.90 106.60 105.43 104.39 103.49 102.73 102.09 101.57 101.17 100.87 100.68 100.60 100.61 100.70 100.89 101.15 101.48 101.89 102.36 102.88 103.46 104.09 104.76 105.47 106.23 107.09 108.01 108.82 109.52 110.11 110.62 111.02 111.34 111.55 111.66 111.66 111.56 111.35 111.03 110.60 110.06 109.39 108.61
110.54 112.92 115.35 117.89 120.03 121.63 122.94 124.00 124.82 125.41 125.79 125.96 125.94 125.75 125.39 124.87 124.22 123.45 122.56 121.57 120.49 119.34 118.13 116.86 115.56 114.24 112.91 111.57 110.26 108.90 107.49 106.17 105.01 103.98 103.09 102.33 101.69 101.18 100.78 100.49 100.30 100.21 100.22 100.31 100.49 100.75 101.08 101.47 101.93 102.45 103.02 103.64 104.30 104.99 105.72 106.48 107.28 108.00 108.63 109.18 109.64 110.01 110.30 110.49 110.58 110.58 110.47 110.27 109.96 109.55 109.03 108.40 107.66
112.33 114.34 116.37 118.46 120.55 122.41 123.97 125.25 126.26 127.02 127.53 127.82 127.89 127.75 127.42 126.92 126.24 125.42 124.45 123.36 122.15 120.84 119.44 117.97 116.43 114.84 113.21 111.56 109.90 108.24 106.72 105.41 104.26 103.24 102.36 101.61 100.98 100.47 100.08 99.79 99.61 99.52 99.53 99.62 99.80 100.05 100.38 100.77 101.23 101.74 102.30 102.91 103.56 104.24 104.95 105.69 106.41 107.06 107.64 108.13 108.55 108.89 109.14 109.30 109.38 109.37 109.26 109.06 108.76 108.37 107.87 107.27 106.56
113.48 115.11 116.79 118.71 120.83 122.91 124.72 126.23 127.44 128.37 129.03 129.44 129.60 129.53 129.24 128.74 128.05 127.18 126.15 124.96 123.63 122.16 120.59 118.91 117.14 115.29 113.37 111.41 109.40 107.38 105.57 104.20 103.07 102.08 101.23 100.50 99.90 99.41 99.04 98.77 98.60 98.54 98.56 98.67 98.86 99.13 99.47 99.88 100.34 100.86 101.43 102.05 102.70 103.39 104.10 104.82 105.50 106.10 106.61 107.06 107.43 107.73 107.95 108.09 108.15 108.12 108.01 107.81 107.53 107.15 106.67 106.10 105.43
113.88 115.20 116.73 118.59 120.65 122.75 124.79 126.54 127.98 129.11 129.94 130.49 130.76 130.78 130.55 130.09 129.41 128.52 127.44 126.17 124.74 123.15 121.42 119.56 117.58 115.49 113.31 111.06 108.74 106.39 104.25 102.62 101.45 100.50 99.70 99.01 98.46 98.01 97.68 97.46 97.33 97.30 97.37 97.52 97.74 98.05 98.42 98.86 99.35 99.90 100.50 101.15 101.83 102.54 103.24 103.92 104.57 105.13 105.59 105.99 106.32 106.57 106.76 106.88 106.92 106.88 106.77 106.57 106.29 105.93 105.48 104.93 104.30
113.65 114.84 116.32 118.12 120.11 122.16 124.23 126.20 127.89 129.24 130.26 130.97 131.39 131.52 131.37 130.97 130.32 129.44 128.33 127.02 125.51 123.81 121.95 119.93 117.76 115.47 113.05 110.53 107.92 105.27 102.83 100.91 99.52 98.55 97.81 97.20 96.70 96.33 96.06 95.90 95.84 95.87 95.99 96.20 96.48 96.84 97.27 97.76 98.31 98.92 99.57 100.26 100.98 101.69 102.36 103.00 103.61 104.14 104.58 104.93 105.21 105.43 105.58 105.68 105.70 105.65 105.53 105.34 105.06 104.72 104.29 103.77 103.17
113.00 114.15 115.59 117.33 119.27 121.25 123.27 125.28 127.17 128.76 130.01 130.91 131.49 131.75 131.72 131.40 130.80 129.95 128.84 127.50 125.94 124.16 122.19 120.04 117.71 115.22 112.58 109.82 106.96 104.05 101.33 99.15 97.50 96.36 95.62 95.09 94.69 94.40 94.22 94.14 94.16 94.27 94.48 94.76 95.13 95.57 96.07 96.64 97.26 97.94 98.66 99.42 100.15 100.83 101.46 102.06 102.64 103.13 103.54 103.87 104.12 104.30 104.42 104.48 104.49 104.43 104.30 104.11 103.85 103.51 103.10 102.62 102.06
112.04 113.17 114.57 116.26 118.13 120.06 122.01 123.97 125.91 127.71 129.19 130.31 131.07 131.50 131.60 131.38 130.86 130.06 128.98 127.64 126.04 124.21 122.16 119.89 117.42 114.76 111.93 108.96 105.88 102.73 99.78 97.36 95.49 94.13 93.25 92.75 92.45 92.27 92.20 92.22 92.35 92.57 92.87 93.26 93.72 94.26 94.86 95.53 96.25 97.02 97.82 98.60 99.31 99.94 100.54 101.11 101.65 102.12 102.50 102.80 103.03 103.18 103.27 103.31 103.29 103.22 103.09 102.90 102.64 102.32 101.94 101.48 100.95
110.81 111.91 113.27 114.91 116.73 118.60 120.50 122.41 124.29 126.14 127.82 129.18 130.15 130.76 131.02 130.93 130.52 129.79 128.76 127.43 125.83 123.97 121.86 119.50 116.91 114.10 111.10 107.95 104.68 101.34 98.18 95.56 93.50 91.95 90.90 90.29 90.05 89.99 90.04 90.20 90.45 90.79 91.22 91.73 92.31 92.97 93.69 94.47 95.31 96.19 97.03 97.77 98.44 99.04 99.60 100.14 100.65 101.09 101.45 101.73 101.94 102.07 102.14 102.15 102.12 102.03 101.90 101.71 101.46 101.15 100.79 100.36 99.87
109.33 110.41 111.74 113.33 115.09 116.91 118.76 120.61 122.45 124.25 125.98 127.54 128.75 129.56 130.00 130.06 129.78 129.15 128.18 126.91 125.33 123.45 121.30 118.86 116.16 113.23 110.11 106.81 103.39 99.88 96.55 93.76 91.54 89.84 88.64 87.89 87.58 87.60 87.80 88.10 88.50 88.99 89.57 90.22 90.95 91.74 92.61 93.53 94.49 95.41 96.22 96.93 97.56 98.12 98.65 99.16 99.64 100.05 100.39 100.65 100.84 100.97 101.03 101.02 100.97 100.87 100.72 100.53 100.29 100.00 99.66 99.26 98.80
107.63 108.69 109.98 111.53 113.24 115.01 116.81 118.62 120.40 122.15 123.84 125.45 126.86 127.91 128.55 128.79 128.65 128.14 127.28 126.07 124.53 122.67 120.48 117.98 115.21 112.19 108.97 105.57 102.02 98.37 94.90 91.98 89.63 87.81 86.49 85.64 85.23 85.22 85.52 85.99 86.56 87.21 87.95 88.77 89.66 90.62 91.65 92.72 93.74 94.63 95.40 96.07 96.66 97.20 97.69 98.16 98.62 99.01 99.32 99.57 99.75 99.86 99.92 99.91 99.84 99.73 99.58 99.39 99.15 98.88 98.55 98.18 97.75
105.73 106.77 108.04 109.54 111.21 112.93 114.68 116.44 118.19 119.89 121.54 123.10 124.56 125.81 126.67 127.12 127.15 126.79 126.05 124.93 123.45 121.60 119.40 116.87 114.06 110.99 107.70 104.22 100.58 96.83 93.24 90.22 87.78 85.87 84.47 83.55 83.07 83.00 83.30 83.91 84.66 85.50 86.43 87.44 88.51 89.66 90.85 91.98 92.97 93.83 94.56 95.20 95.76 96.26 96.72 97.17 97.59 97.96 98.26 98.49 98.66 98.76 98.81 98.80 98.73 98.62 98.46 98.27 98.04 97.78 97.47 97.12 96.73
103.66 104.69 105.93 107.39 109.01 110.69 112.40 114.11 115.82 117.48 119.09 120.61 122.04 123.33 124.40 125.06 125.30 125.10 124.50 123.50 122.08 120.26 118.07 115.55 112.73 109.64 106.31 102.78 99.09 95.26 91.60 88.51 86.00 84.04 82.60 81.63 81.12 81.02 81.31 81.94 82.85 83.91 85.04 86.25 87.54 88.87 90.14 91.25 92.20 93.01 93.71 94.32 94.84 95.32 95.75 96.17 96.57 96.91 97.19 97.41 97.57 97.67 97.71 97.70 97.64 97.53 97.37 97.18 96.96 96.71 96.42 96.10 95.77
101.45 102.47 103.68 105.11 106.68 108.32 109.99 111.66 113.33 114.95 116.52 118.01 119.40 120.66 121.77 122.64 123.09 123.09 122.65 121.75 120.41 118.65 116.51 114.03 111.23 108.15 104.82 101.28 97.55 93.69 89.99 86.86 84.32 82.34 80.88 79.91 79.39 79.30 79.60 80.25 81.23 82.47 83.83 85.27 86.77 88.19 89.43 90.50 91.41 92.19 92.86 93.43 93.93 94.37 94.78 95.17 95.55 95.87 96.13 96.34 96.49 96.58 96.63 96.62 96.56 96.46 96.32 96.13 95.92 95.68 95.41 95.14 94.87
99.12 100.13 101.32 102.71 104.25 105.84 107.47 109.11 110.74 112.33 113.86 115.32 116.67 117.90 118.99 119.90 120.55 120.76 120.48 119.70 118.46 116.80 114.74 112.32 109.57 106.54 103.24 99.72 96.00 92.13 88.42 85.28 82.75 80.77 79.33 78.38 77.90 77.84 78.19 78.90 79.94 81.28 82.85 84.52 86.11 87.51 88.71 89.74 90.62 91.37 92.00 92.54 93.01 93.42 93.81 94.17 94.53 94.83 95.08 95.28 95.42 95.51 95.55 95.55 95.50 95.41 95.28 95.11 94.91 94.69 94.45 94.24 94.04
96.69 97.69 98.87 100.23 101.73 103.29 104.88 106.49 108.08 109.64 111.14 112.56 113.88 115.09 116.14 117.03 117.73 118.09 117.97 117.34 116.24 114.70 112.76 110.44 107.78 104.82 101.59 98.11 94.43 90.59 86.90 83.79 81.29 79.36 77.96 77.07 76.65 76.67 77.09 77.89 79.02 80.46 82.15 83.89 85.46 86.82 87.98 88.98 89.83 90.54 91.14 91.65 92.09 92.48 92.84 93.19 93.52 93.81 94.04 94.23 94.36 94.45 94.50 94.50 94.46 94.38 94.27 94.12 93.94 93.75 93.57 93.41 93.27
94.20 95.20 96.35 97.69 99.16 100.68 102.24 103.81 105.37 106.90 108.37 109.77 111.06 112.24 113.27 114.13 114.76 115.12 115.15 114.70 113.77 112.39 110.59 108.40 105.87 103.01 99.87 96.48 92.88 89.09 85.45 82.41 79.97 78.11 76.80 75.99 75.67 75.79 76.32 77.24 78.50 80.05 81.70 83.31 84.80 86.12 87.25 88.21 89.03 89.71 90.28 90.77 91.18 91.55 91.88 92.20 92.52 92.79 93.02 93.19 93.32 93.41 93.46 93.47 93.44 93.38 93.28 93.16 93.02 92.88 92.75 92.65 92.57
91.67 92.67 93.81 95.12 96.55 98.05 99.58 101.12 102.65 104.15 105.60 106.96 108.24 109.39 110.39 111.18 111.72 112.02 112.07 111.79 111.06 109.87 108.25 106.23 103.84 101.13 98.12 94.84 91.34 87.64 84.09 81.14 78.80 77.05 75.85 75.17 74.97 75.23 75.90 76.96 78.36 79.89 81.38 82.81 84.17 85.42 86.52 87.45 88.23 88.88 89.43 89.89 90.28 90.62 90.93 91.24 91.53 91.79 92.00 92.17 92.30 92.39 92.44 92.46 92.45 92.40 92.33 92.23 92.14 92.06 91.99 91.94 91.91
89.12 90.12 91.25 92.54 93.94 95.41 96.91 98.43 99.93 101.41 102.83 104.18 105.42 106.54 107.47 108.18 108.65 108.89 108.90 108.67 108.13 107.16 105.74 103.92 101.72 99.18 96.33 93.20 89.83 86.26 82.83 80.00 77.79 76.18 75.13 74.60 74.56 74.99 75.84 77.06 78.45 79.82 81.14 82.41 83.61 84.75 85.79 86.69 87.44 88.06 88.58 89.02 89.38 89.70 90.00 90.28 90.56 90.81 91.01 91.18 91.30 91.40 91.46 91.48 91.48 91.45 91.41 91.36 91.32 91.29 91.28 91.28 91.31
86.59 87.59 88.71 89.98 91.36 92.80 94.28 95.77 97.25 98.70 100.10 101.43 102.65 103.70 104.53 105.16 105.57 105.76 105.74 105.50 105.03 104.27 103.10 101.50 99.52 97.19 94.53 91.58 88.38 84.97 81.68 79.01 76.97 75.52 74.65 74.30 74.46 75.09 76.12 77.35 78.58 79.78 80.95 82.07 83.13 84.14 85.08 85.93 86.65 87.25 87.75 88.16 88.50 88.80 89.08 89.35 89.61 89.85 90.04 90.20 90.33 90.43 90.49 90.53 90.55 90.55 90.54 90.54 90.55 90.57 90.60 90.66 90.74
84.09 85.10 86.22 87.46 88.82 90.24 91.69 93.16 94.62 96.06 97.44 98.74 99.88 100.84 101.59 102.15 102.51 102.67 102.63 102.38 101.92 101.26 100.32 98.99 97.26 95.16 92.73 89.99 86.99 83.76 80.66 78.18 76.33 75.09 74.43 74.30 74.69 75.52 76.57 77.65 78.71 79.76 80.78 81.76 82.70 83.59 84.43 85.19 85.88 86.45 86.92 87.31 87.64 87.92 88.18 88.43 88.68 88.91 89.10 89.26 89.39 89.49 89.56 89.62 89.65 89.69 89.72 89.76 89.81 89.88 89.96 90.07 90.20
