data_processed/recharge/precip/Precip_1989_09.asc
ncols        168
nrows        136
xllcorner    455000
yllcorner    2107000
cellsize     500
NODATA_value     -99999
[rows 99 to 131 of 136, columns 0 to 74 of 168]
70.44 73.36 76.37 79.51 82.75 86.07 89.43 92.78 96.10 99.34 102.47 105.46 108.26 110.84 113.17 115.20 116.91 118.25 119.19 119.68 119.64 119.04 117.88 116.16 114.12 111.90 109.53 107.02 104.35 101.50 98.52 95.43 92.28 89.09 85.91 82.78 79.73 76.81 74.03 71.46 69.11 67.03 65.26 63.83 62.80 62.33 62.73 64.06 66.32 69.28 72.05 74.41 76.41 78.15 79.83 81.54 83.26 84.97 86.65 88.26 89.79 91.21 92.49 93.62 94.56 95.29 95.79 96.02 95.98 95.63 94.97 94.17 93.40 92.66 91.90
70.40 73.15 76.07 79.14 82.33 85.60 88.91 92.23 95.52 98.74 101.86 104.84 107.65 110.24 112.59 114.65 116.39 117.77 118.76 119.32 119.39 118.90 117.82 116.16 114.16 111.97 109.62 107.06 104.30 101.36 98.27 95.08 91.82 88.53 85.25 82.00 78.84 75.80 72.91 70.21 67.74 65.54 63.64 62.08 60.90 60.15 60.01 60.77 62.50 64.98 67.35 69.36 71.14 72.88 74.70 76.59 78.51 80.45 82.37 84.26 86.09 87.83 89.47 90.96 92.30 93.46 94.40 95.12 95.57 95.74 95.61 95.16 94.56 93.95 93.34
70.96 73.58 76.39 79.36 82.46 85.64 88.87 92.12 95.35 98.51 101.58 104.52 107.30 109.86 112.19 114.24 115.98 117.37 118.37 118.95 119.07 118.67 117.68 116.08 114.13 111.98 109.60 106.96 104.11 101.08 97.90 94.61 91.25 87.86 84.47 81.12 77.85 74.70 71.70 68.88 66.30 63.98 61.96 60.28 58.97 58.08 57.65 57.87 59.03 60.99 62.89 64.56 66.24 68.05 69.97 71.98 74.04 76.15 78.27 80.38 82.46 84.47 86.40 88.21 89.90 91.42 92.76 93.89 94.79 95.43 95.79 95.84 95.57 95.13 94.66
72.25 74.71 77.38 80.21 83.18 86.24 89.36 92.50 95.62 98.70 101.69 104.55 107.25 109.76 112.03 114.04 115.74 117.10 118.07 118.64 118.75 118.37 117.45 115.93 114.03 111.86 109.41 106.70 103.76 100.64 97.38 94.00 90.55 87.06 83.57 80.13 76.76 73.50 70.39 67.47 64.77 62.34 60.21 58.41 56.98 55.97 55.40 55.33 55.95 57.34 58.78 60.27 61.93 63.75 65.71 67.78 69.94 72.17 74.43 76.70 78.97 81.19 83.36 85.44 87.41 89.25 90.93 92.42 93.71 94.76 95.56 96.07 96.27 96.16 95.86
74.32 76.60 79.08 81.75 84.55 87.45 90.42 93.42 96.41 99.35 102.22 104.97 107.57 109.98 112.17 114.09 115.72 117.01 117.93 118.44 118.51 118.10 117.17 115.69 113.79 111.56 109.04 106.25 103.24 100.04 96.69 93.23 89.69 86.12 82.54 79.00 75.53 72.18 68.97 65.95 63.15 60.61 58.36 56.45 54.92 53.79 53.10 52.90 53.23 54.12 55.29 56.67 58.27 60.06 62.00 64.09 66.28 68.57 70.91 73.30 75.70 78.08 80.43 82.73 84.93 87.03 88.99 90.79 92.41 93.82 95.00 95.92 96.56 96.89 96.90
77.07 79.13 81.41 83.88 86.49 89.21 92.00 94.83 97.66 100.45 103.17 105.79 108.26 110.54 112.61 114.43 115.95 117.15 117.99 118.42 118.42 117.95 116.96 115.40 113.43 111.13 108.54 105.68 102.60 99.32 95.90 92.36 88.74 85.08 81.42 77.79 74.23 70.79 67.48 64.36 61.47 58.82 56.48 54.46 52.82 51.58 50.78 50.47 50.68 51.41 52.42 53.68 55.17 56.87 58.76 60.80 62.99 65.29 67.68 70.13 72.62 75.12 77.61 80.06 82.46 84.77 86.97 89.04 90.94 92.67 94.18 95.46 96.49 97.23 97.73
80.21 82.05 84.12 86.37 88.78 91.31 93.92 96.57 99.23 101.87 104.43 106.90 109.23 111.39 113.34 115.04 116.46 117.55 118.30 118.65 118.57 118.02 116.91 115.21 113.09 110.71 108.05 105.13 101.97 98.63 95.13 91.51 87.82 84.08 80.33 76.62 72.98 69.44 66.04 62.83 59.84 57.10 54.65 52.53 50.78 49.43 48.53 48.11 48.26 48.94 49.87 50.99 52.34 53.93 55.73 57.72 59.87 62.16 64.56 67.04 69.60 72.18 74.79 77.38 79.94 82.43 84.84 87.15 89.31 91.32 93.15 94.76 96.15 97.34 98.46
83.67 85.29 87.13 89.18 91.38 93.72 96.13 98.61 101.09 103.56 105.97 108.29 110.48 112.50 114.32 115.90 117.20 118.19 118.84 119.10 118.93 118.25 116.98 115.14 112.88 110.34 107.59 104.60 101.38 97.97 94.40 90.71 86.94 83.12 79.30 75.50 71.77 68.15 64.67 61.36 58.27 55.44 52.89 50.68 48.82 47.37 46.37 45.91 46.02 46.65 47.53 48.57 49.78 51.24 52.93 54.83 56.92 59.16 61.55 64.05 66.64 69.29 71.98 74.68 77.38 80.03 82.63 85.14 87.54 89.81 91.92 93.85 95.64 97.42 99.18
87.36 88.83 90.46 92.28 94.28 96.41 98.63 100.92 103.23 105.52 107.77 109.93 111.97 113.85 115.53 116.99 118.17 119.06 119.60 119.76 119.44 118.57 117.15 115.19 112.80 110.10 107.19 104.11 100.82 97.34 93.71 89.95 86.10 82.21 78.31 74.44 70.63 66.92 63.35 59.96 56.78 53.85 51.21 48.90 46.94 45.40 44.37 43.88 43.96 44.54 45.37 46.36 47.50 48.81 50.36 52.15 54.15 56.34 58.69 61.18 63.78 66.46 69.21 72.00 74.81 77.60 80.36 83.05 85.67 88.17 90.54 92.82 95.16 97.55 99.90
91.15 92.58 94.06 95.66 97.45 99.37 101.39 103.48 105.61 107.73 109.80 111.80 113.69 115.42 116.97 118.29 119.35 120.12 120.55 120.54 120.02 118.98 117.42 115.35 112.86 110.02 106.94 103.68 100.30 96.75 93.05 89.22 85.31 81.35 77.37 73.42 69.53 65.75 62.09 58.62 55.35 52.33 49.60 47.19 45.16 43.59 42.56 42.05 42.09 42.60 43.38 44.32 45.42 46.66 48.08 49.73 51.62 53.71 56.00 58.45 61.04 63.73 66.52 69.37 72.26 75.16 78.06 80.91 83.71 86.42 89.10 91.89 94.80 97.74 100.62
94.99 96.41 97.84 99.30 100.87 102.58 104.40 106.29 108.23 110.16 112.06 113.90 115.62 117.20 118.61 119.79 120.73 121.36 121.61 121.37 120.66 119.46 117.79 115.64 113.05 110.10 106.85 103.41 99.84 96.20 92.43 88.54 84.56 80.53 76.48 72.46 68.50 64.63 60.90 57.34 53.99 50.88 48.06 45.57 43.53 41.98 40.95 40.42 40.40 40.85 41.56 42.45 43.51 44.72 46.07 47.58 49.33 51.32 53.51 55.90 58.45 61.13 63.93 66.81 69.76 72.75 75.75 78.75 81.70 84.68 87.83 91.15 94.58 98.01 101.35
98.85 100.26 101.69 103.11 104.52 106.02 107.63 109.32 111.06 112.81 114.53 116.19 117.75 119.18 120.43 121.47 122.27 122.70 122.70 122.26 121.37 120.03 118.26 116.05 113.38 110.32 106.94 103.33 99.56 95.72 91.85 87.90 83.85 79.75 75.64 71.55 67.51 63.57 59.76 56.12 52.68 49.50 46.61 44.12 42.11 40.58 39.54 38.98 38.91 39.28 39.93 40.76 41.78 42.95 44.27 45.72 47.33 49.18 51.26 53.56 56.04 58.68 61.47 64.36 67.35 70.39 73.48 76.58 79.76 83.16 86.81 90.62 94.50 98.36 102.11
102.72 104.13 105.55 106.95 108.32 109.67 111.07 112.55 114.09 115.65 117.19 118.67 120.06 121.32 122.42 123.31 123.88 124.06 123.82 123.18 122.13 120.68 118.83 116.57 113.85 110.70 107.20 103.43 99.48 95.43 91.35 87.29 83.18 79.02 74.84 70.68 66.57 62.56 58.68 54.96 51.45 48.20 45.32 42.89 40.91 39.39 38.33 37.74 37.61 37.91 38.48 39.25 40.21 41.35 42.64 44.06 45.61 47.32 49.26 51.45 53.84 56.42 59.16 62.04 65.04 68.12 71.27 74.54 78.10 81.97 86.06 90.29 94.56 98.79 102.89
106.58 107.99 109.40 110.79 112.14 113.45 114.70 115.97 117.31 118.66 120.01 121.31 122.53 123.62 124.55 125.20 125.50 125.42 124.96 124.14 122.96 121.41 119.49 117.20 114.44 111.23 107.63 103.73 99.61 95.36 91.05 86.78 82.56 78.33 74.09 69.86 65.69 61.61 57.65 53.86 50.29 47.07 44.26 41.89 39.94 38.42 37.34 36.70 36.51 36.72 37.21 37.92 38.83 39.91 41.17 42.57 44.10 45.75 47.56 49.60 51.88 54.37 57.05 59.89 62.87 65.96 69.23 72.85 76.84 81.12 85.60 90.18 94.79 99.33 103.71
110.39 111.81 113.22 114.60 115.94 117.22 118.43 119.56 120.68 121.84 122.99 124.10 125.13 126.05 126.72 127.08 127.09 126.78 126.13 125.15 123.84 122.21 120.25 117.94 115.17 111.90 108.22 104.20 99.94 95.51 90.99 86.47 82.03 77.69 73.38 69.09 64.85 60.70 56.68 52.84 49.31 46.18 43.44 41.11 39.18 37.66 36.56 35.87 35.61 35.74 36.14 36.78 37.62 38.66 39.87 41.24 42.76 44.40 46.15 48.05 50.19 52.57 55.15 57.93 60.87 64.03 67.62 71.63 75.99 80.62 85.42 90.30 95.18 99.97 104.58
114.15 115.57 116.98 118.36 119.69 120.96 122.14 123.22 124.20 125.15 126.10 127.02 127.86 128.50 128.86 128.92 128.68 128.14 127.31 126.19 124.78 123.08 121.10 118.80 116.03 112.72 108.98 104.87 100.47 95.88 91.17 86.42 81.72 77.14 72.72 68.37 64.07 59.85 55.79 52.00 48.58 45.53 42.86 40.56 38.65 37.13 35.99 35.25 34.91 34.95 35.27 35.82 36.60 37.58 38.74 40.08 41.57 43.20 44.94 46.80 48.80 51.03 53.51 56.19 59.16 62.60 66.53 70.89 75.56 80.47 85.53 90.66 95.75 100.73 105.51
117.83 119.26 120.67 122.05 123.38 124.63 125.80 126.85 127.78 128.58 129.33 130.04 130.59 130.90 130.94 130.72 130.24 129.50 128.51 127.27 125.77 124.03 122.04 119.77 117.01 113.69 109.90 105.71 101.20 96.47 91.58 86.62 81.68 76.83 72.16 67.69 63.33 59.08 55.08 51.42 48.10 45.13 42.52 40.25 38.35 36.82 35.65 34.85 34.43 34.36 34.59 35.06 35.76 36.68 37.79 39.09 40.55 42.16 43.90 45.75 47.71 49.80 52.14 54.80 58.00 61.76 66.00 70.63 75.55 80.69 85.96 91.26 96.51 101.61 106.49
121.40 122.85 124.27 125.65 126.97 128.22 129.37 130.40 131.30 132.06 132.65 133.06 133.25 133.22 132.96 132.48 131.78 130.87 129.73 128.38 126.82 125.05 123.06 120.84 118.12 114.80 110.98 106.73 102.13 97.27 92.22 87.08 81.91 76.81 71.86 67.13 62.67 58.50 54.64 51.10 47.88 44.98 42.42 40.19 38.29 36.74 35.53 34.66 34.15 33.99 34.11 34.49 35.11 35.96 37.02 38.27 39.70 41.28 43.01 44.86 46.82 48.88 51.17 54.03 57.51 61.54 66.02 70.86 75.98 81.29 86.69 92.11 97.45 102.63 107.55
124.85 126.31 127.75 129.14 130.46 131.70 132.83 133.85 134.73 135.44 135.88 135.97 135.82 135.47 134.93 134.21 133.31 132.23 130.97 129.53 127.92 126.13 124.18 122.02 119.35 116.06 112.22 107.93 103.26 98.29 93.10 87.79 82.42 77.08 71.85 66.85 62.27 58.19 54.46 51.04 47.91 45.09 42.57 40.36 38.47 36.89 35.63 34.70 34.10 33.82 33.83 34.12 34.66 35.44 36.43 37.63 39.02 40.58 42.28 44.13 46.09 48.26 50.86 54.00 57.71 61.94 66.60 71.60 76.85 82.26 87.75 93.22 98.60 103.79 108.69
128.15 129.63 131.09 132.48 133.81 135.05 136.18 137.18 138.03 138.61 138.84 138.71 138.28 137.63 136.84 135.89 134.81 133.58 132.21 130.71 129.07 127.29 125.38 123.30 120.70 117.45 113.63 109.31 104.58 99.52 94.21 88.74 83.19 77.63 72.19 67.06 62.39 58.23 54.57 51.25 48.21 45.45 42.97 40.78 38.88 37.27 35.97 34.96 34.26 33.86 33.77 33.95 34.40 35.10 36.03 37.18 38.52 40.04 41.72 43.55 45.62 48.15 51.20 54.69 58.60 62.98 67.75 72.85 78.17 83.62 89.14 94.61 99.96 105.09 109.93
131.28 132.79 134.26 135.67 137.01 138.25 139.37 140.35 141.08 141.45 141.48 141.18 140.59 139.72 138.68 137.53 136.28 134.93 133.47 131.91 130.26 128.51 126.67 124.68 122.18 118.99 115.19 110.86 106.09 100.96 95.55 89.95 84.23 78.50 72.99 67.83 63.08 58.80 55.02 51.73 48.77 46.07 43.63 41.45 39.54 37.90 36.53 35.45 34.64 34.13 33.91 33.99 34.35 34.96 35.82 36.90 38.19 39.67 41.33 43.25 45.68 48.66 52.12 55.98 60.16 64.65 69.48 74.61 79.94 85.39 90.86 96.27 101.53 106.56 111.25
134.22 135.76 137.25 138.68 140.03 141.27 142.38 143.25 143.77 143.94 143.80 143.36 142.64 141.66 140.46 139.13 137.73 136.27 134.74 133.15 131.50 129.80 128.04 126.17 123.77 120.66 116.90 112.59 107.80 102.62 97.12 91.40 85.56 79.82 74.34 69.18 64.37 59.96 56.02 52.57 49.61 46.96 44.55 42.37 40.45 38.77 37.34 36.17 35.25 34.61 34.28 34.24 34.50 35.02 35.80 36.81 38.05 39.48 41.22 43.49 46.37 49.76 53.59 57.79 62.26 66.94 71.81 76.91 82.19 87.56 92.93 98.22 103.34 108.19 112.69
136.95 138.52 140.04 141.49 142.85 144.09 145.09 145.75 146.08 146.09 145.80 145.24 144.43 143.38 142.12 140.68 139.15 137.60 136.02 134.41 132.79 131.15 129.49 127.76 125.48 122.46 118.77 114.49 109.70 104.48 98.92 93.13 87.34 81.70 76.27 71.10 66.24 61.72 57.62 53.96 50.80 48.11 45.72 43.55 41.60 39.88 38.38 37.12 36.09 35.32 34.86 34.71 34.86 35.28 35.98 36.92 38.09 39.59 41.67 44.39 47.68 51.44 55.61 60.10 64.83 69.71 74.69 79.74 84.91 90.15 95.36 100.47 105.37 109.99 114.24
139.45 141.06 142.60 144.08 145.44 146.57 147.37 147.84 148.00 147.87 147.47 146.82 145.94 144.85 143.57 142.12 140.54 138.92 137.30 135.70 134.12 132.56 131.02 129.44 127.31 124.40 120.79 116.56 111.78 106.55 100.98 95.29 89.66 84.14 78.77 73.61 68.70 64.09 59.83 55.97 52.55 49.63 47.17 44.99 43.02 41.24 39.67 38.31 37.16 36.25 35.66 35.39 35.42 35.75 36.36 37.22 38.44 40.28 42.81 45.94 49.59 53.68 58.14 62.89 67.83 72.90 78.01 83.08 88.12 93.16 98.16 103.02 107.66 111.98 115.91
141.69 143.34 144.92 146.40 147.66 148.60 149.21 149.51 149.53 149.29 148.80 148.09 147.17 146.06 144.80 143.38 141.85 140.22 138.59 137.02 135.50 134.03 132.63 131.22 129.25 126.48 122.96 118.80 114.06 108.86 103.45 97.99 92.54 87.14 81.84 76.70 71.75 67.05 62.65 58.60 54.93 51.71 48.98 46.70 44.69 42.86 41.21 39.75 38.47 37.42 36.68 36.28 36.20 36.43 36.94 37.84 39.40 41.68 44.61 48.10 52.08 56.47 61.18 66.14 71.26 76.46 81.67 86.80 91.78 96.61 101.32 105.88 110.19 114.17 117.72
143.66 145.34 146.94 148.33 149.40 150.15 150.60 150.76 150.67 150.34 149.79 149.04 148.11 147.02 145.79 144.44 142.99 141.46 139.88 138.35 136.91 135.56 134.32 133.09 131.31 128.68 125.29 121.20 116.55 111.58 106.46 101.24 95.97 90.71 85.49 80.37 75.40 70.63 66.09 61.85 57.95 54.44 51.36 48.77 46.62 44.73 43.00 41.42 40.02 38.82 37.94 37.41 37.20 37.32 37.85 39.08 41.08 43.76 47.06 50.88 55.15 59.78 64.71 69.84 75.09 80.39 85.66 90.81 95.77 100.46 104.87 109.07 112.99 116.55 119.67
145.32 147.04 148.55 149.75 150.63 151.22 151.53 151.59 151.41 151.02 150.43 149.67 148.75 147.70 146.53 145.27 143.94 142.55 141.13 139.70 138.36 137.15 136.08 135.06 133.48 131.02 127.76 123.82 119.45 114.82 110.00 105.04 99.97 94.85 89.72 84.64 79.65 74.81 70.15 65.74 61.61 57.81 54.40 51.42 48.92 46.86 45.04 43.35 41.81 40.45 39.43 38.75 38.43 38.55 39.41 41.08 43.47 46.52 50.14 54.25 58.76 63.61 68.70 73.96 79.31 84.67 89.96 95.09 99.99 104.58 108.77 112.58 116.06 119.14 121.76
146.65 148.28 149.61 150.62 151.34 151.80 152.00 151.97 151.74 151.31 150.72 149.97 149.10 148.11 147.04 145.89 144.70 143.48 142.25 141.02 139.85 138.79 137.92 137.12 135.76 133.48 130.41 126.81 122.86 118.60 114.09 109.39 104.52 99.56 94.53 89.50 84.51 79.60 74.83 70.25 65.90 61.84 58.10 54.75 51.82 49.36 47.34 45.53 43.85 42.33 41.15 40.34 40.00 40.45 41.74 43.80 46.56 49.93 53.83 58.19 62.91 67.92 73.15 78.50 83.91 89.28 94.55 99.62 104.42 108.87 112.89 116.40 119.40 121.96 124.02
147.50 148.94 150.09 150.94 151.53 151.88 152.00 151.92 151.65 151.22 150.64 149.94 149.14 148.24 147.29 146.29 145.26 144.24 143.22 142.24 141.32 140.49 139.82 139.27 138.14 136.11 133.44 130.32 126.79 122.91 118.73 114.29 109.65 104.84 99.93 94.95 89.96 85.01 80.14 75.40 70.85 66.52 62.47 58.74 55.39 52.46 50.00 47.97 46.14 44.46 43.11 42.28 42.26 43.14 44.83 47.25 50.33 53.98 58.12 62.68 67.57 72.72 78.03 83.44 88.86 94.21 99.41 104.38 109.04 113.31 117.12 120.37 122.99 124.99 126.44
147.73 149.00 149.98 150.71 151.20 151.47 151.53 151.42 151.15 150.74 150.21 149.57 148.86 148.09 147.28 146.45 145.63 144.82 144.05 143.34 142.71 142.19 141.80 141.51 140.68 139.11 136.98 134.34 131.25 127.76 123.91 119.75 115.34 110.70 105.91 101.00 96.03 91.04 86.07 81.19 76.43 71.85 67.50 63.42 59.65 56.26 53.29 50.77 48.68 46.83 45.45 44.93 45.34 46.61 48.66 51.40 54.75 58.65 62.99 67.72 72.73 77.97 83.33 88.75 94.14 99.43 104.53 109.36 113.84 117.89 121.44 124.40 126.68 128.23 129.03
147.52 148.63 149.48 150.09 150.49 150.70 150.73 150.61 150.35 149.98 149.51 148.97 148.37 147.74 147.09 146.45 145.84 145.27 144.76 144.35 144.03 143.85 143.81 143.86 143.53 142.56 140.99 138.86 136.22 133.12 129.62 125.75 121.57 117.13 112.46 107.63 102.69 97.66 92.62 87.60 82.66 77.84 73.19 68.76 64.60 60.75 57.27 54.20 51.59 49.52 48.44 48.35 49.15 50.78 53.14 56.16 59.76 63.86 68.37 73.22 78.33 83.61 88.99 94.38 99.71 104.89 109.85 114.50 118.77 122.57 125.82 128.44 130.36 131.49 131.77
149.98 150.81 151.40 151.79 151.98 152.01 151.89 151.63 151.27 150.82 150.30 149.73 149.13 148.52 147.92 147.35 146.83 146.38 146.02 145.77 145.66 145.69 145.88 146.14 146.27 145.93 144.94 143.35 141.20 138.53 135.40 131.86 127.95 123.72 119.23 114.51 109.62 104.60 99.51 94.39 89.29 84.26 79.35 74.61 70.07 65.81 61.85 58.25 54.91 51.98 50.93 51.26 52.47 54.47 57.16 60.47 64.32 68.63 73.32 78.31 83.51 88.86 94.26 99.64 104.91 110.00 114.83 119.31 123.37 126.93 129.90 132.20 133.76 134.49 134.42
157.98 158.27 158.36 158.26 158.00 157.59 157.06 156.42 155.70 154.91 154.08 153.22 152.36 151.52 150.71 149.95 149.27 148.69 148.22 147.89 147.72 147.72 147.89 148.20 148.49 148.62 148.26 147.26 145.64 143.46 140.77 137.60 134.02 130.06 125.78 121.23 116.45 111.49 106.41 101.24 96.04 90.86 85.74 80.73 75.89 71.25 66.88 62.66 58.25 54.08 52.11 52.51 54.17 56.58 59.66 63.32 67.48 72.06 76.99 82.17 87.53 92.99 98.48 103.90 109.18 114.23 118.99 123.36 127.27 130.64 133.38 135.42 136.68 137.15 136.89
