data_processed/recharge/precip/Precip_2007_06.asc
ncols        168
nrows        136
xllcorner    455000
yllcorner    2107000
cellsize     500
NODATA_value     -99999
[rows 99 to 131 of 136, columns 0 to 74 of 168]
102.70 102.85 102.70 102.21 101.41 100.39 99.36 98.37 97.43 96.54 95.71 94.93 94.21 93.56 92.97 92.45 92.00 91.62 91.26 90.87 90.44 89.96 89.44 88.88 88.30 87.74 87.21 86.70 86.23 85.79 85.46 85.33 85.42 85.72 86.23 86.94 87.85 88.96 90.26 91.74 93.41 95.25 97.30 99.80 102.94 106.69 110.98 115.76 120.91 125.44 128.47 130.05 130.25 129.17 126.95 124.17 121.37 118.69 116.16 113.82 111.72 109.91 108.42 107.30 106.59 106.34 106.58 107.34 108.53 110.04 111.84 113.93 116.27 118.83 121.45
101.77 101.77 101.43 100.75 99.84 98.90 98.00 97.14 96.31 95.52 94.78 94.08 93.44 92.85 92.31 91.83 91.42 91.06 90.77 90.50 90.17 89.79 89.36 88.87 88.36 87.86 87.38 86.92 86.50 86.17 86.03 86.09 86.34 86.79 87.43 88.25 89.25 90.42 91.76 93.27 94.93 96.75 98.73 100.89 103.48 106.68 110.47 114.79 119.51 123.60 126.16 127.22 126.86 125.23 122.92 120.51 118.11 115.76 113.51 111.40 109.48 107.79 106.37 105.26 104.51 104.17 104.27 104.85 105.94 107.40 109.13 111.10 113.29 115.66 118.06
100.81 100.64 100.11 99.33 98.52 97.72 96.95 96.20 95.49 94.80 94.15 93.54 92.97 92.44 91.95 91.52 91.13 90.80 90.53 90.32 90.10 89.83 89.49 89.08 88.64 88.21 87.79 87.40 87.10 86.96 87.02 87.25 87.66 88.24 88.98 89.89 90.96 92.18 93.54 95.06 96.71 98.50 100.42 102.46 104.67 107.28 110.49 114.26 118.47 122.05 124.05 124.51 123.57 121.84 119.89 117.87 115.80 113.74 111.71 109.78 107.98 106.35 104.94 103.80 102.95 102.45 102.35 102.68 103.48 104.77 106.40 108.23 110.24 112.40 114.57
99.85 99.49 98.87 98.19 97.53 96.88 96.23 95.61 95.00 94.42 93.86 93.33 92.83 92.36 91.93 91.54 91.19 90.88 90.62 90.42 90.26 90.09 89.86 89.54 89.18 88.82 88.49 88.22 88.12 88.18 88.41 88.80 89.34 90.03 90.87 91.85 92.97 94.22 95.60 97.10 98.73 100.46 102.31 104.26 106.31 108.50 111.08 114.22 117.85 120.83 122.20 122.04 120.98 119.60 118.05 116.36 114.57 112.73 110.88 109.06 107.32 105.71 104.25 103.01 102.01 101.31 100.94 100.96 101.40 102.30 103.68 105.34 107.16 109.08 111.00
98.89 98.45 97.94 97.43 96.91 96.40 95.89 95.39 94.89 94.41 93.94 93.50 93.07 92.66 92.28 91.94 91.62 91.34 91.09 90.89 90.73 90.61 90.48 90.26 89.99 89.72 89.53 89.47 89.56 89.81 90.19 90.72 91.38 92.17 93.09 94.12 95.28 96.54 97.92 99.39 100.97 102.63 104.39 106.24 108.16 110.16 112.27 114.74 117.69 120.00 120.73 120.42 119.71 118.72 117.50 116.08 114.52 112.85 111.11 109.36 107.63 105.96 104.41 103.01 101.80 100.84 100.16 99.81 99.82 100.25 101.13 102.47 104.06 105.73 107.38
98.08 97.76 97.42 97.07 96.71 96.33 95.96 95.57 95.19 94.81 94.44 94.07 93.71 93.37 93.05 92.74 92.46 92.20 91.97 91.77 91.61 91.48 91.38 91.26 91.10 90.98 90.99 91.14 91.42 91.83 92.36 93.00 93.77 94.64 95.61 96.69 97.86 99.12 100.48 101.91 103.42 105.00 106.65 108.37 110.15 111.98 113.86 115.83 118.06 119.69 120.24 120.29 119.97 119.31 118.36 117.16 115.76 114.20 112.53 110.78 109.00 107.23 105.52 103.91 102.44 101.16 100.11 99.33 98.87 98.76 99.06 99.80 100.98 102.37 103.73
97.64 97.50 97.33 97.14 96.93 96.70 96.45 96.19 95.92 95.64 95.36 95.08 94.79 94.51 94.24 93.98 93.73 93.50 93.28 93.09 92.92 92.77 92.66 92.58 92.56 92.66 92.88 93.21 93.66 94.21 94.87 95.62 96.47 97.40 98.42 99.52 100.69 101.94 103.25 104.62 106.05 107.53 109.06 110.64 112.25 113.90 115.58 117.28 119.01 120.45 121.36 121.79 121.79 121.40 120.68 119.65 118.36 116.86 115.19 113.39 111.51 109.59 107.67 105.80 104.01 102.36 100.88 99.62 98.63 97.93 97.59 97.64 98.12 99.03 100.06
97.38 97.43 97.43 97.41 97.35 97.26 97.15 97.01 96.85 96.68 96.49 96.29 96.08 95.87 95.66 95.44 95.23 95.02 94.82 94.63 94.46 94.30 94.17 94.07 94.13 94.42 94.84 95.34 95.94 96.63 97.39 98.23 99.15 100.13 101.18 102.28 103.44 104.65 105.91 107.21 108.54 109.91 111.30 112.71 114.15 115.60 117.05 118.52 120.07 121.65 122.96 123.77 124.10 123.99 123.48 122.61 121.44 120.00 118.33 116.48 114.50 112.42 110.28 108.14 106.04 104.01 102.11 100.37 98.84 97.56 96.57 95.92 95.67 95.91 96.51
97.04 97.26 97.44 97.58 97.68 97.73 97.76 97.75 97.71 97.65 97.56 97.45 97.32 97.18 97.02 96.85 96.68 96.50 96.32 96.15 95.97 95.81 95.67 95.56 95.61 95.95 96.52 97.18 97.92 98.72 99.58 100.49 101.46 102.48 103.54 104.64 105.77 106.93 108.11 109.32 110.54 111.77 113.01 114.25 115.49 116.73 117.96 119.25 120.67 122.18 123.68 124.90 125.61 125.83 125.59 124.95 123.94 122.61 121.00 119.15 117.12 114.93 112.65 110.29 107.93 105.58 103.30 101.14 99.12 97.31 95.74 94.46 93.61 93.25 93.29
96.67 96.97 97.32 97.63 97.89 98.10 98.27 98.39 98.47 98.52 98.54 98.52 98.47 98.40 98.31 98.20 98.07 97.93 97.77 97.61 97.44 97.29 97.15 97.04 97.06 97.35 97.93 98.71 99.57 100.47 101.41 102.38 103.39 104.42 105.48 106.55 107.64 108.73 109.83 110.93 112.03 113.11 114.19 115.24 116.27 117.28 118.34 119.52 120.83 122.23 123.67 125.09 126.21 126.81 126.91 126.54 125.76 124.60 123.10 121.32 119.30 117.07 114.68 112.18 109.60 107.00 104.41 101.87 99.44 97.15 95.06 93.31 91.97 91.07 90.55
96.30 96.65 97.09 97.56 97.98 98.35 98.66 98.92 99.13 99.30 99.42 99.50 99.54 99.55 99.52 99.47 99.39 99.28 99.16 99.02 98.87 98.74 98.61 98.51 98.51 98.72 99.20 99.95 100.89 101.88 102.88 103.90 104.93 105.97 107.01 108.04 109.07 110.09 111.08 112.06 113.02 113.94 114.83 115.68 116.49 117.34 118.30 119.39 120.59 121.88 123.22 124.57 125.90 126.92 127.40 127.37 126.87 125.94 124.63 122.97 121.01 118.80 116.37 113.77 111.05 108.24 105.40 102.55 99.76 97.07 94.62 92.51 90.75 89.35 88.32
95.96 96.35 96.82 97.38 97.95 98.48 98.94 99.34 99.68 99.97 100.20 100.38 100.52 100.61 100.65 100.66 100.64 100.57 100.48 100.38 100.27 100.16 100.06 99.96 99.94 100.09 100.45 101.06 101.93 102.96 104.01 105.06 106.10 107.13 108.13 109.11 110.07 110.99 111.87 112.71 113.51 114.25 114.94 115.58 116.24 117.01 117.89 118.88 119.98 121.17 122.40 123.65 124.92 126.15 127.06 127.43 127.27 126.63 125.54 124.07 122.23 120.09 117.68 115.05 112.24 109.29 106.25 103.16 100.08 97.14 94.46 92.04 89.90 88.06 86.57
95.63 96.06 96.56 97.15 97.81 98.49 99.10 99.65 100.13 100.54 100.88 101.17 101.40 101.58 101.70 101.77 101.80 101.79 101.75 101.69 101.62 101.55 101.47 101.39 101.36 101.45 101.70 102.14 102.82 103.74 104.81 105.87 106.90 107.90 108.85 109.77 110.63 111.44 112.19 112.89 113.51 114.06 114.55 115.04 115.63 116.32 117.12 118.02 119.03 120.11 121.24 122.40 123.58 124.76 125.88 126.67 126.92 126.62 125.83 124.59 122.95 120.94 118.61 116.00 113.16 110.13 106.95 103.68 100.48 97.43 94.57 91.90 89.43 87.18 85.28
95.32 95.78 96.32 96.94 97.63 98.38 99.14 99.83 100.45 100.99 101.46 101.85 102.18 102.45 102.65 102.80 102.89 102.94 102.96 102.96 102.94 102.91 102.86 102.80 102.75 102.79 102.93 103.22 103.69 104.38 105.29 106.33 107.34 108.29 109.19 110.02 110.78 111.46 112.07 112.59 113.03 113.38 113.73 114.17 114.69 115.32 116.04 116.85 117.76 118.75 119.79 120.86 121.94 123.03 124.11 125.13 125.80 125.91 125.47 124.53 123.13 121.31 119.12 116.59 113.78 110.72 107.49 104.21 101.02 97.92 94.93 92.05 89.29 86.69 84.43
95.04 95.52 96.09 96.74 97.45 98.23 99.06 99.89 100.65 101.33 101.92 102.43 102.86 103.22 103.51 103.73 103.90 104.03 104.12 104.19 104.22 104.23 104.21 104.17 104.12 104.11 104.15 104.29 104.56 105.00 105.63 106.47 107.42 108.32 109.13 109.86 110.50 111.05 111.49 111.84 112.08 112.31 112.61 112.99 113.47 114.02 114.67 115.40 116.22 117.12 118.06 119.04 120.04 121.04 122.04 123.02 123.92 124.47 124.44 123.86 122.76 121.19 119.19 116.81 114.08 111.08 107.95 104.82 101.69 98.59 95.51 92.47 89.48 86.57 83.99
94.77 95.28 95.88 96.55 97.29 98.09 98.94 99.84 100.73 101.54 102.26 102.89 103.43 103.89 104.27 104.58 104.84 105.06 105.23 105.36 105.45 105.51 105.53 105.51 105.47 105.40 105.35 105.35 105.42 105.61 105.95 106.47 107.18 107.98 108.70 109.32 109.82 110.21 110.48 110.64 110.77 110.95 111.22 111.56 111.98 112.47 113.05 113.70 114.44 115.24 116.10 116.99 117.91 118.83 119.75 120.65 121.52 122.30 122.71 122.54 121.81 120.55 118.80 116.62 114.06 111.29 108.43 105.48 102.47 99.41 96.29 93.14 89.96 86.79 83.94
94.52 95.06 95.68 96.37 97.13 97.95 98.82 99.74 100.69 101.63 102.48 103.23 103.89 104.45 104.94 105.36 105.72 106.03 106.28 106.48 106.63 106.74 106.80 106.82 106.77 106.67 106.52 106.38 106.26 106.21 106.26 106.44 106.78 107.31 107.90 108.38 108.74 108.96 109.05 109.09 109.19 109.36 109.59 109.89 110.26 110.70 111.20 111.79 112.44 113.16 113.93 114.74 115.58 116.42 117.27 118.09 118.89 119.64 120.30 120.58 120.26 119.36 117.93 116.03 113.83 111.44 108.89 106.18 103.34 100.36 97.25 94.03 90.71 87.33 84.26
94.29 94.85 95.50 96.21 96.99 97.82 98.71 99.64 100.61 101.60 102.58 103.45 104.23 104.91 105.52 106.05 106.52 106.92 107.26 107.54 107.76 107.92 108.03 108.08 108.05 107.90 107.67 107.39 107.09 106.80 106.57 106.41 106.37 106.48 106.75 107.07 107.26 107.30 107.29 107.32 107.41 107.56 107.76 108.02 108.34 108.73 109.17 109.68 110.26 110.90 111.59 112.32 113.08 113.85 114.62 115.38 116.11 116.80 117.43 117.95 118.09 117.62 116.59 115.15 113.45 111.51 109.32 106.90 104.26 101.42 98.37 95.13 91.71 88.17 84.93
94.08 94.67 95.33 96.06 96.86 97.71 98.61 99.55 100.52 101.53 102.56 103.55 104.46 105.28 106.01 106.67 107.25 107.75 108.18 108.54 108.83 109.05 109.21 109.30 109.28 109.10 108.79 108.37 107.89 107.37 106.86 106.37 105.95 105.63 105.44 105.40 105.40 105.35 105.34 105.37 105.45 105.58 105.76 105.99 106.27 106.60 106.99 107.43 107.93 108.49 109.10 109.76 110.45 111.15 111.86 112.55 113.21 113.84 114.41 114.92 115.31 115.32 114.87 114.07 112.93 111.47 109.69 107.61 105.23 102.56 99.62 96.41 92.95 89.29 85.92
93.89 94.50 95.18 95.93 96.74 97.60 98.51 99.46 100.44 101.45 102.49 103.54 104.58 105.55 106.42 107.20 107.89 108.50 109.03 109.47 109.83 110.12 110.33 110.47 110.47 110.26 109.87 109.33 108.67 107.92 107.13 106.32 105.53 104.78 104.12 103.59 103.30 103.23 103.23 103.27 103.34 103.46 103.61 103.81 104.06 104.34 104.67 105.05 105.48 105.97 106.51 107.10 107.71 108.35 108.99 109.62 110.23 110.80 111.32 111.77 112.17 112.60 112.88 112.76 112.23 111.31 109.99 108.28 106.21 103.77 100.99 97.85 94.39 90.66 87.21
93.72 94.35 95.04 95.81 96.63 97.50 98.42 99.37 100.36 101.38 102.42 103.51 104.63 105.72 106.73 107.64 108.46 109.17 109.80 110.33 110.77 111.13 111.40 111.59 111.61 111.38 110.91 110.24 109.41 108.45 107.38 106.25 105.09 103.92 102.81 101.87 101.26 101.01 101.00 101.04 101.12 101.23 101.36 101.54 101.74 101.99 102.27 102.59 102.95 103.36 103.83 104.36 104.91 105.48 106.06 106.63 107.19 107.70 108.17 108.60 109.12 109.82 110.62 111.21 111.34 111.00 110.18 108.91 107.19 105.03 102.44 99.43 96.01 92.26 88.78
93.57 94.22 94.93 95.70 96.53 97.41 98.34 99.30 100.29 101.32 102.39 103.50 104.65 105.81 106.95 108.00 108.93 109.76 110.49 111.12 111.64 112.07 112.41 112.65 112.70 112.44 111.91 111.12 110.12 108.94 107.61 106.16 104.63 103.07 101.60 100.39 99.48 98.91 98.71 98.73 98.81 98.91 99.04 99.19 99.37 99.57 99.80 100.07 100.36 100.71 101.11 101.57 102.07 102.58 103.10 103.62 104.12 104.58 105.03 105.59 106.36 107.29 108.34 109.42 110.23 110.51 110.25 109.46 108.13 106.30 103.96 101.12 97.80 94.07 90.60
93.45 94.10 94.83 95.61 96.45 97.33 98.26 99.23 100.23 101.29 102.38 103.52 104.69 105.88 107.08 108.25 109.32 110.26 111.10 111.82 112.44 112.95 113.35 113.65 113.73 113.46 112.86 111.96 110.80 109.40 107.81 106.05 104.17 102.32 100.64 99.18 98.00 97.11 96.57 96.40 96.45 96.55 96.67 96.80 96.95 97.12 97.31 97.52 97.75 98.03 98.38 98.78 99.21 99.67 100.14 100.61 101.06 101.51 102.09 102.91 103.92 105.07 106.33 107.64 108.91 109.84 110.18 109.91 109.03 107.57 105.52 102.90 99.72 96.07 92.66
93.34 94.01 94.74 95.53 96.38 97.27 98.20 99.17 100.21 101.29 102.41 103.57 104.76 105.97 107.19 108.42 109.60 110.67 111.62 112.45 113.16 113.75 114.23 114.59 114.70 114.42 113.76 112.75 111.43 109.82 107.97 105.92 103.81 101.80 99.94 98.27 96.83 95.65 94.79 94.26 94.11 94.18 94.29 94.40 94.53 94.67 94.82 94.98 95.15 95.38 95.67 96.01 96.39 96.80 97.22 97.64 98.07 98.67 99.52 100.59 101.83 103.20 104.66 106.14 107.61 108.98 109.94 110.23 109.86 108.81 107.10 104.75 101.76 98.23 94.93
93.26 93.94 94.67 95.47 96.32 97.21 98.15 99.16 100.22 101.32 102.47 103.65 104.86 106.09 107.33 108.57 109.81 110.99 112.06 112.99 113.80 114.47 115.03 115.45 115.61 115.32 114.61 113.49 112.02 110.21 108.12 105.89 103.68 101.55 99.53 97.67 96.00 94.55 93.38 92.52 92.00 91.85 91.92 92.03 92.14 92.25 92.36 92.47 92.60 92.77 93.00 93.29 93.62 93.98 94.36 94.76 95.35 96.22 97.34 98.66 100.14 101.72 103.36 105.01 106.63 108.17 109.53 110.42 110.58 110.00 108.69 106.65 103.90 100.53 97.39
93.20 93.88 94.62 95.42 96.27 97.18 98.15 99.18 100.26 101.39 102.56 103.76 104.99 106.23 107.48 108.74 109.99 111.22 112.39 113.44 114.35 115.12 115.75 116.25 116.45 116.16 115.39 114.18 112.55 110.56 108.35 106.09 103.82 101.59 99.44 97.41 95.53 93.84 92.38 91.20 90.33 89.80 89.65 89.71 89.80 89.89 89.97 90.04 90.12 90.23 90.42 90.66 90.94 91.26 91.62 92.19 93.07 94.22 95.60 97.17 98.86 100.64 102.47 104.28 106.04 107.69 109.20 110.47 111.19 111.13 110.25 108.57 106.10 102.95 100.01
93.16 93.85 94.59 95.40 96.26 97.19 98.19 99.24 100.35 101.50 102.69 103.91 105.15 106.40 107.67 108.93 110.19 111.43 112.65 113.80 114.81 115.68 116.40 116.97 117.22 116.94 116.12 114.81 113.05 111.00 108.81 106.55 104.25 101.94 99.68 97.50 95.44 93.53 91.81 90.34 89.13 88.23 87.69 87.52 87.56 87.63 87.68 87.71 87.74 87.81 87.94 88.14 88.38 88.69 89.23 90.10 91.27 92.70 94.33 96.13 98.04 100.01 102.01 103.97 105.87 107.63 109.23 110.61 111.69 112.15 111.76 110.49 108.35 105.46 102.78
93.15 93.83 94.58 95.40 96.28 97.24 98.27 99.35 100.47 101.65 102.85 104.08 105.34 106.60 107.88 109.15 110.41 111.66 112.88 114.07 115.18 116.15 116.96 117.61 117.92 117.64 116.78 115.39 113.63 111.66 109.53 107.29 104.98 102.63 100.28 97.98 95.75 93.64 91.69 89.94 88.43 87.18 86.26 85.68 85.48 85.49 85.52 85.52 85.51 85.53 85.62 85.78 86.01 86.50 87.35 88.52 89.98 91.68 93.56 95.58 97.70 99.86 102.02 104.13 106.15 108.02 109.70 111.15 112.31 113.10 113.21 112.39 110.63 108.05 105.67
93.15 93.84 94.60 95.44 96.36 97.34 98.39 99.49 100.64 101.83 103.05 104.30 105.56 106.84 108.12 109.39 110.66 111.91 113.13 114.32 115.47 116.53 117.43 118.17 118.54 118.27 117.38 116.05 114.43 112.58 110.54 108.35 106.05 103.67 101.26 98.85 96.49 94.21 92.04 90.04 88.24 86.68 85.39 84.41 83.80 83.55 83.52 83.49 83.44 83.42 83.47 83.62 84.05 84.86 86.03 87.50 89.24 91.20 93.32 95.56 97.87 100.21 102.53 104.78 106.91 108.88 110.64 112.14 113.34 114.18 114.59 114.25 112.91 110.69 108.65
93.18 93.89 94.67 95.54 96.48 97.49 98.56 99.68 100.85 102.05 103.29 104.54 105.82 107.10 108.39 109.67 110.93 112.18 113.40 114.59 115.73 116.82 117.81 118.64 119.07 118.83 118.06 116.93 115.49 113.79 111.85 109.73 107.47 105.09 102.63 100.15 97.67 95.24 92.89 90.66 88.59 86.73 85.10 83.76 82.72 82.05 81.75 81.66 81.57 81.52 81.57 81.91 82.68 83.82 85.30 87.07 89.08 91.28 93.64 96.09 98.59 101.10 103.57 105.95 108.19 110.25 112.08 113.63 114.85 115.71 116.14 116.06 115.18 113.36 111.71
93.25 93.98 94.80 95.69 96.65 97.69 98.77 99.91 101.09 102.31 103.56 104.83 106.11 107.40 108.69 109.97 111.24 112.48 113.69 114.87 116.01 117.09 118.11 119.02 119.53 119.46 118.95 118.06 116.83 115.30 113.50 111.47 109.26 106.90 104.43 101.89 99.32 96.76 94.24 91.81 89.51 87.37 85.43 83.73 82.31 81.21 80.46 80.10 79.94 79.89 80.14 80.84 81.94 83.41 85.20 87.25 89.52 91.97 94.55 97.20 99.89 102.56 105.17 107.67 110.02 112.16 114.05 115.64 116.88 117.74 118.15 118.08 117.43 116.03 114.71
93.53 94.28 95.11 96.02 97.00 98.05 99.15 100.30 101.48 102.71 103.96 105.23 106.51 107.79 109.08 110.35 111.61 112.84 114.04 115.21 116.32 117.39 118.39 119.32 120.03 120.28 120.08 119.46 118.45 117.11 115.47 113.56 111.43 109.12 106.66 104.09 101.45 98.78 96.13 93.52 91.00 88.60 86.37 84.35 82.56 81.06 79.88 79.06 78.79 79.03 79.63 80.67 82.10 83.88 85.95 88.26 90.78 93.46 96.23 99.07 101.92 104.74 107.47 110.07 112.50 114.70 116.64 118.25 119.49 120.33 120.70 120.57 119.88 118.63 117.20
95.69 96.38 97.14 97.99 98.90 99.87 100.90 101.97 103.08 104.22 105.39 106.58 107.77 108.97 110.16 111.34 112.51 113.64 114.75 115.81 116.82 117.78 118.69 119.59 120.45 121.04 121.18 120.87 120.13 119.02 117.57 115.83 113.82 111.58 109.17 106.61 103.94 101.21 98.45 95.71 93.01 90.40 87.92 85.61 83.50 81.63 80.05 79.06 80.05 81.78 82.78 84.02 85.62 87.55 89.75 92.17 94.78 97.53 100.35 103.22 106.08 108.89 111.59 114.14 116.49 118.60 120.42 121.90 123.00 123.66 123.84 123.49 122.59 121.21 119.54
