data_processed/recharge/precip/Precip_2001_01.asc
ncols        168
nrows        136
xllcorner    455000
yllcorner    2107000
cellsize     500
NODATA_value     -99999
[rows 74 to 110 of 136, columns 82 to 163 of 168]
6.61 7.06 7.46 7.83 8.15 8.44 8.70 8.92 9.10 9.25 9.36 9.45 9.50 9.51 9.50 9.47 9.43 9.39 9.34 9.29 9.23 9.16 9.09 9.01 8.93 8.84 8.74 8.64 8.53 8.42 8.30 8.18 8.05 7.91 7.77 7.63 7.47 7.32 7.15 6.98 6.81 6.63 6.46 6.31 6.17 6.04 5.92 5.82 5.73 5.65 5.57 5.51 5.46 5.41 5.38 5.35 5.32 5.31 5.29 5.28 5.26 5.25 5.23 5.21 5.19 5.16 5.14 5.11 5.09 5.06 5.03 5.00 4.96 4.93 4.90 4.86 4.82 4.78 4.73 4.69 4.64 4.59
6.52 6.94 7.33 7.67 7.98 8.25 8.49 8.69 8.86 8.99 9.09 9.15 9.18 9.19 9.17 9.15 9.12 9.08 9.04 9.00 8.94 8.89 8.82 8.76 8.68 8.60 8.52 8.43 8.33 8.23 8.13 8.02 7.90 7.78 7.65 7.51 7.37 7.23 7.08 6.92 6.76 6.60 6.43 6.27 6.12 5.99 5.87 5.76 5.66 5.58 5.50 5.44 5.38 5.33 5.29 5.26 5.24 5.22 5.20 5.18 5.17 5.15 5.13 5.10 5.08 5.06 5.03 5.00 4.98 4.95 4.92 4.88 4.85 4.82 4.78 4.74 4.70 4.66 4.61 4.56 4.52 4.47
6.41 6.82 7.18 7.51 7.80 8.05 8.27 8.45 8.59 8.71 8.78 8.83 8.85 8.84 8.83 8.81 8.79 8.77 8.73 8.70 8.66 8.61 8.55 8.50 8.43 8.36 8.29 8.21 8.13 8.04 7.94 7.84 7.73 7.62 7.51 7.39 7.26 7.13 6.99 6.85 6.70 6.55 6.39 6.23 6.08 5.94 5.82 5.70 5.60 5.51 5.43 5.36 5.30 5.25 5.21 5.17 5.15 5.13 5.11 5.09 5.07 5.05 5.03 5.00 4.98 4.95 4.92 4.90 4.87 4.84 4.80 4.77 4.74 4.70 4.66 4.62 4.58 4.53 4.49 4.44 4.39 4.34
6.30 6.68 7.02 7.33 7.60 7.83 8.02 8.18 8.31 8.40 8.46 8.49 8.49 8.49 8.49 8.48 8.47 8.45 8.43 8.40 8.36 8.32 8.28 8.23 8.17 8.11 8.05 7.98 7.91 7.83 7.74 7.65 7.56 7.46 7.35 7.24 7.13 7.01 6.88 6.75 6.62 6.48 6.33 6.19 6.03 5.89 5.76 5.64 5.54 5.45 5.36 5.29 5.23 5.17 5.13 5.09 5.06 5.04 5.02 4.99 4.97 4.95 4.92 4.90 4.87 4.84 4.82 4.79 4.76 4.72 4.69 4.66 4.62 4.58 4.54 4.50 4.46 4.41 4.36 4.31 4.26 4.21
6.17 6.53 6.85 7.14 7.38 7.59 7.76 7.90 8.00 8.07 8.11 8.13 8.14 8.15 8.15 8.15 8.14 8.13 8.11 8.09 8.06 8.03 8.00 7.96 7.91 7.86 7.80 7.74 7.68 7.61 7.53 7.46 7.37 7.28 7.19 7.09 6.99 6.88 6.76 6.65 6.52 6.40 6.26 6.13 5.99 5.84 5.71 5.59 5.48 5.38 5.29 5.22 5.15 5.09 5.04 5.00 4.97 4.95 4.92 4.90 4.88 4.85 4.82 4.80 4.77 4.74 4.71 4.68 4.64 4.61 4.58 4.54 4.50 4.46 4.42 4.38 4.33 4.29 4.24 4.19 4.14 4.08
6.04 6.37 6.67 6.93 7.15 7.33 7.48 7.60 7.68 7.73 7.75 7.78 7.79 7.81 7.81 7.82 7.82 7.81 7.80 7.79 7.77 7.74 7.71 7.68 7.64 7.60 7.55 7.50 7.44 7.38 7.32 7.25 7.17 7.10 7.01 6.92 6.83 6.73 6.63 6.53 6.41 6.30 6.18 6.05 5.93 5.79 5.66 5.53 5.42 5.31 5.22 5.14 5.07 5.01 4.96 4.92 4.88 4.85 4.83 4.80 4.78 4.75 4.72 4.69 4.66 4.63 4.60 4.57 4.53 4.50 4.46 4.42 4.38 4.34 4.30 4.25 4.21 4.16 4.11 4.06 4.01 3.96
5.90 6.21 6.47 6.71 6.90 7.06 7.19 7.28 7.33 7.37 7.40 7.43 7.45 7.46 7.48 7.49 7.49 7.49 7.49 7.48 7.47 7.45 7.43 7.40 7.37 7.33 7.30 7.25 7.20 7.15 7.10 7.03 6.97 6.90 6.83 6.75 6.67 6.58 6.49 6.39 6.29 6.19 6.08 5.97 5.85 5.73 5.60 5.48 5.36 5.25 5.16 5.07 5.00 4.93 4.88 4.83 4.80 4.77 4.74 4.71 4.68 4.65 4.62 4.59 4.56 4.53 4.49 4.46 4.42 4.38 4.35 4.31 4.26 4.22 4.18 4.13 4.08 4.03 3.98 3.93 3.88 3.83
5.74 6.02 6.27 6.47 6.64 6.77 6.87 6.93 6.98 7.02 7.05 7.08 7.11 7.13 7.15 7.16 7.17 7.17 7.18 7.17 7.17 7.15 7.14 7.12 7.10 7.07 7.04 7.00 6.96 6.92 6.87 6.81 6.76 6.70 6.63 6.56 6.49 6.41 6.33 6.25 6.16 6.06 5.97 5.86 5.76 5.65 5.53 5.42 5.30 5.19 5.09 5.00 4.92 4.86 4.80 4.75 4.71 4.68 4.65 4.62 4.59 4.55 4.52 4.49 4.46 4.42 4.38 4.35 4.31 4.27 4.23 4.19 4.15 4.10 4.05 4.01 3.96 3.91 3.86 3.81 3.75 3.70
5.58 5.83 6.04 6.22 6.36 6.47 6.54 6.59 6.63 6.67 6.71 6.74 6.77 6.80 6.82 6.84 6.85 6.86 6.87 6.87 6.87 6.86 6.85 6.84 6.82 6.80 6.77 6.74 6.71 6.67 6.63 6.59 6.54 6.49 6.43 6.37 6.31 6.24 6.17 6.09 6.01 5.93 5.84 5.75 5.66 5.56 5.45 5.35 5.24 5.13 5.02 4.93 4.85 4.78 4.72 4.67 4.62 4.59 4.56 4.52 4.49 4.46 4.42 4.39 4.35 4.32 4.28 4.24 4.20 4.16 4.12 4.07 4.03 3.98 3.93 3.88 3.84 3.79 3.73 3.68 3.63 3.57
5.40 5.63 5.81 5.96 6.07 6.14 6.20 6.25 6.30 6.34 6.38 6.42 6.45 6.48 6.50 6.52 6.54 6.55 6.56 6.57 6.57 6.57 6.57 6.56 6.55 6.53 6.51 6.49 6.46 6.43 6.40 6.36 6.32 6.27 6.23 6.17 6.12 6.06 5.99 5.93 5.86 5.78 5.71 5.63 5.54 5.45 5.36 5.26 5.17 5.06 4.96 4.86 4.78 4.70 4.64 4.59 4.54 4.50 4.47 4.43 4.40 4.36 4.32 4.29 4.25 4.21 4.17 4.13 4.09 4.04 4.00 3.95 3.91 3.86 3.81 3.76 3.71 3.66 3.61 3.56 3.50 3.45
5.22 5.41 5.56 5.68 5.76 5.82 5.87 5.92 5.97 6.02 6.06 6.10 6.13 6.16 6.19 6.21 6.23 6.25 6.26 6.27 6.28 6.28 6.28 6.28 6.27 6.26 6.25 6.23 6.21 6.19 6.16 6.13 6.09 6.06 6.01 5.97 5.92 5.87 5.82 5.76 5.70 5.63 5.56 5.49 5.42 5.34 5.25 5.17 5.08 4.99 4.89 4.80 4.71 4.63 4.56 4.51 4.46 4.42 4.38 4.34 4.30 4.27 4.23 4.19 4.15 4.11 4.07 4.02 3.98 3.93 3.89 3.84 3.79 3.74 3.69 3.64 3.59 3.54 3.49 3.43 3.38 3.32
5.02 5.18 5.30 5.38 5.45 5.50 5.56 5.61 5.66 5.71 5.75 5.79 5.82 5.86 5.89 5.91 5.94 5.95 5.97 5.98 5.99 6.00 6.01 6.01 6.00 6.00 5.99 5.98 5.96 5.94 5.92 5.90 5.87 5.84 5.80 5.76 5.72 5.68 5.63 5.58 5.53 5.47 5.41 5.35 5.28 5.21 5.14 5.06 4.98 4.90 4.82 4.73 4.64 4.56 4.49 4.43 4.38 4.33 4.29 4.25 4.21 4.17 4.13 4.09 4.05 4.00 3.96 3.91 3.87 3.82 3.77 3.72 3.68 3.63 3.57 3.52 3.47 3.42 3.36 3.31 3.26 3.20
4.81 4.94 5.02 5.09 5.15 5.21 5.26 5.31 5.36 5.41 5.45 5.49 5.53 5.56 5.59 5.62 5.65 5.67 5.69 5.70 5.72 5.73 5.73 5.74 5.74 5.74 5.73 5.72 5.71 5.70 5.68 5.66 5.64 5.61 5.59 5.55 5.52 5.48 5.44 5.40 5.35 5.30 5.25 5.20 5.14 5.08 5.01 4.95 4.88 4.81 4.73 4.65 4.57 4.49 4.42 4.35 4.30 4.25 4.21 4.17 4.12 4.08 4.04 3.99 3.95 3.90 3.86 3.81 3.76 3.71 3.66 3.61 3.56 3.51 3.46 3.41 3.35 3.30 3.25 3.19 3.14 3.08
4.59 4.68 4.75 4.81 4.87 4.93 4.98 5.03 5.08 5.13 5.17 5.21 5.25 5.28 5.31 5.34 5.37 5.39 5.41 5.43 5.45 5.46 5.47 5.47 5.48 5.48 5.48 5.47 5.47 5.46 5.45 5.43 5.41 5.39 5.37 5.34 5.32 5.29 5.25 5.21 5.18 5.13 5.09 5.04 4.99 4.94 4.88 4.82 4.76 4.70 4.63 4.56 4.49 4.42 4.34 4.28 4.22 4.17 4.13 4.08 4.04 3.99 3.95 3.90 3.85 3.80 3.75 3.70 3.65 3.60 3.55 3.50 3.45 3.40 3.34 3.29 3.24 3.18 3.13 3.07 3.02 2.96
4.36 4.43 4.49 4.55 4.61 4.67 4.72 4.77 4.82 4.86 4.90 4.94 4.98 5.01 5.05 5.07 5.10 5.13 5.15 5.17 5.18 5.20 5.21 5.22 5.23 5.23 5.23 5.23 5.23 5.22 5.21 5.20 5.19 5.17 5.16 5.14 5.11 5.09 5.06 5.03 4.99 4.96 4.92 4.88 4.84 4.79 4.74 4.69 4.64 4.59 4.53 4.47 4.41 4.34 4.27 4.21 4.14 4.09 4.05 4.00 3.95 3.90 3.85 3.80 3.75 3.70 3.65 3.60 3.55 3.50 3.45 3.39 3.34 3.29 3.23 3.18 3.12 3.07 3.01 2.96 2.90 2.85
4.14 4.20 4.26 4.32 4.37 4.42 4.47 4.52 4.57 4.61 4.65 4.69 4.73 4.76 4.79 4.82 4.85 4.87 4.90 4.92 4.93 4.95 4.96 4.97 4.98 4.99 4.99 4.99 4.99 4.99 4.99 4.98 4.97 4.96 4.94 4.93 4.91 4.89 4.87 4.84 4.81 4.78 4.75 4.72 4.68 4.64 4.60 4.56 4.51 4.46 4.42 4.36 4.31 4.25 4.19 4.13 4.07 4.02 3.97 3.92 3.87 3.82 3.76 3.71 3.66 3.61 3.56 3.50 3.45 3.39 3.34 3.29 3.23 3.18 3.12 3.07 3.01 2.96 2.90 2.85 2.79 2.74
3.94 3.99 4.05 4.10 4.15 4.20 4.25 4.30 4.34 4.38 4.42 4.46 4.49 4.52 4.55 4.58 4.61 4.63 4.66 4.68 4.69 4.71 4.72 4.74 4.75 4.75 4.76 4.76 4.77 4.77 4.76 4.76 4.75 4.75 4.74 4.72 4.71 4.69 4.67 4.65 4.63 4.61 4.58 4.55 4.52 4.49 4.45 4.42 4.38 4.34 4.30 4.25 4.21 4.16 4.11 4.05 4.00 3.95 3.89 3.84 3.79 3.73 3.68 3.62 3.57 3.51 3.46 3.40 3.35 3.29 3.24 3.18 3.13 3.07 3.02 2.96 2.91 2.85 2.80 2.74 2.69 2.63
3.75 3.81 3.86 3.91 3.95 4.00 4.04 4.09 4.13 4.16 4.20 4.24 4.27 4.30 4.33 4.36 4.38 4.41 4.43 4.45 4.47 4.48 4.50 4.51 4.52 4.53 4.54 4.54 4.55 4.55 4.55 4.55 4.54 4.54 4.53 4.52 4.51 4.50 4.48 4.47 4.45 4.43 4.41 4.38 4.36 4.33 4.30 4.27 4.24 4.21 4.17 4.13 4.10 4.05 4.01 3.97 3.92 3.88 3.82 3.77 3.71 3.66 3.60 3.54 3.49 3.43 3.37 3.31 3.26 3.20 3.14 3.09 3.03 2.97 2.92 2.86 2.81 2.75 2.69 2.64 2.58 2.53
3.57 3.62 3.67 3.71 3.76 3.80 3.84 3.88 3.92 3.95 3.99 4.02 4.05 4.08 4.11 4.13 4.16 4.18 4.20 4.22 4.24 4.25 4.27 4.28 4.29 4.30 4.31 4.32 4.32 4.33 4.33 4.33 4.33 4.33 4.32 4.32 4.31 4.30 4.29 4.28 4.26 4.25 4.23 4.21 4.19 4.17 4.15 4.13 4.10 4.07 4.04 4.01 3.98 3.95 3.91 3.88 3.84 3.81 3.77 3.72 3.66 3.60 3.54 3.48 3.42 3.36 3.30 3.24 3.18 3.13 3.07 3.01 2.95 2.89 2.84 2.78 2.72 2.66 2.61 2.55 2.50 2.44
3.39 3.44 3.48 3.52 3.56 3.60 3.64 3.67 3.71 3.74 3.77 3.80 3.83 3.86 3.88 3.91 3.93 3.95 3.97 3.99 4.01 4.02 4.04 4.05 4.06 4.08 4.08 4.09 4.10 4.11 4.11 4.11 4.11 4.11 4.11 4.11 4.11 4.10 4.09 4.09 4.08 4.07 4.05 4.04 4.03 4.01 3.99 3.98 3.96 3.93 3.91 3.89 3.86 3.84 3.81 3.78 3.76 3.75 3.73 3.69 3.63 3.57 3.50 3.44 3.38 3.32 3.25 3.19 3.13 3.07 3.01 2.95 2.89 2.83 2.77 2.71 2.65 2.60 2.54 2.48 2.43 2.37
3.21 3.25 3.29 3.33 3.37 3.40 3.43 3.46 3.50 3.53 3.55 3.58 3.61 3.63 3.66 3.68 3.70 3.72 3.74 3.76 3.78 3.79 3.81 3.82 3.84 3.85 3.86 3.87 3.88 3.88 3.89 3.89 3.90 3.90 3.90 3.90 3.90 3.90 3.90 3.89 3.89 3.88 3.87 3.87 3.86 3.85 3.83 3.82 3.81 3.79 3.78 3.76 3.74 3.72 3.71 3.69 3.69 3.69 3.69 3.66 3.61 3.55 3.49 3.42 3.35 3.29 3.22 3.16 3.10 3.03 2.97 2.91 2.85 2.78 2.72 2.66 2.60 2.54 2.49 2.43 2.37 2.32
3.03 3.07 3.11 3.14 3.17 3.20 3.23 3.26 3.29 3.31 3.34 3.36 3.39 3.41 3.43 3.46 3.48 3.50 3.51 3.53 3.55 3.56 3.58 3.59 3.61 3.62 3.63 3.64 3.65 3.66 3.67 3.67 3.68 3.68 3.69 3.69 3.70 3.70 3.70 3.70 3.70 3.70 3.69 3.69 3.68 3.68 3.67 3.67 3.66 3.65 3.64 3.63 3.62 3.61 3.61 3.61 3.62 3.64 3.65 3.64 3.61 3.56 3.49 3.42 3.35 3.28 3.21 3.15 3.08 3.01 2.95 2.88 2.82 2.75 2.69 2.63 2.57 2.51 2.45 2.39 2.33 2.27
2.85 2.89 2.92 2.95 2.98 3.00 3.03 3.06 3.08 3.10 3.13 3.15 3.17 3.19 3.21 3.23 3.25 3.27 3.29 3.30 3.32 3.33 3.35 3.36 3.38 3.39 3.40 3.41 3.42 3.43 3.44 3.45 3.46 3.47 3.48 3.48 3.49 3.49 3.50 3.50 3.50 3.51 3.51 3.51 3.51 3.51 3.51 3.51 3.51 3.51 3.50 3.50 3.50 3.50 3.51 3.53 3.56 3.59 3.62 3.62 3.60 3.56 3.51 3.44 3.37 3.29 3.22 3.15 3.08 3.01 2.94 2.87 2.81 2.74 2.68 2.61 2.55 2.49 2.42 2.36 2.30 2.25
2.68 2.71 2.74 2.76 2.79 2.81 2.83 2.85 2.87 2.90 2.92 2.94 2.95 2.97 2.99 3.01 3.03 3.04 3.06 3.08 3.09 3.11 3.12 3.13 3.15 3.16 3.17 3.19 3.20 3.21 3.22 3.23 3.24 3.25 3.26 3.27 3.28 3.29 3.30 3.30 3.31 3.32 3.32 3.33 3.34 3.34 3.35 3.35 3.35 3.36 3.36 3.37 3.38 3.40 3.42 3.46 3.50 3.55 3.59 3.60 3.60 3.58 3.53 3.47 3.40 3.32 3.25 3.17 3.10 3.03 2.95 2.88 2.81 2.74 2.67 2.61 2.54 2.48 2.41 2.35 2.29 2.23
2.50 2.53 2.55 2.58 2.60 2.62 2.64 2.65 2.67 2.69 2.71 2.72 2.74 2.76 2.77 2.79 2.80 2.82 2.83 2.85 2.86 2.88 2.89 2.91 2.92 2.94 2.95 2.96 2.98 2.99 3.00 3.01 3.03 3.04 3.05 3.06 3.07 3.09 3.10 3.11 3.12 3.13 3.14 3.15 3.16 3.17 3.18 3.19 3.20 3.21 3.22 3.24 3.27 3.30 3.34 3.39 3.44 3.50 3.56 3.59 3.60 3.59 3.56 3.51 3.45 3.37 3.29 3.21 3.13 3.05 2.98 2.90 2.83 2.76 2.69 2.62 2.55 2.48 2.41 2.35 2.28 2.22
2.32 2.35 2.37 2.39 2.41 2.43 2.44 2.46 2.47 2.49 2.50 2.51 2.53 2.54 2.56 2.57 2.58 2.60 2.61 2.63 2.64 2.65 2.67 2.68 2.70 2.71 2.72 2.74 2.75 2.77 2.78 2.80 2.81 2.82 2.84 2.85 2.87 2.88 2.90 2.91 2.93 2.94 2.96 2.97 2.99 3.00 3.02 3.03 3.05 3.06 3.09 3.12 3.16 3.21 3.26 3.32 3.39 3.47 3.53 3.58 3.60 3.60 3.58 3.55 3.50 3.43 3.35 3.26 3.18 3.10 3.02 2.94 2.86 2.79 2.71 2.64 2.56 2.49 2.42 2.36 2.29 2.23
2.15 2.17 2.19 2.21 2.23 2.24 2.25 2.27 2.28 2.29 2.30 2.31 2.32 2.33 2.34 2.35 2.37 2.38 2.39 2.40 2.42 2.43 2.44 2.46 2.47 2.49 2.50 2.52 2.53 2.55 2.56 2.58 2.59 2.61 2.63 2.64 2.66 2.68 2.70 2.72 2.73 2.75 2.77 2.79 2.81 2.83 2.85 2.87 2.90 2.92 2.96 3.01 3.06 3.12 3.19 3.26 3.34 3.43 3.51 3.57 3.60 3.62 3.61 3.59 3.54 3.49 3.41 3.33 3.24 3.15 3.07 2.99 2.91 2.82 2.75 2.67 2.59 2.52 2.45 2.38 2.31 2.24
1.97 1.99 2.01 2.03 2.04 2.06 2.07 2.08 2.08 2.09 2.10 2.11 2.11 2.12 2.13 2.14 2.15 2.16 2.17 2.19 2.20 2.21 2.22 2.24 2.25 2.27 2.28 2.30 2.31 2.33 2.35 2.36 2.38 2.40 2.42 2.44 2.46 2.48 2.50 2.52 2.54 2.57 2.59 2.61 2.64 2.66 2.69 2.72 2.75 2.79 2.84 2.90 2.96 3.04 3.12 3.20 3.30 3.40 3.49 3.56 3.61 3.64 3.64 3.63 3.59 3.55 3.48 3.40 3.31 3.22 3.13 3.05 2.96 2.88 2.79 2.71 2.63 2.55 2.48 2.40 2.33 2.26
1.80 1.82 1.84 1.85 1.86 1.87 1.88 1.89 1.89 1.90 1.90 1.91 1.91 1.92 1.93 1.93 1.94 1.95 1.96 1.97 1.98 1.99 2.01 2.02 2.03 2.05 2.06 2.08 2.10 2.11 2.13 2.15 2.17 2.19 2.21 2.23 2.26 2.28 2.30 2.33 2.35 2.38 2.41 2.44 2.46 2.49 2.53 2.57 2.61 2.67 2.73 2.80 2.87 2.96 3.05 3.15 3.26 3.37 3.48 3.56 3.62 3.65 3.67 3.67 3.64 3.60 3.55 3.48 3.40 3.30 3.21 3.12 3.03 2.94 2.85 2.76 2.68 2.60 2.52 2.44 2.36 2.29
1.64 1.65 1.67 1.68 1.69 1.69 1.70 1.71 1.71 1.71 1.71 1.71 1.72 1.72 1.72 1.73 1.74 1.74 1.75 1.76 1.77 1.78 1.79 1.81 1.82 1.83 1.85 1.87 1.88 1.90 1.92 1.94 1.96 1.98 2.01 2.03 2.06 2.08 2.11 2.14 2.17 2.20 2.23 2.26 2.29 2.33 2.37 2.42 2.48 2.55 2.62 2.70 2.79 2.89 2.99 3.10 3.22 3.35 3.47 3.56 3.63 3.67 3.70 3.71 3.69 3.66 3.62 3.56 3.48 3.39 3.30 3.20 3.10 3.01 2.91 2.82 2.74 2.65 2.56 2.48 2.40 2.32
1.48 1.49 1.50 1.51 1.51 1.52 1.52 1.52 1.53 1.53 1.53 1.53 1.53 1.53 1.53 1.53 1.53 1.54 1.55 1.55 1.56 1.57 1.58 1.60 1.61 1.62 1.64 1.66 1.67 1.69 1.71 1.73 1.76 1.78 1.81 1.83 1.86 1.89 1.92 1.95 1.98 2.02 2.05 2.09 2.13 2.17 2.23 2.29 2.36 2.44 2.52 2.61 2.71 2.82 2.94 3.06 3.19 3.33 3.46 3.56 3.64 3.69 3.73 3.75 3.74 3.72 3.68 3.63 3.56 3.48 3.39 3.29 3.19 3.09 2.99 2.89 2.80 2.71 2.62 2.53 2.45 2.36
1.32 1.33 1.33 1.34 1.34 1.35 1.35 1.35 1.35 1.35 1.35 1.34 1.34 1.34 1.34 1.34 1.34 1.34 1.35 1.35 1.36 1.37 1.38 1.39 1.40 1.42 1.43 1.45 1.47 1.49 1.51 1.53 1.56 1.58 1.61 1.64 1.67 1.70 1.73 1.77 1.80 1.84 1.88 1.92 1.97 2.03 2.09 2.16 2.24 2.33 2.43 2.53 2.64 2.76 2.89 3.02 3.16 3.31 3.45 3.56 3.65 3.72 3.76 3.79 3.79 3.78 3.75 3.70 3.64 3.57 3.48 3.38 3.28 3.17 3.07 2.97 2.87 2.77 2.68 2.59 2.50 2.41
1.17 1.17 1.18 1.18 1.18 1.18 1.18 1.18 1.17 1.17 1.17 1.16 1.16 1.15 1.15 1.15 1.15 1.15 1.15 1.16 1.16 1.17 1.18 1.19 1.20 1.22 1.23 1.25 1.27 1.29 1.31 1.34 1.36 1.39 1.42 1.45 1.48 1.51 1.55 1.59 1.63 1.67 1.71 1.76 1.82 1.89 1.96 2.04 2.14 2.23 2.34 2.45 2.57 2.70 2.84 2.98 3.14 3.29 3.44 3.57 3.66 3.74 3.79 3.83 3.84 3.83 3.81 3.77 3.72 3.65 3.57 3.48 3.37 3.26 3.16 3.05 2.94 2.84 2.74 2.65 2.55 2.46
1.02 1.02 1.02 1.02 1.02 1.02 1.01 1.01 1.01 1.00 1.00 0.99 0.98 0.98 0.97 0.97 0.96 0.96 0.96 0.97 0.97 0.98 0.98 0.99 1.01 1.02 1.04 1.05 1.07 1.09 1.12 1.14 1.17 1.20 1.23 1.26 1.30 1.33 1.37 1.41 1.45 1.50 1.55 1.61 1.68 1.76 1.84 1.93 2.03 2.14 2.26 2.38 2.51 2.65 2.80 2.95 3.11 3.28 3.44 3.57 3.68 3.76 3.82 3.87 3.89 3.89 3.87 3.84 3.79 3.73 3.65 3.56 3.47 3.36 3.25 3.13 3.02 2.92 2.81 2.71 2.61 2.51
0.88 0.88 0.87 0.87 0.87 0.86 0.86 0.85 0.84 0.84 0.83 0.82 0.81 0.81 0.80 0.79 0.79 0.78 0.78 0.78 0.79 0.79 0.80 0.81 0.82 0.83 0.85 0.86 0.88 0.91 0.93 0.96 0.98 1.01 1.05 1.08 1.12 1.16 1.20 1.24 1.29 1.34 1.40 1.47 1.55 1.64 1.73 1.83 1.94 2.06 2.18 2.31 2.46 2.60 2.76 2.92 3.09 3.27 3.44 3.58 3.70 3.79 3.86 3.90 3.93 3.94 3.93 3.90 3.86 3.80 3.73 3.65 3.56 3.45 3.34 3.22 3.11 2.99 2.88 2.77 2.67 2.57
0.74 0.74 0.73 0.73 0.72 0.71 0.70 0.69 0.69 0.68 0.67 0.66 0.65 0.64 0.63 0.62 0.62 0.61 0.61 0.61 0.61 0.61 0.62 0.62 0.63 0.65 0.66 0.68 0.70 0.72 0.75 0.77 0.80 0.83 0.87 0.90 0.94 0.98 1.03 1.08 1.13 1.19 1.26 1.34 1.43 1.52 1.62 1.73 1.85 1.98 2.11 2.25 2.40 2.56 2.72 2.90 3.08 3.26 3.44 3.59 3.71 3.81 3.89 3.94 3.98 3.99 3.99 3.97 3.93 3.87 3.81 3.73 3.64 3.54 3.43 3.32 3.19 3.07 2.96 2.84 2.73 2.62
0.61 0.60 0.60 0.59 0.58 0.57 0.56 0.55 0.53 0.52 0.51 0.50 0.49 0.48 0.47 0.46 0.45 0.45 0.44 0.44 0.44 0.44 0.44 0.45 0.46 0.47 0.49 0.50 0.52 0.55 0.57 0.60 0.63 0.66 0.70 0.74 0.78 0.82 0.87 0.92 0.98 1.05 1.13 1.22 1.31 1.42 1.53 1.65 1.77 1.91 2.05 2.20 2.36 2.52 2.69 2.88 3.06 3.26 3.44 3.60 3.73 3.84 3.92 3.98 4.02 4.04 4.04 4.03 3.99 3.94 3.88 3.81 3.72 3.62 3.52 3.40 3.28 3.15 3.03 2.91 2.79 2.68
