data_processed/recharge/precip/Precip_2005_01.asc
ncols        168
nrows        136
xllcorner    455000
yllcorner    2107000
cellsize     500
NODATA_value     -99999
[rows 0 to 36 of 136, columns 83 to 165 of 168]
4.45 4.47 4.44 4.38 4.28 4.13 3.94 3.71 3.43 3.12 2.77 2.41 2.02 1.63 1.23 0.85 0.50 0.20 0.00 0.00 0.00 0.00 0.00 0.00 0.00 0.00 0.00 0.00 0.00 0.00 0.00 0.00 0.00 0.00 0.00 0.00 0.00 0.00 0.00 0.00 0.00 0.00 0.00 0.00 0.00 0.00 0.00 0.00 0.00 0.00 0.00 0.00 0.00 0.00 0.00 0.00 0.00 0.00 0.00 0.00 0.00 0.00 0.11 0.26 0.38 0.47 0.50 0.47 0.38 0.26 0.12 0.00 0.00 0.00 0.00 0.00 0.00 0.00 0.00 0.00 0.00 0.00 0.00
4.70 4.68 4.63 4.54 4.41 4.25 4.04 3.80 3.52 3.20 2.85 2.47 2.08 1.68 1.28 0.90 0.55 0.24 0.00 0.00 0.00 0.00 0.00 0.00 0.00 0.00 0.00 0.00 0.00 0.00 0.00 0.00 0.00 0.00 0.00 0.00 0.00 0.00 0.00 0.00 0.00 0.00 0.00 0.00 0.00 0.00 0.00 0.00 0.00 0.00 0.00 0.00 0.00 0.00 0.00 0.00 0.00 0.00 0.00 0.00 0.00 0.00 0.00 0.10 0.21 0.29 0.31 0.29 0.22 0.13 0.02 0.00 0.00 0.00 0.00 0.00 0.00 0.00 0.00 0.00 0.00 0.00 0.00
4.92 4.87 4.79 4.67 4.52 4.34 4.12 3.87 3.59 3.27 2.92 2.54 2.14 1.74 1.33 0.94 0.59 0.28 0.01 0.00 0.00 0.00 0.00 0.00 0.00 0.00 0.00 0.00 0.00 0.00 0.00 0.00 0.00 0.00 0.00 0.00 0.00 0.00 0.00 0.00 0.00 0.00 0.00 0.00 0.00 0.00 0.00 0.00 0.00 0.00 0.00 0.00 0.00 0.00 0.00 0.00 0.00 0.00 0.00 0.00 0.00 0.00 0.00 0.02 0.09 0.16 0.18 0.16 0.11 0.04 0.00 0.00 0.00 0.00 0.00 0.00 0.00 0.00 0.00 0.00 0.00 0.00 0.00
5.10 5.02 4.91 4.77 4.60 4.41 4.18 3.92 3.63 3.32 2.97 2.59 2.19 1.79 1.38 0.99 0.63 0.32 0.05 0.00 0.00 0.00 0.00 0.00 0.00 0.00 0.00 0.00 0.00 0.00 0.00 0.00 0.00 0.00 0.00 0.00 0.00 0.00 0.00 0.02 0.03 0.04 0.05 0.06 0.07 0.08 0.08 0.08 0.08 0.08 0.07 0.06 0.06 0.05 0.03 0.02 0.01 0.00 0.00 0.00 0.00 0.00 0.00 0.00 0.03 0.08 0.10 0.08 0.05 0.00 0.00 0.00 0.00 0.00 0.00 0.00 0.00 0.00 0.00 0.00 0.00 0.00 0.00
5.24 5.13 4.99 4.83 4.65 4.44 4.20 3.94 3.65 3.33 2.99 2.63 2.23 1.83 1.42 1.02 0.67 0.36 0.09 0.00 0.00 0.00 0.00 0.00 0.00 0.00 0.00 0.00 0.00 0.00 0.00 0.00 0.00 0.00 0.00 0.00 0.00 0.03 0.08 0.11 0.13 0.14 0.15 0.16 0.16 0.17 0.17 0.16 0.16 0.15 0.14 0.13 0.12 0.11 0.10 0.08 0.07 0.06 0.04 0.03 0.01 0.00 0.00 0.00 0.01 0.04 0.05 0.04 0.01 0.00 0.00 0.00 0.00 0.00 0.00 0.00 0.00 0.00 0.00 0.00 0.00 0.00 0.00
5.33 5.19 5.03 4.85 4.65 4.42 4.18 3.91 3.62 3.31 2.98 2.63 2.25 1.86 1.45 1.06 0.70 0.40 0.14 0.00 0.00 0.00 0.00 0.00 0.00 0.00 0.00 0.00 0.00 0.00 0.00 0.00 0.00 0.00 0.00 0.00 0.05 0.12 0.17 0.20 0.22 0.23 0.24 0.24 0.25 0.25 0.24 0.24 0.23 0.22 0.21 0.20 0.18 0.17 0.15 0.14 0.12 0.10 0.09 0.07 0.06 0.04 0.03 0.02 0.01 0.02 0.02 0.01 0.00 0.00 0.00 0.00 0.00 0.00 0.00 0.00 0.00 0.00 0.00 0.00 0.00 0.00 0.00
5.36 5.19 5.01 4.81 4.59 4.36 4.11 3.84 3.55 3.25 2.93 2.59 2.23 1.86 1.47 1.08 0.73 0.43 0.17 0.00 0.00 0.00 0.00 0.00 0.00 0.00 0.00 0.00 0.00 0.00 0.00 0.00 0.00 0.00 0.00 0.07 0.14 0.20 0.25 0.29 0.30 0.31 0.32 0.32 0.32 0.31 0.31 0.30 0.29 0.28 0.26 0.25 0.23 0.21 0.19 0.18 0.16 0.14 0.12 0.10 0.08 0.07 0.05 0.04 0.02 0.02 0.01 0.00 0.00 0.00 0.00 0.00 0.00 0.00 0.00 0.00 0.00 0.00 0.00 0.00 0.00 0.00 0.00
5.34 5.15 4.94 4.73 4.49 4.25 4.00 3.73 3.45 3.15 2.84 2.52 2.18 1.83 1.46 1.09 0.75 0.45 0.20 0.00 0.00 0.00 0.00 0.00 0.00 0.00 0.00 0.00 0.00 0.00 0.00 0.00 0.00 0.00 0.06 0.14 0.22 0.28 0.33 0.36 0.38 0.38 0.38 0.38 0.38 0.37 0.36 0.35 0.33 0.32 0.30 0.28 0.26 0.24 0.22 0.20 0.18 0.16 0.14 0.12 0.10 0.08 0.06 0.04 0.03 0.02 0.01 0.00 0.00 0.00 0.00 0.00 0.00 0.00 0.00 0.01 0.02 0.04 0.07 0.09 0.13 0.16 0.21
5.34 5.12 4.89 4.66 4.41 4.16 3.90 3.63 3.35 3.06 2.76 2.45 2.14 1.81 1.46 1.10 0.77 0.48 0.24 0.04 0.00 0.00 0.00 0.00 0.00 0.00 0.00 0.00 0.00 0.00 0.00 0.00 0.00 0.06 0.14 0.22 0.29 0.36 0.41 0.43 0.43 0.43 0.43 0.42 0.41 0.40 0.39 0.38 0.36 0.34 0.32 0.30 0.28 0.26 0.23 0.21 0.19 0.16 0.14 0.12 0.10 0.08 0.06 0.04 0.03 0.02 0.00 0.00 0.00 0.00 0.00 0.00 0.00 0.02 0.04 0.06 0.10 0.13 0.18 0.23 0.29 0.35 0.42
5.38 5.13 4.88 4.62 4.36 4.10 3.83 3.55 3.28 2.99 2.71 2.41 2.11 1.80 1.47 1.12 0.80 0.52 0.28 0.08 0.00 0.00 0.00 0.00 0.00 0.00 0.00 0.00 0.00 0.00 0.00 0.00 0.05 0.14 0.22 0.30 0.37 0.43 0.48 0.49 0.48 0.46 0.45 0.44 0.43 0.42 0.40 0.39 0.37 0.35 0.33 0.31 0.28 0.26 0.24 0.21 0.19 0.16 0.14 0.12 0.10 0.08 0.06 0.04 0.03 0.01 0.00 0.00 0.00 0.00 0.00 0.00 0.00 0.02 0.05 0.09 0.13 0.19 0.25 0.32 0.39 0.48 0.58
5.45 5.17 4.90 4.62 4.34 4.06 3.79 3.51 3.23 2.95 2.67 2.39 2.10 1.80 1.47 1.14 0.83 0.56 0.33 0.14 0.00 0.00 0.00 0.00 0.00 0.00 0.00 0.00 0.00 0.00 0.00 0.04 0.13 0.21 0.30 0.38 0.45 0.50 0.54 0.54 0.51 0.48 0.45 0.44 0.43 0.41 0.40 0.38 0.36 0.34 0.32 0.30 0.28 0.25 0.23 0.20 0.18 0.16 0.13 0.11 0.09 0.07 0.05 0.04 0.02 0.01 0.00 0.00 0.00 0.00 0.00 0.00 0.00 0.01 0.05 0.09 0.14 0.21 0.28 0.36 0.46 0.56 0.68
5.56 5.25 4.95 4.65 4.35 4.06 3.77 3.49 3.21 2.93 2.66 2.38 2.10 1.80 1.48 1.16 0.86 0.60 0.38 0.20 0.05 0.00 0.00 0.00 0.00 0.00 0.00 0.00 0.00 0.00 0.04 0.12 0.21 0.30 0.38 0.46 0.52 0.56 0.58 0.57 0.53 0.48 0.45 0.42 0.41 0.39 0.38 0.36 0.34 0.32 0.30 0.28 0.26 0.24 0.21 0.19 0.17 0.15 0.12 0.10 0.08 0.07 0.05 0.03 0.02 0.01 0.00 0.00 0.00 0.00 0.00 0.00 0.00 0.00 0.03 0.07 0.13 0.20 0.28 0.38 0.48 0.60 0.74
5.70 5.36 5.02 4.70 4.38 4.08 3.78 3.49 3.20 2.93 2.65 2.38 2.10 1.80 1.50 1.18 0.90 0.65 0.44 0.26 0.12 0.01 0.00 0.00 0.00 0.00 0.00 0.00 0.00 0.05 0.12 0.21 0.29 0.38 0.46 0.53 0.58 0.61 0.61 0.59 0.54 0.48 0.44 0.40 0.38 0.36 0.34 0.33 0.31 0.29 0.28 0.26 0.23 0.21 0.19 0.17 0.15 0.13 0.11 0.09 0.08 0.06 0.04 0.03 0.02 0.00 0.00 0.00 0.00 0.00 0.00 0.00 0.00 0.00 0.00 0.04 0.10 0.17 0.26 0.36 0.47 0.60 0.75
5.86 5.49 5.12 4.77 4.44 4.11 3.80 3.50 3.21 2.93 2.66 2.38 2.10 1.81 1.51 1.21 0.94 0.70 0.50 0.33 0.19 0.09 0.01 0.00 0.00 0.00 0.00 0.01 0.07 0.13 0.21 0.29 0.37 0.45 0.53 0.59 0.63 0.64 0.64 0.60 0.54 0.47 0.42 0.37 0.34 0.32 0.30 0.28 0.27 0.25 0.24 0.22 0.20 0.19 0.17 0.15 0.13 0.12 0.10 0.08 0.07 0.05 0.04 0.03 0.01 0.00 0.00 0.00 0.00 0.00 0.00 0.00 0.00 0.00 0.00 0.00 0.06 0.13 0.22 0.32 0.44 0.57 0.73
6.05 5.64 5.24 4.87 4.51 4.16 3.84 3.53 3.23 2.94 2.66 2.38 2.10 1.82 1.53 1.24 0.97 0.75 0.55 0.39 0.27 0.17 0.09 0.05 0.03 0.03 0.06 0.10 0.15 0.22 0.29 0.37 0.45 0.53 0.59 0.64 0.66 0.67 0.65 0.60 0.53 0.45 0.39 0.34 0.30 0.27 0.25 0.23 0.22 0.21 0.19 0.18 0.17 0.15 0.14 0.13 0.11 0.10 0.09 0.07 0.06 0.05 0.03 0.02 0.01 0.00 0.00 0.00 0.00 0.00 0.00 0.00 0.00 0.00 0.00 0.00 0.01 0.08 0.16 0.26 0.38 0.52 0.68
6.26 5.81 5.38 4.98 4.59 4.23 3.89 3.56 3.25 2.96 2.67 2.39 2.11 1.83 1.55 1.27 1.02 0.80 0.61 0.46 0.34 0.24 0.18 0.13 0.12 0.12 0.14 0.18 0.24 0.30 0.37 0.45 0.53 0.59 0.64 0.67 0.69 0.68 0.65 0.59 0.51 0.43 0.36 0.30 0.26 0.22 0.19 0.17 0.16 0.15 0.15 0.14 0.13 0.12 0.11 0.10 0.09 0.08 0.08 0.07 0.05 0.04 0.03 0.02 0.00 0.00 0.00 0.00 0.00 0.00 0.00 0.00 0.00 0.00 0.00 0.00 0.00 0.02 0.10 0.20 0.31 0.45 0.61
6.48 6.00 5.54 5.10 4.69 4.31 3.94 3.60 3.28 2.98 2.68 2.40 2.12 1.84 1.57 1.30 1.06 0.85 0.67 0.53 0.41 0.32 0.26 0.22 0.20 0.21 0.23 0.27 0.32 0.38 0.46 0.53 0.59 0.64 0.68 0.70 0.70 0.68 0.64 0.58 0.49 0.40 0.32 0.26 0.21 0.17 0.14 0.12 0.10 0.10 0.09 0.09 0.09 0.08 0.08 0.08 0.07 0.07 0.06 0.06 0.05 0.03 0.02 0.01 0.00 0.00 0.00 0.00 0.00 0.00 0.00 0.00 0.00 0.00 0.00 0.00 0.00 0.00 0.04 0.12 0.23 0.36 0.52
6.72 6.20 5.70 5.23 4.80 4.39 4.01 3.65 3.31 3.00 2.70 2.41 2.13 1.86 1.59 1.33 1.10 0.90 0.74 0.60 0.49 0.40 0.34 0.31 0.29 0.30 0.32 0.35 0.41 0.47 0.53 0.59 0.64 0.68 0.70 0.71 0.70 0.67 0.62 0.55 0.46 0.36 0.28 0.22 0.16 0.12 0.08 0.06 0.05 0.04 0.04 0.04 0.04 0.05 0.05 0.05 0.06 0.06 0.05 0.05 0.04 0.03 0.02 0.01 0.00 0.00 0.00 0.00 0.00 0.00 0.00 0.00 0.00 0.00 0.00 0.00 0.00 0.00 0.00 0.06 0.15 0.28 0.43
6.96 6.40 5.87 5.37 4.91 4.47 4.07 3.70 3.35 3.02 2.71 2.42 2.14 1.88 1.62 1.37 1.15 0.96 0.80 0.67 0.56 0.48 0.43 0.39 0.38 0.38 0.40 0.44 0.49 0.54 0.60 0.64 0.68 0.70 0.72 0.71 0.70 0.66 0.60 0.52 0.42 0.33 0.24 0.17 0.11 0.07 0.03 0.01 0.00 0.00 0.00 0.00 0.00 0.01 0.03 0.03 0.04 0.04 0.04 0.03 0.03 0.02 0.01 0.00 0.00 0.00 0.00 0.00 0.00 0.00 0.00 0.00 0.00 0.00 0.00 0.00 0.00 0.00 0.00 0.00 0.08 0.19 0.34
7.16 6.60 6.05 5.51 5.02 4.56 4.14 3.75 3.39 3.05 2.73 2.44 2.16 1.90 1.64 1.40 1.19 1.01 0.86 0.73 0.63 0.56 0.51 0.48 0.46 0.47 0.49 0.52 0.57 0.61 0.65 0.68 0.70 0.72 0.72 0.71 0.68 0.64 0.58 0.49 0.39 0.28 0.20 0.12 0.06 0.02 0.00 0.00 0.00 0.00 0.00 0.00 0.00 0.00 0.00 0.01 0.02 0.03 0.03 0.02 0.02 0.01 0.01 0.00 0.00 0.00 0.00 0.00 0.00 0.00 0.00 0.00 0.00 0.00 0.00 0.00 0.00 0.00 0.00 0.00 0.02 0.12 0.25
7.33 6.77 6.21 5.66 5.14 4.66 4.21 3.80 3.43 3.08 2.76 2.46 2.18 1.92 1.67 1.44 1.24 1.06 0.92 0.80 0.71 0.64 0.59 0.56 0.55 0.55 0.57 0.60 0.63 0.66 0.69 0.71 0.72 0.72 0.72 0.70 0.66 0.61 0.54 0.46 0.35 0.24 0.15 0.08 0.01 0.00 0.00 0.00 0.00 0.00 0.00 0.00 0.00 0.00 0.00 0.00 0.00 0.01 0.01 0.01 0.01 0.01 0.00 0.00 0.00 0.00 0.00 0.00 0.00 0.00 0.00 0.00 0.00 0.00 0.00 0.00 0.00 0.00 0.00 0.00 0.00 0.06 0.18
7.45 6.90 6.35 5.80 5.26 4.76 4.29 3.86 3.47 3.11 2.78 2.48 2.20 1.94 1.70 1.48 1.29 1.12 0.98 0.87 0.78 0.71 0.67 0.64 0.63 0.63 0.65 0.67 0.68 0.70 0.71 0.72 0.73 0.72 0.71 0.68 0.64 0.58 0.51 0.42 0.31 0.20 0.11 0.03 0.00 0.00 0.00 0.00 0.00 0.00 0.00 0.00 0.00 0.00 0.00 0.00 0.00 0.00 0.00 0.00 0.00 0.00 0.00 0.00 0.00 0.00 0.00 0.00 0.00 0.00 0.00 0.00 0.00 0.00 0.00 0.00 0.00 0.00 0.00 0.00 0.00 0.02 0.12
7.54 7.00 6.45 5.91 5.38 4.86 4.37 3.93 3.52 3.15 2.81 2.50 2.22 1.97 1.73 1.52 1.33 1.17 1.04 0.94 0.85 0.79 0.75 0.72 0.71 0.71 0.72 0.72 0.73 0.73 0.73 0.73 0.72 0.71 0.69 0.66 0.61 0.55 0.47 0.38 0.26 0.15 0.06 0.00 0.00 0.00 0.00 0.00 0.00 0.00 0.00 0.00 0.00 0.00 0.00 0.00 0.00 0.00 0.00 0.00 0.00 0.00 0.00 0.00 0.00 0.00 0.00 0.00 0.00 0.00 0.00 0.00 0.00 0.00 0.00 0.00 0.00 0.00 0.00 0.00 0.00 0.01 0.08
7.60 7.06 6.53 6.00 5.47 4.95 4.45 3.99 3.57 3.19 2.84 2.53 2.24 1.99 1.76 1.56 1.38 1.23 1.10 1.00 0.92 0.86 0.82 0.80 0.78 0.78 0.77 0.76 0.76 0.75 0.74 0.73 0.71 0.69 0.67 0.63 0.58 0.51 0.43 0.33 0.22 0.11 0.02 0.00 0.00 0.00 0.00 0.00 0.00 0.00 0.00 0.00 0.00 0.00 0.00 0.00 0.00 0.00 0.00 0.00 0.00 0.00 0.00 0.00 0.00 0.00 0.00 0.00 0.00 0.00 0.00 0.00 0.00 0.00 0.00 0.00 0.00 0.00 0.00 0.00 0.00 0.02 0.07
7.63 7.10 6.57 6.05 5.53 5.03 4.53 4.06 3.62 3.23 2.87 2.55 2.27 2.02 1.79 1.60 1.43 1.28 1.16 1.07 0.99 0.94 0.90 0.87 0.85 0.83 0.81 0.79 0.78 0.76 0.74 0.72 0.70 0.67 0.64 0.59 0.54 0.47 0.39 0.29 0.18 0.07 0.00 0.00 0.00 0.00 0.00 0.00 0.00 0.00 0.00 0.00 0.00 0.00 0.00 0.00 0.00 0.00 0.00 0.00 0.00 0.00 0.00 0.00 0.00 0.00 0.00 0.00 0.00 0.00 0.00 0.00 0.00 0.00 0.00 0.00 0.00 0.00 0.00 0.00 0.01 0.04 0.08
7.64 7.12 6.60 6.08 5.57 5.07 4.59 4.12 3.67 3.27 2.90 2.58 2.30 2.04 1.83 1.64 1.48 1.34 1.22 1.13 1.06 1.01 0.97 0.93 0.90 0.87 0.84 0.82 0.79 0.76 0.74 0.71 0.68 0.64 0.61 0.56 0.50 0.43 0.35 0.25 0.14 0.04 0.00 0.00 0.00 0.00 0.00 0.00 0.00 0.00 0.00 0.00 0.00 0.00 0.00 0.00 0.00 0.00 0.00 0.00 0.00 0.00 0.00 0.00 0.00 0.00 0.00 0.00 0.00 0.00 0.00 0.00 0.00 0.00 0.00 0.00 0.00 0.00 0.00 0.00 0.02 0.06 0.10
7.62 7.11 6.59 6.09 5.58 5.10 4.62 4.16 3.72 3.31 2.94 2.61 2.32 2.07 1.86 1.68 1.52 1.39 1.28 1.20 1.13 1.07 1.02 0.98 0.94 0.90 0.87 0.83 0.80 0.76 0.73 0.69 0.66 0.62 0.57 0.52 0.47 0.40 0.31 0.22 0.11 0.00 0.00 0.00 0.00 0.00 0.00 0.00 0.00 0.00 0.00 0.00 0.00 0.00 0.00 0.00 0.00 0.00 0.00 0.00 0.00 0.00 0.00 0.00 0.00 0.00 0.00 0.00 0.00 0.00 0.00 0.00 0.00 0.00 0.00 0.00 0.00 0.00 0.00 0.01 0.04 0.08 0.12
7.59 7.08 6.57 6.07 5.58 5.10 4.63 4.18 3.75 3.35 2.97 2.64 2.35 2.10 1.89 1.72 1.57 1.45 1.34 1.26 1.19 1.13 1.07 1.02 0.97 0.93 0.88 0.84 0.80 0.76 0.72 0.68 0.63 0.59 0.54 0.49 0.43 0.36 0.28 0.18 0.08 0.00 0.00 0.00 0.00 0.00 0.00 0.00 0.00 0.00 0.00 0.00 0.00 0.00 0.00 0.00 0.00 0.00 0.00 0.00 0.00 0.00 0.00 0.00 0.00 0.00 0.00 0.00 0.00 0.00 0.00 0.00 0.00 0.00 0.00 0.00 0.00 0.00 0.00 0.03 0.06 0.10 0.14
7.53 7.03 6.53 6.04 5.55 5.08 4.62 4.19 3.77 3.37 3.01 2.67 2.38 2.13 1.92 1.76 1.62 1.50 1.40 1.32 1.24 1.17 1.11 1.05 1.00 0.94 0.89 0.85 0.80 0.75 0.71 0.66 0.61 0.56 0.51 0.45 0.39 0.32 0.25 0.16 0.05 0.00 0.00 0.00 0.00 0.00 0.00 0.00 0.00 0.00 0.00 0.00 0.00 0.00 0.00 0.00 0.00 0.00 0.00 0.00 0.00 0.00 0.00 0.00 0.00 0.00 0.00 0.00 0.00 0.00 0.00 0.00 0.00 0.00 0.00 0.00 0.00 0.00 0.01 0.04 0.08 0.12 0.16
7.46 6.97 6.47 5.99 5.51 5.05 4.60 4.17 3.76 3.38 3.02 2.70 2.41 2.16 1.96 1.80 1.66 1.55 1.45 1.36 1.28 1.21 1.14 1.07 1.01 0.96 0.90 0.85 0.80 0.75 0.70 0.64 0.59 0.54 0.48 0.42 0.36 0.29 0.22 0.13 0.03 0.00 0.00 0.00 0.00 0.00 0.00 0.00 0.00 0.00 0.00 0.00 0.00 0.00 0.00 0.00 0.00 0.00 0.00 0.00 0.00 0.00 0.00 0.00 0.00 0.00 0.00 0.00 0.00 0.00 0.00 0.00 0.00 0.00 0.00 0.00 0.00 0.00 0.02 0.06 0.09 0.13 0.17
7.37 6.89 6.40 5.93 5.46 5.00 4.57 4.15 3.75 3.37 3.03 2.71 2.43 2.19 1.99 1.83 1.71 1.60 1.49 1.40 1.31 1.23 1.16 1.09 1.02 0.96 0.90 0.85 0.79 0.74 0.69 0.63 0.58 0.52 0.46 0.40 0.34 0.27 0.20 0.11 0.02 0.00 0.00 0.00 0.00 0.00 0.00 0.00 0.00 0.00 0.00 0.00 0.00 0.00 0.00 0.00 0.00 0.00 0.00 0.00 0.00 0.00 0.00 0.00 0.00 0.00 0.00 0.00 0.00 0.00 0.00 0.00 0.00 0.00 0.00 0.00 0.00 0.01 0.04 0.07 0.10 0.14 0.18
7.28 6.80 6.32 5.85 5.39 4.95 4.52 4.11 3.72 3.35 3.02 2.72 2.45 2.21 2.02 1.87 1.75 1.63 1.53 1.43 1.34 1.25 1.18 1.10 1.03 0.97 0.91 0.85 0.79 0.73 0.68 0.62 0.57 0.51 0.45 0.39 0.32 0.26 0.18 0.10 0.02 0.00 0.00 0.00 0.00 0.00 0.00 0.00 0.00 0.00 0.00 0.00 0.00 0.00 0.00 0.00 0.00 0.00 0.00 0.00 0.00 0.00 0.00 0.00 0.00 0.00 0.00 0.00 0.00 0.00 0.00 0.00 0.00 0.00 0.00 0.00 0.00 0.02 0.05 0.08 0.11 0.15 0.19
7.17 6.70 6.23 5.77 5.32 4.88 4.46 4.06 3.68 3.33 3.00 2.71 2.45 2.23 2.05 1.91 1.78 1.66 1.55 1.45 1.36 1.27 1.19 1.11 1.04 0.97 0.91 0.85 0.79 0.73 0.68 0.62 0.56 0.51 0.45 0.39 0.32 0.25 0.18 0.11 0.02 0.00 0.00 0.00 0.00 0.00 0.00 0.00 0.00 0.00 0.00 0.00 0.00 0.00 0.00 0.00 0.00 0.00 0.00 0.00 0.00 0.00 0.00 0.00 0.00 0.00 0.00 0.00 0.00 0.00 0.00 0.00 0.00 0.00 0.00 0.00 0.00 0.03 0.05 0.08 0.12 0.15 0.19
7.05 6.58 6.12 5.67 5.23 4.80 4.39 4.00 3.63 3.28 2.97 2.69 2.44 2.23 2.07 1.95 1.83 1.70 1.59 1.49 1.39 1.30 1.21 1.13 1.06 0.99 0.92 0.86 0.80 0.74 0.68 0.63 0.57 0.51 0.45 0.39 0.33 0.26 0.19 0.11 0.03 0.00 0.00 0.00 0.00 0.00 0.00 0.00 0.00 0.00 0.00 0.00 0.00 0.00 0.00 0.00 0.00 0.00 0.00 0.00 0.00 0.00 0.00 0.00 0.00 0.00 0.00 0.00 0.00 0.00 0.00 0.00 0.00 0.00 0.00 0.00 0.01 0.03 0.06 0.09 0.12 0.15 0.19
6.91 6.45 6.00 5.55 5.12 4.70 4.30 3.92 3.56 3.23 2.92 2.65 2.42 2.22 2.08 1.99 1.89 1.77 1.65 1.54 1.44 1.34 1.26 1.17 1.10 1.02 0.95 0.89 0.82 0.76 0.70 0.64 0.59 0.53 0.47 0.40 0.34 0.27 0.20 0.13 0.05 0.00 0.00 0.00 0.00 0.00 0.00 0.00 0.00 0.00 0.00 0.00 0.00 0.00 0.00 0.00 0.00 0.00 0.00 0.00 0.00 0.00 0.00 0.00 0.00 0.00 0.00 0.00 0.00 0.00 0.00 0.00 0.00 0.00 0.00 0.00 0.02 0.04 0.06 0.09 0.12 0.15 0.19
6.75 6.30 5.86 5.42 5.00 4.59 4.19 3.82 3.47 3.15 2.86 2.60 2.38 2.21 2.10 2.03 1.95 1.85 1.74 1.62 1.51 1.41 1.32 1.23 1.15 1.07 1.00 0.93 0.86 0.80 0.73 0.67 0.61 0.55 0.48 0.42 0.35 0.29 0.21 0.14 0.06 0.00 0.00 0.00 0.00 0.00 0.00 0.00 0.00 0.00 0.00 0.00 0.00 0.00 0.00 0.00 0.00 0.00 0.00 0.00 0.00 0.00 0.00 0.00 0.00 0.00 0.00 0.00 0.00 0.00 0.00 0.00 0.00 0.00 0.00 0.00 0.02 0.04 0.07 0.09 0.12 0.15 0.18
6.58 6.14 5.70 5.27 4.86 4.46 4.07 3.71 3.37 3.06 2.78 2.54 2.35 2.21 2.12 2.07 2.01 1.93 1.83 1.72 1.61 1.50 1.40 1.30 1.22 1.13 1.05 0.98 0.91 0.84 0.77 0.70 0.64 0.57 0.51 0.44 0.37 0.30 0.23 0.16 0.08 0.01 0.00 0.00 0.00 0.00 0.00 0.00 0.00 0.00 0.00 0.00 0.00 0.00 0.00 0.00 0.00 0.00 0.00 0.00 0.00 0.00 0.00 0.00 0.00 0.00 0.00 0.00 0.00 0.00 0.00 0.00 0.00 0.00 0.00 0.01 0.03 0.05 0.07 0.09 0.12 0.15 0.18
