data_processed/recharge/precip/Precip_1992_06.asc
ncols        168
nrows        136
xllcorner    455000
yllcorner    2107000
cellsize     500
NODATA_value     -99999
[rows 34 to 67 of 136, columns 77 to 153 of 168]
47.13 47.59 47.99 48.34 48.65 48.91 49.13 49.32 49.48 49.62 49.75 49.86 49.98 50.17 50.44 50.79 51.23 51.75 52.35 53.02 53.76 54.55 55.39 56.28 57.21 58.18 59.17 60.11 60.84 61.33 61.61 61.69 61.61 61.38 61.03 60.59 60.07 59.50 58.92 58.38 57.93 57.57 57.33 57.28 57.42 57.75 58.27 58.98 59.86 60.92 62.15 63.54 65.10 66.81 68.62 70.48 72.38 74.33 76.31 78.33 80.37 82.44 84.52 86.61 88.72 90.82 92.92 95.00 97.04 99.04 100.96 102.81 104.56 106.19 107.69 109.04 110.22
47.07 47.49 47.86 48.18 48.45 48.69 48.89 49.06 49.20 49.33 49.44 49.54 49.63 49.75 49.94 50.23 50.61 51.08 51.63 52.25 52.95 53.70 54.51 55.38 56.28 57.22 58.19 59.12 59.83 60.30 60.54 60.59 60.47 60.20 59.80 59.30 58.72 58.09 57.43 56.76 56.16 55.67 55.37 55.27 55.36 55.65 56.12 56.78 57.61 58.62 59.80 61.15 62.66 64.32 66.08 67.89 69.75 71.65 73.59 75.57 77.57 79.60 81.65 83.71 85.78 87.85 89.92 91.98 94.01 96.00 97.94 99.79 101.55 103.21 104.73 106.11 107.34
47.13 47.51 47.85 48.13 48.38 48.58 48.76 48.90 49.03 49.13 49.23 49.32 49.40 49.50 49.62 49.84 50.15 50.56 51.05 51.62 52.26 52.97 53.74 54.56 55.43 56.34 57.28 58.19 58.87 59.30 59.50 59.51 59.33 59.00 58.55 57.98 57.33 56.63 55.88 55.13 54.42 53.87 53.52 53.37 53.42 53.65 54.08 54.69 55.48 56.44 57.57 58.87 60.33 61.95 63.66 65.43 67.25 69.11 71.01 72.94 74.91 76.90 78.91 80.94 82.98 85.02 87.07 89.10 91.12 93.11 95.04 96.90 98.67 100.34 101.89 103.30 104.56
47.31 47.65 47.94 48.19 48.40 48.58 48.72 48.85 48.95 49.04 49.12 49.19 49.27 49.36 49.47 49.62 49.85 50.19 50.61 51.11 51.69 52.35 53.06 53.83 54.66 55.53 56.43 57.30 57.94 58.33 58.48 58.43 58.20 57.80 57.27 56.63 55.91 55.11 54.28 53.46 52.74 52.17 51.78 51.58 51.59 51.78 52.16 52.72 53.47 54.38 55.47 56.72 58.14 59.71 61.38 63.10 64.88 66.70 68.56 70.46 72.39 74.35 76.33 78.32 80.33 82.34 84.36 86.38 88.38 90.35 92.27 94.13 95.91 97.60 99.17 100.61 101.90
47.58 47.88 48.13 48.34 48.52 48.66 48.78 48.88 48.95 49.02 49.08 49.14 49.21 49.31 49.42 49.55 49.72 49.97 50.31 50.74 51.25 51.83 52.49 53.20 53.97 54.78 55.64 56.46 57.05 57.38 57.48 57.36 57.06 56.59 55.98 55.26 54.44 53.55 52.65 51.83 51.13 50.57 50.15 49.92 49.87 50.02 50.36 50.88 51.58 52.45 53.50 54.71 56.08 57.60 59.23 60.91 62.65 64.43 66.25 68.12 70.01 71.94 73.88 75.85 77.83 79.82 81.81 83.80 85.78 87.74 89.65 91.51 93.30 94.99 96.58 98.04 99.36
47.93 48.19 48.40 48.57 48.71 48.82 48.91 48.98 49.03 49.07 49.11 49.17 49.24 49.34 49.45 49.58 49.72 49.89 50.15 50.49 50.92 51.43 52.01 52.65 53.35 54.11 54.91 55.68 56.21 56.47 56.50 56.31 55.92 55.37 54.67 53.85 52.93 51.97 51.08 50.28 49.60 49.05 48.63 48.37 48.28 48.39 48.69 49.17 49.82 50.65 51.66 52.82 54.15 55.64 57.22 58.86 60.56 62.30 64.09 65.92 67.79 69.68 71.60 73.53 75.49 77.46 79.43 81.39 83.35 85.28 87.19 89.04 90.82 92.52 94.12 95.60 96.95
48.36 48.57 48.74 48.87 48.97 49.04 49.10 49.13 49.16 49.18 49.21 49.27 49.34 49.44 49.55 49.67 49.81 49.95 50.12 50.37 50.71 51.13 51.63 52.19 52.82 53.50 54.23 54.93 55.39 55.59 55.53 55.26 54.78 54.13 53.33 52.41 51.42 50.47 49.60 48.83 48.16 47.62 47.20 46.93 46.82 46.89 47.14 47.58 48.20 48.99 49.95 51.08 52.37 53.81 55.35 56.96 58.62 60.33 62.08 63.88 65.71 67.57 69.46 71.38 73.31 75.26 77.21 79.15 81.09 83.00 84.88 86.72 88.50 90.21 91.82 93.31 94.68
48.85 49.00 49.13 49.21 49.28 49.31 49.33 49.34 49.33 49.34 49.37 49.43 49.50 49.59 49.70 49.82 49.94 50.08 50.21 50.38 50.61 50.94 51.34 51.81 52.36 52.96 53.61 54.24 54.62 54.73 54.58 54.21 53.64 52.88 51.98 50.98 49.99 49.08 48.24 47.48 46.83 46.29 45.88 45.61 45.48 45.52 45.73 46.13 46.71 47.46 48.39 49.47 50.72 52.13 53.63 55.20 56.82 58.50 60.22 61.99 63.79 65.63 67.49 69.39 71.30 73.23 75.16 77.09 79.00 80.89 82.75 84.57 86.35 88.05 89.66 91.17 92.56
49.37 49.48 49.56 49.60 49.62 49.62 49.60 49.57 49.55 49.56 49.59 49.64 49.71 49.80 49.90 50.01 50.12 50.24 50.37 50.49 50.63 50.85 51.15 51.52 51.97 52.48 53.05 53.59 53.88 53.89 53.65 53.17 52.49 51.62 50.63 49.65 48.70 47.82 47.00 46.27 45.63 45.10 44.69 44.40 44.26 44.28 44.46 44.82 45.37 46.08 46.96 48.02 49.23 50.59 52.06 53.60 55.19 56.83 58.52 60.26 62.03 63.85 65.70 67.58 69.47 71.38 73.29 75.20 77.09 78.96 80.80 82.60 84.36 86.05 87.67 89.18 90.58
49.93 49.99 50.01 50.01 49.99 49.94 49.89 49.84 49.82 49.83 49.85 49.90 49.96 50.04 50.13 50.23 50.33 50.44 50.54 50.65 50.74 50.86 51.05 51.31 51.65 52.06 52.53 52.98 53.17 53.08 52.72 52.13 51.33 50.38 49.41 48.47 47.56 46.71 45.92 45.20 44.58 44.05 43.63 43.34 43.19 43.18 43.33 43.66 44.16 44.84 45.69 46.71 47.88 49.22 50.65 52.15 53.71 55.32 56.98 58.69 60.45 62.25 64.08 65.94 67.82 69.71 71.60 73.49 75.36 77.21 79.03 80.82 82.55 84.23 85.84 87.36 88.77
50.51 50.51 50.48 50.43 50.36 50.28 50.20 50.15 50.13 50.13 50.15 50.19 50.24 50.31 50.39 50.47 50.56 50.65 50.73 50.82 50.89 50.96 51.04 51.19 51.41 51.71 52.07 52.41 52.49 52.28 51.81 51.10 50.21 49.28 48.36 47.46 46.59 45.77 45.00 44.30 43.68 43.16 42.74 42.43 42.26 42.23 42.36 42.65 43.11 43.76 44.57 45.55 46.70 47.99 49.39 50.86 52.39 53.97 55.61 57.30 59.04 60.82 62.64 64.49 66.35 68.22 70.10 71.97 73.82 75.66 77.46 79.22 80.94 82.60 84.20 85.72 87.13
51.09 51.04 50.96 50.86 50.74 50.63 50.55 50.50 50.47 50.46 50.47 50.50 50.54 50.60 50.66 50.72 50.79 50.86 50.93 50.98 51.04 51.07 51.10 51.14 51.24 51.41 51.66 51.88 51.84 51.51 50.91 50.11 49.25 48.37 47.50 46.64 45.81 45.01 44.26 43.58 42.97 42.44 42.02 41.70 41.51 41.46 41.55 41.80 42.22 42.83 43.61 44.56 45.67 46.93 48.30 49.74 51.23 52.79 54.41 56.09 57.82 59.59 61.39 63.22 65.07 66.93 68.79 70.64 72.48 74.30 76.08 77.83 79.53 81.17 82.75 84.25 85.67
51.66 51.55 51.42 51.27 51.12 51.01 50.92 50.86 50.82 50.81 50.81 50.82 50.85 50.89 50.93 50.98 51.02 51.07 51.11 51.14 51.17 51.18 51.17 51.15 51.13 51.18 51.29 51.39 51.22 50.76 50.07 49.30 48.49 47.67 46.84 46.02 45.22 44.45 43.72 43.05 42.45 41.92 41.49 41.16 40.95 40.87 40.93 41.14 41.51 42.07 42.81 43.72 44.80 46.03 47.37 48.78 50.25 51.79 53.40 55.07 56.78 58.54 60.33 62.15 63.98 65.83 67.67 69.51 71.34 73.14 74.91 76.64 78.32 79.94 81.50 82.99 84.40
52.22 52.04 51.85 51.67 51.52 51.40 51.31 51.24 51.19 51.16 51.14 51.14 51.15 51.17 51.19 51.22 51.24 51.26 51.28 51.28 51.27 51.25 51.21 51.15 51.07 51.00 50.98 50.94 50.63 50.08 49.42 48.71 47.96 47.19 46.41 45.63 44.85 44.11 43.40 42.74 42.14 41.61 41.17 40.83 40.60 40.48 40.51 40.68 41.00 41.50 42.18 43.05 44.10 45.31 46.62 48.00 49.45 50.99 52.58 54.24 55.94 57.69 59.47 61.28 63.10 64.93 66.76 68.59 70.40 72.18 73.94 75.65 77.31 78.92 80.47 81.94 83.33
52.73 52.50 52.28 52.09 51.93 51.80 51.69 51.61 51.55 51.50 51.47 51.45 51.44 51.44 51.44 51.44 51.44 51.43 51.41 51.39 51.35 51.29 51.22 51.12 51.00 50.85 50.70 50.52 50.12 49.60 49.01 48.36 47.67 46.95 46.21 45.47 44.73 44.00 43.31 42.66 42.06 41.53 41.08 40.72 40.46 40.32 40.31 40.43 40.71 41.15 41.77 42.58 43.58 44.75 46.04 47.40 48.85 50.37 51.96 53.61 55.30 57.04 58.81 60.60 62.42 64.24 66.06 67.87 69.66 71.44 73.18 74.88 76.53 78.12 79.65 81.10 82.48
53.19 52.94 52.71 52.51 52.34 52.20 52.08 51.98 51.90 51.84 51.79 51.75 51.72 51.69 51.66 51.63 51.60 51.56 51.51 51.45 51.38 51.29 51.17 51.03 50.87 50.68 50.46 50.19 49.83 49.38 48.86 48.27 47.64 46.96 46.27 45.55 44.84 44.14 43.46 42.82 42.23 41.69 41.23 40.85 40.57 40.39 40.34 40.42 40.65 41.03 41.58 42.32 43.25 44.37 45.64 47.00 48.44 49.95 51.54 53.17 54.86 56.59 58.35 60.13 61.94 63.75 65.56 67.36 69.14 70.90 72.63 74.31 75.95 77.53 79.04 80.49 81.84
53.55 53.50 53.28 53.06 52.88 52.71 52.58 52.46 52.35 52.27 52.19 52.12 52.06 52.00 51.94 51.87 51.80 51.73 51.64 51.54 51.42 51.28 51.12 50.94 50.72 50.48 50.22 49.96 49.67 49.29 48.84 48.32 47.74 47.12 46.46 45.78 45.10 44.42 43.76 43.13 42.53 42.00 41.52 41.13 40.82 40.62 40.53 40.56 40.74 41.06 41.55 42.22 43.06 44.10 45.31 46.67 48.11 49.62 51.20 52.83 54.52 56.24 58.00 59.77 61.57 63.37 65.18 66.97 68.75 70.50 72.22 73.90 75.52 77.09 78.60 80.03 81.37
53.80 54.12 54.08 53.86 53.65 53.46 53.29 53.13 53.00 52.87 52.75 52.64 52.54 52.44 52.33 52.22 52.10 51.98 51.84 51.68 51.51 51.32 51.10 50.86 50.58 50.30 50.03 49.78 49.51 49.20 48.82 48.36 47.84 47.27 46.66 46.03 45.38 44.72 44.08 43.46 42.87 42.34 41.85 41.44 41.12 40.89 40.76 40.76 40.89 41.16 41.59 42.18 42.94 43.86 44.98 46.30 47.74 49.26 50.84 52.47 54.16 55.89 57.64 59.43 61.22 63.03 64.83 66.62 68.40 70.15 71.87 73.54 75.17 76.74 78.24 79.66 81.00
53.93 54.63 54.94 54.88 54.64 54.41 54.19 53.99 53.81 53.63 53.47 53.31 53.15 52.99 52.83 52.66 52.48 52.29 52.09 51.87 51.63 51.37 51.08 50.77 50.44 50.15 49.90 49.65 49.39 49.10 48.78 48.39 47.94 47.42 46.86 46.27 45.66 45.03 44.41 43.81 43.23 42.70 42.21 41.79 41.45 41.19 41.04 41.00 41.08 41.30 41.67 42.18 42.84 43.66 44.68 45.92 47.33 48.86 50.45 52.10 53.79 55.53 57.30 59.09 60.89 62.70 64.51 66.32 68.10 69.86 71.58 73.26 74.89 76.46 77.97 79.40 80.74
53.95 54.99 55.64 55.90 55.80 55.54 55.26 55.01 54.76 54.53 54.30 54.07 53.85 53.62 53.39 53.15 52.90 52.64 52.36 52.07 51.75 51.41 51.04 50.67 50.34 50.06 49.81 49.57 49.31 49.03 48.73 48.40 48.01 47.56 47.05 46.50 45.93 45.34 44.75 44.16 43.60 43.07 42.59 42.16 41.80 41.53 41.35 41.27 41.32 41.49 41.79 42.21 42.77 43.50 44.43 45.58 46.93 48.44 50.04 51.71 53.42 55.18 56.96 58.77 60.59 62.41 64.24 66.05 67.85 69.62 71.36 73.05 74.69 76.28 77.79 79.23 80.60
53.87 55.21 56.18 56.75 56.95 56.79 56.47 56.15 55.83 55.52 55.22 54.92 54.61 54.31 54.00 53.67 53.34 52.99 52.63 52.24 51.83 51.40 50.97 50.59 50.28 50.01 49.77 49.53 49.27 48.99 48.70 48.39 48.06 47.66 47.21 46.72 46.19 45.64 45.07 44.51 43.97 43.45 42.97 42.54 42.17 41.88 41.68 41.58 41.58 41.69 41.91 42.24 42.72 43.37 44.22 45.29 46.57 48.03 49.63 51.32 53.05 54.83 56.64 58.47 60.31 62.16 64.01 65.84 67.66 69.45 71.21 72.92 74.59 76.19 77.72 79.19 80.59
53.70 55.32 56.55 57.41 57.89 58.00 57.77 57.38 56.98 56.59 56.20 55.81 55.42 55.02 54.61 54.20 53.77 53.32 52.86 52.37 51.86 51.36 50.92 50.56 50.26 50.00 49.76 49.53 49.27 49.00 48.70 48.40 48.08 47.74 47.35 46.91 46.43 45.92 45.39 44.86 44.33 43.83 43.35 42.93 42.55 42.25 42.03 41.89 41.85 41.89 42.03 42.29 42.70 43.26 44.04 45.05 46.27 47.67 49.23 50.92 52.69 54.50 56.34 58.20 60.07 61.95 63.83 65.70 67.54 69.36 71.15 72.89 74.57 76.20 77.77 79.27 80.72
53.45 55.30 56.78 57.88 58.61 58.97 58.98 58.67 58.19 57.70 57.21 56.72 56.23 55.73 55.21 54.69 54.16 53.60 53.02 52.43 51.84 51.33 50.91 50.57 50.28 50.03 49.80 49.56 49.31 49.03 48.74 48.43 48.12 47.80 47.46 47.07 46.64 46.18 45.68 45.18 44.68 44.20 43.73 43.31 42.94 42.62 42.38 42.21 42.10 42.07 42.15 42.35 42.69 43.19 43.90 44.85 46.02 47.38 48.90 50.57 52.35 54.19 56.07 57.97 59.88 61.80 63.71 65.61 67.49 69.35 71.17 72.94 74.66 76.33 77.93 79.47 80.95
53.12 55.18 56.87 58.18 59.12 59.71 59.94 59.83 59.40 58.82 58.22 57.62 57.01 56.40 55.77 55.13 54.47 53.79 53.10 52.41 51.82 51.33 50.93 50.60 50.33 50.08 49.86 49.63 49.38 49.10 48.81 48.50 48.18 47.86 47.53 47.20 46.82 46.40 45.95 45.49 45.01 44.55 44.10 43.69 43.31 42.99 42.72 42.49 42.33 42.25 42.27 42.41 42.69 43.13 43.79 44.69 45.82 47.14 48.63 50.28 52.05 53.92 55.84 57.78 59.74 61.70 63.65 65.60 67.52 69.42 71.28 73.10 74.86 76.56 78.19 79.76 81.28
52.72 54.96 56.82 58.31 59.44 60.21 60.63 60.71 60.47 59.91 59.21 58.48 57.75 57.01 56.25 55.48 54.69 53.88 53.09 52.40 51.83 51.37 50.99 50.67 50.40 50.17 49.95 49.72 49.47 49.19 48.89 48.58 48.26 47.94 47.61 47.29 46.96 46.59 46.19 45.76 45.32 44.88 44.45 44.05 43.68 43.33 43.02 42.75 42.54 42.41 42.39 42.48 42.71 43.10 43.71 44.57 45.66 46.95 48.43 50.06 51.82 53.69 55.65 57.64 59.65 61.66 63.67 65.67 67.64 69.59 71.50 73.36 75.15 76.88 78.54 80.15 81.70
52.28 54.65 56.65 58.29 59.56 60.49 61.07 61.31 61.22 60.82 60.12 59.28 58.40 57.52 56.63 55.71 54.78 53.87 53.08 52.42 51.87 51.43 51.06 50.76 50.50 50.28 50.06 49.83 49.58 49.30 49.00 48.69 48.37 48.04 47.71 47.38 47.06 46.74 46.38 45.99 45.59 45.18 44.77 44.38 44.00 43.62 43.27 42.97 42.72 42.56 42.49 42.55 42.73 43.08 43.65 44.48 45.55 46.82 48.28 49.91 51.67 53.55 55.52 57.56 59.63 61.70 63.76 65.82 67.85 69.85 71.81 73.70 75.52 77.28 78.97 80.61 82.19
51.78 54.25 56.37 58.12 59.51 60.55 61.25 61.62 61.66 61.39 60.82 59.96 58.95 57.92 56.87 55.80 54.76 53.85 53.08 52.45 51.93 51.50 51.16 50.87 50.62 50.40 50.19 49.96 49.71 49.43 49.13 48.81 48.48 48.15 47.81 47.48 47.15 46.84 46.52 46.18 45.82 45.44 45.05 44.66 44.25 43.86 43.48 43.15 42.88 42.68 42.59 42.61 42.76 43.07 43.62 44.42 45.47 46.73 48.19 49.82 51.59 53.49 55.48 57.55 59.67 61.81 63.94 66.06 68.16 70.21 72.20 74.11 75.96 77.75 79.47 81.13 82.74
51.24 53.79 55.98 57.80 59.28 60.41 61.20 61.66 61.80 61.63 61.15 60.39 59.35 58.16 56.95 55.77 54.73 53.85 53.11 52.50 52.00 51.60 51.27 50.99 50.76 50.54 50.33 50.10 49.84 49.56 49.26 48.94 48.61 48.27 47.93 47.59 47.25 46.93 46.62 46.32 46.00 45.65 45.27 44.87 44.45 44.03 43.64 43.29 43.00 42.79 42.67 42.66 42.79 43.08 43.60 44.39 45.43 46.69 48.15 49.79 51.58 53.51 55.53 57.64 59.81 62.01 64.21 66.40 68.55 70.64 72.65 74.59 76.46 78.27 80.01 81.70 83.34
50.68 53.26 55.49 57.36 58.88 60.06 60.91 61.43 61.64 61.53 61.13 60.43 59.45 58.22 56.90 55.71 54.70 53.86 53.15 52.57 52.09 51.70 51.39 51.12 50.90 50.69 50.48 50.25 49.99 49.70 49.40 49.07 48.74 48.39 48.04 47.69 47.35 47.02 46.71 46.41 46.12 45.79 45.41 45.00 44.57 44.15 43.75 43.39 43.09 42.86 42.73 42.71 42.82 43.09 43.60 44.38 45.42 46.69 48.17 49.83 51.64 53.60 55.66 57.82 60.04 62.30 64.58 66.83 69.01 71.11 73.14 75.10 76.99 78.82 80.59 82.31 83.96
50.10 52.68 54.92 56.80 58.34 59.53 60.40 60.95 61.18 61.11 60.75 60.09 59.16 58.01 56.80 55.66 54.69 53.87 53.20 52.64 52.19 51.82 51.51 51.26 51.04 50.84 50.63 50.40 50.13 49.85 49.53 49.21 48.86 48.51 48.16 47.80 47.45 47.11 46.78 46.47 46.16 45.83 45.45 45.05 44.62 44.20 43.80 43.44 43.13 42.90 42.77 42.74 42.85 43.11 43.61 44.40 45.44 46.73 48.23 49.91 51.77 53.76 55.88 58.09 60.37 62.70 65.03 67.30 69.50 71.62 73.67 75.64 77.56 79.41 81.19 82.93 84.61
49.50 52.06 54.27 56.13 57.64 58.83 59.68 60.22 60.45 60.38 60.02 59.37 58.51 57.57 56.60 55.61 54.68 53.90 53.25 52.72 52.28 51.93 51.64 51.40 51.19 50.99 50.78 50.54 50.28 49.99 49.67 49.33 48.98 48.63 48.26 47.90 47.54 47.19 46.85 46.50 46.14 45.78 45.41 45.01 44.60 44.19 43.80 43.44 43.14 42.92 42.78 42.76 42.87 43.13 43.63 44.43 45.49 46.80 48.33 50.05 51.95 54.00 56.17 58.44 60.79 63.17 65.51 67.80 70.01 72.15 74.21 76.20 78.13 80.00 81.80 83.56 85.25
48.90 51.40 53.55 55.35 56.81 57.95 58.76 59.26 59.45 59.34 58.95 58.34 57.66 56.96 56.23 55.46 54.67 53.92 53.30 52.79 52.38 52.04 51.77 51.54 51.33 51.13 50.92 50.68 50.42 50.12 49.80 49.45 49.10 48.73 48.36 47.99 47.62 47.25 46.87 46.48 46.08 45.67 45.28 44.89 44.50 44.10 43.73 43.39 43.10 42.89 42.77 42.76 42.87 43.14 43.66 44.48 45.57 46.91 48.47 50.24 52.19 54.29 56.53 58.88 61.28 63.66 66.01 68.30 70.53 72.68 74.76 76.77 78.71 80.59 82.41 84.18 85.89
48.31 50.71 52.76 54.48 55.85 56.91 57.64 58.06 58.18 58.01 57.62 57.17 56.70 56.21 55.70 55.15 54.56 53.93 53.34 52.86 52.46 52.15 51.88 51.66 51.46 51.27 51.05 50.81 50.54 50.24 49.91 49.56 49.20 48.82 48.44 48.06 47.67 47.27 46.85 46.40 45.96 45.52 45.09 44.69 44.31 43.95 43.60 43.28 43.02 42.83 42.73 42.74 42.87 43.16 43.70 44.54 45.66 47.04 48.65 50.48 52.49 54.66 56.97 59.36 61.76 64.14 66.48 68.78 71.03 73.20 75.30 77.32 79.27 81.16 83.00 84.77 86.50
47.74 50.00 51.93 53.52 54.78 55.71 56.33 56.65 56.66 56.46 56.20 55.94 55.66 55.36 55.04 54.69 54.29 53.85 53.37 52.92 52.54 52.24 51.99 51.78 51.58 51.39 51.17 50.93 50.65 50.34 50.00 49.65 49.27 48.89 48.50 48.10 47.68 47.23 46.76 46.27 45.79 45.31 44.86 44.44 44.06 43.71 43.40 43.11 42.88 42.72 42.65 42.69 42.85 43.16 43.73 44.60 45.77 47.20 48.87 50.75 52.83 55.08 57.43 59.82 62.20 64.57 66.92 69.22 71.48 73.68 75.80 77.84 79.80 81.70 83.55 85.34 87.08
