data_processed/recharge/precip/Precip_2007_01.asc
ncols        168
nrows        136
xllcorner    455000
yllcorner    2107000
cellsize     500
NODATA_value     -99999
[rows 36 to 71 of 136, columns 0 to 82 of 168]
30.91 30.98 30.83 30.59 30.28 29.91 29.47 28.97 28.42 27.81 27.16 26.47 25.74 24.97 24.18 23.36 22.51 21.65 20.78 19.89 19.00 18.12 17.29 16.50 15.73 14.96 14.18 13.39 12.58 11.77 10.96 10.15 9.34 8.55 7.78 7.03 6.31 5.62 4.98 4.38 3.82 3.33 2.90 2.53 2.23 2.02 1.89 1.87 1.98 2.19 2.44 2.74 3.06 3.40 3.75 4.10 4.46 4.81 5.16 5.50 5.82 6.12 6.40 6.65 6.87 7.05 7.19 7.28 7.32 7.31 7.24 7.11 6.92 6.68 6.40 6.10 5.80 5.52 5.24 4.99 4.76 4.55 4.36
31.23 31.55 31.51 31.26 30.93 30.53 30.07 29.54 28.96 28.32 27.63 26.90 26.13 25.32 24.48 23.61 22.71 21.80 20.87 19.92 18.99 18.10 17.26 16.47 15.69 14.91 14.12 13.33 12.53 11.73 10.91 10.10 9.30 8.50 7.72 6.97 6.24 5.54 4.88 4.26 3.70 3.18 2.73 2.34 2.01 1.78 1.64 1.63 1.73 1.93 2.17 2.46 2.78 3.12 3.47 3.83 4.19 4.54 4.90 5.24 5.56 5.86 6.15 6.40 6.62 6.80 6.94 7.04 7.08 7.07 7.01 6.89 6.71 6.49 6.22 5.95 5.67 5.39 5.12 4.86 4.63 4.43 4.24
31.39 31.95 32.14 31.99 31.64 31.20 30.70 30.13 29.51 28.83 28.09 27.31 26.49 25.63 24.73 23.80 22.84 21.87 20.87 19.87 18.93 18.05 17.21 16.41 15.63 14.84 14.04 13.25 12.45 11.65 10.85 10.04 9.23 8.44 7.66 6.90 6.16 5.46 4.79 4.16 3.57 3.04 2.57 2.16 1.82 1.59 1.46 1.44 1.54 1.72 1.96 2.23 2.54 2.88 3.23 3.59 3.95 4.31 4.66 5.00 5.33 5.63 5.91 6.16 6.38 6.57 6.71 6.80 6.85 6.84 6.78 6.68 6.52 6.31 6.07 5.81 5.55 5.28 5.02 4.77 4.54 4.33 4.15
31.40 32.17 32.58 32.63 32.35 31.89 31.34 30.73 30.05 29.31 28.52 27.69 26.80 25.87 24.91 23.91 22.89 21.83 20.78 19.78 18.85 17.97 17.14 16.34 15.55 14.75 13.95 13.14 12.34 11.54 10.75 9.95 9.15 8.36 7.58 6.82 6.08 5.37 4.69 4.05 3.46 2.91 2.42 2.00 1.67 1.45 1.33 1.31 1.40 1.57 1.80 2.06 2.36 2.68 3.03 3.39 3.75 4.10 4.45 4.79 5.12 5.42 5.70 5.95 6.17 6.35 6.49 6.58 6.63 6.62 6.58 6.48 6.34 6.15 5.92 5.68 5.44 5.19 4.94 4.70 4.47 4.27 4.08
31.27 32.23 32.83 33.07 32.97 32.56 31.97 31.29 30.56 29.76 28.90 27.99 27.04 26.04 25.00 23.92 22.82 21.70 20.65 19.67 18.75 17.88 17.05 16.25 15.45 14.65 13.84 13.03 12.22 11.42 10.62 9.83 9.04 8.25 7.48 6.72 5.98 5.27 4.59 3.94 3.34 2.79 2.29 1.89 1.58 1.36 1.25 1.23 1.31 1.47 1.68 1.93 2.22 2.53 2.87 3.22 3.58 3.93 4.28 4.61 4.93 5.23 5.51 5.75 5.97 6.15 6.28 6.37 6.42 6.42 6.39 6.30 6.17 6.00 5.79 5.57 5.34 5.11 4.87 4.65 4.43 4.22 4.05
31.01 32.14 32.89 33.30 33.36 33.10 32.54 31.81 31.01 30.13 29.20 28.22 27.18 26.10 24.97 23.81 22.64 21.52 20.49 19.53 18.63 17.77 16.94 16.14 15.34 14.53 13.72 12.90 12.08 11.27 10.47 9.69 8.91 8.13 7.36 6.61 5.87 5.16 4.48 3.83 3.23 2.67 2.20 1.82 1.53 1.32 1.21 1.19 1.27 1.41 1.61 1.85 2.12 2.43 2.75 3.09 3.44 3.78 4.13 4.46 4.77 5.07 5.34 5.58 5.78 5.96 6.09 6.18 6.23 6.24 6.21 6.14 6.02 5.86 5.67 5.46 5.25 5.03 4.82 4.60 4.40 4.20 4.03
30.64 31.89 32.78 33.32 33.52 33.40 32.97 32.26 31.38 30.42 29.41 28.33 27.20 26.03 24.81 23.57 22.40 21.32 20.32 19.38 18.49 17.64 16.82 16.02 15.21 14.40 13.58 12.76 11.94 11.12 10.32 9.53 8.75 7.99 7.23 6.49 5.76 5.05 4.37 3.72 3.12 2.60 2.15 1.79 1.52 1.33 1.22 1.20 1.26 1.40 1.58 1.81 2.07 2.36 2.67 3.00 3.33 3.67 4.00 4.33 4.63 4.92 5.18 5.42 5.62 5.78 5.91 6.00 6.05 6.07 6.05 5.98 5.88 5.73 5.56 5.37 5.17 4.97 4.77 4.57 4.38 4.20 4.03
30.16 31.52 32.51 33.15 33.46 33.45 33.13 32.52 31.64 30.60 29.49 28.31 27.09 25.81 24.51 23.28 22.15 21.10 20.12 19.20 18.33 17.49 16.68 15.88 15.07 14.26 13.44 12.61 11.78 10.96 10.15 9.36 8.58 7.82 7.08 6.34 5.62 4.92 4.25 3.62 3.05 2.56 2.14 1.81 1.55 1.37 1.27 1.24 1.30 1.42 1.59 1.80 2.05 2.33 2.62 2.94 3.26 3.59 3.91 4.22 4.52 4.80 5.05 5.27 5.46 5.62 5.75 5.84 5.90 5.92 5.90 5.85 5.75 5.62 5.46 5.29 5.10 4.92 4.73 4.55 4.37 4.20 4.05
29.59 31.01 32.08 32.80 33.19 33.26 33.02 32.49 31.69 30.63 29.42 28.14 26.80 25.45 24.16 22.97 21.88 20.86 19.91 19.01 18.16 17.34 16.53 15.73 14.92 14.11 13.28 12.45 11.62 10.80 9.99 9.19 8.40 7.64 6.90 6.18 5.48 4.79 4.13 3.54 3.01 2.56 2.17 1.86 1.61 1.44 1.34 1.32 1.36 1.47 1.63 1.83 2.06 2.32 2.61 2.91 3.22 3.53 3.84 4.14 4.43 4.69 4.93 5.14 5.33 5.48 5.60 5.69 5.75 5.78 5.77 5.72 5.64 5.52 5.37 5.21 5.04 4.87 4.70 4.53 4.37 4.21 4.07
28.92 30.40 31.51 32.28 32.72 32.84 32.66 32.19 31.44 30.43 29.18 27.79 26.37 25.02 23.78 22.64 21.59 20.60 19.68 18.81 17.98 17.17 16.37 15.57 14.76 13.95 13.12 12.29 11.46 10.63 9.81 9.01 8.22 7.46 6.72 6.01 5.31 4.65 4.04 3.49 3.00 2.58 2.23 1.94 1.71 1.55 1.45 1.42 1.46 1.55 1.70 1.88 2.10 2.35 2.62 2.90 3.20 3.50 3.79 4.08 4.35 4.60 4.83 5.03 5.21 5.36 5.47 5.56 5.62 5.65 5.65 5.61 5.54 5.43 5.30 5.15 5.00 4.84 4.68 4.52 4.37 4.23 4.10
28.19 29.68 30.81 31.60 32.06 32.20 32.05 31.60 30.88 29.90 28.68 27.27 25.87 24.58 23.39 22.30 21.28 20.33 19.44 18.59 17.78 16.98 16.20 15.40 14.60 13.78 12.95 12.12 11.29 10.46 9.64 8.83 8.04 7.27 6.53 5.82 5.14 4.53 3.97 3.47 3.03 2.64 2.31 2.04 1.83 1.68 1.59 1.55 1.58 1.66 1.79 1.96 2.16 2.40 2.65 2.92 3.20 3.49 3.77 4.04 4.30 4.54 4.75 4.94 5.11 5.25 5.36 5.45 5.51 5.54 5.54 5.51 5.45 5.35 5.23 5.10 4.96 4.81 4.66 4.52 4.38 4.25 4.13
27.39 28.86 29.98 30.76 31.21 31.35 31.19 30.75 30.03 29.06 27.88 26.62 25.35 24.12 22.98 21.93 20.96 20.05 19.19 18.37 17.57 16.79 16.01 15.23 14.42 13.61 12.78 11.95 11.11 10.29 9.47 8.66 7.87 7.09 6.35 5.64 5.00 4.43 3.93 3.47 3.07 2.72 2.42 2.17 1.98 1.83 1.74 1.70 1.72 1.78 1.90 2.05 2.24 2.46 2.70 2.96 3.23 3.50 3.76 4.02 4.26 4.49 4.69 4.87 5.02 5.16 5.27 5.35 5.41 5.44 5.45 5.42 5.37 5.29 5.18 5.06 4.93 4.79 4.66 4.52 4.39 4.27 4.17
26.53 27.96 29.04 29.78 30.20 30.31 30.12 29.64 28.90 27.94 26.91 25.84 24.75 23.64 22.56 21.56 20.62 19.75 18.92 18.13 17.36 16.59 15.83 15.05 14.24 13.43 12.60 11.77 10.94 10.11 9.29 8.48 7.69 6.92 6.18 5.50 4.90 4.37 3.90 3.50 3.13 2.82 2.54 2.32 2.14 2.00 1.91 1.87 1.87 1.93 2.02 2.16 2.34 2.54 2.77 3.01 3.26 3.52 3.77 4.01 4.24 4.45 4.64 4.81 4.96 5.08 5.19 5.27 5.33 5.36 5.37 5.35 5.30 5.23 5.13 5.02 4.90 4.78 4.66 4.53 4.41 4.31 4.21
25.64 26.99 28.00 28.68 29.03 29.07 28.82 28.29 27.54 26.70 25.84 24.95 24.04 23.09 22.11 21.17 20.28 19.44 18.65 17.88 17.13 16.39 15.63 14.86 14.06 13.25 12.43 11.60 10.77 9.94 9.12 8.31 7.52 6.76 6.05 5.42 4.85 4.35 3.91 3.54 3.21 2.93 2.68 2.48 2.31 2.18 2.10 2.05 2.04 2.08 2.16 2.29 2.45 2.63 2.84 3.07 3.31 3.54 3.78 4.01 4.22 4.43 4.61 4.77 4.91 5.02 5.12 5.20 5.25 5.29 5.30 5.29 5.25 5.18 5.10 5.00 4.89 4.78 4.66 4.55 4.44 4.34 4.25
24.70 25.96 26.87 27.45 27.71 27.66 27.32 26.75 26.10 25.42 24.72 23.99 23.23 22.44 21.62 20.76 19.92 19.13 18.37 17.63 16.90 16.18 15.44 14.67 13.88 13.07 12.25 11.42 10.60 9.77 8.96 8.15 7.37 6.64 5.98 5.38 4.84 4.37 3.95 3.60 3.31 3.05 2.84 2.65 2.50 2.38 2.29 2.24 2.22 2.24 2.31 2.42 2.56 2.73 2.92 3.13 3.35 3.58 3.80 4.01 4.21 4.40 4.58 4.73 4.87 4.98 5.07 5.14 5.20 5.23 5.24 5.23 5.20 5.15 5.07 4.98 4.89 4.78 4.68 4.57 4.47 4.38 4.30
23.75 24.88 25.66 26.11 26.25 26.08 25.67 25.18 24.67 24.13 23.57 22.98 22.37 21.72 21.03 20.31 19.56 18.80 18.08 17.37 16.67 15.96 15.24 14.48 13.69 12.89 12.07 11.25 10.43 9.61 8.79 8.00 7.26 6.57 5.95 5.38 4.88 4.43 4.04 3.70 3.42 3.19 2.99 2.83 2.69 2.58 2.49 2.43 2.40 2.40 2.46 2.55 2.67 2.83 3.01 3.20 3.40 3.61 3.81 4.01 4.20 4.38 4.55 4.70 4.84 4.95 5.04 5.10 5.15 5.19 5.20 5.19 5.17 5.12 5.06 4.98 4.89 4.79 4.70 4.60 4.51 4.43 4.35
22.78 23.75 24.38 24.68 24.66 24.40 24.05 23.68 23.29 22.88 22.44 21.98 21.48 20.95 20.39 19.79 19.15 18.47 17.79 17.11 16.43 15.75 15.04 14.29 13.51 12.71 11.90 11.09 10.27 9.45 8.65 7.90 7.20 6.56 5.97 5.44 4.96 4.53 4.16 3.83 3.56 3.33 3.15 3.01 2.88 2.77 2.69 2.62 2.58 2.57 2.60 2.68 2.79 2.93 3.09 3.26 3.45 3.64 3.82 4.01 4.19 4.36 4.53 4.67 4.81 4.92 5.01 5.08 5.12 5.15 5.17 5.17 5.14 5.10 5.05 4.98 4.90 4.81 4.72 4.63 4.55 4.48 4.41
21.81 22.59 23.04 23.15 23.01 22.79 22.54 22.28 22.00 21.69 21.36 21.00 20.61 20.19 19.73 19.23 18.69 18.11 17.49 16.85 16.20 15.53 14.84 14.10 13.33 12.54 11.73 10.93 10.11 9.31 8.55 7.85 7.19 6.59 6.04 5.53 5.08 4.67 4.31 4.00 3.73 3.51 3.32 3.18 3.07 2.97 2.89 2.81 2.76 2.73 2.75 2.80 2.90 3.02 3.16 3.32 3.48 3.65 3.83 4.00 4.17 4.34 4.49 4.64 4.77 4.89 4.98 5.05 5.10 5.13 5.15 5.15 5.13 5.10 5.05 4.99 4.91 4.83 4.75 4.67 4.60 4.53 4.47
20.85 21.41 21.64 21.61 21.49 21.35 21.19 21.02 20.82 20.60 20.36 20.09 19.79 19.45 19.08 18.66 18.21 17.71 17.17 16.58 15.96 15.32 14.64 13.92 13.15 12.37 11.57 10.77 9.98 9.22 8.51 7.85 7.24 6.67 6.15 5.67 5.24 4.85 4.50 4.20 3.93 3.71 3.52 3.37 3.25 3.16 3.07 3.00 2.93 2.88 2.88 2.92 2.99 3.10 3.22 3.35 3.50 3.65 3.81 3.98 4.14 4.30 4.45 4.60 4.73 4.85 4.95 5.03 5.09 5.12 5.14 5.14 5.13 5.10 5.06 5.00 4.94 4.86 4.79 4.72 4.66 4.60 4.54
19.90 20.23 20.28 20.23 20.18 20.11 20.03 19.93 19.80 19.65 19.48 19.28 19.04 18.77 18.47 18.12 17.74 17.31 16.83 16.30 15.72 15.10 14.45 13.74 12.98 12.21 11.42 10.64 9.89 9.18 8.52 7.90 7.33 6.80 6.30 5.85 5.44 5.06 4.73 4.43 4.16 3.93 3.73 3.57 3.44 3.34 3.25 3.17 3.08 3.02 3.00 3.02 3.08 3.16 3.25 3.37 3.50 3.64 3.79 3.94 4.10 4.25 4.40 4.55 4.68 4.80 4.91 5.00 5.07 5.12 5.14 5.14 5.13 5.11 5.07 5.02 4.97 4.90 4.84 4.79 4.73 4.68 4.63
18.99 19.10 19.12 19.14 19.14 19.12 19.09 19.04 18.97 18.88 18.75 18.60 18.42 18.20 17.94 17.65 17.31 16.93 16.50 16.02 15.48 14.90 14.26 13.56 12.82 12.05 11.29 10.55 9.86 9.20 8.58 8.01 7.47 6.97 6.50 6.07 5.67 5.31 4.98 4.68 4.42 4.18 3.97 3.79 3.64 3.52 3.41 3.32 3.22 3.14 3.10 3.10 3.13 3.19 3.27 3.37 3.48 3.60 3.74 3.89 4.03 4.18 4.33 4.48 4.62 4.74 4.86 4.96 5.04 5.10 5.14 5.15 5.14 5.13 5.10 5.05 5.00 4.96 4.91 4.87 4.82 4.78 4.74
18.18 18.25 18.30 18.35 18.39 18.41 18.41 18.40 18.36 18.30 18.21 18.09 17.94 17.76 17.53 17.27 16.96 16.61 16.21 15.76 15.25 14.69 14.08 13.40 12.66 11.92 11.20 10.52 9.88 9.27 8.70 8.16 7.66 7.18 6.74 6.33 5.95 5.59 5.27 4.97 4.70 4.45 4.23 4.03 3.86 3.70 3.57 3.45 3.34 3.24 3.18 3.16 3.16 3.20 3.26 3.33 3.43 3.54 3.67 3.81 3.95 4.10 4.24 4.39 4.53 4.67 4.79 4.90 5.00 5.07 5.13 5.16 5.16 5.15 5.13 5.09 5.06 5.03 5.00 4.97 4.94 4.90 4.87
17.68 17.77 17.85 17.91 17.97 18.01 18.03 18.03 18.01 17.97 17.89 17.79 17.65 17.48 17.27 17.02 16.73 16.39 16.00 15.56 15.07 14.52 13.91 13.24 12.53 11.84 11.18 10.56 9.96 9.40 8.87 8.36 7.89 7.44 7.02 6.62 6.25 5.91 5.59 5.28 5.01 4.75 4.51 4.29 4.09 3.90 3.73 3.58 3.44 3.31 3.23 3.18 3.16 3.17 3.21 3.27 3.36 3.46 3.57 3.70 3.84 3.98 4.13 4.28 4.43 4.57 4.70 4.83 4.94 5.03 5.11 5.16 5.18 5.19 5.17 5.16 5.14 5.13 5.11 5.09 5.07 5.05 5.02
17.48 17.57 17.66 17.73 17.79 17.84 17.86 17.87 17.85 17.81 17.74 17.64 17.51 17.34 17.13 16.88 16.58 16.24 15.85 15.41 14.92 14.37 13.76 13.10 12.43 11.80 11.20 10.62 10.08 9.56 9.06 8.59 8.15 7.72 7.32 6.94 6.58 6.24 5.91 5.61 5.32 5.05 4.79 4.54 4.31 4.09 3.88 3.69 3.51 3.37 3.25 3.18 3.14 3.13 3.15 3.19 3.26 3.35 3.46 3.58 3.71 3.85 4.00 4.15 4.31 4.46 4.60 4.74 4.86 4.97 5.06 5.14 5.19 5.23 5.25 5.25 5.26 5.26 5.26 5.26 5.25 5.23 5.21
17.29 17.39 17.48 17.55 17.62 17.67 17.70 17.71 17.70 17.65 17.59 17.49 17.35 17.18 16.97 16.72 16.43 16.08 15.69 15.25 14.75 14.20 13.59 12.96 12.34 11.76 11.22 10.69 10.19 9.71 9.25 8.81 8.39 7.99 7.60 7.23 6.88 6.54 6.22 5.90 5.60 5.31 5.03 4.76 4.50 4.24 4.00 3.76 3.58 3.42 3.29 3.19 3.12 3.09 3.09 3.12 3.17 3.25 3.34 3.46 3.58 3.72 3.87 4.02 4.18 4.33 4.49 4.63 4.77 4.90 5.01 5.10 5.19 5.28 5.37 5.41 5.43 5.45 5.46 5.47 5.47 5.46 5.44
17.07 17.17 17.27 17.35 17.42 17.47 17.50 17.52 17.51 17.47 17.40 17.30 17.17 17.00 16.79 16.53 16.24 15.89 15.50 15.05 14.55 14.00 13.43 12.85 12.27 11.73 11.23 10.75 10.29 9.85 9.42 9.01 8.62 8.23 7.86 7.50 7.16 6.82 6.49 6.16 5.85 5.54 5.24 4.94 4.64 4.35 4.07 3.83 3.64 3.48 3.34 3.22 3.13 3.07 3.05 3.06 3.09 3.15 3.24 3.34 3.46 3.60 3.74 3.89 4.05 4.21 4.37 4.53 4.67 4.82 4.94 5.07 5.21 5.36 5.51 5.61 5.66 5.69 5.71 5.72 5.73 5.72 5.71
16.84 16.93 17.03 17.11 17.19 17.24 17.28 17.30 17.29 17.25 17.18 17.09 16.95 16.78 16.57 16.32 16.02 15.68 15.28 14.83 14.34 13.82 13.29 12.75 12.20 11.70 11.23 10.79 10.38 9.97 9.58 9.19 8.82 8.45 8.10 7.75 7.40 7.06 6.72 6.39 6.06 5.73 5.40 5.07 4.74 4.42 4.13 3.89 3.69 3.54 3.39 3.27 3.16 3.08 3.03 3.01 3.03 3.08 3.15 3.24 3.35 3.47 3.61 3.76 3.92 4.09 4.25 4.41 4.57 4.73 4.88 5.05 5.25 5.46 5.67 5.82 5.93 5.98 6.01 6.02 6.03 6.03 6.01
16.58 16.67 16.76 16.85 16.93 16.99 17.03 17.05 17.04 17.01 16.94 16.85 16.71 16.54 16.33 16.08 15.78 15.43 15.03 14.59 14.13 13.66 13.17 12.66 12.15 11.68 11.24 10.83 10.45 10.08 9.71 9.35 9.00 8.65 8.30 7.96 7.61 7.27 6.92 6.58 6.23 5.87 5.52 5.16 4.80 4.47 4.18 3.94 3.74 3.59 3.44 3.31 3.20 3.10 3.03 2.99 2.99 3.01 3.07 3.15 3.24 3.36 3.50 3.64 3.80 3.96 4.13 4.30 4.47 4.64 4.84 5.07 5.32 5.58 5.84 6.05 6.20 6.30 6.35 6.36 6.37 6.36 6.34
16.30 16.39 16.48 16.57 16.64 16.71 16.75 16.77 16.77 16.74 16.68 16.58 16.45 16.28 16.07 15.81 15.51 15.17 14.78 14.37 13.95 13.52 13.06 12.58 12.10 11.66 11.25 10.87 10.51 10.16 9.83 9.49 9.16 8.82 8.48 8.14 7.79 7.44 7.09 6.72 6.36 5.98 5.59 5.21 4.84 4.52 4.23 3.99 3.79 3.64 3.49 3.36 3.24 3.14 3.05 2.99 2.96 2.97 3.00 3.07 3.15 3.26 3.39 3.53 3.68 3.85 4.02 4.19 4.37 4.59 4.83 5.11 5.41 5.72 6.02 6.27 6.47 6.61 6.70 6.73 6.73 6.72 6.68
16.01 16.10 16.19 16.27 16.34 16.41 16.45 16.48 16.48 16.45 16.39 16.29 16.16 15.99 15.78 15.53 15.23 14.89 14.53 14.17 13.79 13.39 12.96 12.51 12.06 11.64 11.25 10.89 10.56 10.23 9.92 9.60 9.28 8.96 8.62 8.28 7.94 7.58 7.21 6.83 6.44 6.04 5.63 5.24 4.88 4.56 4.28 4.03 3.84 3.68 3.54 3.40 3.28 3.18 3.08 3.01 2.96 2.94 2.96 3.01 3.08 3.17 3.29 3.42 3.57 3.73 3.90 4.09 4.31 4.57 4.86 5.17 5.51 5.87 6.21 6.50 6.74 6.92 7.05 7.11 7.12 7.10 7.05
15.71 15.80 15.88 15.96 16.03 16.09 16.13 16.16 16.16 16.14 16.08 15.99 15.86 15.69 15.48 15.23 14.93 14.63 14.31 13.98 13.64 13.27 12.88 12.45 12.02 11.62 11.25 10.91 10.59 10.29 9.99 9.69 9.38 9.07 8.74 8.40 8.04 7.68 7.29 6.90 6.48 6.06 5.65 5.27 4.91 4.60 4.32 4.08 3.88 3.73 3.58 3.45 3.33 3.22 3.12 3.04 2.98 2.94 2.93 2.96 3.02 3.10 3.21 3.33 3.47 3.63 3.81 4.03 4.28 4.58 4.91 5.26 5.64 6.03 6.41 6.74 7.01 7.22 7.38 7.48 7.51 7.49 7.43
15.40 15.49 15.57 15.64 15.71 15.76 15.80 15.83 15.83 15.81 15.75 15.66 15.54 15.37 15.16 14.91 14.66 14.39 14.11 13.82 13.51 13.17 12.80 12.39 11.98 11.60 11.25 10.92 10.62 10.33 10.04 9.75 9.45 9.14 8.82 8.48 8.12 7.74 7.34 6.92 6.49 6.06 5.66 5.29 4.94 4.63 4.35 4.12 3.93 3.77 3.62 3.49 3.37 3.26 3.16 3.08 3.01 2.96 2.93 2.94 2.98 3.04 3.14 3.25 3.39 3.55 3.75 4.00 4.29 4.62 4.98 5.37 5.78 6.20 6.61 6.97 7.27 7.51 7.70 7.82 7.88 7.88 7.82
15.09 15.17 15.25 15.32 15.38 15.43 15.47 15.49 15.49 15.47 15.41 15.33 15.20 15.03 14.83 14.62 14.40 14.18 13.93 13.67 13.39 13.07 12.72 12.34 11.94 11.57 11.23 10.92 10.63 10.34 10.06 9.78 9.49 9.19 8.86 8.52 8.15 7.75 7.34 6.90 6.47 6.06 5.67 5.30 4.96 4.65 4.38 4.15 3.96 3.81 3.67 3.53 3.41 3.30 3.21 3.12 3.05 2.99 2.95 2.94 2.96 3.01 3.08 3.19 3.32 3.50 3.74 4.02 4.34 4.70 5.08 5.50 5.93 6.38 6.82 7.20 7.52 7.79 7.99 8.14 8.22 8.24 8.19
14.76 14.85 14.92 14.99 15.05 15.09 15.12 15.14 15.14 15.11 15.06 14.97 14.85 14.69 14.53 14.36 14.18 13.98 13.77 13.54 13.28 12.98 12.65 12.28 11.89 11.54 11.21 10.90 10.62 10.34 10.07 9.79 9.50 9.20 8.87 8.52 8.14 7.73 7.30 6.87 6.45 6.05 5.67 5.31 4.98 4.68 4.41 4.18 4.00 3.85 3.71 3.58 3.46 3.35 3.25 3.17 3.09 3.03 2.99 2.96 2.96 2.99 3.05 3.15 3.30 3.51 3.77 4.07 4.42 4.80 5.21 5.64 6.10 6.57 7.02 7.42 7.76 8.05 8.27 8.43 8.53 8.56 8.53
14.44 14.52 14.60 14.66 14.72 14.76 14.78 14.79 14.78 14.75 14.70 14.61 14.50 14.38 14.25 14.12 13.97 13.81 13.62 13.41 13.17 12.90 12.58 12.22 11.84 11.49 11.17 10.87 10.59 10.31 10.04 9.76 9.47 9.17 8.84 8.48 8.09 7.67 7.24 6.83 6.42 6.03 5.66 5.31 4.99 4.70 4.44 4.22 4.04 3.89 3.75 3.62 3.50 3.39 3.30 3.21 3.14 3.08 3.04 3.00 2.99 3.00 3.05 3.16 3.33 3.56 3.84 4.16 4.52 4.92 5.35 5.80 6.27 6.75 7.22 7.64 7.99 8.29 8.52 8.69 8.80 8.84 8.82
14.11 14.20 14.27 14.33 14.38 14.42 14.44 14.45 14.43 14.39 14.33 14.25 14.17 14.09 14.00 13.90 13.79 13.65 13.49 13.30 13.08 12.82 12.51 12.16 11.78 11.44 11.12 10.82 10.54 10.26 9.99 9.70 9.41 9.10 8.76 8.40 8.00 7.59 7.18 6.78 6.39 6.01 5.65 5.31 4.99 4.71 4.46 4.24 4.07 3.92 3.79 3.67 3.55 3.44 3.35 3.26 3.19 3.13 3.09 3.05 3.04 3.04 3.10 3.23 3.41 3.66 3.95 4.28 4.66 5.07 5.51 5.97 6.45 6.94 7.42 7.84 8.21 8.51 8.75 8.93 9.04 9.08 9.06
