data_processed/recharge/precip/Precip_2012_08.asc
ncols        168
nrows        136
xllcorner    455000
yllcorner    2107000
cellsize     500
NODATA_value     -99999
[rows 0 to 31 of 136, columns 0 to 71 of 168]
447.79 438.20 428.87 419.32 409.48 399.42 389.20 378.87 368.49 358.13 347.83 337.67 327.69 317.96 308.54 299.49 290.86 282.71 275.10 268.75 266.37 267.68 269.18 267.79 265.08 262.61 260.41 258.64 257.69 257.67 258.53 260.22 262.67 265.82 269.61 273.99 278.89 284.27 290.05 296.18 302.59 309.24 316.07 323.00 330.01 338.10 350.50 368.66 392.48 418.39 436.71 445.45 445.09 438.61 430.45 421.72 412.47 402.77 392.67 382.25 371.56 360.65 349.60 338.46 327.28 316.14 305.09 294.19 283.50 273.09 263.03 253.67
408.39 402.34 395.84 388.93 381.68 374.12 366.34 358.38 350.30 342.17 334.04 325.97 318.03 310.26 302.73 295.50 288.62 282.16 276.17 270.72 266.31 264.54 264.28 262.51 259.86 257.48 255.51 254.36 254.13 254.77 256.22 258.43 261.33 264.87 268.98 273.61 278.70 284.18 290.01 296.11 302.44 308.93 315.53 322.16 328.79 335.36 342.93 354.85 372.61 392.66 405.18 408.31 405.08 400.03 394.29 387.92 380.98 373.54 365.65 357.38 348.78 339.91 330.84 321.63 312.33 303.01 293.73 284.54 275.52 266.70 258.17 249.99
378.72 374.76 370.27 365.30 359.91 354.16 348.11 341.81 335.34 328.73 322.06 315.39 308.76 302.25 295.91 289.79 283.97 278.49 273.41 268.81 264.72 261.47 259.54 257.36 254.76 252.58 251.20 250.73 251.13 252.33 254.27 256.90 260.15 263.97 268.30 273.08 278.25 283.74 289.51 295.50 301.63 307.86 314.13 320.37 326.53 332.54 338.38 345.13 356.26 369.81 376.07 375.73 373.43 370.32 366.47 361.94 356.79 351.07 344.86 338.21 331.17 323.82 316.21 308.40 300.45 292.42 284.38 276.37 268.47 260.74 253.22 246.00
360.89 358.31 355.12 351.38 347.16 342.50 337.48 332.14 326.56 320.78 314.86 308.88 302.87 296.91 291.05 285.35 279.87 274.66 269.80 265.33 261.32 257.82 254.94 252.35 249.93 248.30 247.57 247.70 248.62 250.27 252.60 255.55 259.05 263.06 267.50 272.33 277.47 282.88 288.50 294.25 300.09 305.96 311.80 317.54 323.13 328.51 333.63 338.43 344.06 350.73 352.91 353.00 352.17 350.48 347.99 344.77 340.87 336.36 331.29 325.73 319.74 313.37 306.68 299.74 292.61 285.35 278.02 270.67 263.37 256.18 249.16 242.37
356.69 354.82 352.28 349.11 345.40 341.18 336.53 331.50 326.14 320.53 314.71 308.75 302.71 296.64 290.60 284.66 278.87 273.28 267.97 262.98 258.38 254.23 250.58 247.58 245.62 244.62 244.45 245.07 246.42 248.44 251.06 254.23 257.89 261.98 266.45 271.22 276.25 281.48 286.84 292.27 297.72 303.13 308.44 313.59 318.52 323.17 327.49 331.40 334.91 338.06 340.21 341.33 341.48 340.71 339.10 336.69 333.56 329.75 325.34 320.37 314.92 309.04 302.79 296.23 289.43 282.44 275.32 268.13 260.94 253.81 246.78 239.94
357.88 356.49 354.36 351.54 348.10 344.10 339.58 334.62 329.28 323.60 317.65 311.49 305.17 298.77 292.32 285.91 279.57 273.38 267.38 261.65 256.24 251.20 246.63 242.86 240.89 240.41 240.77 241.84 243.58 245.91 248.78 252.13 255.91 260.04 264.48 269.17 274.04 279.03 284.10 289.17 294.19 299.10 303.84 308.35 312.57 316.45 319.92 322.95 325.84 328.95 331.78 333.75 334.71 334.70 333.79 332.03 329.49 326.22 322.29 317.75 312.67 307.11 301.13 294.78 288.13 281.24 274.17 266.97 259.72 252.47 245.27 238.20
357.90 357.05 355.39 352.98 349.87 346.13 341.82 336.99 331.71 326.02 320.00 313.70 307.17 300.49 293.70 286.86 280.04 273.30 266.68 260.26 254.09 248.26 242.91 238.33 235.61 235.07 235.88 237.41 239.52 242.16 245.27 248.80 252.68 256.85 261.26 265.85 270.55 275.31 280.07 284.77 289.35 293.75 297.92 301.78 305.30 308.39 311.04 313.51 316.34 319.53 322.59 325.25 327.05 327.85 327.68 326.62 324.71 322.03 318.63 314.57 309.91 304.71 299.04 292.95 286.51 279.76 272.79 265.63 258.36 251.04 243.72 236.47
356.62 356.29 355.17 353.23 350.53 347.12 343.08 338.45 333.29 327.67 321.64 315.26 308.59 301.69 294.62 287.44 280.20 272.97 265.80 258.76 251.92 245.43 239.41 234.11 230.58 229.25 229.94 231.85 234.33 237.28 240.63 244.32 248.30 252.50 256.88 261.36 265.89 270.41 274.86 279.18 283.31 287.20 290.78 294.00 296.79 299.12 301.25 303.68 306.58 309.83 312.96 315.86 318.34 319.99 320.62 320.30 319.09 317.05 314.23 310.70 306.52 301.74 296.44 290.66 284.47 277.93 271.10 264.04 256.81 249.47 242.08 234.70
354.50 354.29 353.69 352.29 350.06 347.05 343.34 338.97 334.01 328.52 322.55 316.16 309.41 302.37 295.08 287.62 280.03 272.38 264.73 257.15 249.78 242.74 236.12 230.17 225.90 223.72 223.59 225.32 228.11 231.36 234.94 238.79 242.87 247.10 251.43 255.80 260.15 264.42 268.55 272.49 276.17 279.54 282.53 285.10 287.18 289.04 291.14 293.64 296.59 299.89 303.08 306.05 308.78 311.11 312.59 313.08 312.61 311.26 309.08 306.13 302.48 298.18 293.29 287.88 282.00 275.72 269.09 262.17 255.04 247.74 240.32 232.80
351.91 351.50 351.02 350.14 348.44 345.91 342.59 338.55 333.86 328.56 322.71 316.38 309.63 302.50 295.07 287.39 279.52 271.52 263.46 255.48 247.67 240.15 233.01 226.50 221.57 218.62 217.61 218.47 221.02 224.51 228.31 232.32 236.48 240.73 245.01 249.27 253.43 257.45 261.26 264.81 268.04 270.88 273.28 275.19 276.85 278.69 280.86 283.42 286.42 289.75 292.99 296.02 298.84 301.41 303.58 304.91 305.24 304.64 303.15 300.84 297.77 294.00 289.58 284.59 279.08 273.10 266.73 260.02 253.02 245.81 238.37 230.73
348.89 348.26 347.59 346.84 345.67 343.67 340.82 337.18 332.81 327.77 322.12 315.91 309.21 302.08 294.57 286.74 278.65 270.38 262.04 253.74 245.58 237.66 230.08 223.07 217.56 213.92 212.09 212.04 213.70 216.88 220.85 225.01 229.26 233.52 237.74 241.87 245.85 249.61 253.09 256.24 259.00 261.31 263.13 264.65 266.30 268.22 270.46 273.07 276.09 279.44 282.72 285.81 288.69 291.35 293.77 295.79 296.97 297.16 296.42 294.80 292.37 289.18 285.29 280.77 275.67 270.06 264.00 257.54 250.74 243.62 236.18 228.46
345.47 344.64 343.77 342.84 341.80 340.32 338.00 334.83 330.86 326.15 320.75 314.74 308.16 301.08 293.56 285.65 277.42 268.99 260.46 251.92 243.48 235.24 227.29 219.87 213.85 209.59 207.04 206.14 206.85 209.10 212.71 216.97 221.28 225.55 229.72 233.72 237.49 240.99 244.14 246.89 249.18 250.97 252.43 253.96 255.70 257.69 259.98 262.62 265.66 269.02 272.31 275.44 278.38 281.12 283.63 285.90 287.77 288.81 288.87 287.99 286.25 283.69 280.39 276.39 271.77 266.58 260.88 254.72 248.13 241.12 233.72 226.00
341.67 340.65 339.59 338.47 337.27 335.93 334.13 331.49 327.98 323.67 318.60 312.85 306.46 299.50 292.03 284.11 275.85 267.34 258.69 250.00 241.36 232.87 224.64 216.88 210.42 205.62 202.42 200.76 200.59 201.85 204.49 208.33 212.67 216.94 221.04 224.91 228.48 231.70 234.51 236.85 238.68 240.16 241.65 243.27 245.07 247.12 249.44 252.11 255.16 258.51 261.81 264.96 267.95 270.75 273.35 275.72 277.84 279.57 280.47 280.40 279.40 277.53 274.86 271.45 267.35 262.63 257.34 251.50 245.14 238.29 231.01 223.33
337.52 336.33 335.09 333.79 332.41 330.92 329.28 327.15 324.17 320.32 315.65 310.22 304.09 297.32 289.97 282.14 273.92 265.42 256.73 247.96 239.19 230.53 222.09 214.07 207.26 201.99 198.22 195.87 194.90 195.26 196.87 199.70 203.57 207.79 211.81 215.54 218.90 221.84 224.31 226.25 227.81 229.32 230.90 232.60 234.46 236.55 238.90 241.58 244.62 247.95 251.25 254.42 257.44 260.29 262.95 265.41 267.64 269.63 271.22 271.99 271.78 270.66 268.68 265.90 262.38 258.18 253.33 247.84 241.76 235.14 228.02 220.46
333.05 331.69 330.30 328.83 327.28 325.62 323.84 321.87 319.41 316.09 311.87 306.83 301.03 294.52 287.38 279.72 271.63 263.21 254.56 245.77 236.96 228.21 219.63 211.42 204.34 198.69 194.41 191.45 189.76 189.28 189.96 191.73 194.55 198.24 202.14 205.71 208.86 211.52 213.65 215.37 216.97 218.58 220.24 222.00 223.91 226.03 228.40 231.07 234.09 237.39 240.67 243.84 246.88 249.76 252.48 255.01 257.34 259.44 261.30 262.75 263.39 263.07 261.83 259.74 256.85 253.20 248.81 243.72 237.98 231.65 224.77 217.39
328.26 326.77 325.22 323.61 321.91 320.10 318.15 316.06 313.76 310.95 307.27 302.69 297.27 291.09 284.24 276.83 268.94 260.67 252.14 243.43 234.64 225.88 217.24 208.92 201.64 195.68 190.98 187.49 185.16 183.92 183.73 184.52 186.25 188.85 192.16 195.54 198.47 200.85 202.79 204.56 206.27 207.96 209.69 211.51 213.46 215.59 217.96 220.61 223.60 226.86 230.11 233.27 236.31 239.22 241.98 244.57 246.98 249.18 251.15 252.88 254.21 254.73 254.29 252.93 250.71 247.63 243.76 239.14 233.81 227.83 221.24 214.10
323.20 321.58 319.90 318.15 316.31 314.36 312.27 310.03 307.62 304.98 301.82 297.76 292.80 287.03 280.54 273.45 265.84 257.81 249.47 240.90 232.22 223.52 214.90 206.55 199.15 192.95 187.90 183.96 181.06 179.14 178.16 178.05 178.77 180.24 182.43 185.17 187.83 190.07 192.08 193.96 195.76 197.52 199.31 201.16 203.13 205.27 207.63 210.25 213.19 216.40 219.61 222.74 225.78 228.70 231.49 234.13 236.60 238.88 240.96 242.81 244.42 245.63 246.02 245.45 243.92 241.48 238.19 234.10 229.24 223.67 217.44 210.59
317.88 316.14 314.35 312.48 310.51 308.44 306.22 303.85 301.31 298.56 295.57 292.02 287.59 282.30 276.26 269.56 262.30 254.59 246.51 238.18 229.68 221.11 212.59 204.28 196.83 190.48 185.17 180.84 177.45 174.93 173.24 172.30 172.08 172.51 173.54 175.12 177.22 179.50 181.62 183.59 185.46 187.29 189.12 191.00 192.98 195.11 197.44 200.02 202.91 206.04 209.20 212.29 215.31 218.23 221.04 223.72 226.24 228.60 230.76 232.72 234.46 235.94 237.02 237.25 236.48 234.74 232.10 228.59 224.27 219.17 213.36 206.87
312.33 310.49 308.59 306.61 304.54 302.35 300.03 297.54 294.88 292.01 288.89 285.51 281.62 276.89 271.37 265.15 258.32 251.00 243.27 235.23 226.99 218.64 210.28 202.10 194.68 188.25 182.74 178.12 174.31 171.27 168.94 167.26 166.17 165.63 165.59 166.09 167.31 169.26 171.44 173.49 175.43 177.31 179.17 181.06 183.04 185.15 187.44 189.97 192.78 195.84 198.92 201.97 204.96 207.87 210.68 213.38 215.94 218.36 220.60 222.65 224.50 226.11 227.45 228.34 228.38 227.41 225.47 222.61 218.88 214.32 208.99 202.93
306.56 304.64 302.65 300.58 298.42 296.13 293.71 291.12 288.34 285.33 282.08 278.62 274.94 270.78 265.86 260.18 253.87 247.01 239.70 232.04 224.14 216.08 207.97 199.99 192.68 186.24 180.62 175.77 171.62 168.13 165.24 162.89 161.02 159.60 158.64 158.30 158.67 159.79 161.62 163.71 165.70 167.61 169.49 171.38 173.34 175.42 177.67 180.13 182.85 185.82 188.82 191.81 194.75 197.63 200.44 203.15 205.74 208.20 210.51 212.64 214.59 216.30 217.76 218.92 219.63 219.48 218.31 216.16 213.09 209.13 204.34 198.76
300.61 298.61 296.55 294.41 292.17 289.80 287.29 284.60 281.69 278.55 275.19 271.64 267.92 264.02 259.70 254.66 248.93 242.61 235.80 228.59 221.10 213.41 205.63 197.93 190.80 184.43 178.77 173.77 169.37 165.50 162.13 159.18 156.62 154.45 152.79 151.73 151.30 151.57 152.58 154.31 156.31 158.24 160.12 162.01 163.94 165.97 168.15 170.53 173.16 176.02 178.93 181.84 184.73 187.57 190.36 193.06 195.67 198.17 200.52 202.73 204.76 206.57 208.14 209.44 210.43 210.96 210.61 209.24 206.88 203.58 199.39 194.36
294.50 292.44 290.32 288.12 285.81 283.37 280.78 277.96 274.92 271.67 268.23 264.62 260.86 256.97 252.94 248.54 243.47 237.77 231.54 224.87 217.86 210.62 203.24 195.89 189.02 182.80 177.19 172.11 167.52 163.36 159.58 156.12 152.98 150.25 148.00 146.27 145.12 144.61 144.79 145.70 147.32 149.23 151.11 152.97 154.86 156.83 158.94 161.23 163.75 166.49 169.30 172.12 174.93 177.73 180.48 183.17 185.78 188.29 190.70 192.97 195.07 196.98 198.66 200.08 201.22 202.04 202.38 201.83 200.25 197.67 194.15 189.73
288.25 286.15 283.98 281.73 279.37 276.86 274.14 271.20 268.05 264.72 261.22 257.57 253.80 249.92 245.95 241.88 237.49 232.48 226.90 220.84 214.40 207.68 200.78 193.85 187.32 181.34 175.83 170.76 166.07 161.69 157.58 153.72 150.15 146.95 144.17 141.85 140.05 138.83 138.24 138.32 139.14 140.66 142.48 144.31 146.14 148.05 150.07 152.25 154.65 157.26 159.95 162.67 165.40 168.13 170.83 173.50 176.10 178.63 181.08 183.40 185.58 187.58 189.37 190.91 192.19 193.16 193.80 193.95 193.20 191.41 188.61 184.86
281.88 279.75 277.55 275.27 272.85 270.22 267.38 264.33 261.10 257.71 254.18 250.52 246.76 242.91 239.00 235.03 231.02 226.72 221.87 216.49 210.70 204.57 198.23 191.81 185.69 180.01 174.70 169.71 164.98 160.47 156.12 151.97 148.07 144.47 141.22 138.38 136.01 134.14 132.85 132.17 132.17 132.90 134.32 136.06 137.83 139.65 141.57 143.64 145.90 148.36 150.92 153.53 156.17 158.82 161.47 164.09 166.69 169.24 171.72 174.10 176.35 178.43 180.32 181.98 183.39 184.51 185.32 185.78 185.73 184.77 182.77 179.75
275.42 273.28 271.06 268.73 266.20 263.45 260.51 257.38 254.10 250.68 247.13 243.49 239.76 235.97 232.13 228.27 224.40 220.53 216.42 211.80 206.73 201.28 195.57 189.73 184.11 178.80 173.76 168.93 164.25 159.67 155.17 150.81 146.64 142.71 139.08 135.79 132.90 130.47 128.54 127.18 126.43 126.34 126.97 128.30 129.96 131.69 133.49 135.43 137.54 139.85 142.27 144.75 147.28 149.84 152.42 155.01 157.60 160.17 162.69 165.11 167.42 169.59 171.57 173.35 174.89 176.16 177.12 177.76 178.03 177.78 176.62 174.40
268.90 266.75 264.50 262.06 259.41 256.56 253.54 250.37 247.05 243.62 240.09 236.48 232.81 229.10 225.37 221.64 217.92 214.24 210.59 206.76 202.48 197.78 192.78 187.60 182.55 177.70 173.01 168.41 163.83 159.23 154.66 150.16 145.79 141.60 137.64 133.98 130.65 127.72 125.23 123.25 121.82 120.99 120.82 121.37 122.60 124.19 125.87 127.66 129.62 131.76 134.01 136.36 138.77 141.23 143.75 146.32 148.91 151.49 154.03 156.50 158.87 161.11 163.19 165.07 166.74 168.14 169.27 170.08 170.54 170.62 170.17 168.80
262.32 260.16 257.81 255.25 252.50 249.58 246.51 243.30 239.98 236.57 233.07 229.53 225.94 222.34 218.74 215.16 211.61 208.13 204.73 201.40 197.92 194.06 189.84 185.40 180.99 176.68 172.40 168.07 163.62 159.07 154.49 149.92 145.43 141.05 136.84 132.87 129.17 125.81 122.84 120.30 118.26 116.76 115.86 115.62 116.08 117.22 118.74 120.37 122.16 124.11 126.20 128.40 130.68 133.06 135.53 138.07 140.66 143.24 145.81 148.32 150.74 153.06 155.22 157.21 158.99 160.53 161.81 162.78 163.43 163.72 163.61 162.96
255.70 253.43 250.97 248.31 245.49 242.52 239.42 236.21 232.91 229.53 226.10 222.64 219.17 215.69 212.25 208.84 205.50 202.24 199.08 196.03 193.11 190.09 186.74 183.11 179.42 175.71 171.87 167.81 163.54 159.11 154.59 150.03 145.47 140.97 136.59 132.38 128.38 124.66 121.27 118.25 115.67 113.57 112.01 111.05 110.73 111.10 112.16 113.61 115.21 116.97 118.87 120.91 123.08 125.39 127.82 130.34 132.90 135.49 138.08 140.62 143.10 145.48 147.72 149.81 151.71 153.38 154.80 155.94 156.77 157.25 157.36 157.05
248.93 246.55 243.99 241.27 238.40 235.40 232.30 229.11 225.85 222.54 219.20 215.85 212.50 209.19 205.92 202.71 199.59 196.58 193.69 190.94 188.35 185.92 183.44 180.70 177.81 174.71 171.27 167.51 163.50 159.26 154.88 150.38 145.84 141.29 136.80 132.42 128.19 124.18 120.44 117.02 113.96 111.34 109.19 107.57 106.54 106.15 106.44 107.42 108.80 110.35 112.07 113.97 116.06 118.30 120.68 123.16 125.71 128.30 130.90 133.47 135.99 138.43 140.76 142.94 144.95 146.75 148.31 149.61 150.61 151.28 151.59 151.52
242.00 239.53 236.91 234.14 231.24 228.25 225.16 222.02 218.82 215.60 212.38 209.16 205.97 202.84 199.77 196.79 193.92 191.17 188.57 186.14 183.89 181.84 180.00 178.16 176.04 173.47 170.48 167.11 163.41 159.44 155.26 150.91 146.44 141.92 137.39 132.91 128.53 124.30 120.27 116.51 113.06 109.97 107.31 105.11 103.44 102.34 101.88 102.10 103.00 104.32 105.87 107.66 109.66 111.84 114.16 116.60 119.13 121.71 124.32 126.92 129.48 131.98 134.38 136.65 138.76 140.68 142.38 143.83 145.00 145.86 146.38 146.52
234.93 232.39 229.72 226.93 224.04 221.07 218.03 214.95 211.85 208.75 205.66 202.60 199.60 196.67 193.83 191.10 188.50 186.05 183.77 181.68 179.79 178.13 176.71 175.41 173.90 171.91 169.43 166.51 163.20 159.57 155.65 151.51 147.20 142.76 138.27 133.75 129.28 124.90 120.67 116.63 112.85 109.38 106.26 103.55 101.31 99.58 98.43 97.89 98.04 98.89 100.30 101.98 103.89 105.99 108.26 110.66 113.16 115.73 118.34 120.96 123.57 126.12 128.59 130.94 133.16 135.20 137.04 138.64 139.97 141.01 141.73 142.08
227.71 225.14 222.45 219.67 216.81 213.89 210.93 207.95 204.97 202.00 199.08 196.21 193.42 190.72 188.14 185.69 183.39 181.27 179.33 177.61 176.11 174.86 173.73 172.57 171.37 169.96 168.05 165.64 162.79 159.55 155.96 152.10 148.00 143.72 139.31 134.83 130.33 125.87 121.48 117.24 113.19 109.39 105.88 102.72 99.97 97.68 95.89 94.67 94.05 94.14 95.13 96.68 98.50 100.53 102.75 105.11 107.58 110.15 112.77 115.42 118.06 120.67 123.21 125.66 127.98 130.14 132.12 133.87 135.38 136.61 137.52 138.09
