data_processed/recharge/precip/Precip_2002_03.asc
ncols        168
nrows        136
xllcorner    455000
yllcorner    2107000
cellsize     500
NODATA_value     -99999
[rows 36 to 71 of 136, columns 81 to 161 of 168]
6.71 6.21 5.72 5.25 4.80 4.36 3.95 3.56 3.20 2.87 2.56 2.28 2.04 1.84 1.70 1.62 1.60 1.64 1.74 1.91 2.11 2.27 2.38 2.45 2.48 2.47 2.44 2.41 2.38 2.37 2.38 2.40 2.45 2.52 2.61 2.72 2.86 3.02 3.21 3.43 3.68 3.95 4.24 4.56 4.89 5.23 5.58 5.94 6.30 6.68 7.05 7.43 7.82 8.25 8.75 9.30 9.92 10.58 11.30 12.05 12.84 13.66 14.51 15.37 16.24 17.12 18.00 18.86 19.72 20.55 21.37 22.14 22.82 23.35 23.72 23.95 24.03 23.97 23.77 23.50 23.18
6.63 6.12 5.62 5.13 4.66 4.21 3.79 3.39 3.02 2.68 2.37 2.09 1.85 1.68 1.56 1.50 1.51 1.58 1.72 1.92 2.14 2.33 2.47 2.56 2.62 2.65 2.64 2.62 2.59 2.57 2.58 2.60 2.65 2.71 2.81 2.92 3.06 3.23 3.42 3.65 3.91 4.19 4.49 4.81 5.14 5.49 5.85 6.21 6.58 6.95 7.33 7.71 8.10 8.49 8.92 9.41 9.96 10.58 11.24 11.95 12.70 13.49 14.30 15.14 15.99 16.85 17.71 18.57 19.42 20.25 21.07 21.86 22.56 23.10 23.51 23.76 23.88 23.87 23.71 23.44 23.09
6.55 6.03 5.52 5.01 4.52 4.06 3.62 3.22 2.84 2.49 2.17 1.90 1.68 1.53 1.44 1.41 1.44 1.54 1.70 1.92 2.18 2.39 2.56 2.68 2.76 2.81 2.83 2.83 2.81 2.79 2.79 2.81 2.85 2.92 3.01 3.12 3.26 3.44 3.64 3.88 4.14 4.42 4.73 5.06 5.40 5.75 6.11 6.48 6.85 7.23 7.60 7.99 8.37 8.76 9.15 9.57 10.06 10.61 11.22 11.88 12.58 13.32 14.10 14.90 15.72 16.55 17.39 18.24 19.07 19.90 20.72 21.52 22.22 22.78 23.21 23.49 23.64 23.66 23.55 23.32 22.97
6.47 5.94 5.42 4.90 4.40 3.92 3.47 3.05 2.66 2.30 1.99 1.73 1.54 1.41 1.33 1.33 1.38 1.50 1.69 1.94 2.21 2.45 2.64 2.78 2.89 2.96 3.00 3.02 3.02 3.01 3.01 3.02 3.06 3.12 3.21 3.32 3.47 3.65 3.86 4.10 4.37 4.67 4.98 5.31 5.66 6.01 6.38 6.75 7.12 7.50 7.88 8.26 8.64 9.02 9.40 9.79 10.21 10.69 11.24 11.84 12.48 13.18 13.91 14.67 15.45 16.25 17.06 17.87 18.70 19.51 20.32 21.12 21.82 22.40 22.83 23.14 23.32 23.36 23.29 23.10 22.78
6.39 5.85 5.31 4.79 4.28 3.78 3.32 2.89 2.49 2.13 1.83 1.59 1.41 1.30 1.25 1.26 1.34 1.48 1.68 1.95 2.25 2.51 2.72 2.88 3.00 3.09 3.16 3.19 3.22 3.22 3.23 3.23 3.27 3.32 3.41 3.52 3.67 3.86 4.08 4.33 4.61 4.91 5.23 5.56 5.91 6.28 6.64 7.02 7.39 7.77 8.15 8.53 8.90 9.28 9.66 10.04 10.42 10.83 11.30 11.83 12.42 13.06 13.73 14.44 15.17 15.93 16.70 17.49 18.29 19.09 19.88 20.67 21.37 21.95 22.39 22.71 22.90 22.98 22.93 22.77 22.50
6.30 5.75 5.21 4.68 4.16 3.66 3.18 2.73 2.33 1.98 1.70 1.47 1.31 1.21 1.18 1.21 1.30 1.46 1.68 1.97 2.29 2.56 2.79 2.97 3.11 3.22 3.30 3.35 3.39 3.41 3.43 3.44 3.47 3.52 3.60 3.72 3.88 4.08 4.31 4.56 4.84 5.15 5.47 5.82 6.17 6.53 6.91 7.28 7.65 8.03 8.41 8.79 9.16 9.54 9.91 10.28 10.65 11.02 11.42 11.88 12.39 12.96 13.57 14.22 14.90 15.61 16.35 17.10 17.86 18.63 19.41 20.18 20.87 21.44 21.89 22.21 22.41 22.50 22.48 22.35 22.11
6.21 5.65 5.10 4.56 4.04 3.53 3.05 2.60 2.20 1.86 1.59 1.38 1.23 1.15 1.13 1.17 1.28 1.45 1.69 1.99 2.33 2.62 2.86 3.05 3.21 3.33 3.42 3.49 3.54 3.57 3.60 3.63 3.66 3.71 3.80 3.93 4.09 4.30 4.53 4.79 5.08 5.39 5.72 6.07 6.42 6.79 7.16 7.54 7.92 8.29 8.67 9.04 9.42 9.79 10.16 10.52 10.88 11.24 11.59 11.97 12.41 12.90 13.44 14.02 14.64 15.30 15.98 16.69 17.42 18.16 18.91 19.65 20.33 20.89 21.33 21.65 21.86 21.96 21.95 21.84 21.62
6.12 5.55 5.00 4.45 3.92 3.41 2.93 2.49 2.10 1.77 1.51 1.31 1.17 1.10 1.09 1.14 1.26 1.45 1.70 2.02 2.36 2.67 2.92 3.13 3.29 3.43 3.53 3.61 3.67 3.71 3.75 3.78 3.83 3.89 3.99 4.13 4.31 4.52 4.76 5.02 5.32 5.63 5.97 6.31 6.67 7.04 7.42 7.79 8.17 8.55 8.92 9.29 9.66 10.03 10.39 10.75 11.10 11.45 11.78 12.11 12.47 12.88 13.34 13.85 14.41 15.00 15.63 16.29 16.97 17.67 18.38 19.10 19.75 20.29 20.72 21.03 21.24 21.34 21.34 21.24 21.05
6.02 5.45 4.89 4.34 3.81 3.30 2.83 2.40 2.03 1.71 1.46 1.26 1.13 1.07 1.06 1.13 1.26 1.45 1.71 2.04 2.40 2.71 2.97 3.19 3.37 3.51 3.62 3.70 3.77 3.82 3.87 3.92 3.98 4.08 4.19 4.34 4.52 4.74 4.98 5.25 5.55 5.87 6.21 6.56 6.92 7.29 7.67 8.04 8.42 8.79 9.17 9.53 9.90 10.26 10.62 10.97 11.31 11.65 11.97 12.28 12.58 12.90 13.28 13.71 14.19 14.72 15.29 15.89 16.52 17.17 17.84 18.52 19.14 19.66 20.06 20.36 20.56 20.66 20.66 20.57 20.39
5.93 5.36 4.79 4.23 3.70 3.20 2.75 2.34 1.98 1.68 1.43 1.24 1.11 1.05 1.05 1.12 1.26 1.46 1.73 2.06 2.43 2.75 3.02 3.24 3.43 3.57 3.69 3.78 3.85 3.91 3.97 4.04 4.13 4.25 4.38 4.54 4.73 4.95 5.20 5.48 5.78 6.11 6.45 6.80 7.16 7.54 7.91 8.29 8.66 9.03 9.40 9.77 10.13 10.48 10.83 11.18 11.51 11.83 12.13 12.43 12.70 12.97 13.27 13.61 14.02 14.47 14.97 15.50 16.07 16.67 17.29 17.93 18.52 19.00 19.38 19.65 19.84 19.92 19.92 19.83 19.65
5.84 5.26 4.69 4.13 3.61 3.13 2.69 2.30 1.96 1.66 1.42 1.23 1.11 1.05 1.06 1.13 1.27 1.48 1.75 2.09 2.46 2.79 3.06 3.29 3.47 3.62 3.74 3.83 3.91 3.98 4.06 4.16 4.27 4.41 4.57 4.74 4.94 5.17 5.43 5.71 6.01 6.34 6.68 7.03 7.40 7.77 8.15 8.52 8.90 9.27 9.63 9.99 10.35 10.69 11.04 11.37 11.69 11.99 12.28 12.56 12.82 13.06 13.30 13.56 13.88 14.25 14.67 15.13 15.64 16.18 16.75 17.33 17.87 18.31 18.66 18.91 19.07 19.14 19.12 19.02 18.85
5.75 5.17 4.60 4.05 3.55 3.08 2.66 2.28 1.95 1.66 1.43 1.25 1.13 1.07 1.07 1.15 1.29 1.50 1.77 2.11 2.49 2.81 3.09 3.32 3.50 3.65 3.77 3.87 3.95 4.04 4.15 4.27 4.41 4.57 4.74 4.93 5.15 5.38 5.64 5.93 6.24 6.56 6.91 7.26 7.63 8.00 8.38 8.75 9.12 9.49 9.85 10.20 10.55 10.89 11.23 11.54 11.85 12.13 12.41 12.67 12.91 13.14 13.36 13.56 13.78 14.07 14.40 14.79 15.22 15.70 16.20 16.73 17.22 17.62 17.92 18.14 18.27 18.31 18.28 18.17 18.01
5.67 5.08 4.52 4.00 3.51 3.06 2.65 2.28 1.95 1.68 1.45 1.28 1.16 1.10 1.10 1.17 1.31 1.52 1.79 2.13 2.51 2.83 3.11 3.34 3.52 3.67 3.79 3.89 4.00 4.12 4.25 4.39 4.55 4.72 4.91 5.12 5.35 5.59 5.86 6.14 6.45 6.78 7.13 7.49 7.85 8.23 8.60 8.97 9.34 9.70 10.06 10.41 10.75 11.08 11.40 11.70 11.99 12.26 12.52 12.76 12.99 13.20 13.39 13.57 13.74 13.93 14.18 14.48 14.84 15.23 15.67 16.14 16.57 16.91 17.17 17.34 17.43 17.45 17.39 17.29 17.16
5.59 5.02 4.48 3.97 3.49 3.05 2.65 2.29 1.97 1.70 1.48 1.32 1.20 1.14 1.14 1.21 1.34 1.55 1.82 2.15 2.52 2.85 3.12 3.34 3.52 3.67 3.79 3.92 4.05 4.20 4.35 4.51 4.69 4.88 5.08 5.30 5.54 5.79 6.06 6.36 6.67 7.00 7.34 7.70 8.07 8.44 8.81 9.18 9.54 9.90 10.25 10.60 10.93 11.25 11.55 11.84 12.11 12.36 12.61 12.83 13.04 13.23 13.41 13.57 13.72 13.85 14.00 14.21 14.48 14.80 15.16 15.56 15.92 16.21 16.41 16.53 16.58 16.56 16.50 16.42 16.31
5.53 4.98 4.45 3.95 3.49 3.06 2.67 2.32 2.01 1.74 1.53 1.36 1.25 1.19 1.19 1.25 1.38 1.58 1.84 2.17 2.54 2.85 3.12 3.34 3.51 3.66 3.81 3.96 4.12 4.29 4.46 4.64 4.84 5.04 5.26 5.49 5.73 5.99 6.27 6.56 6.87 7.20 7.55 7.91 8.27 8.64 9.01 9.38 9.74 10.09 10.44 10.77 11.09 11.39 11.68 11.95 12.21 12.45 12.67 12.88 13.07 13.25 13.41 13.55 13.67 13.78 13.87 13.99 14.16 14.39 14.67 14.99 15.29 15.50 15.65 15.71 15.72 15.68 15.63 15.56 15.47
5.50 4.96 4.45 3.96 3.50 3.08 2.70 2.36 2.05 1.80 1.58 1.42 1.31 1.25 1.25 1.30 1.42 1.61 1.86 2.19 2.54 2.85 3.11 3.31 3.49 3.67 3.84 4.02 4.20 4.39 4.58 4.78 4.99 5.21 5.43 5.67 5.92 6.19 6.47 6.76 7.07 7.40 7.75 8.10 8.47 8.83 9.20 9.57 9.92 10.27 10.60 10.92 11.23 11.52 11.79 12.05 12.29 12.51 12.72 12.91 13.08 13.24 13.38 13.50 13.61 13.69 13.76 13.82 13.89 14.03 14.22 14.45 14.67 14.81 14.89 14.90 14.88 14.84 14.80 14.73 14.65
5.49 4.96 4.46 3.98 3.54 3.13 2.75 2.41 2.11 1.86 1.64 1.48 1.37 1.31 1.30 1.35 1.47 1.64 1.88 2.20 2.54 2.84 3.08 3.29 3.50 3.70 3.90 4.10 4.30 4.51 4.72 4.94 5.16 5.38 5.62 5.87 6.12 6.39 6.67 6.96 7.27 7.59 7.93 8.29 8.65 9.02 9.38 9.74 10.09 10.43 10.75 11.06 11.35 11.62 11.88 12.12 12.34 12.55 12.74 12.91 13.07 13.21 13.33 13.43 13.52 13.58 13.63 13.66 13.67 13.71 13.80 13.95 14.08 14.14 14.15 14.12 14.09 14.05 14.01 13.94 13.87
5.50 4.99 4.49 4.02 3.59 3.18 2.81 2.47 2.18 1.92 1.71 1.55 1.43 1.37 1.36 1.40 1.51 1.67 1.90 2.20 2.53 2.82 3.06 3.30 3.53 3.76 3.98 4.20 4.43 4.65 4.88 5.10 5.34 5.57 5.82 6.07 6.33 6.60 6.88 7.17 7.47 7.78 8.12 8.46 8.82 9.18 9.55 9.90 10.24 10.57 10.88 11.17 11.44 11.70 11.95 12.17 12.38 12.57 12.74 12.90 13.03 13.15 13.25 13.34 13.40 13.45 13.47 13.48 13.47 13.44 13.44 13.48 13.52 13.50 13.46 13.42 13.38 13.33 13.27 13.21 13.13
5.53 5.03 4.54 4.08 3.65 3.25 2.88 2.54 2.25 2.00 1.78 1.62 1.50 1.43 1.41 1.45 1.55 1.70 1.92 2.20 2.52 2.80 3.07 3.34 3.59 3.84 4.09 4.33 4.57 4.81 5.05 5.29 5.54 5.78 6.03 6.28 6.54 6.81 7.09 7.37 7.67 7.98 8.30 8.63 8.98 9.34 9.70 10.04 10.37 10.68 10.98 11.26 11.52 11.76 11.99 12.20 12.39 12.56 12.72 12.86 12.97 13.07 13.16 13.22 13.26 13.29 13.29 13.28 13.24 13.19 13.12 13.06 13.01 12.94 12.87 12.80 12.74 12.68 12.61 12.54 12.45
5.58 5.08 4.60 4.15 3.72 3.32 2.96 2.62 2.33 2.07 1.86 1.69 1.56 1.49 1.46 1.49 1.58 1.72 1.93 2.20 2.51 2.82 3.12 3.41 3.69 3.96 4.23 4.49 4.75 5.00 5.25 5.50 5.75 6.00 6.26 6.51 6.77 7.04 7.31 7.59 7.88 8.18 8.48 8.80 9.14 9.48 9.83 10.16 10.48 10.78 11.06 11.33 11.57 11.80 12.01 12.20 12.38 12.54 12.67 12.79 12.89 12.97 13.03 13.08 13.10 13.10 13.08 13.05 12.99 12.91 12.81 12.70 12.58 12.47 12.37 12.28 12.19 12.11 12.02 11.93 11.84
5.62 5.13 4.65 4.20 3.78 3.39 3.02 2.69 2.40 2.14 1.92 1.74 1.62 1.53 1.50 1.52 1.60 1.73 1.92 2.18 2.50 2.84 3.17 3.48 3.79 4.08 4.37 4.65 4.92 5.19 5.45 5.71 5.97 6.23 6.48 6.74 7.00 7.27 7.53 7.81 8.09 8.37 8.67 8.98 9.29 9.63 9.97 10.29 10.59 10.87 11.14 11.39 11.62 11.84 12.03 12.21 12.37 12.50 12.62 12.72 12.80 12.87 12.91 12.93 12.93 12.91 12.87 12.81 12.73 12.63 12.51 12.38 12.23 12.09 11.96 11.83 11.72 11.61 11.50 11.40 11.29
5.63 5.14 4.68 4.24 3.82 3.43 3.07 2.74 2.44 2.18 1.96 1.78 1.65 1.56 1.52 1.54 1.60 1.72 1.91 2.17 2.49 2.84 3.19 3.53 3.86 4.18 4.49 4.79 5.08 5.36 5.64 5.91 6.17 6.44 6.70 6.96 7.22 7.48 7.75 8.02 8.29 8.57 8.85 9.14 9.45 9.78 10.11 10.42 10.71 10.99 11.24 11.47 11.69 11.89 12.07 12.22 12.37 12.49 12.59 12.67 12.73 12.77 12.79 12.79 12.77 12.73 12.67 12.59 12.48 12.36 12.23 12.08 11.93 11.77 11.60 11.45 11.30 11.17 11.04 10.92 10.79
5.61 5.14 4.68 4.25 3.83 3.45 3.09 2.76 2.47 2.21 1.99 1.81 1.67 1.58 1.53 1.54 1.59 1.71 1.90 2.16 2.48 2.83 3.19 3.55 3.91 4.25 4.58 4.90 5.21 5.51 5.80 6.08 6.36 6.63 6.90 7.16 7.43 7.69 7.95 8.21 8.48 8.75 9.03 9.31 9.62 9.94 10.27 10.57 10.85 11.11 11.35 11.57 11.77 11.95 12.11 12.26 12.38 12.48 12.56 12.62 12.67 12.69 12.69 12.67 12.63 12.56 12.48 12.37 12.25 12.11 11.97 11.82 11.66 11.48 11.30 11.11 10.94 10.78 10.63 10.49 10.35
5.57 5.11 4.66 4.23 3.83 3.45 3.09 2.77 2.48 2.22 2.00 1.82 1.67 1.58 1.53 1.53 1.58 1.70 1.89 2.15 2.47 2.82 3.18 3.56 3.93 4.30 4.66 5.00 5.32 5.64 5.94 6.24 6.53 6.81 7.08 7.35 7.62 7.88 8.14 8.40 8.67 8.93 9.20 9.48 9.79 10.11 10.43 10.73 11.00 11.25 11.47 11.68 11.86 12.03 12.17 12.30 12.40 12.49 12.55 12.59 12.61 12.61 12.59 12.55 12.49 12.40 12.30 12.17 12.03 11.88 11.73 11.57 11.41 11.23 11.03 10.83 10.63 10.45 10.28 10.11 9.96
5.51 5.06 4.62 4.20 3.81 3.43 3.08 2.76 2.47 2.22 2.00 1.81 1.67 1.57 1.51 1.51 1.57 1.69 1.88 2.14 2.46 2.81 3.17 3.55 3.94 4.33 4.70 5.07 5.41 5.75 6.07 6.38 6.68 6.97 7.25 7.53 7.80 8.06 8.33 8.58 8.84 9.10 9.38 9.66 9.96 10.28 10.59 10.88 11.15 11.39 11.61 11.80 11.96 12.11 12.24 12.35 12.43 12.50 12.54 12.57 12.57 12.55 12.51 12.44 12.36 12.25 12.12 11.98 11.83 11.67 11.51 11.35 11.18 10.99 10.80 10.59 10.37 10.16 9.97 9.78 9.61
5.43 4.99 4.57 4.16 3.77 3.40 3.06 2.75 2.46 2.21 1.99 1.80 1.66 1.56 1.50 1.50 1.56 1.68 1.87 2.13 2.45 2.80 3.16 3.54 3.93 4.33 4.73 5.11 5.48 5.83 6.17 6.50 6.81 7.11 7.41 7.69 7.96 8.23 8.49 8.75 9.01 9.28 9.55 9.84 10.14 10.45 10.76 11.04 11.30 11.54 11.75 11.92 12.08 12.21 12.32 12.41 12.48 12.52 12.55 12.55 12.53 12.49 12.43 12.34 12.23 12.11 11.96 11.81 11.65 11.49 11.32 11.15 10.97 10.78 10.58 10.37 10.15 9.93 9.71 9.50 9.31
5.35 4.91 4.50 4.10 3.72 3.36 3.03 2.72 2.44 2.19 1.97 1.79 1.64 1.54 1.49 1.49 1.55 1.67 1.86 2.12 2.45 2.79 3.16 3.53 3.92 4.32 4.73 5.13 5.52 5.90 6.26 6.60 6.93 7.24 7.54 7.83 8.11 8.39 8.65 8.91 9.18 9.45 9.73 10.01 10.31 10.62 10.92 11.20 11.45 11.68 11.88 12.05 12.19 12.31 12.40 12.47 12.52 12.55 12.56 12.54 12.50 12.44 12.35 12.24 12.12 11.97 11.82 11.66 11.49 11.32 11.15 10.97 10.79 10.59 10.39 10.17 9.95 9.72 9.49 9.27 9.06
5.28 4.83 4.42 4.03 3.67 3.32 2.99 2.69 2.41 2.16 1.95 1.77 1.62 1.53 1.48 1.48 1.54 1.66 1.86 2.12 2.44 2.78 3.15 3.52 3.91 4.31 4.72 5.13 5.54 5.94 6.32 6.67 7.02 7.35 7.66 7.96 8.25 8.52 8.80 9.07 9.34 9.62 9.90 10.19 10.48 10.78 11.08 11.35 11.60 11.82 12.01 12.18 12.31 12.42 12.49 12.54 12.57 12.58 12.57 12.53 12.47 12.39 12.28 12.15 12.01 11.85 11.69 11.52 11.35 11.17 10.99 10.81 10.62 10.42 10.21 10.00 9.77 9.54 9.31 9.07 8.84
5.22 4.76 4.34 3.96 3.60 3.26 2.94 2.65 2.38 2.14 1.93 1.75 1.61 1.52 1.47 1.47 1.54 1.66 1.85 2.11 2.43 2.78 3.14 3.51 3.90 4.30 4.71 5.12 5.54 5.95 6.35 6.73 7.09 7.43 7.76 8.07 8.36 8.65 8.94 9.22 9.50 9.78 10.06 10.35 10.64 10.94 11.23 11.50 11.74 11.95 12.14 12.30 12.42 12.52 12.58 12.62 12.63 12.62 12.58 12.52 12.44 12.34 12.21 12.07 11.91 11.75 11.58 11.40 11.22 11.03 10.85 10.66 10.47 10.27 10.06 9.84 9.61 9.38 9.15 8.91 8.67
5.18 4.71 4.28 3.89 3.54 3.21 2.90 2.61 2.35 2.11 1.91 1.74 1.60 1.51 1.46 1.47 1.53 1.66 1.85 2.11 2.43 2.77 3.13 3.50 3.89 4.29 4.70 5.11 5.53 5.95 6.36 6.76 7.14 7.50 7.83 8.16 8.47 8.77 9.07 9.36 9.65 9.93 10.22 10.51 10.80 11.09 11.37 11.63 11.87 12.08 12.26 12.41 12.53 12.61 12.67 12.69 12.69 12.65 12.60 12.52 12.42 12.29 12.15 11.99 11.83 11.66 11.48 11.29 11.11 10.92 10.73 10.53 10.34 10.13 9.92 9.70 9.47 9.24 9.01 8.77 8.53
5.17 4.69 4.24 3.84 3.48 3.16 2.86 2.58 2.32 2.09 1.89 1.73 1.59 1.50 1.46 1.47 1.53 1.66 1.85 2.10 2.42 2.76 3.12 3.49 3.88 4.27 4.68 5.09 5.51 5.93 6.36 6.77 7.16 7.54 7.89 8.23 8.56 8.88 9.18 9.49 9.78 10.08 10.36 10.65 10.94 11.23 11.50 11.76 11.99 12.19 12.36 12.50 12.62 12.70 12.75 12.76 12.74 12.69 12.61 12.51 12.39 12.25 12.09 11.93 11.76 11.58 11.39 11.20 11.01 10.81 10.61 10.42 10.22 10.01 9.80 9.57 9.35 9.11 8.88 8.65 8.41
5.17 4.68 4.23 3.82 3.45 3.11 2.82 2.55 2.30 2.08 1.88 1.72 1.59 1.50 1.46 1.47 1.54 1.66 1.85 2.10 2.41 2.75 3.10 3.48 3.86 4.26 4.66 5.08 5.49 5.91 6.34 6.76 7.17 7.56 7.93 8.29 8.64 8.97 9.29 9.60 9.91 10.20 10.50 10.78 11.07 11.35 11.62 11.87 12.09 12.29 12.45 12.59 12.69 12.77 12.81 12.81 12.79 12.72 12.63 12.50 12.36 12.21 12.05 11.88 11.69 11.51 11.31 11.12 10.92 10.72 10.52 10.32 10.12 9.91 9.69 9.46 9.24 9.01 8.77 8.54 8.31
5.19 4.69 4.24 3.82 3.44 3.10 2.79 2.53 2.29 2.07 1.88 1.72 1.59 1.51 1.47 1.47 1.54 1.66 1.84 2.10 2.41 2.74 3.09 3.46 3.84 4.24 4.64 5.05 5.47 5.89 6.31 6.73 7.15 7.56 7.96 8.33 8.70 9.04 9.38 9.70 10.01 10.31 10.61 10.90 11.18 11.46 11.72 11.96 12.18 12.37 12.53 12.65 12.75 12.82 12.85 12.85 12.81 12.74 12.63 12.50 12.35 12.19 12.01 11.83 11.64 11.45 11.25 11.04 10.84 10.63 10.43 10.23 10.02 9.81 9.59 9.37 9.14 8.91 8.68 8.45 8.22
5.22 4.73 4.27 3.84 3.46 3.11 2.79 2.52 2.28 2.06 1.87 1.72 1.59 1.51 1.47 1.48 1.54 1.66 1.84 2.09 2.40 2.73 3.08 3.44 3.82 4.22 4.62 5.03 5.44 5.86 6.29 6.71 7.13 7.55 7.96 8.36 8.74 9.10 9.45 9.78 10.10 10.41 10.70 10.99 11.27 11.54 11.80 12.04 12.25 12.43 12.58 12.70 12.79 12.85 12.88 12.87 12.82 12.75 12.63 12.50 12.34 12.16 11.98 11.79 11.60 11.39 11.19 10.98 10.77 10.56 10.35 10.15 9.94 9.73 9.51 9.28 9.06 8.83 8.60 8.37 8.14
5.28 4.79 4.32 3.90 3.50 3.15 2.82 2.53 2.28 2.06 1.88 1.72 1.60 1.52 1.48 1.49 1.55 1.67 1.85 2.09 2.39 2.72 3.06 3.43 3.80 4.19 4.59 5.00 5.42 5.83 6.25 6.68 7.10 7.52 7.95 8.36 8.76 9.13 9.49 9.84 10.16 10.48 10.78 11.07 11.34 11.61 11.86 12.09 12.29 12.47 12.61 12.73 12.81 12.86 12.88 12.86 12.81 12.73 12.62 12.49 12.33 12.15 11.96 11.76 11.56 11.35 11.13 10.92 10.71 10.49 10.28 10.08 9.87 9.66 9.44 9.21 8.98 8.76 8.53 8.30 8.08
5.36 4.86 4.40 3.97 3.57 3.21 2.87 2.56 2.30 2.07 1.88 1.73 1.61 1.53 1.49 1.50 1.55 1.67 1.85 2.09 2.38 2.71 3.05 3.41 3.78 4.17 4.56 4.97 5.38 5.80 6.22 6.64 7.07 7.50 7.92 8.34 8.75 9.15 9.52 9.87 10.21 10.52 10.83 11.11 11.39 11.65 11.90 12.12 12.32 12.48 12.62 12.73 12.81 12.85 12.86 12.84 12.78 12.70 12.60 12.47 12.31 12.13 11.94 11.73 11.52 11.31 11.09 10.87 10.65 10.44 10.22 10.02 9.81 9.59 9.37 9.15 8.92 8.70 8.47 8.25 8.03
