data_processed/recharge/precip/Precip_2003_03.asc
ncols        168
nrows        136
xllcorner    455000
yllcorner    2107000
cellsize     500
NODATA_value     -99999
[rows 35 to 69 of 136, columns 79 to 157 of 168]
11.02 11.03 11.05 11.09 11.13 11.19 11.26 11.34 11.43 11.53 11.63 11.74 11.85 11.97 12.09 12.21 12.34 12.46 12.59 12.71 12.83 12.95 13.06 13.17 13.27 13.37 13.45 13.53 13.60 13.65 13.70 13.73 13.75 13.75 13.74 13.71 13.67 13.60 13.52 13.41 13.29 13.14 12.97 12.78 12.56 12.32 12.05 11.77 11.48 11.18 10.88 10.61 10.39 10.24 10.14 10.09 10.06 10.07 10.10 10.16 10.24 10.34 10.47 10.61 10.77 10.96 11.15 11.36 11.59 11.83 12.07 12.33 12.60 12.87 13.15 13.43 13.71 14.00 14.28
11.07 11.09 11.13 11.18 11.24 11.31 11.39 11.48 11.58 11.68 11.80 11.91 12.04 12.16 12.29 12.42 12.56 12.69 12.82 12.95 13.07 13.19 13.31 13.42 13.53 13.62 13.71 13.79 13.86 13.92 13.96 14.00 14.01 14.02 14.00 13.97 13.93 13.86 13.77 13.67 13.54 13.39 13.21 13.01 12.79 12.54 12.26 11.96 11.64 11.31 10.98 10.68 10.44 10.26 10.13 10.03 9.96 9.92 9.91 9.93 9.97 10.04 10.13 10.25 10.38 10.54 10.71 10.89 11.10 11.32 11.55 11.79 12.04 12.30 12.57 12.84 13.12 13.40 13.69
11.12 11.16 11.21 11.27 11.34 11.42 11.51 11.61 11.72 11.84 11.96 12.09 12.22 12.35 12.49 12.63 12.77 12.90 13.04 13.17 13.30 13.43 13.55 13.66 13.77 13.87 13.96 14.04 14.11 14.17 14.21 14.25 14.26 14.26 14.25 14.22 14.17 14.10 14.01 13.90 13.76 13.61 13.43 13.22 12.99 12.73 12.45 12.13 11.79 11.44 11.07 10.74 10.48 10.26 10.08 9.93 9.82 9.73 9.68 9.66 9.67 9.70 9.76 9.84 9.94 10.07 10.21 10.38 10.56 10.75 10.97 11.19 11.43 11.68 11.93 12.20 12.47 12.75 13.03
11.18 11.22 11.28 11.36 11.44 11.53 11.64 11.75 11.87 11.99 12.12 12.26 12.40 12.54 12.68 12.82 12.97 13.11 13.25 13.39 13.52 13.65 13.78 13.89 14.00 14.11 14.20 14.28 14.35 14.41 14.45 14.48 14.50 14.50 14.48 14.44 14.39 14.32 14.22 14.11 13.97 13.81 13.62 13.41 13.17 12.91 12.61 12.29 11.94 11.56 11.16 10.80 10.49 10.22 9.99 9.79 9.63 9.51 9.41 9.35 9.32 9.31 9.33 9.38 9.46 9.55 9.67 9.81 9.97 10.14 10.34 10.54 10.76 11.00 11.25 11.50 11.77 12.04 12.32
11.23 11.29 11.36 11.45 11.54 11.65 11.76 11.88 12.01 12.14 12.28 12.42 12.57 12.72 12.86 13.01 13.16 13.31 13.46 13.60 13.74 13.87 13.99 14.11 14.22 14.33 14.42 14.50 14.57 14.63 14.67 14.70 14.71 14.71 14.69 14.65 14.59 14.51 14.42 14.29 14.15 13.98 13.79 13.57 13.32 13.05 12.75 12.42 12.06 11.66 11.24 10.84 10.47 10.15 9.87 9.62 9.41 9.24 9.10 9.00 8.93 8.88 8.87 8.89 8.93 8.99 9.08 9.20 9.33 9.48 9.66 9.84 10.05 10.27 10.50 10.75 11.01 11.27 11.55
11.31 11.39 11.47 11.56 11.67 11.78 11.90 12.03 12.17 12.31 12.45 12.60 12.75 12.91 13.06 13.22 13.37 13.52 13.67 13.82 13.96 14.09 14.22 14.34 14.45 14.55 14.64 14.73 14.79 14.85 14.89 14.92 14.93 14.92 14.90 14.85 14.79 14.71 14.60 14.48 14.32 14.15 13.95 13.72 13.47 13.19 12.87 12.53 12.16 11.76 11.32 10.88 10.46 10.08 9.75 9.45 9.20 8.98 8.79 8.65 8.53 8.45 8.40 8.38 8.39 8.42 8.49 8.57 8.68 8.81 8.96 9.13 9.32 9.53 9.75 9.98 10.23 10.49 10.76
11.45 11.53 11.62 11.73 11.84 11.96 12.09 12.23 12.37 12.52 12.67 12.82 12.98 13.14 13.30 13.46 13.61 13.77 13.92 14.06 14.21 14.34 14.47 14.59 14.70 14.80 14.89 14.97 15.04 15.09 15.13 15.15 15.16 15.15 15.12 15.07 15.00 14.91 14.80 14.67 14.51 14.32 14.11 13.88 13.62 13.32 13.00 12.65 12.27 11.85 11.41 10.95 10.49 10.06 9.67 9.33 9.02 8.75 8.53 8.34 8.18 8.06 7.97 7.92 7.89 7.89 7.92 7.98 8.07 8.17 8.30 8.45 8.62 8.81 9.02 9.24 9.48 9.73 9.99
11.64 11.73 11.83 11.94 12.06 12.19 12.33 12.47 12.62 12.77 12.93 13.09 13.25 13.41 13.57 13.73 13.89 14.05 14.20 14.35 14.49 14.62 14.75 14.87 14.98 15.08 15.17 15.25 15.31 15.36 15.39 15.41 15.41 15.39 15.36 15.30 15.23 15.13 15.01 14.87 14.70 14.51 14.29 14.04 13.77 13.46 13.13 12.77 12.37 11.95 11.50 11.03 10.56 10.09 9.65 9.25 8.89 8.58 8.31 8.07 7.87 7.71 7.59 7.49 7.43 7.40 7.41 7.43 7.49 7.57 7.68 7.81 7.96 8.13 8.33 8.53 8.76 9.00 9.26
11.88 11.98 12.08 12.20 12.33 12.46 12.61 12.75 12.91 13.06 13.22 13.39 13.55 13.72 13.88 14.04 14.20 14.36 14.51 14.66 14.80 14.93 15.06 15.18 15.28 15.38 15.47 15.54 15.60 15.64 15.67 15.68 15.68 15.65 15.61 15.55 15.46 15.36 15.23 15.07 14.90 14.69 14.46 14.21 13.92 13.60 13.26 12.88 12.48 12.05 11.59 11.12 10.64 10.16 9.68 9.23 8.82 8.45 8.13 7.85 7.61 7.41 7.24 7.11 7.02 6.96 6.93 6.93 6.96 7.01 7.10 7.20 7.34 7.49 7.67 7.86 8.08 8.31 8.56
12.17 12.27 12.39 12.51 12.64 12.78 12.93 13.08 13.24 13.40 13.56 13.73 13.89 14.06 14.22 14.38 14.54 14.70 14.85 15.00 15.14 15.27 15.39 15.51 15.61 15.70 15.78 15.85 15.90 15.94 15.96 15.97 15.95 15.92 15.87 15.80 15.71 15.59 15.45 15.29 15.10 14.88 14.64 14.37 14.07 13.74 13.39 13.00 12.59 12.15 11.68 11.20 10.72 10.23 9.74 9.25 8.79 8.38 8.01 7.68 7.40 7.15 6.95 6.78 6.65 6.55 6.49 6.46 6.46 6.49 6.55 6.63 6.75 6.88 7.04 7.22 7.42 7.65 7.88
12.50 12.61 12.73 12.86 13.00 13.14 13.29 13.45 13.61 13.77 13.93 14.10 14.27 14.43 14.60 14.76 14.92 15.07 15.22 15.36 15.50 15.63 15.75 15.86 15.95 16.04 16.12 16.18 16.22 16.25 16.27 16.26 16.24 16.20 16.14 16.06 15.96 15.83 15.68 15.50 15.30 15.07 14.82 14.53 14.22 13.88 13.51 13.12 12.70 12.25 11.78 11.29 10.80 10.30 9.81 9.31 8.82 8.35 7.93 7.56 7.23 6.94 6.70 6.49 6.32 6.19 6.09 6.03 6.00 6.01 6.04 6.10 6.19 6.31 6.45 6.62 6.81 7.02 7.25
12.87 13.00 13.13 13.26 13.40 13.54 13.70 13.85 14.01 14.18 14.34 14.51 14.67 14.84 15.00 15.16 15.32 15.47 15.61 15.75 15.88 16.01 16.12 16.23 16.32 16.40 16.46 16.52 16.56 16.58 16.58 16.57 16.54 16.49 16.42 16.32 16.21 16.07 15.91 15.72 15.50 15.26 14.99 14.69 14.37 14.02 13.64 13.24 12.81 12.36 11.88 11.38 10.88 10.38 9.88 9.38 8.87 8.38 7.91 7.49 7.11 6.78 6.49 6.25 6.04 5.87 5.74 5.65 5.59 5.56 5.57 5.61 5.68 5.78 5.90 6.05 6.22 6.42 6.64
13.24 13.41 13.56 13.69 13.83 13.98 14.13 14.29 14.45 14.61 14.78 14.94 15.11 15.27 15.43 15.59 15.74 15.89 16.03 16.16 16.29 16.41 16.51 16.61 16.70 16.77 16.83 16.87 16.90 16.91 16.91 16.89 16.84 16.78 16.70 16.59 16.46 16.31 16.14 15.93 15.70 15.45 15.16 14.85 14.52 14.16 13.77 13.36 12.93 12.46 11.98 11.48 10.97 10.46 9.96 9.45 8.94 8.43 7.93 7.46 7.04 6.67 6.33 6.05 5.80 5.60 5.43 5.31 5.22 5.16 5.14 5.16 5.20 5.28 5.38 5.51 5.67 5.86 6.06
13.62 13.83 14.01 14.16 14.31 14.45 14.61 14.76 14.92 15.08 15.25 15.41 15.57 15.73 15.88 16.04 16.19 16.33 16.46 16.59 16.71 16.82 16.92 17.01 17.09 17.15 17.20 17.24 17.25 17.26 17.24 17.21 17.15 17.08 16.98 16.86 16.72 16.55 16.36 16.14 15.90 15.63 15.33 15.01 14.66 14.29 13.90 13.48 13.04 12.57 12.08 11.57 11.06 10.55 10.04 9.52 9.01 8.50 7.99 7.49 7.02 6.60 6.22 5.89 5.61 5.37 5.17 5.01 4.89 4.80 4.75 4.74 4.76 4.82 4.90 5.02 5.16 5.33 5.52
13.99 14.25 14.47 14.65 14.81 14.96 15.11 15.27 15.42 15.58 15.74 15.90 16.06 16.21 16.36 16.51 16.65 16.79 16.92 17.04 17.15 17.25 17.34 17.42 17.49 17.55 17.58 17.61 17.62 17.61 17.58 17.53 17.46 17.37 17.26 17.13 16.97 16.79 16.58 16.35 16.09 15.80 15.49 15.16 14.81 14.43 14.03 13.61 13.16 12.68 12.18 11.67 11.15 10.64 10.12 9.60 9.08 8.57 8.05 7.54 7.04 6.58 6.16 5.79 5.46 5.18 4.94 4.75 4.60 4.48 4.41 4.37 4.36 4.39 4.46 4.55 4.68 4.83 5.02
14.37 14.66 14.92 15.14 15.33 15.49 15.64 15.80 15.95 16.11 16.26 16.41 16.57 16.72 16.86 17.00 17.14 17.27 17.39 17.50 17.60 17.70 17.78 17.85 17.90 17.95 17.97 17.99 17.98 17.96 17.92 17.85 17.77 17.67 17.54 17.39 17.22 17.02 16.80 16.55 16.27 15.97 15.66 15.32 14.95 14.57 14.16 13.73 13.27 12.79 12.29 11.77 11.25 10.72 10.20 9.68 9.16 8.64 8.12 7.61 7.10 6.60 6.14 5.73 5.36 5.04 4.77 4.54 4.35 4.20 4.10 4.03 4.00 4.01 4.05 4.13 4.24 4.37 4.54
14.75 15.07 15.37 15.63 15.85 16.04 16.20 16.35 16.50 16.65 16.80 16.95 17.10 17.24 17.38 17.51 17.64 17.76 17.87 17.97 18.07 18.15 18.22 18.28 18.32 18.35 18.37 18.37 18.35 18.31 18.25 18.18 18.08 17.96 17.82 17.65 17.46 17.25 17.00 16.74 16.45 16.15 15.82 15.47 15.10 14.71 14.29 13.85 13.39 12.90 12.39 11.87 11.34 10.81 10.29 9.76 9.24 8.71 8.19 7.68 7.17 6.66 6.17 5.71 5.30 4.94 4.63 4.37 4.14 3.97 3.83 3.74 3.68 3.66 3.68 3.74 3.83 3.95 4.11
15.12 15.49 15.81 16.11 16.36 16.59 16.78 16.93 17.08 17.22 17.37 17.51 17.64 17.78 17.91 18.03 18.15 18.26 18.36 18.46 18.54 18.61 18.67 18.71 18.75 18.76 18.76 18.75 18.71 18.66 18.59 18.50 18.38 18.25 18.09 17.90 17.70 17.46 17.20 16.93 16.63 16.31 15.98 15.62 15.24 14.84 14.42 13.97 13.50 13.01 12.50 11.97 11.44 10.91 10.38 9.85 9.32 8.79 8.27 7.75 7.24 6.73 6.23 5.75 5.30 4.90 4.54 4.24 3.98 3.77 3.61 3.48 3.40 3.36 3.35 3.39 3.46 3.56 3.70
15.50 15.89 16.25 16.58 16.87 17.12 17.34 17.52 17.67 17.81 17.95 18.08 18.21 18.34 18.46 18.57 18.68 18.78 18.87 18.95 19.02 19.08 19.12 19.15 19.17 19.17 19.16 19.13 19.08 19.01 18.92 18.81 18.68 18.53 18.35 18.14 17.92 17.67 17.40 17.11 16.81 16.48 16.14 15.77 15.38 14.98 14.55 14.10 13.62 13.12 12.60 12.07 11.54 11.00 10.47 9.93 9.40 8.87 8.35 7.83 7.31 6.80 6.30 5.81 5.33 4.89 4.50 4.16 3.87 3.62 3.42 3.27 3.16 3.09 3.06 3.07 3.12 3.21 3.33
15.88 16.30 16.69 17.04 17.36 17.64 17.89 18.10 18.27 18.42 18.54 18.67 18.79 18.90 19.01 19.12 19.21 19.30 19.38 19.45 19.50 19.55 19.58 19.60 19.60 19.59 19.56 19.51 19.44 19.35 19.25 19.12 18.97 18.79 18.60 18.37 18.13 17.87 17.59 17.29 16.98 16.64 16.29 15.92 15.52 15.11 14.67 14.22 13.74 13.23 12.71 12.17 11.63 11.10 10.56 10.02 9.49 8.96 8.43 7.91 7.39 6.88 6.38 5.89 5.40 4.93 4.50 4.12 3.79 3.51 3.28 3.10 2.96 2.86 2.81 2.80 2.83 2.90 3.00
16.25 16.70 17.12 17.50 17.85 18.15 18.43 18.66 18.86 19.02 19.15 19.27 19.38 19.48 19.58 19.67 19.75 19.83 19.89 19.95 19.99 20.02 20.04 20.04 20.02 19.99 19.95 19.88 19.79 19.69 19.56 19.42 19.25 19.05 18.83 18.59 18.34 18.07 17.78 17.47 17.15 16.81 16.44 16.06 15.66 15.24 14.80 14.34 13.85 13.34 12.82 12.28 11.73 11.19 10.65 10.11 9.58 9.04 8.51 7.99 7.47 6.96 6.46 5.97 5.48 5.01 4.55 4.13 3.77 3.45 3.19 2.97 2.80 2.68 2.60 2.56 2.57 2.62 2.70
16.62 17.10 17.54 17.95 18.32 18.65 18.95 19.21 19.43 19.62 19.77 19.88 19.98 20.07 20.16 20.23 20.30 20.36 20.41 20.45 20.48 20.49 20.49 20.47 20.44 20.39 20.33 20.24 20.14 20.02 19.87 19.70 19.51 19.29 19.06 18.81 18.54 18.26 17.96 17.65 17.31 16.96 16.59 16.21 15.80 15.37 14.92 14.46 13.97 13.46 12.92 12.38 11.83 11.29 10.75 10.20 9.67 9.13 8.60 8.08 7.56 7.05 6.54 6.05 5.56 5.09 4.63 4.19 3.78 3.43 3.13 2.88 2.68 2.53 2.42 2.36 2.35 2.38 2.44
16.99 17.50 17.96 18.39 18.78 19.14 19.46 19.74 19.98 20.19 20.36 20.49 20.58 20.66 20.73 20.80 20.85 20.90 20.93 20.95 20.96 20.96 20.94 20.91 20.86 20.79 20.70 20.60 20.47 20.33 20.16 19.97 19.76 19.53 19.28 19.02 18.74 18.45 18.14 17.82 17.48 17.12 16.74 16.35 15.93 15.50 15.05 14.57 14.08 13.56 13.03 12.48 11.93 11.39 10.84 10.30 9.76 9.22 8.69 8.16 7.64 7.13 6.63 6.13 5.65 5.18 4.72 4.27 3.84 3.46 3.12 2.84 2.61 2.42 2.29 2.21 2.17 2.17 2.22
17.36 17.89 18.37 18.82 19.24 19.61 19.95 20.25 20.51 20.74 20.93 21.07 21.18 21.26 21.32 21.36 21.40 21.43 21.45 21.45 21.44 21.42 21.38 21.33 21.26 21.17 21.07 20.94 20.80 20.63 20.44 20.23 19.99 19.75 19.49 19.22 18.93 18.63 18.32 17.98 17.63 17.27 16.89 16.48 16.06 15.63 15.17 14.69 14.19 13.67 13.13 12.59 12.04 11.49 10.94 10.39 9.85 9.31 8.78 8.25 7.73 7.22 6.72 6.23 5.74 5.27 4.81 4.37 3.94 3.52 3.15 2.84 2.57 2.36 2.20 2.09 2.02 2.01 2.04
17.72 18.27 18.78 19.25 19.68 20.07 20.43 20.75 21.03 21.27 21.47 21.63 21.76 21.85 21.90 21.93 21.95 21.96 21.96 21.95 21.92 21.88 21.82 21.75 21.66 21.55 21.42 21.27 21.10 20.91 20.70 20.47 20.22 19.97 19.70 19.42 19.12 18.81 18.49 18.15 17.79 17.42 17.03 16.62 16.19 15.75 15.29 14.81 14.30 13.78 13.24 12.69 12.14 11.58 11.04 10.49 9.95 9.41 8.87 8.35 7.83 7.31 6.81 6.32 5.84 5.37 4.91 4.47 4.04 3.62 3.23 2.88 2.58 2.34 2.15 2.01 1.92 1.88 1.89
18.08 18.65 19.17 19.66 20.11 20.52 20.89 21.22 21.52 21.77 21.99 22.17 22.31 22.41 22.47 22.49 22.50 22.49 22.47 22.43 22.39 22.32 22.25 22.15 22.04 21.91 21.75 21.58 21.39 21.18 20.94 20.70 20.45 20.18 19.90 19.61 19.31 18.99 18.65 18.30 17.94 17.56 17.16 16.75 16.32 15.87 15.40 14.92 14.41 13.89 13.34 12.79 12.24 11.68 11.13 10.58 10.04 9.50 8.97 8.44 7.92 7.41 6.91 6.42 5.94 5.47 5.01 4.57 4.14 3.73 3.34 2.97 2.64 2.36 2.14 1.97 1.86 1.79 1.78
18.44 19.02 19.56 20.06 20.53 20.95 21.34 21.68 21.99 22.26 22.49 22.68 22.83 22.94 23.01 23.04 23.04 23.01 22.97 22.91 22.84 22.76 22.66 22.54 22.40 22.25 22.07 21.88 21.66 21.43 21.18 20.93 20.66 20.39 20.10 19.80 19.48 19.15 18.81 18.46 18.09 17.70 17.30 16.88 16.44 15.99 15.52 15.03 14.52 13.99 13.45 12.89 12.34 11.78 11.23 10.68 10.14 9.60 9.06 8.54 8.02 7.51 7.01 6.52 6.04 5.57 5.12 4.68 4.26 3.85 3.46 3.08 2.73 2.43 2.17 1.98 1.84 1.75 1.71
18.79 19.38 19.94 20.46 20.93 21.37 21.77 22.12 22.44 22.72 22.96 23.16 23.32 23.44 23.52 23.56 23.55 23.52 23.45 23.38 23.29 23.18 23.05 22.91 22.75 22.57 22.37 22.15 21.91 21.67 21.41 21.15 20.87 20.58 20.29 19.98 19.65 19.32 18.97 18.60 18.23 17.83 17.43 17.00 16.56 16.10 15.63 15.14 14.63 14.10 13.55 12.99 12.43 11.88 11.33 10.78 10.23 9.69 9.16 8.63 8.12 7.61 7.11 6.62 6.14 5.68 5.23 4.79 4.37 3.97 3.58 3.21 2.86 2.53 2.25 2.02 1.85 1.74 1.68
19.13 19.74 20.31 20.84 21.32 21.77 22.18 22.55 22.87 23.16 23.41 23.61 23.78 23.91 23.99 24.04 24.04 24.00 23.93 23.83 23.71 23.58 23.43 23.27 23.08 22.88 22.65 22.41 22.16 21.90 21.64 21.36 21.07 20.78 20.47 20.15 19.82 19.47 19.12 18.75 18.36 17.96 17.55 17.12 16.68 16.22 15.74 15.24 14.73 14.20 13.65 13.09 12.53 11.98 11.42 10.87 10.33 9.79 9.26 8.73 8.22 7.71 7.21 6.73 6.25 5.79 5.34 4.91 4.49 4.09 3.71 3.34 2.99 2.67 2.37 2.11 1.91 1.77 1.68
19.47 20.09 20.67 21.21 21.70 22.16 22.57 22.95 23.28 23.58 23.83 24.04 24.21 24.34 24.43 24.48 24.49 24.45 24.38 24.27 24.13 23.97 23.79 23.60 23.39 23.16 22.91 22.66 22.40 22.13 21.85 21.56 21.27 20.96 20.64 20.32 19.98 19.63 19.26 18.88 18.49 18.09 17.67 17.24 16.79 16.32 15.84 15.34 14.83 14.30 13.74 13.19 12.63 12.07 11.52 10.97 10.43 9.89 9.36 8.83 8.32 7.81 7.32 6.83 6.36 5.90 5.46 5.03 4.61 4.22 3.84 3.48 3.14 2.81 2.52 2.24 2.01 1.84 1.73
19.81 20.43 21.02 21.56 22.07 22.53 22.95 23.33 23.67 23.97 24.22 24.44 24.61 24.75 24.84 24.89 24.90 24.86 24.79 24.67 24.52 24.33 24.13 23.91 23.67 23.42 23.16 22.90 22.62 22.34 22.05 21.76 21.45 21.14 20.81 20.47 20.13 19.77 19.40 19.02 18.62 18.21 17.79 17.35 16.90 16.43 15.95 15.44 14.93 14.39 13.84 13.28 12.72 12.17 11.62 11.07 10.52 9.99 9.46 8.94 8.42 7.92 7.43 6.94 6.48 6.02 5.58 5.15 4.74 4.35 3.97 3.62 3.28 2.97 2.67 2.40 2.16 1.96 1.82
20.13 20.77 21.36 21.91 22.41 22.88 23.31 23.69 24.03 24.33 24.59 24.81 24.99 25.12 25.21 25.26 25.27 25.23 25.16 25.04 24.88 24.68 24.45 24.20 23.94 23.67 23.40 23.13 22.84 22.55 22.25 21.94 21.63 21.30 20.97 20.63 20.27 19.91 19.53 19.14 18.74 18.33 17.90 17.46 17.00 16.53 16.04 15.54 15.02 14.49 13.93 13.37 12.82 12.26 11.71 11.16 10.62 10.09 9.56 9.04 8.53 8.02 7.53 7.06 6.59 6.14 5.70 5.28 4.87 4.49 4.11 3.76 3.43 3.12 2.83 2.57 2.33 2.12 1.95
20.45 21.09 21.68 22.24 22.75 23.22 23.64 24.03 24.37 24.67 24.93 25.15 25.33 25.46 25.55 25.60 25.60 25.56 25.48 25.36 25.19 24.99 24.74 24.47 24.20 23.92 23.63 23.34 23.05 22.75 22.44 22.12 21.80 21.47 21.12 20.77 20.41 20.04 19.66 19.26 18.86 18.44 18.00 17.56 17.10 16.63 16.14 15.63 15.11 14.58 14.02 13.47 12.91 12.35 11.80 11.26 10.72 10.18 9.66 9.14 8.63 8.13 7.65 7.17 6.71 6.26 5.83 5.41 5.01 4.62 4.26 3.91 3.59 3.28 3.00 2.74 2.51 2.30 2.12
20.77 21.40 22.00 22.55 23.07 23.54 23.96 24.35 24.69 24.99 25.25 25.46 25.63 25.76 25.85 25.89 25.89 25.85 25.76 25.63 25.46 25.25 25.00 24.72 24.44 24.15 23.85 23.55 23.25 22.94 22.62 22.29 21.96 21.62 21.27 20.91 20.54 20.16 19.77 19.38 18.96 18.54 18.11 17.66 17.19 16.72 16.23 15.72 15.20 14.67 14.11 13.55 13.00 12.44 11.89 11.35 10.81 10.28 9.76 9.24 8.74 8.24 7.76 7.29 6.83 6.38 5.95 5.54 5.15 4.77 4.41 4.07 3.75 3.45 3.18 2.92 2.70 2.49 2.31
21.07 21.71 22.30 22.86 23.37 23.84 24.26 24.64 24.98 25.28 25.53 25.74 25.91 26.03 26.11 26.15 26.14 26.09 26.00 25.86 25.68 25.47 25.23 24.96 24.67 24.37 24.06 23.75 23.43 23.11 22.79 22.45 22.11 21.76 21.40 21.04 20.66 20.28 19.89 19.48 19.07 18.64 18.20 17.75 17.28 16.81 16.31 15.81 15.29 14.75 14.20 13.64 13.08 12.53 11.98 11.44 10.91 10.38 9.86 9.34 8.84 8.35 7.87 7.40 6.95 6.51 6.08 5.68 5.29 4.91 4.56 4.23 3.91 3.62 3.35 3.11 2.89 2.69 2.50
