data_processed/recharge/precip/Precip_1986_10.asc
ncols        168
nrows        136
xllcorner    455000
yllcorner    2107000
cellsize     500
NODATA_value     -99999
[rows 0 to 33 of 136, columns 77 to 153 of 168]
123.86 116.56 109.08 101.53 94.00 86.59 79.40 72.51 65.98 59.89 54.29 49.65 46.74 45.59 46.07 47.85 50.24 52.91 55.82 58.89 62.07 65.32 68.56 71.75 74.83 77.75 80.44 82.85 84.93 86.62 87.78 88.32 88.22 87.54 86.37 85.01 83.55 81.99 80.34 78.50 76.45 74.21 71.81 69.30 66.70 64.06 61.40 58.76 56.17 53.68 51.31 49.10 47.09 45.35 44.02 43.15 42.77 42.93 43.85 45.59 48.11 51.32 54.94 58.73 62.59 66.49 70.37 74.17 77.85 81.35 84.63 87.63 90.30 92.58 94.43 95.79 96.70
125.30 118.21 110.86 103.35 95.78 88.25 80.85 73.65 66.72 60.11 53.90 48.58 44.96 43.08 42.83 44.09 46.54 49.52 52.71 56.07 59.53 63.04 66.53 69.97 73.28 76.41 79.31 81.92 84.18 85.95 87.07 87.55 87.42 86.71 85.54 84.17 82.70 81.13 79.50 77.78 75.90 73.81 71.55 69.15 66.64 64.07 61.45 58.84 56.27 53.76 51.35 49.09 47.05 45.35 44.06 43.19 42.77 42.85 43.63 45.17 47.42 50.33 53.83 57.63 61.50 65.36 69.15 72.82 76.33 79.62 82.64 85.33 87.65 89.54 90.96 91.93 92.68
125.96 119.17 112.05 104.69 97.18 89.64 82.13 74.73 67.49 60.48 53.76 47.85 43.63 41.13 40.24 40.85 42.85 45.94 49.46 53.14 56.92 60.73 64.52 68.23 71.81 75.21 78.36 81.20 83.57 85.28 86.34 86.77 86.61 85.89 84.71 83.35 81.87 80.31 78.67 76.97 75.22 73.31 71.21 68.94 66.56 64.08 61.55 58.99 56.45 53.96 51.55 49.30 47.34 45.73 44.48 43.62 43.17 43.18 43.83 45.17 47.17 49.76 52.90 56.51 60.32 64.11 67.78 71.30 74.60 77.64 80.37 82.73 84.67 86.15 87.17 87.98 88.70
125.78 119.41 112.62 105.51 98.19 90.74 83.23 75.73 68.28 60.96 53.83 47.44 42.71 39.69 38.26 38.33 39.77 42.48 46.16 50.20 54.33 58.48 62.60 66.64 70.53 74.22 77.65 80.63 82.95 84.59 85.58 85.97 85.78 85.06 83.89 82.53 81.06 79.50 77.86 76.17 74.44 72.66 70.75 68.66 66.42 64.07 61.64 59.17 56.69 54.25 51.90 49.79 47.96 46.44 45.25 44.40 43.92 43.87 44.40 45.55 47.30 49.57 52.33 55.53 59.08 62.74 66.27 69.59 72.66 75.43 77.83 79.83 81.36 82.46 83.33 84.10 84.80
124.72 118.87 112.53 105.79 98.77 91.53 84.12 76.61 69.06 61.53 54.10 47.32 42.19 38.75 36.89 36.50 37.48 39.72 43.09 47.33 51.84 56.38 60.88 65.28 69.52 73.54 77.14 80.06 82.29 83.86 84.80 85.15 84.95 84.22 83.06 81.72 80.26 78.71 77.08 75.40 73.67 71.93 70.15 68.25 66.19 64.00 61.71 59.35 56.97 54.64 52.47 50.54 48.85 47.43 46.29 45.47 44.98 44.86 45.27 46.25 47.75 49.72 52.11 54.87 57.95 61.28 64.61 67.71 70.52 72.97 75.03 76.63 77.79 78.73 79.56 80.31 80.98
122.76 117.54 111.76 105.53 98.91 91.97 84.76 77.35 69.79 62.16 54.52 47.47 42.03 38.27 36.08 35.34 35.96 37.82 40.81 44.82 49.57 54.53 59.44 64.24 68.86 73.08 76.61 79.43 81.58 83.09 83.98 84.31 84.09 83.37 82.23 80.90 79.46 77.93 76.32 74.65 72.93 71.20 69.46 67.71 65.85 63.84 61.71 59.50 57.28 55.18 53.24 51.49 49.94 48.63 47.57 46.77 46.27 46.10 46.41 47.22 48.48 50.15 52.17 54.50 57.09 59.89 62.83 65.66 68.17 70.28 71.95 73.19 74.20 75.10 75.89 76.61 77.25
119.86 115.40 110.33 104.70 98.58 92.04 85.13 77.92 70.47 62.83 55.09 47.85 42.21 38.24 35.81 34.83 35.18 36.77 39.46 43.17 47.77 53.01 58.37 63.60 68.44 72.59 76.02 78.75 80.83 82.27 83.13 83.43 83.21 82.49 81.38 80.08 78.67 77.16 75.57 73.92 72.22 70.50 68.78 67.07 65.37 63.57 61.63 59.63 57.69 55.85 54.14 52.59 51.20 50.00 49.01 48.25 47.75 47.54 47.75 48.39 49.42 50.80 52.46 54.37 56.47 58.72 61.07 63.44 65.61 67.35 68.67 69.76 70.72 71.57 72.33 73.02 73.64
116.00 112.45 108.19 103.27 97.76 91.72 85.21 78.30 71.04 63.51 55.76 48.45 42.71 38.61 36.06 34.93 35.13 36.53 39.04 42.54 46.93 52.09 57.75 63.23 68.00 72.04 75.36 78.01 80.01 81.41 82.23 82.52 82.29 81.60 80.52 79.25 77.87 76.39 74.82 73.20 71.53 69.84 68.13 66.45 64.79 63.15 61.47 59.79 58.17 56.61 55.14 53.78 52.55 51.47 50.57 49.86 49.36 49.11 49.23 49.72 50.53 51.62 52.93 54.43 56.05 57.76 59.50 61.22 62.86 64.25 65.41 66.44 67.36 68.17 68.89 69.55 70.14
111.22 108.68 105.32 101.21 96.40 90.97 84.97 78.46 71.50 64.16 56.51 49.23 43.49 39.38 36.79 35.62 35.76 37.09 39.51 42.91 47.18 52.19 57.59 62.84 67.48 71.40 74.63 77.20 79.14 80.50 81.29 81.56 81.35 80.68 79.63 78.41 77.06 75.61 74.08 72.49 70.85 69.19 67.52 65.85 64.22 62.67 61.28 59.96 58.66 57.38 56.16 55.00 53.94 53.00 52.18 51.53 51.04 50.77 50.81 51.14 51.74 52.55 53.52 54.61 55.76 56.93 58.07 59.13 60.13 61.20 62.29 63.26 64.13 64.90 65.59 66.21 66.78
105.62 104.05 101.70 98.50 94.50 89.77 84.37 78.37 71.81 64.78 57.33 50.16 44.52 40.50 37.99 36.87 37.05 38.41 40.84 44.24 48.47 53.17 57.88 62.50 66.87 70.68 73.82 76.32 78.21 79.52 80.29 80.56 80.36 79.72 78.72 77.54 76.23 74.83 73.34 71.79 70.19 68.56 66.92 65.29 63.73 62.33 61.12 60.08 59.10 58.12 57.15 56.21 55.33 54.52 53.81 53.21 52.75 52.46 52.41 52.61 53.01 53.54 54.18 54.87 55.56 56.20 56.75 57.21 57.74 58.45 59.32 60.24 61.06 61.79 62.44 63.03 63.57
99.75 98.68 97.30 95.10 92.02 88.10 83.41 78.00 71.95 65.32 58.17 51.23 45.79 41.96 39.62 38.66 38.98 40.47 43.01 46.49 50.50 54.57 58.57 62.49 66.30 69.88 72.93 75.36 77.20 78.48 79.24 79.51 79.33 78.72 77.77 76.64 75.39 74.03 72.59 71.09 69.53 67.94 66.35 64.79 63.38 62.14 61.07 60.19 59.46 58.77 58.06 57.35 56.65 55.99 55.38 54.85 54.42 54.12 54.00 54.07 54.26 54.54 54.85 55.15 55.38 55.50 55.51 55.57 55.77 56.13 56.67 57.39 58.15 58.83 59.45 60.00 60.52
93.95 93.12 92.24 91.01 88.93 85.92 82.03 77.34 71.89 65.76 59.01 52.40 47.27 43.72 41.65 40.96 41.52 43.24 45.98 49.33 52.77 56.17 59.53 62.82 66.01 69.10 71.95 74.32 76.11 77.37 78.12 78.40 78.24 77.68 76.79 75.72 74.52 73.22 71.83 70.38 68.87 67.33 65.82 64.42 63.17 62.08 61.14 60.36 59.76 59.29 58.84 58.36 57.85 57.34 56.85 56.39 56.00 55.69 55.52 55.46 55.46 55.48 55.47 55.39 55.17 54.83 54.50 54.28 54.19 54.24 54.45 54.85 55.43 56.06 56.63 57.15 57.64
88.31 87.71 87.06 86.33 85.21 83.21 80.23 76.34 71.60 66.07 59.83 53.64 48.92 45.76 44.07 43.74 44.65 46.67 49.38 52.21 55.05 57.87 60.64 63.36 66.01 68.55 70.98 73.19 74.95 76.19 76.94 77.23 77.10 76.59 75.76 74.75 73.62 72.38 71.05 69.66 68.21 66.76 65.41 64.18 63.08 62.12 61.29 60.61 60.07 59.69 59.43 59.18 58.87 58.52 58.15 57.78 57.43 57.13 56.90 56.72 56.54 56.32 56.00 55.53 54.92 54.30 53.75 53.29 52.94 52.72 52.65 52.75 53.02 53.48 54.00 54.49 54.94
82.91 82.53 82.11 81.61 80.99 79.94 77.98 74.99 71.06 66.24 60.59 54.94 50.72 48.06 46.84 46.97 48.30 50.39 52.64 54.93 57.23 59.52 61.79 64.01 66.17 68.24 70.22 72.07 73.70 74.93 75.68 75.99 75.91 75.45 74.69 73.75 72.69 71.52 70.25 68.92 67.57 66.29 65.11 64.03 63.07 62.22 61.50 60.89 60.42 60.07 59.87 59.77 59.67 59.48 59.24 58.96 58.67 58.37 58.10 57.81 57.46 56.99 56.37 55.58 54.74 53.95 53.21 52.56 51.99 51.54 51.22 51.05 51.05 51.23 51.59 52.03 52.45
77.83 77.68 77.48 77.19 76.80 76.25 75.24 73.26 70.24 66.22 61.28 56.26 52.65 50.58 49.94 50.60 52.09 53.79 55.55 57.35 59.18 61.01 62.83 64.63 66.37 68.04 69.62 71.09 72.44 73.58 74.34 74.69 74.64 74.25 73.56 72.70 71.71 70.61 69.43 68.20 67.02 65.91 64.89 63.96 63.12 62.37 61.73 61.19 60.75 60.44 60.24 60.16 60.18 60.16 60.06 59.88 59.64 59.37 59.06 58.66 58.14 57.45 56.57 55.61 54.66 53.74 52.86 52.04 51.30 50.65 50.12 49.72 49.47 49.39 49.50 49.79 50.17
73.15 73.22 73.24 73.17 72.99 72.66 72.14 71.13 69.11 66.00 61.86 57.57 54.67 53.29 53.31 54.22 55.38 56.63 57.96 59.35 60.78 62.22 63.67 65.09 66.48 67.82 69.08 70.24 71.29 72.21 72.93 73.30 73.31 72.98 72.38 71.60 70.69 69.68 68.60 67.55 66.55 65.61 64.73 63.92 63.19 62.53 61.95 61.46 61.06 60.75 60.54 60.43 60.44 60.52 60.55 60.48 60.31 60.06 59.72 59.23 58.55 57.67 56.68 55.67 54.64 53.63 52.64 51.69 50.81 50.01 49.31 48.72 48.26 47.96 47.83 47.88 48.12
68.95 69.25 69.49 69.64 69.66 69.54 69.24 68.71 67.64 65.54 62.32 58.86 56.77 56.15 56.51 57.16 57.93 58.81 59.78 60.81 61.90 63.03 64.16 65.29 66.40 67.46 68.46 69.38 70.20 70.90 71.47 71.83 71.90 71.65 71.13 70.44 69.63 68.73 67.83 66.96 66.13 65.34 64.59 63.90 63.25 62.67 62.14 61.68 61.30 60.98 60.75 60.60 60.54 60.57 60.67 60.70 60.61 60.39 60.03 59.45 58.65 57.73 56.73 55.70 54.64 53.57 52.51 51.48 50.49 49.57 48.73 47.99 47.37 46.88 46.55 46.39 46.41
65.31 65.84 66.29 66.66 66.89 66.98 66.87 66.55 65.97 64.83 62.61 60.09 58.87 58.70 58.85 59.16 59.61 60.18 60.86 61.61 62.43 63.30 64.19 65.09 65.98 66.84 67.65 68.40 69.06 69.61 70.03 70.32 70.41 70.24 69.81 69.22 68.53 67.82 67.11 66.42 65.74 65.08 64.45 63.85 63.28 62.75 62.27 61.83 61.44 61.11 60.84 60.63 60.49 60.43 60.44 60.50 60.48 60.31 59.93 59.31 58.52 57.64 56.68 55.67 54.61 53.52 52.43 51.35 50.30 49.30 48.36 47.51 46.75 46.12 45.62 45.28 45.11
62.31 63.06 63.74 64.32 64.76 65.05 65.15 65.02 64.65 63.98 62.72 61.20 60.51 60.19 60.06 60.11 60.31 60.64 61.08 61.62 62.24 62.92 63.64 64.38 65.12 65.84 66.53 67.17 67.73 68.19 68.55 68.78 68.86 68.75 68.43 67.97 67.47 66.95 66.42 65.88 65.35 64.81 64.28 63.76 63.25 62.76 62.30 61.86 61.46 61.09 60.77 60.49 60.26 60.08 59.96 59.91 59.89 59.76 59.40 58.85 58.17 57.38 56.49 55.53 54.50 53.44 52.36 51.27 50.19 49.14 48.15 47.22 46.37 45.63 45.00 44.52 44.19
60.01 60.98 61.88 62.67 63.33 63.82 64.11 64.19 64.00 63.53 62.74 61.75 60.98 60.43 60.09 59.93 59.94 60.09 60.38 60.77 61.25 61.80 62.41 63.05 63.71 64.36 64.99 65.58 66.11 66.56 66.91 67.14 67.24 67.19 67.00 66.73 66.43 66.09 65.73 65.33 64.92 64.48 64.04 63.58 63.12 62.66 62.21 61.76 61.33 60.91 60.52 60.15 59.81 59.51 59.24 59.03 58.85 58.72 58.49 58.09 57.55 56.88 56.11 55.23 54.29 53.29 52.24 51.18 50.11 49.06 48.04 47.07 46.17 45.36 44.65 44.06 43.61
58.22 59.41 60.52 61.51 62.37 63.06 63.55 63.81 63.81 63.51 62.81 61.77 60.81 60.07 59.54 59.20 59.05 59.06 59.20 59.47 59.85 60.31 60.83 61.40 62.00 62.61 63.21 63.78 64.31 64.77 65.14 65.41 65.56 65.61 65.60 65.54 65.42 65.25 65.03 64.76 64.45 64.10 63.72 63.31 62.88 62.43 61.97 61.49 61.01 60.53 60.05 59.58 59.12 58.67 58.24 57.84 57.51 57.35 57.25 57.04 56.67 56.16 55.51 54.76 53.92 53.01 52.04 51.03 50.00 48.97 47.96 46.98 46.05 45.19 44.42 43.75 43.21
56.71 58.11 59.42 60.61 61.66 62.54 63.21 63.65 63.81 63.59 62.85 61.74 60.67 59.74 59.02 58.51 58.19 58.04 58.05 58.20 58.46 58.81 59.25 59.75 60.29 60.85 61.42 61.97 62.48 62.95 63.34 63.64 63.87 64.10 64.29 64.41 64.45 64.42 64.33 64.16 63.94 63.66 63.33 62.95 62.53 62.07 61.58 61.06 60.51 59.94 59.35 58.76 58.15 57.54 56.93 56.37 56.00 55.85 55.79 55.72 55.53 55.19 54.71 54.10 53.38 52.58 51.70 50.77 49.80 48.81 47.83 46.86 45.92 45.04 44.23 43.51 42.90
55.48 57.06 58.56 59.94 61.17 62.22 63.06 63.66 63.90 63.63 62.82 61.66 60.52 59.48 58.58 57.88 57.39 57.09 56.95 56.96 57.10 57.36 57.70 58.12 58.59 59.10 59.63 60.15 60.65 61.11 61.52 61.89 62.28 62.69 63.06 63.33 63.51 63.61 63.61 63.54 63.38 63.15 62.85 62.48 62.05 61.56 61.02 60.43 59.79 59.12 58.41 57.67 56.90 56.11 55.34 54.74 54.38 54.25 54.21 54.18 54.13 53.98 53.68 53.23 52.66 51.98 51.22 50.38 49.49 48.57 47.63 46.69 45.77 44.89 44.06 43.31 42.64
54.49 56.26 57.94 59.49 60.89 62.10 63.10 63.76 63.93 63.59 62.73 61.51 60.32 59.21 58.20 57.33 56.67 56.20 55.91 55.78 55.80 55.94 56.19 56.52 56.92 57.37 57.85 58.34 58.82 59.28 59.73 60.25 60.82 61.39 61.91 62.31 62.60 62.79 62.88 62.87 62.76 62.55 62.26 61.88 61.42 60.89 60.28 59.60 58.86 58.06 57.21 56.30 55.35 54.40 53.60 53.03 52.69 52.57 52.54 52.53 52.53 52.52 52.41 52.15 51.74 51.21 50.58 49.86 49.08 48.24 47.36 46.48 45.59 44.73 43.90 43.13 42.45
53.75 55.69 57.54 59.25 60.80 62.16 63.21 63.81 63.90 63.49 62.57 61.32 60.07 58.91 57.83 56.86 56.02 55.39 54.94 54.67 54.56 54.58 54.72 54.96 55.29 55.67 56.10 56.55 57.01 57.50 58.09 58.76 59.48 60.19 60.83 61.35 61.72 61.97 62.11 62.14 62.06 61.86 61.56 61.15 60.65 60.04 59.35 58.56 57.70 56.75 55.73 54.65 53.54 52.56 51.79 51.24 50.92 50.82 50.80 50.80 50.82 50.86 50.90 50.83 50.61 50.25 49.78 49.19 48.53 47.79 47.01 46.19 45.37 44.54 43.74 42.99 42.37
53.24 55.34 57.34 59.20 60.90 62.30 63.28 63.78 63.80 63.33 62.37 61.08 59.79 58.58 57.44 56.40 55.46 54.66 54.06 53.64 53.39 53.29 53.32 53.46 53.70 54.01 54.38 54.79 55.26 55.87 56.61 57.42 58.26 59.09 59.83 60.43 60.86 61.15 61.31 61.35 61.27 61.06 60.73 60.28 59.70 59.01 58.21 57.30 56.29 55.18 53.98 52.73 51.60 50.66 49.93 49.40 49.10 49.00 48.99 49.00 49.04 49.10 49.19 49.27 49.26 49.09 48.79 48.36 47.84 47.23 46.55 45.83 45.08 44.31 43.57 42.92 42.43
52.95 55.20 57.34 59.33 61.07 62.39 63.27 63.69 63.64 63.12 62.12 60.80 59.48 58.22 57.04 55.93 54.93 54.02 53.26 52.69 52.29 52.06 51.98 52.02 52.17 52.41 52.71 53.12 53.70 54.44 55.30 56.22 57.17 58.08 58.90 59.55 60.03 60.34 60.49 60.50 60.39 60.14 59.76 59.24 58.57 57.77 56.84 55.79 54.62 53.32 51.97 50.70 49.62 48.72 48.02 47.52 47.23 47.14 47.14 47.16 47.21 47.29 47.40 47.54 47.67 47.71 47.60 47.36 47.00 46.53 45.99 45.38 44.72 44.05 43.43 42.94 42.60
52.86 55.25 57.51 59.54 61.19 62.40 63.19 63.53 63.42 62.86 61.83 60.49 59.14 57.85 56.62 55.46 54.39 53.42 52.56 51.83 51.29 50.93 50.72 50.65 50.71 50.86 51.15 51.64 52.34 53.19 54.15 55.16 56.18 57.17 58.04 58.73 59.22 59.52 59.64 59.61 59.42 59.09 58.63 58.02 57.25 56.33 55.25 54.03 52.67 51.23 49.86 48.65 47.61 46.75 46.08 45.60 45.33 45.24 45.24 45.27 45.34 45.44 45.56 45.72 45.92 46.11 46.21 46.17 45.99 45.69 45.29 44.82 44.29 43.78 43.36 43.04 42.86
52.97 55.47 57.77 59.70 61.22 62.34 63.04 63.31 63.15 62.55 61.50 60.15 58.78 57.46 56.19 54.99 53.87 52.83 51.90 51.07 50.39 49.89 49.55 49.37 49.32 49.44 49.80 50.41 51.20 52.14 53.17 54.24 55.32 56.34 57.25 57.94 58.42 58.69 58.77 58.66 58.38 57.94 57.35 56.62 55.72 54.65 53.41 52.01 50.50 49.04 47.73 46.58 45.59 44.76 44.12 43.67 43.40 43.32 43.32 43.36 43.44 43.55 43.69 43.88 44.09 44.35 44.61 44.78 44.80 44.69 44.46 44.15 43.82 43.54 43.32 43.19 43.16
53.25 55.78 57.96 59.77 61.19 62.21 62.84 63.05 62.84 62.21 61.14 59.78 58.40 57.06 55.76 54.53 53.36 52.27 51.27 50.37 49.59 48.95 48.48 48.18 48.08 48.26 48.71 49.40 50.26 51.26 52.34 53.46 54.56 55.60 56.52 57.20 57.64 57.86 57.86 57.65 57.25 56.68 55.93 55.03 53.97 52.74 51.32 49.76 48.24 46.85 45.61 44.51 43.56 42.77 42.16 41.72 41.46 41.38 41.38 41.43 41.51 41.64 41.80 42.00 42.25 42.53 42.85 43.18 43.42 43.52 43.49 43.41 43.34 43.29 43.28 43.34 43.49
53.62 56.02 58.08 59.76 61.08 62.02 62.57 62.73 62.49 61.83 60.76 59.40 58.01 56.66 55.34 54.07 52.86 51.73 50.67 49.71 48.86 48.12 47.52 47.15 47.09 47.35 47.88 48.62 49.53 50.57 51.68 52.81 53.92 54.95 55.85 56.49 56.88 57.02 56.91 56.59 56.05 55.31 54.38 53.28 52.01 50.57 49.00 47.44 46.00 44.68 43.49 42.44 41.54 40.79 40.20 39.77 39.52 39.44 39.45 39.49 39.58 39.72 39.90 40.12 40.38 40.69 41.04 41.43 41.84 42.17 42.41 42.61 42.80 43.00 43.22 43.48 43.80
53.92 56.18 58.11 59.69 60.91 61.77 62.26 62.37 62.10 61.43 60.35 59.00 57.62 56.26 54.92 53.63 52.39 51.22 50.11 49.10 48.17 47.36 46.72 46.39 46.40 46.72 47.29 48.07 49.01 50.06 51.17 52.29 53.38 54.39 55.24 55.82 56.13 56.16 55.94 55.46 54.76 53.84 52.70 51.37 49.85 48.21 46.63 45.15 43.79 42.54 41.41 40.41 39.54 38.82 38.25 37.84 37.60 37.51 37.51 37.56 37.66 37.80 37.99 38.23 38.52 38.85 39.22 39.65 40.13 40.68 41.23 41.73 42.20 42.65 43.10 43.57 44.08
54.14 56.26 58.07 59.55 60.68 61.47 61.91 61.98 61.68 61.00 59.93 58.60 57.22 55.86 54.52 53.21 51.95 50.74 49.60 48.53 47.55 46.73 46.19 45.95 46.02 46.36 46.96 47.74 48.68 49.72 50.81 51.90 52.95 53.90 54.69 55.19 55.38 55.29 54.92 54.28 53.38 52.25 50.88 49.30 47.56 45.87 44.31 42.90 41.61 40.43 39.35 38.40 37.58 36.89 36.34 35.94 35.70 35.61 35.60 35.65 35.75 35.90 36.10 36.35 36.66 37.01 37.42 37.88 38.44 39.13 39.93 40.73 41.48 42.20 42.89 43.58 44.29
54.32 56.27 57.96 59.34 60.40 61.13 61.51 61.55 61.24 60.56 59.51 58.19 56.83 55.48 54.14 52.82 51.54 50.31 49.13 48.02 47.05 46.35 45.94 45.80 45.91 46.28 46.87 47.64 48.56 49.56 50.60 51.64 52.62 53.49 54.19 54.58 54.65 54.40 53.86 53.03 51.92 50.55 48.93 47.13 45.33 43.66 42.12 40.73 39.49 38.37 37.35 36.44 35.66 34.99 34.46 34.08 33.84 33.74 33.73 33.77 33.87 34.03 34.24 34.50 34.82 35.19 35.63 36.17 36.83 37.63 38.56 39.60 40.63 41.62 42.56 43.48 44.40
