data_processed/recharge/precip/Precip_1993_11.asc
ncols        168
nrows        136
xllcorner    455000
yllcorner    2107000
cellsize     500
NODATA_value     -99999
[rows 35 to 69 of 136, columns 79 to 157 of 168]
11.35 10.87 10.41 9.96 9.52 9.10 8.69 8.29 7.90 7.53 7.17 6.84 6.54 6.28 6.05 5.88 5.80 5.81 5.91 6.10 6.37 6.73 7.19 7.65 8.01 8.26 8.41 8.45 8.40 8.27 8.06 7.80 7.53 7.28 7.03 6.80 6.59 6.39 6.21 6.06 5.93 5.84 5.77 5.74 5.74 5.77 5.83 5.92 6.05 6.24 6.49 6.81 7.19 7.63 8.13 8.69 9.31 10.04 10.89 11.84 12.89 14.01 15.18 16.40 17.64 18.89 20.14 21.38 22.61 23.80 24.94 26.02 27.02 27.91 28.67 29.23 29.62 29.83 29.90
10.10 9.65 9.21 8.78 8.36 7.97 7.59 7.23 6.88 6.54 6.23 5.93 5.67 5.43 5.26 5.16 5.14 5.21 5.36 5.60 5.91 6.31 6.79 7.28 7.67 7.96 8.13 8.22 8.21 8.11 7.94 7.69 7.41 7.12 6.85 6.59 6.35 6.13 5.93 5.75 5.61 5.50 5.42 5.38 5.37 5.39 5.44 5.53 5.65 5.83 6.07 6.37 6.74 7.16 7.63 8.16 8.75 9.39 10.13 10.98 11.93 12.97 14.07 15.21 16.39 17.60 18.82 20.06 21.28 22.47 23.63 24.72 25.75 26.68 27.47 28.07 28.49 28.73 28.83
8.93 8.50 8.08 7.67 7.27 6.90 6.54 6.21 5.90 5.60 5.31 5.05 4.82 4.64 4.53 4.49 4.54 4.66 4.85 5.13 5.48 5.91 6.42 6.93 7.34 7.64 7.85 7.96 7.98 7.92 7.78 7.57 7.29 6.99 6.68 6.40 6.13 5.88 5.66 5.46 5.31 5.18 5.09 5.04 5.01 5.03 5.07 5.15 5.27 5.44 5.68 5.97 6.31 6.71 7.17 7.67 8.22 8.82 9.47 10.22 11.07 12.01 13.02 14.09 15.21 16.37 17.57 18.78 19.98 21.17 22.33 23.43 24.47 25.43 26.25 26.88 27.32 27.58 27.69
7.85 7.44 7.04 6.64 6.27 5.90 5.57 5.25 4.97 4.70 4.45 4.22 4.04 3.92 3.87 3.89 3.99 4.16 4.39 4.70 5.08 5.54 6.06 6.58 7.01 7.33 7.56 7.69 7.73 7.70 7.59 7.41 7.16 6.86 6.53 6.22 5.92 5.65 5.40 5.19 5.02 4.88 4.78 4.72 4.68 4.69 4.73 4.81 4.92 5.09 5.31 5.58 5.91 6.30 6.73 7.20 7.72 8.29 8.90 9.55 10.29 11.13 12.05 13.04 14.10 15.22 16.37 17.55 18.73 19.90 21.05 22.15 23.20 24.17 25.01 25.66 26.11 26.38 26.50
6.88 6.49 6.10 5.72 5.35 5.01 4.68 4.38 4.11 3.87 3.65 3.46 3.34 3.29 3.30 3.37 3.51 3.72 3.99 4.33 4.73 5.20 5.73 6.26 6.69 7.03 7.26 7.41 7.47 7.46 7.37 7.21 6.99 6.72 6.40 6.05 5.73 5.43 5.17 4.95 4.76 4.61 4.50 4.42 4.38 4.38 4.42 4.49 4.60 4.76 4.97 5.23 5.55 5.91 6.32 6.77 7.26 7.80 8.37 8.97 9.63 10.35 11.18 12.09 13.09 14.14 15.25 16.38 17.53 18.68 19.80 20.90 21.94 22.91 23.77 24.42 24.87 25.15 25.26
6.02 5.64 5.27 4.90 4.55 4.21 3.90 3.61 3.34 3.11 2.93 2.81 2.75 2.75 2.81 2.93 3.11 3.35 3.65 4.01 4.42 4.90 5.43 5.96 6.40 6.74 6.98 7.14 7.21 7.20 7.13 6.99 6.79 6.54 6.24 5.90 5.56 5.24 4.97 4.73 4.53 4.37 4.24 4.16 4.11 4.10 4.13 4.20 4.31 4.46 4.67 4.92 5.22 5.56 5.95 6.37 6.84 7.34 7.88 8.44 9.04 9.69 10.42 11.25 12.17 13.16 14.20 15.29 16.39 17.50 18.60 19.67 20.70 21.67 22.52 23.17 23.62 23.88 23.98
5.30 4.93 4.56 4.21 3.86 3.54 3.23 2.95 2.69 2.48 2.35 2.28 2.28 2.33 2.43 2.59 2.80 3.06 3.38 3.75 4.18 4.65 5.18 5.71 6.14 6.47 6.72 6.87 6.95 6.95 6.88 6.75 6.57 6.33 6.05 5.74 5.41 5.09 4.79 4.54 4.33 4.16 4.02 3.93 3.88 3.86 3.89 3.95 4.06 4.21 4.40 4.64 4.93 5.25 5.62 6.02 6.46 6.93 7.43 7.96 8.52 9.13 9.79 10.53 11.36 12.28 13.25 14.27 15.32 16.38 17.44 18.48 19.49 20.44 21.28 21.92 22.35 22.60 22.67
4.71 4.35 3.99 3.65 3.31 2.99 2.69 2.41 2.18 2.01 1.91 1.89 1.93 2.02 2.16 2.34 2.58 2.86 3.19 3.57 4.00 4.47 4.99 5.50 5.92 6.24 6.48 6.63 6.70 6.70 6.64 6.51 6.33 6.10 5.84 5.56 5.26 4.96 4.66 4.39 4.17 3.99 3.84 3.74 3.68 3.66 3.68 3.74 3.85 3.99 4.18 4.41 4.68 4.99 5.33 5.71 6.12 6.56 7.03 7.53 8.07 8.65 9.27 9.93 10.67 11.50 12.39 13.34 14.32 15.33 16.34 17.34 18.32 19.24 20.07 20.68 21.08 21.30 21.34
4.28 3.93 3.58 3.24 2.90 2.59 2.29 2.03 1.84 1.71 1.65 1.65 1.71 1.83 2.00 2.21 2.46 2.76 3.09 3.47 3.89 4.35 4.85 5.34 5.75 6.05 6.27 6.41 6.47 6.47 6.39 6.26 6.08 5.87 5.64 5.38 5.12 4.84 4.56 4.28 4.05 3.85 3.70 3.59 3.53 3.50 3.52 3.58 3.68 3.82 4.01 4.23 4.49 4.78 5.10 5.45 5.84 6.25 6.68 7.16 7.68 8.23 8.82 9.44 10.10 10.83 11.64 12.50 13.41 14.35 15.31 16.26 17.19 18.08 18.87 19.45 19.82 20.00 20.00
4.01 3.67 3.32 2.98 2.66 2.34 2.06 1.84 1.69 1.59 1.55 1.57 1.64 1.78 1.96 2.19 2.46 2.76 3.09 3.46 3.87 4.31 4.79 5.25 5.63 5.91 6.11 6.23 6.28 6.25 6.17 6.03 5.86 5.66 5.45 5.22 4.98 4.73 4.47 4.21 3.97 3.77 3.61 3.49 3.42 3.39 3.40 3.46 3.56 3.71 3.88 4.09 4.34 4.61 4.92 5.25 5.61 5.99 6.41 6.87 7.36 7.89 8.44 9.03 9.64 10.29 11.00 11.77 12.60 13.46 14.35 15.24 16.12 16.96 17.71 18.25 18.57 18.70 18.65
3.93 3.58 3.24 2.90 2.58 2.28 2.04 1.85 1.73 1.65 1.63 1.66 1.75 1.88 2.07 2.30 2.57 2.87 3.20 3.55 3.94 4.36 4.80 5.23 5.58 5.83 6.00 6.09 6.11 6.07 5.97 5.83 5.67 5.49 5.29 5.08 4.86 4.63 4.40 4.17 3.94 3.73 3.56 3.44 3.36 3.33 3.34 3.40 3.50 3.64 3.81 4.02 4.25 4.51 4.79 5.10 5.44 5.81 6.21 6.65 7.12 7.61 8.14 8.69 9.26 9.85 10.48 11.15 11.88 12.66 13.47 14.29 15.10 15.90 16.60 17.08 17.35 17.42 17.30
4.03 3.69 3.35 3.01 2.70 2.44 2.23 2.07 1.97 1.91 1.90 1.94 2.02 2.16 2.33 2.55 2.81 3.10 3.41 3.75 4.11 4.50 4.91 5.29 5.60 5.81 5.95 6.01 6.00 5.93 5.82 5.69 5.54 5.37 5.18 4.98 4.78 4.57 4.35 4.14 3.94 3.74 3.57 3.45 3.36 3.33 3.34 3.40 3.50 3.64 3.80 4.00 4.22 4.46 4.73 5.02 5.35 5.70 6.09 6.51 6.95 7.41 7.90 8.42 8.95 9.50 10.06 10.65 11.28 11.96 12.68 13.42 14.17 14.90 15.54 15.96 16.16 16.16 15.97
4.35 4.00 3.66 3.34 3.06 2.83 2.65 2.51 2.42 2.37 2.37 2.40 2.48 2.60 2.76 2.96 3.19 3.46 3.75 4.06 4.39 4.74 5.10 5.44 5.70 5.87 5.96 5.98 5.94 5.86 5.75 5.62 5.47 5.30 5.12 4.93 4.74 4.54 4.35 4.15 3.97 3.80 3.64 3.51 3.42 3.39 3.39 3.45 3.55 3.69 3.86 4.04 4.25 4.48 4.74 5.02 5.34 5.68 6.05 6.44 6.85 7.29 7.75 8.22 8.71 9.21 9.73 10.25 10.80 11.37 12.00 12.64 13.31 13.96 14.53 14.88 15.01 14.92 14.66
4.88 4.53 4.20 3.91 3.66 3.45 3.29 3.17 3.09 3.04 3.03 3.06 3.13 3.23 3.37 3.53 3.73 3.97 4.22 4.50 4.79 5.09 5.40 5.68 5.89 6.01 6.06 6.03 5.97 5.88 5.76 5.63 5.48 5.31 5.13 4.95 4.76 4.58 4.39 4.21 4.04 3.89 3.75 3.63 3.55 3.51 3.52 3.57 3.68 3.81 3.97 4.16 4.36 4.58 4.83 5.10 5.41 5.73 6.08 6.45 6.84 7.25 7.67 8.10 8.55 9.00 9.47 9.94 10.42 10.90 11.41 11.96 12.53 13.10 13.59 13.86 13.90 13.73 13.38
5.64 5.30 5.00 4.74 4.51 4.33 4.18 4.06 3.98 3.93 3.91 3.93 3.98 4.05 4.16 4.29 4.45 4.63 4.84 5.07 5.31 5.56 5.81 6.03 6.18 6.24 6.24 6.19 6.11 6.00 5.88 5.73 5.58 5.41 5.23 5.04 4.86 4.68 4.50 4.33 4.17 4.03 3.91 3.81 3.73 3.70 3.70 3.76 3.87 4.01 4.16 4.34 4.53 4.75 5.00 5.27 5.56 5.87 6.20 6.55 6.91 7.28 7.67 8.06 8.46 8.87 9.29 9.70 10.12 10.53 10.95 11.39 11.86 12.33 12.73 12.91 12.85 12.60 12.24
6.66 6.35 6.08 5.84 5.63 5.45 5.31 5.19 5.11 5.05 5.01 5.01 5.03 5.07 5.14 5.23 5.33 5.46 5.61 5.78 5.96 6.15 6.34 6.49 6.57 6.58 6.54 6.46 6.37 6.24 6.10 5.95 5.78 5.60 5.42 5.23 5.04 4.86 4.69 4.52 4.37 4.24 4.13 4.04 3.98 3.95 3.97 4.03 4.14 4.28 4.43 4.60 4.80 5.02 5.26 5.52 5.80 6.09 6.40 6.72 7.06 7.40 7.75 8.10 8.46 8.82 9.18 9.54 9.89 10.25 10.59 10.93 11.29 11.66 11.96 12.03 11.89 11.62 11.31
7.97 7.69 7.44 7.21 7.01 6.84 6.69 6.57 6.47 6.40 6.34 6.31 6.29 6.30 6.32 6.36 6.41 6.48 6.56 6.66 6.77 6.88 7.00 7.08 7.09 7.05 6.98 6.88 6.76 6.62 6.46 6.29 6.10 5.91 5.72 5.52 5.33 5.14 4.97 4.80 4.66 4.53 4.42 4.35 4.30 4.28 4.30 4.37 4.48 4.62 4.78 4.96 5.16 5.37 5.61 5.86 6.13 6.40 6.69 6.99 7.29 7.60 7.91 8.22 8.54 8.85 9.15 9.46 9.75 10.04 10.31 10.57 10.83 11.09 11.28 11.26 11.10 10.88 10.61
9.59 9.33 9.09 8.87 8.67 8.50 8.34 8.21 8.09 7.99 7.90 7.83 7.78 7.74 7.71 7.69 7.68 7.68 7.69 7.71 7.73 7.76 7.79 7.80 7.75 7.68 7.58 7.45 7.30 7.13 6.95 6.76 6.55 6.35 6.14 5.93 5.73 5.53 5.35 5.18 5.03 4.91 4.80 4.73 4.69 4.68 4.71 4.79 4.91 5.05 5.22 5.40 5.60 5.82 6.05 6.29 6.54 6.80 7.07 7.34 7.61 7.89 8.16 8.43 8.70 8.96 9.21 9.46 9.69 9.91 10.11 10.30 10.47 10.63 10.72 10.68 10.57 10.40 10.18
11.47 11.22 10.98 10.77 10.57 10.39 10.22 10.06 9.92 9.78 9.66 9.55 9.45 9.35 9.27 9.18 9.11 9.03 8.96 8.90 8.83 8.76 8.70 8.65 8.56 8.45 8.31 8.15 7.97 7.77 7.56 7.34 7.12 6.89 6.66 6.44 6.22 6.02 5.82 5.65 5.49 5.36 5.26 5.19 5.15 5.15 5.19 5.27 5.40 5.56 5.74 5.92 6.13 6.34 6.56 6.79 7.03 7.27 7.51 7.76 8.00 8.24 8.48 8.70 8.92 9.13 9.33 9.52 9.69 9.84 9.98 10.09 10.18 10.26 10.32 10.34 10.28 10.15 9.98
13.40 13.16 12.93 12.71 12.51 12.31 12.12 11.94 11.77 11.60 11.44 11.29 11.13 10.98 10.83 10.68 10.53 10.38 10.23 10.07 9.91 9.75 9.62 9.51 9.39 9.23 9.06 8.86 8.65 8.42 8.18 7.93 7.68 7.43 7.19 6.94 6.71 6.49 6.29 6.10 5.94 5.80 5.70 5.63 5.59 5.59 5.64 5.73 5.89 6.07 6.25 6.45 6.65 6.86 7.08 7.30 7.52 7.74 7.96 8.18 8.39 8.59 8.79 8.97 9.15 9.31 9.45 9.58 9.68 9.77 9.84 9.87 9.89 9.93 9.99 10.03 10.02 9.95 9.82
15.32 15.09 14.86 14.63 14.42 14.20 14.00 13.79 13.58 13.38 13.18 12.97 12.76 12.55 12.34 12.12 11.90 11.66 11.42 11.18 10.92 10.70 10.51 10.36 10.18 9.99 9.77 9.54 9.29 9.03 8.77 8.49 8.22 7.94 7.67 7.41 7.16 6.93 6.71 6.52 6.35 6.20 6.09 6.02 5.98 5.99 6.04 6.16 6.34 6.54 6.75 6.95 7.15 7.36 7.56 7.77 7.98 8.18 8.38 8.57 8.75 8.92 9.07 9.21 9.34 9.45 9.54 9.61 9.65 9.67 9.66 9.63 9.62 9.64 9.69 9.73 9.75 9.72 9.63
17.21 16.98 16.75 16.52 16.29 16.06 15.83 15.59 15.35 15.11 14.86 14.60 14.34 14.06 13.78 13.49 13.19 12.87 12.54 12.21 11.89 11.61 11.38 11.18 10.96 10.72 10.47 10.20 9.91 9.62 9.32 9.02 8.72 8.42 8.13 7.85 7.58 7.33 7.10 6.89 6.71 6.57 6.45 6.37 6.34 6.35 6.42 6.56 6.76 6.98 7.20 7.41 7.62 7.82 8.02 8.22 8.41 8.59 8.76 8.93 9.07 9.21 9.32 9.42 9.50 9.56 9.59 9.60 9.58 9.53 9.46 9.40 9.37 9.39 9.43 9.45 9.47 9.46 9.42
19.02 18.84 18.61 18.37 18.12 17.87 17.61 17.34 17.06 16.77 16.48 16.16 15.84 15.50 15.15 14.78 14.40 14.00 13.58 13.18 12.81 12.49 12.22 11.97 11.71 11.43 11.14 10.83 10.51 10.18 9.85 9.52 9.19 8.87 8.55 8.25 7.97 7.70 7.45 7.24 7.05 6.89 6.77 6.69 6.66 6.68 6.77 6.93 7.14 7.38 7.62 7.84 8.05 8.25 8.45 8.63 8.81 8.97 9.12 9.25 9.37 9.47 9.54 9.60 9.63 9.63 9.61 9.56 9.48 9.37 9.26 9.20 9.17 9.17 9.20 9.22 9.22 9.21 9.19
20.71 20.60 20.41 20.16 19.90 19.62 19.33 19.02 18.71 18.37 18.02 17.65 17.27 16.86 16.44 15.99 15.52 15.03 14.56 14.11 13.70 13.33 13.01 12.73 12.43 12.11 11.78 11.44 11.08 10.72 10.36 10.00 9.64 9.29 8.95 8.63 8.32 8.04 7.78 7.55 7.35 7.18 7.06 6.98 6.95 6.99 7.09 7.26 7.49 7.75 7.99 8.23 8.45 8.65 8.84 9.01 9.17 9.31 9.43 9.54 9.62 9.68 9.72 9.73 9.72 9.67 9.59 9.48 9.34 9.20 9.10 9.03 8.99 8.99 9.00 9.01 9.00 8.99 8.96
22.26 22.22 22.10 21.89 21.61 21.30 20.98 20.64 20.28 19.89 19.49 19.06 18.61 18.13 17.63 17.10 16.55 16.00 15.48 14.99 14.53 14.13 13.77 13.45 13.12 12.77 12.40 12.03 11.64 11.24 10.85 10.45 10.07 9.69 9.33 8.98 8.66 8.35 8.08 7.83 7.62 7.45 7.32 7.24 7.23 7.27 7.38 7.56 7.81 8.07 8.33 8.57 8.80 9.00 9.19 9.35 9.49 9.61 9.71 9.79 9.84 9.86 9.86 9.83 9.76 9.66 9.53 9.36 9.20 9.06 8.96 8.88 8.84 8.83 8.83 8.83 8.82 8.80 8.76
23.66 23.68 23.63 23.49 23.24 22.91 22.55 22.17 21.76 21.32 20.86 20.37 19.85 19.30 18.72 18.11 17.50 16.91 16.34 15.81 15.32 14.88 14.49 14.14 13.77 13.39 12.99 12.59 12.17 11.75 11.32 10.89 10.48 10.07 9.68 9.31 8.97 8.65 8.35 8.09 7.87 7.69 7.56 7.49 7.48 7.53 7.65 7.83 8.09 8.36 8.62 8.87 9.10 9.31 9.49 9.64 9.77 9.87 9.95 9.99 10.01 10.00 9.96 9.88 9.76 9.61 9.42 9.24 9.08 8.95 8.84 8.77 8.72 8.70 8.69 8.68 8.66 8.63 8.59
24.91 24.99 24.99 24.92 24.73 24.43 24.04 23.61 23.15 22.66 22.14 21.58 20.99 20.36 19.70 19.04 18.38 17.75 17.15 16.58 16.05 15.58 15.16 14.78 14.38 13.97 13.55 13.12 12.67 12.23 11.77 11.32 10.87 10.44 10.02 9.63 9.26 8.92 8.61 8.33 8.10 7.91 7.78 7.71 7.70 7.76 7.88 8.07 8.33 8.61 8.87 9.12 9.35 9.56 9.74 9.89 10.00 10.08 10.13 10.15 10.14 10.09 10.00 9.88 9.72 9.52 9.31 9.14 8.98 8.85 8.75 8.67 8.62 8.59 8.58 8.56 8.53 8.49 8.44
25.99 26.11 26.17 26.15 26.03 25.79 25.42 24.95 24.44 23.89 23.31 22.68 22.01 21.31 20.60 19.89 19.20 18.53 17.89 17.28 16.73 16.22 15.78 15.37 14.95 14.51 14.07 13.61 13.15 12.68 12.20 11.73 11.25 10.79 10.35 9.93 9.53 9.17 8.84 8.55 8.31 8.12 7.99 7.92 7.91 7.96 8.08 8.28 8.54 8.82 9.09 9.34 9.56 9.76 9.94 10.08 10.18 10.25 10.27 10.26 10.21 10.13 10.00 9.83 9.62 9.41 9.22 9.05 8.90 8.78 8.68 8.60 8.54 8.50 8.48 8.45 8.41 8.37 8.31
26.90 27.06 27.16 27.19 27.12 26.94 26.63 26.18 25.62 25.01 24.36 23.66 22.92 22.16 21.41 20.66 19.93 19.23 18.56 17.93 17.34 16.81 16.34 15.90 15.46 15.01 14.54 14.06 13.58 13.09 12.60 12.11 11.62 11.13 10.66 10.21 9.80 9.41 9.06 8.77 8.52 8.32 8.18 8.10 8.09 8.14 8.26 8.45 8.72 9.00 9.26 9.50 9.72 9.92 10.08 10.21 10.30 10.35 10.36 10.32 10.24 10.11 9.94 9.74 9.52 9.32 9.14 8.98 8.84 8.72 8.62 8.54 8.48 8.43 8.40 8.36 8.32 8.27 8.21
27.62 27.81 27.95 28.01 27.99 27.86 27.61 27.22 26.67 26.00 25.28 24.51 23.72 22.93 22.13 21.35 20.59 19.86 19.16 18.50 17.89 17.33 16.84 16.39 15.92 15.45 14.97 14.48 13.98 13.47 12.97 12.46 11.96 11.46 10.96 10.49 10.05 9.64 9.28 8.97 8.71 8.50 8.36 8.27 8.25 8.29 8.41 8.60 8.86 9.13 9.39 9.63 9.84 10.02 10.18 10.29 10.37 10.40 10.39 10.32 10.21 10.04 9.84 9.63 9.43 9.24 9.07 8.92 8.79 8.67 8.57 8.49 8.43 8.38 8.34 8.29 8.24 8.18 8.11
28.15 28.36 28.52 28.62 28.64 28.55 28.35 28.01 27.51 26.85 26.07 25.26 24.43 23.60 22.77 21.96 21.17 20.41 19.68 19.00 18.36 17.79 17.28 16.81 16.33 15.84 15.34 14.84 14.33 13.81 13.30 12.78 12.27 11.76 11.25 10.76 10.29 9.87 9.49 9.17 8.89 8.67 8.51 8.42 8.38 8.42 8.53 8.71 8.96 9.23 9.48 9.71 9.91 10.08 10.21 10.31 10.37 10.38 10.35 10.26 10.12 9.92 9.72 9.52 9.34 9.17 9.02 8.88 8.75 8.64 8.54 8.46 8.39 8.33 8.29 8.23 8.17 8.11 8.04
28.48 28.70 28.88 29.00 29.04 28.99 28.83 28.54 28.09 27.49 26.74 25.89 25.03 24.17 23.31 22.47 21.66 20.87 20.12 19.42 18.76 18.17 17.65 17.16 16.68 16.18 15.67 15.15 14.63 14.11 13.59 13.06 12.54 12.03 11.52 11.02 10.54 10.10 9.70 9.36 9.06 8.83 8.65 8.54 8.50 8.52 8.62 8.79 9.03 9.29 9.53 9.74 9.93 10.08 10.20 10.28 10.32 10.31 10.25 10.13 9.97 9.78 9.59 9.42 9.26 9.10 8.96 8.83 8.72 8.61 8.51 8.43 8.36 8.30 8.24 8.18 8.12 8.04 7.97
28.59 28.81 29.00 29.14 29.21 29.18 29.05 28.79 28.40 27.87 27.21 26.41 25.53 24.64 23.76 22.89 22.05 21.25 20.48 19.76 19.09 18.48 17.95 17.45 16.96 16.45 15.93 15.41 14.88 14.36 13.83 13.30 12.78 12.26 11.75 11.26 10.78 10.32 9.90 9.54 9.22 8.97 8.78 8.65 8.59 8.60 8.68 8.84 9.07 9.32 9.54 9.74 9.90 10.04 10.14 10.19 10.20 10.17 10.08 9.94 9.78 9.63 9.47 9.32 9.18 9.04 8.91 8.79 8.68 8.58 8.49 8.41 8.33 8.27 8.20 8.14 8.07 7.99 7.91
28.48 28.70 28.89 29.03 29.11 29.11 29.00 28.78 28.44 28.00 27.43 26.74 25.91 25.01 24.10 23.22 22.36 21.53 20.74 20.01 19.33 18.72 18.17 17.67 17.17 16.65 16.13 15.61 15.08 14.55 14.02 13.49 12.97 12.46 11.96 11.47 10.99 10.53 10.10 9.71 9.37 9.10 8.88 8.73 8.65 8.64 8.71 8.86 9.07 9.30 9.51 9.69 9.83 9.94 10.02 10.05 10.03 9.97 9.85 9.72 9.59 9.47 9.34 9.22 9.10 8.98 8.86 8.76 8.65 8.56 8.47 8.39 8.31 8.24 8.17 8.10 8.02 7.94 7.85
28.13 28.34 28.53 28.67 28.75 28.76 28.67 28.49 28.23 27.87 27.40 26.81 26.09 25.25 24.34 23.43 22.56 21.72 20.92 20.17 19.49 18.86 18.31 17.81 17.30 16.79 16.27 15.74 15.21 14.69 14.16 13.64 13.12 12.61 12.12 11.63 11.17 10.71 10.28 9.87 9.51 9.21 8.97 8.80 8.70 8.67 8.71 8.84 9.04 9.25 9.43 9.59 9.71 9.80 9.85 9.85 9.80 9.71 9.60 9.50 9.40 9.30 9.21 9.11 9.01 8.91 8.81 8.72 8.62 8.53 8.45 8.36 8.29 8.21 8.13 8.06 7.97 7.89 7.80
