data_processed/recharge/precip/Precip_2010_08.asc
ncols        168
nrows        136
xllcorner    455000
yllcorner    2107000
cellsize     500
NODATA_value     -99999
[rows 66 to 98 of 136, columns 0 to 73 of 168]
159.72 161.75 163.64 165.41 167.07 168.61 170.05 171.40 172.66 173.84 174.95 175.99 176.98 177.91 178.80 179.65 180.48 181.28 182.07 182.85 183.64 184.46 185.32 186.20 187.11 188.05 189.01 190.00 191.01 192.03 193.08 194.14 195.21 196.30 197.40 198.51 199.63 200.76 201.89 203.03 204.16 205.30 206.44 207.58 208.71 209.79 210.68 211.33 211.74 211.91 211.75 211.16 210.11 208.61 206.67 204.29 201.47 198.23 194.57 190.50 186.01 181.12 175.84 170.16 164.09 157.65 150.83 143.65 136.10 128.19 119.93 111.33 102.39 93.11
156.81 158.77 160.61 162.32 163.93 165.42 166.82 168.13 169.35 170.50 171.57 172.59 173.55 174.46 175.33 176.17 176.98 177.78 178.56 179.34 180.14 180.97 181.82 182.71 183.63 184.58 185.55 186.54 187.56 188.60 189.65 190.73 191.82 192.92 194.04 195.17 196.31 197.45 198.61 199.77 200.93 202.09 203.26 204.42 205.58 206.73 207.83 208.74 209.40 209.72 209.60 209.01 207.96 206.45 204.50 202.11 199.29 196.03 192.35 188.25 183.74 178.83 173.51 167.80 161.70 155.21 148.35 141.12 133.52 125.57 117.25 108.60 99.59 90.25
153.87 155.77 157.55 159.21 160.76 162.21 163.56 164.83 166.01 167.12 168.17 169.15 170.09 170.98 171.84 172.66 173.46 174.25 175.03 175.81 176.61 177.43 178.30 179.19 180.12 181.07 182.05 183.05 184.08 185.13 186.19 187.28 188.39 189.51 190.64 191.79 192.95 194.11 195.29 196.47 197.65 198.84 200.03 201.22 202.40 203.59 204.76 205.88 206.71 207.08 206.98 206.41 205.39 203.90 201.97 199.59 196.77 193.52 189.84 185.75 181.24 176.31 170.99 165.27 159.15 152.65 145.77 138.51 130.89 122.90 114.56 105.86 96.82 87.44
150.92 152.75 154.47 156.08 157.58 158.97 160.28 161.51 162.65 163.73 164.74 165.70 166.61 167.48 168.32 169.13 169.92 170.70 171.47 172.25 173.05 173.88 174.75 175.64 176.57 177.53 178.52 179.53 180.57 181.63 182.71 183.81 184.93 186.07 187.22 188.38 189.56 190.74 191.94 193.14 194.35 195.56 196.77 197.99 199.20 200.41 201.61 202.71 203.55 203.97 203.92 203.40 202.42 200.97 199.07 196.73 193.94 190.72 187.07 183.00 178.51 173.60 168.29 162.58 156.47 149.98 143.10 135.84 128.21 120.22 111.86 103.16 94.10 84.70
147.95 149.73 151.39 152.93 154.38 155.73 156.99 158.17 159.28 160.32 161.30 162.23 163.12 163.96 164.78 165.58 166.36 167.13 167.90 168.67 169.47 170.31 171.18 172.08 173.01 173.98 174.97 175.99 177.04 178.11 179.20 180.32 181.45 182.60 183.77 184.95 186.14 187.35 188.56 189.79 191.02 192.25 193.49 194.73 195.97 197.20 198.34 199.27 199.98 200.41 200.43 199.98 199.06 197.68 195.84 193.55 190.82 187.65 184.05 180.02 175.57 170.70 165.43 159.75 153.67 147.20 140.35 133.11 125.50 117.52 109.18 100.48 91.43 82.04
144.98 146.70 148.30 149.79 151.18 152.48 153.70 154.84 155.90 156.91 157.86 158.76 159.62 160.44 161.24 162.02 162.79 163.55 164.32 165.09 165.89 166.73 167.60 168.51 169.45 170.42 171.42 172.45 173.50 174.58 175.69 176.81 177.96 179.13 180.31 181.51 182.72 183.94 185.18 186.42 187.67 188.93 190.19 191.46 192.72 193.89 194.86 195.63 196.17 196.49 196.53 196.17 195.34 194.04 192.29 190.08 187.42 184.32 180.79 176.83 172.44 167.64 162.42 156.80 150.77 144.35 137.54 130.35 122.78 114.84 106.53 97.87 88.84 79.47
142.02 143.67 145.21 146.65 147.99 149.24 150.41 151.50 152.53 153.50 154.42 155.29 156.12 156.92 157.70 158.47 159.22 159.98 160.74 161.51 162.31 163.15 164.02 164.93 165.88 166.85 167.86 168.90 169.96 171.05 172.17 173.31 174.47 175.65 176.84 178.06 179.29 180.53 181.78 183.05 184.32 185.60 186.89 188.17 189.37 190.39 191.19 191.79 192.18 192.35 192.30 191.98 191.26 190.07 188.42 186.31 183.76 180.75 177.31 173.44 169.14 164.42 159.28 153.73 147.78 141.44 134.69 127.57 120.06 112.18 103.93 95.31 86.34 77.02
139.08 140.66 142.14 143.52 144.81 146.01 147.13 148.18 149.17 150.10 150.99 151.83 152.64 153.42 154.18 154.92 155.67 156.41 157.16 157.93 158.73 159.57 160.45 161.36 162.31 163.29 164.31 165.35 166.43 167.53 168.65 169.80 170.98 172.17 173.38 174.61 175.86 177.12 178.39 179.68 180.97 182.28 183.58 184.80 185.85 186.70 187.35 187.80 188.04 188.08 187.90 187.51 186.85 185.79 184.26 182.28 179.84 176.96 173.63 169.87 165.67 161.06 156.02 150.58 144.72 138.47 131.82 124.78 117.36 109.56 101.38 92.85 83.95 74.69
136.15 137.67 139.09 140.41 141.65 142.80 143.87 144.88 145.83 146.73 147.58 148.39 149.17 149.92 150.67 151.40 152.13 152.86 153.61 154.38 155.17 156.01 156.89 157.81 158.76 159.75 160.77 161.82 162.90 164.01 165.15 166.31 167.50 168.70 169.93 171.18 172.44 173.72 175.01 176.32 177.63 178.95 180.20 181.28 182.17 182.87 183.37 183.68 183.79 183.70 183.40 182.90 182.18 181.20 179.82 177.99 175.69 172.95 169.76 166.13 162.07 157.58 152.67 147.34 141.61 135.47 128.93 122.00 114.69 106.99 98.92 90.48 81.67 72.51
133.26 134.72 136.07 137.34 138.52 139.62 140.65 141.61 142.52 143.38 144.19 144.97 145.73 146.46 147.18 147.89 148.61 149.34 150.08 150.84 151.64 152.48 153.36 154.28 155.24 156.23 157.25 158.31 159.40 160.52 161.67 162.84 164.04 165.26 166.50 167.76 169.04 170.34 171.65 172.97 174.30 175.57 176.67 177.60 178.34 178.90 179.27 179.45 179.44 179.24 178.83 178.23 177.42 176.40 175.13 173.45 171.32 168.74 165.71 162.24 158.33 153.99 149.23 144.04 138.45 132.45 126.05 119.25 112.06 104.49 96.54 88.22 79.54 70.49
130.40 131.80 133.09 134.30 135.42 136.47 137.45 138.37 139.24 140.06 140.84 141.59 142.32 143.03 143.73 144.43 145.13 145.84 146.58 147.34 148.14 148.98 149.86 150.78 151.74 152.74 153.77 154.83 155.93 157.06 158.21 159.40 160.61 161.84 163.10 164.37 165.67 166.98 168.31 169.65 170.93 172.05 173.01 173.79 174.40 174.83 175.08 175.15 175.03 174.72 174.22 173.53 172.64 171.55 170.25 168.70 166.75 164.35 161.50 158.21 154.47 150.31 145.71 140.70 135.27 129.43 123.18 116.54 109.50 102.08 94.28 86.10 77.55 68.64
127.62 128.92 130.16 131.31 132.38 133.37 134.31 135.18 136.01 136.79 137.54 138.26 138.96 139.64 140.32 141.00 141.69 142.39 143.12 143.88 144.67 145.51 146.40 147.32 148.28 149.28 150.32 151.39 152.50 153.63 154.80 155.99 157.21 158.46 159.73 161.02 162.33 163.66 165.00 166.29 167.43 168.42 169.24 169.89 170.38 170.69 170.83 170.80 170.58 170.18 169.60 168.83 167.86 166.71 165.36 163.80 162.00 159.80 157.16 154.06 150.52 146.55 142.15 137.32 132.07 126.42 120.35 113.88 107.02 99.77 92.13 84.12 75.73 66.98
125.04 126.13 127.28 128.37 129.38 130.33 131.21 132.04 132.83 133.57 134.28 134.97 135.64 136.30 136.96 137.62 138.30 138.99 139.71 140.46 141.26 142.10 142.98 143.91 144.87 145.88 146.92 147.99 149.11 150.25 151.42 152.63 153.86 155.12 156.40 157.71 159.03 160.38 161.67 162.82 163.83 164.68 165.38 165.92 166.29 166.50 166.55 166.42 166.12 165.64 164.98 164.15 163.13 161.92 160.52 158.93 157.14 155.10 152.68 149.81 146.49 142.73 138.54 133.93 128.89 123.43 117.57 111.30 104.63 97.57 90.13 82.30 74.10 65.53
122.76 123.53 124.48 125.49 126.45 127.34 128.18 128.96 129.70 130.41 131.09 131.74 132.39 133.02 133.66 134.30 134.96 135.65 136.36 137.11 137.90 138.74 139.62 140.55 141.51 142.52 143.57 144.65 145.77 146.92 148.10 149.32 150.56 151.83 153.13 154.45 155.78 157.08 158.24 159.27 160.15 160.88 161.47 161.90 162.18 162.29 162.25 162.04 161.67 161.12 160.41 159.52 158.45 157.20 155.77 154.15 152.34 150.34 148.09 145.46 142.39 138.87 134.92 130.53 125.72 120.49 114.85 108.81 102.36 95.51 88.28 80.66 72.66 64.29
120.77 121.24 121.88 122.70 123.58 124.42 125.21 125.95 126.65 127.32 127.96 128.58 129.20 129.81 130.42 131.05 131.69 132.36 133.07 133.81 134.60 135.44 136.32 137.25 138.22 139.23 140.28 141.37 142.49 143.65 144.84 146.07 147.32 148.60 149.91 151.24 152.53 153.70 154.74 155.65 156.42 157.04 157.53 157.86 158.05 158.09 157.97 157.70 157.26 156.66 155.90 154.96 153.86 152.58 151.13 149.49 147.67 145.67 143.48 141.05 138.23 134.98 131.28 127.15 122.59 117.61 112.22 106.41 100.20 93.60 86.60 79.21 71.44 63.30
119.04 119.22 119.58 120.11 120.81 121.58 122.32 123.01 123.67 124.30 124.91 125.50 126.08 126.67 127.26 127.87 128.50 129.16 129.85 130.59 131.38 132.21 133.10 134.03 135.00 136.01 137.06 138.16 139.29 140.45 141.65 142.89 144.15 145.44 146.76 148.04 149.21 150.27 151.19 151.99 152.66 153.19 153.58 153.84 153.95 153.92 153.74 153.41 152.92 152.28 151.48 150.51 149.39 148.09 146.63 144.99 143.17 141.18 139.00 136.64 134.05 131.07 127.65 123.80 119.52 114.81 109.68 104.14 98.19 91.84 85.10 77.97 70.45 62.55
117.56 117.47 117.56 117.82 118.25 118.84 119.51 120.16 120.78 121.37 121.94 122.50 123.05 123.61 124.18 124.77 125.38 126.03 126.72 127.45 128.23 129.07 129.95 130.88 131.85 132.87 133.93 135.02 136.16 137.33 138.54 139.78 141.05 142.35 143.62 144.80 145.85 146.80 147.62 148.32 148.90 149.34 149.66 149.85 149.90 149.81 149.57 149.20 148.67 148.00 147.18 146.19 145.05 143.75 142.29 140.66 138.86 136.89 134.74 132.41 129.90 127.16 124.05 120.49 116.51 112.09 107.25 102.00 96.34 90.27 83.80 76.94 69.70 62.07
116.29 115.96 115.79 115.79 115.97 116.31 116.82 117.40 117.97 118.52 119.06 119.58 120.11 120.64 121.19 121.76 122.36 122.99 123.67 124.40 125.18 126.01 126.89 127.82 128.79 129.81 130.87 131.97 133.12 134.29 135.51 136.76 138.04 139.29 140.46 141.52 142.47 143.32 144.05 144.67 145.16 145.54 145.79 145.92 145.92 145.78 145.51 145.10 144.55 143.86 143.02 142.03 140.89 139.60 138.15 136.53 134.76 132.82 130.71 128.43 125.98 123.35 120.48 117.25 113.58 109.48 104.96 100.01 94.66 88.89 82.72 76.16 69.21 61.88
115.21 114.65 114.25 114.02 113.95 114.06 114.33 114.76 115.27 115.78 116.28 116.77 117.27 117.77 118.30 118.85 119.43 120.05 120.72 121.44 122.22 123.05 123.93 124.85 125.83 126.85 127.91 129.02 130.16 131.35 132.57 133.83 135.06 136.22 137.28 138.24 139.10 139.86 140.51 141.05 141.49 141.80 142.00 142.08 142.04 141.87 141.57 141.14 140.58 139.87 139.03 138.05 136.92 135.65 134.22 132.64 130.90 129.01 126.95 124.73 122.34 119.78 117.04 114.08 110.75 106.99 102.80 98.19 93.16 87.72 81.88 75.63 69.00 61.98
114.30 113.53 112.92 112.47 112.19 112.07 112.11 112.32 112.69 113.14 113.61 114.07 114.53 115.01 115.51 116.04 116.61 117.21 117.87 118.59 119.36 120.19 121.07 121.99 122.97 123.99 125.06 126.16 127.32 128.51 129.73 130.94 132.08 133.14 134.11 134.98 135.76 136.45 137.03 137.51 137.89 138.16 138.31 138.36 138.29 138.09 137.78 137.34 136.77 136.08 135.25 134.28 133.18 131.93 130.54 129.01 127.32 125.48 123.48 121.33 119.02 116.54 113.89 111.08 108.04 104.63 100.80 96.54 91.87 86.77 81.28 75.38 69.08 62.39
113.53 112.57 111.77 111.12 110.64 110.31 110.15 110.15 110.32 110.64 111.05 111.47 111.91 112.36 112.84 113.35 113.90 114.49 115.14 115.85 116.62 117.44 118.32 119.24 120.22 121.24 122.31 123.42 124.58 125.77 126.95 128.08 129.12 130.09 130.97 131.77 132.48 133.10 133.63 134.06 134.40 134.63 134.76 134.78 134.69 134.49 134.17 133.73 133.18 132.50 131.69 130.75 129.68 128.48 127.14 125.65 124.03 122.26 120.34 118.26 116.04 113.65 111.11 108.40 105.53 102.43 98.98 95.09 90.79 86.07 80.94 75.40 69.47 63.14
112.88 111.75 110.77 109.95 109.28 108.77 108.42 108.24 108.21 108.34 108.63 109.01 109.41 109.84 110.29 110.78 111.31 111.89 112.53 113.23 113.99 114.81 115.68 116.61 117.58 118.61 119.68 120.79 121.95 123.10 124.20 125.23 126.20 127.09 127.90 128.64 129.29 129.86 130.35 130.74 131.04 131.25 131.36 131.37 131.27 131.07 130.76 130.34 129.81 129.15 128.38 127.48 126.46 125.31 124.03 122.61 121.06 119.37 117.53 115.56 113.43 111.15 108.72 106.13 103.38 100.47 97.35 93.86 89.95 85.62 80.88 75.73 70.17 64.23
112.33 111.04 109.90 108.92 108.10 107.42 106.91 106.55 106.34 106.30 106.41 106.68 107.04 107.44 107.87 108.33 108.85 109.41 110.04 110.73 111.49 112.31 113.18 114.10 115.08 116.10 117.17 118.29 119.41 120.48 121.49 122.45 123.34 124.16 124.92 125.60 126.21 126.74 127.20 127.56 127.85 128.04 128.15 128.15 128.07 127.88 127.59 127.19 126.69 126.08 125.35 124.51 123.54 122.46 121.25 119.91 118.44 116.84 115.11 113.23 111.21 109.05 106.75 104.29 101.68 98.91 95.99 92.85 89.36 85.44 81.11 76.37 71.22 65.67
111.84 110.42 109.14 108.02 107.06 106.24 105.57 105.06 104.70 104.50 104.45 104.56 104.82 105.18 105.58 106.03 106.53 107.08 107.69 108.38 109.13 109.95 110.81 111.73 112.71 113.73 114.80 115.88 116.92 117.92 118.86 119.75 120.58 121.35 122.06 122.70 123.28 123.78 124.21 124.57 124.84 125.03 125.14 125.16 125.10 124.93 124.67 124.32 123.86 123.30 122.63 121.85 120.95 119.95 118.82 117.57 116.20 114.71 113.08 111.32 109.43 107.39 105.22 102.91 100.45 97.84 95.07 92.16 89.03 85.55 81.65 77.34 72.62 67.50
111.39 109.86 108.47 107.23 106.14 105.19 104.40 103.75 103.26 102.92 102.73 102.69 102.81 103.08 103.45 103.87 104.35 104.88 105.49 106.17 106.92 107.72 108.59 109.51 110.48 111.50 112.53 113.54 114.51 115.44 116.32 117.15 117.93 118.66 119.34 119.95 120.51 121.00 121.42 121.77 122.05 122.25 122.38 122.42 122.39 122.26 122.04 121.74 121.34 120.84 120.23 119.53 118.72 117.80 116.77 115.63 114.36 112.98 111.48 109.85 108.09 106.20 104.17 102.01 99.71 97.27 94.68 91.94 89.05 85.96 82.52 78.66 74.39 69.71
110.96 109.33 107.85 106.51 105.31 104.26 103.36 102.60 101.99 101.53 101.22 101.05 101.04 101.18 101.47 101.87 102.32 102.85 103.44 104.11 104.85 105.65 106.51 107.43 108.40 109.39 110.35 111.29 112.20 113.07 113.90 114.69 115.44 116.14 116.79 117.39 117.93 118.42 118.84 119.20 119.50 119.73 119.88 119.96 119.96 119.89 119.73 119.48 119.15 118.72 118.20 117.59 116.87 116.05 115.13 114.10 112.96 111.70 110.33 108.84 107.23 105.49 103.62 101.63 99.50 97.24 94.83 92.29 89.60 86.76 83.73 80.34 76.54 72.34
110.53 108.83 107.26 105.84 104.56 103.42 102.42 101.57 100.87 100.31 99.89 99.62 99.50 99.53 99.71 100.03 100.46 100.97 101.55 102.21 102.94 103.74 104.60 105.51 106.45 107.37 108.28 109.16 110.01 110.84 111.63 112.39 113.12 113.80 114.44 115.03 115.58 116.07 116.51 116.89 117.22 117.48 117.67 117.80 117.86 117.84 117.75 117.58 117.32 116.98 116.56 116.04 115.43 114.72 113.92 113.02 112.01 110.89 109.66 108.32 106.87 105.29 103.60 101.78 99.84 97.77 95.56 93.22 90.74 88.12 85.36 82.40 79.09 75.38
110.07 108.31 106.68 105.20 103.85 102.65 101.58 100.65 99.87 99.23 98.73 98.37 98.16 98.09 98.17 98.40 98.77 99.26 99.82 100.48 101.21 102.00 102.85 103.73 104.61 105.48 106.33 107.16 107.98 108.77 109.54 110.28 110.99 111.67 112.31 112.91 113.47 113.98 114.45 114.87 115.23 115.54 115.78 115.97 116.09 116.15 116.13 116.05 115.89 115.64 115.32 114.92 114.43 113.84 113.17 112.40 111.54 110.57 109.50 108.33 107.04 105.64 104.13 102.51 100.76 98.89 96.89 94.77 92.51 90.12 87.59 84.93 82.06 78.86
109.55 107.75 106.09 104.56 103.17 101.91 100.79 99.81 98.97 98.26 97.70 97.28 97.00 96.86 96.86 97.01 97.30 97.73 98.28 98.92 99.64 100.43 101.25 102.08 102.90 103.72 104.54 105.34 106.13 106.90 107.66 108.39 109.10 109.78 110.43 111.05 111.64 112.18 112.69 113.15 113.56 113.93 114.24 114.50 114.70 114.84 114.91 114.92 114.87 114.73 114.53 114.25 113.89 113.44 112.91 112.29 111.58 110.78 109.87 108.87 107.77 106.56 105.25 103.82 102.28 100.62 98.85 96.95 94.93 92.78 90.50 88.09 85.54 82.80
108.95 107.14 105.45 103.90 102.48 101.20 100.04 99.03 98.14 97.40 96.79 96.32 95.98 95.79 95.73 95.82 96.04 96.41 96.92 97.55 98.26 99.02 99.79 100.57 101.36 102.14 102.93 103.71 104.49 105.25 106.00 106.74 107.46 108.16 108.84 109.49 110.11 110.70 111.25 111.77 112.25 112.68 113.07 113.41 113.70 113.93 114.11 114.23 114.29 114.28 114.20 114.05 113.83 113.54 113.16 112.70 112.16 111.53 110.81 109.99 109.08 108.08 106.97 105.75 104.43 103.00 101.46 99.80 98.03 96.13 94.11 91.96 89.68 87.27
108.26 106.45 104.76 103.21 101.78 100.48 99.32 98.28 97.38 96.61 95.97 95.47 95.10 94.87 94.78 94.82 95.00 95.32 95.78 96.38 97.07 97.78 98.51 99.26 100.01 100.77 101.54 102.31 103.08 103.85 104.61 105.37 106.11 106.84 107.55 108.24 108.91 109.56 110.17 110.76 111.31 111.83 112.30 112.74 113.13 113.47 113.76 114.00 114.18 114.31 114.37 114.37 114.30 114.16 113.95 113.67 113.30 112.86 112.33 111.71 111.01 110.21 109.32 108.33 107.24 106.05 104.75 103.34 101.82 100.19 98.44 96.57 94.58 92.46
107.69 105.89 104.22 102.67 101.25 99.95 98.78 97.74 96.83 96.05 95.40 94.88 94.50 94.24 94.12 94.14 94.29 94.57 94.99 95.58 96.27 96.94 97.64 98.35 99.08 99.83 100.58 101.35 102.12 102.90 103.67 104.45 105.22 105.98 106.74 107.47 108.20 108.90 109.59 110.25 110.88 111.48 112.05 112.58 113.08 113.53 113.95 114.31 114.63 114.89 115.10 115.25 115.34 115.36 115.33 115.22 115.04 114.78 114.45 114.04 113.55 112.97 112.30 111.54 110.69 109.74 108.69 107.54 106.28 104.92 103.44 101.85 100.15 98.32
107.48 105.70 104.04 102.51 101.09 99.81 98.64 97.60 96.69 95.91 95.25 94.72 94.32 94.04 93.90 93.89 94.02 94.27 94.70 95.32 96.04 96.72 97.38 98.06 98.77 99.49 100.24 101.00 101.77 102.56 103.35 104.14 104.94 105.74 106.53 107.32 108.09 108.86 109.61 110.34 111.05 111.74 112.40 113.03 113.64 114.20 114.73 115.22 115.67 116.07 116.42 116.73 116.97 117.16 117.30 117.36 117.37 117.30 117.17 116.96 116.68 116.31 115.87 115.34 114.72 114.02 113.22 112.32 111.32 110.23 109.03 107.72 106.30 104.72
