data_processed/recharge/precip/Precip_2006_07.asc
ncols        168
nrows        136
xllcorner    455000
yllcorner    2107000
cellsize     500
NODATA_value     -99999
[rows 96 to 127 of 136, columns 0 to 71 of 168]
174.95 175.77 176.63 177.51 178.40 179.28 180.15 180.98 181.78 182.68 183.89 185.25 186.58 187.86 189.06 190.19 191.23 192.17 193.01 193.74 194.34 194.81 195.14 195.33 195.39 195.33 195.15 194.85 194.45 193.94 193.33 192.63 191.84 190.97 190.03 189.10 188.31 187.83 187.73 188.09 188.97 190.43 192.54 195.36 198.97 203.43 208.79 215.00 220.58 224.37 226.49 227.12 226.42 224.57 221.75 218.11 213.84 209.11 204.08 198.97 194.00 189.39 185.35 181.88 178.91 176.35 174.13 172.16 170.37 168.68 167.01 165.28
174.12 174.86 175.59 176.29 176.94 177.53 178.04 178.48 178.99 179.78 180.91 182.36 183.94 185.45 186.86 188.17 189.37 190.44 191.38 192.18 192.83 193.32 193.65 193.83 193.87 193.78 193.56 193.22 192.76 192.20 191.52 190.75 189.88 188.92 187.92 186.93 186.03 185.34 185.02 185.18 185.87 187.16 189.12 191.80 195.28 199.62 204.89 211.02 216.53 220.29 222.42 223.08 222.44 220.69 217.99 214.51 210.42 205.91 201.18 196.50 192.00 187.72 183.77 180.34 177.40 174.88 172.70 170.78 169.04 167.41 165.79 164.12
173.32 173.99 174.58 175.09 175.50 175.79 175.97 176.16 176.61 177.35 178.39 179.74 181.38 183.11 184.73 186.23 187.58 188.79 189.84 190.71 191.42 191.93 192.26 192.42 192.44 192.32 192.07 191.69 191.18 190.56 189.82 188.98 188.03 186.98 185.90 184.83 183.85 183.01 182.46 182.37 182.83 183.90 185.64 188.14 191.44 195.62 200.74 206.73 212.14 215.82 217.90 218.54 217.93 216.22 213.59 210.22 206.27 201.98 197.66 193.46 189.40 185.53 181.87 178.53 175.63 173.15 171.02 169.15 167.47 165.89 164.34 162.73
172.57 173.15 173.61 173.93 174.10 174.10 174.09 174.28 174.72 175.42 176.38 177.62 179.13 180.89 182.71 184.40 185.91 187.25 188.40 189.36 190.12 190.66 190.99 191.14 191.15 191.00 190.72 190.30 189.75 189.07 188.27 187.34 186.27 185.11 183.92 182.75 181.67 180.74 180.01 179.65 179.82 180.62 182.12 184.37 187.45 191.42 196.34 202.16 207.40 210.96 212.94 213.52 212.87 211.16 208.56 205.24 201.46 197.55 193.70 189.94 186.30 182.80 179.49 176.39 173.58 171.15 169.07 167.26 165.64 164.12 162.64 161.10
171.88 172.39 172.71 172.84 172.77 172.64 172.66 172.90 173.35 174.02 174.92 176.05 177.41 179.02 180.85 182.71 184.38 185.86 187.12 188.17 188.98 189.55 189.88 190.03 190.02 189.85 189.53 189.08 188.48 187.75 186.87 185.80 184.59 183.28 181.95 180.66 179.45 178.40 177.56 177.00 176.87 177.35 178.54 180.51 183.31 187.02 191.70 197.28 202.32 205.70 207.54 208.01 207.27 205.51 202.89 199.66 196.24 192.81 189.40 186.05 182.78 179.64 176.64 173.81 171.20 168.86 166.84 165.09 163.53 162.08 160.67 159.21
171.28 171.70 171.89 171.84 171.68 171.64 171.76 172.06 172.53 173.18 174.02 175.06 176.29 177.73 179.38 181.21 183.04 184.65 186.03 187.15 188.03 188.63 188.97 189.11 189.08 188.90 188.55 188.06 187.42 186.61 185.56 184.31 182.93 181.46 179.96 178.51 177.16 175.96 174.98 174.28 173.93 174.07 174.91 176.54 179.02 182.42 186.81 192.11 196.90 200.05 201.70 202.00 201.13 199.27 196.67 193.79 190.83 187.84 184.84 181.87 178.95 176.12 173.40 170.83 168.43 166.24 164.30 162.61 161.13 159.75 158.42 157.04
170.79 171.13 171.18 171.10 171.08 171.18 171.42 171.78 172.28 172.93 173.72 174.68 175.79 177.07 178.52 180.14 181.92 183.66 185.15 186.36 187.30 187.93 188.28 188.42 188.38 188.18 187.81 187.28 186.56 185.55 184.30 182.84 181.26 179.59 177.91 176.28 174.75 173.38 172.24 171.38 170.87 170.76 171.23 172.47 174.58 177.63 181.67 186.65 191.13 194.01 195.41 195.50 194.45 192.55 190.27 187.85 185.33 182.75 180.13 177.50 174.90 172.34 169.88 167.52 165.31 163.27 161.43 159.82 158.41 157.12 155.87 154.58
170.42 170.68 170.76 170.86 171.04 171.30 171.65 172.09 172.64 173.29 174.05 174.93 175.93 177.06 178.32 179.72 181.27 182.94 184.52 185.83 186.82 187.50 187.86 187.99 187.95 187.73 187.33 186.72 185.78 184.54 183.04 181.36 179.54 177.66 175.77 173.92 172.19 170.63 169.29 168.25 167.56 167.27 167.47 168.31 169.99 172.63 176.28 180.88 185.01 187.57 188.68 188.51 187.36 185.74 183.92 181.94 179.84 177.63 175.35 173.04 170.72 168.41 166.16 163.99 161.93 160.01 158.26 156.72 155.37 154.17 153.00 151.80
170.20 170.53 170.85 171.20 171.58 172.01 172.49 173.03 173.63 174.29 175.03 175.85 176.75 177.74 178.83 180.01 181.30 182.71 184.20 185.58 186.64 187.35 187.73 187.86 187.81 187.58 187.09 186.24 185.03 183.52 181.76 179.81 177.75 175.62 173.48 171.40 169.44 167.66 166.11 164.85 163.96 163.47 163.47 164.01 165.26 167.44 170.65 174.82 178.55 180.74 181.51 181.17 180.27 179.12 177.74 176.17 174.44 172.58 170.62 168.58 166.50 164.42 162.35 160.33 158.39 156.56 154.86 153.34 152.02 150.87 149.80 148.70
170.31 170.93 171.53 172.14 172.74 173.35 173.97 174.62 175.28 175.97 176.70 177.46 178.27 179.14 180.06 181.04 182.09 183.21 184.41 185.67 186.78 187.53 187.92 188.06 188.01 187.68 186.94 185.78 184.27 182.45 180.40 178.18 175.83 173.43 171.03 168.69 166.47 164.44 162.65 161.15 160.03 159.32 159.09 159.41 160.34 162.05 164.77 168.47 171.75 173.52 174.05 173.94 173.51 172.79 171.82 170.63 169.24 167.69 166.01 164.22 162.36 160.45 158.53 156.63 154.78 153.00 151.33 149.80 148.43 147.26 146.26 145.26
170.96 171.93 172.84 173.71 174.55 175.35 176.12 176.88 177.62 178.34 179.07 179.80 180.53 181.28 182.04 182.83 183.65 184.50 185.39 186.33 187.30 188.07 188.48 188.63 188.48 187.87 186.79 185.29 183.45 181.32 178.95 176.41 173.76 171.06 168.37 165.74 163.24 160.93 158.87 157.12 155.73 154.77 154.30 154.38 155.06 156.42 158.64 161.82 164.60 166.06 166.80 167.16 167.16 166.85 166.26 165.41 164.33 163.06 161.62 160.05 158.37 156.61 154.81 153.00 151.20 149.44 147.76 146.19 144.75 143.48 142.39 141.45
172.25 173.57 174.80 175.95 177.02 178.03 178.96 179.84 180.67 181.45 182.18 182.88 183.55 184.19 184.81 185.41 186.01 186.61 187.20 187.81 188.42 189.03 189.44 189.48 189.03 188.05 186.60 184.75 182.55 180.07 177.36 174.48 171.50 168.47 165.46 162.52 159.72 157.11 154.75 152.70 151.03 149.80 149.06 148.87 149.29 150.39 152.23 154.88 157.28 158.93 160.13 160.92 161.33 161.40 161.14 160.60 159.80 158.78 157.55 156.16 154.63 153.00 151.28 149.52 147.74 145.98 144.25 142.60 141.06 139.64 138.39 137.33
174.09 175.78 177.34 178.78 180.10 181.32 182.44 183.45 184.38 185.22 185.97 186.65 187.27 187.81 188.30 188.74 189.13 189.48 189.79 190.07 190.33 190.57 190.86 190.62 189.76 188.38 186.53 184.29 181.71 178.85 175.76 172.52 169.18 165.80 162.44 159.15 156.01 153.07 150.39 148.02 146.04 144.50 143.45 142.97 143.10 143.92 145.47 147.78 150.30 152.41 154.06 155.26 156.05 156.46 156.52 156.27 155.72 154.91 153.87 152.63 151.23 149.68 148.03 146.29 144.51 142.70 140.91 139.16 137.48 135.90 134.45 133.16
175.83 177.91 179.82 181.57 183.17 184.63 185.94 187.12 188.16 189.08 189.88 190.57 191.15 191.63 192.01 192.30 192.50 192.62 192.67 192.65 192.58 192.72 193.40 193.20 191.93 190.09 187.79 185.10 182.08 178.79 175.28 171.62 167.86 164.07 160.31 156.63 153.09 149.77 146.71 143.97 141.62 139.71 138.31 137.48 137.27 137.75 138.98 141.01 143.54 146.06 148.15 149.78 150.96 151.73 152.11 152.15 151.86 151.28 150.44 149.36 148.09 146.64 145.06 143.36 141.57 139.74 137.89 136.04 134.24 132.50 130.86 129.37
177.11 179.60 181.89 183.99 185.89 187.61 189.14 190.50 191.70 192.73 193.60 194.32 194.90 195.33 195.63 195.79 195.84 195.76 195.58 195.29 195.18 195.82 197.10 197.36 196.02 193.71 190.90 187.70 184.17 180.38 176.38 172.23 167.99 163.72 159.49 155.35 151.36 147.58 144.07 140.90 138.11 135.78 133.96 132.71 132.09 132.19 133.11 134.85 137.12 139.66 142.16 144.23 145.83 146.98 147.72 148.08 148.08 147.76 147.14 146.26 145.15 143.83 142.34 140.71 138.96 137.13 135.24 133.33 131.43 129.57 127.78 126.15
177.92 180.85 183.54 186.00 188.23 190.24 192.03 193.61 194.97 196.14 197.11 197.89 198.49 198.90 199.15 199.22 199.13 198.89 198.50 198.24 198.67 199.97 201.81 202.53 201.51 199.03 195.68 191.90 187.81 183.45 178.89 174.18 169.40 164.59 159.82 155.15 150.63 146.34 142.32 138.64 135.35 132.52 130.21 128.48 127.43 127.21 127.85 129.30 131.29 133.59 136.13 138.60 140.65 142.22 143.34 144.05 144.37 144.33 143.97 143.31 142.39 141.23 139.86 138.32 136.64 134.83 132.95 131.01 129.04 127.09 125.24 123.53
178.36 181.64 184.76 187.61 190.20 192.52 194.59 196.41 197.98 199.31 200.41 201.27 201.92 202.34 202.56 202.57 202.37 201.99 201.69 202.02 203.16 205.06 207.42 208.55 207.84 205.54 201.93 197.54 192.81 187.82 182.63 177.31 171.91 166.49 161.12 155.85 150.74 145.86 141.26 137.01 133.16 129.77 126.91 124.68 123.29 122.81 123.18 124.35 126.06 128.10 130.41 132.94 135.39 137.40 138.93 140.02 140.69 140.97 140.89 140.49 139.78 138.81 137.60 136.18 134.59 132.85 130.99 129.04 127.05 125.10 123.25 121.47
178.63 182.08 185.53 188.80 191.77 194.44 196.81 198.90 200.70 202.22 203.47 204.45 205.17 205.63 205.85 205.81 205.55 205.32 205.66 206.75 208.54 211.00 213.81 215.31 214.87 212.74 209.15 204.41 199.00 193.31 187.43 181.42 175.34 169.25 163.21 157.28 151.51 145.98 140.74 135.84 131.36 127.34 123.92 121.36 119.73 118.99 119.09 119.98 121.41 123.19 125.26 127.59 130.10 132.52 134.49 135.99 137.04 137.66 137.90 137.77 137.32 136.56 135.54 134.27 132.80 131.15 129.34 127.43 125.51 123.63 121.78 119.94
178.80 182.36 185.98 189.57 192.94 195.98 198.69 201.07 203.12 204.86 206.29 207.41 208.24 208.76 209.00 208.97 208.91 209.37 210.52 212.31 214.71 217.67 220.89 222.69 222.47 220.46 216.91 212.05 206.18 199.76 193.12 186.35 179.52 172.69 165.91 159.25 152.76 146.51 140.56 134.96 129.77 125.14 121.38 118.58 116.71 115.72 115.55 116.16 117.32 118.84 120.68 122.79 125.13 127.62 130.00 131.93 133.38 134.38 134.96 135.15 134.97 134.46 133.65 132.57 131.25 129.71 128.01 126.24 124.45 122.64 120.79 118.89
178.88 182.56 186.28 190.02 193.70 197.14 200.20 202.90 205.24 207.23 208.86 210.15 211.10 211.72 212.02 212.25 212.95 214.26 216.16 218.60 221.55 224.97 228.54 230.61 230.55 228.61 225.03 220.06 213.94 206.94 199.50 191.92 184.28 176.63 169.05 161.60 154.32 147.28 140.55 134.18 128.32 123.33 119.35 116.33 114.22 112.98 112.55 112.88 113.77 115.04 116.65 118.55 120.69 123.02 125.49 127.83 129.72 131.12 132.07 132.60 132.73 132.49 131.93 131.06 129.91 128.54 127.04 125.47 123.83 122.10 120.25 118.29
178.91 182.70 186.52 190.35 194.17 197.90 201.34 204.39 207.04 209.30 211.17 212.65 213.76 214.51 215.13 216.17 217.76 219.87 222.47 225.52 228.97 232.79 236.67 238.94 238.99 237.07 233.42 228.27 221.89 214.51 206.40 197.95 189.42 180.91 172.46 164.13 156.00 148.11 140.53 133.43 127.21 122.02 117.83 114.59 112.25 110.76 110.07 110.13 110.75 111.78 113.15 114.84 116.79 118.95 121.28 123.72 126.01 127.85 129.20 130.09 130.56 130.64 130.34 129.71 128.79 127.69 126.47 125.11 123.62 121.96 120.12 118.10
178.92 182.79 186.70 190.62 194.52 198.38 202.11 205.53 208.51 211.07 213.20 214.91 216.21 217.34 218.82 220.80 223.24 226.10 229.35 232.95 236.85 241.02 245.15 247.58 247.70 245.74 241.96 236.59 229.89 222.10 213.46 204.24 194.79 185.33 175.94 166.69 157.63 148.83 140.46 132.98 126.57 121.19 116.80 113.34 110.77 109.04 108.09 107.88 108.24 109.02 110.17 111.65 113.41 115.40 117.58 119.91 122.31 124.55 126.33 127.63 128.46 128.87 128.88 128.53 127.95 127.19 126.25 125.12 123.77 122.19 120.36 118.27
178.92 182.88 186.87 190.87 194.84 198.77 202.61 206.30 209.65 212.53 214.94 216.91 218.66 220.70 223.17 226.05 229.29 232.85 236.69 240.78 245.09 249.56 253.89 256.42 256.55 254.51 250.55 244.91 237.84 229.59 220.39 210.50 200.18 189.72 179.33 169.09 159.04 149.39 140.63 132.98 126.40 120.83 116.24 112.56 109.77 107.79 106.60 106.12 106.22 106.75 107.68 108.96 110.53 112.36 114.39 116.59 118.90 121.27 123.45 125.17 126.40 127.17 127.53 127.59 127.42 127.02 126.37 125.45 124.25 122.75 120.93 118.79
178.94 182.98 187.05 191.11 195.15 199.14 203.04 206.83 210.43 213.66 216.40 218.88 221.58 224.66 228.08 231.80 235.79 239.99 244.38 248.93 253.58 258.30 262.77 265.36 265.45 263.27 259.08 253.12 245.63 236.86 227.06 216.47 205.33 193.91 182.46 171.15 160.20 150.15 141.24 133.43 126.67 120.92 116.13 112.25 109.22 107.01 105.57 104.83 104.67 104.96 105.67 106.74 108.14 109.80 111.69 113.76 115.97 118.26 120.58 122.71 124.36 125.54 126.37 126.92 127.18 127.14 126.77 126.07 125.02 123.60 121.80 119.60
179.01 183.12 187.25 191.38 195.47 199.51 203.46 207.29 210.99 214.47 217.78 221.26 225.06 229.13 233.44 237.96 242.63 247.44 252.32 257.26 262.21 267.13 271.70 274.29 274.28 271.92 267.45 261.11 253.15 243.82 233.36 222.01 210.03 197.65 185.13 172.86 161.50 151.31 142.26 134.29 127.37 121.44 116.46 112.36 109.12 106.68 104.98 103.99 103.57 103.63 104.12 105.00 106.21 107.71 109.46 111.41 113.51 115.73 118.00 120.27 122.35 124.07 125.45 126.50 127.18 127.50 127.42 126.94 126.05 124.71 122.92 120.66
179.16 183.32 187.51 191.69 195.83 199.91 203.90 207.78 211.51 215.29 219.53 224.14 228.98 233.99 239.15 244.40 249.72 255.07 260.40 265.68 270.87 275.94 280.56 283.10 282.95 280.35 275.54 268.78 260.30 250.35 239.18 227.03 214.14 200.77 187.34 174.68 163.19 152.88 143.68 135.57 128.48 122.38 117.20 112.90 109.44 106.77 104.83 103.58 102.91 102.74 103.01 103.69 104.73 106.08 107.69 109.52 111.52 113.65 115.86 118.13 120.49 122.78 124.74 126.28 127.40 128.07 128.29 128.03 127.28 126.03 124.26 121.95
179.41 183.62 187.85 192.07 196.26 200.37 204.40 208.30 212.28 216.76 221.85 227.42 233.24 239.15 245.09 251.04 256.95 262.79 268.51 274.08 279.47 284.63 289.24 291.68 291.34 288.45 283.26 276.02 266.96 256.35 244.41 231.40 217.57 203.35 189.62 176.88 165.26 154.82 145.50 137.23 129.99 123.70 118.34 113.84 110.17 107.27 105.09 103.58 102.66 102.26 102.33 102.82 103.68 104.87 106.35 108.07 109.97 112.02 114.20 116.55 119.09 121.72 124.19 126.23 127.78 128.82 129.33 129.29 128.70 127.53 125.78 123.41
179.78 184.03 188.30 192.56 196.77 200.92 204.97 209.11 213.77 219.04 224.84 231.12 237.74 244.48 251.16 257.75 264.20 270.48 276.54 282.36 287.89 293.09 297.65 299.93 299.34 296.11 290.49 282.71 273.04 261.70 248.95 235.04 220.42 206.00 192.32 179.53 167.76 157.14 147.68 139.27 131.86 125.41 119.86 115.17 111.28 108.15 105.74 103.98 102.82 102.19 102.05 102.35 103.04 104.09 105.43 107.03 108.85 110.85 113.09 115.60 118.29 121.06 123.82 126.31 128.29 129.69 130.50 130.69 130.26 129.18 127.44 125.03
180.30 184.59 188.89 193.17 197.40 201.57 205.85 210.66 216.07 222.04 228.48 235.32 242.50 249.90 257.26 264.43 271.37 278.04 284.40 290.40 296.02 301.21 305.66 307.74 306.86 303.23 297.12 288.77 278.41 266.31 252.70 238.05 223.34 209.10 195.51 182.69 170.78 159.92 150.22 141.66 134.10 127.48 121.74 116.86 112.76 109.41 106.76 104.76 103.36 102.50 102.16 102.27 102.80 103.70 104.91 106.41 108.15 110.21 112.61 115.26 118.07 120.95 123.81 126.53 128.90 130.67 131.77 132.19 131.91 130.92 129.21 126.74
181.00 185.31 189.63 193.93 198.19 202.57 207.49 213.03 219.13 225.71 232.69 240.02 247.62 255.41 263.28 270.98 278.36 285.36 291.96 298.10 303.76 308.89 313.18 315.01 313.77 309.70 303.05 294.07 282.99 270.06 255.77 241.14 226.74 212.72 199.23 186.40 174.37 163.27 153.24 144.40 136.67 129.88 123.97 118.89 114.59 111.03 108.14 105.90 104.26 103.18 102.64 102.57 102.93 103.68 104.78 106.19 107.98 110.19 112.72 115.49 118.40 121.36 124.28 127.06 129.61 131.70 133.10 133.75 133.63 132.73 131.04 128.53
181.90 186.23 190.56 194.87 199.34 204.34 209.98 216.18 222.86 229.97 237.42 245.14 253.06 261.12 269.24 277.30 285.05 292.34 299.12 305.35 311.00 316.02 320.10 321.62 319.98 315.42 308.18 298.51 286.65 273.11 258.94 244.75 230.70 216.92 203.55 190.72 178.58 167.27 156.91 147.64 139.58 132.61 126.53 121.26 116.76 112.97 109.86 107.38 105.50 104.21 103.47 103.22 103.42 104.03 105.03 106.48 108.41 110.75 113.39 116.25 119.24 122.25 125.21 128.02 130.58 132.80 134.45 135.33 135.38 134.57 132.90 130.34
183.02 187.36 191.70 196.22 201.28 206.98 213.25 220.02 227.21 234.75 242.57 250.60 258.77 267.01 275.24 283.39 291.35 298.87 305.78 312.05 317.63 322.49 326.31 327.47 325.38 320.27 312.39 301.99 289.57 276.25 262.66 248.95 235.26 221.73 208.50 195.71 183.48 171.96 161.29 151.60 143.02 135.67 129.39 123.93 119.23 115.24 111.90 109.18 107.07 105.57 104.63 104.20 104.25 104.75 105.77 107.36 109.41 111.85 114.58 117.51 120.54 123.59 126.57 129.37 131.91 134.10 135.83 136.90 137.11 136.40 134.75 132.15
