data_processed/recharge/precip/Precip_2011_09.asc
ncols        168
nrows        136
xllcorner    455000
yllcorner    2107000
cellsize     500
NODATA_value     -99999
[rows 0 to 32 of 136, columns 0 to 74 of 168]
93.51 94.90 96.19 97.33 98.31 99.13 99.78 100.26 100.56 100.66 100.58 100.29 99.79 99.07 98.14 96.98 95.58 93.98 92.46 91.13 89.99 89.03 88.24 87.62 87.16 86.85 86.69 86.67 86.78 87.02 87.37 87.84 88.42 89.06 89.67 90.21 90.69 91.10 91.45 91.73 91.95 92.10 92.19 92.22 92.18 92.08 91.92 91.70 91.41 91.07 90.66 90.20 89.67 89.09 88.45 87.75 86.99 86.17 85.29 84.36 83.37 82.35 81.31 80.24 79.18 78.11 77.06 76.04 75.05 74.11 73.22 72.40 71.65 70.97 70.31
94.76 96.22 97.52 98.68 99.67 100.50 101.16 101.63 101.92 102.02 101.91 101.60 101.08 100.34 99.37 98.17 96.74 95.10 93.53 92.15 90.95 89.93 89.08 88.40 87.87 87.50 87.26 87.16 87.20 87.35 87.63 88.01 88.49 89.07 89.71 90.31 90.84 91.30 91.70 92.02 92.27 92.46 92.58 92.63 92.61 92.53 92.38 92.16 91.88 91.53 91.12 90.64 90.10 89.50 88.84 88.11 87.31 86.45 85.52 84.54 83.51 82.45 81.36 80.25 79.14 78.04 76.96 75.89 74.87 73.89 72.97 72.12 71.35 70.64 69.95
96.13 97.62 98.95 100.12 101.13 101.97 102.63 103.11 103.39 103.48 103.37 103.04 102.50 101.74 100.74 99.51 98.03 96.35 94.74 93.31 92.06 90.99 90.09 89.34 88.75 88.31 88.01 87.84 87.80 87.88 88.07 88.36 88.76 89.25 89.83 90.45 91.04 91.55 91.98 92.35 92.64 92.86 93.00 93.07 93.08 93.01 92.87 92.66 92.37 92.03 91.61 91.12 90.56 89.94 89.25 88.49 87.65 86.74 85.76 84.73 83.66 82.55 81.42 80.27 79.13 77.98 76.86 75.76 74.71 73.70 72.75 71.86 71.06 70.32 69.61
97.58 99.09 100.45 101.65 102.67 103.53 104.20 104.68 104.97 105.05 104.93 104.59 104.04 103.25 102.23 100.97 99.46 97.74 96.09 94.62 93.32 92.20 91.24 90.44 89.79 89.29 88.92 88.68 88.57 88.58 88.69 88.91 89.22 89.63 90.11 90.68 91.28 91.84 92.32 92.72 93.05 93.29 93.46 93.56 93.58 93.52 93.39 93.19 92.91 92.55 92.13 91.63 91.06 90.41 89.69 88.89 88.00 87.04 86.01 84.94 83.82 82.67 81.49 80.31 79.12 77.94 76.78 75.65 74.56 73.52 72.53 71.62 70.79 70.03 69.28
99.08 100.63 102.02 103.24 104.29 105.16 105.85 106.34 106.63 106.72 106.59 106.25 105.68 104.87 103.83 102.55 101.01 99.26 97.56 96.05 94.71 93.54 92.54 91.69 90.98 90.42 89.99 89.69 89.51 89.44 89.48 89.63 89.86 90.18 90.59 91.06 91.60 92.17 92.69 93.14 93.50 93.77 93.97 94.09 94.12 94.08 93.96 93.75 93.47 93.12 92.68 92.17 91.58 90.91 90.14 89.29 88.35 87.34 86.27 85.15 83.99 82.79 81.58 80.35 79.12 77.91 76.71 75.55 74.42 73.35 72.34 71.39 70.53 69.75 68.98
100.64 102.22 103.65 104.90 105.98 106.87 107.57 108.07 108.38 108.47 108.34 107.99 107.41 106.60 105.54 104.23 102.66 100.88 99.16 97.61 96.23 95.02 93.97 93.07 92.31 91.69 91.21 90.85 90.60 90.47 90.44 90.51 90.67 90.91 91.23 91.62 92.08 92.59 93.12 93.60 93.99 94.30 94.52 94.66 94.71 94.68 94.56 94.36 94.08 93.72 93.27 92.74 92.13 91.42 90.60 89.70 88.71 87.65 86.53 85.37 84.16 82.92 81.67 80.40 79.14 77.89 76.66 75.46 74.30 73.20 72.15 71.18 70.30 69.48 68.69
102.23 103.86 105.32 106.61 107.72 108.63 109.36 109.88 110.19 110.29 110.17 109.82 109.23 108.41 107.34 106.01 104.42 102.62 100.86 99.28 97.86 96.61 95.52 94.57 93.77 93.10 92.56 92.15 91.84 91.65 91.55 91.55 91.64 91.81 92.05 92.36 92.73 93.16 93.62 94.11 94.53 94.87 95.11 95.27 95.33 95.31 95.20 95.01 94.72 94.35 93.90 93.35 92.69 91.93 91.06 90.10 89.07 87.97 86.80 85.59 84.34 83.06 81.77 80.47 79.16 77.88 76.61 75.38 74.19 73.06 71.98 70.99 70.07 69.24 68.42
103.86 105.54 107.04 108.37 109.51 110.45 111.20 111.74 112.07 112.18 112.07 111.72 111.13 110.30 109.22 107.88 106.27 104.44 102.66 101.05 99.61 98.32 97.19 96.20 95.35 94.64 94.05 93.58 93.22 92.96 92.81 92.74 92.76 92.86 93.03 93.26 93.55 93.89 94.28 94.70 95.12 95.48 95.75 95.92 96.01 95.99 95.89 95.69 95.41 95.03 94.55 93.96 93.25 92.44 91.52 90.52 89.43 88.28 87.08 85.82 84.53 83.21 81.88 80.53 79.20 77.87 76.57 75.31 74.09 72.93 71.83 70.80 69.86 69.00 68.16
105.52 107.24 108.79 110.16 111.33 112.31 113.09 113.65 114.00 114.13 114.03 113.68 113.10 112.27 111.18 109.83 108.21 106.36 104.55 102.92 101.44 100.13 98.96 97.94 97.05 96.29 95.65 95.13 94.72 94.41 94.20 94.07 94.03 94.06 94.15 94.31 94.53 94.79 95.09 95.43 95.79 96.15 96.44 96.63 96.72 96.72 96.62 96.42 96.13 95.74 95.22 94.58 93.82 92.95 91.98 90.93 89.80 88.60 87.35 86.05 84.72 83.36 81.99 80.61 79.24 77.88 76.55 75.25 74.00 72.81 71.68 70.63 69.67 68.78 67.92
107.19 108.97 110.56 111.98 113.19 114.21 115.01 115.61 115.98 116.12 116.04 115.71 115.13 114.30 113.21 111.85 110.22 108.35 106.53 104.87 103.37 102.03 100.83 99.77 98.85 98.05 97.37 96.80 96.34 95.98 95.71 95.53 95.42 95.39 95.42 95.51 95.65 95.84 96.06 96.31 96.59 96.89 97.17 97.38 97.48 97.49 97.39 97.20 96.89 96.46 95.89 95.19 94.37 93.45 92.44 91.34 90.16 88.92 87.63 86.29 84.91 83.52 82.10 80.69 79.28 77.89 76.52 75.20 73.92 72.69 71.54 70.46 69.48 68.57 67.69
108.86 110.70 112.35 113.81 115.07 116.12 116.97 117.59 117.99 118.16 118.09 117.77 117.21 116.38 115.29 113.93 112.29 110.41 108.57 106.90 105.38 104.01 102.79 101.70 100.74 99.91 99.19 98.58 98.07 97.66 97.34 97.11 96.94 96.85 96.82 96.84 96.91 97.03 97.17 97.35 97.55 97.76 97.98 98.18 98.29 98.30 98.21 98.01 97.66 97.17 96.54 95.79 94.93 93.96 92.90 91.75 90.53 89.24 87.90 86.52 85.11 83.67 82.22 80.77 79.33 77.90 76.51 75.15 73.84 72.59 71.41 70.31 69.30 68.37 67.47
110.53 112.43 114.14 115.65 116.96 118.06 118.94 119.60 120.03 120.22 120.17 119.88 119.32 118.51 117.42 116.06 114.42 112.53 110.68 108.99 107.46 106.07 104.82 103.70 102.72 101.85 101.10 100.45 99.90 99.45 99.08 98.79 98.58 98.43 98.34 98.30 98.30 98.35 98.43 98.53 98.65 98.78 98.92 99.05 99.15 99.17 99.07 98.82 98.42 97.87 97.20 96.39 95.48 94.46 93.35 92.16 90.89 89.56 88.18 86.76 85.30 83.83 82.34 80.86 79.38 77.92 76.49 75.11 73.77 72.49 71.29 70.16 69.13 68.18 67.25
112.19 114.15 115.92 117.49 118.85 119.99 120.92 121.62 122.08 122.31 122.28 122.01 121.47 120.67 119.59 118.23 116.59 114.70 112.84 111.14 109.59 108.19 106.92 105.78 104.77 103.87 103.09 102.41 101.82 101.33 100.92 100.58 100.32 100.12 99.97 99.87 99.82 99.80 99.81 99.84 99.88 99.94 99.99 100.05 100.08 100.07 99.93 99.63 99.17 98.57 97.84 96.99 96.02 94.96 93.80 92.56 91.25 89.88 88.45 86.99 85.50 83.99 82.46 80.94 79.43 77.94 76.49 75.07 73.70 72.40 71.17 70.02 68.97 67.99 67.05
113.82 115.85 117.68 119.31 120.73 121.93 122.90 123.64 124.14 124.40 124.41 124.16 123.64 122.85 121.79 120.44 118.80 116.91 115.05 113.34 111.78 110.36 109.08 107.92 106.89 105.97 105.16 104.44 103.82 103.29 102.84 102.46 102.15 101.90 101.70 101.55 101.44 101.36 101.30 101.27 101.24 101.23 101.21 101.18 101.12 101.00 100.78 100.42 99.91 99.26 98.48 97.57 96.56 95.44 94.24 92.95 91.60 90.19 88.72 87.22 85.69 84.14 82.59 81.03 79.49 77.97 76.48 75.03 73.64 72.31 71.06 69.89 68.81 67.82 66.85
115.42 117.53 119.43 121.12 122.59 123.85 124.87 125.66 126.20 126.50 126.54 126.31 125.82 125.06 124.01 122.67 121.04 119.15 117.29 115.58 114.01 112.58 111.29 110.12 109.06 108.12 107.29 106.55 105.90 105.33 104.85 104.43 104.08 103.78 103.53 103.33 103.16 103.02 102.91 102.81 102.72 102.63 102.54 102.43 102.25 101.99 101.64 101.21 100.64 99.94 99.10 98.15 97.09 95.92 94.67 93.34 91.95 90.49 88.99 87.45 85.88 84.30 82.70 81.11 79.54 77.99 76.47 75.00 73.58 72.23 70.95 69.75 68.65 67.64 66.66
116.98 119.16 121.13 122.89 124.43 125.74 126.82 127.66 128.25 128.58 128.66 128.47 128.01 127.27 126.24 124.92 123.29 121.42 119.56 117.85 116.28 114.84 113.54 112.36 111.29 110.33 109.47 108.71 108.03 107.44 106.92 106.47 106.08 105.74 105.45 105.20 104.98 104.79 104.62 104.46 104.31 104.15 103.98 103.74 103.42 103.03 102.55 102.00 101.36 100.60 99.72 98.71 97.60 96.40 95.10 93.73 92.29 90.79 89.25 87.67 86.06 84.44 82.82 81.20 79.59 78.01 76.46 74.96 73.52 72.14 70.84 69.62 68.51 67.47 66.47
118.49 120.75 122.80 124.63 126.23 127.61 128.74 129.63 130.27 130.65 130.77 130.62 130.19 129.47 128.47 127.17 125.56 123.69 121.84 120.13 118.56 117.13 115.82 114.63 113.55 112.58 111.70 110.92 110.22 109.60 109.05 108.57 108.14 107.77 107.44 107.14 106.88 106.64 106.41 106.20 105.99 105.76 105.47 105.10 104.64 104.11 103.51 102.83 102.08 101.26 100.32 99.27 98.11 96.86 95.52 94.10 92.62 91.08 89.50 87.88 86.24 84.59 82.93 81.27 79.64 78.03 76.45 74.93 73.46 72.06 70.73 69.50 68.36 67.31 66.29
119.94 122.29 124.41 126.32 127.99 129.43 130.63 131.58 132.27 132.70 132.86 132.75 132.35 131.67 130.69 129.41 127.82 125.97 124.13 122.43 120.87 119.43 118.12 116.93 115.84 114.86 113.97 113.17 112.46 111.81 111.24 110.73 110.27 109.86 109.49 109.16 108.85 108.56 108.29 108.02 107.74 107.40 106.98 106.47 105.89 105.23 104.50 103.70 102.84 101.91 100.91 99.81 98.60 97.31 95.92 94.46 92.94 91.36 89.74 88.09 86.41 84.72 83.03 81.35 79.68 78.04 76.44 74.89 73.39 71.97 70.62 69.37 68.21 67.14 66.11
121.33 123.76 125.97 127.95 129.70 131.20 132.47 133.48 134.23 134.71 134.92 134.85 134.49 133.84 132.90 131.64 130.08 128.24 126.42 124.73 123.17 121.75 120.44 119.24 118.15 117.16 116.27 115.46 114.72 114.06 113.47 112.93 112.45 112.01 111.60 111.23 110.89 110.56 110.24 109.91 109.52 109.05 108.49 107.86 107.15 106.37 105.52 104.61 103.63 102.59 101.50 100.34 99.09 97.74 96.31 94.81 93.25 91.64 89.98 88.29 86.58 84.85 83.13 81.41 79.72 78.05 76.42 74.85 73.33 71.88 70.51 69.24 68.06 66.98 65.93
122.63 125.15 127.45 129.51 131.34 132.92 134.25 135.32 136.13 136.67 136.93 136.91 136.60 135.99 135.08 133.85 132.31 130.50 128.69 127.02 125.48 124.06 122.76 121.56 120.48 119.48 118.58 117.76 117.02 116.34 115.73 115.17 114.66 114.20 113.76 113.36 112.98 112.61 112.23 111.80 111.28 110.68 110.00 109.25 108.42 107.53 106.56 105.54 104.45 103.31 102.11 100.86 99.55 98.16 96.69 95.15 93.55 91.90 90.20 88.48 86.73 84.98 83.22 81.47 79.75 78.06 76.40 74.80 73.26 71.79 70.40 69.11 67.91 66.81 65.75
123.85 126.46 128.85 131.00 132.90 134.56 135.97 137.11 137.98 138.58 138.90 138.93 138.66 138.10 137.22 136.03 134.52 132.73 130.95 129.29 127.77 126.36 125.07 123.88 122.80 121.81 120.90 120.08 119.33 118.64 118.01 117.44 116.91 116.42 115.96 115.53 115.11 114.70 114.22 113.66 113.01 112.29 111.49 110.62 109.68 108.68 107.61 106.48 105.29 104.04 102.75 101.40 100.01 98.57 97.06 95.48 93.84 92.14 90.41 88.65 86.87 85.09 83.30 81.52 79.77 78.05 76.37 74.75 73.18 71.69 70.29 68.97 67.76 66.65 65.57
124.97 127.68 130.16 132.40 134.39 136.13 137.61 138.82 139.77 140.43 140.80 140.89 140.67 140.15 139.32 138.17 136.69 134.93 133.17 131.54 130.03 128.64 127.37 126.19 125.11 124.13 123.23 122.40 121.64 120.95 120.31 119.72 119.18 118.67 118.19 117.73 117.27 116.75 116.15 115.47 114.71 113.87 112.96 111.98 110.93 109.82 108.64 107.41 106.13 104.79 103.40 101.97 100.49 98.97 97.41 95.79 94.11 92.38 90.61 88.82 87.01 85.19 83.37 81.57 79.79 78.04 76.34 74.69 73.10 71.59 70.16 68.83 67.61 66.48 65.38
125.98 128.79 131.37 133.70 135.79 137.61 139.17 140.46 141.47 142.20 142.64 142.78 142.62 142.15 141.36 140.25 138.81 137.09 135.35 133.75 132.27 130.90 129.64 128.48 127.41 126.43 125.54 124.71 123.96 123.26 122.62 122.02 121.46 120.94 120.44 119.94 119.39 118.75 118.03 117.23 116.35 115.40 114.38 113.30 112.14 110.93 109.66 108.33 106.96 105.53 104.05 102.53 100.98 99.38 97.75 96.08 94.36 92.60 90.80 88.97 87.12 85.27 83.43 81.59 79.79 78.02 76.29 74.62 73.01 71.48 70.04 68.69 67.45 66.30 65.20
126.88 129.80 132.48 134.91 137.08 138.99 140.64 142.01 143.09 143.89 144.40 144.60 144.50 144.08 143.35 142.28 140.88 139.19 137.49 135.92 134.46 133.12 131.88 130.74 129.69 128.72 127.83 127.01 126.26 125.56 124.91 124.31 123.75 123.21 122.68 122.09 121.42 120.66 119.83 118.92 117.93 116.88 115.75 114.57 113.32 112.01 110.65 109.23 107.76 106.25 104.70 103.10 101.46 99.79 98.09 96.36 94.60 92.80 90.96 89.10 87.23 85.35 83.47 81.61 79.78 77.98 76.23 74.54 72.91 71.36 69.90 68.54 67.28 66.12 65.00
127.70 130.68 133.46 135.99 138.26 140.27 142.00 143.45 144.62 145.50 146.07 146.34 146.30 145.94 145.25 144.24 142.88 141.23 139.57 138.03 136.60 135.29 134.07 132.95 131.92 130.97 130.10 129.29 128.54 127.85 127.20 126.60 126.02 125.46 124.84 124.14 123.35 122.48 121.54 120.52 119.44 118.28 117.06 115.78 114.44 113.04 111.59 110.09 108.54 106.95 105.32 103.65 101.94 100.20 98.43 96.64 94.82 92.98 91.11 89.22 87.31 85.40 83.50 81.62 79.76 77.94 76.16 74.45 72.80 71.23 69.75 68.37 67.10 65.93 64.80
128.47 131.48 134.33 136.96 139.33 141.43 143.25 144.79 146.04 147.00 147.65 147.99 148.01 147.71 147.08 146.12 144.81 143.20 141.58 140.08 138.69 137.40 136.22 135.12 134.11 133.18 132.32 131.53 130.79 130.11 129.46 128.86 128.27 127.62 126.89 126.07 125.18 124.21 123.16 122.04 120.86 119.60 118.29 116.92 115.49 114.01 112.48 110.90 109.27 107.61 105.90 104.16 102.39 100.59 98.77 96.91 95.04 93.15 91.25 89.32 87.39 85.45 83.52 81.60 79.72 77.88 76.08 74.35 72.68 71.09 69.60 68.20 66.92 65.74 64.59
129.22 132.22 135.09 137.80 140.27 142.47 144.38 146.01 147.35 148.39 149.11 149.53 149.62 149.39 148.82 147.91 146.65 145.09 143.52 142.05 140.70 139.45 138.30 137.23 136.25 135.34 134.50 133.73 133.00 132.33 131.70 131.08 130.40 129.65 128.81 127.88 126.89 125.81 124.67 123.45 122.18 120.84 119.44 117.98 116.47 114.91 113.30 111.64 109.95 108.22 106.45 104.64 102.81 100.95 99.07 97.17 95.25 93.31 91.36 89.41 87.44 85.47 83.51 81.58 79.67 77.80 75.99 74.23 72.55 70.94 69.43 68.02 66.72 65.53 64.38
129.93 132.94 135.81 138.53 141.07 143.37 145.39 147.11 148.54 149.66 150.47 150.96 151.12 150.96 150.45 149.60 148.40 146.89 145.37 143.95 142.64 141.43 140.31 139.28 138.32 137.44 136.63 135.87 135.17 134.51 133.86 133.17 132.39 131.53 130.58 129.56 128.46 127.29 126.06 124.75 123.39 121.96 120.48 118.94 117.36 115.72 114.04 112.32 110.56 108.76 106.93 105.07 103.18 101.27 99.34 97.39 95.43 93.45 91.46 89.47 87.47 85.48 83.49 81.53 79.60 77.71 75.88 74.10 72.40 70.78 69.25 67.83 66.52 65.31 64.15
130.60 133.61 136.48 139.20 141.76 144.13 146.25 148.07 149.59 150.80 151.69 152.27 152.51 152.41 151.98 151.19 150.05 148.60 147.12 145.75 144.49 143.32 142.24 141.24 140.32 139.47 138.69 137.95 137.27 136.61 135.89 135.09 134.21 133.25 132.20 131.09 129.90 128.64 127.31 125.92 124.48 122.97 121.41 119.80 118.14 116.44 114.69 112.91 111.09 109.23 107.35 105.43 103.50 101.54 99.56 97.57 95.57 93.55 91.53 89.51 87.48 85.46 83.45 81.47 79.51 77.60 75.75 73.95 72.24 70.60 69.06 67.62 66.30 65.08 63.91
131.24 134.24 137.11 139.83 142.39 144.78 146.96 148.89 150.50 151.81 152.79 153.44 153.77 153.75 153.38 152.66 151.59 150.19 148.77 147.45 146.24 145.12 144.08 143.12 142.24 141.43 140.67 139.97 139.29 138.56 137.74 136.84 135.86 134.80 133.66 132.45 131.17 129.83 128.42 126.96 125.43 123.85 122.22 120.54 118.82 117.05 115.24 113.40 111.52 109.62 107.68 105.72 103.74 101.74 99.73 97.70 95.66 93.61 91.57 89.52 87.47 85.43 83.40 81.39 79.41 77.48 75.60 73.79 72.06 70.41 68.85 67.40 66.07 64.84 63.66
131.83 134.83 137.69 140.41 142.97 145.36 147.56 149.55 151.26 152.66 153.74 154.48 154.89 154.95 154.66 154.01 153.00 151.67 150.31 149.05 147.88 146.81 145.82 144.91 144.07 143.29 142.57 141.88 141.13 140.30 139.39 138.39 137.31 136.16 134.94 133.65 132.29 130.86 129.38 127.84 126.24 124.59 122.90 121.15 119.37 117.54 115.68 113.79 111.86 109.90 107.93 105.92 103.90 101.87 99.82 97.76 95.69 93.62 91.55 89.48 87.41 85.36 83.31 81.28 79.28 77.33 75.44 73.61 71.86 70.19 68.63 67.16 65.82 64.59 63.40
132.38 135.36 138.22 140.93 143.49 145.87 148.08 150.08 151.87 153.37 154.54 155.37 155.87 156.01 155.80 155.23 154.29 153.02 151.72 150.52 149.41 148.39 147.46 146.59 145.80 145.06 144.35 143.60 142.76 141.83 140.82 139.73 138.57 137.34 136.03 134.66 133.22 131.72 130.17 128.56 126.89 125.18 123.43 121.62 119.78 117.91 115.99 114.05 112.08 110.08 108.06 106.03 103.97 101.90 99.83 97.74 95.65 93.56 91.47 89.38 87.31 85.24 83.19 81.15 79.14 77.17 75.25 73.41 71.64 69.96 68.38 66.91 65.56 64.31 63.12
132.88 135.85 138.69 141.40 143.95 146.33 148.53 150.54 152.34 153.91 155.18 156.11 156.69 156.92 156.79 156.30 155.43 154.24 153.00 151.86 150.82 149.86 148.97 148.16 147.41 146.70 145.93 145.08 144.15 143.13 142.04 140.86 139.62 138.30 136.92 135.47 133.96 132.40 130.78 129.10 127.38 125.61 123.80 121.94 120.05 118.13 116.17 114.18 112.17 110.14 108.09 106.02 103.93 101.84 99.74 97.63 95.52 93.42 91.32 89.22 87.14 85.07 83.01 80.97 78.96 76.98 75.05 73.19 71.41 69.71 68.12 66.64 65.28 64.03 62.82
