data_processed/recharge/precip/Precip_1987_02.asc
ncols        168
nrows        136
xllcorner    455000
yllcorner    2107000
cellsize     500
NODATA_value     -99999
[rows 38 to 75 of 136, columns 0 to 83 of 168]
7.19 7.30 7.37 7.38 7.35 7.29 7.18 7.04 6.86 6.66 6.43 6.18 5.90 5.61 5.31 4.97 4.58 4.14 3.69 3.35 3.20 3.22 3.38 3.59 3.81 4.05 4.28 4.52 4.76 5.00 5.23 5.45 5.67 5.87 6.06 6.23 6.38 6.51 6.60 6.66 6.69 6.69 6.68 6.67 6.64 6.59 6.53 6.45 6.35 6.23 6.09 5.94 5.77 5.59 5.41 5.22 5.02 4.82 4.62 4.42 4.22 4.02 3.81 3.58 3.35 3.13 2.94 2.80 2.68 2.60 2.52 2.44 2.37 2.30 2.24 2.19 2.13 2.08 2.04 2.00 1.96 1.93 1.90 1.88
6.80 6.89 6.93 6.93 6.90 6.82 6.72 6.59 6.42 6.24 6.04 5.81 5.58 5.33 5.07 4.81 4.51 4.18 3.82 3.58 3.52 3.61 3.76 3.93 4.11 4.30 4.49 4.69 4.90 5.10 5.30 5.50 5.68 5.86 6.02 6.17 6.30 6.41 6.50 6.55 6.58 6.59 6.58 6.56 6.53 6.48 6.41 6.31 6.20 6.07 5.92 5.76 5.59 5.41 5.22 5.03 4.83 4.63 4.43 4.24 4.04 3.85 3.67 3.47 3.27 3.08 2.92 2.79 2.70 2.61 2.52 2.44 2.36 2.29 2.22 2.16 2.10 2.04 1.99 1.94 1.90 1.86 1.82 1.79
6.38 6.45 6.48 6.47 6.43 6.35 6.25 6.13 5.99 5.82 5.65 5.46 5.26 5.05 4.85 4.64 4.43 4.20 3.96 3.82 3.84 3.93 4.04 4.17 4.31 4.47 4.63 4.80 4.97 5.15 5.32 5.49 5.66 5.82 5.96 6.10 6.21 6.31 6.39 6.44 6.47 6.48 6.47 6.45 6.41 6.35 6.26 6.16 6.04 5.90 5.74 5.58 5.40 5.22 5.03 4.84 4.64 4.44 4.25 4.05 3.87 3.68 3.51 3.35 3.18 3.01 2.88 2.77 2.68 2.58 2.49 2.41 2.33 2.25 2.18 2.11 2.05 1.99 1.93 1.88 1.83 1.78 1.74 1.70
5.95 5.99 6.01 5.99 5.95 5.88 5.79 5.68 5.55 5.42 5.27 5.12 4.96 4.80 4.64 4.49 4.35 4.22 4.09 4.05 4.07 4.13 4.21 4.30 4.41 4.54 4.67 4.82 4.97 5.13 5.28 5.44 5.59 5.73 5.87 5.99 6.11 6.20 6.28 6.33 6.36 6.37 6.36 6.33 6.28 6.20 6.11 5.99 5.86 5.72 5.56 5.39 5.21 5.02 4.83 4.64 4.44 4.25 4.06 3.87 3.69 3.52 3.36 3.21 3.06 2.93 2.82 2.72 2.62 2.53 2.44 2.35 2.27 2.19 2.12 2.04 1.98 1.92 1.86 1.80 1.75 1.70 1.65 1.61
5.50 5.54 5.54 5.52 5.47 5.41 5.33 5.24 5.14 5.03 4.91 4.80 4.68 4.58 4.47 4.39 4.31 4.25 4.20 4.17 4.17 4.19 4.24 4.31 4.40 4.50 4.62 4.74 4.88 5.02 5.17 5.31 5.46 5.59 5.73 5.85 5.96 6.06 6.14 6.20 6.24 6.25 6.24 6.19 6.13 6.04 5.94 5.82 5.68 5.53 5.36 5.19 5.01 4.82 4.63 4.44 4.25 4.06 3.87 3.69 3.52 3.35 3.20 3.06 2.94 2.83 2.72 2.62 2.53 2.43 2.34 2.26 2.18 2.10 2.03 1.96 1.89 1.83 1.77 1.71 1.66 1.61 1.56 1.52
5.12 5.14 5.13 5.11 5.07 5.01 4.94 4.87 4.79 4.71 4.63 4.55 4.48 4.43 4.38 4.35 4.34 4.34 4.30 4.25 4.22 4.21 4.23 4.28 4.34 4.43 4.52 4.63 4.76 4.89 5.02 5.16 5.29 5.43 5.56 5.68 5.80 5.90 5.98 6.05 6.10 6.12 6.11 6.06 5.98 5.88 5.77 5.64 5.49 5.34 5.17 4.99 4.81 4.62 4.43 4.24 4.06 3.87 3.69 3.52 3.35 3.20 3.06 2.93 2.82 2.71 2.61 2.51 2.42 2.33 2.24 2.16 2.08 2.00 1.93 1.86 1.80 1.73 1.67 1.62 1.57 1.52 1.47 1.43
4.84 4.84 4.83 4.80 4.76 4.71 4.65 4.60 4.54 4.49 4.44 4.41 4.38 4.38 4.39 4.42 4.47 4.47 4.41 4.34 4.29 4.25 4.25 4.27 4.31 4.37 4.44 4.54 4.64 4.76 4.88 5.00 5.13 5.26 5.39 5.51 5.62 5.73 5.82 5.89 5.94 5.98 5.97 5.92 5.84 5.73 5.61 5.47 5.32 5.15 4.98 4.80 4.62 4.43 4.25 4.06 3.87 3.69 3.52 3.35 3.20 3.05 2.92 2.81 2.70 2.59 2.49 2.40 2.31 2.22 2.13 2.05 1.98 1.90 1.83 1.77 1.70 1.64 1.58 1.53 1.48 1.43 1.38 1.34
4.65 4.64 4.61 4.58 4.54 4.50 4.46 4.42 4.39 4.36 4.35 4.36 4.38 4.42 4.49 4.57 4.62 4.61 4.54 4.45 4.38 4.32 4.28 4.27 4.29 4.32 4.38 4.45 4.54 4.64 4.74 4.86 4.98 5.10 5.22 5.34 5.45 5.55 5.64 5.72 5.77 5.81 5.82 5.78 5.70 5.58 5.45 5.30 5.15 4.98 4.80 4.62 4.44 4.25 4.07 3.88 3.70 3.52 3.36 3.20 3.05 2.92 2.80 2.68 2.58 2.48 2.38 2.29 2.20 2.11 2.03 1.95 1.88 1.81 1.74 1.67 1.61 1.55 1.49 1.44 1.39 1.34 1.29 1.25
4.54 4.52 4.48 4.45 4.41 4.37 4.35 4.33 4.32 4.32 4.35 4.39 4.46 4.55 4.67 4.75 4.78 4.75 4.67 4.57 4.48 4.41 4.35 4.30 4.29 4.30 4.33 4.38 4.45 4.53 4.62 4.72 4.83 4.94 5.05 5.16 5.27 5.37 5.46 5.53 5.59 5.63 5.65 5.62 5.55 5.44 5.30 5.15 4.98 4.81 4.63 4.45 4.26 4.08 3.89 3.71 3.53 3.36 3.20 3.05 2.92 2.79 2.67 2.56 2.46 2.36 2.27 2.18 2.09 2.01 1.93 1.85 1.78 1.71 1.65 1.58 1.52 1.46 1.41 1.35 1.30 1.26 1.21 1.17
4.52 4.48 4.43 4.39 4.36 4.33 4.32 4.31 4.33 4.36 4.42 4.51 4.62 4.75 4.86 4.93 4.94 4.90 4.80 4.69 4.59 4.50 4.42 4.36 4.32 4.30 4.30 4.33 4.37 4.43 4.51 4.59 4.69 4.78 4.89 4.99 5.09 5.18 5.27 5.34 5.40 5.44 5.46 5.44 5.38 5.28 5.15 4.99 4.82 4.65 4.46 4.28 4.09 3.91 3.72 3.55 3.37 3.21 3.06 2.91 2.78 2.66 2.55 2.44 2.34 2.25 2.15 2.07 1.98 1.90 1.83 1.76 1.69 1.62 1.56 1.49 1.43 1.38 1.32 1.27 1.22 1.17 1.13 1.09
4.56 4.51 4.46 4.41 4.38 4.36 4.36 4.37 4.41 4.48 4.57 4.70 4.84 4.97 5.07 5.11 5.11 5.05 4.94 4.82 4.70 4.60 4.51 4.44 4.37 4.32 4.30 4.30 4.32 4.36 4.41 4.48 4.55 4.64 4.73 4.82 4.91 4.99 5.07 5.13 5.19 5.24 5.27 5.25 5.20 5.11 4.99 4.84 4.67 4.49 4.30 4.12 3.93 3.74 3.56 3.39 3.22 3.06 2.92 2.78 2.66 2.54 2.43 2.33 2.23 2.13 2.05 1.96 1.88 1.80 1.73 1.66 1.59 1.53 1.47 1.41 1.35 1.29 1.24 1.19 1.14 1.10 1.05 1.01
4.66 4.60 4.55 4.50 4.47 4.46 4.47 4.50 4.57 4.66 4.79 4.94 5.08 5.19 5.26 5.29 5.27 5.20 5.08 4.95 4.83 4.71 4.61 4.52 4.44 4.37 4.32 4.29 4.28 4.30 4.33 4.37 4.43 4.50 4.58 4.65 4.73 4.80 4.86 4.92 4.98 5.03 5.06 5.05 5.01 4.93 4.82 4.68 4.51 4.33 4.14 3.95 3.77 3.58 3.41 3.24 3.07 2.92 2.78 2.65 2.53 2.42 2.31 2.21 2.12 2.03 1.94 1.86 1.78 1.70 1.63 1.57 1.50 1.44 1.38 1.32 1.27 1.21 1.16 1.11 1.07 1.02 0.98 0.94
4.81 4.75 4.69 4.64 4.62 4.61 4.63 4.69 4.78 4.90 5.05 5.20 5.32 5.41 5.46 5.47 5.44 5.35 5.22 5.08 4.95 4.83 4.71 4.61 4.52 4.43 4.36 4.30 4.27 4.26 4.26 4.29 4.33 4.38 4.43 4.49 4.54 4.60 4.65 4.70 4.76 4.81 4.84 4.84 4.80 4.73 4.63 4.50 4.35 4.17 3.99 3.80 3.61 3.43 3.25 3.09 2.93 2.78 2.65 2.52 2.41 2.30 2.19 2.10 2.01 1.92 1.84 1.76 1.68 1.61 1.54 1.47 1.41 1.35 1.30 1.24 1.19 1.14 1.09 1.04 0.99 0.95 0.91 0.87
5.00 4.94 4.89 4.84 4.81 4.82 4.86 4.93 5.04 5.18 5.33 5.45 5.55 5.61 5.65 5.64 5.60 5.51 5.37 5.22 5.08 4.94 4.82 4.71 4.60 4.51 4.42 4.34 4.28 4.24 4.22 4.22 4.24 4.26 4.29 4.32 4.36 4.40 4.44 4.48 4.53 4.58 4.62 4.62 4.59 4.52 4.43 4.31 4.17 4.01 3.83 3.64 3.46 3.28 3.10 2.94 2.79 2.65 2.52 2.40 2.28 2.18 2.08 1.99 1.90 1.81 1.73 1.66 1.58 1.51 1.45 1.38 1.32 1.27 1.21 1.16 1.11 1.06 1.01 0.97 0.92 0.88 0.85 0.81
5.23 5.17 5.12 5.08 5.06 5.07 5.12 5.21 5.34 5.47 5.59 5.69 5.77 5.81 5.83 5.81 5.76 5.65 5.51 5.35 5.20 5.06 4.93 4.81 4.69 4.59 4.49 4.40 4.31 4.24 4.20 4.17 4.16 4.15 4.15 4.16 4.17 4.20 4.22 4.26 4.30 4.35 4.39 4.39 4.36 4.31 4.22 4.11 3.98 3.83 3.66 3.48 3.30 3.12 2.96 2.80 2.65 2.52 2.39 2.27 2.16 2.06 1.97 1.88 1.79 1.71 1.63 1.56 1.49 1.42 1.36 1.30 1.24 1.19 1.13 1.08 1.04 0.99 0.94 0.90 0.86 0.82 0.79 0.75
5.49 5.44 5.39 5.35 5.34 5.36 5.43 5.53 5.64 5.75 5.84 5.92 5.97 6.00 6.01 5.98 5.91 5.80 5.64 5.48 5.33 5.18 5.04 4.91 4.79 4.67 4.56 4.46 4.36 4.27 4.20 4.14 4.09 4.05 4.02 4.00 4.00 4.00 4.01 4.04 4.07 4.12 4.16 4.16 4.14 4.08 4.00 3.90 3.78 3.64 3.48 3.32 3.15 2.97 2.81 2.66 2.52 2.38 2.26 2.15 2.05 1.95 1.86 1.77 1.69 1.61 1.54 1.47 1.40 1.34 1.27 1.22 1.16 1.11 1.06 1.01 0.96 0.92 0.88 0.84 0.80 0.77 0.73 0.70
5.77 5.73 5.68 5.66 5.66 5.69 5.76 5.84 5.93 6.01 6.08 6.13 6.17 6.18 6.17 6.13 6.05 5.93 5.78 5.61 5.45 5.30 5.15 5.01 4.88 4.76 4.64 4.53 4.42 4.32 4.21 4.11 4.03 3.95 3.90 3.85 3.82 3.81 3.81 3.82 3.85 3.89 3.92 3.93 3.90 3.85 3.78 3.68 3.57 3.44 3.30 3.14 2.98 2.82 2.67 2.52 2.38 2.26 2.14 2.03 1.93 1.84 1.75 1.67 1.59 1.52 1.45 1.38 1.31 1.25 1.19 1.14 1.08 1.03 0.98 0.94 0.89 0.85 0.82 0.78 0.75 0.71 0.68 0.65
6.08 6.03 6.00 5.99 6.00 6.04 6.09 6.14 6.19 6.25 6.30 6.33 6.35 6.35 6.33 6.27 6.19 6.06 5.90 5.73 5.57 5.41 5.26 5.12 4.98 4.85 4.72 4.60 4.49 4.36 4.24 4.11 3.98 3.87 3.78 3.71 3.66 3.62 3.60 3.60 3.62 3.66 3.69 3.69 3.67 3.62 3.55 3.46 3.35 3.23 3.10 2.96 2.81 2.67 2.52 2.38 2.25 2.13 2.02 1.92 1.82 1.73 1.65 1.57 1.50 1.42 1.36 1.29 1.23 1.17 1.11 1.06 1.01 0.96 0.91 0.87 0.83 0.79 0.76 0.73 0.70 0.67 0.64 0.61
6.39 6.35 6.33 6.33 6.35 6.37 6.40 6.42 6.44 6.47 6.50 6.52 6.52 6.50 6.47 6.40 6.31 6.18 6.02 5.85 5.68 5.52 5.36 5.22 5.07 4.94 4.80 4.68 4.54 4.40 4.25 4.10 3.95 3.80 3.68 3.58 3.50 3.44 3.41 3.39 3.40 3.43 3.46 3.46 3.43 3.38 3.32 3.23 3.13 3.01 2.89 2.76 2.63 2.51 2.38 2.25 2.13 2.01 1.90 1.81 1.71 1.63 1.55 1.47 1.40 1.34 1.27 1.21 1.15 1.09 1.04 0.99 0.94 0.89 0.85 0.81 0.77 0.74 0.71 0.68 0.65 0.62 0.60 0.57
6.70 6.68 6.67 6.68 6.69 6.69 6.69 6.68 6.68 6.68 6.68 6.68 6.67 6.64 6.59 6.52 6.42 6.29 6.13 5.95 5.78 5.62 5.46 5.31 5.17 5.02 4.89 4.74 4.59 4.43 4.26 4.09 3.92 3.75 3.59 3.46 3.35 3.27 3.22 3.19 3.19 3.21 3.23 3.23 3.20 3.15 3.08 3.00 2.90 2.79 2.68 2.57 2.45 2.34 2.23 2.11 2.00 1.89 1.79 1.70 1.61 1.53 1.45 1.38 1.31 1.25 1.19 1.13 1.07 1.02 0.97 0.92 0.87 0.83 0.79 0.75 0.72 0.69 0.66 0.63 0.61 0.59 0.56 0.54
7.01 7.01 7.01 7.01 7.00 6.98 6.96 6.93 6.90 6.87 6.85 6.83 6.80 6.76 6.70 6.63 6.52 6.39 6.22 6.05 5.88 5.71 5.56 5.40 5.25 5.11 4.95 4.79 4.62 4.44 4.25 4.07 3.88 3.70 3.52 3.35 3.22 3.12 3.04 3.00 2.98 2.99 3.01 3.00 2.97 2.92 2.85 2.77 2.67 2.57 2.47 2.37 2.27 2.17 2.07 1.97 1.87 1.78 1.68 1.59 1.51 1.43 1.36 1.29 1.23 1.17 1.11 1.05 1.00 0.95 0.90 0.85 0.81 0.77 0.73 0.70 0.67 0.64 0.62 0.60 0.57 0.55 0.53 0.51
7.32 7.32 7.32 7.31 7.28 7.24 7.20 7.16 7.11 7.05 7.00 6.96 6.91 6.86 6.80 6.71 6.60 6.47 6.30 6.13 5.96 5.80 5.64 5.48 5.33 5.17 5.00 4.82 4.63 4.44 4.24 4.04 3.84 3.64 3.45 3.26 3.10 2.97 2.88 2.81 2.78 2.78 2.79 2.78 2.74 2.69 2.62 2.54 2.45 2.36 2.27 2.18 2.10 2.01 1.92 1.83 1.75 1.66 1.57 1.49 1.41 1.34 1.27 1.21 1.15 1.09 1.03 0.98 0.93 0.88 0.84 0.79 0.76 0.72 0.69 0.66 0.63 0.61 0.58 0.56 0.54 0.53 0.51 0.49
7.60 7.61 7.60 7.57 7.53 7.48 7.43 7.36 7.29 7.22 7.15 7.08 7.01 6.94 6.87 6.78 6.67 6.53 6.37 6.20 6.03 5.87 5.71 5.56 5.39 5.22 5.03 4.83 4.63 4.42 4.20 3.99 3.78 3.57 3.37 3.18 3.00 2.84 2.72 2.64 2.60 2.59 2.59 2.57 2.53 2.47 2.40 2.32 2.24 2.16 2.08 2.00 1.92 1.85 1.77 1.69 1.62 1.54 1.47 1.39 1.32 1.25 1.19 1.13 1.07 1.02 0.96 0.91 0.87 0.82 0.78 0.74 0.71 0.67 0.65 0.62 0.60 0.58 0.56 0.54 0.52 0.50 0.49 0.47
7.85 7.85 7.84 7.80 7.76 7.70 7.63 7.55 7.46 7.37 7.28 7.19 7.10 7.01 6.92 6.83 6.72 6.58 6.42 6.26 6.09 5.93 5.77 5.61 5.43 5.23 5.03 4.82 4.60 4.38 4.15 3.93 3.71 3.49 3.29 3.09 2.90 2.73 2.59 2.49 2.43 2.40 2.39 2.36 2.32 2.25 2.18 2.11 2.04 1.97 1.90 1.83 1.76 1.69 1.63 1.56 1.49 1.43 1.36 1.29 1.23 1.17 1.11 1.05 1.00 0.95 0.90 0.85 0.81 0.77 0.73 0.69 0.66 0.64 0.61 0.59 0.57 0.55 0.54 0.52 0.50 0.49 0.48 0.46
8.06 8.06 8.04 8.00 7.95 7.88 7.80 7.71 7.61 7.51 7.40 7.29 7.18 7.07 6.96 6.86 6.75 6.61 6.46 6.29 6.14 5.98 5.81 5.63 5.43 5.22 5.01 4.78 4.55 4.32 4.08 3.85 3.63 3.40 3.19 2.99 2.80 2.63 2.47 2.35 2.27 2.23 2.21 2.17 2.12 2.05 1.99 1.92 1.86 1.80 1.74 1.67 1.61 1.55 1.49 1.43 1.37 1.31 1.26 1.20 1.14 1.09 1.03 0.98 0.93 0.88 0.84 0.79 0.75 0.72 0.68 0.65 0.63 0.61 0.58 0.57 0.55 0.53 0.52 0.51 0.49 0.48 0.47 0.45
8.22 8.22 8.20 8.16 8.10 8.03 7.95 7.85 7.74 7.62 7.50 7.37 7.25 7.12 6.99 6.87 6.75 6.62 6.47 6.32 6.16 5.99 5.81 5.61 5.40 5.18 4.95 4.72 4.48 4.24 4.00 3.76 3.52 3.30 3.08 2.88 2.69 2.51 2.36 2.23 2.13 2.08 2.04 1.99 1.93 1.88 1.82 1.76 1.70 1.64 1.59 1.53 1.48 1.42 1.37 1.32 1.26 1.21 1.16 1.11 1.06 1.01 0.96 0.91 0.87 0.82 0.78 0.74 0.71 0.67 0.65 0.62 0.60 0.58 0.56 0.55 0.54 0.52 0.51 0.50 0.49 0.48 0.47 0.46
8.33 8.34 8.32 8.29 8.23 8.15 8.06 7.96 7.84 7.72 7.59 7.45 7.31 7.16 7.02 6.88 6.74 6.61 6.47 6.31 6.15 5.97 5.78 5.57 5.34 5.11 4.87 4.63 4.38 4.13 3.89 3.64 3.41 3.18 2.96 2.76 2.57 2.39 2.24 2.11 2.01 1.94 1.89 1.84 1.78 1.73 1.67 1.62 1.56 1.51 1.46 1.41 1.36 1.31 1.26 1.21 1.16 1.12 1.07 1.03 0.98 0.94 0.89 0.85 0.81 0.77 0.73 0.70 0.67 0.64 0.62 0.60 0.58 0.56 0.55 0.54 0.53 0.52 0.51 0.50 0.50 0.49 0.48 0.46
8.40 8.41 8.40 8.37 8.32 8.24 8.15 8.05 7.93 7.80 7.66 7.51 7.36 7.20 7.04 6.89 6.73 6.58 6.44 6.28 6.10 5.91 5.70 5.48 5.25 5.01 4.76 4.51 4.25 4.00 3.75 3.51 3.27 3.04 2.82 2.62 2.43 2.26 2.12 1.99 1.89 1.82 1.77 1.71 1.66 1.61 1.55 1.50 1.45 1.40 1.36 1.31 1.26 1.21 1.17 1.12 1.08 1.04 0.99 0.95 0.91 0.87 0.83 0.79 0.75 0.72 0.69 0.66 0.63 0.61 0.59 0.58 0.57 0.56 0.55 0.54 0.53 0.52 0.52 0.51 0.51 0.50 0.49 0.48
8.44 8.47 8.46 8.44 8.39 8.32 8.23 8.12 8.00 7.87 7.72 7.57 7.40 7.24 7.07 6.90 6.73 6.56 6.38 6.19 6.01 5.80 5.58 5.35 5.11 4.87 4.62 4.36 4.10 3.85 3.60 3.35 3.12 2.89 2.68 2.48 2.30 2.14 2.00 1.88 1.79 1.73 1.67 1.62 1.57 1.51 1.46 1.42 1.37 1.32 1.27 1.23 1.18 1.14 1.09 1.05 1.01 0.97 0.93 0.89 0.85 0.81 0.78 0.74 0.70 0.67 0.64 0.62 0.60 0.58 0.57 0.56 0.55 0.55 0.54 0.54 0.53 0.53 0.53 0.52 0.52 0.51 0.51 0.50
8.49 8.53 8.53 8.51 8.47 8.40 8.32 8.21 8.09 7.95 7.80 7.64 7.47 7.29 7.11 6.92 6.74 6.53 6.29 6.07 5.86 5.65 5.42 5.19 4.95 4.70 4.45 4.19 3.94 3.69 3.44 3.20 2.97 2.75 2.54 2.36 2.18 2.03 1.91 1.80 1.72 1.66 1.60 1.55 1.50 1.45 1.40 1.35 1.30 1.25 1.21 1.16 1.12 1.08 1.03 0.99 0.95 0.91 0.87 0.84 0.80 0.76 0.73 0.69 0.65 0.61 0.58 0.57 0.55 0.54 0.54 0.53 0.53 0.53 0.53 0.53 0.53 0.53 0.53 0.53 0.53 0.52 0.52 0.51
8.55 8.59 8.61 8.60 8.56 8.50 8.41 8.31 8.18 8.04 7.89 7.72 7.54 7.35 7.16 6.96 6.73 6.48 6.19 5.92 5.67 5.45 5.23 4.99 4.75 4.51 4.26 4.01 3.76 3.52 3.28 3.05 2.83 2.62 2.43 2.25 2.09 1.96 1.85 1.76 1.68 1.61 1.56 1.50 1.45 1.40 1.35 1.30 1.25 1.21 1.16 1.12 1.07 1.03 0.99 0.95 0.91 0.87 0.83 0.79 0.76 0.72 0.69 0.64 0.60 0.55 0.52 0.50 0.50 0.49 0.49 0.49 0.50 0.50 0.51 0.51 0.52 0.52 0.53 0.53 0.53 0.53 0.53 0.53
8.60 8.66 8.69 8.69 8.65 8.60 8.51 8.41 8.28 8.14 7.98 7.81 7.62 7.43 7.22 6.98 6.71 6.40 6.08 5.77 5.48 5.22 4.99 4.76 4.53 4.29 4.05 3.81 3.57 3.34 3.11 2.90 2.69 2.50 2.32 2.17 2.03 1.92 1.82 1.73 1.66 1.59 1.54 1.48 1.42 1.37 1.32 1.27 1.22 1.18 1.13 1.09 1.04 1.00 0.96 0.91 0.87 0.84 0.80 0.76 0.73 0.69 0.64 0.59 0.54 0.49 0.45 0.43 0.43 0.43 0.44 0.45 0.46 0.47 0.48 0.49 0.50 0.51 0.52 0.53 0.54 0.54 0.54 0.54
8.67 8.74 8.77 8.78 8.75 8.70 8.62 8.51 8.39 8.24 8.08 7.90 7.71 7.50 7.26 6.98 6.66 6.31 5.95 5.60 5.28 5.00 4.74 4.51 4.28 4.06 3.83 3.60 3.38 3.16 2.95 2.76 2.57 2.40 2.24 2.11 2.00 1.90 1.81 1.73 1.66 1.60 1.54 1.48 1.43 1.37 1.32 1.27 1.22 1.17 1.12 1.07 1.03 0.98 0.94 0.90 0.86 0.82 0.78 0.74 0.70 0.65 0.60 0.54 0.48 0.43 0.39 0.37 0.36 0.36 0.38 0.39 0.41 0.43 0.45 0.46 0.48 0.50 0.51 0.53 0.54 0.55 0.56 0.56
8.73 8.81 8.85 8.87 8.85 8.80 8.72 8.62 8.50 8.35 8.18 8.00 7.80 7.56 7.27 6.94 6.58 6.20 5.81 5.43 5.09 4.77 4.49 4.24 4.02 3.81 3.60 3.39 3.19 2.99 2.80 2.63 2.46 2.32 2.19 2.08 1.99 1.91 1.83 1.75 1.69 1.62 1.56 1.50 1.45 1.39 1.34 1.29 1.23 1.18 1.13 1.08 1.03 0.99 0.94 0.90 0.85 0.81 0.77 0.73 0.68 0.62 0.55 0.49 0.42 0.37 0.32 0.30 0.29 0.30 0.31 0.34 0.36 0.39 0.41 0.44 0.46 0.48 0.51 0.52 0.54 0.56 0.57 0.57
8.79 8.87 8.93 8.95 8.94 8.90 8.83 8.73 8.60 8.46 8.29 8.10 7.86 7.58 7.24 6.88 6.48 6.07 5.66 5.26 4.89 4.55 4.25 3.98 3.75 3.54 3.36 3.17 2.99 2.82 2.66 2.51 2.38 2.26 2.16 2.08 2.00 1.93 1.86 1.79 1.73 1.67 1.61 1.55 1.49 1.44 1.38 1.33 1.27 1.22 1.16 1.11 1.06 1.01 0.96 0.91 0.87 0.82 0.77 0.72 0.65 0.58 0.51 0.44 0.37 0.31 0.26 0.24 0.23 0.23 0.25 0.27 0.31 0.34 0.37 0.41 0.44 0.47 0.50 0.52 0.55 0.57 0.58 0.59
8.86 8.95 9.00 9.03 9.03 8.99 8.93 8.83 8.71 8.56 8.38 8.16 7.88 7.56 7.19 6.79 6.37 5.93 5.49 5.08 4.69 4.34 4.02 3.74 3.49 3.29 3.11 2.95 2.80 2.66 2.53 2.42 2.32 2.23 2.16 2.10 2.03 1.97 1.91 1.85 1.79 1.73 1.67 1.61 1.56 1.50 1.44 1.39 1.33 1.27 1.21 1.16 1.10 1.05 1.00 0.94 0.89 0.84 0.78 0.71 0.63 0.55 0.47 0.39 0.31 0.25 0.21 0.18 0.17 0.17 0.19 0.22 0.25 0.29 0.34 0.38 0.42 0.46 0.49 0.53 0.56 0.58 0.60 0.61
8.94 9.02 9.08 9.11 9.11 9.08 9.02 8.93 8.80 8.65 8.45 8.18 7.86 7.50 7.10 6.67 6.23 5.77 5.32 4.89 4.50 4.14 3.81 3.52 3.27 3.05 2.88 2.74 2.63 2.52 2.42 2.34 2.28 2.23 2.18 2.13 2.08 2.03 1.98 1.93 1.87 1.81 1.75 1.70 1.64 1.58 1.52 1.47 1.41 1.35 1.29 1.23 1.17 1.11 1.05 0.99 0.94 0.87 0.79 0.70 0.61 0.52 0.43 0.34 0.27 0.20 0.15 0.13 0.11 0.12 0.13 0.16 0.20 0.25 0.30 0.35 0.40 0.45 0.49 0.53 0.57 0.59 0.61 0.62
9.02 9.10 9.15 9.18 9.18 9.16 9.10 9.01 8.89 8.71 8.46 8.16 7.80 7.41 6.98 6.53 6.07 5.60 5.14 4.71 4.31 3.94 3.61 3.32 3.07 2.85 2.68 2.55 2.46 2.39 2.33 2.29 2.26 2.24 2.21 2.18 2.14 2.11 2.06 2.02 1.97 1.91 1.85 1.79 1.74 1.68 1.62 1.57 1.51 1.45 1.38 1.32 1.25 1.19 1.12 1.06 0.98 0.89 0.80 0.70 0.60 0.50 0.40 0.31 0.22 0.16 0.11 0.08 0.07 0.07 0.09 0.12 0.16 0.21 0.27 0.33 0.38 0.44 0.49 0.54 0.58 0.61 0.63 0.64
