data_processed/recharge/precip/Precip_2010_10.asc
ncols        168
nrows        136
xllcorner    455000
yllcorner    2107000
cellsize     500
NODATA_value     -99999
[rows 0 to 37 of 136, columns 84 to 167 of 168]
2.20 1.94 1.68 1.41 1.14 0.86 0.57 0.28 0.00 0.00 0.00 0.00 0.00 0.00 0.00 0.00 0.00 0.00 0.00 0.00 0.00 0.00 0.00 0.00 0.00 0.00 0.00 0.00 0.00 0.00 0.00 0.00 0.00 0.00 0.00 0.00 0.00 0.00 0.00 0.00 0.00 0.00 0.00 0.00 0.00 0.00 0.00 0.00 0.00 0.00 0.00 0.00 0.00 0.00 0.00 0.00 0.00 0.00 0.00 0.00 0.00 0.00 0.00 0.17 0.71 1.20 1.65 2.04 2.39 2.69 2.95 3.16 3.34 3.47 3.56 3.62 3.64 3.63 3.58 3.50 3.39 3.25 3.09 2.89
2.38 2.12 1.87 1.60 1.33 1.06 0.77 0.49 0.19 0.00 0.00 0.00 0.00 0.00 0.00 0.00 0.00 0.00 0.00 0.00 0.00 0.00 0.00 0.00 0.00 0.00 0.00 0.00 0.00 0.00 0.00 0.00 0.00 0.00 0.00 0.00 0.00 0.00 0.00 0.00 0.00 0.00 0.00 0.00 0.00 0.00 0.00 0.00 0.00 0.00 0.00 0.00 0.00 0.00 0.00 0.00 0.00 0.00 0.00 0.00 0.00 0.00 0.07 0.66 1.21 1.70 2.14 2.54 2.89 3.20 3.46 3.68 3.86 4.00 4.10 4.17 4.20 4.20 4.16 4.10 4.00 3.87 3.72 3.55
2.55 2.30 2.05 1.79 1.52 1.25 0.97 0.69 0.40 0.11 0.00 0.00 0.00 0.00 0.00 0.00 0.00 0.00 0.00 0.00 0.00 0.00 0.00 0.00 0.00 0.00 0.00 0.00 0.00 0.00 0.00 0.00 0.00 0.00 0.00 0.00 0.00 0.00 0.00 0.00 0.00 0.00 0.00 0.00 0.00 0.00 0.00 0.00 0.00 0.00 0.00 0.00 0.00 0.00 0.00 0.00 0.00 0.00 0.00 0.00 0.00 0.00 0.56 1.15 1.69 2.19 2.63 3.03 3.38 3.69 3.96 4.18 4.37 4.51 4.62 4.70 4.74 4.74 4.72 4.66 4.58 4.47 4.33 4.17
2.72 2.47 2.22 1.96 1.70 1.44 1.16 0.88 0.60 0.31 0.02 0.00 0.00 0.00 0.00 0.00 0.00 0.00 0.00 0.00 0.00 0.00 0.00 0.00 0.00 0.00 0.00 0.00 0.00 0.00 0.00 0.00 0.00 0.00 0.00 0.00 0.00 0.00 0.00 0.00 0.00 0.00 0.00 0.00 0.00 0.00 0.00 0.00 0.00 0.00 0.00 0.00 0.00 0.00 0.00 0.00 0.00 0.00 0.00 0.00 0.00 0.40 1.05 1.63 2.17 2.66 3.11 3.51 3.86 4.17 4.44 4.66 4.85 5.01 5.12 5.20 5.25 5.26 5.25 5.20 5.13 5.03 4.90 4.76
2.88 2.64 2.39 2.14 1.88 1.62 1.35 1.08 0.80 0.51 0.22 0.00 0.00 0.00 0.00 0.00 0.00 0.00 0.00 0.00 0.00 0.00 0.00 0.00 0.00 0.00 0.00 0.00 0.00 0.00 0.00 0.00 0.00 0.00 0.00 0.00 0.00 0.00 0.00 0.00 0.00 0.00 0.00 0.00 0.00 0.00 0.00 0.00 0.00 0.00 0.00 0.00 0.00 0.00 0.00 0.00 0.00 0.00 0.00 0.00 0.21 0.89 1.53 2.11 2.65 3.13 3.57 3.97 4.32 4.63 4.90 5.13 5.32 5.48 5.60 5.68 5.74 5.76 5.75 5.71 5.65 5.56 5.45 5.31
3.03 2.80 2.56 2.31 2.06 1.80 1.53 1.26 0.99 0.71 0.42 0.13 0.00 0.00 0.00 0.00 0.00 0.00 0.00 0.00 0.00 0.00 0.00 0.00 0.00 0.00 0.00 0.00 0.00 0.00 0.00 0.00 0.00 0.00 0.00 0.00 0.00 0.00 0.00 0.00 0.00 0.00 0.00 0.00 0.00 0.00 0.00 0.00 0.00 0.00 0.00 0.00 0.00 0.00 0.00 0.00 0.00 0.00 0.00 0.00 0.70 1.38 2.00 2.58 3.11 3.59 4.03 4.42 4.77 5.08 5.35 5.58 5.77 5.93 6.05 6.14 6.20 6.22 6.22 6.19 6.14 6.06 5.95 5.83
3.19 2.95 2.72 2.47 2.23 1.97 1.71 1.45 1.17 0.90 0.62 0.33 0.03 0.00 0.00 0.00 0.00 0.00 0.00 0.00 0.00 0.00 0.00 0.00 0.00 0.00 0.00 0.00 0.00 0.00 0.00 0.00 0.00 0.00 0.00 0.00 0.00 0.00 0.00 0.00 0.00 0.00 0.00 0.00 0.00 0.00 0.00 0.00 0.00 0.00 0.00 0.00 0.00 0.00 0.00 0.00 0.00 0.00 0.00 0.47 1.18 1.85 2.47 3.04 3.56 4.04 4.47 4.86 5.20 5.51 5.78 6.00 6.20 6.35 6.48 6.57 6.63 6.66 6.67 6.64 6.59 6.52 6.43 6.31
3.33 3.11 2.87 2.63 2.39 2.14 1.88 1.62 1.36 1.08 0.81 0.52 0.23 0.00 0.00 0.00 0.00 0.00 0.00 0.00 0.00 0.00 0.00 0.00 0.00 0.00 0.00 0.00 0.00 0.00 0.00 0.00 0.00 0.00 0.00 0.00 0.00 0.00 0.00 0.00 0.00 0.00 0.00 0.00 0.00 0.00 0.00 0.00 0.00 0.00 0.00 0.00 0.00 0.00 0.00 0.00 0.00 0.00 0.24 0.96 1.66 2.32 2.93 3.49 4.00 4.47 4.90 5.28 5.62 5.92 6.18 6.41 6.60 6.76 6.88 6.98 7.04 7.07 7.08 7.06 7.02 6.95 6.86 6.76
3.48 3.25 3.02 2.79 2.55 2.30 2.05 1.80 1.53 1.27 0.99 0.71 0.43 0.14 0.00 0.00 0.00 0.00 0.00 0.00 0.00 0.00 0.00 0.00 0.00 0.00 0.00 0.00 0.00 0.00 0.00 0.00 0.00 0.00 0.00 0.00 0.00 0.00 0.00 0.00 0.00 0.00 0.00 0.00 0.00 0.00 0.00 0.00 0.00 0.00 0.00 0.00 0.00 0.00 0.00 0.00 0.00 0.08 0.74 1.44 2.14 2.78 3.38 3.93 4.43 4.89 5.31 5.68 6.02 6.31 6.57 6.80 6.98 7.14 7.26 7.35 7.42 7.45 7.46 7.45 7.41 7.35 7.27 7.16
3.61 3.40 3.17 2.94 2.71 2.46 2.22 1.96 1.71 1.44 1.17 0.90 0.62 0.33 0.04 0.00 0.00 0.00 0.00 0.00 0.00 0.00 0.00 0.00 0.00 0.00 0.00 0.00 0.00 0.00 0.00 0.00 0.00 0.00 0.00 0.00 0.00 0.00 0.00 0.00 0.00 0.00 0.00 0.00 0.00 0.00 0.00 0.00 0.00 0.00 0.00 0.00 0.00 0.00 0.00 0.00 0.00 0.59 1.24 1.93 2.60 3.23 3.82 4.35 4.85 5.30 5.70 6.07 6.40 6.69 6.94 7.16 7.34 7.49 7.61 7.70 7.77 7.80 7.81 7.80 7.76 7.71 7.63 7.54
3.75 3.53 3.31 3.09 2.86 2.62 2.38 2.13 1.87 1.61 1.35 1.08 0.80 0.52 0.23 0.00 0.00 0.00 0.00 0.00 0.00 0.00 0.00 0.00 0.00 0.00 0.00 0.00 0.00 0.00 0.00 0.00 0.00 0.00 0.00 0.00 0.00 0.00 0.00 0.00 0.00 0.00 0.00 0.00 0.00 0.00 0.00 0.00 0.00 0.00 0.00 0.00 0.00 0.00 0.00 0.00 0.48 1.09 1.73 2.40 3.06 3.68 4.24 4.77 5.25 5.69 6.08 6.44 6.76 7.04 7.28 7.49 7.67 7.82 7.94 8.02 8.09 8.12 8.13 8.12 8.08 8.03 7.96 7.88
3.88 3.67 3.45 3.23 3.00 2.77 2.53 2.29 2.04 1.78 1.52 1.25 0.98 0.70 0.42 0.13 0.00 0.00 0.00 0.00 0.00 0.00 0.00 0.00 0.00 0.00 0.00 0.00 0.00 0.00 0.00 0.00 0.00 0.00 0.00 0.00 0.00 0.00 0.00 0.00 0.00 0.00 0.00 0.00 0.00 0.00 0.00 0.00 0.00 0.00 0.00 0.00 0.00 0.00 0.00 0.44 1.00 1.59 2.21 2.86 3.51 4.11 4.66 5.17 5.63 6.06 6.44 6.79 7.10 7.37 7.60 7.81 7.98 8.12 8.23 8.32 8.37 8.40 8.41 8.40 8.37 8.32 8.26 8.20
4.00 3.80 3.58 3.37 3.14 2.92 2.68 2.44 2.20 1.95 1.69 1.43 1.16 0.88 0.61 0.32 0.03 0.00 0.00 0.00 0.00 0.00 0.00 0.00 0.00 0.00 0.00 0.00 0.00 0.00 0.00 0.00 0.00 0.00 0.00 0.00 0.00 0.00 0.00 0.00 0.00 0.00 0.00 0.00 0.00 0.00 0.00 0.00 0.00 0.00 0.00 0.00 0.00 0.00 0.46 0.97 1.51 2.08 2.68 3.32 3.94 4.52 5.06 5.55 6.01 6.42 6.79 7.12 7.41 7.67 7.90 8.10 8.26 8.39 8.50 8.58 8.63 8.66 8.66 8.65 8.62 8.58 8.54 8.49
4.12 3.92 3.71 3.50 3.28 3.06 2.83 2.59 2.35 2.10 1.85 1.59 1.33 1.06 0.79 0.51 0.22 0.00 0.00 0.00 0.00 0.00 0.00 0.00 0.00 0.00 0.00 0.00 0.00 0.00 0.00 0.00 0.00 0.00 0.00 0.00 0.00 0.00 0.00 0.00 0.00 0.00 0.00 0.00 0.00 0.00 0.00 0.00 0.00 0.00 0.00 0.00 0.10 0.53 0.99 1.49 2.01 2.56 3.15 3.76 4.37 4.93 5.45 5.92 6.36 6.75 7.11 7.43 7.71 7.96 8.17 8.36 8.51 8.63 8.73 8.80 8.85 8.87 8.87 8.86 8.84 8.82 8.79 8.75
4.24 4.04 3.84 3.63 3.41 3.19 2.97 2.74 2.50 2.26 2.01 1.76 1.50 1.23 0.96 0.68 0.40 0.12 0.00 0.00 0.00 0.00 0.00 0.00 0.00 0.00 0.00 0.00 0.00 0.00 0.00 0.00 0.00 0.00 0.00 0.00 0.00 0.00 0.00 0.00 0.00 0.00 0.00 0.00 0.00 0.00 0.00 0.00 0.00 0.00 0.00 0.28 0.66 1.08 1.52 2.00 2.51 3.04 3.60 4.20 4.78 5.32 5.82 6.28 6.69 7.07 7.41 7.71 7.98 8.22 8.42 8.59 8.73 8.85 8.93 9.00 9.04 9.05 9.06 9.06 9.05 9.04 9.02 8.99
4.35 4.15 3.95 3.75 3.54 3.32 3.10 2.88 2.64 2.41 2.16 1.91 1.66 1.40 1.13 0.86 0.58 0.31 0.06 0.00 0.00 0.00 0.00 0.00 0.00 0.00 0.00 0.00 0.00 0.00 0.00 0.00 0.00 0.00 0.00 0.00 0.00 0.00 0.00 0.00 0.00 0.00 0.00 0.00 0.00 0.00 0.00 0.00 0.00 0.20 0.51 0.86 1.23 1.62 2.05 2.51 2.99 3.51 4.05 4.62 5.18 5.70 6.18 6.61 7.01 7.37 7.69 7.98 8.23 8.45 8.64 8.80 8.93 9.03 9.11 9.16 9.19 9.21 9.22 9.23 9.23 9.23 9.22 9.21
4.45 4.26 4.07 3.87 3.66 3.45 3.23 3.01 2.78 2.55 2.31 2.07 1.81 1.56 1.30 1.03 0.77 0.52 0.30 0.09 0.00 0.00 0.00 0.00 0.00 0.00 0.00 0.00 0.00 0.00 0.00 0.00 0.00 0.00 0.00 0.00 0.00 0.00 0.00 0.00 0.00 0.00 0.00 0.00 0.00 0.00 0.09 0.30 0.54 0.81 1.11 1.43 1.78 2.16 2.57 3.01 3.47 3.96 4.48 5.03 5.56 6.06 6.51 6.93 7.31 7.64 7.95 8.22 8.45 8.65 8.83 8.97 9.09 9.18 9.24 9.28 9.32 9.34 9.36 9.38 9.39 9.40 9.40 9.40
4.55 4.37 4.18 3.98 3.78 3.57 3.36 3.14 2.92 2.69 2.45 2.21 1.97 1.71 1.46 1.21 0.97 0.75 0.56 0.37 0.21 0.06 0.00 0.00 0.00 0.00 0.00 0.00 0.00 0.00 0.00 0.00 0.00 0.00 0.00 0.00 0.00 0.00 0.00 0.00 0.00 0.05 0.17 0.29 0.42 0.57 0.74 0.94 1.17 1.42 1.70 2.01 2.34 2.70 3.08 3.50 3.94 4.41 4.90 5.42 5.93 6.40 6.84 7.23 7.58 7.90 8.18 8.43 8.65 8.83 8.99 9.12 9.22 9.29 9.35 9.39 9.42 9.46 9.49 9.51 9.53 9.55 9.56 9.57
4.65 4.47 4.28 4.09 3.89 3.69 3.48 3.27 3.05 2.82 2.59 2.36 2.11 1.87 1.63 1.40 1.19 1.00 0.83 0.67 0.53 0.41 0.30 0.21 0.13 0.07 0.02 0.00 0.00 0.00 0.00 0.00 0.01 0.04 0.09 0.15 0.22 0.30 0.39 0.49 0.60 0.71 0.83 0.96 1.10 1.24 1.40 1.59 1.79 2.03 2.29 2.58 2.89 3.23 3.59 3.98 4.40 4.84 5.31 5.80 6.29 6.73 7.14 7.50 7.83 8.13 8.39 8.62 8.81 8.98 9.12 9.23 9.31 9.38 9.42 9.47 9.51 9.55 9.59 9.63 9.66 9.68 9.70 9.72
4.74 4.56 4.38 4.19 4.00 3.80 3.60 3.39 3.17 2.95 2.73 2.50 2.26 2.03 1.81 1.61 1.43 1.26 1.12 0.99 0.87 0.77 0.68 0.61 0.56 0.51 0.48 0.47 0.46 0.47 0.49 0.52 0.56 0.61 0.67 0.75 0.83 0.92 1.02 1.12 1.24 1.36 1.49 1.62 1.76 1.91 2.06 2.23 2.42 2.63 2.87 3.14 3.43 3.74 4.09 4.45 4.84 5.26 5.70 6.16 6.62 7.04 7.42 7.76 8.06 8.34 8.57 8.78 8.95 9.10 9.22 9.31 9.38 9.44 9.49 9.54 9.59 9.64 9.68 9.72 9.76 9.80 9.83 9.85
4.83 4.65 4.48 4.29 4.11 3.91 3.71 3.51 3.30 3.08 2.86 2.63 2.41 2.20 2.01 1.84 1.68 1.54 1.42 1.31 1.22 1.14 1.07 1.02 0.98 0.96 0.95 0.94 0.96 0.98 1.01 1.06 1.11 1.18 1.25 1.33 1.42 1.52 1.63 1.74 1.86 1.99 2.12 2.26 2.41 2.56 2.71 2.87 3.04 3.24 3.45 3.70 3.96 4.26 4.57 4.91 5.27 5.66 6.07 6.51 6.94 7.33 7.68 7.99 8.27 8.52 8.73 8.91 9.06 9.19 9.29 9.36 9.42 9.48 9.54 9.60 9.65 9.70 9.75 9.80 9.85 9.89 9.93 9.97
4.91 4.74 4.57 4.39 4.21 4.02 3.82 3.62 3.41 3.20 2.98 2.77 2.57 2.39 2.23 2.08 1.95 1.83 1.73 1.64 1.57 1.51 1.47 1.43 1.41 1.41 1.41 1.43 1.45 1.49 1.54 1.59 1.66 1.73 1.82 1.91 2.01 2.12 2.23 2.35 2.48 2.61 2.75 2.89 3.03 3.19 3.34 3.50 3.66 3.83 4.03 4.25 4.49 4.76 5.04 5.36 5.69 6.05 6.43 6.84 7.23 7.59 7.91 8.20 8.45 8.67 8.86 9.02 9.15 9.25 9.32 9.39 9.45 9.51 9.58 9.64 9.70 9.76 9.81 9.87 9.92 9.97 10.02 10.07
4.99 4.82 4.65 4.48 4.30 4.11 3.92 3.73 3.52 3.32 3.11 2.93 2.75 2.60 2.46 2.33 2.23 2.13 2.05 1.99 1.93 1.89 1.87 1.85 1.85 1.86 1.88 1.91 1.95 2.00 2.05 2.12 2.20 2.28 2.38 2.48 2.58 2.70 2.82 2.94 3.07 3.21 3.35 3.49 3.64 3.79 3.95 4.10 4.26 4.42 4.60 4.79 5.01 5.25 5.51 5.79 6.10 6.42 6.77 7.15 7.51 7.84 8.13 8.39 8.61 8.80 8.96 9.09 9.19 9.27 9.34 9.41 9.47 9.54 9.60 9.67 9.73 9.80 9.86 9.92 9.98 10.04 10.09 10.15
5.06 4.90 4.73 4.56 4.39 4.21 4.02 3.83 3.63 3.44 3.26 3.10 2.95 2.82 2.70 2.60 2.51 2.44 2.38 2.33 2.30 2.28 2.27 2.27 2.28 2.31 2.34 2.38 2.44 2.50 2.57 2.65 2.73 2.83 2.93 3.03 3.15 3.27 3.39 3.52 3.65 3.79 3.93 4.08 4.23 4.38 4.53 4.69 4.84 5.00 5.16 5.32 5.51 5.72 5.95 6.21 6.48 6.78 7.10 7.44 7.77 8.06 8.32 8.54 8.74 8.90 9.03 9.13 9.21 9.28 9.35 9.41 9.48 9.55 9.62 9.69 9.76 9.83 9.89 9.96 10.03 10.09 10.15 10.21
5.13 4.97 4.81 4.65 4.47 4.30 4.12 3.93 3.74 3.57 3.42 3.28 3.16 3.05 2.96 2.88 2.81 2.76 2.72 2.69 2.67 2.67 2.67 2.69 2.72 2.76 2.80 2.86 2.92 2.99 3.07 3.16 3.26 3.36 3.46 3.58 3.70 3.82 3.95 4.08 4.22 4.35 4.50 4.64 4.79 4.94 5.09 5.24 5.39 5.54 5.70 5.85 6.01 6.19 6.39 6.61 6.85 7.12 7.40 7.70 8.00 8.26 8.49 8.68 8.84 8.97 9.07 9.15 9.21 9.28 9.35 9.42 9.49 9.56 9.63 9.70 9.77 9.84 9.92 9.99 10.06 10.13 10.20 10.27
5.19 5.04 4.88 4.72 4.55 4.38 4.20 4.03 3.87 3.73 3.60 3.48 3.38 3.30 3.22 3.16 3.12 3.08 3.06 3.05 3.05 3.06 3.08 3.11 3.15 3.20 3.26 3.33 3.40 3.48 3.57 3.67 3.77 3.87 3.99 4.11 4.23 4.36 4.49 4.62 4.76 4.90 5.04 5.18 5.33 5.47 5.62 5.77 5.91 6.06 6.20 6.35 6.49 6.64 6.81 7.00 7.21 7.43 7.68 7.95 8.21 8.43 8.62 8.78 8.91 9.01 9.08 9.15 9.21 9.27 9.34 9.41 9.48 9.55 9.63 9.70 9.78 9.85 9.93 10.00 10.08 10.16 10.23 10.31
5.25 5.10 4.95 4.79 4.63 4.46 4.30 4.15 4.01 3.89 3.79 3.69 3.62 3.55 3.50 3.46 3.43 3.41 3.41 3.41 3.43 3.45 3.49 3.53 3.58 3.64 3.71 3.79 3.87 3.96 4.06 4.16 4.27 4.38 4.50 4.62 4.74 4.87 5.01 5.14 5.28 5.42 5.56 5.70 5.84 5.98 6.12 6.26 6.40 6.54 6.68 6.81 6.95 7.08 7.21 7.37 7.54 7.73 7.94 8.17 8.39 8.58 8.74 8.86 8.96 9.02 9.08 9.14 9.20 9.26 9.33 9.40 9.47 9.54 9.62 9.70 9.77 9.85 9.93 10.01 10.09 10.18 10.26 10.34
5.30 5.16 5.01 4.86 4.70 4.55 4.41 4.28 4.17 4.07 3.99 3.92 3.86 3.81 3.78 3.75 3.74 3.74 3.75 3.77 3.80 3.84 3.89 3.94 4.01 4.08 4.16 4.24 4.33 4.43 4.53 4.64 4.75 4.87 4.99 5.11 5.24 5.37 5.50 5.64 5.77 5.91 6.05 6.18 6.32 6.46 6.59 6.73 6.86 6.99 7.12 7.24 7.37 7.48 7.60 7.72 7.85 8.01 8.18 8.37 8.55 8.70 8.82 8.91 8.97 9.02 9.07 9.13 9.19 9.25 9.32 9.39 9.46 9.53 9.61 9.68 9.76 9.85 9.93 10.01 10.10 10.18 10.27 10.36
5.35 5.21 5.07 4.92 4.78 4.65 4.53 4.43 4.34 4.26 4.20 4.15 4.11 4.08 4.06 4.06 4.06 4.08 4.10 4.14 4.18 4.23 4.29 4.35 4.43 4.51 4.59 4.69 4.78 4.89 5.00 5.11 5.22 5.34 5.47 5.59 5.72 5.85 5.98 6.11 6.25 6.38 6.51 6.64 6.78 6.91 7.04 7.16 7.29 7.41 7.52 7.64 7.75 7.85 7.95 8.05 8.15 8.26 8.40 8.55 8.69 8.80 8.88 8.93 8.97 9.02 9.06 9.12 9.17 9.24 9.30 9.37 9.44 9.51 9.59 9.67 9.75 9.83 9.92 10.01 10.09 10.18 10.28 10.37
5.39 5.26 5.12 4.99 4.87 4.76 4.66 4.58 4.51 4.46 4.41 4.38 4.36 4.35 4.35 4.36 4.38 4.41 4.45 4.49 4.55 4.61 4.68 4.76 4.84 4.93 5.02 5.12 5.22 5.33 5.44 5.56 5.68 5.80 5.92 6.05 6.18 6.30 6.43 6.56 6.69 6.82 6.95 7.08 7.20 7.32 7.44 7.56 7.67 7.78 7.89 7.99 8.09 8.18 8.27 8.34 8.42 8.50 8.59 8.70 8.80 8.86 8.91 8.94 8.97 9.01 9.06 9.11 9.16 9.22 9.28 9.35 9.42 9.49 9.57 9.65 9.73 9.81 9.90 9.99 10.08 10.18 10.27 10.37
5.43 5.31 5.18 5.07 4.97 4.88 4.81 4.75 4.70 4.67 4.64 4.63 4.62 4.63 4.64 4.67 4.70 4.74 4.79 4.85 4.92 4.99 5.07 5.15 5.24 5.34 5.44 5.54 5.65 5.76 5.87 5.99 6.11 6.23 6.36 6.48 6.61 6.73 6.86 6.99 7.11 7.23 7.36 7.47 7.59 7.71 7.82 7.92 8.03 8.13 8.22 8.31 8.39 8.47 8.54 8.60 8.65 8.70 8.75 8.82 8.87 8.90 8.92 8.95 8.98 9.01 9.05 9.10 9.15 9.20 9.26 9.33 9.40 9.47 9.54 9.62 9.71 9.79 9.88 9.97 10.07 10.17 10.26 10.36
5.47 5.36 5.25 5.16 5.08 5.02 4.97 4.93 4.90 4.88 4.87 4.87 4.88 4.90 4.93 4.97 5.02 5.07 5.13 5.20 5.28 5.36 5.44 5.54 5.63 5.73 5.84 5.95 6.06 6.17 6.29 6.41 6.53 6.65 6.77 6.89 7.02 7.14 7.26 7.38 7.50 7.62 7.73 7.84 7.95 8.05 8.15 8.25 8.34 8.43 8.51 8.58 8.65 8.71 8.76 8.81 8.84 8.87 8.89 8.91 8.93 8.93 8.94 8.96 8.98 9.01 9.05 9.09 9.14 9.19 9.25 9.31 9.37 9.44 9.52 9.60 9.68 9.77 9.86 9.95 10.05 10.15 10.25 10.35
5.51 5.41 5.33 5.27 5.21 5.16 5.13 5.11 5.10 5.10 5.10 5.12 5.15 5.18 5.22 5.28 5.33 5.40 5.47 5.55 5.63 5.72 5.81 5.91 6.01 6.12 6.22 6.34 6.45 6.57 6.68 6.80 6.92 7.04 7.16 7.28 7.40 7.52 7.63 7.75 7.86 7.97 8.07 8.17 8.27 8.37 8.45 8.54 8.61 8.69 8.75 8.81 8.86 8.90 8.94 8.96 8.98 8.99 8.99 8.98 8.97 8.97 8.97 8.98 9.00 9.02 9.05 9.08 9.13 9.17 9.23 9.29 9.35 9.42 9.49 9.57 9.65 9.74 9.83 9.93 10.02 10.13 10.23 10.34
5.55 5.47 5.41 5.37 5.33 5.30 5.29 5.29 5.29 5.30 5.33 5.36 5.40 5.45 5.50 5.57 5.63 5.71 5.79 5.87 5.97 6.06 6.16 6.26 6.37 6.48 6.59 6.70 6.82 6.93 7.05 7.17 7.29 7.40 7.52 7.64 7.75 7.86 7.97 8.08 8.18 8.28 8.38 8.47 8.56 8.64 8.71 8.78 8.85 8.90 8.95 8.99 9.03 9.05 9.07 9.08 9.07 9.06 9.04 9.02 9.00 8.99 8.99 8.99 9.00 9.02 9.04 9.07 9.11 9.15 9.20 9.26 9.32 9.38 9.46 9.53 9.61 9.70 9.79 9.89 9.99 10.09 10.20 10.31
5.57 5.52 5.48 5.46 5.44 5.43 5.43 5.45 5.47 5.50 5.54 5.58 5.63 5.69 5.76 5.83 5.91 6.00 6.09 6.18 6.28 6.38 6.48 6.59 6.70 6.81 6.93 7.04 7.16 7.27 7.39 7.51 7.62 7.74 7.85 7.96 8.07 8.17 8.28 8.37 8.47 8.56 8.65 8.73 8.80 8.87 8.93 8.99 9.04 9.08 9.11 9.14 9.15 9.16 9.15 9.14 9.12 9.08 9.05 9.03 9.02 9.00 8.99 8.98 8.99 9.00 9.01 9.04 9.07 9.11 9.15 9.20 9.26 9.33 9.40 9.47 9.55 9.64 9.73 9.82 9.92 10.03 10.14 10.25
5.59 5.56 5.54 5.53 5.53 5.54 5.56 5.59 5.63 5.67 5.73 5.78 5.85 5.92 6.00 6.08 6.17 6.26 6.36 6.46 6.56 6.67 6.78 6.89 7.00 7.12 7.23 7.35 7.47 7.58 7.70 7.81 7.92 8.03 8.14 8.25 8.35 8.45 8.54 8.63 8.72 8.80 8.87 8.94 9.01 9.06 9.11 9.15 9.18 9.21 9.22 9.23 9.23 9.22 9.19 9.16 9.11 9.07 9.04 9.02 9.01 8.99 8.97 8.96 8.96 8.96 8.97 8.99 9.01 9.05 9.09 9.13 9.19 9.25 9.32 9.39 9.47 9.55 9.64 9.74 9.84 9.94 10.05 10.17
5.59 5.58 5.58 5.59 5.61 5.64 5.68 5.72 5.77 5.83 5.90 5.97 6.05 6.13 6.22 6.31 6.41 6.51 6.61 6.72 6.83 6.94 7.05 7.17 7.28 7.40 7.51 7.63 7.75 7.86 7.97 8.08 8.19 8.30 8.40 8.50 8.60 8.69 8.77 8.85 8.93 9.00 9.06 9.12 9.17 9.21 9.25 9.27 9.29 9.30 9.30 9.28 9.26 9.23 9.18 9.13 9.08 9.04 9.00 8.99 8.97 8.95 8.94 8.92 8.91 8.90 8.91 8.92 8.94 8.97 9.00 9.05 9.10 9.15 9.22 9.29 9.36 9.45 9.54 9.63 9.73 9.84 9.95 10.06
5.58 5.59 5.61 5.64 5.68 5.72 5.78 5.83 5.90 5.97 6.05 6.13 6.22 6.32 6.41 6.52 6.62 6.73 6.84 6.95 7.07 7.18 7.30 7.41 7.53 7.65 7.77 7.88 8.00 8.11 8.22 8.33 8.43 8.53 8.63 8.72 8.81 8.89 8.97 9.04 9.11 9.16 9.21 9.26 9.29 9.32 9.34 9.35 9.35 9.34 9.32 9.29 9.25 9.20 9.13 9.07 9.02 8.98 8.95 8.93 8.91 8.90 8.88 8.86 8.85 8.84 8.83 8.84 8.85 8.87 8.90 8.94 8.98 9.04 9.10 9.16 9.24 9.32 9.41 9.50 9.60 9.71 9.82 9.94
