data_processed/recharge/precip/Precip_1998_11.asc
ncols        168
nrows        136
xllcorner    455000
yllcorner    2107000
cellsize     500
NODATA_value     -99999
[rows 70 to 104 of 136, columns 79 to 157 of 168]
8.33 8.21 8.09 7.98 7.87 7.77 7.67 7.58 7.49 7.40 7.32 7.25 7.18 7.11 7.05 7.00 6.94 6.90 6.86 6.83 6.81 6.81 6.84 6.90 6.99 7.10 7.24 7.41 7.61 7.83 8.07 8.34 8.63 8.95 9.28 9.63 10.01 10.41 10.82 11.25 11.70 12.16 12.65 13.14 13.65 14.18 14.71 15.27 15.83 16.41 16.99 17.59 18.21 18.83 19.46 20.11 20.77 21.43 22.11 22.80 23.49 24.20 24.91 25.64 26.37 27.11 27.85 28.61 29.37 30.14 30.91 31.69 32.46 33.21 33.93 34.62 35.23 35.77 36.23
8.15 8.03 7.92 7.82 7.72 7.62 7.53 7.45 7.38 7.31 7.25 7.20 7.15 7.11 7.08 7.05 7.04 7.03 7.03 7.04 7.05 7.07 7.12 7.19 7.29 7.42 7.57 7.75 7.95 8.18 8.44 8.71 9.01 9.33 9.67 10.03 10.41 10.81 11.23 11.67 12.12 12.58 13.07 13.57 14.08 14.60 15.14 15.69 16.25 16.83 17.41 18.01 18.62 19.24 19.87 20.51 21.17 21.83 22.50 23.18 23.87 24.57 25.28 25.99 26.72 27.45 28.19 28.93 29.68 30.44 31.20 31.95 32.69 33.41 34.11 34.79 35.42 35.97 36.45
8.00 7.88 7.77 7.67 7.57 7.48 7.41 7.34 7.28 7.23 7.18 7.15 7.13 7.11 7.10 7.11 7.13 7.15 7.19 7.24 7.29 7.34 7.41 7.49 7.60 7.74 7.90 8.09 8.31 8.54 8.80 9.09 9.39 9.72 10.06 10.43 10.82 11.22 11.64 12.08 12.53 13.00 13.49 13.99 14.50 15.02 15.56 16.11 16.67 17.24 17.83 18.42 19.03 19.64 20.27 20.91 21.56 22.21 22.88 23.55 24.23 24.93 25.63 26.33 27.05 27.77 28.50 29.24 29.98 30.72 31.46 32.18 32.89 33.58 34.25 34.91 35.53 36.11 36.61
7.87 7.75 7.64 7.54 7.45 7.36 7.29 7.24 7.19 7.15 7.12 7.11 7.10 7.11 7.13 7.17 7.21 7.27 7.34 7.42 7.51 7.60 7.70 7.80 7.92 8.07 8.24 8.44 8.66 8.91 9.18 9.47 9.78 10.11 10.46 10.83 11.22 11.63 12.05 12.49 12.95 13.42 13.90 14.40 14.91 15.44 15.97 16.52 17.08 17.65 18.23 18.82 19.42 20.04 20.66 21.29 21.93 22.58 23.24 23.91 24.58 25.27 25.96 26.66 27.36 28.08 28.80 29.52 30.25 30.97 31.68 32.38 33.06 33.73 34.37 35.00 35.60 36.17 36.70
7.78 7.65 7.53 7.43 7.34 7.26 7.20 7.15 7.11 7.08 7.07 7.07 7.09 7.12 7.16 7.23 7.30 7.39 7.49 7.60 7.72 7.84 7.97 8.11 8.25 8.40 8.59 8.79 9.02 9.28 9.55 9.85 10.16 10.50 10.86 11.23 11.63 12.04 12.46 12.90 13.36 13.83 14.32 14.82 15.33 15.85 16.38 16.93 17.48 18.05 18.63 19.21 19.81 20.42 21.04 21.66 22.30 22.94 23.59 24.25 24.92 25.60 26.28 26.97 27.66 28.37 29.08 29.79 30.49 31.19 31.88 32.55 33.21 33.85 34.47 35.07 35.65 36.20 36.72
7.71 7.58 7.46 7.35 7.26 7.18 7.12 7.08 7.05 7.03 7.03 7.05 7.08 7.13 7.20 7.29 7.39 7.51 7.64 7.78 7.92 8.08 8.24 8.41 8.57 8.75 8.94 9.15 9.39 9.65 9.93 10.23 10.55 10.90 11.26 11.63 12.03 12.44 12.87 13.31 13.77 14.24 14.73 15.22 15.73 16.25 16.78 17.33 17.88 18.44 19.01 19.60 20.19 20.79 21.40 22.02 22.65 23.29 23.93 24.58 25.24 25.91 26.58 27.26 27.95 28.64 29.33 30.03 30.71 31.38 32.05 32.70 33.33 33.95 34.55 35.12 35.68 36.21 36.71
7.68 7.53 7.41 7.30 7.21 7.13 7.07 7.03 7.01 7.00 7.01 7.04 7.09 7.16 7.26 7.37 7.49 7.63 7.78 7.95 8.12 8.31 8.50 8.69 8.89 9.09 9.30 9.52 9.76 10.03 10.31 10.62 10.95 11.29 11.66 12.04 12.43 12.85 13.28 13.72 14.18 14.65 15.13 15.63 16.14 16.65 17.18 17.72 18.27 18.82 19.39 19.97 20.56 21.15 21.76 22.37 22.99 23.62 24.25 24.90 25.55 26.20 26.87 27.54 28.21 28.89 29.57 30.24 30.90 31.55 32.20 32.83 33.44 34.04 34.61 35.17 35.70 36.21 36.69
7.68 7.53 7.39 7.28 7.18 7.10 7.05 7.01 6.99 6.99 7.01 7.05 7.12 7.21 7.32 7.45 7.60 7.76 7.93 8.12 8.32 8.53 8.74 8.97 9.19 9.42 9.65 9.89 10.14 10.41 10.70 11.01 11.34 11.69 12.06 12.44 12.84 13.25 13.68 14.13 14.58 15.05 15.54 16.03 16.53 17.05 17.57 18.10 18.65 19.20 19.76 20.33 20.91 21.50 22.10 22.71 23.32 23.94 24.56 25.20 25.84 26.48 27.14 27.80 28.46 29.12 29.78 30.43 31.07 31.71 32.33 32.94 33.53 34.11 34.67 35.20 35.72 36.20 36.66
7.73 7.56 7.42 7.29 7.19 7.11 7.05 7.01 6.99 7.00 7.03 7.09 7.17 7.28 7.40 7.55 7.71 7.89 8.09 8.30 8.52 8.75 8.99 9.23 9.48 9.74 10.00 10.25 10.52 10.79 11.09 11.40 11.74 12.09 12.46 12.84 13.24 13.66 14.09 14.53 14.99 15.45 15.93 16.42 16.92 17.43 17.95 18.48 19.02 19.57 20.12 20.69 21.26 21.84 22.43 23.03 23.63 24.24 24.86 25.48 26.11 26.75 27.39 28.04 28.68 29.33 29.97 30.60 31.23 31.85 32.45 33.04 33.62 34.18 34.72 35.24 35.73 36.20 36.64
7.82 7.64 7.48 7.34 7.23 7.15 7.08 7.04 7.03 7.04 7.08 7.15 7.25 7.37 7.51 7.67 7.84 8.04 8.25 8.48 8.72 8.97 9.22 9.49 9.77 10.04 10.33 10.61 10.89 11.18 11.48 11.80 12.13 12.49 12.86 13.24 13.64 14.06 14.49 14.93 15.38 15.85 16.33 16.81 17.31 17.81 18.33 18.85 19.38 19.92 20.47 21.03 21.60 22.17 22.75 23.34 23.93 24.53 25.14 25.75 26.37 27.00 27.63 28.26 28.89 29.52 30.14 30.76 31.37 31.98 32.56 33.14 33.70 34.24 34.77 35.27 35.75 36.20 36.62
7.95 7.75 7.58 7.44 7.32 7.22 7.15 7.11 7.10 7.12 7.17 7.25 7.35 7.48 7.63 7.80 7.99 8.20 8.42 8.67 8.92 9.19 9.46 9.75 10.04 10.34 10.64 10.95 11.26 11.56 11.87 12.19 12.53 12.89 13.26 13.64 14.04 14.46 14.89 15.33 15.78 16.24 16.71 17.20 17.69 18.19 18.70 19.21 19.74 20.27 20.82 21.37 21.92 22.49 23.06 23.64 24.22 24.81 25.41 26.01 26.62 27.23 27.85 28.46 29.08 29.70 30.31 30.91 31.51 32.10 32.67 33.24 33.78 34.31 34.82 35.30 35.77 36.20 36.61
8.14 7.92 7.73 7.57 7.44 7.33 7.26 7.22 7.21 7.24 7.29 7.37 7.48 7.61 7.77 7.95 8.15 8.37 8.61 8.86 9.13 9.41 9.70 10.00 10.32 10.63 10.95 11.28 11.61 11.94 12.26 12.59 12.93 13.29 13.66 14.04 14.44 14.86 15.28 15.72 16.17 16.63 17.10 17.57 18.06 18.55 19.06 19.57 20.09 20.61 21.15 21.69 22.24 22.79 23.35 23.92 24.50 25.08 25.66 26.25 26.85 27.45 28.05 28.66 29.26 29.87 30.47 31.06 31.64 32.22 32.78 33.33 33.86 34.38 34.88 35.35 35.80 36.22 36.62
8.37 8.13 7.93 7.75 7.61 7.49 7.42 7.37 7.37 7.39 7.45 7.53 7.64 7.78 7.94 8.13 8.34 8.56 8.81 9.07 9.35 9.64 9.95 10.26 10.59 10.92 11.26 11.60 11.95 12.29 12.64 12.99 13.33 13.69 14.06 14.44 14.84 15.25 15.68 16.11 16.55 17.01 17.47 17.95 18.43 18.91 19.41 19.91 20.42 20.94 21.47 22.00 22.54 23.08 23.64 24.19 24.76 25.32 25.90 26.48 27.06 27.65 28.25 28.84 29.44 30.03 30.62 31.20 31.78 32.34 32.89 33.43 33.96 34.46 34.94 35.41 35.85 36.26 36.64
8.66 8.40 8.18 7.98 7.82 7.70 7.62 7.58 7.57 7.59 7.64 7.73 7.84 7.98 8.14 8.33 8.54 8.78 9.03 9.30 9.58 9.89 10.20 10.52 10.86 11.21 11.56 11.91 12.27 12.64 13.00 13.37 13.73 14.09 14.46 14.84 15.24 15.65 16.06 16.50 16.94 17.39 17.85 18.31 18.79 19.27 19.75 20.25 20.75 21.26 21.78 22.30 22.83 23.36 23.90 24.45 25.00 25.56 26.12 26.69 27.27 27.85 28.44 29.02 29.61 30.20 30.78 31.35 31.92 32.47 33.02 33.54 34.06 34.55 35.03 35.48 35.91 36.31 36.69
9.01 8.72 8.48 8.27 8.10 7.97 7.88 7.83 7.81 7.83 7.88 7.96 8.07 8.21 8.37 8.56 8.78 9.01 9.27 9.54 9.83 10.14 10.46 10.79 11.14 11.49 11.85 12.22 12.60 12.97 13.35 13.73 14.11 14.48 14.86 15.24 15.63 16.04 16.45 16.88 17.31 17.76 18.21 18.67 19.14 19.61 20.09 20.58 21.07 21.57 22.08 22.59 23.11 23.63 24.16 24.69 25.23 25.78 26.33 26.90 27.47 28.04 28.62 29.21 29.79 30.36 30.94 31.50 32.06 32.61 33.15 33.67 34.18 34.66 35.13 35.58 36.00 36.39 36.76
9.41 9.11 8.84 8.62 8.43 8.29 8.19 8.13 8.11 8.12 8.16 8.24 8.34 8.48 8.64 8.83 9.04 9.27 9.53 9.80 10.10 10.41 10.73 11.07 11.42 11.78 12.15 12.53 12.91 13.30 13.69 14.08 14.47 14.86 15.25 15.63 16.02 16.42 16.83 17.25 17.69 18.12 18.57 19.02 19.48 19.95 20.42 20.90 21.38 21.87 22.36 22.87 23.37 23.89 24.40 24.92 25.45 25.99 26.54 27.10 27.67 28.24 28.81 29.39 29.97 30.54 31.11 31.67 32.22 32.77 33.30 33.81 34.31 34.79 35.26 35.69 36.11 36.50 36.86
9.88 9.55 9.27 9.03 8.83 8.68 8.57 8.49 8.46 8.46 8.49 8.56 8.65 8.78 8.94 9.12 9.33 9.56 9.81 10.09 10.38 10.69 11.02 11.36 11.71 12.08 12.45 12.84 13.23 13.62 14.02 14.42 14.82 15.22 15.62 16.02 16.41 16.81 17.21 17.63 18.05 18.48 18.92 19.37 19.82 20.27 20.74 21.20 21.68 22.16 22.64 23.13 23.63 24.13 24.63 25.14 25.67 26.20 26.75 27.31 27.87 28.44 29.01 29.58 30.16 30.73 31.29 31.85 32.40 32.94 33.47 33.98 34.47 34.95 35.41 35.84 36.25 36.64 36.99
10.42 10.07 9.77 9.51 9.30 9.13 9.00 8.91 8.86 8.85 8.87 8.92 9.01 9.13 9.28 9.45 9.65 9.88 10.13 10.40 10.69 11.00 11.32 11.66 12.02 12.38 12.76 13.15 13.54 13.94 14.35 14.76 15.17 15.58 15.98 16.39 16.79 17.18 17.59 18.00 18.41 18.84 19.27 19.71 20.15 20.59 21.05 21.50 21.97 22.43 22.91 23.38 23.87 24.35 24.85 25.36 25.88 26.42 26.96 27.52 28.08 28.65 29.22 29.79 30.36 30.93 31.49 32.05 32.60 33.13 33.66 34.17 34.66 35.14 35.59 36.02 36.43 36.81 37.16
11.04 10.67 10.34 10.06 9.83 9.64 9.49 9.39 9.32 9.29 9.30 9.34 9.41 9.52 9.66 9.82 10.01 10.23 10.47 10.73 11.02 11.32 11.64 11.98 12.34 12.70 13.08 13.47 13.86 14.26 14.67 15.09 15.50 15.92 16.33 16.74 17.15 17.56 17.96 18.36 18.77 19.18 19.61 20.04 20.47 20.90 21.34 21.79 22.24 22.70 23.16 23.63 24.09 24.57 25.06 25.57 26.10 26.64 27.18 27.74 28.30 28.87 29.44 30.01 30.58 31.15 31.72 32.27 32.82 33.36 33.88 34.39 34.88 35.36 35.81 36.24 36.65 37.03 37.38
11.74 11.34 10.99 10.69 10.43 10.22 10.05 9.92 9.84 9.79 9.78 9.80 9.86 9.95 10.08 10.23 10.41 10.62 10.85 11.10 11.38 11.67 11.99 12.32 12.67 13.03 13.40 13.79 14.18 14.59 15.00 15.41 15.83 16.25 16.67 17.08 17.50 17.91 18.31 18.71 19.12 19.53 19.94 20.36 20.78 21.21 21.63 22.07 22.51 22.95 23.40 23.85 24.31 24.79 25.29 25.80 26.33 26.86 27.41 27.97 28.54 29.11 29.68 30.26 30.83 31.40 31.96 32.52 33.07 33.61 34.13 34.64 35.14 35.61 36.07 36.50 36.91 37.29 37.64
12.52 12.10 11.72 11.39 11.11 10.87 10.68 10.53 10.42 10.35 10.32 10.32 10.37 10.44 10.55 10.68 10.85 11.04 11.26 11.50 11.76 12.05 12.36 12.68 13.02 13.38 13.74 14.13 14.52 14.92 15.32 15.74 16.15 16.57 16.99 17.41 17.83 18.25 18.66 19.06 19.46 19.86 20.26 20.67 21.08 21.50 21.91 22.34 22.76 23.19 23.63 24.07 24.53 25.02 25.52 26.03 26.56 27.11 27.66 28.22 28.79 29.37 29.95 30.52 31.10 31.67 32.24 32.80 33.35 33.90 34.42 34.94 35.43 35.91 36.37 36.80 37.21 37.59 37.95
13.39 12.93 12.53 12.17 11.86 11.59 11.37 11.20 11.06 10.97 10.92 10.90 10.92 10.97 11.06 11.18 11.33 11.50 11.70 11.93 12.18 12.46 12.75 13.06 13.39 13.74 14.10 14.47 14.86 15.25 15.65 16.06 16.48 16.90 17.32 17.74 18.16 18.57 18.98 19.39 19.79 20.19 20.58 20.98 21.38 21.78 22.18 22.59 23.01 23.42 23.85 24.30 24.76 25.25 25.76 26.28 26.82 27.37 27.93 28.50 29.07 29.65 30.24 30.82 31.40 31.98 32.55 33.12 33.68 34.22 34.75 35.27 35.77 36.25 36.72 37.15 37.57 37.95 38.31
14.35 13.86 13.42 13.03 12.68 12.39 12.14 11.94 11.78 11.66 11.58 11.54 11.53 11.56 11.63 11.72 11.85 12.01 12.19 12.40 12.64 12.90 13.17 13.47 13.79 14.12 14.47 14.84 15.21 15.60 15.99 16.40 16.80 17.22 17.63 18.05 18.47 18.88 19.30 19.71 20.11 20.50 20.89 21.27 21.66 22.05 22.44 22.84 23.24 23.65 24.08 24.53 25.01 25.51 26.02 26.55 27.10 27.65 28.22 28.80 29.38 29.97 30.56 31.15 31.74 32.32 32.90 33.47 34.04 34.59 35.13 35.65 36.16 36.65 37.12 37.56 37.98 38.37 38.73
15.40 14.87 14.39 13.97 13.59 13.26 12.98 12.75 12.56 12.41 12.30 12.23 12.20 12.21 12.25 12.32 12.42 12.56 12.72 12.91 13.13 13.37 13.63 13.91 14.21 14.53 14.87 15.22 15.58 15.96 16.34 16.73 17.14 17.54 17.95 18.36 18.78 19.19 19.60 20.00 20.40 20.80 21.18 21.56 21.94 22.31 22.69 23.07 23.47 23.88 24.32 24.78 25.27 25.78 26.30 26.84 27.40 27.96 28.54 29.13 29.72 30.31 30.91 31.51 32.11 32.70 33.29 33.87 34.44 35.00 35.55 36.08 36.60 37.10 37.57 38.02 38.45 38.85 39.22
16.54 15.97 15.46 14.99 14.58 14.22 13.90 13.64 13.41 13.23 13.09 12.99 12.93 12.91 12.92 12.97 13.05 13.16 13.30 13.46 13.66 13.88 14.12 14.38 14.66 14.97 15.29 15.62 15.97 16.33 16.70 17.08 17.47 17.87 18.27 18.67 19.08 19.48 19.89 20.29 20.69 21.08 21.46 21.84 22.20 22.56 22.93 23.30 23.70 24.13 24.58 25.06 25.56 26.07 26.61 27.16 27.73 28.30 28.89 29.49 30.09 30.70 31.31 31.92 32.52 33.13 33.73 34.32 34.90 35.47 36.03 36.57 37.09 37.60 38.08 38.54 38.98 39.39 39.77
17.78 17.17 16.61 16.11 15.66 15.26 14.90 14.60 14.34 14.12 13.95 13.82 13.73 13.67 13.66 13.67 13.72 13.81 13.92 14.06 14.23 14.42 14.64 14.88 15.15 15.43 15.73 16.04 16.38 16.72 17.08 17.44 17.82 18.20 18.59 18.98 19.38 19.78 20.17 20.57 20.96 21.34 21.72 22.09 22.45 22.81 23.16 23.55 23.96 24.40 24.86 25.35 25.86 26.40 26.94 27.51 28.09 28.68 29.28 29.89 30.50 31.12 31.74 32.37 32.99 33.60 34.21 34.82 35.41 35.99 36.56 37.11 37.65 38.17 38.66 39.13 39.58 40.00 40.39
19.10 18.44 17.84 17.30 16.81 16.36 15.97 15.63 15.33 15.08 14.87 14.70 14.58 14.49 14.44 14.43 14.45 14.50 14.58 14.70 14.84 15.01 15.20 15.42 15.66 15.92 16.20 16.49 16.80 17.13 17.47 17.82 18.18 18.55 18.92 19.30 19.68 20.07 20.45 20.84 21.22 21.60 21.97 22.34 22.69 23.03 23.39 23.79 24.22 24.67 25.15 25.66 26.18 26.73 27.29 27.87 28.46 29.07 29.68 30.31 30.94 31.57 32.20 32.84 33.47 34.10 34.73 35.34 35.95 36.54 37.13 37.69 38.24 38.77 39.28 39.76 40.22 40.65 41.05
20.46 19.76 19.11 18.53 17.99 17.51 17.07 16.69 16.35 16.06 15.82 15.62 15.46 15.33 15.25 15.20 15.19 15.22 15.27 15.36 15.47 15.61 15.78 15.97 16.19 16.42 16.68 16.95 17.25 17.55 17.87 18.20 18.55 18.90 19.26 19.63 20.00 20.37 20.74 21.12 21.49 21.86 22.22 22.58 22.93 23.25 23.59 23.99 24.43 24.90 25.40 25.92 26.46 27.02 27.60 28.19 28.80 29.42 30.05 30.68 31.33 31.97 32.62 33.27 33.92 34.56 35.20 35.83 36.45 37.06 37.65 38.23 38.79 39.33 39.85 40.35 40.82 41.26 41.68
21.85 21.10 20.41 19.78 19.20 18.68 18.20 17.78 17.40 17.08 16.79 16.55 16.36 16.20 16.08 16.00 15.96 15.95 15.98 16.03 16.12 16.23 16.37 16.54 16.73 16.94 17.18 17.43 17.70 17.99 18.29 18.60 18.93 19.26 19.61 19.96 20.31 20.67 21.04 21.40 21.76 22.12 22.48 22.82 23.15 23.45 23.76 24.14 24.59 25.07 25.58 26.12 26.67 27.25 27.84 28.45 29.07 29.71 30.35 31.00 31.66 32.32 32.98 33.65 34.31 34.96 35.61 36.26 36.89 37.51 38.12 38.71 39.29 39.84 40.37 40.88 41.37 41.82 42.25
23.26 22.47 21.74 21.06 20.44 19.87 19.35 18.89 18.47 18.11 17.79 17.51 17.28 17.09 16.93 16.82 16.75 16.71 16.70 16.72 16.78 16.87 16.98 17.12 17.29 17.48 17.69 17.92 18.17 18.43 18.71 19.01 19.32 19.63 19.96 20.30 20.64 20.99 21.34 21.69 22.04 22.39 22.73 23.06 23.36 23.63 23.92 24.28 24.70 25.19 25.72 26.27 26.84 27.43 28.03 28.66 29.29 29.94 30.60 31.27 31.94 32.61 33.29 33.97 34.64 35.31 35.98 36.63 37.28 37.91 38.53 39.14 39.73 40.29 40.84 41.36 41.86 42.33 42.77
24.70 23.86 23.08 22.36 21.70 21.09 20.53 20.02 19.57 19.16 18.80 18.49 18.22 17.99 17.80 17.66 17.55 17.47 17.44 17.43 17.46 17.52 17.60 17.72 17.86 18.02 18.21 18.41 18.64 18.88 19.14 19.42 19.71 20.01 20.32 20.64 20.97 21.30 21.64 21.98 22.32 22.65 22.97 23.27 23.55 23.80 24.07 24.40 24.80 25.26 25.79 26.36 26.94 27.55 28.17 28.81 29.46 30.12 30.79 31.47 32.16 32.85 33.54 34.23 34.92 35.60 36.28 36.95 37.61 38.26 38.89 39.51 40.11 40.69 41.25 41.79 42.29 42.78 43.23
26.17 25.28 24.46 23.69 22.98 22.32 21.72 21.17 20.68 20.23 19.83 19.48 19.17 18.91 18.69 18.50 18.36 18.26 18.19 18.15 18.15 18.18 18.24 18.32 18.43 18.57 18.73 18.92 19.12 19.34 19.58 19.84 20.11 20.39 20.69 20.99 21.30 21.62 21.94 22.27 22.59 22.91 23.20 23.47 23.72 23.95 24.20 24.51 24.88 25.32 25.83 26.39 26.99 27.61 28.25 28.90 29.57 30.25 30.93 31.63 32.33 33.03 33.74 34.44 35.14 35.84 36.53 37.22 37.89 38.55 39.20 39.83 40.44 41.04 41.61 42.16 42.68 43.17 43.63
27.66 26.72 25.85 25.03 24.28 23.58 22.93 22.34 21.81 21.32 20.88 20.49 20.14 19.84 19.58 19.37 19.19 19.05 18.95 18.88 18.85 18.85 18.88 18.93 19.02 19.13 19.27 19.43 19.61 19.81 20.03 20.26 20.51 20.77 21.05 21.34 21.63 21.94 22.24 22.55 22.85 23.14 23.41 23.66 23.89 24.09 24.32 24.60 24.95 25.36 25.84 26.39 26.99 27.63 28.28 28.95 29.63 30.32 31.02 31.73 32.44 33.16 33.88 34.60 35.31 36.03 36.73 37.43 38.12 38.79 39.45 40.09 40.72 41.33 41.91 42.47 43.01 43.51 43.99
29.16 28.18 27.26 26.40 25.60 24.85 24.16 23.53 22.95 22.42 21.94 21.51 21.13 20.79 20.49 20.24 20.03 19.85 19.72 19.62 19.56 19.52 19.52 19.55 19.61 19.70 19.81 19.94 20.10 20.27 20.47 20.68 20.91 21.16 21.42 21.69 21.96 22.25 22.54 22.83 23.10 23.36 23.61 23.83 24.04 24.22 24.43 24.69 25.01 25.40 25.85 26.37 26.95 27.58 28.25 28.93 29.63 30.33 31.05 31.77 32.50 33.23 33.97 34.70 35.43 36.16 36.87 37.59 38.29 38.97 39.65 40.31 40.94 41.56 42.16 42.73 43.28 43.80 44.29
30.69 29.66 28.69 27.78 26.93 26.14 25.41 24.73 24.11 23.54 23.02 22.54 22.12 21.74 21.41 21.12 20.87 20.67 20.50 20.37 20.27 20.21 20.18 20.18 20.21 20.27 20.35 20.46 20.59 20.74 20.92 21.11 21.32 21.54 21.78 22.03 22.29 22.56 22.83 23.08 23.33 23.57 23.79 23.99 24.18 24.34 24.52 24.76 25.06 25.43 25.85 26.34 26.89 27.50 28.17 28.87 29.58 30.30 31.03 31.77 32.51 33.26 34.00 34.75 35.49 36.23 36.97 37.69 38.40 39.11 39.79 40.46 41.12 41.75 42.36 42.94 43.50 44.04 44.54
