data_processed/recharge/precip/Precip_1995_09.asc
ncols        168
nrows        136
xllcorner    455000
yllcorner    2107000
cellsize     500
NODATA_value     -99999
[rows 68 to 101 of 136, columns 0 to 75 of 168]
148.21 145.08 141.78 138.31 134.71 130.98 127.15 123.24 119.26 115.29 111.46 107.79 104.31 101.03 97.96 95.17 92.69 90.54 88.69 87.14 85.88 84.89 84.15 83.67 83.43 83.31 83.02 82.51 81.77 80.81 79.64 78.26 76.69 74.91 72.95 70.84 68.71 66.67 64.76 62.96 61.28 59.76 58.43 57.32 56.42 55.74 55.26 54.99 54.93 55.07 55.40 55.93 56.58 57.28 58.00 58.75 59.52 60.31 61.11 61.91 62.72 63.51 64.23 64.70 64.91 64.85 64.54 63.99 63.24 62.32 61.23 60.01 58.66 57.21 55.66 54.04
150.72 147.60 144.30 140.83 137.21 133.46 129.59 125.63 121.66 117.79 114.05 110.47 107.05 103.81 100.76 97.91 95.33 93.07 91.11 89.44 88.06 86.95 86.11 85.51 85.15 84.92 84.51 83.86 82.98 81.87 80.54 79.00 77.25 75.29 73.17 71.02 68.96 67.01 65.17 63.45 61.86 60.40 59.10 58.00 57.11 56.43 55.96 55.70 55.65 55.80 56.16 56.70 57.36 58.07 58.80 59.55 60.33 61.11 61.90 62.69 63.48 64.18 64.66 64.87 64.82 64.52 64.00 63.26 62.31 61.20 59.94 58.56 57.07 55.49 53.84 52.13
153.26 150.16 146.86 143.38 139.75 135.97 132.07 128.13 124.25 120.49 116.84 113.32 109.95 106.74 103.69 100.83 98.17 95.77 93.67 91.86 90.34 89.09 88.10 87.36 86.86 86.48 85.92 85.11 84.06 82.78 81.27 79.53 77.58 75.44 73.27 71.18 69.19 67.31 65.54 63.89 62.37 60.98 59.74 58.65 57.77 57.09 56.63 56.38 56.34 56.50 56.86 57.42 58.09 58.80 59.54 60.29 61.06 61.83 62.61 63.39 64.08 64.56 64.76 64.72 64.44 63.93 63.22 62.31 61.21 59.95 58.54 57.03 55.42 53.75 52.02 50.24
155.84 152.74 149.45 145.96 142.31 138.51 134.63 130.80 127.03 123.36 119.78 116.32 112.98 109.78 106.73 103.85 101.14 98.63 96.36 94.39 92.70 91.28 90.12 89.21 88.54 87.99 87.25 86.26 85.01 83.52 81.80 79.84 77.68 75.49 73.36 71.33 69.40 67.58 65.87 64.28 62.82 61.49 60.30 59.27 58.39 57.72 57.26 57.02 56.97 57.14 57.51 58.08 58.76 59.47 60.20 60.95 61.71 62.48 63.24 63.92 64.39 64.60 64.56 64.29 63.80 63.11 62.23 61.16 59.94 58.56 57.05 55.43 53.74 51.99 50.20 48.39
158.42 155.35 152.05 148.56 144.89 141.12 137.36 133.64 129.97 126.38 122.86 119.43 116.12 112.92 109.85 106.93 104.16 101.57 99.17 97.00 95.11 93.50 92.14 91.04 90.17 89.42 88.47 87.26 85.79 84.07 82.11 79.93 77.70 75.54 73.47 71.48 69.60 67.82 66.16 64.62 63.21 61.93 60.79 59.80 58.96 58.30 57.84 57.59 57.55 57.72 58.09 58.66 59.35 60.06 60.79 61.53 62.27 63.02 63.69 64.15 64.36 64.33 64.07 63.59 62.92 62.07 61.04 59.85 58.52 57.06 55.48 53.79 52.04 50.24 48.42 46.60
161.02 157.95 154.66 151.17 147.54 143.89 140.25 136.63 133.04 129.51 126.04 122.64 119.33 116.12 113.02 110.04 107.21 104.53 102.01 99.67 97.57 95.73 94.15 92.82 91.73 90.75 89.57 88.12 86.40 84.42 82.22 79.95 77.75 75.62 73.58 71.63 69.79 68.05 66.42 64.91 63.54 62.29 61.19 60.24 59.45 58.81 58.36 58.10 58.06 58.22 58.60 59.17 59.85 60.56 61.28 62.00 62.73 63.39 63.84 64.05 64.02 63.76 63.30 62.65 61.82 60.82 59.67 58.38 56.97 55.44 53.82 52.11 50.34 48.52 46.70 44.88
163.62 160.56 157.27 153.83 150.32 146.80 143.26 139.73 136.22 132.74 129.29 125.91 122.59 119.35 116.21 113.17 110.25 107.46 104.82 102.34 100.03 97.95 96.12 94.54 93.19 91.96 90.52 88.80 86.80 84.57 82.26 80.01 77.83 75.73 73.71 71.79 69.97 68.25 66.65 65.17 63.82 62.60 61.53 60.60 59.83 59.22 58.79 58.53 58.48 58.64 59.01 59.58 60.25 60.95 61.66 62.37 63.01 63.45 63.65 63.62 63.38 62.93 62.29 61.49 60.52 59.40 58.15 56.79 55.31 53.75 52.10 50.40 48.64 46.84 45.04 43.26
166.20 163.16 159.93 156.61 153.24 149.82 146.38 142.93 139.47 136.02 132.60 129.21 125.87 122.59 119.39 116.27 113.26 110.35 107.58 104.94 102.45 100.14 98.03 96.17 94.55 93.04 91.31 89.29 87.02 84.67 82.36 80.12 77.96 75.87 73.86 71.96 70.15 68.45 66.86 65.39 64.06 62.85 61.79 60.88 60.13 59.54 59.12 58.87 58.82 58.97 59.32 59.88 60.55 61.24 61.93 62.55 62.98 63.17 63.14 62.90 62.46 61.84 61.06 60.11 59.03 57.82 56.50 55.08 53.57 51.99 50.35 48.66 46.95 45.21 43.47 41.76
168.76 165.78 162.69 159.51 156.25 152.94 149.58 146.19 142.77 139.34 135.92 132.52 129.14 125.81 122.54 119.33 116.20 113.17 110.24 107.44 104.76 102.23 99.87 97.71 95.78 93.96 91.91 89.60 87.20 84.84 82.53 80.30 78.13 76.04 74.04 72.14 70.33 68.63 67.05 65.58 64.25 63.05 62.00 61.09 60.34 59.75 59.33 59.09 59.04 59.18 59.52 60.07 60.73 61.39 62.00 62.41 62.60 62.56 62.32 61.90 61.29 60.53 59.61 58.56 57.39 56.11 54.73 53.28 51.76 50.18 48.57 46.93 45.28 43.63 41.99 40.39
171.33 168.50 165.55 162.49 159.35 156.12 152.82 149.48 146.09 142.67 139.24 135.81 132.39 128.99 125.62 122.31 119.06 115.88 112.79 109.80 106.93 104.18 101.57 99.12 96.86 94.70 92.35 89.89 87.46 85.09 82.78 80.53 78.36 76.26 74.25 72.34 70.52 68.81 67.22 65.75 64.41 63.20 62.14 61.22 60.47 59.87 59.45 59.20 59.14 59.27 59.60 60.13 60.77 61.36 61.75 61.93 61.89 61.65 61.23 60.64 59.89 59.00 57.98 56.84 55.60 54.27 52.87 51.41 49.90 48.36 46.79 45.22 43.66 42.12 40.61 39.15
174.00 171.31 168.49 165.54 162.48 159.33 156.09 152.77 149.40 145.98 142.52 139.05 135.56 132.08 128.62 125.19 121.80 118.46 115.20 112.01 108.92 105.94 103.08 100.35 97.76 95.28 92.77 90.28 87.83 85.44 83.10 80.84 78.64 76.52 74.49 72.56 70.72 69.00 67.39 65.90 64.53 63.31 62.23 61.29 60.52 59.91 59.46 59.20 59.12 59.24 59.55 60.06 60.61 60.99 61.15 61.11 60.87 60.45 59.87 59.14 58.27 57.28 56.18 54.98 53.70 52.35 50.94 49.49 48.02 46.53 45.04 43.56 42.11 40.70 39.34 38.05
176.74 174.18 171.47 168.62 165.63 162.53 159.32 156.02 152.64 149.20 145.70 142.17 138.60 135.02 131.44 127.87 124.32 120.81 117.35 113.95 110.63 107.39 104.26 101.24 98.38 95.75 93.20 90.68 88.21 85.79 83.42 81.13 78.90 76.76 74.70 72.74 70.88 69.12 67.49 65.97 64.58 63.33 62.22 61.26 60.46 59.82 59.36 59.07 58.97 59.05 59.34 59.83 60.24 60.39 60.34 60.09 59.68 59.11 58.39 57.54 56.57 55.50 54.34 53.10 51.79 50.44 49.05 47.64 46.23 44.81 43.42 42.05 40.74 39.48 38.30 37.20
179.54 177.09 174.45 171.66 168.72 165.63 162.43 159.11 155.70 152.20 148.63 145.00 141.32 137.61 133.88 130.13 126.40 122.68 118.99 115.35 111.76 108.24 104.80 101.49 98.53 95.92 93.36 90.82 88.32 85.88 83.49 81.17 78.92 76.75 74.67 72.69 70.80 69.03 67.36 65.83 64.42 63.14 62.01 61.03 60.21 59.55 59.06 58.75 58.63 58.70 58.98 59.48 59.89 59.89 59.64 59.22 58.65 57.94 57.10 56.15 55.10 53.97 52.77 51.51 50.20 48.86 47.51 46.16 44.81 43.49 42.21 40.98 39.82 38.73 37.74 36.85
182.13 179.97 177.39 174.62 171.68 168.58 165.35 161.98 158.49 154.90 151.22 147.46 143.64 139.76 135.84 131.89 127.93 123.97 120.02 116.09 112.20 108.36 104.63 101.23 98.30 95.72 93.19 90.65 88.13 85.67 83.27 80.93 78.66 76.48 74.38 72.38 70.48 68.68 67.00 65.45 64.02 62.73 61.59 60.59 59.75 59.08 58.58 58.25 58.12 58.18 58.49 59.02 59.47 59.50 59.14 58.57 57.85 57.02 56.08 55.05 53.94 52.76 51.53 50.26 48.97 47.67 46.37 45.09 43.84 42.63 41.48 40.40 39.40 38.51 37.72 37.05
183.82 182.57 180.21 177.44 174.47 171.32 168.02 164.56 160.97 157.25 153.43 149.50 145.50 141.42 137.28 133.09 128.87 124.63 120.38 116.13 111.91 107.76 103.95 100.61 97.74 95.19 92.68 90.17 87.66 85.19 82.77 80.42 78.14 75.95 73.84 71.83 69.91 68.11 66.42 64.86 63.42 62.12 60.97 59.96 59.12 58.43 57.92 57.59 57.46 57.55 57.89 58.46 58.94 59.05 58.76 58.11 57.28 56.34 55.31 54.22 53.06 51.85 50.62 49.36 48.10 46.85 45.62 44.43 43.29 42.21 41.21 40.29 39.49 38.80 38.23 37.68
184.36 184.22 182.67 180.06 177.03 173.80 170.39 166.81 163.08 159.20 155.20 151.07 146.85 142.53 138.13 133.67 129.15 124.60 120.02 115.42 110.88 106.66 102.94 99.69 96.87 94.35 91.87 89.39 86.91 84.44 82.02 79.67 77.39 75.19 73.07 71.06 69.14 67.33 65.64 64.07 62.64 61.33 60.18 59.17 58.32 57.63 57.12 56.80 56.70 56.84 57.21 57.80 58.33 58.51 58.32 57.77 56.91 55.88 54.79 53.65 52.46 51.25 50.02 48.79 47.58 46.40 45.26 44.17 43.16 42.22 41.39 40.66 40.06 39.58 39.13 38.62
183.82 184.69 184.14 182.24 179.30 175.96 172.41 168.67 164.76 160.69 156.47 152.11 147.63 143.04 138.35 133.58 128.74 123.83 118.88 113.96 109.35 105.26 101.65 98.49 95.73 93.24 90.79 88.33 85.88 83.45 81.04 78.69 76.41 74.21 72.10 70.09 68.17 66.37 64.68 63.12 61.68 60.38 59.23 58.22 57.38 56.70 56.20 55.92 55.86 56.04 56.44 57.06 57.63 57.89 57.81 57.40 56.67 55.65 54.51 53.33 52.13 50.93 49.73 48.55 47.40 46.31 45.27 44.31 43.44 42.67 42.01 41.49 41.09 40.74 40.33 39.83
182.28 184.06 184.41 183.38 181.06 177.75 174.03 170.10 165.97 161.67 157.20 152.57 147.80 142.90 137.89 132.77 127.56 122.27 116.98 112.01 107.56 103.61 100.12 97.05 94.34 91.88 89.46 87.04 84.62 82.21 79.84 77.51 75.24 73.05 70.95 68.94 67.03 65.24 63.56 62.00 60.58 59.29 58.15 57.15 56.32 55.66 55.21 54.97 54.96 55.17 55.60 56.25 56.86 57.19 57.22 56.96 56.40 55.55 54.45 53.26 52.07 50.89 49.73 48.62 47.56 46.56 45.65 44.83 44.12 43.53 43.07 42.75 42.48 42.16 41.77 41.29
179.83 182.41 183.54 183.30 181.74 178.93 175.18 171.03 166.66 162.09 157.33 152.40 147.30 142.06 136.69 131.18 125.57 119.93 114.61 109.82 105.54 101.74 98.37 95.38 92.73 90.31 87.93 85.53 83.14 80.77 78.43 76.13 73.88 71.71 69.62 67.63 65.74 63.96 62.30 60.76 59.35 58.08 56.95 55.97 55.16 54.56 54.16 53.97 54.00 54.25 54.71 55.38 56.03 56.43 56.58 56.46 56.08 55.44 54.53 53.42 52.26 51.12 50.03 48.99 48.03 47.16 46.38 45.72 45.19 44.80 44.55 44.35 44.11 43.81 43.43 42.97
176.56 179.82 181.63 182.05 181.16 179.00 175.66 171.41 166.76 161.88 156.81 151.53 146.08 140.46 134.69 128.77 122.80 117.13 112.02 107.43 103.34 99.69 96.43 93.53 90.94 88.56 86.20 83.84 81.49 79.15 76.84 74.58 72.36 70.22 68.15 66.18 64.31 62.56 60.91 59.40 58.01 56.76 55.66 54.71 53.96 53.41 53.07 52.93 53.00 53.28 53.77 54.46 55.15 55.63 55.88 55.90 55.70 55.27 54.62 53.74 52.69 51.61 50.60 49.66 48.82 48.08 47.46 46.98 46.64 46.45 46.32 46.16 45.94 45.65 45.29 44.85
172.54 176.37 178.75 179.74 179.40 177.79 174.98 171.03 166.22 161.01 155.58 149.93 144.08 138.05 131.84 125.55 119.56 114.14 109.26 104.89 100.97 97.47 94.33 91.52 88.99 86.65 84.33 82.00 79.68 77.38 75.10 72.87 70.70 68.59 66.55 64.61 62.77 61.04 59.43 57.94 56.58 55.36 54.30 53.42 52.73 52.24 51.95 51.85 51.96 52.27 52.79 53.51 54.23 54.78 55.14 55.31 55.29 55.07 54.67 54.07 53.28 52.35 51.44 50.62 49.91 49.33 48.89 48.59 48.46 48.39 48.29 48.14 47.94 47.66 47.32 46.90
167.86 172.15 174.99 176.43 176.53 175.36 172.98 169.46 164.85 159.41 153.59 147.53 141.25 134.77 128.18 121.88 116.17 111.01 106.37 102.21 98.47 95.12 92.11 89.39 86.92 84.62 82.33 80.03 77.75 75.48 73.25 71.06 68.92 66.84 64.85 62.94 61.14 59.44 57.87 56.41 55.09 53.91 52.92 52.10 51.48 51.04 50.80 50.75 50.90 51.25 51.79 52.53 53.29 53.91 54.38 54.69 54.84 54.84 54.68 54.37 53.90 53.27 52.54 51.86 51.30 50.89 50.64 50.54 50.53 50.49 50.41 50.27 50.08 49.83 49.50 49.10
162.60 167.25 170.43 172.21 172.65 171.81 169.75 166.54 162.23 156.90 150.78 144.28 137.54 130.66 124.08 118.08 112.67 107.78 103.38 99.43 95.87 92.67 89.78 87.16 84.75 82.49 80.23 77.98 75.73 73.50 71.30 69.15 67.05 65.02 63.06 61.19 59.43 57.78 56.24 54.83 53.56 52.45 51.53 50.78 50.22 49.84 49.65 49.65 49.83 50.21 50.78 51.54 52.34 53.03 53.60 54.05 54.38 54.59 54.67 54.64 54.49 54.22 53.82 53.36 52.98 52.75 52.70 52.72 52.74 52.71 52.65 52.53 52.36 52.12 51.81 51.42
156.85 161.74 165.16 167.17 167.83 167.21 165.36 162.36 158.25 153.11 147.00 140.13 132.98 126.12 119.87 114.21 109.09 104.48 100.32 96.58 93.20 90.16 87.39 84.86 82.52 80.29 78.08 75.86 73.65 71.46 69.30 67.19 65.13 63.13 61.22 59.39 57.67 56.06 54.57 53.22 52.02 51.00 50.15 49.47 48.97 48.65 48.50 48.54 48.77 49.17 49.77 50.55 51.38 52.14 52.82 53.40 53.91 54.33 54.66 54.91 55.07 55.15 55.15 55.05 54.93 54.90 54.96 55.02 55.04 55.04 54.99 54.89 54.73 54.51 54.22 53.85
150.68 155.71 159.25 161.38 162.16 161.65 159.90 156.99 152.98 147.92 141.88 135.02 128.00 121.51 115.61 110.28 105.47 101.12 97.21 93.68 90.49 87.60 84.96 82.52 80.24 78.06 75.89 73.71 71.54 69.39 67.27 65.20 63.18 61.23 59.35 57.57 55.89 54.32 52.89 51.62 50.51 49.56 48.79 48.17 47.73 47.46 47.37 47.45 47.71 48.15 48.77 49.57 50.44 51.26 52.04 52.77 53.44 54.07 54.65 55.18 55.66 56.09 56.47 56.80 57.07 57.23 57.32 57.39 57.43 57.44 57.40 57.32 57.18 56.98 56.70 56.35
144.19 149.24 152.80 154.94 155.72 155.21 153.46 150.53 146.50 141.41 135.43 129.12 122.88 116.87 111.34 106.34 101.83 97.76 94.09 90.78 87.77 85.03 82.52 80.17 77.97 75.83 73.69 71.56 69.43 67.32 65.24 63.21 61.23 59.32 57.49 55.76 54.12 52.61 51.25 50.06 49.03 48.16 47.45 46.91 46.52 46.31 46.26 46.38 46.68 47.15 47.79 48.61 49.51 50.40 51.28 52.15 53.00 53.83 54.66 55.47 56.26 57.04 57.80 58.54 59.16 59.55 59.72 59.81 59.87 59.89 59.87 59.80 59.68 59.50 59.24 58.90
137.45 142.41 145.88 147.92 148.60 147.97 146.10 143.06 138.89 133.77 128.27 122.82 117.44 112.16 107.07 102.41 98.20 94.41 90.99 87.89 85.07 82.49 80.10 77.85 75.71 73.62 71.53 69.43 67.34 65.28 63.24 61.25 59.32 57.46 55.67 53.98 52.40 50.96 49.67 48.55 47.59 46.80 46.16 45.68 45.35 45.19 45.19 45.35 45.68 46.18 46.85 47.68 48.61 49.57 50.55 51.56 52.58 53.62 54.69 55.78 56.88 58.01 59.15 60.20 61.06 61.70 62.08 62.25 62.33 62.37 62.37 62.32 62.21 62.04 61.80 61.49
130.55 135.31 138.58 140.41 140.87 140.03 137.93 134.65 130.35 125.63 120.94 116.30 111.72 107.21 102.78 98.52 94.62 91.10 87.93 85.04 82.41 79.99 77.73 75.58 73.51 71.47 69.41 67.36 65.32 63.29 61.30 59.36 57.47 55.65 53.91 52.28 50.77 49.40 48.18 47.12 46.22 45.49 44.92 44.50 44.24 44.12 44.17 44.37 44.73 45.26 45.95 46.80 47.76 48.79 49.87 51.01 52.20 53.45 54.76 56.12 57.54 59.01 60.42 61.68 62.76 63.62 64.25 64.64 64.79 64.85 64.87 64.83 64.74 64.59 64.37 64.07
123.57 128.03 130.98 132.50 132.63 131.45 129.02 125.50 121.53 117.56 113.62 109.72 105.87 102.07 98.33 94.65 91.11 87.87 84.94 82.28 79.84 77.57 75.44 73.40 71.40 69.40 67.39 65.38 63.38 61.40 59.46 57.56 55.72 53.95 52.26 50.70 49.26 47.96 46.80 45.80 44.95 44.26 43.74 43.39 43.18 43.12 43.21 43.45 43.84 44.39 45.10 45.97 46.97 48.05 49.24 50.51 51.87 53.33 54.88 56.52 58.24 59.95 61.54 62.98 64.24 65.32 66.18 66.80 67.17 67.31 67.34 67.33 67.25 67.12 66.92 66.63
116.60 120.64 123.17 124.25 123.95 122.33 119.56 116.30 113.01 109.74 106.49 103.26 100.06 96.90 93.77 90.69 87.66 84.75 82.07 79.62 77.37 75.27 73.26 71.32 69.39 67.44 65.48 63.52 61.56 59.63 57.73 55.88 54.09 52.37 50.76 49.26 47.89 46.66 45.56 44.60 43.79 43.15 42.66 42.35 42.19 42.18 42.32 42.59 43.02 43.60 44.33 45.21 46.23 47.39 48.67 50.07 51.61 53.27 55.06 56.96 58.89 60.74 62.47 64.07 65.51 66.78 67.85 68.70 69.31 69.66 69.77 69.78 69.72 69.60 69.42 69.15
109.71 113.23 115.22 115.77 114.92 112.87 110.28 107.64 105.00 102.35 99.71 97.08 94.46 91.86 89.28 86.73 84.20 81.72 79.33 77.10 75.04 73.10 71.23 69.39 67.53 65.64 63.72 61.80 59.89 58.01 56.16 54.36 52.62 50.97 49.43 48.01 46.70 45.51 44.46 43.55 42.78 42.17 41.71 41.42 41.30 41.33 41.51 41.82 42.28 42.88 43.63 44.53 45.58 46.80 48.17 49.71 51.42 53.28 55.30 57.37 59.41 61.37 63.23 64.97 66.57 68.01 69.27 70.33 71.16 71.75 72.07 72.15 72.12 72.02 71.85 71.60
103.00 105.87 107.23 107.12 105.75 103.80 101.77 99.72 97.65 95.56 93.45 91.34 89.23 87.12 85.01 82.91 80.83 78.77 76.73 74.75 72.88 71.10 69.37 67.63 65.85 64.00 62.13 60.26 58.40 56.57 54.77 53.02 51.35 49.78 48.31 46.94 45.69 44.55 43.54 42.67 41.93 41.34 40.91 40.63 40.52 40.58 40.79 41.15 41.63 42.26 43.03 43.94 45.02 46.29 47.77 49.44 51.31 53.37 55.52 57.67 59.78 61.83 63.79 65.66 67.40 69.00 70.43 71.67 72.71 73.52 74.08 74.37 74.42 74.34 74.18 73.96
96.54 98.67 99.27 98.54 97.18 95.74 94.24 92.71 91.13 89.52 87.89 86.22 84.54 82.84 81.13 79.42 77.70 75.99 74.28 72.58 70.92 69.31 67.70 66.07 64.37 62.57 60.75 58.93 57.12 55.34 53.59 51.92 50.32 48.82 47.40 46.09 44.88 43.79 42.82 41.98 41.27 40.70 40.28 40.01 39.90 39.96 40.19 40.57 41.09 41.74 42.52 43.44 44.55 45.89 47.46 49.26 51.29 53.45 55.64 57.83 59.99 62.11 64.17 66.14 68.00 69.74 71.33 72.74 73.97 74.98 75.76 76.28 76.53 76.53 76.40 76.19
90.42 91.69 91.56 90.78 89.87 88.90 87.86 86.77 85.62 84.42 83.17 81.88 80.56 79.20 77.82 76.41 74.99 73.55 72.10 70.64 69.19 67.74 66.27 64.75 63.12 61.38 59.61 57.84 56.08 54.35 52.68 51.07 49.55 48.10 46.74 45.47 44.31 43.26 42.32 41.50 40.81 40.25 39.84 39.57 39.46 39.51 39.73 40.12 40.66 41.33 42.13 43.07 44.20 45.59 47.26 49.18 51.28 53.44 55.63 57.85 60.05 62.23 64.35 66.41 68.38 70.23 71.96 73.52 74.92 76.12 77.10 77.84 78.32 78.53 78.48 78.29
