data_processed/recharge/precip/Precip_1986_12.asc
ncols        168
nrows        136
xllcorner    455000
yllcorner    2107000
cellsize     500
NODATA_value     -99999
[rows 0 to 37 of 136, columns 84 to 167 of 168]
3.88 3.72 3.43 3.00 2.46 1.92 1.49 1.17 0.98 0.92 0.92 0.94 0.97 0.99 1.03 1.07 1.13 1.19 1.27 1.36 1.46 1.58 1.72 1.87 2.03 2.22 2.42 2.63 2.86 3.10 3.35 3.61 3.87 4.11 4.26 4.32 4.29 4.19 4.03 3.81 3.54 3.24 2.92 2.58 2.24 1.90 1.58 1.29 1.03 0.82 0.67 0.66 1.08 2.00 3.38 5.20 7.35 9.63 11.87 14.07 16.18 18.21 20.12 21.89 23.51 24.95 26.20 27.23 28.02 28.55 28.85 28.91 28.77 28.41 27.87 27.20 26.46 25.65 24.78 23.87 22.90 21.89 20.85 19.77
4.14 3.90 3.53 3.03 2.42 1.80 1.29 0.88 0.59 0.43 0.38 0.42 0.46 0.52 0.58 0.65 0.73 0.82 0.92 1.04 1.17 1.31 1.48 1.65 1.83 2.03 2.24 2.47 2.70 2.95 3.21 3.48 3.76 4.04 4.29 4.46 4.53 4.51 4.42 4.27 4.06 3.80 3.50 3.18 2.85 2.50 2.17 1.84 1.55 1.29 1.09 1.01 1.34 2.15 3.40 5.06 7.10 9.42 11.81 14.14 16.37 18.49 20.47 22.29 23.94 25.39 26.62 27.62 28.36 28.85 29.10 29.12 28.93 28.53 27.94 27.22 26.43 25.58 24.67 23.71 22.71 21.67 20.59 19.48
4.32 4.03 3.60 3.04 2.36 1.69 1.10 0.62 0.25 0.00 0.00 0.00 0.00 0.00 0.09 0.19 0.29 0.42 0.55 0.70 0.86 1.04 1.22 1.41 1.62 1.83 2.05 2.28 2.52 2.78 3.04 3.32 3.61 3.90 4.19 4.46 4.65 4.73 4.73 4.65 4.50 4.30 4.05 3.76 3.44 3.10 2.76 2.42 2.10 1.81 1.56 1.43 1.68 2.40 3.53 5.05 6.93 9.12 11.55 14.00 16.34 18.54 20.59 22.47 24.14 25.60 26.82 27.78 28.48 28.94 29.15 29.14 28.91 28.46 27.83 27.06 26.23 25.34 24.39 23.39 22.35 21.28 20.18 19.05
4.44 4.10 3.62 3.02 2.30 1.58 0.93 0.39 0.00 0.00 0.00 0.00 0.00 0.00 0.00 0.00 0.00 0.00 0.17 0.36 0.55 0.75 0.96 1.17 1.38 1.61 1.84 2.07 2.32 2.58 2.85 3.14 3.43 3.73 4.04 4.35 4.64 4.83 4.93 4.94 4.87 4.73 4.53 4.28 4.00 3.68 3.35 3.01 2.68 2.37 2.09 1.91 2.10 2.73 3.76 5.16 6.89 8.92 11.20 13.67 16.11 18.40 20.52 22.44 24.14 25.60 26.80 27.74 28.41 28.84 29.02 28.97 28.70 28.22 27.55 26.74 25.87 24.94 23.96 22.93 21.86 20.76 19.64 18.49
4.49 4.12 3.61 2.98 2.23 1.47 0.79 0.20 0.00 0.00 0.00 0.00 0.00 0.00 0.00 0.00 0.00 0.00 0.00 0.02 0.24 0.47 0.69 0.92 1.14 1.37 1.61 1.85 2.10 2.36 2.64 2.93 3.23 3.54 3.86 4.18 4.51 4.81 5.02 5.13 5.15 5.08 4.95 4.76 4.51 4.23 3.92 3.60 3.27 2.95 2.65 2.44 2.59 3.15 4.09 5.37 6.97 8.84 10.95 13.27 15.71 18.08 20.26 22.22 23.94 25.40 26.59 27.51 28.16 28.56 28.72 28.64 28.34 27.83 27.11 26.28 25.37 24.41 23.39 22.34 21.24 20.12 18.97 17.80
4.48 4.09 3.57 2.92 2.15 1.37 0.67 0.04 0.00 0.00 0.00 0.00 0.00 0.00 0.00 0.00 0.00 0.00 0.00 0.00 0.00 0.18 0.42 0.66 0.90 1.13 1.37 1.62 1.86 2.13 2.41 2.70 3.01 3.32 3.65 3.98 4.32 4.66 4.97 5.20 5.32 5.35 5.29 5.16 4.98 4.74 4.47 4.17 3.86 3.54 3.24 3.01 3.12 3.63 4.49 5.68 7.16 8.89 10.83 12.97 15.25 17.60 19.83 21.83 23.58 25.03 26.21 27.11 27.74 28.12 28.25 28.15 27.83 27.28 26.54 25.67 24.74 23.75 22.71 21.63 20.51 19.36 18.20 17.02
4.40 4.01 3.49 2.84 2.07 1.29 0.56 0.00 0.00 0.00 0.00 0.00 0.00 0.00 0.00 0.00 0.00 0.00 0.00 0.00 0.00 0.00 0.14 0.39 0.64 0.89 1.13 1.37 1.62 1.88 2.16 2.46 2.76 3.08 3.41 3.75 4.10 4.45 4.81 5.14 5.37 5.50 5.54 5.49 5.37 5.20 4.97 4.71 4.43 4.13 3.84 3.61 3.70 4.16 4.96 6.06 7.43 9.04 10.84 12.80 14.89 17.07 19.27 21.30 23.04 24.50 25.66 26.55 27.17 27.53 27.65 27.53 27.18 26.61 25.84 24.95 23.99 22.98 21.92 20.82 19.68 18.52 17.34 16.15
4.27 3.89 3.38 2.74 1.98 1.21 0.49 0.00 0.00 0.00 0.00 0.00 0.00 0.00 0.00 0.00 0.00 0.00 0.00 0.00 0.00 0.00 0.00 0.13 0.39 0.64 0.88 1.12 1.36 1.63 1.90 2.20 2.51 2.83 3.16 3.51 3.86 4.22 4.59 4.96 5.30 5.54 5.68 5.73 5.69 5.59 5.43 5.22 4.98 4.72 4.44 4.22 4.30 4.73 5.48 6.51 7.79 9.28 10.95 12.75 14.66 16.65 18.66 20.62 22.36 23.81 24.96 25.84 26.46 26.81 26.91 26.77 26.41 25.82 25.03 24.12 23.14 22.11 21.03 19.92 18.77 17.60 16.41 15.20
4.07 3.72 3.23 2.62 1.89 1.14 0.44 0.00 0.00 0.00 0.00 0.00 0.00 0.00 0.00 0.00 0.00 0.00 0.00 0.00 0.00 0.00 0.00 0.00 0.14 0.39 0.63 0.87 1.11 1.36 1.64 1.93 2.24 2.56 2.90 3.25 3.60 3.97 4.35 4.72 5.10 5.45 5.70 5.86 5.92 5.90 5.82 5.68 5.49 5.27 5.03 4.84 4.92 5.34 6.05 7.02 8.22 9.61 11.15 12.82 14.56 16.35 18.13 19.87 21.53 22.98 24.13 25.01 25.62 25.96 26.06 25.91 25.53 24.93 24.13 23.20 22.20 21.16 20.07 18.94 17.79 16.61 15.41 14.21
3.82 3.51 3.06 2.49 1.80 1.09 0.42 0.00 0.00 0.00 0.00 0.00 0.00 0.00 0.00 0.00 0.00 0.00 0.00 0.00 0.00 0.00 0.00 0.00 0.00 0.14 0.39 0.62 0.85 1.09 1.36 1.65 1.96 2.28 2.62 2.97 3.33 3.70 4.08 4.46 4.85 5.24 5.60 5.87 6.05 6.13 6.13 6.07 5.95 5.79 5.60 5.45 5.55 5.96 6.65 7.57 8.71 10.01 11.44 12.98 14.57 16.15 17.70 19.20 20.66 22.03 23.18 24.06 24.67 25.01 25.10 24.95 24.56 23.95 23.14 22.19 21.19 20.14 19.04 17.91 16.75 15.57 14.37 13.17
3.51 3.25 2.86 2.34 1.71 1.05 0.42 0.00 0.00 0.00 0.00 0.00 0.00 0.00 0.00 0.00 0.00 0.00 0.00 0.00 0.00 0.00 0.00 0.00 0.00 0.00 0.14 0.36 0.59 0.83 1.09 1.37 1.68 2.00 2.33 2.68 3.04 3.41 3.79 4.17 4.57 4.97 5.38 5.76 6.06 6.25 6.36 6.39 6.35 6.27 6.14 6.03 6.16 6.59 7.26 8.16 9.24 10.46 11.80 13.21 14.62 16.00 17.33 18.62 19.86 21.04 22.13 23.01 23.63 23.97 24.06 23.91 23.52 22.90 22.08 21.12 20.12 19.06 17.96 16.83 15.67 14.49 13.30 12.13
3.14 2.95 2.63 2.18 1.62 1.03 0.46 0.00 0.00 0.00 0.00 0.00 0.00 0.00 0.00 0.00 0.00 0.00 0.00 0.00 0.00 0.00 0.00 0.00 0.00 0.00 0.00 0.12 0.33 0.56 0.82 1.09 1.39 1.70 2.04 2.38 2.74 3.11 3.48 3.87 4.27 4.68 5.10 5.53 5.94 6.26 6.49 6.62 6.68 6.68 6.63 6.58 6.76 7.21 7.88 8.76 9.80 10.97 12.21 13.47 14.69 15.88 17.02 18.12 19.16 20.14 21.06 21.88 22.50 22.85 22.95 22.79 22.40 21.79 20.96 20.01 19.00 17.94 16.84 15.71 14.56 13.39 12.24 11.14
2.72 2.61 2.38 2.01 1.54 1.02 0.53 0.06 0.00 0.00 0.00 0.00 0.00 0.00 0.00 0.00 0.00 0.00 0.00 0.00 0.00 0.00 0.00 0.00 0.00 0.00 0.00 0.00 0.08 0.30 0.55 0.81 1.10 1.41 1.74 2.08 2.43 2.79 3.17 3.56 3.96 4.38 4.81 5.25 5.71 6.15 6.50 6.76 6.93 7.02 7.06 7.09 7.32 7.81 8.50 9.37 10.39 11.49 12.61 13.71 14.76 15.78 16.75 17.67 18.53 19.34 20.07 20.74 21.30 21.66 21.77 21.63 21.24 20.63 19.80 18.85 17.84 16.79 15.70 14.58 13.44 12.31 11.23 10.21
2.24 2.24 2.10 1.83 1.46 1.03 0.63 0.25 0.00 0.00 0.00 0.00 0.00 0.00 0.00 0.00 0.00 0.00 0.00 0.00 0.00 0.00 0.00 0.00 0.00 0.00 0.00 0.00 0.00 0.05 0.28 0.54 0.82 1.12 1.43 1.76 2.11 2.47 2.84 3.23 3.64 4.06 4.50 4.96 5.43 5.92 6.39 6.78 7.07 7.28 7.42 7.54 7.84 8.38 9.10 9.98 10.97 11.98 12.96 13.91 14.82 15.68 16.50 17.26 17.97 18.61 19.19 19.69 20.11 20.43 20.55 20.41 20.04 19.44 18.62 17.67 16.67 15.63 14.55 13.44 12.35 11.29 10.29 9.34
1.72 1.82 1.79 1.64 1.38 1.07 0.76 0.48 0.21 0.00 0.00 0.00 0.00 0.00 0.00 0.00 0.00 0.00 0.00 0.00 0.00 0.00 0.00 0.00 0.00 0.00 0.00 0.00 0.00 0.00 0.03 0.27 0.54 0.82 1.13 1.45 1.78 2.14 2.51 2.90 3.31 3.74 4.19 4.66 5.14 5.65 6.17 6.68 7.11 7.44 7.69 7.92 8.31 8.91 9.67 10.56 11.47 12.36 13.22 14.05 14.83 15.57 16.25 16.88 17.45 17.95 18.39 18.75 19.02 19.21 19.29 19.18 18.82 18.22 17.42 16.48 15.49 14.47 13.41 12.35 11.33 10.35 9.43 8.55
1.16 1.37 1.47 1.45 1.31 1.12 0.93 0.75 0.57 0.37 0.15 0.00 0.00 0.00 0.00 0.00 0.00 0.00 0.00 0.00 0.00 0.00 0.00 0.00 0.00 0.00 0.00 0.00 0.00 0.00 0.00 0.02 0.27 0.53 0.82 1.13 1.46 1.81 2.18 2.57 2.98 3.41 3.87 4.35 4.84 5.37 5.91 6.47 7.02 7.50 7.87 8.22 8.71 9.38 10.18 11.03 11.85 12.64 13.39 14.11 14.79 15.42 15.99 16.51 16.96 17.34 17.66 17.89 18.04 18.10 18.07 17.93 17.58 17.01 16.22 15.30 14.33 13.32 12.31 11.33 10.39 9.50 8.64 7.83
0.60 0.91 1.13 1.25 1.25 1.20 1.14 1.06 0.95 0.80 0.62 0.42 0.20 0.00 0.00 0.00 0.00 0.00 0.00 0.00 0.00 0.00 0.00 0.00 0.00 0.00 0.00 0.00 0.00 0.00 0.00 0.00 0.00 0.25 0.52 0.82 1.14 1.48 1.85 2.24 2.65 3.09 3.55 4.03 4.54 5.08 5.64 6.22 6.83 7.43 7.95 8.42 9.02 9.77 10.56 11.32 12.07 12.78 13.46 14.09 14.68 15.22 15.70 16.12 16.48 16.76 16.98 17.11 17.15 17.10 16.96 16.72 16.36 15.80 15.03 14.13 13.19 12.23 11.30 10.41 9.55 8.73 7.94 7.20
0.05 0.45 0.78 1.04 1.20 1.30 1.36 1.37 1.32 1.23 1.10 0.94 0.75 0.55 0.32 0.09 0.00 0.00 0.00 0.00 0.00 0.00 0.00 0.00 0.00 0.00 0.00 0.00 0.00 0.00 0.00 0.00 0.00 0.00 0.23 0.52 0.82 1.16 1.52 1.91 2.32 2.76 3.23 3.72 4.24 4.79 5.36 5.97 6.60 7.26 7.91 8.52 9.23 9.98 10.72 11.44 12.12 12.78 13.39 13.96 14.48 14.95 15.36 15.71 15.99 16.20 16.33 16.38 16.33 16.20 15.97 15.63 15.19 14.62 13.87 13.00 12.11 11.24 10.40 9.59 8.81 8.06 7.34 6.65
0.00 0.02 0.46 0.85 1.16 1.40 1.56 1.66 1.69 1.67 1.60 1.49 1.33 1.15 0.94 0.72 0.48 0.23 0.00 0.00 0.00 0.00 0.00 0.00 0.00 0.00 0.00 0.00 0.00 0.00 0.00 0.00 0.00 0.00 0.00 0.22 0.52 0.85 1.20 1.59 2.00 2.44 2.91 3.41 3.94 4.50 5.09 5.71 6.37 7.05 7.76 8.49 9.23 9.96 10.67 11.35 12.00 12.61 13.18 13.71 14.19 14.61 14.97 15.26 15.48 15.63 15.70 15.68 15.58 15.37 15.07 14.66 14.15 13.51 12.76 11.94 11.14 10.36 9.61 8.87 8.17 7.49 6.84 6.21
0.00 0.00 0.21 0.71 1.12 1.44 1.71 1.91 2.03 2.09 2.08 2.02 1.91 1.76 1.58 1.36 1.12 0.87 0.61 0.34 0.07 0.00 0.00 0.00 0.00 0.00 0.00 0.00 0.00 0.00 0.00 0.00 0.00 0.00 0.00 0.00 0.21 0.53 0.88 1.26 1.68 2.12 2.60 3.11 3.65 4.23 4.84 5.48 6.15 6.86 7.59 8.33 9.06 9.77 10.46 11.12 11.75 12.34 12.89 13.39 13.83 14.22 14.54 14.80 14.98 15.09 15.11 15.04 14.89 14.63 14.27 13.81 13.23 12.54 11.74 10.97 10.26 9.57 8.89 8.24 7.61 6.99 6.41 5.84
0.00 0.00 0.08 0.65 1.07 1.43 1.78 2.08 2.30 2.44 2.50 2.51 2.45 2.34 2.19 2.00 1.77 1.51 1.24 0.95 0.65 0.35 0.05 0.00 0.00 0.00 0.00 0.00 0.00 0.00 0.00 0.00 0.00 0.00 0.00 0.00 0.00 0.18 0.54 0.93 1.35 1.81 2.30 2.82 3.39 3.98 4.62 5.29 5.99 6.72 7.45 8.15 8.86 9.56 10.24 10.89 11.51 12.08 12.61 13.09 13.51 13.87 14.17 14.39 14.54 14.61 14.60 14.49 14.29 13.99 13.59 13.07 12.44 11.70 10.88 10.09 9.42 8.81 8.22 7.64 7.07 6.53 6.00 5.49
0.00 0.00 0.01 0.59 1.02 1.40 1.78 2.16 2.47 2.71 2.86 2.93 2.94 2.88 2.77 2.60 2.39 2.15 1.87 1.56 1.24 0.91 0.56 0.22 0.00 0.00 0.00 0.00 0.00 0.00 0.00 0.00 0.00 0.00 0.00 0.00 0.00 0.00 0.18 0.58 1.02 1.50 2.01 2.57 3.15 3.78 4.45 5.15 5.88 6.61 7.30 7.98 8.66 9.34 10.01 10.66 11.27 11.84 12.35 12.82 13.22 13.56 13.84 14.04 14.17 14.21 14.16 14.02 13.79 13.45 13.00 12.44 11.78 11.02 10.16 9.34 8.66 8.09 7.57 7.06 6.57 6.09 5.62 5.17
0.00 0.00 0.00 0.53 0.97 1.36 1.76 2.16 2.56 2.89 3.14 3.29 3.37 3.37 3.30 3.18 2.99 2.76 2.49 2.18 1.84 1.48 1.10 0.71 0.30 0.00 0.00 0.00 0.00 0.00 0.00 0.00 0.00 0.00 0.00 0.00 0.00 0.00 0.00 0.25 0.71 1.22 1.76 2.34 2.97 3.63 4.34 5.07 5.80 6.50 7.16 7.81 8.46 9.12 9.77 10.42 11.02 11.59 12.10 12.56 12.96 13.29 13.55 13.73 13.84 13.86 13.79 13.63 13.36 12.99 12.51 11.93 11.25 10.46 9.59 8.74 8.03 7.44 6.96 6.52 6.09 5.67 5.26 4.86
0.00 0.00 0.00 0.47 0.93 1.33 1.74 2.15 2.57 2.98 3.32 3.57 3.72 3.79 3.78 3.70 3.56 3.35 3.09 2.79 2.44 2.06 1.66 1.21 0.71 0.15 0.00 0.00 0.00 0.00 0.00 0.00 0.00 0.00 0.00 0.00 0.00 0.00 0.00 0.00 0.43 0.97 1.55 2.17 2.84 3.55 4.29 5.02 5.72 6.38 7.03 7.65 8.27 8.90 9.53 10.15 10.76 11.33 11.85 12.31 12.70 13.03 13.28 13.46 13.55 13.56 13.47 13.29 13.00 12.61 12.12 11.52 10.83 10.03 9.14 8.28 7.54 6.92 6.43 6.02 5.65 5.29 4.93 4.58
0.00 0.00 0.00 0.42 0.88 1.29 1.71 2.14 2.57 3.00 3.41 3.75 4.00 4.14 4.20 4.18 4.07 3.90 3.67 3.38 3.03 2.64 2.20 1.68 1.09 0.43 0.00 0.00 0.00 0.00 0.00 0.00 0.00 0.00 0.00 0.00 0.00 0.00 0.00 0.00 0.18 0.76 1.39 2.06 2.77 3.53 4.27 4.97 5.64 6.28 6.89 7.49 8.09 8.69 9.29 9.89 10.49 11.06 11.59 12.05 12.45 12.78 13.04 13.21 13.30 13.30 13.20 13.01 12.71 12.31 11.81 11.21 10.51 9.71 8.81 7.93 7.18 6.54 6.01 5.59 5.25 4.94 4.64 4.33
0.00 0.00 0.00 0.36 0.83 1.25 1.68 2.12 2.56 2.99 3.43 3.84 4.18 4.41 4.54 4.58 4.53 4.41 4.20 3.93 3.60 3.19 2.70 2.11 1.44 0.71 0.00 0.00 0.00 0.00 0.00 0.00 0.00 0.00 0.00 0.00 0.00 0.00 0.00 0.00 0.00 0.61 1.29 2.02 2.78 3.53 4.24 4.91 5.55 6.17 6.76 7.33 7.91 8.49 9.06 9.64 10.21 10.77 11.30 11.78 12.19 12.53 12.80 12.97 13.07 13.07 12.97 12.77 12.47 12.07 11.58 10.99 10.29 9.48 8.58 7.69 6.92 6.27 5.72 5.27 4.92 4.63 4.38 4.12
0.00 0.00 0.00 0.31 0.78 1.21 1.65 2.09 2.54 2.98 3.42 3.85 4.26 4.58 4.80 4.91 4.93 4.85 4.69 4.45 4.12 3.68 3.13 2.49 1.76 0.96 0.11 0.00 0.00 0.00 0.00 0.00 0.00 0.00 0.00 0.00 0.00 0.00 0.00 0.00 0.00 0.54 1.27 2.05 2.81 3.53 4.21 4.86 5.47 6.06 6.62 7.18 7.73 8.29 8.84 9.39 9.94 10.47 10.99 11.49 11.92 12.27 12.55 12.74 12.84 12.85 12.76 12.57 12.28 11.90 11.42 10.83 10.14 9.34 8.43 7.55 6.77 6.10 5.54 5.07 4.69 4.39 4.15 3.94
0.00 0.00 0.00 0.27 0.74 1.17 1.61 2.06 2.51 2.96 3.41 3.84 4.27 4.66 4.96 5.16 5.24 5.22 5.11 4.89 4.55 4.08 3.50 2.81 2.04 1.20 0.30 0.00 0.00 0.00 0.00 0.00 0.00 0.00 0.00 0.00 0.00 0.00 0.00 0.00 0.00 0.54 1.33 2.11 2.84 3.53 4.18 4.80 5.38 5.95 6.49 7.03 7.56 8.09 8.63 9.15 9.68 10.19 10.68 11.17 11.62 12.00 12.29 12.51 12.62 12.65 12.57 12.40 12.14 11.77 11.31 10.74 10.06 9.26 8.36 7.48 6.70 6.03 5.46 4.98 4.57 4.25 4.00 3.80
0.00 0.00 0.00 0.22 0.69 1.13 1.58 2.03 2.49 2.94 3.39 3.82 4.25 4.65 5.02 5.30 5.47 5.52 5.45 5.24 4.88 4.40 3.79 3.09 2.29 1.42 0.48 0.00 0.00 0.00 0.00 0.00 0.00 0.00 0.00 0.00 0.00 0.00 0.00 0.00 0.00 0.61 1.41 2.16 2.86 3.52 4.14 4.73 5.30 5.84 6.36 6.88 7.39 7.90 8.42 8.92 9.42 9.91 10.39 10.85 11.29 11.69 12.01 12.25 12.39 12.44 12.40 12.26 12.02 11.68 11.24 10.69 10.02 9.24 8.36 7.48 6.71 6.04 5.46 4.97 4.56 4.21 3.94 3.72
0.00 0.00 0.00 0.18 0.65 1.09 1.54 2.00 2.45 2.91 3.36 3.79 4.22 4.62 5.01 5.35 5.60 5.71 5.67 5.46 5.11 4.62 4.02 3.31 2.50 1.61 0.65 0.00 0.00 0.00 0.00 0.00 0.00 0.00 0.00 0.00 0.00 0.00 0.00 0.00 0.00 0.72 1.49 2.20 2.87 3.50 4.10 4.66 5.21 5.73 6.23 6.73 7.22 7.72 8.21 8.70 9.18 9.65 10.10 10.54 10.96 11.35 11.70 11.97 12.15 12.24 12.23 12.13 11.92 11.61 11.19 10.67 10.03 9.27 8.40 7.54 6.78 6.11 5.54 5.04 4.62 4.26 3.97 3.73
0.00 0.00 0.00 0.14 0.61 1.05 1.50 1.96 2.42 2.87 3.32 3.75 4.18 4.58 4.96 5.31 5.61 5.77 5.75 5.56 5.23 4.76 4.17 3.46 2.66 1.77 0.81 0.00 0.00 0.00 0.00 0.00 0.00 0.00 0.00 0.00 0.00 0.00 0.00 0.00 0.03 0.82 1.55 2.23 2.88 3.48 4.05 4.59 5.11 5.61 6.10 6.58 7.06 7.54 8.02 8.48 8.94 9.39 9.83 10.24 10.64 11.01 11.36 11.66 11.88 12.02 12.05 11.99 11.82 11.55 11.16 10.67 10.06 9.33 8.48 7.64 6.90 6.24 5.67 5.18 4.75 4.39 4.08 3.83
0.00 0.00 0.00 0.11 0.57 1.01 1.46 1.92 2.37 2.83 3.27 3.71 4.12 4.52 4.90 5.24 5.50 5.66 5.69 5.54 5.25 4.81 4.24 3.56 2.78 1.91 0.96 0.00 0.00 0.00 0.00 0.00 0.00 0.00 0.00 0.00 0.00 0.00 0.00 0.00 0.15 0.90 1.60 2.26 2.87 3.45 4.00 4.52 5.02 5.50 5.97 6.43 6.90 7.36 7.82 8.27 8.72 9.15 9.56 9.96 10.33 10.69 11.01 11.32 11.59 11.77 11.85 11.83 11.71 11.48 11.13 10.68 10.10 9.40 8.58 7.77 7.05 6.41 5.85 5.36 4.94 4.58 4.27 4.00
0.00 0.00 0.00 0.08 0.53 0.97 1.42 1.87 2.33 2.78 3.22 3.65 4.06 4.46 4.81 5.10 5.31 5.44 5.48 5.39 5.15 4.76 4.24 3.59 2.85 2.01 1.09 0.10 0.00 0.00 0.00 0.00 0.00 0.00 0.00 0.00 0.00 0.00 0.00 0.00 0.29 0.97 1.64 2.27 2.86 3.41 3.94 4.44 4.92 5.38 5.84 6.29 6.74 7.19 7.63 8.07 8.50 8.91 9.31 9.69 10.04 10.38 10.69 10.99 11.26 11.48 11.62 11.65 11.58 11.39 11.09 10.68 10.14 9.48 8.70 7.91 7.22 6.60 6.06 5.59 5.18 4.82 4.51 4.24
0.00 0.00 0.00 0.05 0.50 0.94 1.38 1.83 2.28 2.72 3.16 3.58 3.99 4.36 4.67 4.90 5.06 5.15 5.17 5.12 4.94 4.61 4.15 3.56 2.87 2.07 1.20 0.25 0.00 0.00 0.00 0.00 0.00 0.00 0.00 0.00 0.00 0.00 0.00 0.00 0.48 1.07 1.67 2.27 2.83 3.37 3.87 4.35 4.81 5.26 5.70 6.14 6.58 7.02 7.45 7.87 8.28 8.68 9.06 9.42 9.77 10.09 10.39 10.67 10.92 11.15 11.34 11.43 11.41 11.27 11.03 10.66 10.16 9.54 8.81 8.06 7.40 6.81 6.29 5.84 5.44 5.09 4.79 4.51
0.00 0.00 0.00 0.03 0.47 0.90 1.34 1.78 2.23 2.66 3.09 3.51 3.89 4.21 4.47 4.65 4.76 4.82 4.81 4.74 4.61 4.36 3.97 3.46 2.83 2.10 1.29 0.40 0.00 0.00 0.00 0.00 0.00 0.00 0.00 0.00 0.00 0.00 0.00 0.20 0.69 1.20 1.72 2.26 2.80 3.31 3.79 4.26 4.70 5.14 5.57 6.00 6.43 6.85 7.27 7.68 8.08 8.46 8.83 9.18 9.50 9.81 10.10 10.36 10.60 10.82 11.01 11.15 11.19 11.11 10.92 10.60 10.16 9.59 8.90 8.20 7.57 7.02 6.53 6.10 5.72 5.39 5.09 4.78
0.00 0.00 0.00 0.02 0.44 0.87 1.30 1.74 2.17 2.60 3.02 3.41 3.74 4.01 4.21 4.35 4.42 4.45 4.41 4.33 4.20 4.00 3.71 3.28 2.74 2.09 1.35 0.53 0.00 0.00 0.00 0.00 0.00 0.00 0.00 0.00 0.00 0.00 0.11 0.51 0.92 1.35 1.80 2.27 2.76 3.25 3.71 4.16 4.59 5.01 5.43 5.85 6.27 6.69 7.09 7.49 7.88 8.25 8.60 8.94 9.25 9.55 9.82 10.07 10.29 10.49 10.67 10.81 10.90 10.89 10.76 10.51 10.12 9.61 8.97 8.31 7.73 7.21 6.76 6.36 6.01 5.69 5.36 5.03
0.00 0.00 0.00 0.01 0.42 0.84 1.26 1.69 2.11 2.53 2.93 3.26 3.54 3.75 3.91 4.01 4.05 4.05 4.00 3.90 3.76 3.58 3.35 3.03 2.58 2.03 1.38 0.65 0.00 0.00 0.00 0.00 0.00 0.00 0.00 0.00 0.00 0.15 0.47 0.80 1.15 1.52 1.90 2.31 2.73 3.18 3.62 4.05 4.47 4.88 5.29 5.71 6.12 6.52 6.92 7.31 7.68 8.04 8.39 8.71 9.01 9.29 9.55 9.78 9.99 10.18 10.33 10.46 10.56 10.60 10.54 10.35 10.03 9.57 8.99 8.39 7.86 7.39 6.97 6.61 6.28 5.94 5.59 5.23
0.00 0.00 0.00 0.01 0.40 0.81 1.22 1.64 2.05 2.44 2.79 3.07 3.29 3.46 3.57 3.64 3.65 3.63 3.56 3.46 3.32 3.15 2.94 2.70 2.37 1.93 1.38 0.76 0.15 0.00 0.00 0.00 0.00 0.00 0.00 0.07 0.30 0.54 0.79 1.07 1.36 1.67 2.01 2.36 2.73 3.12 3.53 3.94 4.35 4.75 5.15 5.56 5.96 6.36 6.75 7.13 7.50 7.84 8.17 8.48 8.77 9.04 9.28 9.50 9.70 9.87 10.01 10.12 10.20 10.25 10.24 10.12 9.87 9.48 8.96 8.42 7.94 7.52 7.15 6.82 6.48 6.12 5.76 5.39
