data_processed/recharge/precip/Precip_1997_04.asc
ncols        168
nrows        136
xllcorner    455000
yllcorner    2107000
cellsize     500
NODATA_value     -99999
[rows 0 to 32 of 136, columns 76 to 151 of 168]
44.89 44.40 43.89 43.38 42.86 42.33 41.79 41.26 40.72 40.19 39.66 39.13 38.61 38.10 37.59 37.10 36.62 36.15 35.70 35.27 34.85 34.46 34.09 33.75 33.43 33.14 32.88 32.65 32.45 32.29 32.16 32.08 32.03 32.02 32.06 32.14 32.27 32.47 32.76 33.14 33.63 34.28 35.20 36.40 37.81 39.41 41.17 43.05 45.06 47.18 49.40 51.72 54.12 56.59 59.12 61.71 64.34 67.00 69.69 72.39 75.09 77.78 80.46 83.11 85.72 88.29 90.80 93.24 95.61 97.89 100.07 102.14 104.10 105.93 107.63 109.18
44.93 44.44 43.95 43.45 42.94 42.43 41.91 41.38 40.86 40.34 39.81 39.30 38.79 38.28 37.79 37.31 36.83 36.38 35.94 35.51 35.11 34.72 34.36 34.03 33.71 33.43 33.18 32.96 32.76 32.61 32.49 32.41 32.37 32.36 32.41 32.49 32.65 32.89 33.23 33.65 34.18 34.88 35.85 37.09 38.55 40.21 42.02 43.95 46.00 48.15 50.40 52.72 55.12 57.58 60.09 62.65 65.24 67.85 70.48 73.11 75.73 78.33 80.91 83.45 85.94 88.38 90.75 93.04 95.24 97.35 99.35 101.24 102.99 104.61 106.09 107.41
44.95 44.49 44.01 43.52 43.02 42.52 42.01 41.50 40.99 40.48 39.97 39.46 38.96 38.47 37.98 37.51 37.05 36.60 36.17 35.75 35.36 34.98 34.63 34.30 34.00 33.72 33.48 33.26 33.08 32.93 32.81 32.74 32.70 32.71 32.75 32.87 33.06 33.35 33.73 34.20 34.77 35.51 36.53 37.81 39.32 41.03 42.89 44.87 46.95 49.13 51.38 53.71 56.11 58.55 61.04 63.56 66.11 68.66 71.22 73.78 76.31 78.82 81.29 83.72 86.08 88.38 90.61 92.74 94.78 96.71 98.53 100.22 101.77 103.17 104.42 105.50
44.98 44.53 44.06 43.58 43.10 42.61 42.11 41.62 41.12 40.62 40.12 39.62 39.13 38.65 38.18 37.71 37.26 36.82 36.40 35.99 35.61 35.24 34.90 34.58 34.28 34.01 33.77 33.56 33.39 33.24 33.14 33.07 33.04 33.05 33.12 33.27 33.51 33.84 34.26 34.78 35.39 36.17 37.23 38.56 40.12 41.87 43.78 45.81 47.93 50.12 52.39 54.72 57.10 59.53 61.98 64.46 66.96 69.45 71.94 74.41 76.86 79.27 81.63 83.93 86.17 88.33 90.40 92.37 94.24 95.99 97.62 99.10 100.44 101.63 102.64 103.48
45.00 44.56 44.11 43.65 43.18 42.70 42.22 41.73 41.24 40.75 40.27 39.78 39.30 38.83 38.37 37.91 37.47 37.04 36.63 36.23 35.86 35.50 35.16 34.85 34.56 34.30 34.07 33.87 33.70 33.56 33.46 33.40 33.37 33.41 33.52 33.72 34.00 34.37 34.83 35.38 36.04 36.86 37.96 39.33 40.94 42.73 44.69 46.77 48.93 51.15 53.42 55.75 58.12 60.51 62.94 65.37 67.81 70.24 72.65 75.04 77.39 79.69 81.93 84.11 86.21 88.23 90.14 91.95 93.64 95.21 96.63 97.92 99.04 100.00 100.78 101.37
45.03 44.60 44.16 43.71 43.25 42.79 42.32 41.84 41.37 40.89 40.41 39.94 39.47 39.01 38.56 38.12 37.68 37.26 36.86 36.47 36.10 35.75 35.43 35.12 34.84 34.59 34.36 34.17 34.01 33.88 33.78 33.73 33.73 33.80 33.96 34.19 34.52 34.92 35.43 36.02 36.71 37.57 38.71 40.13 41.78 43.62 45.63 47.75 49.96 52.23 54.51 56.82 59.17 61.54 63.92 66.31 68.68 71.04 73.37 75.67 77.92 80.11 82.23 84.28 86.24 88.10 89.85 91.49 93.00 94.37 95.60 96.67 97.57 98.30 98.84 99.18
45.05 44.63 44.21 43.77 43.33 42.88 42.42 41.96 41.49 41.03 40.56 40.10 39.64 39.19 38.75 38.32 37.90 37.49 37.09 36.71 36.35 36.01 35.69 35.40 35.13 34.88 34.66 34.48 34.32 34.20 34.11 34.08 34.12 34.23 34.43 34.70 35.06 35.51 36.05 36.68 37.41 38.31 39.49 40.95 42.64 44.53 46.58 48.75 51.01 53.32 55.65 57.96 60.28 62.62 64.95 67.28 69.59 71.87 74.12 76.32 78.46 80.54 82.53 84.44 86.26 87.96 89.55 91.01 92.33 93.51 94.53 95.38 96.06 96.55 96.84 96.93
45.07 44.67 44.26 43.84 43.40 42.96 42.52 42.07 41.62 41.16 40.71 40.26 39.82 39.38 38.94 38.52 38.11 37.71 37.33 36.96 36.61 36.27 35.96 35.67 35.41 35.17 34.96 34.78 34.63 34.52 34.46 34.46 34.54 34.69 34.93 35.24 35.64 36.13 36.70 37.37 38.14 39.07 40.29 41.79 43.52 45.45 47.55 49.77 52.07 54.43 56.81 59.16 61.47 63.76 66.05 68.32 70.56 72.76 74.91 77.01 79.04 80.99 82.86 84.63 86.29 87.83 89.25 90.53 91.66 92.64 93.45 94.08 94.52 94.77 94.81 94.63
45.10 44.71 44.31 43.90 43.48 43.06 42.62 42.19 41.75 41.30 40.86 40.43 39.99 39.56 39.14 38.73 38.33 37.94 37.56 37.20 36.86 36.54 36.24 35.96 35.70 35.47 35.27 35.10 34.96 34.86 34.84 34.88 35.00 35.19 35.46 35.81 36.24 36.77 37.38 38.08 38.89 39.85 41.11 42.65 44.42 46.39 48.53 50.79 53.15 55.56 57.98 60.38 62.73 65.00 67.23 69.43 71.59 73.71 75.77 77.76 79.67 81.50 83.23 84.85 86.35 87.73 88.97 90.06 91.00 91.77 92.36 92.77 92.97 92.97 92.76 92.31
45.14 44.75 44.37 43.97 43.56 43.15 42.73 42.31 41.88 41.45 41.02 40.59 40.17 39.75 39.34 38.94 38.55 38.17 37.80 37.45 37.12 36.81 36.51 36.24 35.99 35.77 35.58 35.41 35.30 35.24 35.25 35.33 35.49 35.71 36.02 36.41 36.88 37.43 38.08 38.82 39.65 40.66 41.95 43.52 45.33 47.35 49.53 51.84 54.23 56.69 59.16 61.61 64.01 66.31 68.51 70.64 72.72 74.75 76.70 78.58 80.37 82.07 83.66 85.13 86.47 87.68 88.73 89.63 90.37 90.93 91.29 91.47 91.43 91.18 90.70 89.99
45.20 44.82 44.43 44.04 43.65 43.25 42.84 42.43 42.01 41.60 41.18 40.76 40.35 39.95 39.55 39.16 38.77 38.40 38.05 37.71 37.38 37.08 36.80 36.53 36.29 36.08 35.90 35.75 35.67 35.65 35.70 35.81 36.00 36.27 36.61 37.03 37.53 38.12 38.80 39.58 40.44 41.48 42.81 44.42 46.27 48.32 50.54 52.89 55.33 57.83 60.35 62.85 65.30 67.65 69.88 71.96 73.96 75.89 77.74 79.50 81.16 82.72 84.16 85.48 86.65 87.68 88.55 89.26 89.78 90.12 90.27 90.20 89.92 89.41 88.66 87.67
45.28 44.89 44.51 44.12 43.74 43.35 42.96 42.56 42.16 41.75 41.35 40.94 40.54 40.15 39.76 39.38 39.01 38.65 38.30 37.97 37.66 37.36 37.08 36.83 36.60 36.40 36.23 36.13 36.08 36.09 36.18 36.33 36.55 36.84 37.22 37.67 38.21 38.83 39.55 40.35 41.25 42.32 43.68 45.32 47.21 49.30 51.56 53.95 56.44 58.98 61.54 64.09 66.59 68.99 71.27 73.38 75.32 77.15 78.89 80.53 82.06 83.48 84.77 85.92 86.92 87.77 88.45 88.95 89.26 89.38 89.29 88.98 88.45 87.68 86.66 85.38
45.37 44.99 44.60 44.22 43.84 43.46 43.08 42.69 42.30 41.91 41.52 41.13 40.74 40.35 39.98 39.61 39.25 38.90 38.56 38.24 37.93 37.65 37.38 37.14 36.91 36.73 36.60 36.53 36.52 36.57 36.68 36.87 37.12 37.45 37.86 38.34 38.91 39.57 40.31 41.15 42.08 43.18 44.57 46.24 48.16 50.29 52.59 55.02 57.55 60.13 62.74 65.33 67.88 70.33 72.66 74.82 76.79 78.55 80.17 81.68 83.08 84.35 85.48 86.47 87.29 87.95 88.43 88.73 88.83 88.72 88.39 87.83 87.04 86.00 84.71 83.14
45.48 45.10 44.72 44.34 43.96 43.58 43.21 42.84 42.46 42.08 41.70 41.32 40.94 40.57 40.20 39.84 39.49 39.15 38.83 38.52 38.22 37.94 37.69 37.45 37.25 37.10 37.01 36.97 36.99 37.07 37.22 37.43 37.72 38.08 38.52 39.03 39.63 40.32 41.09 41.96 42.91 44.04 45.47 47.18 49.13 51.29 53.63 56.10 58.66 61.29 63.94 66.58 69.17 71.67 74.05 76.26 78.28 80.06 81.60 82.99 84.24 85.36 86.33 87.14 87.78 88.25 88.53 88.61 88.49 88.15 87.58 86.77 85.71 84.40 82.82 81.01
45.60 45.22 44.85 44.47 44.10 43.72 43.35 42.99 42.62 42.26 41.89 41.52 41.15 40.79 40.44 40.09 39.75 39.42 39.10 38.80 38.52 38.25 38.00 37.79 37.62 37.50 37.44 37.43 37.48 37.60 37.78 38.02 38.34 38.73 39.20 39.74 40.37 41.09 41.89 42.78 43.77 44.93 46.38 48.12 50.10 52.30 54.67 57.18 59.78 62.45 65.14 67.83 70.46 73.01 75.43 77.69 79.76 81.60 83.16 84.45 85.56 86.52 87.32 87.96 88.42 88.69 88.76 88.62 88.27 87.69 86.87 85.81 84.49 82.90 81.07 79.18
45.74 45.36 44.99 44.62 44.25 43.88 43.52 43.15 42.80 42.44 42.09 41.73 41.38 41.03 40.68 40.34 40.02 39.70 39.39 39.10 38.82 38.57 38.34 38.16 38.02 37.93 37.90 37.93 38.01 38.15 38.36 38.64 38.98 39.40 39.90 40.47 41.13 41.87 42.70 43.62 44.63 45.82 47.30 49.07 51.09 53.31 55.72 58.26 60.90 63.61 66.35 69.07 71.75 74.34 76.81 79.12 81.24 83.12 84.74 86.05 87.06 87.86 88.49 88.94 89.20 89.27 89.13 88.77 88.19 87.36 86.29 84.97 83.37 81.54 79.63 77.78
45.89 45.52 45.15 44.79 44.42 44.06 43.69 43.34 42.99 42.64 42.30 41.95 41.61 41.27 40.94 40.61 40.29 39.99 39.69 39.41 39.14 38.91 38.71 38.56 38.45 38.40 38.39 38.45 38.56 38.73 38.97 39.27 39.65 40.09 40.62 41.22 41.90 42.67 43.52 44.47 45.51 46.72 48.23 50.02 52.07 54.33 56.77 59.35 62.03 64.77 67.55 70.31 73.03 75.67 78.18 80.54 82.71 84.64 86.31 87.67 88.69 89.38 89.84 90.10 90.17 90.03 89.67 89.08 88.26 87.19 85.86 84.26 82.43 80.51 78.63 76.82
46.06 45.69 45.33 44.97 44.61 44.25 43.89 43.54 43.19 42.85 42.52 42.18 41.85 41.53 41.21 40.89 40.58 40.29 40.00 39.73 39.49 39.28 39.11 38.99 38.91 38.88 38.91 38.99 39.13 39.33 39.60 39.93 40.33 40.80 41.35 41.98 42.69 43.48 44.36 45.33 46.39 47.63 49.16 50.99 53.06 55.35 57.82 60.43 63.15 65.93 68.74 71.55 74.31 76.99 79.55 81.95 84.16 86.15 87.87 89.28 90.36 91.05 91.38 91.46 91.32 90.97 90.39 89.57 88.50 87.18 85.59 83.75 81.83 79.93 78.08 76.29
46.24 45.88 45.53 45.17 44.81 44.46 44.11 43.76 43.42 43.08 42.75 42.43 42.11 41.80 41.49 41.18 40.89 40.60 40.33 40.08 39.86 39.68 39.54 39.45 39.40 39.40 39.45 39.56 39.73 39.95 40.24 40.60 41.03 41.53 42.10 42.75 43.49 44.30 45.21 46.20 47.28 48.54 50.10 51.95 54.06 56.38 58.88 61.52 64.27 67.09 69.93 72.78 75.58 78.30 80.90 83.35 85.61 87.64 89.41 90.87 92.00 92.75 93.09 93.03 92.69 92.11 91.31 90.25 88.93 87.35 85.52 83.60 81.68 79.80 77.96 76.19
46.43 46.09 45.74 45.39 45.04 44.69 44.34 44.00 43.67 43.33 43.01 42.69 42.38 42.08 41.78 41.49 41.20 40.93 40.68 40.45 40.26 40.11 40.00 39.93 39.91 39.94 40.02 40.15 40.34 40.60 40.91 41.29 41.74 42.27 42.86 43.54 44.29 45.13 46.06 47.07 48.18 49.46 51.05 52.92 55.05 57.40 59.93 62.60 65.38 68.23 71.12 74.00 76.84 79.60 82.24 84.74 87.04 89.12 90.93 92.45 93.62 94.43 94.82 94.76 94.28 93.48 92.44 91.14 89.57 87.76 85.83 83.91 81.99 80.11 78.28 76.51
46.64 46.30 45.96 45.62 45.28 44.93 44.60 44.26 43.93 43.61 43.29 42.98 42.67 42.38 42.09 41.81 41.54 41.28 41.05 40.86 40.70 40.57 40.49 40.44 40.45 40.50 40.61 40.76 40.98 41.26 41.59 42.00 42.47 43.02 43.64 44.34 45.11 45.97 46.92 47.96 49.09 50.38 51.99 53.89 56.04 58.42 60.98 63.68 66.49 69.38 72.29 75.21 78.09 80.89 83.57 86.11 88.46 90.58 92.44 94.00 95.23 96.08 96.53 96.53 96.04 95.09 93.81 92.27 90.47 88.55 86.61 84.68 82.76 80.87 79.03 77.24
46.87 46.54 46.20 45.87 45.53 45.20 44.87 44.54 44.22 43.90 43.59 43.28 42.98 42.70 42.42 42.15 41.90 41.67 41.46 41.29 41.16 41.06 41.00 40.98 41.01 41.09 41.21 41.39 41.63 41.93 42.29 42.72 43.22 43.78 44.42 45.14 45.94 46.82 47.79 48.84 49.99 51.31 52.94 54.86 57.04 59.44 62.02 64.75 67.60 70.51 73.46 76.41 79.32 82.16 84.89 87.46 89.85 92.02 93.93 95.54 96.81 97.72 98.21 98.26 97.83 96.88 95.44 93.66 91.76 89.82 87.87 85.91 83.98 82.07 80.20 78.39
47.11 46.78 46.46 46.13 45.80 45.48 45.16 44.84 44.52 44.21 43.90 43.61 43.32 43.04 42.77 42.51 42.28 42.08 41.90 41.76 41.64 41.57 41.53 41.54 41.59 41.69 41.84 42.04 42.30 42.62 43.01 43.45 43.97 44.56 45.22 45.95 46.77 47.67 48.66 49.73 50.90 52.23 53.88 55.82 58.02 60.45 63.06 65.82 68.69 71.63 74.62 77.60 80.55 83.42 86.19 88.80 91.23 93.44 95.39 97.05 98.37 99.32 99.87 99.97 99.60 98.70 97.28 95.47 93.54 91.57 89.59 87.60 85.63 83.69 81.79 79.95
47.36 47.05 46.73 46.41 46.09 45.78 45.46 45.15 44.84 44.54 44.24 43.95 43.67 43.40 43.14 42.91 42.70 42.52 42.37 42.24 42.16 42.10 42.09 42.12 42.19 42.31 42.48 42.71 42.99 43.33 43.73 44.20 44.73 45.34 46.02 46.77 47.61 48.53 49.53 50.62 51.80 53.16 54.82 56.78 59.01 61.45 64.09 66.87 69.77 72.75 75.76 78.78 81.76 84.67 87.47 90.12 92.59 94.84 96.84 98.54 99.91 100.91 101.50 101.66 101.33 100.51 99.28 97.69 95.80 93.80 91.77 89.75 87.73 85.75 83.80 81.90
47.63 47.32 47.01 46.71 46.40 46.09 45.79 45.48 45.18 44.89 44.60 44.32 44.04 43.79 43.55 43.33 43.15 42.99 42.86 42.76 42.69 42.66 42.67 42.72 42.81 42.95 43.14 43.39 43.69 44.04 44.47 44.95 45.50 46.13 46.82 47.60 48.45 49.38 50.40 51.51 52.71 54.08 55.76 57.74 59.98 62.45 65.11 67.92 70.84 73.85 76.89 79.94 82.95 85.89 88.73 91.42 93.93 96.22 98.26 100.00 101.41 102.46 103.10 103.31 103.05 102.41 101.44 100.12 98.46 96.49 94.42 92.34 90.27 88.22 86.21 84.26
47.91 47.61 47.32 47.02 46.72 46.42 46.13 45.83 45.54 45.26 44.98 44.71 44.45 44.21 43.99 43.79 43.62 43.48 43.37 43.29 43.25 43.24 43.26 43.33 43.44 43.60 43.81 44.08 44.39 44.77 45.21 45.71 46.28 46.92 47.64 48.42 49.29 50.24 51.27 52.40 53.61 54.99 56.69 58.69 60.95 63.44 66.12 68.95 71.90 74.93 78.00 81.08 84.12 87.10 89.97 92.70 95.24 97.57 99.65 101.44 102.89 103.98 104.67 104.94 104.86 104.46 103.75 102.70 101.30 99.56 97.51 95.37 93.23 91.11 89.04 87.01
48.20 47.92 47.63 47.34 47.06 46.77 46.48 46.20 45.92 45.65 45.38 45.12 44.88 44.65 44.45 44.28 44.13 44.00 43.91 43.85 43.82 43.83 43.88 43.96 44.09 44.27 44.50 44.78 45.11 45.51 45.96 46.48 47.07 47.72 48.45 49.25 50.13 51.10 52.14 53.28 54.50 55.90 57.61 59.63 61.91 64.42 67.12 69.97 72.95 76.00 79.10 82.20 85.28 88.29 91.19 93.95 96.53 98.90 101.02 102.84 104.34 105.48 106.23 106.66 106.79 106.64 106.17 105.38 104.26 102.79 100.96 98.83 96.62 94.42 92.26 90.15
48.51 48.24 47.96 47.69 47.41 47.13 46.86 46.59 46.32 46.05 45.80 45.56 45.33 45.13 44.95 44.79 44.65 44.55 44.47 44.43 44.42 44.44 44.51 44.61 44.76 44.95 45.20 45.49 45.84 46.25 46.72 47.25 47.85 48.52 49.26 50.08 50.97 51.95 53.01 54.16 55.39 56.80 58.53 60.56 62.85 65.38 68.10 70.98 73.97 77.05 80.18 83.31 86.41 89.45 92.38 95.18 97.80 100.20 102.35 104.22 105.76 106.95 107.85 108.48 108.84 108.91 108.69 108.15 107.29 106.09 104.54 102.63 100.42 98.13 95.88 93.67
48.83 48.57 48.31 48.04 47.78 47.51 47.25 46.99 46.73 46.48 46.25 46.02 45.82 45.63 45.46 45.32 45.20 45.11 45.05 45.02 45.03 45.07 45.15 45.27 45.43 45.64 45.90 46.21 46.58 47.00 47.48 48.03 48.64 49.32 50.08 50.91 51.81 52.80 53.87 55.03 56.27 57.69 59.43 61.47 63.79 66.33 69.07 71.97 74.98 78.08 81.23 84.39 87.52 90.59 93.55 96.38 99.03 101.47 103.66 105.56 107.16 108.48 109.57 110.40 110.97 111.27 111.27 110.98 110.37 109.43 108.16 106.53 104.53 102.25 99.89 97.57
49.16 48.91 48.66 48.41 48.16 47.91 47.66 47.41 47.17 46.94 46.72 46.51 46.32 46.15 46.00 45.87 45.77 45.69 45.65 45.64 45.66 45.71 45.81 45.94 46.12 46.34 46.61 46.94 47.32 47.75 48.25 48.81 49.43 50.12 50.89 51.73 52.64 53.64 54.72 55.89 57.15 58.58 60.32 62.38 64.70 67.26 70.02 72.94 75.97 79.10 82.27 85.45 88.61 91.70 94.70 97.55 100.24 102.71 104.94 106.89 108.60 110.10 111.36 112.39 113.16 113.67 113.90 113.84 113.48 112.80 111.79 110.43 108.72 106.65 104.28 101.84
49.50 49.27 49.04 48.80 48.56 48.32 48.09 47.85 47.63 47.41 47.21 47.01 46.84 46.69 46.55 46.44 46.35 46.29 46.26 46.26 46.30 46.37 46.48 46.62 46.81 47.05 47.33 47.67 48.06 48.51 49.01 49.58 50.22 50.92 51.70 52.55 53.47 54.48 55.57 56.74 58.01 59.45 61.20 63.27 65.61 68.18 70.95 73.89 76.94 80.08 83.28 86.48 89.67 92.79 95.81 98.70 101.41 103.92 106.19 108.25 110.11 111.77 113.21 114.43 115.40 116.11 116.56 116.72 116.59 116.16 115.40 114.32 112.89 111.10 108.94 106.48
49.86 49.64 49.42 49.20 48.97 48.75 48.53 48.31 48.10 47.90 47.71 47.54 47.38 47.24 47.12 47.02 46.95 46.90 46.89 46.90 46.95 47.03 47.15 47.31 47.52 47.76 48.06 48.41 48.81 49.26 49.78 50.36 51.00 51.72 52.50 53.36 54.29 55.30 56.40 57.58 58.85 60.30 62.07 64.14 66.49 69.08 71.87 74.81 77.89 81.05 84.26 87.49 90.70 93.84 96.89 99.81 102.55 105.10 107.46 109.66 111.67 113.48 115.09 116.48 117.64 118.55 119.21 119.59 119.69 119.49 118.99 118.16 117.00 115.49 113.61 111.37
50.23 50.03 49.82 49.61 49.40 49.19 48.99 48.79 48.59 48.41 48.23 48.07 47.93 47.80 47.70 47.61 47.56 47.52 47.52 47.55 47.61 47.70 47.84 48.01 48.22 48.48 48.79 49.14 49.55 50.02 50.54 51.13 51.78 52.50 53.30 54.16 55.10 56.12 57.22 58.41 59.69 61.14 62.91 65.00 67.36 69.96 72.76 75.72 78.81 81.99 85.22 88.47 91.70 94.87 97.95 100.89 103.67 106.30 108.78 111.10 113.25 115.21 116.98 118.54 119.88 120.98 121.83 122.42 122.74 122.78 122.51 121.93 121.03 119.79 118.20 116.25
