data_processed/recharge/precip/Precip_2007_04.asc
ncols        168
nrows        136
xllcorner    455000
yllcorner    2107000
cellsize     500
NODATA_value     -99999
[rows 102 to 135 of 136, columns 0 to 76 of 168]
30.60 31.64 32.60 33.53 34.44 35.33 36.19 37.01 37.78 38.50 39.16 39.76 40.27 40.71 41.05 41.30 41.44 41.47 41.38 41.17 40.82 40.37 39.84 39.23 38.56 37.86 37.14 36.41 35.66 34.90 34.12 33.34 32.55 31.76 30.98 30.20 29.44 28.69 27.96 27.25 26.57 25.92 25.31 24.73 24.20 23.73 23.40 23.25 23.26 23.41 23.66 24.00 24.44 25.00 25.65 26.39 27.19 28.06 28.97 29.91 30.87 31.84 32.79 33.73 34.62 35.47 36.26 36.97 37.60 38.12 38.53 38.82 38.99 39.05 39.10 39.18 39.32
30.41 31.33 32.24 33.15 34.04 34.92 35.78 36.60 37.39 38.13 38.82 39.44 40.00 40.48 40.88 41.19 41.39 41.50 41.49 41.36 41.10 40.72 40.22 39.65 39.01 38.34 37.66 36.96 36.24 35.52 34.78 34.04 33.30 32.56 31.83 31.11 30.41 29.73 29.07 28.43 27.83 27.27 26.74 26.25 25.81 25.42 25.11 24.94 24.95 25.10 25.36 25.73 26.22 26.83 27.53 28.31 29.16 30.06 31.01 31.99 32.98 33.98 34.96 35.92 36.85 37.72 38.53 39.26 39.90 40.43 40.85 41.14 41.30 41.34 41.37 41.44 41.60
30.16 31.01 31.88 32.76 33.63 34.49 35.34 36.16 36.95 37.70 38.40 39.05 39.64 40.16 40.60 40.96 41.23 41.40 41.46 41.41 41.24 40.95 40.52 39.98 39.38 38.75 38.11 37.45 36.78 36.10 35.42 34.73 34.05 33.38 32.72 32.07 31.45 30.84 30.27 29.72 29.21 28.74 28.31 27.93 27.60 27.32 27.10 26.96 26.97 27.13 27.41 27.83 28.37 29.01 29.75 30.57 31.45 32.39 33.37 34.37 35.39 36.41 37.42 38.40 39.34 40.23 41.05 41.80 42.45 42.99 43.41 43.71 43.85 43.88 43.89 43.99 44.19
29.91 30.72 31.54 32.37 33.21 34.05 34.88 35.69 36.47 37.22 37.94 38.60 39.21 39.76 40.24 40.64 40.96 41.19 41.32 41.34 41.25 41.04 40.69 40.22 39.67 39.09 38.50 37.90 37.28 36.67 36.05 35.44 34.83 34.23 33.65 33.09 32.56 32.05 31.57 31.12 30.72 30.35 30.04 29.77 29.56 29.40 29.31 29.28 29.34 29.52 29.85 30.30 30.88 31.55 32.32 33.17 34.09 35.05 36.05 37.08 38.12 39.16 40.18 41.18 42.13 43.03 43.86 44.60 45.26 45.80 46.23 46.51 46.65 46.66 46.70 46.83 47.07
29.74 30.48 31.25 32.04 32.84 33.65 34.45 35.24 36.01 36.76 37.47 38.15 38.77 39.35 39.86 40.30 40.66 40.94 41.12 41.21 41.19 41.05 40.80 40.45 40.00 39.48 38.93 38.38 37.83 37.27 36.72 36.17 35.64 35.12 34.62 34.14 33.69 33.27 32.89 32.54 32.24 31.98 31.78 31.63 31.53 31.50 31.53 31.63 31.79 32.03 32.39 32.89 33.50 34.21 35.02 35.90 36.84 37.83 38.86 39.91 40.97 42.03 43.07 44.08 45.04 45.95 46.79 47.54 48.20 48.74 49.17 49.45 49.58 49.55 49.59 49.77 50.03
29.68 30.36 31.07 31.81 32.56 33.33 34.10 34.87 35.62 36.36 37.07 37.75 38.39 38.98 39.51 39.99 40.39 40.71 40.95 41.10 41.14 41.08 40.95 40.76 40.47 40.04 39.53 39.01 38.49 37.97 37.46 36.97 36.48 36.02 35.58 35.17 34.79 34.44 34.13 33.86 33.64 33.47 33.36 33.30 33.30 33.37 33.51 33.70 33.93 34.24 34.67 35.21 35.87 36.63 37.48 38.40 39.39 40.42 41.48 42.57 43.66 44.74 45.81 46.85 47.83 48.76 49.62 50.39 51.06 51.62 52.06 52.34 52.43 52.33 52.31 52.49 52.77
29.70 30.34 30.99 31.67 32.38 33.11 33.84 34.58 35.32 36.04 36.74 37.42 38.07 38.67 39.22 39.72 40.16 40.52 40.81 41.01 41.12 41.17 41.18 41.16 41.02 40.73 40.29 39.78 39.28 38.78 38.29 37.82 37.37 36.94 36.54 36.16 35.83 35.53 35.27 35.06 34.90 34.79 34.74 34.76 34.84 34.98 35.19 35.44 35.74 36.12 36.62 37.22 37.95 38.76 39.67 40.65 41.68 42.76 43.87 45.00 46.14 47.27 48.38 49.45 50.47 51.43 52.32 53.12 53.82 54.41 54.86 55.12 55.16 54.99 54.90 55.00 55.27
29.79 30.41 31.02 31.65 32.30 32.98 33.68 34.38 35.09 35.80 36.49 37.16 37.81 38.42 38.99 39.51 39.97 40.38 40.70 40.96 41.16 41.35 41.52 41.64 41.64 41.47 41.15 40.69 40.19 39.68 39.20 38.73 38.28 37.86 37.48 37.12 36.81 36.53 36.31 36.13 36.01 35.94 35.94 36.00 36.13 36.33 36.58 36.89 37.24 37.69 38.24 38.92 39.70 40.59 41.56 42.61 43.71 44.85 46.02 47.21 48.40 49.58 50.74 51.86 52.94 53.94 54.88 55.72 56.45 57.07 57.52 57.75 57.75 57.54 57.37 57.39 57.58
29.94 30.54 31.14 31.73 32.32 32.95 33.60 34.27 34.95 35.63 36.31 36.97 37.61 38.23 38.81 39.35 39.84 40.27 40.64 40.98 41.31 41.64 41.93 42.18 42.31 42.26 42.04 41.68 41.20 40.68 40.17 39.68 39.22 38.79 38.40 38.04 37.72 37.45 37.23 37.07 36.96 36.92 36.94 37.03 37.18 37.41 37.70 38.05 38.46 38.96 39.57 40.30 41.14 42.10 43.15 44.27 45.45 46.67 47.91 49.17 50.43 51.68 52.90 54.08 55.21 56.28 57.26 58.16 58.94 59.57 60.01 60.23 60.20 59.94 59.72 59.66 59.76
30.15 30.73 31.31 31.88 32.45 33.02 33.62 34.25 34.89 35.54 36.20 36.85 37.48 38.10 38.68 39.24 39.74 40.21 40.65 41.11 41.57 42.01 42.43 42.79 43.02 43.07 42.95 42.68 42.27 41.76 41.21 40.68 40.18 39.72 39.29 38.91 38.57 38.28 38.05 37.87 37.76 37.71 37.73 37.83 38.00 38.24 38.56 38.95 39.41 39.96 40.62 41.39 42.28 43.29 44.41 45.63 46.89 48.19 49.52 50.86 52.20 53.53 54.82 56.08 57.28 58.42 59.47 60.43 61.24 61.89 62.33 62.54 62.49 62.21 61.95 61.82 61.83
30.40 30.97 31.53 32.09 32.64 33.19 33.74 34.32 34.92 35.54 36.17 36.80 37.42 38.03 38.62 39.18 39.71 40.23 40.78 41.35 41.92 42.47 42.99 43.45 43.77 43.91 43.87 43.67 43.33 42.86 42.30 41.71 41.16 40.63 40.16 39.72 39.34 39.01 38.74 38.53 38.39 38.32 38.32 38.42 38.59 38.85 39.19 39.61 40.11 40.70 41.40 42.22 43.14 44.19 45.36 46.65 48.01 49.41 50.84 52.27 53.70 55.12 56.50 57.85 59.13 60.35 61.48 62.49 63.34 64.00 64.45 64.67 64.62 64.32 64.03 63.85 63.78
30.69 31.25 31.81 32.35 32.90 33.43 33.95 34.48 35.04 35.62 36.22 36.82 37.43 38.03 38.61 39.18 39.75 40.37 41.03 41.70 42.36 43.01 43.61 44.15 44.55 44.76 44.78 44.64 44.35 43.93 43.39 42.78 42.14 41.54 40.99 40.48 40.03 39.64 39.31 39.05 38.85 38.74 38.73 38.81 38.99 39.26 39.61 40.06 40.59 41.21 41.95 42.79 43.75 44.83 46.03 47.36 48.80 50.31 51.85 53.39 54.92 56.44 57.92 59.36 60.74 62.05 63.25 64.31 65.20 65.90 66.38 66.61 66.57 66.27 65.96 65.74 65.62
31.02 31.57 32.12 32.66 33.19 33.71 34.23 34.73 35.25 35.79 36.35 36.92 37.51 38.09 38.67 39.27 39.94 40.65 41.39 42.14 42.89 43.60 44.28 44.89 45.35 45.61 45.68 45.58 45.33 44.93 44.42 43.81 43.12 42.43 41.78 41.18 40.64 40.16 39.75 39.41 39.16 39.02 38.98 39.04 39.21 39.48 39.84 40.30 40.86 41.51 42.27 43.15 44.13 45.23 46.46 47.81 49.28 50.88 52.53 54.18 55.84 57.47 59.06 60.61 62.10 63.49 64.77 65.89 66.84 67.59 68.10 68.36 68.34 68.06 67.73 67.49 67.31
31.38 31.92 32.46 33.00 33.52 34.04 34.55 35.05 35.54 36.04 36.56 37.10 37.66 38.22 38.83 39.51 40.25 41.04 41.85 42.67 43.48 44.26 44.99 45.65 46.16 46.46 46.56 46.49 46.25 45.87 45.37 44.76 44.05 43.29 42.52 41.81 41.16 40.57 40.06 39.64 39.34 39.16 39.08 39.12 39.28 39.53 39.90 40.37 40.94 41.62 42.40 43.29 44.30 45.42 46.66 48.02 49.51 51.13 52.87 54.65 56.43 58.19 59.91 61.58 63.17 64.66 66.02 67.22 68.24 69.04 69.61 69.91 69.92 69.66 69.34 69.08 68.86
31.76 32.30 32.83 33.36 33.89 34.41 34.91 35.41 35.90 36.37 36.85 37.36 37.89 38.47 39.14 39.88 40.69 41.54 42.41 43.28 44.14 44.96 45.73 46.43 46.97 47.30 47.42 47.35 47.12 46.74 46.23 45.60 44.87 44.07 43.21 42.37 41.58 40.87 40.26 39.77 39.41 39.18 39.07 39.08 39.20 39.45 39.81 40.28 40.87 41.56 42.35 43.25 44.27 45.40 46.65 48.02 49.51 51.14 52.90 54.78 56.69 58.59 60.44 62.24 63.95 65.54 67.00 68.29 69.38 70.26 70.89 71.24 71.30 71.07 70.77 70.50 70.26
32.16 32.70 33.23 33.76 34.28 34.80 35.31 35.81 36.29 36.77 37.23 37.70 38.23 38.86 39.59 40.39 41.25 42.14 43.05 43.96 44.85 45.71 46.50 47.22 47.77 48.11 48.23 48.16 47.92 47.52 46.98 46.32 45.56 44.71 43.80 42.84 41.91 41.08 40.38 39.82 39.40 39.11 38.95 38.92 39.02 39.24 39.59 40.06 40.65 41.34 42.14 43.05 44.07 45.20 46.45 47.82 49.32 50.95 52.70 54.60 56.61 58.65 60.65 62.58 64.41 66.13 67.69 69.08 70.27 71.23 71.93 72.35 72.46 72.28 72.01 71.75 71.50
32.57 33.11 33.64 34.17 34.69 35.21 35.72 36.23 36.72 37.19 37.66 38.15 38.73 39.41 40.18 41.02 41.91 42.83 43.77 44.70 45.61 46.48 47.28 48.00 48.56 48.89 49.00 48.91 48.64 48.21 47.63 46.93 46.11 45.20 44.22 43.19 42.16 41.24 40.45 39.81 39.32 38.97 38.75 38.68 38.74 38.93 39.26 39.72 40.30 41.00 41.80 42.70 43.72 44.85 46.09 47.46 48.95 50.56 52.31 54.20 56.22 58.36 60.51 62.59 64.56 66.40 68.09 69.59 70.88 71.94 72.72 73.22 73.40 73.28 73.05 72.81 72.56
32.99 33.53 34.06 34.59 35.12 35.64 36.16 36.67 37.16 37.65 38.16 38.74 39.39 40.10 40.90 41.76 42.67 43.61 44.56 45.50 46.41 47.27 48.07 48.78 49.33 49.63 49.71 49.59 49.28 48.80 48.17 47.40 46.51 45.53 44.47 43.40 42.35 41.37 40.49 39.77 39.19 38.77 38.50 38.37 38.39 38.55 38.85 39.29 39.86 40.55 41.34 42.24 43.24 44.36 45.59 46.94 48.42 50.02 51.75 53.62 55.62 57.77 60.02 62.26 64.38 66.37 68.19 69.81 71.22 72.38 73.27 73.85 74.12 74.06 73.89 73.68 73.45
33.41 33.95 34.49 35.02 35.56 36.09 36.61 37.12 37.63 38.17 38.77 39.44 40.16 40.93 41.74 42.61 43.52 44.46 45.41 46.34 47.24 48.08 48.86 49.55 50.06 50.33 50.37 50.19 49.82 49.28 48.57 47.73 46.76 45.70 44.59 43.50 42.46 41.45 40.52 39.70 39.05 38.55 38.20 38.01 37.98 38.10 38.36 38.78 39.33 40.01 40.78 41.66 42.65 43.75 44.96 46.29 47.75 49.33 51.04 52.89 54.88 57.01 59.25 61.58 63.86 66.00 67.97 69.73 71.27 72.55 73.54 74.23 74.59 74.62 74.51 74.35 74.14
33.82 34.36 34.91 35.45 36.00 36.53 37.07 37.59 38.15 38.78 39.48 40.23 41.02 41.85 42.69 43.56 44.46 45.38 46.31 47.21 48.08 48.90 49.64 50.28 50.75 50.96 50.94 50.70 50.26 49.64 48.85 47.91 46.85 45.73 44.62 43.53 42.48 41.47 40.51 39.64 38.89 38.31 37.89 37.64 37.54 37.61 37.84 38.22 38.75 39.40 40.15 41.01 41.97 43.05 44.23 45.54 46.96 48.51 50.21 52.04 54.01 56.11 58.32 60.63 63.01 65.31 67.43 69.34 71.02 72.43 73.55 74.35 74.81 74.94 74.91 74.80 74.63
34.22 34.77 35.33 35.88 36.43 36.98 37.53 38.11 38.76 39.48 40.26 41.09 41.95 42.82 43.71 44.59 45.47 46.36 47.25 48.11 48.94 49.71 50.40 50.98 51.39 51.54 51.44 51.12 50.59 49.87 48.98 47.94 46.83 45.71 44.59 43.50 42.43 41.41 40.45 39.56 38.75 38.08 37.58 37.25 37.09 37.10 37.28 37.62 38.12 38.75 39.47 40.30 41.23 42.27 43.42 44.69 46.08 47.62 49.30 51.11 53.05 55.11 57.27 59.53 61.88 64.27 66.56 68.63 70.46 72.01 73.27 74.20 74.78 75.01 75.07 75.04 74.91
34.60 35.16 35.73 36.29 36.86 37.42 38.02 38.70 39.45 40.26 41.12 42.01 42.92 43.84 44.76 45.66 46.53 47.38 48.22 49.03 49.80 50.50 51.12 51.64 51.97 52.03 51.85 51.43 50.80 49.97 48.97 47.88 46.76 45.63 44.51 43.41 42.34 41.32 40.34 39.44 38.61 37.88 37.29 36.89 36.65 36.60 36.72 37.02 37.48 38.07 38.76 39.54 40.44 41.44 42.55 43.78 45.15 46.67 48.33 50.12 52.02 54.03 56.15 58.35 60.63 62.98 65.35 67.59 69.59 71.30 72.70 73.77 74.48 74.83 74.99 75.04 74.97
34.95 35.53 36.11 36.69 37.27 37.89 38.59 39.37 40.20 41.09 42.02 42.97 43.93 44.89 45.83 46.75 47.62 48.44 49.22 49.96 50.65 51.28 51.82 52.25 52.48 52.45 52.16 51.63 50.88 49.93 48.87 47.77 46.65 45.53 44.41 43.30 42.23 41.19 40.21 39.29 38.45 37.70 37.05 36.56 36.25 36.12 36.18 36.42 36.84 37.38 38.03 38.77 39.62 40.57 41.64 42.85 44.21 45.71 47.34 49.09 50.95 52.91 54.97 57.10 59.31 61.58 63.90 66.22 68.39 70.26 71.83 73.05 73.90 74.38 74.65 74.80 74.80
35.28 35.87 36.47 37.07 37.71 38.43 39.23 40.09 41.01 41.97 42.96 43.96 44.95 45.94 46.90 47.82 48.69 49.50 50.23 50.89 51.49 52.02 52.46 52.79 52.92 52.77 52.36 51.70 50.83 49.82 48.75 47.66 46.54 45.41 44.29 43.18 42.10 41.05 40.06 39.13 38.27 37.50 36.83 36.28 35.89 35.68 35.67 35.86 36.22 36.72 37.31 38.00 38.79 39.70 40.74 41.94 43.28 44.75 46.35 48.05 49.86 51.77 53.76 55.82 57.95 60.13 62.35 64.61 66.86 68.91 70.64 72.03 73.03 73.66 74.06 74.31 74.39
35.57 36.18 36.80 37.45 38.20 39.02 39.91 40.86 41.85 42.87 43.91 44.95 45.98 46.99 47.95 48.88 49.73 50.52 51.21 51.80 52.31 52.73 53.06 53.27 53.27 52.99 52.44 51.65 50.71 49.70 48.64 47.55 46.43 45.30 44.18 43.06 41.97 40.92 39.91 38.97 38.10 37.32 36.63 36.05 35.60 35.31 35.23 35.34 35.64 36.08 36.62 37.25 37.99 38.87 39.90 41.08 42.39 43.83 45.38 47.04 48.79 50.63 52.55 54.53 56.57 58.66 60.78 62.93 65.10 67.23 69.14 70.70 71.87 72.65 73.19 73.55 73.74
35.82 36.45 37.13 37.89 38.74 39.66 40.64 41.66 42.71 43.79 44.87 45.94 46.99 48.01 48.98 49.89 50.72 51.48 52.13 52.67 53.08 53.39 53.58 53.66 53.53 53.11 52.42 51.56 50.61 49.61 48.56 47.46 46.35 45.22 44.09 42.97 41.87 40.81 39.79 38.84 37.95 37.15 36.45 35.85 35.37 35.02 34.86 34.89 35.13 35.51 35.98 36.55 37.26 38.13 39.14 40.29 41.57 42.97 44.47 46.08 47.77 49.53 51.37 53.27 55.21 57.20 59.21 61.24 63.28 65.32 67.31 69.05 70.40 71.35 72.04 72.53 72.84
36.02 36.72 37.50 38.37 39.32 40.32 41.38 42.47 43.58 44.69 45.81 46.90 47.96 48.98 49.95 50.84 51.65 52.36 52.96 53.44 53.79 53.98 54.04 53.97 53.68 53.11 52.35 51.49 50.56 49.56 48.51 47.42 46.30 45.17 44.04 42.91 41.81 40.74 39.71 38.74 37.84 37.03 36.30 35.68 35.18 34.81 34.58 34.54 34.70 35.01 35.41 35.96 36.66 37.51 38.50 39.61 40.85 42.20 43.65 45.19 46.81 48.50 50.25 52.05 53.89 55.77 57.67 59.57 61.48 63.39 65.27 67.08 68.61 69.74 70.60 71.24 71.69
36.21 37.02 37.91 38.88 39.92 41.00 42.12 43.27 44.42 45.58 46.71 47.82 48.89 49.91 50.85 51.72 52.49 53.16 53.70 54.11 54.38 54.48 54.42 54.19 53.74 53.09 52.33 51.48 50.56 49.56 48.52 47.43 46.32 45.18 44.05 42.92 41.80 40.72 39.69 38.71 37.79 36.96 36.21 35.57 35.05 34.65 34.40 34.30 34.38 34.62 34.99 35.52 36.20 37.03 37.99 39.07 40.26 41.55 42.94 44.41 45.95 47.55 49.21 50.91 52.65 54.41 56.18 57.96 59.73 61.48 63.21 64.91 66.51 67.83 68.86 69.68 70.30
36.39 37.30 38.30 39.36 40.48 41.64 42.82 44.01 45.21 46.39 47.55 48.67 49.74 50.74 51.66 52.49 53.22 53.83 54.31 54.65 54.83 54.84 54.66 54.30 53.78 53.13 52.38 51.54 50.62 49.64 48.60 47.51 46.40 45.27 44.12 42.99 41.87 40.78 39.73 38.74 37.81 36.96 36.20 35.54 34.99 34.57 34.29 34.16 34.16 34.34 34.70 35.22 35.88 36.68 37.60 38.63 39.77 41.00 42.32 43.72 45.17 46.69 48.25 49.84 51.47 53.10 54.75 56.39 58.02 59.62 61.19 62.72 64.20 65.60 66.83 67.84 68.65
35.98 37.03 38.15 39.32 40.54 41.78 43.04 44.31 45.56 46.79 47.99 49.14 50.22 51.23 52.15 52.96 53.67 54.24 54.67 54.95 55.06 54.99 54.74 54.33 53.81 53.18 52.45 51.62 50.71 49.74 48.70 47.63 46.51 45.38 44.24 43.10 41.98 40.89 39.83 38.83 37.89 37.03 36.25 35.57 35.01 34.57 34.26 34.03 33.64 33.52 33.87 34.39 35.05 35.84 36.74 37.75 38.85 40.04 41.31 42.65 44.05 45.49 46.97 48.48 50.01 51.54 53.08 54.60 56.10 57.58 59.01 60.39 61.74 63.13 64.51 65.72 66.72
34.62 35.77 37.04 38.37 39.72 41.10 42.48 43.85 45.21 46.52 47.80 49.01 50.15 51.20 52.16 53.00 53.71 54.29 54.72 54.98 55.06 54.96 54.70 54.30 53.79 53.18 52.46 51.66 50.77 49.81 48.79 47.72 46.62 45.50 44.36 43.23 42.11 41.02 39.96 38.95 38.01 37.14 36.35 35.66 35.08 34.63 34.24 33.61 32.60 31.89 31.97 32.50 33.20 34.01 34.94 35.96 37.07 38.27 39.53 40.85 42.22 43.63 45.07 46.53 48.01 49.48 50.95 52.39 53.81 55.19 56.52 57.82 59.16 60.57 61.98 63.33 64.51
32.64 33.63 35.04 36.55 38.09 39.63 41.17 42.70 44.19 45.64 47.03 48.35 49.58 50.72 51.75 52.66 53.43 54.05 54.51 54.80 54.90 54.83 54.60 54.23 53.73 53.13 52.43 51.65 50.78 49.85 48.85 47.80 46.71 45.60 44.48 43.36 42.25 41.16 40.11 39.10 38.16 37.29 36.50 35.81 35.22 34.70 33.94 32.73 31.14 29.84 29.36 29.65 30.40 31.28 32.27 33.35 34.51 35.74 37.03 38.38 39.77 41.19 42.63 44.09 45.55 47.00 48.44 49.85 51.22 52.55 53.84 55.16 56.53 57.95 59.37 60.76 62.07
30.29 30.99 32.27 33.94 35.70 37.46 39.20 40.91 42.58 44.20 45.75 47.22 48.59 49.86 51.00 52.02 52.88 53.59 54.13 54.48 54.65 54.64 54.46 54.12 53.63 53.04 52.36 51.60 50.76 49.85 48.88 47.85 46.79 45.70 44.60 43.49 42.40 41.32 40.28 39.29 38.35 37.48 36.70 36.01 35.36 34.49 33.20 31.46 29.34 27.51 26.46 26.23 26.77 27.73 28.82 29.99 31.24 32.55 33.92 35.33 36.78 38.25 39.74 41.23 42.72 44.19 45.64 47.05 48.43 49.76 51.10 52.47 53.87 55.30 56.72 58.12 59.47
27.66 28.09 29.11 30.68 32.63 34.64 36.62 38.56 40.46 42.28 44.03 45.69 47.24 48.67 49.98 51.14 52.14 52.98 53.63 54.08 54.35 54.41 54.29 53.96 53.49 52.92 52.26 51.52 50.71 49.83 48.89 47.89 46.86 45.79 44.72 43.63 42.56 41.50 40.48 39.50 38.57 37.72 36.94 36.20 35.24 33.88 32.08 29.86 27.28 24.97 23.42 22.66 22.69 23.48 24.69 26.00 27.38 28.81 30.29 31.81 33.36 34.92 36.49 38.06 39.61 41.15 42.65 44.11 45.53 46.94 48.35 49.77 51.20 52.63 54.06 55.46 56.82
