data_processed/recharge/precip/Precip_1993_03.asc
ncols        168
nrows        136
xllcorner    455000
yllcorner    2107000
cellsize     500
NODATA_value     -99999
[rows 0 to 36 of 136, columns 83 to 165 of 168]
2.04 2.27 2.51 2.75 2.99 3.24 3.48 3.71 3.95 4.17 4.39 4.59 4.79 4.97 5.13 5.27 5.40 5.51 5.61 5.69 5.74 5.78 5.82 5.85 5.87 5.90 5.92 5.94 5.96 5.97 5.98 5.99 6.00 6.01 6.01 6.02 6.02 6.02 6.02 6.02 6.02 6.01 6.01 6.03 6.06 6.10 6.13 6.11 6.05 5.95 5.82 5.64 5.43 5.20 4.94 4.65 4.34 4.02 3.68 3.33 2.97 2.60 2.23 1.86 1.50 1.14 0.79 0.45 0.11 0.00 0.00 0.00 0.00 0.20 0.59 1.05 1.57 2.14 2.74 3.38 4.04 4.71 5.38
2.34 2.58 2.82 3.06 3.30 3.53 3.77 4.00 4.22 4.43 4.63 4.82 4.99 5.15 5.29 5.41 5.51 5.59 5.64 5.68 5.70 5.73 5.75 5.76 5.78 5.80 5.81 5.82 5.83 5.84 5.85 5.86 5.87 5.88 5.88 5.89 5.90 5.90 5.91 5.92 5.92 5.93 5.94 5.95 5.98 5.99 5.97 5.91 5.81 5.68 5.52 5.34 5.13 4.91 4.66 4.40 4.13 3.86 3.57 3.28 3.00 2.71 2.44 2.17 1.91 1.67 1.45 1.25 1.07 0.92 0.89 1.02 1.25 1.56 1.94 2.39 2.89 3.44 4.02 4.63 5.25 5.88 6.51
2.66 2.90 3.14 3.38 3.61 3.84 4.07 4.29 4.49 4.69 4.87 5.04 5.20 5.33 5.44 5.54 5.61 5.65 5.67 5.68 5.68 5.69 5.69 5.70 5.70 5.70 5.71 5.71 5.71 5.72 5.72 5.72 5.73 5.74 5.74 5.75 5.76 5.77 5.78 5.79 5.81 5.83 5.85 5.87 5.88 5.85 5.79 5.70 5.58 5.44 5.28 5.10 4.91 4.71 4.50 4.28 4.06 3.84 3.63 3.42 3.22 3.03 2.86 2.71 2.58 2.47 2.39 2.34 2.33 2.34 2.39 2.53 2.76 3.07 3.45 3.89 4.38 4.91 5.47 6.05 6.64 7.23 7.82
3.01 3.24 3.48 3.71 3.94 4.16 4.37 4.58 4.77 4.95 5.11 5.26 5.39 5.50 5.58 5.64 5.68 5.69 5.69 5.69 5.67 5.66 5.65 5.64 5.63 5.62 5.61 5.60 5.60 5.59 5.59 5.59 5.59 5.59 5.60 5.61 5.62 5.63 5.65 5.67 5.69 5.72 5.75 5.79 5.82 5.79 5.70 5.58 5.46 5.31 5.16 5.00 4.83 4.66 4.49 4.33 4.17 4.03 3.89 3.77 3.67 3.60 3.54 3.52 3.52 3.56 3.63 3.74 3.89 4.03 4.17 4.33 4.56 4.86 5.23 5.66 6.13 6.64 7.17 7.72 8.28 8.83 9.37
3.38 3.61 3.84 4.06 4.28 4.49 4.69 4.87 5.05 5.20 5.34 5.47 5.57 5.65 5.70 5.73 5.73 5.73 5.72 5.70 5.67 5.64 5.61 5.59 5.56 5.54 5.52 5.50 5.49 5.47 5.47 5.46 5.46 5.46 5.46 5.47 5.48 5.50 5.52 5.54 5.57 5.61 5.65 5.72 5.79 5.80 5.72 5.60 5.47 5.33 5.20 5.06 4.93 4.80 4.69 4.58 4.50 4.43 4.39 4.37 4.37 4.41 4.48 4.59 4.74 4.93 5.17 5.44 5.72 5.97 6.21 6.43 6.67 6.97 7.33 7.74 8.19 8.67 9.17 9.69 10.20 10.71 11.20
3.76 3.99 4.21 4.42 4.62 4.82 5.00 5.16 5.32 5.45 5.56 5.66 5.73 5.77 5.79 5.79 5.78 5.76 5.74 5.71 5.67 5.63 5.59 5.54 5.50 5.47 5.44 5.41 5.38 5.36 5.35 5.34 5.33 5.33 5.33 5.34 5.35 5.37 5.39 5.42 5.46 5.51 5.57 5.67 5.79 5.85 5.84 5.75 5.62 5.50 5.39 5.29 5.20 5.12 5.07 5.04 5.03 5.05 5.10 5.19 5.31 5.48 5.68 5.93 6.24 6.59 6.98 7.38 7.77 8.13 8.47 8.78 9.07 9.37 9.71 10.10 10.52 10.97 11.44 11.91 12.38 12.84 13.28
4.16 4.37 4.58 4.78 4.97 5.14 5.30 5.45 5.57 5.68 5.77 5.83 5.87 5.88 5.86 5.84 5.82 5.79 5.76 5.72 5.68 5.63 5.57 5.51 5.46 5.41 5.36 5.33 5.29 5.26 5.24 5.22 5.21 5.21 5.21 5.21 5.23 5.25 5.28 5.31 5.36 5.42 5.52 5.65 5.80 5.92 5.99 5.98 5.91 5.82 5.74 5.68 5.64 5.62 5.64 5.69 5.77 5.89 6.04 6.25 6.49 6.79 7.14 7.54 8.01 8.52 9.04 9.54 10.03 10.49 10.93 11.33 11.70 12.03 12.36 12.72 13.11 13.53 13.95 14.38 14.80 15.21 15.58
4.57 4.77 4.96 5.14 5.31 5.46 5.60 5.71 5.81 5.89 5.94 5.97 5.97 5.95 5.92 5.89 5.86 5.82 5.78 5.73 5.68 5.62 5.56 5.50 5.43 5.36 5.31 5.25 5.21 5.17 5.14 5.12 5.10 5.09 5.09 5.10 5.11 5.14 5.17 5.21 5.27 5.36 5.48 5.64 5.84 6.02 6.17 6.26 6.30 6.27 6.23 6.22 6.25 6.30 6.40 6.53 6.71 6.93 7.20 7.53 7.91 8.35 8.85 9.42 10.04 10.67 11.29 11.89 12.47 13.04 13.57 14.06 14.49 14.89 15.24 15.58 15.94 16.31 16.69 17.07 17.43 17.78 18.09
4.97 5.16 5.33 5.49 5.63 5.76 5.87 5.96 6.03 6.07 6.09 6.08 6.05 6.01 5.98 5.94 5.90 5.85 5.80 5.75 5.69 5.62 5.56 5.48 5.41 5.33 5.26 5.20 5.14 5.10 5.06 5.03 5.01 4.99 4.99 5.00 5.01 5.03 5.07 5.12 5.20 5.31 5.47 5.66 5.90 6.14 6.37 6.57 6.72 6.83 6.88 6.93 7.02 7.15 7.33 7.57 7.85 8.19 8.58 9.04 9.56 10.16 10.82 11.54 12.27 13.00 13.71 14.41 15.09 15.75 16.37 16.94 17.45 17.90 18.30 18.65 18.97 19.30 19.63 19.95 20.25 20.53 20.78
5.37 5.54 5.69 5.83 5.95 6.05 6.13 6.19 6.22 6.23 6.21 6.17 6.12 6.07 6.03 5.98 5.94 5.89 5.83 5.76 5.69 5.62 5.55 5.48 5.40 5.31 5.23 5.16 5.09 5.04 4.99 4.95 4.93 4.91 4.90 4.91 4.92 4.95 4.99 5.06 5.16 5.29 5.47 5.71 5.99 6.29 6.60 6.90 7.18 7.43 7.63 7.79 7.96 8.18 8.46 8.79 9.19 9.65 10.18 10.78 11.45 12.20 13.02 13.85 14.68 15.50 16.30 17.09 17.86 18.61 19.32 19.96 20.54 21.04 21.49 21.87 22.19 22.47 22.74 23.01 23.25 23.46 23.62
5.76 5.91 6.04 6.15 6.24 6.31 6.36 6.38 6.38 6.35 6.29 6.23 6.18 6.13 6.08 6.03 5.98 5.92 5.85 5.78 5.70 5.63 5.55 5.47 5.39 5.31 5.22 5.13 5.06 4.99 4.94 4.89 4.86 4.84 4.83 4.83 4.84 4.87 4.93 5.01 5.13 5.29 5.51 5.78 6.11 6.47 6.86 7.27 7.67 8.06 8.43 8.76 9.06 9.37 9.76 10.20 10.72 11.32 11.99 12.74 13.57 14.47 15.40 16.32 17.23 18.14 19.03 19.90 20.76 21.60 22.40 23.11 23.74 24.30 24.78 25.19 25.53 25.80 26.02 26.21 26.38 26.52 26.61
6.13 6.26 6.36 6.44 6.50 6.54 6.55 6.54 6.49 6.43 6.36 6.30 6.24 6.18 6.13 6.07 6.01 5.95 5.87 5.79 5.71 5.63 5.55 5.47 5.39 5.30 5.22 5.13 5.04 4.97 4.90 4.85 4.81 4.79 4.77 4.77 4.79 4.82 4.88 4.98 5.12 5.32 5.56 5.87 6.25 6.68 7.16 7.67 8.19 8.73 9.26 9.78 10.27 10.74 11.23 11.80 12.45 13.18 14.00 14.91 15.90 16.91 17.92 18.92 19.92 20.90 21.88 22.84 23.78 24.71 25.58 26.36 27.05 27.65 28.17 28.61 28.96 29.23 29.42 29.55 29.65 29.70 29.71
6.47 6.58 6.66 6.71 6.73 6.73 6.71 6.65 6.57 6.49 6.42 6.36 6.30 6.24 6.18 6.12 6.05 5.98 5.90 5.81 5.72 5.64 5.56 5.47 5.39 5.31 5.22 5.13 5.05 4.96 4.89 4.83 4.78 4.75 4.73 4.73 4.74 4.79 4.86 4.98 5.14 5.36 5.65 5.99 6.42 6.92 7.48 8.10 8.75 9.44 10.14 10.84 11.54 12.22 12.88 13.58 14.37 15.25 16.23 17.29 18.38 19.47 20.56 21.64 22.71 23.78 24.83 25.87 26.89 27.90 28.84 29.69 30.43 31.08 31.63 32.09 32.45 32.72 32.90 32.99 33.01 32.98 32.90
6.79 6.87 6.92 6.94 6.93 6.89 6.82 6.73 6.64 6.56 6.48 6.41 6.35 6.29 6.22 6.16 6.09 6.01 5.92 5.83 5.74 5.65 5.57 5.48 5.40 5.31 5.23 5.15 5.06 4.98 4.90 4.83 4.78 4.74 4.71 4.70 4.72 4.77 4.86 5.00 5.19 5.44 5.76 6.15 6.62 7.19 7.84 8.56 9.35 10.18 11.05 11.94 12.85 13.76 14.65 15.54 16.48 17.52 18.65 19.81 20.97 22.14 23.30 24.45 25.60 26.74 27.87 28.98 30.08 31.17 32.18 33.09 33.88 34.57 35.15 35.62 35.99 36.26 36.42 36.48 36.45 36.34 36.16
7.07 7.13 7.15 7.13 7.08 7.00 6.89 6.79 6.70 6.61 6.54 6.47 6.40 6.34 6.27 6.20 6.12 6.04 5.95 5.85 5.76 5.67 5.58 5.49 5.41 5.33 5.25 5.17 5.09 5.01 4.93 4.86 4.79 4.74 4.71 4.70 4.72 4.78 4.88 5.04 5.26 5.54 5.89 6.33 6.85 7.49 8.23 9.06 9.98 10.96 12.00 13.08 14.20 15.34 16.49 17.63 18.77 19.97 21.19 22.43 23.66 24.89 26.12 27.34 28.56 29.77 30.97 32.16 33.33 34.49 35.57 36.53 37.37 38.10 38.70 39.19 39.56 39.81 39.96 39.99 39.92 39.74 39.46
7.33 7.36 7.35 7.29 7.19 7.07 6.95 6.84 6.75 6.67 6.59 6.52 6.45 6.38 6.31 6.24 6.16 6.07 5.98 5.88 5.78 5.69 5.60 5.51 5.43 5.35 5.27 5.19 5.12 5.05 4.98 4.90 4.82 4.76 4.72 4.71 4.74 4.81 4.93 5.11 5.35 5.67 6.06 6.54 7.12 7.83 8.66 9.60 10.65 11.78 12.99 14.27 15.60 16.97 18.37 19.78 21.19 22.52 23.82 25.11 26.41 27.71 29.00 30.29 31.58 32.85 34.12 35.38 36.62 37.84 38.99 40.01 40.89 41.64 42.27 42.76 43.13 43.38 43.50 43.50 43.38 43.14 42.65
7.55 7.55 7.50 7.40 7.26 7.12 7.00 6.89 6.80 6.72 6.64 6.57 6.50 6.43 6.36 6.28 6.20 6.11 6.01 5.90 5.80 5.71 5.62 5.53 5.45 5.37 5.30 5.23 5.16 5.09 5.02 4.95 4.87 4.80 4.75 4.74 4.78 4.86 5.00 5.20 5.48 5.83 6.26 6.78 7.42 8.20 9.12 10.18 11.35 12.64 14.02 15.49 17.04 18.64 20.29 21.97 23.58 25.09 26.50 27.86 29.21 30.57 31.93 33.28 34.63 35.97 37.30 38.62 39.93 41.22 42.43 43.49 44.42 45.20 45.84 46.34 46.70 46.93 47.03 46.99 46.81 46.37 45.53
7.73 7.70 7.61 7.47 7.32 7.18 7.05 6.94 6.85 6.76 6.69 6.62 6.55 6.48 6.40 6.32 6.24 6.15 6.04 5.93 5.83 5.73 5.64 5.56 5.48 5.41 5.34 5.27 5.21 5.14 5.07 4.99 4.92 4.85 4.81 4.80 4.84 4.94 5.10 5.33 5.63 6.01 6.49 7.06 7.75 8.60 9.62 10.79 12.10 13.54 15.10 16.76 18.52 20.36 22.25 24.11 25.90 27.59 29.17 30.64 32.05 33.47 34.88 36.29 37.70 39.10 40.49 41.87 43.24 44.59 45.86 46.97 47.93 48.73 49.38 49.89 50.24 50.45 50.52 50.43 50.05 49.24 48.05
7.88 7.81 7.68 7.54 7.39 7.25 7.12 7.00 6.90 6.81 6.73 6.66 6.59 6.52 6.45 6.37 6.28 6.18 6.08 5.97 5.86 5.77 5.68 5.59 5.52 5.45 5.38 5.32 5.26 5.19 5.11 5.03 4.96 4.91 4.88 4.88 4.93 5.04 5.22 5.48 5.81 6.23 6.75 7.37 8.12 9.05 10.16 11.44 12.89 14.49 16.22 18.08 20.05 22.11 24.17 26.18 28.12 29.98 31.74 33.38 34.90 36.37 37.84 39.31 40.77 42.23 43.68 45.11 46.54 47.95 49.27 50.42 51.41 52.23 52.89 53.40 53.74 53.92 53.94 53.65 52.89 51.71 50.19
7.99 7.88 7.75 7.61 7.47 7.33 7.19 7.07 6.95 6.86 6.78 6.71 6.64 6.57 6.49 6.41 6.32 6.22 6.11 6.00 5.90 5.80 5.71 5.63 5.56 5.49 5.43 5.37 5.30 5.22 5.14 5.07 5.01 4.97 4.96 4.98 5.04 5.17 5.37 5.66 6.02 6.49 7.05 7.72 8.52 9.53 10.73 12.14 13.72 15.47 17.38 19.44 21.61 23.82 26.00 28.15 30.23 32.25 34.18 36.00 37.69 39.27 40.79 42.31 43.82 45.33 46.83 48.32 49.80 51.27 52.63 53.82 54.84 55.68 56.35 56.84 57.17 57.32 57.13 56.44 55.29 53.76 51.94
8.06 7.96 7.83 7.70 7.56 7.42 7.29 7.15 7.03 6.92 6.83 6.75 6.68 6.61 6.54 6.46 6.37 6.27 6.16 6.04 5.94 5.84 5.76 5.68 5.61 5.55 5.48 5.41 5.33 5.24 5.17 5.10 5.05 5.03 5.04 5.09 5.18 5.33 5.56 5.87 6.27 6.77 7.38 8.10 8.97 10.05 11.35 12.87 14.59 16.51 18.60 20.83 23.13 25.44 27.73 30.00 32.22 34.38 36.47 38.46 40.33 42.08 43.71 45.28 46.84 48.39 49.94 51.49 53.02 54.53 55.94 57.16 58.20 59.05 59.72 60.21 60.50 60.44 59.84 58.74 57.22 55.37 53.30
8.14 8.04 7.93 7.81 7.68 7.54 7.40 7.26 7.13 7.00 6.90 6.80 6.73 6.66 6.59 6.50 6.42 6.31 6.20 6.09 5.98 5.89 5.80 5.73 5.66 5.60 5.52 5.43 5.34 5.26 5.18 5.13 5.10 5.09 5.13 5.20 5.33 5.51 5.77 6.11 6.55 7.09 7.75 8.52 9.45 10.61 12.01 13.65 15.51 17.58 19.83 22.17 24.55 26.95 29.34 31.72 34.07 36.36 38.59 40.74 42.79 44.72 46.52 48.19 49.80 51.40 52.99 54.58 56.16 57.71 59.17 60.42 61.48 62.34 63.01 63.47 63.55 63.05 62.02 60.53 58.68 56.55 54.24
8.23 8.15 8.05 7.94 7.81 7.67 7.53 7.39 7.25 7.11 6.99 6.88 6.78 6.71 6.63 6.55 6.46 6.36 6.25 6.13 6.03 5.94 5.86 5.79 5.71 5.63 5.54 5.44 5.35 5.26 5.19 5.15 5.13 5.15 5.21 5.32 5.49 5.71 6.01 6.38 6.86 7.45 8.15 8.98 9.97 11.21 12.71 14.47 16.48 18.69 21.02 23.42 25.86 28.33 30.82 33.30 35.76 38.18 40.54 42.84 45.04 47.15 49.13 50.97 52.68 54.32 55.96 57.59 59.21 60.81 62.29 63.58 64.65 65.52 66.16 66.41 66.04 65.09 63.66 61.81 59.66 57.28 54.77
8.35 8.28 8.20 8.09 7.97 7.83 7.69 7.54 7.39 7.25 7.11 6.98 6.86 6.76 6.68 6.60 6.52 6.42 6.30 6.19 6.09 6.00 5.92 5.84 5.75 5.64 5.54 5.43 5.33 5.25 5.19 5.16 5.16 5.21 5.30 5.44 5.65 5.92 6.27 6.69 7.21 7.84 8.59 9.48 10.53 11.85 13.46 15.34 17.46 19.74 22.11 24.55 27.04 29.58 32.14 34.71 37.27 39.81 42.30 44.73 47.08 49.35 51.50 53.52 55.40 57.15 58.82 60.49 62.15 63.79 65.31 66.61 67.70 68.55 68.98 68.76 67.92 66.55 64.74 62.58 60.15 57.55 54.86
8.49 8.44 8.37 8.27 8.15 8.02 7.88 7.73 7.57 7.41 7.26 7.11 6.97 6.85 6.75 6.66 6.57 6.47 6.36 6.25 6.14 6.06 5.97 5.87 5.75 5.63 5.52 5.41 5.31 5.23 5.18 5.17 5.19 5.26 5.39 5.57 5.82 6.13 6.53 7.02 7.59 8.27 9.08 10.02 11.13 12.54 14.25 16.23 18.40 20.68 23.07 25.54 28.08 30.68 33.31 35.96 38.61 41.24 43.85 46.40 48.89 51.30 53.61 55.81 57.88 59.79 61.56 63.27 64.96 66.64 68.19 69.51 70.59 71.22 71.17 70.46 69.17 67.41 65.26 62.81 60.14 57.35 54.52
8.66 8.63 8.57 8.48 8.37 8.24 8.10 7.94 7.78 7.61 7.45 7.28 7.12 6.98 6.84 6.73 6.63 6.53 6.42 6.31 6.21 6.11 6.00 5.87 5.74 5.60 5.48 5.36 5.27 5.20 5.17 5.17 5.22 5.31 5.47 5.69 5.99 6.36 6.81 7.35 7.99 8.74 9.60 10.60 11.78 13.27 15.06 17.07 19.22 21.50 23.90 26.39 28.97 31.61 34.29 37.01 39.74 42.46 45.17 47.84 50.46 53.00 55.46 57.82 60.06 62.16 64.11 65.90 67.63 69.34 70.91 72.24 73.09 73.22 72.66 71.49 69.79 67.67 65.21 62.49 59.62 56.67 53.73
8.87 8.86 8.81 8.73 8.63 8.50 8.36 8.20 8.03 7.85 7.67 7.49 7.31 7.14 6.98 6.83 6.71 6.60 6.49 6.37 6.26 6.14 5.99 5.85 5.70 5.55 5.42 5.30 5.21 5.16 5.14 5.16 5.23 5.36 5.56 5.82 6.16 6.58 7.09 7.70 8.41 9.23 10.16 11.22 12.47 14.02 15.82 17.78 19.91 22.18 24.58 27.08 29.68 32.35 35.08 37.85 40.65 43.46 46.26 49.03 51.76 54.43 57.03 59.54 61.94 64.21 66.34 68.31 70.13 71.87 73.45 74.55 74.88 74.49 73.44 71.84 69.77 67.32 64.57 61.63 58.57 55.49 52.48
9.11 9.12 9.08 9.02 8.92 8.80 8.66 8.49 8.32 8.13 7.93 7.74 7.54 7.34 7.16 6.98 6.82 6.68 6.56 6.43 6.29 6.13 5.96 5.79 5.63 5.48 5.34 5.23 5.14 5.10 5.09 5.14 5.24 5.41 5.64 5.95 6.34 6.81 7.38 8.06 8.84 9.73 10.74 11.88 13.19 14.71 16.45 18.37 20.46 22.71 25.09 27.60 30.20 32.90 35.66 38.48 41.34 44.21 47.09 49.95 52.79 55.58 58.30 60.95 63.50 65.93 68.23 70.39 72.39 74.20 75.56 76.12 75.91 75.01 73.52 71.52 69.09 66.34 63.35 60.21 57.01 53.83 50.77
9.37 9.39 9.37 9.32 9.23 9.11 8.97 8.81 8.63 8.43 8.23 8.01 7.80 7.58 7.37 7.16 6.97 6.79 6.63 6.46 6.28 6.09 5.90 5.71 5.53 5.37 5.23 5.12 5.04 5.01 5.03 5.09 5.23 5.42 5.70 6.05 6.49 7.02 7.65 8.39 9.24 10.21 11.31 12.53 13.86 15.32 16.99 18.85 20.89 23.10 25.46 27.95 30.55 33.26 36.04 38.89 41.79 44.72 47.67 50.61 53.54 56.43 59.26 62.03 64.72 67.30 69.77 72.10 74.27 76.22 77.30 77.31 76.57 75.20 73.28 70.90 68.15 65.13 61.91 58.60 55.27 52.02 48.93
9.58 9.63 9.63 9.59 9.52 9.41 9.27 9.11 8.93 8.73 8.51 8.29 8.06 7.82 7.59 7.36 7.14 6.92 6.69 6.46 6.24 6.02 5.80 5.59 5.40 5.22 5.08 4.97 4.90 4.87 4.91 5.00 5.15 5.38 5.69 6.09 6.57 7.16 7.85 8.65 9.57 10.62 11.79 13.07 14.44 15.90 17.50 19.28 21.26 23.41 25.73 28.19 30.77 33.47 36.26 39.12 42.05 45.02 48.01 51.02 54.02 56.99 59.93 62.81 65.61 68.33 70.93 73.42 75.75 77.86 79.02 78.75 77.52 75.68 73.35 70.62 67.56 64.27 60.85 57.37 53.94 50.63 47.53
9.76 9.83 9.85 9.83 9.77 9.68 9.55 9.39 9.21 9.01 8.79 8.56 8.31 8.06 7.81 7.56 7.30 7.03 6.75 6.46 6.18 5.92 5.67 5.44 5.23 5.04 4.89 4.77 4.71 4.69 4.74 4.85 5.03 5.29 5.63 6.07 6.60 7.23 7.98 8.85 9.83 10.94 12.16 13.48 14.90 16.40 17.98 19.69 21.59 23.67 25.93 28.34 30.88 33.56 36.33 39.20 42.13 45.12 48.15 51.20 54.26 57.30 60.31 63.28 66.19 69.02 71.75 74.37 76.83 79.08 80.40 80.24 78.78 76.51 73.79 70.70 67.35 63.81 60.19 56.57 53.04 49.68 46.59
9.89 9.99 10.03 10.04 10.00 9.91 9.80 9.65 9.47 9.27 9.05 8.81 8.56 8.30 8.03 7.75 7.45 7.13 6.80 6.47 6.13 5.81 5.52 5.26 5.03 4.83 4.66 4.55 4.48 4.47 4.52 4.65 4.85 5.14 5.52 5.99 6.56 7.25 8.05 8.97 10.02 11.17 12.43 13.78 15.23 16.77 18.39 20.09 21.90 23.89 26.07 28.42 30.91 33.54 36.29 39.13 42.06 45.05 48.10 51.18 54.27 57.36 60.44 63.48 66.48 69.40 72.24 74.96 77.54 79.91 81.38 81.40 80.08 77.63 74.53 71.11 67.47 63.71 59.90 56.15 52.53 49.14 46.07
9.97 10.10 10.17 10.20 10.18 10.12 10.02 9.88 9.72 9.52 9.30 9.06 8.80 8.53 8.24 7.93 7.58 7.22 6.85 6.46 6.08 5.71 5.37 5.07 4.81 4.59 4.42 4.29 4.22 4.21 4.28 4.42 4.64 4.95 5.36 5.86 6.48 7.21 8.06 9.04 10.12 11.31 12.59 13.98 15.46 17.03 18.68 20.40 22.20 24.11 26.19 28.45 30.88 33.45 36.14 38.95 41.85 44.84 47.88 50.97 54.08 57.21 60.33 63.43 66.49 69.49 72.41 75.22 77.90 80.38 81.99 82.18 81.05 78.77 75.53 71.81 67.90 63.91 59.93 56.06 52.37 48.96 45.92
9.99 10.16 10.27 10.33 10.33 10.29 10.21 10.09 9.93 9.75 9.53 9.29 9.03 8.75 8.43 8.08 7.70 7.30 6.89 6.46 6.03 5.61 5.22 4.87 4.58 4.34 4.15 4.01 3.94 3.93 4.00 4.15 4.39 4.72 5.15 5.69 6.35 7.12 8.02 9.02 10.14 11.35 12.66 14.07 15.58 17.17 18.85 20.60 22.42 24.31 26.30 28.46 30.80 33.29 35.92 38.67 41.54 44.49 47.51 50.59 53.71 56.86 60.01 63.14 66.25 69.31 72.29 75.18 77.94 80.52 82.25 82.59 81.65 79.59 76.54 72.73 68.57 64.38 60.25 56.26 52.52 49.10 46.10
9.97 10.17 10.32 10.41 10.44 10.43 10.37 10.27 10.12 9.95 9.74 9.51 9.24 8.93 8.59 8.21 7.80 7.37 6.92 6.46 5.99 5.52 5.09 4.69 4.35 4.07 3.86 3.71 3.63 3.63 3.70 3.86 4.11 4.46 4.92 5.49 6.18 6.99 7.91 8.94 10.07 11.30 12.64 14.07 15.60 17.22 18.92 20.69 22.53 24.43 26.40 28.46 30.69 33.09 35.64 38.32 41.13 44.03 47.02 50.07 53.18 56.32 59.48 62.64 65.78 68.88 71.91 74.86 77.69 80.35 82.18 82.66 81.90 80.05 77.25 73.64 69.45 65.07 60.79 56.72 52.93 49.52 46.58
9.89 10.14 10.32 10.44 10.51 10.52 10.49 10.41 10.29 10.13 9.93 9.69 9.41 9.08 8.72 8.32 7.88 7.43 6.95 6.45 5.94 5.44 4.96 4.52 4.14 3.81 3.57 3.41 3.32 3.31 3.38 3.54 3.81 4.18 4.66 5.25 5.97 6.80 7.74 8.78 9.93 11.18 12.53 13.98 15.53 17.16 18.88 20.67 22.53 24.45 26.43 28.46 30.58 32.87 35.32 37.92 40.64 43.48 46.42 49.43 52.51 55.63 58.78 61.95 65.11 68.23 71.30 74.29 77.18 79.90 81.83 82.43 81.83 80.17 77.60 74.26 70.30 65.93 61.54 57.38 53.56 50.17 47.30
9.80 10.05 10.27 10.43 10.53 10.58 10.57 10.52 10.42 10.27 10.08 9.84 9.55 9.20 8.82 8.40 7.95 7.47 6.96 6.44 5.90 5.37 4.85 4.37 3.94 3.58 3.29 3.10 3.00 2.98 3.05 3.22 3.49 3.87 4.37 4.99 5.73 6.57 7.51 8.57 9.72 10.99 12.35 13.81 15.37 17.02 18.75 20.55 22.42 24.35 26.34 28.38 30.47 32.65 34.98 37.47 40.11 42.86 45.73 48.68 51.71 54.80 57.94 61.09 64.25 67.38 70.47 73.49 76.43 79.20 81.20 81.92 81.46 79.98 77.63 74.54 70.87 66.76 62.42 58.20 54.36 51.01 48.22
