data_processed/recharge/precip/Precip_2013_05.asc
ncols        168
nrows        136
xllcorner    455000
yllcorner    2107000
cellsize     500
NODATA_value     -99999
[rows 33 to 65 of 136, columns 0 to 73 of 168]
81.36 82.62 83.91 85.21 86.51 87.81 89.09 90.35 91.58 92.77 93.91 94.99 96.01 96.95 97.81 98.58 99.24 99.80 100.23 100.54 100.71 100.74 100.61 100.33 99.92 99.37 98.61 97.64 96.49 95.18 93.75 92.20 90.56 88.87 87.14 85.40 83.66 81.97 80.33 78.78 77.33 76.02 74.86 73.89 73.11 72.57 72.25 72.11 72.11 72.11 72.07 71.96 71.78 71.55 71.28 70.98 70.68 70.39 70.12 69.90 69.74 69.65 69.66 69.77 70.01 70.38 70.92 71.63 72.52 73.63 74.95 76.50 78.19 79.95
80.25 81.48 82.75 84.03 85.32 86.61 87.89 89.16 90.39 91.59 92.74 93.84 94.88 95.85 96.74 97.54 98.24 98.84 99.33 99.69 99.91 99.98 99.89 99.67 99.32 98.86 98.27 97.47 96.49 95.33 94.02 92.60 91.07 89.47 87.82 86.15 84.47 82.82 81.21 79.67 78.23 76.90 75.72 74.70 73.88 73.24 72.75 72.39 72.17 71.96 71.72 71.46 71.15 70.81 70.45 70.08 69.71 69.38 69.08 68.85 68.69 68.62 68.66 68.82 69.12 69.58 70.21 71.02 72.05 73.29 74.76 76.37 78.04 79.76
79.03 80.20 81.45 82.73 84.01 85.30 86.58 87.85 89.10 90.31 91.48 92.61 93.67 94.67 95.60 96.44 97.19 97.83 98.37 98.77 99.04 99.15 99.11 98.93 98.63 98.24 97.74 97.12 96.31 95.31 94.16 92.87 91.47 89.98 88.43 86.84 85.23 83.64 82.07 80.56 79.14 77.82 76.62 75.58 74.70 73.92 73.26 72.71 72.28 71.88 71.46 71.04 70.62 70.18 69.74 69.30 68.90 68.53 68.22 67.98 67.84 67.80 67.89 68.11 68.49 69.04 69.78 70.72 71.89 73.27 74.80 76.38 78.01 79.71
77.75 78.84 80.05 81.31 82.59 83.89 85.18 86.46 87.72 88.95 90.15 91.31 92.41 93.44 94.41 95.30 96.09 96.79 97.37 97.81 98.11 98.26 98.26 98.12 97.88 97.53 97.09 96.57 95.93 95.12 94.13 93.00 91.74 90.38 88.94 87.45 85.94 84.41 82.91 81.45 80.05 78.75 77.57 76.50 75.51 74.60 73.78 73.06 72.45 71.88 71.31 70.74 70.20 69.67 69.16 68.68 68.24 67.86 67.54 67.32 67.21 67.21 67.36 67.66 68.13 68.79 69.65 70.73 72.04 73.48 74.97 76.51 78.11 79.77
76.45 77.45 78.58 79.81 81.10 82.40 83.70 85.00 86.29 87.55 88.78 89.96 91.10 92.18 93.20 94.13 94.98 95.72 96.33 96.80 97.13 97.31 97.35 97.25 97.05 96.75 96.37 95.91 95.37 94.73 93.93 92.97 91.87 90.65 89.35 87.97 86.56 85.13 83.70 82.30 80.96 79.70 78.51 77.38 76.29 75.26 74.30 73.44 72.67 71.94 71.24 70.56 69.91 69.30 68.74 68.22 67.76 67.37 67.07 66.88 66.80 66.87 67.09 67.48 68.06 68.84 69.84 71.06 72.41 73.81 75.26 76.76 78.32 79.95
75.13 76.06 77.11 78.28 79.55 80.86 82.19 83.51 84.82 86.11 87.38 88.60 89.79 90.92 91.98 92.97 93.86 94.63 95.25 95.75 96.10 96.31 96.38 96.32 96.16 95.91 95.58 95.17 94.70 94.16 93.54 92.76 91.83 90.78 89.62 88.38 87.09 85.76 84.43 83.11 81.84 80.60 79.39 78.19 77.02 75.89 74.82 73.84 72.93 72.08 71.26 70.48 69.75 69.08 68.47 67.93 67.46 67.09 66.81 66.66 66.64 66.78 67.09 67.58 68.28 69.20 70.33 71.60 72.91 74.26 75.66 77.11 78.64 80.24
73.80 74.66 75.66 76.77 78.00 79.30 80.65 82.00 83.34 84.67 85.98 87.25 88.48 89.67 90.79 91.82 92.72 93.50 94.15 94.66 95.04 95.28 95.37 95.34 95.22 95.01 94.72 94.36 93.95 93.48 92.96 92.36 91.62 90.75 89.75 88.66 87.50 86.30 85.08 83.86 82.65 81.42 80.18 78.93 77.70 76.50 75.34 74.25 73.23 72.27 71.36 70.51 69.72 69.01 68.38 67.83 67.37 67.01 66.78 66.68 66.74 66.96 67.37 67.99 68.82 69.86 71.04 72.26 73.51 74.81 76.17 77.58 79.07 80.63
72.48 73.28 74.23 75.30 76.48 77.76 79.11 80.50 81.88 83.25 84.60 85.93 87.22 88.46 89.61 90.65 91.56 92.35 93.02 93.55 93.94 94.20 94.32 94.32 94.22 94.05 93.81 93.50 93.13 92.72 92.26 91.78 91.22 90.54 89.72 88.80 87.80 86.73 85.64 84.51 83.34 82.12 80.87 79.60 78.33 77.08 75.86 74.68 73.57 72.52 71.54 70.64 69.82 69.08 68.45 67.91 67.48 67.17 66.99 66.96 67.10 67.43 67.95 68.70 69.66 70.74 71.87 73.02 74.22 75.47 76.78 78.15 79.59 81.12
71.16 71.92 72.83 73.87 75.03 76.29 77.63 79.03 80.45 81.87 83.28 84.66 86.01 87.28 88.43 89.48 90.40 91.19 91.87 92.41 92.82 93.10 93.24 93.26 93.19 93.05 92.84 92.58 92.26 91.90 91.50 91.08 90.63 90.13 89.52 88.78 87.94 87.04 86.07 85.02 83.89 82.70 81.46 80.19 78.91 77.62 76.36 75.12 73.94 72.83 71.80 70.87 70.03 69.30 68.68 68.18 67.80 67.56 67.45 67.51 67.75 68.18 68.84 69.71 70.71 71.74 72.79 73.89 75.03 76.23 77.48 78.81 80.22 81.71
69.87 70.60 71.48 72.50 73.65 74.89 76.23 77.63 79.09 80.56 82.03 83.47 84.84 86.11 87.26 88.30 89.23 90.03 90.70 91.26 91.68 91.97 92.12 92.16 92.12 92.01 91.84 91.61 91.34 91.03 90.68 90.32 89.94 89.55 89.12 88.58 87.93 87.18 86.33 85.36 84.29 83.15 81.95 80.70 79.42 78.13 76.84 75.57 74.33 73.18 72.13 71.19 70.36 69.65 69.07 68.63 68.32 68.17 68.17 68.33 68.68 69.25 70.03 70.93 71.87 72.83 73.82 74.85 75.93 77.08 78.28 79.57 80.93 82.39
68.62 69.32 70.19 71.20 72.34 73.59 74.93 76.35 77.83 79.34 80.86 82.33 83.70 84.95 86.10 87.14 88.06 88.86 89.54 90.09 90.52 90.82 90.99 91.04 91.02 90.94 90.79 90.60 90.37 90.10 89.81 89.50 89.18 88.86 88.54 88.19 87.73 87.13 86.39 85.52 84.54 83.48 82.33 81.13 79.87 78.59 77.30 76.01 74.75 73.58 72.52 71.59 70.79 70.13 69.62 69.25 69.04 69.00 69.13 69.43 69.92 70.62 71.43 72.26 73.12 74.00 74.93 75.90 76.92 78.01 79.17 80.41 81.73 83.15
67.41 68.11 68.97 69.98 71.13 72.39 73.75 75.19 76.70 78.24 79.78 81.23 82.58 83.82 84.96 85.99 86.90 87.69 88.37 88.93 89.36 89.66 89.84 89.90 89.90 89.83 89.72 89.56 89.36 89.13 88.89 88.63 88.36 88.10 87.85 87.61 87.30 86.85 86.25 85.51 84.64 83.67 82.60 81.46 80.26 79.01 77.74 76.46 75.19 74.02 72.98 72.09 71.34 70.74 70.31 70.05 69.96 70.04 70.32 70.79 71.45 72.18 72.92 73.68 74.46 75.27 76.13 77.03 78.00 79.03 80.14 81.33 82.61 83.99
66.26 66.96 67.83 68.86 70.02 71.30 72.69 74.17 75.71 77.25 78.74 80.16 81.49 82.72 83.84 84.85 85.75 86.54 87.21 87.77 88.20 88.50 88.68 88.75 88.76 88.71 88.62 88.48 88.32 88.13 87.92 87.71 87.50 87.29 87.10 86.89 86.65 86.35 85.91 85.31 84.57 83.72 82.75 81.70 80.57 79.38 78.15 76.89 75.64 74.49 73.50 72.66 71.98 71.48 71.15 71.01 71.06 71.30 71.75 72.39 73.12 73.82 74.50 75.17 75.88 76.62 77.40 78.25 79.15 80.13 81.18 82.33 83.57 84.91
65.17 65.89 66.78 67.83 69.02 70.34 71.77 73.29 74.82 76.32 77.77 79.14 80.44 81.65 82.75 83.74 84.63 85.41 86.07 86.61 87.04 87.34 87.52 87.60 87.61 87.57 87.50 87.38 87.25 87.09 86.93 86.76 86.59 86.43 86.26 86.08 85.87 85.65 85.36 84.93 84.34 83.62 82.78 81.83 80.80 79.69 78.52 77.31 76.10 75.00 74.07 73.31 72.73 72.33 72.13 72.14 72.34 72.77 73.39 74.11 74.81 75.48 76.13 76.75 77.37 78.04 78.76 79.53 80.38 81.30 82.30 83.40 84.59 85.90
64.17 64.91 65.83 66.91 68.15 69.51 70.99 72.50 74.00 75.45 76.85 78.18 79.44 80.62 81.69 82.67 83.54 84.30 84.94 85.48 85.89 86.19 86.36 86.44 86.45 86.43 86.36 86.27 86.16 86.03 85.90 85.77 85.64 85.51 85.36 85.20 85.02 84.83 84.62 84.35 83.95 83.38 82.69 81.87 80.95 79.94 78.86 77.72 76.57 75.53 74.68 74.02 73.56 73.30 73.25 73.42 73.81 74.42 75.12 75.82 76.49 77.14 77.76 78.36 78.94 79.53 80.18 80.89 81.67 82.53 83.49 84.53 85.68 86.95
63.25 64.03 64.99 66.12 67.41 68.83 70.30 71.77 73.21 74.62 75.97 77.27 78.49 79.63 80.68 81.63 82.48 83.22 83.85 84.36 84.77 85.05 85.22 85.29 85.30 85.28 85.23 85.15 85.06 84.95 84.85 84.75 84.64 84.53 84.40 84.27 84.12 83.97 83.80 83.61 83.37 82.99 82.46 81.80 81.02 80.13 79.16 78.11 77.04 76.09 75.35 74.81 74.49 74.38 74.50 74.86 75.44 76.12 76.81 77.48 78.13 78.76 79.38 79.97 80.54 81.09 81.67 82.31 83.03 83.83 84.73 85.73 86.83 88.05
62.44 63.26 64.28 65.47 66.81 68.23 69.66 71.08 72.47 73.83 75.14 76.39 77.58 78.69 79.72 80.64 81.46 82.17 82.78 83.28 83.66 83.93 84.09 84.15 84.16 84.14 84.09 84.02 83.94 83.86 83.78 83.70 83.61 83.52 83.42 83.31 83.19 83.07 82.94 82.80 82.65 82.45 82.11 81.62 80.99 80.25 79.41 78.47 77.51 76.67 76.05 75.66 75.50 75.57 75.89 76.43 77.10 77.77 78.43 79.08 79.71 80.34 80.95 81.54 82.11 82.67 83.21 83.79 84.45 85.19 86.03 86.98 88.04 89.22
61.73 62.62 63.70 64.95 66.30 67.67 69.05 70.41 71.76 73.07 74.34 75.56 76.71 77.80 78.79 79.69 80.48 81.17 81.75 82.23 82.59 82.84 82.98 83.03 83.03 83.01 82.96 82.90 82.83 82.77 82.70 82.63 82.56 82.49 82.41 82.33 82.25 82.17 82.08 81.98 81.88 81.77 81.61 81.32 80.87 80.30 79.60 78.81 77.97 77.27 76.80 76.57 76.59 76.86 77.37 78.01 78.66 79.31 79.95 80.59 81.22 81.84 82.45 83.05 83.64 84.21 84.77 85.32 85.91 86.60 87.38 88.28 89.29 90.43
61.15 62.11 63.25 64.52 65.82 67.13 68.45 69.77 71.07 72.34 73.57 74.75 75.88 76.93 77.90 78.78 79.56 80.22 80.77 81.22 81.55 81.78 81.90 81.93 81.92 81.89 81.84 81.78 81.73 81.67 81.61 81.56 81.51 81.46 81.41 81.36 81.32 81.27 81.22 81.17 81.12 81.06 81.01 80.90 80.66 80.27 79.75 79.11 78.42 77.87 77.57 77.53 77.76 78.23 78.84 79.46 80.09 80.72 81.36 81.99 82.62 83.25 83.87 84.48 85.09 85.69 86.28 86.85 87.43 88.05 88.78 89.62 90.59 91.68
60.71 61.73 62.89 64.10 65.34 66.60 67.87 69.14 70.40 71.63 72.82 73.97 75.07 76.09 77.04 77.90 78.66 79.31 79.84 80.25 80.56 80.76 80.86 80.87 80.84 80.80 80.74 80.69 80.63 80.59 80.55 80.51 80.48 80.46 80.43 80.42 80.40 80.39 80.39 80.38 80.38 80.38 80.39 80.39 80.34 80.16 79.84 79.38 78.85 78.48 78.38 78.55 78.98 79.55 80.15 80.75 81.37 81.99 82.62 83.26 83.90 84.53 85.17 85.81 86.45 87.08 87.70 88.32 88.93 89.55 90.22 91.01 91.93 92.98
60.39 61.43 62.54 63.69 64.88 66.08 67.30 68.52 69.74 70.93 72.09 73.21 74.27 75.28 76.20 77.04 77.79 78.43 78.95 79.34 79.62 79.79 79.85 79.84 79.79 79.74 79.67 79.62 79.57 79.54 79.51 79.50 79.49 79.49 79.50 79.51 79.54 79.57 79.60 79.65 79.70 79.75 79.81 79.88 79.94 79.97 79.86 79.60 79.27 79.10 79.21 79.59 80.12 80.69 81.27 81.86 82.47 83.10 83.73 84.37 85.02 85.68 86.35 87.02 87.69 88.36 89.03 89.70 90.36 91.02 91.69 92.43 93.30 94.30
60.16 61.14 62.18 63.28 64.41 65.56 66.73 67.91 69.08 70.24 71.36 72.45 73.49 74.47 75.38 76.21 76.94 77.57 78.09 78.48 78.73 78.87 78.90 78.86 78.79 78.71 78.65 78.60 78.56 78.54 78.53 78.54 78.55 78.58 78.62 78.67 78.73 78.80 78.88 78.98 79.08 79.19 79.31 79.44 79.57 79.72 79.81 79.78 79.66 79.71 80.04 80.53 81.05 81.60 82.17 82.77 83.38 84.01 84.65 85.31 85.99 86.67 87.37 88.07 88.79 89.50 90.23 90.95 91.68 92.41 93.14 93.88 94.70 95.66
59.91 60.83 61.82 62.85 63.93 65.04 66.16 67.30 68.43 69.55 70.64 71.70 72.72 73.68 74.57 75.38 76.10 76.73 77.24 77.63 77.89 78.01 78.00 77.92 77.83 77.75 77.69 77.65 77.62 77.62 77.62 77.65 77.69 77.74 77.82 77.90 78.00 78.12 78.25 78.39 78.54 78.71 78.89 79.08 79.29 79.51 79.73 79.92 80.02 80.30 80.74 81.22 81.73 82.28 82.85 83.44 84.06 84.70 85.37 86.05 86.76 87.48 88.21 88.96 89.72 90.50 91.28 92.07 92.87 93.67 94.48 95.29 96.12 97.03
59.65 60.51 61.43 62.41 63.44 64.50 65.58 66.67 67.77 68.85 69.92 70.95 71.95 72.88 73.76 74.56 75.27 75.89 76.40 76.80 77.06 77.18 77.16 77.06 76.96 76.88 76.82 76.79 76.77 76.78 76.81 76.85 76.92 77.00 77.11 77.23 77.37 77.53 77.71 77.90 78.11 78.34 78.58 78.84 79.11 79.40 79.71 80.02 80.34 80.72 81.16 81.64 82.15 82.69 83.26 83.87 84.51 85.17 85.86 86.58 87.31 88.08 88.86 89.66 90.48 91.31 92.16 93.03 93.90 94.79 95.68 96.59 97.50 98.42
59.45 60.24 61.11 62.04 63.01 64.02 65.06 66.11 67.17 68.23 69.26 70.27 71.24 72.16 73.02 73.81 74.52 75.13 75.64 76.03 76.30 76.44 76.41 76.29 76.19 76.11 76.06 76.04 76.04 76.06 76.11 76.18 76.28 76.39 76.53 76.70 76.88 77.09 77.31 77.56 77.83 78.11 78.42 78.75 79.09 79.46 79.84 80.24 80.61 81.00 81.42 81.89 82.40 82.94 83.52 84.14 84.80 85.48 86.20 86.95 87.73 88.53 89.36 90.22 91.09 91.99 92.91 93.85 94.81 95.78 96.76 97.76 98.77 99.81
59.47 60.20 61.01 61.88 62.80 63.77 64.76 65.77 66.79 67.81 68.81 69.79 70.74 71.64 72.48 73.26 73.96 74.56 75.07 75.47 75.74 75.87 75.82 75.67 75.56 75.49 75.45 75.44 75.46 75.50 75.58 75.68 75.80 75.96 76.14 76.34 76.57 76.83 77.11 77.42 77.75 78.10 78.47 78.87 79.29 79.74 80.20 80.63 81.01 81.39 81.80 82.25 82.74 83.28 83.86 84.49 85.15 85.85 86.59 87.36 88.17 89.01 89.88 90.78 91.70 92.66 93.64 94.64 95.67 96.71 97.78 98.86 99.99 101.22
59.74 60.40 61.15 61.96 62.83 63.74 64.69 65.65 66.63 67.62 68.59 69.54 70.46 71.33 72.16 72.92 73.60 74.20 74.71 75.10 75.36 75.46 75.37 75.19 75.07 75.01 74.98 74.99 75.03 75.10 75.21 75.34 75.51 75.70 75.93 76.18 76.46 76.77 77.11 77.48 77.88 78.30 78.75 79.22 79.73 80.25 80.74 81.18 81.56 81.93 82.33 82.76 83.24 83.76 84.33 84.95 85.61 86.31 87.06 87.85 88.67 89.54 90.44 91.37 92.34 93.34 94.37 95.43 96.51 97.62 98.76 99.95 101.24 102.65
60.21 60.83 61.51 62.26 63.07 63.93 64.83 65.75 66.69 67.63 68.56 69.48 70.38 71.23 72.03 72.77 73.44 74.03 74.53 74.91 75.13 75.18 75.06 74.87 74.74 74.67 74.66 74.70 74.76 74.87 75.01 75.18 75.38 75.62 75.90 76.20 76.54 76.91 77.32 77.75 78.22 78.71 79.24 79.80 80.38 80.94 81.43 81.86 82.24 82.62 83.02 83.44 83.88 84.38 84.93 85.53 86.18 86.88 87.62 88.41 89.25 90.13 91.05 92.00 93.00 94.04 95.11 96.21 97.34 98.51 99.74 101.07 102.53 104.09
60.85 61.45 62.08 62.76 63.52 64.32 65.16 66.04 66.93 67.83 68.73 69.62 70.48 71.30 72.08 72.81 73.46 74.04 74.51 74.84 75.01 75.03 74.88 74.68 74.54 74.48 74.49 74.55 74.65 74.79 74.97 75.18 75.43 75.72 76.05 76.41 76.81 77.25 77.72 78.23 78.77 79.34 79.95 80.59 81.20 81.75 82.24 82.67 83.05 83.43 83.83 84.25 84.69 85.15 85.67 86.24 86.87 87.55 88.29 89.07 89.90 90.79 91.71 92.69 93.70 94.76 95.86 97.00 98.17 99.41 100.77 102.25 103.85 105.56
61.61 62.21 62.82 63.46 64.15 64.89 65.68 66.51 67.35 68.21 69.07 69.92 70.75 71.55 72.30 73.00 73.64 74.19 74.61 74.88 75.01 74.99 74.83 74.61 74.48 74.43 74.46 74.55 74.69 74.87 75.09 75.35 75.66 76.00 76.39 76.81 77.28 77.78 78.33 78.91 79.53 80.19 80.88 81.55 82.15 82.69 83.17 83.60 83.98 84.37 84.77 85.19 85.62 86.07 86.56 87.09 87.69 88.34 89.06 89.82 90.65 91.52 92.45 93.43 94.45 95.52 96.64 97.80 99.03 100.38 101.86 103.47 105.20 107.03
62.49 63.08 63.69 64.31 64.95 65.63 66.37 67.14 67.94 68.75 69.57 70.38 71.17 71.94 72.67 73.34 73.95 74.43 74.79 75.01 75.10 75.06 74.88 74.67 74.54 74.51 74.57 74.70 74.88 75.11 75.38 75.69 76.05 76.46 76.91 77.40 77.93 78.51 79.13 79.80 80.50 81.24 81.96 82.61 83.20 83.73 84.21 84.64 85.03 85.42 85.83 86.24 86.68 87.13 87.59 88.09 88.64 89.26 89.94 90.68 91.48 92.34 93.26 94.23 95.25 96.33 97.45 98.66 99.98 101.44 103.03 104.74 106.57 108.50
63.47 64.06 64.66 65.27 65.89 66.53 67.20 67.92 68.67 69.43 70.21 70.98 71.74 72.47 73.17 73.80 74.34 74.75 75.05 75.23 75.29 75.22 75.04 74.83 74.72 74.71 74.80 74.97 75.21 75.50 75.83 76.20 76.62 77.09 77.60 78.17 78.78 79.43 80.14 80.89 81.67 82.44 83.14 83.78 84.35 84.87 85.35 85.78 86.18 86.57 86.98 87.41 87.84 88.29 88.75 89.23 89.74 90.31 90.95 91.65 92.42 93.25 94.15 95.10 96.11 97.18 98.33 99.61 101.02 102.57 104.25 106.04 107.95 109.96
64.54 65.13 65.72 66.33 66.93 67.55 68.17 68.83 69.53 70.24 70.97 71.70 72.42 73.12 73.77 74.33 74.79 75.14 75.39 75.52 75.55 75.48 75.29 75.09 75.00 75.03 75.15 75.37 75.67 76.03 76.43 76.87 77.36 77.90 78.48 79.12 79.81 80.55 81.34 82.17 82.98 83.73 84.41 85.03 85.59 86.10 86.57 87.01 87.42 87.82 88.24 88.67 89.10 89.55 90.02 90.49 90.98 91.51 92.09 92.75 93.47 94.26 95.13 96.05 97.04 98.12 99.33 100.68 102.16 103.78 105.52 107.38 109.35 111.42
