data_processed/recharge/precip/Precip_1988_04.asc
ncols        168
nrows        136
xllcorner    455000
yllcorner    2107000
cellsize     500
NODATA_value     -99999
[rows 0 to 34 of 136, columns 0 to 78 of 168]
35.86 37.44 38.92 40.29 41.53 42.62 43.46 43.99 44.20 44.08 43.63 42.84 41.71 40.22 38.38 36.28 34.30 32.56 31.03 29.73 28.64 27.75 27.08 26.61 26.32 26.16 26.00 25.85 25.69 25.53 25.37 25.21 25.04 24.89 24.73 24.58 24.43 24.29 24.16 24.03 23.92 23.81 23.71 23.63 23.56 23.50 23.46 23.43 23.42 23.43 23.45 23.50 23.56 23.65 23.76 23.89 24.05 24.23 24.44 24.65 24.83 24.95 25.03 25.07 25.08 25.05 25.00 24.93 24.84 24.75 24.67 24.60 24.54 24.49 24.45 24.41 24.39 24.37 24.37
37.96 39.55 41.02 42.38 43.58 44.55 45.21 45.55 45.58 45.27 44.63 43.66 42.33 40.65 38.62 36.33 34.16 32.22 30.51 29.02 27.74 26.68 25.83 25.17 24.72 24.45 24.30 24.17 24.04 23.91 23.77 23.64 23.51 23.39 23.27 23.16 23.05 22.95 22.86 22.78 22.71 22.65 22.61 22.58 22.56 22.56 22.57 22.60 22.65 22.72 22.81 22.93 23.06 23.22 23.40 23.61 23.84 24.10 24.36 24.58 24.75 24.87 24.95 24.98 24.99 24.96 24.91 24.84 24.75 24.67 24.59 24.52 24.46 24.42 24.38 24.34 24.32 24.31 24.30
40.09 41.68 43.16 44.49 45.59 46.38 46.87 47.04 46.88 46.40 45.59 44.43 42.92 41.07 38.85 36.38 34.03 31.91 30.02 28.36 26.91 25.67 24.65 23.83 23.21 22.78 22.55 22.42 22.32 22.22 22.12 22.03 21.94 21.85 21.78 21.71 21.65 21.59 21.55 21.52 21.50 21.50 21.51 21.54 21.58 21.64 21.72 21.81 21.93 22.07 22.23 22.41 22.62 22.85 23.11 23.40 23.71 24.03 24.30 24.52 24.68 24.79 24.86 24.90 24.90 24.87 24.82 24.75 24.67 24.59 24.51 24.45 24.39 24.34 24.31 24.28 24.26 24.24 24.24
42.24 43.85 45.31 46.54 47.48 48.11 48.43 48.44 48.12 47.47 46.49 45.16 43.49 41.46 39.07 36.43 33.91 31.63 29.57 27.74 26.13 24.73 23.55 22.57 21.79 21.22 20.83 20.63 20.55 20.49 20.43 20.38 20.33 20.29 20.26 20.24 20.23 20.23 20.24 20.27 20.31 20.36 20.43 20.52 20.63 20.75 20.90 21.07 21.26 21.47 21.70 21.97 22.25 22.57 22.91 23.28 23.65 23.98 24.24 24.45 24.60 24.71 24.78 24.81 24.81 24.78 24.73 24.66 24.58 24.50 24.43 24.37 24.32 24.27 24.24 24.21 24.19 24.18 24.18
44.41 46.01 47.39 48.47 49.26 49.74 49.91 49.76 49.28 48.48 47.34 45.86 44.02 41.83 39.28 36.48 33.80 31.36 29.15 27.17 25.40 23.86 22.52 21.40 20.48 19.76 19.23 18.90 18.75 18.71 18.70 18.69 18.69 18.71 18.73 18.76 18.80 18.86 18.93 19.02 19.12 19.24 19.38 19.54 19.72 19.91 20.13 20.38 20.64 20.94 21.25 21.60 21.97 22.37 22.80 23.23 23.61 23.93 24.18 24.38 24.53 24.64 24.70 24.73 24.72 24.69 24.64 24.58 24.50 24.42 24.35 24.29 24.24 24.20 24.17 24.14 24.13 24.12 24.12
46.57 48.09 49.33 50.27 50.92 51.26 51.28 50.99 50.37 49.42 48.14 46.51 44.53 42.19 39.49 36.53 33.71 31.12 28.76 26.64 24.73 23.04 21.57 20.31 19.26 18.41 17.75 17.29 17.02 16.92 16.94 16.99 17.04 17.11 17.19 17.28 17.39 17.51 17.65 17.80 17.97 18.16 18.37 18.60 18.85 19.13 19.43 19.75 20.10 20.48 20.88 21.31 21.77 22.27 22.76 23.20 23.57 23.88 24.12 24.32 24.46 24.56 24.62 24.64 24.64 24.61 24.56 24.49 24.42 24.34 24.28 24.22 24.17 24.13 24.10 24.08 24.06 24.06 24.06
48.62 50.02 51.13 51.95 52.46 52.67 52.56 52.14 51.39 50.30 48.88 47.11 45.00 42.52 39.68 36.59 33.63 30.90 28.41 26.15 24.11 22.30 20.70 19.31 18.13 17.16 16.38 15.80 15.42 15.21 15.19 15.27 15.39 15.52 15.66 15.82 15.99 16.18 16.38 16.61 16.86 17.12 17.41 17.72 18.05 18.41 18.79 19.20 19.64 20.11 20.60 21.13 21.68 22.24 22.74 23.17 23.53 23.83 24.06 24.25 24.39 24.48 24.54 24.56 24.55 24.52 24.47 24.41 24.33 24.26 24.20 24.14 24.10 24.06 24.03 24.01 24.00 23.99 24.00
50.52 51.80 52.80 53.49 53.89 53.98 53.75 53.20 52.33 51.12 49.57 47.68 45.44 42.83 39.87 36.64 33.55 30.70 28.09 25.70 23.55 21.61 19.90 18.40 17.11 16.02 15.14 14.45 13.95 13.65 13.52 13.57 13.74 13.93 14.14 14.37 14.61 14.88 15.16 15.46 15.79 16.13 16.50 16.90 17.32 17.76 18.24 18.74 19.27 19.83 20.42 21.05 21.67 22.24 22.72 23.14 23.49 23.78 24.01 24.19 24.32 24.41 24.46 24.47 24.47 24.43 24.38 24.32 24.25 24.18 24.12 24.07 24.02 23.99 23.96 23.94 23.93 23.93 23.94
52.26 53.44 54.32 54.91 55.20 55.18 54.84 54.18 53.19 51.87 50.21 48.20 45.84 43.12 40.04 36.70 33.49 30.52 27.79 25.30 23.03 20.99 19.17 17.56 16.17 14.98 14.00 13.22 12.63 12.23 12.01 11.98 12.12 12.37 12.65 12.95 13.28 13.62 13.98 14.37 14.78 15.21 15.67 16.15 16.66 17.20 17.77 18.37 19.00 19.66 20.35 21.05 21.68 22.23 22.71 23.11 23.45 23.73 23.95 24.12 24.25 24.33 24.38 24.39 24.38 24.35 24.30 24.24 24.17 24.10 24.04 23.99 23.95 23.92 23.89 23.88 23.87 23.87 23.87
53.84 54.92 55.71 56.20 56.39 56.27 55.83 55.07 53.98 52.56 50.79 48.68 46.21 43.39 40.19 36.75 33.43 30.36 27.53 24.93 22.57 20.43 18.51 16.82 15.33 14.05 12.98 12.11 11.44 10.95 10.66 10.55 10.61 10.85 11.20 11.58 11.98 12.41 12.86 13.33 13.83 14.36 14.91 15.49 16.10 16.73 17.40 18.10 18.84 19.60 20.37 21.07 21.69 22.23 22.69 23.08 23.41 23.68 23.89 24.06 24.18 24.25 24.30 24.31 24.29 24.26 24.21 24.15 24.08 24.02 23.96 23.92 23.88 23.85 23.82 23.81 23.80 23.80 23.81
55.26 56.25 56.96 57.36 57.46 57.25 56.72 55.87 54.69 53.18 51.32 49.11 46.55 43.63 40.34 36.79 33.38 30.22 27.30 24.61 22.16 19.93 17.93 16.15 14.58 13.23 12.08 11.13 10.38 9.83 9.46 9.28 9.28 9.46 9.80 10.25 10.75 11.26 11.80 12.37 12.97 13.59 14.24 14.92 15.63 16.37 17.15 17.95 18.80 19.64 20.41 21.10 21.70 22.22 22.67 23.05 23.37 23.63 23.84 23.99 24.10 24.18 24.22 24.22 24.21 24.17 24.12 24.06 24.00 23.94 23.89 23.84 23.80 23.78 23.75 23.74 23.74 23.74 23.75
56.51 57.43 58.06 58.39 58.41 58.13 57.52 56.59 55.33 53.73 51.79 49.50 46.85 43.85 40.47 36.84 33.34 30.10 27.09 24.33 21.79 19.49 17.42 15.56 13.93 12.50 11.29 10.28 9.46 8.85 8.42 8.18 8.13 8.25 8.54 9.00 9.58 10.19 10.83 11.49 12.19 12.91 13.66 14.45 15.27 16.12 17.01 17.93 18.85 19.70 20.45 21.12 21.71 22.22 22.66 23.03 23.33 23.58 23.78 23.93 24.03 24.10 24.13 24.14 24.12 24.09 24.04 23.98 23.92 23.86 23.81 23.76 23.73 23.70 23.68 23.67 23.67 23.67 23.68
57.60 58.46 59.02 59.29 59.24 58.89 58.21 57.21 55.88 54.21 52.20 49.84 47.12 44.04 40.59 36.88 33.31 29.99 26.92 24.08 21.48 19.12 16.98 15.06 13.36 11.88 10.61 9.54 8.68 8.01 7.54 7.25 7.15 7.23 7.48 7.91 8.49 9.19 9.93 10.70 11.50 12.33 13.20 14.10 15.03 15.99 17.00 18.00 18.92 19.75 20.49 21.15 21.72 22.21 22.64 23.00 23.29 23.53 23.72 23.86 23.96 24.02 24.05 24.06 24.04 24.00 23.95 23.89 23.83 23.77 23.73 23.69 23.65 23.63 23.61 23.60 23.60 23.61 23.62
58.53 59.33 59.84 60.05 59.95 59.54 58.81 57.75 56.36 54.63 52.56 50.13 47.35 44.21 40.69 36.92 33.28 29.90 26.77 23.87 21.22 18.80 16.60 14.64 12.89 11.36 10.04 8.93 8.03 7.32 6.81 6.48 6.35 6.39 6.62 7.01 7.58 8.30 9.14 10.02 10.93 11.87 12.85 13.86 14.91 16.00 17.08 18.09 19.00 19.81 20.53 21.17 21.73 22.21 22.62 22.97 23.25 23.48 23.66 23.80 23.89 23.95 23.97 23.97 23.95 23.91 23.86 23.80 23.74 23.69 23.64 23.61 23.58 23.55 23.54 23.53 23.53 23.54 23.55
59.29 60.05 60.52 60.68 60.54 60.08 59.30 58.20 56.76 54.98 52.85 50.38 47.54 44.35 40.78 36.95 33.26 29.83 26.64 23.70 21.00 18.54 16.30 14.29 12.51 10.94 9.59 8.45 7.51 6.77 6.23 5.88 5.72 5.74 5.95 6.32 6.87 7.59 8.46 9.44 10.47 11.53 12.63 13.77 14.94 16.11 17.20 18.19 19.07 19.87 20.57 21.19 21.74 22.20 22.60 22.94 23.21 23.43 23.60 23.73 23.82 23.87 23.89 23.88 23.86 23.82 23.77 23.71 23.66 23.61 23.56 23.53 23.50 23.48 23.47 23.46 23.46 23.47 23.48
59.89 60.62 61.05 61.18 61.01 60.51 59.70 58.55 57.07 55.26 53.09 50.58 47.70 44.46 40.85 36.97 33.24 29.77 26.55 23.57 20.83 18.33 16.07 14.03 12.22 10.62 9.25 8.08 7.12 6.37 5.81 5.44 5.27 5.28 5.47 5.84 6.38 7.09 7.97 9.00 10.13 11.32 12.55 13.81 15.07 16.24 17.31 18.28 19.15 19.92 20.61 21.22 21.74 22.20 22.58 22.91 23.17 23.38 23.54 23.66 23.74 23.79 23.80 23.80 23.77 23.73 23.68 23.62 23.57 23.52 23.48 23.44 23.42 23.40 23.39 23.39 23.39 23.40 23.41
60.32 61.03 61.44 61.55 61.35 60.83 59.99 58.82 57.31 55.46 53.27 50.72 47.82 44.54 40.90 36.99 33.23 29.73 26.47 23.47 20.71 18.19 15.90 13.84 12.01 10.40 9.01 7.84 6.87 6.10 5.54 5.17 4.99 5.00 5.20 5.57 6.11 6.83 7.71 8.75 9.95 11.25 12.61 13.96 15.22 16.38 17.43 18.37 19.22 19.98 20.65 21.24 21.75 22.19 22.56 22.87 23.13 23.33 23.48 23.59 23.66 23.70 23.72 23.71 23.68 23.63 23.58 23.53 23.48 23.43 23.39 23.36 23.34 23.32 23.31 23.31 23.31 23.32 23.34
60.59 61.28 61.68 61.78 61.56 61.03 60.17 58.99 57.47 55.60 53.39 50.82 47.89 44.60 40.93 37.00 33.22 29.70 26.43 23.41 20.63 18.10 15.80 13.73 11.90 10.28 8.89 7.71 6.74 5.98 5.42 5.06 4.89 4.91 5.11 5.50 6.06 6.79 7.69 8.75 9.98 11.35 12.78 14.14 15.38 16.51 17.54 18.46 19.29 20.03 20.69 21.26 21.76 22.18 22.54 22.84 23.08 23.27 23.42 23.52 23.59 23.62 23.63 23.62 23.58 23.54 23.49 23.44 23.39 23.34 23.30 23.28 23.25 23.24 23.23 23.23 23.24 23.25 23.27
60.68 61.38 61.78 61.87 61.66 61.12 60.26 59.07 57.54 55.67 53.45 50.87 47.93 44.63 40.95 37.01 33.21 29.68 26.40 23.38 20.60 18.06 15.77 13.70 11.87 10.26 8.88 7.71 6.75 6.00 5.45 5.11 4.96 5.00 5.22 5.63 6.22 6.98 7.91 9.00 10.26 11.62 13.00 14.32 15.53 16.64 17.65 18.55 19.36 20.08 20.72 21.28 21.76 22.17 22.52 22.81 23.04 23.22 23.35 23.45 23.51 23.54 23.54 23.52 23.49 23.44 23.39 23.34 23.29 23.25 23.21 23.19 23.17 23.16 23.15 23.15 23.16 23.17 23.19
60.61 61.32 61.73 61.83 61.62 61.09 60.24 59.05 57.53 55.66 53.44 50.87 47.93 44.63 40.94 37.00 33.21 29.68 26.40 23.38 20.61 18.09 15.80 13.75 11.93 10.34 8.97 7.82 6.88 6.16 5.64 5.32 5.20 5.27 5.53 5.97 6.59 7.39 8.36 9.50 10.74 12.01 13.27 14.50 15.69 16.77 17.76 18.64 19.43 20.14 20.75 21.30 21.76 22.16 22.49 22.77 22.99 23.16 23.29 23.37 23.43 23.45 23.45 23.43 23.39 23.35 23.29 23.24 23.19 23.16 23.12 23.10 23.08 23.07 23.07 23.07 23.08 23.09 23.11
60.38 61.11 61.53 61.66 61.46 60.95 60.11 58.94 57.43 55.58 53.38 50.81 47.89 44.59 40.92 36.99 33.21 29.69 26.43 23.42 20.67 18.16 15.90 13.87 12.08 10.51 9.17 8.05 7.15 6.46 5.97 5.69 5.61 5.72 6.02 6.51 7.18 8.03 9.05 10.19 11.34 12.49 13.63 14.75 15.85 16.90 17.86 18.73 19.50 20.18 20.79 21.31 21.76 22.15 22.47 22.73 22.94 23.10 23.22 23.30 23.34 23.36 23.36 23.33 23.29 23.24 23.19 23.14 23.10 23.06 23.03 23.01 22.99 22.98 22.98 22.98 22.99 23.01 23.03
59.97 60.73 61.19 61.34 61.18 60.69 59.88 58.74 57.26 55.43 53.25 50.71 47.80 44.53 40.88 36.97 33.20 29.71 26.47 23.49 20.77 18.29 16.06 14.07 12.31 10.78 9.48 8.40 7.54 6.89 6.46 6.22 6.19 6.36 6.71 7.26 7.98 8.89 9.92 10.97 12.01 13.04 14.06 15.07 16.06 17.04 17.97 18.81 19.57 20.23 20.82 21.32 21.76 22.13 22.44 22.69 22.89 23.04 23.15 23.22 23.26 23.27 23.26 23.23 23.19 23.14 23.09 23.04 22.99 22.96 22.93 22.91 22.90 22.89 22.89 22.89 22.91 22.92 22.95
59.39 60.19 60.70 60.89 60.76 60.32 59.55 58.44 56.99 55.20 53.05 50.55 47.68 44.43 40.81 36.93 33.20 29.74 26.54 23.60 20.91 18.47 16.28 14.34 12.62 11.14 9.89 8.87 8.06 7.47 7.09 6.92 6.94 7.17 7.59 8.20 9.00 9.92 10.87 11.81 12.74 13.66 14.57 15.46 16.35 17.22 18.08 18.90 19.63 20.28 20.84 21.34 21.76 22.11 22.41 22.65 22.83 22.97 23.07 23.14 23.17 23.18 23.16 23.13 23.09 23.04 22.98 22.93 22.89 22.86 22.83 22.81 22.80 22.80 22.80 22.80 22.82 22.84 22.86
58.64 59.50 60.05 60.30 60.22 59.83 59.10 58.04 56.64 54.90 52.79 50.33 47.50 44.30 40.73 36.89 33.20 29.78 26.63 23.73 21.10 18.71 16.57 14.68 13.02 11.60 10.41 9.45 8.71 8.18 7.87 7.77 7.87 8.17 8.66 9.35 10.17 11.02 11.86 12.69 13.51 14.33 15.13 15.92 16.71 17.48 18.24 18.99 19.69 20.32 20.87 21.35 21.75 22.09 22.37 22.60 22.78 22.91 23.00 23.06 23.08 23.08 23.06 23.03 22.98 22.93 22.87 22.82 22.78 22.75 22.73 22.71 22.70 22.70 22.70 22.71 22.72 22.74 22.77
57.72 58.64 59.26 59.57 59.55 59.22 58.55 57.55 56.21 54.52 52.47 50.06 47.29 44.14 40.62 36.83 33.19 29.83 26.73 23.90 21.32 19.00 16.92 15.10 13.51 12.16 11.04 10.15 9.48 9.03 8.80 8.77 8.96 9.34 9.92 10.64 11.39 12.13 12.87 13.60 14.32 15.03 15.74 16.43 17.12 17.80 18.46 19.12 19.76 20.36 20.89 21.35 21.74 22.07 22.34 22.55 22.72 22.84 22.92 22.97 22.99 22.98 22.96 22.92 22.87 22.82 22.76 22.71 22.67 22.65 22.62 22.61 22.60 22.60 22.60 22.61 22.63 22.65 22.68
56.63 57.63 58.32 58.69 58.75 58.49 57.89 56.96 55.69 54.06 52.08 49.74 47.03 43.95 40.48 36.76 33.19 29.89 26.86 24.09 21.59 19.34 17.34 15.59 14.08 12.81 11.77 10.96 10.38 10.02 9.87 9.94 10.21 10.69 11.31 11.97 12.62 13.26 13.90 14.53 15.15 15.77 16.38 16.99 17.58 18.16 18.74 19.31 19.86 20.41 20.91 21.36 21.73 22.04 22.30 22.50 22.66 22.77 22.84 22.88 22.89 22.88 22.85 22.81 22.76 22.70 22.65 22.60 22.56 22.53 22.51 22.50 22.50 22.49 22.50 22.51 22.53 22.55 22.58
55.37 56.45 57.22 57.68 57.82 57.64 57.13 56.27 55.08 53.53 51.63 49.36 46.73 43.72 40.33 36.67 33.18 29.95 27.00 24.32 21.89 19.73 17.81 16.15 14.73 13.55 12.60 11.89 11.40 11.14 11.09 11.26 11.64 12.16 12.73 13.28 13.84 14.39 14.93 15.47 16.00 16.53 17.05 17.57 18.07 18.57 19.06 19.55 20.02 20.49 20.94 21.36 21.72 22.02 22.26 22.45 22.59 22.69 22.76 22.79 22.79 22.78 22.74 22.69 22.64 22.58 22.53 22.48 22.44 22.42 22.40 22.39 22.39 22.39 22.39 22.41 22.42 22.45 22.48
53.93 55.11 55.97 56.53 56.76 56.67 56.25 55.49 54.38 52.92 51.11 48.93 46.38 43.45 40.15 36.58 33.16 30.03 27.16 24.57 22.24 20.16 18.35 16.78 15.46 14.38 13.54 12.93 12.55 12.39 12.46 12.74 13.17 13.64 14.11 14.58 15.04 15.50 15.96 16.41 16.86 17.30 17.74 18.17 18.59 19.01 19.42 19.83 20.23 20.61 20.99 21.36 21.70 21.98 22.21 22.39 22.52 22.61 22.67 22.69 22.69 22.67 22.63 22.58 22.52 22.46 22.41 22.36 22.32 22.30 22.29 22.28 22.27 22.28 22.28 22.30 22.32 22.34 22.37
52.32 53.60 54.57 55.23 55.57 55.58 55.26 54.60 53.59 52.23 50.52 48.43 45.98 43.15 39.94 36.46 33.15 30.11 27.34 24.85 22.62 20.65 18.94 17.48 16.27 15.30 14.57 14.08 13.82 13.78 13.97 14.31 14.69 15.08 15.46 15.84 16.22 16.59 16.97 17.34 17.70 18.07 18.43 18.78 19.13 19.47 19.81 20.14 20.46 20.78 21.09 21.39 21.68 21.95 22.16 22.33 22.45 22.53 22.58 22.59 22.58 22.55 22.51 22.46 22.40 22.34 22.28 22.23 22.20 22.18 22.17 22.16 22.16 22.16 22.17 22.18 22.20 22.23 22.26
50.53 51.93 53.02 53.79 54.25 54.37 54.16 53.61 52.72 51.47 49.86 47.88 45.54 42.81 39.71 36.34 33.13 30.19 27.54 25.16 23.04 21.19 19.59 18.25 17.16 16.32 15.71 15.35 15.21 15.30 15.56 15.86 16.16 16.46 16.76 17.06 17.35 17.65 17.95 18.24 18.53 18.82 19.11 19.39 19.67 19.94 20.21 20.47 20.73 20.98 21.22 21.46 21.69 21.92 22.11 22.26 22.37 22.44 22.48 22.49 22.47 22.44 22.39 22.33 22.27 22.21 22.15 22.10 22.07 22.05 22.04 22.04 22.04 22.04 22.05 22.07 22.09 22.12 22.15
48.62 50.10 51.31 52.21 52.79 53.04 52.95 52.52 51.75 50.62 49.13 47.27 45.05 42.44 39.45 36.19 33.10 30.29 27.75 25.49 23.50 21.77 20.30 19.09 18.13 17.42 16.95 16.72 16.73 16.90 17.11 17.33 17.55 17.77 18.00 18.22 18.44 18.67 18.89 19.11 19.33 19.55 19.77 19.98 20.20 20.40 20.61 20.81 21.01 21.20 21.38 21.56 21.73 21.90 22.06 22.20 22.29 22.36 22.38 22.38 22.36 22.32 22.26 22.20 22.14 22.07 22.01 21.97 21.94 21.92 21.91 21.91 21.91 21.92 21.93 21.95 21.97 22.00 22.03
46.66 48.15 49.45 50.49 51.20 51.58 51.63 51.33 50.69 49.69 48.33 46.61 44.51 42.03 39.16 36.03 33.07 30.38 27.98 25.85 23.99 22.40 21.07 20.00 19.19 18.62 18.29 18.21 18.30 18.43 18.57 18.72 18.86 19.01 19.16 19.32 19.47 19.63 19.78 19.94 20.09 20.25 20.40 20.56 20.71 20.86 21.00 21.15 21.28 21.42 21.55 21.68 21.80 21.92 22.03 22.13 22.21 22.26 22.28 22.27 22.24 22.19 22.14 22.07 22.00 21.93 21.88 21.83 21.80 21.79 21.78 21.78 21.78 21.79 21.80 21.82 21.84 21.87 21.90
44.71 46.17 47.48 48.62 49.48 50.00 50.19 50.04 49.54 48.68 47.47 45.88 43.92 41.58 38.85 35.85 33.03 30.48 28.22 26.24 24.52 23.08 21.90 20.98 20.32 19.90 19.73 19.74 19.80 19.86 19.93 20.01 20.09 20.17 20.25 20.34 20.43 20.52 20.62 20.71 20.81 20.90 21.00 21.10 21.19 21.29 21.38 21.47 21.56 21.64 21.72 21.80 21.88 21.95 22.01 22.07 22.13 22.16 22.17 22.16 22.12 22.07 22.00 21.93 21.86 21.79 21.73 21.69 21.66 21.65 21.64 21.64 21.64 21.65 21.67 21.69 21.71 21.74 21.78
42.76 44.19 45.49 46.65 47.62 48.30 48.65 48.65 48.30 47.59 46.53 45.09 43.28 41.09 38.51 35.66 32.98 30.59 28.48 26.65 25.09 23.80 22.78 22.02 21.52 21.27 21.20 21.19 21.18 21.18 21.18 21.19 21.20 21.22 21.25 21.27 21.31 21.34 21.38 21.42 21.46 21.50 21.55 21.59 21.64 21.68 21.72 21.77 21.81 21.85 21.89 21.93 21.96 21.99 22.01 22.04 22.05 22.06 22.06 22.04 21.99 21.93 21.86 21.79 21.71 21.65 21.59 21.54 21.51 21.50 21.50 21.50 21.51 21.52 21.53 21.55 21.58 21.61 21.64
40.83 42.24 43.53 44.67 45.67 46.47 46.98 47.15 46.96 46.42 45.52 44.24 42.59 40.56 38.13 35.44 32.92 30.69 28.75 27.08 25.69 24.57 23.72 23.13 22.80 22.66 22.57 22.50 22.42 22.36 22.30 22.25 22.21 22.17 22.14 22.11 22.09 22.07 22.06 22.05 22.04 22.03 22.03 22.03 22.03 22.03 22.03 22.03 22.03 22.04 22.03 22.03 22.03 22.02 22.02 22.00 21.99 21.97 21.95 21.91 21.86 21.79 21.72 21.64 21.56 21.49 21.43 21.39 21.36 21.35 21.35 21.35 21.36 21.37 21.39 21.41 21.44 21.47 21.50
