data_processed/recharge/precip/Precip_1989_01.asc
ncols        168
nrows        136
xllcorner    455000
yllcorner    2107000
cellsize     500
NODATA_value     -99999
[rows 0 to 36 of 136, columns 0 to 83 of 168]
0.00 0.00 0.00 0.00 0.00 0.00 0.00 0.00 0.00 0.02 0.08 0.14 0.21 0.27 0.32 0.37 0.41 0.44 0.46 0.47 0.45 0.42 0.39 0.35 0.31 0.27 0.22 0.17 0.12 0.07 0.02 0.00 0.00 0.00 0.00 0.00 0.00 0.00 0.00 0.00 0.00 0.00 0.00 0.00 0.00 0.00 0.00 0.00 0.00 0.00 0.00 0.06 0.11 0.15 0.19 0.21 0.24 0.25 0.26 0.27 0.27 0.27 0.27 0.27 0.26 0.25 0.24 0.23 0.22 0.22 0.21 0.21 0.20 0.20 0.20 0.20 0.19 0.19 0.19 0.18 0.18 0.19 0.19 0.19
0.00 0.00 0.00 0.00 0.00 0.00 0.00 0.00 0.00 0.00 0.00 0.00 0.00 0.05 0.10 0.16 0.21 0.25 0.28 0.31 0.32 0.31 0.29 0.26 0.22 0.18 0.14 0.10 0.05 0.01 0.00 0.00 0.00 0.00 0.00 0.00 0.00 0.00 0.00 0.00 0.00 0.00 0.00 0.00 0.00 0.00 0.00 0.00 0.05 0.14 0.22 0.29 0.35 0.40 0.44 0.48 0.51 0.53 0.54 0.55 0.56 0.55 0.55 0.54 0.53 0.52 0.50 0.48 0.46 0.45 0.43 0.41 0.39 0.38 0.36 0.35 0.34 0.33 0.32 0.31 0.31 0.30 0.30 0.29
0.00 0.00 0.00 0.00 0.00 0.00 0.00 0.00 0.00 0.00 0.00 0.00 0.00 0.00 0.00 0.00 0.00 0.05 0.10 0.14 0.17 0.18 0.19 0.17 0.13 0.10 0.06 0.02 0.00 0.00 0.00 0.00 0.00 0.00 0.00 0.00 0.00 0.00 0.00 0.00 0.00 0.00 0.00 0.00 0.00 0.00 0.07 0.17 0.27 0.37 0.46 0.55 0.62 0.68 0.73 0.77 0.81 0.84 0.85 0.87 0.87 0.87 0.87 0.86 0.84 0.82 0.80 0.78 0.75 0.72 0.69 0.66 0.63 0.60 0.56 0.54 0.52 0.50 0.49 0.47 0.46 0.45 0.44 0.43
0.10 0.00 0.00 0.00 0.00 0.00 0.00 0.00 0.00 0.00 0.00 0.00 0.00 0.00 0.00 0.00 0.00 0.00 0.00 0.00 0.04 0.07 0.09 0.07 0.05 0.02 0.00 0.00 0.00 0.00 0.00 0.00 0.00 0.00 0.00 0.00 0.00 0.00 0.00 0.00 0.00 0.00 0.00 0.02 0.09 0.18 0.28 0.39 0.51 0.61 0.72 0.82 0.90 0.98 1.04 1.09 1.13 1.17 1.19 1.21 1.22 1.22 1.22 1.21 1.19 1.17 1.14 1.11 1.08 1.04 1.01 0.97 0.92 0.87 0.80 0.75 0.72 0.69 0.67 0.65 0.63 0.61 0.59 0.57
0.31 0.09 0.00 0.00 0.00 0.00 0.00 0.00 0.00 0.00 0.00 0.00 0.00 0.00 0.00 0.00 0.00 0.00 0.00 0.00 0.00 0.00 0.00 0.00 0.00 0.00 0.00 0.00 0.00 0.00 0.00 0.00 0.00 0.00 0.00 0.00 0.00 0.00 0.00 0.00 0.00 0.04 0.11 0.19 0.29 0.40 0.52 0.64 0.76 0.87 0.99 1.10 1.20 1.29 1.36 1.43 1.48 1.53 1.56 1.58 1.60 1.60 1.60 1.59 1.58 1.56 1.53 1.50 1.46 1.42 1.37 1.32 1.25 1.17 1.06 0.98 0.93 0.89 0.86 0.83 0.80 0.78 0.75 0.72
0.57 0.32 0.09 0.00 0.00 0.00 0.00 0.00 0.00 0.00 0.00 0.00 0.00 0.00 0.00 0.00 0.00 0.00 0.00 0.00 0.00 0.00 0.00 0.00 0.00 0.00 0.00 0.00 0.00 0.00 0.00 0.00 0.00 0.00 0.00 0.00 0.00 0.00 0.00 0.03 0.10 0.18 0.27 0.38 0.50 0.63 0.77 0.90 1.03 1.15 1.27 1.39 1.51 1.61 1.71 1.78 1.85 1.91 1.95 1.98 2.00 2.02 2.02 2.02 2.00 1.98 1.96 1.92 1.88 1.84 1.78 1.71 1.61 1.50 1.36 1.25 1.17 1.11 1.07 1.03 0.99 0.96 0.92 0.89
0.87 0.60 0.34 0.10 0.00 0.00 0.00 0.00 0.00 0.00 0.00 0.00 0.00 0.00 0.00 0.00 0.00 0.00 0.00 0.00 0.00 0.00 0.00 0.00 0.00 0.00 0.00 0.00 0.00 0.00 0.00 0.00 0.00 0.00 0.00 0.00 0.00 0.00 0.07 0.15 0.24 0.34 0.45 0.58 0.72 0.87 1.03 1.18 1.31 1.45 1.58 1.71 1.84 1.96 2.06 2.16 2.24 2.31 2.36 2.41 2.44 2.46 2.47 2.47 2.46 2.45 2.42 2.39 2.35 2.30 2.23 2.13 2.00 1.85 1.69 1.55 1.44 1.36 1.29 1.24 1.20 1.15 1.11 1.07
1.18 0.91 0.63 0.36 0.11 0.00 0.00 0.00 0.00 0.00 0.00 0.00 0.00 0.00 0.00 0.00 0.00 0.00 0.00 0.00 0.00 0.00 0.00 0.00 0.00 0.00 0.00 0.00 0.00 0.00 0.00 0.00 0.00 0.00 0.00 0.00 0.00 0.07 0.16 0.26 0.37 0.50 0.64 0.79 0.95 1.13 1.30 1.46 1.61 1.76 1.90 2.04 2.18 2.31 2.44 2.55 2.65 2.73 2.80 2.86 2.90 2.93 2.95 2.96 2.96 2.95 2.93 2.90 2.86 2.79 2.69 2.57 2.41 2.24 2.05 1.88 1.74 1.63 1.55 1.48 1.42 1.37 1.32 1.26
1.51 1.23 0.95 0.66 0.38 0.12 0.00 0.00 0.00 0.00 0.00 0.00 0.00 0.00 0.00 0.00 0.00 0.00 0.00 0.00 0.00 0.00 0.00 0.00 0.00 0.00 0.00 0.00 0.00 0.00 0.00 0.00 0.00 0.00 0.00 0.00 0.04 0.14 0.25 0.37 0.51 0.66 0.82 1.00 1.19 1.39 1.58 1.76 1.93 2.08 2.24 2.39 2.55 2.69 2.83 2.96 3.08 3.18 3.26 3.34 3.39 3.44 3.47 3.49 3.49 3.49 3.47 3.44 3.39 3.30 3.17 3.02 2.84 2.64 2.43 2.24 2.07 1.94 1.83 1.74 1.66 1.60 1.54 1.48
1.85 1.57 1.28 0.99 0.69 0.40 0.13 0.00 0.00 0.00 0.00 0.00 0.00 0.00 0.00 0.00 0.00 0.00 0.00 0.00 0.00 0.00 0.00 0.00 0.00 0.00 0.00 0.00 0.00 0.00 0.00 0.00 0.00 0.00 0.00 0.00 0.07 0.20 0.33 0.48 0.64 0.81 1.01 1.22 1.44 1.66 1.87 2.07 2.25 2.42 2.59 2.76 2.93 3.09 3.24 3.39 3.52 3.64 3.75 3.84 3.91 3.97 4.01 4.04 4.06 4.06 4.05 4.01 3.93 3.82 3.67 3.50 3.29 3.07 2.83 2.61 2.43 2.27 2.14 2.03 1.94 1.86 1.78 1.71
2.21 1.92 1.63 1.33 1.02 0.71 0.42 0.15 0.00 0.00 0.00 0.00 0.00 0.00 0.00 0.00 0.00 0.00 0.00 0.00 0.00 0.00 0.00 0.00 0.00 0.00 0.00 0.00 0.00 0.00 0.00 0.00 0.00 0.00 0.00 0.00 0.09 0.24 0.40 0.57 0.76 0.97 1.20 1.44 1.69 1.93 2.17 2.39 2.59 2.78 2.96 3.15 3.33 3.50 3.67 3.84 3.99 4.13 4.25 4.36 4.45 4.52 4.58 4.63 4.66 4.67 4.65 4.59 4.49 4.35 4.18 3.98 3.76 3.51 3.25 3.01 2.81 2.63 2.48 2.35 2.24 2.14 2.05 1.97
2.57 2.28 1.98 1.67 1.36 1.05 0.74 0.44 0.17 0.00 0.00 0.00 0.00 0.00 0.00 0.00 0.00 0.00 0.00 0.00 0.00 0.00 0.00 0.00 0.00 0.00 0.00 0.00 0.00 0.00 0.00 0.00 0.00 0.00 0.00 0.00 0.09 0.26 0.44 0.65 0.88 1.13 1.39 1.67 1.94 2.22 2.48 2.72 2.94 3.14 3.34 3.55 3.74 3.94 4.13 4.31 4.47 4.63 4.78 4.91 5.02 5.11 5.18 5.24 5.29 5.29 5.25 5.17 5.05 4.89 4.70 4.48 4.24 3.97 3.69 3.43 3.20 3.01 2.84 2.69 2.56 2.45 2.35 2.25
2.94 2.64 2.34 2.03 1.71 1.39 1.07 0.76 0.46 0.20 0.00 0.00 0.00 0.00 0.00 0.00 0.00 0.00 0.00 0.00 0.00 0.00 0.00 0.00 0.00 0.00 0.00 0.00 0.00 0.00 0.00 0.00 0.00 0.00 0.00 0.00 0.06 0.25 0.47 0.72 0.99 1.28 1.59 1.89 2.20 2.50 2.79 3.05 3.29 3.51 3.74 3.96 4.18 4.39 4.60 4.79 4.98 5.16 5.32 5.47 5.61 5.72 5.81 5.89 5.93 5.91 5.86 5.76 5.62 5.44 5.23 4.99 4.73 4.44 4.14 3.86 3.62 3.40 3.22 3.06 2.91 2.78 2.67 2.56
3.31 3.01 2.70 2.38 2.06 1.74 1.41 1.09 0.78 0.48 0.22 0.00 0.00 0.00 0.00 0.00 0.00 0.00 0.00 0.00 0.00 0.00 0.00 0.00 0.00 0.00 0.00 0.00 0.00 0.00 0.00 0.00 0.00 0.00 0.00 0.00 0.00 0.23 0.49 0.79 1.10 1.44 1.78 2.12 2.46 2.79 3.10 3.39 3.65 3.90 4.14 4.38 4.62 4.85 5.08 5.30 5.51 5.71 5.89 6.06 6.22 6.35 6.47 6.54 6.56 6.53 6.46 6.34 6.18 5.99 5.76 5.51 5.22 4.92 4.60 4.31 4.05 3.82 3.62 3.44 3.28 3.14 3.01 2.90
3.69 3.38 3.07 2.74 2.41 2.08 1.75 1.42 1.10 0.79 0.50 0.22 0.00 0.00 0.00 0.00 0.00 0.00 0.00 0.00 0.00 0.00 0.00 0.00 0.00 0.00 0.00 0.00 0.00 0.00 0.00 0.00 0.00 0.00 0.00 0.00 0.00 0.19 0.50 0.85 1.21 1.58 1.97 2.35 2.72 3.08 3.42 3.74 4.02 4.29 4.55 4.82 5.08 5.33 5.58 5.82 6.06 6.28 6.48 6.68 6.86 7.01 7.12 7.18 7.19 7.14 7.05 6.92 6.75 6.54 6.30 6.02 5.73 5.40 5.07 4.76 4.49 4.24 4.03 3.84 3.67 3.52 3.38 3.26
4.06 3.75 3.43 3.10 2.77 2.43 2.09 1.76 1.43 1.11 0.78 0.46 0.15 0.00 0.00 0.00 0.00 0.00 0.00 0.00 0.00 0.00 0.00 0.00 0.00 0.00 0.00 0.00 0.00 0.00 0.00 0.00 0.00 0.00 0.00 0.00 0.00 0.14 0.50 0.90 1.31 1.73 2.15 2.57 2.98 3.38 3.75 4.09 4.40 4.69 4.98 5.26 5.55 5.83 6.10 6.36 6.62 6.86 7.10 7.31 7.51 7.67 7.77 7.81 7.80 7.75 7.64 7.50 7.31 7.09 6.83 6.54 6.23 5.89 5.55 5.22 4.94 4.68 4.45 4.25 4.08 3.92 3.77 3.63
4.43 4.12 3.79 3.46 3.12 2.77 2.43 2.09 1.75 1.40 1.05 0.69 0.33 0.01 0.00 0.00 0.00 0.00 0.00 0.00 0.00 0.00 0.00 0.00 0.00 0.00 0.00 0.00 0.00 0.00 0.00 0.00 0.00 0.00 0.00 0.00 0.00 0.08 0.50 0.94 1.40 1.86 2.33 2.79 3.24 3.67 4.07 4.44 4.78 5.09 5.40 5.72 6.03 6.33 6.63 6.92 7.20 7.47 7.73 7.97 8.16 8.31 8.39 8.43 8.41 8.34 8.22 8.06 7.86 7.63 7.36 7.06 6.73 6.39 6.02 5.69 5.39 5.13 4.89 4.68 4.49 4.33 4.17 4.03
4.80 4.48 4.15 3.81 3.46 3.11 2.76 2.41 2.05 1.67 1.29 0.90 0.52 0.15 0.00 0.00 0.00 0.00 0.00 0.00 0.00 0.00 0.00 0.00 0.00 0.00 0.00 0.00 0.00 0.00 0.00 0.00 0.00 0.00 0.00 0.00 0.00 0.04 0.48 0.97 1.48 1.99 2.51 3.01 3.49 3.96 4.40 4.80 5.16 5.50 5.84 6.18 6.51 6.85 7.17 7.49 7.80 8.09 8.37 8.61 8.80 8.93 9.00 9.02 8.99 8.91 8.79 8.62 8.41 8.16 7.88 7.57 7.24 6.88 6.50 6.16 5.85 5.58 5.33 5.12 4.92 4.75 4.59 4.44
5.15 4.83 4.49 4.15 3.80 3.44 3.08 2.71 2.32 1.91 1.50 1.09 0.69 0.29 0.00 0.00 0.00 0.00 0.00 0.00 0.00 0.00 0.00 0.00 0.00 0.00 0.00 0.00 0.00 0.00 0.00 0.00 0.00 0.00 0.00 0.00 0.00 0.04 0.49 1.00 1.55 2.12 2.67 3.22 3.75 4.25 4.72 5.15 5.55 5.91 6.28 6.65 7.01 7.37 7.72 8.07 8.41 8.73 9.01 9.24 9.41 9.53 9.59 9.60 9.56 9.47 9.34 9.16 8.94 8.68 8.40 8.08 7.73 7.36 6.98 6.63 6.31 6.03 5.78 5.56 5.36 5.18 5.02 4.86
5.50 5.17 4.83 4.48 4.12 3.76 3.37 2.97 2.55 2.12 1.69 1.26 0.83 0.42 0.03 0.00 0.00 0.00 0.00 0.00 0.00 0.00 0.00 0.00 0.00 0.00 0.00 0.00 0.00 0.00 0.00 0.00 0.00 0.00 0.00 0.00 0.00 0.09 0.54 1.05 1.62 2.23 2.83 3.42 3.99 4.53 5.04 5.51 5.93 6.33 6.73 7.12 7.52 7.90 8.29 8.66 9.02 9.35 9.62 9.83 9.99 10.10 10.15 10.15 10.11 10.01 9.87 9.69 9.46 9.20 8.90 8.57 8.22 7.84 7.45 7.09 6.77 6.48 6.23 6.00 5.80 5.62 5.44 5.26
5.83 5.50 5.15 4.80 4.43 4.04 3.63 3.20 2.76 2.30 1.85 1.40 0.96 0.53 0.12 0.00 0.00 0.00 0.00 0.00 0.00 0.00 0.00 0.00 0.00 0.00 0.00 0.00 0.00 0.00 0.00 0.00 0.00 0.00 0.00 0.00 0.00 0.20 0.65 1.16 1.72 2.34 2.98 3.62 4.23 4.82 5.36 5.87 6.32 6.75 7.18 7.60 8.03 8.45 8.86 9.26 9.63 9.94 10.19 10.39 10.54 10.64 10.68 10.68 10.63 10.53 10.38 10.19 9.96 9.69 9.39 9.06 8.70 8.31 7.92 7.55 7.23 6.93 6.68 6.45 6.24 6.05 5.85 5.63
6.14 5.81 5.46 5.10 4.71 4.29 3.85 3.40 2.93 2.45 1.98 1.51 1.06 0.61 0.20 0.00 0.00 0.00 0.00 0.00 0.00 0.00 0.00 0.00 0.00 0.00 0.00 0.00 0.00 0.00 0.00 0.00 0.00 0.00 0.00 0.00 0.00 0.36 0.81 1.32 1.87 2.48 3.13 3.81 4.47 5.09 5.68 6.22 6.71 7.17 7.63 8.08 8.54 8.99 9.44 9.84 10.19 10.49 10.73 10.92 11.06 11.15 11.19 11.18 11.12 11.02 10.87 10.68 10.44 10.17 9.86 9.53 9.16 8.77 8.38 8.00 7.67 7.38 7.12 6.89 6.67 6.45 6.21 5.96
6.44 6.10 5.75 5.36 4.94 4.50 4.03 3.56 3.07 2.57 2.08 1.60 1.13 0.68 0.25 0.00 0.00 0.00 0.00 0.00 0.00 0.00 0.00 0.00 0.00 0.00 0.00 0.00 0.00 0.00 0.00 0.00 0.00 0.00 0.00 0.00 0.17 0.58 1.03 1.54 2.08 2.68 3.32 4.00 4.69 5.36 5.99 6.57 7.09 7.58 8.08 8.57 9.06 9.54 9.99 10.38 10.72 11.00 11.23 11.41 11.54 11.62 11.66 11.64 11.58 11.47 11.32 11.13 10.90 10.62 10.32 9.98 9.61 9.22 8.82 8.45 8.11 7.82 7.56 7.32 7.07 6.81 6.54 6.26
6.72 6.37 5.99 5.58 5.13 4.67 4.18 3.68 3.17 2.66 2.16 1.66 1.18 0.72 0.28 0.00 0.00 0.00 0.00 0.00 0.00 0.00 0.00 0.00 0.00 0.00 0.00 0.00 0.00 0.00 0.00 0.00 0.00 0.00 0.00 0.08 0.45 0.87 1.32 1.82 2.36 2.94 3.56 4.22 4.92 5.62 6.29 6.91 7.47 8.00 8.53 9.06 9.58 10.06 10.50 10.88 11.20 11.47 11.69 11.86 11.99 12.06 12.09 12.07 12.00 11.90 11.75 11.56 11.33 11.06 10.75 10.41 10.04 9.65 9.25 8.87 8.54 8.25 7.98 7.70 7.42 7.12 6.82 6.51
6.97 6.60 6.19 5.75 5.28 4.79 4.29 3.77 3.24 2.72 2.20 1.69 1.20 0.74 0.30 0.00 0.00 0.00 0.00 0.00 0.00 0.00 0.00 0.00 0.00 0.00 0.00 0.00 0.00 0.00 0.00 0.00 0.00 0.00 0.07 0.42 0.80 1.23 1.68 2.18 2.71 3.27 3.88 4.51 5.18 5.89 6.59 7.25 7.85 8.41 8.98 9.54 10.06 10.54 10.96 11.32 11.63 11.90 12.11 12.27 12.39 12.46 12.48 12.46 12.39 12.28 12.14 11.95 11.72 11.45 11.15 10.82 10.45 10.06 9.66 9.28 8.95 8.65 8.35 8.03 7.71 7.38 7.05 6.71
7.18 6.78 6.35 5.88 5.39 4.88 4.35 3.82 3.28 2.74 2.21 1.70 1.20 0.73 0.29 0.00 0.00 0.00 0.00 0.00 0.00 0.00 0.00 0.00 0.00 0.00 0.00 0.00 0.00 0.00 0.00 0.00 0.00 0.14 0.47 0.83 1.23 1.66 2.12 2.61 3.13 3.68 4.26 4.88 5.52 6.19 6.89 7.58 8.22 8.82 9.42 9.99 10.50 10.96 11.36 11.72 12.02 12.27 12.48 12.63 12.74 12.81 12.83 12.80 12.74 12.63 12.49 12.30 12.08 11.82 11.52 11.19 10.83 10.44 10.04 9.67 9.33 9.00 8.65 8.30 7.95 7.59 7.23 6.87
7.33 6.91 6.45 5.96 5.45 4.92 4.38 3.83 3.28 2.73 2.20 1.67 1.17 0.70 0.25 0.00 0.00 0.00 0.00 0.00 0.00 0.00 0.00 0.00 0.00 0.00 0.00 0.00 0.00 0.00 0.00 0.00 0.27 0.59 0.95 1.33 1.74 2.17 2.63 3.12 3.63 4.17 4.73 5.32 5.93 6.57 7.23 7.91 8.58 9.22 9.83 10.38 10.88 11.32 11.71 12.06 12.35 12.60 12.79 12.94 13.05 13.11 13.13 13.11 13.04 12.94 12.80 12.61 12.40 12.15 11.86 11.54 11.19 10.81 10.41 10.03 9.66 9.28 8.89 8.51 8.12 7.73 7.35 6.96
7.43 6.98 6.50 6.00 5.47 4.92 4.37 3.80 3.24 2.69 2.14 1.62 1.11 0.64 0.20 0.00 0.00 0.00 0.00 0.00 0.00 0.00 0.00 0.00 0.00 0.00 0.00 0.00 0.00 0.00 0.14 0.45 0.78 1.13 1.51 1.91 2.33 2.77 3.23 3.71 4.21 4.74 5.28 5.85 6.43 7.03 7.65 8.29 8.94 9.57 10.16 10.70 11.18 11.62 12.00 12.33 12.62 12.86 13.05 13.20 13.30 13.36 13.38 13.36 13.30 13.20 13.06 12.89 12.68 12.44 12.16 11.85 11.51 11.15 10.75 10.33 9.91 9.50 9.08 8.66 8.24 7.82 7.41 7.01
7.46 6.99 6.50 5.97 5.43 4.87 4.30 3.73 3.17 2.61 2.06 1.53 1.03 0.56 0.12 0.00 0.00 0.00 0.00 0.00 0.00 0.00 0.00 0.00 0.00 0.00 0.00 0.00 0.00 0.31 0.64 0.99 1.35 1.73 2.13 2.55 2.98 3.43 3.89 4.38 4.87 5.38 5.91 6.45 7.01 7.58 8.16 8.74 9.24 9.74 10.30 10.84 11.32 11.75 12.14 12.47 12.76 13.00 13.20 13.35 13.47 13.54 13.56 13.55 13.51 13.42 13.30 13.14 12.95 12.73 12.47 12.19 11.87 11.52 11.11 10.67 10.20 9.74 9.29 8.83 8.38 7.94 7.50 7.07
7.42 6.93 6.42 5.89 5.33 4.77 4.19 3.62 3.05 2.49 1.95 1.42 0.93 0.46 0.04 0.00 0.00 0.00 0.00 0.00 0.00 0.00 0.00 0.00 0.00 0.00 0.00 0.07 0.42 0.79 1.16 1.55 1.95 2.37 2.79 3.23 3.68 4.14 4.61 5.10 5.59 6.09 6.60 7.13 7.66 8.20 8.73 9.17 9.46 9.77 10.22 10.75 11.24 11.69 12.09 12.44 12.75 13.01 13.22 13.40 13.53 13.63 13.68 13.70 13.68 13.62 13.53 13.41 13.25 13.06 12.84 12.59 12.30 11.95 11.54 11.08 10.59 10.08 9.58 9.09 8.61 8.13 7.67 7.21
7.30 6.81 6.28 5.74 5.18 4.61 4.04 3.47 2.90 2.34 1.81 1.29 0.81 0.35 0.00 0.00 0.00 0.00 0.00 0.00 0.00 0.00 0.00 0.00 0.00 0.00 0.05 0.45 0.86 1.28 1.70 2.14 2.58 3.03 3.48 3.95 4.42 4.89 5.37 5.86 6.35 6.85 7.35 7.85 8.36 8.86 9.27 9.51 9.62 9.74 10.03 10.46 10.97 11.44 11.87 12.25 12.59 12.89 13.14 13.35 13.53 13.66 13.76 13.81 13.84 13.82 13.78 13.70 13.59 13.45 13.28 13.07 12.78 12.43 12.01 11.55 11.04 10.51 9.97 9.44 8.91 8.40 7.91 7.43
7.13 6.62 6.09 5.54 4.98 4.42 3.84 3.28 2.72 2.17 1.64 1.14 0.67 0.23 0.00 0.00 0.00 0.00 0.00 0.00 0.00 0.00 0.00 0.00 0.00 0.00 0.35 0.81 1.28 1.76 2.24 2.72 3.21 3.70 4.19 4.68 5.17 5.66 6.16 6.65 7.14 7.64 8.13 8.63 9.10 9.48 9.71 9.78 9.71 9.66 9.79 10.09 10.53 11.03 11.51 11.94 12.33 12.67 12.97 13.24 13.46 13.65 13.80 13.92 14.00 14.05 14.06 14.05 14.00 13.92 13.80 13.60 13.31 12.95 12.53 12.06 11.55 11.00 10.43 9.86 9.29 8.75 8.22 7.70
6.91 6.38 5.84 5.29 4.74 4.18 3.61 3.05 2.51 1.97 1.46 0.98 0.52 0.11 0.00 0.00 0.00 0.00 0.00 0.00 0.00 0.00 0.00 0.00 0.00 0.21 0.66 1.16 1.69 2.23 2.77 3.30 3.83 4.36 4.89 5.41 5.93 6.44 6.95 7.46 7.96 8.45 8.94 9.41 9.78 9.99 10.05 9.96 9.73 9.54 9.54 9.71 10.04 10.50 11.02 11.51 11.96 12.37 12.74 13.07 13.36 13.62 13.84 14.03 14.19 14.31 14.40 14.46 14.49 14.48 14.37 14.16 13.87 13.51 13.08 12.61 12.09 11.54 10.96 10.35 9.74 9.16 8.59 8.04
6.65 6.10 5.55 5.00 4.45 3.90 3.35 2.80 2.27 1.75 1.26 0.80 0.37 0.00 0.00 0.00 0.00 0.00 0.00 0.00 0.00 0.00 0.00 0.00 0.07 0.50 0.99 1.51 2.07 2.67 3.26 3.85 4.44 5.01 5.57 6.13 6.68 7.22 7.75 8.27 8.78 9.28 9.75 10.12 10.33 10.39 10.30 10.07 9.70 9.38 9.26 9.32 9.55 9.93 10.43 10.99 11.52 12.01 12.46 12.87 13.25 13.59 13.90 14.18 14.42 14.63 14.81 14.97 15.07 15.07 14.96 14.76 14.47 14.10 13.66 13.18 12.66 12.10 11.51 10.90 10.26 9.63 9.02 8.44
6.35 5.79 5.23 4.67 4.13 3.59 3.05 2.53 2.01 1.52 1.05 0.62 0.22 0.00 0.00 0.00 0.00 0.00 0.00 0.00 0.00 0.00 0.00 0.00 0.34 0.81 1.31 1.86 2.45 3.08 3.72 4.37 5.01 5.63 6.24 6.83 7.41 7.98 8.53 9.07 9.59 10.08 10.47 10.70 10.77 10.69 10.47 10.11 9.63 9.19 8.97 8.94 9.09 9.40 9.85 10.41 11.02 11.60 12.15 12.66 13.14 13.58 13.99 14.37 14.72 15.04 15.32 15.56 15.68 15.68 15.58 15.37 15.08 14.70 14.27 13.78 13.25 12.69 12.09 11.47 10.82 10.16 9.51 8.89
6.03 5.46 4.89 4.33 3.78 3.25 2.73 2.23 1.74 1.28 0.84 0.43 0.06 0.00 0.00 0.00 0.00 0.00 0.00 0.00 0.00 0.00 0.00 0.18 0.62 1.11 1.64 2.21 2.82 3.47 4.14 4.84 5.53 6.20 6.86 7.49 8.11 8.71 9.29 9.84 10.37 10.78 11.04 11.14 11.08 10.89 10.55 10.08 9.50 8.98 8.67 8.57 8.66 8.92 9.32 9.86 10.50 11.18 11.84 12.46 13.05 13.61 14.14 14.64 15.10 15.54 15.92 16.18 16.30 16.31 16.20 16.00 15.70 15.33 14.88 14.39 13.86 13.29 12.69 12.06 11.40 10.73 10.05 9.39
5.69 5.11 4.54 3.98 3.42 2.90 2.39 1.92 1.46 1.02 0.62 0.25 0.00 0.00 0.00 0.00 0.00 0.00 0.00 0.00 0.00 0.00 0.03 0.44 0.91 1.41 1.96 2.56 3.18 3.85 4.54 5.26 6.00 6.72 7.43 8.11 8.76 9.39 10.00 10.57 11.03 11.32 11.46 11.45 11.29 10.99 10.56 10.00 9.34 8.74 8.37 8.21 8.26 8.48 8.87 9.39 10.03 10.76 11.54 12.29 13.01 13.70 14.36 14.99 15.59 16.13 16.54 16.80 16.93 16.94 16.84 16.63 16.33 15.95 15.50 15.01 14.47 13.89 13.29 12.65 11.99 11.32 10.62 9.93
