data_processed/recharge/precip/Precip_2008_05.asc
ncols        168
nrows        136
xllcorner    455000
yllcorner    2107000
cellsize     500
NODATA_value     -99999
[rows 102 to 135 of 136, columns 77 to 153 of 168]
37.84 37.25 36.60 35.90 35.16 34.38 33.57 32.74 31.90 31.06 30.22 29.39 28.58 27.80 27.06 26.36 25.71 25.12 24.59 24.12 23.67 23.23 22.76 22.17 21.49 20.75 20.02 19.31 18.62 17.96 17.34 16.77 16.27 15.83 15.47 15.20 15.02 14.95 14.99 15.15 15.44 15.87 16.45 17.19 18.02 18.77 19.35 19.85 20.47 21.23 22.17 23.32 24.67 26.20 27.90 29.75 31.74 33.86 36.07 38.38 40.77 43.21 45.70 48.21 50.74 53.26 55.77 58.24 60.66 63.02 65.31 67.50 69.36 70.52 70.97 70.89 70.50
37.83 37.24 36.59 35.89 35.16 34.39 33.59 32.79 31.97 31.15 30.34 29.55 28.78 28.04 27.34 26.68 26.09 25.55 25.09 24.70 24.38 24.09 23.77 23.32 22.79 22.22 21.64 21.05 20.46 19.88 19.32 18.79 18.29 17.84 17.44 17.10 16.83 16.65 16.55 16.55 16.66 16.89 17.24 17.72 18.35 19.05 19.64 20.16 20.79 21.61 22.65 23.89 25.32 26.93 28.69 30.60 32.64 34.79 37.03 39.36 41.75 44.19 46.67 49.16 51.66 54.15 56.61 59.02 61.37 63.66 65.85 67.93 69.69 70.72 71.17 71.26 71.05
37.79 37.20 36.56 35.87 35.15 34.40 33.62 32.84 32.05 31.27 30.49 29.74 29.01 28.32 27.67 27.07 26.53 26.05 25.65 25.34 25.11 24.96 24.80 24.54 24.21 23.83 23.41 22.95 22.48 21.99 21.49 20.99 20.51 20.05 19.62 19.23 18.89 18.60 18.38 18.23 18.17 18.19 18.32 18.56 18.92 19.40 19.94 20.47 21.16 22.07 23.20 24.51 26.01 27.68 29.49 31.44 33.51 35.68 37.94 40.27 42.65 45.08 47.53 49.99 52.44 54.88 57.27 59.61 61.89 64.08 66.17 68.14 69.78 70.84 71.50 71.79 71.76
37.70 37.12 36.49 35.82 35.11 34.38 33.64 32.88 32.13 31.38 30.65 29.94 29.26 28.62 28.03 27.49 27.01 26.61 26.28 26.04 25.90 25.85 25.87 25.84 25.72 25.54 25.29 24.98 24.62 24.23 23.81 23.37 22.91 22.45 22.00 21.57 21.15 20.77 20.44 20.15 19.92 19.76 19.68 19.68 19.78 19.98 20.30 20.81 21.59 22.58 23.78 25.16 26.72 28.43 30.28 32.25 34.34 36.52 38.77 41.09 43.45 45.85 48.26 50.67 53.07 55.43 57.75 60.01 62.19 64.27 66.25 68.10 69.77 71.07 71.96 72.47 72.63
37.29 36.73 36.12 35.48 34.81 34.12 33.42 32.71 32.00 31.31 30.63 29.98 29.36 28.79 28.27 27.80 27.41 27.08 26.84 26.69 26.63 26.68 26.82 26.99 27.11 27.13 27.06 26.91 26.69 26.40 26.07 25.69 25.27 24.83 24.37 23.90 23.43 22.97 22.53 22.11 21.73 21.40 21.11 20.89 20.74 20.68 20.76 21.15 21.96 23.03 24.29 25.73 27.34 29.09 30.97 32.97 35.07 37.25 39.50 41.80 44.14 46.50 48.87 51.23 53.56 55.85 58.09 60.26 62.33 64.31 66.17 67.95 69.65 71.17 72.32 73.06 73.42
36.42 35.90 35.34 34.75 34.13 33.49 32.85 32.20 31.56 30.94 30.34 29.76 29.23 28.74 28.31 27.94 27.64 27.41 27.28 27.23 27.27 27.40 27.62 27.91 28.22 28.46 28.58 28.61 28.53 28.37 28.13 27.83 27.46 27.05 26.59 26.10 25.59 25.06 24.53 24.00 23.48 22.98 22.51 22.08 21.70 21.43 21.35 21.58 22.26 23.35 24.69 26.19 27.85 29.64 31.55 33.57 35.68 37.87 40.11 42.40 44.72 47.04 49.37 51.68 53.95 56.17 58.33 60.40 62.38 64.25 66.04 67.79 69.48 71.04 72.40 73.40 73.99
35.13 34.67 34.18 33.65 33.10 32.54 31.98 31.41 30.86 30.32 29.81 29.34 28.91 28.52 28.20 27.94 27.75 27.65 27.63 27.69 27.82 28.02 28.32 28.69 29.11 29.53 29.86 30.06 30.15 30.13 30.00 29.78 29.48 29.11 28.67 28.17 27.63 27.05 26.43 25.80 25.15 24.50 23.86 23.24 22.69 22.28 22.06 22.13 22.65 23.63 24.98 26.54 28.25 30.08 32.03 34.07 36.20 38.39 40.63 42.90 45.20 47.49 49.77 52.03 54.24 56.39 58.47 60.46 62.34 64.14 65.90 67.63 69.29 70.84 72.26 73.46 74.30
33.54 33.10 32.68 32.24 31.78 31.32 30.85 30.38 29.93 29.51 29.11 28.75 28.44 28.18 27.98 27.85 27.80 27.83 27.92 28.06 28.27 28.56 28.93 29.37 29.86 30.38 30.89 31.29 31.54 31.67 31.67 31.55 31.33 31.01 30.60 30.11 29.54 28.92 28.24 27.52 26.76 25.97 25.17 24.41 23.75 23.23 22.89 22.82 23.19 23.99 25.22 26.79 28.55 30.43 32.41 34.48 36.62 38.82 41.06 43.32 45.59 47.85 50.10 52.30 54.45 56.54 58.54 60.44 62.26 64.03 65.77 67.47 69.11 70.64 72.04 73.30 74.34
31.82 31.27 30.90 30.56 30.21 29.86 29.50 29.16 28.83 28.53 28.27 28.04 27.86 27.75 27.69 27.71 27.81 27.96 28.14 28.36 28.65 29.02 29.47 29.98 30.52 31.10 31.70 32.27 32.71 33.00 33.13 33.13 33.00 32.74 32.38 31.90 31.34 30.68 29.95 29.15 28.29 27.39 26.48 25.63 24.89 24.27 23.81 23.62 23.85 24.50 25.57 27.02 28.78 30.70 32.72 34.81 36.97 39.18 41.41 43.66 45.91 48.15 50.35 52.50 54.60 56.61 58.54 60.38 62.17 63.92 65.63 67.31 68.93 70.44 71.82 73.06 74.16
30.06 29.38 28.93 28.66 28.44 28.21 27.99 27.79 27.60 27.45 27.33 27.26 27.24 27.28 27.39 27.57 27.80 28.04 28.30 28.60 28.96 29.41 29.93 30.51 31.12 31.76 32.40 33.05 33.65 34.11 34.40 34.52 34.49 34.32 34.00 33.56 33.00 32.34 31.56 30.70 29.76 28.77 27.81 26.91 26.09 25.39 24.83 24.53 24.63 25.15 26.06 27.35 28.98 30.90 32.96 35.08 37.25 39.47 41.70 43.94 46.17 48.38 50.54 52.65 54.69 56.64 58.51 60.32 62.09 63.81 65.50 67.14 68.74 70.22 71.59 72.82 73.90
28.28 27.49 26.95 26.64 26.51 26.43 26.36 26.31 26.29 26.30 26.35 26.45 26.60 26.82 27.11 27.43 27.74 28.06 28.40 28.77 29.22 29.74 30.34 30.98 31.66 32.35 33.04 33.73 34.40 35.01 35.46 35.72 35.81 35.73 35.48 35.09 34.55 33.88 33.08 32.17 31.18 30.17 29.17 28.22 27.35 26.57 25.94 25.54 25.53 25.93 26.70 27.83 29.30 31.10 33.14 35.29 37.48 39.70 41.94 44.17 46.38 48.56 50.69 52.75 54.73 56.63 58.48 60.26 62.00 63.70 65.35 66.98 68.54 70.01 71.35 72.56 73.63
26.51 25.63 25.02 24.65 24.51 24.55 24.65 24.78 24.93 25.12 25.36 25.65 26.00 26.41 26.85 27.25 27.64 28.04 28.45 28.91 29.42 30.02 30.70 31.41 32.14 32.88 33.63 34.35 35.06 35.73 36.32 36.73 36.95 36.97 36.81 36.47 35.96 35.30 34.49 33.57 32.58 31.57 30.55 29.57 28.65 27.82 27.11 26.63 26.53 26.82 27.46 28.46 29.78 31.41 33.32 35.46 37.67 39.90 42.14 44.36 46.55 48.70 50.80 52.81 54.75 56.63 58.44 60.20 61.91 63.58 65.21 66.80 68.34 69.78 71.10 72.29 73.35
24.77 23.84 23.17 22.76 22.60 22.67 22.91 23.23 23.58 23.98 24.42 24.92 25.47 26.04 26.56 27.04 27.51 27.98 28.47 29.00 29.59 30.27 31.01 31.79 32.59 33.38 34.17 34.93 35.67 36.37 37.01 37.55 37.91 38.05 37.98 37.71 37.25 36.61 35.83 34.93 33.97 32.96 31.94 30.94 29.99 29.12 28.35 27.81 27.62 27.81 28.35 29.22 30.41 31.88 33.63 35.64 37.83 40.07 42.31 44.52 46.70 48.83 50.88 52.86 54.77 56.62 58.40 60.14 61.82 63.46 65.05 66.62 68.13 69.54 70.84 72.02 73.06
23.09 22.13 21.44 21.02 20.85 20.93 21.23 21.72 22.29 22.90 23.57 24.29 25.00 25.66 26.25 26.81 27.36 27.90 28.46 29.07 29.74 30.48 31.30 32.15 33.00 33.85 34.68 35.48 36.25 36.97 37.63 38.22 38.69 38.96 39.00 38.81 38.42 37.83 37.10 36.25 35.32 34.33 33.32 32.32 31.35 30.45 29.65 29.05 28.80 28.91 29.35 30.11 31.17 32.51 34.11 35.95 38.01 40.22 42.46 44.67 46.83 48.93 50.96 52.91 54.79 56.61 58.36 60.06 61.72 63.32 64.89 66.42 67.90 69.29 70.57 71.72 72.75
21.50 20.53 19.84 19.43 19.29 19.40 19.75 20.33 21.09 21.94 22.84 23.73 24.53 25.26 25.94 26.57 27.19 27.80 28.44 29.12 29.86 30.68 31.57 32.48 33.39 34.29 35.16 36.00 36.80 37.54 38.22 38.82 39.33 39.70 39.86 39.77 39.46 38.96 38.30 37.51 36.63 35.68 34.69 33.70 32.73 31.82 30.99 30.35 30.05 30.09 30.45 31.12 32.07 33.28 34.75 36.43 38.33 40.41 42.61 44.82 46.96 49.04 51.03 52.95 54.80 56.59 58.32 59.99 61.61 63.18 64.72 66.22 67.67 69.03 70.28 71.41 72.42
20.03 19.07 18.41 18.04 17.94 18.11 18.52 19.18 20.07 21.13 22.21 23.19 24.07 24.87 25.62 26.33 27.02 27.71 28.42 29.17 29.98 30.87 31.83 32.80 33.77 34.72 35.63 36.51 37.34 38.10 38.79 39.40 39.91 40.31 40.57 40.60 40.40 40.00 39.42 38.71 37.89 36.99 36.04 35.07 34.12 33.21 32.37 31.70 31.36 31.35 31.64 32.23 33.09 34.19 35.53 37.08 38.83 40.74 42.81 44.97 47.10 49.14 51.11 52.99 54.81 56.57 58.26 59.90 61.49 63.03 64.53 66.00 67.42 68.75 69.97 71.08 72.07
18.69 17.77 17.17 16.86 16.83 17.08 17.59 18.35 19.35 20.47 21.61 22.66 23.61 24.49 25.31 26.09 26.85 27.61 28.40 29.22 30.10 31.07 32.09 33.13 34.15 35.14 36.10 37.01 37.87 38.65 39.36 39.97 40.48 40.88 41.16 41.29 41.22 40.93 40.46 39.84 39.09 38.26 37.36 36.43 35.50 34.61 33.77 33.09 32.73 32.67 32.92 33.44 34.21 35.23 36.46 37.88 39.49 41.26 43.16 45.17 47.23 49.24 51.17 53.03 54.81 56.53 58.19 59.80 61.35 62.86 64.33 65.77 67.15 68.45 69.65 70.74 71.71
17.51 16.67 16.14 15.92 15.99 16.35 16.98 17.86 18.89 19.96 21.06 22.15 23.18 24.13 25.02 25.87 26.70 27.54 28.39 29.28 30.24 31.27 32.37 33.46 34.54 35.58 36.58 37.52 38.40 39.21 39.93 40.55 41.06 41.45 41.72 41.88 41.91 41.75 41.39 40.87 40.22 39.47 38.63 37.76 36.87 36.00 35.18 34.51 34.14 34.06 34.27 34.73 35.44 36.37 37.51 38.83 40.31 41.94 43.67 45.49 47.39 49.33 51.23 53.05 54.80 56.49 58.12 59.69 61.21 62.68 64.12 65.51 66.87 68.13 69.31 70.37 71.32
16.53 15.78 15.35 15.24 15.44 15.93 16.69 17.62 18.60 19.60 20.64 21.70 22.77 23.79 24.76 25.68 26.58 27.49 28.41 29.37 30.40 31.50 32.66 33.81 34.94 36.03 37.07 38.05 38.96 39.78 40.51 41.13 41.63 42.01 42.28 42.43 42.50 42.45 42.22 41.82 41.27 40.61 39.86 39.05 38.22 37.40 36.61 35.95 35.58 35.49 35.68 36.10 36.76 37.63 38.68 39.91 41.28 42.76 44.32 45.95 47.67 49.45 51.28 53.07 54.78 56.44 58.03 59.56 61.05 62.48 63.88 65.25 66.56 67.80 68.94 69.98 70.90
15.77 15.13 14.83 14.86 15.20 15.84 16.66 17.54 18.45 19.39 20.37 21.39 22.44 23.50 24.53 25.53 26.50 27.47 28.46 29.50 30.59 31.75 32.98 34.20 35.38 36.51 37.59 38.60 39.53 40.37 41.11 41.73 42.22 42.58 42.84 42.99 43.06 43.05 42.93 42.66 42.23 41.68 41.02 40.30 39.54 38.77 38.03 37.40 37.05 36.97 37.14 37.54 38.16 38.98 39.97 41.11 42.36 43.68 45.07 46.53 48.07 49.67 51.35 53.07 54.75 56.37 57.92 59.42 60.87 62.27 63.63 64.96 66.24 67.44 68.55 69.56 70.47
15.25 14.75 14.61 14.80 15.30 16.01 16.77 17.58 18.42 19.31 20.24 21.21 22.23 23.28 24.36 25.42 26.46 27.50 28.56 29.66 30.82 32.05 33.35 34.62 35.85 37.03 38.15 39.19 40.14 41.00 41.73 42.33 42.80 43.16 43.41 43.56 43.63 43.62 43.55 43.39 43.10 42.66 42.12 41.49 40.81 40.11 39.43 38.85 38.53 38.47 38.64 39.04 39.64 40.41 41.34 42.39 43.50 44.67 45.91 47.21 48.58 50.01 51.52 53.09 54.71 56.28 57.80 59.26 60.67 62.03 63.36 64.65 65.89 67.06 68.14 69.12 70.00
15.00 14.67 14.70 15.07 15.65 16.30 16.99 17.73 18.52 19.36 20.25 21.18 22.16 23.19 24.26 25.37 26.48 27.59 28.72 29.88 31.10 32.41 33.76 35.09 36.37 37.60 38.75 39.82 40.79 41.65 42.36 42.94 43.40 43.74 43.98 44.13 44.20 44.20 44.14 44.03 43.85 43.55 43.13 42.61 42.03 41.42 40.81 40.30 40.02 39.99 40.18 40.58 41.17 41.92 42.78 43.70 44.67 45.71 46.80 47.95 49.17 50.45 51.79 53.20 54.67 56.18 57.66 59.08 60.45 61.78 63.06 64.31 65.51 66.65 67.70 68.65 69.51
15.04 14.91 15.13 15.58 16.10 16.68 17.31 18.00 18.73 19.53 20.37 21.27 22.22 23.23 24.29 25.41 26.57 27.74 28.93 30.16 31.45 32.82 34.24 35.62 36.96 38.22 39.41 40.50 41.48 42.30 42.99 43.55 43.99 44.33 44.56 44.71 44.79 44.79 44.74 44.65 44.52 44.34 44.05 43.66 43.19 42.68 42.16 41.72 41.50 41.52 41.75 42.17 42.75 43.45 44.20 45.00 45.86 46.77 47.73 48.75 49.82 50.95 52.15 53.40 54.71 56.09 57.50 58.88 60.21 61.50 62.74 63.95 65.11 66.21 67.23 68.16 68.98
15.40 15.48 15.79 16.18 16.64 17.15 17.72 18.36 19.05 19.80 20.61 21.48 22.41 23.40 24.46 25.57 26.75 27.97 29.23 30.52 31.87 33.30 34.78 36.23 37.61 38.91 40.13 41.23 42.17 42.97 43.63 44.18 44.60 44.92 45.15 45.30 45.38 45.39 45.35 45.28 45.17 45.04 44.87 44.62 44.28 43.89 43.46 43.11 42.97 43.05 43.33 43.77 44.33 44.94 45.59 46.29 47.03 47.82 48.67 49.56 50.51 51.51 52.56 53.67 54.84 56.06 57.34 58.66 59.95 61.19 62.40 63.56 64.69 65.75 66.73 67.63 68.43
16.10 16.27 16.53 16.86 17.24 17.70 18.22 18.80 19.45 20.17 20.95 21.80 22.72 23.70 24.75 25.86 27.04 28.29 29.61 30.96 32.38 33.87 35.41 36.91 38.33 39.68 40.90 41.96 42.87 43.64 44.29 44.81 45.22 45.53 45.76 45.90 45.98 46.00 45.98 45.91 45.83 45.72 45.62 45.49 45.29 45.02 44.72 44.47 44.42 44.57 44.90 45.34 45.83 46.35 46.92 47.52 48.17 48.86 49.60 50.38 51.21 52.09 53.02 53.99 55.02 56.11 57.25 58.44 59.66 60.86 62.02 63.15 64.23 65.25 66.20 67.06 67.85
17.02 17.14 17.33 17.58 17.91 18.31 18.78 19.33 19.94 20.63 21.39 22.22 23.12 24.10 25.15 26.27 27.47 28.74 30.09 31.50 32.98 34.53 36.13 37.68 39.15 40.49 41.68 42.70 43.58 44.33 44.95 45.45 45.85 46.15 46.37 46.51 46.59 46.62 46.61 46.57 46.50 46.42 46.35 46.28 46.21 46.08 45.91 45.78 45.83 46.07 46.41 46.80 47.22 47.67 48.16 48.69 49.25 49.85 50.49 51.18 51.90 52.67 53.48 54.34 55.25 56.20 57.21 58.26 59.37 60.51 61.62 62.70 63.74 64.72 65.63 66.46 67.21
18.00 18.04 18.16 18.36 18.63 18.99 19.41 19.92 20.50 21.17 21.91 22.73 23.63 24.60 25.66 26.80 28.01 29.31 30.69 32.14 33.68 35.29 36.95 38.54 40.02 41.32 42.47 43.46 44.31 45.02 45.62 46.10 46.48 46.78 46.99 47.14 47.22 47.26 47.26 47.23 47.19 47.14 47.09 47.06 47.05 47.06 47.02 47.03 47.19 47.47 47.78 48.12 48.48 48.88 49.30 49.76 50.25 50.77 51.33 51.93 52.56 53.23 53.94 54.69 55.49 56.33 57.21 58.14 59.11 60.14 61.19 62.22 63.22 64.16 65.01 65.77 66.46
19.00 18.98 19.03 19.17 19.40 19.71 20.10 20.57 21.13 21.78 22.50 23.32 24.22 25.20 26.27 27.42 28.66 29.99 31.40 32.90 34.49 36.16 37.87 39.47 40.91 42.17 43.27 44.22 45.04 45.73 46.30 46.77 47.14 47.42 47.63 47.77 47.86 47.91 47.92 47.91 47.89 47.87 47.85 47.85 47.89 47.96 48.06 48.20 48.43 48.69 48.97 49.27 49.59 49.94 50.31 50.71 51.14 51.60 52.09 52.61 53.16 53.74 54.36 55.02 55.72 56.45 57.22 58.04 58.90 59.80 60.74 61.71 62.66 63.52 64.27 64.93 65.50
20.03 19.94 19.94 20.03 20.21 20.48 20.84 21.29 21.83 22.46 23.18 23.99 24.89 25.88 26.97 28.15 29.42 30.78 32.23 33.78 35.42 37.18 38.99 40.55 41.92 43.13 44.19 45.10 45.88 46.54 47.08 47.53 47.88 48.15 48.34 48.48 48.57 48.62 48.64 48.64 48.64 48.63 48.64 48.68 48.75 48.86 49.02 49.23 49.45 49.70 49.96 50.23 50.52 50.84 51.17 51.53 51.91 52.31 52.74 53.19 53.68 54.19 54.73 55.31 55.91 56.55 57.23 57.94 58.69 59.48 60.31 61.17 62.02 62.74 63.35 63.86 64.29
21.23 21.07 21.01 21.04 21.17 21.39 21.72 22.13 22.65 23.26 23.97 24.77 25.67 26.67 27.77 28.97 30.26 31.65 33.15 34.74 36.46 38.61 40.98 42.65 43.93 45.05 46.01 46.84 47.53 48.11 48.58 48.95 49.23 49.44 49.58 49.66 49.70 49.71 49.69 49.65 49.62 49.59 49.58 49.59 49.65 49.75 49.89 50.06 50.27 50.51 50.75 51.01 51.28 51.57 51.87 52.19 52.53 52.89 53.26 53.66 54.09 54.53 55.00 55.50 56.03 56.59 57.17 57.79 58.44 59.12 59.84 60.58 61.29 61.85 62.28 62.61 62.87
22.64 22.41 22.28 22.25 22.32 22.49 22.76 23.14 23.62 24.21 24.89 25.68 26.58 27.57 28.68 29.88 31.19 32.61 34.12 35.78 37.86 40.71 43.82 46.04 47.37 48.32 49.12 49.78 50.32 50.74 51.06 51.29 51.43 51.50 51.51 51.47 51.39 51.28 51.15 51.00 50.86 50.74 50.63 50.56 50.53 50.54 50.61 50.73 50.91 51.13 51.37 51.61 51.87 52.14 52.41 52.70 53.00 53.32 53.65 54.00 54.37 54.76 55.17 55.60 56.05 56.53 57.03 57.56 58.11 58.70 59.31 59.92 60.49 60.92 61.17 61.30 61.35
24.26 23.94 23.73 23.63 23.63 23.74 23.96 24.29 24.73 25.28 25.93 26.70 27.57 28.56 29.65 30.86 32.18 33.60 35.17 37.16 39.90 43.43 47.20 50.09 51.90 52.83 53.39 53.82 54.13 54.32 54.42 54.43 54.36 54.23 54.03 53.79 53.52 53.21 52.90 52.57 52.26 51.96 51.68 51.45 51.27 51.17 51.16 51.23 51.37 51.56 51.79 52.03 52.28 52.53 52.79 53.05 53.32 53.61 53.90 54.21 54.52 54.86 55.21 55.58 55.96 56.37 56.79 57.24 57.71 58.19 58.68 59.17 59.62 59.95 60.08 60.01 59.82
26.04 25.65 25.35 25.16 25.09 25.13 25.28 25.56 25.94 26.44 27.06 27.79 28.64 29.60 30.69 31.88 33.20 34.66 36.53 39.13 42.50 46.64 50.99 54.48 56.89 58.24 58.71 58.84 58.84 58.74 58.54 58.26 57.91 57.49 57.02 56.51 55.96 55.40 54.82 54.24 53.68 53.13 52.62 52.18 51.84 51.63 51.55 51.58 51.67 51.82 52.02 52.26 52.50 52.74 52.98 53.23 53.48 53.74 54.00 54.27 54.54 54.83 55.13 55.44 55.76 56.10 56.45 56.82 57.20 57.59 57.97 58.34 58.68 58.90 58.95 58.77 58.37
27.88 27.47 27.10 26.82 26.66 26.63 26.71 26.91 27.24 27.68 28.25 28.94 29.75 30.69 31.74 32.92 34.25 35.99 38.43 41.62 45.56 50.21 55.08 59.08 62.02 63.91 64.74 64.71 64.34 63.87 63.31 62.66 61.95 61.18 60.36 59.50 58.61 57.71 56.80 55.90 55.01 54.15 53.37 52.73 52.24 51.91 51.76 51.75 51.81 51.92 52.09 52.29 52.53 52.77 53.00 53.24 53.47 53.70 53.94 54.18 54.42 54.66 54.91 55.17 55.44 55.72 56.01 56.30 56.59 56.88 57.16 57.43 57.66 57.79 57.77 57.53 57.03
