data_processed/recharge/precip/Precip_2012_01.asc
ncols        168
nrows        136
xllcorner    455000
yllcorner    2107000
cellsize     500
NODATA_value     -99999
[rows 0 to 36 of 136, columns 83 to 165 of 168]
26.83 26.65 26.36 25.94 25.39 24.72 23.91 22.98 21.92 20.72 19.39 17.92 16.34 14.69 12.98 11.30 9.78 8.45 7.31 6.38 5.66 5.14 4.80 4.62 4.59 4.68 4.87 5.16 5.51 5.92 6.36 6.82 7.27 7.70 8.10 8.44 8.71 8.88 8.94 8.88 8.70 8.48 8.24 8.00 7.75 7.52 7.31 7.11 6.92 6.75 6.60 6.47 6.35 6.26 6.18 6.12 6.08 6.06 6.06 6.08 6.12 6.18 6.26 6.33 6.41 6.49 6.59 6.69 6.78 6.89 7.03 7.21 7.42 7.66 7.93 8.24 8.58 8.96 9.37 9.81 10.29 10.80 11.35
27.08 26.85 26.51 26.05 25.48 24.79 23.97 23.04 21.98 20.80 19.49 18.05 16.49 14.82 13.11 11.41 9.88 8.55 7.44 6.57 5.91 5.44 5.15 5.02 5.02 5.15 5.39 5.71 6.09 6.53 7.00 7.48 7.96 8.41 8.82 9.18 9.45 9.63 9.70 9.64 9.46 9.23 8.98 8.73 8.49 8.26 8.04 7.83 7.64 7.45 7.28 7.12 6.98 6.84 6.73 6.63 6.54 6.47 6.42 6.38 6.36 6.36 6.37 6.40 6.42 6.45 6.49 6.53 6.58 6.66 6.77 6.92 7.10 7.32 7.58 7.86 8.19 8.54 8.94 9.37 9.83 10.33 10.87
27.14 26.87 26.48 25.99 25.40 24.69 23.87 22.94 21.89 20.73 19.45 18.05 16.52 14.88 13.16 11.45 9.92 8.63 7.58 6.76 6.16 5.74 5.50 5.41 5.46 5.63 5.90 6.26 6.68 7.14 7.64 8.14 8.64 9.12 9.55 9.92 10.20 10.39 10.47 10.41 10.22 9.99 9.74 9.50 9.26 9.03 8.80 8.59 8.38 8.18 7.99 7.80 7.63 7.46 7.31 7.17 7.03 6.91 6.81 6.71 6.63 6.56 6.50 6.46 6.43 6.40 6.37 6.36 6.37 6.43 6.51 6.64 6.79 6.99 7.22 7.49 7.79 8.13 8.50 8.92 9.37 9.85 10.38
26.99 26.67 26.25 25.74 25.12 24.40 23.58 22.66 21.62 20.49 19.24 17.88 16.41 14.82 13.13 11.42 9.93 8.70 7.71 6.95 6.40 6.03 5.84 5.80 5.89 6.10 6.41 6.80 7.25 7.75 8.27 8.80 9.32 9.82 10.27 10.65 10.95 11.15 11.23 11.17 10.99 10.75 10.52 10.28 10.05 9.82 9.59 9.36 9.14 8.93 8.71 8.50 8.30 8.10 7.91 7.73 7.55 7.38 7.22 7.06 6.92 6.78 6.65 6.54 6.43 6.33 6.25 6.20 6.19 6.21 6.27 6.36 6.50 6.66 6.87 7.12 7.40 7.72 8.07 8.47 8.90 9.37 9.88
26.65 26.29 25.84 25.30 24.67 23.94 23.12 22.21 21.20 20.09 18.88 17.57 16.15 14.63 13.00 11.35 9.93 8.76 7.83 7.12 6.62 6.30 6.15 6.16 6.29 6.54 6.89 7.32 7.80 8.32 8.87 9.43 9.97 10.48 10.95 11.34 11.65 11.86 11.95 11.90 11.72 11.50 11.27 11.05 10.82 10.59 10.36 10.13 9.90 9.66 9.43 9.20 8.96 8.73 8.50 8.28 8.06 7.84 7.62 7.41 7.20 7.00 6.80 6.61 6.43 6.27 6.16 6.07 6.03 6.02 6.05 6.11 6.22 6.36 6.54 6.76 7.02 7.32 7.65 8.03 8.44 8.90 9.39
26.22 25.81 25.33 24.77 24.12 23.39 22.58 21.68 20.69 19.61 18.44 17.17 15.81 14.35 12.80 11.24 9.88 8.77 7.89 7.24 6.78 6.52 6.41 6.46 6.63 6.92 7.30 7.76 8.27 8.82 9.39 9.97 10.53 11.06 11.53 11.94 12.26 12.47 12.56 12.51 12.34 12.14 11.93 11.72 11.50 11.27 11.04 10.80 10.56 10.31 10.06 9.81 9.55 9.29 9.03 8.76 8.50 8.23 7.96 7.70 7.43 7.16 6.90 6.64 6.40 6.23 6.09 5.98 5.90 5.86 5.86 5.89 5.97 6.08 6.24 6.44 6.67 6.94 7.26 7.61 8.01 8.44 8.92
25.70 25.26 24.75 24.17 23.51 22.78 21.97 21.08 20.11 19.06 17.93 16.71 15.41 14.02 12.55 11.07 9.78 8.73 7.91 7.30 6.90 6.67 6.61 6.69 6.90 7.22 7.63 8.12 8.65 9.23 9.82 10.41 10.99 11.53 12.01 12.43 12.75 12.96 13.06 13.02 12.86 12.67 12.48 12.28 12.07 11.85 11.62 11.38 11.13 10.87 10.61 10.33 10.05 9.77 9.47 9.17 8.87 8.55 8.24 7.92 7.60 7.27 6.94 6.63 6.38 6.20 6.05 5.92 5.81 5.73 5.70 5.71 5.76 5.84 5.97 6.14 6.35 6.60 6.89 7.23 7.60 8.02 8.48
25.11 24.64 24.10 23.49 22.82 22.09 21.28 20.41 19.47 18.45 17.36 16.19 14.95 13.64 12.25 10.85 9.64 8.66 7.89 7.33 6.96 6.78 6.75 6.87 7.11 7.46 7.90 8.41 8.96 9.56 10.17 10.77 11.36 11.90 12.39 12.81 13.13 13.35 13.45 13.42 13.27 13.09 12.91 12.73 12.53 12.32 12.10 11.86 11.61 11.34 11.06 10.77 10.47 10.16 9.84 9.51 9.16 8.81 8.45 8.08 7.70 7.32 6.95 6.63 6.37 6.18 6.02 5.88 5.75 5.65 5.58 5.56 5.57 5.63 5.73 5.88 6.06 6.29 6.56 6.87 7.22 7.62 8.06
24.45 23.94 23.37 22.75 22.07 21.33 20.54 19.68 18.76 17.77 16.72 15.62 14.45 13.22 11.91 10.59 9.45 8.53 7.82 7.31 6.99 6.84 6.84 6.99 7.26 7.64 8.10 8.62 9.20 9.81 10.43 11.04 11.64 12.19 12.68 13.10 13.42 13.64 13.74 13.72 13.58 13.42 13.25 13.08 12.90 12.70 12.48 12.24 11.99 11.72 11.44 11.13 10.82 10.48 10.13 9.77 9.39 9.00 8.60 8.19 7.76 7.34 6.96 6.64 6.37 6.17 6.00 5.85 5.71 5.59 5.50 5.44 5.43 5.46 5.53 5.64 5.80 6.01 6.25 6.54 6.87 7.25 7.67
23.72 23.17 22.58 21.94 21.25 20.51 19.72 18.88 17.99 17.04 16.04 15.01 13.92 12.76 11.52 10.28 9.22 8.37 7.72 7.25 6.97 6.85 6.89 7.07 7.36 7.76 8.23 8.78 9.37 9.99 10.62 11.24 11.84 12.39 12.88 13.29 13.61 13.83 13.93 13.92 13.80 13.64 13.49 13.33 13.16 12.98 12.77 12.54 12.29 12.02 11.73 11.42 11.08 10.73 10.36 9.97 9.56 9.14 8.70 8.24 7.78 7.36 6.98 6.65 6.38 6.17 5.99 5.83 5.68 5.55 5.44 5.36 5.31 5.31 5.36 5.44 5.58 5.75 5.97 6.24 6.55 6.91 7.31
22.92 22.34 21.72 21.06 20.36 19.63 18.85 18.02 17.16 16.26 15.33 14.36 13.34 12.26 11.10 9.94 8.94 8.16 7.57 7.15 6.91 6.83 6.90 7.09 7.41 7.82 8.32 8.87 9.47 10.10 10.73 11.36 11.96 12.50 12.99 13.39 13.71 13.93 14.04 14.04 13.92 13.78 13.64 13.50 13.34 13.17 12.98 12.76 12.51 12.24 11.95 11.63 11.28 10.92 10.53 10.11 9.68 9.22 8.74 8.26 7.80 7.38 7.00 6.67 6.40 6.17 5.99 5.82 5.66 5.52 5.41 5.31 5.24 5.20 5.22 5.28 5.38 5.53 5.73 5.97 6.26 6.59 6.97
22.05 21.44 20.79 20.12 19.41 18.68 17.91 17.11 16.29 15.45 14.59 13.68 12.73 11.72 10.64 9.56 8.64 7.91 7.38 7.02 6.82 6.77 6.86 7.08 7.41 7.84 8.35 8.91 9.52 10.15 10.79 11.41 12.00 12.54 13.02 13.42 13.73 13.95 14.07 14.07 13.96 13.83 13.71 13.57 13.43 13.28 13.10 12.89 12.66 12.39 12.09 11.77 11.42 11.04 10.63 10.19 9.73 9.25 8.75 8.27 7.82 7.41 7.03 6.70 6.41 6.19 5.99 5.81 5.65 5.50 5.38 5.27 5.19 5.13 5.11 5.14 5.22 5.34 5.51 5.73 5.99 6.30 6.66
21.12 20.47 19.80 19.11 18.40 17.67 16.91 16.15 15.39 14.61 13.81 12.98 12.10 11.16 10.16 9.14 8.29 7.64 7.16 6.85 6.69 6.68 6.80 7.03 7.38 7.82 8.33 8.90 9.51 10.15 10.78 11.40 11.98 12.51 12.97 13.36 13.67 13.89 14.01 14.02 13.93 13.81 13.69 13.57 13.45 13.30 13.14 12.95 12.73 12.47 12.17 11.85 11.49 11.10 10.68 10.22 9.74 9.24 8.76 8.29 7.84 7.43 7.06 6.72 6.44 6.20 6.00 5.81 5.64 5.49 5.36 5.25 5.15 5.08 5.04 5.04 5.08 5.18 5.32 5.51 5.76 6.04 6.39
20.12 19.44 18.74 18.04 17.33 16.60 15.88 15.17 14.47 13.75 13.01 12.25 11.43 10.57 9.64 8.70 7.93 7.33 6.91 6.64 6.53 6.55 6.70 6.95 7.31 7.76 8.28 8.85 9.46 10.09 10.71 11.32 11.88 12.40 12.85 13.24 13.55 13.77 13.89 13.90 13.82 13.71 13.61 13.50 13.38 13.26 13.11 12.93 12.72 12.48 12.19 11.87 11.50 11.11 10.67 10.21 9.72 9.23 8.76 8.30 7.86 7.45 7.08 6.75 6.46 6.22 6.01 5.82 5.64 5.49 5.35 5.23 5.13 5.05 4.99 4.97 4.98 5.05 5.17 5.33 5.55 5.82 6.15
19.05 18.34 17.63 16.91 16.20 15.50 14.83 14.18 13.53 12.87 12.20 11.49 10.75 9.96 9.10 8.24 7.53 7.00 6.63 6.41 6.34 6.40 6.57 6.84 7.21 7.67 8.19 8.76 9.36 9.98 10.59 11.18 11.72 12.22 12.67 13.05 13.35 13.57 13.70 13.72 13.64 13.55 13.45 13.36 13.26 13.14 13.00 12.84 12.65 12.42 12.15 11.83 11.47 11.06 10.62 10.16 9.68 9.21 8.75 8.30 7.88 7.48 7.11 6.77 6.48 6.24 6.03 5.83 5.65 5.48 5.34 5.21 5.11 5.02 4.96 4.93 4.92 4.96 5.04 5.18 5.38 5.63 5.95
17.94 17.19 16.45 15.73 15.04 14.39 13.77 13.17 12.57 11.97 11.36 10.72 10.05 9.32 8.54 7.75 7.11 6.64 6.33 6.16 6.13 6.21 6.41 6.71 7.09 7.54 8.06 8.63 9.22 9.82 10.41 10.98 11.51 11.99 12.43 12.80 13.10 13.32 13.44 13.47 13.41 13.32 13.24 13.15 13.06 12.96 12.84 12.69 12.51 12.30 12.04 11.73 11.38 10.98 10.54 10.09 9.64 9.18 8.74 8.30 7.89 7.49 7.13 6.80 6.51 6.26 6.04 5.84 5.65 5.48 5.33 5.20 5.09 5.01 4.94 4.90 4.88 4.89 4.95 5.06 5.24 5.49 5.79
16.81 15.99 15.22 14.52 13.87 13.27 12.69 12.14 11.60 11.06 10.51 9.93 9.33 8.67 7.97 7.25 6.68 6.27 6.01 5.89 5.89 6.01 6.23 6.55 6.94 7.40 7.91 8.47 9.04 9.62 10.18 10.72 11.23 11.71 12.13 12.49 12.79 13.01 13.14 13.17 13.11 13.04 12.96 12.89 12.81 12.72 12.62 12.48 12.32 12.12 11.88 11.59 11.24 10.85 10.44 10.02 9.58 9.15 8.72 8.30 7.89 7.50 7.14 6.81 6.52 6.27 6.05 5.84 5.65 5.48 5.33 5.19 5.08 4.99 4.92 4.87 4.85 4.85 4.89 4.99 5.15 5.38 5.67
15.68 14.79 13.99 13.30 12.70 12.14 11.61 11.11 10.62 10.14 9.65 9.14 8.60 8.01 7.38 6.73 6.23 5.88 5.67 5.59 5.64 5.79 6.03 6.36 6.77 7.23 7.74 8.27 8.82 9.36 9.90 10.42 10.92 11.37 11.79 12.14 12.43 12.65 12.78 12.82 12.77 12.70 12.64 12.58 12.51 12.44 12.34 12.22 12.07 11.89 11.66 11.39 11.07 10.71 10.33 9.93 9.52 9.10 8.69 8.28 7.88 7.51 7.15 6.83 6.54 6.28 6.06 5.85 5.65 5.48 5.32 5.19 5.07 4.98 4.90 4.85 4.83 4.83 4.87 4.96 5.10 5.31 5.58
14.55 13.64 12.82 12.11 11.52 11.00 10.52 10.08 9.64 9.21 8.78 8.33 7.86 7.34 6.78 6.21 5.77 5.47 5.32 5.29 5.37 5.55 5.82 6.17 6.58 7.04 7.53 8.04 8.55 9.07 9.58 10.08 10.56 11.00 11.40 11.75 12.03 12.25 12.38 12.42 12.38 12.32 12.27 12.22 12.17 12.10 12.02 11.91 11.78 11.61 11.40 11.15 10.86 10.55 10.20 9.83 9.44 9.04 8.64 8.25 7.87 7.50 7.15 6.83 6.54 6.29 6.06 5.85 5.65 5.48 5.32 5.18 5.06 4.96 4.89 4.84 4.81 4.83 4.87 4.96 5.09 5.28 5.52
13.48 12.56 11.72 10.99 10.38 9.87 9.44 9.04 8.66 8.29 7.91 7.52 7.11 6.66 6.17 5.67 5.30 5.06 4.96 4.97 5.09 5.30 5.59 5.96 6.37 6.83 7.29 7.77 8.25 8.74 9.22 9.70 10.16 10.59 10.97 11.31 11.59 11.80 11.94 11.99 11.95 11.91 11.86 11.83 11.78 11.73 11.66 11.56 11.44 11.29 11.10 10.88 10.63 10.35 10.04 9.71 9.34 8.97 8.59 8.21 7.84 7.48 7.14 6.83 6.54 6.28 6.05 5.84 5.65 5.47 5.31 5.17 5.05 4.95 4.87 4.82 4.81 4.83 4.89 4.98 5.11 5.28 5.50
12.48 11.56 10.72 9.96 9.31 8.78 8.36 8.00 7.67 7.36 7.04 6.71 6.37 5.99 5.56 5.13 4.82 4.65 4.59 4.65 4.80 5.05 5.36 5.73 6.15 6.58 7.02 7.47 7.93 8.38 8.84 9.29 9.73 10.14 10.52 10.85 11.12 11.33 11.47 11.52 11.49 11.45 11.42 11.39 11.36 11.32 11.26 11.18 11.07 10.93 10.77 10.58 10.37 10.13 9.86 9.56 9.23 8.88 8.52 8.16 7.80 7.45 7.12 6.81 6.52 6.27 6.04 5.83 5.63 5.45 5.29 5.15 5.03 4.93 4.86 4.82 4.82 4.85 4.91 5.01 5.14 5.30 5.50
11.59 10.66 9.81 9.03 8.35 7.78 7.32 6.98 6.70 6.43 6.17 5.91 5.62 5.31 4.95 4.60 4.35 4.23 4.23 4.33 4.52 4.78 5.12 5.49 5.89 6.30 6.72 7.14 7.57 8.01 8.44 8.86 9.28 9.67 10.03 10.35 10.62 10.83 10.97 11.03 11.01 10.98 10.95 10.93 10.91 10.88 10.83 10.76 10.67 10.56 10.42 10.26 10.08 9.87 9.64 9.37 9.08 8.77 8.43 8.09 7.74 7.41 7.08 6.78 6.50 6.25 6.02 5.80 5.61 5.43 5.27 5.13 5.01 4.91 4.85 4.82 4.83 4.87 4.94 5.04 5.17 5.33 5.52
10.80 9.87 9.01 8.21 7.51 6.89 6.39 6.00 5.73 5.52 5.32 5.11 4.89 4.64 4.35 4.06 3.88 3.82 3.86 4.00 4.23 4.52 4.86 5.22 5.60 5.99 6.39 6.79 7.20 7.61 8.02 8.42 8.81 9.18 9.53 9.84 10.11 10.31 10.45 10.51 10.50 10.47 10.46 10.45 10.44 10.42 10.38 10.33 10.25 10.16 10.05 9.92 9.76 9.58 9.38 9.16 8.90 8.63 8.32 8.00 7.67 7.35 7.03 6.74 6.46 6.21 5.98 5.77 5.57 5.40 5.24 5.10 4.98 4.90 4.85 4.83 4.85 4.89 4.96 5.07 5.20 5.36 5.54
10.13 9.20 8.33 7.52 6.78 6.13 5.58 5.14 4.82 4.62 4.47 4.32 4.16 3.97 3.75 3.53 3.41 3.41 3.50 3.68 3.94 4.24 4.57 4.92 5.28 5.65 6.04 6.43 6.82 7.21 7.59 7.97 8.33 8.68 9.01 9.32 9.57 9.77 9.91 9.97 9.97 9.95 9.95 9.95 9.95 9.93 9.91 9.87 9.82 9.74 9.65 9.55 9.42 9.27 9.10 8.90 8.69 8.44 8.18 7.89 7.58 7.27 6.97 6.68 6.41 6.16 5.93 5.72 5.53 5.35 5.20 5.06 4.96 4.89 4.85 4.84 4.86 4.91 4.98 5.09 5.22 5.37 5.55
9.58 8.66 7.78 6.95 6.19 5.51 4.92 4.42 4.04 3.78 3.64 3.54 3.44 3.32 3.17 3.02 2.96 3.01 3.15 3.37 3.64 3.93 4.25 4.59 4.94 5.30 5.67 6.05 6.42 6.79 7.16 7.52 7.86 8.19 8.50 8.78 9.03 9.23 9.36 9.43 9.43 9.42 9.43 9.43 9.44 9.44 9.43 9.40 9.36 9.31 9.24 9.15 9.04 8.92 8.78 8.61 8.43 8.22 7.99 7.74 7.46 7.17 6.88 6.60 6.34 6.09 5.87 5.66 5.47 5.30 5.15 5.03 4.94 4.88 4.84 4.84 4.87 4.92 5.00 5.10 5.23 5.38 5.55
9.18 8.26 7.37 6.54 5.75 5.04 4.40 3.86 3.41 3.08 2.88 2.79 2.74 2.69 2.60 2.51 2.52 2.62 2.80 3.04 3.31 3.60 3.92 4.24 4.59 4.94 5.30 5.66 6.02 6.38 6.72 7.06 7.39 7.70 7.98 8.25 8.48 8.67 8.81 8.88 8.89 8.89 8.90 8.91 8.93 8.93 8.93 8.91 8.89 8.85 8.79 8.73 8.64 8.54 8.42 8.29 8.14 7.96 7.77 7.55 7.31 7.05 6.78 6.51 6.25 6.01 5.79 5.59 5.40 5.23 5.09 4.99 4.91 4.86 4.83 4.84 4.87 4.92 5.00 5.10 5.22 5.36 5.53
8.93 8.01 7.12 6.27 5.47 4.72 4.05 3.45 2.95 2.55 2.27 2.11 2.07 2.07 2.05 2.03 2.09 2.24 2.45 2.69 2.96 3.25 3.56 3.88 4.22 4.56 4.91 5.26 5.61 5.96 6.29 6.62 6.93 7.22 7.49 7.73 7.94 8.12 8.26 8.33 8.35 8.35 8.37 8.39 8.41 8.42 8.42 8.41 8.39 8.37 8.33 8.28 8.21 8.13 8.04 7.93 7.80 7.66 7.50 7.32 7.11 6.89 6.64 6.39 6.14 5.91 5.69 5.49 5.31 5.16 5.03 4.94 4.87 4.83 4.81 4.82 4.85 4.91 4.98 5.08 5.19 5.33 5.48
8.84 7.93 7.04 6.18 5.35 4.58 3.86 3.22 2.66 2.19 1.83 1.59 1.47 1.48 1.52 1.56 1.68 1.87 2.08 2.32 2.59 2.88 3.19 3.51 3.84 4.18 4.52 4.87 5.21 5.54 5.87 6.18 6.47 6.75 7.00 7.23 7.43 7.59 7.72 7.79 7.81 7.82 7.84 7.86 7.88 7.89 7.89 7.89 7.88 7.86 7.84 7.80 7.75 7.69 7.62 7.53 7.43 7.32 7.18 7.03 6.87 6.68 6.47 6.25 6.01 5.78 5.57 5.38 5.21 5.08 4.97 4.88 4.82 4.79 4.77 4.79 4.82 4.87 4.94 5.03 5.14 5.27 5.41
8.92 8.02 7.13 6.26 5.42 4.61 3.86 3.17 2.56 2.02 1.59 1.26 1.06 0.98 1.02 1.12 1.28 1.47 1.69 1.94 2.21 2.50 2.81 3.13 3.46 3.79 4.13 4.47 4.81 5.14 5.45 5.75 6.04 6.30 6.54 6.76 6.94 7.08 7.19 7.26 7.28 7.29 7.31 7.32 7.34 7.35 7.35 7.35 7.35 7.34 7.32 7.30 7.27 7.22 7.17 7.10 7.03 6.94 6.83 6.71 6.57 6.42 6.25 6.06 5.85 5.63 5.43 5.26 5.11 4.98 4.88 4.81 4.76 4.73 4.72 4.73 4.76 4.81 4.88 4.96 5.07 5.18 5.31
9.16 8.27 7.38 6.50 5.64 4.82 4.03 3.29 2.63 2.03 1.53 1.12 0.82 0.64 0.60 0.68 0.85 1.05 1.28 1.54 1.81 2.11 2.42 2.74 3.07 3.41 3.75 4.08 4.42 4.74 5.05 5.35 5.62 5.88 6.11 6.31 6.48 6.61 6.70 6.75 6.77 6.77 6.78 6.79 6.79 6.80 6.80 6.81 6.81 6.80 6.79 6.78 6.76 6.73 6.69 6.64 6.59 6.52 6.44 6.34 6.24 6.12 5.98 5.82 5.65 5.46 5.28 5.12 4.98 4.87 4.78 4.71 4.67 4.64 4.64 4.65 4.68 4.73 4.79 4.86 4.96 5.06 5.17
9.41 8.54 7.66 6.78 5.92 5.07 4.25 3.48 2.77 2.12 1.55 1.07 0.69 0.42 0.27 0.26 0.40 0.61 0.85 1.11 1.40 1.70 2.01 2.34 2.68 3.01 3.35 3.69 4.02 4.34 4.65 4.94 5.21 5.46 5.68 5.87 6.03 6.15 6.23 6.27 6.28 6.28 6.28 6.27 6.27 6.27 6.27 6.28 6.28 6.28 6.27 6.26 6.25 6.24 6.21 6.18 6.14 6.10 6.04 5.97 5.89 5.80 5.69 5.57 5.43 5.26 5.09 4.94 4.82 4.72 4.65 4.59 4.55 4.53 4.52 4.54 4.56 4.61 4.66 4.73 4.81 4.90 5.01
9.62 8.78 7.92 7.05 6.18 5.32 4.49 3.69 2.94 2.24 1.62 1.07 0.61 0.26 0.02 0.00 0.00 0.14 0.39 0.66 0.96 1.27 1.59 1.93 2.27 2.61 2.95 3.29 3.62 3.94 4.24 4.53 4.80 5.04 5.25 5.43 5.58 5.69 5.77 5.81 5.83 5.82 5.81 5.80 5.79 5.78 5.78 5.77 5.77 5.77 5.77 5.77 5.77 5.76 5.75 5.73 5.71 5.68 5.64 5.60 5.54 5.48 5.40 5.31 5.18 5.02 4.87 4.74 4.63 4.54 4.48 4.43 4.39 4.38 4.38 4.39 4.42 4.46 4.51 4.57 4.64 4.72 4.81
9.77 8.97 8.14 7.29 6.42 5.57 4.72 3.91 3.13 2.39 1.72 1.12 0.59 0.17 0.00 0.00 0.00 0.00 0.00 0.20 0.50 0.82 1.16 1.50 1.85 2.19 2.54 2.88 3.21 3.53 3.84 4.12 4.39 4.63 4.83 5.01 5.15 5.26 5.33 5.38 5.39 5.39 5.38 5.36 5.34 5.32 5.31 5.30 5.30 5.30 5.30 5.30 5.30 5.30 5.30 5.29 5.28 5.27 5.25 5.23 5.20 5.16 5.10 5.02 4.90 4.76 4.62 4.50 4.40 4.33 4.27 4.23 4.21 4.20 4.20 4.21 4.24 4.28 4.32 4.38 4.44 4.51 4.58
9.88 9.12 8.32 7.49 6.65 5.80 4.96 4.13 3.33 2.57 1.85 1.20 0.63 0.13 0.00 0.00 0.00 0.00 0.00 0.00 0.04 0.37 0.71 1.07 1.42 1.78 2.13 2.47 2.81 3.13 3.44 3.72 3.99 4.22 4.43 4.60 4.74 4.85 4.93 4.97 4.99 4.99 4.97 4.96 4.93 4.90 4.88 4.86 4.85 4.85 4.85 4.85 4.85 4.86 4.87 4.87 4.87 4.87 4.87 4.87 4.85 4.83 4.79 4.71 4.60 4.47 4.34 4.23 4.15 4.08 4.04 4.01 3.99 3.98 3.99 4.01 4.03 4.07 4.11 4.16 4.21 4.27 4.33
9.91 9.21 8.46 7.67 6.85 6.02 5.18 4.35 3.54 2.76 2.01 1.32 0.70 0.16 0.00 0.00 0.00 0.00 0.00 0.00 0.00 0.00 0.27 0.63 0.99 1.36 1.72 2.07 2.41 2.74 3.05 3.34 3.60 3.84 4.04 4.22 4.36 4.47 4.55 4.59 4.61 4.60 4.59 4.58 4.55 4.52 4.48 4.46 4.44 4.43 4.43 4.43 4.43 4.44 4.45 4.46 4.48 4.49 4.50 4.51 4.51 4.49 4.45 4.38 4.29 4.16 4.04 3.94 3.87 3.81 3.77 3.75 3.74 3.74 3.76 3.77 3.80 3.83 3.87 3.91 3.96 4.01 4.06
9.88 9.24 8.54 7.80 7.02 6.21 5.39 4.57 3.75 2.96 2.19 1.47 0.81 0.22 0.00 0.00 0.00 0.00 0.00 0.00 0.00 0.00 0.00 0.19 0.57 0.94 1.31 1.68 2.02 2.36 2.67 2.97 3.23 3.47 3.68 3.85 4.00 4.11 4.20 4.24 4.25 4.25 4.24 4.22 4.19 4.16 4.12 4.09 4.06 4.04 4.03 4.03 4.03 4.04 4.06 4.07 4.09 4.12 4.14 4.16 4.16 4.15 4.10 4.04 3.95 3.84 3.72 3.64 3.57 3.52 3.49 3.47 3.47 3.48 3.49 3.52 3.54 3.57 3.61 3.64 3.68 3.72 3.76
9.78 9.21 8.58 7.88 7.14 6.37 5.58 4.77 3.96 3.16 2.38 1.64 0.95 0.33 0.00 0.00 0.00 0.00 0.00 0.00 0.00 0.00 0.00 0.00 0.15 0.54 0.92 1.29 1.65 1.99 2.31 2.61 2.88 3.13 3.34 3.52 3.67 3.79 3.87 3.91 3.92 3.92 3.91 3.89 3.86 3.83 3.80 3.75 3.72 3.69 3.67 3.66 3.66 3.67 3.68 3.71 3.73 3.76 3.79 3.81 3.81 3.79 3.75 3.69 3.60 3.50 3.39 3.31 3.25 3.21 3.18 3.17 3.18 3.19 3.21 3.23 3.26 3.29 3.32 3.35 3.39 3.42 3.44
