data_processed/recharge/precip/Precip_1997_05.asc
ncols        168
nrows        136
xllcorner    455000
yllcorner    2107000
cellsize     500
NODATA_value     -99999
[rows 34 to 67 of 136, columns 0 to 76 of 168]
126.06 122.59 119.10 115.61 112.14 108.70 105.29 101.88 98.50 95.15 91.86 88.65 85.55 82.58 79.75 77.12 74.78 72.80 71.15 69.83 68.82 68.10 67.67 67.51 67.60 67.85 68.16 68.51 68.90 69.31 69.75 70.21 70.69 71.18 71.67 72.17 72.66 73.15 73.63 74.09 74.53 74.94 75.33 75.68 76.00 76.27 76.49 76.67 76.78 76.84 76.83 76.74 76.59 76.35 76.04 75.63 75.13 74.53 73.84 73.03 72.15 71.25 70.33 69.42 68.51 67.62 66.74 65.90 65.09 64.31 63.54 62.77 62.00 61.23 60.45 59.68 58.90
124.00 120.56 117.11 113.66 110.23 106.84 103.50 100.21 96.94 93.72 90.55 87.45 84.47 81.61 78.89 76.36 74.13 72.25 70.71 69.50 68.60 67.99 67.68 67.62 67.74 67.93 68.17 68.45 68.77 69.12 69.50 69.91 70.34 70.79 71.24 71.70 72.17 72.63 73.09 73.53 73.96 74.37 74.76 75.11 75.43 75.71 75.95 76.15 76.29 76.37 76.39 76.35 76.24 76.05 75.78 75.43 74.99 74.46 73.83 73.10 72.26 71.35 70.42 69.49 68.57 67.66 66.77 65.91 65.09 64.30 63.52 62.74 61.95 61.16 60.37 59.59 58.80
121.87 118.48 115.07 111.66 108.28 104.93 101.64 98.42 95.27 92.17 89.13 86.16 83.29 80.54 77.94 75.53 73.41 71.64 70.22 69.12 68.33 67.85 67.64 67.62 67.67 67.79 67.96 68.17 68.43 68.73 69.06 69.42 69.80 70.21 70.63 71.06 71.50 71.94 72.38 72.81 73.24 73.64 74.03 74.39 74.72 75.02 75.27 75.49 75.66 75.77 75.83 75.83 75.76 75.63 75.41 75.12 74.75 74.28 73.73 73.08 72.32 71.46 70.53 69.58 68.64 67.72 66.82 65.95 65.11 64.31 63.52 62.72 61.92 61.12 60.32 59.52 58.72
119.69 116.34 112.97 109.61 106.27 102.97 99.73 96.57 93.49 90.51 87.60 84.76 82.01 79.39 76.91 74.61 72.61 70.97 69.66 68.68 68.02 67.65 67.47 67.39 67.37 67.42 67.52 67.67 67.87 68.12 68.40 68.71 69.06 69.43 69.82 70.22 70.64 71.07 71.49 71.92 72.34 72.74 73.13 73.50 73.85 74.16 74.44 74.69 74.89 75.04 75.14 75.18 75.17 75.08 74.93 74.70 74.39 74.00 73.52 72.95 72.28 71.51 70.63 69.69 68.73 67.80 66.88 66.00 65.15 64.33 63.53 62.72 61.91 61.09 60.28 59.47 58.67
117.45 114.14 110.82 107.51 104.22 100.97 97.78 94.67 91.65 88.75 85.96 83.25 80.64 78.15 75.79 73.62 71.74 70.22 69.04 68.19 67.64 67.31 67.08 66.92 66.83 66.81 66.84 66.94 67.09 67.28 67.52 67.79 68.10 68.44 68.80 69.19 69.59 70.00 70.41 70.83 71.25 71.66 72.06 72.44 72.81 73.14 73.45 73.73 73.96 74.16 74.30 74.39 74.43 74.40 74.31 74.15 73.92 73.60 73.20 72.72 72.13 71.46 70.68 69.79 68.84 67.89 66.96 66.06 65.20 64.37 63.56 62.74 61.91 61.09 60.26 59.45 58.67
115.15 111.89 108.62 105.35 102.11 98.92 95.78 92.73 89.77 86.93 84.22 81.64 79.16 76.80 74.58 72.54 70.79 69.40 68.35 67.62 67.12 66.73 66.42 66.19 66.03 65.94 65.92 65.96 66.06 66.21 66.40 66.64 66.92 67.23 67.57 67.93 68.32 68.72 69.13 69.55 69.97 70.39 70.80 71.20 71.59 71.95 72.29 72.60 72.88 73.11 73.31 73.45 73.55 73.58 73.56 73.47 73.31 73.07 72.76 72.36 71.87 71.29 70.61 69.83 68.95 68.00 67.06 66.15 65.27 64.44 63.61 62.77 61.94 61.10 60.28 59.49 58.72
112.81 109.59 106.36 103.15 99.96 96.82 93.74 90.74 87.85 85.07 82.42 79.93 77.58 75.36 73.28 71.37 69.76 68.50 67.59 66.90 66.34 65.87 65.48 65.18 64.96 64.82 64.74 64.73 64.78 64.89 65.05 65.25 65.50 65.79 66.11 66.46 66.83 67.23 67.64 68.06 68.49 68.92 69.35 69.77 70.18 70.57 70.95 71.30 71.61 71.90 72.14 72.35 72.50 72.60 72.65 72.63 72.55 72.40 72.17 71.87 71.48 71.00 70.43 69.76 68.99 68.11 67.18 66.25 65.36 64.51 63.67 62.83 61.98 61.15 60.35 59.57 58.83
110.40 107.23 104.06 100.90 97.76 94.68 91.66 88.72 85.88 83.17 80.59 78.16 75.90 73.82 71.88 70.11 68.64 67.52 66.65 65.91 65.26 64.72 64.27 63.90 63.62 63.42 63.29 63.23 63.24 63.31 63.43 63.61 63.84 64.10 64.41 64.75 65.12 65.51 65.92 66.35 66.79 67.24 67.69 68.13 68.57 69.00 69.41 69.80 70.17 70.50 70.80 71.07 71.29 71.46 71.58 71.64 71.64 71.58 71.45 71.24 70.95 70.57 70.11 69.56 68.90 68.15 67.29 66.37 65.47 64.61 63.76 62.91 62.07 61.25 60.46 59.71 58.98
107.95 104.83 101.71 98.60 95.52 92.49 89.53 86.66 83.88 81.23 78.72 76.36 74.18 72.18 70.38 68.76 67.43 66.36 65.43 64.60 63.89 63.27 62.75 62.33 61.99 61.74 61.56 61.46 61.43 61.46 61.56 61.71 61.91 62.17 62.46 62.79 63.16 63.55 63.97 64.41 64.87 65.33 65.80 66.28 66.75 67.22 67.67 68.11 68.52 68.92 69.28 69.61 69.89 70.14 70.34 70.48 70.57 70.60 70.56 70.45 70.26 70.00 69.65 69.22 68.69 68.06 67.33 66.50 65.61 64.73 63.87 63.02 62.20 61.40 60.63 59.89 59.18
105.44 102.38 99.31 96.25 93.23 90.26 87.37 84.55 81.85 79.26 76.82 74.53 72.42 70.50 68.80 67.31 66.03 64.90 63.88 62.98 62.20 61.51 60.93 60.45 60.06 59.76 59.54 59.40 59.34 59.34 59.41 59.54 59.73 59.97 60.25 60.58 60.95 61.35 61.78 62.23 62.70 63.19 63.69 64.20 64.71 65.22 65.72 66.20 66.68 67.13 67.55 67.95 68.31 68.63 68.91 69.14 69.32 69.44 69.50 69.50 69.42 69.27 69.04 68.73 68.32 67.83 67.23 66.54 65.74 64.88 64.02 63.19 62.38 61.61 60.86 60.13 59.43
102.92 99.91 96.89 93.90 90.94 88.03 85.19 82.45 79.80 77.29 74.91 72.70 70.66 68.82 67.19 65.75 64.43 63.21 62.12 61.15 60.29 59.55 58.91 58.37 57.93 57.58 57.32 57.15 57.05 57.03 57.07 57.18 57.36 57.58 57.86 58.19 58.56 58.97 59.41 59.88 60.38 60.89 61.42 61.97 62.51 63.06 63.61 64.15 64.68 65.19 65.69 66.15 66.59 66.99 67.35 67.67 67.95 68.16 68.33 68.43 68.46 68.43 68.32 68.13 67.85 67.49 67.03 66.48 65.82 65.07 64.25 63.44 62.65 61.89 61.16 60.45 59.76
100.47 97.51 94.56 91.62 88.72 85.87 83.10 80.42 77.84 75.40 73.09 70.95 68.99 67.23 65.64 64.21 62.87 61.59 60.42 59.37 58.45 57.64 56.94 56.34 55.85 55.46 55.15 54.94 54.81 54.75 54.78 54.87 55.02 55.24 55.51 55.84 56.21 56.63 57.08 57.57 58.08 58.62 59.18 59.76 60.34 60.94 61.53 62.12 62.71 63.28 63.84 64.37 64.88 65.36 65.81 66.21 66.58 66.89 67.16 67.36 67.51 67.59 67.59 67.53 67.38 67.15 66.83 66.42 65.91 65.32 64.61 63.84 63.07 62.32 61.60 60.90 60.23
98.12 95.21 92.31 89.43 86.59 83.81 81.10 78.49 75.98 73.61 71.38 69.31 67.42 65.70 64.12 62.70 61.36 60.06 58.83 57.71 56.71 55.83 55.07 54.42 53.87 53.43 53.08 52.83 52.66 52.57 52.57 52.64 52.78 52.98 53.25 53.57 53.94 54.36 54.82 55.32 55.85 56.42 57.00 57.61 58.23 58.87 59.51 60.15 60.79 61.42 62.04 62.64 63.22 63.78 64.30 64.80 65.25 65.66 66.02 66.33 66.58 66.77 66.90 66.95 66.93 66.83 66.64 66.38 66.04 65.60 65.05 64.38 63.64 62.91 62.20 61.51 60.85
95.86 93.01 90.17 87.35 84.57 81.85 79.21 76.66 74.22 71.92 69.76 67.76 65.92 64.20 62.63 61.21 59.88 58.58 57.34 56.15 55.08 54.14 53.31 52.60 52.00 51.50 51.11 50.81 50.61 50.49 50.46 50.50 50.62 50.81 51.06 51.38 51.75 52.17 52.64 53.15 53.70 54.28 54.90 55.53 56.19 56.86 57.54 58.23 58.92 59.61 60.29 60.96 61.61 62.24 62.85 63.42 63.96 64.46 64.92 65.33 65.69 65.99 66.23 66.40 66.50 66.53 66.49 66.38 66.19 65.91 65.50 64.98 64.35 63.64 62.94 62.26 61.60
93.69 90.90 88.12 85.36 82.64 79.99 77.41 74.93 72.56 70.33 68.24 66.29 64.45 62.74 61.17 59.75 58.42 57.14 55.90 54.70 53.57 52.55 51.66 50.89 50.23 49.68 49.24 48.90 48.65 48.50 48.44 48.45 48.55 48.72 48.96 49.27 49.64 50.06 50.53 51.06 51.62 52.22 52.86 53.52 54.21 54.92 55.64 56.37 57.11 57.86 58.60 59.33 60.05 60.75 61.43 62.09 62.72 63.31 63.86 64.37 64.83 65.24 65.59 65.88 66.11 66.27 66.38 66.42 66.38 66.23 65.98 65.60 65.11 64.50 63.82 63.14 62.49
91.63 88.89 86.17 83.47 80.82 78.23 75.72 73.31 71.01 68.85 66.80 64.85 63.01 61.29 59.73 58.31 56.99 55.72 54.48 53.30 52.16 51.08 50.12 49.28 48.57 47.96 47.47 47.08 46.80 46.61 46.51 46.50 46.57 46.73 46.95 47.25 47.61 48.03 48.51 49.04 49.61 50.23 50.89 51.58 52.30 53.04 53.80 54.58 55.37 56.16 56.96 57.75 58.54 59.31 60.07 60.80 61.51 62.19 62.84 63.45 64.01 64.52 64.99 65.39 65.75 66.06 66.31 66.49 66.59 66.58 66.47 66.23 65.87 65.40 64.81 64.15 63.50
89.66 86.99 84.32 81.69 79.10 76.57 74.13 71.79 69.56 67.44 65.39 63.44 61.59 59.88 58.31 56.91 55.59 54.32 53.10 51.92 50.79 49.71 48.69 47.79 47.01 46.35 45.80 45.37 45.04 44.81 44.68 44.64 44.69 44.82 45.03 45.31 45.67 46.08 46.56 47.10 47.68 48.32 48.99 49.71 50.45 51.23 52.03 52.85 53.68 54.53 55.38 56.23 57.08 57.92 58.75 59.56 60.36 61.12 61.86 62.56 63.22 63.84 64.42 64.95 65.45 65.90 66.29 66.60 66.83 66.96 66.97 66.86 66.64 66.30 65.84 65.27 64.62
87.80 85.18 82.58 80.01 77.48 75.03 72.65 70.38 68.19 66.06 64.01 62.05 60.20 58.49 56.93 55.53 54.22 52.96 51.75 50.58 49.46 48.39 47.36 46.41 45.57 44.85 44.25 43.76 43.39 43.12 42.95 42.88 42.90 43.01 43.20 43.47 43.81 44.22 44.70 45.24 45.83 46.48 47.17 47.91 48.68 49.48 50.32 51.18 52.06 52.95 53.85 54.76 55.67 56.58 57.48 58.37 59.25 60.10 60.92 61.72 62.48 63.20 63.90 64.56 65.20 65.78 66.30 66.74 67.10 67.35 67.49 67.51 67.41 67.19 66.86 66.41 65.85
86.05 83.49 80.95 78.44 75.98 73.59 71.28 69.04 66.85 64.71 62.65 60.69 58.84 57.13 55.57 54.18 52.88 51.62 50.42 49.27 48.16 47.10 46.09 45.12 44.23 43.45 42.79 42.26 41.84 41.52 41.32 41.21 41.20 41.28 41.45 41.71 42.04 42.45 42.92 43.46 44.06 44.72 45.43 46.18 46.98 47.81 48.68 49.58 50.50 51.44 52.39 53.36 54.33 55.30 56.27 57.23 58.18 59.12 60.03 60.92 61.77 62.61 63.44 64.24 65.00 65.70 66.35 66.92 67.39 67.76 68.02 68.16 68.17 68.08 67.86 67.53 67.09
84.40 81.90 79.42 76.98 74.59 72.26 69.99 67.74 65.54 63.39 61.33 59.36 57.51 55.80 54.24 52.86 51.56 50.32 49.12 47.98 46.89 45.84 44.84 43.89 43.00 42.17 41.45 40.86 40.39 40.03 39.79 39.64 39.60 39.66 39.81 40.04 40.36 40.76 41.23 41.77 42.37 43.04 43.76 44.53 45.35 46.21 47.11 48.04 49.00 49.99 50.99 52.01 53.04 54.07 55.11 56.14 57.17 58.18 59.18 60.16 61.13 62.09 63.04 63.97 64.85 65.68 66.44 67.12 67.71 68.19 68.56 68.81 68.94 68.96 68.86 68.64 68.31
82.86 80.43 78.01 75.63 73.30 71.01 68.73 66.47 64.26 62.10 60.03 58.06 56.21 54.50 52.95 51.56 50.28 49.04 47.86 46.73 45.64 44.61 43.63 42.70 41.81 40.98 40.22 39.57 39.05 38.65 38.36 38.18 38.10 38.13 38.25 38.47 38.77 39.16 39.62 40.16 40.77 41.44 42.17 42.96 43.80 44.68 45.61 46.58 47.57 48.60 49.65 50.72 51.81 52.90 54.01 55.11 56.21 57.30 58.38 59.47 60.56 61.64 62.71 63.75 64.75 65.69 66.56 67.36 68.05 68.64 69.12 69.47 69.71 69.83 69.83 69.72 69.50
81.43 79.06 76.71 74.40 72.10 69.80 67.50 65.23 63.00 60.84 58.76 56.78 54.93 53.22 51.68 50.30 49.02 47.80 46.62 45.50 44.43 43.41 42.44 41.53 40.66 39.85 39.09 38.40 37.82 37.37 37.03 36.81 36.70 36.70 36.80 36.99 37.27 37.65 38.10 38.64 39.24 39.92 40.66 41.46 42.32 43.23 44.18 45.18 46.22 47.28 48.38 49.50 50.64 51.79 52.96 54.13 55.30 56.47 57.65 58.85 60.06 61.26 62.44 63.59 64.70 65.75 66.73 67.62 68.42 69.11 69.68 70.13 70.47 70.69 70.79 70.79 70.66
80.12 77.82 75.53 73.24 70.93 68.61 66.30 64.01 61.77 59.60 57.52 55.54 53.69 51.98 50.44 49.07 47.80 46.58 45.42 44.31 43.25 42.25 41.29 40.39 39.55 38.75 38.01 37.32 36.70 36.20 35.81 35.55 35.41 35.37 35.44 35.61 35.87 36.23 36.67 37.20 37.81 38.49 39.24 40.05 40.92 41.85 42.83 43.86 44.93 46.03 47.17 48.34 49.53 50.74 51.97 53.20 54.45 55.71 57.01 58.32 59.64 60.95 62.24 63.49 64.70 65.85 66.92 67.92 68.81 69.59 70.25 70.80 71.23 71.54 71.74 71.82 71.79
78.93 76.68 74.42 72.12 69.79 67.45 65.12 62.82 60.58 58.40 56.31 54.33 52.47 50.77 49.23 47.87 46.60 45.40 44.25 43.15 42.10 41.11 40.18 39.29 38.46 37.69 36.96 36.29 35.68 35.13 34.70 34.40 34.21 34.14 34.18 34.32 34.57 34.91 35.34 35.86 36.46 37.14 37.89 38.72 39.60 40.55 41.56 42.61 43.71 44.85 46.03 47.25 48.49 49.75 51.04 52.34 53.67 55.05 56.45 57.87 59.29 60.70 62.09 63.44 64.75 65.99 67.16 68.24 69.22 70.08 70.83 71.47 71.98 72.38 72.67 72.84 72.90
77.85 75.63 73.35 71.03 68.68 66.32 63.98 61.67 59.41 57.22 55.13 53.14 51.29 49.59 48.05 46.70 45.44 44.25 43.11 42.02 40.99 40.01 39.09 38.22 37.41 36.65 35.95 35.30 34.71 34.17 33.70 33.35 33.12 33.01 33.02 33.13 33.36 33.68 34.09 34.60 35.20 35.88 36.64 37.47 38.37 39.33 40.36 41.44 42.57 43.75 44.96 46.22 47.51 48.83 50.17 51.56 53.00 54.47 55.97 57.49 59.01 60.52 62.00 63.44 64.84 66.17 67.42 68.58 69.65 70.59 71.42 72.13 72.73 73.21 73.57 73.83 73.96
76.86 74.62 72.31 69.97 67.60 65.22 62.86 60.54 58.27 56.08 53.98 51.99 50.14 48.44 46.91 45.56 44.31 43.13 42.00 40.92 39.91 38.94 38.04 37.19 36.39 35.66 34.97 34.35 33.77 33.26 32.80 32.41 32.14 31.99 31.96 32.05 32.24 32.54 32.94 33.44 34.03 34.71 35.47 36.30 37.21 38.19 39.24 40.34 41.50 42.71 43.97 45.27 46.60 47.97 49.39 50.88 52.41 53.99 55.58 57.19 58.80 60.40 61.97 63.50 64.97 66.39 67.72 68.96 70.09 71.11 72.02 72.80 73.47 74.02 74.46 74.79 75.00
75.90 73.63 71.30 68.93 66.54 64.15 61.78 59.44 57.17 54.97 52.86 50.87 49.02 47.32 45.80 44.45 43.22 42.04 40.92 39.86 38.86 37.91 37.02 36.19 35.41 34.69 34.03 33.43 32.88 32.38 31.95 31.57 31.27 31.08 31.01 31.07 31.23 31.51 31.89 32.38 32.95 33.63 34.38 35.22 36.14 37.14 38.20 39.32 40.51 41.75 43.04 44.38 45.76 47.21 48.72 50.30 51.93 53.59 55.28 56.97 58.67 60.35 61.99 63.60 65.16 66.64 68.05 69.36 70.56 71.65 72.61 73.47 74.20 74.82 75.33 75.72 76.00
74.97 72.67 70.32 67.93 65.52 63.11 60.73 58.38 56.09 53.88 51.77 49.78 47.93 46.23 44.72 43.38 42.15 40.99 39.88 38.83 37.84 36.91 36.04 35.22 34.46 33.76 33.12 32.54 32.01 31.55 31.14 30.78 30.49 30.27 30.17 30.19 30.32 30.58 30.94 31.40 31.97 32.64 33.39 34.23 35.16 36.16 37.24 38.39 39.59 40.86 42.19 43.57 45.02 46.55 48.16 49.82 51.54 53.28 55.05 56.83 58.60 60.35 62.08 63.76 65.38 66.93 68.40 69.78 71.04 72.19 73.22 74.13 74.92 75.61 76.17 76.63 76.97
74.07 71.75 69.37 66.96 64.53 62.11 59.71 57.35 55.05 52.83 50.72 48.73 46.87 45.18 43.67 42.34 41.12 39.97 38.87 37.84 36.86 35.94 35.09 34.29 33.55 32.87 32.25 31.69 31.19 30.74 30.36 30.03 29.77 29.56 29.43 29.41 29.52 29.74 30.08 30.53 31.09 31.74 32.49 33.33 34.26 35.28 36.37 37.53 38.76 40.06 41.42 42.86 44.39 46.01 47.70 49.45 51.24 53.06 54.91 56.76 58.60 60.42 62.21 63.96 65.65 67.26 68.79 70.22 71.54 72.74 73.82 74.79 75.64 76.37 76.99 77.50 77.90
73.20 70.85 68.45 66.02 63.57 61.13 58.72 56.35 54.04 51.82 49.70 47.70 45.85 44.16 42.65 41.34 40.13 38.98 37.90 36.88 35.92 35.01 34.17 33.39 32.67 32.02 31.42 30.88 30.40 29.98 29.62 29.32 29.08 28.90 28.78 28.74 28.82 29.01 29.33 29.76 30.30 30.94 31.68 32.53 33.46 34.48 35.58 36.76 38.01 39.33 40.75 42.27 43.88 45.58 47.35 49.17 51.04 52.93 54.84 56.76 58.67 60.56 62.41 64.21 65.95 67.62 69.21 70.69 72.06 73.31 74.43 75.44 76.34 77.12 77.79 78.35 78.80
72.37 69.99 67.57 65.11 62.65 60.19 57.76 55.38 53.06 50.83 48.71 46.72 44.86 43.18 41.68 40.36 39.17 38.03 36.96 35.95 35.01 34.12 33.30 32.53 31.83 31.20 30.62 30.10 29.65 29.25 28.92 28.65 28.44 28.29 28.20 28.17 28.22 28.39 28.68 29.08 29.61 30.24 30.97 31.81 32.74 33.76 34.88 36.07 37.34 38.72 40.21 41.80 43.49 45.26 47.10 48.99 50.92 52.88 54.86 56.84 58.80 60.75 62.65 64.51 66.30 68.02 69.65 71.17 72.59 73.87 75.04 76.09 77.03 77.86 78.57 79.16 79.65
71.56 69.16 66.71 64.24 61.75 59.28 56.84 54.44 52.12 49.88 47.76 45.76 43.91 42.23 40.73 39.43 38.24 37.12 36.06 35.06 34.13 33.26 32.46 31.71 31.03 30.41 29.86 29.36 28.93 28.56 28.26 28.01 27.83 27.71 27.65 27.66 27.72 27.87 28.13 28.51 29.01 29.63 30.36 31.19 32.12 33.14 34.26 35.47 36.79 38.24 39.80 41.46 43.22 45.06 46.96 48.91 50.90 52.92 54.95 56.98 59.00 60.99 62.95 64.85 66.69 68.45 70.12 71.68 73.13 74.45 75.65 76.74 77.71 78.57 79.31 79.95 80.47
70.79 68.36 65.89 63.39 60.89 58.40 55.94 53.54 51.21 48.97 46.84 44.84 42.99 41.31 39.82 38.53 37.35 36.24 35.19 34.21 33.29 32.44 31.65 30.93 30.26 29.67 29.13 28.66 28.26 27.91 27.63 27.42 27.27 27.18 27.15 27.18 27.28 27.44 27.69 28.04 28.53 29.12 29.84 30.66 31.59 32.62 33.74 34.99 36.38 37.89 39.52 41.25 43.07 44.96 46.92 48.93 50.97 53.04 55.12 57.20 59.27 61.30 63.30 65.24 67.11 68.91 70.61 72.21 73.68 75.03 76.26 77.37 78.37 79.26 80.03 80.70 81.25
70.05 67.60 65.10 62.58 60.06 57.56 55.09 52.67 50.33 48.09 45.95 43.95 42.11 40.43 38.95 37.66 36.50 35.40 34.36 33.40 32.49 31.66 30.88 30.18 29.54 28.96 28.45 28.00 27.62 27.30 27.05 26.86 26.74 26.68 26.68 26.75 26.88 27.08 27.34 27.68 28.14 28.72 29.42 30.23 31.15 32.18 33.34 34.65 36.10 37.68 39.36 41.15 43.02 44.97 46.98 49.04 51.13 53.25 55.37 57.49 59.59 61.66 63.69 65.67 67.57 69.40 71.13 72.75 74.25 75.62 76.87 78.00 79.02 79.93 80.73 81.41 81.99
