data_processed/recharge/precip/Precip_1984_05.asc
ncols        168
nrows        136
xllcorner    455000
yllcorner    2107000
cellsize     500
NODATA_value     -99999
[rows 102 to 135 of 136, columns 77 to 153 of 168]
82.43 81.88 81.33 80.77 80.20 79.63 79.05 78.47 77.89 77.31 76.72 76.14 75.56 74.98 74.41 73.84 73.28 72.73 72.18 71.64 71.11 70.60 70.09 69.60 69.12 68.65 68.21 67.77 67.36 66.97 66.59 66.24 65.91 65.60 65.31 65.05 64.82 64.61 64.43 64.28 64.15 64.06 63.99 63.95 63.94 63.95 64.00 64.11 64.33 64.67 65.14 65.73 66.47 67.30 68.20 69.13 70.11 71.12 72.18 73.27 74.40 75.56 76.76 77.98 79.24 80.52 81.83 83.17 84.53 85.91 87.31 88.73 90.17 91.63 93.10 94.58 96.07
83.62 83.05 82.47 81.88 81.29 80.70 80.10 79.50 78.90 78.30 77.69 77.09 76.49 75.90 75.31 74.72 74.14 73.57 73.00 72.45 71.91 71.37 70.85 70.34 69.85 69.37 68.91 68.47 68.04 67.63 67.25 66.88 66.54 66.22 65.92 65.65 65.41 65.19 65.00 64.84 64.71 64.60 64.52 64.47 64.45 64.45 64.48 64.59 64.79 65.11 65.55 66.12 66.83 67.67 68.62 69.63 70.67 71.76 72.88 74.04 75.24 76.47 77.73 79.03 80.35 81.71 83.08 84.49 85.92 87.37 88.83 90.32 91.83 93.35 94.89 96.44 98.00
84.80 84.21 83.61 83.00 82.39 81.78 81.16 80.53 79.91 79.29 78.67 78.05 77.43 76.81 76.21 75.60 75.00 74.42 73.84 73.26 72.70 72.16 71.62 71.10 70.59 70.10 69.62 69.17 68.73 68.31 67.91 67.53 67.18 66.85 66.54 66.26 66.01 65.78 65.58 65.41 65.27 65.15 65.06 65.00 64.96 64.96 64.98 65.07 65.26 65.56 65.98 66.52 67.20 68.01 68.97 70.03 71.15 72.31 73.50 74.74 76.00 77.31 78.64 80.01 81.40 82.82 84.27 85.75 87.25 88.77 90.31 91.86 93.44 95.03 96.64 98.26 99.89
85.98 85.37 84.75 84.12 83.49 82.85 82.21 81.57 80.93 80.28 79.64 79.00 78.37 77.73 77.11 76.49 75.87 75.27 74.67 74.08 73.51 72.94 72.39 71.86 71.34 70.83 70.34 69.87 69.42 68.99 68.58 68.19 67.83 67.48 67.17 66.88 66.62 66.38 66.17 65.99 65.83 65.71 65.61 65.53 65.49 65.47 65.49 65.57 65.75 66.03 66.43 66.94 67.59 68.37 69.29 70.36 71.54 72.77 74.04 75.35 76.69 78.06 79.47 80.91 82.38 83.87 85.40 86.94 88.51 90.11 91.72 93.35 95.00 96.66 98.34 100.03 101.73
87.15 86.53 85.89 85.24 84.58 83.93 83.27 82.60 81.94 81.28 80.62 79.96 79.30 78.65 78.01 77.37 76.74 76.12 75.51 74.90 74.31 73.73 73.17 72.62 72.08 71.56 71.06 70.58 70.12 69.67 69.25 68.85 68.48 68.13 67.80 67.50 67.23 66.98 66.76 66.57 66.41 66.27 66.16 66.08 66.02 66.00 66.01 66.08 66.24 66.51 66.88 67.37 67.99 68.74 69.62 70.66 71.84 73.14 74.48 75.86 77.28 78.73 80.21 81.73 83.27 84.84 86.44 88.06 89.71 91.38 93.07 94.77 96.50 98.23 99.99 101.75 103.53
88.31 87.67 87.02 86.35 85.68 85.00 84.32 83.64 82.95 82.27 81.59 80.91 80.24 79.57 78.91 78.26 77.61 76.97 76.34 75.72 75.12 74.53 73.95 73.38 72.83 72.30 71.79 71.29 70.82 70.36 69.93 69.52 69.13 68.77 68.44 68.13 67.84 67.59 67.36 67.16 66.98 66.84 66.72 66.63 66.57 66.54 66.54 66.60 66.75 67.00 67.35 67.82 68.41 69.12 69.97 70.97 72.11 73.41 74.82 76.28 77.78 79.31 80.87 82.46 84.08 85.73 87.41 89.11 90.83 92.57 94.34 96.12 97.92 99.74 101.57 103.41 105.27
89.45 88.80 88.14 87.46 86.77 86.07 85.37 84.67 83.96 83.26 82.56 81.87 81.18 80.49 79.81 79.14 78.48 77.82 77.18 76.55 75.92 75.32 74.72 74.15 73.58 73.04 72.51 72.01 71.52 71.05 70.61 70.19 69.79 69.42 69.07 68.76 68.46 68.20 67.96 67.75 67.57 67.41 67.29 67.19 67.12 67.08 67.08 67.13 67.27 67.50 67.83 68.28 68.84 69.52 70.34 71.29 72.40 73.65 75.07 76.59 78.17 79.78 81.42 83.10 84.80 86.53 88.28 90.06 91.87 93.69 95.53 97.40 99.28 101.17 103.08 105.01 106.94
90.57 89.91 89.24 88.55 87.85 87.13 86.41 85.69 84.97 84.25 83.53 82.82 82.11 81.41 80.71 80.02 79.34 78.67 78.01 77.36 76.73 76.11 75.50 74.91 74.33 73.78 73.24 72.72 72.22 71.74 71.29 70.86 70.45 70.07 69.71 69.39 69.08 68.81 68.56 68.35 68.15 67.99 67.86 67.76 67.68 67.64 67.63 67.67 67.80 68.02 68.33 68.75 69.28 69.94 70.72 71.64 72.70 73.91 75.28 76.81 78.45 80.15 81.87 83.63 85.41 87.22 89.06 90.92 92.81 94.72 96.64 98.59 100.55 102.53 104.52 106.52 108.54
91.67 91.01 90.32 89.62 88.91 88.19 87.45 86.71 85.97 85.23 84.50 83.76 83.04 82.32 81.61 80.90 80.20 79.52 78.84 78.18 77.53 76.89 76.27 75.67 75.08 74.51 73.96 73.43 72.92 72.43 71.97 71.52 71.11 70.72 70.35 70.02 69.71 69.43 69.17 68.95 68.75 68.58 68.44 68.33 68.25 68.20 68.19 68.22 68.34 68.54 68.84 69.24 69.74 70.37 71.12 72.00 73.02 74.18 75.50 76.98 78.63 80.40 82.21 84.05 85.92 87.81 89.74 91.68 93.65 95.64 97.66 99.69 101.73 103.79 105.87 107.96 110.06
92.76 92.08 91.39 90.68 89.96 89.22 88.48 87.72 86.96 86.21 85.45 84.70 83.96 83.22 82.49 81.77 81.06 80.36 79.67 78.99 78.33 77.68 77.04 76.43 75.82 75.24 74.68 74.14 73.62 73.12 72.64 72.19 71.77 71.37 70.99 70.65 70.33 70.04 69.78 69.55 69.35 69.17 69.03 68.91 68.83 68.77 68.75 68.79 68.89 69.08 69.36 69.74 70.22 70.81 71.53 72.37 73.35 74.47 75.74 77.18 78.77 80.54 82.42 84.35 86.30 88.29 90.30 92.33 94.39 96.47 98.57 100.68 102.82 104.97 107.13 109.30 111.49
93.82 93.13 92.43 91.71 90.98 90.24 89.48 88.72 87.95 87.17 86.40 85.64 84.87 84.12 83.37 82.64 81.91 81.19 80.49 79.80 79.12 78.46 77.81 77.18 76.56 75.97 75.39 74.84 74.31 73.80 73.31 72.85 72.42 72.01 71.64 71.28 70.96 70.66 70.40 70.16 69.95 69.77 69.62 69.50 69.41 69.36 69.33 69.36 69.45 69.63 69.89 70.25 70.71 71.27 71.96 72.76 73.70 74.78 76.01 77.39 78.93 80.64 82.52 84.52 86.57 88.64 90.74 92.87 95.02 97.18 99.37 101.58 103.80 106.04 108.29 110.55 112.83
94.85 94.16 93.45 92.73 91.99 91.23 90.47 89.70 88.92 88.13 87.34 86.56 85.78 85.01 84.25 83.49 82.75 82.02 81.30 80.59 79.90 79.23 78.57 77.92 77.30 76.69 76.10 75.54 75.00 74.48 73.98 73.52 73.07 72.66 72.28 71.92 71.59 71.29 71.01 70.77 70.56 70.37 70.22 70.10 70.00 69.94 69.92 69.94 70.03 70.19 70.44 70.77 71.21 71.75 72.40 73.17 74.07 75.11 76.29 77.61 79.10 80.76 82.58 84.58 86.71 88.87 91.06 93.28 95.52 97.78 100.06 102.36 104.67 107.00 109.34 111.70 114.06
95.86 95.16 94.45 93.71 92.97 92.21 91.44 90.66 89.87 89.07 88.27 87.47 86.68 85.89 85.11 84.34 83.58 82.84 82.10 81.38 80.68 79.99 79.31 78.66 78.02 77.40 76.81 76.23 75.68 75.15 74.65 74.17 73.73 73.31 72.91 72.55 72.22 71.91 71.63 71.39 71.17 70.98 70.82 70.70 70.60 70.54 70.51 70.53 70.61 70.76 70.99 71.31 71.72 72.23 72.85 73.59 74.45 75.45 76.58 77.86 79.30 80.89 82.66 84.60 86.72 88.97 91.25 93.56 95.90 98.25 100.62 103.01 105.42 107.85 110.28 112.73 115.19
96.84 96.14 95.41 94.68 93.92 93.16 92.38 91.59 90.79 89.99 89.18 88.37 87.56 86.76 85.96 85.18 84.41 83.65 82.90 82.16 81.44 80.74 80.05 79.39 78.74 78.11 77.50 76.91 76.35 75.82 75.31 74.83 74.38 73.95 73.55 73.19 72.85 72.54 72.25 72.00 71.78 71.59 71.43 71.31 71.21 71.14 71.11 71.13 71.20 71.34 71.56 71.86 72.25 72.73 73.33 74.03 74.85 75.81 76.90 78.13 79.51 81.05 82.75 84.63 86.69 88.93 91.30 93.71 96.14 98.59 101.06 103.54 106.05 108.57 111.10 113.65 116.20
97.79 97.08 96.35 95.61 94.85 94.08 93.29 92.50 91.70 90.89 90.07 89.25 88.43 87.61 86.80 86.00 85.22 84.44 83.68 82.93 82.20 81.48 80.78 80.10 79.44 78.80 78.18 77.59 77.02 76.48 75.97 75.48 75.02 74.59 74.19 73.82 73.48 73.16 72.88 72.62 72.40 72.21 72.05 71.92 71.82 71.76 71.72 71.74 71.80 71.93 72.14 72.42 72.79 73.25 73.81 74.48 75.27 76.18 77.23 78.41 79.74 81.22 82.87 84.69 86.68 88.85 91.22 93.71 96.23 98.78 101.35 103.94 106.54 109.16 111.79 114.43 117.09
98.71 97.99 97.26 96.51 95.75 94.97 94.18 93.38 92.57 91.76 90.93 90.11 89.28 88.45 87.63 86.81 86.01 85.22 84.45 83.69 82.94 82.21 81.50 80.81 80.14 79.49 78.86 78.26 77.69 77.14 76.62 76.13 75.67 75.23 74.83 74.45 74.11 73.79 73.50 73.25 73.02 72.83 72.67 72.54 72.44 72.37 72.34 72.35 72.41 72.54 72.73 72.99 73.34 73.77 74.31 74.95 75.70 76.57 77.58 78.71 79.99 81.42 83.01 84.76 86.69 88.79 91.09 93.57 96.18 98.83 101.50 104.19 106.90 109.62 112.35 115.09 117.85
99.59 98.87 98.14 97.38 96.61 95.83 95.04 94.23 93.42 92.60 91.77 90.94 90.11 89.27 88.44 87.61 86.79 85.99 85.20 84.43 83.67 82.93 82.20 81.50 80.82 80.16 79.53 78.92 78.34 77.79 77.27 76.78 76.31 75.87 75.46 75.08 74.74 74.42 74.13 73.87 73.65 73.45 73.29 73.16 73.06 73.00 72.97 72.98 73.03 73.15 73.33 73.57 73.90 74.31 74.82 75.43 76.15 76.98 77.94 79.03 80.26 81.63 83.16 84.85 86.71 88.75 90.97 93.39 95.99 98.73 101.50 104.29 107.10 109.92 112.76 115.61 118.46
100.44 99.72 98.98 98.22 97.45 96.66 95.86 95.05 94.24 93.41 92.58 91.74 90.90 90.06 89.22 88.39 87.56 86.74 85.94 85.15 84.38 83.63 82.89 82.18 81.49 80.82 80.19 79.58 78.99 78.44 77.91 77.42 76.95 76.51 76.10 75.72 75.37 75.05 74.76 74.50 74.27 74.08 73.92 73.79 73.69 73.63 73.60 73.61 73.66 73.77 73.94 74.17 74.48 74.87 75.35 75.93 76.61 77.40 78.32 79.36 80.54 81.87 83.34 84.97 86.76 88.73 90.88 93.22 95.75 98.48 101.34 104.24 107.15 110.08 113.02 115.98 118.94
101.24 100.52 99.78 99.02 98.25 97.46 96.66 95.84 95.02 94.19 93.36 92.52 91.67 90.83 89.98 89.14 88.30 87.47 86.66 85.86 85.07 84.31 83.56 82.84 82.15 81.48 80.84 80.23 79.64 79.08 78.55 78.05 77.58 77.14 76.73 76.35 76.00 75.68 75.39 75.13 74.90 74.71 74.55 74.42 74.33 74.27 74.24 74.25 74.30 74.40 74.56 74.77 75.06 75.43 75.89 76.43 77.08 77.84 78.72 79.72 80.85 82.12 83.53 85.10 86.83 88.74 90.81 93.08 95.53 98.18 101.04 104.02 107.04 110.08 113.13 116.19 119.26
102.01 101.29 100.55 99.79 99.01 98.22 97.41 96.60 95.77 94.94 94.10 93.26 92.41 91.56 90.71 89.87 89.02 88.19 87.36 86.55 85.75 84.98 84.22 83.50 82.80 82.13 81.48 80.87 80.28 79.72 79.19 78.68 78.21 77.77 77.36 76.98 76.62 76.30 76.02 75.76 75.54 75.35 75.19 75.06 74.97 74.91 74.89 74.90 74.95 75.04 75.18 75.39 75.66 76.01 76.44 76.96 77.57 78.30 79.13 80.08 81.17 82.39 83.75 85.26 86.92 88.76 90.77 92.95 95.33 97.90 100.67 103.65 106.77 109.91 113.07 116.24 119.41
102.74 102.02 101.27 100.51 99.73 98.94 98.13 97.32 96.49 95.65 94.81 93.97 93.12 92.27 91.41 90.56 89.72 88.88 88.04 87.22 86.41 85.63 84.87 84.14 83.44 82.77 82.12 81.50 80.91 80.35 79.81 79.31 78.84 78.40 77.98 77.60 77.25 76.93 76.65 76.39 76.17 75.98 75.83 75.70 75.62 75.56 75.54 75.56 75.60 75.69 75.82 76.02 76.27 76.60 77.00 77.49 78.08 78.76 79.56 80.47 81.50 82.67 83.98 85.43 87.04 88.80 90.74 92.85 95.15 97.64 100.33 103.23 106.33 109.57 112.84 116.11 119.38
103.42 102.70 101.95 101.19 100.41 99.62 98.81 98.00 97.17 96.33 95.49 94.64 93.79 92.93 92.08 91.23 90.38 89.53 88.69 87.86 87.05 86.27 85.51 84.78 84.07 83.39 82.74 82.12 81.53 80.97 80.44 79.93 79.46 79.02 78.61 78.23 77.88 77.56 77.28 77.03 76.81 76.62 76.47 76.35 76.27 76.22 76.20 76.22 76.26 76.35 76.47 76.65 76.89 77.20 77.58 78.04 78.59 79.25 80.00 80.87 81.86 82.98 84.23 85.62 87.17 88.87 90.74 92.78 95.00 97.41 100.01 102.82 105.84 109.07 112.42 115.79 119.14
104.06 103.34 102.59 101.83 101.05 100.26 99.45 98.63 97.81 96.97 96.12 95.27 94.42 93.57 92.71 91.86 91.00 90.16 89.32 88.49 87.68 86.89 86.13 85.40 84.69 84.01 83.36 82.74 82.15 81.59 81.05 80.55 80.08 79.64 79.23 78.85 78.50 78.19 77.91 77.66 77.44 77.26 77.11 77.00 76.92 76.88 76.87 76.89 76.93 77.01 77.13 77.30 77.52 77.81 78.17 78.60 79.13 79.74 80.46 81.29 82.23 83.30 84.50 85.83 87.32 88.95 90.75 92.72 94.87 97.20 99.72 102.44 105.36 108.50 111.82 115.26 118.69
104.65 103.93 103.18 102.42 101.65 100.85 100.05 99.23 98.40 97.57 96.72 95.87 95.02 94.16 93.31 92.45 91.60 90.75 89.91 89.09 88.29 87.51 86.74 86.01 85.30 84.62 83.97 83.35 82.76 82.20 81.66 81.16 80.69 80.25 79.85 79.47 79.13 78.82 78.54 78.29 78.08 77.91 77.76 77.65 77.58 77.54 77.54 77.56 77.61 77.68 77.80 77.95 78.16 78.43 78.77 79.18 79.67 80.25 80.93 81.72 82.62 83.64 84.78 86.06 87.49 89.06 90.79 92.69 94.76 97.01 99.45 102.08 104.91 107.93 111.14 114.53 118.01
105.19 104.47 103.73 102.97 102.20 101.40 100.60 99.78 98.96 98.12 97.28 96.43 95.57 94.72 93.86 93.00 92.15 91.31 90.48 89.67 88.88 88.10 87.34 86.61 85.90 85.22 84.57 83.95 83.36 82.80 82.27 81.77 81.30 80.86 80.46 80.09 79.75 79.44 79.17 78.93 78.72 78.55 78.41 78.31 78.25 78.21 78.22 78.25 78.29 78.37 78.47 78.62 78.81 79.06 79.38 79.76 80.23 80.78 81.42 82.17 83.02 83.99 85.09 86.31 87.67 89.19 90.85 92.68 94.67 96.84 99.20 101.74 104.46 107.37 110.44 113.70 117.11
105.68 104.96 104.22 103.47 102.70 101.91 101.10 100.29 99.46 98.63 97.79 96.94 96.09 95.23 94.37 93.52 92.68 91.84 91.03 90.22 89.44 88.67 87.92 87.19 86.48 85.81 85.16 84.54 83.95 83.39 82.86 82.37 81.90 81.47 81.07 80.70 80.37 80.07 79.80 79.56 79.36 79.20 79.07 78.97 78.91 78.89 78.90 78.93 78.98 79.05 79.15 79.29 79.47 79.71 80.00 80.36 80.80 81.32 81.92 82.63 83.44 84.36 85.41 86.58 87.88 89.33 90.93 92.68 94.61 96.70 98.97 101.41 104.02 106.80 109.74 112.84 116.09
106.11 105.40 104.67 103.91 103.14 102.36 101.56 100.75 99.92 99.09 98.25 97.41 96.55 95.70 94.85 94.00 93.17 92.35 91.54 90.75 89.98 89.22 88.48 87.76 87.06 86.38 85.74 85.12 84.53 83.98 83.45 82.96 82.50 82.07 81.68 81.31 80.98 80.69 80.43 80.20 80.00 79.85 79.72 79.64 79.58 79.57 79.59 79.63 79.68 79.75 79.85 79.97 80.14 80.36 80.64 80.97 81.38 81.87 82.44 83.11 83.88 84.75 85.74 86.86 88.11 89.49 91.03 92.71 94.56 96.57 98.75 101.08 103.57 106.22 109.01 111.95 115.03
106.49 105.78 105.06 104.31 103.54 102.76 101.96 101.16 100.34 99.51 98.67 97.83 96.98 96.13 95.28 94.45 93.63 92.82 92.03 91.25 90.49 89.74 89.02 88.31 87.62 86.95 86.31 85.69 85.11 84.56 84.04 83.55 83.09 82.67 82.28 81.92 81.60 81.31 81.05 80.83 80.65 80.49 80.38 80.30 80.26 80.25 80.28 80.33 80.38 80.45 80.54 80.67 80.82 81.03 81.28 81.60 81.98 82.43 82.97 83.60 84.33 85.16 86.10 87.16 88.35 89.68 91.15 92.76 94.54 96.46 98.53 100.75 103.12 105.62 108.26 111.03 113.93
106.81 106.11 105.39 104.65 103.88 103.11 102.32 101.51 100.70 99.87 99.04 98.20 97.35 96.52 95.69 94.87 94.06 93.27 92.49 91.72 90.98 90.24 89.53 88.83 88.15 87.50 86.86 86.25 85.67 85.13 84.61 84.13 83.68 83.26 82.88 82.53 82.21 81.93 81.68 81.46 81.29 81.14 81.04 80.97 80.94 80.94 80.98 81.03 81.09 81.16 81.25 81.37 81.51 81.70 81.94 82.23 82.58 83.01 83.52 84.11 84.79 85.58 86.47 87.48 88.62 89.88 91.28 92.83 94.52 96.35 98.32 100.41 102.64 104.99 107.47 110.06 112.77
107.08 106.38 105.66 104.93 104.17 103.40 102.61 101.81 101.00 100.18 99.35 98.52 97.69 96.87 96.05 95.25 94.46 93.68 92.92 92.17 91.43 90.72 90.02 89.33 88.67 88.03 87.40 86.80 86.23 85.69 85.18 84.70 84.26 83.85 83.47 83.13 82.82 82.54 82.30 82.10 81.93 81.79 81.70 81.64 81.62 81.63 81.68 81.74 81.81 81.88 81.97 82.07 82.21 82.38 82.60 82.87 83.20 83.60 84.07 84.63 85.27 86.01 86.86 87.82 88.90 90.10 91.44 92.91 94.51 96.24 98.09 100.06 102.14 104.33 106.64 109.05 111.56
107.28 106.59 105.88 105.15 104.40 103.64 102.86 102.06 101.26 100.44 99.62 98.80 97.99 97.18 96.39 95.60 94.83 94.07 93.32 92.58 91.87 91.16 90.48 89.81 89.16 88.53 87.93 87.34 86.78 86.24 85.74 85.27 84.83 84.43 84.06 83.72 83.42 83.15 82.92 82.73 82.57 82.45 82.36 82.31 82.30 82.32 82.39 82.46 82.53 82.60 82.69 82.79 82.92 83.08 83.28 83.53 83.83 84.20 84.64 85.16 85.77 86.46 87.26 88.17 89.19 90.34 91.61 93.00 94.50 96.12 97.84 99.67 101.60 103.63 105.76 107.98 110.29
107.42 106.74 106.03 105.31 104.57 103.81 103.04 102.25 101.45 100.64 99.84 99.04 98.24 97.46 96.68 95.91 95.16 94.42 93.69 92.97 92.27 91.58 90.91 90.26 89.63 89.02 88.43 87.86 87.31 86.79 86.29 85.83 85.40 85.00 84.64 84.31 84.02 83.76 83.54 83.36 83.21 83.10 83.02 82.98 82.98 83.02 83.09 83.18 83.26 83.33 83.41 83.51 83.63 83.78 83.96 84.19 84.48 84.82 85.23 85.71 86.27 86.93 87.68 88.54 89.51 90.59 91.78 93.08 94.48 95.97 97.57 99.25 101.03 102.88 104.83 106.85 108.94
107.49 106.82 106.13 105.41 104.68 103.93 103.16 102.38 101.59 100.80 100.01 99.23 98.46 97.70 96.94 96.19 95.46 94.73 94.02 93.32 92.64 91.97 91.32 90.69 90.08 89.48 88.91 88.35 87.82 87.32 86.83 86.38 85.96 85.57 85.22 84.90 84.62 84.37 84.16 83.99 83.85 83.75 83.68 83.66 83.67 83.72 83.81 83.90 83.99 84.07 84.15 84.24 84.35 84.49 84.66 84.87 85.13 85.44 85.82 86.27 86.80 87.41 88.12 88.93 89.84 90.85 91.95 93.15 94.44 95.81 97.26 98.79 100.40 102.08 103.83 105.64 107.52
107.50 106.84 106.15 105.45 104.72 103.98 103.22 102.45 101.68 100.91 100.15 99.39 98.64 97.90 97.16 96.43 95.72 95.02 94.33 93.65 92.99 92.34 91.71 91.09 90.50 89.92 89.36 88.83 88.32 87.83 87.36 86.92 86.51 86.13 85.79 85.48 85.21 84.97 84.77 84.61 84.49 84.40 84.35 84.33 84.36 84.42 84.52 84.63 84.72 84.81 84.89 84.98 85.08 85.21 85.36 85.56 85.79 86.08 86.43 86.85 87.33 87.91 88.57 89.33 90.17 91.10 92.11 93.20 94.37 95.61 96.91 98.28 99.72 101.21 102.76 104.36 106.00
