data_processed/recharge/precip/Precip_1990_10.asc
ncols        168
nrows        136
xllcorner    455000
yllcorner    2107000
cellsize     500
NODATA_value     -99999
[rows 34 to 67 of 136, columns 77 to 153 of 168]
64.20 61.08 58.26 55.72 53.47 51.50 49.82 48.43 47.31 46.48 45.92 45.66 45.74 46.15 46.87 47.86 49.08 50.49 52.06 53.74 55.51 57.32 59.13 60.92 62.64 64.26 65.75 67.23 68.83 70.54 72.31 74.14 75.99 77.83 79.64 81.39 83.05 84.60 86.01 87.28 88.38 89.29 90.00 90.51 90.82 90.91 90.79 90.45 89.87 89.05 87.98 86.65 85.06 83.27 81.45 79.66 77.90 76.17 74.51 72.90 71.37 69.91 68.56 67.31 66.26 65.59 65.30 65.37 65.75 66.49 67.56 68.93 70.53 72.32 74.25 76.26 78.31
62.90 59.99 57.35 54.99 52.89 51.07 49.53 48.25 47.23 46.49 46.01 45.79 45.85 46.22 46.91 47.86 49.04 50.42 51.96 53.62 55.36 57.15 58.96 60.74 62.46 64.08 65.58 67.07 68.67 70.37 72.14 73.96 75.80 77.62 79.41 81.13 82.76 84.28 85.65 86.85 87.87 88.71 89.35 89.80 90.04 90.08 89.89 89.48 88.84 87.96 86.83 85.44 83.78 81.93 80.05 78.19 76.36 74.56 72.82 71.13 69.52 67.99 66.54 65.20 63.97 62.96 62.32 62.08 62.26 62.86 63.84 65.12 66.68 68.45 70.37 72.42 74.51
61.88 59.16 56.70 54.51 52.57 50.88 49.46 48.28 47.37 46.70 46.28 46.12 46.20 46.54 47.17 48.07 49.20 50.53 52.03 53.65 55.36 57.12 58.90 60.66 62.36 63.97 65.46 66.95 68.54 70.23 71.98 73.78 75.59 77.38 79.13 80.82 82.41 83.87 85.19 86.34 87.29 88.06 88.65 89.04 89.23 89.22 88.98 88.52 87.82 86.89 85.70 84.26 82.55 80.64 78.71 76.79 74.90 73.04 71.23 69.48 67.80 66.19 64.67 63.25 61.93 60.75 59.79 59.29 59.28 59.71 60.54 61.71 63.18 64.88 66.78 68.81 70.92
61.13 58.59 56.31 54.26 52.47 50.91 49.60 48.52 47.69 47.10 46.74 46.62 46.73 47.07 47.64 48.47 49.54 50.81 52.25 53.82 55.48 57.20 58.94 60.67 62.34 63.93 65.40 66.86 68.43 70.10 71.82 73.58 75.35 77.10 78.80 80.44 81.97 83.38 84.63 85.72 86.63 87.35 87.89 88.24 88.39 88.33 88.04 87.54 86.80 85.82 84.59 83.11 81.36 79.41 77.43 75.46 73.52 71.61 69.74 67.93 66.18 64.51 62.93 61.44 60.05 58.80 57.76 57.04 56.80 57.03 57.68 58.70 60.04 61.64 63.46 65.44 67.54
60.62 58.26 56.14 54.24 52.58 51.14 49.93 48.95 48.20 47.66 47.35 47.26 47.39 47.74 48.29 49.06 50.05 51.24 52.61 54.12 55.72 57.39 59.08 60.76 62.39 63.94 65.38 66.81 68.34 69.97 71.64 73.36 75.07 76.77 78.41 79.98 81.45 82.78 83.97 85.00 85.87 86.57 87.07 87.39 87.50 87.40 87.08 86.54 85.77 84.76 83.49 81.97 80.19 78.21 76.19 74.19 72.20 70.25 68.34 66.48 64.68 62.95 61.31 59.76 58.33 57.09 56.08 55.31 54.85 54.83 55.27 56.09 57.27 58.73 60.44 62.33 64.36
60.34 58.15 56.18 54.43 52.89 51.56 50.45 49.55 48.86 48.38 48.11 48.05 48.19 48.54 49.08 49.80 50.72 51.83 53.12 54.54 56.07 57.67 59.30 60.92 62.50 64.00 65.39 66.77 68.26 69.83 71.45 73.10 74.75 76.37 77.95 79.44 80.82 82.08 83.21 84.20 85.03 85.70 86.18 86.47 86.55 86.43 86.09 85.52 84.72 83.69 82.40 80.86 79.05 77.04 75.00 72.97 70.95 68.96 67.01 65.11 63.27 61.50 59.81 58.22 56.82 55.63 54.66 53.90 53.36 53.12 53.29 53.89 54.86 56.15 57.70 59.47 61.41
60.28 58.25 56.43 54.80 53.38 52.16 51.13 50.31 49.68 49.24 49.01 48.97 49.12 49.46 49.98 50.67 51.53 52.55 53.74 55.08 56.52 58.04 59.59 61.14 62.65 64.09 65.42 66.75 68.17 69.67 71.22 72.80 74.37 75.91 77.40 78.80 80.10 81.29 82.37 83.31 84.11 84.75 85.21 85.48 85.55 85.41 85.05 84.47 83.65 82.60 81.30 79.74 77.92 75.90 73.84 71.79 69.75 67.74 65.76 63.83 61.95 60.15 58.44 56.89 55.54 54.40 53.46 52.73 52.18 51.84 51.78 52.11 52.83 53.91 55.27 56.88 58.68
60.42 58.54 56.85 55.35 54.03 52.91 51.96 51.20 50.62 50.23 50.03 50.01 50.17 50.50 50.99 51.64 52.44 53.40 54.49 55.72 57.06 58.49 59.95 61.41 62.84 64.20 65.46 66.72 68.07 69.49 70.95 72.44 73.92 75.37 76.76 78.06 79.29 80.42 81.44 82.34 83.10 83.71 84.15 84.41 84.47 84.32 83.96 83.37 82.56 81.50 80.19 78.63 76.80 74.78 72.71 70.64 68.59 66.56 64.57 62.62 60.72 58.91 57.24 55.77 54.48 53.39 52.48 51.75 51.21 50.85 50.67 50.74 51.19 52.00 53.14 54.55 56.17
60.75 59.01 57.45 56.06 54.84 53.80 52.92 52.22 51.69 51.35 51.17 51.17 51.33 51.64 52.10 52.71 53.45 54.33 55.33 56.45 57.69 59.00 60.36 61.72 63.06 64.33 65.51 66.68 67.94 69.26 70.64 72.02 73.40 74.74 76.02 77.24 78.40 79.46 80.43 81.29 82.01 82.59 83.01 83.26 83.32 83.18 82.82 82.23 81.42 80.36 79.06 77.50 75.68 73.66 71.60 69.53 67.48 65.44 63.44 61.48 59.58 57.83 56.25 54.84 53.61 52.56 51.67 50.96 50.41 50.03 49.81 49.75 49.92 50.45 51.32 52.49 53.90
61.24 59.63 58.19 56.91 55.78 54.82 54.01 53.36 52.89 52.58 52.43 52.44 52.59 52.88 53.31 53.87 54.55 55.35 56.25 57.27 58.38 59.57 60.81 62.06 63.29 64.46 65.54 66.61 67.77 69.00 70.26 71.53 72.79 74.02 75.21 76.35 77.43 78.44 79.35 80.16 80.85 81.40 81.80 82.04 82.10 81.96 81.61 81.04 80.24 79.20 77.91 76.36 74.56 72.55 70.50 68.44 66.39 64.36 62.36 60.41 58.59 56.93 55.43 54.09 52.92 51.90 51.04 50.33 49.77 49.36 49.10 48.98 49.01 49.25 49.82 50.71 51.87
61.89 60.41 59.07 57.89 56.84 55.95 55.20 54.62 54.20 53.92 53.79 53.80 53.95 54.22 54.61 55.11 55.72 56.44 57.25 58.14 59.13 60.19 61.30 62.43 63.54 64.59 65.56 66.52 67.56 68.67 69.81 70.95 72.09 73.22 74.32 75.38 76.39 77.34 78.20 78.96 79.61 80.14 80.52 80.74 80.80 80.67 80.33 79.78 79.00 77.98 76.72 75.20 73.42 71.43 69.40 67.36 65.33 63.31 61.33 59.47 57.76 56.19 54.77 53.50 52.37 51.39 50.54 49.84 49.26 48.82 48.52 48.34 48.29 48.37 48.64 49.21 50.08
62.67 61.31 60.08 58.98 58.01 57.19 56.51 55.99 55.61 55.37 55.26 55.27 55.39 55.63 55.98 56.43 56.96 57.59 58.30 59.08 59.93 60.84 61.81 62.80 63.78 64.70 65.55 66.38 67.30 68.27 69.28 70.29 71.32 72.35 73.37 74.35 75.29 76.17 76.98 77.69 78.31 78.80 79.17 79.38 79.43 79.31 78.99 78.46 77.71 76.72 75.49 74.00 72.25 70.30 68.30 66.29 64.28 62.30 60.42 58.68 57.07 55.60 54.25 53.04 51.96 51.00 50.17 49.46 48.87 48.40 48.04 47.80 47.67 47.65 47.74 48.00 48.55
63.58 62.32 61.18 60.16 59.28 58.54 57.94 57.47 57.13 56.91 56.81 56.81 56.92 57.13 57.43 57.81 58.27 58.80 59.40 60.06 60.78 61.54 62.34 63.18 64.01 64.79 65.50 66.20 66.97 67.80 68.67 69.57 70.49 71.42 72.35 73.25 74.12 74.94 75.69 76.36 76.94 77.41 77.75 77.95 78.00 77.88 77.57 77.07 76.35 75.40 74.21 72.77 71.06 69.15 67.19 65.22 63.26 61.39 59.64 58.01 56.51 55.12 53.85 52.70 51.65 50.72 49.90 49.18 48.57 48.06 47.65 47.34 47.13 47.00 46.98 47.04 47.26
64.59 63.43 62.38 61.45 60.66 60.00 59.46 59.04 58.74 58.54 58.45 58.44 58.53 58.70 58.94 59.26 59.63 60.07 60.56 61.09 61.66 62.27 62.90 63.55 64.21 64.84 65.40 65.95 66.57 67.25 67.99 68.78 69.59 70.43 71.27 72.09 72.89 73.64 74.34 74.97 75.51 75.95 76.27 76.46 76.51 76.39 76.10 75.62 74.93 74.02 72.88 71.49 69.84 67.98 66.06 64.15 62.32 60.59 58.97 57.46 56.05 54.75 53.54 52.44 51.43 50.52 49.70 48.98 48.34 47.79 47.32 46.94 46.64 46.41 46.27 46.19 46.20
65.69 64.63 63.68 62.85 62.15 61.56 61.08 60.71 60.44 60.26 60.16 60.14 60.20 60.33 60.51 60.75 61.05 61.38 61.75 62.15 62.58 63.02 63.48 63.94 64.40 64.85 65.24 65.63 66.10 66.64 67.26 67.93 68.64 69.38 70.13 70.87 71.60 72.29 72.94 73.52 74.02 74.43 74.73 74.91 74.96 74.85 74.57 74.11 73.45 72.59 71.49 70.16 68.56 66.77 64.93 63.15 61.47 59.88 58.38 56.98 55.67 54.45 53.31 52.25 51.28 50.39 49.57 48.83 48.16 47.56 47.04 46.58 46.18 45.85 45.58 45.37 45.22
66.87 65.91 65.07 64.35 63.73 63.21 62.79 62.46 62.21 62.04 61.94 61.91 61.93 62.01 62.13 62.30 62.50 62.72 62.97 63.24 63.51 63.79 64.07 64.34 64.59 64.82 65.02 65.24 65.56 65.98 66.47 67.03 67.64 68.28 68.94 69.60 70.26 70.89 71.48 72.01 72.48 72.86 73.14 73.31 73.35 73.25 72.98 72.55 71.92 71.09 70.05 68.77 67.24 65.53 63.83 62.22 60.69 59.24 57.87 56.57 55.35 54.20 53.13 52.11 51.17 50.29 49.47 48.71 48.01 47.36 46.77 46.23 45.74 45.30 44.90 44.55 44.24
68.06 67.24 66.51 65.88 65.34 64.89 64.52 64.23 64.00 63.84 63.73 63.67 63.66 63.68 63.74 63.82 63.92 64.04 64.16 64.29 64.41 64.51 64.60 64.67 64.71 64.72 64.75 64.85 65.04 65.32 65.69 66.13 66.63 67.18 67.75 68.34 68.92 69.49 70.02 70.51 70.94 71.30 71.56 71.71 71.75 71.65 71.40 70.99 70.40 69.61 68.61 67.39 65.91 64.27 62.74 61.29 59.91 58.60 57.35 56.16 55.03 53.95 52.93 51.96 51.05 50.18 49.36 48.58 47.84 47.15 46.49 45.87 45.28 44.73 44.20 43.71 43.23
69.08 68.44 67.83 67.29 66.83 66.44 66.12 65.85 65.65 65.48 65.36 65.28 65.22 65.19 65.18 65.17 65.18 65.17 65.17 65.15 65.11 65.04 64.94 64.80 64.63 64.47 64.47 64.55 64.64 64.79 65.04 65.37 65.77 66.21 66.70 67.21 67.72 68.23 68.71 69.15 69.55 69.87 70.11 70.26 70.30 70.20 69.97 69.58 69.02 68.27 67.32 66.14 64.65 62.96 61.49 60.21 58.99 57.81 56.69 55.61 54.58 53.58 52.63 51.71 50.83 49.98 49.16 48.37 47.60 46.86 46.14 45.45 44.77 44.11 43.46 42.83 42.20
69.87 69.45 68.99 68.55 68.16 67.83 67.55 67.31 67.12 66.95 66.81 66.70 66.60 66.50 66.41 66.32 66.21 66.09 65.95 65.78 65.58 65.33 65.04 64.70 64.37 64.19 64.19 64.27 64.34 64.41 64.54 64.76 65.05 65.40 65.80 66.23 66.68 67.12 67.55 67.95 68.31 68.61 68.83 68.97 69.00 68.92 68.70 68.34 67.81 67.10 66.19 64.99 63.44 61.71 60.19 58.96 57.90 56.88 55.89 54.93 54.00 53.09 52.21 51.34 50.50 49.68 48.87 48.07 47.29 46.51 45.74 44.98 44.22 43.46 42.70 41.93 41.17
70.47 70.23 69.95 69.64 69.32 69.04 68.80 68.59 68.40 68.23 68.07 67.92 67.77 67.61 67.44 67.25 67.03 66.79 66.51 66.18 65.81 65.38 64.89 64.41 64.08 63.92 63.93 64.01 64.08 64.13 64.18 64.29 64.48 64.74 65.05 65.40 65.78 66.16 66.54 66.90 67.23 67.50 67.71 67.83 67.87 67.79 67.59 67.25 66.76 66.08 65.14 63.89 62.30 60.52 58.96 57.69 56.67 55.80 54.95 54.12 53.30 52.49 51.68 50.89 50.09 49.30 48.51 47.72 46.92 46.11 45.30 44.47 43.64 42.79 41.92 41.03 40.16
70.87 70.80 70.68 70.51 70.30 70.08 69.87 69.67 69.49 69.31 69.12 68.93 68.72 68.49 68.24 67.95 67.62 67.25 66.82 66.34 65.79 65.18 64.56 64.09 63.79 63.66 63.67 63.75 63.82 63.88 63.92 63.96 64.05 64.22 64.44 64.72 65.03 65.35 65.68 66.00 66.29 66.54 66.73 66.85 66.88 66.81 66.63 66.32 65.84 65.14 64.16 62.86 61.23 59.42 57.82 56.50 55.44 54.61 53.90 53.20 52.50 51.79 51.07 50.35 49.61 48.86 48.09 47.31 46.50 45.68 44.83 43.95 43.05 42.11 41.15 40.18 39.23
71.09 71.18 71.21 71.16 71.06 70.91 70.74 70.56 70.37 70.18 69.96 69.73 69.46 69.16 68.81 68.42 67.97 67.46 66.89 66.24 65.52 64.79 64.20 63.78 63.51 63.40 63.41 63.49 63.57 63.64 63.69 63.72 63.75 63.82 63.97 64.17 64.41 64.68 64.95 65.23 65.49 65.71 65.89 66.00 66.04 65.98 65.82 65.52 65.02 64.26 63.23 61.90 60.25 58.41 56.78 55.41 54.30 53.43 52.76 52.19 51.61 51.01 50.39 49.75 49.07 48.37 47.64 46.87 46.07 45.23 44.35 43.42 42.46 41.45 40.41 39.39 38.39
71.15 71.39 71.54 71.61 71.60 71.53 71.40 71.24 71.04 70.83 70.58 70.29 69.96 69.58 69.14 68.64 68.07 67.43 66.70 65.89 65.07 64.37 63.84 63.47 63.24 63.14 63.17 63.25 63.33 63.40 63.46 63.51 63.53 63.55 63.61 63.74 63.92 64.13 64.36 64.59 64.82 65.02 65.18 65.29 65.33 65.28 65.13 64.80 64.25 63.45 62.38 61.02 59.35 57.49 55.84 54.44 53.29 52.36 51.64 51.11 50.65 50.17 49.66 49.10 48.49 47.85 47.15 46.41 45.62 44.77 43.87 42.91 41.89 40.83 39.75 38.68 37.62
71.06 71.43 71.69 71.85 71.93 71.92 71.84 71.69 71.49 71.25 70.96 70.62 70.22 69.76 69.22 68.61 67.91 67.12 66.25 65.35 64.57 63.96 63.49 63.17 62.98 62.90 62.93 63.01 63.09 63.17 63.24 63.30 63.34 63.37 63.38 63.43 63.55 63.70 63.88 64.08 64.27 64.45 64.60 64.70 64.75 64.70 64.51 64.14 63.54 62.71 61.61 60.23 58.54 56.68 55.01 53.59 52.40 51.43 50.66 50.08 49.65 49.29 48.88 48.41 47.89 47.31 46.66 45.95 45.17 44.33 43.41 42.42 41.37 40.28 39.17 38.05 36.94
70.84 71.32 71.68 71.92 72.06 72.10 72.05 71.91 71.71 71.44 71.11 70.71 70.24 69.69 69.05 68.32 67.49 66.56 65.60 64.76 64.08 63.55 63.15 62.87 62.71 62.66 62.69 62.77 62.86 62.95 63.03 63.10 63.16 63.20 63.23 63.24 63.29 63.39 63.52 63.68 63.85 64.00 64.14 64.24 64.28 64.20 63.96 63.54 62.91 62.05 60.93 59.54 57.84 55.98 54.30 52.86 51.65 50.64 49.83 49.19 48.72 48.38 48.08 47.72 47.28 46.77 46.17 45.50 44.75 43.91 42.99 41.98 40.92 39.80 38.66 37.50 36.34
70.50 71.08 71.52 71.83 72.01 72.08 72.04 71.91 71.69 71.38 71.00 70.54 69.99 69.35 68.60 67.75 66.79 65.79 64.91 64.18 63.60 63.14 62.81 62.58 62.46 62.42 62.46 62.54 62.63 62.73 62.82 62.91 62.98 63.05 63.10 63.12 63.14 63.18 63.27 63.39 63.53 63.67 63.79 63.88 63.88 63.75 63.47 63.01 62.35 61.47 60.34 58.95 57.26 55.40 53.72 52.27 51.04 50.00 49.16 48.47 47.95 47.56 47.28 47.01 46.67 46.24 45.71 45.08 44.36 43.54 42.62 41.61 40.53 39.39 38.22 37.03 35.83
70.06 70.72 71.23 71.58 71.80 71.88 71.85 71.69 71.44 71.08 70.64 70.11 69.48 68.74 67.88 66.91 65.89 64.98 64.23 63.61 63.11 62.74 62.47 62.30 62.21 62.19 62.24 62.32 62.41 62.51 62.62 62.72 62.81 62.90 62.97 63.02 63.05 63.07 63.12 63.21 63.31 63.43 63.54 63.59 63.54 63.37 63.05 62.56 61.89 60.99 59.86 58.47 56.79 54.95 53.28 51.83 50.58 49.53 48.65 47.93 47.36 46.91 46.58 46.34 46.08 45.73 45.28 44.71 44.02 43.22 42.31 41.30 40.21 39.06 37.87 36.64 35.41
69.53 70.26 70.81 71.20 71.44 71.52 71.47 71.28 70.97 70.55 70.03 69.41 68.68 67.84 66.88 65.86 64.95 64.18 63.55 63.04 62.64 62.34 62.14 62.02 61.96 61.97 62.02 62.10 62.20 62.30 62.42 62.53 62.64 62.75 62.85 62.93 62.99 63.03 63.06 63.11 63.19 63.29 63.35 63.35 63.26 63.05 62.71 62.20 61.51 60.62 59.49 58.11 56.45 54.63 52.97 51.53 50.28 49.22 48.32 47.58 46.96 46.47 46.08 45.78 45.54 45.28 44.90 44.39 43.74 42.96 42.06 41.06 39.97 38.81 37.59 36.34 35.07
68.93 69.71 70.30 70.70 70.94 71.01 70.92 70.69 70.32 69.81 69.19 68.45 67.61 66.66 65.66 64.76 64.01 63.38 62.87 62.47 62.17 61.95 61.81 61.74 61.72 61.75 61.80 61.89 61.98 62.10 62.22 62.35 62.48 62.61 62.73 62.84 62.94 63.01 63.07 63.11 63.16 63.21 63.22 63.18 63.05 62.82 62.46 61.94 61.25 60.35 59.24 57.88 56.24 54.46 52.82 51.40 50.16 49.09 48.18 47.41 46.77 46.24 45.80 45.44 45.15 44.89 44.58 44.13 43.52 42.76 41.88 40.88 39.80 38.63 37.40 36.13 34.83
68.26 69.08 69.69 70.10 70.32 70.35 70.22 69.92 69.47 68.87 68.14 67.27 66.29 65.28 64.40 63.67 63.07 62.58 62.20 61.91 61.70 61.57 61.49 61.47 61.48 61.53 61.59 61.67 61.78 61.90 62.03 62.17 62.32 62.47 62.61 62.75 62.88 63.00 63.09 63.16 63.18 63.18 63.16 63.08 62.92 62.67 62.30 61.78 61.09 60.21 59.11 57.78 56.18 54.43 52.83 51.43 50.20 49.14 48.22 47.44 46.78 46.21 45.74 45.33 44.98 44.66 44.34 43.93 43.35 42.62 41.76 40.78 39.70 38.53 37.29 36.00 34.67
67.56 68.39 69.00 69.40 69.59 69.58 69.39 69.01 68.46 67.75 66.88 65.87 64.82 63.90 63.16 62.59 62.14 61.79 61.53 61.35 61.24 61.18 61.17 61.20 61.25 61.32 61.38 61.47 61.57 61.70 61.84 62.00 62.16 62.33 62.50 62.67 62.83 62.98 63.11 63.20 63.24 63.22 63.16 63.06 62.88 62.62 62.24 61.73 61.05 60.19 59.12 57.82 56.27 54.57 53.01 51.63 50.43 49.38 48.47 47.68 47.00 46.42 45.91 45.46 45.05 44.65 44.23 43.79 43.24 42.55 41.71 40.75 39.67 38.50 37.26 35.96 34.61
66.82 67.65 68.25 68.62 68.77 68.70 68.43 67.95 67.30 66.46 65.45 64.37 63.41 62.60 61.97 61.52 61.21 61.00 60.86 60.79 60.78 60.80 60.86 60.93 61.02 61.10 61.18 61.26 61.37 61.50 61.66 61.83 62.01 62.20 62.40 62.59 62.79 62.97 63.13 63.25 63.31 63.31 63.24 63.12 62.94 62.67 62.30 61.79 61.14 60.31 59.27 58.02 56.52 54.87 53.36 52.02 50.85 49.82 48.92 48.14 47.45 46.85 46.32 45.83 45.35 44.85 44.33 43.78 43.20 42.54 41.73 40.79 39.72 38.56 37.32 36.00 34.64
66.06 66.89 67.46 67.79 67.87 67.73 67.36 66.78 65.99 65.01 63.94 62.95 62.12 61.43 60.89 60.51 60.30 60.21 60.20 60.24 60.32 60.42 60.54 60.67 60.79 60.90 60.98 61.06 61.17 61.31 61.47 61.66 61.86 62.07 62.29 62.52 62.74 62.95 63.14 63.29 63.39 63.43 63.39 63.28 63.09 62.83 62.47 61.99 61.36 60.56 59.58 58.37 56.93 55.35 53.89 52.60 51.47 50.47 49.59 48.82 48.13 47.52 46.97 46.42 45.85 45.25 44.62 43.97 43.30 42.60 41.81 40.90 39.85 38.70 37.46 36.14 34.76
65.31 66.11 66.64 66.90 66.91 66.67 66.20 65.49 64.57 63.52 62.55 61.70 60.97 60.39 59.94 59.63 59.46 59.44 59.54 59.69 59.86 60.05 60.23 60.41 60.57 60.69 60.78 60.86 60.97 61.12 61.29 61.49 61.71 61.94 62.19 62.44 62.70 62.95 63.17 63.36 63.50 63.59 63.60 63.52 63.35 63.11 62.77 62.31 61.72 60.97 60.04 58.89 57.52 56.01 54.62 53.38 52.29 51.33 50.48 49.72 49.05 48.44 47.84 47.20 46.54 45.84 45.11 44.36 43.59 42.79 41.98 41.08 40.06 38.92 37.69 36.37 34.98
