data_processed/recharge/precip/Precip_1993_10.asc
ncols        168
nrows        136
xllcorner    455000
yllcorner    2107000
cellsize     500
NODATA_value     -99999
[rows 35 to 69 of 136, columns 77 to 153 of 168]
33.03 32.19 31.38 30.62 29.91 29.25 28.65 28.10 27.62 27.18 26.77 26.37 25.99 25.63 25.28 24.95 24.64 24.38 24.22 24.17 24.20 24.30 24.47 24.69 24.95 25.24 25.52 25.80 26.06 26.31 26.56 26.81 27.07 27.34 27.63 27.93 28.25 28.58 28.91 29.24 29.55 29.86 30.14 30.40 30.66 30.92 31.17 31.42 31.67 31.91 32.16 32.40 32.64 32.87 33.09 33.30 33.52 33.73 33.95 34.17 34.40 34.70 35.08 35.54 36.06 36.64 37.26 37.90 38.57 39.29 40.06 40.87 41.68 42.49 43.28 44.02 44.70
32.51 31.73 30.98 30.26 29.59 28.97 28.40 27.87 27.41 27.00 26.64 26.29 25.95 25.62 25.30 25.00 24.74 24.58 24.51 24.53 24.62 24.77 24.97 25.19 25.45 25.71 25.96 26.18 26.38 26.56 26.73 26.89 27.04 27.20 27.36 27.53 27.71 27.90 28.09 28.28 28.45 28.62 28.77 28.93 29.10 29.27 29.45 29.63 29.83 30.03 30.24 30.45 30.67 30.88 31.09 31.29 31.49 31.69 31.90 32.11 32.32 32.56 32.86 33.24 33.70 34.23 34.81 35.44 36.15 36.93 37.77 38.65 39.54 40.44 41.32 42.16 42.94
32.08 31.35 30.65 29.98 29.35 28.76 28.21 27.71 27.26 26.86 26.52 26.22 25.92 25.64 25.35 25.11 24.96 24.91 24.93 25.02 25.16 25.35 25.57 25.80 26.04 26.27 26.48 26.65 26.78 26.89 26.97 27.03 27.08 27.12 27.15 27.18 27.21 27.25 27.28 27.32 27.34 27.37 27.41 27.47 27.54 27.63 27.73 27.85 27.99 28.15 28.33 28.52 28.72 28.92 29.11 29.30 29.49 29.68 29.87 30.07 30.28 30.50 30.74 31.05 31.44 31.91 32.46 33.11 33.86 34.69 35.58 36.52 37.48 38.45 39.40 40.33 41.20
31.73 31.05 30.40 29.77 29.18 28.62 28.10 27.62 27.18 26.79 26.45 26.16 25.90 25.66 25.45 25.33 25.30 25.35 25.45 25.61 25.80 26.02 26.25 26.49 26.71 26.91 27.07 27.19 27.25 27.28 27.27 27.23 27.17 27.08 26.98 26.86 26.74 26.61 26.48 26.35 26.23 26.13 26.06 26.02 25.99 26.00 26.03 26.09 26.18 26.30 26.45 26.62 26.80 26.98 27.16 27.34 27.52 27.70 27.88 28.08 28.28 28.50 28.73 28.98 29.30 29.72 30.26 30.93 31.70 32.57 33.50 34.48 35.50 36.52 37.54 38.54 39.48
31.45 30.83 30.22 29.64 29.08 28.55 28.05 27.58 27.16 26.77 26.43 26.13 25.89 25.72 25.65 25.66 25.74 25.88 26.06 26.28 26.52 26.77 27.02 27.25 27.45 27.62 27.73 27.78 27.77 27.72 27.61 27.47 27.29 27.07 26.83 26.57 26.28 25.98 25.68 25.39 25.14 24.92 24.74 24.59 24.48 24.40 24.36 24.37 24.40 24.48 24.60 24.75 24.92 25.09 25.25 25.42 25.59 25.76 25.94 26.13 26.33 26.55 26.77 27.02 27.30 27.69 28.24 28.91 29.70 30.58 31.54 32.56 33.61 34.68 35.75 36.80 37.80
31.25 30.68 30.12 29.57 29.04 28.54 28.06 27.61 27.19 26.80 26.46 26.16 25.94 25.88 25.93 26.07 26.26 26.49 26.75 27.02 27.31 27.58 27.84 28.06 28.24 28.37 28.42 28.41 28.32 28.18 27.98 27.72 27.42 27.08 26.69 26.27 25.82 25.36 24.89 24.47 24.08 23.74 23.45 23.20 23.00 22.84 22.74 22.68 22.67 22.71 22.80 22.94 23.09 23.25 23.40 23.56 23.72 23.89 24.06 24.25 24.45 24.66 24.88 25.14 25.46 25.87 26.40 27.07 27.86 28.75 29.72 30.75 31.82 32.92 34.03 35.11 36.17
31.13 30.60 30.08 29.57 29.07 28.59 28.13 27.69 27.28 26.89 26.54 26.28 26.15 26.16 26.30 26.55 26.84 27.16 27.49 27.82 28.14 28.43 28.70 28.91 29.06 29.14 29.14 29.05 28.89 28.65 28.35 27.98 27.55 27.07 26.54 25.97 25.35 24.74 24.14 23.58 23.07 22.61 22.20 21.86 21.57 21.34 21.16 21.05 20.99 20.99 21.06 21.18 21.32 21.47 21.61 21.76 21.92 22.08 22.25 22.43 22.63 22.84 23.08 23.39 23.77 24.23 24.77 25.42 26.19 27.07 28.04 29.07 30.15 31.26 32.39 33.50 34.59
31.07 30.59 30.11 29.63 29.16 28.70 28.25 27.82 27.41 27.03 26.72 26.54 26.50 26.58 26.78 27.09 27.47 27.87 28.27 28.65 29.00 29.32 29.58 29.77 29.89 29.93 29.86 29.70 29.45 29.12 28.71 28.22 27.67 27.05 26.37 25.63 24.88 24.14 23.42 22.74 22.10 21.53 21.02 20.57 20.20 19.89 19.65 19.48 19.38 19.34 19.38 19.49 19.62 19.76 19.90 20.04 20.19 20.35 20.52 20.70 20.90 21.12 21.41 21.78 22.22 22.73 23.31 23.96 24.70 25.56 26.50 27.53 28.60 29.71 30.84 31.97 33.07
31.08 30.64 30.19 29.75 29.30 28.86 28.43 28.01 27.60 27.26 27.05 26.96 27.00 27.14 27.38 27.72 28.14 28.61 29.07 29.49 29.88 30.21 30.46 30.64 30.73 30.70 30.57 30.33 30.00 29.57 29.04 28.44 27.75 26.98 26.15 25.29 24.42 23.57 22.74 21.95 21.20 20.51 19.90 19.36 18.90 18.52 18.21 17.99 17.84 17.77 17.79 17.88 18.00 18.13 18.27 18.40 18.55 18.71 18.88 19.06 19.27 19.54 19.90 20.32 20.82 21.38 21.99 22.67 23.40 24.22 25.13 26.13 27.18 28.28 29.40 30.52 31.63
31.15 30.75 30.34 29.92 29.50 29.08 28.66 28.24 27.89 27.65 27.53 27.53 27.63 27.82 28.10 28.46 28.88 29.37 29.87 30.34 30.75 31.09 31.34 31.49 31.54 31.46 31.26 30.94 30.51 29.97 29.33 28.60 27.77 26.87 25.91 24.95 23.98 23.03 22.10 21.20 20.36 19.57 18.86 18.23 17.68 17.22 16.86 16.58 16.39 16.29 16.28 16.36 16.48 16.60 16.73 16.87 17.01 17.17 17.34 17.54 17.79 18.13 18.54 19.02 19.56 20.16 20.82 21.52 22.27 23.07 23.94 24.89 25.91 26.98 28.07 29.18 30.28
31.28 30.92 30.54 30.15 29.75 29.34 28.93 28.57 28.32 28.19 28.16 28.23 28.39 28.63 28.93 29.30 29.72 30.18 30.68 31.18 31.61 31.95 32.19 32.31 32.31 32.17 31.89 31.49 30.96 30.32 29.56 28.70 27.74 26.72 25.67 24.61 23.56 22.52 21.50 20.52 19.58 18.71 17.90 17.18 16.56 16.03 15.60 15.27 15.04 14.91 14.88 14.95 15.06 15.18 15.30 15.44 15.58 15.74 15.92 16.17 16.49 16.88 17.35 17.87 18.46 19.09 19.78 20.51 21.28 22.08 22.92 23.82 24.79 25.81 26.87 27.94 29.01
31.47 31.15 30.80 30.43 30.05 29.66 29.31 29.06 28.92 28.88 28.93 29.06 29.27 29.54 29.86 30.23 30.64 31.07 31.53 31.99 32.42 32.77 32.99 33.08 33.03 32.83 32.47 31.98 31.35 30.59 29.71 28.72 27.66 26.55 25.43 24.29 23.16 22.04 20.95 19.89 18.87 17.92 17.04 16.24 15.53 14.93 14.44 14.06 13.80 13.64 13.59 13.65 13.76 13.87 14.00 14.13 14.28 14.45 14.68 14.99 15.37 15.81 16.32 16.89 17.51 18.18 18.89 19.63 20.42 21.23 22.06 22.92 23.83 24.79 25.80 26.83 27.86
31.71 31.42 31.10 30.76 30.40 30.07 29.83 29.70 29.67 29.71 29.83 30.02 30.27 30.56 30.89 31.25 31.64 32.03 32.43 32.83 33.20 33.53 33.73 33.79 33.69 33.41 32.97 32.38 31.65 30.78 29.78 28.69 27.55 26.38 25.19 23.99 22.79 21.60 20.44 19.31 18.23 17.21 16.26 15.40 14.63 13.96 13.41 12.98 12.67 12.49 12.42 12.47 12.58 12.69 12.82 12.95 13.11 13.33 13.62 13.99 14.42 14.92 15.47 16.07 16.72 17.41 18.14 18.90 19.69 20.51 21.34 22.18 23.04 23.93 24.87 25.84 26.81
32.01 31.75 31.46 31.14 30.84 30.64 30.53 30.50 30.56 30.68 30.86 31.09 31.37 31.67 32.00 32.35 32.70 33.05 33.38 33.70 33.98 34.23 34.39 34.41 34.25 33.90 33.38 32.69 31.84 30.86 29.77 28.62 27.43 26.21 24.96 23.70 22.44 21.20 19.98 18.80 17.66 16.59 15.58 14.66 13.83 13.11 12.50 12.03 11.68 11.47 11.39 11.43 11.54 11.65 11.78 11.92 12.13 12.41 12.77 13.19 13.67 14.20 14.79 15.42 16.10 16.81 17.55 18.32 19.11 19.92 20.74 21.57 22.40 23.24 24.10 24.99 25.89
32.35 32.12 31.86 31.61 31.44 31.37 31.37 31.44 31.58 31.77 32.00 32.27 32.57 32.88 33.20 33.52 33.83 34.12 34.38 34.61 34.79 34.91 34.98 34.93 34.71 34.29 33.67 32.88 31.93 30.86 29.73 28.54 27.30 26.03 24.73 23.43 22.13 20.84 19.58 18.35 17.17 16.05 15.00 14.03 13.16 12.39 11.74 11.21 10.83 10.59 10.50 10.54 10.64 10.76 10.90 11.09 11.36 11.71 12.11 12.58 13.10 13.67 14.29 14.95 15.64 16.36 17.11 17.89 18.68 19.48 20.28 21.09 21.89 22.69 23.48 24.29 25.11
32.74 32.54 32.35 32.24 32.21 32.26 32.36 32.53 32.74 32.98 33.26 33.55 33.86 34.16 34.46 34.75 35.01 35.23 35.41 35.54 35.61 35.61 35.53 35.36 35.05 34.55 33.83 32.94 31.92 30.82 29.65 28.42 27.15 25.85 24.52 23.18 21.85 20.52 19.23 17.96 16.75 15.59 14.51 13.51 12.60 11.80 11.11 10.56 10.14 9.87 9.77 9.80 9.91 10.04 10.22 10.48 10.81 11.21 11.66 12.17 12.72 13.33 13.97 14.65 15.35 16.09 16.84 17.61 18.39 19.17 19.96 20.74 21.51 22.28 23.02 23.74 24.47
33.18 33.06 33.01 33.04 33.14 33.29 33.50 33.74 34.01 34.31 34.61 34.93 35.23 35.53 35.80 36.03 36.23 36.38 36.47 36.49 36.44 36.30 36.06 35.73 35.27 34.67 33.86 32.91 31.86 30.74 29.54 28.29 27.00 25.67 24.32 22.96 21.60 20.25 18.93 17.64 16.41 15.23 14.12 13.09 12.16 11.34 10.63 10.05 9.61 9.32 9.20 9.23 9.35 9.53 9.78 10.10 10.48 10.92 11.42 11.96 12.55 13.17 13.84 14.53 15.24 15.98 16.73 17.49 18.25 19.02 19.78 20.53 21.26 21.98 22.68 23.34 23.98
33.67 33.70 33.80 33.97 34.18 34.43 34.72 35.03 35.36 35.70 36.03 36.35 36.65 36.92 37.15 37.34 37.47 37.53 37.52 37.43 37.24 36.95 36.56 36.04 35.40 34.63 33.76 32.80 31.74 30.60 29.39 28.13 26.82 25.48 24.12 22.74 21.37 20.01 18.68 17.38 16.13 14.94 13.82 12.78 11.83 10.99 10.27 9.68 9.23 8.93 8.79 8.84 9.01 9.25 9.56 9.93 10.36 10.84 11.37 11.95 12.56 13.20 13.88 14.58 15.29 16.03 16.77 17.51 18.26 19.00 19.73 20.44 21.13 21.80 22.44 23.05 23.62
34.01 34.15 34.39 34.68 35.01 35.37 35.74 36.12 36.50 36.87 37.23 37.55 37.84 38.09 38.28 38.41 38.47 38.44 38.33 38.12 37.80 37.37 36.80 36.11 35.28 34.41 33.51 32.53 31.47 30.32 29.11 27.84 26.53 25.18 23.81 22.43 21.05 19.69 18.35 17.04 15.78 14.59 13.46 12.42 11.47 10.62 9.89 9.30 8.84 8.53 8.41 8.55 8.81 9.11 9.47 9.89 10.36 10.88 11.44 12.04 12.67 13.32 14.01 14.71 15.42 16.14 16.87 17.59 18.31 19.01 19.71 20.38 21.02 21.64 22.22 22.76 23.27
34.15 34.27 34.60 35.02 35.47 35.92 36.38 36.83 37.27 37.68 38.05 38.39 38.67 38.89 39.05 39.12 39.11 39.00 38.78 38.46 38.01 37.42 36.70 35.84 34.91 34.00 33.08 32.08 31.01 29.86 28.65 27.38 26.06 24.71 23.34 21.96 20.58 19.22 17.87 16.57 15.31 14.11 12.98 11.94 10.99 10.14 9.41 8.81 8.35 8.07 8.04 8.30 8.67 9.06 9.47 9.92 10.42 10.97 11.55 12.17 12.81 13.47 14.15 14.85 15.55 16.25 16.95 17.65 18.33 19.00 19.65 20.27 20.86 21.41 21.92 22.41 22.92
34.12 34.19 34.51 35.01 35.57 36.13 36.67 37.19 37.68 38.13 38.53 38.88 39.15 39.35 39.47 39.49 39.41 39.22 38.90 38.46 37.88 37.15 36.27 35.33 34.37 33.44 32.49 31.47 30.38 29.24 28.02 26.76 25.44 24.10 22.73 21.35 19.98 18.61 17.27 15.97 14.72 13.52 12.40 11.35 10.40 9.56 8.84 8.24 7.81 7.62 7.72 8.09 8.57 9.05 9.52 10.01 10.54 11.11 11.70 12.33 12.97 13.63 14.31 14.99 15.67 16.35 17.02 17.68 18.33 18.95 19.54 20.10 20.63 21.11 21.57 22.06 22.57
33.95 33.97 34.23 34.71 35.34 36.00 36.63 37.22 37.77 38.26 38.69 39.04 39.32 39.50 39.57 39.54 39.40 39.12 38.71 38.15 37.44 36.58 35.63 34.66 33.69 32.73 31.76 30.72 29.61 28.46 27.25 25.99 24.68 23.34 21.98 20.61 19.25 17.89 16.56 15.26 14.02 12.83 11.71 10.68 9.74 8.90 8.18 7.62 7.29 7.24 7.46 7.93 8.50 9.06 9.61 10.15 10.70 11.28 11.88 12.51 13.15 13.80 14.46 15.12 15.78 16.43 17.07 17.68 18.28 18.84 19.38 19.88 20.33 20.76 21.22 21.70 22.22
33.64 33.62 33.84 34.26 34.85 35.57 36.29 36.96 37.57 38.10 38.55 38.92 39.19 39.35 39.39 39.31 39.10 38.74 38.23 37.56 36.73 35.81 34.84 33.86 32.87 31.90 30.90 29.84 28.72 27.55 26.34 25.09 23.80 22.47 21.12 19.76 18.41 17.06 15.74 14.46 13.23 12.05 10.95 9.92 9.00 8.17 7.49 7.04 6.85 6.92 7.25 7.81 8.47 9.10 9.71 10.31 10.89 11.48 12.08 12.70 13.34 13.97 14.61 15.24 15.87 16.48 17.07 17.64 18.18 18.68 19.15 19.58 19.98 20.40 20.86 21.35 21.87
33.20 33.15 33.32 33.69 34.23 34.91 35.68 36.42 37.09 37.66 38.15 38.53 38.79 38.93 38.95 38.82 38.54 38.10 37.50 36.73 35.84 34.90 33.93 32.94 31.94 30.95 29.94 28.86 27.73 26.55 25.33 24.07 22.79 21.49 20.15 18.81 17.47 16.15 14.85 13.58 12.36 11.20 10.12 9.11 8.20 7.42 6.85 6.54 6.48 6.66 7.09 7.74 8.46 9.16 9.83 10.47 11.09 11.70 12.30 12.91 13.52 14.13 14.74 15.34 15.92 16.49 17.03 17.54 18.02 18.46 18.85 19.22 19.62 20.05 20.51 21.01 21.53
32.65 32.56 32.70 33.02 33.51 34.13 34.86 35.63 36.36 36.98 37.50 37.89 38.16 38.28 38.26 38.08 37.74 37.23 36.54 35.72 34.84 33.90 32.92 31.92 30.91 29.91 28.88 27.80 26.65 25.46 24.23 22.98 21.70 20.41 19.10 17.78 16.46 15.16 13.88 12.63 11.43 10.30 9.23 8.25 7.38 6.72 6.30 6.12 6.18 6.47 6.99 7.71 8.49 9.24 9.96 10.64 11.29 11.91 12.51 13.10 13.69 14.28 14.85 15.41 15.94 16.45 16.94 17.38 17.79 18.15 18.50 18.86 19.26 19.70 20.17 20.67 21.19
31.99 31.88 31.99 32.27 32.71 33.27 33.93 34.66 35.41 36.08 36.63 37.04 37.30 37.42 37.36 37.14 36.74 36.16 35.43 34.62 33.74 32.80 31.82 30.81 29.80 28.79 27.75 26.66 25.51 24.31 23.08 21.82 20.54 19.26 17.97 16.68 15.38 14.10 12.85 11.63 10.46 9.35 8.31 7.38 6.64 6.13 5.85 5.80 5.96 6.35 6.94 7.72 8.56 9.35 10.10 10.80 11.47 12.11 12.71 13.29 13.84 14.39 14.92 15.43 15.91 16.36 16.78 17.16 17.49 17.80 18.13 18.51 18.92 19.36 19.83 20.33 20.85
31.24 31.11 31.19 31.44 31.83 32.34 32.94 33.61 34.31 34.99 35.57 36.00 36.26 36.36 36.28 36.02 35.56 34.95 34.24 33.44 32.56 31.63 30.65 29.64 28.62 27.60 26.56 25.46 24.30 23.10 21.87 20.61 19.34 18.06 16.78 15.52 14.26 13.01 11.78 10.60 9.46 8.38 7.39 6.59 6.00 5.64 5.49 5.55 5.82 6.28 6.94 7.78 8.66 9.48 10.25 10.98 11.65 12.29 12.88 13.44 13.97 14.47 14.95 15.40 15.82 16.21 16.55 16.85 17.13 17.43 17.77 18.16 18.57 19.02 19.50 20.00 20.52
30.40 30.26 30.32 30.54 30.89 31.36 31.91 32.51 33.14 33.77 34.35 34.79 35.06 35.15 35.04 34.74 34.27 33.67 32.98 32.19 31.32 30.40 29.42 28.42 27.40 26.37 25.33 24.22 23.07 21.87 20.63 19.38 18.11 16.84 15.57 14.32 13.09 11.88 10.69 9.54 8.43 7.41 6.56 5.92 5.49 5.26 5.24 5.40 5.75 6.29 7.01 7.88 8.79 9.64 10.42 11.15 11.83 12.45 13.03 13.56 14.05 14.51 14.93 15.32 15.67 15.98 16.25 16.49 16.76 17.07 17.43 17.82 18.24 18.69 19.17 19.67 20.19
29.50 29.35 29.39 29.58 29.90 30.33 30.83 31.37 31.94 32.49 33.01 33.45 33.72 33.80 33.67 33.36 32.91 32.34 31.67 30.89 30.04 29.12 28.16 27.16 26.14 25.12 24.07 22.96 21.80 20.61 19.38 18.13 16.87 15.61 14.35 13.12 11.91 10.73 9.58 8.47 7.43 6.55 5.87 5.39 5.10 4.99 5.07 5.33 5.76 6.36 7.12 8.03 8.96 9.82 10.61 11.33 11.99 12.60 13.14 13.64 14.09 14.49 14.85 15.17 15.45 15.68 15.88 16.12 16.40 16.73 17.09 17.49 17.91 18.37 18.85 19.35 19.87
28.53 28.38 28.40 28.58 28.87 29.26 29.72 30.21 30.71 31.20 31.64 32.02 32.27 32.34 32.22 31.94 31.52 30.98 30.32 29.57 28.73 27.83 26.87 25.88 24.87 23.84 22.79 21.69 20.54 19.35 18.13 16.89 15.64 14.39 13.15 11.93 10.74 9.59 8.48 7.44 6.54 5.84 5.32 4.98 4.82 4.83 5.01 5.35 5.85 6.50 7.30 8.23 9.16 10.02 10.80 11.51 12.15 12.72 13.23 13.68 14.08 14.41 14.70 14.94 15.14 15.31 15.51 15.76 16.06 16.39 16.76 17.16 17.60 18.05 18.54 19.04 19.56
27.51 27.36 27.38 27.54 27.81 28.17 28.59 29.03 29.48 29.91 30.28 30.57 30.76 30.83 30.74 30.50 30.11 29.59 28.96 28.22 27.41 26.52 25.58 24.60 23.59 22.57 21.53 20.43 19.28 18.10 16.89 15.66 14.43 13.19 11.97 10.77 9.60 8.47 7.42 6.52 5.81 5.27 4.90 4.70 4.66 4.78 5.04 5.46 6.01 6.70 7.53 8.47 9.40 10.25 11.02 11.70 12.31 12.84 13.30 13.69 14.02 14.28 14.49 14.64 14.77 14.94 15.16 15.42 15.72 16.06 16.44 16.85 17.29 17.75 18.23 18.73 19.25
26.46 26.31 26.33 26.48 26.74 27.07 27.45 27.86 28.26 28.62 28.93 29.15 29.28 29.32 29.25 29.04 28.68 28.20 27.59 26.88 26.09 25.22 24.29 23.33 22.33 21.32 20.28 19.19 18.06 16.89 15.69 14.48 13.26 12.04 10.84 9.66 8.51 7.44 6.51 5.78 5.24 4.86 4.63 4.55 4.62 4.83 5.18 5.65 6.25 6.98 7.82 8.75 9.68 10.51 11.25 11.89 12.46 12.94 13.34 13.66 13.91 14.09 14.21 14.29 14.41 14.58 14.81 15.09 15.40 15.75 16.13 16.55 16.99 17.45 17.93 18.43 18.95
25.37 25.24 25.26 25.41 25.65 25.96 26.32 26.69 27.04 27.36 27.60 27.77 27.86 27.86 27.78 27.59 27.27 26.81 26.24 25.56 24.79 23.94 23.04 22.08 21.10 20.10 19.07 18.00 16.87 15.72 14.54 13.34 12.14 10.95 9.77 8.61 7.52 6.57 5.81 5.23 4.83 4.59 4.50 4.53 4.70 5.00 5.41 5.94 6.57 7.32 8.16 9.09 9.99 10.79 11.49 12.09 12.60 13.02 13.35 13.59 13.76 13.85 13.89 13.96 14.08 14.25 14.48 14.77 15.09 15.45 15.84 16.25 16.70 17.16 17.65 18.14 18.65
24.27 24.16 24.19 24.33 24.57 24.87 25.20 25.54 25.85 26.12 26.32 26.45 26.50 26.48 26.37 26.17 25.88 25.46 24.92 24.27 23.53 22.71 21.82 20.89 19.92 18.94 17.92 16.86 15.75 14.61 13.45 12.27 11.10 9.93 8.77 7.67 6.71 5.93 5.32 4.88 4.60 4.48 4.50 4.65 4.90 5.27 5.74 6.31 6.97 7.72 8.56 9.47 10.34 11.10 11.75 12.30 12.74 13.08 13.33 13.49 13.56 13.58 13.61 13.68 13.79 13.96 14.18 14.46 14.79 15.16 15.55 15.97 16.42 16.88 17.37 17.86 18.37
23.16 23.07 23.12 23.27 23.50 23.79 24.11 24.42 24.70 24.93 25.09 25.19 25.22 25.17 25.04 24.84 24.54 24.15 23.64 23.03 22.32 21.52 20.66 19.75 18.81 17.84 16.84 15.79 14.70 13.58 12.44 11.29 10.14 9.00 7.90 6.93 6.13 5.51 5.04 4.73 4.56 4.54 4.65 4.89 5.22 5.65 6.17 6.77 7.45 8.20 9.02 9.90 10.72 11.43 12.03 12.51 12.87 13.14 13.29 13.35 13.35 13.35 13.38 13.45 13.56 13.72 13.92 14.19 14.51 14.88 15.28 15.70 16.15 16.62 17.10 17.59 18.09
