data_processed/recharge/precip/Precip_1987_09.asc
ncols        168
nrows        136
xllcorner    455000
yllcorner    2107000
cellsize     500
NODATA_value     -99999
[rows 99 to 131 of 136, columns 0 to 74 of 168]
199.35 201.56 203.67 205.67 207.56 209.34 211.00 212.53 213.94 215.21 216.35 217.35 218.20 218.91 219.46 219.82 219.95 219.80 219.39 218.71 217.82 216.83 215.74 214.54 213.22 211.75 210.14 208.39 206.52 204.52 202.39 200.16 197.81 195.36 192.82 190.18 187.45 184.64 181.76 178.81 175.78 172.70 169.57 166.39 163.16 159.89 156.59 153.27 149.92 146.56 143.18 139.81 136.43 133.05 129.69 126.34 123.02 119.72 116.46 113.23 110.05 106.92 103.84 100.82 97.87 94.99 92.18 89.46 86.82 84.28 81.84 79.47 77.18 74.98 72.87
198.95 201.16 203.27 205.28 207.18 208.97 210.65 212.20 213.63 214.93 216.10 217.13 218.01 218.75 219.31 219.64 219.72 219.53 219.08 218.36 217.44 216.43 215.34 214.15 212.84 211.40 209.81 208.10 206.25 204.27 202.17 199.96 197.64 195.22 192.70 190.08 187.38 184.59 181.73 178.80 175.80 172.74 169.63 166.46 163.26 160.01 156.73 153.43 150.10 146.75 143.40 140.03 136.67 133.31 129.97 126.64 123.33 120.05 116.80 113.59 110.42 107.30 104.24 101.23 98.29 95.42 92.63 89.92 87.29 84.76 82.30 79.90 77.58 75.34 73.20
198.50 200.72 202.83 204.85 206.76 208.56 210.25 211.82 213.27 214.59 215.79 216.84 217.76 218.51 219.03 219.31 219.34 219.11 218.62 217.87 216.92 215.90 214.81 213.62 212.33 210.92 209.38 207.69 205.87 203.93 201.86 199.68 197.39 195.00 192.51 189.92 187.24 184.49 181.65 178.75 175.78 172.74 169.66 166.52 163.34 160.12 156.86 153.58 150.28 146.96 143.62 140.28 136.94 133.61 130.29 126.98 123.69 120.43 117.20 114.01 110.86 107.76 104.71 101.73 98.81 95.95 93.18 90.48 87.87 85.33 82.84 80.41 78.05 75.78 73.61
198.02 200.24 202.35 204.37 206.29 208.10 209.81 211.39 212.86 214.20 215.42 216.50 217.43 218.14 218.61 218.84 218.82 218.56 218.03 217.25 216.28 215.25 214.15 212.98 211.71 210.33 208.83 207.19 205.41 203.50 201.47 199.33 197.07 194.71 192.26 189.70 187.06 184.34 181.54 178.67 175.73 172.73 169.67 166.57 163.41 160.22 157.00 153.75 150.47 147.18 143.88 140.57 137.26 133.95 130.65 127.37 124.11 120.87 117.67 114.50 111.38 108.31 105.28 102.32 99.42 96.60 93.84 91.17 88.55 85.97 83.45 80.99 78.60 76.30 74.10
197.50 199.71 201.83 203.85 205.78 207.60 209.31 210.91 212.40 213.76 215.00 216.09 216.97 217.62 218.04 218.23 218.17 217.87 217.31 216.50 215.51 214.47 213.38 212.21 210.97 209.63 208.18 206.59 204.87 203.00 201.02 198.91 196.70 194.38 191.96 189.45 186.85 184.16 181.40 178.57 175.67 172.70 169.68 166.62 163.50 160.35 157.16 153.94 150.70 147.44 144.17 140.90 137.62 134.35 131.08 127.83 124.60 121.40 118.23 115.09 112.00 108.95 105.96 103.03 100.16 97.36 94.63 91.95 89.30 86.69 84.14 81.65 79.23 76.90 74.66
196.94 199.15 201.26 203.29 205.22 207.04 208.77 210.38 211.88 213.26 214.50 215.54 216.37 216.97 217.34 217.49 217.39 217.05 216.47 215.63 214.63 213.58 212.49 211.34 210.13 208.82 207.42 205.90 204.24 202.45 200.51 198.45 196.28 194.01 191.64 189.17 186.61 183.97 181.26 178.46 175.61 172.69 169.71 166.68 163.61 160.50 157.35 154.17 150.97 147.76 144.53 141.29 138.05 134.81 131.59 128.37 125.18 122.01 118.88 115.78 112.72 109.71 106.75 103.86 101.02 98.25 95.52 92.81 90.13 87.50 84.91 82.39 79.94 77.58 75.31
196.34 198.54 200.65 202.68 204.61 206.44 208.18 209.80 211.32 212.69 213.88 214.86 215.63 216.19 216.52 216.62 216.49 216.12 215.51 214.65 213.63 212.57 211.49 210.37 209.18 207.92 206.57 205.11 203.53 201.82 199.96 197.95 195.84 193.62 191.29 188.88 186.37 183.78 181.11 178.37 175.56 172.69 169.76 166.78 163.75 160.69 157.59 154.46 151.30 148.13 144.94 141.75 138.55 135.36 132.18 129.01 125.86 122.74 119.64 116.58 113.57 110.60 107.68 104.82 102.02 99.25 96.50 93.76 91.05 88.38 85.76 83.21 80.73 78.34 76.05
195.70 197.89 200.00 202.03 203.96 205.80 207.54 209.17 210.68 212.00 213.13 214.06 214.78 215.28 215.57 215.64 215.47 215.07 214.44 213.56 212.53 211.47 210.40 209.29 208.14 206.92 205.63 204.24 202.74 201.11 199.35 197.43 195.38 193.21 190.94 188.58 186.13 183.60 180.98 178.29 175.54 172.72 169.84 166.92 163.94 160.93 157.88 154.80 151.70 148.58 145.44 142.30 139.15 136.01 132.87 129.75 126.65 123.57 120.53 117.52 114.55 111.62 108.75 105.93 103.14 100.34 97.55 94.78 92.05 89.35 86.70 84.12 81.62 79.20 76.88
195.02 197.20 199.31 201.33 203.26 205.10 206.85 208.47 209.92 211.19 212.26 213.13 213.80 214.26 214.51 214.54 214.35 213.92 213.27 212.37 211.33 210.27 209.21 208.13 207.01 205.84 204.61 203.29 201.87 200.33 198.67 196.87 194.90 192.81 190.60 188.30 185.91 183.44 180.88 178.25 175.56 172.80 169.98 167.11 164.20 161.24 158.25 155.22 152.18 149.11 146.03 142.94 139.85 136.76 133.68 130.61 127.57 124.54 121.55 118.59 115.67 112.80 109.97 107.16 104.34 101.52 98.70 95.90 93.13 90.41 87.73 85.13 82.60 80.15 77.81
194.30 196.47 198.57 200.59 202.52 204.36 206.09 207.65 209.04 210.25 211.27 212.09 212.71 213.13 213.34 213.34 213.12 212.67 212.00 211.09 210.03 208.98 207.94 206.88 205.80 204.68 203.51 202.26 200.92 199.49 197.93 196.24 194.41 192.41 190.28 188.04 185.72 183.31 180.82 178.26 175.63 172.93 170.18 167.37 164.52 161.63 158.70 155.74 152.75 149.75 146.73 143.70 140.67 137.64 134.62 131.61 128.62 125.65 122.72 119.81 116.95 114.13 111.32 108.48 105.63 102.78 99.93 97.11 94.31 91.56 88.86 86.23 83.67 81.20 78.83
193.54 195.70 197.79 199.80 201.73 203.55 205.22 206.72 208.05 209.20 210.16 210.94 211.52 211.90 212.08 212.04 211.80 211.33 210.64 209.71 208.66 207.61 206.59 205.56 204.52 203.45 202.34 201.17 199.92 198.58 197.13 195.56 193.86 192.00 189.98 187.82 185.57 183.23 180.82 178.32 175.76 173.14 170.45 167.72 164.93 162.11 159.24 156.35 153.43 150.49 147.54 144.58 141.61 138.65 135.69 132.75 129.82 126.92 124.05 121.21 118.40 115.60 112.76 109.89 107.01 104.13 101.26 98.41 95.58 92.81 90.08 87.42 84.84 82.35 79.95
192.74 194.89 196.97 198.97 200.87 202.63 204.24 205.68 206.95 208.04 208.95 209.68 210.22 210.57 210.71 210.65 210.38 209.90 209.19 208.26 207.20 206.17 205.16 204.17 203.17 202.16 201.11 200.01 198.85 197.61 196.28 194.83 193.26 191.55 189.68 187.65 185.48 183.22 180.88 178.46 175.97 173.42 170.81 168.15 165.44 162.69 159.90 157.08 154.23 151.37 148.48 145.59 142.70 139.80 136.92 134.04 131.19 128.35 125.55 122.77 119.99 117.16 114.29 111.40 108.49 105.58 102.68 99.80 96.96 94.15 91.40 88.72 86.11 83.60 81.18
191.90 194.03 196.10 198.07 199.92 201.61 203.15 204.53 205.74 206.78 207.65 208.34 208.84 209.15 209.26 209.18 208.89 208.39 207.67 206.73 205.67 204.65 203.67 202.71 201.76 200.80 199.82 198.81 197.74 196.60 195.38 194.06 192.63 191.07 189.36 187.49 185.45 183.28 181.02 178.68 176.27 173.80 171.28 168.69 166.06 163.39 160.68 157.94 155.17 152.38 149.57 146.76 143.94 141.12 138.31 135.51 132.73 129.97 127.23 124.48 121.67 118.81 115.92 113.00 110.07 107.13 104.21 101.30 98.43 95.60 92.83 90.12 87.49 84.96 82.52
191.02 193.14 195.17 197.08 198.85 200.48 201.95 203.27 204.43 205.43 206.25 206.90 207.36 207.64 207.73 207.63 207.32 206.80 206.08 205.14 204.08 203.07 202.11 201.19 200.29 199.39 198.48 197.55 196.58 195.54 194.44 193.25 191.96 190.55 189.00 187.31 185.45 183.42 181.25 179.00 176.68 174.30 171.85 169.35 166.81 164.22 161.59 158.93 156.25 153.54 150.82 148.09 145.35 142.61 139.88 137.16 134.46 131.77 129.06 126.28 123.45 120.56 117.64 114.70 111.74 108.78 105.83 102.90 100.01 97.16 94.36 91.63 88.98 86.42 83.96
190.10 192.18 194.15 195.99 197.69 199.25 200.67 201.93 203.04 203.99 204.77 205.38 205.81 206.06 206.13 206.00 205.68 205.15 204.42 203.48 202.43 201.44 200.50 199.62 198.77 197.94 197.10 196.25 195.38 194.45 193.47 192.41 191.26 190.00 188.62 187.11 185.43 183.60 181.58 179.43 177.20 174.91 172.55 170.15 167.69 165.19 162.65 160.08 157.49 154.87 152.23 149.59 146.94 144.29 141.64 139.01 136.38 133.73 130.99 128.19 125.32 122.42 119.47 116.50 113.52 110.54 107.56 104.61 101.69 98.82 96.00 93.25 90.58 88.00 85.52
189.12 191.14 193.03 194.79 196.43 197.93 199.29 200.50 201.56 202.46 203.20 203.78 204.18 204.41 204.45 204.31 203.97 203.44 202.70 201.76 200.72 199.75 198.85 198.01 197.21 196.44 195.68 194.92 194.15 193.33 192.47 191.55 190.54 189.44 188.23 186.89 185.41 183.77 181.96 179.97 177.85 175.65 173.40 171.08 168.72 166.32 163.87 161.40 158.90 156.37 153.83 151.28 148.72 146.16 143.61 141.06 138.46 135.78 133.02 130.19 127.31 124.37 121.40 118.41 115.41 112.40 109.40 106.43 103.49 100.60 97.76 94.99 92.30 89.70 87.20
188.06 189.99 191.81 193.51 195.08 196.52 197.83 198.99 200.00 200.86 201.57 202.11 202.49 202.69 202.71 202.56 202.21 201.67 200.94 200.00 198.97 198.02 197.15 196.36 195.62 194.91 194.24 193.57 192.89 192.19 191.45 190.66 189.81 188.86 187.82 186.67 185.38 183.95 182.35 180.58 178.63 176.54 174.39 172.18 169.92 167.61 165.27 162.89 160.49 158.06 155.62 153.16 150.70 148.24 145.78 143.26 140.65 137.95 135.16 132.31 129.40 126.44 123.45 120.43 117.40 114.37 111.36 108.36 105.40 102.49 99.63 96.84 94.13 91.52 89.00
186.90 188.76 190.51 192.14 193.65 195.04 196.29 197.40 198.37 199.20 199.87 200.38 200.73 200.91 200.92 200.75 200.40 199.86 199.13 198.20 197.18 196.25 195.42 194.67 193.99 193.36 192.76 192.19 191.61 191.03 190.42 189.77 189.06 188.28 187.42 186.44 185.35 184.13 182.75 181.21 179.49 177.59 175.55 173.44 171.29 169.09 166.85 164.58 162.28 159.96 157.62 155.27 152.91 150.54 148.12 145.58 142.94 140.21 137.41 134.53 131.59 128.61 125.60 122.56 119.51 116.46 113.43 110.41 107.43 104.50 101.62 98.82 96.09 93.45 90.92
185.66 187.45 189.13 190.70 192.15 193.48 194.68 195.75 196.68 197.47 198.11 198.59 198.92 199.08 199.08 198.90 198.55 198.01 197.28 196.36 195.36 194.45 193.66 192.96 192.34 191.78 191.27 190.79 190.33 189.86 189.38 188.87 188.32 187.70 187.01 186.23 185.33 184.32 183.17 181.86 180.38 178.72 176.87 174.89 172.85 170.76 168.63 166.47 164.28 162.07 159.84 157.60 155.34 153.01 150.57 148.01 145.35 142.59 139.76 136.86 133.91 130.90 127.87 124.81 121.74 118.67 115.62 112.58 109.59 106.63 103.74 100.92 98.17 95.52 92.97
184.34 186.06 187.67 189.18 190.58 191.86 193.01 194.04 194.93 195.68 196.29 196.75 197.06 197.21 197.20 197.01 196.65 196.12 195.39 194.49 193.50 192.63 191.88 191.24 190.68 190.19 189.77 189.39 189.03 188.69 188.34 187.98 187.58 187.13 186.62 186.02 185.33 184.53 183.60 182.53 181.30 179.90 178.31 176.52 174.61 172.64 170.63 168.58 166.50 164.41 162.29 160.15 157.94 155.59 153.13 150.54 147.86 145.09 142.23 139.31 136.33 133.31 130.25 127.18 124.09 121.00 117.93 114.88 111.86 108.89 105.98 103.14 100.38 97.71 95.15
182.94 184.60 186.15 187.60 188.94 190.17 191.28 192.27 193.13 193.85 194.43 194.87 195.16 195.30 195.28 195.09 194.73 194.20 193.49 192.59 191.63 190.79 190.09 189.49 189.00 188.60 188.26 187.98 187.74 187.52 187.31 187.09 186.85 186.57 186.24 185.84 185.35 184.76 184.06 183.23 182.25 181.11 179.79 178.28 176.57 174.73 172.84 170.92 168.96 166.99 164.98 162.89 160.66 158.29 155.80 153.20 150.49 147.69 144.82 141.88 138.88 135.84 132.76 129.67 126.56 123.46 120.36 117.30 114.26 111.28 108.35 105.50 102.72 100.04 97.47
181.48 183.07 184.57 185.96 187.25 188.44 189.50 190.45 191.28 191.97 192.53 192.95 193.23 193.35 193.33 193.14 192.78 192.26 191.56 190.68 189.75 188.94 188.28 187.75 187.33 187.00 186.76 186.58 186.45 186.36 186.29 186.22 186.14 186.03 185.88 185.67 185.39 185.03 184.55 183.96 183.23 182.36 181.31 180.09 178.67 177.05 175.30 173.50 171.67 169.81 167.85 165.75 163.49 161.10 158.59 155.97 153.24 150.42 147.53 144.57 141.55 138.49 135.40 132.28 129.16 126.04 122.93 119.85 116.80 113.80 110.86 107.99 105.20 102.51 99.92
179.96 181.49 182.93 184.27 185.51 186.65 187.68 188.60 189.39 190.06 190.60 191.00 191.27 191.38 191.35 191.17 190.82 190.30 189.62 188.76 187.85 187.09 186.47 186.00 185.65 185.41 185.26 185.19 185.18 185.22 185.28 185.37 185.45 185.52 185.55 185.55 185.47 185.33 185.09 184.74 184.26 183.65 182.89 181.95 180.84 179.52 177.99 176.34 174.63 172.82 170.85 168.72 166.45 164.04 161.50 158.86 156.11 153.27 150.36 147.38 144.35 141.27 138.16 135.03 131.89 128.75 125.63 122.53 119.47 116.45 113.50 110.62 107.82 105.11 102.51
178.39 179.86 181.24 182.53 183.73 184.83 185.82 186.70 187.47 188.12 188.64 189.03 189.28 189.40 189.36 189.18 188.84 188.34 187.67 186.84 185.96 185.23 184.67 184.26 183.99 183.83 183.78 183.82 183.93 184.10 184.31 184.54 184.79 185.04 185.26 185.45 185.59 185.67 185.66 185.56 185.35 185.01 184.52 183.88 183.06 182.06 180.85 179.42 177.78 175.96 173.96 171.82 169.52 167.09 164.54 161.87 159.11 156.25 153.32 150.32 147.27 144.18 141.05 137.91 134.75 131.60 128.46 125.35 122.27 119.25 116.28 113.38 110.57 107.85 105.24
176.77 178.18 179.51 180.76 181.91 182.97 183.93 184.78 185.53 186.15 186.66 187.03 187.28 187.39 187.36 187.19 186.86 186.37 185.73 184.92 184.07 183.39 182.88 182.54 182.34 182.27 182.32 182.47 182.70 183.00 183.36 183.75 184.17 184.60 185.01 185.41 185.76 186.06 186.30 186.44 186.49 186.42 186.22 185.87 185.36 184.67 183.78 182.59 181.05 179.22 177.20 175.03 172.72 170.27 167.70 165.01 162.23 159.36 156.41 153.40 150.33 147.22 144.08 140.92 137.75 134.58 131.43 128.31 125.22 122.18 119.20 116.30 113.47 110.74 108.12
175.11 176.47 177.75 178.95 180.06 181.09 182.01 182.84 183.56 184.17 184.66 185.03 185.27 185.39 185.36 185.19 184.88 184.41 183.79 183.01 182.19 181.55 181.11 180.83 180.71 180.74 180.89 181.15 181.51 181.95 182.45 183.01 183.60 184.20 184.81 185.41 185.99 186.51 186.99 187.38 187.69 187.90 187.98 187.93 187.73 187.35 186.70 185.70 184.33 182.59 180.57 178.38 176.05 173.58 170.99 168.29 165.49 162.60 159.64 156.61 153.53 150.40 147.25 144.07 140.89 137.71 134.55 131.41 128.31 125.26 122.27 119.36 116.52 113.78 111.15
173.42 174.72 175.96 177.12 178.19 179.18 180.08 180.88 181.58 182.18 182.66 183.02 183.26 183.38 183.36 183.20 182.91 182.46 181.86 181.11 180.33 179.74 179.35 179.15 179.11 179.23 179.49 179.87 180.35 180.93 181.59 182.31 183.07 183.86 184.67 185.48 186.27 187.03 187.74 188.39 188.97 189.45 189.82 190.07 190.17 190.02 189.54 188.71 187.53 185.97 184.05 181.85 179.50 177.02 174.41 171.70 168.88 165.98 163.00 159.96 156.86 153.72 150.55 147.37 144.17 140.98 137.81 134.66 131.55 128.49 125.49 122.56 119.72 116.98 114.34
171.70 172.95 174.14 175.26 176.30 177.26 178.14 178.92 179.60 180.18 180.65 181.01 181.26 181.38 181.37 181.23 180.95 180.53 179.96 179.24 178.50 177.96 177.63 177.50 177.55 177.77 178.13 178.63 179.25 179.97 180.78 181.66 182.60 183.58 184.59 185.60 186.62 187.61 188.57 189.48 190.32 191.08 191.74 192.28 192.60 192.61 192.29 191.63 190.63 189.27 187.54 185.45 183.10 180.60 177.97 175.24 172.41 169.50 166.50 163.45 160.34 157.19 154.01 150.81 147.60 144.40 141.21 138.06 134.94 131.87 128.86 125.93 123.08 120.33 117.68
169.95 171.16 172.31 173.40 174.40 175.34 176.18 176.95 177.61 178.19 178.65 179.01 179.26 179.39 179.39 179.27 179.01 178.62 178.08 177.39 176.70 176.21 175.95 175.89 176.03 176.34 176.82 177.44 178.19 179.06 180.02 181.07 182.19 183.36 184.57 185.80 187.04 188.27 189.48 190.64 191.75 192.80 193.74 194.49 194.95 195.11 194.95 194.46 193.63 192.47 190.94 189.06 186.81 184.31 181.67 178.93 176.09 173.16 170.15 167.08 163.96 160.80 157.61 154.40 151.18 147.97 144.77 141.61 138.48 135.40 132.39 129.45 126.59 123.83 121.18
168.20 169.36 170.47 171.52 172.50 173.41 174.24 174.98 175.64 176.20 176.67 177.03 177.28 177.42 177.44 177.34 177.10 176.74 176.23 175.58 174.93 174.50 174.31 174.33 174.56 174.97 175.56 176.31 177.19 178.21 179.33 180.55 181.85 183.21 184.63 186.08 187.54 189.01 190.47 191.90 193.28 194.60 195.74 196.62 197.21 197.51 197.50 197.18 196.54 195.56 194.24 192.57 190.54 188.15 185.52 182.76 179.90 176.96 173.94 170.86 167.73 164.56 161.36 158.14 154.91 151.69 148.49 145.31 142.18 139.10 136.07 133.13 130.27 127.50 124.84
166.43 167.56 168.63 169.65 170.60 171.48 172.29 173.03 173.67 174.23 174.70 175.06 175.32 175.48 175.51 175.43 175.23 174.89 174.42 173.82 173.21 172.84 172.72 172.82 173.14 173.66 174.36 175.24 176.26 177.42 178.71 180.10 181.59 183.15 184.77 186.43 188.13 189.84 191.55 193.24 194.89 196.39 197.65 198.65 199.37 199.81 199.95 199.80 199.33 198.54 197.43 195.97 194.17 192.01 189.49 186.74 183.87 180.92 177.89 174.80 171.65 168.47 165.26 162.03 158.80 155.57 152.36 149.18 146.04 142.95 139.92 136.97 134.10 131.34 128.68
164.67 165.76 166.80 167.78 168.71 169.57 170.37 171.09 171.73 172.28 172.75 173.12 173.40 173.57 173.62 173.57 173.39 173.09 172.66 172.10 171.55 171.24 171.18 171.37 171.79 172.41 173.23 174.24 175.40 176.72 178.17 179.74 181.41 183.16 185.00 186.88 188.81 190.77 192.73 194.68 196.50 198.11 199.47 200.58 201.42 202.00 202.30 202.31 202.02 201.42 200.50 199.26 197.68 195.76 193.48 190.85 187.99 185.02 181.98 178.88 175.73 172.54 169.32 166.09 162.85 159.61 156.40 153.21 150.06 146.97 143.94 140.98 138.11 135.34 132.68
162.90 163.96 164.97 165.93 166.83 167.68 168.46 169.17 169.81 170.37 170.84 171.22 171.51 171.70 171.78 171.75 171.60 171.34 170.95 170.43 169.93 169.69 169.71 169.98 170.50 171.23 172.18 173.31 174.62 176.09 177.71 179.45 181.31 183.27 185.32 187.43 189.59 191.79 194.00 196.11 198.03 199.72 201.18 202.40 203.38 204.09 204.54 204.71 204.59 204.18 203.47 202.43 201.08 199.39 197.36 194.97 192.24 189.29 186.24 183.13 179.97 176.77 173.55 170.31 167.06 163.82 160.60 157.40 154.25 151.15 148.12 145.16 142.29 139.51 136.85
