data_processed/recharge/precip/Precip_2000_04.asc
ncols        168
nrows        136
xllcorner    455000
yllcorner    2107000
cellsize     500
NODATA_value     -99999
[rows 35 to 69 of 136, columns 0 to 78 of 168]
18.27 18.27 18.25 18.22 18.17 18.11 18.03 17.93 17.82 17.69 17.55 17.39 17.22 17.04 16.84 16.62 16.40 16.17 15.92 15.68 15.42 15.17 14.91 14.66 14.40 14.15 13.89 13.64 13.39 13.13 12.88 12.63 12.39 12.14 11.89 11.66 11.43 11.21 11.01 10.82 10.64 10.47 10.31 10.16 10.02 9.89 9.77 9.65 9.55 9.45 9.36 9.28 9.21 9.14 9.08 9.02 8.97 8.93 8.89 8.86 8.83 8.80 8.78 8.76 8.74 8.73 8.72 8.71 8.71 8.70 8.70 8.70 8.70 8.69 8.69 8.69 8.69 8.68 8.67
17.83 17.84 17.83 17.81 17.77 17.72 17.65 17.57 17.47 17.35 17.22 17.08 16.92 16.74 16.56 16.36 16.15 15.93 15.70 15.47 15.23 14.99 14.75 14.50 14.26 14.02 13.78 13.54 13.31 13.07 12.83 12.59 12.36 12.12 11.89 11.66 11.43 11.22 11.02 10.83 10.65 10.48 10.32 10.17 10.03 9.90 9.78 9.67 9.56 9.47 9.38 9.30 9.22 9.16 9.09 9.04 8.99 8.95 8.91 8.87 8.84 8.82 8.80 8.78 8.76 8.75 8.74 8.73 8.73 8.72 8.72 8.72 8.72 8.71 8.71 8.71 8.71 8.69 8.66
17.39 17.42 17.42 17.41 17.38 17.34 17.29 17.21 17.13 17.02 16.91 16.78 16.63 16.47 16.30 16.11 15.91 15.71 15.50 15.28 15.05 14.83 14.60 14.37 14.14 13.92 13.69 13.47 13.24 13.02 12.79 12.57 12.34 12.12 11.90 11.68 11.46 11.25 11.05 10.86 10.68 10.51 10.35 10.20 10.06 9.93 9.81 9.70 9.60 9.50 9.41 9.33 9.26 9.19 9.13 9.08 9.03 8.98 8.95 8.91 8.88 8.86 8.84 8.82 8.80 8.79 8.78 8.77 8.77 8.76 8.76 8.76 8.75 8.75 8.75 8.74 8.73 8.70 8.65
16.96 17.00 17.01 17.02 17.00 16.98 16.93 16.87 16.80 16.71 16.61 16.50 16.36 16.22 16.06 15.88 15.70 15.51 15.31 15.10 14.89 14.68 14.47 14.25 14.04 13.83 13.62 13.40 13.19 12.98 12.77 12.56 12.34 12.13 11.92 11.71 11.51 11.30 11.10 10.91 10.73 10.56 10.41 10.26 10.12 9.99 9.87 9.76 9.65 9.56 9.47 9.39 9.32 9.25 9.19 9.13 9.09 9.04 9.00 8.97 8.94 8.91 8.89 8.87 8.86 8.85 8.83 8.83 8.82 8.81 8.81 8.81 8.80 8.80 8.80 8.78 8.75 8.70 8.63
16.54 16.58 16.62 16.63 16.64 16.62 16.60 16.55 16.49 16.42 16.34 16.23 16.12 15.98 15.83 15.67 15.50 15.33 15.14 14.95 14.75 14.55 14.35 14.15 13.95 13.75 13.56 13.36 13.16 12.96 12.76 12.56 12.36 12.16 11.96 11.76 11.57 11.37 11.18 10.99 10.81 10.64 10.48 10.33 10.20 10.07 9.95 9.83 9.73 9.64 9.55 9.47 9.39 9.33 9.27 9.21 9.16 9.12 9.08 9.04 9.01 8.99 8.97 8.95 8.93 8.92 8.91 8.90 8.89 8.88 8.88 8.87 8.87 8.87 8.85 8.82 8.77 8.70 8.62
16.12 16.18 16.23 16.27 16.28 16.29 16.28 16.25 16.21 16.15 16.08 15.99 15.89 15.77 15.63 15.48 15.33 15.16 14.99 14.81 14.62 14.44 14.25 14.07 13.88 13.70 13.51 13.32 13.14 12.95 12.76 12.58 12.39 12.20 12.01 11.83 11.64 11.45 11.27 11.08 10.91 10.74 10.58 10.43 10.29 10.16 10.04 9.93 9.83 9.73 9.64 9.56 9.49 9.42 9.36 9.30 9.25 9.21 9.17 9.14 9.10 9.08 9.05 9.03 9.02 9.00 8.99 8.98 8.97 8.97 8.96 8.96 8.95 8.94 8.90 8.85 8.79 8.70 8.60
15.72 15.80 15.86 15.91 15.95 15.97 15.98 15.97 15.95 15.91 15.85 15.77 15.68 15.57 15.44 15.31 15.17 15.01 14.85 14.69 14.52 14.34 14.17 14.00 13.82 13.65 13.48 13.31 13.13 12.96 12.78 12.61 12.43 12.25 12.08 11.90 11.72 11.55 11.37 11.20 11.03 10.86 10.70 10.55 10.41 10.28 10.16 10.05 9.94 9.85 9.76 9.68 9.60 9.53 9.47 9.42 9.36 9.32 9.28 9.24 9.21 9.18 9.16 9.14 9.12 9.11 9.09 9.08 9.07 9.06 9.06 9.05 9.03 9.00 8.95 8.88 8.80 8.70 8.58
15.33 15.43 15.51 15.58 15.64 15.68 15.70 15.71 15.71 15.68 15.63 15.56 15.48 15.39 15.28 15.15 15.02 14.88 14.73 14.58 14.42 14.26 14.10 13.94 13.78 13.62 13.46 13.30 13.14 12.98 12.82 12.65 12.49 12.32 12.15 11.99 11.82 11.65 11.49 11.32 11.16 11.00 10.84 10.69 10.55 10.42 10.30 10.18 10.08 9.98 9.89 9.81 9.73 9.66 9.60 9.54 9.49 9.45 9.40 9.37 9.33 9.31 9.28 9.26 9.24 9.22 9.21 9.20 9.18 9.18 9.17 9.15 9.11 9.06 8.99 8.91 8.81 8.69 8.56
14.96 15.08 15.18 15.27 15.35 15.41 15.45 15.48 15.48 15.47 15.43 15.38 15.31 15.22 15.12 15.01 14.89 14.77 14.63 14.49 14.34 14.20 14.05 13.90 13.76 13.61 13.46 13.31 13.16 13.01 12.86 12.71 12.55 12.40 12.24 12.09 11.93 11.77 11.62 11.46 11.30 11.15 10.99 10.84 10.70 10.57 10.45 10.34 10.23 10.13 10.04 9.96 9.88 9.81 9.75 9.69 9.63 9.59 9.54 9.51 9.47 9.44 9.41 9.39 9.37 9.35 9.34 9.32 9.31 9.30 9.28 9.24 9.19 9.12 9.03 8.93 8.82 8.68 8.53
14.61 14.75 14.88 14.99 15.08 15.16 15.23 15.26 15.28 15.27 15.25 15.21 15.15 15.08 14.99 14.89 14.78 14.67 14.54 14.41 14.28 14.15 14.01 13.88 13.74 13.61 13.47 13.34 13.20 13.06 12.92 12.78 12.63 12.49 12.34 12.20 12.05 11.90 11.75 11.61 11.46 11.31 11.16 11.02 10.88 10.75 10.62 10.51 10.40 10.30 10.21 10.12 10.04 9.97 9.91 9.85 9.79 9.74 9.70 9.66 9.62 9.59 9.56 9.54 9.52 9.50 9.48 9.46 9.45 9.42 9.39 9.33 9.26 9.17 9.07 8.95 8.82 8.67 8.51
14.29 14.45 14.60 14.73 14.85 14.94 15.02 15.07 15.09 15.10 15.08 15.05 15.01 14.94 14.87 14.78 14.69 14.58 14.47 14.35 14.23 14.11 13.99 13.86 13.74 13.62 13.50 13.37 13.25 13.12 12.99 12.86 12.72 12.59 12.45 12.32 12.18 12.04 11.90 11.76 11.62 11.48 11.35 11.21 11.07 10.94 10.81 10.69 10.58 10.48 10.39 10.30 10.22 10.15 10.08 10.02 9.96 9.91 9.87 9.83 9.79 9.75 9.72 9.70 9.67 9.65 9.63 9.61 9.59 9.54 9.49 9.41 9.33 9.22 9.10 8.97 8.82 8.66 8.48
13.99 14.17 14.34 14.50 14.63 14.74 14.83 14.89 14.92 14.94 14.94 14.92 14.88 14.83 14.77 14.69 14.61 14.51 14.41 14.31 14.20 14.09 13.98 13.87 13.76 13.65 13.54 13.42 13.31 13.19 13.07 12.95 12.83 12.70 12.57 12.45 12.32 12.19 12.06 11.93 11.80 11.67 11.53 11.40 11.27 11.14 11.01 10.90 10.79 10.68 10.59 10.50 10.42 10.34 10.27 10.21 10.15 10.10 10.05 10.01 9.97 9.93 9.90 9.87 9.84 9.82 9.79 9.76 9.72 9.66 9.58 9.49 9.39 9.27 9.13 8.98 8.82 8.64 8.45
13.72 13.93 14.12 14.30 14.44 14.56 14.65 14.72 14.77 14.80 14.81 14.80 14.77 14.73 14.68 14.61 14.54 14.46 14.37 14.28 14.18 14.08 13.98 13.88 13.78 13.69 13.59 13.48 13.38 13.27 13.16 13.05 12.94 12.82 12.71 12.59 12.47 12.35 12.23 12.10 11.98 11.86 11.73 11.61 11.48 11.36 11.23 11.11 11.00 10.90 10.80 10.71 10.62 10.55 10.48 10.41 10.35 10.29 10.24 10.20 10.16 10.12 10.08 10.05 10.02 9.99 9.96 9.91 9.85 9.77 9.68 9.57 9.45 9.31 9.16 8.99 8.82 8.63 8.42
13.48 13.71 13.93 14.11 14.26 14.39 14.50 14.58 14.63 14.67 14.69 14.69 14.68 14.65 14.61 14.55 14.49 14.42 14.34 14.26 14.17 14.08 14.00 13.91 13.82 13.74 13.65 13.56 13.46 13.37 13.27 13.17 13.06 12.96 12.85 12.74 12.63 12.52 12.40 12.29 12.17 12.05 11.94 11.82 11.70 11.58 11.46 11.35 11.23 11.12 11.02 10.93 10.85 10.77 10.69 10.62 10.56 10.50 10.45 10.40 10.36 10.32 10.28 10.24 10.21 10.17 10.12 10.05 9.97 9.87 9.76 9.64 9.50 9.35 9.18 9.00 8.81 8.61 8.39
13.27 13.52 13.75 13.94 14.10 14.24 14.36 14.45 14.51 14.56 14.59 14.60 14.60 14.58 14.55 14.50 14.45 14.39 14.33 14.25 14.18 14.10 14.02 13.95 13.87 13.80 13.72 13.64 13.56 13.47 13.38 13.29 13.20 13.10 13.00 12.90 12.80 12.69 12.59 12.48 12.37 12.26 12.15 12.04 11.93 11.81 11.70 11.59 11.47 11.37 11.26 11.17 11.08 11.00 10.92 10.85 10.78 10.72 10.67 10.62 10.57 10.53 10.48 10.45 10.40 10.34 10.27 10.19 10.09 9.97 9.84 9.70 9.55 9.38 9.20 9.01 8.81 8.59 8.36
13.09 13.35 13.58 13.79 13.96 14.11 14.23 14.33 14.41 14.47 14.50 14.53 14.53 14.52 14.50 14.47 14.43 14.38 14.32 14.26 14.20 14.13 14.06 14.00 13.94 13.87 13.81 13.74 13.66 13.59 13.51 13.42 13.34 13.25 13.16 13.07 12.97 12.88 12.78 12.68 12.58 12.47 12.37 12.26 12.16 12.05 11.94 11.83 11.73 11.62 11.51 11.42 11.32 11.24 11.16 11.09 11.02 10.95 10.90 10.84 10.79 10.74 10.70 10.65 10.59 10.51 10.42 10.31 10.20 10.06 9.92 9.76 9.60 9.41 9.22 9.02 8.80 8.57 8.33
12.93 13.20 13.44 13.65 13.83 13.99 14.12 14.23 14.32 14.39 14.43 14.47 14.48 14.48 14.47 14.45 14.42 14.38 14.33 14.28 14.23 14.17 14.12 14.06 14.01 13.96 13.90 13.84 13.78 13.71 13.64 13.57 13.49 13.41 13.33 13.24 13.16 13.07 12.98 12.88 12.79 12.69 12.59 12.49 12.39 12.29 12.19 12.09 11.98 11.88 11.78 11.68 11.58 11.49 11.41 11.33 11.26 11.20 11.13 11.08 11.02 10.97 10.91 10.85 10.76 10.67 10.56 10.44 10.30 10.15 9.99 9.82 9.64 9.44 9.24 9.02 8.79 8.55 8.30
12.78 13.06 13.31 13.53 13.72 13.89 14.03 14.15 14.24 14.32 14.38 14.42 14.44 14.45 14.45 14.44 14.42 14.39 14.35 14.31 14.27 14.22 14.18 14.13 14.09 14.05 14.01 13.96 13.90 13.84 13.78 13.72 13.65 13.58 13.51 13.43 13.35 13.27 13.18 13.10 13.01 12.92 12.83 12.73 12.64 12.54 12.44 12.35 12.25 12.15 12.05 11.95 11.85 11.76 11.67 11.59 11.52 11.45 11.38 11.32 11.26 11.20 11.12 11.03 10.93 10.82 10.69 10.55 10.40 10.24 10.06 9.87 9.68 9.47 9.25 9.02 8.78 8.53 8.27
12.65 12.94 13.20 13.43 13.63 13.80 13.95 14.08 14.18 14.27 14.34 14.39 14.42 14.44 14.45 14.45 14.43 14.41 14.39 14.36 14.32 14.29 14.25 14.22 14.19 14.16 14.12 14.08 14.04 13.99 13.94 13.88 13.82 13.76 13.69 13.62 13.55 13.47 13.40 13.32 13.24 13.15 13.06 12.98 12.89 12.79 12.70 12.61 12.51 12.42 12.32 12.22 12.13 12.03 11.94 11.86 11.78 11.71 11.64 11.57 11.50 11.42 11.32 11.21 11.09 10.96 10.82 10.66 10.49 10.32 10.13 9.92 9.71 9.49 9.26 9.02 8.77 8.50 8.23
12.54 12.83 13.10 13.34 13.54 13.73 13.89 14.02 14.14 14.23 14.31 14.36 14.41 14.44 14.46 14.46 14.46 14.45 14.43 14.41 14.39 14.36 14.34 14.31 14.29 14.27 14.24 14.21 14.18 14.14 14.10 14.05 14.00 13.94 13.88 13.82 13.76 13.69 13.62 13.54 13.47 13.39 13.31 13.22 13.14 13.05 12.96 12.87 12.78 12.69 12.60 12.50 12.41 12.31 12.22 12.13 12.05 11.97 11.90 11.82 11.73 11.63 11.51 11.39 11.25 11.10 10.94 10.77 10.58 10.39 10.19 9.97 9.75 9.51 9.27 9.01 8.75 8.48 8.20
12.44 12.74 13.02 13.26 13.48 13.67 13.84 13.98 14.10 14.21 14.29 14.36 14.41 14.45 14.47 14.49 14.50 14.50 14.49 14.48 14.46 14.45 14.43 14.42 14.41 14.39 14.38 14.36 14.33 14.30 14.26 14.22 14.18 14.13 14.08 14.03 13.97 13.91 13.84 13.78 13.70 13.63 13.56 13.48 13.40 13.32 13.23 13.14 13.06 12.97 12.88 12.79 12.69 12.60 12.51 12.42 12.33 12.25 12.16 12.06 11.95 11.83 11.70 11.55 11.40 11.23 11.05 10.87 10.67 10.46 10.24 10.01 9.78 9.53 9.28 9.01 8.74 8.46 8.17
12.35 12.66 12.95 13.20 13.42 13.62 13.80 13.95 14.08 14.19 14.29 14.36 14.42 14.47 14.50 14.53 14.54 14.55 14.55 14.55 14.55 14.54 14.53 14.53 14.53 14.53 14.52 14.51 14.49 14.47 14.44 14.41 14.37 14.33 14.29 14.24 14.19 14.13 14.07 14.01 13.95 13.88 13.81 13.73 13.66 13.58 13.50 13.42 13.33 13.25 13.16 13.07 12.98 12.89 12.80 12.71 12.61 12.52 12.41 12.30 12.17 12.03 11.87 11.71 11.54 11.36 11.16 10.96 10.75 10.53 10.29 10.05 9.80 9.55 9.28 9.01 8.72 8.43 8.14
12.28 12.60 12.89 13.15 13.38 13.59 13.77 13.93 14.07 14.19 14.29 14.38 14.45 14.50 14.55 14.58 14.60 14.62 14.63 14.64 14.64 14.64 14.65 14.65 14.66 14.67 14.67 14.66 14.65 14.64 14.62 14.60 14.57 14.54 14.50 14.46 14.41 14.36 14.31 14.25 14.19 14.13 14.06 14.00 13.92 13.85 13.77 13.69 13.61 13.53 13.45 13.36 13.27 13.18 13.09 13.00 12.90 12.78 12.66 12.52 12.37 12.21 12.04 11.86 11.67 11.48 11.27 11.05 10.82 10.59 10.34 10.09 9.83 9.56 9.28 9.00 8.71 8.41 8.10
12.23 12.55 12.85 13.12 13.36 13.57 13.76 13.93 14.08 14.20 14.31 14.41 14.48 14.55 14.60 14.64 14.67 14.70 14.72 14.73 14.74 14.76 14.77 14.78 14.80 14.81 14.82 14.83 14.83 14.82 14.81 14.79 14.77 14.75 14.72 14.68 14.64 14.60 14.55 14.50 14.44 14.39 14.33 14.26 14.19 14.12 14.05 13.97 13.89 13.81 13.73 13.65 13.56 13.47 13.38 13.28 13.17 13.03 12.89 12.73 12.57 12.39 12.20 12.01 11.80 11.59 11.37 11.13 10.89 10.64 10.39 10.12 9.85 9.57 9.29 8.99 8.69 8.39 8.07
12.19 12.52 12.82 13.10 13.34 13.57 13.76 13.94 14.09 14.23 14.34 14.44 14.53 14.60 14.66 14.71 14.75 14.78 14.81 14.84 14.86 14.88 14.90 14.92 14.94 14.97 14.99 15.00 15.01 15.01 15.01 15.00 14.98 14.96 14.94 14.91 14.88 14.84 14.80 14.75 14.70 14.65 14.59 14.53 14.46 14.40 14.33 14.25 14.18 14.10 14.02 13.94 13.85 13.76 13.67 13.55 13.42 13.28 13.11 12.94 12.75 12.56 12.36 12.15 11.92 11.70 11.46 11.21 10.96 10.70 10.43 10.15 9.87 9.58 9.29 8.98 8.68 8.36 8.04
12.16 12.50 12.81 13.09 13.34 13.57 13.78 13.96 14.12 14.26 14.39 14.49 14.59 14.66 14.73 14.79 14.84 14.88 14.92 14.95 14.98 15.00 15.03 15.06 15.10 15.13 15.16 15.18 15.19 15.20 15.21 15.20 15.20 15.18 15.17 15.14 15.11 15.08 15.04 15.00 14.96 14.91 14.85 14.80 14.74 14.67 14.61 14.54 14.46 14.39 14.31 14.23 14.14 14.05 13.94 13.81 13.66 13.50 13.33 13.14 12.93 12.72 12.50 12.28 12.04 11.80 11.55 11.29 11.02 10.75 10.47 10.18 9.89 9.59 9.29 8.98 8.66 8.34 8.01
12.14 12.49 12.80 13.09 13.35 13.59 13.80 13.99 14.16 14.31 14.44 14.55 14.65 14.74 14.81 14.88 14.93 14.98 15.03 15.07 15.10 15.14 15.18 15.22 15.26 15.30 15.34 15.36 15.39 15.40 15.41 15.42 15.42 15.41 15.40 15.38 15.36 15.33 15.30 15.26 15.22 15.17 15.12 15.07 15.01 14.95 14.89 14.82 14.75 14.67 14.60 14.51 14.42 14.31 14.19 14.05 13.89 13.71 13.52 13.32 13.10 12.88 12.64 12.40 12.15 11.89 11.63 11.36 11.08 10.80 10.51 10.21 9.91 9.60 9.29 8.97 8.64 8.32 7.98
12.14 12.49 12.81 13.11 13.38 13.62 13.84 14.03 14.21 14.36 14.50 14.62 14.73 14.82 14.90 14.98 15.04 15.10 15.15 15.20 15.24 15.28 15.33 15.38 15.43 15.48 15.52 15.56 15.58 15.61 15.62 15.63 15.64 15.64 15.63 15.62 15.60 15.58 15.55 15.52 15.48 15.44 15.39 15.34 15.29 15.23 15.17 15.10 15.03 14.96 14.88 14.80 14.69 14.57 14.43 14.27 14.10 13.91 13.71 13.49 13.27 13.03 12.78 12.52 12.26 11.98 11.71 11.42 11.13 10.84 10.54 10.23 9.92 9.60 9.28 8.96 8.63 8.29 7.96
12.15 12.51 12.83 13.13 13.41 13.66 13.88 14.08 14.26 14.43 14.57 14.70 14.81 14.91 15.00 15.08 15.15 15.22 15.28 15.33 15.38 15.43 15.49 15.54 15.60 15.66 15.71 15.75 15.79 15.82 15.84 15.86 15.87 15.87 15.87 15.86 15.85 15.83 15.81 15.78 15.75 15.71 15.67 15.62 15.57 15.51 15.45 15.39 15.32 15.25 15.16 15.06 14.94 14.80 14.65 14.48 14.30 14.10 13.88 13.66 13.42 13.16 12.90 12.63 12.35 12.07 11.78 11.49 11.19 10.88 10.57 10.25 9.93 9.61 9.28 8.95 8.61 8.27 7.93
12.17 12.53 12.87 13.17 13.45 13.71 13.94 14.14 14.33 14.50 14.65 14.79 14.91 15.01 15.11 15.20 15.27 15.34 15.41 15.47 15.53 15.59 15.65 15.71 15.78 15.84 15.90 15.95 15.99 16.03 16.06 16.08 16.10 16.11 16.11 16.11 16.10 16.09 16.07 16.04 16.01 15.98 15.94 15.89 15.84 15.79 15.73 15.67 15.60 15.52 15.43 15.31 15.18 15.03 14.86 14.68 14.48 14.27 14.04 13.80 13.55 13.29 13.02 12.74 12.45 12.15 11.85 11.54 11.23 10.92 10.60 10.27 9.95 9.61 9.28 8.94 8.60 8.25 7.91
12.21 12.57 12.91 13.22 13.50 13.76 14.00 14.22 14.41 14.58 14.74 14.88 15.01 15.12 15.22 15.32 15.40 15.48 15.55 15.62 15.69 15.75 15.82 15.89 15.96 16.04 16.10 16.16 16.21 16.25 16.28 16.31 16.33 16.35 16.36 16.36 16.36 16.35 16.33 16.31 16.28 16.25 16.21 16.17 16.12 16.07 16.01 15.95 15.88 15.78 15.67 15.54 15.40 15.23 15.05 14.86 14.65 14.43 14.19 13.94 13.68 13.41 13.13 12.84 12.53 12.23 11.91 11.60 11.28 10.95 10.62 10.29 9.96 9.62 9.27 8.93 8.58 8.23 7.88
12.30 12.63 12.96 13.28 13.57 13.83 14.08 14.29 14.49 14.67 14.84 14.98 15.12 15.24 15.35 15.44 15.54 15.62 15.70 15.77 15.85 15.92 15.99 16.07 16.15 16.23 16.30 16.37 16.42 16.47 16.51 16.54 16.57 16.59 16.60 16.61 16.61 16.60 16.59 16.57 16.55 16.52 16.49 16.45 16.40 16.35 16.29 16.22 16.14 16.03 15.91 15.76 15.60 15.43 15.24 15.03 14.81 14.57 14.33 14.07 13.80 13.52 13.23 12.92 12.62 12.30 11.98 11.65 11.32 10.98 10.65 10.31 9.96 9.62 9.27 8.92 8.57 8.22 7.86
12.41 12.72 13.04 13.35 13.64 13.91 14.16 14.38 14.59 14.77 14.94 15.10 15.23 15.36 15.47 15.58 15.68 15.77 15.85 15.93 16.01 16.09 16.17 16.26 16.35 16.43 16.51 16.58 16.64 16.69 16.74 16.78 16.81 16.83 16.85 16.86 16.87 16.86 16.85 16.84 16.82 16.79 16.76 16.72 16.68 16.63 16.56 16.48 16.38 16.26 16.12 15.97 15.80 15.61 15.40 15.19 14.96 14.71 14.45 14.18 13.90 13.61 13.31 13.01 12.69 12.36 12.03 11.70 11.36 11.01 10.67 10.32 9.97 9.62 9.27 8.91 8.56 8.20 7.84
12.55 12.85 13.14 13.44 13.72 14.00 14.25 14.48 14.69 14.88 15.05 15.21 15.36 15.49 15.61 15.72 15.82 15.92 16.01 16.10 16.19 16.27 16.36 16.45 16.54 16.63 16.72 16.79 16.86 16.92 16.97 17.02 17.05 17.08 17.10 17.12 17.12 17.12 17.12 17.11 17.09 17.06 17.03 17.00 16.95 16.90 16.82 16.72 16.61 16.48 16.33 16.16 15.97 15.77 15.56 15.33 15.09 14.84 14.57 14.29 14.00 13.70 13.39 13.08 12.75 12.42 12.08 11.74 11.39 11.04 10.69 10.33 9.98 9.62 9.26 8.90 8.55 8.19 7.83
12.73 13.00 13.28 13.55 13.82 14.09 14.35 14.58 14.80 15.00 15.17 15.34 15.49 15.62 15.75 15.87 15.97 16.08 16.17 16.27 16.36 16.45 16.55 16.64 16.74 16.84 16.93 17.01 17.08 17.15 17.21 17.25 17.29 17.33 17.35 17.37 17.38 17.39 17.38 17.37 17.36 17.33 17.30 17.27 17.22 17.15 17.06 16.95 16.82 16.68 16.51 16.33 16.14 15.93 15.70 15.47 15.21 14.95 14.67 14.39 14.09 13.78 13.47 13.14 12.81 12.47 12.13 11.78 11.42 11.07 10.71 10.35 9.98 9.62 9.26 8.90 8.54 8.17 7.81
