data_processed/recharge/precip/Precip_1995_12.asc
ncols        168
nrows        136
xllcorner    455000
yllcorner    2107000
cellsize     500
NODATA_value     -99999
[rows 0 to 33 of 136, columns 77 to 153 of 168]
23.10 23.64 24.18 24.71 25.23 25.74 26.23 26.71 27.16 27.60 28.02 28.42 28.81 29.18 29.55 29.90 30.25 30.59 30.92 31.26 31.59 31.92 32.25 32.59 32.92 33.25 33.59 33.92 34.25 34.58 34.91 35.24 35.56 35.89 36.21 36.53 36.86 37.20 37.56 37.93 38.32 38.72 39.14 39.56 39.99 40.42 40.87 41.31 41.76 42.21 42.66 43.11 43.56 44.00 44.44 44.87 45.29 45.70 46.10 46.49 46.87 47.23 47.57 47.90 48.20 48.49 48.75 49.00 49.21 49.40 49.57 49.70 49.81 49.88 49.92 49.93 49.90
23.36 23.90 24.43 24.95 25.47 25.97 26.47 26.95 27.41 27.86 28.28 28.69 29.08 29.46 29.83 30.19 30.54 30.89 31.23 31.56 31.90 32.23 32.57 32.90 33.24 33.58 33.91 34.25 34.58 34.92 35.25 35.58 35.91 36.23 36.56 36.89 37.24 37.61 37.99 38.39 38.80 39.22 39.65 40.09 40.54 41.00 41.45 41.92 42.38 42.84 43.31 43.77 44.23 44.68 45.13 45.56 45.99 46.41 46.82 47.22 47.60 47.96 48.31 48.64 48.95 49.23 49.50 49.74 49.96 50.14 50.30 50.44 50.54 50.60 50.64 50.64 50.60
23.63 24.17 24.69 25.21 25.72 26.22 26.72 27.20 27.67 28.12 28.55 28.96 29.36 29.75 30.12 30.49 30.84 31.19 31.54 31.88 32.21 32.55 32.89 33.23 33.56 33.90 34.24 34.58 34.92 35.25 35.59 35.92 36.25 36.58 36.92 37.28 37.65 38.04 38.45 38.87 39.30 39.74 40.19 40.65 41.11 41.58 42.06 42.53 43.01 43.49 43.97 44.44 44.91 45.37 45.83 46.27 46.71 47.14 47.55 47.95 48.34 48.70 49.05 49.38 49.69 49.98 50.25 50.49 50.70 50.88 51.04 51.17 51.26 51.32 51.35 51.34 51.30
23.93 24.45 24.98 25.49 25.99 26.49 26.98 27.46 27.93 28.38 28.82 29.24 29.65 30.04 30.42 30.79 31.15 31.50 31.85 32.19 32.53 32.87 33.21 33.55 33.89 34.23 34.58 34.92 35.26 35.60 35.93 36.27 36.60 36.95 37.31 37.69 38.09 38.50 38.93 39.37 39.82 40.28 40.75 41.22 41.70 42.19 42.68 43.17 43.66 44.15 44.64 45.12 45.60 46.07 46.54 46.99 47.44 47.87 48.29 48.69 49.08 49.45 49.80 50.13 50.45 50.73 51.00 51.23 51.44 51.62 51.78 51.90 51.99 52.04 52.06 52.04 51.99
24.23 24.75 25.27 25.78 26.28 26.77 27.26 27.73 28.20 28.66 29.10 29.53 29.94 30.34 30.72 31.10 31.46 31.82 32.17 32.51 32.86 33.20 33.54 33.88 34.23 34.57 34.91 35.26 35.60 35.94 36.28 36.62 36.97 37.34 37.72 38.13 38.55 38.98 39.43 39.89 40.36 40.83 41.32 41.81 42.31 42.81 43.32 43.82 44.32 44.83 45.32 45.82 46.31 46.79 47.26 47.72 48.17 48.61 49.03 49.44 49.83 50.20 50.56 50.89 51.20 51.48 51.75 51.98 52.19 52.36 52.51 52.63 52.71 52.75 52.77 52.74 52.67
24.55 25.07 25.58 26.08 26.58 27.07 27.55 28.02 28.49 28.94 29.39 29.82 30.24 30.64 31.03 31.41 31.78 32.14 32.49 32.84 33.18 33.53 33.87 34.22 34.56 34.91 35.25 35.60 35.94 36.29 36.63 36.98 37.36 37.75 38.16 38.58 39.03 39.48 39.95 40.43 40.91 41.41 41.91 42.42 42.93 43.45 43.97 44.48 45.00 45.51 46.02 46.52 47.02 47.51 47.99 48.46 48.91 49.36 49.78 50.19 50.59 50.96 51.31 51.65 51.96 52.24 52.50 52.73 52.93 53.10 53.24 53.35 53.43 53.46 53.47 53.43 53.35
24.88 25.39 25.89 26.39 26.89 27.37 27.85 28.32 28.78 29.24 29.68 30.11 30.54 30.94 31.34 31.72 32.09 32.46 32.81 33.16 33.51 33.86 34.20 34.55 34.90 35.25 35.60 35.94 36.29 36.64 36.99 37.37 37.77 38.18 38.62 39.06 39.53 40.00 40.49 40.98 41.49 42.00 42.52 43.05 43.57 44.10 44.63 45.16 45.69 46.21 46.73 47.24 47.75 48.24 48.73 49.20 49.66 50.11 50.54 50.95 51.35 51.72 52.08 52.41 52.71 52.99 53.25 53.48 53.67 53.84 53.97 54.07 54.14 54.17 54.16 54.11 54.03
25.22 25.72 26.22 26.72 27.20 27.69 28.16 28.63 29.09 29.54 29.98 30.42 30.84 31.25 31.65 32.04 32.42 32.78 33.14 33.50 33.85 34.19 34.54 34.89 35.24 35.59 35.94 36.29 36.64 37.00 37.38 37.78 38.20 38.64 39.10 39.57 40.05 40.54 41.05 41.56 42.09 42.61 43.15 43.69 44.23 44.77 45.31 45.85 46.39 46.92 47.45 47.97 48.48 48.98 49.48 49.95 50.42 50.87 51.30 51.72 52.11 52.49 52.84 53.17 53.47 53.75 54.00 54.22 54.41 54.57 54.70 54.79 54.85 54.87 54.85 54.79 54.69
25.56 26.06 26.55 27.04 27.53 28.01 28.48 28.95 29.40 29.85 30.30 30.73 31.15 31.57 31.97 32.36 32.74 33.11 33.47 33.83 34.18 34.53 34.88 35.23 35.58 35.94 36.29 36.64 37.00 37.39 37.79 38.22 38.66 39.12 39.60 40.09 40.59 41.10 41.63 42.16 42.70 43.24 43.79 44.34 44.90 45.45 46.00 46.56 47.10 47.64 48.18 48.71 49.23 49.73 50.23 50.71 51.18 51.63 52.07 52.48 52.88 53.25 53.60 53.93 54.23 54.51 54.75 54.97 55.15 55.30 55.42 55.51 55.55 55.56 55.53 55.46 55.35
25.91 26.40 26.89 27.38 27.86 28.34 28.80 29.27 29.72 30.17 30.61 31.05 31.47 31.89 32.29 32.69 33.07 33.44 33.81 34.17 34.52 34.87 35.22 35.58 35.93 36.28 36.64 37.00 37.39 37.80 38.23 38.68 39.14 39.63 40.12 40.63 41.15 41.68 42.22 42.77 43.33 43.89 44.45 45.01 45.58 46.15 46.71 47.27 47.83 48.38 48.92 49.45 49.98 50.49 50.99 51.48 51.95 52.40 52.84 53.25 53.65 54.02 54.37 54.69 54.99 55.26 55.50 55.71 55.89 56.03 56.14 56.22 56.25 56.25 56.21 56.12 56.00
26.26 26.75 27.24 27.72 28.19 28.67 29.13 29.59 30.05 30.50 30.94 31.37 31.79 32.21 32.62 33.01 33.40 33.78 34.15 34.51 34.86 35.21 35.57 35.92 36.28 36.63 37.00 37.39 37.81 38.24 38.69 39.16 39.65 40.15 40.67 41.19 41.73 42.28 42.84 43.40 43.97 44.54 45.12 45.70 46.28 46.85 47.43 48.00 48.56 49.12 49.67 50.21 50.74 51.26 51.76 52.25 52.72 53.18 53.61 54.03 54.42 54.79 55.14 55.46 55.75 56.01 56.25 56.45 56.62 56.76 56.86 56.92 56.94 56.93 56.88 56.78 56.64
26.62 27.10 27.58 28.06 28.53 29.00 29.47 29.92 30.38 30.82 31.26 31.70 32.12 32.54 32.95 33.34 33.73 34.11 34.48 34.85 35.20 35.56 35.91 36.27 36.63 37.00 37.39 37.81 38.24 38.70 39.17 39.66 40.17 40.69 41.23 41.77 42.33 42.90 43.47 44.05 44.63 45.22 45.81 46.40 46.99 47.57 48.16 48.73 49.31 49.87 50.43 50.97 51.51 52.03 52.53 53.02 53.50 53.95 54.39 54.80 55.19 55.56 55.90 56.22 56.51 56.76 56.99 57.19 57.35 57.47 57.56 57.62 57.63 57.60 57.53 57.42 57.27
26.97 27.45 27.93 28.40 28.87 29.34 29.80 30.26 30.71 31.15 31.59 32.02 32.45 32.87 33.28 33.68 34.07 34.45 34.83 35.19 35.55 35.90 36.26 36.62 36.99 37.39 37.80 38.24 38.70 39.18 39.68 40.19 40.72 41.26 41.81 42.37 42.95 43.53 44.12 44.71 45.31 45.91 46.51 47.11 47.71 48.30 48.89 49.48 50.06 50.63 51.19 51.74 52.28 52.80 53.31 53.80 54.28 54.73 55.17 55.58 55.97 56.33 56.67 56.98 57.26 57.51 57.73 57.92 58.07 58.19 58.27 58.31 58.31 58.27 58.18 58.06 57.89
27.32 27.80 28.27 28.74 29.21 29.67 30.13 30.59 31.04 31.48 31.92 32.35 32.78 33.20 33.61 34.01 34.41 34.79 35.17 35.53 35.89 36.25 36.61 36.98 37.38 37.80 38.24 38.70 39.19 39.69 40.20 40.74 41.28 41.84 42.41 42.99 43.58 44.18 44.78 45.39 46.00 46.61 47.22 47.83 48.44 49.04 49.64 50.24 50.82 51.40 51.96 52.52 53.06 53.59 54.10 54.59 55.06 55.52 55.95 56.36 56.74 57.10 57.43 57.74 58.01 58.26 58.47 58.64 58.79 58.89 58.96 58.99 58.98 58.92 58.82 58.68 58.49
27.67 28.14 28.61 29.08 29.54 30.00 30.46 30.91 31.36 31.81 32.25 32.68 33.11 33.53 33.94 34.34 34.74 35.13 35.51 35.88 36.24 36.60 36.97 37.37 37.79 38.24 38.70 39.19 39.69 40.21 40.75 41.30 41.87 42.44 43.03 43.63 44.23 44.84 45.46 46.08 46.70 47.32 47.94 48.57 49.18 49.80 50.40 51.00 51.59 52.17 52.74 53.30 53.84 54.37 54.88 55.37 55.85 56.30 56.73 57.13 57.52 57.87 58.20 58.49 58.76 59.00 59.20 59.37 59.50 59.59 59.65 59.66 59.64 59.57 59.45 59.30 59.09
28.02 28.48 28.95 29.41 29.87 30.33 30.79 31.24 31.69 32.13 32.57 33.00 33.43 33.85 34.27 34.67 35.07 35.47 35.85 36.22 36.59 36.96 37.36 37.78 38.23 38.69 39.18 39.69 40.22 40.76 41.31 41.88 42.47 43.06 43.67 44.28 44.90 45.52 46.15 46.78 47.41 48.05 48.68 49.31 49.93 50.55 51.17 51.77 52.37 52.95 53.53 54.09 54.63 55.16 55.67 56.16 56.63 57.08 57.51 57.91 58.29 58.64 58.96 59.25 59.50 59.73 59.92 60.08 60.20 60.28 60.32 60.33 60.29 60.20 60.07 59.90 59.67
28.37 28.83 29.29 29.75 30.21 30.66 31.12 31.57 32.01 32.46 32.89 33.33 33.76 34.18 34.59 35.00 35.41 35.80 36.19 36.57 36.94 37.33 37.76 38.20 38.67 39.16 39.67 40.20 40.74 41.31 41.88 42.47 43.07 43.68 44.30 44.93 45.56 46.20 46.84 47.48 48.12 48.77 49.41 50.05 50.68 51.31 51.92 52.53 53.13 53.72 54.30 54.86 55.40 55.93 56.44 56.93 57.40 57.85 58.27 58.67 59.04 59.38 59.69 59.97 60.22 60.44 60.62 60.77 60.88 60.94 60.97 60.96 60.90 60.80 60.66 60.46 60.22
28.74 29.19 29.65 30.10 30.55 31.01 31.46 31.90 32.35 32.79 33.23 33.66 34.09 34.51 34.93 35.34 35.74 36.14 36.53 36.92 37.31 37.71 38.15 38.62 39.11 39.62 40.15 40.70 41.27 41.85 42.44 43.05 43.66 44.29 44.92 45.56 46.21 46.86 47.51 48.17 48.82 49.47 50.12 50.76 51.40 52.04 52.66 53.27 53.88 54.47 55.05 55.61 56.15 56.68 57.19 57.68 58.14 58.58 59.00 59.39 59.76 60.09 60.39 60.67 60.91 61.11 61.28 61.42 61.51 61.57 61.58 61.55 61.48 61.36 61.20 60.99 60.73
29.11 29.56 30.01 30.46 30.91 31.36 31.80 32.25 32.69 33.13 33.56 34.00 34.42 34.85 35.26 35.68 36.08 36.48 36.88 37.28 37.68 38.10 38.55 39.04 39.55 40.08 40.63 41.20 41.79 42.38 42.99 43.62 44.25 44.89 45.53 46.19 46.85 47.51 48.17 48.83 49.50 50.16 50.81 51.46 52.11 52.75 53.37 53.99 54.60 55.19 55.77 56.33 56.87 57.40 57.90 58.39 58.85 59.29 59.70 60.08 60.44 60.77 61.06 61.33 61.56 61.75 61.91 62.03 62.11 62.15 62.15 62.10 62.01 61.88 61.70 61.46 61.18
29.50 29.95 30.39 30.83 31.28 31.72 32.16 32.60 33.04 33.48 33.91 34.34 34.77 35.19 35.61 36.02 36.42 36.83 37.24 37.65 38.07 38.50 38.97 39.46 39.98 40.54 41.11 41.69 42.30 42.91 43.54 44.17 44.82 45.47 46.13 46.80 47.47 48.14 48.81 49.49 50.16 50.82 51.49 52.14 52.79 53.43 54.07 54.69 55.29 55.89 56.46 57.02 57.57 58.09 58.59 59.07 59.53 59.96 60.37 60.74 61.09 61.41 61.70 61.95 62.17 62.35 62.49 62.60 62.67 62.69 62.67 62.61 62.50 62.35 62.15 61.90 61.59
29.91 30.34 30.78 31.21 31.65 32.09 32.53 32.96 33.40 33.83 34.26 34.69 35.11 35.53 35.95 36.36 36.77 37.19 37.61 38.03 38.46 38.91 39.38 39.89 40.42 40.99 41.57 42.18 42.80 43.43 44.07 44.72 45.38 46.05 46.72 47.40 48.08 48.76 49.44 50.12 50.80 51.47 52.14 52.80 53.46 54.10 54.73 55.36 55.96 56.56 57.13 57.69 58.23 58.75 59.25 59.73 60.18 60.60 61.00 61.37 61.71 62.02 62.29 62.53 62.74 62.91 63.04 63.13 63.18 63.19 63.16 63.08 62.95 62.78 62.55 62.28 61.95
30.32 30.75 31.18 31.61 32.04 32.47 32.90 33.33 33.76 34.19 34.62 35.04 35.47 35.88 36.30 36.72 37.14 37.56 37.99 38.43 38.87 39.33 39.81 40.33 40.87 41.44 42.04 42.65 43.29 43.94 44.59 45.26 45.93 46.61 47.29 47.98 48.67 49.36 50.05 50.74 51.42 52.10 52.77 53.44 54.10 54.74 55.38 56.00 56.61 57.20 57.78 58.33 58.87 59.39 59.88 60.35 60.79 61.21 61.60 61.96 62.29 62.59 62.85 63.08 63.27 63.43 63.55 63.62 63.66 63.65 63.59 63.50 63.35 63.16 62.91 62.62 62.27
30.75 31.17 31.59 32.01 32.43 32.86 33.29 33.71 34.14 34.56 34.98 35.40 35.82 36.24 36.66 37.08 37.51 37.94 38.38 38.83 39.28 39.75 40.25 40.77 41.32 41.90 42.50 43.13 43.77 44.43 45.10 45.78 46.47 47.16 47.85 48.55 49.25 49.95 50.64 51.34 52.03 52.71 53.39 54.06 54.72 55.36 56.00 56.62 57.23 57.82 58.39 58.95 59.48 59.99 60.48 60.94 61.38 61.79 62.17 62.52 62.84 63.12 63.37 63.59 63.77 63.91 64.01 64.07 64.09 64.06 63.99 63.87 63.70 63.49 63.22 62.91 62.53
31.19 31.60 32.01 32.42 32.84 33.26 33.68 34.10 34.52 34.94 35.35 35.77 36.19 36.60 37.03 37.45 37.89 38.33 38.78 39.23 39.70 40.18 40.69 41.22 41.78 42.36 42.96 43.60 44.25 44.92 45.60 46.29 46.99 47.69 48.40 49.10 49.81 50.51 51.22 51.92 52.61 53.30 53.98 54.65 55.31 55.96 56.60 57.22 57.82 58.41 58.98 59.53 60.06 60.56 61.04 61.50 61.93 62.33 62.70 63.04 63.35 63.62 63.86 64.06 64.22 64.35 64.43 64.48 64.48 64.43 64.34 64.20 64.01 63.78 63.49 63.15 62.75
31.64 32.04 32.44 32.85 33.26 33.67 34.08 34.49 34.90 35.32 35.73 36.14 36.56 36.98 37.40 37.84 38.28 38.73 39.18 39.65 40.13 40.62 41.13 41.67 42.24 42.83 43.44 44.07 44.72 45.40 46.09 46.79 47.50 48.21 48.92 49.64 50.35 51.06 51.77 52.48 53.18 53.87 54.55 55.22 55.88 56.53 57.17 57.79 58.39 58.97 59.54 60.08 60.61 61.10 61.58 62.02 62.44 62.83 63.19 63.52 63.82 64.08 64.30 64.49 64.64 64.75 64.82 64.84 64.82 64.76 64.64 64.48 64.27 64.01 63.70 63.34 62.91
32.10 32.49 32.89 33.28 33.68 34.08 34.49 34.89 35.30 35.71 36.11 36.52 36.94 37.36 37.79 38.23 38.68 39.13 39.60 40.07 40.56 41.06 41.59 42.13 42.70 43.30 43.91 44.54 45.20 45.87 46.57 47.28 48.00 48.72 49.44 50.16 50.88 51.59 52.31 53.02 53.72 54.41 55.10 55.77 56.43 57.08 57.71 58.33 58.93 59.51 60.07 60.61 61.12 61.61 62.08 62.52 62.93 63.31 63.65 63.97 64.25 64.50 64.71 64.88 65.01 65.10 65.15 65.16 65.12 65.04 64.90 64.72 64.49 64.20 63.87 63.48 63.03
32.58 32.96 33.34 33.73 34.12 34.51 34.91 35.30 35.70 36.10 36.51 36.92 37.33 37.76 38.19 38.64 39.09 39.55 40.02 40.51 41.00 41.51 42.04 42.60 43.17 43.77 44.39 45.02 45.68 46.35 47.04 47.75 48.48 49.20 49.93 50.66 51.38 52.11 52.82 53.54 54.24 54.93 55.62 56.29 56.95 57.60 58.23 58.84 59.44 60.01 60.57 61.10 61.61 62.09 62.55 62.98 63.37 63.74 64.08 64.38 64.65 64.88 65.08 65.23 65.35 65.42 65.45 65.44 65.38 65.27 65.12 64.91 64.65 64.35 63.98 63.57 63.09
33.07 33.43 33.81 34.18 34.56 34.95 35.33 35.72 36.11 36.51 36.91 37.32 37.74 38.16 38.60 39.05 39.50 39.97 40.45 40.94 41.45 41.97 42.51 43.07 43.65 44.25 44.86 45.50 46.16 46.83 47.52 48.22 48.94 49.67 50.41 51.14 51.87 52.60 53.32 54.03 54.74 55.43 56.12 56.79 57.45 58.09 58.72 59.33 59.92 60.49 61.04 61.56 62.06 62.53 62.98 63.40 63.79 64.14 64.46 64.75 65.01 65.22 65.40 65.54 65.64 65.69 65.70 65.67 65.59 65.46 65.28 65.05 64.77 64.44 64.05 63.60 63.10
33.57 33.92 34.28 34.65 35.02 35.39 35.77 36.15 36.53 36.92 37.32 37.73 38.15 38.58 39.02 39.47 39.93 40.40 40.89 41.38 41.90 42.42 42.97 43.54 44.12 44.72 45.34 45.98 46.63 47.30 47.99 48.69 49.40 50.13 50.87 51.61 52.34 53.07 53.79 54.51 55.21 55.91 56.59 57.26 57.92 58.56 59.18 59.79 60.37 60.93 61.47 61.99 62.48 62.94 63.38 63.79 64.16 64.50 64.81 65.09 65.32 65.52 65.69 65.81 65.88 65.92 65.91 65.85 65.75 65.60 65.40 65.14 64.84 64.48 64.06 63.59 63.09
34.08 34.42 34.77 35.12 35.48 35.84 36.21 36.58 36.96 37.35 37.75 38.15 38.57 39.00 39.44 39.89 40.36 40.84 41.33 41.83 42.35 42.89 43.44 44.01 44.60 45.21 45.83 46.46 47.11 47.78 48.46 49.15 49.86 50.58 51.31 52.05 52.79 53.52 54.24 54.96 55.67 56.36 57.04 57.71 58.36 59.00 59.62 60.22 60.79 61.35 61.88 62.39 62.87 63.32 63.74 64.14 64.50 64.83 65.12 65.38 65.60 65.79 65.93 66.03 66.09 66.10 66.07 65.99 65.87 65.69 65.47 65.19 64.86 64.47 64.03 63.55 63.06
34.60 34.93 35.27 35.61 35.95 36.30 36.66 37.03 37.40 37.79 38.18 38.59 39.00 39.43 39.87 40.33 40.80 41.28 41.77 42.28 42.81 43.35 43.91 44.49 45.08 45.69 46.31 46.94 47.59 48.25 48.93 49.62 50.31 51.02 51.75 52.48 53.22 53.95 54.67 55.39 56.09 56.79 57.47 58.13 58.78 59.41 60.02 60.61 61.18 61.73 62.25 62.75 63.22 63.66 64.07 64.45 64.80 65.12 65.39 65.64 65.84 66.00 66.13 66.21 66.25 66.24 66.19 66.09 65.94 65.74 65.49 65.18 64.82 64.41 63.96 63.51 63.04
35.14 35.45 35.77 36.10 36.43 36.77 37.12 37.48 37.85 38.23 38.62 39.03 39.44 39.87 40.31 40.77 41.24 41.72 42.22 42.74 43.27 43.82 44.39 44.97 45.56 46.17 46.79 47.42 48.07 48.73 49.39 50.07 50.77 51.47 52.18 52.90 53.62 54.35 55.08 55.79 56.50 57.19 57.86 58.52 59.17 59.79 60.40 60.98 61.54 62.08 62.59 63.08 63.54 63.97 64.36 64.73 65.06 65.36 65.62 65.85 66.03 66.18 66.28 66.35 66.36 66.33 66.26 66.13 65.96 65.73 65.46 65.12 64.74 64.32 63.89 63.46 63.02
35.68 35.98 36.29 36.60 36.93 37.26 37.60 37.95 38.31 38.69 39.08 39.48 39.89 40.32 40.76 41.21 41.69 42.17 42.68 43.20 43.74 44.29 44.86 45.45 46.04 46.65 47.27 47.90 48.54 49.20 49.86 50.53 51.21 51.90 52.60 53.31 54.02 54.74 55.46 56.17 56.87 57.56 58.23 58.89 59.52 60.14 60.74 61.32 61.87 62.40 62.90 63.37 63.82 64.23 64.62 64.97 65.29 65.57 65.81 66.02 66.19 66.31 66.40 66.44 66.43 66.38 66.28 66.13 65.93 65.68 65.38 65.02 64.63 64.23 63.82 63.41 63.00
36.24 36.53 36.82 37.12 37.43 37.75 38.08 38.43 38.78 39.15 39.54 39.93 40.34 40.77 41.21 41.66 42.14 42.63 43.14 43.66 44.21 44.77 45.34 45.93 46.52 47.13 47.75 48.38 49.02 49.66 50.32 50.98 51.65 52.33 53.02 53.71 54.41 55.11 55.82 56.53 57.22 57.91 58.57 59.22 59.85 60.46 61.05 61.62 62.16 62.68 63.17 63.63 64.06 64.47 64.84 65.17 65.47 65.74 65.96 66.15 66.30 66.40 66.47 66.48 66.46 66.38 66.26 66.08 65.86 65.58 65.25 64.88 64.51 64.14 63.75 63.37 62.98
