data_processed/recharge/precip/Precip_2000_03.asc
ncols        168
nrows        136
xllcorner    455000
yllcorner    2107000
cellsize     500
NODATA_value     -99999
[rows 72 to 107 of 136, columns 0 to 81 of 168]
3.67 3.92 4.15 4.38 4.60 4.82 5.02 5.21 5.39 5.56 5.72 5.86 6.00 6.12 6.23 6.33 6.41 6.49 6.56 6.63 6.71 6.79 6.87 6.97 7.06 7.12 7.07 6.94 6.72 6.42 6.05 5.63 5.19 4.75 4.33 3.93 3.55 3.21 2.90 2.64 2.42 2.26 2.15 2.11 2.13 2.19 2.30 2.44 2.61 2.82 3.06 3.33 3.63 3.93 4.25 4.57 4.90 5.24 5.58 5.94 6.31 6.70 7.10 7.51 7.91 8.32 8.71 9.10 9.47 9.82 10.14 10.44 10.68 10.88 11.03 11.13 11.17 11.15 11.11 11.08 11.06 11.03
3.66 3.90 4.13 4.36 4.58 4.79 4.99 5.17 5.35 5.52 5.67 5.82 5.95 6.07 6.18 6.28 6.38 6.46 6.53 6.59 6.66 6.74 6.82 6.90 6.99 7.05 7.00 6.86 6.62 6.31 5.93 5.52 5.11 4.70 4.30 3.92 3.56 3.22 2.92 2.66 2.44 2.27 2.15 2.08 2.09 2.15 2.27 2.42 2.60 2.81 3.05 3.33 3.62 3.93 4.25 4.57 4.91 5.25 5.62 6.00 6.40 6.81 7.23 7.65 8.07 8.48 8.89 9.28 9.66 10.01 10.34 10.64 10.90 11.11 11.26 11.36 11.39 11.37 11.33 11.29 11.25 11.21
3.65 3.89 4.12 4.35 4.56 4.77 4.96 5.15 5.32 5.48 5.64 5.78 5.92 6.04 6.15 6.26 6.35 6.44 6.52 6.58 6.65 6.71 6.79 6.87 6.96 7.01 6.96 6.80 6.56 6.24 5.87 5.49 5.11 4.73 4.35 3.99 3.64 3.32 3.02 2.76 2.53 2.35 2.22 2.14 2.12 2.17 2.28 2.43 2.62 2.84 3.09 3.36 3.66 3.97 4.29 4.62 4.97 5.33 5.72 6.12 6.54 6.97 7.40 7.84 8.27 8.69 9.10 9.50 9.88 10.23 10.56 10.85 11.11 11.32 11.47 11.57 11.60 11.58 11.52 11.47 11.42 11.36
3.66 3.89 4.12 4.34 4.55 4.76 4.95 5.13 5.30 5.47 5.62 5.76 5.90 6.03 6.14 6.25 6.35 6.44 6.52 6.60 6.66 6.73 6.79 6.87 6.96 7.00 6.94 6.78 6.53 6.22 5.89 5.55 5.20 4.84 4.49 4.14 3.81 3.50 3.21 2.94 2.71 2.52 2.38 2.28 2.24 2.26 2.35 2.50 2.69 2.91 3.17 3.44 3.74 4.05 4.38 4.72 5.08 5.47 5.88 6.30 6.74 7.18 7.62 8.06 8.50 8.93 9.34 9.74 10.12 10.47 10.79 11.07 11.32 11.52 11.68 11.77 11.79 11.75 11.68 11.61 11.55 11.47
3.68 3.91 4.14 4.35 4.56 4.76 4.95 5.13 5.30 5.46 5.62 5.76 5.90 6.03 6.15 6.26 6.37 6.46 6.55 6.63 6.71 6.77 6.84 6.91 6.99 7.03 6.97 6.80 6.56 6.30 6.01 5.70 5.38 5.05 4.72 4.39 4.08 3.77 3.48 3.22 2.99 2.79 2.63 2.52 2.45 2.45 2.50 2.62 2.81 3.03 3.29 3.57 3.87 4.19 4.52 4.88 5.27 5.67 6.10 6.53 6.98 7.43 7.88 8.33 8.77 9.20 9.61 10.01 10.38 10.72 11.03 11.30 11.53 11.72 11.86 11.94 11.96 11.90 11.81 11.73 11.64 11.55
3.71 3.94 4.16 4.37 4.58 4.77 4.96 5.14 5.31 5.47 5.63 5.78 5.92 6.05 6.18 6.30 6.41 6.51 6.61 6.70 6.78 6.85 6.92 6.99 7.07 7.10 7.03 6.89 6.70 6.48 6.23 5.95 5.66 5.36 5.05 4.75 4.44 4.14 3.86 3.60 3.36 3.15 2.98 2.85 2.76 2.73 2.75 2.84 2.99 3.20 3.46 3.75 4.05 4.37 4.73 5.10 5.51 5.93 6.37 6.81 7.27 7.72 8.18 8.63 9.07 9.50 9.90 10.29 10.65 10.98 11.28 11.53 11.75 11.92 12.03 12.09 12.09 12.02 11.91 11.80 11.69 11.58
3.76 3.98 4.20 4.41 4.61 4.80 4.99 5.17 5.34 5.50 5.66 5.81 5.96 6.09 6.23 6.35 6.47 6.58 6.68 6.78 6.88 6.96 7.04 7.12 7.19 7.22 7.18 7.08 6.94 6.76 6.55 6.31 6.06 5.78 5.49 5.20 4.91 4.62 4.34 4.08 3.84 3.62 3.43 3.28 3.17 3.11 3.10 3.15 3.26 3.44 3.69 3.97 4.28 4.62 4.99 5.39 5.81 6.24 6.68 7.14 7.60 8.06 8.51 8.96 9.39 9.81 10.21 10.59 10.94 11.25 11.53 11.77 11.96 12.10 12.19 12.23 12.20 12.11 11.97 11.84 11.70 11.56
3.82 4.04 4.25 4.45 4.65 4.85 5.03 5.21 5.38 5.55 5.71 5.87 6.02 6.16 6.29 6.43 6.55 6.67 6.78 6.89 7.00 7.09 7.19 7.27 7.36 7.41 7.42 7.38 7.28 7.15 6.98 6.78 6.55 6.30 6.04 5.76 5.48 5.20 4.92 4.66 4.41 4.19 3.99 3.82 3.69 3.60 3.56 3.57 3.64 3.78 3.98 4.26 4.58 4.94 5.32 5.73 6.15 6.59 7.05 7.50 7.96 8.42 8.87 9.31 9.74 10.15 10.54 10.90 11.23 11.52 11.78 12.00 12.16 12.28 12.34 12.34 12.28 12.15 11.99 11.83 11.67 11.50
3.87 4.08 4.29 4.49 4.69 4.88 5.07 5.25 5.42 5.59 5.76 5.92 6.07 6.22 6.36 6.50 6.63 6.76 6.88 7.00 7.11 7.22 7.33 7.43 7.52 7.60 7.66 7.67 7.63 7.54 7.41 7.24 7.05 6.83 6.59 6.33 6.07 5.80 5.53 5.26 5.01 4.78 4.57 4.38 4.23 4.12 4.05 4.03 4.06 4.15 4.32 4.59 4.92 5.29 5.68 6.10 6.53 6.97 7.42 7.88 8.34 8.79 9.23 9.67 10.08 10.48 10.85 11.19 11.50 11.77 12.00 12.19 12.33 12.41 12.44 12.40 12.30 12.16 11.98 11.79 11.60 11.41
3.90 4.11 4.32 4.52 4.71 4.90 5.09 5.27 5.44 5.62 5.78 5.94 6.10 6.25 6.40 6.55 6.69 6.83 6.96 7.09 7.21 7.33 7.45 7.56 7.65 7.74 7.82 7.88 7.90 7.86 7.77 7.65 7.49 7.30 7.09 6.85 6.61 6.35 6.09 5.83 5.58 5.35 5.13 4.93 4.76 4.62 4.53 4.48 4.47 4.54 4.70 4.97 5.30 5.67 6.07 6.49 6.92 7.36 7.81 8.26 8.71 9.15 9.58 10.00 10.40 10.77 11.12 11.44 11.73 11.97 12.17 12.33 12.43 12.48 12.47 12.39 12.27 12.12 11.94 11.73 11.51 11.30
3.92 4.12 4.33 4.52 4.72 4.91 5.09 5.27 5.45 5.62 5.79 5.96 6.12 6.28 6.43 6.58 6.73 6.87 7.02 7.15 7.29 7.42 7.54 7.66 7.76 7.85 7.95 8.03 8.09 8.11 8.07 7.99 7.87 7.72 7.53 7.33 7.10 6.86 6.62 6.37 6.12 5.89 5.66 5.45 5.27 5.12 5.00 4.92 4.90 4.97 5.13 5.39 5.72 6.08 6.48 6.89 7.32 7.76 8.20 8.64 9.07 9.50 9.91 10.31 10.69 11.04 11.37 11.66 11.91 12.13 12.29 12.41 12.48 12.48 12.43 12.33 12.20 12.04 11.85 11.64 11.41 11.18
3.93 4.13 4.32 4.52 4.71 4.90 5.08 5.26 5.44 5.62 5.79 5.96 6.12 6.29 6.45 6.60 6.76 6.91 7.06 7.21 7.35 7.49 7.62 7.73 7.84 7.95 8.05 8.14 8.23 8.29 8.31 8.28 8.20 8.08 7.94 7.76 7.56 7.34 7.11 6.88 6.64 6.40 6.18 5.97 5.77 5.61 5.47 5.38 5.37 5.44 5.61 5.86 6.17 6.53 6.91 7.32 7.74 8.16 8.59 9.02 9.44 9.84 10.24 10.61 10.97 11.29 11.59 11.84 12.06 12.24 12.37 12.45 12.47 12.43 12.35 12.24 12.10 11.93 11.74 11.52 11.29 11.04
3.92 4.12 4.31 4.51 4.69 4.88 5.06 5.25 5.42 5.60 5.77 5.95 6.12 6.28 6.45 6.61 6.78 6.94 7.09 7.25 7.40 7.54 7.67 7.79 7.91 8.03 8.13 8.24 8.34 8.43 8.49 8.51 8.48 8.41 8.30 8.15 7.98 7.79 7.58 7.36 7.13 6.91 6.68 6.47 6.27 6.09 5.95 5.87 5.88 5.96 6.12 6.37 6.67 7.01 7.38 7.77 8.17 8.59 9.00 9.40 9.80 10.19 10.55 10.90 11.22 11.52 11.78 12.00 12.18 12.32 12.40 12.43 12.41 12.34 12.24 12.12 11.96 11.79 11.59 11.37 11.14 10.88
3.92 4.10 4.30 4.49 4.67 4.86 5.04 5.22 5.40 5.58 5.75 5.93 6.10 6.27 6.45 6.62 6.78 6.95 7.12 7.28 7.43 7.57 7.71 7.84 7.97 8.09 8.21 8.33 8.44 8.54 8.63 8.69 8.71 8.69 8.62 8.51 8.37 8.21 8.02 7.82 7.61 7.39 7.18 6.97 6.76 6.59 6.47 6.41 6.43 6.51 6.68 6.91 7.20 7.52 7.87 8.25 8.63 9.02 9.41 9.80 10.17 10.53 10.86 11.18 11.47 11.72 11.94 12.13 12.26 12.35 12.39 12.37 12.32 12.23 12.11 11.97 11.81 11.63 11.42 11.20 10.96 10.70
3.90 4.09 4.27 4.46 4.65 4.83 5.01 5.19 5.37 5.55 5.73 5.91 6.09 6.26 6.44 6.61 6.79 6.96 7.13 7.29 7.45 7.59 7.74 7.87 8.01 8.15 8.28 8.41 8.53 8.64 8.75 8.84 8.91 8.93 8.91 8.84 8.74 8.61 8.45 8.27 8.08 7.88 7.67 7.46 7.27 7.12 7.03 6.99 7.02 7.11 7.26 7.48 7.75 8.06 8.39 8.75 9.11 9.48 9.84 10.20 10.54 10.87 11.17 11.45 11.70 11.91 12.09 12.23 12.32 12.35 12.34 12.29 12.21 12.10 11.96 11.81 11.64 11.44 11.24 11.01 10.76 10.51
3.88 4.06 4.25 4.43 4.62 4.80 4.99 5.17 5.35 5.53 5.71 5.89 6.07 6.25 6.43 6.61 6.79 6.97 7.14 7.30 7.46 7.61 7.76 7.91 8.06 8.21 8.35 8.49 8.63 8.75 8.87 8.98 9.07 9.14 9.17 9.15 9.09 8.99 8.86 8.71 8.54 8.35 8.16 7.97 7.81 7.70 7.63 7.61 7.65 7.74 7.88 8.09 8.34 8.63 8.94 9.27 9.61 9.95 10.29 10.61 10.92 11.21 11.47 11.71 11.92 12.09 12.22 12.30 12.34 12.33 12.27 12.19 12.09 11.96 11.81 11.64 11.45 11.25 11.03 10.80 10.55 10.29
3.87 4.04 4.22 4.40 4.59 4.78 4.96 5.14 5.32 5.51 5.69 5.87 6.05 6.24 6.42 6.61 6.79 6.97 7.14 7.30 7.46 7.62 7.78 7.94 8.10 8.26 8.42 8.58 8.73 8.87 9.00 9.12 9.24 9.33 9.40 9.43 9.41 9.35 9.26 9.14 8.99 8.83 8.66 8.51 8.40 8.31 8.27 8.27 8.31 8.39 8.53 8.72 8.95 9.21 9.50 9.81 10.12 10.44 10.75 11.04 11.31 11.56 11.78 11.97 12.13 12.25 12.32 12.36 12.34 12.28 12.20 12.09 11.96 11.81 11.64 11.46 11.26 11.05 10.83 10.59 10.33 10.07
3.85 4.01 4.19 4.37 4.56 4.75 4.94 5.13 5.31 5.49 5.67 5.86 6.05 6.23 6.42 6.61 6.79 6.96 7.13 7.30 7.46 7.63 7.80 7.97 8.15 8.33 8.51 8.68 8.84 9.00 9.15 9.28 9.41 9.52 9.62 9.70 9.72 9.71 9.65 9.57 9.45 9.32 9.20 9.10 9.02 8.97 8.94 8.95 9.00 9.08 9.20 9.37 9.58 9.82 10.08 10.36 10.65 10.94 11.21 11.47 11.71 11.91 12.09 12.23 12.33 12.40 12.42 12.39 12.33 12.24 12.13 11.99 11.83 11.66 11.47 11.27 11.06 10.84 10.61 10.37 10.11 9.84
3.83 3.99 4.16 4.34 4.53 4.72 4.91 5.11 5.30 5.48 5.67 5.86 6.05 6.24 6.43 6.61 6.79 6.96 7.13 7.30 7.47 7.65 7.83 8.01 8.21 8.40 8.60 8.79 8.97 9.14 9.31 9.46 9.61 9.74 9.85 9.95 10.03 10.06 10.05 9.99 9.92 9.84 9.77 9.72 9.67 9.65 9.64 9.66 9.71 9.79 9.90 10.05 10.23 10.44 10.68 10.93 11.19 11.44 11.68 11.91 12.11 12.27 12.40 12.49 12.54 12.54 12.50 12.43 12.33 12.20 12.06 11.89 11.71 11.52 11.31 11.09 10.87 10.64 10.41 10.15 9.89 9.62
3.82 3.97 4.14 4.32 4.50 4.70 4.90 5.09 5.29 5.49 5.68 5.87 6.06 6.25 6.43 6.61 6.79 6.96 7.14 7.31 7.49 7.68 7.87 8.07 8.28 8.50 8.71 8.92 9.12 9.31 9.49 9.66 9.83 9.97 10.11 10.23 10.33 10.41 10.44 10.44 10.42 10.40 10.39 10.37 10.36 10.36 10.37 10.40 10.45 10.52 10.61 10.74 10.89 11.08 11.28 11.50 11.73 11.95 12.16 12.34 12.51 12.63 12.71 12.75 12.74 12.68 12.59 12.47 12.33 12.17 12.00 11.80 11.60 11.38 11.16 10.92 10.69 10.45 10.20 9.95 9.68 9.40
3.81 3.96 4.12 4.30 4.48 4.68 4.88 5.09 5.29 5.50 5.70 5.89 6.08 6.27 6.45 6.62 6.80 6.98 7.15 7.34 7.53 7.72 7.93 8.14 8.37 8.61 8.84 9.07 9.29 9.50 9.70 9.89 10.07 10.24 10.40 10.54 10.66 10.76 10.85 10.91 10.96 11.00 11.03 11.06 11.08 11.10 11.13 11.16 11.21 11.27 11.34 11.44 11.57 11.72 11.90 12.08 12.27 12.45 12.63 12.78 12.90 12.98 13.02 13.01 12.94 12.83 12.69 12.53 12.36 12.16 11.95 11.73 11.50 11.26 11.02 10.77 10.52 10.27 10.02 9.75 9.47 9.19
3.81 3.95 4.11 4.28 4.47 4.67 4.87 5.09 5.30 5.51 5.73 5.93 6.12 6.30 6.47 6.65 6.82 7.00 7.19 7.38 7.58 7.79 8.01 8.24 8.49 8.74 9.00 9.24 9.49 9.72 9.94 10.15 10.36 10.55 10.72 10.88 11.02 11.16 11.29 11.42 11.54 11.63 11.70 11.77 11.82 11.86 11.90 11.94 11.98 12.03 12.08 12.15 12.25 12.37 12.51 12.66 12.81 12.96 13.09 13.20 13.28 13.32 13.31 13.26 13.15 13.00 12.82 12.62 12.40 12.17 11.93 11.68 11.42 11.16 10.90 10.63 10.37 10.11 9.85 9.57 9.29 9.00
3.82 3.95 4.11 4.28 4.47 4.67 4.88 5.09 5.32 5.54 5.76 5.96 6.16 6.34 6.51 6.69 6.87 7.05 7.24 7.44 7.65 7.88 8.11 8.36 8.63 8.91 9.19 9.45 9.72 9.97 10.22 10.45 10.68 10.89 11.08 11.27 11.44 11.61 11.79 11.97 12.14 12.28 12.40 12.50 12.58 12.64 12.69 12.74 12.77 12.80 12.83 12.87 12.94 13.02 13.13 13.24 13.35 13.46 13.55 13.61 13.65 13.64 13.59 13.50 13.36 13.18 12.97 12.73 12.47 12.21 11.93 11.65 11.37 11.08 10.80 10.52 10.24 9.97 9.70 9.42 9.13 8.84
3.83 3.96 4.12 4.29 4.47 4.68 4.89 5.11 5.34 5.57 5.79 6.00 6.20 6.39 6.57 6.75 6.93 7.12 7.32 7.53 7.76 7.99 8.25 8.52 8.81 9.11 9.41 9.70 9.99 10.26 10.53 10.79 11.04 11.27 11.49 11.70 11.92 12.13 12.35 12.57 12.77 12.97 13.13 13.26 13.36 13.44 13.50 13.54 13.57 13.58 13.59 13.60 13.62 13.67 13.74 13.81 13.89 13.95 13.99 14.01 14.00 13.95 13.86 13.74 13.58 13.38 13.14 12.87 12.58 12.28 11.97 11.66 11.35 11.04 10.73 10.43 10.14 9.86 9.58 9.29 9.00 8.70
3.87 3.99 4.14 4.31 4.49 4.70 4.92 5.14 5.37 5.60 5.82 6.04 6.25 6.45 6.65 6.84 7.02 7.22 7.43 7.65 7.89 8.15 8.42 8.71 9.02 9.35 9.67 9.99 10.30 10.60 10.89 11.18 11.45 11.70 11.95 12.21 12.46 12.72 12.97 13.21 13.45 13.67 13.87 14.03 14.16 14.25 14.32 14.36 14.37 14.37 14.35 14.32 14.31 14.32 14.35 14.38 14.41 14.43 14.43 14.40 14.34 14.25 14.13 13.97 13.79 13.58 13.33 13.04 12.72 12.38 12.04 11.70 11.36 11.03 10.70 10.38 10.08 9.78 9.49 9.20 8.89 8.59
3.91 4.03 4.17 4.34 4.53 4.73 4.95 5.18 5.41 5.64 5.87 6.09 6.31 6.53 6.74 6.95 7.15 7.36 7.58 7.81 8.06 8.34 8.63 8.94 9.28 9.63 9.98 10.32 10.66 10.98 11.30 11.61 11.91 12.20 12.49 12.78 13.07 13.36 13.64 13.92 14.17 14.41 14.63 14.82 14.97 15.08 15.14 15.18 15.18 15.16 15.11 15.04 14.99 14.96 14.95 14.93 14.92 14.89 14.84 14.76 14.66 14.54 14.39 14.21 14.01 13.78 13.51 13.22 12.89 12.53 12.15 11.78 11.42 11.06 10.71 10.38 10.05 9.75 9.45 9.14 8.83 8.52
3.97 4.09 4.23 4.39 4.58 4.79 5.00 5.23 5.45 5.68 5.92 6.15 6.38 6.61 6.85 7.08 7.30 7.53 7.76 8.01 8.28 8.57 8.88 9.22 9.58 9.96 10.33 10.70 11.06 11.42 11.76 12.10 12.43 12.76 13.09 13.42 13.75 14.07 14.37 14.66 14.94 15.19 15.42 15.62 15.79 15.90 15.97 16.00 15.99 15.94 15.86 15.76 15.67 15.59 15.53 15.47 15.41 15.33 15.23 15.12 14.98 14.82 14.65 14.45 14.23 13.98 13.71 13.40 13.07 12.71 12.31 11.91 11.52 11.14 10.77 10.41 10.07 9.76 9.45 9.13 8.81 8.49
4.06 4.16 4.30 4.46 4.65 4.85 5.06 5.28 5.51 5.74 5.98 6.22 6.47 6.72 6.97 7.22 7.48 7.73 7.98 8.25 8.54 8.85 9.18 9.54 9.93 10.34 10.74 11.14 11.53 11.91 12.29 12.65 13.02 13.39 13.76 14.12 14.48 14.82 15.15 15.46 15.75 16.01 16.24 16.45 16.61 16.74 16.81 16.83 16.80 16.72 16.61 16.46 16.33 16.21 16.10 15.99 15.88 15.75 15.61 15.46 15.29 15.11 14.91 14.69 14.45 14.19 13.91 13.60 13.26 12.90 12.51 12.09 11.67 11.26 10.87 10.50 10.14 9.81 9.49 9.17 8.84 8.51
4.16 4.26 4.39 4.55 4.73 4.92 5.13 5.35 5.57 5.81 6.06 6.31 6.57 6.84 7.11 7.39 7.68 7.96 8.25 8.54 8.85 9.18 9.54 9.92 10.34 10.77 11.21 11.63 12.05 12.47 12.87 13.28 13.69 14.10 14.50 14.89 15.27 15.63 15.98 16.30 16.59 16.86 17.09 17.29 17.45 17.57 17.64 17.64 17.60 17.50 17.35 17.16 16.98 16.81 16.65 16.49 16.33 16.16 15.98 15.79 15.59 15.38 15.16 14.92 14.67 14.40 14.11 13.80 13.46 13.11 12.72 12.31 11.88 11.45 11.03 10.64 10.27 9.93 9.59 9.26 8.92 8.59
4.28 4.37 4.50 4.65 4.82 5.01 5.21 5.42 5.65 5.90 6.15 6.42 6.70 6.99 7.28 7.59 7.90 8.22 8.54 8.87 9.21 9.56 9.95 10.36 10.81 11.27 11.74 12.19 12.64 13.09 13.54 13.98 14.43 14.87 15.29 15.71 16.11 16.49 16.84 17.17 17.47 17.74 17.97 18.16 18.31 18.41 18.46 18.46 18.39 18.26 18.07 17.84 17.61 17.39 17.18 16.97 16.76 16.55 16.33 16.11 15.89 15.65 15.41 15.16 14.89 14.61 14.31 14.00 13.67 13.32 12.95 12.55 12.13 11.69 11.25 10.84 10.46 10.10 9.76 9.41 9.06 8.72
4.42 4.51 4.63 4.77 4.93 5.11 5.30 5.52 5.75 6.01 6.27 6.55 6.85 7.16 7.48 7.81 8.16 8.51 8.87 9.24 9.62 10.01 10.42 10.86 11.34 11.84 12.33 12.82 13.31 13.79 14.28 14.76 15.23 15.70 16.15 16.59 17.00 17.39 17.75 18.09 18.39 18.65 18.87 19.05 19.18 19.26 19.29 19.26 19.17 19.00 18.78 18.49 18.21 17.95 17.69 17.43 17.18 16.92 16.67 16.42 16.17 15.92 15.65 15.39 15.11 14.82 14.53 14.21 13.89 13.55 13.19 12.81 12.40 11.98 11.54 11.11 10.71 10.34 9.98 9.63 9.27 8.94
4.59 4.67 4.77 4.90 5.05 5.22 5.42 5.64 5.88 6.14 6.42 6.71 7.03 7.36 7.71 8.07 8.44 8.83 9.24 9.65 10.08 10.51 10.96 11.43 11.94 12.47 13.00 13.52 14.05 14.57 15.09 15.60 16.11 16.59 17.06 17.51 17.94 18.34 18.70 19.04 19.33 19.58 19.79 19.96 20.07 20.12 20.12 20.06 19.93 19.73 19.46 19.13 18.80 18.48 18.17 17.87 17.57 17.29 17.01 16.73 16.45 16.17 15.90 15.62 15.33 15.04 14.74 14.43 14.11 13.78 13.43 13.07 12.69 12.30 11.88 11.45 11.03 10.64 10.28 9.91 9.56 9.26
4.78 4.84 4.93 5.05 5.19 5.36 5.56 5.78 6.02 6.29 6.59 6.90 7.23 7.59 7.96 8.36 8.77 9.20 9.64 10.10 10.57 11.06 11.56 12.07 12.61 13.18 13.74 14.31 14.87 15.43 15.98 16.52 17.04 17.55 18.03 18.49 18.92 19.32 19.69 20.01 20.30 20.54 20.73 20.87 20.96 20.99 20.95 20.85 20.68 20.44 20.13 19.74 19.36 18.99 18.63 18.29 17.96 17.63 17.32 17.02 16.72 16.43 16.13 15.84 15.55 15.26 14.96 14.65 14.34 14.02 13.70 13.35 13.00 12.63 12.25 11.84 11.43 11.03 10.65 10.29 9.97 9.69
4.99 5.03 5.11 5.22 5.35 5.52 5.72 5.95 6.20 6.48 6.79 7.12 7.48 7.86 8.26 8.68 9.13 9.60 10.08 10.59 11.11 11.65 12.21 12.78 13.36 13.97 14.57 15.17 15.77 16.36 16.93 17.49 18.03 18.55 19.05 19.51 19.95 20.34 20.70 21.02 21.29 21.51 21.68 21.80 21.86 21.85 21.78 21.64 21.42 21.13 20.76 20.33 19.89 19.47 19.07 18.69 18.32 17.97 17.63 17.30 16.98 16.67 16.37 16.07 15.77 15.47 15.18 14.88 14.58 14.28 13.97 13.65 13.32 12.98 12.63 12.26 11.88 11.49 11.12 10.78 10.49 10.24
5.21 5.24 5.30 5.40 5.53 5.70 5.89 6.12 6.39 6.68 7.00 7.35 7.73 8.13 8.56 9.02 9.50 10.01 10.53 11.08 11.66 12.25 12.86 13.49 14.12 14.76 15.40 16.04 16.67 17.28 17.88 18.46 19.02 19.55 20.05 20.52 20.95 21.35 21.70 22.00 22.26 22.46 22.61 22.70 22.72 22.68 22.57 22.38 22.12 21.78 21.36 20.88 20.39 19.93 19.48 19.06 18.66 18.28 17.91 17.56 17.22 16.89 16.58 16.27 15.97 15.67 15.38 15.09 14.80 14.51 14.22 13.93 13.63 13.32 13.00 12.67 12.34 12.00 11.67 11.36 11.10 10.87
5.44 5.45 5.49 5.58 5.70 5.86 6.05 6.28 6.55 6.85 7.18 7.54 7.94 8.36 8.82 9.30 9.82 10.36 10.92 11.51 12.13 12.77 13.43 14.11 14.76 15.41 16.08 16.75 17.41 18.06 18.69 19.29 19.87 20.41 20.93 21.40 21.84 22.23 22.58 22.88 23.12 23.31 23.43 23.50 23.49 23.42 23.27 23.05 22.74 22.35 21.90 21.39 20.86 20.35 19.87 19.40 18.97 18.55 18.15 17.78 17.41 17.07 16.74 16.42 16.12 15.82 15.53 15.25 14.97 14.69 14.42 14.14 13.87 13.59 13.30 13.01 12.73 12.47 12.22 11.96 11.71 11.51
