data_processed/recharge/precip/Precip_2012_03.asc
ncols        168
nrows        136
xllcorner    455000
yllcorner    2107000
cellsize     500
NODATA_value     -99999
[rows 35 to 69 of 136, columns 80 to 159 of 168]
12.83 12.07 11.24 10.37 9.46 8.54 7.60 6.68 5.77 4.91 4.09 3.35 2.68 2.10 1.63 1.30 1.12 1.11 1.29 1.64 2.11 2.66 3.28 3.94 4.63 5.34 6.05 6.76 7.48 8.18 8.87 9.53 10.17 10.78 11.34 11.87 12.34 12.76 13.11 13.40 13.60 13.70 13.65 13.45 13.11 12.68 12.20 11.69 11.18 10.72 10.39 10.21 10.17 10.25 10.45 10.75 11.15 11.63 12.19 12.81 13.49 14.21 14.96 15.74 16.53 17.33 18.12 18.89 19.61 20.26 20.82 21.24 21.54 21.70 21.76 21.79 21.83 21.87 21.93 22.00
12.96 12.25 11.47 10.63 9.74 8.83 7.91 6.99 6.08 5.20 4.37 3.59 2.88 2.26 1.75 1.38 1.16 1.10 1.21 1.49 1.89 2.37 2.92 3.53 4.18 4.86 5.54 6.24 6.93 7.61 8.28 8.93 9.56 10.16 10.72 11.25 11.72 12.14 12.50 12.79 12.98 13.03 12.93 12.70 12.33 11.87 11.36 10.83 10.29 9.74 9.26 8.93 8.74 8.69 8.77 8.98 9.29 9.70 10.21 10.79 11.44 12.15 12.91 13.71 14.54 15.39 16.25 17.09 17.89 18.63 19.27 19.79 20.19 20.46 20.62 20.69 20.73 20.79 20.86 20.96
13.03 12.37 11.63 10.83 9.98 9.10 8.19 7.28 6.37 5.49 4.64 3.84 3.11 2.47 1.94 1.54 1.28 1.17 1.22 1.43 1.75 2.17 2.67 3.23 3.83 4.47 5.13 5.80 6.47 7.14 7.79 8.44 9.06 9.65 10.21 10.73 11.21 11.64 12.00 12.27 12.40 12.40 12.27 12.01 11.61 11.12 10.59 10.03 9.46 8.89 8.33 7.85 7.51 7.32 7.29 7.39 7.61 7.95 8.39 8.93 9.55 10.24 11.00 11.82 12.68 13.58 14.49 15.39 16.27 17.08 17.80 18.41 18.89 19.26 19.52 19.68 19.76 19.83 19.91 20.03
13.03 12.42 11.74 10.99 10.18 9.33 8.45 7.55 6.65 5.77 4.92 4.11 3.37 2.72 2.18 1.76 1.47 1.31 1.30 1.44 1.70 2.06 2.50 3.01 3.58 4.18 4.81 5.46 6.11 6.76 7.41 8.04 8.65 9.24 9.80 10.32 10.81 11.23 11.57 11.78 11.87 11.83 11.66 11.36 10.94 10.42 9.87 9.29 8.70 8.10 7.52 6.96 6.48 6.16 5.99 5.98 6.10 6.36 6.74 7.22 7.81 8.48 9.23 10.06 10.96 11.89 12.85 13.81 14.74 15.61 16.40 17.08 17.65 18.10 18.45 18.71 18.88 18.98 19.07 19.20
13.02 12.42 11.79 11.09 10.33 9.52 8.67 7.80 6.92 6.05 5.20 4.39 3.66 3.02 2.47 2.03 1.71 1.51 1.45 1.53 1.72 2.03 2.42 2.88 3.41 3.98 4.59 5.21 5.85 6.49 7.12 7.74 8.35 8.94 9.50 10.02 10.51 10.90 11.18 11.34 11.38 11.30 11.09 10.76 10.32 9.78 9.21 8.60 7.99 7.38 6.77 6.19 5.64 5.18 4.89 4.75 4.78 4.94 5.25 5.67 6.22 6.86 7.61 8.45 9.37 10.34 11.33 12.33 13.30 14.23 15.08 15.82 16.45 16.98 17.41 17.76 18.02 18.20 18.33 18.46
13.01 12.40 11.78 11.13 10.43 9.66 8.85 8.02 7.16 6.31 5.48 4.70 3.99 3.36 2.81 2.36 2.01 1.77 1.66 1.68 1.81 2.06 2.41 2.83 3.32 3.87 4.45 5.06 5.68 6.31 6.93 7.55 8.15 8.74 9.30 9.82 10.27 10.61 10.83 10.94 10.93 10.81 10.57 10.21 9.74 9.19 8.59 7.97 7.34 6.71 6.08 5.48 4.91 4.39 3.97 3.71 3.62 3.70 3.92 4.29 4.78 5.40 6.14 6.99 7.92 8.91 9.93 10.95 11.96 12.93 13.83 14.62 15.31 15.90 16.40 16.82 17.16 17.43 17.64 17.80
13.02 12.39 11.76 11.12 10.47 9.76 9.00 8.20 7.38 6.57 5.78 5.04 4.35 3.73 3.19 2.72 2.35 2.08 1.92 1.88 1.96 2.16 2.47 2.85 3.31 3.84 4.40 5.00 5.61 6.23 6.84 7.45 8.05 8.64 9.20 9.69 10.07 10.35 10.52 10.57 10.52 10.36 10.09 9.71 9.22 8.64 8.03 7.40 6.75 6.10 5.45 4.83 4.25 3.71 3.22 2.85 2.65 2.62 2.76 3.05 3.50 4.10 4.84 5.68 6.61 7.61 8.64 9.68 10.72 11.71 12.64 13.48 14.22 14.86 15.42 15.90 16.31 16.66 16.95 17.19
13.03 12.39 11.75 11.10 10.46 9.81 9.10 8.35 7.59 6.83 6.09 5.39 4.74 4.14 3.60 3.13 2.74 2.43 2.23 2.14 2.17 2.32 2.59 2.94 3.37 3.87 4.42 5.01 5.62 6.24 6.85 7.46 8.06 8.64 9.16 9.58 9.90 10.12 10.23 10.24 10.15 9.95 9.65 9.25 8.74 8.15 7.52 6.87 6.20 5.54 4.88 4.25 3.64 3.09 2.59 2.16 1.85 1.72 1.76 1.99 2.40 2.97 3.69 4.52 5.44 6.43 7.47 8.52 9.56 10.58 11.54 12.40 13.17 13.86 14.47 15.00 15.47 15.88 16.24 16.55
13.06 12.41 11.75 11.10 10.45 9.81 9.16 8.48 7.78 7.09 6.42 5.76 5.14 4.56 4.03 3.56 3.15 2.82 2.58 2.43 2.42 2.53 2.76 3.09 3.50 3.98 4.52 5.10 5.71 6.33 6.96 7.57 8.17 8.71 9.15 9.51 9.76 9.92 9.98 9.95 9.81 9.58 9.25 8.82 8.30 7.70 7.06 6.39 5.71 5.03 4.36 3.71 3.10 2.53 2.02 1.57 1.21 0.98 0.94 1.11 1.48 2.02 2.70 3.51 4.41 5.38 6.41 7.46 8.50 9.53 10.50 11.38 12.18 12.89 13.54 14.11 14.63 15.10 15.51 15.89
13.10 12.43 11.77 11.10 10.45 9.81 9.18 8.58 7.97 7.36 6.74 6.14 5.55 5.00 4.48 4.01 3.59 3.24 2.96 2.77 2.71 2.79 2.98 3.28 3.67 4.14 4.67 5.25 5.86 6.50 7.14 7.77 8.33 8.79 9.17 9.45 9.65 9.75 9.76 9.68 9.51 9.25 8.89 8.44 7.90 7.29 6.64 5.96 5.27 4.58 3.90 3.24 2.61 2.03 1.51 1.05 0.68 0.41 0.31 0.42 0.74 1.23 1.87 2.64 3.51 4.46 5.47 6.50 7.54 8.56 9.53 10.42 11.23 11.97 12.64 13.24 13.80 14.30 14.77 15.20
13.16 12.48 11.80 11.13 10.47 9.83 9.23 8.68 8.15 7.61 7.06 6.51 5.97 5.44 4.94 4.47 4.05 3.67 3.36 3.13 3.03 3.08 3.24 3.52 3.90 4.35 4.88 5.46 6.08 6.73 7.39 7.99 8.49 8.89 9.20 9.42 9.55 9.60 9.57 9.45 9.24 8.95 8.57 8.10 7.54 6.92 6.26 5.57 4.87 4.17 3.48 2.81 2.18 1.59 1.05 0.59 0.22 0.00 0.00 0.00 0.18 0.61 1.20 1.92 2.75 3.66 4.64 5.64 6.66 7.67 8.63 9.52 10.33 11.08 11.76 12.39 12.97 13.51 14.01 14.49
13.22 12.53 11.85 11.17 10.51 9.90 9.33 8.81 8.32 7.85 7.37 6.88 6.38 5.88 5.40 4.94 4.51 4.13 3.79 3.52 3.38 3.39 3.54 3.80 4.16 4.61 5.14 5.72 6.36 7.02 7.64 8.19 8.64 9.00 9.25 9.40 9.48 9.48 9.40 9.24 9.00 8.68 8.27 7.79 7.22 6.59 5.92 5.23 4.52 3.81 3.12 2.44 1.80 1.20 0.66 0.20 0.00 0.00 0.00 0.00 0.00 0.16 0.68 1.34 2.12 2.99 3.92 4.89 5.88 6.86 7.80 8.67 9.48 10.22 10.91 11.55 12.14 12.70 13.23 13.74
13.30 12.60 11.91 11.24 10.61 10.02 9.48 8.97 8.51 8.08 7.66 7.23 6.78 6.32 5.86 5.41 4.99 4.58 4.22 3.92 3.75 3.74 3.86 4.10 4.46 4.91 5.43 6.03 6.67 7.30 7.87 8.36 8.77 9.08 9.30 9.41 9.43 9.38 9.26 9.06 8.78 8.44 8.01 7.51 6.94 6.30 5.63 4.93 4.21 3.50 2.80 2.11 1.47 0.86 0.34 0.00 0.00 0.00 0.00 0.00 0.00 0.00 0.32 0.92 1.63 2.44 3.32 4.24 5.19 6.13 7.04 7.89 8.68 9.40 10.08 10.72 11.32 11.89 12.43 12.96
13.40 12.69 12.00 11.35 10.75 10.19 9.67 9.19 8.74 8.32 7.94 7.56 7.16 6.74 6.31 5.88 5.45 5.04 4.66 4.33 4.13 4.09 4.20 4.43 4.78 5.23 5.77 6.37 6.98 7.54 8.04 8.48 8.85 9.13 9.32 9.41 9.40 9.30 9.13 8.90 8.60 8.22 7.78 7.27 6.69 6.04 5.37 4.66 3.95 3.23 2.52 1.84 1.19 0.60 0.11 0.00 0.00 0.00 0.00 0.00 0.00 0.00 0.12 0.63 1.27 2.01 2.82 3.69 4.58 5.48 6.35 7.16 7.92 8.62 9.28 9.90 10.50 11.06 11.61 12.16
13.51 12.80 12.14 11.52 10.94 10.40 9.90 9.44 9.00 8.60 8.22 7.87 7.51 7.14 6.74 6.33 5.91 5.50 5.09 4.73 4.51 4.46 4.55 4.77 5.12 5.58 6.12 6.68 7.22 7.71 8.16 8.56 8.88 9.14 9.31 9.38 9.36 9.24 9.03 8.76 8.43 8.04 7.58 7.05 6.46 5.82 5.14 4.44 3.72 3.00 2.29 1.60 0.97 0.43 0.00 0.00 0.00 0.00 0.00 0.00 0.00 0.00 0.07 0.50 1.05 1.71 2.45 3.24 4.07 4.91 5.72 6.49 7.20 7.87 8.50 9.10 9.68 10.23 10.79 11.35
13.64 12.96 12.32 11.73 11.17 10.66 10.17 9.72 9.30 8.91 8.53 8.18 7.85 7.51 7.15 6.76 6.35 5.93 5.52 5.14 4.89 4.82 4.90 5.13 5.48 5.93 6.43 6.92 7.39 7.82 8.22 8.57 8.86 9.09 9.24 9.31 9.29 9.17 8.95 8.65 8.29 7.87 7.40 6.87 6.27 5.63 4.95 4.25 3.53 2.81 2.10 1.44 0.86 0.38 0.00 0.00 0.00 0.00 0.00 0.00 0.00 0.00 0.12 0.50 0.96 1.52 2.18 2.89 3.65 4.42 5.17 5.88 6.54 7.16 7.75 8.31 8.86 9.41 9.97 10.54
13.82 13.17 12.56 11.99 11.45 10.95 10.48 10.04 9.63 9.24 8.87 8.52 8.18 7.85 7.52 7.16 6.77 6.35 5.93 5.52 5.26 5.18 5.26 5.48 5.83 6.24 6.66 7.07 7.47 7.85 8.20 8.51 8.77 8.98 9.12 9.18 9.17 9.06 8.85 8.55 8.17 7.73 7.24 6.70 6.11 5.47 4.79 4.09 3.37 2.66 1.97 1.37 0.86 0.44 0.11 0.00 0.00 0.00 0.00 0.00 0.00 0.00 0.27 0.60 0.99 1.46 2.02 2.65 3.31 4.00 4.68 5.32 5.92 6.48 7.02 7.54 8.07 8.61 9.17 9.74
14.05 13.43 12.84 12.29 11.77 11.29 10.83 10.40 9.99 9.60 9.23 8.87 8.53 8.19 7.86 7.52 7.15 6.74 6.31 5.89 5.62 5.53 5.60 5.82 6.12 6.45 6.78 7.13 7.47 7.79 8.10 8.37 8.61 8.80 8.93 8.99 8.99 8.90 8.72 8.44 8.06 7.61 7.11 6.57 5.97 5.34 4.66 3.96 3.25 2.56 1.95 1.42 0.97 0.61 0.32 0.10 0.00 0.00 0.00 0.00 0.07 0.25 0.49 0.78 1.13 1.52 1.98 2.50 3.07 3.66 4.26 4.81 5.34 5.83 6.31 6.80 7.32 7.86 8.41 8.99
14.33 13.73 13.16 12.63 12.13 11.65 11.20 10.78 10.37 9.98 9.60 9.24 8.89 8.54 8.20 7.85 7.49 7.10 6.66 6.23 5.95 5.85 5.92 6.09 6.30 6.54 6.80 7.08 7.36 7.64 7.90 8.15 8.36 8.53 8.66 8.73 8.74 8.67 8.52 8.28 7.94 7.50 7.00 6.45 5.86 5.23 4.56 3.87 3.19 2.57 2.04 1.58 1.19 0.88 0.63 0.45 0.33 0.27 0.27 0.33 0.43 0.59 0.80 1.04 1.34 1.67 2.03 2.45 2.91 3.40 3.90 4.37 4.81 5.23 5.66 6.13 6.63 7.16 7.71 8.28
14.66 14.08 13.53 13.01 12.52 12.05 11.60 11.18 10.77 10.38 10.00 9.63 9.26 8.90 8.53 8.17 7.80 7.41 6.98 6.54 6.25 6.14 6.15 6.23 6.35 6.51 6.70 6.91 7.14 7.38 7.60 7.82 8.02 8.18 8.31 8.39 8.41 8.37 8.26 8.06 7.77 7.39 6.90 6.35 5.77 5.14 4.48 3.83 3.23 2.70 2.24 1.85 1.52 1.25 1.05 0.89 0.79 0.75 0.75 0.79 0.88 1.01 1.18 1.38 1.62 1.88 2.17 2.49 2.84 3.22 3.61 3.97 4.32 4.69 5.10 5.54 6.02 6.53 7.07 7.63
15.03 14.46 13.93 13.42 12.94 12.47 12.03 11.61 11.20 10.80 10.40 10.02 9.64 9.26 8.87 8.48 8.09 7.68 7.25 6.81 6.50 6.34 6.25 6.23 6.26 6.35 6.47 6.63 6.81 7.00 7.19 7.39 7.57 7.73 7.86 7.95 8.00 7.99 7.91 7.76 7.53 7.21 6.79 6.27 5.70 5.08 4.46 3.89 3.38 2.94 2.55 2.23 1.95 1.73 1.56 1.43 1.35 1.31 1.31 1.35 1.41 1.51 1.64 1.79 1.97 2.17 2.38 2.61 2.85 3.11 3.38 3.64 3.92 4.25 4.63 5.05 5.50 5.99 6.51 7.06
15.44 14.89 14.36 13.86 13.38 12.93 12.48 12.05 11.64 11.23 10.82 10.42 10.02 9.62 9.21 8.79 8.37 7.93 7.47 7.01 6.65 6.38 6.19 6.08 6.03 6.05 6.11 6.21 6.34 6.50 6.66 6.84 7.01 7.17 7.31 7.42 7.49 7.51 7.48 7.38 7.21 6.96 6.62 6.18 5.64 5.07 4.54 4.07 3.65 3.29 2.97 2.71 2.49 2.31 2.17 2.07 2.00 1.97 1.96 1.98 2.03 2.09 2.18 2.28 2.39 2.52 2.65 2.79 2.93 3.08 3.23 3.41 3.65 3.94 4.28 4.66 5.09 5.55 6.05 6.58
15.85 15.31 14.80 14.31 13.83 13.37 12.93 12.49 12.07 11.65 11.23 10.81 10.39 9.97 9.53 9.09 8.63 8.16 7.67 7.17 6.71 6.33 6.05 5.85 5.72 5.67 5.67 5.71 5.80 5.92 6.07 6.22 6.39 6.55 6.69 6.82 6.92 6.98 6.99 6.95 6.84 6.66 6.40 6.05 5.60 5.12 4.70 4.32 3.99 3.71 3.46 3.26 3.09 2.95 2.84 2.76 2.70 2.67 2.66 2.66 2.68 2.71 2.75 2.80 2.85 2.90 2.95 2.99 3.03 3.08 3.16 3.30 3.49 3.74 4.04 4.39 4.78 5.22 5.69 6.20
16.20 15.68 15.17 14.69 14.22 13.77 13.32 12.89 12.46 12.03 11.60 11.17 10.73 10.28 9.83 9.36 8.87 8.36 7.85 7.34 6.83 6.36 5.98 5.69 5.48 5.35 5.29 5.28 5.32 5.40 5.52 5.66 5.81 5.97 6.12 6.26 6.38 6.48 6.53 6.54 6.49 6.38 6.20 5.93 5.57 5.18 4.86 4.58 4.33 4.12 3.94 3.79 3.67 3.57 3.49 3.42 3.38 3.34 3.32 3.30 3.29 3.28 3.28 3.26 3.25 3.22 3.19 3.14 3.08 3.08 3.16 3.27 3.42 3.63 3.89 4.20 4.57 4.97 5.42 5.91
16.48 15.97 15.48 15.01 14.55 14.11 13.67 13.23 12.80 12.36 11.92 11.48 11.03 10.57 10.09 9.59 9.08 8.56 8.03 7.51 6.99 6.48 6.01 5.62 5.33 5.12 4.99 4.92 4.92 4.96 5.04 5.16 5.29 5.44 5.60 5.76 5.90 6.02 6.12 6.17 6.18 6.14 6.03 5.84 5.56 5.25 5.00 4.81 4.65 4.51 4.39 4.30 4.22 4.15 4.09 4.05 4.01 3.97 3.93 3.90 3.85 3.80 3.75 3.67 3.59 3.48 3.36 3.22 3.13 3.12 3.20 3.30 3.43 3.60 3.82 4.10 4.43 4.81 5.23 5.69
16.69 16.20 15.73 15.28 14.83 14.39 13.96 13.53 13.09 12.66 12.21 11.76 11.30 10.82 10.33 9.81 9.29 8.75 8.22 7.68 7.15 6.63 6.12 5.65 5.27 4.98 4.78 4.65 4.59 4.59 4.63 4.72 4.84 4.98 5.14 5.30 5.46 5.61 5.74 5.84 5.91 5.92 5.88 5.77 5.56 5.33 5.15 5.03 4.94 4.87 4.81 4.77 4.73 4.70 4.66 4.63 4.60 4.55 4.50 4.44 4.36 4.27 4.16 4.02 3.86 3.68 3.47 3.30 3.21 3.20 3.27 3.37 3.50 3.64 3.83 4.07 4.37 4.71 5.11 5.55
16.84 16.38 15.93 15.49 15.06 14.64 14.21 13.78 13.36 12.92 12.47 12.02 11.55 11.06 10.55 10.02 9.49 8.95 8.40 7.86 7.32 6.78 6.26 5.75 5.29 4.92 4.64 4.45 4.33 4.28 4.29 4.35 4.45 4.58 4.73 4.90 5.08 5.25 5.41 5.55 5.67 5.74 5.76 5.71 5.58 5.42 5.31 5.24 5.21 5.21 5.21 5.21 5.21 5.21 5.20 5.17 5.14 5.09 5.02 4.93 4.81 4.67 4.51 4.31 4.07 3.81 3.58 3.41 3.32 3.31 3.38 3.47 3.59 3.74 3.90 4.11 4.37 4.69 5.06 5.48
16.93 16.50 16.08 15.66 15.25 14.84 14.43 14.01 13.59 13.16 12.71 12.25 11.77 11.28 10.76 10.23 9.69 9.14 8.59 8.03 7.48 6.93 6.40 5.89 5.39 4.95 4.59 4.33 4.15 4.05 4.02 4.04 4.11 4.23 4.38 4.55 4.73 4.93 5.12 5.30 5.46 5.59 5.67 5.68 5.61 5.51 5.46 5.45 5.48 5.52 5.57 5.62 5.66 5.68 5.69 5.67 5.64 5.57 5.48 5.36 5.21 5.02 4.80 4.53 4.23 3.94 3.71 3.55 3.46 3.45 3.52 3.61 3.72 3.86 4.02 4.22 4.45 4.74 5.08 5.48
16.98 16.58 16.18 15.79 15.40 15.01 14.61 14.21 13.80 13.37 12.93 12.47 11.99 11.49 10.97 10.44 9.89 9.34 8.77 8.21 7.64 7.09 6.55 6.02 5.52 5.04 4.62 4.28 4.04 3.89 3.81 3.79 3.84 3.94 4.07 4.24 4.44 4.65 4.86 5.08 5.29 5.47 5.60 5.66 5.65 5.62 5.62 5.66 5.73 5.82 5.91 6.00 6.07 6.12 6.14 6.13 6.09 6.01 5.90 5.75 5.55 5.31 5.02 4.70 4.37 4.10 3.88 3.73 3.64 3.63 3.69 3.78 3.88 4.02 4.17 4.36 4.58 4.84 5.16 5.53
17.03 16.62 16.25 15.89 15.52 15.15 14.77 14.39 13.99 13.57 13.14 12.68 12.20 11.70 11.18 10.64 10.09 9.53 8.95 8.38 7.81 7.24 6.69 6.16 5.65 5.17 4.71 4.31 4.01 3.79 3.66 3.61 3.62 3.70 3.82 3.99 4.18 4.41 4.66 4.91 5.16 5.38 5.55 5.67 5.71 5.73 5.78 5.87 5.98 6.10 6.23 6.35 6.44 6.51 6.55 6.54 6.49 6.40 6.26 6.07 5.83 5.54 5.20 4.85 4.55 4.29 4.08 3.93 3.85 3.84 3.89 3.97 4.08 4.20 4.36 4.54 4.75 5.00 5.29 5.64
17.13 16.67 16.30 15.96 15.62 15.28 14.92 14.55 14.16 13.76 13.34 12.88 12.41 11.90 11.38 10.84 10.28 9.71 9.13 8.55 7.97 7.40 6.84 6.30 5.78 5.29 4.83 4.41 4.04 3.76 3.58 3.49 3.46 3.51 3.62 3.78 3.98 4.22 4.50 4.78 5.06 5.32 5.53 5.69 5.78 5.84 5.94 6.07 6.21 6.37 6.52 6.66 6.78 6.87 6.91 6.90 6.85 6.74 6.57 6.34 6.06 5.72 5.36 5.04 4.75 4.51 4.31 4.17 4.08 4.07 4.12 4.20 4.29 4.42 4.56 4.74 4.95 5.19 5.47 5.80
17.27 16.77 16.35 16.01 15.70 15.38 15.05 14.70 14.34 13.95 13.53 13.08 12.61 12.10 11.58 11.03 10.47 9.90 9.31 8.72 8.13 7.55 6.98 6.44 5.92 5.42 4.95 4.52 4.13 3.80 3.56 3.42 3.36 3.38 3.47 3.62 3.83 4.09 4.38 4.69 5.00 5.29 5.54 5.73 5.86 5.97 6.10 6.27 6.44 6.62 6.80 6.96 7.09 7.18 7.23 7.22 7.15 7.02 6.82 6.56 6.23 5.88 5.55 5.25 4.98 4.75 4.56 4.43 4.35 4.33 4.37 4.45 4.54 4.66 4.80 4.97 5.18 5.41 5.69 6.01
17.47 16.92 16.46 16.08 15.77 15.48 15.18 14.85 14.51 14.13 13.72 13.27 12.80 12.30 11.77 11.22 10.66 10.07 9.48 8.88 8.28 7.70 7.13 6.58 6.05 5.55 5.08 4.64 4.25 3.89 3.61 3.41 3.31 3.30 3.37 3.52 3.74 4.01 4.32 4.64 4.97 5.28 5.56 5.79 5.96 6.10 6.27 6.46 6.66 6.86 7.05 7.22 7.36 7.46 7.51 7.49 7.41 7.25 7.02 6.72 6.39 6.07 5.77 5.49 5.24 5.02 4.84 4.71 4.64 4.62 4.65 4.72 4.81 4.92 5.06 5.23 5.42 5.66 5.93 6.24
17.71 17.13 16.63 16.21 15.87 15.58 15.30 15.01 14.67 14.30 13.90 13.46 12.98 12.48 11.95 11.40 10.84 10.25 9.65 9.04 8.43 7.84 7.27 6.71 6.18 5.67 5.20 4.76 4.36 4.01 3.70 3.46 3.32 3.27 3.33 3.48 3.70 3.98 4.30 4.64 4.98 5.31 5.62 5.87 6.07 6.24 6.43 6.65 6.86 7.08 7.28 7.46 7.60 7.70 7.74 7.71 7.61 7.43 7.17 6.88 6.58 6.29 6.01 5.75 5.52 5.31 5.15 5.02 4.95 4.93 4.96 5.02 5.10 5.21 5.34 5.50 5.70 5.92 6.19 6.50
17.99 17.38 16.86 16.41 16.03 15.71 15.43 15.15 14.83 14.47 14.07 13.63 13.16 12.66 12.13 11.58 11.01 10.42 9.81 9.20 8.58 7.99 7.40 6.84 6.30 5.80 5.32 4.88 4.48 4.12 3.81 3.56 3.38 3.32 3.37 3.51 3.72 4.00 4.32 4.67 5.02 5.37 5.69 5.97 6.19 6.38 6.60 6.83 7.06 7.28 7.49 7.67 7.81 7.90 7.93 7.89 7.77 7.56 7.31 7.05 6.79 6.53 6.27 6.04 5.82 5.63 5.47 5.35 5.28 5.26 5.29 5.34 5.42 5.52 5.64 5.80 5.99 6.21 6.47 6.78
