data_processed/recharge/precip/Precip_2009_10.asc
ncols        168
nrows        136
xllcorner    455000
yllcorner    2107000
cellsize     500
NODATA_value     -99999
[rows 66 to 98 of 136, columns 76 to 151 of 168]
51.00 48.58 46.88 45.81 45.31 45.33 45.79 46.62 47.77 49.16 50.71 52.31 53.82 55.09 56.08 56.82 57.33 57.64 57.77 57.75 57.61 57.36 57.04 56.67 56.28 55.90 55.54 55.19 54.87 54.57 54.30 54.05 53.83 53.64 53.48 53.35 53.22 53.05 52.77 52.37 51.85 51.22 50.49 49.67 48.78 47.81 46.80 45.73 44.63 43.52 42.58 41.92 41.54 41.44 41.59 41.98 42.60 43.44 44.48 45.72 47.12 48.68 50.29 51.86 53.32 54.65 55.87 56.99 58.00 58.93 59.79 60.57 61.31 62.00 62.65 63.28
51.28 48.84 47.10 45.98 45.42 45.36 45.73 46.46 47.48 48.72 50.04 51.39 52.74 54.01 55.04 55.82 56.36 56.70 56.86 56.86 56.73 56.50 56.18 55.81 55.42 55.04 54.67 54.32 53.99 53.67 53.38 53.12 52.88 52.66 52.48 52.29 52.06 51.77 51.43 51.00 50.46 49.80 49.05 48.21 47.29 46.31 45.27 44.18 43.06 41.92 40.96 40.30 39.93 39.85 40.04 40.49 41.18 42.10 43.24 44.59 46.10 47.69 49.28 50.84 52.36 53.77 55.05 56.22 57.29 58.26 59.15 59.97 60.72 61.42 62.08 62.71
51.69 49.26 47.50 46.36 45.76 45.65 45.95 46.60 47.50 48.53 49.61 50.73 51.86 52.98 54.01 54.82 55.40 55.77 55.95 55.98 55.86 55.64 55.33 54.97 54.57 54.19 53.81 53.45 53.11 52.79 52.48 52.20 51.94 51.70 51.46 51.17 50.84 50.45 50.02 49.54 48.99 48.34 47.58 46.74 45.82 44.83 43.78 42.69 41.56 40.42 39.46 38.82 38.49 38.45 38.70 39.23 40.01 41.03 42.29 43.75 45.30 46.86 48.41 49.95 51.45 52.91 54.25 55.48 56.60 57.61 58.53 59.38 60.15 60.86 61.53 62.15
52.23 49.82 48.08 46.94 46.33 46.19 46.44 47.01 47.72 48.52 49.38 50.28 51.20 52.13 53.04 53.85 54.46 54.86 55.07 55.11 55.01 54.80 54.50 54.14 53.75 53.36 52.98 52.61 52.26 51.92 51.60 51.30 51.02 50.73 50.40 50.02 49.59 49.12 48.61 48.06 47.49 46.84 46.10 45.28 44.37 43.40 42.37 41.29 40.18 39.05 38.12 37.51 37.23 37.26 37.59 38.21 39.10 40.25 41.62 43.11 44.62 46.14 47.66 49.17 50.65 52.10 53.48 54.76 55.92 56.98 57.93 58.80 59.59 60.31 60.98 61.60
52.87 50.52 48.82 47.70 47.10 46.96 47.16 47.56 48.06 48.65 49.31 50.01 50.74 51.49 52.23 52.94 53.55 53.98 54.21 54.28 54.20 54.00 53.71 53.35 52.95 52.56 52.18 51.80 51.44 51.09 50.76 50.44 50.11 49.74 49.32 48.85 48.34 47.80 47.22 46.62 45.99 45.34 44.64 43.85 42.98 42.04 41.04 40.00 38.92 37.84 36.94 36.39 36.18 36.30 36.73 37.46 38.48 39.75 41.15 42.60 44.07 45.55 47.03 48.50 49.95 51.37 52.75 54.06 55.27 56.36 57.35 58.24 59.04 59.77 60.44 61.06
53.62 51.34 49.70 48.63 48.07 47.91 47.97 48.16 48.47 48.87 49.34 49.87 50.44 51.02 51.61 52.18 52.70 53.13 53.39 53.48 53.42 53.23 52.95 52.59 52.20 51.81 51.42 51.04 50.66 50.30 49.95 49.59 49.19 48.73 48.24 47.70 47.13 46.53 45.90 45.25 44.58 43.90 43.21 42.47 41.66 40.78 39.84 38.85 37.83 36.79 35.96 35.49 35.37 35.60 36.15 37.01 38.16 39.45 40.81 42.20 43.62 45.05 46.49 47.93 49.34 50.73 52.09 53.39 54.62 55.75 56.76 57.68 58.50 59.23 59.90 60.51
54.45 52.27 50.72 49.73 49.18 48.89 48.76 48.77 48.90 49.13 49.44 49.82 50.24 50.69 51.14 51.58 52.00 52.36 52.62 52.73 52.69 52.51 52.24 51.89 51.50 51.10 50.71 50.32 49.94 49.56 49.18 48.75 48.27 47.75 47.19 46.60 45.98 45.33 44.66 43.98 43.29 42.59 41.88 41.18 40.44 39.63 38.77 37.85 36.90 35.95 35.20 34.82 34.82 35.17 35.86 36.85 38.02 39.26 40.56 41.89 43.26 44.64 46.04 47.43 48.81 50.17 51.50 52.78 54.00 55.14 56.19 57.12 57.95 58.69 59.35 59.96
55.35 53.31 51.87 50.93 50.27 49.81 49.51 49.35 49.32 49.41 49.58 49.82 50.11 50.44 50.78 51.12 51.44 51.72 51.93 52.04 52.02 51.86 51.59 51.24 50.85 50.45 50.06 49.66 49.27 48.87 48.42 47.92 47.38 46.81 46.20 45.57 44.91 44.24 43.55 42.84 42.14 41.43 40.73 40.03 39.34 38.62 37.85 37.04 36.18 35.32 34.67 34.42 34.54 35.04 35.86 36.88 37.99 39.16 40.39 41.67 42.98 44.31 45.66 47.01 48.35 49.67 50.97 52.22 53.41 54.55 55.60 56.55 57.40 58.14 58.80 59.39
56.32 54.43 53.08 52.05 51.23 50.61 50.15 49.86 49.69 49.64 49.69 49.82 50.01 50.24 50.49 50.75 50.99 51.20 51.35 51.43 51.42 51.27 51.01 50.67 50.28 49.88 49.48 49.08 48.66 48.20 47.69 47.15 46.56 45.95 45.31 44.65 43.97 43.28 42.57 41.87 41.16 40.46 39.77 39.09 38.43 37.79 37.13 36.42 35.69 34.94 34.41 34.29 34.57 35.20 36.05 37.00 38.03 39.13 40.30 41.51 42.76 44.04 45.34 46.64 47.94 49.22 50.48 51.70 52.87 53.98 55.03 55.98 56.83 57.58 58.23 58.81
57.34 55.57 54.15 52.97 52.01 51.25 50.66 50.24 49.96 49.81 49.75 49.79 49.89 50.04 50.23 50.42 50.60 50.76 50.88 50.93 50.90 50.76 50.51 50.18 49.79 49.39 48.98 48.56 48.09 47.58 47.03 46.45 45.83 45.20 44.54 43.86 43.17 42.48 41.78 41.08 40.39 39.71 39.04 38.39 37.77 37.18 36.61 36.04 35.43 34.82 34.44 34.47 34.89 35.55 36.32 37.18 38.14 39.17 40.26 41.41 42.60 43.82 45.06 46.32 47.57 48.81 50.03 51.21 52.36 53.44 54.46 55.40 56.25 57.00 57.64 58.21
58.34 56.52 54.96 53.65 52.56 51.68 50.99 50.47 50.09 49.85 49.72 49.68 49.72 49.81 49.94 50.09 50.24 50.37 50.47 50.51 50.47 50.34 50.11 49.77 49.39 48.98 48.56 48.09 47.59 47.04 46.46 45.86 45.23 44.58 43.91 43.23 42.55 41.87 41.19 40.51 39.85 39.20 38.57 37.97 37.40 36.86 36.37 35.90 35.45 34.99 34.77 34.96 35.39 35.96 36.64 37.43 38.30 39.25 40.27 41.35 42.48 43.64 44.82 46.02 47.23 48.42 49.60 50.75 51.85 52.91 53.90 54.82 55.66 56.40 57.03 57.58
59.10 57.15 55.48 54.05 52.86 51.88 51.10 50.49 50.04 49.73 49.54 49.45 49.44 49.50 49.60 49.73 49.86 49.99 50.08 50.13 50.11 50.00 49.79 49.47 49.08 48.67 48.21 47.71 47.18 46.61 46.02 45.40 44.77 44.12 43.46 42.80 42.14 41.48 40.83 40.19 39.57 38.97 38.40 37.85 37.35 36.88 36.46 36.09 35.76 35.47 35.41 35.61 35.95 36.43 37.02 37.71 38.50 39.37 40.32 41.32 42.38 43.48 44.60 45.74 46.90 48.04 49.17 50.28 51.35 52.37 53.34 54.23 55.05 55.77 56.39 56.93
59.50 57.45 55.67 54.15 52.87 51.81 50.96 50.29 49.78 49.42 49.19 49.07 49.03 49.07 49.16 49.29 49.43 49.57 49.68 49.75 49.77 49.70 49.54 49.26 48.87 48.43 47.95 47.43 46.88 46.31 45.72 45.10 44.48 43.85 43.21 42.58 41.95 41.33 40.72 40.13 39.57 39.03 38.53 38.06 37.63 37.25 36.92 36.65 36.43 36.27 36.22 36.32 36.56 36.94 37.43 38.03 38.74 39.53 40.39 41.32 42.31 43.34 44.40 45.48 46.58 47.67 48.76 49.82 50.85 51.83 52.77 53.63 54.42 55.13 55.73 56.28
59.89 57.73 55.86 54.25 52.89 51.75 50.83 50.10 49.54 49.14 48.87 48.71 48.66 48.68 48.77 48.89 49.04 49.19 49.33 49.43 49.48 49.46 49.35 49.07 48.62 48.16 47.67 47.15 46.61 46.05 45.47 44.88 44.29 43.69 43.09 42.50 41.92 41.36 40.82 40.30 39.81 39.35 38.93 38.56 38.23 37.95 37.73 37.56 37.45 37.33 37.22 37.21 37.35 37.62 38.02 38.53 39.14 39.84 40.62 41.48 42.39 43.34 44.34 45.36 46.40 47.43 48.47 49.48 50.47 51.42 52.31 53.15 53.91 54.59 55.17 55.72
60.58 58.31 56.32 54.61 53.16 51.94 50.94 50.14 49.52 49.06 48.74 48.55 48.46 48.46 48.52 48.64 48.79 48.94 49.09 49.22 49.30 49.31 49.18 48.81 48.28 47.77 47.29 46.80 46.28 45.75 45.21 44.66 44.12 43.57 43.04 42.51 42.01 41.52 41.06 40.63 40.24 39.88 39.57 39.30 39.09 38.94 38.84 38.80 38.73 38.60 38.46 38.39 38.42 38.59 38.88 39.29 39.81 40.42 41.12 41.89 42.72 43.60 44.53 45.48 46.46 47.44 48.41 49.38 50.32 51.22 52.08 52.88 53.61 54.26 54.80 55.32
61.52 59.18 57.08 55.26 53.70 52.39 51.30 50.42 49.72 49.20 48.82 48.58 48.45 48.41 48.45 48.54 48.67 48.83 48.98 49.11 49.20 49.19 48.95 48.48 47.86 47.31 46.83 46.37 45.90 45.42 44.94 44.46 43.98 43.51 43.06 42.62 42.21 41.82 41.46 41.14 40.86 40.63 40.45 40.31 40.24 40.23 40.27 40.28 40.20 40.04 39.89 39.80 39.76 39.82 40.01 40.32 40.74 41.26 41.87 42.55 43.30 44.11 44.96 45.84 46.75 47.66 48.58 49.49 50.38 51.24 52.05 52.81 53.51 54.11 54.62 55.11
62.65 60.30 58.13 56.19 54.52 53.10 51.91 50.93 50.16 49.55 49.11 48.80 48.62 48.53 48.53 48.60 48.71 48.84 48.98 49.11 49.16 49.02 48.67 48.09 47.38 46.79 46.31 45.89 45.49 45.08 44.68 44.28 43.89 43.52 43.17 42.84 42.54 42.27 42.04 41.85 41.71 41.62 41.58 41.60 41.69 41.83 41.92 41.92 41.82 41.66 41.49 41.38 41.31 41.31 41.39 41.60 41.91 42.34 42.85 43.44 44.11 44.83 45.61 46.42 47.25 48.10 48.96 49.81 50.65 51.46 52.22 52.94 53.57 54.12 54.60 55.05
63.93 61.60 59.42 57.40 55.60 54.06 52.77 51.69 50.82 50.13 49.60 49.22 48.97 48.83 48.78 48.80 48.88 48.99 49.11 49.17 49.08 48.81 48.34 47.66 46.87 46.24 45.76 45.38 45.05 44.74 44.44 44.15 43.87 43.62 43.39 43.19 43.02 42.89 42.81 42.77 42.79 42.86 42.99 43.19 43.43 43.63 43.72 43.70 43.59 43.41 43.23 43.10 43.02 42.98 43.00 43.10 43.32 43.64 44.05 44.55 45.13 45.77 46.46 47.19 47.96 48.74 49.53 50.32 51.10 51.85 52.56 53.21 53.78 54.29 54.72 55.15
65.34 63.03 60.86 58.83 56.95 55.29 53.87 52.68 51.70 50.92 50.30 49.84 49.51 49.31 49.20 49.16 49.19 49.26 49.30 49.22 48.98 48.58 47.99 47.20 46.34 45.66 45.18 44.84 44.60 44.41 44.23 44.07 43.93 43.81 43.72 43.67 43.66 43.69 43.78 43.91 44.11 44.36 44.68 45.06 45.37 45.56 45.63 45.60 45.48 45.29 45.10 44.96 44.86 44.80 44.79 44.82 44.93 45.14 45.46 45.87 46.35 46.90 47.51 48.16 48.85 49.56 50.28 51.00 51.72 52.41 53.04 53.61 54.13 54.58 54.98 55.37
66.89 64.60 62.45 60.42 58.52 56.77 55.23 53.91 52.82 51.92 51.20 50.65 50.24 49.95 49.77 49.68 49.65 49.62 49.50 49.25 48.87 48.33 47.63 46.74 45.80 45.08 44.61 44.31 44.16 44.09 44.07 44.06 44.07 44.11 44.19 44.31 44.48 44.69 44.96 45.29 45.69 46.15 46.66 47.10 47.41 47.59 47.65 47.61 47.48 47.28 47.08 46.92 46.80 46.73 46.69 46.69 46.73 46.84 47.06 47.36 47.75 48.21 48.73 49.30 49.90 50.54 51.19 51.84 52.48 53.08 53.63 54.13 54.58 54.98 55.34 55.70
68.55 66.29 64.16 62.14 60.24 58.46 56.82 55.38 54.16 53.14 52.31 51.66 51.15 50.77 50.51 50.34 50.19 49.99 49.69 49.29 48.76 48.10 47.28 46.29 45.27 44.52 44.05 43.80 43.73 43.80 43.95 44.13 44.32 44.55 44.81 45.12 45.48 45.90 46.38 46.93 47.54 48.20 48.79 49.23 49.53 49.69 49.74 49.69 49.55 49.35 49.14 48.97 48.84 48.75 48.69 48.66 48.67 48.72 48.82 49.03 49.32 49.68 50.11 50.59 51.11 51.66 52.24 52.81 53.35 53.86 54.32 54.74 55.13 55.48 55.80 56.13
70.33 68.10 65.98 63.97 62.07 60.29 58.62 57.08 55.72 54.58 53.63 52.85 52.24 51.76 51.41 51.10 50.77 50.38 49.91 49.34 48.67 47.88 46.95 45.86 44.77 43.98 43.52 43.32 43.34 43.54 43.86 44.26 44.68 45.12 45.59 46.11 46.70 47.34 48.05 48.83 49.65 50.40 50.99 51.42 51.70 51.86 51.90 51.84 51.69 51.49 51.27 51.09 50.95 50.84 50.76 50.72 50.70 50.71 50.75 50.85 51.03 51.30 51.63 52.02 52.45 52.92 53.41 53.87 54.30 54.71 55.08 55.43 55.76 56.06 56.34 56.64
72.20 70.00 67.90 65.91 64.02 62.23 60.55 58.97 57.51 56.23 55.15 54.25 53.51 52.93 52.42 51.91 51.38 50.80 50.16 49.44 48.63 47.71 46.66 45.48 44.31 43.50 43.04 42.89 43.00 43.33 43.83 44.44 45.13 45.83 46.55 47.31 48.13 49.01 49.97 50.98 51.90 52.65 53.22 53.64 53.91 54.06 54.09 54.03 53.88 53.67 53.45 53.26 53.11 52.99 52.89 52.83 52.78 52.77 52.77 52.80 52.88 53.04 53.28 53.57 53.92 54.29 54.65 54.99 55.32 55.62 55.91 56.19 56.45 56.70 56.94 57.21
74.15 71.98 69.91 67.94 66.06 64.27 62.58 60.98 59.48 58.09 56.87 55.83 54.97 54.22 53.49 52.77 52.04 51.27 50.46 49.58 48.63 47.59 46.43 45.16 43.92 43.07 42.62 42.53 42.73 43.20 43.87 44.70 45.65 46.65 47.68 48.71 49.79 50.94 52.14 53.25 54.17 54.90 55.47 55.87 56.14 56.28 56.31 56.24 56.09 55.88 55.66 55.47 55.31 55.17 55.06 54.98 54.91 54.87 54.84 54.84 54.85 54.91 55.04 55.23 55.47 55.71 55.94 56.16 56.37 56.58 56.78 56.99 57.19 57.39 57.59 57.82
76.18 74.05 72.01 70.05 68.18 66.40 64.70 63.09 61.56 60.13 58.79 57.61 56.57 55.58 54.63 53.70 52.76 51.81 50.83 49.80 48.71 47.54 46.28 44.91 43.61 42.73 42.29 42.25 42.55 43.15 44.00 45.05 46.26 47.57 48.94 50.32 51.70 53.11 54.42 55.52 56.43 57.15 57.71 58.11 58.37 58.51 58.53 58.46 58.31 58.10 57.88 57.68 57.52 57.37 57.25 57.14 57.06 56.99 56.94 56.90 56.88 56.86 56.89 56.97 57.07 57.16 57.26 57.35 57.46 57.57 57.68 57.81 57.95 58.10 58.26 58.46
78.27 76.18 74.17 72.24 70.38 68.60 66.90 65.27 63.73 62.27 60.88 59.54 58.25 57.03 55.85 54.70 53.57 52.43 51.29 50.11 48.88 47.59 46.22 44.76 43.39 42.48 42.06 42.07 42.47 43.21 44.24 45.51 46.98 48.60 50.31 52.08 53.81 55.36 56.67 57.76 58.66 59.38 59.93 60.32 60.58 60.71 60.74 60.67 60.52 60.31 60.09 59.89 59.72 59.57 59.43 59.31 59.21 59.12 59.05 58.98 58.92 58.87 58.81 58.74 58.67 58.62 58.58 58.56 58.55 58.57 58.60 58.65 58.72 58.82 58.94 59.11
80.42 78.37 76.40 74.48 72.64 70.87 69.17 67.54 65.97 64.48 63.01 61.53 60.03 58.56 57.16 55.80 54.47 53.16 51.84 50.51 49.15 47.74 46.27 44.72 43.29 42.35 41.94 42.01 42.50 43.38 44.60 46.09 47.83 49.75 51.81 53.94 55.90 57.55 58.87 59.96 60.85 61.56 62.10 62.49 62.75 62.88 62.90 62.84 62.69 62.49 62.27 62.08 61.90 61.74 61.59 61.46 61.34 61.24 61.14 61.04 60.96 60.85 60.70 60.49 60.28 60.08 59.91 59.76 59.64 59.56 59.50 59.48 59.49 59.53 59.62 59.75
82.61 80.61 78.67 76.78 74.96 73.20 71.50 69.86 68.28 66.72 65.14 63.52 61.87 60.21 58.58 57.01 55.49 54.00 52.52 51.04 49.55 48.02 46.45 44.81 43.31 42.35 41.95 42.08 42.68 43.70 45.09 46.82 48.82 51.05 53.43 55.73 57.79 59.55 60.97 62.08 62.97 63.67 64.21 64.60 64.85 64.99 65.02 64.95 64.82 64.62 64.41 64.21 64.03 63.87 63.72 63.58 63.44 63.32 63.20 63.08 62.94 62.75 62.50 62.20 61.85 61.51 61.21 60.94 60.71 60.53 60.38 60.28 60.23 60.22 60.26 60.36
84.83 82.88 80.97 79.12 77.32 75.57 73.87 72.23 70.60 68.94 67.24 65.51 63.74 61.94 60.13 58.36 56.64 54.97 53.33 51.71 50.08 48.44 46.77 45.05 43.48 42.49 42.12 42.30 43.00 44.17 45.75 47.70 49.97 52.48 54.99 57.33 59.45 61.30 62.86 64.09 65.00 65.70 66.24 66.63 66.89 67.02 67.06 67.00 66.87 66.68 66.48 66.28 66.11 65.94 65.78 65.63 65.48 65.34 65.20 65.04 64.82 64.53 64.18 63.79 63.36 62.91 62.47 62.08 61.74 61.45 61.22 61.05 60.93 60.87 60.87 60.94
87.07 85.17 83.31 81.49 79.71 77.98 76.28 74.60 72.89 71.13 69.33 67.49 65.62 63.72 61.79 59.85 57.94 56.10 54.30 52.53 50.78 49.02 47.24 45.44 43.81 42.81 42.45 42.70 43.50 44.81 46.58 48.76 51.26 53.85 56.34 58.69 60.85 62.79 64.47 65.85 66.89 67.63 68.17 68.56 68.82 68.96 69.00 68.95 68.83 68.65 68.46 68.27 68.10 67.93 67.77 67.61 67.45 67.29 67.12 66.87 66.55 66.17 65.73 65.25 64.74 64.21 63.67 63.16 62.71 62.33 62.01 61.75 61.57 61.46 61.42 61.45
89.32 87.47 85.65 83.87 82.12 80.40 78.69 76.94 75.14 73.29 71.40 69.48 67.52 65.53 63.51 61.46 59.41 57.39 55.44 53.52 51.64 49.77 47.90 46.01 44.33 43.30 42.96 43.27 44.18 45.64 47.59 49.96 52.50 55.02 57.47 59.80 61.99 64.00 65.78 67.29 68.51 69.40 69.98 70.37 70.64 70.79 70.83 70.79 70.68 70.52 70.33 70.16 69.99 69.82 69.65 69.49 69.32 69.13 68.87 68.53 68.11 67.64 67.12 66.56 65.98 65.38 64.77 64.17 63.61 63.12 62.71 62.39 62.14 61.98 61.89 61.89
91.57 89.78 88.01 86.26 84.54 82.81 81.04 79.22 77.35 75.43 73.47 71.48 69.44 67.38 65.28 63.16 61.02 58.87 56.76 54.70 52.69 50.71 48.75 46.78 45.03 43.99 43.68 44.05 45.07 46.67 48.78 51.14 53.55 55.96 58.34 60.65 62.85 64.90 66.76 68.40 69.78 70.86 71.60 72.05 72.32 72.48 72.53 72.51 72.41 72.26 72.08 71.92 71.75 71.59 71.42 71.26 71.06 70.79 70.43 69.99 69.49 68.94 68.34 67.70 67.05 66.38 65.71 65.05 64.41 63.83 63.33 62.93 62.62 62.40 62.28 62.24
93.81 92.07 90.35 88.65 86.93 85.16 83.34 81.46 79.54 77.56 75.55 73.49 71.40 69.28 67.12 64.94 62.74 60.51 58.28 56.09 53.95 51.86 49.80 47.76 45.96 44.89 44.61 45.05 46.17 47.89 49.93 52.11 54.36 56.66 58.96 61.22 63.41 65.49 67.42 69.17 70.68 71.94 72.90 73.52 73.84 74.01 74.08 74.07 73.98 73.85 73.69 73.54 73.38 73.22 73.06 72.86 72.59 72.22 71.77 71.24 70.66 70.03 69.35 68.65 67.93 67.20 66.48 65.76 65.07 64.42 63.84 63.36 62.98 62.71 62.55 62.47
