data_processed/recharge/precip/Precip_1989_03.asc
ncols        168
nrows        136
xllcorner    455000
yllcorner    2107000
cellsize     500
NODATA_value     -99999
[rows 74 to 110 of 136, columns 84 to 167 of 168]
3.84 3.75 3.66 3.57 3.50 3.43 3.36 3.30 3.25 3.20 3.17 3.13 3.10 3.05 2.98 2.88 2.77 2.66 2.55 2.45 2.35 2.26 2.19 2.13 2.08 2.04 2.01 1.99 1.99 1.99 2.01 2.03 2.07 2.11 2.17 2.23 2.30 2.38 2.45 2.52 2.57 2.60 2.62 2.61 2.59 2.57 2.53 2.49 2.44 2.39 2.34 2.29 2.25 2.20 2.16 2.12 2.09 2.07 2.06 2.06 2.07 2.09 2.14 2.19 2.25 2.32 2.39 2.46 2.55 2.64 2.73 2.83 2.90 2.96 2.99 3.01 3.02 3.01 3.00 2.98 2.95 2.93 2.91 2.89
3.97 3.87 3.78 3.70 3.61 3.53 3.46 3.39 3.32 3.26 3.21 3.16 3.11 3.06 2.99 2.90 2.79 2.68 2.58 2.48 2.39 2.31 2.24 2.19 2.14 2.11 2.09 2.07 2.07 2.07 2.09 2.11 2.14 2.19 2.23 2.29 2.36 2.43 2.50 2.57 2.63 2.67 2.70 2.70 2.69 2.66 2.64 2.60 2.56 2.51 2.46 2.42 2.37 2.32 2.28 2.24 2.20 2.17 2.16 2.15 2.15 2.17 2.19 2.24 2.30 2.36 2.43 2.50 2.59 2.68 2.76 2.83 2.88 2.91 2.93 2.93 2.92 2.91 2.88 2.86 2.84 2.81 2.80 2.79
4.11 4.02 3.93 3.84 3.75 3.66 3.58 3.50 3.42 3.35 3.28 3.21 3.14 3.08 3.01 2.92 2.82 2.71 2.61 2.52 2.44 2.37 2.31 2.27 2.23 2.20 2.18 2.16 2.16 2.17 2.18 2.20 2.23 2.27 2.31 2.36 2.42 2.48 2.55 2.62 2.69 2.73 2.76 2.77 2.77 2.76 2.73 2.70 2.67 2.63 2.58 2.53 2.49 2.44 2.39 2.35 2.31 2.28 2.25 2.24 2.23 2.24 2.26 2.29 2.34 2.40 2.47 2.54 2.62 2.70 2.76 2.81 2.83 2.84 2.84 2.83 2.81 2.78 2.75 2.73 2.70 2.68 2.68 2.68
4.27 4.18 4.09 4.00 3.90 3.81 3.72 3.63 3.55 3.46 3.37 3.29 3.21 3.12 3.04 2.95 2.85 2.75 2.66 2.58 2.51 2.45 2.40 2.36 2.32 2.30 2.28 2.27 2.27 2.27 2.29 2.30 2.33 2.36 2.40 2.44 2.49 2.54 2.60 2.67 2.73 2.79 2.82 2.84 2.85 2.84 2.83 2.80 2.77 2.74 2.69 2.65 2.60 2.55 2.50 2.46 2.42 2.38 2.35 2.33 2.31 2.31 2.32 2.34 2.38 2.43 2.49 2.56 2.64 2.69 2.73 2.74 2.75 2.74 2.72 2.69 2.66 2.63 2.60 2.58 2.55 2.54 2.54 2.56
4.45 4.36 4.27 4.18 4.08 3.99 3.89 3.79 3.70 3.60 3.50 3.40 3.30 3.20 3.10 3.00 2.90 2.81 2.73 2.66 2.60 2.55 2.50 2.47 2.44 2.41 2.40 2.39 2.39 2.39 2.40 2.42 2.44 2.47 2.50 2.53 2.57 2.62 2.66 2.72 2.77 2.83 2.87 2.90 2.92 2.92 2.92 2.90 2.87 2.84 2.80 2.76 2.71 2.66 2.62 2.57 2.52 2.48 2.45 2.42 2.40 2.38 2.38 2.39 2.42 2.46 2.51 2.57 2.62 2.64 2.65 2.65 2.63 2.60 2.57 2.54 2.50 2.46 2.43 2.41 2.39 2.39 2.40 2.43
4.62 4.53 4.45 4.35 4.26 4.16 4.06 3.96 3.85 3.74 3.63 3.52 3.40 3.29 3.17 3.05 2.95 2.87 2.80 2.74 2.69 2.64 2.60 2.57 2.55 2.53 2.52 2.51 2.51 2.51 2.52 2.53 2.55 2.57 2.59 2.62 2.65 2.69 2.73 2.77 2.81 2.86 2.91 2.95 2.98 2.99 2.99 2.98 2.96 2.94 2.90 2.86 2.81 2.77 2.72 2.67 2.62 2.58 2.54 2.50 2.47 2.45 2.44 2.44 2.45 2.48 2.52 2.57 2.59 2.58 2.57 2.54 2.51 2.47 2.42 2.38 2.34 2.30 2.27 2.25 2.24 2.24 2.27 2.31
4.76 4.69 4.60 4.51 4.42 4.32 4.22 4.11 4.00 3.88 3.76 3.63 3.50 3.37 3.24 3.11 2.99 2.91 2.85 2.80 2.76 2.72 2.69 2.67 2.65 2.63 2.62 2.61 2.61 2.62 2.62 2.63 2.65 2.66 2.68 2.70 2.73 2.75 2.78 2.81 2.84 2.89 2.94 2.98 3.02 3.04 3.05 3.05 3.04 3.01 2.98 2.94 2.90 2.85 2.80 2.75 2.70 2.66 2.61 2.57 2.53 2.50 2.48 2.47 2.47 2.49 2.52 2.56 2.56 2.54 2.50 2.45 2.40 2.35 2.29 2.24 2.20 2.16 2.13 2.11 2.11 2.13 2.17 2.23
4.88 4.81 4.74 4.65 4.56 4.46 4.36 4.24 4.13 4.00 3.87 3.74 3.60 3.45 3.31 3.17 3.04 2.95 2.89 2.85 2.81 2.78 2.76 2.74 2.73 2.72 2.71 2.71 2.71 2.71 2.71 2.72 2.73 2.74 2.76 2.77 2.79 2.81 2.82 2.85 2.88 2.92 2.96 3.01 3.05 3.08 3.10 3.10 3.09 3.08 3.05 3.01 2.97 2.93 2.88 2.82 2.77 2.72 2.67 2.62 2.58 2.54 2.51 2.49 2.48 2.49 2.51 2.54 2.54 2.50 2.45 2.38 2.32 2.25 2.19 2.13 2.08 2.04 2.02 2.01 2.02 2.05 2.11 2.19
4.98 4.92 4.85 4.77 4.68 4.58 4.48 4.37 4.24 4.11 3.98 3.83 3.68 3.53 3.38 3.23 3.10 2.99 2.92 2.88 2.85 2.83 2.82 2.80 2.80 2.79 2.79 2.79 2.79 2.79 2.79 2.80 2.81 2.82 2.83 2.83 2.84 2.85 2.86 2.88 2.91 2.94 2.98 3.02 3.06 3.10 3.13 3.14 3.14 3.12 3.10 3.07 3.03 2.98 2.93 2.88 2.82 2.77 2.71 2.66 2.61 2.57 2.53 2.50 2.48 2.47 2.48 2.51 2.50 2.47 2.40 2.33 2.25 2.17 2.10 2.04 1.99 1.95 1.93 1.93 1.96 2.00 2.08 2.18
5.04 4.99 4.93 4.86 4.78 4.69 4.58 4.47 4.35 4.21 4.07 3.92 3.77 3.61 3.46 3.30 3.16 3.04 2.96 2.90 2.88 2.86 2.86 2.85 2.85 2.85 2.85 2.85 2.86 2.86 2.87 2.87 2.88 2.88 2.88 2.89 2.89 2.89 2.90 2.91 2.94 2.97 3.00 3.04 3.08 3.11 3.14 3.16 3.17 3.16 3.14 3.11 3.07 3.03 2.98 2.92 2.86 2.80 2.74 2.69 2.63 2.58 2.53 2.49 2.46 2.44 2.45 2.47 2.46 2.42 2.36 2.28 2.19 2.11 2.03 1.97 1.92 1.89 1.88 1.89 1.92 1.98 2.08 2.20
5.08 5.05 5.00 4.93 4.86 4.77 4.67 4.56 4.43 4.30 4.15 4.00 3.85 3.69 3.53 3.37 3.22 3.10 3.00 2.94 2.90 2.88 2.88 2.89 2.89 2.90 2.90 2.91 2.92 2.92 2.93 2.93 2.93 2.94 2.94 2.93 2.93 2.93 2.93 2.94 2.96 2.99 3.02 3.06 3.09 3.12 3.15 3.17 3.18 3.18 3.17 3.14 3.10 3.06 3.01 2.95 2.89 2.83 2.77 2.70 2.64 2.58 2.52 2.47 2.43 2.41 2.41 2.42 2.41 2.37 2.31 2.24 2.15 2.06 1.98 1.92 1.87 1.85 1.84 1.86 1.92 2.00 2.11 2.26
5.10 5.07 5.03 4.98 4.91 4.83 4.74 4.63 4.51 4.37 4.23 4.08 3.93 3.77 3.61 3.44 3.28 3.15 3.05 2.98 2.93 2.91 2.90 2.91 2.92 2.94 2.95 2.96 2.97 2.97 2.98 2.98 2.98 2.98 2.98 2.97 2.97 2.96 2.96 2.97 2.99 3.01 3.04 3.07 3.10 3.13 3.15 3.17 3.19 3.19 3.18 3.16 3.12 3.08 3.03 2.97 2.91 2.84 2.78 2.71 2.63 2.56 2.49 2.43 2.39 2.36 2.36 2.37 2.36 2.32 2.26 2.19 2.11 2.03 1.95 1.89 1.84 1.83 1.83 1.87 1.94 2.04 2.17 2.35
5.08 5.07 5.05 5.01 4.95 4.88 4.79 4.68 4.56 4.44 4.30 4.16 4.00 3.85 3.68 3.51 3.35 3.21 3.10 3.02 2.97 2.93 2.92 2.93 2.94 2.96 2.98 2.99 3.01 3.02 3.02 3.03 3.03 3.02 3.02 3.01 3.00 2.99 2.99 2.99 3.00 3.03 3.05 3.08 3.11 3.13 3.16 3.17 3.19 3.19 3.19 3.17 3.13 3.09 3.04 2.98 2.92 2.85 2.78 2.70 2.62 2.53 2.46 2.39 2.34 2.31 2.30 2.31 2.30 2.26 2.21 2.15 2.08 2.00 1.93 1.87 1.84 1.83 1.85 1.90 1.98 2.10 2.26 2.47
5.04 5.04 5.03 5.01 4.96 4.90 4.82 4.72 4.61 4.49 4.36 4.22 4.07 3.92 3.75 3.58 3.41 3.27 3.16 3.07 3.01 2.96 2.94 2.94 2.96 2.98 3.00 3.02 3.04 3.05 3.06 3.07 3.07 3.06 3.05 3.04 3.03 3.02 3.01 3.01 3.02 3.04 3.06 3.09 3.11 3.13 3.15 3.17 3.18 3.19 3.18 3.17 3.14 3.10 3.05 2.99 2.92 2.85 2.77 2.68 2.59 2.49 2.41 2.33 2.28 2.24 2.24 2.25 2.24 2.21 2.16 2.10 2.04 1.98 1.92 1.88 1.85 1.85 1.88 1.95 2.05 2.20 2.38 2.62
4.96 4.99 5.00 4.98 4.95 4.90 4.83 4.75 4.65 4.54 4.42 4.28 4.14 3.98 3.81 3.64 3.47 3.33 3.21 3.12 3.05 3.00 2.97 2.97 2.97 2.99 3.02 3.05 3.07 3.08 3.09 3.10 3.10 3.09 3.08 3.06 3.05 3.03 3.02 3.02 3.03 3.04 3.07 3.09 3.11 3.13 3.15 3.16 3.17 3.18 3.17 3.16 3.13 3.09 3.04 2.98 2.91 2.83 2.74 2.64 2.54 2.44 2.35 2.27 2.21 2.17 2.17 2.18 2.17 2.14 2.11 2.06 2.01 1.96 1.92 1.89 1.88 1.89 1.94 2.02 2.15 2.32 2.53 2.78
4.86 4.91 4.93 4.94 4.92 4.88 4.83 4.76 4.67 4.57 4.46 4.33 4.19 4.04 3.87 3.70 3.53 3.38 3.26 3.17 3.10 3.04 3.01 2.99 2.99 3.01 3.03 3.06 3.09 3.11 3.12 3.12 3.12 3.11 3.09 3.08 3.06 3.04 3.03 3.03 3.03 3.05 3.06 3.09 3.11 3.13 3.14 3.16 3.16 3.17 3.16 3.14 3.12 3.08 3.03 2.97 2.90 2.81 2.70 2.59 2.48 2.38 2.28 2.20 2.14 2.10 2.09 2.10 2.10 2.08 2.05 2.01 1.98 1.94 1.92 1.90 1.91 1.95 2.01 2.12 2.26 2.46 2.69 2.95
4.75 4.80 4.84 4.86 4.86 4.84 4.81 4.75 4.68 4.59 4.49 4.37 4.24 4.09 3.93 3.76 3.58 3.44 3.32 3.22 3.14 3.09 3.05 3.03 3.02 3.03 3.05 3.07 3.10 3.12 3.14 3.14 3.13 3.12 3.10 3.08 3.06 3.05 3.03 3.03 3.03 3.04 3.06 3.08 3.10 3.12 3.13 3.14 3.15 3.15 3.14 3.13 3.10 3.06 3.01 2.95 2.86 2.76 2.65 2.53 2.42 2.30 2.20 2.12 2.05 2.02 2.01 2.03 2.03 2.02 2.00 1.97 1.95 1.93 1.92 1.93 1.96 2.02 2.10 2.23 2.40 2.61 2.86 3.13
4.63 4.68 4.73 4.77 4.79 4.79 4.77 4.73 4.68 4.60 4.51 4.40 4.27 4.13 3.98 3.80 3.63 3.49 3.37 3.27 3.19 3.13 3.09 3.07 3.05 3.06 3.07 3.09 3.11 3.13 3.15 3.15 3.14 3.12 3.10 3.08 3.06 3.04 3.03 3.02 3.02 3.03 3.05 3.06 3.08 3.10 3.11 3.12 3.13 3.13 3.12 3.11 3.08 3.04 2.99 2.91 2.82 2.71 2.59 2.46 2.34 2.22 2.12 2.03 1.97 1.93 1.93 1.95 1.96 1.96 1.95 1.93 1.92 1.92 1.93 1.96 2.01 2.10 2.21 2.36 2.55 2.78 3.03 3.31
4.51 4.56 4.61 4.65 4.69 4.71 4.71 4.69 4.65 4.59 4.51 4.42 4.30 4.17 4.01 3.85 3.68 3.53 3.41 3.32 3.24 3.18 3.13 3.11 3.09 3.09 3.09 3.11 3.12 3.14 3.14 3.14 3.13 3.12 3.09 3.07 3.05 3.03 3.01 3.00 3.00 3.01 3.03 3.04 3.06 3.08 3.09 3.10 3.11 3.11 3.10 3.08 3.06 3.02 2.95 2.86 2.76 2.64 2.51 2.38 2.25 2.13 2.03 1.94 1.88 1.84 1.85 1.87 1.89 1.90 1.90 1.90 1.91 1.92 1.95 2.00 2.08 2.19 2.33 2.50 2.71 2.94 3.20 3.49
4.37 4.43 4.48 4.53 4.58 4.62 4.64 4.64 4.62 4.57 4.51 4.42 4.31 4.19 4.04 3.88 3.72 3.58 3.46 3.36 3.28 3.22 3.18 3.15 3.13 3.13 3.13 3.13 3.13 3.13 3.13 3.13 3.12 3.10 3.08 3.05 3.03 3.01 2.99 2.98 2.98 2.99 3.00 3.02 3.03 3.05 3.06 3.07 3.08 3.08 3.07 3.05 3.02 2.97 2.89 2.80 2.68 2.55 2.42 2.28 2.15 2.03 1.93 1.84 1.78 1.75 1.76 1.79 1.82 1.84 1.85 1.87 1.89 1.93 1.98 2.05 2.15 2.29 2.45 2.64 2.86 3.10 3.37 3.66
4.24 4.30 4.36 4.41 4.46 4.51 4.54 4.56 4.56 4.53 4.48 4.41 4.31 4.20 4.06 3.91 3.75 3.61 3.49 3.40 3.32 3.27 3.22 3.19 3.17 3.17 3.16 3.15 3.14 3.13 3.11 3.10 3.09 3.07 3.05 3.02 3.00 2.98 2.96 2.95 2.94 2.95 2.97 2.98 3.00 3.01 3.03 3.04 3.04 3.04 3.04 3.02 2.97 2.91 2.82 2.71 2.59 2.46 2.32 2.18 2.05 1.93 1.82 1.74 1.68 1.66 1.67 1.72 1.75 1.78 1.81 1.84 1.89 1.94 2.02 2.11 2.24 2.40 2.58 2.78 3.01 3.26 3.54 3.84
4.11 4.17 4.23 4.29 4.34 4.39 4.43 4.47 4.48 4.47 4.44 4.38 4.30 4.19 4.07 3.92 3.77 3.64 3.52 3.43 3.36 3.31 3.26 3.24 3.22 3.20 3.18 3.16 3.14 3.12 3.09 3.07 3.05 3.03 3.01 2.98 2.96 2.93 2.92 2.90 2.90 2.91 2.92 2.94 2.96 2.97 2.99 3.00 3.00 3.00 2.99 2.96 2.90 2.82 2.72 2.61 2.49 2.35 2.21 2.07 1.94 1.81 1.71 1.63 1.58 1.56 1.59 1.64 1.69 1.73 1.78 1.83 1.89 1.96 2.06 2.19 2.34 2.51 2.70 2.92 3.16 3.42 3.70 4.01
3.98 4.04 4.11 4.16 4.22 4.27 4.32 4.36 4.39 4.40 4.38 4.34 4.27 4.18 4.06 3.92 3.78 3.65 3.55 3.46 3.39 3.34 3.30 3.28 3.25 3.22 3.19 3.16 3.13 3.10 3.07 3.04 3.01 2.98 2.96 2.93 2.91 2.88 2.86 2.85 2.85 2.86 2.87 2.89 2.91 2.92 2.94 2.95 2.95 2.95 2.92 2.87 2.80 2.71 2.61 2.49 2.36 2.23 2.09 1.95 1.82 1.70 1.60 1.52 1.48 1.47 1.50 1.56 1.63 1.69 1.75 1.82 1.90 2.00 2.12 2.26 2.43 2.62 2.82 3.05 3.30 3.57 3.87 4.18
3.85 3.92 3.98 4.05 4.10 4.15 4.20 4.24 4.28 4.30 4.30 4.28 4.23 4.15 4.04 3.91 3.78 3.66 3.56 3.48 3.42 3.37 3.34 3.30 3.27 3.23 3.19 3.15 3.11 3.07 3.03 2.99 2.96 2.92 2.89 2.87 2.84 2.82 2.80 2.79 2.79 2.80 2.81 2.83 2.85 2.86 2.88 2.89 2.89 2.87 2.83 2.76 2.68 2.58 2.47 2.35 2.22 2.09 1.95 1.82 1.69 1.58 1.48 1.41 1.38 1.38 1.42 1.49 1.57 1.64 1.72 1.81 1.92 2.04 2.18 2.35 2.53 2.73 2.95 3.19 3.45 3.73 4.02 4.34
3.73 3.80 3.87 3.93 3.99 4.04 4.09 4.13 4.16 4.19 4.21 4.20 4.16 4.10 4.01 3.89 3.76 3.66 3.57 3.50 3.44 3.40 3.36 3.31 3.27 3.22 3.17 3.12 3.08 3.03 2.98 2.94 2.90 2.86 2.82 2.79 2.77 2.75 2.73 2.72 2.72 2.72 2.74 2.76 2.78 2.79 2.81 2.82 2.80 2.76 2.70 2.63 2.53 2.43 2.31 2.19 2.06 1.93 1.80 1.68 1.56 1.45 1.36 1.30 1.27 1.28 1.34 1.43 1.52 1.61 1.71 1.82 1.95 2.09 2.25 2.43 2.63 2.84 3.07 3.32 3.59 3.87 4.18 4.50
3.62 3.69 3.76 3.82 3.88 3.93 3.98 4.02 4.05 4.07 4.09 4.10 4.08 4.03 3.96 3.85 3.74 3.64 3.56 3.50 3.45 3.40 3.36 3.30 3.25 3.19 3.14 3.08 3.03 2.97 2.92 2.87 2.82 2.78 2.74 2.71 2.68 2.66 2.64 2.63 2.63 2.64 2.66 2.68 2.70 2.72 2.73 2.72 2.68 2.63 2.55 2.46 2.36 2.25 2.13 2.01 1.88 1.75 1.63 1.52 1.41 1.32 1.24 1.19 1.17 1.19 1.26 1.36 1.47 1.58 1.70 1.83 1.98 2.15 2.32 2.52 2.73 2.96 3.20 3.46 3.73 4.02 4.33 4.65
3.51 3.58 3.65 3.71 3.77 3.82 3.87 3.91 3.94 3.96 3.98 3.99 3.98 3.95 3.89 3.80 3.70 3.61 3.54 3.49 3.44 3.38 3.33 3.27 3.21 3.14 3.08 3.02 2.96 2.90 2.84 2.79 2.74 2.69 2.65 2.61 2.58 2.56 2.54 2.54 2.54 2.55 2.57 2.59 2.61 2.62 2.61 2.58 2.53 2.46 2.37 2.27 2.16 2.04 1.92 1.80 1.68 1.56 1.45 1.34 1.25 1.18 1.12 1.08 1.07 1.11 1.19 1.31 1.43 1.56 1.70 1.86 2.02 2.21 2.40 2.61 2.83 3.07 3.32 3.59 3.87 4.16 4.48 4.80
3.41 3.49 3.55 3.62 3.67 3.72 3.77 3.80 3.83 3.85 3.87 3.87 3.87 3.85 3.81 3.73 3.64 3.57 3.51 3.46 3.40 3.34 3.27 3.21 3.14 3.07 3.00 2.94 2.87 2.81 2.75 2.69 2.63 2.59 2.54 2.50 2.47 2.45 2.43 2.43 2.43 2.44 2.46 2.48 2.50 2.49 2.46 2.41 2.34 2.26 2.16 2.05 1.93 1.82 1.69 1.57 1.46 1.34 1.24 1.15 1.08 1.02 0.98 0.96 0.97 1.02 1.12 1.26 1.40 1.55 1.71 1.89 2.07 2.27 2.48 2.70 2.94 3.19 3.45 3.72 4.01 4.31 4.62 4.95
3.33 3.40 3.47 3.53 3.58 3.63 3.67 3.71 3.73 3.75 3.76 3.76 3.75 3.73 3.70 3.64 3.57 3.51 3.45 3.39 3.32 3.26 3.19 3.11 3.04 2.97 2.90 2.83 2.76 2.69 2.63 2.57 2.51 2.46 2.42 2.38 2.35 2.32 2.31 2.30 2.31 2.32 2.34 2.36 2.35 2.32 2.27 2.20 2.12 2.02 1.91 1.80 1.68 1.56 1.44 1.32 1.21 1.11 1.02 0.94 0.88 0.84 0.83 0.84 0.87 0.94 1.06 1.21 1.38 1.55 1.73 1.93 2.13 2.34 2.57 2.80 3.05 3.30 3.57 3.85 4.14 4.44 4.76 5.09
3.25 3.32 3.39 3.45 3.50 3.55 3.58 3.62 3.64 3.65 3.66 3.65 3.64 3.62 3.58 3.54 3.48 3.42 3.35 3.28 3.21 3.14 3.07 2.99 2.91 2.84 2.76 2.69 2.62 2.55 2.49 2.42 2.37 2.32 2.27 2.24 2.21 2.18 2.17 2.17 2.17 2.19 2.21 2.20 2.17 2.12 2.05 1.96 1.86 1.76 1.64 1.52 1.40 1.28 1.16 1.04 0.94 0.85 0.77 0.71 0.67 0.66 0.66 0.70 0.76 0.86 1.00 1.18 1.36 1.56 1.76 1.97 2.19 2.42 2.66 2.90 3.16 3.42 3.70 3.98 4.28 4.58 4.90 5.22
3.19 3.26 3.32 3.38 3.43 3.47 3.51 3.53 3.55 3.56 3.56 3.55 3.53 3.51 3.47 3.41 3.35 3.29 3.22 3.15 3.07 3.00 2.92 2.84 2.76 2.68 2.60 2.53 2.46 2.39 2.32 2.26 2.20 2.15 2.11 2.08 2.05 2.03 2.02 2.02 2.03 2.04 2.04 2.01 1.95 1.88 1.79 1.69 1.58 1.46 1.34 1.22 1.09 0.97 0.86 0.75 0.66 0.58 0.52 0.47 0.45 0.46 0.49 0.55 0.65 0.78 0.95 1.15 1.36 1.57 1.79 2.02 2.25 2.50 2.75 3.00 3.27 3.54 3.82 4.11 4.41 4.71 5.03 5.35
3.13 3.19 3.25 3.31 3.35 3.39 3.43 3.45 3.46 3.47 3.46 3.45 3.43 3.39 3.35 3.29 3.22 3.15 3.08 3.00 2.92 2.84 2.76 2.68 2.60 2.51 2.44 2.36 2.29 2.22 2.15 2.09 2.04 1.99 1.94 1.91 1.89 1.87 1.86 1.86 1.88 1.90 1.88 1.83 1.75 1.66 1.56 1.44 1.32 1.19 1.06 0.93 0.81 0.69 0.58 0.48 0.39 0.33 0.28 0.25 0.25 0.28 0.34 0.43 0.56 0.72 0.91 1.12 1.34 1.58 1.82 2.06 2.31 2.57 2.83 3.10 3.37 3.65 3.94 4.23 4.53 4.84 5.15 5.47
3.06 3.12 3.18 3.23 3.28 3.31 3.34 3.36 3.37 3.37 3.36 3.35 3.32 3.28 3.22 3.16 3.09 3.01 2.93 2.85 2.77 2.68 2.60 2.51 2.43 2.35 2.27 2.19 2.12 2.05 1.98 1.92 1.87 1.82 1.78 1.75 1.72 1.71 1.71 1.71 1.73 1.75 1.74 1.68 1.59 1.48 1.35 1.22 1.09 0.95 0.82 0.68 0.56 0.44 0.33 0.24 0.17 0.11 0.08 0.07 0.09 0.14 0.22 0.34 0.50 0.68 0.88 1.09 1.33 1.57 1.83 2.09 2.36 2.63 2.90 3.18 3.46 3.75 4.04 4.34 4.64 4.95 5.26 5.58
2.99 3.05 3.11 3.16 3.20 3.23 3.26 3.27 3.28 3.28 3.26 3.24 3.20 3.16 3.10 3.03 2.95 2.87 2.78 2.70 2.61 2.52 2.44 2.35 2.26 2.18 2.10 2.02 1.95 1.88 1.81 1.75 1.70 1.65 1.62 1.59 1.57 1.56 1.56 1.57 1.59 1.61 1.61 1.55 1.45 1.32 1.19 1.04 0.89 0.75 0.61 0.47 0.34 0.22 0.12 0.04 0.00 0.00 0.00 0.00 0.00 0.03 0.14 0.29 0.46 0.65 0.85 1.07 1.31 1.57 1.84 2.12 2.40 2.68 2.96 3.25 3.54 3.84 4.13 4.43 4.74 5.04 5.35 5.67
2.91 2.98 3.03 3.08 3.12 3.15 3.17 3.18 3.18 3.18 3.16 3.13 3.09 3.04 2.97 2.90 2.81 2.72 2.64 2.55 2.46 2.37 2.28 2.19 2.10 2.01 1.93 1.85 1.78 1.71 1.64 1.59 1.53 1.49 1.46 1.43 1.41 1.41 1.41 1.43 1.45 1.48 1.47 1.43 1.33 1.20 1.05 0.89 0.73 0.58 0.43 0.29 0.16 0.04 0.00 0.00 0.00 0.00 0.00 0.00 0.00 0.00 0.09 0.25 0.43 0.62 0.83 1.06 1.30 1.56 1.84 2.13 2.42 2.72 3.02 3.31 3.61 3.91 4.21 4.52 4.82 5.13 5.44 5.75
2.84 2.90 2.95 3.00 3.03 3.06 3.08 3.09 3.09 3.08 3.05 3.02 2.97 2.91 2.84 2.76 2.67 2.58 2.49 2.39 2.30 2.21 2.11 2.02 1.93 1.85 1.77 1.69 1.61 1.54 1.48 1.42 1.37 1.33 1.30 1.27 1.26 1.26 1.27 1.29 1.32 1.34 1.34 1.30 1.22 1.10 0.94 0.77 0.60 0.44 0.28 0.14 0.01 0.00 0.00 0.00 0.00 0.00 0.00 0.00 0.00 0.00 0.06 0.23 0.41 0.61 0.82 1.05 1.30 1.57 1.85 2.14 2.45 2.75 3.06 3.37 3.67 3.98 4.29 4.59 4.90 5.21 5.52 5.83
2.76 2.82 2.87 2.91 2.95 2.97 2.99 2.99 2.99 2.97 2.95 2.91 2.86 2.79 2.72 2.63 2.53 2.43 2.34 2.24 2.15 2.05 1.96 1.86 1.77 1.69 1.60 1.52 1.45 1.38 1.32 1.26 1.21 1.18 1.15 1.13 1.12 1.12 1.14 1.16 1.19 1.22 1.22 1.18 1.10 0.99 0.85 0.69 0.51 0.33 0.17 0.02 0.00 0.00 0.00 0.00 0.00 0.00 0.00 0.00 0.00 0.00 0.04 0.21 0.39 0.59 0.81 1.05 1.30 1.57 1.86 2.16 2.46 2.78 3.10 3.42 3.73 4.04 4.35 4.66 4.97 5.28 5.59 5.89
