data_processed/recharge/precip/Precip_2012_12.asc
ncols        168
nrows        136
xllcorner    455000
yllcorner    2107000
cellsize     500
NODATA_value     -99999
[rows 0 to 37 of 136, columns 0 to 83 of 168]
0.00 0.00 0.00 0.00 0.00 0.00 0.00 0.00 0.00 0.00 0.00 0.00 0.00 0.00 0.00 0.00 0.00 0.00 0.00 0.00 0.00 0.00 0.00 0.00 0.00 0.00 0.01 0.01 0.02 0.03 0.03 0.04 0.04 0.04 0.03 0.02 0.01 0.00 0.00 0.00 0.00 0.00 0.00 0.00 0.00 0.00 0.00 0.00 0.00 0.00 0.00 0.00 0.00 0.00 0.00 0.00 0.00 0.00 0.00 0.00 0.00 0.00 0.00 0.21 0.63 1.07 1.53 2.00 2.48 2.97 3.47 3.96 4.44 4.92 5.38 5.82 6.24 6.63 6.95 7.21 7.42 7.59 7.72 7.83
0.00 0.00 0.00 0.00 0.00 0.00 0.00 0.00 0.00 0.00 0.00 0.00 0.00 0.00 0.00 0.00 0.00 0.00 0.00 0.00 0.00 0.00 0.00 0.00 0.00 0.00 0.01 0.02 0.03 0.04 0.05 0.06 0.06 0.06 0.06 0.06 0.04 0.02 0.00 0.00 0.00 0.00 0.00 0.00 0.00 0.00 0.00 0.00 0.00 0.00 0.00 0.00 0.00 0.00 0.00 0.00 0.00 0.00 0.00 0.00 0.00 0.00 0.00 0.13 0.56 1.01 1.49 1.98 2.49 3.01 3.54 4.07 4.60 5.12 5.64 6.14 6.61 7.06 7.44 7.71 7.91 8.07 8.19 8.28
0.00 0.00 0.00 0.00 0.00 0.00 0.00 0.00 0.00 0.00 0.00 0.00 0.00 0.00 0.00 0.00 0.00 0.00 0.00 0.00 0.01 0.01 0.01 0.01 0.00 0.00 0.01 0.02 0.03 0.05 0.06 0.07 0.08 0.09 0.09 0.09 0.08 0.06 0.04 0.01 0.00 0.00 0.00 0.00 0.00 0.00 0.00 0.00 0.00 0.00 0.00 0.00 0.00 0.00 0.00 0.00 0.00 0.00 0.00 0.00 0.00 0.00 0.00 0.05 0.48 0.94 1.43 1.94 2.48 3.02 3.58 4.15 4.72 5.28 5.84 6.39 6.92 7.42 7.85 8.16 8.38 8.52 8.63 8.71
0.00 0.00 0.00 0.00 0.00 0.00 0.00 0.00 0.00 0.00 0.00 0.00 0.00 0.00 0.00 0.00 0.00 0.01 0.01 0.01 0.02 0.02 0.02 0.01 0.00 0.00 0.01 0.02 0.04 0.06 0.08 0.09 0.11 0.12 0.12 0.12 0.12 0.11 0.09 0.06 0.03 0.00 0.00 0.00 0.00 0.00 0.00 0.00 0.00 0.00 0.00 0.00 0.00 0.00 0.00 0.00 0.00 0.00 0.00 0.00 0.00 0.00 0.00 0.00 0.40 0.86 1.36 1.89 2.44 3.01 3.59 4.19 4.79 5.39 6.00 6.59 7.16 7.70 8.18 8.54 8.79 8.94 9.04 9.10
0.00 0.00 0.00 0.00 0.00 0.00 0.00 0.00 0.00 0.00 0.00 0.00 0.00 0.00 0.00 0.01 0.02 0.02 0.03 0.03 0.03 0.03 0.02 0.01 0.00 0.00 0.01 0.03 0.05 0.08 0.10 0.12 0.13 0.15 0.16 0.16 0.16 0.16 0.14 0.12 0.09 0.05 0.00 0.00 0.00 0.00 0.00 0.00 0.00 0.00 0.00 0.00 0.00 0.00 0.00 0.00 0.00 0.00 0.00 0.00 0.00 0.00 0.00 0.00 0.31 0.78 1.28 1.81 2.38 2.96 3.57 4.19 4.82 5.46 6.10 6.73 7.34 7.92 8.44 8.83 9.12 9.30 9.41 9.45
0.00 0.00 0.00 0.00 0.00 0.00 0.00 0.00 0.00 0.00 0.00 0.00 0.01 0.01 0.02 0.03 0.03 0.04 0.04 0.04 0.04 0.04 0.03 0.02 0.00 0.00 0.01 0.03 0.06 0.09 0.12 0.15 0.17 0.19 0.20 0.21 0.22 0.22 0.21 0.19 0.16 0.13 0.08 0.02 0.00 0.00 0.00 0.00 0.00 0.00 0.00 0.00 0.00 0.00 0.00 0.00 0.00 0.00 0.00 0.00 0.00 0.00 0.00 0.00 0.23 0.69 1.19 1.73 2.30 2.89 3.52 4.16 4.82 5.48 6.15 6.82 7.46 8.08 8.62 9.05 9.37 9.58 9.71 9.75
0.00 0.00 0.00 0.00 0.00 0.00 0.00 0.00 0.00 0.01 0.01 0.02 0.03 0.04 0.04 0.05 0.05 0.06 0.06 0.06 0.05 0.04 0.03 0.02 0.00 0.00 0.01 0.04 0.07 0.12 0.16 0.19 0.22 0.24 0.26 0.28 0.28 0.29 0.28 0.27 0.25 0.22 0.18 0.13 0.06 0.00 0.00 0.00 0.00 0.00 0.00 0.00 0.00 0.00 0.00 0.00 0.00 0.00 0.00 0.00 0.00 0.00 0.00 0.00 0.14 0.59 1.09 1.62 2.20 2.80 3.44 4.10 4.78 5.47 6.17 6.85 7.53 8.17 8.75 9.21 9.55 9.78 9.92 9.99
0.00 0.00 0.00 0.00 0.00 0.00 0.01 0.02 0.02 0.03 0.04 0.05 0.05 0.06 0.06 0.07 0.07 0.07 0.07 0.07 0.06 0.05 0.04 0.02 0.00 0.00 0.01 0.04 0.09 0.14 0.19 0.24 0.28 0.31 0.33 0.35 0.36 0.37 0.37 0.37 0.35 0.32 0.29 0.24 0.18 0.09 0.00 0.00 0.00 0.00 0.00 0.00 0.00 0.00 0.00 0.00 0.00 0.00 0.00 0.00 0.00 0.00 0.00 0.00 0.06 0.50 0.98 1.51 2.08 2.69 3.33 4.01 4.71 5.42 6.14 6.85 7.54 8.21 8.81 9.29 9.65 9.90 10.06 10.13
0.00 0.00 0.00 0.01 0.02 0.03 0.04 0.04 0.05 0.06 0.07 0.07 0.08 0.08 0.09 0.09 0.09 0.09 0.09 0.08 0.07 0.06 0.04 0.02 0.00 0.00 0.01 0.05 0.10 0.16 0.23 0.29 0.34 0.38 0.42 0.44 0.46 0.47 0.48 0.48 0.47 0.45 0.42 0.37 0.30 0.22 0.12 0.00 0.00 0.00 0.00 0.00 0.00 0.00 0.00 0.00 0.00 0.00 0.00 0.00 0.00 0.00 0.00 0.00 0.00 0.40 0.87 1.39 1.96 2.57 3.22 3.90 4.61 5.34 6.07 6.80 7.51 8.20 8.82 9.31 9.69 9.95 10.12 10.20
0.01 0.02 0.03 0.04 0.05 0.06 0.06 0.07 0.08 0.09 0.09 0.10 0.10 0.11 0.11 0.11 0.11 0.11 0.10 0.09 0.08 0.06 0.04 0.02 0.00 0.00 0.01 0.05 0.11 0.19 0.26 0.34 0.41 0.47 0.52 0.55 0.57 0.59 0.61 0.61 0.60 0.59 0.56 0.51 0.44 0.35 0.24 0.12 0.00 0.00 0.00 0.00 0.00 0.00 0.00 0.00 0.00 0.00 0.00 0.00 0.00 0.00 0.00 0.00 0.00 0.31 0.76 1.26 1.82 2.43 3.09 3.78 4.50 5.23 5.97 6.71 7.44 8.14 8.77 9.28 9.66 9.93 10.10 10.19
0.04 0.05 0.06 0.07 0.08 0.09 0.09 0.10 0.11 0.11 0.12 0.13 0.13 0.13 0.13 0.13 0.13 0.12 0.11 0.10 0.08 0.06 0.05 0.03 0.01 0.00 0.02 0.06 0.13 0.21 0.30 0.39 0.49 0.57 0.63 0.68 0.71 0.74 0.75 0.76 0.76 0.75 0.71 0.65 0.58 0.49 0.38 0.26 0.12 0.00 0.00 0.00 0.00 0.00 0.00 0.00 0.00 0.00 0.00 0.00 0.00 0.00 0.00 0.00 0.00 0.22 0.65 1.13 1.68 2.29 2.95 3.64 4.36 5.10 5.85 6.59 7.32 8.03 8.68 9.19 9.58 9.85 10.02 10.10
0.07 0.08 0.09 0.10 0.11 0.12 0.12 0.13 0.14 0.14 0.15 0.15 0.16 0.16 0.16 0.15 0.14 0.13 0.12 0.10 0.09 0.07 0.05 0.03 0.01 0.00 0.02 0.07 0.15 0.24 0.34 0.45 0.56 0.66 0.75 0.82 0.87 0.90 0.93 0.94 0.94 0.92 0.87 0.81 0.73 0.63 0.52 0.39 0.26 0.11 0.00 0.00 0.00 0.00 0.00 0.00 0.00 0.00 0.00 0.00 0.00 0.00 0.00 0.00 0.00 0.14 0.54 1.01 1.56 2.16 2.81 3.50 4.21 4.95 5.70 6.44 7.18 7.89 8.53 9.05 9.43 9.70 9.86 9.93
0.10 0.11 0.12 0.13 0.14 0.15 0.16 0.16 0.17 0.17 0.18 0.18 0.18 0.18 0.18 0.17 0.16 0.14 0.13 0.11 0.09 0.07 0.05 0.03 0.01 0.00 0.02 0.08 0.16 0.27 0.38 0.51 0.63 0.76 0.87 0.97 1.04 1.09 1.12 1.14 1.13 1.09 1.04 0.97 0.88 0.78 0.66 0.54 0.39 0.24 0.09 0.00 0.00 0.00 0.00 0.00 0.00 0.00 0.00 0.00 0.00 0.00 0.00 0.00 0.00 0.07 0.45 0.91 1.44 2.03 2.67 3.35 4.05 4.78 5.52 6.27 7.00 7.71 8.35 8.86 9.24 9.50 9.65 9.70
0.13 0.14 0.15 0.16 0.17 0.18 0.19 0.19 0.20 0.20 0.21 0.21 0.21 0.20 0.19 0.18 0.17 0.15 0.13 0.11 0.09 0.07 0.05 0.03 0.01 0.00 0.03 0.09 0.18 0.30 0.43 0.57 0.71 0.86 0.99 1.12 1.22 1.30 1.34 1.35 1.33 1.28 1.22 1.15 1.05 0.94 0.82 0.68 0.54 0.38 0.22 0.06 0.00 0.00 0.00 0.00 0.00 0.00 0.00 0.00 0.00 0.00 0.00 0.00 0.00 0.02 0.38 0.82 1.33 1.91 2.53 3.19 3.89 4.61 5.34 6.07 6.79 7.49 8.13 8.63 9.00 9.24 9.38 9.41
0.16 0.17 0.18 0.19 0.20 0.21 0.22 0.22 0.23 0.23 0.23 0.23 0.23 0.22 0.21 0.19 0.18 0.16 0.14 0.12 0.09 0.07 0.05 0.03 0.01 0.00 0.03 0.10 0.20 0.33 0.47 0.63 0.79 0.96 1.12 1.27 1.40 1.50 1.56 1.56 1.53 1.48 1.41 1.33 1.22 1.11 0.98 0.84 0.69 0.53 0.36 0.20 0.03 0.00 0.00 0.00 0.00 0.00 0.00 0.00 0.00 0.00 0.00 0.00 0.00 0.01 0.35 0.76 1.25 1.80 2.40 3.05 3.72 4.42 5.14 5.85 6.56 7.25 7.88 8.36 8.71 8.94 9.05 9.06
0.19 0.20 0.21 0.22 0.23 0.24 0.25 0.25 0.26 0.26 0.26 0.25 0.24 0.23 0.22 0.20 0.18 0.16 0.14 0.12 0.10 0.07 0.05 0.03 0.01 0.00 0.04 0.11 0.22 0.36 0.52 0.69 0.87 1.06 1.25 1.42 1.57 1.69 1.75 1.78 1.75 1.69 1.61 1.52 1.40 1.28 1.14 0.99 0.84 0.68 0.51 0.33 0.16 0.00 0.00 0.00 0.00 0.00 0.00 0.00 0.00 0.00 0.00 0.00 0.00 0.02 0.34 0.73 1.19 1.71 2.28 2.90 3.56 4.23 4.93 5.62 6.31 6.99 7.59 8.06 8.38 8.58 8.67 8.65
0.22 0.23 0.24 0.25 0.26 0.27 0.27 0.28 0.28 0.28 0.28 0.27 0.26 0.24 0.23 0.21 0.19 0.16 0.14 0.12 0.10 0.07 0.05 0.03 0.01 0.00 0.04 0.12 0.24 0.39 0.56 0.75 0.96 1.17 1.37 1.56 1.72 1.85 1.93 1.97 1.96 1.91 1.82 1.71 1.59 1.46 1.31 1.16 1.00 0.83 0.65 0.47 0.30 0.13 0.00 0.00 0.00 0.00 0.00 0.00 0.00 0.00 0.00 0.00 0.00 0.04 0.35 0.72 1.15 1.64 2.18 2.77 3.40 4.05 4.71 5.38 6.05 6.70 7.28 7.72 8.02 8.19 8.24 8.19
0.25 0.26 0.27 0.28 0.29 0.30 0.30 0.31 0.31 0.30 0.29 0.28 0.27 0.25 0.23 0.21 0.19 0.17 0.14 0.12 0.09 0.07 0.05 0.03 0.01 0.00 0.05 0.14 0.26 0.42 0.61 0.82 1.04 1.27 1.49 1.69 1.85 1.99 2.08 2.14 2.15 2.12 2.04 1.92 1.79 1.64 1.49 1.33 1.16 0.98 0.80 0.62 0.43 0.25 0.08 0.00 0.00 0.00 0.00 0.00 0.00 0.00 0.00 0.00 0.00 0.08 0.38 0.74 1.14 1.60 2.10 2.66 3.25 3.86 4.50 5.14 5.77 6.40 6.95 7.36 7.63 7.76 7.77 7.68
0.28 0.29 0.30 0.31 0.32 0.32 0.33 0.33 0.32 0.32 0.31 0.29 0.28 0.26 0.24 0.21 0.19 0.16 0.14 0.12 0.09 0.07 0.05 0.02 0.00 0.01 0.05 0.15 0.29 0.46 0.66 0.89 1.13 1.37 1.59 1.78 1.96 2.10 2.21 2.28 2.31 2.30 2.24 2.13 1.99 1.84 1.67 1.50 1.32 1.14 0.95 0.76 0.57 0.38 0.20 0.03 0.00 0.00 0.00 0.00 0.00 0.00 0.00 0.00 0.00 0.15 0.44 0.77 1.15 1.58 2.05 2.56 3.11 3.69 4.28 4.89 5.49 6.08 6.60 6.97 7.20 7.30 7.27 7.13
0.31 0.32 0.33 0.34 0.34 0.35 0.35 0.35 0.34 0.33 0.31 0.30 0.28 0.26 0.24 0.21 0.19 0.16 0.14 0.11 0.09 0.06 0.04 0.02 0.00 0.01 0.06 0.16 0.31 0.50 0.71 0.95 1.20 1.43 1.65 1.85 2.03 2.18 2.30 2.39 2.44 2.45 2.41 2.33 2.20 2.04 1.86 1.68 1.49 1.30 1.10 0.90 0.71 0.51 0.31 0.13 0.00 0.00 0.00 0.00 0.00 0.00 0.00 0.00 0.00 0.23 0.51 0.83 1.18 1.58 2.01 2.48 2.99 3.52 4.08 4.64 5.20 5.75 6.23 6.57 6.75 6.80 6.72 6.53
0.33 0.34 0.35 0.36 0.37 0.37 0.37 0.36 0.35 0.34 0.32 0.30 0.28 0.26 0.23 0.21 0.18 0.16 0.13 0.11 0.08 0.06 0.04 0.02 0.00 0.01 0.07 0.18 0.34 0.53 0.76 1.01 1.25 1.48 1.69 1.89 2.07 2.23 2.36 2.46 2.53 2.56 2.55 2.49 2.39 2.24 2.05 1.86 1.66 1.46 1.26 1.05 0.84 0.64 0.43 0.23 0.04 0.00 0.00 0.00 0.00 0.00 0.00 0.00 0.13 0.35 0.61 0.90 1.24 1.60 2.00 2.43 2.89 3.37 3.88 4.40 4.91 5.42 5.86 6.15 6.28 6.28 6.15 5.91
0.36 0.37 0.38 0.38 0.39 0.38 0.38 0.37 0.36 0.34 0.32 0.30 0.28 0.25 0.23 0.20 0.18 0.15 0.13 0.10 0.08 0.06 0.04 0.02 0.00 0.01 0.08 0.20 0.36 0.57 0.80 1.03 1.26 1.48 1.70 1.90 2.08 2.25 2.39 2.50 2.59 2.64 2.65 2.62 2.54 2.42 2.25 2.05 1.84 1.63 1.41 1.20 0.98 0.76 0.54 0.33 0.14 0.00 0.00 0.00 0.00 0.00 0.00 0.11 0.28 0.49 0.73 1.01 1.31 1.65 2.01 2.40 2.81 3.25 3.70 4.16 4.63 5.09 5.48 5.71 5.80 5.74 5.56 5.30
0.38 0.39 0.40 0.40 0.40 0.39 0.39 0.37 0.36 0.34 0.32 0.30 0.27 0.25 0.22 0.20 0.17 0.14 0.12 0.09 0.07 0.05 0.03 0.02 0.00 0.01 0.08 0.21 0.39 0.59 0.81 1.02 1.24 1.46 1.67 1.87 2.06 2.23 2.38 2.51 2.60 2.67 2.71 2.70 2.66 2.56 2.42 2.24 2.02 1.80 1.57 1.35 1.12 0.89 0.66 0.44 0.27 0.14 0.06 0.03 0.04 0.09 0.18 0.30 0.46 0.66 0.88 1.14 1.42 1.72 2.05 2.39 2.76 3.14 3.54 3.95 4.36 4.76 5.10 5.27 5.30 5.18 4.99 4.77
0.40 0.41 0.41 0.41 0.41 0.40 0.39 0.37 0.35 0.33 0.31 0.29 0.26 0.24 0.21 0.18 0.16 0.13 0.11 0.08 0.06 0.04 0.03 0.01 0.00 0.02 0.09 0.23 0.39 0.58 0.78 0.98 1.19 1.40 1.60 1.80 1.99 2.17 2.33 2.46 2.58 2.66 2.72 2.74 2.72 2.66 2.56 2.40 2.20 1.97 1.73 1.50 1.26 1.02 0.78 0.59 0.44 0.33 0.27 0.25 0.27 0.32 0.41 0.53 0.68 0.86 1.07 1.29 1.54 1.82 2.10 2.41 2.73 3.06 3.40 3.74 4.09 4.44 4.71 4.83 4.80 4.67 4.51 4.31
0.41 0.42 0.42 0.42 0.41 0.40 0.38 0.37 0.35 0.33 0.30 0.28 0.25 0.22 0.20 0.17 0.15 0.12 0.10 0.07 0.05 0.04 0.02 0.01 0.00 0.02 0.10 0.22 0.37 0.53 0.71 0.90 1.09 1.30 1.50 1.69 1.88 2.06 2.23 2.38 2.51 2.61 2.69 2.73 2.74 2.71 2.64 2.52 2.35 2.14 1.89 1.65 1.40 1.15 0.94 0.78 0.65 0.57 0.53 0.52 0.54 0.60 0.68 0.79 0.93 1.10 1.28 1.48 1.70 1.94 2.19 2.45 2.72 3.00 3.28 3.56 3.85 4.13 4.34 4.39 4.35 4.25 4.11 3.94
0.43 0.43 0.43 0.42 0.41 0.39 0.38 0.36 0.34 0.31 0.29 0.26 0.24 0.21 0.18 0.16 0.13 0.11 0.08 0.06 0.04 0.03 0.02 0.01 0.00 0.02 0.09 0.18 0.30 0.44 0.60 0.78 0.96 1.15 1.35 1.54 1.73 1.92 2.09 2.25 2.39 2.51 2.61 2.67 2.71 2.71 2.67 2.59 2.46 2.28 2.05 1.80 1.55 1.33 1.16 1.02 0.92 0.85 0.82 0.82 0.85 0.91 0.99 1.10 1.22 1.37 1.53 1.70 1.89 2.09 2.30 2.52 2.74 2.96 3.18 3.40 3.62 3.83 3.98 4.02 4.01 3.94 3.83 3.68
0.43 0.43 0.42 0.41 0.40 0.39 0.37 0.35 0.32 0.30 0.27 0.25 0.22 0.19 0.16 0.14 0.11 0.09 0.07 0.05 0.03 0.02 0.01 0.00 0.00 0.01 0.04 0.11 0.20 0.32 0.46 0.62 0.79 0.97 1.15 1.35 1.54 1.72 1.90 2.07 2.22 2.36 2.47 2.56 2.62 2.65 2.65 2.60 2.51 2.37 2.19 1.96 1.74 1.56 1.41 1.30 1.22 1.18 1.16 1.17 1.20 1.26 1.33 1.43 1.54 1.67 1.80 1.95 2.11 2.27 2.44 2.61 2.77 2.94 3.10 3.26 3.41 3.55 3.68 3.75 3.77 3.73 3.64 3.51
0.44 0.43 0.42 0.41 0.40 0.38 0.36 0.33 0.31 0.28 0.26 0.23 0.20 0.18 0.15 0.12 0.10 0.08 0.06 0.04 0.02 0.01 0.01 0.00 0.00 0.00 0.01 0.04 0.11 0.20 0.32 0.45 0.61 0.78 0.96 1.14 1.33 1.52 1.70 1.87 2.04 2.19 2.32 2.43 2.51 2.57 2.59 2.57 2.52 2.42 2.28 2.10 1.92 1.77 1.66 1.57 1.52 1.49 1.48 1.50 1.54 1.59 1.66 1.75 1.84 1.95 2.06 2.18 2.30 2.43 2.55 2.67 2.79 2.90 3.00 3.09 3.17 3.27 3.40 3.50 3.55 3.54 3.47 3.37
0.45 0.44 0.43 0.41 0.39 0.37 0.35 0.33 0.30 0.27 0.24 0.22 0.19 0.16 0.14 0.11 0.09 0.07 0.05 0.03 0.02 0.01 0.00 0.00 0.00 0.00 0.00 0.01 0.04 0.11 0.20 0.31 0.45 0.60 0.77 0.95 1.13 1.31 1.50 1.68 1.85 2.01 2.15 2.28 2.38 2.46 2.51 2.52 2.50 2.44 2.34 2.20 2.06 1.95 1.87 1.81 1.77 1.76 1.77 1.79 1.83 1.88 1.95 2.02 2.10 2.18 2.27 2.36 2.45 2.54 2.62 2.69 2.75 2.80 2.84 2.87 2.92 3.00 3.12 3.22 3.29 3.32 3.29 3.20
0.46 0.45 0.44 0.42 0.40 0.37 0.35 0.32 0.29 0.27 0.24 0.21 0.18 0.15 0.13 0.10 0.08 0.06 0.04 0.03 0.02 0.01 0.00 0.00 0.00 0.00 0.00 0.00 0.01 0.04 0.11 0.20 0.31 0.45 0.60 0.76 0.93 1.11 1.29 1.48 1.65 1.82 1.97 2.11 2.23 2.33 2.41 2.45 2.46 2.43 2.37 2.26 2.16 2.09 2.04 2.00 1.99 1.99 2.01 2.04 2.08 2.13 2.19 2.25 2.31 2.37 2.44 2.50 2.55 2.60 2.63 2.66 2.67 2.66 2.64 2.64 2.67 2.75 2.85 2.94 3.01 3.07 3.07 3.02
0.47 0.46 0.45 0.43 0.40 0.38 0.35 0.32 0.29 0.26 0.23 0.20 0.17 0.15 0.12 0.10 0.07 0.05 0.04 0.02 0.02 0.01 0.00 0.00 0.00 0.00 0.00 0.00 0.00 0.01 0.04 0.10 0.19 0.31 0.44 0.59 0.75 0.92 1.10 1.28 1.45 1.63 1.79 1.94 2.08 2.19 2.29 2.35 2.39 2.40 2.36 2.30 2.23 2.19 2.17 2.16 2.16 2.18 2.21 2.25 2.29 2.33 2.38 2.43 2.48 2.52 2.56 2.58 2.60 2.61 2.60 2.57 2.53 2.47 2.42 2.41 2.43 2.50 2.59 2.67 2.74 2.79 2.83 2.81
0.48 0.47 0.46 0.44 0.41 0.38 0.35 0.32 0.29 0.26 0.23 0.20 0.17 0.14 0.12 0.09 0.07 0.05 0.04 0.02 0.02 0.01 0.00 0.00 0.00 0.00 0.00 0.00 0.00 0.00 0.01 0.04 0.10 0.19 0.30 0.44 0.58 0.74 0.91 1.09 1.26 1.43 1.60 1.76 1.91 2.04 2.15 2.24 2.30 2.33 2.33 2.30 2.27 2.26 2.26 2.27 2.30 2.33 2.37 2.41 2.45 2.49 2.53 2.57 2.60 2.62 2.63 2.62 2.60 2.57 2.51 2.44 2.34 2.26 2.20 2.18 2.20 2.26 2.34 2.41 2.47 2.52 2.56 2.58
0.49 0.48 0.47 0.45 0.42 0.39 0.36 0.33 0.29 0.26 0.23 0.20 0.17 0.14 0.11 0.09 0.07 0.05 0.04 0.03 0.02 0.01 0.00 0.00 0.00 0.00 0.00 0.00 0.00 0.00 0.00 0.01 0.04 0.10 0.19 0.30 0.43 0.58 0.73 0.90 1.07 1.24 1.41 1.58 1.73 1.88 2.00 2.11 2.19 2.25 2.28 2.28 2.28 2.29 2.32 2.35 2.39 2.44 2.48 2.53 2.57 2.61 2.64 2.66 2.67 2.67 2.65 2.61 2.56 2.48 2.38 2.26 2.14 2.05 1.99 1.97 1.98 2.03 2.10 2.17 2.22 2.26 2.29 2.32
0.49 0.49 0.48 0.46 0.43 0.40 0.37 0.33 0.30 0.26 0.23 0.20 0.17 0.14 0.11 0.09 0.07 0.05 0.04 0.03 0.02 0.01 0.00 0.00 0.00 0.00 0.00 0.00 0.00 0.00 0.00 0.00 0.01 0.04 0.10 0.19 0.30 0.43 0.57 0.73 0.89 1.06 1.23 1.39 1.55 1.71 1.84 1.97 2.07 2.15 2.20 2.23 2.25 2.29 2.34 2.39 2.45 2.50 2.56 2.61 2.65 2.68 2.70 2.71 2.70 2.67 2.62 2.56 2.46 2.34 2.20 2.06 1.94 1.85 1.79 1.77 1.78 1.82 1.88 1.93 1.98 2.01 2.04 2.06
0.50 0.49 0.48 0.46 0.44 0.41 0.38 0.34 0.30 0.27 0.23 0.20 0.17 0.14 0.11 0.09 0.07 0.05 0.04 0.03 0.02 0.01 0.00 0.00 0.00 0.00 0.00 0.00 0.00 0.00 0.00 0.00 0.00 0.01 0.04 0.10 0.19 0.30 0.42 0.56 0.72 0.88 1.04 1.21 1.37 1.53 1.68 1.81 1.93 2.03 2.11 2.16 2.21 2.27 2.33 2.40 2.46 2.53 2.59 2.64 2.68 2.71 2.72 2.71 2.68 2.63 2.55 2.45 2.32 2.16 2.00 1.86 1.75 1.66 1.60 1.57 1.58 1.61 1.66 1.71 1.75 1.78 1.80 1.81
0.50 0.50 0.49 0.47 0.45 0.42 0.39 0.35 0.31 0.27 0.24 0.20 0.17 0.14 0.12 0.09 0.07 0.06 0.04 0.03 0.02 0.01 0.00 0.00 0.00 0.00 0.00 0.00 0.00 0.00 0.00 0.00 0.00 0.00 0.01 0.04 0.10 0.18 0.29 0.42 0.56 0.71 0.87 1.03 1.19 1.35 1.51 1.65 1.79 1.90 1.99 2.07 2.14 2.21 2.29 2.37 2.45 2.52 2.58 2.63 2.67 2.69 2.69 2.66 2.61 2.53 2.43 2.29 2.12 1.95 1.80 1.67 1.56 1.47 1.42 1.39 1.38 1.41 1.45 1.49 1.53 1.55 1.57 1.58
0.51 0.50 0.49 0.48 0.45 0.43 0.39 0.36 0.32 0.28 0.24 0.21 0.18 0.15 0.12 0.10 0.07 0.06 0.04 0.03 0.02 0.01 0.01 0.00 0.00 0.00 0.00 0.00 0.00 0.00 0.00 0.00 0.00 0.00 0.00 0.01 0.04 0.10 0.18 0.29 0.41 0.55 0.70 0.86 1.02 1.18 1.34 1.49 1.63 1.76 1.87 1.96 2.05 2.14 2.23 2.32 2.40 2.47 2.53 2.58 2.61 2.62 2.61 2.57 2.49 2.39 2.26 2.09 1.91 1.75 1.60 1.48 1.38 1.30 1.24 1.21 1.20 1.22 1.26 1.29 1.32 1.34 1.35 1.36
0.51 0.50 0.49 0.48 0.46 0.43 0.40 0.36 0.33 0.29 0.25 0.21 0.18 0.15 0.12 0.10 0.08 0.06 0.04 0.03 0.02 0.01 0.01 0.00 0.00 0.00 0.00 0.00 0.00 0.00 0.00 0.00 0.00 0.00 0.00 0.00 0.01 0.04 0.10 0.18 0.29 0.41 0.55 0.69 0.85 1.01 1.16 1.32 1.47 1.61 1.73 1.84 1.94 2.04 2.14 2.24 2.32 2.39 2.45 2.49 2.51 2.51 2.48 2.42 2.33 2.20 2.04 1.86 1.70 1.55 1.41 1.30 1.20 1.12 1.07 1.03 1.02 1.04 1.07 1.10 1.12 1.14 1.15 1.15
