data_processed/recharge/precip/Precip_1992_08.asc
ncols        168
nrows        136
xllcorner    455000
yllcorner    2107000
cellsize     500
NODATA_value     -99999
[rows 64 to 95 of 136, columns 0 to 72 of 168]
127.03 125.37 123.70 122.03 120.38 118.75 117.16 115.61 114.12 112.69 111.41 110.35 109.55 109.04 109.00 109.51 110.57 112.18 114.31 116.95 120.10 123.75 127.87 132.47 137.53 142.85 148.20 153.51 158.78 163.96 169.03 173.97 178.74 183.33 187.69 191.82 195.66 199.18 202.33 205.09 207.55 209.88 212.06 214.10 215.96 217.63 219.09 220.32 221.30 222.02 222.45 222.57 222.37 221.86 221.07 220.00 218.68 217.13 215.36 213.39 211.24 208.94 206.47 203.76 200.71 197.36 193.75 190.00 186.17 182.27 178.31 174.32 170.31
129.15 127.46 125.77 124.07 122.40 120.74 119.11 117.53 116.01 114.61 113.43 112.48 111.77 111.29 111.09 111.35 112.15 113.50 115.38 117.78 120.69 124.10 127.99 132.36 137.19 142.30 147.47 152.65 157.80 162.91 167.95 172.88 177.69 182.34 186.81 191.06 195.06 198.77 202.14 205.13 207.73 210.03 212.18 214.19 216.03 217.69 219.16 220.40 221.41 222.16 222.63 222.81 222.66 222.20 221.44 220.40 219.11 217.58 215.83 213.87 211.73 209.40 206.81 203.87 200.60 197.03 193.20 189.17 185.05 180.88 176.69 172.50 168.31
131.35 129.64 127.92 126.20 124.49 122.80 121.14 119.52 118.02 116.73 115.65 114.79 114.15 113.72 113.52 113.58 114.09 115.14 116.73 118.84 121.46 124.59 128.20 132.30 136.85 141.71 146.66 151.65 156.66 161.65 166.60 171.49 176.29 180.96 185.48 189.82 193.94 197.80 201.35 204.57 207.41 209.85 211.99 213.97 215.80 217.46 218.92 220.18 221.21 221.99 222.51 222.74 222.64 222.22 221.51 220.50 219.24 217.73 215.99 214.04 211.89 209.45 206.64 203.49 200.02 196.27 192.27 188.07 183.71 179.32 174.92 170.55 166.21
133.63 131.89 130.14 128.39 126.64 124.91 123.22 121.63 120.23 119.03 118.04 117.25 116.66 116.28 116.09 116.11 116.39 117.11 118.36 120.13 122.42 125.22 128.52 132.29 136.53 141.10 145.78 150.54 155.35 160.18 165.01 169.81 174.54 179.19 183.73 188.12 192.33 196.30 200.02 203.43 206.49 209.18 211.47 213.45 215.26 216.91 218.38 219.65 220.70 221.52 222.08 222.36 222.32 221.94 221.26 220.30 219.06 217.57 215.85 213.90 211.64 208.99 205.98 202.64 199.00 195.10 190.97 186.65 182.17 177.60 173.02 168.49 164.03
135.99 134.21 132.43 130.64 128.85 127.09 125.42 123.92 122.62 121.50 120.57 119.83 119.28 118.91 118.74 118.75 118.95 119.39 120.27 121.66 123.58 126.01 128.94 132.35 136.23 140.45 144.83 149.31 153.88 158.51 163.17 167.83 172.47 177.07 181.59 186.00 190.25 194.32 198.16 201.73 204.99 207.91 210.45 212.58 214.40 216.05 217.52 218.81 219.89 220.74 221.35 221.68 221.68 221.35 220.71 219.78 218.57 217.10 215.38 213.33 210.88 208.04 204.86 201.36 197.58 193.56 189.33 184.92 180.37 175.72 171.02 166.37 161.81
138.40 136.59 134.77 132.94 131.12 129.38 127.79 126.39 125.15 124.10 123.21 122.50 121.97 121.61 121.42 121.41 121.57 121.90 122.46 123.44 124.94 126.96 129.47 132.48 135.96 139.79 143.81 147.98 152.27 156.65 161.09 165.58 170.09 174.60 179.08 183.48 187.76 191.88 195.81 199.51 202.94 206.07 208.84 211.23 213.21 214.87 216.35 217.65 218.75 219.64 220.29 220.67 220.73 220.44 219.84 218.94 217.76 216.30 214.49 212.26 209.63 206.63 203.31 199.68 195.80 191.68 187.38 182.91 178.33 173.66 168.93 164.21 159.58
140.87 139.02 137.16 135.29 133.49 131.83 130.33 129.00 127.82 126.80 125.95 125.25 124.72 124.34 124.12 124.06 124.16 124.42 124.84 125.47 126.52 128.07 130.13 132.68 135.72 139.12 142.75 146.55 150.51 154.59 158.79 163.08 167.44 171.84 176.24 180.59 184.86 189.02 193.01 196.81 200.37 203.67 206.65 209.28 211.52 213.35 214.85 216.17 217.29 218.22 218.91 219.35 219.45 219.21 218.65 217.78 216.61 215.07 213.10 210.70 207.92 204.80 201.36 197.64 193.67 189.50 185.15 180.66 176.07 171.40 166.70 162.00 157.35
143.39 141.50 139.59 137.74 136.01 134.44 133.01 131.73 130.59 129.60 128.75 128.05 127.49 127.08 126.81 126.69 126.71 126.88 127.19 127.65 128.30 129.36 130.92 132.98 135.52 138.45 141.63 145.03 148.61 152.37 156.30 160.38 164.56 168.81 173.10 177.38 181.61 185.76 189.79 193.65 197.32 200.75 203.90 206.74 209.23 211.33 213.01 214.36 215.51 216.47 217.21 217.70 217.85 217.65 217.13 216.28 215.05 213.35 211.22 208.69 205.79 202.56 199.04 195.26 191.24 187.04 182.68 178.19 173.62 168.99 164.35 159.72 155.14
145.94 144.01 142.11 140.34 138.69 137.18 135.80 134.55 133.43 132.44 131.59 130.86 130.27 129.80 129.47 129.27 129.19 129.25 129.43 129.75 130.19 130.82 131.84 133.36 135.37 137.78 140.47 143.42 146.60 150.03 153.67 157.50 161.47 165.55 169.69 173.86 178.03 182.14 186.17 190.07 193.81 197.35 200.65 203.67 206.37 208.71 210.66 212.20 213.40 214.39 215.17 215.71 215.92 215.77 215.27 214.36 212.98 211.14 208.89 206.25 203.27 199.97 196.39 192.57 188.54 184.33 179.99 175.54 171.02 166.46 161.90 157.38 152.92
148.53 146.60 144.78 143.08 141.49 140.02 138.67 137.44 136.32 135.32 134.44 133.67 133.02 132.48 132.06 131.76 131.57 131.50 131.54 131.69 131.96 132.35 132.90 133.84 135.27 137.12 139.29 141.75 144.53 147.60 150.93 154.48 158.21 162.08 166.05 170.08 174.15 178.19 182.19 186.10 189.88 193.50 196.91 200.07 202.96 205.52 207.73 209.54 210.92 211.97 212.80 213.40 213.65 213.53 212.99 211.94 210.43 208.49 206.14 203.43 200.38 197.04 193.44 189.62 185.60 181.42 177.12 172.73 168.30 163.84 159.40 155.01 150.70
151.19 149.34 147.58 145.94 144.39 142.95 141.61 140.37 139.24 138.21 137.28 136.45 135.72 135.09 134.57 134.15 133.82 133.60 133.48 133.46 133.53 133.71 133.99 134.43 135.24 136.48 138.09 140.08 142.44 145.13 148.12 151.35 154.81 158.44 162.20 166.07 170.00 173.95 177.89 181.77 185.56 189.22 192.71 196.00 199.03 201.79 204.22 206.28 207.95 209.19 210.09 210.74 211.03 210.87 210.20 209.05 207.44 205.41 203.00 200.24 197.17 193.82 190.23 186.42 182.45 178.33 174.11 169.81 165.48 161.16 156.86 152.63 148.51
153.99 152.20 150.50 148.88 147.36 145.93 144.58 143.32 142.15 141.07 140.07 139.16 138.34 137.61 136.96 136.40 135.93 135.54 135.23 135.02 134.88 134.84 134.87 135.00 135.27 135.88 136.95 138.46 140.37 142.65 145.25 148.15 151.30 154.66 158.19 161.86 165.62 169.45 173.29 177.12 180.89 184.56 188.10 191.47 194.63 197.54 200.16 202.46 204.39 205.92 207.02 207.73 207.99 207.72 206.95 205.70 204.03 201.95 199.50 196.73 193.66 190.33 186.77 183.02 179.12 175.09 170.97 166.80 162.62 158.45 154.33 150.30 146.38
156.67 154.94 153.28 151.70 150.19 148.76 147.40 146.11 144.90 143.76 142.69 141.70 140.78 139.93 139.15 138.45 137.81 137.25 136.76 136.34 135.99 135.71 135.51 135.37 135.32 135.46 135.99 136.98 138.41 140.25 142.45 144.97 147.78 150.84 154.11 157.55 161.12 164.78 168.50 172.24 175.96 179.62 183.18 186.60 189.85 192.88 195.67 198.16 200.32 202.12 203.53 204.49 204.70 204.33 203.48 202.17 200.44 198.34 195.88 193.11 190.06 186.77 183.27 179.59 175.78 171.86 167.87 163.85 159.82 155.83 151.91 148.09 144.41
158.53 156.89 155.31 153.79 152.32 150.92 149.58 148.30 147.07 145.91 144.80 143.75 142.76 141.82 140.95 140.13 139.37 138.66 138.02 137.43 136.89 136.41 135.99 135.64 135.44 135.36 135.45 135.90 136.83 138.19 139.95 142.07 144.51 147.24 150.21 153.38 156.73 160.21 163.77 167.39 171.03 174.64 178.18 181.63 184.94 188.07 190.98 193.64 196.00 198.05 199.88 201.39 201.89 201.47 200.52 199.13 197.35 195.20 192.72 189.94 186.91 183.64 180.19 176.58 172.85 169.02 165.15 161.26 157.39 153.56 149.83 146.21 142.75
159.49 157.91 156.44 155.03 153.65 152.32 151.04 149.80 148.60 147.45 146.34 145.28 144.26 143.28 142.35 141.46 140.61 139.80 139.04 138.32 137.64 137.00 136.42 135.95 135.62 135.41 135.29 135.31 135.70 136.56 137.85 139.54 141.58 143.94 146.59 149.47 152.56 155.82 159.20 162.67 166.19 169.72 173.23 176.67 180.00 183.19 186.21 189.00 191.55 193.94 196.27 198.32 199.35 199.20 198.20 196.72 194.86 192.65 190.13 187.33 184.29 181.04 177.61 174.04 170.37 166.63 162.86 159.08 155.34 151.67 148.10 144.67 141.41
159.91 158.13 156.75 155.47 154.22 153.01 151.82 150.67 149.54 148.44 147.38 146.34 145.33 144.35 143.40 142.48 141.58 140.71 139.87 139.06 138.28 137.53 136.87 136.31 135.88 135.55 135.30 135.12 135.09 135.41 136.20 137.42 139.04 141.01 143.29 145.86 148.66 151.66 154.83 158.12 161.50 164.92 168.35 171.75 175.08 178.31 181.39 184.30 187.13 189.94 192.72 195.26 196.81 197.17 196.42 194.88 192.93 190.64 188.06 185.22 182.15 178.89 175.47 171.94 168.31 164.63 160.94 157.26 153.63 150.09 146.67 143.41 140.34
160.02 157.88 156.34 155.17 154.10 153.03 151.99 150.96 149.94 148.94 147.95 146.98 146.02 145.08 144.15 143.24 142.34 141.45 140.58 139.72 138.87 138.08 137.36 136.73 136.21 135.77 135.41 135.11 134.88 134.79 135.05 135.78 136.94 138.48 140.38 142.59 145.07 147.79 150.71 153.79 156.99 160.28 163.60 166.93 170.23 173.46 176.60 179.71 182.87 186.07 189.26 192.22 194.23 195.07 194.80 193.51 191.49 189.11 186.45 183.55 180.44 177.15 173.73 170.20 166.60 162.97 159.33 155.73 152.20 148.78 145.49 142.38 139.47
159.87 157.41 155.55 154.25 153.32 152.45 151.58 150.71 149.85 148.98 148.12 147.26 146.39 145.53 144.66 143.80 142.93 142.06 141.20 140.33 139.48 138.67 137.91 137.22 136.61 136.09 135.62 135.22 134.88 134.60 134.44 134.65 135.32 136.41 137.88 139.71 141.85 144.25 146.90 149.73 152.73 155.84 159.03 162.26 165.50 168.71 171.97 175.35 178.82 182.34 185.88 189.22 191.63 192.90 193.08 192.24 190.45 188.00 185.25 182.26 179.09 175.76 172.31 168.78 165.19 161.58 157.99 154.45 151.00 147.67 144.49 141.51 138.76
159.48 156.75 154.61 153.04 152.00 151.30 150.66 150.00 149.32 148.63 147.93 147.22 146.48 145.74 144.98 144.20 143.41 142.61 141.78 140.95 140.11 139.30 138.51 137.77 137.10 136.49 135.93 135.44 135.00 134.61 134.28 134.08 134.23 134.83 135.86 137.27 139.03 141.09 143.42 145.99 148.75 151.66 154.68 157.78 160.94 164.20 167.65 171.25 174.97 178.76 182.60 186.26 189.01 190.66 191.24 190.82 189.45 187.21 184.39 181.31 178.06 174.67 171.18 167.61 164.01 160.41 156.85 153.35 149.96 146.71 143.63 140.77 138.16
158.88 155.94 153.57 151.75 150.48 149.71 149.26 148.85 148.41 147.94 147.44 146.91 146.35 145.77 145.15 144.51 143.83 143.12 142.37 141.58 140.78 139.97 139.17 138.39 137.66 136.98 136.35 135.77 135.25 134.77 134.34 133.97 133.71 133.80 134.35 135.31 136.66 138.35 140.35 142.61 145.10 147.77 150.60 153.56 156.69 160.07 163.66 167.43 171.34 175.35 179.43 183.36 186.40 188.36 189.28 189.23 188.26 186.42 183.79 180.64 177.29 173.82 170.26 166.65 163.02 159.41 155.86 152.39 149.04 145.85 142.86 140.14 137.68
158.12 155.00 152.45 150.44 148.97 148.00 147.52 147.33 147.16 146.95 146.69 146.39 146.05 145.66 145.23 144.76 144.23 143.63 142.96 142.23 141.47 140.68 139.88 139.08 138.31 137.57 136.87 136.23 135.62 135.07 134.56 134.09 133.67 133.36 133.40 133.89 134.80 136.08 137.71 139.64 141.83 144.24 146.85 149.71 152.88 156.32 160.01 163.89 167.94 172.12 176.38 180.51 183.79 186.01 187.22 187.48 186.85 185.38 183.12 180.14 176.72 173.15 169.51 165.84 162.17 158.53 154.96 151.49 148.17 145.05 142.20 139.62 137.30
157.21 153.97 151.28 149.13 147.50 146.37 145.73 145.54 145.63 145.71 145.74 145.71 145.62 145.48 145.27 145.00 144.62 144.13 143.56 142.90 142.19 141.43 140.64 139.84 139.03 138.24 137.50 136.80 136.13 135.51 134.93 134.39 133.88 133.42 133.06 133.05 133.49 134.34 135.56 137.12 138.98 141.11 143.56 146.38 149.53 152.99 156.71 160.65 164.78 169.06 173.45 177.74 181.19 183.62 185.06 185.59 185.24 184.08 182.15 179.52 176.25 172.61 168.87 165.12 161.38 157.70 154.10 150.63 147.34 144.34 141.63 139.20 137.00
156.18 152.87 150.10 147.86 146.12 144.88 144.11 143.80 143.92 144.28 144.64 144.92 145.12 145.26 145.30 145.22 144.99 144.63 144.16 143.59 142.95 142.23 141.47 140.66 139.84 139.02 138.24 137.49 136.78 136.10 135.46 134.85 134.28 133.74 133.23 132.83 132.77 133.15 133.94 135.11 136.62 138.52 140.84 143.56 146.65 150.06 153.76 157.71 161.87 166.20 170.67 175.05 178.63 181.20 182.82 183.55 183.43 182.53 180.89 178.56 175.61 172.11 168.29 164.44 160.62 156.87 153.22 149.76 146.60 143.74 141.17 138.86 136.79
155.07 151.74 148.94 146.65 144.86 143.55 142.70 142.30 142.34 142.77 143.43 144.06 144.61 145.04 145.31 145.41 145.34 145.12 144.77 144.31 143.74 143.08 142.35 141.56 140.73 139.89 139.08 138.30 137.55 136.83 136.14 135.48 134.85 134.25 133.68 133.14 132.69 132.58 132.91 133.66 134.86 136.55 138.71 141.29 144.25 147.57 151.19 155.09 159.22 163.54 168.03 172.45 176.10 178.77 180.51 181.39 181.44 180.74 179.32 177.25 174.58 171.36 167.67 163.74 159.82 155.99 152.33 148.98 145.95 143.23 140.78 138.60 136.64
153.91 150.60 147.81 145.53 143.73 142.41 141.53 141.10 141.08 141.47 142.23 143.20 144.09 144.80 145.28 145.57 145.68 145.62 145.40 145.04 144.56 143.97 143.29 142.53 141.70 140.86 140.03 139.24 138.46 137.71 136.99 136.29 135.62 134.96 134.34 133.73 133.15 132.66 132.52 132.88 133.80 135.25 137.18 139.56 142.35 145.51 149.00 152.79 156.84 161.10 165.55 169.96 173.62 176.32 178.13 179.10 179.28 178.72 177.47 175.60 173.16 170.19 166.76 162.93 158.92 155.05 151.50 148.28 145.39 142.79 140.47 138.40 136.56
152.72 149.49 146.76 144.53 142.78 141.49 140.64 140.21 140.20 140.58 141.33 142.40 143.55 144.50 145.22 145.71 146.01 146.11 146.04 145.80 145.43 144.92 144.30 143.57 142.77 141.93 141.10 140.29 139.51 138.74 138.00 137.27 136.56 135.88 135.20 134.55 133.92 133.31 132.86 132.87 133.47 134.61 136.26 138.38 140.94 143.89 147.20 150.83 154.73 158.88 163.23 167.58 171.19 173.88 175.70 176.71 176.94 176.47 175.35 173.62 171.34 168.57 165.36 161.77 157.92 154.18 150.76 147.68 144.91 142.43 140.22 138.26 136.52
151.54 148.43 145.82 143.69 142.03 140.82 140.04 139.67 139.71 140.13 140.88 141.85 143.00 144.16 145.11 145.83 146.32 146.60 146.69 146.59 146.33 145.91 145.36 144.69 143.92 143.09 142.28 141.48 140.69 139.92 139.17 138.43 137.70 136.99 136.29 135.60 134.93 134.34 133.88 133.65 133.86 134.65 135.96 137.78 140.04 142.73 145.80 149.21 152.92 156.89 161.10 165.32 168.83 171.45 173.23 174.21 174.46 174.02 172.96 171.32 169.16 166.53 163.48 160.16 156.76 153.36 150.10 147.14 144.49 142.13 140.03 138.17 136.53
150.40 147.46 145.01 143.03 141.51 140.43 139.77 139.52 139.65 140.12 140.80 141.65 142.66 143.82 144.97 145.92 146.63 147.10 147.35 147.40 147.27 146.96 146.49 145.89 145.16 144.36 143.57 142.79 142.02 141.26 140.50 139.76 139.03 138.30 137.58 136.88 136.24 135.72 135.33 135.06 135.00 135.37 136.30 137.75 139.67 142.04 144.81 147.94 151.40 155.15 159.15 163.19 166.55 169.04 170.72 171.63 171.83 171.37 170.31 168.70 166.60 164.06 161.22 158.30 155.37 152.43 149.49 146.67 144.14 141.88 139.88 138.11 136.56
149.32 146.60 144.37 142.59 141.26 140.36 139.87 139.77 140.01 140.46 141.05 141.79 142.67 143.70 144.85 145.99 146.92 147.59 148.03 148.24 148.25 148.06 147.69 147.16 146.49 145.73 144.98 144.23 143.48 142.74 142.00 141.27 140.54 139.81 139.10 138.43 137.87 137.42 137.08 136.85 136.73 136.79 137.28 138.30 139.83 141.82 144.23 147.04 150.20 153.66 157.40 161.21 164.36 166.67 168.19 168.97 169.06 168.53 167.42 165.79 163.69 161.27 158.78 156.28 153.79 151.28 148.76 146.24 143.83 141.67 139.76 138.08 136.61
148.34 145.89 143.92 142.39 141.30 140.62 140.35 140.41 140.68 141.07 141.60 142.25 143.03 143.93 144.96 146.09 147.21 148.10 148.73 149.11 149.27 149.21 148.96 148.52 147.91 147.21 146.50 145.80 145.09 144.38 143.67 142.96 142.25 141.54 140.87 140.29 139.81 139.41 139.11 138.90 138.79 138.76 138.90 139.45 140.52 142.08 144.09 146.51 149.31 152.44 155.86 159.38 162.26 164.33 165.64 166.23 166.17 165.51 164.29 162.58 160.54 158.42 156.30 154.19 152.07 149.95 147.82 145.68 143.54 141.49 139.67 138.07 136.67
147.49 145.36 143.69 142.46 141.66 141.26 141.20 141.33 141.58 141.95 142.42 143.01 143.70 144.50 145.41 146.43 147.54 148.60 149.44 150.01 150.33 150.42 150.29 149.95 149.43 148.79 148.15 147.50 146.84 146.17 145.51 144.83 144.15 143.51 142.93 142.43 142.01 141.66 141.38 141.18 141.06 141.01 141.03 141.21 141.77 142.85 144.39 146.37 148.75 151.48 154.54 157.71 160.27 162.05 163.09 163.44 163.17 162.31 160.94 159.21 157.41 155.61 153.83 152.05 150.28 148.50 146.72 144.93 143.12 141.31 139.59 138.06 136.72
146.79 145.03 143.72 142.84 142.37 142.25 142.30 142.45 142.71 143.06 143.51 144.05 144.68 145.40 146.21 147.12 148.10 149.17 150.18 150.95 151.44 151.69 151.69 151.47 151.04 150.48 149.91 149.33 148.73 148.13 147.51 146.88 146.28 145.73 145.24 144.81 144.43 144.12 143.86 143.65 143.51 143.42 143.39 143.42 143.58 144.11 145.14 146.62 148.53 150.82 153.45 156.21 158.40 159.83 160.54 160.60 160.06 158.96 157.50 155.95 154.43 152.92 151.43 149.94 148.47 146.99 145.51 144.02 142.53 141.01 139.49 138.05 136.77
