data_processed/recharge/precip/Precip_2001_03.asc
ncols        168
nrows        136
xllcorner    455000
yllcorner    2107000
cellsize     500
NODATA_value     -99999
[rows 72 to 107 of 136, columns 81 to 161 of 168]
0.00 0.00 0.00 0.00 0.10 0.38 0.67 0.99 1.32 1.68 2.05 2.44 2.84 3.25 3.65 4.05 4.45 4.85 5.25 5.66 6.07 6.49 6.91 7.33 7.75 8.18 8.60 9.03 9.45 9.88 10.34 10.81 11.32 11.83 12.37 12.91 13.47 14.03 14.59 15.16 15.75 16.35 16.96 17.58 18.21 18.85 19.49 20.07 20.56 20.94 21.23 21.44 21.57 21.62 21.62 21.56 21.47 21.35 21.20 21.01 20.79 20.54 20.25 19.93 19.59 19.29 19.03 18.82 18.65 18.52 18.43 18.37 18.34 18.32 18.31 18.30 18.29 18.28 18.28 18.29 18.30
0.00 0.00 0.00 0.00 0.10 0.35 0.63 0.93 1.24 1.57 1.92 2.29 2.68 3.08 3.48 3.88 4.28 4.68 5.09 5.49 5.91 6.32 6.74 7.17 7.59 8.02 8.44 8.87 9.30 9.75 10.23 10.73 11.25 11.78 12.33 12.88 13.44 13.99 14.55 15.11 15.66 16.23 16.80 17.38 17.97 18.56 19.15 19.69 20.12 20.47 20.73 20.92 21.03 21.08 21.08 21.05 20.99 20.90 20.79 20.65 20.47 20.27 20.03 19.77 19.48 19.17 18.89 18.66 18.48 18.34 18.24 18.17 18.14 18.12 18.10 18.09 18.08 18.07 18.07 18.07 18.09
0.00 0.00 0.00 0.00 0.11 0.35 0.60 0.88 1.18 1.49 1.83 2.18 2.54 2.93 3.33 3.73 4.13 4.53 4.94 5.34 5.76 6.18 6.60 7.02 7.45 7.87 8.30 8.73 9.19 9.67 10.17 10.68 11.22 11.76 12.31 12.86 13.42 13.97 14.52 15.06 15.59 16.12 16.65 17.19 17.73 18.26 18.79 19.27 19.66 19.97 20.19 20.35 20.44 20.49 20.50 20.50 20.47 20.41 20.33 20.22 20.09 19.93 19.75 19.54 19.30 19.03 18.75 18.51 18.31 18.16 18.05 17.98 17.94 17.92 17.90 17.88 17.87 17.86 17.86 17.87 17.92
0.00 0.00 0.00 0.00 0.13 0.35 0.60 0.86 1.14 1.44 1.75 2.09 2.44 2.81 3.19 3.59 3.99 4.40 4.80 5.22 5.63 6.05 6.48 6.90 7.33 7.75 8.19 8.64 9.12 9.62 10.14 10.67 11.21 11.76 12.31 12.87 13.42 13.96 14.50 15.02 15.53 16.02 16.51 16.99 17.47 17.95 18.42 18.84 19.17 19.43 19.61 19.74 19.81 19.87 19.90 19.91 19.90 19.87 19.82 19.75 19.65 19.54 19.39 19.23 19.04 18.83 18.60 18.35 18.14 17.98 17.86 17.78 17.74 17.72 17.69 17.67 17.66 17.65 17.66 17.69 17.77
0.00 0.00 0.00 0.00 0.16 0.37 0.60 0.85 1.12 1.40 1.71 2.03 2.37 2.72 3.09 3.48 3.88 4.29 4.70 5.11 5.53 5.95 6.37 6.80 7.23 7.66 8.12 8.60 9.10 9.62 10.15 10.69 11.24 11.79 12.34 12.89 13.43 13.96 14.48 14.98 15.47 15.93 16.37 16.80 17.22 17.63 18.03 18.38 18.66 18.86 19.00 19.10 19.17 19.23 19.27 19.30 19.31 19.30 19.27 19.23 19.17 19.08 18.98 18.86 18.72 18.56 18.38 18.17 17.97 17.79 17.66 17.58 17.53 17.51 17.48 17.46 17.44 17.44 17.48 17.54 17.64
0.00 0.00 0.00 0.03 0.21 0.41 0.62 0.86 1.12 1.39 1.69 2.00 2.33 2.67 3.03 3.41 3.80 4.20 4.61 5.03 5.45 5.87 6.30 6.73 7.17 7.63 8.11 8.61 9.13 9.65 10.19 10.74 11.29 11.84 12.38 12.92 13.45 13.96 14.46 14.94 15.40 15.83 16.23 16.60 16.96 17.30 17.63 17.90 18.11 18.26 18.36 18.45 18.52 18.58 18.63 18.67 18.69 18.70 18.69 18.67 18.64 18.58 18.52 18.43 18.34 18.22 18.09 17.94 17.77 17.60 17.46 17.37 17.32 17.29 17.26 17.24 17.23 17.26 17.32 17.41 17.52
0.00 0.00 0.00 0.09 0.26 0.45 0.66 0.89 1.14 1.40 1.69 1.99 2.31 2.65 3.00 3.37 3.75 4.15 4.56 4.98 5.40 5.83 6.26 6.70 7.16 7.64 8.14 8.66 9.19 9.73 10.27 10.82 11.36 11.91 12.44 12.97 13.48 13.97 14.45 14.90 15.32 15.72 16.08 16.40 16.69 16.96 17.21 17.41 17.55 17.65 17.73 17.81 17.88 17.93 17.98 18.02 18.05 18.07 18.08 18.08 18.07 18.04 18.00 17.96 17.89 17.82 17.73 17.63 17.51 17.38 17.25 17.15 17.10 17.07 17.04 17.02 17.04 17.10 17.18 17.29 17.42
0.00 0.00 0.01 0.16 0.32 0.50 0.71 0.93 1.18 1.44 1.72 2.01 2.32 2.65 3.00 3.36 3.74 4.13 4.54 4.96 5.38 5.82 6.26 6.72 7.20 7.70 8.22 8.75 9.29 9.83 10.38 10.92 11.46 11.99 12.52 13.02 13.51 13.98 14.43 14.85 15.24 15.59 15.91 16.19 16.42 16.61 16.78 16.90 16.98 17.05 17.11 17.18 17.23 17.28 17.33 17.37 17.40 17.43 17.45 17.46 17.47 17.46 17.45 17.43 17.40 17.36 17.31 17.25 17.18 17.10 17.01 16.92 16.87 16.83 16.81 16.82 16.87 16.95 17.05 17.18 17.33
0.00 0.00 0.09 0.23 0.39 0.57 0.77 0.99 1.23 1.49 1.76 2.06 2.37 2.69 3.04 3.39 3.77 4.16 4.56 4.98 5.40 5.85 6.31 6.80 7.30 7.82 8.34 8.88 9.42 9.97 10.51 11.05 11.58 12.10 12.60 13.09 13.55 13.99 14.41 14.79 15.14 15.45 15.72 15.95 16.13 16.26 16.34 16.39 16.43 16.48 16.52 16.56 16.60 16.64 16.68 16.71 16.75 16.77 16.80 16.82 16.84 16.85 16.86 16.86 16.86 16.85 16.84 16.82 16.79 16.76 16.71 16.66 16.62 16.59 16.60 16.64 16.71 16.81 16.93 17.08 17.23
0.00 0.05 0.16 0.30 0.46 0.64 0.84 1.06 1.30 1.55 1.83 2.12 2.42 2.75 3.09 3.45 3.82 4.20 4.61 5.02 5.45 5.91 6.40 6.90 7.42 7.95 8.49 9.03 9.58 10.12 10.65 11.18 11.70 12.20 12.68 13.14 13.58 13.99 14.37 14.71 15.02 15.28 15.50 15.67 15.80 15.86 15.89 15.90 15.91 15.93 15.94 15.96 15.98 16.00 16.03 16.05 16.08 16.11 16.13 16.16 16.19 16.21 16.24 16.26 16.28 16.30 16.31 16.33 16.34 16.34 16.35 16.35 16.37 16.39 16.42 16.49 16.58 16.70 16.84 16.99 17.16
0.04 0.14 0.25 0.39 0.54 0.72 0.92 1.13 1.37 1.62 1.89 2.18 2.48 2.81 3.14 3.50 3.86 4.25 4.65 5.06 5.49 5.96 6.46 6.98 7.52 8.06 8.60 9.15 9.69 10.23 10.76 11.28 11.78 12.26 12.72 13.16 13.56 13.94 14.28 14.58 14.84 15.06 15.23 15.35 15.41 15.43 15.43 15.42 15.40 15.38 15.36 15.35 15.35 15.35 15.36 15.37 15.39 15.41 15.44 15.46 15.50 15.53 15.57 15.61 15.65 15.69 15.73 15.78 15.82 15.86 15.91 15.98 16.12 16.24 16.32 16.40 16.51 16.64 16.79 16.95 17.12
0.15 0.24 0.35 0.48 0.64 0.81 1.00 1.21 1.44 1.69 1.96 2.24 2.54 2.86 3.19 3.54 3.90 4.28 4.67 5.09 5.52 5.98 6.49 7.03 7.57 8.13 8.68 9.23 9.77 10.30 10.82 11.33 11.81 12.28 12.71 13.12 13.50 13.84 14.14 14.40 14.62 14.79 14.90 14.96 14.98 14.98 14.96 14.94 14.89 14.84 14.79 14.75 14.72 14.70 14.68 14.68 14.68 14.70 14.72 14.74 14.77 14.81 14.86 14.91 14.97 15.03 15.10 15.17 15.24 15.32 15.44 15.62 15.86 16.09 16.26 16.38 16.50 16.64 16.79 16.95 17.12
0.28 0.36 0.47 0.59 0.74 0.90 1.09 1.30 1.52 1.76 2.02 2.30 2.59 2.90 3.23 3.57 3.93 4.30 4.69 5.10 5.53 6.00 6.51 7.04 7.60 8.16 8.72 9.27 9.81 10.34 10.85 11.34 11.81 12.25 12.66 13.04 13.39 13.69 13.96 14.17 14.34 14.46 14.52 14.54 14.54 14.52 14.48 14.44 14.38 14.31 14.23 14.15 14.09 14.04 14.01 13.98 13.97 13.97 13.98 14.00 14.03 14.07 14.12 14.18 14.25 14.33 14.42 14.51 14.62 14.76 14.97 15.26 15.60 15.93 16.20 16.40 16.55 16.69 16.84 17.00 17.16
0.42 0.50 0.60 0.71 0.85 1.01 1.19 1.39 1.60 1.84 2.09 2.36 2.65 2.95 3.27 3.60 3.95 4.32 4.70 5.11 5.53 6.00 6.50 7.04 7.60 8.17 8.73 9.28 9.81 10.33 10.84 11.31 11.76 12.18 12.57 12.92 13.24 13.50 13.73 13.90 14.02 14.09 14.11 14.10 14.08 14.05 14.00 13.94 13.87 13.78 13.68 13.57 13.48 13.40 13.34 13.29 13.26 13.24 13.24 13.25 13.27 13.31 13.37 13.43 13.51 13.60 13.70 13.82 13.98 14.21 14.52 14.90 15.34 15.76 16.12 16.41 16.62 16.78 16.93 17.07 17.22
0.59 0.65 0.74 0.85 0.98 1.13 1.30 1.48 1.69 1.92 2.16 2.42 2.70 2.99 3.30 3.63 3.97 4.33 4.70 5.10 5.52 5.98 6.49 7.02 7.58 8.15 8.71 9.26 9.79 10.30 10.79 11.25 11.69 12.08 12.45 12.77 13.04 13.28 13.46 13.59 13.66 13.69 13.68 13.66 13.62 13.57 13.51 13.44 13.35 13.25 13.14 13.01 12.89 12.77 12.68 12.61 12.55 12.51 12.49 12.49 12.51 12.55 12.60 12.66 12.75 12.85 12.97 13.13 13.37 13.69 14.09 14.56 15.07 15.57 16.01 16.38 16.67 16.89 17.04 17.18 17.31
0.77 0.82 0.90 1.00 1.12 1.26 1.41 1.59 1.79 2.00 2.23 2.48 2.75 3.03 3.33 3.65 3.98 4.32 4.69 5.08 5.50 5.96 6.45 6.99 7.54 8.10 8.66 9.21 9.74 10.24 10.72 11.17 11.58 11.95 12.29 12.58 12.82 13.01 13.15 13.24 13.27 13.27 13.25 13.21 13.16 13.09 13.02 12.93 12.83 12.72 12.60 12.46 12.32 12.18 12.05 11.94 11.86 11.80 11.76 11.75 11.75 11.78 11.82 11.89 11.98 12.08 12.24 12.48 12.81 13.21 13.68 14.22 14.80 15.37 15.88 16.31 16.67 16.96 17.16 17.30 17.41
0.96 1.01 1.08 1.16 1.27 1.40 1.54 1.71 1.89 2.09 2.31 2.55 2.80 3.07 3.36 3.66 3.98 4.31 4.67 5.06 5.46 5.91 6.40 6.93 7.48 8.04 8.60 9.14 9.67 10.16 10.62 11.05 11.44 11.79 12.10 12.35 12.56 12.72 12.81 12.86 12.87 12.86 12.82 12.77 12.70 12.62 12.53 12.43 12.32 12.20 12.06 11.92 11.76 11.61 11.45 11.31 11.20 11.11 11.05 11.01 11.00 11.02 11.05 11.11 11.20 11.34 11.57 11.89 12.29 12.76 13.30 13.89 14.54 15.16 15.72 16.21 16.63 16.98 17.24 17.41 17.51
1.16 1.21 1.27 1.35 1.44 1.55 1.68 1.83 2.00 2.19 2.40 2.62 2.86 3.11 3.38 3.67 3.97 4.30 4.64 5.01 5.41 5.85 6.34 6.86 7.40 7.96 8.51 9.05 9.57 10.05 10.50 10.91 11.28 11.60 11.88 12.11 12.28 12.39 12.45 12.48 12.47 12.44 12.39 12.32 12.23 12.14 12.05 11.94 11.82 11.68 11.54 11.38 11.22 11.05 10.88 10.71 10.57 10.45 10.36 10.30 10.27 10.27 10.30 10.35 10.46 10.67 10.96 11.35 11.81 12.34 12.93 13.58 14.27 14.94 15.54 16.08 16.55 16.94 17.25 17.47 17.60
1.38 1.42 1.47 1.54 1.62 1.72 1.83 1.97 2.12 2.30 2.49 2.69 2.91 3.15 3.40 3.67 3.96 4.27 4.60 4.96 5.35 5.78 6.26 6.77 7.30 7.85 8.40 8.94 9.45 9.93 10.36 10.75 11.10 11.40 11.64 11.83 11.96 12.05 12.09 12.09 12.07 12.02 11.96 11.87 11.78 11.68 11.57 11.45 11.32 11.18 11.02 10.86 10.69 10.51 10.34 10.15 9.98 9.83 9.71 9.63 9.57 9.55 9.56 9.64 9.80 10.07 10.43 10.86 11.38 11.95 12.59 13.28 14.00 14.71 15.35 15.92 16.43 16.85 17.20 17.45 17.62
1.59 1.63 1.68 1.74 1.82 1.90 2.00 2.12 2.26 2.41 2.58 2.77 2.97 3.18 3.41 3.66 3.94 4.23 4.55 4.90 5.27 5.69 6.16 6.66 7.19 7.72 8.27 8.80 9.30 9.78 10.20 10.58 10.90 11.17 11.38 11.54 11.64 11.70 11.72 11.71 11.67 11.61 11.53 11.44 11.33 11.22 11.10 10.98 10.84 10.69 10.52 10.35 10.18 9.99 9.81 9.62 9.43 9.25 9.10 8.99 8.91 8.87 8.89 9.01 9.24 9.55 9.96 10.44 10.99 11.61 12.27 12.99 13.74 14.47 15.14 15.73 16.26 16.71 17.08 17.36 17.56
1.81 1.85 1.89 1.95 2.02 2.10 2.18 2.28 2.40 2.54 2.68 2.84 3.02 3.21 3.42 3.65 3.91 4.19 4.49 4.82 5.18 5.59 6.04 6.53 7.05 7.58 8.11 8.63 9.13 9.60 10.02 10.38 10.69 10.93 11.11 11.23 11.31 11.35 11.36 11.34 11.28 11.21 11.12 11.01 10.89 10.77 10.65 10.51 10.37 10.21 10.04 9.86 9.68 9.49 9.30 9.11 8.92 8.73 8.55 8.40 8.29 8.25 8.32 8.49 8.76 9.12 9.56 10.07 10.65 11.29 11.98 12.72 13.48 14.22 14.90 15.52 16.06 16.52 16.91 17.20 17.41
2.03 2.06 2.11 2.16 2.23 2.30 2.37 2.46 2.55 2.66 2.78 2.92 3.07 3.24 3.43 3.64 3.87 4.13 4.42 4.73 5.08 5.47 5.91 6.39 6.89 7.41 7.93 8.44 8.93 9.39 9.80 10.16 10.45 10.67 10.82 10.93 10.99 11.02 11.01 10.97 10.90 10.81 10.71 10.59 10.47 10.34 10.20 10.07 9.91 9.75 9.58 9.39 9.21 9.01 8.82 8.62 8.42 8.23 8.04 7.87 7.76 7.76 7.86 8.07 8.37 8.76 9.23 9.77 10.36 11.02 11.72 12.46 13.23 13.97 14.66 15.27 15.81 16.28 16.67 16.97 17.18
2.25 2.28 2.32 2.37 2.43 2.50 2.57 2.64 2.71 2.79 2.88 2.99 3.12 3.26 3.43 3.61 3.83 4.06 4.33 4.63 4.96 5.33 5.76 6.22 6.71 7.22 7.72 8.23 8.71 9.15 9.56 9.91 10.19 10.40 10.55 10.63 10.68 10.69 10.66 10.61 10.53 10.43 10.32 10.19 10.06 9.92 9.78 9.64 9.48 9.31 9.13 8.95 8.76 8.56 8.36 8.16 7.96 7.77 7.58 7.42 7.35 7.38 7.52 7.76 8.08 8.49 8.97 9.52 10.13 10.78 11.49 12.22 12.98 13.72 14.39 15.00 15.54 16.00 16.38 16.67 16.88
2.46 2.49 2.53 2.58 2.63 2.69 2.76 2.81 2.87 2.92 2.99 3.06 3.16 3.28 3.42 3.58 3.77 3.99 4.24 4.51 4.82 5.18 5.59 6.04 6.51 7.00 7.50 7.98 8.45 8.89 9.29 9.63 9.91 10.12 10.26 10.34 10.37 10.37 10.33 10.26 10.17 10.07 9.94 9.81 9.67 9.52 9.38 9.23 9.07 8.90 8.72 8.53 8.33 8.13 7.93 7.73 7.53 7.34 7.17 7.09 7.07 7.14 7.30 7.55 7.88 8.30 8.79 9.33 9.94 10.59 11.28 12.00 12.74 13.46 14.11 14.70 15.22 15.66 16.02 16.30 16.49
2.67 2.70 2.73 2.78 2.83 2.88 2.93 2.97 3.01 3.05 3.09 3.14 3.21 3.30 3.41 3.55 3.71 3.90 4.13 4.38 4.68 5.01 5.40 5.83 6.29 6.77 7.25 7.72 8.17 8.60 8.98 9.31 9.59 9.81 9.97 10.06 10.08 10.06 10.01 9.94 9.84 9.72 9.59 9.44 9.30 9.15 9.00 8.85 8.69 8.51 8.33 8.14 7.94 7.74 7.54 7.33 7.14 6.97 6.87 6.85 6.90 7.01 7.19 7.44 7.78 8.19 8.67 9.21 9.80 10.44 11.10 11.80 12.51 13.20 13.82 14.38 14.87 15.28 15.62 15.86 16.02
2.86 2.89 2.93 2.97 3.01 3.05 3.09 3.11 3.14 3.16 3.18 3.21 3.25 3.31 3.39 3.50 3.64 3.81 4.01 4.24 4.51 4.83 5.20 5.61 6.05 6.51 6.97 7.43 7.87 8.28 8.65 8.98 9.25 9.48 9.65 9.75 9.80 9.77 9.71 9.63 9.52 9.39 9.25 9.10 8.95 8.80 8.65 8.50 8.33 8.15 7.97 7.78 7.58 7.38 7.17 6.97 6.81 6.71 6.68 6.72 6.82 6.98 7.19 7.45 7.78 8.18 8.64 9.16 9.72 10.32 10.96 11.62 12.29 12.94 13.52 14.04 14.49 14.86 15.15 15.36 15.48
3.05 3.07 3.11 3.14 3.17 3.20 3.22 3.23 3.24 3.25 3.26 3.27 3.28 3.31 3.37 3.45 3.56 3.70 3.88 4.09 4.33 4.63 4.98 5.37 5.79 6.23 6.67 7.11 7.53 7.93 8.29 8.61 8.89 9.12 9.30 9.43 9.49 9.49 9.43 9.34 9.22 9.09 8.94 8.79 8.63 8.48 8.33 8.17 8.00 7.83 7.64 7.45 7.25 7.05 6.85 6.68 6.58 6.55 6.59 6.68 6.83 7.03 7.27 7.55 7.87 8.24 8.68 9.16 9.69 10.26 10.85 11.46 12.08 12.68 13.21 13.67 14.07 14.39 14.63 14.79 14.87
3.22 3.24 3.27 3.29 3.31 3.32 3.32 3.33 3.32 3.32 3.32 3.31 3.31 3.31 3.34 3.39 3.47 3.59 3.73 3.92 4.14 4.41 4.74 5.11 5.50 5.92 6.35 6.77 7.17 7.55 7.90 8.22 8.50 8.74 8.94 9.08 9.17 9.20 9.16 9.07 8.95 8.81 8.66 8.50 8.34 8.19 8.03 7.88 7.71 7.53 7.35 7.16 6.96 6.77 6.60 6.50 6.47 6.50 6.59 6.73 6.93 7.16 7.43 7.73 8.05 8.40 8.80 9.24 9.72 10.23 10.77 11.33 11.89 12.41 12.88 13.29 13.62 13.88 14.06 14.16 14.21
3.37 3.39 3.40 3.41 3.41 3.41 3.40 3.39 3.37 3.36 3.34 3.33 3.31 3.30 3.30 3.32 3.37 3.46 3.58 3.73 3.93 4.18 4.48 4.82 5.20 5.59 6.00 6.40 6.78 7.15 7.49 7.81 8.09 8.34 8.54 8.70 8.82 8.87 8.88 8.82 8.70 8.56 8.40 8.24 8.08 7.93 7.78 7.62 7.46 7.28 7.10 6.91 6.72 6.55 6.45 6.42 6.46 6.55 6.69 6.87 7.10 7.36 7.65 7.96 8.29 8.63 8.99 9.38 9.80 10.26 10.73 11.21 11.70 12.16 12.55 12.88 13.14 13.33 13.44 13.50 13.55
3.49 3.50 3.50 3.50 3.48 3.46 3.44 3.42 3.39 3.36 3.34 3.31 3.29 3.27 3.25 3.25 3.27 3.32 3.41 3.54 3.71 3.93 4.20 4.52 4.87 5.24 5.62 6.00 6.36 6.72 7.05 7.36 7.65 7.90 8.12 8.30 8.44 8.53 8.57 8.55 8.47 8.34 8.18 8.02 7.86 7.70 7.55 7.40 7.24 7.07 6.89 6.70 6.54 6.45 6.42 6.46 6.55 6.69 6.87 7.09 7.35 7.63 7.93 8.25 8.58 8.92 9.25 9.59 9.94 10.33 10.72 11.13 11.53 11.90 12.21 12.46 12.63 12.74 12.80 12.86 12.90
3.58 3.57 3.56 3.54 3.51 3.48 3.45 3.41 3.37 3.33 3.29 3.26 3.23 3.20 3.17 3.16 3.15 3.17 3.23 3.33 3.47 3.66 3.90 4.20 4.52 4.87 5.22 5.57 5.91 6.25 6.58 6.89 7.18 7.44 7.67 7.88 8.04 8.16 8.23 8.26 8.23 8.14 8.00 7.84 7.67 7.52 7.37 7.22 7.06 6.89 6.72 6.57 6.48 6.46 6.50 6.59 6.73 6.92 7.14 7.39 7.67 7.96 8.28 8.60 8.92 9.24 9.56 9.86 10.15 10.44 10.75 11.07 11.38 11.65 11.87 12.02 12.10 12.15 12.19 12.24 12.28
3.62 3.60 3.57 3.54 3.50 3.46 3.41 3.36 3.31 3.26 3.21 3.17 3.13 3.09 3.06 3.03 3.01 3.01 3.04 3.10 3.21 3.37 3.59 3.85 4.15 4.46 4.78 5.11 5.43 5.76 6.08 6.39 6.68 6.95 7.20 7.42 7.61 7.76 7.88 7.94 7.96 7.92 7.83 7.69 7.53 7.38 7.23 7.09 6.93 6.77 6.63 6.55 6.54 6.58 6.68 6.82 7.01 7.23 7.48 7.76 8.05 8.36 8.67 8.99 9.30 9.60 9.89 10.15 10.39 10.61 10.82 11.03 11.24 11.41 11.51 11.56 11.58 11.60 11.62 11.66 11.69
3.62 3.58 3.54 3.50 3.44 3.39 3.33 3.27 3.21 3.15 3.09 3.04 2.98 2.94 2.90 2.87 2.84 2.83 2.83 2.86 2.94 3.07 3.25 3.48 3.74 4.02 4.31 4.61 4.92 5.23 5.55 5.85 6.15 6.43 6.70 6.94 7.16 7.34 7.49 7.60 7.67 7.69 7.65 7.56 7.43 7.28 7.14 7.00 6.85 6.72 6.66 6.65 6.70 6.81 6.96 7.15 7.37 7.62 7.90 8.19 8.50 8.81 9.12 9.42 9.71 9.99 10.24 10.47 10.66 10.81 10.93 11.03 11.12 11.17 11.16 11.13 11.11 11.10 11.10 11.12 11.14
3.56 3.52 3.46 3.40 3.34 3.27 3.20 3.13 3.06 2.99 2.92 2.86 2.80 2.74 2.70 2.66 2.63 2.61 2.60 2.60 2.65 2.74 2.89 3.08 3.30 3.54 3.80 4.08 4.38 4.68 4.98 5.29 5.59 5.88 6.17 6.43 6.67 6.89 7.08 7.23 7.35 7.42 7.45 7.43 7.35 7.22 7.09 6.96 6.85 6.79 6.80 6.87 6.98 7.14 7.33 7.56 7.82 8.09 8.39 8.69 9.00 9.30 9.60 9.89 10.16 10.40 10.62 10.80 10.93 11.02 11.06 11.05 11.02 10.94 10.84 10.76 10.70 10.66 10.64 10.63 10.63
3.45 3.39 3.33 3.25 3.18 3.10 3.02 2.94 2.86 2.78 2.70 2.63 2.56 2.50 2.45 2.40 2.37 2.34 2.33 2.32 2.34 2.40 2.50 2.64 2.82 3.03 3.26 3.52 3.80 4.09 4.39 4.69 5.00 5.31 5.60 5.89 6.16 6.41 6.64 6.84 7.00 7.13 7.22 7.26 7.26 7.20 7.09 7.00 6.96 6.99 7.06 7.19 7.35 7.56 7.79 8.06 8.34 8.63 8.94 9.25 9.55 9.85 10.13 10.39 10.63 10.83 11.00 11.13 11.21 11.23 11.20 11.10 10.94 10.76 10.60 10.48 10.38 10.30 10.24 10.20 10.18
3.31 3.24 3.16 3.08 2.99 2.90 2.81 2.72 2.63 2.55 2.46 2.38 2.31 2.24 2.18 2.13 2.09 2.06 2.04 2.03 2.04 2.06 2.11 2.21 2.34 2.52 2.72 2.96 3.22 3.49 3.79 4.09 4.40 4.72 5.03 5.34 5.63 5.92 6.18 6.42 6.64 6.82 6.97 7.08 7.14 7.16 7.15 7.15 7.19 7.28 7.42 7.60 7.82 8.06 8.33 8.62 8.92 9.23 9.54 9.84 10.14 10.42 10.67 10.91 11.10 11.27 11.38 11.45 11.46 11.41 11.30 11.11 10.89 10.66 10.45 10.27 10.13 10.01 9.91 9.84 9.78
