data_processed/recharge/precip/Precip_1999_12.asc
ncols        168
nrows        136
xllcorner    455000
yllcorner    2107000
cellsize     500
NODATA_value     -99999
[rows 37 to 73 of 136, columns 83 to 165 of 168]
0.36 0.30 0.24 0.18 0.13 0.08 0.04 0.00 0.00 0.00 0.00 0.00 0.00 0.00 0.00 0.00 0.05 0.11 0.19 0.27 0.37 0.49 0.64 0.81 0.99 1.17 1.35 1.52 1.66 1.77 1.85 1.88 1.87 1.85 1.81 1.74 1.64 1.51 1.33 1.12 0.86 0.56 0.23 0.00 0.00 0.00 0.00 0.00 0.00 0.00 0.00 0.00 0.00 0.00 0.00 0.00 0.00 0.00 0.00 0.00 0.00 0.93 2.67 4.63 6.72 8.92 11.20 13.54 15.92 18.31 20.70 23.05 25.36 27.58 29.62 31.43 33.03 34.41 35.60 36.61 37.45 38.13 38.67
0.38 0.32 0.25 0.19 0.13 0.08 0.03 0.00 0.00 0.00 0.00 0.00 0.00 0.00 0.00 0.00 0.05 0.11 0.19 0.28 0.38 0.50 0.66 0.84 1.03 1.23 1.43 1.62 1.79 1.94 2.04 2.10 2.12 2.09 2.05 1.98 1.87 1.72 1.53 1.30 1.03 0.73 0.38 0.00 0.00 0.00 0.00 0.00 0.00 0.00 0.00 0.00 0.00 0.00 0.00 0.00 0.00 0.00 0.00 0.00 0.00 0.16 1.71 3.44 5.33 7.34 9.45 11.65 13.92 16.21 18.53 20.83 23.11 25.33 27.38 29.22 30.85 32.29 33.56 34.65 35.59 36.39 37.06
0.40 0.33 0.27 0.20 0.14 0.08 0.03 0.00 0.00 0.00 0.00 0.00 0.00 0.00 0.00 0.00 0.04 0.11 0.19 0.28 0.38 0.51 0.67 0.86 1.07 1.28 1.50 1.72 1.91 2.08 2.22 2.32 2.36 2.35 2.31 2.22 2.10 1.93 1.73 1.49 1.21 0.89 0.54 0.15 0.00 0.00 0.00 0.00 0.00 0.00 0.00 0.00 0.00 0.00 0.00 0.00 0.00 0.00 0.00 0.00 0.00 0.00 0.77 2.26 3.92 5.74 7.68 9.73 11.86 14.05 16.28 18.53 20.77 22.97 25.02 26.87 28.54 30.03 31.35 32.52 33.56 34.46 35.25
0.43 0.35 0.28 0.22 0.15 0.09 0.03 0.00 0.00 0.00 0.00 0.00 0.00 0.00 0.00 0.00 0.03 0.10 0.18 0.27 0.38 0.51 0.67 0.87 1.09 1.32 1.56 1.79 2.01 2.21 2.38 2.51 2.59 2.62 2.57 2.47 2.33 2.15 1.93 1.68 1.38 1.05 0.69 0.30 0.00 0.00 0.00 0.00 0.00 0.00 0.00 0.00 0.00 0.00 0.00 0.00 0.00 0.00 0.00 0.00 0.00 0.00 0.00 1.11 2.55 4.15 5.91 7.80 9.79 11.86 14.00 16.17 18.36 20.53 22.57 24.43 26.12 27.64 29.02 30.25 31.37 32.37 33.27
0.45 0.37 0.30 0.23 0.16 0.09 0.03 0.00 0.00 0.00 0.00 0.00 0.00 0.00 0.00 0.00 0.03 0.09 0.17 0.26 0.37 0.50 0.67 0.87 1.10 1.35 1.60 1.86 2.10 2.33 2.52 2.69 2.80 2.86 2.83 2.73 2.57 2.37 2.14 1.87 1.56 1.22 0.85 0.44 0.00 0.00 0.00 0.00 0.00 0.00 0.00 0.00 0.00 0.00 0.00 0.00 0.00 0.00 0.00 0.00 0.00 0.00 0.00 0.04 1.23 2.62 4.18 5.89 7.73 9.68 11.71 13.79 15.92 18.05 20.08 21.93 23.63 25.17 26.59 27.88 29.06 30.15 31.15
0.47 0.40 0.32 0.24 0.17 0.10 0.04 0.00 0.00 0.00 0.00 0.00 0.00 0.00 0.00 0.00 0.01 0.08 0.16 0.25 0.35 0.48 0.65 0.87 1.10 1.36 1.63 1.91 2.17 2.42 2.65 2.84 2.98 3.05 3.05 2.97 2.81 2.59 2.34 2.06 1.74 1.39 1.00 0.59 0.14 0.00 0.00 0.00 0.00 0.00 0.00 0.00 0.00 0.00 0.00 0.00 0.00 0.00 0.00 0.00 0.00 0.00 0.00 0.00 0.01 1.17 2.52 4.05 5.72 7.53 9.44 11.44 13.49 15.58 17.57 19.40 21.10 22.66 24.10 25.44 26.68 27.84 28.93
0.50 0.42 0.34 0.26 0.19 0.12 0.06 0.00 0.00 0.00 0.00 0.00 0.00 0.00 0.00 0.00 0.00 0.06 0.14 0.22 0.32 0.45 0.63 0.85 1.10 1.37 1.65 1.94 2.23 2.50 2.75 2.96 3.11 3.20 3.22 3.17 3.04 2.82 2.56 2.26 1.92 1.56 1.16 0.74 0.29 0.00 0.00 0.00 0.00 0.00 0.00 0.00 0.00 0.00 0.00 0.00 0.00 0.00 0.00 0.00 0.00 0.00 0.00 0.00 0.00 0.00 0.97 2.30 3.80 5.46 7.24 9.13 11.11 13.13 15.08 16.89 18.57 20.13 21.59 22.96 24.25 25.47 26.64
0.52 0.44 0.36 0.28 0.20 0.13 0.07 0.02 0.00 0.00 0.00 0.00 0.00 0.00 0.00 0.00 0.00 0.04 0.11 0.20 0.29 0.42 0.60 0.82 1.08 1.36 1.65 1.96 2.27 2.56 2.83 3.04 3.21 3.31 3.35 3.32 3.22 3.04 2.77 2.46 2.11 1.74 1.33 0.89 0.43 0.00 0.00 0.00 0.00 0.00 0.00 0.00 0.00 0.00 0.00 0.00 0.00 0.00 0.00 0.00 0.00 0.00 0.00 0.00 0.00 0.00 0.00 0.68 2.00 3.50 5.14 6.92 8.80 10.75 12.64 14.41 16.07 17.62 19.09 20.48 21.81 23.08 24.34
0.54 0.46 0.37 0.30 0.22 0.15 0.09 0.04 0.00 0.00 0.00 0.00 0.00 0.00 0.00 0.00 0.00 0.02 0.09 0.17 0.26 0.38 0.56 0.78 1.04 1.33 1.65 1.97 2.29 2.59 2.86 3.08 3.25 3.37 3.44 3.43 3.36 3.21 2.98 2.67 2.31 1.92 1.50 1.05 0.58 0.08 0.00 0.00 0.00 0.00 0.00 0.00 0.00 0.00 0.00 0.00 0.00 0.00 0.00 0.00 0.00 0.00 0.00 0.00 0.00 0.00 0.00 0.00 0.36 1.68 3.18 4.82 6.60 8.46 10.29 12.01 13.64 15.17 16.64 18.04 19.39 20.72 22.09
0.56 0.48 0.40 0.32 0.25 0.18 0.12 0.06 0.01 0.00 0.00 0.00 0.00 0.00 0.00 0.00 0.00 0.00 0.06 0.13 0.22 0.34 0.51 0.74 1.00 1.30 1.62 1.96 2.28 2.58 2.84 3.07 3.25 3.39 3.47 3.49 3.44 3.33 3.14 2.86 2.51 2.11 1.67 1.22 0.73 0.23 0.00 0.00 0.00 0.00 0.00 0.00 0.00 0.00 0.00 0.00 0.00 0.00 0.00 0.00 0.00 0.00 0.00 0.00 0.00 0.00 0.00 0.00 0.00 0.04 1.38 2.88 4.54 6.32 8.07 9.73 11.31 12.81 14.26 15.66 17.05 18.48 19.96
0.58 0.50 0.42 0.34 0.27 0.20 0.14 0.08 0.03 0.00 0.00 0.00 0.00 0.00 0.00 0.00 0.00 0.00 0.02 0.09 0.17 0.28 0.45 0.68 0.95 1.26 1.58 1.91 2.23 2.52 2.78 3.01 3.21 3.35 3.45 3.50 3.48 3.40 3.24 3.01 2.69 2.30 1.86 1.39 0.89 0.38 0.00 0.00 0.00 0.00 0.00 0.00 0.00 0.00 0.00 0.00 0.00 0.00 0.00 0.00 0.00 0.00 0.00 0.00 0.00 0.00 0.00 0.00 0.00 0.00 0.00 1.14 2.67 4.34 6.01 7.60 9.12 10.58 12.00 13.42 14.88 16.41 18.00
0.60 0.52 0.44 0.37 0.29 0.23 0.16 0.10 0.05 0.00 0.00 0.00 0.00 0.00 0.00 0.00 0.00 0.00 0.00 0.04 0.11 0.22 0.39 0.61 0.89 1.19 1.51 1.83 2.13 2.41 2.68 2.91 3.11 3.27 3.39 3.45 3.46 3.41 3.29 3.10 2.83 2.48 2.05 1.57 1.06 0.54 0.00 0.00 0.00 0.00 0.00 0.00 0.00 0.00 0.00 0.00 0.00 0.00 0.00 0.00 0.00 0.00 0.00 0.00 0.00 0.00 0.00 0.00 0.00 0.00 0.00 0.00 1.01 2.57 4.14 5.64 7.10 8.51 9.92 11.39 12.94 14.56 16.23
0.63 0.55 0.47 0.39 0.32 0.25 0.18 0.12 0.07 0.02 0.00 0.00 0.00 0.00 0.00 0.00 0.00 0.00 0.00 0.00 0.05 0.15 0.31 0.54 0.81 1.10 1.40 1.70 1.99 2.26 2.52 2.76 2.96 3.14 3.27 3.35 3.39 3.37 3.28 3.13 2.91 2.61 2.22 1.75 1.24 0.70 0.15 0.00 0.00 0.00 0.00 0.00 0.00 0.00 0.00 0.00 0.00 0.00 0.00 0.00 0.00 0.00 0.00 0.00 0.00 0.00 0.00 0.00 0.00 0.00 0.00 0.00 0.00 1.03 2.50 3.91 5.28 6.66 8.11 9.65 11.27 12.96 14.71
0.65 0.57 0.49 0.42 0.34 0.27 0.20 0.14 0.08 0.03 0.00 0.00 0.00 0.00 0.00 0.00 0.00 0.00 0.00 0.00 0.00 0.07 0.23 0.45 0.70 0.97 1.24 1.52 1.79 2.06 2.32 2.55 2.77 2.95 3.10 3.20 3.26 3.27 3.22 3.11 2.93 2.67 2.34 1.92 1.42 0.88 0.31 0.00 0.00 0.00 0.00 0.00 0.00 0.00 0.00 0.00 0.00 0.00 0.00 0.00 0.00 0.00 0.00 0.00 0.00 0.00 0.00 0.00 0.00 0.00 0.00 0.00 0.00 0.00 1.12 2.43 3.74 5.14 6.64 8.24 9.92 11.67 13.48
0.67 0.59 0.51 0.44 0.36 0.29 0.22 0.16 0.09 0.04 0.00 0.00 0.00 0.00 0.00 0.00 0.00 0.00 0.00 0.00 0.00 0.00 0.14 0.33 0.55 0.78 1.03 1.29 1.55 1.81 2.06 2.30 2.51 2.71 2.87 2.99 3.08 3.11 3.10 3.02 2.88 2.68 2.40 2.03 1.59 1.06 0.49 0.00 0.00 0.00 0.00 0.00 0.00 0.00 0.00 0.00 0.00 0.00 0.00 0.00 0.00 0.00 0.00 0.00 0.00 0.00 0.00 0.00 0.00 0.00 0.00 0.00 0.00 0.00 0.04 1.26 2.58 4.01 5.56 7.19 8.92 10.71 12.56
0.69 0.61 0.53 0.45 0.38 0.31 0.23 0.17 0.10 0.04 0.00 0.00 0.00 0.00 0.00 0.00 0.00 0.00 0.00 0.00 0.00 0.00 0.01 0.16 0.35 0.55 0.78 1.02 1.26 1.51 1.75 1.99 2.21 2.41 2.58 2.73 2.83 2.90 2.91 2.87 2.78 2.62 2.39 2.08 1.70 1.22 0.67 0.07 0.00 0.00 0.00 0.00 0.00 0.00 0.00 0.00 0.00 0.00 0.00 0.00 0.00 0.00 0.00 0.00 0.00 0.00 0.00 0.00 0.00 0.00 0.00 0.00 0.00 0.00 0.00 0.53 1.87 3.33 4.90 6.56 8.31 10.13 12.02
0.70 0.63 0.55 0.47 0.39 0.32 0.24 0.17 0.10 0.04 0.00 0.00 0.00 0.00 0.00 0.00 0.00 0.00 0.00 0.00 0.00 0.00 0.00 0.00 0.11 0.29 0.48 0.70 0.93 1.16 1.40 1.63 1.86 2.06 2.25 2.41 2.53 2.62 2.67 2.67 2.61 2.50 2.32 2.07 1.74 1.33 0.84 0.26 0.00 0.00 0.00 0.00 0.00 0.00 0.00 0.00 0.00 0.00 0.00 0.00 0.00 0.00 0.00 0.00 0.00 0.00 0.00 0.00 0.00 0.00 0.00 0.00 0.00 0.00 0.00 0.30 1.65 3.12 4.70 6.37 8.13 9.97 11.87
0.73 0.65 0.57 0.50 0.42 0.34 0.26 0.19 0.12 0.05 0.00 0.00 0.00 0.00 0.00 0.00 0.00 0.00 0.00 0.00 0.00 0.00 0.00 0.00 0.00 0.04 0.21 0.40 0.61 0.83 1.05 1.28 1.50 1.71 1.91 2.08 2.23 2.34 2.41 2.45 2.43 2.35 2.22 2.02 1.75 1.40 0.97 0.45 0.00 0.00 0.00 0.00 0.00 0.00 0.00 0.00 0.00 0.00 0.00 0.00 0.00 0.00 0.00 0.00 0.00 0.00 0.00 0.00 0.00 0.00 0.00 0.00 0.00 0.00 0.00 0.50 1.85 3.33 4.91 6.60 8.37 10.21 12.12
0.77 0.69 0.61 0.53 0.45 0.37 0.29 0.21 0.14 0.06 0.00 0.00 0.00 0.00 0.00 0.00 0.00 0.00 0.00 0.00 0.00 0.00 0.00 0.00 0.00 0.00 0.00 0.14 0.33 0.53 0.74 0.96 1.18 1.39 1.59 1.77 1.93 2.06 2.16 2.22 2.24 2.20 2.11 1.96 1.74 1.45 1.06 0.60 0.07 0.00 0.00 0.00 0.00 0.00 0.00 0.00 0.00 0.00 0.00 0.00 0.00 0.00 0.00 0.00 0.00 0.00 0.00 0.00 0.00 0.00 0.00 0.00 0.00 0.00 0.00 1.05 2.42 3.90 5.49 7.18 8.96 10.82 12.74
0.83 0.75 0.67 0.58 0.50 0.42 0.34 0.25 0.17 0.09 0.02 0.00 0.00 0.00 0.00 0.00 0.00 0.00 0.00 0.00 0.00 0.00 0.00 0.00 0.00 0.00 0.00 0.00 0.09 0.27 0.47 0.67 0.88 1.09 1.29 1.47 1.65 1.79 1.91 2.00 2.04 2.04 1.99 1.88 1.71 1.46 1.12 0.71 0.25 0.00 0.00 0.00 0.00 0.00 0.00 0.00 0.00 0.00 0.00 0.00 0.00 0.00 0.00 0.00 0.00 0.00 0.00 0.00 0.00 0.00 0.00 0.00 0.00 0.00 0.55 1.90 3.31 4.80 6.39 8.09 9.88 11.74 13.67
0.89 0.81 0.73 0.65 0.56 0.47 0.39 0.30 0.21 0.13 0.05 0.00 0.00 0.00 0.00 0.00 0.00 0.00 0.00 0.00 0.00 0.00 0.00 0.00 0.00 0.00 0.00 0.00 0.00 0.06 0.23 0.41 0.61 0.81 1.01 1.20 1.38 1.54 1.67 1.78 1.85 1.88 1.87 1.79 1.65 1.44 1.15 0.78 0.38 0.00 0.00 0.00 0.00 0.00 0.00 0.00 0.00 0.00 0.00 0.00 0.00 0.00 0.00 0.00 0.00 0.00 0.00 0.00 0.00 0.00 0.00 0.00 0.00 0.18 1.54 2.96 4.44 5.98 7.58 9.28 11.08 12.95 14.88
0.96 0.88 0.80 0.71 0.63 0.54 0.45 0.35 0.26 0.17 0.08 0.00 0.00 0.00 0.00 0.00 0.00 0.00 0.00 0.00 0.00 0.00 0.00 0.00 0.00 0.00 0.00 0.00 0.00 0.00 0.03 0.20 0.38 0.56 0.76 0.95 1.13 1.29 1.44 1.57 1.66 1.72 1.73 1.68 1.57 1.39 1.14 0.82 0.47 0.10 0.00 0.00 0.00 0.00 0.00 0.00 0.00 0.00 0.00 0.00 0.00 0.00 0.00 0.00 0.00 0.00 0.00 0.00 0.00 0.00 0.00 0.00 0.00 1.30 2.73 4.23 5.77 7.37 9.01 10.72 12.52 14.40 16.34
1.04 0.96 0.88 0.79 0.70 0.60 0.51 0.41 0.32 0.22 0.13 0.03 0.00 0.00 0.00 0.00 0.00 0.00 0.00 0.00 0.00 0.00 0.00 0.00 0.00 0.00 0.00 0.00 0.00 0.00 0.00 0.02 0.18 0.35 0.53 0.71 0.89 1.07 1.22 1.36 1.47 1.55 1.58 1.55 1.47 1.32 1.11 0.83 0.53 0.22 0.00 0.00 0.00 0.00 0.00 0.00 0.00 0.00 0.00 0.00 0.00 0.00 0.00 0.00 0.00 0.00 0.00 0.00 0.00 0.00 0.00 0.03 1.22 2.60 4.10 5.65 7.26 8.92 10.62 12.37 14.17 16.06 18.01
1.12 1.05 0.96 0.87 0.77 0.68 0.58 0.47 0.37 0.27 0.17 0.07 0.00 0.00 0.00 0.00 0.00 0.00 0.00 0.00 0.00 0.00 0.00 0.00 0.00 0.00 0.00 0.00 0.00 0.00 0.00 0.00 0.01 0.17 0.33 0.51 0.68 0.85 1.02 1.16 1.28 1.37 1.41 1.40 1.35 1.23 1.05 0.82 0.57 0.31 0.04 0.00 0.00 0.00 0.00 0.00 0.00 0.00 0.00 0.00 0.00 0.00 0.00 0.00 0.00 0.00 0.00 0.00 0.00 0.00 0.28 1.35 2.61 4.05 5.60 7.22 8.88 10.59 12.35 14.15 15.99 17.88 19.84
1.17 1.12 1.04 0.95 0.85 0.75 0.64 0.54 0.43 0.32 0.21 0.10 0.00 0.00 0.00 0.00 0.00 0.00 0.00 0.00 0.00 0.00 0.00 0.00 0.00 0.00 0.00 0.00 0.00 0.00 0.00 0.00 0.00 0.02 0.17 0.33 0.49 0.66 0.83 0.97 1.09 1.18 1.24 1.25 1.21 1.12 0.97 0.77 0.57 0.36 0.16 0.00 0.00 0.00 0.00 0.00 0.00 0.00 0.00 0.00 0.00 0.00 0.00 0.00 0.00 0.00 0.00 0.00 0.00 0.69 1.66 2.81 4.13 5.62 7.23 8.89 10.60 12.37 14.18 16.03 17.91 19.83 21.80
1.22 1.18 1.11 1.03 0.93 0.82 0.71 0.60 0.48 0.37 0.25 0.14 0.03 0.00 0.00 0.00 0.00 0.00 0.00 0.00 0.00 0.00 0.00 0.00 0.00 0.00 0.00 0.00 0.00 0.00 0.00 0.00 0.00 0.00 0.03 0.18 0.33 0.49 0.65 0.79 0.90 1.00 1.05 1.08 1.06 0.99 0.87 0.71 0.55 0.39 0.24 0.09 0.00 0.00 0.00 0.00 0.00 0.00 0.00 0.00 0.00 0.00 0.00 0.00 0.00 0.00 0.00 0.50 1.23 2.12 3.16 4.37 5.74 7.29 8.94 10.65 12.41 14.21 16.07 17.96 19.89 21.85 23.84
1.24 1.22 1.17 1.10 1.00 0.89 0.78 0.66 0.54 0.41 0.29 0.18 0.07 0.00 0.00 0.00 0.00 0.00 0.00 0.00 0.00 0.00 0.00 0.00 0.00 0.00 0.00 0.00 0.00 0.00 0.00 0.00 0.00 0.00 0.00 0.06 0.19 0.34 0.48 0.61 0.72 0.81 0.87 0.90 0.90 0.85 0.76 0.63 0.51 0.40 0.30 0.21 0.13 0.05 0.00 0.00 0.00 0.00 0.00 0.00 0.00 0.00 0.00 0.00 0.25 0.66 1.19 1.86 2.67 3.63 4.74 6.00 7.43 9.02 10.71 12.46 14.26 16.10 18.00 19.93 21.89 23.89 25.92
1.25 1.24 1.20 1.14 1.06 0.95 0.84 0.71 0.58 0.45 0.33 0.22 0.12 0.03 0.00 0.00 0.00 0.00 0.00 0.00 0.00 0.00 0.00 0.00 0.00 0.00 0.00 0.00 0.00 0.00 0.00 0.00 0.00 0.00 0.00 0.00 0.08 0.20 0.32 0.43 0.53 0.62 0.68 0.72 0.73 0.70 0.63 0.53 0.44 0.38 0.34 0.31 0.30 0.29 0.30 0.31 0.32 0.33 0.34 0.37 0.45 0.57 0.75 1.03 1.42 1.92 2.54 3.30 4.18 5.20 6.37 7.68 9.16 10.78 12.51 14.29 16.13 18.01 19.93 21.90 23.90 25.93 27.99
1.25 1.25 1.22 1.17 1.10 1.00 0.89 0.76 0.62 0.50 0.38 0.27 0.17 0.09 0.01 0.00 0.00 0.00 0.00 0.00 0.00 0.00 0.00 0.00 0.00 0.00 0.00 0.00 0.00 0.00 0.00 0.00 0.00 0.00 0.00 0.00 0.00 0.08 0.18 0.27 0.36 0.44 0.50 0.54 0.56 0.54 0.49 0.42 0.37 0.35 0.35 0.38 0.43 0.50 0.58 0.68 0.79 0.90 1.02 1.14 1.29 1.49 1.78 2.16 2.64 3.24 3.94 4.77 5.72 6.80 8.02 9.39 10.90 12.56 14.31 16.13 17.99 19.90 21.85 23.85 25.87 27.93 30.01
1.23 1.24 1.22 1.18 1.11 1.03 0.92 0.80 0.66 0.54 0.43 0.33 0.23 0.15 0.08 0.01 0.00 0.00 0.00 0.00 0.00 0.00 0.00 0.00 0.00 0.00 0.00 0.00 0.00 0.00 0.00 0.00 0.00 0.00 0.00 0.00 0.00 0.00 0.05 0.12 0.19 0.26 0.32 0.36 0.38 0.38 0.35 0.30 0.28 0.29 0.34 0.43 0.54 0.68 0.84 1.02 1.22 1.44 1.66 1.89 2.15 2.45 2.84 3.32 3.90 4.58 5.36 6.26 7.27 8.41 9.68 11.08 12.63 14.31 16.09 17.93 19.82 21.75 23.73 25.74 27.79 29.87 31.97
1.21 1.21 1.20 1.16 1.11 1.03 0.93 0.82 0.71 0.59 0.48 0.38 0.29 0.21 0.14 0.08 0.03 0.00 0.00 0.00 0.00 0.00 0.00 0.00 0.00 0.00 0.00 0.00 0.00 0.00 0.00 0.00 0.00 0.00 0.00 0.00 0.00 0.00 0.00 0.00 0.04 0.10 0.15 0.19 0.21 0.22 0.20 0.17 0.18 0.23 0.32 0.46 0.63 0.83 1.07 1.33 1.62 1.94 2.27 2.62 3.00 3.43 3.92 4.50 5.16 5.91 6.77 7.73 8.80 9.99 11.30 12.74 14.31 16.02 17.82 19.68 21.58 23.53 25.52 27.56 29.62 31.72 33.84
1.17 1.18 1.17 1.13 1.08 1.01 0.93 0.84 0.74 0.64 0.54 0.44 0.36 0.28 0.21 0.15 0.11 0.07 0.04 0.02 0.00 0.00 0.00 0.00 0.00 0.00 0.00 0.00 0.00 0.00 0.00 0.00 0.00 0.00 0.00 0.00 0.00 0.00 0.00 0.00 0.00 0.00 0.00 0.02 0.05 0.06 0.05 0.04 0.07 0.15 0.29 0.47 0.70 0.97 1.27 1.62 1.99 2.40 2.84 3.31 3.83 4.39 4.99 5.65 6.39 7.22 8.14 9.16 10.28 11.52 12.87 14.34 15.93 17.66 19.47 21.34 23.25 25.22 27.22 29.26 31.34 33.45 35.58
1.12 1.13 1.12 1.09 1.04 0.98 0.91 0.84 0.76 0.68 0.59 0.50 0.42 0.35 0.28 0.23 0.18 0.14 0.11 0.09 0.08 0.07 0.07 0.06 0.06 0.06 0.06 0.05 0.05 0.05 0.05 0.04 0.03 0.00 0.00 0.00 0.00 0.00 0.00 0.00 0.00 0.00 0.00 0.00 0.00 0.00 0.00 0.00 0.00 0.07 0.24 0.47 0.75 1.08 1.46 1.88 2.34 2.84 3.38 3.97 4.61 5.28 6.00 6.75 7.57 8.47 9.45 10.52 11.69 12.96 14.34 15.84 17.45 19.19 21.01 22.88 24.81 26.78 28.79 30.84 32.92 35.03 37.16
1.06 1.07 1.05 1.02 0.98 0.94 0.89 0.84 0.78 0.71 0.64 0.56 0.49 0.42 0.35 0.30 0.25 0.22 0.19 0.17 0.15 0.15 0.14 0.14 0.13 0.13 0.13 0.12 0.12 0.12 0.11 0.10 0.07 0.04 0.00 0.00 0.00 0.00 0.00 0.00 0.00 0.00 0.00 0.00 0.00 0.00 0.00 0.00 0.00 0.00 0.19 0.46 0.79 1.18 1.62 2.11 2.65 3.25 3.89 4.58 5.31 6.09 6.91 7.77 8.67 9.63 10.66 11.78 13.00 14.30 15.71 17.22 18.85 20.59 22.41 24.29 26.22 28.19 30.20 32.25 34.33 36.44 38.56
0.99 0.99 0.98 0.95 0.93 0.90 0.86 0.82 0.78 0.73 0.67 0.61 0.55 0.48 0.42 0.37 0.33 0.29 0.26 0.24 0.23 0.22 0.21 0.21 0.20 0.20 0.20 0.19 0.19 0.18 0.17 0.14 0.11 0.07 0.02 0.00 0.00 0.00 0.00 0.00 0.00 0.00 0.00 0.00 0.00 0.00 0.00 0.00 0.00 0.00 0.13 0.44 0.82 1.26 1.76 2.33 2.95 3.62 4.34 5.11 5.93 6.80 7.71 8.66 9.64 10.67 11.76 12.92 14.17 15.50 16.93 18.46 20.09 21.83 23.65 25.53 27.45 29.41 31.42 33.47 35.54 37.63 39.68
0.92 0.91 0.90 0.89 0.87 0.85 0.83 0.80 0.77 0.74 0.70 0.65 0.60 0.55 0.49 0.44 0.40 0.36 0.34 0.31 0.30 0.29 0.29 0.28 0.27 0.27 0.26 0.26 0.25 0.24 0.21 0.18 0.14 0.09 0.04 0.00 0.00 0.00 0.00 0.00 0.00 0.00 0.00 0.00 0.00 0.00 0.00 0.00 0.00 0.00 0.07 0.42 0.84 1.33 1.89 2.52 3.20 3.94 4.72 5.57 6.46 7.39 8.37 9.40 10.46 11.56 12.71 13.91 15.18 16.54 17.98 19.52 21.16 22.89 24.70 26.57 28.48 30.43 32.43 34.46 36.52 38.53 40.45
0.84 0.83 0.83 0.82 0.81 0.80 0.79 0.78 0.76 0.73 0.71 0.68 0.64 0.60 0.55 0.51 0.47 0.43 0.40 0.38 0.37 0.36 0.35 0.35 0.34 0.34 0.33 0.32 0.31 0.28 0.25 0.21 0.16 0.11 0.05 0.00 0.00 0.00 0.00 0.00 0.00 0.00 0.00 0.00 0.00 0.00 0.00 0.00 0.00 0.00 0.02 0.39 0.86 1.40 2.00 2.67 3.40 4.18 5.02 5.91 6.86 7.85 8.89 9.97 11.10 12.26 13.47 14.71 16.01 17.39 18.84 20.38 22.01 23.73 25.53 27.38 29.28 31.22 33.20 35.21 37.17 39.05 40.84
