data_processed/recharge/precip/Precip_2008_11.asc
ncols        168
nrows        136
xllcorner    455000
yllcorner    2107000
cellsize     500
NODATA_value     -99999
[rows 76 to 113 of 136, columns 0 to 83 of 168]
0.00 0.00 0.00 0.00 0.00 0.00 0.00 0.00 0.00 0.00 0.00 0.00 0.00 0.00 0.00 0.00 0.00 0.00 0.00 0.00 0.00 0.00 0.00 0.00 0.00 0.00 0.00 0.00 0.00 0.00 0.00 0.00 0.00 0.00 0.00 0.00 0.00 0.00 0.00 0.00 0.00 0.00 0.00 0.00 0.00 0.00 0.00 0.00 0.00 0.00 0.00 0.00 0.00 0.00 0.00 0.00 0.00 0.00 0.00 0.00 0.00 0.00 0.00 0.00 0.00 0.00 0.00 0.00 0.00 0.00 0.00 0.00 0.00 0.00 0.00 0.00 0.00 0.00 0.00 0.00 0.00 0.00 0.00 0.00
0.00 0.00 0.00 0.00 0.00 0.00 0.00 0.00 0.00 0.00 0.00 0.00 0.00 0.00 0.00 0.00 0.00 0.00 0.00 0.00 0.00 0.00 0.00 0.00 0.00 0.00 0.00 0.00 0.00 0.00 0.00 0.00 0.00 0.00 0.00 0.00 0.00 0.00 0.00 0.00 0.00 0.00 0.00 0.00 0.00 0.00 0.00 0.00 0.00 0.00 0.00 0.00 0.00 0.00 0.00 0.00 0.00 0.00 0.00 0.00 0.00 0.00 0.00 0.00 0.00 0.00 0.00 0.00 0.00 0.00 0.00 0.00 0.00 0.00 0.00 0.00 0.00 0.00 0.00 0.00 0.00 0.00 0.00 0.00
0.00 0.00 0.00 0.00 0.00 0.00 0.00 0.00 0.00 0.00 0.00 0.00 0.00 0.00 0.00 0.00 0.00 0.00 0.00 0.00 0.00 0.00 0.00 0.01 0.00 0.00 0.00 0.00 0.00 0.00 0.00 0.00 0.00 0.00 0.00 0.00 0.00 0.00 0.00 0.00 0.00 0.00 0.00 0.00 0.00 0.00 0.00 0.00 0.00 0.00 0.00 0.00 0.00 0.00 0.00 0.00 0.00 0.00 0.00 0.00 0.00 0.00 0.00 0.00 0.00 0.03 0.04 0.02 0.00 0.00 0.00 0.00 0.00 0.00 0.00 0.00 0.00 0.00 0.00 0.00 0.00 0.00 0.00 0.00
0.00 0.00 0.00 0.00 0.00 0.00 0.00 0.00 0.00 0.00 0.00 0.00 0.00 0.00 0.00 0.00 0.00 0.00 0.00 0.00 0.00 0.00 0.00 0.00 0.00 0.00 0.00 0.00 0.00 0.00 0.00 0.00 0.00 0.00 0.00 0.00 0.00 0.00 0.00 0.00 0.00 0.00 0.00 0.00 0.00 0.00 0.00 0.00 0.00 0.00 0.00 0.00 0.00 0.00 0.00 0.00 0.00 0.00 0.00 0.00 0.00 0.00 0.00 0.00 0.05 0.10 0.12 0.11 0.08 0.00 0.00 0.00 0.00 0.00 0.00 0.00 0.00 0.00 0.00 0.00 0.00 0.00 0.00 0.00
0.00 0.00 0.00 0.00 0.00 0.00 0.00 0.00 0.00 0.00 0.00 0.00 0.00 0.00 0.00 0.00 0.00 0.00 0.00 0.00 0.00 0.00 0.00 0.00 0.00 0.00 0.00 0.00 0.00 0.00 0.00 0.00 0.00 0.00 0.00 0.00 0.00 0.00 0.00 0.00 0.00 0.00 0.00 0.00 0.00 0.00 0.00 0.00 0.00 0.00 0.00 0.00 0.00 0.00 0.00 0.00 0.00 0.00 0.00 0.00 0.00 0.00 0.00 0.06 0.15 0.21 0.24 0.25 0.23 0.16 0.06 0.00 0.00 0.00 0.00 0.00 0.00 0.00 0.00 0.00 0.00 0.00 0.00 0.00
0.00 0.00 0.00 0.00 0.00 0.00 0.00 0.00 0.00 0.00 0.00 0.00 0.00 0.00 0.00 0.00 0.00 0.00 0.01 0.03 0.03 0.02 0.00 0.00 0.00 0.00 0.00 0.00 0.00 0.00 0.00 0.00 0.00 0.00 0.00 0.00 0.00 0.00 0.00 0.00 0.00 0.00 0.00 0.00 0.00 0.00 0.00 0.00 0.00 0.00 0.00 0.00 0.00 0.00 0.00 0.00 0.00 0.00 0.00 0.00 0.00 0.00 0.13 0.25 0.34 0.41 0.46 0.48 0.46 0.41 0.32 0.18 0.00 0.00 0.00 0.00 0.00 0.00 0.00 0.00 0.00 0.00 0.00 0.00
0.00 0.00 0.00 0.00 0.00 0.00 0.00 0.00 0.00 0.00 0.00 0.00 0.00 0.00 0.00 0.00 0.01 0.04 0.05 0.05 0.04 0.01 0.00 0.00 0.00 0.00 0.00 0.00 0.00 0.00 0.00 0.00 0.00 0.00 0.00 0.00 0.00 0.00 0.00 0.00 0.00 0.00 0.00 0.00 0.00 0.00 0.00 0.00 0.00 0.00 0.00 0.00 0.00 0.00 0.00 0.00 0.00 0.00 0.00 0.00 0.14 0.29 0.42 0.54 0.64 0.72 0.77 0.79 0.78 0.74 0.65 0.52 0.34 0.09 0.00 0.00 0.00 0.00 0.00 0.00 0.00 0.00 0.00 0.00
0.00 0.00 0.00 0.00 0.00 0.00 0.00 0.00 0.00 0.00 0.00 0.00 0.00 0.00 0.00 0.01 0.04 0.06 0.07 0.06 0.03 0.00 0.00 0.00 0.00 0.00 0.00 0.00 0.00 0.00 0.00 0.00 0.00 0.00 0.00 0.00 0.00 0.00 0.00 0.00 0.00 0.00 0.00 0.00 0.00 0.00 0.00 0.00 0.00 0.00 0.00 0.00 0.00 0.00 0.00 0.00 0.00 0.02 0.19 0.36 0.52 0.67 0.81 0.93 1.03 1.11 1.16 1.19 1.18 1.13 1.05 0.91 0.72 0.45 0.12 0.00 0.00 0.00 0.00 0.00 0.00 0.00 0.00 0.00
0.00 0.00 0.00 0.00 0.00 0.00 0.00 0.00 0.00 0.00 0.00 0.00 0.00 0.00 0.00 0.03 0.05 0.07 0.06 0.04 0.01 0.00 0.00 0.00 0.00 0.00 0.00 0.00 0.00 0.00 0.00 0.00 0.00 0.00 0.00 0.00 0.00 0.00 0.00 0.00 0.00 0.00 0.00 0.00 0.00 0.00 0.00 0.00 0.00 0.00 0.00 0.00 0.00 0.00 0.01 0.16 0.33 0.50 0.67 0.83 0.99 1.14 1.28 1.40 1.50 1.57 1.62 1.65 1.63 1.59 1.49 1.34 1.13 0.85 0.50 0.13 0.00 0.00 0.00 0.00 0.00 0.00 0.00 0.00
0.00 0.00 0.00 0.00 0.00 0.00 0.00 0.00 0.00 0.00 0.00 0.00 0.00 0.00 0.00 0.01 0.04 0.05 0.04 0.02 0.00 0.00 0.00 0.00 0.00 0.00 0.00 0.00 0.00 0.00 0.00 0.00 0.00 0.00 0.00 0.00 0.00 0.00 0.00 0.00 0.00 0.00 0.00 0.00 0.00 0.00 0.00 0.00 0.00 0.00 0.00 0.00 0.21 0.41 0.59 0.75 0.91 1.07 1.23 1.39 1.55 1.69 1.82 1.93 2.03 2.10 2.14 2.15 2.13 2.07 1.96 1.79 1.56 1.27 0.91 0.53 0.14 0.00 0.00 0.00 0.00 0.00 0.00 0.00
0.00 0.00 0.00 0.00 0.00 0.00 0.00 0.00 0.00 0.00 0.00 0.00 0.00 0.00 0.00 0.00 0.01 0.02 0.01 0.00 0.00 0.00 0.00 0.00 0.00 0.00 0.00 0.00 0.00 0.00 0.00 0.00 0.00 0.00 0.00 0.00 0.00 0.00 0.00 0.00 0.00 0.00 0.00 0.00 0.00 0.00 0.00 0.00 0.00 0.00 0.22 0.52 0.80 1.03 1.24 1.41 1.57 1.72 1.87 2.02 2.17 2.30 2.42 2.52 2.60 2.66 2.69 2.70 2.66 2.58 2.45 2.27 2.02 1.72 1.35 0.95 0.56 0.17 0.00 0.00 0.00 0.00 0.00 0.00
0.00 0.00 0.00 0.00 0.00 0.00 0.00 0.00 0.00 0.00 0.00 0.00 0.00 0.00 0.00 0.00 0.00 0.00 0.00 0.00 0.00 0.00 0.00 0.00 0.00 0.00 0.00 0.00 0.00 0.00 0.00 0.00 0.00 0.00 0.00 0.00 0.00 0.00 0.00 0.00 0.00 0.00 0.00 0.00 0.00 0.00 0.00 0.00 0.04 0.42 0.79 1.13 1.43 1.70 1.93 2.13 2.29 2.44 2.57 2.71 2.84 2.96 3.06 3.15 3.22 3.26 3.28 3.26 3.21 3.11 2.96 2.75 2.50 2.18 1.80 1.40 0.99 0.59 0.20 0.00 0.00 0.00 0.00 0.00
0.00 0.00 0.00 0.00 0.00 0.00 0.00 0.00 0.00 0.00 0.00 0.00 0.00 0.00 0.00 0.00 0.00 0.00 0.00 0.00 0.00 0.00 0.00 0.00 0.00 0.00 0.00 0.00 0.00 0.00 0.00 0.00 0.00 0.00 0.00 0.00 0.00 0.00 0.00 0.00 0.00 0.00 0.00 0.00 0.00 0.00 0.00 0.22 0.59 1.00 1.40 1.77 2.10 2.39 2.65 2.87 3.05 3.20 3.32 3.44 3.55 3.65 3.73 3.80 3.85 3.88 3.87 3.83 3.76 3.64 3.47 3.25 2.98 2.65 2.26 1.85 1.44 1.03 0.63 0.24 0.00 0.00 0.00 0.00
0.00 0.00 0.00 0.00 0.00 0.00 0.00 0.00 0.00 0.00 0.00 0.00 0.00 0.00 0.00 0.00 0.00 0.00 0.00 0.00 0.00 0.00 0.00 0.00 0.00 0.00 0.00 0.00 0.00 0.00 0.00 0.00 0.00 0.00 0.00 0.00 0.00 0.00 0.00 0.00 0.00 0.00 0.00 0.00 0.00 0.14 0.43 0.78 1.18 1.62 2.05 2.44 2.80 3.11 3.38 3.62 3.82 3.98 4.10 4.20 4.28 4.36 4.42 4.47 4.49 4.49 4.47 4.40 4.31 4.17 3.98 3.75 3.47 3.13 2.73 2.32 1.90 1.48 1.07 0.67 0.29 0.00 0.00 0.00
0.00 0.00 0.00 0.00 0.00 0.00 0.00 0.00 0.00 0.00 0.00 0.00 0.00 0.00 0.00 0.00 0.00 0.00 0.00 0.00 0.00 0.00 0.00 0.00 0.00 0.00 0.00 0.00 0.00 0.00 0.00 0.00 0.00 0.00 0.00 0.00 0.00 0.00 0.00 0.00 0.00 0.00 0.00 0.13 0.36 0.65 0.98 1.36 1.80 2.27 2.72 3.13 3.50 3.83 4.12 4.37 4.58 4.75 4.88 4.97 5.03 5.08 5.12 5.13 5.13 5.11 5.05 4.97 4.85 4.69 4.49 4.25 3.95 3.61 3.20 2.78 2.36 1.93 1.52 1.11 0.72 0.35 0.00 0.00
0.00 0.00 0.00 0.00 0.00 0.00 0.00 0.00 0.00 0.00 0.00 0.00 0.00 0.00 0.00 0.00 0.00 0.00 0.00 0.00 0.00 0.00 0.00 0.00 0.00 0.00 0.00 0.00 0.00 0.00 0.00 0.00 0.00 0.00 0.00 0.00 0.00 0.00 0.00 0.00 0.00 0.14 0.33 0.57 0.85 1.18 1.56 1.97 2.43 2.92 3.40 3.83 4.21 4.55 4.85 5.11 5.32 5.50 5.63 5.72 5.77 5.79 5.80 5.79 5.75 5.70 5.63 5.52 5.38 5.21 4.99 4.74 4.43 4.08 3.67 3.24 2.81 2.38 1.96 1.56 1.16 0.78 0.42 0.08
0.00 0.00 0.00 0.00 0.00 0.00 0.00 0.00 0.00 0.00 0.00 0.00 0.00 0.00 0.00 0.00 0.00 0.00 0.00 0.00 0.00 0.00 0.00 0.00 0.00 0.00 0.00 0.00 0.00 0.00 0.00 0.00 0.00 0.00 0.00 0.00 0.00 0.00 0.00 0.12 0.29 0.50 0.75 1.04 1.37 1.74 2.15 2.59 3.07 3.58 4.07 4.51 4.91 5.26 5.57 5.83 6.04 6.22 6.35 6.43 6.48 6.48 6.46 6.42 6.36 6.28 6.18 6.06 5.90 5.71 5.48 5.21 4.90 4.53 4.12 3.69 3.26 2.83 2.40 1.99 1.59 1.20 0.84 0.50
0.00 0.00 0.00 0.00 0.00 0.00 0.00 0.00 0.00 0.00 0.00 0.00 0.00 0.00 0.00 0.00 0.00 0.00 0.00 0.00 0.00 0.00 0.00 0.00 0.00 0.00 0.00 0.00 0.00 0.00 0.00 0.00 0.00 0.00 0.00 0.00 0.00 0.03 0.19 0.38 0.61 0.88 1.18 1.52 1.89 2.30 2.74 3.21 3.71 4.23 4.73 5.18 5.58 5.94 6.25 6.51 6.72 6.89 7.02 7.10 7.13 7.13 7.09 7.02 6.93 6.83 6.71 6.57 6.39 6.19 5.95 5.67 5.34 4.98 4.56 4.12 3.69 3.25 2.83 2.41 2.01 1.62 1.25 0.91
0.00 0.00 0.00 0.00 0.00 0.00 0.00 0.00 0.00 0.00 0.00 0.00 0.00 0.00 0.00 0.00 0.00 0.00 0.00 0.00 0.00 0.00 0.00 0.00 0.00 0.00 0.00 0.00 0.00 0.00 0.00 0.00 0.00 0.00 0.00 0.00 0.03 0.19 0.40 0.65 0.94 1.27 1.62 2.00 2.41 2.85 3.31 3.81 4.32 4.86 5.36 5.82 6.22 6.58 6.88 7.14 7.35 7.51 7.63 7.70 7.72 7.71 7.67 7.59 7.48 7.36 7.21 7.05 6.86 6.64 6.39 6.10 5.77 5.39 4.97 4.53 4.10 3.66 3.23 2.81 2.41 2.02 1.65 1.30
0.00 0.00 0.00 0.00 0.00 0.00 0.00 0.00 0.00 0.00 0.00 0.00 0.00 0.00 0.00 0.00 0.00 0.00 0.00 0.00 0.00 0.00 0.00 0.00 0.00 0.00 0.00 0.00 0.00 0.00 0.00 0.00 0.00 0.00 0.00 0.03 0.17 0.38 0.63 0.93 1.28 1.65 2.05 2.47 2.92 3.38 3.87 4.38 4.91 5.45 5.95 6.41 6.81 7.17 7.47 7.72 7.92 8.07 8.17 8.22 8.25 8.23 8.18 8.10 7.98 7.84 7.68 7.50 7.29 7.06 6.79 6.50 6.16 5.78 5.36 4.92 4.48 4.04 3.61 3.19 2.79 2.40 2.03 1.68
0.00 0.00 0.00 0.00 0.00 0.00 0.00 0.00 0.00 0.00 0.00 0.00 0.00 0.00 0.00 0.00 0.00 0.00 0.00 0.00 0.00 0.00 0.00 0.00 0.00 0.00 0.00 0.00 0.00 0.00 0.00 0.00 0.00 0.00 0.02 0.16 0.35 0.59 0.89 1.23 1.61 2.03 2.47 2.92 3.40 3.89 4.39 4.91 5.45 5.99 6.50 6.95 7.35 7.69 7.98 8.22 8.41 8.54 8.63 8.68 8.70 8.68 8.63 8.55 8.43 8.28 8.10 7.90 7.68 7.44 7.16 6.86 6.51 6.13 5.71 5.27 4.83 4.39 3.96 3.54 3.14 2.75 2.38 2.03
0.00 0.00 0.00 0.00 0.00 0.00 0.00 0.00 0.00 0.00 0.00 0.00 0.00 0.00 0.00 0.00 0.00 0.00 0.00 0.00 0.00 0.00 0.00 0.00 0.00 0.00 0.00 0.00 0.00 0.00 0.00 0.00 0.00 0.01 0.15 0.33 0.56 0.84 1.16 1.52 1.93 2.38 2.85 3.34 3.84 4.35 4.87 5.40 5.94 6.47 6.98 7.42 7.81 8.14 8.42 8.64 8.81 8.93 9.02 9.07 9.08 9.07 9.01 8.93 8.81 8.66 8.48 8.26 8.03 7.77 7.49 7.18 6.83 6.44 6.02 5.58 5.14 4.71 4.28 3.86 3.45 3.07 2.70 2.35
0.00 0.00 0.00 0.00 0.00 0.00 0.00 0.00 0.00 0.00 0.00 0.00 0.00 0.00 0.00 0.00 0.00 0.00 0.00 0.00 0.00 0.00 0.00 0.00 0.00 0.00 0.00 0.00 0.00 0.00 0.00 0.00 0.01 0.13 0.30 0.52 0.78 1.09 1.44 1.82 2.24 2.70 3.19 3.71 4.23 4.75 5.29 5.82 6.36 6.89 7.38 7.81 8.19 8.50 8.76 8.97 9.12 9.24 9.32 9.37 9.39 9.37 9.32 9.24 9.12 8.97 8.79 8.57 8.32 8.06 7.77 7.45 7.10 6.71 6.29 5.85 5.41 4.98 4.55 4.13 3.73 3.34 2.97 2.62
0.00 0.00 0.00 0.00 0.00 0.00 0.00 0.00 0.00 0.00 0.00 0.00 0.00 0.00 0.00 0.00 0.00 0.00 0.00 0.00 0.00 0.00 0.00 0.00 0.00 0.00 0.00 0.00 0.00 0.00 0.00 0.00 0.12 0.28 0.48 0.73 1.02 1.35 1.71 2.11 2.54 3.01 3.50 4.02 4.56 5.10 5.63 6.17 6.70 7.22 7.70 8.11 8.47 8.77 9.01 9.19 9.34 9.46 9.55 9.60 9.61 9.60 9.55 9.47 9.35 9.20 9.02 8.81 8.56 8.29 7.99 7.66 7.31 6.92 6.50 6.07 5.63 5.20 4.78 4.36 3.96 3.58 3.21 2.86
0.00 0.00 0.00 0.00 0.00 0.00 0.00 0.00 0.00 0.00 0.00 0.00 0.00 0.00 0.00 0.00 0.00 0.00 0.00 0.00 0.00 0.00 0.00 0.00 0.00 0.00 0.00 0.00 0.00 0.00 0.00 0.10 0.25 0.44 0.68 0.95 1.26 1.60 1.97 2.38 2.82 3.28 3.77 4.28 4.81 5.36 5.90 6.43 6.95 7.46 7.92 8.31 8.65 8.92 9.14 9.33 9.48 9.60 9.68 9.74 9.75 9.74 9.69 9.61 9.50 9.36 9.18 8.97 8.73 8.45 8.15 7.82 7.47 7.08 6.66 6.23 5.80 5.37 4.95 4.54 4.14 3.76 3.39 3.04
0.00 0.00 0.00 0.00 0.00 0.00 0.00 0.00 0.00 0.00 0.00 0.00 0.00 0.00 0.00 0.00 0.00 0.00 0.00 0.00 0.00 0.00 0.00 0.00 0.00 0.00 0.00 0.00 0.00 0.00 0.08 0.22 0.40 0.62 0.87 1.16 1.48 1.84 2.22 2.62 3.06 3.51 3.99 4.49 5.00 5.53 6.07 6.59 7.10 7.59 8.03 8.40 8.71 8.96 9.18 9.37 9.52 9.64 9.73 9.79 9.81 9.80 9.75 9.68 9.57 9.43 9.26 9.05 8.81 8.55 8.24 7.91 7.56 7.17 6.76 6.33 5.90 5.48 5.06 4.66 4.27 3.89 3.53 3.18
0.00 0.00 0.00 0.00 0.00 0.00 0.00 0.00 0.00 0.00 0.00 0.00 0.00 0.00 0.00 0.00 0.00 0.00 0.00 0.00 0.00 0.00 0.00 0.00 0.00 0.00 0.00 0.00 0.00 0.07 0.20 0.36 0.56 0.80 1.07 1.37 1.70 2.05 2.43 2.83 3.25 3.70 4.15 4.63 5.12 5.62 6.13 6.64 7.13 7.60 8.01 8.36 8.65 8.90 9.12 9.31 9.47 9.59 9.68 9.74 9.77 9.76 9.72 9.65 9.55 9.41 9.25 9.05 8.82 8.55 8.26 7.93 7.58 7.20 6.79 6.36 5.94 5.52 5.12 4.72 4.34 3.97 3.61 3.26
0.00 0.00 0.00 0.00 0.00 0.00 0.00 0.00 0.00 0.00 0.00 0.00 0.00 0.00 0.00 0.00 0.00 0.00 0.00 0.00 0.00 0.00 0.00 0.00 0.00 0.00 0.00 0.00 0.05 0.17 0.32 0.51 0.73 0.97 1.25 1.55 1.88 2.23 2.60 2.99 3.40 3.82 4.26 4.70 5.16 5.63 6.10 6.57 7.04 7.48 7.86 8.19 8.48 8.74 8.96 9.15 9.31 9.44 9.54 9.60 9.63 9.63 9.60 9.53 9.43 9.31 9.15 8.95 8.73 8.48 8.19 7.87 7.52 7.14 6.74 6.32 5.91 5.50 5.10 4.72 4.34 3.98 3.63 3.29
0.00 0.00 0.00 0.00 0.00 0.00 0.00 0.00 0.00 0.00 0.00 0.00 0.00 0.00 0.00 0.00 0.00 0.00 0.00 0.00 0.00 0.00 0.00 0.00 0.00 0.00 0.00 0.03 0.14 0.28 0.45 0.65 0.88 1.13 1.41 1.71 2.03 2.37 2.73 3.10 3.48 3.88 4.29 4.70 5.12 5.54 5.97 6.39 6.81 7.22 7.58 7.91 8.20 8.46 8.69 8.89 9.05 9.19 9.29 9.36 9.39 9.40 9.37 9.31 9.22 9.10 8.95 8.77 8.55 8.31 8.03 7.72 7.38 7.01 6.61 6.21 5.80 5.41 5.02 4.65 4.28 3.93 3.58 3.25
0.00 0.00 0.00 0.00 0.00 0.00 0.00 0.00 0.00 0.01 0.03 0.05 0.06 0.07 0.07 0.07 0.06 0.05 0.04 0.02 0.00 0.00 0.00 0.00 0.00 0.00 0.00 0.10 0.23 0.38 0.57 0.78 1.01 1.26 1.54 1.83 2.14 2.46 2.80 3.15 3.50 3.87 4.24 4.61 4.98 5.36 5.73 6.10 6.47 6.84 7.20 7.53 7.83 8.09 8.33 8.53 8.70 8.84 8.94 9.02 9.06 9.08 9.06 9.01 8.93 8.81 8.67 8.50 8.29 8.06 7.79 7.49 7.16 6.80 6.42 6.02 5.64 5.26 4.88 4.52 4.16 3.82 3.48 3.16
0.00 0.00 0.00 0.00 0.00 0.00 0.00 0.04 0.08 0.11 0.14 0.16 0.17 0.17 0.17 0.17 0.15 0.13 0.11 0.09 0.05 0.02 0.00 0.00 0.00 0.00 0.01 0.13 0.27 0.44 0.64 0.85 1.09 1.34 1.61 1.89 2.19 2.50 2.81 3.13 3.46 3.79 4.12 4.45 4.78 5.11 5.43 5.74 6.06 6.41 6.77 7.10 7.41 7.68 7.92 8.13 8.30 8.45 8.56 8.65 8.70 8.72 8.71 8.67 8.59 8.49 8.36 8.19 8.00 7.77 7.51 7.23 6.91 6.57 6.20 5.82 5.45 5.08 4.72 4.37 4.03 3.69 3.36 3.05
0.00 0.00 0.00 0.00 0.00 0.00 0.07 0.13 0.17 0.21 0.24 0.26 0.27 0.27 0.27 0.26 0.24 0.22 0.19 0.15 0.11 0.06 0.01 0.00 0.00 0.00 0.00 0.10 0.26 0.45 0.65 0.88 1.11 1.36 1.63 1.90 2.18 2.47 2.76 3.06 3.36 3.65 3.95 4.24 4.52 4.80 5.06 5.33 5.64 5.98 6.33 6.66 6.96 7.24 7.49 7.70 7.89 8.04 8.16 8.25 8.31 8.34 8.34 8.31 8.24 8.15 8.03 7.87 7.69 7.47 7.23 6.95 6.65 6.32 5.98 5.62 5.26 4.91 4.56 4.22 3.89 3.56 3.25 2.94
0.00 0.00 0.00 0.00 0.00 0.05 0.13 0.19 0.25 0.29 0.33 0.35 0.36 0.37 0.36 0.35 0.33 0.30 0.26 0.22 0.17 0.11 0.03 0.00 0.00 0.00 0.00 0.02 0.20 0.40 0.62 0.84 1.08 1.33 1.59 1.86 2.12 2.39 2.66 2.93 3.20 3.46 3.72 3.97 4.20 4.43 4.66 4.92 5.21 5.54 5.88 6.20 6.50 6.79 7.04 7.26 7.45 7.61 7.74 7.84 7.91 7.95 7.96 7.93 7.88 7.80 7.68 7.54 7.37 7.16 6.93 6.67 6.38 6.08 5.75 5.42 5.07 4.73 4.40 4.07 3.75 3.43 3.13 2.83
0.00 0.00 0.00 0.00 0.00 0.08 0.17 0.25 0.31 0.36 0.40 0.43 0.45 0.45 0.45 0.44 0.41 0.38 0.34 0.29 0.23 0.15 0.06 0.00 0.00 0.00 0.00 0.00 0.10 0.31 0.53 0.77 1.01 1.26 1.51 1.76 2.01 2.27 2.51 2.76 2.99 3.22 3.44 3.64 3.84 4.03 4.24 4.49 4.78 5.10 5.42 5.73 6.03 6.31 6.57 6.80 7.00 7.17 7.31 7.42 7.50 7.54 7.56 7.55 7.51 7.43 7.33 7.20 7.04 6.84 6.63 6.38 6.12 5.83 5.53 5.21 4.89 4.56 4.24 3.92 3.61 3.30 3.01 2.72
0.00 0.00 0.00 0.00 0.00 0.09 0.19 0.28 0.36 0.42 0.46 0.50 0.52 0.53 0.53 0.52 0.49 0.46 0.41 0.35 0.28 0.19 0.08 0.00 0.00 0.00 0.00 0.00 0.00 0.17 0.40 0.64 0.89 1.13 1.38 1.62 1.86 2.09 2.32 2.53 2.74 2.93 3.11 3.28 3.44 3.62 3.83 4.07 4.34 4.65 4.97 5.27 5.56 5.83 6.09 6.33 6.54 6.72 6.86 6.98 7.07 7.13 7.15 7.15 7.12 7.06 6.97 6.85 6.70 6.52 6.32 6.09 5.85 5.59 5.31 5.01 4.71 4.39 4.08 3.77 3.47 3.17 2.89 2.61
0.00 0.00 0.00 0.00 0.00 0.08 0.20 0.30 0.39 0.46 0.51 0.56 0.58 0.60 0.60 0.59 0.57 0.53 0.48 0.41 0.33 0.22 0.10 0.00 0.00 0.00 0.00 0.00 0.00 0.02 0.24 0.48 0.72 0.96 1.20 1.43 1.66 1.87 2.08 2.27 2.44 2.60 2.74 2.88 3.03 3.20 3.41 3.64 3.91 4.20 4.51 4.80 5.08 5.35 5.61 5.85 6.06 6.25 6.41 6.53 6.63 6.70 6.74 6.75 6.73 6.68 6.60 6.49 6.35 6.19 6.01 5.81 5.58 5.35 5.09 4.82 4.53 4.23 3.93 3.62 3.33 3.04 2.77 2.50
0.00 0.00 0.00 0.00 0.00 0.06 0.18 0.30 0.40 0.48 0.55 0.60 0.64 0.66 0.66 0.66 0.64 0.60 0.54 0.46 0.37 0.25 0.12 0.00 0.00 0.00 0.00 0.00 0.00 0.00 0.06 0.28 0.52 0.76 0.99 1.21 1.42 1.62 1.80 1.96 2.10 2.23 2.34 2.47 2.62 2.79 2.99 3.21 3.47 3.76 4.05 4.34 4.61 4.88 5.13 5.36 5.58 5.77 5.94 6.08 6.19 6.27 6.32 6.34 6.33 6.29 6.22 6.13 6.01 5.87 5.70 5.52 5.32 5.11 4.88 4.64 4.37 4.08 3.79 3.49 3.20 2.92 2.65 2.38
0.00 0.00 0.00 0.00 0.00 0.03 0.16 0.28 0.39 0.49 0.57 0.63 0.68 0.71 0.72 0.72 0.70 0.65 0.59 0.50 0.40 0.28 0.14 0.00 0.00 0.00 0.00 0.00 0.00 0.00 0.00 0.07 0.29 0.52 0.74 0.95 1.15 1.32 1.48 1.62 1.73 1.83 1.94 2.07 2.21 2.38 2.57 2.79 3.04 3.31 3.60 3.87 4.14 4.40 4.64 4.88 5.09 5.29 5.47 5.62 5.74 5.83 5.89 5.92 5.93 5.90 5.85 5.77 5.67 5.54 5.40 5.24 5.07 4.88 4.68 4.46 4.21 3.94 3.66 3.37 3.08 2.80 2.53 2.27
