data_processed/recharge/precip/Precip_2010_10.asc
ncols        168
nrows        136
xllcorner    455000
yllcorner    2107000
cellsize     500
NODATA_value     -99999
[rows 38 to 75 of 136, columns 0 to 83 of 168]
6.70 6.14 5.65 5.21 4.82 4.48 4.18 3.91 3.67 3.45 3.25 3.06 2.88 2.71 2.53 2.35 2.15 1.96 1.78 1.61 1.46 1.33 1.23 1.16 1.14 1.13 1.14 1.15 1.17 1.20 1.23 1.27 1.31 1.35 1.40 1.46 1.51 1.58 1.66 1.74 1.85 1.97 2.11 2.26 2.43 2.62 2.81 3.02 3.23 3.45 3.68 3.91 4.10 4.27 4.40 4.50 4.56 4.59 4.59 4.55 4.48 4.36 4.22 4.05 3.90 3.75 3.60 3.47 3.33 3.21 3.09 2.97 2.86 2.76 2.66 2.57 2.49 2.41 2.34 2.26 2.18 2.09 2.01 1.93
6.64 6.08 5.60 5.17 4.79 4.47 4.18 3.93 3.71 3.51 3.33 3.17 3.01 2.84 2.65 2.45 2.25 2.05 1.86 1.69 1.53 1.39 1.29 1.22 1.19 1.18 1.18 1.19 1.21 1.23 1.26 1.29 1.33 1.37 1.42 1.47 1.52 1.57 1.64 1.72 1.82 1.94 2.08 2.23 2.40 2.58 2.77 2.97 3.18 3.40 3.62 3.84 4.03 4.20 4.33 4.44 4.51 4.56 4.57 4.55 4.50 4.41 4.29 4.14 3.97 3.81 3.66 3.51 3.37 3.24 3.11 2.99 2.88 2.77 2.67 2.58 2.50 2.42 2.35 2.27 2.19 2.10 2.02 1.93
6.57 6.03 5.55 5.14 4.78 4.47 4.20 3.97 3.78 3.61 3.46 3.31 3.14 2.96 2.76 2.56 2.35 2.14 1.95 1.77 1.60 1.46 1.35 1.28 1.24 1.24 1.23 1.24 1.25 1.27 1.30 1.32 1.36 1.40 1.44 1.48 1.53 1.58 1.64 1.72 1.82 1.93 2.07 2.21 2.38 2.55 2.74 2.93 3.14 3.34 3.56 3.77 3.96 4.12 4.26 4.37 4.46 4.51 4.54 4.54 4.51 4.44 4.35 4.22 4.06 3.89 3.73 3.57 3.42 3.28 3.15 3.02 2.91 2.80 2.70 2.61 2.53 2.45 2.38 2.30 2.21 2.13 2.04 1.95
6.50 5.97 5.51 5.12 4.78 4.49 4.25 4.04 3.87 3.73 3.60 3.45 3.28 3.09 2.88 2.67 2.45 2.24 2.04 1.85 1.68 1.54 1.42 1.34 1.31 1.29 1.29 1.29 1.30 1.32 1.34 1.36 1.39 1.43 1.46 1.50 1.55 1.60 1.66 1.74 1.84 1.95 2.07 2.22 2.37 2.54 2.72 2.90 3.10 3.30 3.50 3.71 3.89 4.05 4.19 4.30 4.39 4.46 4.50 4.51 4.50 4.46 4.39 4.29 4.16 3.99 3.82 3.66 3.50 3.35 3.21 3.08 2.95 2.84 2.74 2.65 2.56 2.49 2.41 2.33 2.25 2.16 2.07 1.98
6.43 5.92 5.48 5.11 4.79 4.53 4.31 4.14 4.00 3.88 3.75 3.59 3.42 3.22 3.01 2.78 2.56 2.34 2.13 1.94 1.76 1.61 1.49 1.41 1.37 1.36 1.35 1.35 1.35 1.36 1.38 1.40 1.43 1.46 1.49 1.53 1.58 1.64 1.71 1.79 1.88 1.98 2.10 2.23 2.38 2.54 2.71 2.88 3.07 3.26 3.45 3.64 3.82 3.98 4.11 4.23 4.32 4.40 4.45 4.48 4.48 4.46 4.41 4.34 4.23 4.09 3.93 3.75 3.59 3.43 3.28 3.14 3.02 2.90 2.80 2.70 2.62 2.54 2.47 2.39 2.30 2.21 2.11 2.02
6.37 5.88 5.46 5.12 4.83 4.60 4.41 4.27 4.15 4.03 3.89 3.72 3.54 3.35 3.13 2.90 2.67 2.44 2.23 2.03 1.85 1.69 1.57 1.48 1.44 1.42 1.41 1.41 1.41 1.42 1.43 1.45 1.47 1.50 1.53 1.57 1.62 1.69 1.76 1.85 1.94 2.03 2.14 2.27 2.40 2.55 2.71 2.87 3.05 3.22 3.40 3.58 3.75 3.90 4.03 4.15 4.25 4.33 4.39 4.43 4.45 4.44 4.42 4.36 4.28 4.17 4.04 3.87 3.69 3.53 3.37 3.23 3.10 2.97 2.87 2.77 2.68 2.61 2.53 2.45 2.36 2.27 2.17 2.06
6.31 5.85 5.46 5.14 4.89 4.69 4.54 4.42 4.30 4.16 4.01 3.84 3.66 3.46 3.25 3.02 2.78 2.55 2.33 2.12 1.93 1.77 1.65 1.56 1.51 1.49 1.48 1.47 1.47 1.47 1.48 1.50 1.52 1.54 1.58 1.63 1.68 1.75 1.83 1.92 2.01 2.11 2.21 2.32 2.44 2.58 2.72 2.88 3.03 3.20 3.36 3.53 3.68 3.82 3.95 4.07 4.17 4.25 4.32 4.37 4.40 4.41 4.40 4.37 4.31 4.23 4.12 3.98 3.81 3.64 3.48 3.33 3.19 3.06 2.95 2.85 2.76 2.69 2.61 2.52 2.43 2.33 2.23 2.12
6.27 5.84 5.48 5.20 4.97 4.81 4.69 4.56 4.42 4.27 4.11 3.94 3.76 3.56 3.35 3.13 2.89 2.66 2.43 2.21 2.02 1.86 1.73 1.64 1.59 1.56 1.54 1.54 1.53 1.53 1.54 1.55 1.57 1.60 1.64 1.69 1.76 1.83 1.91 2.00 2.10 2.19 2.29 2.39 2.50 2.62 2.75 2.89 3.03 3.18 3.33 3.48 3.62 3.75 3.87 3.98 4.08 4.16 4.24 4.30 4.34 4.36 4.37 4.36 4.32 4.26 4.18 4.07 3.93 3.77 3.60 3.44 3.29 3.16 3.04 2.94 2.85 2.78 2.70 2.61 2.51 2.41 2.30 2.19
6.24 5.84 5.52 5.27 5.09 4.95 4.82 4.67 4.52 4.36 4.19 4.02 3.83 3.64 3.43 3.22 2.99 2.76 2.53 2.31 2.11 1.95 1.81 1.71 1.66 1.63 1.62 1.60 1.60 1.59 1.60 1.61 1.63 1.67 1.71 1.77 1.84 1.92 2.01 2.10 2.19 2.29 2.38 2.48 2.58 2.68 2.79 2.91 3.04 3.17 3.30 3.43 3.55 3.67 3.79 3.89 3.99 4.07 4.15 4.21 4.27 4.30 4.32 4.33 4.31 4.27 4.21 4.13 4.02 3.89 3.73 3.56 3.41 3.27 3.15 3.05 2.95 2.88 2.79 2.70 2.60 2.50 2.38 2.26
6.23 5.87 5.59 5.38 5.22 5.07 4.91 4.76 4.59 4.42 4.25 4.07 3.88 3.69 3.49 3.28 3.07 2.85 2.63 2.41 2.21 2.03 1.89 1.79 1.74 1.71 1.69 1.67 1.66 1.66 1.66 1.67 1.70 1.75 1.80 1.86 1.94 2.02 2.11 2.20 2.29 2.39 2.48 2.58 2.67 2.76 2.85 2.95 3.05 3.16 3.27 3.39 3.49 3.60 3.70 3.80 3.89 3.98 4.05 4.12 4.18 4.23 4.26 4.28 4.28 4.26 4.23 4.17 4.09 3.98 3.85 3.70 3.54 3.40 3.27 3.16 3.07 2.98 2.90 2.81 2.70 2.59 2.47 2.34
6.24 5.92 5.68 5.50 5.33 5.15 4.98 4.81 4.63 4.45 4.27 4.08 3.90 3.71 3.52 3.32 3.12 2.92 2.71 2.50 2.30 2.12 1.98 1.87 1.82 1.78 1.76 1.74 1.73 1.72 1.73 1.75 1.79 1.84 1.90 1.97 2.04 2.13 2.21 2.31 2.40 2.49 2.59 2.68 2.76 2.84 2.92 3.00 3.08 3.17 3.26 3.35 3.44 3.53 3.62 3.71 3.79 3.87 3.95 4.02 4.09 4.14 4.18 4.21 4.23 4.23 4.22 4.18 4.13 4.05 3.95 3.83 3.68 3.53 3.40 3.29 3.19 3.10 3.02 2.92 2.81 2.69 2.57 2.43
6.28 6.00 5.79 5.59 5.39 5.20 5.01 4.82 4.63 4.44 4.25 4.07 3.88 3.70 3.51 3.33 3.14 2.95 2.76 2.57 2.39 2.21 2.06 1.96 1.89 1.86 1.83 1.81 1.80 1.80 1.81 1.84 1.88 1.94 2.00 2.07 2.15 2.24 2.33 2.42 2.51 2.60 2.69 2.78 2.86 2.93 3.00 3.06 3.12 3.19 3.25 3.32 3.39 3.46 3.54 3.61 3.69 3.77 3.84 3.91 3.98 4.04 4.09 4.13 4.16 4.18 4.18 4.17 4.14 4.09 4.02 3.93 3.81 3.68 3.54 3.42 3.32 3.23 3.14 3.04 2.92 2.80 2.67 2.52
6.34 6.09 5.86 5.63 5.42 5.20 4.99 4.79 4.59 4.39 4.20 4.01 3.83 3.65 3.47 3.29 3.12 2.95 2.78 2.62 2.45 2.29 2.14 2.03 1.97 1.93 1.90 1.88 1.87 1.88 1.90 1.94 1.99 2.05 2.12 2.19 2.27 2.36 2.45 2.54 2.63 2.72 2.80 2.88 2.96 3.03 3.09 3.13 3.17 3.21 3.25 3.29 3.34 3.39 3.45 3.52 3.59 3.66 3.73 3.80 3.86 3.93 3.98 4.04 4.08 4.11 4.13 4.14 4.13 4.10 4.06 4.00 3.92 3.81 3.69 3.56 3.46 3.37 3.27 3.16 3.05 2.91 2.77 2.61
6.41 6.14 5.88 5.63 5.39 5.16 4.93 4.71 4.50 4.30 4.10 3.91 3.73 3.55 3.38 3.22 3.06 2.91 2.76 2.62 2.48 2.35 2.22 2.11 2.05 2.01 1.98 1.96 1.96 1.98 2.01 2.05 2.10 2.17 2.24 2.31 2.40 2.48 2.57 2.66 2.75 2.83 2.91 2.99 3.06 3.12 3.17 3.21 3.23 3.25 3.26 3.28 3.30 3.33 3.37 3.42 3.48 3.54 3.61 3.67 3.74 3.80 3.87 3.92 3.98 4.02 4.05 4.08 4.09 4.09 4.07 4.04 3.99 3.92 3.83 3.71 3.60 3.51 3.41 3.30 3.17 3.03 2.87 2.71
6.44 6.14 5.85 5.58 5.31 5.06 4.82 4.59 4.36 4.16 3.96 3.77 3.59 3.42 3.25 3.10 2.96 2.82 2.70 2.58 2.47 2.37 2.27 2.18 2.12 2.08 2.06 2.05 2.06 2.08 2.12 2.16 2.22 2.29 2.36 2.44 2.52 2.61 2.70 2.78 2.87 2.95 3.02 3.09 3.16 3.21 3.25 3.28 3.29 3.29 3.28 3.27 3.26 3.28 3.30 3.33 3.38 3.43 3.48 3.54 3.61 3.67 3.74 3.80 3.86 3.91 3.96 4.00 4.03 4.05 4.06 4.05 4.03 3.99 3.93 3.85 3.76 3.66 3.56 3.43 3.30 3.15 2.99 2.81
6.42 6.09 5.77 5.47 5.18 4.91 4.66 4.41 4.18 3.97 3.76 3.57 3.40 3.23 3.08 2.94 2.81 2.70 2.59 2.50 2.42 2.34 2.28 2.23 2.19 2.16 2.15 2.15 2.17 2.20 2.24 2.29 2.35 2.42 2.49 2.57 2.66 2.74 2.83 2.91 2.99 3.07 3.14 3.20 3.25 3.29 3.33 3.34 3.35 3.33 3.30 3.27 3.24 3.23 3.23 3.24 3.27 3.31 3.35 3.41 3.47 3.53 3.59 3.66 3.72 3.79 3.85 3.90 3.95 3.99 4.02 4.03 4.04 4.03 4.00 3.96 3.90 3.82 3.71 3.58 3.43 3.27 3.10 2.92
6.43 6.06 5.72 5.39 5.08 4.79 4.51 4.26 4.02 3.79 3.58 3.39 3.22 3.06 2.91 2.78 2.67 2.57 2.48 2.41 2.36 2.31 2.29 2.27 2.28 2.29 2.29 2.29 2.31 2.35 2.39 2.44 2.51 2.58 2.65 2.73 2.81 2.89 2.97 3.04 3.12 3.18 3.24 3.30 3.34 3.37 3.39 3.39 3.38 3.35 3.31 3.27 3.22 3.18 3.16 3.15 3.16 3.19 3.22 3.26 3.32 3.37 3.44 3.50 3.57 3.64 3.71 3.78 3.84 3.89 3.94 3.98 4.01 4.03 4.04 4.03 4.00 3.97 3.87 3.74 3.58 3.42 3.24 3.05
6.51 6.11 5.73 5.38 5.04 4.73 4.43 4.16 3.90 3.66 3.45 3.25 3.08 2.92 2.78 2.65 2.55 2.47 2.40 2.35 2.31 2.30 2.30 2.33 2.39 2.45 2.48 2.49 2.51 2.54 2.59 2.64 2.70 2.76 2.83 2.90 2.97 3.05 3.12 3.18 3.24 3.30 3.35 3.39 3.41 3.43 3.43 3.42 3.39 3.35 3.30 3.25 3.20 3.14 3.09 3.07 3.06 3.06 3.08 3.11 3.16 3.21 3.27 3.34 3.41 3.48 3.56 3.63 3.70 3.78 3.84 3.90 3.96 4.00 4.03 4.06 4.08 4.09 4.04 3.92 3.76 3.58 3.39 3.20
6.66 6.23 5.82 5.43 5.06 4.72 4.40 4.11 3.84 3.59 3.36 3.15 2.97 2.81 2.67 2.56 2.46 2.39 2.33 2.30 2.29 2.29 2.34 2.42 2.53 2.63 2.70 2.73 2.76 2.78 2.82 2.87 2.92 2.97 3.03 3.09 3.16 3.21 3.27 3.32 3.37 3.41 3.44 3.46 3.47 3.47 3.45 3.41 3.37 3.32 3.28 3.22 3.16 3.10 3.03 2.98 2.95 2.94 2.94 2.96 2.99 3.04 3.09 3.16 3.23 3.30 3.38 3.47 3.55 3.63 3.72 3.80 3.87 3.94 4.00 4.07 4.13 4.19 4.18 4.10 3.95 3.77 3.57 3.36
6.84 6.41 5.97 5.55 5.15 4.78 4.43 4.11 3.82 3.55 3.31 3.10 2.91 2.74 2.60 2.49 2.40 2.33 2.29 2.27 2.27 2.32 2.40 2.53 2.68 2.82 2.93 3.00 3.04 3.06 3.09 3.12 3.16 3.21 3.25 3.30 3.34 3.39 3.43 3.46 3.49 3.51 3.52 3.52 3.50 3.47 3.43 3.38 3.33 3.28 3.23 3.18 3.12 3.05 2.98 2.91 2.86 2.82 2.81 2.81 2.83 2.86 2.91 2.97 3.04 3.11 3.20 3.29 3.38 3.47 3.57 3.67 3.76 3.85 3.95 4.06 4.16 4.25 4.29 4.25 4.14 3.97 3.76 3.54
7.05 6.62 6.18 5.73 5.29 4.89 4.51 4.17 3.85 3.57 3.31 3.08 2.88 2.71 2.56 2.44 2.35 2.29 2.26 2.25 2.29 2.37 2.49 2.65 2.84 3.02 3.16 3.26 3.33 3.36 3.38 3.40 3.43 3.45 3.48 3.51 3.54 3.56 3.58 3.59 3.59 3.59 3.57 3.54 3.50 3.45 3.39 3.33 3.28 3.23 3.17 3.12 3.06 2.99 2.92 2.84 2.77 2.71 2.68 2.67 2.67 2.69 2.73 2.78 2.84 2.92 3.00 3.10 3.20 3.30 3.41 3.52 3.63 3.76 3.89 4.03 4.17 4.30 4.37 4.37 4.30 4.16 3.96 3.73
7.28 6.85 6.41 5.95 5.50 5.06 4.65 4.28 3.93 3.62 3.35 3.10 2.89 2.70 2.55 2.43 2.34 2.28 2.25 2.27 2.34 2.45 2.61 2.80 3.02 3.23 3.40 3.53 3.62 3.67 3.69 3.70 3.70 3.71 3.72 3.72 3.72 3.72 3.72 3.70 3.68 3.64 3.60 3.54 3.47 3.40 3.33 3.27 3.21 3.16 3.10 3.05 2.98 2.92 2.85 2.77 2.70 2.62 2.56 2.53 2.52 2.52 2.55 2.59 2.65 2.72 2.81 2.90 3.00 3.11 3.23 3.36 3.50 3.65 3.82 3.99 4.16 4.32 4.42 4.46 4.42 4.31 4.14 3.92
7.54 7.11 6.66 6.21 5.74 5.28 4.84 4.43 4.06 3.72 3.42 3.16 2.93 2.73 2.57 2.44 2.34 2.28 2.27 2.32 2.42 2.56 2.75 2.97 3.21 3.45 3.64 3.79 3.90 3.97 4.00 4.00 3.99 3.97 3.95 3.93 3.90 3.87 3.84 3.79 3.74 3.67 3.59 3.50 3.41 3.33 3.26 3.19 3.13 3.08 3.02 2.96 2.90 2.83 2.76 2.69 2.62 2.54 2.46 2.41 2.38 2.37 2.38 2.41 2.46 2.53 2.61 2.70 2.81 2.92 3.05 3.20 3.37 3.55 3.74 3.93 4.13 4.32 4.45 4.51 4.50 4.43 4.29 4.09
7.81 7.38 6.93 6.47 6.01 5.54 5.08 4.63 4.23 3.87 3.54 3.25 3.00 2.78 2.61 2.47 2.37 2.32 2.34 2.41 2.53 2.70 2.91 3.15 3.42 3.67 3.88 4.04 4.16 4.24 4.29 4.29 4.27 4.22 4.18 4.12 4.07 4.01 3.94 3.86 3.77 3.66 3.55 3.44 3.34 3.25 3.17 3.10 3.04 2.99 2.93 2.87 2.81 2.74 2.67 2.60 2.53 2.45 2.37 2.30 2.25 2.22 2.22 2.24 2.28 2.34 2.41 2.50 2.61 2.73 2.88 3.05 3.24 3.44 3.65 3.87 4.09 4.30 4.46 4.54 4.56 4.51 4.40 4.23
8.10 7.66 7.21 6.75 6.29 5.82 5.35 4.88 4.44 4.05 3.69 3.38 3.10 2.87 2.67 2.52 2.43 2.41 2.44 2.53 2.67 2.86 3.08 3.34 3.63 3.89 4.12 4.29 4.42 4.50 4.55 4.56 4.53 4.47 4.39 4.30 4.21 4.11 4.01 3.89 3.76 3.62 3.48 3.36 3.25 3.16 3.08 3.01 2.94 2.89 2.83 2.77 2.71 2.64 2.58 2.51 2.43 2.36 2.29 2.21 2.14 2.10 2.08 2.08 2.11 2.16 2.22 2.31 2.42 2.56 2.72 2.91 3.11 3.33 3.56 3.80 4.04 4.27 4.44 4.55 4.58 4.56 4.47 4.32
8.39 7.95 7.50 7.04 6.58 6.10 5.63 5.16 4.70 4.27 3.88 3.53 3.23 2.98 2.77 2.62 2.55 2.54 2.58 2.69 2.84 3.04 3.27 3.54 3.84 4.12 4.35 4.53 4.66 4.74 4.79 4.79 4.76 4.69 4.58 4.46 4.33 4.19 4.04 3.88 3.71 3.54 3.39 3.27 3.15 3.06 2.98 2.90 2.84 2.78 2.72 2.66 2.60 2.54 2.47 2.40 2.34 2.27 2.20 2.13 2.06 1.99 1.95 1.94 1.95 1.99 2.05 2.13 2.25 2.40 2.58 2.77 2.99 3.22 3.47 3.72 3.97 4.22 4.41 4.53 4.58 4.57 4.50 4.38
8.68 8.25 7.80 7.33 6.87 6.39 5.92 5.45 4.98 4.52 4.10 3.73 3.40 3.12 2.91 2.77 2.70 2.70 2.76 2.87 3.03 3.24 3.48 3.76 4.06 4.34 4.57 4.75 4.88 4.96 5.00 4.99 4.94 4.86 4.74 4.59 4.42 4.23 4.04 3.83 3.63 3.45 3.30 3.17 3.05 2.95 2.87 2.79 2.72 2.66 2.61 2.55 2.49 2.43 2.37 2.30 2.23 2.17 2.10 2.04 1.97 1.91 1.85 1.82 1.82 1.84 1.89 1.98 2.11 2.26 2.45 2.65 2.88 3.12 3.38 3.64 3.90 4.15 4.36 4.49 4.55 4.56 4.50 4.39
8.97 8.54 8.09 7.63 7.16 6.68 6.21 5.73 5.26 4.80 4.36 3.95 3.59 3.30 3.10 2.97 2.91 2.91 2.97 3.08 3.25 3.45 3.70 3.98 4.28 4.56 4.79 4.97 5.09 5.16 5.18 5.16 5.09 4.99 4.85 4.67 4.46 4.23 3.99 3.75 3.54 3.36 3.20 3.06 2.94 2.84 2.75 2.67 2.61 2.55 2.49 2.43 2.38 2.32 2.25 2.19 2.13 2.07 2.01 1.94 1.89 1.83 1.77 1.73 1.70 1.72 1.77 1.86 1.99 2.15 2.34 2.55 2.78 3.03 3.28 3.55 3.82 4.08 4.29 4.43 4.50 4.52 4.47 4.37
9.26 8.82 8.37 7.91 7.44 6.97 6.49 6.01 5.54 5.08 4.63 4.20 3.83 3.55 3.34 3.21 3.15 3.15 3.21 3.32 3.48 3.69 3.93 4.20 4.50 4.78 5.00 5.16 5.27 5.33 5.33 5.29 5.20 5.07 4.90 4.70 4.46 4.19 3.91 3.67 3.45 3.26 3.09 2.95 2.83 2.72 2.63 2.55 2.49 2.42 2.37 2.31 2.26 2.20 2.14 2.08 2.03 1.97 1.91 1.85 1.80 1.75 1.70 1.66 1.63 1.63 1.68 1.77 1.90 2.06 2.25 2.46 2.69 2.94 3.20 3.46 3.74 4.00 4.21 4.35 4.43 4.45 4.41 4.32
9.53 9.09 8.65 8.18 7.71 7.24 6.76 6.29 5.81 5.35 4.90 4.49 4.13 3.84 3.63 3.50 3.43 3.42 3.48 3.58 3.74 3.93 4.16 4.43 4.72 4.99 5.19 5.34 5.43 5.47 5.45 5.38 5.27 5.11 4.91 4.66 4.39 4.10 3.82 3.57 3.35 3.15 2.98 2.84 2.71 2.60 2.51 2.43 2.36 2.30 2.25 2.19 2.14 2.09 2.03 1.98 1.92 1.87 1.82 1.77 1.72 1.67 1.63 1.60 1.58 1.59 1.64 1.72 1.84 2.00 2.18 2.39 2.62 2.86 3.12 3.38 3.65 3.91 4.12 4.26 4.34 4.36 4.32 4.23
9.79 9.35 8.90 8.44 7.97 7.50 7.02 6.54 6.07 5.61 5.19 4.81 4.48 4.19 3.97 3.83 3.75 3.73 3.77 3.86 4.01 4.19 4.41 4.66 4.93 5.19 5.37 5.50 5.57 5.58 5.53 5.43 5.29 5.09 4.85 4.57 4.28 3.99 3.72 3.47 3.25 3.04 2.87 2.72 2.59 2.48 2.39 2.31 2.24 2.18 2.13 2.08 2.03 1.97 1.92 1.87 1.82 1.77 1.73 1.68 1.64 1.60 1.57 1.56 1.57 1.59 1.63 1.71 1.82 1.97 2.14 2.34 2.56 2.79 3.04 3.30 3.56 3.81 4.02 4.15 4.23 4.25 4.20 4.11
10.02 9.59 9.14 8.68 8.21 7.74 7.26 6.78 6.32 5.88 5.49 5.14 4.84 4.58 4.36 4.20 4.10 4.07 4.09 4.17 4.29 4.45 4.66 4.89 5.14 5.37 5.54 5.64 5.68 5.66 5.58 5.44 5.26 5.02 4.74 4.44 4.15 3.87 3.61 3.37 3.14 2.93 2.76 2.60 2.47 2.36 2.26 2.18 2.11 2.06 2.01 1.96 1.91 1.86 1.82 1.77 1.73 1.68 1.64 1.60 1.57 1.54 1.53 1.54 1.57 1.61 1.66 1.73 1.83 1.96 2.12 2.31 2.52 2.74 2.98 3.22 3.47 3.72 3.91 4.04 4.10 4.11 4.06 3.97
10.23 9.80 9.36 8.90 8.43 7.95 7.48 7.01 6.56 6.17 5.81 5.49 5.22 4.98 4.77 4.60 4.49 4.43 4.43 4.49 4.59 4.73 4.90 5.11 5.34 5.55 5.68 5.75 5.76 5.70 5.58 5.41 5.18 4.90 4.60 4.30 4.02 3.75 3.49 3.25 3.03 2.82 2.64 2.48 2.35 2.24 2.14 2.06 1.99 1.94 1.89 1.85 1.80 1.76 1.72 1.67 1.63 1.60 1.56 1.53 1.51 1.50 1.52 1.55 1.59 1.65 1.71 1.79 1.88 1.99 2.14 2.31 2.50 2.71 2.93 3.16 3.39 3.62 3.80 3.91 3.97 3.96 3.90 3.79
10.41 9.99 9.54 9.08 8.62 8.14 7.67 7.23 6.83 6.46 6.14 5.85 5.60 5.38 5.19 5.03 4.90 4.82 4.80 4.82 4.89 5.01 5.15 5.33 5.53 5.71 5.81 5.84 5.81 5.71 5.55 5.33 5.05 4.75 4.45 4.17 3.89 3.62 3.37 3.13 2.91 2.71 2.53 2.37 2.23 2.12 2.02 1.94 1.88 1.82 1.78 1.74 1.70 1.66 1.62 1.58 1.55 1.52 1.49 1.47 1.47 1.49 1.52 1.57 1.63 1.70 1.78 1.87 1.96 2.06 2.18 2.33 2.50 2.69 2.89 3.10 3.31 3.52 3.68 3.78 3.82 3.80 3.72 3.60
10.56 10.13 9.69 9.24 8.77 8.31 7.86 7.46 7.10 6.77 6.47 6.21 5.98 5.78 5.60 5.46 5.33 5.23 5.18 5.17 5.21 5.29 5.40 5.55 5.71 5.85 5.91 5.90 5.82 5.68 5.47 5.20 4.90 4.60 4.31 4.03 3.76 3.50 3.25 3.01 2.80 2.60 2.42 2.26 2.12 2.00 1.91 1.83 1.77 1.71 1.67 1.63 1.60 1.57 1.53 1.50 1.48 1.45 1.43 1.44 1.46 1.49 1.54 1.61 1.68 1.77 1.86 1.96 2.05 2.15 2.26 2.38 2.53 2.69 2.86 3.05 3.24 3.43 3.56 3.64 3.66 3.61 3.52 3.38
10.67 10.25 9.81 9.35 8.89 8.46 8.06 7.70 7.37 7.07 6.81 6.57 6.36 6.17 6.01 5.87 5.76 5.66 5.58 5.53 5.53 5.57 5.65 5.75 5.88 5.97 5.99 5.93 5.81 5.61 5.35 5.06 4.76 4.47 4.18 3.90 3.64 3.38 3.13 2.90 2.69 2.49 2.31 2.15 2.01 1.90 1.80 1.72 1.66 1.61 1.57 1.54 1.51 1.48 1.45 1.43 1.41 1.40 1.40 1.42 1.46 1.52 1.59 1.67 1.76 1.85 1.95 2.06 2.16 2.26 2.36 2.46 2.58 2.71 2.86 3.02 3.18 3.34 3.45 3.50 3.49 3.42 3.31 3.15
10.73 10.31 9.88 9.43 9.01 8.62 8.26 7.93 7.64 7.37 7.13 6.92 6.73 6.56 6.41 6.28 6.16 6.06 5.97 5.90 5.86 5.85 5.88 5.94 6.02 6.07 6.04 5.93 5.75 5.50 5.21 4.92 4.63 4.35 4.07 3.79 3.53 3.27 3.03 2.80 2.59 2.39 2.21 2.05 1.91 1.80 1.70 1.63 1.57 1.52 1.48 1.46 1.43 1.41 1.39 1.37 1.36 1.37 1.39 1.44 1.50 1.57 1.65 1.75 1.85 1.95 2.06 2.17 2.27 2.38 2.48 2.57 2.66 2.76 2.87 3.00 3.13 3.26 3.34 3.35 3.31 3.22 3.08 2.92
10.75 10.33 9.91 9.50 9.12 8.77 8.45 8.16 7.90 7.66 7.45 7.26 7.08 6.92 6.78 6.66 6.54 6.44 6.35 6.26 6.19 6.13 6.11 6.12 6.15 6.15 6.06 5.90 5.66 5.38 5.10 4.81 4.53 4.25 3.97 3.70 3.44 3.19 2.95 2.72 2.51 2.31 2.13 1.97 1.83 1.71 1.61 1.54 1.48 1.44 1.41 1.38 1.36 1.35 1.33 1.32 1.34 1.37 1.41 1.48 1.55 1.64 1.74 1.84 1.95 2.06 2.17 2.29 2.40 2.50 2.60 2.68 2.76 2.83 2.91 3.00 3.09 3.18 3.23 3.21 3.14 3.02 2.87 2.73
