data_processed/recharge/precip/Precip_1988_03.asc
ncols        168
nrows        136
xllcorner    455000
yllcorner    2107000
cellsize     500
NODATA_value     -99999
[rows 0 to 33 of 136, columns 77 to 153 of 168]
76.40 74.19 71.99 69.83 67.70 65.56 63.50 61.63 59.97 58.52 57.27 56.21 55.33 54.61 54.05 53.64 53.36 53.17 52.96 52.74 52.52 52.29 52.08 51.88 51.71 51.57 51.47 51.43 51.40 51.36 51.31 51.31 51.34 51.41 51.49 51.56 51.61 51.63 51.59 51.48 51.29 51.06 50.89 50.80 50.82 50.96 51.22 51.64 52.21 52.96 53.89 55.04 56.40 58.00 59.79 61.67 63.57 65.45 67.28 69.02 70.62 72.05 73.26 74.22 74.88 75.54 76.69 78.32 80.41 82.90 85.74 88.89 92.28 95.89 99.65 103.51 107.35
81.66 79.36 77.07 74.77 72.44 70.08 67.74 65.49 63.46 61.65 60.07 58.71 57.55 56.58 55.80 55.19 54.74 54.40 54.07 53.74 53.42 53.12 52.85 52.61 52.42 52.27 52.19 52.15 52.11 52.05 51.97 51.88 51.84 51.85 51.89 51.94 51.99 52.03 52.03 51.98 51.87 51.73 51.65 51.65 51.75 51.96 52.30 52.79 53.43 54.24 55.24 56.44 57.87 59.53 61.41 63.44 65.52 67.56 69.53 71.39 73.10 74.62 75.91 76.92 77.63 78.31 79.43 81.00 82.98 85.31 87.95 90.85 93.96 97.23 100.60 103.97 107.21
86.77 84.40 82.00 79.52 76.99 74.43 71.88 69.36 66.97 64.79 62.87 61.19 59.74 58.51 57.49 56.68 56.05 55.55 55.08 54.63 54.21 53.82 53.48 53.19 52.96 52.79 52.69 52.62 52.56 52.49 52.42 52.32 52.21 52.16 52.15 52.18 52.23 52.28 52.32 52.33 52.30 52.24 52.25 52.33 52.51 52.80 53.22 53.77 54.48 55.35 56.42 57.69 59.17 60.87 62.78 64.89 67.14 69.38 71.52 73.54 75.39 77.04 78.44 79.55 80.34 81.07 82.19 83.73 85.63 87.84 90.31 93.00 95.86 98.82 101.78 104.60 107.26
91.69 89.23 86.66 84.01 81.30 78.56 75.82 73.10 70.45 67.92 65.65 63.64 61.89 60.39 59.12 58.08 57.26 56.59 55.97 55.38 54.84 54.36 53.93 53.57 53.30 53.09 52.95 52.84 52.76 52.70 52.64 52.56 52.46 52.36 52.31 52.31 52.36 52.42 52.50 52.56 52.60 52.63 52.72 52.88 53.14 53.50 53.99 54.61 55.38 56.32 57.45 58.79 60.31 62.04 63.97 66.09 68.41 70.83 73.19 75.40 77.43 79.23 80.78 82.01 82.92 83.73 84.90 86.44 88.30 90.42 92.76 95.28 97.91 100.52 103.00 105.31 107.45
96.33 93.74 91.02 88.21 85.34 82.43 79.51 76.61 73.76 70.99 68.38 66.03 63.96 62.17 60.65 59.38 58.35 57.50 56.71 55.98 55.31 54.71 54.18 53.75 53.41 53.15 52.96 52.83 52.74 52.68 52.63 52.59 52.53 52.45 52.37 52.35 52.39 52.47 52.57 52.68 52.79 52.91 53.08 53.32 53.65 54.08 54.63 55.32 56.16 57.17 58.37 59.75 61.32 63.07 65.00 67.11 69.41 71.89 74.45 76.89 79.13 81.13 82.86 84.26 85.31 86.24 87.49 89.06 90.91 92.98 95.23 97.59 99.94 102.15 104.18 106.03 107.70
100.60 97.87 95.02 92.07 89.05 85.98 82.90 79.83 76.80 73.85 71.00 68.33 65.94 63.85 62.05 60.53 59.29 58.24 57.28 56.38 55.57 54.85 54.22 53.70 53.29 52.98 52.75 52.60 52.50 52.44 52.42 52.41 52.40 52.39 52.35 52.32 52.34 52.43 52.56 52.73 52.90 53.10 53.34 53.66 54.06 54.56 55.18 55.93 56.85 57.94 59.19 60.61 62.20 63.96 65.88 67.98 70.25 72.69 75.30 77.95 80.44 82.67 84.60 86.20 87.43 88.53 89.89 91.53 93.40 95.45 97.63 99.79 101.80 103.62 105.26 106.71 107.97
104.43 101.59 98.62 95.54 92.38 89.17 85.94 82.72 79.53 76.41 73.39 70.49 67.79 65.39 63.31 61.53 60.05 58.80 57.65 56.58 55.61 54.75 54.02 53.42 52.94 52.58 52.32 52.15 52.05 52.00 52.00 52.04 52.09 52.14 52.19 52.21 52.24 52.34 52.49 52.70 52.94 53.22 53.54 53.93 54.40 54.96 55.65 56.49 57.48 58.62 59.92 61.37 62.97 64.73 66.64 68.71 70.94 73.32 75.87 78.56 81.27 83.77 85.95 87.78 89.23 90.51 92.02 93.77 95.70 97.76 99.80 101.68 103.37 104.87 106.17 107.27 108.17
107.79 104.85 101.76 98.57 95.29 91.95 88.59 85.23 81.90 78.63 75.45 72.38 69.47 66.77 64.39 62.34 60.62 59.15 57.79 56.54 55.41 54.42 53.59 52.91 52.38 51.98 51.69 51.50 51.40 51.37 51.40 51.48 51.59 51.72 51.85 51.98 52.09 52.21 52.39 52.64 52.94 53.29 53.68 54.14 54.68 55.32 56.10 57.01 58.06 59.25 60.58 62.05 63.65 65.40 67.29 69.32 71.50 73.82 76.28 78.88 81.62 84.36 86.83 88.92 90.62 92.13 93.82 95.70 97.72 99.72 101.55 103.18 104.61 105.83 106.85 107.66 108.25
110.62 107.59 104.41 101.11 97.73 94.28 90.80 87.32 83.86 80.45 77.13 73.92 70.84 67.94 65.27 62.94 60.97 59.26 57.69 56.24 54.96 53.86 52.95 52.20 51.62 51.17 50.86 50.66 50.56 50.55 50.62 50.75 50.92 51.13 51.36 51.60 51.83 52.04 52.26 52.55 52.91 53.33 53.80 54.32 54.94 55.67 56.53 57.50 58.61 59.83 61.18 62.66 64.26 65.99 67.85 69.83 71.94 74.19 76.56 79.06 81.69 84.44 87.16 89.56 91.54 93.30 95.21 97.26 99.29 101.14 102.79 104.22 105.44 106.45 107.23 107.79 108.13
112.87 109.77 106.51 103.13 99.66 96.11 92.53 88.94 85.36 81.83 78.38 75.04 71.82 68.77 65.91 63.31 61.06 59.11 57.32 55.70 54.29 53.10 52.11 51.30 50.66 50.18 49.84 49.64 49.55 49.57 49.67 49.85 50.10 50.39 50.72 51.07 51.42 51.78 52.11 52.46 52.88 53.37 53.90 54.51 55.22 56.03 56.96 57.99 59.14 60.39 61.75 63.23 64.81 66.51 68.33 70.25 72.29 74.45 76.72 79.10 81.60 84.22 86.95 89.61 91.91 93.97 96.12 98.25 100.20 101.93 103.45 104.74 105.81 106.64 107.25 107.62 107.76
114.51 111.35 108.03 104.58 101.02 97.40 93.72 90.04 86.36 82.73 79.16 75.70 72.36 69.17 66.18 63.39 60.89 58.68 56.69 54.94 53.43 52.15 51.08 50.21 49.52 49.01 48.66 48.45 48.38 48.42 48.57 48.81 49.12 49.50 49.94 50.40 50.89 51.39 51.89 52.37 52.87 53.42 54.04 54.74 55.54 56.43 57.41 58.49 59.66 60.93 62.30 63.77 65.33 66.99 68.74 70.60 72.56 74.62 76.77 79.03 81.40 83.86 86.43 89.09 91.67 94.04 96.35 98.47 100.36 102.03 103.47 104.67 105.63 106.36 106.84 107.08 107.07
115.51 112.30 108.93 105.42 101.81 98.11 94.37 90.60 86.83 83.11 79.44 75.87 72.42 69.12 66.00 63.08 60.40 58.00 55.86 53.99 52.38 51.01 49.87 48.94 48.22 47.68 47.31 47.11 47.05 47.13 47.32 47.62 48.01 48.49 49.02 49.61 50.24 50.89 51.56 52.22 52.87 53.53 54.25 55.04 55.92 56.87 57.90 59.02 60.21 61.49 62.85 64.29 65.82 67.43 69.12 70.90 72.77 74.72 76.76 78.88 81.10 83.40 85.79 88.27 90.83 93.38 95.74 97.87 99.76 101.41 102.82 103.99 104.90 105.57 105.98 106.13 106.02
116.20 112.94 109.52 105.95 102.27 98.50 94.68 90.83 86.98 83.15 79.39 75.71 72.14 68.72 65.47 62.43 59.67 57.21 54.96 52.97 51.25 49.79 48.57 47.58 46.81 46.23 45.85 45.64 45.60 45.70 45.94 46.29 46.76 47.32 47.96 48.66 49.42 50.22 51.04 51.88 52.78 53.69 54.54 55.43 56.38 57.40 58.48 59.63 60.84 62.12 63.47 64.89 66.38 67.94 69.57 71.27 73.04 74.88 76.80 78.79 80.85 82.99 85.20 87.49 89.92 92.44 94.84 97.00 98.91 100.58 101.99 103.14 104.04 104.67 105.04 105.13 104.96
116.85 113.53 110.04 106.40 102.63 98.78 94.86 90.91 86.96 83.02 79.14 75.34 71.64 68.09 64.70 61.58 58.82 56.36 54.07 51.97 50.13 48.56 47.25 46.19 45.35 44.73 44.32 44.10 44.05 44.17 44.43 44.84 45.36 45.99 46.72 47.53 48.41 49.34 50.32 51.37 52.56 53.78 54.88 55.89 56.92 58.01 59.14 60.33 61.57 62.86 64.21 65.61 67.06 68.57 70.14 71.77 73.45 75.19 76.98 78.84 80.76 82.73 84.78 86.94 89.31 91.78 94.15 96.34 98.29 99.98 101.40 102.55 103.43 104.04 104.37 104.41 104.18
117.43 114.03 110.46 106.72 102.87 98.91 94.88 90.82 86.74 82.68 78.67 74.72 70.89 67.19 63.72 60.61 57.87 55.42 53.13 50.99 49.04 47.35 45.94 44.78 43.88 43.20 42.75 42.49 42.43 42.55 42.83 43.27 43.84 44.53 45.34 46.24 47.22 48.28 49.44 50.77 52.24 53.74 55.13 56.37 57.52 58.67 59.87 61.10 62.36 63.67 65.02 66.41 67.83 69.30 70.81 72.37 73.96 75.61 77.29 79.02 80.79 82.62 84.56 86.68 89.00 91.41 93.73 95.91 97.88 99.60 101.03 102.19 103.07 103.66 103.96 103.96 103.68
117.91 114.42 110.74 106.90 102.93 98.86 94.71 90.51 86.30 82.09 77.93 73.83 69.84 66.06 62.63 59.56 56.84 54.40 52.11 49.97 47.98 46.18 44.66 43.40 42.41 41.66 41.15 40.86 40.77 40.88 41.16 41.61 42.22 42.96 43.83 44.81 45.89 47.11 48.52 50.10 51.81 53.57 55.23 56.74 58.11 59.37 60.62 61.90 63.20 64.53 65.88 67.26 68.67 70.10 71.56 73.05 74.56 76.11 77.69 79.29 80.94 82.67 84.58 86.67 88.96 91.33 93.60 95.72 97.68 99.42 100.88 102.05 102.93 103.51 103.78 103.76 103.43
118.25 114.65 110.86 106.90 102.80 98.59 94.30 89.95 85.59 81.22 76.90 72.64 68.57 64.83 61.45 58.42 55.73 53.30 51.03 48.89 46.90 45.06 43.43 42.06 40.97 40.14 39.56 39.21 39.08 39.17 39.44 39.90 40.52 41.30 42.22 43.27 44.48 45.92 47.56 49.37 51.31 53.29 55.18 56.95 58.57 60.04 61.39 62.72 64.06 65.41 66.77 68.15 69.53 70.93 72.35 73.77 75.22 76.67 78.15 79.64 81.21 82.94 84.83 86.90 89.15 91.48 93.71 95.79 97.71 99.43 100.91 102.10 102.99 103.56 103.83 103.77 103.40
118.41 114.68 110.76 106.66 102.42 98.06 93.61 89.10 84.57 80.03 75.53 71.19 67.18 63.52 60.20 57.21 54.55 52.15 49.89 47.76 45.77 43.93 42.26 40.78 39.58 38.65 37.99 37.57 37.40 37.44 37.70 38.15 38.78 39.58 40.54 41.70 43.10 44.74 46.58 48.59 50.72 52.90 55.00 56.99 58.85 60.56 62.10 63.51 64.90 66.28 67.66 69.03 70.40 71.78 73.15 74.52 75.89 77.26 78.64 80.09 81.66 83.39 85.28 87.34 89.55 91.84 94.03 96.08 97.96 99.65 101.12 102.32 103.22 103.80 104.06 103.99 103.59
118.35 114.49 110.41 106.16 101.75 97.23 92.61 87.92 83.20 78.49 73.91 69.65 65.72 62.14 58.88 55.94 53.31 50.93 48.69 46.58 44.60 42.77 41.09 39.57 38.26 37.23 36.47 35.98 35.73 35.73 35.95 36.38 37.00 37.82 38.86 40.18 41.77 43.58 45.59 47.77 50.07 52.42 54.70 56.88 58.95 60.87 62.64 64.23 65.69 67.11 68.50 69.89 71.25 72.60 73.93 75.26 76.56 77.86 79.21 80.67 82.27 84.01 85.90 87.94 90.13 92.39 94.55 96.56 98.41 100.06 101.50 102.70 103.61 104.20 104.46 104.37 103.95
117.96 114.01 109.78 105.35 100.77 96.06 91.26 86.38 81.47 76.68 72.19 68.03 64.20 60.69 57.50 54.61 52.03 49.68 47.46 45.36 43.40 41.57 39.90 38.38 37.03 35.89 35.02 34.44 34.12 34.05 34.22 34.62 35.23 36.10 37.28 38.76 40.49 42.45 44.60 46.92 49.36 51.85 54.29 56.64 58.88 60.99 62.96 64.77 66.39 67.87 69.29 70.68 72.04 73.37 74.68 75.95 77.20 78.48 79.87 81.37 83.00 84.76 86.65 88.68 90.86 93.09 95.22 97.20 99.02 100.65 102.06 103.23 104.13 104.74 105.00 104.91 104.47
116.94 113.16 108.82 104.21 99.44 94.53 89.52 84.44 79.45 74.76 70.40 66.35 62.62 59.20 56.07 53.24 50.70 48.38 46.19 44.12 42.17 40.36 38.69 37.17 35.82 34.64 33.67 32.98 32.57 32.43 32.54 32.89 33.54 34.52 35.83 37.42 39.28 41.36 43.63 46.05 48.61 51.21 53.77 56.26 58.65 60.93 63.07 65.06 66.88 68.51 69.98 71.39 72.75 74.07 75.35 76.58 77.84 79.17 80.61 82.16 83.82 85.60 87.51 89.53 91.70 93.91 96.01 97.98 99.77 101.37 102.76 103.91 104.79 105.39 105.66 105.57 105.13
115.20 111.65 107.42 102.68 97.70 92.58 87.36 82.21 77.34 72.79 68.56 64.63 61.00 57.66 54.61 51.84 49.35 47.07 44.90 42.85 40.93 39.13 37.48 35.97 34.62 33.43 32.43 31.64 31.12 30.89 30.93 31.29 32.02 33.10 34.50 36.20 38.14 40.31 42.67 45.18 47.82 50.51 53.16 55.76 58.27 60.68 62.97 65.12 67.11 68.92 70.53 71.98 73.35 74.66 75.92 77.17 78.50 79.91 81.41 83.01 84.71 86.52 88.43 90.47 92.62 94.81 96.90 98.84 100.62 102.21 103.58 104.71 105.58 106.15 106.42 106.34 105.89
112.77 109.39 105.34 100.67 95.53 90.20 84.90 79.88 75.17 70.77 66.67 62.86 59.34 56.09 53.12 50.42 47.97 45.73 43.60 41.58 39.68 37.91 36.27 34.77 33.43 32.24 31.23 30.40 29.79 29.46 29.48 29.89 30.70 31.85 33.32 35.08 37.09 39.32 41.74 44.31 47.00 49.75 52.48 55.15 57.76 60.27 62.68 64.96 67.09 69.05 70.83 72.40 73.80 75.12 76.41 77.76 79.18 80.67 82.24 83.89 85.63 87.47 89.40 91.44 93.59 95.77 97.85 99.78 101.55 103.12 104.48 105.60 106.45 107.02 107.27 107.19 106.74
109.69 106.42 102.49 97.94 92.85 87.50 82.35 77.51 72.96 68.71 64.75 61.06 57.65 54.50 51.61 48.98 46.58 44.39 42.30 40.31 38.44 36.69 35.07 33.59 32.26 31.08 30.07 29.23 28.58 28.22 28.27 28.74 29.59 30.78 32.30 34.10 36.14 38.41 40.86 43.46 46.17 48.95 51.72 54.44 57.11 59.71 62.20 64.58 66.83 68.92 70.84 72.56 74.07 75.46 76.87 78.32 79.83 81.41 83.05 84.76 86.55 88.43 90.39 92.44 94.59 96.76 98.83 100.75 102.51 104.08 105.43 106.54 107.39 107.95 108.19 108.10 107.65
106.01 102.78 98.90 94.43 89.59 84.65 79.76 75.10 70.72 66.63 62.80 59.24 55.94 52.89 50.09 47.53 45.20 43.05 41.00 39.05 37.22 35.49 33.90 32.43 31.11 29.95 28.94 28.11 27.52 27.25 27.34 27.83 28.70 29.91 31.44 33.25 35.30 37.57 40.02 42.62 45.34 48.12 50.89 53.65 56.35 59.00 61.55 64.01 66.34 68.53 70.56 72.41 74.11 75.71 77.26 78.83 80.44 82.10 83.82 85.60 87.44 89.36 91.35 93.42 95.57 97.74 99.81 101.73 103.49 105.05 106.40 107.51 108.35 108.91 109.15 109.07 108.65
101.77 98.51 94.63 90.36 85.98 81.55 77.08 72.66 68.45 64.52 60.84 57.41 54.23 51.28 48.57 46.08 43.82 41.72 39.72 37.81 36.01 34.32 32.75 31.31 30.01 28.86 27.87 27.10 26.65 26.51 26.68 27.18 28.04 29.24 30.75 32.54 34.58 36.82 39.25 41.82 44.51 47.26 50.02 52.77 55.49 58.15 60.74 63.24 65.63 67.89 70.01 72.00 73.93 75.78 77.54 79.25 80.97 82.72 84.52 86.37 88.27 90.23 92.26 94.35 96.52 98.69 100.76 102.69 104.44 106.01 107.36 108.47 109.32 109.88 110.13 110.06 109.70
97.02 93.67 89.92 86.05 82.14 78.18 74.18 70.15 66.17 62.40 58.87 55.57 52.51 49.68 47.06 44.65 42.45 40.41 38.46 36.60 34.84 33.19 31.65 30.24 28.96 27.83 26.91 26.30 25.99 25.97 26.24 26.78 27.62 28.78 30.25 31.99 33.98 36.18 38.55 41.07 43.70 46.39 49.11 51.83 54.52 57.18 59.78 62.30 64.72 67.02 69.24 71.42 73.55 75.63 77.62 79.53 81.38 83.24 85.12 87.05 89.01 91.02 93.09 95.21 97.39 99.57 101.65 103.58 105.35 106.92 108.28 109.40 110.26 110.82 111.09 111.07 110.76
91.80 88.51 85.11 81.66 78.16 74.63 71.06 67.46 63.84 60.27 56.90 53.75 50.81 48.09 45.57 43.25 41.11 39.13 37.24 35.43 33.72 32.10 30.60 29.22 27.97 26.93 26.17 25.71 25.53 25.62 25.98 26.59 27.44 28.54 29.94 31.61 33.52 35.64 37.93 40.37 42.91 45.52 48.17 50.83 53.48 56.10 58.67 61.18 63.60 65.98 68.34 70.68 72.99 75.26 77.46 79.59 81.63 83.61 85.59 87.59 89.63 91.70 93.80 95.96 98.16 100.36 102.45 104.39 106.17 107.76 109.13 110.26 111.13 111.71 112.01 112.02 111.77
86.38 83.38 80.34 77.26 74.14 70.98 67.80 64.59 61.36 58.12 54.94 51.93 49.13 46.52 44.10 41.87 39.81 37.90 36.06 34.31 32.64 31.07 29.61 28.27 27.12 26.24 25.65 25.33 25.27 25.46 25.89 26.56 27.44 28.52 29.84 31.41 33.22 35.23 37.41 39.73 42.16 44.66 47.21 49.78 52.35 54.91 57.43 59.91 62.35 64.82 67.30 69.79 72.25 74.68 77.07 79.39 81.64 83.80 85.89 87.98 90.09 92.22 94.38 96.57 98.80 101.01 103.12 105.08 106.88 108.48 109.87 111.02 111.90 112.50 112.82 112.87 112.66
81.13 78.44 75.71 72.95 70.15 67.33 64.49 61.62 58.75 55.86 52.97 50.14 47.47 44.98 42.67 40.53 38.56 36.71 34.93 33.24 31.62 30.10 28.69 27.46 26.49 25.79 25.35 25.16 25.21 25.49 25.98 26.69 27.59 28.67 29.94 31.39 33.07 34.94 36.99 39.17 41.46 43.82 46.24 48.69 51.16 53.63 56.07 58.53 61.03 63.58 66.16 68.75 71.34 73.91 76.45 78.94 81.37 83.72 85.99 88.18 90.37 92.56 94.78 97.01 99.27 101.51 103.64 105.62 107.44 109.07 110.48 111.64 112.52 113.13 113.47 113.55 113.37
76.19 73.77 71.31 68.82 66.31 63.77 61.22 58.65 56.08 53.50 50.93 48.36 45.86 43.49 41.29 39.25 37.35 35.58 33.87 32.24 30.68 29.22 27.92 26.88 26.09 25.56 25.26 25.19 25.34 25.69 26.24 26.98 27.89 28.96 30.19 31.56 33.09 34.80 36.68 38.70 40.81 43.01 45.27 47.58 49.91 52.27 54.65 57.12 59.66 62.26 64.91 67.58 70.26 72.94 75.61 78.24 80.82 83.35 85.79 88.14 90.43 92.70 94.97 97.25 99.55 101.81 103.97 105.98 107.83 109.48 110.90 112.04 112.92 113.53 113.88 113.99 113.85
71.67 69.46 67.23 64.97 62.68 60.39 58.08 55.77 53.45 51.14 48.83 46.54 44.27 42.05 39.97 38.02 36.21 34.51 32.88 31.31 29.82 28.48 27.39 26.54 25.93 25.55 25.38 25.42 25.65 26.07 26.66 27.42 28.33 29.38 30.56 31.86 33.27 34.81 36.50 38.32 40.24 42.23 44.31 46.45 48.63 50.88 53.24 55.70 58.25 60.87 63.55 66.28 69.03 71.79 74.56 77.30 80.01 82.67 85.28 87.80 90.23 92.59 94.92 97.26 99.60 101.90 104.09 106.13 108.01 109.66 111.05 112.17 113.04 113.65 114.01 114.14 114.03
67.65 65.61 63.55 61.47 59.38 57.27 55.17 53.06 50.95 48.86 46.78 44.71 42.67 40.66 38.70 36.87 35.15 33.53 31.97 30.47 29.12 28.00 27.11 26.45 26.00 25.76 25.71 25.85 26.15 26.63 27.25 28.01 28.91 29.92 31.05 32.27 33.58 34.97 36.45 38.04 39.74 41.51 43.37 45.31 47.35 49.53 51.84 54.27 56.80 59.42 62.11 64.86 67.65 70.47 73.30 76.13 78.94 81.72 84.45 87.11 89.70 92.19 94.61 97.01 99.39 101.73 103.95 106.03 107.91 109.52 110.87 111.97 112.82 113.42 113.79 113.93 113.84
64.22 62.31 60.37 58.43 56.48 54.52 52.56 50.61 48.67 46.75 44.84 42.96 41.11 39.29 37.51 35.79 34.17 32.63 31.15 29.80 28.67 27.77 27.07 26.59 26.29 26.18 26.24 26.46 26.84 27.35 27.99 28.75 29.62 30.59 31.65 32.78 33.98 35.23 36.53 37.89 39.32 40.85 42.47 44.23 46.15 48.24 50.48 52.84 55.33 57.92 60.59 63.34 66.14 68.99 71.86 74.74 77.62 80.48 83.31 86.09 88.81 91.45 93.99 96.46 98.89 101.27 103.54 105.61 107.43 108.99 110.30 111.37 112.20 112.79 113.16 113.31 113.24
