data_processed/recharge/precip/Precip_2000_12.asc
ncols        168
nrows        136
xllcorner    455000
yllcorner    2107000
cellsize     500
NODATA_value     -99999
[rows 38 to 75 of 136, columns 84 to 167 of 168]
2.80 2.60 2.41 2.22 2.04 1.86 1.70 1.55 1.41 1.30 1.22 1.17 1.15 1.17 1.23 1.31 1.43 1.57 1.74 1.92 2.12 2.34 2.56 2.78 2.95 3.06 3.11 3.12 3.08 2.99 2.87 2.71 2.52 2.30 2.06 1.81 1.56 1.33 1.12 0.93 0.77 0.63 0.53 0.44 0.39 0.35 0.35 0.36 0.40 0.46 0.54 0.63 0.72 0.81 0.90 0.99 1.08 1.17 1.26 1.35 1.44 1.53 1.61 1.69 1.76 1.82 1.89 1.97 2.06 2.15 2.24 2.35 2.46 2.57 2.70 2.82 2.96 3.09 3.22 3.35 3.47 3.58 3.68 3.78
2.72 2.52 2.33 2.15 1.97 1.80 1.64 1.50 1.38 1.29 1.22 1.18 1.16 1.18 1.24 1.32 1.43 1.57 1.73 1.91 2.11 2.32 2.54 2.76 2.92 3.02 3.07 3.07 3.01 2.92 2.79 2.62 2.42 2.19 1.94 1.70 1.46 1.24 1.04 0.85 0.69 0.55 0.44 0.36 0.30 0.27 0.26 0.27 0.31 0.37 0.45 0.53 0.61 0.70 0.79 0.88 0.97 1.05 1.14 1.23 1.32 1.40 1.48 1.55 1.61 1.67 1.72 1.78 1.85 1.92 2.01 2.10 2.20 2.30 2.42 2.54 2.67 2.80 2.92 3.05 3.16 3.27 3.38 3.48
2.62 2.43 2.25 2.07 1.89 1.73 1.58 1.46 1.36 1.28 1.23 1.20 1.19 1.21 1.26 1.34 1.45 1.58 1.73 1.91 2.10 2.30 2.52 2.73 2.88 2.97 3.01 3.00 2.94 2.83 2.68 2.50 2.29 2.05 1.81 1.58 1.36 1.15 0.95 0.77 0.61 0.48 0.37 0.28 0.22 0.19 0.18 0.19 0.22 0.28 0.35 0.43 0.52 0.60 0.68 0.77 0.86 0.94 1.03 1.11 1.19 1.27 1.34 1.41 1.46 1.52 1.56 1.61 1.66 1.72 1.78 1.86 1.95 2.04 2.15 2.26 2.38 2.51 2.63 2.75 2.86 2.97 3.08 3.18
2.52 2.33 2.15 1.98 1.81 1.66 1.52 1.42 1.34 1.28 1.24 1.23 1.23 1.26 1.30 1.37 1.47 1.59 1.74 1.91 2.09 2.29 2.49 2.69 2.83 2.92 2.94 2.92 2.84 2.72 2.56 2.36 2.14 1.91 1.68 1.46 1.25 1.05 0.87 0.69 0.54 0.41 0.30 0.21 0.15 0.11 0.10 0.11 0.14 0.19 0.27 0.34 0.42 0.50 0.58 0.67 0.75 0.83 0.92 1.00 1.07 1.14 1.21 1.27 1.32 1.36 1.41 1.44 1.48 1.52 1.57 1.64 1.71 1.80 1.89 1.99 2.11 2.23 2.35 2.46 2.57 2.68 2.78 2.88
2.41 2.23 2.05 1.88 1.72 1.59 1.47 1.39 1.33 1.28 1.26 1.26 1.27 1.30 1.35 1.42 1.51 1.62 1.76 1.91 2.08 2.27 2.46 2.65 2.78 2.85 2.86 2.82 2.73 2.59 2.41 2.21 1.99 1.77 1.56 1.35 1.15 0.96 0.78 0.62 0.47 0.34 0.23 0.14 0.08 0.04 0.03 0.03 0.06 0.11 0.18 0.26 0.33 0.41 0.49 0.57 0.65 0.73 0.81 0.89 0.95 1.02 1.07 1.13 1.17 1.22 1.25 1.29 1.32 1.34 1.38 1.43 1.49 1.56 1.65 1.74 1.84 1.96 2.07 2.18 2.29 2.39 2.49 2.59
2.28 2.11 1.94 1.77 1.64 1.52 1.43 1.36 1.32 1.29 1.28 1.29 1.31 1.35 1.41 1.47 1.55 1.65 1.78 1.92 2.08 2.25 2.43 2.60 2.72 2.77 2.77 2.71 2.60 2.45 2.26 2.05 1.85 1.65 1.45 1.25 1.06 0.88 0.70 0.55 0.40 0.27 0.17 0.08 0.02 0.00 0.00 0.00 0.00 0.04 0.11 0.18 0.25 0.33 0.40 0.48 0.56 0.63 0.71 0.77 0.84 0.89 0.94 0.99 1.03 1.07 1.11 1.14 1.16 1.18 1.21 1.24 1.29 1.35 1.42 1.50 1.60 1.70 1.81 1.91 2.01 2.12 2.22 2.31
2.15 1.98 1.81 1.67 1.56 1.47 1.39 1.34 1.31 1.30 1.30 1.32 1.36 1.40 1.46 1.53 1.61 1.70 1.80 1.93 2.07 2.23 2.40 2.55 2.65 2.69 2.67 2.59 2.46 2.29 2.11 1.92 1.73 1.54 1.34 1.16 0.97 0.80 0.63 0.48 0.34 0.22 0.11 0.02 0.00 0.00 0.00 0.00 0.00 0.00 0.03 0.10 0.17 0.25 0.32 0.39 0.47 0.54 0.60 0.66 0.72 0.77 0.81 0.86 0.90 0.93 0.96 0.99 1.01 1.03 1.05 1.07 1.10 1.15 1.20 1.28 1.36 1.46 1.56 1.66 1.75 1.85 1.95 2.05
2.00 1.84 1.70 1.58 1.49 1.41 1.36 1.33 1.31 1.31 1.33 1.35 1.40 1.45 1.51 1.58 1.66 1.74 1.84 1.95 2.07 2.21 2.36 2.50 2.58 2.59 2.55 2.45 2.31 2.15 1.98 1.80 1.62 1.44 1.26 1.08 0.90 0.74 0.58 0.43 0.29 0.17 0.06 0.00 0.00 0.00 0.00 0.00 0.00 0.00 0.00 0.03 0.10 0.17 0.24 0.31 0.38 0.44 0.50 0.55 0.60 0.65 0.69 0.73 0.76 0.79 0.82 0.84 0.87 0.89 0.90 0.92 0.94 0.97 1.01 1.07 1.15 1.24 1.33 1.42 1.51 1.60 1.69 1.79
1.85 1.71 1.59 1.49 1.42 1.37 1.33 1.31 1.31 1.32 1.35 1.38 1.43 1.49 1.56 1.63 1.71 1.79 1.88 1.97 2.07 2.19 2.32 2.44 2.50 2.49 2.42 2.31 2.17 2.03 1.87 1.71 1.54 1.36 1.19 1.02 0.85 0.69 0.53 0.38 0.25 0.13 0.02 0.00 0.00 0.00 0.00 0.00 0.00 0.00 0.00 0.00 0.04 0.10 0.17 0.23 0.29 0.35 0.40 0.45 0.49 0.53 0.57 0.60 0.63 0.66 0.68 0.71 0.73 0.75 0.76 0.78 0.80 0.81 0.84 0.89 0.95 1.03 1.11 1.19 1.28 1.37 1.46 1.56
1.70 1.58 1.49 1.41 1.36 1.32 1.30 1.30 1.31 1.33 1.37 1.41 1.47 1.53 1.60 1.67 1.75 1.83 1.91 1.99 2.08 2.17 2.28 2.37 2.41 2.38 2.30 2.19 2.07 1.93 1.79 1.63 1.47 1.31 1.14 0.98 0.82 0.66 0.50 0.36 0.22 0.10 0.00 0.00 0.00 0.00 0.00 0.00 0.00 0.00 0.00 0.00 0.00 0.04 0.10 0.16 0.21 0.26 0.30 0.34 0.38 0.41 0.45 0.48 0.50 0.53 0.55 0.58 0.60 0.61 0.63 0.65 0.66 0.68 0.70 0.73 0.78 0.85 0.92 0.99 1.07 1.16 1.25 1.34
1.55 1.46 1.39 1.33 1.30 1.28 1.28 1.29 1.31 1.34 1.39 1.44 1.50 1.56 1.63 1.71 1.78 1.86 1.94 2.01 2.09 2.16 2.24 2.31 2.32 2.27 2.19 2.10 1.99 1.87 1.73 1.59 1.44 1.28 1.12 0.96 0.80 0.65 0.50 0.35 0.22 0.09 0.00 0.00 0.00 0.00 0.00 0.00 0.00 0.00 0.00 0.00 0.00 0.00 0.03 0.08 0.12 0.17 0.20 0.24 0.27 0.30 0.33 0.36 0.38 0.41 0.43 0.45 0.47 0.49 0.51 0.53 0.54 0.56 0.58 0.60 0.64 0.69 0.75 0.82 0.89 0.97 1.06 1.15
1.41 1.34 1.29 1.26 1.24 1.24 1.25 1.27 1.31 1.35 1.40 1.46 1.52 1.59 1.66 1.73 1.81 1.88 1.95 2.02 2.08 2.14 2.19 2.24 2.23 2.19 2.13 2.04 1.95 1.84 1.71 1.58 1.43 1.28 1.13 0.97 0.82 0.66 0.51 0.37 0.23 0.11 0.00 0.00 0.00 0.00 0.00 0.00 0.00 0.00 0.00 0.00 0.00 0.00 0.00 0.01 0.04 0.08 0.11 0.14 0.17 0.20 0.22 0.25 0.27 0.29 0.31 0.33 0.35 0.37 0.39 0.41 0.43 0.45 0.47 0.49 0.52 0.56 0.61 0.67 0.73 0.81 0.89 0.98
1.28 1.23 1.20 1.19 1.19 1.20 1.22 1.26 1.30 1.35 1.41 1.47 1.54 1.61 1.68 1.75 1.82 1.89 1.95 2.01 2.07 2.11 2.15 2.17 2.17 2.14 2.09 2.03 1.94 1.84 1.72 1.59 1.46 1.31 1.16 1.01 0.86 0.70 0.55 0.41 0.27 0.14 0.03 0.00 0.00 0.00 0.00 0.00 0.00 0.00 0.00 0.00 0.00 0.00 0.00 0.00 0.00 0.00 0.03 0.05 0.08 0.10 0.12 0.14 0.16 0.18 0.20 0.22 0.24 0.26 0.28 0.30 0.33 0.35 0.37 0.40 0.43 0.46 0.50 0.55 0.61 0.67 0.75 0.83
1.15 1.12 1.11 1.12 1.13 1.16 1.20 1.24 1.29 1.35 1.42 1.48 1.55 1.62 1.69 1.76 1.83 1.89 1.94 1.99 2.03 2.07 2.09 2.11 2.12 2.11 2.07 2.02 1.94 1.85 1.74 1.62 1.49 1.35 1.21 1.06 0.91 0.76 0.61 0.46 0.32 0.19 0.07 0.00 0.00 0.00 0.00 0.00 0.00 0.00 0.00 0.00 0.00 0.00 0.00 0.00 0.00 0.00 0.00 0.00 0.00 0.01 0.03 0.05 0.07 0.08 0.10 0.12 0.14 0.17 0.19 0.21 0.24 0.26 0.29 0.32 0.35 0.38 0.41 0.45 0.50 0.56 0.63 0.71
1.03 1.03 1.03 1.05 1.08 1.12 1.17 1.22 1.28 1.35 1.42 1.49 1.56 1.63 1.69 1.76 1.82 1.87 1.92 1.96 1.99 2.01 2.03 2.04 2.06 2.06 2.03 1.99 1.93 1.84 1.75 1.64 1.51 1.38 1.24 1.10 0.95 0.80 0.65 0.50 0.36 0.23 0.10 0.00 0.00 0.00 0.00 0.00 0.00 0.00 0.00 0.00 0.00 0.00 0.00 0.00 0.00 0.00 0.00 0.00 0.00 0.00 0.00 0.00 0.00 0.00 0.02 0.04 0.06 0.08 0.11 0.13 0.16 0.19 0.22 0.26 0.29 0.31 0.34 0.37 0.42 0.47 0.53 0.60
0.92 0.93 0.96 0.99 1.03 1.09 1.14 1.21 1.27 1.34 1.41 1.48 1.55 1.62 1.69 1.74 1.80 1.84 1.88 1.90 1.92 1.94 1.95 1.97 1.98 1.98 1.97 1.94 1.89 1.82 1.73 1.63 1.52 1.39 1.26 1.12 0.97 0.83 0.68 0.54 0.39 0.26 0.13 0.02 0.00 0.00 0.00 0.00 0.00 0.00 0.00 0.00 0.00 0.00 0.00 0.00 0.00 0.00 0.00 0.00 0.00 0.00 0.00 0.00 0.00 0.00 0.00 0.00 0.00 0.01 0.04 0.07 0.10 0.13 0.17 0.20 0.23 0.26 0.28 0.31 0.34 0.39 0.44 0.50
0.82 0.85 0.89 0.93 0.99 1.05 1.12 1.19 1.26 1.33 1.40 1.48 1.54 1.61 1.67 1.72 1.76 1.80 1.82 1.84 1.85 1.86 1.88 1.89 1.89 1.89 1.89 1.87 1.83 1.78 1.70 1.61 1.50 1.39 1.26 1.13 0.99 0.85 0.70 0.56 0.42 0.28 0.16 0.04 0.00 0.00 0.00 0.00 0.00 0.00 0.00 0.00 0.00 0.00 0.00 0.00 0.00 0.00 0.00 0.00 0.00 0.00 0.00 0.00 0.00 0.00 0.00 0.00 0.00 0.00 0.00 0.02 0.05 0.09 0.13 0.16 0.18 0.21 0.23 0.26 0.29 0.32 0.36 0.42
0.72 0.77 0.82 0.88 0.95 1.02 1.09 1.17 1.24 1.32 1.39 1.46 1.52 1.58 1.63 1.68 1.71 1.74 1.75 1.76 1.77 1.78 1.79 1.80 1.81 1.80 1.79 1.78 1.75 1.71 1.65 1.57 1.48 1.37 1.25 1.12 0.99 0.85 0.71 0.57 0.44 0.30 0.17 0.05 0.00 0.00 0.00 0.00 0.00 0.00 0.00 0.00 0.00 0.00 0.00 0.00 0.00 0.00 0.00 0.00 0.00 0.00 0.00 0.00 0.00 0.00 0.00 0.00 0.00 0.00 0.00 0.00 0.02 0.06 0.09 0.12 0.15 0.17 0.19 0.21 0.24 0.27 0.31 0.35
0.64 0.69 0.76 0.83 0.90 0.98 1.06 1.14 1.22 1.29 1.37 1.43 1.49 1.55 1.59 1.63 1.65 1.66 1.67 1.68 1.69 1.70 1.70 1.71 1.71 1.71 1.70 1.68 1.66 1.63 1.58 1.51 1.43 1.33 1.23 1.11 0.98 0.85 0.72 0.58 0.45 0.31 0.19 0.06 0.00 0.00 0.00 0.00 0.00 0.00 0.00 0.00 0.00 0.00 0.00 0.00 0.00 0.00 0.00 0.00 0.00 0.00 0.00 0.00 0.00 0.00 0.00 0.00 0.00 0.00 0.00 0.00 0.00 0.03 0.06 0.09 0.11 0.13 0.16 0.18 0.20 0.23 0.26 0.30
0.57 0.63 0.70 0.78 0.86 0.95 1.03 1.11 1.19 1.27 1.34 1.40 1.45 1.50 1.54 1.56 1.57 1.58 1.59 1.60 1.60 1.61 1.61 1.62 1.62 1.61 1.60 1.58 1.56 1.53 1.49 1.44 1.37 1.29 1.19 1.08 0.96 0.84 0.71 0.58 0.45 0.32 0.19 0.07 0.00 0.00 0.00 0.00 0.00 0.00 0.00 0.00 0.00 0.00 0.00 0.00 0.00 0.00 0.00 0.00 0.00 0.00 0.00 0.00 0.00 0.00 0.00 0.00 0.00 0.00 0.00 0.00 0.00 0.02 0.05 0.07 0.09 0.11 0.13 0.15 0.17 0.20 0.23 0.26
0.51 0.57 0.65 0.73 0.82 0.91 1.00 1.08 1.16 1.23 1.30 1.36 1.40 1.44 1.47 1.48 1.49 1.50 1.51 1.51 1.52 1.52 1.52 1.52 1.52 1.51 1.49 1.47 1.45 1.42 1.39 1.35 1.29 1.22 1.14 1.04 0.93 0.81 0.69 0.57 0.44 0.32 0.19 0.08 0.00 0.00 0.00 0.00 0.00 0.00 0.00 0.00 0.00 0.00 0.00 0.00 0.00 0.00 0.00 0.00 0.00 0.00 0.00 0.00 0.00 0.00 0.00 0.00 0.00 0.00 0.00 0.00 0.00 0.01 0.03 0.06 0.08 0.10 0.11 0.13 0.15 0.18 0.21 0.24
0.46 0.53 0.61 0.69 0.78 0.87 0.96 1.04 1.12 1.19 1.25 1.30 1.34 1.37 1.39 1.40 1.41 1.41 1.42 1.42 1.42 1.43 1.42 1.42 1.42 1.40 1.39 1.37 1.34 1.32 1.28 1.25 1.20 1.14 1.07 0.98 0.89 0.78 0.67 0.55 0.43 0.31 0.19 0.09 0.00 0.00 0.00 0.00 0.00 0.00 0.00 0.00 0.00 0.00 0.00 0.00 0.00 0.00 0.00 0.00 0.00 0.00 0.00 0.00 0.00 0.00 0.00 0.00 0.00 0.00 0.00 0.00 0.00 0.00 0.03 0.05 0.07 0.09 0.10 0.12 0.14 0.16 0.19 0.22
0.43 0.50 0.57 0.65 0.74 0.83 0.92 1.00 1.07 1.14 1.19 1.24 1.27 1.29 1.30 1.31 1.32 1.33 1.33 1.33 1.33 1.33 1.33 1.32 1.31 1.30 1.28 1.26 1.24 1.21 1.17 1.14 1.10 1.05 0.99 0.92 0.83 0.73 0.63 0.52 0.41 0.30 0.19 0.09 0.00 0.00 0.00 0.00 0.00 0.00 0.00 0.00 0.00 0.00 0.00 0.00 0.00 0.00 0.00 0.00 0.00 0.00 0.00 0.00 0.00 0.00 0.00 0.00 0.00 0.00 0.00 0.00 0.00 0.01 0.03 0.06 0.07 0.09 0.10 0.12 0.14 0.16 0.18 0.21
0.40 0.47 0.54 0.62 0.70 0.79 0.87 0.95 1.02 1.08 1.13 1.16 1.18 1.20 1.21 1.22 1.23 1.24 1.24 1.24 1.24 1.24 1.23 1.22 1.21 1.20 1.18 1.15 1.13 1.10 1.06 1.03 0.99 0.95 0.90 0.84 0.76 0.68 0.59 0.49 0.39 0.29 0.19 0.10 0.01 0.00 0.00 0.00 0.00 0.00 0.00 0.00 0.00 0.00 0.00 0.00 0.00 0.00 0.00 0.00 0.00 0.00 0.00 0.00 0.00 0.00 0.00 0.00 0.00 0.00 0.00 0.00 0.00 0.02 0.05 0.07 0.08 0.09 0.11 0.12 0.14 0.16 0.18 0.21
0.38 0.45 0.52 0.60 0.67 0.75 0.82 0.89 0.96 1.01 1.05 1.08 1.10 1.11 1.13 1.14 1.14 1.15 1.15 1.15 1.15 1.14 1.13 1.12 1.11 1.09 1.07 1.04 1.02 0.99 0.95 0.92 0.88 0.84 0.80 0.75 0.69 0.61 0.53 0.45 0.36 0.27 0.19 0.10 0.03 0.00 0.00 0.00 0.00 0.00 0.00 0.00 0.00 0.00 0.00 0.00 0.00 0.00 0.00 0.00 0.00 0.00 0.00 0.00 0.00 0.00 0.00 0.00 0.00 0.00 0.00 0.00 0.01 0.04 0.06 0.08 0.10 0.11 0.12 0.14 0.15 0.17 0.19 0.21
0.36 0.43 0.50 0.57 0.64 0.71 0.78 0.84 0.89 0.93 0.96 0.99 1.01 1.03 1.04 1.05 1.06 1.06 1.06 1.06 1.05 1.04 1.03 1.02 1.00 0.99 0.96 0.94 0.91 0.88 0.85 0.81 0.77 0.73 0.69 0.65 0.60 0.54 0.48 0.41 0.33 0.26 0.18 0.11 0.04 0.00 0.00 0.00 0.00 0.00 0.00 0.00 0.00 0.00 0.00 0.00 0.00 0.00 0.00 0.00 0.00 0.00 0.00 0.00 0.00 0.00 0.00 0.00 0.00 0.00 0.00 0.01 0.04 0.07 0.09 0.11 0.12 0.13 0.14 0.15 0.17 0.19 0.20 0.23
0.36 0.42 0.49 0.55 0.62 0.68 0.73 0.78 0.82 0.85 0.88 0.90 0.92 0.94 0.95 0.96 0.97 0.97 0.97 0.97 0.96 0.95 0.94 0.92 0.90 0.88 0.86 0.83 0.80 0.77 0.74 0.70 0.67 0.63 0.59 0.55 0.51 0.46 0.42 0.36 0.30 0.24 0.18 0.11 0.05 0.00 0.00 0.00 0.00 0.00 0.00 0.00 0.00 0.00 0.00 0.00 0.00 0.00 0.00 0.00 0.00 0.00 0.00 0.00 0.00 0.00 0.00 0.00 0.00 0.00 0.02 0.05 0.08 0.10 0.12 0.14 0.15 0.16 0.17 0.18 0.19 0.21 0.23 0.25
0.35 0.42 0.48 0.54 0.59 0.64 0.68 0.71 0.74 0.76 0.79 0.82 0.84 0.86 0.87 0.88 0.88 0.89 0.88 0.88 0.87 0.86 0.84 0.83 0.81 0.78 0.76 0.73 0.70 0.67 0.63 0.60 0.56 0.53 0.49 0.45 0.41 0.38 0.35 0.31 0.27 0.22 0.17 0.11 0.06 0.01 0.00 0.00 0.00 0.00 0.00 0.00 0.00 0.00 0.00 0.00 0.00 0.00 0.00 0.00 0.00 0.00 0.00 0.00 0.00 0.00 0.00 0.00 0.00 0.03 0.06 0.09 0.11 0.14 0.16 0.17 0.18 0.19 0.20 0.21 0.23 0.24 0.26 0.27
0.35 0.41 0.47 0.52 0.56 0.60 0.63 0.65 0.67 0.69 0.71 0.73 0.76 0.77 0.79 0.80 0.80 0.80 0.80 0.79 0.78 0.77 0.75 0.73 0.71 0.68 0.66 0.63 0.60 0.57 0.53 0.50 0.46 0.43 0.39 0.36 0.33 0.30 0.28 0.26 0.23 0.20 0.16 0.12 0.07 0.03 0.00 0.00 0.00 0.00 0.00 0.00 0.00 0.00 0.00 0.00 0.00 0.00 0.00 0.00 0.00 0.00 0.00 0.00 0.00 0.00 0.00 0.03 0.05 0.08 0.11 0.14 0.16 0.18 0.20 0.22 0.23 0.23 0.24 0.25 0.26 0.28 0.29 0.31
0.36 0.41 0.46 0.50 0.53 0.56 0.58 0.59 0.61 0.62 0.64 0.66 0.68 0.69 0.71 0.72 0.72 0.72 0.72 0.71 0.70 0.68 0.66 0.64 0.62 0.59 0.56 0.53 0.50 0.47 0.44 0.40 0.37 0.33 0.30 0.28 0.25 0.23 0.22 0.20 0.19 0.17 0.14 0.11 0.08 0.05 0.02 0.00 0.00 0.00 0.00 0.00 0.00 0.00 0.00 0.00 0.00 0.00 0.00 0.00 0.00 0.00 0.00 0.00 0.00 0.03 0.05 0.08 0.11 0.14 0.16 0.19 0.21 0.23 0.25 0.26 0.27 0.28 0.29 0.30 0.31 0.32 0.33 0.35
0.36 0.41 0.45 0.48 0.50 0.52 0.53 0.54 0.55 0.56 0.58 0.59 0.61 0.62 0.63 0.64 0.65 0.65 0.64 0.63 0.62 0.60 0.58 0.55 0.53 0.50 0.47 0.44 0.41 0.38 0.34 0.31 0.28 0.25 0.22 0.20 0.18 0.17 0.16 0.15 0.15 0.14 0.13 0.11 0.09 0.06 0.04 0.02 0.00 0.00 0.00 0.00 0.00 0.00 0.00 0.00 0.00 0.00 0.00 0.00 0.00 0.00 0.02 0.04 0.07 0.09 0.12 0.14 0.17 0.20 0.22 0.25 0.27 0.29 0.30 0.32 0.33 0.34 0.34 0.35 0.36 0.37 0.38 0.40
0.37 0.41 0.44 0.46 0.47 0.48 0.49 0.50 0.51 0.52 0.52 0.53 0.54 0.55 0.56 0.57 0.58 0.57 0.57 0.56 0.54 0.52 0.50 0.47 0.44 0.41 0.38 0.35 0.32 0.29 0.26 0.22 0.20 0.17 0.15 0.14 0.13 0.12 0.11 0.11 0.11 0.11 0.11 0.10 0.09 0.08 0.06 0.05 0.03 0.02 0.00 0.00 0.00 0.00 0.00 0.00 0.00 0.00 0.02 0.03 0.05 0.07 0.09 0.11 0.14 0.16 0.19 0.21 0.24 0.26 0.29 0.31 0.33 0.35 0.37 0.38 0.39 0.39 0.40 0.41 0.42 0.43 0.44 0.45
0.37 0.40 0.42 0.43 0.44 0.45 0.46 0.46 0.47 0.47 0.48 0.49 0.49 0.50 0.50 0.51 0.51 0.51 0.50 0.49 0.47 0.45 0.43 0.40 0.37 0.34 0.30 0.27 0.24 0.21 0.18 0.15 0.12 0.11 0.09 0.08 0.07 0.07 0.07 0.07 0.07 0.08 0.09 0.10 0.10 0.09 0.09 0.08 0.06 0.06 0.05 0.04 0.04 0.04 0.04 0.05 0.06 0.07 0.09 0.11 0.13 0.15 0.17 0.19 0.21 0.23 0.26 0.28 0.31 0.33 0.35 0.38 0.40 0.42 0.43 0.44 0.45 0.46 0.46 0.47 0.48 0.49 0.50 0.51
0.38 0.40 0.41 0.42 0.42 0.43 0.43 0.44 0.44 0.44 0.45 0.45 0.45 0.45 0.45 0.45 0.45 0.45 0.44 0.43 0.41 0.39 0.36 0.33 0.29 0.26 0.23 0.20 0.16 0.13 0.10 0.08 0.06 0.05 0.04 0.03 0.03 0.03 0.04 0.04 0.05 0.06 0.07 0.09 0.10 0.10 0.11 0.10 0.10 0.10 0.09 0.09 0.09 0.10 0.10 0.11 0.13 0.14 0.16 0.18 0.20 0.22 0.24 0.27 0.29 0.31 0.34 0.36 0.38 0.40 0.43 0.45 0.47 0.49 0.50 0.51 0.52 0.53 0.53 0.54 0.55 0.56 0.57 0.58
0.38 0.39 0.40 0.41 0.41 0.42 0.42 0.42 0.42 0.42 0.42 0.42 0.42 0.41 0.41 0.41 0.40 0.39 0.38 0.37 0.35 0.33 0.30 0.26 0.23 0.20 0.16 0.13 0.10 0.07 0.05 0.03 0.01 0.00 0.00 0.00 0.00 0.00 0.01 0.02 0.03 0.05 0.06 0.08 0.10 0.11 0.13 0.13 0.14 0.14 0.14 0.14 0.15 0.15 0.17 0.18 0.20 0.22 0.24 0.26 0.28 0.30 0.32 0.35 0.37 0.39 0.42 0.44 0.46 0.48 0.51 0.53 0.55 0.56 0.58 0.59 0.60 0.60 0.61 0.61 0.62 0.63 0.64 0.65
0.38 0.39 0.40 0.40 0.41 0.41 0.41 0.41 0.41 0.41 0.41 0.40 0.40 0.39 0.38 0.37 0.36 0.35 0.34 0.32 0.30 0.28 0.24 0.21 0.17 0.14 0.10 0.07 0.04 0.02 0.00 0.00 0.00 0.00 0.00 0.00 0.00 0.00 0.00 0.01 0.02 0.04 0.06 0.08 0.10 0.12 0.15 0.16 0.17 0.18 0.18 0.19 0.20 0.22 0.23 0.25 0.27 0.29 0.31 0.34 0.36 0.38 0.41 0.43 0.45 0.48 0.50 0.52 0.55 0.57 0.59 0.61 0.63 0.64 0.66 0.67 0.68 0.68 0.69 0.69 0.70 0.71 0.71 0.72
0.39 0.40 0.41 0.41 0.42 0.42 0.42 0.42 0.42 0.41 0.40 0.40 0.39 0.38 0.36 0.35 0.34 0.32 0.30 0.28 0.26 0.23 0.20 0.16 0.12 0.09 0.05 0.02 0.00 0.00 0.00 0.00 0.00 0.00 0.00 0.00 0.00 0.00 0.00 0.00 0.02 0.04 0.06 0.09 0.11 0.14 0.16 0.19 0.21 0.22 0.23 0.24 0.26 0.28 0.30 0.32 0.35 0.37 0.39 0.42 0.44 0.47 0.49 0.52 0.54 0.57 0.59 0.61 0.64 0.66 0.68 0.70 0.71 0.73 0.74 0.76 0.76 0.77 0.77 0.78 0.78 0.79 0.80 0.80
0.40 0.41 0.42 0.43 0.43 0.43 0.43 0.43 0.43 0.42 0.41 0.40 0.39 0.38 0.36 0.34 0.32 0.30 0.28 0.25 0.23 0.20 0.16 0.12 0.08 0.05 0.01 0.00 0.00 0.00 0.00 0.00 0.00 0.00 0.00 0.00 0.00 0.00 0.00 0.01 0.03 0.05 0.08 0.10 0.13 0.16 0.19 0.21 0.24 0.26 0.28 0.30 0.32 0.34 0.37 0.39 0.42 0.45 0.47 0.50 0.53 0.55 0.58 0.61 0.63 0.66 0.68 0.71 0.73 0.75 0.77 0.79 0.81 0.82 0.83 0.85 0.85 0.86 0.86 0.87 0.87 0.88 0.88 0.89
