data_processed/recharge/precip/Precip_2006_08.asc
ncols        168
nrows        136
xllcorner    455000
yllcorner    2107000
cellsize     500
NODATA_value     -99999
[rows 0 to 31 of 136, columns 0 to 71 of 168]
226.18 229.24 232.38 235.06 237.01 238.63 240.16 241.54 242.72 243.65 244.28 244.56 244.43 243.83 242.73 240.99 238.56 235.65 232.57 229.66 227.23 225.61 224.90 224.24 223.27 221.98 220.39 218.50 216.33 213.85 211.01 207.84 204.44 200.93 197.39 193.95 190.71 187.77 185.23 183.21 181.99 182.44 185.36 191.18 200.33 213.22 230.28 251.19 270.53 284.94 294.55 299.57 300.19 296.63 289.38 280.45 271.39 262.42 253.59 244.96 236.58 228.52 220.84 213.58 206.81 200.61 195.14 190.35 186.07 182.12 178.32 174.48
223.73 226.55 229.32 231.69 233.89 236.09 238.22 240.24 242.10 243.74 245.11 246.16 246.83 247.08 246.85 246.08 244.70 242.72 240.38 238.01 235.93 234.47 233.74 233.02 231.98 230.62 228.96 227.00 224.71 222.00 218.88 215.44 211.80 208.07 204.34 200.72 197.32 194.24 191.59 189.48 188.01 187.50 189.00 193.39 201.10 212.56 228.19 247.68 265.51 278.30 286.18 289.34 287.99 282.65 275.40 267.86 260.25 252.62 245.03 237.53 230.20 223.07 216.22 209.70 203.56 197.87 192.70 188.09 183.93 180.06 176.28 172.40
222.53 225.19 227.79 230.39 233.06 235.76 238.43 241.02 243.49 245.76 247.81 249.56 250.97 251.99 252.56 252.63 252.15 251.07 249.48 247.66 245.94 244.64 243.91 243.13 242.03 240.61 238.89 236.81 234.25 231.20 227.75 224.02 220.10 216.10 212.13 208.29 204.70 201.45 198.64 196.40 194.81 194.00 194.32 196.97 202.93 212.64 226.53 244.26 260.27 271.12 276.94 277.92 274.61 269.16 263.26 257.12 250.80 244.37 237.87 231.37 224.93 218.60 212.44 206.51 200.87 195.57 190.67 186.23 182.20 178.40 174.64 170.73
222.55 225.19 228.00 230.96 234.04 237.17 240.31 243.41 246.41 249.25 251.90 254.29 256.36 258.08 259.39 260.22 260.54 260.29 259.45 258.20 256.84 255.72 254.99 254.17 253.02 251.55 249.71 247.33 244.37 240.93 237.12 233.04 228.79 224.50 220.25 216.15 212.32 208.85 205.86 203.44 201.71 200.76 200.71 201.96 205.88 213.52 225.33 241.00 254.86 263.45 266.88 265.72 262.18 258.03 253.48 248.60 243.44 238.06 232.52 226.87 221.18 215.50 209.89 204.41 199.12 194.07 189.32 184.93 180.93 177.19 173.45 169.52
223.79 226.61 229.68 232.94 236.35 239.85 243.39 246.92 250.39 253.73 256.91 259.86 262.54 264.88 266.85 268.39 269.44 269.95 269.87 269.22 268.24 267.30 266.58 265.72 264.53 262.95 260.76 257.92 254.51 250.65 246.43 241.97 237.36 232.73 228.16 223.77 219.66 215.93 212.70 210.07 208.15 207.03 206.83 207.66 209.95 215.24 224.66 237.93 249.33 255.33 256.43 254.93 252.64 249.80 246.47 242.70 238.55 234.08 229.35 224.42 219.34 214.17 208.97 203.79 198.70 193.76 189.01 184.52 180.35 176.51 172.78 168.82
226.10 229.09 232.35 235.85 239.52 243.32 247.19 251.08 254.94 258.72 262.35 265.80 269.01 271.92 274.48 276.64 278.35 279.56 280.20 280.24 279.72 278.96 278.27 277.38 276.08 274.12 271.41 268.06 264.16 259.83 255.17 250.29 245.28 240.26 235.33 230.60 226.18 222.16 218.65 215.77 213.61 212.29 211.90 212.55 214.36 217.80 224.57 235.12 243.72 247.20 247.85 247.55 246.53 244.87 242.61 239.81 236.53 232.83 228.77 224.40 219.79 214.99 210.05 205.04 200.01 195.03 190.14 185.42 180.90 176.67 172.70 168.69
229.08 232.15 235.55 239.20 243.07 247.10 251.23 255.42 259.60 263.74 267.77 271.64 275.30 278.70 281.79 284.51 286.81 288.64 289.94 290.67 290.77 290.32 289.65 288.66 286.94 284.40 281.12 277.22 272.79 267.96 262.81 257.46 252.01 246.57 241.24 236.13 231.35 227.00 223.18 220.00 217.57 216.00 215.38 215.82 217.44 220.33 225.04 232.61 238.50 241.41 243.21 244.14 244.26 243.62 242.29 240.32 237.77 234.70 231.16 227.22 222.93 218.35 213.54 208.55 203.44 198.28 193.11 188.00 183.00 178.18 173.59 169.21
232.25 235.35 238.80 242.55 246.54 250.73 255.05 259.46 263.90 268.33 272.68 276.91 280.96 284.78 288.33 291.53 294.35 296.74 298.63 299.97 300.72 300.83 300.25 298.81 296.45 293.27 289.38 284.89 279.90 274.52 268.85 262.99 257.06 251.16 245.39 239.87 234.69 229.96 225.78 222.28 219.54 217.67 216.78 216.98 218.37 221.06 225.15 230.73 235.95 239.97 242.97 244.99 246.10 246.35 245.81 244.53 242.57 239.99 236.84 233.18 229.07 224.57 219.74 214.64 209.31 203.83 198.24 192.61 186.99 181.44 176.03 170.80
235.64 238.70 242.13 245.90 249.94 254.21 258.65 263.21 267.83 272.47 277.07 281.58 285.95 290.12 294.04 297.66 300.93 303.79 306.19 308.08 309.41 310.07 309.73 307.84 304.81 300.98 296.45 291.35 285.77 279.81 273.59 267.20 260.77 254.38 248.15 242.18 236.58 231.45 226.89 223.03 219.95 217.77 216.59 216.51 217.65 220.11 224.01 229.48 235.47 240.70 244.82 247.87 249.90 250.98 251.16 250.51 249.07 246.91 244.08 240.64 236.65 232.17 227.26 221.97 216.36 210.49 204.41 198.19 191.89 185.55 179.25 173.07
239.68 242.60 245.94 249.65 253.66 257.93 262.40 267.03 271.75 276.53 281.30 286.01 290.61 295.04 299.26 303.22 306.85 310.11 312.94 315.30 317.08 318.07 318.01 316.20 312.71 308.22 303.05 297.33 291.14 284.61 277.83 270.91 263.96 257.07 250.37 243.95 237.92 232.38 227.44 223.21 219.78 217.28 215.80 215.44 216.32 218.57 222.44 228.00 234.25 240.35 245.60 249.71 252.70 254.63 255.56 255.56 254.67 252.95 250.47 247.28 243.44 239.01 234.04 228.59 222.72 216.49 209.96 203.18 196.22 189.12 181.99 175.22
244.43 247.15 250.31 253.87 257.77 261.96 266.39 271.00 275.75 280.57 285.43 290.26 295.01 299.63 304.07 308.28 312.20 315.77 318.96 321.65 323.63 324.79 324.98 323.43 320.00 315.06 309.25 302.89 296.10 288.98 281.64 274.17 266.70 259.32 252.13 245.26 238.79 232.83 227.50 222.90 219.12 216.29 214.50 213.86 214.50 216.71 220.67 226.33 232.68 239.03 245.11 250.28 254.26 257.08 258.80 259.48 259.18 257.95 255.85 252.94 249.28 244.93 239.94 234.37 228.28 221.73 214.77 207.47 199.88 192.09 184.48 177.55
249.86 252.36 255.27 258.60 262.31 266.34 270.64 275.16 279.85 284.65 289.51 294.38 299.20 303.93 308.50 312.88 317.00 320.81 324.22 326.99 329.02 330.32 330.71 329.40 326.19 321.28 315.02 308.03 300.63 292.92 285.00 276.99 268.99 261.10 253.43 246.09 239.18 232.81 227.07 222.09 217.96 214.79 212.69 211.79 212.38 214.69 218.75 224.49 230.93 237.38 243.71 249.66 254.64 258.39 260.93 262.33 262.65 261.94 260.26 257.67 254.23 249.99 245.02 239.36 233.09 226.25 218.90 211.11 202.96 194.80 187.10 180.06
255.68 258.21 260.86 263.89 267.32 271.11 275.20 279.55 284.09 288.78 293.57 298.39 303.21 307.96 312.59 317.06 321.30 325.22 328.58 331.28 333.32 334.72 335.29 334.17 331.16 326.43 320.17 312.74 304.72 296.41 287.92 279.36 270.82 262.42 254.26 246.45 239.09 232.29 226.15 220.78 216.29 212.78 210.39 209.43 210.13 212.54 216.70 222.51 229.03 235.57 242.00 248.19 253.91 258.60 262.00 264.16 265.13 264.97 263.75 261.51 258.32 254.24 249.31 243.61 237.18 230.09 222.39 214.17 205.76 197.58 189.85 182.73
261.70 264.39 267.03 269.75 272.84 276.30 280.11 284.20 288.52 293.02 297.65 302.35 307.07 311.77 316.37 320.85 325.08 328.84 332.01 334.59 336.60 338.06 338.78 337.82 334.96 330.39 324.28 316.83 308.37 299.46 290.38 281.26 272.18 263.26 254.60 246.32 238.50 231.27 224.72 218.96 214.10 210.28 207.83 206.98 207.79 210.30 214.54 220.42 227.01 233.63 240.15 246.44 252.39 257.77 262.05 265.00 266.66 267.10 266.36 264.52 261.61 257.71 252.87 247.15 240.61 233.30 225.31 216.94 208.59 200.46 192.71 185.52
267.87 270.71 273.48 276.16 278.89 281.96 285.39 289.15 293.16 297.39 301.78 306.28 310.83 315.39 319.89 324.24 328.19 331.62 334.55 336.99 338.94 340.43 341.25 340.41 337.68 333.23 327.24 319.90 311.39 302.04 292.38 282.69 273.06 263.62 254.46 245.69 237.41 229.74 222.77 216.62 211.42 207.53 205.19 204.46 205.38 207.98 212.29 218.24 224.90 231.59 238.18 244.57 250.62 256.22 261.15 264.91 267.30 268.36 268.15 266.73 264.15 260.47 255.76 250.06 243.43 235.97 227.93 219.69 211.46 203.38 195.64 188.40
274.13 277.12 280.01 282.78 285.44 288.11 291.10 294.43 298.07 301.94 306.01 310.23 314.52 318.86 323.12 327.06 330.57 333.64 336.30 338.54 340.40 341.89 342.78 342.03 339.39 335.03 329.12 321.86 313.43 304.00 293.90 283.64 273.46 263.49 253.82 244.56 235.82 227.70 220.31 213.80 208.52 204.75 202.53 201.91 202.93 205.61 209.99 216.00 222.71 229.46 236.13 242.60 248.74 254.45 259.59 263.96 267.10 268.82 269.17 268.20 265.98 262.56 258.00 252.36 245.71 238.30 230.48 222.43 214.33 206.33 198.60 191.32
280.43 283.55 286.55 289.42 292.14 294.70 297.26 300.09 303.26 306.70 310.37 314.22 318.18 322.16 325.90 329.27 332.29 334.96 337.31 339.34 341.07 342.51 343.44 342.75 340.16 335.85 329.99 322.78 314.39 305.00 294.80 284.10 273.37 262.86 252.67 242.92 233.70 225.13 217.36 210.76 205.61 201.97 199.87 199.36 200.46 203.22 207.66 213.71 220.47 227.28 234.02 240.56 246.79 252.58 257.83 262.40 266.10 268.51 269.45 268.98 267.16 264.03 259.66 254.13 247.65 240.53 232.96 225.12 217.16 209.25 201.56 194.25
286.71 289.95 293.06 296.02 298.81 301.41 303.80 306.16 308.78 311.71 314.90 318.30 321.79 325.12 328.17 330.93 333.42 335.67 337.67 339.44 341.01 342.37 343.30 342.64 340.07 335.77 329.93 322.73 314.34 304.96 294.76 283.94 272.77 261.72 251.01 240.76 231.06 222.09 214.21 207.74 202.73 199.22 197.23 196.82 198.00 200.82 205.32 211.41 218.21 225.07 231.87 238.47 244.78 250.66 256.00 260.67 264.57 267.50 269.06 269.12 267.72 264.93 260.80 255.54 249.42 242.64 235.35 227.73 219.93 212.13 204.48 197.16
292.92 296.28 299.49 302.52 305.37 308.00 310.41 312.58 314.67 317.01 319.64 322.44 325.17 327.68 329.99 332.11 334.04 335.82 337.44 338.93 340.29 341.55 342.45 341.77 339.19 334.87 329.01 321.78 313.37 303.96 293.73 282.86 271.55 260.07 248.83 238.07 227.95 218.86 211.13 204.80 199.92 196.52 194.64 194.31 195.57 198.46 203.00 209.12 215.95 222.86 229.70 236.37 242.74 248.69 254.12 258.89 262.90 266.01 268.05 268.66 267.73 265.31 261.56 256.74 251.03 244.60 237.60 230.21 222.59 214.91 207.33 200.02
299.01 302.48 305.77 308.87 311.76 314.42 316.84 318.98 320.86 322.62 324.55 326.47 328.26 329.91 331.45 332.88 334.23 335.50 336.70 337.87 339.00 340.11 340.94 340.22 337.58 333.21 327.30 320.01 311.54 302.06 291.77 280.83 269.44 257.78 246.12 234.91 224.67 215.72 208.14 201.96 197.20 193.91 192.13 191.88 193.20 196.14 200.72 206.87 213.72 220.66 227.54 234.26 240.69 246.72 252.22 257.08 261.18 264.40 266.62 267.67 267.23 265.30 262.07 257.73 252.44 246.37 239.68 232.54 225.11 217.56 210.06 202.77
304.92 308.49 311.86 315.02 317.95 320.63 323.04 325.16 326.98 328.43 329.46 330.32 331.12 331.87 332.60 333.32 334.04 334.77 335.53 336.34 337.20 338.13 338.86 338.05 335.33 330.88 324.87 317.49 308.92 299.35 288.95 277.92 266.42 254.65 242.84 231.60 221.51 212.72 205.29 199.23 194.59 191.41 189.71 189.53 190.92 193.90 198.50 204.67 211.54 218.51 225.43 232.19 238.67 244.76 250.33 255.27 259.46 262.77 265.10 266.32 266.34 264.99 262.31 258.47 253.61 247.92 241.55 234.68 227.46 220.06 212.65 205.40
310.60 314.26 317.70 320.91 323.87 326.55 328.95 331.04 332.75 333.83 334.18 334.04 333.82 333.65 333.54 333.50 333.56 333.72 334.00 334.41 334.97 335.68 336.27 335.35 332.51 327.94 321.80 314.30 305.60 295.89 285.36 274.18 262.54 250.69 239.15 228.35 218.51 209.88 202.58 196.65 192.12 189.03 187.41 187.30 188.74 191.75 196.38 202.56 209.44 216.42 223.37 230.16 236.69 242.83 248.47 253.48 257.74 261.15 263.58 264.94 265.22 264.37 262.25 258.91 254.51 249.21 243.18 236.58 229.59 222.36 215.06 207.85
316.01 319.74 323.24 326.49 329.46 332.15 334.53 336.51 337.86 338.46 338.36 337.60 336.44 335.30 334.32 333.50 332.86 332.41 332.17 332.15 332.37 332.84 333.26 332.19 329.20 324.46 318.17 310.50 301.64 291.76 281.06 269.71 257.96 246.36 235.35 225.07 215.64 207.23 200.06 194.24 189.82 186.81 185.26 185.21 186.69 189.73 194.38 200.56 207.44 214.43 221.39 228.22 234.78 240.97 246.66 251.73 256.07 259.56 262.08 263.58 264.06 263.50 261.86 259.04 255.10 250.21 244.53 238.23 231.47 224.42 217.24 210.11
321.08 324.88 328.43 331.71 334.69 337.36 339.65 341.28 342.15 342.31 341.79 340.64 338.93 336.92 335.02 333.38 332.01 330.92 330.13 329.65 329.50 329.68 329.89 328.63 325.45 320.53 314.04 306.17 297.11 287.03 276.12 264.63 253.13 242.06 231.57 221.78 212.79 204.73 197.74 192.03 187.70 184.77 183.29 183.29 184.80 187.86 192.51 198.69 205.56 212.55 219.53 226.38 232.97 239.20 244.93 250.06 254.46 257.99 260.58 262.20 262.85 262.51 261.17 258.80 255.34 250.88 245.57 239.57 233.07 226.21 219.18 212.12
325.76 329.62 333.21 336.51 339.49 342.08 344.01 345.17 345.59 345.34 344.44 342.96 340.94 338.44 335.72 333.22 331.09 329.32 327.94 326.97 326.40 326.27 326.24 324.76 321.36 316.20 309.49 301.39 292.09 281.78 270.70 259.44 248.46 237.92 227.92 218.58 210.00 202.30 195.60 190.04 185.79 182.94 181.51 181.55 183.09 186.17 190.82 196.97 203.84 210.82 217.81 224.66 231.28 237.53 243.31 248.48 252.88 256.40 259.02 260.73 261.52 261.37 260.28 258.24 255.21 251.18 246.25 240.58 234.35 227.70 220.82 213.86
330.00 333.91 337.53 340.84 343.74 345.98 347.44 348.15 348.17 347.54 346.30 344.52 342.23 339.49 336.36 333.10 330.16 327.69 325.69 324.18 323.17 322.69 322.38 320.65 316.98 311.57 304.59 296.22 286.65 276.14 265.28 254.55 244.11 234.05 224.50 215.57 207.37 200.01 193.60 188.26 184.12 181.33 179.95 180.03 181.59 184.67 189.31 195.45 202.29 209.26 216.24 223.10 229.73 236.01 241.80 246.93 251.24 254.72 257.35 259.12 260.02 260.04 259.16 257.39 254.70 251.08 246.55 241.22 235.27 228.85 222.14 215.29
333.75 337.70 341.34 344.58 347.14 348.91 349.92 350.22 349.86 348.89 347.36 345.31 342.80 339.87 336.57 332.96 329.31 326.09 323.43 321.36 319.88 319.00 318.39 316.36 312.40 306.69 299.41 290.75 280.95 270.64 260.32 250.12 240.16 230.56 221.43 212.87 205.00 197.94 191.79 186.67 182.69 179.98 178.64 178.74 180.32 183.40 188.02 194.13 200.94 207.89 214.86 221.72 228.35 234.63 240.34 245.30 249.49 252.89 255.50 257.30 258.28 258.44 257.76 256.22 253.83 250.57 246.42 241.45 235.80 229.62 223.09 216.37
336.95 340.93 344.51 347.41 349.50 350.82 351.42 351.35 350.65 349.38 347.58 345.31 342.61 339.52 336.10 332.40 328.47 324.60 321.26 318.58 316.59 315.29 314.33 311.98 307.69 301.65 294.04 285.11 275.51 265.74 255.94 246.24 236.74 227.56 218.80 210.58 203.02 196.21 190.29 185.35 181.52 178.90 177.61 177.73 179.30 182.37 186.97 193.04 199.81 206.74 213.68 220.53 227.15 233.29 238.76 243.52 247.55 250.85 253.41 255.22 256.26 256.52 256.00 254.68 252.56 249.61 245.84 241.24 235.90 229.98 223.65 217.07
339.55 343.48 346.72 349.15 350.79 351.70 351.93 351.52 350.53 348.99 346.97 344.50 341.65 338.44 334.94 331.20 327.25 323.17 319.23 315.92 313.38 311.62 310.28 307.57 302.92 296.51 288.62 279.87 270.81 261.57 252.27 243.02 233.94 225.14 216.72 208.81 201.51 194.93 189.19 184.41 180.68 178.13 176.87 177.00 178.57 181.62 186.19 192.21 198.94 205.83 212.75 219.56 225.99 231.82 237.00 241.52 245.38 248.55 251.03 252.81 253.88 254.23 253.84 252.71 250.82 248.17 244.74 240.53 235.53 229.89 223.77 217.36
341.42 345.02 347.79 349.77 351.01 351.54 351.44 350.73 349.47 347.71 345.49 342.87 339.90 336.61 333.07 329.32 325.40 321.37 317.29 313.44 310.32 308.07 306.32 303.21 298.16 291.44 283.71 275.51 266.98 258.24 249.40 240.57 231.87 223.41 215.30 207.65 200.58 194.20 188.61 183.93 180.28 177.77 176.50 176.60 178.14 181.17 185.69 191.66 198.34 205.18 212.05 218.63 224.68 230.14 235.00 239.26 242.90 245.92 248.30 250.02 251.09 251.49 251.21 250.24 248.56 246.17 243.06 239.22 234.63 229.31 223.43 217.18
342.23 345.36 347.69 349.26 350.12 350.32 349.92 348.94 347.46 345.51 343.14 340.40 337.35 334.02 330.47 326.75 322.89 318.97 315.01 311.08 307.49 304.72 302.51 298.97 293.58 287.02 279.83 272.16 264.13 255.85 247.44 239.00 230.64 222.49 214.65 207.23 200.35 194.12 188.64 184.05 180.43 177.92 176.61 176.63 178.07 181.04 185.51 191.42 198.04 204.81 211.40 217.51 223.11 228.18 232.70 236.67 240.07 242.90 245.15 246.80 247.84 248.26 248.06 247.21 245.72 243.57 240.75 237.24 233.05 228.15 222.57 216.52
341.79 344.48 346.40 347.60 348.12 348.03 347.35 346.16 344.48 342.38 339.89 337.08 333.98 330.64 327.12 323.46 319.72 315.93 312.15 308.42 304.81 301.62 298.93 295.03 289.78 283.75 277.10 269.93 262.37 254.52 246.49 238.40 230.35 222.47 214.86 207.64 200.91 194.80 189.41 184.85 181.23 178.68 177.30 177.20 178.49 181.30 185.68 191.51 198.04 204.49 210.53 216.12 221.24 225.88 230.03 233.68 236.82 239.44 241.52 243.06 244.05 244.47 244.32 243.58 242.24 240.30 237.73 234.54 230.71 226.23 221.09 215.33
