data_processed/recharge/precip/Precip_1989_07.asc
ncols        168
nrows        136
xllcorner    455000
yllcorner    2107000
cellsize     500
NODATA_value     -99999
[rows 99 to 131 of 136, columns 0 to 74 of 168]
167.56 169.67 170.07 169.78 169.18 168.34 167.30 166.09 164.75 163.32 161.84 160.36 158.90 157.51 156.23 155.09 154.15 153.42 152.92 152.53 152.15 151.72 151.18 150.62 150.28 150.18 150.27 150.51 150.69 150.62 150.29 149.70 148.86 147.77 146.43 144.85 143.05 141.01 138.75 136.27 133.58 130.69 127.59 124.29 120.84 117.26 113.60 109.90 106.24 102.91 100.11 97.84 96.13 94.90 93.86 92.89 91.98 91.11 90.28 89.48 88.69 87.90 87.11 86.29 85.46 84.58 83.65 82.66 81.61 80.55 79.64 78.97 78.56 78.42 78.48
161.13 162.99 164.01 164.63 164.89 164.83 164.50 163.92 163.15 162.21 161.16 160.02 158.84 157.66 156.51 155.44 154.48 153.68 153.06 152.62 152.20 151.69 151.03 150.32 149.84 149.60 149.54 149.46 149.18 148.67 147.93 146.97 145.81 144.43 142.86 141.09 139.12 136.97 134.64 132.13 129.46 126.62 123.61 120.46 117.16 113.74 110.27 106.78 103.35 100.32 97.85 95.98 94.62 93.49 92.46 91.52 90.66 89.87 89.13 88.45 87.80 87.17 86.57 85.96 85.36 84.74 84.09 83.40 82.67 81.88 81.09 80.48 80.14 80.06 80.20
154.18 156.67 158.63 160.13 161.20 161.88 162.22 162.24 161.99 161.50 160.83 160.00 159.05 158.03 156.98 155.93 154.92 153.99 153.18 152.53 152.00 151.41 150.62 149.77 149.14 148.74 148.36 147.81 147.06 146.13 145.02 143.73 142.27 140.65 138.86 136.92 134.83 132.60 130.23 127.72 125.09 122.33 119.46 116.47 113.38 110.18 106.93 103.69 100.53 97.81 95.72 94.17 92.88 91.73 90.70 89.78 88.97 88.24 87.60 87.03 86.52 86.05 85.63 85.23 84.85 84.48 84.10 83.71 83.29 82.84 82.35 81.87 81.59 81.59 81.80
147.70 151.16 154.04 156.38 158.22 159.59 160.55 161.12 161.36 161.28 160.94 160.38 159.63 158.73 157.72 156.65 155.54 154.45 153.40 152.45 151.61 150.85 149.94 148.94 148.15 147.41 146.54 145.51 144.34 143.02 141.56 139.97 138.25 136.41 134.44 132.37 130.19 127.90 125.52 123.05 120.48 117.84 115.13 112.34 109.49 106.57 103.61 100.64 97.79 95.42 93.62 92.11 90.78 89.60 88.56 87.66 86.89 86.23 85.67 85.21 84.83 84.52 84.27 84.07 83.91 83.78 83.67 83.57 83.46 83.34 83.20 83.03 82.89 82.96 83.25
142.17 146.57 150.32 153.46 156.02 158.05 159.59 160.68 161.35 161.64 161.60 161.26 160.66 159.84 158.84 157.70 156.46 155.16 153.83 152.52 151.26 150.10 148.97 147.79 146.65 145.42 144.06 142.60 141.02 139.35 137.57 135.71 133.76 131.72 129.61 127.43 125.19 122.88 120.52 118.11 115.65 113.15 110.63 108.07 105.49 102.89 100.27 97.66 95.15 93.04 91.25 89.67 88.28 87.07 86.03 85.14 84.40 83.80 83.32 82.96 82.71 82.54 82.46 82.46 82.51 82.62 82.77 82.95 83.15 83.37 83.58 83.77 83.95 84.18 84.54
137.62 142.93 147.52 151.42 154.68 157.33 159.42 160.98 162.05 162.68 162.90 162.74 162.26 161.49 160.46 159.22 157.81 156.26 154.62 152.92 151.21 149.52 147.83 146.10 144.45 142.72 140.92 139.05 137.11 135.11 133.05 130.95 128.80 126.61 124.38 122.13 119.85 117.56 115.25 112.94 110.62 108.30 105.99 103.70 101.42 99.17 96.95 94.76 92.56 90.45 88.57 86.90 85.45 84.20 83.14 82.26 81.54 80.99 80.59 80.32 80.18 80.16 80.24 80.42 80.69 81.03 81.43 81.89 82.39 82.92 83.48 84.04 84.61 85.16 85.70
133.62 139.86 145.30 149.99 153.96 157.26 159.91 161.97 163.47 164.45 164.95 165.01 164.66 163.95 162.92 161.60 160.04 158.27 156.34 154.27 152.12 149.85 146.99 143.82 141.40 139.23 137.03 134.80 132.55 130.29 128.00 125.71 123.42 121.13 118.84 116.57 114.32 112.09 109.89 107.73 105.60 103.52 101.49 99.51 97.59 95.74 93.96 92.16 90.15 88.03 86.04 84.27 82.74 81.43 80.33 79.44 78.74 78.22 77.87 77.68 77.64 77.74 77.97 78.32 78.78 79.33 79.97 80.68 81.47 82.30 83.18 84.10 85.03 85.98 86.85
129.81 137.03 143.38 148.90 153.64 157.63 160.91 163.51 165.49 166.88 167.71 168.03 167.87 167.28 166.29 164.95 163.29 161.35 159.18 156.80 154.19 150.89 146.42 141.57 137.78 134.96 132.42 129.91 127.42 124.94 122.50 120.09 117.72 115.40 113.12 110.90 108.74 106.64 104.62 102.67 100.80 99.02 97.33 95.74 94.25 92.86 91.49 89.87 87.96 85.94 83.93 82.05 80.42 79.03 77.87 76.94 76.23 75.72 75.40 75.27 75.31 75.51 75.86 76.35 76.98 77.72 78.57 79.52 80.56 81.68 82.86 84.10 85.40 86.70 87.94
126.09 134.29 141.61 148.02 153.58 158.31 162.26 165.47 167.98 169.82 171.04 171.67 171.76 171.34 170.45 169.14 167.43 165.38 163.01 160.31 156.80 152.02 146.03 139.66 134.34 130.29 127.22 124.48 121.81 119.20 116.67 114.21 111.83 109.53 107.33 105.22 103.22 101.33 99.54 97.88 96.34 94.92 93.64 92.50 91.50 90.54 89.34 87.80 85.97 84.05 82.13 80.24 78.50 77.00 75.77 74.78 74.03 73.50 73.19 73.09 73.18 73.46 73.91 74.53 75.30 76.21 77.25 78.41 79.68 81.06 82.52 84.08 85.71 87.35 88.90
122.73 131.57 139.85 147.21 153.64 159.17 163.85 167.71 170.80 173.16 174.81 175.81 176.20 176.00 175.26 174.03 172.33 170.21 167.64 164.16 159.33 153.17 145.80 138.07 131.38 125.96 121.80 118.65 115.86 113.18 110.62 108.17 105.85 103.65 101.59 99.67 97.89 96.26 94.79 93.47 92.32 91.34 90.54 89.91 89.35 88.55 87.41 85.93 84.18 82.34 80.52 78.73 76.97 75.36 74.02 72.95 72.14 71.58 71.25 71.16 71.28 71.61 72.14 72.85 73.74 74.79 76.00 77.35 78.84 80.45 82.20 84.07 86.00 87.92 89.77
120.04 129.12 138.03 146.34 153.69 160.07 165.53 170.10 173.83 176.75 178.89 180.32 181.05 181.12 180.59 179.49 177.85 175.66 172.45 167.79 161.71 154.32 145.73 136.78 128.88 122.24 116.86 112.76 109.67 106.99 104.46 102.10 99.90 97.87 96.02 94.34 92.86 91.56 90.46 89.57 88.87 88.40 88.13 87.96 87.55 86.79 85.69 84.27 82.57 80.81 79.08 77.38 75.71 74.10 72.64 71.46 70.57 69.95 69.59 69.48 69.60 69.96 70.54 71.33 72.32 73.49 74.84 76.35 78.03 79.89 81.92 84.06 86.26 88.45 90.54
118.02 127.25 136.40 145.32 153.59 160.88 167.17 172.51 176.92 180.46 183.15 185.04 186.17 186.58 186.31 185.39 183.80 181.10 176.85 171.10 163.93 155.46 145.80 135.79 126.83 119.12 112.68 107.51 103.61 100.75 98.33 96.11 94.10 92.31 90.73 89.37 88.24 87.35 86.69 86.28 86.11 86.20 86.40 86.37 85.98 85.23 84.17 82.79 81.14 79.44 77.78 76.17 74.61 73.08 71.62 70.33 69.32 68.62 68.19 68.04 68.16 68.52 69.13 69.97 71.03 72.30 73.76 75.43 77.31 79.43 81.71 84.09 86.52 88.93 91.23
116.63 125.95 135.24 144.39 153.28 161.47 168.65 174.80 179.95 184.16 187.45 189.87 191.45 192.24 192.28 191.53 189.57 185.97 180.77 174.06 165.96 156.57 146.00 135.08 125.21 116.60 109.24 103.15 98.34 94.81 92.33 90.32 88.57 87.08 85.84 84.87 84.16 83.73 83.59 83.72 84.15 84.72 85.05 85.01 84.62 83.89 82.84 81.49 79.88 78.23 76.63 75.10 73.62 72.19 70.82 69.52 68.41 67.59 67.08 66.87 66.94 67.29 67.90 68.77 69.88 71.22 72.79 74.63 76.74 79.08 81.57 84.16 86.79 89.38 91.86
115.82 125.19 134.56 143.85 152.96 161.76 169.83 176.84 182.79 187.71 191.66 194.65 196.74 197.97 198.31 197.32 194.61 190.19 184.18 176.69 167.80 157.64 146.31 134.64 124.02 114.65 106.53 99.68 94.11 89.82 86.80 84.86 83.43 82.30 81.47 80.94 80.73 80.84 81.27 82.02 82.94 83.63 83.93 83.88 83.47 82.74 81.70 80.36 78.78 77.16 75.62 74.15 72.74 71.41 70.14 68.93 67.80 66.87 66.26 65.96 65.97 66.27 66.87 67.74 68.87 70.27 71.98 74.02 76.33 78.86 81.53 84.29 87.07 89.81 92.44
115.54 124.91 134.32 143.70 152.94 161.96 170.61 178.50 185.29 191.00 195.64 199.27 201.92 203.57 203.80 202.21 198.82 193.74 187.08 178.95 169.44 158.66 146.73 134.46 123.24 113.26 104.54 97.09 90.90 85.99 82.37 80.04 78.78 78.08 77.73 77.72 78.07 78.77 79.84 81.10 82.13 82.78 83.04 82.95 82.52 81.78 80.73 79.40 77.83 76.24 74.74 73.31 71.97 70.71 69.53 68.43 67.40 66.45 65.72 65.31 65.23 65.48 66.03 66.88 68.03 69.53 71.41 73.62 76.10 78.78 81.59 84.49 87.39 90.24 92.98
115.76 125.07 134.47 143.89 153.22 162.36 171.23 179.69 187.34 193.87 199.27 203.58 206.78 208.46 208.22 206.10 202.19 196.61 189.45 180.83 170.85 159.61 147.23 134.52 122.85 112.43 103.26 95.35 88.71 83.34 79.26 76.46 74.96 74.56 74.74 75.31 76.29 77.66 79.25 80.61 81.58 82.16 82.37 82.23 81.77 81.00 79.93 78.59 77.03 75.45 73.97 72.59 71.30 70.11 69.00 67.98 67.05 66.21 65.46 64.94 64.75 64.90 65.39 66.21 67.42 69.07 71.10 73.45 76.05 78.85 81.77 84.76 87.75 90.68 93.49
116.43 125.62 134.97 144.37 153.73 162.96 171.95 180.62 188.83 196.20 202.41 207.40 210.76 212.11 211.48 208.98 204.71 198.77 191.28 182.33 172.03 160.48 147.81 134.81 122.85 112.13 102.67 94.46 87.51 81.84 77.45 74.34 72.53 72.02 72.62 73.84 75.50 77.41 79.10 80.37 81.25 81.75 81.90 81.71 81.20 80.39 79.29 77.94 76.37 74.79 73.32 71.97 70.72 69.57 68.53 67.59 66.75 66.01 65.36 64.83 64.52 64.56 64.97 65.82 67.15 68.92 71.06 73.51 76.21 79.08 82.08 85.13 88.17 91.14 93.99
117.49 126.53 135.77 145.11 154.45 163.70 172.77 181.56 189.98 197.90 204.87 210.15 213.33 214.43 213.57 210.85 206.37 200.23 192.55 183.43 172.96 161.26 148.44 135.31 123.22 112.36 102.75 94.40 87.31 81.48 76.94 73.67 71.70 71.03 71.67 73.42 75.63 77.62 79.19 80.36 81.14 81.56 81.63 81.37 80.80 79.94 78.81 77.42 75.83 74.24 72.78 71.44 70.21 69.11 68.12 67.25 66.49 65.83 65.29 64.85 64.53 64.47 64.87 65.81 67.24 69.10 71.31 73.83 76.58 79.50 82.53 85.60 88.66 91.64 94.48
118.92 127.75 136.83 146.05 155.32 164.55 173.65 182.51 191.05 199.11 206.13 211.33 214.40 215.42 214.48 211.68 207.15 200.97 193.25 184.11 173.63 161.93 149.13 136.02 123.94 113.10 103.51 95.16 88.07 82.25 77.71 74.44 72.47 71.79 72.41 74.12 76.23 78.08 79.53 80.58 81.26 81.57 81.55 81.21 80.57 79.65 78.46 77.03 75.41 73.80 72.33 70.99 69.78 68.71 67.76 66.94 66.24 65.67 65.22 64.88 64.67 64.72 65.20 66.21 67.70 69.60 71.86 74.40 77.17 80.10 83.13 86.20 89.23 92.18 94.99
120.66 129.23 138.09 147.15 156.30 165.46 174.53 183.42 191.97 199.67 206.01 210.88 213.97 215.05 214.18 211.48 207.04 200.97 193.38 184.36 174.03 162.49 149.85 136.91 125.01 114.34 104.91 96.73 89.80 84.14 79.74 76.63 74.80 74.26 74.81 75.87 77.25 78.79 80.10 81.02 81.57 81.78 81.66 81.23 80.50 79.51 78.26 76.77 75.10 73.46 71.96 70.62 69.42 68.36 67.44 66.66 66.02 65.51 65.13 64.91 64.93 65.29 65.96 67.03 68.54 70.46 72.72 75.25 78.01 80.91 83.91 86.92 89.90 92.78 95.52
122.66 130.93 139.53 148.37 157.35 166.39 175.38 184.18 192.28 199.19 204.81 209.12 212.05 213.31 212.67 210.21 206.02 200.22 192.90 184.17 174.14 162.91 150.60 137.99 126.41 116.06 106.95 99.09 92.47 87.12 83.04 80.23 78.70 78.23 78.24 78.51 79.05 79.89 80.89 81.67 82.09 82.17 81.94 81.40 80.58 79.50 78.18 76.62 74.90 73.21 71.68 70.31 69.10 68.05 67.15 66.40 65.80 65.35 65.05 65.04 65.40 66.08 67.05 68.26 69.77 71.67 73.90 76.39 79.09 81.94 84.86 87.79 90.68 93.45 96.09
124.89 132.79 141.08 149.66 158.42 167.29 176.10 184.36 191.59 197.69 202.64 206.40 208.96 210.23 209.94 207.87 204.09 198.71 191.82 183.53 173.95 163.19 151.35 139.22 128.12 118.25 109.62 102.23 96.08 91.20 87.58 85.22 83.90 83.02 82.34 81.89 81.67 81.72 82.04 82.52 82.79 82.74 82.38 81.73 80.81 79.63 78.21 76.58 74.79 73.04 71.47 70.07 68.84 67.78 66.88 66.15 65.58 65.19 65.10 65.41 66.09 67.08 68.33 69.78 71.40 73.25 75.41 77.83 80.44 83.19 86.00 88.82 91.58 94.21 96.70
127.29 134.79 142.71 150.97 159.47 168.06 176.24 183.55 189.90 195.25 199.57 202.84 205.03 206.11 206.01 204.45 201.23 196.42 190.12 182.43 173.45 163.30 152.09 140.60 130.14 120.91 112.90 106.13 100.61 96.35 93.33 91.34 89.74 88.28 86.99 85.88 84.97 84.30 83.87 83.70 83.69 83.49 82.99 82.21 81.16 79.88 78.36 76.64 74.76 72.95 71.32 69.88 68.61 67.53 66.63 65.90 65.37 65.16 65.39 66.03 67.01 68.28 69.79 71.48 73.30 75.21 77.28 79.58 82.07 84.68 87.35 90.02 92.61 95.07 97.38
129.83 136.86 144.38 152.27 160.39 168.27 175.42 181.77 187.28 191.93 195.68 198.51 200.38 201.28 201.16 199.97 197.43 193.34 187.78 180.84 172.63 163.25 152.82 142.12 132.45 124.00 116.78 110.79 106.05 102.55 100.05 97.89 95.82 93.86 92.02 90.34 88.82 87.50 86.38 85.51 84.88 84.39 83.74 82.82 81.65 80.24 78.61 76.79 74.82 72.92 71.23 69.72 68.42 67.31 66.39 65.67 65.31 65.42 65.97 66.89 68.15 69.67 71.42 73.33 75.34 77.41 79.49 81.66 83.99 86.43 88.92 91.39 93.79 96.04 98.14
132.45 138.98 146.03 153.45 160.77 167.54 173.65 179.09 183.82 187.81 191.04 193.48 195.09 195.85 195.74 194.71 192.70 189.46 184.79 178.75 171.46 163.01 153.52 143.77 135.04 127.53 121.24 116.19 112.37 109.53 106.98 104.47 102.01 99.61 97.31 95.13 93.08 91.18 89.46 87.94 86.64 85.57 84.64 83.57 82.25 80.71 78.96 77.02 74.95 72.96 71.18 69.61 68.25 67.09 66.16 65.61 65.55 65.97 66.81 68.01 69.52 71.27 73.23 75.33 77.51 79.73 81.93 84.06 86.21 88.45 90.72 92.97 95.13 97.13 98.98
135.12 141.08 147.57 154.10 160.24 165.88 171.00 175.58 179.58 182.97 185.73 187.83 189.23 189.91 189.84 188.99 187.33 184.80 181.14 176.16 169.94 162.57 154.17 145.52 137.89 131.47 126.28 122.31 119.29 116.52 113.74 110.94 108.16 105.42 102.73 100.11 97.60 95.21 92.96 90.87 88.96 87.26 85.78 84.44 82.96 81.28 79.39 77.33 75.13 73.04 71.17 69.52 68.09 66.90 66.11 65.86 66.12 66.82 67.93 69.37 71.11 73.07 75.21 77.48 79.81 82.16 84.46 86.66 88.73 90.74 92.76 94.75 96.63 98.36 99.92
137.78 143.09 148.60 153.86 158.79 163.36 167.55 171.32 174.64 177.48 179.82 181.63 182.87 183.53 183.56 182.94 181.64 179.63 176.85 173.05 168.05 161.92 154.77 147.37 140.99 135.82 131.87 128.85 126.03 123.13 120.17 117.17 114.15 111.12 108.12 105.16 102.26 99.44 96.73 94.15 91.72 89.45 87.38 85.52 83.78 81.93 79.90 77.70 75.38 73.16 71.19 69.45 67.96 66.90 66.41 66.46 67.00 67.97 69.32 70.99 72.92 75.07 77.37 79.78 82.24 84.68 87.07 89.33 91.43 93.31 95.06 96.75 98.33 99.74 100.97
140.35 144.59 148.75 152.73 156.52 160.07 163.37 166.38 169.07 171.42 173.39 174.96 176.10 176.77 176.95 176.61 175.73 174.26 172.18 169.44 165.78 161.04 155.29 149.30 144.33 140.56 137.70 135.00 132.16 129.21 126.15 123.02 119.82 116.60 113.35 110.12 106.91 103.75 100.66 97.66 94.77 92.02 89.42 87.00 84.78 82.67 80.48 78.13 75.66 73.32 71.23 69.41 68.04 67.27 67.08 67.41 68.21 69.42 70.98 72.85 74.96 77.27 79.71 82.24 84.79 87.31 89.75 92.06 94.17 96.03 97.61 98.99 100.22 101.27 102.15
142.43 145.24 148.04 150.80 153.49 156.08 158.54 160.84 162.96 164.86 166.51 167.89 168.97 169.72 170.10 170.10 169.67 168.80 167.44 165.58 163.16 159.93 155.73 151.30 147.88 145.36 142.94 140.33 137.55 134.61 131.53 128.34 125.06 121.70 118.29 114.86 111.41 107.98 104.59 101.25 97.99 94.82 91.77 88.87 86.13 83.56 81.12 78.60 75.99 73.51 71.31 69.59 68.51 68.03 68.12 68.70 69.73 71.16 72.92 74.96 77.22 79.66 82.22 84.84 87.47 90.04 92.52 94.84 96.94 98.78 100.29 101.45 102.32 102.99 103.47
143.68 145.06 146.55 148.14 149.78 151.45 153.13 154.77 156.36 157.87 159.26 160.50 161.58 162.45 163.08 163.46 163.55 163.32 162.74 161.78 160.42 158.59 156.08 153.35 151.33 149.36 147.15 144.71 142.05 139.20 136.17 133.00 129.70 126.29 122.80 119.24 115.64 112.01 108.39 104.78 101.22 97.71 94.30 90.98 87.80 84.76 81.88 79.12 76.34 73.73 71.62 70.18 69.39 69.19 69.52 70.34 71.58 73.19 75.12 77.31 79.71 82.26 84.91 87.59 90.27 92.88 95.36 97.67 99.74 101.53 102.97 104.02 104.63 104.89 104.94
144.17 144.16 144.40 144.85 145.50 146.31 147.25 148.29 149.40 150.56 151.73 152.89 154.00 155.05 155.99 156.80 157.45 157.91 158.15 158.15 157.87 157.28 156.34 155.12 153.78 152.13 150.19 147.98 145.52 142.84 139.95 136.87 133.63 130.24 126.74 123.13 119.44 115.70 111.92 108.12 104.33 100.57 96.85 93.21 89.65 86.21 82.90 79.74 76.74 74.20 72.36 71.21 70.68 70.73 71.29 72.31 73.74 75.52 77.59 79.91 82.41 85.05 87.76 90.49 93.19 95.81 98.28 100.55 102.57 104.28 105.63 106.56 107.02 106.97 106.60
146.84 145.38 144.29 143.55 143.13 143.00 143.13 143.50 144.07 144.81 145.69 146.69 147.78 148.93 150.10 151.28 152.42 153.50 154.50 155.38 156.11 156.66 156.74 156.07 155.12 153.84 152.24 150.33 148.13 145.68 142.98 140.06 136.94 133.64 130.18 126.59 122.89 119.08 115.21 111.29 107.33 103.37 99.42 95.51 91.65 87.86 84.17 80.58 77.06 74.53 72.99 72.13 71.86 72.15 72.94 74.17 75.78 77.72 79.94 82.38 84.99 87.71 90.49 93.27 95.99 98.61 101.06 103.30 105.26 106.90 108.15 108.96 109.28 109.08 108.47
156.87 153.65 150.95 148.72 146.95 145.59 144.62 144.02 143.75 143.79 144.09 144.65 145.42 146.38 147.49 148.74 150.08 151.50 152.96 154.43 155.87 157.04 157.24 156.61 155.88 155.00 153.77 152.20 150.31 148.12 145.66 142.94 139.98 136.81 133.44 129.91 126.22 122.40 118.48 114.47 110.39 106.27 102.13 97.98 93.86 89.77 85.72 81.51 77.12 73.97 72.49 71.95 71.99 72.57 73.62 75.09 76.93 79.08 81.49 84.10 86.85 89.70 92.58 95.44 98.23 100.90 103.38 105.62 107.57 109.17 110.36 111.10 111.34 111.07 110.38
