data_processed/recharge/precip/Precip_2006_04.asc
ncols        168
nrows        136
xllcorner    455000
yllcorner    2107000
cellsize     500
NODATA_value     -99999
[rows 68 to 101 of 136, columns 0 to 76 of 168]
56.08 56.03 55.92 55.75 55.54 55.29 55.01 54.70 54.36 53.97 53.52 53.03 52.56 52.12 51.72 51.34 50.98 50.63 50.27 49.90 49.50 49.08 48.63 48.35 48.41 48.77 49.39 50.23 51.24 52.37 53.60 54.87 56.15 57.38 58.50 59.43 60.14 60.66 61.04 61.27 61.38 61.37 61.26 61.05 60.75 60.38 59.94 59.45 58.90 58.26 57.53 56.71 55.82 54.86 53.82 52.72 51.56 50.35 49.08 47.76 46.33 44.81 43.20 41.50 39.72 37.89 36.02 34.13 32.25 30.39 28.58 26.82 25.16 23.61 22.30 21.26 20.46
55.35 55.27 55.13 54.93 54.69 54.41 54.10 53.75 53.38 52.98 52.55 52.14 51.77 51.44 51.13 50.84 50.56 50.27 49.97 49.65 49.30 48.91 48.49 48.23 48.30 48.66 49.27 50.09 51.07 52.17 53.36 54.57 55.79 56.95 58.03 58.94 59.66 60.21 60.62 60.88 61.01 61.03 60.93 60.74 60.46 60.10 59.67 59.18 58.62 57.98 57.26 56.45 55.56 54.60 53.57 52.47 51.32 50.12 48.86 47.56 46.21 44.75 43.19 41.52 39.78 37.97 36.12 34.26 32.39 30.55 28.74 27.00 25.33 23.79 22.48 21.43 20.63
54.60 54.49 54.32 54.10 53.83 53.52 53.17 52.79 52.38 51.97 51.60 51.30 51.04 50.80 50.58 50.36 50.15 49.93 49.68 49.41 49.09 48.73 48.33 48.08 48.15 48.51 49.10 49.90 50.85 51.91 53.04 54.20 55.34 56.43 57.42 58.30 59.05 59.65 60.09 60.38 60.55 60.59 60.52 60.34 60.07 59.73 59.30 58.82 58.27 57.64 56.92 56.11 55.23 54.28 53.26 52.17 51.03 49.84 48.60 47.31 45.98 44.57 43.06 41.44 39.74 37.98 36.17 34.34 32.50 30.69 28.91 27.18 25.54 24.01 22.71 21.67 20.89
53.84 53.70 53.51 53.26 52.96 52.62 52.24 51.82 51.39 51.02 50.72 50.51 50.34 50.19 50.05 49.91 49.76 49.59 49.39 49.15 48.87 48.53 48.14 47.90 47.97 48.31 48.88 49.65 50.55 51.57 52.64 53.73 54.81 55.81 56.74 57.58 58.34 58.97 59.45 59.78 59.98 60.05 60.00 59.85 59.60 59.27 58.86 58.39 57.85 57.22 56.51 55.71 54.84 53.90 52.89 51.82 50.70 49.52 48.29 47.02 45.68 44.28 42.81 41.26 39.61 37.91 36.15 34.37 32.58 30.81 29.06 27.38 25.76 24.26 22.99 21.98 21.22
53.06 52.90 52.68 52.41 52.08 51.71 51.29 50.86 50.47 50.16 49.93 49.77 49.68 49.61 49.54 49.47 49.37 49.25 49.09 48.89 48.63 48.30 47.92 47.68 47.74 48.06 48.60 49.33 50.19 51.15 52.16 53.18 54.17 55.11 55.99 56.81 57.55 58.19 58.71 59.08 59.31 59.41 59.40 59.27 59.05 58.73 58.34 57.88 57.35 56.73 56.03 55.25 54.40 53.47 52.48 51.42 50.31 49.15 47.94 46.66 45.31 43.91 42.46 40.96 39.40 37.76 36.07 34.35 32.62 30.90 29.21 27.57 26.00 24.55 23.32 22.34 21.62
52.28 52.09 51.85 51.55 51.19 50.79 50.36 49.97 49.65 49.41 49.23 49.12 49.06 49.05 49.05 49.03 48.99 48.91 48.79 48.61 48.36 48.05 47.66 47.41 47.45 47.75 48.26 48.94 49.75 50.64 51.58 52.53 53.45 54.34 55.18 55.97 56.69 57.33 57.86 58.27 58.55 58.68 58.70 58.60 58.41 58.12 57.74 57.30 56.78 56.18 55.49 54.73 53.89 52.98 52.01 50.98 49.89 48.74 47.52 46.23 44.88 43.48 42.05 40.58 39.08 37.53 35.92 34.27 32.62 30.97 29.35 27.77 26.26 24.86 23.68 22.77 22.09
51.48 51.28 51.01 50.68 50.30 49.88 49.50 49.19 48.94 48.75 48.62 48.55 48.51 48.52 48.56 48.60 48.60 48.56 48.46 48.30 48.06 47.75 47.36 47.09 47.11 47.37 47.84 48.47 49.22 50.05 50.91 51.78 52.64 53.49 54.30 55.06 55.77 56.40 56.94 57.37 57.68 57.86 57.91 57.85 57.68 57.42 57.07 56.64 56.14 55.56 54.89 54.15 53.33 52.44 51.49 50.48 49.41 48.25 47.03 45.74 44.40 43.01 41.59 40.14 38.69 37.21 35.70 34.14 32.57 31.01 29.47 27.97 26.53 25.20 24.09 23.24 22.63
50.68 50.46 50.16 49.81 49.42 49.05 48.75 48.51 48.32 48.19 48.10 48.05 48.04 48.06 48.10 48.16 48.20 48.18 48.10 47.96 47.73 47.41 47.00 46.72 46.70 46.92 47.34 47.92 48.60 49.35 50.14 50.95 51.76 52.56 53.34 54.08 54.77 55.39 55.94 56.39 56.73 56.95 57.04 57.01 56.88 56.64 56.32 55.91 55.43 54.87 54.23 53.50 52.71 51.85 50.92 49.93 48.85 47.70 46.47 45.19 43.86 42.49 41.09 39.67 38.25 36.82 35.40 33.95 32.48 31.01 29.56 28.16 26.81 25.56 24.53 23.76 23.24
49.88 49.63 49.32 48.95 48.61 48.33 48.10 47.93 47.79 47.70 47.65 47.63 47.63 47.65 47.68 47.73 47.78 47.78 47.72 47.58 47.34 47.01 46.59 46.27 46.22 46.40 46.76 47.27 47.88 48.56 49.27 50.02 50.78 51.54 52.29 53.01 53.68 54.30 54.85 55.32 55.69 55.95 56.08 56.09 55.99 55.79 55.49 55.12 54.66 54.12 53.50 52.81 52.04 51.20 50.30 49.30 48.22 47.07 45.85 44.58 43.27 41.92 40.55 39.16 37.78 36.40 35.04 33.69 32.34 30.98 29.64 28.34 27.09 25.94 25.01 24.34 23.90
49.08 48.81 48.49 48.18 47.92 47.72 47.56 47.44 47.36 47.31 47.28 47.27 47.28 47.30 47.32 47.34 47.35 47.35 47.29 47.15 46.91 46.56 46.11 45.76 45.66 45.78 46.09 46.52 47.06 47.65 48.30 48.99 49.70 50.42 51.14 51.84 52.50 53.12 53.68 54.16 54.56 54.85 55.03 55.09 55.03 54.86 54.60 54.25 53.82 53.31 52.72 52.05 51.31 50.50 49.59 48.60 47.52 46.38 45.17 43.92 42.63 41.31 39.97 38.63 37.29 35.96 34.66 33.39 32.15 30.91 29.69 28.51 27.37 26.34 25.52 24.95 24.62
48.28 48.00 47.74 47.52 47.35 47.22 47.12 47.05 47.01 46.99 46.98 46.98 46.99 46.99 46.99 46.98 46.95 46.91 46.82 46.67 46.41 46.04 45.55 45.16 45.01 45.08 45.31 45.67 46.12 46.64 47.22 47.85 48.51 49.20 49.89 50.56 51.22 51.84 52.41 52.91 53.34 53.67 53.90 54.00 53.98 53.86 53.63 53.31 52.92 52.44 51.88 51.24 50.53 49.72 48.81 47.82 46.75 45.62 44.44 43.21 41.95 40.67 39.37 38.07 36.78 35.51 34.27 33.06 31.91 30.80 29.72 28.66 27.66 26.75 26.05 25.61 25.40
47.50 47.28 47.11 46.98 46.88 46.81 46.77 46.75 46.74 46.74 46.75 46.75 46.75 46.74 46.71 46.66 46.58 46.47 46.33 46.14 45.85 45.45 44.92 44.48 44.28 44.27 44.42 44.69 45.05 45.50 46.02 46.59 47.21 47.86 48.52 49.18 49.83 50.45 51.03 51.56 52.01 52.38 52.66 52.82 52.86 52.78 52.59 52.31 51.95 51.50 50.98 50.37 49.66 48.85 47.95 46.96 45.91 44.81 43.65 42.45 41.23 39.99 38.74 37.49 36.26 35.05 33.87 32.74 31.67 30.66 29.71 28.80 27.94 27.16 26.60 26.30 26.21
46.80 46.68 46.60 46.55 46.52 46.51 46.52 46.53 46.55 46.57 46.58 46.58 46.56 46.52 46.46 46.36 46.23 46.06 45.83 45.56 45.22 44.78 44.21 43.71 43.44 43.35 43.40 43.57 43.86 44.23 44.69 45.21 45.78 46.39 47.03 47.68 48.32 48.94 49.54 50.09 50.57 50.99 51.32 51.54 51.65 51.63 51.49 51.25 50.92 50.51 50.02 49.41 48.70 47.90 47.01 46.04 45.01 43.93 42.81 41.65 40.47 39.27 38.08 36.89 35.72 34.58 33.48 32.43 31.44 30.52 29.68 28.91 28.21 27.59 27.18 27.00 26.94
46.23 46.20 46.20 46.22 46.26 46.30 46.35 46.39 46.43 46.46 46.47 46.46 46.42 46.35 46.24 46.10 45.90 45.65 45.34 44.98 44.54 44.02 43.40 42.84 42.48 42.28 42.24 42.32 42.52 42.82 43.22 43.69 44.22 44.80 45.41 46.04 46.68 47.31 47.92 48.49 49.02 49.48 49.85 50.14 50.32 50.39 50.31 50.12 49.83 49.45 48.96 48.36 47.66 46.87 45.99 45.05 44.05 43.01 41.92 40.80 39.67 38.53 37.40 36.28 35.18 34.11 33.09 32.13 31.23 30.40 29.66 29.02 28.47 28.01 27.75 27.61 27.52
45.78 45.84 45.92 46.00 46.09 46.18 46.26 46.33 46.38 46.41 46.41 46.38 46.32 46.21 46.05 45.85 45.58 45.25 44.85 44.38 43.83 43.20 42.49 41.84 41.37 41.07 40.92 40.92 41.04 41.27 41.61 42.03 42.52 43.07 43.66 44.28 44.91 45.55 46.18 46.78 47.33 47.84 48.27 48.62 48.88 49.02 49.04 48.93 48.68 48.31 47.82 47.23 46.54 45.76 44.92 44.00 43.04 42.03 40.99 39.93 38.85 37.77 36.70 35.65 34.63 33.64 32.71 31.84 31.03 30.31 29.68 29.15 28.73 28.42 28.21 28.05 27.93
45.39 45.54 45.68 45.82 45.96 46.08 46.19 46.28 46.33 46.36 46.35 46.29 46.19 46.04 45.82 45.55 45.20 44.79 44.29 43.71 43.04 42.29 41.51 40.79 40.20 39.79 39.54 39.45 39.49 39.65 39.92 40.29 40.73 41.25 41.82 42.42 43.05 43.69 44.33 44.96 45.55 46.09 46.58 46.99 47.32 47.54 47.65 47.65 47.50 47.14 46.66 46.08 45.41 44.66 43.84 42.97 42.04 41.07 40.08 39.07 38.06 37.04 36.04 35.07 34.12 33.23 32.38 31.61 30.91 30.29 29.77 29.36 29.05 28.79 28.56 28.39 28.26
44.99 45.21 45.41 45.60 45.78 45.93 46.06 46.15 46.21 46.22 46.18 46.10 45.95 45.74 45.46 45.11 44.68 44.17 43.57 42.87 42.08 41.27 40.50 39.78 39.12 38.59 38.23 38.04 37.99 38.07 38.27 38.57 38.97 39.44 39.97 40.56 41.17 41.81 42.45 43.09 43.70 44.28 44.81 45.28 45.67 45.96 46.17 46.31 46.31 46.05 45.60 45.03 44.38 43.66 42.87 42.02 41.14 40.22 39.28 38.32 37.37 36.42 35.49 34.59 33.73 32.92 32.17 31.49 30.90 30.39 29.98 29.67 29.41 29.17 28.94 28.75 28.61
44.57 44.85 45.10 45.34 45.54 45.72 45.85 45.95 45.99 45.99 45.92 45.79 45.59 45.32 44.97 44.54 44.01 43.39 42.68 41.86 41.01 40.20 39.46 38.76 38.10 37.50 37.03 36.72 36.57 36.56 36.68 36.91 37.24 37.66 38.15 38.70 39.30 39.92 40.56 41.20 41.83 42.43 42.99 43.50 43.94 44.32 44.64 44.92 45.07 44.96 44.61 44.07 43.44 42.74 41.98 41.18 40.33 39.46 38.57 37.67 36.78 35.90 35.05 34.23 33.45 32.73 32.07 31.49 31.00 30.60 30.29 30.04 29.79 29.55 29.33 29.14 28.98
44.13 44.46 44.76 45.03 45.26 45.45 45.58 45.67 45.70 45.66 45.55 45.38 45.12 44.77 44.34 43.82 43.19 42.46 41.63 40.75 39.91 39.13 38.40 37.72 37.08 36.47 35.93 35.50 35.24 35.13 35.16 35.32 35.58 35.93 36.37 36.88 37.44 38.04 38.66 39.30 39.93 40.55 41.14 41.68 42.18 42.65 43.09 43.49 43.77 43.81 43.60 43.17 42.57 41.90 41.17 40.41 39.60 38.78 37.94 37.11 36.28 35.47 34.69 33.94 33.25 32.62 32.06 31.58 31.19 30.89 30.64 30.41 30.17 29.94 29.73 29.54 29.39
43.66 44.05 44.39 44.68 44.93 45.12 45.25 45.32 45.32 45.25 45.09 44.85 44.53 44.11 43.59 42.96 42.22 41.38 40.49 39.62 38.81 38.04 37.34 36.68 36.05 35.46 34.90 34.40 34.03 33.81 33.74 33.80 33.98 34.27 34.64 35.10 35.61 36.18 36.78 37.40 38.03 38.65 39.25 39.83 40.41 40.97 41.52 42.04 42.44 42.61 42.54 42.24 41.75 41.12 40.43 39.70 38.94 38.17 37.38 36.61 35.84 35.10 34.40 33.74 33.13 32.59 32.12 31.74 31.45 31.21 30.99 30.77 30.54 30.32 30.12 29.94 29.79
43.17 43.60 43.98 44.29 44.55 44.73 44.85 44.90 44.86 44.74 44.53 44.23 43.83 43.32 42.70 41.97 41.12 40.22 39.34 38.50 37.70 36.96 36.28 35.63 35.02 34.44 33.90 33.39 32.93 32.60 32.42 32.38 32.47 32.67 32.98 33.37 33.83 34.36 34.92 35.52 36.14 36.75 37.37 38.01 38.66 39.31 39.95 40.56 41.07 41.36 41.41 41.26 40.90 40.37 39.72 39.04 38.32 37.60 36.87 36.16 35.46 34.79 34.16 33.58 33.06 32.62 32.25 31.96 31.73 31.52 31.31 31.11 30.91 30.69 30.50 30.33 30.19
42.66 43.13 43.54 43.87 44.12 44.30 44.40 44.41 44.33 44.16 43.88 43.51 43.02 42.42 41.69 40.85 39.94 39.06 38.20 37.38 36.61 35.89 35.23 34.60 34.01 33.44 32.90 32.40 31.93 31.52 31.22 31.07 31.06 31.17 31.40 31.72 32.12 32.59 33.11 33.68 34.27 34.88 35.54 36.23 36.94 37.66 38.37 39.07 39.68 40.07 40.24 40.20 39.98 39.59 39.04 38.40 37.74 37.07 36.40 35.75 35.11 34.52 33.97 33.47 33.04 32.69 32.41 32.19 31.99 31.80 31.62 31.44 31.25 31.04 30.86 30.70 30.57
42.13 42.63 43.05 43.40 43.66 43.82 43.88 43.85 43.72 43.49 43.15 42.68 42.10 41.40 40.57 39.67 38.78 37.91 37.08 36.28 35.53 34.84 34.20 33.60 33.01 32.46 31.93 31.43 30.96 30.53 30.15 29.89 29.77 29.78 29.91 30.15 30.48 30.89 31.36 31.88 32.45 33.08 33.77 34.49 35.25 36.03 36.81 37.58 38.27 38.75 39.02 39.10 39.00 38.73 38.32 37.78 37.17 36.55 35.94 35.35 34.79 34.27 33.80 33.39 33.04 32.78 32.56 32.38 32.21 32.06 31.90 31.74 31.57 31.38 31.20 31.06 30.93
41.58 42.10 42.54 42.89 43.14 43.28 43.31 43.24 43.05 42.74 42.32 41.77 41.09 40.27 39.39 38.50 37.64 36.80 35.99 35.22 34.49 33.82 33.20 32.62 32.05 31.51 30.98 30.49 30.02 29.59 29.19 28.84 28.61 28.51 28.54 28.69 28.94 29.27 29.68 30.16 30.73 31.36 32.07 32.82 33.62 34.44 35.27 36.10 36.86 37.42 37.78 37.95 37.95 37.80 37.51 37.11 36.60 36.04 35.49 34.97 34.47 34.03 33.64 33.31 33.05 32.85 32.68 32.54 32.40 32.28 32.15 32.01 31.85 31.68 31.51 31.38 31.27
41.01 41.54 41.98 42.33 42.57 42.69 42.69 42.56 42.30 41.92 41.41 40.76 39.97 39.11 38.24 37.38 36.54 35.72 34.94 34.19 33.48 32.83 32.24 31.67 31.13 30.59 30.08 29.59 29.12 28.68 28.28 27.91 27.59 27.37 27.30 27.34 27.50 27.76 28.11 28.56 29.11 29.74 30.45 31.22 32.03 32.88 33.76 34.64 35.45 36.08 36.51 36.76 36.86 36.81 36.63 36.35 35.97 35.51 35.03 34.57 34.15 33.78 33.47 33.23 33.04 32.88 32.76 32.65 32.55 32.46 32.36 32.24 32.10 31.94 31.79 31.67 31.57
40.44 40.97 41.40 41.73 41.95 42.04 42.00 41.82 41.49 41.03 40.42 39.67 38.83 37.98 37.14 36.30 35.48 34.69 33.93 33.21 32.53 31.90 31.32 30.78 30.25 29.73 29.22 28.73 28.27 27.83 27.41 27.03 26.68 26.39 26.19 26.13 26.19 26.36 26.66 27.08 27.61 28.22 28.92 29.69 30.52 31.38 32.28 33.20 34.06 34.73 35.23 35.55 35.73 35.77 35.69 35.51 35.24 34.91 34.53 34.15 33.80 33.51 33.28 33.10 32.96 32.86 32.78 32.72 32.66 32.59 32.52 32.43 32.31 32.16 32.03 31.92 31.84
39.86 40.37 40.79 41.09 41.28 41.33 41.25 41.01 40.62 40.06 39.35 38.55 37.73 36.91 36.09 35.28 34.49 33.72 32.98 32.28 31.62 31.02 30.47 29.95 29.43 28.92 28.42 27.94 27.47 27.03 26.61 26.21 25.85 25.52 25.24 25.06 25.02 25.13 25.37 25.74 26.23 26.82 27.50 28.25 29.07 29.95 30.86 31.79 32.68 33.40 33.94 34.32 34.56 34.68 34.68 34.60 34.44 34.22 33.96 33.68 33.41 33.19 33.03 32.92 32.84 32.78 32.75 32.72 32.70 32.67 32.63 32.56 32.46 32.33 32.22 32.13 32.06
39.27 39.76 40.15 40.42 40.56 40.57 40.43 40.13 39.66 39.02 38.27 37.49 36.70 35.90 35.10 34.32 33.55 32.81 32.10 31.42 30.79 30.21 29.68 29.18 28.68 28.18 27.69 27.21 26.75 26.30 25.87 25.46 25.09 24.74 24.42 24.17 24.04 24.06 24.24 24.55 24.99 25.53 26.18 26.91 27.71 28.58 29.49 30.43 31.34 32.08 32.66 33.08 33.38 33.56 33.64 33.63 33.56 33.44 33.29 33.12 32.96 32.82 32.72 32.66 32.64 32.64 32.65 32.67 32.69 32.69 32.68 32.64 32.56 32.45 32.35 32.28 32.22
38.67 39.14 39.49 39.72 39.81 39.75 39.54 39.17 38.63 37.97 37.25 36.50 35.73 34.96 34.20 33.44 32.70 31.98 31.29 30.64 30.03 29.47 28.96 28.48 28.00 27.51 27.03 26.56 26.09 25.64 25.21 24.79 24.40 24.03 23.70 23.43 23.24 23.18 23.28 23.52 23.89 24.38 24.98 25.67 26.45 27.29 28.18 29.12 30.03 30.79 31.39 31.85 32.18 32.41 32.55 32.61 32.62 32.59 32.53 32.47 32.41 32.36 32.34 32.34 32.37 32.43 32.49 32.55 32.61 32.65 32.67 32.65 32.60 32.51 32.43 32.37 32.33
38.08 38.50 38.81 38.98 39.01 38.89 38.60 38.15 37.58 36.96 36.29 35.59 34.86 34.11 33.37 32.64 31.92 31.23 30.56 29.94 29.35 28.81 28.33 27.87 27.40 26.93 26.46 25.99 25.53 25.07 24.63 24.20 23.79 23.42 23.09 22.82 22.62 22.49 22.50 22.65 22.95 23.37 23.91 24.55 25.28 26.09 26.96 27.88 28.78 29.53 30.14 30.62 30.98 31.25 31.43 31.55 31.62 31.66 31.69 31.72 31.76 31.81 31.87 31.94 32.03 32.14 32.25 32.36 32.45 32.53 32.58 32.60 32.57 32.50 32.43 32.40 32.38
37.48 37.86 38.11 38.22 38.18 37.97 37.61 37.13 36.59 36.02 35.40 34.75 34.06 33.35 32.64 31.93 31.24 30.57 29.93 29.33 28.77 28.25 27.79 27.35 26.90 26.45 25.98 25.52 25.05 24.60 24.15 23.71 23.29 22.92 22.59 22.32 22.11 21.97 21.90 21.96 22.17 22.51 22.97 23.55 24.22 24.98 25.81 26.70 27.58 28.32 28.93 29.41 29.79 30.08 30.29 30.45 30.58 30.68 30.79 30.90 31.03 31.17 31.31 31.45 31.60 31.76 31.92 32.08 32.22 32.34 32.42 32.47 32.46 32.41 32.37 32.35 32.35
36.90 37.21 37.40 37.43 37.31 37.02 36.62 36.17 35.68 35.15 34.59 33.98 33.35 32.69 32.01 31.33 30.66 30.02 29.40 28.82 28.28 27.80 27.36 26.94 26.51 26.06 25.61 25.15 24.69 24.22 23.77 23.32 22.91 22.54 22.22 21.94 21.72 21.57 21.47 21.45 21.56 21.80 22.18 22.68 23.28 23.98 24.76 25.61 26.45 27.17 27.75 28.23 28.61 28.91 29.14 29.33 29.50 29.66 29.84 30.03 30.23 30.44 30.65 30.87 31.08 31.30 31.51 31.72 31.90 32.06 32.18 32.25 32.27 32.24 32.22 32.23 32.25
36.31 36.56 36.67 36.62 36.41 36.09 35.72 35.31 34.86 34.37 33.85 33.30 32.72 32.11 31.48 30.83 30.19 29.57 28.98 28.43 27.91 27.45 27.04 26.64 26.22 25.79 25.34 24.89 24.43 23.96 23.51 23.07 22.67 22.30 21.97 21.69 21.45 21.28 21.16 21.10 21.13 21.27 21.55 21.95 22.48 23.10 23.81 24.60 25.40 26.07 26.63 27.09 27.45 27.75 27.99 28.20 28.41 28.64 28.88 29.13 29.39 29.65 29.92 30.20 30.47 30.74 31.01 31.26 31.49 31.69 31.84 31.95 32.00 31.99 31.99 32.02 32.06
35.74 35.91 35.93 35.79 35.55 35.25 34.91 34.54 34.13 33.68 33.21 32.71 32.18 31.62 31.05 30.45 29.84 29.25 28.68 28.15 27.66 27.22 26.83 26.46 26.06 25.64 25.20 24.75 24.29 23.83 23.38 22.95 22.55 22.18 21.85 21.56 21.31 21.11 20.96 20.87 20.85 20.90 21.07 21.38 21.80 22.34 22.98 23.70 24.43 25.05 25.57 25.99 26.33 26.61 26.85 27.10 27.35 27.62 27.91 28.21 28.51 28.82 29.14 29.46 29.78 30.09 30.40 30.70 30.98 31.22 31.41 31.55 31.62 31.65 31.67 31.72 31.78
