data_processed/recharge/precip/Precip_1997_01.asc
ncols        168
nrows        136
xllcorner    455000
yllcorner    2107000
cellsize     500
NODATA_value     -99999
[rows 38 to 75 of 136, columns 84 to 167 of 168]
0.00 0.00 0.00 0.00 0.00 0.00 0.00 0.07 0.24 0.40 0.53 0.65 0.75 0.84 0.92 0.99 1.07 1.14 1.22 1.29 1.36 1.42 1.49 1.56 1.63 1.70 1.77 1.85 1.93 2.01 2.10 2.20 2.30 2.39 2.47 2.50 2.49 2.44 2.34 2.19 2.04 1.89 1.74 1.60 1.46 1.34 1.23 1.13 1.03 0.95 0.87 0.80 0.73 0.67 0.62 0.57 0.53 0.49 0.45 0.43 0.42 0.42 0.43 0.44 0.45 0.48 0.54 0.63 0.75 0.89 1.06 1.24 1.42 1.62 1.81 2.00 2.19 2.37 2.54 2.70 2.85 2.98 3.08 3.17
0.00 0.00 0.00 0.00 0.00 0.00 0.02 0.17 0.30 0.42 0.52 0.61 0.68 0.74 0.80 0.86 0.92 0.99 1.06 1.13 1.20 1.27 1.34 1.41 1.50 1.58 1.67 1.77 1.87 1.98 2.10 2.22 2.35 2.45 2.52 2.54 2.52 2.46 2.36 2.21 2.05 1.89 1.74 1.59 1.45 1.32 1.20 1.09 0.99 0.90 0.82 0.74 0.67 0.60 0.54 0.49 0.44 0.39 0.36 0.34 0.34 0.34 0.35 0.36 0.37 0.39 0.44 0.52 0.62 0.76 0.91 1.09 1.28 1.47 1.67 1.86 2.05 2.24 2.42 2.59 2.74 2.88 2.99 3.08
0.00 0.00 0.00 0.00 0.00 0.01 0.14 0.25 0.35 0.43 0.50 0.56 0.60 0.64 0.68 0.72 0.77 0.83 0.89 0.96 1.04 1.11 1.20 1.28 1.38 1.48 1.59 1.71 1.84 1.97 2.12 2.27 2.40 2.50 2.56 2.57 2.55 2.48 2.37 2.22 2.06 1.90 1.74 1.59 1.44 1.31 1.18 1.07 0.96 0.87 0.78 0.70 0.62 0.55 0.49 0.43 0.38 0.34 0.32 0.31 0.31 0.32 0.32 0.33 0.33 0.34 0.38 0.45 0.55 0.67 0.82 0.98 1.16 1.36 1.55 1.75 1.95 2.14 2.32 2.49 2.65 2.80 2.91 2.98
0.00 0.00 0.00 0.00 0.06 0.16 0.25 0.32 0.38 0.43 0.46 0.49 0.51 0.53 0.55 0.57 0.61 0.66 0.73 0.80 0.88 0.97 1.07 1.17 1.28 1.40 1.53 1.68 1.83 2.00 2.17 2.33 2.45 2.54 2.59 2.60 2.57 2.50 2.39 2.24 2.07 1.91 1.75 1.59 1.44 1.30 1.16 1.04 0.94 0.84 0.75 0.67 0.59 0.52 0.46 0.40 0.35 0.33 0.31 0.31 0.32 0.33 0.34 0.34 0.33 0.34 0.37 0.43 0.52 0.63 0.77 0.92 1.09 1.28 1.48 1.67 1.87 2.06 2.25 2.42 2.59 2.72 2.82 2.88
0.02 0.05 0.10 0.16 0.23 0.29 0.34 0.38 0.40 0.41 0.42 0.42 0.42 0.41 0.41 0.43 0.46 0.50 0.56 0.64 0.73 0.83 0.94 1.06 1.20 1.34 1.50 1.67 1.85 2.05 2.23 2.37 2.49 2.57 2.61 2.62 2.59 2.52 2.40 2.25 2.08 1.91 1.75 1.59 1.44 1.29 1.15 1.03 0.92 0.82 0.73 0.65 0.57 0.50 0.44 0.39 0.36 0.35 0.35 0.36 0.37 0.38 0.39 0.39 0.38 0.37 0.40 0.45 0.53 0.63 0.76 0.90 1.06 1.24 1.43 1.62 1.82 2.01 2.20 2.37 2.53 2.65 2.73 2.77
0.28 0.29 0.33 0.37 0.40 0.42 0.42 0.42 0.41 0.39 0.37 0.34 0.32 0.29 0.28 0.28 0.30 0.35 0.41 0.49 0.59 0.70 0.83 0.97 1.13 1.30 1.49 1.69 1.90 2.10 2.27 2.41 2.52 2.59 2.63 2.63 2.60 2.52 2.41 2.26 2.09 1.92 1.76 1.59 1.44 1.29 1.15 1.02 0.90 0.80 0.71 0.63 0.56 0.49 0.44 0.41 0.40 0.41 0.42 0.44 0.46 0.47 0.48 0.48 0.46 0.44 0.46 0.51 0.58 0.67 0.79 0.92 1.07 1.24 1.41 1.60 1.79 1.98 2.16 2.33 2.46 2.56 2.63 2.65
0.56 0.56 0.57 0.56 0.55 0.52 0.49 0.45 0.41 0.36 0.31 0.26 0.22 0.18 0.14 0.13 0.15 0.19 0.26 0.35 0.45 0.58 0.73 0.90 1.08 1.28 1.50 1.73 1.94 2.13 2.30 2.43 2.53 2.60 2.64 2.64 2.60 2.53 2.41 2.26 2.09 1.93 1.76 1.60 1.44 1.29 1.15 1.01 0.89 0.78 0.69 0.61 0.55 0.50 0.47 0.47 0.47 0.49 0.52 0.55 0.57 0.59 0.60 0.59 0.57 0.55 0.56 0.59 0.66 0.74 0.85 0.97 1.11 1.26 1.43 1.61 1.79 1.97 2.14 2.29 2.40 2.48 2.52 2.53
0.86 0.84 0.80 0.75 0.69 0.62 0.55 0.48 0.40 0.33 0.25 0.18 0.12 0.06 0.01 0.00 0.01 0.05 0.12 0.21 0.33 0.48 0.65 0.84 1.05 1.29 1.53 1.76 1.97 2.16 2.31 2.44 2.54 2.61 2.64 2.64 2.60 2.53 2.41 2.26 2.10 1.93 1.77 1.60 1.45 1.29 1.15 1.01 0.89 0.78 0.68 0.60 0.55 0.53 0.53 0.54 0.57 0.60 0.64 0.68 0.71 0.73 0.74 0.73 0.70 0.68 0.68 0.71 0.76 0.84 0.93 1.05 1.18 1.32 1.48 1.64 1.81 1.97 2.12 2.24 2.32 2.38 2.41 2.41
1.15 1.09 1.02 0.92 0.82 0.72 0.61 0.50 0.39 0.29 0.19 0.10 0.02 0.00 0.00 0.00 0.00 0.00 0.00 0.09 0.23 0.39 0.58 0.80 1.04 1.30 1.56 1.79 1.99 2.17 2.32 2.44 2.53 2.60 2.63 2.63 2.59 2.52 2.41 2.26 2.10 1.94 1.77 1.61 1.45 1.30 1.16 1.02 0.89 0.78 0.68 0.61 0.58 0.58 0.60 0.64 0.68 0.73 0.79 0.83 0.87 0.90 0.91 0.89 0.86 0.83 0.82 0.84 0.89 0.96 1.04 1.15 1.27 1.40 1.54 1.70 1.84 1.98 2.09 2.18 2.25 2.29 2.30 2.28
1.42 1.33 1.22 1.09 0.94 0.80 0.66 0.52 0.38 0.25 0.13 0.02 0.00 0.00 0.00 0.00 0.00 0.00 0.00 0.00 0.13 0.32 0.53 0.78 1.05 1.31 1.56 1.79 1.99 2.16 2.30 2.42 2.52 2.58 2.61 2.61 2.57 2.50 2.40 2.25 2.10 1.94 1.78 1.62 1.46 1.31 1.17 1.03 0.90 0.79 0.70 0.65 0.63 0.65 0.69 0.75 0.81 0.88 0.94 1.00 1.05 1.08 1.09 1.07 1.03 0.99 0.98 1.00 1.03 1.09 1.17 1.27 1.38 1.50 1.63 1.76 1.88 1.98 2.06 2.13 2.17 2.19 2.18 2.15
1.67 1.54 1.40 1.23 1.06 0.88 0.71 0.54 0.37 0.22 0.08 0.00 0.00 0.00 0.00 0.00 0.00 0.00 0.00 0.00 0.06 0.26 0.50 0.77 1.04 1.30 1.54 1.76 1.96 2.13 2.28 2.40 2.49 2.55 2.58 2.58 2.55 2.48 2.38 2.24 2.09 1.94 1.78 1.63 1.47 1.32 1.18 1.04 0.92 0.82 0.75 0.72 0.71 0.74 0.79 0.87 0.95 1.03 1.11 1.18 1.23 1.27 1.28 1.26 1.22 1.17 1.15 1.16 1.19 1.24 1.31 1.40 1.50 1.61 1.72 1.82 1.91 1.98 2.03 2.07 2.09 2.09 2.07 2.02
1.89 1.73 1.56 1.37 1.17 0.96 0.75 0.56 0.37 0.19 0.03 0.00 0.00 0.00 0.00 0.00 0.00 0.00 0.00 0.00 0.01 0.23 0.49 0.76 1.02 1.27 1.50 1.72 1.92 2.09 2.24 2.36 2.45 2.51 2.54 2.55 2.52 2.46 2.36 2.23 2.08 1.93 1.78 1.63 1.48 1.34 1.20 1.06 0.95 0.88 0.83 0.81 0.82 0.86 0.92 1.00 1.09 1.19 1.28 1.36 1.42 1.46 1.48 1.46 1.41 1.36 1.33 1.33 1.36 1.40 1.46 1.54 1.63 1.72 1.80 1.87 1.93 1.98 2.00 2.02 2.01 1.99 1.95 1.89
2.09 1.90 1.70 1.49 1.26 1.03 0.80 0.58 0.36 0.17 0.00 0.00 0.00 0.00 0.00 0.00 0.00 0.00 0.00 0.00 0.00 0.22 0.48 0.73 0.98 1.22 1.45 1.66 1.86 2.03 2.18 2.30 2.39 2.46 2.50 2.50 2.48 2.42 2.33 2.21 2.07 1.93 1.78 1.64 1.49 1.35 1.22 1.10 1.02 0.96 0.94 0.94 0.96 1.00 1.07 1.15 1.25 1.36 1.46 1.55 1.62 1.66 1.68 1.66 1.61 1.55 1.52 1.51 1.53 1.56 1.61 1.68 1.75 1.82 1.87 1.92 1.95 1.96 1.97 1.96 1.94 1.89 1.84 1.76
2.27 2.06 1.83 1.59 1.34 1.10 0.85 0.60 0.37 0.15 0.00 0.00 0.00 0.00 0.00 0.00 0.00 0.00 0.00 0.00 0.00 0.20 0.44 0.68 0.92 1.15 1.37 1.58 1.77 1.95 2.10 2.23 2.33 2.40 2.44 2.45 2.43 2.38 2.30 2.18 2.05 1.92 1.78 1.64 1.51 1.37 1.26 1.17 1.11 1.08 1.07 1.08 1.12 1.17 1.24 1.32 1.42 1.52 1.63 1.73 1.81 1.86 1.87 1.86 1.80 1.74 1.70 1.68 1.69 1.72 1.77 1.82 1.86 1.90 1.93 1.94 1.95 1.95 1.93 1.90 1.86 1.80 1.73 1.64
2.43 2.19 1.94 1.68 1.42 1.15 0.89 0.63 0.38 0.15 0.00 0.00 0.00 0.00 0.00 0.00 0.00 0.00 0.00 0.00 0.00 0.16 0.39 0.62 0.84 1.06 1.28 1.48 1.67 1.85 2.00 2.13 2.24 2.32 2.37 2.38 2.37 2.33 2.26 2.15 2.03 1.91 1.78 1.65 1.52 1.41 1.32 1.26 1.23 1.22 1.23 1.25 1.30 1.36 1.43 1.51 1.60 1.70 1.80 1.91 1.99 2.05 2.06 2.04 1.98 1.92 1.87 1.85 1.86 1.88 1.90 1.93 1.95 1.96 1.96 1.96 1.94 1.92 1.88 1.83 1.77 1.70 1.62 1.52
2.57 2.31 2.04 1.76 1.48 1.20 0.93 0.66 0.40 0.15 0.00 0.00 0.00 0.00 0.00 0.00 0.00 0.00 0.00 0.00 0.00 0.11 0.32 0.53 0.75 0.96 1.17 1.37 1.55 1.73 1.89 2.02 2.14 2.22 2.28 2.31 2.31 2.27 2.21 2.12 2.01 1.89 1.77 1.65 1.55 1.47 1.41 1.38 1.37 1.38 1.41 1.45 1.50 1.57 1.64 1.72 1.81 1.90 1.99 2.08 2.16 2.22 2.24 2.22 2.16 2.09 2.04 2.01 2.01 2.01 2.01 2.01 2.01 1.99 1.98 1.95 1.92 1.87 1.82 1.76 1.69 1.60 1.51 1.40
2.70 2.42 2.13 1.83 1.54 1.25 0.96 0.68 0.42 0.17 0.00 0.00 0.00 0.00 0.00 0.00 0.00 0.00 0.00 0.00 0.00 0.04 0.24 0.43 0.63 0.84 1.04 1.23 1.42 1.59 1.75 1.89 2.02 2.11 2.18 2.22 2.23 2.21 2.16 2.07 1.98 1.87 1.77 1.67 1.60 1.56 1.53 1.53 1.54 1.57 1.61 1.66 1.72 1.79 1.87 1.95 2.03 2.11 2.19 2.26 2.33 2.38 2.41 2.38 2.32 2.24 2.19 2.15 2.13 2.11 2.09 2.07 2.04 2.01 1.97 1.93 1.88 1.82 1.75 1.68 1.59 1.50 1.40 1.28
2.81 2.51 2.20 1.90 1.59 1.29 0.99 0.71 0.44 0.19 0.00 0.00 0.00 0.00 0.00 0.00 0.00 0.00 0.00 0.00 0.00 0.00 0.13 0.32 0.51 0.70 0.89 1.08 1.27 1.44 1.60 1.75 1.88 1.98 2.07 2.12 2.14 2.13 2.09 2.02 1.94 1.85 1.77 1.72 1.68 1.67 1.67 1.69 1.73 1.77 1.83 1.89 1.96 2.03 2.11 2.19 2.26 2.33 2.39 2.45 2.50 2.53 2.55 2.53 2.46 2.37 2.31 2.27 2.23 2.18 2.14 2.09 2.04 1.99 1.94 1.88 1.82 1.74 1.67 1.58 1.49 1.39 1.28 1.16
2.90 2.59 2.27 1.95 1.64 1.33 1.03 0.74 0.47 0.22 0.00 0.00 0.00 0.00 0.00 0.00 0.00 0.00 0.00 0.00 0.00 0.00 0.02 0.19 0.37 0.55 0.73 0.92 1.10 1.27 1.44 1.59 1.72 1.84 1.93 2.00 2.04 2.05 2.02 1.97 1.90 1.84 1.80 1.79 1.79 1.80 1.83 1.88 1.93 2.00 2.07 2.14 2.22 2.29 2.37 2.44 2.50 2.56 2.61 2.65 2.67 2.68 2.67 2.64 2.57 2.48 2.41 2.34 2.28 2.21 2.15 2.08 2.02 1.95 1.88 1.81 1.73 1.65 1.57 1.48 1.38 1.27 1.16 1.03
2.98 2.66 2.33 2.00 1.68 1.37 1.06 0.78 0.50 0.25 0.03 0.00 0.00 0.00 0.00 0.00 0.00 0.00 0.00 0.00 0.00 0.00 0.00 0.04 0.21 0.38 0.56 0.74 0.92 1.09 1.26 1.41 1.55 1.68 1.78 1.87 1.92 1.95 1.94 1.91 1.87 1.86 1.86 1.88 1.91 1.96 2.02 2.08 2.16 2.24 2.32 2.40 2.48 2.56 2.64 2.70 2.76 2.81 2.84 2.86 2.86 2.84 2.80 2.74 2.65 2.55 2.46 2.37 2.28 2.20 2.12 2.04 1.96 1.88 1.80 1.72 1.63 1.54 1.45 1.35 1.25 1.14 1.03 0.90
3.06 2.73 2.39 2.06 1.73 1.42 1.11 0.82 0.55 0.31 0.09 0.00 0.00 0.00 0.00 0.00 0.00 0.00 0.00 0.00 0.00 0.00 0.00 0.00 0.05 0.21 0.38 0.55 0.73 0.90 1.07 1.23 1.37 1.51 1.62 1.72 1.79 1.83 1.85 1.85 1.85 1.88 1.93 1.98 2.05 2.12 2.21 2.30 2.39 2.48 2.58 2.67 2.75 2.83 2.90 2.96 3.01 3.04 3.06 3.06 3.04 2.99 2.92 2.82 2.71 2.60 2.48 2.37 2.27 2.17 2.07 1.98 1.88 1.79 1.70 1.61 1.51 1.42 1.32 1.22 1.12 1.01 0.89 0.77
3.16 2.81 2.47 2.13 1.80 1.48 1.18 0.89 0.63 0.39 0.18 0.00 0.00 0.00 0.00 0.00 0.00 0.00 0.00 0.00 0.00 0.00 0.00 0.00 0.00 0.06 0.21 0.38 0.55 0.72 0.88 1.04 1.19 1.33 1.46 1.56 1.65 1.71 1.75 1.79 1.84 1.90 1.99 2.08 2.18 2.28 2.39 2.50 2.61 2.72 2.82 2.92 3.01 3.09 3.15 3.20 3.24 3.26 3.26 3.23 3.19 3.11 3.01 2.89 2.77 2.65 2.52 2.39 2.26 2.15 2.03 1.92 1.82 1.71 1.61 1.51 1.41 1.31 1.21 1.10 0.99 0.88 0.77 0.65
3.27 2.92 2.57 2.23 1.89 1.57 1.27 0.99 0.73 0.50 0.29 0.12 0.00 0.00 0.00 0.00 0.00 0.00 0.00 0.00 0.00 0.00 0.00 0.00 0.00 0.00 0.06 0.22 0.38 0.54 0.70 0.86 1.02 1.16 1.29 1.41 1.50 1.59 1.66 1.73 1.82 1.92 2.04 2.16 2.29 2.42 2.55 2.68 2.81 2.93 3.04 3.15 3.24 3.31 3.38 3.42 3.45 3.45 3.43 3.38 3.31 3.20 3.08 2.96 2.83 2.70 2.56 2.41 2.27 2.14 2.01 1.88 1.76 1.65 1.53 1.42 1.31 1.21 1.10 0.99 0.88 0.77 0.66 0.54
3.39 3.04 2.68 2.34 2.00 1.69 1.39 1.11 0.85 0.63 0.43 0.26 0.10 0.00 0.00 0.00 0.00 0.00 0.00 0.00 0.00 0.00 0.00 0.00 0.00 0.00 0.00 0.07 0.22 0.38 0.53 0.69 0.84 0.99 1.12 1.25 1.36 1.47 1.58 1.68 1.80 1.93 2.07 2.23 2.39 2.55 2.70 2.85 2.99 3.12 3.24 3.35 3.44 3.52 3.58 3.61 3.62 3.61 3.57 3.50 3.40 3.28 3.15 3.02 2.89 2.75 2.60 2.45 2.29 2.14 1.99 1.86 1.72 1.59 1.47 1.35 1.23 1.12 1.00 0.89 0.78 0.67 0.55 0.44
3.53 3.17 2.81 2.46 2.13 1.81 1.52 1.24 1.00 0.78 0.58 0.40 0.23 0.09 0.00 0.00 0.00 0.00 0.00 0.00 0.00 0.00 0.00 0.00 0.00 0.00 0.00 0.00 0.08 0.23 0.38 0.53 0.68 0.82 0.96 1.09 1.23 1.36 1.50 1.63 1.77 1.93 2.11 2.29 2.47 2.65 2.83 3.00 3.15 3.29 3.42 3.53 3.63 3.70 3.75 3.77 3.77 3.74 3.68 3.58 3.47 3.34 3.21 3.08 2.94 2.80 2.65 2.49 2.33 2.16 2.00 1.84 1.69 1.55 1.42 1.29 1.16 1.04 0.92 0.80 0.69 0.57 0.46 0.34
3.68 3.31 2.95 2.60 2.27 1.96 1.67 1.40 1.16 0.94 0.73 0.54 0.37 0.22 0.09 0.00 0.00 0.00 0.00 0.00 0.00 0.00 0.00 0.00 0.00 0.00 0.00 0.00 0.00 0.09 0.23 0.37 0.52 0.66 0.81 0.96 1.11 1.27 1.42 1.58 1.75 1.94 2.13 2.33 2.54 2.74 2.94 3.12 3.29 3.44 3.58 3.69 3.78 3.85 3.89 3.90 3.88 3.83 3.75 3.64 3.53 3.40 3.27 3.14 3.00 2.85 2.69 2.53 2.36 2.18 2.01 1.84 1.68 1.52 1.38 1.24 1.10 0.97 0.85 0.73 0.61 0.49 0.38 0.26
3.84 3.47 3.11 2.76 2.43 2.12 1.83 1.57 1.33 1.10 0.89 0.70 0.52 0.37 0.23 0.11 0.00 0.00 0.00 0.00 0.00 0.00 0.00 0.00 0.00 0.00 0.00 0.00 0.00 0.00 0.10 0.23 0.37 0.52 0.67 0.83 1.00 1.18 1.36 1.54 1.73 1.94 2.15 2.37 2.59 2.81 3.02 3.22 3.40 3.56 3.70 3.82 3.91 3.97 4.00 4.00 3.96 3.89 3.80 3.70 3.58 3.46 3.33 3.19 3.05 2.90 2.73 2.57 2.39 2.21 2.03 1.85 1.67 1.51 1.35 1.20 1.05 0.92 0.78 0.66 0.54 0.42 0.30 0.19
4.00 3.63 3.27 2.92 2.60 2.29 2.01 1.75 1.50 1.26 1.05 0.85 0.67 0.51 0.38 0.25 0.13 0.01 0.00 0.00 0.00 0.00 0.00 0.00 0.00 0.00 0.00 0.00 0.00 0.00 0.00 0.11 0.24 0.39 0.55 0.72 0.91 1.10 1.29 1.50 1.71 1.94 2.17 2.40 2.63 2.86 3.08 3.29 3.48 3.65 3.80 3.91 4.00 4.05 4.07 4.06 4.01 3.93 3.84 3.74 3.63 3.51 3.38 3.25 3.10 2.94 2.77 2.60 2.42 2.24 2.05 1.87 1.68 1.50 1.33 1.17 1.02 0.87 0.73 0.60 0.48 0.35 0.24 0.14
4.18 3.80 3.44 3.10 2.77 2.47 2.19 1.92 1.66 1.43 1.21 1.00 0.82 0.67 0.53 0.40 0.27 0.16 0.04 0.00 0.00 0.00 0.00 0.00 0.00 0.00 0.00 0.00 0.00 0.00 0.00 0.00 0.14 0.29 0.45 0.63 0.82 1.02 1.24 1.46 1.69 1.93 2.18 2.42 2.66 2.90 3.12 3.34 3.54 3.71 3.86 3.98 4.06 4.10 4.11 4.09 4.03 3.96 3.88 3.78 3.68 3.56 3.43 3.29 3.14 2.98 2.81 2.64 2.45 2.27 2.08 1.89 1.70 1.51 1.32 1.15 0.99 0.84 0.69 0.55 0.42 0.30 0.19 0.10
4.35 3.98 3.62 3.28 2.96 2.66 2.37 2.09 1.83 1.59 1.36 1.16 0.98 0.82 0.68 0.55 0.42 0.30 0.19 0.08 0.00 0.00 0.00 0.00 0.00 0.00 0.00 0.00 0.00 0.00 0.00 0.00 0.05 0.20 0.37 0.55 0.75 0.96 1.19 1.43 1.67 1.93 2.18 2.43 2.68 2.92 3.15 3.37 3.57 3.74 3.89 4.00 4.08 4.12 4.12 4.08 4.04 3.98 3.90 3.81 3.71 3.60 3.47 3.33 3.18 3.02 2.85 2.67 2.48 2.30 2.10 1.91 1.71 1.52 1.33 1.14 0.97 0.81 0.66 0.52 0.38 0.27 0.16 0.07
4.53 4.16 3.80 3.47 3.14 2.83 2.54 2.26 1.99 1.75 1.52 1.32 1.13 0.97 0.84 0.70 0.58 0.46 0.34 0.23 0.12 0.02 0.00 0.00 0.00 0.00 0.00 0.00 0.00 0.00 0.00 0.00 0.00 0.14 0.30 0.48 0.69 0.91 1.14 1.40 1.66 1.92 2.18 2.44 2.69 2.93 3.16 3.37 3.57 3.74 3.89 4.00 4.07 4.09 4.09 4.07 4.04 3.99 3.92 3.84 3.75 3.64 3.51 3.37 3.22 3.05 2.88 2.70 2.51 2.32 2.13 1.93 1.73 1.54 1.34 1.15 0.97 0.80 0.64 0.49 0.36 0.25 0.15 0.06
4.71 4.34 3.99 3.65 3.32 3.00 2.70 2.42 2.15 1.91 1.68 1.47 1.29 1.13 0.99 0.86 0.74 0.61 0.49 0.38 0.27 0.16 0.06 0.00 0.00 0.00 0.00 0.00 0.00 0.00 0.00 0.00 0.00 0.09 0.25 0.43 0.64 0.86 1.11 1.37 1.64 1.91 2.17 2.43 2.69 2.93 3.15 3.36 3.55 3.71 3.85 3.95 4.01 4.04 4.05 4.05 4.02 3.99 3.93 3.86 3.77 3.66 3.54 3.40 3.25 3.08 2.91 2.72 2.54 2.34 2.15 1.95 1.75 1.55 1.35 1.16 0.97 0.79 0.63 0.48 0.35 0.24 0.15 0.07
4.87 4.52 4.17 3.82 3.49 3.17 2.86 2.58 2.31 2.06 1.83 1.63 1.44 1.29 1.15 1.02 0.90 0.77 0.65 0.54 0.42 0.31 0.21 0.11 0.02 0.00 0.00 0.00 0.00 0.00 0.00 0.00 0.00 0.07 0.22 0.40 0.60 0.83 1.08 1.34 1.62 1.89 2.16 2.42 2.67 2.91 3.13 3.33 3.50 3.65 3.78 3.87 3.93 3.98 4.00 4.01 4.00 3.98 3.93 3.87 3.78 3.68 3.57 3.43 3.27 3.11 2.93 2.75 2.56 2.37 2.17 1.97 1.77 1.57 1.37 1.17 0.98 0.80 0.64 0.49 0.36 0.25 0.16 0.08
4.99 4.68 4.33 3.98 3.65 3.32 3.02 2.73 2.46 2.21 1.98 1.78 1.60 1.44 1.31 1.18 1.06 0.93 0.81 0.70 0.58 0.47 0.36 0.26 0.16 0.07 0.00 0.00 0.00 0.00 0.00 0.00 0.00 0.06 0.21 0.38 0.57 0.80 1.05 1.32 1.60 1.88 2.15 2.41 2.65 2.88 3.09 3.28 3.44 3.57 3.68 3.76 3.83 3.90 3.94 3.97 3.97 3.96 3.92 3.87 3.79 3.70 3.58 3.45 3.29 3.13 2.95 2.77 2.58 2.38 2.19 1.99 1.79 1.58 1.39 1.19 1.00 0.82 0.66 0.51 0.39 0.28 0.18 0.11
5.07 4.78 4.47 4.13 3.80 3.47 3.16 2.87 2.60 2.35 2.13 1.92 1.74 1.59 1.47 1.34 1.22 1.10 0.98 0.86 0.75 0.63 0.52 0.42 0.31 0.21 0.12 0.04 0.00 0.00 0.00 0.00 0.00 0.08 0.21 0.37 0.56 0.78 1.03 1.31 1.59 1.86 2.13 2.38 2.62 2.84 3.03 3.21 3.35 3.47 3.57 3.65 3.73 3.81 3.87 3.91 3.93 3.92 3.90 3.86 3.79 3.70 3.59 3.46 3.31 3.14 2.96 2.78 2.59 2.40 2.20 2.00 1.80 1.60 1.40 1.21 1.02 0.85 0.69 0.55 0.42 0.31 0.22 0.14
5.11 4.84 4.56 4.25 3.93 3.61 3.30 3.01 2.74 2.49 2.26 2.06 1.89 1.74 1.62 1.50 1.38 1.26 1.15 1.03 0.91 0.80 0.69 0.58 0.47 0.37 0.27 0.18 0.11 0.05 0.01 0.01 0.04 0.12 0.23 0.38 0.56 0.78 1.02 1.30 1.57 1.84 2.10 2.35 2.57 2.78 2.96 3.12 3.25 3.36 3.46 3.55 3.63 3.71 3.78 3.84 3.87 3.88 3.87 3.84 3.78 3.70 3.59 3.46 3.31 3.15 2.97 2.79 2.60 2.41 2.21 2.01 1.81 1.61 1.42 1.23 1.05 0.89 0.74 0.59 0.47 0.36 0.26 0.18
5.10 4.86 4.61 4.33 4.04 3.73 3.42 3.13 2.86 2.62 2.40 2.20 2.03 1.89 1.77 1.66 1.54 1.43 1.31 1.20 1.08 0.97 0.85 0.74 0.63 0.53 0.43 0.34 0.26 0.19 0.14 0.11 0.13 0.18 0.27 0.41 0.57 0.78 1.02 1.29 1.56 1.82 2.07 2.31 2.52 2.71 2.88 3.01 3.13 3.24 3.35 3.45 3.54 3.62 3.69 3.76 3.80 3.83 3.83 3.81 3.76 3.68 3.58 3.46 3.31 3.15 2.97 2.79 2.61 2.42 2.22 2.02 1.82 1.63 1.44 1.26 1.09 0.93 0.78 0.65 0.52 0.41 0.31 0.23
5.06 4.84 4.61 4.36 4.10 3.82 3.53 3.25 2.98 2.74 2.52 2.33 2.16 2.03 1.92 1.81 1.70 1.59 1.48 1.37 1.25 1.14 1.02 0.91 0.80 0.69 0.59 0.49 0.41 0.34 0.28 0.24 0.23 0.26 0.33 0.45 0.60 0.79 1.02 1.28 1.55 1.80 2.04 2.26 2.45 2.63 2.77 2.90 3.02 3.14 3.25 3.35 3.44 3.53 3.61 3.67 3.73 3.76 3.78 3.76 3.73 3.66 3.57 3.45 3.30 3.14 2.97 2.79 2.61 2.42 2.22 2.03 1.83 1.65 1.47 1.29 1.13 0.98 0.84 0.70 0.58 0.47 0.37 0.29
