data_processed/recharge/precip/Precip_1997_12.asc
ncols        168
nrows        136
xllcorner    455000
yllcorner    2107000
cellsize     500
NODATA_value     -99999
[rows 72 to 107 of 136, columns 82 to 163 of 168]
6.55 6.11 5.65 5.18 4.70 4.21 3.72 3.27 2.90 2.63 2.43 2.29 2.22 2.19 2.20 2.25 2.31 2.39 2.48 2.56 2.66 2.76 2.86 2.97 3.09 3.21 3.34 3.50 3.73 4.02 4.38 4.79 5.25 5.74 6.24 6.75 7.29 7.83 8.40 8.97 9.56 10.16 10.76 11.30 11.77 12.17 12.51 12.80 13.04 13.24 13.39 13.51 13.60 13.70 13.80 13.92 14.04 14.17 14.29 14.39 14.46 14.49 14.47 14.38 14.22 13.97 13.64 13.20 12.70 12.18 11.64 11.08 10.51 9.92 9.34 8.75 8.16 7.58 7.04 6.55 6.11 5.73
6.00 5.64 5.28 4.92 4.55 4.16 3.77 3.38 3.02 2.74 2.54 2.40 2.32 2.29 2.31 2.35 2.41 2.49 2.57 2.66 2.75 2.84 2.94 3.05 3.16 3.28 3.43 3.65 3.92 4.26 4.66 5.11 5.62 6.15 6.71 7.27 7.84 8.42 9.00 9.59 10.18 10.78 11.37 11.89 12.34 12.72 13.04 13.30 13.50 13.65 13.76 13.84 13.92 14.00 14.09 14.19 14.29 14.39 14.49 14.58 14.63 14.65 14.61 14.51 14.33 14.08 13.73 13.28 12.77 12.24 11.69 11.12 10.54 9.95 9.36 8.76 8.17 7.61 7.10 6.64 6.23 5.88
5.40 5.14 4.87 4.60 4.33 4.04 3.75 3.44 3.13 2.86 2.65 2.52 2.44 2.41 2.42 2.46 2.52 2.60 2.67 2.76 2.84 2.94 3.03 3.13 3.24 3.38 3.58 3.85 4.17 4.55 4.99 5.47 6.00 6.57 7.16 7.77 8.37 8.98 9.58 10.18 10.77 11.37 11.94 12.44 12.87 13.23 13.51 13.74 13.90 14.02 14.09 14.16 14.23 14.31 14.39 14.46 14.54 14.62 14.69 14.76 14.80 14.80 14.75 14.64 14.46 14.19 13.83 13.37 12.86 12.32 11.76 11.19 10.60 10.01 9.41 8.81 8.24 7.72 7.24 6.81 6.43 6.10
4.80 4.62 4.43 4.25 4.06 3.86 3.65 3.44 3.21 2.98 2.78 2.64 2.56 2.53 2.53 2.57 2.63 2.70 2.78 2.86 2.94 3.03 3.12 3.22 3.35 3.54 3.79 4.10 4.46 4.88 5.34 5.85 6.40 6.98 7.60 8.24 8.88 9.50 10.12 10.73 11.32 11.91 12.46 12.95 13.35 13.68 13.93 14.12 14.24 14.32 14.39 14.46 14.53 14.61 14.68 14.74 14.80 14.86 14.90 14.94 14.97 14.96 14.90 14.78 14.59 14.31 13.95 13.48 12.96 12.42 11.85 11.28 10.69 10.09 9.49 8.92 8.38 7.89 7.44 7.04 6.68 6.37
4.21 4.10 3.99 3.87 3.76 3.64 3.51 3.37 3.23 3.07 2.91 2.77 2.69 2.65 2.66 2.69 2.75 2.82 2.89 2.97 3.05 3.13 3.22 3.34 3.51 3.75 4.05 4.39 4.79 5.24 5.72 6.25 6.81 7.41 8.03 8.68 9.34 9.98 10.61 11.23 11.82 12.39 12.93 13.39 13.77 14.06 14.28 14.43 14.52 14.60 14.68 14.76 14.83 14.90 14.97 15.02 15.07 15.10 15.13 15.14 15.13 15.11 15.04 14.92 14.72 14.44 14.07 13.60 13.08 12.53 11.97 11.39 10.80 10.20 9.63 9.09 8.59 8.12 7.70 7.32 6.99 6.70
3.65 3.60 3.55 3.50 3.45 3.39 3.33 3.26 3.19 3.10 3.01 2.90 2.82 2.78 2.78 2.82 2.87 2.93 3.00 3.07 3.15 3.23 3.34 3.51 3.73 4.01 4.34 4.73 5.15 5.62 6.12 6.66 7.23 7.83 8.45 9.09 9.75 10.41 11.05 11.67 12.25 12.81 13.33 13.76 14.11 14.37 14.55 14.67 14.77 14.87 14.96 15.05 15.13 15.20 15.26 15.31 15.34 15.36 15.37 15.35 15.32 15.26 15.18 15.05 14.85 14.57 14.20 13.73 13.20 12.66 12.09 11.51 10.93 10.36 9.82 9.31 8.84 8.41 8.01 7.66 7.34 7.08
3.14 3.14 3.14 3.14 3.14 3.14 3.14 3.13 3.11 3.09 3.05 3.01 2.95 2.92 2.91 2.94 2.99 3.05 3.12 3.19 3.26 3.36 3.51 3.73 3.99 4.31 4.68 5.08 5.53 6.02 6.54 7.08 7.65 8.25 8.86 9.49 10.13 10.78 11.42 12.03 12.61 13.15 13.65 14.05 14.37 14.59 14.75 14.88 15.01 15.12 15.23 15.33 15.42 15.50 15.56 15.60 15.62 15.63 15.62 15.58 15.52 15.44 15.33 15.18 14.98 14.70 14.33 13.86 13.33 12.79 12.23 11.66 11.10 10.56 10.06 9.58 9.14 8.73 8.36 8.03 7.74 7.48
2.70 2.73 2.77 2.82 2.86 2.91 2.95 2.99 3.02 3.04 3.06 3.07 3.06 3.05 3.05 3.07 3.12 3.18 3.24 3.30 3.39 3.54 3.74 3.99 4.29 4.64 5.04 5.46 5.93 6.43 6.95 7.50 8.07 8.65 9.25 9.86 10.48 11.10 11.72 12.32 12.89 13.41 13.88 14.25 14.53 14.73 14.90 15.07 15.23 15.37 15.50 15.61 15.71 15.79 15.85 15.90 15.92 15.91 15.88 15.83 15.75 15.64 15.49 15.32 15.11 14.83 14.45 13.99 13.47 12.93 12.38 11.83 11.31 10.81 10.34 9.89 9.48 9.09 8.74 8.43 8.15 7.92
2.34 2.40 2.47 2.55 2.63 2.71 2.78 2.86 2.93 2.99 3.05 3.10 3.14 3.16 3.18 3.20 3.25 3.30 3.36 3.44 3.57 3.76 4.01 4.29 4.63 5.00 5.41 5.86 6.33 6.84 7.36 7.90 8.46 9.03 9.61 10.20 10.79 11.37 11.95 12.52 13.07 13.57 14.01 14.35 14.60 14.83 15.04 15.24 15.43 15.60 15.75 15.89 16.00 16.09 16.16 16.20 16.22 16.21 16.17 16.10 15.99 15.86 15.69 15.48 15.24 14.95 14.58 14.12 13.61 13.08 12.55 12.04 11.55 11.09 10.64 10.23 9.84 9.48 9.15 8.85 8.59 8.36
2.08 2.17 2.26 2.35 2.45 2.55 2.66 2.76 2.85 2.95 3.03 3.11 3.19 3.25 3.30 3.33 3.37 3.42 3.50 3.62 3.80 4.03 4.31 4.63 4.99 5.38 5.81 6.26 6.74 7.24 7.76 8.29 8.84 9.39 9.94 10.50 11.05 11.59 12.13 12.65 13.15 13.62 14.02 14.35 14.64 14.91 15.16 15.40 15.62 15.82 16.00 16.16 16.29 16.39 16.47 16.51 16.53 16.52 16.47 16.38 16.26 16.11 15.91 15.67 15.39 15.07 14.70 14.25 13.75 13.24 12.75 12.28 11.83 11.39 10.98 10.59 10.22 9.88 9.57 9.29 9.04 8.82
1.95 2.04 2.14 2.25 2.36 2.47 2.59 2.70 2.82 2.93 3.04 3.14 3.23 3.31 3.39 3.45 3.50 3.57 3.69 3.85 4.07 4.34 4.64 4.98 5.36 5.77 6.20 6.66 7.14 7.63 8.14 8.65 9.18 9.70 10.22 10.74 11.25 11.75 12.23 12.70 13.14 13.55 13.94 14.30 14.64 14.96 15.26 15.54 15.80 16.03 16.24 16.42 16.57 16.69 16.78 16.83 16.85 16.83 16.78 16.69 16.55 16.38 16.16 15.89 15.58 15.22 14.82 14.37 13.90 13.43 12.98 12.54 12.12 11.71 11.33 10.96 10.61 10.29 10.00 9.73 9.49 9.28
1.89 1.99 2.09 2.20 2.31 2.44 2.56 2.68 2.81 2.93 3.05 3.17 3.28 3.38 3.47 3.55 3.62 3.72 3.88 4.08 4.33 4.62 4.95 5.31 5.70 6.11 6.54 7.00 7.47 7.95 8.44 8.93 9.43 9.92 10.40 10.88 11.34 11.78 12.21 12.61 12.98 13.34 13.71 14.11 14.51 14.88 15.23 15.55 15.85 16.11 16.35 16.55 16.72 16.86 16.96 17.02 17.04 17.02 16.97 16.86 16.72 16.52 16.28 15.99 15.65 15.26 14.84 14.52 14.16 13.73 13.31 12.90 12.50 12.12 11.75 11.40 11.07 10.76 10.47 10.21 9.97 9.77
1.86 1.95 2.06 2.17 2.29 2.41 2.54 2.67 2.81 2.94 3.07 3.20 3.32 3.44 3.55 3.65 3.74 3.86 4.03 4.27 4.54 4.85 5.18 5.55 5.94 6.35 6.78 7.23 7.68 8.14 8.60 9.06 9.52 9.97 10.41 10.83 11.24 11.62 11.98 12.31 12.62 12.94 13.29 13.70 14.14 14.56 14.95 15.31 15.64 15.94 16.20 16.43 16.62 16.77 16.87 16.94 16.97 16.95 16.88 16.77 16.60 16.39 16.12 15.80 15.43 15.03 14.75 14.68 14.55 14.22 13.82 13.43 13.04 12.67 12.31 11.96 11.63 11.33 11.04 10.77 10.53 10.31
1.84 1.93 2.04 2.15 2.27 2.40 2.53 2.67 2.81 2.95 3.09 3.23 3.37 3.50 3.63 3.74 3.86 3.98 4.16 4.40 4.68 5.00 5.35 5.71 6.10 6.50 6.91 7.34 7.77 8.19 8.62 9.04 9.46 9.86 10.24 10.60 10.94 11.26 11.54 11.81 12.08 12.39 12.72 13.11 13.55 14.01 14.44 14.84 15.21 15.53 15.82 16.06 16.27 16.43 16.55 16.62 16.64 16.62 16.54 16.41 16.23 15.99 15.70 15.35 14.97 14.70 14.67 14.84 14.95 14.82 14.50 14.12 13.73 13.36 12.99 12.64 12.30 11.98 11.68 11.39 11.13 10.89
1.84 1.93 2.03 2.14 2.26 2.39 2.53 2.67 2.82 2.97 3.12 3.27 3.41 3.56 3.70 3.83 3.96 4.10 4.28 4.50 4.78 5.10 5.44 5.79 6.17 6.55 6.94 7.34 7.73 8.12 8.51 8.88 9.24 9.58 9.90 10.20 10.46 10.70 10.92 11.15 11.41 11.70 12.02 12.40 12.82 13.28 13.74 14.18 14.57 14.92 15.23 15.50 15.72 15.89 16.01 16.08 16.10 16.07 15.98 15.84 15.63 15.37 15.05 14.69 14.44 14.41 14.61 15.00 15.32 15.41 15.27 14.95 14.55 14.16 13.78 13.41 13.05 12.71 12.38 12.06 11.77 11.49
1.86 1.94 2.04 2.15 2.27 2.40 2.54 2.68 2.83 2.99 3.15 3.30 3.46 3.62 3.77 3.92 4.06 4.21 4.38 4.59 4.84 5.13 5.46 5.80 6.15 6.51 6.87 7.23 7.58 7.92 8.26 8.57 8.87 9.15 9.40 9.62 9.80 9.97 10.15 10.37 10.61 10.89 11.21 11.57 11.99 12.43 12.89 13.35 13.78 14.15 14.48 14.76 14.99 15.17 15.29 15.36 15.38 15.33 15.23 15.07 14.84 14.56 14.23 14.00 13.98 14.17 14.58 15.17 15.68 15.95 16.00 15.83 15.48 15.07 14.66 14.26 13.86 13.48 13.11 12.76 12.41 12.09
1.89 1.97 2.06 2.17 2.28 2.41 2.55 2.70 2.85 3.01 3.17 3.34 3.51 3.67 3.84 4.00 4.16 4.31 4.48 4.67 4.88 5.13 5.42 5.73 6.05 6.38 6.70 7.01 7.31 7.60 7.88 8.13 8.36 8.56 8.73 8.86 8.98 9.11 9.28 9.48 9.72 9.99 10.30 10.66 11.06 11.50 11.95 12.41 12.85 13.25 13.59 13.89 14.13 14.31 14.43 14.50 14.50 14.45 14.33 14.15 13.90 13.60 13.40 13.39 13.59 13.99 14.59 15.35 16.02 16.46 16.67 16.66 16.44 16.05 15.61 15.16 14.72 14.29 13.87 13.46 13.06 12.68
1.94 2.01 2.09 2.20 2.31 2.44 2.57 2.72 2.88 3.04 3.21 3.38 3.55 3.73 3.91 4.08 4.25 4.41 4.57 4.73 4.91 5.11 5.34 5.60 5.88 6.16 6.43 6.69 6.94 7.16 7.37 7.55 7.70 7.82 7.90 7.96 8.04 8.16 8.32 8.52 8.75 9.02 9.32 9.68 10.07 10.50 10.94 11.39 11.83 12.24 12.60 12.91 13.15 13.34 13.46 13.52 13.52 13.45 13.31 13.10 12.84 12.67 12.68 12.89 13.28 13.86 14.62 15.53 16.35 16.93 17.27 17.40 17.31 17.03 16.59 16.10 15.60 15.10 14.62 14.14 13.68 13.22
2.01 2.07 2.14 2.24 2.35 2.47 2.61 2.75 2.91 3.07 3.24 3.42 3.60 3.79 3.97 4.15 4.33 4.49 4.64 4.78 4.92 5.07 5.24 5.42 5.64 5.86 6.08 6.27 6.45 6.61 6.74 6.84 6.90 6.93 6.93 6.96 7.03 7.14 7.29 7.49 7.71 7.98 8.29 8.64 9.04 9.46 9.90 10.34 10.77 11.18 11.55 11.86 12.11 12.29 12.41 12.46 12.45 12.36 12.20 11.99 11.85 11.88 12.10 12.49 13.06 13.79 14.69 15.73 16.67 17.36 17.82 18.06 18.08 17.91 17.56 17.05 16.48 15.91 15.35 14.80 14.25 13.71
2.09 2.14 2.21 2.29 2.40 2.51 2.65 2.79 2.94 3.11 3.28 3.47 3.65 3.84 4.03 4.22 4.40 4.57 4.70 4.82 4.92 5.02 5.11 5.22 5.34 5.48 5.63 5.76 5.87 5.94 5.99 5.99 5.96 5.91 5.89 5.90 5.97 6.07 6.22 6.41 6.64 6.91 7.22 7.57 7.97 8.39 8.83 9.26 9.69 10.09 10.46 10.77 11.03 11.21 11.32 11.36 11.33 11.22 11.06 10.96 11.02 11.25 11.65 12.20 12.92 13.79 14.81 15.95 16.98 17.76 18.31 18.64 18.75 18.67 18.39 17.94 17.34 16.69 16.04 15.40 14.76 14.12
2.19 2.23 2.28 2.36 2.46 2.57 2.69 2.83 2.99 3.15 3.33 3.51 3.70 3.89 4.09 4.28 4.47 4.63 4.75 4.84 4.90 4.94 4.97 4.99 5.02 5.06 5.11 5.16 5.18 5.17 5.12 5.03 4.92 4.83 4.80 4.81 4.87 4.97 5.12 5.31 5.54 5.82 6.13 6.50 6.90 7.32 7.76 8.19 8.61 9.01 9.37 9.69 9.94 10.11 10.21 10.24 10.19 10.08 10.03 10.12 10.37 10.78 11.33 12.03 12.87 13.85 14.96 16.18 17.28 18.14 18.75 19.14 19.32 19.30 19.08 18.68 18.12 17.43 16.68 15.93 15.18 14.44
2.29 2.33 2.38 2.44 2.53 2.63 2.75 2.89 3.04 3.20 3.38 3.56 3.75 3.94 4.14 4.33 4.52 4.69 4.79 4.85 4.87 4.85 4.81 4.75 4.68 4.60 4.53 4.47 4.39 4.29 4.14 3.96 3.82 3.73 3.69 3.70 3.75 3.86 4.01 4.21 4.45 4.73 5.05 5.43 5.83 6.26 6.70 7.14 7.56 7.96 8.32 8.63 8.87 9.04 9.13 9.14 9.09 9.09 9.22 9.50 9.92 10.47 11.15 11.97 12.91 13.97 15.16 16.43 17.58 18.48 19.14 19.58 19.79 19.80 19.62 19.26 18.73 18.05 17.23 16.37 15.50 14.64
2.40 2.43 2.48 2.54 2.61 2.71 2.82 2.95 3.10 3.26 3.43 3.61 3.80 3.99 4.18 4.38 4.57 4.73 4.82 4.85 4.82 4.74 4.63 4.48 4.31 4.12 3.92 3.72 3.52 3.30 3.07 2.86 2.72 2.62 2.58 2.59 2.64 2.75 2.91 3.11 3.36 3.66 4.00 4.38 4.80 5.24 5.68 6.13 6.56 6.96 7.32 7.62 7.87 8.03 8.11 8.12 8.17 8.35 8.65 9.09 9.64 10.32 11.12 12.03 13.05 14.17 15.40 16.71 17.88 18.80 19.49 19.94 20.17 20.20 20.03 19.68 19.15 18.47 17.64 16.70 15.71 14.76
2.51 2.55 2.59 2.64 2.71 2.79 2.90 3.02 3.16 3.32 3.48 3.66 3.84 4.03 4.23 4.42 4.61 4.76 4.83 4.82 4.75 4.61 4.42 4.19 3.91 3.61 3.28 2.93 2.58 2.25 1.98 1.77 1.62 1.52 1.48 1.49 1.56 1.68 1.84 2.06 2.32 2.63 2.99 3.38 3.82 4.27 4.72 5.18 5.61 6.02 6.38 6.69 6.93 7.10 7.19 7.30 7.52 7.86 8.32 8.89 9.56 10.34 11.22 12.20 13.28 14.44 15.70 17.01 18.18 19.11 19.78 20.23 20.46 20.47 20.29 19.93 19.39 18.69 17.84 16.86 15.82 14.85
2.63 2.66 2.70 2.75 2.81 2.89 2.99 3.10 3.24 3.38 3.54 3.71 3.89 4.07 4.26 4.45 4.64 4.78 4.83 4.79 4.66 4.46 4.20 3.87 3.49 3.07 2.61 2.12 1.63 1.22 0.92 0.71 0.56 0.46 0.43 0.44 0.52 0.64 0.82 1.05 1.33 1.66 2.04 2.45 2.90 3.37 3.84 4.30 4.75 5.17 5.54 5.85 6.10 6.28 6.48 6.78 7.16 7.65 8.23 8.90 9.67 10.53 11.48 12.50 13.61 14.79 16.04 17.34 18.49 19.39 20.04 20.46 20.65 20.64 20.42 20.02 19.44 18.70 17.81 16.84 15.87 14.93
2.75 2.78 2.81 2.86 2.93 3.00 3.09 3.19 3.31 3.45 3.60 3.76 3.93 4.11 4.29 4.48 4.66 4.79 4.82 4.74 4.56 4.29 3.95 3.53 3.04 2.50 1.91 1.30 0.75 0.29 0.00 0.00 0.00 0.00 0.00 0.00 0.00 0.00 0.00 0.12 0.42 0.77 1.17 1.61 2.08 2.56 3.05 3.53 3.99 4.42 4.80 5.12 5.39 5.69 6.08 6.55 7.09 7.69 8.38 9.14 9.98 10.90 11.88 12.93 14.04 15.21 16.44 17.70 18.81 19.66 20.26 20.62 20.76 20.69 20.42 19.95 19.31 18.51 17.61 16.71 15.83 14.98
2.88 2.90 2.93 2.98 3.04 3.11 3.19 3.29 3.40 3.52 3.66 3.81 3.97 4.14 4.32 4.49 4.67 4.79 4.79 4.67 4.44 4.11 3.68 3.16 2.57 1.91 1.20 0.54 0.00 0.00 0.00 0.00 0.00 0.00 0.00 0.00 0.00 0.00 0.00 0.00 0.00 0.00 0.40 0.87 1.36 1.87 2.38 2.88 3.35 3.79 4.19 4.54 4.92 5.40 5.96 6.59 7.28 8.00 8.77 9.60 10.49 11.43 12.43 13.48 14.58 15.72 16.90 18.10 19.13 19.91 20.44 20.73 20.79 20.64 20.28 19.73 19.01 18.18 17.34 16.52 15.71 14.94
3.00 3.02 3.06 3.10 3.16 3.22 3.30 3.39 3.49 3.60 3.72 3.86 4.01 4.17 4.33 4.50 4.67 4.77 4.74 4.58 4.30 3.90 3.39 2.78 2.07 1.31 0.57 0.00 0.00 0.00 0.00 0.00 0.00 0.00 0.00 0.00 0.00 0.00 0.00 0.00 0.00 0.00 0.00 0.25 0.77 1.30 1.84 2.36 2.85 3.32 3.74 4.21 4.76 5.41 6.12 6.89 7.71 8.55 9.41 10.29 11.20 12.15 13.14 14.17 15.22 16.31 17.42 18.53 19.47 20.16 20.59 20.78 20.74 20.48 20.02 19.37 18.60 17.81 17.03 16.27 15.54 14.83
3.14 3.15 3.18 3.22 3.27 3.34 3.41 3.49 3.58 3.68 3.79 3.91 4.05 4.19 4.34 4.50 4.66 4.74 4.68 4.48 4.14 3.66 3.07 2.36 1.58 0.79 0.05 0.00 0.00 0.00 0.00 0.00 0.00 0.00 0.00 0.00 0.00 0.00 0.00 0.00 0.00 0.00 0.00 0.00 0.33 0.89 1.45 2.00 2.52 3.01 3.55 4.19 4.91 5.70 6.55 7.45 8.37 9.32 10.26 11.19 12.11 13.05 14.01 14.99 15.98 16.99 18.00 19.00 19.83 20.39 20.70 20.77 20.60 20.22 19.63 18.92 18.18 17.44 16.72 16.01 15.32 14.67
3.28 3.29 3.31 3.35 3.39 3.45 3.51 3.58 3.67 3.75 3.85 3.96 4.08 4.21 4.35 4.49 4.63 4.70 4.61 4.36 3.96 3.41 2.73 1.95 1.16 0.39 0.00 0.00 0.00 0.00 0.00 0.00 0.00 0.00 0.00 0.00 0.00 0.00 0.00 0.00 0.00 0.00 0.00 0.00 0.06 0.65 1.24 1.81 2.37 2.98 3.69 4.48 5.34 6.27 7.24 8.24 9.26 10.28 11.29 12.27 13.22 14.13 15.03 15.94 16.85 17.75 18.65 19.51 20.20 20.62 20.79 20.71 20.40 19.87 19.20 18.49 17.79 17.10 16.41 15.74 15.10 14.48
3.42 3.42 3.44 3.47 3.51 3.55 3.61 3.67 3.75 3.83 3.91 4.00 4.11 4.22 4.34 4.47 4.60 4.64 4.52 4.22 3.76 3.14 2.40 1.63 0.87 0.13 0.00 0.00 0.00 0.00 0.00 0.00 0.00 0.00 0.00 0.00 0.00 0.00 0.00 0.00 0.00 0.00 0.00 0.00 0.00 0.60 1.22 1.84 2.51 3.28 4.14 5.07 6.06 7.10 8.18 9.27 10.36 11.44 12.50 13.52 14.48 15.38 16.22 17.03 17.83 18.61 19.36 20.07 20.60 20.85 20.85 20.60 20.12 19.49 18.82 18.14 17.46 16.79 16.14 15.49 14.88 14.29
3.56 3.56 3.57 3.59 3.62 3.66 3.71 3.76 3.82 3.89 3.97 4.04 4.13 4.22 4.33 4.44 4.55 4.57 4.41 4.06 3.54 2.87 2.16 1.44 0.72 0.02 0.00 0.00 0.00 0.00 0.00 0.00 0.00 0.00 0.00 0.00 0.00 0.00 0.00 0.00 0.00 0.00 0.00 0.00 0.09 0.76 1.43 2.15 2.98 3.90 4.89 5.95 7.05 8.19 9.35 10.51 11.66 12.78 13.87 14.91 15.88 16.76 17.56 18.27 18.93 19.56 20.15 20.68 21.02 21.08 20.89 20.45 19.85 19.20 18.54 17.88 17.22 16.56 15.91 15.29 14.69 14.12
3.71 3.70 3.70 3.71 3.73 3.76 3.79 3.84 3.89 3.95 4.01 4.08 4.15 4.22 4.30 4.39 4.49 4.49 4.29 3.89 3.33 2.71 2.06 1.40 0.73 0.08 0.00 0.00 0.00 0.00 0.00 0.00 0.00 0.00 0.00 0.00 0.00 0.00 0.00 0.00 0.00 0.00 0.00 0.00 0.44 1.15 1.93 2.81 3.79 4.83 5.95 7.11 8.30 9.52 10.74 11.95 13.14 14.29 15.39 16.43 17.39 18.25 19.00 19.63 20.15 20.61 21.01 21.34 21.46 21.31 20.91 20.33 19.70 19.06 18.40 17.73 17.07 16.41 15.77 15.15 14.55 13.98
3.85 3.83 3.83 3.83 3.84 3.85 3.88 3.91 3.95 3.99 4.04 4.09 4.15 4.21 4.27 4.34 4.41 4.38 4.15 3.73 3.23 2.68 2.11 1.52 0.92 0.31 0.00 0.00 0.00 0.00 0.00 0.00 0.00 0.00 0.00 0.00 0.00 0.00 0.00 0.00 0.00 0.00 0.00 0.28 1.03 1.86 2.79 3.81 4.91 6.07 7.28 8.53 9.80 11.08 12.35 13.59 14.80 15.96 17.06 18.08 19.00 19.82 20.51 21.07 21.48 21.75 21.94 22.04 21.94 21.56 20.99 20.37 19.73 19.07 18.40 17.72 17.05 16.38 15.73 15.09 14.48 13.91
4.00 3.97 3.95 3.94 3.94 3.94 3.95 3.97 4.00 4.03 4.06 4.10 4.14 4.18 4.23 4.28 4.32 4.27 4.02 3.68 3.27 2.82 2.33 1.82 1.29 0.75 0.22 0.00 0.00 0.00 0.00 0.00 0.00 0.00 0.00 0.00 0.00 0.00 0.00 0.00 0.00 0.00 0.30 1.09 1.96 2.93 3.99 5.13 6.34 7.60 8.89 10.21 11.54 12.86 14.15 15.42 16.63 17.78 18.85 19.83 20.71 21.46 22.08 22.55 22.86 22.99 22.96 22.81 22.45 21.89 21.27 20.63 19.95 19.27 18.57 17.87 17.17 16.48 15.80 15.14 14.51 13.91
4.15 4.10 4.07 4.05 4.03 4.03 4.02 4.03 4.04 4.05 4.07 4.09 4.12 4.14 4.17 4.20 4.22 4.17 4.01 3.78 3.48 3.13 2.74 2.31 1.87 1.41 0.94 0.49 0.05 0.00 0.00 0.00 0.00 0.00 0.00 0.00 0.00 0.00 0.00 0.00 0.00 0.53 1.34 2.24 3.24 4.34 5.52 6.77 8.07 9.41 10.77 12.13 13.50 14.84 16.15 17.41 18.61 19.74 20.77 21.69 22.50 23.17 23.70 24.06 24.25 24.24 24.03 23.63 23.08 22.45 21.79 21.11 20.40 19.67 18.93 18.20 17.46 16.73 16.02 15.32 14.66 14.02
