data_processed/recharge/precip/Precip_1992_07.asc
ncols        168
nrows        136
xllcorner    455000
yllcorner    2107000
cellsize     500
NODATA_value     -99999
[rows 64 to 95 of 136, columns 71 to 141 of 168]
217.42 215.50 213.62 211.77 209.96 208.18 206.44 204.74 203.08 201.45 199.85 198.30 196.78 195.30 193.86 192.46 191.10 189.78 188.49 187.25 186.05 184.89 183.76 182.68 181.64 180.64 179.69 178.76 177.87 177.00 176.16 175.35 174.56 173.79 173.04 172.30 171.59 170.89 170.21 169.54 168.88 168.26 167.69 167.19 166.76 166.43 166.20 166.10 166.14 166.32 166.68 167.21 167.94 168.87 169.94 171.05 172.19 173.35 174.52 175.71 176.91 178.11 179.31 180.52 181.72 182.91 184.09 185.26 186.41 187.54 188.64
219.66 217.73 215.85 213.99 212.17 210.38 208.62 206.90 205.21 203.55 201.93 200.34 198.79 197.28 195.80 194.35 192.94 191.57 190.24 188.94 187.68 186.45 185.27 184.12 183.01 181.94 180.91 179.92 178.96 178.02 177.11 176.22 175.35 174.51 173.68 172.87 172.07 171.29 170.52 169.76 169.02 168.32 167.68 167.12 166.65 166.28 166.03 165.92 165.95 166.15 166.52 167.08 167.85 168.75 169.71 170.70 171.72 172.75 173.81 174.89 175.98 177.08 178.19 179.30 180.41 181.52 182.62 183.71 184.79 185.85 186.89
221.77 219.84 217.95 216.08 214.24 212.44 210.66 208.92 207.21 205.52 203.87 202.26 200.67 199.11 197.59 196.10 194.65 193.23 191.84 190.49 189.17 187.88 186.63 185.42 184.24 183.10 181.99 180.92 179.88 178.88 177.89 176.93 175.99 175.06 174.15 173.26 172.38 171.51 170.65 169.81 168.98 168.20 167.49 166.87 166.35 165.95 165.68 165.55 165.58 165.78 166.18 166.77 167.50 168.29 169.12 169.98 170.88 171.80 172.75 173.72 174.71 175.71 176.72 177.74 178.77 179.79 180.81 181.83 182.84 183.83 184.81
223.75 221.82 219.92 218.04 216.19 214.37 212.58 210.81 209.07 207.36 205.68 204.03 202.41 200.81 199.25 197.72 196.21 194.74 193.30 191.89 190.51 189.16 187.85 186.57 185.32 184.10 182.92 181.77 180.65 179.57 178.51 177.47 176.45 175.44 174.45 173.48 172.51 171.56 170.61 169.68 168.75 167.89 167.12 166.44 165.87 165.43 165.13 164.99 165.02 165.23 165.64 166.19 166.80 167.46 168.17 168.91 169.69 170.50 171.34 172.20 173.09 173.99 174.92 175.85 176.79 177.74 178.68 179.63 180.57 181.50 182.42
225.60 223.66 221.75 219.86 218.00 216.16 214.35 212.56 210.79 209.06 207.34 205.66 204.00 202.37 200.76 199.18 197.63 196.10 194.61 193.14 191.70 190.29 188.91 187.56 186.24 184.95 183.69 182.46 181.26 180.09 178.95 177.83 176.74 175.65 174.58 173.52 172.47 171.42 170.39 169.36 168.35 167.40 166.56 165.82 165.20 164.72 164.40 164.24 164.26 164.48 164.84 165.27 165.75 166.28 166.86 167.49 168.15 168.85 169.59 170.35 171.14 171.95 172.78 173.63 174.49 175.36 176.24 177.12 178.00 178.87 179.74
227.30 225.36 223.44 221.54 219.67 217.81 215.97 214.16 212.37 210.60 208.86 207.14 205.44 203.77 202.12 200.49 198.89 197.31 195.76 194.24 192.74 191.26 189.82 188.40 187.00 185.64 184.30 182.98 181.70 180.45 179.22 178.02 176.84 175.67 174.52 173.37 172.23 171.10 169.97 168.85 167.75 166.72 165.80 165.00 164.33 163.82 163.46 163.29 163.30 163.46 163.70 163.99 164.35 164.76 165.22 165.73 166.28 166.87 167.51 168.17 168.87 169.59 170.34 171.10 171.89 172.68 173.49 174.31 175.12 175.94 176.75
228.87 226.92 224.99 223.08 221.18 219.31 217.45 215.61 213.80 212.00 210.22 208.46 206.73 205.01 203.32 201.64 199.99 198.36 196.76 195.17 193.61 192.07 190.56 189.07 187.60 186.15 184.74 183.34 181.97 180.63 179.31 178.02 176.75 175.50 174.26 173.03 171.80 170.58 169.36 168.15 166.95 165.84 164.85 163.98 163.26 162.71 162.32 162.13 162.08 162.11 162.21 162.38 162.61 162.90 163.25 163.64 164.09 164.58 165.11 165.68 166.28 166.92 167.58 168.27 168.98 169.70 170.45 171.20 171.96 172.72 173.49
230.28 228.32 226.38 224.46 222.55 220.65 218.77 216.91 215.06 213.24 211.42 209.63 207.85 206.10 204.36 202.63 200.93 199.25 197.58 195.94 194.31 192.71 191.13 189.56 188.02 186.50 185.00 183.53 182.07 180.64 179.23 177.85 176.48 175.14 173.82 172.50 171.18 169.87 168.55 167.24 165.95 164.75 163.68 162.76 161.99 161.39 160.97 160.70 160.53 160.42 160.40 160.44 160.55 160.72 160.95 161.24 161.57 161.96 162.40 162.87 163.39 163.94 164.53 165.14 165.78 166.44 167.12 167.81 168.51 169.23 169.95
231.54 229.57 227.62 225.68 223.75 221.84 219.93 218.04 216.17 214.31 212.46 210.63 208.81 207.01 205.23 203.45 201.70 199.96 198.24 196.53 194.85 193.18 191.52 189.89 188.27 186.67 185.09 183.53 181.99 180.47 178.97 177.49 176.03 174.59 173.17 171.76 170.35 168.94 167.54 166.13 164.74 163.46 162.31 161.32 160.50 159.85 159.36 158.96 158.64 158.41 158.26 158.17 158.16 158.22 158.34 158.52 158.76 159.05 159.39 159.78 160.21 160.68 161.18 161.72 162.29 162.89 163.51 164.15 164.80 165.47 166.14
232.63 230.66 228.69 226.74 224.79 222.85 220.93 219.01 217.11 215.21 213.33 211.46 209.60 207.76 205.92 204.10 202.29 200.50 198.72 196.95 195.20 193.46 191.74 190.03 188.34 186.66 185.00 183.35 181.72 180.11 178.52 176.94 175.38 173.84 172.32 170.81 169.31 167.81 166.31 164.80 163.32 161.94 160.72 159.66 158.78 158.05 157.42 156.89 156.44 156.08 155.80 155.60 155.47 155.41 155.43 155.50 155.64 155.84 156.09 156.39 156.74 157.13 157.56 158.03 158.54 159.07 159.63 160.22 160.82 161.45 162.08
233.56 231.58 229.60 227.62 225.66 223.70 221.75 219.80 217.87 215.94 214.02 212.11 210.21 208.32 206.44 204.57 202.71 200.85 199.01 197.18 195.37 193.56 191.77 189.98 188.21 186.46 184.71 182.98 181.27 179.56 177.87 176.20 174.54 172.90 171.27 169.65 168.05 166.46 164.86 163.25 161.67 160.21 158.91 157.78 156.80 155.94 155.17 154.50 153.93 153.44 153.04 152.72 152.48 152.31 152.22 152.20 152.24 152.34 152.50 152.72 152.99 153.31 153.67 154.07 154.51 154.99 155.50 156.03 156.59 157.18 157.77
234.32 232.32 230.33 228.34 226.35 224.37 222.39 220.42 218.45 216.49 214.53 212.58 210.64 208.70 206.77 204.85 202.93 201.02 199.12 197.23 195.35 193.47 191.60 189.75 187.90 186.06 184.24 182.42 180.61 178.82 177.03 175.26 173.50 171.75 170.02 168.29 166.58 164.88 163.19 161.48 159.80 158.25 156.86 155.63 154.52 153.52 152.62 151.81 151.11 150.50 149.98 149.54 149.19 148.92 148.73 148.61 148.56 148.57 148.65 148.78 148.98 149.22 149.52 149.86 150.24 150.66 151.12 151.60 152.12 152.67 153.23
234.90 232.89 230.88 228.87 226.86 224.86 222.85 220.85 218.85 216.85 214.86 212.87 210.88 208.90 206.92 204.94 202.97 201.00 199.04 197.08 195.13 193.18 191.25 189.31 187.39 185.47 183.56 181.65 179.76 177.87 175.99 174.12 172.25 170.40 168.56 166.72 164.90 163.09 161.28 159.48 157.69 156.05 154.56 153.19 151.93 150.79 149.76 148.83 148.00 147.27 146.63 146.09 145.63 145.26 144.96 144.75 144.60 144.53 144.53 144.59 144.71 144.88 145.11 145.39 145.72 146.08 146.49 146.94 147.42 147.92 148.46
235.30 233.27 231.25 229.22 227.19 225.16 223.13 221.09 219.06 217.03 214.99 212.96 210.93 208.89 206.86 204.83 202.81 200.78 198.75 196.73 194.71 192.70 190.68 188.67 186.67 184.67 182.67 180.68 178.69 176.71 174.73 172.76 170.80 168.84 166.89 164.94 163.01 161.08 159.15 157.24 155.35 153.59 151.95 150.44 149.05 147.78 146.61 145.56 144.61 143.76 143.01 142.36 141.79 141.32 140.93 140.62 140.39 140.24 140.15 140.14 140.19 140.30 140.46 140.69 140.96 141.28 141.64 142.05 142.49 142.96 143.47
235.52 233.48 231.44 229.39 227.34 225.28 223.22 221.15 219.09 217.02 214.94 212.87 210.79 208.71 206.62 204.54 202.45 200.37 198.28 196.19 194.10 192.01 189.93 187.84 185.75 183.67 181.59 179.50 177.42 175.35 173.27 171.20 169.13 167.07 165.01 162.95 160.90 158.85 156.81 154.77 152.78 150.88 149.10 147.45 145.92 144.51 143.22 142.04 140.98 140.01 139.15 138.39 137.73 137.16 136.67 136.28 135.96 135.73 135.57 135.48 135.46 135.50 135.61 135.78 136.00 136.27 136.59 136.96 137.37 137.81 138.29
235.62 233.57 231.51 229.44 227.36 225.28 223.19 221.09 218.99 216.88 214.76 212.64 210.52 208.39 206.25 204.11 201.96 199.82 197.66 195.51 193.35 191.19 189.02 186.86 184.69 182.52 180.35 178.18 176.01 173.83 171.66 169.49 167.31 165.14 162.97 160.80 158.63 156.46 154.30 152.18 150.14 148.14 146.22 144.43 142.76 141.22 139.80 138.50 137.31 136.24 135.26 134.40 133.63 132.96 132.38 131.89 131.49 131.18 130.94 130.78 130.69 130.67 130.72 130.82 130.99 131.22 131.50 131.82 132.19 132.61 133.06
235.65 233.58 231.50 229.41 227.31 225.20 223.07 220.94 218.80 216.65 214.49 212.32 210.15 207.96 205.77 203.58 201.37 199.16 196.94 194.72 192.48 190.25 188.01 185.76 183.51 181.25 178.99 176.73 174.46 172.19 169.92 167.64 165.36 163.08 160.79 158.51 156.22 153.93 151.69 149.54 147.48 145.44 143.42 141.49 139.69 138.01 136.46 135.03 133.72 132.53 131.44 130.46 129.59 128.82 128.14 127.56 127.07 126.67 126.35 126.12 125.96 125.87 125.85 125.90 126.02 126.19 126.42 126.71 127.04 127.42 127.85
235.61 233.52 231.42 229.30 227.17 225.03 222.87 220.70 218.52 216.33 214.13 211.91 209.69 207.45 205.20 202.94 200.68 198.40 196.11 193.82 191.51 189.20 186.88 184.55 182.21 179.87 177.52 175.16 172.80 170.42 168.05 165.66 163.28 160.88 158.49 156.08 153.68 151.31 149.04 146.87 144.78 142.72 140.67 138.65 136.71 134.89 133.21 131.65 130.21 128.90 127.70 126.61 125.62 124.75 123.97 123.30 122.72 122.23 121.83 121.51 121.28 121.12 121.04 121.03 121.08 121.21 121.39 121.63 121.92 122.27 122.66
235.50 233.39 231.26 229.12 226.96 224.78 222.59 220.39 218.16 215.93 213.68 211.41 209.13 206.84 204.54 202.22 199.89 197.54 195.19 192.82 190.44 188.05 185.65 183.23 180.81 178.37 175.93 173.48 171.01 168.54 166.06 163.57 161.07 158.57 156.05 153.54 151.05 148.66 146.36 144.17 142.07 139.99 137.92 135.86 133.83 131.88 130.06 128.37 126.80 125.36 124.04 122.84 121.75 120.76 119.89 119.11 118.44 117.86 117.38 116.98 116.67 116.44 116.29 116.21 116.21 116.28 116.41 116.60 116.85 117.16 117.51
235.32 233.19 231.04 228.87 226.68 224.47 222.24 219.99 217.73 215.45 213.15 210.83 208.50 206.15 203.79 201.40 199.01 196.59 194.17 191.72 189.27 186.80 184.31 181.81 179.30 176.77 174.24 171.68 169.12 166.55 163.96 161.36 158.75 156.13 153.50 150.91 148.40 145.98 143.67 141.46 139.34 137.25 135.16 133.09 131.02 128.98 127.03 125.20 123.51 121.94 120.50 119.18 117.97 116.88 115.90 115.02 114.25 113.58 113.01 112.53 112.14 111.83 111.61 111.47 111.41 111.41 111.49 111.63 111.84 112.10 112.42
235.09 232.93 230.75 228.55 226.33 224.08 221.82 219.53 217.22 214.89 212.54 210.17 207.79 205.38 202.95 200.50 198.04 195.56 193.06 190.54 188.00 185.45 182.88 180.29 177.69 175.07 172.44 169.79 167.12 164.44 161.75 159.04 156.32 153.58 150.88 148.26 145.73 143.30 140.97 138.75 136.62 134.51 132.41 130.32 128.24 126.16 124.12 122.16 120.34 118.64 117.07 115.63 114.31 113.11 112.02 111.04 110.17 109.41 108.74 108.18 107.70 107.32 107.03 106.82 106.69 106.63 106.65 106.74 106.90 107.12 107.40
234.80 232.62 230.41 228.18 225.92 223.64 221.33 219.00 216.64 214.27 211.87 209.44 207.00 204.53 202.04 199.53 196.99 194.44 191.86 189.27 186.65 184.01 181.36 178.68 175.99 173.28 170.54 167.79 165.02 162.24 159.43 156.61 153.78 150.97 148.24 145.60 143.06 140.61 138.27 136.04 133.90 131.78 129.67 127.56 125.46 123.38 121.31 119.26 117.30 115.48 113.78 112.22 110.78 109.46 108.27 107.18 106.21 105.35 104.59 103.94 103.38 102.92 102.55 102.27 102.07 101.95 101.91 101.95 102.05 102.23 102.47
234.46 232.25 230.01 227.75 225.45 223.13 220.78 218.41 216.01 213.58 211.12 208.64 206.14 203.61 201.05 198.47 195.87 193.24 190.59 187.91 185.22 182.50 179.75 176.98 174.20 171.39 168.55 165.70 162.83 159.93 157.02 154.09 151.18 148.35 145.60 142.95 140.39 137.94 135.59 133.35 131.19 129.07 126.94 124.83 122.72 120.62 118.54 116.47 114.42 112.47 110.64 108.95 107.39 105.96 104.65 103.46 102.38 101.42 100.57 99.82 99.18 98.63 98.19 97.83 97.56 97.38 97.28 97.26 97.31 97.44 97.63
234.08 231.84 229.57 227.27 224.94 222.57 220.18 217.76 215.31 212.83 210.32 207.78 205.22 202.62 200.00 197.35 194.68 191.97 189.24 186.49 183.70 180.90 178.06 175.20 172.32 169.41 166.48 163.52 160.54 157.54 154.51 151.51 148.58 145.73 142.97 140.31 137.75 135.28 132.92 130.67 128.52 126.38 124.25 122.13 120.01 117.90 115.81 113.73 111.66 109.62 107.67 105.85 104.17 102.61 101.19 99.89 98.70 97.64 96.69 95.85 95.12 94.49 93.96 93.52 93.18 92.93 92.77 92.69 92.68 92.76 92.90
233.66 231.39 229.08 226.75 224.37 221.97 219.53 217.06 214.56 212.03 209.46 206.86 204.23 201.57 198.88 196.16 193.41 190.63 187.82 184.99 182.12 179.22 176.30 173.34 170.36 167.35 164.32 161.26 158.17 155.05 151.96 148.93 145.99 143.13 140.37 137.70 135.13 132.66 130.29 128.04 125.87 123.73 121.60 119.47 117.35 115.23 113.13 111.04 108.96 106.90 104.86 102.92 101.11 99.43 97.89 96.48 95.19 94.02 92.97 92.03 91.20 90.49 89.87 89.36 88.94 88.62 88.39 88.25 88.19 88.21 88.31
233.20 230.90 228.56 226.18 223.77 221.32 218.84 216.32 213.76 211.17 208.55 205.89 203.20 200.47 197.71 194.92 192.09 189.23 186.34 183.42 180.46 177.48 174.46 171.41 168.33 165.22 162.08 158.91 155.71 152.53 149.42 146.38 143.43 140.56 137.79 135.12 132.54 130.06 127.70 125.44 123.27 121.13 118.99 116.86 114.73 112.61 110.50 108.41 106.32 104.25 102.20 100.17 98.24 96.44 94.77 93.24 91.84 90.57 89.41 88.38 87.46 86.65 85.95 85.35 84.86 84.47 84.17 83.96 83.84 83.80 83.85
232.72 230.38 228.00 225.59 223.13 220.64 218.10 215.53 212.92 210.28 207.59 204.87 202.11 199.31 196.48 193.62 190.71 187.77 184.80 181.79 178.75 175.67 172.55 169.41 166.23 163.01 159.77 156.49 153.23 150.03 146.90 143.86 140.90 138.03 135.26 132.58 130.00 127.52 125.15 122.89 120.73 118.59 116.45 114.31 112.18 110.06 107.95 105.85 103.76 101.68 99.62 97.57 95.56 93.64 91.85 90.20 88.69 87.30 86.04 84.91 83.89 82.99 82.20 81.52 80.95 80.48 80.10 79.83 79.64 79.55 79.54
232.20 229.83 227.42 224.96 222.46 219.92 217.33 214.71 212.04 209.34 206.59 203.80 200.98 198.11 195.21 192.26 189.28 186.26 183.20 180.10 176.97 173.80 170.59 167.34 164.06 160.74 157.39 154.05 150.77 147.56 144.43 141.38 138.42 135.55 132.77 130.09 127.50 125.03 122.66 120.41 118.24 116.10 113.97 111.83 109.70 107.58 105.47 103.36 101.27 99.19 97.13 95.08 93.05 91.05 89.14 87.37 85.74 84.24 82.87 81.63 80.51 79.52 78.64 77.87 77.22 76.67 76.22 75.87 75.62 75.47 75.40
231.67 229.26 226.81 224.30 221.76 219.17 216.53 213.85 211.13 208.36 205.55 202.70 199.80 196.87 193.89 190.87 187.80 184.70 181.55 178.36 175.14 171.87 168.56 165.22 161.83 158.41 154.99 151.63 148.35 145.13 142.00 138.95 135.99 133.11 130.34 127.65 125.08 122.60 120.24 117.99 115.83 113.70 111.56 109.43 107.31 105.19 103.07 100.97 98.88 96.80 94.73 92.68 90.64 88.63 86.65 84.76 83.01 81.39 79.91 78.57 77.35 76.25 75.28 74.42 73.68 73.05 72.53 72.11 71.79 71.57 71.44
231.13 228.68 226.18 223.63 221.04 218.40 215.71 212.97 210.19 207.36 204.48 201.56 198.60 195.58 192.53 189.43 186.28 183.09 179.86 176.58 173.26 169.89 166.49 163.04 159.55 156.06 152.63 149.27 145.98 142.77 139.63 136.58 133.62 130.75 127.97 125.29 122.72 120.25 117.89 115.65 113.50 111.37 109.24 107.12 105.00 102.88 100.77 98.67 96.58 94.50 92.44 90.39 88.35 86.33 84.34 82.37 80.50 78.77 77.18 75.72 74.40 73.21 72.14 71.19 70.36 69.64 69.04 68.55 68.16 67.87 67.68
230.57 228.08 225.54 222.94 220.30 217.60 214.86 212.07 209.22 206.33 203.39 200.40 197.36 194.27 191.14 187.95 184.72 181.45 178.12 174.75 171.33 167.87 164.36 160.81 157.26 153.76 150.33 146.96 143.67 140.46 137.33 134.28 131.32 128.45 125.68 123.01 120.44 117.98 115.63 113.39 111.26 109.14 107.02 104.90 102.79 100.68 98.57 96.48 94.39 92.32 90.26 88.21 86.17 84.16 82.16 80.18 78.24 76.40 74.69 73.12 71.69 70.39 69.22 68.18 67.26 66.46 65.78 65.20 64.74 64.38 64.13
230.01 227.47 224.88 222.24 219.55 216.80 214.00 211.14 208.24 205.28 202.27 199.21 196.09 192.93 189.71 186.45 183.13 179.77 176.35 172.89 169.37 165.81 162.20 158.59 155.03 151.53 148.09 144.73 141.44 138.23 135.10 132.05 129.10 126.24 123.47 120.81 118.25 115.80 113.46 111.24 109.11 107.00 104.90 102.79 100.69 98.58 96.49 94.40 92.32 90.25 88.20 86.15 84.12 82.11 80.12 78.14 76.19 74.27 72.45 70.77 69.23 67.82 66.55 65.41 64.40 63.51 62.74 62.09 61.55 61.12 60.80
