data_processed/recharge/precip/Precip_2009_07.asc
ncols        168
nrows        136
xllcorner    455000
yllcorner    2107000
cellsize     500
NODATA_value     -99999
[rows 66 to 98 of 136, columns 75 to 149 of 168]
185.97 185.75 184.54 181.96 178.14 173.25 167.44 160.86 153.68 146.05 138.13 130.07 122.03 114.21 106.86 100.16 94.13 88.73 83.93 79.68 75.96 72.74 69.96 67.60 65.62 63.99 62.67 61.64 60.93 60.53 60.42 60.57 60.95 61.54 62.31 63.23 64.28 65.44 66.67 67.95 69.27 70.50 71.53 72.33 72.88 73.19 73.23 73.02 72.54 71.79 70.76 69.44 67.85 66.30 65.16 64.45 64.11 64.12 64.43 65.01 65.82 66.83 67.99 69.27 70.63 71.97 73.20 74.26 75.12 75.81 76.35 76.75 77.05 77.27 77.43
184.09 183.76 182.44 179.75 175.82 170.82 164.90 158.21 150.91 143.16 135.12 126.94 118.81 111.05 103.83 97.22 91.26 85.94 81.20 77.02 73.35 70.16 67.42 65.09 63.13 61.50 60.18 59.14 58.43 58.02 57.90 58.04 58.41 58.99 59.75 60.66 61.70 62.84 64.07 65.35 66.67 68.00 69.23 70.22 70.95 71.42 71.61 71.52 71.15 70.49 69.53 68.26 66.70 65.17 64.06 63.38 63.07 63.12 63.47 64.10 64.96 66.02 67.23 68.57 69.91 71.19 72.38 73.45 74.37 75.10 75.68 76.13 76.46 76.71 76.89
182.29 181.82 180.38 177.56 173.51 168.37 162.32 155.49 148.06 140.18 131.99 123.72 115.67 108.06 100.96 94.43 88.51 83.24 78.57 74.45 70.84 67.70 64.99 62.68 60.74 59.13 57.80 56.76 56.04 55.62 55.50 55.63 55.99 56.56 57.31 58.21 59.25 60.38 61.61 62.89 64.22 65.55 66.86 68.05 68.98 69.62 69.97 70.02 69.77 69.21 68.33 67.13 65.62 64.13 63.06 62.42 62.17 62.27 62.68 63.36 64.29 65.41 66.69 68.02 69.29 70.50 71.63 72.67 73.60 74.39 75.01 75.50 75.87 76.14 76.35
180.60 179.98 178.39 175.43 171.23 165.95 159.74 152.77 145.18 137.14 128.85 120.67 112.82 105.37 98.38 91.90 85.99 80.71 76.08 72.02 68.46 65.37 62.70 60.42 58.50 56.90 55.58 54.53 53.80 53.38 53.24 53.37 53.72 54.29 55.03 55.93 56.96 58.10 59.32 60.61 61.93 63.26 64.58 65.85 66.97 67.80 68.33 68.53 68.42 67.98 67.20 66.08 64.63 63.19 62.19 61.61 61.42 61.58 62.06 62.83 63.83 65.03 66.30 67.54 68.74 69.88 70.95 71.95 72.86 73.66 74.34 74.86 75.27 75.58 75.82
179.07 178.27 176.53 173.40 169.04 163.59 157.21 150.07 142.31 134.15 125.98 118.03 110.37 103.06 96.17 89.74 83.83 78.50 73.81 69.77 66.26 63.21 60.58 58.34 56.43 54.84 53.53 52.48 51.75 51.32 51.18 51.30 51.65 52.21 52.95 53.85 54.88 56.02 57.24 58.53 59.85 61.18 62.50 63.77 64.97 65.99 66.70 67.08 67.11 66.80 66.14 65.12 63.75 62.38 61.44 60.94 60.83 61.08 61.65 62.50 63.58 64.78 65.96 67.12 68.24 69.31 70.33 71.28 72.16 72.96 73.66 74.23 74.68 75.02 75.29
177.73 176.75 174.82 171.52 166.97 161.34 154.78 147.45 139.56 131.53 123.62 115.90 108.42 101.25 94.44 88.04 82.12 76.73 71.93 67.78 64.27 61.27 58.68 56.46 54.59 53.01 51.70 50.65 49.91 49.49 49.35 49.46 49.81 50.37 51.10 52.00 53.03 54.17 55.40 56.69 58.01 59.33 60.65 61.91 63.11 64.21 65.11 65.67 65.87 65.71 65.18 64.27 62.99 61.71 60.86 60.44 60.43 60.78 61.45 62.39 63.47 64.57 65.66 66.73 67.77 68.79 69.75 70.67 71.52 72.29 72.99 73.59 74.09 74.47 74.77
176.64 175.45 173.32 169.82 165.07 159.24 152.48 145.00 137.27 129.54 121.89 114.39 107.08 100.03 93.29 86.92 80.97 75.51 70.59 66.27 62.60 59.57 57.02 54.84 52.99 51.43 50.13 49.08 48.34 47.91 47.77 47.88 48.23 48.79 49.53 50.42 51.46 52.60 53.83 55.11 56.43 57.75 59.06 60.32 61.52 62.62 63.59 64.33 64.72 64.72 64.33 63.54 62.37 61.19 60.44 60.14 60.23 60.69 61.46 62.40 63.38 64.37 65.37 66.36 67.33 68.28 69.20 70.08 70.90 71.66 72.36 72.97 73.50 73.92 74.26
175.83 174.41 172.08 168.36 163.39 157.34 150.42 143.12 135.71 128.29 120.90 113.60 106.45 99.51 92.83 86.47 80.48 74.94 69.88 65.38 61.48 58.24 55.65 53.50 51.67 50.13 48.84 47.79 47.06 46.63 46.49 46.60 46.95 47.51 48.25 49.15 50.19 51.33 52.55 53.84 55.15 56.47 57.77 59.03 60.22 61.31 62.28 63.09 63.66 63.83 63.61 62.96 61.91 60.85 60.22 60.03 60.25 60.82 61.59 62.42 63.29 64.17 65.08 65.99 66.89 67.79 68.66 69.50 70.30 71.05 71.74 72.37 72.91 73.37 73.75
175.35 173.69 171.12 167.16 161.96 155.75 149.02 142.08 135.02 127.89 120.74 113.63 106.63 99.78 93.15 86.79 80.76 75.12 69.92 65.22 61.08 57.55 54.69 52.48 50.68 49.16 47.88 46.83 46.10 45.67 45.53 45.65 46.00 46.57 47.31 48.21 49.25 50.39 51.61 52.89 54.20 55.52 56.81 58.06 59.24 60.32 61.29 62.10 62.73 63.08 63.03 62.54 61.63 60.70 60.20 60.15 60.49 61.06 61.71 62.42 63.17 63.96 64.77 65.60 66.44 67.28 68.11 68.92 69.70 70.44 71.13 71.77 72.34 72.84 73.25
175.25 173.32 170.50 166.29 160.92 154.90 148.58 142.02 135.28 128.43 121.51 114.59 107.72 100.96 94.36 87.99 81.90 76.15 70.79 65.88 61.49 57.66 54.46 51.93 50.05 48.54 47.27 46.24 45.51 45.08 44.95 45.07 45.43 45.99 46.73 47.64 48.67 49.81 51.03 52.31 53.61 54.93 56.21 57.46 58.63 59.70 60.65 61.45 62.08 62.50 62.62 62.30 61.55 60.75 60.40 60.49 60.83 61.28 61.80 62.38 63.02 63.71 64.44 65.20 65.97 66.76 67.54 68.32 69.08 69.81 70.51 71.16 71.76 72.29 72.75
175.56 173.35 170.26 165.87 160.71 155.14 149.23 143.03 136.61 130.02 123.32 116.57 109.82 103.13 96.56 90.17 84.00 78.13 72.60 67.48 62.82 58.68 55.11 52.18 49.93 48.32 47.06 46.03 45.31 44.89 44.76 44.89 45.25 45.81 46.56 47.46 48.49 49.63 50.85 52.12 53.42 54.73 56.01 57.24 58.40 59.47 60.41 61.20 61.81 62.23 62.41 62.26 61.67 61.04 60.83 60.92 61.13 61.43 61.82 62.29 62.82 63.42 64.06 64.74 65.46 66.19 66.94 67.69 68.43 69.16 69.86 70.53 71.16 71.73 72.24
176.30 173.82 170.53 166.38 161.70 156.57 151.06 145.22 139.10 132.77 126.27 119.68 113.04 106.41 99.86 93.42 87.18 81.17 75.47 70.11 65.18 60.71 56.77 53.41 50.69 48.67 47.29 46.26 45.55 45.14 45.01 45.14 45.50 46.06 46.81 47.71 48.74 49.88 51.09 52.36 53.65 54.95 56.22 57.45 58.60 59.65 60.58 61.36 61.96 62.36 62.54 62.45 62.03 61.55 61.34 61.29 61.35 61.51 61.78 62.13 62.56 63.06 63.62 64.23 64.88 65.57 66.28 67.01 67.73 68.46 69.17 69.86 70.52 71.13 71.70
177.30 174.77 171.73 168.09 163.90 159.21 154.09 148.59 142.77 136.68 130.39 123.94 117.40 110.83 104.27 97.80 91.46 85.31 79.41 73.82 68.60 63.79 59.47 55.68 52.48 49.94 48.10 46.94 46.22 45.82 45.69 45.82 46.18 46.75 47.50 48.40 49.43 50.56 51.77 53.03 54.32 55.61 56.88 58.09 59.24 60.28 61.19 61.96 62.55 62.93 63.09 63.00 62.63 62.15 61.80 61.58 61.49 61.52 61.66 61.90 62.23 62.64 63.12 63.66 64.26 64.90 65.57 66.27 66.99 67.71 68.43 69.15 69.84 70.50 71.12
178.07 175.67 172.98 169.88 166.20 161.98 157.27 152.14 146.63 140.82 134.74 128.47 122.05 115.56 109.03 102.53 96.12 89.86 83.80 77.99 72.50 67.39 62.70 58.51 54.86 51.81 49.44 47.88 47.05 46.66 46.54 46.69 47.06 47.63 48.39 49.29 50.33 51.46 52.68 53.94 55.23 56.52 57.79 59.00 60.14 61.18 62.09 62.85 63.43 63.81 63.96 63.85 63.45 62.88 62.37 61.99 61.75 61.64 61.65 61.77 61.99 62.31 62.70 63.18 63.71 64.30 64.94 65.61 66.31 67.03 67.76 68.49 69.21 69.91 70.59
178.32 176.03 173.49 170.75 167.61 163.90 159.66 154.95 149.81 144.32 138.52 132.47 126.23 119.86 113.41 106.95 100.52 94.19 88.01 82.05 76.35 70.97 65.98 61.43 57.37 53.89 51.11 49.11 47.92 47.43 47.34 47.50 47.90 48.49 49.27 50.19 51.24 52.40 53.63 54.91 56.21 57.51 58.79 60.02 61.17 62.22 63.14 63.90 64.49 64.87 65.02 64.89 64.44 63.82 63.21 62.68 62.28 62.02 61.89 61.89 62.00 62.21 62.52 62.91 63.37 63.91 64.50 65.14 65.82 66.52 67.25 67.99 68.73 69.47 70.19
178.06 175.87 173.44 170.85 168.08 164.92 161.20 156.95 152.24 147.12 141.64 135.87 129.86 123.67 117.36 110.98 104.59 98.24 92.00 85.93 80.07 74.49 69.24 64.38 60.00 56.20 53.07 50.67 49.07 48.25 48.08 48.28 48.71 49.34 50.15 51.10 52.19 53.37 54.63 55.94 57.27 58.60 59.90 61.16 62.33 63.40 64.34 65.13 65.73 66.13 66.26 66.07 65.57 64.91 64.25 63.62 63.07 62.66 62.39 62.25 62.23 62.34 62.54 62.85 63.24 63.71 64.24 64.84 65.49 66.17 66.89 67.64 68.39 69.15 69.91
177.31 175.23 172.91 170.42 167.80 165.01 161.84 158.12 153.88 149.19 144.09 138.65 132.92 126.96 120.83 114.59 108.29 101.98 95.73 89.60 83.64 77.90 72.45 67.37 62.76 58.71 55.26 52.51 50.54 49.35 48.89 49.03 49.51 50.18 51.04 52.04 53.17 54.40 55.70 57.05 58.42 59.79 61.13 62.42 63.63 64.74 65.72 66.54 67.17 67.55 67.62 67.37 66.83 66.13 65.43 64.75 64.10 63.54 63.11 62.84 62.69 62.68 62.78 62.98 63.29 63.69 64.16 64.71 65.32 65.98 66.68 67.42 68.18 68.96 69.74
176.12 174.14 171.91 169.54 167.02 164.38 161.58 158.41 154.70 150.49 145.82 140.76 135.37 129.70 123.81 117.75 111.59 105.38 99.18 93.04 87.02 81.18 75.61 70.40 65.63 61.37 57.66 54.60 52.31 50.79 49.99 49.87 50.31 51.04 51.96 53.02 54.21 55.49 56.85 58.25 59.68 61.10 62.50 63.84 65.10 66.25 67.28 68.14 68.76 69.07 69.08 68.78 68.20 67.46 66.71 65.99 65.30 64.64 64.07 63.64 63.36 63.22 63.21 63.31 63.52 63.84 64.24 64.73 65.29 65.92 66.60 67.32 68.08 68.87 69.68
174.49 172.61 170.49 168.22 165.81 163.27 160.62 157.83 154.67 150.99 146.81 142.19 137.18 131.85 126.25 120.44 114.47 108.40 102.29 96.20 90.19 84.33 78.72 73.45 68.57 64.13 60.20 56.88 54.32 52.51 51.42 51.00 51.21 51.93 52.91 54.05 55.31 56.66 58.09 59.56 61.06 62.55 64.01 65.41 66.73 67.95 69.03 69.88 70.43 70.68 70.63 70.28 69.65 68.87 68.09 67.33 66.60 65.90 65.23 64.66 64.24 63.96 63.82 63.81 63.93 64.15 64.48 64.90 65.41 65.99 66.64 67.34 68.09 68.89 69.73
172.46 170.68 168.66 166.49 164.18 161.75 159.21 156.56 153.79 150.66 147.02 142.89 138.32 133.38 128.12 122.61 116.88 111.01 105.06 99.07 93.13 87.33 81.76 76.47 71.52 66.96 62.86 59.33 56.53 54.49 53.15 52.48 52.42 52.94 53.93 55.14 56.49 57.93 59.44 60.99 62.57 64.14 65.68 67.16 68.56 69.84 70.91 71.69 72.16 72.35 72.24 71.85 71.18 70.36 69.55 68.75 67.98 67.23 66.53 65.87 65.30 64.88 64.61 64.48 64.49 64.62 64.86 65.21 65.65 66.18 66.79 67.46 68.21 69.02 69.87
170.05 168.37 166.45 164.38 162.17 159.85 157.41 154.87 152.24 149.50 146.42 142.83 138.76 134.26 129.40 124.23 118.81 113.19 107.43 101.62 95.85 90.18 84.69 79.42 74.45 69.82 65.59 61.88 58.90 56.67 55.13 54.24 53.97 54.27 55.09 56.32 57.76 59.30 60.91 62.56 64.22 65.89 67.52 69.09 70.57 71.85 72.84 73.54 73.94 74.06 73.90 73.46 72.76 71.91 71.06 70.22 69.41 68.63 67.89 67.18 66.53 65.97 65.56 65.31 65.20 65.22 65.37 65.64 66.01 66.48 67.04 67.70 68.43 69.24 70.10
167.30 165.71 163.88 161.91 159.81 157.59 155.25 152.82 150.30 147.71 145.01 141.99 138.46 134.46 130.05 125.28 120.20 114.89 109.41 103.86 98.31 92.83 87.46 82.27 77.31 72.65 68.34 64.51 61.39 59.00 57.31 56.26 55.82 55.94 56.57 57.67 59.15 60.79 62.51 64.27 66.04 67.81 69.55 71.22 72.70 73.89 74.80 75.41 75.75 75.81 75.59 75.11 74.37 73.49 72.61 71.74 70.90 70.08 69.30 68.55 67.86 67.21 66.67 66.28 66.05 65.96 66.01 66.18 66.48 66.88 67.40 68.03 68.75 69.55 70.40
164.23 162.73 161.00 159.12 157.12 154.99 152.76 150.43 148.02 145.53 142.98 140.34 137.39 133.94 130.03 125.71 121.05 116.11 110.99 105.76 100.49 95.22 90.02 84.95 80.06 75.41 71.07 67.16 63.95 61.46 59.66 58.49 57.92 57.90 58.39 59.35 60.72 62.42 64.26 66.14 68.04 69.93 71.77 73.44 74.83 75.93 76.75 77.29 77.56 77.56 77.30 76.77 76.00 75.09 74.18 73.28 72.40 71.55 70.73 69.96 69.22 68.53 67.91 67.39 67.02 66.81 66.75 66.83 67.04 67.39 67.87 68.46 69.16 69.93 70.78
160.87 159.46 157.82 156.04 154.13 152.10 149.97 147.74 145.43 143.05 140.61 138.11 135.55 132.68 129.32 125.51 121.32 116.84 112.14 107.28 102.33 97.33 92.34 87.43 82.66 78.07 73.74 69.80 66.53 63.99 62.12 60.88 60.23 60.12 60.52 61.37 62.63 64.27 66.18 68.19 70.22 72.23 74.08 75.66 76.95 77.96 78.70 79.16 79.36 79.31 78.99 78.43 77.63 76.69 75.75 74.82 73.92 73.03 72.18 71.37 70.60 69.88 69.21 68.61 68.11 67.77 67.60 67.57 67.71 68.00 68.43 68.98 69.64 70.39 71.21
157.24 155.92 154.37 152.68 150.86 148.93 146.89 144.77 142.56 140.28 137.94 135.56 133.14 130.66 127.88 124.64 121.01 117.05 112.82 108.38 103.78 99.09 94.37 89.67 85.05 80.58 76.30 72.37 69.10 66.55 64.66 63.40 62.71 62.56 62.90 63.69 64.89 66.45 68.32 70.43 72.59 74.61 76.36 77.83 79.03 79.95 80.61 81.00 81.14 81.03 80.67 80.07 79.24 78.27 77.31 76.35 75.42 74.51 73.63 72.78 71.98 71.22 70.52 69.87 69.30 68.84 68.54 68.42 68.48 68.71 69.08 69.58 70.19 70.90 71.70
153.37 152.13 150.67 149.07 147.35 145.51 143.57 141.54 139.43 137.25 135.02 132.74 130.43 128.09 125.72 123.12 120.10 116.70 112.98 109.00 104.81 100.48 96.07 91.62 87.21 82.88 78.71 74.84 71.62 69.10 67.23 65.99 65.31 65.16 65.50 66.28 67.45 68.98 70.82 72.91 75.04 76.95 78.59 79.95 81.05 81.89 82.46 82.79 82.87 82.70 82.30 81.66 80.81 79.82 78.83 77.85 76.89 75.95 75.04 74.17 73.33 72.54 71.81 71.13 70.51 69.98 69.58 69.38 69.35 69.50 69.80 70.24 70.80 71.47 72.23
149.30 148.14 146.76 145.25 143.61 141.87 140.02 138.09 136.07 134.00 131.86 129.69 127.48 125.27 123.09 120.92 118.53 115.74 112.58 109.11 105.38 101.45 97.39 93.24 89.08 84.95 80.92 77.16 74.02 71.58 69.79 68.61 67.99 67.89 68.27 69.08 70.28 71.82 73.65 75.58 77.46 79.21 80.73 82.00 83.00 83.75 84.26 84.51 84.53 84.32 83.87 83.20 82.32 81.31 80.30 79.30 78.32 77.35 76.42 75.51 74.65 73.83 73.06 72.35 71.71 71.16 70.72 70.43 70.31 70.38 70.60 70.97 71.47 72.08 72.80
145.04 143.96 142.67 141.24 139.69 138.03 136.28 134.43 132.52 130.54 128.50 126.43 124.34 122.27 120.23 118.26 116.30 114.14 111.58 108.66 105.43 101.95 98.29 94.49 90.62 86.74 82.90 79.28 76.29 73.97 72.30 71.23 70.71 70.70 71.17 72.05 73.32 74.91 76.62 78.30 79.90 81.41 82.79 83.95 84.86 85.53 85.96 86.15 86.11 85.85 85.37 84.67 83.76 82.74 81.71 80.68 79.68 78.69 77.73 76.80 75.91 75.06 74.26 73.53 72.88 72.34 71.89 71.55 71.35 71.32 71.46 71.75 72.18 72.73 73.39
140.62 139.62 138.41 137.06 135.60 134.03 132.36 130.61 128.79 126.90 124.97 123.00 121.04 119.11 117.22 115.38 113.61 111.87 109.94 107.61 104.93 101.95 98.72 95.32 91.79 88.20 84.60 81.18 78.36 76.22 74.71 73.79 73.42 73.55 74.15 75.16 76.52 78.03 79.53 80.96 82.31 83.59 84.76 85.79 86.61 87.20 87.56 87.69 87.59 87.28 86.76 86.03 85.11 84.07 83.02 81.98 80.95 79.94 78.96 78.01 77.09 76.22 75.40 74.67 74.03 73.49 73.05 72.70 72.45 72.32 72.37 72.58 72.93 73.41 74.00
136.07 135.15 134.02 132.75 131.37 129.89 128.31 126.65 124.91 123.12 121.29 119.45 117.63 115.83 114.07 112.36 110.72 109.15 107.63 105.92 103.83 101.39 98.65 95.68 92.54 89.28 85.97 82.79 80.19 78.27 76.97 76.26 76.08 76.40 77.17 78.32 79.66 80.99 82.27 83.49 84.64 85.70 86.67 87.53 88.24 88.75 89.03 89.10 88.96 88.60 88.04 87.29 86.34 85.29 84.23 83.17 82.13 81.10 80.10 79.12 78.18 77.29 76.48 75.76 75.14 74.60 74.16 73.81 73.54 73.37 73.33 73.44 73.70 74.10 74.62
131.42 130.57 129.52 128.33 127.03 125.63 124.14 122.56 120.92 119.22 117.51 115.80 114.10 112.42 110.79 109.20 107.67 106.23 104.87 103.57 102.08 100.23 98.03 95.55 92.84 89.96 86.97 84.08 81.75 80.09 79.05 78.58 78.64 79.19 80.16 81.33 82.51 83.66 84.77 85.82 86.79 87.69 88.49 89.17 89.74 90.15 90.37 90.38 90.18 89.78 89.19 88.41 87.45 86.39 85.31 84.24 83.18 82.14 81.12 80.12 79.17 78.29 77.51 76.80 76.19 75.66 75.22 74.87 74.60 74.41 74.31 74.33 74.49 74.81 75.25
126.70 125.92 124.94 123.83 122.61 121.29 119.88 118.39 116.84 115.26 113.66 112.06 110.48 108.92 107.39 105.92 104.50 103.16 101.91 100.76 99.68 98.43 96.81 94.86 92.62 90.17 87.56 85.00 82.99 81.64 80.90 80.72 81.07 81.87 82.90 83.95 84.99 85.99 86.96 87.86 88.70 89.46 90.12 90.67 91.11 91.40 91.54 91.49 91.25 90.81 90.19 89.39 88.41 87.34 86.25 85.17 84.10 83.04 82.00 81.00 80.07 79.22 78.45 77.77 77.17 76.65 76.21 75.86 75.58 75.38 75.26 75.22 75.30 75.51 75.86
121.92 121.22 120.31 119.28 118.13 116.89 115.56 114.16 112.71 111.24 109.75 108.26 106.78 105.32 103.90 102.53 101.22 99.98 98.83 97.78 96.83 95.98 94.96 93.58 91.87 89.89 87.70 85.51 83.87 82.87 82.47 82.64 83.29 84.19 85.13 86.07 87.00 87.90 88.75 89.56 90.29 90.94 91.51 91.96 92.29 92.49 92.55 92.44 92.15 91.67 91.02 90.20 89.21 88.13 87.03 85.94 84.86 83.79 82.74 81.77 80.87 80.05 79.31 78.64 78.06 77.55 77.12 76.76 76.48 76.27 76.14 76.08 76.09 76.21 76.46
