data_processed/recharge/precip/Precip_2001_06.asc
ncols        168
nrows        136
xllcorner    455000
yllcorner    2107000
cellsize     500
NODATA_value     -99999
[rows 96 to 127 of 136, columns 0 to 71 of 168]
184.31 193.21 200.44 206.06 210.15 212.76 213.95 213.80 212.64 211.26 209.95 208.73 207.59 206.61 206.11 206.19 206.77 207.77 209.09 210.65 212.36 214.12 215.86 217.47 218.96 220.37 221.70 222.95 224.12 225.20 226.18 227.08 227.88 228.58 229.15 229.51 229.67 229.63 229.43 229.11 228.68 228.16 227.54 226.81 225.97 224.99 223.87 222.61 221.19 219.59 217.61 215.09 212.08 208.62 204.77 200.59 196.10 191.38 186.47 181.42 176.31 171.24 166.28 161.45 156.78 152.30 148.01 143.93 140.06 136.42 133.01 129.84
181.13 189.68 196.55 201.80 205.48 207.67 208.44 208.13 207.56 207.06 206.63 206.27 205.96 205.70 205.57 205.82 206.55 207.66 209.07 210.70 212.44 214.22 215.95 217.53 218.97 220.32 221.60 222.79 223.89 224.91 225.83 226.66 227.38 227.98 228.36 228.52 228.50 228.30 227.96 227.50 226.94 226.32 225.63 224.87 224.02 223.08 222.03 220.88 219.60 218.17 216.37 214.01 211.15 207.83 204.10 200.01 195.62 190.96 186.10 181.12 176.13 171.19 166.32 161.56 156.94 152.49 148.25 144.21 140.37 136.75 133.36 130.20
177.55 185.59 191.94 196.64 199.76 201.37 201.84 202.02 202.26 202.56 202.91 203.30 203.73 204.19 204.67 205.24 206.11 207.33 208.83 210.51 212.29 214.08 215.78 217.32 218.71 220.00 221.21 222.34 223.38 224.32 225.17 225.92 226.53 226.93 227.11 227.08 226.89 226.54 226.06 225.48 224.82 224.11 223.35 222.56 221.72 220.82 219.85 218.81 217.68 216.43 214.81 212.63 209.92 206.74 203.14 199.15 194.85 190.27 185.51 180.68 175.85 171.03 166.26 161.59 157.03 152.63 148.41 144.40 140.60 137.01 133.64 130.50
173.61 180.98 186.63 190.61 193.01 194.19 195.06 195.97 196.93 197.93 198.96 200.02 201.09 202.16 203.24 204.32 205.44 206.77 208.35 210.08 211.89 213.68 215.36 216.85 218.17 219.40 220.55 221.60 222.57 223.43 224.20 224.83 225.24 225.42 225.40 225.20 224.84 224.34 223.74 223.05 222.30 221.51 220.70 219.89 219.06 218.21 217.32 216.39 215.41 214.35 212.93 210.93 208.38 205.35 201.87 198.00 193.80 189.34 184.77 180.13 175.45 170.77 166.13 161.55 157.06 152.71 148.53 144.54 140.77 137.21 133.87 130.75
169.35 175.88 180.66 183.77 185.61 187.09 188.61 190.17 191.75 193.35 194.96 196.58 198.19 199.79 201.37 202.93 204.45 205.97 207.63 209.41 211.24 213.02 214.68 216.12 217.37 218.53 219.59 220.57 221.45 222.24 222.88 223.30 223.48 223.46 223.24 222.87 222.35 221.72 221.00 220.21 219.37 218.51 217.66 216.83 216.02 215.22 214.42 213.62 212.80 211.93 210.71 208.89 206.52 203.63 200.29 196.55 192.49 188.26 183.90 179.45 174.95 170.43 165.91 161.44 157.04 152.76 148.61 144.64 140.89 137.35 134.04 130.95
164.81 170.32 174.08 176.50 178.54 180.60 182.68 184.78 186.88 188.98 191.08 193.16 195.21 197.24 199.22 201.16 203.05 204.87 206.66 208.49 210.33 212.11 213.72 215.10 216.28 217.36 218.35 219.24 220.03 220.69 221.11 221.29 221.26 221.03 220.64 220.10 219.43 218.67 217.84 216.95 216.04 215.13 214.23 213.38 212.59 211.85 211.15 210.48 209.83 209.16 208.14 206.51 204.31 201.59 198.39 194.82 191.02 187.04 182.91 178.67 174.36 169.99 165.62 161.27 156.97 152.76 148.67 144.74 140.99 137.46 134.17 131.10
160.01 164.35 167.28 169.81 172.35 174.89 177.44 179.98 182.51 185.01 187.49 189.94 192.34 194.69 196.98 199.20 201.35 203.42 205.40 207.31 209.16 210.92 212.50 213.81 214.91 215.90 216.80 217.60 218.26 218.69 218.86 218.82 218.58 218.16 217.59 216.89 216.09 215.21 214.27 213.30 212.32 211.35 210.42 209.56 208.78 208.10 207.50 206.96 206.48 206.02 205.21 203.78 201.76 199.21 196.21 192.93 189.41 185.69 181.81 177.79 173.67 169.48 165.27 161.05 156.86 152.74 148.71 144.82 141.10 137.57 134.27 131.22
155.00 158.38 161.33 164.27 167.21 170.14 173.05 175.94 178.80 181.61 184.38 187.09 189.73 192.31 194.81 197.22 199.54 201.75 203.86 205.85 207.73 209.46 210.99 212.23 213.24 214.14 214.95 215.61 216.03 216.20 216.14 215.88 215.43 214.83 214.09 213.25 212.32 211.32 210.29 209.24 208.20 207.19 206.23 205.36 204.59 203.95 203.45 203.05 202.75 202.50 201.91 200.69 198.86 196.53 193.85 190.89 187.67 184.22 180.59 176.81 172.90 168.90 164.85 160.77 156.71 152.69 148.74 144.91 141.21 137.70 134.39 131.33
150.20 153.51 156.79 160.06 163.31 166.53 169.71 172.84 175.92 178.95 181.90 184.78 187.57 190.28 192.89 195.39 197.77 200.04 202.18 204.18 206.03 207.73 209.20 210.36 211.28 212.09 212.74 213.16 213.32 213.24 212.95 212.47 211.84 211.06 210.16 209.17 208.12 207.02 205.90 204.78 203.68 202.64 201.67 200.80 200.05 199.44 199.01 198.74 198.63 198.59 198.23 197.22 195.64 193.66 191.34 188.71 185.80 182.64 179.28 175.74 172.05 168.25 164.38 160.46 156.53 152.62 148.76 144.99 141.35 137.86 134.55 131.47
146.76 150.32 153.86 157.36 160.81 164.22 167.57 170.85 174.07 177.20 180.24 183.19 186.04 188.77 191.39 193.88 196.24 198.45 200.52 202.43 204.18 205.75 207.13 208.20 209.02 209.67 210.07 210.22 210.12 209.80 209.29 208.61 207.78 206.84 205.79 204.67 203.50 202.30 201.10 199.92 198.78 197.71 196.73 195.87 195.15 194.59 194.21 194.05 194.09 194.28 194.16 193.43 192.23 190.64 188.68 186.39 183.80 180.95 177.86 174.58 171.13 167.54 163.86 160.10 156.32 152.53 148.78 145.09 141.51 138.05 134.76 131.67
145.28 149.01 152.70 156.33 159.89 163.39 166.81 170.15 173.39 176.53 179.57 182.49 185.29 187.96 190.48 192.87 195.10 197.17 199.07 200.79 202.33 203.68 204.83 205.74 206.40 206.79 206.91 206.78 206.43 205.89 205.16 204.29 203.29 202.18 200.99 199.74 198.47 197.18 195.90 194.67 193.49 192.41 191.43 190.58 189.89 189.38 189.08 189.00 189.17 189.57 189.75 189.43 188.66 187.47 185.89 183.95 181.70 179.16 176.36 173.34 170.14 166.78 163.29 159.72 156.09 152.44 148.81 145.21 141.69 138.29 135.02 131.93
145.32 149.15 152.91 156.60 160.21 163.73 167.15 170.47 173.67 176.76 179.71 182.53 185.21 187.74 190.11 192.32 194.35 196.20 197.86 199.33 200.59 201.64 202.47 203.09 203.47 203.57 203.41 203.02 202.43 201.66 200.73 199.67 198.49 197.23 195.91 194.54 193.16 191.79 190.45 189.17 187.97 186.87 185.89 185.07 184.42 183.97 183.74 183.76 184.05 184.61 185.15 185.28 184.95 184.17 182.98 181.42 179.51 177.30 174.81 172.07 169.13 166.00 162.74 159.36 155.91 152.41 148.90 145.41 141.98 138.63 135.41 132.34
145.41 149.34 153.18 156.93 160.58 164.12 167.54 170.84 174.00 177.03 179.90 182.63 185.19 187.58 189.79 191.81 193.65 195.28 196.70 197.91 198.89 199.65 200.18 200.52 200.61 200.42 199.98 199.34 198.51 197.52 196.39 195.14 193.79 192.38 190.92 189.45 187.97 186.52 185.12 183.79 182.56 181.45 180.49 179.69 179.09 178.70 178.55 178.67 179.07 179.76 180.50 181.02 181.14 180.80 180.03 178.86 177.32 175.45 173.29 170.86 168.19 165.33 162.30 159.14 155.88 152.56 149.20 145.84 142.51 139.25 136.09 133.06
145.26 149.29 153.23 157.06 160.76 164.33 167.77 171.06 174.20 177.18 179.99 182.62 185.08 187.34 189.41 191.27 192.92 194.35 195.54 196.51 197.23 197.71 197.99 198.09 197.91 197.43 196.72 195.82 194.75 193.54 192.21 190.78 189.27 187.71 186.12 184.53 182.96 181.43 179.97 178.60 177.35 176.24 175.28 174.52 173.96 173.64 173.57 173.79 174.32 175.12 175.99 176.72 177.23 177.35 177.01 176.26 175.11 173.62 171.80 169.70 167.34 164.76 161.99 159.07 156.03 152.90 149.71 146.50 143.30 140.15 137.07 134.11
144.97 149.04 153.08 156.99 160.76 164.38 167.84 171.14 174.27 177.22 179.98 182.54 184.91 187.06 189.00 190.70 192.18 193.42 194.41 195.14 195.62 195.88 195.94 195.81 195.39 194.63 193.63 192.46 191.16 189.73 188.20 186.59 184.92 183.21 181.50 179.80 178.13 176.53 175.02 173.61 172.34 171.22 170.28 169.54 169.04 168.78 168.81 169.15 169.80 170.71 171.69 172.56 173.28 173.79 173.91 173.59 172.86 171.76 170.32 168.56 166.53 164.26 161.78 159.12 156.31 153.40 150.41 147.38 144.33 141.31 138.34 135.46
144.69 148.67 152.75 156.75 160.60 164.29 167.79 171.11 174.24 177.17 179.89 182.40 184.69 186.74 188.56 190.13 191.45 192.51 193.30 193.83 194.12 194.19 194.05 193.70 193.06 192.05 190.76 189.29 187.73 186.09 184.36 182.57 180.74 178.90 177.06 175.25 173.50 171.82 170.25 168.81 167.52 166.40 165.48 164.78 164.32 164.15 164.30 164.75 165.50 166.52 167.61 168.59 169.46 170.18 170.70 170.84 170.55 169.87 168.82 167.43 165.76 163.81 161.63 159.26 156.72 154.05 151.28 148.44 145.57 142.70 139.86 137.12
144.44 148.33 152.32 156.36 160.30 164.06 167.62 170.98 174.12 177.05 179.75 182.21 184.43 186.40 188.12 189.57 190.74 191.64 192.26 192.62 192.74 192.64 192.32 191.78 190.93 189.68 188.13 186.37 184.51 182.62 180.70 178.73 176.74 174.76 172.80 170.88 169.05 167.30 165.68 164.21 162.90 161.78 160.88 160.22 159.84 159.78 160.04 160.60 161.45 162.55 163.73 164.83 165.82 166.70 167.44 167.98 168.15 167.90 167.27 166.28 164.98 163.39 161.54 159.47 157.22 154.81 152.28 149.66 146.99 144.29 141.64 139.08
144.24 148.04 151.94 155.90 159.88 163.72 167.35 170.76 173.93 176.87 179.55 181.99 184.16 186.06 187.69 189.03 190.07 190.83 191.31 191.53 191.51 191.25 190.76 190.06 189.02 187.56 185.76 183.73 181.56 179.37 177.21 175.07 172.92 170.80 168.72 166.71 164.78 162.98 161.31 159.80 158.48 157.36 156.49 155.89 155.62 155.67 156.03 156.69 157.62 158.80 160.07 161.27 162.38 163.39 164.29 165.06 165.63 165.85 165.65 165.09 164.18 162.96 161.47 159.73 157.78 155.66 153.39 151.02 148.57 146.10 143.68 141.33
144.09 147.80 151.62 155.50 159.41 163.28 166.99 170.46 173.68 176.64 179.33 181.75 183.88 185.73 187.28 188.52 189.46 190.11 190.48 190.58 190.43 190.03 189.41 188.55 187.34 185.68 183.66 181.37 178.93 176.42 173.94 171.58 169.28 167.02 164.83 162.71 160.71 158.84 157.12 155.59 154.26 153.15 152.33 151.83 151.67 151.82 152.28 153.02 154.03 155.28 156.62 157.91 159.13 160.27 161.31 162.25 163.06 163.68 163.94 163.82 163.33 162.51 161.39 160.01 158.39 156.58 154.60 152.49 150.32 148.14 145.98 143.83
143.99 147.64 151.38 155.19 159.01 162.83 166.57 170.11 173.38 176.38 179.09 181.51 183.62 185.43 186.91 188.08 188.94 189.50 189.77 189.78 189.52 189.00 188.25 187.27 185.91 184.07 181.85 179.33 176.61 173.81 171.02 168.33 165.82 163.43 161.12 158.91 156.83 154.89 153.14 151.57 150.24 149.17 148.45 148.06 148.00 148.24 148.78 149.60 150.67 151.98 153.39 154.76 156.08 157.34 158.51 159.60 160.58 161.44 162.12 162.45 162.40 162.00 161.28 160.28 159.02 157.54 155.87 154.08 152.25 150.38 148.48 146.56
143.95 147.54 151.22 154.96 158.72 162.46 166.15 169.72 173.06 176.11 178.85 181.28 183.39 185.16 186.60 187.72 188.52 189.01 189.21 189.14 188.79 188.18 187.32 186.23 184.74 182.75 180.33 177.59 174.64 171.56 168.46 165.45 162.61 160.02 157.59 155.29 153.13 151.14 149.34 147.76 146.45 145.49 144.87 144.58 144.61 144.93 145.54 146.42 147.55 148.91 150.37 151.81 153.22 154.58 155.89 157.12 158.26 159.30 160.22 160.97 161.38 161.42 161.13 160.52 159.63 158.51 157.22 155.82 154.34 152.79 151.17 149.48
143.98 147.51 151.14 154.82 158.53 162.21 165.84 169.36 172.73 175.84 178.63 181.08 183.19 184.96 186.37 187.46 188.22 188.66 188.81 188.67 188.25 187.57 186.63 185.44 183.84 181.71 179.13 176.20 173.01 169.68 166.30 162.97 159.80 156.87 154.26 151.86 149.63 147.58 145.75 144.19 142.97 142.11 141.59 141.39 141.49 141.89 142.56 143.49 144.67 146.07 147.57 149.07 150.56 152.02 153.44 154.80 156.09 157.30 158.41 159.41 160.24 160.74 160.89 160.70 160.22 159.52 158.66 157.68 156.57 155.35 154.01 152.56
144.07 147.56 151.15 154.79 158.45 162.08 165.65 169.12 172.46 175.59 178.43 180.93 183.06 184.82 186.24 187.31 188.05 188.47 188.58 188.40 187.93 187.19 186.18 184.92 183.23 180.98 178.25 175.14 171.76 168.19 164.55 160.92 157.43 154.15 151.20 148.62 146.32 144.22 142.40 140.92 139.81 139.04 138.61 138.48 138.66 139.12 139.84 140.82 142.03 143.45 144.99 146.54 148.10 149.64 151.17 152.65 154.08 155.45 156.73 157.93 159.02 159.94 160.55 160.81 160.79 160.58 160.19 159.63 158.90 158.01 156.97 155.77
144.24 147.70 151.25 154.86 158.48 162.08 165.61 169.03 172.32 175.42 178.29 180.83 182.99 184.78 186.21 187.29 188.03 188.44 188.54 188.33 187.83 187.05 186.00 184.69 182.93 180.58 177.72 174.45 170.88 167.10 163.21 159.31 155.51 151.91 148.60 145.68 143.21 141.10 139.36 137.99 136.97 136.29 135.93 135.87 136.10 136.61 137.38 138.39 139.62 141.07 142.63 144.22 145.84 147.46 149.07 150.67 152.23 153.74 155.20 156.57 157.87 159.06 160.08 160.86 161.39 161.69 161.77 161.64 161.30 160.76 160.01 159.07
144.48 147.92 151.46 155.04 158.63 162.20 165.70 169.09 172.34 175.41 178.24 180.80 183.01 184.84 186.30 187.41 188.17 188.59 188.69 188.48 187.97 187.17 186.10 184.75 182.94 180.51 177.54 174.13 170.39 166.42 162.30 158.15 154.07 150.15 146.50 143.22 140.45 138.32 136.67 135.39 134.45 133.85 133.55 133.55 133.83 134.38 135.18 136.21 137.46 138.91 140.49 142.11 143.77 145.46 147.16 148.86 150.54 152.19 153.80 155.35 156.83 158.23 159.59 160.88 161.98 162.81 163.38 163.69 163.74 163.55 163.12 162.45
144.81 148.24 151.76 155.33 158.91 162.46 165.94 169.31 172.53 175.56 178.36 180.89 183.13 185.02 186.53 187.68 188.48 188.94 189.06 188.87 188.37 187.57 186.49 185.12 183.28 180.79 177.73 174.21 170.32 166.16 161.85 157.46 153.12 148.91 144.93 141.36 138.35 136.01 134.33 133.13 132.26 131.72 131.48 131.52 131.85 132.42 133.24 134.29 135.55 136.99 138.57 140.21 141.91 143.66 145.43 147.22 149.01 150.79 152.54 154.25 155.92 157.57 159.25 160.94 162.54 163.91 164.97 165.73 166.19 166.36 166.25 165.85
145.23 148.66 152.18 155.75 159.32 162.86 166.32 169.68 172.88 175.88 178.64 181.15 183.39 185.33 186.91 188.13 188.99 189.49 189.66 189.50 189.03 188.25 187.18 185.82 183.96 181.43 178.30 174.68 170.66 166.35 161.85 157.25 152.66 148.18 143.97 140.21 137.00 134.40 132.47 131.21 130.40 129.90 129.71 129.79 130.14 130.74 131.57 132.62 133.87 135.31 136.87 138.53 140.26 142.05 143.88 145.75 147.64 149.54 151.42 153.30 155.19 157.14 159.15 161.15 163.12 164.96 166.52 167.73 168.61 169.16 169.37 169.27
145.74 149.18 152.71 156.28 159.86 163.40 166.87 170.21 173.38 176.35 179.10 181.61 183.85 185.81 187.46 188.76 189.69 190.27 190.50 190.39 189.97 189.23 188.19 186.85 185.00 182.45 179.27 175.57 171.45 167.00 162.33 157.53 152.72 148.05 143.72 139.82 136.41 133.56 131.32 129.76 128.86 128.41 128.25 128.36 128.73 129.33 130.17 131.21 132.44 133.85 135.40 137.06 138.81 140.63 142.52 144.46 146.44 148.44 150.46 152.53 154.70 156.96 159.26 161.56 163.81 165.99 167.99 169.68 170.98 171.91 172.46 172.65
146.35 149.81 153.36 156.95 160.54 164.09 167.56 170.88 174.03 176.99 179.74 182.25 184.52 186.51 188.21 189.59 190.62 191.28 191.59 191.56 191.20 190.52 189.54 188.24 186.42 183.86 180.65 176.89 172.68 168.11 163.29 158.33 153.38 148.65 144.23 140.19 136.60 133.50 130.96 129.04 127.81 127.24 127.09 127.22 127.60 128.20 129.03 130.05 131.26 132.64 134.16 135.80 137.56 139.41 141.34 143.34 145.40 147.50 149.69 152.02 154.48 157.01 159.59 162.16 164.68 167.12 169.43 171.52 173.26 174.58 175.48 175.98
147.06 150.56 154.13 157.75 161.36 164.93 168.38 171.69 174.83 177.80 180.56 183.10 185.40 187.44 189.19 190.65 191.77 192.54 192.96 193.02 192.75 192.14 191.23 190.00 188.22 185.68 182.46 178.66 174.37 169.71 164.77 159.71 154.76 150.01 145.52 141.36 137.57 134.24 131.40 129.13 127.49 126.54 126.26 126.38 126.75 127.35 128.15 129.15 130.32 131.66 133.14 134.77 136.52 138.38 140.35 142.40 144.53 146.78 149.21 151.80 154.51 157.30 160.12 162.94 165.71 168.39 170.93 173.31 175.43 177.14 178.41 179.21
147.88 151.42 155.04 158.69 162.32 165.88 169.32 172.63 175.79 178.78 181.57 184.15 186.50 188.60 190.43 191.96 193.19 194.07 194.61 194.78 194.61 194.11 193.28 192.14 190.42 187.92 184.71 180.88 176.55 171.81 166.83 161.84 156.93 152.17 147.61 143.32 139.36 135.79 132.66 130.05 128.01 126.61 125.89 125.85 126.20 126.78 127.55 128.51 129.64 130.92 132.35 133.95 135.69 137.56 139.54 141.64 143.89 146.36 149.03 151.86 154.80 157.82 160.87 163.91 166.89 169.79 172.55 175.14 177.50 179.57 181.20 182.33
148.81 152.41 156.07 159.75 163.39 166.94 170.39 173.72 176.91 179.93 182.77 185.41 187.83 190.01 191.92 193.55 194.88 195.89 196.55 196.86 196.82 196.43 195.72 194.67 193.04 190.59 187.41 183.58 179.22 174.50 169.64 164.75 159.89 155.12 150.51 146.10 141.97 138.17 134.76 131.81 129.38 127.53 126.31 125.80 125.95 126.48 127.22 128.13 129.20 130.42 131.79 133.35 135.06 136.93 138.93 141.13 143.58 146.26 149.15 152.19 155.34 158.56 161.81 165.05 168.23 171.32 174.27 177.04 179.60 181.88 183.83 185.29
