data_processed/recharge/precip/Precip_1986_01.asc
ncols        168
nrows        136
xllcorner    455000
yllcorner    2107000
cellsize     500
NODATA_value     -99999
[rows 37 to 73 of 136, columns 0 to 83 of 168]
1.17 1.06 0.96 0.85 0.73 0.61 0.50 0.38 0.27 0.16 0.05 0.00 0.00 0.00 0.00 0.00 0.00 0.00 0.00 0.00 0.00 0.00 0.00 0.00 0.00 0.00 0.00 0.00 0.00 0.00 0.00 0.00 0.00 0.00 0.00 0.00 0.00 0.00 0.00 0.00 0.00 0.00 0.00 0.00 0.00 0.00 0.00 0.00 0.00 0.00 0.00 0.00 0.00 0.00 0.00 0.00 0.00 0.00 0.00 0.00 0.00 0.00 0.00 0.00 0.00 0.00 0.00 0.00 0.00 0.00 0.00 0.00 0.00 0.00 0.00 0.00 0.00 0.00 0.00 0.01 0.01 0.01 0.01 0.01
1.23 1.13 1.03 0.93 0.82 0.71 0.59 0.48 0.36 0.25 0.15 0.05 0.00 0.00 0.00 0.00 0.00 0.00 0.00 0.00 0.00 0.00 0.00 0.00 0.00 0.00 0.00 0.00 0.00 0.00 0.00 0.00 0.00 0.00 0.00 0.00 0.00 0.00 0.00 0.00 0.00 0.00 0.00 0.00 0.00 0.00 0.00 0.00 0.00 0.00 0.00 0.00 0.00 0.00 0.00 0.00 0.00 0.00 0.00 0.00 0.00 0.00 0.00 0.00 0.00 0.00 0.00 0.00 0.00 0.00 0.00 0.00 0.00 0.00 0.00 0.00 0.00 0.00 0.00 0.00 0.01 0.01 0.01 0.01
1.30 1.21 1.11 1.01 0.91 0.80 0.69 0.58 0.47 0.36 0.26 0.15 0.06 0.00 0.00 0.00 0.00 0.00 0.00 0.00 0.00 0.00 0.00 0.00 0.00 0.00 0.00 0.00 0.00 0.00 0.00 0.00 0.00 0.00 0.00 0.00 0.00 0.00 0.00 0.00 0.00 0.00 0.00 0.00 0.00 0.00 0.00 0.00 0.00 0.00 0.00 0.00 0.00 0.00 0.00 0.00 0.00 0.00 0.00 0.00 0.00 0.00 0.00 0.00 0.00 0.00 0.00 0.00 0.00 0.00 0.00 0.00 0.00 0.00 0.00 0.00 0.00 0.00 0.00 0.00 0.00 0.00 0.01 0.01
1.37 1.29 1.20 1.10 1.01 0.90 0.80 0.69 0.59 0.48 0.38 0.27 0.18 0.08 0.00 0.00 0.00 0.00 0.00 0.00 0.00 0.00 0.00 0.00 0.00 0.00 0.00 0.00 0.00 0.00 0.00 0.00 0.00 0.00 0.00 0.00 0.00 0.00 0.00 0.00 0.00 0.00 0.00 0.00 0.00 0.00 0.00 0.00 0.00 0.00 0.00 0.00 0.00 0.00 0.00 0.00 0.00 0.00 0.00 0.00 0.00 0.00 0.00 0.00 0.00 0.00 0.00 0.00 0.00 0.00 0.00 0.00 0.00 0.00 0.00 0.00 0.00 0.00 0.00 0.00 0.00 0.00 0.00 0.00
1.45 1.37 1.29 1.20 1.11 1.01 0.91 0.81 0.71 0.61 0.51 0.40 0.31 0.21 0.13 0.04 0.00 0.00 0.00 0.00 0.00 0.00 0.00 0.00 0.00 0.00 0.00 0.00 0.00 0.00 0.00 0.00 0.00 0.00 0.00 0.00 0.00 0.00 0.00 0.00 0.00 0.00 0.00 0.00 0.00 0.00 0.00 0.00 0.00 0.00 0.00 0.00 0.00 0.00 0.00 0.00 0.00 0.00 0.00 0.00 0.00 0.00 0.00 0.00 0.00 0.00 0.00 0.00 0.00 0.00 0.00 0.00 0.00 0.00 0.00 0.00 0.00 0.00 0.00 0.00 0.00 0.00 0.00 0.00
1.53 1.47 1.39 1.31 1.22 1.13 1.04 0.94 0.84 0.74 0.64 0.54 0.45 0.36 0.27 0.18 0.11 0.04 0.00 0.00 0.00 0.00 0.00 0.00 0.00 0.00 0.00 0.00 0.00 0.00 0.00 0.00 0.00 0.00 0.00 0.00 0.00 0.00 0.00 0.00 0.00 0.00 0.00 0.00 0.00 0.00 0.00 0.00 0.00 0.00 0.00 0.00 0.00 0.00 0.00 0.00 0.00 0.00 0.00 0.00 0.00 0.00 0.00 0.00 0.00 0.00 0.00 0.00 0.00 0.00 0.00 0.00 0.00 0.00 0.00 0.00 0.00 0.00 0.00 0.00 0.00 0.00 0.00 0.00
1.63 1.56 1.50 1.42 1.34 1.26 1.17 1.08 0.98 0.89 0.79 0.69 0.60 0.51 0.42 0.34 0.26 0.19 0.13 0.08 0.04 0.00 0.00 0.00 0.00 0.00 0.00 0.00 0.00 0.00 0.00 0.00 0.00 0.00 0.00 0.00 0.00 0.00 0.00 0.00 0.00 0.00 0.00 0.00 0.00 0.00 0.00 0.00 0.00 0.00 0.00 0.00 0.00 0.00 0.00 0.00 0.00 0.00 0.00 0.00 0.00 0.00 0.00 0.00 0.00 0.00 0.00 0.00 0.00 0.00 0.00 0.00 0.00 0.00 0.00 0.00 0.00 0.00 0.00 0.00 0.00 0.00 0.00 0.00
1.72 1.67 1.61 1.54 1.47 1.39 1.31 1.22 1.13 1.04 0.95 0.85 0.76 0.67 0.59 0.50 0.43 0.36 0.30 0.25 0.20 0.16 0.12 0.08 0.04 0.01 0.00 0.00 0.00 0.00 0.00 0.00 0.00 0.00 0.00 0.00 0.00 0.00 0.00 0.00 0.00 0.00 0.00 0.00 0.00 0.00 0.00 0.00 0.00 0.00 0.00 0.00 0.00 0.00 0.00 0.00 0.00 0.00 0.00 0.00 0.00 0.00 0.00 0.00 0.00 0.00 0.00 0.00 0.00 0.00 0.00 0.00 0.00 0.00 0.00 0.00 0.00 0.00 0.00 0.00 0.00 0.00 0.00 0.00
1.83 1.79 1.73 1.67 1.61 1.53 1.46 1.37 1.29 1.20 1.11 1.02 0.94 0.85 0.76 0.68 0.60 0.53 0.47 0.42 0.36 0.31 0.26 0.22 0.18 0.14 0.11 0.07 0.04 0.02 0.00 0.00 0.00 0.00 0.00 0.00 0.00 0.00 0.00 0.00 0.00 0.00 0.00 0.00 0.00 0.00 0.00 0.00 0.00 0.00 0.00 0.00 0.00 0.00 0.00 0.00 0.00 0.00 0.00 0.00 0.00 0.00 0.00 0.00 0.00 0.00 0.00 0.00 0.00 0.00 0.00 0.00 0.00 0.00 0.00 0.00 0.00 0.00 0.00 0.00 0.00 0.00 0.00 0.00
1.94 1.91 1.86 1.81 1.75 1.69 1.61 1.54 1.46 1.38 1.29 1.21 1.12 1.04 0.95 0.87 0.80 0.72 0.65 0.59 0.53 0.47 0.42 0.37 0.32 0.27 0.23 0.19 0.16 0.13 0.10 0.07 0.04 0.02 0.00 0.00 0.00 0.00 0.00 0.00 0.00 0.00 0.00 0.00 0.00 0.00 0.00 0.00 0.00 0.00 0.00 0.00 0.00 0.00 0.00 0.00 0.00 0.00 0.00 0.00 0.00 0.00 0.00 0.00 0.00 0.00 0.00 0.00 0.00 0.00 0.00 0.00 0.00 0.00 0.00 0.00 0.00 0.00 0.00 0.00 0.00 0.00 0.00 0.00
2.06 2.03 2.00 1.95 1.90 1.84 1.78 1.71 1.63 1.56 1.48 1.40 1.31 1.23 1.15 1.07 1.00 0.92 0.85 0.77 0.71 0.64 0.58 0.52 0.47 0.42 0.37 0.32 0.28 0.24 0.21 0.17 0.14 0.11 0.09 0.06 0.04 0.02 0.00 0.00 0.00 0.00 0.00 0.00 0.00 0.00 0.00 0.00 0.00 0.00 0.00 0.00 0.00 0.00 0.00 0.00 0.00 0.00 0.00 0.00 0.00 0.00 0.00 0.00 0.00 0.00 0.00 0.00 0.00 0.00 0.00 0.00 0.00 0.00 0.00 0.00 0.00 0.00 0.00 0.00 0.00 0.00 0.00 0.00
2.18 2.16 2.13 2.10 2.05 2.00 1.95 1.88 1.82 1.74 1.67 1.59 1.52 1.44 1.36 1.29 1.21 1.13 1.05 0.97 0.90 0.83 0.76 0.69 0.63 0.57 0.52 0.47 0.42 0.37 0.33 0.29 0.25 0.22 0.19 0.16 0.13 0.11 0.08 0.06 0.04 0.03 0.01 0.00 0.00 0.00 0.00 0.00 0.00 0.00 0.00 0.00 0.00 0.00 0.00 0.00 0.00 0.00 0.00 0.00 0.00 0.00 0.00 0.00 0.00 0.00 0.00 0.00 0.00 0.00 0.00 0.00 0.00 0.00 0.00 0.00 0.00 0.00 0.00 0.00 0.00 0.00 0.00 0.00
2.29 2.28 2.27 2.24 2.21 2.17 2.12 2.06 2.00 1.94 1.87 1.80 1.73 1.66 1.59 1.51 1.43 1.35 1.27 1.19 1.10 1.02 0.95 0.88 0.81 0.74 0.68 0.62 0.56 0.51 0.46 0.42 0.37 0.33 0.30 0.26 0.23 0.20 0.17 0.15 0.12 0.10 0.08 0.07 0.05 0.04 0.02 0.01 0.00 0.00 0.00 0.00 0.00 0.00 0.00 0.00 0.00 0.00 0.00 0.00 0.00 0.00 0.00 0.00 0.00 0.00 0.00 0.00 0.00 0.00 0.00 0.00 0.00 0.00 0.00 0.00 0.00 0.00 0.00 0.00 0.00 0.00 0.00 0.00
2.40 2.40 2.40 2.39 2.36 2.33 2.29 2.25 2.20 2.14 2.08 2.02 1.96 1.89 1.82 1.74 1.66 1.58 1.50 1.41 1.33 1.24 1.15 1.07 1.00 0.92 0.85 0.79 0.73 0.67 0.61 0.56 0.51 0.46 0.42 0.38 0.34 0.30 0.27 0.24 0.21 0.18 0.16 0.14 0.12 0.10 0.08 0.07 0.05 0.04 0.03 0.02 0.02 0.01 0.00 0.00 0.00 0.00 0.00 0.00 0.00 0.00 0.00 0.00 0.00 0.00 0.00 0.00 0.00 0.00 0.00 0.00 0.00 0.00 0.00 0.00 0.00 0.00 0.00 0.00 0.00 0.00 0.00 0.00
2.51 2.53 2.54 2.54 2.53 2.51 2.48 2.44 2.40 2.36 2.31 2.25 2.19 2.13 2.06 1.98 1.90 1.82 1.74 1.65 1.56 1.47 1.37 1.28 1.20 1.12 1.04 0.97 0.90 0.83 0.77 0.71 0.65 0.60 0.55 0.50 0.46 0.42 0.38 0.34 0.31 0.27 0.24 0.22 0.19 0.17 0.15 0.13 0.11 0.10 0.08 0.07 0.06 0.05 0.04 0.03 0.02 0.02 0.01 0.01 0.00 0.00 0.00 0.00 0.00 0.00 0.00 0.00 0.00 0.00 0.00 0.00 0.00 0.00 0.00 0.00 0.00 0.00 0.00 0.00 0.00 0.00 0.00 0.00
2.62 2.66 2.68 2.69 2.69 2.69 2.67 2.65 2.62 2.58 2.54 2.50 2.44 2.37 2.30 2.23 2.15 2.07 1.98 1.89 1.80 1.70 1.61 1.51 1.42 1.33 1.24 1.16 1.08 1.01 0.94 0.87 0.81 0.75 0.69 0.64 0.59 0.54 0.49 0.45 0.41 0.37 0.34 0.31 0.28 0.25 0.22 0.20 0.17 0.15 0.14 0.12 0.10 0.09 0.08 0.07 0.06 0.05 0.04 0.03 0.02 0.02 0.01 0.01 0.00 0.00 0.00 0.00 0.00 0.00 0.00 0.00 0.00 0.00 0.00 0.00 0.00 0.00 0.00 0.00 0.00 0.00 0.00 0.00
2.74 2.79 2.83 2.86 2.87 2.88 2.88 2.87 2.85 2.83 2.79 2.75 2.69 2.63 2.56 2.48 2.40 2.32 2.23 2.14 2.05 1.95 1.85 1.75 1.65 1.55 1.46 1.37 1.28 1.20 1.12 1.05 0.98 0.91 0.84 0.78 0.72 0.67 0.62 0.57 0.52 0.48 0.44 0.40 0.36 0.33 0.30 0.27 0.24 0.22 0.20 0.17 0.15 0.14 0.12 0.10 0.09 0.08 0.07 0.06 0.05 0.04 0.03 0.02 0.01 0.00 0.00 0.00 0.00 0.00 0.00 0.00 0.00 0.00 0.00 0.00 0.00 0.00 0.00 0.00 0.00 0.00 0.00 0.00
2.87 2.94 2.99 3.03 3.06 3.08 3.10 3.10 3.09 3.08 3.05 3.01 2.95 2.89 2.82 2.74 2.66 2.58 2.49 2.40 2.30 2.20 2.10 2.00 1.89 1.78 1.68 1.58 1.49 1.40 1.31 1.23 1.15 1.08 1.01 0.94 0.87 0.81 0.75 0.70 0.64 0.59 0.55 0.50 0.46 0.42 0.39 0.35 0.32 0.29 0.26 0.23 0.21 0.19 0.17 0.15 0.13 0.11 0.10 0.08 0.07 0.06 0.04 0.03 0.02 0.01 0.00 0.00 0.00 0.00 0.00 0.00 0.00 0.00 0.00 0.00 0.00 0.00 0.00 0.00 0.00 0.00 0.00 0.00
3.00 3.09 3.16 3.22 3.27 3.30 3.33 3.35 3.35 3.34 3.32 3.27 3.22 3.16 3.09 3.01 2.93 2.84 2.75 2.66 2.56 2.46 2.36 2.25 2.14 2.03 1.92 1.81 1.71 1.61 1.52 1.43 1.34 1.26 1.18 1.10 1.03 0.96 0.89 0.83 0.77 0.72 0.66 0.61 0.56 0.52 0.48 0.44 0.40 0.36 0.33 0.30 0.27 0.24 0.22 0.19 0.17 0.15 0.13 0.11 0.09 0.08 0.06 0.04 0.03 0.01 0.00 0.00 0.00 0.00 0.00 0.00 0.00 0.00 0.00 0.00 0.00 0.00 0.00 0.00 0.00 0.00 0.00 0.00
3.15 3.25 3.34 3.42 3.48 3.54 3.58 3.61 3.62 3.61 3.59 3.55 3.49 3.43 3.36 3.28 3.20 3.11 3.02 2.93 2.83 2.73 2.62 2.51 2.40 2.28 2.17 2.05 1.94 1.83 1.73 1.63 1.54 1.45 1.36 1.28 1.20 1.12 1.05 0.98 0.91 0.85 0.79 0.73 0.67 0.62 0.57 0.53 0.48 0.44 0.40 0.37 0.33 0.30 0.27 0.24 0.21 0.19 0.16 0.14 0.12 0.10 0.08 0.06 0.04 0.02 0.00 0.00 0.00 0.00 0.00 0.00 0.00 0.00 0.00 0.00 0.00 0.00 0.00 0.00 0.00 0.00 0.00 0.00
3.31 3.43 3.54 3.64 3.72 3.79 3.85 3.88 3.89 3.89 3.86 3.82 3.77 3.71 3.64 3.56 3.48 3.39 3.30 3.20 3.10 3.00 2.89 2.78 2.66 2.55 2.43 2.30 2.18 2.07 1.96 1.85 1.74 1.65 1.55 1.46 1.37 1.29 1.20 1.13 1.05 0.98 0.92 0.85 0.79 0.73 0.68 0.62 0.57 0.53 0.48 0.44 0.40 0.36 0.33 0.29 0.26 0.23 0.20 0.17 0.15 0.12 0.09 0.07 0.04 0.02 0.01 0.00 0.00 0.00 0.00 0.00 0.00 0.00 0.00 0.00 0.00 0.00 0.00 0.00 0.00 0.00 0.00 0.00
3.48 3.62 3.75 3.87 3.97 4.06 4.12 4.16 4.17 4.17 4.15 4.11 4.06 4.00 3.92 3.85 3.76 3.67 3.58 3.48 3.38 3.27 3.16 3.05 2.93 2.81 2.69 2.56 2.44 2.31 2.19 2.07 1.96 1.85 1.75 1.65 1.55 1.46 1.37 1.29 1.21 1.13 1.05 0.98 0.91 0.85 0.79 0.73 0.67 0.62 0.57 0.52 0.47 0.43 0.39 0.35 0.31 0.27 0.24 0.20 0.17 0.14 0.11 0.08 0.05 0.03 0.01 0.00 0.00 0.00 0.00 0.00 0.00 0.00 0.00 0.00 0.00 0.00 0.00 0.00 0.00 0.00 0.00 0.00
3.67 3.84 3.99 4.12 4.24 4.33 4.40 4.44 4.45 4.45 4.43 4.40 4.35 4.29 4.21 4.13 4.05 3.96 3.87 3.77 3.66 3.55 3.44 3.32 3.21 3.08 2.96 2.83 2.70 2.57 2.44 2.31 2.19 2.07 1.96 1.85 1.74 1.64 1.55 1.45 1.36 1.28 1.20 1.12 1.04 0.97 0.90 0.83 0.77 0.71 0.65 0.60 0.55 0.50 0.45 0.40 0.36 0.32 0.28 0.24 0.20 0.16 0.12 0.09 0.06 0.03 0.01 0.00 0.00 0.00 0.00 0.00 0.00 0.00 0.00 0.00 0.00 0.00 0.00 0.00 0.00 0.00 0.00 0.00
3.88 4.07 4.24 4.39 4.52 4.61 4.68 4.72 4.74 4.74 4.72 4.69 4.64 4.58 4.51 4.43 4.34 4.25 4.15 4.05 3.95 3.84 3.72 3.60 3.48 3.36 3.23 3.10 2.96 2.83 2.69 2.56 2.42 2.30 2.18 2.06 1.94 1.83 1.73 1.63 1.53 1.43 1.34 1.26 1.17 1.09 1.02 0.94 0.87 0.81 0.74 0.68 0.62 0.57 0.51 0.46 0.41 0.36 0.31 0.27 0.22 0.18 0.14 0.10 0.07 0.04 0.02 0.00 0.00 0.00 0.00 0.00 0.00 0.00 0.00 0.00 0.00 0.00 0.00 0.00 0.00 0.00 0.00 0.00
4.10 4.32 4.51 4.67 4.79 4.89 4.97 5.01 5.04 5.04 5.02 4.99 4.94 4.88 4.81 4.73 4.64 4.55 4.45 4.35 4.24 4.13 4.01 3.89 3.76 3.63 3.50 3.37 3.23 3.09 2.95 2.81 2.67 2.53 2.40 2.27 2.15 2.03 1.92 1.81 1.70 1.60 1.50 1.40 1.31 1.23 1.14 1.06 0.98 0.91 0.84 0.77 0.70 0.64 0.58 0.52 0.46 0.41 0.35 0.30 0.25 0.20 0.15 0.11 0.08 0.05 0.02 0.00 0.00 0.00 0.00 0.00 0.00 0.00 0.00 0.00 0.00 0.00 0.00 0.00 0.00 0.00 0.00 0.00
4.35 4.58 4.78 4.95 5.08 5.18 5.26 5.31 5.33 5.34 5.32 5.29 5.24 5.18 5.11 5.03 4.94 4.85 4.75 4.64 4.53 4.42 4.30 4.17 4.05 3.92 3.78 3.64 3.50 3.36 3.22 3.07 2.92 2.78 2.63 2.50 2.37 2.24 2.11 1.99 1.88 1.77 1.66 1.56 1.46 1.36 1.27 1.18 1.10 1.01 0.94 0.86 0.79 0.72 0.65 0.58 0.52 0.45 0.39 0.33 0.27 0.22 0.17 0.12 0.08 0.05 0.02 0.00 0.00 0.00 0.00 0.00 0.00 0.00 0.00 0.00 0.00 0.00 0.00 0.00 0.00 0.00 0.00 0.00
4.62 4.86 5.06 5.23 5.37 5.47 5.55 5.60 5.63 5.64 5.63 5.59 5.55 5.49 5.41 5.33 5.24 5.15 5.05 4.94 4.83 4.71 4.59 4.46 4.33 4.20 4.06 3.92 3.78 3.63 3.48 3.33 3.18 3.03 2.88 2.73 2.59 2.45 2.32 2.19 2.06 1.94 1.83 1.72 1.61 1.50 1.40 1.31 1.21 1.12 1.04 0.95 0.87 0.80 0.72 0.64 0.57 0.49 0.42 0.36 0.30 0.24 0.18 0.14 0.09 0.06 0.03 0.00 0.00 0.00 0.00 0.00 0.00 0.00 0.00 0.00 0.00 0.00 0.00 0.00 0.00 0.00 0.00 0.00
4.89 5.13 5.34 5.52 5.66 5.77 5.85 5.91 5.94 5.94 5.93 5.90 5.86 5.80 5.72 5.64 5.55 5.45 5.35 5.24 5.13 5.01 4.88 4.76 4.62 4.49 4.35 4.20 4.06 3.91 3.75 3.60 3.44 3.29 3.13 2.97 2.82 2.67 2.53 2.39 2.25 2.12 2.00 1.88 1.76 1.65 1.54 1.43 1.33 1.24 1.14 1.05 0.96 0.87 0.78 0.70 0.62 0.54 0.46 0.39 0.32 0.26 0.20 0.15 0.10 0.06 0.03 0.00 0.00 0.00 0.00 0.00 0.00 0.00 0.00 0.00 0.00 0.00 0.00 0.00 0.00 0.00 0.00 0.00
5.16 5.41 5.63 5.81 5.95 6.07 6.15 6.21 6.24 6.25 6.24 6.21 6.17 6.11 6.03 5.95 5.86 5.76 5.65 5.54 5.43 5.31 5.18 5.05 4.91 4.77 4.63 4.48 4.33 4.18 4.02 3.87 3.71 3.54 3.38 3.22 3.05 2.90 2.74 2.59 2.45 2.31 2.18 2.05 1.92 1.80 1.68 1.57 1.46 1.35 1.25 1.15 1.05 0.95 0.85 0.76 0.67 0.58 0.50 0.42 0.34 0.28 0.21 0.16 0.11 0.07 0.03 0.01 0.00 0.00 0.00 0.00 0.00 0.00 0.00 0.00 0.00 0.00 0.00 0.00 0.00 0.00 0.00 0.00
5.44 5.70 5.91 6.10 6.25 6.37 6.45 6.52 6.55 6.56 6.55 6.53 6.48 6.42 6.35 6.26 6.17 6.07 5.96 5.85 5.73 5.61 5.48 5.34 5.21 5.06 4.92 4.77 4.61 4.46 4.30 4.14 3.97 3.80 3.64 3.47 3.30 3.13 2.96 2.81 2.65 2.50 2.36 2.22 2.08 1.95 1.83 1.70 1.58 1.47 1.35 1.24 1.13 1.02 0.92 0.82 0.72 0.62 0.53 0.45 0.37 0.30 0.23 0.17 0.12 0.07 0.03 0.01 0.00 0.00 0.00 0.00 0.00 0.00 0.00 0.00 0.00 0.00 0.00 0.00 0.00 0.00 0.00 0.00
5.72 5.98 6.20 6.39 6.55 6.67 6.76 6.82 6.86 6.88 6.87 6.84 6.80 6.74 6.66 6.58 6.48 6.38 6.27 6.16 6.04 5.91 5.78 5.64 5.50 5.35 5.21 5.05 4.89 4.73 4.57 4.40 4.24 4.07 3.89 3.72 3.54 3.37 3.19 3.02 2.86 2.70 2.55 2.40 2.25 2.11 1.97 1.84 1.71 1.59 1.46 1.34 1.22 1.10 0.99 0.87 0.77 0.67 0.57 0.48 0.39 0.31 0.24 0.18 0.12 0.08 0.04 0.01 0.00 0.00 0.00 0.00 0.00 0.00 0.00 0.00 0.00 0.00 0.00 0.00 0.00 0.00 0.00 0.00
6.00 6.27 6.50 6.69 6.85 6.97 7.07 7.13 7.17 7.19 7.18 7.16 7.11 7.05 6.98 6.89 6.80 6.69 6.58 6.46 6.34 6.21 6.08 5.94 5.80 5.65 5.49 5.34 5.18 5.01 4.84 4.67 4.50 4.33 4.15 3.97 3.79 3.61 3.43 3.25 3.07 2.90 2.74 2.58 2.42 2.27 2.12 1.98 1.84 1.70 1.57 1.43 1.30 1.17 1.05 0.93 0.82 0.71 0.60 0.51 0.42 0.33 0.26 0.19 0.13 0.08 0.04 0.01 0.00 0.00 0.00 0.00 0.00 0.00 0.00 0.00 0.00 0.00 0.00 0.00 0.00 0.00 0.00 0.00
6.28 6.56 6.79 6.99 7.15 7.28 7.38 7.45 7.49 7.51 7.50 7.48 7.43 7.37 7.30 7.21 7.11 7.00 6.89 6.77 6.65 6.52 6.38 6.24 6.09 5.94 5.78 5.62 5.46 5.29 5.12 4.94 4.77 4.59 4.41 4.22 4.04 3.85 3.66 3.48 3.29 3.11 2.93 2.76 2.60 2.44 2.28 2.12 1.97 1.82 1.67 1.53 1.39 1.25 1.12 0.99 0.87 0.75 0.64 0.54 0.44 0.35 0.27 0.20 0.14 0.09 0.04 0.01 0.00 0.00 0.00 0.00 0.00 0.00 0.00 0.00 0.00 0.00 0.00 0.00 0.00 0.00 0.00 0.00
6.57 6.85 7.08 7.29 7.45 7.59 7.69 7.76 7.80 7.82 7.82 7.79 7.75 7.69 7.61 7.53 7.43 7.32 7.20 7.08 6.95 6.82 6.68 6.54 6.39 6.23 6.07 5.91 5.74 5.57 5.39 5.21 5.03 4.85 4.66 4.47 4.28 4.09 3.90 3.71 3.51 3.32 3.13 2.95 2.78 2.60 2.43 2.27 2.10 1.94 1.78 1.62 1.47 1.32 1.18 1.05 0.92 0.79 0.67 0.56 0.46 0.37 0.29 0.21 0.15 0.09 0.05 0.01 0.00 0.00 0.00 0.00 0.00 0.00 0.00 0.00 0.00 0.00 0.00 0.00 0.00 0.00 0.00 0.00
6.85 7.14 7.38 7.59 7.76 7.89 8.00 8.07 8.12 8.14 8.14 8.11 8.07 8.01 7.93 7.84 7.74 7.63 7.51 7.39 7.26 7.12 6.98 6.83 6.68 6.52 6.36 6.19 6.02 5.85 5.67 5.48 5.30 5.11 4.92 4.73 4.53 4.33 4.13 3.94 3.74 3.53 3.34 3.14 2.96 2.77 2.59 2.41 2.23 2.05 1.88 1.72 1.56 1.40 1.25 1.10 0.96 0.83 0.71 0.59 0.49 0.39 0.30 0.22 0.15 0.10 0.05 0.01 0.00 0.00 0.00 0.00 0.00 0.00 0.00 0.00 0.00 0.00 0.00 0.00 0.00 0.00 0.00 0.00
7.14 7.43 7.68 7.89 8.06 8.20 8.31 8.38 8.43 8.46 8.45 8.43 8.39 8.33 8.25 8.16 8.06 7.94 7.82 7.70 7.57 7.43 7.28 7.13 6.97 6.81 6.65 6.48 6.30 6.12 5.94 5.75 5.56 5.37 5.17 4.97 4.77 4.57 4.37 4.16 3.96 3.75 3.54 3.34 3.14 2.94 2.74 2.55 2.36 2.17 1.99 1.81 1.64 1.47 1.31 1.16 1.01 0.87 0.74 0.62 0.51 0.41 0.31 0.23 0.16 0.10 0.05 0.02 0.00 0.00 0.00 0.00 0.00 0.00 0.00 0.00 0.00 0.00 0.00 0.00 0.00 0.00 0.00 0.00
7.42 7.72 7.97 8.19 8.36 8.51 8.62 8.70 8.75 8.77 8.77 8.75 8.71 8.64 8.57 8.47 8.37 8.26 8.13 8.01 7.87 7.73 7.58 7.43 7.27 7.10 6.93 6.76 6.58 6.40 6.21 6.02 5.82 5.63 5.42 5.22 5.02 4.81 4.60 4.39 4.18 3.97 3.75 3.54 3.32 3.11 2.90 2.69 2.48 2.29 2.09 1.90 1.72 1.55 1.38 1.21 1.06 0.91 0.78 0.65 0.53 0.42 0.33 0.24 0.17 0.10 0.05 0.02 0.00 0.00 0.00 0.00 0.00 0.00 0.00 0.00 0.00 0.00 0.00 0.00 0.00 0.00 0.00 0.00
