data_processed/recharge/precip/Precip_2010_02.asc
ncols        168
nrows        136
xllcorner    455000
yllcorner    2107000
cellsize     500
NODATA_value     -99999
[rows 34 to 67 of 136, columns 76 to 151 of 168]
167.22 162.24 157.22 152.17 147.10 142.03 137.19 132.78 128.85 125.40 122.46 120.03 118.13 116.77 115.96 115.71 116.01 116.65 117.40 118.26 119.25 120.40 121.72 123.25 124.76 125.73 126.03 125.64 124.50 122.60 119.89 116.52 113.00 109.61 106.40 103.38 100.60 98.08 95.84 93.94 92.38 91.20 90.38 89.70 89.07 88.47 87.90 87.33 86.77 86.20 85.60 85.00 84.46 84.05 83.82 83.84 84.27 86.28 91.44 99.86 111.33 125.58 142.37 161.47 182.63 205.60 230.15 256.02 282.99 310.79 339.13 367.71 396.22 424.36 451.83 476.83
161.19 156.65 152.07 147.47 142.84 138.20 133.58 129.21 125.33 121.96 119.13 116.84 115.12 113.96 113.39 113.39 113.75 114.26 114.91 115.74 116.75 117.99 119.46 121.20 122.99 124.33 125.11 125.29 124.83 123.70 121.86 119.28 116.09 112.81 109.72 106.84 104.22 101.88 99.85 98.16 96.84 95.87 95.03 94.24 93.47 92.71 91.96 91.20 90.43 89.64 88.80 87.94 87.12 86.42 85.89 85.59 85.59 86.04 88.12 93.39 101.98 113.66 128.18 145.29 164.75 186.31 209.75 234.82 261.27 288.83 317.17 346.00 375.03 403.94 432.43 458.70
156.32 152.19 148.03 143.84 139.64 135.42 131.20 127.03 123.13 119.75 116.94 114.71 113.08 112.04 111.59 111.54 111.67 111.98 112.50 113.25 114.25 115.53 117.11 119.01 121.04 122.72 123.93 124.64 124.82 124.42 123.41 121.75 119.42 116.54 113.62 110.94 108.52 106.41 104.63 103.22 102.13 101.17 100.25 99.35 98.45 97.55 96.64 95.71 94.74 93.74 92.67 91.57 90.50 89.52 88.70 88.09 87.77 87.79 88.31 90.50 95.94 104.75 116.69 131.52 148.99 168.86 190.91 214.90 240.54 267.53 295.57 324.35 353.58 382.95 412.16 439.38
152.49 148.74 144.97 141.17 137.36 133.55 129.74 125.94 122.19 118.75 115.88 113.61 111.98 110.95 110.34 109.95 109.78 109.85 110.19 110.82 111.76 113.05 114.69 116.72 118.95 120.92 122.53 123.73 124.50 124.79 124.57 123.80 122.45 120.48 118.02 115.59 113.43 111.60 110.12 108.96 107.93 106.92 105.92 104.93 103.92 102.89 101.84 100.74 99.60 98.40 97.13 95.80 94.49 93.25 92.15 91.25 90.62 90.32 90.41 91.04 93.40 99.05 108.12 120.37 135.55 153.46 173.87 196.48 220.99 247.11 274.54 302.96 332.09 361.61 391.23 419.10
149.56 146.17 142.76 139.34 135.90 132.46 129.02 125.61 122.21 118.88 115.89 113.51 111.76 110.46 109.41 108.62 108.11 107.90 108.02 108.49 109.33 110.58 112.24 114.36 116.74 118.97 120.92 122.58 123.89 124.83 125.36 125.44 125.03 124.11 122.62 120.72 118.88 117.38 116.19 115.12 114.06 113.01 111.95 110.87 109.77 108.63 107.44 106.21 104.90 103.53 102.06 100.52 98.98 97.50 96.14 94.97 94.04 93.43 93.20 93.40 94.20 96.77 102.67 112.05 124.70 140.39 158.85 179.77 202.86 227.80 254.30 282.06 310.77 340.13 369.85 398.06
147.42 144.36 141.29 138.20 135.11 132.02 128.94 125.88 122.84 119.84 116.92 114.35 112.21 110.37 108.82 107.58 106.69 106.15 106.01 106.28 106.98 108.15 109.80 111.96 114.45 116.89 119.15 121.21 123.04 124.59 125.82 126.70 127.20 127.28 126.90 126.02 124.78 123.61 122.54 121.47 120.40 119.32 118.21 117.07 115.89 114.66 113.36 111.99 110.55 109.01 107.36 105.63 103.87 102.16 100.56 99.13 97.93 97.03 96.48 96.36 96.73 97.73 100.56 106.82 116.69 129.87 146.08 165.00 186.34 209.80 235.06 261.84 289.83 318.73 348.24 376.47
145.93 143.18 140.42 137.65 134.87 132.10 129.35 126.62 123.92 121.26 118.63 115.88 113.14 110.69 108.59 106.87 105.54 104.64 104.20 104.22 104.74 105.79 107.38 109.54 112.11 114.71 117.25 119.68 121.97 124.08 125.98 127.63 128.99 130.03 130.71 130.99 130.78 129.99 128.97 127.92 126.86 125.76 124.62 123.44 122.19 120.88 119.48 118.00 116.43 114.74 112.93 111.02 109.07 107.15 105.31 103.64 102.18 101.00 100.16 99.73 99.77 100.35 101.67 104.96 111.75 122.12 135.76 152.37 171.66 193.32 217.04 242.53 269.49 297.61 326.60 354.55
144.97 142.51 140.03 137.54 135.06 132.59 130.14 127.71 125.32 122.95 120.44 117.61 114.50 111.44 108.75 106.50 104.71 103.40 102.61 102.35 102.65 103.53 105.02 107.14 109.75 112.47 115.24 117.99 120.71 123.34 125.87 128.24 130.42 132.38 134.08 135.42 136.15 136.11 135.37 134.37 133.32 132.22 131.07 129.86 128.56 127.18 125.71 124.13 122.44 120.62 118.66 116.58 114.46 112.34 110.29 108.39 106.68 105.24 104.13 103.40 103.14 103.45 104.47 106.31 110.09 117.33 128.10 142.10 159.03 178.58 200.45 224.35 249.96 277.00 305.15 332.52
144.42 142.21 139.99 137.77 135.55 133.35 131.17 129.03 126.90 124.63 122.06 119.18 116.01 112.61 109.33 106.51 104.21 102.46 101.28 100.70 100.73 101.41 102.76 104.80 107.39 110.20 113.15 116.19 119.29 122.41 125.51 128.57 131.53 134.37 136.99 139.13 140.64 141.42 141.41 140.69 139.68 138.61 137.46 136.22 134.90 133.47 131.93 130.27 128.48 126.54 124.45 122.23 119.94 117.64 115.40 113.28 111.34 109.65 108.28 107.28 106.79 106.95 107.77 109.28 111.56 115.74 123.33 134.40 148.66 165.79 185.50 207.49 231.46 257.10 284.11 310.58
144.14 142.16 140.17 138.19 136.22 134.26 132.33 130.42 128.37 126.03 123.39 120.48 117.31 113.90 110.33 106.94 104.09 101.85 100.24 99.29 99.02 99.45 100.61 102.53 105.07 107.93 111.02 114.31 117.75 121.31 124.95 128.65 132.35 135.97 139.25 142.03 144.23 145.77 146.57 146.57 145.84 144.80 143.67 142.44 141.09 139.63 138.04 136.32 134.44 132.41 130.20 127.84 125.40 122.94 120.52 118.20 116.05 114.13 112.52 111.34 110.74 110.75 111.39 112.66 114.55 117.18 121.65 129.49 140.76 155.17 172.41 192.19 214.19 238.13 263.69 288.95
144.02 142.24 140.46 138.69 136.93 135.19 133.47 131.61 129.48 127.06 124.38 121.45 118.30 114.95 111.42 107.76 104.37 101.60 99.52 98.16 97.54 97.69 98.62 100.38 102.83 105.69 108.88 112.36 116.11 120.07 124.21 128.50 132.84 136.99 140.77 144.11 146.92 149.14 150.69 151.49 151.47 150.70 149.61 148.39 147.05 145.57 143.95 142.17 140.23 138.11 135.80 133.33 130.75 128.14 125.55 123.05 120.71 118.58 116.82 115.58 114.90 114.78 115.23 116.25 117.85 120.04 122.90 127.57 135.55 146.93 161.39 178.64 198.38 220.30 244.10 267.84
143.93 142.32 140.72 139.14 137.57 136.01 134.32 132.36 130.13 127.66 124.95 122.03 118.92 115.65 112.22 108.66 105.03 101.74 99.15 97.34 96.33 96.15 96.82 98.36 100.68 103.50 106.76 110.40 114.40 118.72 123.32 128.11 132.84 137.34 141.54 145.36 148.72 151.55 153.77 155.30 156.07 156.00 155.17 153.99 152.66 151.18 149.54 147.72 145.73 143.54 141.15 138.58 135.88 133.14 130.40 127.74 125.21 122.98 121.21 119.94 119.17 118.92 119.18 119.96 121.27 123.11 125.48 128.48 133.24 141.28 152.65 167.07 184.23 203.83 225.56 247.47
143.73 142.28 140.84 139.41 137.98 136.44 134.63 132.57 130.27 127.76 125.05 122.16 119.11 115.92 112.62 109.22 105.74 102.25 99.15 96.85 95.41 94.86 95.22 96.52 98.66 101.41 104.68 108.44 112.66 117.30 122.26 127.29 132.24 137.03 141.57 145.80 149.63 152.98 155.79 157.98 159.46 160.17 160.03 159.11 157.82 156.35 154.71 152.88 150.85 148.61 146.14 143.49 140.69 137.83 134.96 132.15 129.56 127.37 125.62 124.32 123.47 123.08 123.16 123.70 124.71 126.20 128.17 130.64 133.68 138.43 146.41 157.69 171.96 188.92 208.28 228.05
143.31 141.98 140.67 139.36 137.92 136.25 134.33 132.18 129.83 127.30 124.60 121.76 118.79 115.72 112.56 109.34 106.07 102.77 99.52 96.74 94.83 93.87 93.88 94.89 96.81 99.43 102.68 106.52 110.92 115.77 120.84 125.96 131.06 136.05 140.86 145.41 149.63 153.45 156.77 159.54 161.66 163.08 163.70 163.46 162.42 160.99 159.36 157.52 155.47 153.20 150.68 147.95 145.07 142.10 139.12 136.29 133.79 131.68 129.96 128.63 127.70 127.17 127.06 127.36 128.07 129.22 130.79 132.80 135.25 138.23 142.88 150.70 161.78 175.80 192.47 209.80
142.54 141.31 140.09 138.74 137.17 135.36 133.34 131.13 128.76 126.22 123.56 120.78 117.92 114.98 111.98 108.96 105.92 102.88 99.88 96.97 94.60 93.18 92.80 93.48 95.15 97.61 100.80 104.67 109.14 113.97 118.98 124.11 129.27 134.39 139.40 144.21 148.74 152.94 156.70 159.97 162.67 164.71 166.02 166.53 166.16 164.98 163.38 161.56 159.50 157.21 154.65 151.87 148.92 145.87 142.90 140.21 137.85 135.81 134.11 132.76 131.75 131.09 130.78 130.84 131.27 132.06 133.24 134.79 136.74 139.07 141.90 146.34 153.90 164.68 178.35 192.92
141.29 140.12 138.84 137.34 135.63 133.71 131.61 129.36 126.97 124.46 121.85 119.16 116.41 113.62 110.82 108.01 105.22 102.47 99.77 97.16 94.71 92.85 92.04 92.35 93.71 95.97 99.05 102.86 107.16 111.80 116.68 121.74 126.89 132.07 137.19 142.18 146.96 151.45 155.59 159.28 162.47 165.06 166.99 168.18 168.55 168.02 166.67 164.88 162.84 160.54 157.96 155.14 152.14 149.15 146.37 143.87 141.63 139.67 138.00 136.61 135.52 134.73 134.24 134.06 134.19 134.64 135.41 136.52 137.96 139.74 141.86 144.42 148.55 155.76 166.13 177.64
139.43 138.18 136.73 135.08 133.24 131.23 129.08 126.80 124.42 121.95 119.41 116.83 114.22 111.60 109.00 106.43 103.91 101.46 99.10 96.86 94.74 92.84 91.61 91.50 92.53 94.54 97.41 100.92 104.90 109.26 113.94 118.85 123.92 129.07 134.23 139.33 144.27 149.00 153.42 157.47 161.07 164.14 166.61 168.40 169.43 169.63 168.93 167.38 165.37 163.08 160.49 157.66 154.75 152.01 149.47 147.15 145.04 143.16 141.52 140.10 138.93 138.00 137.32 136.90 136.74 136.85 137.22 137.88 138.81 140.03 141.54 143.35 145.55 149.27 156.03 164.16
136.72 135.29 133.67 131.88 129.94 127.86 125.67 123.39 121.03 118.62 116.18 113.72 111.27 108.85 106.47 104.15 101.92 99.80 97.79 95.94 94.24 92.73 91.49 90.99 91.63 93.29 95.73 98.77 102.33 106.35 110.74 115.43 120.35 125.40 130.53 135.65 140.69 145.56 150.21 154.53 158.47 161.95 164.88 167.20 168.82 169.67 169.68 168.76 166.99 164.73 162.17 159.46 156.85 154.40 152.10 149.96 147.99 146.19 144.56 143.12 141.87 140.81 139.95 139.28 138.83 138.59 138.57 138.77 139.20 139.86 140.76 141.91 143.30 145.04 148.25 152.70
132.98 131.37 129.61 127.70 125.67 123.54 121.34 119.07 116.76 114.43 112.10 109.79 107.52 105.30 103.16 101.12 99.20 97.42 95.79 94.34 93.09 92.05 91.25 90.77 90.99 92.07 93.90 96.39 99.48 103.08 107.11 111.50 116.18 121.07 126.08 131.16 136.21 141.16 145.94 150.47 154.68 158.48 161.80 164.57 166.71 168.13 168.78 168.56 167.41 165.39 163.01 160.65 158.39 156.22 154.16 152.21 150.37 148.64 147.05 145.58 144.25 143.05 142.00 141.10 140.36 139.77 139.35 139.10 139.03 139.13 139.42 139.91 140.58 141.46 142.64 143.96
128.72 126.94 125.03 123.01 120.91 118.74 116.52 114.28 112.03 109.78 107.58 105.42 103.33 101.34 99.45 97.70 96.09 94.66 93.42 92.38 91.58 91.02 90.73 90.64 90.61 91.00 92.16 94.04 96.57 99.68 103.29 107.32 111.69 116.34 121.18 126.14 131.14 136.10 140.95 145.62 150.02 154.08 157.73 160.88 163.46 165.40 166.61 167.03 166.57 165.13 163.17 161.21 159.30 157.43 155.61 153.84 152.14 150.50 148.93 147.44 146.03 144.71 143.47 142.34 141.30 140.38 139.56 138.87 138.29 137.84 137.53 137.35 137.32 137.43 137.77 138.50
125.13 123.16 121.10 118.96 116.76 114.54 112.29 110.06 107.84 105.68 103.57 101.55 99.64 97.85 96.20 94.71 93.41 92.31 91.43 90.80 90.43 90.34 90.46 90.55 90.50 90.52 90.99 92.21 94.14 96.71 99.84 103.46 107.48 111.84 116.46 121.25 126.15 131.07 135.95 140.70 145.25 149.52 153.43 156.92 159.90 162.30 164.03 165.03 165.13 164.19 162.72 161.19 159.63 158.06 156.50 154.93 153.37 151.83 150.30 148.79 147.32 145.87 144.47 143.11 141.80 140.54 139.34 138.21 137.14 136.15 135.24 134.41 133.68 133.10 133.08 133.74
122.29 120.21 117.97 115.69 113.38 111.08 108.79 106.54 104.35 102.23 100.22 98.31 96.55 94.94 93.51 92.28 91.26 90.47 89.94 89.69 89.73 90.01 90.28 90.39 90.37 90.37 90.48 91.03 92.32 94.30 96.91 100.07 103.69 107.71 112.05 116.64 121.38 126.22 131.07 135.86 140.51 144.94 149.09 152.86 156.19 159.00 161.20 162.66 163.17 162.68 161.67 160.58 159.40 158.15 156.85 155.49 154.09 152.65 151.17 149.67 148.14 146.59 145.02 143.45 141.87 140.29 138.72 137.16 135.61 134.09 132.60 131.13 129.77 128.89 128.79 129.36
119.84 117.93 115.59 113.15 110.71 108.31 105.96 103.68 101.49 99.41 97.45 95.65 94.02 92.58 91.34 90.34 89.58 89.09 88.89 88.99 89.36 89.75 90.04 90.17 90.18 90.21 90.30 90.49 91.12 92.48 94.51 97.16 100.34 103.98 108.00 112.33 116.88 121.58 126.36 131.14 135.85 140.39 144.71 148.73 152.36 155.53 158.09 159.86 160.72 160.63 160.05 159.39 158.61 157.70 156.67 155.54 154.30 152.98 151.57 150.07 148.50 146.85 145.13 143.36 141.52 139.64 137.71 135.73 133.72 131.68 129.61 127.59 125.97 125.05 124.90 125.39
117.60 116.00 113.83 111.29 108.71 106.19 103.75 101.42 99.21 97.14 95.24 93.51 91.99 90.69 89.64 88.84 88.33 88.11 88.22 88.60 89.06 89.45 89.75 89.89 89.93 89.99 90.10 90.27 90.55 91.27 92.69 94.78 97.47 100.68 104.33 108.35 112.66 117.18 121.85 126.57 131.28 135.90 140.35 144.56 148.44 151.86 154.64 156.66 157.84 158.12 157.93 157.65 157.26 156.70 155.97 155.07 154.02 152.82 151.48 150.01 148.40 146.67 144.82 142.85 140.77 138.59 136.31 133.93 131.47 128.91 126.35 124.12 122.51 121.59 121.38 121.78
115.56 114.24 112.36 109.98 107.31 104.66 102.12 99.71 97.46 95.39 93.51 91.85 90.42 89.25 88.35 87.74 87.45 87.49 87.83 88.28 88.72 89.11 89.40 89.57 89.64 89.72 89.86 90.04 90.30 90.66 91.46 92.95 95.11 97.84 101.08 104.74 108.76 113.06 117.56 122.18 126.85 131.49 136.03 140.38 144.41 147.95 150.88 153.12 154.57 155.18 155.36 155.43 155.38 155.16 154.75 154.10 153.24 152.19 150.93 149.49 147.86 146.06 144.08 141.94 139.63 137.16 134.54 131.77 128.86 125.87 123.15 120.97 119.40 118.46 118.21 118.52
113.70 112.63 111.01 108.91 106.40 103.67 101.00 98.51 96.20 94.10 92.23 90.60 89.25 88.18 87.42 86.98 86.89 87.12 87.50 87.92 88.34 88.72 89.02 89.20 89.29 89.40 89.56 89.76 90.03 90.37 90.83 91.71 93.28 95.49 98.26 101.53 105.22 109.24 113.52 118.00 122.58 127.20 131.77 136.16 140.21 143.81 146.86 149.28 150.97 151.89 152.39 152.78 153.04 153.12 153.00 152.63 151.99 151.08 149.92 148.52 146.89 145.02 142.93 140.62 138.09 135.35 132.40 129.25 125.97 122.88 120.25 118.15 116.61 115.67 115.36 115.58
112.00 111.16 109.78 107.93 105.67 103.09 100.35 97.75 95.36 93.22 91.33 89.73 88.42 87.44 86.80 86.51 86.56 86.81 87.14 87.52 87.92 88.29 88.59 88.79 88.90 89.04 89.21 89.44 89.72 90.07 90.50 91.05 92.02 93.66 95.92 98.75 102.05 105.75 109.78 114.05 118.50 123.05 127.55 131.87 135.88 139.50 142.64 145.21 147.11 148.29 149.08 149.75 150.28 150.64 150.77 150.66 150.24 149.51 148.46 147.12 145.49 143.57 141.37 138.91 136.17 133.16 129.90 126.44 123.11 120.16 117.65 115.62 114.12 113.16 112.80 112.95
110.45 109.81 108.64 107.01 104.99 102.64 100.05 97.38 94.90 92.69 90.77 89.17 87.90 86.98 86.43 86.24 86.29 86.47 86.75 87.10 87.47 87.82 88.13 88.34 88.48 88.63 88.83 89.07 89.37 89.73 90.16 90.68 91.32 92.38 94.09 96.42 99.29 102.63 106.35 110.38 114.65 119.03 123.36 127.54 131.48 135.09 138.28 140.96 143.03 144.45 145.48 146.40 147.17 147.76 148.12 148.22 148.02 147.47 146.55 145.28 143.66 141.71 139.42 136.81 133.87 130.62 127.11 123.65 120.50 117.71 115.32 113.37 111.89 110.93 110.52 110.58
109.04 108.56 107.57 106.13 104.32 102.20 99.83 97.30 94.76 92.47 90.50 88.88 87.62 86.75 86.25 86.02 85.99 86.11 86.34 86.65 86.99 87.33 87.64 87.86 88.02 88.20 88.41 88.67 88.98 89.35 89.79 90.31 90.91 91.65 92.80 94.59 96.98 99.90 103.27 107.01 111.01 115.11 119.21 123.23 127.06 130.63 133.83 136.59 138.80 140.41 141.66 142.79 143.77 144.55 145.10 145.38 145.35 144.97 144.20 143.02 141.43 139.44 137.08 134.33 131.21 127.77 124.31 121.08 118.13 115.50 113.23 111.36 109.92 108.95 108.49 108.46
107.74 107.40 106.57 105.30 103.66 101.73 99.57 97.25 94.84 92.50 90.46 88.80 87.53 86.66 86.11 85.79 85.68 85.73 85.91 86.17 86.49 86.82 87.12 87.36 87.54 87.73 87.96 88.23 88.55 88.93 89.38 89.90 90.51 91.20 92.03 93.28 95.15 97.60 100.57 103.94 107.56 111.34 115.18 118.99 122.68 126.17 129.35 132.15 134.46 136.23 137.67 138.97 140.12 141.06 141.77 142.20 142.30 142.05 141.41 140.33 138.78 136.79 134.35 131.48 128.24 124.90 121.71 118.73 115.98 113.52 111.37 109.57 108.16 107.19 106.68 106.57
106.54 106.32 105.61 104.48 102.99 101.23 99.24 97.11 94.90 92.68 90.60 88.88 87.57 86.62 85.96 85.55 85.35 85.34 85.46 85.69 85.97 86.28 86.58 86.83 87.03 87.24 87.48 87.77 88.10 88.49 88.94 89.46 90.07 90.76 91.55 92.48 93.81 95.76 98.25 101.15 104.35 107.76 111.31 114.88 118.40 121.76 124.89 127.70 130.08 131.97 133.56 135.00 136.28 137.35 138.18 138.72 138.93 138.77 138.22 137.22 135.73 133.74 131.25 128.32 125.23 122.21 119.31 116.57 114.03 111.73 109.70 107.98 106.61 105.62 105.06 104.87
105.43 105.30 104.68 103.66 102.30 100.67 98.84 96.87 94.83 92.79 90.82 89.06 87.65 86.57 85.80 85.30 85.02 84.94 85.00 85.19 85.44 85.74 86.03 86.29 86.50 86.73 86.98 87.28 87.62 88.01 88.47 89.00 89.60 90.29 91.07 91.95 92.98 94.38 96.30 98.68 101.43 104.45 107.65 110.95 114.26 117.48 120.52 123.29 125.70 127.68 129.38 130.94 132.32 133.48 134.39 135.00 135.28 135.19 134.68 133.73 132.29 130.31 127.83 125.11 122.38 119.69 117.08 114.58 112.25 110.11 108.20 106.56 105.22 104.23 103.62 103.34
104.40 104.32 103.77 102.84 101.57 100.05 98.33 96.50 94.60 92.72 90.92 89.23 87.72 86.53 85.65 85.05 84.69 84.53 84.54 84.68 84.90 85.18 85.47 85.73 85.96 86.20 86.47 86.78 87.12 87.52 87.98 88.51 89.11 89.79 90.57 91.44 92.39 93.43 94.77 96.59 98.85 101.44 104.28 107.27 110.33 113.36 116.27 118.98 121.39 123.43 125.20 126.83 128.27 129.49 130.45 131.10 131.41 131.35 130.86 129.92 128.48 126.55 124.34 122.02 119.66 117.31 114.99 112.74 110.61 108.63 106.84 105.28 103.98 102.98 102.33 101.97
103.42 103.37 102.87 101.98 100.78 99.34 97.72 95.99 94.21 92.47 90.80 89.23 87.77 86.49 85.50 84.80 84.36 84.13 84.08 84.17 84.36 84.62 84.90 85.17 85.41 85.67 85.95 86.26 86.61 87.02 87.48 88.00 88.59 89.27 90.04 90.88 91.76 92.69 93.67 94.94 96.67 98.80 101.23 103.88 106.65 109.46 112.22 114.83 117.20 119.25 121.08 122.74 124.21 125.45 126.42 127.08 127.39 127.31 126.81 125.85 124.42 122.73 120.93 119.05 117.07 115.04 113.01 111.02 109.09 107.28 105.61 104.13 102.86 101.86 101.15 100.71
