data_processed/recharge/precip/Precip_1999_06.asc
ncols        168
nrows        136
xllcorner    455000
yllcorner    2107000
cellsize     500
NODATA_value     -99999
[rows 33 to 65 of 136, columns 0 to 75 of 168]
143.36 143.40 144.13 145.36 146.73 148.15 149.58 151.03 152.49 153.93 155.36 156.76 158.13 159.44 160.70 161.88 162.99 164.01 164.92 165.62 165.93 165.82 165.29 164.35 163.04 161.51 159.79 157.92 155.89 153.71 151.30 148.68 145.90 143.01 140.06 137.10 134.18 131.34 128.63 126.11 123.81 121.80 120.12 118.81 117.93 117.46 117.35 117.59 118.25 119.37 120.71 121.61 121.94 121.74 121.04 119.96 118.66 117.21 115.63 113.94 112.13 110.24 108.26 106.22 104.12 101.98 99.82 97.64 95.45 93.28 91.13 88.98 86.76 84.44 81.97 79.34
140.85 140.54 140.91 141.94 143.44 145.08 146.73 148.40 150.07 151.73 153.37 154.97 156.54 158.06 159.52 160.90 162.20 163.41 164.40 165.01 165.19 164.94 164.27 163.18 161.72 160.05 158.20 156.19 154.04 151.78 149.38 146.80 144.06 141.21 138.29 135.36 132.46 129.64 126.96 124.45 122.18 120.18 118.51 117.21 116.28 115.65 115.35 115.41 115.89 116.83 118.02 118.78 118.99 118.71 117.96 116.79 115.29 113.61 111.84 109.98 108.04 106.05 104.00 101.92 99.81 97.69 95.58 93.48 91.41 89.38 87.37 85.32 83.19 80.93 78.54 75.97
138.71 138.10 138.16 138.88 140.21 141.99 143.89 145.79 147.70 149.59 151.46 153.29 155.09 156.83 158.50 160.11 161.62 162.92 163.84 164.32 164.36 163.98 163.17 161.94 160.35 158.54 156.55 154.42 152.15 149.78 147.31 144.73 142.02 139.20 136.31 133.40 130.52 127.72 125.05 122.56 120.29 118.30 116.63 115.28 114.19 113.38 112.91 112.80 113.12 113.89 114.92 115.55 115.67 115.31 114.52 113.33 111.78 109.96 108.03 106.03 103.99 101.92 99.83 97.74 95.66 93.59 91.56 89.57 87.65 85.76 83.86 81.89 79.83 77.65 75.31 72.81
136.92 136.06 135.87 136.31 137.38 139.02 141.08 143.24 145.40 147.55 149.67 151.75 153.79 155.77 157.69 159.53 161.16 162.39 163.19 163.54 163.46 162.95 162.01 160.65 158.92 156.98 154.87 152.61 150.23 147.75 145.18 142.54 139.83 137.03 134.15 131.26 128.39 125.60 122.94 120.46 118.19 116.20 114.48 112.97 111.71 110.74 110.09 109.82 109.98 110.60 111.49 112.00 112.03 111.61 110.78 109.59 108.06 106.24 104.21 102.12 100.00 97.89 95.79 93.72 91.68 89.70 87.78 85.94 84.16 82.38 80.56 78.67 76.68 74.57 72.30 69.86
135.46 134.41 134.01 134.23 135.07 136.48 138.44 140.79 143.22 145.64 148.03 150.38 152.69 154.94 157.11 159.08 160.65 161.77 162.45 162.69 162.49 161.86 160.79 159.30 157.44 155.38 153.15 150.78 148.29 145.70 143.03 140.30 137.53 134.72 131.86 128.98 126.12 123.33 120.67 118.19 115.92 113.87 112.00 110.33 108.90 107.77 106.97 106.55 106.56 107.04 107.79 108.19 108.14 107.67 106.82 105.62 104.13 102.37 100.38 98.25 96.10 93.97 91.89 89.87 87.91 86.04 84.26 82.56 80.89 79.20 77.46 75.66 73.74 71.70 69.50 67.11
134.31 133.12 132.56 132.62 133.27 134.49 136.26 138.55 141.19 143.90 146.58 149.22 151.81 154.34 156.66 158.59 160.05 161.07 161.64 161.77 161.46 160.71 159.52 157.90 155.92 153.74 151.39 148.92 146.32 143.63 140.87 138.06 135.21 132.35 129.48 126.59 123.73 120.95 118.28 115.78 113.46 111.27 109.23 107.40 105.82 104.54 103.59 103.03 102.90 103.25 103.88 104.18 104.06 103.54 102.68 101.50 100.05 98.36 96.47 94.43 92.29 90.19 88.15 86.21 84.36 82.63 81.00 79.41 77.83 76.23 74.58 72.85 71.01 69.04 66.90 64.57
133.46 132.16 131.50 131.45 131.97 133.06 134.68 136.81 139.42 142.36 145.35 148.30 151.19 153.89 156.18 158.00 159.38 160.30 160.76 160.79 160.36 159.50 158.20 156.47 154.36 152.06 149.61 147.03 144.34 141.56 138.71 135.82 132.89 129.96 127.04 124.14 121.28 118.48 115.80 113.24 110.78 108.43 106.25 104.27 102.55 101.12 100.04 99.35 99.09 99.31 99.82 100.04 99.86 99.31 98.44 97.29 95.89 94.28 92.50 90.59 88.59 86.56 84.60 82.77 81.06 79.47 77.96 76.47 74.98 73.47 71.90 70.25 68.48 66.58 64.50 62.23
132.87 131.54 130.82 130.70 131.15 132.15 133.67 135.70 138.19 141.14 144.38 147.65 150.73 153.40 155.60 157.34 158.62 159.45 159.82 159.74 159.21 158.24 156.83 154.99 152.77 150.36 147.81 145.13 142.35 139.48 136.55 133.58 130.58 127.59 124.61 121.67 118.78 115.97 113.23 110.54 107.93 105.43 103.11 100.99 99.13 97.57 96.37 95.55 95.18 95.29 95.69 95.83 95.60 95.03 94.17 93.05 91.71 90.19 88.53 86.77 84.94 83.08 81.26 79.56 78.00 76.53 75.12 73.73 72.34 70.91 69.42 67.85 66.15 64.31 62.30 60.08
132.53 131.21 130.49 130.36 130.79 131.75 133.23 135.19 137.62 140.49 143.76 147.17 150.23 152.82 154.94 156.60 157.79 158.53 158.81 158.64 158.01 156.94 155.43 153.48 151.15 148.64 145.99 143.22 140.35 137.40 134.40 131.35 128.30 125.24 122.21 119.22 116.29 113.42 110.55 107.71 104.96 102.33 99.87 97.63 95.64 93.97 92.64 91.72 91.23 91.24 91.55 91.62 91.34 90.76 89.92 88.84 87.58 86.16 84.63 83.02 81.38 79.73 78.12 76.59 75.16 73.80 72.48 71.19 69.89 68.55 67.14 65.64 64.02 62.24 60.29 58.12
132.42 131.16 130.50 130.40 130.86 131.84 133.32 135.28 137.69 140.52 143.62 146.71 149.63 152.15 154.20 155.78 156.90 157.55 157.74 157.48 156.77 155.60 153.99 151.94 149.51 146.90 144.16 141.30 138.35 135.33 132.25 129.15 126.03 122.92 119.84 116.81 113.81 110.81 107.80 104.83 101.95 99.19 96.61 94.24 92.14 90.36 88.93 87.90 87.32 87.23 87.46 87.47 87.16 86.58 85.76 84.74 83.55 82.25 80.85 79.41 77.96 76.54 75.17 73.82 72.51 71.26 70.04 68.85 67.63 66.38 65.05 63.63 62.07 60.36 58.47 56.36
132.53 131.38 130.81 130.81 131.34 132.39 133.93 135.93 138.37 141.08 143.79 146.44 149.02 151.41 153.39 154.90 155.94 156.51 156.63 156.28 155.48 154.23 152.52 150.37 147.85 145.15 142.32 139.38 136.36 133.26 130.12 126.96 123.79 120.63 117.50 114.40 111.29 108.16 105.04 101.95 98.95 96.07 93.38 90.91 88.70 86.82 85.29 84.17 83.50 83.33 83.48 83.44 83.11 82.54 81.75 80.80 79.70 78.52 77.27 76.01 74.77 73.56 72.38 71.21 70.05 68.91 67.80 66.69 65.57 64.40 63.15 61.80 60.32 58.67 56.83 54.78
132.82 131.83 131.42 131.56 132.23 133.39 135.04 137.13 139.50 141.88 144.19 146.43 148.59 150.65 152.51 153.95 154.92 155.43 155.46 155.04 154.16 152.82 151.03 148.79 146.18 143.39 140.48 137.47 134.37 131.21 128.02 124.80 121.58 118.37 115.18 111.98 108.75 105.52 102.31 99.14 96.03 93.05 90.25 87.68 85.38 83.41 81.79 80.59 79.84 79.59 79.69 79.61 79.27 78.71 77.97 77.08 76.09 75.04 73.95 72.88 71.83 70.80 69.78 68.77 67.76 66.75 65.74 64.73 63.70 62.61 61.44 60.16 58.74 57.16 55.38 53.38
133.28 132.51 132.30 132.64 133.48 134.82 136.62 138.70 140.79 142.81 144.77 146.64 148.41 150.08 151.62 152.95 153.85 154.29 154.26 153.76 152.81 151.39 149.52 147.19 144.50 141.63 138.64 135.56 132.40 129.18 125.93 122.66 119.40 116.14 112.85 109.54 106.22 102.91 99.64 96.41 93.24 90.18 87.29 84.63 82.25 80.19 78.50 77.22 76.41 76.10 76.13 76.02 75.68 75.15 74.47 73.67 72.79 71.87 70.96 70.06 69.18 68.30 67.42 66.55 65.66 64.77 63.87 62.96 62.01 61.00 59.91 58.70 57.35 55.83 54.11 52.15
133.89 133.39 133.44 134.02 135.10 136.65 138.49 140.34 142.13 143.84 145.47 147.00 148.42 149.73 150.91 151.94 152.74 153.11 153.02 152.46 151.43 149.94 147.99 145.59 142.81 139.87 136.81 133.67 130.45 127.18 123.88 120.57 117.25 113.89 110.51 107.12 103.73 100.37 97.05 93.79 90.60 87.51 84.56 81.82 79.36 77.23 75.47 74.14 73.26 72.90 72.89 72.76 72.43 71.93 71.31 70.61 69.85 69.09 68.33 67.59 66.84 66.10 65.34 64.58 63.80 63.01 62.20 61.37 60.50 59.58 58.56 57.42 56.14 54.68 53.01 51.11
134.63 134.45 134.81 135.68 137.04 138.69 140.36 141.96 143.48 144.92 146.25 147.48 148.59 149.57 150.41 151.10 151.63 151.90 151.74 151.12 150.03 148.47 146.45 143.98 141.13 138.12 135.00 131.79 128.52 125.20 121.86 118.49 115.09 111.65 108.20 104.75 101.32 97.92 94.58 91.31 88.13 85.05 82.09 79.31 76.79 74.60 72.78 71.39 70.47 70.06 70.02 69.88 69.57 69.12 68.58 67.97 67.35 66.73 66.11 65.49 64.86 64.22 63.57 62.90 62.21 61.50 60.75 59.98 59.18 58.33 57.38 56.32 55.10 53.69 52.08 50.23
135.48 135.67 136.39 137.60 139.11 140.64 142.11 143.49 144.79 145.98 147.07 148.03 148.86 149.56 150.10 150.47 150.68 150.70 150.45 149.77 148.62 147.00 144.91 142.37 139.45 136.38 133.20 129.94 126.62 123.26 119.87 116.43 112.95 109.45 105.95 102.46 99.01 95.60 92.26 89.01 85.85 82.81 79.90 77.14 74.59 72.35 70.49 69.06 68.10 67.65 67.59 67.45 67.16 66.77 66.31 65.82 65.33 64.83 64.33 63.81 63.28 62.73 62.15 61.56 60.93 60.27 59.58 58.85 58.08 57.26 56.38 55.38 54.23 52.88 51.32 49.52
136.42 137.03 138.15 139.58 141.02 142.40 143.69 144.89 146.00 146.99 147.86 148.60 149.19 149.63 149.91 150.01 149.93 149.65 149.17 148.40 147.19 145.52 143.38 140.77 137.79 134.65 131.42 128.12 124.76 121.35 117.89 114.38 110.86 107.32 103.79 100.29 96.84 93.44 90.13 86.90 83.79 80.81 77.97 75.30 72.81 70.56 68.66 67.20 66.21 65.74 65.66 65.53 65.28 64.96 64.59 64.22 63.83 63.43 63.02 62.58 62.13 61.64 61.13 60.58 60.00 59.38 58.71 58.00 57.24 56.43 55.56 54.62 53.52 52.24 50.73 48.97
137.43 138.50 139.90 141.30 142.64 143.90 145.06 146.12 147.07 147.89 148.58 149.13 149.52 149.75 149.80 149.67 149.33 148.80 148.04 147.05 145.76 144.04 141.84 139.18 136.14 132.95 129.68 126.33 122.92 119.45 115.94 112.40 108.84 105.29 101.76 98.27 94.84 91.47 88.20 85.04 82.00 79.10 76.35 73.79 71.41 69.25 67.36 65.87 64.86 64.38 64.29 64.18 63.99 63.74 63.47 63.19 62.89 62.57 62.22 61.85 61.45 61.01 60.53 60.02 59.46 58.85 58.19 57.48 56.71 55.89 55.00 54.04 52.98 51.75 50.30 48.59
138.48 139.88 141.31 142.66 143.92 145.10 146.16 147.12 147.95 148.64 149.19 149.59 149.81 149.86 149.72 149.39 148.84 148.08 147.09 145.85 144.37 142.56 140.32 137.60 134.52 131.28 127.96 124.57 121.11 117.61 114.06 110.50 106.94 103.40 99.89 96.43 93.04 89.73 86.52 83.44 80.49 77.69 75.07 72.63 70.39 68.38 66.61 65.15 64.13 63.64 63.56 63.48 63.34 63.17 62.99 62.78 62.54 62.28 61.98 61.65 61.28 60.86 60.41 59.90 59.34 58.73 58.06 57.33 56.53 55.67 54.73 53.72 52.63 51.43 50.02 48.36
139.36 140.84 142.26 143.58 144.82 145.95 146.96 147.84 148.59 149.19 149.64 149.91 150.01 149.92 149.63 149.13 148.41 147.45 146.26 144.82 143.11 141.13 138.81 136.05 132.92 129.64 126.28 122.85 119.36 115.83 112.28 108.73 105.18 101.67 98.20 94.79 91.47 88.24 85.12 82.14 79.30 76.63 74.15 71.86 69.79 67.95 66.36 65.04 64.07 63.59 63.52 63.48 63.41 63.30 63.18 63.02 62.83 62.60 62.33 62.02 61.66 61.25 60.79 60.27 59.69 59.06 58.35 57.58 56.73 55.81 54.80 53.72 52.55 51.29 49.90 48.28
139.73 141.26 142.70 144.04 145.28 146.40 147.39 148.24 148.95 149.49 149.87 150.06 150.07 149.87 149.47 148.84 147.98 146.88 145.52 143.90 142.01 139.83 137.35 134.52 131.35 128.04 124.64 121.19 117.69 114.17 110.63 107.11 103.60 100.14 96.73 93.40 90.16 87.03 84.03 81.17 78.47 75.95 73.62 71.51 69.62 67.98 66.60 65.51 64.71 64.28 64.24 64.25 64.23 64.17 64.08 63.95 63.78 63.57 63.31 63.00 62.63 62.20 61.72 61.17 60.55 59.87 59.10 58.27 57.35 56.35 55.26 54.08 52.81 51.44 49.97 48.36
139.50 141.10 142.60 144.00 145.27 146.42 147.42 148.28 148.98 149.50 149.85 150.00 149.95 149.69 149.20 148.48 147.52 146.30 144.81 143.05 141.01 138.67 136.02 133.05 129.83 126.49 123.09 119.63 116.15 112.65 109.15 105.67 102.23 98.83 95.51 92.28 89.15 86.14 83.27 80.56 78.02 75.67 73.52 71.60 69.92 68.50 67.35 66.50 65.95 65.73 65.75 65.80 65.81 65.78 65.71 65.59 65.42 65.20 64.93 64.60 64.20 63.74 63.21 62.61 61.93 61.18 60.34 59.42 58.41 57.31 56.12 54.83 53.43 51.93 50.33 48.61
138.88 140.58 142.17 143.64 144.98 146.17 147.22 148.10 148.82 149.34 149.68 149.81 149.73 149.42 148.88 148.09 147.05 145.74 144.15 142.28 140.10 137.62 134.82 131.74 128.46 125.11 121.70 118.25 114.79 111.32 107.87 104.45 101.07 97.76 94.54 91.41 88.40 85.52 82.79 80.23 77.86 75.69 73.73 72.01 70.55 69.35 68.45 67.84 67.56 67.52 67.57 67.64 67.68 67.67 67.62 67.51 67.34 67.12 66.83 66.47 66.04 65.54 64.97 64.31 63.58 62.75 61.84 60.83 59.73 58.53 57.22 55.81 54.30 52.67 50.92 49.06
138.11 139.92 141.61 143.17 144.58 145.84 146.94 147.86 148.60 149.15 149.48 149.61 149.51 149.17 148.58 147.74 146.62 145.23 143.56 141.58 139.29 136.68 133.79 130.66 127.34 123.96 120.54 117.11 113.66 110.22 106.81 103.44 100.14 96.91 93.77 90.75 87.85 85.10 82.51 80.11 77.90 75.90 74.13 72.62 71.36 70.39 69.72 69.36 69.25 69.22 69.23 69.29 69.36 69.39 69.36 69.28 69.13 68.91 68.62 68.25 67.81 67.28 66.68 65.98 65.19 64.31 63.34 62.26 61.08 59.79 58.39 56.88 55.25 53.50 51.63 49.64
137.21 139.12 140.92 142.58 144.08 145.41 146.57 147.55 148.33 148.90 149.25 149.38 149.27 148.91 148.29 147.40 146.23 144.77 143.01 140.94 138.55 135.87 132.96 129.81 126.46 123.05 119.62 116.18 112.75 109.34 105.97 102.65 99.41 96.25 93.20 90.28 87.50 84.87 82.42 80.16 78.11 76.29 74.71 73.39 72.34 71.59 71.15 70.95 70.84 70.76 70.74 70.77 70.83 70.89 70.91 70.86 70.74 70.54 70.27 69.91 69.46 68.93 68.30 67.58 66.76 65.84 64.82 63.68 62.44 61.08 59.60 58.00 56.28 54.42 52.44 50.35
136.23 138.19 140.09 141.85 143.45 144.87 146.11 147.14 147.97 148.58 148.96 149.10 148.99 148.62 147.98 147.06 145.85 144.33 142.50 140.35 137.92 135.25 132.35 129.18 125.79 122.35 118.91 115.47 112.05 108.66 105.32 102.06 98.87 95.79 92.83 90.00 87.32 84.82 82.50 80.39 78.49 76.84 75.44 74.31 73.47 72.94 72.64 72.43 72.26 72.15 72.10 72.10 72.13 72.19 72.25 72.25 72.17 72.01 71.76 71.42 70.99 70.47 69.84 69.11 68.27 67.32 66.26 65.09 63.79 62.38 60.83 59.16 57.35 55.41 53.34 51.16
135.21 137.17 139.11 140.98 142.68 144.20 145.52 146.63 147.52 148.18 148.60 148.76 148.67 148.30 147.65 146.71 145.46 143.90 142.01 139.84 137.45 134.82 131.93 128.74 125.32 121.85 118.39 114.95 111.54 108.17 104.87 101.65 98.52 95.51 92.62 89.89 87.32 84.93 82.74 80.77 79.03 77.54 76.32 75.38 74.75 74.34 74.02 73.74 73.53 73.38 73.30 73.28 73.28 73.32 73.37 73.42 73.40 73.29 73.09 72.79 72.39 71.88 71.26 70.54 69.70 68.74 67.66 66.46 65.13 63.67 62.08 60.34 58.47 56.45 54.31 52.06
134.14 136.10 138.05 139.95 141.76 143.38 144.80 145.99 146.96 147.68 148.14 148.35 148.28 147.92 147.27 146.32 145.05 143.46 141.57 139.47 137.14 134.55 131.68 128.48 125.02 121.53 118.06 114.61 111.21 107.87 104.60 101.41 98.34 95.39 92.59 89.94 87.47 85.20 83.14 81.30 79.71 78.39 77.34 76.59 76.06 75.62 75.23 74.90 74.63 74.45 74.36 74.31 74.29 74.31 74.34 74.39 74.43 74.38 74.24 73.98 73.62 73.15 72.56 71.86 71.03 70.08 68.99 67.78 66.43 64.95 63.31 61.53 59.59 57.52 55.33 53.03
133.04 135.00 136.94 138.84 140.68 142.40 143.92 145.21 146.26 147.05 147.58 147.83 147.80 147.47 146.83 145.88 144.60 143.04 141.25 139.24 136.98 134.44 131.57 128.36 124.88 121.36 117.88 114.43 111.05 107.73 104.49 101.34 98.32 95.43 92.70 90.14 87.77 85.61 83.67 81.97 80.53 79.36 78.48 77.83 77.26 76.74 76.28 75.89 75.58 75.38 75.26 75.20 75.16 75.16 75.17 75.20 75.24 75.26 75.19 75.00 74.70 74.28 73.73 73.06 72.26 71.32 70.25 69.04 67.69 66.18 64.52 62.69 60.72 58.62 56.40 54.07
131.91 133.85 135.78 137.67 139.50 141.26 142.88 144.27 145.42 146.29 146.89 147.20 147.22 146.92 146.31 145.37 144.15 142.71 141.05 139.14 136.95 134.44 131.60 128.37 124.86 121.33 117.83 114.39 111.02 107.72 104.52 101.42 98.45 95.62 92.96 90.48 88.21 86.15 84.33 82.76 81.47 80.45 79.66 78.95 78.29 77.69 77.16 76.72 76.38 76.15 76.02 75.94 75.90 75.87 75.87 75.89 75.91 75.93 75.93 75.82 75.59 75.23 74.75 74.12 73.36 72.46 71.42 70.23 68.88 67.36 65.67 63.82 61.84 59.72 57.49 55.15
130.74 132.68 134.59 136.46 138.28 140.02 141.67 143.16 144.41 145.38 146.06 146.44 146.52 146.27 145.70 144.83 143.76 142.48 140.94 139.13 137.02 134.56 131.73 128.49 124.96 121.40 117.90 114.46 111.11 107.84 104.67 101.63 98.71 95.94 93.35 90.95 88.77 86.82 85.11 83.67 82.51 81.57 80.71 79.90 79.15 78.47 77.88 77.39 77.02 76.77 76.63 76.54 76.49 76.45 76.44 76.44 76.45 76.46 76.46 76.43 76.29 76.01 75.60 75.04 74.34 73.48 72.48 71.31 69.96 68.44 66.75 64.91 62.93 60.82 58.59 56.26
129.55 131.47 133.36 135.21 137.01 138.73 140.35 141.87 143.21 144.29 145.07 145.53 145.68 145.49 145.02 144.34 143.45 142.32 140.92 139.21 137.16 134.75 131.94 128.70 125.14 121.57 118.06 114.63 111.29 108.05 104.93 101.93 99.08 96.38 93.86 91.54 89.44 87.59 86.00 84.68 83.58 82.56 81.59 80.68 79.84 79.09 78.45 77.91 77.51 77.24 77.10 77.01 76.94 76.90 76.88 76.87 76.87 76.87 76.86 76.84 76.78 76.60 76.27 75.79 75.16 74.37 73.41 72.27 70.93 69.42 67.75 65.93 63.98 61.89 59.69 57.39
128.34 130.23 132.09 133.92 135.69 137.39 138.99 140.48 141.84 143.01 143.90 144.46 144.68 144.63 144.36 143.90 143.19 142.22 140.95 139.34 137.37 135.01 132.22 128.97 125.39 121.80 118.29 114.87 111.55 108.34 105.26 102.32 99.53 96.91 94.47 92.23 90.22 88.46 86.97 85.70 84.51 83.37 82.29 81.28 80.37 79.55 78.85 78.28 77.84 77.57 77.42 77.33 77.26 77.22 77.19 77.18 77.17 77.16 77.14 77.12 77.07 76.97 76.75 76.36 75.82 75.10 74.18 73.06 71.76 70.29 68.66 66.88 64.96 62.93 60.78 58.53
