data_processed/recharge/precip/Precip_2011_10.asc
ncols        168
nrows        136
xllcorner    455000
yllcorner    2107000
cellsize     500
NODATA_value     -99999
[rows 68 to 101 of 136, columns 77 to 153 of 168]
52.75 53.12 53.66 54.36 55.20 56.18 57.28 58.39 59.29 59.91 60.24 60.38 60.48 60.54 60.58 60.59 60.58 60.55 60.50 60.45 60.39 60.32 60.22 60.06 59.86 59.62 59.32 58.99 58.61 58.20 57.74 57.25 56.69 55.95 54.98 53.82 52.50 51.06 49.54 47.95 46.33 44.69 43.05 41.44 39.87 38.39 36.99 35.75 34.71 33.89 33.30 32.94 32.82 32.94 33.32 33.96 34.86 36.03 37.42 38.98 40.70 42.53 44.35 46.10 47.74 49.29 50.72 52.04 53.22 54.26 55.16 55.90 56.51 57.10 57.71 58.32 58.95
51.51 52.05 52.80 53.76 54.91 56.25 57.65 58.90 59.92 60.70 61.19 61.41 61.45 61.46 61.44 61.41 61.37 61.32 61.27 61.21 61.15 61.10 61.01 60.86 60.67 60.42 60.13 59.78 59.39 58.96 58.48 57.93 57.19 56.21 55.04 53.68 52.18 50.56 48.87 47.14 45.40 43.66 41.95 40.29 38.71 37.21 35.84 34.63 33.63 32.85 32.30 31.98 31.90 32.06 32.48 33.16 34.10 35.25 36.55 38.02 39.62 41.37 43.22 45.04 46.76 48.36 49.84 51.20 52.41 53.47 54.38 55.12 55.73 56.31 56.91 57.52 58.14
50.37 51.07 52.03 53.25 54.71 56.29 57.78 59.10 60.23 61.14 61.81 62.21 62.33 62.30 62.24 62.17 62.10 62.03 61.96 61.90 61.85 61.81 61.74 61.61 61.42 61.17 60.87 60.52 60.12 59.67 59.14 58.41 57.45 56.27 54.91 53.39 51.73 49.97 48.15 46.30 44.46 42.65 40.89 39.21 37.62 36.15 34.82 33.67 32.73 32.01 31.52 31.26 31.24 31.47 31.95 32.69 33.62 34.71 35.94 37.31 38.81 40.43 42.19 44.02 45.80 47.46 49.00 50.39 51.63 52.72 53.64 54.38 54.98 55.56 56.15 56.75 57.37
49.36 50.22 51.39 52.85 54.50 56.12 57.63 59.00 60.22 61.25 62.07 62.65 62.98 63.03 62.95 62.84 62.75 62.66 62.58 62.52 62.48 62.46 62.40 62.28 62.10 61.86 61.56 61.21 60.80 60.30 59.60 58.65 57.49 56.13 54.60 52.94 51.17 49.31 47.39 45.45 43.54 41.68 39.90 38.21 36.64 35.21 33.95 32.88 32.02 31.39 30.98 30.80 30.87 31.18 31.74 32.50 33.39 34.42 35.57 36.85 38.24 39.75 41.37 43.10 44.88 46.60 48.19 49.62 50.89 52.00 52.92 53.67 54.26 54.83 55.42 56.02 56.63
48.50 49.51 50.88 52.49 54.12 55.71 57.22 58.62 59.90 61.03 61.99 62.74 63.26 63.54 63.55 63.43 63.31 63.20 63.12 63.06 63.03 63.03 62.99 62.89 62.72 62.49 62.19 61.83 61.37 60.71 59.80 58.66 57.32 55.81 54.15 52.37 50.50 48.57 46.59 44.61 42.65 40.76 38.97 37.30 35.78 34.42 33.24 32.28 31.53 31.00 30.69 30.63 30.80 31.21 31.81 32.54 33.39 34.36 35.44 36.63 37.92 39.32 40.81 42.39 44.06 45.78 47.41 48.88 50.18 51.31 52.25 52.99 53.58 54.14 54.72 55.31 55.92
47.82 48.98 50.43 51.97 53.52 55.05 56.54 57.96 59.29 60.50 61.57 62.47 63.18 63.66 63.91 63.91 63.78 63.66 63.57 63.52 63.50 63.52 63.50 63.41 63.26 63.03 62.74 62.34 61.73 60.86 59.76 58.45 56.96 55.32 53.55 51.68 49.75 47.76 45.76 43.76 41.80 39.91 38.14 36.51 35.05 33.78 32.72 31.88 31.26 30.86 30.68 30.74 31.04 31.51 32.10 32.81 33.62 34.53 35.54 36.65 37.85 39.13 40.50 41.94 43.46 45.05 46.66 48.17 49.50 50.65 51.60 52.34 52.92 53.48 54.05 54.64 55.24
47.33 48.53 49.86 51.26 52.71 54.17 55.62 57.03 58.39 59.66 60.83 61.86 62.73 63.41 63.89 64.13 64.13 64.02 63.93 63.88 63.87 63.91 63.92 63.85 63.71 63.49 63.17 62.62 61.81 60.75 59.49 58.04 56.43 54.68 52.83 50.90 48.92 46.91 44.90 42.92 40.99 39.15 37.42 35.86 34.49 33.33 32.40 31.71 31.24 30.98 30.96 31.17 31.54 32.02 32.61 33.29 34.06 34.93 35.88 36.91 38.01 39.19 40.43 41.74 43.11 44.54 46.01 47.50 48.86 50.02 50.98 51.72 52.30 52.85 53.41 53.99 54.58
46.96 47.98 49.13 50.37 51.69 53.06 54.45 55.85 57.21 58.53 59.77 60.91 61.93 62.79 63.48 63.96 64.22 64.25 64.18 64.13 64.15 64.21 64.25 64.20 64.07 63.83 63.36 62.61 61.62 60.41 59.01 57.44 55.73 53.91 52.00 50.03 48.03 46.02 44.04 42.10 40.23 38.47 36.83 35.36 34.10 33.07 32.30 31.78 31.48 31.40 31.54 31.84 32.25 32.74 33.32 33.99 34.73 35.55 36.44 37.39 38.41 39.48 40.61 41.79 43.01 44.28 45.58 46.92 48.24 49.42 50.39 51.13 51.70 52.24 52.80 53.37 53.95
46.52 47.30 48.24 49.30 50.48 51.74 53.06 54.41 55.77 57.11 58.41 59.64 60.78 61.80 62.68 63.40 63.92 64.22 64.30 64.28 64.32 64.41 64.47 64.44 64.29 63.91 63.25 62.34 61.20 59.85 58.34 56.68 54.90 53.02 51.08 49.10 47.10 45.12 43.18 41.31 39.53 37.87 36.36 35.02 33.90 33.03 32.44 32.11 32.00 32.11 32.37 32.72 33.15 33.66 34.25 34.90 35.61 36.39 37.22 38.10 39.03 40.01 41.02 42.08 43.16 44.27 45.40 46.55 47.72 48.86 49.83 50.57 51.13 51.66 52.21 52.77 53.33
45.98 46.49 47.20 48.07 49.09 50.22 51.44 52.73 54.06 55.41 56.75 58.06 59.30 60.47 61.52 62.44 63.20 63.78 64.14 64.30 64.37 64.49 64.58 64.54 64.26 63.69 62.87 61.81 60.54 59.09 57.49 55.76 53.93 52.03 50.08 48.11 46.15 44.22 42.35 40.57 38.90 37.37 36.01 34.85 33.90 33.22 32.83 32.72 32.82 33.06 33.39 33.79 34.26 34.78 35.37 36.01 36.70 37.44 38.22 39.03 39.88 40.77 41.67 42.60 43.54 44.50 45.47 46.44 47.41 48.38 49.30 50.04 50.59 51.11 51.65 52.18 52.71
45.33 45.56 46.02 46.68 47.52 48.50 49.61 50.82 52.11 53.44 54.80 56.16 57.50 58.78 59.99 61.10 62.08 62.92 63.57 64.03 64.28 64.45 64.53 64.36 63.91 63.18 62.21 61.03 59.66 58.14 56.47 54.70 52.85 50.95 49.02 47.09 45.18 43.33 41.56 39.89 38.36 36.99 35.81 34.84 34.11 33.65 33.49 33.61 33.87 34.20 34.59 35.04 35.54 36.09 36.69 37.32 37.99 38.70 39.43 40.18 40.96 41.74 42.54 43.35 44.16 44.97 45.78 46.57 47.36 48.12 48.86 49.54 50.08 50.58 51.09 51.60 52.10
44.64 44.58 44.77 45.20 45.83 46.65 47.63 48.75 49.97 51.27 52.63 54.03 55.44 56.82 58.17 59.45 60.64 61.71 62.63 63.40 63.96 64.28 64.25 63.91 63.30 62.44 61.35 60.08 58.63 57.04 55.34 53.56 51.71 49.83 47.94 46.07 44.25 42.50 40.85 39.32 37.95 36.76 35.78 35.03 34.54 34.34 34.44 34.73 35.09 35.51 35.97 36.47 37.01 37.59 38.20 38.83 39.48 40.16 40.84 41.54 42.24 42.94 43.64 44.33 45.01 45.68 46.33 46.95 47.54 48.11 48.64 49.12 49.57 50.05 50.53 51.01 51.49
44.34 43.96 43.88 44.06 44.49 45.13 45.96 46.96 48.10 49.37 50.72 52.14 53.60 55.08 56.55 57.98 59.36 60.65 61.84 62.89 63.74 64.17 64.08 63.59 62.83 61.84 60.65 59.29 57.78 56.15 54.42 52.63 50.79 48.94 47.11 45.31 43.58 41.94 40.42 39.05 37.85 36.86 36.09 35.57 35.33 35.38 35.63 35.98 36.43 36.94 37.47 38.03 38.62 39.23 39.85 40.49 41.13 41.78 42.43 43.07 43.70 44.32 44.92 45.51 46.06 46.59 47.08 47.54 47.95 48.32 48.63 48.85 49.02 49.39 49.85 50.32 50.78
44.69 43.99 43.61 43.54 43.74 44.19 44.87 45.75 46.80 48.01 49.34 50.77 52.28 53.84 55.42 57.00 58.56 60.07 61.50 62.79 63.75 64.22 64.17 63.63 62.74 61.63 60.33 58.88 57.31 55.63 53.88 52.08 50.26 48.45 46.67 44.94 43.31 41.78 40.40 39.18 38.16 37.35 36.79 36.51 36.51 36.70 36.98 37.37 37.87 38.45 39.07 39.70 40.34 40.98 41.63 42.27 42.91 43.54 44.15 44.74 45.31 45.86 46.37 46.84 47.28 47.68 48.02 48.32 48.55 48.73 48.79 48.69 48.54 48.64 49.02 49.48 49.94
45.65 44.61 43.94 43.60 43.57 43.82 44.33 45.08 46.03 47.17 48.47 49.91 51.45 53.08 54.76 56.48 58.21 59.92 61.55 62.93 63.91 64.42 64.41 63.91 62.98 61.76 60.36 58.83 57.19 55.47 53.70 51.89 50.09 48.31 46.59 44.94 43.40 41.99 40.74 39.68 38.83 38.22 37.88 37.81 37.94 38.17 38.49 38.90 39.42 40.05 40.74 41.44 42.13 42.82 43.50 44.15 44.79 45.41 45.99 46.54 47.05 47.53 47.95 48.33 48.66 48.92 49.13 49.26 49.33 49.27 49.03 48.61 48.16 47.98 48.11 48.51 48.99
47.17 45.80 44.82 44.20 43.92 43.97 44.30 44.91 45.75 46.82 48.08 49.50 51.07 52.75 54.53 56.38 58.26 60.13 61.83 63.22 64.22 64.75 64.76 64.31 63.43 62.19 60.70 59.09 57.39 55.63 53.83 52.03 50.24 48.50 46.83 45.26 43.82 42.53 41.42 40.51 39.84 39.42 39.28 39.34 39.51 39.77 40.11 40.55 41.10 41.75 42.47 43.24 44.00 44.74 45.44 46.12 46.77 47.37 47.93 48.45 48.91 49.32 49.67 49.95 50.17 50.31 50.38 50.36 50.21 49.85 49.31 48.61 47.89 47.44 47.32 47.51 47.95
49.13 47.51 46.21 45.30 44.77 44.60 44.75 45.20 45.93 46.91 48.11 49.52 51.10 52.83 54.69 56.65 58.66 60.57 62.27 63.66 64.66 65.19 65.23 64.81 63.99 62.80 61.31 59.63 57.87 56.06 54.25 52.44 50.68 48.98 47.37 45.88 44.53 43.36 42.38 41.64 41.14 40.91 40.89 40.98 41.18 41.47 41.85 42.32 42.90 43.56 44.30 45.10 45.92 46.71 47.46 48.16 48.81 49.42 49.96 50.44 50.86 51.21 51.48 51.68 51.79 51.82 51.76 51.54 51.10 50.45 49.64 48.68 47.72 47.04 46.68 46.64 46.90
51.30 49.60 48.07 46.87 46.08 45.67 45.62 45.91 46.51 47.39 48.54 49.91 51.50 53.27 55.20 57.24 59.27 61.17 62.85 64.23 65.23 65.76 65.80 65.41 64.63 63.50 62.07 60.40 58.59 56.75 54.91 53.11 51.36 49.70 48.15 46.74 45.50 44.45 43.61 43.02 42.70 42.57 42.58 42.71 42.93 43.26 43.67 44.18 44.78 45.47 46.23 47.03 47.88 48.72 49.51 50.25 50.92 51.52 52.06 52.51 52.89 53.19 53.39 53.51 53.52 53.44 53.19 52.70 51.98 51.07 50.01 48.83 47.65 46.76 46.20 45.95 46.01
53.61 51.88 50.27 48.86 47.80 47.15 46.89 47.01 47.47 48.24 49.31 50.65 52.23 54.03 56.00 58.04 60.04 61.91 63.57 64.93 65.91 66.42 66.47 66.09 65.34 64.27 62.90 61.30 59.51 57.64 55.79 53.98 52.26 50.64 49.16 47.83 46.69 45.75 45.06 44.62 44.39 44.31 44.34 44.50 44.76 45.12 45.57 46.11 46.74 47.46 48.23 49.05 49.90 50.76 51.59 52.37 53.06 53.67 54.20 54.64 54.98 55.23 55.37 55.41 55.33 55.08 54.57 53.81 52.84 51.69 50.41 49.03 47.67 46.60 45.86 45.44 45.33
56.04 54.28 52.64 51.15 49.89 48.99 48.52 48.45 48.76 49.41 50.40 51.69 53.25 55.05 57.00 59.00 60.96 62.79 64.41 65.74 66.69 67.18 67.22 66.85 66.12 65.08 63.77 62.24 60.53 58.70 56.83 55.04 53.34 51.76 50.34 49.10 48.06 47.25 46.69 46.34 46.14 46.08 46.15 46.34 46.64 47.03 47.52 48.10 48.76 49.50 50.29 51.13 51.98 52.84 53.69 54.50 55.22 55.85 56.38 56.80 57.12 57.32 57.41 57.37 57.14 56.64 55.87 54.87 53.67 52.32 50.85 49.30 47.78 46.55 45.66 45.10 44.85
58.55 56.77 55.10 53.57 52.24 51.15 50.46 50.19 50.34 50.87 51.76 52.99 54.52 56.27 58.16 60.10 62.01 63.79 65.37 66.66 67.57 68.03 68.04 67.67 66.95 65.94 64.68 63.21 61.58 59.83 58.02 56.23 54.56 53.03 51.67 50.51 49.57 48.88 48.40 48.09 47.92 47.89 47.99 48.21 48.55 48.98 49.51 50.13 50.82 51.59 52.40 53.25 54.11 54.98 55.83 56.64 57.39 58.04 58.57 58.99 59.28 59.45 59.48 59.31 58.84 58.09 57.09 55.87 54.48 52.95 51.32 49.62 47.97 46.62 45.61 44.92 44.56
61.14 59.33 57.62 56.06 54.69 53.53 52.66 52.20 52.17 52.57 53.35 54.51 55.97 57.65 59.47 61.35 63.19 64.91 66.44 67.67 68.54 68.95 68.93 68.54 67.83 66.84 65.61 64.19 62.63 60.97 59.25 57.52 55.88 54.40 53.11 52.03 51.20 50.58 50.13 49.84 49.70 49.71 49.84 50.10 50.47 50.95 51.52 52.18 52.91 53.70 54.54 55.40 56.28 57.15 57.99 58.80 59.55 60.22 60.77 61.18 61.45 61.59 61.50 61.10 60.40 59.42 58.22 56.82 55.26 53.58 51.81 49.99 48.24 46.79 45.69 44.91 44.46
63.77 61.93 60.19 58.60 57.18 55.99 55.05 54.43 54.22 54.47 55.14 56.20 57.58 59.18 60.92 62.72 64.48 66.14 67.60 68.77 69.58 69.94 69.88 69.46 68.74 67.76 66.55 65.18 63.67 62.09 60.46 58.84 57.27 55.84 54.62 53.63 52.85 52.26 51.84 51.59 51.48 51.52 51.69 51.99 52.40 52.92 53.53 54.23 55.00 55.82 56.68 57.57 58.45 59.33 60.18 60.98 61.72 62.38 62.94 63.35 63.61 63.64 63.34 62.72 61.80 60.64 59.25 57.70 55.99 54.19 52.32 50.41 48.58 47.07 45.89 45.06 44.54
66.42 64.55 62.78 61.15 59.70 58.47 57.48 56.79 56.45 56.54 57.10 58.06 59.34 60.84 62.49 64.20 65.89 67.47 68.85 69.95 70.69 70.99 70.87 70.42 69.68 68.69 67.51 66.16 64.70 63.18 61.63 60.11 58.65 57.31 56.16 55.22 54.48 53.92 53.53 53.30 53.23 53.30 53.51 53.85 54.30 54.86 55.52 56.27 57.07 57.93 58.82 59.72 60.62 61.51 62.36 63.15 63.89 64.53 65.08 65.49 65.67 65.50 64.98 64.15 63.05 61.72 60.19 58.51 56.69 54.79 52.84 50.87 49.00 47.44 46.23 45.36 44.81
69.06 67.16 65.36 63.70 62.21 60.94 59.91 59.18 58.77 58.77 59.22 60.07 61.24 62.64 64.19 65.80 67.39 68.88 70.18 71.20 71.85 72.08 71.90 71.41 70.64 69.64 68.45 67.13 65.71 64.24 62.77 61.33 59.98 58.75 57.67 56.77 56.05 55.52 55.16 54.97 54.94 55.05 55.30 55.68 56.17 56.78 57.48 58.27 59.12 60.01 60.93 61.85 62.77 63.66 64.52 65.31 66.04 66.67 67.19 67.51 67.49 67.11 66.40 65.40 64.15 62.68 61.03 59.24 57.34 55.37 53.37 51.37 49.48 47.90 46.68 45.80 45.25
71.68 69.75 67.92 66.22 64.70 63.38 62.32 61.55 61.15 61.13 61.49 62.22 63.26 64.55 65.99 67.50 68.99 70.37 71.57 72.50 73.07 73.21 72.96 72.41 71.60 70.58 69.39 68.07 66.68 65.26 63.84 62.48 61.23 60.09 59.09 58.24 57.56 57.06 56.74 56.58 56.58 56.73 57.02 57.45 57.99 58.64 59.39 60.23 61.12 62.05 62.99 63.94 64.88 65.78 66.64 67.44 68.15 68.77 69.19 69.28 69.04 68.47 67.60 66.46 65.08 63.51 61.76 59.90 57.94 55.93 53.90 51.90 50.02 48.45 47.25 46.39 45.86
74.24 72.28 70.42 68.69 67.13 65.78 64.69 63.95 63.58 63.56 63.87 64.49 65.42 66.58 67.90 69.29 70.66 71.94 73.03 73.85 74.32 74.37 74.04 73.42 72.56 71.51 70.30 68.99 67.61 66.22 64.86 63.57 62.38 61.32 60.40 59.61 58.98 58.51 58.22 58.11 58.15 58.34 58.67 59.14 59.73 60.43 61.24 62.12 63.06 64.02 65.00 65.97 66.93 67.84 68.71 69.51 70.21 70.73 70.92 70.78 70.33 69.59 68.59 67.33 65.85 64.19 62.38 60.47 58.48 56.46 54.44 52.46 50.61 49.09 47.93 47.12 46.64
76.73 74.74 72.85 71.08 69.48 68.12 67.08 66.41 66.07 66.05 66.33 66.88 67.68 68.71 69.89 71.15 72.41 73.56 74.54 75.25 75.61 75.55 75.12 74.43 73.51 72.41 71.18 69.86 68.49 67.12 65.80 64.57 63.45 62.45 61.59 60.86 60.28 59.86 59.61 59.53 59.62 59.85 60.23 60.74 61.38 62.13 62.99 63.93 64.91 65.91 66.92 67.92 68.90 69.83 70.71 71.50 72.11 72.40 72.36 72.01 71.37 70.48 69.34 67.99 66.45 64.73 62.89 60.96 58.97 56.96 54.97 53.04 51.26 49.81 48.72 47.99 47.59
79.12 77.10 75.17 73.38 71.77 70.48 69.54 68.93 68.63 68.61 68.85 69.34 70.03 70.93 71.97 73.09 74.21 75.24 76.09 76.67 76.91 76.74 76.21 75.43 74.44 73.29 72.02 70.68 69.30 67.95 66.67 65.49 64.43 63.48 62.67 61.99 61.46 61.09 60.88 60.85 60.97 61.25 61.68 62.24 62.93 63.73 64.64 65.63 66.66 67.70 68.75 69.78 70.78 71.73 72.61 73.31 73.70 73.75 73.50 72.96 72.16 71.13 69.89 68.46 66.87 65.13 63.27 61.35 59.39 57.42 55.50 53.64 51.95 50.60 49.61 48.98 48.69
81.38 79.33 77.38 75.58 74.08 72.91 72.07 71.53 71.26 71.24 71.45 71.87 72.47 73.23 74.12 75.10 76.07 76.95 77.67 78.12 78.23 77.93 77.29 76.41 75.34 74.12 72.81 71.43 70.05 68.73 67.49 66.36 65.33 64.43 63.66 63.02 62.53 62.20 62.03 62.03 62.19 62.52 63.00 63.61 64.35 65.21 66.17 67.22 68.29 69.38 70.46 71.52 72.55 73.51 74.30 74.78 74.93 74.77 74.33 73.63 72.69 71.55 70.22 68.73 67.11 65.37 63.53 61.65 59.74 57.84 56.00 54.25 52.68 51.46 50.60 50.10 49.94
83.49 81.42 79.47 77.80 76.46 75.43 74.68 74.20 73.96 73.95 74.12 74.48 74.98 75.61 76.34 77.15 77.97 78.70 79.27 79.58 79.55 79.11 78.34 77.36 76.20 74.91 73.53 72.13 70.75 69.46 68.26 67.16 66.17 65.30 64.56 63.95 63.49 63.19 63.04 63.07 63.27 63.64 64.17 64.83 65.62 66.54 67.56 68.66 69.79 70.92 72.04 73.14 74.18 75.06 75.63 75.87 75.80 75.45 74.84 74.00 72.96 71.73 70.34 68.81 67.17 65.45 63.67 61.84 60.01 58.22 56.50 54.88 53.45 52.38 51.68 51.34 51.34
85.44 83.38 81.58 80.10 78.92 78.02 77.38 76.96 76.76 76.74 76.88 77.17 77.58 78.08 78.65 79.27 79.91 80.48 80.88 81.04 80.86 80.27 79.37 78.27 77.01 75.63 74.20 72.78 71.43 70.17 68.99 67.92 66.95 66.11 65.38 64.80 64.36 64.07 63.94 63.98 64.20 64.60 65.17 65.89 66.74 67.71 68.80 69.96 71.14 72.31 73.47 74.59 75.56 76.22 76.54 76.56 76.31 75.79 75.04 74.09 72.95 71.66 70.23 68.69 67.07 65.38 63.66 61.93 60.21 58.54 56.96 55.51 54.26 53.37 52.85 52.70 52.89
87.23 85.35 83.78 82.49 81.48 80.71 80.16 79.81 79.64 79.62 79.74 79.96 80.26 80.63 81.04 81.47 81.89 82.26 82.50 82.49 82.15 81.41 80.37 79.13 77.76 76.30 74.84 73.43 72.10 70.85 69.70 68.64 67.69 66.85 66.14 65.56 65.13 64.85 64.73 64.77 65.00 65.40 66.00 66.77 67.68 68.71 69.86 71.08 72.31 73.53 74.73 75.78 76.52 76.93 77.04 76.87 76.44 75.79 74.92 73.88 72.68 71.34 69.90 68.37 66.78 65.16 63.53 61.91 60.33 58.81 57.40 56.14 55.09 54.41 54.10 54.16 54.53
89.04 87.41 86.07 84.98 84.13 83.49 83.04 82.76 82.62 82.60 82.68 82.84 83.05 83.29 83.54 83.77 83.96 84.09 84.12 83.93 83.42 82.51 81.31 79.94 78.46 76.95 75.49 74.10 72.78 71.53 70.38 69.33 68.38 67.55 66.84 66.26 65.83 65.54 65.42 65.46 65.67 66.08 66.67 67.46 68.42 69.52 70.73 72.01 73.29 74.56 75.69 76.51 77.01 77.20 77.11 76.77 76.20 75.43 74.48 73.36 72.12 70.77 69.34 67.84 66.32 64.78 63.26 61.77 60.35 59.02 57.81 56.76 55.95 55.50 55.43 55.69 56.10
