data_processed/recharge/precip/Precip_1994_09.asc
ncols        168
nrows        136
xllcorner    455000
yllcorner    2107000
cellsize     500
NODATA_value     -99999
[rows 0 to 32 of 136, columns 0 to 73 of 168]
183.58 183.47 183.35 183.20 183.02 182.82 182.60 182.34 182.05 181.73 181.36 180.95 180.49 179.97 179.41 178.78 178.10 177.36 176.56 175.69 174.76 173.77 172.70 171.57 170.36 169.08 167.73 166.30 164.79 163.20 161.54 159.81 158.01 156.15 154.22 152.24 150.20 148.11 145.96 143.78 141.54 139.27 136.96 134.61 132.24 129.83 127.40 124.97 122.53 120.11 117.69 115.30 112.92 110.56 108.23 105.94 103.67 101.45 99.27 97.14 95.06 93.03 91.07 89.16 87.33 85.56 83.87 82.26 80.73 79.29 77.94 76.68 75.52 74.47
184.79 184.73 184.64 184.53 184.39 184.23 184.03 183.81 183.55 183.26 182.93 182.56 182.13 181.65 181.12 180.53 179.87 179.16 178.38 177.54 176.64 175.66 174.62 173.50 172.31 171.04 169.70 168.27 166.77 165.19 163.53 161.79 159.99 158.12 156.19 154.19 152.13 150.02 147.86 145.65 143.39 141.09 138.74 136.36 133.95 131.50 129.05 126.59 124.13 121.68 119.23 116.81 114.39 112.00 109.64 107.30 105.00 102.73 100.51 98.33 96.20 94.13 92.11 90.15 88.26 86.43 84.68 83.01 81.42 79.91 78.49 77.16 75.94 74.81
186.00 185.98 185.93 185.85 185.75 185.62 185.46 185.27 185.05 184.79 184.49 184.15 183.76 183.32 182.82 182.26 181.64 180.95 180.20 179.39 178.50 177.55 176.52 175.42 174.24 172.99 171.66 170.24 168.75 167.17 165.51 163.78 161.97 160.10 158.15 156.14 154.07 151.95 149.76 147.53 145.24 142.91 140.53 138.12 135.67 133.20 130.72 128.24 125.76 123.28 120.81 118.35 115.91 113.49 111.09 108.71 106.37 104.07 101.80 99.58 97.40 95.27 93.20 91.19 89.25 87.37 85.56 83.82 82.17 80.60 79.11 77.72 76.42 75.22
187.21 187.22 187.21 187.17 187.11 187.02 186.89 186.73 186.54 186.31 186.04 185.73 185.37 184.97 184.50 183.97 183.38 182.73 182.00 181.21 180.35 179.42 178.41 177.33 176.17 174.93 173.61 172.21 170.72 169.15 167.50 165.76 163.95 162.07 160.12 158.10 156.01 153.87 151.67 149.41 147.10 144.74 142.33 139.89 137.42 134.93 132.44 129.93 127.43 124.93 122.43 119.94 117.47 115.02 112.58 110.17 107.79 105.45 103.14 100.87 98.65 96.48 94.36 92.30 90.30 88.36 86.50 84.70 82.99 81.35 79.81 78.35 76.98 75.71
188.42 188.47 188.50 188.50 188.47 188.41 188.32 188.19 188.03 187.83 187.58 187.30 186.97 186.60 186.17 185.67 185.11 184.49 183.79 183.03 182.19 181.28 180.30 179.23 178.09 176.87 175.56 174.17 172.69 171.12 169.47 167.74 165.93 164.04 162.08 160.05 157.95 155.79 153.57 151.29 148.96 146.57 144.14 141.67 139.19 136.69 134.18 131.66 129.13 126.61 124.09 121.57 119.07 116.59 114.12 111.68 109.26 106.88 104.53 102.22 99.96 97.74 95.57 93.46 91.41 89.42 87.50 85.65 83.87 82.18 80.57 79.04 77.61 76.27
189.62 189.71 189.78 189.81 189.82 189.80 189.74 189.64 189.51 189.34 189.12 188.87 188.56 188.21 187.81 187.35 186.83 186.23 185.57 184.83 184.02 183.13 182.17 181.13 180.00 178.79 177.50 176.12 174.65 173.09 171.44 169.71 167.90 166.01 164.04 162.00 159.89 157.72 155.48 153.17 150.82 148.41 145.96 143.49 140.99 138.48 135.95 133.41 130.87 128.33 125.78 123.24 120.71 118.20 115.70 113.23 110.78 108.36 105.97 103.62 101.31 99.05 96.84 94.68 92.58 90.54 88.56 86.66 84.82 83.07 81.40 79.81 78.31 76.90
190.83 190.96 191.06 191.13 191.17 191.18 191.15 191.09 190.99 190.84 190.66 190.43 190.15 189.82 189.45 189.02 188.52 187.96 187.33 186.62 185.83 184.97 184.03 183.00 181.90 180.70 179.43 178.06 176.60 175.05 173.41 171.68 169.87 167.97 166.00 163.95 161.83 159.64 157.38 155.06 152.68 150.26 147.81 145.33 142.82 140.30 137.76 135.20 132.64 130.08 127.51 124.95 122.40 119.85 117.33 114.82 112.34 109.88 107.46 105.07 102.72 100.42 98.16 95.96 93.81 91.71 89.69 87.73 85.84 84.03 82.29 80.64 79.08 77.61
192.04 192.20 192.34 192.45 192.52 192.56 192.57 192.54 192.46 192.35 192.19 191.98 191.73 191.43 191.07 190.67 190.20 189.67 189.07 188.38 187.63 186.79 185.87 184.87 183.78 182.60 181.34 179.99 178.54 177.00 175.36 173.64 171.82 169.93 167.95 165.89 163.76 161.55 159.28 156.94 154.56 152.13 149.68 147.19 144.68 142.14 139.59 137.02 134.44 131.86 129.28 126.69 124.12 121.55 118.99 116.46 113.94 111.46 109.00 106.57 104.18 101.84 99.54 97.29 95.09 92.95 90.87 88.86 86.92 85.05 83.26 81.54 79.92 78.38
193.24 193.45 193.62 193.76 193.87 193.94 193.98 193.98 193.93 193.85 193.71 193.54 193.31 193.03 192.69 192.31 191.86 191.36 190.79 190.13 189.40 188.59 187.69 186.71 185.65 184.49 183.24 181.90 180.47 178.94 177.31 175.59 173.77 171.87 169.89 167.83 165.68 163.47 161.18 158.84 156.46 154.03 151.57 149.08 146.56 144.02 141.45 138.87 136.28 133.68 131.08 128.47 125.87 123.28 120.70 118.14 115.59 113.07 110.58 108.12 105.69 103.31 100.97 98.67 96.43 94.24 92.12 90.05 88.06 86.13 84.28 82.51 80.83 79.23
194.45 194.69 194.90 195.08 195.22 195.32 195.39 195.42 195.40 195.34 195.24 195.08 194.88 194.62 194.31 193.94 193.52 193.03 192.48 191.86 191.16 190.37 189.50 188.54 187.50 186.36 185.13 183.81 182.39 180.86 179.24 177.52 175.71 173.81 171.83 169.75 167.60 165.38 163.09 160.75 158.37 155.95 153.49 150.99 148.47 145.91 143.34 140.75 138.15 135.53 132.91 130.29 127.67 125.05 122.45 119.86 117.29 114.74 112.21 109.72 107.26 104.83 102.45 100.11 97.83 95.60 93.42 91.31 89.26 87.28 85.38 83.55 81.81 80.15
195.66 195.93 196.18 196.39 196.57 196.70 196.80 196.86 196.87 196.84 196.76 196.63 196.44 196.21 195.92 195.57 195.17 194.70 194.17 193.57 192.90 192.14 191.29 190.36 189.33 188.21 187.00 185.69 184.29 182.77 181.16 179.45 177.64 175.74 173.75 171.67 169.52 167.29 165.01 162.68 160.31 157.88 155.42 152.93 150.40 147.84 145.26 142.66 140.04 137.42 134.78 132.14 129.50 126.87 124.24 121.62 119.02 116.44 113.89 111.36 108.87 106.41 103.99 101.61 99.28 97.00 94.78 92.62 90.52 88.49 86.54 84.65 82.85 81.13
196.87 197.18 197.46 197.70 197.91 198.08 198.21 198.29 198.33 198.33 198.27 198.17 198.01 197.79 197.53 197.20 196.81 196.36 195.84 195.26 194.61 193.88 193.06 192.15 191.15 190.05 188.85 187.56 186.17 184.67 183.07 181.36 179.56 177.66 175.66 173.58 171.43 169.22 166.95 164.63 162.26 159.84 157.38 154.88 152.35 149.79 147.20 144.60 141.97 139.33 136.68 134.03 131.37 128.71 126.06 123.43 120.80 118.19 115.61 113.05 110.52 108.03 105.57 103.16 100.79 98.47 96.20 93.99 91.85 89.77 87.76 85.82 83.96 82.18
198.08 198.43 198.74 199.02 199.26 199.46 199.61 199.73 199.80 199.82 199.79 199.70 199.57 199.38 199.13 198.82 198.45 198.01 197.51 196.94 196.31 195.60 194.80 193.92 192.94 191.86 190.69 189.42 188.04 186.55 184.95 183.26 181.46 179.56 177.57 175.50 173.36 171.16 168.90 166.59 164.23 161.81 159.36 156.86 154.33 151.76 149.17 146.56 143.93 141.28 138.61 135.94 133.27 130.60 127.93 125.27 122.62 119.99 117.38 114.79 112.23 109.70 107.21 104.76 102.35 99.99 97.68 95.43 93.23 91.10 89.04 87.05 85.14 83.31
199.29 199.67 200.02 200.33 200.60 200.83 201.02 201.16 201.26 201.30 201.30 201.24 201.12 200.95 200.72 200.43 200.08 199.66 199.18 198.62 198.00 197.30 196.53 195.67 194.71 193.66 192.50 191.25 189.88 188.41 186.83 185.13 183.34 181.45 179.47 177.42 175.30 173.12 170.87 168.57 166.21 163.80 161.35 158.86 156.33 153.76 151.17 148.55 145.91 143.25 140.58 137.90 135.21 132.52 129.83 127.15 124.48 121.82 119.19 116.57 113.98 111.42 108.89 106.41 103.96 101.56 99.21 96.91 94.68 92.50 90.39 88.35 86.38 84.49
200.51 200.92 201.30 201.65 201.95 202.21 202.43 202.60 202.72 202.79 202.80 202.77 202.68 202.53 202.32 202.04 201.71 201.30 200.83 200.29 199.68 198.99 198.23 197.39 196.46 195.43 194.29 193.06 191.71 190.25 188.68 187.00 185.21 183.33 181.38 179.35 177.25 175.08 172.85 170.56 168.21 165.81 163.37 160.88 158.35 155.78 153.19 150.57 147.92 145.25 142.57 139.88 137.18 134.47 131.77 129.07 126.38 123.70 121.04 118.40 115.78 113.19 110.63 108.11 105.62 103.19 100.80 98.46 96.18 93.95 91.80 89.71 87.69 85.75
201.72 202.18 202.59 202.96 203.30 203.59 203.83 204.03 204.17 204.27 204.31 204.30 204.23 204.10 203.90 203.65 203.33 202.94 202.49 201.96 201.36 200.68 199.93 199.10 198.18 197.17 196.06 194.85 193.52 192.07 190.51 188.84 187.08 185.23 183.29 181.28 179.20 177.05 174.83 172.56 170.22 167.83 165.40 162.91 160.39 157.83 155.23 152.61 149.96 147.29 144.60 141.89 139.18 136.46 133.75 131.03 128.32 125.62 122.93 120.26 117.62 115.00 112.41 109.86 107.34 104.87 102.44 100.06 97.73 95.47 93.26 91.13 89.06 87.06
202.94 203.43 203.88 204.28 204.65 204.97 205.24 205.46 205.63 205.75 205.82 205.83 205.78 205.66 205.49 205.25 204.95 204.58 204.13 203.62 203.03 202.36 201.62 200.79 199.89 198.90 197.81 196.61 195.30 193.87 192.33 190.68 188.94 187.12 185.21 183.23 181.17 179.03 176.83 174.57 172.25 169.87 167.44 164.97 162.45 159.89 157.30 154.67 152.02 149.35 146.65 143.94 141.22 138.49 135.76 133.02 130.29 127.58 124.87 122.18 119.51 116.86 114.24 111.66 109.11 106.60 104.13 101.71 99.35 97.04 94.79 92.61 90.49 88.45
204.17 204.69 205.17 205.60 206.00 206.34 206.64 206.89 207.09 207.23 207.32 207.35 207.32 207.23 207.07 206.85 206.56 206.21 205.78 205.27 204.69 204.04 203.30 202.48 201.58 200.60 199.52 198.35 197.06 195.65 194.13 192.52 190.81 189.02 187.13 185.17 183.13 181.02 178.84 176.60 174.29 171.92 169.51 167.04 164.53 161.98 159.39 156.76 154.11 151.43 148.73 146.01 143.28 140.54 137.80 135.05 132.31 129.57 126.84 124.13 121.44 118.76 116.12 113.50 110.92 108.38 105.88 103.42 101.02 98.67 96.38 94.15 91.99 89.89
205.39 205.95 206.46 206.93 207.35 207.73 208.05 208.33 208.55 208.72 208.83 208.88 208.87 208.79 208.66 208.45 208.18 207.83 207.42 206.92 206.35 205.71 204.98 204.17 203.27 202.29 201.22 200.06 198.79 197.42 195.93 194.35 192.68 190.91 189.06 187.12 185.11 183.02 180.86 178.63 176.34 173.99 171.59 169.13 166.63 164.08 161.50 158.87 156.22 153.54 150.84 148.12 145.38 142.63 139.88 137.12 134.36 131.61 128.86 126.13 123.41 120.71 118.04 115.40 112.79 110.21 107.68 105.19 102.75 100.36 98.02 95.75 93.54 91.40
206.72 207.30 207.84 208.33 208.78 209.18 209.53 209.82 210.07 210.25 210.38 210.44 210.45 210.39 210.26 210.07 209.81 209.47 209.06 208.58 208.01 207.37 206.64 205.84 204.94 203.96 202.89 201.72 200.47 199.13 197.69 196.14 194.50 192.77 190.94 189.03 187.05 184.98 182.84 180.63 178.36 176.03 173.64 171.19 168.70 166.16 163.58 160.97 158.32 155.64 152.94 150.21 147.47 144.71 141.95 139.18 136.41 133.64 130.88 128.12 125.39 122.67 119.97 117.30 114.66 112.06 109.49 106.97 104.49 102.06 99.69 97.37 95.12 92.94
208.38 208.97 209.52 210.02 210.47 210.88 211.23 211.53 211.78 211.96 212.09 212.15 212.16 212.09 211.96 211.76 211.49 211.15 210.73 210.23 209.66 209.00 208.26 207.44 206.53 205.53 204.44 203.26 202.00 200.68 199.27 197.76 196.16 194.46 192.67 190.79 188.83 186.79 184.67 182.49 180.24 177.92 175.55 173.12 170.64 168.11 165.54 162.93 160.29 157.61 154.91 152.18 149.44 146.68 143.91 141.13 138.34 135.56 132.79 130.02 127.26 124.52 121.81 119.11 116.45 113.82 111.22 108.66 106.15 103.69 101.28 98.93 96.63 94.40
210.38 210.97 211.50 211.99 212.44 212.83 213.16 213.45 213.67 213.84 213.95 213.99 213.97 213.89 213.73 213.50 213.21 212.83 212.38 211.86 211.25 210.56 209.79 208.93 207.98 206.95 205.84 204.66 203.38 202.05 200.66 199.20 197.63 195.96 194.21 192.36 190.43 188.42 186.33 184.17 181.94 179.65 177.29 174.88 172.41 169.90 167.34 164.74 162.10 159.43 156.74 154.01 151.27 148.50 145.73 142.94 140.15 137.36 134.57 131.79 129.02 126.26 123.53 120.81 118.12 115.46 112.84 110.26 107.71 105.22 102.77 100.38 98.05 95.78
212.69 213.25 213.75 214.21 214.62 214.98 215.28 215.53 215.71 215.84 215.91 215.91 215.85 215.72 215.52 215.25 214.90 214.48 213.98 213.41 212.75 212.00 211.17 210.26 209.27 208.22 207.11 205.91 204.63 203.28 201.89 200.44 198.91 197.28 195.56 193.75 191.86 189.88 187.82 185.68 183.48 181.21 178.87 176.48 174.03 171.54 168.99 166.40 163.78 161.11 158.42 155.70 152.96 150.19 147.42 144.63 141.83 139.03 136.24 133.44 130.66 127.89 125.13 122.40 119.69 117.01 114.36 111.75 109.18 106.65 104.17 101.75 99.38 97.07
215.26 215.77 216.22 216.63 216.98 217.29 217.53 217.72 217.86 217.93 217.93 217.87 217.75 217.55 217.29 216.95 216.54 216.05 215.48 214.83 214.10 213.29 212.38 211.41 210.39 209.34 208.23 207.02 205.73 204.38 202.97 201.52 200.01 198.42 196.74 194.97 193.11 191.16 189.13 187.03 184.85 182.61 180.30 177.93 175.50 173.02 170.49 167.91 165.30 162.65 159.96 157.25 154.51 151.75 148.97 146.18 143.39 140.58 137.78 134.98 132.18 129.40 126.63 123.87 121.15 118.45 115.77 113.14 110.54 107.99 105.48 103.02 100.62 98.27
218.05 218.48 218.87 219.20 219.48 219.71 219.88 220.00 220.05 220.04 219.97 219.83 219.62 219.34 218.99 218.57 218.07 217.49 216.84 216.10 215.27 214.36 213.38 212.39 211.38 210.33 209.21 208.00 206.70 205.33 203.92 202.46 200.95 199.38 197.74 196.01 194.18 192.27 190.28 188.21 186.06 183.84 181.56 179.21 176.81 174.35 171.84 169.28 166.68 164.04 161.37 158.66 155.93 153.17 150.40 147.61 144.81 142.01 139.20 136.39 133.58 130.79 128.01 125.24 122.50 119.78 117.09 114.43 111.81 109.23 106.69 104.21 101.77 99.39
221.00 221.35 221.64 221.88 222.07 222.21 222.29 222.30 222.26 222.15 221.98 221.74 221.43 221.05 220.59 220.06 219.45 218.77 218.00 217.15 216.22 215.22 214.21 213.22 212.22 211.17 210.05 208.84 207.53 206.16 204.74 203.27 201.75 200.18 198.56 196.87 195.08 193.21 191.25 189.22 187.10 184.92 182.66 180.34 177.96 175.52 173.04 170.50 167.91 165.29 162.63 159.94 157.21 154.47 151.70 148.91 146.12 143.31 140.50 137.69 134.88 132.07 129.28 126.50 123.75 121.01 118.30 115.63 112.98 110.38 107.82 105.30 102.84 100.43
224.08 224.32 224.50 224.64 224.71 224.73 224.70 224.60 224.43 224.21 223.91 223.55 223.12 222.62 222.04 221.38 220.65 219.83 218.94 217.95 216.91 215.89 214.90 213.91 212.92 211.87 210.76 209.54 208.23 206.85 205.43 203.95 202.42 200.85 199.23 197.56 195.82 193.98 192.07 190.07 187.99 185.83 183.61 181.32 178.97 176.55 174.09 171.57 169.01 166.40 163.76 161.08 158.37 155.63 152.87 150.09 147.30 144.49 141.68 138.87 136.05 133.25 130.45 127.66 124.89 122.14 119.42 116.73 114.06 111.44 108.85 106.32 103.83 101.39
227.25 227.36 227.41 227.41 227.36 227.24 227.07 226.83 226.53 226.17 225.74 225.23 224.66 224.01 223.29 222.48 221.60 220.64 219.59 218.49 217.42 216.41 215.43 214.47 213.48 212.44 211.32 210.11 208.79 207.41 205.98 204.50 202.97 201.39 199.77 198.10 196.38 194.59 192.71 190.75 188.71 186.59 184.40 182.14 179.82 177.44 175.00 172.50 169.96 167.37 164.75 162.08 159.39 156.66 153.91 151.14 148.36 145.56 142.75 139.94 137.12 134.31 131.51 128.71 125.93 123.18 120.44 117.73 115.05 112.41 109.80 107.24 104.73 102.26
230.46 230.41 230.32 230.17 229.96 229.69 229.36 228.97 228.51 227.99 227.40 226.73 226.00 225.18 224.29 223.33 222.28 221.15 219.97 218.83 217.78 216.79 215.83 214.88 213.90 212.87 211.76 210.54 209.22 207.84 206.41 204.93 203.40 201.82 200.19 198.51 196.80 195.03 193.20 191.28 189.27 187.19 185.04 182.82 180.52 178.17 175.76 173.29 170.78 168.21 165.61 162.96 160.28 157.57 154.83 152.08 149.30 146.50 143.70 140.89 138.08 135.27 132.46 129.66 126.88 124.11 121.36 118.64 115.95 113.29 110.67 108.09 105.55 103.06
233.66 233.45 233.18 232.86 232.48 232.04 231.53 230.96 230.33 229.63 228.85 228.01 227.09 226.09 225.02 223.87 222.63 221.35 220.13 219.03 218.00 217.03 216.09 215.15 214.18 213.16 212.06 210.84 209.53 208.15 206.72 205.23 203.70 202.12 200.49 198.81 197.09 195.33 193.52 191.64 189.68 187.64 185.53 183.34 181.08 178.76 176.38 173.94 171.45 168.91 166.33 163.71 161.05 158.35 155.63 152.89 150.12 147.34 144.54 141.74 138.93 136.12 133.31 130.51 127.72 124.95 122.20 119.46 116.76 114.09 111.45 108.85 106.30 103.79
236.81 236.41 235.96 235.44 234.87 234.23 233.53 232.77 231.94 231.04 230.06 229.02 227.90 226.70 225.42 224.06 222.66 221.34 220.15 219.08 218.08 217.13 216.21 215.29 214.33 213.32 212.22 211.02 209.70 208.32 206.89 205.41 203.88 202.30 200.67 198.99 197.27 195.51 193.70 191.85 189.94 187.94 185.86 183.71 181.49 179.21 176.86 174.45 171.99 169.48 166.92 164.32 161.69 159.01 156.31 153.58 150.83 148.06 145.27 142.47 139.67 136.86 134.06 131.26 128.47 125.69 122.93 120.20 117.48 114.80 112.15 109.53 106.96 104.43
239.88 239.27 238.60 237.87 237.09 236.24 235.32 234.34 233.29 232.17 230.98 229.71 228.37 226.95 225.45 223.90 222.47 221.18 220.03 218.98 218.01 217.09 216.19 215.29 214.35 213.35 212.26 211.06 209.75 208.37 206.95 205.47 203.94 202.36 200.73 199.06 197.34 195.57 193.77 191.92 190.04 188.08 186.05 183.94 181.76 179.51 177.20 174.83 172.40 169.92 167.39 164.81 162.20 159.55 156.87 154.15 151.42 148.66 145.89 143.10 140.31 137.51 134.71 131.91 129.12 126.35 123.58 120.84 118.12 115.43 112.77 110.14 107.55 105.01
242.80 241.97 241.07 240.11 239.09 238.01 236.86 235.64 234.36 233.00 231.56 230.06 228.47 226.80 225.11 223.53 222.12 220.88 219.76 218.75 217.81 216.91 216.04 215.15 214.23 213.24 212.17 210.97 209.67 208.30 206.88 205.40 203.88 202.30 200.68 199.01 197.29 195.53 193.73 191.89 190.00 188.08 186.09 184.03 181.89 179.68 177.41 175.07 172.67 170.22 167.73 165.18 162.59 159.97 157.30 154.61 151.90 149.16 146.40 143.62 140.84 138.05 135.26 132.47 129.68 126.91 124.14 121.40 118.67 115.97 113.30 110.67 108.07 105.51
