data_processed/recharge/precip/Precip_2002_02.asc
ncols        168
nrows        136
xllcorner    455000
yllcorner    2107000
cellsize     500
NODATA_value     -99999
[rows 72 to 107 of 136, columns 81 to 161 of 168]
17.49 17.56 17.58 17.52 17.41 17.23 17.00 16.71 16.37 15.98 15.54 15.06 14.54 13.97 13.37 12.74 12.07 11.40 10.74 10.09 9.45 8.83 8.22 7.63 7.06 6.51 5.99 5.50 5.04 4.60 4.18 3.80 3.43 3.09 2.77 2.48 2.20 1.95 1.72 1.52 1.33 1.16 1.02 0.89 0.78 0.70 0.63 0.58 0.54 0.53 0.53 0.54 0.55 0.57 0.59 0.61 0.63 0.66 0.69 0.72 0.75 0.79 0.83 0.87 0.91 0.95 1.00 1.05 1.09 1.14 1.19 1.25 1.30 1.36 1.42 1.48 1.55 1.62 1.69 1.77 1.85
17.85 17.92 17.92 17.85 17.72 17.53 17.28 16.98 16.62 16.20 15.74 15.24 14.68 14.09 13.46 12.79 12.12 11.45 10.79 10.13 9.49 8.86 8.25 7.65 7.07 6.52 5.99 5.48 5.01 4.56 4.14 3.75 3.37 3.03 2.70 2.40 2.13 1.87 1.64 1.43 1.23 1.07 0.92 0.79 0.68 0.59 0.52 0.46 0.43 0.41 0.41 0.42 0.44 0.45 0.47 0.49 0.52 0.54 0.57 0.60 0.64 0.67 0.71 0.75 0.79 0.84 0.88 0.93 0.98 1.03 1.08 1.14 1.19 1.25 1.32 1.38 1.45 1.53 1.61 1.69 1.77
18.20 18.26 18.25 18.17 18.03 17.82 17.55 17.23 16.84 16.41 15.92 15.39 14.81 14.18 13.52 12.85 12.18 11.51 10.85 10.19 9.54 8.91 8.29 7.69 7.10 6.54 6.00 5.48 4.99 4.54 4.11 3.71 3.33 2.97 2.65 2.34 2.06 1.80 1.56 1.34 1.15 0.98 0.82 0.69 0.58 0.49 0.41 0.36 0.33 0.31 0.31 0.32 0.33 0.35 0.36 0.38 0.41 0.44 0.46 0.50 0.53 0.57 0.60 0.65 0.69 0.73 0.78 0.83 0.88 0.93 0.98 1.04 1.10 1.16 1.23 1.30 1.37 1.45 1.53 1.62 1.70
18.54 18.59 18.57 18.48 18.32 18.09 17.80 17.46 17.05 16.59 16.08 15.52 14.91 14.26 13.59 12.92 12.25 11.58 10.92 10.26 9.61 8.97 8.35 7.74 7.15 6.57 6.02 5.50 5.00 4.53 4.08 3.67 3.29 2.93 2.60 2.29 2.00 1.73 1.49 1.27 1.07 0.90 0.74 0.61 0.49 0.40 0.32 0.27 0.23 0.21 0.21 0.22 0.23 0.25 0.27 0.29 0.31 0.34 0.37 0.40 0.43 0.47 0.51 0.55 0.59 0.64 0.68 0.73 0.78 0.84 0.89 0.95 1.01 1.08 1.15 1.23 1.30 1.39 1.47 1.56 1.65
18.87 18.91 18.87 18.76 18.59 18.34 18.04 17.67 17.24 16.75 16.21 15.62 14.99 14.33 13.67 13.00 12.33 11.67 11.00 10.35 9.70 9.05 8.42 7.81 7.21 6.63 6.07 5.53 5.02 4.53 4.08 3.66 3.26 2.90 2.56 2.24 1.95 1.68 1.43 1.21 1.01 0.83 0.67 0.53 0.41 0.32 0.24 0.18 0.15 0.13 0.12 0.13 0.14 0.16 0.18 0.20 0.22 0.25 0.28 0.31 0.34 0.38 0.42 0.46 0.50 0.55 0.60 0.65 0.70 0.75 0.81 0.87 0.94 1.01 1.09 1.16 1.25 1.33 1.42 1.51 1.60
19.18 19.21 19.16 19.04 18.84 18.58 18.25 17.86 17.40 16.89 16.32 15.71 15.07 14.42 13.76 13.10 12.43 11.77 11.11 10.45 9.79 9.15 8.52 7.90 7.29 6.70 6.13 5.58 5.06 4.56 4.09 3.66 3.25 2.88 2.53 2.21 1.91 1.64 1.39 1.16 0.95 0.77 0.61 0.47 0.35 0.25 0.17 0.11 0.07 0.05 0.05 0.06 0.07 0.08 0.10 0.12 0.14 0.17 0.20 0.23 0.26 0.30 0.34 0.38 0.43 0.47 0.52 0.57 0.62 0.68 0.74 0.81 0.88 0.95 1.03 1.11 1.20 1.29 1.38 1.47 1.57
19.48 19.49 19.43 19.29 19.08 18.79 18.44 18.02 17.55 17.01 16.41 15.79 15.16 14.52 13.87 13.21 12.55 11.89 11.22 10.57 9.91 9.26 8.63 8.00 7.39 6.79 6.21 5.66 5.12 4.61 4.13 3.68 3.26 2.87 2.51 2.19 1.88 1.61 1.35 1.12 0.91 0.72 0.56 0.41 0.29 0.19 0.11 0.05 0.01 0.00 0.00 0.00 0.00 0.01 0.03 0.05 0.07 0.10 0.13 0.16 0.19 0.23 0.27 0.31 0.36 0.40 0.45 0.50 0.56 0.62 0.69 0.76 0.83 0.91 0.99 1.08 1.16 1.26 1.35 1.45 1.54
19.76 19.76 19.68 19.52 19.29 18.98 18.61 18.17 17.66 17.10 16.51 15.90 15.27 14.64 13.99 13.34 12.68 12.02 11.36 10.70 10.05 9.40 8.76 8.12 7.51 6.90 6.32 5.75 5.21 4.68 4.19 3.72 3.29 2.88 2.51 2.18 1.87 1.58 1.32 1.09 0.87 0.68 0.52 0.37 0.24 0.14 0.06 0.00 0.00 0.00 0.00 0.00 0.00 0.00 0.00 0.00 0.02 0.04 0.07 0.10 0.14 0.17 0.21 0.26 0.30 0.35 0.40 0.45 0.51 0.58 0.65 0.72 0.80 0.88 0.96 1.05 1.14 1.24 1.33 1.43 1.53
20.03 20.01 19.91 19.73 19.48 19.15 18.75 18.29 17.76 17.20 16.61 16.01 15.40 14.77 14.13 13.48 12.83 12.17 11.51 10.86 10.20 9.55 8.90 8.27 7.65 7.04 6.44 5.87 5.31 4.78 4.27 3.79 3.34 2.92 2.53 2.18 1.86 1.57 1.31 1.07 0.85 0.66 0.49 0.34 0.21 0.10 0.02 0.00 0.00 0.00 0.00 0.00 0.00 0.00 0.00 0.00 0.00 0.00 0.02 0.05 0.09 0.13 0.17 0.21 0.25 0.30 0.36 0.41 0.48 0.54 0.62 0.69 0.77 0.86 0.95 1.04 1.13 1.23 1.33 1.43 1.53
20.27 20.24 20.12 19.92 19.65 19.30 18.87 18.39 17.86 17.31 16.74 16.15 15.54 14.92 14.29 13.65 13.00 12.35 11.69 11.03 10.37 9.72 9.07 8.44 7.81 7.19 6.59 6.01 5.44 4.90 4.38 3.88 3.41 2.98 2.57 2.21 1.87 1.58 1.31 1.06 0.84 0.64 0.47 0.32 0.19 0.08 0.00 0.00 0.00 0.00 0.00 0.00 0.00 0.00 0.00 0.00 0.00 0.00 0.00 0.02 0.05 0.09 0.13 0.17 0.22 0.27 0.33 0.39 0.45 0.53 0.60 0.68 0.76 0.85 0.94 1.03 1.13 1.23 1.33 1.44 1.54
20.50 20.45 20.31 20.09 19.79 19.42 18.97 18.49 17.97 17.44 16.88 16.30 15.70 15.09 14.47 13.83 13.19 12.54 11.88 11.23 10.57 9.92 9.27 8.62 7.99 7.37 6.76 6.17 5.59 5.04 4.51 4.00 3.52 3.07 2.65 2.26 1.91 1.59 1.32 1.07 0.84 0.64 0.46 0.31 0.17 0.06 0.00 0.00 0.00 0.00 0.00 0.00 0.00 0.00 0.00 0.00 0.00 0.00 0.00 0.00 0.03 0.06 0.11 0.15 0.20 0.25 0.31 0.38 0.45 0.52 0.60 0.68 0.77 0.86 0.95 1.05 1.15 1.25 1.35 1.46 1.57
20.70 20.63 20.47 20.23 19.91 19.52 19.08 18.61 18.11 17.58 17.04 16.47 15.88 15.28 14.66 14.03 13.40 12.75 12.10 11.44 10.79 10.13 9.48 8.84 8.20 7.57 6.96 6.35 5.77 5.21 4.66 4.14 3.65 3.18 2.74 2.34 1.97 1.64 1.34 1.08 0.86 0.65 0.47 0.31 0.17 0.06 0.00 0.00 0.00 0.00 0.00 0.00 0.00 0.00 0.00 0.00 0.00 0.00 0.00 0.00 0.01 0.05 0.09 0.14 0.19 0.25 0.31 0.38 0.45 0.53 0.61 0.69 0.78 0.88 0.97 1.07 1.17 1.28 1.38 1.49 1.60
20.88 20.79 20.61 20.35 20.01 19.62 19.20 18.74 18.26 17.75 17.22 16.66 16.08 15.49 14.88 14.26 13.63 12.98 12.34 11.68 11.03 10.37 9.72 9.07 8.43 7.80 7.18 6.57 5.98 5.40 4.85 4.31 3.81 3.32 2.87 2.45 2.06 1.71 1.39 1.12 0.88 0.67 0.49 0.33 0.19 0.07 0.00 0.00 0.00 0.00 0.00 0.00 0.00 0.00 0.00 0.00 0.00 0.00 0.00 0.00 0.01 0.05 0.10 0.15 0.20 0.26 0.33 0.40 0.47 0.55 0.63 0.72 0.81 0.91 1.01 1.11 1.21 1.32 1.43 1.54 1.65
21.04 20.93 20.73 20.45 20.11 19.74 19.34 18.90 18.43 17.94 17.41 16.87 16.31 15.72 15.12 14.51 13.88 13.24 12.60 11.95 11.29 10.64 9.98 9.33 8.69 8.05 7.42 6.81 6.21 5.62 5.06 4.51 3.99 3.50 3.03 2.59 2.18 1.81 1.48 1.18 0.92 0.71 0.52 0.35 0.21 0.09 0.00 0.00 0.00 0.00 0.00 0.00 0.00 0.00 0.00 0.00 0.00 0.00 0.00 0.00 0.03 0.07 0.11 0.17 0.22 0.29 0.35 0.43 0.50 0.59 0.67 0.76 0.86 0.95 1.05 1.16 1.26 1.37 1.48 1.60 1.71
21.17 21.04 20.82 20.55 20.23 19.88 19.50 19.07 18.62 18.14 17.64 17.10 16.55 15.98 15.38 14.78 14.16 13.52 12.88 12.23 11.58 10.93 10.27 9.62 8.97 8.33 7.70 7.08 6.47 5.87 5.30 4.74 4.21 3.70 3.21 2.76 2.34 1.95 1.59 1.27 1.00 0.76 0.56 0.40 0.25 0.13 0.03 0.00 0.00 0.00 0.00 0.00 0.00 0.00 0.00 0.00 0.00 0.00 0.00 0.01 0.05 0.10 0.15 0.20 0.26 0.33 0.40 0.47 0.55 0.64 0.73 0.82 0.91 1.01 1.11 1.22 1.33 1.44 1.55 1.67 1.78
21.27 21.13 20.92 20.67 20.38 20.04 19.67 19.27 18.84 18.37 17.88 17.36 16.82 16.25 15.67 15.07 14.46 13.83 13.19 12.55 11.90 11.24 10.59 9.93 9.28 8.64 8.00 7.37 6.76 6.15 5.57 5.00 4.45 3.93 3.43 2.96 2.52 2.11 1.74 1.40 1.10 0.84 0.63 0.45 0.30 0.18 0.08 0.00 0.00 0.00 0.00 0.00 0.00 0.00 0.00 0.00 0.00 0.00 0.02 0.05 0.10 0.14 0.19 0.25 0.31 0.38 0.46 0.53 0.62 0.70 0.79 0.89 0.98 1.09 1.19 1.30 1.41 1.52 1.63 1.75 1.87
21.36 21.22 21.04 20.81 20.54 20.23 19.88 19.49 19.07 18.62 18.14 17.64 17.11 16.55 15.98 15.39 14.78 14.16 13.53 12.89 12.24 11.59 10.93 10.28 9.62 8.98 8.33 7.70 7.07 6.46 5.87 5.29 4.73 4.20 3.68 3.20 2.74 2.31 1.92 1.56 1.24 0.96 0.72 0.52 0.37 0.24 0.14 0.06 0.01 0.00 0.00 0.00 0.00 0.00 0.00 0.00 0.02 0.04 0.07 0.11 0.15 0.20 0.26 0.32 0.38 0.45 0.53 0.61 0.69 0.78 0.87 0.97 1.07 1.17 1.28 1.39 1.50 1.61 1.73 1.85 1.97
21.45 21.34 21.18 20.97 20.72 20.43 20.10 19.73 19.33 18.90 18.43 17.94 17.42 16.88 16.32 15.74 15.14 14.52 13.89 13.26 12.61 11.96 11.31 10.65 9.99 9.34 8.70 8.06 7.42 6.81 6.20 5.61 5.04 4.49 3.97 3.47 2.99 2.55 2.14 1.76 1.42 1.11 0.85 0.63 0.45 0.32 0.22 0.13 0.08 0.04 0.03 0.03 0.03 0.04 0.05 0.07 0.09 0.11 0.14 0.18 0.23 0.28 0.34 0.40 0.47 0.54 0.62 0.70 0.79 0.88 0.97 1.07 1.17 1.27 1.38 1.49 1.60 1.72 1.84 1.96 2.08
21.56 21.47 21.34 21.16 20.93 20.66 20.35 20.00 19.62 19.20 18.75 18.27 17.76 17.23 16.68 16.11 15.52 14.91 14.29 13.65 13.01 12.36 11.71 11.05 10.40 9.74 9.09 8.44 7.81 7.18 6.57 5.97 5.39 4.83 4.29 3.77 3.28 2.82 2.39 1.99 1.63 1.30 1.02 0.77 0.57 0.42 0.30 0.22 0.16 0.13 0.11 0.11 0.11 0.12 0.13 0.15 0.17 0.20 0.23 0.27 0.32 0.37 0.43 0.50 0.57 0.64 0.72 0.80 0.89 0.98 1.08 1.18 1.28 1.39 1.50 1.61 1.72 1.84 1.96 2.08 2.20
21.69 21.63 21.52 21.36 21.16 20.91 20.62 20.29 19.93 19.52 19.09 18.63 18.13 17.61 17.07 16.51 15.93 15.33 14.71 14.08 13.44 12.80 12.14 11.49 10.83 10.17 9.52 8.87 8.22 7.59 6.97 6.36 5.77 5.20 4.64 4.11 3.61 3.13 2.68 2.26 1.88 1.53 1.22 0.95 0.73 0.55 0.41 0.32 0.26 0.22 0.21 0.21 0.21 0.21 0.22 0.24 0.27 0.30 0.34 0.38 0.43 0.48 0.55 0.61 0.68 0.76 0.84 0.93 1.02 1.11 1.21 1.31 1.41 1.52 1.63 1.74 1.86 1.98 2.10 2.22 2.34
21.85 21.82 21.73 21.60 21.41 21.19 20.92 20.61 20.26 19.88 19.46 19.01 18.53 18.02 17.49 16.94 16.36 15.77 15.16 14.54 13.90 13.26 12.61 11.95 11.29 10.63 9.98 9.32 8.67 8.03 7.40 6.79 6.18 5.60 5.03 4.49 3.97 3.47 3.01 2.57 2.17 1.80 1.47 1.18 0.93 0.72 0.56 0.45 0.38 0.34 0.32 0.32 0.32 0.32 0.34 0.36 0.38 0.42 0.46 0.50 0.55 0.61 0.67 0.74 0.81 0.89 0.98 1.06 1.15 1.25 1.35 1.45 1.55 1.66 1.77 1.89 2.01 2.12 2.24 2.37 2.49
22.03 22.02 21.96 21.85 21.70 21.49 21.24 20.95 20.62 20.26 19.86 19.42 18.96 18.46 17.94 17.40 16.83 16.25 15.65 15.03 14.40 13.76 13.11 12.45 11.79 11.13 10.47 9.81 9.16 8.51 7.87 7.25 6.64 6.04 5.46 4.90 4.37 3.86 3.38 2.92 2.50 2.11 1.76 1.44 1.17 0.93 0.74 0.60 0.51 0.47 0.45 0.44 0.44 0.45 0.47 0.49 0.52 0.55 0.59 0.64 0.69 0.75 0.82 0.89 0.96 1.04 1.13 1.21 1.31 1.40 1.50 1.61 1.71 1.82 1.94 2.05 2.17 2.29 2.41 2.53 2.66
22.24 22.26 22.22 22.14 22.01 21.82 21.60 21.33 21.02 20.67 20.28 19.86 19.41 18.93 18.42 17.89 17.33 16.76 16.16 15.55 14.93 14.29 13.64 12.99 12.33 11.66 11.00 10.34 9.68 9.03 8.38 7.75 7.13 6.52 5.93 5.36 4.81 4.28 3.78 3.31 2.87 2.46 2.08 1.75 1.45 1.19 0.97 0.81 0.69 0.62 0.59 0.58 0.59 0.60 0.61 0.64 0.67 0.71 0.75 0.80 0.85 0.91 0.98 1.05 1.13 1.21 1.29 1.38 1.48 1.57 1.67 1.78 1.89 2.00 2.11 2.23 2.34 2.46 2.59 2.71 2.84
22.46 22.50 22.50 22.44 22.33 22.17 21.96 21.71 21.42 21.09 20.73 20.32 19.89 19.42 18.92 18.40 17.86 17.29 16.70 16.10 15.48 14.84 14.20 13.55 12.89 12.22 11.56 10.89 10.23 9.57 8.92 8.28 7.65 7.03 6.43 5.84 5.28 4.74 4.22 3.73 3.27 2.84 2.45 2.09 1.77 1.48 1.24 1.05 0.90 0.80 0.74 0.73 0.73 0.75 0.76 0.79 0.82 0.86 0.91 0.96 1.02 1.08 1.14 1.22 1.30 1.38 1.46 1.55 1.65 1.75 1.85 1.96 2.06 2.18 2.29 2.41 2.53 2.65 2.77 2.89 3.02
22.64 22.72 22.74 22.71 22.63 22.49 22.31 22.08 21.81 21.50 21.15 20.77 20.35 19.89 19.41 18.90 18.37 17.81 17.23 16.63 16.02 15.39 14.75 14.10 13.45 12.78 12.12 11.45 10.78 10.12 9.46 8.82 8.18 7.55 6.94 6.34 5.77 5.21 4.68 4.18 3.70 3.25 2.84 2.45 2.11 1.80 1.54 1.32 1.14 1.01 0.90 0.85 0.84 0.86 0.88 0.91 0.94 0.98 1.03 1.08 1.14 1.21 1.28 1.35 1.43 1.52 1.61 1.70 1.80 1.90 2.00 2.11 2.22 2.33 2.45 2.57 2.69 2.81 2.93 3.06 3.19
22.79 22.90 22.95 22.94 22.89 22.78 22.62 22.42 22.17 21.88 21.55 21.18 20.78 20.35 19.88 19.38 18.86 18.32 17.75 17.16 16.55 15.93 15.30 14.65 14.00 13.34 12.67 12.00 11.34 10.67 10.01 9.36 8.71 8.08 7.46 6.85 6.27 5.70 5.15 4.63 4.14 3.67 3.24 2.84 2.47 2.15 1.86 1.61 1.41 1.22 1.07 0.96 0.92 0.92 0.95 0.98 1.02 1.06 1.11 1.17 1.23 1.30 1.37 1.45 1.54 1.62 1.71 1.81 1.91 2.01 2.12 2.23 2.34 2.46 2.58 2.70 2.82 2.95 3.07 3.20 3.33
22.89 23.03 23.12 23.14 23.11 23.03 22.90 22.72 22.50 22.23 21.92 21.57 21.19 20.77 20.32 19.84 19.33 18.80 18.24 17.67 17.07 16.46 15.83 15.19 14.54 13.88 13.22 12.55 11.88 11.22 10.55 9.90 9.25 8.61 7.98 7.37 6.77 6.19 5.63 5.10 4.59 4.11 3.66 3.24 2.86 2.51 2.20 1.92 1.67 1.44 1.24 1.08 0.99 0.95 0.97 1.01 1.05 1.10 1.16 1.22 1.28 1.36 1.43 1.52 1.60 1.70 1.79 1.89 1.99 2.10 2.21 2.33 2.44 2.56 2.68 2.81 2.93 3.06 3.19 3.32 3.46
22.95 23.13 23.24 23.30 23.30 23.24 23.14 22.99 22.79 22.55 22.26 21.93 21.57 21.17 20.74 20.28 19.78 19.26 18.72 18.15 17.57 16.97 16.35 15.71 15.07 14.42 13.76 13.09 12.43 11.76 11.10 10.44 9.78 9.14 8.50 7.88 7.28 6.69 6.12 5.58 5.05 4.56 4.09 3.66 3.26 2.89 2.55 2.24 1.94 1.66 1.41 1.20 1.06 0.99 0.97 1.00 1.05 1.10 1.16 1.23 1.30 1.38 1.46 1.55 1.64 1.74 1.84 1.94 2.05 2.16 2.28 2.40 2.52 2.64 2.77 2.90 3.03 3.16 3.29 3.43 3.56
22.96 23.17 23.32 23.41 23.44 23.42 23.34 23.22 23.05 22.83 22.57 22.26 21.92 21.54 21.13 20.68 20.21 19.71 19.18 18.62 18.05 17.46 16.85 16.22 15.59 14.94 14.29 13.63 12.96 12.30 11.63 10.97 10.32 9.67 9.03 8.40 7.79 7.19 6.62 6.06 5.53 5.02 4.54 4.09 3.67 3.28 2.90 2.55 2.21 1.89 1.59 1.34 1.15 1.03 0.97 0.96 1.01 1.07 1.13 1.21 1.28 1.37 1.46 1.55 1.65 1.75 1.86 1.97 2.08 2.20 2.32 2.44 2.57 2.70 2.83 2.96 3.10 3.24 3.38 3.52 3.66
22.93 23.17 23.35 23.48 23.54 23.55 23.51 23.41 23.27 23.07 22.84 22.56 22.24 21.88 21.49 21.06 20.61 20.12 19.61 19.07 18.51 17.93 17.33 16.72 16.09 15.45 14.80 14.15 13.49 12.82 12.16 11.50 10.84 10.19 9.55 8.92 8.30 7.70 7.12 6.55 6.01 5.49 4.99 4.53 4.09 3.66 3.25 2.86 2.48 2.11 1.77 1.48 1.24 1.08 0.97 0.93 0.94 1.00 1.07 1.15 1.24 1.33 1.42 1.52 1.63 1.74 1.85 1.97 2.09 2.21 2.34 2.47 2.60 2.74 2.87 3.01 3.16 3.30 3.44 3.59 3.74
22.85 23.12 23.34 23.50 23.60 23.64 23.63 23.56 23.45 23.28 23.07 22.82 22.52 22.19 21.82 21.42 20.98 20.51 20.01 19.49 18.95 18.38 17.79 17.19 16.57 15.94 15.30 14.65 14.00 13.34 12.68 12.02 11.37 10.72 10.07 9.44 8.82 8.21 7.62 7.04 6.49 5.96 5.46 4.97 4.50 4.04 3.60 3.16 2.75 2.34 1.96 1.62 1.35 1.14 0.99 0.91 0.88 0.91 0.98 1.07 1.16 1.26 1.36 1.47 1.58 1.70 1.82 1.94 2.07 2.20 2.34 2.47 2.61 2.76 2.90 3.05 3.20 3.35 3.50 3.65 3.81
22.76 23.04 23.28 23.47 23.61 23.68 23.70 23.67 23.58 23.45 23.27 23.04 22.77 22.47 22.12 21.74 21.32 20.87 20.39 19.89 19.36 18.81 18.24 17.65 17.04 16.42 15.79 15.15 14.50 13.85 13.19 12.54 11.88 11.23 10.59 9.95 9.33 8.72 8.12 7.54 6.98 6.44 5.92 5.41 4.91 4.42 3.94 3.47 3.01 2.57 2.15 1.77 1.45 1.21 1.02 0.90 0.84 0.83 0.87 0.96 1.06 1.17 1.28 1.39 1.52 1.64 1.77 1.90 2.04 2.18 2.32 2.47 2.61 2.76 2.92 3.07 3.23 3.39 3.55 3.71 3.87
22.64 22.93 23.18 23.40 23.57 23.68 23.73 23.73 23.68 23.58 23.43 23.23 22.99 22.70 22.38 22.02 21.63 21.20 20.74 20.26 19.75 19.21 18.66 18.08 17.49 16.88 16.26 15.63 14.99 14.34 13.69 13.04 12.39 11.74 11.10 10.46 9.84 9.22 8.62 8.04 7.47 6.92 6.37 5.84 5.31 4.78 4.27 3.77 3.28 2.80 2.34 1.92 1.57 1.29 1.07 0.91 0.80 0.76 0.77 0.83 0.93 1.05 1.17 1.30 1.43 1.56 1.70 1.84 1.99 2.14 2.29 2.44 2.60 2.76 2.92 3.08 3.25 3.42 3.58 3.75 3.92
22.50 22.79 23.05 23.29 23.48 23.63 23.72 23.75 23.73 23.66 23.54 23.37 23.16 22.90 22.61 22.27 21.90 21.50 21.06 20.60 20.11 19.59 19.05 18.49 17.91 17.31 16.71 16.08 15.45 14.82 14.17 13.53 12.88 12.24 11.60 10.96 10.34 9.72 9.12 8.53 7.95 7.38 6.81 6.25 5.69 5.14 4.60 4.07 3.54 3.03 2.53 2.08 1.69 1.37 1.12 0.92 0.79 0.71 0.69 0.72 0.80 0.91 1.04 1.18 1.32 1.47 1.61 1.77 1.92 2.08 2.24 2.41 2.57 2.74 2.91 3.09 3.26 3.44 3.62 3.80 3.98
22.34 22.64 22.91 23.15 23.35 23.53 23.65 23.72 23.74 23.70 23.61 23.48 23.29 23.07 22.80 22.49 22.14 21.76 21.35 20.91 20.44 19.94 19.42 18.87 18.31 17.73 17.13 16.52 15.90 15.28 14.64 14.00 13.36 12.73 12.09 11.46 10.83 10.22 9.61 9.02 8.42 7.83 7.24 6.65 6.07 5.50 4.93 4.36 3.81 3.26 2.73 2.24 1.82 1.47 1.18 0.95 0.78 0.67 0.62 0.62 0.67 0.77 0.90 1.05 1.20 1.35 1.51 1.68 1.84 2.01 2.19 2.36 2.54 2.72 2.90 3.09 3.27 3.46 3.65 3.84 4.03
22.16 22.47 22.74 22.98 23.20 23.38 23.54 23.64 23.69 23.69 23.64 23.53 23.38 23.19 22.95 22.67 22.35 21.99 21.60 21.18 20.73 20.26 19.75 19.23 18.68 18.12 17.54 16.94 16.33 15.72 15.09 14.46 13.83 13.20 12.57 11.94 11.32 10.70 10.09 9.48 8.87 8.26 7.65 7.05 6.44 5.84 5.24 4.65 4.07 3.49 2.93 2.40 1.95 1.57 1.25 0.99 0.79 0.65 0.57 0.54 0.56 0.63 0.75 0.90 1.06 1.23 1.40 1.58 1.76 1.94 2.12 2.31 2.50 2.69 2.88 3.08 3.28 3.47 3.67 3.88 4.08
