data_processed/recharge/precip/Precip_2003_03.asc
ncols        168
nrows        136
xllcorner    455000
yllcorner    2107000
cellsize     500
NODATA_value     -99999
[rows 70 to 104 of 136, columns 0 to 78 of 168]
22.38 23.15 23.81 24.35 24.80 25.14 25.39 25.55 25.63 25.63 25.55 25.40 25.18 24.90 24.56 24.18 23.74 23.26 22.76 22.24 21.71 21.16 20.60 20.03 19.45 18.86 18.27 17.67 17.06 16.45 15.84 15.23 14.62 14.01 13.40 12.79 12.19 11.60 11.01 10.43 9.86 9.30 8.76 8.24 7.77 7.35 6.97 6.64 6.36 6.14 5.98 5.88 5.85 5.87 5.96 6.10 6.30 6.55 6.85 7.20 7.61 8.06 8.56 9.10 9.68 10.31 10.98 11.68 12.43 13.21 14.02 14.87 15.75 16.65 17.54 18.39 19.20 19.96 20.69
22.30 23.07 23.73 24.28 24.72 25.07 25.32 25.49 25.57 25.56 25.49 25.34 25.12 24.85 24.51 24.12 23.69 23.21 22.71 22.19 21.66 21.11 20.55 19.98 19.40 18.82 18.23 17.63 17.02 16.42 15.81 15.20 14.58 13.98 13.37 12.77 12.17 11.58 10.99 10.41 9.85 9.29 8.77 8.28 7.85 7.46 7.12 6.82 6.56 6.36 6.20 6.12 6.09 6.12 6.21 6.36 6.56 6.81 7.12 7.48 7.89 8.34 8.84 9.39 9.98 10.60 11.27 11.98 12.73 13.51 14.32 15.17 16.04 16.95 17.84 18.69 19.49 20.26 20.98
22.19 22.97 23.63 24.18 24.63 24.98 25.24 25.41 25.49 25.49 25.41 25.27 25.05 24.78 24.45 24.06 23.63 23.15 22.65 22.13 21.60 21.05 20.50 19.93 19.35 18.77 18.18 17.58 16.98 16.37 15.77 15.16 14.55 13.94 13.34 12.74 12.14 11.55 10.97 10.40 9.84 9.30 8.81 8.37 7.96 7.61 7.29 7.02 6.80 6.62 6.48 6.39 6.37 6.41 6.50 6.65 6.86 7.12 7.43 7.79 8.19 8.65 9.15 9.70 10.29 10.92 11.59 12.29 13.04 13.82 14.63 15.47 16.35 17.25 18.14 18.98 19.78 20.54 21.26
22.07 22.85 23.52 24.07 24.53 24.88 25.14 25.31 25.40 25.40 25.33 25.19 24.97 24.70 24.37 23.99 23.56 23.08 22.58 22.06 21.53 20.99 20.44 19.87 19.30 18.71 18.12 17.53 16.93 16.33 15.72 15.12 14.51 13.91 13.31 12.71 12.12 11.53 10.96 10.39 9.85 9.35 8.89 8.48 8.11 7.79 7.50 7.26 7.06 6.91 6.79 6.72 6.70 6.74 6.83 6.98 7.19 7.45 7.76 8.12 8.53 8.99 9.49 10.03 10.62 11.25 11.91 12.62 13.36 14.14 14.95 15.79 16.66 17.55 18.44 19.28 20.07 20.82 21.53
21.93 22.71 23.39 23.95 24.41 24.77 25.03 25.21 25.29 25.30 25.23 25.09 24.88 24.61 24.29 23.91 23.48 23.00 22.50 21.99 21.46 20.92 20.37 19.81 19.23 18.66 18.07 17.48 16.88 16.28 15.68 15.08 14.48 13.88 13.28 12.69 12.10 11.52 10.95 10.40 9.89 9.43 9.01 8.63 8.29 8.00 7.75 7.53 7.36 7.23 7.13 7.08 7.07 7.11 7.20 7.36 7.56 7.82 8.13 8.49 8.89 9.35 9.85 10.39 10.97 11.59 12.26 12.96 13.69 14.47 15.27 16.10 16.97 17.86 18.73 19.57 20.35 21.10 21.80
21.77 22.56 23.24 23.81 24.27 24.64 24.91 25.09 25.18 25.19 25.13 24.99 24.78 24.52 24.19 23.81 23.39 22.92 22.42 21.91 21.38 20.85 20.30 19.74 19.17 18.59 18.01 17.42 16.83 16.23 15.64 15.04 14.44 13.85 13.25 12.66 12.08 11.51 10.96 10.45 9.98 9.55 9.16 8.81 8.51 8.24 8.02 7.83 7.68 7.57 7.50 7.47 7.47 7.52 7.61 7.76 7.97 8.22 8.53 8.88 9.28 9.73 10.23 10.76 11.34 11.96 12.62 13.31 14.04 14.80 15.60 16.43 17.28 18.16 19.03 19.85 20.63 21.36 22.05
21.60 22.39 23.08 23.65 24.12 24.49 24.77 24.95 25.05 25.07 25.01 24.87 24.67 24.41 24.09 23.71 23.29 22.82 22.33 21.82 21.30 20.77 20.22 19.66 19.10 18.53 17.95 17.37 16.78 16.19 15.59 15.00 14.41 13.82 13.23 12.64 12.07 11.51 11.00 10.53 10.09 9.70 9.34 9.03 8.75 8.51 8.31 8.15 8.03 7.94 7.89 7.88 7.90 7.96 8.06 8.21 8.41 8.66 8.96 9.30 9.70 10.14 10.63 11.16 11.73 12.34 12.99 13.67 14.40 15.15 15.94 16.75 17.60 18.47 19.33 20.14 20.90 21.62 22.30
21.41 22.21 22.90 23.48 23.96 24.34 24.62 24.81 24.91 24.93 24.87 24.75 24.55 24.29 23.98 23.61 23.19 22.72 22.23 21.73 21.21 20.68 20.14 19.59 19.03 18.46 17.89 17.31 16.72 16.14 15.55 14.96 14.37 13.79 13.20 12.63 12.07 11.56 11.08 10.64 10.24 9.88 9.56 9.27 9.03 8.81 8.64 8.50 8.40 8.34 8.31 8.31 8.35 8.43 8.54 8.69 8.88 9.12 9.41 9.76 10.14 10.58 11.06 11.58 12.14 12.74 13.38 14.05 14.76 15.50 16.28 17.08 17.92 18.78 19.62 20.42 21.17 21.88 22.54
21.20 22.01 22.71 23.30 23.78 24.16 24.45 24.65 24.76 24.78 24.73 24.61 24.42 24.17 23.86 23.49 23.08 22.62 22.13 21.63 21.12 20.59 20.05 19.51 18.95 18.39 17.82 17.25 16.67 16.09 15.50 14.92 14.34 13.76 13.18 12.63 12.11 11.63 11.19 10.79 10.42 10.09 9.80 9.55 9.33 9.14 8.99 8.88 8.80 8.75 8.74 8.77 8.82 8.92 9.04 9.19 9.39 9.62 9.90 10.23 10.61 11.04 11.50 12.01 12.56 13.15 13.78 14.44 15.14 15.87 16.63 17.42 18.24 19.08 19.91 20.69 21.43 22.12 22.76
21.02 21.80 22.50 23.10 23.59 23.98 24.27 24.48 24.59 24.63 24.58 24.47 24.28 24.03 23.73 23.37 22.96 22.50 22.02 21.53 21.02 20.50 19.96 19.42 18.87 18.32 17.75 17.18 16.61 16.04 15.46 14.88 14.31 13.74 13.18 12.67 12.19 11.75 11.34 10.97 10.64 10.34 10.07 9.85 9.65 9.49 9.37 9.28 9.22 9.19 9.20 9.24 9.31 9.42 9.55 9.72 9.92 10.15 10.42 10.74 11.11 11.52 11.97 12.47 13.00 13.58 14.19 14.84 15.52 16.24 16.98 17.76 18.56 19.39 20.20 20.96 21.68 22.35 22.98
20.89 21.61 22.28 22.89 23.38 23.78 24.08 24.29 24.42 24.46 24.42 24.31 24.13 23.89 23.59 23.23 22.83 22.38 21.91 21.42 20.91 20.40 19.87 19.34 18.79 18.24 17.68 17.12 16.55 15.99 15.42 14.85 14.28 13.73 13.22 12.74 12.30 11.89 11.52 11.18 10.88 10.61 10.37 10.17 10.01 9.87 9.77 9.70 9.66 9.65 9.68 9.73 9.82 9.93 10.08 10.26 10.46 10.70 10.97 11.27 11.63 12.02 12.46 12.94 13.46 14.02 14.62 15.25 15.91 16.61 17.34 18.10 18.88 19.69 20.48 21.23 21.93 22.58 23.18
20.82 21.47 22.08 22.66 23.17 23.57 23.88 24.10 24.23 24.28 24.25 24.15 23.97 23.74 23.45 23.10 22.70 22.26 21.79 21.30 20.80 20.29 19.77 19.25 18.71 18.16 17.61 17.06 16.50 15.94 15.37 14.81 14.27 13.76 13.28 12.84 12.44 12.07 11.73 11.42 11.15 10.91 10.70 10.53 10.38 10.27 10.19 10.14 10.12 10.13 10.17 10.24 10.34 10.47 10.62 10.81 11.02 11.26 11.53 11.83 12.17 12.55 12.97 13.43 13.94 14.48 15.06 15.67 16.32 16.99 17.70 18.44 19.20 19.99 20.76 21.49 22.16 22.79 23.37
20.80 21.38 21.93 22.45 22.94 23.35 23.67 23.89 24.03 24.09 24.07 23.97 23.81 23.58 23.29 22.95 22.56 22.12 21.66 21.18 20.69 20.19 19.68 19.15 18.62 18.08 17.54 16.99 16.44 15.89 15.33 14.80 14.29 13.82 13.38 12.98 12.61 12.27 11.96 11.69 11.44 11.23 11.05 10.90 10.78 10.69 10.63 10.60 10.60 10.62 10.68 10.76 10.87 11.01 11.18 11.37 11.59 11.84 12.11 12.41 12.73 13.10 13.50 13.94 14.43 14.95 15.51 16.10 16.72 17.38 18.07 18.78 19.53 20.29 21.04 21.74 22.39 23.00 23.55
20.83 21.34 21.83 22.29 22.72 23.12 23.44 23.68 23.83 23.89 23.88 23.79 23.63 23.41 23.13 22.80 22.41 21.99 21.53 21.06 20.57 20.08 19.57 19.06 18.53 18.00 17.47 16.93 16.38 15.84 15.31 14.81 14.35 13.92 13.52 13.15 12.81 12.50 12.23 11.98 11.77 11.58 11.42 11.30 11.20 11.13 11.09 11.08 11.09 11.13 11.20 11.30 11.42 11.57 11.74 11.94 12.17 12.42 12.69 12.99 13.31 13.66 14.05 14.47 14.93 15.43 15.97 16.54 17.14 17.77 18.44 19.13 19.85 20.59 21.31 21.99 22.61 23.19 23.72
20.88 21.34 21.77 22.18 22.55 22.90 23.21 23.45 23.61 23.68 23.68 23.60 23.45 23.24 22.97 22.64 22.26 21.84 21.39 20.93 20.45 19.97 19.47 18.96 18.45 17.92 17.40 16.86 16.33 15.81 15.32 14.87 14.44 14.04 13.68 13.34 13.04 12.76 12.52 12.30 12.11 11.95 11.82 11.72 11.64 11.59 11.57 11.57 11.60 11.66 11.74 11.85 11.98 12.14 12.32 12.52 12.75 13.01 13.28 13.58 13.90 14.25 14.61 15.01 15.45 15.93 16.44 16.99 17.56 18.17 18.81 19.48 20.17 20.88 21.58 22.23 22.82 23.37 23.87
20.96 21.37 21.75 22.10 22.43 22.72 22.99 23.22 23.38 23.47 23.47 23.40 23.26 23.06 22.80 22.48 22.11 21.69 21.25 20.80 20.33 19.85 19.36 18.86 18.36 17.84 17.32 16.80 16.30 15.82 15.37 14.95 14.56 14.20 13.87 13.57 13.30 13.05 12.83 12.64 12.48 12.35 12.24 12.15 12.10 12.07 12.06 12.08 12.13 12.20 12.29 12.41 12.55 12.71 12.90 13.11 13.34 13.60 13.87 14.17 14.49 14.83 15.19 15.57 15.99 16.44 16.92 17.44 17.99 18.57 19.18 19.82 20.49 21.17 21.84 22.46 23.03 23.54 24.01
21.05 21.41 21.75 22.05 22.33 22.58 22.80 22.99 23.15 23.24 23.26 23.20 23.07 22.87 22.62 22.31 21.95 21.54 21.11 20.66 20.20 19.73 19.25 18.76 18.27 17.76 17.26 16.76 16.29 15.85 15.44 15.06 14.71 14.39 14.09 13.82 13.58 13.36 13.17 13.01 12.87 12.76 12.67 12.61 12.57 12.56 12.57 12.61 12.67 12.75 12.85 12.98 13.13 13.30 13.49 13.70 13.94 14.19 14.47 14.76 15.08 15.41 15.77 16.14 16.54 16.96 17.41 17.90 18.43 18.98 19.56 20.17 20.80 21.46 22.09 22.68 23.22 23.70 24.14
21.15 21.47 21.76 22.03 22.26 22.47 22.65 22.80 22.92 23.01 23.03 22.98 22.86 22.68 22.43 22.13 21.78 21.39 20.96 20.53 20.08 19.62 19.14 18.66 18.18 17.68 17.20 16.75 16.32 15.92 15.55 15.21 14.89 14.60 14.34 14.10 13.88 13.70 13.53 13.40 13.28 13.19 13.13 13.08 13.07 13.07 13.10 13.14 13.22 13.31 13.42 13.56 13.71 13.89 14.08 14.30 14.54 14.79 15.07 15.36 15.67 16.00 16.34 16.71 17.09 17.49 17.92 18.38 18.87 19.39 19.94 20.51 21.12 21.74 22.34 22.89 23.40 23.85 24.25
21.24 21.52 21.78 22.01 22.21 22.38 22.53 22.64 22.73 22.78 22.80 22.76 22.65 22.48 22.25 21.96 21.61 21.23 20.81 20.39 19.95 19.49 19.03 18.56 18.09 17.62 17.18 16.77 16.38 16.02 15.69 15.38 15.10 14.84 14.61 14.40 14.21 14.05 13.92 13.80 13.71 13.64 13.60 13.57 13.57 13.59 13.63 13.69 13.78 13.88 14.00 14.14 14.30 14.49 14.68 14.90 15.14 15.39 15.66 15.95 16.26 16.58 16.91 17.27 17.64 18.02 18.43 18.85 19.31 19.80 20.32 20.86 21.42 22.01 22.58 23.10 23.57 23.98 24.35
21.32 21.57 21.79 21.99 22.16 22.31 22.42 22.51 22.56 22.59 22.58 22.54 22.44 22.28 22.05 21.77 21.44 21.06 20.66 20.24 19.81 19.37 18.92 18.46 18.02 17.59 17.19 16.82 16.47 16.15 15.85 15.58 15.33 15.10 14.90 14.72 14.56 14.43 14.32 14.23 14.16 14.11 14.08 14.08 14.09 14.13 14.18 14.25 14.35 14.46 14.59 14.74 14.90 15.09 15.29 15.50 15.74 15.99 16.26 16.54 16.84 17.15 17.48 17.82 18.18 18.55 18.94 19.34 19.76 20.21 20.69 21.20 21.73 22.28 22.81 23.29 23.72 24.10 24.43
21.37 21.60 21.80 21.97 22.11 22.23 22.32 22.38 22.41 22.41 22.38 22.32 22.22 22.07 21.85 21.58 21.26 20.90 20.51 20.10 19.68 19.25 18.81 18.38 17.98 17.59 17.24 16.90 16.59 16.31 16.04 15.80 15.59 15.39 15.22 15.07 14.94 14.83 14.74 14.67 14.62 14.59 14.58 14.59 14.62 14.67 14.74 14.82 14.92 15.04 15.18 15.33 15.50 15.69 15.89 16.11 16.34 16.59 16.85 17.13 17.42 17.72 18.04 18.37 18.71 19.07 19.44 19.82 20.21 20.63 21.07 21.54 22.03 22.55 23.04 23.48 23.87 24.21 24.49
21.40 21.60 21.78 21.93 22.05 22.15 22.22 22.26 22.27 22.25 22.20 22.12 22.00 21.85 21.65 21.39 21.08 20.73 20.35 19.95 19.54 19.13 18.72 18.33 17.97 17.63 17.31 17.01 16.74 16.49 16.26 16.05 15.87 15.70 15.56 15.43 15.33 15.24 15.17 15.13 15.10 15.09 15.10 15.12 15.17 15.23 15.30 15.40 15.51 15.63 15.78 15.93 16.11 16.29 16.49 16.71 16.94 17.18 17.44 17.71 17.99 18.28 18.59 18.91 19.24 19.58 19.93 20.29 20.66 21.05 21.45 21.88 22.33 22.80 23.25 23.65 24.00 24.30 24.56
21.38 21.57 21.73 21.86 21.97 22.05 22.11 22.13 22.13 22.09 22.03 21.93 21.80 21.64 21.44 21.20 20.90 20.56 20.19 19.80 19.41 19.02 18.66 18.31 17.99 17.69 17.41 17.15 16.91 16.70 16.50 16.32 16.17 16.03 15.91 15.81 15.73 15.67 15.63 15.60 15.59 15.60 15.62 15.66 15.72 15.79 15.88 15.98 16.10 16.23 16.38 16.54 16.71 16.90 17.10 17.31 17.54 17.77 18.02 18.28 18.56 18.84 19.13 19.44 19.75 20.07 20.41 20.75 21.10 21.46 21.83 22.21 22.62 23.05 23.46 23.82 24.12 24.39 24.63
21.31 21.49 21.64 21.76 21.86 21.93 21.98 21.99 21.98 21.93 21.86 21.75 21.61 21.44 21.24 21.00 20.71 20.38 20.03 19.66 19.29 18.95 18.62 18.32 18.04 17.78 17.54 17.31 17.11 16.93 16.76 16.62 16.49 16.38 16.29 16.22 16.16 16.12 16.09 16.09 16.09 16.12 16.16 16.21 16.28 16.36 16.46 16.57 16.69 16.83 16.98 17.14 17.32 17.50 17.70 17.91 18.13 18.36 18.60 18.85 19.11 19.38 19.66 19.95 20.25 20.55 20.87 21.19 21.52 21.85 22.19 22.54 22.91 23.29 23.66 23.97 24.24 24.49 24.72
21.19 21.36 21.50 21.62 21.71 21.78 21.81 21.82 21.81 21.76 21.68 21.57 21.43 21.25 21.05 20.80 20.53 20.21 19.87 19.53 19.20 18.90 18.62 18.36 18.12 17.89 17.69 17.50 17.33 17.18 17.05 16.93 16.83 16.75 16.68 16.63 16.60 16.58 16.57 16.58 16.61 16.65 16.70 16.77 16.85 16.94 17.04 17.16 17.29 17.43 17.58 17.74 17.92 18.10 18.30 18.50 18.72 18.94 19.17 19.41 19.66 19.92 20.18 20.45 20.73 21.02 21.31 21.61 21.92 22.23 22.54 22.86 23.19 23.53 23.85 24.13 24.38 24.62 24.83
20.99 21.16 21.30 21.42 21.51 21.58 21.62 21.63 21.61 21.56 21.48 21.37 21.23 21.06 20.85 20.61 20.34 20.03 19.72 19.42 19.15 18.89 18.65 18.42 18.22 18.03 17.86 17.71 17.58 17.46 17.35 17.27 17.19 17.14 17.09 17.07 17.05 17.05 17.07 17.09 17.13 17.19 17.25 17.33 17.42 17.52 17.63 17.75 17.89 18.03 18.18 18.35 18.52 18.70 18.89 19.09 19.29 19.51 19.73 19.96 20.20 20.44 20.69 20.94 21.20 21.47 21.74 22.02 22.30 22.58 22.87 23.16 23.46 23.76 24.04 24.30 24.54 24.76 24.95
20.77 20.93 21.08 21.20 21.29 21.36 21.40 21.41 21.40 21.35 21.28 21.17 21.04 20.87 20.67 20.43 20.17 19.87 19.59 19.34 19.10 18.88 18.68 18.50 18.34 18.18 18.05 17.93 17.83 17.74 17.66 17.60 17.56 17.53 17.51 17.50 17.51 17.53 17.56 17.60 17.66 17.72 17.80 17.89 17.99 18.09 18.21 18.34 18.48 18.62 18.77 18.94 19.11 19.28 19.47 19.66 19.86 20.06 20.28 20.49 20.71 20.94 21.17 21.41 21.65 21.90 22.15 22.40 22.65 22.91 23.17 23.43 23.70 23.97 24.24 24.48 24.70 24.90 25.08
20.55 20.72 20.87 20.99 21.09 21.16 21.20 21.22 21.21 21.17 21.10 20.99 20.86 20.70 20.50 20.27 20.02 19.73 19.47 19.24 19.05 18.88 18.72 18.57 18.44 18.33 18.23 18.14 18.07 18.01 17.96 17.93 17.91 17.90 17.91 17.92 17.95 17.99 18.04 18.09 18.16 18.24 18.33 18.43 18.54 18.65 18.77 18.91 19.05 19.19 19.35 19.51 19.67 19.85 20.03 20.21 20.40 20.60 20.80 21.00 21.21 21.42 21.63 21.85 22.07 22.30 22.52 22.75 22.98 23.21 23.44 23.68 23.92 24.18 24.43 24.66 24.86 25.05 25.21
20.35 20.52 20.67 20.80 20.90 20.97 21.02 21.04 21.03 21.00 20.93 20.83 20.71 20.55 20.36 20.14 19.89 19.62 19.37 19.16 19.00 18.86 18.74 18.64 18.54 18.46 18.40 18.34 18.30 18.27 18.25 18.25 18.25 18.27 18.29 18.33 18.38 18.43 18.50 18.57 18.66 18.75 18.85 18.95 19.07 19.19 19.32 19.45 19.60 19.74 19.90 20.06 20.22 20.39 20.56 20.74 20.92 21.10 21.29 21.48 21.67 21.87 22.07 22.27 22.47 22.67 22.87 23.08 23.28 23.48 23.69 23.90 24.13 24.37 24.61 24.83 25.01 25.18 25.32
20.17 20.34 20.49 20.62 20.73 20.80 20.85 20.88 20.87 20.84 20.78 20.69 20.57 20.42 20.24 20.03 19.80 19.54 19.29 19.10 18.95 18.84 18.76 18.69 18.63 18.59 18.56 18.53 18.52 18.52 18.53 18.55 18.58 18.62 18.67 18.73 18.79 18.86 18.95 19.04 19.13 19.23 19.34 19.46 19.58 19.71 19.84 19.98 20.13 20.28 20.43 20.58 20.74 20.91 21.07 21.24 21.41 21.59 21.76 21.94 22.12 22.30 22.48 22.66 22.84 23.01 23.19 23.37 23.55 23.72 23.91 24.10 24.32 24.55 24.78 24.98 25.15 25.30 25.43
20.00 20.18 20.33 20.46 20.57 20.65 20.71 20.73 20.73 20.71 20.65 20.57 20.45 20.31 20.14 19.95 19.72 19.48 19.24 19.06 18.92 18.83 18.77 18.74 18.72 18.71 18.71 18.72 18.74 18.76 18.80 18.85 18.90 18.96 19.03 19.11 19.19 19.28 19.38 19.48 19.59 19.71 19.83 19.95 20.08 20.22 20.35 20.50 20.64 20.79 20.94 21.09 21.25 21.41 21.56 21.73 21.89 22.05 22.21 22.37 22.54 22.70 22.86 23.02 23.18 23.33 23.49 23.64 23.79 23.95 24.11 24.30 24.50 24.72 24.93 25.12 25.28 25.42 25.53
19.84 20.02 20.18 20.32 20.43 20.51 20.57 20.60 20.61 20.59 20.54 20.46 20.35 20.22 20.07 19.89 19.68 19.44 19.22 19.05 18.92 18.83 18.79 18.78 18.80 18.82 18.85 18.89 18.94 19.00 19.06 19.13 19.21 19.29 19.38 19.48 19.58 19.69 19.80 19.92 20.04 20.17 20.30 20.43 20.56 20.70 20.84 20.99 21.13 21.28 21.43 21.58 21.73 21.88 22.04 22.19 22.34 22.49 22.64 22.78 22.93 23.07 23.22 23.36 23.49 23.63 23.76 23.88 24.01 24.15 24.31 24.48 24.66 24.87 25.07 25.24 25.39 25.52 25.62
19.70 19.89 20.05 20.19 20.30 20.39 20.45 20.49 20.50 20.48 20.44 20.37 20.28 20.16 20.02 19.85 19.66 19.43 19.22 19.06 18.94 18.86 18.83 18.83 18.87 18.93 18.99 19.06 19.14 19.22 19.31 19.41 19.51 19.61 19.72 19.84 19.96 20.08 20.21 20.34 20.47 20.61 20.75 20.89 21.03 21.17 21.32 21.47 21.61 21.76 21.91 22.05 22.20 22.34 22.48 22.63 22.77 22.90 23.04 23.17 23.30 23.43 23.55 23.67 23.78 23.89 24.00 24.10 24.22 24.35 24.49 24.64 24.82 25.00 25.19 25.35 25.49 25.60 25.69
19.57 19.76 19.92 20.07 20.19 20.28 20.35 20.39 20.41 20.40 20.36 20.31 20.23 20.13 20.00 19.84 19.66 19.44 19.24 19.09 18.98 18.91 18.89 18.90 18.95 19.03 19.12 19.22 19.33 19.44 19.55 19.67 19.80 19.92 20.05 20.19 20.33 20.46 20.61 20.75 20.89 21.04 21.19 21.33 21.48 21.63 21.78 21.93 22.07 22.22 22.36 22.50 22.64 22.78 22.91 23.05 23.17 23.30 23.42 23.54 23.65 23.76 23.86 23.96 24.05 24.13 24.22 24.31 24.41 24.53 24.65 24.79 24.95 25.13 25.30 25.45 25.57 25.67 25.75
19.45 19.65 19.81 19.96 20.08 20.18 20.26 20.30 20.33 20.33 20.31 20.27 20.20 20.11 20.00 19.86 19.68 19.48 19.29 19.14 19.04 18.98 18.97 18.99 19.04 19.13 19.25 19.38 19.51 19.65 19.79 19.93 20.08 20.22 20.38 20.53 20.68 20.83 20.99 21.15 21.30 21.46 21.61 21.77 21.92 22.07 22.22 22.37 22.51 22.66 22.80 22.94 23.07 23.20 23.32 23.45 23.56 23.67 23.78 23.88 23.98 24.06 24.15 24.22 24.29 24.36 24.43 24.51 24.59 24.69 24.81 24.93 25.08 25.24 25.39 25.53 25.64 25.73 25.80
