data_processed/recharge/precip/Precip_1989_08.asc
ncols        168
nrows        136
xllcorner    455000
yllcorner    2107000
cellsize     500
NODATA_value     -99999
[rows 99 to 131 of 136, columns 0 to 73 of 168]
157.01 162.49 167.92 173.41 178.96 184.51 190.01 195.42 200.69 205.77 210.61 215.17 219.38 223.21 226.60 229.51 231.89 233.69 234.86 235.43 235.54 235.24 234.53 233.43 231.94 230.09 227.89 225.33 222.27 218.57 214.27 209.43 204.13 198.43 192.39 186.09 179.59 172.95 166.25 159.55 152.92 146.42 140.12 134.08 128.39 123.20 118.66 114.86 111.85 109.63 108.05 107.07 106.67 106.79 107.20 107.74 108.38 109.08 109.82 110.58 111.31 111.98 112.58 113.06 113.40 113.57 113.54 113.28 112.75 111.94 110.85 109.69 108.62 107.63
153.49 158.71 164.07 169.56 175.13 180.73 186.31 191.83 197.23 202.46 207.48 212.25 216.70 220.79 224.47 227.70 230.42 232.58 234.14 235.06 235.35 235.15 234.52 233.45 231.99 230.16 227.94 225.19 221.76 217.70 213.07 207.94 202.37 196.43 190.20 183.72 177.08 170.34 163.56 156.82 150.17 143.69 137.44 131.49 125.91 120.76 116.22 112.44 109.51 107.42 106.02 105.28 105.11 105.30 105.68 106.23 106.90 107.68 108.53 109.41 110.31 111.18 112.01 112.76 113.40 113.89 114.22 114.35 114.26 113.90 113.25 112.34 111.36 110.47
150.26 155.33 160.60 166.03 171.57 177.16 182.76 188.33 193.80 199.13 204.28 209.20 213.83 218.12 222.04 225.52 228.53 231.00 232.90 234.18 234.78 234.74 234.19 233.17 231.74 229.91 227.51 224.40 220.62 216.23 211.31 205.92 200.13 193.99 187.59 180.99 174.24 167.43 160.62 153.86 147.24 140.82 134.66 128.83 123.39 118.43 114.00 110.27 107.42 105.47 104.26 103.70 103.55 103.67 104.01 104.54 105.23 106.06 106.99 107.99 109.03 110.09 111.13 112.12 113.04 113.85 114.52 115.02 115.33 115.41 115.24 114.78 114.05 113.27
147.52 152.42 157.55 162.87 168.31 173.84 179.41 184.96 190.45 195.83 201.04 206.05 210.81 215.25 219.34 223.03 226.26 228.99 231.17 232.75 233.69 233.93 233.50 232.54 231.13 229.13 226.37 222.92 218.82 214.15 208.97 203.36 197.38 191.09 184.56 177.86 171.05 164.21 157.39 150.67 144.11 137.78 131.75 126.07 120.83 116.08 111.90 108.35 105.61 103.79 102.73 102.14 101.87 101.89 102.16 102.66 103.35 104.21 105.21 106.30 107.48 108.69 109.93 111.15 112.32 113.42 114.42 115.28 115.98 116.48 116.76 116.79 116.53 116.01
145.35 150.02 154.96 160.10 165.39 170.80 176.28 181.76 187.21 192.57 197.80 202.85 207.67 212.21 216.41 220.25 223.65 226.58 228.98 230.82 232.03 232.57 232.39 231.52 229.94 227.59 224.49 220.73 216.35 211.43 206.04 200.25 194.11 187.70 181.08 174.32 167.49 160.65 153.87 147.22 140.76 134.57 128.69 123.22 118.20 113.71 109.82 106.58 104.08 102.38 101.23 100.47 100.06 99.96 100.15 100.59 101.27 102.14 103.18 104.35 105.64 107.00 108.41 109.83 111.25 112.62 113.92 115.12 116.19 117.09 117.81 118.30 118.54 118.50
143.89 148.29 152.97 157.89 162.99 168.24 173.57 178.94 184.30 189.60 194.79 199.83 204.67 209.25 213.53 217.45 220.98 224.06 226.64 228.68 230.12 230.91 231.00 230.21 228.37 225.67 222.26 218.21 213.58 208.45 202.87 196.91 190.65 184.15 177.47 170.68 163.85 157.05 150.33 143.78 137.45 131.41 125.73 120.48 115.71 111.51 107.93 105.05 102.87 101.19 99.84 98.87 98.28 98.05 98.13 98.50 99.13 99.99 101.05 102.28 103.65 105.13 106.69 108.30 109.94 111.56 113.14 114.65 116.07 117.35 118.48 119.41 120.13 120.60
143.39 147.48 151.89 156.56 161.44 166.48 171.64 176.87 182.11 187.32 192.45 197.45 202.28 206.87 211.19 215.19 218.81 222.01 224.74 226.95 228.59 229.60 229.83 229.11 227.21 224.24 220.53 216.20 211.33 205.98 200.22 194.12 187.74 181.15 174.41 167.60 160.78 154.01 147.37 140.92 134.72 128.85 123.37 118.34 113.84 109.93 106.68 104.10 102.07 100.40 98.93 97.75 96.96 96.54 96.48 96.75 97.30 98.12 99.17 100.42 101.84 103.41 105.09 106.85 108.66 110.50 112.33 114.12 115.85 117.48 118.98 120.33 121.49 122.46
143.86 147.63 151.73 156.13 160.76 165.58 170.54 175.60 180.70 185.79 190.83 195.77 200.56 205.14 209.48 213.52 217.21 220.50 223.35 225.71 227.51 228.61 228.87 228.21 226.39 223.38 219.42 214.82 209.71 204.15 198.21 191.96 185.46 178.78 172.00 165.16 158.35 151.63 145.06 138.71 132.65 126.95 121.67 116.87 112.64 109.02 106.05 103.62 101.60 99.94 98.47 97.17 96.16 95.54 95.30 95.42 95.86 96.60 97.60 98.83 100.27 101.89 103.65 105.53 107.49 109.50 111.55 113.58 115.59 117.53 119.37 121.09 122.69 124.19
145.17 148.69 152.47 156.57 160.92 165.50 170.24 175.10 180.03 184.98 189.91 194.76 199.48 204.03 208.36 212.41 216.15 219.51 222.46 224.93 226.76 227.83 228.10 227.50 225.76 222.82 218.83 214.02 208.67 202.90 196.78 190.38 183.77 177.02 170.18 163.32 156.53 149.85 143.35 137.11 131.19 125.66 120.58 116.02 112.05 108.69 105.86 103.46 101.45 99.78 98.31 97.01 95.89 95.04 94.59 94.53 94.82 95.44 96.36 97.54 98.96 100.59 102.40 104.36 106.43 108.59 110.81 113.05 115.30 117.51 119.66 121.76 123.83 125.83
147.11 150.55 154.08 157.85 161.90 166.20 170.70 175.34 180.08 184.86 189.65 194.38 199.02 203.50 207.80 211.84 215.60 219.01 222.01 224.46 226.21 227.23 227.51 226.98 225.30 222.45 218.53 213.70 208.16 202.18 195.89 189.35 182.63 175.79 168.90 162.04 155.25 148.62 142.20 136.07 130.29 124.93 120.06 115.73 112.00 108.78 105.99 103.60 101.60 99.91 98.44 97.14 96.00 95.04 94.37 94.09 94.20 94.66 95.46 96.56 97.93 99.54 101.35 103.35 105.50 107.77 110.13 112.55 114.99 117.45 119.91 122.42 124.94 127.39
149.57 152.97 156.41 159.93 163.67 167.67 171.90 176.29 180.81 185.40 190.02 194.61 199.14 203.54 207.77 211.78 215.53 218.94 221.87 224.18 225.83 226.80 227.09 226.62 225.02 222.24 218.40 213.64 208.09 201.96 195.50 188.82 181.98 175.07 168.14 161.25 154.48 147.90 141.56 135.55 129.91 124.73 120.06 115.95 112.34 109.17 106.41 104.04 102.02 100.32 98.83 97.52 96.38 95.41 94.62 94.11 94.00 94.28 94.93 95.90 97.18 98.73 100.52 102.53 104.71 107.05 109.52 112.07 114.69 117.39 120.21 123.12 126.03 128.87
152.48 155.84 159.26 162.70 166.19 169.87 173.80 177.92 182.19 186.57 190.99 195.42 199.81 204.10 208.24 212.20 215.89 219.18 221.91 224.06 225.61 226.54 226.84 226.43 224.91 222.20 218.44 213.75 208.27 202.14 195.55 188.73 181.79 174.80 167.82 160.93 154.18 147.64 141.39 135.49 130.00 124.99 120.51 116.53 112.98 109.85 107.12 104.74 102.71 100.98 99.46 98.14 96.99 96.02 95.22 94.59 94.25 94.31 94.76 95.58 96.73 98.19 99.92 101.89 104.08 106.46 108.99 111.65 114.45 117.46 120.62 123.87 127.12 130.29
155.79 159.11 162.50 165.91 169.33 172.77 176.37 180.20 184.20 188.34 192.54 196.78 201.00 205.15 209.19 213.04 216.56 219.59 222.11 224.10 225.55 226.43 226.74 226.38 224.94 222.31 218.62 214.01 208.61 202.55 195.96 189.04 182.00 174.94 167.92 161.01 154.28 147.80 141.64 135.85 130.51 125.66 121.31 117.40 113.90 110.81 108.08 105.71 103.65 101.88 100.33 98.98 97.82 96.84 96.03 95.40 94.93 94.76 94.98 95.60 96.59 97.92 99.56 101.47 103.63 106.00 108.57 111.35 114.40 117.69 121.14 124.68 128.21 131.66
159.44 162.72 166.07 169.46 172.86 176.23 179.59 183.10 186.81 190.67 194.64 198.66 202.69 206.68 210.56 214.18 217.39 220.15 222.46 224.29 225.63 226.47 226.78 226.49 225.12 222.56 218.95 214.41 209.09 203.10 196.59 189.68 182.57 175.43 168.38 161.46 154.76 148.34 142.25 136.59 131.39 126.66 122.39 118.54 115.09 112.02 109.30 106.91 104.82 103.01 101.42 100.03 98.84 97.84 97.03 96.39 95.92 95.62 95.60 96.00 96.79 97.95 99.45 101.26 103.36 105.70 108.32 111.29 114.58 118.11 121.79 125.55 129.31 132.98
163.38 166.62 169.93 173.29 176.67 180.02 183.32 186.59 189.98 193.55 197.25 201.03 204.84 208.63 212.22 215.48 218.36 220.85 222.94 224.61 225.85 226.64 226.96 226.73 225.43 222.95 219.41 214.95 209.70 203.78 197.35 190.52 183.43 176.25 169.15 162.23 155.56 149.19 143.20 137.65 132.56 127.93 123.73 119.94 116.52 113.46 110.74 108.33 106.21 104.34 102.70 101.27 100.05 99.03 98.19 97.54 97.06 96.75 96.62 96.77 97.33 98.29 99.62 101.30 103.29 105.62 108.38 111.53 115.00 118.71 122.57 126.51 130.44 134.27
167.55 170.73 174.01 177.34 180.69 184.03 187.32 190.53 193.69 196.94 200.34 203.86 207.42 210.86 214.03 216.90 219.45 221.67 223.55 225.06 226.19 226.93 227.27 227.09 225.87 223.46 220.00 215.61 210.43 204.59 198.23 191.47 184.45 177.31 170.20 163.28 156.63 150.32 144.43 138.99 134.01 129.46 125.32 121.57 118.18 115.13 112.40 109.96 107.79 105.86 104.16 102.69 101.42 100.37 99.50 98.83 98.34 98.03 97.88 97.91 98.22 98.95 100.07 101.58 103.49 105.91 108.80 112.08 115.68 119.52 123.50 127.55 131.59 135.54
171.88 175.02 178.26 181.56 184.88 188.20 191.48 194.69 197.79 200.80 203.89 207.10 210.26 213.22 215.96 218.44 220.67 222.62 224.27 225.63 226.66 227.35 227.69 227.57 226.42 224.09 220.70 216.39 211.28 205.51 199.22 192.54 185.60 178.53 171.46 164.55 157.93 151.70 145.91 140.58 135.70 131.22 127.14 123.43 120.06 117.01 114.26 111.78 109.55 107.56 105.80 104.26 102.95 101.85 100.95 100.25 99.74 99.42 99.26 99.28 99.46 99.94 100.83 102.20 104.14 106.63 109.60 112.96 116.63 120.53 124.58 128.70 132.80 136.80
176.33 179.42 182.61 185.88 189.17 192.47 195.74 198.94 202.04 205.01 207.85 210.61 213.23 215.70 217.99 220.10 221.99 223.67 225.11 226.30 227.23 227.87 228.22 228.16 227.09 224.83 221.51 217.27 212.23 206.54 200.32 193.71 186.84 179.84 172.85 166.00 159.43 153.30 147.64 142.42 137.61 133.21 129.17 125.49 122.13 119.07 116.30 113.77 111.48 109.41 107.58 105.98 104.61 103.45 102.51 101.78 101.24 100.89 100.73 100.74 100.91 101.26 101.97 103.31 105.28 107.80 110.79 114.17 117.85 121.77 125.83 129.95 134.05 138.06
180.83 183.87 187.02 190.25 193.51 196.79 200.04 203.23 206.33 209.29 211.95 214.23 216.31 218.28 220.13 221.85 223.42 224.82 226.05 227.08 227.90 228.50 228.85 228.85 227.85 225.66 222.41 218.25 213.29 207.67 201.52 194.98 188.18 181.26 174.33 167.57 161.14 155.14 149.59 144.47 139.74 135.40 131.40 127.74 124.38 121.31 118.50 115.92 113.56 111.40 109.49 107.82 106.38 105.17 104.18 103.40 102.83 102.45 102.26 102.26 102.43 102.84 103.65 104.98 106.93 109.42 112.37 115.72 119.36 123.23 127.25 131.32 135.37 139.32
185.33 188.32 191.42 194.61 197.84 201.10 204.33 207.51 210.59 213.42 215.84 217.84 219.48 220.96 222.37 223.70 224.94 226.07 227.08 227.95 228.66 229.21 229.57 229.62 228.69 226.58 223.41 219.31 214.42 208.88 202.80 196.34 189.61 182.75 175.93 169.33 163.07 157.21 151.76 146.72 142.07 137.77 133.81 130.16 126.80 123.70 120.85 118.21 115.77 113.52 111.52 109.77 108.25 106.98 105.93 105.10 104.48 104.07 103.85 103.83 104.06 104.71 105.77 107.21 109.09 111.50 114.37 117.62 121.17 124.94 128.85 132.82 136.77 140.61
189.77 192.70 195.76 198.90 202.11 205.33 208.55 211.70 214.64 217.21 219.39 221.20 222.61 223.71 224.69 225.63 226.54 227.40 228.19 228.90 229.51 230.01 230.38 230.48 229.62 227.58 224.48 220.46 215.64 210.16 204.16 197.77 191.11 184.36 177.72 171.34 165.25 159.50 154.14 149.17 144.58 140.32 136.38 132.74 129.37 126.24 123.33 120.63 118.10 115.75 113.65 111.81 110.21 108.86 107.75 106.86 106.19 105.73 105.48 105.51 105.97 106.89 108.19 109.84 111.77 114.05 116.78 119.88 123.28 126.90 130.65 134.46 138.24 141.92
194.10 196.97 199.97 203.08 206.25 209.44 212.62 215.62 218.29 220.61 222.58 224.21 225.49 226.43 227.08 227.64 228.22 228.81 229.38 229.92 230.43 230.87 231.25 231.41 230.62 228.65 225.62 221.67 216.92 211.52 205.59 199.27 192.71 186.18 179.80 173.62 167.69 162.05 156.74 151.80 147.25 143.03 139.11 135.46 132.06 128.90 125.93 123.15 120.52 118.07 115.86 113.92 112.24 110.81 109.62 108.66 107.93 107.42 107.21 107.47 108.20 109.36 110.89 112.72 114.79 117.07 119.61 122.51 125.71 129.12 132.66 136.25 139.81 143.27
198.25 201.06 204.01 207.07 210.20 213.35 216.36 219.08 221.49 223.58 225.37 226.84 228.01 228.87 229.41 229.71 229.97 230.27 230.63 231.01 231.41 231.80 232.18 232.40 231.68 229.78 226.83 222.94 218.27 212.94 207.08 200.86 194.56 188.31 182.18 176.20 170.41 164.87 159.60 154.66 150.08 145.87 141.96 138.30 134.88 131.66 128.63 125.76 123.03 120.46 118.14 116.10 114.32 112.80 111.52 110.49 109.69 109.22 109.23 109.76 110.74 112.11 113.83 115.81 118.02 120.39 122.87 125.53 128.46 131.61 134.88 138.20 141.49 144.66
202.16 204.92 207.82 210.83 213.90 216.87 219.59 222.03 224.20 226.09 227.71 229.06 230.14 230.94 231.46 231.72 231.76 231.80 231.93 232.15 232.44 232.79 233.17 233.44 232.80 230.97 228.08 224.27 219.67 214.40 208.66 202.71 196.74 190.78 184.88 179.09 173.44 167.98 162.75 157.79 153.15 148.86 144.93 141.25 137.79 134.52 131.41 128.45 125.61 122.91 120.47 118.32 116.43 114.81 113.45 112.33 111.56 111.30 111.59 112.36 113.56 115.12 116.99 119.11 121.42 123.86 126.37 128.92 131.56 134.38 137.33 140.32 143.28 146.12
205.79 208.48 211.33 214.27 217.15 219.82 222.25 224.44 226.39 228.11 229.58 230.83 231.83 232.60 233.13 233.42 233.48 233.36 233.29 233.34 233.52 233.82 234.20 234.53 233.95 232.20 229.38 225.64 221.10 215.96 210.51 204.94 199.29 193.61 187.93 182.31 176.79 171.40 166.20 161.21 156.49 152.08 148.02 144.29 140.78 137.45 134.26 131.20 128.24 125.41 122.84 120.56 118.56 116.83 115.38 114.27 113.71 113.73 114.26 115.25 116.63 118.36 120.36 122.59 124.97 127.46 129.99 132.51 134.97 137.44 140.01 142.62 145.19 147.64
209.08 211.70 214.47 217.21 219.78 222.14 224.30 226.26 228.02 229.58 230.94 232.10 233.06 233.82 234.37 234.73 234.89 234.85 234.67 234.57 234.64 234.88 235.27 235.65 235.15 233.46 230.71 227.04 222.63 217.81 212.77 207.56 202.23 196.81 191.35 185.90 180.49 175.16 169.97 164.95 160.14 155.59 151.35 147.44 143.84 140.43 137.16 133.98 130.90 127.93 125.22 122.82 120.70 118.86 117.39 116.51 116.22 116.48 117.23 118.41 119.95 121.81 123.92 126.22 128.65 131.16 133.69 136.17 138.55 140.78 142.94 145.11 147.24 149.25
211.96 214.50 217.05 219.46 221.71 223.79 225.71 227.46 229.05 230.48 231.75 232.84 233.78 234.55 235.16 235.61 235.89 236.00 235.96 235.81 235.78 235.97 236.37 236.80 236.36 234.74 232.07 228.52 224.46 220.09 215.46 210.60 205.57 200.41 195.16 189.85 184.55 179.28 174.09 169.02 164.11 159.42 154.97 150.82 146.99 143.46 140.09 136.80 133.57 130.46 127.61 125.07 122.82 120.96 119.71 119.10 119.06 119.54 120.48 121.81 123.49 125.46 127.64 129.99 132.45 134.95 137.43 139.85 142.14 144.23 146.10 147.80 149.43 150.94
214.36 216.68 218.88 220.96 222.92 224.74 226.44 228.01 229.46 230.77 231.96 233.03 233.96 234.77 235.45 236.01 236.43 236.73 236.91 236.95 236.94 237.08 237.48 237.96 237.60 236.05 233.50 230.34 226.76 222.83 218.59 214.08 209.35 204.43 199.37 194.21 189.00 183.77 178.57 173.44 168.43 163.57 158.92 154.50 150.37 146.57 143.04 139.62 136.25 132.98 129.98 127.29 125.02 123.38 122.40 122.03 122.21 122.88 123.98 125.45 127.23 129.27 131.51 133.88 136.33 138.79 141.22 143.54 145.71 147.65 149.32 150.68 151.78 152.73
216.09 218.04 219.91 221.68 223.36 224.95 226.46 227.87 229.19 230.42 231.56 232.61 233.57 234.43 235.21 235.90 236.50 237.00 237.42 237.74 237.98 238.19 238.60 239.13 238.84 237.43 235.28 232.64 229.55 226.06 222.20 218.03 213.57 208.89 204.01 198.98 193.85 188.65 183.44 178.24 173.11 168.08 163.21 158.52 154.07 149.90 146.04 142.44 138.92 135.48 132.32 129.60 127.53 126.16 125.43 125.28 125.65 126.48 127.71 129.29 131.15 133.24 135.50 137.86 140.27 142.68 145.01 147.21 149.23 151.00 152.47 153.57 154.27 154.63
216.94 218.54 220.08 221.57 223.01 224.39 225.72 226.99 228.21 229.38 230.49 231.55 232.56 233.51 234.40 235.25 236.04 236.77 237.45 238.08 238.65 239.17 239.71 240.30 240.15 239.17 237.59 235.47 232.85 229.78 226.30 222.45 218.27 213.81 209.10 204.20 199.13 193.96 188.71 183.43 178.17 172.97 167.86 162.89 158.11 153.55 149.27 145.29 141.55 137.94 134.74 132.22 130.43 129.30 128.79 128.83 129.36 130.33 131.67 133.32 135.23 137.34 139.59 141.92 144.27 146.58 148.79 150.85 152.69 154.26 155.50 156.34 156.73 156.63
217.03 218.29 219.53 220.75 221.95 223.14 224.31 225.46 226.60 227.72 228.82 229.91 230.97 232.02 233.06 234.07 235.07 236.05 237.02 237.96 238.89 239.80 240.70 241.51 241.81 241.43 240.42 238.81 236.66 234.01 230.89 227.35 223.43 219.18 214.64 209.85 204.85 199.68 194.40 189.03 183.63 178.23 172.88 167.63 162.50 157.56 152.83 148.36 144.19 140.42 137.42 135.18 133.63 132.73 132.41 132.62 133.29 134.36 135.78 137.49 139.42 141.53 143.74 146.01 148.27 150.47 152.54 154.42 156.06 157.40 158.38 158.93 159.01 158.55
219.32 220.12 220.95 221.80 222.67 223.55 224.46 225.38 226.33 227.29 228.27 229.28 230.30 231.34 232.40 233.48 234.58 235.70 236.84 237.99 239.17 240.37 241.55 242.60 243.38 243.62 243.19 242.12 240.44 238.22 235.48 232.27 228.63 224.60 220.24 215.57 210.65 205.51 200.20 194.76 189.23 183.66 178.09 172.55 167.10 161.78 156.62 151.67 146.85 142.45 139.53 137.57 136.29 135.62 135.51 135.89 136.71 137.90 139.41 141.19 143.16 145.27 147.47 149.69 151.87 153.96 155.90 157.62 159.07 160.19 160.92 161.21 160.98 160.20
226.90 227.01 227.18 227.41 227.69 228.03 228.42 228.87 229.38 229.94 230.56 231.24 231.97 232.75 233.59 234.49 235.45 236.46 237.53 238.65 239.83 241.05 242.25 243.35 244.31 245.05 245.23 244.72 243.57 241.81 239.49 236.65 233.33 229.57 225.42 220.93 216.12 211.05 205.75 200.28 194.67 188.96 183.20 177.43 171.70 166.03 160.49 154.97 149.25 143.85 140.31 138.47 137.50 137.12 137.27 137.88 138.90 140.27 141.93 143.83 145.89 148.07 150.30 152.52 154.69 156.73 158.59 160.20 161.52 162.48 163.02 163.09 162.62 161.63
