data_processed/recharge/precip/Precip_1988_01.asc
ncols        168
nrows        136
xllcorner    455000
yllcorner    2107000
cellsize     500
NODATA_value     -99999
[rows 76 to 113 of 136, columns 84 to 167 of 168]
1.07 1.09 1.14 1.21 1.29 1.39 1.50 1.63 1.76 1.89 2.03 2.18 2.32 2.47 2.62 2.77 2.89 2.98 3.02 3.03 2.99 2.92 2.82 2.70 2.61 2.57 2.57 2.61 2.67 2.76 2.86 2.97 3.06 3.10 3.11 3.08 3.01 2.90 2.75 2.56 2.35 2.16 1.96 1.78 1.59 1.41 1.23 1.06 0.90 0.75 0.62 0.51 0.41 0.32 0.25 0.20 0.14 0.09 0.03 0.00 0.00 0.00 0.00 0.00 0.00 0.00 0.00 0.00 0.00 0.00 0.00 0.00 0.00 0.00 0.00 0.00 0.00 0.00 0.00 0.03 0.05 0.07 0.08 0.09
1.09 1.13 1.19 1.26 1.36 1.47 1.59 1.72 1.87 2.01 2.16 2.32 2.48 2.64 2.79 2.94 3.04 3.10 3.11 3.09 3.03 2.95 2.83 2.69 2.53 2.42 2.35 2.33 2.36 2.41 2.50 2.60 2.68 2.72 2.72 2.68 2.60 2.49 2.33 2.16 2.00 1.84 1.69 1.54 1.40 1.25 1.11 0.97 0.83 0.71 0.59 0.49 0.40 0.32 0.25 0.20 0.14 0.09 0.03 0.00 0.00 0.00 0.00 0.00 0.00 0.00 0.00 0.00 0.00 0.00 0.00 0.00 0.00 0.00 0.00 0.00 0.00 0.00 0.00 0.03 0.05 0.06 0.07 0.08
1.09 1.14 1.21 1.30 1.41 1.53 1.66 1.81 1.96 2.12 2.28 2.45 2.62 2.79 2.94 3.06 3.13 3.16 3.15 3.11 3.03 2.93 2.80 2.65 2.48 2.30 2.17 2.09 2.07 2.09 2.15 2.23 2.30 2.34 2.33 2.28 2.19 2.06 1.92 1.79 1.66 1.54 1.43 1.31 1.20 1.10 0.99 0.88 0.77 0.66 0.57 0.47 0.39 0.32 0.25 0.20 0.14 0.08 0.03 0.00 0.00 0.00 0.00 0.00 0.00 0.00 0.00 0.00 0.00 0.00 0.00 0.00 0.00 0.00 0.00 0.00 0.00 0.00 0.00 0.03 0.04 0.06 0.06 0.06
1.07 1.14 1.22 1.33 1.44 1.58 1.72 1.88 2.04 2.21 2.39 2.57 2.75 2.92 3.04 3.13 3.17 3.17 3.14 3.08 2.99 2.88 2.74 2.58 2.40 2.22 2.03 1.89 1.81 1.79 1.82 1.89 1.95 1.96 1.94 1.87 1.77 1.65 1.55 1.45 1.35 1.26 1.18 1.10 1.02 0.94 0.86 0.78 0.70 0.62 0.54 0.46 0.38 0.32 0.25 0.19 0.14 0.08 0.03 0.00 0.00 0.00 0.00 0.00 0.00 0.00 0.00 0.00 0.00 0.00 0.00 0.00 0.00 0.00 0.00 0.00 0.00 0.00 0.00 0.02 0.04 0.05 0.05 0.05
1.02 1.11 1.21 1.33 1.46 1.61 1.76 1.93 2.11 2.29 2.48 2.67 2.85 2.99 3.08 3.14 3.15 3.13 3.09 3.01 2.90 2.78 2.63 2.47 2.30 2.11 1.92 1.73 1.60 1.53 1.53 1.57 1.61 1.60 1.55 1.47 1.38 1.29 1.21 1.14 1.07 1.01 0.95 0.90 0.85 0.79 0.74 0.69 0.63 0.57 0.50 0.44 0.37 0.31 0.25 0.19 0.14 0.08 0.03 0.00 0.00 0.00 0.00 0.00 0.00 0.00 0.00 0.00 0.00 0.00 0.00 0.00 0.00 0.00 0.00 0.00 0.00 0.00 0.00 0.02 0.03 0.03 0.03 0.03
0.96 1.07 1.18 1.31 1.46 1.62 1.79 1.97 2.16 2.36 2.56 2.74 2.89 3.00 3.06 3.09 3.08 3.04 2.98 2.89 2.77 2.64 2.49 2.33 2.15 1.97 1.78 1.60 1.43 1.31 1.27 1.28 1.29 1.26 1.19 1.11 1.04 0.98 0.93 0.88 0.83 0.79 0.76 0.73 0.69 0.66 0.63 0.59 0.56 0.52 0.47 0.42 0.36 0.31 0.25 0.19 0.13 0.08 0.02 0.00 0.00 0.00 0.00 0.00 0.00 0.00 0.00 0.00 0.00 0.00 0.00 0.00 0.00 0.00 0.00 0.00 0.00 0.00 0.00 0.01 0.02 0.02 0.02 0.01
0.90 1.01 1.14 1.28 1.43 1.61 1.79 1.99 2.19 2.40 2.60 2.75 2.87 2.94 2.98 2.98 2.96 2.90 2.82 2.72 2.59 2.45 2.30 2.14 1.97 1.80 1.62 1.45 1.28 1.13 1.05 1.03 1.01 0.95 0.88 0.82 0.77 0.73 0.69 0.66 0.64 0.62 0.60 0.58 0.57 0.55 0.54 0.52 0.49 0.47 0.44 0.40 0.35 0.30 0.25 0.19 0.13 0.08 0.03 0.00 0.00 0.00 0.00 0.00 0.00 0.00 0.00 0.00 0.00 0.00 0.00 0.00 0.00 0.00 0.00 0.00 0.00 0.00 0.00 0.01 0.01 0.01 0.01 0.00
0.83 0.95 1.08 1.23 1.40 1.58 1.77 1.98 2.20 2.40 2.57 2.69 2.78 2.83 2.84 2.82 2.77 2.70 2.61 2.50 2.37 2.23 2.07 1.92 1.75 1.59 1.43 1.27 1.12 0.98 0.87 0.81 0.76 0.70 0.65 0.61 0.57 0.54 0.52 0.51 0.50 0.49 0.48 0.48 0.48 0.47 0.47 0.46 0.45 0.43 0.41 0.38 0.34 0.30 0.24 0.18 0.13 0.08 0.04 0.00 0.00 0.00 0.00 0.00 0.00 0.00 0.00 0.00 0.00 0.00 0.00 0.00 0.00 0.00 0.00 0.00 0.00 0.00 0.00 0.00 0.00 0.00 0.00 0.00
0.77 0.89 1.03 1.18 1.35 1.54 1.74 1.96 2.17 2.35 2.48 2.57 2.62 2.64 2.64 2.60 2.54 2.45 2.35 2.23 2.10 1.96 1.81 1.65 1.50 1.35 1.20 1.06 0.93 0.82 0.72 0.65 0.59 0.54 0.50 0.47 0.45 0.43 0.42 0.41 0.41 0.41 0.41 0.42 0.42 0.42 0.43 0.42 0.42 0.41 0.39 0.36 0.33 0.29 0.24 0.18 0.13 0.09 0.05 0.02 0.00 0.00 0.00 0.00 0.00 0.00 0.00 0.00 0.00 0.00 0.00 0.00 0.00 0.00 0.00 0.00 0.00 0.00 0.00 0.00 0.00 0.00 0.00 0.00
0.70 0.83 0.97 1.12 1.30 1.48 1.69 1.92 2.12 2.26 2.36 2.42 2.45 2.44 2.41 2.36 2.28 2.18 2.07 1.95 1.81 1.67 1.53 1.38 1.24 1.10 0.97 0.85 0.74 0.66 0.59 0.53 0.48 0.43 0.40 0.38 0.37 0.36 0.35 0.35 0.36 0.37 0.38 0.38 0.39 0.40 0.41 0.41 0.40 0.39 0.38 0.36 0.33 0.28 0.23 0.18 0.13 0.09 0.06 0.03 0.01 0.00 0.00 0.00 0.00 0.00 0.00 0.00 0.00 0.00 0.00 0.00 0.00 0.00 0.00 0.00 0.00 0.00 0.00 0.00 0.00 0.00 0.00 0.00
0.63 0.75 0.89 1.05 1.23 1.42 1.63 1.86 2.08 2.21 2.27 2.30 2.30 2.28 2.22 2.15 2.06 1.95 1.83 1.69 1.56 1.42 1.27 1.14 1.00 0.88 0.76 0.66 0.58 0.51 0.46 0.41 0.37 0.34 0.32 0.30 0.29 0.29 0.30 0.30 0.31 0.33 0.34 0.35 0.37 0.38 0.39 0.39 0.39 0.38 0.37 0.35 0.32 0.28 0.23 0.17 0.13 0.10 0.07 0.05 0.03 0.01 0.00 0.00 0.00 0.00 0.00 0.00 0.00 0.00 0.00 0.01 0.01 0.01 0.01 0.01 0.01 0.00 0.00 0.00 0.00 0.00 0.00 0.00
0.55 0.67 0.81 0.97 1.15 1.35 1.57 1.81 2.03 2.16 2.22 2.22 2.19 2.14 2.07 1.97 1.86 1.74 1.61 1.47 1.33 1.19 1.05 0.92 0.79 0.68 0.58 0.50 0.44 0.38 0.34 0.30 0.27 0.24 0.23 0.22 0.22 0.23 0.24 0.25 0.27 0.29 0.31 0.33 0.34 0.36 0.37 0.38 0.38 0.37 0.36 0.34 0.31 0.27 0.22 0.17 0.12 0.09 0.07 0.05 0.04 0.02 0.02 0.01 0.01 0.01 0.01 0.01 0.02 0.02 0.02 0.02 0.02 0.02 0.02 0.01 0.01 0.00 0.00 0.00 0.00 0.00 0.00 0.00
0.46 0.58 0.72 0.88 1.06 1.27 1.50 1.74 1.97 2.12 2.18 2.17 2.12 2.04 1.94 1.83 1.70 1.56 1.42 1.28 1.13 0.99 0.85 0.72 0.61 0.51 0.42 0.36 0.31 0.26 0.23 0.19 0.17 0.16 0.15 0.15 0.16 0.17 0.19 0.21 0.23 0.25 0.28 0.30 0.32 0.34 0.35 0.36 0.36 0.36 0.35 0.33 0.30 0.26 0.21 0.16 0.11 0.08 0.06 0.05 0.04 0.03 0.03 0.02 0.02 0.02 0.03 0.03 0.03 0.03 0.03 0.03 0.03 0.02 0.02 0.01 0.00 0.00 0.00 0.00 0.00 0.00 0.00 0.00
0.36 0.49 0.63 0.79 0.98 1.19 1.42 1.68 1.91 2.06 2.13 2.13 2.07 1.96 1.84 1.71 1.56 1.41 1.26 1.11 0.96 0.81 0.68 0.55 0.45 0.35 0.28 0.23 0.18 0.15 0.12 0.10 0.08 0.07 0.07 0.08 0.10 0.12 0.14 0.16 0.19 0.22 0.25 0.27 0.30 0.32 0.33 0.35 0.35 0.35 0.34 0.32 0.29 0.25 0.20 0.15 0.11 0.07 0.05 0.04 0.03 0.03 0.03 0.03 0.03 0.03 0.04 0.04 0.04 0.04 0.04 0.04 0.03 0.03 0.02 0.01 0.00 0.00 0.00 0.00 0.00 0.00 0.00 0.00
0.27 0.39 0.53 0.70 0.90 1.11 1.35 1.60 1.84 1.99 2.07 2.08 2.02 1.91 1.77 1.61 1.45 1.29 1.12 0.96 0.81 0.66 0.52 0.40 0.30 0.22 0.16 0.11 0.07 0.04 0.02 0.00 0.00 0.00 0.00 0.02 0.04 0.06 0.09 0.12 0.15 0.19 0.22 0.25 0.28 0.30 0.32 0.33 0.34 0.34 0.32 0.30 0.27 0.23 0.19 0.14 0.10 0.07 0.04 0.03 0.03 0.03 0.03 0.03 0.03 0.04 0.04 0.04 0.04 0.05 0.04 0.04 0.03 0.02 0.02 0.01 0.00 0.00 0.00 0.00 0.00 0.00 0.00 0.00
0.17 0.29 0.44 0.62 0.82 1.04 1.27 1.53 1.76 1.92 2.00 2.01 1.97 1.87 1.72 1.54 1.36 1.18 1.00 0.83 0.67 0.52 0.39 0.27 0.17 0.10 0.04 0.00 0.00 0.00 0.00 0.00 0.00 0.00 0.00 0.00 0.00 0.01 0.05 0.08 0.12 0.16 0.19 0.23 0.26 0.28 0.30 0.32 0.32 0.32 0.31 0.29 0.26 0.22 0.17 0.13 0.09 0.06 0.03 0.02 0.02 0.02 0.02 0.03 0.03 0.04 0.04 0.04 0.05 0.05 0.04 0.04 0.03 0.02 0.01 0.01 0.00 0.00 0.00 0.00 0.00 0.00 0.00 0.00
0.07 0.20 0.36 0.54 0.74 0.96 1.20 1.45 1.68 1.84 1.92 1.94 1.90 1.81 1.67 1.49 1.29 1.09 0.90 0.72 0.55 0.40 0.27 0.15 0.06 0.00 0.00 0.00 0.00 0.00 0.00 0.00 0.00 0.00 0.00 0.00 0.00 0.00 0.01 0.05 0.09 0.13 0.17 0.20 0.24 0.27 0.29 0.30 0.31 0.31 0.29 0.27 0.24 0.21 0.16 0.11 0.08 0.05 0.03 0.01 0.01 0.01 0.01 0.02 0.03 0.03 0.04 0.04 0.04 0.04 0.04 0.03 0.03 0.02 0.01 0.01 0.00 0.00 0.00 0.00 0.00 0.00 0.00 0.00
0.00 0.13 0.28 0.47 0.67 0.89 1.13 1.38 1.60 1.76 1.84 1.86 1.83 1.74 1.60 1.43 1.23 1.02 0.82 0.63 0.45 0.29 0.16 0.04 0.00 0.00 0.00 0.00 0.00 0.00 0.00 0.00 0.00 0.00 0.00 0.00 0.00 0.00 0.00 0.02 0.06 0.10 0.15 0.19 0.22 0.25 0.27 0.29 0.29 0.29 0.28 0.26 0.23 0.19 0.15 0.10 0.06 0.04 0.02 0.00 0.00 0.00 0.00 0.01 0.02 0.03 0.03 0.04 0.04 0.04 0.04 0.03 0.02 0.02 0.01 0.01 0.00 0.00 0.00 0.00 0.00 0.00 0.00 0.00
0.00 0.06 0.22 0.40 0.60 0.82 1.05 1.30 1.52 1.67 1.76 1.78 1.74 1.66 1.53 1.37 1.18 0.96 0.75 0.54 0.36 0.20 0.06 0.00 0.00 0.00 0.00 0.00 0.00 0.00 0.00 0.00 0.00 0.00 0.00 0.00 0.00 0.00 0.00 0.00 0.04 0.08 0.13 0.17 0.20 0.24 0.26 0.27 0.27 0.27 0.26 0.24 0.21 0.17 0.13 0.09 0.05 0.03 0.01 0.00 0.00 0.00 0.00 0.00 0.01 0.02 0.03 0.03 0.03 0.03 0.03 0.03 0.02 0.02 0.01 0.01 0.00 0.00 0.00 0.00 0.00 0.00 0.00 0.00
0.00 0.01 0.17 0.35 0.54 0.76 0.99 1.22 1.44 1.58 1.66 1.68 1.65 1.57 1.44 1.29 1.10 0.90 0.68 0.47 0.28 0.11 0.00 0.00 0.00 0.00 0.00 0.00 0.00 0.00 0.00 0.00 0.00 0.00 0.00 0.00 0.00 0.00 0.00 0.00 0.01 0.06 0.11 0.15 0.19 0.22 0.24 0.25 0.25 0.25 0.24 0.22 0.19 0.16 0.12 0.08 0.04 0.02 0.00 0.00 0.00 0.00 0.00 0.00 0.00 0.01 0.02 0.02 0.03 0.03 0.03 0.02 0.02 0.01 0.01 0.01 0.00 0.00 0.00 0.00 0.00 0.00 0.00 0.00
0.00 0.00 0.12 0.30 0.49 0.70 0.92 1.15 1.36 1.49 1.57 1.58 1.55 1.47 1.35 1.19 1.02 0.82 0.61 0.40 0.21 0.04 0.00 0.00 0.00 0.00 0.00 0.00 0.00 0.00 0.00 0.00 0.00 0.00 0.00 0.00 0.00 0.00 0.00 0.00 0.00 0.05 0.09 0.14 0.17 0.20 0.22 0.23 0.23 0.23 0.22 0.20 0.17 0.14 0.10 0.07 0.03 0.01 0.00 0.00 0.00 0.00 0.00 0.00 0.00 0.00 0.01 0.02 0.02 0.02 0.02 0.02 0.02 0.01 0.01 0.01 0.00 0.00 0.00 0.00 0.00 0.00 0.00 0.00
0.00 0.00 0.10 0.27 0.45 0.65 0.86 1.08 1.28 1.41 1.47 1.48 1.44 1.36 1.24 1.09 0.92 0.73 0.53 0.33 0.14 0.00 0.00 0.00 0.00 0.00 0.00 0.00 0.00 0.00 0.00 0.00 0.00 0.00 0.00 0.00 0.00 0.00 0.00 0.00 0.00 0.03 0.08 0.12 0.16 0.18 0.20 0.21 0.21 0.21 0.20 0.18 0.16 0.13 0.09 0.05 0.02 0.00 0.00 0.00 0.00 0.00 0.00 0.00 0.00 0.00 0.00 0.01 0.01 0.02 0.02 0.02 0.01 0.01 0.01 0.01 0.00 0.00 0.00 0.00 0.00 0.00 0.00 0.00
0.00 0.00 0.08 0.24 0.42 0.61 0.81 1.02 1.20 1.32 1.37 1.38 1.33 1.25 1.12 0.97 0.80 0.62 0.43 0.26 0.09 0.00 0.00 0.00 0.00 0.00 0.00 0.00 0.00 0.00 0.00 0.00 0.00 0.00 0.00 0.00 0.00 0.00 0.00 0.00 0.00 0.02 0.07 0.11 0.14 0.16 0.18 0.19 0.19 0.19 0.18 0.16 0.14 0.11 0.08 0.04 0.02 0.00 0.00 0.00 0.00 0.00 0.00 0.00 0.00 0.00 0.00 0.00 0.01 0.01 0.01 0.01 0.01 0.01 0.01 0.00 0.00 0.00 0.00 0.00 0.00 0.00 0.00 0.00
0.00 0.00 0.08 0.24 0.40 0.58 0.77 0.96 1.12 1.23 1.28 1.27 1.22 1.13 1.00 0.85 0.68 0.51 0.34 0.18 0.02 0.00 0.00 0.00 0.00 0.00 0.00 0.00 0.00 0.00 0.00 0.00 0.00 0.00 0.00 0.00 0.00 0.00 0.00 0.00 0.00 0.01 0.06 0.09 0.12 0.14 0.16 0.16 0.17 0.16 0.15 0.14 0.12 0.09 0.06 0.03 0.01 0.00 0.00 0.00 0.00 0.00 0.00 0.00 0.00 0.00 0.00 0.00 0.00 0.00 0.01 0.01 0.01 0.01 0.01 0.00 0.00 0.00 0.00 0.00 0.00 0.00 0.00 0.00
0.00 0.00 0.10 0.24 0.40 0.56 0.73 0.90 1.05 1.15 1.18 1.16 1.10 1.00 0.87 0.72 0.56 0.40 0.25 0.10 0.00 0.00 0.00 0.00 0.00 0.00 0.00 0.00 0.00 0.00 0.00 0.00 0.00 0.00 0.00 0.00 0.00 0.00 0.00 0.00 0.00 0.01 0.04 0.07 0.10 0.12 0.13 0.14 0.14 0.14 0.13 0.12 0.10 0.08 0.05 0.02 0.00 0.00 0.00 0.00 0.00 0.00 0.00 0.00 0.00 0.00 0.00 0.00 0.00 0.00 0.00 0.01 0.01 0.01 0.00 0.00 0.00 0.00 0.00 0.00 0.00 0.00 0.00 0.00
0.00 0.01 0.13 0.26 0.40 0.55 0.70 0.86 0.99 1.07 1.08 1.05 0.98 0.87 0.74 0.59 0.45 0.31 0.17 0.03 0.00 0.00 0.00 0.00 0.00 0.00 0.00 0.00 0.00 0.00 0.00 0.00 0.00 0.00 0.00 0.00 0.00 0.00 0.00 0.00 0.00 0.00 0.03 0.06 0.08 0.10 0.11 0.12 0.12 0.12 0.11 0.10 0.08 0.06 0.04 0.01 0.00 0.00 0.00 0.00 0.00 0.00 0.00 0.00 0.00 0.00 0.00 0.00 0.00 0.00 0.00 0.00 0.00 0.00 0.00 0.00 0.00 0.00 0.00 0.00 0.00 0.00 0.00 0.00
0.00 0.07 0.18 0.30 0.42 0.55 0.69 0.82 0.94 0.99 0.99 0.95 0.86 0.75 0.62 0.48 0.35 0.22 0.10 0.00 0.00 0.00 0.00 0.00 0.00 0.00 0.00 0.00 0.00 0.00 0.00 0.00 0.00 0.00 0.00 0.00 0.00 0.00 0.00 0.00 0.00 0.00 0.02 0.04 0.06 0.08 0.09 0.09 0.10 0.09 0.09 0.08 0.07 0.05 0.03 0.01 0.00 0.00 0.00 0.00 0.00 0.00 0.00 0.00 0.00 0.00 0.00 0.00 0.00 0.00 0.00 0.00 0.00 0.00 0.00 0.00 0.00 0.00 0.00 0.00 0.00 0.00 0.00 0.00
0.05 0.15 0.25 0.35 0.46 0.57 0.68 0.80 0.89 0.92 0.91 0.84 0.75 0.63 0.51 0.40 0.28 0.16 0.04 0.00 0.00 0.00 0.00 0.00 0.00 0.00 0.00 0.00 0.00 0.00 0.00 0.00 0.00 0.00 0.00 0.00 0.00 0.00 0.00 0.00 0.00 0.00 0.01 0.03 0.05 0.06 0.07 0.07 0.07 0.07 0.07 0.06 0.05 0.03 0.02 0.00 0.00 0.00 0.00 0.00 0.00 0.00 0.00 0.00 0.00 0.00 0.00 0.00 0.00 0.00 0.00 0.00 0.00 0.00 0.00 0.00 0.00 0.00 0.00 0.00 0.00 0.00 0.00 0.00
0.14 0.24 0.33 0.42 0.51 0.60 0.69 0.78 0.85 0.86 0.82 0.75 0.65 0.55 0.44 0.33 0.22 0.11 0.00 0.00 0.00 0.00 0.00 0.00 0.00 0.00 0.00 0.00 0.00 0.00 0.00 0.00 0.00 0.00 0.00 0.00 0.00 0.00 0.00 0.00 0.00 0.00 0.00 0.02 0.03 0.04 0.05 0.05 0.05 0.05 0.05 0.04 0.03 0.02 0.01 0.00 0.00 0.00 0.00 0.00 0.00 0.00 0.00 0.00 0.00 0.00 0.00 0.00 0.00 0.00 0.00 0.00 0.00 0.00 0.00 0.00 0.00 0.00 0.00 0.00 0.00 0.00 0.00 0.00
0.25 0.34 0.42 0.51 0.58 0.65 0.72 0.78 0.82 0.81 0.75 0.67 0.58 0.49 0.39 0.29 0.19 0.09 0.00 0.00 0.00 0.00 0.00 0.00 0.00 0.00 0.00 0.00 0.00 0.00 0.00 0.00 0.00 0.00 0.00 0.00 0.00 0.00 0.00 0.00 0.00 0.00 0.00 0.01 0.02 0.03 0.03 0.04 0.04 0.03 0.03 0.03 0.02 0.01 0.00 0.00 0.00 0.00 0.00 0.00 0.00 0.00 0.00 0.00 0.00 0.00 0.00 0.00 0.00 0.00 0.00 0.00 0.00 0.00 0.00 0.00 0.00 0.00 0.00 0.00 0.00 0.00 0.00 0.00
0.37 0.45 0.53 0.60 0.66 0.71 0.75 0.79 0.80 0.77 0.71 0.64 0.56 0.47 0.38 0.29 0.20 0.10 0.01 0.00 0.00 0.00 0.00 0.00 0.00 0.00 0.00 0.00 0.00 0.00 0.00 0.00 0.00 0.00 0.00 0.00 0.00 0.00 0.00 0.00 0.00 0.00 0.00 0.00 0.01 0.02 0.02 0.02 0.02 0.02 0.02 0.01 0.01 0.00 0.00 0.00 0.00 0.00 0.00 0.00 0.00 0.00 0.00 0.00 0.00 0.00 0.00 0.00 0.00 0.00 0.00 0.00 0.00 0.00 0.00 0.00 0.00 0.00 0.00 0.00 0.00 0.00 0.00 0.00
0.50 0.58 0.64 0.70 0.75 0.78 0.81 0.81 0.80 0.76 0.71 0.64 0.57 0.49 0.41 0.32 0.23 0.14 0.05 0.00 0.00 0.00 0.00 0.00 0.00 0.00 0.00 0.00 0.00 0.00 0.00 0.00 0.00 0.00 0.00 0.00 0.00 0.00 0.00 0.00 0.00 0.00 0.00 0.00 0.00 0.01 0.01 0.01 0.01 0.01 0.00 0.00 0.00 0.00 0.00 0.00 0.00 0.00 0.00 0.00 0.00 0.00 0.00 0.00 0.00 0.00 0.00 0.00 0.00 0.00 0.00 0.00 0.00 0.00 0.00 0.00 0.00 0.00 0.00 0.00 0.00 0.00 0.00 0.00
0.65 0.71 0.76 0.81 0.84 0.86 0.86 0.85 0.83 0.79 0.75 0.69 0.62 0.55 0.47 0.39 0.30 0.22 0.13 0.04 0.00 0.00 0.00 0.00 0.00 0.00 0.00 0.00 0.00 0.00 0.00 0.00 0.00 0.00 0.00 0.00 0.00 0.00 0.00 0.00 0.00 0.00 0.00 0.00 0.00 0.00 0.00 0.00 0.00 0.00 0.00 0.00 0.00 0.00 0.00 0.00 0.00 0.00 0.00 0.00 0.00 0.00 0.00 0.00 0.00 0.00 0.00 0.00 0.00 0.00 0.00 0.00 0.00 0.00 0.00 0.00 0.00 0.00 0.00 0.00 0.00 0.00 0.00 0.00
0.78 0.83 0.87 0.90 0.92 0.92 0.90 0.88 0.86 0.83 0.79 0.74 0.68 0.61 0.54 0.46 0.38 0.29 0.21 0.12 0.04 0.00 0.00 0.00 0.00 0.00 0.00 0.00 0.00 0.00 0.00 0.00 0.00 0.00 0.00 0.00 0.00 0.00 0.00 0.00 0.00 0.00 0.00 0.00 0.00 0.00 0.00 0.00 0.00 0.00 0.00 0.00 0.00 0.00 0.00 0.00 0.00 0.00 0.00 0.00 0.00 0.00 0.00 0.00 0.00 0.00 0.00 0.00 0.00 0.00 0.00 0.00 0.00 0.00 0.00 0.00 0.00 0.00 0.00 0.00 0.00 0.00 0.00 0.00
0.89 0.93 0.96 0.98 0.97 0.96 0.93 0.91 0.89 0.86 0.82 0.78 0.72 0.66 0.59 0.52 0.44 0.36 0.28 0.19 0.11 0.04 0.00 0.00 0.00 0.00 0.00 0.00 0.00 0.00 0.00 0.00 0.00 0.00 0.00 0.00 0.00 0.00 0.00 0.00 0.00 0.00 0.00 0.00 0.00 0.00 0.00 0.00 0.00 0.00 0.00 0.00 0.00 0.00 0.00 0.00 0.00 0.00 0.00 0.00 0.00 0.00 0.00 0.00 0.00 0.00 0.00 0.00 0.00 0.00 0.00 0.00 0.00 0.00 0.00 0.00 0.00 0.00 0.01 0.01 0.01 0.01 0.01 0.01
0.98 1.01 1.03 1.03 1.01 0.98 0.96 0.94 0.91 0.88 0.85 0.81 0.76 0.70 0.64 0.57 0.49 0.41 0.33 0.25 0.18 0.10 0.03 0.00 0.00 0.00 0.00 0.00 0.00 0.00 0.00 0.00 0.00 0.00 0.00 0.00 0.00 0.00 0.00 0.00 0.00 0.00 0.00 0.00 0.00 0.00 0.00 0.00 0.00 0.00 0.00 0.00 0.00 0.00 0.00 0.00 0.00 0.00 0.00 0.00 0.00 0.00 0.00 0.00 0.00 0.00 0.00 0.00 0.00 0.00 0.00 0.00 0.00 0.00 0.00 0.00 0.00 0.01 0.01 0.02 0.02 0.02 0.02 0.02
1.05 1.07 1.07 1.05 1.03 1.01 0.99 0.96 0.93 0.90 0.87 0.83 0.78 0.73 0.67 0.60 0.53 0.46 0.38 0.30 0.23 0.16 0.09 0.02 0.00 0.00 0.00 0.00 0.00 0.00 0.00 0.00 0.00 0.00 0.00 0.00 0.00 0.00 0.00 0.00 0.00 0.00 0.00 0.00 0.00 0.00 0.00 0.00 0.00 0.00 0.00 0.00 0.00 0.00 0.00 0.00 0.00 0.00 0.00 0.00 0.00 0.00 0.00 0.00 0.00 0.00 0.00 0.00 0.00 0.00 0.00 0.00 0.00 0.00 0.00 0.00 0.01 0.01 0.02 0.03 0.03 0.03 0.03 0.03
1.10 1.10 1.09 1.07 1.05 1.03 1.01 0.98 0.95 0.92 0.88 0.84 0.80 0.75 0.69 0.63 0.57 0.49 0.42 0.35 0.27 0.20 0.13 0.07 0.01 0.00 0.00 0.00 0.00 0.00 0.00 0.00 0.00 0.00 0.00 0.00 0.00 0.00 0.00 0.00 0.00 0.00 0.00 0.00 0.00 0.00 0.00 0.00 0.00 0.00 0.00 0.00 0.00 0.00 0.00 0.00 0.00 0.00 0.00 0.00 0.00 0.00 0.00 0.00 0.00 0.00 0.00 0.00 0.00 0.00 0.00 0.00 0.00 0.00 0.00 0.01 0.02 0.02 0.03 0.04 0.04 0.05 0.05 0.04
