data_processed/recharge/precip/Precip_2010_07.asc
ncols        168
nrows        136
xllcorner    455000
yllcorner    2107000
cellsize     500
NODATA_value     -99999
[rows 32 to 63 of 136, columns 71 to 141 of 168]
305.39 301.93 298.33 294.75 290.99 286.75 281.91 276.53 270.68 264.42 257.81 250.93 243.84 236.61 229.30 221.98 214.72 207.58 200.63 193.93 187.56 181.57 176.03 171.02 166.60 162.82 159.77 157.60 156.46 155.46 154.19 152.93 151.71 150.53 149.39 148.26 147.15 146.05 144.95 143.84 142.71 141.56 140.38 139.16 137.89 136.56 135.17 133.71 132.17 130.54 128.82 126.99 125.00 122.49 119.45 116.69 114.78 113.92 114.05 115.10 117.00 119.69 123.09 127.14 131.77 136.91 142.49 148.44 154.70 161.20 167.87
300.53 296.75 293.05 289.37 285.62 281.70 277.32 272.38 266.94 261.06 254.80 248.24 241.44 234.47 227.39 220.27 213.18 206.17 199.33 192.71 186.38 180.41 174.87 169.81 165.31 161.44 158.35 156.31 155.30 154.40 153.08 151.53 150.02 148.58 147.22 145.92 144.67 143.48 142.32 141.19 140.09 139.01 137.93 136.85 135.77 134.67 133.55 132.39 131.20 129.96 128.67 127.26 125.39 122.72 119.50 116.44 113.82 112.07 111.37 111.66 112.88 114.96 117.83 121.43 125.68 130.51 135.87 141.67 147.85 154.35 161.09
295.24 291.38 287.61 283.85 280.03 276.14 272.09 267.62 262.62 257.15 251.28 245.07 238.60 231.92 225.10 218.21 211.32 204.49 197.79 191.28 185.04 179.12 173.59 168.53 163.99 160.15 157.25 155.41 154.52 153.74 152.55 150.96 149.20 147.51 145.93 144.45 143.07 141.78 140.56 139.42 138.35 137.33 136.36 135.43 134.53 133.66 132.80 131.96 131.11 130.26 129.35 128.04 125.99 123.15 119.77 116.54 113.63 111.18 109.61 109.09 109.58 111.01 113.30 116.39 120.21 124.69 129.77 135.37 141.42 147.86 154.62
289.77 285.88 282.04 278.21 274.33 270.39 266.39 262.25 257.72 252.70 247.25 241.43 235.31 228.96 222.44 215.82 209.17 202.54 196.02 189.66 183.53 177.69 172.22 167.19 162.74 159.16 156.53 154.87 154.11 153.43 152.36 150.92 149.15 147.25 145.45 143.80 142.28 140.89 139.62 138.47 137.41 136.46 135.60 134.81 134.10 133.46 132.87 132.34 131.84 131.33 130.49 128.99 126.76 123.75 120.23 116.85 113.77 111.03 108.78 107.43 107.14 107.86 109.52 112.05 115.39 119.47 124.22 129.56 135.44 141.78 148.51
284.17 280.24 276.35 272.47 268.53 264.55 260.53 256.46 252.28 247.73 242.73 237.34 231.61 225.62 219.43 213.11 206.73 200.34 194.03 187.85 181.87 176.15 170.78 165.90 161.79 158.54 156.16 154.68 154.02 153.44 152.49 151.19 149.57 147.69 145.72 143.89 142.24 140.75 139.43 138.26 137.23 136.35 135.59 134.95 134.43 134.01 133.69 133.47 133.27 132.81 131.77 130.07 127.67 124.52 120.87 117.36 114.13 111.22 108.69 106.68 105.57 105.53 106.51 108.44 111.25 114.87 119.24 124.28 129.93 136.11 142.77
278.45 274.50 270.57 266.63 262.66 258.65 254.61 250.54 246.45 242.26 237.74 232.80 227.50 221.90 216.08 210.09 204.01 197.91 191.84 185.87 180.07 174.52 169.37 164.88 161.17 158.24 156.11 154.80 154.23 153.74 152.90 151.73 150.28 148.56 146.64 144.67 142.89 141.31 139.93 138.74 137.74 136.92 136.27 135.78 135.45 135.26 135.21 135.24 135.07 134.40 133.15 131.27 128.71 125.44 121.68 118.04 114.68 111.63 108.93 106.64 104.89 104.06 104.31 105.58 107.81 110.93 114.87 119.55 124.92 130.90 137.43
272.64 268.67 264.71 260.73 256.72 252.70 248.65 244.59 240.52 236.44 232.28 227.83 222.99 217.82 212.40 206.78 201.04 195.24 189.45 183.73 178.16 172.89 168.20 164.19 160.87 158.25 156.35 155.20 154.72 154.30 153.56 152.52 151.21 149.68 147.94 146.04 144.16 142.48 141.05 139.85 138.88 138.12 137.58 137.24 137.09 137.13 137.31 137.34 136.94 136.05 134.60 132.56 129.86 126.48 122.62 118.89 115.41 112.22 109.39 106.93 104.91 103.46 102.94 103.51 105.11 107.67 111.13 115.41 120.45 126.17 132.52
266.74 262.78 258.79 254.78 250.75 246.71 242.67 238.63 234.59 230.55 226.53 222.45 218.09 213.39 208.40 203.19 197.83 192.37 186.89 181.46 176.24 171.50 167.35 163.79 160.85 158.53 156.87 155.86 155.46 155.11 154.45 153.53 152.36 150.99 149.44 147.75 145.96 144.23 142.74 141.53 140.58 139.89 139.45 139.26 139.30 139.53 139.67 139.47 138.84 137.74 136.12 133.92 131.11 127.63 123.70 119.88 116.29 113.00 110.03 107.44 105.26 103.54 102.42 102.24 103.16 105.12 108.04 111.87 116.53 121.95 128.07
260.79 256.83 252.83 248.79 244.75 240.72 236.69 232.67 228.67 224.70 220.74 216.80 212.84 208.63 204.11 199.33 194.37 189.30 184.17 179.16 174.53 170.40 166.77 163.66 161.09 159.07 157.62 156.75 156.42 156.12 155.55 154.73 153.69 152.47 151.11 149.62 148.05 146.44 144.93 143.70 142.78 142.16 141.83 141.78 141.97 142.14 142.04 141.59 140.75 139.46 137.68 135.35 132.43 128.88 124.89 120.99 117.33 113.93 110.86 108.14 105.82 103.94 102.56 101.80 102.00 103.30 105.64 108.96 113.19 118.27 124.17
254.79 250.85 246.85 242.80 238.75 234.72 230.72 226.74 222.80 218.88 215.00 211.16 207.36 203.55 199.52 195.22 190.70 186.04 181.40 177.05 173.10 169.56 166.44 163.77 161.56 159.82 158.58 157.84 157.57 157.32 156.81 156.09 155.17 154.10 152.90 151.61 150.26 148.89 147.52 146.32 145.42 144.87 144.64 144.71 144.82 144.73 144.37 143.70 142.65 141.19 139.26 136.82 133.81 130.20 126.16 122.22 118.49 115.01 111.84 109.01 106.57 104.56 103.02 102.01 101.64 102.24 103.96 106.72 110.47 115.21 120.99
248.77 244.86 240.86 236.80 232.76 228.76 224.79 220.86 216.97 213.13 209.33 205.59 201.91 198.29 194.67 190.87 186.83 182.71 178.80 175.19 171.90 168.94 166.34 164.09 162.24 160.77 159.73 159.11 158.88 158.67 158.23 157.59 156.78 155.85 154.81 153.71 152.57 151.43 150.32 149.28 148.44 147.95 147.80 147.76 147.60 147.24 146.65 145.76 144.53 142.91 140.85 138.31 135.24 131.58 127.52 123.54 119.75 116.22 112.96 110.04 107.50 105.37 103.70 102.53 101.91 101.96 103.01 105.17 108.47 112.97 118.59
242.75 238.87 234.89 230.84 226.81 222.83 218.91 215.03 211.21 207.45 203.76 200.13 196.57 193.08 189.67 186.29 182.86 179.55 176.44 173.56 170.92 168.54 166.43 164.61 163.09 161.89 161.03 160.52 160.34 160.15 159.76 159.20 158.49 157.68 156.80 155.87 154.93 154.02 153.16 152.39 151.74 151.32 151.04 150.71 150.27 149.66 148.84 147.76 146.36 144.60 142.44 139.81 136.68 133.00 128.93 124.93 121.11 117.53 114.21 111.22 108.58 106.35 104.56 103.26 102.50 102.31 102.82 104.42 107.37 111.60 116.99
236.74 232.91 228.95 224.91 220.91 216.97 213.10 209.29 205.55 201.88 198.29 194.78 191.36 188.02 184.77 181.73 179.05 176.60 174.29 172.13 170.13 168.31 166.69 165.27 164.09 163.15 162.46 162.06 161.90 161.73 161.38 160.89 160.27 159.58 158.84 158.07 157.33 156.63 156.01 155.51 155.12 154.70 154.14 153.52 152.82 151.98 150.95 149.68 148.14 146.26 144.00 141.31 138.14 134.45 130.38 126.38 122.55 118.93 115.57 112.52 109.81 107.49 105.60 104.18 103.29 102.96 103.32 104.65 107.24 111.13 116.20
230.76 226.98 223.06 219.05 215.08 211.19 207.38 203.64 199.99 196.43 192.95 189.57 186.29 183.11 180.15 177.61 175.54 173.84 172.32 170.86 169.50 168.23 167.09 166.07 165.21 164.51 164.00 163.68 163.55 163.38 163.07 162.63 162.10 161.51 160.90 160.30 159.73 159.24 158.85 158.58 158.27 157.76 157.04 156.17 155.22 154.16 152.94 151.52 149.84 147.85 145.51 142.78 139.59 135.90 131.86 127.87 124.04 120.41 117.02 113.92 111.16 108.77 106.79 105.28 104.28 103.91 104.40 105.78 108.10 111.58 116.23
224.83 221.12 217.24 213.26 209.34 205.51 201.76 198.11 194.56 191.11 187.76 184.52 181.39 178.49 176.03 174.05 172.51 171.36 170.50 169.74 169.00 168.28 167.60 166.98 166.43 165.97 165.61 165.37 165.25 165.08 164.79 164.40 163.94 163.45 162.96 162.50 162.11 161.82 161.63 161.41 161.02 160.43 159.63 158.63 157.47 156.20 154.81 153.24 151.44 149.37 146.97 144.20 141.01 137.35 133.35 129.39 125.57 121.94 118.54 115.42 112.61 110.17 108.13 106.54 105.53 105.34 106.00 107.50 109.79 112.93 117.10
218.98 215.33 211.51 207.57 203.70 199.94 196.27 192.72 189.28 185.95 182.73 179.64 176.79 174.39 172.49 171.04 169.99 169.29 168.91 168.74 168.60 168.42 168.20 167.96 167.71 167.48 167.27 167.10 166.98 166.80 166.52 166.17 165.77 165.37 164.99 164.67 164.44 164.32 164.17 163.86 163.38 162.71 161.85 160.78 159.51 158.08 156.53 154.83 152.94 150.79 148.35 145.56 142.38 138.76 134.82 130.91 127.12 123.51 120.12 116.99 114.16 111.68 109.59 108.04 107.25 107.28 108.11 109.70 112.02 115.05 118.82
213.20 209.64 205.88 202.00 198.19 194.50 190.93 187.48 184.15 180.95 177.89 175.07 172.72 170.88 169.50 168.54 167.95 167.68 167.68 167.92 168.29 168.63 168.85 168.98 169.03 169.01 168.95 168.84 168.71 168.51 168.23 167.91 167.56 167.24 166.97 166.78 166.68 166.57 166.32 165.92 165.35 164.62 163.70 162.59 161.28 159.77 158.10 156.28 154.30 152.10 149.63 146.85 143.70 140.13 136.27 132.42 128.68 125.11 121.74 118.62 115.78 113.28 111.26 109.97 109.46 109.71 110.68 112.35 114.69 117.66 121.23
207.54 204.07 200.38 196.56 192.83 189.22 185.75 182.41 179.21 176.16 173.36 171.04 169.25 167.93 167.05 166.54 166.37 166.49 166.85 167.41 168.11 168.88 169.54 170.03 170.37 170.55 170.61 170.56 170.41 170.18 169.90 169.59 169.29 169.04 168.86 168.76 168.67 168.45 168.11 167.61 166.97 166.17 165.20 164.05 162.72 161.19 159.47 157.57 155.53 153.29 150.81 148.04 144.93 141.44 137.67 133.90 130.23 126.71 123.38 120.28 117.46 115.06 113.35 112.39 112.15 112.59 113.70 115.43 117.76 120.65 124.08
202.00 198.63 195.02 191.27 187.63 184.12 180.75 177.54 174.48 171.69 169.39 167.63 166.36 165.53 165.10 165.02 165.24 165.72 166.40 167.24 168.20 169.23 170.24 171.08 171.68 172.07 172.25 172.24 172.06 171.79 171.49 171.19 170.93 170.73 170.62 170.50 170.30 169.97 169.53 168.96 168.24 167.38 166.37 165.19 163.84 162.31 160.59 158.67 156.58 154.32 151.85 149.12 146.07 142.68 139.00 135.33 131.75 128.30 125.02 121.97 119.29 117.25 115.92 115.27 115.28 115.90 117.12 118.89 121.20 124.00 127.27
196.60 193.34 189.83 186.16 182.60 179.20 175.96 172.88 170.08 167.78 166.04 164.80 164.02 163.65 163.64 163.95 164.53 165.32 166.30 167.40 168.57 169.79 170.99 172.09 172.96 173.53 173.82 173.84 173.63 173.31 172.98 172.68 172.44 172.28 172.12 171.89 171.57 171.15 170.62 169.97 169.19 168.28 167.23 166.02 164.66 163.13 161.42 159.54 157.46 155.20 152.75 150.07 147.10 143.81 140.26 136.71 133.22 129.86 126.66 123.78 121.50 119.89 118.93 118.58 118.82 119.61 120.91 122.72 124.98 127.67 130.76
191.36 188.23 184.81 181.24 177.78 174.49 171.38 168.56 166.26 164.52 163.30 162.55 162.22 162.27 162.65 163.31 164.21 165.29 166.52 167.84 169.21 170.57 171.89 173.11 174.17 174.91 175.30 175.35 175.09 174.71 174.34 174.03 173.79 173.57 173.29 172.94 172.51 172.00 171.38 170.66 169.83 168.87 167.79 166.57 165.20 163.68 162.00 160.14 158.11 155.89 153.48 150.87 148.00 144.83 141.43 138.00 134.63 131.38 128.39 125.96 124.16 122.97 122.36 122.29 122.74 123.67 125.05 126.86 129.06 131.63 134.52
186.30 183.30 180.00 176.52 173.17 170.02 167.16 164.83 163.08 161.86 161.13 160.84 160.93 161.37 162.10 163.08 164.27 165.61 167.05 168.56 170.08 171.56 172.96 174.24 175.34 176.19 176.67 176.73 176.41 175.96 175.55 175.21 174.89 174.54 174.13 173.67 173.14 172.53 171.84 171.06 170.18 169.18 168.08 166.85 165.48 163.97 162.32 160.50 158.52 156.37 154.03 151.50 148.75 145.72 142.47 139.20 135.97 132.96 130.46 128.56 127.24 126.45 126.16 126.36 127.00 128.06 129.50 131.30 133.43 135.85 138.53
181.50 178.58 175.40 172.03 168.81 165.90 163.54 161.76 160.53 159.80 159.53 159.65 160.13 160.92 161.97 163.24 164.68 166.24 167.87 169.52 171.16 172.73 174.19 175.48 176.56 177.39 177.89 177.95 177.57 177.04 176.56 176.12 175.67 175.18 174.66 174.09 173.46 172.77 172.01 171.18 170.25 169.23 168.11 166.87 165.51 164.03 162.41 160.64 158.72 156.64 154.39 151.96 149.34 146.47 143.39 140.28 137.34 134.87 132.96 131.58 130.70 130.29 130.32 130.76 131.58 132.75 134.24 136.01 138.04 140.29 142.74
177.27 174.15 171.03 167.79 164.82 162.40 160.59 159.33 158.59 158.32 158.46 158.97 159.80 160.91 162.25 163.77 165.42 167.16 168.95 170.72 172.44 174.06 175.53 176.81 177.84 178.59 178.99 178.99 178.53 177.91 177.32 176.73 176.13 175.52 174.89 174.21 173.50 172.74 171.92 171.03 170.07 169.03 167.89 166.66 165.32 163.86 162.28 160.57 158.72 156.72 154.56 152.24 149.75 147.05 144.17 141.37 139.02 137.18 135.84 134.96 134.51 134.47 134.80 135.47 136.45 137.70 139.21 140.94 142.86 144.93 147.14
173.88 170.33 166.98 163.90 161.42 159.55 158.26 157.50 157.21 157.35 157.88 158.74 159.89 161.29 162.88 164.62 166.46 168.35 170.25 172.11 173.88 175.52 176.97 178.20 179.15 179.78 180.03 179.87 179.28 178.52 177.77 177.04 176.31 175.58 174.84 174.07 173.28 172.45 171.58 170.65 169.66 168.60 167.46 166.24 164.92 163.50 161.97 160.31 158.54 156.62 154.57 152.36 149.99 147.45 144.90 142.74 141.07 139.85 139.06 138.66 138.63 138.93 139.54 140.42 141.54 142.88 144.39 146.06 147.85 149.72 151.66
171.32 167.31 163.34 159.87 157.81 156.50 155.72 155.44 155.61 156.17 157.08 158.30 159.77 161.45 163.29 165.25 167.27 169.32 171.33 173.28 175.10 176.75 178.19 179.36 180.23 180.74 180.84 180.51 179.82 178.95 178.05 177.17 176.31 175.46 174.61 173.75 172.88 171.98 171.05 170.08 169.06 167.99 166.85 165.63 164.34 162.95 161.47 159.88 158.17 156.35 154.39 152.29 150.05 147.64 145.40 143.91 142.91 142.30 142.05 142.13 142.50 143.14 144.01 145.09 146.35 147.74 149.26 150.85 152.50 154.16 155.82
169.43 164.83 159.91 155.43 152.99 152.12 151.91 152.16 152.82 153.85 155.19 156.80 158.63 160.64 162.78 165.00 167.25 169.49 171.67 173.74 175.65 177.37 178.83 180.00 180.83 181.26 181.27 180.88 180.19 179.31 178.30 177.28 176.27 175.30 174.33 173.37 172.41 171.43 170.44 169.42 168.36 167.26 166.11 164.90 163.61 162.25 160.81 159.27 157.63 155.89 154.02 152.03 149.88 147.54 145.40 144.23 143.83 143.83 144.12 144.66 145.43 146.40 147.54 148.82 150.20 151.66 153.16 154.68 156.18 157.64 159.02
167.98 162.49 156.57 151.12 147.76 146.57 146.82 147.65 148.86 150.40 152.22 154.27 156.52 158.91 161.39 163.92 166.45 168.93 171.32 173.56 175.62 177.45 178.99 180.20 181.03 181.45 181.44 181.07 180.40 179.54 178.52 177.39 176.24 175.12 174.03 172.96 171.90 170.84 169.77 168.69 167.59 166.45 165.27 164.05 162.77 161.43 160.02 158.52 156.94 155.26 153.47 151.55 149.46 147.18 145.11 144.00 143.88 144.42 145.24 146.25 147.42 148.72 150.13 151.60 153.10 154.62 156.11 157.55 158.91 160.15 161.25
166.59 160.16 153.33 146.99 142.76 140.75 140.75 142.06 143.86 145.96 148.30 150.85 153.56 156.37 159.25 162.13 164.99 167.76 170.41 172.88 175.13 177.11 178.78 180.08 180.97 181.41 181.44 181.10 180.46 179.61 178.62 177.48 176.22 174.96 173.74 172.55 171.37 170.22 169.07 167.92 166.75 165.57 164.37 163.12 161.84 160.50 159.11 157.65 156.11 154.48 152.75 150.86 148.81 146.58 144.57 143.51 143.44 144.20 145.49 146.97 148.54 150.17 151.83 153.50 155.13 156.70 158.18 159.54 160.75 161.78 162.59
165.13 157.85 150.20 143.07 138.04 135.25 134.51 135.63 137.94 140.65 143.57 146.66 149.87 153.16 156.48 159.77 163.00 166.12 169.07 171.82 174.31 176.49 178.33 179.77 180.73 181.21 181.28 180.97 180.36 179.55 178.58 177.46 176.20 174.84 173.47 172.15 170.86 169.59 168.35 167.12 165.89 164.65 163.41 162.14 160.84 159.50 158.11 156.67 155.17 153.58 151.85 149.97 147.94 145.77 143.82 142.80 142.75 143.53 145.01 146.90 148.86 150.82 152.74 154.59 156.35 157.97 159.44 160.72 161.78 162.59 163.12
163.60 155.56 147.18 139.34 133.62 130.13 128.71 129.19 131.36 134.60 138.15 141.83 145.60 149.41 153.21 156.97 160.62 164.12 167.43 170.50 173.28 175.72 177.77 179.32 180.33 180.86 180.97 180.70 180.13 179.35 178.41 177.32 176.08 174.72 173.26 171.79 170.37 168.99 167.65 166.33 165.02 163.72 162.42 161.11 159.78 158.43 157.05 155.62 154.12 152.51 150.77 148.90 146.90 144.78 142.88 141.90 141.87 142.64 144.12 146.14 148.45 150.73 152.91 154.95 156.83 158.51 159.96 161.16 162.06 162.65 162.89
162.02 153.30 144.29 135.83 129.50 125.41 123.38 123.27 124.89 128.06 132.16 136.48 140.85 145.24 149.58 153.84 157.96 161.90 165.62 169.05 172.17 174.90 177.10 178.72 179.79 180.37 180.52 180.30 179.77 179.03 178.12 177.06 175.86 174.52 173.06 171.50 169.94 168.44 166.98 165.56 164.16 162.79 161.43 160.07 158.71 157.34 155.94 154.50 152.96 151.31 149.55 147.68 145.70 143.63 141.78 140.84 140.82 141.59 143.03 145.02 147.43 149.99 152.42 154.65 156.65 158.38 159.81 160.92 161.67 162.04 161.99
