data_processed/recharge/precip/Precip_2011_07.asc
ncols        168
nrows        136
xllcorner    455000
yllcorner    2107000
cellsize     500
NODATA_value     -99999
[rows 0 to 31 of 136, columns 71 to 141 of 168]
247.93 250.36 253.10 256.07 259.16 262.08 264.43 266.12 267.15 267.53 267.28 266.40 264.90 262.79 260.09 256.80 252.93 248.50 243.51 237.97 231.90 225.29 218.17 210.55 202.42 193.68 184.15 173.91 164.35 156.94 151.66 147.78 144.88 142.85 141.64 141.16 141.36 142.16 143.50 145.30 147.49 150.01 152.79 155.76 158.85 161.99 165.11 168.15 171.03 173.68 175.98 177.59 178.26 178.17 177.94 177.72 177.57 177.54 177.62 177.82 178.11 178.49 178.96 179.49 180.10 180.75 181.46 182.20 182.97 183.76 184.57
248.45 250.76 253.44 256.32 259.12 261.39 263.05 264.11 264.58 264.46 263.77 262.51 260.70 258.35 255.46 252.05 248.12 243.69 238.77 233.37 227.48 221.14 214.34 207.10 199.42 191.32 182.68 173.41 164.85 158.33 153.25 149.20 146.08 143.83 142.37 141.64 141.57 142.08 143.12 144.61 146.48 148.67 151.09 153.70 156.41 159.15 161.87 164.49 166.93 169.14 171.04 172.50 173.21 173.18 173.03 172.94 172.97 173.12 173.38 173.75 174.21 174.76 175.38 176.07 176.82 177.62 178.46 179.34 180.24 181.16 182.08
248.61 250.69 253.27 255.86 257.99 259.57 260.60 261.08 261.03 260.47 259.39 257.81 255.75 253.20 250.18 246.70 242.77 238.40 233.60 228.38 222.75 216.71 210.29 203.49 196.31 188.77 180.88 172.61 164.98 158.74 153.58 149.40 146.15 143.75 142.13 141.22 140.96 141.27 142.09 143.35 144.97 146.89 149.05 151.37 153.78 156.21 158.60 160.87 162.96 164.80 166.31 167.44 168.05 168.10 168.09 168.21 168.45 168.81 169.27 169.83 170.48 171.21 172.02 172.89 173.81 174.77 175.78 176.81 177.87 178.93 180.00
248.58 250.32 252.55 254.50 255.92 256.84 257.28 257.24 256.73 255.77 254.36 252.51 250.23 247.54 244.44 240.94 237.05 232.79 228.16 223.17 217.84 212.16 206.16 199.85 193.22 186.30 179.09 171.56 164.28 158.03 152.83 148.61 145.29 142.81 141.09 140.08 139.70 139.88 140.55 141.64 143.09 144.83 146.78 148.88 151.06 153.25 155.38 157.38 159.18 160.72 161.93 162.73 163.06 163.14 163.35 163.70 164.17 164.76 165.44 166.22 167.08 168.02 169.02 170.08 171.20 172.35 173.54 174.75 175.97 177.21 178.44
248.41 249.80 251.59 252.97 253.72 254.02 253.90 253.36 252.42 251.08 249.36 247.27 244.81 241.99 238.84 235.35 231.53 227.40 222.97 218.24 213.23 207.94 202.39 196.59 190.54 184.26 177.66 170.49 163.36 157.15 151.94 147.70 144.35 141.82 140.04 138.95 138.48 138.56 139.11 140.08 141.38 142.96 144.74 146.66 148.64 150.61 152.52 154.28 155.83 157.10 158.02 158.54 158.66 158.63 158.97 159.55 160.25 161.06 161.97 162.97 164.04 165.19 166.40 167.66 168.97 170.32 171.69 173.08 174.48 175.88 177.28
248.09 249.12 250.51 251.47 251.72 251.43 250.76 249.74 248.38 246.69 244.68 242.36 239.73 236.82 233.62 230.16 226.43 222.45 218.23 213.78 209.11 204.23 199.14 193.87 188.41 182.70 176.43 169.46 162.52 156.44 151.26 147.01 143.64 141.08 139.25 138.11 137.56 137.55 138.00 138.85 140.03 141.46 143.09 144.83 146.63 148.41 150.10 151.64 152.95 153.97 154.63 154.95 154.94 154.81 155.07 155.77 156.70 157.74 158.86 160.08 161.36 162.72 164.13 165.59 167.09 168.62 170.17 171.74 173.32 174.89 176.45
247.60 248.27 249.28 249.88 249.77 249.05 247.87 246.39 244.62 242.59 240.31 237.77 235.00 232.00 228.78 225.36 221.74 217.92 213.94 209.78 205.47 201.01 196.41 191.68 186.75 181.33 175.24 168.45 161.71 155.79 150.72 146.50 143.13 140.55 138.69 137.50 136.89 136.81 137.18 137.93 138.99 140.30 141.78 143.37 144.99 146.59 148.08 149.41 150.50 151.29 151.78 151.99 151.89 151.65 151.82 152.46 153.51 154.76 156.11 157.53 159.03 160.58 162.19 163.85 165.54 167.25 168.99 170.73 172.47 174.21 175.93
246.93 247.27 247.92 248.17 247.76 246.74 245.19 243.28 241.13 238.78 236.24 233.51 230.60 227.53 224.31 220.94 217.44 213.82 210.08 206.23 202.29 198.27 194.17 189.93 185.26 179.99 174.06 167.47 160.92 155.18 150.25 146.12 142.77 140.19 138.32 137.09 136.44 136.30 136.59 137.26 138.22 139.42 140.77 142.22 143.69 145.12 146.43 147.56 148.45 149.09 149.49 149.62 149.43 149.11 149.20 149.76 150.77 152.14 153.69 155.33 157.03 158.79 160.59 162.44 164.31 166.21 168.12 170.03 171.94 173.84 175.71
246.09 246.13 246.43 246.37 245.66 244.39 242.61 240.39 237.90 235.24 232.45 229.55 226.53 223.41 220.20 216.91 213.55 210.12 206.65 203.13 199.58 196.01 192.36 188.34 183.79 178.66 172.90 166.51 160.16 154.59 149.81 145.80 142.52 139.96 138.08 136.84 136.16 135.98 136.22 136.81 137.69 138.78 140.03 141.35 142.68 143.95 145.10 146.06 146.82 147.38 147.72 147.79 147.53 147.14 147.16 147.66 148.60 149.95 151.62 153.46 155.36 157.31 159.31 161.34 163.40 165.47 167.56 169.64 171.71 173.77 175.80
245.10 244.85 244.84 244.47 243.50 242.00 240.02 237.63 234.90 231.97 228.96 225.89 222.77 219.62 216.44 213.24 210.03 206.83 203.63 200.46 197.32 194.15 190.69 186.77 182.34 177.35 171.76 165.56 159.41 154.02 149.39 145.50 142.31 139.81 137.96 136.71 136.02 135.80 136.00 136.54 137.34 138.36 139.50 140.71 141.92 143.06 144.06 144.91 145.62 146.14 146.43 146.44 146.13 145.69 145.65 146.10 146.99 148.29 149.96 151.91 154.01 156.16 158.34 160.56 162.80 165.05 167.30 169.55 171.78 173.99 176.17
243.95 243.44 243.14 242.49 241.28 239.57 237.42 234.88 232.03 228.94 225.74 222.52 219.33 216.16 213.02 209.93 206.90 203.93 201.03 198.22 195.44 192.43 189.03 185.20 180.88 176.04 170.62 164.63 158.68 153.46 148.99 145.22 142.14 139.70 137.89 136.66 135.96 135.74 135.90 136.40 137.15 138.09 139.16 140.27 141.37 142.39 143.31 144.13 144.80 145.30 145.55 145.53 145.18 144.69 144.62 145.03 145.89 147.16 148.80 150.76 152.98 155.31 157.68 160.08 162.49 164.91 167.33 169.74 172.13 174.50 176.82
242.66 241.91 241.34 240.44 239.02 237.12 234.81 232.16 229.22 226.07 222.77 219.44 216.18 213.01 209.94 206.97 204.13 201.41 198.83 196.33 193.68 190.71 187.38 183.63 179.43 174.73 169.49 163.70 157.97 152.93 148.60 144.96 141.98 139.62 137.85 136.64 135.96 135.73 135.89 136.36 137.07 137.96 138.95 139.99 140.99 141.95 142.86 143.66 144.33 144.80 145.04 145.00 144.62 144.11 144.01 144.41 145.25 146.50 148.12 150.07 152.31 154.77 157.32 159.89 162.48 165.07 167.65 170.22 172.77 175.28 177.67
241.24 240.27 239.46 238.33 236.71 234.64 232.21 229.46 226.46 223.28 219.98 216.62 213.33 210.17 207.18 204.36 201.72 199.27 196.96 194.56 191.92 188.98 185.71 182.06 177.98 173.43 168.37 162.79 157.26 152.40 148.23 144.72 141.84 139.56 137.84 136.65 135.97 135.75 135.91 136.37 137.05 137.90 138.84 139.82 140.79 141.75 142.66 143.47 144.14 144.61 144.85 144.79 144.41 143.89 143.78 144.17 145.01 146.26 147.89 149.84 152.08 154.57 157.24 159.99 162.75 165.50 168.25 170.97 173.66 176.24 178.54
239.69 238.53 237.50 236.16 234.36 232.16 229.62 226.80 223.77 220.58 217.31 214.01 210.75 207.64 204.74 202.08 199.66 197.44 195.19 192.78 190.15 187.25 184.04 180.48 176.53 172.13 167.25 161.87 156.55 151.88 147.87 144.50 141.72 139.51 137.84 136.68 136.00 135.77 135.93 136.39 137.07 137.89 138.80 139.76 140.75 141.74 142.67 143.50 144.18 144.67 144.91 144.87 144.49 143.98 143.88 144.27 145.13 146.39 148.03 150.00 152.27 154.78 157.50 160.37 163.29 166.21 169.11 171.98 174.74 177.22 179.40
238.03 236.70 235.47 233.95 232.00 229.68 227.06 224.19 221.14 217.97 214.75 211.53 208.39 205.38 202.61 200.12 197.89 195.70 193.41 190.98 188.36 185.50 182.36 178.90 175.07 170.83 166.13 160.96 155.85 151.37 147.52 144.28 141.61 139.48 137.87 136.73 136.05 135.79 135.92 136.38 137.06 137.88 138.80 139.80 140.84 141.86 142.83 143.69 144.40 144.92 145.19 145.17 144.82 144.32 144.24 144.66 145.54 146.84 148.51 150.51 152.81 155.36 158.12 161.06 164.10 167.18 170.23 173.16 175.82 178.17 180.23
236.27 234.78 233.38 231.70 229.62 227.21 224.53 221.63 218.59 215.46 212.31 209.21 206.21 203.37 200.77 198.43 196.20 193.94 191.61 189.16 186.55 183.73 180.66 177.30 173.60 169.51 165.00 160.05 155.15 150.86 147.18 144.07 141.51 139.46 137.90 136.80 136.12 135.84 135.92 136.33 137.01 137.86 138.84 139.90 140.99 142.07 143.08 144.00 144.76 145.32 145.63 145.65 145.33 144.87 144.83 145.28 146.20 147.54 149.26 151.32 153.67 156.27 159.09 162.08 165.20 168.39 171.51 174.34 176.85 179.07 181.01
234.40 232.80 231.24 229.42 227.24 224.76 222.03 219.14 216.12 213.06 210.01 207.04 204.20 201.57 199.15 196.81 194.48 192.15 189.78 187.31 184.72 181.94 178.95 175.69 172.11 168.19 163.86 159.13 154.45 150.35 146.83 143.86 141.41 139.45 137.95 136.88 136.20 135.90 135.93 136.27 136.91 137.81 138.86 140.00 141.16 142.30 143.39 144.37 145.19 145.80 146.17 146.25 145.98 145.57 145.58 146.09 147.07 148.46 150.24 152.36 154.78 157.45 160.34 163.40 166.60 169.79 172.77 175.45 177.82 179.92 181.75
232.45 230.74 229.05 227.12 224.86 222.33 219.59 216.72 213.76 210.78 207.85 205.04 202.39 199.93 197.53 195.13 192.73 190.33 187.92 185.44 182.86 180.13 177.21 174.05 170.62 166.85 162.72 158.20 153.74 149.83 146.48 143.65 141.32 139.44 138.00 136.96 136.30 135.97 135.96 136.24 136.83 137.71 138.83 140.04 141.29 142.52 143.69 144.74 145.64 146.33 146.77 146.91 146.71 146.37 146.44 147.02 148.07 149.55 151.40 153.60 156.10 158.85 161.83 164.98 168.16 171.18 173.96 176.48 178.72 180.70 182.43
230.42 228.63 226.84 224.81 222.49 219.94 217.21 214.38 211.50 208.63 205.85 203.21 200.72 198.29 195.85 193.39 190.93 188.47 186.02 183.54 180.98 178.30 175.45 172.40 169.10 165.50 161.55 157.25 153.02 149.31 146.13 143.44 141.22 139.44 138.06 137.06 136.40 136.06 136.01 136.26 136.80 137.62 138.70 139.99 141.34 142.67 143.93 145.08 146.07 146.85 147.37 147.60 147.48 147.21 147.37 148.04 149.17 150.73 152.68 154.97 157.57 160.42 163.49 166.65 169.66 172.48 175.07 177.43 179.54 181.41 183.04
228.31 226.47 224.59 222.50 220.15 217.59 214.90 212.13 209.35 206.62 204.00 201.52 199.07 196.60 194.10 191.60 189.09 186.58 184.09 181.60 179.06 176.43 173.67 170.72 167.56 164.12 160.37 156.30 152.28 148.77 145.76 143.22 141.12 139.43 138.12 137.16 136.51 136.16 136.10 136.32 136.81 137.56 138.57 139.83 141.25 142.69 144.07 145.32 146.42 147.30 147.93 148.25 148.23 148.06 148.31 149.08 150.32 151.98 154.03 156.43 159.14 162.10 165.19 168.18 170.99 173.62 176.05 178.27 180.27 182.03 183.57
226.15 224.27 222.34 220.20 217.83 215.30 212.66 209.98 207.32 204.75 202.28 199.84 197.35 194.84 192.31 189.76 187.22 184.67 182.14 179.63 177.11 174.53 171.85 169.02 165.99 162.72 159.17 155.32 151.53 148.23 145.39 143.00 141.02 139.42 138.18 137.25 136.62 136.28 136.20 136.39 136.84 137.53 138.46 139.63 141.02 142.54 144.04 145.42 146.64 147.64 148.38 148.82 148.91 148.85 149.21 150.09 151.45 153.23 155.41 157.93 160.76 163.75 166.67 169.46 172.09 174.56 176.85 178.96 180.86 182.55 184.01
223.93 222.05 220.07 217.91 215.56 213.07 210.51 207.94 205.43 203.00 200.57 198.10 195.59 193.05 190.49 187.91 185.33 182.75 180.18 177.64 175.12 172.60 170.00 167.28 164.39 161.30 157.95 154.32 150.76 147.66 145.00 142.76 140.90 139.40 138.23 137.34 136.74 136.39 136.31 136.47 136.87 137.51 138.37 139.45 140.73 142.21 143.80 145.32 146.67 147.81 148.68 149.25 149.47 149.53 150.02 151.03 152.52 154.44 156.75 159.40 162.27 165.10 167.83 170.43 172.91 175.25 177.43 179.44 181.27 182.91 184.34
221.66 219.80 217.81 215.65 213.33 210.91 208.45 206.02 203.64 201.25 198.81 196.32 193.79 191.23 188.64 186.04 183.44 180.84 178.25 175.68 173.14 170.63 168.11 165.51 162.77 159.84 156.69 153.30 149.97 147.07 144.59 142.50 140.77 139.37 138.26 137.42 136.83 136.50 136.40 136.54 136.90 137.48 138.27 139.26 140.45 141.82 143.36 144.98 146.48 147.76 148.78 149.49 149.85 150.05 150.69 151.84 153.47 155.54 158.00 160.70 163.41 166.05 168.60 171.05 173.40 175.62 177.71 179.66 181.44 183.06 184.49
219.37 217.54 215.56 213.42 211.16 208.83 206.49 204.19 201.86 199.46 197.01 194.51 191.97 189.39 186.79 184.18 181.56 178.94 176.34 173.75 171.19 168.67 166.19 163.70 161.10 158.35 155.41 152.24 149.15 146.46 144.17 142.23 140.63 139.31 138.26 137.46 136.90 136.57 136.47 136.59 136.91 137.44 138.16 139.07 140.15 141.41 142.82 144.38 145.99 147.44 148.62 149.49 150.01 150.36 151.16 152.47 154.26 156.49 159.00 161.55 164.07 166.54 168.94 171.26 173.50 175.64 177.67 179.57 181.33 182.94 184.39
217.04 215.27 213.33 211.24 209.05 206.84 204.62 202.37 200.04 197.64 195.19 192.68 190.14 187.56 184.95 182.33 179.71 177.08 174.47 171.87 169.31 166.78 164.29 161.86 159.40 156.83 154.09 151.16 148.31 145.83 143.71 141.93 140.44 139.20 138.21 137.45 136.92 136.60 136.50 136.60 136.89 137.37 138.02 138.85 139.84 140.98 142.26 143.69 145.24 146.80 148.16 149.20 149.88 150.41 151.38 152.86 154.83 157.12 159.49 161.85 164.20 166.51 168.79 171.01 173.17 175.24 177.23 179.11 180.87 182.51 184.00
214.70 213.01 211.12 209.10 207.02 204.92 202.76 200.51 198.19 195.80 193.36 190.86 188.31 185.74 183.14 180.52 177.90 175.27 172.66 170.06 167.50 164.97 162.48 160.05 157.67 155.27 152.74 150.04 147.43 145.16 143.23 141.59 140.19 139.03 138.10 137.38 136.88 136.58 136.47 136.56 136.82 137.25 137.84 138.59 139.48 140.51 141.68 142.96 144.35 145.85 147.33 148.57 149.43 150.15 151.30 152.97 155.01 157.16 159.34 161.54 163.74 165.93 168.10 170.25 172.34 174.38 176.34 178.23 180.02 181.70 183.26
212.35 210.77 208.96 207.03 205.06 203.01 200.87 198.64 196.33 193.96 191.53 189.04 186.51 183.95 181.36 178.75 176.14 173.53 170.92 168.34 165.78 163.25 160.77 158.34 155.98 153.67 151.34 148.89 146.51 144.46 142.69 141.16 139.85 138.77 137.90 137.24 136.77 136.49 136.38 136.45 136.68 137.07 137.60 138.28 139.08 140.00 141.04 142.19 143.43 144.76 146.17 147.53 148.60 149.52 150.86 152.62 154.52 156.49 158.50 160.56 162.64 164.73 166.83 168.91 170.97 172.99 174.97 176.88 178.72 180.47 182.13
210.02 208.55 206.84 205.01 203.09 201.07 198.96 196.76 194.48 192.13 189.71 187.25 184.74 182.20 179.63 177.05 174.45 171.86 169.27 166.70 164.16 161.65 159.18 156.77 154.42 152.13 149.92 147.69 145.55 143.68 142.04 140.63 139.42 138.42 137.62 137.01 136.57 136.31 136.21 136.27 136.47 136.82 137.29 137.89 138.61 139.43 140.34 141.35 142.45 143.61 144.84 146.13 147.34 148.46 149.90 151.52 153.24 155.05 156.93 158.86 160.85 162.87 164.91 166.96 169.01 171.04 173.04 175.01 176.92 178.77 180.54
207.78 206.38 204.76 202.99 201.11 199.13 197.05 194.88 192.63 190.31 187.93 185.50 183.02 180.51 177.97 175.41 172.84 170.27 167.71 165.17 162.65 160.16 157.72 155.33 153.00 150.74 148.56 146.45 144.51 142.79 141.28 139.98 138.88 137.96 137.23 136.67 136.27 136.03 135.94 135.99 136.17 136.48 136.90 137.42 138.05 138.77 139.57 140.45 141.39 142.39 143.44 144.54 145.66 146.84 148.15 149.60 151.16 152.83 154.59 156.43 158.34 160.30 162.31 164.35 166.41 168.48 170.54 172.58 174.59 176.55 178.46
205.77 204.39 202.74 200.98 199.14 197.19 195.15 193.02 190.80 188.52 186.18 183.78 181.33 178.85 176.35 173.82 171.28 168.74 166.21 163.70 161.21 158.75 156.33 153.97 151.66 149.43 147.27 145.19 143.33 141.74 140.37 139.18 138.18 137.35 136.68 136.18 135.82 135.60 135.51 135.55 135.71 135.98 136.34 136.80 137.34 137.95 138.64 139.38 140.18 141.01 141.89 142.79 143.77 144.89 146.04 147.31 148.72 150.25 151.89 153.64 155.48 157.40 159.38 161.41 163.49 165.59 167.70 169.82 171.93 174.02 176.07
204.03 202.58 200.84 199.02 197.19 195.28 193.27 191.17 189.00 186.75 184.44 182.08 179.66 177.22 174.74 172.25 169.74 167.23 164.73 162.24 159.78 157.35 154.96 152.62 150.34 148.13 145.99 143.91 142.05 140.53 139.28 138.20 137.30 136.55 135.95 135.49 135.17 134.97 134.89 134.92 135.05 135.27 135.58 135.96 136.42 136.93 137.49 138.10 138.74 139.41 140.11 140.87 141.83 142.95 144.06 145.17 146.40 147.78 149.30 150.94 152.69 154.54 156.48 158.49 160.56 162.68 164.84 167.02 169.22 171.41 173.59
202.46 200.90 199.08 197.18 195.30 193.40 191.43 189.37 187.23 185.01 182.74 180.41 178.03 175.61 173.17 170.70 168.23 165.75 163.27 160.82 158.38 155.98 153.61 151.30 149.05 146.85 144.72 142.64 140.77 139.24 138.04 137.07 136.26 135.59 135.05 134.64 134.35 134.17 134.09 134.11 134.21 134.38 134.63 134.94 135.30 135.70 136.14 136.61 137.10 137.61 138.17 138.91 139.88 141.01 142.12 143.19 144.27 145.48 146.85 148.37 150.01 151.78 153.66 155.63 157.68 159.81 161.99 164.21 166.47 168.75 171.04
