data_processed/recharge/precip/Precip_1988_11.asc
ncols        168
nrows        136
xllcorner    455000
yllcorner    2107000
cellsize     500
NODATA_value     -99999
[rows 72 to 107 of 136, columns 82 to 163 of 168]
4.15 3.70 3.27 2.84 2.43 2.04 1.67 1.36 1.12 0.92 0.78 0.67 0.59 0.54 0.50 0.47 0.43 0.40 0.36 0.33 0.30 0.27 0.24 0.21 0.17 0.12 0.06 0.00 0.00 0.00 0.00 0.00 0.00 0.00 0.00 0.00 0.00 0.00 0.00 0.00 0.00 0.28 0.68 1.17 1.73 2.36 3.05 3.79 4.57 5.37 6.16 6.93 7.69 8.43 9.14 9.81 10.41 10.93 11.37 11.72 11.99 12.17 12.27 12.27 12.20 12.08 11.93 11.76 11.56 11.34 11.10 10.84 10.57 10.28 9.98 9.65 9.31 8.96 8.61 8.25 7.89 7.54
3.78 3.40 3.02 2.66 2.31 1.98 1.66 1.36 1.12 0.93 0.79 0.68 0.60 0.55 0.51 0.47 0.44 0.40 0.37 0.33 0.30 0.27 0.24 0.20 0.14 0.07 0.00 0.00 0.00 0.00 0.00 0.00 0.00 0.00 0.00 0.00 0.00 0.00 0.00 0.00 0.00 0.16 0.57 1.07 1.64 2.28 2.98 3.73 4.50 5.28 6.05 6.80 7.54 8.26 8.95 9.61 10.22 10.76 11.22 11.59 11.87 12.07 12.17 12.19 12.12 12.01 11.87 11.70 11.50 11.29 11.05 10.79 10.52 10.23 9.92 9.59 9.24 8.89 8.52 8.16 7.80 7.44
3.41 3.08 2.76 2.45 2.16 1.88 1.61 1.36 1.12 0.94 0.79 0.69 0.61 0.56 0.52 0.48 0.45 0.41 0.37 0.34 0.30 0.27 0.23 0.17 0.10 0.01 0.00 0.00 0.00 0.00 0.00 0.00 0.00 0.00 0.00 0.00 0.00 0.00 0.00 0.00 0.00 0.06 0.48 0.99 1.58 2.23 2.94 3.69 4.44 5.19 5.93 6.66 7.38 8.08 8.75 9.39 9.99 10.54 11.02 11.41 11.71 11.92 12.04 12.06 12.00 11.90 11.76 11.60 11.41 11.19 10.96 10.71 10.43 10.13 9.81 9.48 9.13 8.77 8.41 8.04 7.68 7.32
3.04 2.76 2.49 2.24 1.99 1.75 1.53 1.32 1.12 0.94 0.80 0.70 0.62 0.57 0.53 0.49 0.45 0.42 0.38 0.35 0.31 0.27 0.21 0.13 0.04 0.00 0.00 0.00 0.00 0.00 0.00 0.00 0.00 0.00 0.00 0.00 0.00 0.00 0.00 0.00 0.00 0.00 0.43 0.95 1.55 2.21 2.92 3.63 4.36 5.08 5.81 6.52 7.21 7.89 8.54 9.16 9.74 10.28 10.76 11.17 11.49 11.72 11.85 11.89 11.84 11.74 11.61 11.45 11.27 11.06 10.83 10.58 10.30 9.99 9.67 9.33 8.98 8.62 8.25 7.89 7.53 7.17
2.71 2.47 2.24 2.02 1.81 1.62 1.43 1.26 1.09 0.94 0.81 0.71 0.63 0.58 0.54 0.50 0.47 0.43 0.39 0.35 0.31 0.25 0.17 0.07 0.00 0.00 0.00 0.00 0.00 0.00 0.00 0.00 0.00 0.00 0.00 0.00 0.00 0.00 0.00 0.00 0.00 0.00 0.40 0.94 1.55 2.21 2.88 3.57 4.27 4.97 5.67 6.36 7.03 7.68 8.31 8.91 9.47 9.99 10.47 10.89 11.22 11.46 11.61 11.66 11.62 11.53 11.41 11.26 11.08 10.88 10.65 10.39 10.11 9.80 9.47 9.14 8.79 8.43 8.07 7.71 7.35 7.00
2.41 2.21 2.01 1.82 1.65 1.48 1.33 1.18 1.05 0.93 0.82 0.72 0.65 0.59 0.55 0.51 0.48 0.44 0.40 0.36 0.29 0.21 0.11 0.00 0.00 0.00 0.00 0.00 0.00 0.00 0.00 0.00 0.00 0.00 0.00 0.00 0.00 0.00 0.00 0.00 0.00 0.00 0.41 0.96 1.56 2.19 2.84 3.50 4.18 4.85 5.52 6.18 6.83 7.46 8.07 8.65 9.19 9.69 10.15 10.55 10.89 11.15 11.31 11.38 11.35 11.27 11.15 11.01 10.85 10.64 10.41 10.15 9.87 9.56 9.24 8.90 8.55 8.20 7.84 7.49 7.14 6.80
2.17 1.99 1.82 1.66 1.51 1.37 1.24 1.12 1.00 0.90 0.81 0.73 0.66 0.61 0.56 0.53 0.49 0.45 0.41 0.34 0.26 0.15 0.04 0.00 0.00 0.00 0.00 0.00 0.00 0.00 0.00 0.00 0.00 0.00 0.00 0.00 0.00 0.00 0.00 0.00 0.00 0.00 0.45 0.99 1.57 2.17 2.79 3.42 4.06 4.71 5.36 5.99 6.62 7.23 7.81 8.36 8.89 9.37 9.80 10.19 10.52 10.79 10.96 11.04 11.02 10.95 10.85 10.72 10.55 10.35 10.12 9.86 9.57 9.27 8.95 8.62 8.28 7.93 7.58 7.24 6.90 6.57
2.00 1.84 1.69 1.55 1.42 1.29 1.18 1.07 0.97 0.88 0.80 0.73 0.67 0.62 0.58 0.54 0.51 0.46 0.39 0.31 0.20 0.08 0.00 0.00 0.00 0.00 0.00 0.00 0.00 0.00 0.00 0.00 0.00 0.00 0.00 0.00 0.00 0.00 0.00 0.00 0.00 0.03 0.50 1.01 1.56 2.13 2.72 3.32 3.94 4.56 5.17 5.79 6.39 6.97 7.53 8.06 8.56 9.02 9.44 9.80 10.12 10.37 10.55 10.64 10.64 10.58 10.49 10.36 10.19 9.99 9.76 9.50 9.23 8.93 8.62 8.29 7.96 7.62 7.28 6.95 6.62 6.31
1.92 1.78 1.64 1.50 1.38 1.27 1.16 1.06 0.97 0.88 0.81 0.74 0.69 0.64 0.60 0.56 0.51 0.45 0.36 0.25 0.13 0.00 0.00 0.00 0.00 0.00 0.00 0.00 0.00 0.00 0.00 0.00 0.00 0.00 0.00 0.00 0.00 0.00 0.00 0.00 0.00 0.10 0.55 1.02 1.54 2.07 2.63 3.21 3.79 4.38 4.97 5.56 6.13 6.69 7.22 7.73 8.21 8.65 9.05 9.39 9.69 9.92 10.09 10.18 10.19 10.15 10.06 9.93 9.77 9.57 9.35 9.10 8.83 8.54 8.23 7.92 7.60 7.27 6.95 6.63 6.31 6.01
1.94 1.80 1.66 1.53 1.41 1.30 1.19 1.09 1.00 0.92 0.84 0.77 0.71 0.66 0.62 0.57 0.51 0.42 0.31 0.18 0.04 0.00 0.00 0.00 0.00 0.00 0.00 0.00 0.00 0.00 0.00 0.00 0.00 0.00 0.00 0.00 0.00 0.00 0.00 0.00 0.00 0.17 0.58 1.02 1.50 2.00 2.53 3.08 3.63 4.19 4.75 5.31 5.86 6.39 6.90 7.38 7.84 8.25 8.63 8.95 9.23 9.44 9.59 9.68 9.69 9.64 9.56 9.44 9.28 9.09 8.88 8.63 8.37 8.09 7.80 7.50 7.19 6.88 6.57 6.27 5.97 5.69
1.99 1.85 1.72 1.59 1.47 1.36 1.25 1.15 1.05 0.96 0.88 0.81 0.74 0.68 0.63 0.58 0.49 0.38 0.26 0.12 0.00 0.00 0.00 0.00 0.00 0.00 0.00 0.00 0.00 0.00 0.00 0.00 0.00 0.00 0.00 0.00 0.00 0.00 0.00 0.00 0.00 0.28 0.64 1.05 1.50 1.97 2.46 2.97 3.49 4.02 4.56 5.08 5.60 6.11 6.59 7.05 7.48 7.87 8.22 8.52 8.77 8.97 9.10 9.16 9.15 9.10 9.02 8.91 8.76 8.58 8.37 8.14 7.89 7.62 7.34 7.06 6.76 6.47 6.18 5.89 5.62 5.35
2.02 1.88 1.75 1.63 1.51 1.39 1.28 1.18 1.08 0.99 0.91 0.83 0.76 0.69 0.64 0.58 0.49 0.37 0.23 0.07 0.00 0.00 0.00 0.00 0.00 0.00 0.00 0.00 0.00 0.00 0.00 0.00 0.00 0.00 0.00 0.00 0.00 0.00 0.00 0.00 0.15 0.45 0.79 1.15 1.56 1.99 2.45 2.93 3.42 3.91 4.41 4.91 5.40 5.87 6.32 6.76 7.16 7.52 7.85 8.13 8.35 8.52 8.63 8.66 8.61 8.55 8.46 8.36 8.22 8.05 7.85 7.64 7.40 7.15 6.89 6.61 6.34 6.06 5.79 5.53 5.27 5.03
2.02 1.89 1.76 1.64 1.52 1.41 1.30 1.20 1.10 1.01 0.92 0.84 0.76 0.69 0.63 0.57 0.48 0.36 0.21 0.06 0.00 0.00 0.00 0.00 0.00 0.00 0.00 0.00 0.00 0.00 0.00 0.00 0.00 0.00 0.00 0.00 0.00 0.00 0.00 0.13 0.40 0.69 1.00 1.33 1.69 2.09 2.51 2.94 3.40 3.86 4.32 4.78 5.24 5.68 6.10 6.50 6.88 7.21 7.51 7.76 7.96 8.10 8.17 8.17 8.10 8.00 7.90 7.80 7.67 7.51 7.33 7.13 6.91 6.67 6.43 6.18 5.92 5.67 5.42 5.17 4.94 4.73
2.00 1.87 1.75 1.63 1.51 1.40 1.30 1.19 1.10 1.00 0.91 0.83 0.75 0.69 0.62 0.56 0.47 0.36 0.22 0.06 0.00 0.00 0.00 0.00 0.00 0.00 0.00 0.00 0.00 0.00 0.00 0.00 0.00 0.00 0.00 0.00 0.00 0.00 0.18 0.43 0.70 0.97 1.26 1.57 1.89 2.24 2.62 3.02 3.44 3.86 4.29 4.71 5.13 5.54 5.93 6.29 6.63 6.94 7.20 7.43 7.60 7.70 7.73 7.69 7.59 7.47 7.36 7.24 7.11 6.97 6.81 6.62 6.42 6.20 5.97 5.74 5.51 5.28 5.05 4.83 4.63 4.44
1.95 1.83 1.72 1.60 1.49 1.38 1.28 1.18 1.08 0.99 0.90 0.82 0.74 0.67 0.61 0.55 0.46 0.36 0.23 0.09 0.00 0.00 0.00 0.00 0.00 0.00 0.00 0.00 0.00 0.00 0.00 0.00 0.00 0.00 0.00 0.00 0.05 0.29 0.53 0.78 1.03 1.30 1.57 1.86 2.15 2.46 2.80 3.16 3.53 3.91 4.30 4.68 5.07 5.44 5.79 6.12 6.43 6.70 6.93 7.12 7.24 7.30 7.29 7.22 7.10 6.96 6.83 6.69 6.56 6.42 6.28 6.11 5.93 5.73 5.53 5.32 5.11 4.90 4.70 4.51 4.33 4.17
1.89 1.78 1.67 1.56 1.45 1.35 1.25 1.15 1.05 0.96 0.88 0.80 0.73 0.66 0.60 0.53 0.46 0.36 0.25 0.12 0.00 0.00 0.00 0.00 0.00 0.00 0.00 0.00 0.00 0.00 0.00 0.00 0.00 0.00 0.00 0.22 0.45 0.69 0.93 1.17 1.41 1.66 1.92 2.19 2.46 2.74 3.03 3.34 3.67 4.01 4.36 4.70 5.04 5.37 5.69 5.98 6.25 6.49 6.68 6.82 6.89 6.91 6.87 6.77 6.63 6.47 6.32 6.17 6.02 5.89 5.75 5.60 5.44 5.27 5.09 4.90 4.72 4.54 4.37 4.20 4.05 3.92
1.81 1.70 1.60 1.50 1.40 1.30 1.20 1.11 1.02 0.93 0.85 0.78 0.71 0.65 0.59 0.53 0.45 0.37 0.27 0.17 0.06 0.00 0.00 0.00 0.00 0.00 0.00 0.00 0.00 0.00 0.00 0.00 0.00 0.22 0.44 0.66 0.90 1.13 1.36 1.59 1.82 2.06 2.30 2.55 2.80 3.06 3.31 3.58 3.86 4.16 4.46 4.76 5.06 5.35 5.62 5.88 6.10 6.30 6.44 6.52 6.55 6.53 6.46 6.33 6.17 6.00 5.83 5.67 5.52 5.37 5.23 5.10 4.96 4.81 4.66 4.50 4.35 4.19 4.05 3.92 3.80 3.70
1.71 1.61 1.52 1.42 1.33 1.24 1.15 1.06 0.98 0.90 0.83 0.76 0.70 0.64 0.58 0.53 0.46 0.39 0.31 0.23 0.14 0.05 0.00 0.00 0.00 0.00 0.00 0.00 0.00 0.00 0.08 0.26 0.47 0.69 0.91 1.14 1.37 1.60 1.82 2.04 2.26 2.49 2.71 2.94 3.17 3.41 3.64 3.87 4.10 4.35 4.60 4.86 5.11 5.36 5.59 5.80 5.98 6.12 6.20 6.24 6.22 6.16 6.06 5.91 5.73 5.54 5.36 5.19 5.03 4.88 4.74 4.61 4.49 4.37 4.24 4.12 3.99 3.87 3.75 3.65 3.57 3.50
1.59 1.51 1.42 1.34 1.25 1.17 1.09 1.01 0.94 0.87 0.81 0.75 0.69 0.64 0.59 0.54 0.48 0.42 0.36 0.30 0.24 0.19 0.14 0.09 0.06 0.06 0.08 0.14 0.23 0.37 0.55 0.76 0.97 1.20 1.42 1.65 1.87 2.10 2.31 2.52 2.73 2.94 3.15 3.36 3.57 3.78 3.99 4.19 4.38 4.58 4.79 5.00 5.20 5.40 5.59 5.75 5.87 5.94 5.97 5.96 5.90 5.81 5.67 5.50 5.30 5.10 4.91 4.74 4.57 4.42 4.28 4.15 4.04 3.94 3.85 3.75 3.65 3.56 3.48 3.42 3.36 3.31
1.47 1.39 1.32 1.24 1.17 1.09 1.02 0.96 0.90 0.84 0.79 0.74 0.69 0.64 0.60 0.56 0.51 0.47 0.43 0.39 0.37 0.34 0.33 0.33 0.35 0.38 0.44 0.54 0.68 0.86 1.06 1.28 1.50 1.73 1.96 2.18 2.40 2.62 2.83 3.03 3.23 3.42 3.62 3.81 4.00 4.18 4.36 4.53 4.70 4.85 5.01 5.17 5.32 5.47 5.60 5.70 5.75 5.77 5.75 5.69 5.59 5.46 5.30 5.11 4.90 4.69 4.49 4.31 4.14 3.99 3.85 3.73 3.62 3.54 3.46 3.40 3.34 3.28 3.24 3.20 3.16 3.13
1.34 1.27 1.21 1.14 1.08 1.02 0.96 0.91 0.87 0.82 0.78 0.74 0.70 0.66 0.63 0.59 0.56 0.53 0.52 0.51 0.51 0.52 0.55 0.60 0.66 0.74 0.85 0.99 1.17 1.38 1.60 1.83 2.06 2.28 2.51 2.74 2.96 3.17 3.37 3.56 3.74 3.92 4.10 4.27 4.44 4.60 4.75 4.89 5.03 5.15 5.26 5.37 5.47 5.56 5.63 5.65 5.64 5.60 5.53 5.42 5.29 5.13 4.94 4.74 4.51 4.29 4.09 3.90 3.73 3.58 3.45 3.33 3.24 3.16 3.11 3.07 3.05 3.03 3.01 3.00 2.98 2.96
1.22 1.14 1.09 1.03 0.99 0.95 0.91 0.87 0.84 0.81 0.78 0.75 0.72 0.70 0.67 0.65 0.63 0.62 0.62 0.64 0.68 0.73 0.80 0.89 1.00 1.14 1.30 1.50 1.71 1.93 2.16 2.40 2.63 2.86 3.09 3.31 3.53 3.73 3.93 4.11 4.28 4.44 4.60 4.75 4.89 5.03 5.16 5.27 5.37 5.46 5.54 5.60 5.64 5.66 5.65 5.61 5.54 5.44 5.31 5.17 5.00 4.81 4.60 4.38 4.14 3.92 3.71 3.52 3.36 3.21 3.08 2.98 2.89 2.83 2.79 2.78 2.78 2.79 2.80 2.80 2.80 2.80
1.12 1.03 0.97 0.93 0.90 0.88 0.86 0.84 0.82 0.81 0.79 0.78 0.76 0.75 0.73 0.72 0.72 0.73 0.76 0.81 0.87 0.96 1.08 1.22 1.38 1.58 1.80 2.03 2.27 2.50 2.74 2.98 3.22 3.45 3.68 3.90 4.11 4.31 4.50 4.67 4.82 4.97 5.11 5.24 5.37 5.48 5.57 5.66 5.73 5.79 5.82 5.84 5.82 5.76 5.67 5.56 5.43 5.28 5.11 4.92 4.72 4.50 4.28 4.04 3.79 3.57 3.36 3.17 3.01 2.86 2.75 2.65 2.58 2.53 2.51 2.52 2.54 2.57 2.60 2.62 2.64 2.65
1.03 0.95 0.88 0.84 0.82 0.82 0.82 0.82 0.82 0.82 0.82 0.82 0.82 0.82 0.82 0.82 0.83 0.86 0.92 1.00 1.10 1.23 1.39 1.58 1.80 2.05 2.31 2.58 2.84 3.09 3.33 3.58 3.82 4.06 4.29 4.51 4.71 4.90 5.08 5.24 5.38 5.51 5.64 5.75 5.85 5.93 6.00 6.06 6.10 6.12 6.11 6.07 5.98 5.85 5.69 5.52 5.33 5.13 4.91 4.69 4.45 4.21 3.97 3.72 3.47 3.24 3.03 2.84 2.68 2.55 2.44 2.36 2.31 2.28 2.28 2.30 2.33 2.37 2.41 2.45 2.48 2.51
0.98 0.89 0.82 0.78 0.77 0.77 0.79 0.81 0.83 0.85 0.87 0.89 0.90 0.92 0.93 0.94 0.97 1.03 1.11 1.22 1.36 1.53 1.73 1.97 2.25 2.54 2.83 3.12 3.41 3.68 3.94 4.19 4.44 4.67 4.90 5.12 5.32 5.51 5.67 5.82 5.95 6.06 6.17 6.26 6.33 6.39 6.43 6.46 6.47 6.44 6.38 6.27 6.12 5.93 5.71 5.48 5.23 4.98 4.72 4.46 4.20 3.93 3.67 3.41 3.16 2.93 2.72 2.55 2.39 2.27 2.17 2.11 2.07 2.06 2.08 2.10 2.14 2.19 2.24 2.29 2.34 2.39
0.96 0.87 0.80 0.76 0.74 0.75 0.78 0.82 0.86 0.90 0.94 0.97 1.01 1.04 1.06 1.09 1.14 1.22 1.33 1.48 1.65 1.87 2.12 2.41 2.72 3.04 3.35 3.67 3.97 4.27 4.54 4.81 5.06 5.30 5.52 5.74 5.93 6.11 6.27 6.40 6.51 6.61 6.70 6.77 6.82 6.85 6.87 6.86 6.83 6.75 6.62 6.45 6.24 6.00 5.73 5.44 5.14 4.84 4.54 4.25 3.96 3.67 3.40 3.13 2.88 2.65 2.45 2.27 2.13 2.02 1.94 1.89 1.87 1.88 1.90 1.93 1.98 2.03 2.09 2.15 2.22 2.28
0.98 0.89 0.82 0.78 0.76 0.77 0.80 0.85 0.91 0.97 1.03 1.09 1.14 1.18 1.23 1.27 1.34 1.45 1.59 1.77 1.99 2.25 2.54 2.87 3.20 3.54 3.88 4.21 4.54 4.85 5.15 5.42 5.68 5.92 6.15 6.36 6.55 6.72 6.86 6.98 7.08 7.17 7.23 7.28 7.31 7.32 7.30 7.26 7.17 7.02 6.83 6.60 6.34 6.05 5.73 5.40 5.05 4.71 4.37 4.05 3.73 3.43 3.14 2.87 2.61 2.39 2.19 2.03 1.90 1.80 1.74 1.71 1.71 1.72 1.75 1.78 1.83 1.89 1.96 2.03 2.11 2.19
1.04 0.96 0.89 0.85 0.83 0.84 0.87 0.92 0.99 1.07 1.15 1.23 1.30 1.36 1.42 1.49 1.58 1.71 1.89 2.10 2.36 2.66 3.00 3.34 3.69 4.05 4.40 4.75 5.09 5.42 5.74 6.03 6.30 6.54 6.77 6.98 7.16 7.32 7.46 7.57 7.65 7.72 7.76 7.79 7.79 7.77 7.72 7.62 7.47 7.26 7.02 6.73 6.42 6.08 5.72 5.35 4.97 4.59 4.22 3.86 3.52 3.20 2.90 2.63 2.38 2.16 1.97 1.82 1.70 1.62 1.58 1.56 1.56 1.58 1.61 1.66 1.71 1.78 1.85 1.93 2.02 2.11
1.16 1.08 1.01 0.97 0.95 0.96 0.98 1.03 1.11 1.20 1.30 1.40 1.49 1.58 1.66 1.74 1.86 2.02 2.23 2.48 2.78 3.11 3.46 3.82 4.18 4.55 4.92 5.29 5.65 5.99 6.32 6.62 6.91 7.16 7.39 7.59 7.77 7.92 8.05 8.14 8.21 8.26 8.28 8.29 8.27 8.21 8.11 7.95 7.73 7.47 7.17 6.84 6.48 6.10 5.70 5.29 4.88 4.47 4.07 3.68 3.32 2.99 2.68 2.41 2.16 1.95 1.77 1.64 1.54 1.47 1.44 1.43 1.44 1.46 1.50 1.55 1.61 1.69 1.77 1.86 1.95 2.05
1.34 1.26 1.19 1.15 1.13 1.13 1.16 1.21 1.28 1.37 1.48 1.60 1.72 1.82 1.93 2.03 2.17 2.37 2.61 2.90 3.22 3.57 3.93 4.30 4.68 5.07 5.45 5.82 6.19 6.55 6.88 7.20 7.50 7.76 8.00 8.20 8.37 8.51 8.63 8.71 8.76 8.79 8.80 8.78 8.72 8.62 8.45 8.23 7.96 7.64 7.30 6.92 6.52 6.10 5.66 5.22 4.78 4.35 3.93 3.52 3.14 2.80 2.48 2.21 1.97 1.77 1.61 1.48 1.40 1.35 1.33 1.32 1.33 1.36 1.40 1.46 1.53 1.61 1.70 1.80 1.91 2.01
1.58 1.49 1.43 1.39 1.37 1.37 1.40 1.44 1.51 1.60 1.71 1.84 1.98 2.11 2.24 2.36 2.54 2.76 3.03 3.35 3.69 4.04 4.41 4.80 5.19 5.58 5.97 6.35 6.73 7.09 7.44 7.77 8.07 8.34 8.58 8.79 8.96 9.09 9.19 9.26 9.30 9.31 9.29 9.24 9.14 8.97 8.74 8.47 8.14 7.78 7.39 6.97 6.53 6.08 5.61 5.15 4.68 4.23 3.79 3.37 2.98 2.62 2.31 2.03 1.80 1.62 1.47 1.36 1.29 1.25 1.23 1.22 1.24 1.28 1.33 1.39 1.47 1.56 1.66 1.76 1.88 2.00
1.88 1.80 1.74 1.70 1.68 1.68 1.70 1.75 1.81 1.90 2.01 2.14 2.29 2.44 2.59 2.74 2.94 3.20 3.49 3.82 4.16 4.53 4.91 5.30 5.69 6.09 6.49 6.88 7.26 7.63 7.98 8.32 8.62 8.90 9.15 9.36 9.52 9.65 9.74 9.80 9.82 9.81 9.77 9.66 9.50 9.27 8.99 8.66 8.29 7.89 7.46 7.00 6.53 6.04 5.55 5.06 4.58 4.11 3.65 3.23 2.83 2.47 2.15 1.88 1.66 1.49 1.36 1.27 1.20 1.16 1.14 1.15 1.17 1.21 1.26 1.34 1.42 1.52 1.63 1.74 1.87 2.00
2.26 2.18 2.12 2.08 2.06 2.06 2.08 2.13 2.19 2.27 2.38 2.50 2.65 2.82 2.99 3.17 3.40 3.67 3.97 4.30 4.65 5.02 5.40 5.80 6.20 6.60 7.00 7.40 7.78 8.16 8.51 8.85 9.16 9.44 9.69 9.90 10.07 10.19 10.27 10.31 10.32 10.28 10.19 10.02 9.80 9.52 9.19 8.82 8.40 7.96 7.49 7.00 6.50 5.99 5.48 4.97 4.47 3.98 3.52 3.09 2.69 2.33 2.02 1.75 1.55 1.39 1.27 1.19 1.12 1.09 1.07 1.08 1.11 1.16 1.22 1.30 1.39 1.50 1.61 1.74 1.87 2.01
2.71 2.64 2.58 2.54 2.52 2.52 2.54 2.58 2.64 2.72 2.83 2.95 3.09 3.26 3.44 3.64 3.89 4.16 4.47 4.80 5.15 5.53 5.91 6.31 6.71 7.11 7.51 7.91 8.30 8.67 9.03 9.36 9.67 9.95 10.20 10.41 10.58 10.70 10.78 10.81 10.79 10.70 10.55 10.33 10.05 9.72 9.34 8.93 8.48 8.00 7.50 6.98 6.45 5.92 5.39 4.86 4.35 3.86 3.39 2.96 2.56 2.21 1.90 1.65 1.46 1.32 1.20 1.12 1.06 1.03 1.02 1.03 1.06 1.12 1.19 1.27 1.37 1.49 1.61 1.75 1.89 2.04
3.24 3.17 3.11 3.08 3.06 3.06 3.07 3.11 3.17 3.25 3.35 3.46 3.60 3.76 3.94 4.15 4.40 4.68 4.98 5.31 5.67 6.04 6.42 6.82 7.22 7.62 8.02 8.42 8.80 9.17 9.53 9.86 10.16 10.44 10.69 10.89 11.06 11.18 11.25 11.27 11.20 11.06 10.85 10.58 10.25 9.87 9.46 9.00 8.52 8.00 7.47 6.93 6.38 5.83 5.28 4.75 4.23 3.73 3.27 2.84 2.44 2.10 1.81 1.57 1.39 1.25 1.14 1.06 1.00 0.97 0.97 0.99 1.03 1.09 1.16 1.26 1.37 1.49 1.63 1.77 1.92 2.09
3.84 3.77 3.71 3.66 3.64 3.63 3.65 3.68 3.73 3.80 3.89 4.00 4.12 4.28 4.46 4.68 4.92 5.20 5.51 5.84 6.19 6.55 6.94 7.33 7.73 8.13 8.52 8.91 9.29 9.66 10.01 10.34 10.64 10.91 11.15 11.36 11.52 11.63 11.69 11.68 11.58 11.38 11.12 10.80 10.42 10.01 9.55 9.06 8.54 8.00 7.44 6.88 6.31 5.74 5.18 4.64 4.11 3.62 3.15 2.72 2.34 2.01 1.73 1.51 1.33 1.19 1.08 1.00 0.95 0.92 0.92 0.95 0.99 1.06 1.14 1.24 1.36 1.49 1.63 1.78 1.95 2.12
