data_processed/recharge/precip/Precip_2012_10.asc
ncols        168
nrows        136
xllcorner    455000
yllcorner    2107000
cellsize     500
NODATA_value     -99999
[rows 72 to 107 of 136, columns 81 to 161 of 168]
4.64 4.56 4.64 4.83 5.05 5.28 5.50 5.73 5.96 6.17 6.38 6.58 6.77 6.90 6.96 6.96 6.89 6.76 6.58 6.36 6.10 5.82 5.55 5.30 5.05 4.82 4.59 4.38 4.18 3.99 3.81 3.63 3.46 3.30 3.15 3.00 2.87 2.74 2.63 2.59 2.66 2.84 3.12 3.48 3.93 4.44 5.02 5.61 6.14 6.60 7.00 7.33 7.59 7.78 7.90 7.97 8.03 8.08 8.13 8.18 8.22 8.24 8.26 8.27 8.26 8.25 8.25 8.27 8.30 8.34 8.40 8.47 8.55 8.65 8.74 8.83 8.92 9.01 9.10 9.19 9.29
5.05 5.05 5.17 5.34 5.50 5.67 5.85 6.02 6.19 6.36 6.51 6.66 6.79 6.91 6.98 6.98 6.91 6.79 6.62 6.40 6.15 5.87 5.61 5.35 5.10 4.87 4.64 4.43 4.23 4.03 3.84 3.65 3.47 3.29 3.13 2.97 2.83 2.69 2.56 2.45 2.41 2.48 2.67 2.95 3.32 3.77 4.29 4.83 5.32 5.74 6.10 6.39 6.61 6.76 6.87 6.97 7.07 7.17 7.26 7.35 7.44 7.52 7.59 7.64 7.69 7.71 7.74 7.78 7.82 7.88 7.94 8.02 8.10 8.19 8.28 8.37 8.46 8.54 8.63 8.72 8.80
5.52 5.58 5.69 5.80 5.92 6.05 6.18 6.30 6.43 6.55 6.66 6.76 6.85 6.92 6.98 6.98 6.93 6.82 6.65 6.44 6.19 5.92 5.65 5.40 5.16 4.92 4.70 4.48 4.27 4.06 3.86 3.67 3.48 3.30 3.12 2.96 2.80 2.66 2.52 2.39 2.29 2.25 2.33 2.51 2.80 3.18 3.64 4.13 4.56 4.93 5.23 5.48 5.65 5.78 5.91 6.04 6.17 6.30 6.43 6.56 6.69 6.81 6.92 7.02 7.11 7.18 7.24 7.30 7.36 7.42 7.49 7.57 7.66 7.75 7.83 7.92 8.00 8.09 8.17 8.25 8.33
6.02 6.07 6.14 6.21 6.30 6.39 6.48 6.57 6.65 6.73 6.81 6.87 6.92 6.96 6.98 6.98 6.93 6.82 6.67 6.46 6.22 5.95 5.70 5.45 5.21 4.97 4.75 4.53 4.31 4.10 3.90 3.69 3.50 3.31 3.13 2.96 2.80 2.64 2.50 2.37 2.24 2.14 2.11 2.20 2.39 2.69 3.08 3.50 3.87 4.18 4.42 4.61 4.75 4.89 5.03 5.19 5.34 5.50 5.66 5.82 5.98 6.13 6.27 6.41 6.54 6.65 6.75 6.83 6.90 6.98 7.06 7.14 7.23 7.31 7.40 7.48 7.56 7.64 7.72 7.79 7.86
6.45 6.47 6.51 6.55 6.61 6.67 6.73 6.79 6.84 6.90 6.94 6.98 7.00 7.01 7.00 6.97 6.91 6.82 6.67 6.48 6.24 5.98 5.73 5.49 5.25 5.02 4.80 4.57 4.35 4.14 3.93 3.72 3.53 3.33 3.15 2.97 2.81 2.65 2.50 2.36 2.24 2.12 2.03 2.00 2.10 2.30 2.61 2.96 3.26 3.50 3.67 3.81 3.95 4.10 4.26 4.43 4.60 4.78 4.96 5.14 5.32 5.50 5.67 5.83 5.98 6.12 6.25 6.37 6.46 6.55 6.64 6.73 6.81 6.90 6.98 7.06 7.14 7.21 7.28 7.35 7.41
6.76 6.77 6.78 6.80 6.84 6.87 6.91 6.95 6.99 7.02 7.04 7.06 7.06 7.05 7.02 6.97 6.90 6.80 6.66 6.48 6.25 6.00 5.76 5.52 5.29 5.06 4.83 4.61 4.39 4.17 3.96 3.76 3.56 3.36 3.18 3.00 2.83 2.67 2.52 2.38 2.25 2.13 2.03 1.94 1.93 2.04 2.26 2.52 2.74 2.90 3.02 3.15 3.29 3.44 3.61 3.78 3.96 4.15 4.34 4.53 4.73 4.92 5.10 5.29 5.46 5.62 5.77 5.91 6.04 6.14 6.24 6.33 6.41 6.49 6.57 6.65 6.73 6.79 6.86 6.92 6.97
6.95 6.94 6.94 6.95 6.97 6.99 7.02 7.04 7.07 7.08 7.10 7.10 7.09 7.06 7.02 6.96 6.88 6.77 6.63 6.46 6.24 6.01 5.77 5.54 5.31 5.09 4.86 4.64 4.42 4.21 4.00 3.79 3.59 3.40 3.22 3.04 2.87 2.71 2.56 2.42 2.29 2.17 2.06 1.97 1.90 1.90 2.02 2.19 2.32 2.41 2.51 2.63 2.77 2.92 3.08 3.25 3.43 3.62 3.82 4.01 4.21 4.41 4.60 4.80 4.98 5.16 5.32 5.48 5.62 5.74 5.85 5.94 6.03 6.11 6.19 6.26 6.33 6.39 6.45 6.50 6.55
6.99 6.97 6.97 6.97 6.99 7.00 7.03 7.05 7.07 7.08 7.09 7.08 7.07 7.04 7.00 6.93 6.84 6.73 6.59 6.43 6.22 6.00 5.77 5.55 5.32 5.10 4.88 4.66 4.45 4.24 4.03 3.83 3.63 3.44 3.26 3.09 2.92 2.76 2.61 2.47 2.35 2.23 2.13 2.03 1.96 1.90 1.92 1.99 2.04 2.10 2.18 2.29 2.41 2.54 2.69 2.85 3.03 3.21 3.40 3.59 3.79 3.98 4.18 4.37 4.56 4.74 4.91 5.07 5.22 5.36 5.48 5.58 5.67 5.74 5.82 5.89 5.95 6.01 6.06 6.11 6.16
6.87 6.85 6.85 6.86 6.88 6.90 6.92 6.95 6.97 6.99 7.00 7.00 6.99 6.96 6.92 6.86 6.78 6.67 6.54 6.38 6.18 5.97 5.75 5.53 5.32 5.10 4.89 4.68 4.47 4.26 4.06 3.87 3.67 3.49 3.31 3.14 2.98 2.83 2.68 2.55 2.43 2.31 2.21 2.13 2.05 1.99 1.95 1.94 1.95 1.98 2.04 2.12 2.21 2.33 2.46 2.60 2.76 2.93 3.10 3.28 3.47 3.65 3.84 4.03 4.21 4.39 4.56 4.72 4.87 5.00 5.13 5.23 5.32 5.40 5.47 5.53 5.59 5.65 5.70 5.75 5.80
6.66 6.65 6.66 6.68 6.70 6.73 6.76 6.79 6.82 6.85 6.87 6.88 6.88 6.86 6.83 6.78 6.70 6.61 6.48 6.33 6.14 5.92 5.71 5.50 5.29 5.08 4.88 4.68 4.48 4.28 4.09 3.90 3.72 3.54 3.37 3.21 3.06 2.91 2.77 2.65 2.53 2.43 2.33 2.25 2.18 2.13 2.08 2.04 2.02 2.02 2.04 2.09 2.16 2.25 2.35 2.47 2.60 2.75 2.90 3.07 3.23 3.41 3.58 3.75 3.92 4.09 4.25 4.41 4.55 4.69 4.81 4.91 5.01 5.10 5.17 5.23 5.29 5.34 5.39 5.44 5.49
6.51 6.50 6.52 6.54 6.57 6.60 6.64 6.68 6.72 6.75 6.78 6.80 6.80 6.80 6.77 6.73 6.66 6.57 6.46 6.30 6.09 5.84 5.63 5.43 5.24 5.05 4.85 4.66 4.48 4.29 4.11 3.93 3.76 3.60 3.44 3.29 3.15 3.01 2.89 2.77 2.66 2.57 2.49 2.42 2.36 2.31 2.25 2.20 2.15 2.12 2.11 2.13 2.17 2.22 2.30 2.40 2.51 2.63 2.76 2.90 3.05 3.21 3.37 3.52 3.68 3.84 3.99 4.14 4.28 4.41 4.52 4.64 4.77 4.90 4.99 5.04 5.09 5.14 5.19 5.23 5.28
6.42 6.42 6.44 6.46 6.50 6.54 6.58 6.63 6.67 6.71 6.74 6.76 6.77 6.77 6.75 6.72 6.66 6.57 6.45 6.28 6.03 5.77 5.54 5.35 5.17 4.99 4.81 4.64 4.47 4.30 4.13 3.97 3.82 3.67 3.52 3.39 3.26 3.14 3.03 2.92 2.83 2.75 2.68 2.62 2.57 2.52 2.45 2.39 2.33 2.27 2.23 2.22 2.22 2.25 2.30 2.37 2.45 2.55 2.66 2.79 2.92 3.05 3.19 3.34 3.48 3.63 3.77 3.91 4.04 4.16 4.29 4.43 4.61 4.77 4.89 4.96 5.00 5.05 5.09 5.12 5.16
6.39 6.40 6.42 6.45 6.48 6.53 6.57 6.62 6.67 6.71 6.75 6.77 6.79 6.79 6.77 6.74 6.69 6.60 6.45 6.24 5.98 5.69 5.45 5.25 5.07 4.91 4.76 4.60 4.45 4.30 4.15 4.01 3.88 3.75 3.62 3.50 3.39 3.29 3.20 3.11 3.04 2.97 2.92 2.87 2.82 2.75 2.68 2.61 2.54 2.47 2.40 2.36 2.33 2.33 2.35 2.39 2.45 2.52 2.61 2.71 2.82 2.94 3.06 3.19 3.32 3.45 3.59 3.71 3.84 3.96 4.12 4.30 4.50 4.70 4.85 4.95 5.01 5.04 5.07 5.10 5.13
6.43 6.43 6.45 6.48 6.52 6.57 6.61 6.66 6.71 6.75 6.79 6.82 6.84 6.84 6.83 6.80 6.73 6.62 6.44 6.21 5.92 5.62 5.36 5.15 4.98 4.83 4.70 4.56 4.43 4.31 4.18 4.07 3.95 3.84 3.74 3.64 3.55 3.47 3.40 3.34 3.29 3.24 3.20 3.15 3.09 3.01 2.93 2.85 2.77 2.69 2.61 2.54 2.49 2.45 2.44 2.46 2.49 2.53 2.60 2.68 2.76 2.86 2.97 3.08 3.20 3.31 3.43 3.55 3.68 3.83 4.01 4.23 4.46 4.68 4.86 5.00 5.08 5.12 5.14 5.16 5.18
6.52 6.52 6.54 6.57 6.61 6.65 6.70 6.75 6.79 6.84 6.87 6.90 6.92 6.92 6.91 6.87 6.78 6.63 6.42 6.17 5.86 5.54 5.28 5.06 4.89 4.75 4.63 4.52 4.42 4.32 4.22 4.13 4.04 3.96 3.88 3.81 3.75 3.69 3.65 3.61 3.58 3.55 3.51 3.45 3.38 3.29 3.21 3.12 3.02 2.94 2.85 2.76 2.68 2.62 2.58 2.56 2.57 2.59 2.63 2.68 2.75 2.82 2.91 3.00 3.10 3.21 3.31 3.43 3.58 3.76 3.97 4.21 4.47 4.71 4.92 5.08 5.19 5.26 5.28 5.29 5.29
6.65 6.66 6.68 6.70 6.74 6.78 6.82 6.87 6.91 6.95 6.99 7.02 7.03 7.03 7.01 6.94 6.81 6.63 6.40 6.12 5.80 5.47 5.20 4.98 4.81 4.67 4.57 4.49 4.41 4.34 4.28 4.21 4.15 4.10 4.05 4.01 3.98 3.95 3.93 3.92 3.91 3.88 3.83 3.76 3.68 3.59 3.50 3.40 3.30 3.20 3.10 3.01 2.92 2.83 2.76 2.71 2.68 2.68 2.69 2.72 2.76 2.82 2.89 2.96 3.04 3.13 3.24 3.37 3.55 3.75 3.99 4.25 4.52 4.79 5.01 5.19 5.33 5.42 5.47 5.48 5.47
6.83 6.84 6.86 6.88 6.91 6.94 6.98 7.03 7.07 7.10 7.14 7.16 7.17 7.16 7.10 6.99 6.83 6.63 6.37 6.08 5.74 5.40 5.12 4.90 4.74 4.61 4.52 4.46 4.42 4.38 4.35 4.32 4.29 4.27 4.25 4.25 4.24 4.25 4.26 4.27 4.26 4.23 4.17 4.09 4.01 3.91 3.80 3.70 3.59 3.48 3.38 3.27 3.17 3.07 2.97 2.90 2.84 2.81 2.79 2.79 2.81 2.85 2.89 2.95 3.02 3.10 3.22 3.38 3.58 3.80 4.05 4.33 4.62 4.90 5.14 5.34 5.49 5.60 5.68 5.70 5.69
7.04 7.05 7.07 7.09 7.12 7.15 7.18 7.22 7.25 7.28 7.31 7.32 7.32 7.27 7.18 7.04 6.85 6.62 6.34 6.03 5.68 5.33 5.05 4.83 4.68 4.57 4.49 4.45 4.44 4.43 4.44 4.44 4.46 4.47 4.49 4.52 4.55 4.59 4.63 4.64 4.63 4.58 4.52 4.44 4.34 4.24 4.13 4.01 3.90 3.78 3.66 3.55 3.43 3.32 3.22 3.12 3.03 2.97 2.92 2.90 2.90 2.91 2.93 2.97 3.02 3.12 3.26 3.44 3.66 3.90 4.16 4.45 4.74 5.03 5.29 5.50 5.67 5.80 5.89 5.93 5.94
7.27 7.29 7.31 7.34 7.36 7.38 7.40 7.43 7.46 7.48 7.50 7.50 7.46 7.37 7.24 7.07 6.85 6.60 6.31 5.98 5.62 5.27 4.99 4.78 4.63 4.53 4.48 4.47 4.48 4.51 4.55 4.60 4.65 4.71 4.77 4.84 4.91 4.98 5.01 5.02 5.00 4.95 4.88 4.79 4.69 4.58 4.46 4.34 4.22 4.09 3.96 3.84 3.72 3.59 3.48 3.36 3.25 3.16 3.09 3.04 3.01 2.99 3.00 3.02 3.09 3.21 3.36 3.56 3.78 4.03 4.31 4.60 4.90 5.20 5.46 5.68 5.86 6.00 6.10 6.16 6.18
7.53 7.55 7.58 7.60 7.62 7.64 7.65 7.67 7.69 7.70 7.70 7.66 7.58 7.45 7.29 7.09 6.85 6.58 6.27 5.93 5.56 5.21 4.93 4.73 4.59 4.51 4.49 4.50 4.54 4.61 4.70 4.79 4.88 4.98 5.09 5.20 5.30 5.37 5.40 5.40 5.38 5.32 5.24 5.15 5.04 4.93 4.80 4.67 4.54 4.41 4.28 4.14 4.01 3.88 3.75 3.62 3.50 3.38 3.29 3.21 3.15 3.11 3.10 3.13 3.22 3.35 3.51 3.72 3.95 4.21 4.49 4.78 5.08 5.38 5.64 5.86 6.05 6.20 6.31 6.38 6.41
7.80 7.83 7.85 7.88 7.90 7.92 7.93 7.93 7.94 7.93 7.89 7.80 7.68 7.52 7.33 7.10 6.84 6.55 6.23 5.88 5.51 5.16 4.88 4.69 4.57 4.51 4.51 4.55 4.63 4.74 4.87 5.01 5.16 5.30 5.45 5.60 5.70 5.77 5.80 5.79 5.76 5.70 5.62 5.52 5.40 5.28 5.15 5.01 4.88 4.74 4.59 4.45 4.31 4.17 4.03 3.89 3.76 3.63 3.51 3.40 3.31 3.26 3.26 3.30 3.40 3.53 3.71 3.92 4.15 4.41 4.69 4.98 5.28 5.57 5.83 6.05 6.24 6.39 6.50 6.58 6.62
8.09 8.12 8.14 8.17 8.19 8.20 8.21 8.21 8.19 8.14 8.05 7.93 7.77 7.58 7.35 7.10 6.82 6.52 6.19 5.83 5.46 5.11 4.84 4.66 4.56 4.52 4.55 4.62 4.74 4.89 5.07 5.26 5.46 5.67 5.85 6.00 6.10 6.16 6.19 6.18 6.14 6.07 5.99 5.88 5.76 5.63 5.50 5.36 5.22 5.07 4.92 4.77 4.62 4.46 4.31 4.17 4.02 3.88 3.75 3.62 3.52 3.47 3.47 3.52 3.62 3.76 3.94 4.15 4.38 4.64 4.91 5.20 5.49 5.77 6.02 6.24 6.42 6.57 6.68 6.76 6.81
8.39 8.41 8.44 8.46 8.48 8.49 8.50 8.48 8.42 8.32 8.19 8.03 7.84 7.62 7.37 7.10 6.80 6.48 6.14 5.79 5.41 5.07 4.81 4.65 4.57 4.55 4.61 4.72 4.88 5.07 5.30 5.55 5.81 6.06 6.26 6.40 6.50 6.56 6.58 6.56 6.52 6.45 6.36 6.25 6.13 5.99 5.85 5.71 5.56 5.40 5.24 5.09 4.93 4.76 4.60 4.45 4.29 4.14 3.99 3.86 3.77 3.72 3.73 3.79 3.89 4.03 4.20 4.41 4.64 4.88 5.15 5.42 5.70 5.97 6.21 6.42 6.59 6.73 6.84 6.91 6.96
8.69 8.71 8.74 8.76 8.77 8.78 8.77 8.72 8.62 8.49 8.32 8.12 7.89 7.65 7.37 7.08 6.77 6.44 6.10 5.74 5.37 5.03 4.79 4.65 4.59 4.60 4.69 4.84 5.04 5.28 5.56 5.87 6.17 6.44 6.65 6.80 6.89 6.95 6.96 6.94 6.90 6.82 6.73 6.61 6.49 6.35 6.20 6.05 5.90 5.73 5.57 5.40 5.24 5.07 4.90 4.73 4.56 4.40 4.25 4.14 4.06 4.03 4.04 4.10 4.19 4.33 4.49 4.69 4.91 5.14 5.39 5.65 5.91 6.16 6.39 6.58 6.74 6.87 6.97 7.03 7.07
8.99 9.01 9.03 9.05 9.06 9.05 9.01 8.92 8.79 8.62 8.42 8.19 7.93 7.66 7.37 7.06 6.74 6.41 6.06 5.70 5.34 5.01 4.78 4.66 4.62 4.67 4.79 4.98 5.22 5.52 5.85 6.20 6.52 6.79 7.01 7.17 7.27 7.33 7.34 7.32 7.27 7.19 7.09 6.97 6.84 6.70 6.55 6.39 6.23 6.06 5.89 5.72 5.54 5.37 5.19 5.01 4.83 4.67 4.54 4.45 4.39 4.37 4.38 4.43 4.52 4.65 4.80 4.98 5.19 5.41 5.64 5.88 6.12 6.34 6.55 6.72 6.86 6.97 7.06 7.11 7.14
9.28 9.30 9.32 9.33 9.33 9.29 9.20 9.08 8.92 8.73 8.50 8.24 7.96 7.67 7.36 7.04 6.71 6.37 6.02 5.66 5.31 5.00 4.79 4.68 4.67 4.75 4.91 5.14 5.44 5.78 6.15 6.51 6.83 7.10 7.33 7.51 7.63 7.69 7.70 7.68 7.63 7.55 7.44 7.32 7.19 7.04 6.88 6.73 6.56 6.39 6.21 6.03 5.85 5.66 5.48 5.29 5.11 4.97 4.86 4.79 4.75 4.74 4.75 4.80 4.88 4.99 5.13 5.29 5.47 5.67 5.88 6.09 6.30 6.51 6.68 6.83 6.95 7.04 7.11 7.15 7.16
9.56 9.58 9.59 9.59 9.55 9.47 9.36 9.20 9.01 8.80 8.55 8.27 7.98 7.66 7.34 7.01 6.67 6.32 5.98 5.63 5.29 4.99 4.80 4.72 4.74 4.86 5.06 5.34 5.68 6.06 6.43 6.78 7.10 7.38 7.62 7.81 7.95 8.03 8.06 8.03 7.97 7.89 7.78 7.66 7.52 7.37 7.21 7.05 6.88 6.70 6.52 6.34 6.14 5.95 5.76 5.57 5.42 5.29 5.21 5.15 5.12 5.11 5.14 5.18 5.25 5.34 5.46 5.60 5.76 5.93 6.11 6.29 6.47 6.64 6.79 6.91 7.00 7.07 7.11 7.13 7.12
9.83 9.84 9.84 9.80 9.72 9.61 9.46 9.28 9.07 8.83 8.57 8.28 7.97 7.65 7.31 6.97 6.63 6.28 5.94 5.61 5.28 4.99 4.83 4.78 4.83 4.99 5.23 5.55 5.92 6.30 6.66 7.01 7.32 7.61 7.85 8.06 8.22 8.33 8.38 8.37 8.31 8.22 8.11 7.99 7.84 7.69 7.53 7.36 7.19 7.01 6.82 6.63 6.43 6.23 6.04 5.88 5.74 5.64 5.57 5.52 5.50 5.50 5.52 5.56 5.62 5.69 5.79 5.90 6.03 6.17 6.32 6.47 6.62 6.75 6.86 6.95 7.01 7.05 7.07 7.06 7.04
10.07 10.07 10.03 9.96 9.85 9.70 9.53 9.32 9.09 8.83 8.56 8.26 7.95 7.62 7.28 6.93 6.59 6.25 5.91 5.59 5.27 5.01 4.87 4.85 4.94 5.13 5.42 5.77 6.14 6.50 6.85 7.18 7.50 7.78 8.04 8.26 8.44 8.57 8.64 8.66 8.62 8.54 8.43 8.30 8.15 8.00 7.83 7.66 7.49 7.30 7.11 6.91 6.71 6.51 6.34 6.20 6.09 6.00 5.94 5.90 5.88 5.89 5.90 5.94 5.99 6.05 6.12 6.20 6.29 6.40 6.51 6.62 6.73 6.82 6.89 6.94 6.97 6.98 6.96 6.93 6.93
10.28 10.24 10.17 10.06 9.92 9.75 9.55 9.32 9.07 8.80 8.52 8.21 7.90 7.57 7.23 6.89 6.54 6.21 5.89 5.57 5.28 5.04 4.93 4.94 5.07 5.30 5.61 5.95 6.29 6.64 6.97 7.30 7.61 7.90 8.17 8.40 8.59 8.75 8.85 8.90 8.90 8.83 8.72 8.59 8.44 8.28 8.12 7.95 7.76 7.58 7.38 7.18 6.98 6.80 6.66 6.54 6.44 6.37 6.32 6.28 6.27 6.27 6.28 6.30 6.34 6.38 6.43 6.48 6.54 6.60 6.67 6.74 6.80 6.85 6.88 6.89 6.87 6.84 6.80 6.79 6.80
10.43 10.35 10.24 10.10 9.94 9.74 9.52 9.28 9.02 8.74 8.44 8.14 7.82 7.50 7.17 6.83 6.50 6.17 5.86 5.57 5.29 5.08 5.00 5.05 5.21 5.47 5.76 6.07 6.39 6.72 7.04 7.36 7.67 7.96 8.23 8.47 8.69 8.86 8.99 9.07 9.11 9.08 8.99 8.86 8.71 8.55 8.38 8.21 8.02 7.83 7.63 7.43 7.26 7.11 6.98 6.88 6.80 6.74 6.69 6.66 6.64 6.64 6.64 6.65 6.67 6.69 6.71 6.73 6.75 6.78 6.80 6.82 6.83 6.83 6.81 6.77 6.71 6.65 6.62 6.62 6.65
10.51 10.40 10.26 10.10 9.90 9.69 9.45 9.19 8.92 8.64 8.34 8.03 7.72 7.40 7.09 6.77 6.45 6.14 5.85 5.57 5.32 5.13 5.08 5.17 5.36 5.59 5.85 6.13 6.42 6.73 7.04 7.35 7.66 7.95 8.23 8.48 8.71 8.90 9.06 9.18 9.24 9.25 9.21 9.10 8.95 8.79 8.62 8.45 8.26 8.07 7.87 7.70 7.55 7.42 7.31 7.23 7.15 7.10 7.05 7.02 7.00 6.98 6.98 6.97 6.97 6.96 6.96 6.95 6.93 6.91 6.89 6.86 6.81 6.76 6.69 6.60 6.51 6.45 6.42 6.44 6.48
10.53 10.39 10.22 10.03 9.82 9.58 9.33 9.07 8.79 8.50 8.20 7.90 7.60 7.29 6.99 6.69 6.39 6.11 5.84 5.58 5.36 5.20 5.19 5.29 5.45 5.64 5.86 6.12 6.39 6.67 6.97 7.27 7.57 7.86 8.15 8.41 8.65 8.87 9.05 9.20 9.30 9.35 9.35 9.29 9.17 9.01 8.84 8.66 8.48 8.29 8.12 7.97 7.84 7.73 7.64 7.56 7.50 7.45 7.40 7.37 7.34 7.31 7.28 7.26 7.23 7.20 7.16 7.12 7.07 7.00 6.93 6.84 6.74 6.62 6.49 6.37 6.27 6.22 6.21 6.23 6.29
10.48 10.31 10.12 9.91 9.68 9.43 9.17 8.90 8.62 8.33 8.04 7.74 7.45 7.16 6.87 6.59 6.33 6.07 5.83 5.60 5.41 5.28 5.28 5.35 5.46 5.61 5.80 6.03 6.27 6.54 6.82 7.11 7.40 7.70 7.98 8.26 8.52 8.75 8.96 9.14 9.27 9.37 9.41 9.40 9.33 9.20 9.03 8.85 8.67 8.51 8.37 8.24 8.13 8.04 7.96 7.89 7.83 7.78 7.73 7.69 7.64 7.60 7.56 7.51 7.46 7.39 7.32 7.24 7.15 7.04 6.91 6.76 6.60 6.42 6.25 6.11 6.03 5.98 5.98 6.01 6.08
10.37 10.18 9.96 9.73 9.49 9.23 8.96 8.69 8.41 8.12 7.84 7.55 7.28 7.00 6.74 6.49 6.25 6.02 5.82 5.63 5.47 5.36 5.32 5.33 5.40 5.51 5.67 5.86 6.08 6.32 6.59 6.87 7.16 7.45 7.74 8.02 8.30 8.55 8.78 8.99 9.16 9.29 9.38 9.42 9.40 9.32 9.19 9.02 8.87 8.73 8.61 8.51 8.42 8.34 8.26 8.20 8.14 8.08 8.03 7.97 7.92 7.86 7.79 7.71 7.63 7.54 7.43 7.30 7.16 7.00 6.82 6.62 6.40 6.17 5.99 5.85 5.76 5.72 5.72 5.77 5.85
10.26 10.04 9.81 9.56 9.30 9.03 8.76 8.48 8.20 7.92 7.65 7.38 7.11 6.86 6.62 6.39 6.18 5.99 5.82 5.67 5.54 5.40 5.31 5.27 5.29 5.36 5.48 5.63 5.83 6.05 6.30 6.56 6.84 7.13 7.43 7.72 8.00 8.27 8.53 8.76 8.96 9.13 9.26 9.35 9.38 9.37 9.31 9.22 9.09 8.98 8.88 8.79 8.71 8.64 8.57 8.51 8.44 8.38 8.31 8.25 8.17 8.09 7.99 7.89 7.77 7.64 7.49 7.32 7.13 6.91 6.68 6.42 6.15 5.92 5.74 5.60 5.51 5.47 5.48 5.53 5.62
