data_processed/recharge/precip/Precip_2001_01.asc
ncols        168
nrows        136
xllcorner    455000
yllcorner    2107000
cellsize     500
NODATA_value     -99999
[rows 0 to 37 of 136, columns 84 to 167 of 168]
7.92 7.54 7.15 6.76 6.37 5.98 5.59 5.22 4.87 4.54 4.24 3.96 3.73 3.53 3.38 3.27 3.22 3.26 3.41 3.61 3.80 4.01 4.24 4.49 4.77 5.07 5.38 5.72 6.07 6.44 6.82 7.21 7.62 8.03 8.46 8.89 9.34 9.78 10.23 10.69 11.15 11.60 12.06 12.51 12.95 13.36 13.74 14.09 14.41 14.70 14.95 15.18 15.38 15.56 15.71 15.83 15.94 16.02 16.09 16.14 16.18 16.20 16.21 16.21 16.20 16.19 16.16 16.14 16.11 16.05 15.90 15.70 15.51 15.29 14.99 14.64 14.24 13.79 13.30 12.78 12.23 11.65 11.07 10.48
7.85 7.46 7.05 6.64 6.23 5.83 5.44 5.06 4.69 4.35 4.04 3.76 3.52 3.32 3.16 3.05 3.00 3.01 3.09 3.23 3.38 3.56 3.76 3.99 4.24 4.51 4.80 5.10 5.43 5.77 6.12 6.49 6.87 7.27 7.67 8.08 8.49 8.92 9.34 9.78 10.21 10.64 11.08 11.51 11.94 12.35 12.72 13.06 13.37 13.65 13.90 14.12 14.32 14.50 14.65 14.78 14.89 14.99 15.07 15.13 15.18 15.22 15.25 15.27 15.28 15.29 15.29 15.29 15.29 15.29 15.27 15.21 15.09 14.90 14.64 14.32 13.93 13.50 13.03 12.52 11.98 11.41 10.83 10.23
7.73 7.32 6.90 6.48 6.06 5.64 5.24 4.85 4.48 4.13 3.81 3.52 3.27 3.07 2.91 2.80 2.75 2.75 2.81 2.91 3.03 3.18 3.36 3.56 3.78 4.02 4.28 4.56 4.86 5.17 5.50 5.84 6.20 6.56 6.94 7.33 7.72 8.12 8.52 8.93 9.34 9.75 10.16 10.57 10.99 11.39 11.76 12.09 12.39 12.66 12.91 13.13 13.33 13.51 13.66 13.80 13.92 14.03 14.12 14.20 14.26 14.32 14.37 14.41 14.45 14.48 14.51 14.54 14.57 14.61 14.64 14.63 14.56 14.41 14.19 13.90 13.55 13.15 12.70 12.21 11.68 11.13 10.56 9.97
7.62 7.19 6.76 6.32 5.89 5.46 5.05 4.65 4.27 3.91 3.59 3.30 3.04 2.84 2.67 2.56 2.51 2.51 2.55 2.61 2.71 2.83 2.98 3.15 3.34 3.55 3.79 4.04 4.31 4.60 4.90 5.22 5.55 5.89 6.24 6.60 6.97 7.34 7.72 8.11 8.49 8.88 9.27 9.67 10.11 10.53 10.89 11.21 11.50 11.77 12.01 12.23 12.43 12.61 12.77 12.91 13.04 13.15 13.25 13.34 13.43 13.50 13.57 13.63 13.69 13.75 13.80 13.86 13.92 13.98 14.02 14.03 13.99 13.89 13.71 13.46 13.14 12.77 12.35 11.89 11.39 10.85 10.30 9.72
7.50 7.06 6.62 6.17 5.73 5.29 4.87 4.46 4.08 3.72 3.39 3.09 2.84 2.63 2.47 2.36 2.30 2.28 2.29 2.33 2.39 2.49 2.60 2.75 2.91 3.10 3.31 3.54 3.78 4.04 4.32 4.61 4.91 5.23 5.56 5.89 6.24 6.59 6.94 7.30 7.67 8.03 8.41 8.83 9.30 9.74 10.12 10.44 10.72 10.98 11.21 11.43 11.62 11.80 11.96 12.11 12.24 12.36 12.47 12.57 12.66 12.75 12.84 12.92 13.00 13.08 13.16 13.25 13.33 13.39 13.43 13.44 13.41 13.34 13.21 13.00 12.73 12.39 12.00 11.57 11.09 10.58 10.04 9.48
7.39 6.94 6.48 6.03 5.57 5.13 4.70 4.29 3.90 3.54 3.21 2.91 2.66 2.45 2.29 2.18 2.10 2.05 2.04 2.05 2.09 2.15 2.25 2.36 2.50 2.66 2.84 3.04 3.26 3.50 3.75 4.02 4.30 4.59 4.89 5.20 5.52 5.85 6.19 6.52 6.87 7.22 7.62 8.06 8.55 9.02 9.42 9.75 10.03 10.28 10.50 10.71 10.90 11.07 11.23 11.38 11.52 11.64 11.76 11.87 11.97 12.07 12.17 12.27 12.37 12.47 12.57 12.68 12.77 12.83 12.87 12.87 12.85 12.79 12.69 12.53 12.30 12.00 11.65 11.25 10.80 10.32 9.80 9.26
7.27 6.81 6.35 5.89 5.43 4.98 4.55 4.13 3.74 3.37 3.04 2.75 2.50 2.29 2.13 2.00 1.90 1.83 1.79 1.78 1.80 1.84 1.90 1.99 2.11 2.24 2.40 2.57 2.77 2.98 3.21 3.45 3.70 3.97 4.25 4.54 4.84 5.14 5.45 5.77 6.10 6.48 6.90 7.36 7.86 8.35 8.77 9.13 9.42 9.67 9.88 10.08 10.26 10.43 10.59 10.73 10.87 11.00 11.12 11.23 11.35 11.46 11.57 11.68 11.80 11.92 12.04 12.14 12.23 12.29 12.32 12.33 12.30 12.25 12.16 12.03 11.85 11.60 11.29 10.92 10.51 10.05 9.56 9.05
7.16 6.69 6.22 5.75 5.28 4.83 4.40 3.98 3.59 3.22 2.89 2.60 2.35 2.14 1.97 1.82 1.71 1.62 1.56 1.52 1.52 1.54 1.58 1.64 1.73 1.84 1.97 2.12 2.29 2.48 2.68 2.90 3.13 3.38 3.63 3.90 4.18 4.46 4.75 5.06 5.40 5.80 6.24 6.72 7.23 7.73 8.17 8.55 8.87 9.13 9.34 9.53 9.70 9.86 10.01 10.15 10.29 10.42 10.54 10.66 10.78 10.90 11.02 11.15 11.28 11.41 11.53 11.63 11.71 11.77 11.80 11.81 11.79 11.73 11.65 11.53 11.38 11.18 10.91 10.59 10.21 9.79 9.33 8.84
7.03 6.56 6.08 5.61 5.14 4.69 4.25 3.83 3.44 3.08 2.75 2.47 2.22 2.00 1.81 1.65 1.52 1.41 1.33 1.28 1.25 1.25 1.27 1.32 1.38 1.47 1.57 1.70 1.84 2.01 2.19 2.38 2.59 2.81 3.05 3.29 3.55 3.81 4.09 4.41 4.78 5.19 5.64 6.14 6.66 7.17 7.63 8.02 8.35 8.63 8.86 9.04 9.21 9.36 9.50 9.64 9.77 9.90 10.02 10.15 10.27 10.40 10.53 10.66 10.80 10.93 11.04 11.14 11.22 11.27 11.31 11.31 11.29 11.24 11.16 11.05 10.91 10.74 10.52 10.24 9.90 9.52 9.09 8.63
6.90 6.42 5.94 5.46 4.99 4.54 4.10 3.69 3.30 2.94 2.62 2.33 2.08 1.85 1.65 1.48 1.33 1.21 1.12 1.05 1.00 0.98 0.98 1.01 1.05 1.12 1.20 1.30 1.42 1.56 1.72 1.89 2.08 2.28 2.49 2.72 2.95 3.20 3.49 3.83 4.22 4.64 5.11 5.61 6.15 6.66 7.13 7.53 7.88 8.18 8.42 8.62 8.78 8.92 9.06 9.19 9.31 9.44 9.56 9.68 9.81 9.94 10.08 10.22 10.35 10.47 10.58 10.67 10.75 10.80 10.83 10.84 10.82 10.76 10.69 10.58 10.45 10.30 10.11 9.88 9.58 9.24 8.85 8.42
6.74 6.27 5.79 5.31 4.84 4.39 3.96 3.54 3.16 2.81 2.49 2.20 1.94 1.70 1.50 1.31 1.15 1.02 0.91 0.83 0.76 0.73 0.71 0.72 0.75 0.79 0.86 0.94 1.04 1.15 1.29 1.44 1.60 1.78 1.97 2.17 2.40 2.66 2.97 3.33 3.73 4.16 4.64 5.15 5.68 6.20 6.67 7.08 7.45 7.76 8.02 8.23 8.41 8.54 8.67 8.79 8.90 9.02 9.14 9.27 9.39 9.53 9.67 9.80 9.92 10.04 10.14 10.22 10.29 10.35 10.38 10.38 10.36 10.31 10.24 10.14 10.01 9.86 9.69 9.49 9.25 8.95 8.60 8.21
6.56 6.10 5.62 5.15 4.68 4.23 3.80 3.40 3.02 2.67 2.35 2.06 1.80 1.56 1.34 1.15 0.98 0.84 0.72 0.62 0.54 0.49 0.46 0.46 0.47 0.50 0.54 0.60 0.68 0.78 0.89 1.02 1.16 1.32 1.49 1.68 1.91 2.20 2.52 2.89 3.30 3.74 4.22 4.73 5.27 5.79 6.26 6.68 7.04 7.36 7.64 7.87 8.06 8.21 8.33 8.44 8.55 8.66 8.77 8.89 9.02 9.15 9.28 9.40 9.52 9.62 9.72 9.80 9.86 9.91 9.94 9.95 9.93 9.88 9.81 9.71 9.59 9.45 9.29 9.10 8.89 8.64 8.33 7.98
6.33 5.90 5.44 4.97 4.51 4.07 3.64 3.24 2.87 2.53 2.21 1.92 1.65 1.41 1.19 0.99 0.82 0.66 0.53 0.42 0.34 0.27 0.23 0.21 0.21 0.23 0.26 0.30 0.36 0.44 0.53 0.64 0.76 0.90 1.06 1.26 1.51 1.80 2.14 2.52 2.93 3.38 3.86 4.37 4.90 5.42 5.88 6.30 6.68 7.00 7.29 7.53 7.73 7.90 8.03 8.13 8.23 8.33 8.44 8.55 8.67 8.79 8.91 9.02 9.13 9.23 9.32 9.39 9.45 9.50 9.53 9.53 9.51 9.47 9.40 9.30 9.19 9.05 8.90 8.72 8.53 8.31 8.06 7.75
6.07 5.66 5.23 4.78 4.33 3.89 3.47 3.08 2.72 2.38 2.06 1.77 1.50 1.26 1.04 0.84 0.66 0.50 0.36 0.24 0.14 0.07 0.02 0.00 0.00 0.00 0.00 0.03 0.08 0.14 0.21 0.30 0.40 0.53 0.70 0.91 1.18 1.48 1.82 2.21 2.62 3.07 3.55 4.05 4.58 5.09 5.55 5.96 6.34 6.67 6.95 7.20 7.42 7.59 7.74 7.85 7.95 8.04 8.13 8.24 8.35 8.46 8.56 8.67 8.76 8.85 8.93 9.00 9.06 9.10 9.13 9.14 9.12 9.07 9.01 8.92 8.81 8.68 8.53 8.36 8.18 7.98 7.76 7.50
5.78 5.39 4.98 4.55 4.12 3.69 3.29 2.91 2.55 2.22 1.91 1.62 1.36 1.11 0.89 0.69 0.51 0.34 0.20 0.07 0.00 0.00 0.00 0.00 0.00 0.00 0.00 0.00 0.00 0.00 0.00 0.00 0.10 0.23 0.41 0.64 0.91 1.23 1.57 1.96 2.37 2.81 3.29 3.78 4.29 4.79 5.25 5.66 6.02 6.35 6.64 6.90 7.11 7.30 7.46 7.59 7.69 7.77 7.86 7.95 8.04 8.14 8.23 8.33 8.41 8.49 8.57 8.63 8.69 8.73 8.75 8.76 8.74 8.70 8.63 8.55 8.44 8.32 8.18 8.02 7.84 7.65 7.45 7.23
5.46 5.09 4.70 4.30 3.89 3.48 3.09 2.72 2.37 2.05 1.75 1.47 1.21 0.97 0.75 0.54 0.36 0.19 0.05 0.00 0.00 0.00 0.00 0.00 0.00 0.00 0.00 0.00 0.00 0.00 0.00 0.00 0.00 0.01 0.21 0.44 0.72 1.03 1.38 1.76 2.17 2.61 3.07 3.55 4.05 4.53 4.98 5.38 5.74 6.06 6.35 6.60 6.82 7.01 7.18 7.32 7.43 7.53 7.60 7.68 7.76 7.84 7.92 8.00 8.08 8.16 8.22 8.28 8.33 8.37 8.39 8.40 8.38 8.34 8.28 8.20 8.09 7.98 7.84 7.69 7.52 7.34 7.15 6.95
5.12 4.76 4.39 4.01 3.62 3.25 2.88 2.52 2.19 1.87 1.58 1.31 1.06 0.82 0.61 0.41 0.23 0.06 0.00 0.00 0.00 0.00 0.00 0.00 0.00 0.00 0.00 0.00 0.00 0.00 0.00 0.00 0.00 0.00 0.07 0.32 0.59 0.91 1.25 1.62 2.03 2.45 2.90 3.36 3.84 4.31 4.73 5.12 5.47 5.78 6.07 6.32 6.54 6.73 6.90 7.05 7.17 7.27 7.36 7.42 7.49 7.56 7.63 7.70 7.77 7.83 7.89 7.95 7.99 8.03 8.05 8.05 8.03 8.00 7.94 7.86 7.76 7.65 7.52 7.38 7.22 7.05 6.87 6.67
4.76 4.42 4.06 3.70 3.34 2.99 2.64 2.31 1.99 1.69 1.41 1.15 0.91 0.68 0.47 0.28 0.10 0.00 0.00 0.00 0.00 0.00 0.00 0.00 0.00 0.00 0.00 0.00 0.00 0.00 0.00 0.00 0.00 0.00 0.01 0.25 0.53 0.84 1.17 1.54 1.93 2.34 2.77 3.21 3.67 4.11 4.52 4.89 5.22 5.53 5.80 6.04 6.26 6.45 6.62 6.77 6.90 7.01 7.11 7.18 7.24 7.29 7.35 7.41 7.47 7.53 7.58 7.63 7.67 7.70 7.72 7.72 7.71 7.67 7.61 7.54 7.45 7.34 7.22 7.08 6.93 6.77 6.60 6.41
4.39 4.06 3.72 3.38 3.04 2.72 2.40 2.09 1.79 1.50 1.24 0.99 0.76 0.54 0.34 0.15 0.00 0.00 0.00 0.00 0.00 0.00 0.00 0.00 0.00 0.00 0.00 0.00 0.00 0.00 0.00 0.00 0.00 0.00 0.01 0.25 0.52 0.82 1.15 1.50 1.87 2.27 2.67 3.10 3.53 3.95 4.33 4.68 4.99 5.28 5.54 5.77 5.98 6.17 6.33 6.49 6.62 6.74 6.85 6.93 6.99 7.04 7.09 7.14 7.19 7.24 7.28 7.32 7.36 7.39 7.41 7.41 7.39 7.36 7.30 7.23 7.15 7.04 6.93 6.80 6.66 6.51 6.34 6.16
4.01 3.69 3.37 3.06 2.75 2.44 2.14 1.85 1.58 1.31 1.06 0.83 0.61 0.40 0.21 0.03 0.00 0.00 0.00 0.00 0.00 0.00 0.00 0.00 0.00 0.00 0.00 0.00 0.00 0.00 0.00 0.00 0.00 0.00 0.07 0.32 0.58 0.87 1.18 1.51 1.86 2.23 2.62 3.01 3.42 3.80 4.16 4.48 4.78 5.04 5.29 5.50 5.70 5.88 6.05 6.20 6.34 6.47 6.58 6.67 6.75 6.80 6.84 6.88 6.92 6.96 7.00 7.04 7.07 7.09 7.11 7.11 7.10 7.06 7.01 6.94 6.86 6.76 6.65 6.53 6.40 6.25 6.09 5.93
3.63 3.33 3.04 2.74 2.45 2.16 1.89 1.62 1.36 1.11 0.88 0.66 0.46 0.27 0.09 0.00 0.00 0.00 0.00 0.00 0.00 0.00 0.00 0.00 0.00 0.00 0.00 0.00 0.00 0.00 0.00 0.00 0.00 0.00 0.18 0.42 0.68 0.96 1.25 1.57 1.90 2.24 2.60 2.96 3.33 3.68 4.01 4.30 4.57 4.82 5.04 5.24 5.42 5.60 5.76 5.91 6.06 6.19 6.30 6.40 6.49 6.56 6.60 6.64 6.67 6.70 6.73 6.76 6.79 6.81 6.83 6.83 6.81 6.78 6.73 6.66 6.59 6.49 6.39 6.28 6.15 6.01 5.86 5.70
3.27 2.99 2.72 2.44 2.17 1.90 1.64 1.39 1.15 0.92 0.70 0.50 0.31 0.14 0.00 0.00 0.00 0.00 0.00 0.00 0.00 0.00 0.00 0.00 0.00 0.00 0.00 0.00 0.00 0.00 0.00 0.00 0.00 0.09 0.33 0.58 0.83 1.10 1.37 1.66 1.97 2.28 2.60 2.93 3.27 3.58 3.87 4.14 4.38 4.60 4.79 4.97 5.15 5.32 5.48 5.63 5.77 5.90 6.02 6.13 6.22 6.30 6.36 6.40 6.43 6.45 6.48 6.50 6.52 6.54 6.55 6.56 6.54 6.51 6.46 6.40 6.33 6.24 6.14 6.03 5.91 5.77 5.63 5.48
2.94 2.68 2.42 2.16 1.90 1.65 1.41 1.17 0.94 0.73 0.53 0.34 0.17 0.01 0.00 0.00 0.00 0.00 0.00 0.00 0.00 0.00 0.00 0.00 0.00 0.00 0.00 0.00 0.00 0.00 0.00 0.00 0.05 0.28 0.51 0.76 1.02 1.27 1.53 1.80 2.07 2.35 2.64 2.93 3.22 3.50 3.75 3.98 4.19 4.38 4.55 4.72 4.88 5.04 5.20 5.35 5.49 5.62 5.74 5.86 5.95 6.04 6.11 6.16 6.20 6.22 6.23 6.25 6.27 6.29 6.30 6.30 6.28 6.25 6.21 6.15 6.08 5.99 5.90 5.79 5.68 5.55 5.41 5.27
2.64 2.40 2.15 1.91 1.67 1.43 1.20 0.98 0.76 0.56 0.37 0.19 0.03 0.00 0.00 0.00 0.00 0.00 0.00 0.00 0.00 0.00 0.00 0.00 0.00 0.00 0.00 0.00 0.00 0.00 0.00 0.05 0.27 0.49 0.73 0.98 1.23 1.48 1.72 1.97 2.21 2.45 2.70 2.95 3.20 3.43 3.64 3.83 4.00 4.16 4.32 4.47 4.62 4.78 4.92 5.07 5.21 5.34 5.46 5.58 5.68 5.77 5.85 5.91 5.96 5.99 6.01 6.02 6.03 6.04 6.05 6.05 6.03 6.00 5.96 5.91 5.84 5.76 5.67 5.56 5.45 5.33 5.21 5.07
2.39 2.16 1.93 1.70 1.47 1.24 1.02 0.81 0.61 0.42 0.24 0.07 0.00 0.00 0.00 0.00 0.00 0.00 0.00 0.00 0.00 0.00 0.00 0.00 0.00 0.00 0.00 0.00 0.00 0.00 0.08 0.29 0.51 0.74 0.98 1.22 1.46 1.70 1.93 2.16 2.38 2.58 2.79 2.99 3.19 3.38 3.54 3.69 3.83 3.96 4.10 4.24 4.38 4.52 4.66 4.80 4.93 5.06 5.19 5.30 5.41 5.50 5.59 5.66 5.72 5.76 5.78 5.79 5.80 5.81 5.82 5.81 5.80 5.77 5.73 5.67 5.61 5.53 5.44 5.34 5.24 5.12 5.01 4.88
2.19 1.97 1.75 1.53 1.31 1.10 0.89 0.69 0.49 0.31 0.14 0.00 0.00 0.00 0.00 0.00 0.00 0.00 0.00 0.00 0.00 0.00 0.00 0.00 0.00 0.00 0.00 0.00 0.00 0.13 0.34 0.56 0.78 1.01 1.25 1.48 1.71 1.94 2.16 2.36 2.56 2.73 2.89 3.05 3.20 3.33 3.45 3.55 3.66 3.78 3.90 4.02 4.15 4.28 4.41 4.54 4.67 4.79 4.91 5.03 5.13 5.23 5.32 5.40 5.46 5.52 5.55 5.58 5.58 5.59 5.59 5.59 5.57 5.54 5.50 5.45 5.39 5.31 5.23 5.13 5.03 4.93 4.81 4.70
2.05 1.84 1.63 1.42 1.21 1.00 0.80 0.60 0.42 0.24 0.07 0.00 0.00 0.00 0.00 0.00 0.00 0.00 0.00 0.00 0.00 0.00 0.00 0.00 0.00 0.00 0.00 0.01 0.20 0.41 0.62 0.84 1.07 1.30 1.53 1.76 1.98 2.19 2.39 2.57 2.74 2.89 3.02 3.12 3.21 3.29 3.36 3.44 3.52 3.61 3.72 3.82 3.94 4.05 4.17 4.29 4.41 4.53 4.64 4.76 4.86 4.96 5.05 5.14 5.21 5.27 5.32 5.35 5.37 5.38 5.38 5.37 5.36 5.33 5.29 5.23 5.17 5.10 5.02 4.93 4.83 4.73 4.63 4.52
1.97 1.77 1.57 1.36 1.16 0.96 0.76 0.57 0.39 0.22 0.06 0.00 0.00 0.00 0.00 0.00 0.00 0.00 0.00 0.00 0.00 0.00 0.00 0.00 0.00 0.00 0.10 0.29 0.49 0.71 0.93 1.15 1.38 1.61 1.83 2.04 2.25 2.44 2.62 2.78 2.93 3.04 3.14 3.20 3.24 3.27 3.30 3.35 3.41 3.48 3.56 3.64 3.74 3.84 3.95 4.05 4.16 4.27 4.38 4.49 4.59 4.69 4.79 4.87 4.95 5.02 5.08 5.12 5.15 5.17 5.17 5.17 5.15 5.12 5.08 5.02 4.96 4.89 4.81 4.73 4.64 4.55 4.45 4.35
1.96 1.77 1.57 1.37 1.17 0.98 0.78 0.60 0.42 0.25 0.09 0.00 0.00 0.00 0.00 0.00 0.00 0.00 0.00 0.00 0.00 0.00 0.00 0.00 0.00 0.18 0.37 0.58 0.80 1.02 1.24 1.47 1.69 1.91 2.13 2.33 2.52 2.70 2.85 2.99 3.10 3.19 3.25 3.27 3.27 3.26 3.26 3.28 3.32 3.36 3.42 3.49 3.56 3.65 3.74 3.83 3.93 4.03 4.13 4.23 4.33 4.43 4.53 4.61 4.69 4.77 4.83 4.89 4.93 4.96 4.97 4.97 4.95 4.92 4.88 4.82 4.76 4.70 4.62 4.54 4.46 4.37 4.28 4.19
1.97 1.78 1.59 1.40 1.20 1.01 0.82 0.64 0.47 0.30 0.14 0.00 0.00 0.00 0.00 0.00 0.00 0.00 0.00 0.00 0.00 0.00 0.00 0.07 0.25 0.45 0.66 0.88 1.10 1.33 1.56 1.78 2.00 2.22 2.42 2.61 2.78 2.93 3.07 3.18 3.26 3.31 3.33 3.32 3.30 3.27 3.25 3.24 3.24 3.26 3.30 3.34 3.40 3.46 3.54 3.62 3.70 3.79 3.89 3.98 4.08 4.17 4.26 4.35 4.44 4.51 4.59 4.65 4.70 4.74 4.78 4.80 4.78 4.74 4.70 4.65 4.59 4.52 4.45 4.38 4.30 4.21 4.13 4.05
1.98 1.80 1.62 1.43 1.24 1.05 0.87 0.69 0.52 0.36 0.20 0.06 0.00 0.00 0.00 0.00 0.00 0.00 0.00 0.00 0.00 0.00 0.11 0.30 0.50 0.72 0.94 1.17 1.40 1.63 1.86 2.08 2.30 2.50 2.69 2.86 3.02 3.15 3.25 3.33 3.38 3.40 3.39 3.36 3.32 3.28 3.24 3.21 3.18 3.18 3.19 3.21 3.24 3.29 3.35 3.41 3.48 3.56 3.65 3.73 3.82 3.91 4.00 4.09 4.18 4.26 4.34 4.41 4.47 4.53 4.59 4.63 4.63 4.60 4.55 4.50 4.44 4.38 4.31 4.23 4.16 4.08 4.00 3.93
2.00 1.82 1.64 1.46 1.28 1.10 0.92 0.75 0.58 0.42 0.27 0.13 0.00 0.00 0.00 0.00 0.00 0.00 0.00 0.00 0.00 0.12 0.32 0.53 0.75 0.98 1.22 1.45 1.69 1.92 2.15 2.37 2.58 2.77 2.94 3.10 3.23 3.34 3.41 3.46 3.48 3.46 3.43 3.39 3.35 3.30 3.24 3.19 3.14 3.11 3.09 3.09 3.10 3.13 3.17 3.22 3.27 3.34 3.41 3.49 3.58 3.66 3.75 3.84 3.92 4.01 4.09 4.17 4.24 4.32 4.40 4.46 4.49 4.48 4.43 4.38 4.32 4.25 4.18 4.11 4.04 3.97 3.90 3.83
2.02 1.85 1.68 1.50 1.33 1.15 0.98 0.81 0.65 0.49 0.35 0.21 0.09 0.00 0.00 0.00 0.00 0.00 0.00 0.01 0.15 0.33 0.53 0.76 1.00 1.24 1.49 1.73 1.97 2.21 2.43 2.64 2.84 3.02 3.17 3.31 3.42 3.50 3.55 3.56 3.54 3.51 3.47 3.42 3.36 3.30 3.24 3.18 3.11 3.05 3.01 2.98 2.97 2.98 3.00 3.03 3.08 3.13 3.19 3.26 3.33 3.41 3.50 3.58 3.67 3.76 3.84 3.93 4.03 4.13 4.22 4.30 4.35 4.36 4.33 4.28 4.22 4.15 4.08 4.01 3.94 3.88 3.81 3.74
2.03 1.88 1.71 1.55 1.38 1.21 1.04 0.88 0.72 0.57 0.43 0.30 0.18 0.08 0.01 0.00 0.00 0.03 0.10 0.22 0.37 0.55 0.76 1.00 1.25 1.50 1.75 2.00 2.24 2.47 2.69 2.89 3.08 3.24 3.38 3.49 3.58 3.63 3.64 3.63 3.60 3.56 3.51 3.45 3.38 3.31 3.24 3.16 3.09 3.01 2.95 2.89 2.86 2.85 2.85 2.86 2.89 2.93 2.98 3.03 3.10 3.17 3.25 3.34 3.42 3.51 3.61 3.71 3.82 3.94 4.05 4.15 4.21 4.24 4.23 4.20 4.14 4.07 4.00 3.93 3.87 3.80 3.74 3.68
2.05 1.90 1.75 1.59 1.43 1.27 1.11 0.95 0.80 0.66 0.52 0.39 0.28 0.20 0.16 0.15 0.17 0.23 0.33 0.45 0.61 0.80 1.01 1.24 1.49 1.75 2.01 2.26 2.50 2.73 2.94 3.13 3.30 3.44 3.56 3.65 3.71 3.73 3.72 3.69 3.65 3.60 3.54 3.47 3.39 3.31 3.23 3.15 3.06 2.98 2.90 2.82 2.76 2.73 2.71 2.70 2.71 2.74 2.77 2.82 2.88 2.94 3.01 3.09 3.18 3.28 3.38 3.50 3.63 3.75 3.88 3.99 4.07 4.11 4.13 4.11 4.07 4.01 3.94 3.87 3.80 3.74 3.68 3.62
2.07 1.93 1.79 1.64 1.48 1.33 1.18 1.03 0.89 0.75 0.62 0.50 0.41 0.36 0.33 0.34 0.38 0.46 0.57 0.70 0.87 1.06 1.27 1.50 1.74 2.00 2.26 2.51 2.74 2.96 3.16 3.34 3.50 3.62 3.72 3.78 3.81 3.80 3.78 3.74 3.69 3.64 3.57 3.49 3.41 3.32 3.22 3.13 3.04 2.94 2.85 2.76 2.69 2.62 2.58 2.56 2.55 2.56 2.58 2.61 2.66 2.72 2.78 2.86 2.95 3.06 3.18 3.30 3.44 3.58 3.72 3.84 3.93 3.99 4.02 4.03 4.00 3.95 3.89 3.82 3.75 3.69 3.63 3.58
2.09 1.96 1.82 1.68 1.54 1.40 1.25 1.11 0.97 0.84 0.72 0.63 0.56 0.53 0.53 0.56 0.62 0.70 0.82 0.97 1.14 1.33 1.54 1.76 1.99 2.24 2.49 2.74 2.97 3.18 3.37 3.53 3.67 3.77 3.84 3.88 3.88 3.86 3.83 3.79 3.73 3.67 3.60 3.51 3.42 3.32 3.22 3.11 3.01 2.91 2.81 2.71 2.62 2.54 2.47 2.43 2.40 2.39 2.40 2.42 2.46 2.51 2.57 2.65 2.74 2.86 2.98 3.12 3.26 3.41 3.56 3.69 3.80 3.87 3.92 3.93 3.93 3.90 3.85 3.78 3.71 3.65 3.59 3.54
2.11 1.99 1.86 1.73 1.60 1.46 1.33 1.19 1.06 0.94 0.85 0.78 0.74 0.73 0.75 0.79 0.86 0.97 1.09 1.25 1.42 1.61 1.81 2.03 2.26 2.49 2.72 2.95 3.17 3.38 3.55 3.70 3.82 3.90 3.94 3.95 3.94 3.92 3.88 3.83 3.77 3.70 3.62 3.53 3.42 3.32 3.21 3.10 2.99 2.88 2.77 2.66 2.56 2.47 2.38 2.32 2.27 2.24 2.24 2.24 2.27 2.31 2.37 2.45 2.55 2.67 2.81 2.95 3.10 3.25 3.41 3.55 3.67 3.75 3.81 3.84 3.85 3.83 3.80 3.75 3.68 3.62 3.56 3.51
