data_processed/recharge/precip/Precip_2010_05.asc
ncols        168
nrows        136
xllcorner    455000
yllcorner    2107000
cellsize     500
NODATA_value     -99999
[rows 0 to 33 of 136, columns 0 to 76 of 168]
42.72 43.33 43.90 44.42 44.90 45.32 45.68 45.97 46.20 46.36 46.43 46.43 46.34 46.15 45.87 45.49 45.01 44.41 43.70 42.94 42.21 41.56 41.01 40.57 40.13 39.66 39.15 38.62 38.08 37.54 37.01 36.49 35.98 35.49 35.02 34.57 34.15 33.75 33.39 33.06 32.76 32.51 32.31 32.15 32.02 31.88 31.68 31.39 31.03 30.60 30.13 29.64 29.14 28.64 28.13 27.60 27.07 26.54 26.02 25.51 25.01 24.53 24.07 23.65 23.26 22.91 22.61 22.36 22.17 22.04 21.97 21.98 22.06 22.23 22.47 22.78 23.16
43.89 44.40 44.89 45.34 45.76 46.13 46.45 46.73 46.94 47.09 47.18 47.19 47.14 47.00 46.77 46.46 46.05 45.54 44.93 44.22 43.47 42.77 42.16 41.66 41.16 40.63 40.07 39.50 38.92 38.35 37.79 37.24 36.70 36.17 35.67 35.18 34.72 34.29 33.89 33.52 33.19 32.90 32.65 32.45 32.30 32.19 32.05 31.85 31.56 31.20 30.80 30.38 29.95 29.50 29.03 28.55 28.06 27.57 27.08 26.60 26.14 25.69 25.26 24.87 24.51 24.18 23.91 23.68 23.50 23.39 23.33 23.35 23.45 23.63 23.90 24.23 24.63
45.01 45.43 45.83 46.21 46.57 46.89 47.17 47.42 47.62 47.76 47.86 47.89 47.86 47.76 47.59 47.34 47.01 46.59 46.08 45.48 44.78 44.04 43.38 42.82 42.26 41.67 41.06 40.45 39.85 39.24 38.64 38.05 37.47 36.90 36.35 35.83 35.32 34.85 34.40 33.99 33.61 33.28 32.98 32.74 32.54 32.39 32.28 32.15 31.94 31.66 31.34 30.99 30.62 30.22 29.81 29.38 28.94 28.49 28.05 27.62 27.19 26.78 26.40 26.04 25.71 25.42 25.18 24.98 24.83 24.74 24.71 24.76 24.87 25.07 25.36 25.71 26.13
46.07 46.39 46.70 47.01 47.30 47.57 47.81 48.02 48.20 48.34 48.44 48.49 48.49 48.43 48.31 48.12 47.87 47.53 47.12 46.62 46.03 45.36 44.66 44.04 43.41 42.78 42.13 41.48 40.82 40.17 39.53 38.89 38.26 37.65 37.06 36.48 35.93 35.40 34.91 34.45 34.02 33.63 33.29 32.98 32.73 32.53 32.38 32.27 32.14 31.94 31.70 31.42 31.11 30.78 30.42 30.05 29.67 29.28 28.90 28.51 28.14 27.78 27.44 27.13 26.85 26.60 26.39 26.23 26.12 26.07 26.07 26.15 26.29 26.51 26.82 27.20 27.59
47.03 47.25 47.47 47.70 47.92 48.13 48.33 48.52 48.68 48.81 48.91 48.97 48.99 48.97 48.90 48.77 48.59 48.33 48.01 47.62 47.15 46.60 45.97 45.30 44.62 43.94 43.24 42.54 41.84 41.14 40.44 39.75 39.07 38.40 37.75 37.12 36.52 35.94 35.39 34.87 34.38 33.93 33.53 33.17 32.85 32.59 32.38 32.23 32.12 32.00 31.83 31.63 31.40 31.14 30.85 30.55 30.23 29.91 29.59 29.26 28.95 28.65 28.37 28.11 27.88 27.68 27.53 27.41 27.35 27.34 27.39 27.50 27.68 27.94 28.27 28.62 28.90
47.91 48.03 48.16 48.30 48.45 48.60 48.76 48.90 49.03 49.15 49.25 49.32 49.37 49.38 49.35 49.28 49.16 48.98 48.75 48.46 48.10 47.68 47.18 46.61 45.91 45.16 44.41 43.65 42.89 42.13 41.37 40.62 39.88 39.16 38.45 37.75 37.08 36.44 35.82 35.24 34.69 34.17 33.70 33.27 32.89 32.56 32.28 32.06 31.91 31.84 31.76 31.64 31.48 31.30 31.09 30.86 30.62 30.37 30.11 29.86 29.61 29.37 29.15 28.95 28.78 28.64 28.54 28.48 28.46 28.50 28.60 28.76 28.99 29.29 29.65 29.93 30.09
48.81 48.81 48.83 48.89 48.96 49.04 49.14 49.23 49.33 49.43 49.52 49.59 49.64 49.68 49.68 49.66 49.59 49.49 49.34 49.14 48.89 48.58 48.26 47.89 47.30 46.51 45.69 44.87 44.04 43.21 42.38 41.56 40.75 39.95 39.17 38.40 37.66 36.94 36.24 35.58 34.95 34.36 33.81 33.31 32.84 32.43 32.07 31.79 31.63 31.58 31.56 31.51 31.44 31.33 31.20 31.04 30.87 30.69 30.50 30.31 30.13 29.95 29.79 29.65 29.54 29.45 29.41 29.40 29.43 29.52 29.66 29.87 30.14 30.49 30.91 31.20 31.30
49.75 49.62 49.54 49.49 49.47 49.47 49.50 49.54 49.60 49.66 49.72 49.79 49.84 49.89 49.92 49.93 49.91 49.87 49.79 49.67 49.52 49.36 49.23 49.07 48.66 47.97 47.09 46.19 45.28 44.37 43.46 42.55 41.66 40.78 39.91 39.06 38.23 37.42 36.64 35.89 35.17 34.49 33.85 33.26 32.70 32.20 31.77 31.47 31.33 31.29 31.29 31.30 31.29 31.26 31.20 31.11 31.01 30.89 30.77 30.65 30.52 30.41 30.31 30.22 30.16 30.13 30.13 30.17 30.26 30.39 30.58 30.83 31.15 31.55 32.03 32.38 32.50
50.71 50.48 50.27 50.11 49.99 49.91 49.85 49.83 49.83 49.85 49.88 49.93 49.98 50.02 50.07 50.10 50.13 50.13 50.11 50.07 50.05 50.06 50.11 50.12 49.90 49.37 48.57 47.60 46.60 45.60 44.59 43.60 42.61 41.63 40.66 39.71 38.78 37.88 37.00 36.15 35.34 34.56 33.81 33.11 32.46 31.87 31.42 31.13 31.00 30.97 30.98 31.01 31.06 31.09 31.10 31.08 31.05 30.99 30.93 30.87 30.81 30.75 30.70 30.67 30.66 30.68 30.73 30.82 30.95 31.13 31.36 31.65 32.02 32.48 33.01 33.42 33.60
51.64 51.37 51.05 50.77 50.54 50.36 50.22 50.12 50.05 50.02 50.01 50.03 50.06 50.10 50.14 50.20 50.25 50.29 50.33 50.39 50.51 50.68 50.89 51.06 51.00 50.64 49.99 49.07 47.99 46.88 45.78 44.67 43.57 42.49 41.41 40.36 39.32 38.31 37.32 36.36 35.43 34.53 33.68 32.86 32.12 31.51 31.06 30.78 30.65 30.63 30.65 30.69 30.76 30.84 30.91 30.96 30.99 31.00 31.00 30.99 30.98 30.98 30.99 31.01 31.05 31.12 31.21 31.34 31.51 31.73 32.00 32.35 32.77 33.28 33.87 34.33 34.56
52.51 52.22 51.86 51.48 51.13 50.84 50.60 50.42 50.28 50.18 50.12 50.09 50.09 50.12 50.16 50.22 50.28 50.36 50.48 50.67 50.92 51.22 51.57 51.89 51.98 51.76 51.25 50.46 49.42 48.22 46.99 45.77 44.56 43.35 42.16 40.98 39.82 38.68 37.57 36.49 35.44 34.42 33.44 32.53 31.75 31.14 30.69 30.41 30.29 30.28 30.31 30.36 30.43 30.53 30.65 30.76 30.84 30.91 30.97 31.02 31.06 31.11 31.17 31.24 31.33 31.44 31.58 31.75 31.96 32.22 32.54 32.94 33.41 33.97 34.61 35.12 35.40
53.32 53.01 52.64 52.22 51.77 51.36 51.01 50.73 50.51 50.34 50.22 50.14 50.10 50.10 50.12 50.18 50.26 50.39 50.61 50.91 51.27 51.69 52.16 52.61 52.82 52.73 52.34 51.68 50.74 49.56 48.23 46.88 45.54 44.20 42.88 41.57 40.27 39.00 37.76 36.54 35.35 34.20 33.11 32.16 31.38 30.76 30.32 30.04 29.92 29.92 29.95 30.01 30.09 30.20 30.33 30.48 30.62 30.75 30.86 30.96 31.06 31.16 31.26 31.38 31.51 31.66 31.84 32.06 32.31 32.61 32.98 33.42 33.94 34.55 35.23 35.79 36.12
54.07 53.75 53.36 52.93 52.44 51.93 51.47 51.08 50.76 50.51 50.32 50.18 50.09 50.05 50.05 50.09 50.21 50.42 50.73 51.11 51.56 52.08 52.66 53.22 53.54 53.55 53.27 52.71 51.88 50.79 49.46 47.99 46.51 45.03 43.56 42.11 40.67 39.25 37.86 36.50 35.16 33.89 32.76 31.80 31.01 30.39 29.94 29.66 29.55 29.55 29.58 29.65 29.74 29.85 29.99 30.16 30.34 30.52 30.68 30.83 30.98 31.12 31.27 31.43 31.61 31.80 32.02 32.27 32.56 32.91 33.32 33.80 34.37 35.02 35.74 36.35 36.73
54.77 54.42 54.03 53.58 53.08 52.54 51.98 51.48 51.05 50.71 50.43 50.22 50.07 49.99 49.96 50.02 50.18 50.46 50.82 51.28 51.81 52.41 53.07 53.72 54.13 54.23 54.04 53.56 52.82 51.81 50.55 49.07 47.45 45.82 44.20 42.59 40.99 39.42 37.87 36.35 34.89 33.57 32.42 31.45 30.65 30.03 29.57 29.29 29.17 29.17 29.21 29.28 29.38 29.50 29.65 29.82 30.01 30.23 30.44 30.64 30.83 31.02 31.21 31.41 31.62 31.85 32.11 32.40 32.73 33.12 33.58 34.10 34.70 35.39 36.16 36.81 37.24
55.40 55.04 54.63 54.17 53.66 53.11 52.53 51.93 51.39 50.94 50.57 50.28 50.07 49.92 49.89 49.97 50.18 50.49 50.90 51.41 52.00 52.66 53.39 54.12 54.60 54.77 54.65 54.24 53.56 52.61 51.42 49.99 48.34 46.56 44.77 43.00 41.24 39.50 37.78 36.12 34.60 33.26 32.10 31.12 30.31 29.67 29.21 28.93 28.81 28.81 28.85 28.92 29.02 29.14 29.30 29.47 29.67 29.90 30.14 30.39 30.62 30.85 31.08 31.32 31.57 31.84 32.13 32.46 32.83 33.26 33.75 34.31 34.95 35.68 36.49 37.18 37.64
55.98 55.61 55.18 54.71 54.19 53.63 53.04 52.41 51.78 51.22 50.75 50.37 50.08 49.91 49.88 49.98 50.20 50.53 50.97 51.51 52.14 52.85 53.63 54.42 54.95 55.18 55.10 54.74 54.11 53.21 52.06 50.67 49.05 47.23 45.28 43.33 41.39 39.47 37.60 35.88 34.34 32.98 31.81 30.81 29.98 29.34 28.87 28.58 28.45 28.45 28.49 28.56 28.66 28.79 28.94 29.13 29.33 29.56 29.82 30.09 30.36 30.63 30.90 31.18 31.46 31.76 32.09 32.45 32.86 33.32 33.85 34.44 35.12 35.89 36.73 37.45 37.96
56.50 56.11 55.67 55.19 54.66 54.10 53.50 52.87 52.22 51.56 50.98 50.51 50.16 49.97 49.93 50.02 50.24 50.58 51.03 51.59 52.24 52.98 53.79 54.61 55.18 55.44 55.40 55.07 54.47 53.60 52.47 51.11 49.51 47.70 45.69 43.56 41.43 39.35 37.42 35.68 34.11 32.73 31.54 30.52 29.68 29.02 28.55 28.24 28.12 28.11 28.15 28.21 28.31 28.44 28.60 28.78 28.99 29.23 29.49 29.77 30.07 30.37 30.68 30.98 31.30 31.63 31.99 32.39 32.83 33.32 33.88 34.51 35.22 36.02 36.89 37.65 38.19
56.95 56.55 56.10 55.61 55.08 54.51 53.91 53.28 52.62 51.94 51.28 50.73 50.34 50.12 50.04 50.11 50.31 50.64 51.09 51.64 52.29 53.04 53.87 54.71 55.30 55.58 55.55 55.24 54.64 53.78 52.66 51.30 49.71 47.90 45.88 43.67 41.40 39.25 37.29 35.51 33.92 32.52 31.30 30.26 29.41 28.74 28.25 27.94 27.80 27.79 27.82 27.88 27.98 28.11 28.26 28.45 28.66 28.90 29.16 29.44 29.75 30.08 30.41 30.75 31.09 31.45 31.84 32.27 32.74 33.26 33.85 34.51 35.25 36.08 36.98 37.77 38.35
57.35 56.94 56.48 55.97 55.44 54.86 54.26 53.63 52.97 52.31 51.65 51.07 50.63 50.35 50.22 50.25 50.42 50.71 51.13 51.67 52.31 53.04 53.87 54.71 55.30 55.58 55.55 55.23 54.63 53.76 52.63 51.25 49.65 47.82 45.78 43.59 41.35 39.19 37.19 35.39 33.77 32.34 31.10 30.05 29.17 28.48 27.98 27.66 27.51 27.49 27.52 27.57 27.67 27.79 27.94 28.12 28.34 28.57 28.84 29.13 29.44 29.77 30.12 30.48 30.85 31.24 31.66 32.11 32.61 33.16 33.77 34.46 35.22 36.08 37.01 37.83 38.44
57.69 57.26 56.79 56.28 55.74 55.16 54.56 53.93 53.28 52.65 52.05 51.50 51.01 50.66 50.47 50.44 50.55 50.80 51.17 51.67 52.28 52.99 53.80 54.62 55.19 55.45 55.40 55.06 54.43 53.53 52.37 50.97 49.33 47.47 45.44 43.35 41.25 39.16 37.15 35.32 33.67 32.21 30.95 29.87 28.97 28.27 27.75 27.41 27.25 27.22 27.24 27.29 27.38 27.49 27.64 27.82 28.03 28.27 28.53 28.82 29.13 29.46 29.81 30.19 30.58 31.00 31.44 31.91 32.43 33.01 33.65 34.36 35.15 36.03 36.98 37.83 38.47
57.97 57.53 57.05 56.53 55.98 55.40 54.80 54.17 53.56 52.98 52.44 51.94 51.47 51.07 50.79 50.68 50.72 50.90 51.22 51.66 52.21 52.88 53.65 54.43 54.98 55.20 55.11 54.72 54.05 53.11 51.90 50.45 48.76 46.89 44.95 43.00 41.04 39.09 37.15 35.30 33.62 32.13 30.84 29.74 28.82 28.09 27.55 27.20 27.03 26.99 27.00 27.04 27.12 27.23 27.37 27.54 27.75 27.98 28.24 28.52 28.83 29.16 29.51 29.89 30.30 30.73 31.19 31.69 32.23 32.83 33.49 34.22 35.03 35.93 36.91 37.78 38.44
58.19 57.74 57.25 56.72 56.17 55.59 54.99 54.39 53.83 53.31 52.81 52.35 51.92 51.52 51.19 50.98 50.93 51.02 51.26 51.62 52.11 52.72 53.43 54.16 54.65 54.81 54.67 54.22 53.49 52.49 51.22 49.70 47.98 46.19 44.38 42.56 40.74 38.91 37.10 35.32 33.63 32.11 30.79 29.66 28.72 27.97 27.41 27.04 26.85 26.80 26.79 26.82 26.89 26.99 27.12 27.29 27.49 27.72 27.97 28.24 28.54 28.86 29.21 29.59 30.00 30.44 30.92 31.44 32.00 32.61 33.29 34.04 34.87 35.79 36.79 37.68 38.37
58.34 57.88 57.39 56.86 56.30 55.72 55.15 54.60 54.09 53.61 53.15 52.73 52.33 51.96 51.62 51.33 51.17 51.16 51.30 51.58 51.98 52.50 53.14 53.80 54.22 54.31 54.09 53.57 52.76 51.67 50.32 48.76 47.12 45.45 43.76 42.06 40.36 38.66 36.97 35.31 33.68 32.14 30.79 29.63 28.67 27.89 27.31 26.92 26.72 26.65 26.63 26.65 26.70 26.79 26.92 27.07 27.26 27.48 27.71 27.97 28.26 28.57 28.91 29.29 29.70 30.15 30.64 31.17 31.75 32.38 33.08 33.84 34.69 35.62 36.64 37.54 38.25
58.44 57.97 57.47 56.93 56.38 55.82 55.30 54.80 54.32 53.88 53.45 53.06 52.68 52.33 52.01 51.71 51.46 51.33 51.35 51.52 51.82 52.24 52.78 53.36 53.68 53.68 53.37 52.75 51.85 50.66 49.25 47.76 46.23 44.67 43.09 41.51 39.92 38.33 36.77 35.22 33.70 32.23 30.86 29.67 28.68 27.88 27.27 26.86 26.64 26.56 26.52 26.52 26.56 26.64 26.75 26.89 27.07 27.26 27.48 27.72 28.00 28.30 28.63 29.00 29.41 29.87 30.36 30.90 31.49 32.14 32.84 33.62 34.48 35.43 36.46 37.38 38.10
58.48 58.00 57.49 56.96 56.42 55.91 55.43 54.96 54.52 54.10 53.71 53.33 52.97 52.64 52.32 52.03 51.75 51.52 51.41 51.45 51.62 51.93 52.36 52.83 53.05 52.94 52.51 51.78 50.76 49.51 48.15 46.76 45.33 43.87 42.40 40.92 39.44 37.97 36.51 35.07 33.66 32.30 30.98 29.77 28.75 27.92 27.29 26.86 26.62 26.51 26.46 26.44 26.47 26.53 26.63 26.75 26.90 27.07 27.27 27.50 27.75 28.04 28.37 28.73 29.14 29.59 30.08 30.63 31.23 31.88 32.60 33.39 34.26 35.22 36.26 37.19 37.93
58.45 57.97 57.46 56.94 56.45 55.98 55.52 55.09 54.67 54.28 53.90 53.54 53.19 52.86 52.55 52.25 51.97 51.70 51.47 51.37 51.40 51.58 51.88 52.22 52.31 52.08 51.52 50.66 49.56 48.34 47.08 45.78 44.44 43.09 41.71 40.33 38.94 37.57 36.21 34.88 33.57 32.31 31.09 29.93 28.89 28.04 27.38 26.92 26.66 26.53 26.46 26.42 26.43 26.47 26.55 26.64 26.76 26.91 27.08 27.29 27.53 27.80 28.12 28.47 28.87 29.32 29.82 30.37 30.97 31.63 32.36 33.15 34.03 35.00 36.04 36.99 37.74
58.37 57.88 57.39 56.91 56.45 56.01 55.58 55.17 54.77 54.39 54.02 53.66 53.32 52.99 52.67 52.37 52.07 51.79 51.51 51.28 51.16 51.18 51.33 51.53 51.48 51.10 50.40 49.44 48.37 47.24 46.06 44.84 43.59 42.32 41.03 39.74 38.45 37.16 35.90 34.66 33.45 32.28 31.16 30.09 29.10 28.23 27.54 27.05 26.77 26.62 26.52 26.46 26.45 26.47 26.51 26.57 26.66 26.78 26.93 27.11 27.33 27.59 27.89 28.23 28.63 29.07 29.56 30.11 30.72 31.39 32.12 32.92 33.80 34.77 35.82 36.77 37.53
58.23 57.76 57.30 56.85 56.42 56.00 55.59 55.19 54.80 54.43 54.06 53.71 53.36 53.02 52.69 52.37 52.05 51.75 51.44 51.15 50.89 50.74 50.73 50.77 50.56 50.01 49.20 48.26 47.26 46.20 45.10 43.96 42.79 41.60 40.39 39.18 37.97 36.77 35.59 34.43 33.31 32.23 31.19 30.22 29.31 28.48 27.77 27.26 26.94 26.77 26.65 26.57 26.53 26.50 26.51 26.53 26.59 26.68 26.80 26.96 27.16 27.40 27.68 28.02 28.40 28.83 29.32 29.87 30.48 31.15 31.89 32.69 33.58 34.55 35.60 36.56 37.32
58.05 57.61 57.17 56.75 56.33 55.93 55.53 55.14 54.76 54.38 54.01 53.65 53.29 52.94 52.59 52.25 51.90 51.57 51.23 50.90 50.56 50.26 50.07 49.93 49.54 48.87 48.07 47.19 46.25 45.27 44.23 43.16 42.06 40.94 39.81 38.67 37.53 36.40 35.30 34.22 33.17 32.17 31.22 30.32 29.50 28.74 28.08 27.54 27.20 27.00 26.85 26.74 26.65 26.59 26.55 26.54 26.56 26.62 26.71 26.84 27.02 27.24 27.50 27.82 28.19 28.62 29.10 29.64 30.25 30.93 31.67 32.48 33.37 34.34 35.39 36.35 37.13
57.84 57.42 57.01 56.60 56.20 55.80 55.41 55.02 54.63 54.25 53.87 53.49 53.11 52.74 52.36 51.99 51.61 51.23 50.86 50.48 50.09 49.71 49.35 49.02 48.49 47.82 47.07 46.25 45.37 44.44 43.47 42.46 41.42 40.36 39.29 38.22 37.15 36.09 35.05 34.04 33.06 32.13 31.25 30.43 29.67 29.00 28.40 27.90 27.54 27.31 27.12 26.96 26.83 26.72 26.63 26.59 26.57 26.59 26.66 26.76 26.91 27.11 27.35 27.65 28.01 28.42 28.90 29.44 30.04 30.72 31.46 32.28 33.18 34.15 35.20 36.17 37.04
57.59 57.18 56.78 56.38 55.99 55.59 55.20 54.80 54.40 54.01 53.61 53.21 52.81 52.40 51.99 51.58 51.17 50.75 50.32 49.89 49.45 49.01 48.56 48.09 47.55 46.92 46.22 45.45 44.62 43.74 42.82 41.86 40.88 39.88 38.86 37.85 36.83 35.83 34.86 33.91 32.99 32.12 31.31 30.55 29.86 29.25 28.72 28.29 27.95 27.69 27.46 27.24 27.05 26.90 26.77 26.68 26.63 26.61 26.64 26.72 26.84 27.01 27.24 27.52 27.86 28.26 28.72 29.25 29.85 30.52 31.27 32.09 32.99 33.98 35.04 36.09 37.09
57.22 56.83 56.44 56.05 55.66 55.27 54.87 54.47 54.07 53.66 53.24 52.82 52.40 51.96 51.52 51.07 50.62 50.15 49.68 49.20 48.70 48.20 47.70 47.22 46.70 46.12 45.46 44.74 43.96 43.12 42.25 41.34 40.41 39.46 38.50 37.53 36.57 35.63 34.71 33.81 32.96 32.15 31.39 30.69 30.07 29.52 29.06 28.69 28.41 28.16 27.88 27.61 27.37 27.16 26.98 26.85 26.75 26.70 26.69 26.73 26.82 26.96 27.16 27.42 27.74 28.12 28.57 29.09 29.68 30.34 31.08 31.90 32.81 33.80 34.86 36.00 37.12
56.67 56.31 55.95 55.58 55.20 54.82 54.43 54.03 53.62 53.21 52.78 52.35 51.91 51.45 50.99 50.51 50.02 49.52 49.01 48.48 47.94 47.40 46.88 46.39 45.89 45.33 44.72 44.04 43.31 42.52 41.70 40.84 39.96 39.06 38.15 37.24 36.33 35.44 34.58 33.74 32.94 32.19 31.49 30.86 30.30 29.81 29.41 29.10 28.89 28.69 28.40 28.08 27.78 27.51 27.28 27.09 26.94 26.84 26.79 26.79 26.84 26.95 27.12 27.34 27.64 28.00 28.42 28.92 29.50 30.15 30.88 31.70 32.60 33.58 34.64 35.78 36.98
55.98 55.65 55.32 54.97 54.62 54.25 53.88 53.49 53.09 52.68 52.25 51.82 51.36 50.90 50.42 49.92 49.41 48.88 48.34 47.78 47.20 46.64 46.11 45.62 45.11 44.57 43.99 43.36 42.67 41.94 41.16 40.35 39.52 38.67 37.81 36.96 36.11 35.27 34.46 33.69 32.95 32.25 31.62 31.04 30.54 30.12 29.78 29.54 29.38 29.23 28.97 28.63 28.27 27.94 27.65 27.40 27.20 27.05 26.94 26.89 26.90 26.97 27.10 27.29 27.55 27.88 28.28 28.75 29.30 29.94 30.65 31.45 32.35 33.33 34.38 35.51 36.71
