data_processed/recharge/precip/Precip_2012_05.asc
ncols        168
nrows        136
xllcorner    455000
yllcorner    2107000
cellsize     500
NODATA_value     -99999
[rows 102 to 135 of 136, columns 0 to 76 of 168]
14.66 14.70 14.73 14.76 14.78 14.80 14.82 14.84 14.86 14.87 14.88 14.89 14.90 14.90 14.90 14.90 14.90 14.90 14.89 14.87 14.84 14.80 14.77 14.74 14.70 14.64 14.59 14.52 14.45 14.36 14.26 14.16 14.05 13.94 13.84 13.75 13.67 13.60 13.55 13.53 13.54 13.58 13.65 13.76 13.91 14.10 14.32 14.59 14.90 15.24 15.61 16.02 16.46 16.93 17.43 17.96 18.53 19.12 19.74 20.38 21.03 21.70 22.39 23.08 23.78 24.48 25.18 25.87 26.56 27.24 27.91 28.56 29.20 29.82 30.44 31.06 31.69
14.46 14.50 14.53 14.56 14.59 14.62 14.64 14.66 14.68 14.70 14.72 14.73 14.74 14.75 14.75 14.76 14.76 14.76 14.76 14.75 14.74 14.72 14.70 14.68 14.65 14.61 14.57 14.51 14.44 14.35 14.24 14.13 14.02 13.90 13.79 13.68 13.59 13.51 13.45 13.41 13.40 13.42 13.47 13.56 13.70 13.87 14.08 14.34 14.63 14.96 15.32 15.72 16.16 16.62 17.13 17.67 18.24 18.83 19.46 20.10 20.76 21.44 22.12 22.82 23.52 24.23 24.94 25.64 26.33 27.02 27.69 28.35 28.99 29.61 30.22 30.84 31.46
14.28 14.32 14.36 14.40 14.44 14.48 14.51 14.54 14.57 14.60 14.62 14.65 14.67 14.68 14.70 14.71 14.72 14.73 14.74 14.74 14.74 14.74 14.73 14.73 14.72 14.69 14.65 14.59 14.51 14.42 14.31 14.19 14.06 13.93 13.81 13.69 13.58 13.48 13.40 13.35 13.31 13.31 13.34 13.41 13.52 13.67 13.87 14.11 14.38 14.70 15.05 15.44 15.87 16.33 16.84 17.38 17.95 18.54 19.16 19.81 20.47 21.14 21.83 22.53 23.24 23.94 24.65 25.35 26.05 26.74 27.41 28.07 28.71 29.33 29.94 30.55 31.16
14.11 14.17 14.22 14.28 14.33 14.38 14.43 14.48 14.52 14.56 14.60 14.64 14.67 14.71 14.74 14.76 14.79 14.81 14.83 14.84 14.86 14.87 14.88 14.90 14.90 14.88 14.84 14.77 14.68 14.58 14.45 14.32 14.18 14.04 13.90 13.76 13.63 13.52 13.42 13.34 13.29 13.26 13.27 13.31 13.39 13.51 13.69 13.90 14.16 14.46 14.79 15.17 15.59 16.06 16.56 17.09 17.65 18.25 18.86 19.50 20.16 20.83 21.52 22.21 22.91 23.62 24.32 25.02 25.72 26.40 27.08 27.73 28.37 28.99 29.59 30.19 30.78
13.96 14.04 14.12 14.19 14.27 14.34 14.41 14.47 14.54 14.60 14.66 14.71 14.77 14.82 14.87 14.91 14.95 15.00 15.03 15.07 15.10 15.13 15.16 15.19 15.20 15.18 15.13 15.05 14.95 14.83 14.69 14.54 14.39 14.23 14.07 13.91 13.76 13.62 13.50 13.40 13.32 13.26 13.24 13.25 13.30 13.40 13.54 13.73 13.96 14.24 14.56 14.93 15.34 15.79 16.28 16.81 17.36 17.95 18.56 19.19 19.84 20.50 21.18 21.86 22.56 23.25 23.95 24.65 25.33 26.01 26.68 27.33 27.96 28.57 29.16 29.74 30.25
13.83 13.94 14.04 14.14 14.24 14.34 14.43 14.52 14.61 14.70 14.78 14.86 14.94 15.01 15.09 15.16 15.22 15.29 15.35 15.41 15.47 15.52 15.57 15.61 15.61 15.58 15.52 15.43 15.31 15.17 15.02 14.85 14.68 14.50 14.31 14.13 13.96 13.80 13.65 13.52 13.41 13.33 13.27 13.25 13.27 13.33 13.43 13.59 13.79 14.05 14.36 14.71 15.11 15.55 16.03 16.54 17.08 17.65 18.25 18.87 19.50 20.15 20.82 21.50 22.18 22.86 23.55 24.23 24.91 25.58 26.23 26.87 27.49 28.09 28.66 29.15 29.57
13.70 13.84 13.97 14.10 14.23 14.35 14.47 14.59 14.71 14.82 14.93 15.04 15.15 15.25 15.35 15.45 15.54 15.63 15.72 15.81 15.89 15.97 16.03 16.06 16.05 16.01 15.94 15.83 15.70 15.55 15.38 15.20 15.01 14.80 14.60 14.40 14.20 14.02 13.84 13.69 13.55 13.44 13.35 13.30 13.29 13.32 13.39 13.51 13.70 13.96 14.26 14.60 14.98 15.41 15.87 16.37 16.90 17.45 18.04 18.64 19.27 19.91 20.56 21.22 21.89 22.57 23.24 23.91 24.58 25.24 25.88 26.51 27.12 27.70 28.18 28.58 28.91
13.55 13.72 13.88 14.04 14.19 14.35 14.50 14.64 14.79 14.93 15.07 15.21 15.34 15.47 15.60 15.72 15.84 15.96 16.08 16.19 16.30 16.39 16.45 16.45 16.43 16.38 16.30 16.19 16.05 15.89 15.71 15.52 15.31 15.10 14.88 14.67 14.45 14.25 14.05 13.88 13.72 13.59 13.48 13.40 13.36 13.36 13.41 13.53 13.74 14.02 14.31 14.65 15.02 15.44 15.89 16.38 16.90 17.45 18.03 18.63 19.25 19.88 20.53 21.18 21.85 22.51 23.18 23.85 24.51 25.16 25.80 26.42 27.01 27.51 27.92 28.24 28.49
13.38 13.57 13.76 13.95 14.13 14.32 14.50 14.67 14.85 15.02 15.18 15.35 15.51 15.67 15.83 15.98 16.13 16.27 16.42 16.56 16.68 16.77 16.80 16.79 16.74 16.68 16.60 16.49 16.35 16.19 16.01 15.81 15.60 15.38 15.15 14.93 14.71 14.49 14.28 14.09 13.92 13.77 13.65 13.55 13.49 13.48 13.53 13.67 13.90 14.20 14.51 14.85 15.22 15.64 16.09 16.58 17.09 17.64 18.21 18.81 19.43 20.06 20.70 21.36 22.02 22.69 23.35 24.02 24.68 25.33 25.97 26.57 27.09 27.52 27.87 28.13 28.31
13.19 13.40 13.62 13.84 14.06 14.27 14.48 14.68 14.89 15.09 15.28 15.48 15.67 15.85 16.04 16.22 16.40 16.57 16.74 16.90 17.02 17.09 17.11 17.07 17.02 16.94 16.85 16.75 16.61 16.46 16.28 16.08 15.87 15.65 15.42 15.19 14.97 14.75 14.54 14.34 14.16 14.00 13.86 13.76 13.69 13.68 13.76 13.93 14.18 14.49 14.82 15.18 15.56 15.98 16.43 16.92 17.45 18.00 18.57 19.17 19.79 20.43 21.07 21.73 22.40 23.07 23.74 24.41 25.08 25.73 26.35 26.89 27.33 27.72 28.04 28.25 28.38
13.01 13.23 13.47 13.72 13.96 14.20 14.44 14.68 14.91 15.14 15.36 15.59 15.81 16.02 16.24 16.45 16.65 16.86 17.05 17.20 17.31 17.36 17.37 17.32 17.25 17.17 17.07 16.95 16.83 16.68 16.52 16.33 16.12 15.91 15.69 15.47 15.24 15.02 14.81 14.61 14.43 14.27 14.13 14.02 13.97 14.00 14.10 14.29 14.56 14.89 15.24 15.62 16.02 16.45 16.91 17.41 17.94 18.50 19.08 19.69 20.32 20.96 21.62 22.29 22.96 23.65 24.33 25.01 25.68 26.32 26.88 27.34 27.74 28.09 28.41 28.61 28.70
12.85 13.06 13.31 13.57 13.85 14.12 14.39 14.66 14.92 15.18 15.43 15.68 15.93 16.18 16.42 16.66 16.90 17.12 17.31 17.46 17.56 17.60 17.60 17.54 17.47 17.37 17.26 17.14 17.02 16.88 16.73 16.56 16.37 16.17 15.96 15.75 15.53 15.32 15.12 14.93 14.75 14.59 14.46 14.37 14.36 14.42 14.55 14.76 15.05 15.38 15.75 16.14 16.57 17.02 17.50 18.01 18.55 19.13 19.72 20.35 20.99 21.65 22.32 23.00 23.69 24.39 25.09 25.78 26.45 27.02 27.50 27.92 28.29 28.65 28.98 29.18 29.27
12.70 12.91 13.16 13.43 13.72 14.03 14.33 14.62 14.91 15.20 15.49 15.77 16.05 16.33 16.60 16.87 17.12 17.35 17.53 17.68 17.77 17.81 17.80 17.74 17.66 17.56 17.44 17.32 17.19 17.06 16.93 16.77 16.61 16.43 16.23 16.04 15.84 15.64 15.45 15.27 15.11 14.96 14.86 14.82 14.84 14.93 15.09 15.32 15.62 15.97 16.35 16.76 17.20 17.67 18.18 18.71 19.27 19.86 20.48 21.12 21.78 22.46 23.15 23.86 24.57 25.29 26.00 26.69 27.29 27.79 28.23 28.61 28.99 29.37 29.74 29.98 30.08
12.58 12.78 13.02 13.30 13.60 13.92 14.25 14.58 14.90 15.22 15.54 15.85 16.16 16.46 16.77 17.06 17.32 17.54 17.73 17.87 17.96 18.01 17.99 17.93 17.84 17.74 17.62 17.49 17.36 17.23 17.11 16.98 16.84 16.68 16.52 16.35 16.17 16.00 15.83 15.67 15.52 15.41 15.35 15.35 15.41 15.54 15.72 15.97 16.28 16.63 17.03 17.45 17.91 18.40 18.93 19.48 20.07 20.68 21.33 21.99 22.68 23.38 24.10 24.83 25.57 26.31 27.03 27.65 28.18 28.63 29.04 29.42 29.82 30.25 30.68 30.98 31.12
12.48 12.68 12.92 13.18 13.49 13.81 14.17 14.52 14.88 15.23 15.58 15.92 16.26 16.59 16.92 17.22 17.49 17.72 17.90 18.05 18.14 18.18 18.17 18.11 18.02 17.92 17.80 17.68 17.55 17.42 17.30 17.18 17.07 16.95 16.81 16.67 16.53 16.38 16.24 16.10 16.00 15.94 15.93 15.98 16.07 16.22 16.43 16.69 17.01 17.37 17.78 18.22 18.69 19.20 19.74 20.32 20.93 21.58 22.25 22.94 23.66 24.40 25.15 25.91 26.67 27.42 28.07 28.62 29.09 29.52 29.93 30.34 30.78 31.28 31.80 32.18 32.39
12.41 12.60 12.83 13.10 13.40 13.73 14.09 14.46 14.85 15.23 15.61 15.98 16.36 16.72 17.05 17.36 17.64 17.87 18.07 18.21 18.31 18.36 18.35 18.29 18.21 18.11 18.00 17.88 17.75 17.63 17.51 17.41 17.31 17.22 17.13 17.02 16.91 16.80 16.69 16.60 16.56 16.55 16.59 16.67 16.80 16.98 17.20 17.48 17.81 18.18 18.59 19.04 19.53 20.05 20.61 21.21 21.85 22.52 23.22 23.95 24.71 25.48 26.26 27.06 27.83 28.51 29.09 29.59 30.04 30.46 30.89 31.35 31.86 32.46 33.10 33.57 33.87
12.37 12.55 12.78 13.04 13.33 13.66 14.02 14.41 14.82 15.23 15.64 16.05 16.44 16.82 17.17 17.49 17.77 18.02 18.22 18.38 18.49 18.54 18.54 18.49 18.41 18.32 18.21 18.10 17.99 17.87 17.77 17.67 17.58 17.51 17.46 17.39 17.32 17.26 17.20 17.18 17.19 17.24 17.32 17.44 17.60 17.80 18.05 18.33 18.67 19.04 19.46 19.92 20.42 20.96 21.54 22.15 22.81 23.50 24.23 25.00 25.79 26.61 27.43 28.24 28.95 29.56 30.08 30.56 31.00 31.45 31.92 32.45 33.06 33.78 34.55 35.16 35.57
12.36 12.54 12.75 13.01 13.30 13.63 13.99 14.38 14.79 15.23 15.67 16.11 16.52 16.91 17.28 17.61 17.91 18.16 18.38 18.55 18.67 18.74 18.74 18.70 18.64 18.56 18.46 18.36 18.26 18.16 18.06 17.97 17.90 17.85 17.81 17.80 17.78 17.77 17.78 17.82 17.89 17.98 18.11 18.27 18.46 18.68 18.94 19.24 19.58 19.96 20.38 20.85 21.35 21.91 22.50 23.13 23.81 24.52 25.28 26.07 26.91 27.76 28.60 29.35 29.99 30.54 31.04 31.51 31.98 32.47 33.02 33.64 34.37 35.23 36.16 36.92 37.47
12.39 12.56 12.76 13.01 13.30 13.62 13.98 14.37 14.79 15.24 15.70 16.15 16.59 17.00 17.38 17.73 18.05 18.32 18.55 18.74 18.87 18.95 18.97 18.95 18.90 18.83 18.75 18.66 18.57 18.49 18.41 18.33 18.28 18.24 18.22 18.24 18.28 18.34 18.42 18.52 18.64 18.79 18.95 19.14 19.36 19.61 19.88 20.19 20.53 20.91 21.34 21.81 22.33 22.89 23.49 24.14 24.84 25.57 26.35 27.17 28.03 28.90 29.68 30.35 30.93 31.46 31.95 32.45 32.96 33.52 34.16 34.90 35.77 36.80 37.92 38.86 39.57
12.47 12.62 12.81 13.05 13.33 13.66 14.01 14.40 14.82 15.27 15.73 16.20 16.66 17.09 17.49 17.86 18.20 18.49 18.74 18.95 19.10 19.20 19.24 19.23 19.19 19.14 19.08 19.01 18.94 18.87 18.81 18.76 18.72 18.70 18.71 18.75 18.84 18.97 19.12 19.27 19.45 19.64 19.84 20.07 20.31 20.58 20.87 21.18 21.52 21.90 22.33 22.80 23.33 23.90 24.52 25.18 25.89 26.64 27.44 28.28 29.14 29.92 30.61 31.22 31.78 32.30 32.82 33.35 33.94 34.59 35.35 36.24 37.28 38.50 39.82 40.96 41.85
12.59 12.72 12.90 13.13 13.41 13.72 14.08 14.47 14.89 15.33 15.79 16.26 16.74 17.19 17.62 18.01 18.37 18.69 18.96 19.19 19.36 19.48 19.54 19.55 19.54 19.51 19.47 19.42 19.37 19.33 19.28 19.25 19.24 19.24 19.28 19.36 19.48 19.65 19.85 20.07 20.29 20.53 20.77 21.03 21.30 21.58 21.88 22.20 22.54 22.92 23.34 23.82 24.35 24.93 25.55 26.23 26.95 27.72 28.54 29.37 30.12 30.79 31.40 31.97 32.52 33.06 33.62 34.23 34.91 35.68 36.58 37.63 38.86 40.30 41.86 43.22 44.32
12.75 12.87 13.04 13.26 13.52 13.83 14.18 14.57 14.98 15.43 15.89 16.36 16.84 17.32 17.77 18.19 18.58 18.92 19.22 19.47 19.67 19.81 19.90 19.93 19.94 19.93 19.92 19.90 19.87 19.85 19.83 19.83 19.84 19.88 19.95 20.06 20.21 20.40 20.64 20.90 21.18 21.45 21.73 22.02 22.31 22.61 22.92 23.24 23.58 23.95 24.38 24.85 25.38 25.97 26.60 27.29 28.02 28.81 29.61 30.33 30.96 31.53 32.07 32.60 33.15 33.74 34.37 35.06 35.86 36.77 37.84 39.08 40.53 42.21 44.02 45.63 46.97
12.97 13.07 13.22 13.43 13.69 13.99 14.33 14.71 15.12 15.57 16.03 16.51 16.99 17.48 17.95 18.40 18.82 19.19 19.52 19.80 20.03 20.20 20.31 20.37 20.41 20.43 20.44 20.45 20.45 20.46 20.47 20.49 20.54 20.61 20.72 20.86 21.03 21.24 21.48 21.77 22.08 22.40 22.71 23.03 23.34 23.65 23.97 24.30 24.63 24.99 25.42 25.89 26.42 27.01 27.65 28.34 29.09 29.85 30.53 31.12 31.65 32.14 32.62 33.12 33.68 34.32 35.04 35.85 36.79 37.87 39.13 40.58 42.27 44.21 46.31 48.19 49.78
13.24 13.32 13.46 13.65 13.90 14.19 14.53 14.90 15.32 15.76 16.23 16.71 17.20 17.69 18.18 18.66 19.11 19.51 19.88 20.19 20.45 20.65 20.79 20.88 20.95 21.00 21.04 21.08 21.11 21.15 21.20 21.26 21.34 21.45 21.58 21.74 21.93 22.15 22.40 22.69 23.02 23.36 23.71 24.05 24.38 24.71 25.03 25.36 25.68 26.04 26.46 26.93 27.46 28.05 28.69 29.39 30.11 30.75 31.29 31.76 32.19 32.62 33.06 33.56 34.13 34.81 35.63 36.58 37.68 38.96 40.43 42.13 44.08 46.31 48.71 50.88 52.76
13.56 13.63 13.75 13.93 14.16 14.45 14.78 15.16 15.58 16.02 16.49 16.98 17.48 17.98 18.48 18.98 19.45 19.90 20.29 20.64 20.93 21.17 21.35 21.47 21.57 21.66 21.73 21.80 21.87 21.95 22.03 22.13 22.24 22.37 22.53 22.71 22.91 23.13 23.39 23.68 23.99 24.34 24.71 25.07 25.42 25.76 26.09 26.41 26.73 27.08 27.49 27.96 28.49 29.07 29.72 30.38 30.97 31.45 31.87 32.24 32.60 32.98 33.40 33.90 34.51 35.25 36.16 37.26 38.55 40.03 41.74 43.70 45.94 48.48 51.21 53.71 55.89
13.95 14.00 14.10 14.26 14.49 14.77 15.11 15.49 15.91 16.36 16.83 17.33 17.84 18.35 18.87 19.37 19.87 20.34 20.78 21.16 21.50 21.77 21.98 22.14 22.28 22.41 22.52 22.63 22.74 22.85 22.97 23.10 23.24 23.40 23.57 23.76 23.96 24.19 24.45 24.72 25.03 25.36 25.72 26.10 26.46 26.81 27.15 27.46 27.77 28.11 28.51 28.97 29.49 30.08 30.68 31.21 31.63 31.98 32.28 32.57 32.87 33.22 33.64 34.17 34.82 35.64 36.65 37.89 39.36 41.09 43.06 45.31 47.86 50.73 53.82 56.65 59.16
14.41 14.43 14.51 14.67 14.89 15.18 15.51 15.89 16.32 16.77 17.26 17.76 18.28 18.81 19.34 19.86 20.38 20.87 21.34 21.77 22.14 22.46 22.71 22.91 23.09 23.26 23.41 23.56 23.71 23.86 24.01 24.17 24.33 24.51 24.69 24.88 25.10 25.32 25.57 25.83 26.12 26.42 26.76 27.12 27.49 27.85 28.18 28.49 28.79 29.11 29.50 29.96 30.47 31.01 31.47 31.82 32.10 32.32 32.53 32.76 33.02 33.35 33.79 34.35 35.08 35.99 37.12 38.50 40.16 42.12 44.37 46.93 49.82 53.05 56.51 59.72 62.58
14.93 14.93 15.01 15.16 15.38 15.67 16.00 16.39 16.82 17.28 17.78 18.29 18.82 19.37 19.91 20.46 20.99 21.51 22.00 22.47 22.89 23.25 23.54 23.79 24.01 24.22 24.42 24.61 24.79 24.98 25.16 25.34 25.52 25.70 25.89 26.09 26.30 26.52 26.75 26.99 27.26 27.54 27.84 28.16 28.51 28.86 29.19 29.50 29.78 30.09 30.47 30.91 31.37 31.76 32.03 32.23 32.37 32.50 32.63 32.80 33.04 33.38 33.84 34.46 35.27 36.30 37.57 39.11 40.96 43.14 45.68 48.57 51.82 55.44 59.30 62.89 66.13
15.52 15.52 15.59 15.75 15.97 16.25 16.59 16.99 17.42 17.89 18.40 18.93 19.47 20.03 20.60 21.16 21.72 22.26 22.78 23.27 23.73 24.14 24.48 24.77 25.04 25.30 25.54 25.77 25.99 26.20 26.40 26.60 26.79 26.98 27.18 27.37 27.57 27.78 27.99 28.21 28.45 28.69 28.96 29.23 29.53 29.85 30.17 30.47 30.74 31.03 31.39 31.78 32.08 32.27 32.37 32.43 32.46 32.50 32.57 32.71 32.94 33.30 33.81 34.51 35.42 36.57 37.99 39.72 41.77 44.19 47.00 50.22 53.84 57.87 62.16 66.17 69.82
16.21 16.20 16.28 16.43 16.65 16.94 17.29 17.69 18.13 18.62 19.14 19.68 20.24 20.82 21.40 21.99 22.56 23.13 23.68 24.20 24.69 25.14 25.54 25.88 26.19 26.49 26.78 27.04 27.28 27.52 27.74 27.95 28.15 28.35 28.54 28.72 28.91 29.10 29.29 29.48 29.68 29.89 30.11 30.34 30.58 30.84 31.12 31.40 31.65 31.92 32.22 32.43 32.53 32.54 32.50 32.43 32.37 32.34 32.37 32.49 32.73 33.13 33.71 34.49 35.52 36.81 38.41 40.33 42.61 45.28 48.37 51.90 55.90 60.36 65.09 69.55 73.65
17.01 17.00 17.07 17.23 17.45 17.75 18.10 18.51 18.97 19.46 19.99 20.55 21.13 21.73 22.33 22.94 23.54 24.14 24.71 25.26 25.79 26.27 26.71 27.11 27.47 27.81 28.13 28.42 28.69 28.94 29.17 29.39 29.59 29.79 29.97 30.14 30.31 30.47 30.64 30.80 30.96 31.12 31.30 31.47 31.66 31.86 32.06 32.29 32.51 32.71 32.83 32.83 32.74 32.60 32.42 32.25 32.10 32.02 32.02 32.14 32.42 32.87 33.52 34.42 35.58 37.03 38.82 40.95 43.48 46.41 49.79 53.65 58.00 62.88 68.09 73.05 77.66
17.84 17.83 17.91 18.07 18.31 18.61 18.98 19.40 19.87 20.38 20.93 21.51 22.12 22.74 23.37 24.00 24.63 25.26 25.87 26.45 27.01 27.54 28.02 28.45 28.86 29.23 29.58 29.89 30.18 30.44 30.69 30.91 31.11 31.30 31.47 31.63 31.77 31.91 32.04 32.16 32.28 32.40 32.52 32.64 32.76 32.89 33.03 33.17 33.28 33.28 33.18 32.99 32.73 32.45 32.16 31.90 31.70 31.58 31.58 31.72 32.04 32.57 33.32 34.35 35.66 37.30 39.29 41.66 44.45 47.67 51.37 55.57 60.29 65.57 71.22 76.73 81.86
18.31 18.33 18.43 18.62 18.88 19.22 19.62 20.07 20.58 21.13 21.72 22.34 22.99 23.65 24.33 25.01 25.69 26.37 27.03 27.67 28.29 28.87 29.39 29.85 30.29 30.69 31.07 31.41 31.72 32.00 32.25 32.48 32.69 32.87 33.03 33.17 33.30 33.41 33.51 33.60 33.68 33.75 33.82 33.88 33.95 34.01 34.07 34.09 33.91 33.60 33.29 32.94 32.56 32.17 31.81 31.51 31.28 31.17 31.21 31.41 31.82 32.46 33.35 34.54 36.05 37.91 40.15 42.80 45.88 49.44 53.49 58.07 63.19 68.81 74.71 80.63 86.29
18.30 18.37 18.53 18.77 19.09 19.48 19.94 20.45 21.02 21.64 22.29 22.98 23.70 24.43 25.18 25.94 26.70 27.45 28.19 28.92 29.61 30.25 30.80 31.28 31.74 32.17 32.58 32.96 33.29 33.59 33.86 34.10 34.31 34.49 34.64 34.78 34.89 34.98 35.05 35.11 35.15 35.19 35.21 35.22 35.23 35.23 35.17 34.93 34.43 33.77 33.14 32.65 32.18 31.74 31.36 31.05 30.85 30.79 30.91 31.22 31.76 32.56 33.64 35.05 36.80 38.92 41.46 44.42 47.86 51.78 56.24 61.23 66.73 72.59 78.67 84.78 90.83
