data_processed/recharge/precip/Precip_1994_08.asc
ncols        168
nrows        136
xllcorner    455000
yllcorner    2107000
cellsize     500
NODATA_value     -99999
[rows 0 to 32 of 136, columns 0 to 72 of 168]
257.08 259.38 261.46 263.25 264.74 265.92 266.81 267.43 267.79 267.90 267.78 267.43 266.87 266.11 265.17 264.06 262.78 261.36 259.81 258.13 256.34 254.46 252.49 250.45 248.28 245.67 242.61 239.74 237.25 234.83 232.36 229.85 227.34 224.85 222.40 220.04 217.77 215.64 213.67 211.88 210.30 208.97 207.90 207.13 206.68 206.58 206.85 207.54 208.65 210.22 212.27 214.76 217.60 220.64 223.74 226.70 229.43 231.94 234.22 236.27 238.10 239.70 241.08 242.23 243.16 243.88 244.37 244.64 244.69 244.52 244.14 243.54 242.72
255.00 257.24 259.31 261.16 262.73 263.98 264.94 265.61 266.02 266.16 266.06 265.73 265.17 264.41 263.46 262.32 261.01 259.55 257.94 256.20 254.34 252.38 250.32 248.10 245.43 242.17 238.47 234.93 231.87 229.26 226.76 224.25 221.74 219.26 216.84 214.50 212.28 210.19 208.28 206.56 205.06 203.81 202.84 202.18 201.84 201.87 202.28 203.11 204.38 206.11 208.26 210.78 213.62 216.66 219.82 223.00 226.03 228.82 231.37 233.69 235.76 237.59 239.19 240.55 241.68 242.57 243.22 243.65 243.84 243.79 243.52 243.02 242.29
253.01 255.18 257.20 259.04 260.67 262.01 263.04 263.78 264.23 264.42 264.35 264.04 263.50 262.75 261.79 260.63 259.30 257.80 256.15 254.36 252.44 250.40 248.18 245.49 242.20 238.33 234.05 229.90 226.19 223.02 220.36 217.87 215.38 212.94 210.57 208.29 206.14 204.13 202.30 200.68 199.29 198.16 197.31 196.78 196.59 196.78 197.35 198.35 199.80 201.65 203.87 206.42 209.26 212.30 215.46 218.70 221.95 225.03 227.86 230.44 232.77 234.84 236.66 238.24 239.56 240.63 241.46 242.04 242.38 242.47 242.31 241.92 241.28
251.09 253.20 255.17 256.96 258.58 259.99 261.10 261.90 262.42 262.66 262.64 262.36 261.85 261.10 260.14 258.98 257.64 256.11 254.43 252.59 250.61 248.43 245.77 242.47 238.60 234.19 229.39 224.70 220.39 216.57 213.38 210.75 208.32 205.95 203.65 201.46 199.40 197.50 195.79 194.29 193.04 192.05 191.36 190.99 190.98 191.34 192.11 193.31 194.90 196.85 199.13 201.71 204.55 207.58 210.74 213.99 217.30 220.60 223.71 226.56 229.15 231.47 233.52 235.31 236.84 238.11 239.11 239.86 240.35 240.58 240.55 240.26 239.72
249.22 251.28 253.19 254.94 256.52 257.92 259.09 259.98 260.57 260.87 260.90 260.66 260.18 259.46 258.51 257.35 256.00 254.46 252.74 250.87 248.77 246.17 242.92 239.07 234.68 229.79 224.54 219.37 214.52 210.12 206.28 203.13 200.60 198.32 196.13 194.05 192.12 190.36 188.79 187.45 186.35 185.54 185.03 184.86 185.04 185.62 186.60 187.97 189.69 191.73 194.07 196.67 199.51 202.53 205.69 208.95 212.27 215.63 218.96 222.09 224.94 227.51 229.80 231.82 233.56 235.02 236.21 237.13 237.77 238.14 238.25 238.08 237.63
247.40 249.39 251.25 252.95 254.49 255.86 257.03 257.99 258.66 259.03 259.11 258.93 258.48 257.79 256.87 255.72 254.37 252.82 251.09 249.11 246.61 243.45 239.67 235.33 230.48 225.18 219.54 213.94 208.62 203.69 199.28 195.50 192.46 190.11 188.05 186.12 184.34 182.74 181.34 180.18 179.28 178.67 178.37 178.42 178.84 179.65 180.83 182.36 184.20 186.32 188.71 191.34 194.17 197.18 200.33 203.59 206.93 210.31 213.71 217.04 220.16 222.99 225.53 227.77 229.73 231.40 232.78 233.88 234.68 235.21 235.45 235.39 234.96
245.60 247.53 249.33 250.99 252.48 253.82 254.97 255.93 256.66 257.11 257.27 257.14 256.75 256.09 255.20 254.08 252.73 251.18 249.37 247.01 243.98 240.31 236.06 231.29 226.05 220.39 214.42 208.47 202.74 197.34 192.41 188.06 184.41 181.56 179.47 177.70 176.10 174.69 173.50 172.55 171.87 171.49 171.43 171.73 172.40 173.43 174.80 176.48 178.44 180.65 183.09 185.74 188.56 191.56 194.70 197.96 201.31 204.71 208.12 211.53 214.85 217.94 220.73 223.21 225.40 227.28 228.86 230.13 231.11 231.79 232.16 232.15 231.70
243.81 245.68 247.42 249.03 250.49 251.78 252.91 253.85 254.60 255.11 255.34 255.28 254.95 254.34 253.49 252.39 251.07 249.46 247.28 244.42 240.90 236.79 232.14 227.00 221.42 215.48 209.24 202.99 196.91 191.11 185.73 180.87 176.65 173.20 170.63 168.86 167.46 166.27 165.31 164.60 164.17 164.05 164.26 164.83 165.75 167.00 168.55 170.37 172.44 174.74 177.23 179.89 182.71 185.69 188.82 192.08 195.43 198.84 202.28 205.71 209.11 212.40 215.44 218.17 220.59 222.68 224.47 225.93 227.09 227.92 228.35 228.33 227.87
242.00 243.81 245.50 247.06 248.48 249.74 250.84 251.76 252.49 253.02 253.32 253.34 253.07 252.52 251.72 250.66 249.29 247.34 244.68 241.36 237.42 232.93 227.93 222.49 216.65 210.47 204.03 197.55 191.18 185.05 179.27 173.96 169.25 165.25 162.07 159.84 158.47 157.53 156.82 156.38 156.22 156.39 156.89 157.74 158.90 160.36 162.09 164.06 166.24 168.62 171.16 173.83 176.64 179.60 182.72 185.97 189.33 192.75 196.20 199.66 203.09 206.46 209.70 212.68 215.33 217.65 219.64 221.31 222.63 223.54 223.98 223.96 223.51
240.17 241.92 243.55 245.07 246.44 247.67 248.74 249.64 250.36 250.89 251.21 251.29 251.10 250.62 249.86 248.78 247.10 244.69 241.60 237.88 233.59 228.77 223.50 217.81 211.76 205.42 198.84 192.18 185.59 179.18 173.07 167.39 162.24 157.74 154.03 151.20 149.39 148.50 148.08 147.93 148.08 148.56 149.37 150.49 151.89 153.56 155.46 157.57 159.86 162.31 164.90 167.59 170.37 173.31 176.42 179.67 183.02 186.45 189.92 193.40 196.86 200.27 203.59 206.76 209.65 212.20 214.41 216.27 217.69 218.62 219.08 219.08 218.66
238.30 239.98 241.56 243.03 244.36 245.56 246.60 247.48 248.18 248.70 249.02 249.14 249.01 248.60 247.85 246.47 244.35 241.54 238.08 234.02 229.43 224.36 218.87 213.00 206.81 200.36 193.70 186.94 180.19 173.56 167.19 161.18 155.65 150.73 146.54 143.18 140.79 139.47 139.13 139.30 139.79 140.59 141.70 143.09 144.74 146.61 148.68 150.93 153.33 155.86 158.48 161.18 163.95 166.87 169.96 173.19 176.55 179.98 183.46 186.96 190.45 193.89 197.26 200.51 203.59 206.38 208.79 210.76 212.22 213.19 213.69 213.74 213.37
236.36 237.99 239.51 240.93 242.22 243.38 244.40 245.26 245.95 246.46 246.78 246.90 246.81 246.40 245.37 243.59 241.08 237.92 234.15 229.83 225.00 219.74 214.08 208.10 201.83 195.34 188.67 181.86 175.00 168.23 161.65 155.38 149.55 144.26 139.65 135.83 132.91 131.02 130.26 130.55 131.39 132.52 133.93 135.59 137.47 139.54 141.78 144.17 146.67 149.27 151.94 154.65 157.39 160.28 163.35 166.58 169.92 173.36 176.85 180.37 183.88 187.36 190.76 194.06 197.23 200.19 202.74 204.76 206.27 207.29 207.85 207.97 207.68
234.35 235.91 237.39 238.75 240.01 241.13 242.12 242.96 243.64 244.14 244.46 244.59 244.44 243.73 242.30 240.16 237.33 233.88 229.86 225.33 220.34 214.94 209.20 203.15 196.87 190.39 183.77 176.98 170.09 163.23 156.50 150.04 143.96 138.37 133.40 129.17 125.79 123.39 122.07 121.96 122.92 124.37 126.08 128.00 130.11 132.38 134.79 137.31 139.92 142.59 145.29 148.01 150.73 153.59 156.64 159.85 163.19 166.62 170.12 173.66 177.19 180.69 184.13 187.48 190.69 193.63 196.20 198.28 199.87 200.97 201.61 201.82 201.62
232.24 233.75 235.17 236.49 237.70 238.79 239.75 240.57 241.23 241.73 242.05 242.12 241.64 240.49 238.68 236.22 233.14 229.47 225.26 220.59 215.49 210.02 204.24 198.20 191.96 185.57 179.06 172.35 165.48 158.59 151.79 145.19 138.93 133.10 127.84 123.26 119.48 116.63 114.82 114.13 114.64 116.18 118.17 120.36 122.69 125.16 127.74 130.39 133.10 135.83 138.57 141.29 143.98 146.81 149.83 153.03 156.36 159.79 163.30 166.84 170.40 173.93 177.40 180.78 183.93 186.76 189.26 191.38 193.06 194.26 195.00 195.33 195.25
230.03 231.47 232.83 234.11 235.28 236.34 237.27 238.07 238.72 239.21 239.46 239.20 238.29 236.73 234.57 231.84 228.54 224.71 220.39 215.63 210.48 205.01 199.26 193.29 187.16 180.91 174.57 168.00 161.23 154.37 147.55 140.89 134.50 128.49 123.00 118.14 114.03 110.80 108.54 107.31 107.18 108.22 110.25 112.68 115.25 117.91 120.65 123.43 126.23 129.03 131.80 134.52 137.18 139.98 142.97 146.15 149.46 152.89 156.40 159.96 163.53 167.08 170.58 173.89 176.91 179.63 182.05 184.14 185.88 187.20 188.08 188.54 188.60
227.68 229.07 230.38 231.60 232.74 233.76 234.67 235.45 236.08 236.50 236.42 235.72 234.40 232.50 230.04 227.07 223.60 219.66 215.28 210.50 205.37 199.95 194.30 188.46 182.50 176.46 170.36 163.99 157.37 150.61 143.83 137.16 130.71 124.59 118.93 113.86 109.49 105.93 103.25 101.51 100.78 101.11 102.58 105.01 107.80 110.65 113.55 116.46 119.35 122.22 125.02 127.73 130.36 133.12 136.09 139.24 142.54 145.96 149.47 153.03 156.62 160.18 163.60 166.76 169.66 172.29 174.63 176.68 178.43 179.85 180.87 181.49 181.71
225.20 226.52 227.78 228.96 230.05 231.04 231.92 232.68 233.23 233.32 232.80 231.69 230.02 227.83 225.13 221.97 218.37 214.37 209.99 205.24 200.20 194.90 189.40 183.75 178.02 172.26 166.45 160.35 153.94 147.34 140.68 134.06 127.60 121.44 115.68 110.47 105.91 102.06 98.99 96.76 95.45 95.12 95.83 97.64 100.38 103.41 106.46 109.50 112.49 115.41 118.24 120.94 123.54 126.26 129.19 132.32 135.60 139.01 142.52 146.09 149.67 153.14 156.40 159.43 162.22 164.76 167.04 169.06 170.81 172.27 173.43 174.22 174.63
222.55 223.81 225.02 226.15 227.20 228.16 229.01 229.68 229.91 229.55 228.62 227.16 225.20 222.76 219.89 216.59 212.92 208.89 204.55 199.90 195.00 189.88 184.60 179.21 173.78 168.34 162.89 157.12 150.99 144.62 138.12 131.62 125.23 119.08 113.31 108.03 103.30 99.19 95.76 93.09 91.23 90.26 90.23 91.22 93.28 96.23 99.43 102.58 105.66 108.64 111.49 114.19 116.75 119.43 122.33 125.43 128.69 132.09 135.59 139.14 142.62 145.93 149.03 151.93 154.62 157.09 159.33 161.33 163.08 164.59 165.83 166.79 167.40
219.73 220.93 222.08 223.17 224.18 225.10 225.86 226.20 225.98 225.21 223.94 222.18 219.98 217.35 214.34 210.97 207.28 203.28 199.02 194.52 189.82 184.94 179.94 174.88 169.80 164.76 159.73 154.35 148.56 142.47 136.21 129.88 123.63 117.59 111.88 106.55 101.69 97.35 93.60 90.51 88.14 86.56 85.82 86.01 87.18 89.40 92.47 95.74 98.90 101.94 104.81 107.50 110.02 112.65 115.51 118.58 121.82 125.21 128.68 132.12 135.42 138.56 141.52 144.31 146.91 149.32 151.52 153.52 155.30 156.85 158.17 159.25 160.06
216.71 217.85 218.95 219.99 220.96 221.79 222.21 222.10 221.47 220.36 218.78 216.79 214.40 211.64 208.55 205.16 201.49 197.58 193.46 189.16 184.70 180.13 175.47 170.79 166.13 161.55 157.00 152.08 146.69 140.95 134.98 128.91 122.89 117.03 111.40 106.07 101.11 96.57 92.53 89.05 86.19 84.03 82.63 82.05 82.36 83.62 85.90 89.00 92.24 95.32 98.22 100.89 103.37 105.95 108.78 111.81 115.03 118.38 121.73 124.97 128.09 131.07 133.91 136.59 139.12 141.48 143.67 145.67 147.49 149.10 150.51 151.70 152.67
213.48 214.57 215.61 216.60 217.47 217.96 217.93 217.41 216.43 215.02 213.21 211.02 208.50 205.66 202.55 199.18 195.60 191.83 187.90 183.85 179.70 175.48 171.23 166.99 162.81 158.75 154.76 150.35 145.42 140.09 134.49 128.77 123.06 117.41 111.91 106.60 101.57 96.86 92.56 88.73 85.42 82.71 80.67 79.35 78.83 79.17 80.43 82.68 85.71 88.83 91.74 94.40 96.84 99.37 102.15 105.15 108.32 111.53 114.67 117.72 120.67 123.50 126.23 128.83 131.29 133.62 135.80 137.83 139.69 141.38 142.89 144.21 145.34
210.03 211.05 212.04 212.93 213.45 213.49 213.06 212.19 210.91 209.25 207.25 204.93 202.33 199.47 196.38 193.10 189.66 186.08 182.40 178.65 174.85 171.05 167.26 163.52 159.89 156.42 153.03 149.20 144.80 139.95 134.83 129.54 124.17 118.77 113.42 108.17 103.09 98.26 93.72 89.56 85.84 82.62 79.96 77.94 76.62 76.06 76.33 77.50 79.63 82.50 85.41 88.05 90.44 92.92 95.66 98.60 101.63 104.61 107.54 110.40 113.19 115.90 118.52 121.05 123.47 125.77 127.96 130.02 131.94 133.72 135.34 136.81 138.11
206.34 207.30 208.17 208.71 208.79 208.41 207.63 206.46 204.94 203.09 200.95 198.55 195.92 193.09 190.09 186.95 183.70 180.37 176.99 173.59 170.21 166.86 163.60 160.43 157.41 154.58 151.86 148.68 144.88 140.63 136.06 131.25 126.25 121.13 115.95 110.79 105.71 100.77 96.04 91.59 87.47 83.77 80.53 77.84 75.75 74.32 73.64 73.75 74.74 76.65 79.26 81.88 84.21 86.64 89.31 92.09 94.88 97.64 100.37 103.06 105.71 108.30 110.83 113.29 115.68 117.98 120.18 122.29 124.28 126.16 127.92 129.54 131.02
202.38 203.22 203.75 203.84 203.50 202.78 201.69 200.28 198.56 196.58 194.36 191.94 189.34 186.59 183.72 180.77 177.77 174.74 171.71 168.72 165.80 162.98 160.29 157.75 155.40 153.28 151.30 148.83 145.75 142.19 138.22 133.90 129.31 124.50 119.54 114.49 109.43 104.42 99.53 94.81 90.34 86.18 82.40 79.07 76.24 73.98 72.37 71.46 71.33 72.03 73.63 75.90 78.18 80.53 83.03 85.56 88.10 90.65 93.19 95.73 98.25 100.74 103.19 105.60 107.97 110.27 112.51 114.68 116.76 118.75 120.64 122.43 124.11
198.08 198.57 198.64 198.32 197.63 196.61 195.28 193.67 191.82 189.76 187.52 185.12 182.60 179.99 177.31 174.61 171.90 169.23 166.61 164.09 161.69 159.44 157.37 155.52 153.91 152.57 151.39 149.77 147.50 144.66 141.32 137.53 133.37 128.90 124.18 119.29 114.29 109.24 104.21 99.26 94.47 89.89 85.59 81.65 78.11 75.06 72.55 70.65 69.43 68.95 69.28 70.48 72.37 74.53 76.76 79.03 81.35 83.70 86.07 88.46 90.86 93.26 95.65 98.03 100.38 102.71 104.99 107.23 109.41 111.53 113.58 115.54 117.43
192.93 192.63 192.32 191.68 190.72 189.49 188.00 186.29 184.39 182.34 180.15 177.87 175.51 173.12 170.73 168.36 166.04 163.80 161.69 159.71 157.92 156.33 154.97 153.89 153.10 152.56 151.97 151.14 149.74 147.67 145.00 141.80 138.12 134.04 129.62 124.93 120.03 114.99 109.87 104.75 99.68 94.73 89.97 85.46 81.27 77.46 74.11 71.27 69.01 67.40 66.51 66.43 67.41 69.14 71.08 73.10 75.19 77.34 79.55 81.79 84.07 86.38 88.71 91.05 93.40 95.74 98.07 100.38 102.66 104.90 107.10 109.26 111.35
187.18 184.90 184.01 183.18 182.09 180.78 179.27 177.60 175.79 173.88 171.89 169.86 167.82 165.79 163.81 161.91 160.11 158.46 156.98 155.69 154.64 153.85 153.35 153.17 153.25 153.20 152.83 152.39 151.77 150.55 148.63 146.08 142.97 139.36 135.31 130.90 126.18 121.23 116.11 110.88 105.61 100.37 95.22 90.23 85.46 80.99 76.86 73.16 69.94 67.28 65.27 64.23 64.39 65.39 66.91 68.66 70.50 72.43 74.44 76.53 78.67 80.87 83.11 85.40 87.71 90.05 92.41 94.77 97.13 99.48 101.82 104.13 106.41
181.49 176.71 174.12 172.92 171.85 170.61 169.22 167.73 166.16 164.53 162.89 161.26 159.66 158.14 156.73 155.44 154.32 153.39 152.69 152.24 152.07 152.23 152.72 153.50 154.09 154.23 154.04 153.79 153.55 153.10 152.02 150.21 147.74 144.68 141.09 137.04 132.59 127.80 122.75 117.51 112.12 106.67 101.22 95.82 90.56 85.49 80.68 76.20 72.11 68.51 65.71 64.00 63.40 63.61 64.43 65.76 67.34 69.03 70.82 72.71 74.70 76.76 78.90 81.11 83.37 85.69 88.05 90.44 92.85 95.29 97.74 100.19 102.63
175.93 168.83 164.05 161.43 160.21 159.18 158.07 156.90 155.71 154.52 153.36 152.27 151.28 150.41 149.70 149.18 148.87 148.82 149.04 149.57 150.44 151.68 153.21 154.51 155.28 155.58 155.58 155.51 155.45 155.36 155.04 154.05 152.31 149.88 146.83 143.22 139.12 134.58 129.69 124.50 119.09 113.51 107.83 102.12 96.44 90.86 85.45 80.26 75.41 71.19 67.88 65.58 64.29 63.75 63.80 64.46 65.64 67.06 68.62 70.30 72.10 74.01 76.02 78.12 80.31 82.58 84.92 87.32 89.77 92.27 94.80 97.37 99.96
170.49 161.32 154.54 150.05 147.69 146.73 146.03 145.33 144.66 144.05 143.53 143.13 142.88 142.81 142.96 143.34 144.00 144.95 146.25 147.90 149.95 152.30 154.39 155.85 156.76 157.23 157.40 157.52 157.63 157.71 157.74 157.50 156.57 154.86 152.42 149.33 145.66 141.46 136.81 131.76 126.39 120.76 114.94 108.99 102.98 96.98 91.04 85.28 79.97 75.41 71.67 68.82 66.88 65.64 64.98 64.92 65.44 66.47 67.77 69.22 70.81 72.54 74.40 76.38 78.48 80.67 82.97 85.35 87.81 90.35 92.95 95.61 98.32
165.20 154.18 145.65 139.48 135.56 133.74 133.32 133.24 133.24 133.36 133.62 134.05 134.69 135.56 136.70 138.14 139.90 142.02 144.53 147.46 150.70 153.63 155.85 157.43 158.48 159.12 159.48 159.78 160.06 160.30 160.49 160.60 160.40 159.47 157.74 155.26 152.09 148.31 143.98 139.16 133.92 128.33 122.44 116.34 110.08 103.73 97.38 91.34 85.85 81.01 76.89 73.55 71.02 69.14 67.82 67.06 66.89 67.30 68.22 69.41 70.78 72.31 73.99 75.83 77.80 79.91 82.13 84.48 86.93 89.48 92.13 94.86 97.64
160.06 147.44 137.38 129.77 124.49 121.43 120.43 120.85 121.66 122.65 123.84 125.25 126.92 128.89 131.17 133.80 136.82 140.25 144.12 148.31 152.16 155.20 157.52 159.22 160.41 161.22 161.77 162.25 162.70 163.11 163.44 163.69 163.83 163.63 162.67 160.88 158.30 155.02 151.09 146.58 141.55 136.07 130.21 124.03 117.61 111.02 104.57 98.50 92.91 87.85 83.40 79.62 76.54 74.07 72.13 70.75 69.93 69.68 70.00 70.83 71.94 73.25 74.73 76.40 78.23 80.22 82.36 84.64 87.06 89.60 92.27 95.02 97.68
155.07 141.09 129.74 120.93 114.53 110.42 108.50 108.62 110.15 112.15 114.41 116.95 119.80 123.00 126.57 130.55 134.96 139.84 145.06 149.88 153.82 156.94 159.36 161.18 162.52 163.49 164.23 164.89 165.52 166.09 166.57 166.96 167.23 167.35 167.10 166.08 164.18 161.47 158.02 153.90 149.17 143.89 138.13 131.96 125.48 118.95 112.64 106.63 100.98 95.76 91.03 86.85 83.28 80.27 77.78 75.82 74.40 73.53 73.22 73.48 74.24 75.29 76.56 78.03 79.70 81.55 83.58 85.78 88.14 90.66 93.30 95.87 98.18
