data_processed/recharge/precip/Precip_1993_08.asc
ncols        168
nrows        136
xllcorner    455000
yllcorner    2107000
cellsize     500
NODATA_value     -99999
[rows 0 to 32 of 136, columns 0 to 74 of 168]
303.89 302.63 300.73 298.19 295.08 291.44 287.34 282.82 277.95 272.77 267.35 261.74 255.99 250.17 244.32 238.50 232.77 227.18 221.79 216.65 211.83 207.36 203.32 199.73 196.43 193.25 190.36 187.69 185.14 182.74 180.49 178.44 176.60 174.99 173.64 172.58 171.83 171.42 171.36 171.69 172.42 173.59 175.21 177.32 179.93 183.07 186.77 191.04 195.92 201.46 207.75 213.72 218.30 222.05 225.19 227.76 229.79 231.31 232.35 232.94 233.12 232.90 232.33 231.42 230.22 228.74 227.03 225.10 223.00 220.74 218.37 215.90 213.38 210.82 208.24
298.70 297.77 296.14 293.84 290.95 287.52 283.59 279.23 274.50 269.44 264.12 258.58 252.89 247.10 241.27 235.44 229.69 224.05 218.59 213.37 208.43 203.84 199.65 195.92 192.67 189.78 187.09 184.52 182.08 179.79 177.68 175.77 174.09 172.66 171.50 170.64 170.11 169.93 170.12 170.70 171.71 173.17 175.10 177.52 180.47 183.95 188.01 192.66 197.93 203.84 210.41 216.82 222.34 227.13 231.22 234.64 237.42 239.58 241.17 242.21 242.72 242.75 242.31 241.44 240.17 238.53 236.55 234.26 231.68 228.86 225.81 222.57 219.17 215.64 212.00
293.00 292.40 291.06 289.05 286.42 283.23 279.52 275.36 270.81 265.91 260.72 255.31 249.71 244.00 238.22 232.44 226.69 221.05 215.57 210.30 205.30 200.62 196.32 192.46 189.09 186.23 183.62 181.14 178.81 176.64 174.67 172.91 171.39 170.14 169.17 168.52 168.21 168.27 168.71 169.56 170.85 172.60 174.84 177.59 180.87 184.71 189.13 194.16 199.83 206.15 213.12 220.35 227.01 232.86 237.91 242.18 245.72 248.54 250.68 252.16 253.03 253.30 253.01 252.19 250.86 249.07 246.83 244.17 241.14 237.75 234.04 230.03 225.76 221.26 216.56
286.99 286.60 285.59 283.88 281.54 278.60 275.14 271.20 266.85 262.13 257.11 251.83 246.36 240.74 235.04 229.31 223.61 217.98 212.49 207.20 202.15 197.41 193.02 189.06 185.60 182.68 180.08 177.69 175.47 173.43 171.60 169.99 168.64 167.58 166.81 166.38 166.30 166.59 167.29 168.41 169.99 172.04 174.59 177.67 181.29 185.49 190.29 195.71 201.77 208.49 215.85 223.56 231.16 238.10 244.16 249.34 253.68 257.21 259.96 261.95 263.21 263.78 263.69 262.97 261.64 259.74 257.29 254.33 250.88 246.98 242.66 237.94 232.86 227.44 221.66
280.96 280.55 279.77 278.38 276.33 273.68 270.47 266.78 262.64 258.12 253.27 248.15 242.81 237.31 231.70 226.05 220.40 214.81 209.33 204.03 198.95 194.16 189.71 185.68 182.18 179.22 176.59 174.23 172.11 170.21 168.52 167.08 165.91 165.03 164.47 164.26 164.41 164.95 165.91 167.31 169.18 171.54 174.41 177.82 181.80 186.36 191.53 197.34 203.80 210.89 218.58 226.62 234.67 242.51 249.63 255.79 261.00 265.29 268.70 271.26 272.99 273.92 274.10 273.53 272.26 270.31 267.72 264.52 260.72 256.38 251.50 246.13 240.30 233.97 226.70
275.01 274.51 273.72 272.56 270.83 268.47 265.54 262.10 258.20 253.89 249.23 244.28 239.10 233.73 228.24 222.67 217.09 211.55 206.10 200.81 195.72 190.90 186.41 182.36 178.83 175.85 173.20 170.83 168.77 166.99 165.46 164.19 163.20 162.52 162.17 162.18 162.57 163.37 164.60 166.28 168.45 171.12 174.31 178.07 182.39 187.33 192.88 199.08 205.89 213.31 221.32 229.67 238.01 246.26 254.23 261.41 267.55 272.68 276.82 280.00 282.26 283.62 284.12 283.78 282.63 280.70 278.03 274.64 270.56 265.83 260.47 254.51 247.92 240.27 231.11
269.16 268.56 267.69 266.55 265.05 263.00 260.37 257.19 253.54 249.47 245.02 240.26 235.25 230.03 224.66 219.20 213.71 208.23 202.84 197.57 192.48 187.65 183.16 179.10 175.57 172.57 169.92 167.56 165.52 163.82 162.43 161.33 160.53 160.05 159.92 160.16 160.80 161.86 163.36 165.34 167.80 170.79 174.32 178.42 183.11 188.42 194.35 200.89 208.02 215.75 224.05 232.68 241.29 249.80 258.14 266.13 273.26 279.28 284.21 288.09 290.93 292.78 293.67 293.61 292.64 290.80 288.11 284.60 280.30 275.24 269.46 262.91 255.16 245.76 234.82
263.40 262.72 261.78 260.58 259.11 257.30 254.97 252.09 248.70 244.87 240.66 236.10 231.27 226.22 221.00 215.66 210.27 204.88 199.55 194.32 189.26 184.44 179.96 175.91 172.39 169.40 166.77 164.43 162.41 160.75 159.47 158.54 157.93 157.66 157.75 158.23 159.12 160.45 162.23 164.50 167.28 170.59 174.45 178.90 183.96 189.63 195.90 202.75 210.18 218.19 226.77 235.65 244.50 253.24 261.80 270.13 278.03 284.99 290.78 295.41 298.91 301.31 302.64 302.93 302.21 300.51 297.86 294.30 289.84 284.52 278.31 270.75 261.41 250.37 237.84
257.73 256.98 255.98 254.73 253.23 251.47 249.38 246.80 243.70 240.13 236.16 231.83 227.20 222.33 217.27 212.08 206.81 201.52 196.26 191.08 186.05 181.26 176.81 172.79 169.29 166.34 163.74 161.44 159.47 157.86 156.64 155.84 155.42 155.36 155.68 156.40 157.55 159.15 161.22 163.79 166.88 170.52 174.73 179.54 184.95 190.95 197.52 204.66 212.36 220.63 229.45 238.57 247.63 256.57 265.33 273.83 282.03 289.74 296.43 301.87 306.08 309.10 310.94 311.64 311.23 309.74 307.20 303.64 299.08 293.50 286.44 277.44 266.60 254.12 240.19
252.15 251.34 250.30 249.01 247.48 245.71 243.68 241.35 238.55 235.26 231.55 227.46 223.05 218.38 213.50 208.46 203.33 198.15 192.97 187.84 182.86 178.13 173.72 169.75 166.30 163.38 160.83 158.59 156.69 155.15 154.01 153.29 153.02 153.17 153.73 154.70 156.11 157.98 160.35 163.22 166.63 170.61 175.17 180.33 186.06 192.35 199.19 206.59 214.55 223.05 232.09 241.41 250.68 259.79 268.71 277.37 285.71 293.68 301.07 307.38 312.37 316.06 318.47 319.65 319.61 318.39 316.01 312.52 307.87 301.59 293.23 282.89 270.76 257.02 241.88
246.65 245.80 244.72 243.42 241.88 240.10 238.09 235.83 233.28 230.29 226.85 223.02 218.85 214.39 209.71 204.85 199.86 194.79 189.68 184.62 179.71 175.03 170.70 166.78 163.39 160.54 158.06 155.89 154.07 152.62 151.58 150.96 150.80 151.13 151.91 153.14 154.82 156.97 159.63 162.82 166.56 170.88 175.78 181.24 187.25 193.81 200.90 208.54 216.72 225.44 234.68 244.18 253.62 262.89 271.95 280.74 289.19 297.26 304.87 311.84 317.66 322.09 325.14 326.85 327.24 326.36 324.21 320.79 315.59 308.17 298.62 287.13 273.89 259.09 242.92
241.25 240.37 239.27 237.95 236.41 234.64 232.65 230.43 227.98 225.24 222.09 218.53 214.61 210.39 205.91 201.24 196.39 191.40 186.38 181.41 176.58 171.99 167.73 163.90 160.59 157.82 155.42 153.34 151.62 150.28 149.35 148.85 148.82 149.28 150.26 151.74 153.69 156.14 159.10 162.61 166.68 171.33 176.52 182.26 188.52 195.32 202.65 210.50 218.88 227.79 237.20 246.86 256.44 265.85 275.02 283.91 292.46 300.60 308.28 315.43 321.87 327.09 330.84 333.15 334.04 333.55 331.64 327.82 321.63 313.16 302.61 290.16 276.01 260.33 243.33
235.95 235.04 233.93 232.61 231.08 229.34 227.38 225.20 222.80 220.18 217.29 214.02 210.37 206.39 202.14 197.62 192.88 188.00 183.08 178.21 173.49 169.00 164.84 161.11 157.89 155.22 152.92 150.96 149.35 148.13 147.33 146.97 147.09 147.70 148.84 150.53 152.75 155.50 158.77 162.60 166.99 171.93 177.38 183.36 189.86 196.88 204.41 212.45 221.01 230.08 239.64 249.44 259.14 268.65 277.92 286.89 295.50 303.69 311.41 318.59 325.18 330.98 335.48 338.45 339.90 339.80 337.66 332.99 325.91 316.59 305.23 292.01 277.12 260.76 243.12
230.73 229.81 228.70 227.39 225.89 224.18 222.27 220.15 217.82 215.27 212.51 209.50 206.13 202.41 198.34 193.96 189.34 184.59 179.79 175.04 170.43 166.07 162.02 158.41 155.31 152.75 150.57 148.73 147.26 146.18 145.53 145.32 145.60 146.38 147.69 149.57 152.03 155.07 158.66 162.80 167.47 172.65 178.35 184.55 191.25 198.46 206.18 214.39 223.10 232.30 241.99 251.90 261.70 271.29 280.63 289.66 298.31 306.53 314.26 321.44 328.02 333.93 338.97 342.65 344.66 344.48 341.64 336.23 328.44 318.46 306.48 292.68 277.26 260.40 242.30
225.61 224.69 223.59 222.30 220.83 219.17 217.32 215.26 213.01 210.56 207.91 205.04 201.92 198.41 194.50 190.25 185.78 181.16 176.50 171.89 167.43 163.19 159.29 155.80 152.83 150.40 148.36 146.67 145.35 144.43 143.94 143.91 144.36 145.33 146.84 148.91 151.59 154.88 158.77 163.18 168.09 173.49 179.40 185.80 192.69 200.07 207.94 216.29 225.13 234.45 244.24 254.24 264.11 273.76 283.15 292.21 300.87 309.10 316.82 323.98 330.51 336.37 341.49 345.61 347.68 346.96 343.52 337.55 329.25 318.79 306.38 292.19 276.42 259.26 240.90
220.58 219.67 218.59 217.35 215.92 214.32 212.53 210.56 208.40 206.05 203.51 200.75 197.72 194.35 190.59 186.51 182.19 177.74 173.23 168.78 164.46 160.38 156.63 153.29 150.47 148.20 146.31 144.77 143.62 142.88 142.57 142.73 143.38 144.55 146.27 148.57 151.46 154.98 159.07 163.70 168.83 174.44 180.53 187.10 194.15 201.68 209.68 218.15 227.10 236.51 246.38 256.44 266.35 276.05 285.45 294.52 303.18 311.38 319.07 326.18 332.65 338.43 343.40 346.94 348.34 347.15 343.30 336.97 328.33 317.59 304.94 290.55 274.63 257.35 238.92
215.64 214.76 213.72 212.51 211.15 209.61 207.91 206.03 203.97 201.73 199.30 196.60 193.57 190.24 186.63 182.72 178.59 174.31 169.98 165.70 161.55 157.64 154.06 150.89 148.24 146.13 144.41 143.06 142.09 141.54 141.43 141.80 142.66 144.06 146.00 148.53 151.65 155.34 159.58 164.37 169.68 175.47 181.73 188.45 195.64 203.29 211.40 219.96 228.99 238.47 248.38 258.48 268.43 278.13 287.53 296.58 305.21 313.37 321.00 328.04 334.42 340.04 344.27 346.52 346.80 345.08 341.00 334.48 325.72 314.88 302.18 287.78 271.89 254.69 236.38
210.79 209.95 208.95 207.81 206.51 205.06 203.45 201.67 199.73 197.60 195.21 192.49 189.46 186.17 182.65 178.91 174.97 170.88 166.74 162.65 158.70 154.98 151.58 148.59 146.12 144.20 142.67 141.51 140.75 140.41 140.52 141.11 142.21 143.84 146.03 148.79 152.10 155.94 160.31 165.21 170.65 176.58 182.98 189.83 197.13 204.87 213.07 221.71 230.79 240.31 250.26 260.37 270.31 280.00 289.38 298.39 306.97 315.06 322.60 329.54 335.75 340.61 343.53 344.50 343.64 341.02 336.63 330.12 321.41 310.67 298.11 283.89 268.23 251.30 233.29
206.04 205.24 204.31 203.24 202.02 200.66 199.15 197.49 195.66 193.56 191.13 188.40 185.39 182.15 178.70 175.09 171.34 167.46 163.53 159.65 155.90 152.39 149.19 146.41 144.14 142.42 141.10 140.15 139.61 139.50 139.85 140.68 142.02 143.91 146.34 149.30 152.77 156.75 161.23 166.23 171.75 177.77 184.27 191.22 198.61 206.43 214.69 223.37 232.49 242.02 251.98 262.08 272.00 281.66 290.98 299.93 308.42 316.42 323.86 330.61 336.05 339.58 341.19 340.98 339.07 335.54 330.50 323.91 315.43 304.98 292.74 278.90 263.65 247.17 229.66
201.38 200.64 199.78 198.79 197.67 196.41 195.02 193.47 191.65 189.50 187.04 184.31 181.33 178.15 174.80 171.31 167.72 164.05 160.35 156.70 153.17 149.88 146.90 144.34 142.29 140.79 139.69 138.98 138.67 138.81 139.41 140.50 142.11 144.25 146.89 150.02 153.63 157.73 162.32 167.41 172.98 179.05 185.61 192.63 200.08 207.95 216.24 224.95 234.07 243.60 253.54 263.61 273.48 283.08 292.33 301.18 309.58 317.46 324.70 330.66 334.74 336.93 337.34 336.06 333.20 328.85 323.13 316.12 307.80 297.81 286.10 272.82 258.17 242.34 225.52
196.82 196.15 195.37 194.48 193.46 192.32 191.03 189.49 187.61 185.41 182.93 180.21 177.28 174.17 170.92 167.56 164.13 160.67 157.21 153.79 150.51 147.45 144.72 142.40 140.58 139.31 138.46 137.99 137.95 138.34 139.21 140.58 142.45 144.80 147.62 150.90 154.65 158.87 163.55 168.70 174.33 180.42 186.99 194.03 201.52 209.42 217.72 226.42 235.53 245.03 254.92 264.94 274.74 284.25 293.40 302.14 310.41 318.08 324.52 329.09 331.81 332.77 332.08 329.83 326.13 321.07 314.76 307.31 298.80 289.20 278.18 265.65 251.80 236.81 220.86
192.35 191.77 191.08 190.29 189.39 188.35 187.07 185.44 183.49 181.26 178.78 176.08 173.20 170.17 167.04 163.83 160.58 157.32 154.10 150.94 147.92 145.12 142.64 140.57 139.01 138.00 137.40 137.20 137.43 138.10 139.26 140.90 143.00 145.54 148.52 151.94 155.81 160.13 164.89 170.10 175.76 181.87 188.44 195.45 202.92 210.82 219.11 227.79 236.85 246.30 256.13 266.06 275.77 285.17 294.20 302.80 310.85 317.69 322.72 325.91 327.37 327.21 325.52 322.40 317.96 312.29 305.51 297.70 288.97 279.43 269.03 257.43 244.56 230.59 215.72
187.97 187.49 186.91 186.23 185.44 184.40 183.01 181.29 179.29 177.03 174.56 171.89 169.08 166.16 163.15 160.10 157.04 154.00 151.02 148.14 145.40 142.88 140.67 138.88 137.59 136.84 136.52 136.61 137.12 138.10 139.54 141.41 143.70 146.41 149.55 153.10 157.08 161.48 166.31 171.57 177.26 183.37 189.92 196.89 204.30 212.14 220.39 229.02 238.03 247.40 257.13 266.96 276.55 285.81 294.69 303.07 310.27 315.69 319.30 321.21 321.52 320.33 317.74 313.86 308.79 302.62 295.46 287.41 278.56 269.03 258.91 248.17 236.46 223.71 210.10
183.69 183.31 182.85 182.28 181.47 180.31 178.82 177.03 174.99 172.72 170.26 167.65 164.91 162.10 159.23 156.35 153.49 150.69 147.97 145.38 142.95 140.73 138.82 137.31 136.31 135.86 135.83 136.22 137.04 138.31 139.99 142.06 144.54 147.41 150.68 154.35 158.43 162.91 167.79 173.08 178.78 184.89 191.40 198.33 205.66 213.41 221.57 230.12 239.04 248.31 257.93 267.63 277.07 286.18 294.82 302.33 308.08 312.05 314.35 315.08 314.34 312.24 308.86 304.32 298.72 292.15 284.71 276.52 267.67 258.25 248.38 238.15 227.53 216.17 204.01
179.51 179.25 178.89 178.29 177.34 176.06 174.48 172.63 170.56 168.29 165.86 163.31 160.67 157.98 155.26 152.57 149.92 147.36 144.92 142.63 140.54 138.67 137.08 135.89 135.19 135.04 135.33 136.03 137.16 138.67 140.56 142.83 145.47 148.49 151.89 155.67 159.83 164.38 169.30 174.61 180.31 186.39 192.86 199.72 206.98 214.62 222.65 231.08 239.88 249.02 258.50 268.05 277.32 286.18 293.94 299.97 304.25 306.89 307.99 307.64 305.96 303.03 298.97 293.88 287.84 280.98 273.38 265.14 256.38 247.19 237.67 227.92 218.05 208.01 197.47
175.42 175.26 174.87 174.12 173.03 171.64 169.98 168.08 165.99 163.74 161.35 158.88 156.34 153.78 151.23 148.73 146.31 144.01 141.85 139.88 138.14 136.65 135.45 134.60 134.23 134.40 135.01 136.03 137.42 139.15 141.25 143.69 146.49 149.65 153.16 157.03 161.26 165.86 170.81 176.13 181.81 187.86 194.28 201.06 208.21 215.74 223.63 231.90 240.54 249.53 258.84 268.21 277.22 285.18 291.44 295.97 298.90 300.30 300.30 298.98 296.46 292.82 288.18 282.62 276.27 269.21 261.54 253.38 244.81 235.94 226.88 217.71 208.55 199.50 190.51
171.40 171.20 170.63 169.72 168.51 167.02 165.29 163.37 161.27 159.04 156.71 154.32 151.90 149.49 147.12 144.83 142.64 140.61 138.75 137.11 135.73 134.63 133.85 133.42 133.42 133.94 134.88 136.16 137.78 139.72 142.00 144.61 147.55 150.83 154.45 158.40 162.69 167.32 172.29 177.61 183.27 189.27 195.62 202.31 209.35 216.74 224.48 232.58 241.02 249.82 258.94 268.03 276.14 282.56 287.30 290.45 292.11 292.39 291.39 289.20 285.94 281.69 276.57 270.67 264.09 256.94 249.32 241.32 233.05 224.61 216.10 207.63 199.28 191.18 183.40
167.29 166.90 166.16 165.11 163.78 162.21 160.43 158.48 156.39 154.20 151.94 149.65 147.36 145.10 142.92 140.85 138.92 137.17 135.62 134.33 133.31 132.61 132.27 132.31 132.77 133.64 134.86 136.38 138.21 140.35 142.81 145.57 148.64 152.03 155.74 159.76 164.09 168.75 173.73 179.02 184.64 190.58 196.85 203.44 210.36 217.61 225.18 233.09 241.33 249.89 258.73 266.93 273.46 278.34 281.67 283.53 284.04 283.29 281.40 278.44 274.54 269.79 264.29 258.14 251.44 244.30 236.82 229.09 221.22 213.32 205.47 197.78 190.36 183.30 176.70
163.15 162.56 161.66 160.48 159.06 157.42 155.61 153.65 151.59 149.46 147.29 145.11 142.97 140.90 138.92 137.09 135.43 133.97 132.76 131.83 131.20 130.93 131.03 131.55 132.44 133.57 135.01 136.75 138.79 141.10 143.71 146.61 149.80 153.29 157.06 161.13 165.50 170.17 175.13 180.39 185.96 191.82 197.99 204.47 211.25 218.33 225.72 233.43 241.44 249.73 257.96 264.95 269.95 273.36 275.34 276.00 275.43 273.73 271.01 267.36 262.90 257.71 251.91 245.59 238.85 231.80 224.53 217.15 209.75 202.45 195.33 188.51 182.08 176.14 170.80
159.27 158.39 157.35 156.07 154.58 152.90 151.08 149.14 147.13 145.07 143.01 140.98 139.01 137.14 135.40 133.83 132.46 131.33 130.47 129.92 129.72 129.89 130.47 131.41 132.53 133.81 135.41 137.33 139.55 142.02 144.77 147.79 151.07 154.63 158.46 162.56 166.94 171.60 176.53 181.74 187.23 193.00 199.05 205.39 212.01 218.91 226.10 233.58 241.32 249.03 256.38 262.44 266.30 268.35 269.04 268.53 266.93 264.33 260.83 256.55 251.57 246.00 239.94 233.50 226.76 219.84 212.84 205.85 198.98 192.33 186.00 180.09 174.70 169.93 165.72
155.76 154.53 153.27 151.91 150.36 148.67 146.86 144.97 143.03 141.08 139.16 137.29 135.52 133.87 132.39 131.11 130.06 129.28 128.80 128.66 128.89 129.52 130.51 131.67 132.93 134.35 136.07 138.12 140.47 143.09 145.95 149.06 152.43 156.04 159.90 164.02 168.39 173.01 177.89 183.03 188.42 194.08 199.99 206.17 212.61 219.32 226.28 233.49 240.67 247.53 253.98 259.18 262.24 263.30 262.80 261.18 258.59 255.14 250.92 246.04 240.59 234.69 228.42 221.90 215.22 208.48 201.79 195.24 188.95 182.99 177.49 172.54 168.24 164.54 160.97
152.62 151.06 149.53 148.02 146.44 144.76 142.98 141.16 139.32 137.51 135.74 134.06 132.51 131.12 129.92 128.94 128.24 127.83 127.75 128.04 128.74 129.77 130.96 132.22 133.61 135.16 136.98 139.11 141.55 144.27 147.23 150.42 153.84 157.48 161.36 165.47 169.81 174.38 179.19 184.23 189.51 195.03 200.79 206.79 213.03 219.52 226.22 232.89 239.24 245.24 250.84 255.23 257.56 257.94 256.60 253.96 250.43 246.17 241.27 235.84 229.98 223.79 217.36 210.81 204.23 197.72 191.39 185.33 179.65 174.45 169.83 165.89 162.57 159.46 156.29
149.83 147.98 146.20 144.50 142.84 141.18 139.47 137.74 136.03 134.36 132.78 131.32 130.01 128.89 128.00 127.36 127.02 127.01 127.36 128.11 129.19 130.40 131.67 133.04 134.53 136.18 138.10 140.30 142.78 145.55 148.57 151.82 155.27 158.93 162.80 166.88 171.17 175.68 180.39 185.33 190.47 195.84 201.42 207.22 213.24 219.46 225.64 231.52 237.05 242.23 247.02 250.64 252.28 252.06 250.17 246.83 242.46 237.44 231.92 225.99 219.75 213.32 206.78 200.25 193.81 187.58 181.66 176.14 171.12 166.72 163.02 159.99 157.22 154.48 151.69
