data_processed/recharge/precip/Precip_1999_07.asc
ncols        168
nrows        136
xllcorner    455000
yllcorner    2107000
cellsize     500
NODATA_value     -99999
[rows 32 to 63 of 136, columns 0 to 70 of 168]
178.61 175.96 173.46 171.00 168.50 165.97 163.43 160.91 158.41 155.98 153.62 151.37 149.23 147.25 145.42 143.79 142.37 141.18 140.25 139.58 139.12 138.80 138.65 138.66 138.87 139.25 139.78 140.45 141.24 142.03 142.71 143.29 143.77 144.16 144.49 144.76 144.99 145.18 145.36 145.54 145.73 145.94 146.19 146.48 146.84 147.28 147.85 148.63 149.60 150.77 152.08 153.23 154.12 154.75 155.17 155.44 155.66 155.83 155.94 155.98 155.95 155.84 155.64 155.34 154.94 154.42 153.77 153.00 152.08 151.02 149.80
174.25 171.33 168.59 166.04 163.57 161.11 158.65 156.22 153.85 151.55 149.35 147.27 145.33 143.55 141.97 140.59 139.43 138.54 137.90 137.46 137.15 136.98 136.96 137.12 137.47 137.99 138.65 139.45 140.37 141.38 142.39 143.28 144.05 144.71 145.28 145.77 146.20 146.57 146.90 147.21 147.50 147.80 148.10 148.43 148.81 149.29 149.93 150.75 151.73 152.87 154.10 155.16 155.93 156.44 156.71 156.76 156.67 156.52 156.32 156.05 155.71 155.30 154.79 154.19 153.49 152.68 151.74 150.68 149.48 148.14 146.64
169.95 166.81 163.86 161.14 158.63 156.24 153.89 151.59 149.37 147.24 145.22 143.35 141.63 140.10 138.78 137.68 136.83 136.24 135.83 135.54 135.36 135.32 135.44 135.74 136.23 136.88 137.67 138.59 139.63 140.77 141.98 143.17 144.24 145.17 145.99 146.71 147.34 147.89 148.38 148.82 149.22 149.60 149.97 150.35 150.79 151.37 152.09 152.95 153.92 155.02 156.18 157.14 157.79 158.17 158.28 158.16 157.83 157.36 156.82 156.23 155.57 154.83 154.01 153.09 152.08 150.95 149.71 148.35 146.85 145.21 143.44
165.73 162.41 159.31 156.44 153.81 151.44 149.21 147.07 145.02 143.09 141.29 139.65 138.19 136.93 135.90 135.11 134.58 134.22 133.96 133.79 133.75 133.84 134.09 134.52 135.14 135.92 136.83 137.87 139.02 140.27 141.60 142.99 144.33 145.54 146.62 147.56 148.40 149.13 149.78 150.36 150.87 151.34 151.79 152.26 152.84 153.53 154.32 155.20 156.17 157.22 158.29 159.14 159.67 159.91 159.86 159.57 159.04 158.31 157.44 156.50 155.50 154.42 153.27 152.02 150.68 149.23 147.67 145.98 144.17 142.24 140.24
161.61 158.16 154.94 151.97 149.25 146.82 144.66 142.70 140.86 139.15 137.60 136.22 135.04 134.09 133.38 132.92 132.62 132.40 132.26 132.22 132.30 132.52 132.89 133.45 134.19 135.10 136.13 137.28 138.54 139.89 141.31 142.81 144.34 145.81 147.14 148.32 149.37 150.29 151.10 151.82 152.46 153.03 153.60 154.24 154.96 155.74 156.60 157.50 158.46 159.45 160.43 161.17 161.57 161.66 161.45 160.97 160.25 159.30 158.15 156.86 155.50 154.07 152.56 150.97 149.28 147.49 145.59 143.58 141.46 139.29 137.07
157.60 154.07 150.78 147.75 144.99 142.53 140.37 138.53 136.92 135.46 134.18 133.10 132.24 131.62 131.24 131.02 130.85 130.75 130.73 130.81 131.01 131.35 131.85 132.52 133.39 134.41 135.55 136.81 138.17 139.62 141.14 142.72 144.34 145.99 147.57 148.98 150.24 151.36 152.34 153.20 153.96 154.69 155.46 156.27 157.12 158.01 158.91 159.84 160.77 161.70 162.59 163.21 163.47 163.40 163.02 162.36 161.43 160.26 158.86 157.28 155.56 153.76 151.88 149.93 147.88 145.73 143.48 141.14 138.77 136.37 133.94
153.72 150.16 146.84 143.80 141.05 138.60 136.47 134.69 133.25 132.07 131.09 130.34 129.82 129.54 129.40 129.31 129.26 129.27 129.36 129.55 129.87 130.32 130.94 131.73 132.72 133.85 135.10 136.47 137.92 139.46 141.07 142.73 144.43 146.16 147.89 149.54 151.01 152.32 153.48 154.50 155.44 156.40 157.37 158.35 159.33 160.30 161.26 162.19 163.10 163.96 164.75 165.24 165.36 165.13 164.57 163.71 162.57 161.17 159.53 157.68 155.64 153.47 151.21 148.87 146.45 143.93 141.34 138.74 136.13 133.51 130.87
149.99 146.44 143.15 140.14 137.43 135.04 132.99 131.30 129.97 129.02 128.37 127.97 127.80 127.77 127.76 127.77 127.83 127.94 128.14 128.45 128.87 129.44 130.16 131.07 132.17 133.41 134.76 136.23 137.78 139.40 141.09 142.83 144.61 146.40 148.20 149.99 151.68 153.19 154.52 155.76 156.96 158.16 159.33 160.47 161.57 162.62 163.62 164.56 165.43 166.22 166.89 167.25 167.22 166.82 166.08 165.02 163.66 162.02 160.13 158.01 155.68 153.17 150.53 147.80 144.98 142.11 139.25 136.40 133.56 130.72 127.88
146.43 142.93 139.70 136.78 134.16 131.88 129.95 128.39 127.21 126.44 126.07 126.02 126.11 126.19 126.28 126.39 126.55 126.77 127.07 127.48 128.01 128.68 129.52 130.53 131.74 133.08 134.53 136.09 137.73 139.44 141.20 143.02 144.86 146.71 148.57 150.42 152.24 153.94 155.52 157.05 158.53 159.95 161.31 162.60 163.82 164.94 165.98 166.92 167.74 168.46 169.01 169.23 169.04 168.47 167.54 166.27 164.69 162.81 160.66 158.26 155.64 152.82 149.82 146.68 143.50 140.35 137.23 134.14 131.07 128.03 124.99
143.04 139.64 136.53 133.73 131.26 129.14 127.37 125.99 125.01 124.44 124.28 124.41 124.59 124.77 124.96 125.17 125.42 125.74 126.14 126.65 127.28 128.05 128.99 130.11 131.41 132.85 134.40 136.05 137.77 139.55 141.40 143.27 145.18 147.09 149.00 150.90 152.77 154.65 156.55 158.38 160.12 161.76 163.31 164.75 166.07 167.27 168.33 169.26 170.04 170.66 171.10 171.17 170.82 170.07 168.94 167.45 165.64 163.51 161.10 158.42 155.50 152.36 149.02 145.56 142.09 138.67 135.30 131.97 128.69 125.44 122.22
139.86 136.60 133.65 131.03 128.74 126.82 125.26 124.11 123.36 123.03 122.97 123.05 123.25 123.51 123.79 124.09 124.44 124.85 125.35 125.95 126.67 127.54 128.58 129.79 131.19 132.73 134.37 136.09 137.89 139.75 141.66 143.60 145.56 147.53 149.49 151.43 153.41 155.48 157.61 159.72 161.72 163.59 165.31 166.89 168.31 169.57 170.66 171.57 172.29 172.83 173.13 173.05 172.53 171.59 170.26 168.55 166.50 164.12 161.43 158.47 155.24 151.78 148.15 144.47 140.76 137.09 133.48 129.92 126.43 122.99 119.59
136.88 133.82 131.08 128.67 126.62 124.94 123.65 122.76 122.28 122.06 121.97 121.98 122.13 122.41 122.77 123.15 123.59 124.09 124.67 125.37 126.18 127.14 128.27 129.58 131.07 132.69 134.41 136.22 138.09 140.02 141.99 143.99 146.00 148.02 150.02 152.08 154.23 156.48 158.78 161.09 163.33 165.41 167.30 169.01 170.53 171.84 172.95 173.84 174.50 174.94 175.10 174.86 174.16 173.03 171.49 169.56 167.26 164.62 161.65 158.39 154.85 151.12 147.29 143.41 139.52 135.63 131.78 128.01 124.31 120.68 117.11
134.14 131.32 128.83 126.69 124.91 123.52 122.54 121.95 121.61 121.37 121.23 121.20 121.28 121.51 121.88 122.35 122.87 123.45 124.12 124.90 125.80 126.84 128.06 129.45 131.03 132.74 134.54 136.42 138.36 140.35 142.38 144.43 146.49 148.55 150.67 152.91 155.25 157.66 160.10 162.54 164.94 167.21 169.27 171.11 172.71 174.07 175.19 176.05 176.65 176.97 177.00 176.59 175.71 174.38 172.62 170.46 167.91 165.00 161.75 158.18 154.39 150.46 146.47 142.42 138.35 134.28 130.23 126.25 122.35 118.54 114.81
131.65 129.11 126.92 125.09 123.64 122.59 121.93 121.51 121.17 120.90 120.72 120.65 120.69 120.87 121.19 121.68 122.26 122.93 123.68 124.53 125.51 126.64 127.94 129.42 131.08 132.86 134.74 136.68 138.69 140.74 142.82 144.92 147.03 149.20 151.51 153.94 156.44 159.00 161.56 164.11 166.60 168.99 171.20 173.16 174.84 176.25 177.37 178.20 178.72 178.93 178.81 178.23 177.16 175.62 173.64 171.23 168.42 165.24 161.70 157.89 153.93 149.86 145.71 141.50 137.27 133.04 128.82 124.66 120.58 116.59 112.69
129.42 127.21 125.37 123.89 122.81 122.12 121.66 121.25 120.90 120.61 120.41 120.31 120.31 120.45 120.73 121.18 121.78 122.51 123.34 124.27 125.32 126.53 127.90 129.46 131.20 133.06 135.00 137.01 139.07 141.17 143.30 145.45 147.68 150.05 152.55 155.15 157.80 160.49 163.17 165.80 168.36 170.80 173.09 175.16 176.92 178.36 179.47 180.26 180.70 180.80 180.52 179.76 178.49 176.74 174.53 171.87 168.80 165.34 161.57 157.61 153.52 149.32 145.03 140.69 136.31 131.93 127.56 123.24 118.99 114.84 110.79
127.47 125.64 124.19 123.12 122.43 121.96 121.52 121.12 120.77 120.47 120.26 120.14 120.12 120.23 120.48 120.88 121.46 122.20 123.09 124.09 125.22 126.50 127.94 129.57 131.39 133.31 135.32 137.38 139.50 141.65 143.83 146.10 148.52 151.09 153.77 156.52 159.32 162.12 164.89 167.59 170.20 172.68 174.99 177.09 178.91 180.38 181.49 182.23 182.58 182.55 182.11 181.17 179.70 177.73 175.28 172.37 169.03 165.35 161.45 157.38 153.18 148.86 144.46 139.99 135.49 130.97 126.47 122.01 117.61 113.31 109.12
125.82 124.42 123.40 122.75 122.31 121.88 121.47 121.09 120.74 120.45 120.24 120.11 120.08 120.17 120.40 120.78 121.32 122.04 122.94 124.00 125.20 126.54 128.05 129.75 131.63 133.62 135.69 137.81 139.97 142.17 144.47 146.94 149.57 152.32 155.16 158.06 160.97 163.87 166.72 169.48 172.13 174.62 176.93 179.01 180.83 182.32 183.41 184.09 184.35 184.19 183.58 182.44 180.76 178.57 175.88 172.71 169.17 165.37 161.39 157.23 152.93 148.51 144.01 139.43 134.82 130.18 125.56 120.98 116.45 112.02 107.69
124.49 123.55 122.99 122.61 122.23 121.85 121.47 121.11 120.78 120.51 120.31 120.18 120.16 120.25 120.46 120.82 121.34 122.03 122.91 123.99 125.25 126.65 128.22 129.98 131.93 133.98 136.10 138.27 140.48 142.80 145.31 147.99 150.81 153.73 156.71 159.73 162.75 165.74 168.65 171.45 174.12 176.61 178.90 180.94 182.70 184.15 185.21 185.83 185.99 185.69 184.91 183.57 181.68 179.25 176.31 172.96 169.32 165.46 161.40 157.17 152.79 148.29 143.70 139.03 134.32 129.59 124.86 120.17 115.54 110.98 106.54
123.49 123.04 122.76 122.47 122.15 121.82 121.48 121.16 120.87 120.62 120.44 120.33 120.32 120.41 120.63 120.98 121.49 122.17 123.03 124.09 125.36 126.82 128.45 130.27 132.27 134.38 136.54 138.76 141.10 143.64 146.36 149.24 152.22 155.29 158.41 161.54 164.65 167.70 170.66 173.49 176.17 178.64 180.89 182.88 184.56 185.92 186.90 187.44 187.50 187.05 186.08 184.54 182.43 179.77 176.65 173.22 169.54 165.63 161.51 157.22 152.78 148.22 143.55 138.81 134.02 129.20 124.39 119.61 114.88 110.22 105.68
122.80 122.67 122.50 122.28 122.03 121.75 121.47 121.20 120.95 120.74 120.59 120.52 120.52 120.64 120.86 121.23 121.74 122.41 123.26 124.31 125.57 127.05 128.72 130.60 132.65 134.81 137.02 139.37 141.93 144.69 147.61 150.66 153.80 157.01 160.24 163.47 166.65 169.75 172.74 175.59 178.25 180.70 182.89 184.81 186.40 187.64 188.49 188.91 188.85 188.25 187.09 185.34 183.00 180.18 177.00 173.55 169.84 165.89 161.74 157.41 152.92 148.31 143.59 138.78 133.93 129.05 124.17 119.31 114.50 109.76 105.13
122.24 122.23 122.15 122.01 121.83 121.62 121.41 121.19 121.00 120.85 120.74 120.70 120.75 120.89 121.14 121.52 122.04 122.72 123.58 124.62 125.87 127.34 129.04 130.96 133.07 135.27 137.62 140.19 142.97 145.93 149.03 152.25 155.53 158.86 162.19 165.50 168.74 171.88 174.88 177.72 180.36 182.76 184.89 186.72 188.20 189.31 190.01 190.27 190.04 189.28 187.93 185.96 183.47 180.61 177.43 173.97 170.24 166.28 162.11 157.75 153.23 148.58 143.82 138.98 134.08 129.15 124.21 119.29 114.42 109.61 104.91
121.54 121.63 121.65 121.61 121.52 121.39 121.26 121.12 120.99 120.90 120.85 120.86 120.95 121.13 121.42 121.83 122.38 123.08 123.95 125.00 126.25 127.72 129.42 131.36 133.51 135.85 138.42 141.22 144.21 147.36 150.63 153.99 157.41 160.84 164.25 167.62 170.90 174.06 177.07 179.89 182.49 184.83 186.87 188.60 189.96 190.92 191.45 191.52 191.10 190.13 188.58 186.47 183.97 181.12 177.95 174.50 170.77 166.81 162.63 158.26 153.73 149.06 144.28 139.41 134.48 129.51 124.54 119.57 114.65 109.80 105.04
120.68 120.89 121.01 121.07 121.08 121.05 121.00 120.94 120.89 120.87 120.89 120.96 121.11 121.34 121.67 122.12 122.70 123.43 124.32 125.39 126.66 128.13 129.83 131.78 134.05 136.62 139.43 142.45 145.63 148.96 152.38 155.87 159.40 162.92 166.40 169.82 173.13 176.30 179.29 182.08 184.62 186.88 188.83 190.44 191.66 192.46 192.82 192.68 192.03 190.83 189.14 187.05 184.58 181.76 178.62 175.19 171.48 167.53 163.37 159.00 154.48 149.80 145.02 140.14 135.19 130.21 125.21 120.22 115.27 110.38 105.58
119.76 120.09 120.32 120.48 120.59 120.65 120.69 120.71 120.74 120.79 120.88 121.01 121.21 121.49 121.87 122.36 122.98 123.73 124.65 125.74 127.02 128.50 130.22 132.26 134.74 137.55 140.58 143.80 147.17 150.66 154.23 157.84 161.47 165.07 168.61 172.07 175.39 178.56 181.53 184.27 186.75 188.93 190.77 192.25 193.32 193.95 194.12 193.78 192.90 191.56 189.89 187.86 185.44 182.67 179.58 176.19 172.52 168.61 164.47 160.13 155.63 150.97 146.20 141.33 136.39 131.40 126.40 121.40 116.44 111.54 106.71
118.85 119.28 119.62 119.88 120.08 120.24 120.36 120.46 120.57 120.68 120.83 121.02 121.28 121.61 122.03 122.55 123.20 123.99 124.92 126.03 127.32 128.82 130.63 132.88 135.58 138.58 141.82 145.23 148.78 152.43 156.13 159.86 163.58 167.25 170.85 174.33 177.67 180.83 183.77 186.45 188.86 190.94 192.67 194.01 194.93 195.39 195.35 194.80 193.79 192.48 190.88 188.91 186.56 183.87 180.84 177.51 173.90 170.04 165.95 161.66 157.19 152.57 147.83 142.99 138.07 133.11 128.12 123.14 118.18 113.28 108.46
117.97 118.47 118.91 119.28 119.57 119.81 120.01 120.19 120.37 120.55 120.76 121.01 121.31 121.69 122.15 122.71 123.38 124.19 125.15 126.27 127.57 129.17 131.19 133.66 136.55 139.73 143.13 146.72 150.43 154.23 158.06 161.89 165.69 169.44 173.08 176.58 179.92 183.06 185.96 188.59 190.91 192.90 194.50 195.70 196.45 196.73 196.49 195.82 194.85 193.61 192.06 190.16 187.88 185.27 182.32 179.07 175.54 171.75 167.73 163.50 159.10 154.54 149.85 145.05 140.18 135.26 130.30 125.35 120.42 115.54 110.74
117.20 117.71 118.22 118.67 119.06 119.38 119.66 119.92 120.16 120.41 120.67 120.98 121.33 121.74 122.24 122.83 123.53 124.36 125.33 126.47 127.88 129.69 131.92 134.58 137.65 140.99 144.53 148.25 152.10 156.03 159.98 163.91 167.79 171.59 175.27 178.79 182.13 185.24 188.09 190.65 192.89 194.76 196.24 197.28 197.86 197.95 197.61 196.98 196.09 194.91 193.42 191.57 189.36 186.82 183.97 180.81 177.38 173.68 169.75 165.61 161.28 156.79 152.17 147.45 142.64 137.77 132.88 127.97 123.09 118.26 113.49
116.54 117.06 117.57 118.09 118.55 118.96 119.32 119.64 119.95 120.26 120.58 120.93 121.32 121.78 122.31 122.93 123.65 124.50 125.49 126.73 128.35 130.37 132.80 135.64 138.86 142.34 146.00 149.83 153.77 157.81 161.86 165.89 169.84 173.69 177.39 180.93 184.25 187.32 190.12 192.61 194.75 196.50 197.84 198.73 199.13 199.12 198.84 198.30 197.48 196.36 194.91 193.11 190.96 188.49 185.72 182.66 179.34 175.75 171.93 167.89 163.66 159.27 154.74 150.10 145.38 140.59 135.77 130.94 126.12 121.35 116.64
115.99 116.50 117.02 117.55 118.07 118.55 118.98 119.38 119.75 120.11 120.48 120.88 121.32 121.81 122.37 123.01 123.76 124.63 125.72 127.17 129.01 131.22 133.82 136.82 140.17 143.77 147.54 151.45 155.46 159.56 163.69 167.79 171.81 175.70 179.42 182.95 186.25 189.29 192.03 194.43 196.46 198.09 199.28 200.01 200.33 200.38 200.19 199.73 198.98 197.91 196.51 194.75 192.65 190.24 187.54 184.57 181.36 177.90 174.20 170.28 166.17 161.90 157.48 152.95 148.32 143.63 138.91 134.16 129.43 124.74 120.12
115.53 116.05 116.57 117.10 117.64 118.17 118.67 119.13 119.56 119.97 120.40 120.84 121.31 121.83 122.42 123.09 123.86 124.84 126.14 127.81 129.83 132.22 134.98 138.10 141.58 145.27 149.12 153.10 157.17 161.30 165.45 169.60 173.66 177.58 181.32 184.85 188.12 191.10 193.77 196.08 198.00 199.50 200.54 201.19 201.59 201.74 201.64 201.25 200.56 199.54 198.17 196.45 194.40 192.05 189.41 186.52 183.39 180.05 176.49 172.72 168.75 164.60 160.32 155.91 151.41 146.83 142.22 137.59 132.96 128.38 123.88
115.16 115.69 116.22 116.75 117.29 117.84 118.38 118.90 119.39 119.86 120.32 120.81 121.31 121.87 122.48 123.17 124.05 125.24 126.76 128.62 130.81 133.36 136.25 139.49 143.06 146.83 150.75 154.77 158.87 163.01 167.17 171.30 175.38 179.32 183.07 186.57 189.81 192.74 195.32 197.54 199.34 200.70 201.68 202.41 202.91 203.16 203.14 202.82 202.18 201.20 199.86 198.18 196.17 193.87 191.29 188.47 185.42 182.17 178.74 175.12 171.31 167.32 163.18 158.92 154.56 150.12 145.64 141.14 136.65 132.21 127.85
114.88 115.41 115.95 116.49 117.04 117.59 118.15 118.71 119.25 119.77 120.28 120.80 121.34 121.92 122.56 123.36 124.45 125.85 127.56 129.59 131.94 134.62 137.63 140.97 144.61 148.44 152.40 156.45 160.56 164.70 168.84 172.93 176.96 180.88 184.62 188.11 191.30 194.16 196.66 198.76 200.44 201.75 202.82 203.67 204.28 204.62 204.67 204.41 203.82 202.87 201.56 199.90 197.93 195.67 193.15 190.39 187.41 184.25 180.91 177.43 173.78 169.97 166.00 161.90 157.70 153.42 149.09 144.75 140.44 136.18 131.98
