data_processed/recharge/precip/Precip_1984_04.asc
ncols        168
nrows        136
xllcorner    455000
yllcorner    2107000
cellsize     500
NODATA_value     -99999
[rows 0 to 36 of 136, columns 0 to 82 of 168]
10.83 10.51 10.18 9.84 9.49 9.14 8.79 8.43 8.07 7.71 7.35 7.00 6.66 6.32 5.98 5.66 5.35 5.06 4.79 4.53 4.30 4.08 3.88 3.69 3.52 3.37 3.24 3.12 3.02 2.93 2.85 2.78 2.71 2.63 2.56 2.48 2.41 2.33 2.26 2.19 2.11 2.04 1.97 1.90 1.84 1.77 1.71 1.65 1.59 1.54 1.49 1.44 1.39 1.35 1.32 1.29 1.26 1.23 1.20 1.17 1.14 1.11 1.07 1.04 1.00 0.97 0.94 0.91 0.88 0.85 0.83 0.81 0.79 0.78 0.76 0.75 0.74 0.73 0.72 0.71 0.70 0.70 0.70
11.27 10.93 10.58 10.23 9.86 9.49 9.12 8.74 8.37 7.99 7.62 7.25 6.88 6.52 6.17 5.83 5.50 5.19 4.90 4.62 4.37 4.13 3.91 3.70 3.52 3.35 3.20 3.06 2.94 2.84 2.75 2.67 2.60 2.53 2.45 2.38 2.31 2.24 2.16 2.09 2.02 1.95 1.89 1.82 1.76 1.70 1.64 1.58 1.53 1.48 1.44 1.40 1.36 1.32 1.29 1.27 1.24 1.22 1.19 1.16 1.13 1.09 1.06 1.02 0.99 0.95 0.92 0.89 0.86 0.84 0.82 0.80 0.78 0.77 0.75 0.74 0.73 0.72 0.71 0.71 0.70 0.70 0.69
11.69 11.34 10.97 10.60 10.22 9.83 9.44 9.05 8.66 8.26 7.87 7.48 7.10 6.72 6.35 5.99 5.64 5.31 5.00 4.71 4.43 4.18 3.94 3.72 3.52 3.33 3.16 3.01 2.88 2.76 2.65 2.57 2.49 2.42 2.35 2.28 2.20 2.13 2.07 2.00 1.93 1.87 1.80 1.74 1.68 1.63 1.57 1.52 1.48 1.43 1.39 1.36 1.33 1.30 1.28 1.26 1.23 1.20 1.17 1.14 1.11 1.07 1.04 1.01 0.97 0.94 0.91 0.88 0.85 0.83 0.80 0.79 0.77 0.76 0.74 0.73 0.72 0.72 0.71 0.70 0.70 0.70 0.69
12.09 11.73 11.35 10.96 10.56 10.16 9.76 9.35 8.94 8.52 8.12 7.71 7.31 6.91 6.53 6.15 5.78 5.43 5.10 4.80 4.50 4.23 3.98 3.74 3.52 3.32 3.14 2.97 2.82 2.69 2.57 2.47 2.38 2.31 2.24 2.17 2.10 2.03 1.97 1.90 1.84 1.78 1.72 1.66 1.61 1.56 1.51 1.47 1.43 1.39 1.36 1.33 1.30 1.28 1.26 1.24 1.22 1.19 1.16 1.13 1.09 1.06 1.02 0.99 0.95 0.92 0.89 0.86 0.83 0.81 0.79 0.77 0.76 0.75 0.73 0.72 0.72 0.71 0.70 0.70 0.69 0.69 0.69
12.48 12.10 11.70 11.30 10.89 10.48 10.06 9.63 9.20 8.78 8.35 7.93 7.51 7.10 6.70 6.30 5.92 5.55 5.21 4.88 4.58 4.29 4.02 3.77 3.53 3.32 3.12 2.94 2.78 2.63 2.50 2.38 2.28 2.20 2.13 2.06 2.00 1.93 1.87 1.81 1.75 1.70 1.64 1.59 1.54 1.50 1.46 1.42 1.38 1.35 1.33 1.31 1.29 1.27 1.25 1.23 1.20 1.17 1.14 1.11 1.07 1.04 1.00 0.97 0.94 0.90 0.87 0.84 0.82 0.80 0.78 0.76 0.75 0.74 0.72 0.72 0.71 0.70 0.70 0.69 0.69 0.69 0.69
12.85 12.45 12.05 11.63 11.21 10.78 10.34 9.90 9.46 9.02 8.58 8.14 7.71 7.28 6.86 6.45 6.05 5.67 5.31 4.97 4.65 4.35 4.06 3.80 3.55 3.32 3.11 2.92 2.74 2.58 2.44 2.31 2.20 2.10 2.02 1.96 1.90 1.84 1.78 1.72 1.67 1.62 1.57 1.52 1.48 1.44 1.41 1.37 1.35 1.32 1.31 1.29 1.28 1.26 1.24 1.21 1.19 1.16 1.12 1.09 1.06 1.02 0.99 0.95 0.92 0.89 0.86 0.83 0.80 0.78 0.76 0.75 0.74 0.72 0.71 0.71 0.70 0.69 0.69 0.69 0.68 0.68 0.68
13.20 12.79 12.37 11.94 11.51 11.07 10.62 10.17 9.71 9.26 8.80 8.35 7.90 7.46 7.03 6.60 6.19 5.79 5.42 5.06 4.72 4.41 4.11 3.83 3.57 3.33 3.11 2.90 2.71 2.54 2.38 2.25 2.13 2.02 1.93 1.86 1.80 1.74 1.69 1.64 1.59 1.54 1.50 1.46 1.42 1.39 1.36 1.34 1.32 1.30 1.29 1.28 1.27 1.25 1.23 1.20 1.17 1.14 1.11 1.07 1.04 1.00 0.97 0.93 0.90 0.87 0.84 0.81 0.79 0.76 0.75 0.73 0.72 0.71 0.70 0.70 0.69 0.69 0.68 0.68 0.68 0.68 0.68
13.53 13.11 12.68 12.24 11.80 11.34 10.88 10.42 9.95 9.48 9.02 8.55 8.09 7.63 7.19 6.75 6.32 5.91 5.52 5.15 4.80 4.47 4.16 3.87 3.60 3.34 3.11 2.89 2.69 2.51 2.34 2.20 2.07 1.95 1.85 1.77 1.70 1.65 1.60 1.56 1.51 1.47 1.44 1.40 1.38 1.35 1.33 1.31 1.30 1.29 1.28 1.27 1.26 1.24 1.21 1.18 1.16 1.12 1.09 1.05 1.02 0.98 0.95 0.91 0.88 0.85 0.82 0.79 0.77 0.75 0.73 0.72 0.71 0.70 0.69 0.69 0.68 0.68 0.67 0.67 0.67 0.67 0.68
13.84 13.41 12.98 12.53 12.07 11.60 11.13 10.65 10.18 9.70 9.22 8.74 8.27 7.80 7.34 6.89 6.45 6.02 5.62 5.24 4.88 4.54 4.21 3.91 3.63 3.36 3.12 2.89 2.68 2.49 2.32 2.16 2.02 1.90 1.79 1.70 1.63 1.57 1.52 1.48 1.44 1.41 1.38 1.36 1.33 1.32 1.30 1.29 1.29 1.29 1.28 1.26 1.25 1.22 1.20 1.17 1.14 1.11 1.07 1.04 1.00 0.96 0.93 0.89 0.86 0.83 0.80 0.77 0.75 0.73 0.72 0.70 0.69 0.69 0.68 0.67 0.67 0.67 0.67 0.67 0.67 0.67 0.67
14.14 13.70 13.25 12.79 12.33 11.85 11.37 10.88 10.39 9.90 9.41 8.93 8.44 7.96 7.49 7.02 6.57 6.14 5.72 5.33 4.96 4.60 4.27 3.96 3.67 3.39 3.14 2.90 2.68 2.48 2.30 2.13 1.99 1.86 1.74 1.64 1.56 1.50 1.45 1.41 1.38 1.36 1.33 1.32 1.30 1.29 1.29 1.29 1.29 1.28 1.27 1.25 1.23 1.21 1.18 1.15 1.12 1.09 1.05 1.02 0.98 0.94 0.91 0.87 0.84 0.81 0.78 0.75 0.73 0.71 0.70 0.69 0.68 0.67 0.67 0.66 0.66 0.66 0.66 0.66 0.66 0.66 0.66
14.42 13.97 13.51 13.05 12.57 12.08 11.59 11.10 10.60 10.10 9.60 9.10 8.61 8.12 7.63 7.16 6.69 6.25 5.82 5.42 5.04 4.67 4.33 4.01 3.71 3.42 3.16 2.92 2.69 2.48 2.29 2.12 1.96 1.83 1.71 1.60 1.52 1.45 1.39 1.35 1.33 1.31 1.29 1.28 1.28 1.28 1.28 1.28 1.28 1.27 1.26 1.24 1.22 1.20 1.17 1.14 1.11 1.07 1.03 1.00 0.96 0.92 0.89 0.85 0.82 0.79 0.76 0.73 0.71 0.70 0.68 0.67 0.67 0.66 0.65 0.65 0.65 0.65 0.65 0.65 0.65 0.65 0.66
14.67 14.22 13.76 13.28 12.80 12.31 11.81 11.30 10.80 10.29 9.78 9.27 8.77 8.27 7.77 7.29 6.81 6.36 5.92 5.51 5.12 4.74 4.39 4.06 3.75 3.46 3.19 2.94 2.71 2.49 2.29 2.12 1.96 1.81 1.69 1.58 1.49 1.41 1.36 1.31 1.29 1.27 1.27 1.26 1.27 1.27 1.28 1.28 1.28 1.27 1.25 1.24 1.21 1.19 1.16 1.12 1.09 1.05 1.02 0.98 0.94 0.90 0.87 0.83 0.80 0.77 0.74 0.72 0.69 0.68 0.67 0.66 0.65 0.64 0.64 0.64 0.64 0.64 0.64 0.64 0.64 0.65 0.65
14.92 14.46 13.99 13.50 13.01 12.51 12.01 11.50 10.98 10.47 9.95 9.43 8.92 8.41 7.91 7.41 6.93 6.46 6.02 5.60 5.20 4.82 4.46 4.12 3.80 3.51 3.23 2.97 2.73 2.51 2.31 2.13 1.96 1.81 1.68 1.57 1.48 1.40 1.34 1.29 1.26 1.25 1.25 1.25 1.27 1.28 1.28 1.28 1.28 1.26 1.25 1.23 1.20 1.17 1.14 1.11 1.07 1.04 1.00 0.96 0.92 0.88 0.85 0.81 0.78 0.75 0.72 0.70 0.68 0.66 0.65 0.64 0.63 0.63 0.63 0.63 0.62 0.63 0.63 0.63 0.63 0.64 0.64
15.14 14.67 14.20 13.71 13.21 12.71 12.20 11.68 11.16 10.63 10.11 9.59 9.07 8.55 8.04 7.53 7.04 6.57 6.12 5.69 5.28 4.89 4.53 4.18 3.86 3.56 3.27 3.01 2.77 2.54 2.33 2.15 1.98 1.83 1.69 1.58 1.48 1.40 1.34 1.29 1.26 1.24 1.24 1.26 1.27 1.28 1.28 1.28 1.27 1.26 1.24 1.22 1.19 1.16 1.13 1.09 1.06 1.02 0.98 0.94 0.90 0.86 0.83 0.79 0.76 0.73 0.70 0.68 0.66 0.64 0.63 0.62 0.62 0.62 0.61 0.61 0.61 0.61 0.62 0.62 0.62 0.63 0.63
15.34 14.87 14.39 13.90 13.40 12.89 12.37 11.85 11.32 10.79 10.26 9.73 9.21 8.68 8.16 7.65 7.15 6.67 6.21 5.78 5.36 4.97 4.60 4.25 3.92 3.61 3.33 3.06 2.81 2.58 2.37 2.18 2.01 1.85 1.72 1.60 1.50 1.42 1.35 1.31 1.27 1.26 1.26 1.27 1.28 1.28 1.28 1.28 1.27 1.25 1.23 1.21 1.18 1.15 1.11 1.08 1.04 1.00 0.96 0.92 0.88 0.84 0.80 0.77 0.74 0.71 0.68 0.66 0.64 0.62 0.61 0.61 0.60 0.60 0.60 0.60 0.60 0.60 0.60 0.61 0.61 0.62 0.63
15.53 15.06 14.57 14.08 13.57 13.06 12.53 12.01 11.48 10.94 10.41 9.87 9.34 8.81 8.28 7.77 7.26 6.77 6.31 5.87 5.45 5.05 4.68 4.32 3.99 3.68 3.38 3.11 2.86 2.63 2.42 2.22 2.05 1.89 1.76 1.64 1.54 1.46 1.39 1.34 1.31 1.29 1.29 1.29 1.29 1.29 1.29 1.28 1.26 1.25 1.22 1.20 1.17 1.13 1.10 1.06 1.02 0.98 0.94 0.90 0.86 0.82 0.78 0.75 0.71 0.68 0.66 0.63 0.62 0.60 0.59 0.59 0.59 0.58 0.58 0.58 0.59 0.59 0.59 0.60 0.60 0.61 0.62
15.69 15.22 14.73 14.24 13.73 13.21 12.68 12.15 11.62 11.08 10.54 10.00 9.46 8.93 8.40 7.88 7.37 6.87 6.40 5.96 5.53 5.13 4.75 4.40 4.06 3.74 3.45 3.18 2.92 2.69 2.47 2.28 2.10 1.95 1.81 1.69 1.59 1.51 1.44 1.40 1.37 1.35 1.33 1.31 1.30 1.29 1.29 1.28 1.26 1.24 1.22 1.19 1.15 1.12 1.08 1.04 1.00 0.96 0.92 0.88 0.84 0.80 0.76 0.73 0.69 0.66 0.64 0.61 0.60 0.58 0.58 0.57 0.57 0.57 0.57 0.57 0.57 0.58 0.58 0.59 0.59 0.60 0.61
15.84 15.37 14.88 14.38 13.87 13.35 12.82 12.29 11.75 11.21 10.67 10.12 9.58 9.04 8.51 7.98 7.47 6.97 6.50 6.05 5.62 5.22 4.83 4.47 4.13 3.82 3.52 3.25 2.99 2.76 2.54 2.35 2.17 2.02 1.88 1.76 1.66 1.58 1.52 1.47 1.44 1.40 1.38 1.35 1.33 1.31 1.29 1.28 1.26 1.23 1.21 1.18 1.14 1.11 1.07 1.03 0.99 0.94 0.90 0.86 0.82 0.78 0.74 0.71 0.67 0.64 0.62 0.59 0.58 0.56 0.56 0.55 0.55 0.55 0.55 0.56 0.56 0.56 0.57 0.58 0.58 0.59 0.60
15.97 15.50 15.01 14.51 14.00 13.48 12.95 12.41 11.87 11.33 10.78 10.24 9.69 9.15 8.62 8.09 7.57 7.07 6.59 6.14 5.71 5.30 4.92 4.55 4.21 3.90 3.60 3.32 3.07 2.83 2.62 2.43 2.25 2.10 1.96 1.85 1.75 1.67 1.61 1.56 1.51 1.47 1.43 1.39 1.36 1.33 1.30 1.28 1.25 1.23 1.20 1.17 1.13 1.09 1.05 1.01 0.97 0.93 0.88 0.84 0.80 0.76 0.72 0.68 0.65 0.62 0.59 0.57 0.56 0.54 0.54 0.54 0.54 0.54 0.54 0.54 0.55 0.55 0.56 0.56 0.57 0.58 0.59
16.08 15.61 15.12 14.62 14.11 13.59 13.06 12.52 11.98 11.44 10.89 10.34 9.80 9.26 8.72 8.18 7.66 7.16 6.68 6.23 5.80 5.39 5.00 4.64 4.30 3.98 3.68 3.41 3.15 2.92 2.71 2.52 2.34 2.19 2.06 1.94 1.85 1.77 1.71 1.65 1.59 1.54 1.49 1.44 1.40 1.36 1.32 1.28 1.25 1.22 1.19 1.16 1.12 1.08 1.04 1.00 0.95 0.91 0.86 0.82 0.78 0.74 0.70 0.66 0.63 0.60 0.57 0.55 0.54 0.52 0.52 0.52 0.52 0.52 0.52 0.53 0.53 0.54 0.55 0.55 0.56 0.57 0.58
16.17 15.70 15.22 14.72 14.21 13.69 13.16 12.62 12.08 11.54 10.99 10.44 9.90 9.35 8.81 8.28 7.75 7.25 6.77 6.32 5.88 5.48 5.09 4.73 4.39 4.07 3.77 3.50 3.25 3.02 2.81 2.62 2.45 2.30 2.17 2.06 1.97 1.89 1.81 1.74 1.68 1.61 1.55 1.49 1.44 1.39 1.34 1.30 1.26 1.22 1.19 1.15 1.11 1.07 1.03 0.98 0.94 0.89 0.85 0.80 0.76 0.72 0.68 0.64 0.61 0.58 0.55 0.53 0.52 0.51 0.50 0.50 0.50 0.51 0.51 0.51 0.52 0.53 0.53 0.54 0.55 0.56 0.57
16.25 15.78 15.29 14.80 14.29 13.77 13.24 12.71 12.17 11.62 11.08 10.53 9.99 9.44 8.90 8.37 7.84 7.34 6.86 6.40 5.97 5.57 5.18 4.82 4.48 4.17 3.87 3.60 3.35 3.12 2.92 2.73 2.56 2.42 2.29 2.19 2.09 2.01 1.92 1.84 1.76 1.69 1.62 1.55 1.49 1.43 1.37 1.32 1.27 1.22 1.18 1.14 1.10 1.06 1.01 0.97 0.92 0.87 0.83 0.78 0.74 0.70 0.66 0.62 0.59 0.56 0.53 0.51 0.50 0.49 0.48 0.48 0.49 0.49 0.49 0.50 0.51 0.51 0.52 0.53 0.54 0.55 0.56
16.30 15.84 15.36 14.86 14.36 13.84 13.32 12.78 12.25 11.70 11.16 10.61 10.07 9.53 8.99 8.45 7.93 7.42 6.95 6.49 6.06 5.66 5.27 4.92 4.58 4.27 3.98 3.71 3.46 3.24 3.03 2.85 2.69 2.55 2.43 2.32 2.22 2.12 2.03 1.94 1.85 1.77 1.69 1.61 1.54 1.47 1.40 1.34 1.28 1.23 1.18 1.13 1.09 1.04 1.00 0.95 0.90 0.86 0.81 0.76 0.72 0.68 0.64 0.60 0.57 0.54 0.51 0.49 0.48 0.47 0.46 0.47 0.47 0.47 0.48 0.48 0.49 0.50 0.51 0.52 0.53 0.54 0.55
16.34 15.88 15.40 14.91 14.41 13.90 13.38 12.85 12.31 11.77 11.23 10.69 10.14 9.60 9.07 8.53 8.01 7.51 7.03 6.58 6.15 5.75 5.37 5.01 4.68 4.37 4.09 3.82 3.58 3.36 3.16 2.99 2.83 2.70 2.58 2.46 2.35 2.24 2.14 2.03 1.94 1.85 1.76 1.67 1.59 1.51 1.44 1.37 1.30 1.24 1.18 1.13 1.08 1.03 0.98 0.94 0.89 0.84 0.79 0.74 0.70 0.66 0.61 0.58 0.54 0.51 0.49 0.47 0.46 0.45 0.44 0.45 0.45 0.46 0.46 0.47 0.48 0.49 0.50 0.51 0.52 0.53 0.54
16.36 15.90 15.43 14.94 14.45 13.94 13.42 12.90 12.37 11.83 11.29 10.75 10.21 9.67 9.14 8.61 8.09 7.59 7.12 6.67 6.24 5.84 5.47 5.12 4.79 4.48 4.20 3.94 3.71 3.50 3.30 3.13 2.99 2.85 2.72 2.59 2.47 2.35 2.24 2.13 2.03 1.92 1.83 1.73 1.65 1.56 1.48 1.40 1.33 1.26 1.19 1.13 1.07 1.02 0.97 0.92 0.87 0.82 0.77 0.72 0.68 0.64 0.59 0.56 0.52 0.49 0.47 0.45 0.44 0.43 0.43 0.43 0.43 0.44 0.45 0.46 0.46 0.47 0.48 0.49 0.51 0.52 0.53
16.35 15.90 15.44 14.96 14.47 13.97 13.45 12.94 12.41 11.88 11.35 10.81 10.27 9.74 9.21 8.68 8.16 7.67 7.20 6.75 6.33 5.94 5.57 5.22 4.90 4.60 4.33 4.07 3.84 3.64 3.45 3.29 3.14 3.00 2.86 2.72 2.59 2.47 2.34 2.23 2.11 2.00 1.90 1.80 1.70 1.61 1.52 1.43 1.35 1.28 1.21 1.14 1.07 1.01 0.96 0.91 0.85 0.80 0.75 0.71 0.66 0.62 0.57 0.54 0.50 0.47 0.45 0.43 0.42 0.41 0.41 0.41 0.42 0.42 0.43 0.44 0.45 0.46 0.47 0.48 0.49 0.51 0.52
16.33 15.89 15.43 14.96 14.48 13.98 13.48 12.96 12.44 11.92 11.39 10.86 10.33 9.80 9.27 8.75 8.24 7.74 7.28 6.84 6.43 6.04 5.67 5.33 5.02 4.72 4.45 4.21 3.99 3.79 3.61 3.45 3.29 3.14 2.99 2.85 2.71 2.57 2.44 2.32 2.20 2.08 1.97 1.86 1.76 1.66 1.56 1.47 1.38 1.30 1.22 1.15 1.08 1.01 0.95 0.89 0.84 0.79 0.74 0.69 0.64 0.60 0.55 0.52 0.48 0.45 0.43 0.41 0.40 0.39 0.39 0.40 0.40 0.41 0.42 0.43 0.44 0.45 0.46 0.47 0.48 0.50 0.51
16.30 15.86 15.41 14.94 14.47 13.98 13.48 12.98 12.46 11.94 11.42 10.90 10.37 9.85 9.33 8.81 8.30 7.82 7.36 6.93 6.52 6.13 5.78 5.44 5.13 4.85 4.59 4.35 4.14 3.95 3.77 3.60 3.44 3.28 3.12 2.97 2.82 2.68 2.54 2.41 2.28 2.15 2.03 1.92 1.81 1.70 1.60 1.50 1.41 1.32 1.24 1.16 1.08 1.01 0.95 0.88 0.83 0.77 0.72 0.67 0.62 0.58 0.53 0.50 0.46 0.43 0.41 0.39 0.38 0.37 0.37 0.38 0.39 0.39 0.40 0.41 0.42 0.43 0.45 0.46 0.47 0.49 0.50
16.25 15.81 15.37 14.91 14.44 13.97 13.48 12.98 12.47 11.96 11.45 10.93 10.41 9.90 9.38 8.87 8.37 7.89 7.44 7.01 6.61 6.23 5.88 5.56 5.26 4.98 4.73 4.50 4.30 4.11 3.93 3.75 3.57 3.40 3.24 3.08 2.93 2.78 2.63 2.49 2.36 2.22 2.10 1.98 1.86 1.75 1.64 1.54 1.44 1.34 1.26 1.17 1.09 1.01 0.94 0.88 0.81 0.76 0.70 0.65 0.60 0.56 0.51 0.48 0.44 0.41 0.39 0.37 0.36 0.35 0.35 0.36 0.37 0.38 0.39 0.40 0.41 0.42 0.43 0.45 0.46 0.48 0.49
16.18 15.76 15.32 14.87 14.41 13.94 13.46 12.97 12.47 11.97 11.46 10.95 10.44 9.93 9.43 8.92 8.43 7.96 7.51 7.09 6.70 6.33 5.99 5.68 5.39 5.12 4.88 4.66 4.46 4.26 4.07 3.88 3.70 3.53 3.35 3.19 3.03 2.87 2.72 2.57 2.43 2.29 2.16 2.03 1.91 1.79 1.68 1.57 1.46 1.37 1.27 1.18 1.10 1.02 0.94 0.87 0.81 0.74 0.69 0.63 0.59 0.54 0.50 0.46 0.42 0.39 0.37 0.35 0.34 0.33 0.34 0.34 0.35 0.36 0.37 0.38 0.40 0.41 0.42 0.44 0.45 0.47 0.48
16.10 15.68 15.25 14.81 14.36 13.89 13.42 12.94 12.46 11.96 11.47 10.97 10.47 9.97 9.47 8.97 8.49 8.02 7.59 7.18 6.79 6.44 6.10 5.80 5.52 5.26 5.03 4.81 4.61 4.40 4.20 4.01 3.82 3.64 3.46 3.28 3.12 2.95 2.80 2.64 2.49 2.35 2.21 2.08 1.95 1.83 1.71 1.60 1.49 1.39 1.29 1.19 1.11 1.02 0.94 0.87 0.80 0.73 0.67 0.62 0.57 0.52 0.48 0.44 0.40 0.37 0.35 0.33 0.32 0.32 0.32 0.33 0.34 0.35 0.36 0.37 0.38 0.40 0.41 0.43 0.44 0.46 0.48
16.01 15.60 15.18 14.74 14.29 13.84 13.38 12.91 12.43 11.95 11.46 10.97 10.48 9.99 9.50 9.02 8.54 8.09 7.66 7.26 6.89 6.54 6.22 5.92 5.65 5.41 5.18 4.96 4.74 4.53 4.32 4.12 3.93 3.74 3.55 3.37 3.20 3.03 2.87 2.71 2.55 2.41 2.26 2.12 1.99 1.86 1.74 1.62 1.51 1.40 1.30 1.20 1.11 1.02 0.94 0.86 0.79 0.72 0.66 0.60 0.55 0.50 0.46 0.42 0.38 0.36 0.33 0.31 0.30 0.30 0.30 0.31 0.32 0.33 0.35 0.36 0.37 0.39 0.40 0.42 0.43 0.45 0.47
15.90 15.50 15.09 14.66 14.22 13.77 13.32 12.86 12.40 11.93 11.45 10.97 10.49 10.01 9.53 9.06 8.59 8.15 7.73 7.34 6.98 6.64 6.33 6.05 5.79 5.55 5.32 5.09 4.86 4.65 4.43 4.23 4.02 3.83 3.64 3.45 3.27 3.10 2.93 2.76 2.61 2.45 2.30 2.16 2.02 1.89 1.77 1.64 1.53 1.42 1.31 1.21 1.11 1.02 0.94 0.86 0.78 0.71 0.65 0.59 0.54 0.49 0.44 0.40 0.37 0.34 0.31 0.30 0.29 0.28 0.29 0.30 0.31 0.32 0.33 0.35 0.36 0.37 0.39 0.41 0.42 0.45 0.48
15.79 15.40 14.99 14.57 14.14 13.70 13.25 12.80 12.35 11.89 11.43 10.96 10.49 10.02 9.56 9.09 8.64 8.20 7.80 7.42 7.07 6.75 6.45 6.18 5.92 5.68 5.44 5.20 4.97 4.75 4.53 4.32 4.11 3.91 3.71 3.52 3.33 3.15 2.98 2.81 2.65 2.49 2.34 2.19 2.05 1.92 1.78 1.66 1.54 1.43 1.32 1.21 1.12 1.02 0.94 0.85 0.78 0.70 0.64 0.58 0.52 0.47 0.42 0.38 0.35 0.32 0.30 0.28 0.27 0.27 0.27 0.28 0.29 0.31 0.32 0.33 0.35 0.36 0.38 0.40 0.42 0.45 0.48
15.66 15.28 14.89 14.48 14.06 13.62 13.18 12.74 12.29 11.84 11.39 10.94 10.48 10.03 9.57 9.12 8.68 8.26 7.86 7.50 7.16 6.85 6.57 6.30 6.04 5.79 5.54 5.30 5.06 4.83 4.61 4.39 4.18 3.97 3.77 3.57 3.38 3.20 3.02 2.85 2.68 2.52 2.36 2.21 2.07 1.93 1.80 1.67 1.55 1.43 1.32 1.21 1.11 1.02 0.93 0.84 0.77 0.69 0.63 0.56 0.51 0.45 0.41 0.37 0.33 0.30 0.28 0.26 0.25 0.25 0.26 0.27 0.28 0.29 0.31 0.32 0.34 0.35 0.37 0.40 0.42 0.45 0.49
15.52 15.16 14.77 14.37 13.96 13.54 13.11 12.67 12.23 11.79 11.35 10.91 10.47 10.03 9.59 9.15 8.71 8.31 7.93 7.58 7.25 6.96 6.68 6.41 6.14 5.88 5.63 5.38 5.14 4.90 4.68 4.45 4.23 4.02 3.82 3.62 3.42 3.23 3.05 2.88 2.70 2.54 2.38 2.23 2.08 1.94 1.80 1.67 1.55 1.43 1.31 1.21 1.10 1.01 0.92 0.83 0.75 0.68 0.61 0.55 0.49 0.44 0.39 0.35 0.32 0.29 0.26 0.25 0.24 0.23 0.24 0.25 0.27 0.28 0.29 0.31 0.33 0.35 0.37 0.40 0.43 0.46 0.50
15.38 15.03 14.65 14.26 13.86 13.45 13.03 12.60 12.17 11.73 11.30 10.87 10.45 10.02 9.59 9.17 8.75 8.35 7.99 7.65 7.34 7.05 6.77 6.49 6.22 5.96 5.70 5.45 5.20 4.96 4.72 4.50 4.27 4.06 3.85 3.65 3.45 3.26 3.07 2.89 2.72 2.55 2.39 2.23 2.08 1.94 1.80 1.66 1.54 1.42 1.30 1.19 1.09 0.99 0.90 0.81 0.73 0.66 0.59 0.53 0.47 0.42 0.37 0.33 0.30 0.27 0.25 0.23 0.22 0.22 0.23 0.24 0.25 0.27 0.28 0.30 0.32 0.34 0.37 0.40 0.44 0.47 0.51
