data_processed/recharge/precip/Precip_2005_02.asc
ncols        168
nrows        136
xllcorner    455000
yllcorner    2107000
cellsize     500
NODATA_value     -99999
[rows 36 to 71 of 136, columns 0 to 80 of 168]
4.23 4.47 4.76 5.06 5.39 5.73 6.07 6.43 6.78 7.14 7.49 7.83 8.17 8.48 8.78 9.05 9.30 9.52 9.71 9.88 10.02 10.15 10.26 10.37 10.48 10.60 10.71 10.78 10.77 10.70 10.56 10.36 10.11 9.80 9.44 9.05 8.61 8.14 7.64 7.11 6.56 6.00 5.42 4.83 4.22 3.56 2.86 2.15 1.54 1.18 1.06 1.17 1.43 1.75 2.10 2.47 2.86 3.27 3.68 4.10 4.51 4.91 5.29 5.65 5.99 6.29 6.55 6.76 6.93 7.04 7.11 7.14 7.14 7.11 7.06 6.99 6.90 6.79 6.66 6.52 6.37
4.35 4.52 4.79 5.10 5.42 5.76 6.11 6.47 6.83 7.18 7.53 7.88 8.21 8.52 8.82 9.09 9.34 9.56 9.75 9.93 10.09 10.23 10.35 10.48 10.61 10.74 10.87 10.99 11.07 11.07 11.00 10.86 10.66 10.39 10.07 9.70 9.28 8.82 8.33 7.80 7.24 6.65 6.05 5.40 4.69 3.94 3.15 2.34 1.63 1.16 0.93 0.93 1.13 1.48 1.87 2.28 2.71 3.15 3.59 4.02 4.45 4.86 5.26 5.62 5.96 6.26 6.51 6.71 6.86 6.97 7.03 7.06 7.05 7.01 6.95 6.87 6.78 6.66 6.53 6.39 6.25
4.50 4.61 4.82 5.11 5.44 5.78 6.13 6.48 6.84 7.20 7.55 7.89 8.22 8.53 8.83 9.10 9.35 9.57 9.77 9.96 10.13 10.28 10.42 10.56 10.70 10.85 11.00 11.14 11.27 11.35 11.35 11.28 11.13 10.92 10.64 10.31 9.92 9.47 8.99 8.46 7.90 7.30 6.64 5.92 5.14 4.32 3.44 2.55 1.75 1.19 0.85 0.74 0.84 1.13 1.55 2.01 2.48 2.95 3.42 3.88 4.33 4.76 5.17 5.55 5.89 6.19 6.44 6.63 6.78 6.88 6.94 6.95 6.94 6.89 6.83 6.75 6.65 6.54 6.41 6.27 6.12
4.70 4.75 4.89 5.12 5.43 5.77 6.13 6.48 6.84 7.20 7.55 7.89 8.22 8.53 8.82 9.09 9.34 9.57 9.78 9.97 10.14 10.31 10.46 10.61 10.77 10.93 11.09 11.25 11.39 11.53 11.61 11.61 11.53 11.37 11.15 10.85 10.49 10.08 9.61 9.10 8.53 7.90 7.19 6.41 5.57 4.67 3.73 2.76 1.89 1.24 0.82 0.61 0.61 0.80 1.17 1.66 2.17 2.68 3.19 3.68 4.16 4.61 5.04 5.43 5.78 6.09 6.34 6.53 6.68 6.77 6.82 6.83 6.81 6.76 6.70 6.61 6.51 6.40 6.28 6.14 6.00
4.94 4.93 5.01 5.18 5.43 5.76 6.11 6.47 6.82 7.18 7.53 7.87 8.20 8.51 8.80 9.07 9.32 9.55 9.76 9.96 10.15 10.32 10.48 10.65 10.82 10.99 11.16 11.32 11.48 11.64 11.77 11.84 11.84 11.75 11.58 11.33 11.01 10.63 10.19 9.69 9.11 8.44 7.68 6.85 5.96 5.01 4.01 2.99 2.05 1.33 0.83 0.54 0.44 0.54 0.82 1.26 1.81 2.36 2.91 3.44 3.95 4.43 4.88 5.29 5.66 5.97 6.22 6.41 6.55 6.65 6.69 6.70 6.68 6.62 6.55 6.47 6.37 6.27 6.15 6.02 5.89
5.20 5.14 5.17 5.29 5.48 5.75 6.09 6.44 6.80 7.16 7.50 7.84 8.17 8.48 8.76 9.03 9.28 9.51 9.73 9.94 10.13 10.31 10.48 10.66 10.84 11.02 11.20 11.38 11.55 11.71 11.85 11.98 12.05 12.03 11.92 11.74 11.47 11.13 10.71 10.21 9.60 8.90 8.12 7.25 6.32 5.33 4.29 3.21 2.23 1.45 0.88 0.52 0.35 0.36 0.55 0.91 1.41 2.00 2.59 3.16 3.71 4.22 4.70 5.13 5.51 5.83 6.08 6.27 6.42 6.51 6.55 6.56 6.53 6.48 6.41 6.32 6.23 6.13 6.02 5.90 5.78
5.49 5.39 5.37 5.44 5.58 5.80 6.08 6.42 6.78 7.13 7.48 7.82 8.14 8.44 8.72 8.99 9.24 9.47 9.69 9.90 10.10 10.28 10.46 10.65 10.84 11.03 11.22 11.40 11.58 11.75 11.90 12.05 12.16 12.22 12.18 12.06 11.85 11.55 11.15 10.64 10.02 9.30 8.49 7.61 6.65 5.63 4.56 3.45 2.42 1.60 0.98 0.56 0.32 0.27 0.38 0.65 1.07 1.62 2.25 2.86 3.45 4.00 4.51 4.97 5.35 5.67 5.92 6.12 6.26 6.36 6.40 6.41 6.38 6.33 6.26 6.18 6.09 5.99 5.89 5.78 5.67
5.79 5.66 5.61 5.63 5.73 5.90 6.13 6.42 6.76 7.11 7.46 7.79 8.11 8.40 8.68 8.94 9.19 9.42 9.64 9.85 10.05 10.24 10.43 10.62 10.82 11.01 11.21 11.40 11.59 11.76 11.93 12.08 12.21 12.31 12.35 12.29 12.14 11.87 11.48 10.97 10.35 9.62 8.81 7.91 6.94 5.91 4.81 3.68 2.63 1.77 1.11 0.65 0.36 0.25 0.29 0.49 0.83 1.31 1.90 2.56 3.19 3.78 4.32 4.78 5.17 5.49 5.75 5.95 6.10 6.19 6.24 6.25 6.23 6.17 6.10 6.03 5.95 5.86 5.77 5.67 5.58
6.12 5.96 5.87 5.86 5.92 6.04 6.23 6.47 6.77 7.10 7.44 7.77 8.07 8.36 8.63 8.88 9.13 9.36 9.57 9.78 9.99 10.19 10.38 10.58 10.78 10.98 11.18 11.38 11.57 11.75 11.92 12.08 12.21 12.33 12.41 12.43 12.32 12.07 11.70 11.20 10.59 9.87 9.07 8.17 7.20 6.16 5.06 3.92 2.85 1.97 1.29 0.79 0.46 0.30 0.30 0.44 0.71 1.12 1.64 2.26 2.93 3.56 4.10 4.57 4.97 5.30 5.57 5.77 5.92 6.03 6.08 6.09 6.07 6.01 5.95 5.88 5.81 5.73 5.65 5.57 5.49
6.45 6.27 6.16 6.12 6.15 6.23 6.38 6.58 6.83 7.12 7.43 7.75 8.04 8.32 8.58 8.83 9.06 9.29 9.50 9.71 9.92 10.12 10.31 10.52 10.72 10.93 11.13 11.34 11.53 11.72 11.89 12.05 12.19 12.31 12.40 12.44 12.36 12.15 11.80 11.33 10.74 10.05 9.26 8.38 7.42 6.39 5.29 4.15 3.08 2.20 1.50 0.98 0.62 0.43 0.38 0.48 0.70 1.05 1.50 2.06 2.69 3.32 3.87 4.35 4.76 5.10 5.37 5.59 5.74 5.85 5.91 5.93 5.90 5.86 5.80 5.74 5.68 5.61 5.55 5.48 5.42
6.79 6.59 6.46 6.40 6.40 6.46 6.58 6.74 6.95 7.18 7.45 7.73 8.01 8.27 8.52 8.76 8.99 9.21 9.43 9.63 9.84 10.04 10.24 10.44 10.65 10.86 11.07 11.27 11.47 11.66 11.83 12.00 12.14 12.26 12.33 12.33 12.27 12.10 11.79 11.36 10.81 10.15 9.39 8.53 7.60 6.59 5.51 4.39 3.32 2.44 1.74 1.21 0.85 0.63 0.56 0.62 0.80 1.10 1.50 1.98 2.51 3.07 3.63 4.12 4.54 4.88 5.17 5.39 5.56 5.67 5.74 5.76 5.74 5.70 5.65 5.60 5.55 5.50 5.45 5.41 5.36
7.13 6.92 6.78 6.71 6.69 6.73 6.82 6.95 7.11 7.29 7.50 7.73 7.98 8.23 8.47 8.70 8.92 9.13 9.34 9.55 9.75 9.95 10.15 10.35 10.56 10.78 10.99 11.19 11.39 11.58 11.76 11.92 12.06 12.16 12.19 12.16 12.07 11.92 11.66 11.28 10.78 10.17 9.45 8.63 7.73 6.76 5.71 4.61 3.58 2.71 2.02 1.50 1.13 0.90 0.82 0.86 1.01 1.27 1.61 2.00 2.42 2.88 3.38 3.87 4.30 4.66 4.95 5.19 5.36 5.49 5.56 5.59 5.59 5.55 5.51 5.48 5.44 5.40 5.37 5.34 5.32
7.46 7.26 7.11 7.03 7.00 7.02 7.09 7.18 7.29 7.43 7.58 7.76 7.97 8.19 8.42 8.64 8.85 9.05 9.26 9.45 9.65 9.85 10.05 10.26 10.47 10.68 10.89 11.09 11.29 11.48 11.66 11.82 11.93 11.99 11.99 11.93 11.82 11.65 11.42 11.10 10.66 10.10 9.44 8.68 7.83 6.90 5.90 4.84 3.83 3.00 2.33 1.82 1.46 1.24 1.15 1.18 1.32 1.54 1.80 2.09 2.42 2.78 3.19 3.63 4.06 4.43 4.74 4.98 5.17 5.31 5.39 5.43 5.43 5.41 5.38 5.36 5.33 5.31 5.30 5.29 5.30
7.79 7.59 7.45 7.36 7.33 7.34 7.37 7.42 7.49 7.59 7.70 7.83 7.99 8.17 8.37 8.58 8.78 8.97 9.17 9.36 9.55 9.75 9.95 10.15 10.36 10.57 10.78 10.98 11.18 11.37 11.54 11.67 11.75 11.77 11.74 11.65 11.52 11.34 11.10 10.82 10.45 9.96 9.36 8.67 7.88 7.01 6.06 5.05 4.10 3.31 2.67 2.19 1.86 1.65 1.57 1.60 1.71 1.86 2.04 2.25 2.49 2.77 3.09 3.44 3.82 4.20 4.52 4.78 4.98 5.12 5.22 5.28 5.29 5.28 5.26 5.25 5.24 5.24 5.25 5.27 5.29
8.10 7.91 7.78 7.70 7.66 7.65 7.65 7.67 7.71 7.76 7.83 7.93 8.04 8.18 8.34 8.52 8.71 8.89 9.08 9.26 9.45 9.64 9.83 10.04 10.24 10.45 10.65 10.86 11.05 11.23 11.38 11.47 11.51 11.50 11.44 11.34 11.18 10.99 10.75 10.47 10.14 9.73 9.22 8.60 7.88 7.08 6.20 5.26 4.36 3.63 3.04 2.60 2.30 2.13 2.07 2.08 2.14 2.22 2.33 2.47 2.64 2.84 3.07 3.34 3.64 3.97 4.30 4.57 4.79 4.95 5.06 5.13 5.15 5.15 5.15 5.16 5.17 5.19 5.22 5.26 5.33
8.39 8.22 8.11 8.03 7.98 7.94 7.92 7.91 7.92 7.94 7.98 8.04 8.11 8.21 8.34 8.48 8.64 8.82 8.99 9.16 9.34 9.53 9.72 9.91 10.12 10.32 10.52 10.72 10.90 11.06 11.16 11.22 11.23 11.19 11.11 10.98 10.82 10.61 10.37 10.09 9.78 9.42 9.00 8.46 7.84 7.12 6.32 5.46 4.63 3.96 3.44 3.05 2.80 2.66 2.60 2.58 2.58 2.60 2.65 2.72 2.83 2.96 3.12 3.32 3.54 3.80 4.09 4.37 4.60 4.78 4.91 4.99 5.03 5.04 5.06 5.08 5.11 5.15 5.21 5.30 5.46
8.66 8.52 8.42 8.34 8.27 8.21 8.17 8.13 8.11 8.11 8.12 8.15 8.20 8.27 8.35 8.46 8.59 8.74 8.90 9.07 9.24 9.41 9.60 9.79 9.98 10.18 10.38 10.57 10.72 10.84 10.90 10.92 10.90 10.84 10.74 10.60 10.43 10.22 9.98 9.70 9.40 9.07 8.70 8.27 7.74 7.12 6.41 5.64 4.90 4.31 3.86 3.54 3.34 3.22 3.13 3.07 3.02 2.99 2.99 3.02 3.07 3.14 3.24 3.37 3.53 3.71 3.93 4.18 4.42 4.62 4.76 4.86 4.91 4.94 4.98 5.02 5.08 5.14 5.24 5.43 5.70
8.90 8.78 8.69 8.60 8.52 8.44 8.38 8.33 8.29 8.27 8.26 8.26 8.29 8.33 8.38 8.46 8.56 8.68 8.82 8.97 9.13 9.30 9.48 9.66 9.85 10.04 10.22 10.38 10.50 10.57 10.60 10.60 10.55 10.47 10.35 10.20 10.02 9.81 9.58 9.31 9.02 8.71 8.38 8.02 7.60 7.08 6.48 5.81 5.17 4.67 4.30 4.06 3.90 3.76 3.64 3.54 3.46 3.39 3.35 3.33 3.33 3.36 3.41 3.48 3.58 3.71 3.86 4.05 4.26 4.46 4.63 4.74 4.82 4.86 4.92 4.98 5.06 5.18 5.38 5.67 6.04
9.10 8.99 8.89 8.80 8.71 8.63 8.56 8.50 8.44 8.40 8.38 8.36 8.37 8.38 8.42 8.47 8.54 8.64 8.75 8.88 9.03 9.19 9.35 9.53 9.71 9.89 10.04 10.16 10.23 10.27 10.27 10.24 10.17 10.08 9.95 9.79 9.61 9.40 9.18 8.92 8.65 8.37 8.06 7.74 7.40 7.00 6.52 5.96 5.43 5.04 4.76 4.57 4.40 4.25 4.11 3.98 3.87 3.78 3.71 3.65 3.62 3.60 3.61 3.64 3.69 3.77 3.87 4.00 4.15 4.33 4.51 4.64 4.73 4.80 4.88 4.97 5.09 5.31 5.62 6.01 6.48
9.22 9.12 9.03 8.93 8.84 8.76 8.69 8.62 8.56 8.51 8.47 8.44 8.43 8.43 8.45 8.48 8.53 8.60 8.69 8.80 8.93 9.08 9.23 9.40 9.57 9.71 9.82 9.90 9.94 9.94 9.92 9.86 9.78 9.67 9.54 9.38 9.20 9.00 8.78 8.55 8.30 8.04 7.77 7.48 7.19 6.89 6.53 6.10 5.69 5.41 5.20 5.02 4.84 4.68 4.53 4.39 4.26 4.15 4.05 3.98 3.91 3.87 3.84 3.83 3.85 3.88 3.94 4.02 4.13 4.26 4.41 4.56 4.67 4.76 4.86 5.00 5.23 5.56 5.97 6.46 7.01
9.26 9.17 9.08 8.99 8.91 8.83 8.75 8.68 8.62 8.57 8.53 8.49 8.47 8.46 8.47 8.49 8.52 8.57 8.64 8.73 8.84 8.97 9.12 9.27 9.40 9.51 9.57 9.61 9.62 9.60 9.55 9.47 9.38 9.26 9.12 8.97 8.79 8.61 8.41 8.19 7.97 7.74 7.50 7.26 7.01 6.77 6.51 6.22 5.94 5.74 5.55 5.38 5.20 5.04 4.89 4.74 4.61 4.49 4.38 4.28 4.20 4.14 4.09 4.05 4.04 4.04 4.07 4.11 4.17 4.26 4.37 4.50 4.63 4.74 4.89 5.14 5.48 5.92 6.43 7.01 7.64
9.20 9.12 9.05 8.97 8.90 8.82 8.76 8.69 8.63 8.58 8.54 8.50 8.48 8.46 8.46 8.47 8.50 8.54 8.59 8.67 8.76 8.87 9.00 9.12 9.21 9.27 9.30 9.30 9.28 9.23 9.17 9.08 8.98 8.85 8.72 8.57 8.41 8.23 8.05 7.87 7.67 7.48 7.28 7.08 6.88 6.69 6.50 6.32 6.14 5.97 5.80 5.64 5.48 5.32 5.18 5.04 4.91 4.78 4.67 4.57 4.48 4.40 4.34 4.29 4.25 4.23 4.23 4.25 4.28 4.34 4.41 4.50 4.62 4.78 5.03 5.39 5.85 6.39 6.99 7.66 8.36
9.09 9.03 8.97 8.91 8.85 8.79 8.73 8.68 8.62 8.58 8.54 8.50 8.48 8.46 8.46 8.46 8.48 8.51 8.56 8.62 8.70 8.80 8.90 8.97 9.02 9.03 9.03 9.00 8.95 8.89 8.80 8.71 8.59 8.47 8.34 8.20 8.05 7.89 7.73 7.57 7.41 7.26 7.10 6.95 6.81 6.67 6.54 6.41 6.26 6.12 5.98 5.83 5.69 5.56 5.42 5.30 5.17 5.06 4.95 4.84 4.75 4.67 4.59 4.53 4.48 4.45 4.43 4.42 4.43 4.46 4.50 4.56 4.64 4.81 5.17 5.65 6.22 6.85 7.55 8.30 9.08
9.02 8.98 8.94 8.89 8.84 8.79 8.75 8.70 8.65 8.61 8.58 8.54 8.52 8.50 8.49 8.50 8.51 8.53 8.57 8.62 8.69 8.76 8.82 8.86 8.86 8.84 8.80 8.74 8.67 8.58 8.48 8.37 8.26 8.13 8.00 7.87 7.73 7.60 7.46 7.33 7.20 7.08 6.97 6.87 6.78 6.70 6.61 6.51 6.39 6.27 6.15 6.03 5.91 5.79 5.67 5.56 5.44 5.33 5.23 5.13 5.03 4.94 4.87 4.79 4.73 4.68 4.64 4.62 4.60 4.60 4.62 4.65 4.68 4.80 5.18 5.77 6.44 7.18 7.97 8.80 9.66
8.98 8.96 8.93 8.90 8.87 8.83 8.80 8.76 8.72 8.69 8.65 8.63 8.60 8.58 8.57 8.57 8.58 8.60 8.62 8.66 8.70 8.74 8.77 8.77 8.74 8.68 8.61 8.52 8.42 8.32 8.20 8.08 7.96 7.84 7.71 7.59 7.47 7.35 7.24 7.14 7.04 6.96 6.89 6.84 6.80 6.76 6.70 6.61 6.51 6.42 6.32 6.23 6.13 6.03 5.93 5.82 5.72 5.62 5.52 5.42 5.32 5.23 5.15 5.07 5.00 4.93 4.88 4.83 4.80 4.77 4.75 4.74 4.72 4.80 5.14 5.75 6.52 7.37 8.26 9.18 10.11
8.97 8.97 8.97 8.95 8.93 8.91 8.88 8.86 8.83 8.80 8.77 8.74 8.72 8.70 8.69 8.68 8.68 8.70 8.71 8.73 8.74 8.74 8.74 8.72 8.66 8.57 8.46 8.35 8.22 8.10 7.97 7.84 7.71 7.59 7.47 7.35 7.25 7.15 7.06 6.99 6.93 6.89 6.86 6.85 6.85 6.84 6.80 6.73 6.65 6.57 6.50 6.42 6.35 6.27 6.18 6.09 6.00 5.91 5.81 5.72 5.62 5.53 5.44 5.36 5.27 5.20 5.13 5.06 5.01 4.95 4.89 4.83 4.77 4.81 5.11 5.68 6.48 7.42 8.41 9.42 10.44
9.00 9.02 9.03 9.03 9.03 9.02 9.00 8.98 8.96 8.94 8.92 8.89 8.87 8.85 8.84 8.83 8.83 8.83 8.82 8.81 8.79 8.76 8.74 8.69 8.60 8.49 8.36 8.21 8.07 7.92 7.78 7.64 7.51 7.38 7.27 7.16 7.07 6.99 6.93 6.89 6.86 6.86 6.88 6.90 6.92 6.92 6.90 6.86 6.79 6.73 6.67 6.62 6.56 6.50 6.43 6.36 6.28 6.20 6.11 6.02 5.93 5.84 5.74 5.65 5.56 5.47 5.39 5.30 5.22 5.13 5.02 4.92 4.82 4.82 5.10 5.63 6.40 7.37 8.45 9.56 10.67
9.05 9.09 9.11 9.13 9.14 9.15 9.15 9.14 9.12 9.11 9.09 9.07 9.05 9.03 9.02 9.01 8.99 8.98 8.94 8.90 8.85 8.81 8.76 8.69 8.58 8.45 8.29 8.12 7.95 7.79 7.63 7.49 7.35 7.23 7.12 7.02 6.94 6.89 6.85 6.84 6.85 6.88 6.93 6.98 7.01 7.03 7.02 6.99 6.94 6.90 6.85 6.81 6.77 6.73 6.68 6.62 6.56 6.49 6.41 6.32 6.24 6.14 6.05 5.95 5.85 5.75 5.65 5.55 5.43 5.29 5.15 5.01 4.88 4.85 5.09 5.60 6.34 7.29 8.40 9.59 10.79
9.13 9.18 9.23 9.26 9.29 9.30 9.31 9.31 9.31 9.30 9.29 9.27 9.26 9.24 9.22 9.21 9.18 9.13 9.07 9.00 8.93 8.87 8.80 8.71 8.59 8.43 8.26 8.07 7.88 7.70 7.53 7.38 7.24 7.11 7.01 6.93 6.87 6.83 6.82 6.83 6.88 6.94 7.01 7.06 7.11 7.14 7.15 7.13 7.10 7.07 7.04 7.01 6.98 6.95 6.92 6.88 6.83 6.77 6.70 6.63 6.54 6.45 6.35 6.25 6.15 6.04 5.92 5.78 5.62 5.45 5.27 5.10 4.94 4.89 5.10 5.59 6.31 7.23 8.32 9.55 10.83
9.24 9.30 9.36 9.41 9.45 9.48 9.50 9.51 9.52 9.52 9.51 9.50 9.48 9.47 9.45 9.41 9.36 9.29 9.21 9.12 9.03 8.95 8.87 8.76 8.62 8.45 8.26 8.06 7.86 7.66 7.48 7.31 7.17 7.05 6.95 6.88 6.83 6.82 6.83 6.88 6.95 7.02 7.10 7.17 7.23 7.27 7.29 7.29 7.27 7.25 7.23 7.21 7.20 7.18 7.15 7.13 7.10 7.05 6.99 6.92 6.84 6.75 6.66 6.55 6.44 6.32 6.17 5.99 5.79 5.59 5.38 5.18 5.00 4.93 5.13 5.59 6.30 7.20 8.27 9.49 10.80
9.36 9.44 9.51 9.57 9.63 9.67 9.70 9.73 9.74 9.75 9.75 9.74 9.73 9.71 9.68 9.62 9.54 9.45 9.35 9.24 9.14 9.04 8.95 8.84 8.68 8.50 8.30 8.09 7.87 7.66 7.46 7.29 7.15 7.03 6.94 6.88 6.85 6.85 6.89 6.96 7.04 7.13 7.21 7.29 7.36 7.41 7.45 7.45 7.44 7.43 7.43 7.42 7.41 7.40 7.39 7.37 7.35 7.32 7.27 7.21 7.14 7.05 6.96 6.85 6.73 6.57 6.38 6.17 5.95 5.72 5.49 5.27 5.07 4.98 5.16 5.61 6.30 7.19 8.26 9.46 10.76
9.51 9.60 9.69 9.76 9.82 9.87 9.92 9.95 9.98 9.99 10.00 9.99 9.98 9.95 9.89 9.81 9.72 9.61 9.49 9.37 9.26 9.15 9.05 8.93 8.77 8.58 8.37 8.15 7.93 7.71 7.50 7.32 7.17 7.05 6.97 6.92 6.91 6.94 7.00 7.07 7.16 7.25 7.34 7.43 7.51 7.57 7.61 7.63 7.63 7.63 7.63 7.63 7.63 7.63 7.62 7.61 7.59 7.57 7.54 7.49 7.42 7.34 7.25 7.13 6.98 6.79 6.57 6.34 6.09 5.83 5.58 5.35 5.13 5.03 5.21 5.65 6.33 7.21 8.27 9.46 10.76
9.67 9.78 9.87 9.95 10.03 10.09 10.14 10.19 10.22 10.24 10.25 10.25 10.23 10.18 10.10 10.00 9.89 9.77 9.64 9.51 9.39 9.27 9.17 9.05 8.88 8.69 8.48 8.25 8.02 7.79 7.58 7.40 7.24 7.12 7.05 7.01 7.02 7.06 7.13 7.21 7.30 7.40 7.50 7.59 7.68 7.74 7.79 7.81 7.82 7.83 7.84 7.84 7.85 7.85 7.85 7.84 7.83 7.82 7.79 7.75 7.70 7.62 7.52 7.38 7.20 6.98 6.73 6.47 6.20 5.93 5.67 5.42 5.20 5.09 5.26 5.70 6.37 7.26 8.31 9.50 10.80
9.85 9.97 10.07 10.16 10.25 10.32 10.38 10.43 10.47 10.50 10.52 10.51 10.47 10.39 10.30 10.19 10.06 9.93 9.79 9.65 9.53 9.41 9.31 9.18 9.02 8.83 8.61 8.38 8.15 7.92 7.71 7.52 7.36 7.25 7.18 7.15 7.17 7.22 7.28 7.37 7.46 7.57 7.67 7.77 7.86 7.93 7.99 8.01 8.03 8.04 8.05 8.06 8.07 8.08 8.08 8.08 8.07 8.06 8.03 8.00 7.95 7.88 7.75 7.58 7.37 7.13 6.86 6.58 6.30 6.01 5.74 5.49 5.26 5.15 5.32 5.76 6.44 7.32 8.38 9.57 10.88
10.04 10.17 10.28 10.38 10.47 10.55 10.62 10.67 10.72 10.75 10.76 10.74 10.68 10.59 10.48 10.36 10.22 10.08 9.94 9.80 9.67 9.56 9.46 9.34 9.18 8.99 8.78 8.55 8.32 8.10 7.88 7.70 7.54 7.42 7.35 7.33 7.35 7.40 7.47 7.55 7.65 7.76 7.86 7.97 8.06 8.14 8.19 8.23 8.24 8.26 8.28 8.29 8.30 8.31 8.31 8.31 8.30 8.29 8.27 8.24 8.18 8.08 7.93 7.73 7.50 7.24 6.96 6.66 6.37 6.08 5.80 5.54 5.32 5.22 5.39 5.83 6.51 7.41 8.47 9.68 10.99
10.24 10.38 10.50 10.61 10.71 10.79 10.86 10.92 10.97 11.00 10.98 10.94 10.87 10.77 10.65 10.52 10.38 10.24 10.09 9.95 9.83 9.72 9.63 9.51 9.36 9.18 8.97 8.75 8.53 8.31 8.10 7.92 7.76 7.65 7.58 7.55 7.57 7.61 7.68 7.77 7.87 7.97 8.08 8.18 8.28 8.35 8.41 8.45 8.47 8.49 8.51 8.52 8.54 8.54 8.55 8.55 8.54 8.52 8.50 8.45 8.36 8.23 8.06 7.84 7.59 7.31 7.02 6.72 6.42 6.12 5.85 5.59 5.38 5.28 5.46 5.91 6.61 7.51 8.59 9.81 11.14
