data_processed/recharge/precip/Precip_1996_11.asc
ncols        168
nrows        136
xllcorner    455000
yllcorner    2107000
cellsize     500
NODATA_value     -99999
[rows 38 to 75 of 136, columns 0 to 83 of 168]
6.48 5.98 5.50 5.06 4.65 4.27 3.92 3.59 3.24 2.89 2.55 2.22 1.89 1.59 1.32 1.07 0.85 0.67 0.53 0.43 0.38 0.38 0.43 0.55 0.69 0.84 0.99 1.14 1.29 1.44 1.59 1.74 1.88 2.00 2.10 2.19 2.25 2.29 2.32 2.32 2.30 2.26 2.18 2.08 1.95 1.80 1.62 1.42 1.19 0.96 0.75 0.59 0.47 0.38 0.33 0.32 0.34 0.38 0.44 0.50 0.55 0.59 0.62 0.65 0.67 0.67 0.67 0.66 0.64 0.61 0.58 0.54 0.51 0.47 0.44 0.42 0.39 0.36 0.33 0.30 0.27 0.23 0.20 0.17
5.89 5.38 4.90 4.45 4.04 3.66 3.32 3.02 2.72 2.43 2.13 1.84 1.57 1.31 1.08 0.87 0.68 0.52 0.40 0.32 0.28 0.29 0.35 0.46 0.60 0.74 0.89 1.04 1.19 1.33 1.48 1.63 1.76 1.90 2.01 2.10 2.18 2.23 2.26 2.26 2.24 2.19 2.11 2.01 1.87 1.71 1.53 1.32 1.10 0.86 0.64 0.48 0.35 0.26 0.20 0.18 0.19 0.22 0.28 0.35 0.42 0.48 0.53 0.57 0.60 0.62 0.63 0.62 0.61 0.58 0.55 0.52 0.48 0.45 0.42 0.39 0.37 0.34 0.31 0.28 0.24 0.21 0.18 0.14
5.28 4.77 4.30 3.85 3.44 3.07 2.73 2.44 2.18 1.94 1.70 1.46 1.24 1.03 0.84 0.66 0.50 0.37 0.27 0.20 0.18 0.19 0.25 0.36 0.50 0.64 0.78 0.93 1.08 1.22 1.37 1.51 1.65 1.78 1.90 2.00 2.09 2.14 2.18 2.19 2.17 2.11 2.03 1.92 1.78 1.62 1.44 1.23 1.00 0.76 0.54 0.37 0.24 0.14 0.08 0.05 0.05 0.08 0.13 0.21 0.29 0.37 0.44 0.50 0.54 0.57 0.58 0.58 0.57 0.55 0.52 0.49 0.46 0.43 0.40 0.37 0.34 0.31 0.28 0.25 0.22 0.19 0.15 0.12
4.67 4.17 3.69 3.25 2.85 2.49 2.16 1.88 1.64 1.44 1.26 1.09 0.92 0.75 0.59 0.45 0.32 0.22 0.14 0.09 0.07 0.09 0.16 0.27 0.40 0.54 0.68 0.82 0.96 1.11 1.25 1.39 1.52 1.65 1.78 1.89 1.98 2.05 2.09 2.09 2.07 2.02 1.93 1.82 1.69 1.53 1.34 1.13 0.90 0.66 0.45 0.27 0.14 0.04 0.00 0.00 0.00 0.00 0.01 0.08 0.17 0.26 0.35 0.42 0.48 0.51 0.53 0.54 0.53 0.52 0.49 0.47 0.43 0.40 0.37 0.35 0.32 0.29 0.26 0.23 0.20 0.16 0.13 0.10
4.06 3.57 3.10 2.68 2.29 1.94 1.63 1.36 1.14 0.96 0.83 0.71 0.59 0.47 0.35 0.24 0.14 0.06 0.00 0.00 0.00 0.00 0.06 0.17 0.30 0.43 0.57 0.71 0.85 0.99 1.13 1.27 1.40 1.52 1.65 1.76 1.86 1.93 1.97 1.98 1.96 1.91 1.83 1.72 1.58 1.43 1.24 1.04 0.81 0.57 0.36 0.19 0.05 0.00 0.00 0.00 0.00 0.00 0.00 0.00 0.07 0.16 0.27 0.35 0.41 0.46 0.48 0.50 0.49 0.48 0.46 0.44 0.41 0.38 0.35 0.32 0.29 0.27 0.23 0.20 0.17 0.14 0.11 0.08
3.46 2.98 2.54 2.13 1.75 1.42 1.13 0.88 0.68 0.53 0.42 0.33 0.26 0.18 0.10 0.03 0.00 0.00 0.00 0.00 0.00 0.00 0.00 0.07 0.19 0.32 0.46 0.60 0.73 0.87 1.01 1.14 1.27 1.39 1.51 1.62 1.72 1.79 1.84 1.85 1.83 1.78 1.71 1.60 1.47 1.32 1.14 0.94 0.72 0.48 0.28 0.11 0.00 0.00 0.00 0.00 0.00 0.00 0.00 0.00 0.00 0.09 0.19 0.28 0.35 0.40 0.43 0.45 0.45 0.45 0.43 0.41 0.38 0.35 0.32 0.30 0.27 0.24 0.21 0.18 0.15 0.12 0.08 0.05
2.89 2.43 2.00 1.61 1.26 0.95 0.68 0.46 0.29 0.15 0.05 0.00 0.00 0.00 0.00 0.00 0.00 0.00 0.00 0.00 0.00 0.00 0.00 0.00 0.09 0.22 0.35 0.48 0.62 0.75 0.88 1.01 1.14 1.26 1.38 1.48 1.56 1.63 1.68 1.70 1.69 1.64 1.58 1.48 1.36 1.21 1.04 0.84 0.63 0.40 0.20 0.04 0.00 0.00 0.00 0.00 0.00 0.00 0.00 0.00 0.00 0.04 0.12 0.20 0.28 0.34 0.38 0.40 0.41 0.41 0.40 0.38 0.35 0.32 0.30 0.27 0.24 0.21 0.18 0.15 0.12 0.09 0.06 0.03
2.34 1.90 1.50 1.13 0.81 0.53 0.29 0.10 0.00 0.00 0.00 0.00 0.00 0.00 0.00 0.00 0.00 0.00 0.00 0.00 0.00 0.00 0.00 0.00 0.00 0.11 0.24 0.37 0.50 0.63 0.76 0.89 1.01 1.13 1.24 1.33 1.40 1.46 1.50 1.53 1.52 1.49 1.43 1.35 1.23 1.09 0.93 0.75 0.55 0.33 0.14 0.00 0.00 0.00 0.00 0.00 0.00 0.00 0.00 0.00 0.00 0.00 0.07 0.14 0.21 0.28 0.32 0.35 0.37 0.37 0.36 0.34 0.32 0.30 0.27 0.24 0.22 0.19 0.16 0.13 0.10 0.07 0.04 0.01
1.82 1.41 1.04 0.71 0.42 0.17 0.00 0.00 0.00 0.00 0.00 0.00 0.00 0.00 0.00 0.00 0.00 0.00 0.00 0.00 0.00 0.00 0.00 0.00 0.00 0.00 0.13 0.25 0.38 0.51 0.64 0.76 0.88 0.99 1.09 1.17 1.23 1.29 1.32 1.34 1.35 1.33 1.28 1.20 1.10 0.98 0.83 0.66 0.46 0.26 0.08 0.00 0.00 0.00 0.00 0.00 0.00 0.00 0.00 0.00 0.00 0.00 0.04 0.10 0.16 0.22 0.27 0.30 0.32 0.33 0.33 0.31 0.29 0.27 0.24 0.22 0.19 0.16 0.13 0.10 0.07 0.04 0.01 0.00
1.36 0.98 0.64 0.35 0.09 0.00 0.00 0.00 0.00 0.00 0.00 0.00 0.00 0.00 0.00 0.00 0.00 0.00 0.00 0.00 0.00 0.00 0.00 0.00 0.00 0.00 0.02 0.14 0.27 0.39 0.52 0.64 0.75 0.85 0.93 1.00 1.06 1.11 1.14 1.16 1.16 1.15 1.12 1.05 0.97 0.86 0.72 0.56 0.39 0.20 0.03 0.00 0.00 0.00 0.00 0.00 0.00 0.00 0.00 0.00 0.00 0.00 0.03 0.07 0.12 0.17 0.21 0.25 0.28 0.29 0.29 0.28 0.26 0.24 0.22 0.19 0.16 0.14 0.11 0.08 0.05 0.02 0.00 0.00
0.94 0.60 0.31 0.05 0.00 0.00 0.00 0.00 0.00 0.00 0.00 0.00 0.00 0.00 0.00 0.00 0.00 0.00 0.00 0.00 0.00 0.00 0.00 0.00 0.00 0.00 0.00 0.03 0.15 0.27 0.39 0.51 0.61 0.70 0.77 0.84 0.89 0.93 0.95 0.97 0.97 0.96 0.94 0.90 0.83 0.73 0.61 0.47 0.31 0.14 0.00 0.00 0.00 0.00 0.00 0.00 0.00 0.00 0.00 0.00 0.00 0.00 0.02 0.06 0.10 0.13 0.17 0.20 0.23 0.25 0.25 0.25 0.23 0.21 0.19 0.16 0.14 0.11 0.08 0.06 0.03 0.00 0.00 0.00
0.59 0.29 0.04 0.00 0.00 0.00 0.00 0.00 0.00 0.00 0.00 0.00 0.00 0.00 0.00 0.00 0.00 0.00 0.00 0.00 0.00 0.00 0.00 0.00 0.00 0.00 0.00 0.00 0.04 0.16 0.27 0.37 0.46 0.54 0.61 0.66 0.71 0.75 0.77 0.78 0.79 0.78 0.76 0.73 0.68 0.61 0.51 0.39 0.25 0.09 0.00 0.00 0.00 0.00 0.00 0.00 0.00 0.00 0.00 0.00 0.00 0.00 0.02 0.05 0.08 0.11 0.14 0.17 0.19 0.21 0.22 0.21 0.20 0.19 0.16 0.14 0.11 0.09 0.06 0.03 0.01 0.00 0.00 0.00
0.30 0.06 0.00 0.00 0.00 0.00 0.00 0.00 0.00 0.00 0.00 0.00 0.00 0.00 0.00 0.00 0.00 0.00 0.00 0.00 0.00 0.00 0.00 0.00 0.00 0.00 0.00 0.00 0.00 0.05 0.14 0.23 0.31 0.38 0.44 0.49 0.53 0.57 0.59 0.60 0.61 0.60 0.59 0.57 0.53 0.48 0.40 0.30 0.18 0.05 0.00 0.00 0.00 0.00 0.00 0.00 0.00 0.00 0.00 0.00 0.00 0.01 0.03 0.06 0.08 0.10 0.12 0.14 0.16 0.17 0.18 0.18 0.17 0.16 0.14 0.11 0.09 0.06 0.04 0.01 0.00 0.00 0.00 0.00
0.10 0.00 0.00 0.00 0.00 0.00 0.00 0.00 0.00 0.00 0.00 0.00 0.00 0.00 0.00 0.00 0.00 0.00 0.00 0.00 0.00 0.00 0.00 0.00 0.00 0.00 0.00 0.00 0.00 0.00 0.01 0.09 0.16 0.22 0.28 0.32 0.36 0.39 0.41 0.43 0.43 0.43 0.42 0.41 0.38 0.35 0.30 0.22 0.13 0.02 0.00 0.00 0.00 0.00 0.00 0.00 0.00 0.00 0.00 0.00 0.01 0.03 0.05 0.06 0.08 0.09 0.11 0.12 0.13 0.14 0.15 0.15 0.15 0.13 0.11 0.09 0.07 0.04 0.02 0.00 0.00 0.00 0.00 0.00
0.00 0.00 0.00 0.00 0.00 0.00 0.00 0.00 0.00 0.00 0.00 0.00 0.00 0.00 0.00 0.00 0.00 0.00 0.00 0.00 0.00 0.00 0.00 0.00 0.00 0.00 0.00 0.00 0.00 0.00 0.00 0.00 0.01 0.07 0.12 0.16 0.19 0.22 0.25 0.26 0.27 0.27 0.27 0.26 0.24 0.22 0.19 0.14 0.08 0.00 0.00 0.00 0.00 0.00 0.00 0.00 0.00 0.00 0.01 0.02 0.03 0.05 0.06 0.07 0.08 0.09 0.10 0.11 0.12 0.12 0.12 0.12 0.12 0.11 0.09 0.07 0.04 0.02 0.00 0.00 0.00 0.00 0.00 0.00
0.00 0.00 0.00 0.00 0.00 0.00 0.00 0.00 0.00 0.00 0.00 0.00 0.00 0.00 0.00 0.00 0.00 0.00 0.00 0.00 0.00 0.00 0.00 0.00 0.00 0.00 0.00 0.00 0.00 0.00 0.00 0.00 0.00 0.00 0.00 0.00 0.03 0.06 0.09 0.10 0.12 0.12 0.13 0.13 0.12 0.11 0.09 0.07 0.03 0.00 0.00 0.00 0.00 0.00 0.00 0.00 0.01 0.02 0.03 0.04 0.05 0.06 0.07 0.08 0.09 0.09 0.10 0.10 0.10 0.10 0.10 0.10 0.09 0.08 0.07 0.05 0.02 0.00 0.00 0.00 0.00 0.00 0.00 0.00
0.00 0.00 0.00 0.00 0.00 0.00 0.00 0.00 0.00 0.00 0.00 0.00 0.00 0.00 0.00 0.00 0.00 0.00 0.00 0.00 0.00 0.00 0.00 0.00 0.00 0.00 0.00 0.00 0.00 0.00 0.00 0.00 0.00 0.00 0.00 0.00 0.00 0.00 0.00 0.00 0.00 0.00 0.00 0.01 0.01 0.01 0.01 0.01 0.00 0.00 0.00 0.00 0.00 0.00 0.01 0.02 0.03 0.04 0.05 0.06 0.06 0.07 0.08 0.09 0.09 0.09 0.10 0.10 0.10 0.09 0.09 0.08 0.07 0.06 0.05 0.03 0.01 0.00 0.00 0.00 0.00 0.00 0.00 0.00
0.02 0.00 0.00 0.00 0.00 0.00 0.00 0.00 0.00 0.00 0.00 0.00 0.00 0.00 0.00 0.00 0.00 0.00 0.00 0.00 0.00 0.00 0.00 0.00 0.00 0.00 0.00 0.00 0.00 0.00 0.00 0.00 0.00 0.00 0.00 0.00 0.00 0.00 0.00 0.00 0.00 0.00 0.00 0.00 0.00 0.00 0.00 0.00 0.00 0.00 0.00 0.00 0.00 0.01 0.01 0.02 0.03 0.04 0.05 0.06 0.07 0.07 0.08 0.08 0.09 0.09 0.09 0.09 0.09 0.08 0.08 0.07 0.06 0.04 0.03 0.01 0.00 0.00 0.00 0.00 0.00 0.00 0.00 0.00
0.11 0.04 0.00 0.00 0.00 0.00 0.00 0.00 0.00 0.00 0.00 0.00 0.00 0.00 0.00 0.00 0.00 0.00 0.00 0.00 0.00 0.00 0.00 0.00 0.00 0.00 0.00 0.00 0.00 0.00 0.00 0.00 0.00 0.00 0.00 0.00 0.00 0.00 0.00 0.00 0.00 0.00 0.00 0.00 0.00 0.00 0.00 0.00 0.00 0.00 0.00 0.00 0.00 0.00 0.01 0.02 0.03 0.04 0.05 0.06 0.06 0.07 0.08 0.08 0.08 0.09 0.09 0.08 0.08 0.08 0.07 0.06 0.05 0.03 0.02 0.00 0.00 0.00 0.00 0.00 0.00 0.00 0.00 0.00
0.19 0.14 0.08 0.02 0.00 0.00 0.00 0.00 0.00 0.00 0.00 0.00 0.00 0.00 0.00 0.00 0.00 0.00 0.00 0.00 0.00 0.00 0.00 0.00 0.00 0.00 0.00 0.00 0.00 0.00 0.00 0.00 0.00 0.00 0.00 0.00 0.00 0.00 0.00 0.00 0.00 0.00 0.00 0.00 0.00 0.00 0.00 0.00 0.00 0.00 0.00 0.00 0.00 0.00 0.01 0.02 0.03 0.04 0.05 0.06 0.06 0.07 0.08 0.08 0.08 0.08 0.08 0.08 0.08 0.07 0.06 0.05 0.04 0.03 0.01 0.01 0.00 0.00 0.00 0.00 0.00 0.00 0.00 0.00
0.24 0.21 0.18 0.14 0.09 0.04 0.00 0.00 0.00 0.00 0.00 0.00 0.00 0.00 0.00 0.00 0.00 0.00 0.00 0.00 0.00 0.00 0.00 0.00 0.00 0.00 0.00 0.00 0.00 0.00 0.00 0.00 0.00 0.00 0.00 0.00 0.00 0.00 0.00 0.00 0.00 0.00 0.00 0.00 0.00 0.00 0.00 0.00 0.00 0.00 0.00 0.00 0.00 0.00 0.01 0.02 0.03 0.04 0.05 0.06 0.07 0.07 0.08 0.08 0.08 0.09 0.08 0.08 0.08 0.07 0.06 0.05 0.04 0.03 0.02 0.02 0.01 0.01 0.01 0.01 0.01 0.02 0.02 0.02
0.28 0.26 0.25 0.23 0.20 0.16 0.12 0.07 0.01 0.00 0.00 0.00 0.00 0.00 0.00 0.00 0.00 0.00 0.00 0.00 0.00 0.00 0.00 0.00 0.00 0.00 0.00 0.00 0.00 0.00 0.00 0.00 0.00 0.00 0.00 0.00 0.00 0.00 0.00 0.00 0.00 0.00 0.00 0.00 0.00 0.00 0.00 0.00 0.00 0.00 0.00 0.00 0.00 0.00 0.01 0.02 0.03 0.04 0.05 0.06 0.07 0.07 0.08 0.08 0.09 0.09 0.09 0.08 0.08 0.07 0.06 0.05 0.05 0.04 0.04 0.04 0.04 0.04 0.04 0.04 0.04 0.05 0.05 0.06
0.31 0.30 0.30 0.30 0.29 0.27 0.24 0.20 0.16 0.10 0.04 0.00 0.00 0.00 0.00 0.00 0.00 0.00 0.00 0.00 0.00 0.00 0.00 0.00 0.00 0.00 0.00 0.00 0.00 0.00 0.00 0.00 0.00 0.00 0.00 0.00 0.00 0.00 0.00 0.00 0.00 0.00 0.00 0.00 0.00 0.00 0.00 0.00 0.00 0.00 0.00 0.00 0.00 0.00 0.01 0.02 0.03 0.04 0.05 0.06 0.07 0.08 0.08 0.09 0.09 0.09 0.09 0.09 0.08 0.08 0.07 0.06 0.06 0.06 0.07 0.07 0.07 0.08 0.08 0.08 0.08 0.09 0.09 0.09
0.34 0.34 0.34 0.35 0.36 0.36 0.35 0.32 0.29 0.25 0.19 0.13 0.06 0.00 0.00 0.00 0.00 0.00 0.00 0.00 0.00 0.00 0.00 0.00 0.00 0.00 0.00 0.00 0.00 0.00 0.00 0.00 0.00 0.00 0.00 0.00 0.00 0.00 0.00 0.00 0.00 0.00 0.00 0.00 0.00 0.00 0.00 0.00 0.00 0.00 0.00 0.00 0.00 0.00 0.01 0.02 0.03 0.04 0.05 0.07 0.07 0.08 0.09 0.09 0.10 0.10 0.10 0.10 0.09 0.09 0.08 0.08 0.09 0.09 0.10 0.11 0.11 0.12 0.12 0.12 0.12 0.13 0.13 0.13
0.38 0.37 0.38 0.39 0.41 0.43 0.44 0.43 0.41 0.38 0.33 0.28 0.21 0.14 0.06 0.00 0.00 0.00 0.00 0.00 0.00 0.00 0.00 0.00 0.00 0.00 0.00 0.00 0.00 0.00 0.00 0.00 0.00 0.00 0.00 0.00 0.00 0.00 0.00 0.00 0.00 0.00 0.00 0.00 0.00 0.00 0.00 0.00 0.00 0.00 0.00 0.00 0.00 0.00 0.00 0.02 0.03 0.04 0.06 0.07 0.08 0.09 0.09 0.10 0.10 0.11 0.11 0.10 0.10 0.10 0.10 0.11 0.12 0.13 0.14 0.15 0.16 0.17 0.17 0.17 0.17 0.17 0.17 0.17
0.41 0.40 0.41 0.43 0.45 0.48 0.50 0.51 0.51 0.49 0.46 0.41 0.35 0.28 0.20 0.11 0.01 0.00 0.00 0.00 0.00 0.00 0.00 0.00 0.00 0.00 0.00 0.00 0.00 0.00 0.00 0.00 0.00 0.00 0.00 0.00 0.00 0.00 0.00 0.00 0.00 0.00 0.00 0.00 0.00 0.00 0.00 0.00 0.00 0.00 0.00 0.00 0.00 0.00 0.00 0.02 0.03 0.04 0.06 0.07 0.08 0.09 0.10 0.11 0.11 0.11 0.12 0.12 0.12 0.12 0.13 0.14 0.15 0.17 0.18 0.20 0.21 0.22 0.22 0.22 0.22 0.22 0.21 0.21
0.44 0.44 0.45 0.46 0.49 0.52 0.55 0.58 0.59 0.59 0.57 0.53 0.48 0.42 0.34 0.24 0.13 0.00 0.00 0.00 0.00 0.00 0.00 0.00 0.00 0.00 0.00 0.00 0.00 0.00 0.00 0.00 0.00 0.00 0.00 0.00 0.00 0.00 0.00 0.00 0.00 0.00 0.00 0.00 0.00 0.00 0.00 0.00 0.00 0.00 0.00 0.00 0.00 0.00 0.00 0.02 0.03 0.04 0.06 0.07 0.08 0.10 0.11 0.11 0.12 0.12 0.13 0.13 0.14 0.15 0.16 0.18 0.19 0.21 0.23 0.25 0.27 0.27 0.28 0.28 0.27 0.27 0.26 0.25
0.47 0.47 0.48 0.50 0.53 0.56 0.59 0.63 0.66 0.67 0.66 0.64 0.60 0.54 0.46 0.36 0.24 0.10 0.00 0.00 0.00 0.00 0.00 0.00 0.00 0.00 0.00 0.00 0.00 0.00 0.00 0.00 0.00 0.00 0.00 0.00 0.00 0.00 0.00 0.00 0.00 0.00 0.00 0.00 0.00 0.00 0.00 0.00 0.00 0.00 0.00 0.00 0.00 0.00 0.00 0.01 0.03 0.04 0.06 0.07 0.09 0.10 0.11 0.12 0.13 0.13 0.14 0.15 0.16 0.18 0.20 0.22 0.24 0.26 0.28 0.31 0.32 0.33 0.34 0.33 0.33 0.32 0.31 0.29
0.51 0.51 0.52 0.54 0.56 0.59 0.63 0.67 0.70 0.73 0.74 0.73 0.70 0.65 0.56 0.46 0.33 0.19 0.03 0.00 0.00 0.00 0.00 0.00 0.00 0.00 0.00 0.00 0.00 0.00 0.00 0.00 0.00 0.00 0.00 0.00 0.00 0.00 0.00 0.00 0.00 0.00 0.00 0.00 0.00 0.00 0.00 0.00 0.00 0.00 0.00 0.00 0.00 0.00 0.00 0.02 0.03 0.04 0.06 0.07 0.09 0.10 0.11 0.12 0.13 0.15 0.16 0.18 0.19 0.21 0.24 0.26 0.28 0.31 0.34 0.36 0.38 0.39 0.40 0.39 0.38 0.37 0.35 0.33
0.55 0.55 0.56 0.58 0.60 0.63 0.67 0.70 0.74 0.78 0.80 0.81 0.78 0.73 0.65 0.54 0.41 0.27 0.11 0.00 0.00 0.00 0.00 0.00 0.00 0.00 0.00 0.00 0.00 0.00 0.00 0.00 0.00 0.00 0.00 0.00 0.00 0.00 0.00 0.00 0.00 0.00 0.00 0.00 0.00 0.00 0.00 0.00 0.00 0.00 0.00 0.00 0.00 0.00 0.00 0.02 0.03 0.04 0.05 0.07 0.08 0.10 0.11 0.13 0.14 0.16 0.18 0.20 0.22 0.25 0.28 0.30 0.33 0.36 0.39 0.42 0.44 0.45 0.46 0.45 0.44 0.42 0.40 0.37
0.59 0.59 0.60 0.62 0.64 0.67 0.71 0.74 0.78 0.81 0.84 0.86 0.84 0.79 0.71 0.60 0.48 0.33 0.17 0.00 0.00 0.00 0.00 0.00 0.00 0.00 0.00 0.00 0.00 0.00 0.00 0.00 0.00 0.00 0.00 0.00 0.00 0.00 0.00 0.00 0.00 0.00 0.00 0.00 0.00 0.00 0.00 0.00 0.00 0.00 0.00 0.00 0.00 0.00 0.01 0.02 0.03 0.04 0.05 0.07 0.08 0.10 0.12 0.13 0.16 0.18 0.20 0.23 0.26 0.29 0.32 0.35 0.38 0.42 0.45 0.48 0.50 0.51 0.51 0.51 0.49 0.47 0.44 0.41
0.63 0.63 0.65 0.66 0.69 0.72 0.75 0.78 0.82 0.85 0.87 0.88 0.87 0.82 0.75 0.65 0.53 0.38 0.22 0.05 0.00 0.00 0.00 0.00 0.00 0.00 0.00 0.00 0.00 0.00 0.00 0.00 0.00 0.00 0.00 0.00 0.00 0.00 0.00 0.00 0.00 0.00 0.00 0.00 0.00 0.00 0.00 0.00 0.00 0.00 0.00 0.00 0.00 0.00 0.01 0.02 0.03 0.04 0.05 0.07 0.08 0.10 0.12 0.14 0.17 0.20 0.23 0.26 0.29 0.32 0.36 0.39 0.43 0.47 0.50 0.54 0.56 0.57 0.57 0.56 0.54 0.52 0.48 0.44
0.67 0.68 0.69 0.71 0.74 0.76 0.79 0.82 0.85 0.88 0.89 0.88 0.87 0.83 0.77 0.67 0.56 0.42 0.26 0.09 0.00 0.00 0.00 0.00 0.00 0.00 0.00 0.00 0.00 0.00 0.00 0.00 0.00 0.00 0.00 0.00 0.00 0.00 0.00 0.00 0.00 0.00 0.00 0.00 0.00 0.00 0.00 0.00 0.00 0.00 0.00 0.00 0.00 0.00 0.01 0.02 0.03 0.04 0.06 0.07 0.08 0.10 0.12 0.15 0.18 0.22 0.25 0.29 0.32 0.36 0.40 0.44 0.48 0.52 0.56 0.59 0.62 0.63 0.63 0.61 0.59 0.56 0.52 0.48
0.72 0.73 0.74 0.76 0.79 0.81 0.84 0.87 0.89 0.90 0.89 0.88 0.85 0.82 0.76 0.68 0.57 0.44 0.29 0.13 0.00 0.00 0.00 0.00 0.00 0.00 0.00 0.00 0.00 0.00 0.00 0.00 0.00 0.00 0.00 0.00 0.00 0.00 0.00 0.00 0.00 0.00 0.00 0.00 0.00 0.00 0.00 0.00 0.00 0.00 0.00 0.00 0.00 0.00 0.01 0.02 0.03 0.04 0.06 0.07 0.09 0.11 0.13 0.16 0.20 0.23 0.27 0.31 0.35 0.40 0.44 0.48 0.52 0.56 0.61 0.64 0.67 0.68 0.68 0.66 0.64 0.60 0.55 0.50
0.78 0.79 0.80 0.82 0.84 0.87 0.89 0.91 0.92 0.91 0.89 0.87 0.83 0.78 0.73 0.66 0.56 0.45 0.31 0.15 0.00 0.00 0.00 0.00 0.00 0.00 0.00 0.00 0.00 0.00 0.00 0.00 0.00 0.00 0.00 0.00 0.00 0.00 0.00 0.00 0.00 0.00 0.00 0.00 0.00 0.00 0.00 0.00 0.00 0.00 0.00 0.00 0.00 0.01 0.02 0.03 0.04 0.05 0.06 0.07 0.09 0.12 0.14 0.18 0.21 0.25 0.29 0.34 0.38 0.43 0.47 0.52 0.56 0.61 0.65 0.69 0.72 0.73 0.72 0.70 0.67 0.63 0.58 0.52
0.84 0.85 0.86 0.88 0.90 0.92 0.94 0.94 0.93 0.92 0.89 0.85 0.80 0.75 0.69 0.62 0.54 0.43 0.31 0.16 0.00 0.00 0.00 0.00 0.00 0.00 0.00 0.00 0.00 0.00 0.00 0.00 0.00 0.00 0.00 0.00 0.00 0.00 0.00 0.00 0.00 0.00 0.00 0.00 0.00 0.00 0.00 0.00 0.00 0.00 0.00 0.00 0.00 0.01 0.02 0.03 0.04 0.05 0.06 0.08 0.10 0.13 0.16 0.19 0.23 0.27 0.31 0.36 0.41 0.46 0.50 0.55 0.60 0.65 0.69 0.73 0.76 0.77 0.76 0.74 0.71 0.66 0.60 0.54
0.90 0.91 0.93 0.94 0.96 0.98 0.98 0.97 0.95 0.91 0.87 0.83 0.77 0.71 0.64 0.57 0.49 0.40 0.29 0.16 0.02 0.00 0.00 0.00 0.00 0.00 0.00 0.00 0.00 0.00 0.00 0.00 0.00 0.00 0.00 0.00 0.00 0.00 0.00 0.00 0.00 0.00 0.00 0.00 0.00 0.00 0.00 0.00 0.00 0.00 0.00 0.00 0.01 0.02 0.02 0.03 0.04 0.06 0.07 0.09 0.11 0.14 0.17 0.21 0.24 0.28 0.33 0.38 0.43 0.48 0.53 0.58 0.63 0.68 0.72 0.77 0.79 0.80 0.79 0.77 0.73 0.68 0.62 0.56
0.98 0.98 1.00 1.01 1.02 1.02 1.01 0.98 0.95 0.91 0.86 0.80 0.74 0.67 0.60 0.52 0.44 0.36 0.26 0.15 0.02 0.00 0.00 0.00 0.00 0.00 0.00 0.00 0.00 0.00 0.00 0.00 0.00 0.00 0.00 0.00 0.00 0.00 0.00 0.00 0.00 0.00 0.00 0.00 0.00 0.00 0.00 0.00 0.00 0.00 0.00 0.01 0.01 0.02 0.03 0.04 0.05 0.06 0.08 0.10 0.13 0.16 0.19 0.22 0.26 0.30 0.34 0.39 0.44 0.50 0.55 0.60 0.65 0.70 0.75 0.79 0.82 0.83 0.82 0.79 0.75 0.69 0.64 0.58
