data_processed/recharge/precip/Precip_1987_01.asc
ncols        168
nrows        136
xllcorner    455000
yllcorner    2107000
cellsize     500
NODATA_value     -99999
[rows 38 to 75 of 136, columns 0 to 83 of 168]
0.81 0.74 0.67 0.60 0.53 0.47 0.40 0.33 0.27 0.22 0.16 0.11 0.07 0.04 0.01 0.00 0.00 0.00 0.00 0.00 0.00 0.00 0.00 0.00 0.00 0.00 0.00 0.00 0.00 0.00 0.00 0.00 0.00 0.00 0.00 0.00 0.00 0.00 0.00 0.00 0.00 0.00 0.00 0.00 0.00 0.00 0.00 0.00 0.00 0.00 0.00 0.00 0.00 0.00 0.00 0.00 0.00 0.00 0.00 0.00 0.00 0.00 0.00 0.00 0.00 0.00 0.00 0.00 0.00 0.00 0.00 0.00 0.00 0.00 0.00 0.00 0.00 0.00 0.00 0.00 0.01 0.01 0.01 0.01
0.87 0.80 0.73 0.65 0.58 0.50 0.43 0.36 0.30 0.23 0.17 0.12 0.08 0.04 0.00 0.00 0.00 0.00 0.00 0.00 0.00 0.00 0.00 0.00 0.00 0.00 0.00 0.00 0.00 0.00 0.00 0.00 0.00 0.00 0.00 0.00 0.00 0.00 0.00 0.00 0.00 0.00 0.00 0.00 0.00 0.00 0.00 0.00 0.00 0.00 0.00 0.00 0.00 0.00 0.00 0.00 0.00 0.00 0.00 0.00 0.00 0.00 0.00 0.00 0.00 0.00 0.00 0.00 0.00 0.00 0.00 0.00 0.00 0.00 0.00 0.00 0.00 0.00 0.00 0.01 0.01 0.01 0.02 0.02
0.94 0.86 0.78 0.70 0.62 0.54 0.46 0.39 0.32 0.25 0.19 0.13 0.08 0.04 0.00 0.00 0.00 0.00 0.00 0.00 0.00 0.00 0.00 0.00 0.00 0.00 0.00 0.00 0.00 0.00 0.00 0.00 0.00 0.00 0.00 0.00 0.00 0.00 0.00 0.00 0.00 0.00 0.00 0.00 0.00 0.00 0.00 0.00 0.00 0.00 0.00 0.00 0.00 0.00 0.00 0.00 0.00 0.00 0.00 0.00 0.00 0.00 0.00 0.00 0.00 0.00 0.00 0.00 0.00 0.00 0.00 0.00 0.00 0.00 0.00 0.00 0.00 0.00 0.01 0.01 0.01 0.02 0.02 0.02
1.00 0.92 0.83 0.75 0.66 0.58 0.50 0.42 0.35 0.28 0.21 0.15 0.09 0.05 0.01 0.00 0.00 0.00 0.00 0.00 0.00 0.00 0.00 0.00 0.00 0.00 0.00 0.00 0.00 0.00 0.00 0.00 0.00 0.00 0.00 0.00 0.00 0.00 0.00 0.00 0.00 0.00 0.00 0.00 0.00 0.00 0.00 0.00 0.00 0.00 0.00 0.00 0.00 0.00 0.00 0.00 0.00 0.00 0.00 0.00 0.00 0.00 0.00 0.00 0.00 0.00 0.00 0.00 0.00 0.00 0.00 0.00 0.00 0.00 0.00 0.00 0.00 0.00 0.01 0.01 0.01 0.02 0.02 0.02
1.06 0.98 0.89 0.80 0.71 0.62 0.54 0.45 0.37 0.30 0.23 0.17 0.11 0.06 0.02 0.00 0.00 0.00 0.00 0.00 0.00 0.00 0.00 0.00 0.00 0.00 0.00 0.00 0.00 0.00 0.00 0.00 0.00 0.00 0.00 0.00 0.00 0.00 0.00 0.00 0.00 0.00 0.00 0.00 0.00 0.00 0.00 0.00 0.00 0.00 0.00 0.00 0.00 0.00 0.00 0.00 0.00 0.00 0.00 0.00 0.00 0.00 0.00 0.00 0.00 0.00 0.00 0.00 0.00 0.00 0.00 0.00 0.00 0.00 0.00 0.00 0.00 0.00 0.01 0.01 0.01 0.02 0.02 0.02
1.10 1.01 0.91 0.82 0.73 0.64 0.55 0.47 0.39 0.31 0.24 0.17 0.12 0.06 0.02 0.00 0.00 0.00 0.00 0.00 0.00 0.00 0.00 0.00 0.00 0.00 0.00 0.00 0.00 0.00 0.00 0.00 0.00 0.00 0.00 0.00 0.00 0.00 0.00 0.00 0.00 0.01 0.01 0.01 0.01 0.00 0.00 0.00 0.00 0.00 0.00 0.00 0.00 0.00 0.00 0.00 0.00 0.00 0.00 0.00 0.00 0.00 0.00 0.00 0.00 0.00 0.00 0.00 0.00 0.00 0.00 0.00 0.00 0.00 0.00 0.00 0.00 0.00 0.01 0.01 0.01 0.02 0.02 0.02
1.07 0.98 0.89 0.80 0.71 0.62 0.54 0.45 0.37 0.30 0.23 0.17 0.11 0.06 0.02 0.00 0.00 0.00 0.00 0.00 0.00 0.00 0.00 0.00 0.00 0.00 0.00 0.00 0.00 0.00 0.00 0.00 0.00 0.00 0.00 0.00 0.00 0.00 0.00 0.00 0.01 0.03 0.04 0.04 0.04 0.03 0.03 0.02 0.01 0.01 0.00 0.00 0.00 0.00 0.00 0.00 0.00 0.00 0.00 0.00 0.00 0.00 0.00 0.00 0.00 0.00 0.00 0.00 0.00 0.00 0.00 0.00 0.00 0.00 0.00 0.00 0.00 0.00 0.00 0.01 0.01 0.01 0.02 0.02
1.00 0.91 0.83 0.74 0.65 0.57 0.49 0.41 0.34 0.27 0.20 0.14 0.09 0.05 0.01 0.00 0.00 0.00 0.00 0.00 0.00 0.00 0.00 0.00 0.00 0.00 0.00 0.00 0.00 0.00 0.00 0.00 0.00 0.00 0.00 0.00 0.00 0.00 0.00 0.01 0.03 0.06 0.08 0.09 0.09 0.08 0.07 0.06 0.05 0.04 0.03 0.03 0.02 0.01 0.00 0.00 0.00 0.00 0.00 0.00 0.00 0.00 0.00 0.00 0.00 0.00 0.00 0.00 0.00 0.00 0.00 0.00 0.00 0.00 0.00 0.00 0.00 0.00 0.00 0.00 0.01 0.01 0.01 0.02
0.88 0.80 0.73 0.65 0.57 0.49 0.42 0.35 0.28 0.22 0.17 0.12 0.07 0.04 0.01 0.00 0.00 0.00 0.00 0.00 0.00 0.00 0.00 0.00 0.00 0.00 0.00 0.00 0.00 0.00 0.00 0.00 0.00 0.00 0.00 0.00 0.01 0.01 0.02 0.03 0.06 0.10 0.13 0.15 0.15 0.14 0.13 0.12 0.10 0.09 0.08 0.07 0.06 0.04 0.03 0.02 0.01 0.01 0.00 0.00 0.00 0.00 0.00 0.00 0.00 0.00 0.00 0.00 0.00 0.00 0.00 0.00 0.00 0.00 0.00 0.00 0.00 0.00 0.00 0.00 0.00 0.01 0.01 0.01
0.73 0.66 0.59 0.52 0.46 0.39 0.33 0.27 0.22 0.17 0.13 0.09 0.06 0.04 0.01 0.00 0.00 0.00 0.00 0.00 0.00 0.00 0.00 0.00 0.00 0.00 0.00 0.00 0.00 0.00 0.00 0.00 0.00 0.01 0.01 0.01 0.01 0.02 0.04 0.07 0.11 0.15 0.19 0.21 0.22 0.21 0.20 0.18 0.17 0.15 0.13 0.12 0.10 0.08 0.07 0.05 0.04 0.03 0.02 0.01 0.00 0.00 0.00 0.00 0.00 0.00 0.00 0.00 0.00 0.00 0.00 0.00 0.00 0.00 0.00 0.00 0.00 0.00 0.00 0.00 0.00 0.00 0.01 0.01
0.55 0.49 0.43 0.38 0.33 0.28 0.23 0.19 0.15 0.12 0.09 0.07 0.05 0.04 0.02 0.00 0.00 0.00 0.00 0.00 0.00 0.00 0.00 0.00 0.00 0.00 0.00 0.00 0.00 0.00 0.00 0.01 0.01 0.01 0.01 0.02 0.02 0.04 0.07 0.11 0.16 0.21 0.25 0.28 0.29 0.29 0.28 0.26 0.24 0.21 0.19 0.17 0.15 0.13 0.11 0.09 0.07 0.05 0.04 0.02 0.01 0.00 0.00 0.00 0.00 0.00 0.00 0.00 0.00 0.00 0.00 0.00 0.00 0.00 0.00 0.00 0.00 0.00 0.00 0.00 0.00 0.00 0.00 0.01
0.36 0.30 0.26 0.22 0.19 0.16 0.13 0.11 0.09 0.07 0.06 0.06 0.05 0.04 0.02 0.00 0.00 0.00 0.00 0.00 0.00 0.00 0.00 0.00 0.00 0.00 0.00 0.00 0.01 0.01 0.01 0.01 0.02 0.02 0.02 0.03 0.05 0.08 0.12 0.17 0.22 0.28 0.33 0.36 0.37 0.37 0.36 0.34 0.31 0.28 0.25 0.23 0.20 0.17 0.14 0.12 0.09 0.07 0.05 0.04 0.02 0.01 0.01 0.00 0.00 0.00 0.00 0.00 0.00 0.00 0.00 0.00 0.00 0.00 0.00 0.00 0.00 0.00 0.00 0.00 0.00 0.00 0.00 0.00
0.18 0.12 0.08 0.06 0.05 0.04 0.03 0.03 0.03 0.04 0.05 0.06 0.05 0.04 0.02 0.01 0.00 0.00 0.00 0.00 0.00 0.00 0.00 0.00 0.00 0.01 0.01 0.01 0.02 0.02 0.02 0.02 0.02 0.03 0.04 0.06 0.09 0.13 0.18 0.23 0.29 0.35 0.40 0.44 0.45 0.45 0.44 0.42 0.39 0.36 0.32 0.28 0.25 0.21 0.18 0.15 0.12 0.09 0.07 0.05 0.03 0.02 0.02 0.01 0.00 0.00 0.00 0.00 0.00 0.00 0.00 0.00 0.00 0.00 0.00 0.00 0.00 0.00 0.00 0.00 0.00 0.00 0.00 0.00
0.01 0.00 0.00 0.00 0.00 0.00 0.00 0.00 0.00 0.02 0.04 0.05 0.05 0.04 0.03 0.01 0.00 0.00 0.00 0.00 0.00 0.00 0.00 0.01 0.01 0.02 0.02 0.02 0.02 0.03 0.03 0.03 0.03 0.04 0.06 0.10 0.14 0.19 0.24 0.30 0.37 0.43 0.49 0.52 0.54 0.54 0.52 0.50 0.47 0.43 0.39 0.34 0.30 0.25 0.21 0.17 0.13 0.10 0.08 0.06 0.04 0.03 0.02 0.01 0.01 0.00 0.00 0.00 0.00 0.00 0.00 0.00 0.00 0.00 0.00 0.00 0.00 0.00 0.00 0.00 0.00 0.00 0.00 0.00
0.00 0.00 0.00 0.00 0.00 0.00 0.00 0.00 0.00 0.01 0.04 0.05 0.05 0.04 0.03 0.02 0.01 0.00 0.00 0.00 0.01 0.01 0.01 0.02 0.02 0.02 0.03 0.03 0.03 0.04 0.04 0.04 0.05 0.07 0.10 0.15 0.20 0.25 0.32 0.38 0.45 0.52 0.57 0.61 0.62 0.62 0.61 0.58 0.54 0.50 0.45 0.39 0.34 0.29 0.24 0.19 0.15 0.12 0.09 0.07 0.05 0.04 0.03 0.02 0.01 0.00 0.00 0.00 0.00 0.00 0.00 0.00 0.00 0.00 0.00 0.00 0.00 0.00 0.00 0.00 0.00 0.00 0.00 0.00
0.00 0.00 0.00 0.00 0.00 0.00 0.00 0.00 0.00 0.00 0.03 0.05 0.05 0.05 0.04 0.02 0.01 0.01 0.01 0.01 0.02 0.02 0.02 0.03 0.03 0.03 0.04 0.04 0.04 0.05 0.05 0.06 0.08 0.11 0.16 0.21 0.27 0.33 0.40 0.46 0.54 0.60 0.66 0.69 0.71 0.70 0.69 0.65 0.61 0.56 0.50 0.44 0.38 0.32 0.26 0.21 0.17 0.13 0.10 0.08 0.06 0.05 0.04 0.03 0.02 0.01 0.00 0.00 0.00 0.00 0.00 0.00 0.00 0.00 0.00 0.00 0.00 0.00 0.00 0.00 0.00 0.00 0.00 0.00
0.00 0.00 0.00 0.00 0.00 0.00 0.00 0.00 0.00 0.00 0.03 0.05 0.05 0.05 0.04 0.03 0.02 0.02 0.02 0.02 0.03 0.03 0.03 0.04 0.04 0.05 0.05 0.05 0.05 0.06 0.07 0.09 0.12 0.17 0.22 0.28 0.34 0.41 0.48 0.55 0.63 0.70 0.75 0.78 0.79 0.79 0.76 0.73 0.68 0.62 0.55 0.48 0.41 0.34 0.28 0.22 0.18 0.15 0.12 0.09 0.07 0.06 0.04 0.03 0.02 0.01 0.00 0.00 0.00 0.00 0.00 0.00 0.00 0.00 0.00 0.00 0.00 0.00 0.00 0.00 0.00 0.00 0.00 0.00
0.00 0.00 0.00 0.00 0.00 0.00 0.00 0.00 0.00 0.00 0.02 0.04 0.05 0.05 0.05 0.04 0.03 0.02 0.03 0.03 0.04 0.04 0.04 0.05 0.05 0.06 0.06 0.06 0.06 0.08 0.10 0.13 0.18 0.23 0.29 0.36 0.43 0.50 0.57 0.65 0.72 0.79 0.84 0.87 0.88 0.87 0.84 0.79 0.74 0.67 0.59 0.51 0.43 0.36 0.29 0.24 0.19 0.16 0.13 0.10 0.08 0.06 0.05 0.03 0.02 0.01 0.00 0.00 0.00 0.00 0.00 0.00 0.00 0.00 0.00 0.00 0.00 0.00 0.00 0.00 0.00 0.00 0.00 0.00
0.00 0.00 0.00 0.00 0.00 0.00 0.00 0.00 0.00 0.00 0.02 0.04 0.05 0.06 0.05 0.04 0.04 0.03 0.04 0.04 0.04 0.05 0.05 0.06 0.06 0.07 0.07 0.07 0.08 0.11 0.14 0.19 0.24 0.30 0.37 0.44 0.52 0.59 0.67 0.74 0.82 0.88 0.93 0.96 0.96 0.94 0.91 0.85 0.79 0.71 0.62 0.54 0.45 0.38 0.31 0.25 0.21 0.17 0.13 0.11 0.09 0.07 0.05 0.04 0.03 0.01 0.00 0.00 0.00 0.00 0.00 0.00 0.00 0.00 0.00 0.00 0.00 0.00 0.00 0.00 0.00 0.00 0.00 0.00
0.00 0.00 0.00 0.00 0.00 0.00 0.00 0.00 0.00 0.00 0.01 0.04 0.05 0.06 0.06 0.05 0.04 0.04 0.04 0.05 0.05 0.06 0.06 0.07 0.07 0.08 0.08 0.09 0.12 0.15 0.20 0.25 0.32 0.38 0.46 0.53 0.61 0.69 0.77 0.84 0.91 0.98 1.02 1.04 1.04 1.01 0.97 0.91 0.83 0.74 0.65 0.56 0.48 0.40 0.33 0.27 0.22 0.18 0.14 0.11 0.09 0.07 0.05 0.04 0.03 0.01 0.00 0.00 0.00 0.00 0.00 0.00 0.00 0.00 0.00 0.00 0.00 0.00 0.00 0.00 0.00 0.00 0.00 0.00
0.00 0.00 0.00 0.00 0.00 0.00 0.00 0.00 0.00 0.00 0.01 0.04 0.06 0.06 0.06 0.06 0.05 0.05 0.05 0.06 0.06 0.07 0.07 0.08 0.08 0.09 0.10 0.12 0.16 0.21 0.26 0.33 0.40 0.47 0.55 0.63 0.71 0.79 0.87 0.94 1.01 1.07 1.11 1.12 1.11 1.08 1.03 0.95 0.87 0.77 0.68 0.59 0.50 0.42 0.35 0.28 0.23 0.18 0.15 0.12 0.09 0.07 0.06 0.04 0.03 0.02 0.00 0.00 0.00 0.00 0.00 0.00 0.00 0.00 0.00 0.00 0.00 0.00 0.00 0.00 0.00 0.00 0.00 0.00
0.00 0.00 0.00 0.00 0.00 0.00 0.00 0.00 0.00 0.00 0.01 0.04 0.06 0.06 0.07 0.06 0.06 0.06 0.06 0.07 0.07 0.08 0.08 0.09 0.09 0.11 0.13 0.17 0.22 0.28 0.34 0.41 0.49 0.57 0.65 0.74 0.82 0.90 0.97 1.04 1.10 1.16 1.19 1.20 1.18 1.14 1.07 0.99 0.90 0.80 0.71 0.62 0.53 0.45 0.37 0.30 0.24 0.19 0.15 0.12 0.10 0.08 0.06 0.04 0.03 0.01 0.00 0.00 0.00 0.00 0.00 0.00 0.00 0.00 0.00 0.00 0.00 0.00 0.00 0.00 0.00 0.00 0.00 0.00
0.00 0.00 0.00 0.00 0.00 0.00 0.00 0.00 0.00 0.00 0.01 0.04 0.06 0.07 0.07 0.07 0.07 0.07 0.07 0.08 0.08 0.09 0.09 0.10 0.11 0.14 0.18 0.23 0.29 0.35 0.43 0.51 0.59 0.67 0.76 0.84 0.92 1.00 1.07 1.14 1.20 1.25 1.27 1.27 1.24 1.19 1.12 1.03 0.93 0.84 0.75 0.66 0.57 0.48 0.40 0.33 0.26 0.21 0.16 0.12 0.10 0.08 0.06 0.04 0.03 0.01 0.00 0.00 0.00 0.00 0.00 0.00 0.00 0.00 0.00 0.00 0.00 0.00 0.00 0.00 0.00 0.00 0.00 0.00
0.00 0.00 0.00 0.00 0.00 0.00 0.00 0.00 0.00 0.00 0.00 0.03 0.06 0.07 0.08 0.08 0.07 0.07 0.08 0.09 0.09 0.10 0.10 0.12 0.14 0.18 0.23 0.30 0.36 0.44 0.52 0.60 0.69 0.78 0.87 0.95 1.03 1.11 1.18 1.24 1.29 1.33 1.35 1.34 1.30 1.23 1.15 1.07 0.98 0.88 0.79 0.70 0.61 0.52 0.44 0.36 0.29 0.23 0.17 0.13 0.10 0.08 0.06 0.04 0.02 0.01 0.00 0.00 0.00 0.00 0.00 0.00 0.00 0.00 0.00 0.00 0.00 0.00 0.00 0.00 0.00 0.00 0.00 0.00
0.00 0.00 0.00 0.00 0.00 0.00 0.00 0.00 0.00 0.00 0.00 0.02 0.05 0.07 0.08 0.08 0.08 0.08 0.09 0.09 0.10 0.11 0.12 0.15 0.19 0.24 0.30 0.37 0.45 0.53 0.62 0.71 0.80 0.89 0.98 1.06 1.14 1.21 1.28 1.33 1.38 1.41 1.42 1.39 1.34 1.27 1.20 1.11 1.03 0.93 0.84 0.75 0.66 0.57 0.48 0.40 0.32 0.25 0.19 0.14 0.10 0.07 0.05 0.04 0.02 0.01 0.00 0.00 0.00 0.00 0.00 0.00 0.00 0.00 0.00 0.00 0.00 0.00 0.00 0.00 0.00 0.00 0.00 0.00
0.00 0.00 0.00 0.00 0.00 0.00 0.00 0.00 0.00 0.00 0.00 0.01 0.04 0.06 0.08 0.08 0.09 0.09 0.09 0.10 0.11 0.12 0.15 0.19 0.25 0.31 0.38 0.46 0.55 0.64 0.73 0.82 0.91 1.00 1.09 1.17 1.25 1.31 1.37 1.42 1.46 1.48 1.48 1.44 1.39 1.32 1.25 1.17 1.08 0.99 0.90 0.81 0.71 0.62 0.53 0.45 0.36 0.29 0.22 0.16 0.11 0.08 0.05 0.03 0.02 0.00 0.00 0.00 0.00 0.00 0.00 0.00 0.00 0.00 0.00 0.00 0.00 0.00 0.00 0.00 0.00 0.00 0.00 0.00
0.00 0.00 0.00 0.00 0.00 0.00 0.00 0.00 0.00 0.00 0.00 0.00 0.01 0.04 0.06 0.08 0.09 0.10 0.10 0.11 0.12 0.15 0.20 0.25 0.32 0.39 0.47 0.56 0.65 0.74 0.84 0.93 1.03 1.12 1.20 1.28 1.35 1.41 1.47 1.51 1.53 1.55 1.53 1.49 1.44 1.38 1.31 1.23 1.15 1.06 0.97 0.88 0.78 0.69 0.59 0.50 0.42 0.33 0.26 0.19 0.13 0.09 0.05 0.03 0.01 0.00 0.00 0.00 0.00 0.00 0.00 0.00 0.00 0.00 0.00 0.00 0.00 0.00 0.00 0.00 0.00 0.00 0.00 0.00
0.00 0.00 0.00 0.00 0.00 0.00 0.00 0.00 0.00 0.00 0.00 0.00 0.00 0.01 0.04 0.06 0.08 0.10 0.11 0.12 0.16 0.20 0.26 0.32 0.40 0.48 0.57 0.66 0.76 0.85 0.95 1.05 1.14 1.23 1.31 1.39 1.46 1.51 1.56 1.59 1.60 1.60 1.59 1.55 1.51 1.45 1.38 1.31 1.23 1.14 1.05 0.96 0.86 0.76 0.66 0.57 0.48 0.39 0.31 0.23 0.17 0.11 0.06 0.03 0.00 0.00 0.00 0.00 0.00 0.00 0.00 0.00 0.00 0.00 0.00 0.00 0.00 0.00 0.00 0.00 0.00 0.00 0.00 0.00
0.00 0.00 0.00 0.00 0.00 0.00 0.00 0.00 0.00 0.00 0.00 0.00 0.00 0.00 0.00 0.04 0.07 0.09 0.12 0.15 0.19 0.25 0.32 0.39 0.48 0.57 0.66 0.76 0.86 0.96 1.06 1.16 1.25 1.34 1.42 1.49 1.55 1.60 1.63 1.65 1.66 1.65 1.64 1.61 1.57 1.52 1.46 1.39 1.31 1.22 1.13 1.04 0.94 0.84 0.74 0.64 0.54 0.45 0.36 0.28 0.20 0.14 0.08 0.03 0.00 0.00 0.00 0.00 0.00 0.00 0.00 0.00 0.00 0.00 0.00 0.00 0.00 0.00 0.00 0.00 0.00 0.00 0.00 0.00
0.00 0.00 0.00 0.00 0.00 0.00 0.00 0.00 0.00 0.00 0.00 0.00 0.00 0.00 0.00 0.02 0.05 0.09 0.12 0.16 0.22 0.29 0.37 0.46 0.55 0.65 0.75 0.85 0.95 1.05 1.15 1.25 1.34 1.42 1.50 1.56 1.61 1.65 1.68 1.69 1.69 1.68 1.67 1.64 1.61 1.57 1.51 1.45 1.37 1.29 1.20 1.11 1.01 0.91 0.81 0.70 0.60 0.50 0.41 0.32 0.24 0.16 0.09 0.04 0.00 0.00 0.00 0.00 0.00 0.00 0.00 0.00 0.00 0.00 0.00 0.00 0.00 0.00 0.00 0.00 0.00 0.00 0.00 0.00
0.00 0.00 0.00 0.00 0.00 0.00 0.00 0.00 0.00 0.00 0.00 0.00 0.00 0.00 0.00 0.00 0.04 0.08 0.13 0.18 0.24 0.32 0.41 0.51 0.61 0.71 0.81 0.92 1.02 1.13 1.23 1.32 1.41 1.48 1.55 1.61 1.65 1.68 1.70 1.70 1.70 1.69 1.68 1.66 1.63 1.59 1.55 1.48 1.42 1.34 1.25 1.16 1.06 0.96 0.86 0.76 0.65 0.55 0.45 0.36 0.27 0.18 0.11 0.04 0.00 0.00 0.00 0.00 0.00 0.00 0.00 0.00 0.00 0.00 0.00 0.00 0.00 0.00 0.00 0.00 0.00 0.00 0.00 0.00
0.00 0.00 0.00 0.00 0.00 0.00 0.00 0.00 0.00 0.00 0.00 0.00 0.00 0.00 0.00 0.00 0.03 0.08 0.13 0.19 0.26 0.35 0.44 0.54 0.65 0.76 0.87 0.97 1.08 1.18 1.28 1.37 1.45 1.52 1.58 1.63 1.67 1.69 1.69 1.70 1.69 1.69 1.67 1.65 1.63 1.60 1.56 1.50 1.44 1.37 1.28 1.20 1.10 1.00 0.90 0.80 0.69 0.59 0.49 0.39 0.29 0.20 0.12 0.05 0.00 0.00 0.00 0.00 0.00 0.00 0.00 0.00 0.00 0.00 0.00 0.00 0.00 0.00 0.00 0.00 0.00 0.00 0.00 0.00
0.00 0.00 0.00 0.00 0.00 0.00 0.00 0.00 0.00 0.00 0.00 0.00 0.00 0.00 0.00 0.00 0.01 0.07 0.13 0.19 0.27 0.36 0.46 0.57 0.68 0.79 0.90 1.01 1.12 1.22 1.31 1.40 1.47 1.54 1.59 1.63 1.65 1.67 1.67 1.68 1.67 1.67 1.65 1.63 1.61 1.58 1.55 1.50 1.44 1.38 1.30 1.22 1.13 1.03 0.93 0.83 0.72 0.62 0.51 0.41 0.31 0.22 0.13 0.05 0.00 0.00 0.00 0.00 0.00 0.00 0.00 0.00 0.00 0.00 0.00 0.00 0.00 0.00 0.00 0.00 0.00 0.00 0.00 0.00
0.03 0.00 0.00 0.00 0.00 0.00 0.00 0.00 0.00 0.00 0.00 0.00 0.00 0.00 0.00 0.00 0.00 0.06 0.13 0.20 0.28 0.38 0.48 0.59 0.70 0.81 0.92 1.03 1.13 1.23 1.32 1.40 1.47 1.53 1.57 1.60 1.62 1.63 1.64 1.64 1.64 1.63 1.62 1.60 1.58 1.55 1.52 1.48 1.43 1.37 1.30 1.22 1.14 1.04 0.95 0.85 0.74 0.64 0.53 0.43 0.33 0.23 0.14 0.06 0.00 0.00 0.00 0.00 0.00 0.00 0.00 0.00 0.00 0.00 0.00 0.00 0.00 0.00 0.00 0.00 0.00 0.00 0.00 0.00
0.15 0.04 0.00 0.00 0.00 0.00 0.00 0.00 0.00 0.00 0.00 0.00 0.00 0.00 0.00 0.00 0.00 0.05 0.12 0.20 0.29 0.38 0.48 0.59 0.70 0.82 0.93 1.04 1.14 1.23 1.31 1.39 1.45 1.50 1.53 1.55 1.57 1.58 1.59 1.59 1.59 1.59 1.57 1.56 1.53 1.51 1.47 1.44 1.40 1.35 1.28 1.21 1.13 1.05 0.95 0.85 0.75 0.65 0.54 0.44 0.34 0.24 0.15 0.06 0.00 0.00 0.00 0.00 0.00 0.00 0.00 0.00 0.00 0.00 0.00 0.00 0.00 0.00 0.00 0.00 0.00 0.00 0.00 0.00
0.27 0.15 0.04 0.00 0.00 0.00 0.00 0.00 0.00 0.00 0.00 0.00 0.00 0.00 0.00 0.00 0.00 0.04 0.12 0.20 0.29 0.39 0.49 0.59 0.70 0.81 0.92 1.02 1.12 1.21 1.29 1.35 1.41 1.44 1.47 1.49 1.51 1.52 1.53 1.54 1.54 1.53 1.52 1.50 1.48 1.45 1.42 1.39 1.35 1.30 1.25 1.19 1.11 1.03 0.94 0.85 0.75 0.65 0.55 0.45 0.35 0.25 0.16 0.07 0.00 0.00 0.00 0.00 0.00 0.00 0.00 0.00 0.00 0.00 0.00 0.00 0.00 0.00 0.00 0.00 0.00 0.00 0.00 0.00
0.39 0.27 0.15 0.04 0.00 0.00 0.00 0.00 0.00 0.00 0.00 0.00 0.00 0.00 0.00 0.00 0.00 0.04 0.11 0.20 0.29 0.38 0.48 0.59 0.69 0.79 0.90 1.00 1.09 1.17 1.24 1.30 1.34 1.37 1.40 1.42 1.44 1.45 1.46 1.47 1.47 1.46 1.45 1.43 1.41 1.39 1.36 1.32 1.28 1.24 1.20 1.14 1.08 1.01 0.92 0.84 0.74 0.65 0.55 0.45 0.35 0.26 0.16 0.07 0.00 0.00 0.00 0.00 0.00 0.00 0.00 0.00 0.00 0.00 0.00 0.00 0.00 0.00 0.00 0.00 0.00 0.00 0.00 0.00
0.51 0.39 0.27 0.15 0.04 0.00 0.00 0.00 0.00 0.00 0.00 0.00 0.00 0.00 0.00 0.00 0.00 0.03 0.11 0.19 0.28 0.38 0.47 0.57 0.67 0.77 0.86 0.95 1.04 1.11 1.17 1.22 1.26 1.29 1.32 1.34 1.36 1.38 1.39 1.39 1.39 1.39 1.37 1.36 1.34 1.31 1.28 1.25 1.21 1.17 1.13 1.09 1.03 0.97 0.89 0.81 0.72 0.64 0.54 0.45 0.35 0.26 0.17 0.07 0.00 0.00 0.00 0.00 0.00 0.00 0.00 0.00 0.00 0.00 0.00 0.00 0.00 0.00 0.00 0.00 0.00 0.00 0.00 0.00
