data_processed/recharge/precip/Precip_1994_08.asc
ncols        168
nrows        136
xllcorner    455000
yllcorner    2107000
cellsize     500
NODATA_value     -99999
[rows 0 to 32 of 136, columns 73 to 145 of 168]
241.69 240.45 238.99 237.31 235.34 233.03 230.16 226.66 222.76 218.61 214.28 209.79 205.19 200.52 195.82 191.14 186.50 181.95 177.54 173.30 169.27 165.50 162.02 158.87 156.10 153.74 151.84 150.44 149.57 149.26 149.37 149.75 150.39 151.27 152.30 153.40 154.56 155.79 157.08 158.43 159.83 161.29 162.80 164.35 165.96 167.61 169.30 171.04 172.81 174.61 176.46 178.33 180.23 182.16 184.11 186.10 188.17 190.44 193.60 198.26 203.99 210.36 217.24 224.53 232.16 240.04 248.07 256.18 264.28 272.27 280.08 287.62 294.79
241.33 240.14 238.72 236.99 234.92 232.51 229.57 225.99 221.86 217.40 212.78 208.04 203.22 198.37 193.53 188.73 184.02 179.44 175.02 170.82 166.86 163.19 159.85 156.88 154.32 152.22 150.60 149.52 148.99 148.87 149.01 149.41 150.06 150.97 152.10 153.37 154.70 156.07 157.49 158.96 160.46 162.01 163.60 165.22 166.87 168.56 170.27 172.01 173.77 175.56 177.36 179.19 181.03 182.88 184.75 186.69 188.78 191.08 194.23 198.89 204.93 211.87 219.30 227.07 235.12 243.34 251.66 259.99 268.24 276.32 284.15 291.64 298.70
240.40 239.26 237.81 236.00 233.84 231.34 228.35 224.78 220.64 216.02 211.15 206.19 201.19 196.19 191.24 186.37 181.61 177.03 172.65 168.51 164.65 161.12 157.96 155.20 152.89 151.07 149.77 149.02 148.68 148.59 148.73 149.13 149.80 150.72 151.88 153.26 154.75 156.29 157.86 159.46 161.09 162.74 164.42 166.12 167.84 169.57 171.32 173.09 174.86 176.64 178.43 180.22 182.01 183.81 185.66 187.64 189.78 192.11 195.25 199.86 205.86 213.04 220.96 229.20 237.64 246.20 254.79 263.32 271.71 279.86 287.69 295.12 302.05
238.91 237.77 236.24 234.35 232.12 229.56 226.55 223.00 218.93 214.38 209.42 204.28 199.13 194.02 188.99 184.07 179.32 174.76 170.44 166.40 162.69 159.33 156.38 153.86 151.83 150.33 149.36 148.80 148.46 148.36 148.50 148.92 149.61 150.54 151.71 153.11 154.72 156.43 158.16 159.91 161.68 163.46 165.24 167.04 168.84 170.64 172.44 174.25 176.04 177.84 179.62 181.39 183.16 184.96 186.88 188.93 191.12 193.48 196.62 201.18 207.08 214.17 222.27 230.92 239.75 248.63 257.47 266.18 274.68 282.89 290.71 298.06 304.85
236.83 235.63 234.04 232.10 229.83 227.23 224.21 220.70 216.72 212.31 207.49 202.34 197.08 191.89 186.81 181.88 177.15 172.66 168.44 164.54 160.99 157.84 155.13 152.90 151.18 150.00 149.22 148.65 148.29 148.18 148.33 148.76 149.47 150.42 151.61 153.02 154.64 156.47 158.37 160.29 162.21 164.13 166.04 167.94 169.84 171.73 173.60 175.46 177.30 179.12 180.91 182.69 184.49 186.38 188.38 190.50 192.74 195.13 198.28 202.80 208.61 215.56 223.51 232.28 241.44 250.62 259.69 268.58 277.18 285.43 293.22 300.47 307.10
234.12 232.88 231.26 229.29 226.99 224.37 221.37 217.92 214.06 209.81 205.20 200.26 195.05 189.82 184.73 179.83 175.16 170.76 166.68 162.94 159.60 156.69 154.25 152.33 150.94 149.94 149.14 148.54 148.16 148.04 148.20 148.65 149.39 150.36 151.55 152.98 154.61 156.45 158.47 160.57 162.65 164.73 166.78 168.81 170.82 172.81 174.77 176.69 178.59 180.45 182.28 184.12 186.03 188.03 190.12 192.31 194.60 197.03 200.18 204.67 210.38 217.20 224.97 233.55 242.76 252.19 261.48 270.52 279.21 287.47 295.22 302.37 308.82
230.83 229.57 227.93 225.95 223.65 221.04 218.07 214.71 210.99 206.92 202.54 197.88 192.95 187.84 182.78 177.94 173.37 169.10 165.18 161.65 158.54 155.90 153.78 152.18 150.96 149.93 149.08 148.46 148.07 147.94 148.11 148.58 149.34 150.33 151.55 152.98 154.63 156.47 158.51 160.72 162.98 165.23 167.44 169.62 171.76 173.86 175.92 177.93 179.90 181.83 183.75 185.71 187.75 189.85 192.03 194.29 196.64 199.11 202.28 206.73 212.36 219.05 226.64 234.99 243.96 253.38 262.84 272.01 280.77 289.04 296.73 303.74 310.01
226.99 225.73 224.10 222.13 219.85 217.27 214.36 211.11 207.54 203.68 199.56 195.20 190.62 185.86 180.99 176.25 171.80 167.70 163.98 160.68 157.85 155.52 153.71 152.27 151.01 149.93 149.05 148.40 147.99 147.87 148.05 148.55 149.33 150.35 151.58 153.03 154.69 156.54 158.58 160.80 163.18 165.60 167.99 170.33 172.61 174.85 177.02 179.14 181.21 183.25 185.32 187.43 189.59 191.80 194.07 196.41 198.82 201.34 204.52 208.93 214.49 221.04 228.46 236.59 245.29 254.42 263.81 273.07 281.88 290.14 297.75 304.62 310.67
222.65 221.40 219.80 217.87 215.63 213.10 210.27 207.15 203.76 200.13 196.28 192.25 188.05 183.71 179.26 174.78 170.50 166.60 163.11 160.08 157.55 155.54 153.89 152.40 151.08 149.95 149.03 148.35 147.94 147.82 148.01 148.53 149.35 150.39 151.65 153.11 154.78 156.64 158.68 160.91 163.30 165.84 168.41 170.92 173.37 175.75 178.06 180.31 182.51 184.72 186.95 189.21 191.50 193.82 196.20 198.62 201.09 203.66 206.85 211.24 216.71 223.15 230.39 238.30 246.73 255.54 264.60 273.72 282.55 290.77 298.28 305.00 310.82
217.84 216.64 215.09 213.21 211.03 208.57 205.85 202.88 199.69 196.31 192.76 189.07 185.27 181.38 177.43 173.44 169.49 165.82 162.60 159.87 157.66 155.79 154.09 152.53 151.15 149.97 149.02 148.32 147.89 147.77 147.98 148.54 149.38 150.45 151.73 153.22 154.90 156.77 158.82 161.05 163.44 165.99 168.67 171.37 174.00 176.54 179.01 181.42 183.81 186.20 188.60 191.01 193.43 195.88 198.35 200.86 203.40 206.02 209.23 213.59 218.99 225.30 232.37 240.06 248.23 256.74 265.43 274.17 282.79 290.95 298.35 304.89 310.47
212.61 211.47 210.00 208.20 206.10 203.74 201.14 198.34 195.38 192.27 189.04 185.72 182.33 178.91 175.47 172.05 168.66 165.39 162.48 160.06 157.99 156.06 154.27 152.65 151.21 149.98 149.00 148.28 147.85 147.73 147.96 148.54 149.42 150.52 151.83 153.34 155.04 156.92 158.98 161.21 163.61 166.15 168.85 171.66 174.47 177.20 179.86 182.48 185.07 187.65 190.22 192.78 195.34 197.91 200.48 203.08 205.69 208.36 211.61 215.94 221.27 227.46 234.37 241.85 249.75 257.95 266.28 274.62 282.82 290.70 297.96 304.30 309.65
207.00 205.95 204.57 202.87 200.88 198.63 196.18 193.58 190.86 188.04 185.16 182.23 179.28 176.34 173.44 170.60 167.85 165.22 162.75 160.48 158.33 156.31 154.44 152.74 151.25 149.98 148.97 148.23 147.79 147.69 147.93 148.55 149.47 150.60 151.94 153.47 155.19 157.09 159.16 161.39 163.79 166.33 169.02 171.84 174.77 177.71 180.60 183.44 186.25 189.02 191.76 194.47 197.18 199.87 202.55 205.23 207.93 210.65 213.92 218.24 223.50 229.58 236.32 243.59 251.24 259.12 267.11 275.04 282.79 290.21 297.12 303.25 308.42
201.05 200.11 198.84 197.26 195.40 193.29 191.01 188.63 186.18 183.67 181.15 178.64 176.15 173.72 171.38 169.15 167.06 165.10 163.10 160.88 158.64 156.53 154.58 152.81 151.27 149.96 148.91 148.16 147.72 147.63 147.90 148.55 149.51 150.67 152.04 153.60 155.34 157.25 159.34 161.59 163.98 166.53 169.21 172.03 174.98 178.08 181.20 184.27 187.28 190.24 193.16 196.04 198.88 201.70 204.50 207.28 210.05 212.84 216.13 220.43 225.64 231.60 238.18 245.24 252.64 260.22 267.85 275.39 282.69 289.61 296.02 301.81 306.81
194.80 193.99 192.86 191.43 189.72 187.77 185.68 183.54 181.37 179.20 177.07 174.99 172.99 171.09 169.33 167.73 166.29 164.82 163.10 161.10 158.90 156.70 154.68 152.85 151.25 149.90 148.83 148.07 147.63 147.54 147.84 148.53 149.53 150.73 152.13 153.72 155.48 157.42 159.52 161.78 164.18 166.73 169.41 172.23 175.21 178.34 181.61 184.90 188.13 191.29 194.38 197.43 200.42 203.37 206.28 209.15 212.00 214.86 218.19 222.48 227.62 233.48 239.90 246.76 253.90 261.19 268.47 275.62 282.47 288.90 294.80 300.13 304.84
188.29 187.64 186.67 185.40 183.87 182.09 180.22 178.34 176.48 174.68 172.95 171.32 169.83 168.49 167.33 166.35 165.37 164.15 162.67 160.93 158.97 156.82 154.73 152.84 151.19 149.81 148.72 147.94 147.50 147.43 147.75 148.49 149.53 150.77 152.21 153.82 155.61 157.57 159.69 161.96 164.38 166.93 169.62 172.46 175.45 178.59 181.88 185.30 188.74 192.09 195.37 198.58 201.73 204.81 207.84 210.81 213.75 216.67 220.04 224.32 229.41 235.16 241.43 248.09 254.98 261.97 268.91 275.66 282.07 288.01 293.45 298.35 302.67
181.58 181.10 180.31 179.23 177.89 176.32 174.68 173.08 171.56 170.13 168.83 167.68 166.72 165.95 165.39 164.84 164.07 163.05 161.80 160.32 158.64 156.75 154.72 152.78 151.09 149.67 148.55 147.77 147.33 147.28 147.63 148.41 149.49 150.78 152.25 153.90 155.72 157.70 159.84 162.13 164.56 167.12 169.83 172.68 175.67 178.81 182.09 185.51 189.06 192.62 196.08 199.46 202.76 205.98 209.13 212.21 215.24 218.23 221.64 225.91 230.95 236.60 242.72 249.18 255.83 262.53 269.12 275.46 281.40 286.90 291.92 296.44 300.41
174.69 174.41 173.82 172.95 171.82 170.48 169.09 167.80 166.63 165.61 164.76 164.12 163.70 163.50 163.34 162.97 162.36 161.54 160.51 159.28 157.86 156.27 154.51 152.65 150.92 149.47 148.34 147.55 147.12 147.09 147.47 148.29 149.42 150.75 152.26 153.95 155.80 157.81 159.97 162.27 164.71 167.29 170.00 172.85 175.84 178.96 182.22 185.62 189.16 192.81 196.46 200.01 203.47 206.83 210.10 213.30 216.41 219.48 222.94 227.21 232.19 237.74 243.72 249.98 256.39 262.80 269.02 274.92 280.44 285.54 290.19 294.37 298.03
167.67 167.61 167.24 166.61 165.72 164.62 163.51 162.55 161.75 161.16 160.78 160.66 160.78 160.95 160.93 160.69 160.25 159.61 158.79 157.79 156.64 155.33 153.89 152.32 150.68 149.21 148.06 147.26 146.85 146.84 147.25 148.12 149.30 150.68 152.23 153.95 155.84 157.88 160.06 162.38 164.83 167.41 170.12 172.96 175.92 179.02 182.25 185.61 189.11 192.73 196.47 200.19 203.80 207.31 210.71 214.01 217.23 220.37 223.88 228.15 233.08 238.54 244.38 250.45 256.62 262.69 268.50 273.99 279.13 283.88 288.22 292.11 295.51
160.56 160.74 160.62 160.24 159.61 158.78 157.97 157.36 156.96 156.81 156.93 157.32 157.78 158.06 158.14 158.02 157.73 157.26 156.64 155.87 154.97 153.94 152.80 151.56 150.23 148.87 147.72 146.92 146.51 146.52 146.98 147.89 149.13 150.55 152.15 153.91 155.83 157.90 160.10 162.43 164.88 167.45 170.14 172.96 175.90 178.96 182.15 185.46 188.90 192.46 196.15 199.94 203.71 207.37 210.90 214.32 217.63 220.86 224.41 228.69 233.58 238.95 244.64 250.53 256.40 262.08 267.50 272.63 277.44 281.89 285.96 289.61 292.80
153.40 153.84 154.00 153.89 153.54 153.00 152.52 152.27 152.29 152.61 153.22 153.91 154.45 154.79 154.96 154.96 154.80 154.50 154.07 153.52 152.86 152.10 151.26 150.34 149.35 148.31 147.28 146.49 146.10 146.14 146.63 147.60 148.89 150.36 152.01 153.81 155.77 157.86 160.06 162.39 164.82 167.37 170.04 172.82 175.72 178.74 181.88 185.13 188.50 191.99 195.60 199.33 203.16 206.96 210.62 214.16 217.58 220.89 224.50 228.78 233.63 238.91 244.47 250.10 255.60 260.91 265.99 270.81 275.33 279.53 283.38 286.83 289.87
146.26 146.96 147.41 147.59 147.55 147.32 147.18 147.33 147.79 148.57 149.46 150.19 150.75 151.15 151.40 151.50 151.48 151.34 151.09 150.74 150.32 149.82 149.26 148.65 148.00 147.32 146.63 145.98 145.61 145.68 146.21 147.23 148.58 150.11 151.80 153.64 155.62 157.71 159.91 162.22 164.63 167.15 169.78 172.52 175.37 178.33 181.41 184.59 187.89 191.29 194.81 198.45 202.20 206.03 209.83 213.49 217.01 220.41 224.08 228.37 233.19 238.37 243.72 249.00 254.15 259.14 263.92 268.48 272.77 276.77 280.44 283.75 286.67
139.23 140.16 140.90 141.40 141.68 141.79 142.02 142.58 143.48 144.50 145.39 146.12 146.70 147.14 147.45 147.66 147.75 147.76 147.68 147.54 147.34 147.09 146.80 146.49 146.17 145.84 145.53 145.23 145.02 145.13 145.71 146.78 148.19 149.77 151.51 153.38 155.36 157.44 159.62 161.89 164.27 166.76 169.34 172.03 174.82 177.71 180.71 183.81 187.02 190.33 193.75 197.28 200.91 204.66 208.48 212.26 215.88 219.38 223.11 227.41 232.19 237.21 242.23 247.18 252.02 256.73 261.27 265.61 269.72 273.56 277.11 280.33 283.18
132.35 133.52 134.53 135.36 135.98 136.45 137.06 138.03 139.14 140.13 140.98 141.69 142.28 142.76 143.13 143.42 143.63 143.78 143.86 143.91 143.92 143.91 143.89 143.87 143.87 143.88 143.94 144.04 144.20 144.48 145.11 146.24 147.71 149.34 151.11 152.98 154.94 157.00 159.14 161.38 163.72 166.15 168.68 171.30 174.02 176.84 179.75 182.76 185.87 189.08 192.39 195.80 199.31 202.92 206.63 210.42 214.15 217.74 221.53 225.85 230.49 235.21 239.91 244.58 249.16 253.65 257.99 262.17 266.14 269.87 273.34 276.51 279.35
125.66 127.08 128.37 129.51 130.49 131.33 132.33 133.48 134.52 135.44 136.23 136.92 137.51 138.01 138.44 138.80 139.12 139.39 139.63 139.85 140.07 140.29 140.53 140.79 141.10 141.45 141.86 142.34 142.91 143.58 144.40 145.60 147.13 148.80 150.56 152.40 154.34 156.36 158.46 160.66 162.94 165.31 167.76 170.31 172.95 175.68 178.50 181.41 184.41 187.50 190.69 193.97 197.35 200.81 204.38 208.04 211.76 215.44 219.30 223.52 227.89 232.30 236.74 241.17 245.55 249.85 254.05 258.10 261.99 265.66 269.11 272.28 275.15
119.22 120.90 122.48 123.93 125.26 126.46 127.61 128.66 129.59 130.42 131.16 131.81 132.39 132.91 133.38 133.81 134.21 134.61 134.99 135.39 135.80 136.24 136.73 137.26 137.86 138.54 139.30 140.16 141.13 142.22 143.44 144.84 146.41 148.07 149.81 151.62 153.52 155.49 157.54 159.68 161.90 164.19 166.57 169.04 171.58 174.21 176.92 179.72 182.61 185.57 188.63 191.77 195.00 198.31 201.72 205.21 208.79 212.45 216.24 220.21 224.29 228.46 232.68 236.91 241.13 245.31 249.40 253.39 257.23 260.90 264.36 267.58 270.53
113.37 115.32 117.18 118.96 120.61 121.94 122.97 123.87 124.68 125.40 126.06 126.66 127.22 127.74 128.23 128.72 129.20 129.69 130.21 130.75 131.35 131.99 132.71 133.50 134.39 135.37 136.47 137.69 139.04 140.54 142.19 143.92 145.58 147.21 148.91 150.68 152.53 154.44 156.43 158.50 160.64 162.85 165.14 167.50 169.94 172.46 175.06 177.73 180.48 183.31 186.22 189.21 192.28 195.43 198.67 201.98 205.38 208.85 212.41 216.10 219.93 223.87 227.89 231.96 236.05 240.11 244.14 248.08 251.90 255.59 259.09 262.39 265.44
108.65 110.84 112.97 115.02 116.77 118.01 118.91 119.66 120.31 120.91 121.46 121.98 122.48 122.98 123.47 123.98 124.51 125.08 125.70 126.37 127.12 127.95 128.87 129.89 131.03 132.29 133.70 135.25 136.96 138.84 140.82 142.81 144.66 146.34 147.99 149.70 151.48 153.32 155.23 157.21 159.26 161.37 163.55 165.80 168.12 170.52 172.98 175.51 178.12 180.79 183.54 186.36 189.26 192.23 195.28 198.40 201.59 204.86 208.20 211.63 215.20 218.90 222.72 226.61 230.55 234.50 238.43 242.32 246.11 249.80 253.34 256.69 259.84
105.06 107.47 109.83 111.93 113.54 114.64 115.43 116.06 116.56 117.00 117.42 117.84 118.26 118.69 119.16 119.66 120.22 120.84 121.53 122.30 123.17 124.15 125.24 126.47 127.84 129.35 131.04 132.89 134.93 137.09 139.29 141.47 143.53 145.37 147.04 148.68 150.38 152.13 153.95 155.82 157.76 159.76 161.82 163.94 166.12 168.37 170.68 173.06 175.50 178.01 180.58 183.22 185.93 188.70 191.55 194.46 197.46 200.53 203.67 206.90 210.22 213.67 217.26 220.96 224.73 228.55 232.38 236.19 239.94 243.61 247.16 250.56 253.78
102.56 105.14 107.51 109.42 110.85 111.81 112.47 113.00 113.39 113.68 113.94 114.23 114.54 114.89 115.30 115.78 116.32 116.96 117.70 118.54 119.51 120.61 121.85 123.25 124.82 126.56 128.49 130.62 132.89 135.22 137.58 139.94 142.18 144.18 145.98 147.61 149.21 150.86 152.56 154.32 156.13 158.00 159.92 161.90 163.93 166.02 168.17 170.37 172.64 174.96 177.34 179.78 182.28 184.84 187.48 190.21 193.01 195.89 198.84 201.88 205.01 208.24 211.59 215.07 218.66 222.33 226.03 229.75 233.44 237.08 240.63 244.05 247.33
101.04 103.59 105.73 107.43 108.67 109.48 110.02 110.44 110.73 110.92 111.04 111.16 111.34 111.58 111.90 112.32 112.83 113.46 114.21 115.10 116.14 117.33 118.69 120.24 121.97 123.91 126.06 128.38 130.78 133.23 135.72 138.23 140.62 142.76 144.68 146.40 147.96 149.50 151.07 152.70 154.37 156.08 157.85 159.67 161.53 163.45 165.42 167.43 169.50 171.62 173.80 176.02 178.30 180.66 183.11 185.66 188.29 190.99 193.76 196.62 199.58 202.62 205.75 209.01 212.40 215.90 219.46 223.07 226.68 230.26 233.79 237.23 240.55
100.28 102.56 104.44 105.91 106.97 107.63 108.04 108.34 108.54 108.64 108.66 108.64 108.65 108.76 108.96 109.29 109.74 110.33 111.08 111.98 113.06 114.32 115.77 117.43 119.31 121.42 123.70 126.10 128.58 131.13 133.73 136.36 138.87 141.12 143.14 144.95 146.56 148.03 149.46 150.94 152.45 154.00 155.60 157.24 158.92 160.65 162.42 164.23 166.09 167.99 169.94 171.94 174.01 176.19 178.48 180.86 183.32 185.85 188.45 191.15 193.94 196.81 199.78 202.83 206.01 209.32 212.72 216.20 219.72 223.23 226.73 230.16 233.50
100.01 101.99 103.61 104.85 105.72 106.22 106.50 106.68 106.77 106.79 106.73 106.62 106.49 106.43 106.49 106.70 107.07 107.59 108.29 109.18 110.27 111.57 113.09 114.84 116.83 119.02 121.35 123.79 126.32 128.94 131.62 134.35 136.95 139.28 141.37 143.24 144.90 146.38 147.72 149.03 150.37 151.75 153.16 154.61 156.09 157.61 159.17 160.76 162.39 164.06 165.77 167.56 169.46 171.49 173.62 175.84 178.14 180.51 182.96 185.50 188.13 190.85 193.66 196.56 199.54 202.65 205.88 209.22 212.61 216.05 219.49 222.89 226.24
100.17 101.85 103.19 104.20 104.88 105.21 105.36 105.41 105.40 105.32 105.19 105.01 104.80 104.59 104.49 104.56 104.80 105.24 105.87 106.72 107.79 109.10 110.65 112.46 114.49 116.68 119.01 121.46 124.02 126.68 129.42 132.21 134.87 137.26 139.39 141.29 142.97 144.46 145.78 146.97 148.12 149.30 150.51 151.75 153.02 154.32 155.64 157.00 158.39 159.82 161.32 162.94 164.70 166.58 168.56 170.63 172.79 175.01 177.31 179.70 182.19 184.77 187.44 190.19 193.03 195.95 199.00 202.17 205.44 208.77 212.13 215.50 218.83
