data_processed/recharge/precip/Precip_2003_07.asc
ncols        168
nrows        136
xllcorner    455000
yllcorner    2107000
cellsize     500
NODATA_value     -99999
[rows 32 to 63 of 136, columns 0 to 70 of 168]
203.44 203.19 202.71 202.02 201.12 200.00 198.68 197.16 195.44 193.52 191.40 189.08 186.56 183.86 180.97 177.89 174.64 171.39 168.42 165.77 163.44 161.40 159.66 158.20 157.02 156.07 155.28 154.60 154.02 153.54 153.14 152.82 152.58 152.42 152.31 152.27 152.27 152.32 152.41 152.54 152.69 152.86 153.05 153.25 153.45 153.64 153.83 154.00 154.15 154.28 154.36 154.41 154.42 154.37 154.26 154.09 153.84 153.52 153.12 152.63 152.05 151.36 150.56 149.66 148.68 147.66 146.63 145.58 144.51 143.43 142.35
203.82 203.54 203.04 202.33 201.41 200.29 198.96 197.43 195.71 193.80 191.69 189.39 186.90 184.22 181.35 178.31 175.09 171.87 168.94 166.34 164.05 162.07 160.38 158.98 157.83 156.84 155.98 155.23 154.58 154.03 153.58 153.21 152.92 152.70 152.56 152.47 152.44 152.46 152.53 152.63 152.76 152.92 153.10 153.29 153.49 153.69 153.88 154.07 154.23 154.37 154.48 154.56 154.59 154.58 154.51 154.38 154.19 153.92 153.58 153.14 152.62 152.00 151.28 150.45 149.51 148.49 147.43 146.36 145.28 144.19 143.08
204.21 203.91 203.39 202.66 201.73 200.59 199.26 197.73 196.00 194.10 192.00 189.72 187.25 184.60 181.76 178.75 175.57 172.39 169.50 166.94 164.70 162.77 161.14 159.77 158.58 157.52 156.58 155.76 155.05 154.44 153.92 153.50 153.16 152.90 152.71 152.59 152.52 152.51 152.55 152.63 152.75 152.90 153.06 153.25 153.45 153.65 153.85 154.04 154.22 154.39 154.52 154.62 154.69 154.71 154.68 154.60 154.45 154.24 153.95 153.58 153.12 152.57 151.92 151.17 150.30 149.32 148.26 147.17 146.07 144.96 143.84
204.61 204.29 203.75 203.01 202.06 200.91 199.57 198.04 196.32 194.42 192.33 190.07 187.63 185.00 182.20 179.22 176.08 172.94 170.10 167.59 165.40 163.52 161.92 160.51 159.24 158.10 157.09 156.20 155.42 154.74 154.17 153.69 153.30 153.00 152.77 152.61 152.51 152.47 152.48 152.54 152.64 152.77 152.93 153.12 153.31 153.52 153.73 153.93 154.13 154.31 154.47 154.60 154.70 154.75 154.77 154.73 154.63 154.46 154.23 153.92 153.53 153.05 152.47 151.79 151.01 150.11 149.10 148.00 146.89 145.75 144.61
205.04 204.69 204.13 203.37 202.42 201.26 199.91 198.38 196.66 194.76 192.69 190.44 188.02 185.43 182.66 179.72 176.62 173.52 170.73 168.27 166.13 164.29 162.64 161.15 159.80 158.58 157.50 156.53 155.69 154.95 154.32 153.79 153.35 153.00 152.72 152.53 152.40 152.33 152.32 152.36 152.44 152.56 152.71 152.88 153.08 153.29 153.51 153.72 153.94 154.14 154.32 154.48 154.61 154.70 154.76 154.76 154.71 154.60 154.42 154.18 153.85 153.44 152.93 152.33 151.63 150.82 149.89 148.85 147.72 146.57 145.41
205.48 205.11 204.54 203.76 202.79 201.63 200.28 198.75 197.03 195.14 193.08 190.84 188.44 185.88 183.15 180.25 177.19 174.14 171.40 168.99 166.88 164.99 163.26 161.68 160.25 158.95 157.79 156.76 155.85 155.05 154.36 153.78 153.29 152.89 152.58 152.34 152.18 152.08 152.05 152.06 152.13 152.24 152.38 152.55 152.75 152.96 153.19 153.42 153.64 153.86 154.07 154.26 154.42 154.55 154.65 154.70 154.70 154.64 154.52 154.33 154.07 153.73 153.30 152.78 152.16 151.43 150.59 149.64 148.57 147.41 146.23
205.94 205.55 204.96 204.18 203.20 202.03 200.68 199.15 197.44 195.56 193.50 191.28 188.90 186.36 183.67 180.81 177.80 174.80 172.10 169.72 167.57 165.59 163.77 162.10 160.58 159.21 157.98 156.88 155.90 155.04 154.29 153.66 153.12 152.68 152.32 152.05 151.85 151.73 151.67 151.67 151.72 151.81 151.95 152.12 152.31 152.53 152.76 153.00 153.25 153.49 153.72 153.94 154.14 154.30 154.44 154.53 154.58 154.58 154.52 154.39 154.20 153.92 153.57 153.12 152.59 151.95 151.20 150.34 149.36 148.26 147.08
206.43 206.02 205.42 204.62 203.64 202.47 201.11 199.58 197.88 196.01 193.96 191.76 189.40 186.88 184.22 181.40 178.44 175.48 172.82 170.39 168.14 166.06 164.15 162.40 160.80 159.36 158.05 156.88 155.83 154.91 154.11 153.42 152.83 152.35 151.95 151.65 151.42 151.27 151.18 151.16 151.19 151.28 151.40 151.57 151.76 151.99 152.23 152.48 152.74 153.01 153.27 153.51 153.74 153.95 154.12 154.26 154.36 154.41 154.41 154.35 154.22 154.01 153.73 153.37 152.91 152.36 151.70 150.94 150.06 149.06 147.93
206.94 206.52 205.90 205.10 204.11 202.93 201.58 200.05 198.36 196.49 194.47 192.28 189.94 187.45 184.81 182.03 179.11 176.19 173.47 170.94 168.59 166.42 164.42 162.58 160.90 159.38 158.00 156.76 155.65 154.67 153.81 153.07 152.43 151.90 151.47 151.12 150.86 150.68 150.58 150.53 150.55 150.62 150.74 150.91 151.10 151.33 151.58 151.85 152.13 152.41 152.70 152.97 153.24 153.48 153.70 153.88 154.03 154.14 154.19 154.19 154.13 154.00 153.79 153.50 153.13 152.67 152.10 151.43 150.65 149.75 148.73
207.61 207.16 206.52 205.70 204.70 203.52 202.16 200.63 198.94 197.08 195.06 192.89 190.57 188.09 185.48 182.72 179.84 176.90 174.08 171.45 169.01 166.74 164.65 162.73 160.97 159.36 157.91 156.60 155.42 154.38 153.47 152.67 151.99 151.41 150.93 150.55 150.26 150.05 149.92 149.86 149.86 149.92 150.03 150.19 150.38 150.61 150.87 151.15 151.45 151.75 152.06 152.36 152.66 152.94 153.20 153.43 153.63 153.79 153.90 153.96 153.96 153.90 153.77 153.56 153.27 152.89 152.41 151.84 151.15 150.36 149.44
208.72 208.23 207.55 206.69 205.65 204.43 203.04 201.49 199.77 197.89 195.86 193.68 191.34 188.87 186.25 183.50 180.67 177.79 174.94 172.20 169.65 167.29 165.10 163.09 161.24 159.55 158.02 156.63 155.39 154.28 153.30 152.44 151.70 151.07 150.55 150.13 149.80 149.55 149.39 149.30 149.28 149.32 149.42 149.57 149.76 149.99 150.25 150.54 150.84 151.16 151.49 151.82 152.14 152.45 152.74 153.02 153.26 153.46 153.63 153.74 153.80 153.81 153.74 153.61 153.39 153.09 152.70 152.21 151.62 150.92 150.11
210.30 209.73 208.98 208.05 206.94 205.67 204.22 202.61 200.84 198.92 196.84 194.61 192.24 189.73 187.10 184.39 181.63 178.83 176.02 173.24 170.59 168.11 165.83 163.71 161.77 159.99 158.37 156.90 155.58 154.40 153.35 152.43 151.63 150.94 150.37 149.90 149.52 149.24 149.04 148.91 148.87 148.88 148.96 149.09 149.27 149.49 149.75 150.04 150.35 150.67 151.01 151.36 151.70 152.04 152.36 152.66 152.94 153.19 153.40 153.56 153.68 153.74 153.74 153.66 153.52 153.29 152.98 152.58 152.07 151.46 150.71
212.29 211.62 210.76 209.73 208.53 207.16 205.63 203.94 202.09 200.08 197.93 195.63 193.20 190.64 188.04 185.40 182.71 179.97 177.23 174.50 171.80 169.22 166.83 164.61 162.57 160.69 158.98 157.42 156.02 154.75 153.63 152.63 151.77 151.02 150.38 149.86 149.43 149.10 148.85 148.69 148.61 148.59 148.64 148.75 148.91 149.12 149.37 149.65 149.96 150.29 150.63 150.99 151.34 151.70 152.04 152.37 152.68 152.96 153.21 153.42 153.58 153.69 153.75 153.73 153.65 153.49 153.25 152.92 152.50 151.94 151.21
214.63 213.82 212.83 211.68 210.35 208.86 207.21 205.40 203.44 201.33 199.08 196.68 194.17 191.64 189.09 186.52 183.90 181.24 178.56 175.89 173.23 170.61 168.10 165.77 163.62 161.64 159.83 158.18 156.68 155.33 154.13 153.06 152.11 151.30 150.59 150.00 149.52 149.13 148.84 148.63 148.51 148.46 148.48 148.55 148.69 148.88 149.11 149.37 149.67 150.00 150.34 150.70 151.07 151.43 151.79 152.15 152.48 152.79 153.07 153.31 153.52 153.67 153.77 153.81 153.79 153.69 153.52 153.25 152.87 152.33 151.63
217.25 216.28 215.13 213.82 212.34 210.70 208.91 206.96 204.86 202.61 200.22 197.73 195.22 192.74 190.26 187.76 185.21 182.61 180.00 177.39 174.79 172.20 169.64 167.20 164.94 162.85 160.93 159.18 157.59 156.14 154.85 153.69 152.67 151.77 151.00 150.34 149.79 149.35 149.00 148.74 148.57 148.47 148.45 148.49 148.60 148.76 148.96 149.21 149.50 149.81 150.15 150.50 150.87 151.24 151.61 151.98 152.33 152.66 152.97 153.24 153.48 153.67 153.82 153.90 153.93 153.89 153.77 153.53 153.16 152.64 151.96
220.09 218.93 217.60 216.10 214.44 212.62 210.65 208.53 206.26 203.85 201.34 198.83 196.38 193.96 191.54 189.10 186.62 184.09 181.55 179.00 176.45 173.91 171.38 168.89 166.51 164.31 162.28 160.42 158.72 157.18 155.79 154.54 153.43 152.45 151.60 150.87 150.25 149.74 149.33 149.01 148.78 148.64 148.57 148.57 148.64 148.76 148.94 149.16 149.42 149.72 150.05 150.39 150.75 151.12 151.50 151.87 152.23 152.58 152.91 153.20 153.47 153.69 153.87 154.00 154.07 154.07 153.97 153.74 153.37 152.86 152.21
223.10 221.72 220.17 218.46 216.59 214.56 212.39 210.06 207.60 205.04 202.50 200.04 197.64 195.28 192.92 190.54 188.13 185.67 183.19 180.71 178.22 175.73 173.25 170.78 168.34 166.02 163.87 161.90 160.09 158.44 156.95 155.61 154.40 153.34 152.40 151.58 150.89 150.30 149.82 149.44 149.15 148.95 148.83 148.78 148.81 148.89 149.03 149.22 149.46 149.73 150.04 150.37 150.72 151.08 151.45 151.82 152.19 152.55 152.88 153.20 153.49 153.74 153.95 154.11 154.21 154.22 154.11 153.88 153.51 153.01 152.37
226.22 224.58 222.79 220.83 218.72 216.46 214.05 211.50 208.85 206.25 203.76 201.35 199.01 196.69 194.40 192.09 189.74 187.35 184.94 182.51 180.08 177.64 175.20 172.78 170.36 167.98 165.71 163.62 161.69 159.93 158.33 156.88 155.58 154.42 153.39 152.49 151.71 151.04 150.49 150.03 149.68 149.41 149.23 149.13 149.10 149.14 149.24 149.39 149.59 149.84 150.12 150.42 150.76 151.11 151.47 151.83 152.20 152.56 152.90 153.23 153.53 153.80 154.03 154.22 154.32 154.31 154.19 153.94 153.57 153.08 152.46
229.38 227.46 225.39 223.16 220.78 218.25 215.58 212.82 210.13 207.57 205.12 202.76 200.46 198.21 195.97 193.73 191.45 189.12 186.78 184.41 182.03 179.64 177.25 174.87 172.49 170.12 167.79 165.57 163.53 161.65 159.93 158.37 156.96 155.70 154.57 153.57 152.70 151.95 151.32 150.79 150.36 150.02 149.78 149.62 149.53 149.52 149.56 149.67 149.83 150.04 150.28 150.56 150.87 151.20 151.55 151.90 152.26 152.61 152.96 153.29 153.60 153.88 154.13 154.30 154.37 154.34 154.19 153.93 153.56 153.07 152.47
232.52 230.29 227.91 225.38 222.71 219.88 216.98 214.15 211.49 208.97 206.57 204.26 202.02 199.82 197.64 195.46 193.24 190.99 188.70 186.40 184.07 181.73 179.39 177.04 174.70 172.37 170.05 167.76 165.59 163.59 161.75 160.07 158.55 157.18 155.95 154.85 153.88 153.04 152.31 151.70 151.19 150.78 150.46 150.23 150.08 150.01 150.00 150.06 150.17 150.34 150.54 150.79 151.07 151.37 151.69 152.03 152.37 152.72 153.05 153.38 153.70 153.98 154.20 154.34 154.37 154.30 154.14 153.87 153.49 153.01 152.41
235.58 233.02 230.30 227.44 224.44 221.35 218.37 215.57 212.95 210.47 208.11 205.85 203.66 201.52 199.40 197.27 195.13 192.94 190.72 188.47 186.20 183.91 181.61 179.30 177.00 174.70 172.40 170.12 167.88 165.75 163.79 161.99 160.34 158.86 157.51 156.31 155.24 154.30 153.48 152.77 152.18 151.68 151.29 150.99 150.77 150.63 150.56 150.56 150.62 150.73 150.89 151.10 151.34 151.61 151.90 152.21 152.53 152.86 153.19 153.51 153.81 154.06 154.23 154.32 154.31 154.21 154.02 153.74 153.35 152.87 152.29
238.50 235.57 232.49 229.27 225.97 222.80 219.84 217.08 214.50 212.06 209.74 207.53 205.39 203.30 201.24 199.18 197.10 194.97 192.81 190.62 188.41 186.17 183.91 181.65 179.37 177.10 174.84 172.58 170.34 168.13 166.04 164.11 162.34 160.73 159.27 157.95 156.77 155.73 154.81 154.00 153.32 152.73 152.26 151.87 151.58 151.36 151.23 151.16 151.16 151.22 151.33 151.48 151.68 151.91 152.17 152.45 152.74 153.05 153.36 153.66 153.92 154.11 154.22 154.25 154.20 154.07 153.86 153.55 153.16 152.68 152.10
241.22 237.90 234.43 230.89 227.49 224.33 221.40 218.68 216.13 213.73 211.45 209.29 207.20 205.16 203.16 201.16 199.14 197.09 194.99 192.86 190.69 188.50 186.29 184.06 181.83 179.58 177.34 175.11 172.88 170.67 168.50 166.44 164.54 162.80 161.22 159.78 158.49 157.33 156.30 155.39 154.61 153.93 153.36 152.89 152.51 152.22 152.01 151.87 151.80 151.80 151.85 151.95 152.10 152.28 152.50 152.74 153.00 153.28 153.56 153.81 153.99 154.11 154.16 154.14 154.05 153.88 153.64 153.31 152.91 152.42 151.85
243.68 239.93 236.11 232.46 229.08 225.95 223.05 220.35 217.83 215.47 213.25 211.12 209.08 207.10 205.16 203.22 201.27 199.28 197.24 195.16 193.05 190.91 188.74 186.55 184.35 182.14 179.92 177.71 175.50 173.30 171.12 168.97 166.94 165.07 163.35 161.79 160.37 159.10 157.96 156.94 156.05 155.27 154.60 154.04 153.57 153.19 152.90 152.69 152.55 152.47 152.46 152.50 152.59 152.72 152.89 153.09 153.31 153.55 153.76 153.93 154.03 154.08 154.07 153.99 153.85 153.65 153.37 153.02 152.61 152.11 151.55
245.82 241.69 237.75 234.11 230.74 227.64 224.77 222.10 219.62 217.30 215.11 213.04 211.05 209.12 207.23 205.35 203.46 201.53 199.56 197.54 195.48 193.38 191.26 189.11 186.94 184.76 182.56 180.37 178.18 175.99 173.82 171.66 169.54 167.53 165.68 163.98 162.44 161.04 159.77 158.64 157.64 156.75 155.98 155.32 154.75 154.28 153.90 153.61 153.39 153.24 153.16 153.13 153.16 153.23 153.34 153.49 153.66 153.82 153.94 154.02 154.04 154.02 153.94 153.80 153.62 153.37 153.06 152.69 152.26 151.76 151.19
247.65 243.39 239.45 235.83 232.48 229.40 226.56 223.92 221.48 219.19 217.05 215.02 213.08 211.20 209.37 207.55 205.72 203.86 201.95 199.98 197.97 195.92 193.84 191.73 189.59 187.44 185.27 183.10 180.92 178.74 176.57 174.42 172.28 170.18 168.19 166.36 164.68 163.15 161.76 160.50 159.38 158.38 157.50 156.73 156.06 155.49 155.02 154.63 154.33 154.10 153.94 153.84 153.79 153.80 153.85 153.94 154.03 154.08 154.10 154.08 154.02 153.92 153.77 153.58 153.34 153.05 152.71 152.31 151.86 151.35 150.78
249.42 245.16 241.23 237.62 234.30 231.24 228.42 225.81 223.40 221.16 219.05 217.07 215.17 213.35 211.57 209.81 208.05 206.25 204.40 202.49 200.53 198.53 196.49 194.41 192.31 190.18 188.04 185.88 183.72 181.55 179.39 177.23 175.09 172.97 170.89 168.91 167.09 165.42 163.90 162.52 161.27 160.15 159.15 158.26 157.49 156.82 156.25 155.76 155.37 155.05 154.80 154.62 154.50 154.44 154.42 154.41 154.38 154.33 154.24 154.13 153.98 153.80 153.58 153.33 153.04 152.70 152.32 151.89 151.42 150.90 150.33
251.24 246.99 243.07 239.48 236.17 233.14 230.34 227.77 225.39 223.18 221.12 219.18 217.33 215.56 213.84 212.14 210.44 208.70 206.91 205.05 203.14 201.19 199.19 197.15 195.08 192.98 190.86 188.72 186.57 184.41 182.26 180.10 177.96 175.83 173.72 171.64 169.68 167.87 166.20 164.69 163.31 162.06 160.93 159.93 159.04 158.26 157.58 156.99 156.50 156.09 155.75 155.48 155.28 155.14 155.01 154.88 154.73 154.56 154.37 154.15 153.92 153.66 153.37 153.05 152.70 152.32 151.90 151.44 150.94 150.41 149.83
253.13 248.88 244.98 241.40 238.11 235.10 232.33 229.79 227.44 225.27 223.25 221.35 219.55 217.83 216.16 214.52 212.88 211.21 209.47 207.67 205.81 203.90 201.94 199.94 197.90 195.83 193.73 191.61 189.47 187.32 185.17 183.02 180.87 178.73 176.60 174.50 172.44 170.48 168.67 167.01 165.49 164.11 162.86 161.73 160.72 159.82 159.02 158.33 157.73 157.21 156.78 156.42 156.13 155.87 155.61 155.34 155.06 154.78 154.48 154.17 153.84 153.49 153.13 152.75 152.34 151.90 151.44 150.95 150.43 149.88 149.29
255.08 250.84 246.95 243.38 240.11 237.12 234.38 231.86 229.55 227.41 225.43 223.57 221.82 220.15 218.54 216.95 215.38 213.77 212.09 210.34 208.53 206.66 204.74 202.78 200.77 198.72 196.65 194.54 192.42 190.28 188.13 185.98 183.82 181.67 179.53 177.41 175.31 173.25 171.29 169.48 167.82 166.30 164.91 163.65 162.51 161.49 160.57 159.76 159.05 158.43 157.89 157.43 157.01 156.60 156.20 155.80 155.39 154.99 154.58 154.17 153.75 153.32 152.88 152.42 151.95 151.47 150.96 150.44 149.89 149.32 148.72
257.09 252.85 248.97 245.42 242.17 239.20 236.48 233.99 231.71 229.61 227.66 225.85 224.15 222.52 220.96 219.44 217.92 216.37 214.75 213.06 211.30 209.47 207.59 205.66 203.68 201.66 199.61 197.52 195.41 193.28 191.13 188.98 186.82 184.66 182.50 180.36 178.24 176.13 174.07 172.11 170.30 168.63 167.10 165.70 164.43 163.27 162.23 161.30 160.47 159.74 159.09 158.49 157.91 157.35 156.79 156.25 155.72 155.20 154.68 154.16 153.64 153.13 152.61 152.08 151.55 151.01 150.46 149.90 149.32 148.73 148.12
259.15 254.92 251.05 247.51 244.27 241.32 238.63 236.17 233.92 231.85 229.94 228.17 226.51 224.94 223.43 221.96 220.51 219.02 217.46 215.82 214.10 212.32 210.48 208.59 206.64 204.64 202.61 200.54 198.44 196.32 194.17 192.01 189.85 187.68 185.51 183.35 181.20 179.06 176.95 174.88 172.92 171.10 169.42 167.87 166.46 165.17 164.00 162.94 161.98 161.12 160.33 159.56 158.82 158.10 157.40 156.72 156.05 155.41 154.77 154.15 153.53 152.93 152.33 151.73 151.13 150.54 149.94 149.33 148.73 148.11 147.48
