data_processed/recharge/precip/Precip_2011_06.asc
ncols        168
nrows        136
xllcorner    455000
yllcorner    2107000
cellsize     500
NODATA_value     -99999
[rows 32 to 63 of 136, columns 72 to 143 of 168]
152.36 153.71 154.94 156.04 157.00 157.84 158.55 159.13 159.57 159.85 159.96 159.89 159.63 159.17 158.48 157.57 156.41 155.00 153.32 151.37 149.12 146.56 143.69 140.41 136.67 132.48 128.14 124.88 123.12 122.71 123.26 124.24 125.53 127.08 128.85 130.79 132.86 135.02 137.21 139.39 141.53 143.57 145.48 147.19 148.69 149.91 150.81 151.37 151.81 152.59 153.87 155.71 157.85 160.08 162.41 164.86 167.52 170.39 173.46 176.70 180.08 183.59 187.18 190.84 194.55 198.27 201.99 205.67 209.30 212.84 216.27 219.57
148.59 150.08 151.45 152.70 153.81 154.77 155.60 156.30 156.86 157.26 157.50 157.57 157.44 157.11 156.57 155.80 154.79 153.53 152.01 150.21 148.13 145.73 142.95 139.71 136.04 131.94 127.70 124.51 122.74 122.29 123.04 124.58 126.43 128.46 130.61 132.86 135.15 137.44 139.68 141.84 143.85 145.69 147.31 148.66 149.69 150.37 150.66 150.78 151.16 151.96 153.24 155.05 157.15 159.34 161.62 163.99 166.47 169.16 172.07 175.16 178.42 181.81 185.33 188.93 192.60 196.30 200.02 203.73 207.40 211.01 214.54 217.95
145.41 147.02 148.51 149.89 151.14 152.25 153.20 154.01 154.68 155.20 155.55 155.74 155.73 155.53 155.12 154.49 153.62 152.50 151.12 149.47 147.53 145.21 142.45 139.26 135.65 131.65 127.52 124.40 122.63 122.13 122.78 124.45 126.76 129.25 131.79 134.33 136.83 139.24 141.52 143.63 145.52 147.15 148.46 149.43 149.99 150.13 150.04 150.13 150.55 151.37 152.66 154.44 156.50 158.65 160.89 163.20 165.60 168.12 170.83 173.75 176.86 180.13 183.54 187.06 190.66 194.33 198.03 201.73 205.43 209.08 212.67 216.16
142.77 144.48 146.09 147.59 148.97 150.21 151.30 152.23 153.00 153.62 154.08 154.38 154.49 154.40 154.11 153.60 152.86 151.87 150.63 149.11 147.23 144.91 142.17 139.03 135.50 131.59 127.58 124.53 122.78 122.23 122.76 124.27 126.65 129.51 132.41 135.23 137.93 140.45 142.77 144.82 146.56 147.96 148.97 149.54 149.64 149.45 149.36 149.52 149.99 150.84 152.12 153.87 155.89 158.00 160.20 162.47 164.82 167.24 169.78 172.51 175.45 178.57 181.85 185.26 188.77 192.37 196.02 199.71 203.40 207.08 210.70 214.24
140.65 142.46 144.16 145.77 147.27 148.63 149.85 150.90 151.78 152.50 153.06 153.45 153.66 153.68 153.50 153.11 152.48 151.62 150.49 149.01 147.11 144.79 142.08 138.99 135.54 131.75 127.85 124.89 123.16 122.56 122.98 124.33 126.49 129.33 132.52 135.61 138.49 141.12 143.44 145.43 147.02 148.18 148.87 149.04 148.87 148.72 148.73 148.96 149.48 150.35 151.63 153.35 155.34 157.41 159.56 161.79 164.09 166.46 168.91 171.46 174.20 177.14 180.27 183.54 186.95 190.46 194.04 197.68 201.35 205.01 208.64 212.20
139.02 140.90 142.70 144.40 145.99 147.46 148.79 149.97 150.97 151.79 152.44 152.92 153.23 153.35 153.26 152.97 152.45 151.68 150.58 149.07 147.14 144.84 142.16 139.13 135.76 132.09 128.32 125.45 123.74 123.10 123.43 124.61 126.54 129.11 132.21 135.49 138.54 141.26 143.59 145.49 146.92 147.84 148.20 148.16 148.06 148.03 148.14 148.45 149.02 149.91 151.18 152.88 154.83 156.86 158.97 161.15 163.40 165.73 168.12 170.58 173.14 175.88 178.83 181.95 185.22 188.61 192.11 195.67 199.29 202.91 206.51 210.07
137.84 139.79 141.66 143.44 145.12 146.69 148.12 149.40 150.52 151.45 152.20 152.76 153.15 153.35 153.36 153.16 152.72 151.96 150.80 149.25 147.31 145.02 142.38 139.41 136.15 132.59 128.96 126.18 124.51 123.84 124.07 125.09 126.80 129.09 131.85 134.98 138.13 140.92 143.24 145.05 146.31 146.97 147.18 147.24 147.28 147.38 147.59 147.98 148.59 149.51 150.78 152.46 154.36 156.35 158.42 160.56 162.77 165.04 167.38 169.79 172.25 174.81 177.56 180.50 183.61 186.86 190.24 193.71 197.23 200.78 204.33 207.86
137.08 139.08 141.02 142.87 144.62 146.27 147.79 149.16 150.38 151.42 152.28 152.93 153.39 153.67 153.75 153.62 153.18 152.34 151.12 149.53 147.59 145.31 142.72 139.83 136.66 133.23 129.75 127.07 125.44 124.74 124.88 125.75 127.24 129.26 131.68 134.42 137.34 140.13 142.44 144.14 145.22 145.78 146.12 146.36 146.56 146.78 147.09 147.55 148.22 149.16 150.43 152.08 153.95 155.90 157.92 160.02 162.18 164.41 166.70 169.05 171.46 173.92 176.48 179.21 182.14 185.24 188.47 191.80 195.20 198.66 202.14 205.62
136.72 138.76 140.74 142.65 144.46 146.18 147.77 149.22 150.53 151.66 152.62 153.37 153.92 154.26 154.41 154.25 153.71 152.79 151.51 149.89 147.94 145.69 143.15 140.35 137.29 133.99 130.66 128.09 126.50 125.79 125.85 126.57 127.85 129.60 131.69 134.02 136.50 138.99 141.21 142.81 143.84 144.57 145.11 145.52 145.87 146.22 146.64 147.17 147.89 148.85 150.12 151.75 153.58 155.49 157.47 159.52 161.64 163.82 166.06 168.36 170.71 173.12 175.58 178.12 180.84 183.75 186.80 189.96 193.23 196.57 199.95 203.37
136.72 138.78 140.80 142.75 144.61 146.38 148.03 149.56 150.93 152.15 153.19 154.04 154.68 155.09 155.19 154.92 154.27 153.28 151.95 150.30 148.36 146.15 143.67 140.95 138.00 134.85 131.68 129.22 127.68 126.96 126.94 127.52 128.61 130.08 131.84 133.79 135.81 137.80 139.65 141.21 142.44 143.39 144.14 144.73 145.23 145.71 146.22 146.83 147.60 148.59 149.86 151.46 153.26 155.13 157.07 159.08 161.15 163.28 165.47 167.72 170.02 172.37 174.76 177.21 179.73 182.41 185.25 188.23 191.33 194.53 197.80 201.13
137.04 139.12 141.16 143.14 145.04 146.85 148.55 150.13 151.56 152.85 153.96 154.89 155.61 156.00 155.99 155.59 154.85 153.78 152.41 150.75 148.82 146.64 144.23 141.60 138.78 135.78 132.77 130.43 128.95 128.22 128.14 128.59 129.48 130.69 132.13 133.69 135.26 136.75 138.16 139.65 141.08 142.26 143.21 143.98 144.64 145.24 145.86 146.54 147.36 148.37 149.65 151.22 152.98 154.81 156.71 158.68 160.70 162.79 164.93 167.12 169.37 171.66 174.00 176.38 178.78 181.25 183.85 186.63 189.54 192.58 195.72 198.93
137.67 139.75 141.80 143.79 145.71 147.55 149.28 150.90 152.39 153.73 154.90 155.88 156.56 156.85 156.73 156.24 155.41 154.28 152.87 151.21 149.30 147.16 144.82 142.30 139.60 136.75 133.91 131.70 130.29 129.56 129.41 129.74 130.44 131.41 132.53 133.71 134.84 135.94 137.11 138.40 139.81 141.17 142.32 143.27 144.08 144.82 145.53 146.29 147.16 148.20 149.47 151.02 152.75 154.54 156.40 158.32 160.31 162.34 164.44 166.58 168.77 171.01 173.29 175.59 177.91 180.24 182.64 185.18 187.89 190.74 193.72 196.80
138.56 140.63 142.67 144.67 146.60 148.45 150.21 151.85 153.37 154.75 155.96 156.89 157.43 157.59 157.39 156.83 155.94 154.75 153.32 151.65 149.76 147.68 145.42 143.00 140.44 137.75 135.09 133.02 131.67 130.95 130.75 130.96 131.48 132.20 133.01 133.82 134.62 135.50 136.49 137.60 138.83 140.17 141.48 142.61 143.57 144.43 145.25 146.09 147.01 148.08 149.35 150.87 152.56 154.32 156.14 158.02 159.95 161.95 163.99 166.08 168.22 170.40 172.60 174.82 177.06 179.31 181.58 183.91 186.39 189.04 191.84 194.76
139.69 141.73 143.76 145.74 147.67 149.52 151.29 152.95 154.49 155.88 157.01 157.78 158.17 158.22 157.92 157.31 156.38 155.17 153.72 152.05 150.20 148.18 146.00 143.70 141.27 138.76 136.27 134.34 133.08 132.37 132.12 132.22 132.56 133.04 133.56 134.09 134.70 135.42 136.25 137.20 138.26 139.44 140.72 141.99 143.11 144.09 145.01 145.93 146.90 148.00 149.27 150.77 152.42 154.14 155.92 157.76 159.65 161.60 163.59 165.63 167.72 169.82 171.94 174.08 176.24 178.41 180.60 182.81 185.08 187.51 190.10 192.84
141.03 143.03 145.03 146.99 148.89 150.74 152.50 154.16 155.70 156.99 157.93 158.51 158.77 158.70 158.32 157.65 156.70 155.50 154.05 152.39 150.58 148.62 146.54 144.36 142.08 139.74 137.45 135.66 134.48 133.80 133.51 133.50 133.67 133.92 134.21 134.58 135.06 135.65 136.34 137.14 138.05 139.07 140.21 141.44 142.68 143.80 144.82 145.81 146.84 147.96 149.23 150.71 152.33 154.01 155.75 157.55 159.39 161.29 163.24 165.23 167.24 169.27 171.31 173.37 175.45 177.55 179.66 181.79 183.95 186.16 188.53 191.06
142.54 144.49 146.44 148.36 150.24 152.06 153.80 155.44 156.85 157.92 158.66 159.08 159.19 159.01 158.56 157.84 156.87 155.68 154.26 152.65 150.88 149.00 147.02 144.96 142.84 140.68 138.58 136.95 135.87 135.21 134.88 134.77 134.79 134.86 135.02 135.29 135.65 136.12 136.69 137.36 138.14 139.03 140.02 141.12 142.33 143.54 144.67 145.74 146.82 147.96 149.24 150.70 152.28 153.92 155.62 157.38 159.18 161.04 162.93 164.85 166.79 168.74 170.71 172.69 174.70 176.72 178.76 180.82 182.89 184.99 187.15 189.46
144.20 146.08 147.97 149.84 151.68 153.46 155.15 156.64 157.81 158.66 159.20 159.45 159.43 159.14 158.61 157.85 156.87 155.69 154.32 152.78 151.09 149.28 147.41 145.48 143.52 141.55 139.66 138.19 137.20 136.58 136.22 136.02 135.91 135.89 135.97 136.14 136.41 136.77 137.24 137.80 138.47 139.24 140.11 141.09 142.18 143.36 144.56 145.71 146.84 148.02 149.29 150.73 152.27 153.88 155.54 157.26 159.02 160.82 162.65 164.50 166.36 168.23 170.13 172.04 173.98 175.92 177.89 179.88 181.88 183.91 185.95 188.06
145.96 147.76 149.59 151.40 153.17 154.89 156.41 157.64 158.55 159.18 159.53 159.62 159.46 159.07 158.47 157.66 156.67 155.51 154.19 152.73 151.14 149.45 147.69 145.90 144.11 142.33 140.65 139.35 138.46 137.88 137.50 137.24 137.06 136.98 136.98 137.08 137.27 137.56 137.94 138.41 138.99 139.66 140.43 141.30 142.27 143.35 144.52 145.73 146.91 148.11 149.39 150.80 152.31 153.89 155.51 157.18 158.90 160.64 162.39 164.16 165.95 167.76 169.58 171.43 173.29 175.17 177.07 178.98 180.92 182.87 184.85 186.84
147.81 149.52 151.26 152.99 154.68 156.20 157.44 158.38 159.05 159.45 159.61 159.54 159.26 158.77 158.10 157.26 156.26 155.12 153.85 152.48 151.00 149.45 147.83 146.20 144.58 143.00 141.53 140.41 139.64 139.10 138.71 138.41 138.19 138.06 138.01 138.06 138.19 138.41 138.73 139.13 139.63 140.22 140.91 141.69 142.57 143.55 144.63 145.80 147.02 148.25 149.53 150.92 152.40 153.94 155.52 157.15 158.80 160.47 162.15 163.86 165.58 167.31 169.07 170.84 172.64 174.45 176.28 178.13 180.00 181.89 183.79 185.72
149.71 151.31 152.96 154.58 156.06 157.26 158.19 158.85 159.27 159.47 159.44 159.22 158.81 158.23 157.49 156.62 155.61 154.50 153.29 152.00 150.65 149.24 147.80 146.34 144.90 143.53 142.29 141.35 140.69 140.20 139.80 139.48 139.24 139.08 139.00 139.01 139.10 139.28 139.55 139.90 140.34 140.87 141.50 142.21 143.02 143.92 144.91 146.00 147.19 148.43 149.71 151.08 152.53 154.03 155.57 157.14 158.72 160.32 161.94 163.57 165.23 166.90 168.59 170.30 172.02 173.77 175.53 177.32 179.12 180.95 182.79 184.65
151.62 153.11 154.63 156.02 157.14 158.01 158.64 159.04 159.22 159.20 158.99 158.62 158.09 157.42 156.62 155.71 154.71 153.63 152.48 151.29 150.05 148.80 147.54 146.29 145.06 143.91 142.90 142.14 141.58 141.10 140.71 140.39 140.14 139.98 139.89 139.88 139.95 140.10 140.34 140.66 141.06 141.55 142.13 142.79 143.54 144.39 145.32 146.34 147.46 148.66 149.94 151.29 152.70 154.16 155.65 157.15 158.66 160.20 161.75 163.32 164.91 166.52 168.14 169.79 171.45 173.13 174.83 176.55 178.30 180.06 181.84 183.64
153.52 154.87 156.12 157.14 157.91 158.45 158.78 158.91 158.85 158.62 158.24 157.72 157.07 156.32 155.47 154.53 153.54 152.49 151.41 150.31 149.20 148.10 147.02 145.99 145.01 144.10 143.32 142.72 142.20 141.76 141.38 141.08 140.85 140.70 140.61 140.61 140.68 140.82 141.05 141.35 141.74 142.20 142.75 143.38 144.10 144.90 145.79 146.76 147.82 148.98 150.22 151.54 152.92 154.32 155.74 157.17 158.63 160.10 161.59 163.10 164.62 166.17 167.73 169.31 170.91 172.53 174.17 175.84 177.52 179.22 180.94 182.68
155.28 156.46 157.33 157.96 158.38 158.60 158.63 158.49 158.20 157.77 157.22 156.55 155.79 154.96 154.05 153.10 152.11 151.10 150.09 149.08 148.11 147.17 146.28 145.47 144.74 144.10 143.52 142.99 142.53 142.13 141.80 141.53 141.34 141.21 141.15 141.17 141.25 141.41 141.64 141.95 142.34 142.80 143.34 143.95 144.65 145.43 146.29 147.24 148.27 149.38 150.58 151.81 153.10 154.44 155.80 157.17 158.57 159.98 161.41 162.86 164.33 165.81 167.32 168.85 170.39 171.95 173.54 175.14 176.77 178.41 180.08 181.77
156.66 157.88 158.50 158.76 158.82 158.72 158.46 158.06 157.54 156.90 156.18 155.37 154.50 153.58 152.63 151.65 150.67 149.70 148.76 147.86 147.01 146.23 145.54 144.94 144.46 144.03 143.55 143.08 142.69 142.35 142.08 141.87 141.73 141.65 141.63 141.68 141.80 141.99 142.25 142.58 142.98 143.46 144.01 144.63 145.33 146.11 146.96 147.89 148.91 150.00 151.09 151.98 152.98 154.23 155.55 156.88 158.23 159.60 160.99 162.40 163.82 165.27 166.73 168.22 169.72 171.25 172.79 174.35 175.94 177.55 179.17 180.82
157.60 158.93 159.61 159.64 159.36 158.93 158.38 157.72 156.96 156.13 155.23 154.28 153.30 152.30 151.30 150.30 149.34 148.41 147.53 146.73 146.01 145.40 144.90 144.52 144.22 143.87 143.45 143.05 142.73 142.47 142.28 142.14 142.07 142.05 142.10 142.21 142.38 142.62 142.92 143.29 143.73 144.24 144.81 145.46 146.18 146.97 147.83 148.77 149.79 150.80 151.58 152.06 152.65 153.63 154.88 156.20 157.53 158.88 160.24 161.63 163.04 164.46 165.91 167.37 168.86 170.36 171.89 173.44 175.00 176.59 178.20 179.83
158.14 159.56 160.35 160.45 159.97 159.23 158.39 157.47 156.48 155.44 154.38 153.29 152.20 151.12 150.06 149.05 148.09 147.20 146.40 145.70 145.11 144.66 144.35 144.13 143.90 143.61 143.24 142.90 142.64 142.46 142.36 142.32 142.33 142.40 142.52 142.71 142.95 143.26 143.62 144.05 144.54 145.10 145.72 146.41 147.17 147.99 148.88 149.85 150.80 151.54 151.95 152.06 152.27 152.87 153.87 155.14 156.47 157.82 159.19 160.58 161.99 163.42 164.87 166.34 167.82 169.33 170.86 172.41 173.99 175.58 177.19 178.83
158.32 159.81 160.70 160.92 160.52 159.60 158.48 157.29 156.08 154.84 153.60 152.37 151.17 150.01 148.91 147.88 146.93 146.08 145.35 144.75 144.30 144.00 143.83 143.67 143.49 143.25 142.94 142.65 142.44 142.31 142.30 142.36 142.48 142.65 142.87 143.15 143.49 143.87 144.32 144.83 145.39 146.02 146.70 147.45 148.26 149.14 150.08 151.01 151.72 152.12 152.20 151.98 151.85 152.10 152.74 153.79 155.11 156.48 157.87 159.29 160.72 162.17 163.64 165.14 166.65 168.19 169.74 171.32 172.92 174.54 176.18 177.84
158.16 159.70 160.67 161.00 160.73 159.91 158.63 157.19 155.75 154.31 152.90 151.53 150.22 148.98 147.83 146.78 145.84 145.04 144.38 143.89 143.56 143.38 143.25 143.13 142.99 142.80 142.54 142.31 142.14 142.07 142.10 142.25 142.49 142.78 143.12 143.51 143.95 144.44 144.99 145.59 146.24 146.96 147.72 148.55 149.43 150.38 151.31 152.04 152.46 152.56 152.35 151.83 151.40 151.34 151.66 152.38 153.49 154.87 156.31 157.77 159.25 160.74 162.26 163.81 165.37 166.95 168.55 170.18 171.82 173.49 175.19 176.89
157.71 159.28 160.30 160.72 160.57 159.89 158.71 157.15 155.48 153.84 152.27 150.76 149.34 148.02 146.82 145.75 144.83 144.07 143.48 143.08 142.85 142.71 142.61 142.52 142.42 142.27 142.06 141.87 141.76 141.72 141.80 142.00 142.33 142.75 143.23 143.75 144.31 144.93 145.59 146.31 147.07 147.89 148.75 149.68 150.65 151.62 152.38 152.85 153.01 152.86 152.39 151.63 150.93 150.60 150.63 151.05 151.86 153.06 154.53 156.05 157.60 159.17 160.76 162.37 164.00 165.65 167.33 169.02 170.74 172.48 174.23 175.97
157.01 158.58 159.64 160.12 160.06 159.50 158.48 157.03 155.26 153.43 151.69 150.04 148.51 147.12 145.87 144.78 143.87 143.15 142.64 142.31 142.10 141.98 141.90 141.84 141.78 141.67 141.51 141.37 141.29 141.30 141.42 141.65 142.03 142.55 143.17 143.84 144.55 145.30 146.10 146.95 147.84 148.78 149.76 150.80 151.82 152.65 153.19 153.44 153.38 153.02 152.34 151.36 150.45 149.88 149.67 149.82 150.36 151.28 152.60 154.18 155.82 157.47 159.15 160.86 162.58 164.32 166.09 167.88 169.69 171.51 173.31 175.05
156.07 157.63 158.70 159.23 159.24 158.79 157.90 156.61 154.97 153.06 151.15 149.37 147.74 146.26 144.97 143.86 142.96 142.29 141.82 141.50 141.31 141.20 141.14 141.11 141.08 141.01 140.89 140.79 140.76 140.81 140.96 141.23 141.63 142.19 142.92 143.75 144.62 145.53 146.48 147.48 148.52 149.60 150.72 151.83 152.74 153.39 153.75 153.82 153.59 153.05 152.19 151.05 149.96 149.19 148.77 148.71 149.01 149.69 150.75 152.21 153.92 155.69 157.48 159.29 161.13 162.99 164.87 166.77 168.69 170.57 172.38 174.13
154.95 156.47 157.54 158.09 158.16 157.78 157.00 155.86 154.39 152.62 150.66 148.74 147.00 145.45 144.11 142.99 142.10 141.45 140.98 140.67 140.48 140.38 140.34 140.33 140.33 140.29 140.21 140.16 140.16 140.25 140.43 140.73 141.17 141.75 142.51 143.45 144.50 145.59 146.71 147.87 149.07 150.31 151.53 152.57 153.34 153.84 154.06 153.99 153.63 152.95 151.97 150.69 149.46 148.55 147.96 147.72 147.82 148.29 149.13 150.36 151.97 153.84 155.76 157.71 159.69 161.68 163.70 165.72 167.71 169.62 171.45 173.20
