data_processed/recharge/precip/Precip_1986_04.asc
ncols        168
nrows        136
xllcorner    455000
yllcorner    2107000
cellsize     500
NODATA_value     -99999
[rows 0 to 33 of 136, columns 0 to 76 of 168]
78.21 83.26 88.44 93.64 98.80 103.82 108.61 113.09 117.17 120.77 123.80 126.17 127.79 128.58 128.51 127.77 126.57 124.93 122.91 120.71 118.39 116.00 113.72 111.77 110.14 108.85 107.86 107.18 106.79 106.67 106.83 107.25 107.91 108.82 109.94 111.29 112.83 114.58 116.57 118.81 121.23 123.52 124.63 124.26 122.50 119.72 116.40 112.70 108.68 104.40 99.93 95.32 90.65 85.98 81.37 76.89 72.59 68.55 64.83 61.50 58.62 56.43 55.16 54.83 55.36 56.22 57.13 58.07 58.97 59.77 60.44 60.99 61.44 61.77 62.01 62.16 62.22
79.61 84.78 90.01 95.23 100.34 105.25 109.89 114.17 117.99 121.28 123.94 125.89 127.04 127.36 127.03 126.26 125.06 123.43 121.44 119.27 116.99 114.62 112.21 109.95 108.04 106.51 105.33 104.51 104.03 103.87 104.03 104.50 105.27 106.32 107.64 109.23 111.08 113.24 115.72 118.47 121.39 124.20 125.86 126.06 124.86 122.39 118.98 115.09 110.88 106.40 101.71 96.88 91.98 87.07 82.22 77.47 72.92 68.60 64.60 60.98 58.00 55.89 54.68 54.37 54.90 55.73 56.62 57.54 58.47 59.35 60.11 60.74 61.24 61.62 61.89 62.05 62.11
80.77 85.97 91.21 96.38 101.39 106.15 110.58 114.60 118.11 121.03 123.27 124.75 125.42 125.47 125.09 124.29 123.09 121.47 119.51 117.36 115.11 112.78 110.39 107.99 105.77 103.94 102.52 101.49 100.86 100.60 100.71 101.17 101.97 103.11 104.58 106.36 108.52 111.09 113.99 117.15 120.51 123.75 125.87 126.55 125.87 123.91 120.77 116.77 112.37 107.68 102.79 97.74 92.62 87.47 82.37 77.37 72.55 67.96 63.69 60.00 57.13 55.12 53.98 53.71 54.22 55.04 55.91 56.82 57.74 58.65 59.49 60.20 60.77 61.20 61.50 61.69 61.75
81.96 86.89 92.06 97.12 101.98 106.54 110.71 114.41 117.55 120.05 121.82 122.81 123.21 123.19 122.76 121.94 120.72 119.11 117.16 115.04 112.82 110.51 108.16 105.77 103.40 101.25 99.52 98.24 97.39 96.97 96.97 97.36 98.15 99.32 100.87 102.87 105.35 108.24 111.48 114.98 118.68 122.28 124.77 125.86 125.61 124.11 121.43 117.66 113.13 108.25 103.15 97.89 92.53 87.15 81.80 76.56 71.47 66.63 62.31 58.77 56.05 54.15 53.09 52.85 53.36 54.16 55.02 55.92 56.82 57.72 58.59 59.38 60.02 60.52 60.87 61.08 61.16
83.42 87.81 92.61 97.50 102.14 106.44 110.30 113.63 116.35 118.37 119.66 120.36 120.66 120.57 120.10 119.25 118.01 116.40 114.47 112.36 110.16 107.88 105.55 103.20 100.85 98.54 96.48 94.88 93.76 93.12 92.94 93.21 93.92 95.07 96.74 98.97 101.69 104.83 108.32 112.08 116.04 119.91 122.69 124.10 124.19 123.07 120.78 117.43 113.09 108.08 102.77 97.29 91.72 86.10 80.51 75.01 69.69 64.82 60.69 57.34 54.78 53.00 52.01 51.80 52.31 53.11 53.96 54.85 55.75 56.64 57.51 58.32 59.04 59.60 60.01 60.26 60.37
85.13 88.96 93.13 97.55 101.91 105.89 109.37 112.28 114.53 116.07 117.05 117.64 117.85 117.69 117.17 116.27 115.02 113.40 111.47 109.38 107.20 104.94 102.63 100.30 97.98 95.68 93.46 91.52 90.07 89.15 88.74 88.82 89.41 90.59 92.39 94.77 97.65 100.95 104.61 108.54 112.69 116.74 119.74 121.38 121.74 120.90 118.94 115.93 111.95 107.08 101.63 95.94 90.14 84.30 78.47 72.74 67.41 62.78 58.89 55.74 53.34 51.68 50.77 50.60 51.11 51.90 52.74 53.62 54.52 55.41 56.28 57.09 57.84 58.47 58.94 59.25 59.39
87.07 90.33 93.84 97.53 101.32 104.91 107.97 110.40 112.16 113.38 114.23 114.71 114.83 114.60 114.01 113.08 111.80 110.17 108.24 106.16 103.99 101.74 99.45 97.14 94.84 92.57 90.36 88.25 86.45 85.19 84.48 84.34 84.85 86.07 87.95 90.40 93.35 96.73 100.48 104.50 108.74 112.90 116.02 117.81 118.36 117.73 116.00 113.25 109.56 105.00 99.66 93.82 87.80 81.72 75.68 69.98 64.92 60.57 56.92 53.98 51.73 50.20 49.37 49.24 49.76 50.54 51.39 52.27 53.16 54.05 54.92 55.74 56.50 57.16 57.69 58.05 58.24
89.18 91.88 94.73 97.67 100.64 103.55 106.11 108.05 109.48 110.55 111.26 111.63 111.66 111.35 110.70 109.72 108.41 106.76 104.83 102.75 100.58 98.35 96.07 93.78 91.49 89.24 87.05 84.95 82.98 81.35 80.31 80.00 80.47 81.67 83.52 85.96 88.90 92.29 96.03 100.07 104.32 108.50 111.66 113.53 114.17 113.66 112.09 109.52 106.04 101.71 96.62 90.85 84.67 78.39 72.39 67.00 62.27 58.21 54.80 52.06 49.99 48.58 47.84 47.76 48.29 49.06 49.91 50.79 51.69 52.58 53.46 54.28 55.05 55.72 56.29 56.70 56.94
91.41 93.56 95.76 97.94 100.06 102.06 103.89 105.47 106.72 107.64 108.22 108.47 108.40 108.01 107.29 106.25 104.90 103.24 101.30 99.22 97.05 94.81 92.54 90.26 87.99 85.75 83.58 81.50 79.53 77.74 76.47 76.02 76.38 77.48 79.23 81.57 84.43 87.73 91.39 95.35 99.53 103.65 106.77 108.63 109.28 108.82 107.32 104.85 101.49 97.31 92.40 86.82 80.71 74.54 68.90 63.88 59.48 55.71 52.55 50.02 48.12 46.84 46.18 46.15 46.69 47.47 48.32 49.21 50.11 51.02 51.90 52.74 53.51 54.20 54.78 55.23 55.53
93.72 95.33 96.88 98.32 99.59 100.68 101.74 102.89 103.94 104.71 105.15 105.28 105.11 104.62 103.83 102.73 101.34 99.65 97.69 95.60 93.43 91.19 88.92 86.64 84.38 82.16 80.00 77.94 76.01 74.37 73.16 72.55 72.71 73.62 75.19 77.35 80.04 83.17 86.67 90.47 94.50 98.47 101.47 103.23 103.82 103.32 101.80 99.34 96.02 91.92 87.10 81.68 76.01 70.47 65.28 60.63 56.57 53.08 50.18 47.87 46.13 44.98 44.42 44.44 45.00 45.79 46.64 47.53 48.45 49.36 50.26 51.11 51.90 52.60 53.20 53.68 54.03
96.06 97.13 98.04 98.74 99.21 99.59 100.02 100.57 101.23 101.81 102.11 102.12 101.83 101.25 100.38 99.22 97.77 96.05 94.08 91.98 89.79 87.55 85.27 82.99 80.73 78.51 76.37 74.33 72.58 71.22 70.25 69.65 69.58 70.21 71.52 73.42 75.85 78.72 81.98 85.54 89.33 93.08 95.87 97.45 97.89 97.26 95.65 93.12 89.76 85.64 80.87 75.81 70.86 66.08 61.51 57.27 53.54 50.35 47.71 45.61 44.05 43.04 42.57 42.65 43.22 44.02 44.88 45.79 46.71 47.64 48.55 49.42 50.23 50.95 51.58 52.09 52.48
98.40 98.93 99.21 99.20 99.05 98.90 98.78 98.75 98.83 99.03 99.16 99.04 98.63 97.95 96.99 95.76 94.27 92.51 90.51 88.39 86.19 83.93 81.65 79.36 77.10 74.88 72.76 70.90 69.44 68.36 67.62 67.19 67.05 67.37 68.32 69.88 71.97 74.51 77.44 80.68 84.15 87.58 90.09 91.41 91.61 90.78 88.98 86.31 82.82 78.63 74.13 69.71 65.45 61.36 57.47 53.78 50.42 47.53 45.14 43.26 41.88 41.01 40.64 40.78 41.38 42.19 43.06 43.98 44.93 45.87 46.80 47.69 48.52 49.26 49.91 50.46 50.90
100.67 100.67 100.35 99.82 99.23 98.61 98.00 97.44 96.97 96.61 96.38 96.09 95.56 94.78 93.73 92.43 90.87 89.07 87.05 84.90 82.68 80.40 78.10 75.81 73.53 71.33 69.38 67.83 66.65 65.82 65.29 65.02 64.98 65.16 65.73 66.86 68.52 70.65 73.16 75.99 79.06 82.10 84.24 85.21 85.10 83.97 81.92 79.01 75.35 71.33 67.38 63.58 59.93 56.46 53.16 50.07 47.19 44.63 42.51 40.85 39.65 38.92 38.66 38.85 39.48 40.30 41.19 42.13 43.10 44.06 45.01 45.93 46.78 47.54 48.22 48.81 49.30
102.83 102.34 101.59 100.70 99.73 98.70 97.65 96.62 95.65 94.76 94.00 93.37 92.69 91.79 90.65 89.27 87.65 85.80 83.74 81.56 79.31 77.02 74.70 72.38 70.12 68.10 66.46 65.20 64.28 63.66 63.31 63.18 63.24 63.45 63.80 64.46 65.62 67.25 69.26 71.60 74.19 76.75 78.43 78.98 78.46 76.97 74.57 71.37 67.79 64.25 60.84 57.57 54.45 51.51 48.74 46.16 43.80 41.65 39.81 38.38 37.37 36.78 36.62 36.89 37.54 38.38 39.30 40.25 41.24 42.23 43.21 44.14 45.01 45.80 46.51 47.14 47.68
104.87 104.05 103.02 101.84 100.54 99.16 97.73 96.28 94.86 93.50 92.23 91.09 90.09 89.05 87.80 86.34 84.65 82.75 80.65 78.44 76.16 73.83 71.49 69.18 67.09 65.39 64.06 63.07 62.38 61.94 61.73 61.71 61.84 62.08 62.39 62.76 63.38 64.42 65.86 67.62 69.64 71.65 72.79 72.82 71.83 69.88 67.08 63.86 60.67 57.60 54.64 51.83 49.16 46.66 44.34 42.20 40.27 38.55 37.06 35.87 35.05 34.61 34.56 34.89 35.58 36.45 37.38 38.36 39.38 40.39 41.39 42.33 43.22 44.04 44.79 45.46 46.05
106.88 105.87 104.63 103.22 101.65 99.97 98.21 96.40 94.59 92.81 91.09 89.46 87.97 86.62 85.25 83.70 81.94 79.97 77.83 75.58 73.26 70.90 68.56 66.42 64.67 63.29 62.24 61.48 60.99 60.71 60.62 60.67 60.84 61.07 61.34 61.61 61.87 62.28 63.06 64.17 65.54 66.90 67.42 66.86 65.30 62.85 59.94 57.03 54.23 51.53 48.95 46.51 44.21 42.08 40.11 38.33 36.75 35.38 34.24 33.33 32.71 32.43 32.49 32.89 33.62 34.50 35.46 36.48 37.52 38.55 39.55 40.51 41.42 42.27 43.05 43.78 44.43
108.93 107.80 106.41 104.81 103.03 101.11 99.07 96.96 94.82 92.67 90.55 88.50 86.55 84.74 83.08 81.40 79.56 77.53 75.34 73.04 70.69 68.32 66.15 64.36 62.94 61.84 61.04 60.49 60.17 60.02 60.02 60.12 60.29 60.49 60.69 60.85 60.93 60.91 60.99 61.36 61.99 62.63 62.45 61.21 59.04 56.37 53.70 51.10 48.59 46.19 43.91 41.76 39.75 37.89 36.21 34.71 33.40 32.30 31.41 30.76 30.36 30.24 30.41 30.89 31.66 32.57 33.56 34.60 35.66 36.70 37.71 38.68 39.61 40.49 41.32 42.09 42.80
111.02 109.82 108.34 106.62 104.68 102.56 100.31 97.95 95.52 93.06 90.60 88.17 85.82 83.58 81.48 79.53 77.58 75.49 73.24 70.89 68.51 66.33 64.51 63.06 61.94 61.10 60.52 60.15 59.97 59.92 59.97 60.10 60.25 60.39 60.49 60.51 60.40 60.14 59.71 59.31 59.12 58.95 57.98 56.02 53.54 51.03 48.58 46.21 43.92 41.74 39.67 37.72 35.92 34.27 32.78 31.47 30.35 29.44 28.74 28.27 28.04 28.06 28.35 28.91 29.72 30.67 31.69 32.75 33.80 34.84 35.85 36.84 37.80 38.72 39.59 40.42 41.19
113.14 111.93 110.40 108.60 106.56 104.31 101.90 99.34 96.69 93.97 91.22 88.48 85.78 83.16 80.65 78.28 76.08 73.89 71.58 69.21 67.01 65.19 63.72 62.58 61.73 61.13 60.73 60.52 60.44 60.46 60.55 60.66 60.76 60.81 60.78 60.63 60.32 59.81 59.06 58.08 57.03 55.97 54.17 51.81 49.40 47.04 44.74 42.51 40.36 38.31 36.37 34.55 32.87 31.34 29.97 28.77 27.76 26.95 26.35 25.98 25.84 25.96 26.33 26.97 27.82 28.80 29.84 30.89 31.93 32.97 34.00 35.01 36.00 36.95 37.88 38.76 39.59
115.26 114.09 112.58 110.76 108.67 106.35 103.82 101.12 98.30 95.38 92.40 89.39 86.40 83.45 80.59 77.84 75.25 72.81 70.45 68.26 66.44 64.98 63.83 62.98 62.36 61.96 61.73 61.63 61.64 61.70 61.79 61.86 61.88 61.82 61.63 61.28 60.72 59.94 58.87 57.50 55.81 53.85 51.55 49.19 46.85 44.56 42.32 40.15 38.06 36.06 34.17 32.40 30.76 29.27 27.93 26.76 25.78 24.99 24.41 24.05 23.93 24.05 24.43 25.09 25.97 26.97 27.99 29.03 30.07 31.12 32.16 33.19 34.21 35.21 36.18 37.12 38.02
117.27 116.20 114.76 112.98 110.89 108.54 105.95 103.17 100.23 97.16 94.00 90.79 87.55 84.33 81.17 78.09 75.13 72.32 69.81 67.97 66.53 65.41 64.57 63.97 63.58 63.36 63.27 63.28 63.35 63.43 63.50 63.52 63.44 63.24 62.87 62.30 61.50 60.41 59.01 57.26 55.14 52.77 50.39 48.03 45.70 43.41 41.17 38.99 36.89 34.88 32.97 31.18 29.52 27.99 26.62 25.42 24.40 23.57 22.94 22.53 22.35 22.41 22.73 23.33 24.24 25.23 26.23 27.25 28.29 29.34 30.40 31.45 32.50 33.54 34.56 35.56 36.54
118.83 117.90 116.57 114.87 112.83 110.50 107.91 105.08 102.07 98.90 95.61 92.23 88.80 85.36 81.94 78.57 75.28 72.03 69.05 67.15 66.07 65.31 64.79 64.48 64.33 64.32 64.39 64.52 64.67 64.80 64.87 64.85 64.70 64.38 63.85 63.09 62.04 60.68 58.96 56.87 54.49 52.01 49.58 47.21 44.87 42.57 40.31 38.12 35.99 33.96 32.02 30.19 28.49 26.93 25.51 24.26 23.18 22.29 21.61 21.13 20.89 20.88 21.13 21.74 22.78 23.86 24.85 25.85 26.87 27.91 28.97 30.03 31.10 32.17 33.23 34.27 35.30
119.81 119.07 117.90 116.32 114.38 112.11 109.55 106.73 103.69 100.46 97.08 93.58 90.00 86.38 82.75 79.13 75.47 71.75 68.27 65.91 64.79 64.38 64.22 64.22 64.35 64.56 64.83 65.12 65.38 65.58 65.69 65.66 65.47 65.06 64.41 63.48 62.23 60.62 58.63 56.33 53.86 51.31 48.80 46.39 44.04 41.72 39.46 37.24 35.10 33.04 31.08 29.22 27.48 25.88 24.42 23.12 22.00 21.05 20.31 19.77 19.46 19.39 19.66 20.41 21.61 22.83 23.89 24.87 25.86 26.87 27.91 28.97 30.04 31.12 32.20 33.27 34.34
120.20 119.69 118.71 117.31 115.51 113.35 110.86 108.09 105.06 101.82 98.39 94.82 91.14 87.38 83.57 79.65 75.60 71.46 67.53 64.71 63.16 62.72 62.90 63.25 63.68 64.16 64.66 65.13 65.54 65.85 66.02 66.02 65.81 65.35 64.61 63.54 62.11 60.30 58.16 55.80 53.28 50.67 48.09 45.61 43.21 40.89 38.61 36.39 34.23 32.14 30.16 28.27 26.50 24.86 23.37 22.02 20.85 19.86 19.06 18.47 18.10 18.05 18.46 19.36 20.68 22.03 23.22 24.26 25.22 26.19 27.20 28.23 29.29 30.36 31.44 32.53 33.61
119.97 119.73 119.00 117.81 116.19 114.18 111.82 109.14 106.18 102.96 99.54 95.93 92.19 88.32 84.29 80.06 75.66 71.15 66.84 63.61 61.62 60.79 60.95 61.63 62.40 63.18 63.93 64.62 65.21 65.66 65.93 65.98 65.79 65.31 64.50 63.33 61.77 59.86 57.68 55.30 52.74 50.08 47.45 44.90 42.44 40.08 37.79 35.55 33.38 31.28 29.27 27.36 25.56 23.89 22.36 20.98 19.76 18.72 17.87 17.23 16.89 16.98 17.54 18.56 19.99 21.44 22.75 23.90 24.91 25.84 26.80 27.79 28.82 29.86 30.93 32.01 33.10
119.12 119.19 118.75 117.81 116.42 114.61 112.41 109.87 107.01 103.87 100.48 96.89 93.12 89.11 84.83 80.32 75.63 70.81 66.18 62.60 60.24 59.00 58.79 59.46 60.56 61.67 62.71 63.65 64.45 65.06 65.46 65.61 65.47 64.99 64.16 62.92 61.31 59.39 57.22 54.82 52.24 49.54 46.87 44.27 41.76 39.34 37.01 34.76 32.58 30.47 28.44 26.51 24.68 22.98 21.42 20.00 18.74 17.65 16.76 16.15 15.95 16.18 16.86 17.98 19.50 21.04 22.43 23.68 24.79 25.76 26.67 27.61 28.59 29.59 30.63 31.69 32.77
117.75 118.04 117.92 117.29 116.17 114.60 112.61 110.25 107.53 104.51 101.22 97.67 93.83 89.65 85.17 80.44 75.52 70.45 65.55 61.68 59.00 57.41 56.83 57.16 58.27 59.70 61.06 62.28 63.32 64.14 64.70 64.96 64.90 64.47 63.63 62.40 60.82 58.92 56.76 54.37 51.77 49.05 46.35 43.71 41.16 38.69 36.31 34.03 31.84 29.71 27.67 25.72 23.87 22.14 20.55 19.09 17.80 16.68 15.82 15.35 15.29 15.64 16.42 17.62 19.20 20.80 22.27 23.59 24.78 25.84 26.78 27.66 28.57 29.52 30.51 31.53 32.58
116.03 116.41 116.53 116.23 115.42 114.14 112.40 110.26 107.74 104.88 101.71 98.17 94.22 89.92 85.30 80.41 75.32 70.06 64.95 60.84 57.90 56.02 55.13 55.12 55.92 57.36 59.04 60.57 61.88 62.93 63.68 64.10 64.15 63.79 63.01 61.83 60.30 58.45 56.31 53.93 51.33 48.60 45.88 43.22 40.63 38.13 35.71 33.39 31.16 29.03 26.97 25.00 23.14 21.39 19.76 18.28 16.96 15.87 15.15 14.82 14.88 15.33 16.19 17.45 19.07 20.71 22.22 23.60 24.85 25.98 26.99 27.88 28.73 29.61 30.53 31.50 32.50
114.03 114.45 114.66 114.62 114.16 113.20 111.77 109.89 107.61 104.94 101.85 98.28 94.29 89.91 85.21 80.23 75.01 69.62 64.36 60.08 56.93 54.83 53.68 53.39 53.88 55.04 56.75 58.58 60.20 61.51 62.49 63.09 63.28 63.03 62.33 61.23 59.76 57.95 55.85 53.49 50.92 48.18 45.45 42.79 40.19 37.66 35.21 32.86 30.60 28.43 26.37 24.39 22.50 20.73 19.08 17.58 16.30 15.35 14.77 14.55 14.71 15.24 16.16 17.45 19.09 20.75 22.28 23.69 24.98 26.16 27.22 28.17 29.02 29.82 30.67 31.56 32.50
111.75 112.23 112.50 112.56 112.37 111.77 110.68 109.11 107.10 104.59 101.55 98.00 94.02 89.63 84.90 79.88 74.60 69.14 63.78 59.38 56.09 53.82 52.47 51.96 52.20 53.08 54.53 56.41 58.32 59.93 61.17 61.98 62.33 62.19 61.59 60.58 59.18 57.44 55.39 53.07 50.52 47.80 45.08 42.41 39.81 37.27 34.81 32.43 30.14 27.95 25.86 23.87 21.97 20.19 18.52 17.06 15.91 15.11 14.64 14.52 14.75 15.34 16.29 17.61 19.24 20.89 22.43 23.85 25.16 26.35 27.45 28.43 29.32 30.12 30.88 31.69 32.55
109.25 109.77 110.10 110.24 110.16 109.84 109.12 107.90 106.12 103.73 100.79 97.32 93.40 89.07 84.37 79.36 74.09 68.60 63.21 58.75 55.38 52.99 51.51 50.83 50.87 51.54 52.75 54.40 56.36 58.26 59.78 60.80 61.29 61.27 60.79 59.87 58.56 56.90 54.91 52.65 50.13 47.44 44.74 42.09 39.49 36.96 34.50 32.11 29.81 27.60 25.49 23.47 21.57 19.77 18.15 16.83 15.82 15.12 14.75 14.71 15.00 15.62 16.58 17.89 19.49 21.12 22.64 24.05 25.35 26.55 27.65 28.65 29.57 30.39 31.13 31.85 32.61
106.53 107.10 107.49 107.70 107.71 107.52 107.08 106.15 104.57 102.35 99.56 96.24 92.44 88.21 83.60 78.67 73.45 68.01 62.64 58.18 54.78 52.34 50.77 49.99 49.90 50.40 51.42 52.86 54.63 56.59 58.33 59.52 60.16 60.28 59.92 59.12 57.91 56.33 54.42 52.22 49.76 47.11 44.44 41.81 39.24 36.72 34.27 31.89 29.59 27.37 25.24 23.22 21.30 19.55 18.07 16.88 15.98 15.38 15.09 15.09 15.41 16.05 17.00 18.28 19.84 21.42 22.89 24.27 25.54 26.72 27.81 28.81 29.72 30.55 31.31 31.99 32.65
103.63 104.24 104.69 104.97 105.07 104.97 104.58 103.78 102.43 100.44 97.87 94.74 91.12 87.06 82.60 77.80 72.70 67.35 62.07 57.67 54.29 51.86 50.27 49.43 49.26 49.67 50.56 51.84 53.42 55.13 56.79 58.13 58.93 59.20 58.98 58.30 57.21 55.73 53.91 51.78 49.39 46.79 44.17 41.58 39.04 36.56 34.13 31.76 29.47 27.26 25.13 23.11 21.24 19.62 18.28 17.20 16.39 15.86 15.62 15.66 15.99 16.61 17.53 18.76 20.25 21.76 23.17 24.49 25.71 26.85 27.91 28.88 29.77 30.59 31.33 32.02 32.64
100.57 101.23 101.74 102.09 102.26 102.16 101.71 100.90 99.71 98.00 95.69 92.83 89.45 85.61 81.35 76.74 71.81 66.63 61.48 57.20 53.91 51.54 49.98 49.16 48.97 49.33 50.15 51.33 52.67 54.04 55.38 56.65 57.60 58.03 57.96 57.42 56.45 55.09 53.37 51.34 49.02 46.48 43.92 41.39 38.90 36.45 34.06 31.73 29.46 27.27 25.16 23.20 21.47 19.98 18.75 17.76 17.02 16.55 16.33 16.38 16.69 17.28 18.15 19.30 20.70 22.12 23.45 24.69 25.85 26.92 27.92 28.84 29.69 30.47 31.20 31.88 32.50
