data_processed/recharge/precip/Precip_1992_05.asc
ncols        168
nrows        136
xllcorner    455000
yllcorner    2107000
cellsize     500
NODATA_value     -99999
[rows 66 to 98 of 136, columns 74 to 147 of 168]
95.63 97.59 99.63 101.58 103.28 104.75 106.04 107.19 108.23 109.21 110.16 111.13 112.15 113.19 114.16 115.03 115.79 116.44 116.97 117.48 118.08 118.75 119.46 120.18 120.87 121.51 122.06 122.49 122.76 122.91 123.03 123.14 123.22 123.29 123.34 123.36 123.37 123.35 123.31 123.19 122.88 122.36 121.66 120.80 119.80 118.70 117.53 116.31 115.07 113.81 112.54 111.29 110.07 108.89 107.77 106.75 105.90 105.26 104.82 104.58 104.56 104.74 105.14 105.76 106.59 107.63 108.79 110.05 111.39 112.80 114.30 115.84 117.37 118.86
96.31 98.17 100.09 101.92 103.54 104.97 106.25 107.43 108.53 109.61 110.71 111.85 113.01 114.12 115.15 116.10 116.94 117.68 118.30 118.80 119.27 119.81 120.41 121.02 121.62 122.18 122.66 123.04 123.27 123.39 123.48 123.54 123.59 123.62 123.63 123.61 123.57 123.51 123.36 123.03 122.49 121.76 120.87 119.85 118.70 117.46 116.16 114.84 113.51 112.19 110.90 109.65 108.45 107.32 106.27 105.34 104.60 104.07 103.76 103.65 103.77 104.10 104.66 105.44 106.42 107.53 108.73 110.02 111.38 112.81 114.32 115.88 117.48 119.06
97.08 98.83 100.61 102.31 103.84 105.21 106.47 107.66 108.82 109.99 111.21 112.45 113.66 114.81 115.89 116.88 117.79 118.60 119.30 119.88 120.34 120.77 121.24 121.75 122.26 122.73 123.15 123.46 123.65 123.73 123.78 123.81 123.82 123.81 123.77 123.71 123.62 123.45 123.09 122.53 121.78 120.86 119.81 118.64 117.38 116.04 114.65 113.24 111.86 110.50 109.20 107.97 106.81 105.75 104.80 103.99 103.38 102.98 102.81 102.86 103.14 103.64 104.38 105.32 106.39 107.54 108.78 110.09 111.47 112.92 114.43 116.00 117.61 119.25
97.94 99.56 101.20 102.76 104.17 105.48 106.71 107.90 109.10 110.35 111.62 112.88 114.10 115.27 116.37 117.41 118.36 119.23 119.99 120.64 121.17 121.59 121.96 122.35 122.76 123.16 123.50 123.75 123.90 123.94 123.95 123.94 123.90 123.84 123.76 123.65 123.45 123.07 122.48 121.70 120.77 119.69 118.49 117.20 115.83 114.42 112.98 111.53 110.10 108.74 107.45 106.26 105.17 104.20 103.36 102.69 102.23 102.00 101.99 102.22 102.68 103.37 104.28 105.32 106.43 107.63 108.90 110.24 111.65 113.11 114.62 116.19 117.80 119.44
98.90 100.38 101.86 103.26 104.56 105.78 106.96 108.15 109.38 110.64 111.91 113.15 114.36 115.53 116.64 117.69 118.68 119.57 120.38 121.09 121.69 122.16 122.52 122.82 123.13 123.43 123.70 123.89 123.98 123.99 123.95 123.90 123.82 123.71 123.57 123.36 122.95 122.33 121.53 120.57 119.47 118.24 116.92 115.53 114.09 112.62 111.14 109.68 108.26 106.91 105.66 104.53 103.52 102.67 101.97 101.46 101.18 101.13 101.31 101.73 102.40 103.28 104.29 105.38 106.54 107.78 109.09 110.45 111.87 113.35 114.87 116.43 118.03 119.66
99.95 101.28 102.59 103.83 105.00 106.12 107.25 108.41 109.62 110.85 112.07 113.27 114.45 115.60 116.71 117.76 118.75 119.67 120.50 121.25 121.89 122.42 122.83 123.11 123.34 123.55 123.74 123.87 123.91 123.87 123.79 123.69 123.56 123.40 123.15 122.72 122.08 121.26 120.27 119.14 117.89 116.54 115.13 113.66 112.16 110.65 109.17 107.72 106.33 105.03 103.83 102.78 101.89 101.17 100.64 100.31 100.22 100.37 100.77 101.41 102.27 103.26 104.33 105.48 106.69 107.97 109.30 110.70 112.14 113.62 115.15 116.71 118.30 119.91
101.12 102.29 103.41 104.47 105.50 106.51 107.57 108.68 109.81 110.96 112.12 113.27 114.41 115.52 116.60 117.63 118.61 119.53 120.38 121.14 121.81 122.37 122.83 123.16 123.36 123.50 123.61 123.67 123.65 123.56 123.44 123.29 123.10 122.84 122.38 121.71 120.86 119.85 118.69 117.42 116.05 114.60 113.11 111.58 110.05 108.53 107.06 105.64 104.31 103.08 101.98 101.04 100.28 99.71 99.37 99.25 99.37 99.75 100.38 101.23 102.21 103.27 104.40 105.59 106.85 108.17 109.54 110.95 112.41 113.91 115.43 116.99 118.57 120.17
102.39 103.39 104.32 105.19 106.06 106.96 107.91 108.92 109.95 111.01 112.09 113.17 114.24 115.30 116.33 117.33 118.28 119.18 120.02 120.78 121.46 122.04 122.52 122.89 123.14 123.25 123.29 123.28 123.21 123.07 122.89 122.69 122.40 121.91 121.22 120.35 119.31 118.12 116.82 115.43 113.95 112.43 110.88 109.32 107.78 106.27 104.83 103.46 102.21 101.08 100.10 99.30 98.69 98.31 98.16 98.27 98.64 99.26 100.11 101.09 102.14 103.27 104.46 105.71 107.01 108.36 109.76 111.20 112.67 114.18 115.71 117.26 118.83 120.40
103.79 104.60 105.32 105.99 106.69 107.45 108.27 109.15 110.07 111.02 111.99 112.98 113.97 114.96 115.93 116.87 117.78 118.65 119.45 120.20 120.87 121.45 121.94 122.33 122.60 122.75 122.77 122.69 122.56 122.37 122.14 121.82 121.31 120.60 119.70 118.63 117.42 116.10 114.67 113.17 111.62 110.04 108.46 106.88 105.35 103.88 102.49 101.20 100.04 99.04 98.20 97.56 97.14 96.96 97.04 97.40 98.03 98.88 99.87 100.93 102.05 103.24 104.49 105.79 107.14 108.53 109.95 111.42 112.91 114.42 115.95 117.49 119.05 120.61
105.31 105.92 106.42 106.88 107.40 107.99 108.66 109.39 110.18 111.00 111.86 112.74 113.63 114.53 115.42 116.29 117.13 117.94 118.70 119.41 120.05 120.62 121.10 121.49 121.77 121.93 121.97 121.89 121.70 121.45 121.11 120.57 119.83 118.91 117.81 116.58 115.23 113.78 112.25 110.67 109.07 107.45 105.85 104.29 102.79 101.37 100.05 98.87 97.83 96.97 96.29 95.84 95.63 95.68 96.01 96.64 97.51 98.51 99.58 100.72 101.92 103.17 104.48 105.82 107.21 108.64 110.10 111.58 113.08 114.60 116.13 117.67 119.21 120.75
106.94 107.35 107.63 107.87 108.20 108.61 109.11 109.68 110.31 110.99 111.71 112.46 113.24 114.02 114.81 115.59 116.36 117.09 117.79 118.45 119.04 119.57 120.03 120.39 120.67 120.83 120.88 120.81 120.60 120.25 119.69 118.92 117.97 116.85 115.59 114.21 112.73 111.18 109.58 107.94 106.30 104.67 103.08 101.55 100.10 98.76 97.54 96.47 95.58 94.88 94.39 94.15 94.17 94.47 95.08 95.96 96.99 98.08 99.24 100.45 101.72 103.03 104.39 105.79 107.22 108.68 110.16 111.66 113.18 114.71 116.24 117.77 119.29 120.81
108.57 108.78 108.89 108.97 109.10 109.32 109.63 110.02 110.49 111.01 111.58 112.19 112.84 113.50 114.18 114.86 115.53 116.18 116.80 117.38 117.92 118.40 118.82 119.15 119.40 119.56 119.60 119.53 119.32 118.84 118.06 117.08 115.93 114.64 113.22 111.71 110.13 108.49 106.82 105.15 103.48 101.86 100.29 98.81 97.43 96.18 95.08 94.15 93.41 92.89 92.61 92.59 92.86 93.43 94.29 95.32 96.44 97.62 98.86 100.15 101.49 102.86 104.28 105.72 107.19 108.68 110.19 111.71 113.24 114.77 116.30 117.82 119.33 120.82
110.03 110.10 110.12 110.12 110.09 110.12 110.24 110.45 110.74 111.10 111.52 111.98 112.49 113.03 113.59 114.15 114.72 115.28 115.82 116.33 116.81 117.23 117.60 117.90 118.12 118.25 118.29 118.20 117.94 117.41 116.51 115.33 114.00 112.54 110.98 109.35 107.67 105.95 104.23 102.52 100.85 99.23 97.70 96.28 94.98 93.82 92.84 92.06 91.49 91.16 91.09 91.30 91.82 92.63 93.63 94.75 95.96 97.22 98.54 99.91 101.31 102.74 104.21 105.70 107.21 108.73 110.26 111.80 113.34 114.87 116.40 117.91 119.39 120.86
111.36 111.35 111.32 111.25 111.14 111.02 110.95 110.97 111.08 111.27 111.53 111.84 112.21 112.61 113.05 113.50 113.96 114.42 114.88 115.31 115.71 116.08 116.39 116.65 116.83 116.94 116.95 116.80 116.48 115.92 114.98 113.71 112.21 110.59 108.90 107.15 105.38 103.59 101.82 100.09 98.41 96.82 95.33 93.96 92.75 91.71 90.86 90.22 89.83 89.69 89.84 90.30 91.04 91.99 93.07 94.27 95.55 96.89 98.29 99.72 101.19 102.68 104.19 105.73 107.27 108.82 110.38 111.93 113.48 115.01 116.53 118.03 119.49 120.93
112.62 112.57 112.48 112.35 112.17 111.97 111.75 111.59 111.52 111.53 111.62 111.78 112.00 112.26 112.57 112.90 113.25 113.61 113.97 114.32 114.64 114.94 115.20 115.41 115.56 115.62 115.55 115.34 114.97 114.36 113.40 112.12 110.54 108.79 106.97 105.12 103.26 101.41 99.60 97.85 96.18 94.61 93.17 91.88 90.75 89.83 89.11 88.64 88.43 88.50 88.87 89.54 90.42 91.44 92.60 93.87 95.21 96.63 98.09 99.59 101.12 102.67 104.23 105.80 107.38 108.96 110.54 112.10 113.66 115.19 116.70 118.18 119.62 121.03
113.84 113.75 113.60 113.42 113.18 112.91 112.61 112.30 112.04 111.88 111.80 111.79 111.86 111.98 112.15 112.36 112.59 112.84 113.10 113.36 113.61 113.83 114.03 114.18 114.27 114.25 114.10 113.82 113.40 112.75 111.78 110.49 108.92 107.12 105.19 103.24 101.31 99.40 97.56 95.80 94.14 92.61 91.22 90.01 88.99 88.18 87.62 87.31 87.29 87.57 88.14 88.94 89.89 90.98 92.21 93.55 94.96 96.43 97.95 99.52 101.10 102.70 104.31 105.93 107.54 109.14 110.74 112.31 113.87 115.40 116.90 118.36 119.78 121.16
115.01 114.88 114.69 114.45 114.16 113.83 113.46 113.07 112.67 112.32 112.07 111.90 111.80 111.77 111.80 111.88 111.99 112.13 112.28 112.45 112.61 112.76 112.88 112.96 112.96 112.85 112.62 112.27 111.80 111.12 110.12 108.83 107.28 105.51 103.56 101.53 99.52 97.57 95.71 93.94 92.30 90.81 89.49 88.36 87.45 86.78 86.36 86.23 86.40 86.87 87.57 88.43 89.45 90.61 91.91 93.30 94.78 96.31 97.88 99.50 101.14 102.79 104.44 106.09 107.73 109.36 110.97 112.56 114.11 115.64 117.12 118.57 119.96 121.31
116.14 115.98 115.75 115.46 115.12 114.72 114.29 113.83 113.35 112.86 112.43 112.09 111.83 111.65 111.53 111.47 111.45 111.47 111.52 111.58 111.65 111.72 111.76 111.73 111.62 111.42 111.12 110.71 110.18 109.47 108.46 107.17 105.63 103.90 101.99 99.96 97.91 95.92 94.04 92.28 90.66 89.22 87.97 86.94 86.14 85.60 85.35 85.40 85.75 86.33 87.09 88.02 89.11 90.33 91.68 93.14 94.67 96.25 97.88 99.54 101.22 102.92 104.61 106.30 107.97 109.61 111.24 112.83 114.39 115.90 117.38 118.80 120.17 121.47
117.21 117.03 116.76 116.43 116.04 115.60 115.11 114.59 114.03 113.46 112.89 112.38 111.95 111.61 111.34 111.14 110.99 110.88 110.82 110.77 110.75 110.71 110.63 110.49 110.27 109.98 109.60 109.13 108.56 107.81 106.79 105.50 103.99 102.29 100.44 98.48 96.45 94.44 92.54 90.80 89.22 87.83 86.66 85.73 85.06 84.67 84.58 84.79 85.25 85.89 86.72 87.71 88.85 90.14 91.54 93.05 94.63 96.26 97.93 99.64 101.36 103.09 104.82 106.54 108.23 109.90 111.54 113.13 114.69 116.20 117.65 119.05 120.39 121.64
118.24 118.03 117.74 117.37 116.94 116.45 115.90 115.32 114.71 114.07 113.42 112.76 112.17 111.66 111.23 110.88 110.60 110.36 110.18 110.02 109.88 109.71 109.50 109.25 108.93 108.55 108.10 107.57 106.95 106.17 105.13 103.85 102.36 100.70 98.91 97.02 95.08 93.12 91.23 89.51 87.97 86.65 85.57 84.74 84.20 83.96 84.03 84.34 84.85 85.56 86.45 87.49 88.69 90.02 91.48 93.04 94.66 96.34 98.05 99.79 101.54 103.31 105.07 106.81 108.53 110.21 111.86 113.46 115.01 116.51 117.94 119.32 120.61 121.73
119.22 118.99 118.67 118.27 117.80 117.27 116.68 116.04 115.37 114.67 113.95 113.21 112.48 111.81 111.22 110.72 110.29 109.92 109.60 109.32 109.03 108.73 108.39 108.02 107.61 107.14 106.62 106.03 105.37 104.56 103.51 102.23 100.76 99.15 97.41 95.61 93.76 91.90 90.09 88.40 86.91 85.67 84.68 83.97 83.56 83.46 83.62 83.99 84.57 85.33 86.27 87.37 88.61 89.99 91.50 93.10 94.76 96.48 98.22 99.99 101.78 103.57 105.35 107.12 108.85 110.55 112.21 113.81 115.35 116.84 118.25 119.58 120.75 121.71
120.15 119.91 119.57 119.14 118.64 118.07 117.43 116.75 116.03 115.26 114.48 113.67 112.86 112.05 111.30 110.64 110.06 109.56 109.10 108.66 108.22 107.77 107.31 106.83 106.32 105.77 105.18 104.53 103.83 102.99 101.93 100.66 99.22 97.64 95.97 94.24 92.49 90.75 89.06 87.47 86.05 84.88 83.99 83.41 83.13 83.12 83.33 83.76 84.39 85.20 86.18 87.33 88.62 90.04 91.59 93.23 94.93 96.67 98.45 100.25 102.06 103.87 105.67 107.46 109.21 110.92 112.58 114.18 115.71 117.18 118.56 119.77 120.77 121.57
121.02 120.78 120.42 119.97 119.44 118.84 118.17 117.44 116.67 115.85 115.01 114.14 113.25 112.37 111.49 110.67 109.93 109.27 108.64 108.04 107.45 106.86 106.28 105.69 105.08 104.45 103.79 103.09 102.34 101.48 100.41 99.15 97.73 96.20 94.60 92.95 91.29 89.67 88.12 86.67 85.37 84.30 83.52 83.05 82.85 82.89 83.16 83.63 84.31 85.16 86.19 87.38 88.71 90.17 91.75 93.43 95.16 96.93 98.74 100.56 102.39 104.22 106.03 107.82 109.58 111.30 112.96 114.56 116.09 117.52 118.78 119.83 120.67 121.32
121.85 121.60 121.23 120.77 120.21 119.58 118.88 118.11 117.29 116.43 115.53 114.60 113.66 112.70 111.74 110.79 109.89 109.04 108.24 107.47 106.73 106.01 105.31 104.61 103.91 103.20 102.47 101.72 100.93 100.04 98.96 97.71 96.33 94.85 93.30 91.73 90.18 88.68 87.26 85.97 84.83 83.90 83.23 82.84 82.69 82.78 83.09 83.61 84.33 85.23 86.29 87.52 88.88 90.38 91.99 93.69 95.45 97.25 99.07 100.91 102.76 104.60 106.42 108.22 109.99 111.70 113.36 114.95 116.45 117.77 118.88 119.77 120.46 120.98
122.62 122.37 122.00 121.52 120.95 120.30 119.56 118.77 117.91 117.00 116.05 115.07 114.06 113.04 112.01 110.97 109.91 108.88 107.90 106.98 106.09 105.24 104.41 103.61 102.81 102.02 101.23 100.43 99.60 98.69 97.61 96.37 95.02 93.58 92.10 90.62 89.17 87.78 86.50 85.36 84.41 83.65 83.09 82.75 82.65 82.78 83.13 83.69 84.45 85.38 86.48 87.74 89.14 90.66 92.30 94.03 95.81 97.62 99.46 101.31 103.17 105.02 106.85 108.65 110.41 112.12 113.78 115.34 116.73 117.89 118.84 119.59 120.15 120.55
123.33 123.10 122.73 122.24 121.65 120.98 120.23 119.40 118.51 117.56 116.57 115.54 114.48 113.39 112.29 111.15 109.98 108.80 107.66 106.57 105.54 104.55 103.61 102.70 101.82 100.95 100.09 99.24 98.38 97.45 96.36 95.14 93.81 92.43 91.02 89.62 88.27 87.01 85.86 84.88 84.09 83.48 83.04 82.78 82.72 82.89 83.28 83.88 84.67 85.63 86.76 88.05 89.47 91.01 92.67 94.42 96.22 98.05 99.90 101.76 103.62 105.47 107.30 109.10 110.86 112.56 114.18 115.64 116.87 117.88 118.69 119.31 119.75 120.04
123.99 123.77 123.40 122.92 122.32 121.64 120.86 120.01 119.10 118.12 117.08 116.01 114.90 113.75 112.56 111.33 110.07 108.79 107.50 106.26 105.09 103.97 102.91 101.90 100.93 99.98 99.06 98.16 97.27 96.32 95.23 94.02 92.73 91.40 90.06 88.75 87.50 86.36 85.36 84.53 83.87 83.38 83.05 82.89 82.91 83.12 83.54 84.16 84.98 85.97 87.13 88.43 89.87 91.44 93.12 94.88 96.69 98.53 100.38 102.25 104.11 105.96 107.78 109.57 111.32 112.99 114.50 115.79 116.87 117.75 118.43 118.94 119.27 119.46
124.60 124.39 124.04 123.55 122.96 122.26 121.48 120.61 119.66 118.66 117.59 116.47 115.31 114.09 112.82 111.51 110.16 108.80 107.43 106.07 104.75 103.51 102.34 101.22 100.16 99.14 98.17 97.22 96.29 95.32 94.23 93.04 91.79 90.51 89.24 88.02 86.88 85.86 85.00 84.29 83.75 83.37 83.14 83.08 83.18 83.45 83.90 84.55 85.39 86.40 87.58 88.90 90.36 91.94 93.62 95.40 97.21 99.06 100.91 102.78 104.63 106.48 108.29 110.07 111.78 113.34 114.68 115.82 116.76 117.51 118.08 118.48 118.72 118.83
125.15 124.96 124.62 124.14 123.55 122.85 122.06 121.18 120.22 119.18 118.09 116.93 115.71 114.42 113.08 111.70 110.29 108.85 107.41 105.97 104.55 103.18 101.90 100.68 99.54 98.45 97.41 96.42 95.46 94.47 93.39 92.22 91.00 89.77 88.58 87.45 86.42 85.52 84.78 84.18 83.74 83.45 83.32 83.34 83.52 83.86 84.36 85.03 85.89 86.92 88.11 89.44 90.91 92.50 94.20 95.97 97.79 99.63 101.49 103.35 105.19 107.02 108.82 110.57 112.16 113.54 114.73 115.72 116.52 117.16 117.63 117.94 118.11 118.15
125.64 125.48 125.16 124.69 124.11 123.41 122.62 121.73 120.75 119.70 118.57 117.37 116.09 114.74 113.35 111.91 110.44 108.95 107.45 105.95 104.46 103.00 101.61 100.30 99.06 97.90 96.81 95.77 94.79 93.79 92.70 91.56 90.38 89.21 88.09 87.05 86.12 85.34 84.70 84.21 83.86 83.66 83.61 83.70 83.95 84.35 84.90 85.61 86.48 87.52 88.72 90.07 91.54 93.13 94.83 96.61 98.42 100.26 102.11 103.95 105.79 107.60 109.36 110.98 112.40 113.62 114.65 115.50 116.19 116.72 117.09 117.33 117.44 117.43
126.07 125.95 125.65 125.20 124.63 123.94 123.14 122.25 121.27 120.19 119.03 117.78 116.46 115.07 113.63 112.15 110.64 109.10 107.55 106.01 104.47 102.96 101.48 100.08 98.76 97.53 96.38 95.31 94.29 93.28 92.20 91.08 89.94 88.83 87.78 86.84 86.02 85.34 84.79 84.39 84.12 84.00 84.01 84.17 84.48 84.92 85.52 86.27 87.16 88.21 89.41 90.76 92.24 93.83 95.52 97.30 99.11 100.93 102.77 104.60 106.41 108.19 109.82 111.26 112.51 113.57 114.46 115.19 115.76 116.20 116.49 116.66 116.72 116.67
126.44 126.36 126.09 125.66 125.11 124.43 123.64 122.75 121.76 120.66 119.47 118.19 116.83 115.42 113.94 112.43 110.88 109.31 107.73 106.15 104.58 103.03 101.51 100.04 98.64 97.35 96.15 95.03 93.99 92.97 91.89 90.79 89.70 88.65 87.68 86.83 86.11 85.52 85.06 84.73 84.54 84.48 84.55 84.76 85.11 85.60 86.23 87.01 87.92 88.98 90.18 91.53 93.00 94.59 96.28 98.04 99.84 101.65 103.46 105.27 107.05 108.69 110.14 111.40 112.49 113.41 114.17 114.79 115.26 115.61 115.83 115.95 115.96 115.89
126.76 126.72 126.48 126.08 125.55 124.89 124.11 123.22 122.21 121.10 119.89 118.59 117.22 115.78 114.29 112.75 111.18 109.59 107.99 106.38 104.79 103.21 101.67 100.17 98.72 97.37 96.11 94.96 93.89 92.86 91.80 90.72 89.67 88.68 87.81 87.05 86.42 85.90 85.52 85.26 85.12 85.12 85.24 85.49 85.88 86.40 87.05 87.84 88.77 89.83 91.03 92.37 93.83 95.41 97.09 98.84 100.62 102.41 104.20 105.97 107.60 109.06 110.33 111.43 112.37 113.15 113.79 114.30 114.69 114.96 115.12 115.19 115.18 115.09
