data_processed/recharge/precip/Precip_2002_08.asc
ncols        168
nrows        136
xllcorner    455000
yllcorner    2107000
cellsize     500
NODATA_value     -99999
[rows 99 to 131 of 136, columns 0 to 74 of 168]
117.16 120.62 123.21 124.95 125.84 126.02 125.92 125.77 125.60 125.41 125.21 124.99 124.75 124.51 124.26 124.01 123.74 123.42 123.01 122.46 121.72 120.76 119.52 117.98 116.28 114.48 112.60 110.65 108.65 106.61 104.55 102.52 100.66 98.99 97.52 96.24 95.14 94.23 93.50 92.94 92.56 92.36 92.43 92.79 93.39 94.20 95.20 96.34 97.58 98.86 100.04 101.08 101.97 102.71 103.28 103.66 103.86 103.90 103.81 103.59 103.24 102.73 102.07 101.24 100.24 99.04 97.66 96.18 94.83 93.68 92.76 92.08 91.65 91.50 91.63
116.95 119.99 122.13 123.37 123.85 124.01 124.11 124.16 124.17 124.14 124.07 123.97 123.84 123.68 123.49 123.28 123.04 122.75 122.37 121.84 121.11 120.15 118.91 117.37 115.65 113.83 111.93 109.96 107.94 105.87 103.83 101.92 100.20 98.65 97.28 96.07 95.03 94.15 93.43 92.86 92.44 92.17 92.06 92.18 92.56 93.15 93.92 94.83 95.86 96.93 97.91 98.79 99.53 100.15 100.61 100.93 101.12 101.21 101.22 101.13 100.94 100.62 100.18 99.60 98.87 97.99 96.95 95.73 94.44 93.29 92.37 91.70 91.28 91.15 91.31
116.55 119.10 120.71 121.51 121.96 122.32 122.62 122.85 123.02 123.12 123.18 123.17 123.12 123.02 122.87 122.67 122.44 122.16 121.80 121.29 120.58 119.63 118.39 116.84 115.11 113.28 111.36 109.37 107.32 105.28 103.36 101.60 100.00 98.56 97.26 96.11 95.11 94.24 93.51 92.91 92.44 92.09 91.86 91.77 91.88 92.21 92.72 93.37 94.14 94.96 95.72 96.39 96.96 97.41 97.74 97.99 98.18 98.33 98.41 98.43 98.37 98.22 97.97 97.62 97.15 96.55 95.83 94.95 93.93 92.85 91.94 91.27 90.87 90.76 90.94
115.95 117.95 119.09 119.84 120.49 121.05 121.52 121.91 122.21 122.44 122.59 122.66 122.67 122.60 122.47 122.28 122.03 121.71 121.34 120.85 120.15 119.21 117.97 116.42 114.68 112.83 110.90 108.89 106.87 104.96 103.19 101.56 100.06 98.70 97.47 96.36 95.37 94.50 93.74 93.09 92.54 92.10 91.75 91.50 91.36 91.39 91.60 91.97 92.45 92.98 93.47 93.90 94.25 94.51 94.72 94.91 95.10 95.27 95.40 95.50 95.55 95.55 95.47 95.32 95.09 94.76 94.32 93.77 93.10 92.30 91.46 90.81 90.42 90.33 90.54
115.15 116.65 117.74 118.69 119.54 120.27 120.90 121.42 121.84 122.16 122.39 122.52 122.56 122.52 122.39 122.17 121.88 121.50 121.06 120.53 119.84 118.91 117.67 116.12 114.37 112.51 110.57 108.59 106.71 104.95 103.31 101.78 100.37 99.08 97.89 96.80 95.80 94.91 94.10 93.38 92.75 92.19 91.71 91.30 90.96 90.70 90.59 90.62 90.77 90.98 91.17 91.32 91.42 91.50 91.60 91.74 91.89 92.06 92.22 92.38 92.52 92.63 92.71 92.74 92.71 92.62 92.45 92.21 91.86 91.42 90.87 90.30 89.93 89.86 90.10
114.29 115.72 117.01 118.16 119.17 120.06 120.82 121.46 121.97 122.37 122.66 122.82 122.88 122.83 122.68 122.42 122.06 121.61 121.06 120.42 119.68 118.75 117.52 115.96 114.20 112.34 110.43 108.60 106.87 105.24 103.71 102.28 100.94 99.69 98.52 97.43 96.42 95.48 94.61 93.80 93.05 92.37 91.73 91.15 90.61 90.11 89.67 89.34 89.12 88.98 88.83 88.67 88.52 88.45 88.44 88.49 88.58 88.73 88.90 89.09 89.29 89.50 89.70 89.89 90.05 90.18 90.26 90.28 90.25 90.14 89.95 89.68 89.40 89.36 89.62
113.87 115.51 116.98 118.30 119.47 120.49 121.37 122.10 122.69 123.14 123.46 123.65 123.70 123.63 123.43 123.11 122.67 122.11 121.44 120.66 119.77 118.76 117.52 115.96 114.21 112.39 110.62 108.94 107.35 105.84 104.40 103.04 101.75 100.52 99.36 98.25 97.20 96.20 95.24 94.33 93.45 92.62 91.81 91.03 90.27 89.54 88.81 88.12 87.51 86.97 86.45 85.99 85.64 85.39 85.24 85.18 85.20 85.30 85.45 85.65 85.90 86.18 86.49 86.80 87.13 87.45 87.75 88.03 88.28 88.49 88.64 88.73 88.76 88.81 89.11
114.27 116.09 117.74 119.21 120.51 121.65 122.62 123.42 124.07 124.55 124.88 125.06 125.09 124.98 124.71 124.31 123.77 123.09 122.27 121.33 120.25 119.05 117.72 116.15 114.44 112.76 111.16 109.62 108.15 106.73 105.37 104.06 102.80 101.58 100.40 99.26 98.15 97.06 96.00 94.97 93.95 92.94 91.94 90.95 89.95 88.96 87.96 86.94 85.93 84.97 84.10 83.37 82.80 82.36 82.05 81.86 81.78 81.80 81.91 82.10 82.37 82.70 83.08 83.51 83.97 84.46 84.96 85.47 85.98 86.48 86.95 87.40 87.80 88.16 88.56
115.44 117.44 119.24 120.85 122.26 123.49 124.53 125.39 126.07 126.58 126.91 127.06 127.05 126.87 126.52 126.02 125.35 124.53 123.56 122.43 121.16 119.74 118.19 116.63 115.08 113.57 112.11 110.69 109.31 107.97 106.66 105.38 104.13 102.89 101.68 100.48 99.29 98.10 96.92 95.74 94.55 93.35 92.13 90.90 89.65 88.38 87.08 85.74 84.38 83.06 81.88 80.88 80.06 79.40 78.91 78.56 78.36 78.28 78.33 78.49 78.75 79.11 79.55 80.06 80.64 81.27 81.96 82.67 83.42 84.18 84.96 85.73 86.49 87.23 88.00
116.64 118.81 120.77 122.51 124.04 125.37 126.49 127.40 128.12 128.64 128.96 129.10 129.04 128.80 128.37 127.77 126.98 126.02 124.88 123.58 122.11 120.48 118.91 117.76 116.56 115.19 113.82 112.48 111.16 109.86 108.56 107.27 105.99 104.70 103.41 102.11 100.80 99.47 98.12 96.75 95.35 93.92 92.46 90.95 89.41 87.81 86.17 84.48 82.87 81.41 79.99 78.70 77.61 76.73 76.03 75.51 75.16 74.98 74.94 75.05 75.29 75.65 76.13 76.71 77.39 78.15 78.99 79.90 80.87 81.88 82.93 84.01 85.11 86.30 87.90
117.48 119.83 121.95 123.84 125.50 126.93 128.13 129.11 129.88 130.42 130.76 130.88 130.79 130.50 130.00 129.30 128.41 127.31 126.03 124.55 122.90 121.28 120.17 119.59 118.84 117.70 116.41 115.10 113.78 112.46 111.13 109.78 108.42 107.03 105.61 104.17 102.69 101.17 99.61 98.00 96.34 94.63 92.86 91.04 89.14 87.18 85.16 83.22 81.51 79.98 78.46 76.94 75.58 74.45 73.53 72.82 72.32 72.00 71.87 71.91 72.11 72.47 72.97 73.60 74.36 75.24 76.22 77.30 78.47 79.72 81.03 82.41 83.90 85.89 88.59
117.98 120.50 122.80 124.84 126.63 128.18 129.48 130.54 131.36 131.94 132.29 132.41 132.30 131.97 131.41 130.63 129.64 128.43 127.00 125.37 123.76 122.62 122.10 122.05 121.73 120.91 119.73 118.41 117.06 115.67 114.26 112.80 111.30 109.76 108.17 106.53 104.83 103.07 101.25 99.35 97.39 95.35 93.23 91.03 88.74 86.37 84.09 82.09 80.34 78.74 77.15 75.55 73.98 72.58 71.43 70.52 69.84 69.38 69.13 69.09 69.23 69.57 70.07 70.74 71.57 72.55 73.66 74.89 76.25 77.71 79.28 81.00 83.26 86.30 90.02
118.27 120.86 123.32 125.52 127.46 129.14 130.54 131.69 132.58 133.21 133.59 133.72 133.60 133.23 132.62 131.77 130.69 129.37 127.82 126.26 125.14 124.60 124.63 125.07 125.15 124.61 123.61 122.30 120.86 119.37 117.81 116.20 114.52 112.78 110.97 109.08 107.11 105.06 102.93 100.70 98.38 95.96 93.44 90.81 88.10 85.47 83.15 81.12 79.32 77.67 76.03 74.37 72.73 71.14 69.74 68.61 67.74 67.12 66.74 66.60 66.68 66.97 67.47 68.16 69.04 70.09 71.32 72.70 74.22 75.89 77.76 80.20 83.48 87.50 92.14
118.44 121.03 123.55 125.91 128.00 129.81 131.34 132.58 133.55 134.24 134.65 134.80 134.68 134.30 133.65 132.74 131.57 130.16 128.71 127.66 127.16 127.19 127.72 128.61 129.04 128.75 127.89 126.61 125.08 123.42 121.68 119.86 117.96 115.97 113.88 111.70 109.41 107.02 104.52 101.91 99.19 96.34 93.37 90.29 87.31 84.66 82.35 80.31 78.47 76.77 75.08 73.39 71.71 70.06 68.48 67.12 66.04 65.24 64.72 64.46 64.46 64.69 65.17 65.86 66.78 67.90 69.22 70.72 72.41 74.33 76.88 80.30 84.52 89.43 94.89
118.51 121.10 123.61 126.03 128.26 130.22 131.87 133.23 134.28 135.04 135.51 135.68 135.57 135.18 134.50 133.54 132.31 131.02 130.10 129.69 129.78 130.33 131.33 132.61 133.36 133.27 132.51 131.23 129.58 127.72 125.75 123.67 121.49 119.20 116.79 114.26 111.61 108.83 105.92 102.88 99.69 96.37 92.92 89.57 86.60 83.99 81.69 79.64 77.78 76.03 74.30 72.57 70.87 69.20 67.58 66.05 64.76 63.77 63.09 62.70 62.59 62.76 63.19 63.87 64.81 65.98 67.37 68.99 70.89 73.45 76.94 81.26 86.33 92.02 98.21
118.49 121.09 123.60 126.00 128.29 130.38 132.17 133.64 134.79 135.63 136.15 136.37 136.28 135.88 135.19 134.20 133.12 132.38 132.11 132.30 132.92 133.96 135.38 137.03 138.05 138.13 137.42 136.09 134.29 132.17 129.89 127.50 124.99 122.35 119.57 116.65 113.58 110.36 106.99 103.47 99.78 95.95 92.23 88.91 86.00 83.43 81.16 79.11 77.23 75.44 73.68 71.93 70.21 68.53 66.91 65.35 63.90 62.71 61.85 61.31 61.09 61.17 61.55 62.21 63.14 64.35 65.81 67.59 70.09 73.55 77.90 83.04 88.85 95.23 102.04
118.42 121.02 123.52 125.92 128.19 130.31 132.23 133.83 135.09 136.02 136.62 136.88 136.82 136.44 135.74 134.92 134.41 134.34 134.69 135.44 136.56 138.04 139.84 141.81 143.05 143.26 142.57 141.15 139.16 136.74 134.05 131.25 128.35 125.31 122.11 118.74 115.21 111.51 107.63 103.57 99.35 95.25 91.58 88.35 85.51 83.00 80.75 78.71 76.82 75.00 73.21 71.45 69.72 68.04 66.42 64.87 63.41 62.08 61.04 60.33 59.98 59.96 60.26 60.88 61.80 63.02 64.61 66.95 70.30 74.59 79.71 85.56 92.01 98.98 106.32
118.31 120.91 123.41 125.79 128.04 130.15 132.10 133.82 135.20 136.23 136.90 137.23 137.21 136.85 136.35 136.13 136.31 136.87 137.79 139.05 140.63 142.51 144.65 146.90 148.33 148.62 147.91 146.36 144.12 141.36 138.23 134.88 131.46 127.95 124.28 120.42 116.38 112.14 107.70 103.09 98.59 94.56 91.01 87.89 85.13 82.67 80.46 78.44 76.54 74.70 72.90 71.12 69.39 67.71 66.10 64.58 63.15 61.82 60.65 59.77 59.27 59.13 59.34 59.90 60.80 62.10 64.20 67.36 71.50 76.52 82.31 88.77 95.77 103.23 110.99
118.17 120.78 123.28 125.65 127.89 129.97 131.89 133.63 135.12 136.26 137.03 137.42 137.46 137.33 137.44 137.92 138.75 139.90 141.35 143.09 145.08 147.31 149.76 152.25 153.82 154.15 153.37 151.65 149.14 146.00 142.37 138.43 134.32 130.18 125.97 121.57 116.96 112.13 107.12 102.22 97.82 93.94 90.52 87.51 84.84 82.45 80.28 78.28 76.38 74.54 72.72 70.94 69.21 67.55 65.96 64.46 63.07 61.78 60.63 59.65 58.98 58.71 58.82 59.30 60.23 62.01 64.88 68.79 73.63 79.28 85.64 92.61 100.06 107.91 116.00
118.04 120.65 123.15 125.51 127.73 129.79 131.68 133.39 134.90 136.13 137.00 137.49 137.78 138.28 139.11 140.25 141.68 143.38 145.32 147.49 149.86 152.41 155.12 157.80 159.48 159.81 158.92 156.99 154.16 150.59 146.43 141.85 137.00 132.03 127.08 122.06 116.84 111.41 106.10 101.32 97.11 93.39 90.11 87.21 84.64 82.32 80.21 78.24 76.35 74.49 72.67 70.90 69.18 67.54 65.98 64.52 63.16 61.93 60.83 59.88 59.12 58.70 58.69 59.17 60.53 63.04 66.63 71.20 76.63 82.81 89.64 97.02 104.82 112.96 121.28
117.92 120.54 123.04 125.39 127.60 129.64 131.50 133.17 134.64 135.89 136.85 137.62 138.56 139.79 141.30 143.07 145.06 147.27 149.66 152.22 154.92 157.75 160.67 163.51 165.25 165.53 164.50 162.31 159.12 155.08 150.35 145.09 139.46 133.60 127.67 121.81 115.93 110.20 105.04 100.47 96.45 92.90 89.76 86.99 84.52 82.28 80.23 78.30 76.42 74.57 72.75 70.99 69.30 67.68 66.16 64.74 63.43 62.26 61.23 60.35 59.63 59.13 59.07 59.94 62.00 65.19 69.39 74.51 80.43 87.05 94.26 101.94 110.00 118.32 126.77
117.84 120.47 122.97 125.32 127.51 129.53 131.36 133.00 134.42 135.63 136.78 138.19 139.89 141.82 143.97 146.31 148.83 151.50 154.30 157.21 160.21 163.27 166.37 169.31 171.08 171.28 170.05 167.57 163.97 159.43 154.09 148.11 141.64 134.85 127.89 120.94 114.52 108.93 104.01 99.66 95.83 92.45 89.48 86.83 84.47 82.32 80.34 78.45 76.60 74.76 72.95 71.21 69.54 67.96 66.48 65.11 63.86 62.75 61.79 61.00 60.37 60.01 60.38 61.91 64.61 68.38 73.10 78.68 84.99 91.94 99.42 107.32 115.53 123.94 132.42
117.82 120.46 122.96 125.30 127.48 129.48 131.29 132.89 134.28 135.62 137.28 139.34 141.72 144.31 147.06 149.94 152.94 156.04 159.20 162.42 165.67 168.92 172.15 175.17 176.92 176.99 175.53 172.71 168.67 163.58 157.58 150.84 143.50 135.74 127.73 120.04 113.31 107.71 103.00 98.88 95.25 92.06 89.24 86.74 84.49 82.44 80.53 78.69 76.88 75.05 73.26 71.55 69.91 68.37 66.94 65.63 64.45 63.41 62.53 61.82 61.37 61.62 62.86 65.08 68.32 72.56 77.70 83.63 90.24 97.43 105.08 113.09 121.35 129.75 138.17
117.88 120.53 123.03 125.37 127.54 129.52 131.30 132.88 134.40 136.24 138.48 141.09 144.03 147.21 150.52 153.90 157.34 160.82 164.31 167.79 171.25 174.65 177.98 181.03 182.71 182.61 180.88 177.68 173.16 167.47 160.78 153.23 144.99 136.25 127.58 119.66 112.71 106.82 102.04 98.11 94.70 91.70 89.05 86.69 84.57 82.62 80.79 79.02 77.24 75.43 73.68 72.00 70.40 68.92 67.54 66.29 65.19 64.23 63.44 62.90 63.06 64.22 66.32 69.28 73.05 77.67 83.13 89.31 96.12 103.44 111.17 119.19 127.41 135.71 143.95
118.03 120.69 123.20 125.54 127.69 129.66 131.42 133.14 135.16 137.58 140.36 143.46 146.86 150.50 154.29 158.13 161.97 165.79 169.57 173.28 176.90 180.41 183.79 186.83 188.41 188.10 186.06 182.43 177.38 171.06 163.63 155.24 146.09 136.77 128.00 119.98 112.81 106.61 101.46 97.41 94.17 91.36 88.89 86.69 84.70 82.87 81.12 79.42 77.69 75.91 74.19 72.55 71.01 69.57 68.27 67.09 66.06 65.19 64.58 64.66 65.73 67.76 70.64 74.31 78.66 83.65 89.33 95.67 102.58 109.93 117.63 125.57 133.64 141.73 149.71
118.30 120.97 123.48 125.82 127.97 129.93 131.83 134.04 136.64 139.59 142.86 146.41 150.20 154.20 158.36 162.59 166.79 170.91 174.92 178.82 182.56 186.14 189.53 192.52 193.95 193.40 191.00 186.91 181.30 174.30 166.09 156.85 147.21 137.91 129.15 121.04 113.68 107.17 101.62 97.11 93.70 91.06 88.77 86.73 84.88 83.16 81.52 79.88 78.21 76.47 74.79 73.20 71.71 70.35 69.11 68.01 67.07 66.38 66.38 67.39 69.34 72.16 75.75 80.04 84.93 90.35 96.24 102.64 109.54 116.84 124.41 132.17 139.99 147.78 155.39
118.70 121.39 123.91 126.25 128.40 130.50 132.90 135.68 138.80 142.24 145.95 149.89 154.03 158.32 162.74 167.24 171.74 176.11 180.33 184.37 188.20 191.80 195.16 198.05 199.30 198.46 195.66 191.07 184.84 177.13 168.14 158.51 148.99 139.82 131.09 122.91 115.38 108.58 102.64 97.64 93.68 90.82 88.66 86.79 85.09 83.50 81.96 80.41 78.79 77.10 75.47 73.94 72.52 71.22 70.06 69.06 68.29 68.22 69.16 71.04 73.80 77.33 81.56 86.40 91.76 97.56 103.71 110.16 116.97 124.10 131.45 138.92 146.40 153.78 160.93
119.27 121.97 124.50 126.84 129.14 131.73 134.70 138.00 141.60 145.47 149.57 153.85 158.29 162.83 167.46 172.12 176.79 181.36 185.73 189.87 193.74 197.33 200.62 203.37 204.40 203.22 199.98 194.85 187.97 179.55 170.24 160.85 151.59 142.57 133.90 125.66 117.95 110.89 104.57 99.09 94.55 91.06 88.63 86.88 85.34 83.88 82.45 80.99 79.44 77.81 76.23 74.76 73.41 72.20 71.13 70.29 70.16 71.03 72.85 75.54 79.02 83.19 87.98 93.29 99.05 105.15 111.53 118.09 124.78 131.65 138.69 145.78 152.81 159.69 166.27
120.00 122.72 125.26 127.77 130.55 133.70 137.19 140.96 145.00 149.25 153.68 158.25 162.93 167.68 172.46 177.24 181.96 186.61 191.08 195.28 199.15 202.68 205.86 208.43 209.19 207.64 203.92 198.20 190.67 182.03 173.08 164.06 155.08 146.23 137.61 129.33 121.48 114.17 107.49 101.54 96.43 92.26 89.12 87.05 85.61 84.29 82.98 81.62 80.14 78.57 77.06 75.66 74.39 73.26 72.37 72.17 72.98 74.74 77.38 80.80 84.93 89.67 94.93 100.65 106.71 113.05 119.58 126.20 132.84 139.44 146.06 152.67 159.16 165.43 171.35
120.94 123.68 126.39 129.37 132.71 136.38 140.33 144.52 148.93 153.51 158.23 163.05 167.92 172.82 177.70 182.54 187.28 191.89 196.34 200.53 204.37 207.80 210.82 213.18 213.63 211.65 207.42 201.12 193.45 185.28 176.83 168.21 159.51 150.85 142.31 134.00 126.02 118.46 111.44 105.05 99.38 94.55 90.64 87.77 85.96 84.72 83.54 82.28 80.89 79.38 77.94 76.63 75.44 74.49 74.23 74.99 76.70 79.28 82.66 86.74 91.44 96.67 102.34 108.37 114.68 121.18 127.77 134.39 140.93 147.32 153.51 159.54 165.39 170.96 176.12
122.09 125.00 128.19 131.72 135.57 139.70 144.06 148.63 153.37 158.23 163.18 168.19 173.21 178.21 183.14 187.98 192.69 197.22 201.54 205.61 209.34 212.64 215.46 217.56 217.65 215.22 210.47 204.12 197.05 189.49 181.56 173.35 164.96 156.49 148.04 139.72 131.62 123.85 116.49 109.67 103.46 97.98 93.33 89.60 86.90 85.24 84.12 82.98 81.68 80.25 78.88 77.65 76.65 76.34 77.04 78.70 81.24 84.57 88.61 93.27 98.47 104.11 110.11 116.39 122.86 129.44 136.03 142.56 148.93 155.07 160.88 166.32 171.44 176.21 180.50
123.63 127.01 130.74 134.78 139.09 143.63 148.36 153.25 158.26 163.35 168.49 173.63 178.74 183.79 188.73 193.52 198.14 202.54 206.68 210.53 214.04 217.14 219.72 221.52 221.22 218.34 213.63 207.98 201.65 194.73 187.33 179.54 171.47 163.21 154.88 146.56 138.36 130.37 122.71 115.46 108.73 102.62 97.23 92.66 89.02 86.39 84.80 83.70 82.50 81.15 79.87 78.82 78.46 79.11 80.73 83.23 86.53 90.53 95.15 100.32 105.93 111.91 118.16 124.61 131.17 137.75 144.27 150.63 156.76 162.57 167.97 172.88 177.24 181.12 184.45
125.86 129.79 134.01 138.50 143.21 148.11 153.16 158.32 163.56 168.83 174.10 179.33 184.49 189.53 194.42 199.12 203.60 207.81 211.72 215.29 218.49 221.27 223.55 225.00 224.33 221.58 217.68 212.89 207.32 201.05 194.19 186.85 179.11 171.08 162.87 154.57 146.28 138.11 130.14 122.49 115.25 108.53 102.42 97.03 92.45 88.78 86.14 84.51 83.34 82.08 80.99 80.58 81.19 82.77 85.23 88.49 92.46 97.06 102.20 107.79 113.74 119.98 126.42 132.96 139.53 146.04 152.40 158.53 164.34 169.74 174.65 178.99 182.66 185.63 187.90
