data_processed/recharge/precip/Precip_2000_10.asc
ncols        168
nrows        136
xllcorner    455000
yllcorner    2107000
cellsize     500
NODATA_value     -99999
[rows 0 to 33 of 136, columns 0 to 76 of 168]
81.55 84.96 88.19 91.18 93.92 96.41 98.66 100.68 102.46 104.02 105.35 106.46 107.36 108.05 108.54 108.83 108.92 108.82 108.54 108.07 107.43 106.62 105.64 104.49 103.20 101.78 100.24 98.58 96.79 94.87 92.83 90.68 88.44 86.14 83.78 81.40 79.01 76.63 74.28 71.97 69.73 67.58 65.53 63.60 61.82 60.19 58.75 57.50 56.48 55.67 55.01 54.40 53.85 53.34 52.88 52.44 52.02 51.61 51.21 50.82 50.44 50.06 49.69 49.32 48.96 48.60 48.25 47.90 47.55 47.20 46.85 46.50 46.15 45.80 45.45 45.09 44.72
80.48 83.86 87.17 90.30 93.17 95.78 98.13 100.23 102.08 103.69 105.06 106.20 107.11 107.79 108.25 108.50 108.54 108.37 108.00 107.43 106.67 105.72 104.58 103.27 101.81 100.22 98.53 96.75 94.87 92.88 90.80 88.63 86.39 84.10 81.78 79.44 77.11 74.81 72.55 70.36 68.25 66.24 64.35 62.60 61.01 59.60 58.38 57.39 56.61 55.96 55.36 54.81 54.32 53.88 53.47 53.09 52.74 52.40 52.07 51.74 51.41 51.08 50.75 50.43 50.10 49.77 49.44 49.11 48.77 48.43 48.08 47.73 47.37 47.01 46.64 46.24 45.75
79.38 82.72 86.01 89.21 92.21 94.95 97.41 99.61 101.54 103.21 104.63 105.80 106.72 107.40 107.85 108.06 108.05 107.82 107.37 106.71 105.84 104.75 103.47 102.01 100.39 98.66 96.84 94.95 92.98 90.95 88.85 86.67 84.45 82.19 79.91 77.64 75.40 73.19 71.05 68.98 67.02 65.18 63.47 61.92 60.54 59.36 58.39 57.64 57.02 56.43 55.89 55.40 54.97 54.58 54.23 53.91 53.61 53.34 53.07 52.80 52.53 52.26 51.98 51.69 51.40 51.10 50.80 50.48 50.16 49.83 49.49 49.14 48.77 48.40 47.99 47.49 46.85
78.26 81.56 84.81 87.99 91.07 93.93 96.51 98.81 100.83 102.57 104.04 105.25 106.20 106.89 107.33 107.52 107.47 107.19 106.67 105.92 104.93 103.72 102.30 100.71 98.96 97.10 95.16 93.18 91.15 89.09 86.97 84.82 82.62 80.42 78.21 76.02 73.87 71.79 69.78 67.86 66.07 64.40 62.90 61.56 60.42 59.49 58.77 58.17 57.61 57.07 56.58 56.15 55.78 55.45 55.15 54.88 54.64 54.42 54.21 54.01 53.79 53.57 53.34 53.10 52.85 52.58 52.30 52.01 51.71 51.39 51.05 50.70 50.33 49.93 49.43 48.79 48.01
77.13 80.39 83.61 86.75 89.80 92.73 95.43 97.84 99.96 101.78 103.32 104.57 105.55 106.26 106.70 106.88 106.80 106.47 105.89 105.05 103.95 102.62 101.09 99.38 97.52 95.54 93.50 91.45 89.38 87.30 85.20 83.08 80.94 78.80 76.68 74.59 72.56 70.61 68.75 67.01 65.40 63.94 62.65 61.55 60.66 59.98 59.41 58.87 58.35 57.87 57.43 57.05 56.74 56.46 56.22 56.00 55.80 55.63 55.47 55.32 55.17 55.01 54.83 54.63 54.42 54.19 53.94 53.68 53.39 53.08 52.76 52.41 52.03 51.54 50.90 50.12 49.21
76.00 79.22 82.39 85.50 88.51 91.42 94.18 96.71 98.93 100.84 102.45 103.76 104.79 105.52 105.97 106.14 106.04 105.67 105.02 104.08 102.89 101.46 99.83 98.02 96.07 93.99 91.88 89.77 87.68 85.59 83.52 81.45 79.39 77.35 75.33 73.37 71.48 69.68 67.99 66.44 65.03 63.79 62.74 61.90 61.26 60.73 60.22 59.72 59.25 58.81 58.42 58.10 57.84 57.62 57.42 57.25 57.10 56.97 56.85 56.75 56.65 56.55 56.42 56.27 56.10 55.91 55.69 55.46 55.19 54.90 54.59 54.23 53.76 53.15 52.39 51.48 50.44
74.85 78.04 81.17 84.24 87.22 90.10 92.84 95.42 97.75 99.75 101.45 102.83 103.90 104.67 105.14 105.31 105.20 104.78 104.05 103.03 101.76 100.25 98.54 96.65 94.62 92.46 90.29 88.14 86.04 83.98 81.95 79.95 78.00 76.07 74.19 72.37 70.63 69.01 67.51 66.16 64.98 63.98 63.19 62.60 62.11 61.63 61.16 60.70 60.27 59.88 59.54 59.27 59.06 58.89 58.75 58.62 58.52 58.42 58.35 58.28 58.22 58.17 58.10 58.00 57.88 57.72 57.54 57.33 57.09 56.82 56.51 56.08 55.49 54.76 53.88 52.86 51.71
73.70 76.85 79.95 82.99 85.93 88.77 91.48 94.04 96.42 98.53 100.31 101.77 102.90 103.71 104.21 104.39 104.25 103.77 102.98 101.90 100.56 98.99 97.22 95.27 93.17 90.96 88.74 86.58 84.48 82.46 80.49 78.59 76.75 74.97 73.25 71.60 70.04 68.61 67.32 66.20 65.26 64.52 63.98 63.54 63.10 62.65 62.22 61.80 61.41 61.07 60.78 60.55 60.39 60.28 60.18 60.10 60.04 59.98 59.94 59.91 59.89 59.87 59.85 59.80 59.72 59.61 59.47 59.29 59.08 58.81 58.43 57.89 57.20 56.35 55.37 54.24 52.98
72.55 75.67 78.73 81.73 84.64 87.45 90.13 92.65 95.02 97.18 99.05 100.59 101.79 102.65 103.18 103.36 103.18 102.65 101.82 100.69 99.31 97.70 95.88 93.89 91.75 89.49 87.24 85.08 83.01 81.04 79.15 77.36 75.65 74.04 72.51 71.07 69.72 68.50 67.44 66.56 65.88 65.40 65.01 64.61 64.20 63.79 63.39 63.01 62.66 62.36 62.11 61.94 61.83 61.76 61.71 61.68 61.65 61.64 61.63 61.63 61.64 61.65 61.66 61.66 61.63 61.56 61.46 61.31 61.11 60.79 60.31 59.66 58.87 57.93 56.84 55.62 54.27
71.41 74.49 77.52 80.48 83.36 86.14 88.78 91.28 93.61 95.75 97.67 99.30 100.57 101.49 102.04 102.20 101.98 101.43 100.57 99.42 98.01 96.37 94.52 92.50 90.34 88.06 85.80 83.65 81.63 79.73 77.94 76.27 74.72 73.28 71.96 70.75 69.66 68.69 67.88 67.26 66.85 66.51 66.16 65.79 65.40 65.02 64.65 64.31 64.00 63.74 63.54 63.41 63.35 63.33 63.33 63.33 63.35 63.37 63.40 63.43 63.46 63.50 63.53 63.55 63.57 63.55 63.49 63.36 63.11 62.70 62.12 61.38 60.50 59.46 58.29 56.98 55.55
70.27 73.31 76.31 79.24 82.09 84.83 87.45 89.91 92.21 94.33 96.23 97.90 99.25 100.21 100.75 100.90 100.68 100.12 99.24 98.08 96.66 95.01 93.16 91.13 88.95 86.67 84.41 82.31 80.35 78.53 76.86 75.34 73.95 72.72 71.62 70.66 69.85 69.18 68.65 68.30 68.03 67.73 67.40 67.05 66.69 66.34 66.00 65.69 65.42 65.20 65.05 64.96 64.95 64.98 65.01 65.06 65.11 65.17 65.23 65.29 65.35 65.40 65.46 65.50 65.54 65.56 65.52 65.36 65.02 64.52 63.86 63.04 62.07 60.96 59.71 58.32 56.81
69.13 72.15 75.12 78.02 80.83 83.54 86.13 88.56 90.84 92.92 94.80 96.44 97.80 98.77 99.32 99.47 99.26 98.71 97.84 96.69 95.28 93.63 91.79 89.77 87.60 85.33 83.10 81.05 79.16 77.46 75.92 74.56 73.36 72.34 71.49 70.80 70.28 69.93 69.73 69.55 69.30 69.02 68.71 68.39 68.06 67.73 67.43 67.15 66.92 66.73 66.62 66.57 66.61 66.68 66.76 66.84 66.93 67.02 67.11 67.20 67.28 67.36 67.43 67.49 67.55 67.57 67.49 67.25 66.84 66.26 65.52 64.63 63.59 62.40 61.08 59.63 58.05
68.02 71.00 73.94 76.81 79.59 82.27 84.83 87.24 89.48 91.53 93.38 94.96 96.24 97.18 97.75 97.93 97.74 97.21 96.37 95.24 93.86 92.24 90.43 88.43 86.29 84.04 81.86 79.88 78.09 76.51 75.13 73.94 72.95 72.16 71.57 71.17 70.97 70.94 70.95 70.85 70.65 70.38 70.09 69.79 69.48 69.18 68.91 68.66 68.46 68.32 68.24 68.24 68.32 68.43 68.55 68.67 68.79 68.91 69.03 69.15 69.25 69.35 69.44 69.52 69.57 69.52 69.34 69.02 68.54 67.89 67.09 66.13 65.03 63.79 62.41 60.90 59.26
66.91 69.87 72.77 75.61 78.37 81.02 83.55 85.93 88.14 90.17 91.95 93.43 94.61 95.48 96.05 96.27 96.12 95.64 94.84 93.76 92.42 90.84 89.07 87.12 85.03 82.82 80.70 78.81 77.14 75.70 74.48 73.49 72.73 72.19 71.88 71.78 71.89 72.06 72.15 72.14 72.02 71.80 71.53 71.24 70.96 70.68 70.44 70.22 70.05 69.94 69.90 69.94 70.06 70.22 70.37 70.53 70.69 70.84 70.98 71.12 71.25 71.36 71.47 71.54 71.52 71.37 71.08 70.67 70.11 69.41 68.55 67.54 66.39 65.10 63.67 62.11 60.43
65.83 68.75 71.63 74.44 77.17 79.79 82.29 84.65 86.83 88.79 90.46 91.84 92.94 93.74 94.27 94.50 94.42 93.99 93.25 92.23 90.95 89.44 87.73 85.85 83.81 81.67 79.63 77.84 76.30 75.02 74.00 73.22 72.70 72.43 72.41 72.62 72.91 73.15 73.31 73.38 73.35 73.22 73.00 72.73 72.47 72.22 72.00 71.81 71.67 71.60 71.59 71.67 71.83 72.03 72.22 72.41 72.59 72.77 72.94 73.10 73.25 73.39 73.49 73.50 73.37 73.11 72.72 72.21 71.57 70.81 69.91 68.85 67.66 66.32 64.86 63.26 61.55
64.77 67.66 70.51 73.30 76.00 78.59 81.07 83.39 85.50 87.35 88.91 90.21 91.23 91.98 92.46 92.68 92.63 92.28 91.62 90.68 89.48 88.05 86.42 84.61 82.66 80.60 78.65 76.99 75.60 74.50 73.68 73.13 72.87 72.89 73.16 73.54 73.88 74.17 74.39 74.54 74.61 74.59 74.46 74.25 74.01 73.78 73.58 73.42 73.31 73.27 73.30 73.41 73.61 73.84 74.07 74.29 74.51 74.71 74.91 75.09 75.26 75.39 75.43 75.33 75.10 74.74 74.26 73.65 72.93 72.09 71.14 70.05 68.82 67.46 65.96 64.34 62.60
63.74 66.60 69.42 72.18 74.86 77.43 79.87 82.12 84.11 85.84 87.31 88.52 89.48 90.18 90.64 90.84 90.80 90.51 89.95 89.10 88.00 86.67 85.13 83.42 81.56 79.61 77.78 76.25 75.03 74.13 73.53 73.23 73.25 73.55 73.98 74.39 74.77 75.11 75.40 75.62 75.77 75.85 75.84 75.74 75.55 75.35 75.17 75.04 74.96 74.94 75.00 75.15 75.39 75.66 75.92 76.17 76.41 76.65 76.86 77.06 77.23 77.30 77.24 77.04 76.71 76.26 75.68 74.99 74.18 73.27 72.26 71.13 69.88 68.49 66.98 65.34 63.58
62.73 65.57 68.36 71.10 73.74 76.28 78.65 80.78 82.65 84.28 85.66 86.80 87.71 88.37 88.80 89.00 88.98 88.72 88.24 87.51 86.52 85.30 83.88 82.28 80.54 78.70 77.00 75.64 74.61 73.91 73.55 73.53 73.82 74.26 74.71 75.15 75.56 75.94 76.29 76.58 76.83 77.00 77.10 77.12 77.06 76.91 76.76 76.65 76.59 76.60 76.70 76.88 77.15 77.46 77.75 78.03 78.30 78.55 78.79 78.99 79.10 79.07 78.91 78.61 78.19 77.65 76.99 76.22 75.34 74.35 73.27 72.09 70.82 69.42 67.89 66.25 64.48
61.76 64.57 67.34 70.05 72.67 75.13 77.36 79.36 81.13 82.66 83.97 85.05 85.91 86.55 86.97 87.18 87.17 86.95 86.53 85.90 85.04 83.96 82.67 81.21 79.60 77.89 76.35 75.16 74.33 73.87 73.76 74.00 74.42 74.87 75.32 75.78 76.22 76.65 77.05 77.42 77.74 78.01 78.22 78.37 78.43 78.41 78.32 78.24 78.21 78.25 78.37 78.58 78.89 79.23 79.55 79.86 80.15 80.43 80.67 80.81 80.82 80.69 80.43 80.05 79.54 78.92 78.18 77.33 76.38 75.33 74.19 72.95 71.63 70.22 68.70 67.05 65.29
60.82 63.61 66.35 69.03 71.57 73.89 76.00 77.88 79.55 81.00 82.24 83.27 84.09 84.72 85.14 85.36 85.38 85.22 84.86 84.32 83.58 82.65 81.51 80.20 78.74 77.19 75.81 74.81 74.21 73.99 74.14 74.50 74.91 75.34 75.80 76.27 76.74 77.21 77.66 78.10 78.50 78.86 79.18 79.44 79.64 79.77 79.81 79.79 79.79 79.85 80.00 80.25 80.59 80.96 81.31 81.64 81.96 82.24 82.42 82.47 82.38 82.16 81.81 81.34 80.75 80.05 79.24 78.33 77.31 76.20 75.01 73.72 72.35 70.91 69.38 67.75 66.00
59.93 62.69 65.40 68.00 70.39 72.58 74.56 76.34 77.91 79.29 80.48 81.47 82.27 82.88 83.31 83.56 83.63 83.52 83.24 82.79 82.16 81.37 80.40 79.26 77.97 76.59 75.39 74.61 74.24 74.27 74.53 74.86 75.24 75.66 76.12 76.60 77.10 77.60 78.11 78.60 79.08 79.54 79.96 80.33 80.66 80.93 81.13 81.26 81.32 81.42 81.59 81.86 82.24 82.63 83.01 83.37 83.69 83.92 84.00 83.96 83.77 83.47 83.04 82.49 81.82 81.05 80.18 79.20 78.13 76.97 75.72 74.39 72.98 71.50 69.95 68.32 66.60
59.07 61.80 64.43 66.88 69.13 71.19 73.05 74.74 76.23 77.55 78.69 79.65 80.44 81.05 81.50 81.78 81.91 81.87 81.67 81.32 80.81 80.16 79.36 78.40 77.30 76.10 75.11 74.56 74.42 74.54 74.76 75.05 75.40 75.81 76.26 76.75 77.27 77.81 78.36 78.91 79.47 80.01 80.53 81.02 81.47 81.88 82.23 82.53 82.75 82.91 83.12 83.42 83.82 84.24 84.65 85.01 85.28 85.41 85.40 85.27 85.00 84.61 84.10 83.48 82.75 81.91 80.98 79.95 78.82 77.61 76.32 74.95 73.50 71.99 70.41 68.78 67.07
58.26 60.90 63.37 65.67 67.78 69.72 71.49 73.08 74.51 75.77 76.88 77.82 78.60 79.23 79.71 80.04 80.22 80.26 80.16 79.92 79.54 79.04 78.40 77.63 76.73 75.74 74.97 74.64 74.58 74.65 74.81 75.05 75.36 75.75 76.19 76.69 77.23 77.80 78.40 79.01 79.64 80.26 80.88 81.48 82.06 82.60 83.10 83.56 83.95 84.28 84.56 84.89 85.32 85.77 86.19 86.50 86.67 86.71 86.62 86.40 86.05 85.59 85.01 84.32 83.53 82.63 81.64 80.56 79.39 78.14 76.81 75.40 73.93 72.39 70.79 69.14 67.43
57.42 59.90 62.22 64.37 66.36 68.19 69.87 71.39 72.76 73.98 75.05 75.98 76.77 77.42 77.94 78.33 78.58 78.71 78.71 78.60 78.36 78.00 77.54 76.96 76.27 75.50 74.94 74.68 74.55 74.54 74.64 74.83 75.11 75.48 75.91 76.41 76.96 77.56 78.20 78.87 79.57 80.27 80.98 81.69 82.39 83.07 83.72 84.33 84.90 85.41 85.87 86.28 86.74 87.20 87.56 87.78 87.87 87.82 87.64 87.34 86.93 86.39 85.75 85.00 84.15 83.20 82.16 81.04 79.83 78.54 77.18 75.74 74.25 72.69 71.08 69.41 67.70
56.50 58.81 60.98 63.00 64.88 66.61 68.20 69.65 70.97 72.16 73.22 74.15 74.96 75.64 76.21 76.66 77.00 77.22 77.34 77.35 77.26 77.07 76.79 76.41 75.93 75.37 74.87 74.52 74.31 74.22 74.25 74.39 74.63 74.97 75.39 75.88 76.45 77.08 77.76 78.48 79.24 80.02 80.82 81.64 82.45 83.26 84.05 84.82 85.56 86.26 86.91 87.50 88.03 88.45 88.72 88.85 88.86 88.73 88.48 88.11 87.62 87.02 86.32 85.52 84.62 83.62 82.54 81.38 80.13 78.81 77.42 75.97 74.46 72.89 71.26 69.59 67.88
55.61 57.77 59.79 61.68 63.44 65.08 66.59 67.98 69.25 70.41 71.45 72.38 73.21 73.93 74.55 75.06 75.49 75.81 76.05 76.20 76.26 76.23 76.13 75.95 75.67 75.23 74.68 74.22 73.91 73.73 73.69 73.77 73.96 74.27 74.66 75.15 75.73 76.37 77.08 77.85 78.66 79.52 80.40 81.31 82.23 83.17 84.09 85.01 85.91 86.78 87.62 88.41 89.11 89.53 89.72 89.77 89.69 89.49 89.17 88.73 88.18 87.52 86.76 85.91 84.96 83.92 82.80 81.60 80.33 78.98 77.57 76.10 74.57 72.99 71.36 69.69 67.98
54.92 56.91 58.78 60.53 62.18 63.71 65.14 66.46 67.68 68.80 69.82 70.75 71.59 72.34 73.00 73.58 74.08 74.50 74.85 75.12 75.33 75.47 75.54 75.54 75.37 74.95 74.41 73.89 73.46 73.19 73.06 73.06 73.20 73.45 73.82 74.29 74.85 75.50 76.22 77.02 77.88 78.79 79.75 80.74 81.76 82.80 83.85 84.90 85.95 86.98 87.99 88.97 89.85 90.43 90.62 90.60 90.44 90.16 89.77 89.26 88.65 87.93 87.12 86.21 85.22 84.14 82.98 81.75 80.45 79.08 77.64 76.16 74.61 73.02 71.39 69.72 68.01
54.45 56.25 57.96 59.57 61.09 62.52 63.85 65.10 66.26 67.33 68.33 69.25 70.09 70.87 71.57 72.21 72.78 73.29 73.74 74.14 74.48 74.78 75.01 75.09 74.93 74.52 74.00 73.48 73.00 72.61 72.38 72.30 72.36 72.55 72.87 73.30 73.84 74.48 75.21 76.03 76.92 77.87 78.88 79.94 81.04 82.18 83.34 84.51 85.69 86.87 88.04 89.18 90.24 90.99 91.34 91.33 91.09 90.74 90.28 89.71 89.03 88.26 87.40 86.44 85.40 84.28 83.09 81.82 80.49 79.10 77.64 76.14 74.59 72.99 71.35 69.68 67.99
54.19 55.80 57.33 58.80 60.19 61.50 62.73 63.89 64.99 66.02 66.98 67.89 68.73 69.52 70.26 70.94 71.58 72.18 72.73 73.24 73.72 74.15 74.44 74.51 74.35 73.95 73.45 72.95 72.47 72.03 71.69 71.50 71.47 71.59 71.84 72.23 72.73 73.35 74.07 74.89 75.79 76.77 77.83 78.94 80.11 81.33 82.58 83.86 85.17 86.48 87.80 89.09 90.29 91.21 91.74 91.88 91.66 91.24 90.71 90.07 89.34 88.51 87.59 86.59 85.50 84.35 83.12 81.82 80.46 79.04 77.57 76.05 74.49 72.88 71.24 69.59 67.96
54.14 55.56 56.91 58.21 59.46 60.65 61.78 62.85 63.88 64.85 65.78 66.66 67.50 68.30 69.06 69.79 70.49 71.16 71.81 72.43 73.02 73.49 73.76 73.82 73.65 73.27 72.78 72.30 71.83 71.39 70.98 70.69 70.56 70.59 70.77 71.09 71.54 72.12 72.82 73.62 74.53 75.53 76.61 77.77 78.99 80.27 81.61 82.98 84.40 85.85 87.29 88.70 90.04 91.10 91.79 92.11 92.05 91.64 91.05 90.35 89.55 88.67 87.70 86.65 85.53 84.33 83.06 81.74 80.35 78.91 77.42 75.89 74.32 72.71 71.08 69.48 67.93
54.27 55.51 56.68 57.81 58.91 59.97 60.99 61.97 62.92 63.83 64.71 65.56 66.39 67.20 67.98 68.75 69.50 70.24 70.97 71.69 72.30 72.74 72.98 73.02 72.85 72.47 72.00 71.53 71.08 70.65 70.24 69.88 69.64 69.57 69.66 69.90 70.29 70.82 71.48 72.26 73.15 74.15 75.25 76.43 77.70 79.03 80.44 81.91 83.43 84.98 86.53 88.06 89.50 90.69 91.52 92.00 92.12 91.87 91.30 90.54 89.69 88.75 87.73 86.64 85.47 84.23 82.94 81.58 80.17 78.71 77.20 75.66 74.07 72.47 70.90 69.38 67.91
54.56 55.63 56.64 57.61 58.54 59.46 60.36 61.24 62.11 62.95 63.78 64.60 65.41 66.21 67.01 67.81 68.61 69.42 70.22 70.94 71.50 71.89 72.10 72.12 71.94 71.57 71.11 70.66 70.22 69.80 69.41 69.05 68.74 68.55 68.54 68.69 69.00 69.47 70.07 70.82 71.69 72.67 73.77 74.97 76.26 77.64 79.11 80.67 82.28 83.92 85.56 87.17 88.71 90.00 90.96 91.58 91.86 91.79 91.38 90.64 89.74 88.75 87.68 86.54 85.33 84.06 82.73 81.34 79.91 78.43 76.91 75.35 73.77 72.23 70.73 69.29 67.89
55.01 55.91 56.76 57.58 58.36 59.13 59.90 60.68 61.45 62.22 62.99 63.77 64.56 65.35 66.16 66.99 67.83 68.68 69.47 70.12 70.63 70.97 71.14 71.14 70.95 70.58 70.13 69.69 69.26 68.85 68.47 68.13 67.82 67.56 67.43 67.48 67.70 68.09 68.63 69.32 70.15 71.11 72.19 73.39 74.70 76.13 77.67 79.29 80.97 82.68 84.39 86.07 87.69 89.07 90.13 90.88 91.30 91.39 91.15 90.58 89.70 88.66 87.55 86.36 85.11 83.81 82.44 81.03 79.57 78.07 76.54 74.98 73.46 71.99 70.57 69.21 67.89
55.59 56.34 57.04 57.70 58.34 58.97 59.61 60.27 60.94 61.63 62.34 63.07 63.83 64.61 65.42 66.27 67.13 67.96 68.66 69.24 69.68 69.97 70.11 70.08 69.89 69.52 69.08 68.64 68.22 67.83 67.46 67.12 66.82 66.56 66.36 66.30 66.41 66.70 67.17 67.79 68.57 69.49 70.54 71.73 73.07 74.54 76.13 77.80 79.53 81.29 83.05 84.79 86.46 87.91 89.06 89.91 90.45 90.69 90.61 90.21 89.49 88.49 87.33 86.10 84.81 83.47 82.08 80.64 79.16 77.64 76.11 74.61 73.16 71.77 70.43 69.13 67.89
