data_processed/recharge/precip/Precip_1991_04.asc
ncols        168
nrows        136
xllcorner    455000
yllcorner    2107000
cellsize     500
NODATA_value     -99999
[rows 72 to 107 of 136, columns 0 to 79 of 168]
8.28 8.51 8.74 8.97 9.19 9.40 9.61 9.82 10.02 10.22 10.42 10.61 10.81 11.01 11.20 11.40 11.59 11.79 11.99 12.19 12.40 12.60 12.79 12.97 13.14 13.29 13.44 13.58 13.71 13.83 13.95 14.07 14.18 14.29 14.39 14.49 14.59 14.69 14.78 14.86 14.95 15.02 15.09 15.16 15.22 15.28 15.33 15.38 15.42 15.46 15.49 15.52 15.54 15.55 15.57 15.57 15.57 15.56 15.55 15.53 15.51 15.48 15.45 15.41 15.36 15.31 15.25 15.18 15.11 15.04 14.95 14.86 14.77 14.67 14.56 14.44 14.32 14.19 14.06 13.92
8.43 8.65 8.88 9.09 9.30 9.51 9.71 9.91 10.10 10.29 10.48 10.67 10.85 11.04 11.22 11.41 11.59 11.78 11.96 12.15 12.34 12.54 12.73 12.91 13.08 13.24 13.39 13.53 13.66 13.78 13.90 14.02 14.13 14.24 14.35 14.45 14.55 14.64 14.73 14.82 14.90 14.98 15.05 15.12 15.18 15.24 15.29 15.34 15.38 15.42 15.45 15.48 15.50 15.51 15.53 15.53 15.53 15.52 15.51 15.50 15.47 15.45 15.41 15.37 15.33 15.28 15.22 15.15 15.08 15.01 14.93 14.84 14.74 14.64 14.54 14.42 14.30 14.18 14.04 13.90
8.57 8.79 9.01 9.22 9.42 9.62 9.81 10.00 10.19 10.37 10.55 10.73 10.90 11.07 11.25 11.42 11.59 11.77 11.94 12.12 12.30 12.48 12.66 12.84 13.02 13.18 13.33 13.47 13.60 13.73 13.85 13.96 14.08 14.19 14.29 14.40 14.50 14.59 14.68 14.77 14.85 14.93 15.00 15.07 15.13 15.19 15.24 15.29 15.33 15.37 15.40 15.43 15.45 15.47 15.48 15.49 15.49 15.48 15.47 15.45 15.43 15.41 15.37 15.33 15.29 15.24 15.18 15.12 15.05 14.98 14.90 14.81 14.72 14.62 14.51 14.40 14.28 14.16 14.02 13.89
8.72 8.93 9.14 9.35 9.54 9.73 9.92 10.10 10.28 10.45 10.62 10.79 10.95 11.12 11.28 11.44 11.60 11.77 11.93 12.09 12.26 12.43 12.60 12.78 12.95 13.11 13.26 13.40 13.54 13.66 13.78 13.90 14.02 14.13 14.24 14.34 14.44 14.53 14.63 14.71 14.79 14.87 14.94 15.01 15.07 15.13 15.19 15.23 15.28 15.31 15.35 15.38 15.40 15.42 15.43 15.43 15.44 15.43 15.42 15.41 15.39 15.36 15.33 15.29 15.25 15.20 15.14 15.08 15.01 14.94 14.86 14.78 14.68 14.59 14.48 14.37 14.25 14.13 14.00 13.86
8.86 9.07 9.27 9.47 9.66 9.84 10.02 10.20 10.37 10.53 10.69 10.85 11.01 11.16 11.32 11.47 11.62 11.77 11.92 12.08 12.23 12.39 12.55 12.71 12.87 13.04 13.19 13.33 13.47 13.59 13.72 13.83 13.95 14.06 14.17 14.27 14.37 14.47 14.56 14.65 14.73 14.81 14.88 14.95 15.01 15.07 15.12 15.17 15.22 15.25 15.29 15.32 15.34 15.36 15.37 15.38 15.38 15.38 15.37 15.35 15.33 15.31 15.28 15.24 15.20 15.15 15.10 15.04 14.97 14.90 14.82 14.74 14.65 14.55 14.45 14.34 14.22 14.10 13.97 13.84
9.00 9.20 9.40 9.59 9.78 9.96 10.13 10.30 10.46 10.62 10.77 10.92 11.07 11.21 11.36 11.50 11.64 11.78 11.92 12.07 12.21 12.35 12.50 12.65 12.80 12.96 13.11 13.26 13.39 13.52 13.64 13.76 13.88 13.99 14.10 14.20 14.30 14.40 14.49 14.58 14.66 14.74 14.81 14.88 14.94 15.00 15.05 15.10 15.15 15.19 15.22 15.25 15.27 15.29 15.31 15.32 15.32 15.32 15.31 15.30 15.28 15.25 15.22 15.19 15.15 15.10 15.05 14.99 14.92 14.85 14.77 14.69 14.60 14.51 14.41 14.30 14.19 14.07 13.94 13.81
9.13 9.34 9.53 9.72 9.89 10.07 10.23 10.39 10.55 10.70 10.85 10.99 11.13 11.27 11.40 11.53 11.67 11.80 11.93 12.06 12.19 12.32 12.46 12.60 12.74 12.88 13.03 13.17 13.31 13.44 13.56 13.68 13.80 13.91 14.02 14.13 14.23 14.32 14.41 14.50 14.58 14.66 14.73 14.80 14.87 14.93 14.98 15.03 15.07 15.11 15.15 15.18 15.20 15.22 15.24 15.25 15.25 15.25 15.24 15.23 15.21 15.19 15.16 15.13 15.09 15.04 14.99 14.93 14.87 14.80 14.72 14.64 14.56 14.46 14.36 14.26 14.15 14.03 13.90 13.77
9.26 9.46 9.65 9.83 10.01 10.17 10.33 10.49 10.64 10.78 10.92 11.06 11.19 11.32 11.45 11.57 11.69 11.81 11.94 12.06 12.18 12.30 12.43 12.55 12.68 12.81 12.95 13.09 13.22 13.35 13.48 13.60 13.71 13.83 13.94 14.04 14.14 14.24 14.33 14.42 14.50 14.58 14.65 14.72 14.78 14.84 14.90 14.95 14.99 15.04 15.07 15.10 15.13 15.15 15.16 15.17 15.18 15.18 15.17 15.16 15.14 15.12 15.10 15.06 15.02 14.98 14.93 14.87 14.81 14.74 14.67 14.59 14.50 14.41 14.32 14.21 14.10 13.98 13.86 13.73
9.39 9.58 9.77 9.95 10.12 10.28 10.43 10.58 10.73 10.86 11.00 11.13 11.25 11.37 11.49 11.61 11.72 11.84 11.95 12.06 12.17 12.28 12.40 12.51 12.63 12.75 12.87 13.00 13.13 13.26 13.38 13.50 13.62 13.73 13.84 13.95 14.05 14.14 14.24 14.32 14.41 14.49 14.56 14.63 14.70 14.76 14.81 14.86 14.91 14.95 14.99 15.02 15.04 15.07 15.08 15.09 15.10 15.10 15.10 15.09 15.07 15.05 15.02 14.99 14.95 14.91 14.86 14.81 14.75 14.68 14.61 14.53 14.45 14.36 14.26 14.16 14.05 13.94 13.82 13.69
9.50 9.70 9.88 10.05 10.22 10.38 10.53 10.67 10.81 10.94 11.07 11.19 11.31 11.43 11.54 11.65 11.75 11.86 11.96 12.06 12.17 12.27 12.37 12.48 12.58 12.69 12.80 12.92 13.03 13.15 13.27 13.39 13.51 13.62 13.73 13.84 13.94 14.03 14.13 14.22 14.30 14.38 14.45 14.52 14.59 14.65 14.71 14.76 14.81 14.85 14.89 14.92 14.95 14.97 14.99 15.00 15.01 15.01 15.01 15.00 14.99 14.97 14.94 14.91 14.88 14.83 14.79 14.73 14.68 14.61 14.54 14.47 14.38 14.30 14.20 14.10 13.99 13.88 13.76 13.64
9.62 9.81 9.99 10.16 10.32 10.47 10.62 10.76 10.89 11.02 11.14 11.26 11.37 11.48 11.58 11.68 11.78 11.88 11.97 12.07 12.16 12.25 12.35 12.44 12.54 12.63 12.73 12.84 12.93 12.99 13.08 13.20 13.32 13.43 13.55 13.65 13.76 13.85 13.95 14.04 14.13 14.21 14.28 14.36 14.42 14.49 14.55 14.60 14.65 14.70 14.74 14.77 14.80 14.83 14.85 14.86 14.87 14.88 14.88 14.87 14.86 14.84 14.82 14.79 14.76 14.72 14.68 14.63 14.57 14.51 14.44 14.37 14.29 14.21 14.12 14.02 13.92 13.81 13.69 13.57
9.72 9.91 10.09 10.26 10.41 10.56 10.71 10.84 10.97 11.09 11.21 11.32 11.43 11.53 11.62 11.72 11.81 11.90 11.98 12.07 12.15 12.24 12.32 12.40 12.49 12.58 12.67 12.74 12.78 12.79 12.83 12.92 13.03 13.15 13.27 13.38 13.48 13.59 13.68 13.78 13.87 13.95 14.03 14.11 14.18 14.25 14.31 14.37 14.42 14.47 14.52 14.56 14.59 14.62 14.64 14.66 14.68 14.69 14.69 14.69 14.68 14.67 14.65 14.63 14.60 14.57 14.53 14.49 14.43 14.38 14.32 14.25 14.17 14.09 14.01 13.92 13.82 13.72 13.61 13.49
9.82 10.01 10.18 10.35 10.51 10.65 10.79 10.92 11.05 11.16 11.27 11.38 11.48 11.57 11.66 11.75 11.83 11.91 11.99 12.07 12.15 12.22 12.29 12.37 12.44 12.52 12.58 12.61 12.59 12.55 12.53 12.57 12.66 12.78 12.90 13.01 13.13 13.23 13.34 13.44 13.53 13.62 13.71 13.79 13.87 13.94 14.01 14.07 14.13 14.19 14.24 14.28 14.32 14.36 14.39 14.41 14.43 14.45 14.46 14.46 14.46 14.46 14.44 14.43 14.41 14.38 14.35 14.31 14.26 14.21 14.16 14.10 14.03 13.96 13.88 13.79 13.70 13.60 13.50 13.39
9.92 10.10 10.28 10.44 10.59 10.74 10.87 11.00 11.12 11.23 11.33 11.43 11.53 11.62 11.70 11.78 11.86 11.93 12.00 12.07 12.14 12.20 12.27 12.33 12.40 12.45 12.46 12.43 12.37 12.27 12.20 12.18 12.23 12.32 12.44 12.56 12.68 12.80 12.91 13.01 13.12 13.21 13.31 13.40 13.48 13.56 13.64 13.71 13.77 13.84 13.89 13.94 13.99 14.04 14.07 14.11 14.13 14.16 14.17 14.19 14.19 14.20 14.19 14.18 14.17 14.15 14.13 14.10 14.06 14.02 13.97 13.92 13.86 13.79 13.72 13.65 13.56 13.48 13.38 13.28
10.01 10.19 10.36 10.52 10.67 10.81 10.95 11.07 11.18 11.29 11.39 11.49 11.58 11.66 11.74 11.81 11.88 11.95 12.01 12.07 12.13 12.18 12.24 12.29 12.33 12.34 12.30 12.22 12.11 11.96 11.83 11.77 11.76 11.80 11.90 12.03 12.16 12.28 12.40 12.51 12.62 12.73 12.83 12.93 13.02 13.11 13.20 13.28 13.35 13.42 13.49 13.55 13.61 13.66 13.71 13.75 13.79 13.82 13.85 13.87 13.89 13.90 13.90 13.90 13.90 13.89 13.88 13.85 13.83 13.80 13.76 13.72 13.67 13.61 13.55 13.48 13.41 13.33 13.25 13.16
10.10 10.28 10.45 10.60 10.75 10.89 11.02 11.14 11.25 11.35 11.45 11.54 11.62 11.70 11.77 11.84 11.90 11.96 12.01 12.07 12.12 12.16 12.21 12.24 12.24 12.19 12.11 11.98 11.81 11.61 11.44 11.33 11.27 11.26 11.31 11.42 11.55 11.68 11.81 11.94 12.06 12.18 12.29 12.40 12.50 12.60 12.70 12.79 12.87 12.96 13.03 13.10 13.17 13.24 13.29 13.35 13.39 13.44 13.48 13.51 13.54 13.56 13.58 13.59 13.60 13.60 13.59 13.59 13.57 13.55 13.52 13.49 13.46 13.41 13.36 13.31 13.25 13.18 13.11 13.03
10.18 10.36 10.52 10.68 10.83 10.96 11.09 11.20 11.31 11.41 11.50 11.58 11.66 11.73 11.80 11.86 11.92 11.97 12.02 12.06 12.10 12.14 12.17 12.16 12.10 12.01 11.88 11.70 11.48 11.24 11.02 10.86 10.75 10.70 10.70 10.76 10.87 11.01 11.16 11.29 11.43 11.55 11.68 11.80 11.92 12.03 12.14 12.24 12.34 12.43 12.52 12.61 12.69 12.76 12.83 12.90 12.96 13.01 13.07 13.11 13.15 13.19 13.22 13.24 13.26 13.28 13.29 13.29 13.29 13.28 13.27 13.25 13.23 13.20 13.16 13.12 13.07 13.02 12.96 12.90
10.25 10.43 10.60 10.75 10.89 11.03 11.15 11.26 11.37 11.46 11.55 11.63 11.70 11.77 11.83 11.88 11.93 11.98 12.02 12.06 12.09 12.11 12.09 12.03 11.93 11.79 11.61 11.39 11.13 10.84 10.57 10.36 10.21 10.11 10.07 10.08 10.15 10.27 10.43 10.58 10.72 10.87 11.00 11.14 11.27 11.39 11.52 11.63 11.75 11.85 11.96 12.06 12.15 12.24 12.33 12.41 12.48 12.55 12.62 12.68 12.73 12.78 12.83 12.87 12.90 12.93 12.96 12.97 12.99 13.00 13.00 12.99 12.99 12.97 12.95 12.92 12.89 12.85 12.81 12.76
10.32 10.50 10.67 10.82 10.96 11.09 11.21 11.32 11.42 11.51 11.59 11.67 11.74 11.80 11.85 11.90 11.95 11.98 12.02 12.05 12.06 12.04 11.98 11.87 11.73 11.55 11.32 11.06 10.75 10.41 10.10 9.85 9.65 9.51 9.42 9.39 9.42 9.50 9.63 9.79 9.95 10.11 10.27 10.42 10.56 10.70 10.84 10.97 11.10 11.23 11.35 11.46 11.57 11.68 11.78 11.87 11.96 12.05 12.13 12.21 12.28 12.35 12.41 12.46 12.52 12.56 12.60 12.64 12.67 12.69 12.71 12.72 12.73 12.73 12.73 12.72 12.70 12.68 12.66 12.62
10.39 10.57 10.73 10.88 11.02 11.15 11.26 11.37 11.47 11.56 11.64 11.71 11.77 11.83 11.88 11.92 11.96 11.99 12.02 12.03 12.00 11.94 11.83 11.69 11.50 11.27 11.00 10.70 10.35 9.97 9.61 9.32 9.08 8.89 8.76 8.69 8.67 8.71 8.80 8.95 9.12 9.30 9.47 9.64 9.80 9.96 10.11 10.26 10.41 10.55 10.69 10.82 10.95 11.07 11.19 11.30 11.41 11.52 11.62 11.71 11.80 11.88 11.96 12.04 12.11 12.17 12.23 12.28 12.33 12.37 12.41 12.44 12.47 12.49 12.50 12.51 12.51 12.51 12.50 12.49
10.45 10.62 10.79 10.94 11.07 11.20 11.32 11.42 11.51 11.60 11.67 11.74 11.80 11.85 11.90 11.93 11.97 11.99 12.00 11.97 11.91 11.80 11.65 11.47 11.24 10.97 10.66 10.31 9.92 9.50 9.11 8.77 8.49 8.26 8.09 7.98 7.92 7.91 7.97 8.07 8.24 8.42 8.61 8.80 8.98 9.16 9.33 9.50 9.67 9.83 9.98 10.14 10.28 10.43 10.56 10.70 10.83 10.95 11.07 11.18 11.29 11.39 11.49 11.59 11.68 11.76 11.84 11.91 11.98 12.04 12.10 12.15 12.20 12.24 12.27 12.30 12.32 12.34 12.35 12.36
10.50 10.68 10.84 10.99 11.12 11.25 11.36 11.46 11.56 11.64 11.71 11.77 11.83 11.87 11.91 11.95 11.97 11.98 11.95 11.89 11.78 11.63 11.45 11.22 10.95 10.65 10.30 9.91 9.48 9.02 8.59 8.21 7.89 7.62 7.41 7.26 7.16 7.12 7.13 7.20 7.32 7.50 7.71 7.91 8.11 8.31 8.51 8.70 8.88 9.06 9.24 9.41 9.58 9.74 9.90 10.06 10.21 10.35 10.49 10.63 10.76 10.88 11.00 11.12 11.23 11.33 11.43 11.53 11.62 11.70 11.78 11.85 11.92 11.98 12.04 12.09 12.14 12.18 12.21 12.24
10.55 10.73 10.89 11.03 11.17 11.29 11.40 11.50 11.59 11.67 11.74 11.80 11.85 11.89 11.93 11.96 11.97 11.94 11.87 11.77 11.62 11.44 11.21 10.95 10.65 10.30 9.91 9.49 9.02 8.52 8.05 7.64 7.28 6.98 6.73 6.54 6.40 6.32 6.29 6.32 6.41 6.55 6.75 6.97 7.20 7.42 7.63 7.85 8.05 8.26 8.46 8.65 8.84 9.03 9.21 9.39 9.56 9.73 9.89 10.05 10.20 10.35 10.49 10.63 10.76 10.89 11.02 11.13 11.25 11.35 11.46 11.55 11.64 11.73 11.81 11.88 11.95 12.02 12.07 12.13
10.59 10.77 10.93 11.08 11.21 11.33 11.44 11.54 11.63 11.70 11.77 11.83 11.87 11.91 11.94 11.95 11.93 11.87 11.76 11.62 11.44 11.22 10.96 10.66 10.32 9.94 9.51 9.05 8.55 8.01 7.51 7.06 6.66 6.32 6.04 5.81 5.64 5.52 5.46 5.45 5.50 5.61 5.77 5.99 6.23 6.48 6.72 6.95 7.19 7.41 7.64 7.86 8.07 8.28 8.49 8.69 8.89 9.08 9.27 9.45 9.63 9.80 9.97 10.13 10.29 10.44 10.59 10.73 10.87 11.00 11.13 11.25 11.37 11.48 11.58 11.68 11.78 11.86 11.95 12.02
10.63 10.80 10.97 11.11 11.25 11.37 11.48 11.57 11.66 11.73 11.79 11.85 11.89 11.92 11.94 11.92 11.86 11.76 11.63 11.45 11.23 10.98 10.68 10.35 9.97 9.56 9.10 8.60 8.06 7.50 6.96 6.47 6.04 5.67 5.35 5.09 4.88 4.73 4.63 4.59 4.61 4.68 4.81 4.99 5.23 5.50 5.76 6.02 6.28 6.54 6.78 7.03 7.27 7.51 7.74 7.97 8.19 8.41 8.62 8.83 9.03 9.23 9.43 9.62 9.80 9.98 10.16 10.32 10.49 10.65 10.80 10.95 11.09 11.23 11.36 11.49 11.61 11.72 11.83 11.93
10.66 10.84 11.00 11.14 11.28 11.40 11.50 11.60 11.68 11.75 11.81 11.86 11.90 11.92 11.91 11.86 11.76 11.63 11.46 11.25 11.00 10.72 10.39 10.02 9.61 9.16 8.67 8.14 7.57 6.97 6.40 5.88 5.42 5.02 4.67 4.37 4.13 3.94 3.81 3.74 3.72 3.76 3.86 4.01 4.22 4.48 4.77 5.06 5.34 5.62 5.90 6.17 6.44 6.70 6.96 7.22 7.47 7.72 7.96 8.19 8.43 8.65 8.88 9.09 9.31 9.51 9.72 9.91 10.11 10.29 10.48 10.65 10.82 10.99 11.15 11.31 11.45 11.60 11.73 11.83
10.69 10.86 11.02 11.17 11.30 11.42 11.53 11.62 11.70 11.77 11.83 11.88 11.90 11.90 11.85 11.76 11.64 11.48 11.28 11.04 10.76 10.44 10.08 9.68 9.24 8.76 8.24 7.68 7.08 6.45 5.84 5.30 4.80 4.37 3.98 3.66 3.38 3.17 3.01 2.90 2.85 2.86 2.93 3.05 3.22 3.45 3.74 4.05 4.37 4.68 4.99 5.29 5.58 5.88 6.17 6.45 6.73 7.01 7.28 7.54 7.81 8.06 8.32 8.56 8.80 9.04 9.27 9.50 9.72 9.94 10.15 10.36 10.56 10.76 10.95 11.13 11.31 11.48 11.62 11.73
10.70 10.88 11.04 11.19 11.32 11.44 11.55 11.64 11.72 11.79 11.84 11.88 11.88 11.84 11.76 11.65 11.49 11.30 11.07 10.80 10.49 10.14 9.75 9.32 8.85 8.35 7.80 7.21 6.58 5.92 5.28 4.71 4.19 3.72 3.31 2.95 2.65 2.40 2.22 2.08 2.00 1.98 2.01 2.10 2.25 2.45 2.71 3.02 3.37 3.71 4.04 4.38 4.71 5.03 5.35 5.67 5.98 6.28 6.59 6.88 7.18 7.46 7.75 8.03 8.30 8.57 8.83 9.09 9.35 9.60 9.84 10.08 10.31 10.54 10.76 10.98 11.18 11.36 11.51 11.63
10.72 10.90 11.06 11.21 11.34 11.46 11.56 11.65 11.73 11.80 11.84 11.85 11.82 11.76 11.65 11.51 11.33 11.11 10.85 10.55 10.21 9.83 9.42 8.96 8.46 7.93 7.35 6.73 6.07 5.39 4.73 4.12 3.58 3.08 2.64 2.26 1.93 1.66 1.44 1.28 1.17 1.12 1.13 1.19 1.31 1.48 1.71 2.00 2.34 2.71 3.08 3.44 3.81 4.16 4.52 4.86 5.21 5.55 5.88 6.21 6.54 6.86 7.18 7.49 7.80 8.10 8.40 8.69 8.97 9.26 9.53 9.81 10.07 10.33 10.59 10.83 11.05 11.23 11.39 11.51
10.73 10.91 11.07 11.22 11.35 11.47 11.57 11.66 11.74 11.79 11.81 11.80 11.74 11.65 11.52 11.35 11.14 10.89 10.61 10.28 9.92 9.52 9.07 8.59 8.07 7.51 6.90 6.26 5.58 4.86 4.18 3.55 2.97 2.45 1.99 1.58 1.22 0.92 0.68 0.49 0.36 0.28 0.26 0.30 0.39 0.54 0.74 1.00 1.32 1.69 2.09 2.49 2.89 3.28 3.67 4.05 4.43 4.80 5.17 5.54 5.90 6.25 6.60 6.95 7.29 7.63 7.96 8.29 8.61 8.93 9.24 9.55 9.85 10.15 10.43 10.68 10.91 11.10 11.26 11.40
10.73 10.91 11.07 11.22 11.36 11.47 11.58 11.67 11.73 11.77 11.76 11.72 11.64 11.52 11.37 11.17 10.94 10.67 10.36 10.01 9.62 9.19 8.72 8.22 7.67 7.08 6.46 5.79 5.08 4.34 3.63 2.98 2.38 1.84 1.35 0.91 0.54 0.21 0.00 0.00 0.00 0.00 0.00 0.00 0.00 0.00 0.00 0.04 0.34 0.69 1.09 1.52 1.95 2.38 2.80 3.22 3.64 4.05 4.45 4.86 5.25 5.64 6.03 6.42 6.79 7.17 7.54 7.90 8.26 8.61 8.96 9.30 9.64 9.97 10.26 10.53 10.76 10.96 11.13 11.27
10.72 10.90 11.07 11.22 11.36 11.47 11.58 11.66 11.70 11.71 11.69 11.62 11.52 11.38 11.20 10.98 10.72 10.43 10.09 9.72 9.31 8.86 8.37 7.84 7.27 6.66 6.01 5.32 4.59 3.83 3.10 2.43 1.80 1.24 0.73 0.27 0.00 0.00 0.00 0.00 0.00 0.00 0.00 0.00 0.00 0.00 0.00 0.00 0.00 0.00 0.10 0.54 1.00 1.47 1.93 2.39 2.84 3.29 3.73 4.17 4.61 5.04 5.46 5.88 6.30 6.71 7.12 7.52 7.92 8.31 8.70 9.08 9.45 9.79 10.09 10.37 10.61 10.82 11.00 11.14
10.71 10.90 11.06 11.21 11.35 11.47 11.56 11.63 11.65 11.64 11.59 11.50 11.38 11.21 11.01 10.77 10.50 10.18 9.82 9.43 9.00 8.53 8.02 7.47 6.87 6.24 5.57 4.86 4.11 3.33 2.58 1.89 1.24 0.66 0.12 0.00 0.00 0.00 0.00 0.00 0.00 0.00 0.00 0.00 0.00 0.00 0.00 0.00 0.00 0.00 0.00 0.00 0.05 0.55 1.05 1.55 2.04 2.53 3.01 3.49 3.96 4.43 4.90 5.36 5.82 6.27 6.72 7.16 7.60 8.03 8.45 8.87 9.25 9.60 9.92 10.20 10.45 10.67 10.86 11.01
10.69 10.88 11.05 11.20 11.34 11.45 11.53 11.57 11.58 11.54 11.47 11.37 11.22 11.04 10.82 10.56 10.26 9.92 9.55 9.14 8.68 8.19 7.66 7.09 6.48 5.83 5.15 4.42 3.65 2.85 2.08 1.36 0.70 0.09 0.00 0.00 0.00 0.00 0.00 0.00 0.00 0.00 0.00 0.00 0.00 0.00 0.00 0.00 0.00 0.00 0.00 0.00 0.00 0.00 0.17 0.70 1.24 1.77 2.29 2.81 3.33 3.84 4.35 4.85 5.35 5.84 6.33 6.81 7.29 7.76 8.22 8.65 9.05 9.41 9.74 10.03 10.29 10.52 10.71 10.87
10.67 10.86 11.03 11.19 11.32 11.41 11.47 11.49 11.48 11.43 11.34 11.21 11.05 10.85 10.61 10.33 10.02 9.67 9.27 8.84 8.37 7.86 7.32 6.73 6.10 5.43 4.73 3.98 3.19 2.38 1.59 0.86 0.18 0.00 0.00 0.00 0.00 0.00 0.00 0.00 0.00 0.00 0.00 0.00 0.00 0.00 0.00 0.00 0.00 0.00 0.00 0.00 0.00 0.00 0.00 0.00 0.43 1.01 1.57 2.14 2.70 3.25 3.80 4.35 4.89 5.42 5.96 6.48 7.00 7.51 7.99 8.43 8.84 9.21 9.55 9.86 10.13 10.36 10.56 10.73
10.64 10.83 11.01 11.15 11.27 11.35 11.39 11.40 11.37 11.30 11.19 11.05 10.87 10.65 10.40 10.11 9.77 9.40 9.00 8.55 8.06 7.54 6.97 6.37 5.73 5.04 4.32 3.56 2.76 1.93 1.12 0.37 0.00 0.00 0.00 0.00 0.00 0.00 0.00 0.00 0.00 0.00 0.00 0.00 0.00 0.00 0.00 0.00 0.00 0.00 0.00 0.00 0.00 0.00 0.00 0.00 0.00 0.25 0.86 1.47 2.08 2.68 3.27 3.86 4.45 5.03 5.60 6.18 6.73 7.26 7.75 8.20 8.62 9.01 9.36 9.67 9.95 10.20 10.41 10.58
