data_processed/recharge/precip/Precip_2002_08.asc
ncols        168
nrows        136
xllcorner    455000
yllcorner    2107000
cellsize     500
NODATA_value     -99999
[rows 99 to 131 of 136, columns 0 to 73 of 168]
281.33 284.13 286.79 289.29 291.63 293.81 295.83 297.67 299.33 300.81 302.11 303.21 304.11 304.82 305.34 305.71 305.92 305.95 305.80 305.46 304.81 303.72 302.21 300.26 297.90 295.14 292.10 288.91 285.59 282.14 278.58 274.91 271.13 267.26 263.30 259.25 255.13 250.95 246.70 242.39 238.04 233.64 229.21 224.75 220.28 215.78 211.28 206.78 202.28 197.80 193.34 188.90 184.50 180.13 175.82 171.56 167.35 163.22 159.16 155.18 151.29 147.49 143.79 140.21 136.74 133.38 130.16 127.08 124.13 121.34 118.70 116.22 113.94 111.86
279.48 282.40 285.18 287.81 290.28 292.60 294.76 296.75 298.56 300.20 301.66 302.92 304.00 304.91 305.68 306.28 306.73 307.00 307.10 307.00 306.59 305.75 304.49 302.80 300.69 298.17 295.26 292.07 288.74 285.28 281.71 278.02 274.23 270.34 266.36 262.30 258.15 253.94 249.67 245.34 240.95 236.53 232.07 227.58 223.06 218.53 214.00 209.46 204.92 200.39 195.89 191.41 186.96 182.54 178.18 173.86 169.61 165.42 161.30 157.27 153.32 149.46 145.70 142.05 138.51 135.10 131.80 128.65 125.63 122.77 120.05 117.52 115.19 113.07
277.62 280.66 283.55 286.30 288.90 291.35 293.65 295.78 297.74 299.53 301.14 302.58 303.85 304.99 305.98 306.81 307.49 308.00 308.33 308.46 308.29 307.69 306.66 305.21 303.35 301.07 298.39 295.33 292.00 288.53 284.94 281.23 277.42 273.52 269.51 265.43 261.26 257.02 252.72 248.36 243.94 239.49 234.99 230.46 225.91 221.34 216.76 212.18 207.60 203.03 198.48 193.95 189.45 184.98 180.56 176.20 171.88 167.64 163.46 159.36 155.35 151.43 147.61 143.89 140.28 136.79 133.43 130.20 127.11 124.17 121.40 118.82 116.45 114.29
275.76 278.89 281.90 284.77 287.49 290.07 292.50 294.76 296.87 298.81 300.57 302.19 303.68 305.03 306.24 307.30 308.20 308.93 309.49 309.85 309.90 309.53 308.74 307.52 305.89 303.85 301.40 298.57 295.35 291.88 288.27 284.55 280.71 276.78 272.75 268.64 264.44 260.17 255.84 251.45 247.00 242.50 237.97 233.40 228.81 224.20 219.58 214.95 210.32 205.70 201.10 196.52 191.96 187.44 182.97 178.54 174.17 169.86 165.62 161.46 157.38 153.39 149.50 145.71 142.03 138.47 135.04 131.73 128.56 125.56 122.74 120.13 117.72 115.52
273.88 277.12 280.24 283.22 286.06 288.76 291.31 293.71 295.96 298.04 299.98 301.80 303.50 305.06 306.48 307.75 308.86 309.81 310.58 311.16 311.43 311.28 310.70 309.71 308.30 306.49 304.28 301.67 298.67 295.31 291.69 287.94 284.08 280.12 276.07 271.92 267.70 263.39 259.02 254.59 250.11 245.57 241.00 236.39 231.75 227.10 222.43 217.75 213.07 208.40 203.74 199.10 194.49 189.92 185.38 180.89 176.46 172.09 167.78 163.55 159.40 155.34 151.38 147.52 143.76 140.12 136.61 133.22 129.99 126.95 124.10 121.44 118.99 116.74
272.01 275.35 278.57 281.65 284.61 287.43 290.10 292.63 295.01 297.25 299.39 301.41 303.30 305.07 306.69 308.16 309.47 310.62 311.60 312.39 312.87 312.93 312.57 311.79 310.60 309.00 307.01 304.62 301.85 298.69 295.18 291.42 287.53 283.54 279.45 275.27 271.01 266.67 262.26 257.79 253.27 248.69 244.07 239.41 234.73 230.02 225.30 220.57 215.84 211.11 206.40 201.70 197.03 192.39 187.80 183.24 178.74 174.30 169.93 165.63 161.40 157.27 153.23 149.29 145.46 141.74 138.14 134.70 131.43 128.34 125.45 122.75 120.26 117.97
270.15 273.58 276.89 280.08 283.14 286.07 288.87 291.52 294.05 296.48 298.80 301.01 303.10 305.05 306.86 308.53 310.04 311.38 312.56 313.55 314.23 314.49 314.33 313.75 312.77 311.38 309.60 307.42 304.86 301.92 298.61 294.95 291.05 287.02 282.90 278.68 274.38 270.00 265.55 261.04 256.46 251.84 247.17 242.47 237.73 232.98 228.20 223.41 218.62 213.84 209.06 204.31 199.57 194.87 190.20 185.58 181.01 176.50 172.05 167.68 163.38 159.17 155.05 151.03 147.11 143.31 139.65 136.16 132.85 129.73 126.80 124.06 121.52 119.18
268.29 271.81 275.22 278.50 281.67 284.71 287.61 290.41 293.12 295.72 298.22 300.61 302.87 305.01 307.01 308.86 310.55 312.08 313.45 314.62 315.50 315.95 315.99 315.61 314.82 313.63 312.05 310.08 307.72 304.99 301.88 298.42 294.60 290.56 286.39 282.14 277.79 273.37 268.88 264.32 259.70 255.02 250.30 245.55 240.76 235.94 231.11 226.26 221.41 216.57 211.73 206.90 202.10 197.33 192.59 187.90 183.26 178.67 174.15 169.70 165.32 161.03 156.82 152.72 148.72 144.86 141.16 137.63 134.28 131.11 128.14 125.35 122.76 120.38
266.45 270.05 273.55 276.93 280.19 283.33 286.38 289.34 292.21 294.98 297.65 300.21 302.64 304.95 307.12 309.14 311.02 312.73 314.27 315.63 316.68 317.32 317.54 317.35 316.75 315.75 314.36 312.58 310.42 307.88 304.98 301.71 298.09 294.12 289.93 285.64 281.25 276.78 272.23 267.62 262.95 258.22 253.45 248.64 243.79 238.92 234.02 229.11 224.20 219.29 214.38 209.49 204.62 199.77 194.96 190.20 185.48 180.81 176.21 171.68 167.22 162.84 158.55 154.36 150.30 146.39 142.65 139.08 135.69 132.49 129.46 126.63 124.00 121.57
264.63 268.31 271.89 275.36 278.72 281.98 285.18 288.29 291.32 294.25 297.08 299.80 302.40 304.87 307.20 309.39 311.43 313.31 315.03 316.56 317.78 318.60 318.99 318.98 318.56 317.74 316.53 314.94 312.96 310.62 307.90 304.82 301.39 297.61 293.50 289.17 284.73 280.21 275.61 270.95 266.22 261.44 256.61 251.73 246.83 241.89 236.93 231.96 226.98 221.99 217.02 212.05 207.11 202.19 197.30 192.46 187.66 182.91 178.23 173.61 169.06 164.60 160.22 155.97 151.86 147.92 144.14 140.53 137.10 133.84 130.78 127.90 125.22 122.74
262.84 266.59 270.25 273.80 277.27 280.68 284.02 287.28 290.46 293.54 296.52 299.39 302.14 304.77 307.26 309.61 311.80 313.84 315.72 317.41 318.80 319.78 320.34 320.50 320.25 319.60 318.57 317.15 315.35 313.18 310.64 307.75 304.50 300.90 296.97 292.71 288.23 283.66 279.01 274.29 269.50 264.66 259.77 254.83 249.86 244.85 239.83 234.78 229.73 224.68 219.63 214.59 209.57 204.57 199.60 194.68 189.79 184.96 180.19 175.48 170.85 166.29 161.85 157.56 153.41 149.43 145.61 141.96 138.48 135.18 132.07 129.14 126.41 123.88
261.07 264.89 268.63 272.28 275.89 279.43 282.91 286.31 289.62 292.84 295.96 298.98 301.87 304.64 307.28 309.78 312.13 314.32 316.34 318.19 319.73 320.87 321.59 321.90 321.82 321.33 320.46 319.21 317.58 315.58 313.21 310.49 307.42 304.00 300.24 296.14 291.73 287.12 282.41 277.63 272.78 267.88 262.92 257.92 252.87 247.80 242.70 237.59 232.46 227.33 222.20 217.09 211.98 206.90 201.86 196.84 191.87 186.95 182.09 177.29 172.57 167.95 163.46 159.13 154.95 150.92 147.06 143.37 139.84 136.50 133.34 130.36 127.58 125.00
259.35 263.23 267.06 270.84 274.57 278.23 281.84 285.36 288.81 292.16 295.42 298.56 301.59 304.50 307.28 309.91 312.40 314.73 316.90 318.89 320.58 321.86 322.73 323.20 323.26 322.94 322.22 321.12 319.65 317.81 315.61 313.05 310.14 306.89 303.29 299.37 295.12 290.57 285.81 280.97 276.05 271.08 266.05 260.98 255.87 250.72 245.55 240.36 235.16 229.95 224.74 219.54 214.35 209.19 204.05 198.95 193.89 188.88 183.93 179.04 174.24 169.58 165.06 160.68 156.46 152.39 148.49 144.75 141.18 137.79 134.58 131.56 128.72 126.09
257.66 261.63 265.57 269.46 273.30 277.09 280.81 284.46 288.02 291.50 294.87 298.15 301.30 304.34 307.24 310.01 312.63 315.09 317.39 319.52 321.35 322.77 323.78 324.38 324.59 324.41 323.84 322.89 321.57 319.88 317.83 315.42 312.67 309.57 306.14 302.38 298.29 293.89 289.19 284.29 279.31 274.27 269.17 264.02 258.84 253.61 248.37 243.10 237.81 232.52 227.23 221.94 216.67 211.41 206.19 201.00 195.84 190.74 185.69 180.73 175.89 171.19 166.63 162.22 157.95 153.84 149.89 146.11 142.49 139.05 135.79 132.71 129.83 127.14
256.05 260.12 264.15 268.15 272.10 276.00 279.83 283.58 287.26 290.85 294.34 297.73 301.00 304.15 307.18 310.06 312.80 315.39 317.82 320.07 322.03 323.58 324.72 325.46 325.80 325.75 325.32 324.51 323.33 321.78 319.87 317.61 315.01 312.06 308.78 305.17 301.24 296.99 292.43 287.58 282.54 277.43 272.25 267.03 261.77 256.46 251.13 245.78 240.41 235.03 229.66 224.28 218.92 213.57 208.25 202.96 197.71 192.51 187.39 182.39 177.52 172.78 168.18 163.72 159.42 155.26 151.26 147.43 143.77 140.28 136.97 133.84 130.90 128.15
254.53 258.69 262.82 266.92 270.97 274.96 278.89 282.75 286.53 290.22 293.81 297.31 300.69 303.95 307.08 310.08 312.94 315.64 318.18 320.55 322.62 324.29 325.56 326.42 326.89 326.96 326.66 325.98 324.93 323.52 321.75 319.62 317.15 314.35 311.21 307.74 303.95 299.85 295.44 290.72 285.73 280.55 275.30 270.00 264.65 259.27 253.85 248.41 242.96 237.49 232.02 226.55 221.09 215.65 210.24 204.85 199.50 194.23 189.07 184.03 179.12 174.34 169.70 165.20 160.85 156.65 152.60 148.72 145.01 141.47 138.10 134.92 131.92 129.12
253.11 257.35 261.57 265.75 269.89 273.97 277.99 281.94 285.82 289.60 293.30 296.89 300.37 303.73 306.96 310.06 313.02 315.83 318.48 320.95 323.14 324.92 326.29 327.27 327.85 328.05 327.87 327.31 326.38 325.09 323.44 321.45 319.11 316.43 313.42 310.09 306.44 302.47 298.20 293.62 288.76 283.61 278.30 272.91 267.48 262.01 256.51 250.98 245.43 239.87 234.31 228.74 223.19 217.65 212.13 206.65 201.23 195.91 190.72 185.64 180.69 175.87 171.18 166.64 162.24 158.00 153.90 149.97 146.21 142.61 139.20 135.96 132.90 130.04
251.78 256.11 260.40 264.66 268.88 273.04 277.14 281.18 285.13 289.00 292.78 296.46 300.03 303.49 306.81 310.01 313.06 315.96 318.71 321.29 323.57 325.45 326.93 328.01 328.70 329.01 328.93 328.48 327.67 326.50 324.97 323.09 320.87 318.31 315.43 312.22 308.69 304.86 300.71 296.27 291.54 286.52 281.23 275.77 270.25 264.69 259.09 253.47 247.83 242.18 236.51 230.85 225.20 219.56 213.94 208.38 202.92 197.57 192.33 187.21 182.22 177.36 172.63 168.04 163.60 159.30 155.16 151.18 147.36 143.72 140.24 136.95 133.84 130.92
250.56 254.95 259.31 263.64 267.93 272.16 276.33 280.44 284.47 288.42 292.28 296.04 299.69 303.22 306.64 309.91 313.05 316.04 318.88 321.54 323.92 325.89 327.47 328.65 329.43 329.84 329.86 329.52 328.81 327.74 326.32 324.55 322.44 320.00 317.22 314.13 310.72 307.00 302.98 298.66 294.05 289.15 283.98 278.54 272.95 267.29 261.61 255.89 250.15 244.40 238.63 232.87 227.11 221.37 215.67 210.07 204.58 199.19 193.91 188.75 183.72 178.81 174.04 169.40 164.91 160.57 156.37 152.34 148.47 144.77 141.24 137.89 134.72 131.73
249.44 253.88 258.30 262.69 267.04 271.33 275.57 279.75 283.84 287.86 291.79 295.62 299.34 302.94 306.43 309.78 313.00 316.07 318.98 321.73 324.19 326.24 327.90 329.17 330.04 330.54 330.66 330.40 329.79 328.82 327.49 325.83 323.82 321.48 318.81 315.82 312.52 308.91 305.00 300.80 296.30 291.52 286.46 281.14 275.56 269.82 264.03 258.22 252.38 246.52 240.65 234.78 228.92 223.10 217.37 211.73 206.19 200.77 195.45 190.25 185.17 180.22 175.40 170.72 166.18 161.78 157.54 153.45 149.53 145.77 142.18 138.77 135.54 132.49
248.41 252.91 257.38 261.82 266.21 270.56 274.86 279.08 283.24 287.32 291.30 295.19 298.98 302.65 306.20 309.62 312.90 316.04 319.02 321.84 324.37 326.50 328.24 329.58 330.54 331.11 331.31 331.15 330.62 329.73 328.50 326.92 325.01 322.76 320.19 317.30 314.10 310.59 306.78 302.68 298.29 293.61 288.67 283.45 277.97 272.24 266.37 260.45 254.50 248.54 242.57 236.59 230.65 224.79 219.02 213.35 207.77 202.30 196.94 191.70 186.58 181.58 176.71 171.98 167.39 162.94 158.65 154.51 150.52 146.71 143.06 139.59 136.30 133.19
247.49 252.02 256.53 261.01 265.45 269.85 274.18 278.46 282.66 286.79 290.82 294.77 298.60 302.33 305.94 309.41 312.75 315.95 319.00 321.88 324.47 326.67 328.47 329.88 330.91 331.56 331.83 331.74 331.29 330.48 329.33 327.83 326.00 323.84 321.36 318.56 315.44 312.03 308.31 304.30 300.01 295.43 290.59 285.47 280.09 274.46 268.59 262.58 256.52 250.45 244.37 238.32 232.34 226.44 220.63 214.92 209.30 203.79 198.39 193.10 187.94 182.89 177.97 173.19 168.55 164.05 159.70 155.50 151.46 147.59 143.88 140.35 137.00 133.82
246.66 251.23 255.77 260.28 264.75 269.18 273.56 277.87 282.11 286.28 290.36 294.34 298.22 301.99 305.65 309.17 312.56 315.81 318.91 321.84 324.49 326.75 328.61 330.08 331.17 331.88 332.22 332.19 331.81 331.07 329.99 328.56 326.81 324.72 322.32 319.59 316.56 313.23 309.60 305.67 301.47 296.98 292.23 287.20 281.92 276.38 270.60 264.58 258.43 252.25 246.09 239.99 233.98 228.04 222.20 216.44 210.79 205.23 199.79 194.45 189.24 184.14 179.18 174.35 169.65 165.10 160.69 156.44 152.34 148.40 144.64 141.04 137.62 134.39
245.94 250.52 255.09 259.62 264.12 268.58 272.98 277.32 281.59 285.79 289.90 293.92 297.83 301.64 305.33 308.90 312.33 315.62 318.76 321.74 324.43 326.73 328.64 330.17 331.30 332.07 332.46 332.50 332.17 331.49 330.47 329.11 327.42 325.40 323.07 320.41 317.46 314.19 310.64 306.79 302.66 298.26 293.58 288.64 283.44 277.99 272.30 266.36 260.20 253.95 247.75 241.62 235.57 229.60 223.71 217.92 212.22 206.62 201.13 195.75 190.48 185.34 180.32 175.44 170.69 166.08 161.61 157.30 153.15 149.15 145.32 141.66 138.18 134.88
245.31 249.91 254.49 259.04 263.55 268.02 272.44 276.80 281.10 285.32 289.45 293.49 297.44 301.27 304.99 308.58 312.05 315.37 318.55 321.56 324.29 326.63 328.58 330.14 331.33 332.13 332.58 332.66 332.38 331.75 330.79 329.48 327.85 325.89 323.61 321.02 318.12 314.92 311.43 307.66 303.60 299.26 294.66 289.79 284.67 279.30 273.68 267.83 261.78 255.59 249.37 243.20 237.11 231.10 225.17 219.33 213.59 207.95 202.41 196.98 191.67 186.47 181.40 176.46 171.66 166.99 162.47 158.10 153.88 149.82 145.93 142.21 138.66 135.29
244.79 249.39 253.97 258.52 263.05 267.53 271.95 276.33 280.63 284.86 289.01 293.07 297.03 300.88 304.62 308.24 311.72 315.07 318.27 321.31 324.07 326.44 328.42 330.01 331.23 332.07 332.55 332.67 332.44 331.85 330.93 329.67 328.08 326.17 323.94 321.40 318.56 315.42 311.99 308.27 304.27 299.99 295.45 290.65 285.60 280.29 274.75 269.00 263.11 257.08 250.92 244.72 238.59 232.54 226.57 220.69 214.90 209.21 203.63 198.15 192.78 187.54 182.41 177.42 172.56 167.83 163.25 158.82 154.54 150.42 146.46 142.67 139.05 135.61
244.37 248.96 253.53 258.09 262.60 267.08 271.51 275.88 280.19 284.43 288.58 292.65 296.61 300.48 304.23 307.85 311.35 314.71 317.93 320.98 323.76 326.15 328.15 329.77 331.01 331.89 332.39 332.54 332.34 331.79 330.90 329.68 328.13 326.25 324.07 321.57 318.77 315.68 312.29 308.62 304.67 300.45 295.97 291.22 286.22 280.98 275.54 269.94 264.20 258.32 252.31 246.18 240.02 233.92 227.91 221.98 216.15 210.41 204.77 199.25 193.83 188.53 183.35 178.30 173.38 168.60 163.96 159.46 155.12 150.94 146.91 143.05 139.37 135.86
244.05 248.62 253.18 257.72 262.23 266.70 271.12 275.48 279.78 284.01 288.16 292.23 296.19 300.05 303.80 307.44 310.94 314.30 317.53 320.59 323.38 325.78 327.79 329.43 330.68 331.57 332.10 332.27 332.09 331.56 330.70 329.50 327.98 326.14 323.99 321.52 318.76 315.70 312.36 308.73 304.82 300.64 296.20 291.50 286.56 281.40 276.10 270.64 265.05 259.32 253.46 247.47 241.37 235.24 229.18 223.21 217.33 211.54 205.85 200.27 194.80 189.45 184.22 179.11 174.13 169.29 164.58 160.03 155.62 151.37 147.28 143.35 139.59 136.01
243.83 248.38 252.91 257.43 261.92 266.37 270.77 275.12 279.40 283.62 287.75 291.80 295.76 299.61 303.36 306.98 310.48 313.84 317.06 320.12 322.91 325.32 327.33 328.97 330.24 331.13 331.67 331.85 331.68 331.17 330.33 329.15 327.65 325.83 323.70 321.26 318.52 315.49 312.17 308.58 304.70 300.56 296.16 291.50 286.63 281.61 276.43 271.12 265.66 260.08 254.36 248.51 242.55 236.47 230.38 224.36 218.43 212.59 206.86 201.22 195.70 190.29 185.00 179.83 174.79 169.89 165.12 160.50 156.03 151.71 147.55 143.55 139.73 136.07
243.71 248.22 252.73 257.21 261.67 266.09 270.47 274.79 279.05 283.24 287.36 291.39 295.32 299.16 302.89 306.49 309.98 313.33 316.53 319.59 322.37 324.76 326.77 328.41 329.67 330.57 331.11 331.29 331.13 330.62 329.78 328.61 327.12 325.32 323.20 320.78 318.06 315.05 311.75 308.17 304.32 300.21 295.83 291.25 286.50 281.60 276.56 271.37 266.05 260.60 255.01 249.31 243.48 237.54 231.50 225.44 219.46 213.57 207.78 202.09 196.51 191.05 185.70 180.47 175.37 170.40 165.58 160.89 156.35 151.96 147.73 143.66 139.76 136.04
243.69 248.16 252.63 257.07 261.49 265.87 270.21 274.50 278.73 282.89 286.97 290.97 294.88 298.69 302.39 305.97 309.43 312.76 315.95 318.98 321.74 324.12 326.12 327.74 328.99 329.88 330.41 330.58 330.42 329.91 329.07 327.90 326.41 324.61 322.49 320.08 317.37 314.37 311.08 307.52 303.68 299.59 295.27 290.80 286.17 281.39 276.47 271.41 266.21 260.88 255.43 249.85 244.16 238.36 232.44 226.43 220.41 214.47 208.62 202.88 197.24 191.72 186.31 181.02 175.86 170.83 165.93 161.18 156.57 152.12 147.82 143.68 139.70 135.90
243.77 248.20 252.61 257.01 261.37 265.71 270.00 274.25 278.43 282.55 286.59 290.55 294.43 298.20 301.86 305.41 308.84 312.14 315.30 318.30 321.03 323.39 325.36 326.96 328.19 329.06 329.57 329.74 329.55 329.03 328.18 327.01 325.51 323.70 321.58 319.17 316.45 313.45 310.17 306.61 302.79 298.74 294.53 290.16 285.64 280.98 276.17 271.23 266.15 260.94 255.61 250.16 244.59 238.91 233.13 227.24 221.26 215.28 209.38 203.58 197.88 192.30 186.83 181.48 176.25 171.16 166.20 161.37 156.70 152.17 147.80 143.58 139.54 135.66
243.96 248.32 252.68 257.01 261.33 265.60 269.84 274.03 278.17 282.23 286.23 290.14 293.97 297.69 301.31 304.82 308.21 311.47 314.58 317.55 320.25 322.57 324.51 326.08 327.28 328.12 328.61 328.75 328.54 328.00 327.13 325.93 324.42 322.59 320.47 318.04 315.31 312.30 309.02 305.46 301.67 297.72 293.61 289.34 284.93 280.37 275.67 270.84 265.87 260.78 255.56 250.23 244.78 239.22 233.56 227.79 221.93 215.99 210.04 204.19 198.43 192.79 187.25 181.84 176.55 171.39 166.36 161.47 156.72 152.12 147.67 143.39 139.26 135.31
