data_processed/recharge/precip/Precip_2009_08.asc
ncols        168
nrows        136
xllcorner    455000
yllcorner    2107000
cellsize     500
NODATA_value     -99999
[rows 33 to 65 of 136, columns 74 to 147 of 168]
99.67 98.60 97.54 96.49 95.45 94.48 93.60 92.77 92.02 91.32 90.69 90.11 89.60 89.15 88.75 88.41 88.12 87.88 87.70 87.57 87.48 87.44 87.45 87.51 87.61 87.75 87.93 88.15 88.41 88.71 89.04 89.41 89.81 90.24 90.70 91.19 91.71 92.26 92.83 93.42 94.04 94.68 95.34 96.02 96.71 97.42 98.15 98.89 99.64 100.40 101.17 101.95 102.74 103.53 104.33 105.13 105.93 106.73 107.53 108.33 109.12 109.91 110.69 111.47 112.25 113.05 113.90 114.79 115.74 116.73 117.76 118.83 119.94 121.08
99.58 98.69 97.81 96.95 96.10 95.34 94.54 93.75 93.01 92.33 91.72 91.16 90.67 90.22 89.84 89.50 89.22 88.99 88.81 88.68 88.59 88.55 88.56 88.61 88.70 88.83 89.00 89.20 89.45 89.72 90.04 90.38 90.76 91.16 91.60 92.06 92.55 93.06 93.60 94.16 94.73 95.33 95.95 96.58 97.23 97.89 98.57 99.25 99.95 100.66 101.37 102.09 102.81 103.54 104.27 105.00 105.73 106.46 107.19 107.91 108.62 109.33 110.03 110.73 111.43 112.16 112.95 113.79 114.68 115.63 116.61 117.65 118.72 119.83
99.35 98.64 97.94 97.27 96.75 96.58 96.22 95.50 94.78 94.10 93.49 92.94 92.44 91.99 91.60 91.26 90.97 90.73 90.53 90.39 90.29 90.23 90.21 90.24 90.30 90.41 90.55 90.72 90.94 91.18 91.46 91.76 92.10 92.46 92.86 93.27 93.71 94.18 94.66 95.16 95.69 96.23 96.79 97.36 97.94 98.54 99.15 99.77 100.39 101.03 101.66 102.31 102.95 103.60 104.25 104.90 105.54 106.18 106.82 107.45 108.07 108.68 109.29 109.90 110.58 111.28 112.01 112.79 113.63 114.52 115.47 116.45 117.49 118.56
99.01 98.47 97.96 97.61 97.69 98.19 98.48 98.17 97.50 96.82 96.19 95.62 95.09 94.63 94.21 93.84 93.52 93.25 93.02 92.84 92.70 92.61 92.55 92.53 92.55 92.61 92.70 92.83 92.99 93.18 93.40 93.65 93.93 94.23 94.56 94.91 95.28 95.67 96.09 96.52 96.97 97.43 97.91 98.40 98.90 99.41 99.94 100.47 101.00 101.54 102.09 102.63 103.18 103.73 104.27 104.82 105.35 105.89 106.41 106.93 107.44 107.94 108.45 109.04 109.70 110.39 111.08 111.81 112.59 113.43 114.32 115.26 116.25 117.28
98.55 98.20 98.01 98.26 99.01 100.15 101.07 101.38 101.10 100.45 99.78 99.17 98.61 98.09 97.63 97.22 96.85 96.53 96.25 96.01 95.81 95.66 95.54 95.46 95.42 95.41 95.44 95.49 95.58 95.70 95.84 96.01 96.21 96.43 96.67 96.94 97.22 97.53 97.85 98.19 98.54 98.91 99.29 99.68 100.08 100.48 100.90 101.32 101.74 102.17 102.60 103.03 103.46 103.89 104.31 104.73 105.14 105.55 105.94 106.33 106.71 107.10 107.58 108.14 108.79 109.46 110.15 110.84 111.56 112.34 113.18 114.07 115.01 116.00
98.01 97.96 98.37 99.30 100.69 102.45 103.97 104.88 105.18 104.89 104.24 103.57 102.94 102.37 101.84 101.36 100.92 100.53 100.18 99.87 99.59 99.36 99.16 99.00 98.87 98.78 98.71 98.68 98.67 98.70 98.75 98.82 98.92 99.04 99.18 99.34 99.51 99.71 99.92 100.14 100.38 100.63 100.89 101.16 101.44 101.72 102.01 102.30 102.59 102.89 103.18 103.48 103.77 104.06 104.34 104.61 104.88 105.14 105.38 105.62 105.88 106.23 106.67 107.22 107.85 108.51 109.18 109.86 110.55 111.27 112.05 112.89 113.78 114.72
97.51 98.06 99.14 100.71 102.72 105.06 107.16 108.65 109.52 109.78 109.46 108.78 108.08 107.42 106.81 106.24 105.71 105.23 104.78 104.38 104.01 103.67 103.38 103.11 102.88 102.68 102.51 102.36 102.25 102.15 102.09 102.04 102.02 102.02 102.03 102.07 102.12 102.18 102.26 102.36 102.46 102.57 102.69 102.82 102.95 103.09 103.23 103.38 103.52 103.66 103.80 103.94 104.07 104.20 104.32 104.43 104.53 104.62 104.70 104.80 105.01 105.32 105.75 106.27 106.88 107.53 108.19 108.86 109.53 110.22 110.94 111.72 112.56 113.45
97.35 98.58 100.30 102.48 105.08 107.98 110.63 112.66 114.08 114.88 115.09 114.71 113.98 113.22 112.50 111.82 111.19 110.59 110.03 109.51 109.03 108.58 108.16 107.77 107.41 107.09 106.79 106.51 106.26 106.04 105.83 105.65 105.49 105.35 105.22 105.11 105.01 104.93 104.85 104.79 104.74 104.70 104.66 104.62 104.60 104.57 104.54 104.52 104.49 104.46 104.43 104.39 104.34 104.29 104.23 104.15 104.07 103.97 103.90 103.94 104.11 104.40 104.79 105.29 105.89 106.52 107.17 107.82 108.49 109.17 109.85 110.57 111.35 112.19
97.64 99.51 101.84 104.61 107.76 111.20 114.36 116.91 118.84 120.17 120.88 121.00 120.54 119.73 118.89 118.08 117.32 116.59 115.90 115.25 114.62 114.03 113.48 112.95 112.44 111.97 111.52 111.10 110.70 110.32 109.96 109.62 109.30 108.99 108.70 108.42 108.16 107.91 107.66 107.43 107.20 106.98 106.76 106.55 106.33 106.12 105.91 105.70 105.48 105.26 105.03 104.79 104.55 104.30 104.03 103.75 103.46 103.21 103.07 103.07 103.20 103.45 103.82 104.30 104.88 105.49 106.13 106.77 107.42 108.09 108.76 109.45 110.17 110.95
98.34 100.82 103.75 107.07 110.75 114.69 118.34 121.38 123.80 125.61 126.81 127.42 127.42 126.86 125.94 124.99 124.08 123.20 122.36 121.55 120.77 120.02 119.30 118.61 117.94 117.30 116.69 116.09 115.52 114.96 114.43 113.91 113.41 112.92 112.45 111.99 111.53 111.09 110.66 110.23 109.81 109.39 108.97 108.55 108.14 107.72 107.31 106.88 106.45 106.02 105.58 105.13 104.66 104.19 103.70 103.20 102.74 102.40 102.22 102.17 102.26 102.48 102.83 103.28 103.84 104.45 105.06 105.69 106.33 106.98 107.65 108.32 109.01 109.73
99.45 102.52 106.00 109.86 114.04 118.45 122.57 126.07 128.94 131.21 132.87 133.93 134.39 134.26 133.56 132.51 131.43 130.38 129.37 128.38 127.43 126.50 125.60 124.73 123.88 123.05 122.25 121.46 120.70 119.95 119.22 118.50 117.80 117.11 116.43 115.76 115.11 114.45 113.81 113.17 112.53 111.89 111.26 110.62 109.98 109.34 108.70 108.05 107.39 106.72 106.04 105.35 104.65 103.94 103.21 102.53 101.97 101.58 101.35 101.26 101.32 101.50 101.82 102.25 102.79 103.38 103.98 104.59 105.22 105.86 106.51 107.18 107.85 108.54
100.96 104.59 108.60 112.95 117.61 122.46 127.01 130.94 134.25 136.95 139.03 140.52 141.40 141.70 141.41 140.56 139.35 138.12 136.91 135.73 134.57 133.45 132.35 131.27 130.22 129.18 128.17 127.18 126.20 125.24 124.29 123.36 122.44 121.53 120.62 119.73 118.84 117.96 117.09 116.21 115.34 114.46 113.59 112.71 111.83 110.95 110.05 109.15 108.25 107.33 106.40 105.45 104.49 103.52 102.59 101.81 101.20 100.75 100.47 100.34 100.35 100.51 100.79 101.20 101.73 102.30 102.88 103.48 104.09 104.72 105.36 106.01 106.68 107.36
102.85 107.01 111.52 116.34 121.44 126.71 131.67 136.00 139.71 142.81 145.30 147.18 148.46 149.15 149.26 148.78 147.75 146.36 144.94 143.55 142.18 140.84 139.51 138.22 136.94 135.68 134.44 133.21 132.00 130.81 129.62 128.45 127.29 126.14 124.99 123.85 122.72 121.59 120.46 119.33 118.20 117.07 115.94 114.80 113.66 112.51 111.35 110.18 109.00 107.81 106.60 105.38 104.15 102.96 101.93 101.08 100.41 99.91 99.58 99.41 99.38 99.50 99.76 100.14 100.65 101.20 101.77 102.35 102.95 103.56 104.19 104.83 105.49 106.15
105.11 109.77 114.75 120.02 125.53 131.19 136.52 141.23 145.32 148.79 151.64 153.89 155.55 156.60 157.07 156.96 156.28 155.03 153.45 151.82 150.21 148.63 147.07 145.53 144.00 142.50 141.01 139.53 138.07 136.62 135.18 133.75 132.33 130.92 129.51 128.11 126.70 125.30 123.90 122.50 121.10 119.69 118.28 116.86 115.44 114.00 112.55 111.10 109.63 108.14 106.64 105.13 103.66 102.36 101.26 100.35 99.62 99.07 98.68 98.46 98.40 98.49 98.71 99.07 99.56 100.09 100.64 101.21 101.79 102.39 103.01 103.63 104.28 104.93
107.72 112.85 118.28 123.96 129.86 135.88 141.56 146.62 151.05 154.86 158.06 160.65 162.64 164.04 164.85 165.07 164.72 163.79 162.32 160.50 158.64 156.80 154.98 153.17 151.39 149.62 147.86 146.11 144.38 142.66 140.94 139.23 137.53 135.84 134.15 132.46 130.77 129.08 127.39 125.69 123.99 122.29 120.58 118.86 117.13 115.39 113.64 111.87 110.09 108.29 106.48 104.72 103.14 101.76 100.59 99.61 98.82 98.21 97.78 97.52 97.41 97.46 97.66 97.99 98.46 98.97 99.51 100.06 100.63 101.21 101.81 102.42 103.05 103.70
110.67 116.25 122.09 128.16 134.42 140.77 146.77 152.14 156.89 161.02 164.53 167.44 169.74 171.45 172.56 173.09 173.05 172.43 171.24 169.51 167.44 165.32 163.22 161.13 159.06 157.00 154.96 152.92 150.89 148.88 146.87 144.86 142.86 140.86 138.87 136.87 134.88 132.88 130.87 128.87 126.85 124.83 122.80 120.76 118.71 116.64 114.57 112.47 110.36 108.23 106.16 104.27 102.61 101.16 99.91 98.87 98.02 97.36 96.88 96.56 96.42 96.43 96.60 96.91 97.35 97.85 98.36 98.90 99.45 100.02 100.60 101.20 101.82 102.45
113.96 119.95 126.18 132.61 139.19 145.85 152.14 157.80 162.83 167.25 171.05 174.24 176.82 178.81 180.21 181.02 181.25 180.91 180.00 178.52 176.51 174.16 171.75 169.37 166.99 164.63 162.27 159.93 157.59 155.26 152.93 150.61 148.29 145.97 143.65 141.33 139.00 136.68 134.34 132.00 129.65 127.29 124.92 122.54 120.15 117.74 115.31 112.87 110.41 108.01 105.80 103.83 102.08 100.56 99.24 98.13 97.22 96.50 95.97 95.61 95.43 95.40 95.54 95.82 96.24 96.72 97.22 97.73 98.27 98.82 99.39 99.98 100.58 101.20
117.55 123.93 130.52 137.28 144.17 151.09 157.65 163.57 168.87 173.54 177.59 181.04 183.88 186.12 187.77 188.83 189.31 189.22 188.55 187.32 185.54 183.22 180.56 177.85 175.15 172.46 169.78 167.10 164.43 161.77 159.10 156.44 153.78 151.12 148.46 145.79 143.12 140.44 137.76 135.06 132.36 129.64 126.92 124.17 121.42 118.64 115.85 113.04 110.29 107.75 105.45 103.39 101.56 99.96 98.57 97.40 96.43 95.65 95.06 94.66 94.43 94.37 94.47 94.73 95.13 95.59 96.06 96.56 97.08 97.61 98.17 98.74 99.33 99.94
121.45 128.19 135.11 142.17 149.33 156.50 163.29 169.44 174.97 179.87 184.16 187.83 190.90 193.36 195.23 196.52 197.22 197.34 196.90 195.89 194.32 192.19 189.54 186.55 183.51 180.47 177.44 174.41 171.39 168.37 165.35 162.34 159.32 156.29 153.27 150.24 147.20 144.15 141.09 138.03 134.95 131.85 128.75 125.62 122.48 119.32 116.15 113.04 110.14 107.50 105.11 102.96 101.05 99.37 97.91 96.67 95.63 94.80 94.16 93.71 93.44 93.34 93.41 93.64 94.01 94.45 94.91 95.39 95.89 96.41 96.95 97.50 98.08 98.67
125.64 132.71 139.93 147.26 154.66 162.05 169.04 175.41 181.13 186.24 190.72 194.59 197.86 200.52 202.59 204.06 204.96 205.27 205.01 204.19 202.81 200.87 198.39 195.38 192.03 188.63 185.23 181.83 178.44 175.05 171.65 168.26 164.86 161.45 158.04 154.63 151.20 147.76 144.32 140.86 137.38 133.89 130.39 126.86 123.32 119.76 116.26 113.00 110.00 107.26 104.77 102.54 100.55 98.79 97.26 95.94 94.85 93.95 93.26 92.76 92.45 92.32 92.35 92.55 92.90 93.32 93.76 94.22 94.70 95.20 95.72 96.26 96.82 97.40
130.10 137.47 144.96 152.54 160.16 167.74 174.91 181.44 187.35 192.62 197.28 201.32 204.75 207.58 209.81 211.46 212.51 212.99 212.90 212.23 211.01 209.23 206.90 204.03 200.64 196.91 193.12 189.34 185.55 181.76 177.97 174.18 170.38 166.57 162.76 158.94 155.10 151.26 147.40 143.53 139.64 135.73 131.80 127.86 123.90 120.00 116.35 112.97 109.86 107.03 104.45 102.13 100.05 98.21 96.61 95.23 94.07 93.12 92.37 91.83 91.47 91.30 91.30 91.47 91.80 92.19 92.61 93.05 93.51 94.00 94.50 95.02 95.57 96.13
134.83 142.47 150.20 158.00 165.80 173.54 180.86 187.54 193.59 199.01 203.81 207.99 211.57 214.53 216.91 218.68 219.88 220.49 220.52 219.99 218.90 217.25 215.05 212.30 209.02 205.22 201.08 196.89 192.69 188.49 184.28 180.07 175.85 171.62 167.39 163.14 158.88 154.60 150.31 146.00 141.68 137.34 132.97 128.59 124.28 120.22 116.44 112.96 109.75 106.81 104.14 101.73 99.57 97.65 95.98 94.53 93.30 92.29 91.49 90.90 90.50 90.28 90.25 90.40 90.70 91.07 91.47 91.89 92.33 92.79 93.28 93.79 94.32 94.86
139.80 147.68 155.64 163.62 171.58 179.45 186.89 193.69 199.85 205.39 210.31 214.60 218.29 221.37 223.85 225.73 227.03 227.75 227.89 227.46 226.47 224.92 222.82 220.17 216.98 213.26 209.02 204.46 199.83 195.19 190.55 185.90 181.24 176.57 171.89 167.20 162.49 157.76 153.02 148.26 143.48 138.68 133.86 129.12 124.63 120.45 116.56 112.96 109.65 106.62 103.85 101.35 99.11 97.11 95.36 93.84 92.55 91.48 90.63 89.98 89.53 89.28 89.22 89.33 89.61 89.96 90.33 90.73 91.15 91.60 92.07 92.56 93.07 93.60
145.00 153.10 161.25 169.38 177.48 185.45 192.98 199.87 206.13 211.75 216.75 221.13 224.90 228.06 230.62 232.59 233.96 234.76 234.97 234.62 233.70 232.22 230.19 227.61 224.49 220.84 216.65 211.96 206.93 201.84 196.75 191.64 186.52 181.39 176.25 171.09 165.91 160.72 155.51 150.27 145.02 139.74 134.55 129.62 125.00 120.70 116.70 112.99 109.57 106.44 103.58 100.99 98.66 96.58 94.75 93.17 91.81 90.68 89.77 89.08 88.59 88.29 88.19 88.28 88.53 88.86 89.21 89.59 89.99 90.41 90.86 91.33 91.83 92.34
150.43 158.72 167.02 175.29 183.48 191.53 199.12 206.08 212.39 218.07 223.13 227.57 231.39 234.61 237.22 239.24 240.66 241.51 241.77 241.46 240.59 239.15 237.16 234.62 231.54 227.92 223.78 219.10 213.92 208.42 202.85 197.26 191.66 186.05 180.42 174.78 169.11 163.43 157.73 152.00 146.26 140.59 135.20 130.14 125.40 120.97 116.86 113.04 109.52 106.28 103.33 100.65 98.23 96.07 94.17 92.51 91.09 89.90 88.94 88.19 87.65 87.32 87.18 87.24 87.46 87.77 88.10 88.45 88.83 89.24 89.66 90.12 90.59 91.09
156.06 164.51 172.94 181.31 189.58 197.68 205.30 212.29 218.63 224.35 229.43 233.90 237.75 240.99 243.63 245.67 247.11 247.98 248.26 247.97 247.11 245.69 243.71 241.18 238.11 234.51 230.37 225.70 220.51 214.83 208.81 202.73 196.63 190.52 184.39 178.24 172.07 165.87 159.66 153.42 147.27 141.41 135.88 130.69 125.82 121.28 117.04 113.12 109.49 106.15 103.10 100.33 97.82 95.59 93.61 91.88 90.39 89.14 88.12 87.32 86.74 86.36 86.19 86.21 86.41 86.69 87.00 87.33 87.69 88.07 88.48 88.91 89.37 89.85
161.89 170.47 179.00 187.45 195.76 203.87 211.50 218.50 224.85 230.56 235.65 240.11 243.96 247.20 249.83 251.86 253.30 254.16 254.43 254.13 253.25 251.82 249.83 247.29 244.20 240.57 236.41 231.72 226.51 220.79 214.57 208.02 201.40 194.77 188.11 181.44 174.74 168.02 161.28 154.62 148.26 142.25 136.59 131.27 126.27 121.61 117.26 113.22 109.48 106.04 102.90 100.03 97.44 95.12 93.07 91.27 89.71 88.40 87.32 86.47 85.84 85.43 85.22 85.21 85.38 85.63 85.92 86.22 86.56 86.92 87.31 87.73 88.16 88.63
167.90 176.58 185.19 193.68 202.01 210.11 217.72 224.68 231.01 236.70 241.76 246.19 250.01 253.21 255.81 257.81 259.22 260.03 260.27 259.93 259.01 257.54 255.50 252.91 249.78 246.10 241.89 237.16 231.90 226.12 219.83 213.05 205.95 198.77 191.57 184.35 177.10 169.84 162.66 155.79 149.28 143.13 137.33 131.87 126.76 121.97 117.50 113.35 109.51 105.97 102.72 99.76 97.09 94.69 92.55 90.68 89.06 87.68 86.55 85.65 84.97 84.51 84.26 84.22 84.37 84.59 84.85 85.14 85.45 85.79 86.16 86.55 86.97 87.42
174.08 182.84 191.49 199.99 208.31 216.37 223.93 230.84 237.11 242.75 247.75 252.13 255.88 259.03 261.57 263.50 264.84 265.59 265.76 265.35 264.37 262.82 260.71 258.05 254.84 251.09 246.81 241.99 236.65 230.79 224.42 217.54 210.18 202.49 194.73 186.94 179.13 171.42 164.02 156.99 150.34 144.04 138.11 132.52 127.27 122.36 117.77 113.51 109.56 105.92 102.58 99.53 96.76 94.28 92.07 90.12 88.43 86.99 85.80 84.85 84.12 83.62 83.34 83.26 83.38 83.58 83.81 84.07 84.36 84.68 85.02 85.40 85.80 86.22
180.41 189.21 197.88 206.37 214.65 222.64 230.12 236.95 243.14 248.69 253.61 257.90 261.57 264.63 267.07 268.92 270.17 270.82 270.89 270.39 269.31 267.66 265.45 262.69 259.38 255.52 251.13 246.21 240.76 234.79 228.31 221.32 213.82 205.85 197.56 189.19 180.92 172.97 165.41 158.23 151.43 144.99 138.92 133.20 127.82 122.79 118.08 113.71 109.65 105.90 102.46 99.32 96.47 93.90 91.61 89.59 87.83 86.33 85.08 84.07 83.30 82.75 82.43 82.32 82.41 82.58 82.79 83.03 83.29 83.59 83.91 84.26 84.64 85.05
186.88 195.70 204.36 212.81 221.01 228.91 236.28 243.01 249.08 254.52 259.33 263.50 267.06 270.00 272.32 274.05 275.17 275.71 275.66 275.03 273.82 272.04 269.71 266.81 263.37 259.38 254.85 249.79 244.21 238.10 231.48 224.35 216.71 208.58 199.98 191.19 182.68 174.56 166.85 159.51 152.56 145.98 139.77 133.91 128.41 123.25 118.43 113.94 109.77 105.92 102.38 99.14 96.20 93.55 91.18 89.09 87.26 85.70 84.39 83.33 82.51 81.92 81.55 81.41 81.47 81.62 81.80 82.01 82.25 82.52 82.82 83.15 83.51 83.90
193.48 202.29 210.90 219.29 227.39 235.17 242.40 248.99 254.93 260.22 264.89 268.92 272.33 275.12 277.30 278.88 279.86 280.24 280.03 279.25 277.89 275.96 273.46 270.41 266.80 262.65 257.96 252.74 246.99 240.71 233.92 226.62 218.82 210.52 201.87 193.11 184.48 176.20 168.32 160.84 153.74 147.01 140.66 134.67 129.04 123.75 118.81 114.21 109.93 105.98 102.34 99.01 95.98 93.24 90.79 88.62 86.73 85.10 83.73 82.61 81.74 81.11 80.71 80.53 80.56 80.68 80.83 81.02 81.23 81.48 81.76 82.07 82.40 82.77
200.20 208.96 217.51 225.79 233.77 241.39 248.46 254.88 260.65 265.78 270.27 274.13 277.37 279.99 282.00 283.40 284.19 284.40 284.01 283.04 281.50 279.38 276.70 273.46 269.67 265.33 260.45 255.03 249.09 242.62 235.63 228.13 220.14 211.77 203.30 194.80 186.27 177.88 169.85 162.21 154.96 148.09 141.59 135.47 129.71 124.30 119.24 114.52 110.13 106.07 102.33 98.91 95.79 92.97 90.44 88.20 86.23 84.54 83.11 81.93 81.01 80.34 79.89 79.68 79.68 79.77 79.90 80.06 80.25 80.47 80.72 81.01 81.32 81.67
