data_processed/recharge/precip/Precip_1997_04.asc
ncols        168
nrows        136
xllcorner    455000
yllcorner    2107000
cellsize     500
NODATA_value     -99999
[rows 0 to 33 of 136, columns 0 to 76 of 168]
120.88 126.37 130.75 133.59 135.12 136.17 136.93 137.39 137.53 137.32 136.75 135.81 134.47 132.70 130.51 127.86 124.81 121.57 118.42 115.64 113.51 112.30 112.17 112.51 112.93 113.39 113.88 114.40 114.91 115.42 115.98 116.63 117.40 118.30 119.37 120.62 122.09 123.80 125.77 128.03 130.65 134.39 140.54 149.52 161.47 176.55 194.90 216.42 237.41 254.42 267.42 276.60 282.17 284.31 283.63 281.80 279.75 277.47 274.95 272.15 269.03 265.56 261.70 257.43 252.70 247.50 242.08 237.08 232.61 228.52 224.62 220.74 216.71 212.41 207.85 203.08 198.14
116.80 121.30 124.56 126.72 128.50 130.05 131.36 132.40 133.17 133.64 133.79 133.60 133.05 132.13 130.82 129.09 126.95 124.47 121.92 119.59 117.75 116.68 116.55 116.84 117.20 117.60 118.03 118.47 118.91 119.38 119.91 120.52 121.24 122.10 123.11 124.30 125.70 127.34 129.23 131.41 133.89 136.76 140.85 147.54 157.29 170.25 186.56 206.11 225.24 240.45 251.74 259.29 263.31 264.40 264.35 264.10 263.67 263.03 262.14 260.98 259.50 257.67 255.46 252.84 249.77 246.22 242.16 237.80 233.67 229.85 226.17 222.45 218.53 214.29 209.78 205.07 200.19
112.49 115.98 118.60 120.92 123.07 125.05 126.82 128.37 129.68 130.74 131.52 132.01 132.18 132.02 131.51 130.62 129.35 127.68 125.76 123.89 122.35 121.44 121.32 121.57 121.89 122.24 122.61 122.99 123.37 123.78 124.24 124.78 125.43 126.20 127.13 128.23 129.53 131.07 132.85 134.91 137.28 139.97 143.07 147.48 154.70 165.20 179.15 196.42 213.34 226.43 235.67 241.26 243.85 245.27 246.53 247.64 248.58 249.32 249.81 250.03 249.93 249.49 248.68 247.45 245.78 243.63 240.96 237.76 234.18 230.65 227.19 223.64 219.82 215.65 211.21 206.56 201.75
108.05 110.94 113.61 116.19 118.64 120.95 123.10 125.08 126.86 128.42 129.75 130.83 131.64 132.15 132.36 132.23 131.76 130.93 129.72 128.34 127.12 126.37 126.28 126.50 126.78 127.09 127.40 127.70 128.00 128.32 128.69 129.13 129.67 130.33 131.14 132.12 133.29 134.69 136.34 138.26 140.47 143.00 145.89 149.20 153.92 161.64 172.89 187.55 201.93 212.57 219.44 223.22 225.82 228.28 230.65 232.88 234.93 236.79 238.40 239.74 240.78 241.47 241.79 241.70 241.17 240.16 238.65 236.58 233.95 230.87 227.65 224.27 220.56 216.47 212.10 207.52 202.77
103.92 106.77 109.57 112.31 114.98 117.55 120.00 122.32 124.48 126.47 128.26 129.85 131.21 132.32 133.16 133.71 133.96 133.89 133.47 132.71 131.85 131.27 131.21 131.42 131.67 131.93 132.16 132.35 132.53 132.73 132.97 133.28 133.68 134.20 134.86 135.68 136.70 137.93 139.41 141.15 143.18 145.53 148.22 151.27 154.78 159.79 168.01 179.72 191.25 199.10 203.77 207.25 210.63 213.95 217.16 220.25 223.16 225.88 228.36 230.57 232.47 234.04 235.24 236.03 236.39 236.27 235.64 234.48 232.74 230.39 227.52 224.33 220.74 216.73 212.44 207.93 203.19
100.56 103.40 106.26 109.09 111.89 114.63 117.30 119.87 122.33 124.67 126.85 128.86 130.69 132.31 133.70 134.85 135.74 136.34 136.64 136.63 136.30 135.94 135.93 136.13 136.34 136.49 136.57 136.62 136.66 136.71 136.79 136.93 137.17 137.51 137.99 138.63 139.46 140.49 141.77 143.30 145.12 147.25 149.72 152.54 155.75 159.45 164.72 173.17 181.50 186.76 190.82 194.82 198.79 202.70 206.51 210.20 213.71 217.03 220.12 222.94 225.46 227.65 229.47 230.89 231.87 232.39 232.40 231.87 230.77 229.07 226.73 223.79 220.33 216.41 212.20 207.71 202.93
97.88 100.65 103.46 106.31 109.15 111.99 114.79 117.54 120.22 122.81 125.29 127.65 129.86 131.91 133.77 135.43 136.87 138.08 139.02 139.68 140.05 140.13 140.21 140.38 140.46 140.45 140.37 140.25 140.10 139.97 139.86 139.81 139.85 139.98 140.25 140.68 141.28 142.09 143.13 144.43 146.01 147.89 150.10 152.66 155.61 158.96 162.82 168.10 173.45 177.80 182.12 186.45 190.75 194.99 199.14 203.17 207.03 210.70 214.14 217.32 220.20 222.75 224.93 226.72 228.07 228.96 229.35 229.21 228.49 227.18 225.23 222.61 219.32 215.48 211.29 206.77 201.95
95.65 98.27 100.97 103.74 106.55 109.40 112.26 115.10 117.92 120.69 123.40 126.02 128.54 130.93 133.19 135.28 137.20 138.92 140.42 141.68 142.69 143.43 143.88 143.96 143.85 143.65 143.37 143.04 142.69 142.34 142.02 141.74 141.54 141.45 141.47 141.65 142.00 142.55 143.33 144.35 145.66 147.26 149.18 151.46 154.10 157.15 160.62 164.57 168.84 173.20 177.61 182.03 186.43 190.78 195.03 199.17 203.14 206.92 210.48 213.78 216.78 219.46 221.77 223.69 225.19 226.22 226.75 226.75 226.19 225.02 223.23 220.77 217.66 213.96 209.75 205.19 200.35
93.60 96.00 98.53 101.17 103.90 106.70 109.55 112.44 115.34 118.23 121.10 123.93 126.70 129.38 131.97 134.44 136.77 138.95 140.95 142.76 144.36 145.76 146.94 147.31 147.04 146.61 146.10 145.54 144.94 144.34 143.76 143.22 142.76 142.39 142.14 142.03 142.09 142.35 142.83 143.55 144.54 145.82 147.43 149.37 151.69 154.40 157.55 161.25 165.37 169.71 174.11 178.53 182.94 187.29 191.55 195.70 199.69 203.49 207.07 210.39 213.42 216.13 218.49 220.45 221.98 223.05 223.64 223.69 223.18 222.08 220.35 218.00 215.35 212.25 208.19 203.61 198.73
91.68 93.82 96.13 98.59 101.18 103.89 106.69 109.57 112.50 115.47 118.46 121.45 124.42 127.35 130.22 133.02 135.72 138.31 140.77 143.07 145.25 147.36 149.28 150.33 150.28 149.64 148.86 148.02 147.14 146.25 145.38 144.54 143.77 143.09 142.53 142.10 141.84 141.76 141.90 142.28 142.92 143.86 145.10 146.68 148.63 151.00 153.92 157.42 161.36 165.57 169.93 174.33 178.71 183.05 187.30 191.43 195.42 199.22 202.80 206.13 209.17 211.89 214.25 216.23 217.79 218.89 219.49 219.58 219.11 218.04 216.40 214.48 212.56 210.22 206.75 202.30 197.38
89.94 91.78 93.82 96.06 98.47 101.04 103.74 106.56 109.48 112.48 115.54 118.64 121.77 124.90 128.01 131.09 134.11 137.07 139.93 142.73 145.53 148.30 150.91 152.62 153.13 152.63 151.59 150.43 149.24 148.02 146.82 145.65 144.54 143.51 142.59 141.81 141.18 140.74 140.51 140.50 140.76 141.30 142.15 143.33 144.91 147.05 149.81 153.14 156.90 160.92 165.15 169.49 173.84 178.14 182.36 186.46 190.42 194.20 197.76 201.07 204.10 206.81 209.17 211.14 212.70 213.80 214.41 214.51 214.05 213.05 211.79 210.56 209.35 207.72 204.96 201.05 196.25
88.36 89.94 91.68 93.65 95.83 98.21 100.77 103.49 106.35 109.33 112.41 115.58 118.81 122.09 125.40 128.71 132.02 135.29 138.56 141.89 145.27 148.65 151.87 154.16 155.22 155.17 154.19 152.73 151.18 149.60 148.03 146.49 145.00 143.59 142.28 141.10 140.07 139.22 138.58 138.16 137.99 138.11 138.52 139.31 140.67 142.67 145.28 148.45 152.03 155.88 159.94 164.15 168.42 172.66 176.83 180.88 184.79 188.52 192.04 195.32 198.31 200.99 203.33 205.28 206.81 207.90 208.50 208.58 208.16 207.51 206.88 206.30 205.74 204.76 202.67 199.43 195.13
86.84 88.28 89.76 91.41 93.32 95.47 97.84 100.41 103.16 106.08 109.14 112.33 115.62 119.00 122.46 125.96 129.49 133.08 136.80 140.63 144.53 148.44 152.20 155.01 156.54 156.93 156.29 154.81 152.91 150.93 148.96 147.00 145.10 143.26 141.53 139.92 138.45 137.16 136.06 135.19 134.57 134.21 134.21 134.79 136.03 137.91 140.37 143.38 146.80 150.48 154.37 158.42 162.56 166.71 170.81 174.79 178.63 182.30 185.76 188.98 191.92 194.55 196.83 198.74 200.23 201.28 201.85 201.94 201.83 201.75 201.73 201.75 201.78 201.40 199.90 197.28 193.61
85.36 86.68 88.02 89.42 91.02 92.89 95.02 97.39 99.99 102.80 105.79 108.95 112.26 115.70 119.25 122.89 126.66 130.61 134.74 139.01 143.35 147.73 151.96 155.22 157.15 157.90 157.58 156.33 154.33 151.96 149.54 147.14 144.78 142.49 140.29 138.21 136.26 134.49 132.91 131.54 130.42 129.63 129.42 129.91 131.05 132.81 135.14 138.00 141.25 144.78 148.51 152.40 156.39 160.41 164.40 168.29 172.05 175.63 179.01 182.15 185.01 187.57 189.78 191.62 193.06 194.05 194.60 194.96 195.38 195.86 196.38 196.94 197.50 197.65 196.70 194.63 191.53
83.92 85.13 86.37 87.64 88.97 90.52 92.37 94.50 96.90 99.55 102.42 105.51 108.79 112.24 115.84 119.63 123.67 127.95 132.44 137.07 141.79 146.56 151.19 154.83 157.09 158.13 158.06 157.02 155.14 152.59 149.73 146.84 143.99 141.20 138.50 135.91 133.46 131.16 129.06 127.16 125.58 124.59 124.31 124.72 125.77 127.41 129.62 132.33 135.44 138.82 142.40 146.14 149.98 153.85 157.71 161.49 165.13 168.61 171.89 174.92 177.69 180.16 182.29 184.04 185.39 186.34 187.12 187.97 188.88 189.85 190.86 191.90 192.94 193.55 193.09 191.52 188.92
82.51 83.62 84.76 85.93 87.14 88.43 89.96 91.80 93.96 96.40 99.11 102.08 105.28 108.69 112.35 116.33 120.62 125.17 129.93 134.85 139.88 144.97 149.94 153.88 156.41 157.67 157.77 156.87 155.08 152.55 149.43 146.05 142.67 139.35 136.11 132.97 129.97 127.12 124.46 122.08 120.29 119.25 118.93 119.26 120.23 121.78 123.86 126.44 129.41 132.65 136.09 139.69 143.38 147.12 150.83 154.48 157.99 161.34 164.50 167.42 170.07 172.42 174.44 176.09 177.37 178.51 179.72 181.01 182.36 183.77 185.21 186.66 188.12 189.15 189.11 187.98 185.84
81.15 82.16 83.20 84.28 85.41 86.58 87.85 89.36 91.22 93.41 95.92 98.72 101.79 105.17 108.94 113.08 117.55 122.29 127.26 132.41 137.68 143.03 148.26 152.43 155.16 156.56 156.78 155.93 154.17 151.61 148.40 144.69 140.77 136.88 133.06 129.34 125.75 122.31 119.13 116.56 114.76 113.69 113.32 113.60 114.48 115.94 117.92 120.37 123.21 126.31 129.62 133.08 136.65 140.25 143.83 147.34 150.73 153.93 156.94 159.72 162.24 164.45 166.34 167.90 169.33 170.85 172.45 174.13 175.87 177.64 179.45 181.27 183.08 184.47 184.80 184.05 182.29
79.83 80.74 81.69 82.69 83.73 84.83 85.98 87.24 88.77 90.66 92.91 95.50 98.45 101.85 105.70 109.93 114.51 119.38 124.49 129.79 135.23 140.76 146.18 150.53 153.38 154.86 155.12 154.27 152.45 149.80 146.45 142.53 138.21 133.72 129.29 124.96 120.74 116.77 113.40 110.84 109.03 107.94 107.53 107.76 108.58 109.95 111.83 114.17 116.87 119.85 123.04 126.38 129.81 133.29 136.75 140.14 143.40 146.47 149.32 151.94 154.30 156.36 158.13 159.80 161.56 163.42 165.36 167.36 169.42 171.52 173.63 175.75 177.86 179.55 180.18 179.75 178.33
78.55 79.38 80.24 81.15 82.12 83.14 84.22 85.38 86.65 88.21 90.16 92.53 95.42 98.82 102.67 106.93 111.55 116.48 121.66 127.04 132.58 138.22 143.77 148.21 151.12 152.62 152.83 151.91 149.97 147.16 143.60 139.44 134.79 129.82 124.76 119.77 114.99 110.84 107.50 104.95 103.15 102.06 101.62 101.80 102.56 103.85 105.64 107.87 110.46 113.32 116.39 119.61 122.94 126.30 129.64 132.91 136.05 139.01 141.73 144.17 146.35 148.27 150.12 152.06 154.11 156.25 158.46 160.74 163.06 165.41 167.78 170.15 172.49 174.42 175.30 175.13 173.99
77.32 78.06 78.84 79.68 80.57 81.52 82.54 83.63 84.81 86.11 87.77 89.99 92.79 96.12 99.91 104.13 108.72 113.63 118.81 124.21 129.78 135.46 141.06 145.53 148.43 149.86 149.98 148.91 146.78 143.74 139.90 135.42 130.41 125.02 119.39 113.82 108.88 104.77 101.48 98.96 97.18 96.08 95.62 95.77 96.47 97.70 99.40 101.53 104.01 106.76 109.73 112.84 116.05 119.31 122.54 125.71 128.74 131.59 134.20 136.51 138.53 140.49 142.55 144.73 147.01 149.38 151.81 154.30 156.82 159.37 161.93 164.49 167.01 169.11 170.19 170.22 169.29
76.14 76.79 77.50 78.26 79.08 79.97 80.93 81.97 83.09 84.35 85.92 87.98 90.62 93.80 97.47 101.57 106.06 110.89 116.00 121.34 126.87 132.53 138.11 142.54 145.35 146.66 146.60 145.31 142.93 139.58 135.40 130.52 125.08 119.22 113.17 107.53 102.66 98.63 95.39 92.91 91.15 90.05 89.58 89.70 90.37 91.53 93.15 95.19 97.58 100.23 103.09 106.11 109.22 112.37 115.51 118.57 121.51 124.26 126.77 129.01 131.11 133.25 135.50 137.86 140.31 142.84 145.43 148.07 150.74 153.43 156.12 158.80 161.45 163.67 164.88 165.05 164.28
75.00 75.58 76.22 76.91 77.66 78.49 79.39 80.38 81.51 82.89 84.56 86.52 88.95 91.91 95.38 99.30 103.62 108.29 113.26 118.48 123.90 129.46 134.96 139.28 141.93 143.04 142.74 141.17 138.46 134.74 130.14 124.81 118.86 112.57 106.54 101.12 96.40 92.45 89.28 86.84 85.11 84.03 83.56 83.66 84.28 85.40 86.95 88.91 91.20 93.76 96.53 99.45 102.47 105.54 108.58 111.56 114.40 117.06 119.50 121.85 124.22 126.59 128.99 131.47 134.03 136.66 139.36 142.09 144.85 147.62 150.38 153.13 155.84 158.12 159.40 159.66 158.98
73.92 74.43 74.99 75.62 76.31 77.08 77.94 78.93 80.18 81.72 83.51 85.53 87.81 90.50 93.70 97.37 101.45 105.90 110.66 115.68 120.92 126.32 131.66 135.80 138.22 139.07 138.46 136.53 133.42 129.25 124.17 118.31 111.93 105.66 99.89 94.69 90.14 86.29 83.18 80.81 79.11 78.05 77.58 77.67 78.27 79.34 80.84 82.72 84.93 87.40 90.09 92.93 95.87 98.85 101.81 104.70 107.46 110.06 112.61 115.21 117.84 120.45 123.03 125.59 128.21 130.89 133.63 136.39 139.18 141.97 144.75 147.51 150.21 152.50 153.79 154.08 153.44
72.89 73.33 73.83 74.40 75.04 75.76 76.62 77.74 79.14 80.81 82.71 84.82 87.11 89.60 92.48 95.82 99.60 103.75 108.23 112.99 117.97 123.14 128.25 132.14 134.27 134.78 133.79 131.44 127.85 123.18 117.54 111.22 104.88 98.90 93.38 88.38 83.97 80.21 77.17 74.84 73.19 72.16 71.71 71.80 72.38 73.42 74.86 76.67 78.80 81.20 83.81 86.58 89.44 92.35 95.24 98.05 100.76 103.46 106.24 109.07 111.93 114.77 117.55 120.25 122.89 125.56 128.27 131.01 133.77 136.52 139.26 141.97 144.62 146.85 148.09 148.35 147.69
71.91 72.29 72.73 73.24 73.83 74.56 75.55 76.83 78.37 80.15 82.14 84.32 86.65 89.12 91.74 94.71 98.10 101.89 106.02 110.45 115.11 119.97 124.79 128.36 130.13 130.22 128.78 125.93 121.82 116.56 110.45 104.18 98.15 92.46 87.17 82.34 78.05 74.35 71.32 69.01 67.41 66.42 65.99 66.08 66.65 67.66 69.06 70.81 72.88 75.21 77.76 80.45 83.25 86.09 88.91 91.68 94.48 97.39 100.39 103.43 106.48 109.51 112.47 115.33 118.06 120.69 123.33 125.99 128.65 131.31 133.95 136.54 139.08 141.19 142.33 142.49 141.75
70.99 71.31 71.69 72.15 72.75 73.62 74.77 76.19 77.85 79.73 81.79 84.01 86.37 88.84 91.40 94.06 97.02 100.37 104.08 108.10 112.38 116.86 121.32 124.49 125.83 125.45 123.49 120.08 115.35 109.60 103.55 97.62 91.91 86.48 81.39 76.72 72.52 68.86 65.82 63.45 61.82 60.86 60.46 60.57 61.14 62.12 63.49 65.19 67.20 69.47 71.96 74.60 77.33 80.11 82.90 85.75 88.74 91.85 95.03 98.25 101.48 104.66 107.78 110.78 113.63 116.29 118.83 121.35 123.86 126.37 128.84 131.27 133.63 135.57 136.54 136.56 135.67
70.12 70.39 70.72 71.20 71.94 72.97 74.27 75.81 77.57 79.52 81.64 83.89 86.25 88.71 91.22 93.77 96.37 99.24 102.46 106.01 109.83 113.86 117.88 120.60 121.43 120.50 117.95 113.91 108.67 102.99 97.32 91.74 86.31 81.11 76.21 71.66 67.53 63.89 60.81 58.35 56.58 55.55 55.17 55.30 55.88 56.85 58.19 59.85 61.81 64.03 66.47 69.05 71.74 74.49 77.34 80.37 83.54 86.81 90.16 93.53 96.89 100.21 103.44 106.55 109.50 112.25 114.77 117.13 119.44 121.72 123.98 126.18 128.30 130.01 130.76 130.57 129.49
69.32 69.53 69.88 70.50 71.41 72.59 74.02 75.67 77.51 79.52 81.66 83.93 86.28 88.70 91.15 93.61 96.07 98.53 101.21 104.21 107.50 111.02 114.53 116.72 116.98 115.43 112.22 107.65 102.49 97.22 91.92 86.66 81.50 76.51 71.76 67.31 63.23 59.59 56.45 53.87 51.93 50.69 50.19 50.33 50.92 51.89 53.21 54.84 56.75 58.93 61.33 63.87 66.53 69.35 72.36 75.54 78.86 82.27 85.74 89.23 92.70 96.11 99.44 102.63 105.65 108.46 111.03 113.32 115.40 117.42 119.39 121.30 123.14 124.55 125.03 124.56 123.22
68.57 68.80 69.30 70.09 71.16 72.47 74.01 75.74 77.65 79.69 81.86 84.11 86.43 88.79 91.17 93.53 95.86 98.12 100.35 102.75 105.44 108.38 111.31 112.90 112.52 110.29 106.53 102.05 97.33 92.46 87.51 82.55 77.63 72.83 68.21 63.84 59.78 56.10 52.87 50.16 48.02 46.53 45.75 45.73 46.31 47.29 48.60 50.20 52.08 54.23 56.59 59.11 61.83 64.78 67.93 71.24 74.67 78.19 81.76 85.34 88.89 92.37 95.75 98.99 102.05 104.90 107.49 109.78 111.76 113.48 115.12 116.69 118.17 119.23 119.37 118.57 116.94
67.95 68.33 69.01 69.96 71.17 72.60 74.22 76.02 77.97 80.03 82.19 84.42 86.70 88.98 91.26 93.51 95.69 97.78 99.77 101.66 103.70 105.98 108.27 109.19 108.10 105.30 101.65 97.64 93.35 88.86 84.24 79.54 74.84 70.20 65.69 61.37 57.32 53.58 50.24 47.36 45.01 43.24 42.14 41.75 42.13 43.10 44.41 45.99 47.84 49.96 52.30 54.88 57.72 60.78 64.04 67.45 70.97 74.56 78.20 81.83 85.43 88.96 92.37 95.63 98.70 101.54 104.12 106.40 108.34 109.91 111.19 112.36 113.43 114.08 113.82 112.65 110.88
67.59 68.16 69.00 70.09 71.42 72.94 74.64 76.49 78.46 80.53 82.66 84.85 87.05 89.25 91.41 93.51 95.54 97.45 99.22 100.83 102.31 103.88 105.46 105.64 103.96 101.29 98.13 94.58 90.70 86.57 82.25 77.80 73.29 68.79 64.36 60.07 55.99 52.18 48.71 45.64 43.04 40.98 39.52 38.73 38.67 39.39 40.67 42.24 44.08 46.19 48.58 51.25 54.18 57.33 60.67 64.14 67.72 71.36 75.03 78.70 82.32 85.85 89.26 92.51 95.56 98.38 100.92 103.15 105.03 106.52 107.60 108.35 108.95 109.14 108.43 107.07 105.43
67.53 68.26 69.25 70.47 71.89 73.49 75.24 77.12 79.10 81.15 83.24 85.36 87.48 89.57 91.60 93.54 95.38 97.09 98.64 100.00 101.15 102.12 102.93 102.50 100.95 98.80 96.14 93.03 89.54 85.74 81.69 77.47 73.13 68.74 64.37 60.09 55.96 52.04 48.41 45.13 42.26 39.88 38.04 36.82 36.28 36.49 37.47 39.00 40.84 42.99 45.46 48.21 51.21 54.41 57.79 61.30 64.90 68.57 72.25 75.91 79.52 83.03 86.41 89.62 92.62 95.38 97.85 100.00 101.79 103.19 104.15 104.64 104.77 104.45 103.49 102.22 100.74
67.73 68.61 69.73 71.05 72.56 74.21 76.00 77.89 79.85 81.86 83.90 85.94 87.95 89.91 91.78 93.56 95.20 96.68 97.98 99.07 99.93 100.52 100.84 100.55 99.56 97.93 95.74 93.05 89.93 86.44 82.65 78.63 74.43 70.14 65.81 61.51 57.30 53.26 49.45 45.94 42.78 40.05 37.82 36.15 35.10 34.75 35.16 36.35 38.16 40.38 42.90 45.70 48.73 51.97 55.36 58.88 62.48 66.14 69.80 73.43 77.00 80.46 83.78 86.92 89.84 92.51 94.89 96.93 98.61 99.88 100.70 101.04 100.88 100.28 99.37 98.23 96.87
67.91 68.93 70.16 71.57 73.13 74.83 76.63 78.51 80.44 82.40 84.37 86.30 88.19 90.00 91.70 93.28 94.71 95.95 96.98 97.79 98.33 98.66 98.93 99.05 98.65 97.57 95.88 93.63 90.89 87.73 84.22 80.41 76.39 72.21 67.93 63.64 59.38 55.24 51.27 47.54 44.11 41.07 38.46 36.35 34.82 33.93 33.72 34.21 35.62 37.84 40.41 43.25 46.32 49.58 52.98 56.51 60.10 63.74 67.37 70.97 74.49 77.90 81.16 84.23 87.07 89.65 91.92 93.85 95.41 96.54 97.23 97.42 97.13 96.50 95.70 94.67 93.41
