data_processed/recharge/precip/Precip_2001_09.asc
ncols        168
nrows        136
xllcorner    455000
yllcorner    2107000
cellsize     500
NODATA_value     -99999
[rows 0 to 31 of 136, columns 0 to 71 of 168]
193.54 190.58 187.39 183.97 180.34 176.51 172.49 168.29 163.93 159.41 154.74 149.94 145.02 139.99 134.86 129.65 124.35 118.99 113.58 108.13 102.80 97.76 93.03 88.59 84.45 80.61 77.06 73.80 70.82 68.13 65.72 63.59 61.74 60.15 58.84 57.79 57.01 56.49 56.23 56.22 56.47 56.97 57.71 58.70 59.91 61.19 62.47 63.74 64.99 66.23 67.46 68.68 69.87 71.05 72.17 73.24 74.25 75.20 76.10 76.94 77.74 78.47 79.16 79.80 80.38 80.92 81.40 81.84 82.23 82.58 82.87 83.13
193.21 190.31 187.17 183.81 180.23 176.45 172.47 168.31 163.98 159.49 154.85 150.07 145.17 140.15 135.03 129.82 124.52 119.16 113.73 108.27 102.92 97.87 93.11 88.64 84.47 80.59 77.00 73.70 70.67 67.93 65.46 63.27 61.35 59.70 58.31 57.19 56.33 55.72 55.37 55.27 55.43 55.83 56.47 57.35 58.48 59.80 61.21 62.60 63.98 65.34 66.69 68.02 69.32 70.57 71.75 72.88 73.94 74.95 75.90 76.79 77.62 78.40 79.12 79.78 80.40 80.95 81.46 81.91 82.32 82.67 82.97 83.22
192.84 190.02 186.95 183.65 180.13 176.40 172.47 168.35 164.06 159.61 155.00 150.25 145.37 140.37 135.26 130.06 124.77 119.41 113.98 108.51 103.16 98.08 93.30 88.82 84.62 80.71 77.09 73.74 70.68 67.89 65.37 63.13 61.15 59.44 57.98 56.79 55.86 55.18 54.74 54.56 54.63 54.93 55.48 56.26 57.28 58.53 59.98 61.50 63.00 64.49 65.96 67.40 68.78 70.09 71.34 72.53 73.65 74.71 75.70 76.64 77.51 78.33 79.08 79.78 80.42 81.00 81.52 81.99 82.41 82.77 83.07 83.33
192.45 189.70 186.70 183.47 180.01 176.34 172.47 168.41 164.16 159.75 155.18 150.47 145.62 140.65 135.56 130.37 125.10 119.75 114.32 108.85 103.49 98.41 93.62 89.12 84.91 80.97 77.32 73.95 70.85 68.02 65.46 63.16 61.14 59.37 57.86 56.60 55.60 54.85 54.34 54.08 54.06 54.29 54.74 55.43 56.35 57.50 58.87 60.44 62.07 63.69 65.27 66.79 68.24 69.62 70.93 72.18 73.36 74.47 75.51 76.49 77.41 78.26 79.05 79.78 80.44 81.05 81.59 82.08 82.50 82.87 83.19 83.44
192.02 189.36 186.44 183.29 179.90 176.30 172.49 168.48 164.29 159.93 155.40 150.73 145.92 140.98 135.92 130.76 125.50 120.17 114.76 109.29 103.93 98.85 94.06 89.55 85.32 81.37 77.70 74.30 71.17 68.31 65.71 63.38 61.31 59.49 57.93 56.62 55.56 54.74 54.17 53.84 53.74 53.88 54.26 54.86 55.69 56.74 58.02 59.51 61.19 62.92 64.59 66.19 67.71 69.16 70.53 71.84 73.07 74.24 75.33 76.36 77.31 78.20 79.03 79.78 80.48 81.11 81.67 82.17 82.61 82.99 83.31 83.57
191.57 188.99 186.16 183.09 179.78 176.25 172.51 168.57 164.44 160.13 155.66 151.04 146.27 141.37 136.34 131.21 125.98 120.67 115.28 109.83 104.48 99.40 94.61 90.10 85.86 81.91 78.22 74.80 71.65 68.76 66.14 63.77 61.66 59.81 58.20 56.84 55.72 54.85 54.22 53.82 53.66 53.73 54.02 54.55 55.29 56.26 57.44 58.84 60.44 62.17 63.92 65.59 67.18 68.70 70.14 71.50 72.79 74.01 75.15 76.22 77.22 78.15 79.01 79.80 80.52 81.17 81.76 82.27 82.73 83.12 83.44 83.70
191.08 188.60 185.87 182.88 179.66 176.21 172.54 168.67 164.61 160.37 155.95 151.38 146.66 141.81 136.83 131.74 126.54 121.25 115.89 110.46 105.13 100.06 95.28 90.77 86.54 82.58 78.88 75.45 72.29 69.38 66.74 64.34 62.20 60.31 58.66 57.26 56.10 55.18 54.49 54.04 53.81 53.82 54.04 54.49 55.16 56.04 57.14 58.44 59.90 61.52 63.26 65.00 66.66 68.24 69.75 71.17 72.52 73.79 74.98 76.10 77.14 78.11 79.00 79.82 80.57 81.25 81.85 82.39 82.85 83.25 83.58 83.84
190.56 188.19 185.55 182.66 179.52 176.16 172.58 168.79 164.80 160.63 156.28 151.77 147.11 142.31 137.38 132.33 127.17 121.92 116.59 111.19 105.88 100.83 96.06 91.57 87.34 83.38 79.69 76.26 73.08 70.17 67.50 65.09 62.92 61.00 59.33 57.89 56.69 55.72 54.99 54.48 54.20 54.15 54.31 54.69 55.29 56.10 57.11 58.28 59.60 61.06 62.68 64.41 66.14 67.80 69.36 70.85 72.25 73.58 74.82 75.98 77.07 78.07 79.00 79.85 80.63 81.33 81.95 82.51 82.99 83.39 83.73 83.99
190.00 187.74 185.21 182.42 179.39 176.12 172.63 168.92 165.01 160.92 156.64 152.20 147.60 142.86 137.99 132.99 127.88 122.67 117.37 112.01 106.73 101.71 96.96 92.48 88.27 84.32 80.64 77.21 74.03 71.11 68.44 66.01 63.83 61.89 60.19 58.72 57.49 56.48 55.71 55.16 54.83 54.72 54.83 55.15 55.68 56.41 57.30 58.34 59.52 60.84 62.31 63.92 65.64 67.35 68.99 70.53 71.99 73.37 74.66 75.87 77.00 78.04 79.01 79.89 80.69 81.42 82.07 82.64 83.13 83.55 83.89 84.15
189.42 187.27 184.85 182.17 179.24 176.07 172.68 169.06 165.25 161.23 157.04 152.67 148.14 143.47 138.65 133.71 128.66 123.50 118.25 112.92 107.68 102.69 97.98 93.52 89.33 85.40 81.73 78.31 75.14 72.22 69.54 67.11 64.92 62.96 61.24 59.75 58.49 57.46 56.65 56.06 55.69 55.54 55.60 55.87 56.33 56.95 57.71 58.62 59.66 60.84 62.17 63.63 65.22 66.92 68.62 70.22 71.74 73.17 74.51 75.77 76.94 78.02 79.02 79.94 80.77 81.52 82.19 82.77 83.28 83.71 84.06 84.33
188.79 186.77 184.47 181.91 179.09 176.03 172.74 169.22 165.50 161.57 157.47 153.18 148.73 144.13 139.38 134.51 129.51 124.41 119.21 113.93 108.73 103.79 99.10 94.68 90.52 86.61 82.96 79.55 76.39 73.48 70.81 68.38 66.18 64.22 62.49 60.99 59.71 58.65 57.82 57.20 56.79 56.60 56.61 56.82 57.18 57.69 58.33 59.10 60.02 61.06 62.24 63.56 65.00 66.58 68.26 69.92 71.50 72.98 74.37 75.67 76.89 78.01 79.05 79.99 80.85 81.63 82.32 82.92 83.44 83.88 84.23 84.51
188.13 186.24 184.07 181.63 178.93 175.98 172.80 169.39 165.77 161.94 157.92 153.73 149.36 144.84 140.17 135.37 130.44 125.40 120.26 115.03 109.88 104.98 100.34 95.96 91.83 87.95 84.33 80.94 77.81 74.91 72.25 69.82 67.63 65.67 63.93 62.42 61.13 60.06 59.20 58.56 58.12 57.90 57.86 57.98 58.23 58.62 59.14 59.79 60.58 61.49 62.54 63.71 65.01 66.43 67.98 69.63 71.26 72.80 74.24 75.59 76.84 78.01 79.08 80.06 80.95 81.75 82.46 83.08 83.61 84.06 84.42 84.70
187.44 185.69 183.65 181.34 178.76 175.93 172.87 169.57 166.05 162.33 158.41 154.31 150.04 145.60 141.01 136.29 131.43 126.46 121.39 116.22 111.13 106.28 101.69 97.36 93.27 89.43 85.83 82.48 79.37 76.49 73.85 71.44 69.26 67.30 65.57 64.05 62.76 61.67 60.80 60.14 59.69 59.42 59.31 59.32 59.47 59.75 60.15 60.68 61.34 62.13 63.04 64.07 65.23 66.51 67.90 69.42 71.03 72.62 74.11 75.51 76.81 78.01 79.12 80.13 81.05 81.87 82.61 83.25 83.80 84.25 84.62 84.90
186.71 185.10 183.20 181.02 178.58 175.88 172.94 169.76 166.36 162.75 158.94 154.94 150.76 146.42 141.92 137.28 132.50 127.61 122.60 117.51 112.48 107.69 103.16 98.87 94.83 91.04 87.48 84.17 81.09 78.24 75.62 73.23 71.06 69.12 67.39 65.88 64.59 63.50 62.63 61.96 61.47 61.13 60.92 60.84 60.89 61.05 61.35 61.76 62.30 62.96 63.74 64.64 65.66 66.80 68.05 69.41 70.89 72.46 74.00 75.44 76.78 78.03 79.17 80.21 81.16 82.01 82.77 83.42 83.99 84.46 84.83 85.12
185.94 184.48 182.73 180.70 178.39 175.83 173.01 169.96 166.68 163.18 159.49 155.59 151.52 147.28 142.88 138.33 133.64 128.83 123.90 118.88 113.92 109.20 104.73 100.50 96.52 92.77 89.27 85.99 82.95 80.14 77.55 75.19 73.05 71.12 69.41 67.91 66.63 65.55 64.67 63.98 63.43 63.01 62.71 62.53 62.48 62.54 62.73 63.03 63.45 63.99 64.65 65.42 66.30 67.29 68.40 69.62 70.94 72.38 73.89 75.38 76.77 78.05 79.23 80.31 81.28 82.16 82.94 83.61 84.19 84.67 85.06 85.34
185.16 183.83 182.23 180.35 178.19 175.76 173.09 170.17 167.02 163.64 160.07 156.29 152.33 148.19 143.89 139.44 134.85 130.13 125.29 120.35 115.47 110.82 106.41 102.25 98.33 94.64 91.19 87.97 84.97 82.20 79.65 77.32 75.21 73.31 71.62 70.14 68.87 67.80 66.91 66.17 65.54 65.04 64.65 64.38 64.24 64.20 64.28 64.48 64.79 65.21 65.74 66.38 67.13 67.99 68.96 70.03 71.21 72.49 73.87 75.33 76.76 78.08 79.30 80.41 81.42 82.32 83.12 83.81 84.41 84.90 85.29 85.58
184.43 183.18 181.71 179.98 177.98 175.70 173.16 170.38 167.37 164.13 160.67 157.02 153.18 149.15 144.96 140.62 136.12 131.50 126.75 121.90 117.10 112.54 108.21 104.12 100.26 96.64 93.25 90.08 87.14 84.41 81.91 79.62 77.55 75.68 74.02 72.57 71.32 70.25 69.31 68.50 67.80 67.22 66.75 66.40 66.16 66.03 66.01 66.10 66.30 66.61 67.02 67.54 68.16 68.89 69.72 70.65 71.68 72.81 74.04 75.37 76.76 78.12 79.38 80.52 81.56 82.49 83.31 84.02 84.63 85.13 85.53 85.83
183.77 182.58 181.19 179.60 177.75 175.63 173.24 170.61 167.73 164.63 161.31 157.78 154.06 150.16 146.09 141.85 137.47 132.95 128.30 123.54 118.84 114.35 110.11 106.10 102.32 98.77 95.44 92.34 89.45 86.79 84.33 82.09 80.06 78.23 76.61 75.19 73.95 72.84 71.85 70.97 70.20 69.55 69.00 68.56 68.24 68.01 67.90 67.89 67.98 68.18 68.48 68.88 69.38 69.98 70.67 71.47 72.36 73.34 74.42 75.59 76.85 78.18 79.47 80.64 81.71 82.67 83.51 84.24 84.87 85.38 85.79 86.09
183.17 182.05 180.73 179.22 177.51 175.55 173.32 170.84 168.11 165.15 161.97 158.58 154.99 151.22 147.27 143.15 138.88 134.47 129.93 125.27 120.66 116.27 112.12 108.19 104.50 101.02 97.77 94.74 91.92 89.31 86.92 84.73 82.75 80.97 79.39 77.99 76.72 75.56 74.51 73.57 72.74 72.01 71.39 70.88 70.46 70.15 69.95 69.84 69.83 69.92 70.11 70.39 70.77 71.25 71.82 72.48 73.23 74.07 75.00 76.02 77.13 78.32 79.57 80.78 81.87 82.86 83.72 84.47 85.12 85.64 86.06 86.37
182.66 181.59 180.34 178.91 177.28 175.46 173.40 171.07 168.50 165.69 162.66 159.41 155.96 152.32 148.50 144.51 140.36 136.07 131.63 127.09 122.58 118.30 114.24 110.40 106.79 103.40 100.23 97.28 94.53 91.99 89.66 87.54 85.61 83.89 82.34 80.92 79.60 78.40 77.30 76.30 75.40 74.61 73.92 73.33 72.84 72.44 72.15 71.95 71.84 71.83 71.91 72.08 72.35 72.70 73.14 73.67 74.29 74.99 75.78 76.65 77.60 78.64 79.76 80.93 82.05 83.06 83.95 84.72 85.37 85.92 86.34 86.65
182.21 181.22 180.03 178.67 177.12 175.39 173.47 171.32 168.91 166.26 163.38 160.28 156.97 153.47 149.79 145.93 141.91 137.73 133.42 128.99 124.60 120.42 116.46 112.73 109.21 105.91 102.83 99.96 97.29 94.83 92.57 90.51 88.65 86.97 85.41 83.95 82.60 81.35 80.20 79.15 78.19 77.34 76.58 75.92 75.35 74.88 74.49 74.20 74.00 73.89 73.87 73.93 74.09 74.32 74.64 75.05 75.53 76.10 76.75 77.48 78.28 79.16 80.12 81.16 82.24 83.27 84.18 84.97 85.65 86.20 86.63 86.95
181.84 180.92 179.81 178.52 177.04 175.40 173.57 171.56 169.32 166.84 164.12 161.17 158.02 154.67 151.12 147.40 143.52 139.47 135.29 130.98 126.70 122.64 118.79 115.16 111.75 108.55 105.56 102.77 100.20 97.82 95.64 93.65 91.84 90.16 88.57 87.08 85.69 84.40 83.21 82.11 81.10 80.19 79.37 78.63 77.99 77.44 76.98 76.60 76.31 76.11 75.98 75.95 75.99 76.11 76.31 76.60 76.96 77.39 77.90 78.49 79.15 79.88 80.69 81.56 82.51 83.50 84.43 85.24 85.93 86.50 86.94 87.26
181.55 180.70 179.66 178.45 177.05 175.49 173.75 171.84 169.75 167.43 164.88 162.10 159.10 155.90 152.51 148.94 145.19 141.29 137.23 133.05 128.90 124.95 121.22 117.71 114.41 111.31 108.42 105.73 103.25 100.96 98.86 96.94 95.14 93.43 91.82 90.31 88.89 87.56 86.32 85.18 84.12 83.15 82.27 81.47 80.77 80.14 79.60 79.14 78.76 78.47 78.25 78.11 78.05 78.06 78.15 78.31 78.55 78.86 79.24 79.69 80.21 80.80 81.45 82.17 82.96 83.81 84.69 85.52 86.23 86.81 87.26 87.59
181.34 180.56 179.60 178.46 177.15 175.67 174.02 172.20 170.21 168.05 165.67 163.06 160.23 157.19 153.95 150.53 146.93 143.17 139.26 135.21 131.19 127.37 123.76 120.37 117.18 114.19 111.41 108.83 106.44 104.25 102.23 100.32 98.51 96.79 95.16 93.62 92.17 90.81 89.53 88.35 87.24 86.22 85.29 84.43 83.66 82.96 82.35 81.81 81.35 80.97 80.66 80.42 80.26 80.17 80.15 80.19 80.31 80.50 80.75 81.07 81.45 81.89 82.40 82.97 83.60 84.29 85.04 85.82 86.54 87.13 87.59 87.92
181.21 180.50 179.62 178.57 177.34 175.94 174.38 172.65 170.75 168.70 166.48 164.04 161.38 158.51 155.44 152.18 148.73 145.12 141.36 137.45 133.57 129.88 126.41 123.14 120.07 117.20 114.54 112.06 109.78 107.67 105.67 103.77 101.95 100.22 98.57 97.01 95.54 94.15 92.84 91.61 90.46 89.40 88.41 87.50 86.66 85.90 85.22 84.61 84.07 83.60 83.20 82.87 82.61 82.42 82.29 82.23 82.23 82.30 82.43 82.61 82.86 83.17 83.53 83.96 84.44 84.97 85.56 86.19 86.86 87.46 87.94 88.27
181.16 180.54 179.74 178.76 177.62 176.31 174.84 173.20 171.40 169.45 167.34 165.06 162.58 159.88 156.98 153.88 150.60 147.15 143.53 139.77 136.04 132.49 129.15 126.02 123.08 120.34 117.79 115.43 113.25 111.17 109.18 107.27 105.45 103.71 102.05 100.48 98.98 97.57 96.23 94.97 93.78 92.67 91.63 90.67 89.78 88.96 88.21 87.52 86.91 86.36 85.88 85.46 85.11 84.82 84.59 84.42 84.31 84.26 84.26 84.33 84.45 84.62 84.84 85.12 85.45 85.83 86.26 86.74 87.27 87.82 88.29 88.64
181.20 180.66 179.94 179.05 178.00 176.77 175.39 173.85 172.15 170.29 168.28 166.13 163.81 161.29 158.56 155.64 152.53 149.24 145.78 142.18 138.59 135.20 132.00 129.00 126.20 123.59 121.17 118.92 116.77 114.71 112.73 110.83 109.01 107.27 105.60 104.01 102.50 101.06 99.70 98.41 97.19 96.03 94.95 93.94 93.00 92.12 91.30 90.55 89.87 89.24 88.68 88.18 87.73 87.35 87.02 86.75 86.53 86.37 86.26 86.20 86.19 86.23 86.33 86.46 86.65 86.88 87.16 87.48 87.84 88.25 88.67 89.02
181.33 180.87 180.23 179.43 178.47 177.34 176.05 174.60 173.00 171.25 169.34 167.29 165.09 162.74 160.20 157.45 154.51 151.40 148.11 144.67 141.24 138.00 134.95 132.10 129.44 126.97 124.66 122.46 120.34 118.29 116.33 114.44 112.62 110.88 109.21 107.61 106.09 104.63 103.24 101.92 100.67 99.48 98.36 97.30 96.31 95.38 94.50 93.69 92.94 92.24 91.60 91.02 90.49 90.01 89.59 89.22 88.89 88.62 88.40 88.22 88.09 88.01 87.97 87.97 88.02 88.11 88.23 88.40 88.61 88.85 89.13 89.42
181.54 181.17 180.62 179.91 179.03 178.00 176.81 175.46 173.96 172.31 170.51 168.57 166.48 164.26 161.88 159.32 156.56 153.62 150.51 147.24 143.97 140.89 138.00 135.30 132.79 130.44 128.20 126.03 123.93 121.91 119.96 118.08 116.27 114.54 112.87 111.27 109.73 108.26 106.85 105.51 104.23 103.01 101.85 100.76 99.71 98.73 97.80 96.93 96.11 95.35 94.64 93.97 93.36 92.80 92.28 91.82 91.40 91.02 90.69 90.40 90.15 89.94 89.77 89.65 89.55 89.50 89.48 89.50 89.55 89.63 89.75 89.89
181.85 181.56 181.10 180.48 179.70 178.76 177.67 176.42 175.02 173.48 171.79 169.96 167.98 165.88 163.63 161.24 158.67 155.92 152.98 149.89 146.79 143.88 141.15 138.62 136.24 133.96 131.75 129.62 127.55 125.55 123.63 121.76 119.97 118.24 116.57 114.97 113.43 111.95 110.53 109.17 107.86 106.61 105.42 104.29 103.20 102.17 101.19 100.27 99.39 98.56 97.78 97.04 96.35 95.71 95.10 94.54 94.03 93.55 93.11 92.71 92.35 92.02 91.73 91.47 91.25 91.06 90.90 90.77 90.67 90.60 90.55 90.53
182.25 182.05 181.68 181.16 180.47 179.63 178.64 177.49 176.20 174.76 173.18 171.46 169.61 167.61 165.49 163.24 160.84 158.27 155.53 152.61 149.70 146.96 144.40 142.01 139.71 137.48 135.31 133.22 131.19 129.22 127.32 125.48 123.70 121.98 120.32 118.72 117.18 115.69 114.26 112.88 111.56 110.28 109.06 107.89 106.77 105.70 104.67 103.69 102.76 101.87 101.02 100.21 99.45 98.72 98.04 97.39 96.78 96.21 95.67 95.16 94.69 94.24 93.83 93.45 93.10 92.77 92.48 92.20 91.96 91.73 91.53 91.35
182.75 182.64 182.36 181.93 181.35 180.61 179.71 178.68 177.49 176.16 174.70 173.09 171.35 169.48 167.47 165.34 163.09 160.70 158.14 155.42 152.69 150.13 147.73 145.42 143.18 141.00 138.88 136.83 134.84 132.90 131.03 129.21 127.45 125.75 124.10 122.51 120.97 119.48 118.04 116.65 115.31 114.01 112.77 111.57 110.41 109.30 108.23 107.20 106.21 105.27 104.36 103.49 102.65 101.85 101.08 100.35 99.65 98.98 98.35 97.74 97.16 96.60 96.08 95.57 95.10 94.64 94.21 93.80 93.41 93.04 92.68 92.34
