data_processed/recharge/precip/Precip_2002_05.asc
ncols        168
nrows        136
xllcorner    455000
yllcorner    2107000
cellsize     500
NODATA_value     -99999
[rows 0 to 33 of 136, columns 77 to 153 of 168]
7.48 7.88 8.29 8.70 9.11 9.52 9.94 10.35 10.77 11.19 11.60 12.02 12.44 12.85 13.27 13.68 14.09 14.50 14.91 15.33 15.74 16.16 16.58 17.00 17.42 17.84 18.26 18.67 19.08 19.49 19.90 20.30 20.69 21.09 21.47 21.85 22.21 22.55 22.87 23.17 23.44 23.69 23.91 24.11 24.29 24.43 24.56 24.65 24.72 24.76 24.77 24.76 24.71 24.64 24.54 24.44 24.37 24.33 24.31 24.32 24.34 24.37 24.42 24.48 24.54 24.61 24.69 24.76 24.82 24.88 24.93 24.97 24.99 25.00 25.01 25.03 25.07
7.60 8.00 8.41 8.82 9.23 9.64 10.06 10.47 10.89 11.31 11.73 12.15 12.57 12.99 13.40 13.82 14.23 14.64 15.05 15.46 15.88 16.30 16.71 17.13 17.55 17.97 18.39 18.80 19.21 19.62 20.03 20.43 20.83 21.23 21.61 21.99 22.34 22.67 22.98 23.27 23.54 23.78 24.00 24.19 24.36 24.51 24.63 24.72 24.79 24.83 24.84 24.83 24.79 24.72 24.62 24.53 24.48 24.45 24.46 24.49 24.54 24.62 24.71 24.82 24.94 25.07 25.20 25.35 25.49 25.63 25.76 25.89 26.01 26.12 26.21 26.31 26.42
7.72 8.12 8.53 8.94 9.35 9.76 10.18 10.60 11.02 11.44 11.86 12.28 12.70 13.12 13.53 13.95 14.37 14.78 15.19 15.60 16.01 16.43 16.84 17.26 17.68 18.10 18.51 18.93 19.34 19.75 20.16 20.56 20.96 21.36 21.74 22.10 22.45 22.77 23.07 23.35 23.61 23.85 24.06 24.25 24.42 24.56 24.68 24.77 24.83 24.88 24.89 24.88 24.84 24.77 24.68 24.60 24.56 24.55 24.58 24.64 24.73 24.84 24.98 25.14 25.31 25.50 25.70 25.91 26.13 26.35 26.57 26.79 27.00 27.21 27.41 27.60 27.79
7.84 8.24 8.65 9.06 9.47 9.88 10.30 10.72 11.14 11.56 11.98 12.40 12.82 13.24 13.66 14.08 14.50 14.92 15.33 15.74 16.15 16.56 16.97 17.39 17.80 18.22 18.63 19.05 19.46 19.87 20.28 20.68 21.08 21.47 21.85 22.20 22.53 22.84 23.14 23.41 23.66 23.89 24.10 24.28 24.45 24.58 24.70 24.79 24.86 24.90 24.92 24.91 24.87 24.81 24.72 24.65 24.62 24.63 24.68 24.77 24.89 25.04 25.22 25.43 25.66 25.91 26.18 26.46 26.75 27.05 27.36 27.67 27.98 28.29 28.59 28.89 29.18
7.96 8.37 8.77 9.18 9.59 10.01 10.42 10.84 11.26 11.68 12.11 12.53 12.95 13.37 13.79 14.21 14.63 15.05 15.46 15.87 16.28 16.69 17.10 17.51 17.92 18.34 18.75 19.16 19.57 19.98 20.39 20.80 21.19 21.57 21.93 22.27 22.59 22.90 23.18 23.44 23.69 23.91 24.11 24.30 24.45 24.59 24.70 24.79 24.86 24.90 24.92 24.91 24.88 24.82 24.74 24.67 24.65 24.68 24.76 24.88 25.03 25.22 25.45 25.70 25.99 26.30 26.63 26.98 27.35 27.73 28.12 28.53 28.93 29.35 29.76 30.16 30.57
8.10 8.50 8.90 9.31 9.72 10.13 10.55 10.97 11.39 11.81 12.23 12.65 13.07 13.49 13.92 14.34 14.76 15.17 15.59 16.00 16.41 16.82 17.23 17.63 18.04 18.45 18.86 19.27 19.68 20.09 20.50 20.89 21.28 21.64 21.99 22.32 22.63 22.93 23.20 23.46 23.70 23.91 24.11 24.29 24.44 24.58 24.69 24.78 24.84 24.88 24.90 24.90 24.87 24.81 24.73 24.68 24.67 24.72 24.82 24.96 25.15 25.39 25.66 25.96 26.30 26.67 27.07 27.49 27.93 28.39 28.87 29.37 29.87 30.38 30.90 31.42 31.94
8.23 8.63 9.03 9.44 9.85 10.26 10.67 11.09 11.51 11.93 12.35 12.77 13.19 13.62 14.04 14.46 14.88 15.30 15.71 16.13 16.54 16.95 17.35 17.75 18.16 18.57 18.97 19.38 19.79 20.19 20.59 20.97 21.34 21.69 22.03 22.35 22.65 22.94 23.21 23.46 23.69 23.90 24.09 24.26 24.41 24.54 24.65 24.74 24.81 24.85 24.87 24.86 24.84 24.79 24.71 24.66 24.67 24.74 24.86 25.04 25.26 25.53 25.84 26.20 26.59 27.02 27.48 27.98 28.50 29.04 29.61 30.19 30.79 31.41 32.03 32.66 33.30
8.37 8.76 9.16 9.57 9.98 10.39 10.80 11.21 11.63 12.05 12.47 12.89 13.31 13.73 14.16 14.58 15.00 15.41 15.83 16.24 16.66 17.07 17.47 17.87 18.27 18.68 19.08 19.48 19.89 20.28 20.67 21.03 21.39 21.73 22.05 22.36 22.66 22.93 23.19 23.43 23.66 23.86 24.05 24.22 24.36 24.49 24.60 24.69 24.75 24.80 24.82 24.82 24.79 24.74 24.68 24.63 24.66 24.74 24.89 25.09 25.35 25.66 26.02 26.42 26.87 27.36 27.89 28.45 29.05 29.67 30.32 31.00 31.70 32.41 33.14 33.89 34.64
8.51 8.90 9.30 9.70 10.11 10.52 10.93 11.34 11.76 12.17 12.59 13.01 13.43 13.85 14.27 14.69 15.11 15.53 15.94 16.36 16.77 17.18 17.59 17.99 18.39 18.78 19.18 19.58 19.97 20.36 20.72 21.08 21.42 21.75 22.06 22.36 22.64 22.91 23.16 23.39 23.61 23.81 23.99 24.16 24.30 24.43 24.53 24.62 24.68 24.73 24.75 24.75 24.73 24.69 24.62 24.59 24.63 24.73 24.90 25.13 25.42 25.77 26.18 26.63 27.13 27.68 28.28 28.91 29.58 30.29 31.02 31.79 32.59 33.40 34.24 35.10 35.97
8.65 9.04 9.44 9.84 10.24 10.65 11.05 11.47 11.88 12.29 12.71 13.13 13.55 13.97 14.38 14.80 15.22 15.64 16.05 16.47 16.88 17.29 17.69 18.10 18.49 18.89 19.28 19.67 20.05 20.41 20.77 21.11 21.44 21.75 22.05 22.34 22.61 22.87 23.11 23.34 23.55 23.75 23.92 24.08 24.22 24.35 24.45 24.54 24.60 24.65 24.67 24.67 24.65 24.61 24.56 24.53 24.58 24.70 24.90 25.16 25.48 25.87 26.32 26.82 27.38 27.99 28.65 29.36 30.10 30.89 31.71 32.57 33.46 34.38 35.33 36.30 37.29
8.80 9.19 9.58 9.98 10.37 10.78 11.18 11.59 12.00 12.41 12.83 13.24 13.66 14.08 14.49 14.91 15.33 15.74 16.16 16.57 16.98 17.39 17.79 18.20 18.59 18.99 19.37 19.75 20.11 20.46 20.80 21.12 21.44 21.74 22.03 22.31 22.57 22.82 23.06 23.27 23.48 23.67 23.84 23.99 24.13 24.25 24.36 24.44 24.50 24.55 24.58 24.58 24.57 24.53 24.48 24.46 24.52 24.66 24.88 25.17 25.53 25.96 26.45 27.01 27.62 28.29 29.02 29.79 30.61 31.48 32.39 33.34 34.33 35.35 36.41 37.49 38.60
8.95 9.34 9.72 10.12 10.51 10.91 11.31 11.72 12.12 12.53 12.95 13.36 13.77 14.19 14.60 15.02 15.43 15.84 16.26 16.67 17.08 17.48 17.89 18.29 18.69 19.07 19.45 19.81 20.15 20.49 20.81 21.13 21.43 21.72 22.00 22.26 22.52 22.76 22.98 23.20 23.39 23.58 23.74 23.89 24.03 24.15 24.25 24.33 24.40 24.44 24.47 24.48 24.47 24.44 24.39 24.38 24.46 24.62 24.86 25.18 25.57 26.04 26.58 27.18 27.85 28.58 29.37 30.21 31.11 32.06 33.06 34.10 35.19 36.31 37.47 38.67 39.89
9.11 9.49 9.87 10.26 10.65 11.05 11.44 11.84 12.25 12.65 13.06 13.47 13.88 14.29 14.71 15.12 15.53 15.94 16.35 16.76 17.17 17.57 17.98 18.38 18.77 19.14 19.51 19.85 20.19 20.51 20.82 21.12 21.41 21.68 21.95 22.21 22.45 22.68 22.90 23.11 23.30 23.48 23.64 23.78 23.92 24.03 24.13 24.21 24.28 24.33 24.36 24.37 24.36 24.33 24.29 24.29 24.38 24.56 24.82 25.17 25.60 26.11 26.69 27.34 28.07 28.86 29.71 30.63 31.61 32.64 33.72 34.85 36.04 37.26 38.53 39.84 41.18
9.27 9.65 10.02 10.40 10.79 11.18 11.58 11.97 12.37 12.77 13.18 13.58 13.99 14.40 14.81 15.22 15.63 16.04 16.44 16.85 17.25 17.66 18.06 18.45 18.83 19.19 19.55 19.88 20.21 20.51 20.81 21.10 21.37 21.64 21.90 22.14 22.38 22.60 22.81 23.01 23.19 23.36 23.52 23.67 23.79 23.91 24.01 24.09 24.15 24.20 24.23 24.25 24.24 24.22 24.18 24.19 24.29 24.49 24.78 25.16 25.62 26.17 26.79 27.50 28.28 29.13 30.05 31.04 32.09 33.20 34.37 35.60 36.88 38.21 39.58 41.00 42.46
9.44 9.80 10.18 10.55 10.93 11.32 11.71 12.10 12.50 12.89 13.29 13.70 14.10 14.50 14.91 15.31 15.72 16.12 16.53 16.93 17.33 17.73 18.13 18.51 18.87 19.23 19.57 19.90 20.21 20.51 20.80 21.07 21.33 21.59 21.83 22.07 22.29 22.51 22.71 22.90 23.08 23.25 23.40 23.54 23.66 23.78 23.87 23.95 24.02 24.07 24.10 24.12 24.12 24.10 24.06 24.08 24.20 24.42 24.73 25.14 25.63 26.22 26.89 27.65 28.48 29.40 30.38 31.44 32.57 33.76 35.02 36.34 37.71 39.14 40.63 42.16 43.74
9.61 9.97 10.33 10.70 11.08 11.46 11.84 12.23 12.62 13.01 13.41 13.80 14.20 14.60 15.00 15.41 15.81 16.21 16.61 17.01 17.41 17.80 18.18 18.55 18.91 19.25 19.58 19.90 20.20 20.49 20.77 21.03 21.29 21.53 21.76 21.99 22.20 22.41 22.60 22.79 22.96 23.12 23.27 23.41 23.53 23.64 23.73 23.81 23.88 23.93 23.96 23.98 23.99 23.97 23.94 23.97 24.10 24.34 24.67 25.11 25.64 26.27 26.99 27.79 28.68 29.66 30.71 31.84 33.04 34.32 35.66 37.07 38.54 40.08 41.67 43.31 45.01
9.78 10.13 10.49 10.86 11.23 11.60 11.98 12.36 12.74 13.13 13.52 13.91 14.31 14.70 15.10 15.50 15.89 16.29 16.69 17.08 17.47 17.85 18.22 18.58 18.92 19.26 19.58 19.88 20.18 20.46 20.73 20.99 21.23 21.46 21.69 21.90 22.11 22.31 22.49 22.67 22.84 22.99 23.14 23.27 23.39 23.49 23.59 23.67 23.73 23.79 23.82 23.85 23.85 23.84 23.82 23.85 24.00 24.25 24.61 25.08 25.65 26.31 27.08 27.93 28.88 29.91 31.03 32.23 33.51 34.87 36.30 37.80 39.37 41.01 42.71 44.46 46.26
9.96 10.30 10.66 11.01 11.38 11.74 12.12 12.49 12.87 13.25 13.63 14.02 14.41 14.80 15.19 15.58 15.98 16.37 16.76 17.15 17.52 17.89 18.25 18.59 18.93 19.25 19.56 19.86 20.15 20.42 20.68 20.93 21.17 21.40 21.61 21.81 22.01 22.20 22.38 22.55 22.71 22.86 23.00 23.13 23.24 23.35 23.44 23.52 23.59 23.64 23.68 23.70 23.71 23.71 23.69 23.74 23.89 24.17 24.55 25.05 25.65 26.36 27.17 28.07 29.07 30.17 31.35 32.62 33.98 35.42 36.94 38.53 40.20 41.94 43.74 45.59 47.42
10.14 10.48 10.82 11.17 11.53 11.89 12.25 12.62 12.99 13.37 13.75 14.13 14.51 14.89 15.28 15.67 16.05 16.44 16.82 17.20 17.56 17.92 18.26 18.59 18.92 19.23 19.53 19.82 20.10 20.37 20.63 20.87 21.10 21.32 21.53 21.72 21.91 22.09 22.26 22.42 22.58 22.72 22.86 22.98 23.10 23.20 23.29 23.37 23.44 23.49 23.53 23.56 23.57 23.57 23.56 23.62 23.79 24.08 24.49 25.02 25.65 26.40 27.25 28.21 29.27 30.42 31.67 33.02 34.45 35.97 37.57 39.26 41.03 42.87 44.76 46.64 48.47
10.32 10.65 10.99 11.33 11.68 12.04 12.39 12.75 13.12 13.49 13.86 14.23 14.61 14.99 15.37 15.75 16.13 16.51 16.88 17.24 17.59 17.93 18.26 18.59 18.90 19.20 19.50 19.78 20.05 20.31 20.56 20.80 21.02 21.24 21.44 21.63 21.80 21.98 22.14 22.30 22.45 22.59 22.72 22.84 22.95 23.05 23.14 23.22 23.29 23.34 23.39 23.42 23.44 23.44 23.43 23.50 23.68 23.99 24.43 24.98 25.66 26.44 27.34 28.35 29.46 30.68 31.99 33.41 34.92 36.52 38.21 39.99 41.85 43.78 45.69 47.56 49.38
10.51 10.83 11.16 11.50 11.84 12.18 12.53 12.89 13.25 13.61 13.97 14.34 14.71 15.08 15.45 15.83 16.20 16.56 16.92 17.26 17.60 17.93 18.25 18.57 18.87 19.16 19.45 19.72 19.99 20.24 20.48 20.71 20.94 21.14 21.34 21.53 21.70 21.86 22.02 22.17 22.31 22.45 22.58 22.69 22.80 22.90 22.99 23.07 23.14 23.20 23.24 23.28 23.30 23.31 23.31 23.38 23.58 23.91 24.37 24.95 25.66 26.49 27.43 28.49 29.66 30.93 32.32 33.80 35.39 37.07 38.85 40.72 42.66 44.61 46.51 48.37 50.17
10.71 11.02 11.34 11.67 12.00 12.33 12.68 13.02 13.37 13.73 14.08 14.44 14.80 15.17 15.53 15.90 16.25 16.60 16.95 17.28 17.61 17.93 18.24 18.54 18.83 19.12 19.39 19.66 19.92 20.16 20.40 20.63 20.84 21.05 21.24 21.42 21.60 21.75 21.90 22.05 22.18 22.31 22.44 22.55 22.66 22.76 22.84 22.92 22.99 23.05 23.10 23.14 23.16 23.18 23.18 23.26 23.48 23.83 24.31 24.93 25.67 26.53 27.52 28.63 29.86 31.19 32.64 34.20 35.87 37.63 39.50 41.44 43.39 45.32 47.20 49.04 50.84
10.90 11.21 11.52 11.84 12.16 12.49 12.82 13.16 13.50 13.84 14.19 14.54 14.90 15.26 15.61 15.96 16.30 16.64 16.97 17.29 17.60 17.91 18.21 18.51 18.79 19.07 19.33 19.59 19.84 20.08 20.31 20.53 20.75 20.95 21.14 21.32 21.49 21.64 21.79 21.93 22.06 22.18 22.30 22.41 22.52 22.61 22.70 22.78 22.85 22.91 22.96 23.00 23.03 23.05 23.06 23.15 23.38 23.75 24.26 24.90 25.68 26.59 27.62 28.78 30.06 31.46 32.98 34.61 36.35 38.19 40.13 42.08 44.01 45.91 47.77 49.60 51.38
11.11 11.40 11.70 12.01 12.32 12.64 12.97 13.29 13.63 13.96 14.30 14.65 14.99 15.34 15.68 16.01 16.34 16.66 16.98 17.29 17.59 17.89 18.18 18.46 18.74 19.01 19.27 19.52 19.76 20.00 20.22 20.44 20.64 20.84 21.03 21.21 21.37 21.53 21.68 21.81 21.94 22.06 22.17 22.28 22.38 22.48 22.56 22.64 22.71 22.78 22.83 22.87 22.91 22.93 22.95 23.04 23.29 23.68 24.21 24.88 25.70 26.64 27.72 28.93 30.27 31.73 33.31 35.02 36.83 38.74 40.68 42.60 44.50 46.38 48.22 50.03 51.80
11.31 11.60 11.89 12.19 12.49 12.80 13.11 13.43 13.75 14.08 14.41 14.75 15.08 15.41 15.74 16.06 16.37 16.68 16.99 17.28 17.58 17.86 18.14 18.42 18.68 18.94 19.20 19.44 19.68 19.91 20.13 20.34 20.54 20.74 20.92 21.09 21.26 21.42 21.56 21.70 21.82 21.94 22.05 22.15 22.25 22.34 22.43 22.51 22.58 22.65 22.70 22.75 22.79 22.81 22.84 22.95 23.20 23.61 24.17 24.87 25.72 26.71 27.84 29.10 30.49 32.01 33.66 35.43 37.31 39.22 41.12 43.00 44.88 46.72 48.55 50.34 52.10
11.52 11.80 12.08 12.37 12.66 12.96 13.26 13.57 13.88 14.20 14.52 14.84 15.16 15.48 15.79 16.09 16.40 16.69 16.99 17.27 17.56 17.83 18.10 18.37 18.63 18.88 19.12 19.36 19.59 19.81 20.03 20.24 20.44 20.63 20.81 20.98 21.15 21.30 21.45 21.58 21.71 21.82 21.93 22.03 22.13 22.22 22.31 22.39 22.46 22.52 22.58 22.63 22.67 22.71 22.74 22.85 23.13 23.56 24.14 24.87 25.76 26.78 27.96 29.27 30.72 32.30 34.02 35.84 37.71 39.58 41.44 43.29 45.13 46.95 48.75 50.52 52.26
11.74 12.00 12.27 12.55 12.83 13.12 13.41 13.71 14.01 14.32 14.63 14.93 15.24 15.54 15.83 16.13 16.42 16.70 16.98 17.26 17.53 17.80 18.06 18.31 18.56 18.81 19.05 19.28 19.50 19.72 19.93 20.13 20.33 20.52 20.70 20.87 21.03 21.19 21.33 21.47 21.60 21.71 21.82 21.92 22.02 22.11 22.19 22.27 22.35 22.41 22.47 22.53 22.57 22.61 22.65 22.77 23.06 23.51 24.12 24.88 25.80 26.87 28.09 29.45 30.95 32.60 34.36 36.17 38.00 39.82 41.64 43.46 45.27 47.06 48.83 50.58 52.31
11.96 12.21 12.47 12.73 13.00 13.28 13.56 13.85 14.14 14.44 14.73 15.02 15.31 15.59 15.88 16.16 16.43 16.71 16.97 17.24 17.50 17.76 18.01 18.26 18.50 18.74 18.97 19.19 19.41 19.63 19.83 20.03 20.23 20.41 20.59 20.76 20.92 21.08 21.22 21.36 21.49 21.61 21.72 21.82 21.91 22.00 22.09 22.17 22.24 22.31 22.38 22.43 22.48 22.53 22.57 22.70 23.01 23.47 24.11 24.90 25.86 26.96 28.23 29.64 31.20 32.89 34.64 36.40 38.17 39.95 41.73 43.51 45.28 47.05 48.79 50.52 52.23
12.18 12.42 12.67 12.92 13.18 13.45 13.72 13.99 14.27 14.55 14.83 15.10 15.37 15.64 15.91 16.18 16.45 16.71 16.96 17.22 17.47 17.72 17.96 18.20 18.44 18.67 18.89 19.11 19.33 19.53 19.74 19.93 20.12 20.31 20.48 20.65 20.82 20.97 21.12 21.26 21.39 21.51 21.62 21.73 21.82 21.91 21.99 22.07 22.15 22.22 22.29 22.35 22.40 22.45 22.50 22.65 22.96 23.45 24.11 24.93 25.92 27.07 28.38 29.85 31.45 33.11 34.80 36.51 38.23 39.96 41.70 43.44 45.18 46.91 48.63 50.34 52.02
12.41 12.64 12.87 13.11 13.36 13.61 13.87 14.13 14.40 14.66 14.92 15.18 15.44 15.69 15.95 16.20 16.46 16.71 16.95 17.20 17.44 17.68 17.91 18.15 18.37 18.60 18.81 19.03 19.24 19.44 19.64 19.84 20.02 20.21 20.38 20.55 20.71 20.87 21.02 21.16 21.29 21.41 21.53 21.64 21.74 21.83 21.91 22.00 22.07 22.15 22.22 22.28 22.34 22.39 22.45 22.60 22.93 23.44 24.13 24.98 26.01 27.20 28.55 30.05 31.62 33.22 34.85 36.51 38.18 39.86 41.56 43.26 44.96 46.66 48.35 50.03 51.69
12.65 12.86 13.08 13.31 13.54 13.78 14.03 14.27 14.52 14.76 15.01 15.25 15.50 15.74 15.98 16.23 16.47 16.71 16.94 17.18 17.41 17.64 17.87 18.09 18.31 18.53 18.74 18.95 19.16 19.36 19.55 19.74 19.93 20.11 20.28 20.45 20.61 20.77 20.92 21.06 21.20 21.33 21.45 21.56 21.66 21.76 21.85 21.93 22.01 22.09 22.16 22.23 22.29 22.35 22.41 22.58 22.92 23.45 24.16 25.04 26.10 27.34 28.72 30.18 31.69 33.23 34.80 36.39 38.01 39.65 41.30 42.96 44.62 46.28 47.94 49.60 51.23
12.89 13.08 13.29 13.51 13.73 13.95 14.18 14.41 14.64 14.87 15.10 15.33 15.56 15.79 16.02 16.25 16.48 16.71 16.93 17.16 17.38 17.60 17.82 18.04 18.25 18.46 18.67 18.88 19.08 19.27 19.47 19.65 19.84 20.02 20.19 20.36 20.52 20.68 20.83 20.98 21.11 21.25 21.37 21.49 21.60 21.70 21.80 21.88 21.96 22.04 22.12 22.19 22.26 22.32 22.39 22.56 22.93 23.47 24.21 25.12 26.22 27.47 28.82 30.21 31.64 33.12 34.63 36.17 37.73 39.32 40.92 42.54 44.16 45.79 47.42 49.04 50.65
13.13 13.31 13.51 13.71 13.91 14.12 14.33 14.54 14.75 14.97 15.18 15.40 15.62 15.84 16.05 16.27 16.49 16.71 16.92 17.14 17.36 17.57 17.78 17.99 18.20 18.40 18.61 18.81 19.00 19.20 19.39 19.57 19.75 19.93 20.11 20.27 20.44 20.60 20.75 20.90 21.04 21.18 21.30 21.43 21.54 21.65 21.75 21.85 21.93 22.01 22.09 22.17 22.24 22.31 22.39 22.57 22.95 23.52 24.27 25.22 26.33 27.54 28.81 30.13 31.50 32.90 34.35 35.83 37.34 38.87 40.43 42.00 43.58 45.17 46.77 48.36 49.95
13.38 13.55 13.72 13.91 14.10 14.29 14.48 14.67 14.87 15.07 15.27 15.48 15.68 15.89 16.09 16.30 16.51 16.71 16.92 17.13 17.33 17.54 17.74 17.95 18.15 18.35 18.55 18.74 18.93 19.12 19.31 19.50 19.68 19.85 20.03 20.20 20.36 20.52 20.68 20.83 20.97 21.11 21.25 21.38 21.50 21.61 21.72 21.82 21.92 22.01 22.09 22.17 22.25 22.32 22.40 22.60 22.99 23.58 24.36 25.32 26.38 27.51 28.70 29.94 31.24 32.58 33.96 35.38 36.83 38.31 39.82 41.34 42.88 44.43 45.99 47.56 49.12
