data_processed/recharge/precip/Precip_1996_12.asc
ncols        168
nrows        136
xllcorner    455000
yllcorner    2107000
cellsize     500
NODATA_value     -99999
[rows 0 to 34 of 136, columns 0 to 77 of 168]
193.88 190.52 188.19 186.11 184.24 182.52 180.91 179.38 177.87 176.34 174.75 173.05 171.19 169.14 166.84 164.26 161.35 158.06 154.35 150.18 145.57 140.71 135.47 129.56 123.27 117.02 110.82 104.54 98.01 91.26 84.36 77.38 70.39 63.46 56.67 50.09 43.78 37.82 32.28 27.22 22.73 18.86 15.70 13.31 11.76 11.12 11.37 12.20 13.31 14.69 17.24 21.45 27.16 33.78 40.80 48.09 55.58 63.20 70.87 78.51 86.06 93.45 100.59 107.42 113.86 119.84 125.29 130.12 134.28 137.68 140.25 141.92 142.45 141.50 138.94 134.91 130.16 124.98
198.74 195.80 193.17 190.79 188.62 186.63 184.75 182.96 181.20 179.44 177.61 175.69 173.63 171.38 168.90 166.14 163.06 159.62 155.76 151.45 146.64 141.36 135.71 129.60 123.20 116.82 110.32 103.54 96.50 89.28 81.95 74.57 67.23 59.99 52.92 46.09 39.58 33.45 27.77 22.62 18.07 14.19 11.04 8.71 7.26 6.75 7.27 8.75 10.82 13.30 17.01 22.29 28.54 35.25 42.28 49.56 57.02 64.58 72.17 79.72 87.15 94.39 101.37 108.01 114.24 119.98 125.17 129.73 133.58 136.66 138.89 140.19 140.49 139.58 137.13 133.19 128.51 123.41
199.01 195.92 193.14 190.64 188.35 186.25 184.28 182.40 180.56 178.72 176.85 174.88 172.78 170.50 168.00 165.24 162.16 158.73 154.90 150.63 145.87 140.57 134.75 128.50 122.04 115.41 108.47 101.24 93.79 86.20 78.54 70.87 63.27 55.80 48.55 41.58 34.95 28.75 23.05 17.90 13.39 9.59 6.56 4.38 3.12 2.85 3.63 5.55 8.51 12.19 17.07 22.99 29.41 36.21 43.31 50.63 58.11 65.67 73.24 80.74 88.11 95.26 102.12 108.63 114.70 120.27 125.25 129.59 133.20 136.01 137.94 138.93 138.91 137.78 135.35 131.51 126.93 122.03
194.13 191.06 188.32 185.85 183.61 181.57 179.67 177.87 176.12 174.39 172.62 170.78 168.81 166.67 164.33 161.73 158.82 155.58 151.94 147.87 143.32 138.25 132.62 126.41 119.77 112.76 105.43 97.85 90.10 82.23 74.33 66.47 58.70 51.12 43.78 36.76 30.12 23.95 18.30 13.26 8.89 5.26 2.45 0.52 0.00 0.00 0.75 3.07 6.63 11.35 16.96 23.12 29.71 36.65 43.87 51.29 58.85 66.46 74.06 81.57 88.92 96.04 102.85 109.27 115.24 120.68 125.52 129.69 133.10 135.70 137.40 138.13 137.82 136.39 133.78 129.97 125.60 120.97
186.25 183.30 180.69 178.36 176.28 174.40 172.67 171.05 169.50 167.97 166.42 164.79 163.06 161.17 159.08 156.74 154.12 151.16 147.82 144.05 139.82 135.08 129.77 123.80 117.00 109.65 102.00 94.13 86.13 78.05 69.98 61.97 54.11 46.47 39.10 32.09 25.51 19.43 13.91 9.03 4.86 1.47 0.00 0.00 0.00 0.00 0.00 1.49 5.53 10.69 16.58 22.97 29.76 36.88 44.26 51.82 59.49 67.19 74.86 82.42 89.79 96.91 103.69 110.07 115.98 121.33 126.06 130.10 133.36 135.77 137.27 137.78 137.23 135.54 132.54 128.23 123.94 119.60
178.62 175.79 173.31 171.12 169.18 167.46 165.90 164.46 163.09 161.76 160.42 159.02 157.51 155.86 154.02 151.94 149.59 146.91 143.86 140.40 136.48 132.05 127.02 121.29 114.66 107.16 99.20 91.05 82.81 74.53 66.28 58.15 50.19 42.49 35.11 28.12 21.59 15.60 10.22 5.51 1.54 0.00 0.00 0.00 0.00 0.00 0.00 0.65 5.01 10.37 16.46 23.07 30.07 37.38 44.93 52.63 60.42 68.23 75.98 83.59 91.00 98.13 104.90 111.25 117.10 122.38 127.01 130.92 134.03 136.28 137.59 137.89 137.10 135.06 131.28 125.98 121.07 116.85
171.60 168.89 166.51 164.44 162.63 161.05 159.64 158.36 157.17 156.02 154.86 153.66 152.37 150.94 149.33 147.50 145.40 142.98 140.20 137.03 133.40 129.22 124.41 118.89 112.50 105.20 97.13 88.71 80.22 71.73 63.32 55.05 47.00 39.24 31.84 24.87 18.40 12.50 7.24 2.70 0.00 0.00 0.00 0.00 0.00 0.00 0.00 0.34 4.88 10.42 16.68 23.45 30.65 38.16 45.88 53.74 61.66 69.57 77.41 85.08 92.53 99.68 106.45 112.77 118.57 123.78 128.31 132.11 135.08 137.17 138.30 138.39 137.28 134.48 129.73 123.48 117.67 112.91
164.98 162.54 160.27 158.30 156.61 155.14 153.87 152.73 151.69 150.70 149.72 148.70 147.61 146.38 144.99 143.38 141.51 139.34 136.82 133.91 130.50 126.51 121.89 116.59 110.45 103.41 95.56 87.07 78.34 69.65 61.06 52.66 44.52 36.70 29.27 22.32 15.90 10.09 4.96 0.59 0.00 0.00 0.00 0.00 0.00 0.00 0.00 0.41 5.11 10.81 17.21 24.12 31.47 39.15 47.05 55.07 63.13 71.16 79.08 86.83 94.32 101.50 108.27 114.57 120.33 125.47 129.92 133.61 136.45 138.39 139.34 139.14 137.29 133.53 127.86 120.77 114.12 108.55
158.53 156.55 154.54 152.67 151.07 149.71 148.55 147.54 146.63 145.79 144.97 144.11 143.19 142.16 140.96 139.56 137.91 135.96 133.68 130.96 127.71 123.90 119.47 114.38 108.48 101.72 94.17 85.92 77.15 68.25 59.49 50.96 42.71 34.83 27.39 20.45 14.08 8.36 3.36 0.00 0.00 0.00 0.00 0.00 0.00 0.00 0.00 0.83 5.67 11.50 18.04 25.08 32.53 40.33 48.39 56.57 64.77 72.92 80.95 88.77 96.32 103.52 110.31 116.60 122.32 127.40 131.77 135.36 138.08 139.87 140.55 139.64 136.84 132.19 125.70 117.84 110.45 104.14
152.23 150.72 149.13 147.50 145.99 144.72 143.66 142.75 141.96 141.25 140.56 139.86 139.10 138.23 137.21 136.00 134.55 132.81 130.70 128.12 125.02 121.36 117.12 112.25 106.59 100.09 92.84 84.91 76.41 67.50 58.58 49.91 41.57 33.63 26.16 19.23 12.91 7.28 2.41 0.00 0.00 0.00 0.00 0.00 0.00 0.00 0.00 1.58 6.53 12.49 19.15 26.29 33.83 41.71 49.86 58.18 66.53 74.81 82.94 90.85 98.46 105.70 112.50 118.78 124.48 129.51 133.81 137.30 139.90 141.45 141.44 139.60 135.93 130.46 123.24 114.71 106.67 99.71
146.08 145.02 143.87 142.63 141.34 140.15 139.16 138.35 137.66 137.05 136.49 135.92 135.30 134.58 133.72 132.68 131.41 129.82 127.81 125.35 122.39 118.90 114.85 110.19 104.76 98.53 91.56 83.96 75.81 67.20 58.30 49.50 41.06 33.05 25.56 18.64 12.37 6.83 2.08 0.00 0.00 0.00 0.00 0.00 0.00 0.00 0.00 2.63 7.68 13.75 20.51 27.73 35.35 43.29 51.49 59.87 68.34 76.76 85.00 92.99 100.67 107.96 114.79 121.07 126.74 131.73 135.96 139.36 141.75 142.63 141.72 139.01 134.55 128.37 120.51 111.40 102.79 95.27
140.10 139.45 138.71 137.87 136.94 135.94 135.03 134.29 133.68 133.17 132.71 132.25 131.75 131.17 130.46 129.57 128.41 126.90 124.99 122.65 119.83 116.50 112.63 108.18 102.98 97.01 90.33 83.05 75.25 67.02 58.44 49.70 41.16 33.09 25.57 18.66 12.44 6.98 2.35 0.00 0.00 0.00 0.00 0.00 0.00 0.00 0.00 3.95 9.09 15.25 22.09 29.39 37.06 45.05 53.28 61.68 70.19 78.70 87.06 95.16 102.91 110.25 117.10 123.40 129.06 134.01 138.18 141.39 143.14 143.12 141.36 137.89 132.73 125.92 117.50 107.90 98.83 90.84
134.29 134.03 133.67 133.20 132.63 131.97 131.23 130.55 130.01 129.58 129.20 128.83 128.44 127.97 127.38 126.59 125.49 124.05 122.23 120.00 117.32 114.15 110.46 106.21 101.25 95.53 89.14 82.17 74.71 66.85 58.68 50.29 41.84 33.72 26.16 19.26 13.09 7.72 3.21 0.00 0.00 0.00 0.00 0.00 0.00 0.00 1.37 5.53 10.73 16.97 23.88 31.23 38.95 46.96 55.21 63.61 72.11 80.63 89.07 97.27 105.11 112.51 119.40 125.70 131.35 136.27 140.29 142.88 143.75 142.91 140.39 136.23 130.47 123.13 114.24 104.24 94.78 86.41
128.66 128.76 128.76 128.63 128.40 128.06 127.62 127.10 126.61 126.23 125.92 125.64 125.33 124.96 124.43 123.67 122.62 121.24 119.51 117.39 114.84 111.83 108.32 104.27 99.53 94.07 87.97 81.31 74.20 66.71 58.93 50.97 42.90 34.89 27.32 20.43 14.30 9.01 4.62 1.19 0.00 0.00 0.00 0.00 0.00 0.00 3.13 7.33 12.59 18.89 25.85 33.24 40.98 49.01 57.25 65.64 74.11 82.59 91.02 99.28 107.20 114.66 121.60 127.93 133.58 138.37 141.78 143.51 143.57 141.99 138.81 134.06 127.78 119.99 110.73 100.42 90.67 82.01
123.22 123.66 123.98 124.17 124.25 124.21 124.06 123.80 123.45 123.12 122.86 122.63 122.39 122.06 121.54 120.79 119.78 118.47 116.83 114.82 112.40 109.54 106.21 102.35 97.84 92.63 86.80 80.46 73.68 66.56 59.18 51.64 44.03 36.43 29.01 22.13 16.05 10.83 6.55 3.17 0.67 0.00 0.00 0.00 0.00 1.92 5.11 9.35 14.64 20.98 27.98 35.39 43.14 51.16 59.39 67.75 76.17 84.60 92.95 101.17 109.13 116.67 123.65 130.01 135.56 139.77 142.34 143.27 142.62 140.39 136.64 131.39 124.67 116.53 106.99 96.45 86.50 77.64
117.98 118.73 119.34 119.83 120.19 120.42 120.53 120.53 120.41 120.19 119.97 119.78 119.55 119.20 118.68 117.95 116.98 115.73 114.17 112.26 109.97 107.26 104.10 100.44 96.15 91.18 85.64 79.60 73.16 66.40 59.42 52.30 45.13 38.01 31.03 24.34 18.30 13.16 8.89 5.48 2.93 1.28 0.54 0.75 1.93 4.10 7.30 11.54 16.86 23.22 30.24 37.66 45.40 53.40 61.60 69.91 78.27 86.62 94.89 103.00 110.90 118.46 125.50 131.78 136.77 140.15 141.95 142.19 140.90 138.12 133.88 128.22 121.16 112.75 103.01 92.35 82.28 73.32
112.95 113.98 114.86 115.61 116.22 116.70 117.05 117.27 117.37 117.35 117.22 117.02 116.75 116.37 115.84 115.12 114.19 113.00 111.52 109.71 107.55 104.99 101.99 98.52 94.45 89.73 84.46 78.73 72.61 66.22 59.63 52.93 46.21 39.57 33.09 26.86 21.03 15.88 11.56 8.08 5.47 3.77 2.99 3.17 4.32 6.48 9.66 13.90 19.22 25.59 32.62 40.02 47.74 55.71 63.85 72.09 80.38 88.64 96.80 104.80 112.56 120.03 126.96 132.70 136.89 139.52 140.63 140.25 138.42 135.18 130.54 124.56 117.26 108.67 98.83 88.12 78.03 69.05
108.13 109.41 110.54 111.53 112.37 113.06 113.62 114.04 114.33 114.49 114.48 114.29 113.97 113.55 113.01 112.30 111.40 110.26 108.86 107.16 105.11 102.70 99.87 96.59 92.73 88.25 83.26 77.82 72.04 66.00 59.80 53.51 47.24 41.07 35.09 29.39 23.97 18.91 14.50 10.94 8.27 6.50 5.66 5.79 6.90 9.02 12.18 16.40 21.71 28.07 35.08 42.46 50.14 58.05 66.12 74.29 82.48 90.63 98.67 106.54 114.16 121.35 127.57 132.46 135.90 137.86 138.38 137.48 135.20 131.58 126.64 120.43 112.97 104.29 94.44 83.78 73.76 64.84
103.54 105.05 106.39 107.59 108.62 109.51 110.25 110.85 111.30 111.58 111.64 111.50 111.18 110.73 110.17 109.48 108.60 107.52 106.20 104.59 102.66 100.39 97.72 94.62 90.98 86.74 82.01 76.88 71.42 65.74 59.92 54.05 48.22 42.52 37.03 31.78 26.77 22.04 17.70 14.06 11.29 9.44 8.53 8.59 9.64 11.71 14.82 19.01 24.29 30.62 37.60 44.94 52.56 60.40 68.39 76.46 84.55 92.57 100.48 108.19 115.53 121.95 127.14 131.10 133.83 135.21 135.22 133.89 131.25 127.34 122.19 115.83 108.30 99.63 89.85 79.33 69.46 60.71
99.18 100.89 102.42 103.80 105.01 106.06 106.95 107.69 108.24 108.58 108.70 108.62 108.34 107.90 107.33 106.64 105.79 104.76 103.50 101.99 100.18 98.04 95.54 92.62 89.18 85.19 80.72 75.88 70.75 65.42 59.98 54.52 49.13 43.89 38.84 33.97 29.35 25.00 20.97 17.38 14.52 12.57 11.57 11.55 12.52 14.52 17.58 21.71 26.94 33.24 40.17 47.45 55.00 62.75 70.64 78.60 86.55 94.44 102.19 109.63 116.18 121.55 125.74 128.79 130.73 131.56 131.16 129.48 126.58 122.47 117.19 110.78 103.27 94.69 85.08 74.78 65.17 56.67
95.06 96.94 98.64 100.17 101.52 102.71 103.73 104.55 105.15 105.52 105.68 105.64 105.41 105.01 104.45 103.77 102.95 101.96 100.77 99.35 97.65 95.65 93.30 90.57 87.33 83.57 79.37 74.82 70.01 65.03 59.97 54.92 49.96 45.13 40.44 35.95 31.69 27.70 24.04 20.74 17.92 15.87 14.76 14.64 15.52 17.44 20.41 24.47 29.65 35.89 42.76 49.95 57.41 65.06 72.84 80.67 88.48 96.21 103.68 110.32 115.81 120.17 123.43 125.63 126.81 127.00 126.20 124.28 121.19 116.97 111.66 105.29 97.89 89.49 80.14 70.16 60.88 52.72
91.20 93.22 95.06 96.71 98.18 99.47 100.56 101.41 102.03 102.42 102.61 102.60 102.41 102.05 101.52 100.86 100.06 99.11 97.99 96.66 95.07 93.20 91.01 88.45 85.42 81.89 77.95 73.69 69.19 64.56 59.87 55.22 50.64 46.17 41.84 37.69 33.78 30.14 26.82 23.87 21.33 19.30 18.08 17.84 18.62 20.43 23.31 27.29 32.38 38.55 45.33 52.44 59.79 67.32 74.97 82.65 90.30 97.74 104.41 109.97 114.43 117.84 120.24 121.66 122.14 121.72 120.44 118.28 115.10 110.86 105.61 99.36 92.16 84.04 75.03 65.46 56.61 48.88
87.59 89.73 91.67 93.43 94.99 96.33 97.43 98.28 98.91 99.31 99.52 99.53 99.36 99.02 98.52 97.89 97.11 96.21 95.15 93.90 92.42 90.68 88.64 86.25 83.42 80.12 76.44 72.46 68.28 63.99 59.68 55.38 51.14 47.00 43.00 39.19 35.60 32.29 29.30 26.68 24.46 22.70 21.49 21.13 21.78 23.48 26.25 30.12 35.11 41.19 47.89 54.88 62.11 69.51 77.00 84.52 91.88 98.51 104.07 108.59 112.10 114.63 116.23 116.94 116.79 115.82 114.07 111.58 108.32 104.16 99.04 93.02 86.11 78.35 69.77 60.70 52.36 45.16
84.26 86.48 88.51 90.33 91.92 93.26 94.34 95.19 95.81 96.22 96.43 96.45 96.28 95.96 95.48 94.86 94.11 93.24 92.24 91.07 89.69 88.08 86.18 83.97 81.34 78.26 74.83 71.14 67.27 63.32 59.34 55.37 51.45 47.62 43.93 40.43 37.16 34.16 31.48 29.16 27.25 25.79 24.83 24.47 24.99 26.55 29.20 32.95 37.83 43.80 50.38 57.26 64.35 71.59 78.91 86.13 92.67 98.19 102.70 106.24 108.85 110.58 111.45 111.51 110.79 109.34 107.18 104.37 100.94 96.86 91.98 86.26 79.73 72.42 64.37 55.89 48.16 41.56
81.20 83.49 85.56 87.40 88.97 90.28 91.34 92.17 92.78 93.17 93.37 93.38 93.22 92.89 92.41 91.80 91.06 90.20 89.24 88.15 86.88 85.38 83.64 81.59 79.15 76.29 73.12 69.71 66.15 62.51 58.83 55.16 51.53 48.00 44.61 41.41 38.43 35.72 33.33 31.31 29.69 28.51 27.84 27.70 28.21 29.63 32.13 35.75 40.51 46.36 52.81 59.54 66.47 73.54 80.57 86.95 92.36 96.81 100.33 102.96 104.75 105.73 105.94 105.42 104.20 102.33 99.84 96.78 93.17 89.06 84.43 79.10 73.04 66.27 58.84 51.03 44.00 38.10
78.42 80.74 82.81 84.61 86.14 87.42 88.44 89.24 89.82 90.19 90.37 90.36 90.18 89.84 89.35 88.73 87.99 87.13 86.18 85.14 83.96 82.58 80.98 79.10 76.85 74.21 71.28 68.15 64.88 61.52 58.13 54.74 51.40 48.15 45.04 42.11 39.40 36.97 34.86 33.10 31.75 30.85 30.44 30.57 31.29 32.69 35.04 38.50 43.12 48.83 55.13 61.70 68.47 75.23 81.41 86.65 90.97 94.42 97.02 98.81 99.84 100.14 99.75 98.72 97.07 94.84 92.09 88.83 85.12 80.99 76.48 71.55 66.05 59.92 53.19 46.15 39.90 34.79
75.94 78.24 80.26 82.00 83.48 84.70 85.68 86.43 86.97 87.30 87.44 87.40 87.20 86.83 86.32 85.69 84.93 84.06 83.10 82.05 80.93 79.67 78.20 76.48 74.42 72.00 69.32 66.45 63.45 60.36 57.23 54.10 51.02 48.04 45.19 42.52 40.07 37.90 36.04 34.54 33.44 32.79 32.63 33.01 33.98 35.57 37.88 41.19 45.64 51.19 57.34 63.73 70.18 76.09 81.11 85.25 88.56 91.06 92.81 93.83 94.16 93.85 92.94 91.45 89.44 86.93 83.97 80.59 76.84 72.76 68.37 63.72 58.77 53.36 47.43 41.24 35.88 31.64
73.73 75.97 77.91 79.58 80.99 82.15 83.08 83.77 84.26 84.54 84.63 84.55 84.30 83.90 83.36 82.68 81.90 81.01 80.02 78.96 77.83 76.63 75.29 73.73 71.85 69.65 67.21 64.59 61.84 59.00 56.12 53.24 50.40 47.66 45.05 42.62 40.42 38.48 36.86 35.60 34.73 34.32 34.40 35.01 36.20 38.02 40.51 43.76 48.05 53.43 59.39 65.47 71.05 75.79 79.70 82.81 85.16 86.79 87.75 88.06 87.77 86.92 85.54 83.67 81.36 78.63 75.53 72.11 68.38 64.40 60.21 55.83 51.32 46.62 41.56 36.33 31.93 28.51
71.80 73.94 75.80 77.39 78.72 79.80 80.66 81.28 81.70 81.92 81.95 81.81 81.51 81.06 80.47 79.76 78.93 78.00 76.98 75.89 74.73 73.51 72.25 70.84 69.14 67.16 64.95 62.56 60.04 57.43 54.78 52.13 49.52 47.01 44.62 42.42 40.43 38.72 37.32 36.27 35.63 35.43 35.72 36.54 37.95 39.98 42.68 46.09 50.31 55.51 61.15 66.35 70.75 74.36 77.22 79.36 80.82 81.65 81.89 81.56 80.71 79.38 77.60 75.42 72.87 70.00 66.83 63.42 59.79 55.98 52.04 48.01 43.91 39.80 35.62 31.42 27.90 24.90
70.14 72.18 73.95 75.44 76.68 77.68 78.44 78.99 79.33 79.47 79.44 79.23 78.86 78.35 77.70 76.93 76.05 75.07 74.00 72.87 71.67 70.42 69.13 67.80 66.29 64.52 62.53 60.35 58.05 55.65 53.21 50.77 48.37 46.06 43.88 41.88 40.11 38.59 37.39 36.55 36.10 36.10 36.59 37.61 39.21 41.43 44.32 47.92 52.28 57.32 62.10 66.10 69.35 71.89 73.77 75.01 75.65 75.74 75.32 74.41 73.07 71.32 69.22 66.79 64.07 61.11 57.94 54.60 51.13 47.57 43.95 40.32 36.71 33.16 29.71 26.38 23.33 20.54
68.71 70.64 72.30 73.70 74.85 75.75 76.43 76.89 77.14 77.21 77.09 76.81 76.37 75.79 75.08 74.24 73.31 72.27 71.16 69.97 68.72 67.43 66.11 64.75 63.33 61.74 59.95 57.97 55.86 53.65 51.40 49.15 46.94 44.81 42.82 41.01 39.41 38.08 37.06 36.39 36.13 36.30 36.97 38.16 39.93 42.33 45.39 49.16 53.70 58.81 62.86 65.69 67.83 69.34 70.26 70.64 70.49 69.88 68.83 67.39 65.58 63.46 61.06 58.42 55.57 52.55 49.41 46.19 42.91 39.62 36.36 33.17 30.08 27.13 24.29 21.40 18.61 16.04
67.41 69.25 70.81 72.11 73.16 73.97 74.56 74.93 75.11 75.09 74.90 74.55 74.04 73.40 72.62 71.73 70.73 69.65 68.48 67.25 65.96 64.63 63.26 61.85 60.40 58.90 57.26 55.45 53.51 51.47 49.38 47.30 45.25 43.29 41.46 39.80 38.36 37.19 36.32 35.81 35.70 36.03 36.84 38.19 40.11 42.65 45.86 49.78 54.52 59.86 63.97 66.12 67.18 67.66 67.63 67.14 66.21 64.90 63.23 61.25 58.99 56.49 53.79 50.94 47.96 44.89 41.79 38.67 35.59 32.58 29.68 26.93 24.36 21.95 19.50 16.92 14.42 12.09
66.23 67.97 69.43 70.64 71.60 72.32 72.83 73.12 73.21 73.12 72.86 72.44 71.86 71.15 70.32 69.37 68.32 67.19 65.97 64.70 63.37 61.99 60.58 59.12 57.63 56.09 54.53 52.85 51.05 49.16 47.21 45.26 43.35 41.53 39.84 38.31 37.01 35.97 35.24 34.85 34.87 35.32 36.27 37.74 39.78 42.45 45.78 49.89 54.83 60.36 64.70 66.94 67.38 66.86 65.89 64.53 62.82 60.81 58.52 55.99 53.28 50.40 47.41 44.35 41.24 38.13 35.05 32.05 29.17 26.44 23.89 21.58 19.48 17.41 15.24 12.95 10.74 8.67
65.08 66.79 68.17 69.28 70.15 70.79 71.21 71.42 71.44 71.28 70.95 70.46 69.82 69.05 68.16 67.15 66.05 64.87 63.61 62.29 60.92 59.51 58.06 56.56 55.02 53.45 51.85 50.24 48.55 46.77 44.94 43.11 41.31 39.60 38.01 36.60 35.41 34.48 33.85 33.57 33.69 34.25 35.29 36.86 39.01 41.78 45.28 49.56 54.66 60.35 64.89 67.39 67.95 66.88 64.99 62.76 60.27 57.55 54.64 51.58 48.41 45.16 41.88 38.60 35.36 32.20 29.16 26.27 23.58 21.13 18.95 17.03 15.22 13.39 11.48 9.47 7.53 5.73
63.89 65.63 66.99 68.02 68.81 69.36 69.70 69.84 69.78 69.55 69.15 68.59 67.89 67.06 66.12 65.06 63.91 62.68 61.38 60.03 58.63 57.18 55.69 54.16 52.58 50.97 49.34 47.69 46.05 44.36 42.62 40.87 39.17 37.54 36.05 34.72 33.61 32.76 32.21 32.02 32.22 32.85 33.97 35.62 37.85 40.76 44.41 48.83 54.07 59.88 64.57 67.30 68.14 67.23 64.84 61.78 58.51 55.09 51.56 47.96 44.33 40.71 37.13 33.64 30.27 27.06 24.06 21.29 18.80 16.62 14.75 13.08 11.47 9.87 8.20 6.44 4.76 3.22
