data_processed/recharge/precip/Precip_2000_11.asc
ncols        168
nrows        136
xllcorner    455000
yllcorner    2107000
cellsize     500
NODATA_value     -99999
[rows 0 to 34 of 136, columns 79 to 157 of 168]
8.68 8.51 8.20 7.79 7.34 6.87 6.39 5.90 5.41 4.91 4.42 3.93 3.44 2.97 2.51 2.07 1.65 1.25 0.88 0.54 0.23 0.00 0.00 0.00 0.00 0.00 0.00 0.00 0.00 0.00 0.00 0.00 0.00 0.00 0.00 0.07 0.40 0.79 1.21 1.68 2.19 2.73 3.30 3.91 4.53 5.19 5.86 6.55 7.25 7.97 8.69 9.42 10.16 10.90 11.64 12.37 13.08 13.78 14.47 15.17 15.86 16.55 17.22 17.86 18.49 19.09 19.65 20.18 20.66 21.10 21.48 21.81 22.08 22.28 22.41 22.47 22.44 22.33 22.16
8.98 8.87 8.61 8.22 7.74 7.24 6.72 6.19 5.66 5.13 4.61 4.09 3.58 3.08 2.60 2.15 1.71 1.30 0.92 0.57 0.26 0.00 0.00 0.00 0.00 0.00 0.00 0.00 0.00 0.00 0.00 0.00 0.00 0.00 0.00 0.00 0.11 0.45 0.84 1.27 1.75 2.27 2.82 3.40 4.02 4.66 5.32 6.01 6.71 7.43 8.16 8.90 9.66 10.42 11.19 11.95 12.69 13.41 14.11 14.80 15.49 16.17 16.83 17.48 18.09 18.68 19.24 19.76 20.23 20.65 21.03 21.34 21.60 21.78 21.90 21.94 21.90 21.79 21.65
9.26 9.19 8.98 8.64 8.17 7.64 7.08 6.51 5.95 5.38 4.83 4.28 3.74 3.22 2.72 2.24 1.79 1.37 0.97 0.62 0.30 0.03 0.00 0.00 0.00 0.00 0.00 0.00 0.00 0.00 0.00 0.00 0.00 0.00 0.00 0.00 0.00 0.16 0.51 0.91 1.35 1.84 2.36 2.93 3.52 4.15 4.80 5.48 6.18 6.89 7.63 8.38 9.15 9.93 10.72 11.51 12.29 13.05 13.77 14.46 15.15 15.82 16.48 17.11 17.73 18.31 18.86 19.36 19.83 20.24 20.60 20.91 21.15 21.32 21.42 21.45 21.41 21.34 21.25
9.49 9.48 9.31 9.00 8.58 8.05 7.46 6.86 6.25 5.65 5.06 4.48 3.92 3.37 2.85 2.35 1.88 1.44 1.04 0.67 0.35 0.07 0.00 0.00 0.00 0.00 0.00 0.00 0.00 0.00 0.00 0.00 0.00 0.00 0.00 0.00 0.00 0.00 0.23 0.59 1.00 1.45 1.95 2.48 3.05 3.66 4.30 4.96 5.65 6.37 7.10 7.86 8.64 9.43 10.25 11.06 11.87 12.66 13.42 14.14 14.83 15.50 16.15 16.78 17.39 17.96 18.50 19.00 19.46 19.87 20.22 20.51 20.74 20.90 20.99 21.02 21.02 20.99 20.94
9.70 9.73 9.60 9.33 8.93 8.44 7.85 7.22 6.57 5.94 5.31 4.70 4.11 3.54 2.99 2.47 1.98 1.52 1.10 0.72 0.39 0.12 0.00 0.00 0.00 0.00 0.00 0.00 0.00 0.00 0.00 0.00 0.00 0.00 0.00 0.00 0.00 0.00 0.01 0.33 0.69 1.10 1.57 2.07 2.62 3.20 3.82 4.47 5.14 5.85 6.59 7.35 8.13 8.94 9.77 10.60 11.44 12.26 13.06 13.82 14.53 15.20 15.85 16.48 17.08 17.65 18.19 18.68 19.13 19.52 19.87 20.15 20.37 20.52 20.62 20.68 20.72 20.73 20.72
9.89 9.95 9.85 9.61 9.25 8.77 8.21 7.58 6.90 6.23 5.56 4.92 4.30 3.69 3.12 2.57 2.06 1.59 1.15 0.77 0.44 0.18 0.00 0.00 0.00 0.00 0.00 0.00 0.00 0.00 0.00 0.00 0.00 0.00 0.00 0.00 0.00 0.00 0.00 0.11 0.43 0.81 1.23 1.70 2.21 2.77 3.36 3.99 4.66 5.35 6.08 6.84 7.63 8.44 9.28 10.14 11.00 11.85 12.68 13.48 14.23 14.93 15.58 16.21 16.80 17.37 17.90 18.39 18.83 19.22 19.55 19.83 20.04 20.20 20.32 20.42 20.50 20.55 20.58
10.05 10.14 10.08 9.86 9.52 9.06 8.52 7.90 7.22 6.51 5.81 5.13 4.47 3.84 3.24 2.67 2.14 1.64 1.20 0.82 0.51 0.26 0.06 0.00 0.00 0.00 0.00 0.00 0.00 0.00 0.00 0.00 0.00 0.00 0.00 0.00 0.00 0.00 0.00 0.00 0.23 0.56 0.94 1.37 1.85 2.38 2.94 3.55 4.19 4.87 5.59 6.34 7.13 7.95 8.80 9.67 10.55 11.43 12.29 13.12 13.92 14.66 15.33 15.96 16.56 17.12 17.65 18.13 18.57 18.95 19.28 19.55 19.76 19.95 20.11 20.25 20.36 20.45 20.52
10.19 10.31 10.27 10.08 9.75 9.31 8.78 8.17 7.49 6.78 6.05 5.33 4.64 3.97 3.34 2.75 2.19 1.68 1.24 0.88 0.58 0.34 0.16 0.02 0.00 0.00 0.00 0.00 0.00 0.00 0.00 0.00 0.00 0.00 0.00 0.00 0.00 0.00 0.00 0.00 0.09 0.37 0.70 1.09 1.53 2.02 2.55 3.13 3.75 4.42 5.12 5.86 6.65 7.47 8.32 9.21 10.10 11.00 11.89 12.75 13.58 14.37 15.09 15.75 16.35 16.91 17.43 17.91 18.34 18.72 19.04 19.32 19.56 19.78 19.98 20.15 20.30 20.43 20.53
10.31 10.46 10.44 10.26 9.95 9.52 9.00 8.39 7.72 7.00 6.25 5.50 4.77 4.08 3.42 2.79 2.22 1.72 1.29 0.95 0.66 0.44 0.27 0.14 0.04 0.00 0.00 0.00 0.00 0.00 0.00 0.00 0.00 0.00 0.00 0.00 0.00 0.00 0.00 0.00 0.01 0.23 0.52 0.86 1.26 1.70 2.20 2.75 3.34 3.99 4.67 5.41 6.18 7.00 7.86 8.75 9.65 10.57 11.48 12.38 13.24 14.06 14.83 15.53 16.16 16.72 17.24 17.72 18.15 18.52 18.85 19.16 19.44 19.69 19.92 20.13 20.31 20.47 20.60
10.42 10.59 10.58 10.42 10.12 9.70 9.18 8.57 7.89 7.17 6.41 5.64 4.88 4.15 3.45 2.81 2.24 1.76 1.36 1.03 0.76 0.55 0.38 0.26 0.17 0.11 0.06 0.03 0.00 0.00 0.00 0.00 0.00 0.00 0.00 0.00 0.00 0.00 0.00 0.00 0.00 0.16 0.39 0.68 1.03 1.43 1.89 2.40 2.97 3.59 4.25 4.97 5.73 6.55 7.40 8.29 9.21 10.14 11.07 11.99 12.89 13.74 14.55 15.30 15.98 16.57 17.10 17.57 18.00 18.38 18.74 19.07 19.38 19.67 19.93 20.17 20.38 20.57 20.74
10.52 10.71 10.71 10.56 10.26 9.84 9.32 8.70 8.02 7.28 6.51 5.73 4.94 4.17 3.46 2.82 2.28 1.82 1.43 1.12 0.86 0.66 0.51 0.39 0.31 0.25 0.21 0.17 0.14 0.11 0.08 0.06 0.03 0.02 0.00 0.00 0.00 0.00 0.00 0.01 0.05 0.16 0.33 0.56 0.85 1.21 1.62 2.10 2.63 3.22 3.86 4.56 5.31 6.11 6.96 7.86 8.78 9.72 10.67 11.61 12.53 13.42 14.27 15.06 15.78 16.42 16.98 17.46 17.89 18.30 18.69 19.05 19.39 19.70 20.00 20.27 20.51 20.73 20.93
10.62 10.81 10.82 10.67 10.38 9.96 9.43 8.80 8.11 7.36 6.57 5.76 4.94 4.16 3.45 2.84 2.32 1.88 1.51 1.21 0.98 0.79 0.64 0.54 0.46 0.40 0.36 0.33 0.29 0.26 0.24 0.21 0.19 0.17 0.16 0.15 0.14 0.14 0.15 0.16 0.17 0.22 0.32 0.49 0.73 1.04 1.41 1.84 2.34 2.89 3.51 4.18 4.91 5.70 6.54 7.43 8.36 9.31 10.27 11.22 12.17 13.09 13.97 14.80 15.57 16.26 16.87 17.39 17.85 18.29 18.70 19.09 19.46 19.80 20.12 20.42 20.69 20.95 21.17
10.71 10.91 10.93 10.78 10.48 10.05 9.51 8.87 8.16 7.38 6.57 5.73 4.91 4.14 3.46 2.87 2.37 1.95 1.60 1.32 1.10 0.92 0.79 0.69 0.62 0.56 0.52 0.49 0.46 0.43 0.40 0.37 0.35 0.33 0.32 0.31 0.30 0.30 0.30 0.31 0.32 0.34 0.38 0.49 0.67 0.92 1.24 1.63 2.08 2.60 3.19 3.84 4.55 5.32 6.15 7.03 7.96 8.91 9.88 10.85 11.81 12.76 13.67 14.53 15.34 16.08 16.75 17.34 17.86 18.33 18.77 19.18 19.58 19.95 20.30 20.62 20.93 21.20 21.46
10.80 11.00 11.02 10.86 10.56 10.11 9.56 8.90 8.17 7.37 6.53 5.68 4.87 4.13 3.48 2.91 2.43 2.03 1.70 1.44 1.22 1.06 0.94 0.85 0.78 0.73 0.70 0.66 0.63 0.60 0.57 0.55 0.52 0.50 0.49 0.48 0.47 0.47 0.47 0.48 0.48 0.49 0.51 0.56 0.67 0.87 1.13 1.47 1.88 2.36 2.91 3.53 4.21 4.97 5.78 6.65 7.57 8.52 9.50 10.48 11.46 12.43 13.36 14.26 15.11 15.90 16.63 17.30 17.89 18.42 18.89 19.33 19.75 20.14 20.52 20.87 21.20 21.50 21.79
10.90 11.10 11.10 10.94 10.62 10.16 9.59 8.91 8.15 7.33 6.47 5.64 4.86 4.16 3.52 2.97 2.50 2.12 1.81 1.56 1.36 1.21 1.10 1.01 0.96 0.91 0.88 0.84 0.81 0.78 0.75 0.73 0.70 0.69 0.67 0.66 0.65 0.65 0.64 0.64 0.64 0.65 0.66 0.68 0.74 0.87 1.08 1.37 1.73 2.17 2.68 3.26 3.92 4.65 5.44 6.30 7.21 8.16 9.14 10.13 11.12 12.10 13.06 13.99 14.87 15.72 16.51 17.25 17.92 18.52 19.05 19.52 19.96 20.38 20.78 21.15 21.51 21.84 22.15
11.00 11.19 11.19 11.01 10.67 10.20 9.60 8.89 8.10 7.26 6.43 5.64 4.90 4.22 3.60 3.06 2.59 2.21 1.92 1.68 1.50 1.36 1.26 1.19 1.14 1.10 1.06 1.03 1.00 0.97 0.94 0.92 0.89 0.87 0.86 0.85 0.84 0.83 0.82 0.81 0.81 0.81 0.82 0.84 0.87 0.95 1.10 1.33 1.64 2.03 2.50 3.05 3.67 4.37 5.14 5.98 6.88 7.82 8.80 9.79 10.79 11.79 12.77 13.72 14.65 15.54 16.39 17.19 17.93 18.61 19.21 19.74 20.21 20.65 21.07 21.47 21.85 22.20 22.53
11.12 11.29 11.28 11.08 10.72 10.22 9.59 8.86 8.05 7.24 6.45 5.70 4.99 4.34 3.73 3.20 2.73 2.34 2.04 1.82 1.65 1.53 1.43 1.37 1.32 1.29 1.26 1.23 1.19 1.16 1.14 1.11 1.09 1.07 1.05 1.04 1.02 1.01 0.99 0.98 0.97 0.97 0.98 1.00 1.03 1.08 1.18 1.35 1.60 1.94 2.37 2.87 3.46 4.13 4.88 5.70 6.58 7.51 8.48 9.47 10.48 11.49 12.49 13.47 14.43 15.37 16.27 17.13 17.93 18.67 19.35 19.96 20.48 20.95 21.39 21.81 22.21 22.59 22.94
11.24 11.41 11.37 11.15 10.76 10.23 9.57 8.82 8.04 7.28 6.54 5.83 5.15 4.51 3.92 3.39 2.92 2.53 2.20 1.97 1.80 1.69 1.61 1.56 1.52 1.49 1.46 1.43 1.39 1.37 1.34 1.31 1.29 1.27 1.25 1.23 1.21 1.19 1.17 1.15 1.14 1.13 1.14 1.16 1.19 1.25 1.32 1.43 1.63 1.92 2.29 2.76 3.30 3.94 4.65 5.45 6.31 7.23 8.19 9.18 10.19 11.20 12.22 13.23 14.23 15.20 16.14 17.05 17.91 18.72 19.46 20.14 20.75 21.27 21.74 22.18 22.60 22.99 23.37
11.39 11.53 11.47 11.22 10.80 10.24 9.56 8.85 8.13 7.41 6.71 6.03 5.38 4.76 4.19 3.66 3.18 2.77 2.43 2.16 1.97 1.86 1.79 1.75 1.71 1.69 1.66 1.63 1.60 1.57 1.55 1.52 1.50 1.48 1.45 1.42 1.39 1.37 1.34 1.32 1.30 1.30 1.30 1.32 1.36 1.41 1.49 1.58 1.73 1.96 2.28 2.70 3.20 3.79 4.48 5.24 6.08 6.98 7.93 8.91 9.92 10.94 11.97 13.00 14.02 15.03 16.01 16.96 17.87 18.73 19.54 20.29 20.97 21.57 22.10 22.56 23.00 23.41 23.81
11.55 11.67 11.58 11.30 10.85 10.27 9.63 8.97 8.31 7.64 6.98 6.33 5.70 5.10 4.53 4.00 3.51 3.09 2.72 2.42 2.20 2.05 1.98 1.94 1.92 1.90 1.87 1.84 1.81 1.79 1.76 1.74 1.71 1.68 1.65 1.61 1.58 1.54 1.51 1.49 1.47 1.46 1.47 1.49 1.53 1.58 1.66 1.76 1.89 2.06 2.33 2.69 3.15 3.70 4.35 5.09 5.90 6.78 7.71 8.68 9.68 10.70 11.74 12.78 13.82 14.85 15.86 16.85 17.80 18.72 19.59 20.40 21.15 21.83 22.43 22.95 23.40 23.84 24.25
11.74 11.83 11.70 11.39 10.92 10.38 9.81 9.21 8.60 7.98 7.35 6.73 6.12 5.53 4.96 4.43 3.93 3.49 3.09 2.76 2.49 2.30 2.19 2.14 2.13 2.11 2.09 2.06 2.03 2.00 1.98 1.95 1.92 1.88 1.84 1.80 1.76 1.72 1.68 1.65 1.63 1.63 1.63 1.65 1.69 1.75 1.83 1.94 2.07 2.23 2.45 2.76 3.16 3.67 4.28 4.98 5.76 6.61 7.52 8.48 9.46 10.48 11.52 12.56 13.62 14.66 15.70 16.72 17.72 18.68 19.59 20.46 21.28 22.02 22.70 23.30 23.81 24.27 24.69
11.95 12.01 11.85 11.51 11.09 10.62 10.12 9.58 9.01 8.43 7.84 7.24 6.65 6.07 5.50 4.96 4.45 3.98 3.56 3.19 2.87 2.63 2.46 2.36 2.34 2.33 2.31 2.28 2.25 2.23 2.20 2.16 2.12 2.08 2.03 1.98 1.93 1.89 1.85 1.82 1.80 1.79 1.80 1.82 1.86 1.92 2.01 2.12 2.26 2.43 2.63 2.89 3.24 3.70 4.26 4.92 5.67 6.49 7.37 8.30 9.27 10.27 11.30 12.35 13.41 14.47 15.53 16.57 17.60 18.60 19.56 20.48 21.35 22.16 22.91 23.58 24.18 24.68 25.13
12.20 12.21 12.04 11.75 11.41 11.01 10.56 10.08 9.56 9.01 8.45 7.88 7.30 6.72 6.16 5.61 5.08 4.59 4.13 3.72 3.36 3.05 2.82 2.65 2.57 2.55 2.53 2.51 2.48 2.45 2.41 2.37 2.32 2.26 2.21 2.15 2.10 2.05 2.01 1.98 1.96 1.95 1.96 1.98 2.03 2.10 2.19 2.30 2.45 2.62 2.83 3.08 3.38 3.79 4.30 4.92 5.63 6.41 7.25 8.15 9.09 10.08 11.10 12.14 13.20 14.27 15.34 16.40 17.45 18.48 19.49 20.45 21.37 22.24 23.05 23.80 24.47 25.05 25.55
12.48 12.48 12.35 12.15 11.88 11.54 11.16 10.72 10.25 9.74 9.20 8.65 8.08 7.51 6.94 6.38 5.83 5.31 4.82 4.36 3.95 3.58 3.28 3.04 2.88 2.79 2.76 2.73 2.70 2.67 2.62 2.56 2.51 2.44 2.38 2.32 2.26 2.21 2.17 2.14 2.11 2.11 2.12 2.15 2.19 2.27 2.36 2.49 2.64 2.82 3.04 3.30 3.59 3.95 4.41 4.97 5.63 6.36 7.16 8.02 8.93 9.89 10.89 11.92 12.98 14.05 15.13 16.20 17.28 18.33 19.37 20.37 21.34 22.26 23.13 23.93 24.67 25.34 25.92
12.81 12.86 12.83 12.70 12.50 12.24 11.90 11.52 11.08 10.61 10.10 9.56 9.00 8.43 7.85 7.28 6.71 6.15 5.62 5.12 4.65 4.23 3.86 3.54 3.29 3.11 3.00 2.96 2.92 2.87 2.81 2.75 2.68 2.62 2.55 2.48 2.42 2.37 2.32 2.29 2.27 2.26 2.27 2.30 2.36 2.43 2.54 2.67 2.83 3.02 3.25 3.52 3.82 4.17 4.58 5.08 5.67 6.34 7.09 7.91 8.79 9.72 10.69 11.71 12.75 13.81 14.89 15.98 17.06 18.14 19.20 20.24 21.24 22.21 23.13 24.00 24.80 25.53 26.19
13.13 13.26 13.31 13.27 13.14 12.94 12.66 12.33 11.93 11.49 11.01 10.49 9.94 9.37 8.79 8.20 7.61 7.03 6.46 5.91 5.39 4.91 4.47 4.08 3.74 3.47 3.28 3.19 3.13 3.07 3.00 2.93 2.86 2.78 2.71 2.64 2.58 2.52 2.47 2.44 2.42 2.41 2.43 2.46 2.52 2.61 2.72 2.85 3.02 3.23 3.47 3.74 4.06 4.41 4.79 5.22 5.75 6.36 7.05 7.82 8.66 9.55 10.50 11.49 12.51 13.56 14.64 15.73 16.82 17.91 18.99 20.06 21.10 22.10 23.07 23.99 24.85 25.65 26.38
13.36 13.51 13.63 13.68 13.63 13.50 13.29 13.01 12.66 12.26 11.81 11.31 10.78 10.22 9.64 9.04 8.44 7.83 7.23 6.65 6.08 5.54 5.04 4.58 4.16 3.82 3.58 3.44 3.34 3.27 3.19 3.11 3.03 2.95 2.87 2.80 2.73 2.67 2.63 2.59 2.57 2.57 2.59 2.63 2.69 2.78 2.90 3.05 3.23 3.44 3.69 3.98 4.30 4.65 5.01 5.41 5.87 6.41 7.05 7.76 8.55 9.40 10.31 11.27 12.27 13.31 14.37 15.46 16.55 17.65 18.75 19.83 20.90 21.94 22.95 23.91 24.83 25.69 26.48
13.51 13.67 13.81 13.93 13.97 13.91 13.77 13.55 13.26 12.91 12.49 12.03 11.52 10.97 10.40 9.80 9.19 8.56 7.94 7.32 6.72 6.13 5.57 5.04 4.57 4.19 3.91 3.72 3.58 3.47 3.37 3.29 3.20 3.12 3.03 2.96 2.89 2.83 2.78 2.75 2.73 2.74 2.76 2.80 2.87 2.97 3.10 3.25 3.44 3.67 3.93 4.23 4.54 4.87 5.22 5.61 6.03 6.51 7.08 7.73 8.47 9.27 10.14 11.06 12.04 13.05 14.10 15.18 16.27 17.37 18.48 19.58 20.67 21.74 22.78 23.78 24.75 25.66 26.50
13.59 13.75 13.91 14.05 14.15 14.18 14.12 13.97 13.73 13.43 13.06 12.63 12.15 11.63 11.07 10.47 9.86 9.22 8.58 7.93 7.29 6.67 6.06 5.48 4.99 4.58 4.26 4.04 3.85 3.69 3.57 3.47 3.37 3.28 3.20 3.12 3.05 2.99 2.95 2.91 2.90 2.91 2.93 2.99 3.06 3.17 3.30 3.47 3.67 3.91 4.18 4.46 4.76 5.07 5.42 5.79 6.20 6.65 7.15 7.74 8.41 9.17 9.99 10.87 11.81 12.80 13.83 14.88 15.97 17.07 18.18 19.29 20.39 21.49 22.56 23.60 24.60 25.55 26.43
13.60 13.77 13.93 14.08 14.21 14.30 14.32 14.24 14.08 13.83 13.52 13.13 12.68 12.19 11.64 11.06 10.45 9.81 9.16 8.49 7.82 7.16 6.52 5.93 5.42 4.99 4.64 4.38 4.15 3.95 3.78 3.65 3.55 3.46 3.37 3.29 3.22 3.16 3.11 3.09 3.08 3.09 3.12 3.18 3.26 3.38 3.52 3.70 3.91 4.15 4.41 4.68 4.96 5.27 5.60 5.96 6.36 6.79 7.26 7.79 8.40 9.09 9.86 10.70 11.60 12.55 13.55 14.59 15.66 16.75 17.86 18.97 20.09 21.20 22.29 23.36 24.39 25.37 26.27
13.56 13.74 13.90 14.05 14.19 14.31 14.39 14.39 14.30 14.12 13.86 13.52 13.12 12.65 12.13 11.57 10.97 10.33 9.67 8.99 8.30 7.62 6.97 6.39 5.87 5.41 5.04 4.74 4.48 4.24 4.04 3.87 3.73 3.63 3.54 3.46 3.39 3.33 3.29 3.27 3.26 3.28 3.32 3.38 3.47 3.60 3.75 3.94 4.16 4.38 4.62 4.88 5.15 5.45 5.77 6.12 6.51 6.93 7.38 7.87 8.42 9.05 9.76 10.54 11.40 12.31 13.28 14.29 15.34 16.42 17.52 18.64 19.76 20.88 21.99 23.08 24.12 25.11 26.04
13.47 13.65 13.82 13.98 14.12 14.25 14.35 14.42 14.40 14.29 14.09 13.81 13.45 13.03 12.54 12.00 11.41 10.78 10.12 9.43 8.74 8.07 7.44 6.85 6.33 5.86 5.46 5.13 4.83 4.56 4.32 4.12 3.95 3.82 3.72 3.64 3.57 3.52 3.48 3.46 3.46 3.48 3.52 3.60 3.70 3.83 4.00 4.19 4.39 4.60 4.83 5.07 5.33 5.62 5.93 6.27 6.64 7.05 7.49 7.96 8.47 9.04 9.69 10.42 11.22 12.09 13.02 14.00 15.03 16.08 17.17 18.28 19.40 20.53 21.64 22.73 23.78 24.79 25.73
13.33 13.52 13.70 13.86 14.01 14.14 14.25 14.33 14.38 14.35 14.22 14.00 13.69 13.31 12.86 12.35 11.78 11.17 10.52 9.84 9.17 8.52 7.90 7.33 6.80 6.32 5.90 5.54 5.21 4.91 4.64 4.40 4.20 4.04 3.91 3.83 3.76 3.71 3.67 3.66 3.66 3.69 3.74 3.83 3.94 4.08 4.25 4.43 4.61 4.81 5.02 5.25 5.50 5.77 6.07 6.40 6.76 7.15 7.58 8.04 8.54 9.07 9.65 10.32 11.07 11.89 12.77 13.72 14.71 15.74 16.81 17.91 19.02 20.14 21.25 22.34 23.39 24.40 25.37
13.16 13.35 13.53 13.70 13.85 13.99 14.10 14.20 14.27 14.29 14.24 14.08 13.84 13.51 13.10 12.63 12.09 11.50 10.86 10.22 9.59 8.97 8.37 7.80 7.27 6.79 6.35 5.97 5.62 5.29 4.99 4.72 4.49 4.29 4.14 4.03 3.96 3.91 3.88 3.87 3.88 3.92 3.98 4.07 4.19 4.34 4.49 4.65 4.82 5.00 5.19 5.41 5.64 5.91 6.20 6.52 6.87 7.25 7.66 8.11 8.59 9.10 9.65 10.26 10.95 11.71 12.55 13.45 14.40 15.41 16.45 17.53 18.63 19.73 20.82 21.90 22.95 23.97 24.95
12.96 13.16 13.34 13.52 13.67 13.81 13.93 14.03 14.10 14.15 14.15 14.07 13.89 13.62 13.27 12.83 12.33 11.77 11.19 10.60 10.00 9.41 8.84 8.28 7.76 7.27 6.82 6.41 6.04 5.68 5.36 5.07 4.81 4.59 4.40 4.27 4.18 4.12 4.10 4.09 4.11 4.16 4.23 4.33 4.45 4.58 4.71 4.85 5.01 5.17 5.35 5.55 5.78 6.03 6.31 6.62 6.96 7.33 7.73 8.16 8.63 9.13 9.66 10.23 10.86 11.56 12.34 13.19 14.10 15.07 16.09 17.14 18.20 19.28 20.36 21.42 22.47 23.49 24.48
