data_processed/recharge/precip/Precip_2007_11.asc
ncols        168
nrows        136
xllcorner    455000
yllcorner    2107000
cellsize     500
NODATA_value     -99999
[rows 37 to 73 of 136, columns 0 to 82 of 168]
3.67 4.47 5.08 5.51 5.77 5.88 5.88 5.86 5.88 5.93 6.02 6.14 6.29 6.48 6.71 6.98 7.28 7.63 8.01 8.42 8.82 9.18 9.51 9.77 9.96 10.08 10.20 10.33 10.45 10.57 10.69 10.78 10.78 10.70 10.53 10.29 9.97 9.60 9.17 8.70 8.18 7.63 7.06 6.47 5.86 5.26 4.69 4.18 3.75 3.42 3.18 3.02 2.94 2.98 3.15 3.47 3.89 4.32 4.75 5.15 5.53 5.88 6.19 6.45 6.65 6.79 6.87 6.86 6.78 6.62 6.40 6.09 5.66 5.11 4.41 3.65 2.87 2.10 1.35 0.62 0.00 0.00 0.00
3.57 4.44 5.11 5.61 5.94 6.12 6.16 6.12 6.07 6.06 6.09 6.16 6.28 6.44 6.64 6.88 7.18 7.52 7.89 8.27 8.64 8.99 9.29 9.54 9.71 9.82 9.93 10.04 10.15 10.26 10.37 10.48 10.54 10.53 10.43 10.24 9.97 9.63 9.23 8.78 8.28 7.73 7.16 6.55 5.92 5.30 4.71 4.19 3.75 3.41 3.16 2.96 2.83 2.78 2.85 3.05 3.40 3.85 4.30 4.72 5.13 5.50 5.82 6.10 6.32 6.48 6.56 6.57 6.53 6.42 6.24 5.96 5.56 5.02 4.33 3.57 2.80 2.03 1.27 0.55 0.00 0.00 0.00
3.54 4.45 5.18 5.73 6.11 6.35 6.46 6.45 6.36 6.29 6.25 6.27 6.34 6.45 6.62 6.84 7.11 7.43 7.77 8.12 8.46 8.79 9.07 9.30 9.46 9.56 9.66 9.76 9.86 9.95 10.05 10.14 10.22 10.27 10.24 10.11 9.90 9.61 9.24 8.82 8.34 7.80 7.22 6.60 5.96 5.33 4.74 4.22 3.78 3.46 3.21 2.98 2.80 2.69 2.66 2.75 2.97 3.34 3.80 4.25 4.68 5.07 5.41 5.71 5.95 6.12 6.22 6.28 6.29 6.23 6.09 5.84 5.46 4.93 4.25 3.49 2.73 1.96 1.21 0.48 0.00 0.00 0.00
3.57 4.51 5.28 5.86 6.29 6.58 6.73 6.77 6.71 6.59 6.49 6.44 6.44 6.51 6.63 6.81 7.05 7.33 7.64 7.96 8.28 8.58 8.84 9.05 9.20 9.29 9.38 9.47 9.56 9.64 9.72 9.80 9.87 9.94 9.96 9.91 9.75 9.51 9.20 8.81 8.35 7.83 7.24 6.61 5.98 5.36 4.78 4.26 3.84 3.54 3.30 3.06 2.85 2.68 2.57 2.56 2.65 2.88 3.26 3.72 4.17 4.58 4.95 5.27 5.52 5.71 5.87 5.99 6.06 6.05 5.94 5.72 5.37 4.86 4.18 3.43 2.66 1.89 1.14 0.42 0.00 0.00 0.00
3.65 4.62 5.40 6.01 6.47 6.78 6.97 7.04 7.02 6.92 6.77 6.64 6.58 6.59 6.66 6.79 6.99 7.24 7.51 7.80 8.09 8.37 8.61 8.80 8.94 9.02 9.10 9.18 9.25 9.33 9.40 9.46 9.52 9.57 9.61 9.62 9.53 9.35 9.09 8.74 8.30 7.78 7.20 6.59 5.97 5.36 4.81 4.32 3.93 3.65 3.44 3.21 2.97 2.76 2.58 2.48 2.46 2.56 2.78 3.16 3.61 4.05 4.44 4.77 5.05 5.30 5.53 5.71 5.83 5.87 5.81 5.62 5.29 4.79 4.12 3.37 2.60 1.84 1.09 0.36 0.00 0.00 0.00
3.79 4.76 5.55 6.17 6.63 6.96 7.17 7.26 7.27 7.19 7.04 6.87 6.73 6.67 6.68 6.77 6.93 7.13 7.38 7.64 7.90 8.15 8.37 8.55 8.68 8.75 8.82 8.88 8.95 9.01 9.07 9.12 9.17 9.21 9.23 9.25 9.23 9.12 8.91 8.59 8.17 7.66 7.10 6.51 5.92 5.35 4.82 4.37 4.03 3.80 3.62 3.40 3.16 2.91 2.69 2.50 2.39 2.36 2.44 2.65 3.02 3.45 3.86 4.23 4.57 4.90 5.20 5.45 5.62 5.71 5.68 5.52 5.21 4.73 4.07 3.32 2.56 1.79 1.04 0.32 0.00 0.00 0.00
3.97 4.93 5.70 6.32 6.78 7.11 7.32 7.42 7.43 7.37 7.24 7.06 6.86 6.73 6.70 6.74 6.86 7.03 7.24 7.47 7.71 7.93 8.14 8.30 8.41 8.48 8.54 8.59 8.65 8.70 8.74 8.78 8.82 8.84 8.86 8.86 8.85 8.79 8.63 8.34 7.94 7.46 6.94 6.38 5.83 5.30 4.82 4.42 4.13 3.96 3.83 3.64 3.40 3.14 2.87 2.62 2.42 2.28 2.23 2.29 2.48 2.82 3.24 3.67 4.10 4.51 4.88 5.19 5.43 5.56 5.57 5.44 5.16 4.69 4.03 3.28 2.52 1.76 1.01 0.28 0.00 0.00 0.00
4.18 5.12 5.87 6.47 6.91 7.23 7.42 7.52 7.52 7.45 7.32 7.15 6.96 6.79 6.71 6.71 6.79 6.92 7.10 7.30 7.51 7.72 7.90 8.05 8.15 8.21 8.25 8.30 8.34 8.38 8.42 8.45 8.47 8.48 8.48 8.47 8.44 8.38 8.23 7.97 7.61 7.18 6.69 6.19 5.69 5.22 4.80 4.46 4.24 4.14 4.07 3.92 3.70 3.43 3.13 2.83 2.55 2.31 2.14 2.06 2.08 2.25 2.62 3.13 3.65 4.14 4.58 4.96 5.24 5.42 5.47 5.38 5.11 4.65 4.00 3.26 2.50 1.73 0.98 0.26 0.00 0.00 0.00
4.43 5.32 6.04 6.60 7.01 7.30 7.47 7.54 7.52 7.43 7.29 7.12 6.97 6.83 6.72 6.68 6.72 6.82 6.96 7.13 7.32 7.50 7.67 7.80 7.89 7.94 7.97 8.01 8.05 8.08 8.10 8.12 8.12 8.12 8.11 8.08 8.01 7.89 7.71 7.48 7.18 6.80 6.37 5.93 5.49 5.09 4.74 4.48 4.34 4.32 4.33 4.23 4.04 3.77 3.46 3.12 2.78 2.46 2.18 1.96 1.85 1.90 2.16 2.63 3.21 3.78 4.30 4.74 5.08 5.31 5.39 5.33 5.08 4.64 3.99 3.25 2.49 1.73 0.98 0.25 0.00 0.00 0.00
4.70 5.54 6.20 6.71 7.08 7.32 7.45 7.48 7.43 7.31 7.16 7.02 6.91 6.80 6.71 6.65 6.65 6.71 6.82 6.96 7.12 7.29 7.44 7.56 7.63 7.67 7.70 7.73 7.75 7.77 7.78 7.79 7.78 7.77 7.74 7.67 7.53 7.34 7.12 6.89 6.63 6.31 5.96 5.59 5.23 4.91 4.65 4.48 4.42 4.50 4.60 4.56 4.41 4.17 3.85 3.49 3.10 2.70 2.33 2.01 1.81 1.78 1.94 2.28 2.82 3.45 4.03 4.54 4.93 5.21 5.33 5.29 5.07 4.64 4.00 3.25 2.49 1.73 0.98 0.25 0.00 0.00 0.00
4.99 5.76 6.35 6.80 7.11 7.29 7.36 7.34 7.24 7.10 6.98 6.87 6.78 6.71 6.65 6.61 6.58 6.61 6.68 6.80 6.93 7.08 7.21 7.31 7.38 7.41 7.43 7.45 7.46 7.47 7.47 7.47 7.45 7.42 7.34 7.20 7.00 6.75 6.49 6.22 5.97 5.72 5.45 5.17 4.90 4.67 4.51 4.44 4.49 4.68 4.87 4.92 4.82 4.61 4.30 3.92 3.50 3.04 2.60 2.24 2.00 1.91 1.97 2.19 2.59 3.15 3.79 4.35 4.81 5.12 5.29 5.28 5.07 4.66 4.02 3.28 2.52 1.76 1.01 0.28 0.00 0.00 0.00
5.29 5.97 6.49 6.85 7.08 7.19 7.19 7.11 6.98 6.86 6.76 6.68 6.62 6.57 6.53 6.51 6.50 6.51 6.55 6.64 6.75 6.87 6.98 7.07 7.13 7.15 7.16 7.17 7.18 7.18 7.17 7.15 7.12 7.04 6.88 6.67 6.40 6.11 5.81 5.52 5.25 5.03 4.84 4.65 4.49 4.37 4.32 4.36 4.53 4.84 5.15 5.28 5.25 5.09 4.80 4.42 3.97 3.48 3.04 2.68 2.42 2.28 2.26 2.37 2.63 3.03 3.59 4.20 4.70 5.06 5.27 5.28 5.10 4.70 4.06 3.32 2.56 1.80 1.05 0.32 0.00 0.00 0.00
5.60 6.18 6.60 6.87 7.01 7.03 6.95 6.82 6.70 6.60 6.52 6.46 6.42 6.39 6.38 6.38 6.38 6.40 6.42 6.48 6.57 6.67 6.76 6.84 6.89 6.90 6.90 6.90 6.90 6.89 6.87 6.84 6.76 6.59 6.36 6.07 5.76 5.42 5.09 4.78 4.50 4.28 4.13 4.05 4.00 3.99 4.07 4.24 4.54 4.98 5.41 5.65 5.70 5.59 5.34 4.97 4.53 4.08 3.68 3.34 3.07 2.89 2.80 2.81 2.94 3.19 3.57 4.08 4.62 5.03 5.27 5.31 5.15 4.76 4.13 3.39 2.63 1.86 1.11 0.38 0.00 0.00 0.00
5.91 6.37 6.68 6.84 6.87 6.79 6.66 6.53 6.43 6.35 6.29 6.24 6.22 6.20 6.20 6.21 6.23 6.26 6.29 6.33 6.39 6.47 6.55 6.61 6.65 6.65 6.65 6.65 6.63 6.61 6.58 6.49 6.32 6.07 5.76 5.42 5.05 4.68 4.32 4.00 3.72 3.51 3.38 3.35 3.41 3.54 3.75 4.06 4.51 5.10 5.66 6.02 6.16 6.12 5.92 5.59 5.22 4.86 4.52 4.21 3.95 3.74 3.59 3.52 3.53 3.63 3.84 4.15 4.59 5.02 5.29 5.37 5.22 4.84 4.21 3.47 2.71 1.95 1.20 0.46 0.00 0.00 0.00
6.21 6.54 6.72 6.76 6.68 6.53 6.39 6.27 6.18 6.11 6.06 6.03 6.01 6.01 6.02 6.04 6.07 6.10 6.14 6.18 6.23 6.28 6.35 6.40 6.42 6.42 6.41 6.40 6.37 6.34 6.25 6.06 5.80 5.47 5.10 4.70 4.29 3.89 3.51 3.17 2.90 2.70 2.60 2.61 2.75 3.01 3.36 3.83 4.43 5.18 5.89 6.38 6.63 6.67 6.54 6.33 6.09 5.83 5.56 5.30 5.05 4.82 4.63 4.48 4.39 4.36 4.40 4.52 4.74 5.05 5.34 5.44 5.32 4.95 4.33 3.58 2.82 2.06 1.30 0.59 0.00 0.00 0.00
6.49 6.68 6.72 6.63 6.46 6.30 6.17 6.07 5.98 5.92 5.87 5.85 5.84 5.84 5.85 5.87 5.90 5.94 5.98 6.02 6.06 6.10 6.15 6.19 6.20 6.20 6.18 6.16 6.12 6.03 5.83 5.55 5.20 4.80 4.37 3.92 3.47 3.04 2.65 2.31 2.04 1.87 1.79 1.85 2.04 2.39 2.90 3.53 4.29 5.21 6.10 6.72 7.09 7.24 7.27 7.23 7.13 6.98 6.80 6.60 6.37 6.14 5.92 5.71 5.52 5.36 5.25 5.20 5.21 5.29 5.44 5.55 5.44 5.08 4.46 3.72 2.96 2.20 1.46 0.83 0.33 0.00 0.00
6.76 6.79 6.68 6.49 6.31 6.15 6.02 5.92 5.84 5.78 5.73 5.71 5.69 5.69 5.71 5.73 5.75 5.79 5.82 5.86 5.90 5.93 5.97 5.99 6.00 5.98 5.96 5.92 5.82 5.62 5.33 4.96 4.53 4.06 3.57 3.08 2.60 2.15 1.75 1.41 1.15 1.00 0.97 1.07 1.32 1.75 2.36 3.15 4.10 5.20 6.26 7.04 7.56 7.90 8.14 8.29 8.35 8.33 8.24 8.10 7.92 7.70 7.45 7.19 6.92 6.65 6.40 6.18 5.99 5.84 5.75 5.71 5.60 5.25 4.63 3.89 3.13 2.39 1.74 1.21 0.80 0.50 0.29
7.00 6.86 6.64 6.43 6.25 6.09 5.96 5.85 5.77 5.70 5.66 5.62 5.61 5.60 5.60 5.62 5.64 5.66 5.69 5.72 5.75 5.77 5.79 5.81 5.80 5.78 5.74 5.64 5.43 5.12 4.73 4.27 3.77 3.24 2.71 2.17 1.67 1.20 0.79 0.46 0.23 0.11 0.11 0.27 0.59 1.09 1.79 2.71 3.84 5.14 6.38 7.35 8.10 8.70 9.17 9.51 9.73 9.85 9.88 9.82 9.68 9.48 9.23 8.92 8.59 8.22 7.85 7.46 7.09 6.72 6.38 6.08 5.81 5.44 4.83 4.08 3.35 2.70 2.16 1.74 1.41 1.18 1.03
7.21 6.96 6.71 6.49 6.30 6.14 6.00 5.89 5.79 5.72 5.66 5.62 5.59 5.57 5.56 5.56 5.57 5.58 5.60 5.61 5.62 5.63 5.64 5.64 5.62 5.59 5.48 5.26 4.93 4.52 4.04 3.50 2.94 2.35 1.77 1.20 0.67 0.20 0.00 0.00 0.00 0.00 0.00 0.00 0.00 0.43 1.22 2.25 3.52 5.01 6.48 7.71 8.76 9.63 10.34 10.89 11.29 11.57 11.71 11.74 11.67 11.50 11.24 10.91 10.52 10.07 9.58 9.05 8.50 7.93 7.35 6.79 6.23 5.69 5.05 4.34 3.70 3.17 2.74 2.40 2.15 1.99 1.89
7.45 7.16 6.90 6.67 6.47 6.29 6.14 6.01 5.91 5.82 5.75 5.69 5.64 5.61 5.59 5.57 5.56 5.55 5.55 5.55 5.54 5.53 5.51 5.49 5.46 5.36 5.13 4.78 4.35 3.84 3.27 2.66 2.03 1.40 0.77 0.18 0.00 0.00 0.00 0.00 0.00 0.00 0.00 0.00 0.00 0.00 0.65 1.79 3.18 4.83 6.57 8.14 9.50 10.65 11.61 12.39 12.99 13.42 13.70 13.84 13.84 13.71 13.48 13.13 12.69 12.17 11.58 10.91 10.20 9.44 8.65 7.83 6.99 6.16 5.33 4.67 4.15 3.73 3.40 3.15 2.98 2.87 2.83
7.70 7.40 7.13 6.89 6.67 6.49 6.32 6.18 6.06 5.95 5.87 5.79 5.73 5.68 5.64 5.61 5.58 5.55 5.53 5.50 5.48 5.44 5.41 5.36 5.29 5.12 4.78 4.32 3.77 3.17 2.51 1.83 1.14 0.45 0.00 0.00 0.00 0.00 0.00 0.00 0.00 0.00 0.00 0.00 0.00 0.00 0.10 1.35 2.85 4.59 6.47 8.36 10.05 11.51 12.74 13.76 14.58 15.20 15.63 15.90 15.99 15.94 15.74 15.40 14.94 14.37 13.69 12.92 12.07 11.14 10.15 9.10 8.01 6.85 5.63 4.78 4.34 4.04 3.82 3.67 3.57 3.54 3.55
7.94 7.63 7.35 7.10 6.88 6.68 6.50 6.35 6.21 6.09 5.99 5.90 5.82 5.76 5.70 5.65 5.60 5.55 5.51 5.47 5.42 5.37 5.31 5.22 5.10 4.88 4.46 3.90 3.25 2.54 1.80 1.05 0.29 0.00 0.00 0.00 0.00 0.00 0.00 0.00 0.00 0.00 0.00 0.00 0.00 0.00 0.00 0.92 2.50 4.29 6.22 8.25 10.25 12.04 13.58 14.87 15.93 16.76 17.38 17.80 18.02 18.06 17.92 17.63 17.17 16.58 15.85 14.99 14.02 12.95 11.79 10.54 9.19 7.67 6.04 4.78 4.17 3.95 3.85 3.80 3.81 3.85 3.94
8.18 7.86 7.58 7.32 7.08 6.87 6.68 6.51 6.36 6.23 6.11 6.01 5.91 5.83 5.76 5.69 5.62 5.56 5.50 5.43 5.37 5.29 5.19 5.06 4.89 4.62 4.15 3.52 2.77 1.97 1.14 0.31 0.00 0.00 0.00 0.00 0.00 0.00 0.00 0.00 0.00 0.00 0.00 0.00 0.00 0.00 0.00 0.48 2.11 3.94 5.92 8.00 10.14 12.23 14.10 15.69 17.01 18.09 18.92 19.52 19.89 20.05 20.01 19.77 19.35 18.76 18.00 17.10 16.04 14.86 13.55 12.09 10.44 8.56 6.56 4.91 3.92 3.54 3.53 3.60 3.72 3.86 4.03
8.40 8.08 7.79 7.52 7.28 7.06 6.85 6.67 6.51 6.36 6.23 6.11 6.01 5.91 5.82 5.73 5.65 5.57 5.49 5.41 5.32 5.21 5.06 4.88 4.66 4.35 3.83 3.14 2.33 1.43 0.52 0.00 0.00 0.00 0.00 0.00 0.00 0.00 0.00 0.00 0.00 0.00 0.00 0.00 0.00 0.00 0.00 0.01 1.68 3.55 5.57 7.69 9.88 12.11 14.27 16.19 17.82 19.16 20.23 21.03 21.59 21.90 21.97 21.82 21.47 20.90 20.15 19.21 18.10 16.82 15.37 13.66 11.71 9.52 7.18 5.18 3.83 3.10 2.93 3.10 3.34 3.59 3.86
8.61 8.29 8.00 7.73 7.47 7.24 7.03 6.84 6.66 6.50 6.36 6.22 6.10 5.99 5.88 5.78 5.68 5.59 5.49 5.39 5.26 5.10 4.90 4.68 4.42 4.07 3.51 2.77 1.89 0.93 0.00 0.00 0.00 0.00 0.00 0.00 0.00 0.00 0.00 0.00 0.00 0.00 0.00 0.00 0.00 0.00 0.00 0.00 1.22 3.13 5.19 7.34 9.56 11.84 14.14 16.36 18.31 19.94 21.28 22.32 23.08 23.56 23.78 23.75 23.48 22.98 22.25 21.31 20.17 18.80 17.15 15.20 12.98 10.52 7.89 5.59 3.92 2.85 2.35 2.39 2.72 3.10 3.48
8.80 8.49 8.19 7.92 7.66 7.42 7.20 7.00 6.81 6.64 6.48 6.34 6.20 6.07 5.95 5.83 5.72 5.61 5.49 5.35 5.18 4.97 4.73 4.46 4.17 3.78 3.18 2.39 1.46 0.44 0.00 0.00 0.00 0.00 0.00 0.00 0.00 0.00 0.00 0.00 0.00 0.00 0.00 0.00 0.00 0.00 0.00 0.00 0.73 2.68 4.77 6.96 9.22 11.53 13.87 16.22 18.47 20.42 22.05 23.35 24.34 25.03 25.42 25.54 25.38 24.96 24.29 23.37 22.19 20.69 18.85 16.70 14.26 11.56 8.68 6.11 4.16 2.79 1.99 1.72 1.93 2.41 2.91
8.98 8.67 8.37 8.10 7.84 7.60 7.37 7.15 6.96 6.77 6.60 6.45 6.30 6.16 6.02 5.89 5.76 5.63 5.47 5.29 5.06 4.81 4.53 4.23 3.90 3.49 2.85 2.02 1.04 0.00 0.00 0.00 0.00 0.00 0.00 0.00 0.00 0.00 0.00 0.00 0.00 0.00 0.00 0.00 0.00 0.00 0.00 0.00 0.23 2.20 4.33 6.55 8.84 11.18 13.55 15.94 18.32 20.57 22.51 24.10 25.35 26.27 26.87 27.15 27.14 26.83 26.23 25.34 24.08 22.45 20.46 18.15 15.53 12.63 9.53 6.74 4.54 2.93 1.86 1.30 1.24 1.61 2.21
9.14 8.83 8.54 8.27 8.01 7.76 7.53 7.31 7.10 6.91 6.73 6.56 6.40 6.24 6.09 5.95 5.80 5.63 5.43 5.19 4.93 4.64 4.32 3.99 3.64 3.19 2.53 1.66 0.63 0.00 0.00 0.00 0.00 0.00 0.00 0.00 0.00 0.00 0.00 0.00 0.00 0.00 0.00 0.00 0.00 0.00 0.00 0.00 0.00 1.72 3.87 6.11 8.43 10.80 13.21 15.63 18.04 20.41 22.65 24.56 26.09 27.27 28.09 28.57 28.72 28.55 28.04 27.12 25.79 24.06 21.97 19.53 16.77 13.71 10.44 7.46 5.06 3.23 1.93 1.14 0.82 0.94 1.45
9.28 8.98 8.69 8.42 8.16 7.91 7.68 7.46 7.25 7.04 6.85 6.67 6.49 6.33 6.16 6.00 5.82 5.61 5.36 5.08 4.77 4.44 4.10 3.74 3.36 2.90 2.21 1.30 0.24 0.00 0.00 0.00 0.00 0.00 0.00 0.00 0.00 0.00 0.00 0.00 0.00 0.00 0.00 0.00 0.00 0.00 0.00 0.00 0.00 1.22 3.39 5.66 8.01 10.40 12.83 15.28 17.72 20.13 22.49 24.68 26.53 27.99 29.07 29.78 30.12 30.09 29.60 28.67 27.30 25.52 23.35 20.83 17.97 14.80 11.40 8.27 5.71 3.70 2.22 1.22 0.68 0.57 0.86
9.40 9.11 8.82 8.56 8.30 8.06 7.82 7.60 7.38 7.17 6.97 6.78 6.59 6.41 6.24 6.04 5.81 5.55 5.25 4.94 4.60 4.24 3.86 3.48 3.09 2.61 1.89 0.96 0.00 0.00 0.00 0.00 0.00 0.00 0.00 0.00 0.00 0.00 0.00 0.00 0.00 0.00 0.00 0.00 0.00 0.00 0.00 0.00 0.00 0.72 2.91 5.20 7.57 9.99 12.44 14.91 17.37 19.81 22.20 24.52 26.65 28.42 29.78 30.74 31.28 31.33 30.88 29.96 28.60 26.81 24.61 22.05 19.12 15.88 12.38 9.14 6.47 4.32 2.69 1.53 0.81 0.51 0.60
9.50 9.21 8.94 8.68 8.42 8.18 7.95 7.73 7.51 7.30 7.09 6.89 6.69 6.50 6.29 6.04 5.77 5.46 5.13 4.78 4.40 4.02 3.62 3.22 2.82 2.32 1.59 0.63 0.00 0.00 0.00 0.00 0.00 0.00 0.00 0.00 0.00 0.00 0.00 0.00 0.00 0.00 0.00 0.00 0.00 0.00 0.00 0.00 0.00 0.22 2.43 4.74 7.12 9.56 12.04 14.52 17.01 19.46 21.88 24.22 26.48 28.53 30.20 31.40 32.08 32.23 31.86 31.00 29.68 27.91 25.73 23.16 20.22 16.93 13.39 10.08 7.32 5.09 3.34 2.06 1.21 0.75 0.67
9.57 9.29 9.03 8.78 8.53 8.30 8.07 7.84 7.63 7.41 7.20 7.00 6.79 6.56 6.30 6.01 5.69 5.35 4.98 4.60 4.20 3.79 3.38 2.96 2.55 2.05 1.30 0.32 0.00 0.00 0.00 0.00 0.00 0.00 0.00 0.00 0.00 0.00 0.00 0.00 0.00 0.00 0.00 0.00 0.00 0.00 0.00 0.00 0.00 0.00 1.96 4.28 6.68 9.13 11.62 14.13 16.63 19.11 21.54 23.90 26.18 28.35 30.27 31.67 32.50 32.78 32.52 31.77 30.53 28.83 26.70 24.16 21.24 17.96 14.40 11.07 8.27 5.98 4.16 2.80 1.85 1.29 1.08
9.61 9.35 9.10 8.86 8.62 8.39 8.17 7.95 7.73 7.52 7.31 7.10 6.86 6.59 6.28 5.95 5.59 5.21 4.81 4.40 3.98 3.56 3.13 2.71 2.29 1.78 1.02 0.02 0.00 0.00 0.00 0.00 0.00 0.00 0.00 0.00 0.00 0.00 0.00 0.00 0.00 0.00 0.00 0.00 0.00 0.00 0.00 0.00 0.00 0.00 1.49 3.83 6.24 8.71 11.21 13.73 16.25 18.74 21.18 23.56 25.86 28.02 29.94 31.50 32.52 32.97 32.87 32.25 31.13 29.54 27.51 25.05 22.18 18.94 15.41 12.09 9.29 6.98 5.14 3.73 2.72 2.09 1.81
9.63 9.38 9.14 8.91 8.69 8.46 8.25 8.03 7.82 7.61 7.40 7.17 6.89 6.58 6.23 5.86 5.46 5.05 4.63 4.20 3.76 3.32 2.89 2.46 2.04 1.53 0.76 0.00 0.00 0.00 0.00 0.00 0.00 0.00 0.00 0.00 0.00 0.00 0.00 0.00 0.00 0.00 0.00 0.00 0.00 0.00 0.00 0.00 0.00 0.00 1.05 3.39 5.81 8.29 10.80 13.33 15.86 18.36 20.82 23.21 25.49 27.56 29.38 30.93 32.12 32.78 32.88 32.44 31.49 30.04 28.14 25.79 23.03 19.87 16.40 13.14 10.38 8.09 6.26 4.85 3.83 3.17 2.83
9.62 9.39 9.16 8.94 8.73 8.52 8.31 8.10 7.90 7.69 7.46 7.18 6.87 6.52 6.14 5.74 5.31 4.88 4.43 3.98 3.53 3.09 2.64 2.21 1.80 1.29 0.53 0.00 0.00 0.00 0.00 0.00 0.00 0.00 0.00 0.00 0.00 0.00 0.00 0.00 0.00 0.00 0.00 0.00 0.00 0.00 0.00 0.00 0.00 0.00 0.63 2.98 5.41 7.89 10.41 12.95 15.48 17.99 20.46 22.83 25.01 26.96 28.67 30.14 31.35 32.21 32.54 32.32 31.57 30.32 28.58 26.39 23.77 20.73 17.37 14.20 11.51 9.30 7.52 6.14 5.14 4.49 4.16
9.57 9.36 9.15 8.95 8.75 8.55 8.35 8.16 7.95 7.73 7.46 7.15 6.80 6.42 6.02 5.59 5.14 4.68 4.22 3.76 3.30 2.85 2.41 1.98 1.57 1.08 0.31 0.00 0.00 0.00 0.00 0.00 0.00 0.00 0.00 0.00 0.00 0.00 0.00 0.00 0.00 0.00 0.00 0.00 0.00 0.00 0.00 0.00 0.00 0.00 0.25 2.60 5.03 7.51 10.04 12.58 15.11 17.63 20.07 22.34 24.40 26.24 27.86 29.24 30.39 31.29 31.84 31.88 31.38 30.35 28.83 26.83 24.39 21.52 18.30 15.26 12.70 10.58 8.89 7.60 6.66 6.06 5.75
9.49 9.30 9.11 8.93 8.74 8.56 8.37 8.18 7.97 7.71 7.41 7.06 6.69 6.29 5.86 5.41 4.95 4.48 4.00 3.53 3.07 2.62 2.18 1.76 1.36 0.88 0.12 0.00 0.00 0.00 0.00 0.00 0.00 0.00 0.00 0.00 0.00 0.00 0.00 0.00 0.00 0.00 0.00 0.00 0.00 0.00 0.00 0.00 0.00 0.00 0.00 2.25 4.68 7.16 9.69 12.23 14.77 17.25 19.59 21.73 23.68 25.42 26.95 28.26 29.35 30.21 30.83 31.12 30.90 30.14 28.86 27.10 24.88 22.21 19.18 16.31 13.91 11.94 10.38 9.20 8.37 7.85 7.52
