data_processed/recharge/precip/Precip_2013_01.asc
ncols        168
nrows        136
xllcorner    455000
yllcorner    2107000
cellsize     500
NODATA_value     -99999
[rows 0 to 37 of 136, columns 84 to 167 of 168]
0.34 0.29 0.23 0.17 0.11 0.05 0.00 0.00 0.00 0.00 0.00 0.00 0.00 0.00 0.00 0.01 0.20 0.35 0.42 0.43 0.39 0.34 0.28 0.22 0.16 0.10 0.05 0.00 0.00 0.00 0.00 0.00 0.00 0.00 0.00 0.00 0.00 0.00 0.00 0.00 0.00 0.00 0.00 0.00 0.02 0.08 0.15 0.23 0.32 0.43 0.54 0.67 0.80 0.94 1.09 1.25 1.40 1.56 1.72 1.89 2.05 2.21 2.36 2.51 2.62 2.68 2.70 2.70 2.69 2.68 2.69 2.72 2.77 2.82 2.86 2.91 2.95 3.00 3.04 3.08 3.13 3.18 3.23 3.29
0.62 0.56 0.49 0.42 0.34 0.27 0.19 0.12 0.06 0.00 0.00 0.00 0.00 0.00 0.00 0.00 0.14 0.24 0.27 0.25 0.20 0.15 0.10 0.06 0.01 0.00 0.00 0.00 0.00 0.00 0.00 0.00 0.00 0.00 0.00 0.00 0.00 0.00 0.00 0.00 0.00 0.00 0.00 0.00 0.00 0.00 0.06 0.14 0.24 0.35 0.47 0.60 0.73 0.88 1.02 1.17 1.33 1.49 1.64 1.80 1.96 2.11 2.26 2.40 2.54 2.64 2.69 2.71 2.71 2.72 2.75 2.79 2.82 2.85 2.87 2.89 2.91 2.92 2.94 2.95 2.96 2.98 2.99 3.00
0.88 0.81 0.73 0.64 0.56 0.47 0.39 0.30 0.23 0.15 0.09 0.03 0.00 0.00 0.00 0.00 0.09 0.14 0.13 0.10 0.06 0.02 0.00 0.00 0.00 0.00 0.00 0.00 0.00 0.00 0.00 0.00 0.00 0.00 0.00 0.00 0.00 0.00 0.00 0.00 0.00 0.00 0.00 0.00 0.00 0.00 0.00 0.08 0.18 0.29 0.42 0.55 0.68 0.82 0.97 1.12 1.27 1.42 1.58 1.73 1.88 2.02 2.16 2.30 2.43 2.54 2.63 2.67 2.69 2.72 2.76 2.78 2.80 2.82 2.83 2.83 2.82 2.82 2.80 2.79 2.77 2.75 2.73 2.71
1.11 1.03 0.94 0.85 0.75 0.65 0.56 0.46 0.37 0.29 0.21 0.15 0.09 0.05 0.02 0.02 0.05 0.06 0.04 0.01 0.00 0.00 0.00 0.00 0.00 0.00 0.00 0.00 0.00 0.00 0.00 0.00 0.00 0.00 0.00 0.00 0.00 0.00 0.00 0.00 0.00 0.00 0.00 0.00 0.00 0.00 0.00 0.04 0.14 0.26 0.38 0.51 0.64 0.79 0.93 1.08 1.22 1.37 1.52 1.66 1.81 1.94 2.08 2.20 2.32 2.43 2.53 2.59 2.64 2.68 2.71 2.73 2.74 2.75 2.74 2.73 2.71 2.68 2.65 2.61 2.57 2.52 2.47 2.41
1.32 1.23 1.13 1.02 0.91 0.81 0.70 0.59 0.49 0.40 0.31 0.23 0.16 0.11 0.07 0.04 0.04 0.03 0.01 0.00 0.00 0.00 0.00 0.00 0.00 0.00 0.00 0.00 0.00 0.00 0.00 0.00 0.00 0.00 0.00 0.00 0.00 0.00 0.00 0.00 0.00 0.00 0.00 0.00 0.00 0.00 0.00 0.01 0.12 0.23 0.36 0.49 0.62 0.76 0.90 1.05 1.19 1.33 1.47 1.61 1.75 1.88 2.00 2.11 2.22 2.32 2.40 2.48 2.54 2.58 2.61 2.63 2.64 2.64 2.63 2.60 2.57 2.53 2.48 2.43 2.36 2.29 2.21 2.13
1.50 1.40 1.29 1.17 1.05 0.93 0.82 0.70 0.59 0.48 0.38 0.29 0.21 0.14 0.09 0.05 0.04 0.03 0.02 0.01 0.00 0.00 0.00 0.00 0.00 0.00 0.00 0.00 0.00 0.00 0.00 0.00 0.00 0.00 0.00 0.00 0.00 0.00 0.00 0.00 0.00 0.00 0.00 0.00 0.00 0.00 0.00 0.00 0.10 0.22 0.35 0.48 0.61 0.75 0.89 1.03 1.16 1.30 1.44 1.57 1.69 1.82 1.93 2.03 2.13 2.21 2.29 2.35 2.41 2.47 2.50 2.53 2.54 2.53 2.52 2.49 2.45 2.40 2.33 2.26 2.18 2.09 2.00 1.89
1.68 1.57 1.44 1.32 1.19 1.06 0.93 0.80 0.67 0.55 0.44 0.34 0.24 0.16 0.10 0.06 0.04 0.04 0.04 0.03 0.01 0.00 0.00 0.00 0.00 0.00 0.00 0.00 0.00 0.00 0.00 0.00 0.00 0.00 0.00 0.00 0.00 0.00 0.00 0.00 0.00 0.00 0.00 0.00 0.00 0.00 0.00 0.00 0.09 0.21 0.33 0.46 0.60 0.73 0.87 1.00 1.14 1.27 1.40 1.53 1.64 1.76 1.86 1.95 2.04 2.11 2.17 2.24 2.30 2.35 2.40 2.43 2.44 2.44 2.43 2.39 2.35 2.29 2.22 2.14 2.05 1.94 1.83 1.70
1.85 1.73 1.59 1.45 1.31 1.17 1.02 0.88 0.75 0.61 0.49 0.37 0.26 0.17 0.10 0.06 0.05 0.04 0.04 0.04 0.03 0.02 0.00 0.00 0.00 0.00 0.00 0.00 0.00 0.00 0.00 0.00 0.00 0.00 0.00 0.00 0.00 0.00 0.00 0.00 0.00 0.00 0.00 0.00 0.00 0.00 0.00 0.00 0.07 0.19 0.32 0.45 0.58 0.72 0.85 0.98 1.12 1.24 1.37 1.48 1.59 1.70 1.79 1.87 1.95 2.01 2.07 2.14 2.19 2.25 2.30 2.34 2.36 2.37 2.35 2.32 2.28 2.22 2.14 2.05 1.95 1.83 1.71 1.57
2.02 1.88 1.73 1.58 1.42 1.27 1.11 0.96 0.80 0.66 0.52 0.39 0.27 0.18 0.11 0.07 0.06 0.05 0.04 0.04 0.04 0.03 0.02 0.00 0.00 0.00 0.00 0.00 0.00 0.00 0.00 0.00 0.00 0.00 0.00 0.00 0.00 0.00 0.00 0.00 0.00 0.00 0.00 0.00 0.00 0.00 0.00 0.00 0.06 0.18 0.31 0.44 0.57 0.70 0.84 0.97 1.09 1.21 1.33 1.44 1.55 1.64 1.73 1.80 1.87 1.93 1.99 2.05 2.10 2.16 2.21 2.25 2.28 2.30 2.29 2.27 2.23 2.17 2.09 2.00 1.89 1.76 1.63 1.47
2.17 2.02 1.86 1.69 1.52 1.35 1.18 1.01 0.85 0.69 0.53 0.39 0.27 0.18 0.11 0.08 0.06 0.05 0.05 0.04 0.04 0.04 0.04 0.02 0.01 0.00 0.00 0.00 0.00 0.00 0.00 0.00 0.00 0.00 0.00 0.00 0.00 0.00 0.00 0.00 0.00 0.00 0.00 0.00 0.00 0.00 0.00 0.00 0.04 0.17 0.30 0.43 0.56 0.69 0.82 0.95 1.07 1.19 1.30 1.40 1.50 1.59 1.66 1.73 1.79 1.85 1.91 1.97 2.02 2.07 2.12 2.17 2.21 2.23 2.24 2.22 2.19 2.13 2.06 1.96 1.85 1.73 1.58 1.42
2.31 2.14 1.97 1.79 1.60 1.42 1.23 1.05 0.87 0.69 0.53 0.38 0.27 0.18 0.12 0.08 0.07 0.06 0.05 0.05 0.05 0.04 0.04 0.04 0.03 0.01 0.00 0.00 0.00 0.00 0.00 0.00 0.00 0.00 0.00 0.00 0.00 0.00 0.00 0.00 0.00 0.00 0.00 0.00 0.00 0.00 0.00 0.00 0.03 0.15 0.29 0.42 0.55 0.68 0.81 0.93 1.05 1.16 1.27 1.37 1.46 1.54 1.61 1.67 1.73 1.79 1.85 1.90 1.95 2.00 2.05 2.09 2.13 2.17 2.19 2.18 2.16 2.11 2.04 1.95 1.84 1.72 1.57 1.40
2.43 2.24 2.06 1.86 1.66 1.46 1.26 1.06 0.87 0.68 0.51 0.37 0.26 0.18 0.12 0.09 0.07 0.06 0.06 0.05 0.05 0.05 0.05 0.05 0.04 0.03 0.02 0.00 0.00 0.00 0.00 0.00 0.00 0.00 0.00 0.00 0.00 0.00 0.00 0.00 0.00 0.00 0.00 0.00 0.00 0.00 0.00 0.00 0.01 0.14 0.28 0.41 0.54 0.67 0.79 0.92 1.03 1.14 1.24 1.33 1.42 1.49 1.56 1.62 1.68 1.73 1.79 1.84 1.89 1.94 1.99 2.03 2.07 2.10 2.13 2.14 2.13 2.09 2.04 1.95 1.85 1.73 1.58 1.41
2.52 2.33 2.12 1.91 1.70 1.48 1.27 1.05 0.84 0.65 0.50 0.37 0.26 0.18 0.13 0.09 0.08 0.07 0.06 0.06 0.05 0.05 0.05 0.05 0.05 0.05 0.04 0.02 0.00 0.00 0.00 0.00 0.00 0.00 0.00 0.00 0.00 0.00 0.00 0.00 0.00 0.00 0.00 0.00 0.00 0.00 0.00 0.00 0.01 0.13 0.27 0.40 0.53 0.66 0.78 0.90 1.02 1.12 1.22 1.30 1.38 1.45 1.52 1.58 1.63 1.69 1.74 1.79 1.85 1.89 1.94 1.98 2.01 2.05 2.07 2.10 2.10 2.08 2.03 1.96 1.87 1.75 1.61 1.44
2.60 2.39 2.17 1.94 1.71 1.48 1.25 1.02 0.81 0.63 0.48 0.36 0.26 0.19 0.13 0.10 0.09 0.08 0.07 0.06 0.06 0.05 0.05 0.05 0.05 0.06 0.05 0.04 0.03 0.01 0.00 0.00 0.00 0.00 0.00 0.00 0.00 0.00 0.00 0.00 0.00 0.00 0.00 0.00 0.00 0.00 0.00 0.00 0.01 0.13 0.26 0.39 0.53 0.65 0.78 0.89 1.00 1.10 1.20 1.28 1.35 1.42 1.48 1.54 1.60 1.65 1.70 1.75 1.80 1.85 1.89 1.93 1.97 2.00 2.03 2.05 2.06 2.06 2.03 1.98 1.89 1.79 1.65 1.49
2.65 2.42 2.18 1.94 1.69 1.44 1.20 0.97 0.77 0.61 0.46 0.35 0.26 0.19 0.14 0.11 0.09 0.08 0.08 0.07 0.06 0.06 0.06 0.06 0.06 0.06 0.06 0.06 0.05 0.04 0.02 0.00 0.00 0.00 0.00 0.00 0.00 0.00 0.00 0.00 0.00 0.00 0.00 0.00 0.00 0.00 0.00 0.00 0.02 0.14 0.26 0.39 0.52 0.65 0.77 0.89 0.99 1.09 1.18 1.26 1.33 1.40 1.46 1.52 1.57 1.62 1.67 1.72 1.77 1.82 1.86 1.90 1.93 1.96 1.99 2.01 2.02 2.03 2.02 1.99 1.92 1.82 1.70 1.55
2.65 2.42 2.17 1.91 1.64 1.38 1.14 0.92 0.74 0.58 0.45 0.34 0.25 0.19 0.14 0.11 0.10 0.09 0.08 0.08 0.07 0.07 0.06 0.06 0.06 0.06 0.07 0.07 0.07 0.06 0.04 0.03 0.00 0.00 0.00 0.00 0.00 0.00 0.00 0.00 0.00 0.00 0.00 0.00 0.00 0.00 0.00 0.00 0.04 0.15 0.27 0.40 0.52 0.65 0.77 0.88 0.99 1.08 1.17 1.25 1.32 1.38 1.44 1.49 1.55 1.60 1.65 1.70 1.74 1.79 1.83 1.87 1.90 1.93 1.95 1.97 1.99 2.00 2.00 1.99 1.94 1.86 1.76 1.62
2.60 2.38 2.12 1.84 1.56 1.30 1.07 0.87 0.70 0.55 0.43 0.33 0.25 0.19 0.15 0.12 0.11 0.10 0.09 0.08 0.08 0.07 0.07 0.07 0.07 0.07 0.07 0.07 0.08 0.08 0.07 0.06 0.04 0.02 0.00 0.00 0.00 0.00 0.00 0.00 0.00 0.00 0.00 0.00 0.00 0.00 0.00 0.00 0.07 0.18 0.29 0.41 0.53 0.65 0.77 0.89 0.99 1.08 1.16 1.24 1.31 1.37 1.43 1.48 1.53 1.58 1.63 1.68 1.72 1.77 1.81 1.84 1.88 1.91 1.93 1.95 1.96 1.97 1.98 1.97 1.95 1.89 1.81 1.69
2.49 2.27 2.02 1.74 1.47 1.23 1.01 0.82 0.66 0.53 0.41 0.32 0.25 0.19 0.15 0.13 0.11 0.11 0.10 0.09 0.09 0.08 0.08 0.08 0.08 0.08 0.08 0.08 0.08 0.09 0.09 0.08 0.07 0.05 0.03 0.01 0.00 0.00 0.00 0.00 0.00 0.00 0.00 0.00 0.00 0.00 0.00 0.01 0.10 0.21 0.32 0.43 0.55 0.67 0.78 0.89 0.99 1.08 1.16 1.23 1.30 1.36 1.42 1.47 1.52 1.57 1.61 1.66 1.71 1.75 1.79 1.83 1.86 1.89 1.91 1.93 1.94 1.95 1.96 1.95 1.94 1.91 1.85 1.75
2.32 2.11 1.87 1.62 1.37 1.15 0.95 0.77 0.62 0.50 0.39 0.31 0.24 0.19 0.16 0.13 0.12 0.11 0.11 0.10 0.09 0.09 0.09 0.08 0.08 0.08 0.08 0.09 0.09 0.10 0.10 0.10 0.10 0.09 0.07 0.05 0.03 0.00 0.00 0.00 0.00 0.00 0.00 0.00 0.00 0.00 0.00 0.06 0.14 0.24 0.35 0.46 0.57 0.68 0.79 0.90 0.99 1.08 1.16 1.23 1.30 1.36 1.41 1.46 1.51 1.56 1.60 1.65 1.70 1.74 1.78 1.81 1.85 1.87 1.90 1.92 1.93 1.94 1.94 1.94 1.93 1.92 1.88 1.81
2.10 1.90 1.68 1.47 1.27 1.06 0.88 0.72 0.58 0.47 0.37 0.30 0.24 0.19 0.16 0.14 0.13 0.12 0.12 0.11 0.10 0.10 0.10 0.09 0.09 0.09 0.09 0.10 0.10 0.10 0.11 0.12 0.12 0.11 0.11 0.09 0.07 0.05 0.02 0.00 0.00 0.00 0.00 0.00 0.00 0.00 0.03 0.10 0.19 0.28 0.38 0.49 0.60 0.71 0.81 0.91 1.00 1.09 1.16 1.23 1.30 1.35 1.41 1.46 1.51 1.55 1.60 1.64 1.69 1.73 1.77 1.81 1.84 1.87 1.89 1.91 1.92 1.93 1.93 1.93 1.92 1.91 1.89 1.85
1.84 1.66 1.48 1.31 1.14 0.97 0.81 0.67 0.55 0.44 0.36 0.29 0.23 0.19 0.17 0.15 0.14 0.13 0.13 0.12 0.12 0.11 0.11 0.11 0.10 0.10 0.11 0.11 0.11 0.11 0.12 0.13 0.14 0.14 0.13 0.13 0.11 0.09 0.07 0.05 0.02 0.00 0.00 0.00 0.00 0.02 0.08 0.15 0.23 0.33 0.43 0.53 0.63 0.74 0.83 0.92 1.01 1.09 1.17 1.24 1.30 1.35 1.41 1.46 1.50 1.55 1.59 1.64 1.69 1.73 1.77 1.80 1.83 1.86 1.88 1.90 1.92 1.92 1.93 1.93 1.92 1.91 1.89 1.86
1.57 1.42 1.28 1.14 1.00 0.87 0.74 0.62 0.51 0.41 0.34 0.28 0.23 0.20 0.17 0.16 0.15 0.14 0.14 0.13 0.13 0.12 0.12 0.12 0.12 0.12 0.12 0.12 0.12 0.13 0.13 0.14 0.15 0.15 0.16 0.16 0.15 0.13 0.11 0.09 0.07 0.04 0.02 0.01 0.03 0.07 0.13 0.20 0.28 0.37 0.47 0.57 0.67 0.76 0.85 0.94 1.02 1.10 1.17 1.24 1.30 1.36 1.41 1.46 1.50 1.55 1.59 1.64 1.68 1.73 1.77 1.80 1.83 1.86 1.88 1.90 1.91 1.92 1.93 1.93 1.92 1.91 1.89 1.87
1.30 1.18 1.07 0.96 0.85 0.75 0.65 0.56 0.46 0.38 0.32 0.26 0.23 0.20 0.18 0.16 0.16 0.15 0.15 0.14 0.14 0.14 0.13 0.13 0.13 0.13 0.13 0.13 0.14 0.14 0.14 0.15 0.16 0.17 0.18 0.18 0.18 0.17 0.15 0.14 0.11 0.09 0.07 0.06 0.09 0.13 0.18 0.25 0.33 0.42 0.52 0.61 0.70 0.79 0.87 0.96 1.03 1.11 1.18 1.24 1.30 1.36 1.41 1.46 1.50 1.55 1.59 1.64 1.68 1.73 1.77 1.80 1.83 1.86 1.88 1.90 1.92 1.93 1.93 1.93 1.93 1.92 1.90 1.88
1.04 0.95 0.87 0.79 0.71 0.63 0.56 0.48 0.42 0.35 0.30 0.25 0.22 0.20 0.18 0.17 0.17 0.16 0.16 0.16 0.15 0.15 0.15 0.15 0.15 0.15 0.15 0.15 0.15 0.15 0.16 0.16 0.17 0.18 0.19 0.20 0.20 0.20 0.19 0.17 0.15 0.13 0.11 0.11 0.13 0.18 0.23 0.30 0.38 0.47 0.56 0.64 0.73 0.81 0.89 0.97 1.04 1.12 1.18 1.25 1.31 1.36 1.41 1.46 1.50 1.55 1.59 1.64 1.68 1.73 1.77 1.80 1.83 1.86 1.89 1.90 1.92 1.93 1.94 1.94 1.94 1.93 1.91 1.89
0.80 0.74 0.68 0.62 0.56 0.51 0.46 0.41 0.36 0.32 0.28 0.24 0.22 0.20 0.19 0.18 0.18 0.17 0.17 0.17 0.17 0.17 0.16 0.16 0.16 0.16 0.16 0.17 0.17 0.17 0.17 0.18 0.18 0.19 0.20 0.21 0.21 0.22 0.21 0.20 0.19 0.17 0.15 0.16 0.18 0.22 0.28 0.35 0.43 0.51 0.59 0.67 0.75 0.83 0.90 0.98 1.05 1.12 1.19 1.25 1.31 1.36 1.41 1.46 1.50 1.55 1.59 1.64 1.69 1.73 1.77 1.80 1.84 1.86 1.89 1.91 1.93 1.94 1.95 1.95 1.95 1.94 1.92 1.90
0.59 0.55 0.51 0.47 0.43 0.40 0.36 0.33 0.30 0.28 0.25 0.23 0.21 0.20 0.19 0.19 0.19 0.19 0.18 0.18 0.18 0.18 0.18 0.18 0.18 0.18 0.18 0.18 0.18 0.19 0.19 0.19 0.20 0.20 0.21 0.22 0.22 0.23 0.23 0.23 0.22 0.20 0.19 0.20 0.22 0.27 0.33 0.40 0.47 0.54 0.61 0.69 0.76 0.83 0.91 0.98 1.05 1.12 1.18 1.24 1.30 1.36 1.41 1.46 1.50 1.55 1.59 1.64 1.68 1.73 1.77 1.81 1.84 1.87 1.89 1.92 1.93 1.95 1.96 1.96 1.96 1.95 1.94 1.91
0.41 0.39 0.36 0.34 0.32 0.30 0.28 0.27 0.25 0.24 0.23 0.22 0.21 0.20 0.20 0.20 0.20 0.20 0.20 0.20 0.20 0.20 0.20 0.20 0.20 0.20 0.20 0.20 0.20 0.20 0.20 0.21 0.21 0.21 0.22 0.22 0.23 0.24 0.25 0.25 0.24 0.23 0.22 0.23 0.26 0.31 0.37 0.43 0.49 0.56 0.62 0.69 0.76 0.83 0.90 0.97 1.04 1.11 1.17 1.23 1.29 1.35 1.40 1.45 1.50 1.54 1.59 1.64 1.68 1.73 1.77 1.81 1.84 1.87 1.90 1.92 1.94 1.96 1.97 1.97 1.97 1.96 1.95 1.93
0.28 0.26 0.25 0.24 0.23 0.22 0.22 0.21 0.21 0.20 0.20 0.20 0.20 0.20 0.21 0.21 0.21 0.21 0.21 0.22 0.22 0.22 0.22 0.22 0.22 0.22 0.22 0.22 0.22 0.22 0.22 0.22 0.22 0.23 0.23 0.23 0.24 0.24 0.25 0.26 0.26 0.25 0.25 0.26 0.29 0.34 0.39 0.44 0.50 0.56 0.62 0.69 0.75 0.82 0.88 0.95 1.02 1.09 1.15 1.21 1.28 1.33 1.39 1.44 1.49 1.54 1.58 1.63 1.68 1.72 1.77 1.80 1.84 1.87 1.90 1.93 1.95 1.97 1.98 1.98 1.98 1.98 1.96 1.94
0.18 0.18 0.18 0.17 0.17 0.17 0.18 0.18 0.18 0.18 0.19 0.19 0.20 0.21 0.21 0.22 0.22 0.23 0.23 0.23 0.23 0.23 0.24 0.24 0.24 0.24 0.24 0.24 0.24 0.24 0.24 0.24 0.24 0.24 0.24 0.24 0.24 0.25 0.25 0.26 0.26 0.26 0.26 0.28 0.31 0.35 0.39 0.44 0.49 0.55 0.60 0.66 0.73 0.79 0.85 0.92 0.99 1.05 1.12 1.18 1.25 1.31 1.37 1.42 1.48 1.53 1.57 1.62 1.67 1.72 1.76 1.80 1.84 1.87 1.90 1.93 1.95 1.97 1.98 1.99 1.99 1.99 1.97 1.95
0.14 0.14 0.15 0.15 0.15 0.16 0.16 0.17 0.18 0.18 0.19 0.20 0.21 0.21 0.22 0.23 0.24 0.24 0.25 0.25 0.25 0.25 0.25 0.25 0.25 0.25 0.25 0.25 0.25 0.25 0.25 0.25 0.25 0.25 0.25 0.25 0.25 0.25 0.25 0.26 0.26 0.26 0.27 0.29 0.31 0.34 0.38 0.42 0.46 0.51 0.57 0.62 0.68 0.74 0.81 0.87 0.94 1.01 1.07 1.14 1.21 1.27 1.33 1.39 1.45 1.51 1.56 1.61 1.66 1.71 1.75 1.80 1.84 1.87 1.90 1.93 1.96 1.98 1.99 2.00 2.00 1.99 1.98 1.96
0.15 0.15 0.16 0.17 0.17 0.18 0.19 0.19 0.20 0.21 0.21 0.22 0.23 0.23 0.24 0.24 0.25 0.26 0.26 0.26 0.27 0.27 0.27 0.27 0.27 0.27 0.27 0.27 0.27 0.27 0.26 0.26 0.26 0.26 0.26 0.26 0.25 0.25 0.25 0.25 0.26 0.26 0.26 0.27 0.29 0.31 0.34 0.38 0.42 0.46 0.51 0.57 0.62 0.68 0.75 0.81 0.88 0.94 1.01 1.08 1.15 1.22 1.29 1.35 1.42 1.48 1.54 1.59 1.64 1.69 1.74 1.79 1.83 1.87 1.90 1.93 1.96 1.98 1.99 2.00 2.00 2.00 1.99 1.97
0.18 0.19 0.19 0.20 0.21 0.21 0.22 0.23 0.23 0.24 0.24 0.25 0.25 0.25 0.26 0.26 0.26 0.26 0.27 0.28 0.28 0.28 0.28 0.28 0.28 0.28 0.28 0.28 0.28 0.28 0.27 0.27 0.27 0.27 0.26 0.26 0.26 0.25 0.25 0.25 0.25 0.25 0.25 0.26 0.26 0.28 0.30 0.33 0.37 0.41 0.45 0.50 0.56 0.62 0.68 0.74 0.81 0.88 0.95 1.02 1.09 1.16 1.23 1.30 1.37 1.44 1.50 1.57 1.63 1.68 1.73 1.78 1.82 1.86 1.90 1.93 1.96 1.98 1.99 2.00 2.01 2.00 1.99 1.98
0.21 0.21 0.22 0.23 0.24 0.25 0.25 0.26 0.26 0.27 0.27 0.27 0.27 0.27 0.27 0.27 0.27 0.27 0.28 0.28 0.29 0.29 0.29 0.29 0.29 0.29 0.29 0.29 0.29 0.29 0.28 0.28 0.28 0.27 0.27 0.26 0.26 0.25 0.25 0.25 0.24 0.24 0.25 0.25 0.25 0.26 0.27 0.29 0.32 0.36 0.40 0.45 0.50 0.55 0.61 0.67 0.74 0.81 0.88 0.95 1.02 1.10 1.17 1.25 1.32 1.39 1.47 1.54 1.61 1.67 1.72 1.77 1.81 1.85 1.89 1.93 1.95 1.98 1.99 2.01 2.01 2.01 2.00 1.98
0.23 0.24 0.25 0.26 0.27 0.28 0.28 0.29 0.29 0.29 0.29 0.29 0.29 0.29 0.29 0.28 0.28 0.27 0.28 0.28 0.29 0.29 0.30 0.30 0.30 0.30 0.30 0.30 0.29 0.29 0.29 0.28 0.28 0.27 0.27 0.26 0.26 0.25 0.25 0.24 0.24 0.24 0.24 0.24 0.24 0.24 0.25 0.27 0.29 0.32 0.35 0.39 0.44 0.49 0.55 0.61 0.67 0.74 0.81 0.88 0.96 1.03 1.11 1.19 1.27 1.35 1.43 1.50 1.58 1.65 1.71 1.76 1.80 1.85 1.89 1.92 1.95 1.98 1.99 2.01 2.01 2.01 2.00 1.99
0.25 0.27 0.28 0.29 0.30 0.30 0.31 0.31 0.32 0.32 0.32 0.32 0.31 0.31 0.30 0.29 0.28 0.28 0.28 0.28 0.28 0.29 0.29 0.30 0.30 0.30 0.30 0.30 0.30 0.30 0.29 0.29 0.28 0.28 0.27 0.26 0.26 0.25 0.25 0.24 0.24 0.24 0.24 0.24 0.24 0.24 0.24 0.24 0.26 0.28 0.31 0.35 0.39 0.44 0.49 0.55 0.61 0.67 0.74 0.82 0.89 0.97 1.05 1.13 1.21 1.29 1.38 1.46 1.55 1.62 1.69 1.75 1.80 1.84 1.88 1.92 1.95 1.98 1.99 2.01 2.01 2.01 2.01 1.99
0.27 0.29 0.30 0.31 0.32 0.33 0.34 0.34 0.34 0.34 0.34 0.33 0.33 0.32 0.31 0.30 0.29 0.28 0.28 0.27 0.28 0.28 0.29 0.29 0.30 0.30 0.30 0.30 0.30 0.30 0.29 0.29 0.28 0.28 0.27 0.26 0.26 0.25 0.24 0.24 0.24 0.23 0.24 0.24 0.23 0.23 0.23 0.23 0.24 0.25 0.28 0.31 0.34 0.39 0.43 0.49 0.55 0.61 0.68 0.75 0.83 0.90 0.98 1.07 1.15 1.24 1.33 1.42 1.51 1.59 1.66 1.73 1.79 1.83 1.88 1.91 1.95 1.97 1.99 2.01 2.02 2.02 2.01 1.99
0.29 0.31 0.32 0.33 0.34 0.35 0.36 0.36 0.36 0.36 0.36 0.35 0.34 0.33 0.32 0.30 0.29 0.28 0.27 0.27 0.27 0.28 0.28 0.29 0.29 0.30 0.30 0.30 0.30 0.30 0.29 0.29 0.28 0.28 0.27 0.27 0.26 0.25 0.24 0.24 0.24 0.23 0.23 0.23 0.23 0.23 0.23 0.23 0.23 0.24 0.25 0.27 0.30 0.34 0.38 0.43 0.49 0.55 0.62 0.69 0.76 0.84 0.92 1.00 1.09 1.18 1.28 1.37 1.46 1.55 1.63 1.71 1.77 1.83 1.87 1.91 1.94 1.97 1.99 2.01 2.02 2.02 2.01 2.00
0.31 0.33 0.34 0.36 0.37 0.37 0.38 0.38 0.38 0.38 0.37 0.37 0.35 0.34 0.32 0.31 0.29 0.28 0.27 0.27 0.27 0.27 0.27 0.28 0.29 0.29 0.29 0.30 0.30 0.29 0.29 0.29 0.28 0.28 0.27 0.27 0.26 0.25 0.25 0.24 0.24 0.24 0.24 0.23 0.23 0.23 0.23 0.23 0.23 0.23 0.23 0.25 0.27 0.30 0.34 0.38 0.44 0.49 0.56 0.62 0.70 0.77 0.86 0.94 1.03 1.13 1.22 1.32 1.41 1.51 1.59 1.68 1.75 1.81 1.86 1.90 1.94 1.97 1.99 2.01 2.02 2.02 2.01 2.00
