data_processed/recharge/precip/Precip_2012_07.asc
ncols        168
nrows        136
xllcorner    455000
yllcorner    2107000
cellsize     500
NODATA_value     -99999
[rows 0 to 31 of 136, columns 0 to 70 of 168]
239.12 235.34 231.56 227.79 224.02 220.27 216.53 212.81 209.11 205.44 201.79 198.17 194.58 191.03 187.52 184.05 180.63 177.25 173.93 170.65 167.50 164.67 162.22 160.12 158.37 156.96 155.87 155.10 154.63 154.46 154.56 154.94 155.58 156.46 157.59 158.94 160.50 162.27 164.23 166.37 168.68 171.15 173.77 176.53 179.38 182.23 185.00 187.70 190.31 192.83 195.25 197.58 199.80 201.90 203.89 205.72 207.36 208.83 210.12 211.24 212.19 212.99 213.63 214.12 214.46 214.66 214.73 214.67 214.48 214.18 213.75
242.48 238.64 234.82 231.00 227.19 223.39 219.61 215.85 212.12 208.41 204.73 201.08 197.46 193.88 190.35 186.86 183.41 180.02 176.67 173.39 170.22 167.38 164.90 162.78 161.00 159.55 158.43 157.62 157.10 156.88 156.93 157.25 157.82 158.64 159.69 160.96 162.45 164.13 166.00 168.05 170.26 172.63 175.14 177.79 180.55 183.40 186.24 188.98 191.64 194.21 196.67 199.03 201.29 203.41 205.38 207.16 208.75 210.17 211.41 212.48 213.39 214.14 214.73 215.17 215.47 215.63 215.66 215.55 215.32 214.97 214.50
245.75 241.87 238.00 234.14 230.29 226.46 222.64 218.85 215.08 211.34 207.64 203.96 200.32 196.73 193.17 189.66 186.21 182.80 179.45 176.15 172.98 170.13 167.64 165.50 163.69 162.22 161.07 160.22 159.66 159.39 159.40 159.66 160.18 160.93 161.92 163.12 164.53 166.13 167.92 169.88 172.00 174.27 176.69 179.23 181.88 184.65 187.48 190.28 192.99 195.60 198.11 200.51 202.78 204.89 206.81 208.54 210.09 211.45 212.65 213.67 214.54 215.24 215.79 216.19 216.44 216.56 216.54 216.39 216.11 215.72 215.21
248.92 245.01 241.10 237.20 233.32 229.46 225.61 221.80 218.00 214.24 210.51 206.82 203.17 199.56 195.99 192.47 189.01 185.59 182.24 178.94 175.77 172.91 170.41 168.26 166.44 164.95 163.77 162.89 162.30 161.99 161.95 162.17 162.64 163.34 164.26 165.40 166.74 168.27 169.98 171.86 173.90 176.08 178.40 180.84 183.39 186.05 188.79 191.60 194.36 197.01 199.56 201.99 204.25 206.31 208.18 209.86 211.36 212.69 213.83 214.81 215.63 216.29 216.79 217.15 217.36 217.43 217.37 217.18 216.86 216.43 215.88
252.00 248.05 244.11 240.18 236.28 232.39 228.52 224.68 220.87 217.10 213.35 209.65 205.98 202.37 198.79 195.27 191.80 188.39 185.04 181.75 178.58 175.73 173.23 171.07 169.24 167.73 166.53 165.63 165.01 164.67 164.60 164.77 165.19 165.85 166.72 167.80 169.07 170.54 172.18 173.98 175.94 178.03 180.26 182.61 185.07 187.63 190.27 192.98 195.74 198.44 201.03 203.44 205.65 207.67 209.49 211.13 212.58 213.86 214.96 215.90 216.67 217.28 217.74 218.06 218.23 218.26 218.15 217.92 217.57 217.09 216.51
254.97 250.99 247.03 243.08 239.15 235.24 231.36 227.51 223.69 219.90 216.15 212.44 208.77 205.15 201.58 198.06 194.59 191.19 187.85 184.57 181.41 178.57 176.07 173.91 172.08 170.56 169.35 168.43 167.79 167.42 167.32 167.46 167.84 168.45 169.27 170.30 171.52 172.93 174.50 176.23 178.12 180.14 182.29 184.55 186.92 189.38 191.92 194.53 197.20 199.89 202.46 204.83 207.00 208.97 210.75 212.34 213.75 214.98 216.04 216.93 217.66 218.23 218.65 218.92 219.05 219.04 218.89 218.62 218.23 217.71 217.09
257.82 253.83 249.84 245.88 241.93 238.02 234.12 230.26 226.43 222.64 218.89 215.18 211.51 207.90 204.33 200.82 197.37 193.98 190.65 187.39 184.25 181.42 178.93 176.78 174.95 173.43 172.21 171.28 170.63 170.24 170.11 170.23 170.57 171.15 171.93 172.91 174.08 175.43 176.95 178.62 180.43 182.38 184.45 186.64 188.92 191.29 193.74 196.26 198.82 201.37 203.84 206.16 208.28 210.21 211.94 213.49 214.85 216.04 217.06 217.91 218.59 219.12 219.50 219.73 219.82 219.77 219.59 219.28 218.84 218.29 217.63
260.56 256.55 252.55 248.58 244.62 240.70 236.80 232.94 229.11 225.32 221.57 217.87 214.21 210.61 207.06 203.56 200.12 196.75 193.44 190.21 187.09 184.28 181.81 179.67 177.85 176.33 175.11 174.18 173.52 173.12 172.97 173.06 173.38 173.92 174.67 175.61 176.74 178.04 179.51 181.12 182.88 184.76 186.76 188.87 191.07 193.36 195.73 198.14 200.55 202.90 205.21 207.43 209.51 211.39 213.08 214.58 215.90 217.05 218.02 218.83 219.47 219.96 220.30 220.49 220.54 220.45 220.23 219.88 219.41 218.83 218.13
263.17 259.15 255.14 251.17 247.21 243.29 239.39 235.53 231.71 227.93 224.19 220.50 216.86 213.27 209.74 206.26 202.85 199.50 196.22 193.02 189.93 187.15 184.70 182.58 180.77 179.26 178.05 177.12 176.45 176.05 175.89 175.96 176.27 176.78 177.50 178.41 179.50 180.76 182.17 183.74 185.44 187.26 189.20 191.24 193.38 195.59 197.86 200.13 202.35 204.51 206.63 208.69 210.67 212.50 214.15 215.61 216.89 218.00 218.93 219.70 220.30 220.75 221.05 221.20 221.21 221.09 220.83 220.45 219.94 219.32 218.58
265.64 261.62 257.62 253.64 249.69 245.77 241.89 238.04 234.23 230.46 226.74 223.07 219.45 215.88 212.37 208.93 205.54 202.23 198.98 195.81 192.76 190.01 187.59 185.50 183.71 182.22 181.02 180.09 179.43 179.02 178.86 178.92 179.21 179.71 180.40 181.29 182.34 183.57 184.95 186.47 188.12 189.89 191.77 193.75 195.82 197.95 200.08 202.16 204.20 206.18 208.11 209.99 211.82 213.56 215.17 216.59 217.83 218.89 219.78 220.51 221.08 221.49 221.75 221.86 221.84 221.68 221.38 220.96 220.42 219.76 219.00
267.98 263.96 259.96 255.99 252.06 248.15 244.28 240.45 236.65 232.91 229.21 225.56 221.97 218.43 214.96 211.54 208.20 204.92 201.71 198.58 195.58 192.87 190.48 188.42 186.65 185.19 184.00 183.09 182.44 182.04 181.87 181.94 182.22 182.70 183.38 184.24 185.27 186.47 187.81 189.29 190.90 192.63 194.46 196.38 198.38 200.38 202.33 204.24 206.10 207.90 209.66 211.36 213.01 214.60 216.12 217.50 218.70 219.73 220.58 221.27 221.80 222.17 222.40 222.48 222.41 222.22 221.89 221.43 220.86 220.17 219.37
270.17 266.16 262.18 258.22 254.30 250.41 246.56 242.75 238.98 235.27 231.60 227.98 224.42 220.92 217.48 214.11 210.80 207.57 204.41 201.32 198.37 195.70 193.36 191.33 189.60 188.16 187.00 186.11 185.47 185.08 184.93 184.99 185.27 185.75 186.42 187.27 188.28 189.45 190.77 192.22 193.79 195.47 197.26 199.12 200.99 202.82 204.60 206.34 208.03 209.66 211.25 212.78 214.26 215.69 217.06 218.36 219.52 220.51 221.32 221.97 222.47 222.80 222.99 223.04 222.94 222.71 222.34 221.86 221.25 220.53 219.69
272.21 268.21 264.25 260.31 256.41 252.55 248.73 244.95 241.21 237.53 233.89 230.31 226.79 223.33 219.94 216.61 213.35 210.17 207.06 204.03 201.13 198.52 196.22 194.24 192.55 191.14 190.01 189.15 188.53 188.16 188.01 188.09 188.37 188.85 189.52 190.35 191.36 192.51 193.80 195.23 196.77 198.42 200.16 201.90 203.61 205.27 206.89 208.45 209.98 211.45 212.87 214.24 215.56 216.83 218.04 219.20 220.28 221.23 222.01 222.62 223.08 223.38 223.54 223.55 223.42 223.15 222.76 222.24 221.60 220.84 219.98
274.08 270.11 266.17 262.27 258.39 254.56 250.77 247.03 243.33 239.68 236.09 232.55 229.08 225.67 222.32 219.05 215.84 212.72 209.67 206.70 203.86 201.30 199.06 197.13 195.48 194.12 193.03 192.19 191.60 191.25 191.13 191.22 191.51 192.00 192.66 193.50 194.49 195.64 196.92 198.32 199.84 201.45 203.07 204.66 206.21 207.71 209.16 210.57 211.94 213.25 214.52 215.74 216.90 218.01 219.07 220.07 221.02 221.90 222.64 223.22 223.64 223.91 224.03 224.01 223.84 223.55 223.12 222.57 221.90 221.11 220.22
275.80 271.85 267.94 264.07 260.23 256.44 252.69 248.98 245.33 241.73 238.18 234.70 231.28 227.92 224.63 221.41 218.27 215.20 212.22 209.31 206.55 204.05 201.87 199.99 198.40 197.08 196.03 195.24 194.68 194.36 194.26 194.37 194.68 195.18 195.86 196.70 197.69 198.83 200.10 201.49 202.98 204.49 205.96 207.39 208.78 210.13 211.43 212.69 213.90 215.06 216.18 217.25 218.26 219.23 220.14 220.99 221.80 222.54 223.22 223.76 224.15 224.39 224.47 224.42 224.22 223.89 223.43 222.85 222.15 221.34 220.41
277.35 273.43 269.56 265.72 261.93 258.17 254.47 250.81 247.21 243.66 240.17 236.74 233.37 230.08 226.85 223.70 220.62 217.62 214.71 211.88 209.18 206.76 204.65 202.83 201.29 200.03 199.03 198.27 197.76 197.48 197.41 197.55 197.88 198.40 199.09 199.94 200.94 202.08 203.34 204.71 206.11 207.47 208.79 210.07 211.31 212.51 213.67 214.78 215.85 216.87 217.84 218.76 219.64 220.46 221.23 221.95 222.61 223.22 223.77 224.25 224.60 224.81 224.86 224.77 224.55 224.19 223.70 223.09 222.36 221.52 220.57
278.79 274.84 271.00 267.21 263.46 259.76 256.11 252.50 248.96 245.46 242.03 238.67 235.37 232.14 228.98 225.89 222.89 219.97 217.13 214.38 211.76 209.42 207.38 205.63 204.15 202.95 202.00 201.30 200.84 200.59 200.56 200.74 201.10 201.64 202.35 203.22 204.23 205.38 206.63 207.91 209.17 210.38 211.56 212.70 213.80 214.86 215.87 216.84 217.77 218.65 219.49 220.27 221.01 221.70 222.34 222.92 223.45 223.93 224.35 224.71 225.00 225.17 225.20 225.08 224.83 224.44 223.92 223.28 222.53 221.66 220.68
280.16 276.14 272.28 268.54 264.84 261.19 257.60 254.05 250.57 247.14 243.78 240.48 237.25 234.09 231.01 228.00 225.07 222.23 219.48 216.81 214.28 212.02 210.06 208.38 206.98 205.84 204.96 204.31 203.90 203.70 203.72 203.93 204.33 204.90 205.64 206.53 207.56 208.70 209.88 211.03 212.14 213.22 214.26 215.26 216.22 217.15 218.03 218.87 219.66 220.41 221.11 221.77 222.38 222.94 223.45 223.91 224.31 224.66 224.96 225.20 225.38 225.49 225.49 225.34 225.06 224.64 224.10 223.43 222.65 221.75 220.75
281.45 277.37 273.45 269.70 266.05 262.47 258.93 255.46 252.04 248.68 245.39 242.17 239.01 235.93 232.93 230.01 227.17 224.41 221.75 219.17 216.74 214.56 212.69 211.09 209.76 208.70 207.88 207.30 206.94 206.80 206.87 207.12 207.56 208.17 208.94 209.86 210.90 211.97 213.02 214.04 215.02 215.96 216.87 217.74 218.58 219.37 220.12 220.84 221.50 222.13 222.71 223.24 223.73 224.17 224.55 224.89 225.17 225.41 225.58 225.71 225.77 225.78 225.72 225.54 225.23 224.79 224.22 223.53 222.72 221.80 220.77
282.66 278.51 274.54 270.74 267.10 263.57 260.11 256.70 253.36 250.08 246.87 243.72 240.65 237.66 234.74 231.91 229.16 226.50 223.93 221.45 219.11 217.04 215.25 213.74 212.49 211.51 210.76 210.25 209.96 209.88 210.00 210.31 210.80 211.45 212.26 213.20 214.17 215.12 216.04 216.93 217.78 218.61 219.39 220.14 220.85 221.52 222.15 222.74 223.29 223.80 224.26 224.68 225.04 225.37 225.64 225.86 226.03 226.15 226.22 226.23 226.19 226.09 225.93 225.70 225.36 224.89 224.30 223.58 222.75 221.80 220.75
283.77 279.57 275.55 271.70 268.03 264.51 261.12 257.79 254.53 251.33 248.20 245.14 242.16 239.26 236.44 233.70 231.05 228.48 226.02 223.64 221.41 219.43 217.74 216.33 215.17 214.27 213.60 213.17 212.95 212.94 213.12 213.49 214.03 214.73 215.57 216.45 217.31 218.13 218.93 219.70 220.43 221.13 221.80 222.43 223.03 223.58 224.10 224.58 225.01 225.41 225.76 226.06 226.32 226.53 226.70 226.81 226.88 226.89 226.85 226.76 226.61 226.41 226.15 225.83 225.44 224.95 224.33 223.59 222.73 221.76 220.69
284.77 280.52 276.45 272.57 268.86 265.33 261.96 258.71 255.53 252.42 249.39 246.42 243.53 240.73 238.01 235.37 232.82 230.36 228.00 225.74 223.62 221.75 220.16 218.84 217.78 216.97 216.39 216.04 215.90 215.96 216.21 216.64 217.24 217.98 218.77 219.54 220.28 220.99 221.68 222.33 222.95 223.54 224.10 224.62 225.10 225.55 225.95 226.32 226.65 226.94 227.18 227.38 227.54 227.65 227.71 227.73 227.69 227.60 227.47 227.28 227.03 226.73 226.38 225.96 225.49 224.95 224.31 223.55 222.67 221.68 220.58
285.65 281.36 277.26 273.34 269.61 266.06 262.68 259.46 256.37 253.35 250.41 247.55 244.76 242.06 239.44 236.91 234.48 232.13 229.88 227.74 225.73 223.98 222.50 221.29 220.33 219.61 219.12 218.86 218.80 218.94 219.27 219.77 220.42 221.12 221.80 222.46 223.09 223.69 224.27 224.81 225.33 225.81 226.26 226.68 227.06 227.40 227.71 227.97 228.20 228.39 228.54 228.64 228.70 228.71 228.68 228.60 228.47 228.29 228.06 227.78 227.44 227.05 226.61 226.11 225.55 224.93 224.24 223.46 222.56 221.55 220.43
286.41 282.07 277.94 274.00 270.25 266.68 263.30 260.08 257.04 254.12 251.28 248.52 245.84 243.25 240.74 238.33 236.01 233.78 231.65 229.63 227.75 226.11 224.75 223.65 222.79 222.18 221.79 221.62 221.65 221.88 222.29 222.85 223.46 224.06 224.64 225.19 225.72 226.22 226.69 227.14 227.55 227.93 228.29 228.60 228.89 229.13 229.34 229.52 229.65 229.75 229.80 229.81 229.78 229.70 229.58 229.41 229.19 228.93 228.61 228.24 227.82 227.35 226.82 226.24 225.60 224.90 224.15 223.32 222.40 221.37 220.24
287.02 282.65 278.50 274.54 270.77 267.20 263.81 260.61 257.58 254.71 251.98 249.33 246.76 244.29 241.90 239.60 237.40 235.30 233.30 231.41 229.65 228.14 226.90 225.92 225.18 224.67 224.39 224.32 224.45 224.76 225.24 225.78 226.30 226.80 227.28 227.73 228.16 228.56 228.94 229.29 229.61 229.90 230.16 230.38 230.58 230.73 230.86 230.94 230.99 231.00 230.96 230.89 230.77 230.61 230.41 230.16 229.86 229.51 229.12 228.67 228.17 227.62 227.02 226.36 225.65 224.88 224.05 223.16 222.20 221.15 220.00
287.48 283.09 278.91 274.94 271.17 267.60 264.22 261.02 258.01 255.17 252.50 249.97 247.52 245.17 242.90 240.73 238.66 236.69 234.82 233.06 231.44 230.07 228.96 228.10 227.48 227.08 226.91 226.95 227.18 227.57 228.03 228.48 228.91 229.31 229.70 230.06 230.40 230.71 231.00 231.26 231.50 231.70 231.87 232.01 232.12 232.19 232.23 232.23 232.20 232.13 232.02 231.86 231.67 231.43 231.15 230.82 230.45 230.03 229.56 229.04 228.47 227.85 227.18 226.45 225.67 224.83 223.94 222.98 221.97 220.89 219.71
287.78 283.37 279.18 275.21 271.44 267.87 264.50 261.32 258.33 255.53 252.90 250.44 248.11 245.88 243.75 241.71 239.78 237.94 236.21 234.59 233.12 231.88 230.90 230.17 229.68 229.41 229.35 229.50 229.82 230.20 230.58 230.94 231.28 231.60 231.90 232.17 232.43 232.66 232.86 233.04 233.19 233.32 233.41 233.47 233.50 233.50 233.46 233.39 233.28 233.13 232.95 232.72 232.45 232.15 231.80 231.40 230.96 230.47 229.94 229.35 228.72 228.03 227.30 226.51 225.66 224.76 223.81 222.79 221.72 220.59 219.39
287.91 283.49 279.29 275.31 271.55 268.00 264.65 261.49 258.53 255.76 253.18 250.77 248.53 246.43 244.43 242.54 240.74 239.05 237.46 235.99 234.66 233.57 232.73 232.14 231.77 231.63 231.70 231.95 232.26 232.57 232.86 233.14 233.40 233.64 233.86 234.06 234.23 234.39 234.51 234.62 234.69 234.74 234.76 234.75 234.71 234.64 234.53 234.39 234.21 234.00 233.74 233.45 233.12 232.75 232.33 231.88 231.37 230.82 230.23 229.59 228.89 228.15 227.36 226.51 225.61 224.66 223.65 222.58 221.46 220.27 219.03
287.85 283.43 279.23 275.26 271.51 267.97 264.65 261.52 258.60 255.87 253.34 250.98 248.81 246.81 244.95 243.19 241.54 240.00 238.57 237.25 236.07 235.13 234.44 233.99 233.76 233.76 233.93 234.18 234.43 234.66 234.88 235.08 235.26 235.42 235.57 235.70 235.80 235.88 235.94 235.98 235.99 235.97 235.92 235.84 235.74 235.60 235.43 235.22 234.98 234.71 234.40 234.05 233.66 233.23 232.75 232.24 231.68 231.08 230.43 229.73 228.99 228.20 227.35 226.45 225.51 224.50 223.45 222.33 221.16 219.93 218.65
287.61 283.18 278.99 275.03 271.30 267.79 264.49 261.41 258.53 255.85 253.36 251.07 248.97 247.04 245.29 243.68 242.18 240.80 239.52 238.36 237.35 236.56 236.02 235.72 235.64 235.75 235.94 236.12 236.30 236.46 236.60 236.73 236.85 236.95 237.03 237.09 237.13 237.14 237.14 237.11 237.06 236.98 236.87 236.73 236.57 236.37 236.14 235.88 235.59 235.26 234.89 234.49 234.05 233.57 233.04 232.48 231.87 231.22 230.53 229.78 228.99 228.15 227.27 226.33 225.34 224.29 223.19 222.04 220.83 219.56 218.24
287.16 282.74 278.56 274.62 270.91 267.43 264.17 261.13 258.30 255.67 253.25 251.03 248.99 247.15 245.48 244.00 242.65 241.43 240.32 239.32 238.47 237.85 237.47 237.32 237.37 237.50 237.63 237.75 237.86 237.95 238.03 238.10 238.16 238.19 238.21 238.21 238.19 238.15 238.09 238.01 237.90 237.76 237.60 237.41 237.20 236.95 236.67 236.36 236.02 235.64 235.22 234.77 234.29 233.76 233.19 232.59 231.94 231.24 230.51 229.72 228.89 228.02 227.09 226.11 225.09 224.01 222.88 221.69 220.45 219.15 217.79
286.49 282.09 277.93 274.01 270.33 266.89 263.67 260.68 257.90 255.34 252.99 250.84 248.88 247.12 245.55 244.16 242.95 241.89 240.94 240.12 239.45 238.99 238.78 238.77 238.84 238.92 238.99 239.05 239.10 239.13 239.16 239.17 239.17 239.15 239.12 239.07 238.99 238.90 238.79 238.65 238.50 238.31 238.10 237.87 237.61 237.31 236.99 236.64 236.25 235.83 235.38 234.89 234.36 233.79 233.19 232.55 231.86 231.13 230.36 229.54 228.68 227.77 226.81 225.81 224.75 223.64 222.48 221.27 220.00 218.67 217.29
