data_processed/recharge/precip/Precip_1993_01.asc
ncols        168
nrows        136
xllcorner    455000
yllcorner    2107000
cellsize     500
NODATA_value     -99999
[rows 0 to 34 of 136, columns 0 to 78 of 168]
0.82 1.20 1.61 2.03 2.47 2.97 3.53 4.13 4.78 5.46 6.18 6.93 7.69 8.48 9.27 10.07 10.87 11.67 12.45 13.22 13.97 14.69 15.38 16.03 16.63 17.16 17.63 18.02 18.35 18.63 18.87 19.09 19.29 19.47 19.64 19.79 19.93 20.07 20.20 20.32 20.44 20.55 20.67 20.78 20.90 21.02 21.15 21.29 21.43 21.59 21.74 21.86 21.96 22.02 22.07 22.10 22.12 22.10 22.00 21.82 21.57 21.26 20.88 20.44 19.95 19.42 18.84 18.23 17.59 16.93 16.25 15.55 14.85 14.14 13.44 12.74 12.05 11.33 10.59
0.71 1.09 1.48 1.90 2.33 2.78 3.29 3.85 4.46 5.11 5.80 6.52 7.27 8.04 8.82 9.61 10.41 11.21 12.00 12.78 13.54 14.28 14.99 15.66 16.27 16.83 17.32 17.75 18.11 18.41 18.67 18.90 19.11 19.30 19.48 19.65 19.81 19.96 20.11 20.25 20.39 20.53 20.67 20.81 20.95 21.10 21.26 21.43 21.60 21.78 21.93 22.06 22.16 22.23 22.28 22.33 22.36 22.37 22.33 22.22 22.04 21.77 21.44 21.05 20.59 20.09 19.54 18.95 18.32 17.66 16.97 16.27 15.55 14.82 14.09 13.35 12.57 11.76 10.91
0.63 1.00 1.39 1.80 2.22 2.66 3.12 3.64 4.20 4.82 5.47 6.16 6.88 7.63 8.39 9.17 9.96 10.75 11.54 12.33 13.10 13.85 14.57 15.25 15.88 16.46 16.97 17.42 17.80 18.12 18.40 18.64 18.86 19.06 19.25 19.43 19.60 19.77 19.93 20.09 20.24 20.40 20.56 20.72 20.89 21.06 21.25 21.44 21.63 21.81 21.97 22.10 22.21 22.28 22.35 22.40 22.43 22.46 22.46 22.42 22.30 22.10 21.83 21.48 21.07 20.61 20.08 19.52 18.90 18.26 17.58 16.87 16.14 15.40 14.64 13.83 12.97 12.07 11.14
0.58 0.94 1.32 1.72 2.14 2.57 3.02 3.49 4.01 4.58 5.19 5.84 6.53 7.25 7.99 8.76 9.53 10.31 11.10 11.88 12.66 13.41 14.13 14.81 15.46 16.05 16.58 17.05 17.44 17.78 18.07 18.32 18.55 18.75 18.95 19.13 19.31 19.49 19.66 19.83 20.00 20.17 20.35 20.52 20.71 20.91 21.11 21.32 21.51 21.69 21.86 22.00 22.11 22.19 22.26 22.32 22.37 22.41 22.42 22.42 22.37 22.24 22.03 21.74 21.39 20.96 20.48 19.94 19.36 18.73 18.06 17.36 16.64 15.88 15.06 14.19 13.26 12.29 11.28
0.55 0.91 1.28 1.68 2.09 2.51 2.95 3.40 3.88 4.39 4.96 5.58 6.23 6.92 7.63 8.37 9.12 9.89 10.67 11.44 12.21 12.95 13.67 14.36 15.00 15.60 16.15 16.63 17.04 17.39 17.68 17.94 18.16 18.37 18.56 18.75 18.94 19.12 19.30 19.47 19.65 19.83 20.02 20.21 20.42 20.63 20.84 21.05 21.25 21.44 21.61 21.75 21.87 21.97 22.05 22.12 22.18 22.22 22.25 22.26 22.25 22.19 22.06 21.84 21.54 21.17 20.73 20.24 19.68 19.08 18.44 17.75 17.02 16.22 15.36 14.43 13.45 12.41 11.33
0.55 0.90 1.27 1.65 2.06 2.48 2.91 3.35 3.80 4.28 4.79 5.36 5.97 6.62 7.30 8.01 8.74 9.49 10.25 11.00 11.75 12.49 13.20 13.88 14.53 15.13 15.69 16.18 16.59 16.95 17.24 17.50 17.72 17.92 18.11 18.29 18.48 18.66 18.84 19.02 19.20 19.39 19.59 19.79 20.00 20.22 20.44 20.66 20.86 21.05 21.23 21.38 21.51 21.61 21.70 21.79 21.86 21.92 21.96 21.99 21.99 21.98 21.91 21.76 21.53 21.22 20.84 20.39 19.88 19.32 18.70 18.02 17.27 16.44 15.54 14.57 13.53 12.44 11.30
0.57 0.91 1.27 1.65 2.05 2.46 2.88 3.32 3.76 4.22 4.69 5.20 5.77 6.37 7.01 7.69 8.39 9.11 9.84 10.57 11.30 12.02 12.72 13.39 14.04 14.64 15.20 15.69 16.11 16.46 16.76 17.01 17.22 17.41 17.58 17.75 17.93 18.11 18.29 18.47 18.65 18.85 19.05 19.25 19.47 19.69 19.92 20.14 20.35 20.55 20.73 20.90 21.03 21.15 21.25 21.34 21.42 21.50 21.56 21.60 21.62 21.62 21.60 21.53 21.37 21.13 20.81 20.42 19.96 19.43 18.84 18.16 17.39 16.54 15.61 14.60 13.53 12.39 11.20
0.61 0.94 1.30 1.67 2.06 2.46 2.87 3.30 3.74 4.18 4.64 5.10 5.61 6.17 6.77 7.40 8.07 8.75 9.45 10.16 10.86 11.56 12.24 12.90 13.53 14.13 14.68 15.18 15.60 15.94 16.23 16.47 16.67 16.84 17.00 17.15 17.30 17.47 17.64 17.82 18.00 18.19 18.39 18.60 18.83 19.05 19.28 19.51 19.73 19.94 20.13 20.30 20.45 20.57 20.68 20.79 20.89 20.98 21.05 21.11 21.15 21.17 21.17 21.14 21.06 20.89 20.65 20.32 19.91 19.43 18.84 18.16 17.39 16.52 15.57 14.54 13.44 12.27 11.04
0.66 0.99 1.33 1.70 2.08 2.47 2.88 3.30 3.73 4.17 4.61 5.06 5.52 6.02 6.57 7.16 7.78 8.42 9.08 9.76 10.43 11.10 11.76 12.40 13.02 13.61 14.16 14.65 15.06 15.39 15.67 15.89 16.08 16.23 16.36 16.48 16.61 16.74 16.90 17.07 17.25 17.43 17.63 17.85 18.08 18.31 18.54 18.78 19.01 19.22 19.42 19.61 19.76 19.90 20.02 20.14 20.26 20.36 20.45 20.53 20.59 20.63 20.65 20.64 20.61 20.52 20.35 20.09 19.74 19.28 18.71 18.04 17.26 16.40 15.44 14.40 13.28 12.08 10.81
0.72 1.04 1.38 1.74 2.11 2.50 2.90 3.31 3.73 4.16 4.60 5.03 5.48 5.93 6.42 6.96 7.53 8.13 8.74 9.38 10.02 10.66 11.29 11.91 12.51 13.08 13.62 14.09 14.49 14.82 15.07 15.28 15.44 15.57 15.67 15.76 15.85 15.95 16.07 16.22 16.39 16.57 16.78 17.00 17.23 17.47 17.71 17.96 18.19 18.42 18.63 18.82 18.99 19.14 19.28 19.41 19.54 19.66 19.77 19.87 19.95 20.01 20.05 20.06 20.05 20.01 19.92 19.73 19.42 18.99 18.44 17.79 17.03 16.17 15.21 14.17 13.04 11.83 10.54
0.80 1.11 1.44 1.79 2.16 2.54 2.93 3.33 3.75 4.17 4.59 5.02 5.45 5.89 6.33 6.80 7.32 7.86 8.44 9.02 9.62 10.23 10.83 11.42 12.00 12.55 13.07 13.53 13.91 14.22 14.45 14.63 14.77 14.86 14.93 14.99 15.05 15.10 15.18 15.29 15.44 15.62 15.83 16.06 16.30 16.55 16.80 17.05 17.30 17.53 17.76 17.96 18.14 18.30 18.45 18.60 18.75 18.89 19.01 19.13 19.23 19.31 19.37 19.41 19.43 19.41 19.36 19.22 18.95 18.56 18.05 17.43 16.69 15.85 14.91 13.87 12.74 11.52 10.23
0.88 1.19 1.51 1.85 2.21 2.58 2.97 3.36 3.77 4.18 4.59 5.02 5.44 5.86 6.28 6.70 7.16 7.65 8.16 8.70 9.26 9.82 10.39 10.95 11.49 12.02 12.52 12.96 13.32 13.60 13.81 13.96 14.06 14.12 14.16 14.18 14.19 14.20 14.23 14.30 14.42 14.60 14.81 15.04 15.29 15.55 15.81 16.07 16.33 16.57 16.81 17.03 17.22 17.40 17.56 17.73 17.89 18.05 18.19 18.33 18.45 18.56 18.64 18.70 18.74 18.75 18.69 18.57 18.35 18.01 17.54 16.96 16.25 15.44 14.52 13.50 12.38 11.17 9.87
0.97 1.27 1.59 1.92 2.27 2.63 3.01 3.39 3.79 4.19 4.60 5.01 5.43 5.84 6.24 6.64 7.04 7.47 7.94 8.42 8.93 9.45 9.97 10.49 11.00 11.50 11.97 12.39 12.73 12.98 13.15 13.27 13.33 13.35 13.35 13.32 13.28 13.25 13.24 13.28 13.37 13.52 13.72 13.96 14.22 14.48 14.75 15.03 15.29 15.55 15.80 16.03 16.24 16.43 16.61 16.80 16.98 17.15 17.32 17.48 17.62 17.75 17.86 17.95 18.00 18.00 17.94 17.82 17.62 17.34 16.92 16.39 15.73 14.95 14.06 13.07 11.97 10.77 9.49
1.07 1.36 1.66 1.99 2.33 2.68 3.05 3.43 3.81 4.21 4.61 5.01 5.42 5.82 6.21 6.60 6.98 7.35 7.75 8.18 8.63 9.10 9.58 10.06 10.53 10.99 11.44 11.83 12.13 12.34 12.48 12.56 12.58 12.56 12.50 12.43 12.34 12.27 12.23 12.25 12.31 12.42 12.59 12.82 13.09 13.36 13.64 13.93 14.21 14.48 14.74 14.99 15.21 15.42 15.62 15.82 16.02 16.21 16.40 16.58 16.74 16.90 17.03 17.14 17.19 17.19 17.13 17.01 16.82 16.56 16.20 15.72 15.12 14.39 13.54 12.58 11.51 10.35 9.08
1.16 1.44 1.74 2.06 2.39 2.73 3.09 3.46 3.84 4.22 4.62 5.01 5.41 5.80 6.19 6.56 6.93 7.28 7.62 7.99 8.38 8.80 9.22 9.65 10.08 10.50 10.91 11.27 11.53 11.71 11.81 11.84 11.81 11.74 11.64 11.51 11.38 11.29 11.23 11.22 11.25 11.33 11.46 11.66 11.91 12.20 12.49 12.78 13.08 13.36 13.64 13.90 14.14 14.36 14.58 14.80 15.02 15.24 15.45 15.65 15.84 16.01 16.16 16.27 16.33 16.33 16.27 16.15 15.96 15.71 15.39 14.97 14.43 13.75 12.96 12.05 11.02 9.89 8.65
1.25 1.52 1.81 2.12 2.44 2.78 3.13 3.49 3.86 4.24 4.62 5.01 5.40 5.78 6.16 6.53 6.88 7.22 7.54 7.85 8.18 8.53 8.90 9.28 9.66 10.04 10.41 10.72 10.95 11.08 11.13 11.11 11.04 10.91 10.75 10.59 10.44 10.33 10.25 10.21 10.21 10.25 10.35 10.51 10.72 10.99 11.30 11.61 11.91 12.22 12.51 12.78 13.04 13.28 13.52 13.76 14.00 14.23 14.47 14.69 14.90 15.10 15.25 15.36 15.41 15.42 15.36 15.25 15.08 14.83 14.53 14.14 13.67 13.06 12.33 11.48 10.50 9.41 8.22
1.34 1.60 1.88 2.18 2.50 2.82 3.16 3.52 3.88 4.25 4.63 5.01 5.39 5.77 6.13 6.49 6.84 7.16 7.47 7.76 8.03 8.32 8.62 8.95 9.27 9.60 9.92 10.20 10.38 10.46 10.46 10.39 10.26 10.07 9.88 9.70 9.54 9.40 9.30 9.23 9.20 9.21 9.27 9.39 9.56 9.79 10.08 10.40 10.72 11.04 11.35 11.64 11.92 12.18 12.43 12.69 12.95 13.21 13.47 13.72 13.95 14.15 14.30 14.41 14.47 14.48 14.43 14.33 14.17 13.94 13.65 13.29 12.85 12.32 11.66 10.87 9.96 8.92 7.78
1.42 1.67 1.94 2.23 2.54 2.86 3.19 3.54 3.90 4.26 4.63 5.01 5.38 5.75 6.11 6.45 6.79 7.11 7.40 7.68 7.92 8.15 8.39 8.65 8.93 9.20 9.47 9.70 9.82 9.85 9.80 9.67 9.48 9.26 9.05 8.85 8.68 8.52 8.39 8.30 8.24 8.22 8.24 8.31 8.44 8.63 8.88 9.18 9.52 9.85 10.18 10.49 10.78 11.06 11.34 11.62 11.90 12.18 12.46 12.73 12.97 13.17 13.33 13.44 13.51 13.53 13.49 13.40 13.26 13.05 12.77 12.43 12.02 11.53 10.95 10.23 9.39 8.43 7.34
1.48 1.73 2.00 2.28 2.57 2.88 3.21 3.55 3.91 4.27 4.63 5.00 5.36 5.72 6.08 6.42 6.74 7.05 7.34 7.60 7.83 8.03 8.22 8.41 8.62 8.84 9.05 9.22 9.29 9.27 9.15 8.96 8.74 8.51 8.29 8.08 7.88 7.71 7.55 7.43 7.34 7.28 7.27 7.31 7.39 7.53 7.73 7.99 8.31 8.66 9.00 9.33 9.65 9.94 10.24 10.55 10.85 11.16 11.46 11.73 11.97 12.17 12.34 12.46 12.54 12.57 12.55 12.48 12.35 12.16 11.91 11.59 11.20 10.75 10.21 9.58 8.82 7.93 6.92
1.54 1.78 2.03 2.31 2.59 2.90 3.23 3.56 3.91 4.27 4.63 4.99 5.35 5.70 6.04 6.38 6.69 6.99 7.27 7.52 7.74 7.93 8.09 8.22 8.36 8.51 8.67 8.78 8.79 8.70 8.53 8.30 8.07 7.84 7.60 7.38 7.17 6.97 6.79 6.64 6.52 6.43 6.38 6.38 6.42 6.51 6.66 6.87 7.14 7.48 7.84 8.19 8.52 8.84 9.16 9.48 9.81 10.14 10.44 10.72 10.96 11.18 11.35 11.49 11.58 11.63 11.62 11.57 11.46 11.30 11.07 10.78 10.42 10.00 9.50 8.92 8.24 7.44 6.51
1.58 1.81 2.06 2.32 2.61 2.91 3.23 3.57 3.91 4.26 4.62 4.97 5.32 5.67 6.01 6.33 6.64 6.93 7.19 7.44 7.65 7.83 7.97 8.08 8.16 8.24 8.33 8.38 8.33 8.17 7.96 7.74 7.50 7.26 7.01 6.78 6.54 6.33 6.13 5.95 5.80 5.68 5.59 5.54 5.54 5.58 5.68 5.84 6.05 6.34 6.68 7.05 7.41 7.75 8.09 8.44 8.79 9.12 9.43 9.71 9.97 10.19 10.38 10.53 10.64 10.71 10.72 10.69 10.61 10.47 10.27 10.01 9.69 9.29 8.83 8.29 7.68 6.96 6.12
1.61 1.83 2.07 2.33 2.61 2.91 3.23 3.56 3.90 4.25 4.60 4.95 5.30 5.64 5.97 6.28 6.58 6.86 7.12 7.35 7.55 7.72 7.86 7.95 8.00 8.02 8.05 8.03 7.91 7.72 7.51 7.28 7.04 6.79 6.53 6.28 6.03 5.80 5.57 5.37 5.18 5.03 4.90 4.82 4.77 4.77 4.82 4.92 5.08 5.30 5.59 5.95 6.32 6.68 7.05 7.42 7.77 8.11 8.43 8.73 8.99 9.23 9.44 9.60 9.73 9.82 9.86 9.86 9.80 9.69 9.53 9.30 9.01 8.66 8.23 7.73 7.16 6.51 5.76
1.61 1.83 2.06 2.32 2.60 2.90 3.22 3.55 3.89 4.23 4.58 4.92 5.26 5.59 5.92 6.23 6.52 6.79 7.04 7.26 7.45 7.61 7.74 7.82 7.86 7.85 7.81 7.73 7.58 7.39 7.18 6.95 6.70 6.44 6.18 5.91 5.65 5.39 5.14 4.91 4.69 4.50 4.34 4.21 4.12 4.08 4.07 4.12 4.23 4.39 4.62 4.91 5.27 5.66 6.04 6.42 6.78 7.13 7.46 7.77 8.05 8.31 8.53 8.72 8.87 8.99 9.06 9.08 9.06 8.98 8.85 8.66 8.41 8.09 7.71 7.26 6.73 6.13 5.45
1.59 1.80 2.03 2.29 2.58 2.88 3.19 3.52 3.85 4.19 4.54 4.88 5.21 5.54 5.86 6.16 6.45 6.71 6.95 7.17 7.35 7.50 7.61 7.68 7.71 7.69 7.62 7.51 7.37 7.19 6.98 6.75 6.50 6.23 5.96 5.68 5.39 5.11 4.84 4.58 4.34 4.12 3.92 3.75 3.62 3.52 3.47 3.47 3.51 3.62 3.78 4.01 4.31 4.68 5.08 5.46 5.84 6.20 6.55 6.87 7.17 7.45 7.69 7.91 8.09 8.23 8.33 8.38 8.39 8.35 8.26 8.10 7.90 7.62 7.29 6.88 6.41 5.86 5.23
1.55 1.68 1.91 2.17 2.46 2.76 3.08 3.41 3.75 4.09 4.43 4.77 5.11 5.44 5.75 6.05 6.34 6.60 6.83 7.04 7.22 7.36 7.47 7.54 7.56 7.53 7.45 7.34 7.20 7.03 6.83 6.60 6.35 6.09 5.81 5.52 5.22 4.93 4.64 4.35 4.09 3.84 3.61 3.40 3.23 3.10 3.00 2.95 2.94 2.99 3.10 3.27 3.52 3.84 4.23 4.63 5.02 5.40 5.76 6.10 6.43 6.72 7.00 7.24 7.45 7.62 7.75 7.84 7.89 7.89 7.83 7.73 7.56 7.34 7.05 6.69 6.27 5.78 5.20
1.49 1.50 1.67 1.93 2.23 2.54 2.87 3.20 3.55 3.90 4.25 4.59 4.93 5.27 5.59 5.89 6.18 6.44 6.68 6.89 7.07 7.21 7.32 7.38 7.40 7.37 7.29 7.16 7.02 6.87 6.68 6.47 6.23 5.96 5.69 5.39 5.10 4.79 4.49 4.20 3.91 3.64 3.38 3.15 2.95 2.78 2.65 2.56 2.51 2.51 2.57 2.70 2.90 3.20 3.56 3.95 4.36 4.76 5.14 5.51 5.86 6.19 6.49 6.76 7.00 7.21 7.38 7.51 7.59 7.63 7.63 7.56 7.45 7.27 7.04 6.74 6.37 5.93 5.39
1.44 1.33 1.38 1.59 1.89 2.22 2.56 2.91 3.27 3.63 3.99 4.35 4.70 5.04 5.37 5.69 5.98 6.25 6.50 6.72 6.91 7.06 7.17 7.24 7.25 7.21 7.12 6.99 6.85 6.69 6.52 6.33 6.10 5.85 5.58 5.30 5.00 4.70 4.40 4.09 3.80 3.51 3.24 2.99 2.77 2.57 2.41 2.29 2.20 2.17 2.19 2.29 2.47 2.73 3.07 3.45 3.87 4.29 4.70 5.09 5.47 5.83 6.16 6.47 6.75 6.99 7.20 7.37 7.50 7.59 7.63 7.62 7.55 7.43 7.25 7.01 6.69 6.29 5.78
1.40 1.17 1.10 1.21 1.46 1.80 2.16 2.53 2.91 3.29 3.67 4.05 4.42 4.78 5.12 5.45 5.76 6.05 6.31 6.54 6.74 6.90 7.03 7.10 7.11 7.06 6.96 6.82 6.67 6.51 6.35 6.18 5.97 5.75 5.49 5.22 4.94 4.64 4.34 4.04 3.74 3.45 3.17 2.91 2.67 2.46 2.27 2.12 2.01 1.95 1.97 2.05 2.21 2.44 2.75 3.13 3.55 3.99 4.43 4.85 5.26 5.65 6.02 6.36 6.68 6.97 7.22 7.44 7.62 7.75 7.84 7.88 7.88 7.81 7.69 7.50 7.22 6.84 6.36
1.36 1.02 0.86 0.86 1.02 1.32 1.70 2.10 2.50 2.90 3.31 3.71 4.10 4.48 4.85 5.20 5.53 5.84 6.12 6.37 6.59 6.77 6.89 6.96 6.96 6.91 6.80 6.66 6.51 6.34 6.18 6.01 5.83 5.63 5.41 5.16 4.89 4.61 4.32 4.03 3.74 3.45 3.17 2.90 2.66 2.43 2.23 2.06 1.94 1.88 1.89 1.97 2.11 2.31 2.60 2.97 3.40 3.85 4.32 4.78 5.22 5.65 6.06 6.45 6.81 7.14 7.44 7.71 7.93 8.12 8.27 8.37 8.41 8.41 8.34 8.19 7.92 7.56 7.10
1.33 0.90 0.65 0.56 0.62 0.84 1.18 1.60 2.04 2.47 2.91 3.34 3.76 4.17 4.57 4.95 5.30 5.64 5.94 6.22 6.46 6.65 6.76 6.82 6.82 6.76 6.65 6.50 6.34 6.18 6.02 5.85 5.68 5.51 5.31 5.09 4.85 4.60 4.33 4.05 3.77 3.49 3.22 2.96 2.71 2.48 2.27 2.11 2.00 1.95 1.96 2.03 2.15 2.33 2.61 2.97 3.41 3.88 4.38 4.88 5.36 5.83 6.28 6.71 7.12 7.50 7.85 8.17 8.45 8.70 8.90 9.06 9.17 9.22 9.18 9.04 8.79 8.44 8.00
1.31 0.80 0.47 0.30 0.28 0.41 0.68 1.08 1.54 2.01 2.48 2.95 3.41 3.85 4.28 4.69 5.08 5.45 5.79 6.09 6.34 6.52 6.64 6.69 6.68 6.61 6.50 6.35 6.19 6.03 5.86 5.69 5.53 5.37 5.21 5.02 4.82 4.59 4.35 4.09 3.83 3.57 3.31 3.06 2.82 2.60 2.40 2.26 2.17 2.14 2.15 2.22 2.32 2.49 2.75 3.12 3.57 4.07 4.60 5.14 5.68 6.19 6.69 7.17 7.62 8.05 8.46 8.83 9.17 9.48 9.74 9.96 10.13 10.21 10.17 10.03 9.79 9.46 9.04
1.31 0.73 0.32 0.08 0.00 0.05 0.25 0.58 1.03 1.53 2.05 2.55 3.05 3.54 4.01 4.46 4.89 5.29 5.67 5.98 6.23 6.40 6.51 6.55 6.54 6.47 6.35 6.20 6.04 5.88 5.71 5.55 5.39 5.23 5.08 4.93 4.77 4.58 4.37 4.15 3.92 3.68 3.45 3.21 2.99 2.79 2.63 2.52 2.46 2.44 2.46 2.53 2.62 2.77 3.03 3.40 3.86 4.39 4.96 5.56 6.15 6.72 7.27 7.80 8.31 8.80 9.26 9.69 10.09 10.46 10.79 11.07 11.25 11.33 11.30 11.16 10.93 10.61 10.20
1.32 0.68 0.22 0.00 0.00 0.00 0.00 0.17 0.56 1.05 1.61 2.16 2.71 3.24 3.76 4.25 4.73 5.17 5.56 5.88 6.11 6.28 6.38 6.42 6.41 6.34 6.22 6.06 5.90 5.74 5.58 5.41 5.25 5.10 4.96 4.83 4.71 4.56 4.40 4.22 4.02 3.82 3.61 3.40 3.21 3.06 2.95 2.87 2.84 2.84 2.88 2.94 3.04 3.17 3.43 3.80 4.28 4.84 5.46 6.11 6.77 7.41 8.03 8.61 9.18 9.73 10.25 10.74 11.21 11.64 12.03 12.33 12.51 12.58 12.54 12.41 12.19 11.87 11.48
1.35 0.67 0.15 0.00 0.00 0.00 0.00 0.00 0.18 0.64 1.19 1.79 2.39 2.97 3.54 4.09 4.61 5.08 5.46 5.77 6.00 6.16 6.26 6.30 6.28 6.20 6.08 5.93 5.77 5.61 5.45 5.29 5.13 4.99 4.85 4.73 4.63 4.53 4.41 4.28 4.12 3.96 3.79 3.63 3.50 3.40 3.34 3.31 3.31 3.34 3.39 3.46 3.55 3.68 3.93 4.32 4.82 5.41 6.08 6.78 7.51 8.24 8.94 9.61 10.24 10.84 11.43 11.99 12.52 13.02 13.42 13.70 13.87 13.93 13.90 13.76 13.54 13.24 12.86
1.41 0.68 0.13 0.00 0.00 0.00 0.00 0.00 0.00 0.33 0.84 1.45 2.10 2.75 3.37 3.97 4.52 4.98 5.36 5.66 5.89 6.05 6.14 6.18 6.15 6.08 5.96 5.81 5.65 5.49 5.33 5.17 5.03 4.89 4.76 4.65 4.55 4.47 4.41 4.32 4.22 4.11 3.99 3.90 3.84 3.81 3.80 3.82 3.85 3.91 3.98 4.06 4.15 4.27 4.53 4.93 5.46 6.09 6.80 7.57 8.38 9.19 9.99 10.76 11.47 12.15 12.80 13.43 14.02 14.52 14.91 15.17 15.33 15.39 15.34 15.21 14.99 14.69 14.32
