data_processed/recharge/precip/Precip_2008_04.asc
ncols        168
nrows        136
xllcorner    455000
yllcorner    2107000
cellsize     500
NODATA_value     -99999
[rows 0 to 33 of 136, columns 0 to 76 of 168]
122.92 115.52 109.14 103.66 98.94 94.69 90.74 87.07 83.69 80.59 77.76 75.21 72.92 70.89 69.13 67.62 66.37 65.36 64.53 63.74 63.00 62.40 62.04 61.99 62.16 62.34 62.51 62.67 62.81 62.91 62.89 62.70 62.37 61.92 61.37 60.75 60.07 59.37 58.65 57.95 57.28 56.68 56.15 55.82 55.86 56.38 57.41 59.02 61.19 63.29 64.68 65.35 65.33 64.65 63.47 62.14 60.84 59.59 58.41 57.30 56.29 55.38 54.59 53.94 53.43 53.08 52.91 52.92 53.11 53.43 53.85 54.35 54.90 55.46 56.07 56.75 57.51
128.04 120.96 114.86 109.58 104.81 100.35 96.18 92.29 88.69 85.36 82.31 79.53 77.02 74.78 72.79 71.06 69.59 68.36 67.38 66.59 65.89 65.32 64.96 64.90 65.05 65.22 65.37 65.51 65.61 65.59 65.39 65.05 64.57 63.99 63.32 62.59 61.82 61.04 60.26 59.51 58.81 58.19 57.66 57.25 57.07 57.34 58.15 59.56 61.55 63.46 64.64 65.07 64.79 63.94 62.90 61.85 60.81 59.80 58.82 57.90 57.04 56.26 55.57 54.98 54.52 54.19 54.01 53.99 54.14 54.45 54.85 55.32 55.82 56.34 56.91 57.54 58.26
132.48 125.81 120.04 114.81 109.90 105.28 100.95 96.90 93.14 89.65 86.45 83.51 80.84 78.43 76.29 74.40 72.77 71.38 70.24 69.35 68.66 68.11 67.76 67.70 67.84 67.98 68.12 68.23 68.20 67.99 67.62 67.12 66.50 65.79 65.01 64.18 63.33 62.47 61.64 60.84 60.12 59.48 58.95 58.55 58.31 58.35 58.90 60.06 61.84 63.53 64.46 64.61 64.15 63.45 62.70 61.92 61.12 60.32 59.53 58.77 58.04 57.37 56.76 56.23 55.79 55.46 55.25 55.17 55.25 55.48 55.84 56.27 56.72 57.18 57.68 58.26 58.94
136.13 129.93 124.30 118.99 113.98 109.27 104.84 100.70 96.84 93.26 89.95 86.92 84.15 81.65 79.41 77.43 75.70 74.22 72.98 71.99 71.24 70.70 70.37 70.31 70.43 70.57 70.67 70.64 70.42 70.03 69.50 68.84 68.09 67.25 66.36 65.44 64.50 63.58 62.69 61.86 61.11 60.46 59.93 59.55 59.34 59.33 59.64 60.53 62.05 63.48 64.12 64.09 63.78 63.37 62.90 62.36 61.79 61.18 60.56 59.94 59.33 58.74 58.19 57.70 57.27 56.92 56.66 56.51 56.48 56.58 56.83 57.19 57.59 57.97 58.40 58.92 59.54
138.85 132.88 127.24 121.90 116.86 112.11 107.64 103.47 99.58 95.96 92.62 89.56 86.76 84.22 81.95 79.93 78.17 76.65 75.39 74.36 73.58 73.03 72.71 72.65 72.77 72.87 72.83 72.60 72.19 71.62 70.93 70.13 69.24 68.28 67.29 66.27 65.26 64.28 63.34 62.48 61.71 61.05 60.53 60.18 60.01 60.04 60.31 60.95 62.17 63.31 63.76 63.88 63.87 63.75 63.53 63.22 62.85 62.42 61.95 61.44 60.93 60.41 59.90 59.42 58.98 58.58 58.26 58.02 57.87 57.83 57.90 58.11 58.41 58.72 59.06 59.51 60.09
140.16 134.24 128.63 123.32 118.31 113.59 109.16 105.01 101.15 97.56 94.25 91.21 88.45 85.94 83.70 81.71 79.98 78.49 77.26 76.26 75.51 74.99 74.70 74.66 74.74 74.70 74.45 74.01 73.42 72.69 71.83 70.89 69.87 68.80 67.71 66.61 65.52 64.48 63.50 62.61 61.83 61.17 60.67 60.34 60.21 60.30 60.64 61.24 62.21 63.14 63.75 64.18 64.46 64.60 64.62 64.52 64.33 64.06 63.71 63.31 62.87 62.40 61.91 61.42 60.95 60.50 60.09 59.73 59.44 59.23 59.12 59.11 59.22 59.41 59.67 60.07 60.61
139.89 134.05 128.52 123.30 118.36 113.72 109.37 105.31 101.53 98.03 94.80 91.84 89.16 86.73 84.57 82.67 81.02 79.62 78.46 77.55 76.88 76.45 76.24 76.27 76.27 76.00 75.55 74.92 74.14 73.24 72.23 71.14 70.00 68.82 67.63 66.44 65.29 64.20 63.18 62.26 61.46 60.81 60.32 60.03 59.94 60.09 60.50 61.19 62.16 63.25 64.17 64.90 65.46 65.85 66.09 66.19 66.17 66.03 65.80 65.49 65.11 64.67 64.19 63.69 63.16 62.64 62.13 61.65 61.20 60.81 60.49 60.25 60.10 60.03 60.18 60.53 61.02
139.11 133.37 127.93 122.78 117.94 113.39 109.13 105.15 101.46 98.05 94.91 92.04 89.44 87.11 85.03 83.22 81.65 80.34 79.28 78.46 77.87 77.53 77.42 77.59 77.66 77.26 76.58 75.75 74.78 73.70 72.53 71.30 70.02 68.72 67.42 66.15 64.92 63.77 62.70 61.75 60.93 60.27 59.79 59.52 59.47 59.68 60.15 60.92 61.99 63.24 64.46 65.51 66.35 67.00 67.47 67.77 67.93 67.95 67.84 67.63 67.32 66.92 66.46 65.94 65.39 64.80 64.20 63.60 63.01 62.45 61.93 61.46 60.99 60.45 60.26 60.52 60.98
138.22 132.64 127.27 122.21 117.44 112.97 108.78 104.88 101.26 97.93 94.86 92.07 89.55 87.29 85.29 83.55 82.07 80.83 79.85 79.10 78.60 78.34 78.36 78.67 78.89 78.55 77.73 76.68 75.51 74.24 72.90 71.51 70.09 68.66 67.24 65.87 64.55 63.32 62.20 61.20 60.35 59.67 59.19 58.93 58.91 59.15 59.69 60.53 61.70 63.04 64.42 65.75 66.90 67.83 68.55 69.08 69.43 69.62 69.66 69.57 69.35 69.02 68.59 68.08 67.51 66.88 66.21 65.51 64.80 64.08 63.38 62.65 61.75 60.72 60.03 59.98 60.37
137.10 131.80 126.58 121.59 116.88 112.47 108.35 104.51 100.96 97.68 94.69 91.96 89.50 87.31 85.37 83.70 82.28 81.11 80.18 79.50 79.07 78.93 79.09 79.53 79.88 79.67 78.90 77.71 76.33 74.86 73.33 71.77 70.19 68.62 67.08 65.59 64.17 62.85 61.66 60.60 59.71 59.01 58.51 58.25 58.24 58.52 59.12 60.05 61.29 62.71 64.18 65.66 67.09 68.32 69.31 70.09 70.66 71.04 71.25 71.29 71.18 70.93 70.56 70.09 69.51 68.86 68.14 67.36 66.55 65.70 64.78 63.66 62.31 60.83 59.69 59.19 59.29
135.72 130.74 125.80 120.93 116.28 111.92 107.85 104.06 100.56 97.34 94.39 91.72 89.31 87.17 85.29 83.67 82.30 81.18 80.31 79.69 79.36 79.34 79.62 80.18 80.65 80.55 79.89 78.74 77.21 75.54 73.81 72.07 70.32 68.59 66.91 65.30 63.77 62.35 61.07 59.95 59.00 58.26 57.74 57.47 57.47 57.80 58.47 59.46 60.78 62.27 63.82 65.38 66.95 68.45 69.74 70.78 71.59 72.18 72.57 72.77 72.79 72.65 72.36 71.93 71.38 70.72 69.97 69.13 68.23 67.21 65.96 64.44 62.69 60.80 59.25 58.34 58.04
134.11 129.44 124.79 120.18 115.65 111.33 107.30 103.55 100.09 96.91 94.00 91.37 89.00 86.90 85.06 83.48 82.15 81.07 80.25 79.72 79.50 79.59 79.97 80.64 81.20 81.20 80.64 79.58 78.08 76.26 74.33 72.39 70.46 68.57 66.73 64.98 63.33 61.81 60.43 59.23 58.22 57.42 56.86 56.58 56.62 57.01 57.73 58.79 60.17 61.74 63.34 64.98 66.62 68.26 69.81 71.14 72.20 73.03 73.62 73.99 74.16 74.15 73.95 73.59 73.09 72.44 71.68 70.81 69.78 68.47 66.87 65.00 62.90 60.64 58.72 57.44 56.77
132.28 127.91 123.56 119.23 114.93 110.72 106.72 103.00 99.56 96.41 93.53 90.92 88.58 86.51 84.70 83.14 81.84 80.80 80.05 79.62 79.50 79.68 80.16 80.91 81.56 81.64 81.16 80.18 78.76 76.95 74.87 72.72 70.60 68.53 66.54 64.63 62.85 61.21 59.72 58.43 57.34 56.48 55.89 55.63 55.71 56.15 56.93 58.04 59.48 61.10 62.77 64.46 66.17 67.87 69.55 71.14 72.48 73.55 74.37 74.94 75.28 75.41 75.33 75.06 74.62 74.01 73.25 72.30 71.04 69.44 67.53 65.35 62.93 60.35 58.10 56.49 55.50
130.25 126.17 122.10 118.04 114.02 110.02 106.11 102.41 98.99 95.85 92.99 90.40 88.07 86.02 84.22 82.68 81.40 80.43 79.77 79.42 79.38 79.63 80.18 81.01 81.73 81.88 81.46 80.55 79.19 77.43 75.35 73.06 70.74 68.48 66.31 64.24 62.31 60.54 58.94 57.54 56.36 55.44 54.86 54.63 54.76 55.24 56.06 57.22 58.71 60.38 62.10 63.85 65.60 67.36 69.10 70.81 72.40 73.75 74.81 75.60 76.13 76.41 76.47 76.31 75.95 75.40 74.61 73.47 71.96 70.11 67.94 65.50 62.80 59.94 57.41 55.52 54.23
128.04 124.24 120.44 116.65 112.88 109.14 105.44 101.81 98.40 95.26 92.40 89.81 87.49 85.44 83.64 82.12 80.89 79.99 79.40 79.12 79.14 79.46 80.07 80.95 81.72 81.92 81.56 80.69 79.38 77.67 75.63 73.32 70.85 68.39 66.03 63.80 61.71 59.79 58.06 56.54 55.28 54.36 53.80 53.60 53.76 54.27 55.13 56.33 57.87 59.58 61.35 63.14 64.94 66.74 68.53 70.28 72.00 73.59 74.91 75.93 76.67 77.14 77.36 77.33 77.07 76.53 75.60 74.27 72.56 70.49 68.11 65.45 62.52 59.42 56.65 54.51 52.99
125.67 122.14 118.60 115.07 111.55 108.05 104.58 101.14 97.79 94.65 91.78 89.18 86.85 84.79 83.00 81.51 80.34 79.50 78.97 78.74 78.81 79.17 79.82 80.74 81.55 81.78 81.46 80.62 79.34 77.66 75.66 73.37 70.87 68.26 65.70 63.28 61.02 58.95 57.08 55.46 54.18 53.27 52.73 52.55 52.74 53.27 54.16 55.40 56.96 58.72 60.52 62.35 64.19 66.02 67.85 69.64 71.40 73.10 74.66 75.94 76.91 77.58 77.97 78.09 77.89 77.26 76.19 74.71 72.83 70.60 68.05 65.20 62.09 58.79 55.82 53.49 51.76
123.16 119.89 116.61 113.32 110.04 106.77 103.52 100.30 97.13 94.03 91.14 88.52 86.17 84.10 82.33 80.89 79.77 78.97 78.48 78.29 78.39 78.78 79.46 80.40 81.23 81.48 81.17 80.36 79.09 77.43 75.43 73.16 70.67 68.02 65.30 62.69 60.25 58.01 56.01 54.36 53.08 52.18 51.65 51.49 51.69 52.24 53.15 54.41 56.01 57.79 59.62 61.48 63.35 65.21 67.07 68.89 70.68 72.41 74.08 75.59 76.81 77.70 78.28 78.51 78.28 77.56 76.38 74.78 72.79 70.44 67.76 64.77 61.51 58.06 54.94 52.45 50.57
120.52 117.51 114.47 111.42 108.37 105.32 102.29 99.28 96.30 93.36 90.50 87.86 85.48 83.42 81.69 80.28 79.19 78.42 77.95 77.77 77.90 78.30 78.99 79.94 80.77 81.03 80.72 79.91 78.64 76.98 74.98 72.70 70.21 67.55 64.78 62.01 59.38 56.98 54.94 53.28 52.00 51.10 50.57 50.41 50.62 51.19 52.11 53.39 55.00 56.81 58.66 60.54 62.43 64.32 66.20 68.05 69.86 71.61 73.30 74.91 76.35 77.49 78.23 78.47 78.19 77.41 76.18 74.51 72.45 70.02 67.24 64.16 60.80 57.24 54.00 51.41 49.41
117.78 115.01 112.21 109.38 106.55 103.72 100.89 98.07 95.29 92.53 89.82 87.20 84.83 82.79 81.08 79.69 78.61 77.85 77.39 77.22 77.34 77.74 78.43 79.36 80.19 80.43 80.11 79.28 78.00 76.32 74.31 72.01 69.49 66.81 64.02 61.18 58.42 55.96 53.90 52.23 50.94 50.03 49.50 49.34 49.55 50.12 51.05 52.34 53.96 55.79 57.65 59.55 61.45 63.36 65.25 67.11 68.94 70.71 72.41 74.04 75.57 76.87 77.67 77.91 77.62 76.84 75.59 73.90 71.81 69.33 66.51 63.38 59.96 56.34 53.03 50.36 48.30
114.96 112.42 109.84 107.24 104.61 101.98 99.35 96.72 94.11 91.53 88.99 86.55 84.25 82.22 80.52 79.13 78.05 77.28 76.81 76.63 76.74 77.12 77.78 78.70 79.49 79.71 79.36 78.50 77.19 75.47 73.42 71.09 68.54 65.82 62.99 60.15 57.44 55.00 52.91 51.22 49.91 48.99 48.44 48.27 48.48 49.04 49.98 51.26 52.90 54.72 56.60 58.50 60.41 62.32 64.22 66.10 67.93 69.71 71.42 73.06 74.54 75.74 76.55 76.84 76.60 75.85 74.62 72.95 70.87 68.40 65.58 62.43 59.00 55.35 52.02 49.32 47.23
112.08 109.75 107.39 104.99 102.57 100.13 97.68 95.24 92.80 90.39 88.05 85.82 83.70 81.73 80.01 78.61 77.51 76.72 76.23 76.02 76.10 76.45 77.07 77.95 78.70 78.87 78.48 77.57 76.21 74.45 72.35 69.96 67.36 64.58 61.74 58.99 56.42 54.06 51.97 50.25 48.92 47.97 47.41 47.23 47.41 47.97 48.90 50.18 51.81 53.64 55.51 57.41 59.32 61.23 63.13 65.01 66.84 68.62 70.33 71.91 73.23 74.24 74.94 75.28 75.11 74.44 73.28 71.67 69.64 67.22 64.44 61.33 57.92 54.30 50.98 48.30 46.23
109.14 107.03 104.88 102.68 100.44 98.19 95.91 93.64 91.37 89.16 87.04 85.01 83.08 81.26 79.58 78.15 77.02 76.19 75.65 75.40 75.43 75.74 76.31 77.12 77.82 77.93 77.48 76.51 75.08 73.25 71.09 68.64 65.96 63.16 60.41 57.79 55.34 53.09 51.07 49.34 47.98 47.00 46.41 46.20 46.37 46.91 47.82 49.09 50.71 52.53 54.39 56.28 58.19 60.09 61.99 63.85 65.68 67.45 69.10 70.51 71.62 72.45 73.00 73.26 73.18 72.62 71.58 70.07 68.14 65.81 63.11 60.08 56.74 53.18 49.92 47.30 45.29
106.18 104.28 102.31 100.30 98.25 96.17 94.06 91.95 89.88 87.88 85.96 84.12 82.37 80.72 79.16 77.75 76.57 75.69 75.10 74.79 74.76 75.00 75.50 76.24 76.86 76.90 76.37 75.32 73.81 71.91 69.66 67.13 64.41 61.70 59.07 56.58 54.24 52.09 50.16 48.48 47.10 46.08 45.46 45.22 45.36 45.87 46.75 48.00 49.61 51.41 53.26 55.13 57.02 58.91 60.79 62.64 64.45 66.15 67.63 68.83 69.76 70.42 70.82 70.97 70.85 70.41 69.52 68.16 66.37 64.17 61.60 58.69 55.46 52.00 48.85 46.33 44.41
103.22 101.50 99.73 97.89 96.01 94.09 92.15 90.24 88.38 86.57 84.84 83.18 81.59 80.10 78.69 77.37 76.19 75.24 74.58 74.20 74.09 74.24 74.66 75.31 75.84 75.79 75.17 74.02 72.42 70.42 68.07 65.49 62.86 60.27 57.77 55.39 53.15 51.09 49.23 47.61 46.26 45.22 44.55 44.27 44.37 44.85 45.71 46.93 48.51 50.29 52.11 53.96 55.83 57.70 59.55 61.38 63.11 64.63 65.90 66.91 67.67 68.18 68.46 68.49 68.28 67.84 67.10 65.94 64.33 62.31 59.91 57.15 54.08 50.77 47.76 45.39 43.62
100.26 98.73 97.13 95.47 93.75 91.99 90.24 88.53 86.86 85.25 83.69 82.19 80.76 79.40 78.12 76.93 75.83 74.86 74.11 73.63 73.43 73.49 73.80 74.35 74.78 74.62 73.88 72.63 70.92 68.80 66.39 63.89 61.39 58.93 56.54 54.26 52.11 50.12 48.32 46.75 45.43 44.41 43.70 43.38 43.44 43.87 44.69 45.88 47.42 49.17 50.96 52.79 54.62 56.46 58.28 60.03 61.57 62.88 63.95 64.78 65.39 65.77 65.93 65.86 65.59 65.10 64.39 63.41 62.03 60.23 58.04 55.49 52.62 49.50 46.68 44.50 42.91
97.34 95.98 94.54 93.04 91.48 89.91 88.37 86.85 85.36 83.92 82.52 81.17 79.88 78.65 77.49 76.41 75.40 74.49 73.69 73.11 72.79 72.74 72.94 73.37 73.67 73.39 72.53 71.15 69.31 67.12 64.79 62.42 60.05 57.70 55.41 53.22 51.14 49.21 47.47 45.93 44.64 43.62 42.91 42.54 42.55 42.94 43.71 44.85 46.36 48.06 49.82 51.61 53.40 55.20 56.94 58.49 59.81 60.92 61.81 62.49 62.95 63.22 63.27 63.13 62.80 62.27 61.55 60.64 59.48 57.94 56.01 53.71 51.07 48.19 45.61 43.65 42.30
94.46 93.27 91.99 90.64 89.27 87.90 86.55 85.21 83.89 82.60 81.35 80.14 78.98 77.86 76.81 75.82 74.90 74.05 73.29 72.64 72.20 72.02 72.08 72.38 72.55 72.12 71.12 69.60 67.68 65.56 63.36 61.12 58.86 56.61 54.42 52.29 50.28 48.40 46.70 45.19 43.91 42.89 42.17 41.77 41.72 42.05 42.77 43.86 45.32 46.98 48.69 50.43 52.18 53.89 55.42 56.75 57.87 58.79 59.52 60.05 60.40 60.56 60.53 60.33 59.95 59.39 58.67 57.79 56.74 55.46 53.82 51.81 49.46 46.86 44.54 42.86 41.78
91.65 90.62 89.49 88.33 87.15 85.97 84.79 83.62 82.46 81.32 80.20 79.11 78.06 77.05 76.08 75.17 74.32 73.54 72.82 72.19 71.66 71.33 71.25 71.40 71.41 70.83 69.67 68.05 66.20 64.21 62.14 60.01 57.86 55.70 53.58 51.52 49.56 47.72 46.04 44.55 43.27 42.25 41.50 41.06 40.96 41.23 41.89 42.92 44.32 45.93 47.59 49.27 50.92 52.42 53.73 54.84 55.78 56.54 57.11 57.52 57.76 57.83 57.73 57.48 57.07 56.51 55.80 54.95 53.96 52.82 51.48 49.80 47.78 45.50 43.50 42.13 41.36
88.93 88.05 87.11 86.14 85.15 84.14 83.12 82.10 81.08 80.07 79.08 78.10 77.14 76.22 75.34 74.49 73.70 72.96 72.28 71.67 71.13 70.69 70.45 70.43 70.27 69.52 68.25 66.70 64.98 63.12 61.17 59.14 57.07 55.00 52.94 50.94 49.01 47.20 45.54 44.05 42.76 41.71 40.93 40.44 40.28 40.48 41.06 42.03 43.37 44.92 46.51 48.09 49.53 50.79 51.89 52.81 53.58 54.18 54.62 54.92 55.06 55.06 54.91 54.63 54.21 53.66 52.98 52.17 51.25 50.20 49.04 47.70 46.04 44.12 42.48 41.47 40.92
86.33 85.63 84.88 84.09 83.27 82.42 81.55 80.67 79.78 78.89 78.00 77.12 76.25 75.40 74.58 73.79 73.04 72.33 71.68 71.08 70.54 70.06 69.69 69.49 69.14 68.27 67.07 65.65 64.06 62.32 60.47 58.53 56.55 54.53 52.53 50.57 48.67 46.88 45.22 43.71 42.41 41.32 40.49 39.94 39.71 39.83 40.32 41.21 42.48 43.95 45.43 46.79 47.99 49.04 49.94 50.69 51.29 51.76 52.09 52.28 52.35 52.29 52.11 51.81 51.39 50.86 50.23 49.49 48.64 47.70 46.67 45.54 44.25 42.74 41.49 40.74 40.20
83.90 83.38 82.81 82.19 81.53 80.83 80.10 79.34 78.56 77.77 76.98 76.18 75.38 74.60 73.83 73.08 72.36 71.67 71.03 70.42 69.87 69.37 68.94 68.59 68.11 67.30 66.23 64.95 63.47 61.84 60.08 58.22 56.30 54.34 52.38 50.45 48.57 46.78 45.11 43.58 42.24 41.11 40.22 39.60 39.29 39.30 39.69 40.46 41.64 42.99 44.25 45.37 46.35 47.20 47.91 48.50 48.96 49.31 49.54 49.65 49.66 49.56 49.35 49.05 48.65 48.16 47.59 46.92 46.18 45.36 44.47 43.50 42.46 41.34 40.39 39.67 39.10
81.46 81.13 80.73 80.27 79.76 79.20 78.61 77.97 77.30 76.62 75.91 75.19 74.46 73.73 73.01 72.30 71.60 70.93 70.28 69.67 69.10 68.58 68.11 67.69 67.25 66.58 65.65 64.48 63.12 61.59 59.91 58.13 56.27 54.36 52.43 50.52 48.65 46.86 45.17 43.62 42.24 41.06 40.10 39.40 39.00 38.91 39.18 39.83 40.89 42.05 43.06 43.95 44.72 45.38 45.92 46.36 46.69 46.93 47.06 47.11 47.06 46.93 46.72 46.43 46.06 45.62 45.12 44.55 43.91 43.22 42.48 41.68 40.84 39.93 39.05 38.31 37.73
78.40 78.25 78.05 77.78 77.44 77.05 76.61 76.11 75.58 75.02 74.42 73.80 73.16 72.52 71.86 71.21 70.56 69.93 69.31 68.72 68.15 67.62 67.13 66.70 66.26 65.69 64.90 63.88 62.63 61.21 59.63 57.93 56.14 54.29 52.41 50.53 48.69 46.90 45.21 43.65 42.23 41.01 40.00 39.24 38.75 38.58 38.74 39.30 40.30 41.37 42.18 42.83 43.39 43.85 44.23 44.51 44.71 44.83 44.88 44.85 44.76 44.59 44.37 44.09 43.75 43.36 42.92 42.43 41.91 41.35 40.75 40.13 39.44 38.64 37.82 37.09 36.50
74.96 74.67 74.67 74.62 74.49 74.29 74.03 73.71 73.35 72.93 72.48 71.99 71.48 70.94 70.38 69.82 69.25 68.68 68.12 67.58 67.05 66.53 66.04 65.58 65.12 64.57 63.89 63.01 61.91 60.61 59.15 57.55 55.84 54.07 52.25 50.42 48.61 46.85 45.18 43.61 42.18 40.93 39.88 39.07 38.52 38.27 38.37 38.90 39.87 40.89 41.61 42.08 42.42 42.68 42.88 43.00 43.07 43.07 43.02 42.92 42.76 42.56 42.32 42.04 41.72 41.37 41.00 40.60 40.18 39.74 39.28 38.79 38.19 37.48 36.76 36.09 35.51
