data_processed/recharge/precip/Precip_1988_10.asc
ncols        168
nrows        136
xllcorner    455000
yllcorner    2107000
cellsize     500
NODATA_value     -99999
[rows 70 to 104 of 136, columns 0 to 78 of 168]
17.46 17.51 17.56 17.60 17.64 17.69 17.75 17.82 17.91 18.02 18.16 18.33 18.53 18.74 18.98 19.24 19.54 19.87 20.25 20.67 21.15 21.68 22.28 22.94 23.67 24.44 25.25 26.09 26.95 27.82 28.70 29.56 30.41 31.24 32.01 32.69 33.25 33.70 34.04 34.27 34.38 34.37 34.24 33.99 33.61 33.09 32.44 31.66 30.82 29.95 29.08 28.19 27.29 26.38 25.46 24.54 23.61 22.67 21.73 20.74 19.66 18.51 17.33 16.15 14.97 13.83 12.73 11.70 10.76 9.92 9.19 8.61 8.15 7.76 7.43 7.16 6.95 6.80 6.70
17.35 17.41 17.45 17.50 17.54 17.60 17.66 17.74 17.83 17.95 18.10 18.28 18.49 18.73 18.99 19.27 19.58 19.92 20.29 20.71 21.18 21.70 22.27 22.92 23.62 24.38 25.19 26.04 26.91 27.80 28.70 29.60 30.49 31.35 32.14 32.81 33.37 33.80 34.12 34.33 34.42 34.40 34.26 34.00 33.61 33.09 32.44 31.66 30.82 29.96 29.09 28.21 27.32 26.43 25.53 24.62 23.71 22.79 21.83 20.77 19.62 18.39 17.11 15.84 14.59 13.39 12.24 11.17 10.19 9.33 8.60 8.01 7.57 7.19 6.86 6.58 6.35 6.18 6.05
17.25 17.31 17.36 17.41 17.46 17.51 17.58 17.66 17.76 17.89 18.04 18.23 18.45 18.70 18.97 19.27 19.58 19.93 20.30 20.71 21.17 21.67 22.22 22.84 23.53 24.28 25.08 25.93 26.81 27.72 28.65 29.58 30.50 31.36 32.12 32.79 33.35 33.78 34.10 34.29 34.38 34.35 34.20 33.94 33.55 33.03 32.38 31.61 30.77 29.92 29.06 28.20 27.33 26.45 25.57 24.69 23.80 22.87 21.84 20.71 19.50 18.22 16.88 15.53 14.21 12.95 11.75 10.64 9.64 8.76 8.03 7.46 7.03 6.66 6.34 6.06 5.82 5.63 5.48
17.17 17.22 17.27 17.32 17.38 17.44 17.50 17.59 17.70 17.83 17.99 18.18 18.40 18.64 18.92 19.23 19.55 19.89 20.27 20.67 21.11 21.59 22.12 22.71 23.38 24.12 24.91 25.76 26.65 27.58 28.53 29.48 30.39 31.22 31.98 32.64 33.19 33.64 33.96 34.16 34.24 34.21 34.06 33.80 33.41 32.90 32.26 31.49 30.67 29.84 29.00 28.15 27.31 26.45 25.60 24.74 23.84 22.84 21.74 20.55 19.29 17.97 16.61 15.22 13.84 12.52 11.28 10.14 9.12 8.23 7.51 6.95 6.54 6.19 5.87 5.60 5.36 5.16 5.00
17.10 17.15 17.20 17.26 17.31 17.37 17.44 17.54 17.65 17.78 17.94 18.13 18.34 18.58 18.85 19.15 19.48 19.82 20.19 20.58 21.01 21.47 21.97 22.53 23.18 23.90 24.69 25.54 26.43 27.37 28.33 29.26 30.14 30.95 31.69 32.34 32.90 33.36 33.70 33.91 34.00 33.97 33.83 33.57 33.20 32.70 32.07 31.32 30.52 29.70 28.89 28.07 27.25 26.43 25.60 24.73 23.76 22.68 21.52 20.29 18.99 17.65 16.27 14.87 13.47 12.11 10.83 9.67 8.63 7.75 7.03 6.49 6.11 5.78 5.48 5.21 4.98 4.77 4.60
17.04 17.10 17.15 17.20 17.26 17.32 17.40 17.49 17.61 17.74 17.89 18.07 18.27 18.50 18.76 19.04 19.36 19.70 20.06 20.44 20.85 21.29 21.76 22.30 22.91 23.62 24.40 25.24 26.14 27.08 28.01 28.91 29.76 30.55 31.27 31.91 32.47 32.94 33.29 33.53 33.65 33.64 33.51 33.26 32.90 32.42 31.81 31.08 30.30 29.52 28.73 27.94 27.15 26.36 25.52 24.58 23.54 22.41 21.20 19.92 18.60 17.24 15.86 14.47 13.08 11.72 10.42 9.23 8.19 7.31 6.60 6.09 5.74 5.44 5.16 4.91 4.68 4.48 4.31
17.00 17.06 17.11 17.16 17.22 17.29 17.37 17.46 17.57 17.70 17.84 18.01 18.20 18.41 18.65 18.92 19.21 19.53 19.88 20.25 20.64 21.05 21.50 22.00 22.59 23.27 24.04 24.88 25.77 26.68 27.56 28.42 29.23 30.00 30.71 31.35 31.91 32.38 32.75 33.02 33.17 33.19 33.09 32.86 32.52 32.06 31.47 30.77 30.02 29.27 28.51 27.76 27.00 26.20 25.30 24.28 23.18 22.00 20.75 19.45 18.12 16.75 15.38 14.01 12.65 11.32 10.03 8.84 7.80 6.92 6.23 5.75 5.44 5.18 4.93 4.70 4.48 4.29 4.16
16.98 17.04 17.09 17.14 17.20 17.27 17.34 17.43 17.53 17.65 17.79 17.94 18.11 18.30 18.52 18.76 19.03 19.33 19.65 20.00 20.36 20.75 21.17 21.63 22.20 22.86 23.61 24.43 25.29 26.14 26.97 27.79 28.57 29.32 30.01 30.64 31.20 31.69 32.08 32.37 32.55 32.62 32.55 32.36 32.04 31.61 31.05 30.39 29.67 28.95 28.23 27.52 26.76 25.89 24.91 23.84 22.68 21.46 20.19 18.87 17.53 16.18 14.82 13.48 12.16 10.88 9.65 8.50 7.46 6.60 5.94 5.50 5.23 5.00 4.78 4.58 4.39 4.25 4.18
16.98 17.03 17.08 17.14 17.19 17.26 17.33 17.41 17.50 17.60 17.72 17.86 18.01 18.18 18.37 18.58 18.82 19.08 19.37 19.69 20.03 20.39 20.77 21.20 21.73 22.37 23.10 23.87 24.66 25.45 26.24 27.02 27.78 28.50 29.17 29.80 30.36 30.85 31.26 31.58 31.80 31.90 31.89 31.75 31.47 31.07 30.55 29.92 29.24 28.57 27.89 27.17 26.33 25.39 24.35 23.23 22.04 20.79 19.50 18.19 16.85 15.51 14.18 12.88 11.61 10.40 9.24 8.17 7.19 6.35 5.72 5.32 5.10 4.92 4.74 4.57 4.45 4.37 4.36
17.00 17.05 17.10 17.15 17.21 17.26 17.32 17.39 17.46 17.55 17.65 17.76 17.89 18.03 18.19 18.37 18.57 18.80 19.05 19.33 19.63 19.96 20.30 20.69 21.20 21.80 22.47 23.17 23.89 24.63 25.38 26.12 26.84 27.54 28.20 28.82 29.38 29.88 30.31 30.66 30.91 31.05 31.09 31.00 30.78 30.43 29.96 29.37 28.73 28.10 27.42 26.63 25.72 24.72 23.63 22.47 21.25 19.99 18.70 17.38 16.06 14.75 13.46 12.21 11.01 9.86 8.79 7.81 6.93 6.17 5.59 5.23 5.07 4.93 4.81 4.71 4.66 4.66 4.70
17.05 17.10 17.14 17.18 17.23 17.27 17.32 17.37 17.42 17.49 17.56 17.65 17.74 17.86 17.98 18.13 18.29 18.48 18.69 18.92 19.17 19.46 19.76 20.11 20.57 21.11 21.70 22.33 22.99 23.67 24.37 25.07 25.76 26.44 27.09 27.70 28.27 28.78 29.22 29.59 29.88 30.07 30.15 30.12 29.97 29.69 29.26 28.72 28.14 27.50 26.75 25.88 24.92 23.86 22.74 21.55 20.32 19.05 17.76 16.46 15.17 13.90 12.66 11.47 10.34 9.28 8.30 7.43 6.67 6.03 5.54 5.24 5.14 5.07 5.02 5.02 5.04 5.11 5.21
17.12 17.16 17.20 17.23 17.26 17.29 17.31 17.34 17.38 17.42 17.46 17.52 17.58 17.66 17.75 17.85 17.97 18.11 18.27 18.46 18.66 18.89 19.15 19.45 19.83 20.28 20.79 21.35 21.95 22.58 23.23 23.89 24.55 25.20 25.84 26.44 27.01 27.53 27.99 28.39 28.71 28.94 29.08 29.11 29.02 28.81 28.46 27.98 27.39 26.69 25.86 24.94 23.92 22.83 21.67 20.47 19.23 17.97 16.69 15.42 14.17 12.95 11.77 10.65 9.60 8.64 7.77 7.01 6.38 5.88 5.53 5.35 5.33 5.35 5.40 5.48 5.59 5.72 5.87
17.14 17.17 17.20 17.22 17.24 17.25 17.26 17.27 17.29 17.30 17.32 17.34 17.38 17.42 17.47 17.54 17.62 17.71 17.83 17.96 18.11 18.29 18.49 18.73 19.03 19.39 19.82 20.31 20.84 21.42 22.02 22.64 23.28 23.91 24.53 25.13 25.70 26.23 26.71 27.13 27.48 27.76 27.95 28.04 28.02 27.88 27.62 27.25 26.66 25.87 24.98 24.00 22.93 21.80 20.62 19.40 18.16 16.90 15.65 14.41 13.20 12.03 10.92 9.87 8.91 8.04 7.28 6.64 6.14 5.78 5.59 5.55 5.60 5.73 5.88 6.05 6.23 6.43 6.64
16.96 17.00 17.03 17.06 17.07 17.08 17.08 17.08 17.08 17.08 17.08 17.09 17.10 17.12 17.15 17.18 17.23 17.29 17.37 17.47 17.58 17.71 17.88 18.08 18.31 18.60 18.95 19.37 19.84 20.36 20.92 21.50 22.11 22.72 23.32 23.92 24.49 25.03 25.53 25.98 26.37 26.69 26.93 27.07 27.12 27.07 26.94 26.76 26.31 25.50 24.53 23.47 22.35 21.17 19.95 18.70 17.44 16.18 14.93 13.70 12.52 11.39 10.33 9.34 8.45 7.66 7.00 6.46 6.07 5.85 5.77 5.79 5.89 6.07 6.32 6.57 6.83 7.10 7.36
16.61 16.64 16.68 16.72 16.74 16.76 16.76 16.77 16.77 16.76 16.76 16.76 16.76 16.77 16.78 16.80 16.83 16.87 16.92 16.99 17.07 17.18 17.32 17.49 17.69 17.91 18.19 18.54 18.95 19.42 19.93 20.48 21.05 21.64 22.24 22.83 23.40 23.96 24.48 24.95 25.38 25.74 26.03 26.24 26.36 26.42 26.47 26.49 26.22 25.54 24.54 23.39 22.19 20.94 19.67 18.37 17.08 15.79 14.53 13.31 12.14 11.03 10.00 9.06 8.22 7.50 6.91 6.47 6.18 6.04 6.02 6.07 6.19 6.41 6.70 7.04 7.38 7.72 8.04
16.15 16.12 16.16 16.22 16.26 16.30 16.32 16.34 16.35 16.36 16.36 16.37 16.37 16.37 16.38 16.40 16.42 16.45 16.49 16.54 16.61 16.70 16.81 16.95 17.11 17.31 17.54 17.82 18.17 18.59 19.06 19.57 20.11 20.68 21.26 21.85 22.43 22.99 23.53 24.04 24.50 24.91 25.25 25.52 25.75 25.99 26.22 26.41 26.32 25.80 24.90 23.72 22.42 21.09 19.74 18.39 17.04 15.72 14.43 13.19 12.01 10.91 9.89 8.98 8.18 7.51 6.98 6.61 6.39 6.29 6.29 6.36 6.51 6.76 7.09 7.48 7.89 8.29 8.68
15.61 15.51 15.51 15.57 15.65 15.72 15.77 15.81 15.85 15.88 15.90 15.92 15.94 15.95 15.97 15.99 16.02 16.05 16.09 16.14 16.19 16.26 16.34 16.45 16.58 16.75 16.95 17.19 17.49 17.85 18.27 18.75 19.26 19.81 20.38 20.97 21.55 22.13 22.69 23.23 23.72 24.18 24.58 24.95 25.34 25.74 26.15 26.51 26.58 26.21 25.45 24.35 23.00 21.57 20.13 18.70 17.29 15.91 14.58 13.30 12.10 10.99 9.97 9.07 8.29 7.65 7.17 6.84 6.65 6.56 6.57 6.67 6.86 7.14 7.49 7.90 8.36 8.83 9.28
15.01 14.84 14.79 14.82 14.92 15.03 15.12 15.20 15.27 15.33 15.39 15.43 15.48 15.52 15.56 15.60 15.64 15.68 15.72 15.76 15.80 15.85 15.91 15.99 16.10 16.24 16.41 16.62 16.88 17.19 17.58 18.02 18.51 19.04 19.60 20.18 20.77 21.36 21.94 22.50 23.04 23.54 24.03 24.56 25.11 25.67 26.23 26.75 26.97 26.74 26.10 25.12 23.83 22.34 20.80 19.27 17.78 16.33 14.93 13.61 12.37 11.22 10.19 9.28 8.51 7.89 7.43 7.11 6.92 6.85 6.88 7.01 7.23 7.53 7.91 8.35 8.83 9.34 9.84
14.35 14.13 14.03 14.02 14.10 14.24 14.38 14.51 14.63 14.73 14.83 14.92 15.00 15.07 15.15 15.22 15.28 15.34 15.38 15.42 15.45 15.48 15.52 15.57 15.65 15.76 15.91 16.10 16.33 16.61 16.95 17.36 17.82 18.33 18.88 19.46 20.06 20.67 21.27 21.87 22.44 23.03 23.66 24.33 25.02 25.73 26.43 27.10 27.46 27.36 26.83 25.95 24.76 23.31 21.70 20.07 18.47 16.93 15.45 14.06 12.77 11.58 10.51 9.58 8.80 8.18 7.71 7.39 7.20 7.14 7.20 7.36 7.61 7.95 8.36 8.82 9.33 9.85 10.39
13.65 13.38 13.24 13.20 13.25 13.38 13.57 13.76 13.94 14.10 14.25 14.39 14.52 14.64 14.76 14.87 14.95 15.02 15.07 15.10 15.12 15.13 15.15 15.18 15.23 15.32 15.44 15.61 15.82 16.08 16.39 16.77 17.21 17.70 18.24 18.82 19.42 20.04 20.67 21.30 21.95 22.66 23.43 24.23 25.06 25.90 26.74 27.54 28.02 28.04 27.62 26.83 25.72 24.34 22.75 21.03 19.32 17.67 16.11 14.63 13.26 12.01 10.90 9.93 9.12 8.48 8.00 7.68 7.50 7.45 7.53 7.72 8.01 8.39 8.83 9.32 9.84 10.39 10.94
12.92 12.61 12.43 12.36 12.40 12.52 12.71 12.96 13.21 13.44 13.65 13.86 14.05 14.23 14.40 14.54 14.64 14.72 14.77 14.80 14.81 14.81 14.81 14.81 14.84 14.90 15.01 15.15 15.34 15.58 15.88 16.23 16.64 17.12 17.65 18.23 18.84 19.48 20.13 20.83 21.59 22.43 23.31 24.24 25.19 26.15 27.12 28.04 28.64 28.75 28.43 27.72 26.67 25.35 23.81 22.10 20.29 18.52 16.85 15.27 13.81 12.49 11.30 10.28 9.44 8.78 8.30 7.97 7.80 7.77 7.87 8.10 8.43 8.84 9.32 9.84 10.38 10.95 11.51
12.16 11.82 11.62 11.53 11.55 11.67 11.87 12.14 12.45 12.76 13.05 13.33 13.60 13.84 14.05 14.21 14.34 14.43 14.48 14.51 14.52 14.51 14.48 14.46 14.47 14.51 14.59 14.72 14.89 15.12 15.39 15.73 16.13 16.59 17.11 17.69 18.31 18.96 19.68 20.47 21.35 22.29 23.29 24.33 25.39 26.46 27.54 28.57 29.27 29.48 29.24 28.59 27.61 26.33 24.82 23.13 21.31 19.44 17.63 15.94 14.38 12.96 11.70 10.63 9.77 9.09 8.60 8.27 8.11 8.10 8.23 8.49 8.87 9.32 9.82 10.37 10.95 11.53 12.11
11.40 11.03 10.81 10.71 10.73 10.85 11.06 11.35 11.69 12.08 12.46 12.83 13.17 13.47 13.71 13.90 14.04 14.14 14.21 14.24 14.24 14.22 14.18 14.13 14.11 14.14 14.20 14.31 14.46 14.67 14.93 15.26 15.64 16.09 16.61 17.19 17.82 18.52 19.32 20.22 21.20 22.24 23.33 24.47 25.63 26.80 27.98 29.11 29.90 30.19 30.01 29.43 28.48 27.24 25.75 24.07 22.25 20.34 18.43 16.60 14.92 13.39 12.08 10.98 10.09 9.40 8.90 8.58 8.43 8.44 8.60 8.90 9.31 9.80 10.34 10.92 11.53 12.14 12.74
10.64 10.25 10.02 9.92 9.94 10.07 10.30 10.61 10.99 11.43 11.90 12.35 12.75 13.09 13.36 13.58 13.75 13.86 13.93 13.97 13.96 13.93 13.87 13.81 13.77 13.78 13.82 13.91 14.05 14.25 14.50 14.81 15.18 15.62 16.13 16.71 17.38 18.16 19.05 20.04 21.10 22.23 23.41 24.64 25.89 27.15 28.41 29.62 30.50 30.85 30.73 30.19 29.28 28.06 26.58 24.90 23.06 21.13 19.16 17.21 15.40 13.81 12.45 11.33 10.41 9.71 9.21 8.89 8.75 8.78 8.97 9.31 9.77 10.30 10.88 11.49 12.13 12.76 13.38
9.89 9.49 9.26 9.16 9.19 9.35 9.60 9.94 10.36 10.84 11.37 11.88 12.33 12.70 13.01 13.26 13.44 13.58 13.66 13.69 13.69 13.65 13.58 13.49 13.44 13.42 13.45 13.53 13.65 13.83 14.07 14.37 14.73 15.17 15.67 16.28 17.01 17.87 18.84 19.90 21.04 22.24 23.50 24.80 26.13 27.46 28.80 30.09 31.03 31.44 31.37 30.86 29.97 28.76 27.28 25.58 23.72 21.75 19.73 17.72 15.86 14.22 12.82 11.67 10.73 10.02 9.51 9.20 9.08 9.13 9.35 9.73 10.24 10.81 11.43 12.08 12.74 13.40 14.05
9.17 8.77 8.53 8.45 8.50 8.68 8.96 9.35 9.82 10.34 10.88 11.40 11.89 12.31 12.65 12.93 13.14 13.28 13.38 13.42 13.41 13.37 13.28 13.18 13.11 13.07 13.09 13.15 13.26 13.43 13.66 13.95 14.30 14.73 15.25 15.91 16.70 17.62 18.65 19.78 20.98 22.25 23.58 24.94 26.33 27.73 29.12 30.48 31.48 31.93 31.89 31.40 30.52 29.31 27.82 26.09 24.20 22.18 20.12 18.13 16.28 14.61 13.19 12.00 11.05 10.33 9.82 9.51 9.41 9.48 9.74 10.16 10.71 11.33 11.99 12.68 13.37 14.06 14.73
8.48 8.09 7.86 7.80 7.88 8.08 8.41 8.84 9.35 9.89 10.43 10.95 11.44 11.89 12.27 12.58 12.81 12.98 13.09 13.13 13.13 13.08 12.98 12.86 12.77 12.72 12.72 12.77 12.87 13.03 13.25 13.53 13.88 14.32 14.89 15.60 16.43 17.39 18.47 19.65 20.90 22.23 23.60 25.02 26.46 27.91 29.36 30.76 31.81 32.29 32.27 31.79 30.92 29.69 28.17 26.41 24.46 22.41 20.38 18.44 16.63 14.99 13.54 12.33 11.36 10.63 10.12 9.82 9.73 9.84 10.13 10.60 11.20 11.87 12.57 13.29 14.02 14.74 15.43
7.84 7.46 7.25 7.21 7.33 7.58 7.95 8.42 8.94 9.47 10.00 10.51 11.00 11.46 11.87 12.21 12.47 12.66 12.78 12.83 12.83 12.77 12.66 12.53 12.43 12.37 12.35 12.39 12.48 12.63 12.84 13.12 13.48 13.97 14.58 15.32 16.18 17.16 18.27 19.48 20.78 22.14 23.56 25.01 26.49 27.98 29.47 30.92 31.99 32.50 32.49 32.01 31.12 29.86 28.31 26.50 24.52 22.51 20.55 18.68 16.92 15.30 13.87 12.64 11.66 10.92 10.42 10.13 10.06 10.20 10.52 11.03 11.69 12.40 13.15 13.91 14.68 15.43 16.15
7.26 6.89 6.72 6.71 6.86 7.16 7.58 8.06 8.56 9.07 9.58 10.09 10.58 11.03 11.45 11.82 12.10 12.31 12.45 12.51 12.51 12.45 12.34 12.19 12.07 12.00 11.97 12.00 12.08 12.22 12.43 12.72 13.12 13.65 14.29 15.05 15.92 16.92 18.03 19.25 20.58 21.97 23.41 24.89 26.40 27.92 29.44 30.91 32.01 32.53 32.51 32.02 31.10 29.81 28.20 26.36 24.44 22.53 20.65 18.85 17.14 15.57 14.16 12.95 11.96 11.21 10.71 10.44 10.39 10.55 10.92 11.48 12.18 12.95 13.74 14.55 15.35 16.13 16.88
6.75 6.41 6.27 6.30 6.50 6.84 7.26 7.71 8.19 8.68 9.18 9.68 10.16 10.61 11.03 11.40 11.71 11.94 12.09 12.17 12.17 12.11 11.99 11.83 11.70 11.61 11.58 11.60 11.67 11.81 12.03 12.35 12.79 13.34 14.00 14.77 15.65 16.64 17.74 18.96 20.27 21.68 23.14 24.64 26.16 27.70 29.23 30.72 31.83 32.34 32.31 31.79 30.84 29.50 27.87 26.10 24.29 22.48 20.69 18.96 17.32 15.80 14.42 13.22 12.24 11.49 11.00 10.74 10.71 10.91 11.31 11.92 12.68 13.50 14.34 15.19 16.03 16.85 17.62
6.32 6.01 5.91 6.00 6.24 6.57 6.96 7.38 7.83 8.31 8.79 9.27 9.74 10.19 10.60 10.97 11.29 11.54 11.71 11.79 11.80 11.74 11.61 11.44 11.30 11.21 11.16 11.17 11.24 11.39 11.64 12.00 12.46 13.02 13.69 14.46 15.34 16.31 17.40 18.58 19.87 21.25 22.71 24.22 25.75 27.29 28.83 30.32 31.42 31.92 31.87 31.31 30.30 28.94 27.40 25.76 24.08 22.38 20.69 19.04 17.46 15.99 14.66 13.49 12.51 11.77 11.27 11.03 11.03 11.26 11.71 12.37 13.18 14.05 14.94 15.84 16.72 17.57 18.34
5.98 5.72 5.66 5.79 6.02 6.32 6.67 7.06 7.49 7.94 8.40 8.86 9.32 9.75 10.16 10.53 10.84 11.10 11.28 11.39 11.40 11.34 11.20 11.02 10.87 10.77 10.72 10.73 10.81 10.98 11.26 11.63 12.10 12.67 13.34 14.10 14.96 15.91 16.96 18.11 19.35 20.68 22.11 23.60 25.12 26.66 28.19 29.67 30.76 31.24 31.14 30.54 29.51 28.25 26.86 25.37 23.82 22.23 20.65 19.09 17.59 16.17 14.88 13.75 12.79 12.05 11.55 11.32 11.34 11.61 12.10 12.81 13.68 14.61 15.55 16.49 17.41 18.26 18.99
5.74 5.53 5.52 5.63 5.82 6.07 6.38 6.74 7.14 7.56 8.00 8.44 8.88 9.30 9.70 10.06 10.38 10.63 10.83 10.94 10.96 10.90 10.76 10.57 10.42 10.31 10.25 10.27 10.37 10.57 10.86 11.24 11.71 12.27 12.92 13.66 14.49 15.41 16.42 17.51 18.70 19.97 21.33 22.77 24.27 25.79 27.30 28.76 29.82 30.26 30.12 29.50 28.59 27.50 26.27 24.94 23.52 22.06 20.58 19.11 17.69 16.35 15.11 14.01 13.08 12.35 11.85 11.61 11.65 11.95 12.49 13.25 14.19 15.17 16.16 17.14 18.07 18.87 19.55
5.63 5.45 5.42 5.48 5.62 5.83 6.10 6.43 6.79 7.18 7.59 8.01 8.43 8.84 9.22 9.57 9.88 10.14 10.33 10.45 10.48 10.42 10.28 10.09 9.92 9.81 9.76 9.80 9.92 10.12 10.41 10.79 11.25 11.79 12.42 13.12 13.92 14.79 15.74 16.78 17.90 19.09 20.37 21.73 23.16 24.64 26.12 27.56 28.58 28.97 28.81 28.32 27.60 26.70 25.65 24.47 23.20 21.86 20.50 19.14 17.80 16.53 15.35 14.30 13.40 12.69 12.19 11.94 11.96 12.28 12.87 13.69 14.68 15.72 16.77 17.76 18.63 19.39 20.03
5.61 5.42 5.33 5.33 5.42 5.59 5.82 6.10 6.43 6.78 7.17 7.56 7.96 8.34 8.71 9.05 9.35 9.60 9.79 9.91 9.95 9.90 9.75 9.55 9.38 9.28 9.25 9.29 9.42 9.63 9.91 10.27 10.70 11.22 11.81 12.47 13.21 14.03 14.92 15.88 16.92 18.03 19.22 20.47 21.80 23.20 24.64 26.03 27.00 27.38 27.37 27.09 26.58 25.87 24.99 23.98 22.86 21.66 20.42 19.16 17.92 16.73 15.62 14.62 13.76 13.06 12.58 12.32 12.33 12.63 13.24 14.12 15.18 16.27 17.33 18.27 19.09 19.81 20.41
