data_processed/recharge/precip/Precip_1987_10.asc
ncols        168
nrows        136
xllcorner    455000
yllcorner    2107000
cellsize     500
NODATA_value     -99999
[rows 74 to 110 of 136, columns 0 to 82 of 168]
11.25 12.06 12.87 13.65 14.41 15.13 15.81 16.45 17.10 17.83 18.65 19.51 20.35 21.15 21.89 22.55 23.12 23.57 23.89 24.05 24.03 23.84 23.53 23.08 22.51 21.80 20.95 19.96 18.83 17.55 16.12 14.55 12.89 11.20 9.49 7.87 6.35 4.97 3.72 2.64 1.72 0.99 0.46 0.15 0.05 0.04 0.04 0.03 0.02 0.02 0.01 0.00 0.00 0.00 0.00 0.00 0.00 0.00 0.00 0.00 0.00 0.00 0.00 0.00 0.00 0.00 0.00 0.00 0.02 0.05 0.07 0.09 0.10 0.11 0.11 0.11 0.11 0.10 0.08 0.07 0.06 0.04 0.03
10.84 11.66 12.46 13.26 14.02 14.76 15.45 16.10 16.70 17.31 17.96 18.64 19.33 19.99 20.62 21.20 21.70 22.10 22.39 22.55 22.55 22.40 22.12 21.73 21.22 20.58 19.81 18.90 17.86 16.68 15.35 13.88 12.27 10.60 8.98 7.45 6.02 4.71 3.54 2.51 1.64 0.94 0.44 0.14 0.05 0.04 0.03 0.03 0.02 0.02 0.01 0.00 0.00 0.00 0.00 0.00 0.00 0.00 0.00 0.00 0.00 0.00 0.00 0.00 0.00 0.00 0.00 0.00 0.02 0.05 0.08 0.09 0.11 0.11 0.12 0.12 0.11 0.10 0.09 0.07 0.06 0.04 0.03
10.39 11.21 12.03 12.83 13.60 14.35 15.05 15.72 16.32 16.85 17.32 17.81 18.33 18.85 19.36 19.83 20.25 20.59 20.84 20.98 20.99 20.86 20.62 20.27 19.80 19.22 18.51 17.68 16.71 15.62 14.38 13.01 11.52 9.97 8.46 7.03 5.69 4.46 3.35 2.38 1.55 0.90 0.42 0.13 0.04 0.04 0.03 0.03 0.03 0.02 0.02 0.01 0.00 0.00 0.00 0.00 0.00 0.00 0.00 0.00 0.00 0.00 0.00 0.00 0.00 0.00 0.00 0.00 0.02 0.05 0.08 0.09 0.11 0.11 0.12 0.12 0.11 0.10 0.09 0.07 0.06 0.04 0.03
9.91 10.74 11.56 12.36 13.14 13.90 14.61 15.28 15.88 16.36 16.73 17.04 17.38 17.74 18.11 18.47 18.79 19.07 19.27 19.38 19.38 19.27 19.05 18.72 18.29 17.75 17.09 16.32 15.42 14.40 13.25 11.98 10.67 9.31 7.94 6.61 5.36 4.20 3.16 2.25 1.47 0.85 0.40 0.13 0.04 0.04 0.04 0.03 0.03 0.03 0.02 0.02 0.01 0.00 0.00 0.00 0.00 0.00 0.00 0.00 0.00 0.00 0.00 0.00 0.00 0.00 0.00 0.00 0.02 0.05 0.07 0.09 0.10 0.11 0.11 0.11 0.10 0.09 0.08 0.07 0.05 0.04 0.03
9.41 10.24 11.06 11.87 12.65 13.41 14.14 14.79 15.34 15.79 16.12 16.34 16.51 16.70 16.92 17.15 17.37 17.56 17.70 17.77 17.76 17.64 17.43 17.12 16.71 16.20 15.58 14.86 14.01 13.05 11.99 10.88 9.74 8.58 7.39 6.19 5.03 3.95 2.98 2.12 1.39 0.80 0.38 0.12 0.04 0.04 0.04 0.04 0.04 0.03 0.03 0.03 0.02 0.01 0.00 0.00 0.00 0.00 0.00 0.00 0.00 0.00 0.00 0.00 0.00 0.00 0.00 0.00 0.02 0.05 0.07 0.09 0.10 0.10 0.11 0.10 0.10 0.09 0.07 0.06 0.05 0.04 0.03
8.90 9.72 10.54 11.35 12.14 12.90 13.60 14.22 14.73 15.14 15.44 15.64 15.72 15.75 15.82 15.91 16.01 16.10 16.17 16.19 16.14 16.01 15.79 15.49 15.09 14.60 14.01 13.32 12.51 11.62 10.69 9.74 8.77 7.78 6.77 5.74 4.69 3.70 2.79 1.99 1.30 0.76 0.36 0.12 0.05 0.04 0.05 0.05 0.05 0.04 0.04 0.04 0.03 0.03 0.02 0.01 0.00 0.00 0.00 0.00 0.00 0.00 0.00 0.00 0.00 0.00 0.00 0.00 0.02 0.05 0.07 0.08 0.09 0.09 0.09 0.09 0.08 0.07 0.06 0.06 0.05 0.04 0.03
8.37 9.19 10.01 10.82 11.60 12.34 13.00 13.57 14.05 14.43 14.71 14.88 14.95 14.91 14.82 14.76 14.73 14.71 14.69 14.65 14.56 14.40 14.17 13.86 13.46 12.98 12.40 11.73 10.97 10.19 9.40 8.59 7.77 6.93 6.08 5.21 4.33 3.44 2.60 1.86 1.22 0.71 0.34 0.12 0.05 0.05 0.05 0.06 0.06 0.06 0.06 0.05 0.05 0.04 0.03 0.02 0.01 0.00 0.00 0.00 0.00 0.00 0.00 0.00 0.00 0.00 0.00 0.00 0.02 0.04 0.06 0.07 0.08 0.08 0.08 0.07 0.07 0.06 0.05 0.05 0.04 0.03 0.03
7.83 8.65 9.46 10.26 11.03 11.72 12.33 12.86 13.31 13.66 13.92 14.08 14.14 14.09 13.94 13.73 13.56 13.43 13.31 13.19 13.04 12.85 12.59 12.26 11.85 11.36 10.78 10.14 9.47 8.80 8.12 7.44 6.75 6.05 5.34 4.63 3.90 3.16 2.41 1.73 1.14 0.67 0.32 0.11 0.05 0.06 0.06 0.07 0.07 0.07 0.07 0.07 0.07 0.06 0.05 0.04 0.03 0.02 0.00 0.00 0.00 0.00 0.00 0.00 0.00 0.00 0.00 0.00 0.02 0.04 0.05 0.06 0.07 0.07 0.06 0.06 0.05 0.05 0.04 0.04 0.03 0.03 0.02
7.29 8.10 8.91 9.68 10.39 11.04 11.61 12.11 12.52 12.85 13.10 13.25 13.30 13.25 13.10 12.84 12.54 12.27 12.04 11.83 11.62 11.38 11.08 10.71 10.28 9.77 9.20 8.62 8.04 7.46 6.89 6.31 5.74 5.16 4.58 3.99 3.40 2.80 2.20 1.60 1.06 0.62 0.30 0.11 0.06 0.07 0.07 0.08 0.09 0.09 0.09 0.09 0.09 0.08 0.07 0.06 0.05 0.04 0.02 0.01 0.00 0.00 0.00 0.00 0.00 0.00 0.00 0.00 0.02 0.03 0.04 0.05 0.05 0.05 0.05 0.04 0.04 0.04 0.03 0.03 0.03 0.02 0.02
6.76 7.55 8.33 9.05 9.71 10.32 10.85 11.32 11.71 12.02 12.25 12.39 12.44 12.40 12.26 12.01 11.67 11.28 10.92 10.61 10.32 10.01 9.66 9.25 8.78 8.26 7.73 7.21 6.70 6.21 5.71 5.23 4.75 4.27 3.80 3.33 2.86 2.39 1.92 1.45 0.98 0.58 0.29 0.12 0.07 0.08 0.09 0.10 0.11 0.11 0.11 0.11 0.11 0.10 0.09 0.08 0.07 0.06 0.04 0.03 0.02 0.00 0.00 0.00 0.00 0.00 0.00 0.00 0.01 0.03 0.03 0.04 0.04 0.03 0.03 0.03 0.03 0.03 0.02 0.02 0.02 0.02 0.01
6.22 6.99 7.71 8.38 9.00 9.56 10.06 10.50 10.87 11.16 11.38 11.52 11.58 11.54 11.42 11.19 10.87 10.44 9.98 9.55 9.16 8.79 8.37 7.90 7.40 6.89 6.41 5.94 5.48 5.04 4.62 4.21 3.81 3.42 3.03 2.66 2.29 1.93 1.58 1.23 0.88 0.54 0.28 0.12 0.08 0.09 0.11 0.12 0.13 0.13 0.13 0.13 0.13 0.12 0.11 0.10 0.09 0.07 0.06 0.05 0.03 0.02 0.01 0.00 0.00 0.00 0.00 0.00 0.01 0.02 0.02 0.02 0.02 0.02 0.02 0.02 0.02 0.02 0.01 0.01 0.01 0.01 0.01
5.68 6.39 7.06 7.68 8.26 8.78 9.26 9.67 10.02 10.31 10.52 10.66 10.72 10.70 10.59 10.39 10.09 9.70 9.21 8.68 8.19 7.72 7.23 6.71 6.20 5.71 5.25 4.81 4.39 4.00 3.62 3.27 2.93 2.60 2.29 2.00 1.72 1.45 1.19 0.95 0.71 0.48 0.27 0.13 0.10 0.11 0.13 0.14 0.15 0.15 0.15 0.15 0.14 0.14 0.13 0.12 0.10 0.09 0.08 0.06 0.05 0.03 0.02 0.01 0.00 0.00 0.00 0.00 0.01 0.01 0.01 0.01 0.01 0.01 0.01 0.01 0.01 0.01 0.01 0.01 0.01 0.01 0.00
5.12 5.77 6.39 6.97 7.51 8.00 8.45 8.84 9.18 9.46 9.67 9.81 9.88 9.88 9.79 9.62 9.36 9.00 8.55 8.00 7.42 6.86 6.29 5.74 5.22 4.74 4.28 3.86 3.46 3.09 2.74 2.42 2.13 1.85 1.60 1.37 1.16 0.96 0.79 0.63 0.48 0.35 0.23 0.14 0.11 0.13 0.15 0.16 0.17 0.17 0.17 0.17 0.16 0.15 0.14 0.13 0.12 0.10 0.09 0.07 0.06 0.04 0.03 0.02 0.01 0.00 0.00 0.00 0.00 0.00 0.00 0.00 0.00 0.00 0.00 0.00 0.00 0.00 0.00 0.00 0.00 0.00 0.00
4.54 5.14 5.71 6.25 6.76 7.23 7.65 8.03 8.36 8.63 8.84 8.99 9.08 9.09 9.03 8.89 8.66 8.35 7.95 7.46 6.87 6.23 5.61 5.03 4.49 3.98 3.52 3.09 2.69 2.33 2.00 1.70 1.43 1.19 0.97 0.79 0.63 0.49 0.38 0.29 0.22 0.17 0.14 0.12 0.13 0.15 0.17 0.18 0.19 0.19 0.19 0.18 0.18 0.17 0.16 0.14 0.13 0.11 0.10 0.08 0.07 0.05 0.04 0.03 0.02 0.01 0.00 0.00 0.00 0.00 0.00 0.00 0.00 0.00 0.00 0.00 0.00 0.00 0.00 0.00 0.00 0.00 0.00
4.07 4.62 5.14 5.64 6.11 6.55 6.95 7.31 7.63 7.89 8.11 8.27 8.36 8.39 8.36 8.25 8.06 7.79 7.44 7.00 6.45 5.81 5.15 4.53 3.96 3.42 2.93 2.49 2.08 1.71 1.38 1.09 0.83 0.61 0.42 0.27 0.15 0.05 0.00 0.00 0.00 0.00 0.01 0.08 0.16 0.20 0.21 0.22 0.22 0.22 0.22 0.21 0.21 0.19 0.18 0.17 0.15 0.13 0.12 0.10 0.08 0.06 0.05 0.03 0.02 0.01 0.00 0.00 0.00 0.00 0.00 0.00 0.00 0.00 0.00 0.00 0.00 0.00 0.00 0.00 0.00 0.00 0.00
3.85 4.33 4.80 5.25 5.68 6.08 6.45 6.79 7.09 7.34 7.55 7.71 7.81 7.85 7.83 7.74 7.58 7.35 7.04 6.64 6.12 5.51 4.84 4.18 3.56 3.00 2.48 2.00 1.58 1.20 0.87 0.57 0.32 0.12 0.00 0.00 0.00 0.00 0.00 0.00 0.00 0.00 0.00 0.05 0.18 0.27 0.30 0.31 0.31 0.30 0.29 0.28 0.27 0.25 0.24 0.22 0.19 0.17 0.15 0.13 0.11 0.09 0.07 0.05 0.03 0.02 0.00 0.00 0.00 0.00 0.00 0.00 0.00 0.00 0.00 0.00 0.00 0.00 0.00 0.00 0.00 0.00 0.00
3.88 4.29 4.70 5.10 5.47 5.83 6.16 6.46 6.73 6.97 7.16 7.31 7.41 7.45 7.44 7.37 7.23 7.02 6.74 6.35 5.85 5.26 4.62 3.96 3.30 2.69 2.14 1.64 1.19 0.79 0.45 0.15 0.00 0.00 0.00 0.00 0.00 0.00 0.00 0.00 0.00 0.00 0.00 0.02 0.21 0.35 0.42 0.44 0.43 0.42 0.41 0.39 0.37 0.34 0.32 0.29 0.26 0.23 0.20 0.17 0.14 0.11 0.09 0.06 0.04 0.02 0.00 0.00 0.00 0.00 0.00 0.00 0.00 0.00 0.00 0.00 0.00 0.00 0.00 0.00 0.00 0.00 0.00
4.12 4.48 4.82 5.15 5.47 5.77 6.06 6.32 6.55 6.76 6.93 7.06 7.14 7.18 7.17 7.11 6.98 6.79 6.51 6.13 5.64 5.07 4.46 3.82 3.16 2.51 1.91 1.38 0.90 0.48 0.12 0.00 0.00 0.00 0.00 0.00 0.00 0.00 0.00 0.00 0.00 0.00 0.00 0.00 0.23 0.42 0.54 0.59 0.60 0.57 0.55 0.52 0.49 0.45 0.42 0.38 0.34 0.30 0.26 0.22 0.18 0.14 0.10 0.07 0.04 0.01 0.00 0.00 0.00 0.00 0.00 0.00 0.00 0.00 0.00 0.00 0.00 0.00 0.00 0.00 0.00 0.00 0.00
4.50 4.86 5.15 5.40 5.66 5.90 6.13 6.34 6.53 6.70 6.83 6.94 7.00 7.03 7.01 6.94 6.82 6.62 6.33 5.96 5.49 4.94 4.35 3.73 3.09 2.44 1.80 1.23 0.72 0.27 0.00 0.00 0.00 0.00 0.00 0.00 0.00 0.00 0.00 0.00 0.00 0.00 0.00 0.00 0.24 0.48 0.64 0.74 0.77 0.75 0.71 0.67 0.63 0.58 0.53 0.48 0.43 0.37 0.32 0.27 0.21 0.16 0.11 0.07 0.03 0.01 0.00 0.00 0.00 0.00 0.00 0.00 0.00 0.00 0.00 0.00 0.00 0.00 0.00 0.00 0.00 0.00 0.00
5.01 5.37 5.64 5.84 6.02 6.19 6.36 6.51 6.65 6.77 6.87 6.94 6.98 6.98 6.95 6.86 6.72 6.50 6.21 5.84 5.39 4.86 4.29 3.69 3.07 2.44 1.80 1.19 0.63 0.15 0.00 0.00 0.00 0.00 0.00 0.00 0.00 0.00 0.00 0.00 0.00 0.00 0.00 0.00 0.25 0.53 0.73 0.86 0.93 0.94 0.90 0.84 0.78 0.72 0.65 0.58 0.52 0.45 0.38 0.31 0.24 0.17 0.11 0.06 0.03 0.01 0.00 0.00 0.00 0.00 0.00 0.00 0.00 0.00 0.00 0.00 0.00 0.00 0.00 0.00 0.00 0.00 0.00
5.63 5.98 6.24 6.42 6.54 6.64 6.73 6.82 6.90 6.97 7.01 7.04 7.05 7.02 6.96 6.85 6.67 6.44 6.14 5.77 5.33 4.82 4.27 3.69 3.09 2.48 1.86 1.24 0.65 0.13 0.00 0.00 0.00 0.00 0.00 0.00 0.00 0.00 0.00 0.00 0.00 0.00 0.00 0.00 0.26 0.57 0.80 0.96 1.06 1.10 1.08 1.02 0.94 0.86 0.77 0.69 0.60 0.51 0.43 0.34 0.25 0.17 0.10 0.06 0.03 0.01 0.00 0.00 0.00 0.00 0.00 0.00 0.00 0.00 0.00 0.00 0.00 0.00 0.00 0.00 0.00 0.00 0.00
6.33 6.67 6.92 7.09 7.19 7.22 7.24 7.25 7.26 7.27 7.26 7.24 7.20 7.13 7.03 6.88 6.68 6.43 6.12 5.75 5.32 4.82 4.29 3.73 3.15 2.56 1.95 1.35 0.76 0.20 0.00 0.00 0.00 0.00 0.00 0.00 0.00 0.00 0.00 0.00 0.00 0.00 0.00 0.00 0.26 0.59 0.85 1.04 1.17 1.23 1.24 1.19 1.10 1.00 0.89 0.78 0.68 0.57 0.46 0.35 0.24 0.16 0.10 0.05 0.03 0.01 0.00 0.00 0.00 0.00 0.00 0.00 0.00 0.00 0.00 0.00 0.00 0.00 0.00 0.00 0.00 0.00 0.00
7.10 7.43 7.67 7.82 7.90 7.91 7.86 7.79 7.73 7.66 7.59 7.51 7.41 7.29 7.14 6.95 6.73 6.46 6.14 5.77 5.34 4.87 4.35 3.81 3.24 2.66 2.08 1.49 0.91 0.35 0.00 0.00 0.00 0.00 0.00 0.00 0.00 0.00 0.00 0.00 0.00 0.00 0.00 0.00 0.26 0.61 0.90 1.11 1.25 1.33 1.35 1.32 1.25 1.13 1.00 0.87 0.73 0.60 0.47 0.34 0.23 0.15 0.09 0.05 0.02 0.01 0.00 0.00 0.00 0.00 0.00 0.00 0.00 0.00 0.00 0.00 0.00 0.00 0.00 0.00 0.00 0.00 0.00
7.92 8.23 8.46 8.60 8.66 8.64 8.56 8.43 8.28 8.14 7.99 7.84 7.68 7.50 7.30 7.07 6.81 6.52 6.19 5.82 5.40 4.94 4.44 3.91 3.36 2.80 2.23 1.66 1.09 0.54 0.02 0.00 0.00 0.00 0.00 0.00 0.00 0.00 0.00 0.00 0.00 0.00 0.00 0.00 0.25 0.62 0.92 1.15 1.30 1.40 1.43 1.42 1.35 1.24 1.09 0.93 0.77 0.61 0.46 0.33 0.22 0.14 0.09 0.05 0.02 0.01 0.00 0.00 0.00 0.00 0.00 0.00 0.00 0.00 0.00 0.00 0.00 0.00 0.00 0.00 0.00 0.00 0.00
8.77 9.07 9.27 9.39 9.43 9.40 9.29 9.12 8.90 8.67 8.45 8.22 7.99 7.75 7.50 7.23 6.94 6.62 6.28 5.91 5.49 5.04 4.55 4.04 3.51 2.96 2.40 1.84 1.29 0.76 0.24 0.00 0.00 0.00 0.00 0.00 0.00 0.00 0.00 0.00 0.00 0.00 0.00 0.00 0.23 0.62 0.93 1.16 1.33 1.43 1.48 1.46 1.40 1.30 1.15 0.97 0.78 0.60 0.44 0.31 0.21 0.14 0.08 0.04 0.02 0.01 0.00 0.00 0.00 0.00 0.00 0.00 0.00 0.00 0.00 0.00 0.00 0.00 0.00 0.00 0.00 0.00 0.00
9.64 9.92 10.10 10.20 10.21 10.15 10.02 9.82 9.56 9.26 8.94 8.64 8.34 8.04 7.73 7.42 7.10 6.76 6.40 6.02 5.61 5.17 4.69 4.19 3.67 3.13 2.59 2.05 1.51 0.99 0.48 0.01 0.00 0.00 0.00 0.00 0.00 0.00 0.00 0.00 0.00 0.00 0.00 0.00 0.22 0.61 0.92 1.16 1.33 1.44 1.48 1.47 1.41 1.30 1.15 0.97 0.76 0.58 0.42 0.30 0.20 0.13 0.08 0.04 0.02 0.01 0.00 0.00 0.00 0.00 0.00 0.00 0.00 0.00 0.00 0.00 0.00 0.00 0.00 0.00 0.00 0.00 0.00
10.50 10.76 10.92 10.99 10.98 10.89 10.72 10.49 10.20 9.86 9.48 9.09 8.72 8.35 8.00 7.64 7.28 6.92 6.54 6.15 5.75 5.32 4.85 4.36 3.85 3.32 2.79 2.26 1.73 1.22 0.73 0.27 0.00 0.00 0.00 0.00 0.00 0.00 0.00 0.00 0.00 0.00 0.00 0.00 0.19 0.58 0.90 1.14 1.31 1.41 1.45 1.43 1.37 1.25 1.10 0.91 0.73 0.55 0.41 0.29 0.19 0.12 0.07 0.04 0.02 0.00 0.00 0.00 0.00 0.00 0.00 0.00 0.00 0.00 0.00 0.00 0.00 0.00 0.00 0.00 0.00 0.00 0.00
11.34 11.57 11.71 11.75 11.71 11.59 11.39 11.13 10.81 10.44 10.02 9.58 9.13 8.70 8.29 7.88 7.49 7.10 6.71 6.31 5.90 5.48 5.02 4.54 4.04 3.52 3.00 2.48 1.96 1.46 0.98 0.52 0.10 0.00 0.00 0.00 0.00 0.00 0.00 0.00 0.00 0.00 0.00 0.00 0.16 0.55 0.86 1.09 1.25 1.35 1.38 1.35 1.28 1.15 0.99 0.83 0.68 0.53 0.39 0.27 0.18 0.11 0.07 0.03 0.01 0.00 0.00 0.00 0.00 0.00 0.00 0.00 0.00 0.00 0.00 0.00 0.00 0.00 0.00 0.00 0.00 0.00 0.00
12.14 12.35 12.46 12.47 12.40 12.24 12.01 11.72 11.37 10.98 10.54 10.07 9.56 9.07 8.60 8.15 7.72 7.30 6.89 6.48 6.07 5.66 5.21 4.73 4.24 3.73 3.22 2.70 2.19 1.70 1.23 0.77 0.35 0.00 0.00 0.00 0.00 0.00 0.00 0.00 0.00 0.00 0.00 0.00 0.12 0.50 0.80 1.02 1.17 1.25 1.27 1.23 1.14 1.01 0.87 0.74 0.61 0.48 0.36 0.26 0.17 0.11 0.06 0.03 0.01 0.00 0.00 0.00 0.00 0.00 0.00 0.00 0.00 0.00 0.00 0.00 0.00 0.00 0.00 0.00 0.00 0.00 0.00
12.89 13.06 13.14 13.12 13.01 12.82 12.57 12.25 11.89 11.47 11.02 10.52 10.00 9.46 8.93 8.44 7.96 7.51 7.08 6.66 6.25 5.84 5.40 4.93 4.44 3.94 3.43 2.92 2.42 1.93 1.46 1.02 0.59 0.20 0.00 0.00 0.00 0.00 0.00 0.00 0.00 0.00 0.00 0.00 0.08 0.44 0.73 0.93 1.06 1.13 1.13 1.07 0.96 0.85 0.74 0.63 0.52 0.42 0.33 0.24 0.16 0.10 0.05 0.03 0.01 0.00 0.00 0.00 0.00 0.00 0.00 0.00 0.00 0.00 0.00 0.00 0.00 0.00 0.00 0.00 0.00 0.00 0.00
13.56 13.70 13.74 13.69 13.55 13.33 13.06 12.73 12.34 11.91 11.44 10.94 10.40 9.85 9.28 8.73 8.22 7.74 7.28 6.85 6.44 6.03 5.59 5.13 4.64 4.15 3.64 3.14 2.64 2.16 1.69 1.25 0.82 0.43 0.07 0.00 0.00 0.00 0.00 0.00 0.00 0.00 0.00 0.00 0.03 0.37 0.64 0.82 0.93 0.97 0.94 0.87 0.78 0.70 0.61 0.52 0.44 0.36 0.28 0.21 0.15 0.09 0.05 0.02 0.01 0.00 0.00 0.00 0.00 0.00 0.00 0.00 0.00 0.00 0.00 0.00 0.00 0.00 0.00 0.00 0.00 0.00 0.00
14.13 14.24 14.25 14.16 13.99 13.76 13.47 13.12 12.73 12.29 11.81 11.29 10.76 10.19 9.62 9.04 8.48 7.97 7.49 7.04 6.62 6.22 5.78 5.32 4.84 4.35 3.85 3.35 2.86 2.37 1.91 1.46 1.04 0.65 0.29 0.00 0.00 0.00 0.00 0.00 0.00 0.00 0.00 0.00 0.00 0.29 0.53 0.68 0.76 0.77 0.73 0.67 0.61 0.55 0.48 0.42 0.35 0.29 0.23 0.17 0.12 0.08 0.04 0.02 0.00 0.00 0.00 0.00 0.00 0.00 0.00 0.00 0.00 0.00 0.00 0.00 0.00 0.00 0.00 0.00 0.00 0.00 0.00
14.59 14.67 14.64 14.53 14.35 14.11 13.80 13.44 13.04 12.59 12.11 11.59 11.05 10.49 9.91 9.33 8.75 8.20 7.69 7.23 6.81 6.40 5.97 5.51 5.03 4.54 4.04 3.55 3.06 2.58 2.11 1.66 1.24 0.84 0.48 0.15 0.00 0.00 0.00 0.00 0.00 0.00 0.00 0.00 0.00 0.20 0.40 0.52 0.57 0.56 0.53 0.50 0.46 0.41 0.37 0.32 0.27 0.23 0.18 0.14 0.10 0.06 0.04 0.01 0.00 0.00 0.00 0.00 0.00 0.00 0.00 0.00 0.00 0.00 0.00 0.00 0.00 0.00 0.00 0.00 0.00 0.00 0.00
14.93 14.97 14.92 14.80 14.61 14.35 14.04 13.68 13.27 12.82 12.33 11.82 11.28 10.72 10.15 9.57 8.99 8.43 7.90 7.42 6.98 6.57 6.14 5.68 5.21 4.72 4.22 3.73 3.24 2.76 2.29 1.85 1.42 1.02 0.65 0.32 0.02 0.00 0.00 0.00 0.00 0.00 0.00 0.00 0.00 0.09 0.26 0.34 0.37 0.37 0.36 0.35 0.33 0.30 0.27 0.24 0.21 0.17 0.14 0.11 0.08 0.05 0.03 0.01 0.00 0.00 0.00 0.00 0.00 0.00 0.00 0.00 0.00 0.00 0.00 0.00 0.00 0.00 0.00 0.00 0.00 0.00 0.01
15.12 15.14 15.08 14.95 14.76 14.50 14.18 13.82 13.41 12.96 12.47 11.96 11.43 10.88 10.32 9.76 9.19 8.63 8.09 7.59 7.15 6.74 6.30 5.84 5.37 4.88 4.39 3.90 3.41 2.93 2.46 2.01 1.58 1.17 0.80 0.46 0.16 0.00 0.00 0.00 0.00 0.00 0.00 0.00 0.00 0.00 0.10 0.16 0.19 0.21 0.22 0.22 0.22 0.21 0.20 0.18 0.16 0.13 0.11 0.08 0.06 0.04 0.02 0.01 0.00 0.00 0.00 0.00 0.00 0.00 0.00 0.00 0.00 0.00 0.00 0.00 0.00 0.00 0.00 0.00 0.00 0.00 0.01
15.17 15.19 15.12 14.99 14.79 14.53 14.21 13.85 13.45 13.00 12.53 12.02 11.50 10.96 10.42 9.87 9.32 8.78 8.25 7.75 7.30 6.88 6.45 5.99 5.51 5.03 4.54 4.04 3.56 3.07 2.60 2.15 1.71 1.30 0.92 0.57 0.26 0.00 0.00 0.00 0.00 0.00 0.00 0.00 0.00 0.00 0.00 0.00 0.05 0.09 0.12 0.14 0.15 0.15 0.15 0.14 0.13 0.12 0.10 0.08 0.06 0.04 0.02 0.01 0.00 0.00 0.00 0.00 0.00 0.00 0.00 0.00 0.00 0.00 0.00 0.00 0.00 0.00 0.00 0.00 0.00 0.01 0.01
15.09 15.10 15.03 14.90 14.70 14.44 14.13 13.78 13.38 12.94 12.48 11.99 11.48 10.96 10.44 9.91 9.38 8.86 8.36 7.88 7.43 7.01 6.57 6.11 5.64 5.16 4.67 4.17 3.68 3.20 2.72 2.26 1.82 1.40 1.01 0.65 0.33 0.05 0.00 0.00 0.00 0.00 0.00 0.00 0.00 0.00 0.00 0.00 0.00 0.02 0.06 0.10 0.12 0.14 0.14 0.14 0.14 0.13 0.11 0.10 0.08 0.06 0.04 0.03 0.01 0.00 0.00 0.00 0.00 0.00 0.00 0.00 0.00 0.00 0.00 0.00 0.00 0.00 0.00 0.00 0.00 0.01 0.01
