data_processed/recharge/precip/Precip_1999_01.asc
ncols        168
nrows        136
xllcorner    455000
yllcorner    2107000
cellsize     500
NODATA_value     -99999
[rows 38 to 75 of 136, columns 84 to 167 of 168]
0.16 0.14 0.11 0.09 0.07 0.05 0.03 0.02 0.00 0.00 0.00 0.00 0.00 0.00 0.00 0.00 0.00 0.00 0.00 0.01 0.02 0.02 0.02 0.01 0.01 0.00 0.00 0.00 0.00 0.00 0.00 0.00 0.00 0.00 0.02 0.04 0.07 0.10 0.13 0.16 0.19 0.23 0.27 0.30 0.34 0.38 0.42 0.46 0.51 0.55 0.60 0.64 0.69 0.74 0.80 0.85 0.92 0.99 1.07 1.16 1.24 1.33 1.41 1.50 1.57 1.64 1.70 1.76 1.80 1.83 1.85 1.85 1.84 1.83 1.80 1.76 1.72 1.68 1.63 1.58 1.54 1.49 1.46 1.43
0.16 0.14 0.12 0.09 0.07 0.05 0.03 0.01 0.00 0.00 0.00 0.00 0.00 0.00 0.00 0.00 0.00 0.00 0.00 0.01 0.02 0.03 0.03 0.03 0.02 0.02 0.02 0.01 0.01 0.01 0.01 0.02 0.03 0.05 0.07 0.10 0.13 0.16 0.19 0.23 0.27 0.30 0.34 0.38 0.42 0.46 0.50 0.55 0.59 0.64 0.68 0.73 0.78 0.83 0.88 0.93 0.99 1.06 1.13 1.21 1.29 1.37 1.44 1.52 1.59 1.65 1.71 1.75 1.79 1.82 1.83 1.83 1.82 1.80 1.77 1.73 1.69 1.64 1.60 1.55 1.50 1.45 1.42 1.39
0.17 0.14 0.12 0.09 0.07 0.05 0.03 0.01 0.00 0.00 0.00 0.00 0.00 0.00 0.00 0.00 0.00 0.00 0.00 0.02 0.03 0.03 0.04 0.04 0.04 0.04 0.04 0.05 0.05 0.05 0.06 0.07 0.09 0.11 0.13 0.16 0.19 0.23 0.26 0.30 0.34 0.38 0.42 0.46 0.50 0.54 0.59 0.63 0.68 0.72 0.77 0.82 0.87 0.92 0.97 1.02 1.07 1.13 1.20 1.26 1.33 1.40 1.47 1.54 1.60 1.66 1.71 1.75 1.78 1.80 1.81 1.80 1.79 1.76 1.73 1.69 1.65 1.60 1.55 1.50 1.46 1.41 1.37 1.34
0.17 0.15 0.12 0.10 0.07 0.05 0.03 0.01 0.00 0.00 0.00 0.00 0.00 0.00 0.00 0.00 0.00 0.00 0.00 0.02 0.03 0.04 0.05 0.06 0.06 0.07 0.07 0.08 0.09 0.10 0.11 0.13 0.15 0.17 0.20 0.23 0.26 0.29 0.33 0.37 0.41 0.45 0.50 0.54 0.58 0.63 0.67 0.72 0.77 0.81 0.86 0.91 0.96 1.01 1.06 1.11 1.16 1.21 1.26 1.32 1.38 1.44 1.50 1.56 1.62 1.67 1.71 1.74 1.77 1.78 1.78 1.77 1.75 1.72 1.69 1.65 1.60 1.55 1.50 1.45 1.41 1.36 1.32 1.29
0.17 0.15 0.13 0.10 0.08 0.05 0.03 0.01 0.00 0.00 0.00 0.00 0.00 0.00 0.00 0.00 0.00 0.00 0.00 0.02 0.04 0.05 0.06 0.07 0.08 0.09 0.10 0.11 0.13 0.14 0.16 0.18 0.20 0.23 0.26 0.29 0.33 0.36 0.40 0.45 0.49 0.53 0.58 0.62 0.67 0.71 0.76 0.81 0.85 0.90 0.95 1.00 1.05 1.10 1.15 1.20 1.25 1.29 1.34 1.39 1.44 1.49 1.54 1.59 1.64 1.68 1.71 1.74 1.76 1.76 1.76 1.74 1.72 1.69 1.65 1.60 1.55 1.50 1.45 1.40 1.35 1.31 1.27 1.24
0.18 0.15 0.13 0.10 0.08 0.05 0.03 0.01 0.00 0.00 0.00 0.00 0.00 0.00 0.00 0.00 0.00 0.00 0.01 0.03 0.05 0.06 0.08 0.09 0.10 0.12 0.13 0.15 0.17 0.19 0.21 0.24 0.26 0.29 0.32 0.36 0.40 0.44 0.48 0.52 0.57 0.61 0.66 0.71 0.75 0.80 0.85 0.90 0.95 0.99 1.04 1.09 1.14 1.19 1.24 1.29 1.33 1.38 1.42 1.46 1.50 1.54 1.58 1.62 1.66 1.69 1.72 1.74 1.75 1.75 1.74 1.72 1.68 1.65 1.60 1.55 1.50 1.45 1.40 1.35 1.30 1.25 1.21 1.18
0.18 0.15 0.13 0.10 0.08 0.05 0.03 0.01 0.00 0.00 0.00 0.00 0.00 0.00 0.00 0.00 0.00 0.00 0.01 0.03 0.05 0.07 0.09 0.11 0.13 0.14 0.16 0.19 0.21 0.24 0.26 0.29 0.32 0.36 0.39 0.43 0.47 0.51 0.55 0.60 0.64 0.69 0.74 0.79 0.84 0.89 0.94 0.99 1.04 1.09 1.13 1.18 1.23 1.28 1.33 1.37 1.42 1.46 1.50 1.53 1.57 1.60 1.63 1.66 1.69 1.71 1.73 1.74 1.74 1.73 1.72 1.69 1.65 1.61 1.56 1.51 1.45 1.40 1.34 1.29 1.24 1.19 1.16 1.12
0.18 0.16 0.13 0.10 0.08 0.05 0.03 0.01 0.00 0.00 0.00 0.00 0.00 0.00 0.00 0.00 0.00 0.00 0.02 0.04 0.06 0.09 0.11 0.13 0.15 0.17 0.20 0.22 0.25 0.28 0.31 0.35 0.38 0.42 0.46 0.49 0.54 0.58 0.63 0.67 0.72 0.77 0.82 0.87 0.93 0.98 1.03 1.08 1.13 1.18 1.23 1.28 1.32 1.37 1.42 1.46 1.51 1.55 1.58 1.61 1.64 1.66 1.68 1.70 1.72 1.73 1.74 1.75 1.74 1.73 1.70 1.67 1.62 1.57 1.52 1.46 1.40 1.34 1.28 1.23 1.18 1.13 1.09 1.06
0.18 0.16 0.13 0.10 0.08 0.05 0.03 0.01 0.00 0.00 0.00 0.00 0.00 0.00 0.00 0.00 0.00 0.00 0.02 0.05 0.08 0.10 0.12 0.15 0.17 0.20 0.23 0.26 0.29 0.33 0.36 0.40 0.44 0.48 0.52 0.56 0.61 0.65 0.70 0.75 0.80 0.85 0.91 0.96 1.01 1.06 1.12 1.17 1.22 1.27 1.32 1.37 1.42 1.46 1.51 1.55 1.59 1.63 1.66 1.69 1.71 1.73 1.74 1.75 1.76 1.77 1.76 1.76 1.74 1.72 1.69 1.65 1.60 1.54 1.48 1.42 1.35 1.29 1.23 1.17 1.12 1.07 1.03 1.00
0.18 0.16 0.13 0.10 0.08 0.05 0.03 0.01 0.00 0.00 0.00 0.00 0.00 0.00 0.00 0.00 0.00 0.00 0.03 0.06 0.09 0.12 0.14 0.17 0.20 0.23 0.27 0.30 0.34 0.38 0.42 0.46 0.50 0.54 0.59 0.63 0.68 0.73 0.78 0.83 0.88 0.94 0.99 1.04 1.10 1.15 1.21 1.26 1.31 1.36 1.41 1.46 1.51 1.56 1.60 1.64 1.68 1.72 1.75 1.77 1.79 1.81 1.81 1.81 1.81 1.80 1.79 1.78 1.75 1.72 1.68 1.63 1.57 1.51 1.45 1.38 1.31 1.24 1.18 1.12 1.06 1.01 0.97 0.94
0.18 0.15 0.13 0.10 0.08 0.05 0.03 0.01 0.00 0.00 0.00 0.00 0.00 0.00 0.00 0.00 0.00 0.01 0.04 0.07 0.10 0.13 0.16 0.20 0.23 0.27 0.30 0.34 0.38 0.42 0.47 0.51 0.56 0.60 0.65 0.70 0.75 0.80 0.85 0.91 0.96 1.02 1.07 1.13 1.19 1.24 1.30 1.35 1.40 1.45 1.50 1.55 1.60 1.65 1.69 1.73 1.77 1.80 1.83 1.86 1.87 1.88 1.89 1.88 1.87 1.85 1.83 1.81 1.77 1.73 1.68 1.62 1.56 1.49 1.42 1.34 1.27 1.20 1.13 1.07 1.01 0.96 0.92 0.88
0.18 0.15 0.12 0.10 0.07 0.05 0.03 0.01 0.00 0.00 0.00 0.00 0.00 0.00 0.00 0.00 0.00 0.02 0.05 0.09 0.12 0.15 0.19 0.22 0.26 0.30 0.34 0.38 0.43 0.47 0.52 0.57 0.61 0.66 0.72 0.77 0.82 0.87 0.93 0.98 1.04 1.10 1.16 1.21 1.27 1.33 1.38 1.44 1.49 1.54 1.60 1.65 1.70 1.74 1.79 1.83 1.86 1.89 1.92 1.94 1.96 1.96 1.96 1.95 1.94 1.91 1.88 1.84 1.80 1.75 1.69 1.62 1.55 1.47 1.39 1.31 1.23 1.16 1.09 1.02 0.96 0.91 0.86 0.83
0.17 0.15 0.12 0.10 0.07 0.05 0.03 0.01 0.00 0.00 0.00 0.00 0.00 0.00 0.00 0.00 0.01 0.03 0.07 0.10 0.14 0.18 0.21 0.25 0.29 0.33 0.38 0.42 0.47 0.52 0.57 0.62 0.67 0.72 0.78 0.83 0.89 0.95 1.00 1.06 1.12 1.18 1.24 1.30 1.36 1.42 1.47 1.53 1.58 1.64 1.69 1.74 1.79 1.84 1.88 1.92 1.96 1.99 2.01 2.03 2.04 2.05 2.04 2.03 2.01 1.98 1.94 1.89 1.84 1.78 1.71 1.63 1.55 1.46 1.38 1.29 1.21 1.13 1.05 0.98 0.92 0.86 0.81 0.78
0.17 0.14 0.12 0.09 0.07 0.05 0.03 0.01 0.00 0.00 0.00 0.00 0.00 0.00 0.00 0.00 0.02 0.05 0.08 0.12 0.16 0.20 0.24 0.28 0.33 0.37 0.42 0.47 0.52 0.57 0.62 0.68 0.73 0.79 0.84 0.90 0.96 1.02 1.08 1.14 1.20 1.26 1.32 1.38 1.44 1.50 1.56 1.62 1.67 1.73 1.78 1.84 1.89 1.94 1.98 2.02 2.05 2.08 2.11 2.12 2.13 2.14 2.13 2.11 2.09 2.05 2.01 1.95 1.89 1.81 1.73 1.65 1.56 1.46 1.37 1.28 1.19 1.10 1.02 0.95 0.88 0.82 0.77 0.73
0.16 0.14 0.11 0.09 0.06 0.04 0.02 0.01 0.00 0.00 0.00 0.00 0.00 0.00 0.00 0.01 0.03 0.06 0.10 0.14 0.18 0.22 0.27 0.31 0.36 0.41 0.46 0.51 0.57 0.62 0.67 0.73 0.79 0.85 0.91 0.97 1.03 1.09 1.15 1.21 1.27 1.34 1.40 1.46 1.53 1.59 1.65 1.71 1.77 1.82 1.88 1.94 1.99 2.04 2.08 2.12 2.16 2.18 2.21 2.22 2.23 2.23 2.22 2.20 2.17 2.13 2.08 2.02 1.95 1.86 1.77 1.68 1.58 1.48 1.38 1.28 1.18 1.09 1.01 0.93 0.86 0.79 0.74 0.69
0.15 0.13 0.10 0.08 0.06 0.04 0.02 0.00 0.00 0.00 0.00 0.00 0.00 0.00 0.00 0.02 0.05 0.08 0.12 0.16 0.21 0.25 0.30 0.35 0.40 0.45 0.50 0.56 0.61 0.67 0.73 0.79 0.85 0.91 0.97 1.03 1.09 1.16 1.22 1.29 1.35 1.41 1.48 1.54 1.61 1.67 1.74 1.80 1.86 1.92 1.98 2.04 2.09 2.14 2.18 2.22 2.26 2.29 2.31 2.32 2.33 2.33 2.32 2.29 2.26 2.22 2.16 2.10 2.02 1.92 1.82 1.72 1.61 1.50 1.39 1.29 1.19 1.09 1.00 0.92 0.84 0.77 0.71 0.66
0.15 0.12 0.10 0.07 0.05 0.03 0.02 0.00 0.00 0.00 0.00 0.00 0.00 0.00 0.02 0.04 0.07 0.10 0.15 0.19 0.24 0.29 0.34 0.39 0.44 0.49 0.55 0.61 0.66 0.72 0.78 0.85 0.91 0.97 1.03 1.10 1.16 1.23 1.29 1.36 1.42 1.49 1.56 1.62 1.69 1.76 1.83 1.89 1.96 2.02 2.08 2.14 2.20 2.25 2.29 2.33 2.37 2.40 2.42 2.43 2.44 2.43 2.42 2.39 2.36 2.31 2.25 2.18 2.10 2.00 1.89 1.77 1.66 1.54 1.43 1.32 1.21 1.10 1.01 0.92 0.83 0.76 0.70 0.64
0.14 0.12 0.09 0.07 0.05 0.03 0.02 0.00 0.00 0.00 0.00 0.00 0.00 0.01 0.03 0.05 0.09 0.12 0.17 0.22 0.27 0.32 0.37 0.42 0.48 0.54 0.59 0.65 0.71 0.78 0.84 0.90 0.97 1.03 1.10 1.16 1.23 1.30 1.36 1.43 1.50 1.57 1.63 1.70 1.78 1.85 1.93 2.00 2.06 2.13 2.20 2.26 2.31 2.36 2.41 2.45 2.49 2.52 2.54 2.55 2.55 2.54 2.53 2.50 2.46 2.41 2.35 2.28 2.19 2.08 1.97 1.84 1.72 1.59 1.47 1.35 1.24 1.13 1.02 0.93 0.84 0.76 0.69 0.63
0.14 0.11 0.09 0.07 0.05 0.03 0.02 0.01 0.00 0.00 0.00 0.00 0.01 0.02 0.04 0.07 0.10 0.15 0.19 0.24 0.29 0.35 0.40 0.46 0.52 0.58 0.64 0.70 0.76 0.83 0.89 0.96 1.02 1.09 1.16 1.22 1.29 1.36 1.43 1.50 1.57 1.64 1.71 1.79 1.88 1.97 2.04 2.12 2.19 2.26 2.32 2.39 2.44 2.50 2.54 2.59 2.62 2.65 2.67 2.68 2.68 2.67 2.65 2.62 2.58 2.52 2.46 2.38 2.28 2.17 2.05 1.92 1.79 1.66 1.53 1.40 1.28 1.16 1.05 0.95 0.85 0.77 0.69 0.63
0.14 0.12 0.10 0.07 0.05 0.04 0.02 0.01 0.00 0.00 0.00 0.01 0.02 0.03 0.06 0.09 0.12 0.16 0.21 0.26 0.32 0.38 0.43 0.49 0.55 0.62 0.68 0.74 0.81 0.87 0.94 1.01 1.08 1.14 1.21 1.28 1.35 1.42 1.49 1.56 1.63 1.71 1.79 1.89 1.99 2.09 2.18 2.25 2.33 2.40 2.47 2.53 2.59 2.64 2.69 2.73 2.76 2.79 2.81 2.81 2.81 2.80 2.78 2.75 2.70 2.64 2.57 2.48 2.39 2.27 2.15 2.01 1.88 1.73 1.60 1.46 1.33 1.20 1.08 0.97 0.87 0.78 0.70 0.63
0.15 0.13 0.10 0.08 0.06 0.04 0.03 0.02 0.01 0.01 0.01 0.02 0.03 0.05 0.07 0.10 0.14 0.18 0.23 0.29 0.34 0.40 0.46 0.52 0.59 0.65 0.72 0.78 0.85 0.92 0.99 1.06 1.13 1.20 1.27 1.34 1.41 1.48 1.55 1.63 1.70 1.79 1.88 1.99 2.11 2.21 2.31 2.40 2.48 2.55 2.62 2.68 2.74 2.80 2.84 2.88 2.91 2.94 2.95 2.96 2.95 2.94 2.91 2.88 2.83 2.76 2.69 2.60 2.49 2.37 2.24 2.11 1.97 1.82 1.67 1.53 1.39 1.25 1.13 1.01 0.90 0.80 0.71 0.63
0.16 0.14 0.11 0.09 0.07 0.05 0.04 0.03 0.02 0.02 0.02 0.03 0.04 0.06 0.08 0.12 0.16 0.20 0.25 0.31 0.36 0.42 0.49 0.55 0.62 0.68 0.75 0.82 0.89 0.96 1.03 1.10 1.17 1.25 1.32 1.39 1.46 1.54 1.61 1.69 1.77 1.87 1.98 2.10 2.22 2.34 2.45 2.55 2.64 2.71 2.78 2.85 2.91 2.96 3.00 3.04 3.07 3.09 3.11 3.11 3.10 3.08 3.05 3.01 2.95 2.89 2.80 2.71 2.60 2.48 2.35 2.21 2.06 1.91 1.76 1.61 1.46 1.31 1.18 1.05 0.93 0.82 0.73 0.65
0.18 0.15 0.13 0.10 0.08 0.06 0.05 0.04 0.03 0.03 0.03 0.03 0.05 0.07 0.09 0.13 0.17 0.22 0.27 0.33 0.39 0.45 0.51 0.58 0.64 0.71 0.78 0.85 0.92 1.00 1.07 1.14 1.22 1.29 1.37 1.44 1.51 1.59 1.67 1.75 1.85 1.96 2.08 2.21 2.35 2.48 2.60 2.70 2.80 2.88 2.95 3.02 3.07 3.12 3.17 3.20 3.23 3.25 3.26 3.26 3.25 3.23 3.19 3.14 3.08 3.01 2.92 2.83 2.71 2.59 2.45 2.31 2.16 2.01 1.85 1.69 1.54 1.38 1.24 1.10 0.98 0.86 0.76 0.66
0.20 0.17 0.14 0.12 0.09 0.07 0.06 0.04 0.04 0.03 0.03 0.04 0.06 0.08 0.11 0.14 0.18 0.23 0.29 0.34 0.40 0.47 0.53 0.60 0.67 0.74 0.81 0.88 0.96 1.03 1.11 1.18 1.26 1.33 1.41 1.49 1.56 1.64 1.73 1.83 1.94 2.06 2.19 2.33 2.47 2.61 2.74 2.85 2.95 3.05 3.12 3.19 3.24 3.29 3.33 3.37 3.39 3.41 3.42 3.41 3.39 3.37 3.33 3.27 3.21 3.13 3.04 2.94 2.83 2.70 2.56 2.41 2.26 2.10 1.94 1.78 1.62 1.46 1.31 1.16 1.03 0.90 0.79 0.69
0.22 0.18 0.16 0.13 0.10 0.08 0.07 0.05 0.04 0.04 0.04 0.05 0.06 0.09 0.12 0.15 0.20 0.25 0.30 0.36 0.42 0.48 0.55 0.62 0.69 0.76 0.84 0.91 0.99 1.06 1.14 1.22 1.29 1.37 1.45 1.53 1.61 1.70 1.80 1.91 2.03 2.16 2.30 2.45 2.60 2.74 2.88 3.00 3.11 3.20 3.29 3.36 3.41 3.46 3.50 3.53 3.55 3.57 3.57 3.56 3.54 3.51 3.46 3.40 3.33 3.25 3.16 3.06 2.94 2.81 2.66 2.51 2.36 2.20 2.04 1.88 1.71 1.55 1.39 1.23 1.08 0.95 0.83 0.72
0.23 0.20 0.17 0.14 0.12 0.09 0.07 0.06 0.05 0.04 0.04 0.05 0.07 0.10 0.13 0.16 0.21 0.26 0.32 0.37 0.44 0.50 0.57 0.64 0.71 0.78 0.86 0.93 1.01 1.09 1.17 1.25 1.33 1.40 1.48 1.57 1.66 1.76 1.87 1.99 2.12 2.26 2.41 2.56 2.72 2.87 3.01 3.14 3.25 3.36 3.45 3.52 3.58 3.63 3.67 3.69 3.71 3.72 3.72 3.70 3.68 3.64 3.59 3.53 3.46 3.37 3.28 3.17 3.05 2.92 2.77 2.62 2.46 2.30 2.14 1.97 1.80 1.64 1.47 1.31 1.15 1.01 0.88 0.76
0.25 0.22 0.18 0.15 0.12 0.10 0.08 0.06 0.05 0.04 0.05 0.06 0.08 0.10 0.14 0.17 0.22 0.27 0.33 0.39 0.45 0.51 0.58 0.65 0.72 0.80 0.87 0.95 1.03 1.11 1.19 1.27 1.35 1.43 1.52 1.61 1.71 1.83 1.95 2.08 2.22 2.37 2.52 2.68 2.84 3.00 3.14 3.27 3.39 3.50 3.59 3.67 3.74 3.79 3.82 3.85 3.86 3.86 3.86 3.84 3.81 3.76 3.71 3.65 3.57 3.49 3.39 3.28 3.16 3.02 2.87 2.72 2.56 2.40 2.23 2.06 1.89 1.73 1.56 1.39 1.23 1.07 0.93 0.80
0.26 0.23 0.20 0.16 0.13 0.10 0.08 0.06 0.05 0.05 0.05 0.06 0.08 0.11 0.14 0.18 0.23 0.28 0.34 0.40 0.46 0.53 0.59 0.67 0.74 0.81 0.89 0.97 1.05 1.13 1.21 1.29 1.38 1.46 1.55 1.66 1.77 1.90 2.03 2.17 2.31 2.47 2.63 2.79 2.96 3.12 3.26 3.40 3.52 3.63 3.73 3.81 3.88 3.94 3.97 3.99 4.00 4.00 3.99 3.96 3.93 3.88 3.83 3.76 3.68 3.59 3.49 3.38 3.26 3.12 2.97 2.81 2.65 2.49 2.32 2.15 1.98 1.81 1.64 1.47 1.31 1.15 0.99 0.86
0.26 0.24 0.20 0.17 0.14 0.11 0.08 0.06 0.05 0.05 0.06 0.07 0.09 0.12 0.15 0.19 0.24 0.29 0.35 0.41 0.47 0.54 0.60 0.68 0.75 0.82 0.90 0.98 1.06 1.14 1.23 1.31 1.40 1.49 1.60 1.71 1.84 1.97 2.11 2.26 2.41 2.57 2.73 2.90 3.07 3.23 3.38 3.52 3.64 3.76 3.86 3.94 4.01 4.07 4.11 4.13 4.13 4.13 4.11 4.08 4.04 3.99 3.93 3.87 3.79 3.69 3.59 3.48 3.35 3.21 3.06 2.90 2.74 2.58 2.41 2.24 2.07 1.90 1.73 1.56 1.39 1.22 1.06 0.91
0.26 0.23 0.20 0.17 0.14 0.11 0.08 0.06 0.05 0.05 0.06 0.07 0.09 0.12 0.16 0.20 0.24 0.29 0.35 0.41 0.48 0.54 0.61 0.68 0.76 0.83 0.91 0.99 1.07 1.15 1.24 1.32 1.42 1.53 1.64 1.77 1.90 2.04 2.19 2.34 2.50 2.66 2.83 3.00 3.17 3.33 3.49 3.63 3.75 3.87 3.97 4.05 4.12 4.18 4.22 4.24 4.25 4.24 4.21 4.18 4.14 4.09 4.03 3.96 3.88 3.79 3.68 3.57 3.44 3.30 3.15 2.99 2.83 2.66 2.49 2.32 2.15 1.98 1.80 1.63 1.46 1.30 1.14 0.98
0.26 0.23 0.20 0.17 0.13 0.10 0.08 0.06 0.06 0.06 0.06 0.08 0.10 0.13 0.16 0.20 0.25 0.30 0.36 0.42 0.48 0.55 0.62 0.69 0.76 0.84 0.91 0.99 1.07 1.16 1.24 1.34 1.45 1.56 1.69 1.82 1.96 2.11 2.27 2.42 2.59 2.75 2.92 3.09 3.27 3.43 3.58 3.72 3.85 3.96 4.06 4.15 4.22 4.28 4.31 4.34 4.34 4.33 4.31 4.28 4.23 4.18 4.12 4.05 3.96 3.87 3.76 3.65 3.52 3.38 3.23 3.07 2.90 2.74 2.57 2.40 2.22 2.05 1.88 1.71 1.54 1.37 1.21 1.05
0.25 0.22 0.19 0.15 0.13 0.10 0.08 0.06 0.06 0.06 0.06 0.08 0.10 0.13 0.16 0.20 0.25 0.30 0.36 0.42 0.48 0.55 0.62 0.69 0.76 0.84 0.92 1.00 1.08 1.16 1.26 1.36 1.48 1.60 1.74 1.88 2.03 2.18 2.34 2.50 2.67 2.84 3.01 3.18 3.35 3.51 3.66 3.80 3.93 4.04 4.14 4.23 4.30 4.35 4.39 4.41 4.42 4.41 4.39 4.36 4.31 4.26 4.19 4.12 4.03 3.94 3.83 3.72 3.59 3.45 3.29 3.13 2.97 2.80 2.63 2.46 2.29 2.12 1.94 1.77 1.60 1.44 1.27 1.11
0.23 0.20 0.17 0.14 0.12 0.09 0.08 0.06 0.06 0.06 0.07 0.08 0.10 0.13 0.16 0.21 0.25 0.30 0.36 0.42 0.48 0.55 0.62 0.69 0.76 0.84 0.91 0.99 1.08 1.17 1.27 1.39 1.51 1.65 1.79 1.93 2.09 2.25 2.41 2.57 2.74 2.91 3.08 3.25 3.42 3.58 3.73 3.87 3.99 4.10 4.20 4.28 4.35 4.40 4.44 4.46 4.47 4.47 4.45 4.42 4.37 4.32 4.25 4.18 4.09 4.00 3.89 3.77 3.64 3.50 3.35 3.19 3.03 2.86 2.69 2.52 2.35 2.18 2.00 1.83 1.66 1.49 1.33 1.17
0.21 0.18 0.15 0.13 0.10 0.09 0.07 0.06 0.06 0.06 0.07 0.08 0.10 0.13 0.17 0.21 0.25 0.30 0.36 0.42 0.48 0.55 0.62 0.69 0.76 0.83 0.91 0.99 1.08 1.18 1.29 1.42 1.55 1.69 1.83 1.99 2.14 2.30 2.47 2.64 2.80 2.97 3.14 3.31 3.48 3.64 3.78 3.92 4.04 4.15 4.24 4.32 4.38 4.43 4.47 4.49 4.50 4.50 4.49 4.46 4.42 4.36 4.30 4.22 4.14 4.04 3.93 3.82 3.69 3.55 3.40 3.24 3.07 2.91 2.74 2.57 2.40 2.22 2.05 1.88 1.71 1.54 1.38 1.21
0.19 0.16 0.14 0.11 0.09 0.08 0.07 0.06 0.06 0.06 0.07 0.08 0.10 0.13 0.16 0.20 0.25 0.30 0.36 0.42 0.48 0.54 0.61 0.68 0.75 0.83 0.90 0.99 1.09 1.20 1.32 1.45 1.58 1.73 1.88 2.03 2.19 2.36 2.52 2.69 2.86 3.03 3.19 3.36 3.52 3.68 3.82 3.95 4.06 4.17 4.26 4.33 4.39 4.44 4.48 4.50 4.52 4.52 4.51 4.48 4.44 4.39 4.33 4.25 4.17 4.07 3.96 3.85 3.72 3.58 3.43 3.27 3.11 2.94 2.77 2.60 2.43 2.26 2.09 1.92 1.75 1.58 1.41 1.25
0.17 0.15 0.12 0.10 0.08 0.07 0.06 0.05 0.05 0.06 0.07 0.08 0.10 0.13 0.16 0.20 0.25 0.30 0.35 0.41 0.47 0.53 0.60 0.67 0.74 0.82 0.90 1.00 1.10 1.22 1.34 1.48 1.62 1.76 1.92 2.07 2.24 2.40 2.57 2.73 2.90 3.07 3.23 3.39 3.55 3.70 3.83 3.96 4.07 4.17 4.25 4.32 4.38 4.43 4.47 4.49 4.51 4.51 4.50 4.48 4.45 4.40 4.34 4.26 4.18 4.08 3.98 3.86 3.73 3.59 3.44 3.29 3.13 2.96 2.80 2.63 2.46 2.29 2.12 1.95 1.78 1.61 1.44 1.28
0.16 0.13 0.11 0.09 0.08 0.06 0.05 0.05 0.05 0.05 0.06 0.08 0.10 0.12 0.16 0.20 0.24 0.29 0.34 0.40 0.46 0.52 0.59 0.66 0.73 0.81 0.90 1.01 1.12 1.24 1.37 1.51 1.65 1.80 1.95 2.11 2.27 2.43 2.60 2.76 2.93 3.09 3.25 3.41 3.56 3.70 3.83 3.95 4.05 4.14 4.22 4.29 4.35 4.40 4.44 4.46 4.48 4.48 4.48 4.46 4.43 4.38 4.33 4.25 4.17 4.08 3.97 3.86 3.73 3.59 3.44 3.29 3.13 2.97 2.80 2.64 2.47 2.30 2.13 1.96 1.79 1.62 1.46 1.30
0.14 0.12 0.10 0.08 0.07 0.06 0.05 0.04 0.04 0.05 0.06 0.07 0.09 0.12 0.15 0.19 0.23 0.28 0.33 0.39 0.45 0.51 0.57 0.64 0.72 0.81 0.91 1.02 1.14 1.26 1.39 1.53 1.68 1.83 1.98 2.14 2.30 2.46 2.62 2.78 2.94 3.10 3.25 3.40 3.55 3.68 3.80 3.91 4.01 4.10 4.17 4.24 4.30 4.34 4.38 4.41 4.43 4.43 4.43 4.41 4.38 4.34 4.29 4.22 4.14 4.05 3.95 3.83 3.71 3.57 3.43 3.27 3.12 2.96 2.79 2.63 2.46 2.29 2.12 1.96 1.79 1.62 1.46 1.30
