data_processed/recharge/precip/Precip_2006_02.asc
ncols        168
nrows        136
xllcorner    455000
yllcorner    2107000
cellsize     500
NODATA_value     -99999
[rows 74 to 110 of 136, columns 83 to 165 of 168]
0.00 0.00 0.00 0.00 0.00 0.00 0.00 0.00 0.00 0.00 0.01 0.02 0.03 0.04 0.04 0.04 0.03 0.03 0.02 0.02 0.02 0.01 0.01 0.01 0.01 0.01 0.01 0.01 0.01 0.01 0.02 0.02 0.02 0.02 0.02 0.02 0.02 0.03 0.03 0.03 0.03 0.04 0.04 0.04 0.05 0.05 0.05 0.05 0.06 0.06 0.06 0.06 0.06 0.05 0.05 0.05 0.04 0.03 0.03 0.02 0.02 0.01 0.01 0.00 0.00 0.00 0.00 0.00 0.00 0.00 0.00 0.00 0.00 0.00 0.00 0.00 0.00 0.00 0.00 0.00 0.00 0.00 0.00
0.00 0.00 0.00 0.00 0.00 0.00 0.00 0.00 0.00 0.00 0.02 0.03 0.04 0.05 0.05 0.04 0.04 0.03 0.03 0.02 0.02 0.02 0.02 0.02 0.01 0.01 0.01 0.01 0.01 0.01 0.02 0.02 0.02 0.02 0.02 0.02 0.02 0.02 0.03 0.03 0.03 0.04 0.04 0.04 0.05 0.05 0.05 0.05 0.06 0.06 0.06 0.06 0.05 0.05 0.05 0.05 0.04 0.04 0.03 0.02 0.02 0.01 0.01 0.00 0.00 0.00 0.00 0.00 0.00 0.00 0.00 0.00 0.00 0.00 0.00 0.00 0.00 0.00 0.00 0.00 0.00 0.00 0.00
0.00 0.00 0.00 0.00 0.00 0.00 0.00 0.00 0.00 0.01 0.03 0.04 0.05 0.05 0.05 0.05 0.04 0.03 0.03 0.03 0.02 0.02 0.02 0.02 0.02 0.01 0.01 0.01 0.01 0.01 0.01 0.02 0.02 0.02 0.02 0.02 0.02 0.02 0.03 0.03 0.03 0.03 0.04 0.04 0.04 0.05 0.05 0.05 0.05 0.05 0.05 0.05 0.05 0.05 0.05 0.04 0.04 0.04 0.03 0.02 0.02 0.01 0.01 0.00 0.00 0.00 0.00 0.00 0.00 0.00 0.00 0.00 0.00 0.00 0.00 0.00 0.00 0.00 0.00 0.00 0.00 0.00 0.00
0.04 0.02 0.01 0.00 0.00 0.00 0.00 0.00 0.01 0.02 0.03 0.05 0.05 0.06 0.06 0.05 0.04 0.04 0.03 0.03 0.03 0.02 0.02 0.02 0.02 0.02 0.01 0.01 0.01 0.01 0.01 0.01 0.01 0.01 0.02 0.02 0.02 0.02 0.02 0.02 0.03 0.03 0.03 0.04 0.04 0.04 0.05 0.05 0.05 0.05 0.05 0.05 0.05 0.05 0.05 0.04 0.04 0.03 0.03 0.02 0.02 0.01 0.01 0.00 0.00 0.00 0.00 0.00 0.00 0.00 0.00 0.00 0.00 0.00 0.00 0.00 0.00 0.00 0.00 0.00 0.00 0.00 0.00
0.08 0.06 0.05 0.04 0.03 0.03 0.03 0.03 0.03 0.04 0.04 0.05 0.06 0.06 0.06 0.06 0.05 0.04 0.04 0.03 0.03 0.02 0.02 0.02 0.02 0.01 0.01 0.01 0.01 0.01 0.01 0.01 0.01 0.01 0.01 0.01 0.01 0.02 0.02 0.02 0.02 0.03 0.03 0.03 0.04 0.04 0.04 0.04 0.04 0.04 0.05 0.04 0.04 0.04 0.04 0.04 0.04 0.03 0.03 0.02 0.02 0.01 0.01 0.00 0.00 0.00 0.00 0.00 0.00 0.00 0.00 0.00 0.00 0.00 0.00 0.00 0.00 0.00 0.00 0.00 0.00 0.00 0.00
0.11 0.10 0.08 0.07 0.07 0.06 0.05 0.05 0.05 0.05 0.06 0.06 0.07 0.07 0.07 0.06 0.05 0.05 0.04 0.04 0.03 0.03 0.02 0.02 0.02 0.01 0.01 0.01 0.01 0.01 0.01 0.01 0.01 0.01 0.01 0.01 0.01 0.01 0.01 0.02 0.02 0.02 0.02 0.03 0.03 0.03 0.03 0.04 0.04 0.04 0.04 0.04 0.04 0.04 0.03 0.03 0.03 0.03 0.02 0.02 0.02 0.01 0.01 0.00 0.00 0.00 0.00 0.00 0.00 0.00 0.00 0.00 0.00 0.00 0.00 0.00 0.00 0.00 0.00 0.00 0.00 0.00 0.00
0.15 0.14 0.12 0.11 0.10 0.09 0.09 0.08 0.08 0.07 0.07 0.07 0.07 0.08 0.07 0.07 0.06 0.05 0.04 0.04 0.03 0.03 0.02 0.02 0.01 0.01 0.01 0.01 0.00 0.00 0.00 0.00 0.00 0.00 0.00 0.00 0.00 0.01 0.01 0.01 0.01 0.01 0.02 0.02 0.02 0.02 0.03 0.03 0.03 0.03 0.03 0.03 0.03 0.03 0.03 0.02 0.02 0.02 0.02 0.02 0.01 0.01 0.01 0.00 0.00 0.00 0.00 0.00 0.00 0.00 0.00 0.00 0.00 0.00 0.00 0.00 0.00 0.00 0.00 0.00 0.00 0.00 0.00
0.20 0.18 0.17 0.15 0.14 0.13 0.12 0.11 0.11 0.10 0.09 0.09 0.09 0.08 0.08 0.07 0.06 0.05 0.05 0.04 0.03 0.03 0.02 0.02 0.01 0.01 0.01 0.00 0.00 0.00 0.00 0.00 0.00 0.00 0.00 0.00 0.00 0.00 0.00 0.00 0.00 0.00 0.01 0.01 0.01 0.01 0.01 0.02 0.02 0.02 0.02 0.02 0.02 0.02 0.02 0.02 0.01 0.01 0.01 0.01 0.01 0.01 0.01 0.00 0.00 0.00 0.00 0.00 0.00 0.00 0.00 0.00 0.00 0.00 0.00 0.00 0.00 0.00 0.00 0.00 0.00 0.00 0.00
0.24 0.23 0.21 0.20 0.18 0.17 0.16 0.15 0.14 0.13 0.12 0.11 0.10 0.09 0.08 0.07 0.06 0.06 0.05 0.04 0.03 0.02 0.02 0.01 0.01 0.00 0.00 0.00 0.00 0.00 0.00 0.00 0.00 0.00 0.00 0.00 0.00 0.00 0.00 0.00 0.00 0.00 0.00 0.00 0.00 0.00 0.00 0.00 0.00 0.00 0.00 0.00 0.00 0.00 0.00 0.00 0.00 0.00 0.00 0.00 0.00 0.00 0.00 0.00 0.00 0.00 0.00 0.00 0.00 0.00 0.00 0.00 0.00 0.00 0.00 0.00 0.00 0.00 0.00 0.00 0.00 0.00 0.00
0.28 0.27 0.25 0.24 0.22 0.21 0.20 0.18 0.17 0.16 0.14 0.13 0.12 0.10 0.09 0.08 0.07 0.06 0.05 0.04 0.03 0.03 0.02 0.01 0.01 0.00 0.00 0.00 0.00 0.00 0.00 0.00 0.00 0.00 0.00 0.00 0.00 0.00 0.00 0.00 0.00 0.00 0.00 0.00 0.00 0.00 0.00 0.00 0.00 0.00 0.00 0.00 0.00 0.00 0.00 0.00 0.00 0.00 0.00 0.00 0.00 0.00 0.00 0.00 0.00 0.00 0.00 0.00 0.00 0.00 0.00 0.00 0.00 0.00 0.00 0.00 0.00 0.00 0.00 0.00 0.00 0.00 0.00
0.31 0.30 0.28 0.27 0.25 0.24 0.22 0.21 0.19 0.17 0.16 0.14 0.12 0.10 0.09 0.09 0.08 0.08 0.06 0.05 0.04 0.04 0.03 0.02 0.01 0.01 0.00 0.00 0.00 0.00 0.00 0.00 0.00 0.00 0.00 0.00 0.00 0.00 0.00 0.00 0.00 0.00 0.00 0.00 0.00 0.00 0.00 0.00 0.00 0.00 0.00 0.00 0.00 0.00 0.00 0.00 0.00 0.00 0.00 0.00 0.00 0.00 0.00 0.00 0.00 0.00 0.00 0.00 0.00 0.00 0.00 0.00 0.00 0.00 0.00 0.00 0.00 0.00 0.00 0.00 0.00 0.00 0.00
0.34 0.32 0.31 0.29 0.27 0.26 0.24 0.22 0.20 0.18 0.16 0.13 0.11 0.09 0.09 0.10 0.10 0.10 0.09 0.08 0.07 0.05 0.04 0.04 0.03 0.02 0.01 0.00 0.00 0.00 0.00 0.00 0.00 0.00 0.00 0.00 0.00 0.00 0.00 0.00 0.00 0.00 0.00 0.00 0.00 0.00 0.00 0.00 0.00 0.00 0.00 0.00 0.00 0.00 0.00 0.00 0.00 0.00 0.00 0.00 0.00 0.00 0.00 0.00 0.00 0.00 0.00 0.00 0.00 0.00 0.00 0.00 0.00 0.00 0.00 0.00 0.00 0.00 0.00 0.00 0.00 0.00 0.00
0.35 0.33 0.32 0.30 0.28 0.26 0.24 0.22 0.20 0.17 0.15 0.12 0.10 0.09 0.09 0.11 0.12 0.13 0.12 0.11 0.10 0.08 0.07 0.06 0.05 0.04 0.03 0.02 0.01 0.00 0.00 0.00 0.00 0.00 0.00 0.00 0.00 0.00 0.00 0.00 0.00 0.00 0.00 0.00 0.00 0.00 0.00 0.00 0.00 0.00 0.00 0.00 0.00 0.00 0.00 0.00 0.00 0.00 0.00 0.00 0.00 0.00 0.00 0.00 0.00 0.00 0.00 0.00 0.00 0.00 0.00 0.00 0.00 0.00 0.00 0.00 0.00 0.00 0.00 0.00 0.00 0.00 0.00
0.36 0.34 0.33 0.31 0.29 0.27 0.24 0.22 0.19 0.16 0.13 0.10 0.09 0.09 0.10 0.12 0.14 0.15 0.16 0.15 0.14 0.12 0.11 0.09 0.08 0.07 0.05 0.04 0.03 0.02 0.01 0.00 0.00 0.00 0.00 0.00 0.00 0.00 0.00 0.00 0.00 0.00 0.00 0.00 0.00 0.00 0.00 0.00 0.00 0.00 0.00 0.00 0.00 0.00 0.00 0.00 0.00 0.00 0.00 0.00 0.00 0.00 0.00 0.00 0.00 0.00 0.00 0.00 0.00 0.00 0.00 0.00 0.00 0.00 0.00 0.00 0.00 0.00 0.00 0.00 0.00 0.00 0.00
0.36 0.35 0.33 0.31 0.29 0.26 0.24 0.21 0.18 0.14 0.11 0.09 0.09 0.09 0.11 0.14 0.16 0.18 0.19 0.19 0.19 0.17 0.15 0.13 0.12 0.10 0.09 0.07 0.06 0.04 0.03 0.02 0.01 0.00 0.00 0.00 0.00 0.00 0.00 0.00 0.00 0.00 0.00 0.00 0.00 0.00 0.00 0.00 0.00 0.00 0.00 0.00 0.00 0.00 0.00 0.00 0.00 0.00 0.00 0.00 0.00 0.00 0.00 0.00 0.00 0.00 0.00 0.00 0.00 0.00 0.00 0.00 0.00 0.00 0.00 0.00 0.00 0.00 0.00 0.00 0.00 0.00 0.00
0.36 0.35 0.33 0.31 0.28 0.26 0.23 0.19 0.16 0.13 0.10 0.09 0.09 0.10 0.12 0.16 0.19 0.21 0.23 0.24 0.23 0.22 0.20 0.18 0.16 0.14 0.13 0.11 0.09 0.07 0.06 0.04 0.03 0.02 0.00 0.00 0.00 0.00 0.00 0.00 0.00 0.00 0.00 0.00 0.00 0.00 0.00 0.00 0.00 0.00 0.00 0.00 0.00 0.00 0.00 0.00 0.00 0.00 0.00 0.00 0.00 0.00 0.00 0.00 0.00 0.00 0.00 0.00 0.00 0.00 0.00 0.00 0.00 0.00 0.00 0.00 0.00 0.00 0.00 0.00 0.00 0.00 0.00
0.37 0.35 0.33 0.31 0.28 0.25 0.22 0.18 0.15 0.12 0.10 0.10 0.10 0.12 0.14 0.18 0.22 0.24 0.27 0.28 0.28 0.28 0.26 0.24 0.22 0.19 0.17 0.15 0.13 0.11 0.09 0.07 0.05 0.04 0.02 0.00 0.00 0.00 0.00 0.00 0.00 0.00 0.00 0.00 0.00 0.00 0.00 0.00 0.00 0.00 0.00 0.00 0.00 0.00 0.00 0.00 0.00 0.00 0.00 0.00 0.00 0.00 0.00 0.00 0.00 0.00 0.00 0.00 0.00 0.00 0.00 0.00 0.00 0.00 0.00 0.00 0.00 0.00 0.00 0.00 0.00 0.00 0.00
0.37 0.35 0.33 0.30 0.27 0.24 0.21 0.17 0.14 0.12 0.11 0.11 0.12 0.14 0.17 0.21 0.25 0.28 0.31 0.32 0.33 0.33 0.33 0.31 0.28 0.25 0.23 0.20 0.18 0.15 0.13 0.11 0.08 0.06 0.04 0.01 0.00 0.00 0.00 0.00 0.00 0.00 0.00 0.00 0.00 0.00 0.00 0.00 0.00 0.00 0.00 0.00 0.00 0.00 0.00 0.00 0.00 0.00 0.00 0.00 0.00 0.00 0.00 0.00 0.00 0.00 0.00 0.00 0.00 0.00 0.00 0.00 0.00 0.00 0.00 0.00 0.00 0.00 0.00 0.00 0.00 0.00 0.00
0.38 0.36 0.34 0.31 0.27 0.24 0.20 0.17 0.15 0.14 0.13 0.14 0.15 0.17 0.20 0.24 0.28 0.32 0.35 0.37 0.38 0.39 0.38 0.37 0.35 0.32 0.29 0.26 0.23 0.20 0.17 0.14 0.11 0.08 0.06 0.03 0.00 0.00 0.00 0.00 0.00 0.00 0.00 0.00 0.00 0.00 0.00 0.00 0.00 0.00 0.00 0.00 0.00 0.00 0.00 0.00 0.00 0.00 0.00 0.00 0.00 0.00 0.00 0.00 0.00 0.00 0.00 0.00 0.00 0.00 0.00 0.00 0.00 0.00 0.00 0.00 0.00 0.00 0.00 0.00 0.00 0.00 0.00
0.39 0.37 0.35 0.31 0.28 0.24 0.21 0.19 0.17 0.16 0.16 0.17 0.18 0.21 0.24 0.28 0.32 0.36 0.39 0.42 0.43 0.44 0.44 0.44 0.42 0.39 0.36 0.32 0.29 0.25 0.22 0.18 0.15 0.11 0.08 0.04 0.01 0.00 0.00 0.00 0.00 0.00 0.00 0.00 0.00 0.00 0.00 0.00 0.00 0.00 0.00 0.00 0.00 0.00 0.00 0.00 0.00 0.00 0.00 0.00 0.00 0.00 0.00 0.00 0.00 0.00 0.00 0.00 0.00 0.00 0.00 0.00 0.00 0.00 0.00 0.00 0.00 0.00 0.00 0.00 0.00 0.00 0.00
0.41 0.39 0.36 0.33 0.30 0.27 0.24 0.22 0.21 0.20 0.20 0.21 0.23 0.25 0.29 0.33 0.37 0.41 0.44 0.46 0.48 0.50 0.50 0.50 0.49 0.46 0.43 0.39 0.35 0.31 0.27 0.23 0.19 0.14 0.10 0.06 0.03 0.00 0.00 0.00 0.00 0.00 0.00 0.00 0.00 0.00 0.00 0.00 0.00 0.00 0.00 0.00 0.00 0.00 0.00 0.00 0.00 0.00 0.00 0.00 0.00 0.00 0.00 0.00 0.00 0.00 0.00 0.00 0.00 0.00 0.00 0.00 0.00 0.00 0.00 0.00 0.00 0.00 0.00 0.00 0.00 0.00 0.00
0.44 0.42 0.39 0.36 0.33 0.30 0.28 0.27 0.26 0.25 0.26 0.26 0.28 0.31 0.34 0.38 0.42 0.46 0.49 0.52 0.54 0.55 0.56 0.56 0.55 0.53 0.51 0.47 0.43 0.38 0.33 0.28 0.22 0.18 0.13 0.09 0.05 0.01 0.00 0.00 0.00 0.00 0.00 0.00 0.00 0.00 0.00 0.00 0.00 0.00 0.00 0.00 0.00 0.00 0.00 0.00 0.00 0.00 0.00 0.00 0.00 0.00 0.00 0.00 0.00 0.00 0.00 0.00 0.00 0.00 0.00 0.00 0.00 0.00 0.00 0.00 0.00 0.00 0.00 0.00 0.00 0.00 0.00
0.48 0.45 0.43 0.40 0.38 0.36 0.34 0.33 0.32 0.32 0.32 0.33 0.35 0.37 0.40 0.44 0.48 0.52 0.55 0.57 0.59 0.61 0.62 0.62 0.61 0.60 0.58 0.54 0.50 0.44 0.38 0.32 0.27 0.21 0.16 0.11 0.07 0.03 0.00 0.00 0.00 0.00 0.00 0.00 0.00 0.00 0.00 0.00 0.00 0.00 0.00 0.00 0.00 0.00 0.00 0.00 0.00 0.00 0.00 0.00 0.00 0.00 0.00 0.00 0.00 0.00 0.00 0.00 0.00 0.00 0.00 0.00 0.00 0.00 0.00 0.00 0.00 0.00 0.00 0.00 0.00 0.00 0.00
0.52 0.50 0.48 0.47 0.45 0.43 0.41 0.40 0.40 0.39 0.40 0.41 0.42 0.44 0.47 0.51 0.54 0.58 0.61 0.63 0.65 0.67 0.68 0.68 0.68 0.67 0.64 0.61 0.57 0.51 0.44 0.38 0.31 0.25 0.19 0.14 0.09 0.05 0.01 0.00 0.00 0.00 0.00 0.00 0.00 0.00 0.00 0.00 0.00 0.00 0.00 0.00 0.00 0.00 0.00 0.00 0.00 0.00 0.00 0.00 0.00 0.00 0.00 0.00 0.00 0.00 0.00 0.00 0.00 0.00 0.00 0.00 0.00 0.00 0.00 0.00 0.00 0.00 0.00 0.00 0.00 0.00 0.00
0.57 0.56 0.56 0.55 0.53 0.52 0.51 0.50 0.49 0.49 0.49 0.49 0.51 0.53 0.55 0.58 0.62 0.65 0.67 0.70 0.72 0.73 0.74 0.74 0.74 0.73 0.71 0.67 0.63 0.57 0.51 0.43 0.36 0.29 0.23 0.17 0.11 0.07 0.03 0.00 0.00 0.00 0.00 0.00 0.00 0.00 0.00 0.00 0.00 0.00 0.00 0.00 0.00 0.00 0.00 0.00 0.00 0.00 0.00 0.00 0.00 0.00 0.00 0.00 0.00 0.00 0.00 0.00 0.00 0.00 0.00 0.00 0.00 0.00 0.00 0.00 0.00 0.00 0.00 0.00 0.00 0.00 0.00
0.64 0.64 0.64 0.64 0.63 0.62 0.61 0.60 0.60 0.59 0.59 0.60 0.61 0.62 0.64 0.67 0.70 0.72 0.75 0.77 0.79 0.80 0.81 0.81 0.80 0.79 0.76 0.73 0.68 0.62 0.56 0.49 0.41 0.33 0.26 0.20 0.14 0.09 0.05 0.02 0.00 0.00 0.00 0.00 0.00 0.00 0.00 0.00 0.00 0.00 0.00 0.00 0.00 0.00 0.00 0.00 0.00 0.00 0.00 0.00 0.00 0.00 0.00 0.00 0.00 0.00 0.00 0.00 0.00 0.00 0.00 0.00 0.00 0.00 0.00 0.00 0.00 0.00 0.00 0.00 0.00 0.00 0.00
0.73 0.74 0.74 0.74 0.74 0.74 0.74 0.73 0.72 0.71 0.71 0.71 0.72 0.73 0.74 0.76 0.79 0.81 0.83 0.84 0.86 0.87 0.87 0.87 0.86 0.84 0.81 0.77 0.73 0.67 0.61 0.54 0.46 0.38 0.30 0.23 0.17 0.12 0.07 0.04 0.01 0.00 0.00 0.00 0.00 0.00 0.00 0.00 0.00 0.00 0.00 0.00 0.00 0.00 0.00 0.00 0.00 0.00 0.00 0.00 0.00 0.00 0.00 0.00 0.00 0.00 0.00 0.00 0.00 0.00 0.00 0.00 0.00 0.00 0.00 0.00 0.00 0.00 0.00 0.00 0.00 0.00 0.01
0.83 0.84 0.85 0.86 0.87 0.87 0.87 0.87 0.86 0.85 0.84 0.84 0.84 0.84 0.85 0.87 0.89 0.90 0.91 0.93 0.94 0.94 0.94 0.93 0.92 0.89 0.86 0.82 0.77 0.71 0.65 0.58 0.51 0.43 0.35 0.27 0.20 0.14 0.10 0.06 0.03 0.02 0.00 0.00 0.00 0.00 0.00 0.00 0.00 0.00 0.00 0.00 0.00 0.00 0.00 0.00 0.00 0.00 0.00 0.00 0.00 0.00 0.00 0.00 0.00 0.00 0.00 0.00 0.00 0.00 0.00 0.00 0.00 0.00 0.00 0.00 0.00 0.00 0.00 0.00 0.01 0.02 0.04
0.95 0.96 0.98 1.00 1.01 1.01 1.02 1.02 1.01 1.00 0.99 0.98 0.98 0.98 0.98 0.98 0.99 1.00 1.01 1.01 1.02 1.02 1.01 0.99 0.97 0.94 0.90 0.85 0.80 0.75 0.68 0.62 0.55 0.47 0.39 0.31 0.24 0.18 0.12 0.08 0.06 0.04 0.02 0.00 0.00 0.00 0.00 0.00 0.00 0.00 0.00 0.00 0.00 0.00 0.00 0.00 0.00 0.00 0.00 0.00 0.00 0.00 0.00 0.00 0.00 0.00 0.00 0.00 0.00 0.00 0.00 0.00 0.00 0.00 0.00 0.00 0.00 0.00 0.01 0.02 0.04 0.05 0.06
1.07 1.10 1.12 1.14 1.16 1.17 1.17 1.18 1.17 1.17 1.16 1.14 1.13 1.12 1.11 1.11 1.11 1.11 1.11 1.11 1.11 1.10 1.08 1.05 1.02 0.98 0.94 0.89 0.83 0.78 0.71 0.65 0.58 0.51 0.43 0.35 0.28 0.21 0.15 0.11 0.08 0.06 0.04 0.02 0.00 0.00 0.00 0.00 0.00 0.00 0.00 0.00 0.00 0.00 0.00 0.00 0.00 0.00 0.00 0.00 0.00 0.00 0.00 0.00 0.00 0.00 0.00 0.00 0.00 0.00 0.00 0.00 0.00 0.00 0.00 0.00 0.01 0.03 0.04 0.05 0.07 0.08 0.09
1.22 1.25 1.27 1.30 1.32 1.33 1.34 1.35 1.35 1.34 1.33 1.31 1.29 1.28 1.26 1.25 1.24 1.23 1.22 1.21 1.20 1.17 1.14 1.11 1.07 1.02 0.97 0.92 0.86 0.80 0.74 0.67 0.60 0.53 0.46 0.39 0.32 0.25 0.19 0.14 0.11 0.08 0.06 0.04 0.02 0.00 0.00 0.00 0.00 0.00 0.00 0.00 0.00 0.00 0.00 0.00 0.00 0.00 0.00 0.00 0.00 0.00 0.00 0.00 0.00 0.00 0.00 0.00 0.00 0.00 0.00 0.00 0.00 0.00 0.01 0.03 0.05 0.06 0.08 0.09 0.11 0.12 0.13
1.37 1.40 1.44 1.46 1.49 1.50 1.52 1.53 1.53 1.52 1.51 1.50 1.47 1.45 1.42 1.40 1.38 1.36 1.34 1.32 1.29 1.25 1.21 1.17 1.12 1.06 1.01 0.95 0.89 0.82 0.76 0.69 0.62 0.55 0.49 0.42 0.35 0.29 0.22 0.17 0.14 0.11 0.09 0.06 0.04 0.02 0.00 0.00 0.00 0.00 0.00 0.00 0.00 0.00 0.00 0.00 0.00 0.00 0.00 0.00 0.00 0.00 0.00 0.00 0.00 0.00 0.00 0.00 0.00 0.00 0.00 0.00 0.02 0.04 0.06 0.07 0.09 0.10 0.12 0.13 0.15 0.16 0.17
1.54 1.58 1.61 1.64 1.67 1.69 1.70 1.71 1.72 1.71 1.70 1.69 1.66 1.63 1.60 1.56 1.53 1.50 1.47 1.43 1.38 1.33 1.28 1.22 1.16 1.10 1.04 0.97 0.91 0.84 0.77 0.70 0.64 0.57 0.50 0.44 0.38 0.32 0.26 0.21 0.17 0.14 0.11 0.09 0.06 0.04 0.02 0.00 0.00 0.00 0.00 0.00 0.00 0.00 0.00 0.00 0.00 0.00 0.00 0.00 0.00 0.00 0.00 0.00 0.00 0.00 0.00 0.00 0.00 0.01 0.03 0.05 0.06 0.08 0.10 0.12 0.13 0.15 0.17 0.18 0.19 0.20 0.21
1.71 1.76 1.80 1.83 1.86 1.88 1.90 1.91 1.91 1.91 1.90 1.88 1.86 1.83 1.79 1.74 1.70 1.65 1.59 1.54 1.48 1.41 1.35 1.28 1.21 1.14 1.07 1.00 0.92 0.85 0.78 0.71 0.64 0.58 0.51 0.45 0.40 0.34 0.29 0.24 0.21 0.17 0.14 0.12 0.09 0.06 0.04 0.02 0.00 0.00 0.00 0.00 0.00 0.00 0.00 0.00 0.00 0.00 0.00 0.00 0.00 0.00 0.00 0.00 0.00 0.00 0.00 0.01 0.03 0.05 0.07 0.09 0.11 0.13 0.15 0.17 0.19 0.20 0.22 0.23 0.24 0.25 0.26
1.90 1.95 1.99 2.03 2.06 2.08 2.10 2.11 2.12 2.11 2.10 2.09 2.06 2.03 1.98 1.93 1.86 1.79 1.72 1.65 1.57 1.50 1.42 1.34 1.26 1.18 1.10 1.02 0.94 0.87 0.79 0.72 0.65 0.58 0.52 0.46 0.41 0.36 0.31 0.28 0.24 0.21 0.18 0.15 0.12 0.09 0.07 0.05 0.02 0.01 0.00 0.00 0.00 0.00 0.00 0.00 0.00 0.00 0.00 0.00 0.00 0.00 0.00 0.00 0.00 0.01 0.04 0.06 0.08 0.10 0.13 0.15 0.17 0.19 0.21 0.22 0.24 0.26 0.27 0.28 0.30 0.31 0.31
2.12 2.17 2.21 2.25 2.28 2.31 2.32 2.33 2.34 2.33 2.32 2.30 2.27 2.23 2.18 2.11 2.03 1.94 1.85 1.76 1.67 1.58 1.49 1.39 1.30 1.21 1.13 1.04 0.96 0.87 0.80 0.72 0.65 0.58 0.52 0.47 0.42 0.37 0.33 0.30 0.27 0.24 0.21 0.18 0.15 0.12 0.10 0.08 0.05 0.03 0.02 0.00 0.00 0.00 0.00 0.00 0.00 0.00 0.00 0.00 0.00 0.00 0.01 0.02 0.04 0.07 0.09 0.11 0.14 0.16 0.18 0.20 0.22 0.24 0.26 0.28 0.30 0.31 0.33 0.34 0.35 0.36 0.37
2.37 2.42 2.46 2.49 2.52 2.55 2.56 2.57 2.57 2.56 2.54 2.52 2.48 2.44 2.37 2.29 2.19 2.09 1.98 1.87 1.77 1.66 1.55 1.45 1.35 1.25 1.15 1.06 0.97 0.88 0.80 0.72 0.65 0.58 0.52 0.47 0.42 0.38 0.35 0.32 0.30 0.27 0.24 0.21 0.18 0.16 0.13 0.11 0.08 0.07 0.05 0.03 0.02 0.01 0.01 0.00 0.00 0.00 0.01 0.02 0.03 0.04 0.06 0.08 0.10 0.12 0.15 0.17 0.19 0.22 0.24 0.26 0.29 0.31 0.33 0.34 0.36 0.38 0.39 0.40 0.41 0.42 0.43
