data_processed/recharge/precip/Precip_2009_01.asc
ncols        168
nrows        136
xllcorner    455000
yllcorner    2107000
cellsize     500
NODATA_value     -99999
[rows 0 to 35 of 136, columns 0 to 81 of 168]
23.98 23.81 23.61 23.41 23.18 22.94 22.68 22.40 22.11 21.81 21.49 21.16 20.81 20.46 20.09 19.71 19.32 18.92 18.51 18.10 17.71 17.33 16.97 16.62 16.28 15.96 15.64 15.34 15.04 14.76 14.48 14.21 13.94 13.69 13.44 13.19 12.94 12.70 12.47 12.23 12.00 11.78 11.56 11.34 11.13 10.92 10.72 10.52 10.33 10.14 9.96 9.78 9.61 9.44 9.27 9.11 8.95 8.79 8.62 8.45 8.27 8.09 7.91 7.73 7.55 7.36 7.18 7.01 6.83 6.66 6.50 6.34 6.18 6.04 5.90 5.77 5.65 5.53 5.41 5.30 5.19 5.08
24.16 24.00 23.83 23.63 23.42 23.18 22.93 22.67 22.39 22.09 21.77 21.45 21.10 20.75 20.38 20.00 19.61 19.20 18.79 18.38 17.98 17.60 17.23 16.88 16.53 16.20 15.89 15.58 15.28 14.99 14.71 14.44 14.17 13.91 13.66 13.41 13.17 12.93 12.69 12.45 12.22 11.99 11.77 11.55 11.34 11.13 10.92 10.72 10.53 10.34 10.15 9.97 9.79 9.62 9.45 9.29 9.12 8.94 8.76 8.58 8.39 8.20 8.01 7.82 7.63 7.44 7.25 7.07 6.89 6.71 6.54 6.38 6.22 6.07 5.93 5.80 5.67 5.55 5.43 5.32 5.20 5.09
24.33 24.19 24.03 23.85 23.64 23.42 23.18 22.92 22.65 22.36 22.05 21.72 21.39 21.03 20.66 20.28 19.89 19.48 19.06 18.65 18.25 17.86 17.49 17.13 16.79 16.45 16.13 15.82 15.52 15.23 14.95 14.67 14.41 14.15 13.89 13.64 13.40 13.16 12.92 12.68 12.45 12.22 11.99 11.77 11.55 11.34 11.13 10.93 10.73 10.54 10.35 10.17 9.99 9.82 9.65 9.47 9.29 9.10 8.91 8.71 8.51 8.31 8.11 7.91 7.72 7.52 7.32 7.13 6.95 6.77 6.59 6.42 6.26 6.11 5.96 5.83 5.70 5.58 5.45 5.34 5.22 5.11
24.49 24.36 24.21 24.05 23.86 23.65 23.42 23.17 22.90 22.62 22.31 21.99 21.66 21.31 20.94 20.56 20.16 19.75 19.33 18.91 18.51 18.12 17.74 17.38 17.03 16.70 16.38 16.06 15.76 15.47 15.18 14.91 14.64 14.38 14.12 13.87 13.63 13.39 13.15 12.92 12.68 12.45 12.22 12.00 11.78 11.56 11.35 11.15 10.95 10.75 10.57 10.38 10.20 10.02 9.84 9.65 9.45 9.25 9.05 8.84 8.64 8.43 8.22 8.01 7.80 7.60 7.40 7.20 7.01 6.82 6.64 6.46 6.30 6.14 5.99 5.86 5.73 5.60 5.48 5.36 5.24 5.13
24.63 24.52 24.39 24.23 24.06 23.86 23.64 23.40 23.14 22.87 22.57 22.26 21.92 21.58 21.21 20.83 20.43 20.02 19.60 19.17 18.77 18.37 17.99 17.63 17.28 16.94 16.62 16.30 16.00 15.71 15.42 15.15 14.88 14.62 14.36 14.11 13.87 13.63 13.39 13.16 12.92 12.69 12.46 12.24 12.02 11.80 11.59 11.38 11.18 10.98 10.79 10.60 10.42 10.23 10.03 9.83 9.62 9.41 9.19 8.98 8.76 8.54 8.32 8.10 7.89 7.68 7.47 7.26 7.07 6.87 6.69 6.51 6.34 6.18 6.03 5.89 5.76 5.63 5.50 5.38 5.26 5.15
24.75 24.66 24.55 24.41 24.24 24.06 23.85 23.62 23.37 23.10 22.82 22.51 22.18 21.83 21.47 21.09 20.69 20.28 19.86 19.43 19.02 18.62 18.24 17.88 17.52 17.19 16.86 16.54 16.24 15.94 15.66 15.38 15.11 14.85 14.60 14.35 14.11 13.87 13.63 13.40 13.17 12.94 12.72 12.49 12.27 12.05 11.83 11.62 11.42 11.22 11.03 10.83 10.64 10.43 10.22 10.00 9.78 9.56 9.34 9.11 8.88 8.65 8.43 8.20 7.98 7.76 7.54 7.33 7.13 6.93 6.74 6.55 6.38 6.22 6.06 5.92 5.79 5.66 5.53 5.41 5.29 5.17
24.86 24.79 24.69 24.56 24.42 24.24 24.05 23.83 23.59 23.33 23.05 22.75 22.42 22.08 21.72 21.34 20.95 20.54 20.11 19.68 19.26 18.87 18.49 18.12 17.76 17.42 17.10 16.78 16.48 16.18 15.90 15.62 15.35 15.09 14.84 14.59 14.35 14.11 13.88 13.65 13.42 13.20 12.97 12.75 12.53 12.31 12.09 11.88 11.67 11.47 11.27 11.07 10.85 10.64 10.41 10.18 9.95 9.72 9.48 9.24 9.00 8.77 8.53 8.30 8.07 7.84 7.62 7.40 7.19 6.98 6.79 6.60 6.42 6.26 6.10 5.96 5.82 5.69 5.56 5.44 5.31 5.19
24.95 24.90 24.81 24.71 24.57 24.42 24.23 24.03 23.80 23.55 23.27 22.98 22.66 22.32 21.97 21.59 21.19 20.78 20.35 19.92 19.50 19.11 18.72 18.35 18.00 17.66 17.33 17.02 16.71 16.42 16.13 15.86 15.59 15.33 15.08 14.84 14.60 14.36 14.13 13.91 13.68 13.46 13.24 13.02 12.80 12.58 12.36 12.15 11.94 11.73 11.52 11.30 11.07 10.84 10.60 10.36 10.12 9.87 9.62 9.38 9.13 8.88 8.64 8.39 8.15 7.92 7.69 7.47 7.25 7.04 6.84 6.65 6.47 6.30 6.14 5.99 5.86 5.72 5.59 5.47 5.34 5.22
25.02 24.99 24.92 24.83 24.72 24.57 24.40 24.21 23.99 23.75 23.48 23.19 22.88 22.55 22.20 21.82 21.43 21.02 20.59 20.15 19.74 19.34 18.95 18.59 18.23 17.89 17.56 17.25 16.94 16.65 16.37 16.09 15.83 15.57 15.32 15.08 14.84 14.61 14.39 14.16 13.94 13.72 13.51 13.29 13.08 12.86 12.64 12.43 12.21 11.99 11.77 11.53 11.29 11.04 10.79 10.54 10.29 10.03 9.77 9.51 9.25 9.00 8.74 8.49 8.25 8.00 7.77 7.54 7.32 7.10 6.90 6.70 6.52 6.34 6.18 6.03 5.90 5.76 5.63 5.50 5.37 5.25
25.08 25.06 25.02 24.94 24.84 24.71 24.56 24.38 24.17 23.94 23.68 23.40 23.10 22.77 22.42 22.05 21.66 21.25 20.81 20.38 19.96 19.56 19.18 18.81 18.46 18.12 17.79 17.48 17.17 16.88 16.60 16.33 16.07 15.81 15.57 15.33 15.09 14.87 14.64 14.42 14.21 13.99 13.78 13.57 13.36 13.15 12.94 12.72 12.49 12.25 12.01 11.76 11.51 11.25 10.99 10.72 10.45 10.18 9.91 9.65 9.38 9.11 8.85 8.59 8.34 8.09 7.84 7.61 7.38 7.16 6.95 6.75 6.56 6.39 6.22 6.07 5.93 5.80 5.66 5.53 5.40 5.28
25.12 25.12 25.09 25.04 24.95 24.84 24.70 24.53 24.33 24.11 23.86 23.59 23.29 22.97 22.63 22.26 21.87 21.46 21.03 20.60 20.18 19.78 19.40 19.03 18.68 18.34 18.01 17.70 17.40 17.11 16.83 16.56 16.30 16.05 15.81 15.57 15.34 15.12 14.90 14.68 14.47 14.26 14.06 13.85 13.65 13.44 13.23 13.01 12.77 12.52 12.26 11.99 11.73 11.45 11.18 10.90 10.62 10.34 10.06 9.78 9.50 9.23 8.96 8.69 8.43 8.17 7.92 7.68 7.45 7.22 7.01 6.81 6.61 6.44 6.27 6.12 5.98 5.84 5.70 5.57 5.44 5.31
25.13 25.16 25.15 25.11 25.04 24.95 24.82 24.66 24.48 24.27 24.03 23.77 23.48 23.17 22.83 22.47 22.08 21.67 21.24 20.81 20.39 19.99 19.61 19.24 18.89 18.55 18.23 17.92 17.62 17.33 17.06 16.79 16.54 16.29 16.05 15.82 15.59 15.37 15.16 14.95 14.74 14.54 14.34 14.14 13.94 13.73 13.52 13.29 13.04 12.78 12.50 12.22 11.94 11.66 11.37 11.08 10.79 10.50 10.21 9.92 9.63 9.35 9.07 8.79 8.52 8.26 8.00 7.76 7.52 7.29 7.07 6.86 6.67 6.48 6.32 6.16 6.02 5.88 5.74 5.61 5.48 5.35
25.13 25.17 25.19 25.17 25.12 25.04 24.92 24.78 24.61 24.42 24.19 23.93 23.65 23.35 23.01 22.66 22.27 21.87 21.44 21.01 20.59 20.19 19.81 19.45 19.10 18.76 18.44 18.13 17.84 17.55 17.28 17.02 16.77 16.52 16.29 16.06 15.84 15.63 15.42 15.21 15.01 14.81 14.62 14.43 14.23 14.02 13.79 13.55 13.30 13.03 12.75 12.46 12.16 11.86 11.56 11.26 10.96 10.65 10.35 10.05 9.76 9.46 9.18 8.89 8.62 8.35 8.08 7.83 7.59 7.35 7.13 6.92 6.72 6.54 6.36 6.21 6.06 5.92 5.79 5.65 5.52 5.39
25.11 25.17 25.21 25.21 25.17 25.11 25.01 24.89 24.73 24.54 24.33 24.08 23.81 23.51 23.19 22.83 22.46 22.05 21.63 21.19 20.78 20.38 20.00 19.64 19.29 18.96 18.64 18.34 18.05 17.77 17.50 17.24 16.99 16.75 16.52 16.30 16.09 15.88 15.67 15.48 15.28 15.09 14.90 14.71 14.51 14.29 14.06 13.81 13.55 13.28 12.99 12.69 12.38 12.07 11.75 11.44 11.12 10.81 10.50 10.19 9.88 9.58 9.29 9.00 8.71 8.43 8.17 7.91 7.66 7.42 7.19 6.98 6.78 6.59 6.42 6.26 6.11 5.97 5.83 5.69 5.56 5.43
25.06 25.15 25.20 25.22 25.21 25.16 25.08 24.97 24.83 24.66 24.45 24.22 23.96 23.67 23.35 23.00 22.63 22.23 21.80 21.37 20.96 20.57 20.19 19.83 19.48 19.16 18.84 18.54 18.25 17.98 17.71 17.46 17.22 16.98 16.76 16.54 16.33 16.13 15.93 15.74 15.55 15.37 15.18 14.98 14.77 14.55 14.31 14.06 13.79 13.51 13.22 12.91 12.60 12.27 11.95 11.62 11.29 10.97 10.65 10.33 10.01 9.70 9.40 9.10 8.81 8.52 8.25 7.99 7.73 7.49 7.26 7.04 6.83 6.64 6.47 6.31 6.16 6.02 5.88 5.74 5.61 5.47
24.99 25.11 25.18 25.22 25.23 25.20 25.14 25.04 24.91 24.75 24.56 24.34 24.09 23.80 23.49 23.15 22.78 22.39 21.96 21.54 21.13 20.74 20.36 20.01 19.67 19.34 19.03 18.73 18.45 18.18 17.92 17.67 17.43 17.21 16.99 16.78 16.57 16.38 16.19 16.00 15.82 15.64 15.45 15.24 15.02 14.79 14.55 14.29 14.02 13.73 13.44 13.13 12.81 12.48 12.14 11.80 11.46 11.13 10.80 10.47 10.14 9.82 9.51 9.20 8.91 8.62 8.34 8.06 7.81 7.56 7.32 7.10 6.89 6.70 6.52 6.36 6.22 6.07 5.93 5.79 5.65 5.52
24.90 25.04 25.14 25.20 25.22 25.21 25.17 25.09 24.98 24.83 24.65 24.44 24.20 23.92 23.62 23.29 22.92 22.53 22.11 21.69 21.28 20.90 20.53 20.17 19.84 19.52 19.21 18.92 18.64 18.37 18.12 17.88 17.65 17.43 17.21 17.01 16.81 16.62 16.44 16.26 16.09 15.90 15.70 15.48 15.26 15.02 14.77 14.50 14.23 13.94 13.64 13.33 13.01 12.68 12.33 11.98 11.63 11.29 10.95 10.61 10.27 9.95 9.62 9.31 9.01 8.71 8.42 8.15 7.88 7.63 7.39 7.16 6.95 6.76 6.58 6.42 6.27 6.12 5.98 5.84 5.70 5.57
24.79 24.95 25.07 25.15 25.20 25.21 25.18 25.12 25.02 24.89 24.72 24.53 24.29 24.03 23.74 23.41 23.05 22.67 22.25 21.83 21.43 21.05 20.68 20.33 20.00 19.68 19.38 19.10 18.82 18.56 18.32 18.08 17.85 17.64 17.43 17.24 17.05 16.87 16.69 16.52 16.33 16.14 15.93 15.71 15.47 15.23 14.97 14.71 14.43 14.14 13.84 13.52 13.20 12.86 12.52 12.16 11.80 11.45 11.10 10.75 10.41 10.07 9.74 9.42 9.11 8.80 8.51 8.23 7.96 7.70 7.46 7.23 7.02 6.82 6.64 6.48 6.33 6.18 6.04 5.90 5.76 5.62
24.66 24.84 24.98 25.09 25.15 25.18 25.17 25.13 25.05 24.93 24.78 24.59 24.37 24.12 23.83 23.52 23.17 22.79 22.38 21.96 21.56 21.18 20.82 20.48 20.15 19.84 19.54 19.26 19.00 18.74 18.50 18.27 18.05 17.85 17.65 17.46 17.28 17.11 16.94 16.75 16.56 16.36 16.14 15.91 15.67 15.42 15.16 14.89 14.61 14.32 14.01 13.70 13.37 13.04 12.69 12.34 11.98 11.61 11.25 10.89 10.54 10.19 9.86 9.53 9.21 8.90 8.60 8.31 8.04 7.78 7.53 7.30 7.08 6.88 6.70 6.54 6.39 6.24 6.10 5.95 5.81 5.68
24.50 24.70 24.87 25.00 25.09 25.13 25.15 25.12 25.05 24.95 24.81 24.64 24.43 24.19 23.92 23.61 23.26 22.89 22.48 22.07 21.68 21.30 20.95 20.61 20.29 19.98 19.69 19.42 19.16 18.91 18.68 18.46 18.25 18.05 17.86 17.68 17.51 17.34 17.16 16.97 16.77 16.55 16.33 16.10 15.85 15.60 15.33 15.06 14.77 14.48 14.17 13.86 13.54 13.20 12.86 12.50 12.14 11.77 11.40 11.03 10.67 10.32 9.97 9.64 9.31 9.00 8.69 8.40 8.12 7.86 7.61 7.37 7.15 6.95 6.77 6.60 6.45 6.30 6.16 6.01 5.87 5.74
24.32 24.54 24.74 24.89 25.00 25.07 25.10 25.09 25.04 24.95 24.83 24.67 24.48 24.25 23.98 23.68 23.34 22.98 22.58 22.17 21.78 21.41 21.06 20.73 20.42 20.12 19.84 19.57 19.32 19.08 18.85 18.64 18.43 18.24 18.06 17.89 17.72 17.54 17.36 17.16 16.95 16.73 16.50 16.26 16.01 15.76 15.49 15.21 14.92 14.63 14.32 14.00 13.68 13.35 13.01 12.65 12.30 11.93 11.55 11.18 10.81 10.45 10.09 9.75 9.42 9.10 8.79 8.49 8.20 7.94 7.68 7.44 7.22 7.02 6.83 6.67 6.52 6.37 6.22 6.08 5.94 5.80
24.13 24.37 24.58 24.75 24.88 24.97 25.02 25.03 25.00 24.93 24.83 24.68 24.50 24.28 24.03 23.74 23.41 23.05 22.66 22.25 21.87 21.51 21.16 20.84 20.53 20.24 19.96 19.70 19.46 19.23 19.01 18.81 18.61 18.43 18.26 18.09 17.91 17.73 17.53 17.32 17.11 16.88 16.65 16.41 16.15 15.89 15.62 15.34 15.05 14.75 14.45 14.13 13.81 13.48 13.14 12.79 12.43 12.07 11.70 11.32 10.94 10.57 10.21 9.86 9.52 9.20 8.88 8.58 8.29 8.02 7.76 7.52 7.29 7.09 6.90 6.74 6.58 6.43 6.29 6.14 6.00 5.86
23.94 24.18 24.40 24.59 24.74 24.86 24.93 24.96 24.95 24.89 24.80 24.67 24.50 24.30 24.05 23.77 23.46 23.10 22.72 22.32 21.95 21.59 21.25 20.93 20.63 20.35 20.08 19.83 19.59 19.37 19.16 18.97 18.78 18.61 18.44 18.26 18.08 17.88 17.68 17.47 17.25 17.01 16.78 16.53 16.27 16.01 15.73 15.45 15.16 14.86 14.56 14.24 13.92 13.59 13.25 12.91 12.56 12.20 11.83 11.46 11.08 10.70 10.34 9.98 9.63 9.30 8.98 8.67 8.38 8.10 7.84 7.60 7.37 7.16 6.97 6.81 6.65 6.50 6.36 6.21 6.07 5.93
23.75 23.99 24.21 24.41 24.58 24.72 24.81 24.86 24.87 24.83 24.76 24.64 24.49 24.30 24.06 23.79 23.49 23.14 22.76 22.37 22.00 21.65 21.32 21.01 20.72 20.44 20.19 19.94 19.71 19.50 19.30 19.11 18.94 18.77 18.59 18.41 18.22 18.01 17.80 17.58 17.36 17.12 16.88 16.62 16.36 16.10 15.82 15.54 15.25 14.95 14.64 14.33 14.01 13.69 13.35 13.01 12.67 12.31 11.95 11.59 11.21 10.83 10.46 10.10 9.74 9.40 9.08 8.76 8.47 8.19 7.92 7.68 7.45 7.24 7.05 6.88 6.73 6.58 6.43 6.28 6.14 6.00
23.55 23.80 24.02 24.23 24.40 24.55 24.67 24.74 24.76 24.75 24.69 24.59 24.45 24.27 24.05 23.79 23.50 23.16 22.79 22.41 22.05 21.70 21.38 21.08 20.79 20.53 20.28 20.04 19.82 19.62 19.43 19.25 19.08 18.91 18.72 18.53 18.33 18.12 17.90 17.67 17.44 17.20 16.95 16.70 16.44 16.17 15.89 15.61 15.31 15.02 14.71 14.40 14.09 13.76 13.43 13.10 12.76 12.41 12.05 11.69 11.33 10.96 10.58 10.21 9.85 9.51 9.18 8.86 8.56 8.27 8.01 7.76 7.53 7.32 7.13 6.96 6.80 6.65 6.50 6.36 6.22 6.08
23.34 23.59 23.83 24.03 24.22 24.37 24.50 24.59 24.64 24.64 24.60 24.52 24.39 24.23 24.02 23.77 23.49 23.16 22.80 22.42 22.07 21.74 21.42 21.13 20.85 20.60 20.35 20.13 19.92 19.73 19.55 19.37 19.20 19.01 18.82 18.61 18.41 18.19 17.97 17.74 17.50 17.25 17.00 16.75 16.48 16.21 15.93 15.65 15.36 15.06 14.76 14.45 14.14 13.82 13.49 13.16 12.83 12.49 12.14 11.79 11.43 11.07 10.70 10.33 9.97 9.62 9.28 8.96 8.65 8.36 8.09 7.84 7.61 7.40 7.21 7.04 6.88 6.73 6.58 6.44 6.30 6.16
23.13 23.39 23.62 23.84 24.02 24.18 24.32 24.42 24.49 24.51 24.49 24.42 24.31 24.16 23.97 23.73 23.46 23.14 22.79 22.42 22.08 21.75 21.45 21.16 20.90 20.65 20.42 20.20 20.00 19.82 19.65 19.46 19.28 19.08 18.88 18.67 18.46 18.23 18.01 17.77 17.53 17.28 17.03 16.77 16.50 16.23 15.95 15.67 15.38 15.08 14.78 14.48 14.17 13.85 13.53 13.21 12.88 12.54 12.21 11.86 11.51 11.16 10.81 10.45 10.08 9.73 9.39 9.06 8.75 8.46 8.18 7.93 7.69 7.48 7.29 7.12 6.96 6.81 6.67 6.52 6.38 6.24
22.91 23.18 23.42 23.63 23.82 23.99 24.12 24.23 24.31 24.36 24.35 24.30 24.21 24.08 23.90 23.67 23.41 23.10 22.76 22.40 22.07 21.75 21.46 21.18 20.92 20.69 20.47 20.26 20.07 19.89 19.71 19.52 19.32 19.12 18.91 18.70 18.48 18.25 18.01 17.77 17.53 17.28 17.02 16.76 16.49 16.22 15.94 15.66 15.37 15.08 14.78 14.48 14.18 13.87 13.55 13.23 12.91 12.58 12.25 11.92 11.58 11.24 10.89 10.54 10.19 9.84 9.49 9.16 8.85 8.55 8.28 8.02 7.78 7.57 7.37 7.20 7.05 6.90 6.75 6.61 6.46 6.32
22.69 22.96 23.20 23.42 23.62 23.78 23.92 24.04 24.12 24.18 24.19 24.16 24.09 23.97 23.80 23.59 23.34 23.04 22.71 22.36 22.04 21.73 21.44 21.18 20.93 20.71 20.50 20.30 20.12 19.93 19.74 19.54 19.34 19.13 18.91 18.69 18.46 18.23 17.99 17.75 17.50 17.25 16.99 16.73 16.46 16.19 15.91 15.63 15.34 15.05 14.76 14.46 14.16 13.86 13.55 13.24 12.92 12.60 12.28 11.95 11.63 11.30 10.96 10.62 10.29 9.94 9.60 9.27 8.95 8.65 8.37 8.11 7.87 7.66 7.46 7.29 7.14 6.99 6.84 6.69 6.55 6.41
22.47 22.74 22.99 23.21 23.41 23.57 23.72 23.83 23.92 23.98 24.01 24.00 23.94 23.83 23.68 23.49 23.25 22.96 22.64 22.30 21.99 21.69 21.42 21.16 20.93 20.71 20.51 20.32 20.13 19.94 19.74 19.53 19.32 19.10 18.88 18.65 18.42 18.18 17.94 17.69 17.44 17.18 16.92 16.66 16.39 16.12 15.85 15.57 15.29 15.00 14.71 14.42 14.12 13.82 13.52 13.22 12.91 12.60 12.29 11.97 11.65 11.33 11.01 10.69 10.36 10.03 9.70 9.37 9.05 8.75 8.47 8.21 7.97 7.75 7.55 7.38 7.23 7.08 6.93 6.79 6.64 6.50
22.24 22.52 22.77 22.99 23.19 23.36 23.51 23.62 23.71 23.77 23.80 23.80 23.76 23.68 23.54 23.36 23.13 22.86 22.55 22.22 21.92 21.63 21.37 21.13 20.90 20.70 20.50 20.31 20.11 19.90 19.69 19.48 19.26 19.03 18.80 18.57 18.33 18.09 17.85 17.60 17.35 17.09 16.83 16.57 16.30 16.03 15.76 15.48 15.20 14.92 14.63 14.35 14.06 13.76 13.47 13.17 12.87 12.57 12.27 11.96 11.66 11.35 11.04 10.73 10.42 10.10 9.79 9.47 9.16 8.85 8.57 8.30 8.06 7.84 7.65 7.48 7.32 7.17 7.03 6.88 6.74 6.60
22.01 22.29 22.54 22.77 22.97 23.14 23.29 23.41 23.50 23.56 23.59 23.59 23.56 23.49 23.38 23.21 23.00 22.74 22.44 22.12 21.83 21.55 21.30 21.07 20.86 20.66 20.46 20.25 20.04 19.83 19.61 19.39 19.16 18.93 18.70 18.46 18.22 17.97 17.73 17.47 17.22 16.96 16.70 16.44 16.18 15.91 15.64 15.36 15.09 14.81 14.53 14.25 13.97 13.68 13.39 13.10 12.81 12.52 12.23 11.94 11.64 11.35 11.05 10.75 10.45 10.15 9.85 9.56 9.26 8.96 8.67 8.40 8.16 7.94 7.75 7.57 7.42 7.27 7.12 6.98 6.84 6.70
21.77 22.05 22.31 22.54 22.74 22.92 23.06 23.18 23.28 23.34 23.37 23.38 23.35 23.29 23.19 23.04 22.84 22.59 22.30 22.00 21.71 21.45 21.21 20.99 20.79 20.58 20.37 20.15 19.94 19.71 19.49 19.26 19.03 18.79 18.55 18.31 18.07 17.82 17.57 17.32 17.06 16.80 16.54 16.28 16.02 15.75 15.49 15.22 14.94 14.67 14.40 14.12 13.85 13.57 13.29 13.01 12.73 12.45 12.17 11.88 11.60 11.32 11.03 10.75 10.47 10.18 9.90 9.62 9.34 9.05 8.77 8.51 8.26 8.04 7.85 7.68 7.52 7.37 7.23 7.08 6.94 6.80
21.53 21.82 22.07 22.31 22.51 22.69 22.84 22.96 23.05 23.11 23.15 23.15 23.12 23.06 22.97 22.84 22.65 22.42 22.14 21.85 21.58 21.33 21.11 20.89 20.68 20.46 20.24 20.02 19.79 19.56 19.33 19.09 18.85 18.61 18.37 18.12 17.88 17.63 17.38 17.12 16.87 16.61 16.35 16.09 15.83 15.57 15.30 15.04 14.77 14.50 14.24 13.97 13.70 13.43 13.16 12.89 12.62 12.35 12.08 11.81 11.54 11.27 11.00 10.73 10.46 10.19 9.93 9.66 9.40 9.13 8.87 8.61 8.37 8.15 7.95 7.78 7.63 7.48 7.33 7.19 7.05 6.92
21.29 21.58 21.84 22.07 22.27 22.45 22.60 22.72 22.82 22.88 22.91 22.92 22.89 22.83 22.74 22.61 22.45 22.23 21.96 21.68 21.43 21.19 20.97 20.75 20.52 20.29 20.06 19.83 19.60 19.36 19.12 18.88 18.64 18.39 18.15 17.90 17.65 17.40 17.14 16.89 16.64 16.38 16.12 15.86 15.61 15.35 15.09 14.83 14.57 14.30 14.04 13.78 13.52 13.26 13.00 12.74 12.48 12.22 11.96 11.70 11.45 11.19 10.94 10.68 10.43 10.18 9.93 9.68 9.44 9.19 8.95 8.71 8.47 8.25 8.06 7.89 7.73 7.59 7.44 7.30 7.17 7.05
21.05 21.34 21.60 21.83 22.03 22.21 22.36 22.48 22.58 22.64 22.67 22.68 22.65 22.59 22.50 22.37 22.21 22.01 21.76 21.49 21.25 21.02 20.79 20.55 20.32 20.08 19.85 19.61 19.36 19.12 18.88 18.63 18.38 18.13 17.88 17.63 17.38 17.13 16.88 16.62 16.37 16.11 15.86 15.60 15.35 15.09 14.84 14.58 14.33 14.07 13.82 13.57 13.31 13.06 12.81 12.56 12.31 12.07 11.82 11.58 11.33 11.09 10.85 10.61 10.38 10.14 9.91 9.68 9.46 9.23 9.01 8.79 8.57 8.36 8.17 8.00 7.84 7.70 7.55 7.42 7.30 7.20
