data_processed/recharge/precip/Precip_1988_01.asc
ncols        168
nrows        136
xllcorner    455000
yllcorner    2107000
cellsize     500
NODATA_value     -99999
[rows 76 to 113 of 136, columns 0 to 83 of 168]
0.00 0.00 0.00 0.00 0.00 0.00 0.00 0.00 0.00 0.00 0.00 0.00 0.00 0.00 0.00 0.00 0.00 0.00 0.00 0.00 0.00 0.00 0.00 0.00 0.05 0.12 0.19 0.28 0.37 0.47 0.55 0.64 0.71 0.77 0.82 0.86 0.88 0.89 0.88 0.86 0.83 0.79 0.74 0.67 0.60 0.51 0.42 0.33 0.23 0.14 0.05 0.00 0.00 0.00 0.00 0.00 0.00 0.00 0.00 0.00 0.00 0.00 0.08 0.23 0.41 0.61 0.81 1.02 1.22 1.38 1.49 1.55 1.58 1.56 1.53 1.47 1.39 1.32 1.26 1.20 1.16 1.12 1.09 1.07
0.00 0.00 0.00 0.00 0.00 0.00 0.00 0.00 0.00 0.00 0.00 0.00 0.00 0.00 0.00 0.00 0.00 0.00 0.00 0.00 0.00 0.00 0.00 0.00 0.02 0.09 0.17 0.26 0.36 0.45 0.54 0.62 0.70 0.76 0.82 0.86 0.88 0.90 0.89 0.88 0.85 0.81 0.76 0.70 0.62 0.54 0.45 0.36 0.26 0.17 0.08 0.00 0.00 0.00 0.00 0.00 0.00 0.00 0.00 0.00 0.00 0.00 0.10 0.23 0.38 0.55 0.73 0.92 1.10 1.24 1.33 1.39 1.40 1.38 1.34 1.28 1.23 1.18 1.14 1.11 1.08 1.07 1.07 1.07
0.00 0.00 0.00 0.00 0.00 0.00 0.00 0.00 0.00 0.00 0.00 0.00 0.00 0.00 0.00 0.00 0.00 0.00 0.00 0.00 0.00 0.00 0.00 0.00 0.00 0.07 0.15 0.24 0.34 0.43 0.52 0.60 0.68 0.74 0.80 0.85 0.88 0.90 0.90 0.89 0.86 0.83 0.78 0.72 0.65 0.56 0.48 0.39 0.30 0.20 0.11 0.03 0.00 0.00 0.00 0.00 0.00 0.00 0.00 0.00 0.02 0.08 0.15 0.24 0.36 0.50 0.66 0.82 0.98 1.10 1.18 1.21 1.21 1.19 1.14 1.10 1.06 1.03 1.01 1.00 0.99 1.00 1.02 1.05
0.00 0.00 0.00 0.00 0.00 0.00 0.00 0.00 0.00 0.00 0.00 0.00 0.00 0.00 0.00 0.00 0.00 0.00 0.00 0.00 0.00 0.00 0.00 0.00 0.00 0.05 0.14 0.23 0.31 0.40 0.49 0.57 0.65 0.72 0.78 0.83 0.87 0.89 0.90 0.90 0.88 0.84 0.80 0.74 0.67 0.59 0.51 0.42 0.33 0.24 0.15 0.09 0.04 0.00 0.00 0.00 0.00 0.00 0.03 0.07 0.11 0.17 0.22 0.29 0.38 0.48 0.61 0.74 0.87 0.96 1.02 1.03 1.02 0.98 0.94 0.91 0.89 0.87 0.87 0.88 0.89 0.92 0.96 1.01
0.00 0.00 0.00 0.00 0.00 0.00 0.00 0.00 0.00 0.00 0.00 0.00 0.00 0.00 0.00 0.00 0.00 0.00 0.00 0.00 0.00 0.00 0.00 0.00 0.00 0.04 0.12 0.20 0.29 0.37 0.46 0.54 0.62 0.69 0.75 0.80 0.85 0.88 0.89 0.90 0.88 0.85 0.81 0.75 0.69 0.61 0.53 0.44 0.36 0.27 0.21 0.16 0.12 0.10 0.09 0.09 0.10 0.12 0.15 0.18 0.22 0.26 0.31 0.36 0.41 0.48 0.57 0.67 0.77 0.83 0.86 0.85 0.82 0.78 0.75 0.74 0.73 0.73 0.74 0.76 0.79 0.83 0.88 0.94
0.00 0.00 0.00 0.00 0.00 0.00 0.00 0.00 0.00 0.00 0.00 0.00 0.00 0.00 0.00 0.00 0.00 0.00 0.00 0.00 0.00 0.00 0.00 0.00 0.00 0.03 0.10 0.18 0.26 0.34 0.42 0.50 0.58 0.65 0.71 0.77 0.82 0.85 0.88 0.89 0.88 0.86 0.82 0.77 0.70 0.63 0.55 0.47 0.39 0.33 0.28 0.24 0.22 0.20 0.20 0.21 0.22 0.24 0.27 0.30 0.33 0.37 0.40 0.44 0.47 0.51 0.55 0.61 0.68 0.71 0.70 0.67 0.64 0.61 0.59 0.58 0.58 0.59 0.61 0.64 0.68 0.73 0.80 0.87
0.00 0.00 0.00 0.00 0.00 0.00 0.00 0.00 0.00 0.00 0.00 0.00 0.00 0.00 0.00 0.00 0.00 0.00 0.00 0.00 0.00 0.00 0.00 0.00 0.00 0.01 0.08 0.15 0.22 0.30 0.38 0.45 0.53 0.60 0.67 0.73 0.78 0.82 0.85 0.87 0.87 0.85 0.82 0.78 0.72 0.65 0.57 0.50 0.44 0.40 0.36 0.34 0.33 0.32 0.33 0.34 0.36 0.38 0.40 0.42 0.45 0.48 0.50 0.52 0.54 0.55 0.56 0.58 0.60 0.59 0.56 0.52 0.48 0.46 0.45 0.44 0.45 0.46 0.49 0.53 0.58 0.64 0.71 0.80
0.01 0.00 0.00 0.00 0.00 0.00 0.00 0.00 0.00 0.00 0.00 0.00 0.00 0.00 0.00 0.00 0.00 0.00 0.00 0.00 0.00 0.00 0.00 0.00 0.00 0.00 0.05 0.12 0.18 0.26 0.33 0.41 0.48 0.55 0.62 0.68 0.73 0.78 0.81 0.84 0.85 0.84 0.82 0.78 0.73 0.66 0.60 0.55 0.51 0.48 0.46 0.45 0.45 0.46 0.47 0.48 0.50 0.52 0.54 0.56 0.58 0.59 0.60 0.61 0.61 0.60 0.58 0.56 0.54 0.49 0.45 0.40 0.37 0.35 0.34 0.33 0.34 0.36 0.39 0.43 0.49 0.55 0.63 0.72
0.04 0.03 0.02 0.02 0.01 0.01 0.00 0.00 0.00 0.00 0.00 0.00 0.00 0.00 0.00 0.00 0.00 0.00 0.00 0.00 0.00 0.00 0.00 0.00 0.00 0.00 0.03 0.08 0.14 0.21 0.28 0.35 0.42 0.49 0.56 0.62 0.68 0.73 0.77 0.80 0.82 0.82 0.81 0.78 0.73 0.68 0.64 0.61 0.59 0.58 0.58 0.58 0.59 0.60 0.61 0.63 0.65 0.67 0.68 0.70 0.71 0.71 0.71 0.70 0.68 0.65 0.61 0.56 0.50 0.44 0.38 0.34 0.30 0.28 0.26 0.26 0.27 0.29 0.32 0.36 0.41 0.48 0.56 0.66
0.08 0.08 0.07 0.06 0.06 0.05 0.05 0.05 0.04 0.04 0.04 0.03 0.03 0.03 0.02 0.01 0.01 0.00 0.00 0.00 0.00 0.00 0.00 0.00 0.00 0.00 0.01 0.05 0.11 0.17 0.23 0.30 0.37 0.44 0.51 0.57 0.63 0.68 0.73 0.76 0.78 0.80 0.79 0.77 0.74 0.70 0.68 0.67 0.67 0.68 0.69 0.70 0.72 0.74 0.76 0.78 0.80 0.81 0.82 0.83 0.83 0.82 0.80 0.78 0.74 0.69 0.63 0.55 0.48 0.41 0.35 0.30 0.26 0.23 0.21 0.20 0.21 0.22 0.25 0.29 0.35 0.41 0.50 0.59
0.16 0.15 0.14 0.13 0.13 0.12 0.12 0.11 0.11 0.10 0.10 0.09 0.09 0.08 0.08 0.07 0.06 0.05 0.03 0.02 0.00 0.00 0.00 0.00 0.00 0.00 0.01 0.04 0.09 0.14 0.20 0.27 0.33 0.40 0.46 0.53 0.59 0.64 0.69 0.73 0.76 0.78 0.79 0.78 0.74 0.71 0.70 0.71 0.73 0.75 0.78 0.80 0.83 0.86 0.88 0.90 0.92 0.93 0.94 0.94 0.93 0.91 0.87 0.83 0.77 0.70 0.62 0.53 0.45 0.38 0.32 0.26 0.22 0.18 0.16 0.15 0.15 0.16 0.19 0.22 0.28 0.34 0.42 0.52
0.26 0.25 0.24 0.23 0.22 0.21 0.20 0.20 0.19 0.18 0.18 0.17 0.16 0.15 0.14 0.13 0.12 0.10 0.09 0.07 0.05 0.04 0.02 0.01 0.00 0.01 0.02 0.05 0.09 0.13 0.19 0.25 0.31 0.37 0.44 0.50 0.56 0.62 0.67 0.72 0.75 0.78 0.79 0.78 0.75 0.72 0.72 0.74 0.77 0.81 0.85 0.88 0.92 0.95 0.98 1.00 1.02 1.03 1.03 1.02 1.00 0.97 0.92 0.86 0.78 0.69 0.60 0.51 0.43 0.35 0.28 0.22 0.17 0.13 0.10 0.09 0.08 0.09 0.11 0.15 0.20 0.26 0.34 0.44
0.39 0.38 0.36 0.35 0.33 0.32 0.31 0.30 0.29 0.28 0.26 0.25 0.24 0.23 0.21 0.20 0.18 0.16 0.14 0.13 0.11 0.10 0.08 0.07 0.06 0.05 0.06 0.07 0.10 0.14 0.19 0.24 0.30 0.36 0.42 0.48 0.55 0.60 0.66 0.71 0.75 0.78 0.79 0.78 0.76 0.73 0.73 0.75 0.79 0.84 0.89 0.94 0.99 1.02 1.06 1.08 1.10 1.10 1.10 1.08 1.05 1.01 0.94 0.87 0.77 0.68 0.58 0.49 0.40 0.32 0.25 0.18 0.13 0.08 0.05 0.02 0.02 0.02 0.04 0.07 0.12 0.18 0.26 0.35
0.52 0.52 0.50 0.48 0.47 0.45 0.43 0.41 0.40 0.38 0.36 0.35 0.33 0.31 0.29 0.27 0.24 0.22 0.20 0.19 0.17 0.16 0.14 0.13 0.12 0.11 0.10 0.11 0.13 0.16 0.20 0.25 0.30 0.36 0.42 0.48 0.54 0.60 0.66 0.71 0.75 0.78 0.79 0.79 0.76 0.74 0.74 0.76 0.80 0.86 0.92 0.98 1.03 1.08 1.11 1.14 1.16 1.16 1.15 1.12 1.08 1.02 0.95 0.85 0.75 0.65 0.55 0.46 0.37 0.29 0.21 0.15 0.08 0.03 0.00 0.00 0.00 0.00 0.00 0.00 0.03 0.09 0.17 0.26
0.67 0.67 0.66 0.64 0.61 0.59 0.56 0.54 0.52 0.49 0.47 0.44 0.42 0.39 0.36 0.34 0.31 0.29 0.27 0.25 0.24 0.22 0.21 0.19 0.18 0.17 0.16 0.16 0.17 0.19 0.22 0.26 0.31 0.37 0.42 0.48 0.54 0.60 0.66 0.71 0.76 0.79 0.80 0.80 0.77 0.75 0.75 0.77 0.81 0.87 0.94 1.00 1.06 1.11 1.15 1.18 1.19 1.19 1.17 1.14 1.09 1.02 0.93 0.83 0.73 0.63 0.53 0.43 0.34 0.26 0.18 0.11 0.04 0.00 0.00 0.00 0.00 0.00 0.00 0.00 0.00 0.00 0.07 0.16
0.82 0.82 0.82 0.80 0.77 0.74 0.71 0.67 0.64 0.61 0.58 0.54 0.51 0.48 0.44 0.41 0.38 0.36 0.34 0.32 0.30 0.29 0.27 0.26 0.25 0.24 0.23 0.23 0.23 0.24 0.26 0.29 0.34 0.38 0.44 0.49 0.55 0.61 0.67 0.72 0.76 0.79 0.81 0.80 0.78 0.76 0.76 0.78 0.82 0.87 0.94 1.01 1.07 1.13 1.17 1.20 1.21 1.20 1.18 1.14 1.07 0.99 0.90 0.80 0.70 0.60 0.50 0.40 0.31 0.22 0.14 0.07 0.00 0.00 0.00 0.00 0.00 0.00 0.00 0.00 0.00 0.00 0.00 0.07
0.97 0.98 0.98 0.96 0.93 0.89 0.85 0.81 0.77 0.73 0.69 0.64 0.60 0.56 0.52 0.48 0.45 0.43 0.41 0.39 0.37 0.35 0.34 0.33 0.31 0.31 0.30 0.29 0.29 0.29 0.31 0.33 0.37 0.41 0.46 0.51 0.57 0.63 0.68 0.73 0.77 0.80 0.81 0.81 0.79 0.77 0.77 0.79 0.83 0.88 0.94 1.00 1.07 1.13 1.17 1.20 1.21 1.20 1.17 1.12 1.04 0.96 0.87 0.77 0.67 0.57 0.47 0.37 0.27 0.18 0.10 0.02 0.00 0.00 0.00 0.00 0.00 0.00 0.00 0.00 0.00 0.00 0.00 0.00
1.13 1.14 1.14 1.12 1.09 1.05 1.01 0.95 0.90 0.85 0.80 0.74 0.69 0.64 0.60 0.56 0.53 0.50 0.48 0.46 0.44 0.42 0.41 0.39 0.38 0.37 0.37 0.36 0.36 0.36 0.37 0.38 0.41 0.45 0.49 0.54 0.60 0.65 0.70 0.74 0.78 0.81 0.82 0.82 0.80 0.78 0.78 0.80 0.84 0.88 0.94 0.99 1.05 1.11 1.16 1.18 1.19 1.18 1.14 1.08 1.01 0.92 0.83 0.73 0.64 0.53 0.43 0.33 0.24 0.15 0.06 0.00 0.00 0.00 0.00 0.00 0.00 0.00 0.00 0.00 0.00 0.00 0.00 0.00
1.28 1.30 1.29 1.28 1.25 1.21 1.16 1.09 1.03 0.97 0.90 0.84 0.78 0.72 0.68 0.64 0.60 0.57 0.55 0.53 0.51 0.49 0.48 0.46 0.45 0.44 0.43 0.43 0.42 0.42 0.43 0.44 0.46 0.49 0.53 0.57 0.62 0.67 0.72 0.76 0.79 0.82 0.83 0.83 0.81 0.79 0.79 0.81 0.84 0.88 0.93 0.98 1.04 1.09 1.13 1.15 1.16 1.14 1.09 1.03 0.96 0.88 0.79 0.70 0.60 0.50 0.40 0.30 0.20 0.11 0.03 0.00 0.00 0.00 0.00 0.00 0.00 0.00 0.00 0.00 0.00 0.00 0.00 0.00
1.43 1.45 1.45 1.43 1.40 1.35 1.30 1.23 1.15 1.08 1.00 0.93 0.86 0.81 0.76 0.71 0.68 0.65 0.62 0.60 0.58 0.56 0.54 0.53 0.52 0.51 0.50 0.49 0.49 0.49 0.49 0.50 0.51 0.54 0.57 0.61 0.65 0.69 0.74 0.77 0.81 0.83 0.84 0.84 0.82 0.80 0.80 0.82 0.85 0.89 0.93 0.97 1.02 1.06 1.09 1.11 1.11 1.08 1.04 0.99 0.92 0.84 0.75 0.66 0.56 0.47 0.37 0.27 0.17 0.08 0.00 0.00 0.00 0.00 0.00 0.00 0.00 0.00 0.00 0.00 0.00 0.00 0.00 0.00
1.58 1.59 1.59 1.57 1.54 1.49 1.42 1.35 1.27 1.18 1.10 1.02 0.95 0.89 0.84 0.79 0.75 0.72 0.69 0.66 0.64 0.63 0.61 0.60 0.58 0.57 0.56 0.56 0.55 0.55 0.56 0.56 0.57 0.59 0.62 0.65 0.68 0.72 0.76 0.79 0.82 0.84 0.85 0.85 0.83 0.82 0.81 0.83 0.85 0.88 0.92 0.96 0.99 1.02 1.04 1.05 1.05 1.02 0.99 0.93 0.87 0.80 0.71 0.62 0.53 0.43 0.33 0.23 0.14 0.04 0.00 0.00 0.00 0.00 0.00 0.00 0.00 0.00 0.00 0.00 0.00 0.00 0.00 0.00
1.72 1.73 1.73 1.70 1.66 1.61 1.54 1.46 1.37 1.28 1.19 1.11 1.04 0.97 0.92 0.87 0.82 0.79 0.76 0.73 0.71 0.69 0.67 0.66 0.65 0.63 0.62 0.62 0.61 0.61 0.62 0.62 0.63 0.65 0.66 0.69 0.71 0.75 0.78 0.81 0.83 0.85 0.86 0.86 0.84 0.83 0.82 0.83 0.86 0.88 0.91 0.94 0.97 0.99 1.00 0.99 0.98 0.96 0.93 0.88 0.82 0.75 0.67 0.58 0.49 0.40 0.30 0.20 0.10 0.01 0.00 0.00 0.00 0.00 0.00 0.00 0.00 0.00 0.00 0.00 0.00 0.00 0.00 0.00
1.85 1.86 1.85 1.82 1.77 1.71 1.64 1.55 1.46 1.37 1.28 1.20 1.12 1.05 0.99 0.94 0.90 0.86 0.82 0.80 0.77 0.75 0.74 0.72 0.71 0.69 0.68 0.68 0.67 0.67 0.67 0.68 0.69 0.70 0.71 0.73 0.75 0.78 0.80 0.83 0.85 0.86 0.87 0.87 0.85 0.83 0.83 0.84 0.86 0.88 0.90 0.92 0.94 0.95 0.95 0.94 0.92 0.90 0.87 0.82 0.77 0.70 0.63 0.54 0.45 0.36 0.26 0.17 0.07 0.00 0.00 0.00 0.00 0.00 0.00 0.00 0.00 0.00 0.00 0.00 0.00 0.00 0.00 0.00
1.96 1.97 1.96 1.92 1.87 1.80 1.72 1.63 1.54 1.45 1.37 1.28 1.21 1.13 1.07 1.01 0.96 0.92 0.89 0.86 0.83 0.81 0.80 0.78 0.76 0.75 0.74 0.73 0.72 0.72 0.72 0.73 0.74 0.75 0.76 0.77 0.79 0.81 0.83 0.85 0.86 0.88 0.88 0.88 0.86 0.84 0.84 0.84 0.86 0.87 0.89 0.90 0.91 0.91 0.90 0.89 0.87 0.84 0.81 0.77 0.72 0.66 0.59 0.51 0.42 0.33 0.23 0.14 0.04 0.00 0.00 0.00 0.00 0.00 0.00 0.00 0.00 0.00 0.00 0.00 0.00 0.00 0.00 0.00
2.07 2.07 2.05 2.01 1.95 1.87 1.79 1.70 1.62 1.53 1.45 1.36 1.28 1.21 1.14 1.08 1.03 0.98 0.95 0.92 0.89 0.87 0.85 0.83 0.82 0.80 0.79 0.78 0.77 0.77 0.77 0.78 0.78 0.79 0.80 0.81 0.82 0.84 0.85 0.87 0.88 0.89 0.89 0.89 0.87 0.85 0.84 0.85 0.85 0.86 0.87 0.88 0.88 0.87 0.86 0.84 0.82 0.79 0.75 0.71 0.67 0.61 0.54 0.47 0.38 0.29 0.20 0.11 0.01 0.00 0.00 0.00 0.00 0.00 0.00 0.00 0.00 0.00 0.00 0.00 0.00 0.00 0.00 0.00
2.15 2.15 2.12 2.07 2.01 1.93 1.85 1.77 1.68 1.60 1.52 1.43 1.35 1.28 1.21 1.14 1.09 1.04 1.00 0.97 0.94 0.92 0.90 0.88 0.86 0.85 0.83 0.82 0.82 0.81 0.81 0.82 0.82 0.83 0.84 0.85 0.86 0.87 0.88 0.89 0.90 0.90 0.90 0.90 0.88 0.86 0.85 0.85 0.85 0.85 0.85 0.85 0.84 0.83 0.82 0.80 0.77 0.74 0.71 0.66 0.62 0.56 0.50 0.43 0.35 0.26 0.17 0.08 0.00 0.00 0.00 0.00 0.00 0.00 0.00 0.00 0.00 0.00 0.00 0.00 0.00 0.00 0.00 0.00
2.22 2.21 2.17 2.12 2.05 1.98 1.90 1.82 1.74 1.66 1.58 1.50 1.42 1.34 1.27 1.20 1.15 1.10 1.05 1.02 0.99 0.97 0.94 0.92 0.90 0.89 0.87 0.86 0.86 0.85 0.85 0.86 0.86 0.87 0.88 0.88 0.89 0.90 0.91 0.91 0.92 0.92 0.91 0.90 0.88 0.86 0.85 0.84 0.84 0.84 0.83 0.82 0.81 0.80 0.78 0.76 0.73 0.70 0.66 0.62 0.57 0.52 0.46 0.39 0.32 0.23 0.15 0.06 0.00 0.00 0.00 0.00 0.00 0.00 0.00 0.00 0.00 0.00 0.00 0.00 0.00 0.00 0.00 0.00
2.27 2.25 2.21 2.15 2.09 2.02 1.95 1.87 1.79 1.71 1.63 1.55 1.47 1.40 1.32 1.26 1.20 1.14 1.10 1.06 1.03 1.00 0.98 0.96 0.94 0.92 0.91 0.90 0.89 0.89 0.89 0.89 0.90 0.90 0.91 0.92 0.92 0.93 0.93 0.93 0.93 0.93 0.92 0.91 0.89 0.87 0.85 0.84 0.83 0.82 0.81 0.80 0.78 0.77 0.74 0.72 0.69 0.66 0.62 0.58 0.53 0.48 0.42 0.36 0.29 0.21 0.13 0.04 0.00 0.00 0.00 0.00 0.00 0.00 0.00 0.00 0.00 0.00 0.00 0.00 0.00 0.00 0.00 0.00
2.30 2.27 2.23 2.18 2.12 2.05 1.98 1.91 1.83 1.75 1.67 1.60 1.52 1.44 1.37 1.30 1.24 1.18 1.14 1.10 1.06 1.04 1.01 0.99 0.97 0.95 0.94 0.93 0.92 0.92 0.92 0.92 0.93 0.93 0.94 0.94 0.95 0.95 0.95 0.95 0.95 0.94 0.93 0.92 0.89 0.87 0.85 0.84 0.82 0.81 0.79 0.77 0.76 0.73 0.71 0.68 0.65 0.62 0.58 0.54 0.49 0.44 0.39 0.33 0.26 0.19 0.11 0.02 0.00 0.00 0.00 0.00 0.00 0.00 0.00 0.00 0.00 0.00 0.00 0.00 0.00 0.00 0.00 0.05
2.30 2.27 2.24 2.19 2.14 2.08 2.01 1.94 1.87 1.79 1.71 1.63 1.56 1.48 1.41 1.34 1.27 1.22 1.17 1.12 1.09 1.06 1.04 1.01 0.99 0.97 0.96 0.95 0.95 0.95 0.95 0.95 0.96 0.96 0.96 0.97 0.97 0.97 0.97 0.97 0.96 0.95 0.94 0.92 0.90 0.87 0.85 0.83 0.81 0.79 0.77 0.75 0.73 0.70 0.68 0.65 0.62 0.58 0.55 0.50 0.46 0.41 0.36 0.30 0.23 0.17 0.09 0.01 0.00 0.00 0.00 0.00 0.00 0.00 0.00 0.00 0.00 0.00 0.00 0.00 0.00 0.00 0.08 0.16
2.29 2.27 2.24 2.19 2.15 2.09 2.03 1.96 1.89 1.81 1.74 1.66 1.58 1.51 1.44 1.37 1.30 1.24 1.19 1.14 1.11 1.08 1.05 1.03 1.01 0.99 0.98 0.98 0.97 0.97 0.97 0.98 0.98 0.98 0.99 0.99 0.99 0.99 0.99 0.99 0.98 0.97 0.95 0.93 0.90 0.87 0.84 0.82 0.79 0.77 0.75 0.72 0.70 0.67 0.64 0.61 0.58 0.55 0.51 0.47 0.43 0.38 0.33 0.27 0.21 0.15 0.08 0.00 0.00 0.00 0.00 0.00 0.00 0.00 0.00 0.00 0.00 0.00 0.00 0.00 0.04 0.12 0.20 0.29
2.26 2.25 2.22 2.19 2.15 2.09 2.04 1.97 1.90 1.83 1.76 1.68 1.60 1.53 1.46 1.39 1.32 1.26 1.20 1.16 1.12 1.09 1.06 1.04 1.02 1.01 1.00 0.99 0.99 0.99 0.99 1.00 1.00 1.00 1.01 1.01 1.01 1.01 1.01 1.00 0.99 0.97 0.95 0.93 0.90 0.86 0.83 0.80 0.78 0.75 0.72 0.69 0.67 0.64 0.61 0.58 0.55 0.51 0.48 0.44 0.40 0.35 0.31 0.25 0.20 0.14 0.07 0.00 0.00 0.00 0.00 0.00 0.00 0.00 0.00 0.00 0.00 0.00 0.03 0.11 0.19 0.27 0.35 0.43
2.23 2.22 2.20 2.17 2.13 2.09 2.03 1.97 1.91 1.84 1.76 1.69 1.62 1.54 1.47 1.40 1.33 1.27 1.21 1.16 1.12 1.09 1.07 1.05 1.03 1.02 1.02 1.01 1.01 1.01 1.01 1.02 1.02 1.03 1.03 1.03 1.03 1.03 1.02 1.01 1.00 0.98 0.96 0.93 0.90 0.86 0.82 0.79 0.76 0.73 0.69 0.66 0.64 0.61 0.58 0.54 0.51 0.48 0.44 0.41 0.37 0.33 0.28 0.23 0.18 0.13 0.07 0.00 0.00 0.00 0.00 0.00 0.00 0.00 0.00 0.00 0.05 0.11 0.19 0.26 0.34 0.42 0.50 0.58
2.18 2.18 2.17 2.14 2.11 2.07 2.02 1.96 1.90 1.83 1.76 1.69 1.62 1.54 1.47 1.40 1.33 1.27 1.21 1.16 1.13 1.11 1.10 1.08 1.07 1.06 1.05 1.05 1.05 1.05 1.05 1.05 1.05 1.06 1.06 1.06 1.05 1.05 1.04 1.03 1.01 0.99 0.96 0.93 0.90 0.86 0.82 0.78 0.74 0.71 0.67 0.64 0.61 0.58 0.54 0.51 0.48 0.45 0.41 0.38 0.34 0.30 0.26 0.21 0.16 0.11 0.06 0.00 0.00 0.00 0.00 0.00 0.00 0.01 0.06 0.12 0.19 0.26 0.34 0.42 0.49 0.57 0.65 0.71
2.11 2.11 2.11 2.09 2.07 2.03 1.98 1.93 1.88 1.81 1.75 1.68 1.61 1.54 1.47 1.40 1.33 1.27 1.21 1.17 1.15 1.15 1.15 1.14 1.13 1.12 1.11 1.11 1.11 1.10 1.10 1.10 1.10 1.10 1.10 1.10 1.09 1.08 1.07 1.05 1.03 1.00 0.97 0.94 0.90 0.86 0.82 0.78 0.74 0.70 0.66 0.62 0.58 0.55 0.52 0.48 0.45 0.42 0.38 0.35 0.31 0.27 0.23 0.19 0.14 0.10 0.05 0.01 0.00 0.00 0.00 0.01 0.06 0.11 0.17 0.24 0.32 0.39 0.47 0.55 0.63 0.71 0.77 0.84
2.01 2.03 2.03 2.02 2.00 1.98 1.94 1.89 1.84 1.78 1.72 1.66 1.59 1.52 1.45 1.39 1.32 1.26 1.21 1.19 1.19 1.21 1.22 1.23 1.22 1.21 1.20 1.19 1.19 1.18 1.18 1.17 1.17 1.16 1.16 1.15 1.13 1.12 1.10 1.08 1.05 1.02 0.98 0.94 0.91 0.87 0.83 0.79 0.74 0.69 0.65 0.61 0.57 0.53 0.49 0.46 0.42 0.39 0.35 0.32 0.28 0.24 0.20 0.16 0.12 0.08 0.05 0.03 0.01 0.02 0.04 0.08 0.14 0.20 0.27 0.35 0.43 0.51 0.60 0.68 0.75 0.82 0.89 0.94
1.91 1.93 1.94 1.94 1.93 1.91 1.88 1.84 1.79 1.74 1.69 1.63 1.56 1.50 1.43 1.37 1.31 1.26 1.23 1.23 1.24 1.28 1.31 1.33 1.33 1.32 1.31 1.30 1.29 1.28 1.27 1.26 1.25 1.24 1.22 1.21 1.19 1.16 1.14 1.11 1.07 1.03 0.99 0.96 0.92 0.89 0.85 0.80 0.75 0.70 0.65 0.60 0.56 0.52 0.48 0.44 0.40 0.36 0.33 0.29 0.25 0.21 0.18 0.14 0.10 0.08 0.06 0.05 0.05 0.07 0.10 0.14 0.21 0.28 0.37 0.45 0.54 0.62 0.70 0.78 0.86 0.92 0.98 1.02
1.80 1.82 1.83 1.84 1.84 1.82 1.80 1.77 1.73 1.69 1.64 1.58 1.53 1.47 1.41 1.35 1.30 1.27 1.26 1.28 1.31 1.36 1.40 1.43 1.45 1.45 1.44 1.43 1.41 1.39 1.37 1.36 1.34 1.32 1.30 1.27 1.24 1.21 1.18 1.14 1.09 1.05 1.01 0.97 0.94 0.90 0.86 0.82 0.77 0.72 0.66 0.61 0.56 0.51 0.47 0.42 0.38 0.34 0.30 0.26 0.23 0.19 0.15 0.12 0.09 0.08 0.08 0.08 0.10 0.12 0.16 0.21 0.28 0.36 0.45 0.54 0.63 0.71 0.80 0.87 0.94 1.00 1.05 1.08
