data_processed/recharge/precip/Precip_1997_04.asc
ncols        168
nrows        136
xllcorner    455000
yllcorner    2107000
cellsize     500
NODATA_value     -99999
[rows 102 to 135 of 136, columns 0 to 76 of 168]
28.06 27.76 27.50 27.32 27.24 27.27 27.39 27.60 27.90 28.28 28.73 29.24 29.82 30.45 31.12 31.84 32.60 33.43 34.36 35.41 36.57 37.84 39.20 40.61 42.02 43.43 44.83 46.22 47.57 48.83 50.00 51.08 52.08 53.01 53.86 54.65 55.38 56.07 56.71 57.32 57.89 58.44 58.96 59.45 59.93 60.40 60.88 61.40 62.03 62.81 63.72 64.75 65.89 67.08 68.23 69.27 70.20 71.00 71.66 72.17 72.53 72.73 72.74 72.58 72.22 71.66 70.89 69.93 68.91 67.88 66.84 65.80 64.77 63.76 62.76 61.79 60.84
27.46 27.09 26.80 26.63 26.57 26.63 26.78 27.04 27.38 27.81 28.31 28.89 29.54 30.24 31.00 31.80 32.65 33.53 34.48 35.54 36.71 37.98 39.35 40.76 42.18 43.59 45.00 46.37 47.65 48.83 49.92 50.93 51.85 52.71 53.50 54.22 54.90 55.53 56.11 56.67 57.19 57.70 58.19 58.66 59.11 59.56 60.02 60.51 61.11 61.88 62.81 63.87 65.03 66.18 67.25 68.24 69.13 69.92 70.60 71.15 71.57 71.85 71.98 71.94 71.73 71.35 70.77 70.00 69.06 68.07 67.08 66.10 65.14 64.20 63.29 62.40 61.55
27.01 26.58 26.28 26.11 26.06 26.13 26.30 26.58 26.95 27.42 27.97 28.59 29.29 30.06 30.88 31.76 32.68 33.64 34.65 35.72 36.89 38.17 39.54 40.95 42.37 43.78 45.16 46.45 47.64 48.73 49.73 50.65 51.50 52.28 52.99 53.65 54.25 54.81 55.34 55.83 56.30 56.75 57.19 57.62 58.05 58.47 58.89 59.35 59.92 60.68 61.61 62.68 63.76 64.81 65.80 66.73 67.59 68.37 69.06 69.64 70.12 70.48 70.71 70.80 70.74 70.52 70.14 69.58 68.84 67.95 67.02 66.11 65.22 64.37 63.54 62.75 61.97
26.73 26.28 25.96 25.77 25.72 25.78 25.96 26.25 26.64 27.13 27.70 28.36 29.10 29.91 30.79 31.72 32.71 33.75 34.82 35.93 37.11 38.39 39.76 41.17 42.58 43.96 45.25 46.43 47.52 48.52 49.42 50.25 51.01 51.70 52.33 52.90 53.43 53.92 54.37 54.79 55.20 55.58 55.96 56.34 56.72 57.10 57.49 57.90 58.44 59.19 60.10 61.06 62.02 62.96 63.87 64.74 65.56 66.32 67.01 67.63 68.16 68.59 68.92 69.13 69.21 69.17 68.97 68.63 68.12 67.44 66.63 65.79 64.99 64.22 63.49 62.78 62.01
26.70 26.20 25.85 25.63 25.55 25.60 25.77 26.06 26.45 26.94 27.54 28.22 28.98 29.82 30.74 31.72 32.75 33.84 34.98 36.15 37.37 38.65 40.01 41.41 42.79 44.07 45.24 46.31 47.29 48.18 48.98 49.71 50.36 50.96 51.49 51.98 52.42 52.82 53.19 53.54 53.87 54.18 54.49 54.80 55.12 55.45 55.79 56.16 56.66 57.36 58.14 58.95 59.78 60.60 61.42 62.22 63.00 63.74 64.44 65.08 65.66 66.16 66.58 66.91 67.14 67.25 67.25 67.11 66.83 66.41 65.82 65.12 64.41 63.74 63.09 62.38 61.55
26.91 26.36 25.96 25.70 25.59 25.61 25.75 26.02 26.40 26.89 27.48 28.16 28.94 29.80 30.74 31.74 32.82 33.95 35.13 36.36 37.63 38.94 40.29 41.65 42.92 44.07 45.12 46.07 46.92 47.69 48.38 49.00 49.55 50.04 50.47 50.86 51.20 51.51 51.79 52.05 52.30 52.53 52.76 52.99 53.24 53.50 53.78 54.10 54.53 55.08 55.68 56.33 57.01 57.72 58.45 59.18 59.91 60.62 61.32 61.98 62.60 63.17 63.68 64.13 64.49 64.76 64.94 65.01 64.96 64.78 64.47 64.01 63.45 62.87 62.23 61.46 60.56
27.37 26.76 26.29 25.98 25.82 25.79 25.90 26.14 26.49 26.96 27.54 28.21 28.99 29.85 30.80 31.82 32.92 34.08 35.29 36.56 37.88 39.23 40.64 41.91 43.03 44.05 44.96 45.78 46.51 47.15 47.72 48.21 48.65 49.02 49.34 49.62 49.86 50.07 50.25 50.41 50.56 50.71 50.85 51.00 51.16 51.35 51.55 51.78 52.04 52.37 52.79 53.27 53.81 54.40 55.02 55.68 56.35 57.04 57.73 58.41 59.07 59.70 60.29 60.84 61.34 61.76 62.12 62.38 62.56 62.63 62.58 62.42 62.12 61.62 60.91 60.07 59.12
28.01 27.31 26.78 26.41 26.18 26.11 26.17 26.36 26.68 27.12 27.68 28.34 29.10 29.96 30.91 31.94 33.05 34.23 35.47 36.77 38.12 39.60 41.27 42.64 43.65 44.52 45.29 45.97 46.56 47.07 47.50 47.87 48.18 48.43 48.63 48.79 48.92 49.02 49.09 49.15 49.20 49.24 49.29 49.35 49.42 49.52 49.63 49.70 49.75 49.87 50.08 50.38 50.76 51.22 51.73 52.30 52.91 53.55 54.22 54.90 55.59 56.27 56.94 57.59 58.20 58.76 59.28 59.74 60.12 60.42 60.63 60.75 60.75 60.48 59.78 58.87 57.84
28.77 27.99 27.38 26.94 26.65 26.52 26.53 26.67 26.95 27.36 27.89 28.53 29.27 30.12 31.06 32.10 33.21 34.40 35.66 36.99 38.45 40.20 42.18 43.84 44.93 45.67 46.29 46.82 47.27 47.63 47.93 48.16 48.34 48.46 48.53 48.57 48.58 48.56 48.52 48.46 48.40 48.34 48.29 48.24 48.22 48.21 48.17 48.07 47.94 47.86 47.86 47.97 48.18 48.48 48.87 49.33 49.86 50.45 51.08 51.75 52.45 53.16 53.89 54.61 55.32 56.02 56.68 57.31 57.88 58.40 58.86 59.23 59.52 59.54 59.04 58.12 57.01
29.66 28.79 28.10 27.58 27.23 27.03 26.98 27.07 27.31 27.67 28.16 28.78 29.50 30.33 31.26 32.29 33.41 34.61 35.88 37.30 39.02 41.07 43.34 45.27 46.60 47.40 47.89 48.26 48.56 48.78 48.93 49.01 49.05 49.03 48.97 48.88 48.76 48.61 48.44 48.27 48.09 47.92 47.75 47.60 47.47 47.32 47.13 46.85 46.56 46.31 46.13 46.03 46.05 46.19 46.44 46.78 47.21 47.73 48.31 48.95 49.64 50.38 51.14 51.93 52.73 53.53 54.33 55.11 55.86 56.59 57.27 57.89 58.43 58.71 58.47 57.72 56.59
30.62 29.72 28.95 28.34 27.91 27.64 27.53 27.56 27.74 28.06 28.51 29.09 29.79 30.60 31.51 32.53 33.64 34.84 36.20 37.86 39.86 42.19 44.72 46.90 48.46 49.47 49.99 50.22 50.35 50.41 50.41 50.35 50.23 50.07 49.87 49.63 49.37 49.09 48.80 48.50 48.19 47.90 47.61 47.34 47.09 46.80 46.46 46.04 45.58 45.19 44.85 44.58 44.41 44.37 44.45 44.66 44.98 45.40 45.92 46.52 47.19 47.92 48.71 49.55 50.42 51.32 52.23 53.15 54.07 54.98 55.87 56.72 57.48 57.99 57.98 57.46 56.48
31.61 30.73 29.91 29.22 28.70 28.36 28.17 28.15 28.27 28.54 28.94 29.48 30.14 30.92 31.81 32.81 33.91 35.18 36.77 38.70 40.96 43.53 46.29 48.69 50.46 51.66 52.35 52.59 52.58 52.47 52.30 52.08 51.81 51.49 51.14 50.76 50.36 49.93 49.50 49.06 48.63 48.20 47.79 47.41 47.04 46.63 46.16 45.59 44.99 44.45 43.98 43.57 43.24 43.01 42.92 42.98 43.17 43.49 43.92 44.46 45.09 45.81 46.61 47.48 48.41 49.38 50.40 51.44 52.52 53.60 54.68 55.71 56.67 57.38 57.57 57.25 56.46
32.59 31.75 30.95 30.21 29.61 29.19 28.92 28.83 28.89 29.09 29.45 29.93 30.56 31.30 32.17 33.14 34.30 35.79 37.62 39.80 42.29 45.07 48.04 50.63 52.58 53.95 54.79 55.15 55.12 54.87 54.53 54.14 53.70 53.23 52.72 52.18 51.62 51.05 50.47 49.89 49.31 48.76 48.25 47.77 47.29 46.77 46.18 45.48 44.76 44.09 43.48 42.95 42.49 42.11 41.85 41.74 41.79 41.99 42.32 42.78 43.37 44.06 44.85 45.74 46.70 47.74 48.84 50.00 51.21 52.45 53.67 54.87 56.00 56.87 57.24 57.09 56.47
33.58 32.77 32.00 31.29 30.64 30.12 29.78 29.61 29.59 29.74 30.03 30.47 31.04 31.75 32.58 33.60 34.96 36.68 38.75 41.14 43.83 46.80 49.94 52.69 54.79 56.30 57.26 57.74 57.80 57.50 57.01 56.44 55.83 55.19 54.51 53.81 53.09 52.36 51.63 50.90 50.19 49.54 48.95 48.39 47.81 47.19 46.50 45.69 44.85 44.06 43.34 42.69 42.13 41.64 41.24 40.96 40.85 40.91 41.13 41.50 42.02 42.66 43.43 44.32 45.31 46.39 47.58 48.84 50.16 51.51 52.86 54.18 55.46 56.48 56.99 56.98 56.51
34.55 33.79 33.06 32.37 31.74 31.17 30.75 30.49 30.40 30.47 30.70 31.08 31.60 32.26 33.12 34.33 35.91 37.84 40.11 42.69 45.55 48.68 51.97 54.85 57.08 58.69 59.75 60.32 60.45 60.20 59.64 58.91 58.12 57.30 56.45 55.57 54.69 53.79 52.90 52.03 51.23 50.53 49.87 49.24 48.59 47.88 47.09 46.18 45.23 44.35 43.53 42.78 42.11 41.53 41.03 40.63 40.36 40.26 40.35 40.62 41.05 41.64 42.37 43.24 44.24 45.37 46.61 47.95 49.35 50.79 52.24 53.67 55.05 56.19 56.81 56.92 56.56
35.53 34.81 34.11 33.46 32.85 32.30 31.82 31.48 31.31 31.30 31.46 31.77 32.24 32.92 33.95 35.36 37.14 39.26 41.69 44.43 47.43 50.69 54.10 57.09 59.41 61.10 62.24 62.86 63.03 62.82 62.27 61.45 60.48 59.48 58.44 57.39 56.33 55.26 54.22 53.28 52.45 51.70 50.99 50.30 49.58 48.80 47.93 46.93 45.90 44.92 44.01 43.18 42.42 41.75 41.17 40.69 40.31 40.06 40.01 40.15 40.48 40.99 41.67 42.51 43.52 44.67 45.95 47.34 48.79 50.29 51.80 53.31 54.77 56.00 56.71 56.91 56.63
36.50 35.82 35.17 34.54 33.97 33.44 32.96 32.57 32.31 32.23 32.31 32.55 33.02 33.85 35.08 36.67 38.62 40.89 43.47 46.34 49.46 52.82 56.32 59.39 61.77 63.52 64.69 65.34 65.53 65.32 64.76 63.91 62.84 61.65 60.42 59.19 57.94 56.72 55.62 54.66 53.80 53.02 52.28 51.54 50.77 49.93 48.99 47.92 46.80 45.75 44.77 43.86 43.03 42.29 41.64 41.09 40.64 40.29 40.09 40.10 40.31 40.73 41.34 42.15 43.15 44.31 45.60 47.00 48.47 50.00 51.56 53.11 54.63 55.92 56.69 56.94 56.71
37.46 36.83 36.21 35.63 35.08 34.58 34.12 33.73 33.42 33.25 33.25 33.49 34.10 35.11 36.50 38.25 40.33 42.74 45.43 48.39 51.60 55.04 58.60 61.71 64.13 65.90 67.09 67.74 67.92 67.68 67.09 66.19 65.05 63.72 62.31 60.88 59.47 58.21 57.11 56.14 55.28 54.48 53.71 52.94 52.13 51.24 50.24 49.11 47.93 46.81 45.77 44.80 43.91 43.11 42.41 41.80 41.29 40.89 40.60 40.47 40.56 40.87 41.42 42.18 43.14 44.27 45.54 46.93 48.40 49.93 51.50 53.07 54.62 55.94 56.73 57.01 56.81
38.41 37.83 37.26 36.71 36.19 35.72 35.29 34.91 34.60 34.38 34.36 34.72 35.49 36.66 38.18 40.06 42.26 44.76 47.54 50.57 53.84 57.33 60.92 64.05 66.48 68.25 69.41 70.04 70.18 69.89 69.22 68.25 67.02 65.59 64.02 62.43 60.98 59.74 58.65 57.70 56.84 56.03 55.25 54.46 53.62 52.70 51.66 50.48 49.25 48.08 46.99 45.97 45.04 44.19 43.44 42.79 42.24 41.80 41.47 41.27 41.23 41.44 41.90 42.59 43.49 44.56 45.78 47.13 48.57 50.08 51.63 53.19 54.73 56.05 56.85 57.13 56.93
39.35 38.82 38.29 37.78 37.30 36.85 36.45 36.09 35.80 35.64 35.77 36.28 37.19 38.47 40.11 42.09 44.37 46.94 49.77 52.85 56.15 59.65 63.25 66.38 68.78 70.52 71.64 72.21 72.28 71.91 71.15 70.07 68.72 67.16 65.49 63.90 62.50 61.29 60.23 59.30 58.46 57.66 56.88 56.09 55.23 54.29 53.22 52.01 50.73 49.53 48.40 47.34 46.38 45.50 44.72 44.04 43.46 42.99 42.64 42.41 42.33 42.44 42.79 43.38 44.19 45.18 46.32 47.60 48.98 50.43 51.94 53.46 54.97 56.27 57.04 57.29 57.06
40.28 39.80 39.32 38.85 38.41 37.99 37.61 37.28 37.06 37.11 37.47 38.15 39.16 40.54 42.26 44.30 46.64 49.25 52.12 55.21 58.51 62.00 65.57 68.67 71.02 72.70 73.75 74.23 74.20 73.72 72.84 71.63 70.13 68.46 66.82 65.32 63.99 62.83 61.82 60.93 60.11 59.34 58.57 57.78 56.93 55.98 54.89 53.65 52.36 51.12 49.97 48.90 47.91 47.01 46.21 45.51 44.92 44.44 44.08 43.86 43.79 43.85 44.09 44.56 45.24 46.12 47.16 48.34 49.63 51.00 52.43 53.88 55.34 56.58 57.29 57.49 57.20
41.19 40.77 40.34 39.91 39.50 39.12 38.77 38.52 38.53 38.82 39.40 40.25 41.39 42.84 44.61 46.69 49.05 51.68 54.54 57.63 60.90 64.35 67.87 70.90 73.18 74.76 75.71 76.08 75.92 75.30 74.28 72.90 71.28 69.65 68.12 66.72 65.46 64.35 63.40 62.55 61.77 61.03 60.30 59.52 58.68 57.74 56.65 55.40 54.09 52.85 51.68 50.60 49.60 48.70 47.90 47.19 46.60 46.12 45.78 45.59 45.53 45.60 45.78 46.11 46.65 47.38 48.29 49.34 50.51 51.78 53.10 54.46 55.83 56.98 57.62 57.72 57.35
42.09 41.72 41.34 40.96 40.59 40.24 39.99 39.96 40.21 40.73 41.51 42.54 43.81 45.33 47.13 49.23 51.59 54.20 57.03 60.07 63.30 66.68 70.12 73.05 75.22 76.69 77.51 77.73 77.42 76.64 75.43 73.92 72.34 70.84 69.42 68.10 66.90 65.84 64.93 64.14 63.42 62.72 62.02 61.28 60.47 59.54 58.46 57.22 55.91 54.66 53.50 52.42 51.43 50.54 49.74 49.05 48.47 48.02 47.73 47.56 47.53 47.60 47.77 48.03 48.41 48.97 49.72 50.61 51.64 52.76 53.95 55.19 56.44 57.48 58.00 58.00 57.51
42.97 42.66 42.33 42.00 41.67 41.43 41.39 41.62 42.10 42.81 43.77 44.95 46.36 47.98 49.81 51.88 54.22 56.78 59.56 62.53 65.67 68.96 72.28 75.09 77.13 78.45 79.11 79.17 78.68 77.70 76.34 74.88 73.45 72.06 70.74 69.50 68.36 67.33 66.43 65.67 65.01 64.38 63.73 63.04 62.26 61.36 60.31 59.08 57.78 56.55 55.40 54.34 53.37 52.49 51.72 51.05 50.52 50.13 49.88 49.75 49.73 49.81 49.97 50.20 50.49 50.88 51.43 52.15 53.00 53.95 54.98 56.07 57.17 58.08 58.46 58.31 57.67
43.83 43.58 43.31 43.03 42.81 42.79 43.01 43.47 44.15 45.05 46.16 47.48 48.99 50.69 52.58 54.64 56.92 59.41 62.11 64.98 68.00 71.17 74.36 77.02 78.89 80.04 80.51 80.37 79.66 78.53 77.23 75.92 74.62 73.35 72.13 70.96 69.87 68.86 67.96 67.19 66.54 65.97 65.39 64.76 64.03 63.17 62.16 60.95 59.68 58.48 57.36 56.33 55.39 54.55 53.81 53.20 52.74 52.41 52.21 52.11 52.11 52.19 52.34 52.54 52.79 53.08 53.44 53.94 54.59 55.35 56.19 57.09 58.03 58.76 58.97 58.65 57.84
44.67 44.48 44.27 44.10 44.11 44.35 44.81 45.48 46.35 47.41 48.66 50.09 51.69 53.45 55.38 57.45 59.67 62.06 64.64 67.39 70.28 73.28 76.31 78.79 80.47 81.42 81.67 81.30 80.43 79.35 78.22 77.07 75.90 74.74 73.60 72.49 71.44 70.45 69.55 68.75 68.06 67.49 66.98 66.41 65.75 64.95 63.98 62.82 61.59 60.43 59.35 58.36 57.47 56.67 56.01 55.49 55.10 54.83 54.67 54.60 54.62 54.70 54.84 55.03 55.24 55.47 55.71 56.00 56.41 56.94 57.57 58.27 59.00 59.54 59.55 59.03 58.02
45.49 45.36 45.27 45.34 45.62 46.10 46.77 47.62 48.66 49.86 51.23 52.75 54.42 56.23 58.17 60.23 62.41 64.71 67.15 69.74 72.46 75.29 78.11 80.39 81.85 82.57 82.58 82.03 81.22 80.33 79.37 78.36 77.31 76.25 75.19 74.14 73.12 72.14 71.23 70.39 69.64 69.00 68.48 67.98 67.39 66.66 65.76 64.65 63.47 62.37 61.34 60.41 59.58 58.87 58.30 57.87 57.55 57.35 57.23 57.20 57.23 57.32 57.45 57.61 57.78 57.96 58.13 58.29 58.47 58.75 59.13 59.59 60.09 60.40 60.18 59.44 58.20
46.29 46.29 46.43 46.77 47.29 47.99 48.86 49.88 51.06 52.38 53.85 55.44 57.15 58.98 60.92 62.96 65.09 67.31 69.61 72.01 74.54 77.15 79.76 81.80 83.01 83.47 83.29 82.81 82.20 81.48 80.68 79.81 78.88 77.92 76.92 75.92 74.92 73.95 73.01 72.13 71.32 70.60 69.97 69.45 68.94 68.29 67.46 66.42 65.31 64.26 63.31 62.45 61.71 61.12 60.66 60.31 60.07 59.92 59.85 59.85 59.90 59.99 60.11 60.25 60.39 60.52 60.63 60.70 60.72 60.75 60.86 61.05 61.29 61.35 60.88 59.87 58.39
47.12 47.37 47.78 48.37 49.11 50.01 51.04 52.22 53.52 54.95 56.48 58.13 59.87 61.70 63.62 65.61 67.67 69.79 71.96 74.18 76.48 78.86 81.21 82.99 83.93 84.18 84.07 83.80 83.39 82.86 82.21 81.47 80.65 79.76 78.83 77.87 76.89 75.91 74.95 74.02 73.13 72.31 71.57 70.92 70.37 69.80 69.05 68.10 67.06 66.10 65.23 64.48 63.87 63.39 63.03 62.77 62.61 62.52 62.50 62.53 62.60 62.69 62.81 62.92 63.02 63.10 63.14 63.13 63.06 62.92 62.76 62.65 62.61 62.38 61.63 60.35 58.74
48.10 48.62 49.29 50.10 51.05 52.12 53.31 54.61 56.02 57.52 59.11 60.79 62.54 64.35 66.22 68.14 70.11 72.11 74.15 76.20 78.27 80.38 82.46 83.94 84.67 84.99 85.12 85.06 84.84 84.47 83.97 83.35 82.63 81.82 80.95 80.02 79.05 78.06 77.06 76.07 75.10 74.18 73.31 72.51 71.80 71.18 70.52 69.66 68.71 67.84 67.10 66.49 66.01 65.65 65.39 65.22 65.13 65.10 65.13 65.19 65.28 65.38 65.48 65.57 65.64 65.67 65.64 65.56 65.40 65.15 64.80 64.40 64.04 63.50 62.45 61.03 59.47
49.25 50.03 50.93 51.94 53.07 54.30 55.62 57.03 58.52 60.08 61.71 63.39 65.13 66.90 68.71 70.55 72.40 74.27 76.14 78.00 79.86 81.70 83.47 84.72 85.54 86.11 86.46 86.61 86.57 86.36 85.99 85.49 84.86 84.12 83.30 82.39 81.42 80.41 79.37 78.31 77.26 76.23 75.22 74.27 73.38 72.58 71.85 71.07 70.23 69.51 68.92 68.45 68.10 67.86 67.70 67.62 67.60 67.64 67.71 67.80 67.91 68.02 68.11 68.18 68.21 68.19 68.10 67.94 67.68 67.32 66.85 66.25 65.58 64.72 63.50 62.12 60.64
50.51 51.52 52.63 53.83 55.11 56.48 57.91 59.41 60.96 62.56 64.20 65.87 67.57 69.28 71.00 72.73 74.45 76.16 77.85 79.50 81.13 82.71 84.24 85.58 86.65 87.46 88.04 88.38 88.52 88.46 88.23 87.83 87.29 86.62 85.83 84.94 83.97 82.93 81.84 80.72 79.57 78.42 77.27 76.16 75.09 74.07 73.13 72.38 71.75 71.19 70.75 70.43 70.21 70.07 70.01 70.02 70.07 70.16 70.27 70.39 70.52 70.63 70.71 70.75 70.74 70.66 70.50 70.26 69.91 69.44 68.84 68.10 67.22 66.19 65.00 63.69 62.27
51.44 52.64 53.92 55.27 56.68 58.15 59.65 61.20 62.78 64.38 66.00 67.63 69.25 70.87 72.47 74.05 75.60 77.12 78.59 80.00 81.36 82.69 84.12 85.61 86.95 88.01 88.81 89.37 89.69 89.80 89.70 89.42 88.97 88.37 87.63 86.77 85.80 84.75 83.61 82.42 81.19 79.93 78.65 77.39 76.14 74.92 73.93 74.14 74.59 74.26 73.92 73.67 73.51 73.43 73.41 73.43 73.49 73.58 73.67 73.76 73.83 73.88 73.89 73.84 73.72 73.53 73.24 72.85 72.34 71.70 70.92 69.99 68.99 67.96 66.84 65.58 64.22
51.76 53.12 54.52 55.98 57.47 58.98 60.52 62.07 63.63 65.19 66.74 68.27 69.78 71.25 72.69 74.08 75.41 76.69 77.89 79.02 80.09 81.25 82.62 84.12 85.61 86.94 87.99 88.77 89.30 89.59 89.66 89.51 89.18 88.67 88.00 87.19 86.24 85.19 84.03 82.80 81.50 80.15 78.77 77.37 75.96 74.73 74.71 76.73 78.98 79.66 79.42 79.14 78.94 78.79 78.69 78.62 78.58 78.55 78.51 78.45 78.37 78.24 78.06 77.81 77.49 77.06 76.53 75.89 75.11 74.18 73.11 71.99 70.95 69.94 68.84 67.65 66.34
