data_processed/recharge/precip/Precip_2005_10.asc
ncols        168
nrows        136
xllcorner    455000
yllcorner    2107000
cellsize     500
NODATA_value     -99999
[rows 0 to 34 of 136, columns 78 to 155 of 168]
47.74 47.33 46.98 46.73 46.58 46.52 46.55 46.66 46.86 47.13 47.48 47.91 48.40 48.96 49.59 50.28 51.02 51.82 52.67 53.57 54.51 55.50 56.52 57.59 58.68 59.80 60.95 62.12 63.31 64.52 65.74 66.98 68.22 69.46 70.71 71.95 73.17 74.37 75.55 76.71 77.86 78.98 80.09 81.17 82.24 83.25 84.14 84.91 85.57 86.12 86.58 86.95 87.24 87.46 87.62 87.74 87.83 87.90 87.96 88.01 88.05 88.08 88.11 88.13 88.16 88.18 88.20 88.24 88.27 88.32 88.38 88.45 88.54 88.64 88.77 88.91 89.08 89.28
48.18 47.74 47.32 46.97 46.72 46.57 46.50 46.53 46.64 46.83 47.11 47.46 47.88 48.38 48.94 49.57 50.26 51.01 51.81 52.66 53.56 54.51 55.50 56.53 57.60 58.70 59.83 60.98 62.16 63.36 64.58 65.81 67.05 68.30 69.55 70.79 72.01 73.22 74.42 75.60 76.78 77.93 79.08 80.20 81.32 82.38 83.33 84.15 84.87 85.48 85.99 86.42 86.77 87.06 87.28 87.45 87.59 87.70 87.81 87.91 88.00 88.08 88.17 88.25 88.34 88.43 88.52 88.63 88.74 88.87 89.01 89.17 89.34 89.54 89.76 90.00 90.27 90.57
48.71 48.24 47.80 47.37 47.02 46.76 46.60 46.53 46.56 46.66 46.86 47.13 47.48 47.90 48.40 48.96 49.59 50.28 51.03 51.83 52.69 53.59 54.54 55.54 56.57 57.64 58.75 59.88 61.04 62.23 63.44 64.66 65.90 67.14 68.38 69.61 70.83 72.05 73.26 74.46 75.66 76.84 78.02 79.19 80.34 81.46 82.45 83.33 84.10 84.76 85.33 85.81 86.22 86.56 86.84 87.08 87.27 87.43 87.58 87.72 87.86 88.00 88.14 88.29 88.43 88.59 88.75 88.93 89.12 89.32 89.54 89.78 90.04 90.33 90.64 90.98 91.35 91.75
49.31 48.83 48.36 47.90 47.47 47.11 46.85 46.68 46.61 46.63 46.73 46.92 47.19 47.54 47.96 48.46 49.02 49.65 50.34 51.08 51.89 52.75 53.65 54.61 55.60 56.64 57.72 58.82 59.96 61.13 62.32 63.53 64.76 65.98 67.20 68.42 69.64 70.86 72.08 73.29 74.50 75.71 76.92 78.12 79.32 80.48 81.52 82.45 83.26 83.97 84.59 85.13 85.59 85.98 86.32 86.61 86.85 87.07 87.27 87.45 87.64 87.83 88.03 88.23 88.44 88.66 88.89 89.13 89.39 89.67 89.97 90.30 90.64 91.02 91.42 91.85 92.32 92.82
49.99 49.48 48.99 48.52 48.06 47.62 47.25 46.98 46.81 46.73 46.75 46.84 47.03 47.29 47.64 48.06 48.55 49.11 49.73 50.42 51.17 51.98 52.83 53.74 54.70 55.69 56.73 57.81 58.92 60.07 61.24 62.42 63.61 64.81 66.01 67.22 68.43 69.65 70.87 72.09 73.32 74.55 75.78 77.02 78.25 79.45 80.54 81.51 82.37 83.12 83.79 84.37 84.88 85.32 85.71 86.05 86.35 86.62 86.86 87.10 87.34 87.58 87.82 88.08 88.35 88.63 88.93 89.24 89.57 89.93 90.30 90.71 91.14 91.60 92.09 92.61 93.18 93.78
50.73 50.21 49.70 49.21 48.73 48.26 47.81 47.44 47.16 46.98 46.89 46.90 46.99 47.17 47.43 47.77 48.19 48.67 49.23 49.85 50.54 51.29 52.09 52.95 53.85 54.81 55.81 56.85 57.93 59.04 60.17 61.32 62.48 63.65 64.83 66.02 67.22 68.43 69.65 70.88 72.11 73.36 74.61 75.88 77.15 78.38 79.51 80.52 81.41 82.21 82.92 83.55 84.10 84.59 85.02 85.41 85.75 86.07 86.37 86.66 86.94 87.23 87.53 87.84 88.16 88.50 88.86 89.24 89.65 90.07 90.53 91.01 91.52 92.07 92.65 93.26 93.92 94.62
51.55 51.01 50.48 49.96 49.46 48.97 48.50 48.04 47.66 47.37 47.18 47.09 47.09 47.17 47.34 47.60 47.93 48.34 48.83 49.38 50.00 50.68 51.42 52.22 53.08 53.99 54.94 55.94 56.98 58.05 59.13 60.24 61.36 62.49 63.64 64.81 66.00 67.20 68.41 69.64 70.88 72.14 73.42 74.70 76.00 77.27 78.43 79.47 80.41 81.25 81.99 82.66 83.25 83.78 84.26 84.69 85.08 85.44 85.78 86.12 86.45 86.78 87.13 87.50 87.88 88.28 88.70 89.15 89.62 90.12 90.64 91.20 91.80 92.43 93.09 93.80 94.55 95.34
52.42 51.87 51.32 50.79 50.27 49.76 49.26 48.77 48.31 47.91 47.62 47.42 47.31 47.30 47.38 47.55 47.79 48.12 48.52 49.00 49.55 50.16 50.84 51.58 52.38 53.23 54.13 55.09 56.07 57.08 58.11 59.17 60.25 61.35 62.47 63.61 64.78 65.96 67.17 68.39 69.64 70.91 72.19 73.50 74.82 76.12 77.32 78.39 79.36 80.23 81.01 81.71 82.34 82.91 83.42 83.89 84.32 84.73 85.11 85.49 85.86 86.24 86.64 87.05 87.49 87.95 88.43 88.94 89.48 90.05 90.65 91.28 91.96 92.67 93.42 94.21 95.05 95.94
53.36 52.79 52.23 51.68 51.14 50.60 50.09 49.58 49.08 48.60 48.20 47.89 47.68 47.57 47.55 47.62 47.77 48.01 48.33 48.73 49.20 49.74 50.35 51.02 51.75 52.55 53.39 54.28 55.20 56.15 57.12 58.13 59.16 60.22 61.30 62.42 63.56 64.73 65.92 67.14 68.39 69.66 70.95 72.27 73.62 74.95 76.16 77.27 78.26 79.16 79.98 80.71 81.37 81.97 82.52 83.02 83.49 83.93 84.35 84.77 85.18 85.60 86.04 86.51 87.00 87.51 88.05 88.62 89.23 89.86 90.54 91.25 92.00 92.79 93.63 94.51 95.44 96.42
54.36 53.77 53.19 52.62 52.06 51.51 50.97 50.44 49.93 49.42 48.93 48.51 48.19 47.97 47.84 47.81 47.87 48.02 48.25 48.56 48.95 49.41 49.94 50.54 51.21 51.94 52.71 53.52 54.37 55.25 56.16 57.11 58.09 59.11 60.16 61.24 62.35 63.50 64.67 65.88 67.12 68.39 69.70 71.03 72.39 73.74 74.98 76.11 77.13 78.05 78.89 79.65 80.34 80.97 81.55 82.09 82.59 83.06 83.52 83.97 84.42 84.88 85.35 85.86 86.40 86.96 87.56 88.20 88.86 89.57 90.31 91.09 91.92 92.79 93.71 94.68 95.69 96.77
55.41 54.81 54.21 53.63 53.05 52.48 51.92 51.37 50.83 50.30 49.78 49.28 48.84 48.51 48.28 48.14 48.10 48.14 48.28 48.50 48.80 49.18 49.63 50.16 50.75 51.40 52.09 52.81 53.58 54.39 55.24 56.13 57.06 58.02 59.03 60.07 61.15 62.27 63.43 64.62 65.85 67.12 68.43 69.77 71.14 72.51 73.77 74.92 75.96 76.91 77.77 78.55 79.27 79.92 80.53 81.09 81.62 82.12 82.61 83.09 83.57 84.06 84.57 85.11 85.69 86.31 86.96 87.65 88.38 89.15 89.96 90.82 91.72 92.67 93.67 94.72 95.82 96.98
56.52 55.90 55.29 54.69 54.09 53.50 52.93 52.36 51.79 51.24 50.70 50.16 49.64 49.20 48.85 48.60 48.45 48.40 48.43 48.56 48.76 49.05 49.42 49.86 50.37 50.92 51.51 52.16 52.84 53.58 54.36 55.18 56.05 56.97 57.92 58.93 59.97 61.06 62.19 63.37 64.59 65.85 67.15 68.50 69.88 71.26 72.53 73.70 74.76 75.72 76.60 77.41 78.14 78.82 79.45 80.03 80.58 81.11 81.63 82.13 82.64 83.16 83.70 84.27 84.88 85.54 86.24 86.99 87.78 88.61 89.49 90.42 91.39 92.42 93.50 94.63 95.82 97.06
57.67 57.04 56.41 55.79 55.18 54.58 53.98 53.39 52.81 52.24 51.67 51.11 50.56 50.03 49.56 49.20 48.94 48.78 48.71 48.73 48.84 49.03 49.31 49.65 50.05 50.50 51.00 51.55 52.16 52.81 53.52 54.28 55.08 55.94 56.85 57.80 58.81 59.87 60.97 62.12 63.32 64.57 65.87 67.22 68.61 69.99 71.28 72.46 73.53 74.51 75.40 76.22 76.97 77.67 78.31 78.92 79.49 80.04 80.58 81.11 81.64 82.19 82.76 83.35 83.99 84.67 85.41 86.21 87.06 87.95 88.90 89.89 90.94 92.04 93.19 94.41 95.68 96.98
58.87 58.22 57.58 56.95 56.32 55.70 55.09 54.48 53.88 53.28 52.69 52.11 51.54 50.97 50.42 49.94 49.56 49.29 49.11 49.02 49.03 49.13 49.29 49.52 49.81 50.15 50.55 51.01 51.53 52.10 52.73 53.41 54.15 54.95 55.80 56.71 57.68 58.69 59.76 60.89 62.07 63.31 64.59 65.93 67.33 68.72 70.01 71.19 72.28 73.27 74.17 75.00 75.77 76.48 77.14 77.76 78.35 78.91 79.47 80.02 80.57 81.14 81.73 82.35 83.01 83.71 84.48 85.31 86.21 87.16 88.17 89.23 90.35 91.52 92.75 94.04 95.37 96.71
60.11 59.45 58.80 58.15 57.51 56.87 56.24 55.61 54.99 54.38 53.77 53.16 52.57 51.98 51.39 50.83 50.33 49.93 49.64 49.44 49.34 49.32 49.36 49.47 49.64 49.87 50.17 50.53 50.96 51.44 51.99 52.60 53.27 54.00 54.80 55.65 56.57 57.54 58.58 59.68 60.83 62.05 63.32 64.65 66.04 67.44 68.73 69.92 71.01 72.00 72.91 73.75 74.53 75.24 75.92 76.55 77.15 77.73 78.30 78.86 79.43 80.02 80.63 81.26 81.94 82.67 83.46 84.31 85.24 86.25 87.32 88.44 89.63 90.87 92.18 93.52 94.89 96.27
61.39 60.72 60.05 59.39 58.73 58.08 57.43 56.79 56.15 55.52 54.89 54.26 53.64 53.03 52.42 51.82 51.24 50.72 50.30 49.99 49.76 49.61 49.52 49.50 49.55 49.67 49.86 50.12 50.45 50.85 51.31 51.84 52.44 53.10 53.83 54.63 55.49 56.42 57.42 58.48 59.61 60.80 62.05 63.38 64.76 66.15 67.45 68.63 69.72 70.72 71.63 72.48 73.26 73.98 74.66 75.30 75.91 76.50 77.08 77.65 78.23 78.83 79.45 80.11 80.80 81.55 82.35 83.22 84.17 85.21 86.33 87.52 88.77 90.08 91.44 92.82 94.24 95.66
62.70 62.02 61.34 60.67 60.00 59.33 58.66 58.00 57.35 56.70 56.05 55.40 54.76 54.13 53.50 52.87 52.25 51.65 51.11 50.66 50.28 49.99 49.77 49.62 49.55 49.56 49.63 49.79 50.01 50.31 50.69 51.13 51.65 52.25 52.91 53.65 54.46 55.34 56.29 57.31 58.41 59.57 60.80 62.11 63.48 64.87 66.16 67.34 68.43 69.42 70.34 71.18 71.96 72.68 73.36 74.01 74.62 75.22 75.80 76.39 76.98 77.58 78.22 78.88 79.59 80.35 81.16 82.05 83.02 84.07 85.21 86.45 87.77 89.13 90.53 91.96 93.42 94.89
64.05 63.36 62.67 61.98 61.30 60.61 59.93 59.26 58.59 57.92 57.25 56.58 55.92 55.27 54.61 53.97 53.32 52.68 52.03 51.43 50.91 50.47 50.11 49.84 49.64 49.52 49.48 49.53 49.65 49.85 50.13 50.49 50.93 51.45 52.04 52.71 53.46 54.29 55.19 56.17 57.23 58.36 59.57 60.86 62.21 63.59 64.87 66.05 67.13 68.12 69.02 69.86 70.64 71.36 72.04 72.68 73.30 73.90 74.48 75.07 75.67 76.28 76.92 77.59 78.30 79.07 79.90 80.80 81.77 82.84 84.00 85.26 86.61 88.02 89.46 90.93 92.43 93.95
65.42 64.72 64.02 63.32 62.63 61.93 61.24 60.55 59.86 59.17 58.48 57.80 57.12 56.44 55.77 55.10 54.43 53.74 53.04 52.32 51.65 51.06 50.56 50.15 49.82 49.58 49.42 49.35 49.36 49.46 49.65 49.91 50.27 50.70 51.22 51.82 52.51 53.28 54.13 55.07 56.08 57.18 58.36 59.62 60.96 62.32 63.59 64.76 65.82 66.80 67.70 68.53 69.30 70.02 70.69 71.33 71.94 72.54 73.13 73.71 74.31 74.92 75.56 76.24 76.96 77.73 78.56 79.47 80.45 81.52 82.69 83.95 85.31 86.74 88.23 89.75 91.29 92.85
66.83 66.11 65.40 64.69 63.99 63.28 62.57 61.86 61.16 60.46 59.75 59.05 58.35 57.66 56.96 56.26 55.55 54.82 54.06 53.28 52.49 51.76 51.11 50.56 50.09 49.72 49.44 49.26 49.16 49.15 49.23 49.41 49.67 50.02 50.46 50.99 51.61 52.32 53.11 54.00 54.97 56.03 57.17 58.41 59.73 61.07 62.32 63.47 64.52 65.49 66.38 67.19 67.95 68.66 69.32 69.95 70.56 71.15 71.73 72.31 72.90 73.51 74.15 74.83 75.55 76.32 77.15 78.06 79.05 80.13 81.29 82.55 83.89 85.33 86.84 88.41 90.00 91.61
68.25 67.53 66.81 66.09 65.37 64.65 63.93 63.21 62.49 61.77 61.05 60.33 59.62 58.90 58.18 57.45 56.69 55.90 55.09 54.26 53.42 52.57 51.77 51.07 50.47 49.97 49.56 49.25 49.04 48.92 48.90 48.97 49.14 49.40 49.76 50.22 50.76 51.41 52.14 52.97 53.89 54.91 56.02 57.22 58.51 59.83 61.07 62.19 63.23 64.18 65.05 65.85 66.59 67.29 67.94 68.56 69.15 69.73 70.30 70.87 71.46 72.06 72.69 73.36 74.08 74.85 75.68 76.59 77.58 78.65 79.81 81.06 82.39 83.81 85.33 86.92 88.56 90.21
69.69 68.97 68.24 67.51 66.78 66.05 65.31 64.58 63.85 63.11 62.38 61.64 60.91 60.17 59.41 58.63 57.82 56.98 56.13 55.25 54.36 53.45 52.54 51.70 50.96 50.32 49.78 49.34 49.01 48.77 48.64 48.61 48.69 48.86 49.13 49.50 49.98 50.55 51.22 51.99 52.86 53.83 54.90 56.06 57.33 58.62 59.83 60.93 61.94 62.87 63.72 64.50 65.23 65.90 66.54 67.14 67.72 68.28 68.84 69.40 69.97 70.57 71.19 71.85 72.56 73.32 74.15 75.05 76.04 77.10 78.25 79.49 80.81 82.22 83.72 85.30 86.97 88.67
71.16 70.42 69.68 68.95 68.21 67.46 66.72 65.97 65.22 64.48 63.72 62.97 62.22 61.45 60.64 59.81 58.95 58.06 57.16 56.24 55.30 54.35 53.39 52.44 51.55 50.77 50.09 49.53 49.07 48.72 48.48 48.34 48.31 48.39 48.57 48.86 49.25 49.75 50.35 51.06 51.88 52.79 53.82 54.94 56.17 57.44 58.61 59.69 60.68 61.58 62.40 63.16 63.86 64.52 65.13 65.71 66.27 66.82 67.36 67.90 68.46 69.04 69.65 70.30 70.99 71.74 72.56 73.46 74.43 75.49 76.63 77.85 79.16 80.56 82.04 83.61 85.26 87.00
72.63 71.89 71.14 70.40 69.65 68.89 68.14 67.38 66.62 65.86 65.09 64.32 63.53 62.71 61.86 60.98 60.07 59.14 58.19 57.22 56.24 55.25 54.25 53.25 52.25 51.33 50.52 49.82 49.23 48.76 48.40 48.15 48.02 47.99 48.08 48.28 48.59 49.01 49.54 50.19 50.94 51.80 52.78 53.86 55.05 56.28 57.43 58.47 59.43 60.30 61.09 61.83 62.50 63.13 63.72 64.27 64.81 65.33 65.85 66.38 66.91 67.47 68.07 68.70 69.38 70.12 70.93 71.82 72.79 73.83 74.96 76.17 77.46 78.84 80.30 81.85 83.49 85.21
74.11 73.37 72.62 71.86 71.10 70.34 69.57 68.80 68.03 67.26 66.47 65.67 64.84 63.97 63.06 62.14 61.18 60.21 59.22 58.21 57.19 56.15 55.12 54.08 53.03 52.00 51.05 50.21 49.50 48.90 48.42 48.05 47.81 47.68 47.67 47.78 48.00 48.34 48.80 49.37 50.06 50.86 51.78 52.82 53.97 55.16 56.27 57.28 58.20 59.04 59.80 60.50 61.15 61.74 62.30 62.83 63.34 63.84 64.33 64.83 65.35 65.88 66.45 67.07 67.73 68.46 69.26 70.14 71.10 72.14 73.25 74.44 75.72 77.08 78.52 80.05 81.66 83.36
75.61 74.85 74.10 73.33 72.57 71.80 71.02 70.24 69.46 68.66 67.85 67.00 66.12 65.20 64.25 63.28 62.29 61.27 60.23 59.19 58.12 57.06 55.98 54.90 53.83 52.75 51.70 50.72 49.87 49.14 48.53 48.05 47.69 47.46 47.34 47.35 47.49 47.74 48.12 48.62 49.24 49.98 50.84 51.82 52.93 54.08 55.15 56.12 57.00 57.80 58.53 59.19 59.80 60.36 60.89 61.39 61.87 62.33 62.80 63.27 63.76 64.27 64.81 65.40 66.05 66.78 67.57 68.44 69.39 70.41 71.51 72.69 73.95 75.29 76.71 78.21 79.79 81.46
77.10 76.34 75.58 74.81 74.04 73.26 72.47 71.68 70.89 70.06 69.21 68.31 67.38 66.42 65.43 64.41 63.37 62.31 61.24 60.15 59.06 57.95 56.84 55.73 54.62 53.51 52.41 51.34 50.35 49.48 48.75 48.14 47.67 47.32 47.10 47.01 47.05 47.22 47.51 47.93 48.48 49.15 49.95 50.88 51.93 53.04 54.07 54.99 55.83 56.59 57.28 57.90 58.47 59.00 59.49 59.95 60.39 60.83 61.26 61.70 62.15 62.64 63.15 63.73 64.37 65.09 65.88 66.73 67.67 68.68 69.76 70.92 72.16 73.47 74.87 76.35 77.91 79.55
78.60 77.84 77.07 76.29 75.51 74.73 73.93 73.13 72.30 71.44 70.53 69.59 68.61 67.61 66.58 65.52 64.44 63.34 62.23 61.11 59.98 58.84 57.69 56.55 55.41 54.27 53.14 52.03 50.94 49.94 49.08 48.34 47.75 47.28 46.95 46.76 46.70 46.77 46.98 47.32 47.79 48.39 49.13 50.00 50.99 52.05 53.03 53.91 54.70 55.41 56.06 56.64 57.17 57.65 58.10 58.52 58.92 59.32 59.71 60.12 60.54 60.99 61.49 62.06 62.70 63.40 64.18 65.03 65.94 66.94 68.00 69.14 70.36 71.65 73.02 74.47 76.00 77.61
80.09 79.32 78.55 77.77 76.99 76.19 75.39 74.56 73.69 72.77 71.82 70.84 69.82 68.77 67.70 66.61 65.49 64.36 63.21 62.05 60.88 59.71 58.54 57.36 56.19 55.03 53.87 52.73 51.61 50.51 49.51 48.65 47.93 47.34 46.90 46.60 46.43 46.41 46.52 46.78 47.17 47.70 48.36 49.17 50.11 51.11 52.04 52.87 53.61 54.27 54.87 55.40 55.88 56.32 56.72 57.10 57.46 57.82 58.17 58.53 58.92 59.35 59.85 60.41 61.04 61.73 62.50 63.33 64.23 65.20 66.25 67.37 68.56 69.83 71.18 72.60 74.10 75.68
81.58 80.81 80.03 79.25 78.46 77.65 76.82 75.95 75.03 74.08 73.08 72.06 71.00 69.91 68.80 67.67 66.51 65.35 64.16 62.97 61.77 60.57 59.37 58.16 56.97 55.78 54.60 53.43 52.28 51.15 50.06 49.07 48.21 47.51 46.95 46.53 46.26 46.14 46.15 46.32 46.62 47.08 47.67 48.41 49.28 50.23 51.10 51.87 52.56 53.17 53.71 54.19 54.63 55.01 55.37 55.70 56.01 56.32 56.63 56.95 57.32 57.75 58.24 58.79 59.41 60.09 60.84 61.66 62.54 63.49 64.52 65.61 66.78 68.03 69.34 70.74 72.20 73.75
83.05 82.28 81.51 80.72 79.92 79.09 78.22 77.30 76.34 75.34 74.31 73.24 72.14 71.02 69.87 68.70 67.51 66.31 65.10 63.87 62.65 61.41 60.18 58.95 57.73 56.51 55.31 54.12 52.95 51.81 50.68 49.59 48.61 47.78 47.10 46.57 46.18 45.95 45.87 45.94 46.16 46.53 47.05 47.71 48.52 49.41 50.22 50.93 51.56 52.11 52.60 53.03 53.40 53.74 54.04 54.32 54.58 54.84 55.10 55.41 55.77 56.19 56.67 57.21 57.82 58.49 59.22 60.02 60.88 61.82 62.82 63.89 65.03 66.25 67.53 68.90 70.33 71.84
84.52 83.75 82.97 82.17 81.35 80.48 79.56 78.60 77.60 76.56 75.49 74.38 73.25 72.09 70.90 69.70 68.48 67.25 66.00 64.75 63.50 62.24 60.98 59.72 58.48 57.24 56.02 54.81 53.62 52.45 51.31 50.19 49.12 48.16 47.35 46.70 46.21 45.87 45.68 45.65 45.78 46.06 46.50 47.09 47.83 48.65 49.40 50.05 50.61 51.11 51.53 51.90 52.22 52.49 52.74 52.96 53.17 53.38 53.62 53.92 54.27 54.69 55.16 55.69 56.28 56.93 57.65 58.43 59.27 60.18 61.16 62.21 63.32 64.51 65.76 67.09 68.49 69.97
85.97 85.20 84.41 83.60 82.73 81.82 80.86 79.86 78.81 77.74 76.62 75.48 74.31 73.12 71.90 70.67 69.42 68.16 66.88 65.60 64.32 63.04 61.75 60.48 59.21 57.95 56.71 55.48 54.27 53.09 51.93 50.80 49.71 48.66 47.72 46.95 46.33 45.88 45.59 45.46 45.49 45.68 46.03 46.54 47.21 47.96 48.64 49.22 49.72 50.15 50.51 50.81 51.07 51.29 51.47 51.63 51.79 51.98 52.21 52.50 52.85 53.25 53.71 54.23 54.80 55.44 56.14 56.90 57.72 58.60 59.56 60.58 61.66 62.82 64.04 65.33 66.70 68.14
87.40 86.63 85.82 84.96 84.05 83.10 82.10 81.06 79.98 78.86 77.72 76.54 75.34 74.11 72.86 71.60 70.32 69.03 67.73 66.43 65.12 63.81 62.51 61.21 59.92 58.64 57.38 56.14 54.92 53.72 52.55 51.41 50.30 49.23 48.21 47.30 46.57 46.00 45.60 45.36 45.29 45.39 45.65 46.08 46.67 47.35 47.95 48.46 48.89 49.25 49.54 49.78 49.97 50.12 50.24 50.35 50.48 50.66 50.89 51.17 51.51 51.90 52.34 52.84 53.40 54.02 54.70 55.43 56.23 57.09 58.02 59.01 60.06 61.19 62.37 63.63 64.96 66.36
88.80 88.01 87.16 86.26 85.32 84.32 83.28 82.21 81.09 79.94 78.76 77.55 76.32 75.06 73.78 72.49 71.19 69.87 68.54 67.22 65.89 64.56 63.23 61.91 60.61 59.31 58.04 56.78 55.54 54.33 53.15 52.00 50.88 49.80 48.76 47.78 46.92 46.22 45.71 45.36 45.19 45.19 45.36 45.70 46.21 46.81 47.34 47.77 48.13 48.41 48.63 48.80 48.92 49.00 49.06 49.14 49.26 49.44 49.66 49.93 50.26 50.63 51.06 51.55 52.09 52.69 53.34 54.06 54.83 55.66 56.56 57.52 58.54 59.63 60.78 62.00 63.29 64.65
