data_processed/recharge/precip/Precip_1998_08.asc
ncols        168
nrows        136
xllcorner    455000
yllcorner    2107000
cellsize     500
NODATA_value     -99999
[rows 66 to 98 of 136, columns 0 to 73 of 168]
197.11 194.39 191.63 188.85 186.06 183.28 180.54 177.78 174.94 172.04 169.13 166.22 163.37 160.71 158.60 157.21 156.51 156.48 157.11 158.37 160.23 162.68 165.69 169.20 173.11 177.39 182.00 186.89 192.04 197.39 202.92 208.58 214.34 220.17 226.01 231.80 237.47 242.95 248.19 253.14 257.79 262.08 265.96 269.39 272.32 274.69 276.45 277.57 278.03 277.97 277.46 276.48 275.07 273.21 270.94 268.25 265.16 261.64 257.56 252.82 247.47 241.57 235.19 228.39 221.11 213.17 204.57 195.45 185.93 176.13 166.18 156.20 146.32 136.69
196.15 193.40 190.60 187.78 184.97 182.17 179.42 176.72 174.02 171.27 168.49 165.71 163.07 160.94 159.47 158.65 158.46 158.88 159.88 161.45 163.55 166.16 169.28 172.83 176.76 181.02 185.58 190.40 195.44 200.66 206.02 211.48 217.00 222.55 228.10 233.59 238.95 244.12 249.07 253.79 258.23 262.34 266.07 269.36 272.18 274.47 276.18 277.26 277.71 277.65 277.12 276.15 274.73 272.87 270.60 267.91 264.81 261.33 257.44 252.99 247.91 242.25 236.06 229.28 221.72 213.41 204.46 195.00 185.15 175.04 164.79 154.53 144.37 134.49
195.18 192.39 189.57 186.72 183.88 181.07 178.30 175.59 172.97 170.37 167.74 165.21 163.13 161.68 160.83 160.56 160.85 161.68 163.03 164.86 167.17 169.93 173.11 176.68 180.59 184.81 189.30 194.01 198.91 203.96 209.12 214.35 219.61 224.86 230.07 235.21 240.21 245.07 249.76 254.25 258.48 262.40 265.97 269.14 271.85 274.05 275.71 276.75 277.19 277.13 276.60 275.62 274.19 272.34 270.06 267.37 264.28 260.79 256.93 252.67 247.87 242.46 236.36 229.37 221.51 212.91 203.69 193.97 183.87 173.53 163.06 152.59 142.25 132.19
194.20 191.38 188.53 185.66 182.80 179.96 177.18 174.46 171.84 169.32 166.96 165.03 163.67 162.87 162.61 162.86 163.60 164.81 166.46 168.55 171.03 173.89 177.11 180.67 184.54 188.68 193.06 197.63 202.36 207.21 212.14 217.11 222.07 227.00 231.86 236.60 241.26 245.82 250.26 254.51 258.54 262.28 265.69 268.72 271.32 273.45 275.04 276.06 276.49 276.41 275.88 274.89 273.46 271.61 269.33 266.64 263.54 260.06 256.20 251.97 247.34 242.08 235.83 228.60 220.52 211.71 202.29 192.39 182.13 171.63 161.03 150.44 139.98 129.83
193.20 190.35 187.47 184.58 181.70 178.85 176.05 173.33 170.70 168.30 166.47 165.27 164.61 164.43 164.72 165.46 166.62 168.18 170.11 172.41 175.03 177.97 181.20 184.71 188.50 192.54 196.78 201.19 205.72 210.33 215.00 219.67 224.32 228.89 233.37 237.76 242.11 246.39 250.57 254.59 258.40 261.96 265.22 268.12 270.61 272.65 274.19 275.17 275.59 275.51 274.97 273.98 272.55 270.68 268.40 265.71 262.62 259.14 255.28 251.04 246.32 240.82 234.39 227.01 218.78 209.84 200.31 190.31 179.96 169.39 158.73 148.09 137.61 127.44
192.18 189.29 186.39 183.47 180.58 177.72 174.91 172.19 169.67 167.71 166.46 165.88 165.86 166.28 167.09 168.29 169.83 171.71 173.90 176.37 179.11 182.09 185.29 188.73 192.42 196.32 200.39 204.59 208.89 213.25 217.62 221.97 226.26 230.46 234.59 238.70 242.77 246.77 250.69 254.48 258.09 261.46 264.56 267.32 269.71 271.67 273.15 274.10 274.50 274.42 273.87 272.87 271.44 269.57 267.29 264.60 261.51 258.03 254.16 249.80 244.67 238.76 232.09 224.62 216.33 207.34 197.77 187.75 177.39 166.84 156.19 145.59 135.16 125.06
191.11 188.20 185.27 182.34 179.43 176.56 173.75 171.13 169.06 167.68 166.97 166.88 167.37 168.33 169.64 171.26 173.16 175.32 177.73 180.35 183.18 186.17 189.32 192.65 196.20 199.93 203.80 207.77 211.81 215.88 219.92 223.92 227.83 231.70 235.56 239.41 243.22 246.97 250.63 254.18 257.58 260.78 263.71 266.35 268.63 270.50 271.92 272.84 273.23 273.14 272.59 271.59 270.15 268.28 265.99 263.30 260.21 256.72 252.73 247.96 242.39 236.07 229.09 221.48 213.20 204.24 194.72 184.75 174.47 164.00 153.46 142.98 132.68 122.72
190.00 187.07 184.12 181.18 178.25 175.38 172.67 170.50 169.01 168.16 167.93 168.27 169.15 170.52 172.28 174.29 176.52 178.94 181.53 184.28 187.15 190.13 193.19 196.39 199.77 203.30 206.94 210.65 214.39 218.13 221.83 225.45 229.03 232.65 236.27 239.87 243.44 246.96 250.38 253.71 256.90 259.91 262.69 265.19 267.36 269.15 270.52 271.40 271.78 271.68 271.12 270.11 268.67 266.80 264.51 261.81 258.72 255.10 250.70 245.48 239.50 232.85 225.57 217.75 209.44 200.58 191.18 181.36 171.23 160.93 150.57 140.28 130.19 120.46
188.84 185.89 182.93 179.97 177.04 174.26 172.01 170.41 169.45 169.09 169.29 170.01 171.22 172.88 174.95 177.31 179.83 182.48 185.23 188.06 190.95 193.88 196.83 199.86 203.04 206.33 209.71 213.13 216.55 219.94 223.26 226.56 229.91 233.30 236.69 240.08 243.43 246.72 249.94 253.05 256.03 258.86 261.48 263.85 265.91 267.62 268.93 269.78 270.14 270.04 269.47 268.46 267.01 265.14 262.84 260.14 256.91 252.88 248.02 242.40 236.07 229.12 221.61 213.61 205.19 196.40 187.19 177.59 167.70 157.64 147.55 137.54 127.74 118.31
187.63 184.66 181.68 178.71 175.88 173.55 171.88 170.82 170.34 170.42 171.00 172.05 173.54 175.43 177.68 180.24 183.01 185.85 188.73 191.62 194.50 197.35 200.15 202.98 205.93 208.97 212.05 215.15 218.21 221.22 224.24 227.32 230.46 233.64 236.83 240.01 243.17 246.26 249.28 252.20 254.99 257.63 260.10 262.33 264.28 265.91 267.16 267.98 268.33 268.22 267.64 266.63 265.17 263.29 261.00 258.16 254.51 250.02 244.75 238.77 232.15 224.96 217.26 209.13 200.64 191.85 182.81 173.49 163.92 154.19 144.44 134.78 125.35 116.31
186.35 183.36 180.37 177.50 175.12 173.37 172.23 171.66 171.62 172.07 172.99 174.32 176.04 178.10 180.48 183.13 186.00 188.99 191.96 194.88 197.72 200.46 203.08 205.68 208.37 211.11 213.87 216.61 219.31 222.02 224.82 227.71 230.67 233.66 236.66 239.66 242.64 245.55 248.39 251.14 253.76 256.23 258.54 260.64 262.48 264.03 265.22 266.00 266.34 266.22 265.64 264.62 263.16 261.27 258.83 255.58 251.46 246.55 240.93 234.65 227.78 220.40 212.57 204.36 195.85 187.09 178.16 169.11 159.92 150.60 141.27 132.05 123.07 114.50
185.00 182.00 179.11 176.69 174.88 173.68 173.02 172.88 173.22 174.01 175.20 176.76 178.66 180.85 183.30 185.97 188.83 191.83 194.85 197.76 200.53 203.12 205.54 207.88 210.27 212.69 215.10 217.46 219.87 222.39 225.02 227.74 230.52 233.34 236.18 239.02 241.83 244.58 247.27 249.86 252.32 254.65 256.80 258.77 260.51 261.97 263.10 263.85 264.18 264.05 263.46 262.43 260.96 258.93 256.07 252.34 247.81 242.54 236.61 230.08 223.02 215.50 207.58 199.35 190.86 182.19 173.41 164.57 155.75 146.91 138.08 129.38 120.93 112.90
183.57 180.67 178.22 176.38 175.12 174.40 174.18 174.42 175.10 176.16 177.59 179.33 181.35 183.61 186.09 188.73 191.51 194.39 197.31 200.17 202.84 205.26 207.44 209.48 211.55 213.62 215.65 217.74 219.97 222.33 224.80 227.37 230.00 232.67 235.37 238.06 240.73 243.34 245.89 248.34 250.67 252.86 254.89 256.74 258.36 259.74 260.81 261.53 261.84 261.71 261.11 260.07 258.46 256.00 252.67 248.51 243.61 238.03 231.84 225.11 217.91 210.30 202.36 194.15 185.75 177.21 168.62 160.04 151.53 143.16 134.90 126.80 118.96 111.56
182.16 179.71 177.84 176.54 175.77 175.48 175.65 176.22 177.18 178.48 180.08 181.95 184.05 186.34 188.78 191.35 194.00 196.69 199.40 202.06 204.57 206.80 208.70 210.42 212.14 213.83 215.59 217.52 219.61 221.83 224.17 226.60 229.10 231.65 234.21 236.78 239.32 241.82 244.24 246.58 248.79 250.87 252.79 254.53 256.05 257.34 258.36 259.04 259.34 259.19 258.59 257.40 255.36 252.42 248.66 244.13 238.91 233.07 226.68 219.80 212.51 204.86 196.94 188.81 180.54 172.20 163.85 155.57 147.42 139.47 131.78 124.35 117.20 110.51
181.12 179.25 177.93 177.11 176.77 176.87 177.37 178.23 179.42 180.89 182.62 184.57 186.69 188.96 191.33 193.76 196.23 198.70 201.12 203.46 205.67 207.64 209.24 210.62 211.96 213.39 215.01 216.81 218.78 220.88 223.10 225.42 227.81 230.24 232.70 235.16 237.60 239.99 242.32 244.55 246.67 248.66 250.49 252.13 253.57 254.78 255.73 256.38 256.67 256.51 255.76 254.14 251.61 248.24 244.10 239.25 233.77 227.72 221.17 214.20 206.86 199.24 191.39 183.38 175.30 167.19 159.14 151.21 143.47 135.99 128.84 122.07 115.69 109.78
180.57 179.24 178.40 178.03 178.08 178.51 179.29 180.38 181.75 183.36 185.16 187.13 189.23 191.42 193.66 195.92 198.16 200.34 202.43 204.38 206.17 207.74 208.99 210.00 211.09 212.39 213.90 215.60 217.46 219.47 221.59 223.81 226.10 228.45 230.81 233.19 235.54 237.85 240.10 242.25 244.30 246.21 247.97 249.54 250.91 252.05 252.95 253.56 253.83 253.52 252.33 250.22 247.25 243.50 239.03 233.92 228.22 222.02 215.37 208.35 201.03 193.47 185.74 177.92 170.07 162.26 154.55 147.03 139.75 132.79 126.21 120.08 114.46 109.42
180.46 179.62 179.22 179.23 179.61 180.33 181.34 182.61 184.11 185.79 187.63 189.57 191.59 193.65 195.71 197.74 199.70 201.55 203.25 204.77 206.07 207.11 207.89 208.64 209.62 210.83 212.25 213.87 215.65 217.57 219.62 221.76 223.98 226.24 228.54 230.85 233.13 235.38 237.56 239.66 241.65 243.50 245.20 246.73 248.05 249.14 249.99 250.58 250.77 250.03 248.34 245.78 242.42 238.34 233.60 228.26 222.40 216.08 209.38 202.37 195.10 187.66 180.11 172.51 164.95 157.47 150.17 143.10 136.33 129.93 123.97 118.52 113.65 109.38
180.73 180.31 180.28 180.62 181.27 182.20 183.38 184.77 186.34 188.03 189.83 191.68 193.56 195.43 197.25 198.99 200.60 202.05 203.30 204.32 205.07 205.55 206.02 206.71 207.61 208.74 210.09 211.62 213.33 215.18 217.15 219.23 221.38 223.58 225.82 228.06 230.29 232.48 234.61 236.66 238.60 240.40 242.06 243.54 244.82 245.88 246.70 247.50 248.16 247.22 245.04 242.04 238.30 233.89 228.87 223.31 217.29 210.87 204.12 197.12 189.91 182.59 175.21 167.85 160.57 153.44 146.54 139.92 133.66 127.83 122.50 117.73 113.52 109.60
181.29 181.22 181.49 182.07 182.92 184.00 185.28 186.71 188.26 189.90 191.59 193.28 194.95 196.55 198.05 199.42 200.61 201.59 202.32 202.76 202.93 203.10 203.56 204.26 205.13 206.19 207.45 208.91 210.54 212.32 214.22 216.23 218.31 220.45 222.62 224.81 226.98 229.11 231.19 233.18 235.07 236.83 238.44 239.87 241.11 242.14 243.16 244.67 246.19 245.85 243.49 240.02 235.86 231.08 225.75 219.94 213.72 207.15 200.32 193.28 186.11 178.86 171.62 164.45 157.42 150.60 144.06 137.86 132.08 126.78 122.03 117.84 113.92 110.09
182.06 182.28 182.78 183.54 184.51 185.66 186.95 188.35 189.82 191.33 192.83 194.28 195.66 196.92 198.03 198.96 199.65 200.09 200.22 200.06 199.91 200.09 200.58 201.30 202.18 203.20 204.39 205.77 207.32 209.02 210.86 212.79 214.81 216.88 218.99 221.11 223.22 225.30 227.32 229.26 231.10 232.81 234.37 235.76 236.97 238.19 239.91 242.23 244.52 245.02 243.29 239.66 235.04 229.85 224.17 218.07 211.61 204.86 197.90 190.79 183.60 176.41 169.26 162.25 155.43 148.88 142.66 136.84 131.49 126.68 122.42 118.44 114.55 110.78
182.71 183.41 184.08 184.93 185.95 187.10 188.34 189.64 190.95 192.24 193.48 194.62 195.64 196.49 197.13 197.54 197.67 197.48 196.99 196.51 196.39 196.62 197.14 197.88 198.77 199.78 200.93 202.24 203.72 205.35 207.10 208.97 210.92 212.92 214.97 217.03 219.08 221.10 223.06 224.95 226.73 228.40 229.91 231.27 232.66 234.56 237.07 240.10 243.08 244.35 243.48 240.49 235.72 230.10 224.03 217.59 210.86 203.89 196.76 189.55 182.30 175.11 168.03 161.13 154.48 148.15 142.22 136.74 131.79 127.37 123.25 119.24 115.35 111.65
182.78 184.31 185.31 186.20 187.19 188.26 189.37 190.49 191.57 192.58 193.48 194.24 194.82 195.18 195.28 195.09 194.58 193.75 192.94 192.50 192.45 192.73 193.30 194.06 194.95 195.97 197.11 198.37 199.77 201.33 203.01 204.80 206.68 208.62 210.60 212.60 214.59 216.55 218.45 220.29 222.02 223.63 225.11 226.64 228.70 231.37 234.58 238.24 241.81 243.75 243.66 241.56 237.46 231.71 225.22 218.41 211.35 204.13 196.80 189.43 182.09 174.86 167.80 160.98 154.46 148.32 142.63 137.45 132.80 128.45 124.24 120.17 116.30 112.67
182.19 184.53 186.17 187.25 188.16 189.07 189.98 190.84 191.61 192.26 192.76 193.06 193.12 192.92 192.41 191.56 190.37 189.22 188.47 188.13 188.15 188.49 189.09 189.87 190.77 191.79 192.93 194.17 195.53 197.01 198.62 200.34 202.14 204.02 205.93 207.86 209.79 211.69 213.54 215.32 217.00 218.57 220.22 222.40 225.21 228.57 232.38 236.58 240.65 243.17 243.77 242.47 239.28 234.21 227.61 220.40 212.99 205.46 197.88 190.33 182.86 175.55 168.47 161.68 155.26 149.27 143.78 138.82 134.16 129.65 125.33 121.22 117.36 113.81
180.99 184.00 186.27 187.82 188.77 189.47 190.10 190.62 191.02 191.24 191.25 191.01 190.49 189.65 188.45 186.91 185.40 184.33 183.69 183.45 183.54 183.94 184.57 185.38 186.30 187.32 188.45 189.68 191.01 192.43 193.97 195.62 197.35 199.16 201.00 202.87 204.74 206.58 208.37 210.09 211.72 213.46 215.74 218.66 222.14 226.08 230.42 235.06 239.53 242.54 243.74 243.16 240.79 236.65 230.75 223.44 215.65 207.78 199.92 192.14 184.50 177.08 169.94 163.15 156.78 150.90 145.53 140.47 135.60 130.93 126.50 122.34 118.51 115.03
179.20 182.77 185.53 187.52 188.76 189.37 189.65 189.78 189.71 189.43 188.88 188.03 186.85 185.29 183.39 181.52 180.11 179.17 178.65 178.50 178.68 179.13 179.80 180.63 181.57 182.59 183.72 184.93 186.24 187.63 189.11 190.69 192.35 194.09 195.86 197.67 199.47 201.25 202.98 204.65 206.45 208.80 211.80 215.36 219.41 223.85 228.61 233.61 238.40 241.80 243.52 243.55 241.92 238.62 233.67 227.09 219.21 210.98 202.80 194.75 186.90 179.32 172.08 165.25 158.89 153.04 147.51 142.19 137.08 132.25 127.71 123.52 119.72 116.32
176.89 180.88 184.01 186.31 187.81 188.53 188.57 188.23 187.63 186.76 185.58 184.05 182.13 179.85 177.62 175.86 174.61 173.80 173.40 173.35 173.60 174.11 174.83 175.69 176.63 177.67 178.79 179.99 181.27 182.63 184.07 185.59 187.18 188.85 190.56 192.29 194.03 195.74 197.42 199.25 201.65 204.70 208.33 212.44 216.97 221.82 226.92 232.17 237.19 240.90 243.03 243.60 242.61 240.06 235.98 230.36 223.23 214.94 206.40 198.05 189.95 182.17 174.80 167.88 161.46 155.38 149.51 143.90 138.58 133.58 128.95 124.72 120.94 117.64
174.09 178.37 181.74 184.23 185.85 186.65 186.63 185.89 184.71 183.18 181.29 179.00 176.33 173.72 171.62 170.04 168.95 168.28 167.99 168.04 168.37 168.95 169.70 170.59 171.55 172.59 173.71 174.90 176.16 177.50 178.90 180.36 181.89 183.48 185.12 186.79 188.46 190.12 191.95 194.36 197.44 201.10 205.26 209.84 214.76 219.93 225.27 230.69 235.84 239.77 242.23 243.23 242.79 240.91 237.59 232.86 226.72 219.19 210.62 201.92 193.54 185.53 177.97 170.90 164.18 157.70 151.49 145.59 140.05 134.89 130.17 125.91 122.17 118.96
170.85 175.29 178.77 181.31 182.94 183.68 183.55 182.58 180.86 178.61 175.94 172.88 169.88 167.42 165.51 164.11 163.17 162.64 162.48 162.63 163.04 163.67 164.48 165.39 166.37 167.42 168.54 169.72 170.96 172.26 173.62 175.04 176.51 178.04 179.61 181.21 182.82 184.62 187.02 190.09 193.76 197.94 202.55 207.50 212.71 218.11 223.60 229.10 234.29 238.34 241.04 242.39 242.40 241.09 238.46 234.53 229.29 222.77 214.98 206.26 197.55 189.28 181.47 174.02 166.84 159.95 153.40 147.23 141.47 136.16 131.35 127.07 123.36 120.25
167.20 171.68 175.15 177.61 179.11 179.67 179.30 178.04 175.91 172.98 169.52 166.13 163.30 161.05 159.34 158.12 157.34 156.95 156.91 157.16 157.66 158.35 159.20 160.14 161.14 162.20 163.32 164.49 165.72 166.99 168.32 169.69 171.10 172.56 174.06 175.60 177.34 179.70 182.74 186.39 190.55 195.16 200.12 205.35 210.77 216.30 221.85 227.34 232.48 236.56 239.40 241.01 241.39 240.56 238.52 235.29 230.87 225.27 218.51 210.60 201.88 193.27 185.01 177.05 169.40 162.12 155.23 148.78 142.81 137.35 132.46 128.15 124.49 121.48
163.21 167.60 170.91 173.17 174.42 174.66 173.92 172.24 169.63 166.18 162.50 159.30 156.70 154.67 153.16 152.12 151.50 151.26 151.33 151.69 152.27 153.03 153.92 154.89 155.91 156.99 158.11 159.27 160.48 161.73 163.02 164.34 165.70 167.10 168.53 170.19 172.48 175.46 179.05 183.18 187.75 192.69 197.91 203.33 208.87 214.44 219.96 225.35 230.35 234.37 237.26 239.03 239.69 239.24 237.71 235.09 231.39 226.63 220.81 213.95 206.03 197.26 188.44 179.95 171.84 164.16 156.94 150.22 144.04 138.44 133.46 129.14 125.52 122.62
158.90 163.07 166.10 168.04 168.89 168.69 167.46 165.23 162.08 158.59 155.36 152.50 150.15 148.34 147.03 146.17 145.71 145.61 145.81 146.27 146.93 147.76 148.70 149.70 150.75 151.83 152.95 154.11 155.31 156.53 157.78 159.07 160.37 161.71 163.27 165.44 168.32 171.83 175.89 180.41 185.30 190.48 195.87 201.39 206.95 212.47 217.86 223.06 227.83 231.70 234.55 236.39 237.23 237.08 235.96 233.86 230.79 226.78 221.82 215.90 208.90 200.72 191.68 182.68 174.12 166.05 158.49 151.51 145.13 139.39 134.34 130.00 126.43 123.64
154.33 158.14 160.77 162.25 162.59 161.82 159.97 157.12 153.88 150.85 148.13 145.72 143.68 142.10 140.99 140.31 140.02 140.06 140.38 140.95 141.70 142.59 143.58 144.61 145.68 146.78 147.91 149.06 150.24 151.44 152.66 153.90 155.17 156.64 158.70 161.45 164.83 168.77 173.20 178.01 183.13 188.46 193.93 199.45 204.94 210.32 215.51 220.41 224.86 228.48 231.20 233.03 233.96 234.02 233.21 231.54 229.02 225.66 221.44 216.27 210.05 202.75 194.37 185.22 176.22 167.75 159.88 152.63 146.05 140.17 135.05 130.71 127.19 124.51
149.53 152.87 154.97 155.85 155.55 154.08 151.54 148.55 145.74 143.19 140.93 138.96 137.31 135.99 135.09 134.60 134.47 134.65 135.11 135.78 136.62 137.58 138.62 139.69 140.78 141.89 143.03 144.18 145.34 146.52 147.71 148.92 150.32 152.29 154.93 158.18 161.96 166.23 170.91 175.93 181.18 186.57 192.03 197.46 202.80 207.94 212.82 217.35 221.38 224.67 227.17 228.88 229.82 229.99 229.41 228.07 226.00 223.19 219.54 214.98 209.48 203.02 195.59 187.17 178.08 169.25 161.05 153.54 146.77 140.76 135.57 131.23 127.77 125.21
