data_processed/recharge/precip/Precip_2009_01.asc
ncols        168
nrows        136
xllcorner    455000
yllcorner    2107000
cellsize     500
NODATA_value     -99999
[rows 70 to 104 of 136, columns 80 to 159 of 168]
17.03 16.87 16.69 16.48 16.25 16.00 15.73 15.45 15.15 14.83 14.50 14.15 13.79 13.40 13.01 12.60 12.20 11.81 11.43 11.06 10.70 10.35 10.01 9.68 9.36 9.05 8.75 8.45 8.17 7.90 7.65 7.40 7.16 6.94 6.73 6.53 6.35 6.20 6.06 5.95 5.87 5.82 5.81 5.86 5.95 6.08 6.26 6.47 6.73 6.97 7.19 7.39 7.56 7.71 7.82 7.91 7.97 8.03 8.08 8.14 8.19 8.24 8.29 8.33 8.37 8.41 8.43 8.45 8.44 8.42 8.37 8.31 8.22 8.11 7.99 7.86 7.73 7.60 7.48 7.36
16.94 16.78 16.61 16.41 16.19 15.95 15.70 15.44 15.15 14.86 14.54 14.22 13.87 13.51 13.14 12.75 12.36 11.97 11.59 11.22 10.86 10.51 10.17 9.85 9.52 9.21 8.91 8.62 8.34 8.07 7.80 7.55 7.31 7.08 6.86 6.66 6.48 6.32 6.18 6.06 5.97 5.91 5.88 5.91 5.98 6.10 6.27 6.48 6.72 6.96 7.18 7.36 7.52 7.65 7.75 7.83 7.90 7.97 8.04 8.10 8.16 8.22 8.27 8.32 8.36 8.40 8.43 8.45 8.45 8.43 8.40 8.33 8.25 8.14 8.01 7.88 7.75 7.62 7.49 7.37
16.82 16.66 16.49 16.30 16.09 15.87 15.64 15.39 15.12 14.84 14.55 14.24 13.92 13.58 13.23 12.86 12.49 12.10 11.73 11.36 11.00 10.66 10.32 9.99 9.68 9.37 9.06 8.77 8.49 8.21 7.94 7.68 7.44 7.20 6.98 6.78 6.59 6.43 6.28 6.16 6.07 6.00 5.96 5.97 6.02 6.13 6.28 6.48 6.72 6.95 7.16 7.33 7.48 7.59 7.68 7.77 7.85 7.93 8.01 8.08 8.14 8.20 8.26 8.31 8.35 8.39 8.42 8.44 8.45 8.44 8.41 8.35 8.27 8.16 8.03 7.90 7.76 7.63 7.50 7.37
16.66 16.51 16.35 16.17 15.97 15.76 15.54 15.30 15.05 14.79 14.51 14.22 13.92 13.60 13.28 12.93 12.58 12.21 11.84 11.48 11.13 10.78 10.45 10.12 9.81 9.50 9.20 8.91 8.62 8.34 8.07 7.80 7.55 7.31 7.09 6.88 6.69 6.52 6.38 6.25 6.16 6.09 6.05 6.04 6.07 6.16 6.30 6.49 6.72 6.94 7.13 7.29 7.42 7.53 7.63 7.73 7.82 7.91 7.99 8.07 8.14 8.20 8.26 8.31 8.35 8.39 8.41 8.43 8.44 8.43 8.41 8.35 8.27 8.17 8.04 7.90 7.77 7.63 7.50 7.37
16.48 16.34 16.18 16.00 15.82 15.62 15.41 15.19 14.95 14.70 14.44 14.17 13.89 13.59 13.28 12.96 12.63 12.29 11.93 11.58 11.23 10.89 10.56 10.24 9.92 9.62 9.32 9.02 8.73 8.45 8.17 7.90 7.65 7.40 7.18 6.97 6.78 6.61 6.46 6.33 6.23 6.16 6.12 6.11 6.13 6.20 6.32 6.50 6.72 6.93 7.11 7.25 7.38 7.49 7.60 7.71 7.81 7.90 7.99 8.07 8.14 8.21 8.27 8.32 8.36 8.39 8.42 8.43 8.43 8.42 8.39 8.35 8.27 8.16 8.03 7.90 7.76 7.63 7.49 7.34
16.27 16.13 15.98 15.81 15.64 15.45 15.25 15.04 14.82 14.58 14.34 14.08 13.81 13.53 13.25 12.95 12.64 12.32 11.99 11.64 11.30 10.97 10.64 10.32 10.01 9.71 9.41 9.11 8.82 8.53 8.25 7.98 7.72 7.48 7.25 7.04 6.84 6.67 6.52 6.40 6.30 6.23 6.18 6.17 6.19 6.25 6.36 6.52 6.72 6.92 7.08 7.22 7.35 7.47 7.59 7.71 7.81 7.91 8.01 8.09 8.17 8.23 8.29 8.34 8.38 8.41 8.42 8.43 8.42 8.40 8.37 8.32 8.25 8.14 8.01 7.88 7.74 7.60 7.45 7.30
16.04 15.91 15.76 15.60 15.43 15.25 15.06 14.86 14.65 14.43 14.19 13.95 13.70 13.44 13.17 12.89 12.60 12.30 11.99 11.68 11.35 11.02 10.70 10.39 10.08 9.78 9.47 9.17 8.88 8.59 8.30 8.03 7.77 7.53 7.30 7.09 6.89 6.72 6.57 6.44 6.34 6.27 6.23 6.22 6.24 6.30 6.39 6.54 6.73 6.91 7.06 7.21 7.35 7.48 7.61 7.73 7.84 7.95 8.04 8.13 8.20 8.27 8.33 8.37 8.40 8.43 8.44 8.43 8.42 8.39 8.34 8.29 8.21 8.11 7.98 7.84 7.70 7.55 7.39 7.22
15.79 15.66 15.51 15.36 15.20 15.02 14.84 14.65 14.45 14.24 14.02 13.79 13.56 13.31 13.06 12.79 12.52 12.25 11.96 11.66 11.36 11.05 10.74 10.43 10.12 9.81 9.51 9.20 8.91 8.62 8.33 8.06 7.80 7.55 7.32 7.11 6.92 6.74 6.60 6.47 6.37 6.30 6.26 6.25 6.27 6.33 6.43 6.56 6.74 6.91 7.07 7.23 7.38 7.52 7.65 7.78 7.89 8.00 8.10 8.18 8.26 8.32 8.37 8.41 8.44 8.46 8.46 8.45 8.42 8.38 8.32 8.25 8.16 8.05 7.92 7.78 7.63 7.47 7.30 7.13
15.52 15.39 15.25 15.10 14.94 14.78 14.60 14.42 14.22 14.02 13.82 13.60 13.38 13.15 12.91 12.66 12.41 12.15 11.88 11.61 11.33 11.04 10.74 10.43 10.13 9.82 9.51 9.21 8.91 8.62 8.33 8.06 7.80 7.56 7.33 7.11 6.92 6.75 6.60 6.48 6.38 6.31 6.27 6.27 6.29 6.35 6.45 6.59 6.76 6.94 7.12 7.28 7.44 7.58 7.72 7.85 7.97 8.08 8.17 8.26 8.33 8.39 8.44 8.47 8.49 8.50 8.49 8.47 8.43 8.38 8.31 8.22 8.11 7.99 7.84 7.69 7.53 7.36 7.18 7.01
15.25 15.12 14.98 14.83 14.68 14.52 14.35 14.17 13.99 13.79 13.60 13.39 13.18 12.96 12.74 12.51 12.27 12.03 11.78 11.53 11.27 10.99 10.70 10.39 10.08 9.77 9.47 9.16 8.87 8.58 8.30 8.03 7.78 7.53 7.31 7.10 6.91 6.74 6.60 6.48 6.39 6.32 6.29 6.29 6.32 6.39 6.49 6.64 6.82 7.01 7.19 7.36 7.53 7.68 7.82 7.95 8.08 8.18 8.28 8.37 8.44 8.49 8.54 8.57 8.58 8.58 8.56 8.53 8.48 8.41 8.32 8.22 8.10 7.94 7.75 7.58 7.41 7.23 7.05 6.87
14.98 14.85 14.71 14.57 14.41 14.25 14.09 13.92 13.74 13.56 13.37 13.17 12.97 12.77 12.55 12.34 12.12 11.89 11.66 11.42 11.18 10.90 10.60 10.29 9.98 9.68 9.38 9.08 8.79 8.51 8.24 7.98 7.73 7.49 7.27 7.07 6.89 6.73 6.60 6.49 6.40 6.35 6.32 6.33 6.37 6.45 6.56 6.72 6.91 7.10 7.29 7.47 7.65 7.81 7.95 8.09 8.21 8.33 8.42 8.51 8.58 8.63 8.67 8.69 8.70 8.69 8.67 8.62 8.56 8.48 8.38 8.26 8.11 7.90 7.67 7.46 7.27 7.09 6.91 6.73
14.72 14.59 14.45 14.30 14.15 13.99 13.83 13.66 13.49 13.31 13.13 12.94 12.75 12.56 12.36 12.15 11.95 11.74 11.52 11.30 11.04 10.76 10.46 10.14 9.84 9.54 9.25 8.96 8.68 8.41 8.15 7.90 7.66 7.43 7.23 7.04 6.87 6.72 6.60 6.50 6.43 6.38 6.37 6.39 6.45 6.54 6.66 6.83 7.02 7.22 7.42 7.61 7.79 7.96 8.11 8.25 8.38 8.50 8.59 8.68 8.75 8.80 8.84 8.85 8.86 8.84 8.81 8.75 8.68 8.59 8.48 8.33 8.13 7.88 7.61 7.36 7.14 6.94 6.76 6.58
14.47 14.33 14.19 14.04 13.89 13.73 13.57 13.41 13.24 13.07 12.89 12.71 12.53 12.34 12.15 11.96 11.77 11.57 11.36 11.13 10.87 10.58 10.27 9.96 9.65 9.36 9.08 8.80 8.54 8.28 8.03 7.79 7.57 7.36 7.17 6.99 6.84 6.71 6.60 6.52 6.46 6.44 6.44 6.48 6.55 6.65 6.79 6.96 7.16 7.37 7.57 7.77 7.95 8.13 8.29 8.44 8.57 8.69 8.79 8.87 8.94 8.99 9.03 9.04 9.04 9.02 8.98 8.91 8.83 8.73 8.59 8.39 8.15 7.87 7.56 7.27 7.01 6.79 6.60 6.42
14.22 14.08 13.94 13.79 13.63 13.48 13.32 13.15 12.99 12.82 12.65 12.47 12.30 12.12 11.94 11.76 11.58 11.38 11.17 10.93 10.66 10.37 10.06 9.74 9.44 9.15 8.88 8.62 8.37 8.13 7.90 7.68 7.47 7.28 7.11 6.95 6.82 6.70 6.61 6.55 6.52 6.51 6.53 6.59 6.68 6.80 6.95 7.13 7.33 7.54 7.75 7.94 8.13 8.32 8.49 8.64 8.78 8.90 9.00 9.09 9.16 9.21 9.24 9.25 9.25 9.22 9.17 9.10 9.01 8.88 8.69 8.46 8.18 7.86 7.52 7.20 6.91 6.66 6.45 6.27
13.97 13.84 13.70 13.54 13.39 13.23 13.07 12.91 12.74 12.58 12.41 12.24 12.07 11.90 11.73 11.55 11.37 11.17 10.94 10.69 10.41 10.12 9.81 9.50 9.21 8.92 8.66 8.41 8.17 7.95 7.74 7.54 7.36 7.19 7.04 6.91 6.80 6.71 6.64 6.60 6.59 6.61 6.65 6.73 6.83 6.96 7.12 7.31 7.52 7.73 7.94 8.14 8.33 8.52 8.69 8.85 9.00 9.12 9.23 9.32 9.39 9.44 9.47 9.48 9.47 9.44 9.38 9.30 9.19 9.02 8.80 8.53 8.22 7.87 7.49 7.15 6.84 6.56 6.32 6.12
13.73 13.60 13.46 13.31 13.15 12.99 12.83 12.67 12.50 12.34 12.17 12.01 11.84 11.68 11.51 11.34 11.15 10.93 10.68 10.42 10.14 9.85 9.54 9.24 8.95 8.68 8.42 8.18 7.96 7.76 7.57 7.40 7.24 7.10 6.97 6.87 6.78 6.72 6.68 6.67 6.68 6.73 6.79 6.89 7.01 7.15 7.32 7.51 7.72 7.94 8.15 8.35 8.55 8.73 8.91 9.08 9.23 9.36 9.47 9.56 9.63 9.68 9.71 9.72 9.71 9.67 9.61 9.51 9.35 9.15 8.90 8.60 8.26 7.88 7.48 7.11 6.78 6.48 6.22 6.00
13.50 13.37 13.23 13.09 12.93 12.77 12.60 12.44 12.27 12.11 11.94 11.78 11.62 11.46 11.29 11.10 10.89 10.66 10.40 10.13 9.85 9.55 9.25 8.96 8.68 8.42 8.17 7.95 7.74 7.56 7.39 7.25 7.12 7.01 6.91 6.84 6.78 6.75 6.74 6.76 6.80 6.87 6.96 7.07 7.20 7.36 7.53 7.73 7.94 8.16 8.37 8.57 8.77 8.96 9.14 9.30 9.46 9.59 9.71 9.81 9.88 9.93 9.96 9.97 9.95 9.91 9.83 9.69 9.51 9.27 8.99 8.66 8.30 7.90 7.48 7.09 6.73 6.42 6.14 5.91
13.27 13.14 13.01 12.87 12.72 12.56 12.39 12.22 12.05 11.89 11.72 11.56 11.40 11.24 11.05 10.84 10.61 10.37 10.10 9.83 9.54 9.25 8.95 8.67 8.40 8.15 7.92 7.71 7.52 7.35 7.21 7.09 7.00 6.92 6.85 6.81 6.79 6.79 6.82 6.87 6.94 7.03 7.14 7.27 7.41 7.58 7.76 7.96 8.18 8.39 8.60 8.81 9.01 9.19 9.37 9.54 9.69 9.83 9.95 10.05 10.13 10.18 10.22 10.22 10.20 10.14 10.02 9.86 9.64 9.38 9.07 8.73 8.34 7.92 7.48 7.08 6.71 6.38 6.09 5.84
13.05 12.93 12.80 12.66 12.51 12.36 12.19 12.02 11.85 11.68 11.51 11.35 11.19 11.00 10.79 10.57 10.32 10.06 9.79 9.51 9.22 8.94 8.65 8.37 8.12 7.88 7.67 7.47 7.30 7.16 7.04 6.94 6.88 6.83 6.81 6.80 6.82 6.86 6.92 7.00 7.09 7.21 7.33 7.48 7.64 7.81 8.00 8.21 8.42 8.64 8.85 9.05 9.25 9.43 9.61 9.78 9.93 10.07 10.19 10.30 10.38 10.43 10.47 10.47 10.43 10.34 10.20 10.00 9.76 9.48 9.15 8.78 8.38 7.94 7.50 7.08 6.70 6.36 6.06 5.81
12.83 12.71 12.59 12.45 12.31 12.16 12.00 11.84 11.66 11.49 11.32 11.15 10.96 10.75 10.52 10.28 10.02 9.75 9.47 9.19 8.90 8.62 8.34 8.08 7.84 7.62 7.42 7.25 7.10 6.97 6.88 6.81 6.77 6.76 6.77 6.81 6.87 6.94 7.04 7.14 7.26 7.40 7.54 7.70 7.87 8.06 8.25 8.46 8.67 8.88 9.09 9.30 9.49 9.67 9.85 10.01 10.16 10.30 10.43 10.53 10.62 10.68 10.71 10.70 10.63 10.51 10.34 10.13 9.86 9.56 9.21 8.83 8.42 7.97 7.51 7.09 6.70 6.36 6.06 5.80
12.63 12.51 12.39 12.26 12.12 11.97 11.82 11.66 11.49 11.32 11.14 10.94 10.73 10.49 10.24 9.98 9.71 9.43 9.15 8.86 8.58 8.31 8.04 7.80 7.57 7.37 7.19 7.03 6.91 6.81 6.74 6.69 6.68 6.70 6.75 6.83 6.93 7.04 7.17 7.30 7.44 7.60 7.76 7.93 8.12 8.31 8.51 8.71 8.93 9.14 9.34 9.54 9.73 9.92 10.09 10.25 10.40 10.53 10.65 10.76 10.84 10.90 10.92 10.89 10.79 10.65 10.46 10.23 9.95 9.63 9.27 8.88 8.45 8.00 7.54 7.11 6.72 6.38 6.07 5.82
12.43 12.31 12.19 12.07 11.93 11.79 11.65 11.49 11.33 11.16 10.96 10.73 10.49 10.23 9.96 9.68 9.40 9.11 8.83 8.55 8.27 8.01 7.76 7.52 7.31 7.13 6.97 6.84 6.74 6.67 6.62 6.61 6.63 6.68 6.76 6.88 7.01 7.15 7.31 7.47 7.63 7.81 7.99 8.17 8.36 8.56 8.76 8.97 9.18 9.39 9.59 9.79 9.98 10.15 10.32 10.48 10.63 10.76 10.87 10.97 11.05 11.10 11.09 11.03 10.92 10.76 10.55 10.30 10.01 9.68 9.31 8.91 8.48 8.03 7.56 7.14 6.75 6.41 6.11 5.86
12.24 12.13 12.01 11.89 11.76 11.62 11.48 11.34 11.18 10.99 10.77 10.51 10.25 9.97 9.68 9.39 9.10 8.81 8.52 8.24 7.97 7.72 7.48 7.27 7.08 6.92 6.78 6.67 6.60 6.55 6.54 6.55 6.60 6.69 6.80 6.94 7.10 7.27 7.45 7.64 7.83 8.02 8.22 8.41 8.61 8.82 9.02 9.23 9.44 9.64 9.84 10.03 10.21 10.39 10.55 10.70 10.85 10.97 11.08 11.18 11.24 11.25 11.22 11.14 11.01 10.83 10.61 10.35 10.05 9.71 9.34 8.94 8.51 8.05 7.59 7.17 6.79 6.45 6.16 5.92
12.06 11.95 11.84 11.72 11.59 11.46 11.33 11.18 11.01 10.80 10.56 10.30 10.01 9.71 9.41 9.11 8.81 8.51 8.23 7.95 7.70 7.45 7.23 7.04 6.87 6.73 6.62 6.54 6.49 6.47 6.49 6.54 6.62 6.74 6.87 7.03 7.21 7.40 7.61 7.82 8.03 8.24 8.45 8.66 8.86 9.07 9.28 9.48 9.69 9.88 10.08 10.26 10.44 10.61 10.77 10.92 11.05 11.17 11.28 11.35 11.38 11.36 11.30 11.20 11.06 10.87 10.64 10.37 10.06 9.72 9.35 8.95 8.52 8.08 7.62 7.21 6.84 6.51 6.24 6.01
11.89 11.78 11.67 11.56 11.44 11.31 11.18 11.02 10.82 10.60 10.35 10.08 9.78 9.47 9.15 8.84 8.54 8.24 7.96 7.69 7.44 7.22 7.01 6.84 6.69 6.58 6.49 6.44 6.42 6.43 6.48 6.56 6.68 6.82 6.97 7.15 7.34 7.54 7.77 7.99 8.22 8.45 8.67 8.89 9.11 9.32 9.53 9.73 9.93 10.12 10.31 10.49 10.66 10.82 10.98 11.12 11.25 11.36 11.44 11.48 11.47 11.43 11.34 11.22 11.07 10.87 10.63 10.36 10.05 9.72 9.35 8.95 8.53 8.09 7.65 7.25 6.89 6.58 6.32 6.11
11.73 11.63 11.52 11.41 11.29 11.17 11.02 10.84 10.63 10.39 10.13 9.85 9.55 9.24 8.92 8.60 8.29 7.99 7.71 7.45 7.22 7.01 6.83 6.68 6.55 6.46 6.41 6.38 6.39 6.44 6.52 6.64 6.77 6.92 7.10 7.28 7.49 7.70 7.93 8.17 8.42 8.66 8.90 9.13 9.35 9.57 9.77 9.97 10.16 10.35 10.53 10.70 10.87 11.02 11.17 11.30 11.42 11.51 11.56 11.56 11.53 11.46 11.35 11.21 11.04 10.83 10.60 10.32 10.02 9.69 9.33 8.94 8.53 8.11 7.68 7.30 6.96 6.67 6.43 6.24
11.58 11.48 11.38 11.27 11.15 11.01 10.84 10.64 10.42 10.17 9.91 9.63 9.33 9.02 8.70 8.38 8.07 7.78 7.50 7.25 7.03 6.84 6.68 6.55 6.46 6.40 6.37 6.38 6.42 6.50 6.61 6.74 6.89 7.06 7.25 7.44 7.66 7.88 8.11 8.36 8.61 8.87 9.12 9.35 9.58 9.80 10.00 10.20 10.38 10.56 10.73 10.90 11.06 11.20 11.34 11.47 11.56 11.62 11.63 11.61 11.54 11.45 11.32 11.16 10.98 10.76 10.52 10.26 9.96 9.64 9.29 8.91 8.52 8.12 7.71 7.35 7.03 6.76 6.54 6.38
11.45 11.35 11.25 11.14 11.00 10.84 10.65 10.44 10.21 9.95 9.69 9.40 9.11 8.81 8.50 8.19 7.89 7.60 7.33 7.09 6.89 6.71 6.58 6.48 6.41 6.38 6.38 6.42 6.50 6.61 6.74 6.89 7.05 7.23 7.42 7.63 7.85 8.07 8.31 8.56 8.81 9.07 9.32 9.57 9.80 10.02 10.22 10.41 10.59 10.76 10.92 11.08 11.23 11.37 11.49 11.59 11.65 11.67 11.66 11.60 11.52 11.40 11.26 11.08 10.88 10.66 10.42 10.16 9.87 9.56 9.23 8.87 8.50 8.11 7.73 7.39 7.10 6.86 6.67 6.54
11.32 11.23 11.12 10.99 10.84 10.66 10.46 10.23 9.99 9.74 9.47 9.19 8.90 8.61 8.32 8.03 7.74 7.46 7.20 6.98 6.79 6.64 6.53 6.45 6.42 6.42 6.45 6.53 6.63 6.76 6.90 7.06 7.24 7.42 7.62 7.84 8.06 8.28 8.52 8.76 9.01 9.26 9.52 9.77 10.01 10.22 10.43 10.61 10.78 10.94 11.09 11.24 11.38 11.50 11.60 11.67 11.69 11.68 11.64 11.56 11.45 11.32 11.16 10.97 10.76 10.54 10.29 10.03 9.75 9.46 9.14 8.81 8.46 8.10 7.75 7.44 7.18 6.97 6.81 6.70
11.21 11.11 10.99 10.84 10.67 10.47 10.26 10.02 9.78 9.52 9.26 8.98 8.71 8.43 8.15 7.88 7.62 7.36 7.12 6.92 6.75 6.62 6.53 6.49 6.49 6.52 6.59 6.69 6.81 6.95 7.11 7.28 7.46 7.65 7.85 8.07 8.29 8.51 8.75 8.98 9.23 9.47 9.71 9.96 10.19 10.41 10.61 10.79 10.94 11.09 11.24 11.37 11.50 11.60 11.66 11.69 11.68 11.64 11.57 11.47 11.35 11.19 11.02 10.83 10.61 10.38 10.14 9.88 9.61 9.33 9.04 8.73 8.41 8.08 7.76 7.48 7.26 7.08 6.96 6.86
11.11 10.99 10.84 10.67 10.48 10.28 10.05 9.82 9.57 9.31 9.05 8.79 8.53 8.27 8.01 7.77 7.53 7.30 7.10 6.91 6.76 6.66 6.60 6.59 6.62 6.69 6.78 6.90 7.04 7.19 7.35 7.52 7.71 7.90 8.11 8.32 8.54 8.76 8.99 9.22 9.45 9.68 9.91 10.14 10.36 10.58 10.77 10.94 11.09 11.22 11.36 11.48 11.58 11.64 11.67 11.66 11.63 11.56 11.47 11.35 11.20 11.04 10.85 10.65 10.43 10.20 9.96 9.71 9.45 9.18 8.91 8.64 8.35 8.05 7.77 7.52 7.33 7.19 7.08 7.00
11.00 10.85 10.69 10.50 10.30 10.08 9.85 9.62 9.37 9.12 8.87 8.62 8.37 8.13 7.90 7.68 7.47 7.28 7.11 6.96 6.84 6.76 6.74 6.76 6.82 6.92 7.03 7.16 7.30 7.46 7.63 7.80 7.99 8.19 8.39 8.60 8.81 9.02 9.24 9.46 9.68 9.89 10.11 10.32 10.52 10.72 10.91 11.07 11.20 11.33 11.45 11.54 11.60 11.63 11.62 11.59 11.52 11.43 11.32 11.18 11.02 10.84 10.65 10.45 10.23 10.00 9.76 9.52 9.27 9.02 8.77 8.52 8.26 8.01 7.76 7.56 7.41 7.29 7.18 7.10
10.87 10.71 10.53 10.33 10.12 9.89 9.66 9.42 9.18 8.94 8.70 8.47 8.24 8.02 7.82 7.62 7.45 7.30 7.17 7.06 6.99 6.94 6.95 7.01 7.10 7.21 7.33 7.47 7.61 7.77 7.94 8.12 8.31 8.50 8.69 8.89 9.10 9.30 9.51 9.71 9.91 10.11 10.31 10.50 10.68 10.85 11.02 11.17 11.29 11.40 11.49 11.55 11.57 11.56 11.52 11.46 11.37 11.26 11.12 10.97 10.80 10.62 10.42 10.21 9.99 9.77 9.54 9.31 9.07 8.84 8.61 8.38 8.16 7.95 7.74 7.58 7.45 7.34 7.25 7.17
10.74 10.56 10.37 10.16 9.94 9.71 9.48 9.24 9.01 8.78 8.56 8.34 8.13 7.94 7.76 7.61 7.47 7.36 7.27 7.21 7.19 7.19 7.24 7.33 7.43 7.54 7.67 7.81 7.97 8.13 8.29 8.47 8.65 8.84 9.02 9.21 9.41 9.60 9.79 9.98 10.16 10.34 10.51 10.68 10.83 10.98 11.12 11.24 11.34 11.43 11.47 11.49 11.48 11.44 11.37 11.28 11.17 11.04 10.89 10.72 10.55 10.36 10.15 9.95 9.73 9.51 9.30 9.08 8.86 8.65 8.44 8.24 8.05 7.87 7.71 7.58 7.46 7.35 7.27 7.20
10.62 10.43 10.22 10.00 9.78 9.55 9.32 9.09 8.87 8.65 8.44 8.25 8.07 7.90 7.76 7.64 7.54 7.47 7.43 7.42 7.45 7.51 7.60 7.69 7.80 7.93 8.06 8.20 8.35 8.51 8.68 8.85 9.02 9.20 9.38 9.56 9.73 9.91 10.08 10.25 10.41 10.57 10.72 10.86 10.99 11.10 11.21 11.30 11.37 11.41 11.42 11.40 11.36 11.29 11.19 11.08 10.95 10.80 10.63 10.46 10.27 10.08 9.87 9.67 9.46 9.25 9.04 8.84 8.64 8.45 8.26 8.09 7.94 7.79 7.65 7.53 7.42 7.33 7.26 7.20
