data_processed/recharge/precip/Precip_1988_04.asc
ncols        168
nrows        136
xllcorner    455000
yllcorner    2107000
cellsize     500
NODATA_value     -99999
[rows 0 to 35 of 136, columns 81 to 161 of 168]
11.95 11.31 10.53 9.64 8.66 7.62 6.53 5.41 4.30 3.21 2.16 1.18 0.37 0.00 0.00 0.00 0.00 0.00 0.00 0.33 0.88 1.49 2.16 2.87 3.57 4.19 4.70 5.12 5.44 5.68 5.84 5.93 5.96 5.93 5.86 5.75 5.61 5.48 5.34 5.20 5.07 4.96 4.86 4.79 4.75 4.74 4.78 4.99 5.53 6.45 7.76 9.45 11.53 14.00 16.87 20.13 23.79 27.84 32.30 36.92 40.91 44.08 46.44 48.00 48.79 48.81 48.09 46.63 44.46 41.58 38.06 34.12 30.23 26.70 23.54 20.76 18.35 16.32 14.64 13.34 12.39
12.01 11.42 10.69 9.84 8.89 7.88 6.81 5.71 4.60 3.51 2.46 1.47 0.66 0.09 0.00 0.00 0.00 0.00 0.39 0.92 1.56 2.28 3.07 3.85 4.54 5.11 5.59 5.97 6.26 6.47 6.61 6.69 6.71 6.68 6.61 6.50 6.37 6.24 6.10 5.96 5.83 5.71 5.61 5.52 5.46 5.44 5.45 5.54 5.86 6.57 7.69 9.23 11.19 13.56 16.35 19.56 23.20 27.26 31.75 36.42 40.47 43.68 46.07 47.65 48.45 48.48 47.75 46.28 44.08 41.17 37.63 33.87 30.31 27.10 24.23 21.70 19.52 17.66 16.14 14.95 14.09
11.99 11.43 10.76 9.97 9.07 8.09 7.06 5.99 4.91 3.84 2.80 1.82 1.01 0.46 0.17 0.10 0.24 0.56 1.05 1.68 2.42 3.27 4.14 4.94 5.60 6.13 6.56 6.90 7.16 7.34 7.46 7.52 7.53 7.50 7.42 7.32 7.20 7.07 6.93 6.79 6.65 6.52 6.40 6.30 6.23 6.18 6.19 6.29 6.51 6.97 7.85 9.18 10.94 13.15 15.81 18.92 22.47 26.48 30.94 35.60 39.64 42.83 45.19 46.74 47.50 47.47 46.67 45.12 42.84 39.90 36.68 33.49 30.38 27.50 24.92 22.65 20.69 19.02 17.66 16.59 15.81
11.92 11.36 10.74 10.01 9.18 8.26 7.28 6.25 5.21 4.17 3.16 2.20 1.41 0.90 0.65 0.65 0.86 1.27 1.85 2.59 3.46 4.40 5.27 6.04 6.70 7.21 7.61 7.91 8.13 8.29 8.38 8.42 8.42 8.37 8.30 8.20 8.08 7.95 7.81 7.66 7.51 7.37 7.24 7.13 7.03 6.99 7.02 7.14 7.36 7.70 8.31 9.36 10.87 12.86 15.32 18.26 21.68 25.57 29.94 34.54 38.50 41.61 43.89 45.34 45.98 45.83 44.91 43.23 40.87 38.20 35.53 32.91 30.35 27.87 25.59 23.58 21.84 20.37 19.17 18.22 17.54
11.82 11.25 10.63 9.96 9.20 8.36 7.44 6.48 5.49 4.49 3.52 2.60 1.85 1.39 1.21 1.28 1.58 2.09 2.79 3.65 4.61 5.54 6.39 7.15 7.79 8.32 8.71 8.98 9.16 9.29 9.36 9.38 9.36 9.30 9.22 9.13 9.01 8.87 8.72 8.57 8.41 8.26 8.11 7.98 7.88 7.86 7.92 8.06 8.30 8.64 9.09 9.83 11.04 12.75 14.95 17.66 20.88 24.59 28.82 33.28 37.12 40.09 42.21 43.50 43.98 43.65 42.55 40.73 38.59 36.43 34.29 32.19 30.13 28.12 26.21 24.47 22.96 21.69 20.64 19.83 19.24
11.69 11.10 10.48 9.82 9.13 8.37 7.54 6.65 5.73 4.80 3.88 3.01 2.32 1.92 1.82 1.98 2.38 3.01 3.84 4.79 5.74 6.64 7.46 8.21 8.85 9.39 9.81 10.09 10.25 10.34 10.38 10.38 10.34 10.27 10.19 10.08 9.96 9.82 9.67 9.50 9.33 9.16 9.00 8.86 8.79 8.79 8.87 9.03 9.28 9.63 10.08 10.65 11.52 12.88 14.77 17.19 20.14 23.62 27.64 31.91 35.56 38.32 40.24 41.31 41.56 40.99 39.70 38.06 36.37 34.69 33.02 31.38 29.77 28.21 26.70 25.28 24.01 22.94 22.06 21.38 20.89
11.52 10.92 10.29 9.64 8.98 8.29 7.55 6.75 5.92 5.07 4.22 3.42 2.79 2.48 2.47 2.73 3.26 4.01 4.93 5.87 6.78 7.65 8.45 9.19 9.84 10.40 10.84 11.17 11.35 11.42 11.43 11.40 11.35 11.27 11.17 11.07 10.94 10.79 10.63 10.45 10.26 10.08 9.91 9.80 9.75 9.77 9.86 10.04 10.30 10.65 11.10 11.66 12.34 13.33 14.84 16.91 19.54 22.72 26.47 30.50 33.88 36.39 38.03 38.83 38.78 37.99 36.81 35.58 34.33 33.07 31.81 30.57 29.35 28.17 27.04 25.96 24.96 24.10 23.39 22.85 22.46
11.30 10.70 10.08 9.43 8.78 8.13 7.47 6.78 6.04 5.29 4.53 3.80 3.26 3.05 3.14 3.53 4.19 5.03 5.93 6.82 7.70 8.54 9.33 10.07 10.73 11.31 11.79 12.16 12.40 12.51 12.51 12.45 12.37 12.27 12.17 12.06 11.92 11.77 11.59 11.40 11.19 11.01 10.86 10.77 10.74 10.78 10.88 11.07 11.33 11.69 12.14 12.69 13.34 14.13 15.24 16.89 19.14 21.96 25.38 29.10 32.17 34.36 35.67 36.12 35.79 35.06 34.26 33.41 32.53 31.64 30.73 29.83 28.95 28.09 27.27 26.50 25.78 25.15 24.62 24.21 23.93
11.04 10.44 9.82 9.19 8.55 7.93 7.31 6.71 6.09 5.44 4.79 4.16 3.72 3.61 3.83 4.35 5.10 5.92 6.77 7.62 8.46 9.28 10.06 10.80 11.48 12.09 12.61 13.03 13.34 13.52 13.57 13.51 13.40 13.29 13.17 13.04 12.90 12.74 12.54 12.34 12.13 11.96 11.84 11.77 11.75 11.80 11.91 12.10 12.37 12.72 13.17 13.71 14.35 15.10 15.98 17.21 19.00 21.41 24.44 27.78 30.48 32.29 33.20 33.32 33.01 32.60 32.13 31.61 31.05 30.46 29.85 29.24 28.63 28.04 27.48 26.95 26.47 26.05 25.70 25.44 25.27
10.73 10.14 9.52 8.91 8.29 7.69 7.11 6.57 6.05 5.52 4.98 4.47 4.14 4.16 4.52 5.13 5.85 6.61 7.40 8.21 9.03 9.83 10.62 11.37 12.07 12.71 13.27 13.75 14.13 14.40 14.53 14.53 14.42 14.29 14.15 14.02 13.87 13.69 13.48 13.27 13.09 12.94 12.83 12.78 12.77 12.82 12.94 13.13 13.40 13.74 14.17 14.70 15.33 16.06 16.90 17.87 19.21 21.14 23.71 26.62 28.89 30.25 30.78 30.86 30.83 30.71 30.52 30.26 29.96 29.62 29.25 28.87 28.48 28.09 27.73 27.39 27.09 26.83 26.64 26.52 26.46
10.37 9.78 9.18 8.58 7.99 7.42 6.88 6.38 5.92 5.51 5.10 4.71 4.51 4.67 5.12 5.70 6.35 7.05 7.80 8.58 9.37 10.17 10.96 11.72 12.45 13.13 13.75 14.29 14.74 15.09 15.33 15.44 15.40 15.27 15.12 14.97 14.81 14.61 14.40 14.21 14.05 13.92 13.82 13.78 13.78 13.83 13.95 14.14 14.39 14.73 15.15 15.66 16.26 16.97 17.78 18.70 19.77 21.20 23.27 25.69 27.46 28.38 28.83 29.14 29.34 29.45 29.48 29.44 29.34 29.19 29.00 28.79 28.56 28.32 28.10 27.89 27.71 27.56 27.47 27.44 27.48
9.96 9.38 8.79 8.22 7.66 7.12 6.62 6.16 5.76 5.42 5.13 4.88 4.83 5.08 5.49 5.99 6.58 7.23 7.94 8.69 9.46 10.26 11.05 11.84 12.60 13.32 13.99 14.60 15.13 15.58 15.92 16.14 16.24 16.19 16.04 15.88 15.71 15.51 15.32 15.15 15.00 14.88 14.80 14.75 14.76 14.81 14.93 15.10 15.35 15.67 16.07 16.56 17.14 17.82 18.60 19.49 20.49 21.64 23.17 25.04 26.32 27.11 27.74 28.24 28.63 28.91 29.11 29.22 29.26 29.24 29.18 29.08 28.95 28.81 28.66 28.52 28.40 28.31 28.26 28.27 28.33
9.48 8.91 8.35 7.80 7.27 6.77 6.32 5.91 5.56 5.28 5.08 4.96 5.00 5.20 5.53 5.97 6.49 7.10 7.77 8.50 9.27 10.06 10.87 11.68 12.48 13.25 13.98 14.66 15.28 15.82 16.27 16.61 16.84 16.94 16.90 16.75 16.57 16.39 16.22 16.06 15.93 15.82 15.74 15.70 15.70 15.75 15.85 16.02 16.25 16.55 16.93 17.39 17.94 18.59 19.33 20.18 21.14 22.22 23.45 24.82 25.92 26.84 27.61 28.25 28.76 29.16 29.46 29.67 29.79 29.85 29.85 29.81 29.72 29.62 29.49 29.37 29.26 29.16 29.09 29.07 29.10
8.97 8.42 7.89 7.37 6.87 6.42 6.01 5.66 5.37 5.15 5.02 4.97 4.98 5.09 5.34 5.70 6.17 6.73 7.37 8.08 8.83 9.63 10.45 11.29 12.12 12.94 13.74 14.49 15.20 15.83 16.39 16.86 17.22 17.46 17.58 17.56 17.43 17.27 17.11 16.96 16.83 16.73 16.65 16.60 16.60 16.64 16.73 16.87 17.08 17.36 17.71 18.14 18.66 19.27 19.97 20.78 21.69 22.72 23.86 25.11 26.30 27.33 28.20 28.93 29.53 30.00 30.36 30.62 30.79 30.87 30.90 30.86 30.78 30.66 30.52 30.37 30.21 30.07 29.94 29.85 29.80
8.53 8.00 7.49 7.00 6.54 6.13 5.77 5.47 5.25 5.10 5.03 5.00 5.01 5.05 5.21 5.49 5.89 6.39 6.98 7.65 8.39 9.17 10.00 10.85 11.71 12.57 13.41 14.23 15.01 15.73 16.38 16.96 17.44 17.82 18.10 18.29 18.30 18.18 18.03 17.88 17.75 17.63 17.54 17.49 17.46 17.48 17.55 17.67 17.85 18.10 18.41 18.80 19.27 19.83 20.49 21.24 22.10 23.07 24.17 25.39 26.60 27.73 28.70 29.52 30.19 30.73 31.15 31.45 31.66 31.77 31.81 31.78 31.70 31.57 31.40 31.21 31.02 30.82 30.63 30.46 30.32
8.16 7.65 7.17 6.71 6.29 5.93 5.62 5.38 5.21 5.12 5.08 5.07 5.09 5.13 5.21 5.40 5.71 6.14 6.67 7.30 7.99 8.75 9.56 10.41 11.28 12.17 13.05 13.91 14.75 15.54 16.28 16.95 17.54 18.06 18.51 18.89 19.09 19.10 18.97 18.81 18.67 18.54 18.43 18.35 18.30 18.29 18.32 18.41 18.55 18.75 19.02 19.36 19.78 20.28 20.87 21.56 22.36 23.28 24.35 25.53 26.72 27.88 28.94 29.85 30.60 31.21 31.69 32.04 32.29 32.43 32.49 32.47 32.39 32.25 32.06 31.84 31.60 31.35 31.10 30.86 30.65
7.86 7.37 6.91 6.49 6.12 5.79 5.54 5.35 5.24 5.18 5.16 5.17 5.21 5.26 5.34 5.45 5.66 6.00 6.46 7.02 7.66 8.38 9.17 10.00 10.87 11.76 12.66 13.55 14.43 15.28 16.09 16.84 17.54 18.21 18.82 19.37 19.74 19.91 19.89 19.75 19.58 19.42 19.29 19.17 19.09 19.04 19.03 19.07 19.16 19.31 19.52 19.80 20.16 20.59 21.12 21.74 22.48 23.37 24.41 25.55 26.71 27.85 28.94 29.93 30.77 31.45 31.99 32.40 32.69 32.87 32.95 32.94 32.86 32.71 32.51 32.27 31.99 31.69 31.38 31.08 30.80
7.62 7.16 6.73 6.34 6.00 5.73 5.53 5.39 5.32 5.28 5.28 5.31 5.36 5.42 5.51 5.61 5.75 5.99 6.35 6.83 7.41 8.08 8.82 9.62 10.47 11.35 12.26 13.17 14.08 14.97 15.83 16.66 17.49 18.28 19.04 19.74 20.26 20.58 20.70 20.65 20.48 20.29 20.11 19.95 19.82 19.73 19.66 19.65 19.68 19.76 19.91 20.12 20.40 20.76 21.21 21.78 22.50 23.36 24.36 25.47 26.60 27.70 28.77 29.79 30.70 31.46 32.07 32.54 32.88 33.09 33.20 33.21 33.14 32.99 32.77 32.50 32.19 31.85 31.49 31.13 30.80
7.43 6.99 6.59 6.24 5.95 5.73 5.57 5.47 5.42 5.40 5.42 5.47 5.54 5.62 5.71 5.82 5.95 6.11 6.37 6.75 7.25 7.85 8.53 9.29 10.10 10.96 11.86 12.77 13.70 14.61 15.53 16.46 17.38 18.29 19.18 20.00 20.66 21.11 21.36 21.42 21.32 21.11 20.89 20.68 20.49 20.34 20.21 20.13 20.09 20.10 20.17 20.31 20.51 20.79 21.18 21.72 22.41 23.24 24.21 25.29 26.38 27.45 28.49 29.49 30.43 31.27 31.95 32.47 32.86 33.12 33.26 33.29 33.23 33.08 32.85 32.56 32.22 31.84 31.44 31.04 30.66
7.28 6.87 6.51 6.19 5.95 5.77 5.64 5.57 5.55 5.56 5.60 5.66 5.74 5.83 5.94 6.06 6.19 6.34 6.52 6.80 7.20 7.71 8.32 9.02 9.78 10.61 11.48 12.38 13.30 14.25 15.23 16.23 17.24 18.25 19.23 20.17 20.95 21.50 21.86 22.03 22.02 21.86 21.61 21.34 21.08 20.86 20.66 20.50 20.39 20.32 20.30 20.35 20.46 20.69 21.06 21.57 22.23 23.03 23.97 25.01 26.07 27.11 28.12 29.10 30.02 30.88 31.62 32.22 32.66 32.96 33.14 33.19 33.14 33.00 32.77 32.46 32.10 31.68 31.24 30.80 30.38
7.18 6.79 6.46 6.19 5.98 5.84 5.75 5.70 5.70 5.73 5.79 5.88 5.97 6.08 6.20 6.33 6.47 6.62 6.78 6.97 7.27 7.68 8.20 8.82 9.52 10.30 11.13 12.00 12.93 13.91 14.94 15.99 17.07 18.15 19.22 20.25 21.12 21.77 22.22 22.47 22.55 22.46 22.23 21.91 21.59 21.28 21.01 20.76 20.56 20.40 20.28 20.24 20.30 20.50 20.85 21.33 21.96 22.73 23.64 24.65 25.68 26.69 27.68 28.62 29.52 30.36 31.13 31.78 32.28 32.64 32.85 32.93 32.90 32.76 32.53 32.21 31.82 31.38 30.90 30.43 29.98
7.10 6.74 6.44 6.21 6.04 5.93 5.87 5.86 5.88 5.94 6.02 6.11 6.22 6.34 6.47 6.61 6.76 6.92 7.08 7.26 7.46 7.76 8.18 8.71 9.34 10.05 10.82 11.67 12.60 13.60 14.66 15.75 16.88 18.01 19.15 20.26 21.20 21.92 22.43 22.75 22.89 22.87 22.69 22.38 21.99 21.60 21.23 20.89 20.59 20.33 20.12 20.01 20.05 20.23 20.56 21.02 21.62 22.36 23.24 24.22 25.22 26.20 27.15 28.07 28.94 29.76 30.52 31.19 31.75 32.15 32.41 32.52 32.51 32.39 32.15 31.82 31.40 30.94 30.44 29.94 29.46
7.04 6.71 6.45 6.26 6.12 6.05 6.02 6.03 6.08 6.16 6.26 6.37 6.50 6.63 6.77 6.92 7.08 7.24 7.41 7.59 7.77 7.98 8.28 8.71 9.24 9.87 10.59 11.42 12.34 13.34 14.40 15.51 16.67 17.84 19.02 20.18 21.18 21.96 22.52 22.89 23.07 23.08 22.95 22.67 22.27 21.80 21.33 20.88 20.47 20.11 19.84 19.71 19.73 19.89 20.20 20.63 21.21 21.92 22.76 23.71 24.68 25.63 26.56 27.45 28.30 29.10 29.84 30.50 31.07 31.53 31.82 31.98 31.99 31.88 31.64 31.29 30.86 30.38 29.86 29.34 28.84
6.99 6.70 6.48 6.32 6.23 6.18 6.18 6.23 6.30 6.40 6.52 6.65 6.79 6.94 7.09 7.25 7.41 7.58 7.76 7.93 8.12 8.30 8.52 8.82 9.25 9.79 10.47 11.25 12.14 13.12 14.17 15.29 16.45 17.64 18.85 20.05 21.09 21.89 22.49 22.88 23.09 23.12 23.00 22.74 22.35 21.85 21.29 20.73 20.21 19.78 19.50 19.36 19.36 19.50 19.77 20.19 20.74 21.42 22.23 23.15 24.09 25.01 25.91 26.78 27.61 28.38 29.10 29.74 30.30 30.77 31.12 31.31 31.35 31.24 30.99 30.64 30.20 29.70 29.18 28.64 28.13
6.95 6.70 6.52 6.41 6.35 6.34 6.37 6.44 6.54 6.66 6.80 6.95 7.11 7.27 7.43 7.60 7.77 7.94 8.12 8.30 8.48 8.66 8.85 9.06 9.38 9.85 10.45 11.18 12.02 12.96 13.99 15.08 16.23 17.42 18.64 19.85 20.91 21.73 22.34 22.74 22.95 22.99 22.86 22.60 22.20 21.69 21.08 20.42 19.84 19.40 19.10 18.94 18.92 19.04 19.30 19.69 20.22 20.87 21.65 22.54 23.45 24.34 25.21 26.06 26.86 27.62 28.31 28.94 29.49 29.95 30.30 30.53 30.58 30.47 30.23 29.87 29.43 28.93 28.40 27.85 27.33
6.93 6.72 6.59 6.51 6.48 6.51 6.57 6.67 6.79 6.94 7.10 7.26 7.43 7.61 7.78 7.96 8.13 8.31 8.49 8.68 8.86 9.04 9.23 9.42 9.67 10.04 10.56 11.22 11.99 12.87 13.85 14.90 16.02 17.19 18.40 19.61 20.66 21.48 22.08 22.47 22.67 22.69 22.54 22.25 21.83 21.29 20.65 20.00 19.42 18.97 18.65 18.48 18.45 18.55 18.78 19.15 19.65 20.27 21.03 21.88 22.76 23.63 24.47 25.29 26.08 26.81 27.49 28.09 28.63 29.07 29.42 29.63 29.69 29.59 29.35 29.00 28.56 28.06 27.53 26.98 26.46
6.91 6.76 6.66 6.62 6.63 6.69 6.78 6.91 7.06 7.23 7.41 7.59 7.77 7.96 8.15 8.33 8.52 8.70 8.88 9.07 9.25 9.43 9.62 9.84 10.09 10.39 10.80 11.36 12.05 12.85 13.76 14.75 15.83 16.96 18.14 19.33 20.36 21.15 21.72 22.08 22.25 22.23 22.05 21.71 21.24 20.66 20.05 19.48 18.95 18.50 18.17 17.98 17.93 18.01 18.23 18.57 19.04 19.64 20.37 21.19 22.04 22.88 23.70 24.50 25.26 25.97 26.63 27.22 27.74 28.16 28.47 28.64 28.69 28.60 28.37 28.03 27.60 27.11 26.59 26.05 25.52
6.87 6.79 6.75 6.75 6.80 6.89 7.01 7.16 7.34 7.53 7.73 7.93 8.13 8.33 8.52 8.72 8.91 9.10 9.29 9.47 9.65 9.85 10.06 10.30 10.56 10.85 11.18 11.62 12.20 12.91 13.73 14.65 15.65 16.73 17.86 19.01 20.00 20.75 21.28 21.59 21.70 21.63 21.38 20.99 20.46 19.90 19.35 18.85 18.39 17.98 17.66 17.46 17.39 17.45 17.64 17.96 18.41 18.98 19.68 20.47 21.29 22.11 22.90 23.67 24.41 25.11 25.75 26.32 26.82 27.20 27.45 27.59 27.61 27.52 27.31 26.98 26.57 26.09 25.58 25.05 24.53
6.83 6.82 6.84 6.89 6.97 7.09 7.25 7.43 7.63 7.84 8.06 8.28 8.49 8.70 8.91 9.11 9.31 9.51 9.70 9.88 10.08 10.29 10.53 10.78 11.05 11.35 11.66 12.01 12.47 13.06 13.78 14.60 15.51 16.51 17.57 18.66 19.59 20.28 20.74 20.99 21.03 20.88 20.56 20.09 19.57 19.07 18.59 18.15 17.75 17.40 17.11 16.91 16.82 16.87 17.04 17.34 17.76 18.31 18.97 19.74 20.53 21.31 22.09 22.84 23.55 24.23 24.85 25.40 25.84 26.17 26.38 26.48 26.47 26.36 26.16 25.86 25.47 25.01 24.51 24.00 23.50
6.80 6.85 6.92 7.02 7.15 7.31 7.49 7.70 7.92 8.16 8.40 8.63 8.86 9.08 9.30 9.51 9.72 9.92 10.12 10.31 10.53 10.76 11.01 11.28 11.56 11.86 12.17 12.49 12.85 13.31 13.89 14.60 15.41 16.31 17.28 18.30 19.15 19.76 20.14 20.29 20.24 20.00 19.59 19.12 18.66 18.21 17.79 17.40 17.05 16.76 16.51 16.34 16.24 16.27 16.42 16.70 17.10 17.62 18.26 18.99 19.76 20.51 21.26 21.99 22.68 23.34 23.93 24.43 24.81 25.08 25.25 25.31 25.28 25.16 24.96 24.67 24.31 23.88 23.41 22.92 22.44
6.78 6.88 7.01 7.16 7.33 7.53 7.74 7.98 8.23 8.49 8.74 8.99 9.24 9.47 9.70 9.92 10.14 10.34 10.55 10.77 11.01 11.26 11.52 11.79 12.08 12.37 12.67 12.99 13.30 13.65 14.10 14.67 15.35 16.14 17.01 17.92 18.68 19.19 19.46 19.51 19.34 19.01 18.58 18.16 17.74 17.34 16.97 16.63 16.33 16.07 15.87 15.73 15.65 15.67 15.80 16.06 16.43 16.93 17.54 18.25 18.98 19.71 20.44 21.14 21.82 22.44 22.97 23.40 23.72 23.94 24.06 24.10 24.05 23.92 23.72 23.44 23.10 22.71 22.26 21.80 21.35
6.80 6.94 7.11 7.30 7.52 7.75 8.00 8.26 8.54 8.81 9.09 9.36 9.62 9.86 10.10 10.33 10.55 10.77 11.00 11.25 11.50 11.76 12.03 12.31 12.59 12.88 13.17 13.47 13.77 14.07 14.39 14.81 15.35 16.00 16.74 17.54 18.18 18.57 18.72 18.64 18.37 18.00 17.62 17.23 16.86 16.50 16.17 15.86 15.59 15.37 15.20 15.09 15.04 15.07 15.19 15.42 15.78 16.24 16.83 17.51 18.21 18.92 19.62 20.30 20.94 21.50 21.95 22.31 22.57 22.74 22.83 22.84 22.77 22.64 22.44 22.18 21.87 21.50 21.10 20.67 20.25
6.84 7.03 7.23 7.46 7.71 7.98 8.26 8.55 8.85 9.15 9.44 9.73 10.00 10.26 10.51 10.75 10.98 11.23 11.48 11.73 12.00 12.27 12.54 12.81 13.09 13.37 13.65 13.93 14.20 14.47 14.74 15.03 15.41 15.90 16.50 17.16 17.67 17.92 17.93 17.72 17.41 17.07 16.72 16.38 16.04 15.71 15.40 15.13 14.88 14.68 14.53 14.44 14.41 14.46 14.58 14.80 15.13 15.57 16.13 16.78 17.46 18.14 18.82 19.46 20.03 20.50 20.88 21.17 21.38 21.50 21.56 21.54 21.46 21.32 21.13 20.89 20.60 20.27 19.91 19.53 19.15
6.94 7.15 7.39 7.65 7.92 8.21 8.52 8.83 9.16 9.48 9.79 10.09 10.38 10.65 10.91 11.17 11.43 11.69 11.96 12.23 12.50 12.77 13.04 13.31 13.57 13.84 14.10 14.35 14.60 14.84 15.07 15.30 15.54 15.86 16.29 16.80 17.15 17.25 17.11 16.85 16.56 16.25 15.93 15.61 15.30 14.99 14.71 14.45 14.22 14.04 13.90 13.82 13.80 13.85 13.98 14.19 14.50 14.92 15.45 16.08 16.73 17.39 18.03 18.59 19.07 19.46 19.76 19.99 20.14 20.23 20.25 20.21 20.12 19.98 19.80 19.57 19.32 19.03 18.72 18.39 18.06
7.09 7.33 7.59 7.87 8.17 8.48 8.80 9.13 9.47 9.81 10.14 10.46 10.76 11.04 11.32 11.60 11.88 12.16 12.44 12.71 12.99 13.26 13.52 13.78 14.03 14.28 14.51 14.74 14.96 15.16 15.35 15.53 15.70 15.87 16.12 16.45 16.63 16.57 16.37 16.13 15.86 15.57 15.27 14.97 14.67 14.38 14.10 13.86 13.64 13.46 13.33 13.25 13.23 13.28 13.40 13.61 13.91 14.31 14.81 15.40 16.03 16.65 17.20 17.67 18.05 18.36 18.59 18.76 18.87 18.91 18.90 18.85 18.75 18.61 18.44 18.24 18.02 17.78 17.52 17.25 16.98
7.32 7.57 7.85 8.14 8.45 8.77 9.11 9.45 9.79 10.14 10.49 10.82 11.14 11.44 11.74 12.04 12.33 12.62 12.91 13.19 13.46 13.72 13.98 14.22 14.46 14.68 14.89 15.08 15.26 15.43 15.57 15.70 15.81 15.90 16.00 16.13 16.14 16.00 15.81 15.59 15.33 15.06 14.77 14.47 14.18 13.89 13.62 13.37 13.15 12.97 12.84 12.75 12.72 12.76 12.87 13.07 13.35 13.73 14.20 14.77 15.36 15.88 16.33 16.70 16.99 17.22 17.39 17.50 17.56 17.57 17.53 17.46 17.36 17.22 17.07 16.90 16.71 16.51 16.31 16.11 15.92
