data_processed/recharge/precip/Precip_2009_05.asc
ncols        168
nrows        136
xllcorner    455000
yllcorner    2107000
cellsize     500
NODATA_value     -99999
[rows 68 to 101 of 136, columns 0 to 76 of 168]
65.38 64.13 62.89 61.66 60.44 59.24 58.07 56.93 55.83 54.76 53.75 52.80 51.92 51.10 50.36 49.68 49.03 48.43 47.88 47.40 47.01 46.71 46.53 46.47 46.55 46.78 47.17 47.71 48.37 49.14 50.00 50.94 51.93 52.95 53.99 55.03 56.04 57.01 57.91 58.73 59.47 60.10 60.64 61.07 61.40 61.62 61.72 61.72 61.59 61.33 60.96 60.48 59.92 59.30 58.62 57.89 57.11 56.31 55.48 54.64 53.79 52.87 51.84 50.70 49.47 48.18 46.86 45.54 44.26 43.04 41.92 40.92 40.08 39.43 38.99 38.80 38.84
63.50 62.24 61.00 59.77 58.57 57.39 56.24 55.13 54.07 53.05 52.11 51.23 50.42 49.68 49.02 48.44 47.91 47.44 47.01 46.64 46.35 46.15 46.05 46.08 46.23 46.53 47.00 47.61 48.35 49.21 50.16 51.18 52.27 53.39 54.54 55.67 56.77 57.82 58.81 59.73 60.55 61.26 61.86 62.36 62.73 62.99 63.13 63.15 63.03 62.79 62.41 61.92 61.36 60.73 60.04 59.31 58.53 57.72 56.88 56.03 55.10 54.05 52.88 51.61 50.27 48.89 47.48 46.09 44.73 43.46 42.28 41.25 40.39 39.72 39.28 39.10 39.16
61.72 60.45 59.20 57.98 56.79 55.63 54.50 53.43 52.41 51.45 50.56 49.75 49.01 48.35 47.76 47.25 46.83 46.47 46.16 45.91 45.73 45.62 45.62 45.73 45.96 46.34 46.88 47.57 48.39 49.34 50.38 51.50 52.69 53.91 55.14 56.36 57.54 58.67 59.74 60.73 61.63 62.42 63.10 63.64 64.07 64.37 64.54 64.57 64.47 64.23 63.85 63.35 62.78 62.14 61.44 60.70 59.91 59.09 58.24 57.31 56.25 55.05 53.75 52.37 50.93 49.46 47.98 46.52 45.11 43.79 42.58 41.53 40.65 39.98 39.55 39.39 39.48
60.05 58.77 57.52 56.30 55.11 53.97 52.87 51.83 50.86 49.96 49.13 48.38 47.70 47.10 46.58 46.15 45.80 45.53 45.34 45.21 45.14 45.14 45.23 45.43 45.74 46.19 46.81 47.58 48.50 49.53 50.67 51.89 53.17 54.48 55.78 57.07 58.32 59.52 60.67 61.73 62.70 63.56 64.31 64.91 65.38 65.72 65.91 65.97 65.87 65.63 65.24 64.74 64.16 63.50 62.80 62.04 61.24 60.40 59.48 58.40 57.19 55.86 54.44 52.95 51.42 49.88 48.34 46.84 45.39 44.04 42.81 41.74 40.86 40.20 39.79 39.66 39.79
58.50 57.21 55.95 54.73 53.56 52.43 51.36 50.36 49.44 48.58 47.81 47.11 46.49 45.95 45.50 45.13 44.85 44.66 44.56 44.54 44.58 44.69 44.88 45.17 45.56 46.09 46.79 47.65 48.66 49.79 51.02 52.34 53.70 55.07 56.44 57.78 59.10 60.37 61.57 62.70 63.73 64.66 65.46 66.13 66.65 67.02 67.24 67.31 67.22 66.98 66.58 66.06 65.46 64.80 64.07 63.30 62.48 61.57 60.49 59.27 57.91 56.46 54.93 53.35 51.74 50.13 48.55 47.01 45.54 44.17 42.93 41.86 40.99 40.36 39.98 39.90 40.09
57.07 55.77 54.51 53.30 52.13 51.03 49.99 49.03 48.14 47.33 46.60 45.95 45.38 44.90 44.50 44.20 43.98 43.86 43.83 43.90 44.05 44.27 44.56 44.94 45.43 46.04 46.83 47.78 48.87 50.10 51.43 52.82 54.23 55.66 57.08 58.48 59.85 61.17 62.43 63.61 64.70 65.68 66.54 67.27 67.83 68.24 68.48 68.57 68.49 68.24 67.83 67.29 66.68 66.00 65.26 64.46 63.56 62.49 61.26 59.89 58.41 56.84 55.22 53.55 51.87 50.21 48.59 47.02 45.55 44.18 42.96 41.90 41.05 40.45 40.12 40.09 40.35
55.79 54.48 53.21 52.00 50.85 49.77 48.76 47.83 46.98 46.21 45.52 44.91 44.39 43.96 43.61 43.36 43.20 43.14 43.18 43.31 43.55 43.88 44.28 44.76 45.33 46.03 46.91 47.95 49.14 50.46 51.86 53.29 54.75 56.22 57.69 59.14 60.56 61.93 63.23 64.46 65.59 66.62 67.53 68.29 68.91 69.36 69.63 69.72 69.65 69.39 68.97 68.41 67.78 67.07 66.31 65.43 64.37 63.14 61.76 60.26 58.66 57.00 55.28 53.54 51.81 50.10 48.45 46.87 45.39 44.05 42.85 41.83 41.02 40.46 40.19 40.23 40.56
54.66 53.34 52.07 50.86 49.72 48.66 47.68 46.78 45.95 45.21 44.56 43.99 43.51 43.12 42.83 42.63 42.52 42.52 42.61 42.81 43.11 43.52 44.02 44.61 45.28 46.07 47.03 48.17 49.46 50.83 52.26 53.73 55.23 56.74 58.25 59.74 61.19 62.60 63.94 65.21 66.38 67.45 68.39 69.19 69.85 70.33 70.64 70.75 70.67 70.41 69.97 69.39 68.73 68.00 67.15 66.11 64.88 63.50 61.99 60.37 58.66 56.90 55.11 53.31 51.53 49.79 48.12 46.53 45.07 43.75 42.59 41.63 40.88 40.38 40.17 40.29 40.72
53.70 52.36 51.09 49.89 48.76 47.72 46.75 45.87 45.07 44.36 43.73 43.20 42.75 42.40 42.15 41.99 41.94 41.98 42.13 42.39 42.75 43.22 43.80 44.48 45.25 46.14 47.20 48.42 49.76 51.17 52.63 54.13 55.66 57.20 58.73 60.25 61.74 63.17 64.54 65.84 67.04 68.14 69.11 69.94 70.63 71.14 71.48 71.61 71.54 71.27 70.81 70.20 69.52 68.69 67.67 66.46 65.08 63.56 61.92 60.19 58.40 56.55 54.70 52.84 51.02 49.26 47.58 46.01 44.56 43.28 42.17 41.27 40.60 40.19 40.07 40.28 40.81
52.91 51.56 50.29 49.09 47.97 46.94 45.98 45.12 44.34 43.64 43.04 42.53 42.12 41.81 41.59 41.47 41.46 41.55 41.75 42.05 42.47 43.00 43.64 44.40 45.26 46.24 47.39 48.66 50.02 51.45 52.93 54.45 56.00 57.56 59.12 60.66 62.17 63.62 65.02 66.33 67.56 68.67 69.67 70.52 71.23 71.76 72.12 72.28 72.22 71.95 71.46 70.82 70.04 69.05 67.86 66.49 64.96 63.31 61.56 59.73 57.85 55.94 54.02 52.13 50.28 48.51 46.83 45.27 43.86 42.62 41.58 40.75 40.17 39.87 39.86 40.18 40.82
52.31 50.95 49.68 48.48 47.36 46.33 45.38 44.52 43.76 43.08 42.50 42.01 41.62 41.34 41.15 41.07 41.09 41.22 41.46 41.81 42.28 42.86 43.56 44.37 45.31 46.37 47.56 48.84 50.21 51.65 53.15 54.69 56.25 57.83 59.40 60.95 62.47 63.94 65.34 66.67 67.91 69.04 70.04 70.91 71.63 72.18 72.55 72.72 72.68 72.41 71.90 71.17 70.22 69.05 67.69 66.17 64.52 62.75 60.89 58.97 57.01 55.04 53.08 51.15 49.29 47.52 45.85 44.32 42.95 41.77 40.80 40.06 39.58 39.39 39.51 39.96 40.73
52.07 50.71 49.41 48.20 47.07 46.03 45.08 44.22 43.46 42.79 42.21 41.74 41.36 41.09 40.92 40.86 40.91 41.07 41.34 41.73 42.23 42.85 43.60 44.46 45.45 46.57 47.77 49.06 50.44 51.89 53.40 54.94 56.51 58.09 59.67 61.23 62.76 64.24 65.65 66.99 68.23 69.37 70.38 71.26 71.98 72.54 72.91 73.09 73.05 72.79 72.29 71.45 70.31 68.96 67.45 65.78 64.00 62.11 60.15 58.14 56.11 54.08 52.08 50.13 48.25 46.47 44.82 43.32 42.00 40.87 39.98 39.33 38.95 38.88 39.13 39.72 40.56
52.19 51.03 49.71 48.47 47.31 46.24 45.27 44.39 43.60 42.92 42.33 41.84 41.46 41.19 41.02 40.96 41.02 41.19 41.47 41.87 42.39 43.03 43.80 44.70 45.75 46.93 48.18 49.49 50.87 52.33 53.84 55.39 56.97 58.56 60.14 61.71 63.24 64.73 66.15 67.49 68.74 69.88 70.90 71.78 72.51 73.08 73.46 73.64 73.61 73.36 72.87 72.01 70.75 69.23 67.54 65.72 63.79 61.78 59.71 57.60 55.49 53.39 51.33 49.34 47.44 45.66 44.01 42.53 41.24 40.17 39.34 38.77 38.49 38.52 38.88 39.52 40.40
52.34 51.68 50.53 49.25 48.04 46.92 45.90 44.98 44.16 43.43 42.81 42.30 41.89 41.59 41.40 41.33 41.37 41.52 41.79 42.19 42.71 43.35 44.13 45.08 46.20 47.44 48.75 50.10 51.50 52.96 54.48 56.04 57.62 59.22 60.81 62.38 63.92 65.41 66.84 68.18 69.44 70.59 71.61 72.50 73.24 73.80 74.19 74.38 74.36 74.12 73.63 72.78 71.50 69.85 67.99 66.00 63.92 61.77 59.57 57.36 55.15 52.98 50.86 48.82 46.88 45.08 43.43 41.95 40.69 39.65 38.87 38.37 38.17 38.29 38.70 39.36 40.27
52.42 52.31 51.62 50.47 49.21 48.02 46.94 45.95 45.07 44.28 43.61 43.04 42.59 42.24 42.01 41.90 41.90 42.02 42.26 42.63 43.12 43.76 44.59 45.60 46.78 48.08 49.45 50.86 52.29 53.77 55.29 56.86 58.45 60.05 61.64 63.22 64.77 66.26 67.70 69.05 70.31 71.46 72.49 73.39 74.13 74.70 75.09 75.29 75.28 75.05 74.57 73.72 72.42 70.74 68.75 66.59 64.34 62.05 59.72 57.39 55.07 52.81 50.61 48.51 46.53 44.69 43.02 41.55 40.30 39.29 38.55 38.11 37.97 38.12 38.54 39.23 40.15
52.44 52.82 52.63 51.90 50.74 49.48 48.31 47.24 46.27 45.41 44.66 44.02 43.50 43.09 42.79 42.62 42.56 42.63 42.82 43.14 43.61 44.28 45.17 46.25 47.49 48.84 50.26 51.72 53.21 54.72 56.26 57.83 59.42 61.03 62.63 64.21 65.76 67.26 68.70 70.06 71.33 72.48 73.52 74.42 75.16 75.74 76.14 76.35 76.35 76.12 75.64 74.79 73.48 71.78 69.74 67.45 65.04 62.58 60.11 57.64 55.22 52.85 50.57 48.39 46.35 44.47 42.78 41.29 40.04 39.05 38.34 37.94 37.82 37.98 38.41 39.11 40.06
52.40 53.23 53.48 53.20 52.41 51.23 49.96 48.79 47.72 46.76 45.91 45.18 44.56 44.07 43.69 43.43 43.30 43.29 43.41 43.68 44.18 44.92 45.88 47.01 48.30 49.71 51.17 52.68 54.22 55.78 57.35 58.93 60.53 62.14 63.75 65.33 66.89 68.39 69.83 71.20 72.47 73.63 74.67 75.57 76.32 76.90 77.31 77.53 77.53 77.31 76.83 75.97 74.65 72.92 70.85 68.51 65.96 63.34 60.71 58.10 55.55 53.07 50.69 48.43 46.32 44.39 42.66 41.15 39.89 38.90 38.21 37.80 37.68 37.85 38.29 39.00 39.97
52.30 53.53 54.18 54.29 53.90 53.05 51.83 50.54 49.35 48.27 47.31 46.46 45.73 45.13 44.64 44.28 44.05 43.95 44.00 44.30 44.86 45.67 46.68 47.87 49.20 50.65 52.16 53.72 55.30 56.91 58.52 60.13 61.74 63.35 64.96 66.55 68.11 69.62 71.07 72.43 73.71 74.87 75.92 76.82 77.58 78.17 78.59 78.81 78.82 78.59 78.11 77.24 75.90 74.15 72.04 69.65 67.04 64.28 61.49 58.73 56.04 53.43 50.94 48.59 46.41 44.41 42.63 41.08 39.80 38.80 38.10 37.69 37.56 37.73 38.17 38.90 39.89
52.14 53.72 54.73 55.19 55.15 54.64 53.70 52.43 51.11 49.89 48.79 47.81 46.95 46.21 45.60 45.12 44.76 44.57 44.65 45.01 45.64 46.50 47.56 48.80 50.18 51.67 53.22 54.82 56.44 58.08 59.74 61.39 63.02 64.65 66.26 67.86 69.42 70.93 72.38 73.75 75.03 76.19 77.24 78.15 78.92 79.52 79.94 80.16 80.17 79.94 79.46 78.57 77.21 75.43 73.28 70.85 68.18 65.34 62.41 59.49 56.65 53.91 51.30 48.85 46.57 44.50 42.65 41.06 39.75 38.73 38.01 37.58 37.45 37.61 38.06 38.80 39.81
51.93 53.82 55.12 55.89 56.14 55.94 55.30 54.27 52.93 51.56 50.30 49.16 48.15 47.26 46.50 45.88 45.42 45.24 45.38 45.80 46.49 47.40 48.52 49.80 51.22 52.75 54.33 55.96 57.62 59.30 60.99 62.68 64.35 66.00 67.62 69.21 70.78 72.29 73.75 75.12 76.40 77.57 78.62 79.54 80.32 80.92 81.35 81.57 81.57 81.34 80.84 79.94 78.56 76.74 74.55 72.06 69.33 66.43 63.41 60.36 57.36 54.47 51.73 49.16 46.78 44.62 42.70 41.06 39.71 38.66 37.92 37.48 37.34 37.50 37.95 38.70 39.72
51.66 53.81 55.37 56.39 56.90 56.94 56.55 55.77 54.63 53.22 51.79 50.47 49.28 48.23 47.30 46.55 46.09 45.98 46.18 46.66 47.40 48.36 49.52 50.84 52.30 53.86 55.48 57.14 58.83 60.54 62.26 63.98 65.68 67.36 69.00 70.61 72.17 73.69 75.15 76.52 77.80 78.98 80.04 80.97 81.75 82.35 82.78 82.99 82.99 82.75 82.24 81.32 79.91 78.06 75.83 73.28 70.49 67.51 64.41 61.26 58.12 55.08 52.20 49.50 47.01 44.75 42.75 41.06 39.67 38.60 37.83 37.37 37.22 37.37 37.83 38.58 39.61
51.34 53.70 55.47 56.69 57.41 57.65 57.47 56.88 55.94 54.68 53.18 51.68 50.30 49.05 47.98 47.22 46.83 46.78 47.04 47.58 48.36 49.37 50.57 51.92 53.41 55.00 56.64 58.33 60.05 61.79 63.54 65.28 67.01 68.72 70.39 72.01 73.58 75.10 76.56 77.93 79.22 80.41 81.48 82.41 83.18 83.79 84.21 84.42 84.41 84.15 83.63 82.69 81.25 79.35 77.07 74.47 71.62 68.56 65.38 62.13 58.88 55.70 52.67 49.83 47.21 44.85 42.79 41.05 39.63 38.53 37.74 37.26 37.10 37.24 37.69 38.45 39.49
50.97 53.49 55.42 56.81 57.68 58.08 58.05 57.62 56.83 55.71 54.32 52.72 51.13 49.71 48.63 47.94 47.62 47.62 47.93 48.52 49.35 50.40 51.63 53.02 54.54 56.15 57.82 59.53 61.27 63.03 64.80 66.57 68.32 70.05 71.74 73.39 74.98 76.50 77.96 79.34 80.63 81.83 82.90 83.83 84.60 85.21 85.62 85.82 85.79 85.52 84.98 84.02 82.54 80.61 78.28 75.61 72.69 69.56 66.29 62.94 59.59 56.29 53.11 50.12 47.38 44.94 42.83 41.05 39.59 38.45 37.63 37.13 36.95 37.09 37.54 38.30 39.35
50.56 53.19 55.23 56.73 57.71 58.22 58.29 57.97 57.28 56.27 54.97 53.43 51.77 50.35 49.33 48.70 48.43 48.49 48.86 49.49 50.36 51.44 52.71 54.13 55.66 57.29 58.98 60.71 62.47 64.25 66.03 67.82 69.59 71.34 73.05 74.72 76.32 77.86 79.32 80.71 82.01 83.21 84.28 85.21 85.98 86.58 86.97 87.16 87.12 86.83 86.27 85.28 83.77 81.79 79.40 76.68 73.68 70.47 67.11 63.67 60.20 56.79 53.48 50.35 47.52 45.03 42.86 41.03 39.53 38.36 37.51 36.99 36.79 36.91 37.35 38.12 39.17
50.09 52.79 54.90 56.46 57.50 58.07 58.20 57.94 57.31 56.35 55.11 53.67 52.26 51.00 50.05 49.48 49.27 49.38 49.79 50.46 51.37 52.48 53.78 55.21 56.77 58.41 60.11 61.86 63.63 65.42 67.23 69.03 70.81 72.58 74.30 75.98 77.60 79.16 80.64 82.03 83.34 84.53 85.60 86.53 87.29 87.87 88.26 88.43 88.37 88.06 87.47 86.45 84.90 82.87 80.43 77.64 74.57 71.27 67.82 64.27 60.70 57.16 53.74 50.55 47.65 45.10 42.88 41.00 39.45 38.24 37.36 36.82 36.60 36.71 37.14 37.90 38.96
49.58 52.30 54.42 56.00 57.06 57.64 57.79 57.53 56.90 55.96 54.78 53.60 52.53 51.58 50.78 50.27 50.11 50.26 50.71 51.42 52.36 53.50 54.82 56.28 57.85 59.50 61.21 62.96 64.74 66.55 68.36 70.17 71.97 73.74 75.48 77.17 78.80 80.37 81.87 83.28 84.58 85.77 86.84 87.75 88.50 89.07 89.44 89.60 89.51 89.18 88.56 87.51 85.92 83.84 81.34 78.48 75.32 71.94 68.39 64.74 61.05 57.41 53.94 50.71 47.77 45.15 42.87 40.94 39.35 38.10 37.19 36.61 36.37 36.47 36.89 37.65 38.70
49.03 51.71 53.81 55.35 56.38 56.93 57.04 56.74 56.08 55.16 54.21 53.35 52.60 51.95 51.43 51.05 50.93 51.13 51.62 52.36 53.32 54.49 55.82 57.29 58.87 60.53 62.25 64.00 65.79 67.60 69.42 71.24 73.04 74.82 76.56 78.26 79.91 81.49 83.00 84.41 85.72 86.90 87.96 88.86 89.60 90.15 90.50 90.63 90.53 90.16 89.52 88.43 86.79 84.66 82.09 79.16 75.93 72.45 68.81 65.05 61.26 57.59 54.10 50.84 47.86 45.18 42.84 40.85 39.22 37.92 36.98 36.37 36.11 36.18 36.60 37.34 38.40
48.43 51.04 53.06 54.52 55.47 55.94 55.96 55.58 54.90 54.17 53.52 52.96 52.50 52.13 51.87 51.73 51.73 51.97 52.48 53.25 54.24 55.43 56.77 58.25 59.84 61.50 63.21 64.97 66.76 68.57 70.39 72.21 74.01 75.79 77.54 79.25 80.91 82.49 84.00 85.41 86.72 87.90 88.94 89.83 90.55 91.09 91.41 91.52 91.38 90.99 90.31 89.18 87.50 85.30 82.67 79.67 76.35 72.78 69.03 65.19 61.39 57.72 54.23 50.96 47.93 45.20 42.79 40.74 39.05 37.71 36.73 36.09 35.80 35.86 36.25 36.99 38.05
47.79 50.28 52.17 53.51 54.33 54.67 54.56 54.12 53.61 53.16 52.78 52.49 52.28 52.16 52.14 52.22 52.42 52.75 53.30 54.09 55.10 56.30 57.65 59.14 60.73 62.38 64.09 65.85 67.64 69.44 71.26 73.07 74.88 76.66 78.41 80.12 81.78 83.36 84.87 86.27 87.57 88.73 89.76 90.63 91.34 91.85 92.15 92.23 92.06 91.63 90.92 89.75 88.01 85.76 83.06 79.97 76.56 72.90 69.07 65.23 61.46 57.82 54.34 51.05 47.99 45.20 42.73 40.59 38.84 37.46 36.43 35.76 35.44 35.47 35.86 36.59 37.64
47.11 49.43 51.15 52.32 52.96 53.12 52.91 52.61 52.35 52.15 52.02 51.96 51.98 52.08 52.26 52.55 52.93 53.42 54.04 54.86 55.88 57.09 58.45 59.94 61.52 63.17 64.87 66.62 68.40 70.20 72.01 73.82 75.61 77.40 79.15 80.85 82.50 84.08 85.57 86.97 88.24 89.39 90.40 91.25 91.92 92.41 92.68 92.73 92.53 92.06 91.31 90.09 88.30 85.99 83.21 80.05 76.55 72.82 69.01 65.22 61.50 57.89 54.41 51.11 48.03 45.20 42.66 40.45 38.60 37.15 36.08 35.37 35.03 35.03 35.40 36.11 37.16
46.40 48.50 50.00 50.94 51.36 51.37 51.28 51.21 51.18 51.21 51.29 51.43 51.64 51.93 52.29 52.74 53.28 53.92 54.67 55.53 56.57 57.78 59.15 60.63 62.20 63.84 65.53 67.27 69.04 70.82 72.62 74.42 76.22 77.99 79.74 81.43 83.07 84.63 86.10 87.48 88.73 89.85 90.83 91.65 92.29 92.75 92.99 93.00 92.76 92.26 91.46 90.20 88.35 85.97 83.12 79.87 76.31 72.62 68.89 65.17 61.51 57.92 54.46 51.16 48.06 45.19 42.60 40.31 38.37 36.82 35.68 34.93 34.55 34.53 34.87 35.58 36.61
45.65 47.48 48.72 49.39 49.62 49.72 49.83 49.97 50.14 50.36 50.62 50.94 51.31 51.75 52.26 52.85 53.52 54.27 55.13 56.08 57.15 58.37 59.73 61.20 62.76 64.39 66.06 67.78 69.53 71.30 73.09 74.88 76.66 78.43 80.16 81.84 83.45 84.99 86.44 87.79 89.01 90.10 91.04 91.82 92.43 92.84 93.05 93.02 92.74 92.20 91.36 90.04 88.13 85.68 82.75 79.45 75.95 72.36 68.72 65.08 61.47 57.93 54.49 51.19 48.07 45.17 42.53 40.18 38.15 36.50 35.24 34.42 34.01 33.96 34.28 34.96 35.99
44.87 46.39 47.30 47.75 48.03 48.32 48.61 48.93 49.28 49.65 50.07 50.52 51.03 51.59 52.22 52.91 53.67 54.52 55.45 56.47 57.59 58.82 60.18 61.64 63.19 64.79 66.44 68.14 69.87 71.63 73.40 75.18 76.94 78.69 80.40 82.05 83.64 85.15 86.57 87.88 89.06 90.11 91.01 91.75 92.31 92.67 92.83 92.76 92.44 91.85 90.96 89.59 87.61 85.09 82.12 78.89 75.52 72.05 68.51 64.95 61.40 57.90 54.49 51.21 48.08 45.15 42.47 40.05 37.95 36.19 34.83 33.88 33.39 33.31 33.60 34.27 35.28
44.05 45.21 45.86 46.32 46.77 47.22 47.68 48.14 48.62 49.13 49.66 50.23 50.84 51.49 52.20 52.97 53.80 54.70 55.68 56.74 57.89 59.13 60.48 61.93 63.45 65.03 66.66 68.33 70.04 71.78 73.53 75.29 77.04 78.75 80.43 82.06 83.61 85.09 86.47 87.73 88.88 89.88 90.73 91.42 91.92 92.23 92.33 92.20 91.83 91.19 90.25 88.82 86.78 84.22 81.34 78.27 75.04 71.69 68.25 64.78 61.30 57.85 54.48 51.20 48.08 45.13 42.40 39.93 37.76 35.91 34.44 33.37 32.74 32.58 32.85 33.49 34.49
