data_processed/recharge/precip/Precip_1987_11.asc
ncols        168
nrows        136
xllcorner    455000
yllcorner    2107000
cellsize     500
NODATA_value     -99999
[rows 72 to 107 of 136, columns 0 to 81 of 168]
11.28 11.17 11.05 10.91 10.74 10.56 10.38 10.22 10.12 10.06 10.05 10.08 10.13 10.18 10.22 10.24 10.23 10.18 10.08 9.93 9.72 9.46 9.27 9.18 9.16 9.20 9.27 9.36 9.46 9.53 9.57 9.57 9.53 9.45 9.31 9.13 8.91 8.66 8.41 8.15 7.90 7.67 7.48 7.32 7.21 7.14 7.07 6.99 6.91 6.82 6.72 6.62 6.52 6.41 6.28 6.15 6.00 5.85 5.70 5.56 5.42 5.29 5.18 5.09 5.03 5.01 5.03 5.09 5.21 5.28 5.26 5.15 4.98 4.74 4.47 4.15 3.82 3.49 3.21 3.01 2.89 2.86
11.62 11.52 11.40 11.25 11.09 10.91 10.71 10.51 10.34 10.23 10.16 10.14 10.13 10.12 10.11 10.08 10.03 9.95 9.83 9.67 9.45 9.20 9.01 8.93 8.92 8.97 9.06 9.17 9.29 9.39 9.46 9.48 9.45 9.36 9.22 9.03 8.81 8.57 8.32 8.06 7.82 7.59 7.40 7.24 7.13 7.06 6.99 6.91 6.82 6.74 6.64 6.54 6.43 6.32 6.20 6.08 5.94 5.80 5.65 5.50 5.36 5.22 5.10 5.00 4.93 4.90 4.90 4.96 5.06 5.12 5.10 5.00 4.85 4.65 4.41 4.15 3.88 3.61 3.37 3.19 3.11 3.13
12.01 11.91 11.78 11.64 11.47 11.29 11.10 10.89 10.67 10.49 10.36 10.27 10.18 10.11 10.04 9.96 9.86 9.75 9.60 9.42 9.19 8.93 8.75 8.67 8.67 8.73 8.83 8.96 9.09 9.22 9.31 9.35 9.33 9.25 9.11 8.92 8.71 8.47 8.22 7.97 7.73 7.51 7.32 7.16 7.06 6.98 6.91 6.83 6.75 6.66 6.57 6.47 6.37 6.26 6.14 6.02 5.89 5.75 5.61 5.46 5.31 5.17 5.04 4.93 4.85 4.80 4.80 4.84 4.92 4.98 4.96 4.88 4.75 4.58 4.38 4.17 3.97 3.77 3.59 3.47 3.43 3.49
12.43 12.33 12.20 12.06 11.89 11.71 11.52 11.31 11.08 10.85 10.64 10.46 10.30 10.15 10.01 9.88 9.73 9.58 9.40 9.19 8.95 8.68 8.49 8.41 8.41 8.47 8.58 8.72 8.87 9.01 9.12 9.19 9.18 9.11 8.98 8.80 8.59 8.37 8.12 7.88 7.65 7.43 7.24 7.09 6.98 6.91 6.84 6.77 6.69 6.60 6.51 6.41 6.31 6.21 6.10 5.98 5.86 5.72 5.57 5.42 5.27 5.12 4.99 4.87 4.78 4.73 4.71 4.74 4.81 4.86 4.84 4.77 4.67 4.53 4.38 4.22 4.08 3.95 3.86 3.82 3.83 3.89
12.88 12.78 12.65 12.51 12.34 12.16 11.96 11.75 11.53 11.27 10.99 10.72 10.47 10.25 10.04 9.84 9.65 9.44 9.23 8.99 8.72 8.44 8.25 8.15 8.15 8.21 8.32 8.47 8.63 8.78 8.90 8.98 9.00 8.95 8.84 8.67 8.48 8.26 8.02 7.79 7.56 7.35 7.17 7.02 6.92 6.85 6.78 6.71 6.64 6.55 6.47 6.38 6.28 6.18 6.07 5.96 5.84 5.70 5.55 5.40 5.24 5.09 4.95 4.83 4.73 4.67 4.64 4.66 4.72 4.76 4.75 4.69 4.61 4.51 4.40 4.30 4.22 4.17 4.16 4.20 4.25 4.31
13.35 13.25 13.12 12.98 12.81 12.63 12.44 12.22 11.98 11.70 11.39 11.04 10.71 10.40 10.12 9.86 9.60 9.35 9.09 8.82 8.52 8.22 8.01 7.91 7.89 7.95 8.06 8.20 8.36 8.52 8.65 8.75 8.79 8.77 8.69 8.54 8.35 8.15 7.92 7.70 7.48 7.27 7.10 6.95 6.86 6.80 6.74 6.67 6.60 6.52 6.44 6.35 6.26 6.17 6.07 5.95 5.83 5.69 5.54 5.39 5.23 5.07 4.93 4.80 4.70 4.63 4.59 4.60 4.65 4.69 4.68 4.64 4.58 4.52 4.45 4.41 4.39 4.42 4.49 4.57 4.65 4.73
13.85 13.74 13.62 13.47 13.31 13.12 12.92 12.69 12.43 12.13 11.79 11.42 11.02 10.63 10.26 9.93 9.61 9.30 8.99 8.68 8.35 8.03 7.80 7.67 7.64 7.69 7.79 7.93 8.09 8.24 8.38 8.48 8.54 8.55 8.50 8.39 8.23 8.03 7.82 7.60 7.39 7.20 7.03 6.90 6.81 6.75 6.70 6.64 6.57 6.50 6.43 6.35 6.27 6.18 6.08 5.96 5.83 5.70 5.55 5.39 5.23 5.07 4.93 4.79 4.69 4.61 4.56 4.56 4.60 4.64 4.64 4.61 4.58 4.55 4.54 4.55 4.60 4.69 4.80 4.90 5.01 5.12
14.35 14.25 14.12 13.98 13.81 13.62 13.41 13.16 12.87 12.55 12.19 11.80 11.37 10.92 10.47 10.06 9.67 9.30 8.94 8.58 8.22 7.86 7.60 7.46 7.41 7.44 7.53 7.66 7.81 7.96 8.09 8.19 8.26 8.30 8.28 8.22 8.09 7.92 7.72 7.51 7.32 7.13 6.97 6.85 6.77 6.72 6.67 6.62 6.56 6.50 6.44 6.37 6.29 6.20 6.10 5.98 5.85 5.71 5.56 5.41 5.25 5.09 4.94 4.81 4.70 4.61 4.56 4.55 4.58 4.61 4.62 4.62 4.61 4.62 4.65 4.72 4.83 4.95 5.08 5.21 5.34 5.47
14.87 14.76 14.64 14.49 14.32 14.12 13.89 13.61 13.31 12.96 12.59 12.18 11.73 11.25 10.75 10.26 9.79 9.36 8.94 8.53 8.12 7.73 7.44 7.27 7.20 7.20 7.27 7.38 7.52 7.65 7.77 7.87 7.95 8.01 8.02 8.00 7.92 7.79 7.62 7.43 7.24 7.07 6.92 6.81 6.73 6.70 6.66 6.61 6.57 6.52 6.46 6.40 6.33 6.24 6.13 6.01 5.88 5.74 5.59 5.44 5.29 5.13 4.98 4.84 4.73 4.64 4.58 4.56 4.59 4.62 4.64 4.65 4.67 4.72 4.80 4.92 5.05 5.20 5.34 5.49 5.64 5.80
15.38 15.28 15.15 15.00 14.82 14.60 14.35 14.06 13.73 13.37 12.98 12.55 12.09 11.60 11.07 10.52 9.98 9.47 8.99 8.52 8.07 7.64 7.31 7.11 7.00 6.98 7.03 7.11 7.21 7.32 7.43 7.53 7.62 7.68 7.72 7.73 7.71 7.63 7.51 7.34 7.17 7.01 6.88 6.77 6.71 6.69 6.66 6.63 6.59 6.55 6.50 6.45 6.37 6.28 6.17 6.05 5.92 5.78 5.64 5.49 5.34 5.19 5.04 4.90 4.79 4.69 4.63 4.61 4.63 4.66 4.68 4.71 4.77 4.85 4.97 5.11 5.26 5.42 5.58 5.75 5.92 6.09
15.90 15.79 15.66 15.50 15.30 15.07 14.80 14.49 14.15 13.77 13.36 12.92 12.45 11.94 11.40 10.83 10.23 9.65 9.10 8.57 8.07 7.59 7.22 6.98 6.84 6.78 6.79 6.83 6.90 6.98 7.07 7.16 7.25 7.33 7.39 7.43 7.45 7.42 7.36 7.25 7.11 6.96 6.84 6.75 6.71 6.69 6.67 6.65 6.63 6.60 6.56 6.50 6.42 6.33 6.22 6.10 5.97 5.84 5.69 5.55 5.41 5.26 5.12 4.99 4.87 4.77 4.71 4.68 4.69 4.72 4.76 4.81 4.89 5.01 5.15 5.30 5.46 5.63 5.81 5.99 6.17 6.36
16.40 16.30 16.16 15.98 15.76 15.51 15.23 14.91 14.55 14.16 13.74 13.28 12.80 12.28 11.72 11.14 10.53 9.89 9.27 8.68 8.11 7.59 7.17 6.88 6.70 6.60 6.56 6.55 6.57 6.62 6.68 6.76 6.85 6.94 7.02 7.09 7.14 7.17 7.16 7.12 7.04 6.92 6.82 6.74 6.71 6.71 6.70 6.70 6.69 6.66 6.62 6.56 6.48 6.38 6.27 6.16 6.03 5.90 5.76 5.62 5.49 5.35 5.22 5.09 4.98 4.88 4.81 4.78 4.79 4.82 4.87 4.94 5.05 5.18 5.33 5.48 5.65 5.83 6.01 6.20 6.40 6.60
16.90 16.78 16.62 16.43 16.20 15.94 15.64 15.31 14.94 14.54 14.11 13.64 13.14 12.61 12.05 11.46 10.83 10.18 9.51 8.85 8.22 7.64 7.17 6.83 6.60 6.43 6.32 6.25 6.23 6.24 6.28 6.35 6.43 6.52 6.62 6.71 6.80 6.87 6.92 6.94 6.93 6.88 6.80 6.75 6.73 6.74 6.75 6.76 6.76 6.73 6.68 6.62 6.54 6.44 6.34 6.22 6.10 5.97 5.84 5.71 5.58 5.45 5.33 5.22 5.11 5.02 4.95 4.92 4.93 4.96 5.02 5.11 5.22 5.36 5.50 5.66 5.83 6.01 6.20 6.40 6.60 6.81
17.36 17.23 17.06 16.86 16.62 16.34 16.04 15.69 15.31 14.90 14.46 13.98 13.47 12.93 12.37 11.77 11.14 10.48 9.79 9.09 8.39 7.75 7.22 6.82 6.50 6.25 6.07 5.95 5.87 5.85 5.86 5.90 5.98 6.07 6.18 6.29 6.41 6.52 6.62 6.70 6.76 6.79 6.79 6.76 6.76 6.79 6.82 6.83 6.82 6.79 6.75 6.68 6.60 6.51 6.40 6.29 6.17 6.05 5.93 5.80 5.68 5.57 5.46 5.35 5.26 5.19 5.13 5.09 5.09 5.13 5.20 5.29 5.40 5.53 5.68 5.84 6.01 6.19 6.38 6.59 6.79 7.01
17.79 17.65 17.47 17.26 17.01 16.72 16.41 16.05 15.67 15.25 14.79 14.31 13.80 13.25 12.68 12.07 11.44 10.77 10.08 9.37 8.63 7.92 7.32 6.82 6.41 6.08 5.82 5.64 5.51 5.44 5.42 5.44 5.50 5.59 5.70 5.83 5.98 6.13 6.27 6.41 6.54 6.65 6.73 6.78 6.81 6.86 6.89 6.90 6.89 6.86 6.81 6.75 6.67 6.58 6.48 6.37 6.26 6.14 6.02 5.91 5.80 5.69 5.59 5.51 5.43 5.37 5.32 5.30 5.30 5.34 5.40 5.49 5.59 5.71 5.85 6.01 6.18 6.36 6.56 6.76 6.97 7.19
18.17 18.02 17.84 17.61 17.36 17.07 16.74 16.38 15.99 15.57 15.11 14.62 14.10 13.55 12.97 12.37 11.73 11.07 10.37 9.65 8.91 8.15 7.44 6.84 6.33 5.91 5.58 5.33 5.14 5.03 4.97 4.96 5.00 5.09 5.20 5.35 5.51 5.70 5.89 6.08 6.27 6.45 6.61 6.76 6.87 6.96 6.99 6.99 6.98 6.95 6.90 6.83 6.75 6.67 6.57 6.47 6.36 6.25 6.14 6.04 5.94 5.84 5.75 5.68 5.62 5.57 5.54 5.53 5.54 5.57 5.62 5.70 5.79 5.91 6.04 6.19 6.35 6.53 6.72 6.92 7.13 7.35
18.38 18.23 18.05 17.83 17.57 17.28 16.96 16.61 16.22 15.80 15.35 14.87 14.35 13.81 13.24 12.64 12.01 11.35 10.67 9.95 9.21 8.43 7.65 6.93 6.32 5.82 5.40 5.08 4.83 4.67 4.57 4.53 4.55 4.62 4.74 4.89 5.08 5.29 5.52 5.76 6.01 6.26 6.50 6.74 7.00 7.23 7.28 7.28 7.26 7.21 7.15 7.08 7.00 6.90 6.80 6.70 6.59 6.48 6.37 6.26 6.16 6.07 5.99 5.92 5.86 5.82 5.80 5.80 5.81 5.83 5.87 5.93 6.02 6.12 6.24 6.38 6.54 6.71 6.89 7.09 7.30 7.51
18.35 18.22 18.05 17.85 17.61 17.34 17.04 16.70 16.33 15.93 15.49 15.03 14.54 14.01 13.46 12.88 12.27 11.64 10.97 10.28 9.53 8.73 7.93 7.14 6.43 5.83 5.33 4.93 4.62 4.40 4.25 4.18 4.18 4.23 4.34 4.50 4.70 4.94 5.20 5.49 5.79 6.11 6.43 6.80 7.25 7.65 7.84 7.85 7.80 7.73 7.65 7.56 7.46 7.35 7.23 7.11 6.98 6.86 6.74 6.62 6.51 6.41 6.32 6.24 6.18 6.13 6.11 6.10 6.11 6.13 6.16 6.21 6.27 6.36 6.47 6.60 6.75 6.91 7.08 7.27 7.47 7.68
18.13 18.01 17.87 17.70 17.49 17.25 16.97 16.67 16.33 15.96 15.56 15.13 14.67 14.18 13.66 13.12 12.54 11.94 11.30 10.61 9.86 9.05 8.23 7.43 6.65 5.95 5.36 4.88 4.50 4.22 4.03 3.92 3.88 3.92 4.02 4.18 4.39 4.65 4.94 5.27 5.63 6.01 6.45 6.98 7.60 8.17 8.52 8.63 8.58 8.48 8.37 8.24 8.11 7.97 7.82 7.67 7.52 7.37 7.22 7.08 6.94 6.82 6.71 6.61 6.53 6.47 6.44 6.43 6.44 6.45 6.48 6.51 6.56 6.63 6.73 6.84 6.97 7.12 7.28 7.46 7.65 7.85
17.78 17.63 17.51 17.38 17.22 17.02 16.80 16.53 16.24 15.92 15.56 15.18 14.77 14.32 13.85 13.36 12.83 12.27 11.64 10.95 10.19 9.38 8.55 7.74 6.94 6.18 5.50 4.94 4.48 4.14 3.89 3.74 3.67 3.69 3.77 3.93 4.15 4.42 4.74 5.10 5.51 6.00 6.59 7.28 8.05 8.78 9.26 9.51 9.55 9.43 9.27 9.10 8.92 8.73 8.54 8.35 8.16 7.97 7.79 7.61 7.44 7.28 7.13 7.00 6.89 6.83 6.80 6.79 6.79 6.80 6.82 6.85 6.88 6.94 7.01 7.11 7.22 7.35 7.50 7.67 7.85 8.04
17.37 17.14 17.01 16.93 16.82 16.68 16.51 16.31 16.08 15.81 15.52 15.20 14.84 14.46 14.05 13.62 13.14 12.60 11.98 11.29 10.54 9.72 8.89 8.06 7.26 6.48 5.74 5.09 4.56 4.15 3.85 3.65 3.54 3.53 3.60 3.75 3.97 4.25 4.60 5.00 5.49 6.11 6.85 7.68 8.59 9.45 10.07 10.43 10.58 10.52 10.34 10.11 9.87 9.63 9.38 9.14 8.89 8.65 8.41 8.18 7.97 7.76 7.57 7.40 7.28 7.21 7.18 7.16 7.16 7.17 7.18 7.20 7.23 7.27 7.32 7.39 7.49 7.60 7.74 7.88 8.05 8.22
16.90 16.62 16.44 16.35 16.31 16.24 16.14 16.01 15.85 15.66 15.44 15.19 14.92 14.61 14.28 13.90 13.45 12.93 12.32 11.64 10.89 10.07 9.23 8.41 7.59 6.81 6.06 5.35 4.75 4.26 3.90 3.64 3.50 3.45 3.50 3.64 3.86 4.15 4.52 4.99 5.61 6.35 7.21 8.17 9.21 10.19 10.92 11.39 11.62 11.65 11.50 11.23 10.92 10.61 10.30 9.99 9.68 9.37 9.07 8.78 8.50 8.23 7.99 7.81 7.69 7.61 7.58 7.56 7.55 7.55 7.55 7.57 7.59 7.62 7.65 7.71 7.78 7.87 7.98 8.11 8.26 8.42
16.39 16.06 15.85 15.73 15.70 15.71 15.70 15.65 15.58 15.48 15.35 15.19 15.00 14.78 14.52 14.18 13.76 13.25 12.66 11.99 11.24 10.42 9.59 8.76 7.95 7.16 6.40 5.69 5.03 4.47 4.04 3.73 3.54 3.46 3.48 3.60 3.81 4.12 4.54 5.13 5.85 6.71 7.67 8.74 9.89 10.97 11.80 12.35 12.67 12.77 12.68 12.42 12.06 11.67 11.27 10.88 10.49 10.11 9.73 9.37 9.01 8.69 8.43 8.24 8.12 8.04 8.00 7.97 7.96 7.95 7.95 7.95 7.96 7.98 8.01 8.04 8.09 8.16 8.25 8.35 8.48 8.62
15.85 15.49 15.25 15.12 15.08 15.12 15.20 15.25 15.28 15.28 15.25 15.19 15.10 14.97 14.76 14.45 14.05 13.57 12.99 12.33 11.59 10.78 9.95 9.12 8.31 7.52 6.76 6.05 5.38 4.77 4.27 3.91 3.67 3.54 3.54 3.64 3.85 4.19 4.71 5.39 6.21 7.16 8.22 9.38 10.62 11.79 12.70 13.33 13.70 13.86 13.81 13.59 13.22 12.76 12.27 11.79 11.31 10.84 10.37 9.92 9.49 9.14 8.88 8.69 8.56 8.48 8.43 8.40 8.38 8.36 8.35 8.35 8.35 8.36 8.37 8.39 8.42 8.47 8.53 8.61 8.71 8.83
15.29 14.91 14.66 14.52 14.48 14.54 14.67 14.83 14.97 15.08 15.17 15.22 15.23 15.15 14.98 14.70 14.34 13.87 13.32 12.68 11.95 11.14 10.31 9.49 8.68 7.90 7.14 6.43 5.76 5.15 4.61 4.18 3.88 3.72 3.67 3.76 4.00 4.42 5.01 5.77 6.67 7.69 8.83 10.07 11.39 12.64 13.61 14.29 14.72 14.91 14.89 14.69 14.33 13.85 13.27 12.68 12.10 11.52 10.96 10.42 9.97 9.62 9.35 9.16 9.03 8.94 8.89 8.85 8.82 8.79 8.77 8.75 8.74 8.74 8.74 8.75 8.77 8.79 8.82 8.88 8.95 9.04
14.73 14.34 14.09 13.95 13.93 14.01 14.17 14.40 14.66 14.90 15.11 15.28 15.35 15.31 15.18 14.94 14.61 14.17 13.64 13.02 12.30 11.50 10.68 9.87 9.07 8.29 7.54 6.83 6.16 5.55 5.00 4.54 4.19 3.97 3.90 4.00 4.29 4.78 5.44 6.26 7.22 8.31 9.51 10.81 12.19 13.50 14.52 15.24 15.70 15.91 15.91 15.71 15.35 14.85 14.23 13.54 12.84 12.14 11.48 10.92 10.46 10.11 9.84 9.64 9.51 9.41 9.35 9.30 9.26 9.23 9.19 9.17 9.15 9.13 9.12 9.12 9.12 9.12 9.14 9.16 9.20 9.27
14.18 13.79 13.54 13.43 13.43 13.54 13.74 14.02 14.37 14.74 15.08 15.31 15.44 15.45 15.36 15.16 14.86 14.46 13.95 13.35 12.65 11.87 11.06 10.25 9.46 8.69 7.95 7.24 6.58 5.98 5.43 4.96 4.58 4.32 4.25 4.39 4.73 5.27 5.98 6.84 7.85 8.99 10.24 11.58 13.00 14.36 15.41 16.16 16.63 16.85 16.85 16.64 16.26 15.72 15.06 14.31 13.49 12.70 12.00 11.43 10.98 10.62 10.34 10.14 10.00 9.90 9.83 9.77 9.72 9.67 9.63 9.59 9.55 9.52 9.50 9.48 9.47 9.46 9.46 9.46 9.47 9.51
13.64 13.26 13.04 12.95 12.99 13.15 13.40 13.75 14.17 14.62 15.02 15.32 15.50 15.57 15.52 15.37 15.10 14.73 14.26 13.68 12.99 12.23 11.43 10.64 9.86 9.10 8.36 7.67 7.02 6.42 5.89 5.42 5.04 4.80 4.76 4.93 5.31 5.87 6.61 7.51 8.55 9.72 11.00 12.38 13.83 15.21 16.28 17.04 17.51 17.72 17.70 17.47 17.04 16.47 15.75 14.93 14.05 13.23 12.53 11.96 11.50 11.14 10.86 10.65 10.50 10.39 10.31 10.24 10.18 10.12 10.06 10.01 9.96 9.92 9.88 9.85 9.82 9.79 9.77 9.76 9.75 9.77
13.13 12.78 12.59 12.55 12.64 12.85 13.17 13.58 14.06 14.52 14.94 15.29 15.53 15.65 15.66 15.55 15.32 14.99 14.54 13.99 13.33 12.58 11.80 11.03 10.26 9.51 8.79 8.11 7.47 6.89 6.36 5.91 5.58 5.41 5.41 5.61 6.00 6.58 7.34 8.25 9.31 10.49 11.79 13.18 14.65 16.04 17.11 17.87 18.32 18.51 18.45 18.17 17.70 17.06 16.28 15.41 14.55 13.77 13.08 12.51 12.04 11.67 11.39 11.17 11.01 10.89 10.80 10.72 10.65 10.57 10.50 10.44 10.38 10.32 10.26 10.21 10.17 10.13 10.09 10.06 10.05 10.06
12.66 12.35 12.20 12.21 12.37 12.65 13.04 13.52 13.99 14.45 14.87 15.24 15.53 15.71 15.77 15.71 15.52 15.23 14.82 14.29 13.66 12.93 12.17 11.41 10.66 9.93 9.23 8.56 7.94 7.37 6.86 6.46 6.22 6.12 6.18 6.40 6.80 7.39 8.14 9.06 10.12 11.30 12.59 13.98 15.45 16.84 17.90 18.63 19.06 19.20 19.09 18.76 18.22 17.50 16.66 15.82 15.02 14.29 13.63 13.06 12.59 12.22 11.92 11.70 11.53 11.40 11.30 11.21 11.12 11.03 10.95 10.86 10.79 10.71 10.64 10.58 10.51 10.45 10.40 10.37 10.35 10.36
12.25 11.98 11.90 11.97 12.20 12.56 13.01 13.49 13.96 14.41 14.82 15.19 15.51 15.74 15.85 15.84 15.70 15.45 15.08 14.59 13.98 13.27 12.54 11.80 11.07 10.36 9.68 9.03 8.42 7.87 7.42 7.11 6.94 6.91 7.03 7.29 7.70 8.27 9.01 9.91 10.95 12.12 13.40 14.77 16.22 17.59 18.62 19.32 19.70 19.79 19.61 19.20 18.58 17.80 17.00 16.22 15.48 14.80 14.17 13.62 13.15 12.77 12.47 12.23 12.05 11.91 11.80 11.69 11.59 11.49 11.39 11.29 11.20 11.10 11.02 10.93 10.85 10.78 10.72 10.68 10.66 10.66
11.90 11.70 11.68 11.83 12.14 12.56 13.02 13.48 13.94 14.38 14.80 15.17 15.49 15.74 15.91 15.95 15.86 15.65 15.32 14.86 14.29 13.61 12.89 12.18 11.47 10.79 10.12 9.49 8.91 8.42 8.06 7.83 7.73 7.77 7.94 8.23 8.66 9.22 9.94 10.81 11.82 12.95 14.20 15.54 16.96 18.29 19.28 19.92 20.24 20.25 20.00 19.50 18.81 18.07 17.34 16.63 15.95 15.30 14.71 14.18 13.71 13.32 13.01 12.77 12.58 12.42 12.30 12.18 12.06 11.94 11.82 11.71 11.60 11.49 11.38 11.28 11.18 11.11 11.05 11.00 10.97 10.96
11.63 11.50 11.56 11.80 12.17 12.59 13.04 13.49 13.94 14.38 14.79 15.16 15.48 15.75 15.94 16.03 15.99 15.83 15.54 15.12 14.58 13.93 13.24 12.56 11.88 11.21 10.57 9.97 9.45 9.05 8.77 8.62 8.58 8.67 8.88 9.21 9.65 10.22 10.90 11.73 12.69 13.78 14.98 16.27 17.64 18.92 19.85 20.42 20.66 20.59 20.24 19.67 19.03 18.37 17.71 17.06 16.42 15.82 15.25 14.74 14.28 13.88 13.56 13.31 13.10 12.94 12.79 12.66 12.53 12.39 12.26 12.13 12.00 11.87 11.74 11.63 11.52 11.44 11.37 11.32 11.28 11.26
11.44 11.40 11.55 11.86 12.23 12.64 13.07 13.51 13.95 14.38 14.79 15.16 15.49 15.76 15.96 16.08 16.10 15.98 15.74 15.36 14.85 14.24 13.58 12.92 12.27 11.64 11.03 10.50 10.07 9.75 9.55 9.46 9.48 9.61 9.85 10.19 10.65 11.21 11.88 12.66 13.56 14.59 15.72 16.96 18.26 19.47 20.33 20.81 20.96 20.79 20.37 19.84 19.28 18.70 18.11 17.52 16.93 16.36 15.82 15.32 14.86 14.45 14.11 13.84 13.63 13.45 13.29 13.14 12.99 12.84 12.68 12.53 12.38 12.24 12.10 11.97 11.87 11.77 11.70 11.63 11.58 11.54
11.36 11.41 11.63 11.93 12.29 12.68 13.10 13.53 13.96 14.39 14.80 15.17 15.51 15.79 16.00 16.13 16.18 16.11 15.91 15.58 15.11 14.53 13.91 13.28 12.66 12.06 11.53 11.09 10.75 10.51 10.37 10.34 10.40 10.57 10.83 11.19 11.64 12.19 12.84 13.58 14.42 15.37 16.43 17.58 18.81 19.94 20.70 21.08 21.12 20.87 20.50 20.07 19.60 19.09 18.57 18.03 17.48 16.95 16.42 15.93 15.47 15.05 14.68 14.38 14.15 13.95 13.78 13.61 13.45 13.27 13.10 12.93 12.76 12.60 12.45 12.32 12.21 12.10 12.02 11.94 11.87 11.82
11.38 11.50 11.72 12.01 12.34 12.72 13.12 13.55 13.98 14.40 14.81 15.19 15.52 15.81 16.04 16.19 16.25 16.22 16.07 15.78 15.35 14.81 14.22 13.63 13.05 12.52 12.08 11.73 11.48 11.31 11.23 11.24 11.34 11.53 11.80 12.17 12.61 13.15 13.76 14.46 15.25 16.12 17.08 18.14 19.27 20.30 20.95 21.22 21.18 20.98 20.71 20.38 19.99 19.56 19.09 18.60 18.10 17.58 17.08 16.59 16.12 15.68 15.29 14.95 14.67 14.45 14.26 14.08 13.89 13.70 13.51 13.32 13.13 12.96 12.81 12.67 12.54 12.43 12.32 12.23 12.15 12.08
