data_processed/recharge/precip/Precip_2006_01.asc
ncols        168
nrows        136
xllcorner    455000
yllcorner    2107000
cellsize     500
NODATA_value     -99999
[rows 38 to 75 of 136, columns 0 to 83 of 168]
3.69 3.84 4.02 4.21 4.41 4.61 4.79 4.97 5.13 5.28 5.42 5.54 5.65 5.74 5.82 5.88 5.92 5.95 5.98 6.00 6.03 6.05 6.08 6.10 6.11 6.11 6.10 6.07 6.04 5.98 5.90 5.79 5.66 5.51 5.35 5.17 5.00 4.82 4.64 4.47 4.31 4.16 4.03 3.91 3.82 3.74 3.68 3.65 3.60 3.48 3.29 3.04 2.75 2.43 2.09 1.77 1.48 1.21 0.98 0.78 0.62 0.51 0.44 0.43 0.46 0.56 0.71 0.90 1.09 1.28 1.46 1.63 1.78 1.92 2.06 2.22 2.39 2.58 2.77 2.96 3.14 3.29 3.41 3.51
3.54 3.69 3.85 4.04 4.25 4.45 4.65 4.83 5.01 5.16 5.31 5.43 5.54 5.64 5.71 5.77 5.81 5.85 5.89 5.92 5.95 5.98 6.01 6.03 6.05 6.05 6.04 6.03 6.00 5.96 5.90 5.81 5.71 5.57 5.43 5.27 5.10 4.93 4.76 4.59 4.42 4.27 4.13 3.99 3.88 3.77 3.69 3.62 3.54 3.39 3.18 2.91 2.60 2.26 1.90 1.54 1.21 0.91 0.66 0.45 0.29 0.18 0.12 0.12 0.19 0.31 0.48 0.67 0.86 1.04 1.23 1.40 1.55 1.70 1.85 2.02 2.20 2.40 2.60 2.80 3.01 3.20 3.36 3.49
3.39 3.52 3.68 3.86 4.06 4.27 4.48 4.67 4.85 5.02 5.17 5.30 5.41 5.50 5.58 5.64 5.69 5.74 5.78 5.82 5.86 5.89 5.93 5.95 5.97 5.98 5.98 5.97 5.95 5.91 5.87 5.81 5.73 5.62 5.49 5.34 5.19 5.03 4.86 4.70 4.53 4.37 4.22 4.07 3.94 3.81 3.70 3.61 3.49 3.32 3.08 2.79 2.46 2.11 1.74 1.36 1.00 0.68 0.40 0.18 0.02 0.00 0.00 0.00 0.00 0.12 0.28 0.46 0.64 0.82 1.00 1.17 1.34 1.49 1.65 1.83 2.02 2.22 2.43 2.64 2.86 3.08 3.28 3.45
3.22 3.35 3.51 3.68 3.87 4.07 4.28 4.48 4.67 4.85 5.00 5.14 5.25 5.35 5.43 5.50 5.56 5.62 5.67 5.71 5.75 5.79 5.83 5.86 5.89 5.90 5.91 5.90 5.88 5.86 5.83 5.78 5.72 5.63 5.53 5.40 5.26 5.11 4.96 4.80 4.63 4.47 4.31 4.15 3.99 3.85 3.72 3.60 3.46 3.26 3.00 2.69 2.35 1.98 1.60 1.22 0.85 0.51 0.21 0.00 0.00 0.00 0.00 0.00 0.00 0.00 0.09 0.26 0.43 0.61 0.79 0.96 1.13 1.28 1.45 1.64 1.84 2.05 2.26 2.49 2.71 2.94 3.17 3.38
3.05 3.18 3.32 3.49 3.67 3.86 4.07 4.27 4.47 4.65 4.82 4.96 5.08 5.18 5.27 5.35 5.42 5.48 5.54 5.59 5.64 5.68 5.72 5.76 5.79 5.81 5.82 5.82 5.81 5.79 5.77 5.73 5.69 5.63 5.54 5.44 5.32 5.18 5.04 4.88 4.72 4.55 4.39 4.22 4.05 3.89 3.74 3.60 3.43 3.21 2.93 2.61 2.25 1.88 1.49 1.11 0.74 0.39 0.09 0.00 0.00 0.00 0.00 0.00 0.00 0.00 0.00 0.07 0.24 0.41 0.58 0.76 0.93 1.09 1.27 1.46 1.66 1.88 2.10 2.33 2.57 2.80 3.04 3.27
2.88 3.00 3.14 3.30 3.47 3.66 3.85 4.05 4.25 4.44 4.61 4.76 4.89 5.00 5.10 5.19 5.27 5.34 5.41 5.46 5.51 5.56 5.61 5.65 5.68 5.71 5.72 5.73 5.73 5.72 5.70 5.67 5.64 5.59 5.53 5.45 5.35 5.23 5.10 4.95 4.80 4.63 4.46 4.29 4.11 3.94 3.77 3.60 3.42 3.17 2.88 2.54 2.18 1.80 1.41 1.03 0.66 0.32 0.02 0.00 0.00 0.00 0.00 0.00 0.00 0.00 0.00 0.00 0.06 0.22 0.39 0.57 0.74 0.90 1.09 1.28 1.49 1.71 1.94 2.18 2.42 2.66 2.90 3.14
2.70 2.82 2.96 3.11 3.28 3.46 3.64 3.84 4.03 4.22 4.40 4.55 4.69 4.82 4.93 5.03 5.12 5.19 5.26 5.32 5.38 5.44 5.49 5.53 5.57 5.60 5.62 5.63 5.64 5.64 5.63 5.61 5.58 5.54 5.50 5.44 5.37 5.27 5.15 5.01 4.86 4.70 4.53 4.35 4.17 3.99 3.80 3.62 3.41 3.15 2.84 2.50 2.12 1.74 1.35 0.97 0.61 0.28 0.00 0.00 0.00 0.00 0.00 0.00 0.00 0.00 0.00 0.00 0.00 0.05 0.21 0.39 0.56 0.73 0.91 1.11 1.33 1.55 1.79 2.03 2.27 2.52 2.77 3.01
2.53 2.64 2.77 2.92 3.09 3.26 3.44 3.62 3.81 3.99 4.17 4.34 4.49 4.63 4.75 4.86 4.95 5.04 5.11 5.18 5.24 5.30 5.36 5.41 5.45 5.48 5.51 5.53 5.54 5.55 5.54 5.53 5.51 5.49 5.46 5.42 5.36 5.28 5.18 5.06 4.92 4.77 4.60 4.42 4.23 4.04 3.84 3.64 3.41 3.14 2.82 2.47 2.09 1.70 1.32 0.94 0.59 0.27 0.00 0.00 0.00 0.00 0.00 0.00 0.00 0.00 0.00 0.00 0.00 0.00 0.05 0.22 0.39 0.56 0.75 0.95 1.17 1.40 1.63 1.88 2.13 2.38 2.63 2.88
2.36 2.47 2.60 2.74 2.90 3.07 3.24 3.42 3.60 3.77 3.95 4.12 4.28 4.43 4.56 4.68 4.78 4.87 4.96 5.03 5.10 5.16 5.22 5.28 5.32 5.36 5.40 5.42 5.44 5.45 5.46 5.45 5.44 5.43 5.41 5.38 5.34 5.28 5.20 5.09 4.97 4.82 4.66 4.48 4.29 4.09 3.88 3.67 3.43 3.14 2.81 2.46 2.08 1.69 1.31 0.94 0.60 0.30 0.04 0.00 0.00 0.00 0.00 0.00 0.00 0.00 0.00 0.00 0.00 0.00 0.00 0.06 0.23 0.40 0.59 0.80 1.02 1.25 1.49 1.73 1.99 2.24 2.49 2.75
2.19 2.30 2.43 2.57 2.72 2.88 3.05 3.22 3.39 3.57 3.74 3.91 4.07 4.23 4.37 4.49 4.61 4.71 4.80 4.88 4.95 5.02 5.08 5.14 5.19 5.24 5.27 5.31 5.33 5.35 5.36 5.37 5.37 5.36 5.35 5.33 5.30 5.26 5.20 5.11 5.00 4.87 4.71 4.54 4.35 4.14 3.93 3.70 3.45 3.16 2.82 2.46 2.09 1.70 1.33 0.97 0.65 0.36 0.10 0.00 0.00 0.00 0.00 0.00 0.00 0.00 0.00 0.00 0.00 0.00 0.00 0.00 0.08 0.25 0.44 0.65 0.87 1.10 1.34 1.59 1.85 2.10 2.36 2.60
2.03 2.14 2.27 2.40 2.55 2.71 2.88 3.04 3.21 3.37 3.54 3.70 3.86 4.02 4.17 4.31 4.43 4.54 4.63 4.72 4.80 4.87 4.94 5.00 5.06 5.11 5.15 5.19 5.22 5.25 5.27 5.28 5.29 5.30 5.30 5.28 5.26 5.23 5.19 5.12 5.02 4.90 4.76 4.59 4.40 4.20 3.98 3.75 3.49 3.18 2.85 2.49 2.11 1.74 1.37 1.03 0.72 0.44 0.18 0.00 0.00 0.00 0.00 0.00 0.00 0.00 0.00 0.00 0.00 0.00 0.00 0.00 0.00 0.11 0.31 0.51 0.73 0.96 1.21 1.45 1.71 1.96 2.21 2.44
1.89 1.99 2.12 2.25 2.40 2.55 2.71 2.87 3.03 3.19 3.35 3.51 3.67 3.82 3.98 4.12 4.25 4.36 4.47 4.56 4.64 4.72 4.79 4.86 4.92 4.97 5.02 5.07 5.11 5.14 5.17 5.19 5.22 5.23 5.24 5.24 5.23 5.20 5.17 5.11 5.04 4.93 4.80 4.64 4.46 4.26 4.04 3.80 3.53 3.22 2.89 2.53 2.16 1.79 1.44 1.11 0.81 0.52 0.26 0.01 0.00 0.00 0.00 0.00 0.00 0.00 0.00 0.00 0.00 0.00 0.00 0.00 0.00 0.00 0.18 0.38 0.60 0.83 1.07 1.32 1.57 1.82 2.05 2.25
1.75 1.86 1.98 2.11 2.26 2.41 2.56 2.71 2.87 3.02 3.17 3.33 3.48 3.63 3.78 3.93 4.07 4.19 4.30 4.40 4.49 4.57 4.65 4.72 4.78 4.84 4.90 4.95 4.99 5.03 5.07 5.11 5.14 5.17 5.18 5.19 5.19 5.18 5.15 5.10 5.04 4.95 4.84 4.69 4.52 4.32 4.10 3.85 3.58 3.28 2.94 2.59 2.23 1.87 1.54 1.22 0.91 0.62 0.34 0.09 0.00 0.00 0.00 0.00 0.00 0.00 0.00 0.00 0.00 0.00 0.00 0.00 0.00 0.00 0.05 0.26 0.48 0.70 0.94 1.19 1.43 1.66 1.86 2.03
1.63 1.73 1.86 1.99 2.13 2.27 2.42 2.56 2.71 2.86 3.01 3.16 3.31 3.46 3.60 3.75 3.88 4.01 4.13 4.24 4.33 4.42 4.50 4.57 4.64 4.71 4.77 4.83 4.88 4.93 4.98 5.03 5.07 5.11 5.13 5.15 5.16 5.16 5.14 5.10 5.04 4.97 4.87 4.74 4.57 4.38 4.16 3.92 3.65 3.34 3.01 2.66 2.32 1.98 1.65 1.33 1.02 0.72 0.44 0.18 0.00 0.00 0.00 0.00 0.00 0.00 0.00 0.00 0.00 0.00 0.00 0.00 0.00 0.00 0.00 0.14 0.36 0.58 0.82 1.05 1.27 1.47 1.64 1.80
1.52 1.63 1.75 1.88 2.01 2.15 2.29 2.43 2.57 2.72 2.86 3.01 3.15 3.29 3.43 3.57 3.71 3.84 3.97 4.08 4.18 4.27 4.35 4.43 4.51 4.58 4.64 4.71 4.77 4.83 4.89 4.95 5.01 5.05 5.09 5.12 5.14 5.14 5.13 5.10 5.05 4.99 4.90 4.78 4.63 4.45 4.23 3.99 3.72 3.42 3.09 2.76 2.42 2.09 1.77 1.45 1.13 0.83 0.55 0.28 0.03 0.00 0.00 0.00 0.00 0.00 0.00 0.00 0.00 0.00 0.00 0.00 0.00 0.00 0.00 0.04 0.25 0.47 0.69 0.90 1.09 1.26 1.41 1.55
1.43 1.54 1.66 1.78 1.91 2.04 2.17 2.31 2.44 2.58 2.72 2.86 3.00 3.14 3.28 3.41 3.55 3.68 3.80 3.92 4.03 4.12 4.21 4.29 4.37 4.45 4.52 4.60 4.67 4.74 4.82 4.89 4.95 5.01 5.05 5.09 5.12 5.13 5.13 5.11 5.07 5.01 4.93 4.82 4.68 4.51 4.31 4.07 3.80 3.51 3.19 2.87 2.55 2.22 1.90 1.57 1.26 0.96 0.66 0.39 0.13 0.00 0.00 0.00 0.00 0.00 0.00 0.00 0.00 0.00 0.00 0.00 0.00 0.00 0.00 0.00 0.14 0.35 0.55 0.73 0.89 1.03 1.16 1.28
1.36 1.47 1.58 1.69 1.81 1.94 2.07 2.20 2.33 2.46 2.60 2.73 2.87 3.00 3.14 3.27 3.40 3.53 3.65 3.77 3.88 3.98 4.07 4.16 4.24 4.32 4.41 4.49 4.58 4.67 4.75 4.83 4.90 4.97 5.03 5.08 5.11 5.13 5.14 5.12 5.09 5.04 4.96 4.86 4.74 4.58 4.39 4.16 3.90 3.61 3.31 2.99 2.68 2.36 2.03 1.71 1.40 1.09 0.80 0.51 0.25 0.00 0.00 0.00 0.00 0.00 0.00 0.00 0.00 0.00 0.00 0.00 0.00 0.00 0.00 0.00 0.04 0.22 0.38 0.53 0.67 0.79 0.90 1.00
1.31 1.41 1.51 1.62 1.73 1.85 1.97 2.10 2.22 2.35 2.48 2.61 2.74 2.88 3.01 3.13 3.26 3.39 3.51 3.62 3.74 3.84 3.94 4.03 4.12 4.21 4.30 4.40 4.50 4.60 4.69 4.78 4.87 4.95 5.01 5.07 5.11 5.14 5.16 5.15 5.13 5.08 5.01 4.92 4.80 4.65 4.47 4.25 4.00 3.72 3.43 3.13 2.82 2.50 2.18 1.87 1.55 1.24 0.94 0.66 0.38 0.13 0.00 0.00 0.00 0.00 0.00 0.00 0.00 0.00 0.00 0.00 0.00 0.00 0.00 0.00 0.00 0.07 0.20 0.32 0.43 0.53 0.62 0.71
1.26 1.35 1.45 1.55 1.66 1.77 1.89 2.01 2.13 2.25 2.38 2.51 2.63 2.76 2.89 3.01 3.14 3.26 3.38 3.49 3.60 3.71 3.81 3.91 4.00 4.11 4.22 4.33 4.44 4.55 4.65 4.75 4.85 4.94 5.01 5.08 5.13 5.17 5.19 5.19 5.18 5.14 5.08 4.99 4.87 4.73 4.56 4.35 4.11 3.85 3.57 3.27 2.97 2.66 2.35 2.03 1.72 1.41 1.11 0.82 0.54 0.27 0.03 0.00 0.00 0.00 0.00 0.00 0.00 0.00 0.00 0.00 0.00 0.00 0.00 0.00 0.00 0.00 0.00 0.09 0.18 0.26 0.34 0.42
1.23 1.31 1.41 1.50 1.60 1.71 1.82 1.93 2.05 2.17 2.29 2.41 2.54 2.66 2.78 2.90 3.03 3.14 3.26 3.37 3.48 3.59 3.69 3.80 3.91 4.03 4.15 4.27 4.39 4.51 4.63 4.74 4.85 4.94 5.03 5.10 5.17 5.21 5.24 5.25 5.24 5.21 5.15 5.07 4.96 4.83 4.66 4.46 4.23 3.98 3.71 3.43 3.14 2.84 2.53 2.21 1.90 1.59 1.29 0.99 0.71 0.44 0.18 0.00 0.00 0.00 0.00 0.00 0.00 0.00 0.00 0.00 0.00 0.00 0.00 0.00 0.00 0.00 0.00 0.00 0.00 0.00 0.05 0.12
1.21 1.29 1.37 1.46 1.56 1.66 1.77 1.88 1.99 2.10 2.22 2.34 2.46 2.58 2.70 2.82 2.93 3.05 3.16 3.28 3.38 3.49 3.61 3.73 3.85 3.98 4.11 4.24 4.38 4.51 4.64 4.76 4.87 4.98 5.07 5.16 5.23 5.28 5.32 5.33 5.33 5.30 5.25 5.18 5.08 4.94 4.78 4.58 4.36 4.12 3.87 3.60 3.31 3.02 2.72 2.41 2.10 1.79 1.48 1.18 0.89 0.62 0.36 0.11 0.00 0.00 0.00 0.00 0.00 0.00 0.00 0.00 0.00 0.00 0.00 0.00 0.00 0.00 0.00 0.00 0.00 0.00 0.00 0.00
1.21 1.28 1.36 1.45 1.54 1.63 1.73 1.84 1.95 2.06 2.17 2.28 2.40 2.52 2.64 2.75 2.87 2.98 3.10 3.21 3.31 3.43 3.57 3.71 3.85 3.99 4.13 4.27 4.41 4.55 4.69 4.82 4.94 5.06 5.16 5.25 5.32 5.38 5.43 5.45 5.45 5.43 5.38 5.31 5.21 5.08 4.92 4.72 4.50 4.27 4.03 3.77 3.50 3.21 2.91 2.61 2.30 1.99 1.69 1.39 1.09 0.81 0.54 0.29 0.05 0.00 0.00 0.00 0.00 0.00 0.00 0.00 0.00 0.00 0.00 0.00 0.00 0.00 0.00 0.00 0.00 0.00 0.00 0.00
1.22 1.29 1.36 1.44 1.53 1.62 1.72 1.82 1.92 2.03 2.14 2.25 2.37 2.48 2.60 2.71 2.83 2.94 3.05 3.16 3.29 3.42 3.58 3.74 3.89 4.04 4.19 4.34 4.49 4.64 4.78 4.92 5.05 5.17 5.28 5.37 5.45 5.52 5.56 5.59 5.59 5.57 5.53 5.46 5.36 5.23 5.07 4.88 4.66 4.43 4.20 3.95 3.68 3.40 3.11 2.82 2.51 2.21 1.90 1.60 1.30 1.01 0.73 0.47 0.23 0.00 0.00 0.00 0.00 0.00 0.00 0.00 0.00 0.00 0.00 0.00 0.00 0.00 0.00 0.00 0.00 0.00 0.00 0.00
1.25 1.31 1.38 1.46 1.54 1.63 1.72 1.82 1.92 2.02 2.13 2.24 2.35 2.47 2.58 2.69 2.81 2.92 3.03 3.16 3.30 3.46 3.63 3.81 3.98 4.14 4.30 4.46 4.62 4.77 4.92 5.06 5.19 5.32 5.43 5.53 5.61 5.68 5.73 5.76 5.76 5.74 5.70 5.63 5.53 5.40 5.24 5.05 4.84 4.61 4.37 4.13 3.87 3.60 3.32 3.03 2.73 2.42 2.12 1.81 1.51 1.22 0.93 0.66 0.41 0.17 0.00 0.00 0.00 0.00 0.00 0.00 0.00 0.00 0.00 0.00 0.00 0.00 0.00 0.00 0.00 0.00 0.00 0.00
1.28 1.34 1.41 1.48 1.56 1.65 1.74 1.83 1.93 2.04 2.14 2.25 2.36 2.47 2.59 2.70 2.81 2.93 3.05 3.20 3.36 3.54 3.73 3.92 4.10 4.28 4.45 4.62 4.78 4.94 5.09 5.23 5.37 5.50 5.61 5.71 5.80 5.87 5.91 5.94 5.95 5.93 5.89 5.82 5.72 5.59 5.43 5.24 5.02 4.80 4.56 4.32 4.07 3.80 3.53 3.24 2.95 2.65 2.34 2.03 1.73 1.43 1.14 0.86 0.60 0.35 0.12 0.00 0.00 0.00 0.00 0.00 0.00 0.00 0.00 0.00 0.00 0.00 0.00 0.00 0.00 0.00 0.00 0.00
1.32 1.39 1.45 1.52 1.60 1.68 1.77 1.86 1.96 2.06 2.17 2.28 2.39 2.50 2.61 2.72 2.84 2.97 3.11 3.28 3.46 3.66 3.86 4.07 4.26 4.45 4.64 4.81 4.98 5.14 5.29 5.44 5.58 5.71 5.82 5.92 6.01 6.07 6.12 6.15 6.16 6.14 6.09 6.02 5.92 5.79 5.63 5.44 5.22 5.00 4.76 4.52 4.27 4.01 3.74 3.46 3.17 2.87 2.57 2.26 1.95 1.65 1.36 1.07 0.80 0.54 0.30 0.08 0.00 0.00 0.00 0.00 0.00 0.00 0.00 0.00 0.00 0.00 0.00 0.00 0.00 0.00 0.00 0.00
1.37 1.43 1.50 1.58 1.65 1.73 1.82 1.91 2.01 2.11 2.21 2.32 2.43 2.54 2.65 2.77 2.90 3.05 3.21 3.40 3.60 3.81 4.03 4.25 4.46 4.66 4.85 5.03 5.21 5.37 5.52 5.67 5.81 5.94 6.05 6.15 6.24 6.30 6.35 6.37 6.37 6.35 6.30 6.23 6.12 5.99 5.83 5.64 5.43 5.21 4.97 4.73 4.48 4.22 3.95 3.68 3.39 3.10 2.79 2.49 2.18 1.88 1.57 1.28 1.00 0.73 0.48 0.24 0.02 0.00 0.00 0.00 0.00 0.00 0.00 0.00 0.00 0.00 0.00 0.00 0.00 0.00 0.00 0.00
1.42 1.49 1.56 1.64 1.71 1.79 1.88 1.97 2.06 2.16 2.27 2.38 2.49 2.60 2.71 2.84 3.00 3.16 3.35 3.55 3.77 3.99 4.23 4.46 4.68 4.89 5.09 5.28 5.46 5.63 5.78 5.93 6.07 6.19 6.30 6.40 6.48 6.54 6.59 6.61 6.60 6.58 6.52 6.45 6.34 6.21 6.05 5.86 5.65 5.43 5.19 4.95 4.69 4.43 4.17 3.89 3.61 3.32 3.02 2.72 2.41 2.10 1.79 1.50 1.20 0.92 0.66 0.40 0.17 0.00 0.00 0.00 0.00 0.00 0.00 0.00 0.00 0.00 0.00 0.00 0.00 0.00 0.00 0.00
1.48 1.55 1.62 1.70 1.78 1.86 1.95 2.04 2.14 2.24 2.34 2.45 2.56 2.67 2.81 2.96 3.13 3.32 3.52 3.74 3.97 4.21 4.46 4.70 4.93 5.15 5.36 5.55 5.74 5.91 6.06 6.21 6.34 6.46 6.57 6.67 6.74 6.80 6.84 6.85 6.84 6.81 6.76 6.67 6.57 6.43 6.27 6.09 5.88 5.65 5.42 5.17 4.92 4.66 4.39 4.11 3.83 3.55 3.25 2.94 2.64 2.32 2.02 1.71 1.41 1.12 0.83 0.57 0.32 0.10 0.00 0.00 0.00 0.00 0.00 0.00 0.00 0.00 0.00 0.00 0.00 0.00 0.00 0.00
1.54 1.62 1.69 1.77 1.85 1.94 2.03 2.12 2.22 2.32 2.42 2.53 2.65 2.78 2.93 3.10 3.29 3.50 3.72 3.96 4.20 4.45 4.71 4.97 5.21 5.43 5.65 5.85 6.03 6.20 6.36 6.51 6.64 6.75 6.86 6.94 7.01 7.06 7.09 7.10 7.09 7.05 6.99 6.91 6.80 6.67 6.51 6.32 6.11 5.89 5.65 5.41 5.15 4.89 4.62 4.34 4.05 3.77 3.47 3.17 2.86 2.55 2.24 1.92 1.61 1.31 1.01 0.73 0.47 0.23 0.03 0.00 0.00 0.00 0.00 0.00 0.00 0.00 0.00 0.00 0.00 0.00 0.00 0.00
1.61 1.69 1.77 1.85 1.93 2.02 2.12 2.21 2.31 2.41 2.52 2.63 2.76 2.91 3.09 3.28 3.49 3.71 3.95 4.20 4.46 4.72 4.99 5.25 5.50 5.73 5.95 6.15 6.34 6.52 6.67 6.82 6.94 7.05 7.15 7.23 7.29 7.33 7.36 7.36 7.34 7.30 7.24 7.15 7.04 6.90 6.74 6.55 6.35 6.12 5.89 5.64 5.39 5.12 4.85 4.57 4.28 3.99 3.69 3.39 3.08 2.77 2.45 2.13 1.81 1.49 1.19 0.89 0.62 0.37 0.15 0.00 0.00 0.00 0.00 0.00 0.00 0.00 0.00 0.00 0.00 0.00 0.00 0.00
1.69 1.77 1.85 1.93 2.02 2.11 2.21 2.31 2.41 2.52 2.63 2.75 2.91 3.08 3.27 3.48 3.71 3.95 4.20 4.46 4.73 5.01 5.29 5.56 5.81 6.05 6.27 6.48 6.67 6.84 7.00 7.14 7.26 7.36 7.45 7.52 7.57 7.61 7.62 7.62 7.59 7.55 7.48 7.39 7.28 7.14 6.98 6.79 6.59 6.36 6.13 5.88 5.62 5.36 5.08 4.80 4.51 4.21 3.91 3.61 3.30 2.98 2.66 2.33 2.00 1.67 1.35 1.05 0.77 0.51 0.28 0.08 0.00 0.00 0.00 0.00 0.00 0.00 0.00 0.00 0.00 0.00 0.00 0.00
1.77 1.85 1.93 2.02 2.11 2.21 2.31 2.41 2.52 2.63 2.76 2.91 3.08 3.27 3.48 3.71 3.95 4.21 4.47 4.75 5.03 5.31 5.60 5.88 6.14 6.38 6.61 6.81 7.00 7.17 7.33 7.46 7.58 7.68 7.76 7.82 7.86 7.89 7.89 7.88 7.85 7.80 7.73 7.64 7.52 7.38 7.22 7.03 6.83 6.61 6.37 6.12 5.86 5.59 5.31 5.03 4.73 4.44 4.13 3.82 3.51 3.19 2.85 2.52 2.18 1.84 1.52 1.21 0.91 0.65 0.41 0.20 0.03 0.00 0.00 0.00 0.00 0.00 0.00 0.00 0.00 0.00 0.00 0.00
1.86 1.94 2.02 2.11 2.21 2.30 2.41 2.52 2.63 2.76 2.91 3.08 3.28 3.49 3.72 3.96 4.22 4.49 4.77 5.05 5.34 5.63 5.93 6.21 6.48 6.72 6.95 7.16 7.34 7.51 7.66 7.79 7.90 7.99 8.06 8.11 8.15 8.17 8.17 8.15 8.11 8.06 7.98 7.88 7.76 7.62 7.46 7.28 7.07 6.85 6.61 6.36 6.10 5.83 5.55 5.26 4.96 4.66 4.35 4.03 3.71 3.38 3.04 2.69 2.35 2.01 1.67 1.36 1.06 0.78 0.53 0.32 0.14 0.00 0.00 0.00 0.00 0.00 0.00 0.00 0.00 0.00 0.00 0.00
1.94 2.03 2.11 2.21 2.30 2.41 2.52 2.63 2.76 2.91 3.09 3.28 3.49 3.72 3.97 4.23 4.50 4.78 5.07 5.37 5.67 5.97 6.27 6.55 6.82 7.07 7.30 7.50 7.69 7.85 8.00 8.12 8.22 8.30 8.37 8.41 8.44 8.44 8.44 8.41 8.37 8.31 8.23 8.13 8.01 7.87 7.70 7.52 7.31 7.09 6.85 6.60 6.34 6.06 5.78 5.49 5.19 4.88 4.56 4.24 3.90 3.56 3.21 2.86 2.51 2.16 1.82 1.50 1.19 0.91 0.65 0.43 0.25 0.10 0.00 0.00 0.00 0.00 0.00 0.00 0.00 0.00 0.00 0.00
2.04 2.12 2.21 2.31 2.41 2.52 2.63 2.76 2.91 3.09 3.29 3.50 3.73 3.98 4.24 4.51 4.80 5.09 5.39 5.69 6.00 6.31 6.61 6.90 7.17 7.42 7.65 7.85 8.03 8.19 8.33 8.45 8.54 8.62 8.67 8.70 8.72 8.72 8.71 8.68 8.63 8.56 8.48 8.37 8.25 8.10 7.94 7.75 7.55 7.32 7.09 6.84 6.57 6.30 6.01 5.71 5.41 5.09 4.77 4.43 4.08 3.72 3.37 3.01 2.66 2.31 1.96 1.63 1.32 1.03 0.77 0.54 0.35 0.20 0.07 0.00 0.00 0.00 0.00 0.00 0.00 0.00 0.00 0.00
2.13 2.22 2.31 2.41 2.52 2.63 2.76 2.91 3.09 3.29 3.50 3.74 3.99 4.25 4.52 4.81 5.11 5.41 5.72 6.03 6.34 6.65 6.96 7.26 7.53 7.77 8.00 8.20 8.38 8.53 8.66 8.77 8.86 8.92 8.97 9.00 9.01 9.00 8.97 8.93 8.88 8.81 8.72 8.61 8.49 8.34 8.17 7.99 7.78 7.56 7.32 7.07 6.80 6.52 6.23 5.93 5.62 5.30 4.96 4.60 4.24 3.88 3.51 3.15 2.79 2.44 2.09 1.76 1.44 1.15 0.89 0.65 0.46 0.30 0.17 0.06 0.00 0.00 0.00 0.00 0.00 0.00 0.03 0.10
2.23 2.32 2.42 2.52 2.63 2.76 2.91 3.09 3.28 3.50 3.73 3.99 4.25 4.53 4.82 5.12 5.42 5.74 6.05 6.37 6.69 7.00 7.31 7.61 7.88 8.13 8.35 8.54 8.72 8.86 8.99 9.09 9.17 9.23 9.26 9.28 9.29 9.27 9.24 9.19 9.13 9.05 8.96 8.85 8.72 8.57 8.40 8.21 8.01 7.79 7.55 7.29 7.02 6.74 6.45 6.14 5.82 5.48 5.13 4.77 4.40 4.02 3.65 3.28 2.91 2.56 2.21 1.87 1.56 1.26 1.00 0.76 0.56 0.40 0.27 0.17 0.09 0.04 0.02 0.03 0.07 0.12 0.19 0.26
