data_processed/recharge/precip/Precip_2013_04.asc
ncols        168
nrows        136
xllcorner    455000
yllcorner    2107000
cellsize     500
NODATA_value     -99999
[rows 68 to 101 of 136, columns 0 to 76 of 168]
24.37 25.26 26.04 26.72 27.30 27.78 28.17 28.48 28.69 28.82 28.87 28.84 28.74 28.56 28.32 28.01 27.63 27.20 26.74 26.27 25.80 25.32 24.84 24.35 23.87 23.38 22.89 22.40 21.91 21.43 20.94 20.46 19.98 19.51 19.04 18.57 18.11 17.66 17.21 16.78 16.35 15.93 15.52 15.12 14.73 14.36 14.02 13.70 13.40 13.13 12.88 12.65 12.45 12.26 12.09 11.94 11.81 11.70 11.60 11.52 11.46 11.42 11.39 11.37 11.37 11.38 11.41 11.45 11.50 11.56 11.64 11.72 11.82 11.92 12.04 12.19 12.37
24.30 25.19 25.98 26.66 27.24 27.72 28.11 28.41 28.62 28.74 28.79 28.75 28.64 28.46 28.21 27.89 27.51 27.07 26.60 26.12 25.63 25.14 24.65 24.16 23.67 23.17 22.68 22.18 21.69 21.20 20.71 20.22 19.74 19.26 18.79 18.32 17.86 17.41 16.96 16.52 16.09 15.67 15.26 14.86 14.48 14.13 13.81 13.52 13.26 13.01 12.79 12.59 12.41 12.24 12.10 11.97 11.86 11.76 11.69 11.63 11.58 11.55 11.53 11.53 11.54 11.57 11.60 11.65 11.71 11.78 11.86 11.95 12.05 12.15 12.28 12.43 12.60
24.23 25.12 25.91 26.59 27.17 27.65 28.03 28.33 28.54 28.66 28.70 28.66 28.54 28.35 28.10 27.77 27.38 26.93 26.45 25.96 25.46 24.97 24.47 23.97 23.47 22.97 22.47 21.97 21.47 20.97 20.48 19.99 19.50 19.02 18.54 18.08 17.61 17.16 16.71 16.27 15.84 15.42 15.02 14.62 14.26 13.93 13.64 13.37 13.13 12.92 12.72 12.55 12.39 12.25 12.12 12.02 11.93 11.86 11.80 11.75 11.73 11.71 11.71 11.72 11.74 11.78 11.82 11.88 11.94 12.02 12.11 12.20 12.30 12.41 12.54 12.69 12.87
24.15 25.04 25.82 26.51 27.09 27.57 27.95 28.25 28.45 28.57 28.61 28.56 28.44 28.24 27.98 27.64 27.25 26.79 26.29 25.80 25.30 24.79 24.29 23.78 23.27 22.76 22.26 21.75 21.25 20.75 20.25 19.76 19.27 18.78 18.31 17.83 17.37 16.91 16.47 16.03 15.60 15.18 14.78 14.41 14.07 13.77 13.49 13.25 13.03 12.84 12.68 12.53 12.39 12.28 12.18 12.09 12.03 11.97 11.93 11.91 11.89 11.89 11.91 11.93 11.97 12.01 12.07 12.13 12.21 12.29 12.38 12.48 12.58 12.70 12.82 12.98 13.16
24.05 24.95 25.74 26.42 27.00 27.48 27.87 28.16 28.36 28.48 28.51 28.46 28.33 28.13 27.86 27.52 27.11 26.64 26.14 25.64 25.13 24.62 24.10 23.59 23.08 22.56 22.05 21.54 21.03 20.53 20.03 19.53 19.04 18.55 18.07 17.60 17.14 16.68 16.23 15.79 15.37 14.96 14.58 14.23 13.92 13.64 13.38 13.16 12.97 12.80 12.65 12.53 12.42 12.33 12.26 12.19 12.15 12.11 12.09 12.09 12.09 12.11 12.13 12.17 12.22 12.27 12.34 12.42 12.50 12.59 12.68 12.79 12.90 13.01 13.14 13.30 13.48
23.95 24.85 25.64 26.32 26.91 27.39 27.77 28.06 28.27 28.38 28.41 28.35 28.22 28.02 27.74 27.39 26.97 26.50 25.99 25.47 24.96 24.44 23.92 23.40 22.88 22.36 21.85 21.33 20.82 20.31 19.81 19.31 18.81 18.33 17.85 17.37 16.91 16.45 16.01 15.57 15.15 14.76 14.41 14.09 13.80 13.54 13.31 13.11 12.93 12.78 12.66 12.56 12.48 12.41 12.36 12.32 12.30 12.28 12.28 12.29 12.31 12.34 12.39 12.44 12.50 12.57 12.64 12.73 12.82 12.91 13.02 13.13 13.24 13.36 13.49 13.64 13.83
23.84 24.74 25.54 26.22 26.81 27.29 27.68 27.97 28.17 28.28 28.30 28.25 28.11 27.90 27.61 27.26 26.84 26.35 25.84 25.32 24.79 24.27 23.74 23.22 22.69 22.17 21.65 21.13 20.61 20.10 19.59 19.09 18.60 18.11 17.63 17.15 16.69 16.23 15.79 15.36 14.96 14.60 14.27 13.97 13.71 13.47 13.26 13.08 12.93 12.80 12.70 12.62 12.56 12.52 12.49 12.47 12.47 12.48 12.50 12.52 12.56 12.61 12.67 12.73 12.81 12.89 12.97 13.07 13.17 13.27 13.38 13.49 13.61 13.73 13.86 14.02 14.21
23.73 24.63 25.43 26.12 26.70 27.19 27.57 27.87 28.06 28.17 28.20 28.14 28.00 27.78 27.49 27.13 26.70 26.21 25.69 25.16 24.63 24.10 23.56 23.03 22.50 21.98 21.45 20.93 20.41 19.90 19.39 18.88 18.39 17.90 17.42 16.94 16.48 16.03 15.59 15.18 14.81 14.47 14.17 13.90 13.65 13.44 13.26 13.10 12.97 12.86 12.78 12.71 12.68 12.66 12.65 12.66 12.67 12.70 12.74 12.79 12.84 12.91 12.98 13.06 13.14 13.24 13.33 13.44 13.54 13.66 13.77 13.89 14.01 14.14 14.27 14.43 14.62
23.60 24.52 25.32 26.01 26.60 27.08 27.47 27.76 27.96 28.07 28.09 28.03 27.88 27.66 27.37 27.00 26.57 26.07 25.54 25.00 24.47 23.93 23.39 22.86 22.32 21.79 21.26 20.74 20.22 19.70 19.19 18.68 18.19 17.70 17.22 16.74 16.28 15.83 15.42 15.04 14.70 14.38 14.10 13.86 13.64 13.45 13.28 13.15 13.04 12.95 12.89 12.84 12.82 12.82 12.84 12.87 12.91 12.96 13.01 13.08 13.15 13.23 13.32 13.41 13.51 13.62 13.73 13.84 13.95 14.07 14.20 14.32 14.45 14.57 14.71 14.88 15.07
23.48 24.40 25.20 25.90 26.49 26.98 27.36 27.66 27.85 27.96 27.98 27.92 27.77 27.55 27.25 26.88 26.44 25.93 25.39 24.85 24.31 23.77 23.22 22.68 22.15 21.61 21.08 20.55 20.03 19.51 19.00 18.49 18.00 17.51 17.02 16.55 16.10 15.68 15.29 14.94 14.62 14.33 14.08 13.85 13.66 13.49 13.35 13.24 13.15 13.08 13.03 13.01 13.01 13.02 13.06 13.11 13.17 13.24 13.32 13.40 13.49 13.59 13.69 13.80 13.91 14.03 14.15 14.27 14.40 14.53 14.65 14.78 14.92 15.05 15.19 15.35 15.55
23.35 24.27 25.08 25.78 26.38 26.87 27.26 27.55 27.75 27.85 27.87 27.81 27.66 27.43 27.13 26.75 26.31 25.79 25.25 24.70 24.15 23.61 23.06 22.52 21.98 21.44 20.90 20.37 19.85 19.33 18.82 18.31 17.81 17.32 16.84 16.38 15.95 15.56 15.20 14.87 14.58 14.32 14.09 13.89 13.72 13.57 13.45 13.36 13.29 13.25 13.22 13.22 13.23 13.27 13.32 13.38 13.46 13.55 13.65 13.76 13.86 13.98 14.10 14.22 14.35 14.47 14.61 14.74 14.87 15.01 15.15 15.28 15.42 15.55 15.70 15.87 16.06
23.25 24.15 24.96 25.66 26.26 26.75 27.15 27.44 27.64 27.75 27.77 27.70 27.55 27.32 27.01 26.63 26.18 25.66 25.11 24.56 24.01 23.46 22.91 22.36 21.81 21.27 20.74 20.20 19.68 19.16 18.64 18.14 17.64 17.15 16.68 16.24 15.84 15.48 15.14 14.85 14.58 14.35 14.14 13.96 13.82 13.69 13.60 13.53 13.48 13.45 13.45 13.46 13.49 13.55 13.61 13.70 13.79 13.90 14.02 14.14 14.27 14.40 14.53 14.67 14.81 14.95 15.10 15.24 15.38 15.53 15.67 15.81 15.95 16.09 16.24 16.41 16.61
23.26 24.05 24.84 25.55 26.15 26.64 27.04 27.34 27.54 27.64 27.66 27.59 27.44 27.21 26.90 26.51 26.06 25.54 24.98 24.42 23.87 23.31 22.76 22.21 21.66 21.12 20.58 20.04 19.52 19.00 18.48 17.98 17.48 17.00 16.56 16.15 15.78 15.44 15.13 14.86 14.62 14.41 14.23 14.08 13.96 13.86 13.78 13.73 13.70 13.70 13.71 13.75 13.80 13.87 13.95 14.05 14.16 14.29 14.42 14.56 14.71 14.86 15.01 15.16 15.31 15.47 15.62 15.78 15.93 16.08 16.23 16.38 16.53 16.67 16.82 17.00 17.20
23.38 24.06 24.75 25.43 26.03 26.53 26.93 27.23 27.43 27.54 27.56 27.49 27.34 27.10 26.79 26.40 25.94 25.42 24.86 24.29 23.73 23.17 22.62 22.06 21.51 20.97 20.43 19.89 19.37 18.85 18.33 17.83 17.34 16.89 16.47 16.09 15.75 15.44 15.16 14.92 14.70 14.52 14.37 14.24 14.14 14.06 14.01 13.98 13.97 13.99 14.02 14.07 14.14 14.23 14.33 14.44 14.57 14.71 14.86 15.02 15.18 15.35 15.51 15.68 15.85 16.02 16.18 16.35 16.51 16.67 16.83 16.99 17.14 17.28 17.44 17.62 17.83
23.62 24.19 24.76 25.35 25.92 26.43 26.83 27.13 27.33 27.44 27.46 27.39 27.24 27.00 26.69 26.30 25.84 25.30 24.74 24.17 23.61 23.04 22.48 21.93 21.38 20.83 20.29 19.76 19.23 18.71 18.20 17.70 17.24 16.82 16.43 16.08 15.77 15.49 15.24 15.02 14.83 14.67 14.54 14.44 14.36 14.31 14.28 14.27 14.28 14.32 14.37 14.44 14.53 14.63 14.75 14.88 15.02 15.17 15.34 15.51 15.69 15.88 16.06 16.24 16.42 16.60 16.78 16.96 17.13 17.30 17.47 17.63 17.79 17.94 18.10 18.28 18.49
23.96 24.42 24.89 25.36 25.85 26.32 26.72 27.03 27.24 27.35 27.37 27.30 27.15 26.91 26.59 26.20 25.73 25.20 24.63 24.06 23.49 22.92 22.36 21.81 21.25 20.70 20.16 19.63 19.10 18.58 18.08 17.61 17.18 16.79 16.44 16.12 15.83 15.57 15.35 15.16 15.00 14.87 14.76 14.68 14.63 14.60 14.59 14.60 14.64 14.69 14.76 14.85 14.96 15.08 15.21 15.36 15.51 15.68 15.86 16.05 16.24 16.44 16.64 16.84 17.03 17.23 17.42 17.61 17.79 17.97 18.14 18.31 18.47 18.63 18.79 18.98 19.19
24.39 24.76 25.12 25.49 25.87 26.25 26.63 26.93 27.14 27.26 27.28 27.21 27.06 26.82 26.50 26.11 25.64 25.10 24.53 23.95 23.38 22.82 22.25 21.69 21.14 20.59 20.05 19.52 18.99 18.48 18.01 17.57 17.17 16.81 16.48 16.19 15.93 15.71 15.51 15.35 15.21 15.11 15.02 14.97 14.94 14.93 14.94 14.98 15.03 15.11 15.20 15.31 15.43 15.57 15.72 15.88 16.05 16.24 16.43 16.63 16.83 17.04 17.26 17.47 17.68 17.89 18.09 18.29 18.49 18.68 18.86 19.03 19.20 19.36 19.53 19.72 19.94
24.92 25.19 25.46 25.73 26.00 26.28 26.57 26.85 27.06 27.18 27.20 27.13 26.98 26.74 26.42 26.03 25.55 25.01 24.44 23.86 23.29 22.72 22.15 21.59 21.04 20.49 19.95 19.42 18.90 18.42 17.98 17.57 17.20 16.87 16.58 16.32 16.09 15.89 15.72 15.58 15.47 15.39 15.33 15.30 15.29 15.31 15.34 15.40 15.48 15.57 15.68 15.81 15.95 16.10 16.27 16.45 16.63 16.83 17.04 17.25 17.47 17.69 17.92 18.15 18.37 18.59 18.81 19.02 19.22 19.42 19.61 19.79 19.97 20.13 20.31 20.50 20.72
25.53 25.71 25.89 26.07 26.24 26.42 26.60 26.79 26.98 27.10 27.12 27.06 26.91 26.67 26.35 25.95 25.48 24.93 24.36 23.78 23.20 22.63 22.06 21.50 20.95 20.40 19.86 19.34 18.85 18.40 17.99 17.62 17.28 16.98 16.72 16.49 16.29 16.12 15.98 15.86 15.78 15.72 15.69 15.68 15.70 15.73 15.79 15.87 15.96 16.08 16.21 16.35 16.51 16.68 16.87 17.06 17.26 17.48 17.70 17.92 18.15 18.39 18.62 18.86 19.10 19.34 19.57 19.79 20.00 20.21 20.41 20.60 20.78 20.95 21.13 21.33 21.55
26.21 26.32 26.41 26.50 26.58 26.66 26.75 26.84 26.94 27.03 27.06 26.99 26.84 26.61 26.29 25.89 25.41 24.87 24.29 23.71 23.13 22.56 21.99 21.43 20.88 20.33 19.80 19.30 18.85 18.43 18.06 17.72 17.41 17.14 16.91 16.70 16.53 16.39 16.28 16.19 16.13 16.10 16.09 16.11 16.15 16.21 16.29 16.38 16.50 16.63 16.78 16.95 17.12 17.31 17.51 17.72 17.94 18.17 18.40 18.64 18.88 19.13 19.38 19.62 19.87 20.12 20.36 20.60 20.82 21.04 21.25 21.44 21.63 21.81 21.99 22.19 22.42
26.97 26.99 27.01 27.01 27.01 27.00 27.00 26.99 26.99 27.00 27.00 26.94 26.79 26.55 26.23 25.84 25.36 24.81 24.23 23.65 23.07 22.50 21.93 21.37 20.82 20.28 19.78 19.32 18.90 18.52 18.17 17.86 17.59 17.35 17.15 16.97 16.83 16.71 16.63 16.57 16.54 16.53 16.55 16.59 16.65 16.73 16.83 16.95 17.09 17.24 17.41 17.59 17.78 17.99 18.20 18.43 18.66 18.90 19.15 19.40 19.66 19.92 20.17 20.43 20.69 20.95 21.20 21.45 21.69 21.91 22.13 22.33 22.53 22.71 22.90 23.11 23.34
27.79 27.74 27.68 27.61 27.52 27.43 27.34 27.24 27.15 27.06 26.98 26.89 26.75 26.51 26.19 25.80 25.32 24.77 24.18 23.60 23.02 22.45 21.88 21.32 20.78 20.27 19.81 19.38 19.00 18.65 18.34 18.06 17.82 17.61 17.43 17.29 17.17 17.09 17.03 17.00 16.99 17.01 17.05 17.11 17.20 17.30 17.42 17.56 17.72 17.89 18.08 18.28 18.49 18.71 18.95 19.19 19.44 19.69 19.95 20.22 20.48 20.75 21.02 21.29 21.56 21.83 22.09 22.35 22.59 22.83 23.06 23.27 23.47 23.66 23.85 24.06 24.30
28.66 28.55 28.42 28.27 28.12 27.95 27.77 27.59 27.41 27.23 27.06 26.89 26.72 26.48 26.16 25.77 25.29 24.74 24.15 23.57 22.99 22.42 21.85 21.30 20.79 20.32 19.89 19.50 19.15 18.83 18.55 18.31 18.10 17.92 17.77 17.66 17.57 17.51 17.48 17.47 17.49 17.53 17.60 17.69 17.79 17.92 18.07 18.23 18.40 18.60 18.80 19.02 19.25 19.49 19.74 19.99 20.26 20.53 20.80 21.08 21.36 21.64 21.92 22.20 22.48 22.75 23.02 23.29 23.55 23.79 24.03 24.25 24.46 24.65 24.85 25.07 25.31
29.58 29.41 29.22 29.01 28.78 28.54 28.29 28.03 27.76 27.50 27.23 26.98 26.72 26.47 26.15 25.75 25.27 24.72 24.14 23.55 22.98 22.40 21.85 21.33 20.86 20.42 20.02 19.67 19.35 19.07 18.82 18.61 18.43 18.28 18.16 18.07 18.02 17.99 17.98 18.00 18.05 18.11 18.20 18.31 18.45 18.59 18.76 18.94 19.14 19.35 19.58 19.81 20.06 20.32 20.58 20.85 21.13 21.42 21.70 21.99 22.28 22.58 22.87 23.16 23.45 23.73 24.01 24.28 24.55 24.80 25.05 25.27 25.49 25.69 25.89 26.12 26.37
30.55 30.32 30.07 29.80 29.51 29.20 28.88 28.54 28.20 27.86 27.51 27.17 26.82 26.49 26.15 25.75 25.27 24.72 24.14 23.55 22.98 22.42 21.89 21.41 20.97 20.57 20.21 19.89 19.60 19.35 19.14 18.96 18.81 18.69 18.61 18.55 18.52 18.51 18.54 18.58 18.65 18.75 18.86 18.99 19.15 19.32 19.51 19.71 19.93 20.16 20.40 20.66 20.92 21.20 21.48 21.76 22.06 22.35 22.66 22.96 23.26 23.57 23.87 24.17 24.47 24.76 25.05 25.32 25.60 25.86 26.11 26.35 26.57 26.78 26.98 27.22 27.47
31.55 31.28 30.97 30.65 30.29 29.92 29.54 29.13 28.72 28.30 27.88 27.45 27.02 26.60 26.19 25.77 25.29 24.74 24.15 23.57 23.00 22.48 21.99 21.55 21.14 20.78 20.45 20.16 19.91 19.70 19.51 19.37 19.25 19.16 19.10 19.07 19.07 19.10 19.15 19.22 19.31 19.43 19.57 19.73 19.90 20.10 20.31 20.53 20.77 21.02 21.28 21.56 21.84 22.13 22.42 22.73 23.04 23.35 23.66 23.98 24.29 24.61 24.92 25.23 25.54 25.84 26.13 26.42 26.70 26.97 27.23 27.47 27.70 27.91 28.13 28.36 28.62
32.58 32.26 31.91 31.54 31.13 30.70 30.26 29.79 29.31 28.83 28.33 27.83 27.32 26.82 26.32 25.82 25.32 24.77 24.19 23.62 23.08 22.59 22.14 21.73 21.37 21.04 20.75 20.50 20.28 20.09 19.94 19.83 19.74 19.68 19.66 19.65 19.68 19.73 19.81 19.91 20.03 20.17 20.34 20.52 20.72 20.93 21.16 21.41 21.67 21.94 22.22 22.51 22.81 23.11 23.43 23.75 24.07 24.39 24.72 25.05 25.38 25.71 26.03 26.35 26.67 26.97 27.28 27.57 27.86 28.13 28.39 28.64 28.88 29.10 29.32 29.55 29.78
33.64 33.28 32.89 32.46 32.01 31.53 31.03 30.51 29.97 29.42 28.86 28.28 27.70 27.12 26.54 25.97 25.40 24.82 24.25 23.71 23.21 22.76 22.35 21.98 21.65 21.36 21.10 20.88 20.70 20.55 20.43 20.34 20.29 20.26 20.26 20.29 20.35 20.43 20.53 20.65 20.80 20.97 21.16 21.36 21.58 21.82 22.07 22.34 22.62 22.91 23.21 23.51 23.83 24.16 24.48 24.82 25.16 25.50 25.84 26.18 26.52 26.86 27.19 27.52 27.85 28.16 28.47 28.78 29.07 29.35 29.62 29.87 30.11 30.34 30.55 30.76 30.96
34.70 34.31 33.89 33.42 32.93 32.40 31.85 31.28 30.68 30.07 29.45 28.81 28.16 27.51 26.86 26.20 25.55 24.90 24.31 23.81 23.36 22.94 22.57 22.24 21.95 21.69 21.47 21.29 21.14 21.02 20.93 20.88 20.86 20.86 20.89 20.95 21.03 21.14 21.27 21.42 21.60 21.79 22.00 22.23 22.48 22.74 23.01 23.30 23.60 23.91 24.23 24.55 24.89 25.23 25.58 25.93 26.28 26.63 26.99 27.34 27.70 28.05 28.39 28.73 29.07 29.40 29.72 30.02 30.32 30.61 30.88 31.14 31.39 31.61 31.81 31.98 32.14
35.78 35.36 34.90 34.40 33.86 33.30 32.70 32.08 31.43 30.77 30.08 29.38 28.67 27.95 27.23 26.50 25.76 24.99 24.31 23.81 23.39 23.02 22.69 22.40 22.14 21.92 21.74 21.60 21.48 21.40 21.35 21.34 21.35 21.38 21.45 21.54 21.65 21.79 21.95 22.14 22.34 22.56 22.80 23.05 23.33 23.61 23.91 24.22 24.54 24.88 25.22 25.57 25.92 26.28 26.65 27.02 27.39 27.76 28.13 28.50 28.87 29.24 29.60 29.95 30.30 30.64 30.97 31.29 31.60 31.89 32.18 32.44 32.69 32.90 33.07 33.21 33.34
36.85 36.41 35.92 35.39 34.82 34.21 33.57 32.91 32.21 31.49 30.76 30.00 29.23 28.44 27.65 26.84 25.99 25.11 24.31 23.71 23.29 22.96 22.67 22.43 22.21 22.04 21.90 21.79 21.72 21.68 21.67 21.69 21.74 21.81 21.91 22.04 22.19 22.36 22.55 22.77 23.00 23.26 23.53 23.81 24.11 24.43 24.75 25.09 25.44 25.80 26.17 26.54 26.92 27.30 27.69 28.08 28.48 28.87 29.26 29.65 30.04 30.42 30.80 31.17 31.53 31.88 32.23 32.56 32.88 33.19 33.49 33.76 33.99 34.18 34.32 34.45 34.54
37.93 37.46 36.94 36.38 35.78 35.14 34.47 33.76 33.02 32.25 31.46 30.65 29.82 28.98 28.11 27.19 26.23 25.24 24.32 23.61 23.10 22.77 22.53 22.33 22.17 22.04 21.94 21.88 21.85 21.85 21.88 21.94 22.03 22.14 22.28 22.45 22.64 22.85 23.08 23.33 23.60 23.88 24.19 24.51 24.84 25.19 25.54 25.91 26.29 26.68 27.07 27.48 27.88 28.29 28.71 29.12 29.54 29.95 30.37 30.78 31.19 31.59 31.99 32.38 32.76 33.14 33.50 33.85 34.19 34.51 34.81 35.07 35.29 35.45 35.58 35.67 35.75
39.00 38.51 37.97 37.39 36.76 36.09 35.37 34.63 33.85 33.04 32.20 31.33 30.45 29.54 28.57 27.56 26.49 25.39 24.36 23.54 22.92 22.50 22.27 22.11 22.00 21.91 21.87 21.85 21.87 21.92 21.99 22.10 22.23 22.38 22.57 22.77 23.00 23.25 23.52 23.81 24.12 24.44 24.78 25.14 25.51 25.89 26.28 26.68 27.09 27.51 27.94 28.37 28.81 29.25 29.69 30.14 30.58 31.02 31.46 31.90 32.33 32.76 33.18 33.60 34.00 34.39 34.78 35.15 35.50 35.84 36.13 36.38 36.57 36.71 36.82 36.89 36.95
40.06 39.55 39.00 38.39 37.74 37.04 36.29 35.51 34.69 33.84 32.96 32.05 31.10 30.10 29.04 27.92 26.76 25.55 24.42 23.49 22.77 22.24 21.92 21.77 21.71 21.68 21.68 21.71 21.78 21.88 22.00 22.15 22.33 22.53 22.76 23.01 23.28 23.58 23.89 24.22 24.57 24.94 25.32 25.71 26.12 26.54 26.97 27.41 27.85 28.31 28.77 29.24 29.71 30.18 30.65 31.13 31.60 32.07 32.54 33.01 33.47 33.93 34.37 34.81 35.24 35.66 36.07 36.46 36.83 37.16 37.44 37.66 37.84 37.96 38.04 38.10 38.13
