data_processed/recharge/precip/Precip_1992_01.asc
ncols        168
nrows        136
xllcorner    455000
yllcorner    2107000
cellsize     500
NODATA_value     -99999
[rows 0 to 34 of 136, columns 0 to 76 of 168]
499.47 498.98 497.20 494.16 489.91 484.52 478.07 470.63 462.25 453.02 443.00 432.26 420.87 408.90 396.41 383.48 370.18 356.57 342.72 328.70 314.59 300.41 285.80 270.19 254.09 240.27 229.73 221.22 213.36 205.94 198.98 192.47 186.45 180.93 175.91 171.42 167.46 164.05 161.21 158.95 157.28 156.22 155.78 155.97 156.82 158.33 160.51 163.39 166.88 170.83 175.26 180.00 184.89 189.82 194.63 199.27 203.73 207.99 212.01 215.79 219.31 222.53 225.45 228.03 230.27 232.13 233.61 234.67 235.29 235.47 235.17 234.38 233.07 231.22 228.64 224.75 219.31
498.34 499.05 498.96 497.49 494.66 490.55 485.21 478.72 471.15 462.56 453.03 442.62 431.41 419.45 406.83 393.61 379.85 365.64 351.03 336.09 320.87 304.99 287.91 269.62 250.80 234.22 221.03 211.06 203.11 195.83 189.03 182.71 176.88 171.57 166.79 162.55 158.87 155.75 153.22 151.29 149.97 149.27 149.21 149.81 151.08 153.03 155.67 158.89 162.50 166.49 170.93 175.69 180.62 185.66 190.72 195.64 200.38 204.91 209.21 213.26 217.04 220.54 223.72 226.57 229.07 231.20 232.94 234.26 235.15 235.58 235.54 235.01 233.95 232.19 229.15 224.57 218.47
496.26 497.46 498.56 498.77 497.52 494.83 490.76 485.38 478.76 470.97 462.07 452.15 441.26 429.48 416.87 403.51 389.46 374.79 359.57 343.84 327.23 309.21 289.77 269.08 247.80 228.73 213.04 200.67 191.46 184.26 177.75 171.75 166.26 161.31 156.90 153.05 149.77 147.09 145.00 143.53 142.70 142.50 142.97 144.11 145.93 148.45 151.53 154.90 158.54 162.55 166.99 171.75 176.69 181.78 186.96 192.12 197.13 201.94 206.51 210.83 214.89 218.65 222.10 225.22 227.99 230.38 232.38 233.96 235.11 235.80 236.02 235.74 234.77 232.57 228.87 223.66 216.99
493.37 494.92 496.50 497.90 498.32 497.20 494.55 490.43 484.91 478.07 469.98 460.69 450.28 438.82 426.39 413.03 398.84 383.87 368.16 351.36 332.93 312.88 291.36 268.54 245.07 223.80 205.87 191.25 179.89 171.64 165.37 159.82 154.80 150.34 146.44 143.12 140.39 138.27 136.77 135.90 135.68 136.13 137.25 139.06 141.58 144.62 147.87 151.28 154.95 158.95 163.38 168.12 173.07 178.17 183.38 188.67 193.93 199.00 203.85 208.44 212.77 216.80 220.52 223.90 226.93 229.59 231.85 233.70 235.11 236.06 236.53 236.35 234.97 232.13 227.83 222.07 214.89
489.68 491.57 493.49 495.36 496.96 497.51 496.42 493.72 489.47 483.73 476.58 468.08 458.31 447.33 435.21 422.02 407.84 392.69 376.23 357.93 337.80 315.99 292.66 267.97 242.60 219.39 199.50 182.90 169.54 159.38 152.27 147.12 142.72 138.88 135.63 132.97 130.93 129.51 128.72 128.60 129.14 130.36 132.27 134.89 138.02 141.26 144.55 147.99 151.66 155.65 160.04 164.76 169.69 174.79 180.02 185.35 190.72 196.04 201.16 206.02 210.62 214.92 218.90 222.56 225.85 228.77 231.30 233.40 235.07 236.28 236.86 236.28 234.29 230.88 226.06 219.82 212.21
485.21 487.44 489.68 491.87 493.93 495.65 496.23 495.10 492.26 487.77 481.72 474.17 465.18 454.83 443.19 430.32 416.26 400.68 383.04 363.36 341.80 318.51 293.64 267.37 240.36 215.48 193.90 175.60 160.51 148.61 139.84 134.06 130.22 127.14 124.67 122.82 121.59 121.01 121.09 121.84 123.27 125.40 128.24 131.56 134.91 138.20 141.52 144.96 148.62 152.58 156.92 161.59 166.49 171.57 176.81 182.15 187.57 193.01 198.37 203.50 208.37 212.93 217.19 221.11 224.67 227.85 230.64 233.01 234.93 236.25 236.45 235.29 232.76 228.86 223.59 216.95 209.00
479.99 482.53 485.09 487.60 489.97 492.14 493.88 494.41 493.13 490.05 485.25 478.79 470.75 461.18 450.16 437.74 423.56 407.12 388.43 367.64 344.92 320.42 294.29 266.70 238.33 212.06 189.07 169.33 152.79 139.41 129.15 121.96 117.69 115.34 113.79 112.87 112.61 113.00 114.07 115.83 118.29 121.47 125.10 128.66 132.06 135.38 138.71 142.14 145.77 149.68 153.96 158.57 163.42 168.48 173.70 179.04 184.47 189.95 195.43 200.81 205.94 210.78 215.30 219.48 223.31 226.76 229.81 232.43 234.47 235.44 235.09 233.41 230.41 226.09 220.46 213.50 205.27
474.02 476.86 479.73 482.54 485.22 487.68 489.86 491.54 491.92 490.41 487.01 481.80 474.85 466.22 455.95 443.72 429.01 411.84 392.36 370.74 347.14 321.70 294.58 265.95 236.49 209.10 184.97 164.07 146.35 131.76 120.28 111.85 106.42 103.86 103.19 103.35 104.18 105.68 107.88 110.79 114.41 118.47 122.36 125.99 129.42 132.75 136.07 139.48 143.07 146.92 151.12 155.65 160.43 165.44 170.63 175.96 181.39 186.89 192.40 197.90 203.27 208.38 213.17 217.62 221.71 225.42 228.73 231.48 233.18 233.62 232.79 230.67 227.29 222.63 216.70 209.50 201.07
467.33 470.46 473.62 476.72 479.69 482.44 484.91 487.01 488.54 488.68 486.84 483.03 477.32 469.75 459.99 447.55 432.44 414.81 394.83 372.65 348.43 322.33 294.50 265.10 234.82 206.58 181.58 159.79 141.17 125.65 113.22 103.81 97.40 93.92 93.25 94.46 96.52 99.27 102.74 106.92 111.51 115.86 119.82 123.47 126.92 130.25 133.55 136.92 140.44 144.22 148.32 152.76 157.47 162.41 167.55 172.85 178.27 183.76 189.30 194.83 200.33 205.67 210.72 215.44 219.80 223.77 227.20 229.64 230.85 230.83 229.59 227.11 223.41 218.49 212.34 204.98 196.43
459.92 463.34 466.78 470.16 473.40 476.43 479.18 481.56 483.49 484.78 484.59 482.33 477.99 471.24 461.60 449.08 433.83 416.03 395.81 373.34 348.78 322.29 294.01 264.12 233.29 204.48 178.89 156.49 137.22 121.06 107.94 97.84 90.71 86.49 85.16 86.57 89.84 93.98 98.83 104.07 108.98 113.39 117.39 121.07 124.52 127.83 131.09 134.40 137.85 141.53 145.52 149.85 154.46 159.33 164.41 169.66 175.05 180.53 186.06 191.62 197.14 202.61 207.90 212.88 217.50 221.60 224.74 226.71 227.50 227.10 225.52 222.76 218.83 213.72 207.43 199.98 191.38
451.83 455.51 459.22 462.86 466.37 469.67 472.68 475.33 477.53 479.20 480.15 479.51 476.31 470.00 460.60 448.27 433.17 415.45 395.28 372.80 348.17 321.56 293.11 262.99 231.90 202.79 176.88 154.13 134.50 117.95 104.44 93.91 86.33 81.65 79.83 80.82 84.50 90.00 96.00 101.58 106.56 111.01 115.03 118.71 122.15 125.43 128.64 131.88 135.23 138.80 142.66 146.86 151.37 156.14 161.14 166.33 171.67 177.12 182.64 188.19 193.74 199.24 204.65 209.87 214.62 218.45 221.16 222.73 223.16 222.46 220.62 217.66 213.57 208.34 202.00 194.53 185.97
443.05 447.00 450.96 454.86 458.62 462.18 465.44 468.33 470.79 472.72 474.02 474.10 471.59 465.86 456.98 445.12 430.43 413.08 393.21 370.99 346.57 320.11 291.77 261.70 230.61 201.47 175.51 152.70 132.98 116.32 102.67 91.99 84.24 79.36 77.33 78.09 81.58 87.28 93.51 99.16 104.18 108.66 112.69 116.36 119.76 122.99 126.13 129.28 132.53 135.97 139.69 143.75 148.13 152.79 157.70 162.81 168.09 173.49 178.98 184.52 190.06 195.58 201.03 206.24 210.71 214.14 216.47 217.71 217.87 216.94 214.93 211.83 207.66 202.40 196.07 188.66 180.22
433.62 437.81 442.01 446.16 450.17 453.96 457.46 460.60 463.29 465.43 466.57 466.10 463.75 458.80 450.71 439.59 425.59 408.87 389.59 367.90 343.96 317.93 289.96 260.22 229.40 200.51 174.78 152.16 132.63 116.13 102.63 92.07 84.42 79.62 77.65 78.43 81.49 85.86 91.17 96.74 101.79 106.28 110.30 113.94 117.30 120.46 123.52 126.57 129.69 132.99 136.55 140.45 144.69 149.22 154.02 159.04 164.24 169.58 175.02 180.53 186.06 191.57 196.92 201.67 205.62 208.67 210.71 211.70 211.66 210.58 208.47 205.32 201.14 195.93 189.69 182.42 174.16
423.55 427.97 432.41 436.78 441.02 445.04 448.78 452.14 455.03 457.00 457.45 456.26 453.44 448.86 441.78 431.67 418.63 402.82 384.40 363.51 340.32 314.99 287.67 258.53 228.26 199.89 174.65 152.52 133.44 117.38 104.29 94.12 86.84 82.40 80.74 81.35 83.20 85.99 89.73 94.40 99.34 103.82 107.82 111.42 114.71 117.79 120.75 123.67 126.66 129.80 133.18 136.91 140.99 145.38 150.05 154.96 160.06 165.33 170.71 176.17 181.67 187.05 191.93 196.08 199.48 202.12 203.91 204.74 204.57 203.42 201.28 198.16 194.05 188.96 182.89 175.84 167.84
412.86 417.50 422.15 426.74 431.20 435.44 439.39 442.94 445.66 446.95 446.68 444.88 441.55 436.71 430.22 421.33 409.53 394.90 377.61 357.80 335.64 311.28 284.88 256.61 227.16 199.58 175.11 153.73 135.38 120.03 107.63 98.13 91.50 87.66 86.09 85.69 86.14 87.45 89.67 92.83 96.88 101.22 105.18 108.72 111.93 114.92 117.76 120.55 123.38 126.34 129.53 133.07 136.98 141.22 145.74 150.52 155.52 160.68 165.99 171.38 176.73 181.63 185.89 189.49 192.41 194.64 196.14 196.85 196.64 195.49 193.40 190.38 186.42 181.53 175.70 168.95 161.29
401.56 406.40 411.26 416.06 420.73 425.17 429.30 432.67 434.71 435.28 434.42 432.11 428.39 423.24 416.70 408.63 398.27 385.09 369.20 350.74 329.88 306.77 281.57 254.43 226.08 199.57 176.15 155.79 138.44 124.07 112.63 104.07 98.34 94.86 92.48 90.85 90.01 89.97 90.78 92.47 95.07 98.55 102.33 105.80 108.92 111.79 114.49 117.13 119.79 122.57 125.55 128.88 132.60 136.66 141.03 145.67 150.54 155.59 160.80 166.01 170.86 175.15 178.86 181.97 184.47 186.33 187.55 188.09 187.89 186.82 184.86 182.02 178.28 173.66 168.16 161.78 154.54
389.66 394.70 399.76 404.76 409.61 414.23 418.17 420.86 422.19 422.17 420.80 418.10 414.09 408.76 402.13 394.21 384.88 373.37 359.16 342.32 323.03 301.44 277.71 251.99 225.00 199.83 177.72 158.66 142.59 129.48 119.27 111.90 106.79 102.70 99.28 96.54 94.52 93.25 92.77 93.11 94.30 96.39 99.33 102.60 105.61 108.34 110.90 113.37 115.85 118.41 121.18 124.29 127.80 131.67 135.87 140.35 145.07 150.00 155.00 159.70 163.93 167.66 170.88 173.56 175.69 177.26 178.24 178.63 178.39 177.45 175.70 173.11 169.68 165.41 160.30 154.36 147.62
377.19 382.42 387.66 392.84 397.85 402.28 405.54 407.54 408.27 407.75 406.00 403.01 398.81 393.40 386.80 379.01 370.05 359.79 347.45 332.52 315.07 295.28 273.28 249.25 223.90 200.34 179.83 162.33 147.81 136.23 127.50 121.02 115.50 110.54 106.18 102.45 99.38 97.00 95.35 94.47 94.37 95.11 96.71 99.16 101.94 104.53 106.93 109.21 111.49 113.83 116.35 119.23 122.52 126.18 130.19 134.49 139.06 143.75 148.23 152.31 155.97 159.21 161.99 164.31 166.14 167.47 168.28 168.56 168.29 167.44 165.94 163.68 160.63 156.79 152.16 146.75 140.58
364.17 369.57 374.98 380.31 385.12 388.87 391.44 392.84 393.09 392.19 390.15 386.99 382.71 377.33 370.86 363.31 354.69 345.01 334.14 321.31 305.98 288.25 268.27 246.20 222.76 201.08 182.43 166.78 154.09 144.27 136.70 130.01 123.80 118.09 112.92 108.31 104.31 100.94 98.24 96.25 94.99 94.50 94.82 95.98 97.96 100.30 102.52 104.60 106.65 108.76 111.03 113.65 116.70 120.15 123.95 128.06 132.36 136.52 140.37 143.88 147.04 149.84 152.25 154.26 155.85 157.01 157.71 157.95 157.69 156.94 155.66 153.78 151.18 147.85 143.77 138.96 133.44
350.61 356.17 361.71 366.83 370.98 374.04 376.02 376.94 376.81 375.63 373.42 370.18 365.94 360.70 354.47 347.26 339.09 329.96 319.88 308.73 295.73 280.34 262.64 242.81 221.56 202.04 185.53 171.99 161.36 152.96 145.38 138.18 131.39 125.05 119.18 113.82 109.01 104.77 101.14 98.16 95.86 94.27 93.43 93.37 94.12 95.67 97.61 99.48 101.29 103.15 105.14 107.50 110.29 113.50 117.08 120.90 124.66 128.18 131.46 134.47 137.19 139.61 141.71 143.47 144.88 145.93 146.58 146.83 146.66 146.05 144.99 143.46 141.37 138.61 135.17 131.03 126.24
336.52 342.20 347.54 352.00 355.46 357.93 359.44 359.98 359.57 358.23 355.95 352.76 348.66 343.66 337.78 331.02 323.40 314.93 305.62 295.48 284.37 271.52 256.39 239.06 220.28 203.18 189.08 177.91 168.95 160.75 152.84 145.24 137.99 131.13 124.69 118.70 113.19 108.21 103.77 99.93 96.70 94.13 92.25 91.09 90.68 91.06 92.22 93.79 95.35 96.94 98.65 100.71 103.24 106.20 109.45 112.72 115.84 118.79 121.55 124.11 126.45 128.56 130.41 131.99 133.28 134.27 134.94 135.27 135.24 134.84 134.06 132.86 131.24 129.12 126.38 123.00 119.01
321.91 327.38 332.05 335.82 338.71 340.71 341.84 342.12 341.55 340.14 337.90 334.86 331.01 326.36 320.94 314.74 307.79 300.08 291.64 282.47 272.59 261.85 249.49 234.94 218.89 204.50 193.05 183.81 175.25 166.90 158.77 150.89 143.31 136.05 129.16 122.66 116.58 110.96 105.84 101.25 97.22 93.79 90.98 88.84 87.40 86.68 86.74 87.55 88.78 90.07 91.48 93.25 95.49 98.10 100.78 103.41 105.95 108.38 110.69 112.87 114.89 116.74 118.40 119.86 121.10 122.09 122.83 123.30 123.48 123.35 122.90 122.11 120.96 119.43 117.45 114.90 111.79
306.46 311.27 315.27 318.47 320.88 322.51 323.38 323.50 322.87 321.51 319.43 316.64 313.15 308.96 304.10 298.58 292.39 285.57 278.10 270.02 261.32 252.01 241.98 230.42 217.37 205.93 196.68 188.04 179.51 171.11 162.88 154.85 147.05 139.52 132.29 125.40 118.87 112.75 107.06 101.84 97.13 92.95 89.35 86.35 83.99 82.30 81.32 81.07 81.57 82.50 83.59 85.04 86.91 88.93 90.97 93.01 95.03 97.01 98.93 100.79 102.55 104.21 105.74 107.14 108.38 109.44 110.32 110.99 111.43 111.63 111.58 111.25 110.63 109.70 108.44 106.77 104.61
289.78 293.91 297.34 300.08 302.13 303.51 304.22 304.29 303.71 302.51 300.68 298.25 295.23 291.62 287.43 282.68 277.38 271.53 265.15 258.26 250.85 242.95 234.56 225.54 215.68 206.70 198.25 189.82 181.43 173.11 164.90 156.83 148.94 141.25 133.81 126.64 119.79 113.27 107.14 101.42 96.14 91.34 87.06 83.32 80.16 77.61 75.72 74.50 74.00 74.22 74.92 75.97 77.24 78.61 80.07 81.58 83.14 84.72 86.32 87.91 89.48 91.00 92.47 93.86 95.17 96.36 97.44 98.36 99.14 99.73 100.13 100.33 100.29 100.02 99.48 98.66 97.51
272.03 275.59 278.55 280.92 282.71 283.93 284.59 284.70 284.28 283.33 281.87 279.90 277.44 274.50 271.08 267.21 262.88 258.12 252.93 247.32 241.31 234.90 228.11 220.94 213.23 205.24 197.17 189.06 180.92 172.80 164.73 156.74 148.86 141.14 133.60 126.28 119.21 112.43 105.97 99.86 94.13 88.83 83.98 79.62 75.78 72.50 69.80 67.73 66.32 65.59 65.53 65.92 66.54 67.31 68.24 69.28 70.44 71.69 73.02 74.41 75.83 77.29 78.75 80.20 81.63 83.02 84.34 85.59 86.75 87.79 88.71 89.49 90.10 90.54 90.78 90.81 90.54
254.38 257.40 259.93 261.96 263.52 264.62 265.25 265.45 265.21 264.55 263.48 262.00 260.14 257.90 255.29 252.33 249.01 245.37 241.40 237.11 232.53 227.65 222.48 216.72 209.83 202.39 194.79 187.08 179.29 171.46 163.61 155.79 148.03 140.37 132.82 125.44 118.25 111.29 104.59 98.18 92.10 86.39 81.06 76.17 71.75 67.82 64.42 61.58 59.35 57.68 56.44 55.83 55.79 56.01 56.45 57.08 57.88 58.85 59.95 61.18 62.52 63.94 65.44 67.00 68.60 70.22 71.85 73.46 75.05 76.60 78.08 79.48 80.79 81.99 83.06 83.88 84.02
237.49 239.96 242.04 243.74 245.07 246.03 246.64 246.91 246.86 246.48 245.79 244.81 243.54 242.00 240.19 238.13 235.82 233.29 230.53 227.57 224.40 221.04 217.18 212.15 205.83 198.96 191.89 184.66 177.30 169.83 162.29 154.72 147.15 139.62 132.15 124.78 117.55 110.48 103.62 96.99 90.64 84.59 78.87 73.53 68.59 64.09 60.06 56.54 53.50 50.78 48.35 46.56 45.62 45.29 45.28 45.53 46.02 46.73 47.65 48.76 50.05 51.49 53.07 54.77 56.57 58.47 60.44 62.46 64.52 66.60 68.68 70.76 72.80 74.79 76.63 77.82 78.04
221.49 223.33 224.96 226.32 227.41 228.23 228.81 229.16 229.27 229.17 228.87 228.37 227.69 226.84 225.82 224.66 223.36 221.93 220.38 218.73 216.97 214.81 211.59 207.05 201.25 194.93 188.42 181.73 174.86 167.84 160.69 153.44 146.14 138.81 131.49 124.22 117.02 109.93 102.98 96.21 89.66 83.35 77.31 71.60 66.22 61.23 56.65 52.46 48.51 44.74 41.22 38.33 36.35 35.24 34.79 34.69 34.91 35.41 36.18 37.21 38.48 39.97 41.67 43.55 45.61 47.82 50.16 52.63 55.20 57.85 60.58 63.36 66.17 68.90 71.07 72.30 72.57
206.54 207.64 208.74 209.74 210.58 211.27 211.81 212.22 212.50 212.67 212.74 212.73 212.63 212.46 212.24 211.97 211.66 211.33 210.99 210.63 209.98 208.37 205.55 201.45 196.16 190.36 184.38 178.22 171.89 165.38 158.69 151.85 144.89 137.85 130.76 123.65 116.57 109.53 102.58 95.74 89.06 82.57 76.30 70.28 64.55 59.14 54.03 49.09 44.24 39.52 35.00 31.12 28.17 26.15 25.04 24.60 24.58 24.91 25.58 26.57 27.86 29.44 31.29 33.39 35.73 38.29 41.06 44.01 47.12 50.39 53.80 57.32 60.84 63.87 66.03 67.27 67.58
192.66 193.04 193.49 194.06 194.64 195.18 195.68 196.15 196.59 197.03 197.47 197.93 198.41 198.92 199.48 200.10 200.78 201.55 202.39 203.04 202.84 201.54 199.08 195.40 190.59 185.30 179.81 174.16 168.35 162.38 156.22 149.86 143.32 136.64 129.86 123.00 116.09 109.19 102.30 95.48 88.76 82.16 75.73 69.49 63.48 57.68 51.96 46.26 40.61 35.05 29.64 24.87 21.06 18.21 16.31 15.34 15.08 15.27 15.87 16.86 18.22 19.92 21.97 24.33 27.00 29.95 33.17 36.64 40.34 44.26 48.38 52.59 56.37 59.34 61.46 62.71 63.06
179.81 179.54 179.38 179.39 179.64 180.02 180.47 180.99 181.59 182.29 183.10 184.02 185.07 186.26 187.60 189.10 190.77 192.61 194.35 195.36 195.39 194.36 192.24 188.96 184.60 179.78 174.77 169.60 164.27 158.79 153.18 147.37 141.33 135.09 128.68 122.14 115.51 108.81 102.07 95.34 88.65 82.02 75.50 69.11 62.85 56.59 50.27 43.92 37.58 31.28 25.09 19.53 14.96 11.38 8.78 7.16 6.48 6.54 7.11 8.14 9.59 11.47 13.75 16.41 19.44 22.82 26.53 30.56 34.89 39.50 44.28 48.70 52.38 55.27 57.35 58.59 58.97
167.96 167.12 166.41 165.90 165.70 165.84 166.23 166.80 167.55 168.51 169.67 171.06 172.67 174.53 176.64 179.02 181.66 184.29 186.31 187.45 187.66 186.89 185.08 182.17 178.24 173.85 169.30 164.57 159.70 154.69 149.55 144.28 138.81 133.09 127.14 121.00 114.71 108.29 101.78 95.22 88.63 82.05 75.52 69.02 62.44 55.73 48.91 42.03 35.10 28.16 21.29 15.06 9.83 5.62 2.42 0.22 0.00 0.00 0.00 0.44 2.03 4.12 6.66 9.66 13.09 16.94 21.19 25.81 30.81 36.05 41.00 45.28 48.84 51.64 53.67 54.89 55.30
157.08 155.74 154.55 153.60 152.97 152.76 153.00 153.61 154.51 155.72 157.24 159.08 161.25 163.77 166.65 169.89 173.22 176.04 178.10 179.35 179.72 179.17 177.64 175.08 171.54 167.58 163.44 159.15 154.70 150.13 145.42 140.61 135.69 130.55 125.14 119.48 113.60 107.54 101.33 95.01 88.61 82.16 75.65 68.98 62.10 55.05 47.84 40.51 33.10 25.63 18.19 11.38 5.61 0.88 0.00 0.00 0.00 0.00 0.00 0.00 0.00 0.00 0.76 4.13 8.00 12.36 17.17 22.44 28.03 33.41 38.18 42.29 45.71 48.42 50.39 51.59 52.02
147.12 145.36 143.77 142.45 141.47 140.93 140.92 141.48 142.52 143.97 145.84 148.13 150.86 154.04 157.67 161.49 164.92 167.69 169.77 171.09 171.60 171.25 169.97 167.73 164.57 160.99 157.25 153.36 149.32 145.15 140.86 136.46 131.98 127.38 122.57 117.47 112.09 106.46 100.64 94.64 88.49 82.21 75.67 68.86 61.78 54.49 46.99 39.33 31.54 23.64 15.73 8.45 2.24 0.00 0.00 0.00 0.00 0.00 0.00 0.00 0.00 0.00 0.00 0.00 4.21 9.11 14.54 20.37 26.06 31.21 35.76 39.69 42.97 45.58 47.49 48.67 49.12
138.08 135.96 134.05 132.42 131.16 130.37 130.14 130.54 131.64 133.32 135.52 138.26 141.54 145.36 149.48 153.30 156.60 159.30 161.37 162.73 163.35 163.17 162.13 160.18 157.36 154.15 150.78 147.26 143.59 139.80 135.90 131.90 127.80 123.63 119.36 114.88 110.07 104.96 99.59 93.99 88.15 81.98 75.45 68.59 61.43 53.99 46.32 38.43 30.36 22.14 13.87 6.22 0.00 0.00 0.00 0.00 0.00 0.00 0.00 0.00 0.00 0.00 0.00 0.00 1.75 7.23 13.20 19.10 24.52 29.41 33.73 37.48 40.61 43.11 44.95 46.11 46.56
