data_processed/recharge/precip/Precip_1987_08.asc
ncols        168
nrows        136
xllcorner    455000
yllcorner    2107000
cellsize     500
NODATA_value     -99999
[rows 0 to 31 of 136, columns 0 to 71 of 168]
179.69 188.84 200.21 213.00 225.98 238.75 251.16 263.10 274.43 285.02 294.74 303.44 311.01 317.31 322.21 325.94 329.25 332.49 335.77 339.17 342.75 346.20 349.12 351.48 353.26 354.42 354.62 352.98 349.28 343.80 336.85 328.70 319.67 310.04 300.10 290.16 280.49 271.41 263.35 257.18 253.52 252.61 254.62 259.75 266.78 272.79 277.27 280.25 281.78 281.93 280.89 278.88 275.97 272.24 267.77 262.64 256.91 250.67 244.00 236.95 229.62 222.09 214.56 207.25 200.27 193.70 187.60 182.00 176.61 171.32 166.13 161.03
177.19 185.15 195.17 207.07 220.07 232.96 245.37 257.15 268.17 278.30 287.42 295.38 302.05 307.32 311.37 314.93 318.35 321.70 325.08 328.58 332.25 335.82 338.89 341.44 343.43 344.86 345.69 345.60 343.74 339.95 334.49 327.67 319.78 311.11 301.95 292.61 283.37 274.66 267.39 262.15 259.17 258.65 260.77 265.72 272.38 278.03 282.18 284.89 286.19 286.11 284.72 282.24 278.87 274.70 269.80 264.25 258.12 251.49 244.43 237.03 229.36 221.64 214.07 206.76 199.79 193.23 187.17 181.61 176.26 171.01 165.85 160.78
174.83 181.62 190.28 200.66 212.58 225.27 237.57 249.11 259.74 269.33 277.76 284.89 290.59 295.05 298.95 302.60 306.10 309.54 313.01 316.59 320.35 324.02 327.23 329.94 332.14 333.80 334.91 335.45 335.10 333.07 329.22 323.82 317.17 309.56 301.29 292.65 284.07 276.44 270.37 266.09 263.79 263.65 265.88 270.65 276.94 282.22 286.05 288.48 289.53 289.25 287.69 284.89 281.09 276.48 271.16 265.21 258.69 251.69 244.27 236.53 228.67 220.90 213.33 206.02 199.06 192.53 186.51 181.00 175.70 170.49 165.37 160.34
172.59 178.25 185.58 194.43 204.66 216.08 227.96 239.16 249.31 258.29 265.94 272.16 277.10 281.40 285.37 289.10 292.68 296.20 299.74 303.39 307.21 310.96 314.28 317.15 319.53 321.42 322.79 323.63 323.91 323.33 321.17 317.30 311.99 305.55 298.26 290.56 283.34 277.20 272.37 269.05 267.41 267.66 269.99 274.57 280.49 285.40 288.90 291.04 291.85 291.38 289.65 286.71 282.62 277.61 271.89 265.55 258.66 251.29 243.55 235.61 227.70 219.92 212.34 205.05 198.11 191.62 185.64 180.18 174.95 169.79 164.71 159.72
170.46 175.03 181.05 188.41 196.94 206.51 216.93 227.48 237.07 245.33 252.14 257.64 262.42 266.78 270.82 274.61 278.25 281.83 285.42 289.12 293.00 296.80 300.23 303.23 305.79 307.88 309.50 310.61 311.21 311.26 310.50 308.24 304.39 299.21 293.15 287.09 281.63 277.02 273.42 271.05 270.08 270.71 273.13 277.53 283.07 287.60 290.78 292.63 293.19 292.51 290.62 287.56 283.36 278.11 272.01 265.29 258.04 250.35 242.40 234.41 226.49 218.70 211.13 203.86 196.95 190.50 184.58 179.18 174.01 168.91 163.89 158.95
168.44 171.93 176.70 182.58 189.45 197.16 205.55 214.46 223.17 230.65 236.78 242.12 246.95 251.37 255.45 259.29 262.98 266.59 270.22 273.96 277.87 281.73 285.23 288.35 291.07 293.35 295.19 296.57 297.46 297.86 297.73 296.82 294.49 290.83 286.68 282.67 279.02 275.92 273.56 272.13 271.82 272.83 275.35 279.56 284.71 288.87 291.71 293.26 293.58 292.69 290.63 287.45 283.17 277.84 271.53 264.47 256.89 248.99 240.99 232.99 225.05 217.27 209.71 202.46 195.59 189.19 183.33 178.01 172.90 167.87 162.91 158.03
166.52 168.97 172.49 176.95 182.19 188.06 194.43 201.14 208.03 214.65 220.63 226.00 230.87 235.33 239.44 243.32 247.03 250.67 254.32 258.07 262.00 265.89 269.46 272.68 275.53 277.99 280.04 281.67 282.84 283.55 283.78 283.50 282.61 281.13 279.32 277.39 275.54 273.95 272.81 272.33 272.68 274.06 276.67 280.68 285.45 289.23 291.73 292.99 293.05 291.95 289.73 286.41 282.05 276.68 270.34 263.11 255.34 247.39 239.36 231.34 223.40 215.63 208.09 200.88 194.06 187.71 181.92 176.67 171.65 166.69 161.80 156.99
164.67 166.12 168.44 171.49 175.13 179.20 183.57 188.10 192.85 198.26 204.05 209.45 214.35 218.82 222.95 226.84 230.56 234.21 237.86 241.62 245.54 249.45 253.07 256.38 259.35 261.97 264.21 266.07 267.51 268.52 269.08 269.32 269.79 270.59 271.13 271.28 271.22 271.14 271.23 271.68 272.69 274.44 277.14 280.95 285.33 288.73 290.89 291.85 291.65 290.34 287.94 284.49 280.05 274.63 268.30 261.19 253.53 245.56 237.51 229.48 221.55 213.80 206.29 199.12 192.35 186.07 180.35 175.20 170.25 165.38 160.57 155.82
162.90 163.38 164.53 166.21 168.27 170.58 172.99 175.56 178.70 182.65 187.43 192.64 197.54 202.01 206.15 210.03 213.75 217.38 221.03 224.77 228.68 232.58 236.24 239.62 242.69 245.45 247.87 249.94 251.63 252.92 253.95 255.26 257.17 259.57 262.16 264.37 266.10 267.52 268.83 270.22 271.88 274.01 276.78 280.40 284.38 287.39 289.21 289.87 289.41 287.87 285.30 281.72 277.18 271.73 265.51 258.69 251.33 243.51 235.47 227.44 219.52 211.79 204.32 197.20 190.49 184.28 178.65 173.59 168.74 163.95 159.22 154.56
161.20 160.73 160.74 161.08 161.61 162.19 162.85 163.98 165.78 168.32 171.69 175.92 180.61 185.07 189.19 193.05 196.75 200.36 203.98 207.69 211.56 215.45 219.12 222.55 225.72 228.60 231.18 233.45 235.37 237.07 239.12 241.81 245.06 248.73 252.71 256.72 260.22 263.14 265.67 267.99 270.30 272.79 275.65 279.06 282.65 285.26 286.73 287.08 286.36 284.61 281.85 278.14 273.51 268.13 262.14 255.61 248.58 241.09 233.22 225.22 217.33 209.63 202.20 195.13 188.49 182.36 176.82 171.86 167.11 162.42 157.79 153.21
159.56 158.18 157.07 156.11 155.14 154.18 153.58 153.51 154.07 155.32 157.33 160.18 163.92 168.17 172.25 176.08 179.73 183.30 186.88 190.54 194.36 198.22 201.89 205.36 208.60 211.59 214.31 216.75 219.03 221.70 225.08 229.05 233.52 238.34 243.41 248.59 253.62 258.03 261.78 265.03 267.98 270.83 273.76 276.97 280.16 282.38 283.49 283.54 282.55 280.57 277.63 273.79 269.18 263.97 258.22 251.98 245.27 238.14 230.63 222.83 214.97 207.31 199.94 192.93 186.37 180.33 174.88 170.03 165.40 160.81 156.27 151.79
157.96 155.70 153.52 151.28 148.99 146.93 145.29 144.14 143.55 143.60 144.37 145.92 148.32 151.64 155.49 159.27 162.87 166.38 169.89 173.49 177.24 181.05 184.71 188.19 191.49 194.57 197.42 200.17 203.36 207.31 211.91 217.05 222.61 228.46 234.48 240.56 246.56 252.24 257.18 261.36 264.96 268.16 271.17 274.16 276.95 278.77 279.53 279.26 278.00 275.79 272.68 268.81 264.33 259.31 253.79 247.81 241.41 234.63 227.52 220.10 212.46 204.87 197.56 190.62 184.14 178.19 172.85 168.12 163.60 159.12 154.69 150.31
156.40 153.29 150.07 146.72 143.50 140.56 137.99 135.85 134.22 133.17 132.79 133.13 134.28 136.30 139.25 142.79 146.31 149.75 153.18 156.70 160.37 164.11 167.74 171.23 174.56 177.72 180.82 184.43 188.84 193.96 199.68 205.86 212.39 219.14 226.00 232.84 239.55 245.99 251.94 257.03 261.26 264.82 267.90 270.68 273.05 274.48 274.88 274.29 272.76 270.33 267.14 263.35 259.01 254.17 248.87 243.15 237.04 230.60 223.86 216.86 209.65 202.29 195.06 188.20 181.81 175.97 170.74 166.13 161.73 157.38 153.06 148.79
154.87 150.94 146.82 142.72 138.77 135.05 131.65 128.62 126.05 124.01 122.57 121.81 121.79 122.60 124.31 126.96 130.24 133.58 136.92 140.34 143.92 147.57 151.15 154.63 157.98 161.34 165.25 170.02 175.56 181.73 188.43 195.53 202.91 210.45 218.02 225.51 232.79 239.74 246.24 252.08 256.94 260.85 263.99 266.55 268.52 269.54 269.58 268.67 266.87 264.31 261.15 257.45 253.24 248.57 243.47 238.00 232.18 226.07 219.69 213.10 206.33 199.42 192.45 185.70 179.41 173.67 168.57 164.09 159.82 155.59 151.40 147.24
153.36 148.75 144.04 139.36 134.79 130.39 126.25 122.44 119.03 116.09 113.70 111.93 110.86 110.55 111.09 112.54 114.96 118.05 121.27 124.58 128.04 131.59 135.10 138.55 142.05 146.17 151.19 157.03 163.56 170.68 178.24 186.14 194.24 202.44 210.60 218.61 226.35 233.68 240.50 246.68 252.02 256.28 259.48 261.82 263.37 263.98 263.66 262.44 260.46 257.89 254.76 251.14 247.04 242.53 237.63 232.39 226.85 221.05 215.03 208.83 202.50 196.06 189.57 183.10 176.93 171.32 166.34 162.00 157.87 153.77 149.71 145.63
151.93 146.91 141.78 136.63 131.54 126.57 121.80 117.30 113.14 109.41 106.17 103.49 101.46 100.14 99.61 99.93 101.20 103.44 106.40 109.57 112.90 116.34 119.77 123.31 127.52 132.68 138.72 145.51 152.93 160.85 169.15 177.72 186.43 195.17 203.80 212.21 220.28 227.88 234.89 241.20 246.68 251.14 254.40 256.52 257.65 257.86 257.17 255.73 253.68 251.09 248.00 244.43 240.45 236.08 231.37 226.35 221.08 215.58 209.90 204.09 198.18 192.20 186.22 180.25 174.39 168.92 164.08 159.88 155.90 151.94 147.96 143.86
150.77 145.48 140.04 134.52 129.00 123.56 118.25 113.17 108.37 103.94 99.95 96.47 93.58 91.34 89.84 89.14 89.32 90.46 92.60 95.50 98.68 101.98 105.45 109.64 114.85 120.98 127.91 135.52 143.70 152.30 161.23 170.35 179.55 188.69 197.67 206.36 214.64 222.38 229.47 235.78 241.19 245.59 248.80 250.69 251.40 251.20 250.24 248.68 246.57 243.95 240.87 237.37 233.47 229.24 224.70 219.90 214.88 209.68 204.33 198.89 193.39 187.87 182.37 176.94 171.61 166.47 161.80 157.75 153.92 150.06 146.06 141.93
149.90 144.45 138.80 133.01 127.17 121.35 115.61 110.04 104.70 99.67 95.03 90.85 87.19 84.14 81.77 80.15 79.35 79.46 80.53 82.63 85.52 88.81 92.88 98.02 104.14 111.11 118.81 127.13 135.93 145.11 154.53 164.08 173.64 183.08 192.28 201.12 209.49 217.25 224.29 230.48 235.71 239.85 242.78 244.36 244.65 244.13 243.01 241.33 239.15 236.49 233.42 229.96 226.15 222.04 217.66 213.06 208.28 203.36 198.34 193.26 188.16 183.08 178.07 173.15 168.39 163.80 159.49 155.62 151.89 148.03 144.01 139.87
149.29 143.78 138.01 132.06 125.99 119.89 113.82 107.86 102.08 96.56 91.37 86.58 82.26 78.50 75.35 72.91 71.23 70.40 70.49 71.57 73.78 77.45 82.42 88.41 95.32 103.01 111.37 120.27 129.60 139.22 149.02 158.89 168.69 178.30 187.61 196.49 204.83 212.49 219.36 225.32 230.24 234.01 236.51 237.62 237.56 236.82 235.53 233.72 231.45 228.76 225.67 222.24 218.51 214.51 210.28 205.88 201.33 196.68 191.97 187.24 182.53 177.88 173.33 168.93 164.71 160.71 156.98 153.46 149.77 145.89 141.87 137.75
148.71 143.24 137.45 131.43 125.24 118.95 112.64 106.39 100.27 94.34 88.70 83.39 78.51 74.13 70.31 67.14 64.68 63.01 62.21 62.40 63.97 67.58 73.20 79.98 87.59 95.93 104.86 114.27 124.03 134.02 144.13 154.23 164.19 173.90 183.24 192.08 200.30 207.79 214.41 220.06 224.60 227.92 229.91 230.64 230.37 229.43 227.96 226.01 223.64 220.89 217.78 214.37 210.69 206.79 202.71 198.48 194.15 189.75 185.34 180.95 176.61 172.38 168.29 164.38 160.69 157.27 154.16 151.24 147.82 143.96 139.95 135.85
147.98 142.64 136.93 130.93 124.70 118.33 111.88 105.43 99.05 92.82 86.81 81.10 75.75 70.84 66.44 62.63 59.49 57.07 55.53 55.20 56.34 59.45 64.91 72.22 80.49 89.41 98.86 108.71 118.85 129.15 139.50 149.77 159.84 169.59 178.89 187.63 195.69 202.93 209.25 214.52 218.62 221.45 223.07 223.60 223.16 222.06 220.41 218.31 215.83 213.00 209.85 206.45 202.81 198.99 195.03 190.97 186.84 182.69 178.55 174.48 170.51 166.67 163.02 159.60 156.43 153.58 151.08 148.76 145.92 142.34 138.37 134.30
147.03 141.89 136.35 130.46 124.29 117.92 111.43 104.87 98.34 91.90 85.62 79.58 73.85 68.51 63.63 59.28 55.54 52.54 50.61 49.99 50.76 53.37 58.25 65.30 73.97 83.42 93.32 103.56 114.02 124.58 135.11 145.49 155.60 165.33 174.54 183.12 190.95 197.90 203.86 208.70 212.31 214.77 216.19 216.56 215.95 214.70 212.92 210.67 208.05 205.13 201.94 198.52 194.91 191.16 187.31 183.39 179.45 175.52 171.66 167.89 164.26 160.81 157.59 154.63 151.99 149.71 147.78 146.02 143.76 140.76 137.08 133.06
145.99 140.91 135.60 129.92 123.91 117.64 111.19 104.63 98.03 91.47 85.02 78.75 72.74 67.06 61.79 56.99 52.81 49.56 47.49 46.63 47.06 49.23 53.53 59.89 68.20 77.93 88.23 98.80 109.52 120.27 130.92 141.36 151.46 161.10 170.17 178.53 186.07 192.67 198.20 202.56 205.82 208.09 209.35 209.55 208.78 207.39 205.47 203.11 200.37 197.34 194.08 190.63 187.04 183.34 179.58 175.79 172.02 168.31 164.69 161.22 157.92 154.84 152.03 149.54 147.45 145.71 144.30 143.04 141.32 138.90 135.79 132.07
145.07 139.84 134.63 129.22 123.46 117.38 111.07 104.59 98.02 91.44 84.91 78.50 72.31 66.38 60.81 55.72 51.44 48.18 46.00 44.95 45.09 46.85 50.61 56.30 63.84 73.10 83.56 94.40 105.32 116.20 126.92 137.35 147.38 156.89 165.74 173.83 181.02 187.20 192.27 196.28 199.36 201.47 202.57 202.60 201.68 200.14 198.10 195.63 192.80 189.66 186.32 182.84 179.24 175.58 171.90 168.23 164.61 161.09 157.72 154.51 151.53 148.81 146.43 144.45 142.86 141.62 140.67 139.87 138.63 136.74 134.21 131.06
144.27 138.90 133.57 128.29 122.84 117.05 110.97 104.67 98.22 91.71 85.19 78.75 72.45 66.38 60.66 55.61 51.45 48.23 45.99 44.79 44.68 46.08 49.35 54.41 61.18 69.57 79.46 90.34 101.40 112.35 123.08 133.45 143.35 152.65 161.24 168.98 175.77 181.50 186.22 190.06 192.98 194.94 195.88 195.75 194.67 192.99 190.83 188.26 185.34 182.14 178.72 175.18 171.56 167.93 164.30 160.73 157.26 153.93 150.77 147.83 145.15 142.81 140.90 139.40 138.27 137.47 136.94 136.54 135.74 134.32 132.32 129.74
143.59 138.10 132.64 127.27 121.98 116.54 110.79 104.76 98.53 92.18 85.77 79.38 73.09 67.01 61.48 56.69 52.70 49.56 47.31 45.99 45.68 46.76 49.57 54.04 60.09 67.62 76.55 86.75 97.73 108.70 119.37 129.62 139.32 148.37 156.63 163.98 170.32 175.71 180.26 183.95 186.73 188.53 189.31 189.03 187.79 185.97 183.69 181.03 178.03 174.76 171.30 167.70 164.05 160.42 156.85 153.36 150.02 146.85 143.89 141.20 138.86 136.96 135.50 134.44 133.72 133.30 133.14 133.09 132.67 131.68 130.16 128.10
143.02 137.42 131.87 126.40 121.04 115.79 110.43 104.77 98.85 92.75 86.55 80.31 74.16 68.41 63.27 58.79 55.02 52.00 49.77 48.39 47.92 48.72 51.12 55.04 60.41 67.13 75.10 84.25 94.45 105.21 115.76 125.83 135.29 144.02 151.89 158.81 164.82 170.04 174.45 178.00 180.62 182.28 182.91 182.46 181.07 179.12 176.72 173.96 170.89 167.56 164.06 160.43 156.76 153.12 149.57 146.16 142.93 139.91 137.15 134.74 132.80 131.33 130.27 129.59 129.23 129.15 129.30 129.56 129.46 128.86 127.76 126.17
142.54 136.86 131.23 125.69 120.25 114.97 109.82 104.59 99.08 93.33 87.42 81.48 75.79 70.58 65.89 61.76 58.25 55.39 53.24 51.83 51.24 51.80 53.83 57.25 61.98 67.92 74.99 83.09 92.14 102.02 112.24 122.07 131.22 139.57 147.01 153.61 159.46 164.55 168.82 172.23 174.71 176.21 176.69 176.09 174.55 172.46 169.95 167.09 163.94 160.57 157.03 153.39 149.71 146.06 142.53 139.18 136.04 133.16 130.64 128.60 127.06 125.96 125.25 124.90 124.85 125.05 125.47 125.97 126.16 125.89 125.16 123.99
142.13 136.40 130.72 125.12 119.64 114.31 109.15 104.17 99.12 93.82 88.35 83.01 78.00 73.37 69.17 65.44 62.23 59.58 57.54 56.15 55.47 55.84 57.54 60.50 64.63 69.84 76.05 83.15 91.06 99.69 108.93 118.31 127.09 135.02 142.15 148.59 154.31 159.27 163.41 166.67 169.01 170.36 170.69 169.94 168.25 166.03 163.41 160.46 157.24 153.81 150.23 146.58 142.91 139.28 135.77 132.45 129.40 126.71 124.53 122.86 121.66 120.88 120.47 120.40 120.60 121.05 121.68 122.38 122.80 122.80 122.39 121.60
141.79 136.03 130.32 124.69 119.18 113.82 108.64 103.68 98.92 94.17 89.45 84.91 80.63 76.63 72.96 69.67 66.80 64.40 62.51 61.18 60.47 60.69 62.10 64.64 68.22 72.74 78.11 84.26 91.07 98.48 106.38 114.66 122.89 130.51 137.49 143.81 149.40 154.23 158.23 161.36 163.55 164.77 164.95 164.05 162.21 159.85 157.13 154.09 150.79 147.31 143.71 140.05 136.38 132.78 129.31 126.04 123.13 120.75 118.90 117.55 116.64 116.13 115.98 116.13 116.54 117.17 117.96 118.82 119.42 119.64 119.51 119.03
141.51 135.73 130.02 124.38 118.87 113.51 108.33 103.36 98.69 94.52 90.71 87.03 83.51 80.18 77.09 74.28 71.80 69.69 68.00 66.77 66.05 66.17 67.34 69.50 72.56 76.43 81.03 86.26 92.02 98.24 104.82 111.69 118.90 126.24 133.10 139.29 144.77 149.46 153.33 156.32 158.38 159.45 159.49 158.44 156.45 153.97 151.14 148.01 144.65 141.12 137.49 133.82 130.16 126.60 123.18 120.06 117.44 115.36 113.80 112.71 112.04 111.76 111.80 112.13 112.70 113.46 114.36 115.32 116.04 116.44 116.53 116.32
141.26 135.50 129.80 124.19 118.69 113.35 108.19 103.30 98.90 95.15 92.01 89.21 86.49 83.88 81.40 79.12 77.06 75.29 73.83 72.74 72.08 72.12 73.09 74.92 77.51 80.78 84.63 88.98 93.74 98.81 104.13 109.77 115.87 122.40 129.01 135.08 140.43 145.00 148.74 151.60 153.52 154.45 154.35 153.15 151.02 148.42 145.48 142.26 138.83 135.26 131.60 127.92 124.28 120.75 117.48 114.68 112.38 110.58 109.25 108.38 107.90 107.78 107.98 108.43 109.10 109.95 110.91 111.92 112.72 113.24 113.50 113.51
