data_processed/recharge/precip/Precip_1990_02.asc
ncols        168
nrows        136
xllcorner    455000
yllcorner    2107000
cellsize     500
NODATA_value     -99999
[rows 37 to 73 of 136, columns 0 to 82 of 168]
19.52 18.95 18.36 17.76 17.16 16.58 16.02 15.49 15.01 14.59 14.26 14.02 13.87 13.77 13.68 13.61 13.55 13.48 13.41 13.34 13.25 13.14 13.01 12.86 12.69 12.49 12.29 12.07 11.84 11.60 11.35 11.09 10.82 10.55 10.28 10.05 9.86 9.72 9.64 9.65 9.76 9.98 10.29 10.72 11.26 11.91 12.67 13.56 14.56 15.59 16.40 16.93 17.22 17.27 17.11 16.74 16.19 15.47 14.60 13.61 12.57 11.58 10.68 9.87 9.17 8.56 8.05 7.61 7.24 6.92 6.66 6.43 6.23 6.05 5.87 5.69 5.48 5.27 5.04 4.81 4.58 4.35 4.14
19.34 18.73 18.12 17.50 16.90 16.31 15.75 15.22 14.75 14.33 14.00 13.77 13.59 13.44 13.31 13.20 13.10 13.01 12.92 12.82 12.72 12.61 12.48 12.32 12.15 11.97 11.77 11.55 11.32 11.09 10.84 10.58 10.32 10.05 9.78 9.52 9.29 9.12 9.03 9.04 9.15 9.36 9.67 10.09 10.61 11.25 12.01 12.88 13.87 14.88 15.68 16.23 16.54 16.62 16.50 16.19 15.71 15.08 14.31 13.42 12.42 11.41 10.48 9.65 8.93 8.32 7.79 7.35 6.97 6.66 6.39 6.17 5.97 5.80 5.63 5.46 5.27 5.06 4.85 4.63 4.41 4.20 4.00
19.19 18.56 17.93 17.30 16.69 16.10 15.54 15.03 14.57 14.18 13.86 13.59 13.36 13.16 12.99 12.84 12.70 12.58 12.47 12.35 12.24 12.12 11.98 11.83 11.67 11.48 11.28 11.07 10.85 10.62 10.37 10.12 9.86 9.60 9.33 9.06 8.80 8.62 8.52 8.52 8.62 8.82 9.12 9.52 10.03 10.65 11.38 12.23 13.19 14.19 14.98 15.52 15.84 15.95 15.87 15.61 15.19 14.63 13.95 13.16 12.28 11.32 10.38 9.53 8.80 8.17 7.63 7.18 6.80 6.48 6.22 5.99 5.80 5.63 5.47 5.30 5.12 4.92 4.72 4.51 4.30 4.10 3.91
19.06 18.42 17.78 17.15 16.54 15.95 15.41 14.92 14.48 14.11 13.78 13.46 13.18 12.93 12.71 12.52 12.35 12.20 12.06 11.93 11.80 11.67 11.53 11.38 11.22 11.04 10.85 10.64 10.42 10.19 9.95 9.70 9.44 9.18 8.92 8.66 8.43 8.24 8.13 8.11 8.19 8.36 8.64 9.02 9.50 10.10 10.80 11.62 12.55 13.51 14.28 14.82 15.14 15.27 15.22 15.00 14.64 14.14 13.54 12.84 12.06 11.22 10.35 9.51 8.76 8.11 7.56 7.10 6.71 6.39 6.11 5.89 5.70 5.53 5.37 5.21 5.04 4.85 4.65 4.45 4.25 4.05 3.87
18.97 18.32 17.67 17.04 16.43 15.86 15.34 14.87 14.46 14.08 13.72 13.38 13.05 12.75 12.49 12.25 12.05 11.87 11.70 11.55 11.41 11.27 11.13 10.98 10.82 10.65 10.46 10.25 10.03 9.81 9.57 9.33 9.07 8.82 8.56 8.33 8.13 7.96 7.84 7.80 7.85 8.00 8.24 8.59 9.04 9.60 10.26 11.04 11.93 12.86 13.60 14.12 14.44 14.57 14.54 14.36 14.04 13.61 13.07 12.45 11.78 11.07 10.33 9.56 8.80 8.14 7.58 7.10 6.70 6.36 6.09 5.86 5.66 5.49 5.34 5.18 5.01 4.83 4.63 4.43 4.24 4.05 3.87
18.89 18.23 17.59 16.97 16.37 15.82 15.32 14.87 14.46 14.07 13.68 13.31 12.96 12.62 12.31 12.04 11.80 11.59 11.40 11.23 11.07 10.92 10.78 10.64 10.48 10.30 10.11 9.91 9.70 9.47 9.24 9.00 8.75 8.50 8.28 8.08 7.91 7.77 7.66 7.60 7.62 7.73 7.93 8.24 8.65 9.16 9.78 10.51 11.35 12.23 12.93 13.43 13.74 13.87 13.85 13.69 13.41 13.03 12.56 12.03 11.46 10.87 10.25 9.60 8.91 8.25 7.66 7.17 6.76 6.41 6.13 5.89 5.69 5.52 5.36 5.21 5.04 4.85 4.66 4.47 4.27 4.09 3.91
18.83 18.17 17.54 16.93 16.35 15.82 15.35 14.90 14.48 14.06 13.66 13.27 12.89 12.53 12.19 11.88 11.60 11.36 11.15 10.96 10.79 10.63 10.48 10.34 10.18 10.01 9.83 9.63 9.41 9.19 8.96 8.72 8.48 8.26 8.07 7.90 7.76 7.64 7.56 7.50 7.48 7.55 7.71 7.97 8.32 8.78 9.35 10.03 10.81 11.63 12.29 12.75 13.04 13.17 13.15 13.01 12.76 12.42 12.01 11.58 11.12 10.64 10.13 9.59 9.01 8.41 7.82 7.31 6.88 6.52 6.22 5.98 5.77 5.59 5.44 5.28 5.11 4.92 4.73 4.54 4.34 4.16 3.98
18.77 18.13 17.50 16.91 16.36 15.86 15.39 14.93 14.49 14.06 13.64 13.24 12.85 12.47 12.11 11.77 11.46 11.19 10.95 10.74 10.56 10.39 10.24 10.10 9.94 9.77 9.59 9.39 9.18 8.97 8.74 8.51 8.29 8.10 7.93 7.79 7.67 7.57 7.51 7.46 7.45 7.47 7.58 7.78 8.07 8.48 8.98 9.59 10.31 11.07 11.67 12.09 12.35 12.46 12.44 12.31 12.08 11.79 11.47 11.13 10.77 10.38 9.97 9.53 9.06 8.56 8.03 7.51 7.06 6.68 6.37 6.11 5.90 5.71 5.55 5.39 5.22 5.03 4.83 4.63 4.44 4.25 4.08
18.72 18.09 17.48 16.92 16.40 15.90 15.42 14.96 14.50 14.06 13.64 13.22 12.82 12.44 12.07 11.72 11.38 11.08 10.82 10.59 10.39 10.21 10.05 9.91 9.76 9.59 9.41 9.22 9.01 8.79 8.57 8.36 8.18 8.01 7.87 7.74 7.64 7.56 7.51 7.48 7.47 7.48 7.54 7.67 7.91 8.24 8.67 9.21 9.85 10.54 11.08 11.45 11.68 11.76 11.73 11.60 11.40 11.18 10.94 10.68 10.40 10.10 9.78 9.43 9.06 8.65 8.21 7.75 7.29 6.90 6.57 6.30 6.07 5.87 5.70 5.54 5.36 5.16 4.96 4.76 4.56 4.37 4.21
18.66 18.05 17.48 16.94 16.43 15.93 15.45 14.97 14.51 14.07 13.63 13.22 12.81 12.42 12.05 11.69 11.35 11.03 10.74 10.49 10.28 10.09 9.93 9.79 9.64 9.47 9.29 9.10 8.90 8.69 8.49 8.30 8.14 7.99 7.87 7.76 7.67 7.61 7.56 7.53 7.53 7.55 7.58 7.66 7.82 8.07 8.43 8.88 9.45 10.05 10.52 10.84 11.02 11.07 11.02 10.90 10.76 10.61 10.44 10.25 10.05 9.82 9.58 9.31 9.01 8.69 8.34 7.96 7.56 7.15 6.80 6.51 6.27 6.06 5.89 5.71 5.52 5.32 5.11 4.90 4.69 4.52 4.40
18.60 18.02 17.47 16.94 16.43 15.94 15.45 14.98 14.52 14.07 13.64 13.22 12.81 12.43 12.05 11.70 11.36 11.03 10.73 10.46 10.23 10.03 9.87 9.73 9.58 9.41 9.24 9.04 8.85 8.66 8.48 8.32 8.17 8.05 7.93 7.84 7.76 7.70 7.66 7.63 7.63 7.64 7.67 7.73 7.82 7.99 8.25 8.62 9.09 9.61 10.00 10.25 10.37 10.39 10.33 10.26 10.17 10.08 9.97 9.84 9.70 9.55 9.37 9.17 8.95 8.70 8.43 8.12 7.79 7.43 7.07 6.76 6.50 6.28 6.09 5.90 5.70 5.49 5.27 5.05 4.86 4.73 4.64
18.52 17.97 17.44 16.92 16.41 15.92 15.44 14.97 14.51 14.07 13.64 13.23 12.83 12.44 12.08 11.73 11.39 11.07 10.77 10.49 10.25 10.04 9.87 9.73 9.58 9.42 9.24 9.06 8.88 8.71 8.55 8.41 8.28 8.16 8.06 7.97 7.90 7.84 7.80 7.77 7.76 7.77 7.79 7.83 7.89 7.98 8.15 8.42 8.80 9.21 9.52 9.70 9.76 9.75 9.72 9.69 9.65 9.60 9.54 9.47 9.38 9.28 9.16 9.02 8.86 8.68 8.47 8.23 7.97 7.68 7.36 7.04 6.76 6.52 6.31 6.11 5.90 5.67 5.44 5.24 5.09 4.98 4.93
18.42 17.89 17.37 16.86 16.36 15.87 15.40 14.94 14.49 14.06 13.64 13.24 12.85 12.48 12.12 11.78 11.45 11.15 10.86 10.58 10.33 10.12 9.94 9.80 9.65 9.49 9.32 9.15 8.99 8.84 8.70 8.57 8.45 8.34 8.25 8.16 8.09 8.03 7.98 7.95 7.93 7.92 7.93 7.95 7.99 8.04 8.13 8.29 8.56 8.87 9.08 9.18 9.20 9.21 9.21 9.21 9.21 9.19 9.17 9.14 9.10 9.04 8.97 8.87 8.76 8.63 8.48 8.30 8.10 7.87 7.60 7.31 7.02 6.77 6.54 6.32 6.09 5.86 5.64 5.47 5.36 5.29 5.26
18.28 17.76 17.25 16.76 16.27 15.80 15.34 14.89 14.46 14.04 13.64 13.25 12.87 12.52 12.17 11.85 11.54 11.25 10.97 10.72 10.48 10.27 10.09 9.94 9.80 9.64 9.48 9.33 9.19 9.05 8.92 8.80 8.69 8.58 8.49 8.40 8.32 8.26 8.20 8.15 8.12 8.09 8.08 8.08 8.10 8.12 8.16 8.23 8.39 8.58 8.69 8.73 8.75 8.78 8.80 8.83 8.85 8.86 8.87 8.86 8.85 8.83 8.79 8.74 8.67 8.58 8.47 8.34 8.18 8.00 7.79 7.56 7.29 7.02 6.77 6.54 6.29 6.07 5.89 5.76 5.67 5.63 5.62
18.09 17.59 17.10 16.62 16.15 15.70 15.26 14.83 14.41 14.01 13.63 13.26 12.90 12.56 12.24 11.94 11.65 11.38 11.12 10.89 10.67 10.47 10.30 10.15 10.01 9.87 9.73 9.59 9.46 9.33 9.21 9.09 8.98 8.88 8.78 8.68 8.60 8.52 8.45 8.39 8.34 8.29 8.26 8.23 8.21 8.21 8.22 8.23 8.28 8.36 8.39 8.42 8.44 8.48 8.51 8.55 8.58 8.61 8.63 8.65 8.66 8.66 8.65 8.62 8.58 8.53 8.45 8.36 8.24 8.10 7.93 7.74 7.51 7.26 7.00 6.75 6.52 6.33 6.19 6.09 6.02 6.00 6.01
17.84 17.36 16.90 16.44 15.99 15.56 15.14 14.74 14.35 13.97 13.61 13.26 12.93 12.62 12.32 12.04 11.77 11.53 11.30 11.09 10.90 10.73 10.57 10.44 10.31 10.18 10.05 9.93 9.80 9.68 9.56 9.44 9.33 9.22 9.11 9.01 8.91 8.82 8.73 8.65 8.57 8.50 8.44 8.38 8.33 8.29 8.26 8.23 8.22 8.22 8.23 8.25 8.27 8.30 8.34 8.37 8.41 8.45 8.48 8.51 8.53 8.54 8.54 8.54 8.52 8.48 8.43 8.36 8.27 8.16 8.02 7.86 7.68 7.46 7.22 6.98 6.78 6.63 6.52 6.44 6.40 6.39 6.41
17.61 17.15 16.71 16.27 15.85 15.44 15.05 14.66 14.30 13.94 13.60 13.28 12.97 12.68 12.41 12.15 11.91 11.69 11.48 11.30 11.13 10.98 10.85 10.71 10.58 10.47 10.35 10.23 10.11 9.99 9.88 9.76 9.64 9.52 9.41 9.29 9.18 9.07 8.96 8.86 8.76 8.66 8.57 8.48 8.40 8.32 8.25 8.18 8.14 8.13 8.13 8.13 8.15 8.17 8.20 8.23 8.26 8.30 8.34 8.37 8.40 8.42 8.43 8.44 8.43 8.41 8.38 8.33 8.26 8.17 8.07 7.94 7.78 7.60 7.39 7.20 7.04 6.92 6.84 6.79 6.76 6.77 6.79
17.45 17.01 16.58 16.16 15.76 15.37 14.99 14.62 14.28 13.94 13.62 13.32 13.03 12.76 12.50 12.26 12.04 11.84 11.66 11.49 11.35 11.21 11.07 10.91 10.77 10.65 10.55 10.44 10.33 10.21 10.10 9.98 9.86 9.73 9.61 9.48 9.36 9.23 9.11 8.98 8.86 8.74 8.61 8.50 8.38 8.27 8.16 8.06 8.01 8.00 7.99 7.99 7.99 8.00 8.02 8.05 8.08 8.12 8.16 8.19 8.22 8.25 8.28 8.29 8.30 8.30 8.28 8.25 8.20 8.14 8.06 7.95 7.83 7.68 7.52 7.36 7.24 7.16 7.11 7.08 7.08 7.09 7.13
17.35 16.92 16.51 16.10 15.71 15.34 14.97 14.62 14.29 13.97 13.66 13.37 13.10 12.84 12.60 12.38 12.18 11.99 11.82 11.67 11.54 11.39 11.22 11.05 10.89 10.76 10.65 10.55 10.45 10.34 10.23 10.11 9.98 9.85 9.72 9.59 9.45 9.31 9.16 9.02 8.87 8.72 8.58 8.43 8.28 8.13 8.00 7.90 7.85 7.83 7.82 7.81 7.81 7.81 7.82 7.84 7.87 7.91 7.94 7.98 8.02 8.05 8.08 8.11 8.13 8.14 8.14 8.13 8.10 8.06 8.00 7.92 7.83 7.72 7.60 7.48 7.40 7.35 7.33 7.33 7.34 7.37 7.42
17.30 16.90 16.49 16.10 15.72 15.35 15.00 14.66 14.33 14.02 13.73 13.45 13.18 12.94 12.71 12.50 12.30 12.13 11.97 11.83 11.67 11.50 11.32 11.13 10.95 10.80 10.68 10.58 10.48 10.38 10.26 10.15 10.02 9.89 9.75 9.60 9.45 9.30 9.14 8.97 8.81 8.63 8.46 8.28 8.10 7.93 7.80 7.70 7.65 7.63 7.62 7.61 7.60 7.59 7.59 7.61 7.63 7.66 7.70 7.74 7.78 7.82 7.85 7.89 7.92 7.94 7.96 7.96 7.95 7.93 7.90 7.85 7.80 7.73 7.64 7.56 7.51 7.49 7.50 7.52 7.56 7.61 7.66
17.29 16.92 16.53 16.15 15.77 15.41 15.06 14.72 14.40 14.10 13.81 13.54 13.28 13.04 12.82 12.61 12.43 12.26 12.10 11.94 11.76 11.56 11.36 11.15 10.96 10.79 10.65 10.53 10.43 10.33 10.22 10.10 9.98 9.84 9.70 9.54 9.38 9.21 9.04 8.85 8.66 8.47 8.27 8.06 7.86 7.70 7.57 7.48 7.43 7.41 7.39 7.37 7.36 7.35 7.34 7.35 7.37 7.39 7.43 7.46 7.51 7.55 7.59 7.64 7.68 7.71 7.74 7.76 7.77 7.77 7.76 7.75 7.73 7.69 7.64 7.59 7.58 7.59 7.62 7.67 7.73 7.79 7.85
17.30 16.97 16.61 16.24 15.87 15.50 15.16 14.82 14.50 14.20 13.91 13.64 13.39 13.15 12.93 12.73 12.54 12.37 12.19 11.99 11.79 11.57 11.35 11.13 10.92 10.74 10.57 10.43 10.30 10.20 10.09 9.98 9.85 9.71 9.57 9.40 9.23 9.05 8.86 8.66 8.45 8.23 8.00 7.78 7.59 7.43 7.31 7.23 7.18 7.15 7.13 7.12 7.10 7.08 7.08 7.07 7.08 7.10 7.13 7.17 7.21 7.26 7.31 7.36 7.40 7.45 7.49 7.52 7.55 7.58 7.60 7.62 7.63 7.63 7.61 7.59 7.60 7.64 7.70 7.77 7.85 7.93 8.00
17.34 17.04 16.71 16.37 16.00 15.64 15.29 14.95 14.63 14.32 14.03 13.76 13.50 13.26 13.04 12.83 12.64 12.44 12.23 12.00 11.77 11.53 11.29 11.06 10.84 10.64 10.45 10.28 10.14 10.01 9.90 9.78 9.66 9.52 9.36 9.20 9.01 8.82 8.62 8.40 8.17 7.93 7.69 7.48 7.30 7.15 7.04 6.95 6.90 6.88 6.86 6.84 6.82 6.80 6.79 6.78 6.78 6.80 6.82 6.85 6.90 6.94 7.00 7.05 7.11 7.16 7.21 7.26 7.31 7.37 7.42 7.47 7.51 7.53 7.54 7.55 7.59 7.65 7.74 7.83 7.92 8.02 8.10
17.41 17.13 16.83 16.51 16.17 15.81 15.45 15.11 14.78 14.47 14.17 13.89 13.62 13.38 13.15 12.93 12.71 12.47 12.22 11.96 11.71 11.45 11.19 10.95 10.72 10.50 10.29 10.10 9.93 9.78 9.64 9.52 9.39 9.25 9.09 8.92 8.73 8.53 8.31 8.07 7.82 7.58 7.35 7.16 6.99 6.85 6.74 6.66 6.61 6.59 6.56 6.54 6.52 6.50 6.48 6.47 6.47 6.48 6.50 6.53 6.57 6.61 6.67 6.73 6.79 6.85 6.91 6.98 7.06 7.14 7.22 7.30 7.36 7.42 7.45 7.49 7.55 7.63 7.73 7.84 7.96 8.06 8.16
17.50 17.24 16.97 16.67 16.34 16.00 15.65 15.30 14.95 14.63 14.32 14.03 13.75 13.49 13.25 12.99 12.73 12.45 12.17 11.89 11.61 11.33 11.06 10.80 10.56 10.32 10.10 9.89 9.70 9.52 9.35 9.20 9.06 8.92 8.76 8.58 8.38 8.17 7.94 7.69 7.44 7.20 7.00 6.82 6.66 6.53 6.43 6.36 6.31 6.28 6.25 6.23 6.20 6.18 6.17 6.15 6.15 6.15 6.16 6.19 6.22 6.27 6.33 6.39 6.45 6.53 6.61 6.70 6.80 6.90 7.01 7.11 7.20 7.28 7.34 7.39 7.48 7.58 7.70 7.82 7.95 8.07 8.17
17.60 17.37 17.11 16.83 16.53 16.20 15.86 15.50 15.15 14.81 14.48 14.17 13.88 13.60 13.32 13.02 12.71 12.40 12.09 11.78 11.47 11.18 10.90 10.63 10.37 10.12 9.88 9.65 9.44 9.23 9.04 8.86 8.69 8.53 8.37 8.19 7.98 7.76 7.51 7.26 7.03 6.82 6.63 6.47 6.32 6.20 6.11 6.04 5.99 5.96 5.94 5.91 5.88 5.86 5.84 5.82 5.82 5.81 5.82 5.84 5.88 5.92 5.97 6.04 6.11 6.19 6.30 6.41 6.53 6.66 6.79 6.91 7.02 7.12 7.20 7.28 7.38 7.50 7.63 7.77 7.90 8.03 8.15
17.72 17.51 17.27 17.00 16.71 16.40 16.07 15.72 15.36 15.00 14.66 14.33 14.01 13.69 13.36 13.01 12.67 12.32 11.98 11.64 11.31 11.00 10.70 10.42 10.16 9.89 9.64 9.39 9.15 8.92 8.70 8.49 8.29 8.11 7.93 7.74 7.53 7.30 7.05 6.83 6.62 6.43 6.26 6.11 5.98 5.87 5.78 5.72 5.67 5.64 5.61 5.58 5.55 5.53 5.51 5.49 5.48 5.47 5.48 5.50 5.52 5.56 5.62 5.68 5.77 5.87 5.99 6.12 6.27 6.41 6.56 6.70 6.83 6.95 7.05 7.14 7.26 7.39 7.54 7.68 7.83 7.96 8.08
17.85 17.66 17.43 17.18 16.90 16.60 16.28 15.94 15.58 15.21 14.84 14.48 14.12 13.74 13.36 12.98 12.59 12.21 11.84 11.48 11.13 10.80 10.49 10.20 9.92 9.65 9.38 9.11 8.85 8.60 8.35 8.11 7.88 7.66 7.45 7.24 7.03 6.80 6.58 6.38 6.20 6.03 5.88 5.75 5.63 5.53 5.45 5.39 5.34 5.31 5.28 5.25 5.22 5.20 5.17 5.15 5.14 5.13 5.14 5.15 5.17 5.21 5.26 5.33 5.43 5.55 5.69 5.84 6.00 6.17 6.33 6.49 6.64 6.77 6.88 6.99 7.12 7.27 7.42 7.57 7.72 7.86 7.98
17.99 17.81 17.60 17.36 17.09 16.79 16.48 16.14 15.78 15.41 15.03 14.62 14.20 13.77 13.35 12.92 12.50 12.08 11.68 11.29 10.92 10.57 10.25 9.96 9.67 9.39 9.10 8.82 8.54 8.26 7.99 7.72 7.46 7.21 6.96 6.72 6.50 6.30 6.11 5.94 5.78 5.63 5.50 5.38 5.28 5.19 5.12 5.06 5.02 4.99 4.96 4.93 4.90 4.87 4.84 4.82 4.80 4.79 4.79 4.80 4.82 4.86 4.92 5.00 5.12 5.25 5.41 5.57 5.75 5.93 6.10 6.27 6.43 6.58 6.71 6.83 6.97 7.12 7.28 7.44 7.59 7.73 7.85
18.14 17.97 17.77 17.53 17.27 16.98 16.67 16.33 15.97 15.59 15.18 14.73 14.26 13.78 13.31 12.84 12.38 11.93 11.50 11.09 10.70 10.34 10.01 9.70 9.41 9.11 8.82 8.52 8.22 7.92 7.62 7.33 7.04 6.75 6.47 6.20 5.98 5.80 5.64 5.50 5.36 5.24 5.13 5.03 4.94 4.86 4.79 4.74 4.70 4.67 4.64 4.61 4.57 4.54 4.51 4.49 4.47 4.46 4.46 4.47 4.48 4.53 4.60 4.70 4.82 4.97 5.14 5.31 5.50 5.69 5.88 6.06 6.23 6.39 6.52 6.66 6.81 6.97 7.13 7.29 7.44 7.58 7.69
18.28 18.13 17.93 17.70 17.45 17.16 16.84 16.50 16.14 15.73 15.29 14.81 14.30 13.78 13.26 12.75 12.25 11.77 11.31 10.88 10.47 10.09 9.75 9.44 9.14 8.83 8.52 8.21 7.89 7.57 7.25 6.93 6.61 6.30 5.99 5.72 5.50 5.32 5.18 5.06 4.95 4.85 4.76 4.67 4.60 4.53 4.47 4.43 4.39 4.36 4.33 4.29 4.26 4.23 4.20 4.17 4.15 4.14 4.13 4.14 4.17 4.22 4.30 4.42 4.55 4.71 4.88 5.07 5.27 5.46 5.66 5.85 6.03 6.20 6.34 6.48 6.63 6.80 6.96 7.12 7.27 7.40 7.51
18.43 18.28 18.09 17.87 17.61 17.32 17.00 16.65 16.26 15.83 15.35 14.85 14.31 13.75 13.19 12.65 12.11 11.60 11.12 10.66 10.24 9.85 9.49 9.18 8.87 8.56 8.23 7.90 7.57 7.23 6.89 6.54 6.20 5.86 5.56 5.29 5.07 4.88 4.74 4.64 4.55 4.48 4.40 4.33 4.27 4.22 4.17 4.13 4.09 4.06 4.03 3.99 3.96 3.93 3.90 3.87 3.85 3.83 3.83 3.84 3.88 3.95 4.04 4.16 4.31 4.47 4.65 4.85 5.05 5.25 5.46 5.65 5.84 6.01 6.16 6.30 6.46 6.62 6.79 6.94 7.09 7.21 7.31
18.57 18.43 18.24 18.02 17.76 17.46 17.14 16.76 16.34 15.88 15.38 14.85 14.29 13.71 13.12 12.54 11.97 11.43 10.92 10.44 10.00 9.60 9.24 8.92 8.60 8.28 7.95 7.60 7.25 6.90 6.53 6.16 5.80 5.47 5.17 4.91 4.69 4.50 4.35 4.24 4.17 4.11 4.06 4.01 3.96 3.92 3.88 3.84 3.81 3.78 3.74 3.71 3.68 3.64 3.61 3.58 3.56 3.54 3.54 3.57 3.63 3.71 3.82 3.95 4.10 4.26 4.45 4.65 4.85 5.06 5.27 5.47 5.66 5.83 5.98 6.13 6.28 6.44 6.60 6.76 6.89 7.01 7.09
18.71 18.57 18.38 18.15 17.89 17.58 17.23 16.83 16.38 15.89 15.36 14.81 14.23 13.64 13.04 12.43 11.83 11.26 10.72 10.22 9.77 9.35 8.98 8.66 8.34 8.01 7.67 7.31 6.95 6.57 6.19 5.81 5.45 5.13 4.84 4.58 4.36 4.17 4.02 3.90 3.82 3.77 3.74 3.70 3.67 3.64 3.61 3.57 3.54 3.51 3.48 3.45 3.41 3.38 3.34 3.32 3.29 3.29 3.31 3.35 3.42 3.52 3.63 3.77 3.92 4.09 4.28 4.47 4.68 4.89 5.10 5.30 5.49 5.66 5.81 5.96 6.11 6.27 6.42 6.56 6.69 6.79 6.87
18.84 18.69 18.50 18.27 17.99 17.66 17.28 16.85 16.37 15.86 15.31 14.74 14.15 13.54 12.93 12.31 11.69 11.10 10.53 10.02 9.54 9.12 8.74 8.41 8.09 7.76 7.40 7.04 6.66 6.26 5.87 5.50 5.16 4.85 4.56 4.31 4.09 3.90 3.74 3.62 3.52 3.46 3.44 3.42 3.40 3.38 3.36 3.33 3.30 3.28 3.24 3.21 3.17 3.14 3.10 3.08 3.06 3.07 3.11 3.17 3.26 3.36 3.48 3.62 3.78 3.95 4.14 4.33 4.54 4.74 4.95 5.15 5.33 5.51 5.66 5.80 5.95 6.09 6.24 6.37 6.48 6.57 6.65
18.95 18.80 18.60 18.36 18.06 17.70 17.29 16.83 16.33 15.80 15.23 14.64 14.04 13.42 12.79 12.17 11.55 10.94 10.36 9.82 9.33 8.89 8.51 8.19 7.86 7.52 7.16 6.78 6.39 5.99 5.61 5.26 4.93 4.63 4.35 4.10 3.88 3.69 3.53 3.39 3.29 3.22 3.18 3.16 3.16 3.15 3.13 3.12 3.09 3.06 3.03 3.00 2.96 2.93 2.89 2.88 2.88 2.91 2.97 3.04 3.14 3.25 3.38 3.53 3.68 3.86 4.04 4.23 4.42 4.63 4.83 5.02 5.20 5.37 5.51 5.65 5.79 5.93 6.06 6.18 6.28 6.37 6.46
19.05 18.89 18.68 18.41 18.08 17.70 17.26 16.78 16.26 15.70 15.12 14.52 13.90 13.28 12.64 12.01 11.39 10.78 10.19 9.64 9.14 8.69 8.31 7.98 7.65 7.30 6.93 6.55 6.15 5.77 5.42 5.08 4.77 4.47 4.21 3.96 3.74 3.55 3.38 3.24 3.13 3.04 2.98 2.95 2.95 2.95 2.94 2.93 2.91 2.88 2.85 2.82 2.78 2.75 2.73 2.73 2.76 2.81 2.87 2.96 3.07 3.19 3.32 3.47 3.63 3.80 3.98 4.16 4.35 4.54 4.74 4.92 5.10 5.25 5.39 5.52 5.65 5.77 5.89 6.00 6.09 6.19 6.29
