data_processed/recharge/precip/Precip_1987_03.asc
ncols        168
nrows        136
xllcorner    455000
yllcorner    2107000
cellsize     500
NODATA_value     -99999
[rows 0 to 34 of 136, columns 79 to 157 of 168]
11.52 12.25 13.03 13.85 14.69 15.58 16.53 17.52 18.54 19.52 20.24 20.62 20.69 20.47 20.07 19.59 19.09 18.56 18.03 17.49 16.97 16.46 15.98 15.53 15.13 14.79 14.51 14.30 14.18 14.15 14.21 14.33 14.52 14.75 15.00 15.26 15.54 15.78 15.87 15.77 15.50 15.07 14.51 13.84 13.06 12.20 11.29 10.32 9.33 8.34 7.35 6.42 5.60 4.95 4.48 4.21 4.35 5.13 6.52 8.47 10.90 13.54 16.24 18.94 21.62 24.24 26.76 29.16 31.40 33.45 35.28 36.86 38.15 39.13 39.77 40.15 40.32 40.30 40.10
11.04 11.76 12.54 13.37 14.26 15.24 16.28 17.37 18.50 19.59 20.43 20.92 21.11 21.02 20.67 20.14 19.57 18.97 18.38 17.78 17.20 16.64 16.11 15.62 15.18 14.79 14.48 14.26 14.13 14.09 14.14 14.26 14.43 14.65 14.89 15.15 15.42 15.70 15.93 16.01 15.90 15.62 15.17 14.59 13.88 13.08 12.18 11.22 10.22 9.18 8.15 7.21 6.37 5.68 5.13 4.77 4.80 5.43 6.66 8.42 10.66 13.30 16.11 18.91 21.66 24.33 26.88 29.28 31.51 33.52 35.29 36.78 37.97 38.83 39.42 39.80 39.98 39.96 39.76
10.63 11.32 12.08 12.94 13.89 14.94 16.05 17.22 18.44 19.63 20.55 21.15 21.44 21.45 21.20 20.72 20.09 19.42 18.75 18.09 17.44 16.82 16.23 15.69 15.20 14.77 14.43 14.20 14.07 14.02 14.06 14.17 14.34 14.54 14.78 15.03 15.29 15.57 15.84 16.07 16.14 16.02 15.71 15.24 14.63 13.90 13.06 12.13 11.13 10.09 9.10 8.17 7.34 6.61 6.02 5.58 5.50 6.01 7.08 8.67 10.72 13.18 15.96 18.84 21.66 24.37 26.95 29.36 31.56 33.53 35.23 36.64 37.73 38.54 39.13 39.51 39.68 39.67 39.48
10.28 10.93 11.70 12.59 13.58 14.67 15.84 17.07 18.36 19.62 20.63 21.30 21.68 21.77 21.61 21.21 20.61 19.88 19.13 18.39 17.67 16.97 16.32 15.72 15.17 14.72 14.37 14.13 14.00 13.95 13.98 14.08 14.23 14.43 14.66 14.90 15.16 15.43 15.70 15.97 16.19 16.25 16.11 15.78 15.29 14.65 13.89 13.01 12.06 11.10 10.17 9.28 8.46 7.72 7.09 6.59 6.43 6.83 7.77 9.20 11.07 13.33 15.92 18.75 21.63 24.39 26.98 29.39 31.57 33.49 35.12 36.45 37.50 38.31 38.89 39.27 39.44 39.43 39.24
10.01 10.64 11.41 12.32 13.33 14.45 15.66 16.93 18.26 19.58 20.65 21.38 21.82 21.98 21.88 21.55 21.02 20.31 19.49 18.66 17.86 17.09 16.36 15.69 15.11 14.65 14.30 14.06 13.92 13.86 13.89 13.98 14.12 14.31 14.53 14.77 15.02 15.29 15.56 15.83 16.09 16.30 16.35 16.19 15.84 15.32 14.65 13.87 13.03 12.18 11.33 10.49 9.70 8.97 8.33 7.78 7.55 7.86 8.69 9.98 11.69 13.76 16.14 18.78 21.59 24.38 26.99 29.39 31.54 33.41 34.97 36.27 37.31 38.11 38.70 39.07 39.25 39.24 39.06
9.86 10.47 11.23 12.13 13.15 14.28 15.50 16.79 18.16 19.51 20.61 21.39 21.87 22.07 22.02 21.75 21.26 20.60 19.79 18.89 18.00 17.14 16.34 15.62 15.03 14.57 14.22 13.98 13.83 13.77 13.79 13.87 14.01 14.19 14.40 14.63 14.88 15.15 15.42 15.69 15.95 16.21 16.40 16.43 16.25 15.87 15.34 14.72 14.03 13.30 12.54 11.79 11.04 10.34 9.69 9.12 8.84 9.08 9.81 10.98 12.54 14.44 16.63 19.05 21.65 24.36 26.97 29.36 31.48 33.30 34.84 36.12 37.16 37.96 38.54 38.92 39.09 39.09 38.91
9.86 10.43 11.16 12.03 13.03 14.15 15.37 16.67 18.04 19.41 20.53 21.33 21.83 22.06 22.04 21.79 21.34 20.72 19.94 19.03 18.06 17.11 16.26 15.54 14.95 14.48 14.14 13.89 13.74 13.68 13.69 13.76 13.89 14.07 14.27 14.50 14.74 15.00 15.27 15.54 15.81 16.07 16.31 16.49 16.50 16.31 15.98 15.54 15.02 14.43 13.79 13.12 12.45 11.78 11.15 10.57 10.26 10.44 11.09 12.16 13.59 15.34 17.35 19.57 21.96 24.44 26.96 29.32 31.41 33.20 34.73 36.01 37.04 37.84 38.42 38.79 38.97 38.97 38.80
10.00 10.51 11.19 12.02 12.99 14.07 15.27 16.55 17.91 19.28 20.40 21.21 21.71 21.95 21.94 21.70 21.26 20.65 19.89 19.00 18.01 17.02 16.16 15.44 14.86 14.39 14.04 13.80 13.65 13.58 13.58 13.65 13.77 13.94 14.13 14.36 14.60 14.86 15.13 15.40 15.67 15.93 16.18 16.41 16.59 16.64 16.54 16.31 15.97 15.54 15.03 14.47 13.88 13.27 12.67 12.11 11.78 11.92 12.51 13.49 14.81 16.43 18.28 20.32 22.49 24.75 27.04 29.29 31.35 33.13 34.65 35.92 36.95 37.74 38.32 38.70 38.88 38.88 38.71
10.29 10.72 11.33 12.10 13.01 14.05 15.20 16.45 17.78 19.13 20.23 21.02 21.51 21.73 21.71 21.46 21.02 20.41 19.64 18.76 17.82 16.90 16.06 15.34 14.76 14.30 13.95 13.70 13.55 13.47 13.47 13.54 13.65 13.81 14.00 14.22 14.46 14.72 14.98 15.26 15.53 15.79 16.05 16.30 16.58 16.85 17.00 16.99 16.85 16.59 16.23 15.80 15.31 14.78 14.23 13.69 13.36 13.48 14.02 14.93 16.17 17.66 19.38 21.25 23.24 25.28 27.34 29.36 31.31 33.08 34.59 35.85 36.87 37.67 38.25 38.62 38.81 38.81 38.65
10.73 11.07 11.59 12.28 13.11 14.08 15.17 16.37 17.65 18.96 20.02 20.77 21.23 21.42 21.36 21.09 20.62 19.99 19.20 18.35 17.51 16.71 15.94 15.24 14.66 14.20 13.85 13.60 13.45 13.37 13.36 13.42 13.53 13.68 13.87 14.08 14.32 14.58 14.84 15.12 15.39 15.66 15.94 16.24 16.58 16.95 17.31 17.55 17.62 17.55 17.36 17.07 16.70 16.26 15.78 15.28 14.98 15.09 15.61 16.47 17.62 19.02 20.61 22.34 24.15 26.00 27.83 29.63 31.37 33.05 34.55 35.80 36.82 37.61 38.18 38.56 38.75 38.76 38.60
11.32 11.55 11.97 12.55 13.29 14.18 15.18 16.30 17.52 18.77 19.77 20.46 20.87 21.01 20.90 20.59 20.07 19.40 18.63 17.87 17.14 16.43 15.76 15.12 14.56 14.10 13.75 13.50 13.34 13.26 13.26 13.31 13.41 13.55 13.74 13.95 14.18 14.44 14.71 14.98 15.26 15.55 15.87 16.24 16.63 17.06 17.51 17.95 18.26 18.40 18.39 18.26 18.02 17.69 17.30 16.86 16.59 16.72 17.22 18.05 19.15 20.46 21.95 23.54 25.20 26.85 28.48 30.06 31.61 33.10 34.51 35.76 36.77 37.55 38.13 38.51 38.70 38.71 38.57
11.99 12.17 12.46 12.93 13.55 14.33 15.24 16.26 17.39 18.56 19.49 20.10 20.44 20.50 20.33 19.95 19.37 18.70 18.02 17.36 16.71 16.10 15.51 14.95 14.44 14.00 13.65 13.40 13.24 13.16 13.15 13.19 13.29 13.43 13.61 13.82 14.05 14.31 14.58 14.85 15.15 15.48 15.86 16.27 16.72 17.19 17.70 18.22 18.72 19.09 19.28 19.33 19.24 19.04 18.75 18.40 18.18 18.34 18.85 19.65 20.71 21.96 23.35 24.83 26.32 27.79 29.23 30.63 31.99 33.30 34.55 35.72 36.72 37.50 38.08 38.46 38.65 38.67 38.53
12.68 12.85 13.07 13.40 13.90 14.55 15.33 16.25 17.27 18.34 19.17 19.69 19.93 19.91 19.65 19.18 18.60 18.00 17.41 16.83 16.27 15.73 15.21 14.73 14.29 13.89 13.55 13.30 13.14 13.06 13.04 13.08 13.18 13.31 13.48 13.69 13.92 14.18 14.45 14.74 15.08 15.46 15.88 16.34 16.83 17.35 17.89 18.46 19.04 19.60 20.01 20.25 20.33 20.28 20.11 19.85 19.70 19.91 20.44 21.25 22.28 23.48 24.79 26.13 27.45 28.76 30.03 31.27 32.47 33.62 34.71 35.73 36.67 37.45 38.03 38.41 38.60 38.63 38.50
13.36 13.52 13.73 13.98 14.33 14.83 15.48 16.26 17.16 18.10 18.82 19.23 19.36 19.22 18.86 18.37 17.85 17.33 16.82 16.31 15.82 15.35 14.90 14.48 14.09 13.74 13.44 13.20 13.04 12.96 12.94 12.98 13.06 13.19 13.36 13.57 13.80 14.06 14.34 14.67 15.05 15.47 15.93 16.43 16.96 17.52 18.10 18.70 19.31 19.94 20.54 20.98 21.25 21.36 21.33 21.18 21.12 21.39 21.97 22.79 23.82 24.98 26.17 27.37 28.55 29.71 30.84 31.94 33.00 34.01 34.96 35.85 36.66 37.39 37.96 38.35 38.55 38.58 38.45
14.03 14.18 14.36 14.58 14.83 15.18 15.67 16.30 17.06 17.86 18.44 18.72 18.71 18.46 18.06 17.62 17.17 16.72 16.27 15.83 15.40 14.98 14.59 14.22 13.88 13.58 13.32 13.10 12.95 12.86 12.84 12.88 12.96 13.08 13.25 13.45 13.69 13.95 14.27 14.64 15.05 15.51 16.00 16.53 17.10 17.68 18.30 18.93 19.57 20.22 20.89 21.51 21.98 22.27 22.39 22.37 22.42 22.77 23.40 24.26 25.28 26.35 27.43 28.50 29.56 30.60 31.62 32.60 33.53 34.42 35.26 36.03 36.73 37.36 37.89 38.27 38.48 38.51 38.40
14.66 14.79 14.96 15.14 15.35 15.59 15.92 16.38 16.97 17.61 18.04 18.16 18.02 17.70 17.35 16.97 16.59 16.20 15.80 15.41 15.03 14.66 14.31 13.98 13.68 13.41 13.18 12.99 12.85 12.77 12.75 12.78 12.86 12.98 13.14 13.35 13.59 13.88 14.23 14.63 15.07 15.56 16.08 16.64 17.23 17.85 18.48 19.13 19.80 20.48 21.16 21.84 22.47 22.96 23.25 23.38 23.55 24.00 24.71 25.60 26.56 27.54 28.51 29.48 30.44 31.38 32.30 33.18 34.02 34.82 35.56 36.23 36.84 37.38 37.82 38.18 38.38 38.43 38.32
15.25 15.36 15.49 15.65 15.82 16.00 16.21 16.49 16.89 17.36 17.62 17.58 17.35 17.08 16.78 16.46 16.12 15.78 15.43 15.08 14.74 14.40 14.09 13.79 13.51 13.27 13.06 12.89 12.76 12.68 12.66 12.69 12.77 12.88 13.05 13.26 13.52 13.84 14.22 14.64 15.11 15.62 16.17 16.75 17.36 17.99 18.64 19.31 19.99 20.68 21.38 22.07 22.76 23.40 23.89 24.18 24.49 25.06 25.84 26.70 27.58 28.47 29.37 30.26 31.14 32.01 32.85 33.65 34.42 35.14 35.81 36.41 36.95 37.41 37.79 38.08 38.26 38.31 38.21
15.77 15.86 15.96 16.08 16.21 16.34 16.48 16.63 16.84 17.11 17.18 17.05 16.85 16.63 16.37 16.10 15.80 15.50 15.18 14.86 14.55 14.24 13.94 13.66 13.40 13.17 12.97 12.81 12.69 12.61 12.58 12.61 12.68 12.80 12.96 13.19 13.48 13.82 14.22 14.66 15.15 15.68 16.24 16.84 17.46 18.11 18.77 19.45 20.14 20.84 21.55 22.25 22.94 23.63 24.26 24.73 25.20 25.88 26.66 27.46 28.28 29.12 29.96 30.79 31.62 32.43 33.21 33.96 34.68 35.34 35.96 36.51 37.00 37.41 37.74 37.99 38.13 38.17 38.08
16.22 16.28 16.35 16.42 16.50 16.58 16.66 16.73 16.80 16.87 16.83 16.72 16.57 16.38 16.16 15.92 15.65 15.37 15.08 14.79 14.49 14.19 13.91 13.63 13.38 13.15 12.95 12.78 12.65 12.57 12.53 12.54 12.61 12.73 12.91 13.15 13.46 13.82 14.23 14.69 15.19 15.72 16.30 16.90 17.53 18.19 18.86 19.54 20.24 20.94 21.65 22.35 23.04 23.73 24.40 25.01 25.63 26.33 27.07 27.84 28.62 29.42 30.22 31.02 31.81 32.59 33.34 34.06 34.74 35.38 35.97 36.49 36.95 37.34 37.64 37.86 37.98 38.00 37.90
16.58 16.61 16.64 16.67 16.69 16.71 16.72 16.72 16.70 16.70 16.67 16.59 16.47 16.32 16.12 15.90 15.66 15.40 15.12 14.84 14.55 14.26 13.97 13.70 13.45 13.21 13.00 12.82 12.67 12.57 12.51 12.50 12.55 12.68 12.87 13.13 13.44 13.81 14.23 14.70 15.20 15.75 16.33 16.94 17.57 18.22 18.90 19.58 20.27 20.97 21.67 22.37 23.06 23.73 24.40 25.04 25.69 26.38 27.10 27.84 28.61 29.39 30.18 30.96 31.74 32.50 33.24 33.94 34.61 35.24 35.81 36.33 36.78 37.16 37.46 37.67 37.78 37.79 37.69
16.84 16.83 16.82 16.80 16.77 16.72 16.67 16.59 16.53 16.52 16.51 16.47 16.39 16.26 16.09 15.90 15.67 15.43 15.17 14.89 14.61 14.33 14.05 13.78 13.51 13.27 13.05 12.86 12.70 12.57 12.49 12.46 12.51 12.64 12.84 13.10 13.42 13.80 14.22 14.69 15.20 15.74 16.32 16.93 17.56 18.21 18.88 19.56 20.24 20.93 21.62 22.31 22.99 23.65 24.30 24.95 25.60 26.28 26.99 27.72 28.48 29.25 30.03 30.80 31.57 32.32 33.06 33.76 34.42 35.05 35.62 36.13 36.58 36.96 37.25 37.47 37.58 37.59 37.46
16.98 16.94 16.88 16.81 16.73 16.62 16.50 16.39 16.33 16.32 16.32 16.29 16.24 16.15 16.01 15.84 15.64 15.42 15.17 14.91 14.64 14.37 14.09 13.82 13.56 13.31 13.08 12.88 12.71 12.57 12.47 12.45 12.49 12.62 12.81 13.08 13.40 13.77 14.20 14.66 15.17 15.71 16.28 16.88 17.50 18.15 18.80 19.47 20.15 20.82 21.50 22.17 22.83 23.48 24.13 24.79 25.45 26.13 26.84 27.56 28.31 29.07 29.84 30.61 31.38 32.13 32.86 33.56 34.22 34.85 35.42 35.93 36.38 36.76 37.06 37.28 37.40 37.38 37.19
17.01 16.93 16.83 16.72 16.58 16.41 16.25 16.15 16.10 16.09 16.09 16.07 16.04 15.98 15.88 15.74 15.56 15.36 15.14 14.89 14.64 14.37 14.11 13.84 13.58 13.33 13.10 12.89 12.70 12.56 12.47 12.45 12.50 12.61 12.80 13.05 13.37 13.74 14.15 14.61 15.11 15.64 16.21 16.80 17.41 18.04 18.68 19.33 19.99 20.65 21.31 21.96 22.60 23.25 23.90 24.56 25.23 25.92 26.63 27.35 28.10 28.86 29.63 30.40 31.16 31.91 32.64 33.34 34.01 34.63 35.21 35.73 36.19 36.57 36.88 37.10 37.20 37.13 36.88
16.93 16.82 16.68 16.51 16.32 16.12 15.98 15.88 15.84 15.84 15.84 15.83 15.80 15.76 15.69 15.58 15.44 15.26 15.06 14.84 14.60 14.35 14.09 13.83 13.58 13.33 13.10 12.88 12.70 12.56 12.48 12.46 12.51 12.63 12.80 13.04 13.33 13.69 14.10 14.55 15.03 15.55 16.10 16.67 17.27 17.88 18.50 19.13 19.77 20.41 21.04 21.67 22.31 22.95 23.61 24.28 24.95 25.65 26.37 27.10 27.84 28.60 29.37 30.14 30.91 31.66 32.40 33.10 33.78 34.41 34.99 35.52 35.99 36.38 36.70 36.90 36.95 36.84 36.54
16.75 16.60 16.41 16.20 15.98 15.81 15.68 15.60 15.56 15.57 15.57 15.56 15.54 15.51 15.46 15.38 15.27 15.12 14.95 14.75 14.53 14.29 14.05 13.80 13.55 13.31 13.08 12.87 12.69 12.57 12.50 12.49 12.55 12.66 12.82 13.04 13.31 13.64 14.03 14.46 14.93 15.43 15.96 16.51 17.09 17.68 18.28 18.88 19.49 20.11 20.71 21.33 21.97 22.61 23.27 23.94 24.62 25.32 26.05 26.79 27.54 28.30 29.08 29.85 30.62 31.38 32.13 32.84 33.52 34.17 34.76 35.30 35.78 36.18 36.49 36.65 36.66 36.51 36.18
16.46 16.27 16.05 15.82 15.62 15.47 15.36 15.29 15.26 15.27 15.28 15.28 15.26 15.23 15.19 15.14 15.06 14.94 14.79 14.62 14.42 14.21 13.98 13.74 13.51 13.27 13.05 12.85 12.70 12.59 12.53 12.53 12.59 12.70 12.85 13.05 13.30 13.60 13.96 14.37 14.81 15.29 15.79 16.32 16.87 17.43 18.00 18.58 19.16 19.74 20.34 20.95 21.58 22.22 22.88 23.55 24.24 24.95 25.68 26.42 27.18 27.95 28.73 29.52 30.30 31.07 31.82 32.55 33.25 33.90 34.51 35.07 35.56 35.96 36.23 36.36 36.34 36.16 35.79
16.07 15.85 15.61 15.41 15.24 15.11 15.02 14.96 14.95 14.96 14.97 14.98 14.97 14.94 14.91 14.86 14.80 14.72 14.60 14.46 14.28 14.09 13.88 13.66 13.44 13.22 13.02 12.85 12.71 12.62 12.57 12.58 12.64 12.75 12.89 13.07 13.30 13.57 13.89 14.26 14.67 15.12 15.60 16.10 16.61 17.14 17.68 18.22 18.77 19.34 19.92 20.53 21.15 21.79 22.45 23.12 23.82 24.53 25.26 26.01 26.78 27.56 28.34 29.14 29.94 30.72 31.49 32.23 32.94 33.61 34.24 34.81 35.30 35.68 35.93 36.04 35.99 35.78 35.39
15.59 15.36 15.15 14.98 14.84 14.74 14.66 14.62 14.61 14.63 14.65 14.66 14.65 14.64 14.61 14.57 14.52 14.46 14.38 14.26 14.11 13.95 13.76 13.56 13.35 13.16 12.99 12.84 12.73 12.65 12.62 12.63 12.70 12.80 12.94 13.10 13.30 13.54 13.82 14.15 14.52 14.94 15.38 15.84 16.32 16.81 17.31 17.82 18.35 18.90 19.48 20.07 20.69 21.33 21.99 22.66 23.35 24.07 24.81 25.56 26.33 27.12 27.91 28.72 29.52 30.33 31.11 31.87 32.60 33.30 33.94 34.52 34.99 35.35 35.59 35.68 35.62 35.39 34.97
15.04 14.84 14.68 14.54 14.43 14.35 14.29 14.27 14.27 14.29 14.32 14.33 14.33 14.32 14.30 14.27 14.23 14.18 14.11 14.03 13.92 13.77 13.61 13.44 13.26 13.10 12.96 12.84 12.74 12.68 12.66 12.68 12.76 12.86 12.99 13.14 13.31 13.52 13.77 14.05 14.37 14.73 15.13 15.56 15.99 16.44 16.91 17.39 17.90 18.44 19.00 19.59 20.20 20.84 21.49 22.17 22.86 23.58 24.32 25.08 25.85 26.64 27.44 28.25 29.07 29.89 30.69 31.48 32.23 32.95 33.60 34.17 34.63 34.99 35.21 35.29 35.22 34.98 34.56
14.47 14.32 14.19 14.08 14.00 13.95 13.91 13.90 13.91 13.94 13.97 13.99 13.99 13.99 13.98 13.96 13.92 13.88 13.83 13.77 13.69 13.57 13.44 13.30 13.17 13.04 12.92 12.83 12.75 12.71 12.70 12.74 12.81 12.92 13.04 13.17 13.33 13.51 13.71 13.95 14.22 14.52 14.87 15.24 15.63 16.04 16.48 16.94 17.44 17.96 18.51 19.09 19.69 20.32 20.97 21.65 22.34 23.06 23.80 24.56 25.34 26.13 26.94 27.75 28.57 29.40 30.23 31.04 31.82 32.55 33.20 33.77 34.23 34.58 34.81 34.89 34.81 34.56 34.13
13.88 13.78 13.69 13.62 13.57 13.53 13.52 13.52 13.54 13.58 13.61 13.64 13.65 13.65 13.65 13.64 13.61 13.58 13.54 13.49 13.43 13.35 13.26 13.16 13.07 12.97 12.88 12.81 12.76 12.74 12.74 12.78 12.87 12.97 13.08 13.20 13.34 13.49 13.66 13.85 14.07 14.31 14.59 14.90 15.25 15.62 16.03 16.48 16.96 17.47 18.00 18.57 19.17 19.79 20.44 21.11 21.80 22.52 23.27 24.03 24.81 25.60 26.41 27.23 28.05 28.89 29.72 30.55 31.35 32.09 32.75 33.32 33.80 34.15 34.38 34.46 34.39 34.14 33.72
13.29 13.23 13.18 13.14 13.12 13.11 13.12 13.14 13.17 13.21 13.25 13.28 13.30 13.31 13.31 13.31 13.29 13.27 13.24 13.20 13.16 13.12 13.07 13.01 12.95 12.89 12.83 12.79 12.76 12.75 12.77 12.83 12.92 13.02 13.12 13.23 13.34 13.47 13.60 13.75 13.92 14.10 14.32 14.56 14.85 15.20 15.59 16.01 16.47 16.96 17.49 18.04 18.63 19.25 19.89 20.56 21.25 21.97 22.71 23.47 24.25 25.05 25.86 26.68 27.51 28.35 29.19 30.02 30.83 31.58 32.25 32.84 33.32 33.69 33.93 34.02 33.96 33.73 33.31
12.69 12.67 12.66 12.66 12.67 12.69 12.71 12.75 12.79 12.84 12.88 12.92 12.94 12.96 12.97 12.98 12.97 12.96 12.94 12.92 12.89 12.88 12.86 12.85 12.82 12.80 12.77 12.75 12.75 12.76 12.79 12.86 12.95 13.06 13.16 13.25 13.34 13.44 13.54 13.64 13.76 13.89 14.04 14.23 14.48 14.78 15.14 15.55 15.99 16.46 16.97 17.51 18.09 18.69 19.33 19.99 20.69 21.40 22.14 22.91 23.69 24.48 25.29 26.12 26.95 27.79 28.62 29.45 30.25 31.02 31.71 32.32 32.82 33.21 33.47 33.58 33.53 33.32 32.92
12.08 12.11 12.14 12.18 12.21 12.26 12.30 12.35 12.40 12.46 12.51 12.55 12.58 12.61 12.63 12.64 12.65 12.65 12.64 12.64 12.64 12.64 12.65 12.67 12.68 12.69 12.69 12.70 12.72 12.75 12.80 12.88 12.98 13.09 13.18 13.26 13.33 13.40 13.46 13.53 13.60 13.67 13.78 13.93 14.13 14.39 14.71 15.08 15.50 15.96 16.45 16.98 17.55 18.14 18.77 19.43 20.12 20.83 21.57 22.33 23.11 23.91 24.72 25.54 26.37 27.21 28.04 28.86 29.66 30.42 31.13 31.77 32.30 32.71 32.99 33.13 33.11 32.92 32.54
11.46 11.54 11.62 11.69 11.75 11.82 11.89 11.95 12.02 12.08 12.13 12.18 12.22 12.26 12.29 12.31 12.33 12.34 12.35 12.37 12.39 12.41 12.44 12.48 12.52 12.56 12.60 12.63 12.67 12.72 12.79 12.88 12.99 13.10 13.19 13.26 13.31 13.35 13.38 13.40 13.43 13.47 13.54 13.66 13.82 14.03 14.30 14.64 15.03 15.47 15.95 16.46 17.01 17.60 18.22 18.87 19.55 20.26 21.00 21.76 22.53 23.33 24.14 24.96 25.79 26.63 27.46 28.27 29.06 29.82 30.53 31.19 31.76 32.20 32.52 32.69 32.70 32.54 32.19
