data_processed/recharge/precip/Precip_2008_02.asc
ncols        168
nrows        136
xllcorner    455000
yllcorner    2107000
cellsize     500
NODATA_value     -99999
[rows 0 to 37 of 136, columns 84 to 167 of 168]
16.58 16.51 16.42 16.31 16.19 16.05 15.90 15.73 15.55 15.36 15.16 14.95 14.73 14.50 14.27 14.02 13.78 13.52 13.26 13.00 12.73 12.46 12.20 11.93 11.66 11.39 11.12 10.86 10.60 10.35 10.10 9.86 9.62 9.40 9.19 8.99 8.81 8.65 8.49 8.27 7.92 7.47 6.91 6.27 5.55 4.75 3.91 3.01 2.09 1.16 0.23 0.00 0.00 0.00 0.00 0.00 0.00 0.00 0.00 0.00 0.00 0.00 0.00 0.00 0.00 0.00 0.00 0.00 0.00 0.00 0.00 0.00 0.00 0.00 0.00 0.00 0.00 0.00 0.00 0.00 0.00 0.00 0.00 0.00
16.41 16.35 16.26 16.16 16.05 15.91 15.77 15.61 15.43 15.25 15.05 14.85 14.63 14.40 14.17 13.93 13.68 13.43 13.17 12.91 12.65 12.38 12.11 11.84 11.57 11.30 11.04 10.77 10.51 10.26 10.01 9.76 9.53 9.31 9.10 8.90 8.72 8.55 8.40 8.17 7.83 7.38 6.83 6.19 5.47 4.69 3.85 2.96 2.04 1.10 0.16 0.00 0.00 0.00 0.00 0.00 0.00 0.00 0.00 0.00 0.00 0.00 0.00 0.00 0.00 0.00 0.00 0.00 0.00 0.00 0.00 0.00 0.00 0.00 0.00 0.00 0.00 0.00 0.00 0.00 0.00 0.00 0.00 0.55
16.24 16.18 16.10 16.01 15.90 15.77 15.63 15.47 15.30 15.12 14.93 14.73 14.52 14.29 14.06 13.82 13.58 13.33 13.07 12.81 12.55 12.28 12.02 11.75 11.48 11.21 10.94 10.68 10.42 10.16 9.91 9.66 9.43 9.21 9.00 8.80 8.62 8.45 8.30 8.08 7.74 7.29 6.74 6.11 5.40 4.62 3.79 2.91 2.00 1.06 0.12 0.00 0.00 0.00 0.00 0.00 0.00 0.00 0.00 0.00 0.00 0.00 0.00 0.00 0.00 0.00 0.00 0.00 0.00 0.00 0.00 0.00 0.00 0.00 0.00 0.00 0.00 0.00 0.00 0.00 0.00 0.00 0.12 1.47
16.05 16.00 15.93 15.84 15.74 15.62 15.48 15.33 15.17 14.99 14.80 14.60 14.39 14.18 13.95 13.71 13.47 13.22 12.97 12.71 12.45 12.18 11.92 11.65 11.38 11.11 10.84 10.57 10.31 10.05 9.80 9.56 9.32 9.10 8.89 8.69 8.51 8.35 8.19 7.97 7.63 7.19 6.65 6.02 5.32 4.55 3.72 2.86 1.95 1.03 0.09 0.00 0.00 0.00 0.00 0.00 0.00 0.00 0.00 0.00 0.00 0.00 0.00 0.00 0.00 0.00 0.00 0.00 0.00 0.00 0.00 0.00 0.00 0.00 0.00 0.00 0.00 0.00 0.00 0.00 0.00 0.00 1.06 2.33
15.86 15.82 15.75 15.67 15.57 15.46 15.33 15.18 15.02 14.85 14.67 14.47 14.27 14.05 13.83 13.59 13.35 13.11 12.85 12.60 12.34 12.07 11.81 11.54 11.27 11.00 10.73 10.46 10.20 9.94 9.69 9.44 9.21 8.99 8.77 8.58 8.40 8.23 8.08 7.86 7.53 7.09 6.55 5.93 5.23 4.47 3.66 2.80 1.91 0.99 0.07 0.00 0.00 0.00 0.00 0.00 0.00 0.00 0.00 0.00 0.00 0.00 0.00 0.00 0.00 0.00 0.00 0.00 0.00 0.00 0.00 0.00 0.00 0.00 0.00 0.00 0.00 0.00 0.00 0.00 0.00 0.71 1.94 3.14
15.66 15.62 15.56 15.49 15.40 15.29 15.16 15.02 14.87 14.70 14.52 14.33 14.13 13.92 13.70 13.47 13.23 12.98 12.73 12.48 12.22 11.96 11.69 11.42 11.15 10.88 10.61 10.35 10.08 9.82 9.57 9.32 9.09 8.87 8.65 8.46 8.28 8.12 7.97 7.75 7.42 6.98 6.45 5.83 5.14 4.39 3.58 2.74 1.86 0.96 0.04 0.00 0.00 0.00 0.00 0.00 0.00 0.00 0.00 0.00 0.00 0.00 0.00 0.00 0.00 0.00 0.00 0.00 0.00 0.00 0.00 0.00 0.00 0.00 0.00 0.00 0.00 0.00 0.00 0.00 0.41 1.60 2.76 3.90
15.45 15.42 15.37 15.30 15.22 15.11 14.99 14.86 14.71 14.55 14.37 14.18 13.99 13.78 13.56 13.33 13.10 12.86 12.61 12.35 12.10 11.83 11.57 11.30 11.03 10.76 10.49 10.22 9.96 9.70 9.44 9.20 8.96 8.74 8.53 8.33 8.16 8.00 7.85 7.63 7.30 6.87 6.34 5.73 5.05 4.31 3.51 2.67 1.81 0.92 0.02 0.00 0.00 0.00 0.00 0.00 0.00 0.00 0.00 0.00 0.00 0.00 0.00 0.00 0.00 0.00 0.00 0.00 0.00 0.00 0.00 0.00 0.00 0.00 0.00 0.00 0.00 0.00 0.00 0.16 1.31 2.43 3.53 4.60
15.24 15.21 15.17 15.11 15.03 14.93 14.82 14.69 14.54 14.39 14.21 14.03 13.84 13.63 13.42 13.19 12.96 12.72 12.47 12.22 11.97 11.71 11.44 11.17 10.90 10.63 10.36 10.09 9.82 9.56 9.31 9.07 8.83 8.61 8.40 8.21 8.03 7.87 7.72 7.51 7.18 6.75 6.23 5.63 4.95 4.22 3.43 2.61 1.75 0.88 0.00 0.00 0.00 0.00 0.00 0.00 0.00 0.00 0.00 0.00 0.00 0.00 0.00 0.00 0.00 0.00 0.00 0.00 0.00 0.00 0.00 0.00 0.00 0.00 0.00 0.00 0.00 0.00 0.00 1.05 2.13 3.19 4.23 5.25
15.03 15.00 14.96 14.91 14.83 14.74 14.63 14.51 14.37 14.22 14.05 13.87 13.68 13.48 13.27 13.05 12.82 12.58 12.34 12.09 11.83 11.57 11.31 11.04 10.76 10.49 10.22 9.95 9.69 9.43 9.17 8.93 8.69 8.47 8.27 8.07 7.90 7.74 7.59 7.38 7.06 6.64 6.12 5.52 4.86 4.13 3.35 2.54 1.70 0.83 0.00 0.00 0.00 0.00 0.00 0.00 0.00 0.00 0.00 0.00 0.00 0.00 0.00 0.00 0.00 0.00 0.00 0.00 0.00 0.00 0.00 0.00 0.00 0.00 0.00 0.00 0.00 0.00 0.82 1.86 2.89 3.90 4.89 5.84
14.82 14.79 14.75 14.70 14.63 14.55 14.45 14.33 14.19 14.04 13.88 13.71 13.52 13.32 13.11 12.90 12.67 12.44 12.19 11.95 11.69 11.43 11.16 10.89 10.62 10.35 10.08 9.81 9.54 9.28 9.03 8.79 8.55 8.33 8.13 7.94 7.76 7.60 7.46 7.25 6.93 6.51 6.01 5.42 4.76 4.04 3.27 2.47 1.64 0.79 0.00 0.00 0.00 0.00 0.00 0.00 0.00 0.00 0.00 0.00 0.00 0.00 0.00 0.00 0.00 0.00 0.00 0.00 0.00 0.00 0.00 0.00 0.00 0.00 0.00 0.00 0.00 0.61 1.62 2.61 3.59 4.54 5.48 6.39
14.61 14.58 14.54 14.49 14.43 14.35 14.25 14.14 14.01 13.87 13.71 13.54 13.36 13.16 12.96 12.74 12.52 12.29 12.05 11.80 11.54 11.28 11.01 10.74 10.47 10.20 9.93 9.66 9.39 9.13 8.88 8.64 8.41 8.19 7.98 7.79 7.62 7.47 7.33 7.12 6.81 6.39 5.89 5.31 4.66 3.95 3.19 2.40 1.58 0.74 0.00 0.00 0.00 0.00 0.00 0.00 0.00 0.00 0.00 0.00 0.00 0.00 0.00 0.00 0.00 0.00 0.00 0.00 0.00 0.00 0.00 0.00 0.00 0.00 0.00 0.00 0.41 1.38 2.34 3.29 4.22 5.13 6.02 6.88
14.41 14.38 14.34 14.29 14.22 14.15 14.06 13.95 13.82 13.69 13.53 13.37 13.19 13.00 12.79 12.58 12.36 12.13 11.89 11.65 11.39 11.13 10.86 10.59 10.32 10.04 9.77 9.50 9.24 8.98 8.73 8.49 8.26 8.04 7.84 7.65 7.48 7.33 7.19 6.98 6.68 6.27 5.77 5.20 4.55 3.85 3.11 2.33 1.52 0.70 0.00 0.00 0.00 0.00 0.00 0.00 0.00 0.00 0.00 0.00 0.00 0.00 0.00 0.00 0.00 0.00 0.00 0.00 0.00 0.00 0.00 0.00 0.00 0.00 0.00 0.22 1.15 2.07 2.99 3.90 4.78 5.65 6.50 7.32
14.20 14.17 14.13 14.08 14.02 13.94 13.85 13.75 13.63 13.50 13.35 13.19 13.01 12.83 12.63 12.42 12.20 11.97 11.74 11.49 11.23 10.97 10.70 10.43 10.16 9.88 9.61 9.34 9.08 8.82 8.57 8.33 8.10 7.89 7.69 7.50 7.33 7.18 7.05 6.85 6.54 6.14 5.65 5.08 4.45 3.76 3.03 2.26 1.46 0.65 0.00 0.00 0.00 0.00 0.00 0.00 0.00 0.00 0.00 0.00 0.00 0.00 0.00 0.00 0.00 0.00 0.00 0.00 0.00 0.00 0.00 0.00 0.00 0.00 0.02 0.91 1.80 2.69 3.57 4.44 5.29 6.12 6.92 7.70
14.00 13.97 13.93 13.88 13.81 13.74 13.65 13.55 13.44 13.31 13.17 13.01 12.84 12.66 12.46 12.25 12.04 11.81 11.57 11.32 11.06 10.80 10.53 10.26 9.99 9.72 9.45 9.18 8.92 8.66 8.41 8.17 7.95 7.73 7.53 7.35 7.19 7.04 6.90 6.71 6.41 6.01 5.53 4.97 4.34 3.67 2.94 2.18 1.40 0.61 0.00 0.00 0.00 0.00 0.00 0.00 0.00 0.00 0.00 0.00 0.00 0.00 0.00 0.00 0.00 0.00 0.00 0.00 0.00 0.00 0.00 0.00 0.00 0.00 0.66 1.52 2.38 3.23 4.08 4.91 5.73 6.52 7.29 8.04
13.80 13.77 13.73 13.67 13.61 13.54 13.45 13.35 13.24 13.12 12.98 12.83 12.66 12.48 12.29 12.09 11.87 11.64 11.40 11.15 10.89 10.63 10.36 10.09 9.82 9.55 9.28 9.01 8.75 8.50 8.25 8.01 7.79 7.58 7.38 7.20 7.04 6.89 6.76 6.57 6.27 5.88 5.41 4.85 4.24 3.57 2.86 2.11 1.35 0.57 0.00 0.00 0.00 0.00 0.00 0.00 0.00 0.00 0.00 0.00 0.00 0.00 0.00 0.00 0.00 0.00 0.00 0.00 0.00 0.00 0.00 0.00 0.00 0.39 1.22 2.05 2.88 3.70 4.51 5.32 6.10 6.87 7.61 8.32
13.60 13.57 13.53 13.47 13.41 13.34 13.25 13.15 13.04 12.92 12.79 12.64 12.48 12.30 12.11 11.91 11.69 11.46 11.22 10.97 10.72 10.45 10.19 9.92 9.64 9.37 9.11 8.84 8.58 8.33 8.08 7.85 7.63 7.42 7.22 7.04 6.88 6.74 6.62 6.43 6.14 5.75 5.28 4.74 4.13 3.48 2.77 2.04 1.29 0.52 0.00 0.00 0.00 0.00 0.00 0.00 0.00 0.00 0.00 0.00 0.00 0.00 0.00 0.00 0.00 0.00 0.00 0.00 0.00 0.00 0.00 0.00 0.08 0.88 1.68 2.49 3.29 4.09 4.88 5.65 6.41 7.15 7.87 8.55
13.40 13.37 13.33 13.27 13.21 13.14 13.05 12.96 12.85 12.73 12.60 12.46 12.30 12.12 11.93 11.73 11.51 11.28 11.04 10.79 10.54 10.27 10.01 9.74 9.47 9.20 8.93 8.67 8.41 8.16 7.91 7.68 7.46 7.25 7.06 6.89 6.73 6.59 6.47 6.29 6.00 5.62 5.16 4.63 4.03 3.38 2.69 1.97 1.23 0.48 0.00 0.00 0.00 0.00 0.00 0.00 0.00 0.00 0.00 0.00 0.00 0.00 0.00 0.00 0.00 0.00 0.00 0.00 0.00 0.00 0.00 0.00 0.51 1.28 2.07 2.85 3.63 4.41 5.17 5.92 6.66 7.38 8.07 8.73
13.20 13.17 13.13 13.08 13.02 12.94 12.86 12.76 12.65 12.54 12.41 12.27 12.11 11.94 11.75 11.54 11.33 11.10 10.86 10.61 10.35 10.09 9.82 9.55 9.28 9.02 8.75 8.49 8.23 7.98 7.74 7.51 7.30 7.09 6.90 6.73 6.58 6.44 6.32 6.14 5.86 5.49 5.04 4.51 3.93 3.29 2.61 1.90 1.18 0.44 0.00 0.00 0.00 0.00 0.00 0.00 0.00 0.00 0.00 0.00 0.00 0.00 0.00 0.00 0.00 0.00 0.00 0.00 0.00 0.00 0.00 0.09 0.84 1.60 2.36 3.12 3.89 4.65 5.39 6.13 6.85 7.54 8.22 8.86
13.01 12.98 12.94 12.88 12.82 12.75 12.66 12.57 12.46 12.35 12.22 12.08 11.92 11.75 11.56 11.35 11.13 10.90 10.66 10.42 10.16 9.90 9.63 9.37 9.10 8.83 8.57 8.31 8.05 7.81 7.57 7.34 7.13 6.93 6.74 6.57 6.42 6.29 6.18 6.00 5.73 5.36 4.92 4.40 3.82 3.20 2.53 1.84 1.13 0.41 0.00 0.00 0.00 0.00 0.00 0.00 0.00 0.00 0.00 0.00 0.00 0.00 0.00 0.00 0.00 0.00 0.00 0.00 0.00 0.00 0.00 0.33 1.07 1.82 2.57 3.32 4.07 4.81 5.55 6.27 6.97 7.65 8.31 8.94
12.82 12.79 12.74 12.69 12.63 12.56 12.47 12.38 12.27 12.16 12.03 11.89 11.73 11.55 11.36 11.16 10.94 10.71 10.47 10.22 9.97 9.71 9.44 9.18 8.91 8.65 8.38 8.13 7.87 7.63 7.39 7.17 6.96 6.76 6.58 6.41 6.27 6.14 6.03 5.86 5.59 5.23 4.80 4.29 3.72 3.11 2.45 1.77 1.08 0.37 0.00 0.00 0.00 0.00 0.00 0.00 0.00 0.00 0.00 0.00 0.00 0.00 0.00 0.00 0.00 0.00 0.00 0.00 0.00 0.00 0.00 0.48 1.21 1.95 2.69 3.43 4.17 4.90 5.63 6.34 7.03 7.70 8.35 8.97
12.63 12.59 12.55 12.50 12.44 12.37 12.28 12.19 12.09 11.97 11.84 11.69 11.53 11.35 11.16 10.96 10.74 10.51 10.27 10.02 9.77 9.51 9.25 8.98 8.72 8.46 8.20 7.94 7.69 7.45 7.22 7.00 6.79 6.59 6.42 6.25 6.11 5.99 5.88 5.72 5.46 5.11 4.68 4.18 3.62 3.02 2.38 1.71 1.03 0.34 0.00 0.00 0.00 0.00 0.00 0.00 0.00 0.00 0.00 0.00 0.00 0.00 0.00 0.00 0.00 0.00 0.00 0.00 0.00 0.00 0.00 0.53 1.26 1.99 2.72 3.46 4.19 4.92 5.64 6.34 7.03 7.69 8.33 8.94
12.44 12.41 12.36 12.31 12.25 12.18 12.10 12.00 11.90 11.78 11.65 11.49 11.33 11.15 10.96 10.75 10.54 10.31 10.07 9.82 9.57 9.31 9.05 8.79 8.53 8.27 8.01 7.76 7.51 7.27 7.04 6.82 6.62 6.43 6.25 6.10 5.96 5.84 5.74 5.58 5.32 4.98 4.56 4.07 3.52 2.93 2.31 1.65 0.98 0.31 0.00 0.00 0.00 0.00 0.00 0.00 0.00 0.00 0.00 0.00 0.00 0.00 0.00 0.00 0.00 0.00 0.00 0.00 0.00 0.00 0.00 0.49 1.21 1.94 2.67 3.41 4.14 4.86 5.58 6.28 6.96 7.63 8.26 8.87
12.25 12.22 12.18 12.13 12.07 11.99 11.91 11.82 11.71 11.59 11.45 11.29 11.13 10.94 10.75 10.54 10.33 10.10 9.86 9.62 9.37 9.11 8.85 8.59 8.33 8.07 7.82 7.57 7.33 7.09 6.86 6.65 6.45 6.26 6.09 5.94 5.81 5.69 5.59 5.44 5.19 4.86 4.44 3.96 3.43 2.85 2.24 1.60 0.94 0.29 0.00 0.00 0.00 0.00 0.00 0.00 0.00 0.00 0.00 0.00 0.00 0.00 0.00 0.00 0.00 0.00 0.00 0.00 0.00 0.00 0.00 0.34 1.07 1.80 2.53 3.27 4.00 4.73 5.45 6.15 6.84 7.50 8.14 8.75
12.06 12.03 11.99 11.94 11.88 11.81 11.73 11.63 11.52 11.39 11.25 11.09 10.92 10.74 10.54 10.33 10.12 9.89 9.66 9.41 9.16 8.91 8.65 8.39 8.14 7.88 7.63 7.38 7.14 6.91 6.69 6.48 6.28 6.10 5.93 5.78 5.65 5.55 5.45 5.30 5.06 4.73 4.33 3.86 3.34 2.77 2.17 1.54 0.91 0.27 0.00 0.00 0.00 0.00 0.00 0.00 0.00 0.00 0.00 0.00 0.00 0.00 0.00 0.00 0.00 0.00 0.00 0.00 0.00 0.00 0.00 0.10 0.83 1.57 2.31 3.05 3.79 4.53 5.25 5.96 6.65 7.32 7.96 8.57
11.88 11.85 11.81 11.76 11.70 11.63 11.54 11.44 11.32 11.19 11.04 10.88 10.71 10.52 10.33 10.12 9.90 9.68 9.44 9.20 8.96 8.70 8.45 8.19 7.94 7.69 7.44 7.19 6.96 6.73 6.51 6.30 6.11 5.93 5.77 5.63 5.50 5.40 5.31 5.17 4.94 4.62 4.22 3.76 3.25 2.69 2.11 1.50 0.87 0.25 0.00 0.00 0.00 0.00 0.00 0.00 0.00 0.00 0.00 0.00 0.00 0.00 0.00 0.00 0.00 0.00 0.00 0.00 0.00 0.00 0.00 0.00 0.50 1.25 2.00 2.76 3.51 4.25 4.98 5.70 6.40 7.08 7.73 8.35
11.70 11.67 11.63 11.58 11.52 11.44 11.35 11.24 11.12 10.98 10.83 10.67 10.49 10.31 10.11 9.91 9.69 9.46 9.23 8.99 8.75 8.50 8.25 7.99 7.74 7.49 7.25 7.01 6.77 6.55 6.33 6.13 5.94 5.77 5.61 5.47 5.35 5.26 5.17 5.04 4.81 4.50 4.11 3.67 3.17 2.62 2.05 1.45 0.85 0.24 0.00 0.00 0.00 0.00 0.00 0.00 0.00 0.00 0.00 0.00 0.00 0.00 0.00 0.00 0.00 0.00 0.00 0.00 0.00 0.00 0.00 0.00 0.09 0.84 1.61 2.38 3.14 3.90 4.64 5.37 6.09 6.78 7.44 8.08
11.52 11.49 11.45 11.40 11.33 11.25 11.15 11.04 10.91 10.77 10.62 10.45 10.28 10.09 9.89 9.69 9.47 9.25 9.02 8.78 8.54 8.29 8.04 7.79 7.54 7.30 7.06 6.82 6.59 6.37 6.16 5.96 5.78 5.61 5.45 5.32 5.21 5.12 5.04 4.91 4.69 4.39 4.01 3.57 3.08 2.55 1.99 1.41 0.82 0.23 0.00 0.00 0.00 0.00 0.00 0.00 0.00 0.00 0.00 0.00 0.00 0.00 0.00 0.00 0.00 0.00 0.00 0.00 0.00 0.00 0.00 0.00 0.00 0.36 1.13 1.92 2.70 3.47 4.24 4.99 5.72 6.42 7.10 7.76
11.34 11.31 11.27 11.21 11.14 11.05 10.95 10.83 10.70 10.56 10.40 10.23 10.06 9.87 9.67 9.47 9.25 9.03 8.80 8.57 8.33 8.08 7.84 7.59 7.35 7.10 6.86 6.63 6.41 6.19 5.98 5.79 5.61 5.45 5.30 5.17 5.06 4.98 4.91 4.79 4.57 4.28 3.91 3.49 3.01 2.49 1.94 1.38 0.80 0.23 0.00 0.00 0.00 0.00 0.00 0.00 0.00 0.00 0.00 0.00 0.00 0.00 0.00 0.00 0.00 0.00 0.00 0.00 0.00 0.00 0.00 0.00 0.00 0.00 0.58 1.38 2.18 2.98 3.76 4.53 5.28 6.01 6.71 7.39
11.16 11.13 11.08 11.02 10.94 10.85 10.74 10.62 10.48 10.34 10.18 10.01 9.83 9.64 9.45 9.24 9.03 8.81 8.58 8.35 8.12 7.88 7.63 7.39 7.15 6.91 6.67 6.45 6.23 6.01 5.81 5.62 5.45 5.29 5.15 5.03 4.92 4.84 4.78 4.66 4.46 4.17 3.82 3.40 2.94 2.43 1.90 1.35 0.79 0.24 0.00 0.00 0.00 0.00 0.00 0.00 0.00 0.00 0.00 0.00 0.00 0.00 0.00 0.00 0.00 0.00 0.00 0.00 0.00 0.00 0.00 0.00 0.00 0.00 0.00 0.77 1.58 2.41 3.22 4.01 4.79 5.54 6.27 6.97
10.98 10.95 10.89 10.82 10.74 10.64 10.53 10.40 10.26 10.11 9.95 9.78 9.60 9.41 9.22 9.01 8.80 8.58 8.36 8.13 7.90 7.67 7.43 7.19 6.95 6.72 6.49 6.26 6.05 5.84 5.64 5.46 5.29 5.14 5.00 4.88 4.79 4.71 4.65 4.55 4.35 4.07 3.73 3.32 2.87 2.38 1.86 1.33 0.79 0.25 0.00 0.00 0.00 0.00 0.00 0.00 0.00 0.00 0.00 0.00 0.00 0.00 0.00 0.00 0.00 0.00 0.00 0.00 0.00 0.00 0.00 0.00 0.00 0.00 0.00 0.13 0.92 1.76 2.60 3.43 4.23 5.02 5.77 6.50
10.80 10.76 10.69 10.62 10.53 10.42 10.31 10.18 10.04 9.88 9.72 9.55 9.37 9.18 8.98 8.78 8.57 8.36 8.14 7.91 7.69 7.46 7.22 6.99 6.76 6.53 6.30 6.08 5.87 5.67 5.47 5.30 5.13 4.98 4.85 4.74 4.65 4.59 4.53 4.43 4.25 3.98 3.64 3.25 2.81 2.33 1.83 1.31 0.79 0.27 0.00 0.00 0.00 0.00 0.00 0.00 0.00 0.00 0.00 0.00 0.00 0.00 0.00 0.00 0.00 0.00 0.00 0.00 0.00 0.00 0.00 0.00 0.00 0.00 0.00 0.00 0.25 1.06 1.92 2.78 3.62 4.43 5.22 5.98
10.61 10.56 10.49 10.41 10.31 10.20 10.08 9.95 9.80 9.65 9.49 9.31 9.13 8.94 8.75 8.55 8.34 8.13 7.91 7.69 7.47 7.24 7.02 6.79 6.56 6.34 6.12 5.90 5.69 5.50 5.31 5.14 4.98 4.84 4.71 4.61 4.52 4.46 4.42 4.33 4.15 3.89 3.56 3.18 2.76 2.29 1.80 1.30 0.79 0.29 0.00 0.00 0.00 0.00 0.00 0.00 0.00 0.00 0.00 0.00 0.00 0.00 0.00 0.00 0.00 0.00 0.00 0.00 0.00 0.00 0.00 0.00 0.00 0.00 0.00 0.00 0.00 0.35 1.19 2.07 2.94 3.80 4.62 5.42
10.41 10.35 10.28 10.19 10.09 9.98 9.85 9.71 9.57 9.41 9.25 9.07 8.89 8.70 8.51 8.31 8.10 7.89 7.68 7.46 7.25 7.03 6.81 6.59 6.37 6.15 5.93 5.72 5.52 5.33 5.15 4.98 4.83 4.69 4.58 4.48 4.40 4.35 4.31 4.22 4.05 3.80 3.49 3.12 2.71 2.26 1.78 1.30 0.81 0.32 0.00 0.00 0.00 0.00 0.00 0.00 0.00 0.00 0.00 0.00 0.00 0.00 0.00 0.00 0.00 0.00 0.00 0.00 0.00 0.00 0.00 0.00 0.00 0.00 0.00 0.00 0.00 0.00 0.45 1.31 2.21 3.10 3.97 4.80
10.21 10.14 10.06 9.97 9.86 9.74 9.61 9.47 9.32 9.17 9.00 8.83 8.64 8.46 8.26 8.07 7.86 7.66 7.45 7.24 7.02 6.81 6.60 6.38 6.17 5.96 5.75 5.55 5.35 5.17 4.99 4.83 4.68 4.55 4.44 4.35 4.28 4.23 4.20 4.12 3.96 3.73 3.42 3.07 2.67 2.23 1.77 1.30 0.83 0.36 0.00 0.00 0.00 0.00 0.00 0.00 0.00 0.00 0.00 0.00 0.00 0.00 0.00 0.00 0.00 0.00 0.00 0.00 0.00 0.00 0.00 0.00 0.00 0.00 0.00 0.00 0.00 0.00 0.00 0.55 1.43 2.35 3.26 4.14
9.99 9.92 9.83 9.73 9.62 9.50 9.37 9.23 9.08 8.92 8.75 8.57 8.39 8.21 8.02 7.82 7.62 7.42 7.21 7.00 6.80 6.59 6.38 6.18 5.97 5.77 5.57 5.38 5.19 5.01 4.84 4.68 4.54 4.42 4.31 4.23 4.17 4.13 4.10 4.03 3.88 3.65 3.36 3.02 2.63 2.21 1.77 1.31 0.86 0.41 0.00 0.00 0.00 0.00 0.00 0.00 0.00 0.00 0.00 0.00 0.00 0.00 0.00 0.00 0.00 0.00 0.00 0.00 0.00 0.00 0.00 0.00 0.00 0.00 0.00 0.00 0.00 0.00 0.00 0.00 0.66 1.56 2.51 3.44
9.77 9.69 9.60 9.50 9.38 9.26 9.12 8.98 8.82 8.66 8.49 8.32 8.14 7.95 7.76 7.57 7.37 7.17 6.97 6.77 6.57 6.37 6.17 5.97 5.77 5.58 5.39 5.20 5.02 4.85 4.69 4.54 4.41 4.29 4.19 4.11 4.06 4.02 4.01 3.95 3.80 3.59 3.31 2.98 2.60 2.20 1.77 1.33 0.89 0.45 0.01 0.00 0.00 0.00 0.00 0.00 0.00 0.00 0.00 0.00 0.00 0.00 0.00 0.00 0.00 0.00 0.00 0.00 0.00 0.00 0.00 0.00 0.00 0.00 0.00 0.00 0.00 0.00 0.00 0.00 0.00 0.79 1.72 2.68
9.54 9.46 9.36 9.25 9.13 9.00 8.86 8.72 8.56 8.40 8.23 8.06 7.88 7.69 7.50 7.31 7.12 6.93 6.73 6.53 6.34 6.14 5.95 5.76 5.57 5.38 5.20 5.03 4.86 4.70 4.54 4.40 4.27 4.16 4.07 4.00 3.95 3.93 3.92 3.87 3.74 3.53 3.26 2.94 2.58 2.19 1.78 1.36 0.93 0.51 0.08 0.00 0.00 0.00 0.00 0.00 0.00 0.00 0.00 0.00 0.00 0.00 0.00 0.00 0.00 0.00 0.00 0.00 0.00 0.00 0.00 0.00 0.00 0.00 0.00 0.00 0.00 0.00 0.00 0.00 0.00 0.08 0.95 1.89
9.30 9.21 9.11 9.00 8.87 8.74 8.60 8.45 8.30 8.13 7.96 7.79 7.61 7.43 7.24 7.05 6.86 6.67 6.48 6.29 6.10 5.91 5.73 5.54 5.36 5.19 5.02 4.85 4.70 4.54 4.40 4.27 4.15 4.05 3.96 3.90 3.86 3.84 3.84 3.80 3.67 3.48 3.22 2.92 2.57 2.20 1.80 1.40 0.99 0.57 0.16 0.00 0.00 0.00 0.00 0.00 0.00 0.00 0.00 0.00 0.00 0.00 0.00 0.00 0.00 0.00 0.00 0.00 0.00 0.00 0.00 0.00 0.00 0.00 0.00 0.00 0.00 0.00 0.00 0.00 0.00 0.00 0.25 1.14
