data_processed/recharge/precip/Precip_1992_07.asc
ncols        168
nrows        136
xllcorner    455000
yllcorner    2107000
cellsize     500
NODATA_value     -99999
[rows 96 to 127 of 136, columns 71 to 141 of 168]
118.86 117.97 117.24 116.67 116.25 115.99 115.87 115.87 115.94 116.09 116.30 116.55 116.83 117.15 117.49 117.86 118.26 118.69 119.14 119.61 120.11 120.63 121.18 121.74 122.32 122.92 123.54 124.19 124.92 125.69 126.51 127.34 128.19 128.92 129.41 129.65 129.67 129.50 129.17 128.74 128.30 127.85 127.41 126.98 126.56 126.16 125.78 125.44 125.14 124.88 124.66 124.50 124.40 124.37 124.43 124.58 124.83 125.16 125.57 126.05 126.58 127.17 127.79 128.44 129.13 129.85 130.61 131.40 132.23 133.06 133.90
118.24 117.43 116.70 116.11 115.68 115.40 115.26 115.24 115.28 115.40 115.56 115.77 116.00 116.27 116.57 116.90 117.26 117.64 118.05 118.49 118.95 119.44 119.94 120.47 121.02 121.59 122.18 122.78 123.42 124.13 124.88 125.67 126.47 127.17 127.63 127.85 127.85 127.66 127.37 127.05 126.71 126.37 126.03 125.69 125.37 125.06 124.78 124.52 124.29 124.11 123.96 123.87 123.84 123.86 123.95 124.14 124.41 124.77 125.21 125.71 126.27 126.88 127.53 128.22 128.94 129.72 130.54 131.39 132.27 133.16 134.05
117.45 116.78 116.10 115.50 115.05 114.74 114.58 114.52 114.54 114.61 114.72 114.88 115.06 115.28 115.53 115.82 116.13 116.47 116.84 117.23 117.65 118.10 118.57 119.06 119.57 120.11 120.66 121.23 121.82 122.45 123.13 123.86 124.61 125.27 125.69 125.88 125.85 125.70 125.51 125.29 125.07 124.83 124.59 124.35 124.12 123.90 123.70 123.52 123.37 123.26 123.19 123.16 123.19 123.27 123.42 123.63 123.94 124.32 124.79 125.32 125.91 126.55 127.23 127.96 128.74 129.58 130.46 131.37 132.30 133.25 134.18
116.45 115.92 115.37 114.82 114.34 114.01 113.82 113.72 113.69 113.71 113.77 113.87 114.00 114.17 114.37 114.60 114.87 115.16 115.48 115.83 116.21 116.61 117.04 117.49 117.96 118.46 118.97 119.51 120.06 120.63 121.24 121.90 122.60 123.21 123.59 123.73 123.73 123.68 123.60 123.50 123.37 123.24 123.09 122.95 122.80 122.67 122.55 122.46 122.38 122.34 122.34 122.38 122.46 122.60 122.80 123.07 123.40 123.82 124.31 124.88 125.50 126.17 126.89 127.68 128.53 129.43 130.37 131.34 132.33 133.33 134.31
115.28 114.87 114.44 114.00 113.55 113.19 112.95 112.82 112.73 112.70 112.70 112.74 112.81 112.92 113.07 113.25 113.46 113.70 113.97 114.27 114.60 114.96 115.34 115.75 116.18 116.63 117.11 117.60 118.12 118.65 119.20 119.79 120.42 120.98 121.30 121.47 121.57 121.63 121.66 121.66 121.64 121.60 121.55 121.50 121.44 121.39 121.36 121.34 121.34 121.36 121.43 121.53 121.67 121.87 122.12 122.43 122.80 123.25 123.78 124.38 125.03 125.75 126.53 127.39 128.30 129.27 130.28 131.31 132.35 133.40 134.43
113.93 113.62 113.30 112.96 112.61 112.26 111.99 111.79 111.65 111.55 111.49 111.46 111.48 111.53 111.62 111.74 111.89 112.08 112.30 112.55 112.82 113.13 113.46 113.82 114.21 114.61 115.04 115.50 115.97 116.46 116.98 117.51 118.07 118.56 118.90 119.16 119.38 119.55 119.69 119.79 119.87 119.93 119.98 120.01 120.04 120.07 120.12 120.17 120.24 120.34 120.46 120.62 120.82 121.07 121.37 121.72 122.14 122.63 123.19 123.82 124.52 125.30 126.15 127.08 128.07 129.10 130.17 131.26 132.36 133.46 134.55
112.43 112.19 111.95 111.70 111.44 111.16 110.89 110.64 110.43 110.26 110.13 110.04 109.99 109.98 110.00 110.06 110.16 110.29 110.45 110.64 110.86 111.11 111.39 111.70 112.04 112.39 112.78 113.18 113.61 114.06 114.53 115.02 115.53 116.02 116.46 116.84 117.17 117.45 117.69 117.90 118.08 118.23 118.37 118.49 118.60 118.72 118.83 118.96 119.10 119.26 119.44 119.66 119.92 120.21 120.56 120.96 121.42 121.94 122.53 123.20 123.96 124.82 125.75 126.75 127.81 128.91 130.04 131.19 132.35 133.50 134.64
110.76 110.58 110.40 110.21 110.02 109.83 109.63 109.37 109.08 108.84 108.64 108.47 108.35 108.27 108.23 108.22 108.25 108.31 108.41 108.54 108.70 108.89 109.11 109.36 109.64 109.94 110.27 110.62 111.00 111.40 111.82 112.26 112.76 113.33 113.88 114.38 114.82 115.21 115.56 115.87 116.15 116.39 116.62 116.83 117.03 117.22 117.42 117.62 117.83 118.05 118.30 118.58 118.89 119.24 119.63 120.07 120.57 121.13 121.74 122.39 123.21 124.15 125.17 126.25 127.38 128.55 129.75 130.96 132.19 133.40 134.60
108.90 108.77 108.64 108.52 108.40 108.29 108.16 107.95 107.64 107.32 107.03 106.79 106.59 106.43 106.30 106.22 106.17 106.16 106.18 106.24 106.33 106.45 106.61 106.79 107.00 107.24 107.51 107.80 108.11 108.45 108.81 109.24 109.77 110.40 111.03 111.65 112.21 112.71 113.17 113.59 113.97 114.32 114.64 114.95 115.23 115.51 115.79 116.06 116.35 116.65 116.96 117.30 117.67 118.08 118.52 119.01 119.56 120.14 120.73 121.34 122.14 123.14 124.25 125.42 126.64 127.90 129.18 130.47 131.77 133.06 134.32
106.89 106.80 106.72 106.65 106.61 106.58 106.51 106.34 106.07 105.71 105.34 105.01 104.72 104.47 104.26 104.09 103.96 103.86 103.80 103.78 103.79 103.83 103.91 104.02 104.15 104.32 104.51 104.73 104.97 105.25 105.58 106.02 106.60 107.27 107.96 108.66 109.33 109.96 110.54 111.07 111.55 112.01 112.43 112.83 113.21 113.58 113.94 114.30 114.67 115.04 115.43 115.84 116.27 116.73 117.24 117.78 118.36 118.93 119.49 120.07 120.85 121.85 123.03 124.30 125.62 126.97 128.34 129.73 131.11 132.48 133.83
104.76 104.69 104.65 104.67 104.72 104.75 104.70 104.56 104.33 104.00 103.59 103.16 102.77 102.42 102.12 101.85 101.63 101.44 101.29 101.17 101.10 101.05 101.04 101.06 101.11 101.20 101.31 101.44 101.61 101.84 102.17 102.64 103.25 103.97 104.71 105.46 106.22 106.96 107.66 108.30 108.90 109.47 110.00 110.50 110.98 111.44 111.90 112.34 112.79 113.24 113.71 114.19 114.69 115.22 115.78 116.37 116.95 117.50 118.03 118.61 119.37 120.36 121.55 122.90 124.33 125.79 127.27 128.76 130.24 131.71 133.15
102.51 102.48 102.53 102.64 102.76 102.83 102.79 102.65 102.44 102.13 101.74 101.26 100.76 100.31 99.90 99.53 99.20 98.91 98.66 98.45 98.27 98.13 98.02 97.95 97.91 97.90 97.92 97.97 98.08 98.29 98.63 99.12 99.76 100.51 101.29 102.09 102.90 103.73 104.54 105.31 106.03 106.71 107.35 107.96 108.54 109.10 109.65 110.19 110.73 111.26 111.81 112.37 112.94 113.54 114.16 114.75 115.32 115.86 116.39 116.96 117.72 118.71 119.91 121.29 122.81 124.39 125.99 127.59 129.19 130.76 132.31
100.21 100.27 100.42 100.60 100.77 100.85 100.81 100.65 100.43 100.13 99.75 99.28 98.72 98.16 97.63 97.15 96.71 96.31 95.95 95.63 95.34 95.09 94.88 94.70 94.56 94.45 94.37 94.35 94.43 94.63 94.97 95.47 96.13 96.92 97.74 98.58 99.44 100.31 101.21 102.09 102.94 103.73 104.49 105.21 105.90 106.57 107.22 107.85 108.48 109.11 109.74 110.38 111.04 111.70 112.33 112.92 113.49 114.04 114.57 115.15 115.92 116.93 118.14 119.54 121.11 122.79 124.52 126.25 127.96 129.66 131.32
97.95 98.12 98.36 98.60 98.79 98.87 98.79 98.60 98.35 98.03 97.64 97.17 96.62 95.98 95.34 94.73 94.17 93.65 93.17 92.73 92.33 91.97 91.64 91.35 91.09 90.87 90.71 90.64 90.69 90.88 91.21 91.72 92.40 93.22 94.07 94.94 95.84 96.76 97.71 98.67 99.64 100.56 101.43 102.27 103.07 103.85 104.60 105.34 106.07 106.79 107.51 108.24 108.96 109.65 110.29 110.90 111.48 112.04 112.60 113.20 113.99 115.03 116.27 117.71 119.31 121.05 122.88 124.75 126.60 128.43 130.23
95.82 96.09 96.39 96.67 96.87 96.92 96.79 96.54 96.24 95.88 95.46 94.98 94.41 93.76 93.04 92.30 91.61 90.96 90.35 89.79 89.26 88.77 88.32 87.91 87.53 87.21 86.99 86.88 86.89 87.06 87.38 87.88 88.58 89.42 90.30 91.20 92.13 93.10 94.09 95.10 96.14 97.18 98.18 99.14 100.06 100.95 101.82 102.66 103.49 104.31 105.13 105.93 106.69 107.40 108.07 108.70 109.31 109.90 110.49 111.12 111.96 113.03 114.32 115.79 117.44 119.23 121.14 123.13 125.13 127.10 129.04
93.87 94.21 94.55 94.85 95.03 95.04 94.83 94.50 94.13 93.71 93.25 92.72 92.12 91.45 90.70 89.88 89.05 88.27 87.52 86.82 86.16 85.53 84.95 84.41 83.92 83.52 83.23 83.07 83.05 83.18 83.49 83.99 84.69 85.55 86.45 87.38 88.34 89.34 90.36 91.42 92.51 93.63 94.75 95.84 96.88 97.89 98.87 99.82 100.76 101.68 102.58 103.44 104.23 104.97 105.67 106.34 106.99 107.62 108.26 108.94 109.82 110.95 112.29 113.83 115.53 117.39 119.36 121.44 123.57 125.70 127.79
92.12 92.52 92.89 93.18 93.32 93.26 92.95 92.52 92.06 91.57 91.03 90.44 89.79 89.08 88.30 87.45 86.52 85.59 84.70 83.85 83.04 82.28 81.55 80.89 80.30 79.83 79.47 79.25 79.18 79.28 79.57 80.06 80.76 81.63 82.54 83.49 84.48 85.50 86.56 87.66 88.79 89.96 91.16 92.36 93.53 94.66 95.76 96.83 97.88 98.90 99.86 100.75 101.59 102.37 103.12 103.84 104.54 105.23 105.93 106.66 107.61 108.80 110.21 111.82 113.60 115.53 117.58 119.74 121.97 124.25 126.50
90.63 91.06 91.43 91.69 91.78 91.63 91.20 90.65 90.08 89.48 88.85 88.18 87.46 86.69 85.86 84.96 83.99 82.95 81.90 80.90 79.94 79.02 78.16 77.38 76.70 76.14 75.71 75.43 75.31 75.37 75.63 76.10 76.80 77.67 78.60 79.56 80.57 81.61 82.70 83.83 85.00 86.20 87.45 88.73 90.03 91.29 92.51 93.70 94.85 95.94 96.95 97.89 98.78 99.63 100.44 101.22 101.99 102.75 103.51 104.32 105.34 106.61 108.10 109.79 111.66 113.67 115.82 118.07 120.40 122.79 125.20
89.43 89.87 90.22 90.43 90.44 90.18 89.62 88.92 88.22 87.50 86.75 85.98 85.17 84.31 83.41 82.45 81.42 80.32 79.16 78.00 76.88 75.81 74.82 73.93 73.14 72.49 71.98 71.63 71.45 71.47 71.70 72.15 72.84 73.71 74.64 75.61 76.63 77.70 78.80 79.96 81.16 82.40 83.68 85.01 86.38 87.76 89.12 90.42 91.65 92.79 93.87 94.88 95.84 96.76 97.64 98.50 99.34 100.18 101.03 101.93 103.04 104.39 105.98 107.76 109.73 111.85 114.10 116.45 118.89 121.39 123.93
88.56 88.99 89.30 89.44 89.35 88.95 88.23 87.38 86.52 85.65 84.77 83.87 82.95 81.99 80.99 79.94 78.84 77.68 76.45 75.17 73.88 72.67 71.55 70.54 69.65 68.89 68.30 67.87 67.64 67.60 67.79 68.22 68.90 69.76 70.69 71.66 72.69 73.76 74.89 76.06 77.29 78.56 79.88 81.24 82.66 84.12 85.58 86.97 88.27 89.49 90.64 91.73 92.78 93.77 94.74 95.69 96.63 97.56 98.50 99.50 100.71 102.17 103.86 105.75 107.83 110.06 112.43 114.90 117.46 120.09 122.75
88.05 88.45 88.71 88.75 88.54 87.99 87.09 86.05 85.01 83.98 82.95 81.90 80.84 79.76 78.64 77.49 76.30 75.05 73.75 72.39 70.99 69.63 68.37 67.23 66.23 65.37 64.69 64.18 63.88 63.79 63.94 64.33 64.99 65.84 66.76 67.73 68.76 69.84 70.98 72.17 73.41 74.70 76.05 77.45 78.90 80.39 81.89 83.35 84.74 86.05 87.29 88.47 89.60 90.70 91.77 92.82 93.86 94.89 95.94 97.05 98.37 99.95 101.76 103.78 105.98 108.33 110.83 113.44 116.13 118.89 121.70
87.95 88.30 88.47 88.41 88.05 87.33 86.23 84.98 83.75 82.53 81.32 80.11 78.89 77.66 76.41 75.13 73.82 72.47 71.07 69.64 68.17 66.71 65.31 64.04 62.91 61.95 61.17 60.58 60.20 60.05 60.15 60.51 61.14 61.97 62.88 63.84 64.87 65.95 67.09 68.29 69.55 70.86 72.23 73.65 75.12 76.61 78.10 79.60 81.07 82.47 83.82 85.10 86.35 87.55 88.73 89.89 91.05 92.21 93.38 94.61 96.06 97.76 99.70 101.85 104.19 106.69 109.32 112.07 114.92 117.83 120.77
88.30 88.58 88.64 88.45 87.92 87.01 85.68 84.21 82.76 81.33 79.92 78.53 77.13 75.73 74.32 72.90 71.45 69.97 68.46 66.94 65.40 63.88 62.37 60.97 59.72 58.64 57.76 57.08 56.63 56.41 56.45 56.76 57.36 58.17 59.06 60.02 61.03 62.11 63.25 64.45 65.72 67.04 68.43 69.86 71.32 72.79 74.27 75.77 77.29 78.80 80.25 81.66 83.02 84.35 85.65 86.94 88.22 89.51 90.82 92.18 93.77 95.62 97.71 100.00 102.49 105.14 107.93 110.84 113.84 116.90 119.92
89.13 89.31 89.26 88.91 88.19 87.06 85.50 83.77 82.08 80.43 78.80 77.19 75.60 74.01 72.43 70.83 69.22 67.59 65.96 64.33 62.71 61.11 59.55 58.05 56.67 55.47 54.48 53.71 53.17 52.88 52.86 53.13 53.69 54.47 55.34 56.27 57.27 58.34 59.48 60.68 61.94 63.27 64.66 66.07 67.50 68.96 70.43 71.94 73.47 75.04 76.62 78.15 79.64 81.10 82.54 83.97 85.40 86.83 88.28 89.80 91.54 93.54 95.78 98.24 100.89 103.70 106.66 109.74 112.90 116.04 119.06
90.49 90.55 90.35 89.82 88.91 87.54 85.71 83.71 81.76 79.86 77.99 76.15 74.34 72.54 70.76 68.97 67.17 65.38 63.60 61.84 60.11 58.43 56.81 55.25 53.78 52.46 51.36 50.48 49.86 49.49 49.41 49.62 50.14 50.88 51.72 52.63 53.61 54.66 55.79 56.98 58.24 59.57 60.92 62.30 63.71 65.14 66.62 68.13 69.68 71.28 72.93 74.60 76.23 77.84 79.43 81.01 82.59 84.18 85.79 87.47 89.38 91.55 93.96 96.58 99.41 102.40 105.54 108.78 112.03 115.17 118.20
92.40 92.33 91.97 91.24 90.10 88.47 86.35 84.07 81.84 79.66 77.53 75.44 73.39 71.36 69.34 67.33 65.33 63.35 61.41 59.51 57.66 55.88 54.18 52.56 51.03 49.63 48.41 47.43 46.71 46.26 46.10 46.25 46.72 47.43 48.24 49.12 50.07 51.10 52.21 53.39 54.63 55.91 57.23 58.57 59.96 61.39 62.86 64.38 65.95 67.58 69.27 71.03 72.81 74.58 76.33 78.08 79.82 81.58 83.37 85.22 87.30 89.65 92.24 95.05 98.06 101.25 104.56 107.90 111.15 114.29 117.31
94.92 94.69 94.14 93.20 91.80 89.90 87.47 84.87 82.34 79.87 77.46 75.10 72.79 70.49 68.22 65.96 63.74 61.56 59.44 57.38 55.39 53.49 51.69 49.99 48.41 46.96 45.65 44.56 43.74 43.20 42.97 43.05 43.47 44.14 44.90 45.74 46.67 47.67 48.75 49.90 51.10 52.33 53.61 54.93 56.29 57.71 59.18 60.71 62.31 63.97 65.71 67.52 69.40 71.33 73.26 75.18 77.11 79.05 81.02 83.06 85.33 87.87 90.66 93.67 96.88 100.25 103.65 106.99 110.24 113.38 116.41
98.04 97.67 96.91 95.73 94.06 91.86 89.10 86.17 83.32 80.54 77.82 75.17 72.55 69.96 67.41 64.89 62.43 60.04 57.71 55.48 53.33 51.30 49.38 47.58 45.93 44.42 43.07 41.90 40.97 40.34 40.03 40.04 40.40 41.01 41.73 42.54 43.42 44.39 45.44 46.53 47.67 48.86 50.10 51.39 52.73 54.14 55.62 57.17 58.79 60.49 62.27 64.13 66.09 68.13 70.24 72.35 74.47 76.61 78.77 81.01 83.48 86.23 89.23 92.45 95.85 99.32 102.72 106.06 109.30 112.44 115.47
101.70 101.27 100.32 98.87 96.92 94.39 91.29 88.00 84.80 81.69 78.65 75.66 72.71 69.81 66.95 64.16 61.45 58.81 56.27 53.84 51.52 49.33 47.28 45.37 43.62 42.05 40.64 39.43 38.43 37.71 37.30 37.24 37.53 38.09 38.76 39.51 40.36 41.28 42.26 43.29 44.38 45.52 46.72 47.98 49.32 50.72 52.21 53.77 55.42 57.15 58.98 60.91 62.93 65.06 67.29 69.60 71.92 74.27 76.64 79.09 81.78 84.75 87.96 91.39 94.89 98.36 101.76 105.08 108.32 111.46 114.49
105.86 105.42 104.36 102.67 100.41 97.54 94.06 90.40 86.84 83.37 79.96 76.60 73.30 70.06 66.89 63.80 60.81 57.92 55.15 52.51 50.00 47.64 45.43 43.40 41.54 39.87 38.40 37.14 36.10 35.30 34.81 34.66 34.89 35.38 36.00 36.70 37.49 38.34 39.25 40.21 41.24 42.34 43.51 44.75 46.07 47.48 48.97 50.55 52.23 54.01 55.88 57.87 59.97 62.18 64.50 66.95 69.48 72.05 74.64 77.32 80.24 83.43 86.86 90.39 93.90 97.35 100.74 104.07 107.30 110.44 113.47
110.54 110.07 108.96 107.13 104.57 101.33 97.47 93.41 89.46 85.59 81.77 78.02 74.34 70.75 67.25 63.85 60.57 57.41 54.39 51.51 48.80 46.24 43.87 41.69 39.70 37.93 36.37 35.04 33.96 33.13 32.57 32.34 32.49 32.92 33.47 34.10 34.81 35.58 36.42 37.32 38.30 39.36 40.49 41.72 43.03 44.44 45.94 47.54 49.25 51.07 53.00 55.05 57.22 59.52 61.94 64.49 67.18 69.97 72.80 75.72 78.87 82.29 85.83 89.36 92.85 96.29 99.68 103.00 106.23 109.37 112.41
115.76 115.26 114.07 112.14 109.39 105.82 101.54 97.07 92.68 88.36 84.12 79.96 75.89 71.92 68.07 64.34 60.75 57.31 54.02 50.89 47.95 45.19 42.63 40.28 38.15 36.25 34.59 33.18 32.04 31.16 30.57 30.28 30.35 30.71 31.18 31.73 32.35 33.04 33.80 34.65 35.58 36.60 37.71 38.92 40.22 41.63 43.15 44.78 46.52 48.39 50.37 52.49 54.73 57.11 59.63 62.30 65.10 68.06 71.13 74.29 77.69 81.21 84.75 88.26 91.74 95.18 98.56 101.88 105.11 108.25 111.29
