data_processed/recharge/precip/Precip_2004_06.asc
ncols        168
nrows        136
xllcorner    455000
yllcorner    2107000
cellsize     500
NODATA_value     -99999
[rows 96 to 127 of 136, columns 72 to 143 of 168]
66.86 64.91 63.39 62.28 61.56 61.22 61.25 61.62 62.32 63.34 64.66 66.26 68.14 70.26 72.63 75.21 78.01 80.99 84.15 87.46 90.92 94.51 98.21 102.01 105.89 109.83 113.82 117.85 121.90 125.94 129.98 133.98 137.94 141.84 145.67 149.40 153.02 156.53 159.89 163.10 166.14 169.00 171.65 174.08 176.29 178.24 179.93 181.34 182.46 183.26 183.71 183.65 183.40 183.23 183.19 183.25 183.42 183.69 184.05 184.50 185.02 185.62 186.28 187.01 187.79 188.62 189.49 190.40 191.33 192.29 193.27 194.25
74.72 72.63 70.96 69.71 68.84 68.36 68.23 68.46 69.01 69.89 71.06 72.51 74.23 76.21 78.42 80.86 83.50 86.33 89.33 92.49 95.80 99.23 102.78 106.42 110.14 113.93 117.76 121.63 125.51 129.40 133.28 137.12 140.92 144.66 148.32 151.89 155.35 158.69 161.89 164.93 167.81 170.50 172.98 175.25 177.29 179.07 180.59 181.84 182.78 183.42 183.72 183.68 183.55 183.55 183.65 183.85 184.16 184.55 185.02 185.58 186.20 186.90 187.65 188.45 189.30 190.19 191.12 192.07 193.05 194.04 195.04 196.04
83.27 81.03 79.21 77.80 76.79 76.15 75.87 75.94 76.34 77.06 78.07 79.37 80.94 82.76 84.81 87.09 89.57 92.24 95.08 98.08 101.23 104.50 107.88 111.36 114.92 118.54 122.21 125.91 129.63 133.35 137.06 140.73 144.36 147.93 151.43 154.83 158.12 161.29 164.31 167.19 169.89 172.40 174.71 176.81 178.67 180.28 181.62 182.69 183.46 183.91 184.00 183.53 183.24 183.37 183.62 183.97 184.41 184.93 185.52 186.19 186.92 187.71 188.55 189.43 190.36 191.32 192.30 193.30 194.32 195.34 196.37 197.39
92.36 89.96 87.99 86.43 85.27 84.48 84.05 83.97 84.21 84.77 85.63 86.77 88.18 89.85 91.74 93.86 96.18 98.69 101.38 104.22 107.20 110.31 113.53 116.85 120.24 123.70 127.21 130.75 134.30 137.85 141.40 144.90 148.37 151.77 155.09 158.32 161.45 164.44 167.30 170.00 172.53 174.87 177.01 178.93 180.62 182.06 183.23 184.12 184.71 184.95 184.54 183.31 182.34 182.30 182.69 183.20 183.79 184.45 185.18 185.97 186.82 187.71 188.66 189.63 190.64 191.68 192.73 193.80 194.87 195.94 197.01 198.06
101.92 99.38 97.27 95.56 94.24 93.30 92.72 92.48 92.58 92.98 93.69 94.68 95.93 97.44 99.18 101.14 103.31 105.66 108.19 110.87 113.70 116.65 119.71 122.86 126.09 129.39 132.73 136.11 139.50 142.89 146.27 149.61 152.91 156.14 159.30 162.36 165.32 168.15 170.83 173.36 175.72 177.89 179.86 181.61 183.12 184.39 185.38 186.10 186.48 186.22 185.07 183.09 181.36 180.65 180.88 181.53 182.28 183.10 183.97 184.90 185.88 186.90 187.96 189.04 190.15 191.28 192.42 193.56 194.70 195.83 196.95 198.05
111.86 109.25 106.99 105.13 103.67 102.58 101.85 101.46 101.40 101.66 102.21 103.05 104.15 105.50 107.09 108.90 110.91 113.11 115.48 118.00 120.67 123.46 126.36 129.36 132.43 135.57 138.75 141.96 145.19 148.42 151.63 154.81 157.95 161.02 164.01 166.91 169.69 172.35 174.87 177.24 179.43 181.43 183.23 184.81 186.15 187.24 188.06 188.57 188.46 187.46 185.56 182.86 180.40 178.95 178.52 179.02 179.92 180.90 181.93 183.02 184.14 185.30 186.48 187.69 188.91 190.14 191.38 192.61 193.83 195.04 196.22 197.38
122.04 119.46 117.13 115.13 113.51 112.28 111.40 110.86 110.66 110.77 111.17 111.85 112.80 114.01 115.44 117.09 118.95 120.99 123.21 125.58 128.09 130.73 133.47 136.31 139.22 142.20 145.22 148.28 151.34 154.41 157.46 160.48 163.45 166.36 169.19 171.92 174.54 177.04 179.39 181.59 183.61 185.45 187.08 188.49 189.66 190.58 191.19 191.21 190.37 188.64 186.02 182.62 179.47 177.30 176.14 175.99 176.74 177.88 179.09 180.33 181.61 182.92 184.25 185.59 186.94 188.29 189.63 190.97 192.28 193.58 194.84 196.07
132.40 129.88 127.58 125.50 123.75 122.37 121.34 120.66 120.31 120.27 120.52 121.06 121.86 122.91 124.19 125.69 127.40 129.29 131.35 133.57 135.92 138.40 140.99 143.68 146.43 149.25 152.12 155.01 157.92 160.83 163.72 166.58 169.39 172.14 174.80 177.37 179.83 182.16 184.35 186.38 188.24 189.91 191.37 192.61 193.62 194.33 194.47 193.77 192.19 189.75 186.45 182.39 178.57 175.71 173.84 172.97 173.08 174.08 175.45 176.88 178.33 179.80 181.28 182.77 184.26 185.74 187.21 188.66 190.08 191.48 192.83 194.15
142.91 140.46 138.21 136.17 134.34 132.81 131.64 130.82 130.32 130.13 130.24 130.62 131.28 132.18 133.31 134.66 136.22 137.96 139.87 141.93 144.14 146.46 148.90 151.43 154.03 156.69 159.40 162.14 164.89 167.64 170.38 173.08 175.73 178.31 180.82 183.22 185.52 187.69 189.72 191.59 193.28 194.78 196.08 197.16 197.96 198.20 197.62 196.19 193.92 190.80 186.84 182.15 177.69 174.18 171.64 170.07 169.47 169.84 171.08 172.67 174.31 175.95 177.60 179.25 180.89 182.52 184.13 185.71 187.26 188.76 190.23 191.64
153.55 151.16 148.97 146.98 145.17 143.57 142.27 141.30 140.65 140.32 140.28 140.52 141.03 141.78 142.77 143.97 145.38 146.97 148.73 150.64 152.69 154.87 157.15 159.53 161.98 164.49 167.04 169.62 172.22 174.81 177.39 179.93 182.42 184.85 187.20 189.45 191.58 193.59 195.46 197.16 198.70 200.04 201.17 202.04 202.38 201.91 200.61 198.49 195.55 191.79 187.21 181.91 176.85 172.71 169.53 167.29 166.01 165.67 166.30 167.77 169.58 171.41 173.24 175.07 176.87 178.66 180.42 182.14 183.82 185.46 187.04 188.56
164.26 161.95 159.83 157.89 156.14 154.56 153.17 152.06 151.28 150.80 150.62 150.72 151.08 151.68 152.52 153.58 154.84 156.28 157.89 159.66 161.56 163.59 165.72 167.94 170.24 172.60 175.00 177.43 179.87 182.31 184.73 187.12 189.45 191.72 193.91 196.00 197.98 199.83 201.54 203.08 204.45 205.63 206.57 206.98 206.61 205.43 203.45 200.67 197.08 192.71 187.54 181.67 176.04 171.31 167.51 164.64 162.70 161.69 161.62 162.49 164.17 166.19 168.22 170.23 172.22 174.17 176.10 177.97 179.81 181.58 183.30 184.95
175.03 172.79 170.74 168.87 167.17 165.64 164.27 163.08 162.16 161.54 161.22 161.17 161.39 161.85 162.55 163.46 164.57 165.87 167.33 168.95 170.70 172.58 174.56 176.64 178.78 180.99 183.24 185.52 187.81 190.09 192.36 194.59 196.77 198.89 200.92 202.86 204.68 206.37 207.92 209.30 210.52 211.50 211.97 211.69 210.62 208.77 206.13 202.72 198.53 193.57 187.84 181.43 175.26 169.97 165.59 162.11 159.55 157.90 157.16 157.34 158.44 160.34 162.56 164.77 166.95 169.09 171.19 173.24 175.23 177.16 179.02 180.81
185.81 183.66 181.68 179.88 178.23 176.75 175.43 174.26 173.26 172.50 172.04 171.85 171.93 172.25 172.80 173.57 174.54 175.69 177.01 178.48 180.09 181.82 183.65 185.58 187.58 189.63 191.73 193.86 196.00 198.13 200.25 202.33 204.36 206.32 208.20 209.98 211.64 213.18 214.57 215.80 216.82 217.34 217.13 216.16 214.42 211.91 208.66 204.64 199.88 194.37 188.11 181.20 174.51 168.69 163.76 159.71 156.56 154.29 152.92 152.45 152.87 154.19 156.30 158.70 161.09 163.43 165.72 167.95 170.12 172.22 174.24 176.18
196.58 194.52 192.62 190.88 189.31 187.88 186.61 185.48 184.49 183.65 183.05 182.73 182.66 182.84 183.25 183.88 184.70 185.71 186.89 188.21 189.68 191.26 192.95 194.73 196.58 198.49 200.44 202.42 204.41 206.40 208.36 210.29 212.16 213.97 215.70 217.33 218.84 220.22 221.46 222.49 223.06 222.91 222.01 220.37 217.99 214.88 211.03 206.45 201.14 195.11 188.35 180.96 173.80 167.48 162.03 157.44 153.72 150.88 148.91 147.81 147.59 148.24 149.78 152.08 154.67 157.22 159.72 162.14 164.50 166.78 168.97 171.08
207.31 205.33 203.52 201.86 200.35 198.98 197.76 196.67 195.72 194.90 194.22 193.76 193.56 193.60 193.87 194.35 195.04 195.90 196.94 198.12 199.44 200.88 202.43 204.06 205.77 207.53 209.33 211.17 213.01 214.84 216.66 218.44 220.16 221.82 223.40 224.87 226.23 227.46 228.51 229.10 229.00 228.17 226.62 224.35 221.36 217.66 213.25 208.13 202.31 195.79 188.56 180.73 173.12 166.33 160.39 155.30 151.05 147.65 145.11 143.42 142.59 142.61 143.49 145.23 147.73 150.48 153.20 155.83 158.39 160.87 163.25 165.53
217.95 216.07 214.35 212.76 211.33 210.03 208.86 207.82 206.91 206.12 205.45 204.91 204.57 204.48 204.61 204.96 205.50 206.23 207.12 208.16 209.34 210.64 212.04 213.53 215.09 216.71 218.37 220.06 221.76 223.45 225.11 226.74 228.32 229.83 231.26 232.58 233.79 234.83 235.44 235.37 234.59 233.12 230.94 228.07 224.51 220.25 215.32 209.69 203.39 196.41 188.75 180.50 172.48 165.25 158.85 153.28 148.54 144.62 141.54 139.29 137.87 137.29 137.55 138.65 140.59 143.26 146.18 149.05 151.82 154.50 157.08 159.56
228.48 226.70 225.07 223.57 222.21 220.98 219.88 218.89 218.03 217.28 216.64 216.10 215.68 215.45 215.45 215.66 216.06 216.65 217.40 218.31 219.35 220.50 221.77 223.11 224.53 226.01 227.53 229.07 230.62 232.16 233.69 235.17 236.60 237.96 239.24 240.42 241.44 242.05 242.00 241.27 239.85 237.76 234.99 231.55 227.44 222.67 217.23 211.13 204.38 196.97 188.91 180.28 171.87 164.24 157.42 151.40 146.18 141.78 138.19 135.41 133.44 132.29 131.96 132.44 133.75 135.88 138.73 141.80 144.81 147.71 150.50 153.18
238.86 237.19 235.65 234.25 232.97 231.81 230.77 229.85 229.03 228.32 227.72 227.21 226.79 226.48 226.35 226.42 226.69 227.14 227.76 228.52 229.42 230.44 231.56 232.77 234.05 235.38 236.76 238.16 239.57 240.97 242.35 243.68 244.97 246.19 247.32 248.31 248.91 248.87 248.16 246.79 244.77 242.09 238.77 234.79 230.17 224.90 219.00 212.45 205.28 197.48 189.04 180.06 171.30 163.29 156.07 149.64 143.99 139.13 135.06 131.78 129.30 127.61 126.71 126.62 127.32 128.83 131.14 134.15 137.38 140.51 143.53 146.43
249.06 247.50 246.07 244.75 243.56 242.48 241.51 240.65 239.89 239.23 238.66 238.19 237.79 237.48 237.27 237.21 237.34 237.66 238.14 238.77 239.53 240.41 241.40 242.47 243.61 244.80 246.04 247.29 248.56 249.82 251.06 252.25 253.39 254.47 255.42 255.99 255.94 255.25 253.92 251.95 249.35 246.12 242.26 237.78 232.67 226.95 220.61 213.66 206.09 197.93 189.15 179.85 170.76 162.42 154.83 148.01 141.96 136.67 132.16 128.41 125.44 123.24 121.82 121.17 121.31 122.23 123.93 126.41 129.57 132.94 136.20 139.33
259.06 257.61 256.28 255.06 253.96 252.96 252.07 251.28 250.58 249.97 249.44 249.00 248.64 248.35 248.13 247.99 247.99 248.18 248.52 249.02 249.64 250.39 251.24 252.17 253.17 254.23 255.32 256.44 257.57 258.69 259.78 260.84 261.84 262.73 263.26 263.20 262.51 261.20 259.28 256.75 253.60 249.85 245.49 240.53 234.97 228.82 222.08 214.74 206.82 198.32 189.24 179.65 170.27 161.61 153.69 146.52 140.09 134.41 129.48 125.30 121.87 119.19 117.27 116.11 115.71 116.06 117.18 119.07 121.72 125.02 128.52 131.89
268.80 267.47 266.25 265.14 264.13 263.22 262.41 261.69 261.05 260.50 260.02 259.62 259.29 259.03 258.82 258.68 258.60 258.65 258.87 259.23 259.72 260.33 261.04 261.84 262.71 263.63 264.59 265.57 266.56 267.54 268.49 269.41 270.23 270.71 270.62 269.92 268.62 266.73 264.25 261.17 257.51 253.27 248.44 243.04 237.06 230.51 223.39 215.71 207.46 198.66 189.30 179.45 169.81 160.87 152.66 145.16 138.39 132.35 127.03 122.44 118.59 115.47 113.08 111.43 110.52 110.35 110.92 112.23 114.29 117.09 120.54 124.15
278.27 277.06 275.96 274.95 274.05 273.23 272.50 271.85 271.28 270.79 270.37 270.01 269.72 269.48 269.30 269.17 269.08 269.05 269.14 269.37 269.73 270.21 270.79 271.45 272.18 272.97 273.79 274.64 275.49 276.33 277.15 277.89 278.31 278.17 277.45 276.15 274.27 271.83 268.81 265.23 261.08 256.38 251.12 245.30 238.94 232.02 224.56 216.56 208.02 198.94 189.34 179.26 169.39 160.21 151.72 143.93 136.85 130.48 124.81 119.85 115.60 112.06 109.24 107.13 105.74 105.07 105.12 105.90 107.40 109.62 112.58 116.15
287.42 286.35 285.36 284.47 283.67 282.94 282.30 281.74 281.24 280.81 280.45 280.14 279.89 279.69 279.53 279.42 279.34 279.30 279.31 279.41 279.64 279.99 280.43 280.96 281.56 282.21 282.90 283.61 284.33 285.04 285.68 286.02 285.83 285.07 283.75 281.89 279.46 276.49 272.98 268.92 264.33 259.19 253.53 247.33 240.60 233.36 225.59 217.30 208.49 199.18 189.35 179.09 169.02 159.61 150.89 142.84 135.48 128.80 122.81 117.51 112.90 108.98 105.75 103.22 101.38 100.25 99.81 100.08 101.05 102.73 105.11 108.20
296.24 295.29 294.43 293.65 292.96 292.34 291.79 291.31 290.89 290.53 290.23 289.98 289.77 289.61 289.48 289.39 289.33 289.30 289.29 289.31 289.41 289.63 289.94 290.34 290.81 291.33 291.89 292.47 293.05 293.59 293.84 293.57 292.76 291.42 289.54 287.13 284.20 280.74 276.75 272.25 267.23 261.70 255.66 249.11 242.06 234.51 226.46 217.92 208.88 199.36 189.35 178.92 168.68 159.09 150.16 141.88 134.27 127.33 121.05 115.43 110.49 106.22 102.62 99.69 97.44 95.87 94.98 94.77 95.24 96.40 98.24 100.78
304.67 303.86 303.13 302.48 301.89 301.38 300.93 300.54 300.20 299.92 299.68 299.49 299.33 299.21 299.12 299.06 299.02 298.99 298.99 298.99 299.01 299.10 299.29 299.56 299.90 300.29 300.71 301.16 301.58 301.72 301.37 300.50 299.12 297.22 294.81 291.89 288.47 284.55 280.13 275.22 269.81 263.91 257.53 250.66 243.31 235.49 227.19 218.42 209.19 199.49 189.32 178.76 168.39 158.64 149.53 141.06 133.23 126.05 119.51 113.62 108.37 103.78 99.84 96.55 93.91 91.94 90.62 89.97 89.97 90.64 91.98 93.99
312.70 312.03 311.43 310.90 310.44 310.03 309.68 309.38 309.14 308.93 308.76 308.63 308.53 308.46 308.41 308.38 308.36 308.36 308.36 308.36 308.36 308.37 308.43 308.57 308.78 309.04 309.34 309.62 309.65 309.21 308.26 306.82 304.89 302.47 299.56 296.17 292.29 287.94 283.11 277.82 272.05 265.82 259.12 251.97 244.36 236.29 227.78 218.82 209.41 199.56 189.28 178.61 168.14 158.27 149.01 140.38 132.36 124.97 118.20 112.06 106.55 101.66 97.41 93.79 90.81 88.46 86.75 85.68 85.25 85.47 86.33 87.83
320.28 319.75 319.29 318.90 318.55 318.26 318.02 317.82 317.66 317.54 317.45 317.39 317.35 317.33 317.32 317.33 317.34 317.35 317.37 317.37 317.37 317.35 317.33 317.35 317.44 317.57 317.71 317.61 317.05 316.02 314.51 312.53 310.08 307.17 303.79 299.95 295.65 290.91 285.70 280.06 273.96 267.43 260.45 253.04 245.20 236.92 228.22 219.10 209.55 199.59 189.21 178.48 167.93 157.97 148.60 139.83 131.66 124.09 117.13 110.77 105.02 99.87 95.34 91.42 88.12 85.43 83.35 81.90 81.07 80.86 81.28 82.32
327.38 327.01 326.69 326.43 326.21 326.04 325.91 325.81 325.75 325.72 325.71 325.71 325.74 325.77 325.82 325.86 325.91 325.95 325.98 326.00 326.00 325.97 325.93 325.86 325.82 325.80 325.56 324.88 323.75 322.16 320.12 317.63 314.69 311.32 307.50 303.25 298.56 293.45 287.90 281.93 275.54 268.73 261.51 253.87 245.83 237.38 228.52 219.27 209.62 199.57 189.13 178.36 167.77 157.74 148.29 139.42 131.12 123.41 116.28 109.74 103.78 98.41 93.63 89.44 85.84 82.84 80.44 78.64 77.43 76.83 76.83 77.44
333.98 333.76 333.59 333.46 333.38 333.33 333.32 333.33 333.37 333.42 333.50 333.58 333.68 333.77 333.87 333.96 334.04 334.11 334.17 334.20 334.20 334.18 334.12 334.03 333.87 333.48 332.67 331.42 329.74 327.62 325.08 322.12 318.73 314.92 310.70 306.06 301.02 295.56 289.71 283.45 276.79 269.74 262.30 254.47 246.26 237.66 228.68 219.33 209.60 199.50 189.03 178.25 167.65 157.59 148.09 139.15 130.76 122.93 115.67 108.97 102.84 97.27 92.27 87.85 83.99 80.71 78.01 75.88 74.34 73.38 72.99 73.20
340.04 339.98 339.96 339.97 340.02 340.10 340.21 340.33 340.47 340.63 340.79 340.96 341.12 341.29 341.44 341.58 341.71 341.81 341.89 341.94 341.96 341.94 341.88 341.74 341.30 340.38 339.01 337.22 335.02 332.41 329.40 325.99 322.18 317.97 313.38 308.39 303.02 297.26 291.12 284.61 277.72 270.46 262.83 254.84 246.48 237.77 228.70 219.27 209.50 199.38 188.92 178.16 167.58 157.52 148.00 139.02 130.57 122.66 115.29 108.47 102.19 96.46 91.28 86.64 82.56 79.03 76.06 73.65 71.79 70.50 69.77 69.60
345.52 345.62 345.76 345.92 346.11 346.32 346.55 346.79 347.04 347.30 347.56 347.81 348.05 348.28 348.50 348.70 348.87 349.01 349.12 349.20 349.23 349.22 349.12 348.73 347.85 346.46 344.59 342.29 339.60 336.54 333.09 329.26 325.06 320.48 315.54 310.23 304.56 298.53 292.14 285.40 278.31 270.87 263.09 254.97 246.50 237.70 228.57 219.11 209.33 199.22 188.78 178.08 167.56 157.53 148.02 139.02 130.55 122.59 115.15 108.23 101.84 95.98 90.64 85.83 81.55 77.81 74.60 71.93 69.79 68.20 67.15 66.64
350.39 350.66 350.96 351.27 351.61 351.96 352.32 352.68 353.04 353.40 353.76 354.10 354.43 354.73 355.02 355.27 355.49 355.68 355.83 355.93 355.98 355.95 355.62 354.80 353.47 351.66 349.37 346.62 343.49 339.99 336.13 331.92 327.36 322.45 317.19 311.59 305.66 299.38 292.78 285.84 278.58 270.99 263.09 254.86 246.32 237.47 228.31 218.84 209.07 199.00 188.64 178.02 167.58 157.62 148.15 139.17 130.70 122.72 115.24 108.26 101.79 95.82 90.36 85.41 80.97 77.04 73.62 70.72 68.34 66.48 65.14 64.32
