data_processed/recharge/precip/Precip_2002_09.asc
ncols        168
nrows        136
xllcorner    455000
yllcorner    2107000
cellsize     500
NODATA_value     -99999
[rows 0 to 31 of 136, columns 0 to 70 of 168]
286.01 285.08 284.74 284.70 284.92 285.38 286.08 286.99 288.10 289.39 290.84 292.45 294.19 296.04 297.99 300.03 302.13 304.29 306.47 308.68 310.88 313.07 315.26 317.46 319.67 321.88 324.08 326.23 328.26 330.16 331.94 333.61 335.17 336.63 338.01 339.32 340.55 341.73 342.85 343.93 344.99 346.01 347.02 348.03 349.04 350.05 350.94 351.62 352.08 352.25 351.76 350.57 348.79 346.57 344.04 341.26 338.27 335.10 331.81 328.44 325.01 321.58 318.19 314.87 311.67 308.63 305.79 303.19 300.88 298.89 297.26
285.98 285.11 284.56 284.29 284.31 284.58 285.10 285.84 286.79 287.93 289.25 290.74 292.36 294.12 295.98 297.95 299.99 302.09 304.24 306.42 308.61 310.80 313.02 315.26 317.51 319.76 321.96 324.04 325.98 327.81 329.51 331.11 332.62 334.04 335.38 336.64 337.85 339.01 340.12 341.20 342.25 343.28 344.31 345.35 346.39 347.45 348.52 349.49 350.26 350.72 350.49 349.50 347.95 345.99 343.67 341.03 338.13 335.00 331.68 328.21 324.63 320.99 317.33 313.68 310.08 306.59 303.24 300.06 297.11 294.43 292.04
285.37 284.30 283.55 283.10 282.95 283.06 283.42 284.03 284.85 285.88 287.11 288.50 290.05 291.74 293.55 295.47 297.48 299.56 301.70 303.89 306.10 308.31 310.55 312.82 315.10 317.34 319.46 321.44 323.30 325.04 326.68 328.21 329.66 331.02 332.32 333.55 334.73 335.86 336.96 338.03 339.08 340.13 341.17 342.22 343.30 344.39 345.53 346.69 347.77 348.54 348.57 347.91 346.73 345.09 343.04 340.62 337.87 334.82 331.53 328.03 324.36 320.57 316.69 312.76 308.84 304.95 301.14 297.45 293.93 290.60 287.52
283.82 282.57 281.66 281.06 280.76 280.75 281.00 281.50 282.23 283.18 284.33 285.67 287.17 288.83 290.62 292.53 294.54 296.63 298.80 301.02 303.28 305.56 307.85 310.14 312.41 314.56 316.58 318.46 320.23 321.89 323.45 324.92 326.30 327.61 328.86 330.05 331.20 332.31 333.39 334.45 335.50 336.55 337.61 338.69 339.79 340.92 342.10 343.33 344.60 345.69 346.14 345.96 345.23 343.98 342.26 340.11 337.56 334.66 331.46 327.98 324.28 320.39 316.36 312.22 308.02 303.79 299.59 295.44 291.40 287.50 283.78
281.47 280.07 279.02 278.29 277.88 277.76 277.91 278.33 279.00 279.89 281.00 282.30 283.78 285.43 287.22 289.14 291.18 293.32 295.53 297.82 300.15 302.51 304.90 307.34 309.57 311.60 313.50 315.28 316.95 318.51 319.99 321.38 322.69 323.94 325.14 326.28 327.39 328.47 329.52 330.57 331.61 332.65 333.71 334.80 335.92 337.08 338.29 339.56 340.90 342.27 343.29 343.69 343.46 342.67 341.34 339.51 337.23 334.55 331.49 328.10 324.42 320.50 316.37 312.08 307.67 303.17 298.63 294.09 289.59 285.17 280.88
279.18 277.62 276.42 275.55 275.01 274.77 274.83 275.15 275.74 276.56 277.61 278.87 280.32 281.95 283.73 285.66 287.71 289.87 292.13 294.46 296.86 299.30 301.89 304.76 307.26 309.20 310.94 312.58 314.11 315.54 316.90 318.17 319.38 320.53 321.62 322.68 323.71 324.71 325.71 326.69 327.68 328.69 329.71 330.77 331.87 333.01 334.22 335.50 336.89 338.40 339.82 340.82 341.18 340.90 340.03 338.61 336.67 334.26 331.42 328.19 324.61 320.73 316.58 312.20 307.65 302.94 298.14 293.27 288.39 283.53 278.73
277.27 275.53 274.15 273.12 272.43 272.05 271.98 272.19 272.67 273.41 274.38 275.57 276.96 278.54 280.30 282.20 284.25 286.41 288.68 291.04 293.48 296.09 299.08 302.43 305.37 307.51 309.13 310.57 311.91 313.16 314.34 315.45 316.50 317.50 318.45 319.37 320.27 321.15 322.03 322.91 323.80 324.71 325.65 326.63 327.66 328.74 329.90 331.18 332.64 334.25 335.82 337.22 338.21 338.52 338.19 337.24 335.72 333.66 331.11 328.12 324.72 320.94 316.85 312.46 307.83 303.00 298.01 292.89 287.70 282.47 277.23
275.69 273.80 272.23 271.01 270.14 269.61 269.38 269.46 269.81 270.43 271.30 272.40 273.71 275.22 276.92 278.78 280.79 282.94 285.20 287.57 290.13 293.09 296.51 300.29 303.66 306.18 307.94 309.20 310.30 311.32 312.28 313.17 314.01 314.81 315.57 316.30 317.02 317.73 318.44 319.16 319.90 320.67 321.48 322.33 323.24 324.22 325.33 326.65 328.19 329.89 331.56 333.11 334.51 335.46 335.73 335.33 334.30 332.67 330.50 327.81 324.65 321.07 317.09 312.78 308.15 303.27 298.16 292.87 287.44 281.91 276.32
274.28 272.39 270.65 269.23 268.16 267.44 267.04 266.95 267.16 267.64 268.38 269.36 270.58 272.00 273.61 275.41 277.37 279.47 281.70 284.15 287.01 290.34 294.15 298.33 302.07 304.95 307.01 308.35 309.23 309.98 310.66 311.28 311.86 312.41 312.93 313.42 313.91 314.40 314.90 315.41 315.95 316.53 317.15 317.83 318.57 319.46 320.58 321.95 323.56 325.34 327.10 328.76 330.30 331.67 332.59 332.81 332.34 331.22 329.49 327.18 324.34 321.02 317.25 313.07 308.53 303.67 298.52 293.13 287.53 281.78 275.87
272.95 271.12 269.38 267.78 266.50 265.56 264.97 264.69 264.72 265.04 265.63 266.48 267.56 268.87 270.38 272.09 273.97 276.00 278.28 280.98 284.15 287.81 291.96 296.50 300.59 303.77 306.12 307.70 308.60 309.07 309.43 309.74 310.01 310.26 310.48 310.69 310.90 311.12 311.35 311.61 311.90 312.23 312.62 313.07 313.68 314.55 315.69 317.10 318.76 320.62 322.47 324.22 325.86 327.37 328.72 329.61 329.77 329.23 328.01 326.16 323.72 320.73 317.24 313.28 308.89 304.12 299.00 293.58 287.91 281.97 275.61
271.68 269.93 268.23 266.62 265.15 263.98 263.17 262.68 262.52 262.65 263.06 263.75 264.68 265.85 267.24 268.83 270.61 272.65 275.12 278.07 281.52 285.47 289.92 294.78 299.17 302.62 305.21 307.00 308.07 308.51 308.55 308.49 308.41 308.30 308.18 308.05 307.93 307.83 307.75 307.70 307.69 307.73 307.84 308.12 308.68 309.53 310.68 312.11 313.82 315.75 317.67 319.51 321.24 322.86 324.35 325.67 326.51 326.61 325.99 324.67 322.70 320.12 316.98 313.31 309.15 304.55 299.54 294.17 288.44 282.20 275.31
270.47 268.78 267.15 265.57 264.07 262.70 261.64 260.93 260.54 260.46 260.68 261.18 261.94 262.95 264.19 265.64 267.38 269.56 272.24 275.41 279.10 283.29 288.01 293.13 297.79 301.47 304.26 306.22 307.44 307.97 307.91 307.49 307.00 306.49 305.97 305.46 304.96 304.49 304.04 303.63 303.28 302.98 302.87 303.07 303.58 304.42 305.56 307.01 308.76 310.75 312.74 314.65 316.47 318.18 319.77 321.23 322.51 323.31 323.35 322.63 321.21 319.12 316.40 313.09 309.24 304.88 300.05 294.77 288.87 282.23 274.91
269.30 267.68 266.10 264.57 263.09 261.68 260.41 259.44 258.81 258.50 258.50 258.78 259.35 260.17 261.24 262.61 264.44 266.77 269.61 272.97 276.84 281.25 286.19 291.54 296.41 300.29 303.24 305.33 306.64 307.25 307.22 306.64 305.74 304.78 303.82 302.87 301.94 301.04 300.18 299.37 298.62 298.06 297.84 297.96 298.43 299.23 300.37 301.83 303.61 305.64 307.70 309.67 311.56 313.36 315.04 316.60 318.03 319.27 320.01 319.98 319.17 317.64 315.42 312.55 309.07 305.03 300.43 295.11 288.97 282.03 274.36
268.17 266.61 265.08 263.58 262.14 260.74 259.41 258.22 257.32 256.76 256.51 256.57 256.91 257.53 258.47 259.88 261.80 264.25 267.21 270.70 274.73 279.31 284.42 289.97 295.02 299.05 302.11 304.30 305.67 306.30 306.27 305.65 304.53 303.12 301.66 300.23 298.82 297.45 296.13 294.87 293.81 293.10 292.78 292.82 293.22 293.99 295.11 296.57 298.38 300.45 302.56 304.59 306.55 308.42 310.18 311.83 313.36 314.74 315.94 316.62 316.51 315.61 313.96 311.61 308.58 304.90 300.40 294.98 288.67 281.54 273.64
267.05 265.55 264.07 262.61 261.20 259.82 258.49 257.23 256.09 255.25 254.74 254.54 254.64 255.09 256.02 257.47 259.45 261.96 265.01 268.60 272.74 277.44 282.70 288.40 293.58 297.71 300.86 303.09 304.48 305.10 305.03 304.34 303.11 301.41 299.46 297.49 295.56 293.66 291.84 290.22 288.98 288.15 287.71 287.66 288.00 288.72 289.81 291.27 293.09 295.20 297.35 299.43 301.45 303.38 305.22 306.95 308.56 310.05 311.39 312.53 313.15 312.96 311.96 310.19 307.66 304.22 299.75 294.31 287.95 280.72 272.70
265.94 264.49 263.06 261.64 260.25 258.89 257.57 256.29 255.07 253.99 253.18 252.70 252.60 252.99 253.90 255.35 257.34 259.88 262.97 266.62 270.83 275.61 280.97 286.78 292.06 296.26 299.44 301.68 303.05 303.62 303.46 302.66 301.29 299.41 297.12 294.61 292.09 289.64 287.41 285.58 284.19 283.22 282.66 282.52 282.78 283.44 284.50 285.94 287.77 289.90 292.08 294.21 296.28 298.27 300.17 301.98 303.67 305.24 306.68 307.96 309.05 309.60 309.32 308.18 306.03 302.77 298.42 293.07 286.76 279.55 271.50
264.82 263.43 262.04 260.66 259.29 257.94 256.62 255.34 254.10 252.91 251.85 251.13 250.91 251.23 252.08 253.49 255.46 257.98 261.07 264.74 268.98 273.80 279.22 285.10 290.43 294.66 297.84 300.04 301.34 301.82 301.54 300.59 299.03 296.95 294.40 291.49 288.40 285.50 283.03 281.01 279.45 278.33 277.65 277.40 277.58 278.18 279.19 280.61 282.43 284.59 286.79 288.96 291.07 293.11 295.06 296.93 298.70 300.35 301.87 303.25 304.48 305.51 305.95 305.33 303.49 300.49 296.38 291.21 285.06 277.97 270.01
263.68 262.34 261.00 259.65 258.30 256.97 255.65 254.35 253.09 251.87 250.75 249.92 249.57 249.78 250.54 251.87 253.76 256.23 259.28 262.92 267.15 271.98 277.41 283.32 288.67 292.88 296.01 298.14 299.34 299.68 299.24 298.09 296.31 293.97 291.15 287.93 284.56 281.43 278.74 276.53 274.79 273.51 272.70 272.34 272.42 272.95 273.91 275.30 277.11 279.27 281.50 283.68 285.83 287.91 289.91 291.84 293.67 295.38 296.98 298.45 299.78 300.92 301.63 301.42 299.99 297.35 293.57 288.70 282.81 275.95 268.18
262.51 261.23 259.92 258.60 257.28 255.95 254.63 253.32 252.04 250.83 249.80 249.01 248.56 248.61 249.24 250.44 252.23 254.60 257.57 261.14 265.32 270.11 275.52 281.42 286.74 290.89 293.94 295.95 297.00 297.17 296.52 295.14 293.10 290.47 287.33 283.96 280.62 277.44 274.56 272.15 270.22 268.79 267.83 267.34 267.33 267.77 268.67 270.02 271.81 273.97 276.21 278.42 280.58 282.70 284.74 286.71 288.60 290.38 292.05 293.59 294.97 295.99 296.50 296.44 295.47 293.31 289.97 285.50 279.97 273.44 265.97
261.29 260.06 258.80 257.51 256.20 254.88 253.55 252.23 250.96 249.84 248.92 248.22 247.78 247.70 248.15 249.19 250.83 253.06 255.91 259.38 263.46 268.17 273.52 279.36 284.61 288.66 291.58 293.44 294.31 294.26 293.37 291.71 289.36 286.41 283.12 279.80 276.55 273.42 270.49 267.89 265.78 264.17 263.06 262.45 262.32 262.67 263.51 264.81 266.57 268.72 270.96 273.18 275.36 277.49 279.57 281.58 283.51 285.35 287.08 288.66 289.91 290.67 290.94 290.71 289.95 288.33 285.53 281.57 276.51 270.42 263.34
260.03 258.84 257.62 256.35 255.06 253.74 252.41 251.11 249.91 248.88 248.04 247.42 247.05 246.96 247.25 248.08 249.53 251.59 254.27 257.59 261.54 266.13 271.37 277.11 282.26 286.17 288.92 290.58 291.22 290.92 289.74 287.77 285.09 281.98 278.77 275.54 272.37 269.31 266.42 263.76 261.47 259.69 258.42 257.66 257.42 257.68 258.43 259.67 261.40 263.54 265.77 267.98 270.17 272.33 274.43 276.47 278.43 280.32 282.07 283.51 284.49 285.00 285.04 284.63 283.76 282.41 280.21 276.87 272.39 266.83 260.27
258.69 257.55 256.36 255.12 253.84 252.52 251.21 249.98 248.87 247.91 247.14 246.57 246.25 246.19 246.44 247.09 248.30 250.15 252.63 255.75 259.53 263.96 269.05 274.66 279.65 283.39 285.93 287.35 287.72 287.11 285.61 283.30 280.47 277.45 274.34 271.22 268.13 265.13 262.29 259.66 257.31 255.36 253.92 253.02 252.65 252.80 253.47 254.65 256.33 258.44 260.65 262.86 265.05 267.21 269.33 271.39 273.38 275.27 276.87 278.03 278.75 279.03 278.87 278.29 277.30 275.89 274.02 271.35 267.56 262.65 256.69
257.27 256.18 255.02 253.80 252.53 251.24 249.99 248.83 247.78 246.88 246.14 245.61 245.32 245.28 245.54 246.12 247.12 248.70 250.94 253.84 257.39 261.62 266.52 271.96 276.76 280.28 282.57 283.71 283.77 282.82 280.97 278.51 275.78 272.89 269.90 266.87 263.86 260.93 258.14 255.54 253.20 251.18 249.59 248.53 248.02 248.06 248.64 249.74 251.37 253.45 255.64 257.83 260.01 262.17 264.29 266.36 268.35 270.07 271.38 272.27 272.75 272.82 272.49 271.77 270.66 269.17 267.31 265.04 261.98 257.83 252.59
255.76 254.71 253.58 252.38 251.14 249.90 248.71 247.60 246.59 245.72 245.02 244.50 244.21 244.18 244.43 244.99 245.89 247.24 249.19 251.81 255.11 259.10 263.77 268.98 273.55 276.81 278.81 279.63 279.34 278.04 276.03 273.68 271.10 268.34 265.47 262.54 259.61 256.75 254.01 251.44 249.12 247.09 245.43 244.22 243.57 243.49 243.96 244.98 246.55 248.58 250.74 252.91 255.07 257.22 259.34 261.39 263.20 264.62 265.65 266.29 266.55 266.43 265.95 265.11 263.91 262.37 260.48 258.27 255.67 252.33 247.91
254.15 253.13 252.03 250.86 249.67 248.48 247.33 246.25 245.26 244.40 243.70 243.19 242.89 242.83 243.05 243.58 244.43 245.66 247.34 249.65 252.65 256.35 260.76 265.71 270.01 272.96 274.63 275.09 274.43 272.97 271.10 268.91 266.48 263.85 261.09 258.27 255.42 252.63 249.93 247.40 245.10 243.07 241.39 240.10 239.32 239.10 239.46 240.39 241.89 243.87 245.99 248.12 250.26 252.39 254.47 256.33 257.83 258.96 259.72 260.14 260.20 259.93 259.31 258.37 257.11 255.53 253.65 251.46 248.98 246.15 242.62
252.41 251.44 250.37 249.24 248.08 246.92 245.79 244.72 243.74 242.87 242.16 241.62 241.29 241.19 241.36 241.83 242.62 243.77 245.31 247.32 249.99 253.36 257.45 262.11 266.09 268.70 270.00 270.07 269.26 267.95 266.26 264.24 261.95 259.46 256.82 254.09 251.33 248.60 245.96 243.46 241.17 239.15 237.45 236.13 235.26 234.91 235.16 235.99 237.41 239.33 241.40 243.49 245.60 247.67 249.55 251.09 252.28 253.14 253.67 253.88 253.78 253.36 252.64 251.62 250.32 248.73 246.86 244.73 242.33 239.68 236.72
250.55 249.61 248.57 247.47 246.32 245.17 244.04 242.96 241.97 241.08 240.33 239.75 239.36 239.21 239.31 239.71 240.41 241.47 242.90 244.74 247.08 250.09 253.83 258.14 261.77 264.00 264.90 264.83 264.18 263.06 261.55 259.70 257.56 255.20 252.68 250.05 247.38 244.71 242.12 239.66 237.39 235.37 233.66 232.31 231.39 230.95 231.07 231.80 233.14 234.99 237.00 239.04 241.07 242.93 244.48 245.70 246.62 247.24 247.55 247.58 247.32 246.79 245.98 244.91 243.59 242.01 240.19 238.13 235.84 233.32 230.59
248.54 247.62 246.60 245.50 244.35 243.19 242.04 240.94 239.90 238.97 238.16 237.52 237.07 236.84 236.85 237.15 237.75 238.70 240.01 241.71 243.85 246.51 249.86 253.79 257.02 258.85 259.60 259.70 259.27 258.35 257.02 255.34 253.35 251.13 248.72 246.19 243.60 241.01 238.47 236.04 233.79 231.77 230.05 228.67 227.70 227.20 227.23 227.84 229.08 230.86 232.80 234.76 236.56 238.08 239.30 240.24 240.91 241.30 241.42 241.29 240.90 240.27 239.40 238.30 236.98 235.43 233.68 231.72 229.56 227.21 224.67
246.34 245.43 244.40 243.29 242.12 240.93 239.74 238.58 237.49 236.49 235.62 234.89 234.35 234.02 233.93 234.11 234.59 235.40 236.57 238.13 240.11 242.54 245.51 249.02 251.84 253.52 254.46 254.79 254.57 253.86 252.71 251.19 249.36 247.27 244.98 242.55 240.05 237.52 235.04 232.65 230.42 228.40 226.66 225.25 224.24 223.67 223.62 224.14 225.28 226.97 228.81 230.52 231.97 233.16 234.09 234.76 235.19 235.38 235.34 235.06 234.57 233.87 232.96 231.85 230.55 229.06 227.40 225.56 223.55 221.38 219.06
243.90 242.97 241.92 240.78 239.57 238.32 237.08 235.86 234.69 233.61 232.64 231.81 231.16 230.72 230.50 230.55 230.88 231.54 232.55 233.94 235.74 237.98 240.70 243.82 246.50 248.37 249.57 250.13 250.13 249.62 248.66 247.30 245.62 243.67 241.50 239.17 236.75 234.30 231.86 229.51 227.30 225.29 223.53 222.10 221.04 220.41 220.28 220.70 221.73 223.31 224.89 226.25 227.36 228.24 228.89 229.32 229.54 229.55 229.36 228.97 228.40 227.65 226.72 225.62 224.37 222.96 221.40 219.70 217.87 215.91 213.83
240.81 239.87 238.80 237.63 236.38 235.09 233.79 232.51 231.27 230.11 229.06 228.14 227.38 226.82 226.48 226.40 226.60 227.11 227.97 229.20 230.83 232.89 235.40 238.34 241.14 243.29 244.74 245.55 245.77 245.47 244.70 243.53 242.01 240.19 238.15 235.94 233.61 231.23 228.86 226.55 224.37 222.37 220.61 219.15 218.05 217.38 217.17 217.51 218.47 219.99 221.27 222.27 223.05 223.64 224.03 224.23 224.25 224.09 223.77 223.28 222.64 221.85 220.92 219.85 218.65 217.34 215.90 214.36 212.72 210.98 209.15
236.26 235.37 234.34 233.20 231.98 230.71 229.41 228.13 226.88 225.70 224.62 223.66 222.87 222.25 221.86 221.70 221.83 222.25 223.02 224.14 225.66 227.59 229.95 232.70 235.43 237.79 239.52 240.59 241.07 241.00 240.45 239.47 238.14 236.49 234.60 232.53 230.32 228.04 225.76 223.52 221.39 219.43 217.69 216.24 215.13 214.42 214.17 214.47 215.55 217.27 218.55 219.25 219.70 219.99 220.11 220.07 219.89 219.56 219.10 218.50 217.79 216.95 216.01 214.96 213.82 212.59 211.27 209.88 208.42 206.90 205.31
