data_processed/recharge/precip/Precip_1985_01.asc
ncols        168
nrows        136
xllcorner    455000
yllcorner    2107000
cellsize     500
NODATA_value     -99999
[rows 76 to 113 of 136, columns 84 to 167 of 168]
2.16 1.96 1.77 1.60 1.43 1.27 1.12 0.98 0.85 0.73 0.62 0.52 0.43 0.35 0.29 0.23 0.18 0.14 0.11 0.09 0.07 0.06 0.05 0.04 0.03 0.02 0.00 0.00 0.00 0.00 0.00 0.01 0.08 0.17 0.27 0.38 0.51 0.64 0.77 0.90 1.01 1.12 1.21 1.30 1.38 1.46 1.53 1.60 1.67 1.74 1.82 1.89 1.97 2.04 2.11 2.18 2.24 2.30 2.35 2.40 2.45 2.48 2.51 2.54 2.55 2.54 2.52 2.49 2.45 2.40 2.35 2.28 2.21 2.13 2.05 1.96 1.87 1.77 1.66 1.55 1.44 1.33 1.23 1.13
2.15 1.95 1.77 1.59 1.42 1.26 1.11 0.98 0.84 0.72 0.61 0.51 0.42 0.34 0.27 0.22 0.18 0.16 0.15 0.15 0.15 0.15 0.16 0.16 0.15 0.14 0.12 0.09 0.06 0.06 0.09 0.13 0.20 0.28 0.37 0.47 0.59 0.70 0.82 0.94 1.05 1.16 1.25 1.34 1.42 1.50 1.57 1.64 1.71 1.78 1.86 1.93 2.01 2.08 2.15 2.22 2.28 2.35 2.40 2.46 2.51 2.55 2.58 2.60 2.61 2.60 2.58 2.55 2.51 2.45 2.40 2.33 2.26 2.18 2.10 2.01 1.92 1.82 1.71 1.61 1.50 1.39 1.28 1.18
2.14 1.95 1.76 1.58 1.42 1.26 1.11 0.97 0.84 0.72 0.61 0.51 0.42 0.34 0.27 0.22 0.20 0.19 0.20 0.22 0.24 0.25 0.27 0.28 0.29 0.28 0.27 0.24 0.21 0.21 0.23 0.27 0.33 0.40 0.48 0.58 0.68 0.78 0.88 0.99 1.10 1.20 1.30 1.39 1.47 1.55 1.62 1.69 1.76 1.83 1.90 1.97 2.05 2.12 2.19 2.26 2.33 2.39 2.45 2.51 2.56 2.61 2.64 2.66 2.66 2.65 2.63 2.60 2.55 2.50 2.44 2.37 2.30 2.23 2.15 2.06 1.97 1.87 1.77 1.66 1.56 1.45 1.34 1.24
2.14 1.95 1.76 1.58 1.42 1.26 1.12 0.98 0.85 0.73 0.62 0.52 0.43 0.35 0.29 0.25 0.24 0.24 0.27 0.30 0.34 0.37 0.40 0.42 0.43 0.43 0.42 0.39 0.37 0.37 0.38 0.42 0.47 0.54 0.61 0.69 0.78 0.87 0.96 1.06 1.15 1.25 1.34 1.43 1.52 1.59 1.66 1.73 1.80 1.87 1.94 2.01 2.09 2.16 2.23 2.30 2.37 2.44 2.50 2.56 2.62 2.66 2.69 2.71 2.71 2.70 2.67 2.64 2.59 2.54 2.48 2.42 2.35 2.27 2.20 2.11 2.02 1.93 1.83 1.72 1.62 1.51 1.41 1.31
2.14 1.95 1.76 1.59 1.43 1.27 1.13 0.99 0.87 0.75 0.64 0.54 0.45 0.38 0.33 0.30 0.30 0.32 0.35 0.40 0.45 0.49 0.54 0.57 0.59 0.60 0.59 0.56 0.54 0.53 0.55 0.58 0.63 0.69 0.75 0.82 0.90 0.98 1.05 1.14 1.22 1.31 1.39 1.48 1.56 1.64 1.71 1.78 1.85 1.91 1.98 2.05 2.13 2.20 2.27 2.34 2.41 2.48 2.55 2.61 2.66 2.70 2.73 2.74 2.74 2.73 2.71 2.67 2.63 2.58 2.52 2.46 2.39 2.32 2.25 2.17 2.08 1.98 1.88 1.78 1.68 1.58 1.48 1.39
2.15 1.96 1.77 1.60 1.44 1.29 1.15 1.02 0.89 0.77 0.66 0.56 0.48 0.43 0.39 0.38 0.39 0.42 0.45 0.51 0.57 0.63 0.68 0.73 0.76 0.77 0.77 0.75 0.72 0.72 0.73 0.76 0.80 0.85 0.90 0.97 1.03 1.09 1.16 1.23 1.30 1.37 1.45 1.53 1.61 1.69 1.76 1.83 1.89 1.96 2.02 2.09 2.16 2.24 2.31 2.38 2.45 2.52 2.59 2.65 2.70 2.73 2.76 2.77 2.77 2.76 2.74 2.70 2.66 2.61 2.56 2.50 2.43 2.36 2.29 2.22 2.13 2.04 1.95 1.85 1.75 1.66 1.56 1.48
2.16 1.97 1.79 1.62 1.46 1.32 1.18 1.05 0.92 0.81 0.70 0.61 0.55 0.51 0.49 0.49 0.51 0.54 0.58 0.64 0.71 0.78 0.84 0.90 0.94 0.96 0.96 0.94 0.91 0.91 0.92 0.94 0.98 1.02 1.07 1.12 1.17 1.22 1.28 1.33 1.39 1.45 1.52 1.59 1.66 1.74 1.81 1.87 1.94 2.00 2.07 2.13 2.20 2.27 2.34 2.42 2.49 2.56 2.62 2.68 2.72 2.75 2.78 2.79 2.79 2.78 2.76 2.73 2.69 2.64 2.59 2.53 2.47 2.41 2.34 2.27 2.19 2.11 2.01 1.92 1.83 1.74 1.66 1.58
2.18 1.99 1.81 1.64 1.49 1.35 1.21 1.08 0.96 0.85 0.75 0.68 0.64 0.61 0.61 0.62 0.65 0.69 0.74 0.80 0.87 0.94 1.02 1.08 1.13 1.15 1.16 1.14 1.12 1.11 1.12 1.14 1.17 1.20 1.24 1.28 1.32 1.36 1.40 1.45 1.49 1.54 1.60 1.66 1.72 1.79 1.85 1.92 1.98 2.04 2.10 2.17 2.24 2.31 2.38 2.45 2.52 2.59 2.65 2.69 2.73 2.76 2.79 2.80 2.80 2.79 2.78 2.75 2.72 2.67 2.62 2.57 2.51 2.45 2.39 2.33 2.25 2.17 2.09 2.00 1.91 1.83 1.76 1.70
2.21 2.02 1.84 1.68 1.53 1.39 1.26 1.13 1.01 0.91 0.84 0.79 0.76 0.75 0.76 0.78 0.82 0.87 0.92 0.99 1.06 1.13 1.20 1.27 1.33 1.36 1.37 1.36 1.33 1.33 1.33 1.35 1.37 1.39 1.42 1.44 1.47 1.50 1.53 1.57 1.60 1.64 1.69 1.73 1.78 1.84 1.90 1.96 2.02 2.08 2.14 2.20 2.27 2.34 2.41 2.48 2.55 2.61 2.66 2.70 2.74 2.77 2.79 2.80 2.80 2.80 2.79 2.77 2.74 2.70 2.65 2.61 2.55 2.50 2.45 2.39 2.32 2.24 2.16 2.09 2.01 1.94 1.88 1.82
2.24 2.05 1.88 1.72 1.57 1.44 1.31 1.19 1.09 1.01 0.95 0.92 0.91 0.91 0.93 0.97 1.01 1.07 1.13 1.20 1.27 1.34 1.41 1.48 1.54 1.58 1.59 1.58 1.56 1.55 1.56 1.57 1.58 1.59 1.60 1.62 1.63 1.65 1.67 1.69 1.72 1.75 1.78 1.81 1.86 1.90 1.95 2.01 2.06 2.12 2.18 2.24 2.30 2.37 2.44 2.50 2.56 2.61 2.66 2.70 2.73 2.76 2.78 2.79 2.80 2.80 2.79 2.77 2.75 2.72 2.68 2.64 2.60 2.55 2.50 2.45 2.39 2.32 2.25 2.18 2.12 2.06 2.01 1.96
2.26 2.09 1.93 1.77 1.63 1.50 1.38 1.27 1.19 1.13 1.10 1.08 1.09 1.11 1.14 1.19 1.24 1.30 1.37 1.44 1.51 1.58 1.65 1.71 1.76 1.81 1.83 1.82 1.80 1.79 1.79 1.79 1.79 1.79 1.79 1.79 1.80 1.80 1.81 1.82 1.84 1.86 1.88 1.90 1.93 1.97 2.01 2.05 2.10 2.16 2.21 2.27 2.33 2.39 2.45 2.51 2.56 2.61 2.65 2.68 2.72 2.74 2.76 2.78 2.78 2.79 2.78 2.78 2.76 2.74 2.71 2.68 2.64 2.60 2.56 2.51 2.46 2.40 2.35 2.30 2.25 2.20 2.15 2.11
2.28 2.13 1.98 1.83 1.70 1.57 1.46 1.38 1.32 1.29 1.28 1.28 1.30 1.33 1.38 1.43 1.50 1.57 1.64 1.71 1.78 1.85 1.91 1.97 2.02 2.05 2.07 2.06 2.04 2.03 2.02 2.01 2.00 1.99 1.98 1.97 1.96 1.96 1.96 1.96 1.96 1.97 1.98 1.99 2.01 2.04 2.07 2.10 2.14 2.19 2.24 2.29 2.35 2.41 2.46 2.51 2.55 2.59 2.63 2.66 2.69 2.72 2.74 2.75 2.76 2.77 2.77 2.77 2.76 2.75 2.74 2.71 2.69 2.65 2.62 2.58 2.54 2.50 2.46 2.42 2.38 2.34 2.31 2.28
2.29 2.16 2.03 1.90 1.77 1.67 1.58 1.53 1.49 1.48 1.48 1.51 1.54 1.59 1.65 1.71 1.78 1.86 1.93 2.01 2.08 2.15 2.20 2.25 2.29 2.32 2.33 2.32 2.29 2.27 2.25 2.23 2.21 2.18 2.16 2.15 2.13 2.11 2.10 2.09 2.08 2.08 2.08 2.09 2.10 2.11 2.13 2.15 2.19 2.22 2.27 2.31 2.36 2.41 2.45 2.49 2.53 2.57 2.60 2.63 2.66 2.68 2.70 2.72 2.74 2.75 2.76 2.76 2.76 2.76 2.75 2.74 2.73 2.71 2.69 2.67 2.64 2.61 2.58 2.56 2.53 2.50 2.48 2.46
2.29 2.18 2.07 1.96 1.86 1.78 1.73 1.70 1.69 1.69 1.72 1.76 1.81 1.87 1.94 2.01 2.09 2.17 2.25 2.32 2.39 2.46 2.51 2.56 2.59 2.60 2.60 2.58 2.55 2.51 2.48 2.45 2.41 2.38 2.35 2.32 2.29 2.27 2.24 2.22 2.21 2.19 2.18 2.18 2.18 2.18 2.19 2.20 2.23 2.25 2.29 2.33 2.37 2.40 2.44 2.47 2.51 2.54 2.57 2.59 2.62 2.65 2.67 2.69 2.71 2.73 2.74 2.75 2.76 2.77 2.77 2.78 2.78 2.77 2.76 2.75 2.74 2.73 2.72 2.70 2.69 2.67 2.66 2.65
2.27 2.18 2.09 2.01 1.95 1.90 1.88 1.87 1.88 1.91 1.95 2.01 2.07 2.14 2.22 2.31 2.39 2.48 2.56 2.64 2.71 2.77 2.82 2.85 2.88 2.88 2.87 2.84 2.80 2.76 2.71 2.67 2.62 2.58 2.54 2.50 2.46 2.42 2.38 2.35 2.32 2.30 2.28 2.26 2.25 2.24 2.24 2.25 2.26 2.28 2.30 2.34 2.37 2.40 2.43 2.45 2.48 2.51 2.54 2.56 2.59 2.61 2.64 2.66 2.68 2.71 2.73 2.75 2.77 2.78 2.80 2.81 2.83 2.83 2.84 2.84 2.85 2.85 2.85 2.85 2.85 2.84 2.84 2.83
2.25 2.17 2.11 2.06 2.03 2.02 2.02 2.04 2.07 2.12 2.18 2.25 2.33 2.42 2.51 2.60 2.69 2.78 2.86 2.94 3.01 3.07 3.11 3.14 3.15 3.15 3.13 3.10 3.06 3.01 2.95 2.89 2.84 2.78 2.72 2.67 2.62 2.57 2.52 2.48 2.44 2.40 2.37 2.34 2.32 2.30 2.29 2.28 2.28 2.29 2.31 2.34 2.38 2.40 2.42 2.44 2.47 2.49 2.51 2.54 2.56 2.59 2.62 2.64 2.67 2.70 2.73 2.75 2.78 2.81 2.84 2.86 2.89 2.90 2.92 2.93 2.95 2.97 2.98 2.99 3.00 3.01 3.02 3.02
2.20 2.15 2.12 2.10 2.11 2.13 2.16 2.21 2.26 2.33 2.41 2.50 2.59 2.69 2.78 2.88 2.98 3.07 3.16 3.24 3.31 3.36 3.40 3.42 3.42 3.42 3.39 3.36 3.31 3.25 3.19 3.12 3.05 2.98 2.92 2.85 2.79 2.72 2.66 2.61 2.56 2.51 2.46 2.42 2.39 2.36 2.33 2.31 2.30 2.31 2.32 2.35 2.38 2.40 2.42 2.44 2.46 2.48 2.50 2.52 2.55 2.58 2.60 2.63 2.67 2.70 2.74 2.77 2.81 2.85 2.89 2.92 2.95 2.97 3.00 3.02 3.05 3.08 3.11 3.13 3.16 3.18 3.19 3.21
2.16 2.14 2.13 2.15 2.18 2.23 2.29 2.36 2.45 2.53 2.63 2.73 2.84 2.95 3.05 3.16 3.26 3.36 3.45 3.52 3.59 3.64 3.67 3.69 3.69 3.68 3.65 3.61 3.56 3.50 3.43 3.36 3.28 3.19 3.11 3.03 2.95 2.88 2.81 2.74 2.67 2.61 2.55 2.50 2.45 2.41 2.37 2.34 2.33 2.32 2.33 2.34 2.37 2.40 2.43 2.45 2.46 2.48 2.50 2.52 2.55 2.58 2.61 2.64 2.68 2.72 2.76 2.81 2.86 2.90 2.95 2.99 3.02 3.05 3.08 3.12 3.15 3.19 3.23 3.27 3.31 3.34 3.37 3.39
2.12 2.12 2.14 2.18 2.24 2.32 2.41 2.51 2.62 2.73 2.84 2.96 3.08 3.20 3.31 3.43 3.53 3.63 3.72 3.80 3.86 3.90 3.93 3.94 3.94 3.93 3.90 3.86 3.81 3.74 3.67 3.59 3.51 3.41 3.32 3.22 3.13 3.04 2.95 2.87 2.79 2.71 2.64 2.57 2.51 2.46 2.41 2.37 2.35 2.33 2.33 2.34 2.37 2.40 2.43 2.46 2.48 2.50 2.52 2.54 2.56 2.59 2.63 2.67 2.71 2.76 2.81 2.86 2.92 2.97 3.01 3.05 3.09 3.13 3.17 3.21 3.26 3.30 3.35 3.40 3.45 3.50 3.54 3.57
2.07 2.10 2.15 2.21 2.30 2.40 2.52 2.64 2.77 2.91 3.04 3.17 3.30 3.43 3.56 3.68 3.79 3.89 3.98 4.06 4.11 4.16 4.18 4.20 4.19 4.18 4.15 4.11 4.05 3.99 3.91 3.83 3.73 3.63 3.53 3.42 3.31 3.21 3.10 3.01 2.91 2.82 2.74 2.65 2.58 2.51 2.46 2.41 2.37 2.35 2.34 2.34 2.36 2.39 2.43 2.48 2.51 2.54 2.55 2.57 2.60 2.63 2.67 2.72 2.76 2.82 2.88 2.94 3.00 3.04 3.09 3.12 3.16 3.21 3.25 3.31 3.36 3.42 3.47 3.53 3.59 3.65 3.70 3.74
2.03 2.09 2.15 2.24 2.35 2.48 2.62 2.76 2.92 3.07 3.23 3.38 3.52 3.66 3.79 3.92 4.03 4.14 4.23 4.30 4.35 4.40 4.42 4.44 4.44 4.42 4.39 4.35 4.29 4.23 4.15 4.06 3.96 3.86 3.74 3.62 3.50 3.38 3.26 3.15 3.04 2.93 2.83 2.74 2.65 2.57 2.51 2.45 2.41 2.37 2.35 2.34 2.36 2.39 2.44 2.49 2.54 2.58 2.61 2.63 2.66 2.70 2.74 2.79 2.84 2.90 2.97 3.03 3.08 3.12 3.16 3.20 3.24 3.29 3.34 3.40 3.46 3.53 3.59 3.66 3.72 3.79 3.85 3.91
2.00 2.07 2.16 2.27 2.40 2.54 2.70 2.87 3.05 3.22 3.39 3.56 3.72 3.87 4.01 4.14 4.26 4.37 4.45 4.53 4.58 4.63 4.66 4.67 4.67 4.66 4.63 4.59 4.53 4.46 4.38 4.29 4.19 4.08 3.96 3.83 3.70 3.56 3.43 3.30 3.17 3.05 2.94 2.83 2.73 2.64 2.56 2.50 2.44 2.40 2.36 2.35 2.36 2.39 2.44 2.50 2.56 2.63 2.68 2.72 2.75 2.79 2.83 2.89 2.95 3.01 3.08 3.13 3.17 3.21 3.24 3.28 3.32 3.37 3.44 3.50 3.57 3.64 3.71 3.78 3.86 3.93 4.00 4.07
1.96 2.05 2.16 2.29 2.44 2.60 2.78 2.97 3.16 3.35 3.54 3.73 3.90 4.06 4.21 4.35 4.47 4.58 4.66 4.74 4.80 4.85 4.88 4.89 4.90 4.88 4.86 4.82 4.76 4.69 4.61 4.52 4.42 4.30 4.18 4.05 3.91 3.76 3.61 3.46 3.32 3.18 3.05 2.93 2.82 2.72 2.63 2.55 2.49 2.43 2.38 2.36 2.36 2.39 2.45 2.51 2.59 2.67 2.75 2.82 2.87 2.91 2.96 3.02 3.08 3.15 3.19 3.23 3.27 3.30 3.33 3.37 3.41 3.46 3.53 3.60 3.67 3.75 3.83 3.91 3.98 4.06 4.14 4.22
1.92 2.03 2.15 2.30 2.47 2.65 2.85 3.05 3.26 3.47 3.67 3.87 4.06 4.24 4.39 4.54 4.66 4.77 4.86 4.94 5.00 5.05 5.09 5.11 5.11 5.10 5.08 5.04 4.98 4.92 4.84 4.74 4.64 4.52 4.40 4.26 4.11 3.96 3.80 3.63 3.47 3.32 3.18 3.05 2.93 2.81 2.71 2.62 2.54 2.47 2.41 2.37 2.37 2.40 2.46 2.53 2.62 2.72 2.82 2.92 3.00 3.06 3.12 3.18 3.24 3.28 3.32 3.35 3.37 3.39 3.42 3.45 3.50 3.55 3.62 3.70 3.78 3.86 3.94 4.03 4.11 4.19 4.28 4.36
1.89 2.01 2.15 2.31 2.50 2.70 2.91 3.12 3.34 3.57 3.78 3.99 4.19 4.38 4.55 4.70 4.83 4.94 5.04 5.12 5.19 5.25 5.28 5.31 5.32 5.31 5.29 5.25 5.20 5.14 5.06 4.96 4.86 4.74 4.61 4.47 4.32 4.16 3.99 3.82 3.64 3.48 3.32 3.18 3.04 2.92 2.80 2.70 2.61 2.52 2.45 2.40 2.39 2.41 2.47 2.56 2.66 2.78 2.90 3.02 3.13 3.23 3.31 3.37 3.41 3.43 3.45 3.47 3.48 3.50 3.52 3.55 3.59 3.65 3.72 3.80 3.89 3.97 4.06 4.15 4.23 4.32 4.41 4.49
1.85 1.99 2.14 2.32 2.51 2.73 2.95 3.18 3.41 3.65 3.88 4.10 4.31 4.50 4.68 4.84 4.98 5.10 5.20 5.29 5.37 5.43 5.47 5.50 5.51 5.51 5.49 5.46 5.41 5.35 5.27 5.18 5.07 4.96 4.83 4.69 4.53 4.37 4.19 4.02 3.83 3.66 3.49 3.33 3.18 3.04 2.91 2.79 2.68 2.59 2.50 2.43 2.41 2.44 2.50 2.59 2.70 2.84 2.98 3.12 3.27 3.40 3.50 3.56 3.58 3.59 3.59 3.59 3.59 3.60 3.62 3.64 3.68 3.74 3.82 3.90 3.99 4.08 4.17 4.26 4.35 4.45 4.54 4.63
1.82 1.96 2.13 2.32 2.53 2.75 2.99 3.23 3.47 3.71 3.95 4.18 4.40 4.60 4.79 4.96 5.11 5.24 5.35 5.45 5.53 5.59 5.64 5.68 5.70 5.70 5.69 5.66 5.61 5.55 5.48 5.39 5.29 5.17 5.04 4.90 4.74 4.57 4.40 4.22 4.04 3.85 3.67 3.49 3.33 3.18 3.03 2.90 2.77 2.66 2.56 2.48 2.45 2.47 2.53 2.63 2.75 2.90 3.06 3.24 3.41 3.56 3.67 3.74 3.76 3.75 3.74 3.72 3.71 3.71 3.72 3.74 3.78 3.84 3.92 4.01 4.10 4.19 4.28 4.38 4.47 4.57 4.66 4.75
1.79 1.94 2.11 2.31 2.53 2.77 3.01 3.26 3.51 3.76 4.00 4.24 4.46 4.67 4.87 5.05 5.21 5.35 5.48 5.58 5.67 5.74 5.80 5.84 5.87 5.88 5.87 5.85 5.81 5.75 5.68 5.59 5.49 5.38 5.25 5.10 4.95 4.78 4.61 4.43 4.25 4.06 3.87 3.68 3.50 3.33 3.17 3.02 2.88 2.75 2.64 2.54 2.50 2.52 2.58 2.68 2.81 2.98 3.16 3.35 3.53 3.69 3.80 3.88 3.92 3.92 3.89 3.86 3.84 3.83 3.83 3.84 3.88 3.94 4.02 4.11 4.20 4.30 4.39 4.49 4.58 4.68 4.78 4.85
1.75 1.91 2.09 2.30 2.53 2.77 3.02 3.28 3.53 3.79 4.04 4.28 4.51 4.72 4.93 5.12 5.29 5.45 5.58 5.70 5.80 5.88 5.94 5.99 6.03 6.04 6.04 6.03 5.99 5.94 5.88 5.79 5.69 5.58 5.45 5.31 5.16 4.99 4.83 4.65 4.47 4.28 4.08 3.88 3.69 3.50 3.33 3.16 3.01 2.86 2.73 2.62 2.57 2.58 2.64 2.74 2.89 3.06 3.26 3.46 3.63 3.78 3.91 4.00 4.05 4.07 4.05 4.01 3.97 3.95 3.94 3.95 3.98 4.04 4.12 4.21 4.30 4.40 4.50 4.60 4.69 4.79 4.87 4.91
1.72 1.89 2.07 2.28 2.52 2.76 3.02 3.28 3.54 3.80 4.05 4.30 4.53 4.76 4.97 5.17 5.35 5.52 5.67 5.80 5.91 6.00 6.07 6.13 6.17 6.19 6.20 6.19 6.17 6.12 6.06 5.98 5.89 5.78 5.65 5.51 5.37 5.21 5.05 4.87 4.69 4.51 4.31 4.11 3.90 3.70 3.51 3.32 3.15 2.99 2.84 2.71 2.65 2.65 2.71 2.82 2.97 3.16 3.35 3.53 3.70 3.85 3.97 4.07 4.14 4.18 4.18 4.15 4.11 4.07 4.05 4.05 4.08 4.14 4.22 4.31 4.41 4.50 4.60 4.70 4.80 4.88 4.93 4.93
1.69 1.86 2.05 2.26 2.50 2.75 3.01 3.27 3.54 3.80 4.05 4.30 4.54 4.77 4.99 5.19 5.39 5.57 5.73 5.87 6.00 6.10 6.18 6.25 6.30 6.33 6.35 6.35 6.33 6.29 6.24 6.16 6.07 5.97 5.85 5.72 5.58 5.43 5.27 5.10 4.92 4.74 4.54 4.34 4.13 3.92 3.71 3.50 3.31 3.13 2.97 2.82 2.75 2.74 2.80 2.91 3.07 3.24 3.41 3.58 3.73 3.87 4.00 4.11 4.19 4.25 4.28 4.28 4.24 4.20 4.17 4.17 4.19 4.24 4.32 4.41 4.51 4.61 4.70 4.80 4.89 4.94 4.95 4.91
1.66 1.82 2.01 2.23 2.47 2.73 2.99 3.25 3.51 3.77 4.03 4.28 4.53 4.76 4.99 5.20 5.40 5.59 5.77 5.92 6.06 6.18 6.28 6.36 6.42 6.46 6.49 6.49 6.48 6.45 6.41 6.34 6.25 6.16 6.05 5.92 5.79 5.65 5.49 5.33 5.15 4.97 4.78 4.58 4.37 4.15 3.93 3.71 3.50 3.30 3.11 2.96 2.87 2.85 2.90 3.01 3.15 3.30 3.44 3.59 3.73 3.87 3.99 4.10 4.20 4.27 4.33 4.36 4.36 4.33 4.29 4.28 4.30 4.34 4.42 4.52 4.61 4.71 4.80 4.89 4.94 4.96 4.94 4.87
1.62 1.79 1.98 2.20 2.44 2.69 2.95 3.21 3.48 3.74 3.99 4.25 4.50 4.74 4.97 5.19 5.40 5.60 5.79 5.95 6.11 6.24 6.35 6.45 6.52 6.57 6.61 6.62 6.62 6.60 6.56 6.50 6.43 6.34 6.24 6.13 6.00 5.87 5.72 5.56 5.39 5.21 5.02 4.82 4.61 4.40 4.17 3.94 3.71 3.49 3.28 3.11 3.01 2.98 3.03 3.11 3.21 3.32 3.44 3.57 3.69 3.82 3.94 4.06 4.16 4.25 4.33 4.38 4.42 4.43 4.41 4.40 4.40 4.45 4.53 4.62 4.71 4.80 4.89 4.95 4.97 4.96 4.91 4.82
1.58 1.75 1.94 2.15 2.39 2.64 2.90 3.16 3.42 3.68 3.94 4.20 4.45 4.70 4.94 5.16 5.38 5.59 5.79 5.97 6.13 6.28 6.41 6.51 6.60 6.67 6.71 6.74 6.75 6.74 6.71 6.66 6.60 6.52 6.44 6.33 6.22 6.09 5.95 5.79 5.63 5.45 5.27 5.07 4.87 4.65 4.42 4.19 3.95 3.71 3.48 3.28 3.17 3.13 3.14 3.18 3.24 3.31 3.40 3.51 3.62 3.73 3.85 3.96 4.08 4.18 4.28 4.36 4.43 4.48 4.50 4.51 4.52 4.55 4.63 4.72 4.81 4.89 4.95 4.98 4.98 4.94 4.87 4.76
1.53 1.71 1.90 2.11 2.34 2.59 2.84 3.10 3.36 3.62 3.88 4.14 4.39 4.64 4.88 5.12 5.35 5.56 5.77 5.96 6.13 6.29 6.44 6.56 6.66 6.74 6.80 6.85 6.87 6.87 6.85 6.82 6.77 6.70 6.63 6.53 6.43 6.31 6.18 6.03 5.87 5.70 5.52 5.33 5.12 4.91 4.68 4.44 4.20 3.95 3.70 3.48 3.35 3.27 3.23 3.22 3.23 3.27 3.33 3.41 3.50 3.60 3.71 3.83 3.95 4.06 4.18 4.29 4.38 4.47 4.54 4.59 4.62 4.66 4.73 4.82 4.90 4.96 4.99 5.00 4.98 4.92 4.83 4.70
1.47 1.65 1.84 2.05 2.28 2.52 2.77 3.03 3.28 3.54 3.80 4.06 4.32 4.57 4.82 5.06 5.29 5.52 5.73 5.93 6.12 6.29 6.45 6.58 6.70 6.80 6.88 6.93 6.97 6.98 6.98 6.96 6.93 6.88 6.81 6.73 6.64 6.53 6.40 6.26 6.11 5.95 5.77 5.58 5.38 5.17 4.94 4.71 4.46 4.21 3.94 3.70 3.52 3.39 3.29 3.22 3.19 3.19 3.22 3.27 3.34 3.43 3.53 3.64 3.77 3.89 4.03 4.16 4.28 4.40 4.51 4.61 4.70 4.76 4.84 4.91 4.97 5.01 5.02 5.01 4.97 4.90 4.80 4.65
1.40 1.58 1.77 1.98 2.21 2.45 2.69 2.94 3.20 3.45 3.71 3.97 4.23 4.48 4.73 4.98 5.22 5.45 5.67 5.88 6.08 6.26 6.43 6.59 6.72 6.83 6.93 7.00 7.04 7.08 7.09 7.09 7.07 7.04 6.99 6.92 6.84 6.74 6.62 6.49 6.35 6.19 6.02 5.84 5.64 5.44 5.21 4.98 4.74 4.48 4.21 3.94 3.69 3.49 3.33 3.21 3.13 3.09 3.08 3.10 3.15 3.22 3.31 3.42 3.55 3.68 3.83 3.98 4.13 4.29 4.44 4.58 4.71 4.84 4.94 5.00 5.04 5.06 5.06 5.03 4.98 4.89 4.78 4.62
1.34 1.51 1.71 1.92 2.14 2.37 2.61 2.85 3.10 3.35 3.61 3.86 4.12 4.38 4.63 4.88 5.12 5.36 5.58 5.80 6.01 6.20 6.38 6.54 6.69 6.82 6.92 6.99 7.03 7.08 7.12 7.14 7.15 7.13 7.10 7.05 6.99 6.90 6.81 6.69 6.56 6.42 6.26 6.09 5.90 5.70 5.49 5.27 5.03 4.78 4.51 4.22 3.92 3.65 3.43 3.25 3.12 3.03 2.98 2.97 2.99 3.04 3.12 3.22 3.34 3.48 3.64 3.80 3.98 4.16 4.35 4.53 4.71 4.89 5.03 5.12 5.14 5.14 5.12 5.08 5.01 4.91 4.78 4.62
