data_processed/recharge/precip/Precip_2010_06.asc
ncols        168
nrows        136
xllcorner    455000
yllcorner    2107000
cellsize     500
NODATA_value     -99999
[rows 102 to 135 of 136, columns 76 to 151 of 168]
76.75 78.20 79.62 80.92 81.97 82.77 83.31 83.62 83.69 83.54 83.19 82.63 81.89 80.96 79.87 78.62 77.21 75.67 74.00 72.25 70.47 68.73 67.09 65.68 64.67 64.17 64.23 64.92 66.23 67.91 69.80 71.88 74.14 76.57 79.16 81.90 84.78 87.79 90.92 94.15 97.48 100.90 104.40 107.95 111.52 115.06 118.56 121.99 125.34 128.62 131.84 134.95 137.92 140.66 142.86 144.13 144.46 143.91 142.52 140.35 137.45 133.89 129.70 124.95 119.69 113.98 107.86 101.39 94.64 87.68 80.64 73.61 66.69 59.98 53.77 48.50
77.10 78.58 79.95 81.10 82.00 82.67 83.11 83.32 83.34 83.15 82.78 82.22 81.51 80.63 79.61 78.45 77.16 75.76 74.25 72.66 71.03 69.43 67.93 66.65 65.83 65.58 65.97 66.97 68.35 69.97 71.78 73.80 76.00 78.37 80.91 83.60 86.44 89.41 92.50 95.71 99.02 102.42 105.91 109.46 113.07 116.66 120.21 123.68 127.07 130.39 133.63 136.76 139.70 142.12 143.64 144.24 143.98 142.91 141.08 138.54 135.36 131.57 127.25 122.44 117.20 111.57 105.62 99.39 92.95 86.35 79.69 73.09 66.64 60.45 54.81 50.11
77.49 78.91 80.13 81.11 81.86 82.40 82.73 82.87 82.83 82.60 82.22 81.68 80.99 80.17 79.22 78.17 77.00 75.74 74.40 72.99 71.53 70.09 68.73 67.60 67.00 67.02 67.67 68.72 70.00 71.51 73.23 75.14 77.25 79.54 82.00 84.62 87.39 90.29 93.33 96.48 99.74 103.10 106.54 110.07 113.66 117.28 120.88 124.40 127.82 131.18 134.45 137.56 140.19 141.94 142.79 142.80 142.02 140.50 138.30 135.48 132.08 128.16 123.77 118.97 113.82 108.36 102.65 96.74 90.69 84.56 78.39 72.31 66.42 60.85 55.85 51.82
77.83 79.08 80.10 80.92 81.53 81.95 82.19 82.25 82.15 81.90 81.50 80.98 80.33 79.57 78.70 77.75 76.71 75.60 74.43 73.21 71.95 70.69 69.50 68.54 68.16 68.41 69.07 69.98 71.13 72.50 74.09 75.89 77.88 80.05 82.40 84.92 87.59 90.40 93.35 96.42 99.61 102.89 106.27 109.73 113.27 116.86 120.48 124.05 127.52 130.91 134.18 136.99 138.94 140.02 140.27 139.76 138.54 136.66 134.17 131.13 127.59 123.60 119.23 114.52 109.53 104.32 98.92 93.41 87.83 82.24 76.69 71.25 66.02 61.14 56.88 53.59
77.98 79.03 79.87 80.53 81.00 81.31 81.45 81.44 81.30 81.02 80.62 80.11 79.51 78.81 78.04 77.19 76.29 75.33 74.34 73.32 72.28 71.23 70.22 69.46 69.26 69.48 69.97 70.71 71.69 72.91 74.34 75.99 77.83 79.87 82.09 84.47 87.02 89.71 92.54 95.51 98.58 101.77 105.06 108.43 111.88 115.39 118.97 122.55 126.07 129.47 132.44 134.57 135.85 136.34 136.07 135.12 133.53 131.35 128.65 125.47 121.87 117.90 113.62 109.07 104.32 99.42 94.42 89.38 84.35 79.38 74.53 69.85 65.40 61.31 57.87 55.28
77.90 78.75 79.42 79.92 80.26 80.46 80.51 80.44 80.25 79.95 79.56 79.08 78.52 77.89 77.21 76.48 75.71 74.92 74.11 73.29 72.48 71.68 70.90 70.29 70.03 70.04 70.33 70.87 71.66 72.69 73.94 75.41 77.08 78.95 81.01 83.24 85.63 88.18 90.87 93.69 96.64 99.70 102.87 106.12 109.46 112.87 116.34 119.86 123.37 126.47 128.76 130.23 130.91 130.87 130.17 128.85 126.96 124.57 121.73 118.49 114.90 111.02 106.90 102.60 98.16 93.66 89.13 84.63 80.21 75.94 71.86 68.03 64.50 61.34 58.67 56.44
77.49 78.15 78.65 79.01 79.23 79.33 79.31 79.19 78.97 78.67 78.29 77.84 77.35 76.80 76.23 75.62 75.01 74.39 73.77 73.17 72.60 72.06 71.52 70.90 70.42 70.21 70.27 70.59 71.17 71.98 73.03 74.30 75.78 77.46 79.33 81.38 83.60 85.98 88.51 91.18 93.97 96.88 99.90 103.02 106.23 109.51 112.86 116.27 119.71 122.31 123.92 124.76 124.90 124.40 123.30 121.67 119.54 116.99 114.06 110.80 107.28 103.54 99.64 95.63 91.57 87.50 83.49 79.59 75.85 72.33 69.07 66.14 63.59 61.29 59.02 57.00
76.55 77.05 77.42 77.67 77.81 77.84 77.77 77.63 77.41 77.13 76.80 76.42 76.01 75.58 75.14 74.70 74.26 73.84 73.45 73.10 72.80 72.50 72.01 71.33 70.71 70.27 70.10 70.20 70.55 71.15 71.98 73.04 74.32 75.80 77.48 79.35 81.38 83.58 85.94 88.44 91.07 93.83 96.69 99.66 102.73 105.87 109.10 112.50 116.05 118.61 119.73 119.96 119.56 118.59 117.10 115.15 112.79 110.08 107.06 103.79 100.34 96.74 93.06 89.34 85.65 82.03 78.55 75.24 72.18 69.41 66.98 64.95 63.20 61.28 59.18 57.35
75.14 75.52 75.79 75.96 76.04 76.03 75.96 75.83 75.64 75.42 75.16 74.89 74.60 74.32 74.05 73.79 73.57 73.39 73.26 73.19 73.13 72.86 72.31 71.57 70.89 70.31 69.91 69.77 69.90 70.27 70.89 71.73 72.80 74.08 75.56 77.22 79.07 81.09 83.27 85.59 88.05 90.65 93.36 96.17 99.09 102.10 105.29 108.79 112.46 115.17 116.28 116.08 115.14 113.70 111.81 109.54 106.94 104.05 100.94 97.66 94.26 90.80 87.33 83.90 80.57 77.39 74.42 71.71 69.32 67.29 65.68 64.38 62.97 61.21 59.27 57.58
73.37 73.64 73.84 73.96 74.01 74.01 73.96 73.87 73.75 73.62 73.47 73.33 73.21 73.10 73.03 73.00 73.03 73.11 73.27 73.45 73.41 73.06 72.43 71.64 70.91 70.26 69.72 69.35 69.24 69.38 69.77 70.40 71.25 72.32 73.59 75.05 76.71 78.53 80.52 82.67 84.95 87.38 89.92 92.58 95.34 98.31 101.58 105.17 108.95 111.79 113.07 112.91 111.59 109.68 107.39 104.79 101.93 98.87 95.66 92.35 89.01 85.67 82.41 79.26 76.29 73.54 71.08 68.95 67.21 65.92 64.97 63.98 62.70 61.08 59.30 57.75
71.34 71.50 71.65 71.76 71.83 71.86 71.86 71.85 71.83 71.82 71.82 71.85 71.91 72.02 72.18 72.41 72.71 73.10 73.51 73.70 73.55 73.10 72.40 71.57 70.78 70.08 69.47 68.96 68.61 68.52 68.67 69.07 69.70 70.55 71.61 72.87 74.31 75.94 77.74 79.70 81.80 84.04 86.42 88.91 91.62 94.64 98.00 101.67 105.52 108.47 109.91 109.94 108.70 106.47 103.77 100.84 97.72 94.48 91.16 87.83 84.52 81.31 78.24 75.36 72.74 70.42 68.46 66.91 65.82 65.12 64.44 63.55 62.40 60.91 59.28 57.87
69.11 69.18 69.32 69.46 69.56 69.66 69.75 69.85 69.96 70.11 70.29 70.51 70.80 71.15 71.58 72.10 72.72 73.36 73.78 73.83 73.56 73.01 72.25 71.36 70.53 69.78 69.11 68.52 68.03 67.70 67.62 67.78 68.18 68.80 69.64 70.69 71.93 73.35 74.95 76.71 78.63 80.69 82.89 85.31 88.05 91.14 94.55 98.28 102.18 105.22 106.79 107.01 105.99 103.87 100.92 97.65 94.27 90.83 87.40 84.02 80.76 77.66 74.78 72.17 69.89 67.98 66.52 65.53 64.97 64.49 63.89 63.11 62.07 60.72 59.22 57.95
66.72 66.74 66.90 67.11 67.32 67.51 67.72 67.96 68.24 68.57 68.97 69.43 69.97 70.60 71.33 72.17 73.05 73.69 73.94 73.84 73.45 72.82 71.98 71.05 70.17 69.37 68.65 68.00 67.44 66.96 66.64 66.56 66.73 67.12 67.73 68.55 69.58 70.79 72.18 73.74 75.46 77.34 79.45 81.89 84.68 87.80 91.25 95.01 98.95 102.04 103.73 104.11 103.30 101.43 98.63 95.16 91.51 87.88 84.32 80.90 77.67 74.68 71.98 69.63 67.68 66.19 65.20 64.67 64.29 63.87 63.35 62.65 61.73 60.51 59.15 58.01
64.23 64.22 64.43 64.76 65.14 65.49 65.86 66.28 66.76 67.31 67.95 68.67 69.50 70.45 71.51 72.62 73.48 73.92 74.00 73.76 73.26 72.53 71.64 70.66 69.74 68.89 68.11 67.41 66.79 66.23 65.76 65.45 65.37 65.52 65.90 66.49 67.29 68.29 69.47 70.82 72.34 74.11 76.23 78.69 81.50 84.64 88.10 91.87 95.82 98.95 100.73 101.25 100.63 99.00 96.48 93.19 89.40 85.57 81.89 78.41 75.20 72.31 69.78 67.68 66.06 64.97 64.37 63.98 63.64 63.27 62.82 62.21 61.39 60.30 59.08 58.05
61.68 61.67 61.95 62.43 63.03 63.66 64.26 64.89 65.60 66.40 67.32 68.34 69.49 70.78 72.12 73.19 73.84 74.09 74.00 73.62 73.00 72.19 71.23 70.22 69.25 68.35 67.53 66.77 66.08 65.47 64.92 64.45 64.13 64.04 64.18 64.54 65.11 65.88 66.84 67.98 69.38 71.14 73.26 75.72 78.53 81.66 85.11 88.87 92.80 95.96 97.80 98.43 97.98 96.57 94.31 91.33 87.76 83.85 80.04 76.50 73.31 70.51 68.15 66.29 64.99 64.21 63.71 63.34 63.02 62.70 62.31 61.79 61.07 60.10 59.01 58.10
59.12 59.14 59.52 60.18 61.03 61.97 62.94 63.87 64.85 65.94 67.16 68.52 70.03 71.60 72.89 73.72 74.15 74.21 73.95 73.43 72.70 71.80 70.79 69.73 68.73 67.79 66.91 66.10 65.36 64.68 64.07 63.52 63.04 62.71 62.60 62.72 63.05 63.59 64.33 65.34 66.71 68.45 70.54 72.99 75.77 78.87 82.29 86.01 89.91 93.07 94.95 95.68 95.37 94.14 92.13 89.44 86.21 82.56 78.73 75.13 71.94 69.22 67.03 65.41 64.34 63.63 63.12 62.75 62.46 62.18 61.85 61.40 60.79 59.93 58.96 58.17
56.59 56.67 57.19 58.05 59.18 60.47 61.86 63.25 64.60 66.02 67.58 69.30 71.10 72.60 73.63 74.22 74.43 74.30 73.88 73.23 72.38 71.40 70.33 69.24 68.20 67.21 66.29 65.43 64.63 63.89 63.21 62.60 62.04 61.55 61.20 61.07 61.16 61.46 62.05 63.01 64.34 66.04 68.10 70.50 73.23 76.28 79.65 83.31 87.16 90.28 92.19 92.99 92.80 91.74 89.95 87.53 84.62 81.33 77.79 74.23 71.05 68.41 66.37 64.91 63.88 63.13 62.60 62.23 61.95 61.71 61.44 61.07 60.54 59.80 58.95 58.27
54.13 54.31 54.99 56.09 57.52 59.20 61.04 62.95 64.85 66.71 68.65 70.67 72.38 73.60 74.36 74.71 74.71 74.39 73.81 73.02 72.07 71.01 69.88 68.75 67.68 66.65 65.69 64.78 63.92 63.13 62.39 61.70 61.07 60.50 59.99 59.62 59.46 59.60 60.12 61.02 62.30 63.94 65.93 68.26 70.92 73.90 77.19 80.77 84.54 87.61 89.52 90.37 90.28 89.37 87.77 85.60 82.98 80.04 76.89 73.66 70.59 68.02 66.07 64.60 63.51 62.72 62.16 61.79 61.53 61.32 61.09 60.79 60.36 59.72 58.99 58.41
51.80 52.10 52.97 54.34 56.10 58.19 60.51 62.98 65.51 68.01 70.35 72.28 73.69 74.62 75.11 75.22 75.00 74.50 73.76 72.84 71.78 70.64 69.46 68.30 67.19 66.13 65.12 64.17 63.26 62.41 61.61 60.86 60.16 59.51 58.92 58.39 58.07 58.12 58.56 59.39 60.58 62.14 64.04 66.28 68.85 71.73 74.92 78.40 82.07 85.07 86.96 87.83 87.82 87.03 85.61 83.66 81.32 78.70 75.92 73.11 70.40 67.95 65.96 64.41 63.25 62.41 61.83 61.44 61.19 61.01 60.83 60.60 60.24 59.71 59.08 58.61
49.65 50.09 51.19 52.84 54.98 57.51 60.34 63.39 66.57 69.69 72.22 73.94 75.03 75.67 75.90 75.77 75.34 74.65 73.75 72.70 71.54 70.32 69.10 67.91 66.76 65.67 64.62 63.62 62.66 61.76 60.90 60.09 59.32 58.60 57.94 57.39 57.06 57.03 57.38 58.11 59.20 60.65 62.44 64.57 67.03 69.79 72.86 76.22 79.75 82.66 84.50 85.38 85.42 84.74 83.47 81.73 79.63 77.31 74.88 72.47 70.18 67.99 65.98 64.34 63.11 62.22 61.60 61.21 60.96 60.80 60.66 60.49 60.21 59.78 59.26 58.88
47.71 48.33 49.68 51.66 54.19 57.18 60.56 64.22 67.97 71.27 73.81 75.51 76.42 76.77 76.74 76.38 75.74 74.87 73.82 72.64 71.37 70.08 68.81 67.59 66.42 65.29 64.20 63.16 62.16 61.20 60.28 59.41 58.58 57.80 57.13 56.66 56.39 56.35 56.59 57.19 58.16 59.48 61.14 63.14 65.45 68.08 71.00 74.21 77.61 80.40 82.17 83.03 83.10 82.50 81.36 79.79 77.93 75.89 73.79 71.74 69.77 67.87 66.06 64.42 63.11 62.16 61.51 61.09 60.84 60.70 60.60 60.48 60.28 59.94 59.52 59.23
46.04 46.87 48.49 50.82 53.78 57.27 61.21 65.40 69.27 72.49 75.01 76.78 77.75 77.95 77.67 77.07 76.22 75.17 73.97 72.66 71.30 69.94 68.62 67.37 66.17 65.01 63.89 62.81 61.76 60.75 59.79 58.86 57.97 57.19 56.59 56.19 55.99 55.98 56.18 56.65 57.47 58.64 60.15 61.99 64.14 66.60 69.36 72.40 75.63 78.28 79.96 80.78 80.86 80.32 79.29 77.88 76.22 74.43 72.63 70.88 69.20 67.58 66.03 64.57 63.25 62.25 61.55 61.11 60.85 60.73 60.66 60.59 60.46 60.21 59.89 59.69
44.67 45.74 47.67 50.39 53.80 57.82 62.23 66.46 70.18 73.31 75.82 77.64 78.74 79.08 78.69 77.87 76.82 75.59 74.24 72.81 71.35 69.91 68.55 67.28 66.06 64.87 63.71 62.59 61.50 60.45 59.43 58.45 57.56 56.85 56.33 55.99 55.83 55.86 56.07 56.48 57.14 58.14 59.47 61.13 63.10 65.38 67.95 70.80 73.83 76.32 77.89 78.65 78.71 78.21 77.26 75.98 74.51 72.96 71.44 69.96 68.54 67.17 65.88 64.65 63.50 62.49 61.75 61.28 61.01 60.89 60.86 60.84 60.77 60.60 60.37 60.25
43.67 45.00 47.27 50.40 54.29 58.73 63.13 67.13 70.68 73.71 76.20 78.08 79.32 79.86 79.67 78.79 77.54 76.14 74.64 73.09 71.53 70.03 68.63 67.33 66.09 64.87 63.68 62.53 61.40 60.30 59.23 58.26 57.45 56.81 56.34 56.05 55.93 55.98 56.21 56.60 57.16 57.98 59.11 60.57 62.34 64.41 66.77 69.40 72.22 74.53 75.96 76.63 76.66 76.17 75.28 74.12 72.83 71.53 70.26 69.04 67.86 66.73 65.66 64.65 63.71 62.85 62.11 61.61 61.33 61.21 61.20 61.22 61.22 61.13 60.99 60.94
43.07 44.69 47.33 50.90 55.17 59.53 63.61 67.37 70.74 73.68 76.14 78.08 79.45 80.21 80.30 79.68 78.42 76.85 75.20 73.53 71.88 70.31 68.87 67.56 66.29 65.05 63.83 62.64 61.48 60.34 59.28 58.38 57.64 57.06 56.64 56.38 56.28 56.34 56.56 56.94 57.47 58.16 59.09 60.32 61.86 63.70 65.82 68.22 70.81 72.91 74.19 74.75 74.72 74.22 73.37 72.33 71.26 70.20 69.18 68.18 67.23 66.32 65.46 64.65 63.90 63.22 62.61 62.11 61.82 61.70 61.70 61.76 61.82 61.80 61.74 61.77
42.91 44.87 47.90 51.79 55.91 59.88 63.64 67.14 70.34 73.18 75.62 77.62 79.12 80.08 80.46 80.20 79.27 77.73 75.94 74.15 72.42 70.79 69.31 67.97 66.69 65.43 64.18 62.96 61.76 60.64 59.65 58.82 58.14 57.60 57.22 56.98 56.89 56.95 57.15 57.49 57.98 58.61 59.39 60.39 61.68 63.26 65.13 67.27 69.60 71.47 72.57 73.00 72.89 72.36 71.57 70.72 69.88 69.06 68.25 67.47 66.72 66.00 65.33 64.70 64.13 63.61 63.16 62.77 62.49 62.37 62.38 62.48 62.58 62.63 62.66 62.75
43.26 45.56 48.88 52.55 56.21 59.77 63.20 66.45 69.46 72.21 74.62 76.67 78.31 79.48 80.14 80.24 79.74 78.60 76.88 74.99 73.16 71.47 69.95 68.61 67.31 66.02 64.75 63.50 62.32 61.27 60.36 59.58 58.94 58.44 58.08 57.85 57.75 57.78 57.95 58.25 58.69 59.25 59.94 60.76 61.80 63.11 64.70 66.56 68.60 70.22 71.12 71.40 71.19 70.65 70.03 69.41 68.78 68.16 67.56 66.97 66.40 65.86 65.36 64.89 64.47 64.10 63.78 63.52 63.33 63.23 63.25 63.37 63.53 63.64 63.74 63.90
44.14 46.68 49.71 52.84 56.01 59.17 62.26 65.26 68.09 70.73 73.13 75.23 76.99 78.36 79.31 79.77 79.71 79.08 77.82 76.04 74.14 72.38 70.84 69.48 68.16 66.86 65.57 64.34 63.23 62.25 61.39 60.66 60.05 59.57 59.21 58.97 58.86 58.86 58.99 59.23 59.59 60.07 60.67 61.38 62.21 63.24 64.53 66.08 67.82 69.17 69.84 69.95 69.68 69.28 68.87 68.45 68.02 67.59 67.16 66.75 66.35 65.96 65.61 65.28 65.00 64.75 64.55 64.40 64.30 64.27 64.33 64.47 64.66 64.84 65.01 65.22
45.46 47.65 50.06 52.63 55.31 58.05 60.82 63.55 66.21 68.74 71.11 73.26 75.15 76.73 77.95 78.77 79.15 79.02 78.36 77.11 75.36 73.56 71.98 70.61 69.28 67.97 66.70 65.54 64.50 63.58 62.76 62.06 61.47 60.99 60.63 60.37 60.22 60.18 60.25 60.42 60.70 61.08 61.57 62.16 62.85 63.65 64.63 65.86 67.28 68.33 68.75 68.74 68.58 68.38 68.16 67.92 67.67 67.41 67.14 66.88 66.62 66.38 66.15 65.95 65.77 65.63 65.53 65.47 65.46 65.50 65.60 65.78 66.01 66.24 66.47 66.74
46.62 48.11 49.88 51.88 54.07 56.41 58.83 61.31 63.78 66.21 68.55 70.75 72.77 74.55 76.05 77.23 78.03 78.42 78.34 77.75 76.60 75.00 73.40 72.02 70.69 69.40 68.21 67.12 66.13 65.25 64.46 63.78 63.19 62.71 62.32 62.03 61.83 61.73 61.73 61.82 62.00 62.27 62.64 63.09 63.64 64.27 65.00 65.90 66.96 67.70 67.94 68.01 68.04 68.02 67.97 67.90 67.80 67.69 67.56 67.43 67.30 67.17 67.06 66.96 66.87 66.82 66.79 66.80 66.85 66.95 67.10 67.31 67.57 67.86 68.15 68.45
47.26 48.03 49.16 50.59 52.29 54.21 56.30 58.51 60.81 63.13 65.44 67.68 69.82 71.80 73.58 75.12 76.35 77.25 77.75 77.82 77.41 76.48 75.12 73.75 72.44 71.23 70.10 69.07 68.12 67.26 66.50 65.82 65.22 64.71 64.29 63.95 63.70 63.53 63.44 63.43 63.50 63.65 63.88 64.19 64.57 65.03 65.57 66.19 66.90 67.39 67.70 67.94 68.13 68.27 68.38 68.45 68.49 68.50 68.50 68.48 68.45 68.42 68.40 68.38 68.37 68.38 68.41 68.47 68.57 68.70 68.87 69.10 69.38 69.71 70.03 70.24
47.80 47.84 48.31 49.17 50.38 51.87 53.62 55.56 57.66 59.87 62.14 64.43 66.68 68.86 70.91 72.79 74.45 75.84 76.93 77.65 77.97 77.84 77.17 75.95 74.71 73.56 72.48 71.48 70.56 69.72 68.95 68.25 67.63 67.09 66.61 66.21 65.88 65.62 65.42 65.30 65.24 65.26 65.33 65.47 65.68 65.95 66.28 66.68 67.16 67.68 68.14 68.54 68.88 69.17 69.41 69.60 69.76 69.89 69.99 70.07 70.13 70.18 70.22 70.26 70.31 70.37 70.44 70.54 70.65 70.80 70.99 71.22 71.49 71.78 71.95 71.93
51.29 50.55 50.33 50.56 51.22 52.25 53.60 55.23 57.09 59.14 61.33 63.60 65.93 68.25 70.52 72.70 74.73 76.58 78.20 79.53 80.53 81.12 80.82 79.51 78.24 77.10 76.03 75.03 74.09 73.21 72.39 71.64 70.95 70.32 69.75 69.24 68.79 68.39 68.05 67.77 67.54 67.37 67.25 67.18 67.16 67.20 67.28 67.45 67.85 68.44 69.05 69.60 70.08 70.51 70.88 71.19 71.47 71.70 71.89 72.06 72.21 72.33 72.44 72.54 72.64 72.74 72.85 72.97 73.10 73.27 73.45 73.68 73.90 73.85 73.50 73.17
59.06 57.48 56.48 56.03 56.07 56.56 57.45 58.69 60.25 62.06 64.10 66.29 68.62 71.01 73.44 75.85 78.19 80.42 82.49 84.36 85.94 86.79 86.29 84.77 83.40 82.21 81.09 80.02 78.99 78.03 77.11 76.24 75.42 74.64 73.92 73.24 72.61 72.02 71.47 70.97 70.51 70.09 69.72 69.38 69.08 68.82 68.63 68.62 68.96 69.54 70.22 70.91 71.54 72.11 72.61 73.05 73.43 73.77 74.07 74.33 74.55 74.75 74.93 75.09 75.24 75.39 75.53 75.68 75.84 76.01 76.21 76.39 76.31 75.69 74.73 73.89
