data_processed/recharge/precip/Precip_1990_06.asc
ncols        168
nrows        136
xllcorner    455000
yllcorner    2107000
cellsize     500
NODATA_value     -99999
[rows 96 to 127 of 136, columns 72 to 143 of 168]
184.02 180.25 176.40 172.48 168.50 164.46 160.36 156.23 152.06 147.84 143.55 139.21 134.83 130.40 125.96 121.49 117.02 112.55 108.10 103.67 99.27 94.92 90.62 86.39 82.23 78.26 74.55 71.12 67.95 65.05 62.42 60.04 57.91 56.02 54.38 52.98 51.81 50.87 50.15 49.66 49.37 49.30 49.44 49.77 50.30 51.02 51.93 53.02 54.29 55.73 57.34 59.12 61.06 63.21 65.60 68.22 71.04 74.08 77.31 80.73 84.32 88.08 92.00 96.07 100.27 104.59 109.04 113.59 118.24 123.00 127.85 132.75
187.30 183.48 179.58 175.61 171.57 167.48 163.35 159.16 154.95 150.68 146.35 141.96 137.52 133.04 128.54 124.02 119.49 114.96 110.45 105.96 101.50 97.08 92.71 88.40 84.17 80.03 76.07 72.38 68.98 65.84 62.98 60.39 58.05 55.98 54.15 52.57 51.24 50.14 49.28 48.64 48.23 48.04 48.07 48.30 48.74 49.39 50.23 51.26 52.48 53.88 55.46 57.22 59.21 61.44 63.92 66.63 69.55 72.69 76.03 79.56 83.27 87.16 91.20 95.39 99.73 104.20 108.79 113.49 118.30 123.22 128.25 133.34
190.63 186.75 182.80 178.78 174.70 170.56 166.38 162.15 157.88 153.57 149.19 144.75 140.26 135.74 131.18 126.60 122.02 117.43 112.86 108.30 103.78 99.29 94.86 90.48 86.18 81.96 77.83 73.90 70.24 66.87 63.77 60.96 58.41 56.13 54.11 52.35 50.85 49.58 48.57 47.79 47.24 46.93 46.84 46.97 47.31 47.87 48.63 49.60 50.76 52.11 53.66 55.45 57.50 59.81 62.37 65.15 68.17 71.40 74.83 78.46 82.28 86.27 90.43 94.75 99.21 103.80 108.53 113.37 118.32 123.40 128.59 133.86
194.00 190.07 186.07 182.00 177.87 173.69 169.45 165.18 160.87 156.51 152.09 147.60 143.06 138.48 133.87 129.24 124.60 119.96 115.32 110.70 106.12 101.57 97.07 92.63 88.25 83.96 79.75 75.65 71.75 68.13 64.79 61.75 58.98 56.50 54.28 52.33 50.64 49.21 48.03 47.10 46.41 45.96 45.75 45.77 46.01 46.47 47.15 48.04 49.14 50.44 52.01 53.85 55.95 58.32 60.94 63.80 66.89 70.20 73.72 77.44 81.35 85.44 89.70 94.12 98.69 103.41 108.25 113.22 118.30 123.52 128.87 134.31
197.41 193.43 189.38 185.26 181.09 176.85 172.58 168.26 163.91 159.50 155.03 150.50 145.91 141.28 136.62 131.93 127.24 122.54 117.84 113.17 108.52 103.90 99.34 94.83 90.38 86.02 81.74 77.55 73.49 69.62 66.05 62.77 59.78 57.07 54.65 52.50 50.62 49.01 47.66 46.57 45.74 45.15 44.81 44.71 44.84 45.20 45.78 46.59 47.63 48.93 50.52 52.40 54.55 56.97 59.64 62.56 65.71 69.09 72.68 76.48 80.47 84.64 89.00 93.52 98.19 103.01 107.96 113.04 118.25 123.60 129.09 134.68
200.86 196.83 192.73 188.57 184.35 180.07 175.75 171.38 166.99 162.54 158.03 153.45 148.81 144.13 139.42 134.68 129.93 125.17 120.42 115.68 110.97 106.29 101.66 97.09 92.58 88.14 83.79 79.53 75.38 71.35 67.54 64.01 60.79 57.86 55.22 52.87 50.79 49.00 47.48 46.22 45.23 44.50 44.02 43.78 43.80 44.05 44.54 45.27 46.28 47.60 49.22 51.12 53.31 55.76 58.47 61.44 64.64 68.07 71.72 75.58 79.65 83.90 88.33 92.93 97.69 102.61 107.66 112.84 118.15 123.62 129.24 134.98
204.34 200.27 196.13 191.92 187.65 183.33 178.96 174.55 170.12 165.63 161.07 156.44 151.76 147.03 142.27 137.48 132.67 127.86 123.05 118.25 113.48 108.74 104.05 99.40 94.83 90.32 85.90 81.57 77.35 73.23 69.25 65.49 62.02 58.86 56.00 53.44 51.16 49.18 47.47 46.04 44.89 44.00 43.38 43.01 42.90 43.04 43.43 44.12 45.13 46.45 48.08 50.00 52.21 54.69 57.43 60.43 63.67 67.15 70.85 74.76 78.88 83.19 87.69 92.37 97.21 102.20 107.34 112.61 118.02 123.60 129.34 135.20
207.87 203.75 199.56 195.30 190.99 186.63 182.22 177.77 173.29 168.76 164.16 159.48 154.75 149.98 145.16 140.32 135.46 130.59 125.73 120.87 116.04 111.24 106.49 101.78 97.13 92.56 88.07 83.67 79.37 75.18 71.12 67.19 63.49 60.09 57.00 54.22 51.73 49.55 47.65 46.04 44.72 43.67 42.89 42.38 42.14 42.16 42.50 43.17 44.17 45.49 47.12 49.04 51.26 53.75 56.51 59.53 62.80 66.31 70.05 74.00 78.17 82.53 87.09 91.82 96.73 101.79 107.00 112.36 117.85 123.52 129.36 135.35
211.44 207.27 203.03 198.73 194.37 189.97 185.51 181.02 176.50 171.93 167.29 162.57 157.80 152.97 148.11 143.22 138.30 133.38 128.46 123.55 118.66 113.80 108.98 104.21 99.50 94.86 90.30 85.83 81.45 77.19 73.05 69.04 65.18 61.54 58.22 55.21 52.51 50.11 48.02 46.22 44.72 43.50 42.57 41.91 41.54 41.49 41.79 42.44 43.41 44.72 46.33 48.25 50.46 52.95 55.72 58.75 62.03 65.56 69.32 73.31 77.51 81.91 86.51 91.30 96.25 101.37 106.65 112.07 117.64 123.39 129.33 135.42
215.04 210.82 206.54 202.20 197.80 193.34 188.85 184.32 179.76 175.15 170.46 165.70 160.88 156.01 151.10 146.16 141.20 136.22 131.24 126.28 121.33 116.41 111.52 106.69 101.92 97.21 92.58 88.04 83.60 79.26 75.05 70.96 67.01 63.21 59.65 56.41 53.49 50.88 48.58 46.59 44.90 43.51 42.40 41.60 41.14 41.04 41.30 41.91 42.85 44.12 45.71 47.61 49.81 52.29 55.05 58.08 61.37 64.91 68.68 72.68 76.91 81.34 85.97 90.79 95.79 100.95 106.28 111.76 117.38 123.21 129.23 135.42
218.67 214.41 210.09 205.70 201.25 196.76 192.23 187.66 183.06 178.41 173.68 168.88 164.02 159.10 154.14 149.15 144.13 139.11 134.07 129.05 124.05 119.07 114.12 109.23 104.39 99.61 94.92 90.31 85.80 81.39 77.10 72.93 68.90 65.02 61.30 57.83 54.68 51.85 49.34 47.14 45.26 43.68 42.42 41.51 40.98 40.82 41.03 41.58 42.48 43.71 45.27 47.13 49.30 51.76 54.51 57.52 60.80 64.34 68.11 72.12 76.36 80.80 85.45 90.30 95.32 100.53 105.89 111.41 117.09 122.97 129.07 135.34
222.34 218.03 213.67 209.23 204.75 200.22 195.64 191.03 186.40 181.71 176.94 172.10 167.19 162.23 157.22 152.18 147.12 142.04 136.95 131.87 126.81 121.77 116.77 111.81 106.91 102.07 97.31 92.63 88.05 83.57 79.21 74.97 70.86 66.90 63.10 59.46 56.08 53.02 50.29 47.89 45.81 44.05 42.66 41.67 41.06 40.83 40.97 41.47 42.31 43.48 44.99 46.81 48.94 51.37 54.08 57.08 60.34 63.85 67.62 71.62 75.86 80.31 84.96 89.82 94.87 100.09 105.48 111.04 116.75 122.68 128.83 135.18
226.03 221.69 217.28 212.81 208.28 203.71 199.09 194.45 189.77 185.05 180.24 175.35 170.40 165.40 160.35 155.26 150.14 145.01 139.88 134.75 129.63 124.53 119.47 114.45 109.48 104.58 99.75 95.01 90.36 85.81 81.37 77.06 72.88 68.84 64.95 61.23 57.69 54.41 51.45 48.83 46.55 44.66 43.17 42.08 41.39 41.07 41.13 41.55 42.32 43.44 44.88 46.65 48.73 51.11 53.78 56.74 59.97 63.46 67.20 71.19 75.41 79.85 84.50 89.36 94.41 99.65 105.06 110.63 116.37 122.33 128.54 134.94
229.76 225.38 220.92 216.41 211.84 207.23 202.58 197.90 193.18 188.42 183.57 178.65 173.66 168.61 163.51 158.38 153.22 148.04 142.85 137.66 132.49 127.33 122.21 117.14 112.11 107.14 102.25 97.44 92.72 88.10 83.59 79.20 74.95 70.83 66.87 63.07 59.43 55.99 52.81 49.98 47.55 45.53 43.94 42.75 41.95 41.54 41.51 41.84 42.53 43.57 44.94 46.64 48.66 50.98 53.61 56.51 59.70 63.15 66.86 70.82 75.01 79.43 84.07 88.92 93.97 99.20 104.61 110.19 115.94 121.93 128.17 134.62
233.52 229.09 224.60 220.05 215.44 210.79 206.10 201.38 196.63 191.83 186.95 181.99 176.95 171.86 166.72 161.54 156.33 151.10 145.86 140.62 135.39 130.18 125.01 119.87 114.78 109.75 104.80 99.92 95.13 90.44 85.86 81.40 77.07 72.88 68.84 64.96 61.25 57.71 54.39 51.39 48.82 46.69 44.97 43.66 42.75 42.24 42.10 42.34 42.94 43.88 45.17 46.80 48.74 50.99 53.55 56.40 59.52 62.93 66.59 70.50 74.66 79.05 83.67 88.49 93.52 98.74 104.14 109.72 115.47 121.47 127.74 134.23
237.31 232.84 228.30 223.71 219.07 214.38 209.65 204.90 200.11 195.28 190.36 185.36 180.28 175.15 169.96 164.74 159.48 154.20 148.91 143.62 138.34 133.08 127.84 122.65 117.50 112.41 107.39 102.45 97.59 92.83 88.19 83.65 79.25 74.99 70.87 66.91 63.12 59.51 56.15 53.09 50.39 48.11 46.26 44.82 43.79 43.16 42.91 43.04 43.53 44.38 45.57 47.10 48.96 51.13 53.61 56.39 59.45 62.79 66.39 70.26 74.36 78.71 83.28 88.08 93.07 98.27 103.65 109.21 114.96 120.96 127.23 133.75
241.12 236.61 232.04 227.41 222.72 218.00 213.24 208.45 203.63 198.76 193.80 188.76 183.65 178.48 173.25 167.98 162.68 157.35 152.01 146.67 141.33 136.02 130.73 125.47 120.27 115.11 110.03 105.02 100.10 95.28 90.56 85.96 81.48 77.14 72.95 68.91 65.05 61.42 58.07 55.00 52.23 49.81 47.81 46.24 45.07 44.31 43.93 43.94 44.31 45.05 46.14 47.56 49.32 51.40 53.79 56.48 59.47 62.73 66.27 70.07 74.11 78.41 82.93 87.67 92.63 97.79 103.14 108.67 114.40 120.39 126.66 133.19
244.96 240.41 235.80 231.13 226.41 221.65 216.85 212.03 207.18 202.27 197.28 192.20 187.05 181.84 176.57 171.25 165.91 160.53 155.15 149.75 144.37 139.00 133.65 128.34 123.07 117.86 112.72 107.65 102.66 97.77 92.98 88.31 83.76 79.35 75.08 70.98 67.10 63.48 60.13 57.06 54.27 51.77 49.63 47.90 46.59 45.68 45.17 45.04 45.29 45.90 46.87 48.18 49.83 51.80 54.09 56.69 59.58 62.76 66.22 69.94 73.91 78.14 82.60 87.28 92.19 97.30 102.60 108.10 113.79 119.75 126.02 132.55
248.82 244.23 239.58 234.88 230.12 225.33 220.50 215.64 210.75 205.82 200.79 195.68 190.49 185.23 179.92 174.57 169.17 163.76 158.32 152.88 147.44 142.02 136.62 131.25 125.93 120.66 115.45 110.32 105.27 100.31 95.46 90.71 86.10 81.61 77.28 73.16 69.29 65.68 62.34 59.26 56.46 53.93 51.70 49.81 48.34 47.28 46.62 46.34 46.45 46.93 47.76 48.95 50.48 52.33 54.51 57.00 59.79 62.87 66.23 69.86 73.76 77.90 82.29 86.91 91.74 96.79 102.05 107.49 113.13 119.06 125.30 131.82
252.70 248.08 243.39 238.65 233.86 229.03 224.17 219.28 214.36 209.39 204.33 199.18 193.96 188.66 183.31 177.91 172.48 167.01 161.53 156.04 150.55 145.08 139.62 134.20 128.82 123.49 118.23 113.03 107.92 102.89 97.97 93.16 88.47 83.93 79.58 75.48 71.62 68.01 64.67 61.58 58.76 56.22 53.95 51.96 50.33 49.10 48.28 47.85 47.80 48.13 48.82 49.87 51.27 53.00 55.05 57.42 60.09 63.06 66.32 69.85 73.65 77.70 82.00 86.54 91.30 96.28 101.46 106.84 112.43 118.31 124.52 131.01
256.61 251.95 247.23 242.45 237.63 232.76 227.87 222.94 217.99 213.00 207.90 202.72 197.46 192.13 186.73 181.30 175.82 170.31 164.78 159.24 153.70 148.18 142.67 137.19 131.76 126.37 121.05 115.79 110.61 105.52 100.54 95.66 90.91 86.35 82.03 77.93 74.08 70.48 67.13 64.03 61.19 58.62 56.32 54.29 52.54 51.14 50.15 49.55 49.34 49.51 50.05 50.95 52.20 53.78 55.70 57.94 60.49 63.34 66.48 69.90 73.59 77.54 81.74 86.18 90.85 95.75 100.85 106.16 111.68 117.50 123.66 130.12
260.54 255.84 251.08 246.27 241.41 236.52 231.59 226.63 221.66 216.63 211.50 206.28 200.99 195.62 190.19 184.71 179.19 173.64 168.06 162.48 156.89 151.31 145.76 140.23 134.73 129.29 123.90 118.59 113.35 108.20 103.15 98.21 93.46 88.92 84.61 80.53 76.68 73.07 69.71 66.59 63.73 61.13 58.79 56.72 54.92 53.40 52.23 51.45 51.06 51.06 51.44 52.17 53.26 54.70 56.47 58.57 60.98 63.69 66.70 70.00 73.57 77.41 81.50 85.83 90.41 95.20 100.22 105.44 110.87 116.63 122.73 129.14
264.48 259.75 254.96 250.11 245.22 240.30 235.33 230.35 225.34 220.28 215.13 209.88 204.54 199.14 193.67 188.15 182.59 177.00 171.38 165.75 160.11 154.49 148.88 143.29 137.75 132.25 126.80 121.43 116.13 110.91 105.81 100.87 96.14 91.62 87.32 83.24 79.40 75.78 72.41 69.27 66.38 63.75 61.37 59.25 57.40 55.81 54.51 53.55 52.97 52.79 52.99 53.55 54.47 55.74 57.36 59.30 61.56 64.13 67.00 70.16 73.60 77.31 81.28 85.50 89.96 94.65 99.56 104.68 110.02 115.69 121.72 128.08
268.45 263.68 258.85 253.98 249.05 244.09 239.10 234.09 229.05 223.96 218.78 213.50 208.13 202.69 197.19 191.63 186.02 180.39 174.73 169.05 163.37 157.69 152.03 146.40 140.80 135.24 129.74 124.31 118.95 113.68 108.57 103.66 98.95 94.45 90.16 86.08 82.23 78.61 75.21 72.05 69.14 66.46 64.04 61.87 59.96 58.31 56.94 55.84 55.07 54.69 54.70 55.08 55.82 56.92 58.36 60.13 62.23 64.64 67.36 70.37 73.67 77.24 81.07 85.17 89.50 94.07 98.87 103.88 109.12 114.69 120.64 126.93
272.43 267.63 262.77 257.86 252.90 247.91 242.89 237.85 232.79 227.67 222.45 217.14 211.74 206.27 200.73 195.13 189.49 183.81 178.10 172.38 166.66 160.93 155.22 149.54 143.88 138.27 132.72 127.22 121.82 116.55 111.47 106.58 101.89 97.40 93.11 89.04 85.18 81.54 78.12 74.94 71.99 69.27 66.80 64.58 62.61 60.89 59.44 58.25 57.35 56.77 56.57 56.75 57.30 58.21 59.47 61.06 62.99 65.23 67.79 70.64 73.78 77.20 80.89 84.84 89.04 93.48 98.15 103.04 108.16 113.63 119.49 125.69
276.42 271.59 266.70 261.76 256.77 251.75 246.71 241.63 236.54 231.40 226.15 220.81 215.38 209.87 204.29 198.66 192.98 187.26 181.51 175.75 169.97 164.20 158.45 152.71 147.00 141.34 135.73 130.19 124.78 119.55 114.50 109.63 104.95 100.47 96.19 92.11 88.23 84.58 81.14 77.92 74.93 72.17 69.65 67.37 65.33 63.55 62.02 60.75 59.74 59.01 58.61 58.58 58.92 59.63 60.70 62.10 63.84 65.90 68.28 70.96 73.94 77.20 80.73 84.53 88.58 92.88 97.41 102.16 107.16 112.51 118.26 124.37
280.43 275.57 270.64 265.67 260.66 255.61 250.53 245.44 240.32 235.15 229.87 224.50 219.04 213.50 207.89 202.22 196.50 190.74 184.95 179.14 173.32 167.51 161.70 155.91 150.16 144.44 138.79 133.25 127.88 122.68 117.65 112.80 108.13 103.65 99.37 95.28 91.39 87.71 84.24 80.99 77.96 75.15 72.57 70.23 68.13 66.27 64.65 63.30 62.20 61.36 60.79 60.55 60.68 61.18 62.03 63.24 64.78 66.65 68.84 71.34 74.14 77.22 80.58 84.22 88.11 92.25 96.63 101.24 106.10 111.32 116.95 122.96
284.46 279.56 274.61 269.60 264.56 259.49 254.38 249.26 244.11 238.92 233.62 228.21 222.72 217.15 211.50 205.80 200.04 194.24 188.41 182.56 176.70 170.84 164.98 159.15 153.34 147.59 141.94 136.44 131.10 125.93 120.92 116.08 111.42 106.94 102.65 98.55 94.64 90.94 87.44 84.14 81.07 78.21 75.57 73.16 70.99 69.05 67.35 65.90 64.70 63.76 63.08 62.66 62.57 62.85 63.48 64.48 65.81 67.47 69.46 71.77 74.37 77.27 80.46 83.91 87.64 91.61 95.83 100.28 104.98 110.06 115.57 121.45
288.49 283.56 278.58 273.55 268.48 263.38 258.25 253.09 247.93 242.71 237.38 231.95 226.42 220.82 215.14 209.40 203.61 197.77 191.90 186.01 180.11 174.20 168.30 162.42 156.57 150.82 145.22 139.75 134.45 129.29 124.30 119.47 114.82 110.34 106.03 101.92 97.99 94.25 90.71 87.38 84.25 81.34 78.64 76.16 73.91 71.89 70.10 68.56 67.25 66.20 65.40 64.86 64.59 64.64 65.05 65.81 66.92 68.37 70.15 72.25 74.65 77.35 80.35 83.62 87.15 90.95 94.99 99.28 103.82 108.74 114.10 119.86
292.53 287.58 282.56 277.51 272.41 267.28 262.12 256.95 251.76 246.51 241.16 235.70 230.15 224.51 218.80 213.03 207.20 201.32 195.42 189.49 183.54 177.59 171.64 165.72 159.89 154.18 148.62 143.19 137.90 132.77 127.79 122.97 118.31 113.83 109.51 105.37 101.42 97.65 94.07 90.69 87.51 84.53 81.77 79.22 76.88 74.78 72.90 71.25 69.85 68.68 67.76 67.10 66.69 66.55 66.72 67.25 68.13 69.35 70.90 72.78 74.97 77.46 80.25 83.32 86.66 90.27 94.13 98.23 102.59 107.35 112.56 118.18
296.59 291.60 286.56 281.48 276.35 271.20 266.02 260.82 255.60 250.33 244.95 239.47 233.89 228.22 222.48 216.67 210.81 204.90 198.95 192.98 186.99 181.00 175.02 169.12 163.33 157.67 152.13 146.73 141.47 136.35 131.38 126.57 121.91 117.41 113.07 108.91 104.92 101.12 97.50 94.06 90.83 87.79 84.95 82.32 79.91 77.71 75.74 73.99 72.47 71.19 70.15 69.36 68.81 68.52 68.49 68.78 69.41 70.40 71.72 73.36 75.33 77.60 80.17 83.03 86.16 89.57 93.23 97.14 101.31 105.90 110.94 116.41
300.65 295.63 290.57 285.46 280.31 275.13 269.92 264.70 259.46 254.17 248.77 243.26 237.65 231.95 226.18 220.34 214.44 208.50 202.51 196.50 190.47 184.45 178.49 172.63 166.89 161.27 155.76 150.39 145.15 140.04 135.07 130.25 125.59 121.07 116.72 112.53 108.51 104.66 100.99 97.50 94.20 91.10 88.19 85.48 82.98 80.69 78.61 76.76 75.13 73.73 72.56 71.63 70.95 70.51 70.32 70.40 70.79 71.52 72.59 74.00 75.72 77.76 80.10 82.74 85.66 88.85 92.30 96.00 99.98 104.37 109.24 114.54
