data_processed/recharge/precip/Precip_2011_12.asc
ncols        168
nrows        136
xllcorner    455000
yllcorner    2107000
cellsize     500
NODATA_value     -99999
[rows 0 to 36 of 136, columns 0 to 82 of 168]
1.15 1.09 1.05 1.02 1.00 1.00 1.00 1.02 1.06 1.10 1.17 1.25 1.35 1.46 1.59 1.74 1.91 2.10 2.28 2.45 2.60 2.73 2.84 2.93 3.00 3.06 3.09 3.11 3.11 3.09 3.06 3.00 2.93 2.85 2.75 2.64 2.53 2.43 2.33 2.22 2.12 2.02 1.93 1.83 1.73 1.64 1.54 1.45 1.35 1.26 1.17 1.08 0.99 0.90 0.81 0.72 0.63 0.54 0.46 0.38 0.31 0.24 0.18 0.13 0.08 0.03 0.00 0.00 0.00 0.00 0.00 0.00 0.00 0.00 0.00 0.00 0.00 0.00 0.00 0.00 0.00 0.00 0.00
1.31 1.25 1.21 1.19 1.17 1.16 1.17 1.20 1.23 1.28 1.35 1.44 1.54 1.65 1.79 1.94 2.12 2.31 2.50 2.67 2.83 2.96 3.08 3.17 3.25 3.31 3.35 3.37 3.37 3.36 3.33 3.28 3.22 3.14 3.04 2.93 2.81 2.69 2.58 2.47 2.35 2.24 2.13 2.02 1.91 1.81 1.70 1.59 1.49 1.38 1.28 1.18 1.08 0.97 0.87 0.77 0.67 0.58 0.49 0.41 0.33 0.26 0.20 0.14 0.09 0.04 0.00 0.00 0.00 0.00 0.00 0.00 0.00 0.00 0.00 0.00 0.00 0.00 0.00 0.00 0.00 0.00 0.00
1.48 1.43 1.39 1.36 1.35 1.35 1.36 1.38 1.42 1.47 1.54 1.63 1.73 1.85 1.99 2.15 2.33 2.52 2.72 2.90 3.05 3.19 3.31 3.41 3.49 3.55 3.60 3.62 3.63 3.62 3.60 3.55 3.49 3.42 3.32 3.22 3.09 2.96 2.84 2.71 2.59 2.46 2.34 2.22 2.10 1.98 1.86 1.74 1.62 1.51 1.39 1.27 1.16 1.04 0.93 0.82 0.71 0.61 0.52 0.43 0.35 0.28 0.21 0.15 0.09 0.04 0.00 0.00 0.00 0.00 0.00 0.00 0.00 0.00 0.00 0.00 0.00 0.00 0.00 0.00 0.00 0.00 0.00
1.68 1.63 1.59 1.56 1.54 1.54 1.55 1.58 1.62 1.68 1.75 1.83 1.94 2.06 2.20 2.36 2.54 2.74 2.94 3.12 3.28 3.42 3.54 3.65 3.73 3.80 3.84 3.87 3.89 3.88 3.86 3.82 3.76 3.69 3.60 3.49 3.37 3.24 3.10 2.96 2.82 2.68 2.55 2.41 2.28 2.14 2.01 1.88 1.75 1.62 1.49 1.37 1.24 1.11 0.99 0.87 0.76 0.65 0.55 0.46 0.38 0.30 0.23 0.16 0.10 0.05 0.00 0.00 0.00 0.00 0.00 0.00 0.00 0.00 0.00 0.00 0.00 0.00 0.00 0.00 0.00 0.00 0.00
1.89 1.84 1.80 1.77 1.75 1.75 1.76 1.79 1.83 1.89 1.96 2.05 2.15 2.28 2.42 2.58 2.76 2.96 3.16 3.35 3.51 3.65 3.78 3.88 3.97 4.04 4.09 4.12 4.13 4.13 4.11 4.07 4.02 3.95 3.86 3.76 3.64 3.51 3.36 3.21 3.05 2.90 2.75 2.61 2.46 2.31 2.17 2.02 1.88 1.74 1.59 1.45 1.31 1.17 1.04 0.92 0.80 0.69 0.59 0.49 0.40 0.32 0.24 0.17 0.11 0.06 0.01 0.00 0.00 0.00 0.00 0.00 0.00 0.00 0.00 0.00 0.00 0.00 0.00 0.00 0.00 0.00 0.00
2.12 2.07 2.02 1.99 1.98 1.97 1.99 2.01 2.05 2.11 2.18 2.27 2.37 2.50 2.64 2.80 2.99 3.19 3.39 3.57 3.74 3.88 4.01 4.11 4.20 4.27 4.32 4.36 4.37 4.37 4.35 4.31 4.26 4.19 4.11 4.01 3.89 3.76 3.61 3.45 3.29 3.12 2.96 2.80 2.64 2.48 2.32 2.16 2.00 1.85 1.69 1.53 1.38 1.24 1.10 0.97 0.85 0.73 0.62 0.52 0.43 0.34 0.26 0.19 0.12 0.06 0.01 0.00 0.00 0.00 0.00 0.00 0.00 0.00 0.00 0.00 0.00 0.00 0.00 0.00 0.00 0.00 0.00
2.37 2.31 2.27 2.23 2.22 2.21 2.22 2.24 2.28 2.34 2.41 2.50 2.60 2.73 2.87 3.03 3.21 3.41 3.62 3.80 3.96 4.11 4.24 4.34 4.43 4.50 4.55 4.59 4.60 4.60 4.58 4.55 4.50 4.43 4.35 4.25 4.13 4.00 3.86 3.70 3.52 3.34 3.17 2.99 2.81 2.64 2.46 2.29 2.12 1.95 1.78 1.61 1.45 1.30 1.16 1.02 0.89 0.77 0.66 0.55 0.45 0.36 0.28 0.20 0.13 0.07 0.02 0.00 0.00 0.00 0.00 0.00 0.00 0.00 0.00 0.00 0.00 0.00 0.00 0.00 0.00 0.00 0.00
2.63 2.57 2.52 2.49 2.47 2.46 2.47 2.49 2.52 2.58 2.65 2.73 2.84 2.96 3.10 3.26 3.44 3.64 3.85 4.03 4.19 4.34 4.46 4.57 4.66 4.73 4.78 4.81 4.83 4.83 4.81 4.78 4.72 4.66 4.57 4.47 4.36 4.23 4.08 3.92 3.75 3.56 3.37 3.18 2.98 2.80 2.61 2.42 2.23 2.05 1.86 1.69 1.52 1.36 1.21 1.07 0.94 0.81 0.69 0.58 0.48 0.38 0.29 0.22 0.14 0.08 0.02 0.00 0.00 0.00 0.00 0.00 0.00 0.00 0.00 0.00 0.00 0.00 0.00 0.00 0.00 0.00 0.00
2.91 2.85 2.80 2.76 2.73 2.72 2.72 2.74 2.78 2.83 2.89 2.98 3.08 3.20 3.34 3.50 3.68 3.88 4.08 4.26 4.42 4.56 4.69 4.79 4.88 4.95 5.00 5.03 5.05 5.05 5.03 4.99 4.94 4.87 4.79 4.69 4.57 4.44 4.29 4.13 3.96 3.77 3.57 3.36 3.15 2.95 2.74 2.54 2.34 2.14 1.95 1.77 1.59 1.43 1.27 1.12 0.98 0.85 0.73 0.61 0.50 0.40 0.31 0.23 0.16 0.09 0.03 0.00 0.00 0.00 0.00 0.00 0.00 0.00 0.00 0.00 0.00 0.00 0.00 0.00 0.00 0.00 0.00
3.21 3.14 3.09 3.04 3.01 3.00 3.00 3.01 3.04 3.08 3.15 3.23 3.33 3.44 3.58 3.74 3.91 4.11 4.31 4.49 4.65 4.79 4.91 5.02 5.10 5.17 5.22 5.25 5.26 5.26 5.24 5.20 5.14 5.07 4.99 4.89 4.77 4.64 4.49 4.33 4.15 3.96 3.75 3.54 3.32 3.09 2.87 2.65 2.44 2.23 2.03 1.84 1.66 1.49 1.33 1.17 1.03 0.89 0.76 0.64 0.53 0.43 0.33 0.25 0.17 0.10 0.04 0.00 0.00 0.00 0.00 0.00 0.00 0.00 0.00 0.00 0.00 0.00 0.00 0.00 0.00 0.00 0.00
3.53 3.45 3.39 3.34 3.31 3.29 3.28 3.29 3.31 3.35 3.41 3.49 3.58 3.69 3.83 3.98 4.15 4.35 4.54 4.72 4.88 5.02 5.13 5.23 5.32 5.38 5.43 5.45 5.47 5.46 5.44 5.40 5.34 5.27 5.18 5.07 4.95 4.82 4.67 4.50 4.33 4.13 3.93 3.70 3.47 3.23 3.00 2.76 2.54 2.32 2.12 1.92 1.73 1.56 1.39 1.23 1.07 0.93 0.80 0.67 0.56 0.45 0.35 0.26 0.18 0.11 0.04 0.00 0.00 0.00 0.00 0.00 0.00 0.00 0.00 0.00 0.00 0.00 0.00 0.00 0.00 0.00 0.00
3.86 3.78 3.71 3.66 3.61 3.59 3.57 3.58 3.59 3.63 3.68 3.75 3.84 3.95 4.08 4.23 4.40 4.59 4.78 4.95 5.10 5.24 5.35 5.45 5.53 5.59 5.63 5.66 5.66 5.65 5.63 5.58 5.52 5.45 5.35 5.25 5.12 4.99 4.83 4.67 4.48 4.29 4.08 3.85 3.62 3.37 3.12 2.87 2.64 2.42 2.20 2.00 1.81 1.62 1.45 1.28 1.12 0.97 0.84 0.71 0.59 0.48 0.37 0.28 0.20 0.12 0.05 0.00 0.00 0.00 0.00 0.00 0.00 0.00 0.00 0.00 0.00 0.00 0.00 0.00 0.00 0.00 0.00
4.21 4.12 4.05 3.98 3.93 3.90 3.88 3.88 3.89 3.92 3.96 4.03 4.11 4.21 4.34 4.48 4.64 4.83 5.02 5.18 5.33 5.46 5.57 5.66 5.74 5.79 5.83 5.85 5.85 5.84 5.81 5.76 5.70 5.62 5.52 5.41 5.28 5.14 4.98 4.81 4.62 4.42 4.21 3.98 3.74 3.49 3.23 2.98 2.74 2.51 2.29 2.08 1.88 1.69 1.51 1.33 1.17 1.02 0.87 0.74 0.62 0.50 0.39 0.30 0.21 0.13 0.06 0.00 0.00 0.00 0.00 0.00 0.00 0.00 0.00 0.00 0.00 0.00 0.00 0.00 0.00 0.00 0.00
4.58 4.48 4.40 4.32 4.27 4.22 4.20 4.19 4.19 4.21 4.25 4.31 4.39 4.48 4.60 4.74 4.89 5.07 5.25 5.42 5.56 5.68 5.79 5.87 5.94 5.99 6.02 6.04 6.04 6.02 5.98 5.93 5.86 5.77 5.67 5.55 5.42 5.27 5.11 4.94 4.74 4.54 4.32 4.09 3.85 3.60 3.35 3.09 2.85 2.61 2.38 2.16 1.95 1.75 1.57 1.39 1.22 1.06 0.91 0.77 0.65 0.53 0.42 0.32 0.23 0.15 0.07 0.01 0.00 0.00 0.00 0.00 0.00 0.00 0.00 0.00 0.00 0.00 0.00 0.00 0.00 0.00 0.00
4.96 4.86 4.76 4.68 4.61 4.56 4.53 4.51 4.50 4.52 4.55 4.60 4.67 4.76 4.87 4.99 5.15 5.32 5.49 5.65 5.78 5.90 6.00 6.08 6.14 6.19 6.21 6.22 6.21 6.19 6.14 6.08 6.01 5.92 5.81 5.69 5.55 5.40 5.23 5.05 4.85 4.64 4.41 4.18 3.94 3.70 3.45 3.20 2.95 2.70 2.47 2.24 2.03 1.82 1.63 1.44 1.27 1.11 0.95 0.81 0.68 0.55 0.44 0.34 0.24 0.16 0.09 0.02 0.00 0.00 0.00 0.00 0.00 0.00 0.00 0.00 0.00 0.00 0.00 0.00 0.00 0.00 0.00
5.36 5.25 5.14 5.05 4.97 4.91 4.87 4.84 4.82 4.83 4.85 4.89 4.95 5.03 5.14 5.26 5.40 5.57 5.73 5.88 6.01 6.12 6.21 6.28 6.34 6.37 6.39 6.39 6.38 6.35 6.30 6.23 6.15 6.05 5.94 5.81 5.66 5.50 5.33 5.14 4.93 4.72 4.49 4.26 4.02 3.78 3.54 3.29 3.05 2.80 2.56 2.32 2.10 1.89 1.69 1.50 1.32 1.15 0.99 0.85 0.71 0.58 0.46 0.36 0.26 0.17 0.10 0.03 0.00 0.00 0.00 0.00 0.00 0.00 0.00 0.00 0.00 0.00 0.00 0.00 0.00 0.00 0.00
5.78 5.65 5.53 5.43 5.35 5.27 5.22 5.18 5.16 5.15 5.16 5.20 5.25 5.32 5.41 5.52 5.66 5.81 5.97 6.11 6.23 6.34 6.42 6.48 6.53 6.56 6.57 6.56 6.54 6.50 6.44 6.37 6.28 6.17 6.05 5.91 5.76 5.59 5.41 5.21 5.00 4.78 4.55 4.32 4.09 3.86 3.62 3.38 3.13 2.89 2.64 2.41 2.18 1.96 1.75 1.56 1.37 1.20 1.04 0.88 0.74 0.61 0.49 0.38 0.28 0.19 0.11 0.04 0.00 0.00 0.00 0.00 0.00 0.00 0.00 0.00 0.00 0.00 0.00 0.00 0.00 0.00 0.00
6.21 6.07 5.94 5.83 5.73 5.65 5.58 5.53 5.50 5.48 5.48 5.51 5.55 5.61 5.69 5.79 5.92 6.07 6.21 6.34 6.46 6.55 6.62 6.68 6.72 6.74 6.74 6.72 6.69 6.64 6.57 6.49 6.39 6.28 6.15 6.00 5.84 5.67 5.47 5.27 5.05 4.83 4.61 4.38 4.15 3.92 3.69 3.45 3.21 2.97 2.73 2.49 2.25 2.03 1.82 1.62 1.43 1.25 1.08 0.92 0.78 0.64 0.52 0.40 0.30 0.21 0.13 0.06 0.00 0.00 0.00 0.00 0.00 0.00 0.00 0.00 0.00 0.00 0.00 0.00 0.00 0.00 0.00
6.66 6.51 6.37 6.24 6.13 6.03 5.95 5.89 5.85 5.82 5.81 5.82 5.85 5.90 5.97 6.07 6.18 6.32 6.46 6.58 6.68 6.76 6.83 6.87 6.90 6.91 6.90 6.88 6.83 6.77 6.70 6.61 6.50 6.37 6.23 6.08 5.91 5.72 5.52 5.31 5.10 4.88 4.66 4.43 4.21 3.98 3.75 3.51 3.28 3.04 2.81 2.57 2.33 2.10 1.88 1.68 1.48 1.30 1.12 0.96 0.81 0.67 0.54 0.43 0.32 0.23 0.14 0.07 0.01 0.00 0.00 0.00 0.00 0.00 0.00 0.00 0.00 0.00 0.00 0.00 0.00 0.00 0.00
7.13 6.96 6.80 6.66 6.54 6.43 6.34 6.26 6.21 6.17 6.14 6.14 6.16 6.20 6.26 6.34 6.44 6.57 6.70 6.81 6.90 6.97 7.02 7.06 7.08 7.08 7.06 7.02 6.97 6.90 6.81 6.71 6.59 6.46 6.31 6.14 5.96 5.77 5.56 5.35 5.13 4.92 4.70 4.47 4.25 4.02 3.79 3.57 3.33 3.10 2.87 2.64 2.40 2.17 1.95 1.74 1.54 1.35 1.17 1.00 0.85 0.70 0.57 0.45 0.34 0.25 0.16 0.09 0.02 0.00 0.00 0.00 0.00 0.00 0.00 0.00 0.00 0.00 0.00 0.00 0.00 0.00 0.00
7.61 7.42 7.26 7.10 6.96 6.84 6.73 6.64 6.57 6.52 6.49 6.47 6.48 6.50 6.55 6.62 6.71 6.82 6.94 7.04 7.12 7.18 7.22 7.24 7.25 7.24 7.21 7.16 7.10 7.01 6.92 6.80 6.67 6.53 6.37 6.19 6.00 5.80 5.59 5.38 5.16 4.95 4.73 4.51 4.29 4.06 3.84 3.61 3.38 3.15 2.93 2.70 2.47 2.24 2.02 1.80 1.59 1.40 1.21 1.04 0.89 0.74 0.60 0.48 0.37 0.27 0.18 0.10 0.04 0.00 0.00 0.00 0.00 0.00 0.00 0.00 0.00 0.00 0.00 0.00 0.00 0.00 0.00
8.10 7.91 7.72 7.55 7.40 7.26 7.14 7.04 6.95 6.88 6.83 6.81 6.80 6.81 6.84 6.90 6.98 7.08 7.18 7.27 7.34 7.38 7.41 7.42 7.42 7.39 7.35 7.29 7.21 7.12 7.01 6.88 6.74 6.59 6.41 6.22 6.02 5.82 5.61 5.40 5.19 4.97 4.76 4.54 4.32 4.09 3.87 3.65 3.42 3.20 2.97 2.75 2.52 2.30 2.08 1.86 1.65 1.45 1.26 1.09 0.92 0.77 0.63 0.51 0.39 0.29 0.20 0.12 0.05 0.00 0.00 0.00 0.00 0.00 0.00 0.00 0.00 0.00 0.00 0.00 0.00 0.00 0.00
8.62 8.40 8.20 8.02 7.85 7.69 7.56 7.44 7.34 7.25 7.19 7.15 7.12 7.12 7.14 7.18 7.25 7.34 7.43 7.50 7.55 7.59 7.60 7.60 7.58 7.54 7.49 7.41 7.32 7.22 7.09 6.96 6.80 6.63 6.44 6.25 6.04 5.84 5.63 5.42 5.21 4.99 4.78 4.56 4.34 4.12 3.90 3.68 3.45 3.23 3.01 2.79 2.57 2.35 2.13 1.92 1.71 1.50 1.31 1.13 0.96 0.81 0.67 0.54 0.42 0.32 0.22 0.14 0.07 0.02 0.00 0.00 0.00 0.00 0.00 0.00 0.00 0.00 0.00 0.00 0.00 0.00 0.00
9.14 8.91 8.69 8.49 8.30 8.13 7.98 7.85 7.73 7.63 7.55 7.49 7.46 7.44 7.44 7.47 7.52 7.59 7.67 7.73 7.77 7.79 7.79 7.77 7.74 7.68 7.61 7.53 7.42 7.30 7.17 7.01 6.85 6.66 6.47 6.27 6.06 5.85 5.65 5.43 5.22 5.01 4.79 4.57 4.36 4.14 3.92 3.70 3.48 3.26 3.04 2.82 2.61 2.39 2.18 1.97 1.76 1.56 1.36 1.18 1.01 0.85 0.70 0.57 0.45 0.34 0.25 0.16 0.09 0.03 0.00 0.00 0.00 0.00 0.00 0.00 0.00 0.00 0.00 0.00 0.00 0.00 0.00
9.65 9.43 9.20 8.98 8.78 8.59 8.42 8.27 8.13 8.02 7.92 7.85 7.79 7.76 7.75 7.76 7.79 7.85 7.91 7.95 7.98 7.98 7.97 7.94 7.89 7.82 7.74 7.64 7.52 7.38 7.23 7.06 6.88 6.68 6.48 6.28 6.08 5.87 5.66 5.45 5.23 5.02 4.80 4.59 4.37 4.15 3.93 3.71 3.50 3.28 3.07 2.85 2.64 2.43 2.22 2.01 1.81 1.61 1.41 1.22 1.05 0.89 0.74 0.60 0.48 0.37 0.27 0.19 0.11 0.05 0.01 0.00 0.00 0.00 0.00 0.00 0.00 0.00 0.00 0.00 0.00 0.00 0.00
10.16 9.94 9.71 9.48 9.26 9.05 8.87 8.69 8.54 8.41 8.30 8.20 8.13 8.08 8.06 8.05 8.07 8.11 8.15 8.18 8.19 8.18 8.15 8.10 8.03 7.95 7.85 7.73 7.60 7.45 7.28 7.10 6.90 6.70 6.50 6.30 6.09 5.88 5.67 5.46 5.24 5.03 4.81 4.59 4.38 4.16 3.94 3.73 3.51 3.30 3.08 2.87 2.66 2.46 2.25 2.05 1.85 1.65 1.46 1.27 1.09 0.93 0.77 0.63 0.51 0.40 0.30 0.21 0.14 0.08 0.03 0.00 0.00 0.00 0.00 0.00 0.00 0.00 0.00 0.00 0.00 0.00 0.00
10.66 10.45 10.22 9.99 9.75 9.53 9.32 9.13 8.96 8.81 8.68 8.57 8.48 8.41 8.37 8.34 8.34 8.37 8.40 8.41 8.40 8.37 8.32 8.26 8.18 8.08 7.96 7.82 7.67 7.51 7.32 7.13 6.93 6.72 6.52 6.31 6.10 5.89 5.68 5.46 5.25 5.03 4.81 4.60 4.38 4.16 3.95 3.73 3.52 3.31 3.10 2.89 2.68 2.48 2.28 2.08 1.88 1.69 1.50 1.32 1.14 0.97 0.81 0.67 0.54 0.43 0.32 0.24 0.16 0.10 0.05 0.01 0.00 0.00 0.00 0.00 0.00 0.00 0.00 0.00 0.00 0.00 0.00
11.15 10.94 10.72 10.49 10.25 10.02 9.79 9.58 9.39 9.22 9.07 8.94 8.83 8.74 8.68 8.64 8.62 8.63 8.64 8.63 8.60 8.56 8.49 8.41 8.31 8.19 8.06 7.91 7.74 7.55 7.36 7.16 6.95 6.75 6.54 6.33 6.11 5.90 5.68 5.47 5.25 5.03 4.82 4.60 4.38 4.17 3.95 3.74 3.52 3.31 3.10 2.90 2.69 2.49 2.29 2.10 1.91 1.72 1.53 1.36 1.18 1.01 0.85 0.71 0.57 0.46 0.35 0.26 0.19 0.12 0.07 0.04 0.02 0.01 0.00 0.00 0.00 0.00 0.00 0.00 0.00 0.00 0.00
11.63 11.42 11.21 10.98 10.74 10.50 10.26 10.03 9.82 9.63 9.46 9.31 9.19 9.08 9.00 8.94 8.90 8.89 8.88 8.85 8.81 8.74 8.66 8.56 8.44 8.30 8.15 7.98 7.79 7.60 7.39 7.19 6.98 6.77 6.56 6.34 6.13 5.91 5.69 5.47 5.25 5.04 4.82 4.60 4.38 4.17 3.95 3.74 3.53 3.32 3.11 2.90 2.70 2.50 2.31 2.11 1.93 1.74 1.56 1.39 1.22 1.05 0.89 0.74 0.61 0.49 0.38 0.29 0.21 0.15 0.10 0.06 0.04 0.03 0.03 0.03 0.03 0.02 0.02 0.02 0.01 0.01 0.01
12.10 11.90 11.68 11.46 11.22 10.99 10.74 10.50 10.27 10.06 9.86 9.69 9.55 9.42 9.32 9.24 9.18 9.15 9.12 9.07 9.01 8.92 8.82 8.70 8.56 8.41 8.24 8.05 7.85 7.64 7.43 7.22 7.01 6.79 6.58 6.36 6.14 5.92 5.70 5.48 5.26 5.04 4.82 4.60 4.38 4.16 3.95 3.74 3.53 3.32 3.11 2.91 2.71 2.51 2.32 2.13 1.94 1.76 1.58 1.41 1.25 1.09 0.93 0.78 0.65 0.52 0.42 0.32 0.24 0.18 0.13 0.09 0.07 0.06 0.06 0.05 0.05 0.05 0.05 0.04 0.04 0.04 0.03
12.55 12.35 12.14 11.92 11.69 11.45 11.21 10.96 10.72 10.48 10.27 10.08 9.91 9.76 9.64 9.54 9.46 9.41 9.36 9.29 9.20 9.10 8.98 8.84 8.68 8.50 8.31 8.11 7.90 7.69 7.47 7.26 7.04 6.82 6.60 6.38 6.15 5.93 5.71 5.49 5.26 5.04 4.82 4.60 4.38 4.16 3.95 3.73 3.52 3.31 3.11 2.91 2.71 2.51 2.32 2.13 1.95 1.77 1.60 1.43 1.27 1.12 0.97 0.82 0.69 0.56 0.45 0.35 0.27 0.21 0.15 0.12 0.09 0.08 0.08 0.08 0.08 0.08 0.08 0.07 0.07 0.07 0.06
12.99 12.80 12.59 12.37 12.14 11.91 11.67 11.42 11.17 10.92 10.68 10.47 10.28 10.11 9.96 9.84 9.74 9.67 9.59 9.51 9.40 9.27 9.13 8.97 8.79 8.59 8.39 8.17 7.96 7.74 7.52 7.30 7.07 6.85 6.62 6.40 6.17 5.95 5.72 5.49 5.27 5.04 4.82 4.60 4.38 4.16 3.94 3.73 3.52 3.31 3.10 2.90 2.71 2.51 2.32 2.14 1.96 1.78 1.61 1.45 1.29 1.14 0.99 0.86 0.72 0.60 0.49 0.39 0.31 0.24 0.19 0.15 0.12 0.11 0.11 0.11 0.11 0.11 0.11 0.10 0.10 0.10 0.09
13.41 13.22 13.02 12.81 12.58 12.35 12.11 11.86 11.61 11.35 11.10 10.87 10.65 10.46 10.29 10.14 10.02 9.92 9.83 9.72 9.59 9.44 9.28 9.10 8.90 8.68 8.46 8.24 8.02 7.80 7.57 7.34 7.11 6.88 6.65 6.42 6.19 5.96 5.73 5.50 5.27 5.05 4.82 4.60 4.38 4.16 3.94 3.72 3.51 3.30 3.10 2.90 2.70 2.51 2.32 2.14 1.96 1.79 1.62 1.46 1.31 1.16 1.02 0.88 0.76 0.64 0.52 0.43 0.34 0.27 0.22 0.18 0.16 0.15 0.15 0.15 0.14 0.14 0.14 0.14 0.13 0.13 0.13
13.81 13.63 13.43 13.22 13.00 12.77 12.53 12.28 12.03 11.78 11.52 11.26 11.03 10.81 10.62 10.45 10.30 10.18 10.07 9.93 9.78 9.61 9.42 9.22 9.00 8.78 8.55 8.32 8.09 7.86 7.63 7.39 7.16 6.92 6.69 6.45 6.22 5.98 5.75 5.52 5.28 5.05 4.83 4.60 4.38 4.15 3.94 3.72 3.51 3.30 3.09 2.89 2.70 2.51 2.32 2.14 1.96 1.79 1.63 1.47 1.32 1.17 1.04 0.91 0.78 0.67 0.56 0.46 0.38 0.31 0.25 0.21 0.19 0.18 0.18 0.18 0.18 0.18 0.18 0.17 0.17 0.17 0.16
14.19 14.02 13.83 13.62 13.40 13.17 12.94 12.69 12.44 12.18 11.92 11.66 11.40 11.16 10.95 10.75 10.58 10.44 10.30 10.14 9.97 9.77 9.56 9.34 9.11 8.88 8.64 8.41 8.17 7.93 7.69 7.45 7.21 6.97 6.73 6.49 6.25 6.01 5.77 5.53 5.30 5.06 4.83 4.60 4.38 4.15 3.93 3.72 3.50 3.30 3.09 2.89 2.69 2.50 2.32 2.14 1.96 1.79 1.63 1.48 1.33 1.19 1.05 0.93 0.81 0.70 0.59 0.50 0.42 0.35 0.29 0.25 0.23 0.22 0.22 0.22 0.22 0.22 0.21 0.21 0.21 0.21 0.21
14.56 14.39 14.20 14.00 13.79 13.56 13.32 13.08 12.83 12.57 12.31 12.04 11.78 11.52 11.28 11.06 10.87 10.70 10.53 10.35 10.15 9.93 9.70 9.46 9.23 8.99 8.74 8.50 8.25 8.01 7.76 7.52 7.27 7.02 6.77 6.53 6.28 6.04 5.80 5.55 5.32 5.08 4.84 4.61 4.38 4.16 3.94 3.72 3.50 3.29 3.09 2.89 2.69 2.50 2.31 2.13 1.96 1.79 1.63 1.48 1.34 1.20 1.07 0.94 0.83 0.72 0.62 0.53 0.45 0.38 0.33 0.29 0.26 0.26 0.26 0.26 0.26 0.25 0.25 0.25 0.25 0.25 0.25
14.89 14.73 14.55 14.36 14.15 13.92 13.69 13.45 13.19 12.94 12.67 12.41 12.14 11.87 11.61 11.37 11.15 10.95 10.76 10.56 10.33 10.09 9.85 9.60 9.35 9.10 8.85 8.60 8.35 8.10 7.84 7.59 7.33 7.08 6.83 6.57 6.32 6.07 5.83 5.58 5.34 5.10 4.86 4.62 4.39 4.16 3.94 3.72 3.50 3.29 3.08 2.88 2.69 2.50 2.31 2.13 1.96 1.79 1.64 1.48 1.34 1.20 1.08 0.96 0.84 0.74 0.65 0.56 0.49 0.42 0.37 0.33 0.30 0.30 0.30 0.30 0.30 0.30 0.30 0.30 0.30 0.30 0.30
