data_processed/recharge/precip/Precip_1995_04.asc
ncols        168
nrows        136
xllcorner    455000
yllcorner    2107000
cellsize     500
NODATA_value     -99999
[rows 36 to 71 of 136, columns 0 to 80 of 168]
31.98 31.59 31.02 30.27 29.39 28.40 27.33 26.21 25.09 24.05 23.13 22.32 21.65 21.13 20.75 20.48 20.23 19.97 19.67 19.33 18.92 18.43 17.84 17.13 16.30 15.40 14.52 13.67 12.85 12.05 11.29 10.56 9.86 9.20 8.57 7.99 7.47 6.99 6.56 6.17 5.82 5.51 5.24 5.01 4.81 4.64 4.50 4.37 4.24 4.12 3.99 3.87 3.81 3.82 3.88 4.00 4.15 4.33 4.53 4.73 4.93 5.13 5.33 5.55 5.76 5.98 6.19 6.39 6.59 6.77 6.95 7.11 7.28 7.43 7.59 7.75 7.91 8.07 8.22 8.36 8.49
30.79 30.40 29.84 29.12 28.28 27.34 26.33 25.29 24.24 23.22 22.33 21.57 20.97 20.54 20.22 19.95 19.69 19.42 19.13 18.79 18.40 17.93 17.37 16.70 15.91 15.05 14.22 13.41 12.63 11.87 11.14 10.45 9.78 9.15 8.55 7.99 7.48 7.01 6.59 6.21 5.88 5.59 5.35 5.15 4.98 4.84 4.72 4.62 4.51 4.41 4.30 4.20 4.17 4.20 4.29 4.43 4.60 4.81 5.03 5.27 5.50 5.72 5.92 6.13 6.34 6.55 6.75 6.94 7.12 7.29 7.45 7.60 7.75 7.89 8.04 8.18 8.33 8.48 8.62 8.75 8.86
29.64 29.26 28.71 28.01 27.21 26.32 25.38 24.42 23.46 22.53 21.68 20.98 20.45 20.06 19.74 19.45 19.17 18.90 18.60 18.27 17.89 17.44 16.91 16.27 15.52 14.71 13.92 13.15 12.41 11.69 11.00 10.34 9.71 9.11 8.54 8.00 7.50 7.04 6.63 6.27 5.96 5.70 5.49 5.32 5.18 5.07 4.97 4.89 4.81 4.73 4.64 4.56 4.54 4.59 4.70 4.86 5.06 5.29 5.54 5.80 6.06 6.31 6.54 6.75 6.95 7.15 7.34 7.51 7.68 7.83 7.97 8.11 8.24 8.37 8.50 8.63 8.76 8.90 9.03 9.15 9.25
28.54 28.16 27.62 26.96 26.20 25.36 24.49 23.61 22.74 21.92 21.17 20.54 20.04 19.63 19.28 18.97 18.68 18.39 18.10 17.77 17.40 16.97 16.47 15.86 15.15 14.38 13.63 12.90 12.20 11.51 10.86 10.23 9.63 9.06 8.52 8.01 7.53 7.09 6.69 6.35 6.07 5.85 5.66 5.52 5.40 5.31 5.24 5.18 5.12 5.06 4.99 4.92 4.92 4.99 5.12 5.30 5.53 5.78 6.05 6.34 6.63 6.90 7.16 7.39 7.59 7.77 7.94 8.10 8.24 8.38 8.51 8.63 8.75 8.86 8.98 9.10 9.22 9.34 9.45 9.56 9.65
27.49 27.11 26.59 25.95 25.24 24.46 23.66 22.86 22.08 21.37 20.74 20.18 19.67 19.23 18.85 18.51 18.20 17.91 17.61 17.29 16.93 16.52 16.04 15.46 14.79 14.06 13.35 12.66 11.99 11.34 10.72 10.12 9.55 9.01 8.49 8.01 7.56 7.14 6.77 6.47 6.21 6.01 5.86 5.73 5.64 5.58 5.52 5.48 5.44 5.40 5.34 5.29 5.30 5.39 5.54 5.74 5.99 6.26 6.56 6.87 7.18 7.48 7.77 8.02 8.23 8.41 8.56 8.70 8.83 8.95 9.06 9.16 9.27 9.37 9.47 9.57 9.68 9.79 9.89 9.98 10.05
26.48 26.11 25.61 25.00 24.33 23.61 22.88 22.16 21.49 20.88 20.34 19.82 19.32 18.85 18.44 18.08 17.75 17.45 17.14 16.83 16.48 16.08 15.62 15.08 14.44 13.75 13.08 12.42 11.79 11.18 10.59 10.02 9.48 8.96 8.47 8.01 7.58 7.20 6.88 6.60 6.38 6.20 6.07 5.97 5.90 5.85 5.82 5.80 5.77 5.74 5.70 5.66 5.69 5.80 5.96 6.18 6.44 6.74 7.06 7.39 7.72 8.05 8.36 8.63 8.86 9.05 9.18 9.31 9.42 9.52 9.62 9.71 9.79 9.88 9.97 10.05 10.15 10.24 10.33 10.41 10.47
25.53 25.16 24.68 24.11 23.48 22.82 22.16 21.53 20.95 20.43 19.92 19.43 18.95 18.49 18.05 17.67 17.32 17.01 16.70 16.38 16.04 15.66 15.22 14.71 14.11 13.46 12.82 12.20 11.60 11.02 10.46 9.92 9.40 8.91 8.45 8.02 7.63 7.29 7.00 6.75 6.56 6.41 6.29 6.22 6.17 6.14 6.13 6.12 6.11 6.09 6.06 6.04 6.08 6.20 6.38 6.61 6.89 7.21 7.54 7.90 8.25 8.60 8.93 9.22 9.46 9.66 9.81 9.92 10.02 10.10 10.18 10.26 10.33 10.40 10.47 10.54 10.62 10.71 10.78 10.84 10.89
24.62 24.26 23.80 23.27 22.69 22.09 21.51 20.96 20.46 19.97 19.49 19.02 18.56 18.12 17.69 17.29 16.92 16.59 16.28 15.96 15.63 15.26 14.84 14.35 13.79 13.17 12.57 11.99 11.42 10.87 10.34 9.82 9.34 8.87 8.43 8.04 7.69 7.39 7.13 6.92 6.75 6.62 6.53 6.48 6.45 6.43 6.44 6.44 6.45 6.44 6.42 6.41 6.46 6.59 6.78 7.03 7.33 7.66 8.01 8.38 8.76 9.12 9.46 9.76 10.02 10.25 10.42 10.54 10.62 10.69 10.75 10.81 10.87 10.92 10.98 11.04 11.10 11.17 11.23 11.28 11.31
23.77 23.42 22.98 22.49 21.96 21.42 20.91 20.43 19.96 19.50 19.05 18.60 18.16 17.74 17.32 16.92 16.55 16.20 15.88 15.56 15.23 14.88 14.48 14.02 13.48 12.90 12.34 11.78 11.25 10.72 10.22 9.74 9.27 8.83 8.43 8.08 7.77 7.51 7.28 7.10 6.96 6.85 6.78 6.74 6.73 6.73 6.74 6.76 6.78 6.79 6.78 6.77 6.83 6.97 7.17 7.44 7.74 8.09 8.46 8.85 9.23 9.60 9.94 10.26 10.54 10.78 10.98 11.13 11.23 11.28 11.33 11.37 11.41 11.45 11.49 11.53 11.58 11.64 11.68 11.71 11.73
22.97 22.63 22.22 21.76 21.29 20.82 20.36 19.92 19.48 19.04 18.61 18.18 17.76 17.35 16.95 16.57 16.19 15.83 15.50 15.18 14.86 14.52 14.13 13.70 13.19 12.65 12.12 11.59 11.09 10.59 10.12 9.66 9.22 8.82 8.46 8.15 7.88 7.65 7.45 7.29 7.17 7.08 7.03 7.00 7.01 7.02 7.05 7.08 7.11 7.12 7.12 7.12 7.19 7.33 7.55 7.82 8.14 8.50 8.88 9.28 9.66 10.03 10.38 10.71 11.00 11.26 11.49 11.66 11.79 11.87 11.90 11.92 11.95 11.97 11.99 12.02 12.06 12.10 12.13 12.15 12.15
22.23 21.91 21.52 21.10 20.68 20.26 19.84 19.42 19.01 18.59 18.18 17.77 17.37 16.98 16.59 16.21 15.85 15.49 15.15 14.83 14.51 14.18 13.81 13.40 12.92 12.41 11.91 11.42 10.94 10.47 10.02 9.59 9.19 8.84 8.52 8.24 8.01 7.80 7.63 7.50 7.40 7.33 7.28 7.27 7.28 7.31 7.35 7.39 7.42 7.44 7.45 7.45 7.53 7.68 7.90 8.18 8.51 8.88 9.27 9.66 10.04 10.41 10.77 11.10 11.41 11.69 11.94 12.14 12.30 12.41 12.46 12.48 12.48 12.49 12.50 12.51 12.53 12.55 12.57 12.57 12.56
21.54 21.24 20.88 20.50 20.12 19.74 19.35 18.96 18.56 18.17 17.78 17.39 17.00 16.62 16.25 15.88 15.52 15.17 14.83 14.50 14.18 13.86 13.51 13.12 12.67 12.19 11.72 11.26 10.80 10.36 9.94 9.55 9.20 8.88 8.60 8.36 8.16 7.98 7.84 7.72 7.64 7.58 7.55 7.54 7.55 7.59 7.63 7.68 7.72 7.75 7.76 7.76 7.84 8.00 8.23 8.52 8.86 9.22 9.60 9.98 10.36 10.73 11.09 11.44 11.76 12.06 12.33 12.56 12.75 12.89 12.98 13.01 13.01 13.00 12.99 12.99 12.99 13.00 13.01 12.99 12.96
20.91 20.62 20.30 19.96 19.61 19.25 18.89 18.53 18.16 17.78 17.41 17.04 16.66 16.29 15.93 15.57 15.21 14.87 14.53 14.20 13.88 13.56 13.23 12.86 12.44 11.99 11.55 11.11 10.68 10.27 9.89 9.54 9.23 8.96 8.72 8.51 8.33 8.18 8.05 7.96 7.89 7.84 7.81 7.81 7.82 7.86 7.91 7.96 8.00 8.04 8.04 8.05 8.13 8.29 8.53 8.82 9.15 9.50 9.87 10.24 10.62 10.99 11.36 11.71 12.05 12.36 12.65 12.90 13.12 13.30 13.43 13.50 13.52 13.50 13.48 13.46 13.45 13.44 13.43 13.40 13.35
20.35 20.08 19.78 19.47 19.15 18.82 18.49 18.14 17.80 17.44 17.08 16.73 16.37 16.01 15.65 15.29 14.94 14.60 14.26 13.93 13.61 13.29 12.97 12.62 12.23 11.81 11.39 10.98 10.58 10.21 9.87 9.57 9.30 9.06 8.86 8.68 8.52 8.39 8.29 8.21 8.15 8.11 8.09 8.08 8.10 8.12 8.16 8.21 8.26 8.30 8.31 8.31 8.39 8.56 8.79 9.07 9.39 9.72 10.07 10.44 10.81 11.18 11.55 11.91 12.26 12.59 12.90 13.18 13.42 13.63 13.80 13.91 13.98 13.98 13.95 13.92 13.89 13.87 13.84 13.80 13.73
19.84 19.59 19.33 19.05 18.76 18.46 18.14 17.82 17.49 17.16 16.81 16.47 16.12 15.77 15.42 15.07 14.72 14.37 14.03 13.70 13.37 13.05 12.74 12.40 12.04 11.64 11.25 10.87 10.52 10.19 9.90 9.64 9.41 9.20 9.02 8.87 8.74 8.63 8.54 8.47 8.42 8.39 8.37 8.36 8.37 8.39 8.42 8.45 8.49 8.53 8.54 8.54 8.62 8.78 9.00 9.26 9.55 9.87 10.21 10.56 10.93 11.30 11.67 12.04 12.40 12.74 13.07 13.37 13.65 13.89 14.09 14.24 14.35 14.41 14.40 14.36 14.31 14.28 14.23 14.17 14.09
19.41 19.19 18.96 18.71 18.44 18.16 17.87 17.57 17.26 16.94 16.61 16.27 15.93 15.59 15.24 14.90 14.55 14.20 13.86 13.52 13.18 12.86 12.53 12.21 11.87 11.50 11.14 10.80 10.49 10.22 9.97 9.74 9.55 9.37 9.22 9.09 8.98 8.89 8.81 8.75 8.71 8.68 8.66 8.65 8.65 8.65 8.67 8.68 8.71 8.73 8.73 8.73 8.81 8.95 9.14 9.37 9.64 9.94 10.26 10.61 10.97 11.34 11.71 12.09 12.46 12.82 13.16 13.49 13.79 14.06 14.29 14.49 14.64 14.74 14.79 14.77 14.72 14.67 14.61 14.52 14.40
19.06 18.87 18.67 18.45 18.21 17.95 17.68 17.40 17.10 16.79 16.48 16.15 15.82 15.48 15.14 14.79 14.45 14.10 13.75 13.40 13.06 12.72 12.38 12.05 11.72 11.39 11.07 10.78 10.52 10.28 10.07 9.88 9.72 9.57 9.45 9.34 9.24 9.17 9.10 9.05 9.01 8.98 8.95 8.94 8.93 8.92 8.91 8.91 8.91 8.90 8.89 8.88 8.94 9.05 9.21 9.41 9.65 9.93 10.24 10.57 10.92 11.29 11.67 12.05 12.43 12.80 13.16 13.51 13.84 14.14 14.41 14.64 14.83 14.98 15.08 15.12 15.10 15.04 14.96 14.83 14.67
18.80 18.64 18.47 18.27 18.05 17.82 17.57 17.30 17.02 16.73 16.42 16.10 15.78 15.45 15.11 14.76 14.41 14.06 13.70 13.35 12.99 12.64 12.29 11.94 11.61 11.30 11.03 10.79 10.57 10.38 10.20 10.05 9.91 9.79 9.69 9.60 9.52 9.45 9.40 9.35 9.31 9.28 9.25 9.22 9.20 9.17 9.15 9.12 9.09 9.05 9.01 8.98 9.00 9.07 9.20 9.37 9.59 9.85 10.14 10.46 10.80 11.17 11.54 11.93 12.31 12.70 13.08 13.45 13.80 14.13 14.43 14.70 14.94 15.13 15.27 15.37 15.41 15.38 15.28 15.11 14.91
18.57 18.44 18.30 18.12 17.93 17.72 17.49 17.24 16.97 16.69 16.40 16.09 15.77 15.44 15.11 14.76 14.41 14.05 13.69 13.33 12.96 12.60 12.23 11.87 11.51 11.19 10.96 10.76 10.59 10.43 10.29 10.17 10.06 9.97 9.89 9.81 9.75 9.70 9.65 9.61 9.57 9.53 9.49 9.46 9.42 9.38 9.33 9.28 9.22 9.15 9.10 9.07 9.06 9.09 9.18 9.33 9.52 9.75 10.02 10.33 10.66 11.01 11.38 11.77 12.16 12.56 12.95 13.33 13.71 14.06 14.39 14.70 14.97 15.20 15.40 15.54 15.64 15.70 15.64 15.45 15.20
18.35 18.26 18.14 17.99 17.82 17.63 17.42 17.19 16.94 16.67 16.39 16.09 15.78 15.46 15.12 14.78 14.43 14.07 13.70 13.33 12.95 12.58 12.20 11.81 11.43 11.09 10.85 10.68 10.55 10.43 10.33 10.24 10.16 10.09 10.03 9.97 9.93 9.88 9.84 9.80 9.76 9.72 9.68 9.63 9.58 9.52 9.45 9.38 9.29 9.22 9.16 9.14 9.13 9.14 9.19 9.29 9.45 9.66 9.90 10.19 10.50 10.85 11.21 11.59 11.99 12.39 12.79 13.18 13.57 13.95 14.31 14.64 14.95 15.22 15.46 15.66 15.84 15.98 16.01 15.85 15.58
18.15 18.08 17.98 17.87 17.72 17.55 17.36 17.15 16.92 16.67 16.40 16.11 15.80 15.49 15.16 14.81 14.46 14.10 13.73 13.35 12.97 12.58 12.18 11.77 11.37 11.00 10.74 10.56 10.45 10.38 10.31 10.25 10.20 10.15 10.12 10.08 10.05 10.01 9.98 9.94 9.90 9.86 9.81 9.75 9.69 9.61 9.52 9.42 9.33 9.25 9.21 9.18 9.18 9.19 9.21 9.28 9.40 9.57 9.79 10.05 10.35 10.68 11.03 11.40 11.79 12.19 12.60 13.01 13.41 13.80 14.18 14.54 14.88 15.19 15.47 15.74 16.00 16.22 16.32 16.25 16.00
17.98 17.91 17.84 17.75 17.63 17.49 17.32 17.12 16.91 16.67 16.41 16.14 15.84 15.53 15.20 14.86 14.51 14.15 13.77 13.39 12.99 12.59 12.17 11.75 11.32 10.94 10.65 10.44 10.33 10.27 10.24 10.21 10.19 10.17 10.15 10.13 10.11 10.09 10.07 10.03 9.99 9.95 9.89 9.82 9.74 9.65 9.54 9.43 9.34 9.28 9.23 9.22 9.21 9.22 9.25 9.29 9.37 9.51 9.69 9.93 10.20 10.51 10.84 11.21 11.59 11.99 12.39 12.81 13.22 13.63 14.02 14.41 14.77 15.11 15.46 15.80 16.13 16.43 16.59 16.59 16.41
17.84 17.78 17.71 17.64 17.54 17.42 17.28 17.10 16.91 16.68 16.44 16.17 15.89 15.59 15.26 14.93 14.57 14.21 13.83 13.44 13.03 12.61 12.17 11.73 11.29 10.89 10.58 10.35 10.21 10.14 10.13 10.13 10.14 10.14 10.14 10.14 10.14 10.13 10.11 10.08 10.04 9.99 9.92 9.85 9.75 9.64 9.53 9.43 9.35 9.28 9.25 9.23 9.23 9.24 9.27 9.31 9.36 9.46 9.61 9.81 10.06 10.34 10.66 11.01 11.38 11.77 12.17 12.59 13.00 13.42 13.83 14.23 14.63 15.03 15.44 15.84 16.24 16.59 16.82 16.88 16.77
17.72 17.67 17.61 17.54 17.46 17.37 17.24 17.09 16.91 16.70 16.47 16.22 15.95 15.65 15.33 15.00 14.65 14.28 13.90 13.50 13.07 12.64 12.19 11.74 11.28 10.86 10.53 10.28 10.11 10.01 9.99 10.01 10.04 10.07 10.10 10.11 10.12 10.12 10.11 10.08 10.04 9.99 9.92 9.83 9.72 9.61 9.50 9.41 9.33 9.28 9.24 9.23 9.24 9.25 9.28 9.32 9.37 9.44 9.55 9.72 9.93 10.19 10.48 10.81 11.16 11.54 11.94 12.35 12.77 13.19 13.61 14.04 14.48 14.94 15.41 15.87 16.31 16.72 17.01 17.12 17.06
17.63 17.59 17.53 17.47 17.40 17.31 17.21 17.08 16.92 16.73 16.51 16.27 16.01 15.72 15.41 15.08 14.73 14.37 13.97 13.56 13.12 12.68 12.22 11.75 11.28 10.85 10.51 10.24 10.04 9.92 9.86 9.86 9.91 9.97 10.01 10.04 10.07 10.08 10.07 10.05 10.01 9.95 9.87 9.77 9.66 9.56 9.46 9.38 9.31 9.26 9.23 9.23 9.23 9.25 9.27 9.31 9.37 9.43 9.52 9.65 9.82 10.05 10.31 10.62 10.96 11.32 11.71 12.11 12.53 12.95 13.39 13.85 14.34 14.85 15.37 15.87 16.37 16.82 17.15 17.31 17.30
17.57 17.53 17.48 17.42 17.35 17.27 17.18 17.07 16.93 16.76 16.56 16.33 16.08 15.80 15.50 15.17 14.82 14.45 14.05 13.62 13.18 12.72 12.25 11.77 11.30 10.86 10.50 10.21 10.00 9.85 9.76 9.73 9.76 9.83 9.89 9.94 9.98 10.00 10.00 9.98 9.94 9.88 9.79 9.70 9.60 9.50 9.42 9.34 9.28 9.24 9.21 9.21 9.22 9.23 9.26 9.30 9.35 9.42 9.50 9.60 9.74 9.93 10.16 10.44 10.75 11.10 11.47 11.86 12.27 12.70 13.18 13.68 14.22 14.77 15.32 15.87 16.40 16.89 17.26 17.46 17.49
17.53 17.49 17.45 17.39 17.33 17.25 17.16 17.06 16.94 16.79 16.60 16.39 16.15 15.88 15.59 15.27 14.91 14.53 14.12 13.69 13.24 12.77 12.29 11.81 11.33 10.88 10.51 10.21 9.97 9.80 9.69 9.63 9.63 9.67 9.75 9.82 9.87 9.89 9.90 9.89 9.85 9.78 9.70 9.61 9.53 9.44 9.37 9.30 9.25 9.21 9.19 9.19 9.19 9.21 9.24 9.28 9.34 9.40 9.48 9.57 9.68 9.83 10.03 10.28 10.57 10.89 11.24 11.62 12.03 12.49 12.99 13.53 14.10 14.68 15.27 15.85 16.41 16.94 17.34 17.56 17.63
17.51 17.48 17.44 17.39 17.33 17.25 17.17 17.07 16.95 16.82 16.65 16.45 16.22 15.96 15.68 15.35 14.99 14.61 14.19 13.75 13.30 12.83 12.35 11.86 11.37 10.92 10.54 10.22 9.97 9.78 9.65 9.56 9.53 9.54 9.59 9.67 9.73 9.77 9.78 9.77 9.73 9.67 9.60 9.53 9.45 9.38 9.31 9.25 9.21 9.17 9.16 9.16 9.17 9.19 9.22 9.26 9.31 9.37 9.45 9.54 9.65 9.77 9.93 10.14 10.40 10.69 11.02 11.39 11.82 12.31 12.84 13.41 14.00 14.61 15.22 15.82 16.40 16.95 17.38 17.63 17.71
17.52 17.50 17.46 17.41 17.35 17.27 17.19 17.09 16.97 16.84 16.69 16.51 16.29 16.05 15.76 15.43 15.07 14.68 14.26 13.82 13.36 12.89 12.41 11.92 11.43 10.97 10.58 10.26 9.99 9.79 9.63 9.52 9.46 9.44 9.46 9.51 9.57 9.62 9.64 9.63 9.60 9.55 9.50 9.44 9.38 9.31 9.26 9.21 9.16 9.14 9.12 9.13 9.14 9.16 9.19 9.23 9.28 9.35 9.42 9.51 9.61 9.72 9.86 10.03 10.25 10.51 10.83 11.21 11.66 12.16 12.72 13.30 13.91 14.54 15.16 15.78 16.38 16.95 17.38 17.65 17.75
17.55 17.53 17.50 17.45 17.39 17.32 17.23 17.13 17.01 16.88 16.73 16.57 16.36 16.11 15.83 15.50 15.14 14.74 14.32 13.88 13.43 12.95 12.47 11.98 11.50 11.04 10.65 10.31 10.04 9.82 9.64 9.51 9.43 9.38 9.36 9.37 9.41 9.46 9.48 9.48 9.47 9.44 9.40 9.35 9.30 9.25 9.20 9.16 9.12 9.10 9.09 9.10 9.11 9.14 9.17 9.21 9.26 9.32 9.39 9.47 9.57 9.68 9.81 9.95 10.13 10.37 10.69 11.09 11.55 12.06 12.63 13.22 13.84 14.48 15.11 15.74 16.35 16.92 17.36 17.64 17.75
17.61 17.59 17.56 17.51 17.45 17.38 17.29 17.18 17.06 16.93 16.78 16.62 16.41 16.17 15.88 15.55 15.19 14.80 14.39 13.95 13.49 13.02 12.54 12.06 11.57 11.12 10.72 10.39 10.10 9.87 9.68 9.53 9.42 9.34 9.30 9.27 9.28 9.30 9.32 9.34 9.34 9.33 9.30 9.27 9.23 9.19 9.15 9.11 9.09 9.07 9.06 9.07 9.09 9.11 9.14 9.18 9.23 9.29 9.36 9.44 9.53 9.64 9.76 9.89 10.06 10.30 10.62 11.02 11.49 12.01 12.57 13.17 13.80 14.43 15.07 15.69 16.30 16.87 17.31 17.59 17.70
17.69 17.67 17.64 17.59 17.53 17.45 17.36 17.26 17.13 17.00 16.84 16.66 16.45 16.21 15.92 15.60 15.24 14.86 14.44 14.01 13.56 13.09 12.62 12.14 11.66 11.21 10.82 10.48 10.19 9.94 9.74 9.57 9.44 9.34 9.27 9.21 9.18 9.17 9.18 9.21 9.22 9.22 9.21 9.19 9.16 9.13 9.10 9.07 9.05 9.04 9.04 9.05 9.07 9.09 9.12 9.16 9.21 9.26 9.33 9.41 9.50 9.60 9.71 9.85 10.05 10.30 10.62 11.02 11.48 12.00 12.56 13.15 13.77 14.40 15.03 15.65 16.25 16.81 17.24 17.51 17.61
17.79 17.77 17.74 17.69 17.63 17.55 17.46 17.35 17.22 17.08 16.90 16.70 16.48 16.23 15.95 15.63 15.28 14.90 14.50 14.07 13.62 13.17 12.70 12.23 11.76 11.32 10.93 10.58 10.29 10.04 9.82 9.64 9.49 9.37 9.27 9.19 9.13 9.09 9.08 9.09 9.11 9.13 9.13 9.12 9.11 9.08 9.06 9.04 9.02 9.02 9.02 9.03 9.05 9.08 9.11 9.15 9.19 9.25 9.31 9.38 9.47 9.56 9.68 9.86 10.08 10.36 10.69 11.08 11.53 12.04 12.58 13.16 13.77 14.38 15.00 15.60 16.18 16.73 17.15 17.39 17.48
17.91 17.89 17.86 17.81 17.75 17.67 17.57 17.45 17.32 17.16 16.97 16.75 16.51 16.24 15.96 15.65 15.31 14.94 14.54 14.12 13.69 13.24 12.79 12.33 11.87 11.43 11.05 10.71 10.41 10.15 9.93 9.74 9.57 9.43 9.31 9.21 9.12 9.06 9.03 9.01 9.02 9.04 9.06 9.06 9.06 9.05 9.03 9.02 9.01 9.00 9.01 9.02 9.05 9.07 9.10 9.14 9.18 9.23 9.29 9.36 9.44 9.55 9.70 9.91 10.17 10.47 10.82 11.20 11.64 12.12 12.65 13.21 13.79 14.38 14.98 15.56 16.11 16.63 17.03 17.25 17.32
18.05 18.03 18.00 17.95 17.88 17.80 17.70 17.57 17.42 17.24 17.03 16.80 16.54 16.26 15.97 15.66 15.32 14.97 14.58 14.18 13.75 13.32 12.88 12.43 11.98 11.56 11.18 10.85 10.55 10.29 10.06 9.86 9.68 9.52 9.38 9.26 9.16 9.08 9.02 8.98 8.97 8.98 9.00 9.01 9.02 9.02 9.01 9.01 9.00 9.00 9.01 9.03 9.05 9.08 9.11 9.14 9.18 9.23 9.29 9.36 9.44 9.58 9.77 10.02 10.30 10.63 10.99 11.38 11.80 12.26 12.76 13.29 13.85 14.41 14.97 15.52 16.04 16.53 16.89 17.09 17.12
18.21 18.19 18.16 18.10 18.03 17.95 17.84 17.70 17.53 17.32 17.10 16.85 16.57 16.28 15.98 15.66 15.33 14.98 14.61 14.22 13.82 13.40 12.97 12.53 12.10 11.69 11.33 11.00 10.71 10.45 10.21 10.00 9.82 9.64 9.49 9.36 9.24 9.14 9.06 9.00 8.97 8.95 8.96 8.98 9.00 9.00 9.01 9.01 9.01 9.01 9.02 9.04 9.07 9.09 9.12 9.16 9.20 9.24 9.30 9.37 9.50 9.67 9.90 10.17 10.48 10.83 11.20 11.60 12.02 12.46 12.92 13.42 13.93 14.45 14.98 15.49 15.97 16.42 16.74 16.89 16.89
