data_processed/recharge/precip/Precip_2003_10.asc
ncols        168
nrows        136
xllcorner    455000
yllcorner    2107000
cellsize     500
NODATA_value     -99999
[rows 102 to 135 of 136, columns 77 to 153 of 168]
80.47 79.77 79.00 78.17 77.29 76.37 75.43 74.52 73.62 72.75 71.90 71.08 70.28 69.50 68.75 68.02 67.32 66.65 66.01 65.39 64.80 64.25 63.72 63.23 62.76 62.33 61.93 61.57 61.24 60.94 60.68 60.45 60.27 60.12 60.00 59.93 59.90 59.90 59.95 60.03 60.16 60.33 60.55 60.81 61.11 61.46 61.85 62.29 62.77 63.29 63.84 64.40 64.98 65.55 66.12 66.65 67.15 67.61 68.04 68.46 68.86 69.26 69.65 70.06 70.47 70.88 71.31 71.74 72.18 72.62 73.08 73.54 74.02 74.50 74.99 75.49 76.00
82.91 82.16 81.35 80.48 79.55 78.58 77.56 76.54 75.54 74.57 73.62 72.70 71.81 70.94 70.10 69.29 68.51 67.76 67.03 66.35 65.69 65.06 64.47 63.91 63.39 62.90 62.45 62.03 61.65 61.31 61.00 60.74 60.51 60.33 60.18 60.08 60.02 60.00 60.02 60.09 60.21 60.36 60.57 60.82 61.12 61.46 61.86 62.30 62.80 63.32 63.87 64.44 65.02 65.60 66.16 66.70 67.19 67.64 68.07 68.47 68.86 69.25 69.63 70.01 70.41 70.81 71.22 71.64 72.07 72.51 72.96 73.42 73.88 74.36 74.85 75.35 75.86
85.35 84.55 83.69 82.78 81.81 80.79 79.72 78.62 77.52 76.44 75.40 74.38 73.39 72.43 71.50 70.60 69.74 68.91 68.11 67.35 66.62 65.92 65.26 64.64 64.05 63.51 63.00 62.53 62.10 61.71 61.36 61.05 60.79 60.56 60.39 60.25 60.16 60.12 60.12 60.17 60.26 60.41 60.60 60.84 61.13 61.48 61.88 62.34 62.84 63.37 63.93 64.50 65.08 65.66 66.23 66.76 67.25 67.70 68.12 68.52 68.90 69.26 69.63 70.00 70.38 70.77 71.16 71.57 71.99 72.42 72.86 73.31 73.78 74.25 74.74 75.24 75.75
87.78 86.94 86.03 85.07 84.05 82.99 81.88 80.73 79.55 78.37 77.22 76.11 75.02 73.97 72.95 71.97 71.02 70.10 69.22 68.38 67.58 66.81 66.09 65.40 64.75 64.14 63.58 63.05 62.57 62.13 61.74 61.39 61.08 60.82 60.61 60.44 60.32 60.25 60.23 60.26 60.33 60.46 60.64 60.87 61.16 61.52 61.93 62.40 62.90 63.44 64.01 64.59 65.17 65.75 66.32 66.85 67.34 67.79 68.20 68.59 68.96 69.31 69.66 70.01 70.37 70.75 71.13 71.53 71.94 72.36 72.79 73.24 73.70 74.17 74.65 75.15 75.66
90.21 89.31 88.35 87.35 86.28 85.18 84.03 82.83 81.60 80.35 79.10 77.88 76.70 75.55 74.44 73.37 72.33 71.33 70.37 69.45 68.58 67.74 66.94 66.19 65.47 64.80 64.18 63.60 63.07 62.58 62.13 61.74 61.39 61.09 60.84 60.64 60.49 60.39 60.34 60.35 60.40 60.52 60.68 60.91 61.21 61.57 62.00 62.47 62.99 63.54 64.11 64.69 65.28 65.87 66.44 66.97 67.46 67.90 68.31 68.69 69.04 69.39 69.72 70.06 70.40 70.75 71.12 71.51 71.91 72.32 72.75 73.19 73.64 74.11 74.59 75.09 75.60
92.62 91.67 90.66 89.60 88.50 87.34 86.15 84.91 83.64 82.33 81.00 79.69 78.41 77.16 75.96 74.80 73.67 72.59 71.55 70.55 69.59 68.68 67.82 66.99 66.21 65.48 64.80 64.16 63.57 63.03 62.54 62.10 61.71 61.37 61.08 60.84 60.66 60.53 60.46 60.44 60.47 60.57 60.72 60.96 61.27 61.65 62.09 62.58 63.10 63.66 64.23 64.82 65.42 66.01 66.58 67.12 67.60 68.04 68.44 68.82 69.16 69.49 69.82 70.13 70.46 70.79 71.14 71.51 71.90 72.31 72.73 73.16 73.61 74.08 74.56 75.05 75.57
95.00 94.00 92.94 91.84 90.68 89.48 88.24 86.96 85.64 84.29 82.92 81.52 80.14 78.80 77.51 76.25 75.04 73.87 72.74 71.67 70.63 69.64 68.70 67.81 66.97 66.17 65.42 64.73 64.08 63.49 62.95 62.46 62.02 61.64 61.31 61.04 60.82 60.66 60.56 60.52 60.53 60.61 60.78 61.04 61.36 61.76 62.20 62.70 63.23 63.80 64.38 64.98 65.58 66.18 66.75 67.29 67.77 68.21 68.61 68.97 69.31 69.63 69.94 70.24 70.55 70.86 71.19 71.54 71.91 72.31 72.72 73.15 73.60 74.06 74.54 75.04 75.55
97.36 96.30 95.19 94.04 92.83 91.58 90.29 88.97 87.61 86.21 84.80 83.36 81.90 80.46 79.07 77.72 76.42 75.16 73.95 72.79 71.68 70.61 69.60 68.64 67.72 66.86 66.05 65.30 64.59 63.95 63.35 62.81 62.33 61.91 61.54 61.23 60.98 60.78 60.65 60.58 60.58 60.68 60.86 61.13 61.47 61.88 62.34 62.85 63.39 63.97 64.56 65.16 65.77 66.37 66.95 67.49 67.97 68.41 68.80 69.16 69.49 69.80 70.09 70.38 70.67 70.96 71.27 71.59 71.95 72.33 72.74 73.16 73.60 74.06 74.54 75.04 75.56
99.68 98.57 97.41 96.20 94.94 93.64 92.31 90.93 89.53 88.09 86.63 85.15 83.65 82.13 80.65 79.20 77.81 76.46 75.17 73.92 72.73 71.59 70.50 69.46 68.48 67.55 66.68 65.86 65.10 64.39 63.75 63.16 62.63 62.16 61.75 61.40 61.11 60.88 60.72 60.64 60.65 60.76 60.97 61.25 61.61 62.03 62.50 63.02 63.58 64.16 64.76 65.38 65.99 66.59 67.18 67.72 68.21 68.64 69.03 69.38 69.70 70.00 70.28 70.56 70.82 71.10 71.38 71.69 72.02 72.38 72.77 73.19 73.63 74.08 74.56 75.06 75.58
101.95 100.79 99.58 98.32 97.01 95.66 94.27 92.85 91.40 89.92 88.42 86.89 85.35 83.79 82.22 80.69 79.20 77.76 76.38 75.05 73.77 72.55 71.39 70.28 69.22 68.23 67.29 66.41 65.59 64.82 64.12 63.48 62.90 62.39 61.93 61.54 61.22 60.96 60.78 60.71 60.74 60.87 61.09 61.39 61.77 62.20 62.69 63.22 63.79 64.38 64.99 65.61 66.23 66.84 67.44 67.98 68.47 68.90 69.29 69.63 69.95 70.23 70.50 70.76 71.02 71.27 71.54 71.82 72.12 72.45 72.82 73.23 73.66 74.12 74.59 75.09 75.61
104.18 102.97 101.70 100.38 99.02 97.62 96.19 94.72 93.22 91.69 90.14 88.57 86.99 85.39 83.78 82.17 80.59 79.06 77.59 76.17 74.81 73.51 72.26 71.08 69.95 68.89 67.88 66.94 66.05 65.23 64.48 63.78 63.15 62.59 62.09 61.66 61.29 61.01 60.85 60.80 60.85 61.00 61.24 61.56 61.95 62.40 62.90 63.45 64.03 64.63 65.25 65.88 66.51 67.13 67.72 68.27 68.76 69.19 69.57 69.92 70.22 70.50 70.76 71.01 71.24 71.48 71.72 71.98 72.26 72.57 72.91 73.29 73.71 74.17 74.64 75.14 75.66
106.36 105.09 103.76 102.39 100.98 99.53 98.04 96.52 94.98 93.40 91.81 90.19 88.56 86.92 85.27 83.61 81.96 80.34 78.78 77.27 75.83 74.44 73.12 71.86 70.66 69.52 68.45 67.44 66.49 65.61 64.80 64.05 63.37 62.75 62.21 61.74 61.35 61.08 60.94 60.91 60.99 61.16 61.42 61.75 62.16 62.62 63.14 63.70 64.29 64.91 65.54 66.18 66.81 67.44 68.04 68.59 69.08 69.52 69.90 70.23 70.54 70.81 71.05 71.28 71.51 71.73 71.95 72.19 72.44 72.72 73.03 73.38 73.78 74.22 74.70 75.20 75.72
108.48 107.14 105.76 104.34 102.87 101.37 99.83 98.26 96.67 95.04 93.40 91.74 90.07 88.38 86.69 84.99 83.29 81.60 79.95 78.35 76.82 75.36 73.95 72.61 71.34 70.13 68.98 67.91 66.90 65.95 65.08 64.28 63.54 62.88 62.29 61.79 61.42 61.18 61.06 61.05 61.15 61.34 61.62 61.97 62.39 62.88 63.41 63.98 64.58 65.21 65.85 66.50 67.15 67.78 68.39 68.95 69.44 69.87 70.25 70.59 70.88 71.14 71.38 71.60 71.81 72.01 72.21 72.43 72.66 72.91 73.20 73.52 73.88 74.30 74.76 75.26 75.79
110.53 109.14 107.70 106.22 104.70 103.14 101.55 99.93 98.28 96.61 94.92 93.21 91.49 89.76 88.03 86.29 84.55 82.81 81.09 79.40 77.79 76.23 74.75 73.33 71.98 70.69 69.48 68.33 67.26 66.25 65.32 64.46 63.67 62.95 62.34 61.85 61.51 61.29 61.20 61.21 61.33 61.55 61.84 62.22 62.66 63.15 63.70 64.29 64.91 65.55 66.20 66.86 67.51 68.16 68.77 69.34 69.83 70.27 70.64 70.98 71.26 71.52 71.75 71.95 72.15 72.33 72.52 72.71 72.92 73.15 73.40 73.70 74.03 74.41 74.85 75.34 75.86
112.51 111.05 109.56 108.02 106.44 104.83 103.19 101.51 99.82 98.09 96.36 94.60 92.83 91.06 89.28 87.50 85.71 83.94 82.17 80.42 78.71 77.07 75.50 74.00 72.57 71.21 69.93 68.71 67.57 66.50 65.50 64.58 63.74 63.00 62.40 61.94 61.62 61.43 61.36 61.40 61.55 61.78 62.10 62.49 62.95 63.46 64.03 64.63 65.26 65.91 66.58 67.25 67.91 68.56 69.19 69.76 70.26 70.69 71.07 71.40 71.68 71.93 72.15 72.34 72.52 72.69 72.86 73.03 73.22 73.42 73.65 73.91 74.22 74.56 74.97 75.43 75.95
114.41 112.89 111.34 109.74 108.11 106.44 104.74 103.01 101.26 99.49 97.70 95.90 94.09 92.26 90.44 88.61 86.79 84.97 83.16 81.37 79.59 77.87 76.21 74.63 73.12 71.68 70.32 69.04 67.82 66.69 65.63 64.65 63.78 63.05 62.48 62.05 61.76 61.60 61.55 61.62 61.78 62.04 62.38 62.79 63.27 63.80 64.38 65.00 65.65 66.31 66.99 67.67 68.35 69.01 69.64 70.21 70.72 71.16 71.53 71.86 72.14 72.38 72.59 72.77 72.94 73.09 73.24 73.40 73.56 73.74 73.94 74.18 74.45 74.76 75.13 75.55 76.04
116.22 114.65 113.03 111.38 109.68 107.96 106.21 104.42 102.62 100.80 98.96 97.10 95.24 93.37 91.50 89.63 87.76 85.90 84.05 82.22 80.40 78.60 76.86 75.20 73.61 72.09 70.66 69.30 68.02 66.82 65.70 64.68 63.83 63.13 62.59 62.19 61.93 61.79 61.77 61.86 62.05 62.33 62.69 63.12 63.62 64.17 64.77 65.40 66.06 66.74 67.43 68.13 68.81 69.48 70.12 70.71 71.22 71.66 72.03 72.36 72.63 72.87 73.07 73.24 73.40 73.54 73.67 73.80 73.95 74.10 74.28 74.48 74.72 75.01 75.34 75.73 76.18
117.94 116.31 114.63 112.92 111.17 109.38 107.57 105.74 103.88 102.00 100.11 98.21 96.30 94.38 92.46 90.54 88.63 86.73 84.84 82.96 81.10 79.26 77.46 75.71 74.03 72.44 70.93 69.49 68.14 66.87 65.72 64.72 63.90 63.24 62.72 62.36 62.12 62.01 62.02 62.13 62.34 62.64 63.03 63.48 64.00 64.57 65.18 65.83 66.51 67.21 67.91 68.62 69.31 69.99 70.64 71.24 71.75 72.19 72.57 72.90 73.17 73.40 73.59 73.75 73.89 74.02 74.14 74.25 74.37 74.51 74.66 74.84 75.05 75.30 75.59 75.95 76.36
119.57 117.87 116.13 114.36 112.55 110.71 108.84 106.94 105.03 103.10 101.16 99.20 97.24 95.27 93.31 91.34 89.39 87.44 85.50 83.58 81.69 79.81 77.96 76.14 74.39 72.71 71.12 69.61 68.19 66.88 65.75 64.79 64.00 63.36 62.88 62.54 62.34 62.26 62.29 62.43 62.67 62.99 63.40 63.87 64.41 65.00 65.63 66.30 66.99 67.70 68.42 69.14 69.85 70.54 71.20 71.80 72.32 72.77 73.15 73.47 73.74 73.97 74.15 74.31 74.43 74.55 74.65 74.74 74.84 74.95 75.08 75.23 75.41 75.63 75.90 76.21 76.59
121.10 119.33 117.53 115.69 113.82 111.92 109.99 108.04 106.07 104.09 102.09 100.08 98.07 96.05 94.04 92.03 90.02 88.03 86.05 84.09 82.15 80.23 78.34 76.48 74.66 72.91 71.24 69.65 68.19 66.90 65.80 64.88 64.12 63.52 63.07 62.76 62.59 62.53 62.59 62.76 63.02 63.37 63.80 64.29 64.85 65.46 66.11 66.80 67.51 68.24 68.97 69.70 70.42 71.13 71.80 72.40 72.93 73.38 73.77 74.09 74.36 74.58 74.75 74.90 75.02 75.12 75.20 75.28 75.36 75.45 75.55 75.68 75.83 76.02 76.25 76.53 76.86
122.51 120.68 118.82 116.91 114.98 113.02 111.03 109.03 107.00 104.96 102.91 100.85 98.78 96.71 94.65 92.59 90.54 88.50 86.47 84.47 82.48 80.52 78.59 76.70 74.83 73.01 71.27 69.64 68.20 66.95 65.88 64.99 64.27 63.70 63.28 63.01 62.86 62.84 62.92 63.12 63.40 63.78 64.23 64.75 65.33 65.96 66.63 67.33 68.06 68.80 69.55 70.30 71.03 71.75 72.43 73.05 73.58 74.04 74.42 74.75 75.01 75.23 75.40 75.54 75.64 75.73 75.80 75.86 75.92 75.99 76.07 76.17 76.29 76.45 76.65 76.89 77.19
123.81 121.92 119.98 118.02 116.02 114.00 111.95 109.89 107.80 105.70 103.60 101.48 99.36 97.24 95.13 93.02 90.92 88.83 86.76 84.71 82.68 80.68 78.71 76.77 74.87 73.01 71.24 69.63 68.23 67.02 65.99 65.13 64.44 63.91 63.53 63.28 63.16 63.17 63.29 63.51 63.82 64.22 64.69 65.24 65.84 66.49 67.18 67.90 68.65 69.41 70.17 70.93 71.68 72.41 73.10 73.73 74.27 74.73 75.12 75.44 75.71 75.92 76.09 76.22 76.31 76.39 76.44 76.49 76.53 76.58 76.63 76.71 76.80 76.93 77.10 77.31 77.57
124.99 123.03 121.03 119.00 116.94 114.85 112.75 110.62 108.48 106.32 104.16 101.99 99.81 97.64 95.47 93.31 91.16 89.03 86.91 84.81 82.74 80.70 78.68 76.71 74.77 72.91 71.19 69.65 68.29 67.11 66.12 65.30 64.65 64.15 63.80 63.58 63.50 63.53 63.68 63.93 64.27 64.69 65.19 65.76 66.38 67.05 67.77 68.51 69.27 70.05 70.83 71.61 72.37 73.11 73.81 74.45 75.00 75.47 75.86 76.19 76.45 76.66 76.82 76.94 77.03 77.09 77.13 77.16 77.19 77.21 77.25 77.29 77.36 77.46 77.60 77.77 78.00
126.04 124.01 121.95 119.85 117.72 115.58 113.41 111.22 109.01 106.80 104.58 102.35 100.12 97.90 95.68 93.46 91.27 89.08 86.92 84.77 82.66 80.57 78.51 76.49 74.55 72.76 71.14 69.67 68.37 67.23 66.28 65.50 64.88 64.42 64.10 63.92 63.86 63.93 64.10 64.38 64.75 65.20 65.72 66.31 66.96 67.66 68.39 69.15 69.93 70.73 71.53 72.32 73.10 73.85 74.57 75.21 75.77 76.25 76.64 76.97 77.23 77.44 77.60 77.71 77.79 77.84 77.87 77.89 77.89 77.90 77.91 77.93 77.97 78.04 78.15 78.29 78.48
126.96 124.86 122.72 120.56 118.37 116.16 113.92 111.67 109.41 107.14 104.86 102.57 100.29 98.01 95.73 93.47 91.22 88.98 86.77 84.58 82.41 80.28 78.18 76.16 74.29 72.60 71.06 69.69 68.46 67.38 66.47 65.73 65.14 64.72 64.43 64.28 64.26 64.36 64.56 64.87 65.26 65.74 66.29 66.91 67.58 68.29 69.05 69.83 70.63 71.45 72.26 73.07 73.86 74.63 75.36 76.02 76.59 77.07 77.47 77.80 78.06 78.27 78.42 78.53 78.60 78.64 78.66 78.66 78.64 78.63 78.62 78.62 78.64 78.68 78.75 78.86 79.02
127.73 125.56 123.36 121.13 118.88 116.60 114.30 111.99 109.66 107.32 104.98 102.64 100.30 97.96 95.64 93.32 91.02 88.73 86.47 84.23 82.01 79.84 77.74 75.79 74.02 72.42 70.97 69.68 68.54 67.55 66.69 65.98 65.44 65.04 64.80 64.68 64.69 64.82 65.05 65.39 65.81 66.32 66.89 67.54 68.23 68.97 69.75 70.55 71.37 72.20 73.04 73.86 74.67 75.45 76.20 76.87 77.44 77.93 78.34 78.67 78.94 79.14 79.29 79.39 79.46 79.49 79.49 79.47 79.45 79.41 79.38 79.36 79.35 79.36 79.41 79.49 79.61
128.37 126.12 123.85 121.55 119.23 116.88 114.52 112.14 109.75 107.36 104.96 102.56 100.16 97.76 95.38 93.01 90.65 88.31 86.00 83.71 81.45 79.27 77.25 75.41 73.73 72.22 70.87 69.67 68.61 67.70 66.92 66.27 65.76 65.41 65.19 65.11 65.15 65.31 65.58 65.94 66.40 66.93 67.53 68.20 68.92 69.68 70.48 71.31 72.15 73.00 73.85 74.70 75.52 76.32 77.07 77.76 78.35 78.84 79.26 79.59 79.86 80.06 80.21 80.31 80.36 80.38 80.37 80.34 80.30 80.25 80.19 80.15 80.12 80.10 80.12 80.16 80.25
128.84 126.53 124.19 121.82 119.43 117.01 114.58 112.14 109.69 107.23 104.77 102.31 99.85 97.40 94.96 92.53 90.12 87.73 85.36 83.02 80.76 78.67 76.75 75.00 73.43 72.01 70.75 69.64 68.67 67.84 67.15 66.57 66.12 65.80 65.62 65.57 65.65 65.84 66.14 66.54 67.02 67.58 68.21 68.90 69.65 70.44 71.26 72.11 72.97 73.84 74.71 75.57 76.41 77.22 78.00 78.69 79.29 79.80 80.22 80.56 80.83 81.03 81.17 81.27 81.31 81.33 81.31 81.26 81.20 81.13 81.06 80.99 80.93 80.89 80.88 80.90 80.95
129.16 126.78 124.36 121.92 119.46 116.98 114.48 111.98 109.46 106.94 104.41 101.89 99.37 96.86 94.36 91.88 89.41 86.97 84.55 82.21 80.04 78.04 76.23 74.59 73.11 71.79 70.62 69.60 68.72 67.98 67.36 66.87 66.49 66.22 66.08 66.07 66.18 66.41 66.74 67.17 67.68 68.27 68.93 69.65 70.42 71.23 72.07 72.94 73.83 74.72 75.61 76.49 77.35 78.18 78.96 79.67 80.28 80.80 81.22 81.57 81.84 82.04 82.19 82.28 82.32 82.32 82.29 82.23 82.16 82.07 81.98 81.89 81.81 81.74 81.70 81.69 81.72
129.32 126.86 124.37 121.86 119.33 116.78 114.21 111.64 109.06 106.47 103.88 101.30 98.72 96.15 93.59 91.05 88.53 86.03 83.61 81.36 79.29 77.41 75.70 74.16 72.78 71.56 70.48 69.56 68.77 68.11 67.58 67.16 66.86 66.67 66.58 66.61 66.75 67.01 67.37 67.83 68.37 68.99 69.68 70.43 71.22 72.06 72.93 73.82 74.73 75.65 76.55 77.45 78.33 79.17 79.98 80.70 81.32 81.85 82.28 82.63 82.90 83.11 83.25 83.34 83.37 83.37 83.33 83.26 83.17 83.06 82.95 82.84 82.74 82.64 82.58 82.54 82.57
129.30 126.77 124.21 121.62 119.02 116.40 113.77 111.12 108.47 105.82 103.17 100.52 97.88 95.25 92.63 90.03 87.46 84.96 82.63 80.49 78.53 76.76 75.15 73.71 72.44 71.31 70.34 69.50 68.80 68.23 67.78 67.45 67.23 67.12 67.10 67.18 67.36 67.65 68.05 68.54 69.11 69.76 70.48 71.25 72.07 72.94 73.83 74.75 75.68 76.61 77.54 78.46 79.35 80.22 81.04 81.78 82.41 82.94 83.38 83.74 84.02 84.22 84.36 84.45 84.48 84.46 84.41 84.33 84.23 84.11 83.98 83.85 83.72 83.61 83.52 83.48 83.50
129.11 126.50 123.87 121.21 118.53 115.84 113.14 110.42 107.71 104.99 102.27 99.56 96.86 94.16 91.49 88.83 86.25 83.84 81.63 79.60 77.76 76.09 74.60 73.26 72.09 71.06 70.18 69.44 68.83 68.35 67.99 67.74 67.60 67.56 67.62 67.77 68.00 68.33 68.76 69.28 69.88 70.56 71.31 72.11 72.96 73.85 74.77 75.71 76.67 77.62 78.57 79.51 80.42 81.31 82.14 82.90 83.54 84.09 84.54 84.90 85.18 85.39 85.53 85.61 85.63 85.62 85.56 85.46 85.35 85.21 85.06 84.91 84.76 84.64 84.55 84.51 84.51
128.74 126.05 123.34 120.61 117.86 115.09 112.32 109.54 106.75 103.96 101.18 98.40 95.64 92.88 90.15 87.49 85.00 82.71 80.62 78.71 76.98 75.42 74.03 72.80 71.73 70.80 70.02 69.38 68.86 68.47 68.19 68.03 67.97 68.01 68.14 68.36 68.66 69.04 69.51 70.06 70.70 71.41 72.19 73.02 73.90 74.81 75.76 76.72 77.70 78.68 79.65 80.61 81.54 82.44 83.30 84.07 84.73 85.28 85.74 86.11 86.40 86.60 86.75 86.82 86.85 86.82 86.75 86.65 86.52 86.37 86.20 86.03 85.88 85.75 85.67 85.62 85.61
128.17 125.41 122.62 119.81 116.99 114.15 111.30 108.45 105.60 102.74 99.89 97.05 94.22 91.40 88.66 86.10 83.74 81.57 79.59 77.80 76.19 74.74 73.46 72.34 71.37 70.54 69.86 69.31 68.89 68.58 68.40 68.32 68.34 68.46 68.67 68.97 69.34 69.78 70.30 70.89 71.56 72.30 73.10 73.97 74.87 75.82 76.79 77.78 78.78 79.78 80.78 81.75 82.71 83.63 84.50 85.28 85.96 86.53 86.99 87.37 87.66 87.87 88.02 88.09 88.11 88.08 88.00 87.89 87.75 87.58 87.40 87.23 87.08 86.96 86.87 86.82 86.80
