data_processed/recharge/precip/Precip_1990_09.asc
ncols        168
nrows        136
xllcorner    455000
yllcorner    2107000
cellsize     500
NODATA_value     -99999
[rows 96 to 127 of 136, columns 73 to 145 of 168]
213.66 208.79 203.77 198.61 193.31 187.87 182.30 176.59 170.76 164.80 158.74 152.62 146.45 140.25 134.02 127.77 121.51 115.25 109.00 102.77 96.57 90.40 84.28 78.22 72.22 66.30 60.47 54.83 49.50 44.49 39.80 35.43 31.38 27.63 24.19 21.06 18.23 15.69 13.45 11.50 9.84 8.46 7.36 6.54 6.00 5.72 5.71 5.97 6.48 7.25 8.28 9.56 11.08 12.86 14.97 17.46 20.32 23.54 27.11 31.01 35.22 39.75 44.57 49.67 55.04 60.66 66.53 72.62 78.94 85.45 92.15 98.95 105.81
215.81 210.86 205.76 200.53 195.16 189.65 184.01 178.24 172.34 166.32 160.20 154.03 147.81 141.55 135.27 128.97 122.66 116.35 110.06 103.78 97.53 91.32 85.16 79.06 73.02 67.06 61.18 55.41 49.83 44.57 39.65 35.05 30.78 26.83 23.20 19.89 16.89 14.20 11.81 9.73 7.95 6.46 5.26 4.36 3.74 3.40 3.34 3.55 4.04 4.80 5.82 7.11 8.67 10.57 12.86 15.54 18.60 22.01 25.77 29.87 34.28 39.01 44.03 49.33 54.90 60.73 66.80 73.11 79.62 86.35 93.25 100.26 107.29
217.97 212.94 207.77 202.46 197.02 191.45 185.74 179.91 173.95 167.88 161.71 155.48 149.21 142.90 136.57 130.22 123.87 117.52 111.18 104.86 98.57 92.32 86.11 79.97 73.90 67.90 61.99 56.17 50.46 44.97 39.80 34.97 30.48 26.32 22.49 18.99 15.82 12.97 10.43 8.21 6.30 4.70 3.40 2.40 1.70 1.29 1.18 1.35 1.81 2.54 3.56 4.86 6.52 8.59 11.05 13.91 17.14 20.73 24.67 28.94 33.54 38.45 43.65 49.14 54.90 60.91 67.17 73.66 80.37 87.29 94.38 101.57 108.76
220.15 215.04 209.80 204.42 198.91 193.27 187.50 181.61 175.60 169.48 163.25 156.98 150.66 144.30 137.93 131.53 125.13 118.74 112.36 106.00 99.67 93.38 87.14 80.96 74.85 68.82 62.87 57.03 51.28 45.66 40.26 35.19 30.48 26.10 22.07 18.38 15.03 12.01 9.32 6.95 4.91 3.19 1.78 0.68 0.00 0.00 0.00 0.00 0.00 0.49 1.50 2.89 4.70 6.92 9.54 12.55 15.94 19.69 23.79 28.23 32.99 38.06 43.43 49.09 55.01 61.20 67.63 74.29 81.17 88.26 95.53 102.88 110.22
222.34 217.16 211.84 206.40 200.82 195.12 189.29 183.35 177.29 171.11 164.84 158.52 152.15 145.75 139.33 132.90 126.46 120.02 113.60 107.20 100.84 94.51 88.24 82.03 75.89 69.82 63.85 57.97 52.20 46.55 41.03 35.74 30.78 26.19 21.95 18.07 14.53 11.33 8.48 5.96 3.78 1.93 0.41 0.00 0.00 0.00 0.00 0.00 0.00 0.00 0.00 1.25 3.20 5.56 8.32 11.47 15.00 18.89 23.14 27.72 32.63 37.85 43.36 49.17 55.24 61.58 68.17 74.98 82.02 89.27 96.70 104.19 111.65
224.54 219.29 213.91 208.40 202.76 197.00 191.12 185.12 179.01 172.78 166.47 160.10 153.69 147.26 140.79 134.32 127.84 121.37 114.91 108.48 102.08 95.72 89.42 83.18 77.01 70.91 64.91 59.01 53.21 47.54 41.99 36.58 31.41 26.59 22.14 18.05 14.32 10.94 7.92 5.25 2.92 0.94 0.00 0.00 0.00 0.00 0.00 0.00 0.00 0.00 0.00 0.00 2.02 4.50 7.38 10.66 14.31 18.33 22.70 27.41 32.45 37.80 43.44 49.38 55.59 62.06 68.78 75.74 82.92 90.31 97.88 105.49 113.06
226.76 221.44 215.99 210.42 204.72 198.91 192.97 186.92 180.76 174.50 168.14 161.73 155.29 148.81 142.31 135.80 129.29 122.78 116.29 109.82 103.39 97.01 90.68 84.41 78.21 72.09 66.07 60.14 54.32 48.62 43.05 37.62 32.34 27.31 22.64 18.34 14.41 10.85 7.65 4.82 2.35 0.22 0.00 0.00 0.00 0.00 0.00 0.00 0.00 0.00 0.00 0.00 1.16 3.74 6.73 10.11 13.87 18.00 22.48 27.30 32.44 37.91 43.67 49.72 56.05 62.64 69.48 76.55 83.85 91.36 99.06 106.78 114.44
228.99 223.60 218.10 212.46 206.71 200.84 194.86 188.76 182.56 176.25 169.86 163.41 156.93 150.41 143.88 137.34 130.79 124.25 117.73 111.24 104.78 98.37 92.01 85.72 79.49 73.36 67.31 61.36 55.53 49.81 44.22 38.77 33.47 28.33 23.45 18.94 14.81 11.06 7.69 4.68 2.05 0.00 0.00 0.00 0.00 0.00 0.00 0.00 0.00 0.00 0.00 0.00 0.61 3.28 6.35 9.82 13.67 17.89 22.46 27.37 32.61 38.17 44.03 50.18 56.61 63.30 70.24 77.42 84.83 92.44 100.24 108.06 115.79
231.24 225.79 220.22 214.54 208.73 202.81 196.78 190.64 184.40 178.05 171.62 165.14 158.62 152.07 145.51 138.93 132.36 125.79 119.25 112.73 106.24 99.81 93.43 87.11 80.87 74.71 68.64 62.68 56.83 51.09 45.49 40.03 34.72 29.56 24.58 19.87 15.53 11.58 8.02 4.85 2.06 0.00 0.00 0.00 0.00 0.00 0.00 0.00 0.00 0.00 0.00 0.00 0.37 3.10 6.25 9.79 13.71 18.00 22.65 27.64 32.95 38.59 44.53 50.76 57.27 64.05 71.07 78.34 85.83 93.53 101.42 109.32 117.10
233.50 228.00 222.37 216.63 210.78 204.81 198.74 192.56 186.27 179.89 173.42 166.91 160.36 153.79 147.19 140.59 133.99 127.40 120.83 114.28 107.78 101.32 94.92 88.58 82.32 76.15 70.07 64.09 58.22 52.48 46.87 41.40 36.07 30.91 25.92 21.11 16.57 12.42 8.67 5.32 2.36 0.00 0.00 0.00 0.00 0.00 0.00 0.00 0.00 0.00 0.00 0.00 0.43 3.21 6.41 10.00 13.98 18.33 23.03 28.08 33.46 39.16 45.16 51.45 58.03 64.87 71.96 79.30 86.86 94.63 102.59 110.54 118.37
235.79 230.23 224.55 218.76 212.86 206.85 200.73 194.51 188.19 181.77 175.28 168.74 162.16 155.56 148.94 142.31 135.69 129.07 122.48 115.92 109.39 102.92 96.50 90.15 83.87 77.68 71.59 65.60 59.72 53.97 48.35 42.87 37.54 32.37 27.37 22.55 17.93 13.59 9.64 6.10 2.97 0.24 0.00 0.00 0.00 0.00 0.00 0.00 0.00 0.00 0.00 0.00 0.78 3.60 6.84 10.47 14.48 18.87 23.61 28.70 34.12 39.86 45.91 52.25 58.87 65.76 72.91 80.29 87.91 95.74 103.75 111.74 119.59
238.09 232.48 226.75 220.91 214.97 208.91 202.76 196.50 190.15 183.70 177.18 170.61 164.01 157.39 150.74 144.09 137.45 130.81 124.20 117.62 111.08 104.59 98.16 91.79 85.51 79.31 73.20 67.20 61.32 55.56 49.93 44.45 39.12 33.95 28.95 24.13 19.50 15.07 10.94 7.21 3.90 1.00 0.00 0.00 0.00 0.00 0.00 0.00 0.00 0.00 0.00 0.00 1.43 4.27 7.52 11.17 15.21 19.61 24.38 29.49 34.94 40.71 46.78 53.15 59.81 66.73 73.90 81.32 88.97 96.84 104.89 112.91 120.76
240.42 234.75 228.98 223.10 217.11 211.02 204.82 198.54 192.15 185.68 179.14 172.54 165.92 159.27 152.61 145.94 139.28 132.63 126.00 119.40 112.85 106.34 99.90 93.53 87.23 81.02 74.91 68.91 63.02 57.25 51.63 46.14 40.81 35.64 30.64 25.82 21.20 16.77 12.56 8.65 5.16 2.10 0.00 0.00 0.00 0.00 0.00 0.00 0.00 0.00 0.00 0.00 2.37 5.21 8.46 12.11 16.15 20.56 25.33 30.45 35.91 41.69 47.77 54.16 60.82 67.76 74.95 82.39 90.05 97.94 106.01 114.03 121.88
242.76 237.05 231.23 225.31 219.28 213.15 206.93 200.61 194.20 187.71 181.14 174.53 167.88 161.22 154.54 147.85 141.17 134.51 127.87 121.26 114.69 108.18 101.73 95.35 89.04 82.83 76.72 70.71 64.82 59.05 53.43 47.94 42.61 37.45 32.45 27.64 23.02 18.60 14.39 10.41 6.76 3.60 1.01 0.00 0.00 0.00 0.00 0.00 0.00 0.00 0.00 1.20 3.59 6.41 9.65 13.28 17.31 21.71 26.47 31.58 37.02 42.79 48.87 55.25 61.91 68.84 76.04 83.47 91.14 99.03 107.10 115.12 122.93
245.13 239.38 233.52 227.55 221.49 215.33 209.08 202.73 196.30 189.78 183.19 176.56 169.90 163.22 156.53 149.83 143.14 136.46 129.81 123.19 116.62 110.10 103.64 97.26 90.95 84.74 78.62 72.61 66.72 60.96 55.33 49.86 44.53 39.37 34.39 29.58 24.97 20.57 16.37 12.40 8.76 5.57 2.93 0.85 0.00 0.00 0.00 0.00 0.00 0.00 0.82 2.73 5.09 7.88 11.08 14.68 18.67 23.04 27.78 32.86 38.28 44.02 50.08 56.43 63.07 69.99 77.16 84.58 92.23 100.10 108.16 116.15 123.91
247.53 241.73 235.83 229.83 223.74 217.55 211.27 204.90 198.44 191.90 185.30 178.66 171.98 165.29 158.58 151.87 145.17 138.49 131.83 125.21 118.63 112.11 105.65 99.26 92.95 86.74 80.62 74.62 68.73 62.97 57.35 51.88 46.57 41.42 36.44 31.65 27.05 22.66 18.49 14.62 11.11 7.98 5.29 3.15 1.55 0.48 0.00 0.00 0.35 1.29 2.70 4.56 6.86 9.60 12.75 16.30 20.25 24.57 29.26 34.29 39.67 45.37 51.39 57.70 64.30 71.18 78.32 85.70 93.32 101.16 109.18 117.13 124.83
249.95 244.11 238.18 232.14 226.02 219.80 213.50 207.10 200.63 194.08 187.46 180.81 174.12 167.42 160.70 153.99 147.28 140.59 133.93 127.30 120.72 114.20 107.74 101.35 95.04 88.83 82.72 76.72 70.84 65.10 59.48 54.02 48.72 43.58 38.62 33.84 29.26 24.89 20.82 17.10 13.74 10.73 8.08 5.87 4.19 3.05 2.42 2.31 2.69 3.55 4.88 6.67 8.91 11.57 14.65 18.14 22.02 26.28 30.90 35.88 41.19 46.84 52.79 59.05 65.60 72.42 79.50 86.83 94.40 102.19 110.16 118.05 125.67
252.39 246.52 240.55 234.49 228.34 222.10 215.77 209.36 202.87 196.31 189.68 183.01 176.32 169.61 162.89 156.17 149.46 142.77 136.10 129.48 122.90 116.37 109.92 103.53 97.23 91.03 84.93 78.93 73.07 67.33 61.73 56.28 50.99 45.86 40.92 36.16 31.61 27.34 23.42 19.84 16.61 13.72 11.19 9.00 7.24 6.00 5.28 5.07 5.36 6.13 7.37 9.07 11.22 13.79 16.79 20.19 23.99 28.17 32.71 37.61 42.84 48.41 54.29 60.48 66.95 73.70 80.71 87.97 95.47 103.20 111.10 118.91 126.43
254.87 248.96 242.96 236.87 230.70 224.43 218.09 211.66 205.16 198.59 191.95 185.28 178.58 171.87 165.14 158.42 151.71 145.02 138.36 131.73 125.16 118.64 112.19 105.81 99.52 93.32 87.23 81.25 75.39 69.67 64.08 58.65 53.38 48.27 43.34 38.62 34.17 30.05 26.27 22.83 19.72 16.95 14.52 12.42 10.67 9.33 8.50 8.18 8.35 9.02 10.15 11.75 13.79 16.26 19.15 22.45 26.15 30.23 34.67 39.47 44.62 50.09 55.88 61.97 68.35 75.01 81.94 89.11 96.53 104.17 111.99 119.70 127.10
257.37 251.43 245.41 239.29 233.09 226.81 220.45 214.01 207.50 200.92 194.28 187.61 180.91 174.19 167.47 160.74 154.03 147.35 140.69 134.07 127.50 120.99 114.55 108.18 101.90 95.72 89.64 83.67 77.83 72.12 66.55 61.14 55.88 50.80 45.91 41.28 36.98 33.01 29.36 26.05 23.06 20.39 18.06 16.05 14.37 13.02 12.07 11.63 11.68 12.21 13.22 14.69 16.61 18.96 21.74 24.92 28.50 32.46 36.79 41.48 46.51 51.87 57.55 63.53 69.81 76.36 83.18 90.25 97.56 105.10 112.82 120.42 127.69
259.90 253.94 247.89 241.75 235.53 229.24 222.86 216.41 209.90 203.31 196.67 189.99 183.29 176.58 169.86 163.14 156.44 149.75 143.10 136.49 129.93 123.43 117.00 110.65 104.38 98.21 92.15 86.20 80.38 74.69 69.14 63.75 58.51 53.47 48.68 44.20 40.05 36.21 32.69 29.49 26.61 24.05 21.80 19.87 18.26 16.96 15.99 15.41 15.32 15.71 16.58 17.91 19.69 21.90 24.54 27.58 31.03 34.85 39.05 43.61 48.51 53.74 59.29 65.15 71.30 77.73 84.43 91.38 98.58 106.00 113.60 121.06 128.18
262.46 256.47 250.40 244.25 238.01 231.70 225.32 218.87 212.34 205.76 199.12 192.44 185.75 179.04 172.32 165.61 158.91 152.24 145.60 139.00 132.45 125.97 119.55 113.21 106.96 100.81 94.76 88.84 83.03 77.37 71.84 66.47 61.28 56.33 51.70 47.37 43.35 39.64 36.24 33.15 30.37 27.89 25.73 23.87 22.32 21.07 20.14 19.51 19.27 19.51 20.21 21.39 23.01 25.07 27.55 30.44 33.73 37.41 41.46 45.87 50.62 55.71 61.12 66.83 72.84 79.13 85.69 92.50 99.56 106.84 114.31 121.62 128.57
265.06 259.05 252.95 246.78 240.54 234.22 227.83 221.37 214.84 208.26 201.62 194.96 188.27 181.56 174.86 168.15 161.47 154.81 148.18 141.59 135.06 128.59 122.19 115.87 109.64 103.51 97.49 91.58 85.80 80.16 74.66 69.33 64.24 59.45 54.96 50.77 46.88 43.29 40.00 37.01 34.32 31.92 29.83 28.03 26.53 25.33 24.43 23.83 23.52 23.60 24.13 25.12 26.57 28.46 30.77 33.49 36.61 40.12 44.00 48.25 52.84 57.76 63.01 68.56 74.41 80.54 86.94 93.60 100.50 107.64 114.95 122.10 128.86
267.68 261.65 255.55 249.36 243.11 236.78 230.38 223.92 217.40 210.82 204.19 197.53 190.85 184.16 177.46 170.77 164.10 157.45 150.84 144.27 137.76 131.31 124.93 118.63 112.42 106.31 100.32 94.44 88.68 83.07 77.61 72.39 67.45 62.81 58.46 54.40 50.62 47.14 43.96 41.06 38.45 36.13 34.10 32.35 30.90 29.73 28.86 28.27 27.97 27.96 28.31 29.12 30.37 32.07 34.19 36.73 39.66 42.99 46.68 50.74 55.15 59.90 64.96 70.34 76.01 81.97 88.20 94.68 101.41 108.37 115.52 122.49 129.05
270.34 264.30 258.18 251.98 245.72 239.39 232.99 226.53 220.02 213.44 206.82 200.17 193.50 186.82 180.14 173.47 166.81 160.18 153.59 147.04 140.55 134.12 127.76 121.49 115.31 109.22 103.25 97.40 91.68 86.11 80.76 75.69 70.90 66.40 62.18 58.23 54.58 51.20 48.10 45.28 42.75 40.49 38.52 36.82 35.40 34.26 33.40 32.82 32.52 32.49 32.75 33.36 34.41 35.89 37.81 40.14 42.87 45.99 49.49 53.35 57.56 62.11 66.98 72.16 77.64 83.40 89.44 95.74 102.28 109.05 116.01 122.78 129.12
273.03 266.98 260.85 254.65 248.38 242.04 235.65 229.20 222.69 216.12 209.52 202.88 196.23 189.56 182.90 176.24 169.61 163.00 156.43 149.90 143.43 137.03 130.69 124.45 118.29 112.24 106.30 100.48 94.80 89.34 84.15 79.23 74.58 70.20 66.10 62.28 58.72 55.43 52.42 49.68 47.21 45.01 43.08 41.42 40.03 38.91 38.05 37.47 37.16 37.11 37.33 37.83 38.67 39.93 41.62 43.73 46.24 49.14 52.42 56.07 60.06 64.39 69.05 74.02 79.29 84.84 90.67 96.76 103.09 109.66 116.41 122.97 129.07
275.77 269.70 263.56 257.35 251.08 244.75 238.36 231.92 225.42 218.87 212.28 205.66 199.02 192.38 185.73 179.10 172.48 165.90 159.35 152.85 146.40 140.03 133.73 127.51 121.38 115.36 109.46 103.68 98.12 92.81 87.77 82.99 78.47 74.22 70.23 66.51 63.04 59.84 56.91 54.23 51.82 49.66 47.77 46.14 44.77 43.65 42.80 42.21 41.88 41.80 41.99 42.43 43.13 44.17 45.62 47.49 49.77 52.43 55.48 58.88 62.64 66.74 71.17 75.91 80.95 86.28 91.88 97.75 103.86 110.21 116.73 123.05 128.90
278.53 272.46 266.31 260.11 253.84 247.51 241.13 234.69 228.21 221.67 215.10 208.50 201.89 195.26 188.64 182.03 175.44 168.88 162.36 155.89 149.47 143.13 136.86 130.67 124.58 118.60 112.74 107.07 101.66 96.51 91.61 86.96 82.57 78.43 74.55 70.92 67.54 64.42 61.55 58.93 56.56 54.44 52.58 50.97 49.61 48.50 47.63 47.02 46.66 46.55 46.69 47.07 47.71 48.60 49.81 51.42 53.44 55.85 58.64 61.80 65.31 69.16 73.34 77.83 82.63 87.71 93.07 98.69 104.57 110.67 116.96 123.03 128.61
281.34 275.26 269.11 262.91 256.64 250.32 243.95 237.53 231.06 224.54 217.99 211.41 204.82 198.22 191.63 185.04 178.48 171.95 165.46 159.02 152.64 146.32 140.09 133.94 127.89 121.95 116.20 110.70 105.44 100.43 95.66 91.14 86.86 82.83 79.04 75.50 72.20 69.14 66.33 63.76 61.43 59.34 57.50 55.90 54.54 53.42 52.54 51.90 51.51 51.35 51.43 51.75 52.31 53.11 54.16 55.51 57.26 59.40 61.92 64.81 68.05 71.63 75.55 79.78 84.31 89.13 94.23 99.60 105.21 111.06 117.09 122.89 128.18
284.18 278.10 271.96 265.76 259.50 253.19 246.83 240.42 233.97 227.48 220.95 214.40 207.83 201.26 194.69 188.14 181.61 175.11 168.65 162.25 155.90 149.62 143.42 137.31 131.31 125.49 119.90 114.55 109.43 104.55 99.91 95.50 91.33 87.40 83.70 80.23 77.00 74.00 71.24 68.71 66.41 64.35 62.52 60.92 59.55 58.41 57.51 56.84 56.40 56.18 56.20 56.45 56.93 57.64 58.57 59.75 61.22 63.07 65.30 67.90 70.86 74.16 77.79 81.74 86.00 90.54 95.36 100.45 105.79 111.37 117.13 122.64 127.62
287.07 280.99 274.85 268.65 262.41 256.11 249.76 243.38 236.95 230.48 223.98 217.45 210.92 204.38 197.84 191.32 184.82 178.36 171.94 165.57 159.26 153.02 146.86 140.80 134.92 129.25 123.82 118.61 113.63 108.88 104.35 100.05 95.98 92.13 88.51 85.11 81.94 78.99 76.27 73.77 71.50 69.45 67.62 66.01 64.63 63.47 62.53 61.81 61.32 61.04 60.99 61.16 61.54 62.15 62.98 64.02 65.30 66.86 68.79 71.08 73.74 76.74 80.07 83.72 87.68 91.93 96.45 101.25 106.30 111.58 117.05 122.26 126.92
289.99 283.91 277.78 271.60 265.36 259.08 252.76 246.39 239.99 233.55 227.08 220.58 214.08 207.57 201.07 194.58 188.12 181.69 175.31 168.98 162.71 156.52 150.41 144.47 138.74 133.24 127.95 122.88 118.02 113.39 108.97 104.77 100.78 97.01 93.46 90.13 87.01 84.10 81.41 78.93 76.67 74.63 72.79 71.17 69.77 68.57 67.59 66.82 66.26 65.92 65.78 65.86 66.15 66.65 67.35 68.27 69.40 70.74 72.37 74.34 76.68 79.36 82.38 85.71 89.35 93.29 97.51 101.99 106.73 111.71 116.87 121.75 126.07
