data_processed/recharge/precip/Precip_2005_05.asc
ncols        168
nrows        136
xllcorner    455000
yllcorner    2107000
cellsize     500
NODATA_value     -99999
[rows 102 to 135 of 136, columns 0 to 76 of 168]
29.53 30.08 30.56 31.01 31.45 31.89 32.35 32.82 33.30 33.79 34.31 34.85 35.41 36.00 36.61 37.26 37.93 38.59 39.21 39.77 40.27 40.72 41.10 41.43 41.73 42.00 42.22 42.41 42.55 42.57 42.47 42.27 41.96 41.56 41.09 40.54 39.92 39.25 38.54 37.79 37.01 36.21 35.38 34.51 33.60 32.68 31.75 30.81 29.81 28.72 27.55 26.32 25.05 23.75 22.47 21.22 20.03 18.90 17.84 16.88 16.03 15.29 14.69 14.23 13.94 13.82 13.88 14.07 14.31 14.57 14.86 15.18 15.53 15.95 16.48 17.13 17.90
30.11 30.62 31.08 31.52 31.96 32.39 32.83 33.27 33.72 34.18 34.65 35.13 35.63 36.15 36.69 37.25 37.84 38.45 39.04 39.58 40.06 40.47 40.82 41.13 41.40 41.63 41.83 41.96 41.99 41.91 41.71 41.41 41.03 40.56 40.02 39.42 38.76 38.06 37.33 36.56 35.78 34.99 34.20 33.40 32.57 31.73 30.89 30.04 29.13 28.12 27.02 25.84 24.62 23.38 22.15 20.94 19.77 18.64 17.58 16.60 15.70 14.91 14.24 13.70 13.31 13.07 13.01 13.13 13.38 13.66 13.97 14.30 14.66 15.09 15.63 16.30 17.09
30.71 31.20 31.66 32.11 32.55 32.98 33.40 33.83 34.25 34.67 35.09 35.52 35.96 36.41 36.88 37.36 37.86 38.38 38.91 39.42 39.87 40.26 40.57 40.85 41.09 41.29 41.43 41.47 41.38 41.19 40.91 40.53 40.07 39.54 38.95 38.30 37.61 36.89 36.14 35.37 34.60 33.82 33.06 32.31 31.57 30.82 30.08 29.35 28.54 27.62 26.59 25.50 24.35 23.19 22.02 20.85 19.70 18.59 17.53 16.53 15.60 14.76 14.03 13.41 12.92 12.58 12.39 12.38 12.55 12.84 13.17 13.51 13.88 14.31 14.87 15.55 16.39
31.35 31.85 32.33 32.79 33.23 33.66 34.07 34.47 34.87 35.25 35.64 36.02 36.40 36.79 37.18 37.58 37.99 38.42 38.86 39.31 39.73 40.08 40.37 40.61 40.81 40.96 40.99 40.92 40.73 40.45 40.08 39.63 39.10 38.52 37.88 37.20 36.49 35.75 34.99 34.23 33.47 32.72 31.99 31.29 30.62 29.98 29.35 28.74 28.04 27.22 26.30 25.30 24.26 23.17 22.06 20.95 19.84 18.75 17.69 16.67 15.72 14.84 14.05 13.36 12.79 12.35 12.05 11.90 11.93 12.13 12.46 12.82 13.19 13.64 14.21 14.93 15.90
32.06 32.59 33.09 33.57 34.01 34.44 34.84 35.23 35.59 35.95 36.29 36.62 36.95 37.28 37.60 37.92 38.25 38.58 38.92 39.28 39.63 39.95 40.20 40.40 40.55 40.59 40.51 40.33 40.05 39.69 39.24 38.72 38.14 37.52 36.84 36.14 35.41 34.66 33.91 33.16 32.42 31.70 31.01 30.36 29.76 29.22 28.71 28.23 27.66 26.96 26.16 25.28 24.33 23.34 22.30 21.24 20.17 19.11 18.06 17.05 16.07 15.16 14.32 13.57 12.92 12.38 11.97 11.70 11.59 11.64 11.88 12.23 12.61 13.07 13.67 14.53 15.70
32.86 33.43 33.95 34.44 34.89 35.32 35.71 36.08 36.43 36.75 37.06 37.35 37.62 37.89 38.14 38.39 38.63 38.88 39.12 39.37 39.62 39.87 40.08 40.23 40.27 40.19 40.01 39.73 39.37 38.92 38.41 37.84 37.21 36.54 35.84 35.12 34.38 33.64 32.90 32.17 31.46 30.78 30.14 29.56 29.03 28.56 28.17 27.83 27.40 26.85 26.19 25.43 24.60 23.69 22.74 21.74 20.72 19.69 18.66 17.65 16.66 15.72 14.84 14.03 13.31 12.68 12.17 11.78 11.54 11.45 11.52 11.77 12.15 12.63 13.38 14.44 15.80
33.76 34.35 34.90 35.41 35.87 36.30 36.69 37.05 37.37 37.67 37.94 38.19 38.41 38.62 38.81 38.98 39.15 39.30 39.45 39.60 39.74 39.88 40.02 40.06 39.98 39.80 39.52 39.16 38.71 38.20 37.63 37.00 36.34 35.64 34.92 34.19 33.45 32.71 31.99 31.29 30.62 29.99 29.41 28.89 28.44 28.06 27.77 27.55 27.29 26.90 26.38 25.76 25.04 24.23 23.36 22.44 21.47 20.48 19.48 18.47 17.48 16.52 15.61 14.75 13.96 13.25 12.64 12.14 11.77 11.54 11.46 11.55 11.83 12.43 13.39 14.65 16.17
34.69 35.32 35.90 36.43 36.91 37.35 37.74 38.09 38.40 38.67 38.91 39.12 39.30 39.46 39.59 39.70 39.78 39.86 39.92 39.96 40.00 40.06 40.16 40.12 39.93 39.64 39.26 38.80 38.28 37.69 37.06 36.38 35.68 34.95 34.21 33.46 32.72 31.99 31.28 30.61 29.97 29.39 28.87 28.41 28.04 27.74 27.54 27.39 27.24 27.01 26.65 26.16 25.56 24.87 24.09 23.25 22.34 21.40 20.43 19.44 18.45 17.48 16.53 15.63 14.78 14.00 13.30 12.70 12.21 11.84 11.62 11.55 11.73 12.36 13.49 14.93 16.62
35.61 36.29 36.91 37.47 37.97 38.42 38.82 39.17 39.47 39.73 39.95 40.13 40.27 40.38 40.46 40.50 40.53 40.52 40.50 40.45 40.42 40.47 40.56 40.50 40.23 39.82 39.33 38.78 38.17 37.50 36.80 36.07 35.31 34.54 33.77 33.00 32.25 31.52 30.82 30.16 29.56 29.01 28.54 28.14 27.83 27.61 27.45 27.35 27.26 27.14 26.93 26.59 26.12 25.54 24.86 24.10 23.27 22.38 21.44 20.48 19.50 18.53 17.56 16.62 15.72 14.87 14.09 13.39 12.79 12.30 11.94 11.78 11.88 12.44 13.58 15.16 17.00
36.52 37.25 37.91 38.51 39.04 39.51 39.92 40.28 40.58 40.83 41.03 41.19 41.30 41.37 41.40 41.40 41.36 41.28 41.18 41.08 41.05 41.10 41.18 41.12 40.82 40.34 39.74 39.08 38.36 37.61 36.83 36.03 35.22 34.40 33.59 32.79 32.02 31.28 30.58 29.94 29.35 28.84 28.40 28.05 27.79 27.61 27.48 27.42 27.37 27.31 27.20 27.01 26.68 26.22 25.65 24.98 24.23 23.40 22.51 21.58 20.62 19.64 18.66 17.70 16.75 15.85 14.99 14.21 13.50 12.90 12.46 12.24 12.27 12.75 13.79 15.37 17.32
37.40 38.18 38.89 39.53 40.10 40.60 41.03 41.40 41.71 41.96 42.15 42.29 42.38 42.42 42.41 42.36 42.26 42.13 41.99 41.89 41.87 41.92 42.00 41.92 41.62 41.12 40.44 39.67 38.85 38.01 37.14 36.26 35.38 34.51 33.65 32.81 32.01 31.26 30.55 29.91 29.34 28.84 28.44 28.12 27.89 27.72 27.63 27.60 27.59 27.57 27.52 27.43 27.24 26.91 26.45 25.88 25.21 24.45 23.62 22.73 21.79 20.83 19.84 18.85 17.87 16.91 15.99 15.12 14.33 13.66 13.18 12.91 12.89 13.28 14.23 15.69 17.61
38.28 39.08 39.84 40.53 41.14 41.67 42.14 42.52 42.85 43.10 43.29 43.42 43.49 43.50 43.46 43.37 43.23 43.07 42.94 42.88 42.87 42.92 42.99 42.89 42.59 42.08 41.38 40.53 39.60 38.66 37.69 36.73 35.78 34.84 33.92 33.05 32.21 31.43 30.71 30.06 29.49 29.01 28.62 28.31 28.09 27.94 27.87 27.87 27.90 27.92 27.92 27.87 27.78 27.58 27.25 26.79 26.21 25.53 24.76 23.91 23.01 22.06 21.07 20.07 19.06 18.05 17.08 16.14 15.30 14.61 14.10 13.78 13.70 14.02 14.87 16.22 18.01
39.15 39.97 40.75 41.48 42.14 42.72 43.22 43.63 43.97 44.24 44.44 44.56 44.62 44.62 44.55 44.43 44.27 44.14 44.05 44.01 44.01 44.06 44.11 44.01 43.69 43.17 42.47 41.60 40.60 39.54 38.48 37.43 36.39 35.38 34.40 33.47 32.59 31.77 31.03 30.36 29.79 29.31 28.92 28.61 28.38 28.25 28.20 28.24 28.30 28.36 28.39 28.39 28.34 28.24 28.03 27.68 27.20 26.61 25.90 25.11 24.25 23.32 22.34 21.33 20.30 19.26 18.24 17.28 16.43 15.72 15.18 14.82 14.69 14.94 15.70 16.94 18.60
40.00 40.84 41.64 42.40 43.10 43.73 44.26 44.71 45.08 45.37 45.57 45.70 45.76 45.74 45.66 45.53 45.42 45.33 45.28 45.26 45.27 45.32 45.36 45.24 44.91 44.38 43.67 42.80 41.78 40.65 39.48 38.32 37.19 36.10 35.05 34.06 33.13 32.27 31.49 30.80 30.21 29.71 29.31 28.99 28.77 28.64 28.61 28.68 28.77 28.86 28.93 28.97 28.96 28.91 28.79 28.56 28.18 27.68 27.05 26.32 25.50 24.60 23.64 22.63 21.59 20.53 19.50 18.54 17.69 16.97 16.40 16.01 15.83 16.02 16.70 17.83 19.36
40.84 41.70 42.52 43.29 44.01 44.68 45.26 45.75 46.15 46.46 46.69 46.83 46.89 46.87 46.80 46.72 46.67 46.63 46.61 46.61 46.63 46.67 46.69 46.56 46.21 45.67 44.95 44.07 43.05 41.90 40.66 39.40 38.17 36.99 35.86 34.80 33.80 32.89 32.08 31.36 30.73 30.21 29.78 29.45 29.23 29.11 29.10 29.18 29.31 29.43 29.53 29.60 29.63 29.62 29.55 29.40 29.13 28.73 28.19 27.52 26.76 25.90 24.96 23.96 22.91 21.86 20.86 19.91 19.07 18.33 17.74 17.32 17.10 17.24 17.83 18.86 20.27
41.66 42.53 43.37 44.15 44.89 45.57 46.20 46.74 47.18 47.52 47.77 47.93 48.00 48.00 48.00 47.99 47.99 48.00 48.01 48.03 48.05 48.09 48.10 47.94 47.58 47.02 46.29 45.40 44.37 43.22 41.97 40.63 39.30 38.02 36.80 35.66 34.60 33.63 32.77 32.00 31.34 30.78 30.33 29.99 29.76 29.65 29.64 29.75 29.90 30.05 30.18 30.28 30.35 30.37 30.33 30.23 30.05 29.74 29.29 28.71 28.00 27.19 26.28 25.30 24.28 23.27 22.29 21.37 20.53 19.79 19.19 18.74 18.48 18.56 19.09 20.02 21.31
42.45 43.34 44.19 44.98 45.73 46.43 47.07 47.65 48.13 48.52 48.80 48.98 49.09 49.17 49.25 49.31 49.37 49.41 49.45 49.49 49.52 49.54 49.54 49.36 48.98 48.41 47.66 46.76 45.73 44.57 43.31 41.96 40.56 39.18 37.87 36.64 35.50 34.46 33.54 32.72 32.01 31.42 30.95 30.59 30.35 30.24 30.24 30.37 30.54 30.71 30.86 31.00 31.09 31.15 31.15 31.08 30.94 30.71 30.36 29.86 29.22 28.46 27.59 26.66 25.70 24.73 23.78 22.88 22.05 21.32 20.70 20.24 19.95 19.98 20.44 21.28 22.46
43.20 44.11 44.97 45.78 46.54 47.25 47.90 48.49 49.02 49.45 49.77 50.00 50.20 50.37 50.52 50.65 50.76 50.85 50.92 50.97 51.00 51.02 50.99 50.79 50.39 49.80 49.04 48.13 47.08 45.92 44.65 43.30 41.89 40.44 39.02 37.70 36.48 35.37 34.38 33.51 32.76 32.13 31.62 31.24 30.99 30.88 30.89 31.02 31.21 31.40 31.58 31.74 31.86 31.95 31.98 31.95 31.84 31.66 31.37 30.96 30.39 29.70 28.90 28.04 27.14 26.22 25.31 24.44 23.62 22.89 22.28 21.79 21.48 21.47 21.87 22.62 23.69
43.91 44.84 45.72 46.54 47.31 48.03 48.68 49.28 49.82 50.29 50.68 51.01 51.31 51.57 51.80 51.99 52.16 52.28 52.38 52.44 52.48 52.48 52.43 52.21 51.78 51.17 50.40 49.47 48.41 47.24 45.97 44.61 43.19 41.73 40.25 38.83 37.52 36.34 35.28 34.35 33.55 32.88 32.34 31.94 31.68 31.55 31.57 31.71 31.92 32.12 32.32 32.50 32.65 32.76 32.82 32.82 32.75 32.59 32.35 32.00 31.52 30.91 30.20 29.41 28.57 27.71 26.85 26.00 25.21 24.50 23.88 23.39 23.05 23.01 23.34 24.02 24.99
44.59 45.53 46.42 47.26 48.04 48.76 49.43 50.03 50.57 51.07 51.55 52.00 52.40 52.75 53.05 53.31 53.52 53.68 53.80 53.88 53.91 53.90 53.83 53.58 53.13 52.50 51.71 50.77 49.69 48.51 47.23 45.87 44.44 42.98 41.49 40.01 38.62 37.36 36.23 35.24 34.39 33.67 33.10 32.67 32.39 32.25 32.27 32.42 32.64 32.86 33.07 33.27 33.44 33.57 33.66 33.68 33.64 33.52 33.31 33.01 32.60 32.09 31.47 30.76 29.99 29.19 28.37 27.57 26.80 26.10 25.49 25.00 24.65 24.57 24.85 25.45 26.32
45.21 46.17 47.07 47.92 48.71 49.44 50.11 50.72 51.29 51.84 52.40 52.94 53.44 53.88 54.25 54.57 54.83 55.03 55.17 55.26 55.29 55.26 55.16 54.89 54.41 53.76 52.95 51.99 50.90 49.70 48.41 47.04 45.61 44.15 42.67 41.21 39.77 38.43 37.23 36.17 35.26 34.50 33.89 33.43 33.13 32.98 32.98 33.14 33.37 33.60 33.82 34.04 34.22 34.37 34.48 34.53 34.52 34.43 34.25 33.99 33.64 33.21 32.68 32.06 31.37 30.62 29.86 29.10 28.37 27.69 27.09 26.60 26.24 26.13 26.37 26.89 27.67
45.78 46.75 47.67 48.53 49.33 50.07 50.75 51.38 52.00 52.61 53.23 53.83 54.40 54.93 55.37 55.75 56.06 56.29 56.46 56.55 56.57 56.53 56.40 56.10 55.60 54.92 54.09 53.11 52.00 50.79 49.48 48.11 46.68 45.23 43.78 42.33 40.91 39.53 38.26 37.13 36.16 35.35 34.70 34.20 33.87 33.71 33.71 33.87 34.09 34.33 34.57 34.79 34.99 35.16 35.29 35.36 35.37 35.30 35.16 34.94 34.64 34.27 33.82 33.29 32.67 32.00 31.30 30.59 29.89 29.24 28.66 28.17 27.80 27.68 27.87 28.33 29.02
46.28 47.27 48.20 49.07 49.89 50.63 51.34 52.02 52.70 53.37 54.03 54.67 55.29 55.87 56.39 56.83 57.18 57.44 57.63 57.73 57.75 57.69 57.53 57.19 56.66 55.96 55.10 54.10 52.98 51.75 50.43 49.05 47.63 46.21 44.78 43.37 41.98 40.61 39.30 38.11 37.08 36.21 35.51 34.98 34.63 34.44 34.43 34.58 34.81 35.05 35.30 35.53 35.74 35.92 36.06 36.15 36.18 36.14 36.02 35.84 35.59 35.27 34.88 34.42 33.89 33.30 32.66 32.00 31.35 30.73 30.17 29.69 29.32 29.18 29.33 29.73 30.34
46.73 47.73 48.67 49.56 50.38 51.15 51.90 52.64 53.38 54.09 54.78 55.46 56.10 56.71 57.28 57.77 58.16 58.46 58.66 58.77 58.78 58.70 58.51 58.14 57.58 56.85 55.97 54.94 53.80 52.55 51.22 49.86 48.47 47.07 45.68 44.30 42.94 41.61 40.32 39.10 38.00 37.08 36.33 35.76 35.37 35.16 35.14 35.28 35.51 35.75 36.00 36.24 36.45 36.65 36.80 36.90 36.94 36.92 36.83 36.68 36.47 36.19 35.85 35.46 35.00 34.48 33.91 33.31 32.71 32.13 31.59 31.13 30.77 30.61 30.73 31.08 31.61
47.10 48.12 49.07 49.97 50.81 51.63 52.44 53.24 54.01 54.76 55.48 56.17 56.83 57.45 58.03 58.56 58.99 59.32 59.53 59.64 59.65 59.54 59.32 58.92 58.33 57.57 56.65 55.61 54.44 53.18 51.87 50.53 49.17 47.81 46.45 45.10 43.78 42.49 41.24 40.04 38.92 37.94 37.14 36.52 36.10 35.86 35.82 35.96 36.18 36.42 36.66 36.90 37.13 37.32 37.48 37.59 37.64 37.63 37.56 37.43 37.25 37.02 36.73 36.39 35.99 35.55 35.05 34.51 33.96 33.42 32.92 32.47 32.12 31.96 32.05 32.35 32.81
47.40 48.43 49.40 50.31 51.21 52.08 52.94 53.78 54.58 55.36 56.10 56.81 57.47 58.09 58.66 59.18 59.64 59.99 60.22 60.33 60.32 60.19 59.93 59.49 58.87 58.08 57.14 56.06 54.88 53.64 52.36 51.05 49.73 48.40 47.08 45.77 44.48 43.23 42.03 40.87 39.78 38.78 37.93 37.27 36.80 36.54 36.47 36.60 36.81 37.05 37.29 37.52 37.75 37.95 38.10 38.20 38.25 38.24 38.19 38.09 37.93 37.73 37.48 37.19 36.85 36.47 36.04 35.57 35.08 34.58 34.12 33.70 33.36 33.20 33.27 33.52 33.92
47.62 48.66 49.65 50.62 51.56 52.49 53.38 54.25 55.08 55.87 56.62 57.33 57.99 58.60 59.16 59.65 60.09 60.44 60.69 60.80 60.77 60.62 60.32 59.85 59.19 58.37 57.40 56.30 55.14 53.93 52.68 51.41 50.13 48.84 47.55 46.28 45.04 43.83 42.67 41.56 40.52 39.56 38.69 37.98 37.47 37.17 37.09 37.19 37.40 37.62 37.85 38.09 38.30 38.49 38.62 38.71 38.75 38.75 38.71 38.62 38.49 38.31 38.10 37.85 37.56 37.23 36.87 36.47 36.04 35.60 35.17 34.79 34.47 34.31 34.36 34.57 34.91
47.75 48.82 49.86 50.87 51.86 52.82 53.75 54.63 55.48 56.28 57.04 57.74 58.39 58.98 59.50 59.97 60.36 60.68 60.91 61.02 60.98 60.80 60.47 59.95 59.26 58.40 57.41 56.33 55.20 54.03 52.82 51.59 50.35 49.10 47.86 46.63 45.43 44.27 43.16 42.10 41.11 40.19 39.36 38.65 38.10 37.76 37.65 37.74 37.92 38.13 38.36 38.58 38.77 38.92 39.03 39.10 39.14 39.13 39.09 39.01 38.89 38.74 38.56 38.35 38.10 37.82 37.52 37.18 36.82 36.43 36.05 35.71 35.41 35.27 35.30 35.48 35.76
47.80 48.92 50.00 51.06 52.08 53.07 54.02 54.92 55.77 56.57 57.32 58.01 58.63 59.19 59.68 60.10 60.45 60.71 60.89 60.98 60.92 60.71 60.34 59.78 59.05 58.17 57.19 56.15 55.06 53.93 52.76 51.57 50.37 49.17 47.97 46.79 45.64 44.53 43.47 42.46 41.53 40.67 39.89 39.22 38.67 38.30 38.15 38.21 38.38 38.58 38.78 38.97 39.12 39.23 39.31 39.36 39.38 39.36 39.32 39.24 39.14 39.01 38.85 38.67 38.46 38.22 37.97 37.69 37.39 37.07 36.75 36.44 36.18 36.05 36.07 36.22 36.42
47.79 48.95 50.08 51.17 52.21 53.22 54.17 55.08 55.93 56.72 57.45 58.12 58.71 59.24 59.68 60.05 60.34 60.54 60.64 60.66 60.57 60.32 59.91 59.31 58.55 57.68 56.75 55.75 54.70 53.61 52.49 51.34 50.19 49.03 47.89 46.76 45.66 44.60 43.59 42.64 41.76 40.96 40.25 39.64 39.13 38.76 38.58 38.62 38.77 38.94 39.10 39.23 39.33 39.40 39.45 39.47 39.46 39.43 39.38 39.30 39.20 39.08 38.94 38.79 38.61 38.42 38.21 37.98 37.74 37.49 37.22 36.96 36.74 36.63 36.65 36.74 36.87
47.70 48.90 50.06 51.17 52.23 53.25 54.21 55.11 55.94 56.72 57.42 58.05 58.61 59.09 59.48 59.79 60.01 60.13 60.16 60.08 59.91 59.61 59.15 58.52 57.78 56.96 56.06 55.11 54.10 53.06 51.98 50.89 49.78 48.68 47.59 46.51 45.47 44.47 43.52 42.62 41.80 41.06 40.41 39.86 39.42 39.11 38.93 38.94 39.06 39.18 39.27 39.34 39.38 39.41 39.41 39.40 39.37 39.32 39.25 39.16 39.07 38.95 38.83 38.69 38.54 38.38 38.21 38.03 37.85 37.66 37.46 37.26 37.07 36.98 36.97 37.00 37.07
47.52 48.75 49.92 51.05 52.12 53.14 54.09 54.97 55.79 56.54 57.21 57.80 58.30 58.72 59.06 59.29 59.43 59.47 59.41 59.24 58.96 58.56 58.05 57.44 56.74 55.96 55.11 54.21 53.25 52.25 51.23 50.19 49.14 48.09 47.05 46.03 45.05 44.10 43.21 42.38 41.62 40.95 40.36 39.88 39.51 39.26 39.15 39.15 39.20 39.24 39.26 39.26 39.25 39.22 39.18 39.13 39.07 38.99 38.90 38.81 38.71 38.60 38.48 38.36 38.23 38.10 37.97 37.83 37.69 37.56 37.42 37.29 37.16 37.06 37.00 36.98 36.99
47.19 48.43 49.62 50.75 51.82 52.82 53.75 54.61 55.40 56.10 56.72 57.26 57.71 58.06 58.32 58.47 58.53 58.47 58.30 58.02 57.63 57.13 56.60 56.02 55.36 54.63 53.83 52.97 52.06 51.12 50.15 49.16 48.17 47.17 46.19 45.24 44.31 43.43 42.60 41.84 41.14 40.53 40.02 39.60 39.30 39.13 39.05 38.96 38.88 38.84 38.80 38.75 38.69 38.62 38.55 38.47 38.38 38.29 38.20 38.11 38.01 37.91 37.81 37.72 37.63 37.54 37.45 37.37 37.29 37.23 37.16 37.11 37.01 36.88 36.79 36.73 36.70
46.70 47.94 49.12 50.24 51.29 52.26 53.16 53.98 54.72 55.37 55.93 56.40 56.77 57.04 57.21 57.27 57.22 57.05 56.77 56.36 55.85 55.32 54.78 54.22 53.60 52.91 52.16 51.36 50.50 49.61 48.70 47.77 46.83 45.89 44.97 44.08 43.21 42.40 41.63 40.93 40.31 39.77 39.32 38.98 38.75 38.62 38.45 38.16 37.90 37.75 37.67 37.59 37.51 37.43 37.35 37.27 37.19 37.11 37.04 36.97 36.91 36.85 36.80 36.76 36.73 36.70 36.69 36.69 36.70 36.73 36.76 36.76 36.67 36.54 36.41 36.32 36.25
