data_processed/recharge/precip/Precip_2004_11.asc
ncols        168
nrows        136
xllcorner    455000
yllcorner    2107000
cellsize     500
NODATA_value     -99999
[rows 37 to 73 of 136, columns 0 to 83 of 168]
20.41 18.73 16.62 14.16 11.39 8.40 5.24 1.99 0.00 0.00 0.00 0.00 0.00 0.00 0.00 0.00 0.00 0.00 0.00 0.00 0.00 0.00 0.00 0.00 0.00 0.00 0.00 0.00 0.00 0.00 0.00 2.07 5.54 9.06 12.58 15.96 19.01 21.67 23.92 25.74 27.08 27.76 27.71 26.95 25.52 23.45 20.80 17.59 13.87 9.68 5.06 0.49 0.00 0.00 0.00 0.00 0.00 0.00 0.00 0.00 0.00 0.00 0.00 0.00 0.00 0.00 0.00 0.00 0.15 0.98 1.59 2.02 2.30 2.44 2.50 2.50 2.46 2.43 2.39 2.34 2.30 2.25 2.19 2.13
19.07 17.39 15.29 12.83 10.07 7.09 3.96 0.72 0.00 0.00 0.00 0.00 0.00 0.00 0.00 0.00 0.00 0.00 0.00 0.00 0.00 0.00 0.00 0.00 0.00 0.00 0.00 0.00 0.00 0.00 0.00 3.19 6.67 10.19 13.70 17.15 20.40 23.26 25.66 27.56 28.79 29.25 28.98 28.01 26.38 24.13 21.30 17.93 14.06 9.73 4.99 0.30 0.00 0.00 0.00 0.00 0.00 0.00 0.00 0.00 0.00 0.00 0.00 0.00 0.00 0.00 0.00 0.00 0.38 1.21 1.83 2.25 2.53 2.68 2.73 2.73 2.70 2.66 2.62 2.58 2.53 2.48 2.42 2.36
17.69 16.01 13.91 11.46 8.71 5.75 2.63 0.00 0.00 0.00 0.00 0.00 0.00 0.00 0.00 0.00 0.00 0.00 0.00 0.00 0.00 0.00 0.00 0.00 0.00 0.00 0.00 0.00 0.00 0.00 0.86 4.29 7.79 11.29 14.77 18.18 21.47 24.50 27.04 28.88 29.93 30.22 29.78 28.66 26.89 24.51 21.57 18.10 14.14 9.72 4.91 0.16 0.00 0.00 0.00 0.00 0.00 0.00 0.00 0.00 0.00 0.00 0.00 0.00 0.00 0.00 0.00 0.00 0.61 1.45 2.06 2.49 2.77 2.92 2.97 2.97 2.94 2.90 2.86 2.82 2.77 2.71 2.66 2.60
16.27 14.60 12.51 10.06 7.33 4.38 1.28 0.00 0.00 0.00 0.00 0.00 0.00 0.00 0.00 0.00 0.00 0.00 0.00 0.00 0.00 0.00 0.00 0.00 0.00 0.00 0.00 0.00 0.00 0.00 1.94 5.39 8.87 12.35 15.79 19.14 22.36 25.37 27.86 29.57 30.49 30.66 30.12 28.90 27.05 24.61 21.60 18.09 14.09 9.65 4.83 0.08 0.00 0.00 0.00 0.00 0.00 0.00 0.00 0.00 0.00 0.00 0.00 0.00 0.00 0.00 0.00 0.00 0.85 1.69 2.30 2.73 3.01 3.16 3.22 3.21 3.18 3.15 3.11 3.06 3.01 2.96 2.90 2.83
14.85 13.18 11.10 8.66 5.94 3.01 0.00 0.00 0.00 0.00 0.00 0.00 0.00 0.00 0.00 0.00 0.00 0.00 0.00 0.00 0.00 0.00 0.00 0.00 0.00 0.00 0.00 0.00 0.00 0.00 3.01 6.46 9.93 13.37 16.75 20.03 23.12 25.84 28.04 29.63 30.48 30.58 29.99 28.74 26.86 24.40 21.40 17.89 13.92 9.52 4.75 0.05 0.00 0.00 0.00 0.00 0.00 0.00 0.00 0.00 0.00 0.00 0.00 0.00 0.00 0.00 0.00 0.00 1.09 1.93 2.55 2.98 3.25 3.41 3.46 3.46 3.43 3.39 3.35 3.31 3.26 3.20 3.14 3.07
13.44 11.77 9.70 7.27 4.56 1.64 0.00 0.00 0.00 0.00 0.00 0.00 0.00 0.00 0.00 0.00 0.00 0.00 0.00 0.00 0.00 0.00 0.00 0.00 0.00 0.00 0.00 0.00 0.00 0.67 4.07 7.51 10.95 14.34 17.66 20.81 23.60 25.91 27.73 29.08 29.88 29.98 29.40 28.17 26.32 23.91 20.96 17.52 13.63 9.32 4.65 0.07 0.00 0.00 0.00 0.00 0.00 0.00 0.00 0.00 0.00 0.00 0.00 0.00 0.00 0.00 0.00 0.24 1.33 2.17 2.79 3.22 3.50 3.65 3.71 3.71 3.68 3.64 3.60 3.56 3.50 3.45 3.38 3.32
12.06 10.39 8.32 5.91 3.21 0.31 0.00 0.00 0.00 0.00 0.00 0.00 0.00 0.00 0.00 0.00 0.00 0.00 0.00 0.00 0.00 0.00 0.00 0.00 0.00 0.00 0.00 0.00 0.00 1.71 5.11 8.53 11.93 15.27 18.47 21.32 23.69 25.60 27.07 28.11 28.73 28.86 28.34 27.19 25.43 23.12 20.29 16.98 13.22 9.06 4.55 0.14 0.00 0.00 0.00 0.00 0.00 0.00 0.00 0.00 0.00 0.00 0.00 0.00 0.00 0.00 0.00 0.49 1.58 2.42 3.04 3.47 3.75 3.90 3.96 3.96 3.93 3.89 3.85 3.81 3.75 3.69 3.63 3.56
10.72 9.06 7.00 4.59 1.91 0.00 0.00 0.00 0.00 0.00 0.00 0.00 0.00 0.00 0.00 0.00 0.00 0.00 0.00 0.00 0.00 0.00 0.00 0.00 0.00 0.00 0.00 0.00 0.00 2.75 6.13 9.52 12.86 16.09 18.99 21.43 23.41 24.96 26.10 26.84 27.22 27.24 26.81 25.79 24.19 22.04 19.37 16.24 12.68 8.73 4.44 0.25 0.00 0.00 0.00 0.00 0.00 0.00 0.00 0.00 0.00 0.00 0.00 0.00 0.00 0.00 0.00 0.78 1.82 2.66 3.28 3.72 3.99 4.15 4.21 4.21 4.18 4.14 4.10 4.05 4.00 3.94 3.87 3.80
9.44 7.79 5.73 3.34 0.67 0.00 0.00 0.00 0.00 0.00 0.00 0.00 0.00 0.00 0.00 0.00 0.00 0.00 0.00 0.00 0.00 0.00 0.00 0.00 0.00 0.00 0.00 0.00 0.45 3.78 7.13 10.47 13.72 16.64 19.12 21.16 22.78 24.00 24.84 25.33 25.48 25.32 24.85 23.99 22.59 20.65 18.22 15.33 12.03 8.34 4.32 0.42 0.00 0.00 0.00 0.00 0.00 0.00 0.00 0.00 0.00 0.00 0.00 0.00 0.00 0.00 0.34 1.24 2.11 2.90 3.52 3.96 4.24 4.39 4.45 4.45 4.42 4.39 4.35 4.30 4.24 4.18 4.11 4.04
8.24 6.59 4.55 2.16 0.00 0.00 0.00 0.00 0.00 0.00 0.00 0.00 0.00 0.00 0.00 0.00 0.00 0.00 0.00 0.00 0.00 0.00 0.00 0.00 0.00 0.00 0.00 0.00 1.48 4.79 8.10 11.34 14.29 16.80 18.88 20.55 21.84 22.76 23.34 23.60 23.55 23.23 22.64 21.81 20.64 18.97 16.83 14.24 11.24 7.88 4.20 0.63 0.00 0.00 0.00 0.00 0.00 0.00 0.00 0.00 0.00 0.00 0.00 0.00 0.00 0.41 1.14 1.85 2.53 3.18 3.76 4.20 4.48 4.64 4.70 4.70 4.67 4.63 4.59 4.54 4.49 4.42 4.35 4.27
7.14 5.50 3.46 1.09 0.00 0.00 0.00 0.00 0.00 0.00 0.00 0.00 0.00 0.00 0.00 0.00 0.00 0.00 0.00 0.00 0.00 0.00 0.00 0.00 0.00 0.00 0.00 0.00 2.50 5.77 9.00 11.94 14.46 16.57 18.28 19.62 20.61 21.26 21.61 21.67 21.46 21.01 20.33 19.44 18.36 17.00 15.20 12.96 10.33 7.35 4.06 0.89 0.00 0.00 0.00 0.00 0.00 0.00 0.00 0.00 0.00 0.00 0.00 0.26 0.86 1.45 2.02 2.56 3.08 3.57 4.03 4.44 4.72 4.87 4.93 4.93 4.90 4.87 4.83 4.78 4.72 4.66 4.58 4.50
6.15 4.51 2.49 0.18 0.00 0.00 0.00 0.00 0.00 0.00 0.00 0.00 0.00 0.00 0.00 0.00 0.00 0.00 0.00 0.00 0.00 0.00 0.00 0.00 0.00 0.00 0.00 0.28 3.50 6.69 9.62 12.14 14.25 15.99 17.36 18.40 19.12 19.54 19.69 19.58 19.24 18.69 17.94 17.03 15.96 14.76 13.32 11.50 9.29 6.75 3.90 1.20 0.00 0.00 0.00 0.00 0.00 0.00 0.00 0.00 0.08 0.59 1.08 1.56 2.02 2.47 2.90 3.30 3.69 4.05 4.38 4.69 4.95 5.10 5.17 5.17 5.14 5.10 5.06 5.01 4.95 4.89 4.81 4.71
5.29 3.66 1.70 0.00 0.00 0.00 0.00 0.00 0.00 0.00 0.00 0.00 0.00 0.00 0.00 0.00 0.00 0.00 0.00 0.00 0.00 0.00 0.00 0.00 0.00 0.00 0.00 1.30 4.45 7.34 9.84 11.95 13.69 15.09 16.16 16.92 17.41 17.63 17.60 17.36 16.92 16.30 15.52 14.60 13.57 12.45 11.24 9.85 8.13 6.07 3.74 1.55 0.06 0.00 0.00 0.00 0.02 0.42 0.82 1.22 1.61 1.99 2.36 2.73 3.07 3.41 3.73 4.02 4.30 4.56 4.80 5.01 5.19 5.33 5.39 5.39 5.36 5.33 5.29 5.24 5.18 5.11 5.02 4.91
4.58 3.02 1.28 0.00 0.00 0.00 0.00 0.00 0.00 0.00 0.00 0.00 0.00 0.00 0.00 0.00 0.00 0.00 0.00 0.00 0.00 0.00 0.00 0.00 0.00 0.00 0.00 2.27 5.12 7.58 9.67 11.41 12.81 13.89 14.69 15.22 15.49 15.54 15.38 15.03 14.52 13.87 13.09 12.20 11.24 10.21 9.15 8.06 6.83 5.33 3.56 1.94 1.03 0.84 1.07 1.36 1.66 1.96 2.26 2.56 2.85 3.14 3.42 3.69 3.96 4.21 4.44 4.66 4.86 5.05 5.21 5.35 5.47 5.56 5.61 5.61 5.58 5.55 5.50 5.45 5.39 5.30 5.20 5.07
4.10 2.76 1.28 0.00 0.00 0.00 0.00 0.00 0.00 0.00 0.00 0.00 0.00 0.00 0.00 0.00 0.00 0.00 0.00 0.00 0.00 0.00 0.00 0.00 0.00 0.00 0.19 2.97 5.39 7.44 9.15 10.54 11.63 12.44 12.99 13.31 13.41 13.32 13.05 12.63 12.08 11.42 10.67 9.85 8.99 8.09 7.19 6.31 5.45 4.52 3.37 2.38 2.07 2.20 2.41 2.63 2.85 3.07 3.30 3.53 3.75 3.98 4.19 4.41 4.61 4.80 4.99 5.15 5.31 5.44 5.56 5.66 5.74 5.79 5.82 5.82 5.79 5.75 5.71 5.66 5.58 5.48 5.36 5.22
4.03 2.96 1.74 0.39 0.00 0.00 0.00 0.00 0.00 0.00 0.00 0.00 0.00 0.00 0.00 0.00 0.00 0.00 0.00 0.00 0.00 0.00 0.00 0.00 0.00 0.00 0.91 3.26 5.26 6.93 8.29 9.37 10.18 10.75 11.09 11.23 11.19 10.99 10.65 10.19 9.63 9.00 8.31 7.58 6.84 6.11 5.41 4.76 4.17 3.67 3.16 2.83 2.89 3.03 3.18 3.35 3.52 3.70 3.88 4.06 4.25 4.44 4.62 4.80 4.97 5.14 5.30 5.44 5.57 5.69 5.80 5.88 5.95 5.99 6.01 6.01 5.98 5.95 5.90 5.83 5.74 5.62 5.49 5.33
4.42 3.62 2.64 1.51 0.26 0.00 0.00 0.00 0.00 0.00 0.00 0.00 0.00 0.00 0.00 0.00 0.00 0.00 0.00 0.00 0.00 0.00 0.00 0.00 0.00 0.00 1.25 3.18 4.79 6.11 7.16 7.96 8.52 8.87 9.03 9.03 8.87 8.59 8.21 7.74 7.20 6.62 6.03 5.43 4.85 4.31 3.84 3.44 3.16 3.00 2.96 3.01 3.11 3.22 3.35 3.49 3.64 3.80 3.96 4.13 4.31 4.48 4.66 4.83 5.00 5.17 5.33 5.48 5.62 5.74 5.86 5.96 6.04 6.10 6.14 6.16 6.16 6.13 6.07 5.99 5.88 5.74 5.59 5.42
4.91 4.38 3.64 2.73 1.68 0.52 0.00 0.00 0.00 0.00 0.00 0.00 0.00 0.00 0.00 0.00 0.00 0.00 0.00 0.00 0.00 0.00 0.00 0.00 0.00 0.00 1.50 3.03 4.28 5.27 6.02 6.55 6.89 7.04 7.05 6.91 6.67 6.33 5.92 5.45 4.96 4.46 3.98 3.52 3.12 2.80 2.57 2.46 2.49 2.66 2.84 2.92 3.00 3.10 3.21 3.34 3.48 3.63 3.79 3.95 4.13 4.31 4.49 4.67 4.85 5.02 5.19 5.36 5.52 5.67 5.81 5.93 6.04 6.13 6.21 6.27 6.31 6.34 6.28 6.18 6.05 5.90 5.73 5.54
5.19 4.92 4.43 3.75 2.91 1.93 0.85 0.00 0.00 0.00 0.00 0.00 0.00 0.00 0.00 0.00 0.00 0.00 0.00 0.00 0.00 0.00 0.00 0.00 0.00 0.40 1.93 3.09 3.98 4.65 5.11 5.39 5.50 5.47 5.32 5.07 4.74 4.35 3.93 3.48 3.05 2.63 2.27 1.97 1.75 1.65 1.68 1.86 2.20 2.56 2.76 2.84 2.91 2.99 3.08 3.19 3.32 3.46 3.61 3.78 3.95 4.12 4.30 4.49 4.68 4.86 5.05 5.23 5.40 5.57 5.73 5.88 6.01 6.14 6.24 6.34 6.46 6.56 6.57 6.46 6.31 6.14 5.95 5.75
5.29 5.23 4.99 4.55 3.92 3.13 2.23 1.22 0.16 0.00 0.00 0.00 0.00 0.00 0.00 0.00 0.00 0.00 0.00 0.00 0.00 0.00 0.00 0.00 0.00 1.10 2.45 3.33 3.89 4.24 4.43 4.46 4.37 4.16 3.87 3.51 3.11 2.68 2.24 1.83 1.45 1.13 0.89 0.76 0.74 0.87 1.17 1.63 2.15 2.52 2.70 2.77 2.83 2.90 2.98 3.07 3.18 3.31 3.45 3.61 3.77 3.95 4.13 4.32 4.51 4.70 4.89 5.09 5.27 5.46 5.64 5.81 5.97 6.11 6.26 6.42 6.61 6.79 6.86 6.81 6.66 6.46 6.25 6.03
5.38 5.37 5.33 5.12 4.72 4.13 3.40 2.56 1.63 0.65 0.00 0.00 0.00 0.00 0.00 0.00 0.00 0.00 0.00 0.00 0.00 0.00 0.00 0.00 0.07 1.75 2.94 3.67 3.99 4.06 3.97 3.77 3.47 3.10 2.67 2.21 1.74 1.28 0.85 0.47 0.17 0.00 0.00 0.00 0.08 0.45 1.01 1.63 2.14 2.49 2.66 2.72 2.78 2.84 2.90 2.98 3.07 3.19 3.32 3.46 3.62 3.79 3.96 4.15 4.34 4.54 4.74 4.94 5.14 5.34 5.53 5.72 5.90 6.08 6.28 6.51 6.76 7.01 7.15 7.16 7.06 6.86 6.62 6.37
5.51 5.50 5.51 5.48 5.30 4.92 4.38 3.70 2.92 2.06 1.16 0.24 0.00 0.00 0.00 0.00 0.00 0.00 0.00 0.00 0.00 0.00 0.00 0.00 0.84 2.34 3.38 3.99 4.20 4.06 3.73 3.30 2.81 2.28 1.73 1.18 0.65 0.17 0.00 0.00 0.00 0.00 0.00 0.00 0.00 0.37 1.06 1.67 2.14 2.47 2.63 2.68 2.73 2.79 2.85 2.91 2.99 3.09 3.20 3.33 3.48 3.64 3.81 3.99 4.18 4.38 4.58 4.79 5.00 5.21 5.41 5.62 5.82 6.06 6.32 6.61 6.92 7.22 7.42 7.49 7.45 7.29 7.05 6.78
5.66 5.66 5.67 5.69 5.68 5.51 5.16 4.66 4.03 3.30 2.51 1.68 0.85 0.04 0.00 0.00 0.00 0.00 0.00 0.00 0.00 0.00 0.00 0.07 1.54 2.88 3.78 4.27 4.39 4.18 3.68 3.05 2.37 1.69 1.03 0.40 0.00 0.00 0.00 0.00 0.00 0.00 0.00 0.00 0.00 0.49 1.15 1.72 2.16 2.46 2.61 2.66 2.70 2.76 2.81 2.87 2.94 3.01 3.11 3.22 3.36 3.51 3.67 3.85 4.03 4.23 4.43 4.64 4.86 5.07 5.29 5.52 5.77 6.05 6.37 6.71 7.07 7.43 7.68 7.81 7.82 7.72 7.51 7.22
5.85 5.85 5.86 5.88 5.91 5.90 5.75 5.43 4.95 4.37 3.69 2.96 2.20 1.44 0.72 0.07 0.00 0.00 0.00 0.00 0.00 0.00 0.00 0.88 2.18 3.36 4.13 4.52 4.56 4.29 3.75 2.99 2.16 1.33 0.56 0.00 0.00 0.00 0.00 0.00 0.00 0.00 0.00 0.00 0.00 0.64 1.26 1.77 2.18 2.46 2.60 2.65 2.69 2.74 2.79 2.85 2.91 2.97 3.05 3.15 3.26 3.40 3.55 3.72 3.90 4.09 4.29 4.50 4.72 4.94 5.17 5.44 5.74 6.07 6.43 6.81 7.23 7.63 7.93 8.10 8.16 8.10 7.94 7.69
6.05 6.06 6.07 6.09 6.12 6.15 6.15 6.01 5.70 5.26 4.70 4.08 3.40 2.71 2.03 1.39 0.83 0.37 0.04 0.00 0.00 0.21 0.76 1.61 2.76 3.79 4.44 4.73 4.69 4.38 3.82 3.06 2.14 1.19 0.32 0.00 0.00 0.00 0.00 0.00 0.00 0.00 0.00 0.00 0.18 0.81 1.36 1.84 2.21 2.47 2.60 2.64 2.68 2.73 2.78 2.83 2.89 2.95 3.02 3.10 3.20 3.31 3.45 3.61 3.78 3.96 4.16 4.37 4.58 4.82 5.08 5.39 5.73 6.10 6.50 6.92 7.38 7.82 8.16 8.37 8.47 8.46 8.34 8.12
6.29 6.29 6.30 6.32 6.35 6.38 6.41 6.40 6.27 5.98 5.56 5.04 4.45 3.82 3.19 2.58 2.02 1.54 1.18 0.97 0.94 1.13 1.56 2.28 3.28 4.17 4.70 4.90 4.81 4.46 3.89 3.13 2.24 1.26 0.31 0.00 0.00 0.00 0.00 0.00 0.00 0.00 0.00 0.00 0.41 0.97 1.48 1.91 2.25 2.49 2.61 2.65 2.69 2.73 2.78 2.83 2.89 2.95 3.01 3.08 3.16 3.26 3.38 3.52 3.68 3.85 4.04 4.25 4.47 4.73 5.03 5.36 5.74 6.14 6.57 7.03 7.52 7.99 8.37 8.62 8.75 8.77 8.69 8.51
6.54 6.54 6.56 6.57 6.60 6.62 6.65 6.67 6.66 6.53 6.24 5.84 5.35 4.80 4.22 3.64 3.09 2.60 2.21 1.95 1.86 1.96 2.29 2.89 3.74 4.50 4.93 5.05 4.90 4.52 3.94 3.21 2.37 1.44 0.49 0.00 0.00 0.00 0.00 0.00 0.00 0.00 0.00 0.13 0.65 1.14 1.59 1.98 2.30 2.52 2.63 2.66 2.70 2.74 2.79 2.84 2.90 2.96 3.02 3.09 3.16 3.24 3.34 3.46 3.60 3.77 3.95 4.15 4.39 4.68 5.00 5.37 5.76 6.19 6.65 7.14 7.65 8.16 8.56 8.84 9.00 9.05 8.99 8.84
6.81 6.81 6.82 6.84 6.86 6.88 6.90 6.92 6.93 6.91 6.77 6.49 6.11 5.64 5.12 4.57 4.04 3.55 3.14 2.84 2.68 2.71 2.94 3.43 4.15 4.79 5.12 5.17 4.97 4.57 4.00 3.30 2.51 1.67 0.81 0.00 0.00 0.00 0.00 0.00 0.00 0.00 0.00 0.43 0.88 1.31 1.71 2.06 2.35 2.55 2.65 2.69 2.72 2.76 2.81 2.86 2.92 2.98 3.04 3.11 3.17 3.25 3.33 3.43 3.55 3.70 3.88 4.09 4.36 4.66 5.01 5.39 5.81 6.26 6.74 7.25 7.78 8.31 8.73 9.03 9.21 9.28 9.25 9.12
7.09 7.10 7.11 7.12 7.13 7.15 7.16 7.17 7.18 7.18 7.14 6.99 6.72 6.33 5.87 5.37 4.87 4.38 3.96 3.63 3.42 3.38 3.53 3.91 4.51 5.03 5.27 5.26 5.02 4.61 4.05 3.39 2.66 1.91 1.17 0.48 0.00 0.00 0.00 0.00 0.00 0.04 0.38 0.74 1.12 1.49 1.83 2.14 2.40 2.58 2.68 2.71 2.75 2.79 2.84 2.89 2.95 3.01 3.07 3.14 3.21 3.28 3.35 3.43 3.54 3.67 3.86 4.09 4.36 4.68 5.04 5.44 5.87 6.34 6.83 7.35 7.90 8.44 8.87 9.19 9.38 9.47 9.46 9.35
7.39 7.39 7.40 7.41 7.42 7.42 7.43 7.43 7.43 7.42 7.40 7.34 7.18 6.88 6.50 6.05 5.57 5.11 4.68 4.33 4.08 3.98 4.05 4.32 4.81 5.23 5.39 5.32 5.05 4.63 4.10 3.49 2.83 2.18 1.56 1.02 0.59 0.32 0.22 0.24 0.34 0.53 0.77 1.05 1.35 1.66 1.96 2.23 2.46 2.62 2.71 2.75 2.78 2.82 2.87 2.93 2.98 3.04 3.11 3.18 3.25 3.32 3.39 3.47 3.56 3.70 3.89 4.12 4.41 4.73 5.10 5.50 5.94 6.42 6.92 7.45 8.00 8.55 8.99 9.32 9.52 9.62 9.62 9.52
7.70 7.70 7.70 7.70 7.71 7.71 7.70 7.70 7.68 7.66 7.63 7.58 7.49 7.29 6.98 6.60 6.17 5.72 5.30 4.93 4.65 4.50 4.50 4.69 5.07 5.39 5.48 5.36 5.07 4.65 4.15 3.59 3.02 2.48 1.99 1.61 1.36 1.19 1.03 0.93 0.93 1.00 1.15 1.35 1.58 1.83 2.08 2.31 2.51 2.66 2.74 2.78 2.82 2.86 2.91 2.97 3.03 3.09 3.16 3.23 3.30 3.37 3.45 3.53 3.64 3.78 3.97 4.21 4.49 4.82 5.18 5.59 6.03 6.50 7.01 7.54 8.10 8.64 9.09 9.41 9.62 9.72 9.72 9.63
8.01 8.01 8.01 8.01 8.00 7.99 7.98 7.96 7.94 7.90 7.85 7.78 7.69 7.56 7.34 7.02 6.64 6.23 5.82 5.45 5.14 4.94 4.88 4.99 5.28 5.51 5.53 5.37 5.07 4.67 4.20 3.71 3.23 2.80 2.46 2.23 2.09 1.94 1.78 1.61 1.50 1.48 1.53 1.65 1.81 2.00 2.20 2.39 2.57 2.70 2.78 2.82 2.86 2.91 2.96 3.01 3.08 3.14 3.21 3.29 3.36 3.44 3.52 3.63 3.76 3.91 4.10 4.33 4.61 4.93 5.29 5.69 6.13 6.60 7.10 7.62 8.17 8.72 9.16 9.48 9.68 9.78 9.77 9.67
8.33 8.33 8.32 8.31 8.30 8.28 8.26 8.23 8.19 8.13 8.06 7.96 7.85 7.72 7.57 7.32 7.00 6.63 6.24 5.87 5.55 5.32 5.20 5.24 5.44 5.59 5.55 5.36 5.06 4.68 4.26 3.84 3.46 3.15 2.95 2.82 2.70 2.56 2.40 2.23 2.06 1.94 1.90 1.94 2.03 2.16 2.32 2.47 2.62 2.74 2.81 2.86 2.90 2.95 3.00 3.07 3.13 3.20 3.27 3.35 3.43 3.52 3.62 3.75 3.91 4.08 4.27 4.50 4.76 5.07 5.42 5.81 6.23 6.69 7.18 7.69 8.23 8.76 9.19 9.50 9.70 9.78 9.77 9.66
8.66 8.65 8.63 8.62 8.59 8.57 8.53 8.49 8.43 8.35 8.25 8.13 8.00 7.85 7.69 7.51 7.25 6.93 6.57 6.21 5.88 5.62 5.46 5.44 5.55 5.63 5.55 5.34 5.04 4.69 4.32 3.98 3.71 3.53 3.41 3.30 3.17 3.04 2.89 2.73 2.56 2.39 2.27 2.23 2.25 2.32 2.43 2.55 2.67 2.78 2.85 2.89 2.94 2.99 3.05 3.12 3.19 3.26 3.34 3.42 3.51 3.62 3.75 3.90 4.07 4.27 4.47 4.70 4.95 5.24 5.57 5.94 6.35 6.79 7.25 7.75 8.27 8.79 9.20 9.49 9.67 9.74 9.71 9.58
8.98 8.96 8.94 8.92 8.89 8.85 8.80 8.74 8.65 8.55 8.42 8.28 8.13 7.96 7.79 7.60 7.39 7.12 6.81 6.47 6.14 5.86 5.66 5.58 5.62 5.64 5.52 5.29 5.00 4.69 4.39 4.14 3.97 3.87 3.76 3.65 3.53 3.40 3.26 3.11 2.95 2.79 2.62 2.50 2.46 2.48 2.54 2.62 2.72 2.81 2.88 2.93 2.98 3.04 3.10 3.17 3.25 3.33 3.41 3.50 3.61 3.74 3.90 4.07 4.26 4.46 4.68 4.92 5.16 5.43 5.74 6.09 6.47 6.88 7.32 7.80 8.29 8.78 9.17 9.44 9.59 9.64 9.59 9.44
9.30 9.27 9.25 9.21 9.17 9.12 9.06 8.97 8.86 8.73 8.58 8.42 8.24 8.06 7.86 7.66 7.45 7.22 6.95 6.64 6.32 6.03 5.80 5.67 5.66 5.61 5.46 5.23 4.96 4.70 4.47 4.31 4.21 4.11 4.00 3.89 3.77 3.64 3.51 3.37 3.23 3.08 2.92 2.77 2.66 2.62 2.64 2.69 2.76 2.84 2.91 2.96 3.02 3.08 3.15 3.23 3.31 3.39 3.49 3.60 3.73 3.88 4.05 4.24 4.45 4.66 4.89 5.14 5.39 5.65 5.93 6.24 6.59 6.97 7.38 7.83 8.29 8.75 9.11 9.35 9.47 9.49 9.41 9.23
9.61 9.58 9.55 9.50 9.45 9.38 9.29 9.17 9.04 8.88 8.71 8.53 8.33 8.13 7.91 7.69 7.47 7.24 7.00 6.72 6.42 6.13 5.89 5.72 5.65 5.56 5.38 5.15 4.92 4.70 4.55 4.45 4.35 4.24 4.13 4.02 3.90 3.78 3.66 3.53 3.40 3.26 3.13 2.99 2.85 2.76 2.73 2.75 2.80 2.86 2.93 2.99 3.05 3.12 3.20 3.28 3.37 3.46 3.58 3.71 3.86 4.03 4.22 4.42 4.64 4.86 5.10 5.35 5.60 5.86 6.12 6.40 6.71 7.06 7.44 7.84 8.27 8.69 9.01 9.21 9.30 9.28 9.17 8.97
