data_processed/recharge/precip/Precip_1998_04.asc
ncols        168
nrows        136
xllcorner    455000
yllcorner    2107000
cellsize     500
NODATA_value     -99999
[rows 38 to 75 of 136, columns 0 to 83 of 168]
3.71 3.75 3.78 3.82 3.85 3.87 3.89 3.89 3.90 3.90 3.89 3.89 3.88 3.86 3.85 3.83 3.80 3.77 3.73 3.69 3.64 3.58 3.53 3.47 3.41 3.34 3.27 3.20 3.13 3.07 3.01 2.96 2.95 2.97 3.02 3.11 3.22 3.37 3.54 3.74 3.96 4.21 4.48 4.77 5.08 5.40 5.73 6.08 6.42 6.76 7.08 7.36 7.61 7.82 8.00 8.14 8.24 8.30 8.33 8.33 8.31 8.26 8.17 8.06 7.91 7.73 7.52 7.28 7.01 6.71 6.39 6.03 5.64 5.23 4.78 4.31 3.85 3.38 2.92 2.47 2.02 1.59 1.18 0.79
3.65 3.69 3.73 3.78 3.82 3.85 3.88 3.90 3.91 3.92 3.93 3.93 3.93 3.93 3.92 3.91 3.88 3.85 3.81 3.77 3.72 3.67 3.61 3.56 3.49 3.43 3.36 3.29 3.22 3.15 3.09 3.04 3.00 3.00 3.03 3.09 3.19 3.33 3.49 3.68 3.90 4.15 4.42 4.72 5.03 5.36 5.71 6.06 6.42 6.78 7.11 7.41 7.67 7.91 8.10 8.26 8.38 8.45 8.48 8.48 8.45 8.39 8.30 8.18 8.02 7.83 7.61 7.36 7.08 6.78 6.44 6.07 5.67 5.24 4.78 4.30 3.82 3.35 2.88 2.41 1.96 1.52 1.10 0.70
3.58 3.63 3.68 3.73 3.78 3.83 3.87 3.90 3.93 3.95 3.97 3.98 4.00 4.00 4.00 3.99 3.97 3.94 3.90 3.86 3.81 3.76 3.70 3.64 3.58 3.51 3.44 3.37 3.30 3.24 3.18 3.12 3.08 3.05 3.06 3.10 3.18 3.30 3.45 3.63 3.85 4.09 4.37 4.66 4.98 5.32 5.67 6.03 6.40 6.77 7.11 7.42 7.71 7.96 8.17 8.34 8.47 8.56 8.60 8.60 8.57 8.50 8.40 8.27 8.10 7.90 7.67 7.42 7.13 6.82 6.47 6.10 5.69 5.24 4.77 4.28 3.79 3.30 2.82 2.35 1.89 1.45 1.02 0.61
3.52 3.57 3.63 3.69 3.75 3.81 3.87 3.92 3.96 3.99 4.02 4.05 4.08 4.09 4.09 4.08 4.06 4.03 3.99 3.95 3.90 3.85 3.79 3.74 3.67 3.60 3.53 3.46 3.39 3.33 3.26 3.21 3.16 3.13 3.11 3.13 3.19 3.29 3.43 3.60 3.81 4.05 4.31 4.61 4.92 5.26 5.62 5.99 6.37 6.74 7.09 7.42 7.71 7.97 8.19 8.38 8.52 8.62 8.68 8.68 8.65 8.57 8.47 8.32 8.15 7.95 7.72 7.46 7.16 6.84 6.49 6.10 5.68 5.23 4.74 4.24 3.74 3.25 2.76 2.28 1.82 1.37 0.94 0.53
3.45 3.51 3.58 3.65 3.72 3.80 3.87 3.94 4.00 4.05 4.09 4.13 4.16 4.18 4.18 4.17 4.15 4.12 4.09 4.04 4.00 3.94 3.89 3.83 3.77 3.70 3.63 3.55 3.48 3.41 3.35 3.29 3.25 3.21 3.19 3.19 3.22 3.30 3.42 3.58 3.77 4.00 4.27 4.55 4.87 5.20 5.56 5.93 6.32 6.70 7.05 7.39 7.69 7.95 8.19 8.38 8.53 8.65 8.71 8.73 8.69 8.61 8.50 8.35 8.17 7.97 7.73 7.47 7.17 6.85 6.49 6.09 5.66 5.20 4.70 4.19 3.69 3.19 2.69 2.21 1.74 1.29 0.86 0.45
3.38 3.45 3.52 3.61 3.69 3.78 3.87 3.96 4.04 4.11 4.18 4.22 4.25 4.27 4.27 4.27 4.25 4.22 4.18 4.14 4.09 4.04 3.98 3.92 3.86 3.79 3.72 3.64 3.57 3.50 3.44 3.38 3.33 3.29 3.27 3.26 3.27 3.33 3.43 3.57 3.76 3.97 4.22 4.50 4.81 5.14 5.49 5.86 6.25 6.63 6.99 7.33 7.63 7.91 8.14 8.34 8.50 8.62 8.69 8.72 8.69 8.61 8.50 8.35 8.17 7.97 7.73 7.46 7.17 6.83 6.47 6.07 5.63 5.16 4.65 4.13 3.62 3.11 2.61 2.13 1.66 1.20 0.77 0.36
3.31 3.39 3.47 3.57 3.67 3.77 3.88 3.99 4.09 4.19 4.26 4.31 4.35 4.36 4.37 4.36 4.34 4.32 4.28 4.24 4.19 4.14 4.08 4.02 3.95 3.88 3.81 3.73 3.66 3.59 3.52 3.46 3.41 3.37 3.35 3.34 3.35 3.38 3.46 3.59 3.75 3.95 4.19 4.45 4.75 5.07 5.42 5.79 6.17 6.55 6.91 7.25 7.55 7.83 8.07 8.27 8.43 8.55 8.63 8.66 8.64 8.57 8.47 8.32 8.15 7.94 7.71 7.44 7.14 6.80 6.43 6.02 5.58 5.10 4.59 4.07 3.55 3.03 2.53 2.04 1.57 1.12 0.68 0.28
3.24 3.33 3.42 3.53 3.65 3.77 3.90 4.02 4.15 4.25 4.34 4.40 4.44 4.46 4.46 4.46 4.44 4.41 4.38 4.33 4.28 4.23 4.17 4.11 4.04 3.97 3.89 3.82 3.74 3.67 3.60 3.54 3.49 3.45 3.42 3.42 3.43 3.46 3.52 3.62 3.76 3.94 4.16 4.41 4.69 5.01 5.34 5.70 6.08 6.46 6.81 7.15 7.45 7.72 7.96 8.16 8.32 8.45 8.52 8.55 8.55 8.50 8.41 8.27 8.10 7.90 7.66 7.39 7.09 6.75 6.38 5.97 5.52 5.04 4.52 3.99 3.46 2.95 2.44 1.95 1.48 1.02 0.59 0.19
3.18 3.27 3.38 3.50 3.63 3.77 3.92 4.06 4.20 4.31 4.41 4.48 4.53 4.55 4.56 4.55 4.54 4.51 4.47 4.43 4.38 4.32 4.26 4.20 4.13 4.06 3.98 3.90 3.82 3.75 3.68 3.62 3.56 3.52 3.50 3.49 3.51 3.54 3.59 3.67 3.78 3.94 4.14 4.37 4.64 4.94 5.26 5.61 5.98 6.35 6.70 7.02 7.32 7.59 7.82 8.02 8.18 8.30 8.37 8.41 8.41 8.38 8.31 8.19 8.03 7.83 7.60 7.33 7.03 6.69 6.31 5.90 5.45 4.96 4.43 3.90 3.37 2.85 2.34 1.85 1.38 0.93 0.50 0.11
3.11 3.22 3.34 3.48 3.62 3.78 3.95 4.10 4.24 4.36 4.46 4.54 4.60 4.64 4.65 4.65 4.63 4.60 4.57 4.52 4.47 4.41 4.35 4.29 4.21 4.14 4.06 3.98 3.90 3.82 3.75 3.69 3.64 3.60 3.58 3.57 3.58 3.61 3.66 3.73 3.82 3.96 4.13 4.34 4.59 4.87 5.17 5.51 5.86 6.22 6.56 6.88 7.17 7.42 7.65 7.84 7.99 8.11 8.19 8.24 8.25 8.23 8.17 8.08 7.93 7.74 7.51 7.25 6.94 6.61 6.23 5.82 5.36 4.87 4.34 3.80 3.27 2.75 2.24 1.75 1.28 0.84 0.42 0.03
3.05 3.17 3.31 3.46 3.62 3.80 3.97 4.12 4.27 4.39 4.50 4.60 4.67 4.71 4.74 4.74 4.72 4.69 4.66 4.61 4.56 4.50 4.44 4.37 4.29 4.22 4.13 4.05 3.97 3.89 3.82 3.75 3.70 3.67 3.65 3.64 3.66 3.69 3.73 3.80 3.88 3.99 4.13 4.32 4.54 4.80 5.09 5.40 5.74 6.09 6.41 6.72 6.99 7.24 7.45 7.63 7.78 7.89 7.98 8.04 8.06 8.06 8.01 7.93 7.80 7.63 7.41 7.15 6.85 6.51 6.13 5.72 5.26 4.77 4.24 3.70 3.16 2.64 2.14 1.65 1.19 0.74 0.34 0.00
3.00 3.13 3.28 3.45 3.63 3.80 3.97 4.13 4.28 4.41 4.53 4.63 4.71 4.77 4.81 4.82 4.81 4.78 4.74 4.69 4.64 4.58 4.51 4.44 4.37 4.29 4.20 4.12 4.03 3.95 3.88 3.82 3.77 3.74 3.72 3.71 3.73 3.75 3.80 3.86 3.93 4.03 4.15 4.30 4.50 4.73 5.00 5.29 5.61 5.94 6.25 6.54 6.80 7.03 7.23 7.39 7.53 7.65 7.75 7.81 7.85 7.85 7.82 7.75 7.64 7.48 7.28 7.03 6.73 6.40 6.02 5.61 5.16 4.66 4.13 3.58 3.05 2.53 2.03 1.55 1.09 0.66 0.29 0.00
2.95 3.09 3.26 3.44 3.62 3.80 3.97 4.13 4.28 4.42 4.54 4.65 4.74 4.81 4.86 4.88 4.88 4.86 4.82 4.77 4.72 4.65 4.59 4.51 4.43 4.35 4.26 4.18 4.09 4.01 3.94 3.88 3.84 3.80 3.78 3.78 3.79 3.81 3.85 3.91 3.98 4.06 4.17 4.30 4.46 4.67 4.91 5.18 5.48 5.78 6.07 6.34 6.58 6.79 6.98 7.14 7.28 7.40 7.50 7.57 7.62 7.63 7.61 7.55 7.45 7.31 7.12 6.89 6.60 6.27 5.90 5.49 5.04 4.54 4.01 3.47 2.93 2.42 1.92 1.44 0.99 0.61 0.28 0.01
2.91 3.07 3.24 3.42 3.60 3.78 3.95 4.11 4.26 4.40 4.53 4.65 4.74 4.82 4.88 4.92 4.94 4.93 4.89 4.84 4.78 4.72 4.65 4.57 4.49 4.41 4.32 4.23 4.14 4.06 4.00 3.94 3.90 3.87 3.85 3.84 3.84 3.86 3.90 3.95 4.01 4.09 4.19 4.30 4.44 4.61 4.82 5.06 5.34 5.62 5.88 6.13 6.34 6.54 6.71 6.87 7.01 7.14 7.24 7.32 7.37 7.39 7.37 7.32 7.24 7.11 6.94 6.72 6.45 6.13 5.77 5.36 4.91 4.41 3.88 3.34 2.81 2.30 1.81 1.34 0.94 0.59 0.30 0.07
2.88 3.04 3.22 3.39 3.57 3.74 3.91 4.07 4.23 4.37 4.50 4.62 4.73 4.82 4.89 4.94 4.97 4.97 4.95 4.91 4.85 4.78 4.70 4.63 4.54 4.45 4.36 4.27 4.19 4.11 4.05 4.00 3.95 3.92 3.90 3.89 3.89 3.91 3.94 3.98 4.04 4.11 4.19 4.30 4.42 4.56 4.73 4.95 5.19 5.45 5.68 5.90 6.09 6.27 6.44 6.60 6.74 6.87 6.97 7.05 7.10 7.13 7.12 7.08 7.01 6.89 6.73 6.53 6.28 5.97 5.62 5.22 4.77 4.28 3.75 3.21 2.69 2.18 1.70 1.28 0.92 0.61 0.36 0.16
2.85 3.01 3.18 3.35 3.52 3.69 3.85 4.01 4.17 4.32 4.45 4.58 4.69 4.79 4.87 4.93 4.97 4.99 4.98 4.95 4.90 4.83 4.75 4.67 4.58 4.49 4.40 4.31 4.23 4.16 4.10 4.05 4.00 3.97 3.95 3.93 3.93 3.94 3.96 4.00 4.05 4.11 4.19 4.28 4.38 4.51 4.65 4.83 5.04 5.27 5.47 5.66 5.84 6.01 6.18 6.33 6.47 6.59 6.69 6.78 6.83 6.86 6.86 6.83 6.76 6.66 6.51 6.32 6.08 5.79 5.46 5.07 4.62 4.14 3.61 3.07 2.55 2.06 1.63 1.25 0.93 0.66 0.45 0.28
2.81 2.96 3.12 3.28 3.45 3.61 3.78 3.94 4.09 4.24 4.38 4.51 4.62 4.73 4.82 4.89 4.94 4.97 4.98 4.97 4.93 4.86 4.79 4.70 4.61 4.52 4.43 4.35 4.27 4.20 4.14 4.09 4.04 4.01 3.98 3.97 3.96 3.96 3.98 4.01 4.05 4.10 4.17 4.24 4.34 4.45 4.57 4.71 4.89 5.08 5.26 5.43 5.59 5.76 5.91 6.06 6.19 6.31 6.42 6.50 6.56 6.59 6.59 6.57 6.51 6.41 6.27 6.09 5.87 5.60 5.27 4.90 4.47 3.99 3.46 2.93 2.43 1.98 1.59 1.26 0.98 0.75 0.57 0.42
2.75 2.90 3.04 3.20 3.36 3.52 3.67 3.83 3.99 4.14 4.28 4.41 4.53 4.64 4.74 4.82 4.88 4.93 4.95 4.95 4.93 4.88 4.81 4.72 4.63 4.54 4.46 4.38 4.31 4.24 4.18 4.12 4.08 4.04 4.01 3.99 3.98 3.98 3.98 4.00 4.03 4.07 4.13 4.19 4.27 4.37 4.47 4.59 4.74 4.89 5.05 5.20 5.36 5.51 5.66 5.80 5.93 6.04 6.14 6.22 6.28 6.31 6.32 6.30 6.24 6.15 6.02 5.85 5.64 5.38 5.07 4.71 4.30 3.83 3.31 2.80 2.34 1.94 1.60 1.31 1.06 0.86 0.71 0.59
2.68 2.81 2.95 3.09 3.24 3.40 3.55 3.71 3.86 4.01 4.15 4.29 4.41 4.53 4.63 4.72 4.80 4.85 4.89 4.91 4.90 4.87 4.81 4.73 4.64 4.56 4.48 4.40 4.33 4.27 4.21 4.15 4.10 4.06 4.03 4.00 3.98 3.97 3.97 3.98 4.00 4.03 4.07 4.13 4.19 4.27 4.36 4.46 4.58 4.71 4.85 4.99 5.13 5.28 5.41 5.54 5.67 5.78 5.87 5.95 6.00 6.04 6.05 6.03 5.98 5.89 5.77 5.61 5.40 5.16 4.86 4.52 4.12 3.66 3.16 2.69 2.28 1.93 1.63 1.37 1.16 1.00 0.87 0.78
2.61 2.73 2.85 2.99 3.13 3.27 3.42 3.57 3.72 3.87 4.01 4.15 4.28 4.40 4.51 4.61 4.69 4.76 4.81 4.83 4.84 4.83 4.79 4.73 4.65 4.57 4.49 4.42 4.35 4.28 4.22 4.17 4.11 4.07 4.03 4.00 3.97 3.95 3.95 3.94 3.95 3.97 4.00 4.04 4.09 4.15 4.22 4.31 4.42 4.54 4.67 4.79 4.92 5.05 5.18 5.30 5.41 5.52 5.61 5.68 5.74 5.77 5.78 5.76 5.71 5.63 5.52 5.36 5.17 4.93 4.65 4.32 3.93 3.49 3.00 2.56 2.20 1.89 1.63 1.41 1.23 1.10 1.00 0.93
2.55 2.65 2.76 2.89 3.02 3.15 3.30 3.44 3.59 3.73 3.87 4.01 4.14 4.26 4.38 4.48 4.57 4.65 4.70 4.75 4.77 4.77 4.74 4.70 4.64 4.57 4.50 4.43 4.36 4.29 4.23 4.17 4.11 4.06 4.02 3.98 3.95 3.92 3.90 3.89 3.89 3.89 3.91 3.93 3.97 4.01 4.07 4.15 4.25 4.37 4.49 4.60 4.72 4.83 4.95 5.06 5.17 5.26 5.35 5.42 5.47 5.50 5.51 5.50 5.45 5.38 5.27 5.12 4.94 4.71 4.44 4.12 3.75 3.31 2.83 2.39 2.05 1.79 1.57 1.39 1.25 1.15 1.07 1.03
2.50 2.59 2.69 2.80 2.91 3.04 3.17 3.31 3.45 3.59 3.73 3.86 3.99 4.12 4.24 4.34 4.44 4.52 4.59 4.64 4.67 4.69 4.68 4.66 4.61 4.56 4.49 4.42 4.35 4.28 4.22 4.15 4.09 4.04 3.99 3.94 3.90 3.87 3.84 3.82 3.80 3.79 3.79 3.80 3.82 3.85 3.90 3.98 4.08 4.19 4.31 4.41 4.52 4.62 4.73 4.83 4.93 5.02 5.10 5.16 5.21 5.25 5.26 5.24 5.20 5.13 5.03 4.89 4.72 4.50 4.24 3.93 3.56 3.13 2.64 2.21 1.88 1.64 1.46 1.32 1.21 1.14 1.10 1.07
2.46 2.54 2.62 2.71 2.82 2.93 3.06 3.18 3.31 3.45 3.58 3.71 3.84 3.97 4.09 4.20 4.30 4.38 4.46 4.52 4.56 4.59 4.60 4.60 4.57 4.52 4.46 4.39 4.32 4.26 4.19 4.12 4.06 4.00 3.94 3.89 3.84 3.79 3.75 3.72 3.69 3.67 3.66 3.65 3.66 3.68 3.73 3.81 3.90 4.01 4.12 4.22 4.32 4.42 4.51 4.61 4.70 4.78 4.85 4.92 4.96 4.99 5.00 4.99 4.96 4.89 4.79 4.66 4.50 4.29 4.04 3.73 3.36 2.93 2.45 2.03 1.70 1.46 1.30 1.20 1.13 1.09 1.07 1.08
2.42 2.49 2.57 2.65 2.74 2.84 2.95 3.06 3.18 3.31 3.44 3.57 3.69 3.81 3.93 4.04 4.14 4.24 4.32 4.39 4.44 4.48 4.51 4.52 4.50 4.47 4.42 4.35 4.29 4.21 4.14 4.07 4.01 3.94 3.87 3.81 3.76 3.70 3.65 3.60 3.56 3.53 3.50 3.48 3.48 3.50 3.55 3.63 3.72 3.83 3.93 4.03 4.13 4.22 4.30 4.39 4.47 4.55 4.62 4.67 4.72 4.75 4.76 4.75 4.72 4.66 4.57 4.44 4.29 4.09 3.83 3.53 3.16 2.73 2.26 1.84 1.51 1.28 1.12 1.04 1.01 1.00 1.01 1.04
2.38 2.45 2.52 2.59 2.66 2.75 2.85 2.95 3.06 3.18 3.30 3.42 3.54 3.66 3.77 3.88 3.99 4.08 4.17 4.24 4.31 4.36 4.40 4.42 4.42 4.40 4.35 4.30 4.23 4.16 4.08 4.01 3.93 3.86 3.79 3.72 3.65 3.59 3.52 3.47 3.41 3.36 3.32 3.30 3.30 3.33 3.38 3.45 3.54 3.64 3.74 3.84 3.93 4.02 4.10 4.18 4.25 4.32 4.39 4.44 4.48 4.51 4.52 4.52 4.48 4.43 4.34 4.23 4.08 3.87 3.62 3.31 2.95 2.53 2.06 1.65 1.33 1.10 0.94 0.86 0.84 0.87 0.91 0.96
2.33 2.40 2.47 2.54 2.60 2.67 2.75 2.84 2.94 3.05 3.16 3.27 3.39 3.50 3.61 3.72 3.82 3.92 4.01 4.09 4.17 4.23 4.28 4.32 4.32 4.31 4.27 4.22 4.15 4.08 4.00 3.92 3.84 3.76 3.68 3.60 3.52 3.45 3.37 3.30 3.23 3.17 3.13 3.11 3.11 3.14 3.19 3.26 3.35 3.45 3.55 3.64 3.74 3.82 3.90 3.98 4.04 4.11 4.17 4.22 4.26 4.28 4.30 4.29 4.26 4.21 4.13 4.02 3.86 3.66 3.40 3.09 2.73 2.32 1.87 1.46 1.15 0.92 0.76 0.68 0.67 0.70 0.77 0.86
2.29 2.36 2.42 2.49 2.55 2.61 2.68 2.75 2.84 2.93 3.03 3.13 3.24 3.34 3.45 3.56 3.66 3.76 3.85 3.94 4.02 4.09 4.15 4.20 4.22 4.21 4.17 4.12 4.06 3.98 3.90 3.81 3.72 3.64 3.55 3.46 3.37 3.28 3.20 3.11 3.03 2.97 2.93 2.92 2.93 2.96 3.01 3.08 3.16 3.26 3.35 3.45 3.54 3.62 3.70 3.78 3.84 3.90 3.95 4.00 4.04 4.06 4.08 4.07 4.05 4.00 3.92 3.80 3.64 3.43 3.17 2.87 2.51 2.11 1.67 1.27 0.97 0.74 0.59 0.51 0.49 0.53 0.61 0.72
2.25 2.32 2.38 2.44 2.50 2.55 2.61 2.67 2.74 2.82 2.90 2.99 3.09 3.19 3.29 3.39 3.49 3.59 3.69 3.78 3.86 3.94 4.01 4.07 4.10 4.09 4.07 4.01 3.95 3.87 3.78 3.68 3.59 3.49 3.39 3.29 3.19 3.09 2.99 2.90 2.82 2.76 2.73 2.73 2.74 2.77 2.83 2.89 2.98 3.07 3.16 3.25 3.34 3.42 3.50 3.58 3.64 3.70 3.75 3.79 3.83 3.85 3.86 3.86 3.84 3.79 3.71 3.58 3.41 3.20 2.94 2.64 2.30 1.90 1.47 1.09 0.79 0.57 0.43 0.35 0.33 0.36 0.44 0.56
2.21 2.27 2.33 2.39 2.44 2.50 2.55 2.60 2.65 2.71 2.79 2.87 2.95 3.04 3.13 3.23 3.33 3.42 3.52 3.61 3.70 3.79 3.87 3.93 3.97 3.97 3.94 3.89 3.82 3.74 3.64 3.53 3.43 3.32 3.21 3.10 2.99 2.88 2.77 2.67 2.60 2.56 2.54 2.53 2.55 2.59 2.64 2.71 2.79 2.88 2.97 3.05 3.14 3.23 3.31 3.38 3.45 3.51 3.55 3.59 3.63 3.65 3.66 3.66 3.63 3.58 3.48 3.35 3.18 2.97 2.71 2.42 2.08 1.69 1.28 0.91 0.62 0.41 0.27 0.19 0.17 0.21 0.28 0.40
2.17 2.23 2.29 2.34 2.39 2.44 2.49 2.53 2.58 2.63 2.68 2.75 2.82 2.90 2.98 3.07 3.17 3.26 3.35 3.45 3.54 3.63 3.72 3.79 3.83 3.84 3.81 3.76 3.69 3.59 3.49 3.37 3.25 3.12 3.00 2.88 2.76 2.64 2.53 2.45 2.39 2.35 2.34 2.34 2.36 2.40 2.46 2.52 2.60 2.69 2.77 2.86 2.95 3.03 3.11 3.18 3.25 3.31 3.36 3.40 3.43 3.46 3.47 3.46 3.43 3.36 3.26 3.12 2.95 2.73 2.48 2.19 1.86 1.49 1.09 0.73 0.45 0.25 0.12 0.05 0.03 0.06 0.14 0.25
2.13 2.19 2.24 2.29 2.34 2.39 2.43 2.47 2.51 2.55 2.59 2.64 2.70 2.77 2.84 2.92 3.01 3.10 3.19 3.29 3.38 3.47 3.57 3.65 3.69 3.70 3.67 3.62 3.54 3.44 3.32 3.19 3.05 2.91 2.77 2.63 2.50 2.38 2.29 2.22 2.17 2.15 2.14 2.15 2.18 2.22 2.27 2.34 2.41 2.50 2.58 2.67 2.75 2.84 2.92 2.99 3.06 3.12 3.18 3.22 3.25 3.27 3.28 3.26 3.21 3.14 3.03 2.88 2.71 2.50 2.25 1.97 1.65 1.29 0.90 0.56 0.30 0.11 0.00 0.00 0.00 0.00 0.01 0.11
2.09 2.14 2.19 2.24 2.29 2.33 2.37 2.41 2.44 2.48 2.51 2.54 2.59 2.64 2.71 2.78 2.86 2.94 3.03 3.13 3.22 3.32 3.41 3.50 3.55 3.56 3.53 3.47 3.38 3.27 3.14 3.00 2.84 2.68 2.52 2.36 2.23 2.13 2.05 1.99 1.96 1.94 1.94 1.96 1.99 2.04 2.09 2.16 2.23 2.31 2.39 2.48 2.56 2.64 2.72 2.80 2.87 2.94 2.99 3.04 3.08 3.09 3.09 3.06 3.00 2.91 2.79 2.65 2.47 2.27 2.03 1.75 1.44 1.10 0.73 0.40 0.15 0.00 0.00 0.00 0.00 0.00 0.00 0.00
2.05 2.10 2.15 2.19 2.24 2.28 2.31 2.35 2.38 2.41 2.43 2.46 2.49 2.53 2.58 2.65 2.72 2.79 2.88 2.97 3.06 3.16 3.26 3.35 3.40 3.41 3.38 3.31 3.22 3.10 2.95 2.80 2.62 2.44 2.26 2.10 1.97 1.88 1.81 1.77 1.75 1.74 1.75 1.77 1.81 1.86 1.91 1.98 2.05 2.13 2.21 2.29 2.37 2.46 2.54 2.61 2.69 2.75 2.81 2.86 2.90 2.91 2.89 2.85 2.78 2.68 2.56 2.41 2.24 2.04 1.80 1.54 1.24 0.91 0.56 0.25 0.02 0.00 0.00 0.00 0.00 0.00 0.00 0.00
2.01 2.06 2.11 2.15 2.19 2.22 2.26 2.29 2.31 2.34 2.36 2.38 2.41 2.43 2.47 2.52 2.58 2.65 2.73 2.82 2.91 3.01 3.11 3.20 3.25 3.26 3.23 3.15 3.05 2.92 2.76 2.58 2.39 2.19 2.01 1.85 1.72 1.63 1.58 1.55 1.54 1.54 1.56 1.59 1.63 1.68 1.74 1.80 1.87 1.95 2.03 2.11 2.19 2.27 2.35 2.43 2.51 2.58 2.64 2.69 2.71 2.71 2.69 2.63 2.55 2.45 2.33 2.18 2.01 1.81 1.58 1.33 1.05 0.74 0.40 0.11 0.00 0.00 0.00 0.00 0.00 0.00 0.00 0.00
1.98 2.02 2.06 2.10 2.14 2.17 2.20 2.22 2.25 2.27 2.29 2.31 2.33 2.35 2.38 2.41 2.46 2.53 2.60 2.68 2.77 2.86 2.96 3.06 3.11 3.11 3.07 2.99 2.88 2.73 2.56 2.36 2.16 1.95 1.78 1.62 1.50 1.41 1.35 1.33 1.33 1.34 1.37 1.40 1.45 1.51 1.57 1.63 1.70 1.77 1.85 1.93 2.01 2.10 2.18 2.26 2.33 2.41 2.47 2.51 2.52 2.51 2.47 2.41 2.33 2.23 2.10 1.95 1.78 1.59 1.38 1.13 0.87 0.57 0.26 0.00 0.00 0.00 0.00 0.00 0.00 0.00 0.00 0.00
1.94 1.98 2.02 2.05 2.09 2.12 2.14 2.17 2.19 2.21 2.22 2.24 2.26 2.28 2.29 2.32 2.36 2.41 2.47 2.55 2.63 2.72 2.82 2.92 2.97 2.97 2.92 2.83 2.70 2.54 2.35 2.14 1.93 1.74 1.57 1.43 1.31 1.21 1.15 1.12 1.13 1.15 1.18 1.23 1.28 1.34 1.40 1.47 1.53 1.60 1.68 1.76 1.84 1.92 2.01 2.09 2.17 2.24 2.29 2.31 2.32 2.30 2.26 2.19 2.11 2.00 1.87 1.73 1.56 1.38 1.17 0.95 0.70 0.42 0.13 0.00 0.00 0.00 0.00 0.00 0.00 0.00 0.00 0.00
1.90 1.94 1.98 2.01 2.04 2.06 2.09 2.11 2.13 2.14 2.16 2.17 2.19 2.21 2.22 2.24 2.27 2.31 2.36 2.43 2.50 2.59 2.69 2.78 2.83 2.82 2.77 2.67 2.53 2.35 2.15 1.94 1.75 1.57 1.40 1.26 1.14 1.05 0.98 0.94 0.94 0.96 1.00 1.05 1.11 1.17 1.24 1.31 1.37 1.44 1.51 1.59 1.68 1.76 1.84 1.93 2.00 2.06 2.10 2.11 2.11 2.08 2.03 1.97 1.88 1.78 1.65 1.51 1.35 1.18 0.98 0.77 0.54 0.28 0.02 0.00 0.00 0.00 0.00 0.00 0.00 0.00 0.00 0.00
1.86 1.90 1.93 1.96 1.99 2.01 2.03 2.05 2.07 2.08 2.10 2.11 2.12 2.14 2.15 2.17 2.19 2.22 2.26 2.32 2.39 2.47 2.57 2.66 2.70 2.69 2.62 2.51 2.36 2.17 1.97 1.78 1.60 1.43 1.27 1.13 1.01 0.92 0.84 0.80 0.78 0.79 0.83 0.89 0.95 1.02 1.08 1.15 1.22 1.28 1.36 1.44 1.52 1.60 1.69 1.77 1.83 1.88 1.90 1.91 1.89 1.86 1.81 1.74 1.66 1.56 1.44 1.30 1.15 0.99 0.80 0.61 0.39 0.16 0.00 0.00 0.00 0.00 0.00 0.00 0.00 0.00 0.00 0.00
