data_processed/recharge/precip/Precip_1995_01.asc
ncols        168
nrows        136
xllcorner    455000
yllcorner    2107000
cellsize     500
NODATA_value     -99999
[rows 102 to 135 of 136, columns 77 to 153 of 168]
6.61 6.71 6.84 7.03 7.33 7.73 8.21 8.78 9.43 10.14 10.91 11.74 12.60 13.51 14.44 15.39 16.35 17.32 18.29 19.23 20.10 20.90 21.61 22.23 22.75 23.21 23.60 23.92 24.18 24.42 24.65 24.87 25.07 25.27 25.45 25.62 25.77 25.91 26.04 26.15 26.24 26.32 26.38 26.42 26.44 26.45 26.45 26.43 26.40 26.36 26.31 26.25 26.21 26.16 26.09 25.99 25.83 25.64 25.40 25.13 24.83 24.52 24.18 23.83 23.48 23.13 22.78 22.44 22.12 21.82 21.55 21.30 21.07 20.88 20.74 20.60 20.31
6.37 6.47 6.63 6.89 7.25 7.70 8.24 8.85 9.53 10.27 11.05 11.89 12.76 13.65 14.57 15.50 16.43 17.36 18.27 19.17 20.03 20.80 21.48 22.05 22.54 22.94 23.29 23.57 23.83 24.08 24.31 24.54 24.76 24.96 25.15 25.33 25.50 25.65 25.79 25.91 26.02 26.11 26.18 26.24 26.28 26.30 26.30 26.29 26.27 26.23 26.18 26.14 26.09 26.04 25.94 25.79 25.60 25.37 25.11 24.82 24.51 24.18 23.84 23.50 23.15 22.81 22.48 22.17 21.88 21.61 21.38 21.18 21.02 20.90 20.82 20.75 20.53
6.19 6.32 6.54 6.87 7.29 7.79 8.37 9.01 9.71 10.47 11.26 12.09 12.96 13.84 14.73 15.62 16.52 17.40 18.26 19.09 19.89 20.63 21.27 21.80 22.23 22.59 22.89 23.16 23.42 23.68 23.92 24.16 24.38 24.60 24.80 24.99 25.16 25.32 25.47 25.61 25.72 25.82 25.91 25.98 26.03 26.06 26.07 26.07 26.05 26.02 25.98 25.94 25.89 25.80 25.65 25.47 25.25 24.99 24.71 24.40 24.08 23.75 23.41 23.08 22.74 22.42 22.12 21.83 21.57 21.35 21.16 21.02 20.92 20.87 20.87 20.87 20.73
6.11 6.30 6.60 6.98 7.44 7.99 8.59 9.26 9.98 10.74 11.54 12.36 13.20 14.06 14.92 15.77 16.62 17.44 18.24 19.00 19.72 20.38 20.97 21.45 21.82 22.13 22.42 22.70 22.96 23.22 23.48 23.72 23.95 24.17 24.38 24.57 24.75 24.92 25.08 25.22 25.35 25.46 25.56 25.63 25.70 25.74 25.76 25.77 25.76 25.73 25.69 25.65 25.56 25.42 25.24 25.03 24.78 24.50 24.20 23.89 23.56 23.23 22.90 22.57 22.26 21.96 21.68 21.43 21.21 21.03 20.89 20.80 20.77 20.79 20.87 20.97 20.91
6.18 6.43 6.78 7.21 7.72 8.29 8.92 9.60 10.33 11.09 11.87 12.68 13.50 14.32 15.14 15.94 16.73 17.49 18.21 18.89 19.52 20.09 20.59 21.00 21.32 21.62 21.90 22.18 22.45 22.72 22.97 23.22 23.45 23.67 23.89 24.09 24.28 24.45 24.62 24.77 24.90 25.02 25.12 25.21 25.28 25.33 25.36 25.38 25.37 25.35 25.31 25.22 25.09 24.92 24.71 24.46 24.19 23.90 23.59 23.27 22.94 22.62 22.30 21.99 21.69 21.42 21.18 20.96 20.79 20.66 20.58 20.55 20.58 20.68 20.84 21.03 21.09
6.34 6.65 7.05 7.52 8.06 8.65 9.30 9.99 10.71 11.46 12.24 13.02 13.81 14.59 15.36 16.11 16.83 17.52 18.16 18.75 19.28 19.74 20.13 20.46 20.75 21.05 21.33 21.61 21.89 22.15 22.41 22.65 22.89 23.12 23.33 23.54 23.73 23.91 24.08 24.23 24.37 24.49 24.60 24.70 24.77 24.83 24.87 24.89 24.89 24.84 24.76 24.63 24.46 24.25 24.01 23.75 23.46 23.16 22.84 22.52 22.21 21.89 21.59 21.30 21.04 20.80 20.60 20.43 20.30 20.23 20.21 20.25 20.35 20.53 20.77 21.07 21.31
6.30 6.67 7.12 7.63 8.20 8.83 9.49 10.19 10.92 11.67 12.43 13.19 13.94 14.69 15.41 16.11 16.77 17.39 17.95 18.46 18.90 19.26 19.55 19.83 20.13 20.42 20.70 20.98 21.26 21.52 21.78 22.02 22.26 22.49 22.71 22.92 23.11 23.30 23.47 23.62 23.77 23.90 24.01 24.11 24.19 24.25 24.30 24.33 24.29 24.09 23.89 23.72 23.53 23.30 23.05 22.78 22.49 22.19 21.89 21.58 21.28 21.00 20.72 20.47 20.25 20.06 19.91 19.80 19.75 19.74 19.80 19.92 20.11 20.37 20.69 21.04 21.40
5.95 6.39 6.89 7.46 8.07 8.73 9.42 10.14 10.88 11.63 12.38 13.13 13.86 14.58 15.26 15.91 16.52 17.07 17.57 17.99 18.35 18.63 18.88 19.15 19.44 19.73 20.02 20.30 20.57 20.83 21.09 21.34 21.58 21.81 22.03 22.23 22.43 22.62 22.79 22.95 23.10 23.23 23.35 23.45 23.54 23.61 23.66 23.64 23.45 23.08 22.73 22.48 22.27 22.04 21.80 21.53 21.26 20.98 20.70 20.43 20.17 19.93 19.70 19.51 19.35 19.22 19.14 19.11 19.14 19.22 19.37 19.59 19.88 20.22 20.58 20.96 21.36
5.37 5.84 6.41 7.03 7.69 8.39 9.12 9.86 10.62 11.37 12.13 12.87 13.59 14.28 14.94 15.55 16.11 16.61 17.04 17.39 17.67 17.92 18.16 18.43 18.71 19.00 19.28 19.56 19.83 20.09 20.35 20.60 20.84 21.07 21.29 21.50 21.70 21.88 22.06 22.22 22.37 22.51 22.63 22.73 22.82 22.90 22.90 22.73 22.36 21.83 21.34 20.98 20.72 20.51 20.28 20.05 19.81 19.57 19.34 19.11 18.91 18.72 18.57 18.45 18.36 18.32 18.33 18.39 18.52 18.70 18.96 19.29 19.67 20.05 20.43 20.84 21.28
4.68 5.10 5.70 6.39 7.11 7.85 8.62 9.39 10.17 10.95 11.71 12.45 13.16 13.84 14.47 15.05 15.57 16.02 16.39 16.69 16.94 17.16 17.40 17.66 17.94 18.23 18.50 18.78 19.05 19.31 19.56 19.81 20.05 20.28 20.50 20.71 20.91 21.10 21.28 21.44 21.59 21.73 21.86 21.97 22.06 22.08 21.93 21.57 21.03 20.37 19.76 19.30 18.98 18.74 18.55 18.36 18.17 17.99 17.82 17.66 17.53 17.43 17.36 17.32 17.33 17.39 17.51 17.68 17.92 18.23 18.62 19.04 19.45 19.85 20.26 20.70 21.16
3.90 4.26 4.83 5.56 6.34 7.14 7.96 8.77 9.58 10.38 11.16 11.91 12.62 13.28 13.90 14.45 14.94 15.35 15.68 15.94 16.17 16.38 16.60 16.86 17.14 17.42 17.70 17.97 18.23 18.49 18.75 18.99 19.23 19.46 19.68 19.89 20.09 20.28 20.46 20.62 20.78 20.92 21.05 21.16 21.20 21.06 20.71 20.19 19.50 18.71 18.00 17.47 17.08 16.82 16.65 16.51 16.39 16.28 16.19 16.12 16.08 16.07 16.10 16.18 16.30 16.48 16.72 17.02 17.39 17.84 18.32 18.78 19.21 19.63 20.07 20.53 21.02
3.06 3.36 3.90 4.61 5.44 6.30 7.17 8.03 8.88 9.71 10.51 11.27 11.99 12.65 13.26 13.79 14.25 14.63 14.93 15.17 15.37 15.57 15.79 16.04 16.32 16.59 16.87 17.13 17.40 17.65 17.90 18.15 18.38 18.61 18.83 19.04 19.24 19.43 19.61 19.78 19.93 20.07 20.20 20.26 20.13 19.80 19.28 18.60 17.79 16.89 16.09 15.49 15.07 14.79 14.63 14.55 14.51 14.49 14.50 14.53 14.60 14.70 14.85 15.05 15.30 15.61 15.99 16.44 16.97 17.52 18.03 18.50 18.95 19.40 19.86 20.35 20.86
2.16 2.42 2.92 3.61 4.44 5.36 6.28 7.20 8.10 8.96 9.79 10.58 11.31 11.98 12.58 13.11 13.55 13.89 14.16 14.38 14.56 14.75 14.95 15.20 15.48 15.75 16.02 16.28 16.54 16.80 17.04 17.28 17.52 17.74 17.96 18.17 18.37 18.56 18.74 18.90 19.06 19.20 19.27 19.16 18.84 18.32 17.65 16.84 15.91 14.91 14.05 13.41 12.96 12.69 12.55 12.51 12.56 12.65 12.77 12.92 13.11 13.35 13.63 13.97 14.37 14.84 15.38 15.99 16.62 17.20 17.73 18.22 18.69 19.15 19.64 20.15 20.68
1.21 1.44 1.92 2.60 3.43 4.36 5.34 6.32 7.27 8.18 9.05 9.86 10.61 11.30 11.90 12.42 12.83 13.15 13.39 13.58 13.75 13.91 14.11 14.35 14.63 14.90 15.16 15.43 15.68 15.93 16.17 16.41 16.64 16.87 17.08 17.29 17.49 17.68 17.85 18.02 18.17 18.26 18.15 17.84 17.33 16.66 15.84 14.91 13.89 12.82 11.90 11.23 10.78 10.52 10.42 10.45 10.59 10.79 11.04 11.33 11.67 12.05 12.49 12.99 13.56 14.20 14.91 15.63 16.29 16.88 17.42 17.92 18.41 18.90 19.40 19.93 20.49
0.24 0.44 0.90 1.57 2.41 3.37 4.39 5.43 6.43 7.40 8.31 9.16 9.94 10.64 11.25 11.74 12.12 12.40 12.61 12.78 12.93 13.08 13.27 13.50 13.77 14.04 14.31 14.57 14.82 15.07 15.31 15.54 15.77 15.99 16.20 16.41 16.60 16.79 16.96 17.13 17.22 17.13 16.82 16.31 15.64 14.82 13.88 12.85 11.74 10.61 9.66 8.98 8.54 8.31 8.27 8.39 8.63 8.97 9.37 9.81 10.31 10.86 11.47 12.14 12.89 13.71 14.54 15.29 15.96 16.56 17.11 17.63 18.13 18.64 19.16 19.71 20.29
0.00 0.00 0.00 0.56 1.41 2.40 3.46 4.55 5.62 6.64 7.61 8.50 9.31 10.03 10.62 11.07 11.41 11.65 11.84 11.98 12.11 12.25 12.43 12.66 12.93 13.20 13.46 13.71 13.96 14.21 14.45 14.68 14.90 15.12 15.33 15.53 15.72 15.90 16.08 16.18 16.09 15.78 15.28 14.61 13.78 12.84 11.79 10.67 9.50 8.33 7.36 6.68 6.27 6.09 6.13 6.34 6.71 7.19 7.76 8.39 9.06 9.80 10.60 11.47 12.41 13.36 14.21 14.97 15.64 16.25 16.81 17.34 17.86 18.38 18.92 19.49 20.08
0.00 0.00 0.00 0.00 0.44 1.46 2.57 3.72 4.87 5.96 6.98 7.92 8.77 9.46 10.00 10.41 10.71 10.93 11.08 11.20 11.31 11.44 11.61 11.83 12.10 12.37 12.63 12.88 13.13 13.37 13.60 13.83 14.05 14.26 14.47 14.66 14.85 15.03 15.14 15.06 14.75 14.25 13.57 12.74 11.78 10.73 9.59 8.40 7.19 5.99 5.01 4.35 3.99 3.88 4.01 4.34 4.84 5.49 6.24 7.08 7.97 8.91 9.91 10.99 12.07 13.04 13.90 14.66 15.34 15.95 16.52 17.06 17.59 18.12 18.67 19.26 19.87
0.00 0.00 0.00 0.00 0.00 0.57 1.74 2.96 4.19 5.37 6.46 7.44 8.27 8.91 9.41 9.77 10.04 10.22 10.35 10.44 10.54 10.65 10.81 11.03 11.30 11.56 11.81 12.07 12.31 12.55 12.78 13.00 13.22 13.43 13.63 13.82 14.01 14.12 14.04 13.73 13.23 12.54 11.70 10.74 9.67 8.51 7.31 6.07 4.82 3.61 2.65 2.02 1.72 1.70 1.94 2.40 3.06 3.88 4.84 5.90 7.04 8.23 9.46 10.68 11.77 12.74 13.60 14.36 15.04 15.66 16.24 16.79 17.33 17.87 18.44 19.04 19.67
0.00 0.00 0.00 0.00 0.00 0.00 0.98 2.27 3.59 4.87 6.05 7.03 7.80 8.40 8.84 9.17 9.39 9.54 9.64 9.72 9.79 9.89 10.04 10.26 10.52 10.78 11.03 11.28 11.52 11.76 11.99 12.21 12.42 12.62 12.82 13.01 13.13 13.05 12.74 12.23 11.54 10.69 9.71 8.62 7.45 6.22 4.95 3.68 2.42 1.22 0.28 0.00 0.00 0.00 0.00 0.54 1.37 2.39 3.57 4.87 6.28 7.75 9.17 10.41 11.50 12.47 13.33 14.09 14.77 15.39 15.98 16.53 17.08 17.63 18.21 18.83 19.47
0.00 0.00 0.00 0.00 0.00 0.00 0.29 1.68 3.09 4.46 5.66 6.63 7.37 7.91 8.32 8.60 8.78 8.90 8.97 9.03 9.08 9.17 9.31 9.52 9.78 10.04 10.29 10.54 10.78 11.01 11.23 11.45 11.66 11.86 12.05 12.18 12.10 11.79 11.27 10.56 9.70 8.71 7.60 6.41 5.15 3.86 2.56 1.26 0.00 0.00 0.00 0.00 0.00 0.00 0.00 0.00 0.00 1.04 2.45 4.02 5.70 7.38 8.88 10.17 11.27 12.23 13.08 13.84 14.52 15.15 15.73 16.29 16.85 17.41 18.00 18.63 19.28
0.00 0.00 0.00 0.00 0.00 0.00 0.00 1.18 2.67 4.05 5.23 6.21 6.96 7.48 7.83 8.07 8.22 8.31 8.35 8.38 8.42 8.49 8.62 8.83 9.09 9.35 9.60 9.84 10.08 10.31 10.53 10.74 10.95 11.14 11.27 11.19 10.88 10.35 9.64 8.76 7.75 6.62 5.41 4.13 2.81 1.47 0.14 0.00 0.00 0.00 0.00 0.00 0.00 0.00 0.00 0.00 0.00 0.00 1.52 3.36 5.23 6.98 8.54 9.90 11.05 12.01 12.86 13.62 14.30 14.93 15.51 16.08 16.64 17.21 17.81 18.44 19.10
0.00 0.00 0.00 0.00 0.00 0.00 0.00 0.77 2.25 3.58 4.75 5.73 6.50 7.06 7.40 7.60 7.71 7.77 7.78 7.79 7.81 7.87 7.99 8.19 8.45 8.71 8.95 9.20 9.43 9.66 9.87 10.09 10.29 10.42 10.34 10.02 9.49 8.76 7.87 6.84 5.70 4.46 3.15 1.80 0.43 0.00 0.00 0.00 0.00 0.00 0.00 0.00 0.00 0.00 0.00 0.00 0.00 0.00 0.78 2.79 4.72 6.50 8.12 9.56 10.80 11.83 12.68 13.43 14.11 14.74 15.32 15.89 16.45 17.03 17.63 18.28 18.95
0.00 0.00 0.00 0.00 0.00 0.00 0.00 0.35 1.76 3.05 4.19 5.17 5.98 6.59 6.99 7.19 7.27 7.29 7.28 7.26 7.26 7.31 7.42 7.62 7.87 8.13 8.37 8.61 8.84 9.07 9.28 9.49 9.62 9.55 9.23 8.69 7.95 7.05 6.00 4.83 3.57 2.23 0.84 0.00 0.00 0.00 0.00 0.00 0.00 0.00 0.00 0.00 0.00 0.00 0.00 0.00 0.00 0.00 0.14 2.19 4.13 5.94 7.62 9.13 10.46 11.60 12.52 13.28 13.96 14.58 15.16 15.73 16.30 16.88 17.49 18.14 18.81
0.00 0.00 0.00 0.00 0.00 0.00 0.00 0.00 1.18 2.43 3.55 4.54 5.37 6.04 6.52 6.80 6.88 6.87 6.84 6.80 6.78 6.81 6.92 7.11 7.37 7.62 7.86 8.10 8.33 8.55 8.76 8.90 8.82 8.50 7.96 7.21 6.30 5.23 4.04 2.75 1.38 0.00 0.00 0.00 0.00 0.00 0.00 0.00 0.00 0.00 0.00 0.00 0.00 0.00 0.00 0.00 0.00 0.00 0.00 1.48 3.44 5.29 7.01 8.60 10.02 11.27 12.32 13.16 13.84 14.46 15.04 15.61 16.17 16.76 17.37 18.03 18.71
0.00 0.00 0.00 0.00 0.00 0.00 0.00 0.00 0.51 1.70 2.81 3.80 4.67 5.39 5.95 6.34 6.53 6.54 6.47 6.41 6.38 6.40 6.49 6.68 6.94 7.19 7.43 7.66 7.89 8.11 8.25 8.18 7.85 7.30 6.55 5.62 4.53 3.32 2.00 0.61 0.00 0.00 0.00 0.00 0.00 0.00 0.00 0.00 0.00 0.00 0.00 0.00 0.00 0.00 0.00 0.00 0.00 0.00 0.00 0.68 2.64 4.52 6.29 7.95 9.46 10.82 12.00 12.98 13.76 14.38 14.96 15.53 16.09 16.67 17.29 17.95 18.64
0.00 0.00 0.00 0.00 0.00 0.00 0.00 0.00 0.00 0.87 1.95 2.96 3.85 4.63 5.28 5.77 6.09 6.22 6.19 6.11 6.06 6.06 6.15 6.34 6.59 6.84 7.08 7.31 7.53 7.68 7.61 7.28 6.73 5.96 5.02 3.92 2.69 1.35 0.00 0.00 0.00 0.00 0.00 0.00 0.00 0.00 0.00 0.00 0.00 0.00 0.00 0.00 0.00 0.00 0.00 0.00 0.00 0.00 0.00 0.00 1.72 3.63 5.45 7.17 8.77 10.23 11.54 12.67 13.60 14.34 14.93 15.49 16.05 16.63 17.25 17.91 18.60
0.00 0.00 0.00 0.00 0.00 0.00 0.00 0.00 0.00 0.00 0.97 1.98 2.91 3.75 4.48 5.08 5.53 5.82 5.94 5.90 5.83 5.82 5.90 6.09 6.34 6.58 6.82 7.05 7.20 7.13 6.81 6.24 5.47 4.52 3.40 2.14 0.78 0.00 0.00 0.00 0.00 0.00 0.00 0.00 0.00 0.00 0.00 0.00 0.00 0.00 0.00 0.00 0.00 0.00 0.00 0.00 0.00 0.00 0.00 0.00 0.67 2.60 4.47 6.25 7.94 9.51 10.93 12.21 13.31 14.22 14.92 15.49 16.05 16.63 17.25 17.91 18.60
0.00 0.00 0.00 0.00 0.00 0.00 0.00 0.00 0.00 0.00 0.00 0.86 1.83 2.73 3.54 4.25 4.84 5.29 5.59 5.71 5.70 5.68 5.75 5.93 6.18 6.43 6.66 6.82 6.75 6.43 5.86 5.08 4.11 2.97 1.70 0.31 0.00 0.00 0.00 0.00 0.00 0.00 0.00 0.00 0.00 0.00 0.00 0.00 0.00 0.00 0.00 0.00 0.00 0.00 0.00 0.00 0.00 0.00 0.00 0.00 0.00 1.43 3.34 5.19 6.95 8.62 10.17 11.59 12.85 13.93 14.83 15.53 16.10 16.68 17.29 17.96 18.64
0.00 0.00 0.00 0.00 0.00 0.00 0.00 0.00 0.00 0.00 0.00 0.00 0.59 1.55 2.45 3.27 3.99 4.60 5.08 5.42 5.60 5.64 5.71 5.89 6.14 6.38 6.54 6.48 6.15 5.58 4.79 3.80 2.65 1.36 0.00 0.00 0.00 0.00 0.00 0.00 0.00 0.00 0.00 0.00 0.00 0.00 0.00 0.00 0.00 0.00 0.00 0.00 0.00 0.00 0.00 0.00 0.00 0.00 0.00 0.00 0.00 0.10 2.05 3.95 5.80 7.56 9.23 10.79 12.21 13.48 14.57 15.48 16.19 16.78 17.39 18.05 18.73
0.00 0.00 0.00 0.00 0.00 0.00 0.00 0.00 0.00 0.00 0.00 0.00 0.00 0.21 1.19 2.12 2.98 3.75 4.42 4.97 5.38 5.64 5.78 5.96 6.20 6.37 6.31 5.98 5.41 4.61 3.61 2.45 1.13 0.00 0.00 0.00 0.00 0.00 0.00 0.00 0.00 0.00 0.00 0.00 0.00 0.00 0.00 0.00 0.00 0.00 0.00 0.00 0.00 0.00 0.00 0.00 0.00 0.00 0.00 0.00 0.00 0.00 0.58 2.54 4.46 6.33 8.11 9.80 11.38 12.82 14.12 15.24 16.17 16.91 17.54 18.20 18.87
0.00 0.00 0.00 0.00 0.00 0.00 0.00 0.00 0.00 0.00 0.00 0.00 0.00 0.00 0.00 0.79 1.79 2.72 3.58 4.34 4.99 5.51 5.89 6.15 6.32 6.27 5.93 5.35 4.55 3.54 2.36 1.03 0.00 0.00 0.00 0.00 0.00 0.00 0.00 0.00 0.00 0.00 0.00 0.00 0.00 0.00 0.00 0.00 0.00 0.00 0.00 0.00 0.00 0.00 0.00 0.00 0.00 0.00 0.00 0.00 0.00 0.00 0.00 0.94 2.94 4.90 6.80 8.62 10.35 11.97 13.45 14.79 15.96 16.94 17.73 18.40 19.06
0.00 0.00 0.00 0.00 0.00 0.00 0.00 0.00 0.00 0.00 0.00 0.00 0.00 0.00 0.00 0.00 0.74 1.84 2.88 3.85 4.73 5.51 6.16 6.63 6.69 6.36 5.78 4.96 3.95 2.75 1.40 0.00 0.00 0.00 0.00 0.00 0.00 0.00 0.00 0.00 0.00 0.00 0.00 0.00 0.00 0.00 0.00 0.00 0.00 0.00 0.00 0.00 0.00 0.00 0.00 0.00 0.00 0.00 0.00 0.00 0.00 0.00 0.00 0.00 1.60 3.64 5.65 7.60 9.48 11.26 12.93 14.47 15.87 17.09 18.06 18.52 19.08
0.00 0.00 0.00 0.00 0.00 0.00 0.00 0.00 0.00 0.00 0.00 0.00 0.00 0.00 0.00 0.00 0.72 1.95 3.15 4.31 5.40 6.41 7.29 7.90 8.03 7.56 6.75 5.72 4.51 3.14 1.64 0.03 0.00 0.00 0.00 0.00 0.00 0.00 0.00 0.00 0.00 0.00 0.00 0.00 0.00 0.00 0.00 0.00 0.00 0.00 0.00 0.00 0.00 0.00 0.00 0.00 0.00 0.00 0.00 0.00 0.00 0.00 0.00 0.00 1.44 3.54 5.64 7.69 9.69 11.62 13.46 15.18 16.78 18.16 18.77 18.42 18.47
0.00 0.00 0.00 0.00 0.00 0.00 0.00 0.00 0.00 0.00 0.00 0.00 0.00 0.00 0.00 0.47 1.80 3.14 4.47 5.79 7.07 8.25 9.23 9.95 10.20 9.81 8.89 7.67 6.29 4.77 3.13 1.41 0.00 0.00 0.00 0.00 0.00 0.00 0.00 0.00 0.00 0.00 0.00 0.00 0.00 0.00 0.00 0.00 0.00 0.00 0.00 0.00 0.00 0.00 0.00 0.00 0.00 0.00 0.00 0.00 0.00 0.00 0.00 0.41 2.54 4.69 6.84 8.98 11.08 13.12 15.10 16.99 18.69 19.71 19.51 18.32 17.58
