data_processed/recharge/precip/Precip_1984_07.asc
ncols        168
nrows        136
xllcorner    455000
yllcorner    2107000
cellsize     500
NODATA_value     -99999
[rows 0 to 31 of 136, columns 71 to 141 of 168]
250.05 248.83 247.48 246.00 244.42 242.74 240.99 239.17 237.30 235.39 233.42 231.37 229.25 227.06 224.80 222.50 220.14 217.77 215.39 213.02 210.65 208.29 205.94 203.63 201.45 199.45 197.68 196.16 194.94 194.03 193.48 193.32 193.57 194.14 194.95 196.00 197.28 198.81 200.59 202.62 204.81 207.13 209.57 212.13 214.80 217.60 220.17 221.47 221.05 218.99 215.40 210.41 204.12 196.66 188.14 178.65 168.13 156.50 143.88 130.36 116.09 101.18 86.03 73.52 65.59 62.15 63.08 68.21 77.41 90.02 104.02
246.89 245.69 244.34 242.88 241.31 239.64 237.89 236.08 234.21 232.27 230.24 228.14 225.96 223.72 221.41 219.05 216.64 214.24 211.88 209.56 207.28 205.05 202.88 200.76 198.72 196.87 195.25 193.91 192.88 192.20 191.89 191.98 192.37 192.98 193.82 194.88 196.16 197.68 199.43 201.42 203.57 205.85 208.24 210.75 213.37 216.11 218.96 221.58 222.85 222.32 220.05 216.18 210.81 204.06 196.02 186.65 175.87 163.78 150.52 136.19 120.93 104.85 88.36 74.34 64.75 59.51 58.48 61.51 68.45 79.16 93.01
243.30 242.10 240.77 239.33 237.77 236.12 234.38 232.57 230.69 228.71 226.65 224.51 222.29 220.01 217.66 215.25 212.80 210.39 208.06 205.81 203.64 201.56 199.58 197.68 195.89 194.23 192.79 191.66 190.85 190.41 190.35 190.58 191.01 191.65 192.50 193.55 194.82 196.31 198.03 199.97 202.07 204.29 206.62 209.07 211.63 214.30 217.08 219.96 222.60 223.83 223.16 220.68 216.49 210.71 203.27 194.13 183.39 171.16 157.58 142.76 126.82 109.88 92.36 77.16 66.23 59.50 56.83 58.07 63.08 71.70 83.78
239.32 238.14 236.83 235.41 233.87 232.24 230.51 228.70 226.80 224.80 222.71 220.55 218.31 216.00 213.62 211.19 208.72 206.31 204.02 201.86 199.81 197.90 196.11 194.46 192.95 191.58 190.39 189.48 188.92 188.73 188.81 189.08 189.54 190.19 191.03 192.07 193.32 194.77 196.44 198.32 200.35 202.50 204.76 207.13 209.61 212.20 214.90 217.70 220.61 223.24 224.40 223.58 220.84 216.13 209.43 200.82 190.43 178.38 164.79 149.79 133.49 116.03 97.80 81.72 69.77 61.87 57.88 57.65 61.03 67.88 78.05
235.01 233.85 232.57 231.18 229.67 228.06 226.35 224.53 222.62 220.61 218.52 216.34 214.09 211.77 209.39 206.94 204.46 202.08 199.85 197.78 195.88 194.14 192.57 191.18 189.97 188.94 188.09 187.47 187.16 187.11 187.24 187.53 188.00 188.64 189.47 190.48 191.69 193.10 194.70 196.51 198.46 200.53 202.70 204.99 207.37 209.87 212.47 215.17 217.98 220.88 223.49 224.55 223.37 219.89 214.21 206.45 196.73 185.17 171.90 157.04 140.70 123.02 104.39 87.76 75.11 66.35 61.36 59.97 62.05 67.45 76.01
230.42 229.29 228.05 226.70 225.23 223.64 221.94 220.13 218.23 216.23 214.15 211.98 209.73 207.42 205.03 202.59 200.12 197.77 195.61 193.66 191.91 190.37 189.03 187.92 187.02 186.34 185.88 185.64 185.52 185.51 185.66 185.96 186.42 187.05 187.85 188.83 189.98 191.33 192.86 194.58 196.44 198.41 200.49 202.67 204.96 207.35 209.84 212.43 215.12 217.90 220.76 223.16 223.67 221.71 217.37 210.77 202.04 191.29 178.65 164.24 148.18 130.60 111.90 95.03 81.99 72.70 67.02 64.80 65.89 70.14 77.42
225.60 224.52 223.32 222.01 220.59 219.05 217.38 215.59 213.71 211.74 209.68 207.53 205.30 203.01 200.64 198.22 195.77 193.47 191.40 189.58 188.00 186.66 185.58 184.75 184.18 183.87 183.80 183.86 183.91 183.97 184.13 184.42 184.87 185.47 186.23 187.15 188.24 189.51 190.96 192.58 194.34 196.20 198.17 200.24 202.41 204.67 207.04 209.51 212.07 214.71 217.29 219.69 221.48 221.32 218.64 213.52 206.09 196.47 184.78 171.15 155.68 138.52 120.06 103.27 90.16 80.65 74.60 71.85 72.27 75.71 82.02
220.61 219.57 218.43 217.18 215.82 214.34 212.73 211.00 209.15 207.22 205.19 203.08 200.89 198.63 196.30 193.91 191.49 189.25 187.29 185.61 184.22 183.11 182.29 181.76 181.53 181.59 181.80 182.04 182.27 182.48 182.67 182.96 183.37 183.93 184.64 185.50 186.51 187.69 189.04 190.55 192.19 193.94 195.78 197.72 199.76 201.90 204.13 206.46 208.86 211.22 213.42 215.43 217.27 218.50 217.76 214.45 208.64 200.46 190.04 177.49 162.94 146.51 128.61 112.21 99.35 89.94 83.83 80.89 80.96 83.90 89.55
215.49 214.51 213.44 212.26 210.98 209.58 208.06 206.41 204.63 202.75 200.77 198.71 196.57 194.36 192.08 189.74 187.37 185.22 183.37 181.85 180.65 179.78 179.24 179.04 179.15 179.45 179.81 180.21 180.60 180.98 181.31 181.61 181.98 182.49 183.13 183.91 184.84 185.92 187.15 188.54 190.05 191.66 193.37 195.18 197.07 199.07 201.15 203.31 205.44 207.42 209.23 210.89 212.40 213.75 214.52 213.28 209.41 203.00 194.16 183.02 169.70 154.32 137.29 121.61 109.31 100.32 94.48 91.65 91.68 94.43 99.68
210.31 209.40 208.41 207.33 206.14 204.85 203.43 201.89 200.21 198.41 196.50 194.51 192.43 190.29 188.07 185.79 183.49 181.43 179.72 178.37 177.39 176.77 176.53 176.63 176.96 177.39 177.88 178.41 178.95 179.47 179.95 180.37 180.74 181.18 181.74 182.44 183.26 184.23 185.34 186.59 187.96 189.43 190.99 192.64 194.39 196.22 198.13 200.02 201.77 203.37 204.84 206.18 207.38 208.47 209.43 209.81 208.16 203.83 196.89 187.47 175.70 161.68 145.85 131.21 119.79 111.52 106.27 103.87 104.18 106.99 111.40
205.12 204.31 203.43 202.45 201.38 200.20 198.91 197.50 195.95 194.27 192.46 190.55 188.55 186.49 184.35 182.14 179.93 177.98 176.42 175.26 174.50 174.16 174.20 174.50 174.93 175.46 176.05 176.69 177.34 177.99 178.61 179.16 179.64 180.05 180.53 181.12 181.83 182.67 183.64 184.75 185.96 187.27 188.67 190.16 191.74 193.39 195.03 196.54 197.93 199.20 200.36 201.40 202.34 203.18 203.93 204.58 204.67 202.69 197.97 190.59 180.68 168.35 154.03 140.74 130.52 123.30 118.94 117.29 118.13 120.52 123.47
200.00 199.32 198.55 197.70 196.76 195.72 194.57 193.30 191.91 190.38 188.71 186.91 185.01 183.04 181.00 178.89 176.77 174.94 173.54 172.59 172.08 171.99 172.20 172.58 173.08 173.68 174.35 175.08 175.83 176.59 177.32 177.99 178.60 179.10 179.53 180.00 180.59 181.29 182.11 183.06 184.11 185.24 186.47 187.78 189.17 190.55 191.82 192.99 194.05 195.02 195.90 196.68 197.39 198.02 198.57 199.06 199.48 199.36 197.14 192.12 184.39 174.07 161.57 149.94 141.24 135.39 132.25 131.58 132.42 133.72 135.33
195.03 194.48 193.86 193.15 192.36 191.47 190.48 189.38 188.15 186.80 185.30 183.67 181.90 180.03 178.10 176.10 174.09 172.40 171.18 170.45 170.18 170.23 170.48 170.90 171.44 172.10 172.84 173.63 174.46 175.30 176.12 176.90 177.61 178.22 178.72 179.13 179.58 180.13 180.79 181.56 182.43 183.38 184.42 185.54 186.65 187.67 188.61 189.46 190.23 190.93 191.56 192.12 192.63 193.08 193.48 193.84 194.16 194.43 194.18 191.80 186.57 178.57 168.22 158.57 151.70 147.54 145.84 145.59 145.71 146.03 146.60
190.28 189.88 189.41 188.87 188.24 187.53 186.71 185.79 184.75 183.58 182.29 180.85 179.26 177.54 175.73 173.85 171.97 170.44 169.42 168.90 168.74 168.81 169.07 169.50 170.07 170.76 171.54 172.38 173.27 174.17 175.06 175.92 176.71 177.42 178.02 178.49 178.85 179.23 179.72 180.30 180.98 181.74 182.57 183.41 184.18 184.88 185.51 186.08 186.59 187.05 187.46 187.83 188.17 188.48 188.76 189.02 189.26 189.49 189.71 189.42 186.96 181.59 173.71 166.36 161.64 159.38 158.53 157.93 157.44 157.07 156.86
185.81 185.58 185.29 184.93 184.49 183.96 183.34 182.61 181.77 180.82 179.73 178.51 177.15 175.63 173.98 172.24 170.50 169.14 168.30 167.87 167.70 167.75 168.00 168.43 169.01 169.71 170.50 171.38 172.30 173.24 174.18 175.10 175.96 176.74 177.42 177.97 178.37 178.65 178.94 179.33 179.80 180.35 180.90 181.41 181.86 182.26 182.62 182.94 183.22 183.48 183.71 183.93 184.13 184.32 184.51 184.71 184.91 185.12 185.35 185.60 185.34 182.89 177.78 173.06 170.70 169.71 168.88 168.03 167.20 166.42 165.71
181.70 181.66 181.56 181.39 181.15 180.83 180.42 179.91 179.30 178.57 177.72 176.73 175.61 174.33 172.91 171.34 169.76 168.55 167.78 167.31 167.09 167.10 167.32 167.73 168.29 168.98 169.78 170.65 171.59 172.55 173.52 174.47 175.38 176.21 176.95 177.57 178.04 178.34 178.51 178.69 178.93 179.20 179.43 179.63 179.79 179.93 180.05 180.15 180.25 180.33 180.42 180.51 180.61 180.72 180.86 181.02 181.21 181.44 181.70 182.02 182.37 182.24 180.19 178.29 177.63 177.02 176.30 175.48 174.60 173.68 172.77
178.02 178.18 178.29 178.34 178.32 178.22 178.04 177.77 177.39 176.90 176.30 175.57 174.70 173.69 172.53 171.21 169.80 168.63 167.79 167.24 166.95 166.90 167.07 167.43 167.96 168.62 169.39 170.26 171.19 172.15 173.13 174.10 175.03 175.89 176.67 177.33 177.86 178.22 178.39 178.41 178.38 178.33 178.27 178.19 178.10 178.01 177.92 177.84 177.77 177.72 177.69 177.69 177.72 177.79 177.90 178.06 178.28 178.55 178.89 179.29 179.77 180.32 180.62 180.80 180.89 180.75 180.41 179.90 179.25 178.48 177.63
174.89 175.26 175.58 175.85 176.05 176.18 176.23 176.20 176.06 175.82 175.47 174.99 174.38 173.64 172.75 171.69 170.44 169.23 168.30 167.66 167.30 167.19 167.30 167.60 168.08 168.70 169.45 170.29 171.21 172.16 173.14 174.12 175.06 175.95 176.76 177.46 178.03 178.45 178.66 178.53 178.19 177.85 177.51 177.17 176.86 176.56 176.28 176.04 175.83 175.67 175.54 175.47 175.46 175.51 175.62 175.80 176.06 176.40 176.83 177.35 177.97 178.69 179.50 180.47 181.31 181.85 182.11 182.12 181.90 181.50 180.93
172.42 172.98 173.50 173.96 174.37 174.70 174.97 175.14 175.23 175.21 175.09 174.85 174.48 173.98 173.33 172.45 171.32 170.18 169.21 168.50 168.08 167.91 167.97 168.24 168.68 169.28 170.01 170.85 171.76 172.72 173.71 174.71 175.68 176.61 177.46 178.21 178.84 179.31 179.43 179.05 178.43 177.79 177.18 176.60 176.05 175.55 175.10 174.70 174.35 174.08 173.87 173.73 173.67 173.70 173.82 174.03 174.34 174.75 175.28 175.92 176.67 177.52 178.46 179.67 181.14 182.44 183.39 184.01 184.33 184.37 184.18
170.61 171.33 172.01 172.65 173.23 173.75 174.20 174.57 174.85 175.03 175.11 175.08 174.93 174.63 174.13 173.36 172.34 171.30 170.38 169.65 169.18 168.98 169.01 169.25 169.68 170.27 171.00 171.84 172.77 173.76 174.78 175.81 176.83 177.81 178.72 179.54 180.23 180.64 180.56 179.93 179.05 178.14 177.25 176.42 175.65 174.95 174.32 173.76 173.29 172.90 172.60 172.40 172.30 172.31 172.43 172.67 173.03 173.52 174.14 174.90 175.77 176.72 177.77 179.10 180.81 182.74 184.44 185.75 186.67 187.25 187.50
169.41 170.27 171.09 171.88 172.61 173.28 173.89 174.43 174.88 175.24 175.50 175.65 175.68 175.51 175.08 174.39 173.47 172.53 171.69 171.00 170.52 170.29 170.31 170.55 170.98 171.58 172.32 173.19 174.14 175.17 176.24 177.32 178.40 179.45 180.44 181.33 181.99 182.24 181.96 181.11 179.99 178.83 177.69 176.62 175.62 174.72 173.91 173.20 172.59 172.09 171.71 171.45 171.31 171.30 171.43 171.70 172.11 172.68 173.40 174.24 175.18 176.22 177.39 178.84 180.67 182.84 185.16 187.22 188.83 190.00 190.77
168.78 169.75 170.70 171.60 172.46 173.27 174.01 174.69 175.28 175.79 176.21 176.51 176.63 176.51 176.14 175.53 174.70 173.83 173.06 172.43 171.98 171.75 171.77 172.02 172.47 173.10 173.87 174.78 175.78 176.86 177.99 179.15 180.31 181.44 182.51 183.40 183.95 184.05 183.60 182.55 181.21 179.83 178.46 177.14 175.93 174.82 173.84 172.97 172.24 171.63 171.16 170.84 170.67 170.64 170.78 171.08 171.55 172.18 172.97 173.86 174.87 176.00 177.28 178.86 180.80 183.08 185.64 188.31 190.67 192.52 193.89
168.70 169.75 170.79 171.79 172.75 173.66 174.52 175.31 176.02 176.66 177.20 177.56 177.71 177.62 177.30 176.75 175.99 175.20 174.49 173.90 173.48 173.27 173.31 173.58 174.06 174.73 175.56 176.52 177.59 178.74 179.95 181.19 182.45 183.67 184.77 185.59 186.04 186.01 185.41 184.19 182.67 181.09 179.51 177.97 176.53 175.22 174.06 173.05 172.18 171.47 170.92 170.54 170.33 170.29 170.44 170.77 171.29 171.97 172.78 173.71 174.79 176.01 177.40 179.10 181.17 183.56 186.23 189.13 192.09 194.69 196.73
169.11 170.23 171.33 172.40 173.44 174.43 175.37 176.25 177.07 177.79 178.37 178.73 178.88 178.81 178.53 178.03 177.33 176.60 175.94 175.39 174.99 174.79 174.83 175.13 175.66 176.39 177.28 178.31 179.46 180.70 182.01 183.36 184.71 185.99 187.07 187.84 188.21 188.08 187.36 185.99 184.31 182.55 180.79 179.06 177.41 175.90 174.55 173.39 172.39 171.58 170.95 170.51 170.26 170.21 170.37 170.73 171.27 171.95 172.78 173.76 174.90 176.22 177.72 179.53 181.72 184.22 187.00 190.01 193.20 196.40 199.18
169.93 171.14 172.28 173.40 174.49 175.54 176.54 177.49 178.36 179.10 179.64 179.99 180.13 180.07 179.81 179.35 178.71 178.02 177.39 176.86 176.47 176.27 176.29 176.59 177.17 177.96 178.94 180.06 181.31 182.65 184.07 185.54 186.98 188.28 189.36 190.10 190.42 190.21 189.38 187.90 186.07 184.17 182.25 180.35 178.52 176.81 175.28 173.95 172.84 171.92 171.21 170.71 170.43 170.37 170.53 170.89 171.41 172.09 172.93 173.96 175.17 176.57 178.18 180.12 182.42 185.03 187.92 191.03 194.33 197.75 201.13
170.98 172.40 173.61 174.75 175.87 176.95 177.99 178.97 179.82 180.50 180.99 181.30 181.43 181.37 181.12 180.69 180.09 179.44 178.83 178.31 177.92 177.70 177.70 177.95 178.51 179.37 180.44 181.67 183.03 184.50 186.04 187.62 189.13 190.48 191.57 192.31 192.60 192.35 191.45 189.86 187.93 185.90 183.84 181.80 179.81 177.94 176.23 174.73 173.47 172.45 171.66 171.11 170.80 170.72 170.86 171.17 171.66 172.34 173.20 174.27 175.54 177.03 178.76 180.81 183.22 185.95 188.95 192.17 195.56 199.08 202.67
172.14 173.82 175.22 176.41 177.53 178.62 179.66 180.59 181.36 181.97 182.40 182.67 182.76 182.69 182.44 182.03 181.45 180.83 180.23 179.71 179.31 179.06 179.02 179.22 179.72 180.54 181.69 183.04 184.53 186.13 187.82 189.51 191.12 192.54 193.68 194.44 194.72 194.44 193.49 191.83 189.81 187.69 185.52 183.35 181.24 179.22 177.36 175.70 174.28 173.15 172.28 171.67 171.32 171.20 171.27 171.53 171.99 172.66 173.54 174.65 175.99 177.56 179.40 181.57 184.10 186.94 190.04 193.36 196.86 200.47 204.16
173.40 175.29 176.93 178.30 179.45 180.51 181.48 182.30 182.96 183.48 183.84 184.05 184.11 184.01 183.75 183.34 182.79 182.17 181.58 181.04 180.61 180.33 180.24 180.38 180.79 181.53 182.63 184.07 185.71 187.48 189.33 191.17 192.89 194.40 195.61 196.42 196.73 196.45 195.47 193.77 191.68 189.48 187.23 184.97 182.75 180.61 178.62 176.82 175.26 173.98 173.02 172.35 171.93 171.72 171.71 171.92 172.35 173.01 173.91 175.06 176.46 178.13 180.07 182.36 185.00 187.95 191.16 194.59 198.18 201.89 205.67
174.73 176.79 178.63 180.22 181.52 182.53 183.35 184.05 184.60 185.02 185.30 185.44 185.44 185.31 185.03 184.61 184.06 183.45 182.84 182.28 181.82 181.48 181.33 181.39 181.72 182.36 183.35 184.73 186.51 188.49 190.53 192.53 194.40 196.03 197.34 198.21 198.57 198.31 197.34 195.61 193.49 191.24 188.93 186.59 184.29 182.07 179.97 178.06 176.37 174.95 173.86 173.09 172.55 172.23 172.15 172.30 172.70 173.35 174.27 175.45 176.92 178.67 180.73 183.13 185.89 188.95 192.26 195.79 199.48 203.29 207.17
176.12 178.30 180.30 182.05 183.49 184.55 185.27 185.82 186.25 186.56 186.75 186.81 186.75 186.56 186.25 185.81 185.26 184.64 184.01 183.41 182.89 182.50 182.27 182.25 182.48 183.00 183.87 185.18 186.96 189.11 191.37 193.56 195.59 197.37 198.79 199.77 200.20 199.99 199.04 197.31 195.18 192.91 190.56 188.18 185.82 183.53 181.36 179.35 177.56 176.04 174.78 173.80 173.11 172.70 172.53 172.63 173.00 173.64 174.57 175.80 177.33 179.17 181.33 183.85 186.72 189.89 193.31 196.94 200.73 204.63 208.60
177.56 179.81 181.90 183.73 185.24 186.38 187.15 187.60 187.90 188.09 188.16 188.14 188.00 187.75 187.40 186.93 186.36 185.71 185.05 184.40 183.83 183.36 183.05 182.93 183.04 183.46 184.26 185.53 187.25 189.38 191.79 194.20 196.42 198.37 199.94 201.04 201.57 201.43 200.53 198.83 196.70 194.43 192.08 189.68 187.28 184.95 182.73 180.66 178.79 177.13 175.69 174.50 173.62 173.07 172.83 172.87 173.21 173.84 174.79 176.06 177.65 179.57 181.85 184.48 187.46 190.74 194.27 198.00 201.88 205.88 209.94
179.01 181.29 183.38 185.20 186.74 187.95 188.82 189.32 189.52 189.57 189.53 189.40 189.18 188.86 188.44 187.94 187.33 186.66 185.94 185.24 184.60 184.04 183.63 183.40 183.41 183.78 184.59 185.83 187.47 189.49 191.84 194.40 196.84 198.98 200.72 201.97 202.62 202.58 201.75 200.11 198.02 195.77 193.43 191.03 188.64 186.29 184.03 181.92 179.95 178.14 176.52 175.15 174.07 173.35 173.00 172.98 173.28 173.91 174.87 176.18 177.83 179.84 182.22 184.97 188.06 191.45 195.08 198.91 202.90 206.99 211.12
