data_processed/recharge/precip/Precip_2001_11.asc
ncols        168
nrows        136
xllcorner    455000
yllcorner    2107000
cellsize     500
NODATA_value     -99999
[rows 74 to 110 of 136, columns 83 to 165 of 168]
12.81 12.14 11.45 10.76 10.07 9.38 8.71 8.06 7.45 6.87 6.33 5.86 5.44 5.08 4.77 4.49 4.25 4.02 3.82 3.63 3.47 3.32 3.19 3.07 2.98 2.90 2.82 2.74 2.66 2.58 2.49 2.41 2.32 2.24 2.15 2.06 1.96 1.87 1.77 1.67 1.57 1.48 1.38 1.30 1.21 1.14 1.08 1.06 1.05 1.07 1.11 1.17 1.23 1.29 1.36 1.42 1.49 1.56 1.63 1.70 1.77 1.83 1.90 1.97 2.03 2.08 2.12 2.14 2.13 2.11 2.06 1.99 1.92 1.85 1.77 1.69 1.62 1.54 1.46 1.38 1.31 1.24 1.18
13.03 12.40 11.74 11.07 10.39 9.71 9.05 8.40 7.78 7.19 6.64 6.14 5.69 5.31 4.99 4.70 4.45 4.22 4.00 3.80 3.62 3.47 3.33 3.21 3.10 3.00 2.90 2.81 2.71 2.62 2.52 2.43 2.34 2.25 2.16 2.07 1.98 1.89 1.80 1.71 1.62 1.54 1.46 1.38 1.31 1.25 1.22 1.21 1.22 1.25 1.29 1.35 1.40 1.46 1.52 1.58 1.64 1.69 1.75 1.81 1.87 1.92 1.97 2.02 2.07 2.11 2.15 2.16 2.16 2.13 2.09 2.02 1.95 1.87 1.79 1.71 1.63 1.56 1.48 1.41 1.34 1.27 1.20
13.33 12.72 12.09 11.44 10.77 10.10 9.44 8.79 8.16 7.55 6.98 6.45 5.97 5.55 5.20 4.90 4.64 4.39 4.17 3.96 3.77 3.60 3.45 3.32 3.20 3.08 2.96 2.85 2.74 2.64 2.54 2.44 2.34 2.25 2.16 2.07 1.99 1.91 1.83 1.75 1.67 1.60 1.53 1.47 1.42 1.38 1.36 1.37 1.39 1.43 1.48 1.53 1.58 1.63 1.69 1.74 1.79 1.84 1.89 1.93 1.98 2.02 2.06 2.09 2.13 2.15 2.18 2.19 2.19 2.16 2.11 2.04 1.97 1.89 1.81 1.73 1.66 1.58 1.51 1.44 1.37 1.30 1.24
13.72 13.13 12.52 11.88 11.23 10.56 9.89 9.23 8.59 7.96 7.37 6.81 6.29 5.83 5.42 5.08 4.80 4.55 4.32 4.09 3.89 3.71 3.55 3.40 3.26 3.12 2.99 2.87 2.75 2.63 2.53 2.42 2.33 2.23 2.15 2.06 1.99 1.91 1.84 1.78 1.72 1.66 1.61 1.57 1.53 1.51 1.52 1.54 1.58 1.62 1.67 1.72 1.76 1.81 1.85 1.90 1.94 1.99 2.03 2.06 2.10 2.13 2.16 2.18 2.20 2.21 2.22 2.22 2.22 2.19 2.14 2.07 1.99 1.92 1.84 1.76 1.69 1.62 1.55 1.48 1.41 1.34 1.28
14.20 13.64 13.04 12.41 11.76 11.09 10.42 9.75 9.08 8.43 7.80 7.21 6.65 6.14 5.68 5.29 4.96 4.69 4.44 4.21 3.99 3.80 3.62 3.45 3.29 3.14 2.99 2.85 2.73 2.61 2.49 2.39 2.29 2.20 2.12 2.04 1.97 1.91 1.85 1.80 1.76 1.72 1.69 1.67 1.66 1.66 1.68 1.72 1.76 1.81 1.85 1.90 1.94 1.98 2.03 2.07 2.10 2.14 2.17 2.20 2.23 2.25 2.26 2.28 2.28 2.28 2.28 2.27 2.25 2.22 2.17 2.10 2.02 1.94 1.87 1.80 1.73 1.66 1.59 1.52 1.46 1.39 1.33
14.79 14.25 13.66 13.04 12.39 11.72 11.03 10.34 9.65 8.97 8.31 7.67 7.07 6.51 5.99 5.53 5.14 4.81 4.54 4.30 4.07 3.86 3.66 3.47 3.29 3.12 2.96 2.82 2.68 2.55 2.44 2.33 2.23 2.15 2.07 2.00 1.94 1.89 1.85 1.82 1.80 1.78 1.77 1.77 1.78 1.81 1.85 1.89 1.94 1.99 2.03 2.08 2.12 2.16 2.20 2.23 2.27 2.30 2.32 2.35 2.36 2.38 2.38 2.38 2.38 2.37 2.35 2.33 2.29 2.25 2.20 2.13 2.05 1.98 1.91 1.84 1.77 1.71 1.64 1.58 1.51 1.45 1.38
15.50 14.97 14.39 13.77 13.11 12.43 11.73 11.02 10.30 9.59 8.89 8.21 7.55 6.93 6.36 5.83 5.36 4.96 4.63 4.35 4.11 3.87 3.65 3.44 3.25 3.07 2.90 2.75 2.61 2.48 2.36 2.25 2.16 2.08 2.01 1.95 1.90 1.87 1.84 1.83 1.82 1.83 1.85 1.88 1.92 1.96 2.01 2.06 2.11 2.16 2.20 2.25 2.29 2.33 2.37 2.40 2.43 2.46 2.48 2.49 2.51 2.51 2.51 2.50 2.49 2.47 2.44 2.40 2.35 2.30 2.23 2.16 2.09 2.02 1.95 1.89 1.83 1.76 1.70 1.64 1.58 1.51 1.45
16.24 15.72 15.15 14.53 13.87 13.17 12.46 11.72 10.98 10.24 9.50 8.77 8.07 7.40 6.76 6.17 5.63 5.14 4.72 4.36 4.08 3.83 3.59 3.37 3.16 2.97 2.80 2.64 2.49 2.36 2.25 2.15 2.06 1.99 1.93 1.88 1.85 1.83 1.83 1.83 1.86 1.89 1.94 2.00 2.06 2.11 2.17 2.22 2.27 2.32 2.37 2.42 2.46 2.50 2.54 2.57 2.60 2.62 2.64 2.65 2.65 2.65 2.64 2.63 2.60 2.57 2.53 2.48 2.43 2.36 2.28 2.19 2.12 2.05 1.99 1.93 1.87 1.81 1.75 1.69 1.63 1.57 1.51
16.87 16.38 15.82 15.21 14.55 13.85 13.13 12.38 11.62 10.85 10.08 9.32 8.57 7.85 7.16 6.51 5.90 5.34 4.81 4.34 3.97 3.69 3.45 3.22 3.00 2.81 2.63 2.47 2.33 2.21 2.10 2.01 1.93 1.87 1.83 1.80 1.79 1.80 1.82 1.85 1.90 1.97 2.05 2.14 2.21 2.26 2.32 2.38 2.43 2.49 2.54 2.59 2.63 2.67 2.71 2.74 2.77 2.79 2.80 2.81 2.81 2.80 2.78 2.76 2.73 2.69 2.64 2.58 2.51 2.43 2.33 2.21 2.12 2.06 2.00 1.95 1.90 1.84 1.78 1.73 1.67 1.61 1.55
17.40 16.93 16.39 15.80 15.15 14.46 13.74 12.98 12.21 11.42 10.63 9.84 9.06 8.29 7.56 6.85 6.18 5.53 4.90 4.32 3.85 3.50 3.23 3.00 2.78 2.59 2.42 2.27 2.13 2.02 1.92 1.84 1.79 1.75 1.73 1.72 1.74 1.77 1.82 1.89 1.98 2.08 2.19 2.29 2.36 2.41 2.47 2.53 2.59 2.65 2.70 2.75 2.80 2.84 2.88 2.91 2.94 2.95 2.96 2.97 2.96 2.95 2.93 2.90 2.86 2.81 2.76 2.69 2.60 2.50 2.37 2.24 2.12 2.04 1.99 1.94 1.89 1.84 1.79 1.74 1.68 1.63 1.57
17.81 17.38 16.87 16.30 15.67 15.00 14.28 13.52 12.74 11.94 11.14 10.32 9.51 8.72 7.94 7.18 6.43 5.69 4.97 4.30 3.74 3.29 2.96 2.72 2.51 2.32 2.16 2.02 1.90 1.80 1.72 1.67 1.63 1.62 1.62 1.65 1.70 1.76 1.85 1.96 2.09 2.22 2.34 2.44 2.51 2.56 2.61 2.67 2.74 2.80 2.86 2.92 2.97 3.01 3.05 3.08 3.10 3.12 3.13 3.13 3.12 3.11 3.08 3.05 3.00 2.95 2.88 2.80 2.69 2.57 2.42 2.26 2.13 2.03 1.96 1.91 1.87 1.82 1.78 1.73 1.68 1.63 1.57
18.11 17.72 17.25 16.71 16.11 15.45 14.74 14.00 13.22 12.42 11.60 10.77 9.94 9.12 8.30 7.48 6.66 5.84 5.04 4.28 3.63 3.10 2.69 2.40 2.18 2.01 1.86 1.74 1.64 1.56 1.51 1.48 1.47 1.49 1.53 1.59 1.67 1.78 1.91 2.06 2.22 2.37 2.49 2.59 2.66 2.71 2.76 2.82 2.88 2.95 3.01 3.07 3.13 3.17 3.21 3.25 3.27 3.29 3.30 3.30 3.29 3.27 3.24 3.20 3.14 3.08 3.00 2.90 2.78 2.63 2.46 2.29 2.13 2.01 1.92 1.86 1.82 1.78 1.75 1.70 1.66 1.61 1.56
18.29 17.94 17.52 17.02 16.45 15.82 15.13 14.40 13.63 12.84 12.02 11.18 10.34 9.49 8.62 7.74 6.85 5.96 5.09 4.26 3.54 2.94 2.46 2.09 1.83 1.67 1.54 1.44 1.36 1.31 1.29 1.29 1.32 1.37 1.45 1.55 1.68 1.83 2.01 2.20 2.37 2.52 2.64 2.73 2.80 2.85 2.91 2.96 3.02 3.09 3.15 3.22 3.28 3.33 3.37 3.41 3.43 3.45 3.46 3.46 3.44 3.42 3.39 3.34 3.29 3.22 3.12 3.00 2.86 2.69 2.51 2.31 2.14 2.01 1.90 1.82 1.76 1.73 1.70 1.66 1.62 1.58 1.53
18.34 18.05 17.68 17.22 16.69 16.10 15.44 14.73 13.98 13.20 12.38 11.55 10.69 9.81 8.89 7.96 7.01 6.07 5.14 4.25 3.46 2.80 2.25 1.82 1.51 1.31 1.19 1.12 1.07 1.06 1.07 1.11 1.17 1.27 1.39 1.54 1.72 1.92 2.14 2.34 2.51 2.66 2.78 2.87 2.94 2.99 3.05 3.10 3.16 3.23 3.29 3.36 3.42 3.48 3.52 3.56 3.59 3.61 3.62 3.61 3.60 3.58 3.54 3.49 3.43 3.34 3.23 3.09 2.93 2.75 2.55 2.34 2.16 2.00 1.88 1.78 1.71 1.66 1.63 1.60 1.57 1.54 1.49
18.27 18.04 17.73 17.32 16.84 16.29 15.67 14.99 14.27 13.50 12.70 11.86 10.98 10.06 9.11 8.13 7.15 6.15 5.17 4.23 3.39 2.68 2.08 1.60 1.23 0.99 0.85 0.80 0.79 0.81 0.86 0.94 1.05 1.19 1.37 1.57 1.80 2.04 2.27 2.48 2.65 2.80 2.92 3.01 3.08 3.13 3.18 3.24 3.30 3.36 3.43 3.49 3.55 3.61 3.67 3.71 3.74 3.76 3.77 3.77 3.76 3.73 3.69 3.64 3.56 3.45 3.32 3.16 2.99 2.79 2.58 2.37 2.17 2.00 1.86 1.75 1.66 1.60 1.56 1.53 1.51 1.48 1.45
18.12 17.92 17.66 17.32 16.89 16.38 15.81 15.17 14.47 13.73 12.94 12.10 11.20 10.25 9.27 8.27 7.25 6.22 5.20 4.21 3.33 2.58 1.94 1.42 1.01 0.72 0.55 0.48 0.50 0.57 0.67 0.80 0.96 1.15 1.38 1.64 1.91 2.17 2.40 2.61 2.78 2.93 3.05 3.14 3.21 3.26 3.31 3.37 3.43 3.49 3.56 3.62 3.68 3.74 3.80 3.84 3.88 3.90 3.91 3.91 3.90 3.88 3.83 3.77 3.67 3.55 3.40 3.23 3.04 2.84 2.62 2.39 2.19 2.01 1.86 1.73 1.63 1.55 1.49 1.46 1.44 1.42 1.39
17.91 17.71 17.48 17.19 16.83 16.38 15.85 15.26 14.60 13.89 13.10 12.25 11.34 10.38 9.39 8.36 7.32 6.26 5.21 4.19 3.29 2.50 1.83 1.28 0.84 0.52 0.32 0.23 0.24 0.35 0.50 0.68 0.90 1.15 1.44 1.75 2.04 2.30 2.53 2.73 2.91 3.05 3.17 3.27 3.34 3.39 3.44 3.50 3.56 3.62 3.68 3.74 3.80 3.86 3.92 3.97 4.01 4.04 4.05 4.05 4.04 4.01 3.96 3.87 3.76 3.62 3.46 3.28 3.09 2.87 2.65 2.41 2.20 2.02 1.86 1.72 1.60 1.51 1.44 1.39 1.36 1.35 1.33
17.65 17.45 17.22 16.96 16.66 16.27 15.81 15.26 14.65 13.95 13.17 12.32 11.41 10.45 9.45 8.41 7.35 6.29 5.21 4.18 3.25 2.44 1.75 1.18 0.73 0.39 0.17 0.06 0.06 0.17 0.36 0.61 0.89 1.20 1.54 1.86 2.15 2.42 2.65 2.85 3.02 3.17 3.29 3.39 3.45 3.51 3.56 3.61 3.67 3.73 3.80 3.86 3.92 3.98 4.03 4.08 4.13 4.16 4.18 4.18 4.17 4.13 4.06 3.96 3.83 3.69 3.52 3.33 3.12 2.90 2.67 2.44 2.22 2.03 1.86 1.71 1.59 1.49 1.40 1.34 1.30 1.28 1.26
17.33 17.14 16.91 16.66 16.39 16.06 15.66 15.17 14.59 13.91 13.14 12.31 11.41 10.45 9.45 8.42 7.36 6.29 5.21 4.16 3.22 2.40 1.70 1.12 0.66 0.31 0.08 0.00 0.00 0.06 0.28 0.58 0.92 1.29 1.65 1.97 2.26 2.52 2.76 2.96 3.13 3.28 3.40 3.50 3.57 3.62 3.67 3.72 3.78 3.84 3.90 3.96 4.02 4.08 4.14 4.19 4.23 4.27 4.29 4.29 4.27 4.22 4.13 4.02 3.89 3.73 3.55 3.36 3.15 2.92 2.69 2.45 2.24 2.04 1.87 1.71 1.58 1.47 1.38 1.31 1.26 1.22 1.20
16.96 16.77 16.56 16.31 16.04 15.75 15.40 14.96 14.41 13.76 13.02 12.21 11.33 10.39 9.41 8.39 7.33 6.27 5.19 4.14 3.20 2.38 1.68 1.10 0.64 0.30 0.07 0.00 0.00 0.07 0.28 0.61 1.00 1.39 1.75 2.07 2.36 2.62 2.85 3.06 3.23 3.38 3.50 3.60 3.67 3.72 3.77 3.83 3.88 3.94 4.00 4.06 4.12 4.18 4.23 4.28 4.32 4.36 4.38 4.38 4.34 4.28 4.18 4.06 3.92 3.76 3.57 3.38 3.16 2.94 2.70 2.47 2.25 2.05 1.88 1.72 1.59 1.47 1.37 1.29 1.23 1.18 1.15
16.55 16.37 16.15 15.92 15.66 15.37 15.03 14.62 14.11 13.51 12.81 12.03 11.18 10.27 9.31 8.31 7.28 6.22 5.16 4.12 3.19 2.38 1.70 1.13 0.68 0.35 0.14 0.03 0.05 0.17 0.40 0.73 1.10 1.48 1.83 2.16 2.45 2.71 2.94 3.15 3.32 3.47 3.59 3.69 3.76 3.81 3.86 3.92 3.98 4.04 4.10 4.16 4.21 4.27 4.32 4.37 4.41 4.44 4.45 4.43 4.39 4.31 4.21 4.08 3.93 3.76 3.58 3.38 3.17 2.94 2.71 2.48 2.26 2.07 1.89 1.74 1.60 1.48 1.38 1.29 1.22 1.17 1.12
16.10 15.92 15.71 15.48 15.22 14.92 14.57 14.17 13.70 13.15 12.50 11.76 10.95 10.08 9.16 8.19 7.19 6.16 5.12 4.10 3.19 2.40 1.74 1.19 0.77 0.46 0.27 0.19 0.23 0.38 0.62 0.90 1.22 1.56 1.91 2.23 2.52 2.79 3.02 3.22 3.40 3.55 3.67 3.77 3.84 3.89 3.94 4.00 4.06 4.12 4.18 4.24 4.29 4.35 4.40 4.45 4.48 4.50 4.49 4.45 4.40 4.31 4.21 4.07 3.92 3.75 3.57 3.37 3.16 2.94 2.71 2.49 2.28 2.08 1.91 1.76 1.62 1.50 1.40 1.31 1.23 1.17 1.12
15.60 15.43 15.23 15.00 14.73 14.41 14.04 13.64 13.19 12.68 12.09 11.41 10.66 9.83 8.95 8.03 7.06 6.07 5.07 4.08 3.20 2.45 1.81 1.30 0.91 0.63 0.48 0.43 0.50 0.67 0.88 1.12 1.38 1.67 1.98 2.29 2.59 2.85 3.09 3.29 3.47 3.62 3.74 3.83 3.91 3.96 4.01 4.07 4.13 4.19 4.25 4.30 4.36 4.42 4.47 4.51 4.53 4.52 4.50 4.45 4.38 4.29 4.18 4.04 3.89 3.72 3.54 3.34 3.14 2.93 2.71 2.49 2.28 2.10 1.93 1.78 1.65 1.53 1.42 1.33 1.26 1.19 1.13
15.07 14.91 14.71 14.47 14.18 13.84 13.47 13.05 12.60 12.12 11.59 10.97 10.28 9.52 8.70 7.82 6.91 5.97 5.00 4.06 3.22 2.51 1.92 1.45 1.10 0.87 0.75 0.76 0.85 1.00 1.16 1.36 1.57 1.81 2.07 2.35 2.64 2.90 3.14 3.34 3.52 3.67 3.79 3.89 3.96 4.02 4.07 4.13 4.18 4.24 4.30 4.36 4.42 4.47 4.52 4.54 4.54 4.52 4.48 4.41 4.33 4.24 4.12 3.99 3.84 3.67 3.49 3.30 3.11 2.90 2.69 2.48 2.29 2.11 1.95 1.81 1.68 1.57 1.47 1.38 1.30 1.22 1.15
14.51 14.34 14.13 13.87 13.57 13.22 12.84 12.43 11.98 11.50 11.00 10.45 9.83 9.14 8.38 7.57 6.72 5.84 4.93 4.03 3.25 2.59 2.05 1.63 1.34 1.16 1.10 1.14 1.22 1.33 1.46 1.61 1.78 1.98 2.19 2.43 2.68 2.94 3.17 3.38 3.56 3.71 3.83 3.93 4.00 4.06 4.11 4.17 4.23 4.29 4.35 4.41 4.46 4.51 4.54 4.54 4.53 4.49 4.43 4.35 4.26 4.16 4.04 3.91 3.76 3.60 3.43 3.25 3.06 2.87 2.67 2.47 2.29 2.13 1.98 1.84 1.72 1.61 1.52 1.43 1.35 1.27 1.19
13.91 13.73 13.50 13.23 12.91 12.56 12.18 11.77 11.32 10.86 10.37 9.86 9.31 8.70 8.02 7.28 6.50 5.68 4.84 4.01 3.28 2.69 2.21 1.86 1.63 1.52 1.50 1.53 1.59 1.66 1.76 1.87 2.01 2.16 2.34 2.53 2.74 2.97 3.20 3.40 3.58 3.73 3.86 3.96 4.03 4.09 4.14 4.20 4.26 4.32 4.38 4.44 4.49 4.52 4.53 4.51 4.48 4.43 4.36 4.27 4.17 4.06 3.94 3.81 3.66 3.51 3.35 3.18 3.00 2.82 2.64 2.46 2.29 2.14 2.00 1.88 1.77 1.67 1.58 1.49 1.40 1.31 1.23
13.27 13.07 12.82 12.54 12.22 11.87 11.48 11.07 10.64 10.18 9.71 9.22 8.72 8.19 7.60 6.95 6.25 5.51 4.74 3.98 3.33 2.80 2.40 2.12 1.97 1.91 1.90 1.91 1.93 1.98 2.05 2.13 2.24 2.36 2.50 2.65 2.82 3.01 3.21 3.41 3.59 3.74 3.87 3.97 4.04 4.10 4.16 4.21 4.27 4.33 4.39 4.45 4.48 4.49 4.48 4.45 4.40 4.34 4.26 4.16 4.05 3.94 3.81 3.68 3.54 3.40 3.25 3.09 2.93 2.76 2.60 2.44 2.29 2.15 2.03 1.92 1.82 1.73 1.64 1.55 1.46 1.37 1.27
12.58 12.36 12.10 11.81 11.49 11.14 10.76 10.36 9.94 9.50 9.04 8.58 8.11 7.63 7.12 6.57 5.96 5.31 4.62 3.95 3.38 2.94 2.62 2.43 2.34 2.29 2.26 2.25 2.26 2.28 2.32 2.39 2.46 2.55 2.66 2.78 2.92 3.07 3.23 3.41 3.58 3.74 3.86 3.96 4.04 4.10 4.15 4.21 4.27 4.33 4.39 4.43 4.44 4.43 4.40 4.36 4.30 4.22 4.13 4.03 3.91 3.80 3.67 3.54 3.40 3.27 3.13 2.99 2.84 2.69 2.55 2.41 2.28 2.16 2.05 1.96 1.87 1.78 1.70 1.60 1.51 1.42 1.32
11.84 11.62 11.35 11.06 10.74 10.39 10.02 9.63 9.22 8.80 8.37 7.93 7.49 7.05 6.60 6.14 5.64 5.08 4.50 3.92 3.44 3.09 2.87 2.75 2.67 2.62 2.57 2.55 2.54 2.55 2.58 2.62 2.67 2.74 2.82 2.92 3.02 3.14 3.27 3.41 3.56 3.71 3.84 3.94 4.02 4.08 4.14 4.19 4.26 4.31 4.35 4.36 4.36 4.33 4.29 4.23 4.16 4.07 3.97 3.87 3.75 3.63 3.51 3.38 3.25 3.12 2.99 2.86 2.74 2.61 2.49 2.37 2.26 2.16 2.08 2.00 1.92 1.83 1.75 1.66 1.57 1.47 1.37
11.08 10.84 10.58 10.28 9.96 9.62 9.26 8.89 8.50 8.10 7.70 7.29 6.89 6.48 6.08 5.68 5.28 4.84 4.36 3.88 3.51 3.27 3.13 3.03 2.95 2.89 2.84 2.81 2.79 2.79 2.80 2.82 2.86 2.91 2.97 3.04 3.12 3.21 3.32 3.43 3.55 3.67 3.80 3.90 3.98 4.04 4.10 4.16 4.21 4.25 4.27 4.27 4.24 4.20 4.15 4.07 3.99 3.90 3.79 3.68 3.57 3.45 3.32 3.20 3.07 2.95 2.84 2.72 2.62 2.51 2.41 2.32 2.24 2.16 2.10 2.03 1.95 1.88 1.79 1.71 1.61 1.52 1.42
10.28 10.04 9.78 9.49 9.18 8.85 8.50 8.15 7.78 7.41 7.04 6.66 6.29 5.93 5.57 5.23 4.90 4.57 4.20 3.84 3.58 3.43 3.32 3.23 3.15 3.09 3.04 3.00 2.98 2.97 2.97 2.99 3.01 3.05 3.09 3.15 3.21 3.28 3.36 3.45 3.54 3.64 3.74 3.84 3.92 3.98 4.04 4.10 4.14 4.15 4.15 4.13 4.09 4.04 3.97 3.89 3.80 3.70 3.59 3.48 3.36 3.24 3.12 3.00 2.89 2.77 2.67 2.57 2.48 2.40 2.33 2.26 2.21 2.16 2.10 2.04 1.98 1.90 1.83 1.74 1.66 1.56 1.47
9.47 9.23 8.97 8.68 8.38 8.07 7.74 7.41 7.07 6.73 6.39 6.05 5.72 5.40 5.10 4.81 4.54 4.28 4.04 3.80 3.64 3.53 3.43 3.35 3.28 3.22 3.17 3.14 3.12 3.10 3.10 3.11 3.13 3.15 3.19 3.23 3.28 3.33 3.39 3.46 3.53 3.61 3.68 3.77 3.84 3.91 3.96 4.00 4.02 4.01 3.99 3.95 3.90 3.83 3.76 3.67 3.57 3.47 3.36 3.24 3.13 3.01 2.90 2.79 2.68 2.58 2.49 2.41 2.34 2.28 2.23 2.20 2.17 2.13 2.09 2.04 1.98 1.92 1.85 1.77 1.69 1.60 1.51
8.64 8.41 8.15 7.88 7.59 7.29 6.99 6.68 6.37 6.07 5.76 5.47 5.18 4.91 4.66 4.42 4.21 4.02 3.87 3.73 3.62 3.52 3.44 3.37 3.31 3.26 3.23 3.20 3.18 3.17 3.17 3.18 3.19 3.21 3.24 3.27 3.31 3.36 3.40 3.46 3.51 3.57 3.63 3.69 3.75 3.80 3.84 3.86 3.85 3.83 3.80 3.74 3.68 3.60 3.51 3.42 3.32 3.21 3.10 2.99 2.88 2.77 2.66 2.56 2.46 2.38 2.30 2.24 2.18 2.15 2.13 2.12 2.11 2.09 2.06 2.02 1.97 1.92 1.86 1.79 1.71 1.63 1.54
7.87 7.64 7.39 7.12 6.85 6.57 6.29 6.01 5.73 5.46 5.19 4.94 4.70 4.48 4.27 4.10 3.94 3.82 3.72 3.62 3.53 3.45 3.39 3.34 3.29 3.26 3.23 3.21 3.20 3.20 3.20 3.21 3.23 3.25 3.27 3.30 3.34 3.37 3.41 3.45 3.49 3.53 3.57 3.62 3.65 3.68 3.69 3.69 3.67 3.63 3.58 3.51 3.43 3.35 3.25 3.15 3.05 2.94 2.83 2.72 2.61 2.51 2.41 2.32 2.24 2.17 2.11 2.06 2.03 2.02 2.02 2.02 2.02 2.02 2.00 1.98 1.95 1.90 1.85 1.79 1.72 1.65 1.56
7.22 6.99 6.74 6.48 6.22 5.96 5.70 5.44 5.18 4.94 4.70 4.49 4.29 4.11 3.96 3.83 3.74 3.66 3.58 3.50 3.42 3.37 3.32 3.29 3.26 3.24 3.23 3.22 3.22 3.23 3.24 3.25 3.27 3.29 3.32 3.34 3.37 3.40 3.43 3.46 3.49 3.51 3.54 3.56 3.57 3.57 3.55 3.52 3.48 3.42 3.36 3.28 3.19 3.10 3.00 2.89 2.78 2.67 2.57 2.46 2.36 2.26 2.18 2.10 2.03 1.97 1.93 1.90 1.89 1.90 1.91 1.91 1.92 1.93 1.93 1.92 1.90 1.87 1.83 1.78 1.72 1.65 1.58
6.70 6.45 6.21 5.95 5.70 5.44 5.19 4.95 4.72 4.50 4.30 4.11 3.95 3.81 3.70 3.63 3.57 3.52 3.45 3.38 3.32 3.28 3.25 3.24 3.23 3.22 3.23 3.23 3.24 3.26 3.27 3.29 3.32 3.34 3.36 3.39 3.41 3.44 3.46 3.48 3.50 3.51 3.52 3.52 3.50 3.46 3.41 3.36 3.30 3.23 3.14 3.05 2.96 2.85 2.75 2.64 2.53 2.42 2.31 2.21 2.12 2.03 1.95 1.88 1.83 1.79 1.76 1.76 1.76 1.78 1.79 1.80 1.81 1.82 1.84 1.84 1.84 1.82 1.79 1.75 1.71 1.65 1.58
6.28 6.03 5.78 5.52 5.27 5.02 4.78 4.55 4.33 4.14 3.96 3.80 3.67 3.57 3.50 3.46 3.42 3.38 3.32 3.26 3.21 3.18 3.17 3.17 3.19 3.20 3.22 3.24 3.26 3.29 3.31 3.34 3.36 3.39 3.42 3.44 3.46 3.48 3.50 3.51 3.52 3.53 3.51 3.48 3.43 3.37 3.29 3.21 3.12 3.03 2.94 2.84 2.73 2.62 2.51 2.39 2.28 2.18 2.07 1.98 1.89 1.81 1.74 1.68 1.64 1.62 1.61 1.62 1.64 1.65 1.66 1.67 1.69 1.70 1.73 1.75 1.76 1.75 1.74 1.72 1.68 1.63 1.57
