data_processed/recharge/precip/Precip_1997_03.asc
ncols        168
nrows        136
xllcorner    455000
yllcorner    2107000
cellsize     500
NODATA_value     -99999
[rows 0 to 34 of 136, columns 0 to 76 of 168]
66.36 63.44 60.52 57.63 54.78 51.99 49.27 46.65 44.14 41.81 39.70 37.84 36.24 34.91 33.76 32.73 31.81 30.99 30.28 29.64 29.07 28.55 28.08 27.66 27.29 26.97 26.70 26.47 26.29 26.15 26.05 26.00 25.98 26.00 26.06 26.15 26.27 26.43 26.62 26.84 27.09 27.36 27.67 27.99 28.34 28.71 29.11 29.52 29.95 30.39 30.85 31.33 31.82 32.32 32.83 33.35 33.87 34.41 34.94 35.48 36.03 36.56 37.09 37.62 38.14 38.66 39.18 39.68 40.17 40.64 41.10 41.53 41.92 42.26 42.55 42.81 43.02
66.80 63.79 60.80 57.82 54.89 52.02 49.22 46.52 43.98 41.65 39.55 37.68 36.07 34.72 33.56 32.52 31.58 30.74 30.00 29.36 28.80 28.30 27.85 27.45 27.10 26.80 26.54 26.33 26.16 26.04 25.95 25.91 25.91 25.94 26.01 26.11 26.25 26.41 26.61 26.84 27.10 27.38 27.69 28.02 28.38 28.76 29.15 29.57 30.00 30.45 30.92 31.39 31.88 32.38 32.89 33.41 33.94 34.47 35.01 35.54 36.08 36.60 37.12 37.64 38.15 38.66 39.17 39.67 40.16 40.63 41.08 41.52 41.93 42.30 42.62 42.90 43.13
67.14 64.06 60.99 57.94 54.93 51.98 49.12 46.39 43.86 41.54 39.43 37.57 35.95 34.59 33.42 32.35 31.40 30.54 29.78 29.13 28.56 28.07 27.64 27.26 26.92 26.63 26.39 26.20 26.04 25.93 25.86 25.83 25.84 25.88 25.96 26.08 26.22 26.40 26.61 26.84 27.11 27.40 27.71 28.05 28.41 28.79 29.20 29.61 30.05 30.50 30.97 31.45 31.94 32.44 32.95 33.47 33.99 34.52 35.05 35.58 36.10 36.61 37.12 37.62 38.13 38.64 39.14 39.64 40.12 40.58 41.03 41.47 41.89 42.28 42.63 42.93 43.19
67.39 64.24 61.10 57.98 54.91 51.90 49.01 46.30 43.78 41.46 39.36 37.50 35.87 34.50 33.32 32.24 31.27 30.40 29.62 28.94 28.36 27.87 27.45 27.08 26.76 26.49 26.26 26.08 25.94 25.84 25.78 25.76 25.78 25.84 25.93 26.05 26.20 26.39 26.61 26.85 27.12 27.42 27.74 28.08 28.45 28.83 29.24 29.66 30.10 30.55 31.02 31.50 31.99 32.49 33.00 33.51 34.03 34.56 35.08 35.59 36.10 36.59 37.09 37.59 38.08 38.58 39.08 39.57 40.05 40.51 40.96 41.39 41.81 42.21 42.58 42.91 43.19
67.55 64.34 61.13 57.95 54.82 51.80 48.94 46.24 43.74 41.43 39.33 37.47 35.84 34.46 33.26 32.18 31.19 30.30 29.51 28.82 28.21 27.70 27.28 26.92 26.62 26.36 26.15 25.98 25.85 25.76 25.72 25.71 25.74 25.80 25.90 26.03 26.19 26.39 26.61 26.86 27.14 27.44 27.76 28.11 28.48 28.87 29.27 29.70 30.14 30.59 31.06 31.54 32.03 32.53 33.03 33.55 34.06 34.58 35.08 35.58 36.07 36.55 37.04 37.52 38.01 38.51 39.00 39.48 39.95 40.41 40.86 41.29 41.70 42.10 42.48 42.83 43.14
67.62 64.35 61.10 57.87 54.73 51.74 48.90 46.22 43.73 41.43 39.34 37.48 35.85 34.46 33.26 32.16 31.16 30.26 29.45 28.74 28.12 27.59 27.15 26.78 26.49 26.25 26.05 25.89 25.77 25.70 25.66 25.67 25.70 25.78 25.88 26.02 26.19 26.39 26.62 26.88 27.16 27.46 27.79 28.14 28.52 28.91 29.31 29.74 30.18 30.63 31.10 31.58 32.07 32.56 33.07 33.57 34.08 34.57 35.06 35.54 36.01 36.48 36.96 37.43 37.91 38.40 38.89 39.37 39.83 40.29 40.73 41.15 41.57 41.96 42.34 42.70 43.03
67.61 64.29 61.00 57.77 54.67 51.70 48.88 46.23 43.75 41.47 39.39 37.52 35.89 34.50 33.29 32.18 31.18 30.26 29.45 28.72 28.08 27.53 27.07 26.69 26.39 26.16 25.97 25.82 25.72 25.65 25.63 25.64 25.68 25.76 25.88 26.03 26.20 26.41 26.64 26.90 27.19 27.50 27.83 28.18 28.55 28.95 29.36 29.78 30.22 30.67 31.14 31.62 32.10 32.59 33.09 33.59 34.07 34.54 35.01 35.47 35.93 36.39 36.85 37.32 37.79 38.27 38.75 39.23 39.69 40.14 40.57 41.00 41.41 41.80 42.18 42.54 42.88
67.52 64.17 60.88 57.69 54.62 51.69 48.90 46.26 43.81 41.53 39.46 37.61 35.98 34.58 33.37 32.25 31.23 30.31 29.48 28.74 28.09 27.53 27.05 26.65 26.33 26.09 25.91 25.77 25.68 25.62 25.61 25.63 25.68 25.77 25.89 26.04 26.22 26.43 26.67 26.94 27.23 27.54 27.87 28.23 28.60 28.99 29.40 29.83 30.26 30.72 31.18 31.65 32.13 32.62 33.10 33.58 34.04 34.49 34.94 35.39 35.83 36.28 36.73 37.18 37.65 38.12 38.60 39.06 39.52 39.97 40.40 40.82 41.22 41.61 41.99 42.35 42.69
67.36 64.03 60.78 57.63 54.60 51.70 48.93 46.33 43.89 41.63 39.57 37.72 36.09 34.70 33.48 32.36 31.33 30.40 29.56 28.81 28.15 27.57 27.07 26.66 26.32 26.06 25.88 25.75 25.66 25.61 25.61 25.63 25.69 25.79 25.91 26.07 26.26 26.47 26.72 26.98 27.27 27.59 27.92 28.28 28.65 29.04 29.45 29.88 30.31 30.76 31.22 31.69 32.17 32.64 33.10 33.54 33.99 34.42 34.85 35.28 35.71 36.14 36.58 37.03 37.48 37.95 38.42 38.88 39.33 39.77 40.20 40.62 41.02 41.41 41.78 42.13 42.47
67.18 63.90 60.70 57.59 54.60 51.73 48.99 46.41 43.99 41.75 39.70 37.86 36.24 34.85 33.62 32.50 31.47 30.53 29.68 28.92 28.25 27.66 27.15 26.72 26.37 26.09 25.88 25.75 25.67 25.63 25.63 25.66 25.73 25.83 25.96 26.12 26.31 26.53 26.77 27.04 27.33 27.65 27.99 28.34 28.71 29.11 29.51 29.93 30.37 30.81 31.27 31.73 32.19 32.63 33.07 33.49 33.91 34.33 34.74 35.15 35.57 35.99 36.41 36.85 37.29 37.75 38.22 38.68 39.12 39.56 39.98 40.39 40.79 41.18 41.55 41.90 42.24
67.01 63.78 60.62 57.56 54.61 51.77 49.07 46.51 44.12 41.90 39.87 38.03 36.42 35.03 33.80 32.67 31.64 30.70 29.84 29.07 28.39 27.79 27.27 26.83 26.46 26.16 25.94 25.79 25.70 25.66 25.67 25.71 25.78 25.88 26.02 26.19 26.38 26.60 26.85 27.12 27.41 27.72 28.06 28.41 28.79 29.18 29.58 30.00 30.43 30.87 31.32 31.76 32.19 32.61 33.02 33.42 33.82 34.21 34.61 35.00 35.40 35.81 36.22 36.65 37.09 37.54 38.00 38.45 38.89 39.32 39.74 40.15 40.55 40.93 41.29 41.65 41.98
66.84 63.66 60.56 57.54 54.63 51.83 49.16 46.64 44.27 42.07 40.05 38.23 36.62 35.23 34.01 32.88 31.84 30.90 30.04 29.26 28.57 27.96 27.43 26.98 26.59 26.29 26.05 25.88 25.77 25.73 25.73 25.78 25.85 25.96 26.10 26.27 26.47 26.69 26.94 27.21 27.50 27.81 28.15 28.50 28.87 29.26 29.66 30.07 30.49 30.93 31.36 31.77 32.18 32.57 32.95 33.33 33.71 34.08 34.46 34.84 35.22 35.62 36.02 36.43 36.86 37.31 37.76 38.21 38.64 39.07 39.48 39.89 40.28 40.66 41.02 41.37 41.71
66.68 63.56 60.50 57.54 54.67 51.91 49.27 46.77 44.43 42.25 40.25 38.45 36.85 35.46 34.24 33.11 32.08 31.13 30.26 29.49 28.79 28.17 27.63 27.17 26.78 26.45 26.20 26.01 25.89 25.83 25.83 25.87 25.95 26.07 26.21 26.38 26.57 26.80 27.04 27.31 27.61 27.92 28.25 28.60 28.97 29.35 29.75 30.15 30.57 30.99 31.38 31.77 32.15 32.51 32.87 33.23 33.58 33.94 34.29 34.66 35.02 35.40 35.79 36.20 36.62 37.06 37.50 37.94 38.37 38.80 39.21 39.61 40.00 40.37 40.73 41.08 41.41
66.52 63.45 60.45 57.53 54.71 51.99 49.39 46.93 44.61 42.45 40.47 38.68 37.09 35.72 34.50 33.37 32.34 31.39 30.52 29.74 29.04 28.42 27.87 27.40 27.00 26.66 26.40 26.20 26.06 25.98 25.96 26.00 26.08 26.19 26.34 26.51 26.70 26.93 27.17 27.44 27.73 28.04 28.37 28.72 29.08 29.46 29.85 30.25 30.65 31.03 31.40 31.75 32.10 32.44 32.77 33.11 33.44 33.77 34.11 34.46 34.81 35.17 35.55 35.95 36.36 36.79 37.23 37.66 38.09 38.51 38.91 39.31 39.69 40.07 40.43 40.77 41.10
66.35 63.35 60.41 57.54 54.76 52.08 49.52 47.09 44.80 42.67 40.71 38.94 37.36 35.99 34.78 33.66 32.62 31.68 30.81 30.03 29.33 28.70 28.15 27.67 27.26 26.91 26.64 26.42 26.27 26.18 26.14 26.16 26.23 26.35 26.49 26.66 26.86 27.08 27.33 27.59 27.88 28.19 28.51 28.86 29.21 29.58 29.97 30.34 30.71 31.06 31.39 31.72 32.04 32.35 32.66 32.97 33.28 33.59 33.91 34.24 34.58 34.93 35.30 35.68 36.08 36.51 36.94 37.37 37.79 38.20 38.60 39.00 39.38 39.75 40.10 40.45 40.77
66.19 63.24 60.36 57.54 54.81 52.18 49.65 47.26 45.00 42.90 40.96 39.20 37.64 36.28 35.08 33.96 32.93 31.99 31.13 30.34 29.64 29.01 28.45 27.97 27.55 27.20 26.91 26.69 26.53 26.42 26.37 26.37 26.43 26.53 26.67 26.84 27.04 27.26 27.50 27.77 28.05 28.35 28.67 29.01 29.36 29.73 30.08 30.43 30.75 31.07 31.37 31.67 31.96 32.25 32.53 32.82 33.11 33.40 33.70 34.01 34.33 34.67 35.03 35.40 35.79 36.21 36.64 37.06 37.47 37.88 38.28 38.67 39.04 39.41 39.76 40.10 40.43
66.02 63.14 60.31 57.54 54.86 52.27 49.79 47.43 45.21 43.13 41.22 39.48 37.94 36.59 35.39 34.28 33.26 32.32 31.46 30.68 29.98 29.35 28.79 28.30 27.88 27.52 27.23 27.00 26.82 26.70 26.64 26.63 26.67 26.75 26.88 27.05 27.25 27.46 27.70 27.96 28.24 28.54 28.86 29.19 29.53 29.87 30.19 30.50 30.79 31.07 31.34 31.61 31.87 32.13 32.39 32.65 32.92 33.19 33.47 33.77 34.08 34.40 34.74 35.10 35.49 35.90 36.32 36.73 37.14 37.55 37.94 38.32 38.70 39.06 39.41 39.75 40.07
65.84 63.02 60.25 57.54 54.91 52.37 49.93 47.61 45.42 43.38 41.49 39.77 38.24 36.91 35.72 34.62 33.61 32.68 31.82 31.04 30.34 29.71 29.15 28.66 28.24 27.88 27.58 27.34 27.15 27.03 26.95 26.93 26.95 27.02 27.14 27.29 27.48 27.69 27.93 28.19 28.46 28.75 29.06 29.38 29.70 30.00 30.28 30.55 30.81 31.06 31.30 31.54 31.77 32.00 32.24 32.48 32.72 32.97 33.24 33.51 33.81 34.12 34.44 34.80 35.17 35.57 35.99 36.40 36.80 37.20 37.59 37.97 38.34 38.70 39.05 39.38 39.70
65.65 62.89 60.19 57.54 54.96 52.46 50.07 47.79 45.64 43.62 41.76 40.07 38.56 37.24 36.07 34.98 33.97 33.05 32.20 31.43 30.73 30.10 29.54 29.05 28.62 28.26 27.96 27.71 27.52 27.38 27.30 27.26 27.28 27.33 27.43 27.57 27.75 27.96 28.19 28.44 28.71 28.99 29.29 29.59 29.86 30.12 30.37 30.60 30.82 31.04 31.25 31.45 31.66 31.86 32.07 32.29 32.51 32.74 32.99 33.25 33.52 33.82 34.14 34.48 34.84 35.24 35.65 36.05 36.45 36.84 37.22 37.60 37.97 38.32 38.67 39.00 39.32
65.44 62.76 60.11 57.52 55.00 52.55 50.21 47.97 45.85 43.87 42.04 40.37 38.88 37.58 36.42 35.34 34.35 33.43 32.59 31.82 31.13 30.51 29.95 29.46 29.04 28.67 28.36 28.11 27.92 27.78 27.68 27.64 27.64 27.68 27.77 27.89 28.06 28.25 28.47 28.72 28.98 29.26 29.53 29.78 30.02 30.24 30.44 30.64 30.83 31.01 31.19 31.36 31.54 31.72 31.90 32.09 32.29 32.50 32.73 32.97 33.23 33.51 33.82 34.15 34.50 34.89 35.29 35.69 36.08 36.47 36.85 37.22 37.58 37.94 38.28 38.61 38.93
65.22 62.61 60.03 57.49 55.03 52.64 50.34 48.14 46.06 44.12 42.32 40.68 39.21 37.92 36.78 35.71 34.73 33.83 33.00 32.24 31.55 30.94 30.38 29.90 29.47 29.11 28.80 28.55 28.35 28.20 28.10 28.05 28.04 28.07 28.15 28.26 28.40 28.58 28.80 29.03 29.28 29.53 29.76 29.97 30.16 30.34 30.51 30.67 30.82 30.97 31.12 31.26 31.41 31.56 31.72 31.88 32.06 32.25 32.46 32.69 32.93 33.20 33.49 33.81 34.16 34.54 34.93 35.32 35.71 36.09 36.46 36.83 37.19 37.54 37.88 38.21 38.52
64.99 62.44 59.92 57.45 55.04 52.71 50.46 48.31 46.27 44.36 42.59 40.98 39.54 38.27 37.14 36.09 35.12 34.23 33.41 32.67 31.99 31.38 30.83 30.35 29.93 29.57 29.26 29.01 28.80 28.65 28.55 28.49 28.47 28.50 28.56 28.66 28.79 28.96 29.15 29.37 29.59 29.80 29.98 30.15 30.30 30.44 30.57 30.69 30.81 30.92 31.04 31.15 31.27 31.39 31.53 31.67 31.83 32.00 32.19 32.39 32.62 32.88 33.15 33.46 33.80 34.17 34.56 34.94 35.33 35.70 36.07 36.43 36.79 37.13 37.47 37.79 38.11
64.73 62.25 59.81 57.40 55.05 52.77 50.57 48.46 46.47 44.60 42.86 41.28 39.86 38.62 37.51 36.48 35.52 34.64 33.84 33.10 32.44 31.84 31.30 30.82 30.40 30.04 29.74 29.49 29.28 29.13 29.02 28.96 28.94 28.95 29.01 29.10 29.22 29.37 29.55 29.73 29.90 30.06 30.20 30.32 30.43 30.53 30.62 30.71 30.79 30.87 30.95 31.04 31.13 31.22 31.33 31.45 31.58 31.73 31.90 32.09 32.31 32.54 32.81 33.11 33.44 33.80 34.18 34.56 34.94 35.31 35.67 36.03 36.38 36.72 37.05 37.37 37.69
64.45 62.04 59.67 57.33 55.04 52.81 50.66 48.61 46.66 44.82 43.13 41.57 40.18 38.96 37.87 36.86 35.92 35.06 34.27 33.55 32.89 32.30 31.77 31.31 30.89 30.54 30.24 29.99 29.79 29.63 29.52 29.46 29.43 29.44 29.49 29.57 29.68 29.82 29.96 30.09 30.21 30.32 30.41 30.49 30.56 30.62 30.67 30.72 30.77 30.81 30.86 30.92 30.98 31.05 31.13 31.22 31.33 31.46 31.61 31.79 31.98 32.21 32.46 32.75 33.07 33.42 33.80 34.17 34.54 34.90 35.26 35.62 35.96 36.30 36.63 36.95 37.26
64.14 61.81 59.50 57.23 55.00 52.84 50.74 48.74 46.83 45.04 43.38 41.86 40.50 39.30 38.23 37.24 36.32 35.48 34.71 34.00 33.36 32.78 32.26 31.80 31.40 31.05 30.75 30.51 30.31 30.16 30.05 29.98 29.95 29.96 30.00 30.07 30.17 30.28 30.37 30.45 30.52 30.57 30.62 30.65 30.68 30.70 30.71 30.73 30.74 30.75 30.77 30.79 30.82 30.87 30.92 30.99 31.08 31.19 31.32 31.47 31.66 31.87 32.11 32.38 32.69 33.04 33.41 33.77 34.14 34.50 34.85 35.20 35.54 35.87 36.20 36.52 36.82
63.80 61.55 59.32 57.11 54.95 52.84 50.80 48.85 46.99 45.24 43.62 42.14 40.81 39.63 38.59 37.62 36.72 35.90 35.14 34.45 33.82 33.26 32.75 32.31 31.91 31.57 31.28 31.04 30.85 30.70 30.59 30.52 30.49 30.50 30.54 30.60 30.67 30.73 30.77 30.80 30.82 30.82 30.82 30.81 30.80 30.78 30.75 30.73 30.70 30.68 30.67 30.66 30.66 30.68 30.71 30.76 30.82 30.91 31.02 31.16 31.32 31.52 31.75 32.01 32.31 32.65 33.01 33.37 33.73 34.08 34.43 34.78 35.11 35.44 35.76 36.08 36.38
63.44 61.26 59.10 56.97 54.87 52.82 50.84 48.94 47.13 45.43 43.85 42.40 41.10 39.96 38.94 37.99 37.12 36.31 35.58 34.90 34.29 33.74 33.25 32.82 32.44 32.11 31.83 31.59 31.40 31.26 31.15 31.09 31.06 31.06 31.09 31.13 31.15 31.16 31.15 31.14 31.11 31.07 31.03 30.97 30.92 30.86 30.79 30.73 30.67 30.62 30.57 30.53 30.50 30.49 30.50 30.52 30.56 30.63 30.72 30.84 30.99 31.17 31.39 31.64 31.93 32.26 32.61 32.97 33.32 33.67 34.01 34.35 34.68 35.01 35.33 35.64 35.94
63.04 60.94 58.86 56.80 54.77 52.78 50.86 49.01 47.26 45.60 44.06 42.65 41.38 40.27 39.27 38.35 37.50 36.72 36.01 35.35 34.76 34.23 33.75 33.33 32.97 32.65 32.38 32.15 31.97 31.83 31.73 31.67 31.64 31.64 31.65 31.64 31.61 31.58 31.52 31.46 31.39 31.31 31.22 31.13 31.03 30.93 30.83 30.73 30.64 30.55 30.47 30.40 30.34 30.30 30.28 30.28 30.30 30.35 30.42 30.52 30.65 30.82 31.02 31.26 31.54 31.87 32.21 32.56 32.90 33.25 33.59 33.92 34.25 34.57 34.89 35.19 35.49
62.60 60.59 58.58 56.59 54.63 52.71 50.85 49.06 47.36 45.75 44.25 42.88 41.65 40.57 39.60 38.71 37.88 37.12 36.43 35.80 35.23 34.71 34.26 33.85 33.50 33.19 32.93 32.72 32.55 32.42 32.32 32.27 32.24 32.21 32.18 32.12 32.05 31.97 31.88 31.77 31.66 31.54 31.41 31.28 31.14 31.01 30.87 30.73 30.60 30.48 30.37 30.27 30.18 30.11 30.07 30.04 30.04 30.06 30.12 30.20 30.32 30.47 30.66 30.89 31.16 31.47 31.81 32.15 32.49 32.83 33.16 33.49 33.81 34.13 34.44 34.75 35.04
62.13 60.20 58.27 56.36 54.46 52.61 50.81 49.08 47.43 45.87 44.42 43.09 41.89 40.85 39.91 39.04 38.25 37.51 36.85 36.24 35.69 35.19 34.75 34.37 34.03 33.74 33.50 33.29 33.13 33.01 32.93 32.87 32.82 32.75 32.67 32.57 32.46 32.34 32.21 32.06 31.91 31.75 31.59 31.42 31.25 31.07 30.90 30.73 30.57 30.41 30.26 30.13 30.02 29.93 29.85 29.80 29.78 29.78 29.81 29.88 29.98 30.12 30.29 30.51 30.77 31.08 31.41 31.74 32.07 32.41 32.73 33.06 33.38 33.69 34.00 34.30 34.59
61.61 59.77 57.92 56.08 54.26 52.48 50.75 49.07 47.48 45.97 44.56 43.28 42.12 41.11 40.20 39.37 38.60 37.89 37.25 36.67 36.14 35.67 35.25 34.88 34.56 34.29 34.06 33.87 33.72 33.61 33.53 33.46 33.36 33.26 33.13 32.99 32.84 32.68 32.51 32.33 32.14 31.95 31.75 31.54 31.34 31.14 30.93 30.73 30.53 30.34 30.16 30.00 29.86 29.74 29.64 29.56 29.52 29.50 29.51 29.56 29.64 29.76 29.93 30.13 30.38 30.68 31.01 31.33 31.66 31.98 32.31 32.63 32.94 33.25 33.56 33.85 34.14
61.05 59.30 57.53 55.77 54.03 52.31 50.64 49.03 47.49 46.04 44.68 43.44 42.32 41.34 40.47 39.67 38.93 38.25 37.64 37.08 36.58 36.13 35.74 35.39 35.09 34.83 34.62 34.45 34.31 34.21 34.11 34.00 33.87 33.72 33.56 33.38 33.19 32.99 32.79 32.57 32.35 32.12 31.89 31.65 31.42 31.18 30.95 30.72 30.50 30.28 30.07 29.88 29.70 29.55 29.43 29.33 29.26 29.22 29.21 29.24 29.31 29.42 29.57 29.76 30.00 30.29 30.61 30.93 31.25 31.57 31.88 32.20 32.51 32.81 33.11 33.41 33.69
60.45 58.78 57.10 55.42 53.75 52.11 50.51 48.96 47.48 46.08 44.77 43.57 42.50 41.56 40.72 39.95 39.24 38.60 38.01 37.48 37.01 36.58 36.21 35.89 35.61 35.37 35.18 35.02 34.90 34.78 34.65 34.49 34.32 34.14 33.94 33.73 33.50 33.27 33.03 32.78 32.53 32.27 32.01 31.75 31.48 31.22 30.96 30.70 30.45 30.21 29.97 29.75 29.55 29.37 29.22 29.10 29.00 28.94 28.92 28.93 28.98 29.07 29.21 29.39 29.62 29.90 30.21 30.52 30.84 31.15 31.46 31.77 32.08 32.38 32.67 32.96 33.25
59.80 58.22 56.62 55.02 53.43 51.86 50.33 48.84 47.42 46.08 44.83 43.68 42.64 41.74 40.94 40.21 39.53 38.92 38.37 37.87 37.42 37.02 36.68 36.38 36.12 35.90 35.73 35.59 35.45 35.30 35.13 34.94 34.73 34.51 34.28 34.03 33.78 33.51 33.24 32.96 32.68 32.39 32.10 31.81 31.53 31.24 30.95 30.68 30.40 30.14 29.88 29.63 29.40 29.20 29.02 28.87 28.75 28.67 28.62 28.62 28.65 28.73 28.85 29.02 29.24 29.52 29.82 30.12 30.43 30.74 31.04 31.35 31.65 31.94 32.24 32.52 32.80
59.10 57.61 56.10 54.58 53.07 51.57 50.11 48.69 47.33 46.05 44.85 43.75 42.76 41.90 41.14 40.44 39.80 39.22 38.70 38.23 37.81 37.45 37.13 36.85 36.62 36.43 36.27 36.12 35.95 35.76 35.55 35.33 35.09 34.83 34.57 34.29 34.01 33.72 33.41 33.11 32.80 32.49 32.17 31.86 31.55 31.24 30.93 30.63 30.34 30.05 29.78 29.51 29.26 29.03 28.82 28.65 28.51 28.40 28.34 28.31 28.33 28.39 28.50 28.66 28.87 29.14 29.43 29.73 30.03 30.33 30.63 30.93 31.22 31.52 31.80 32.09 32.37
